geotop/1.0zi/1.0Montebello/Templates/Dripsey/maps/_Eocsand0106.asc
ncols         69
nrows         152
xllcorner     146499.907223
yllcorner     75332.943423
cellsize      50.000000
NODATA_value  -9999.0
[rows 56 to 83 of 152, columns 0 to 62 of 69]
0.000000 0.000000 0.300154 0.300118 0.300091 0.300029 0.300000 0.300162 0.300049 0.300150 0.299773 0.300110 0.300189 0.299666 0.300202 0.300090 0.300122 0.300109 0.300115 0.300121 0.300172 0.300057 0.300120 0.300000 0.300055 0.300249 0.300086 0.300112 0.300113 0.300046 0.300197 0.300055 0.300100 0.300048 0.300028 0.300091 0.300043 0.300128 0.300087 0.300157 0.300103 0.300037 0.300169 0.300120 0.300000 0.300250 0.300084 0.300145 0.300185 0.300333 0.300050 0.300207 0.299828 0.299977 0.300009 0.300018 0.300057 0.300077 0.300098 0.300025 0.300059 0.000000 0.000000
0.000000 0.000000 0.000000 0.300075 0.300159 0.300109 0.300104 0.300116 0.300084 0.300143 0.300049 0.299931 0.299744 0.300115 0.300114 0.300059 0.300168 0.300105 0.300166 0.300103 0.300078 0.300112 0.300079 0.300000 0.300233 0.300119 0.299892 0.300092 0.299843 0.300126 0.300141 0.300140 0.300150 0.300106 0.300121 0.300160 0.300064 0.300114 0.300112 0.300123 0.300071 0.299710 0.300176 0.300000 0.299838 0.300058 0.300179 0.300076 0.300221 0.300454 0.300058 0.300140 0.300002 0.300197 0.300122 0.300157 0.300198 0.300121 0.300117 0.300102 0.000000 0.000000 0.000000
0.000000 0.000000 0.000000 0.300146 0.300064 0.300113 0.300165 0.300122 0.300122 0.300126 0.300019 0.300154 0.300158 0.300065 0.300228 0.300153 0.299873 0.300143 0.300047 0.300176 0.299960 0.300238 0.300037 0.299796 0.300000 0.300251 0.300129 0.300284 0.300129 0.300118 0.300139 0.299985 0.300179 0.300037 0.300026 0.300166 0.299716 0.300088 0.300098 0.300087 0.300112 0.300140 0.300038 0.300000 0.300082 0.300097 0.300205 0.300344 0.300112 0.300095 0.299984 0.300000 0.300001 0.300001 0.300001 0.300001 0.300118 0.300096 0.300181 0.000000 0.000000 0.000000 0.000000
0.000000 0.000000 0.000000 0.300146 0.300102 0.300135 0.300037 0.300137 0.299785 0.300019 0.299979 0.300143 0.300083 0.299558 0.300518 0.298645 0.300421 0.299308 0.300267 0.299703 0.299563 0.300140 0.300210 0.300081 0.300000 0.300134 0.299794 0.300098 0.299936 0.300120 0.300091 0.300138 0.300048 0.300224 0.300230 0.300101 0.300130 0.299558 0.300175 0.300072 0.300108 0.300092 0.300049 0.300000 0.299703 0.300083 0.300020 0.300286 0.300169 0.300209 0.300002 0.300024 0.300001 0.000000 0.000000 0.000000 0.000000 0.000000 0.000000 0.000000 0.000000 0.000000 0.000000
0.000000 0.000000 0.000000 0.300161 0.300051 0.300038 0.299983 0.299940 0.300113 0.300140 0.299979 0.300066 0.300032 0.299817 0.299220 0.300087 0.300208 0.300134 0.300111 0.300178 0.299981 0.300588 0.299875 0.300118 0.300000 0.299598 0.300149 0.300203 0.300136 0.300117 0.300199 0.300118 0.300181 0.300026 0.300021 0.300146 0.300074 0.300212 0.299397 0.300219 0.300106 0.300135 0.300000 0.300023 0.300215 0.300073 0.300210 0.300348 0.300053 0.300082 0.300003 0.300001 0.000000 0.000000 0.000000 0.000000 0.000000 0.000000 0.000000 0.000000 0.000000 0.000000 0.000000
0.000000 0.000000 0.000000 0.000000 0.000000 0.300123 0.300128 0.300196 0.300162 0.300116 0.300155 0.300158 0.299922 0.300134 0.300105 0.300150 0.300110 0.300179 0.300166 0.300084 0.300095 0.299764 0.300165 0.298900 0.300173 0.300000 0.300216 0.300156 0.299832 0.300094 0.300116 0.300109 0.300121 0.300172 0.300201 0.300080 0.300175 0.300125 0.300143 0.300487 0.300149 0.300000 0.299953 0.300122 0.300137 0.300127 0.300196 0.300393 0.300000 0.300002 0.300002 0.300001 0.000000 0.000000 0.000000 0.000000 0.000000 0.000000 0.000000 0.000000 0.000000 0.000000 0.000000
0.000000 0.000000 0.000000 0.000000 0.000000 0.000000 0.300112 0.300094 0.300077 0.300052 0.300143 0.300105 0.300200 0.300109 0.300100 0.300051 0.300227 0.300110 0.300056 0.300129 0.300371 0.299781 0.299581 0.300164 0.300092 0.299476 0.300000 0.300124 0.300124 0.300142 0.300178 0.299914 0.300181 0.299997 0.300024 0.300109 0.300137 0.300167 0.300112 0.300096 0.300000 0.300200 0.300110 0.300186 0.300106 0.300241 0.300044 0.300159 0.300034 0.300192 0.300001 0.300074 0.300001 0.000000 0.000000 0.000000 0.000000 0.000000 0.000000 0.000000 0.000000 0.000000 0.000000
0.000000 0.000000 0.000000 0.000000 0.000000 0.000000 0.000000 0.300108 0.300111 0.300061 0.300205 0.300138 0.300069 0.300158 0.300096 0.300056 0.300209 0.299956 0.299784 0.300085 0.300156 0.300167 0.300134 0.300210 0.300338 0.300168 0.300000 0.299765 0.300146 0.300177 0.299809 0.300131 0.300054 0.300158 0.300152 0.300101 0.300110 0.300053 0.300089 0.300000 0.299471 0.300452 0.299557 0.299837 0.300141 0.300094 0.300112 0.300187 0.300056 0.300191 0.300190 0.300247 0.300065 0.000000 0.000000 0.000000 0.000000 0.000000 0.000000 0.000000 0.000000 0.000000 0.000000
0.000000 0.000000 0.000000 0.000000 0.000000 0.000000 0.000000 0.000000 0.300078 0.300063 0.300121 0.300133 0.300149 0.300104 0.300110 0.300165 0.300034 0.300134 0.300133 0.300054 0.300221 0.300133 0.300052 0.299565 0.300171 0.300129 0.300107 0.300000 0.300138 0.300234 0.300146 0.300220 0.300085 0.300108 0.300099 0.300046 0.300127 0.300135 0.300178 0.300000 0.300160 0.300220 0.300074 0.300177 0.300000 0.300054 0.300153 0.300116 0.300197 0.300197 0.300233 0.300114 0.300259 0.000000 0.000000 0.000000 0.000000 0.000000 0.000000 0.000000 0.000000 0.000000 0.000000
0.000000 0.000000 0.000000 0.000000 0.000000 0.000000 0.000000 0.000000 0.000000 0.300034 0.300126 0.300119 0.300155 0.300117 0.300017 0.300155 0.300082 0.300116 0.300005 0.300090 0.300109 0.299383 0.299653 0.300128 0.300132 0.300234 0.299865 0.299883 0.300000 0.299423 0.300138 0.300206 0.300079 0.299938 0.299894 0.300070 0.300159 0.300145 0.300000 0.300125 0.300142 0.300299 0.300004 0.300055 0.300126 0.300111 0.300113 0.300198 0.300124 0.300122 0.300116 0.300097 0.000000 0.000000 0.000000 0.000000 0.000000 0.000000 0.000000 0.000000 0.000000 0.000000 0.000000
0.000000 0.000000 0.000000 0.000000 0.000000 0.000000 0.000000 0.000000 0.000000 0.300128 0.300146 0.300064 0.300187 0.300054 0.300130 0.300001 0.300135 0.300187 0.300148 0.300171 0.299556 0.300165 0.300075 0.300152 0.300003 0.299917 0.300211 0.300184 0.300061 0.300000 0.300012 0.300084 0.300219 0.300229 0.300284 0.300130 0.300041 0.300000 0.300091 0.300040 0.300093 0.300199 0.300058 0.300179 0.300099 0.300210 0.300085 0.300084 0.300106 0.300089 0.300112 0.300242 0.000000 0.000000 0.000000 0.000000 0.000000 0.000000 0.000000 0.000000 0.000000 0.000000 0.000000
0.000000 0.000000 0.000000 0.000000 0.000000 0.000000 0.000000 0.000000 0.000000 0.300128 0.300113 0.300062 0.300088 0.300104 0.300123 0.300040 0.300181 0.300218 0.299889 0.299929 0.300138 0.300190 0.300094 0.300055 0.299749 0.300165 0.299953 0.299885 0.299433 0.299486 0.300000 0.300051 0.300121 0.299944 0.299984 0.300026 0.300000 0.300007 0.300066 0.300159 0.300086 0.300131 0.300087 0.300097 0.300088 0.300103 0.300090 0.300144 0.300036 0.300104 0.300164 0.000000 0.000000 0.000000 0.000000 0.000000 0.000000 0.000000 0.000000 0.000000 0.000000 0.000000 0.000000
0.000000 0.000000 0.000000 0.000000 0.000000 0.000000 0.000000 0.000000 0.000000 0.300110 0.300144 0.300192 0.300097 0.300091 0.300153 0.300090 0.300159 0.300090 0.300188 0.300133 0.300023 0.300033 0.300216 0.300116 0.300113 0.300114 0.300129 0.300012 0.300156 0.299887 0.299538 0.300000 0.299989 0.299599 0.299573 0.299797 0.300000 0.300358 0.300001 0.299909 0.300111 0.300056 0.300146 0.300092 0.300096 0.300001 0.300221 0.299764 0.300097 0.300046 0.000000 0.000000 0.000000 0.000000 0.000000 0.000000 0.000000 0.000000 0.000000 0.000000 0.000000 0.000000 0.000000
0.000000 0.000000 0.000000 0.000000 0.000000 0.000000 0.000000 0.000000 0.000000 0.300113 0.300033 0.300197 0.300097 0.300095 0.300091 0.300095 0.300145 0.300086 0.300147 0.300084 0.300118 0.300101 0.300169 0.300115 0.300146 0.300112 0.300118 0.300137 0.300196 0.300181 0.299766 0.300000 0.299982 0.300058 0.300181 0.300000 0.300005 0.300353 0.300001 0.300078 0.300108 0.300184 0.300114 0.300100 0.300103 0.300111 0.300036 0.300042 0.300088 0.300079 0.000000 0.000000 0.000000 0.000000 0.000000 0.000000 0.000000 0.000000 0.000000 0.000000 0.000000 0.000000 0.000000
0.000000 0.000000 0.000000 0.000000 0.000000 0.000000 0.000000 0.000000 0.000000 0.300171 0.299895 0.300092 0.300198 0.300090 0.300076 0.300131 0.300109 0.300081 0.300212 0.300143 0.300138 0.300063 0.300104 0.300150 0.300194 0.300130 0.300120 0.300009 0.300179 0.300080 0.300187 0.300167 0.300000 0.300033 0.300000 0.299845 0.300019 0.300145 0.300075 0.300148 0.300098 0.299721 0.300141 0.300013 0.300101 0.300026 0.300043 0.299742 0.300120 0.300235 0.000000 0.000000 0.000000 0.000000 0.000000 0.000000 0.000000 0.000000 0.000000 0.000000 0.000000 0.000000 0.000000
0.000000 0.000000 0.000000 0.000000 0.000000 0.000000 0.000000 0.000000 0.300084 0.300090 0.300130 0.300251 0.300075 0.300149 0.300096 0.300139 0.300111 0.300079 0.299996 0.300153 0.300100 0.300101 0.300141 0.300095 0.300037 0.300162 0.300070 0.300065 0.300174 0.300142 0.300154 0.300101 0.300000 0.300000 0.300000 0.300000 0.300000 0.300000 0.300000 0.300000 0.300000 0.300000 0.299139 0.299762 0.299492 0.299655 0.300095 0.300136 0.300161 0.000000 0.000000 0.000000 0.000000 0.000000 0.000000 0.000000 0.000000 0.000000 0.000000 0.000000 0.000000 0.000000 0.000000
0.000000 0.000000 0.000000 0.000000 0.000000 0.000000 0.000000 0.300155 0.300157 0.300122 0.300122 0.299953 0.300074 0.300137 0.300186 0.300147 0.299927 0.299522 0.299459 0.300091 0.299995 0.300152 0.300157 0.300142 0.300109 0.300084 0.300084 0.300108 0.300088 0.300117 0.300044 0.300102 0.299798 0.300000 0.299814 0.300016 0.300155 0.300157 0.300072 0.299942 0.300214 0.299844 0.298645 0.299613 0.300140 0.300045 0.300046 0.300052 0.300163 0.000000 0.000000 0.000000 0.000000 0.000000 0.000000 0.000000 0.000000 0.000000 0.000000 0.000000 0.000000 0.000000 0.000000
0.000000 0.000000 0.000000 0.000000 0.000000 0.000000 0.000000 0.300122 0.300104 0.300151 0.300068 0.300181 0.300005 0.300108 0.300157 0.300058 0.300134 0.300106 0.300169 0.299707 0.300120 0.300099 0.300119 0.300066 0.300156 0.300108 0.300141 0.300031 0.300171 0.300130 0.300150 0.300102 0.300000 0.300034 0.300257 0.299672 0.300303 0.300272 0.300200 0.300292 0.300083 0.300226 0.299937 0.299010 0.299907 0.300146 0.300178 0.300085 0.300174 0.000000 0.000000 0.000000 0.000000 0.000000 0.000000 0.000000 0.000000 0.000000 0.000000 0.000000 0.000000 0.000000 0.000000
0.000000 0.000000 0.000000 0.000000 0.000000 0.000000 0.000000 0.300054 0.300106 0.300114 0.300032 0.300155 0.299944 0.300029 0.300142 0.300194 0.300024 0.300121 0.300129 0.300113 0.300245 0.300049 0.299887 0.300176 0.300118 0.300098 0.300121 0.300053 0.300209 0.300153 0.300106 0.300130 0.300000 0.299951 0.300226 0.300352 0.299876 0.300029 0.299926 0.300001 0.300093 0.300111 0.300081 0.299538 0.300109 0.299943 0.300135 0.300123 0.300099 0.000000 0.000000 0.000000 0.000000 0.000000 0.000000 0.000000 0.000000 0.000000 0.000000 0.000000 0.000000 0.000000 0.000000
0.000000 0.000000 0.000000 0.000000 0.000000 0.000000 0.000000 0.300133 0.300067 0.300186 0.299891 0.300141 0.300196 0.300090 0.300114 0.300073 0.300158 0.300145 0.300143 0.300090 0.300149 0.300556 0.300178 0.300101 0.300127 0.300161 0.300098 0.300059 0.300134 0.300110 0.300206 0.300105 0.300000 0.299867 0.300341 0.300279 0.300022 0.300247 0.300107 0.300100 0.300190 0.300204 0.300021 0.299815 0.300197 0.300190 0.300217 0.300220 0.300051 0.000000 0.000000 0.000000 0.000000 0.000000 0.000000 0.000000 0.000000 0.000000 0.000000 0.000000 0.000000 0.000000 0.000000
0.000000 0.000000 0.000000 0.000000 0.000000 0.000000 0.000000 0.300169 0.299911 0.300110 0.300157 0.299655 0.299967 0.300079 0.300132 0.300174 0.300147 0.300084 0.300082 0.300199 0.299908 0.300173 0.299918 0.300163 0.300073 0.300132 0.300133 0.300135 0.300141 0.300119 0.299893 0.300000 0.300182 0.300350 0.299791 0.300052 0.299996 0.300098 0.300024 0.300058 0.300075 0.300021 0.300150 0.298953 0.300138 0.300185 0.300001 0.300055 0.000000 0.000000 0.000000 0.000000 0.000000 0.000000 0.000000 0.000000 0.000000 0.000000 0.000000 0.000000 0.000000 0.000000 0.000000
0.000000 0.000000 0.000000 0.000000 0.000000 0.000000 0.000000 0.300105 0.299913 0.300121 0.300143 0.300161 0.298853 0.300119 0.300033 0.300081 0.300189 0.300157 0.300139 0.300103 0.300125 0.299359 0.300120 0.300150 0.300066 0.299891 0.300097 0.300112 0.300117 0.300130 0.300000 0.299987 0.300329 0.300295 0.299975 0.300299 0.300121 0.300172 0.300083 0.300070 0.300188 0.300122 0.299231 0.299807 0.300180 0.300246 0.300001 0.300001 0.000000 0.000000 0.000000 0.000000 0.000000 0.000000 0.000000 0.000000 0.000000 0.000000 0.000000 0.000000 0.000000 0.000000 0.000000
0.000000 0.000000 0.000000 0.000000 0.000000 0.000000 0.000000 0.300131 0.300072 0.300060 0.300193 0.300123 0.299576 0.300157 0.300154 0.300180 0.300130 0.299985 0.300076 0.300113 0.300082 0.299869 0.300164 0.300141 0.300084 0.300124 0.300184 0.300134 0.299652 0.300068 0.300000 0.300339 0.300002 0.300104 0.299947 0.300127 0.300000 0.300001 0.300001 0.300001 0.300188 0.300150 0.299948 0.299847 0.300131 0.300181 0.300001 0.000000 0.000000 0.000000 0.000000 0.000000 0.000000 0.000000 0.000000 0.000000 0.000000 0.000000 0.000000 0.000000 0.000000 0.000000 0.000000
0.000000 0.000000 0.000000 0.000000 0.000000 0.000000 0.000000 0.300184 0.300133 0.300049 0.299393 0.299628 0.299878 0.300000 0.300000 0.300000 0.299588 0.300059 0.300001 0.300008 0.300156 0.299011 0.300124 0.300113 0.300126 0.299836 0.300117 0.299912 0.300176 0.300000 0.299970 0.300239 0.300043 0.300345 0.300002 0.300156 0.300001 0.300001 0.300015 0.300099 0.300097 0.300152 0.299832 0.299858 0.300149 0.300150 0.300105 0.000000 0.000000 0.000000 0.000000 0.000000 0.000000 0.000000 0.000000 0.000000 0.000000 0.000000 0.000000 0.000000 0.000000 0.000000 0.000000
0.000000 0.000000 0.000000 0.000000 0.000000 0.000000 0.000000 0.000000 0.300161 0.300187 0.300179 0.300124 0.298839 0.300095 0.300125 0.300001 0.300000 0.300000 0.300327 0.300276 0.300133 0.300409 0.300114 0.300174 0.300135 0.300212 0.300289 0.300132 0.299733 0.300000 0.300096 0.300266 0.299907 0.300163 0.300054 0.300194 0.300001 0.300010 0.300137 0.300141 0.300186 0.300130 0.300076 0.300069 0.300118 0.300156 0.000000 0.000000 0.000000 0.000000 0.000000 0.000000 0.000000 0.000000 0.000000 0.000000 0.000000 0.000000 0.000000 0.000000 0.000000 0.000000 0.000000
0.000000 0.000000 0.000000 0.000000 0.000000 0.000000 0.000000 0.000000 0.299963 0.300151 0.300158 0.300165 0.300021 0.300240 0.300117 0.300032 0.300253 0.300065 0.300000 0.300101 0.300122 0.299982 0.300110 0.300105 0.300115 0.300120 0.300097 0.300268 0.299418 0.300000 0.300138 0.300330 0.299911 0.300168 0.300001 0.300154 0.300013 0.300057 0.300129 0.300121 0.300169 0.299954 0.300111 0.300048 0.300113 0.300155 0.000000 0.000000 0.000000 0.000000 0.000000 0.000000 0.000000 0.000000 0.000000 0.000000 0.000000 0.000000 0.000000 0.000000 0.000000 0.000000 0.000000
0.000000 0.000000 0.000000 0.000000 0.000000 0.000000 0.000000 0.000000 0.300095 0.300122 0.300109 0.300087 0.299524 0.300063 0.300131 0.300172 0.300096 0.300219 0.300090 0.300000 0.300000 0.300035 0.299935 0.300027 0.300057 0.300181 0.300133 0.300121 0.300000 0.299803 0.300122 0.300152 0.300169 0.300357 0.300007 0.300129 0.300176 0.300188 0.300067 0.300213 0.300142 0.300090 0.300136 0.300005 0.300169 0.300063 0.000000 0.000000 0.000000 0.000000 0.000000 0.000000 0.000000 0.000000 0.000000 0.000000 0.000000 0.000000 0.000000 0.000000 0.000000 0.000000 0.000000
0.000000 0.000000 0.000000 0.000000 0.000000 0.000000 0.000000 0.000000 0.300086 0.300114 0.300182 0.300046 0.300000 0.300123 0.300097 0.300078 0.299981 0.300219 0.300084 0.299970 0.299747 0.300000 0.299889 0.300099 0.299825 0.300134 0.300086 0.300108 0.300000 0.300412 0.299928 0.300898 0.299548 0.300253 0.298957 0.300197 0.299717 0.299920 0.300095 0.300023 0.300230 0.300114 0.300208 0.300140 0.300100 0.000000 0.000000 0.000000 0.000000 0.000000 0.000000 0.000000 0.000000 0.000000 0.000000 0.000000 0.000000 0.000000 0.000000 0.000000 0.000000 0.000000 0.000000
