geotop/1.0zi/1.0Montebello/Templates/Dripsey/maps/_Eocsand0036.asc
ncols         69
nrows         152
xllcorner     146499.907223
yllcorner     75332.943423
cellsize      50.000000
NODATA_value  -9999.0
[rows 56 to 83 of 152, columns 0 to 62 of 69]
0.000000 0.000000 0.300094 0.300074 0.300055 0.300018 0.299998 0.300106 0.300030 0.300084 0.299815 0.300080 0.300116 0.299743 0.300124 0.300067 0.300086 0.300079 0.300068 0.300084 0.300109 0.300047 0.300086 0.300000 0.300037 0.300137 0.300065 0.300064 0.300082 0.300025 0.300119 0.300031 0.300057 0.300025 0.300011 0.300052 0.300021 0.300074 0.300054 0.300098 0.300063 0.300039 0.300101 0.300097 0.300000 0.300137 0.300070 0.300081 0.300130 0.300189 0.300034 0.300140 0.299882 0.299988 0.300005 0.300024 0.300046 0.300056 0.300074 0.300031 0.300060 0.000000 0.000000
0.000000 0.000000 0.000000 0.300050 0.300099 0.300073 0.300063 0.300082 0.300048 0.300099 0.300023 0.299939 0.299791 0.300079 0.300065 0.300053 0.300105 0.300078 0.300094 0.300071 0.300045 0.300091 0.300052 0.300000 0.300142 0.300086 0.299896 0.300044 0.299840 0.300083 0.300095 0.300088 0.300098 0.300071 0.300081 0.300102 0.300043 0.300073 0.300075 0.300082 0.300052 0.299740 0.300098 0.300000 0.299886 0.300051 0.300090 0.300046 0.300117 0.300268 0.300049 0.300104 0.300001 0.300129 0.300088 0.300106 0.300124 0.300077 0.300072 0.300071 0.000000 0.000000 0.000000
0.000000 0.000000 0.000000 0.300090 0.300041 0.300077 0.300108 0.300079 0.300070 0.300080 0.300011 0.300100 0.300101 0.300054 0.300129 0.300099 0.299897 0.300095 0.300025 0.300106 0.299970 0.300136 0.299991 0.299879 0.300000 0.300187 0.300068 0.300195 0.300087 0.300067 0.300093 0.299993 0.300110 0.300017 0.300009 0.300103 0.299800 0.300054 0.300065 0.300064 0.300074 0.300091 0.300082 0.300000 0.300047 0.300056 0.300128 0.300185 0.300092 0.300081 0.299988 0.300000 0.300001 0.300001 0.300001 0.300001 0.300081 0.300069 0.300110 0.000000 0.000000 0.000000 0.000000
0.000000 0.000000 0.000000 0.300091 0.300063 0.300091 0.300020 0.300090 0.299845 0.299981 0.300002 0.300072 0.300050 0.299602 0.300360 0.299164 0.300300 0.299495 0.300136 0.299809 0.299795 0.300099 0.300119 0.300048 0.300000 0.300097 0.299841 0.300054 0.299913 0.300080 0.300046 0.300096 0.300040 0.300158 0.300154 0.300075 0.300090 0.299639 0.300126 0.300057 0.300077 0.300065 0.300018 0.300000 0.299766 0.300062 0.299970 0.300143 0.300113 0.300164 0.300002 0.300017 0.300001 0.000000 0.000000 0.000000 0.000000 0.000000 0.000000 0.000000 0.000000 0.000000 0.000000
0.000000 0.000000 0.000000 0.300102 0.300030 0.300022 0.299979 0.299952 0.300068 0.300088 0.299985 0.300043 0.300015 0.299796 0.299464 0.300031 0.300125 0.300086 0.300070 0.300122 0.299975 0.300267 0.299914 0.300048 0.300000 0.299777 0.300105 0.300146 0.300087 0.300078 0.300122 0.300063 0.300115 0.300011 0.300010 0.300085 0.300044 0.300128 0.299565 0.300132 0.300047 0.300069 0.300000 0.300007 0.300134 0.300036 0.300132 0.300181 0.300046 0.300068 0.300002 0.300000 0.000000 0.000000 0.000000 0.000000 0.000000 0.000000 0.000000 0.000000 0.000000 0.000000 0.000000
0.000000 0.000000 0.000000 0.000000 0.000000 0.300082 0.300071 0.300119 0.300091 0.300073 0.300083 0.300096 0.299942 0.300086 0.300063 0.300099 0.300061 0.300120 0.300096 0.300046 0.300067 0.299819 0.300081 0.299246 0.300218 0.300000 0.300173 0.300096 0.299849 0.300074 0.300085 0.300076 0.300086 0.300107 0.300120 0.300062 0.300115 0.300088 0.300092 0.300298 0.300090 0.300000 0.299953 0.300055 0.300102 0.300053 0.300127 0.300236 0.300000 0.300002 0.300001 0.300001 0.000000 0.000000 0.000000 0.000000 0.000000 0.000000 0.000000 0.000000 0.000000 0.000000 0.000000
0.000000 0.000000 0.000000 0.000000 0.000000 0.000000 0.300079 0.300068 0.300055 0.300044 0.300087 0.300077 0.300122 0.300077 0.300073 0.300043 0.300130 0.300070 0.300045 0.300038 0.300289 0.299844 0.299656 0.300111 0.300050 0.299611 0.300000 0.300121 0.300075 0.300097 0.300103 0.299912 0.300116 0.299996 0.300018 0.300060 0.300080 0.300108 0.300067 0.300101 0.300000 0.300100 0.300084 0.300123 0.300080 0.300147 0.300038 0.300108 0.300027 0.300134 0.300001 0.300061 0.300000 0.000000 0.000000 0.000000 0.000000 0.000000 0.000000 0.000000 0.000000 0.000000 0.000000
0.000000 0.000000 0.000000 0.000000 0.000000 0.000000 0.000000 0.300072 0.300074 0.300046 0.300124 0.300087 0.300040 0.300105 0.300063 0.300055 0.300114 0.299969 0.299808 0.300064 0.300089 0.300116 0.300070 0.300136 0.300132 0.300125 0.300000 0.299824 0.300097 0.300122 0.299828 0.300094 0.300045 0.300077 0.300069 0.300069 0.300081 0.300044 0.300067 0.300000 0.299601 0.300343 0.299667 0.299869 0.300091 0.300048 0.300093 0.300096 0.300043 0.300129 0.300133 0.300149 0.300054 0.000000 0.000000 0.000000 0.000000 0.000000 0.000000 0.000000 0.000000 0.000000 0.000000
0.000000 0.000000 0.000000 0.000000 0.000000 0.000000 0.000000 0.000000 0.300056 0.300051 0.300073 0.300094 0.300085 0.300076 0.300064 0.300117 0.300000 0.300092 0.300090 0.300046 0.300127 0.300086 0.300027 0.299747 0.300110 0.300091 0.300054 0.300000 0.300069 0.300187 0.300087 0.300129 0.300065 0.300079 0.300070 0.300042 0.300074 0.300096 0.300084 0.300000 0.300102 0.300106 0.300068 0.300114 0.299978 0.300032 0.300104 0.300066 0.300115 0.300107 0.300142 0.300062 0.300141 0.000000 0.000000 0.000000 0.000000 0.000000 0.000000 0.000000 0.000000 0.000000 0.000000
0.000000 0.000000 0.000000 0.000000 0.000000 0.000000 0.000000 0.000000 0.000000 0.300027 0.300083 0.300084 0.300089 0.300083 0.299998 0.300098 0.300051 0.300065 0.300011 0.300031 0.300094 0.299521 0.299785 0.300092 0.300074 0.300147 0.299934 0.299934 0.300000 0.299609 0.300083 0.300125 0.300063 0.299903 0.299861 0.300049 0.300113 0.300092 0.300000 0.300067 0.300096 0.300176 0.300002 0.300039 0.300089 0.300065 0.300083 0.300121 0.300080 0.300080 0.300073 0.300069 0.000000 0.000000 0.000000 0.000000 0.000000 0.000000 0.000000 0.000000 0.000000 0.000000 0.000000
0.000000 0.000000 0.000000 0.000000 0.000000 0.000000 0.000000 0.000000 0.000000 0.300084 0.300088 0.300045 0.300116 0.300043 0.300088 0.300001 0.300097 0.300112 0.300081 0.300110 0.299675 0.300103 0.300043 0.300102 0.299993 0.299898 0.300127 0.300123 0.300027 0.300000 0.300003 0.300026 0.300136 0.300186 0.300231 0.300079 0.300018 0.300000 0.300054 0.300012 0.300076 0.300116 0.300047 0.300111 0.300069 0.300126 0.300066 0.300051 0.300074 0.300058 0.300071 0.300143 0.000000 0.000000 0.000000 0.000000 0.000000 0.000000 0.000000 0.000000 0.000000 0.000000 0.000000
0.000000 0.000000 0.000000 0.000000 0.000000 0.000000 0.000000 0.000000 0.000000 0.300090 0.300076 0.300046 0.300059 0.300074 0.300083 0.300032 0.300116 0.300130 0.299905 0.299919 0.300081 0.300111 0.300041 0.300036 0.299800 0.300103 0.299958 0.299862 0.299691 0.299674 0.300000 0.300028 0.300072 0.299965 0.299990 0.300000 0.300000 0.300015 0.300032 0.300108 0.300061 0.300074 0.300066 0.300058 0.300066 0.300065 0.300052 0.300092 0.299992 0.300055 0.300108 0.000000 0.000000 0.000000 0.000000 0.000000 0.000000 0.000000 0.000000 0.000000 0.000000 0.000000 0.000000
0.000000 0.000000 0.000000 0.000000 0.000000 0.000000 0.000000 0.000000 0.000000 0.300064 0.300081 0.300116 0.300054 0.300055 0.300085 0.300066 0.300092 0.300067 0.300107 0.300085 0.300026 0.300034 0.300132 0.300081 0.300071 0.300085 0.300084 0.299975 0.300084 0.299913 0.299715 0.300000 0.299990 0.299733 0.299728 0.299853 0.300000 0.300205 0.300001 0.299908 0.300079 0.300029 0.300095 0.300054 0.300058 0.300006 0.300132 0.299839 0.300057 0.300037 0.000000 0.000000 0.000000 0.000000 0.000000 0.000000 0.000000 0.000000 0.000000 0.000000 0.000000 0.000000 0.000000
0.000000 0.000000 0.000000 0.000000 0.000000 0.000000 0.000000 0.000000 0.000000 0.300079 0.300024 0.300124 0.300062 0.300068 0.300059 0.300071 0.300095 0.300064 0.300096 0.300062 0.300079 0.300074 0.300095 0.300076 0.300084 0.300079 0.300064 0.300092 0.300106 0.300105 0.299828 0.300000 0.299988 0.300029 0.300117 0.300000 0.300006 0.300203 0.300001 0.300059 0.300077 0.300113 0.300082 0.300063 0.300062 0.300069 0.300017 0.300035 0.300060 0.300061 0.000000 0.000000 0.000000 0.000000 0.000000 0.000000 0.000000 0.000000 0.000000 0.000000 0.000000 0.000000 0.000000
0.000000 0.000000 0.000000 0.000000 0.000000 0.000000 0.000000 0.000000 0.000000 0.300106 0.299919 0.300055 0.300122 0.300059 0.300045 0.300086 0.300070 0.300057 0.300128 0.300091 0.300091 0.300049 0.300061 0.300100 0.300118 0.300093 0.300083 0.300026 0.300116 0.300067 0.300121 0.300105 0.300000 0.300020 0.300000 0.299901 0.300002 0.300060 0.300059 0.300096 0.300068 0.299792 0.300086 0.300012 0.300065 0.300028 0.300022 0.299823 0.300066 0.300141 0.000000 0.000000 0.000000 0.000000 0.000000 0.000000 0.000000 0.000000 0.000000 0.000000 0.000000 0.000000 0.000000
0.000000 0.000000 0.000000 0.000000 0.000000 0.000000 0.000000 0.000000 0.300064 0.300068 0.300089 0.300169 0.300055 0.300101 0.300067 0.300089 0.300061 0.300051 0.299993 0.300099 0.300067 0.300074 0.300083 0.300065 0.300018 0.300105 0.300044 0.300053 0.300098 0.300098 0.300089 0.300064 0.300000 0.300000 0.300000 0.300000 0.300000 0.300000 0.300000 0.300000 0.300000 0.300000 0.299337 0.299874 0.299591 0.299760 0.300060 0.300077 0.300108 0.000000 0.000000 0.000000 0.000000 0.000000 0.000000 0.000000 0.000000 0.000000 0.000000 0.000000 0.000000 0.000000 0.000000
0.000000 0.000000 0.000000 0.000000 0.000000 0.000000 0.000000 0.300101 0.300092 0.300071 0.300071 0.299956 0.300043 0.300079 0.300112 0.300095 0.299946 0.299667 0.299603 0.300057 0.299993 0.300097 0.300098 0.300095 0.300065 0.300061 0.300050 0.300082 0.300050 0.300085 0.300018 0.300063 0.299850 0.300000 0.299874 0.300001 0.300092 0.300096 0.300061 0.299924 0.300130 0.299880 0.299219 0.299737 0.300087 0.300021 0.300029 0.300023 0.300109 0.000000 0.000000 0.000000 0.000000 0.000000 0.000000 0.000000 0.000000 0.000000 0.000000 0.000000 0.000000 0.000000 0.000000
0.000000 0.000000 0.000000 0.000000 0.000000 0.000000 0.000000 0.300077 0.300073 0.300103 0.300053 0.300120 0.299982 0.300071 0.300105 0.300048 0.300092 0.300075 0.300106 0.299729 0.300077 0.300070 0.300078 0.300049 0.300100 0.300075 0.300092 0.300025 0.300111 0.300093 0.300083 0.300075 0.300000 0.300022 0.300152 0.299749 0.300184 0.300162 0.300138 0.300179 0.300026 0.300124 0.299940 0.299427 0.299931 0.300083 0.300118 0.300029 0.300110 0.000000 0.000000 0.000000 0.000000 0.000000 0.000000 0.000000 0.000000 0.000000 0.000000 0.000000 0.000000 0.000000 0.000000
0.000000 0.000000 0.000000 0.000000 0.000000 0.000000 0.000000 0.300032 0.300059 0.300063 0.300010 0.300088 0.299972 0.300018 0.300081 0.300118 0.300007 0.300083 0.300076 0.300072 0.300166 0.300026 0.299918 0.300109 0.300068 0.300065 0.300076 0.300044 0.300122 0.300101 0.300058 0.300078 0.300000 0.299951 0.300158 0.300230 0.299928 0.300027 0.299951 0.300001 0.300090 0.300083 0.300055 0.299630 0.300069 0.299955 0.300090 0.300085 0.300072 0.000000 0.000000 0.000000 0.000000 0.000000 0.000000 0.000000 0.000000 0.000000 0.000000 0.000000 0.000000 0.000000 0.000000
0.000000 0.000000 0.000000 0.000000 0.000000 0.000000 0.000000 0.300090 0.300052 0.300121 0.299896 0.300090 0.300091 0.300068 0.300088 0.300060 0.300102 0.300104 0.300091 0.300070 0.300093 0.300360 0.300114 0.300063 0.300078 0.300108 0.300073 0.300051 0.300080 0.300080 0.300125 0.300057 0.300000 0.299880 0.300210 0.300142 0.299996 0.300155 0.300077 0.300065 0.300105 0.300123 0.300003 0.299909 0.300120 0.300098 0.300132 0.300135 0.300041 0.000000 0.000000 0.000000 0.000000 0.000000 0.000000 0.000000 0.000000 0.000000 0.000000 0.000000 0.000000 0.000000 0.000000
0.000000 0.000000 0.000000 0.000000 0.000000 0.000000 0.000000 0.300106 0.299926 0.300065 0.300104 0.299737 0.299937 0.300058 0.300081 0.300104 0.300089 0.300048 0.300047 0.300120 0.299932 0.300151 0.299937 0.300102 0.300041 0.300091 0.300080 0.300079 0.300076 0.300085 0.299909 0.300000 0.300114 0.300210 0.299878 0.300031 0.299999 0.300072 0.300017 0.300047 0.300056 0.300028 0.300083 0.299274 0.300078 0.300128 0.300001 0.300044 0.000000 0.000000 0.000000 0.000000 0.000000 0.000000 0.000000 0.000000 0.000000 0.000000 0.000000 0.000000 0.000000 0.000000 0.000000
0.000000 0.000000 0.000000 0.000000 0.000000 0.000000 0.000000 0.300075 0.299914 0.300087 0.300098 0.300106 0.299245 0.300087 0.299987 0.300069 0.300128 0.300108 0.300093 0.300076 0.300078 0.299462 0.300086 0.300067 0.300050 0.299879 0.300062 0.300053 0.300069 0.300088 0.300000 0.299972 0.300189 0.300159 0.299983 0.300186 0.300092 0.300121 0.300062 0.300054 0.300117 0.300080 0.299481 0.299894 0.300101 0.300159 0.300001 0.300000 0.000000 0.000000 0.000000 0.000000 0.000000 0.000000 0.000000 0.000000 0.000000 0.000000 0.000000 0.000000 0.000000 0.000000 0.000000
0.000000 0.000000 0.000000 0.000000 0.000000 0.000000 0.000000 0.300090 0.300032 0.300022 0.300106 0.300075 0.299738 0.300075 0.300132 0.300093 0.300079 0.299960 0.300058 0.300075 0.300052 0.299916 0.300094 0.300094 0.300051 0.300082 0.300134 0.300093 0.299732 0.300031 0.300000 0.300199 0.300001 0.300082 0.299969 0.300095 0.300000 0.300000 0.300000 0.300001 0.300120 0.300096 0.299922 0.299836 0.300096 0.300127 0.300000 0.000000 0.000000 0.000000 0.000000 0.000000 0.000000 0.000000 0.000000 0.000000 0.000000 0.000000 0.000000 0.000000 0.000000 0.000000 0.000000
0.000000 0.000000 0.000000 0.000000 0.000000 0.000000 0.000000 0.300115 0.300080 0.300041 0.299554 0.299690 0.299968 0.300000 0.300000 0.300000 0.299687 0.300052 0.300001 0.300007 0.300111 0.299351 0.300089 0.300083 0.300085 0.299852 0.300072 0.299908 0.300115 0.300000 0.299972 0.300123 0.300054 0.300206 0.300001 0.300109 0.300001 0.300001 0.300010 0.300072 0.300051 0.300092 0.299885 0.299889 0.300093 0.300086 0.300079 0.000000 0.000000 0.000000 0.000000 0.000000 0.000000 0.000000 0.000000 0.000000 0.000000 0.000000 0.000000 0.000000 0.000000 0.000000 0.000000
0.000000 0.000000 0.000000 0.000000 0.000000 0.000000 0.000000 0.000000 0.300099 0.300124 0.300107 0.300083 0.299315 0.300054 0.300085 0.300001 0.300000 0.300000 0.300191 0.300163 0.300070 0.300197 0.300063 0.300099 0.300074 0.300127 0.300235 0.300078 0.299873 0.300000 0.300055 0.300162 0.299942 0.300097 0.300048 0.300131 0.300001 0.300006 0.300089 0.300093 0.300115 0.300083 0.300036 0.300034 0.300083 0.300101 0.000000 0.000000 0.000000 0.000000 0.000000 0.000000 0.000000 0.000000 0.000000 0.000000 0.000000 0.000000 0.000000 0.000000 0.000000 0.000000 0.000000
0.000000 0.000000 0.000000 0.000000 0.000000 0.000000 0.000000 0.000000 0.299970 0.300099 0.300096 0.300088 0.300001 0.300135 0.300084 0.300026 0.300146 0.300046 0.300000 0.300062 0.300075 0.299970 0.300070 0.300067 0.300073 0.300084 0.300062 0.300188 0.299608 0.300000 0.300078 0.300192 0.299947 0.300102 0.300021 0.300106 0.300009 0.300046 0.300087 0.300081 0.300104 0.299972 0.300065 0.300023 0.300063 0.300085 0.000000 0.000000 0.000000 0.000000 0.000000 0.000000 0.000000 0.000000 0.000000 0.000000 0.000000 0.000000 0.000000 0.000000 0.000000 0.000000 0.000000
0.000000 0.000000 0.000000 0.000000 0.000000 0.000000 0.000000 0.000000 0.300058 0.300083 0.300089 0.300071 0.299609 0.300053 0.300093 0.300105 0.300060 0.300133 0.300074 0.300000 0.300000 0.300133 0.299948 0.300017 0.300031 0.300111 0.300075 0.300075 0.300000 0.299864 0.300074 0.300088 0.300116 0.300209 0.300005 0.300068 0.300115 0.300109 0.300045 0.300127 0.300091 0.300057 0.300080 0.300002 0.300113 0.300051 0.000000 0.000000 0.000000 0.000000 0.000000 0.000000 0.000000 0.000000 0.000000 0.000000 0.000000 0.000000 0.000000 0.000000 0.000000 0.000000 0.000000
0.000000 0.000000 0.000000 0.000000 0.000000 0.000000 0.000000 0.000000 0.300047 0.300060 0.300112 0.300004 0.299997 0.300087 0.300049 0.300051 0.299967 0.300135 0.300066 0.299963 0.299831 0.300000 0.299886 0.300063 0.299881 0.300088 0.300056 0.300066 0.300000 0.300360 0.299936 0.300532 0.299731 0.300134 0.299283 0.300131 0.299750 0.299928 0.300058 0.300007 0.300138 0.300057 0.300114 0.300070 0.300057 0.000000 0.000000 0.000000 0.000000 0.000000 0.000000 0.000000 0.000000 0.000000 0.000000 0.000000 0.000000 0.000000 0.000000 0.000000 0.000000 0.000000 0.000000
