geotop/1.0zi/1.0Montebello/Templates/Dripsey/maps/_Eocsand0360.asc
ncols         69
nrows         152
xllcorner     146499.907223
yllcorner     75332.943423
cellsize      50.000000
NODATA_value  -9999.0
[rows 56 to 83 of 152, columns 0 to 62 of 69]
0.000000 0.000000 0.300503 0.300384 0.300292 0.300090 0.299989 0.300502 0.300150 0.300433 0.299303 0.300360 0.300620 0.299094 0.300662 0.300271 0.300383 0.300308 0.300379 0.300400 0.300544 0.300117 0.300353 0.300000 0.300201 0.300862 0.300193 0.300312 0.300379 0.300146 0.300648 0.300166 0.300318 0.300146 0.300080 0.300286 0.300116 0.300412 0.300277 0.300513 0.300316 0.300134 0.300550 0.300411 0.300000 0.300834 0.300214 0.300488 0.300550 0.300936 0.300032 0.300207 0.299796 0.299980 0.300016 0.299983 0.300135 0.300216 0.300244 0.300011 0.300145 0.000000 0.000000
0.000000 0.000000 0.000000 0.300240 0.300522 0.300352 0.300333 0.300382 0.300265 0.300474 0.300141 0.299761 0.299113 0.300374 0.300370 0.300181 0.300534 0.300309 0.300547 0.300329 0.300249 0.300341 0.300299 0.300000 0.300764 0.300380 0.299632 0.300271 0.299572 0.300418 0.300457 0.300455 0.300492 0.300347 0.300394 0.300525 0.300201 0.300374 0.300361 0.300401 0.300258 0.299281 0.300557 0.300000 0.299649 0.300231 0.300586 0.300519 0.300564 0.300850 0.300059 0.300162 0.300010 0.300237 0.300119 0.300226 0.300488 0.300394 0.300379 0.300310 0.000000 0.000000 0.000000
0.000000 0.000000 0.000000 0.300479 0.300203 0.300377 0.300542 0.300396 0.300384 0.300414 0.300050 0.300501 0.300510 0.300154 0.300766 0.300508 0.299565 0.300451 0.300138 0.300546 0.299882 0.300737 0.300137 0.299358 0.300000 0.300826 0.300393 0.300832 0.300412 0.300365 0.300463 0.299936 0.300576 0.300111 0.300078 0.300538 0.299058 0.300273 0.300307 0.300252 0.300351 0.300457 0.299906 0.300000 0.300290 0.300356 0.300663 0.301032 0.300125 0.300105 0.299989 0.300004 0.300010 0.300011 0.300010 0.300009 0.300219 0.300254 0.300580 0.000000 0.000000 0.000000 0.000000
0.000000 0.000000 0.000000 0.300477 0.300328 0.300438 0.300117 0.300449 0.299285 0.300003 0.299930 0.300450 0.300263 0.298825 0.301621 0.295814 0.301145 0.297906 0.300842 0.299109 0.298653 0.300468 0.300681 0.300252 0.300000 0.300477 0.299435 0.300286 0.299792 0.300403 0.300238 0.300439 0.300101 0.300702 0.300732 0.300317 0.300419 0.298650 0.300559 0.300169 0.300331 0.300291 0.300126 0.300000 0.299403 0.300251 0.300317 0.301212 0.300172 0.300209 0.300012 0.300030 0.300007 0.000000 0.000000 0.000000 0.000000 0.000000 0.000000 0.000000 0.000000 0.000000 0.000000
0.000000 0.000000 0.000000 0.300527 0.300151 0.300110 0.299929 0.299790 0.300360 0.300454 0.299940 0.300227 0.300084 0.299457 0.297665 0.300252 0.300679 0.300439 0.300355 0.300577 0.299927 0.301822 0.299753 0.300424 0.300000 0.298580 0.300513 0.300594 0.300432 0.300377 0.300651 0.300408 0.300576 0.300086 0.300063 0.300470 0.300237 0.300696 0.298133 0.300710 0.300377 0.300425 0.300000 0.300090 0.300698 0.300317 0.300629 0.301041 0.300056 0.300083 0.300016 0.300006 0.000000 0.000000 0.000000 0.000000 0.000000 0.000000 0.000000 0.000000 0.000000 0.000000 0.000000
0.000000 0.000000 0.000000 0.000000 0.000000 0.300398 0.300417 0.300632 0.300528 0.300375 0.300525 0.300522 0.299760 0.300439 0.300330 0.300466 0.300367 0.300588 0.300539 0.300238 0.300305 0.299232 0.300472 0.296715 0.300278 0.300000 0.300752 0.300512 0.299493 0.300323 0.300368 0.300361 0.300403 0.300543 0.300611 0.300262 0.300576 0.300399 0.300473 0.301502 0.300484 0.300000 0.299837 0.300393 0.300440 0.300536 0.300648 0.300852 0.300006 0.300014 0.300010 0.300012 0.000000 0.000000 0.000000 0.000000 0.000000 0.000000 0.000000 0.000000 0.000000 0.000000 0.000000
0.000000 0.000000 0.000000 0.000000 0.000000 0.000000 0.300337 0.300275 0.300226 0.300130 0.300487 0.300339 0.300657 0.300346 0.300290 0.300099 0.300762 0.300362 0.300178 0.300492 0.301066 0.299313 0.298835 0.300557 0.300270 0.298482 0.300000 0.300345 0.300393 0.300475 0.300582 0.299690 0.300576 0.300002 0.300098 0.300354 0.300443 0.300532 0.300346 0.300165 0.300000 0.300651 0.300325 0.300600 0.300322 0.300760 0.300066 0.300325 0.300046 0.300191 0.300008 0.300076 0.300008 0.000000 0.000000 0.000000 0.000000 0.000000 0.000000 0.000000 0.000000 0.000000 0.000000
0.000000 0.000000 0.000000 0.000000 0.000000 0.000000 0.000000 0.300318 0.300309 0.300142 0.300653 0.300463 0.300235 0.300523 0.300299 0.300168 0.300650 0.299875 0.299262 0.300261 0.300503 0.300542 0.300424 0.300690 0.301086 0.300448 0.300000 0.299216 0.300473 0.300579 0.299441 0.300410 0.300109 0.300465 0.300460 0.300328 0.300347 0.300106 0.300291 0.300000 0.298547 0.301175 0.298822 0.299639 0.300455 0.300414 0.300239 0.300777 0.300069 0.300352 0.300220 0.300485 0.300074 0.000000 0.000000 0.000000 0.000000 0.000000 0.000000 0.000000 0.000000 0.000000 0.000000
0.000000 0.000000 0.000000 0.000000 0.000000 0.000000 0.000000 0.000000 0.300176 0.300110 0.300392 0.300425 0.300487 0.300334 0.300345 0.300527 0.300069 0.300436 0.300415 0.300110 0.300747 0.300440 0.300155 0.298639 0.300561 0.300415 0.300321 0.300000 0.300420 0.300651 0.300473 0.300739 0.300208 0.300348 0.300324 0.300162 0.300404 0.300417 0.300593 0.300000 0.300522 0.300767 0.300110 0.300542 0.299991 0.300189 0.300475 0.300422 0.300693 0.300805 0.300691 0.300538 0.300847 0.000000 0.000000 0.000000 0.000000 0.000000 0.000000 0.000000 0.000000 0.000000 0.000000
0.000000 0.000000 0.000000 0.000000 0.000000 0.000000 0.000000 0.000000 0.000000 0.300051 0.300357 0.300370 0.300503 0.300374 0.300035 0.300504 0.300252 0.300342 0.300033 0.300219 0.300369 0.298225 0.298994 0.300422 0.300427 0.300739 0.299493 0.299597 0.300000 0.298170 0.300459 0.300683 0.300190 0.299864 0.299756 0.300234 0.300504 0.300475 0.300000 0.300387 0.300471 0.300939 0.300015 0.300122 0.300404 0.300350 0.300360 0.300648 0.300422 0.300414 0.300354 0.300280 0.000000 0.000000 0.000000 0.000000 0.000000 0.000000 0.000000 0.000000 0.000000 0.000000 0.000000
0.000000 0.000000 0.000000 0.000000 0.000000 0.000000 0.000000 0.000000 0.000000 0.300359 0.300484 0.300217 0.300606 0.300173 0.300360 0.300010 0.300361 0.300629 0.300477 0.300557 0.298594 0.300534 0.300235 0.300493 0.300000 0.299798 0.300690 0.300602 0.300185 0.300000 0.300030 0.300314 0.300705 0.300682 0.300808 0.300407 0.300121 0.300000 0.300289 0.300130 0.300299 0.300664 0.300101 0.300547 0.300309 0.300689 0.300274 0.300292 0.300338 0.300319 0.300372 0.300786 0.000000 0.000000 0.000000 0.000000 0.000000 0.000000 0.000000 0.000000 0.000000 0.000000 0.000000
0.000000 0.000000 0.000000 0.000000 0.000000 0.000000 0.000000 0.000000 0.000000 0.300402 0.300373 0.300208 0.300280 0.300329 0.300348 0.300064 0.300548 0.300736 0.299677 0.299776 0.300437 0.300619 0.300359 0.300185 0.299267 0.300523 0.299836 0.299564 0.298277 0.298351 0.300000 0.300165 0.300388 0.299841 0.299976 0.300060 0.300000 0.300076 0.300146 0.300503 0.300267 0.300444 0.300256 0.300304 0.300289 0.300334 0.300307 0.300466 0.300178 0.300336 0.300556 0.000000 0.000000 0.000000 0.000000 0.000000 0.000000 0.000000 0.000000 0.000000 0.000000 0.000000 0.000000
0.000000 0.000000 0.000000 0.000000 0.000000 0.000000 0.000000 0.000000 0.000000 0.300355 0.300477 0.300628 0.300316 0.300295 0.300484 0.300263 0.300521 0.300275 0.300610 0.300409 0.299993 0.300029 0.300690 0.300375 0.300363 0.300382 0.300415 0.300006 0.300509 0.299662 0.298536 0.300000 0.299957 0.298741 0.298668 0.299322 0.300000 0.301122 0.300011 0.299642 0.300343 0.300189 0.300460 0.300283 0.300302 0.300006 0.300720 0.299238 0.300311 0.300137 0.000000 0.000000 0.000000 0.000000 0.000000 0.000000 0.000000 0.000000 0.000000 0.000000 0.000000 0.000000 0.000000
0.000000 0.000000 0.000000 0.000000 0.000000 0.000000 0.000000 0.000000 0.000000 0.300369 0.300109 0.300650 0.300316 0.300305 0.300292 0.300295 0.300472 0.300259 0.300467 0.300250 0.300340 0.300254 0.300576 0.300367 0.300471 0.300368 0.300372 0.300421 0.300623 0.300594 0.299252 0.300000 0.299929 0.300187 0.300550 0.300000 0.300010 0.301102 0.300012 0.300145 0.300321 0.300599 0.300376 0.300325 0.300315 0.300363 0.300116 0.300155 0.300257 0.300221 0.000000 0.000000 0.000000 0.000000 0.000000 0.000000 0.000000 0.000000 0.000000 0.000000 0.000000 0.000000 0.000000
0.000000 0.000000 0.000000 0.000000 0.000000 0.000000 0.000000 0.000000 0.000000 0.300546 0.299648 0.300288 0.300654 0.300288 0.300243 0.300408 0.300353 0.300265 0.300691 0.300453 0.300426 0.300187 0.300331 0.300492 0.300637 0.300412 0.300373 0.299978 0.300557 0.300252 0.300611 0.300555 0.300000 0.300097 0.300000 0.299510 0.300091 0.300557 0.300194 0.300408 0.300305 0.299071 0.300449 0.300050 0.300327 0.300079 0.300143 0.299155 0.300398 0.300763 0.000000 0.000000 0.000000 0.000000 0.000000 0.000000 0.000000 0.000000 0.000000 0.000000 0.000000 0.000000 0.000000
0.000000 0.000000 0.000000 0.000000 0.000000 0.000000 0.000000 0.000000 0.300189 0.300243 0.300414 0.300790 0.300252 0.300496 0.300303 0.300423 0.300351 0.300249 0.299970 0.300495 0.300321 0.300304 0.300459 0.300305 0.300117 0.300531 0.300203 0.300135 0.300586 0.300471 0.300495 0.300310 0.300000 0.300000 0.300000 0.300000 0.300000 0.300000 0.300000 0.300000 0.300000 0.300000 0.297622 0.299153 0.298581 0.298913 0.300289 0.300435 0.300523 0.000000 0.000000 0.000000 0.000000 0.000000 0.000000 0.000000 0.000000 0.000000 0.000000 0.000000 0.000000 0.000000 0.000000
0.000000 0.000000 0.000000 0.000000 0.000000 0.000000 0.000000 0.300507 0.300529 0.300405 0.300397 0.299843 0.300214 0.300441 0.300610 0.300472 0.299758 0.298501 0.298284 0.300286 0.299986 0.300489 0.300509 0.300472 0.300346 0.300266 0.300256 0.300344 0.300268 0.300358 0.300154 0.300323 0.299333 0.300000 0.299522 0.300097 0.300567 0.300554 0.300130 0.299969 0.300703 0.299512 0.295909 0.298836 0.300440 0.300143 0.300166 0.300158 0.300531 0.000000 0.000000 0.000000 0.000000 0.000000 0.000000 0.000000 0.000000 0.000000 0.000000 0.000000 0.000000 0.000000 0.000000
0.000000 0.000000 0.000000 0.000000 0.000000 0.000000 0.000000 0.300396 0.300333 0.300500 0.300227 0.300596 0.299983 0.300346 0.300519 0.300194 0.300439 0.300342 0.300549 0.299295 0.300382 0.300316 0.300389 0.300225 0.300507 0.300352 0.300429 0.300056 0.300525 0.300420 0.300478 0.300307 0.300000 0.300104 0.300828 0.299545 0.300920 0.300770 0.300414 0.300813 0.300401 0.300751 0.299826 0.296949 0.299756 0.300469 0.300574 0.300361 0.300548 0.000000 0.000000 0.000000 0.000000 0.000000 0.000000 0.000000 0.000000 0.000000 0.000000 0.000000 0.000000 0.000000 0.000000
0.000000 0.000000 0.000000 0.000000 0.000000 0.000000 0.000000 0.300167 0.300349 0.300361 0.300089 0.300494 0.299822 0.300074 0.300457 0.300631 0.300065 0.300397 0.300415 0.300365 0.300766 0.300151 0.299620 0.300578 0.300374 0.300315 0.300371 0.300119 0.300699 0.300501 0.300336 0.300413 0.300000 0.299972 0.300686 0.301069 0.299635 0.300017 0.299842 0.300012 0.300135 0.300303 0.300254 0.298798 0.300359 0.300011 0.300435 0.300378 0.300241 0.000000 0.000000 0.000000 0.000000 0.000000 0.000000 0.000000 0.000000 0.000000 0.000000 0.000000 0.000000 0.000000 0.000000
0.000000 0.000000 0.000000 0.000000 0.000000 0.000000 0.000000 0.300440 0.300220 0.300611 0.299605 0.300470 0.300617 0.300256 0.300355 0.300186 0.300509 0.300462 0.300465 0.300288 0.300482 0.301712 0.300575 0.300304 0.300412 0.300523 0.300326 0.300195 0.300440 0.300357 0.300670 0.300332 0.300000 0.300158 0.300895 0.300961 0.300048 0.300537 0.300134 0.300199 0.300597 0.300636 0.300135 0.299461 0.300638 0.300718 0.300554 0.300506 0.300079 0.000000 0.000000 0.000000 0.000000 0.000000 0.000000 0.000000 0.000000 0.000000 0.000000 0.000000 0.000000 0.000000 0.000000
0.000000 0.000000 0.000000 0.000000 0.000000 0.000000 0.000000 0.300548 0.299695 0.300350 0.300512 0.298883 0.299991 0.300236 0.300377 0.300573 0.300470 0.300266 0.300255 0.300652 0.299685 0.300378 0.299733 0.300539 0.300217 0.300436 0.300407 0.300425 0.300439 0.300379 0.299663 0.300000 0.300708 0.300866 0.299584 0.300053 0.299984 0.300122 0.300031 0.300066 0.300166 0.300055 0.300504 0.297031 0.300533 0.300362 0.300003 0.300061 0.000000 0.000000 0.000000 0.000000 0.000000 0.000000 0.000000 0.000000 0.000000 0.000000 0.000000 0.000000 0.000000 0.000000 0.000000
0.000000 0.000000 0.000000 0.000000 0.000000 0.000000 0.000000 0.300336 0.299678 0.300397 0.300464 0.300530 0.296603 0.300379 0.300032 0.300289 0.300625 0.300495 0.300430 0.300323 0.300405 0.298270 0.300398 0.300467 0.300246 0.299751 0.300305 0.300319 0.300368 0.300426 0.300000 0.300074 0.301067 0.300749 0.299978 0.300535 0.300122 0.300194 0.300089 0.300078 0.300472 0.300398 0.297798 0.299442 0.300649 0.300523 0.300008 0.300007 0.000000 0.000000 0.000000 0.000000 0.000000 0.000000 0.000000 0.000000 0.000000 0.000000 0.000000 0.000000 0.000000 0.000000 0.000000
0.000000 0.000000 0.000000 0.000000 0.000000 0.000000 0.000000 0.300425 0.300220 0.300179 0.300611 0.300380 0.298580 0.300509 0.300557 0.300568 0.300398 0.299849 0.300145 0.300294 0.300249 0.299559 0.300525 0.300466 0.300265 0.300395 0.300536 0.300434 0.298831 0.300207 0.300000 0.301015 0.300014 0.300113 0.299948 0.300134 0.300003 0.300009 0.300007 0.300007 0.300474 0.300471 0.299756 0.299538 0.300388 0.300388 0.300008 0.000000 0.000000 0.000000 0.000000 0.000000 0.000000 0.000000 0.000000 0.000000 0.000000 0.000000 0.000000 0.000000 0.000000 0.000000 0.000000
0.000000 0.000000 0.000000 0.000000 0.000000 0.000000 0.000000 0.300600 0.300426 0.300159 0.298041 0.298922 0.299487 0.300000 0.300000 0.300000 0.298648 0.300103 0.300011 0.300019 0.300433 0.296877 0.300398 0.300357 0.300414 0.299594 0.300361 0.299832 0.300578 0.300000 0.300019 0.300991 0.299950 0.300760 0.300014 0.300156 0.300012 0.300006 0.300020 0.300151 0.300414 0.300491 0.299446 0.299566 0.300482 0.300516 0.300151 0.000000 0.000000 0.000000 0.000000 0.000000 0.000000 0.000000 0.000000 0.000000 0.000000 0.000000 0.000000 0.000000 0.000000 0.000000 0.000000
0.000000 0.000000 0.000000 0.000000 0.000000 0.000000 0.000000 0.000000 0.300526 0.300599 0.300584 0.300390 0.296276 0.300309 0.300344 0.300010 0.300000 0.300000 0.301022 0.300867 0.300475 0.301272 0.300354 0.300565 0.300427 0.300695 0.300772 0.300423 0.298998 0.300000 0.300392 0.300936 0.299669 0.300452 0.300012 0.300286 0.300012 0.300014 0.300251 0.300356 0.300591 0.300421 0.300239 0.300244 0.300375 0.300506 0.000000 0.000000 0.000000 0.000000 0.000000 0.000000 0.000000 0.000000 0.000000 0.000000 0.000000 0.000000 0.000000 0.000000 0.000000 0.000000 0.000000
0.000000 0.000000 0.000000 0.000000 0.000000 0.000000 0.000000 0.000000 0.299880 0.300496 0.300519 0.300500 0.299925 0.300801 0.300291 0.300044 0.300825 0.300220 0.300000 0.300333 0.300404 0.299969 0.300355 0.300342 0.300380 0.300396 0.300315 0.300858 0.298143 0.300000 0.300494 0.301113 0.299728 0.300424 0.299920 0.300277 0.300014 0.300052 0.300314 0.300358 0.300548 0.299858 0.300351 0.300173 0.300378 0.300538 0.000000 0.000000 0.000000 0.000000 0.000000 0.000000 0.000000 0.000000 0.000000 0.000000 0.000000 0.000000 0.000000 0.000000 0.000000 0.000000 0.000000
0.000000 0.000000 0.000000 0.000000 0.000000 0.000000 0.000000 0.000000 0.300304 0.300404 0.300358 0.300304 0.298598 0.300127 0.300386 0.300516 0.300333 0.300679 0.300298 0.300000 0.300000 0.299954 0.299779 0.300075 0.300164 0.300589 0.300427 0.300392 0.300000 0.299396 0.300408 0.300558 0.300396 0.301103 0.300018 0.300466 0.300509 0.300606 0.300220 0.300691 0.300461 0.300300 0.300441 0.300046 0.300520 0.300120 0.000000 0.000000 0.000000 0.000000 0.000000 0.000000 0.000000 0.000000 0.000000 0.000000 0.000000 0.000000 0.000000 0.000000 0.000000 0.000000 0.000000
0.000000 0.000000 0.000000 0.000000 0.000000 0.000000 0.000000 0.000000 0.300264 0.300355 0.300600 0.300194 0.299983 0.300382 0.300300 0.300237 0.299910 0.300672 0.300316 0.299895 0.299200 0.300000 0.299792 0.300319 0.299419 0.300419 0.300252 0.300342 0.300000 0.300934 0.299893 0.302586 0.298701 0.300744 0.297278 0.300573 0.299177 0.299762 0.300329 0.300087 0.300750 0.300419 0.300686 0.300535 0.300346 0.000000 0.000000 0.000000 0.000000 0.000000 0.000000 0.000000 0.000000 0.000000 0.000000 0.000000 0.000000 0.000000 0.000000 0.000000 0.000000 0.000000 0.000000
