geotop/1.0zi/1.0Montebello/Templates/Dripsey/maps/_Eocclay0363.asc
ncols         69
nrows         152
xllcorner     146499.907223
yllcorner     75332.943423
cellsize      50.000000
NODATA_value  -9999.0
[rows 84 to 111 of 152, columns 0 to 62 of 69]
0.000000 0.000000 0.000000 0.000000 0.000000 0.000000 0.000000 0.000000 0.349473 0.349172 0.350000 0.349800 0.349439 0.350134 0.348850 0.349187 0.350385 0.349572 0.348749 0.349046 0.347729 0.349604 0.350000 0.350000 0.350000 0.350000 0.350000 0.350000 0.351493 0.349456 0.350007 0.347530 0.350928 0.349712 0.350455 0.349580 0.349606 0.349112 0.349558 0.349270 0.349730 0.349277 0.349252 0.349294 0.349449 0.000000 0.000000 0.000000 0.000000 0.000000 0.000000 0.000000 0.000000 0.000000 0.000000 0.000000 0.000000 0.000000 0.000000 0.000000 0.000000 0.000000 0.000000
0.000000 0.000000 0.000000 0.000000 0.000000 0.000000 0.000000 0.000000 0.349097 0.350421 0.349870 0.348817 0.349069 0.349103 0.351362 0.349077 0.350121 0.352015 0.353347 0.349058 0.349684 0.351355 0.353603 0.349255 0.350551 0.350180 0.350030 0.350000 0.348914 0.350777 0.349659 0.347444 0.350848 0.349833 0.352068 0.349170 0.350186 0.349348 0.349312 0.348983 0.349655 0.348944 0.349401 0.349320 0.349705 0.000000 0.000000 0.000000 0.000000 0.000000 0.000000 0.000000 0.000000 0.000000 0.000000 0.000000 0.000000 0.000000 0.000000 0.000000 0.000000 0.000000 0.000000
0.000000 0.000000 0.000000 0.000000 0.000000 0.000000 0.000000 0.000000 0.349370 0.349757 0.349567 0.349487 0.349495 0.349753 0.349366 0.350152 0.349543 0.349951 0.349527 0.350573 0.349518 0.349366 0.348807 0.349940 0.349022 0.349132 0.349706 0.350661 0.350000 0.349561 0.349654 0.348230 0.350572 0.348988 0.349998 0.348828 0.349721 0.349614 0.349720 0.349230 0.349827 0.349461 0.349971 0.349978 0.000000 0.000000 0.000000 0.000000 0.000000 0.000000 0.000000 0.000000 0.000000 0.000000 0.000000 0.000000 0.000000 0.000000 0.000000 0.000000 0.000000 0.000000 0.000000
0.000000 0.000000 0.000000 0.000000 0.000000 0.000000 0.000000 0.000000 0.000000 0.349585 0.349121 0.349136 0.349100 0.349440 0.348936 0.349841 0.349292 0.349182 0.348958 0.350019 0.349401 0.349018 0.350744 0.348960 0.350519 0.349249 0.349510 0.350077 0.350000 0.349582 0.349485 0.348229 0.350462 0.349012 0.349887 0.349252 0.349981 0.349592 0.349527 0.349025 0.349794 0.349746 0.349979 0.000000 0.000000 0.000000 0.000000 0.000000 0.000000 0.000000 0.000000 0.000000 0.000000 0.000000 0.000000 0.000000 0.000000 0.000000 0.000000 0.000000 0.000000 0.000000 0.000000
0.000000 0.000000 0.000000 0.000000 0.000000 0.000000 0.000000 0.000000 0.000000 0.349384 0.349276 0.349536 0.350155 0.350485 0.349896 0.350356 0.349225 0.350907 0.349752 0.350623 0.348997 0.350361 0.348462 0.349691 0.349009 0.349130 0.349486 0.349019 0.350000 0.349423 0.349251 0.348271 0.350000 0.349956 0.349984 0.349788 0.349772 0.349286 0.349687 0.348808 0.349640 0.349277 0.349880 0.349981 0.000000 0.000000 0.000000 0.000000 0.000000 0.000000 0.000000 0.000000 0.000000 0.000000 0.000000 0.000000 0.000000 0.000000 0.000000 0.000000 0.000000 0.000000 0.000000
0.000000 0.000000 0.000000 0.000000 0.000000 0.000000 0.000000 0.000000 0.000000 0.000000 0.349785 0.349027 0.348988 0.349675 0.349233 0.349219 0.350952 0.350108 0.349253 0.349004 0.349996 0.349269 0.349680 0.350323 0.349296 0.351498 0.351033 0.349354 0.350000 0.348619 0.349645 0.349605 0.349965 0.349983 0.349980 0.349943 0.349831 0.349939 0.350069 0.349378 0.350061 0.349640 0.349850 0.349847 0.349978 0.000000 0.000000 0.000000 0.000000 0.000000 0.000000 0.000000 0.000000 0.000000 0.000000 0.000000 0.000000 0.000000 0.000000 0.000000 0.000000 0.000000 0.000000
0.000000 0.000000 0.000000 0.000000 0.000000 0.000000 0.000000 0.000000 0.000000 0.000000 0.349657 0.349568 0.349554 0.350162 0.349082 0.350341 0.349399 0.350526 0.349396 0.349511 0.349433 0.351057 0.348619 0.349033 0.349591 0.350041 0.349181 0.350000 0.350283 0.349012 0.349769 0.348823 0.349987 0.349423 0.349981 0.348917 0.350700 0.349318 0.349538 0.348776 0.349695 0.348796 0.348871 0.348593 0.348922 0.349603 0.000000 0.000000 0.000000 0.000000 0.000000 0.000000 0.000000 0.000000 0.000000 0.000000 0.000000 0.000000 0.000000 0.000000 0.000000 0.000000 0.000000
0.000000 0.000000 0.000000 0.000000 0.000000 0.000000 0.000000 0.000000 0.000000 0.000000 0.349060 0.349274 0.348903 0.349116 0.349625 0.349793 0.349425 0.349360 0.349071 0.349372 0.351417 0.349263 0.350407 0.349220 0.349316 0.349789 0.349228 0.350000 0.350363 0.349496 0.349438 0.348440 0.349886 0.348574 0.350220 0.350136 0.350385 0.350167 0.350060 0.348841 0.350311 0.349669 0.349805 0.349288 0.349652 0.349755 0.349591 0.000000 0.000000 0.000000 0.000000 0.000000 0.000000 0.000000 0.000000 0.000000 0.000000 0.000000 0.000000 0.000000 0.000000 0.000000 0.000000
0.000000 0.000000 0.000000 0.000000 0.000000 0.000000 0.000000 0.000000 0.000000 0.000000 0.349690 0.349880 0.349467 0.349705 0.348799 0.350440 0.348537 0.349506 0.349815 0.351083 0.348675 0.349447 0.348791 0.349480 0.348472 0.351923 0.347876 0.350000 0.349238 0.348862 0.351072 0.348589 0.351500 0.350323 0.348265 0.348930 0.349527 0.349503 0.348726 0.350354 0.348990 0.349008 0.349222 0.349315 0.349248 0.348903 0.349149 0.349365 0.000000 0.000000 0.000000 0.000000 0.000000 0.000000 0.000000 0.000000 0.000000 0.000000 0.000000 0.000000 0.000000 0.000000 0.000000
0.000000 0.000000 0.000000 0.000000 0.000000 0.000000 0.000000 0.000000 0.000000 0.000000 0.349798 0.349217 0.349191 0.349720 0.349648 0.349532 0.348601 0.350576 0.351337 0.349132 0.349885 0.351459 0.352297 0.349094 0.350119 0.352102 0.348445 0.350000 0.349445 0.349076 0.350743 0.349378 0.349905 0.349621 0.349016 0.349390 0.349846 0.349467 0.350515 0.349862 0.350167 0.349037 0.349807 0.349706 0.349757 0.349573 0.349598 0.349373 0.000000 0.000000 0.000000 0.000000 0.000000 0.000000 0.000000 0.000000 0.000000 0.000000 0.000000 0.000000 0.000000 0.000000 0.000000
0.000000 0.000000 0.000000 0.000000 0.000000 0.000000 0.000000 0.000000 0.000000 0.000000 0.349981 0.349976 0.348809 0.349629 0.349096 0.349467 0.350580 0.349222 0.348599 0.351137 0.349297 0.350269 0.348663 0.350295 0.348979 0.349972 0.348125 0.350000 0.349622 0.348774 0.351181 0.349845 0.349857 0.349754 0.348973 0.349340 0.349529 0.348905 0.349392 0.349225 0.349023 0.349179 0.350155 0.350377 0.349369 0.349109 0.349799 0.349467 0.349564 0.349613 0.000000 0.000000 0.000000 0.000000 0.000000 0.000000 0.000000 0.000000 0.000000 0.000000 0.000000 0.000000 0.000000
0.000000 0.000000 0.000000 0.000000 0.000000 0.000000 0.000000 0.000000 0.000000 0.000000 0.000000 0.349975 0.349306 0.349424 0.348988 0.349604 0.349564 0.349873 0.350281 0.349208 0.350375 0.349427 0.349353 0.349617 0.348744 0.350336 0.348647 0.349996 0.350000 0.348479 0.349897 0.349044 0.349526 0.349068 0.350352 0.349737 0.350108 0.349590 0.349695 0.348942 0.350048 0.349242 0.349558 0.349526 0.349882 0.350840 0.349691 0.349378 0.349200 0.349134 0.000000 0.000000 0.000000 0.000000 0.000000 0.000000 0.000000 0.000000 0.000000 0.000000 0.000000 0.000000 0.000000
0.000000 0.000000 0.000000 0.000000 0.000000 0.000000 0.000000 0.000000 0.000000 0.000000 0.000000 0.349975 0.348846 0.349730 0.349158 0.349648 0.349433 0.349810 0.349593 0.351076 0.349504 0.349656 0.348973 0.350111 0.348980 0.349972 0.349259 0.349294 0.350000 0.348962 0.349620 0.349604 0.349442 0.349464 0.349854 0.349543 0.349747 0.349558 0.348690 0.350892 0.348628 0.349199 0.349143 0.348558 0.350505 0.351050 0.349436 0.349314 0.349173 0.349685 0.000000 0.000000 0.000000 0.000000 0.000000 0.000000 0.000000 0.000000 0.000000 0.000000 0.000000 0.000000 0.000000
0.000000 0.000000 0.000000 0.000000 0.000000 0.000000 0.000000 0.000000 0.000000 0.000000 0.000000 0.000000 0.349928 0.349981 0.348728 0.349418 0.349295 0.349628 0.350278 0.349004 0.349316 0.349844 0.349302 0.350192 0.349176 0.350326 0.349636 0.351408 0.350000 0.348963 0.349765 0.350017 0.350954 0.350004 0.350614 0.349773 0.350143 0.349452 0.350155 0.349559 0.349152 0.349627 0.349607 0.350074 0.348957 0.351995 0.349861 0.349162 0.350174 0.349646 0.000000 0.000000 0.000000 0.000000 0.000000 0.000000 0.000000 0.000000 0.000000 0.000000 0.000000 0.000000 0.000000
0.000000 0.000000 0.000000 0.000000 0.000000 0.000000 0.000000 0.000000 0.000000 0.000000 0.000000 0.000000 0.000000 0.349850 0.348574 0.349493 0.349287 0.349584 0.349495 0.351628 0.349655 0.350405 0.349140 0.351753 0.349295 0.349554 0.351634 0.349856 0.348996 0.350000 0.348827 0.349550 0.350330 0.349775 0.350204 0.349473 0.349656 0.349641 0.349658 0.349346 0.348927 0.349628 0.350864 0.350754 0.349418 0.350380 0.349468 0.349063 0.349147 0.349375 0.000000 0.000000 0.000000 0.000000 0.000000 0.000000 0.000000 0.000000 0.000000 0.000000 0.000000 0.000000 0.000000
0.000000 0.000000 0.000000 0.000000 0.000000 0.000000 0.000000 0.000000 0.000000 0.000000 0.000000 0.000000 0.000000 0.000000 0.000000 0.000000 0.000000 0.000000 0.349414 0.349864 0.348875 0.349195 0.349091 0.349977 0.348820 0.349551 0.349850 0.349677 0.348847 0.350000 0.347645 0.348328 0.349126 0.349123 0.351163 0.349322 0.351010 0.350042 0.349851 0.349309 0.349127 0.352884 0.349241 0.349153 0.349307 0.354440 0.349653 0.349202 0.349428 0.349720 0.000000 0.000000 0.000000 0.000000 0.000000 0.000000 0.000000 0.000000 0.000000 0.000000 0.000000 0.000000 0.000000
0.000000 0.000000 0.000000 0.000000 0.000000 0.000000 0.000000 0.000000 0.000000 0.000000 0.000000 0.000000 0.000000 0.000000 0.000000 0.000000 0.000000 0.000000 0.000000 0.349745 0.348898 0.350153 0.350932 0.349516 0.348686 0.349214 0.349086 0.350350 0.348966 0.347926 0.350000 0.349555 0.348817 0.352195 0.348439 0.350715 0.350373 0.350222 0.349401 0.350023 0.348988 0.349266 0.351149 0.350616 0.350242 0.349514 0.349091 0.349768 0.348979 0.349076 0.000000 0.000000 0.000000 0.000000 0.000000 0.000000 0.000000 0.000000 0.000000 0.000000 0.000000 0.000000 0.000000
0.000000 0.000000 0.000000 0.000000 0.000000 0.000000 0.000000 0.000000 0.000000 0.000000 0.000000 0.000000 0.000000 0.000000 0.000000 0.000000 0.000000 0.000000 0.000000 0.000000 0.349223 0.348857 0.349199 0.350997 0.350350 0.351043 0.349415 0.350492 0.351614 0.348895 0.349362 0.350000 0.350000 0.348873 0.349442 0.352080 0.349548 0.349986 0.350949 0.349958 0.350094 0.354386 0.350112 0.350247 0.350065 0.349354 0.349847 0.349048 0.349473 0.349501 0.000000 0.000000 0.000000 0.000000 0.000000 0.000000 0.000000 0.000000 0.000000 0.000000 0.000000 0.000000 0.000000
0.000000 0.000000 0.000000 0.000000 0.000000 0.000000 0.000000 0.000000 0.000000 0.000000 0.000000 0.000000 0.000000 0.000000 0.000000 0.000000 0.000000 0.000000 0.000000 0.000000 0.000000 0.349578 0.349215 0.349658 0.349187 0.349485 0.349602 0.349647 0.349559 0.349884 0.350618 0.349583 0.349594 0.350000 0.350000 0.347478 0.349299 0.349958 0.348421 0.349865 0.350550 0.349596 0.353802 0.350277 0.349172 0.349580 0.348991 0.349547 0.350008 0.349843 0.000000 0.000000 0.000000 0.000000 0.000000 0.000000 0.000000 0.000000 0.000000 0.000000 0.000000 0.000000 0.000000
0.000000 0.000000 0.000000 0.000000 0.000000 0.000000 0.000000 0.000000 0.000000 0.000000 0.000000 0.000000 0.000000 0.000000 0.000000 0.000000 0.000000 0.000000 0.000000 0.000000 0.000000 0.000000 0.349421 0.349546 0.348703 0.349315 0.349547 0.349474 0.349586 0.349671 0.350360 0.350101 0.349026 0.349640 0.349790 0.350000 0.348932 0.348539 0.349511 0.349974 0.350866 0.350641 0.349390 0.349017 0.350070 0.349486 0.349647 0.349655 0.349052 0.350044 0.000000 0.000000 0.000000 0.000000 0.000000 0.000000 0.000000 0.000000 0.000000 0.000000 0.000000 0.000000 0.000000
0.000000 0.000000 0.000000 0.000000 0.000000 0.000000 0.000000 0.000000 0.000000 0.000000 0.000000 0.000000 0.000000 0.000000 0.000000 0.000000 0.000000 0.000000 0.000000 0.000000 0.000000 0.000000 0.000000 0.349541 0.349320 0.349622 0.349643 0.349701 0.349507 0.349646 0.349899 0.350736 0.352997 0.349107 0.349127 0.349187 0.350000 0.350210 0.348350 0.352063 0.348368 0.348914 0.349689 0.351663 0.349151 0.349613 0.349723 0.349431 0.349715 0.349130 0.000000 0.000000 0.000000 0.000000 0.000000 0.000000 0.000000 0.000000 0.000000 0.000000 0.000000 0.000000 0.000000
0.000000 0.000000 0.000000 0.000000 0.000000 0.000000 0.000000 0.000000 0.000000 0.000000 0.000000 0.000000 0.000000 0.000000 0.000000 0.000000 0.000000 0.000000 0.000000 0.000000 0.000000 0.000000 0.000000 0.000000 0.349454 0.349112 0.349541 0.349121 0.349259 0.349522 0.350068 0.349174 0.349309 0.352041 0.349564 0.349209 0.349318 0.350000 0.346491 0.348707 0.349698 0.349426 0.351106 0.351527 0.351145 0.349202 0.349522 0.351427 0.349707 0.349016 0.000000 0.000000 0.000000 0.000000 0.000000 0.000000 0.000000 0.000000 0.000000 0.000000 0.000000 0.000000 0.000000
0.000000 0.000000 0.000000 0.000000 0.000000 0.000000 0.000000 0.000000 0.000000 0.000000 0.000000 0.000000 0.000000 0.000000 0.000000 0.000000 0.000000 0.000000 0.000000 0.000000 0.000000 0.000000 0.000000 0.000000 0.348983 0.349394 0.349567 0.349258 0.349969 0.349005 0.349459 0.349806 0.349205 0.349438 0.349461 0.349628 0.349595 0.350000 0.353485 0.350797 0.349045 0.351216 0.352922 0.350701 0.350962 0.351480 0.351045 0.349722 0.349417 0.349605 0.349312 0.000000 0.000000 0.000000 0.000000 0.000000 0.000000 0.000000 0.000000 0.000000 0.000000 0.000000 0.000000
0.000000 0.000000 0.000000 0.000000 0.000000 0.000000 0.000000 0.000000 0.000000 0.000000 0.000000 0.000000 0.000000 0.000000 0.000000 0.000000 0.000000 0.000000 0.000000 0.000000 0.000000 0.000000 0.000000 0.000000 0.000000 0.349828 0.349081 0.349828 0.348896 0.349827 0.349033 0.349558 0.349787 0.349186 0.351271 0.349791 0.350000 0.349585 0.349735 0.350531 0.348391 0.349277 0.348929 0.349831 0.349904 0.351648 0.349966 0.349580 0.351410 0.350257 0.349256 0.349578 0.000000 0.000000 0.000000 0.000000 0.000000 0.000000 0.000000 0.000000 0.000000 0.000000 0.000000
0.000000 0.000000 0.000000 0.000000 0.000000 0.000000 0.000000 0.000000 0.000000 0.000000 0.000000 0.000000 0.000000 0.000000 0.000000 0.000000 0.000000 0.000000 0.000000 0.000000 0.000000 0.000000 0.000000 0.000000 0.000000 0.349343 0.349449 0.349454 0.349415 0.349469 0.349686 0.349428 0.349031 0.349161 0.352553 0.350000 0.349718 0.349509 0.350000 0.347848 0.352423 0.347306 0.350640 0.350112 0.355770 0.349288 0.352216 0.350809 0.349141 0.349633 0.349722 0.349092 0.349123 0.000000 0.000000 0.000000 0.000000 0.000000 0.000000 0.000000 0.000000 0.000000 0.000000
0.000000 0.000000 0.000000 0.000000 0.000000 0.000000 0.000000 0.000000 0.000000 0.000000 0.000000 0.000000 0.000000 0.000000 0.000000 0.000000 0.000000 0.000000 0.000000 0.000000 0.000000 0.000000 0.000000 0.000000 0.000000 0.349581 0.349443 0.349775 0.349506 0.349699 0.349657 0.349057 0.350732 0.350686 0.355259 0.350000 0.349810 0.350000 0.349375 0.349488 0.349958 0.348837 0.350464 0.350453 0.348976 0.351623 0.349066 0.349524 0.349624 0.349594 0.349523 0.350880 0.349427 0.000000 0.000000 0.000000 0.000000 0.000000 0.000000 0.000000 0.000000 0.000000 0.000000
0.000000 0.000000 0.000000 0.000000 0.000000 0.000000 0.000000 0.000000 0.000000 0.000000 0.000000 0.000000 0.000000 0.000000 0.000000 0.000000 0.000000 0.000000 0.000000 0.000000 0.000000 0.000000 0.000000 0.000000 0.000000 0.348979 0.348841 0.349890 0.350902 0.350765 0.351617 0.354040 0.351027 0.352778 0.349354 0.350000 0.350000 0.349784 0.349294 0.353271 0.352145 0.349005 0.350013 0.349695 0.350621 0.349954 0.350107 0.349753 0.349580 0.349518 0.349460 0.349473 0.349445 0.349501 0.349337 0.000000 0.000000 0.348952 0.349731 0.349781 0.349630 0.349130 0.000000
0.000000 0.000000 0.000000 0.000000 0.000000 0.000000 0.000000 0.000000 0.000000 0.000000 0.000000 0.000000 0.000000 0.000000 0.000000 0.000000 0.000000 0.000000 0.000000 0.000000 0.000000 0.000000 0.000000 0.000000 0.000000 0.000000 0.349397 0.349325 0.350149 0.349959 0.351243 0.349474 0.350396 0.349163 0.348931 0.350000 0.350220 0.349370 0.350094 0.349323 0.348911 0.348686 0.350204 0.350967 0.349389 0.349446 0.349779 0.349604 0.349496 0.349444 0.349473 0.349484 0.349202 0.349824 0.349095 0.349159 0.349766 0.349198 0.349488 0.349583 0.349194 0.349547 0.349653
