geotop/1.0zi/1.0Montebello/Templates/Dripsey/maps/_Eocsand0329.asc
ncols         69
nrows         152
xllcorner     146499.907223
yllcorner     75332.943423
cellsize      50.000000
NODATA_value  -9999.0
[rows 56 to 83 of 152, columns 0 to 62 of 69]
0.000000 0.000000 0.300424 0.300320 0.300245 0.300071 0.299990 0.300404 0.300125 0.300384 0.299483 0.300291 0.300521 0.299311 0.300557 0.300215 0.300307 0.300240 0.300323 0.300324 0.300451 0.300083 0.300278 0.300000 0.300159 0.300754 0.300141 0.300265 0.300301 0.300125 0.300548 0.300142 0.300270 0.300128 0.300074 0.300243 0.300105 0.300350 0.300233 0.300429 0.300263 0.300088 0.300465 0.300300 0.300000 0.300721 0.300167 0.300417 0.300446 0.300772 0.300051 0.300207 0.299835 0.299980 0.300016 0.300015 0.300084 0.300157 0.300185 0.299982 0.300073 0.000000 0.000000
0.000000 0.000000 0.000000 0.300195 0.300437 0.300289 0.300279 0.300308 0.300227 0.300381 0.300127 0.299811 0.299349 0.300302 0.300315 0.300128 0.300444 0.300245 0.300467 0.300268 0.300212 0.300260 0.300228 0.300000 0.300645 0.300304 0.299764 0.300240 0.299743 0.300342 0.300372 0.300380 0.300408 0.300281 0.300319 0.300438 0.300155 0.300309 0.300295 0.300326 0.300200 0.299515 0.300482 0.300000 0.299725 0.300195 0.300494 0.300472 0.300435 0.300678 0.300059 0.300141 0.300010 0.300194 0.300119 0.300165 0.300385 0.300322 0.300319 0.300247 0.000000 0.000000 0.000000
0.000000 0.000000 0.000000 0.300401 0.300168 0.300308 0.300450 0.300328 0.300329 0.300342 0.300039 0.300417 0.300422 0.300115 0.300659 0.300420 0.299664 0.300362 0.300123 0.300459 0.299907 0.300636 0.300188 0.299421 0.300000 0.300623 0.300351 0.300673 0.300330 0.300311 0.300381 0.299938 0.300482 0.300099 0.300072 0.300450 0.299235 0.300230 0.300250 0.300197 0.300284 0.300374 0.299827 0.300000 0.300243 0.300303 0.300551 0.300855 0.300125 0.300104 0.299989 0.300004 0.300009 0.300010 0.300010 0.300009 0.300165 0.300194 0.300486 0.000000 0.000000 0.000000 0.000000
0.000000 0.000000 0.000000 0.300399 0.300274 0.300360 0.300099 0.300367 0.299421 0.300064 0.299897 0.300407 0.300218 0.299235 0.301280 0.296430 0.300954 0.298361 0.300745 0.299256 0.298749 0.300381 0.300584 0.300212 0.300000 0.300373 0.299575 0.300248 0.299907 0.300328 0.300221 0.300357 0.300072 0.300560 0.300591 0.300253 0.300344 0.299006 0.300445 0.300127 0.300263 0.300232 0.300120 0.300000 0.299525 0.300213 0.300241 0.301014 0.300169 0.300209 0.300011 0.300030 0.300007 0.000000 0.000000 0.000000 0.000000 0.000000 0.000000 0.000000 0.000000 0.000000 0.000000
0.000000 0.000000 0.000000 0.300441 0.300128 0.300092 0.299950 0.299831 0.300304 0.300379 0.299953 0.300180 0.300082 0.299710 0.298098 0.300253 0.300575 0.300363 0.300297 0.300465 0.299952 0.301701 0.299787 0.300391 0.300000 0.298729 0.300419 0.300472 0.300353 0.300305 0.300547 0.300356 0.300479 0.300082 0.300059 0.300398 0.300199 0.300589 0.298513 0.300600 0.300342 0.300378 0.300000 0.300092 0.300581 0.300264 0.300528 0.300859 0.300056 0.300083 0.300015 0.300005 0.000000 0.000000 0.000000 0.000000 0.000000 0.000000 0.000000 0.000000 0.000000 0.000000 0.000000
0.000000 0.000000 0.000000 0.000000 0.000000 0.300329 0.300361 0.300534 0.300455 0.300315 0.300462 0.300443 0.299809 0.300364 0.300282 0.300386 0.300317 0.300489 0.300459 0.300199 0.300249 0.299391 0.300436 0.297351 0.300074 0.300000 0.300559 0.300433 0.299659 0.300252 0.300295 0.300283 0.300325 0.300449 0.300519 0.300208 0.300478 0.300318 0.300392 0.301293 0.300406 0.300000 0.299878 0.300355 0.300350 0.300474 0.300537 0.300735 0.300006 0.300013 0.300010 0.300011 0.000000 0.000000 0.000000 0.000000 0.000000 0.000000 0.000000 0.000000 0.000000 0.000000 0.000000
0.000000 0.000000 0.000000 0.000000 0.000000 0.000000 0.300267 0.300216 0.300176 0.300095 0.300415 0.300270 0.300553 0.300272 0.300227 0.300070 0.300650 0.300299 0.300134 0.300497 0.300785 0.299432 0.299145 0.300453 0.300238 0.298806 0.300000 0.300203 0.300326 0.300389 0.300496 0.299779 0.300478 0.300003 0.300071 0.300303 0.300375 0.300440 0.300294 0.300055 0.300000 0.300572 0.300259 0.300497 0.300257 0.300638 0.300052 0.300243 0.300045 0.300191 0.300008 0.300076 0.300007 0.000000 0.000000 0.000000 0.000000 0.000000 0.000000 0.000000 0.000000 0.000000 0.000000
0.000000 0.000000 0.000000 0.000000 0.000000 0.000000 0.000000 0.300253 0.300241 0.300104 0.300549 0.300389 0.300202 0.300431 0.300242 0.300108 0.300570 0.299893 0.299467 0.300200 0.300433 0.300448 0.300368 0.300569 0.301015 0.300331 0.300000 0.299373 0.300392 0.300471 0.299634 0.300327 0.300077 0.300432 0.300444 0.300263 0.300273 0.300076 0.300226 0.300000 0.298899 0.300866 0.299126 0.299719 0.300366 0.300364 0.300164 0.300643 0.300059 0.300278 0.300220 0.300366 0.300074 0.000000 0.000000 0.000000 0.000000 0.000000 0.000000 0.000000 0.000000 0.000000 0.000000
0.000000 0.000000 0.000000 0.000000 0.000000 0.000000 0.000000 0.000000 0.300128 0.300074 0.300326 0.300342 0.300416 0.300268 0.300297 0.300419 0.300090 0.300356 0.300336 0.300079 0.300638 0.300364 0.300137 0.298841 0.300468 0.300337 0.300286 0.300000 0.300371 0.300453 0.300401 0.300632 0.300157 0.300266 0.300236 0.300117 0.300343 0.300333 0.300530 0.300000 0.300432 0.300687 0.300070 0.300444 0.300012 0.300160 0.300379 0.300362 0.300591 0.300670 0.300579 0.300473 0.300715 0.000000 0.000000 0.000000 0.000000 0.000000 0.000000 0.000000 0.000000 0.000000 0.000000
0.000000 0.000000 0.000000 0.000000 0.000000 0.000000 0.000000 0.000000 0.000000 0.300039 0.300283 0.300294 0.300429 0.300302 0.300046 0.300411 0.300209 0.300288 0.300011 0.300247 0.300252 0.298669 0.299126 0.300342 0.300364 0.300615 0.299524 0.299644 0.300000 0.298504 0.300387 0.300579 0.300144 0.299995 0.299938 0.300175 0.300396 0.300396 0.300000 0.300343 0.300379 0.300797 0.300014 0.300087 0.300323 0.300296 0.300288 0.300546 0.300340 0.300343 0.300273 0.300215 0.000000 0.000000 0.000000 0.000000 0.000000 0.000000 0.000000 0.000000 0.000000 0.000000 0.000000
0.000000 0.000000 0.000000 0.000000 0.000000 0.000000 0.000000 0.000000 0.000000 0.300284 0.300403 0.300174 0.300506 0.300132 0.300285 0.300010 0.300278 0.300533 0.300419 0.300461 0.298905 0.300445 0.300201 0.300400 0.300004 0.299933 0.300585 0.300502 0.300163 0.300000 0.300028 0.300294 0.300591 0.300480 0.300565 0.300344 0.300119 0.300000 0.300245 0.300124 0.300234 0.300560 0.300071 0.300452 0.300251 0.300583 0.300216 0.300242 0.300269 0.300273 0.300301 0.300670 0.000000 0.000000 0.000000 0.000000 0.000000 0.000000 0.000000 0.000000 0.000000 0.000000 0.000000
0.000000 0.000000 0.000000 0.000000 0.000000 0.000000 0.000000 0.000000 0.000000 0.300321 0.300305 0.300162 0.300231 0.300262 0.300275 0.300049 0.300446 0.300627 0.299762 0.299862 0.300374 0.300523 0.300327 0.300148 0.299428 0.300440 0.299873 0.299748 0.298447 0.298627 0.300000 0.300140 0.300330 0.299848 0.299955 0.300074 0.300000 0.300027 0.300129 0.300407 0.300212 0.300380 0.300192 0.300256 0.300229 0.300277 0.300244 0.300391 0.300187 0.300283 0.300455 0.000000 0.000000 0.000000 0.000000 0.000000 0.000000 0.000000 0.000000 0.000000 0.000000 0.000000 0.000000
0.000000 0.000000 0.000000 0.000000 0.000000 0.000000 0.000000 0.000000 0.000000 0.300303 0.300413 0.300530 0.300273 0.300250 0.300417 0.300202 0.300445 0.300219 0.300525 0.300336 0.299986 0.300012 0.300580 0.300301 0.300305 0.300300 0.300342 0.300059 0.300450 0.299734 0.298771 0.300000 0.299964 0.298970 0.298893 0.299462 0.300000 0.300965 0.300011 0.299753 0.300268 0.300165 0.300378 0.300242 0.300253 0.300002 0.300612 0.299388 0.300270 0.300100 0.000000 0.000000 0.000000 0.000000 0.000000 0.000000 0.000000 0.000000 0.000000 0.000000 0.000000 0.000000 0.000000
0.000000 0.000000 0.000000 0.000000 0.000000 0.000000 0.000000 0.000000 0.000000 0.300299 0.300084 0.300545 0.300262 0.300241 0.300239 0.300228 0.300389 0.300205 0.300385 0.300197 0.300268 0.300193 0.300498 0.300304 0.300401 0.300297 0.300322 0.300341 0.300547 0.300510 0.299399 0.300000 0.299939 0.300164 0.300458 0.300000 0.300000 0.300946 0.300011 0.300106 0.300252 0.300502 0.300298 0.300266 0.300259 0.300302 0.300109 0.300119 0.300207 0.300172 0.000000 0.000000 0.000000 0.000000 0.000000 0.000000 0.000000 0.000000 0.000000 0.000000 0.000000 0.000000 0.000000
0.000000 0.000000 0.000000 0.000000 0.000000 0.000000 0.000000 0.000000 0.000000 0.300456 0.299723 0.300243 0.300551 0.300236 0.300207 0.300337 0.300295 0.300213 0.300583 0.300375 0.300345 0.300141 0.300283 0.300407 0.300538 0.300326 0.300297 0.299954 0.300458 0.300190 0.300509 0.300460 0.300000 0.300078 0.300000 0.299592 0.300091 0.300530 0.300126 0.300327 0.300245 0.299254 0.300380 0.300043 0.300270 0.300034 0.300126 0.299309 0.300344 0.300646 0.000000 0.000000 0.000000 0.000000 0.000000 0.000000 0.000000 0.000000 0.000000 0.000000 0.000000 0.000000 0.000000
0.000000 0.000000 0.000000 0.000000 0.000000 0.000000 0.000000 0.000000 0.300139 0.300188 0.300339 0.300643 0.300199 0.300408 0.300242 0.300354 0.300308 0.300205 0.299978 0.300411 0.300262 0.300240 0.300389 0.300251 0.300102 0.300440 0.300164 0.300097 0.300501 0.300383 0.300422 0.300254 0.300000 0.300000 0.300000 0.300000 0.300000 0.300000 0.300000 0.300000 0.300000 0.300000 0.298177 0.299253 0.298977 0.299115 0.300234 0.300372 0.300434 0.000000 0.000000 0.000000 0.000000 0.000000 0.000000 0.000000 0.000000 0.000000 0.000000 0.000000 0.000000 0.000000 0.000000
0.000000 0.000000 0.000000 0.000000 0.000000 0.000000 0.000000 0.300420 0.300449 0.300344 0.300339 0.299890 0.300184 0.300374 0.300515 0.300392 0.299802 0.298780 0.298652 0.300237 0.299991 0.300406 0.300425 0.300388 0.300290 0.300215 0.300211 0.300253 0.300225 0.300278 0.300145 0.300268 0.299479 0.300000 0.299599 0.300090 0.300489 0.300464 0.300091 0.300046 0.300593 0.299633 0.296488 0.299053 0.300367 0.300129 0.300132 0.300144 0.300440 0.000000 0.000000 0.000000 0.000000 0.000000 0.000000 0.000000 0.000000 0.000000 0.000000 0.000000 0.000000 0.000000 0.000000
0.000000 0.000000 0.000000 0.000000 0.000000 0.000000 0.000000 0.300329 0.300272 0.300411 0.300172 0.300496 0.300010 0.300284 0.300429 0.300149 0.300359 0.300276 0.300459 0.299538 0.300315 0.300251 0.300321 0.300178 0.300422 0.300283 0.300348 0.300038 0.300431 0.300337 0.300412 0.300244 0.300000 0.300082 0.300707 0.299621 0.300758 0.300619 0.300308 0.300673 0.300350 0.300652 0.299891 0.297375 0.299801 0.300402 0.300476 0.300340 0.300456 0.000000 0.000000 0.000000 0.000000 0.000000 0.000000 0.000000 0.000000 0.000000 0.000000 0.000000 0.000000 0.000000 0.000000
0.000000 0.000000 0.000000 0.000000 0.000000 0.000000 0.000000 0.300140 0.300303 0.300309 0.300087 0.300422 0.299833 0.300061 0.300390 0.300531 0.300056 0.300324 0.300351 0.300303 0.300609 0.300132 0.299694 0.300484 0.300318 0.300258 0.300306 0.300077 0.300596 0.300415 0.300293 0.300349 0.300000 0.299980 0.300600 0.300913 0.299741 0.300032 0.299902 0.300011 0.300075 0.300237 0.300203 0.299104 0.300299 0.300035 0.300358 0.300303 0.300179 0.000000 0.000000 0.000000 0.000000 0.000000 0.000000 0.000000 0.000000 0.000000 0.000000 0.000000 0.000000 0.000000 0.000000
0.000000 0.000000 0.000000 0.000000 0.000000 0.000000 0.000000 0.300362 0.300163 0.300510 0.299725 0.300389 0.300577 0.300201 0.300267 0.300143 0.300420 0.300368 0.300388 0.300228 0.300404 0.301407 0.300477 0.300252 0.300347 0.300423 0.300256 0.300135 0.300375 0.300282 0.300567 0.300288 0.300000 0.300162 0.300722 0.300779 0.300029 0.300406 0.300113 0.300133 0.300502 0.300532 0.300133 0.299517 0.300540 0.300634 0.300439 0.300400 0.300056 0.000000 0.000000 0.000000 0.000000 0.000000 0.000000 0.000000 0.000000 0.000000 0.000000 0.000000 0.000000 0.000000 0.000000
0.000000 0.000000 0.000000 0.000000 0.000000 0.000000 0.000000 0.300459 0.299765 0.300296 0.300425 0.299143 0.300078 0.300186 0.300315 0.300482 0.300399 0.300230 0.300219 0.300551 0.299742 0.300250 0.299786 0.300450 0.300191 0.300351 0.300349 0.300359 0.300391 0.300309 0.299750 0.300000 0.300637 0.300701 0.299689 0.300053 0.299999 0.300102 0.300031 0.300066 0.300113 0.300020 0.300442 0.297625 0.300466 0.300274 0.300003 0.300061 0.000000 0.000000 0.000000 0.000000 0.000000 0.000000 0.000000 0.000000 0.000000 0.000000 0.000000 0.000000 0.000000 0.000000 0.000000
0.000000 0.000000 0.000000 0.000000 0.000000 0.000000 0.000000 0.300271 0.299775 0.300323 0.300375 0.300438 0.297152 0.300302 0.300103 0.300219 0.300503 0.300399 0.300350 0.300252 0.300339 0.298772 0.300321 0.300445 0.300192 0.299875 0.300253 0.300294 0.300311 0.300348 0.300000 0.300069 0.300894 0.300584 0.299978 0.300423 0.300123 0.300172 0.300089 0.300075 0.300374 0.300327 0.298221 0.299464 0.300562 0.300412 0.300008 0.300006 0.000000 0.000000 0.000000 0.000000 0.000000 0.000000 0.000000 0.000000 0.000000 0.000000 0.000000 0.000000 0.000000 0.000000 0.000000
0.000000 0.000000 0.000000 0.000000 0.000000 0.000000 0.000000 0.300347 0.300198 0.300181 0.300528 0.300322 0.298806 0.300454 0.300398 0.300499 0.300341 0.299925 0.300106 0.300230 0.300207 0.299642 0.300446 0.300384 0.300220 0.300322 0.300421 0.300352 0.299105 0.300190 0.300000 0.300862 0.300013 0.300112 0.299950 0.300134 0.300003 0.300008 0.300007 0.300006 0.300379 0.300383 0.299885 0.299746 0.300306 0.300304 0.300008 0.000000 0.000000 0.000000 0.000000 0.000000 0.000000 0.000000 0.000000 0.000000 0.000000 0.000000 0.000000 0.000000 0.000000 0.000000 0.000000
0.000000 0.000000 0.000000 0.000000 0.000000 0.000000 0.000000 0.300503 0.300362 0.300114 0.298456 0.299214 0.299492 0.300000 0.300000 0.300000 0.298950 0.300078 0.300011 0.300019 0.300341 0.297440 0.300321 0.300285 0.300340 0.299726 0.300305 0.299911 0.300481 0.300000 0.300035 0.300894 0.299907 0.300605 0.300014 0.300153 0.300012 0.300006 0.300020 0.300108 0.300362 0.300417 0.299544 0.299657 0.300403 0.300433 0.300114 0.000000 0.000000 0.000000 0.000000 0.000000 0.000000 0.000000 0.000000 0.000000 0.000000 0.000000 0.000000 0.000000 0.000000 0.000000 0.000000
0.000000 0.000000 0.000000 0.000000 0.000000 0.000000 0.000000 0.000000 0.300443 0.300488 0.300494 0.300316 0.296751 0.300264 0.300284 0.300009 0.300000 0.300000 0.300874 0.300734 0.300421 0.301154 0.300308 0.300484 0.300369 0.300589 0.300555 0.300361 0.299071 0.300000 0.300331 0.300802 0.299751 0.300344 0.300041 0.300213 0.300011 0.300014 0.300188 0.300278 0.300493 0.300351 0.300202 0.300202 0.300301 0.300420 0.000000 0.000000 0.000000 0.000000 0.000000 0.000000 0.000000 0.000000 0.000000 0.000000 0.000000 0.000000 0.000000 0.000000 0.000000 0.000000 0.000000
0.000000 0.000000 0.000000 0.000000 0.000000 0.000000 0.000000 0.000000 0.299904 0.300412 0.300436 0.300437 0.299959 0.300687 0.300222 0.300041 0.300696 0.300171 0.300000 0.300278 0.300336 0.299996 0.300294 0.300283 0.300313 0.300323 0.300260 0.300684 0.298477 0.300000 0.300421 0.300969 0.299786 0.300317 0.299979 0.300196 0.300014 0.300035 0.300238 0.300289 0.300459 0.299875 0.300298 0.300151 0.300325 0.300464 0.000000 0.000000 0.000000 0.000000 0.000000 0.000000 0.000000 0.000000 0.000000 0.000000 0.000000 0.000000 0.000000 0.000000 0.000000 0.000000 0.000000
0.000000 0.000000 0.000000 0.000000 0.000000 0.000000 0.000000 0.000000 0.300255 0.300330 0.300276 0.300235 0.298990 0.300092 0.300304 0.300430 0.300282 0.300577 0.300226 0.300000 0.300000 0.299750 0.299824 0.300061 0.300144 0.300495 0.300365 0.300327 0.300000 0.299515 0.300346 0.300495 0.300279 0.300937 0.300018 0.300390 0.300416 0.300518 0.300177 0.300586 0.300384 0.300248 0.300375 0.300035 0.300424 0.300084 0.000000 0.000000 0.000000 0.000000 0.000000 0.000000 0.000000 0.000000 0.000000 0.000000 0.000000 0.000000 0.000000 0.000000 0.000000 0.000000 0.000000
0.000000 0.000000 0.000000 0.000000 0.000000 0.000000 0.000000 0.000000 0.300231 0.300308 0.300504 0.300198 0.299986 0.300303 0.300262 0.300190 0.299952 0.300572 0.300223 0.299927 0.299345 0.300000 0.299892 0.300263 0.299516 0.300342 0.300202 0.300284 0.300000 0.300593 0.299910 0.302261 0.298847 0.300680 0.297802 0.300466 0.299496 0.299829 0.300265 0.300084 0.300635 0.300365 0.300597 0.300467 0.300298 0.000000 0.000000 0.000000 0.000000 0.000000 0.000000 0.000000 0.000000 0.000000 0.000000 0.000000 0.000000 0.000000 0.000000 0.000000 0.000000 0.000000 0.000000
