geotop/1.0zi/1.0Montebello/Templates/Dripsey/maps/_Eocsand0356.asc
ncols         69
nrows         152
xllcorner     146499.907223
yllcorner     75332.943423
cellsize      50.000000
NODATA_value  -9999.0
[rows 56 to 83 of 152, columns 0 to 62 of 69]
0.000000 0.000000 0.300469 0.300355 0.300272 0.300081 0.299990 0.300454 0.300138 0.300425 0.299407 0.300323 0.300576 0.299214 0.300617 0.300243 0.300344 0.300274 0.300358 0.300361 0.300502 0.300109 0.300315 0.300000 0.300179 0.300821 0.300171 0.300296 0.300336 0.300138 0.300605 0.300156 0.300300 0.300141 0.300081 0.300269 0.300116 0.300387 0.300257 0.300475 0.300291 0.300101 0.300515 0.300339 0.300000 0.300788 0.300197 0.300460 0.300498 0.300869 0.300032 0.300207 0.299821 0.299980 0.300016 0.299996 0.300100 0.300182 0.300218 0.299997 0.300094 0.000000 0.000000
0.000000 0.000000 0.000000 0.300218 0.300484 0.300321 0.300309 0.300343 0.300250 0.300425 0.300140 0.299788 0.299259 0.300336 0.300349 0.300148 0.300493 0.300277 0.300517 0.300300 0.300234 0.300294 0.300251 0.300000 0.300713 0.300339 0.299712 0.300265 0.299688 0.300381 0.300414 0.300422 0.300453 0.300314 0.300357 0.300486 0.300177 0.300344 0.300329 0.300363 0.300223 0.299439 0.300533 0.300000 0.299689 0.300210 0.300552 0.300502 0.300504 0.300777 0.300059 0.300162 0.300010 0.300211 0.300119 0.300197 0.300441 0.300361 0.300355 0.300278 0.000000 0.000000 0.000000
0.000000 0.000000 0.000000 0.300445 0.300187 0.300342 0.300499 0.300364 0.300363 0.300381 0.300046 0.300462 0.300470 0.300143 0.300721 0.300468 0.299617 0.300406 0.300134 0.300509 0.299895 0.300704 0.300188 0.299369 0.300000 0.300712 0.300384 0.300752 0.300372 0.300345 0.300422 0.299935 0.300535 0.300109 0.300078 0.300499 0.299147 0.300255 0.300280 0.300225 0.300318 0.300417 0.299829 0.300000 0.300270 0.300334 0.300612 0.300962 0.300125 0.300105 0.299989 0.300004 0.300009 0.300010 0.300010 0.300009 0.300194 0.300223 0.300539 0.000000 0.000000 0.000000 0.000000
0.000000 0.000000 0.000000 0.300442 0.300304 0.300399 0.300110 0.300409 0.299355 0.300061 0.299894 0.300446 0.300241 0.299068 0.301470 0.296032 0.301070 0.298125 0.300815 0.299159 0.298657 0.300423 0.300645 0.300236 0.300000 0.300415 0.299523 0.300274 0.299877 0.300366 0.300242 0.300399 0.300095 0.300626 0.300661 0.300284 0.300382 0.298866 0.300498 0.300154 0.300297 0.300259 0.300131 0.300000 0.299484 0.300233 0.300283 0.301137 0.300169 0.300209 0.300011 0.300030 0.300007 0.000000 0.000000 0.000000 0.000000 0.000000 0.000000 0.000000 0.000000 0.000000 0.000000
0.000000 0.000000 0.000000 0.300488 0.300141 0.300103 0.299943 0.299812 0.300336 0.300421 0.299947 0.300200 0.300089 0.299615 0.297880 0.300268 0.300635 0.300405 0.300329 0.300521 0.299943 0.301818 0.299757 0.300424 0.300000 0.298616 0.300462 0.300530 0.300396 0.300340 0.300606 0.300384 0.300532 0.300089 0.300063 0.300442 0.300220 0.300651 0.298331 0.300663 0.300369 0.300415 0.300000 0.300096 0.300646 0.300296 0.300582 0.300968 0.300056 0.300083 0.300015 0.300005 0.000000 0.000000 0.000000 0.000000 0.000000 0.000000 0.000000 0.000000 0.000000 0.000000 0.000000
0.000000 0.000000 0.000000 0.000000 0.000000 0.300365 0.300399 0.300590 0.300501 0.300351 0.300506 0.300489 0.299781 0.300404 0.300310 0.300431 0.300348 0.300541 0.300507 0.300222 0.300276 0.299314 0.300473 0.297022 0.300130 0.300000 0.300633 0.300477 0.299602 0.300281 0.300329 0.300319 0.300362 0.300500 0.300577 0.300231 0.300529 0.300357 0.300435 0.301426 0.300450 0.300000 0.299862 0.300385 0.300394 0.300512 0.300600 0.300799 0.300006 0.300014 0.300010 0.300011 0.000000 0.000000 0.000000 0.000000 0.000000 0.000000 0.000000 0.000000 0.000000 0.000000 0.000000
0.000000 0.000000 0.000000 0.000000 0.000000 0.000000 0.300301 0.300245 0.300200 0.300114 0.300459 0.300303 0.300612 0.300305 0.300258 0.300097 0.300711 0.300332 0.300153 0.300527 0.300904 0.299369 0.299018 0.300506 0.300260 0.298657 0.300000 0.300242 0.300363 0.300431 0.300550 0.299745 0.300531 0.300002 0.300077 0.300335 0.300415 0.300490 0.300324 0.300090 0.300000 0.300626 0.300293 0.300551 0.300289 0.300708 0.300065 0.300282 0.300046 0.300191 0.300008 0.300076 0.300008 0.000000 0.000000 0.000000 0.000000 0.000000 0.000000 0.000000 0.000000 0.000000 0.000000
0.000000 0.000000 0.000000 0.000000 0.000000 0.000000 0.000000 0.300285 0.300275 0.300126 0.300609 0.300429 0.300221 0.300478 0.300270 0.300129 0.300629 0.299880 0.299387 0.300226 0.300480 0.300495 0.300406 0.300634 0.301103 0.300388 0.300000 0.299301 0.300435 0.300527 0.299567 0.300366 0.300102 0.300477 0.300483 0.300296 0.300309 0.300100 0.300252 0.300000 0.298744 0.300987 0.299001 0.299686 0.300411 0.300396 0.300197 0.300721 0.300067 0.300314 0.300220 0.300431 0.300074 0.000000 0.000000 0.000000 0.000000 0.000000 0.000000 0.000000 0.000000 0.000000 0.000000
0.000000 0.000000 0.000000 0.000000 0.000000 0.000000 0.000000 0.000000 0.300154 0.300101 0.300357 0.300382 0.300460 0.300301 0.300326 0.300471 0.300092 0.300396 0.300376 0.300106 0.300697 0.300405 0.300147 0.298712 0.300518 0.300377 0.300311 0.300000 0.300407 0.300526 0.300443 0.300693 0.300187 0.300297 0.300269 0.300130 0.300378 0.300373 0.300574 0.300000 0.300482 0.300741 0.300103 0.300496 0.300010 0.300177 0.300428 0.300399 0.300655 0.300751 0.300642 0.300512 0.300795 0.000000 0.000000 0.000000 0.000000 0.000000 0.000000 0.000000 0.000000 0.000000 0.000000
0.000000 0.000000 0.000000 0.000000 0.000000 0.000000 0.000000 0.000000 0.000000 0.300050 0.300320 0.300330 0.300476 0.300339 0.300046 0.300460 0.300234 0.300325 0.300015 0.300265 0.300288 0.298470 0.299042 0.300379 0.300404 0.300684 0.299493 0.299614 0.300000 0.298334 0.300426 0.300639 0.300173 0.299967 0.299905 0.300196 0.300447 0.300441 0.300000 0.300373 0.300427 0.300882 0.300015 0.300104 0.300361 0.300330 0.300322 0.300604 0.300382 0.300381 0.300313 0.300247 0.000000 0.000000 0.000000 0.000000 0.000000 0.000000 0.000000 0.000000 0.000000 0.000000 0.000000
0.000000 0.000000 0.000000 0.000000 0.000000 0.000000 0.000000 0.000000 0.000000 0.300322 0.300445 0.300194 0.300562 0.300148 0.300323 0.300010 0.300317 0.300591 0.300458 0.300513 0.298758 0.300494 0.300222 0.300447 0.300005 0.299888 0.300646 0.300555 0.300180 0.300000 0.300029 0.300309 0.300655 0.300554 0.300645 0.300386 0.300125 0.300000 0.300270 0.300128 0.300262 0.300615 0.300097 0.300505 0.300281 0.300644 0.300242 0.300270 0.300303 0.300298 0.300338 0.300739 0.000000 0.000000 0.000000 0.000000 0.000000 0.000000 0.000000 0.000000 0.000000 0.000000 0.000000
0.000000 0.000000 0.000000 0.000000 0.000000 0.000000 0.000000 0.000000 0.000000 0.300359 0.300338 0.300180 0.300258 0.300294 0.300311 0.300063 0.300496 0.300689 0.299725 0.299829 0.300412 0.300576 0.300347 0.300166 0.299334 0.300489 0.299855 0.299690 0.298312 0.298475 0.300000 0.300153 0.300364 0.299834 0.299955 0.300080 0.300000 0.300041 0.300143 0.300454 0.300241 0.300421 0.300217 0.300283 0.300258 0.300307 0.300278 0.300431 0.300202 0.300316 0.300508 0.000000 0.000000 0.000000 0.000000 0.000000 0.000000 0.000000 0.000000 0.000000 0.000000 0.000000 0.000000
0.000000 0.000000 0.000000 0.000000 0.000000 0.000000 0.000000 0.000000 0.000000 0.300336 0.300455 0.300586 0.300302 0.300277 0.300460 0.300230 0.300493 0.300246 0.300579 0.300376 0.300003 0.300031 0.300643 0.300339 0.300336 0.300339 0.300380 0.300051 0.300491 0.299697 0.298636 0.300000 0.299962 0.298855 0.298770 0.299397 0.300000 0.301062 0.300011 0.299709 0.300303 0.300180 0.300422 0.300266 0.300280 0.300002 0.300675 0.299313 0.300296 0.300117 0.000000 0.000000 0.000000 0.000000 0.000000 0.000000 0.000000 0.000000 0.000000 0.000000 0.000000 0.000000 0.000000
0.000000 0.000000 0.000000 0.000000 0.000000 0.000000 0.000000 0.000000 0.000000 0.300333 0.300097 0.300604 0.300291 0.300272 0.300268 0.300260 0.300432 0.300232 0.300428 0.300223 0.300304 0.300226 0.300547 0.300339 0.300443 0.300332 0.300354 0.300382 0.300599 0.300560 0.299325 0.300000 0.299934 0.300181 0.300510 0.300000 0.300004 0.301042 0.300012 0.300133 0.300285 0.300557 0.300335 0.300297 0.300291 0.300335 0.300117 0.300132 0.300233 0.300200 0.000000 0.000000 0.000000 0.000000 0.000000 0.000000 0.000000 0.000000 0.000000 0.000000 0.000000 0.000000 0.000000
0.000000 0.000000 0.000000 0.000000 0.000000 0.000000 0.000000 0.000000 0.000000 0.300506 0.299690 0.300269 0.300609 0.300263 0.300229 0.300373 0.300326 0.300237 0.300645 0.300417 0.300386 0.300160 0.300315 0.300451 0.300595 0.300365 0.300334 0.299966 0.300510 0.300214 0.300564 0.300511 0.300000 0.300088 0.300000 0.299547 0.300095 0.300566 0.300148 0.300371 0.300274 0.299170 0.300420 0.300044 0.300301 0.300043 0.300137 0.299228 0.300377 0.300714 0.000000 0.000000 0.000000 0.000000 0.000000 0.000000 0.000000 0.000000 0.000000 0.000000 0.000000 0.000000 0.000000
0.000000 0.000000 0.000000 0.000000 0.000000 0.000000 0.000000 0.000000 0.300170 0.300218 0.300377 0.300720 0.300224 0.300452 0.300271 0.300392 0.300337 0.300228 0.299977 0.300456 0.300290 0.300272 0.300431 0.300279 0.300111 0.300488 0.300185 0.300126 0.300548 0.300426 0.300467 0.300285 0.300000 0.300000 0.300000 0.300000 0.300000 0.300000 0.300000 0.300000 0.300000 0.300000 0.297915 0.299184 0.298822 0.299011 0.300263 0.300411 0.300480 0.000000 0.000000 0.000000 0.000000 0.000000 0.000000 0.000000 0.000000 0.000000 0.000000 0.000000 0.000000 0.000000 0.000000
0.000000 0.000000 0.000000 0.000000 0.000000 0.000000 0.000000 0.300465 0.300494 0.300380 0.300373 0.299872 0.300203 0.300414 0.300569 0.300434 0.299779 0.298642 0.298480 0.300265 0.299991 0.300450 0.300472 0.300430 0.300323 0.300239 0.300236 0.300288 0.300252 0.300313 0.300158 0.300300 0.299415 0.300000 0.299559 0.300097 0.300536 0.300515 0.300120 0.300024 0.300656 0.299578 0.296125 0.298941 0.300408 0.300141 0.300150 0.300156 0.300487 0.000000 0.000000 0.000000 0.000000 0.000000 0.000000 0.000000 0.000000 0.000000 0.000000 0.000000 0.000000 0.000000 0.000000
0.000000 0.000000 0.000000 0.000000 0.000000 0.000000 0.000000 0.300365 0.300302 0.300455 0.300196 0.300549 0.300009 0.300317 0.300475 0.300166 0.300398 0.300307 0.300509 0.299443 0.300351 0.300283 0.300356 0.300198 0.300468 0.300316 0.300390 0.300056 0.300482 0.300376 0.300456 0.300276 0.300000 0.300093 0.300779 0.299595 0.300852 0.300704 0.300360 0.300754 0.300384 0.300716 0.299867 0.297108 0.299778 0.300443 0.300528 0.300362 0.300507 0.000000 0.000000 0.000000 0.000000 0.000000 0.000000 0.000000 0.000000 0.000000 0.000000 0.000000 0.000000 0.000000 0.000000
0.000000 0.000000 0.000000 0.000000 0.000000 0.000000 0.000000 0.300156 0.300330 0.300342 0.300093 0.300466 0.299817 0.300068 0.300431 0.300588 0.300066 0.300360 0.300390 0.300336 0.300697 0.300145 0.299658 0.300537 0.300353 0.300287 0.300342 0.300095 0.300652 0.300460 0.300321 0.300387 0.300000 0.299979 0.300652 0.301015 0.299678 0.300031 0.299874 0.300012 0.300093 0.300270 0.300229 0.298959 0.300333 0.300023 0.300398 0.300337 0.300210 0.000000 0.000000 0.000000 0.000000 0.000000 0.000000 0.000000 0.000000 0.000000 0.000000 0.000000 0.000000 0.000000 0.000000
0.000000 0.000000 0.000000 0.000000 0.000000 0.000000 0.000000 0.300401 0.300187 0.300565 0.299680 0.300432 0.300625 0.300231 0.300306 0.300171 0.300468 0.300414 0.300431 0.300256 0.300448 0.301575 0.300531 0.300281 0.300383 0.300474 0.300284 0.300155 0.300417 0.300318 0.300627 0.300317 0.300000 0.300165 0.300822 0.300884 0.300029 0.300477 0.300117 0.300165 0.300560 0.300591 0.300141 0.299475 0.300596 0.300692 0.300504 0.300460 0.300073 0.000000 0.000000 0.000000 0.000000 0.000000 0.000000 0.000000 0.000000 0.000000 0.000000 0.000000 0.000000 0.000000 0.000000
0.000000 0.000000 0.000000 0.000000 0.000000 0.000000 0.000000 0.300508 0.299736 0.300327 0.300471 0.299032 0.300066 0.300211 0.300352 0.300532 0.300440 0.300253 0.300242 0.300609 0.299713 0.300291 0.299761 0.300499 0.300211 0.300393 0.300384 0.300399 0.300429 0.300346 0.299708 0.300000 0.300684 0.300798 0.299638 0.300052 0.299996 0.300102 0.300031 0.300066 0.300144 0.300028 0.300482 0.297319 0.300506 0.300316 0.300003 0.300061 0.000000 0.000000 0.000000 0.000000 0.000000 0.000000 0.000000 0.000000 0.000000 0.000000 0.000000 0.000000 0.000000 0.000000 0.000000
0.000000 0.000000 0.000000 0.000000 0.000000 0.000000 0.000000 0.300302 0.299740 0.300358 0.300419 0.300486 0.296831 0.300341 0.300098 0.300245 0.300565 0.300446 0.300391 0.300286 0.300376 0.298578 0.300357 0.300482 0.300214 0.299843 0.300281 0.300322 0.300345 0.300390 0.300000 0.300076 0.300997 0.300677 0.299978 0.300479 0.300123 0.300180 0.300089 0.300076 0.300429 0.300364 0.297997 0.299424 0.300617 0.300473 0.300008 0.300007 0.000000 0.000000 0.000000 0.000000 0.000000 0.000000 0.000000 0.000000 0.000000 0.000000 0.000000 0.000000 0.000000 0.000000 0.000000
0.000000 0.000000 0.000000 0.000000 0.000000 0.000000 0.000000 0.300385 0.300219 0.300192 0.300582 0.300356 0.298673 0.300494 0.300449 0.300548 0.300375 0.299911 0.300131 0.300264 0.300230 0.299599 0.300495 0.300426 0.300244 0.300360 0.300470 0.300393 0.298990 0.300207 0.300000 0.300954 0.300014 0.300112 0.299950 0.300134 0.300003 0.300009 0.300007 0.300007 0.300431 0.300428 0.299849 0.299675 0.300345 0.300345 0.300008 0.000000 0.000000 0.000000 0.000000 0.000000 0.000000 0.000000 0.000000 0.000000 0.000000 0.000000 0.000000 0.000000 0.000000 0.000000 0.000000
0.000000 0.000000 0.000000 0.000000 0.000000 0.000000 0.000000 0.300557 0.300399 0.300134 0.298261 0.299096 0.299460 0.300000 0.300000 0.300000 0.298814 0.300102 0.300011 0.300019 0.300385 0.297127 0.300359 0.300320 0.300377 0.299683 0.300338 0.299892 0.300532 0.300000 0.300032 0.300968 0.299908 0.300695 0.300014 0.300152 0.300012 0.300006 0.300020 0.300136 0.300394 0.300460 0.299493 0.299609 0.300447 0.300477 0.300143 0.000000 0.000000 0.000000 0.000000 0.000000 0.000000 0.000000 0.000000 0.000000 0.000000 0.000000 0.000000 0.000000 0.000000 0.000000 0.000000
0.000000 0.000000 0.000000 0.000000 0.000000 0.000000 0.000000 0.000000 0.300490 0.300544 0.300546 0.300354 0.296435 0.300290 0.300317 0.300010 0.300000 0.300000 0.300964 0.300813 0.300458 0.301251 0.300337 0.300535 0.300407 0.300650 0.300633 0.300399 0.298997 0.300000 0.300369 0.300888 0.299697 0.300411 0.300020 0.300242 0.300012 0.300014 0.300220 0.300318 0.300548 0.300389 0.300224 0.300222 0.300340 0.300466 0.000000 0.000000 0.000000 0.000000 0.000000 0.000000 0.000000 0.000000 0.000000 0.000000 0.000000 0.000000 0.000000 0.000000 0.000000 0.000000 0.000000
0.000000 0.000000 0.000000 0.000000 0.000000 0.000000 0.000000 0.000000 0.299893 0.300456 0.300484 0.300481 0.299960 0.300751 0.300256 0.300044 0.300772 0.300195 0.300000 0.300309 0.300374 0.299985 0.300327 0.300316 0.300350 0.300359 0.300290 0.300763 0.298304 0.300000 0.300463 0.301059 0.299757 0.300378 0.299947 0.300234 0.300014 0.300053 0.300275 0.300324 0.300509 0.299864 0.300330 0.300166 0.300358 0.300504 0.000000 0.000000 0.000000 0.000000 0.000000 0.000000 0.000000 0.000000 0.000000 0.000000 0.000000 0.000000 0.000000 0.000000 0.000000 0.000000 0.000000
0.000000 0.000000 0.000000 0.000000 0.000000 0.000000 0.000000 0.000000 0.300282 0.300366 0.300310 0.300260 0.298835 0.300120 0.300343 0.300482 0.300311 0.300639 0.300256 0.300000 0.300000 0.299814 0.299804 0.300069 0.300159 0.300548 0.300404 0.300363 0.300000 0.299454 0.300381 0.300534 0.300337 0.301037 0.300018 0.300431 0.300468 0.300572 0.300199 0.300647 0.300426 0.300277 0.300414 0.300040 0.300474 0.300111 0.000000 0.000000 0.000000 0.000000 0.000000 0.000000 0.000000 0.000000 0.000000 0.000000 0.000000 0.000000 0.000000 0.000000 0.000000 0.000000 0.000000
0.000000 0.000000 0.000000 0.000000 0.000000 0.000000 0.000000 0.000000 0.300252 0.300341 0.300558 0.300211 0.299985 0.300340 0.300292 0.300215 0.299939 0.300628 0.300259 0.299917 0.299270 0.300000 0.299859 0.300293 0.299464 0.300381 0.300229 0.300317 0.300000 0.300723 0.299902 0.302495 0.298721 0.300747 0.297512 0.300523 0.299376 0.299803 0.300298 0.300089 0.300702 0.300401 0.300657 0.300512 0.300329 0.000000 0.000000 0.000000 0.000000 0.000000 0.000000 0.000000 0.000000 0.000000 0.000000 0.000000 0.000000 0.000000 0.000000 0.000000 0.000000 0.000000 0.000000
