geotop/1.0zi/1.0Montebello/Templates/Dripsey/maps/_Eocsand0028.asc
ncols         69
nrows         152
xllcorner     146499.907223
yllcorner     75332.943423
cellsize      50.000000
NODATA_value  -9999.0
[rows 84 to 111 of 152, columns 0 to 62 of 69]
0.000000 0.000000 0.000000 0.000000 0.000000 0.000000 0.000000 0.000000 0.300028 0.300030 0.300022 0.300032 0.300026 0.299991 0.300053 0.300043 0.299993 0.300010 0.300061 0.300119 0.300069 0.300001 0.300000 0.300000 0.300000 0.300000 0.300000 0.300000 0.299903 0.299977 0.300042 0.300115 0.299934 0.300038 0.300035 0.300032 0.300046 0.300053 0.300021 0.300037 0.300020 0.300031 0.300030 0.300036 0.300022 0.000000 0.000000 0.000000 0.000000 0.000000 0.000000 0.000000 0.000000 0.000000 0.000000 0.000000 0.000000 0.000000 0.000000 0.000000 0.000000 0.000000 0.000000
0.000000 0.000000 0.000000 0.000000 0.000000 0.000000 0.000000 0.000000 0.300051 0.299994 0.300024 0.300058 0.300057 0.300043 0.299987 0.300054 0.299970 0.299965 0.299708 0.300051 0.300008 0.299886 0.299737 0.300035 0.299960 0.300014 0.299984 0.300000 0.300051 0.299945 0.300019 0.300172 0.299901 0.300034 0.299992 0.300042 0.300042 0.300051 0.300028 0.300055 0.300007 0.300057 0.300046 0.300067 0.300006 0.000000 0.000000 0.000000 0.000000 0.000000 0.000000 0.000000 0.000000 0.000000 0.000000 0.000000 0.000000 0.000000 0.000000 0.000000 0.000000 0.000000 0.000000
0.000000 0.000000 0.000000 0.000000 0.000000 0.000000 0.000000 0.000000 0.300017 0.300027 0.300026 0.300013 0.300032 0.300034 0.300052 0.300037 0.300033 0.300018 0.300042 0.299961 0.300036 0.300034 0.300063 0.300008 0.300048 0.300042 0.300017 0.299970 0.300000 0.299988 0.300039 0.300067 0.300013 0.300069 0.300020 0.300073 0.300001 0.300009 0.300003 0.300036 0.300000 0.300044 0.300000 0.300001 0.000000 0.000000 0.000000 0.000000 0.000000 0.000000 0.000000 0.000000 0.000000 0.000000 0.000000 0.000000 0.000000 0.000000 0.000000 0.000000 0.000000 0.000000 0.000000
0.000000 0.000000 0.000000 0.000000 0.000000 0.000000 0.000000 0.000000 0.000000 0.300024 0.300048 0.300038 0.300054 0.300044 0.300075 0.300028 0.300047 0.300059 0.300102 0.300010 0.300076 0.300051 0.299954 0.300050 0.299985 0.300036 0.300031 0.300002 0.300000 0.299997 0.300048 0.300081 0.300000 0.300085 0.299998 0.300071 0.299994 0.300009 0.300013 0.300050 0.300002 0.300036 0.300001 0.000000 0.000000 0.000000 0.000000 0.000000 0.000000 0.000000 0.000000 0.000000 0.000000 0.000000 0.000000 0.000000 0.000000 0.000000 0.000000 0.000000 0.000000 0.000000 0.000000
0.000000 0.000000 0.000000 0.000000 0.000000 0.000000 0.000000 0.000000 0.000000 0.300019 0.300024 0.300009 0.299981 0.299973 0.300031 0.300023 0.300028 0.299928 0.300026 0.299936 0.300045 0.300008 0.300076 0.300024 0.300048 0.300033 0.300032 0.300045 0.300000 0.300010 0.300064 0.300122 0.300000 0.300000 0.300000 0.300006 0.300002 0.300044 0.300022 0.300066 0.300005 0.300054 0.300001 0.300000 0.000000 0.000000 0.000000 0.000000 0.000000 0.000000 0.000000 0.000000 0.000000 0.000000 0.000000 0.000000 0.000000 0.000000 0.000000 0.000000 0.000000 0.000000 0.000000
0.000000 0.000000 0.000000 0.000000 0.000000 0.000000 0.000000 0.000000 0.000000 0.000000 0.300019 0.300047 0.300059 0.300035 0.300056 0.300039 0.299988 0.300016 0.300073 0.300050 0.300030 0.300045 0.300194 0.299983 0.299971 0.300005 0.299862 0.300038 0.300000 0.300043 0.300028 0.300074 0.300001 0.300000 0.300001 0.300000 0.299997 0.300018 0.300019 0.300042 0.299985 0.300017 0.300001 0.300003 0.300000 0.000000 0.000000 0.000000 0.000000 0.000000 0.000000 0.000000 0.000000 0.000000 0.000000 0.000000 0.000000 0.000000 0.000000 0.000000 0.000000 0.000000 0.000000
0.000000 0.000000 0.000000 0.000000 0.000000 0.000000 0.000000 0.000000 0.000000 0.000000 0.300023 0.300009 0.300022 0.299984 0.300040 0.300022 0.300045 0.299969 0.300040 0.300013 0.300054 0.299834 0.300070 0.300037 0.300013 0.300061 0.300017 0.300000 0.299982 0.300036 0.300030 0.300090 0.300000 0.300073 0.300000 0.300075 0.300029 0.300050 0.300042 0.300076 0.300013 0.300064 0.300067 0.300086 0.300070 0.300012 0.000000 0.000000 0.000000 0.000000 0.000000 0.000000 0.000000 0.000000 0.000000 0.000000 0.000000 0.000000 0.000000 0.000000 0.000000 0.000000 0.000000
0.000000 0.000000 0.000000 0.000000 0.000000 0.000000 0.000000 0.000000 0.000000 0.000000 0.300046 0.300032 0.300058 0.300045 0.300053 0.300030 0.300046 0.300020 0.300041 0.300047 0.299961 0.300040 0.300028 0.300043 0.300045 0.300050 0.300024 0.300000 0.299978 0.300016 0.300050 0.300061 0.300017 0.300100 0.300022 0.300014 0.300006 0.300017 0.300039 0.300061 0.299980 0.300003 0.300013 0.300049 0.300024 0.300000 0.300012 0.000000 0.000000 0.000000 0.000000 0.000000 0.000000 0.000000 0.000000 0.000000 0.000000 0.000000 0.000000 0.000000 0.000000 0.000000 0.000000
0.000000 0.000000 0.000000 0.000000 0.000000 0.000000 0.000000 0.000000 0.000000 0.000000 0.300007 0.300001 0.300019 0.300004 0.300059 0.299997 0.300068 0.300034 0.300038 0.299893 0.300066 0.300017 0.300059 0.300077 0.300169 0.299767 0.300278 0.300000 0.299980 0.300036 0.300045 0.299999 0.299973 0.299991 0.300097 0.300051 0.300033 0.300041 0.300065 0.300046 0.300048 0.300059 0.300036 0.300041 0.300035 0.300059 0.300047 0.300019 0.000000 0.000000 0.000000 0.000000 0.000000 0.000000 0.000000 0.000000 0.000000 0.000000 0.000000 0.000000 0.000000 0.000000 0.000000
0.000000 0.000000 0.000000 0.000000 0.000000 0.000000 0.000000 0.000000 0.000000 0.000000 0.300026 0.300077 0.300038 0.300037 0.300015 0.300009 0.300078 0.300022 0.299954 0.300048 0.300079 0.299970 0.299744 0.300050 0.300009 0.299958 0.300088 0.300000 0.299984 0.300017 0.300056 0.299998 0.300040 0.300017 0.300051 0.300017 0.300016 0.300046 0.300011 0.300006 0.299993 0.300035 0.300027 0.300043 0.300032 0.300030 0.300030 0.300029 0.000000 0.000000 0.000000 0.000000 0.000000 0.000000 0.000000 0.000000 0.000000 0.000000 0.000000 0.000000 0.000000 0.000000 0.000000
0.000000 0.000000 0.000000 0.000000 0.000000 0.000000 0.000000 0.000000 0.000000 0.000000 0.300000 0.300000 0.300092 0.300034 0.300039 0.300042 0.299999 0.300030 0.300070 0.299945 0.300050 0.299957 0.300067 0.300013 0.300052 0.300000 0.300100 0.300000 0.299962 0.300058 0.299974 0.300007 0.300028 0.300006 0.300034 0.300000 0.300026 0.300038 0.300042 0.300056 0.300045 0.300059 0.300014 0.299991 0.300024 0.300051 0.300027 0.300041 0.300012 0.300009 0.000000 0.000000 0.000000 0.000000 0.000000 0.000000 0.000000 0.000000 0.000000 0.000000 0.000000 0.000000 0.000000
0.000000 0.000000 0.000000 0.000000 0.000000 0.000000 0.000000 0.000000 0.000000 0.000000 0.000000 0.300001 0.300077 0.300038 0.300040 0.300033 0.300019 0.300031 0.299984 0.300025 0.299983 0.300021 0.300050 0.300004 0.300070 0.299981 0.300086 0.300008 0.300000 0.300079 0.300000 0.300044 0.300011 0.300042 0.300032 0.300026 0.300023 0.300024 0.300029 0.300055 0.300023 0.300049 0.300059 0.300008 0.300033 0.300018 0.300038 0.300033 0.300043 0.300037 0.000000 0.000000 0.000000 0.000000 0.000000 0.000000 0.000000 0.000000 0.000000 0.000000 0.000000 0.000000 0.000000
0.000000 0.000000 0.000000 0.000000 0.000000 0.000000 0.000000 0.000000 0.000000 0.000000 0.000000 0.300000 0.300087 0.300031 0.300035 0.300035 0.300019 0.300031 0.300003 0.299993 0.300011 0.300002 0.300057 0.299981 0.300064 0.300044 0.300052 0.300025 0.300000 0.300069 0.300005 0.300015 0.300032 0.300016 0.300025 0.300012 0.300029 0.300017 0.300067 0.299973 0.300070 0.300026 0.300022 0.300085 0.299998 0.299962 0.300035 0.300046 0.300035 0.300019 0.000000 0.000000 0.000000 0.000000 0.000000 0.000000 0.000000 0.000000 0.000000 0.000000 0.000000 0.000000 0.000000
0.000000 0.000000 0.000000 0.000000 0.000000 0.000000 0.000000 0.000000 0.000000 0.000000 0.000000 0.000000 0.300000 0.300000 0.300069 0.300037 0.300039 0.300034 0.299999 0.300041 0.300035 0.300000 0.300040 0.300025 0.300042 0.300025 0.300033 0.299938 0.300000 0.300072 0.300001 0.300010 0.299968 0.300027 0.300009 0.300025 0.300034 0.300033 0.300020 0.300026 0.300039 0.300029 0.300019 0.300011 0.300048 0.299977 0.300032 0.300053 0.299982 0.300004 0.000000 0.000000 0.000000 0.000000 0.000000 0.000000 0.000000 0.000000 0.000000 0.000000 0.000000 0.000000 0.000000
0.000000 0.000000 0.000000 0.000000 0.000000 0.000000 0.000000 0.000000 0.000000 0.000000 0.000000 0.000000 0.000000 0.300000 0.300081 0.300037 0.300043 0.300047 0.300019 0.299995 0.300008 0.300035 0.300008 0.299912 0.300102 0.300048 0.299762 0.300014 0.300033 0.300000 0.300044 0.300056 0.300001 0.300026 0.300025 0.300024 0.300032 0.300020 0.300027 0.300037 0.300051 0.300015 0.299979 0.299962 0.300037 0.299915 0.300039 0.300058 0.300038 0.300030 0.000000 0.000000 0.000000 0.000000 0.000000 0.000000 0.000000 0.000000 0.000000 0.000000 0.000000 0.000000 0.000000
0.000000 0.000000 0.000000 0.000000 0.000000 0.000000 0.000000 0.000000 0.000000 0.000000 0.000000 0.000000 0.000000 0.000000 0.000000 0.000000 0.000000 0.000000 0.300021 0.300000 0.300056 0.300032 0.300047 0.300000 0.300060 0.300029 0.300021 0.300001 0.300066 0.300000 0.300064 0.300082 0.300070 0.300061 0.299956 0.300048 0.299963 0.300030 0.300019 0.300033 0.300032 0.299938 0.300080 0.300042 0.300026 0.299759 0.300036 0.300039 0.300015 0.300005 0.000000 0.000000 0.000000 0.000000 0.000000 0.000000 0.000000 0.000000 0.000000 0.000000 0.000000 0.000000 0.000000
0.000000 0.000000 0.000000 0.000000 0.000000 0.000000 0.000000 0.000000 0.000000 0.000000 0.000000 0.000000 0.000000 0.000000 0.000000 0.000000 0.000000 0.000000 0.000000 0.300002 0.300070 0.300032 0.299998 0.300040 0.300066 0.300028 0.300049 0.299996 0.300048 0.300137 0.300000 0.299970 0.300048 0.299827 0.300072 0.300039 0.300004 0.299998 0.300016 0.300014 0.300056 0.300053 0.299953 0.300012 0.299990 0.300028 0.300042 0.300022 0.300059 0.300061 0.000000 0.000000 0.000000 0.000000 0.000000 0.000000 0.000000 0.000000 0.000000 0.000000 0.000000 0.000000 0.000000
0.000000 0.000000 0.000000 0.000000 0.000000 0.000000 0.000000 0.000000 0.000000 0.000000 0.000000 0.000000 0.000000 0.000000 0.000000 0.000000 0.000000 0.000000 0.000000 0.000000 0.300031 0.300052 0.300043 0.300028 0.299962 0.299982 0.299991 0.300043 0.299876 0.300050 0.300044 0.300000 0.300000 0.300051 0.300041 0.299795 0.300014 0.299989 0.299951 0.300000 0.300032 0.299468 0.300030 0.299966 0.300042 0.300036 0.300023 0.300041 0.300027 0.300031 0.000000 0.000000 0.000000 0.000000 0.000000 0.000000 0.000000 0.000000 0.000000 0.000000 0.000000 0.000000 0.000000
0.000000 0.000000 0.000000 0.000000 0.000000 0.000000 0.000000 0.000000 0.000000 0.000000 0.000000 0.000000 0.000000 0.000000 0.000000 0.000000 0.000000 0.000000 0.000000 0.000000 0.000000 0.300009 0.300047 0.300039 0.300045 0.300041 0.300018 0.300055 0.300011 0.300035 0.299945 0.300008 0.300007 0.300000 0.300000 0.300139 0.300039 0.300050 0.300082 0.300045 0.299944 0.300034 0.299705 0.299982 0.300040 0.300019 0.300046 0.300027 0.300010 0.300015 0.000000 0.000000 0.000000 0.000000 0.000000 0.000000 0.000000 0.000000 0.000000 0.000000 0.000000 0.000000 0.000000
0.000000 0.000000 0.000000 0.000000 0.000000 0.000000 0.000000 0.000000 0.000000 0.000000 0.000000 0.000000 0.000000 0.000000 0.000000 0.000000 0.000000 0.000000 0.000000 0.000000 0.000000 0.000000 0.300018 0.300008 0.300075 0.300040 0.300029 0.300040 0.300024 0.300044 0.299962 0.299999 0.300047 0.300020 0.300014 0.300000 0.300038 0.300074 0.300027 0.300001 0.299969 0.299929 0.300019 0.300046 0.300029 0.300029 0.300022 0.300025 0.300045 0.300005 0.000000 0.000000 0.000000 0.000000 0.000000 0.000000 0.000000 0.000000 0.000000 0.000000 0.000000 0.000000 0.000000
0.000000 0.000000 0.000000 0.000000 0.000000 0.000000 0.000000 0.000000 0.000000 0.000000 0.000000 0.000000 0.000000 0.000000 0.000000 0.000000 0.000000 0.000000 0.000000 0.000000 0.000000 0.000000 0.000000 0.300015 0.300041 0.300020 0.300019 0.300023 0.300021 0.300029 0.300000 0.299986 0.299873 0.300045 0.300041 0.300037 0.300000 0.299953 0.300226 0.299664 0.300266 0.300068 0.300020 0.299960 0.300042 0.300024 0.300022 0.300036 0.300022 0.300042 0.000000 0.000000 0.000000 0.000000 0.000000 0.000000 0.000000 0.000000 0.000000 0.000000 0.000000 0.000000 0.000000
0.000000 0.000000 0.000000 0.000000 0.000000 0.000000 0.000000 0.000000 0.000000 0.000000 0.000000 0.000000 0.000000 0.000000 0.000000 0.000000 0.000000 0.000000 0.000000 0.000000 0.000000 0.000000 0.000000 0.000000 0.300018 0.300033 0.300028 0.300033 0.300041 0.300026 0.300008 0.300034 0.300036 0.299957 0.300024 0.300031 0.300028 0.300000 0.300392 0.300067 0.300031 0.300041 0.299912 0.299945 0.300017 0.300029 0.300026 0.299952 0.300020 0.300046 0.000000 0.000000 0.000000 0.000000 0.000000 0.000000 0.000000 0.000000 0.000000 0.000000 0.000000 0.000000 0.000000
0.000000 0.000000 0.000000 0.000000 0.000000 0.000000 0.000000 0.000000 0.000000 0.000000 0.000000 0.000000 0.000000 0.000000 0.000000 0.000000 0.000000 0.000000 0.000000 0.000000 0.000000 0.000000 0.000000 0.000000 0.300049 0.300023 0.300030 0.300035 0.300013 0.300044 0.300030 0.300012 0.300028 0.300034 0.300027 0.300026 0.300018 0.300000 0.299769 0.299967 0.300038 0.299905 0.299591 0.299954 0.300056 0.299904 0.299991 0.300021 0.300031 0.300026 0.300031 0.000000 0.000000 0.000000 0.000000 0.000000 0.000000 0.000000 0.000000 0.000000 0.000000 0.000000 0.000000
0.000000 0.000000 0.000000 0.000000 0.000000 0.000000 0.000000 0.000000 0.000000 0.000000 0.000000 0.000000 0.000000 0.000000 0.000000 0.000000 0.000000 0.000000 0.000000 0.000000 0.000000 0.000000 0.000000 0.000000 0.000000 0.299996 0.300039 0.300024 0.300052 0.300022 0.300045 0.300009 0.300021 0.300034 0.300005 0.300019 0.300000 0.300021 0.300033 0.299908 0.300237 0.300049 0.300050 0.300001 0.300000 0.299916 0.300039 0.300000 0.299998 0.299984 0.300035 0.300024 0.000000 0.000000 0.000000 0.000000 0.000000 0.000000 0.000000 0.000000 0.000000 0.000000 0.000000
0.000000 0.000000 0.000000 0.000000 0.000000 0.000000 0.000000 0.000000 0.000000 0.000000 0.000000 0.000000 0.000000 0.000000 0.000000 0.000000 0.000000 0.000000 0.000000 0.000000 0.000000 0.000000 0.000000 0.000000 0.000000 0.300021 0.300035 0.300032 0.300030 0.300032 0.300019 0.300033 0.300059 0.300030 0.299852 0.300000 0.300012 0.300023 0.300000 0.300115 0.299874 0.300274 0.299924 0.300056 0.299504 0.300031 0.299977 0.299985 0.300041 0.300024 0.300034 0.300043 0.300040 0.000000 0.000000 0.000000 0.000000 0.000000 0.000000 0.000000 0.000000 0.000000 0.000000
0.000000 0.000000 0.000000 0.000000 0.000000 0.000000 0.000000 0.000000 0.000000 0.000000 0.000000 0.000000 0.000000 0.000000 0.000000 0.000000 0.000000 0.000000 0.000000 0.000000 0.000000 0.000000 0.000000 0.000000 0.000000 0.300008 0.300031 0.300027 0.300033 0.300023 0.300021 0.300040 0.299976 0.300015 0.299672 0.300000 0.300002 0.300000 0.300033 0.299951 0.300029 0.300027 0.300029 0.300013 0.300052 0.299977 0.300045 0.300034 0.300031 0.300028 0.300025 0.299973 0.300026 0.000000 0.000000 0.000000 0.000000 0.000000 0.000000 0.000000 0.000000 0.000000 0.000000
0.000000 0.000000 0.000000 0.000000 0.000000 0.000000 0.000000 0.000000 0.000000 0.000000 0.000000 0.000000 0.000000 0.000000 0.000000 0.000000 0.000000 0.000000 0.000000 0.000000 0.000000 0.000000 0.000000 0.000000 0.000000 0.300049 0.300062 0.300023 0.299964 0.299991 0.299922 0.299889 0.299917 0.299934 0.300006 0.300000 0.300000 0.300007 0.300035 0.299724 0.299990 0.300015 0.300008 0.300002 0.300000 0.300026 0.300005 0.300032 0.300027 0.300025 0.300027 0.300027 0.300026 0.300033 0.300023 0.000000 0.000000 0.300053 0.300004 0.300000 0.300009 0.300041 0.000000
0.000000 0.000000 0.000000 0.000000 0.000000 0.000000 0.000000 0.000000 0.000000 0.000000 0.000000 0.000000 0.000000 0.000000 0.000000 0.000000 0.000000 0.000000 0.000000 0.000000 0.000000 0.000000 0.000000 0.000000 0.000000 0.000000 0.300029 0.300041 0.300011 0.300012 0.299953 0.300035 0.300003 0.300037 0.300061 0.300000 0.299997 0.300031 0.300048 0.300049 0.300068 0.300094 0.300020 0.300030 0.300024 0.300040 0.300028 0.300021 0.300026 0.300031 0.300026 0.300027 0.300038 0.300014 0.300042 0.300039 0.300008 0.300038 0.300013 0.300015 0.300031 0.300017 0.300000
