geotop/1.0zi/1.0Montebello/Templates/Dripsey/maps/_Eocsand0221.asc
ncols         69
nrows         152
xllcorner     146499.907223
yllcorner     75332.943423
cellsize      50.000000
NODATA_value  -9999.0
[rows 84 to 111 of 152, columns 0 to 62 of 69]
0.000000 0.000000 0.000000 0.000000 0.000000 0.000000 0.000000 0.000000 0.300168 0.300209 0.300146 0.300207 0.300157 0.300017 0.300327 0.300306 0.299938 0.300104 0.300361 0.300708 0.300577 0.300040 0.300000 0.300000 0.300000 0.300000 0.300000 0.300000 0.299479 0.299851 0.300278 0.300536 0.299689 0.300207 0.300250 0.300188 0.300287 0.300297 0.300133 0.300226 0.300111 0.300197 0.300203 0.300212 0.300157 0.000000 0.000000 0.000000 0.000000 0.000000 0.000000 0.000000 0.000000 0.000000 0.000000 0.000000 0.000000 0.000000 0.000000 0.000000 0.000000 0.000000 0.000000
0.000000 0.000000 0.000000 0.000000 0.000000 0.000000 0.000000 0.000000 0.300280 0.299955 0.300117 0.300345 0.300306 0.300263 0.299895 0.300333 0.299810 0.299757 0.298249 0.300300 0.300101 0.299369 0.298399 0.300225 0.299775 0.300119 0.299918 0.300000 0.300320 0.299677 0.300134 0.300946 0.299526 0.300186 0.299908 0.300221 0.300202 0.300254 0.300201 0.300303 0.300107 0.300327 0.300208 0.300265 0.300093 0.000000 0.000000 0.000000 0.000000 0.000000 0.000000 0.000000 0.000000 0.000000 0.000000 0.000000 0.000000 0.000000 0.000000 0.000000 0.000000 0.000000 0.000000
0.000000 0.000000 0.000000 0.000000 0.000000 0.000000 0.000000 0.000000 0.300162 0.300189 0.300153 0.300129 0.300190 0.300185 0.300269 0.300162 0.300189 0.300125 0.300227 0.299792 0.300173 0.300199 0.300363 0.300095 0.300285 0.300268 0.300104 0.299864 0.300000 0.299921 0.300229 0.300402 0.300056 0.300403 0.300099 0.300381 0.300080 0.300114 0.300081 0.300231 0.300057 0.300195 0.300009 0.300003 0.000000 0.000000 0.000000 0.000000 0.000000 0.000000 0.000000 0.000000 0.000000 0.000000 0.000000 0.000000 0.000000 0.000000 0.000000 0.000000 0.000000 0.000000 0.000000
0.000000 0.000000 0.000000 0.000000 0.000000 0.000000 0.000000 0.000000 0.000000 0.300137 0.300273 0.300242 0.300308 0.300243 0.300371 0.300160 0.300283 0.300321 0.300507 0.300097 0.300344 0.300298 0.299700 0.300286 0.299925 0.300215 0.300172 0.300026 0.300000 0.299998 0.300264 0.300535 0.299949 0.300352 0.300068 0.300298 0.300025 0.300119 0.300136 0.300296 0.300071 0.300128 0.300003 0.000000 0.000000 0.000000 0.000000 0.000000 0.000000 0.000000 0.000000 0.000000 0.000000 0.000000 0.000000 0.000000 0.000000 0.000000 0.000000 0.000000 0.000000 0.000000 0.000000
0.000000 0.000000 0.000000 0.000000 0.000000 0.000000 0.000000 0.000000 0.000000 0.300157 0.300186 0.300126 0.299988 0.299957 0.300189 0.300072 0.300206 0.299666 0.300156 0.299766 0.300277 0.300080 0.300441 0.300137 0.300289 0.300222 0.300183 0.300270 0.300000 0.300100 0.300338 0.300610 0.299995 0.300013 0.300001 0.300081 0.300071 0.300248 0.300141 0.300366 0.300127 0.300268 0.300062 0.300002 0.000000 0.000000 0.000000 0.000000 0.000000 0.000000 0.000000 0.000000 0.000000 0.000000 0.000000 0.000000 0.000000 0.000000 0.000000 0.000000 0.000000 0.000000 0.000000
0.000000 0.000000 0.000000 0.000000 0.000000 0.000000 0.000000 0.000000 0.000000 0.000000 0.300108 0.300283 0.300326 0.300220 0.300284 0.300236 0.299902 0.300157 0.300342 0.300289 0.300160 0.300295 0.300847 0.299984 0.299886 0.299972 0.299292 0.300221 0.300000 0.300358 0.300139 0.300230 0.300003 0.300001 0.300002 0.300021 0.300087 0.300175 0.300112 0.300239 0.300033 0.300126 0.300074 0.300083 0.300002 0.000000 0.000000 0.000000 0.000000 0.000000 0.000000 0.000000 0.000000 0.000000 0.000000 0.000000 0.000000 0.000000 0.000000 0.000000 0.000000 0.000000 0.000000
0.000000 0.000000 0.000000 0.000000 0.000000 0.000000 0.000000 0.000000 0.000000 0.000000 0.300140 0.300113 0.300160 0.300009 0.300256 0.300139 0.300265 0.299926 0.300227 0.300139 0.300276 0.299276 0.300406 0.300222 0.300079 0.300421 0.300040 0.300000 0.299950 0.300245 0.300130 0.300431 0.300001 0.300228 0.300002 0.300337 0.299982 0.300290 0.300222 0.300402 0.300132 0.300377 0.300342 0.300429 0.300366 0.300124 0.000000 0.000000 0.000000 0.000000 0.000000 0.000000 0.000000 0.000000 0.000000 0.000000 0.000000 0.000000 0.000000 0.000000 0.000000 0.000000 0.000000
0.000000 0.000000 0.000000 0.000000 0.000000 0.000000 0.000000 0.000000 0.000000 0.000000 0.300280 0.300213 0.300326 0.300264 0.300244 0.300158 0.300215 0.300163 0.300255 0.300323 0.299660 0.300233 0.300120 0.300242 0.300239 0.300341 0.300082 0.300000 0.299922 0.300106 0.300295 0.300442 0.300087 0.300519 0.300075 0.300032 0.300074 0.300090 0.300205 0.300344 0.300001 0.300092 0.300091 0.300278 0.300124 0.300070 0.300122 0.000000 0.000000 0.000000 0.000000 0.000000 0.000000 0.000000 0.000000 0.000000 0.000000 0.000000 0.000000 0.000000 0.000000 0.000000 0.000000
0.000000 0.000000 0.000000 0.000000 0.000000 0.000000 0.000000 0.000000 0.000000 0.000000 0.300091 0.300046 0.300155 0.300085 0.300349 0.300087 0.300407 0.300176 0.300206 0.299519 0.300387 0.300139 0.300347 0.300423 0.300936 0.298787 0.301437 0.300000 0.299944 0.300307 0.300185 0.300101 0.299835 0.299951 0.300670 0.300269 0.300198 0.300234 0.300373 0.300097 0.300300 0.300315 0.300224 0.300225 0.300225 0.300319 0.300260 0.300169 0.000000 0.000000 0.000000 0.000000 0.000000 0.000000 0.000000 0.000000 0.000000 0.000000 0.000000 0.000000 0.000000 0.000000 0.000000
0.000000 0.000000 0.000000 0.000000 0.000000 0.000000 0.000000 0.000000 0.000000 0.000000 0.300106 0.300307 0.300246 0.300187 0.300121 0.300110 0.300429 0.300112 0.299691 0.300292 0.300343 0.299835 0.298534 0.300293 0.300049 0.299828 0.300457 0.300000 0.299909 0.300109 0.300381 0.299954 0.300264 0.300094 0.300318 0.300116 0.300121 0.300253 0.300019 0.300102 0.300039 0.300250 0.300169 0.300285 0.300190 0.300168 0.300181 0.300183 0.000000 0.000000 0.000000 0.000000 0.000000 0.000000 0.000000 0.000000 0.000000 0.000000 0.000000 0.000000 0.000000 0.000000 0.000000
0.000000 0.000000 0.000000 0.000000 0.000000 0.000000 0.000000 0.000000 0.000000 0.000000 0.300002 0.300002 0.300431 0.300166 0.300247 0.300254 0.300068 0.300203 0.300414 0.299802 0.300288 0.299851 0.300392 0.300056 0.300295 0.300002 0.300553 0.300000 0.299738 0.300324 0.299996 0.300060 0.300205 0.300045 0.300239 0.300002 0.300149 0.300258 0.300221 0.300287 0.300276 0.300315 0.300077 0.299962 0.300134 0.300277 0.300121 0.300212 0.300118 0.300113 0.000000 0.000000 0.000000 0.000000 0.000000 0.000000 0.000000 0.000000 0.000000 0.000000 0.000000 0.000000 0.000000
0.000000 0.000000 0.000000 0.000000 0.000000 0.000000 0.000000 0.000000 0.000000 0.000000 0.000000 0.300003 0.300273 0.300206 0.300285 0.300205 0.300124 0.300219 0.299922 0.300206 0.299949 0.300164 0.300262 0.300100 0.300382 0.299992 0.300442 0.299996 0.300000 0.300440 0.300030 0.300276 0.300118 0.300258 0.300220 0.300175 0.300137 0.300131 0.300156 0.300317 0.300151 0.300332 0.300399 0.300110 0.300244 0.300149 0.300229 0.300183 0.300245 0.300242 0.000000 0.000000 0.000000 0.000000 0.000000 0.000000 0.000000 0.000000 0.000000 0.000000 0.000000 0.000000 0.000000
0.000000 0.000000 0.000000 0.000000 0.000000 0.000000 0.000000 0.000000 0.000000 0.000000 0.000000 0.300003 0.300421 0.300136 0.300235 0.300217 0.300110 0.300228 0.300008 0.300013 0.300126 0.300091 0.300306 0.300014 0.300331 0.300225 0.300276 0.300137 0.300000 0.300328 0.300131 0.300134 0.300200 0.300118 0.300185 0.300111 0.300170 0.300087 0.300388 0.299812 0.300408 0.300099 0.300074 0.300450 0.299992 0.299763 0.300212 0.300255 0.300235 0.300119 0.000000 0.000000 0.000000 0.000000 0.000000 0.000000 0.000000 0.000000 0.000000 0.000000 0.000000 0.000000 0.000000
0.000000 0.000000 0.000000 0.000000 0.000000 0.000000 0.000000 0.000000 0.000000 0.000000 0.000000 0.000000 0.300035 0.300002 0.300378 0.300202 0.300222 0.300211 0.300007 0.300260 0.300218 0.300088 0.300220 0.300198 0.300222 0.300152 0.300183 0.299522 0.300000 0.300333 0.300076 0.300137 0.299846 0.300183 0.299996 0.300157 0.300218 0.300197 0.300173 0.300155 0.300229 0.300179 0.300113 0.300054 0.300274 0.299779 0.300206 0.300304 0.300008 0.300101 0.000000 0.000000 0.000000 0.000000 0.000000 0.000000 0.000000 0.000000 0.000000 0.000000 0.000000 0.000000 0.000000
0.000000 0.000000 0.000000 0.000000 0.000000 0.000000 0.000000 0.000000 0.000000 0.000000 0.000000 0.000000 0.000000 0.300060 0.300420 0.300218 0.300214 0.300283 0.300095 0.300041 0.300104 0.300154 0.300144 0.299504 0.300480 0.300284 0.298825 0.300169 0.300159 0.300000 0.300241 0.300281 0.300057 0.300156 0.300164 0.300126 0.300193 0.300128 0.300160 0.300222 0.300308 0.300090 0.299921 0.299825 0.300219 0.299596 0.300217 0.300286 0.300255 0.300191 0.000000 0.000000 0.000000 0.000000 0.000000 0.000000 0.000000 0.000000 0.000000 0.000000 0.000000 0.000000 0.000000
0.000000 0.000000 0.000000 0.000000 0.000000 0.000000 0.000000 0.000000 0.000000 0.000000 0.000000 0.000000 0.000000 0.000000 0.000000 0.000000 0.000000 0.000000 0.300165 0.300042 0.300327 0.300214 0.300256 0.300002 0.300327 0.300151 0.300142 0.300083 0.300312 0.300000 0.300393 0.300448 0.300548 0.300394 0.299799 0.300307 0.299807 0.300228 0.300130 0.300198 0.300219 0.299589 0.300527 0.300263 0.300178 0.298423 0.300211 0.300228 0.300146 0.300102 0.000000 0.000000 0.000000 0.000000 0.000000 0.000000 0.000000 0.000000 0.000000 0.000000 0.000000 0.000000 0.000000
0.000000 0.000000 0.000000 0.000000 0.000000 0.000000 0.000000 0.000000 0.000000 0.000000 0.000000 0.000000 0.000000 0.000000 0.000000 0.000000 0.000000 0.000000 0.000000 0.300087 0.300350 0.300165 0.299934 0.300204 0.300384 0.300196 0.300289 0.300028 0.300289 0.300903 0.300000 0.299794 0.300265 0.298933 0.300435 0.300191 0.300070 0.300103 0.300178 0.300077 0.300320 0.300350 0.299634 0.300045 0.299927 0.300143 0.300250 0.300116 0.300317 0.300281 0.000000 0.000000 0.000000 0.000000 0.000000 0.000000 0.000000 0.000000 0.000000 0.000000 0.000000 0.000000 0.000000
0.000000 0.000000 0.000000 0.000000 0.000000 0.000000 0.000000 0.000000 0.000000 0.000000 0.000000 0.000000 0.000000 0.000000 0.000000 0.000000 0.000000 0.000000 0.000000 0.000000 0.300209 0.300310 0.300252 0.300193 0.299840 0.299926 0.300002 0.300238 0.299205 0.300292 0.300252 0.300000 0.300000 0.300305 0.300218 0.298840 0.300192 0.300046 0.299817 0.300012 0.300172 0.297212 0.300207 0.299849 0.300268 0.300216 0.300154 0.300252 0.300167 0.300172 0.000000 0.000000 0.000000 0.000000 0.000000 0.000000 0.000000 0.000000 0.000000 0.000000 0.000000 0.000000 0.000000
0.000000 0.000000 0.000000 0.000000 0.000000 0.000000 0.000000 0.000000 0.000000 0.000000 0.000000 0.000000 0.000000 0.000000 0.000000 0.000000 0.000000 0.000000 0.000000 0.000000 0.000000 0.300117 0.300258 0.300222 0.300219 0.300238 0.300101 0.300345 0.300068 0.300258 0.299693 0.300103 0.300102 0.300000 0.300000 0.300795 0.300101 0.300118 0.300465 0.300251 0.299624 0.300188 0.298435 0.299870 0.300247 0.300099 0.300286 0.300166 0.300048 0.300076 0.000000 0.000000 0.000000 0.000000 0.000000 0.000000 0.000000 0.000000 0.000000 0.000000 0.000000 0.000000 0.000000
0.000000 0.000000 0.000000 0.000000 0.000000 0.000000 0.000000 0.000000 0.000000 0.000000 0.000000 0.000000 0.000000 0.000000 0.000000 0.000000 0.000000 0.000000 0.000000 0.000000 0.000000 0.000000 0.300160 0.300119 0.300396 0.300227 0.300168 0.300252 0.300124 0.300286 0.299769 0.300020 0.300280 0.300124 0.300091 0.300000 0.300230 0.300419 0.300166 0.300048 0.299859 0.299593 0.300155 0.300274 0.300212 0.300171 0.300136 0.300157 0.300269 0.300041 0.000000 0.000000 0.000000 0.000000 0.000000 0.000000 0.000000 0.000000 0.000000 0.000000 0.000000 0.000000 0.000000
0.000000 0.000000 0.000000 0.000000 0.000000 0.000000 0.000000 0.000000 0.000000 0.000000 0.000000 0.000000 0.000000 0.000000 0.000000 0.000000 0.000000 0.000000 0.000000 0.000000 0.000000 0.000000 0.000000 0.300133 0.300216 0.300123 0.300122 0.300164 0.300127 0.300209 0.299963 0.299930 0.299248 0.300268 0.300251 0.300235 0.300000 0.299736 0.301148 0.298265 0.301454 0.300373 0.300138 0.299761 0.300256 0.300136 0.300136 0.300203 0.300133 0.300256 0.000000 0.000000 0.000000 0.000000 0.000000 0.000000 0.000000 0.000000 0.000000 0.000000 0.000000 0.000000 0.000000
0.000000 0.000000 0.000000 0.000000 0.000000 0.000000 0.000000 0.000000 0.000000 0.000000 0.000000 0.000000 0.000000 0.000000 0.000000 0.000000 0.000000 0.000000 0.000000 0.000000 0.000000 0.000000 0.000000 0.000000 0.300145 0.300236 0.300161 0.300225 0.300235 0.300152 0.300034 0.300216 0.300219 0.299657 0.300145 0.300210 0.300200 0.300000 0.302090 0.300384 0.300180 0.300241 0.299579 0.299654 0.300151 0.300187 0.300163 0.299740 0.300119 0.300278 0.000000 0.000000 0.000000 0.000000 0.000000 0.000000 0.000000 0.000000 0.000000 0.000000 0.000000 0.000000 0.000000
0.000000 0.000000 0.000000 0.000000 0.000000 0.000000 0.000000 0.000000 0.000000 0.000000 0.000000 0.000000 0.000000 0.000000 0.000000 0.000000 0.000000 0.000000 0.000000 0.000000 0.000000 0.000000 0.000000 0.000000 0.300300 0.300168 0.300165 0.300219 0.300064 0.300267 0.300185 0.300082 0.300203 0.300192 0.300258 0.300144 0.300119 0.300000 0.298705 0.299785 0.300231 0.299089 0.298003 0.299774 0.300321 0.299434 0.300011 0.300113 0.300197 0.300146 0.300198 0.000000 0.000000 0.000000 0.000000 0.000000 0.000000 0.000000 0.000000 0.000000 0.000000 0.000000 0.000000
0.000000 0.000000 0.000000 0.000000 0.000000 0.000000 0.000000 0.000000 0.000000 0.000000 0.000000 0.000000 0.000000 0.000000 0.000000 0.000000 0.000000 0.000000 0.000000 0.000000 0.000000 0.000000 0.000000 0.000000 0.000000 0.300047 0.300255 0.300157 0.300315 0.300146 0.300274 0.300108 0.300141 0.300218 0.300019 0.300102 0.300000 0.300128 0.300218 0.299439 0.301268 0.300277 0.300287 0.300051 0.300030 0.299498 0.300266 0.299991 0.300055 0.299892 0.300220 0.300146 0.000000 0.000000 0.000000 0.000000 0.000000 0.000000 0.000000 0.000000 0.000000 0.000000 0.000000
0.000000 0.000000 0.000000 0.000000 0.000000 0.000000 0.000000 0.000000 0.000000 0.000000 0.000000 0.000000 0.000000 0.000000 0.000000 0.000000 0.000000 0.000000 0.000000 0.000000 0.000000 0.000000 0.000000 0.000000 0.000000 0.300182 0.300201 0.300189 0.300151 0.300183 0.300109 0.300193 0.300315 0.300197 0.299099 0.300000 0.300097 0.300154 0.300000 0.300808 0.299155 0.301646 0.299594 0.300126 0.297002 0.300184 0.299955 0.299898 0.300265 0.300144 0.300230 0.300262 0.300250 0.000000 0.000000 0.000000 0.000000 0.000000 0.000000 0.000000 0.000000 0.000000 0.000000
0.000000 0.000000 0.000000 0.000000 0.000000 0.000000 0.000000 0.000000 0.000000 0.000000 0.000000 0.000000 0.000000 0.000000 0.000000 0.000000 0.000000 0.000000 0.000000 0.000000 0.000000 0.000000 0.000000 0.000000 0.000000 0.300108 0.300176 0.300154 0.300177 0.300148 0.300129 0.300264 0.299829 0.300109 0.297971 0.300000 0.300058 0.300000 0.300186 0.299700 0.300190 0.300199 0.300042 0.300006 0.300330 0.299763 0.300271 0.300186 0.300183 0.300157 0.300160 0.299828 0.300168 0.000000 0.000000 0.000000 0.000000 0.000000 0.000000 0.000000 0.000000 0.000000 0.000000
0.000000 0.000000 0.000000 0.000000 0.000000 0.000000 0.000000 0.000000 0.000000 0.000000 0.000000 0.000000 0.000000 0.000000 0.000000 0.000000 0.000000 0.000000 0.000000 0.000000 0.000000 0.000000 0.000000 0.000000 0.000000 0.300297 0.300345 0.300103 0.299740 0.299965 0.299547 0.299334 0.299557 0.299466 0.300174 0.300000 0.300000 0.300072 0.300209 0.298381 0.299737 0.300023 0.300151 0.300084 0.300052 0.300181 0.300140 0.300201 0.300169 0.300162 0.300169 0.300169 0.300171 0.300178 0.300176 0.000000 0.000000 0.300314 0.300081 0.300066 0.300110 0.300255 0.000000
0.000000 0.000000 0.000000 0.000000 0.000000 0.000000 0.000000 0.000000 0.000000 0.000000 0.000000 0.000000 0.000000 0.000000 0.000000 0.000000 0.000000 0.000000 0.000000 0.000000 0.000000 0.000000 0.000000 0.000000 0.000000 0.000000 0.300173 0.300229 0.300031 0.300069 0.299741 0.300193 0.299980 0.300234 0.300325 0.300000 0.299981 0.300186 0.300221 0.300239 0.300334 0.300480 0.300138 0.300045 0.300190 0.300218 0.300187 0.300141 0.300170 0.300187 0.300166 0.300168 0.300235 0.300086 0.300255 0.300241 0.300067 0.300223 0.300140 0.300123 0.300227 0.300131 0.300090
