geotop/1.0zi/1.0Montebello/Templates/Dripsey/maps/_Eocsand0140.asc
ncols         69
nrows         152
xllcorner     146499.907223
yllcorner     75332.943423
cellsize      50.000000
NODATA_value  -9999.0
[rows 84 to 111 of 152, columns 0 to 62 of 69]
0.000000 0.000000 0.000000 0.000000 0.000000 0.000000 0.000000 0.000000 0.300135 0.300164 0.300103 0.300159 0.300127 0.300022 0.300254 0.300241 0.299939 0.300085 0.300279 0.300521 0.300488 0.300030 0.300000 0.300000 0.300000 0.300000 0.300000 0.300000 0.299589 0.299885 0.300204 0.300459 0.299726 0.300153 0.300175 0.300143 0.300225 0.300219 0.300110 0.300171 0.300090 0.300157 0.300158 0.300169 0.300117 0.000000 0.000000 0.000000 0.000000 0.000000 0.000000 0.000000 0.000000 0.000000 0.000000 0.000000 0.000000 0.000000 0.000000 0.000000 0.000000 0.000000 0.000000
0.000000 0.000000 0.000000 0.000000 0.000000 0.000000 0.000000 0.000000 0.300217 0.299953 0.300085 0.300265 0.300233 0.300201 0.299901 0.300260 0.299857 0.299775 0.298640 0.300232 0.300107 0.299502 0.298742 0.300173 0.299821 0.300090 0.299930 0.300000 0.300245 0.299736 0.300096 0.300787 0.299608 0.300137 0.299873 0.300169 0.300154 0.300188 0.300157 0.300228 0.300084 0.300255 0.300169 0.300218 0.300083 0.000000 0.000000 0.000000 0.000000 0.000000 0.000000 0.000000 0.000000 0.000000 0.000000 0.000000 0.000000 0.000000 0.000000 0.000000 0.000000 0.000000 0.000000
0.000000 0.000000 0.000000 0.000000 0.000000 0.000000 0.000000 0.000000 0.300123 0.300154 0.300124 0.300099 0.300150 0.300148 0.300204 0.300116 0.300145 0.300085 0.300174 0.299818 0.300140 0.300166 0.300276 0.300068 0.300219 0.300207 0.300076 0.299887 0.300000 0.299928 0.300170 0.300327 0.300020 0.300303 0.300084 0.300284 0.300079 0.300093 0.300072 0.300180 0.300056 0.300160 0.300009 0.300003 0.000000 0.000000 0.000000 0.000000 0.000000 0.000000 0.000000 0.000000 0.000000 0.000000 0.000000 0.000000 0.000000 0.000000 0.000000 0.000000 0.000000 0.000000 0.000000
0.000000 0.000000 0.000000 0.000000 0.000000 0.000000 0.000000 0.000000 0.000000 0.300100 0.300212 0.300190 0.300243 0.300193 0.300286 0.300113 0.300216 0.300247 0.300402 0.300063 0.300273 0.300227 0.299768 0.300224 0.299938 0.300169 0.300131 0.300017 0.300000 0.299976 0.300202 0.300379 0.299996 0.300283 0.300068 0.300218 0.300040 0.300098 0.300102 0.300232 0.300070 0.300128 0.300002 0.000000 0.000000 0.000000 0.000000 0.000000 0.000000 0.000000 0.000000 0.000000 0.000000 0.000000 0.000000 0.000000 0.000000 0.000000 0.000000 0.000000 0.000000 0.000000 0.000000
0.000000 0.000000 0.000000 0.000000 0.000000 0.000000 0.000000 0.000000 0.000000 0.300122 0.300143 0.300095 0.299983 0.299961 0.300140 0.300050 0.300161 0.299714 0.300115 0.299790 0.300218 0.300055 0.300338 0.300104 0.300223 0.300174 0.300138 0.300212 0.300000 0.300058 0.300265 0.300489 0.299994 0.300012 0.300001 0.300080 0.300070 0.300199 0.300112 0.300273 0.300088 0.300218 0.300062 0.300001 0.000000 0.000000 0.000000 0.000000 0.000000 0.000000 0.000000 0.000000 0.000000 0.000000 0.000000 0.000000 0.000000 0.000000 0.000000 0.000000 0.000000 0.000000 0.000000
0.000000 0.000000 0.000000 0.000000 0.000000 0.000000 0.000000 0.000000 0.000000 0.000000 0.300072 0.300222 0.300251 0.300172 0.300216 0.300185 0.299909 0.300112 0.300277 0.300220 0.300123 0.300231 0.300633 0.299994 0.299931 0.299908 0.299463 0.300167 0.300000 0.300246 0.300106 0.300230 0.300002 0.300001 0.300001 0.300021 0.300065 0.300131 0.300097 0.300191 0.300024 0.300096 0.300074 0.300083 0.300001 0.000000 0.000000 0.000000 0.000000 0.000000 0.000000 0.000000 0.000000 0.000000 0.000000 0.000000 0.000000 0.000000 0.000000 0.000000 0.000000 0.000000 0.000000
0.000000 0.000000 0.000000 0.000000 0.000000 0.000000 0.000000 0.000000 0.000000 0.000000 0.300115 0.300088 0.300126 0.300005 0.300202 0.300096 0.300198 0.299910 0.300182 0.300106 0.300208 0.299448 0.300311 0.300171 0.300055 0.300326 0.300034 0.300000 0.299953 0.300173 0.300107 0.300350 0.300001 0.300229 0.300001 0.300275 0.299951 0.300214 0.300166 0.300307 0.300102 0.300293 0.300267 0.300332 0.300296 0.300094 0.000000 0.000000 0.000000 0.000000 0.000000 0.000000 0.000000 0.000000 0.000000 0.000000 0.000000 0.000000 0.000000 0.000000 0.000000 0.000000 0.000000
0.000000 0.000000 0.000000 0.000000 0.000000 0.000000 0.000000 0.000000 0.000000 0.000000 0.300209 0.300166 0.300247 0.300212 0.300176 0.300130 0.300170 0.300126 0.300201 0.300252 0.299724 0.300186 0.300090 0.300191 0.300177 0.300273 0.300057 0.300000 0.299928 0.300068 0.300237 0.300301 0.300086 0.300409 0.300064 0.300020 0.300037 0.300060 0.300153 0.300270 0.299993 0.300081 0.300072 0.300221 0.300098 0.300067 0.300092 0.000000 0.000000 0.000000 0.000000 0.000000 0.000000 0.000000 0.000000 0.000000 0.000000 0.000000 0.000000 0.000000 0.000000 0.000000 0.000000
0.000000 0.000000 0.000000 0.000000 0.000000 0.000000 0.000000 0.000000 0.000000 0.000000 0.300078 0.300045 0.300119 0.300075 0.300270 0.300051 0.300314 0.300143 0.300155 0.299597 0.300297 0.300108 0.300269 0.300308 0.300720 0.299095 0.301060 0.300000 0.299964 0.300260 0.300095 0.300106 0.299829 0.299934 0.300538 0.300221 0.300148 0.300179 0.300290 0.300054 0.300237 0.300240 0.300167 0.300164 0.300169 0.300244 0.300208 0.300129 0.000000 0.000000 0.000000 0.000000 0.000000 0.000000 0.000000 0.000000 0.000000 0.000000 0.000000 0.000000 0.000000 0.000000 0.000000
0.000000 0.000000 0.000000 0.000000 0.000000 0.000000 0.000000 0.000000 0.000000 0.000000 0.300105 0.300255 0.300194 0.300153 0.300078 0.300092 0.300325 0.300082 0.299732 0.300230 0.300293 0.299833 0.298870 0.300229 0.300039 0.299826 0.300380 0.300000 0.299930 0.300103 0.300267 0.299961 0.300197 0.300069 0.300250 0.300096 0.300089 0.300197 0.299989 0.300078 0.300029 0.300196 0.300140 0.300226 0.300156 0.300137 0.300149 0.300146 0.000000 0.000000 0.000000 0.000000 0.000000 0.000000 0.000000 0.000000 0.000000 0.000000 0.000000 0.000000 0.000000 0.000000 0.000000
0.000000 0.000000 0.000000 0.000000 0.000000 0.000000 0.000000 0.000000 0.000000 0.000000 0.300001 0.300001 0.300351 0.300137 0.300177 0.300199 0.300041 0.300159 0.300317 0.299804 0.300223 0.299869 0.300302 0.300045 0.300235 0.300002 0.300425 0.300000 0.299791 0.300280 0.299952 0.300048 0.300162 0.300027 0.300188 0.300008 0.300111 0.300224 0.300169 0.300218 0.300218 0.300238 0.300044 0.299960 0.300094 0.300199 0.300084 0.300159 0.300089 0.300084 0.000000 0.000000 0.000000 0.000000 0.000000 0.000000 0.000000 0.000000 0.000000 0.000000 0.000000 0.000000 0.000000
0.000000 0.000000 0.000000 0.000000 0.000000 0.000000 0.000000 0.000000 0.000000 0.000000 0.000000 0.300002 0.300237 0.300166 0.300205 0.300168 0.300091 0.300175 0.299926 0.300161 0.299934 0.300128 0.300203 0.300086 0.300293 0.299992 0.300335 0.299987 0.300000 0.300334 0.300029 0.300218 0.300091 0.300203 0.300150 0.300136 0.300090 0.300100 0.300121 0.300241 0.300124 0.300263 0.300309 0.300092 0.300194 0.300106 0.300181 0.300148 0.300195 0.300190 0.000000 0.000000 0.000000 0.000000 0.000000 0.000000 0.000000 0.000000 0.000000 0.000000 0.000000 0.000000 0.000000
0.000000 0.000000 0.000000 0.000000 0.000000 0.000000 0.000000 0.000000 0.000000 0.000000 0.000000 0.300002 0.300344 0.300113 0.300175 0.300175 0.300075 0.300182 0.300000 0.299992 0.300096 0.300080 0.300236 0.300005 0.300256 0.300180 0.300209 0.300103 0.300000 0.300246 0.300096 0.300106 0.300156 0.300097 0.300139 0.300092 0.300131 0.300064 0.300297 0.299848 0.300311 0.300074 0.300064 0.300340 0.299975 0.299800 0.300164 0.300195 0.300185 0.300092 0.000000 0.000000 0.000000 0.000000 0.000000 0.000000 0.000000 0.000000 0.000000 0.000000 0.000000 0.000000 0.000000
0.000000 0.000000 0.000000 0.000000 0.000000 0.000000 0.000000 0.000000 0.000000 0.000000 0.000000 0.000000 0.300034 0.300001 0.300303 0.300161 0.300161 0.300169 0.300000 0.300205 0.300169 0.300068 0.300166 0.300157 0.300166 0.300115 0.300139 0.299607 0.300000 0.300252 0.300057 0.300106 0.299840 0.300131 0.299960 0.300118 0.300160 0.300154 0.300124 0.300122 0.300181 0.300135 0.300082 0.300049 0.300217 0.299782 0.300162 0.300232 0.299996 0.300084 0.000000 0.000000 0.000000 0.000000 0.000000 0.000000 0.000000 0.000000 0.000000 0.000000 0.000000 0.000000 0.000000
0.000000 0.000000 0.000000 0.000000 0.000000 0.000000 0.000000 0.000000 0.000000 0.000000 0.000000 0.000000 0.000000 0.300060 0.300315 0.300180 0.300155 0.300223 0.300066 0.300007 0.300077 0.300094 0.300125 0.299564 0.300373 0.300214 0.299092 0.300130 0.300107 0.300000 0.300182 0.300216 0.300022 0.300116 0.300113 0.300099 0.300151 0.300096 0.300125 0.300167 0.300238 0.300063 0.299917 0.299846 0.300163 0.299698 0.300165 0.300222 0.300199 0.300147 0.000000 0.000000 0.000000 0.000000 0.000000 0.000000 0.000000 0.000000 0.000000 0.000000 0.000000 0.000000 0.000000
0.000000 0.000000 0.000000 0.000000 0.000000 0.000000 0.000000 0.000000 0.000000 0.000000 0.000000 0.000000 0.000000 0.000000 0.000000 0.000000 0.000000 0.000000 0.300126 0.300042 0.300256 0.300169 0.300204 0.300002 0.300261 0.300120 0.300107 0.300077 0.300224 0.300000 0.300344 0.300375 0.300429 0.300312 0.299805 0.300244 0.299814 0.300175 0.300110 0.300158 0.300172 0.299618 0.300404 0.300207 0.300139 0.298746 0.300164 0.300177 0.300112 0.300077 0.000000 0.000000 0.000000 0.000000 0.000000 0.000000 0.000000 0.000000 0.000000 0.000000 0.000000 0.000000 0.000000
0.000000 0.000000 0.000000 0.000000 0.000000 0.000000 0.000000 0.000000 0.000000 0.000000 0.000000 0.000000 0.000000 0.000000 0.000000 0.000000 0.000000 0.000000 0.000000 0.300065 0.300268 0.300133 0.299930 0.300165 0.300296 0.300153 0.300221 0.300025 0.300227 0.300723 0.300000 0.299830 0.300231 0.299160 0.300334 0.300142 0.300038 0.300067 0.300135 0.300064 0.300244 0.300280 0.299681 0.300031 0.299946 0.300108 0.300196 0.300085 0.300245 0.300213 0.000000 0.000000 0.000000 0.000000 0.000000 0.000000 0.000000 0.000000 0.000000 0.000000 0.000000 0.000000 0.000000
0.000000 0.000000 0.000000 0.000000 0.000000 0.000000 0.000000 0.000000 0.000000 0.000000 0.000000 0.000000 0.000000 0.000000 0.000000 0.000000 0.000000 0.000000 0.000000 0.000000 0.300164 0.300245 0.300191 0.300135 0.299870 0.299928 0.300004 0.300155 0.299357 0.300231 0.300185 0.300000 0.300000 0.300240 0.300176 0.299068 0.300142 0.300053 0.299819 0.300012 0.300142 0.297871 0.300149 0.299891 0.300198 0.300165 0.300127 0.300199 0.300131 0.300132 0.000000 0.000000 0.000000 0.000000 0.000000 0.000000 0.000000 0.000000 0.000000 0.000000 0.000000 0.000000 0.000000
0.000000 0.000000 0.000000 0.000000 0.000000 0.000000 0.000000 0.000000 0.000000 0.000000 0.000000 0.000000 0.000000 0.000000 0.000000 0.000000 0.000000 0.000000 0.000000 0.000000 0.000000 0.300087 0.300201 0.300181 0.300158 0.300183 0.300071 0.300268 0.300049 0.300195 0.299754 0.300082 0.300081 0.300000 0.300000 0.300670 0.300078 0.300082 0.300361 0.300186 0.299720 0.300142 0.298780 0.299903 0.300190 0.300071 0.300221 0.300124 0.300036 0.300055 0.000000 0.000000 0.000000 0.000000 0.000000 0.000000 0.000000 0.000000 0.000000 0.000000 0.000000 0.000000 0.000000
0.000000 0.000000 0.000000 0.000000 0.000000 0.000000 0.000000 0.000000 0.000000 0.000000 0.000000 0.000000 0.000000 0.000000 0.000000 0.000000 0.000000 0.000000 0.000000 0.000000 0.000000 0.000000 0.300122 0.300095 0.300302 0.300176 0.300127 0.300199 0.300092 0.300223 0.299805 0.300011 0.300218 0.300096 0.300067 0.300000 0.300177 0.300321 0.300129 0.300027 0.299859 0.299695 0.300120 0.300215 0.300161 0.300133 0.300110 0.300122 0.300209 0.300030 0.000000 0.000000 0.000000 0.000000 0.000000 0.000000 0.000000 0.000000 0.000000 0.000000 0.000000 0.000000 0.000000
0.000000 0.000000 0.000000 0.000000 0.000000 0.000000 0.000000 0.000000 0.000000 0.000000 0.000000 0.000000 0.000000 0.000000 0.000000 0.000000 0.000000 0.000000 0.000000 0.000000 0.000000 0.000000 0.000000 0.300101 0.300169 0.300100 0.300094 0.300133 0.300089 0.300163 0.299960 0.299941 0.299405 0.300205 0.300195 0.300183 0.300000 0.299789 0.300857 0.298703 0.301069 0.300285 0.300111 0.299795 0.300197 0.300101 0.300104 0.300153 0.300100 0.300197 0.000000 0.000000 0.000000 0.000000 0.000000 0.000000 0.000000 0.000000 0.000000 0.000000 0.000000 0.000000 0.000000
0.000000 0.000000 0.000000 0.000000 0.000000 0.000000 0.000000 0.000000 0.000000 0.000000 0.000000 0.000000 0.000000 0.000000 0.000000 0.000000 0.000000 0.000000 0.000000 0.000000 0.000000 0.000000 0.000000 0.000000 0.300112 0.300185 0.300122 0.300177 0.300179 0.300121 0.300022 0.300171 0.300167 0.299684 0.300113 0.300165 0.300156 0.300000 0.301573 0.300294 0.300144 0.300181 0.299650 0.299690 0.300108 0.300140 0.300126 0.299791 0.300090 0.300216 0.000000 0.000000 0.000000 0.000000 0.000000 0.000000 0.000000 0.000000 0.000000 0.000000 0.000000 0.000000 0.000000
0.000000 0.000000 0.000000 0.000000 0.000000 0.000000 0.000000 0.000000 0.000000 0.000000 0.000000 0.000000 0.000000 0.000000 0.000000 0.000000 0.000000 0.000000 0.000000 0.000000 0.000000 0.000000 0.000000 0.000000 0.300231 0.300132 0.300125 0.300172 0.300046 0.300210 0.300139 0.300065 0.300159 0.300148 0.300230 0.300109 0.300096 0.300000 0.299037 0.299824 0.300175 0.299354 0.298506 0.299803 0.300191 0.299560 0.299996 0.300083 0.300152 0.300110 0.300154 0.000000 0.000000 0.000000 0.000000 0.000000 0.000000 0.000000 0.000000 0.000000 0.000000 0.000000 0.000000
0.000000 0.000000 0.000000 0.000000 0.000000 0.000000 0.000000 0.000000 0.000000 0.000000 0.000000 0.000000 0.000000 0.000000 0.000000 0.000000 0.000000 0.000000 0.000000 0.000000 0.000000 0.000000 0.000000 0.000000 0.000000 0.300037 0.300200 0.300129 0.300243 0.300118 0.300214 0.300084 0.300114 0.300172 0.299977 0.300082 0.300000 0.300101 0.300155 0.299594 0.300929 0.300205 0.300227 0.300050 0.300030 0.299568 0.300192 0.299993 0.300028 0.299913 0.300170 0.300111 0.000000 0.000000 0.000000 0.000000 0.000000 0.000000 0.000000 0.000000 0.000000 0.000000 0.000000
0.000000 0.000000 0.000000 0.000000 0.000000 0.000000 0.000000 0.000000 0.000000 0.000000 0.000000 0.000000 0.000000 0.000000 0.000000 0.000000 0.000000 0.000000 0.000000 0.000000 0.000000 0.000000 0.000000 0.000000 0.000000 0.300140 0.300154 0.300148 0.300108 0.300140 0.300080 0.300150 0.300241 0.300148 0.299308 0.300000 0.300074 0.300119 0.300000 0.300657 0.299350 0.301214 0.299679 0.300079 0.297723 0.300152 0.299923 0.299916 0.300205 0.300110 0.300179 0.300202 0.300194 0.000000 0.000000 0.000000 0.000000 0.000000 0.000000 0.000000 0.000000 0.000000 0.000000
0.000000 0.000000 0.000000 0.000000 0.000000 0.000000 0.000000 0.000000 0.000000 0.000000 0.000000 0.000000 0.000000 0.000000 0.000000 0.000000 0.000000 0.000000 0.000000 0.000000 0.000000 0.000000 0.000000 0.000000 0.000000 0.300083 0.300140 0.300124 0.300131 0.300112 0.300099 0.300204 0.299856 0.300079 0.298408 0.300000 0.300057 0.300000 0.300147 0.299778 0.300132 0.300175 0.299996 0.299990 0.300260 0.299787 0.300210 0.300139 0.300142 0.300119 0.300123 0.299861 0.300132 0.000000 0.000000 0.000000 0.000000 0.000000 0.000000 0.000000 0.000000 0.000000 0.000000
0.000000 0.000000 0.000000 0.000000 0.000000 0.000000 0.000000 0.000000 0.000000 0.000000 0.000000 0.000000 0.000000 0.000000 0.000000 0.000000 0.000000 0.000000 0.000000 0.000000 0.000000 0.000000 0.000000 0.000000 0.000000 0.300230 0.300266 0.300076 0.299785 0.299968 0.299637 0.299439 0.299675 0.299518 0.300174 0.300000 0.300000 0.300054 0.300165 0.298780 0.299765 0.300024 0.300109 0.300074 0.300024 0.300134 0.300105 0.300161 0.300136 0.300126 0.300132 0.300130 0.300132 0.300135 0.300136 0.000000 0.000000 0.300242 0.300070 0.300062 0.300084 0.300200 0.000000
0.000000 0.000000 0.000000 0.000000 0.000000 0.000000 0.000000 0.000000 0.000000 0.000000 0.000000 0.000000 0.000000 0.000000 0.000000 0.000000 0.000000 0.000000 0.000000 0.000000 0.000000 0.000000 0.000000 0.000000 0.000000 0.000000 0.300137 0.300173 0.300019 0.300050 0.299792 0.300146 0.299978 0.300184 0.300249 0.300000 0.299981 0.300146 0.300116 0.300154 0.300265 0.300370 0.300098 0.300014 0.300148 0.300165 0.300150 0.300111 0.300130 0.300141 0.300128 0.300128 0.300181 0.300063 0.300200 0.300188 0.300056 0.300174 0.300106 0.300087 0.300176 0.300104 0.300064
