geotop/1.0zi/1.0Montebello/Templates/Dripsey/maps/_Eocsilt0166.asc
ncols         69
nrows         152
xllcorner     146499.907223
yllcorner     75332.943423
cellsize      50.000000
NODATA_value  -9999.0
[rows 56 to 83 of 152, columns 0 to 62 of 69]
0.000000 0.000000 0.350160 0.350119 0.350069 0.349971 0.349907 0.349653 0.350097 0.349668 0.349895 0.350124 0.350219 0.349873 0.350235 0.350095 0.350142 0.350116 0.350118 0.350141 0.350199 0.350044 0.350133 0.350000 0.349836 0.350294 0.350058 0.349922 0.349972 0.350096 0.350225 0.349981 0.350075 0.350040 0.350039 0.350060 0.350045 0.350117 0.350058 0.350177 0.349906 0.349998 0.350145 0.350669 0.350000 0.350297 0.350076 0.350082 0.350219 0.350269 0.349968 0.350059 0.349879 0.349927 0.350009 0.349980 0.350023 0.350043 0.350104 0.349868 0.349942 0.000000 0.000000
0.000000 0.000000 0.000000 0.350062 0.350178 0.350113 0.350090 0.350082 0.350068 0.349993 0.350105 0.349585 0.349355 0.350122 0.350100 0.349860 0.350192 0.350114 0.350189 0.350089 0.350053 0.350009 0.349829 0.350000 0.350284 0.350130 0.349761 0.349833 0.349594 0.350080 0.349943 0.350148 0.350173 0.350052 0.350035 0.350185 0.349717 0.350109 0.350106 0.350144 0.350054 0.349658 0.350222 0.350000 0.350013 0.350368 0.349619 0.350232 0.349811 0.350420 0.350021 0.350057 0.350002 0.350144 0.350093 0.350129 0.350233 0.350148 0.350120 0.350076 0.000000 0.000000 0.000000
0.000000 0.000000 0.000000 0.350156 0.350039 0.350130 0.350198 0.350124 0.350096 0.350096 0.349915 0.350177 0.350181 0.350057 0.350276 0.350105 0.349923 0.349746 0.350097 0.349805 0.350282 0.349523 0.349647 0.350315 0.350000 0.350285 0.349968 0.350049 0.349901 0.349911 0.350164 0.349799 0.350203 0.350036 0.350045 0.350186 0.349721 0.350057 0.350058 0.350090 0.350090 0.350139 0.349910 0.350000 0.350064 0.350102 0.349999 0.350387 0.350072 0.350034 0.349987 0.350000 0.350001 0.350002 0.350002 0.350001 0.350104 0.350103 0.350204 0.000000 0.000000 0.000000 0.000000
0.000000 0.000000 0.000000 0.350158 0.350087 0.350161 0.349970 0.350047 0.349746 0.349287 0.350341 0.349762 0.349999 0.349527 0.349955 0.350397 0.349843 0.349799 0.349911 0.350033 0.350256 0.350169 0.350222 0.349994 0.350000 0.350521 0.349950 0.349916 0.349692 0.350073 0.349671 0.350145 0.350038 0.349838 0.349823 0.350111 0.350144 0.349034 0.349889 0.350064 0.350113 0.350097 0.350061 0.350000 0.349235 0.350183 0.349403 0.350403 0.349914 0.350118 0.350002 0.350021 0.350001 0.000000 0.000000 0.000000 0.000000 0.000000 0.000000 0.000000 0.000000 0.000000 0.000000
0.000000 0.000000 0.000000 0.350184 0.349994 0.349974 0.349905 0.349516 0.350085 0.350147 0.349883 0.349595 0.350173 0.348950 0.349670 0.349763 0.350237 0.350135 0.350075 0.349897 0.349894 0.349665 0.350020 0.349921 0.350000 0.349670 0.350363 0.350064 0.349973 0.350065 0.350232 0.350081 0.350210 0.350190 0.350168 0.350164 0.350009 0.350243 0.349650 0.350251 0.350051 0.350123 0.350000 0.350268 0.350058 0.349791 0.350142 0.350247 0.349960 0.350055 0.350004 0.350001 0.000000 0.000000 0.000000 0.000000 0.000000 0.000000 0.000000 0.000000 0.000000 0.000000 0.000000
0.000000 0.000000 0.000000 0.000000 0.000000 0.350137 0.350113 0.350221 0.350163 0.350086 0.350163 0.350174 0.349686 0.350082 0.350089 0.350167 0.350052 0.350219 0.350164 0.349508 0.350321 0.349787 0.349644 0.349711 0.350333 0.350000 0.350479 0.350242 0.349784 0.349994 0.350132 0.349724 0.350138 0.349766 0.349611 0.350064 0.350214 0.349928 0.350078 0.349761 0.350149 0.350000 0.349901 0.350058 0.350088 0.349946 0.350156 0.350284 0.350000 0.350003 0.350002 0.350002 0.000000 0.000000 0.000000 0.000000 0.000000 0.000000 0.000000 0.000000 0.000000 0.000000 0.000000
0.000000 0.000000 0.000000 0.000000 0.000000 0.000000 0.350128 0.350103 0.350068 0.350018 0.350134 0.350043 0.350232 0.349866 0.350104 0.350043 0.350276 0.350092 0.349909 0.349694 0.350273 0.349958 0.349594 0.350134 0.350095 0.349462 0.350000 0.350136 0.350010 0.350165 0.350152 0.349696 0.350210 0.350235 0.350277 0.350097 0.350131 0.350194 0.350045 0.349871 0.350000 0.350176 0.350117 0.350208 0.350102 0.350266 0.350032 0.350121 0.350031 0.350121 0.350001 0.350060 0.350001 0.000000 0.000000 0.000000 0.000000 0.000000 0.000000 0.000000 0.000000 0.000000 0.000000
0.000000 0.000000 0.000000 0.000000 0.000000 0.000000 0.000000 0.350122 0.350124 0.350042 0.350235 0.350148 0.350006 0.350194 0.350093 0.349966 0.350214 0.349920 0.349500 0.350068 0.350086 0.350202 0.350099 0.350106 0.349290 0.349817 0.350000 0.349902 0.350152 0.350094 0.349686 0.350020 0.350041 0.349470 0.349510 0.350051 0.350069 0.350041 0.350084 0.350000 0.349441 0.350407 0.349616 0.349589 0.349911 0.350165 0.349906 0.350263 0.350027 0.350170 0.350132 0.350218 0.350053 0.000000 0.000000 0.000000 0.000000 0.000000 0.000000 0.000000 0.000000 0.000000 0.000000
0.000000 0.000000 0.000000 0.000000 0.000000 0.000000 0.000000 0.000000 0.350073 0.350051 0.350139 0.350160 0.350154 0.350085 0.350087 0.349960 0.349691 0.350155 0.350151 0.350046 0.350271 0.350106 0.349978 0.350063 0.350200 0.350118 0.350088 0.350000 0.350102 0.350151 0.350021 0.350230 0.350074 0.350128 0.350245 0.349967 0.350090 0.350156 0.350161 0.350000 0.350047 0.350321 0.349960 0.350204 0.349542 0.350084 0.349972 0.350091 0.350227 0.350198 0.350263 0.350066 0.350270 0.000000 0.000000 0.000000 0.000000 0.000000 0.000000 0.000000 0.000000 0.000000 0.000000
0.000000 0.000000 0.000000 0.000000 0.000000 0.000000 0.000000 0.000000 0.000000 0.350028 0.350139 0.350140 0.350166 0.350093 0.349920 0.349720 0.350077 0.349772 0.350242 0.349494 0.350400 0.349497 0.350193 0.350150 0.350121 0.349981 0.350051 0.349985 0.350000 0.349968 0.350161 0.350244 0.350065 0.349681 0.349560 0.349747 0.349829 0.350152 0.350000 0.350133 0.350059 0.350353 0.350004 0.350020 0.350150 0.350106 0.350128 0.350230 0.349954 0.350057 0.349871 0.350004 0.000000 0.000000 0.000000 0.000000 0.000000 0.000000 0.000000 0.000000 0.000000 0.000000 0.000000
0.000000 0.000000 0.000000 0.000000 0.000000 0.000000 0.000000 0.000000 0.000000 0.350142 0.350171 0.350057 0.350222 0.350028 0.350139 0.350002 0.350142 0.350201 0.350131 0.350072 0.349307 0.350157 0.350072 0.350003 0.349753 0.349635 0.350242 0.350225 0.349992 0.350000 0.349936 0.350027 0.350265 0.350313 0.350305 0.350275 0.350255 0.350000 0.350157 0.349763 0.350030 0.350244 0.350049 0.350203 0.350049 0.350240 0.350041 0.350061 0.349949 0.350074 0.349958 0.350272 0.000000 0.000000 0.000000 0.000000 0.000000 0.000000 0.000000 0.000000 0.000000 0.000000 0.000000
0.000000 0.000000 0.000000 0.000000 0.000000 0.000000 0.000000 0.000000 0.000000 0.350154 0.350125 0.350042 0.350065 0.350119 0.350134 0.350035 0.350213 0.350165 0.350014 0.349229 0.350086 0.350235 0.350071 0.349842 0.349453 0.350219 0.349787 0.349143 0.350733 0.349559 0.350000 0.350006 0.350091 0.350428 0.350280 0.350165 0.350000 0.350339 0.349735 0.350197 0.349825 0.350124 0.350082 0.350054 0.350047 0.350042 0.349856 0.350213 0.349715 0.349860 0.350009 0.000000 0.000000 0.000000 0.000000 0.000000 0.000000 0.000000 0.000000 0.000000 0.000000 0.000000 0.000000
0.000000 0.000000 0.000000 0.000000 0.000000 0.000000 0.000000 0.000000 0.000000 0.350097 0.350133 0.350218 0.350077 0.350062 0.350144 0.350088 0.350163 0.349814 0.350194 0.350105 0.349988 0.349969 0.350248 0.350008 0.349984 0.349943 0.349993 0.349778 0.350209 0.349855 0.349477 0.350000 0.349914 0.349875 0.350113 0.349766 0.350000 0.350388 0.350002 0.349524 0.349973 0.350050 0.350154 0.350069 0.350046 0.350194 0.350250 0.349613 0.349957 0.350011 0.000000 0.000000 0.000000 0.000000 0.000000 0.000000 0.000000 0.000000 0.000000 0.000000 0.000000 0.000000 0.000000
0.000000 0.000000 0.000000 0.000000 0.000000 0.000000 0.000000 0.000000 0.000000 0.350129 0.349908 0.350237 0.350077 0.350023 0.350030 0.350040 0.350170 0.350090 0.350170 0.350089 0.350130 0.350105 0.350174 0.350018 0.350126 0.350060 0.349958 0.350077 0.350217 0.350189 0.349658 0.350000 0.349940 0.350123 0.350192 0.350000 0.349916 0.350386 0.350002 0.350063 0.350118 0.350212 0.349946 0.349987 0.349760 0.350081 0.349958 0.350258 0.349944 0.350077 0.000000 0.000000 0.000000 0.000000 0.000000 0.000000 0.000000 0.000000 0.000000 0.000000 0.000000 0.000000 0.000000
0.000000 0.000000 0.000000 0.000000 0.000000 0.000000 0.000000 0.000000 0.000000 0.350192 0.349760 0.350053 0.350234 0.350053 0.350051 0.349907 0.350027 0.350062 0.350250 0.350161 0.350164 0.350057 0.350065 0.350176 0.350222 0.349908 0.350139 0.349862 0.350207 0.349969 0.350228 0.350203 0.350000 0.350008 0.350000 0.349756 0.349978 0.350304 0.349850 0.350161 0.350071 0.349472 0.350239 0.350246 0.350044 0.350259 0.350060 0.349794 0.350092 0.350277 0.000000 0.000000 0.000000 0.000000 0.000000 0.000000 0.000000 0.000000 0.000000 0.000000 0.000000 0.000000 0.000000
0.000000 0.000000 0.000000 0.000000 0.000000 0.000000 0.000000 0.000000 0.350077 0.350091 0.350143 0.350103 0.349987 0.350180 0.350008 0.349782 0.349924 0.350009 0.349893 0.350175 0.350108 0.350112 0.350156 0.350088 0.349981 0.350195 0.350045 0.350057 0.350195 0.350175 0.350159 0.350082 0.350000 0.350000 0.350000 0.350000 0.350000 0.350000 0.350000 0.350000 0.350000 0.350000 0.349487 0.349783 0.349038 0.349640 0.349882 0.350118 0.350192 0.000000 0.000000 0.000000 0.000000 0.000000 0.000000 0.000000 0.000000 0.000000 0.000000 0.000000 0.000000 0.000000 0.000000
0.000000 0.000000 0.000000 0.000000 0.000000 0.000000 0.000000 0.350184 0.350187 0.350131 0.350100 0.349783 0.350061 0.350134 0.350208 0.350169 0.349860 0.350022 0.349262 0.350035 0.349902 0.350173 0.350176 0.350171 0.350099 0.350081 0.350065 0.349983 0.350095 0.349868 0.350215 0.350012 0.349894 0.350000 0.349824 0.349997 0.350255 0.350049 0.350044 0.349495 0.350248 0.349518 0.349667 0.349702 0.350015 0.350040 0.349916 0.349970 0.350196 0.000000 0.000000 0.000000 0.000000 0.000000 0.000000 0.000000 0.000000 0.000000 0.000000 0.000000 0.000000 0.000000 0.000000
0.000000 0.000000 0.000000 0.000000 0.000000 0.000000 0.000000 0.350126 0.350093 0.350184 0.349850 0.350221 0.349383 0.350097 0.350191 0.350042 0.350160 0.350120 0.350194 0.349785 0.349977 0.350000 0.350127 0.350059 0.350180 0.350124 0.350161 0.350026 0.350196 0.350155 0.350135 0.350111 0.350000 0.349971 0.350292 0.349795 0.350291 0.350189 0.350146 0.350341 0.349945 0.350254 0.349777 0.349880 0.349632 0.350131 0.350215 0.350033 0.350201 0.000000 0.000000 0.000000 0.000000 0.000000 0.000000 0.000000 0.000000 0.000000 0.000000 0.000000 0.000000 0.000000 0.000000
0.000000 0.000000 0.000000 0.000000 0.000000 0.000000 0.000000 0.350005 0.350085 0.350091 0.350097 0.350144 0.350380 0.349959 0.350133 0.350223 0.349934 0.350141 0.350127 0.350094 0.350002 0.350055 0.349771 0.350203 0.350091 0.350083 0.350115 0.349999 0.350240 0.350153 0.350023 0.350129 0.350000 0.350018 0.350349 0.350316 0.349809 0.349940 0.349901 0.350002 0.349916 0.350119 0.349712 0.349671 0.350041 0.349790 0.350134 0.350147 0.350100 0.000000 0.000000 0.000000 0.000000 0.000000 0.000000 0.000000 0.000000 0.000000 0.000000 0.000000 0.000000 0.000000 0.000000
0.000000 0.000000 0.000000 0.000000 0.000000 0.000000 0.000000 0.350156 0.349776 0.350226 0.349225 0.350110 0.349424 0.350092 0.349754 0.350067 0.350165 0.350102 0.350158 0.350026 0.350156 0.349907 0.350212 0.349859 0.350105 0.349932 0.349967 0.349930 0.350115 0.350005 0.350234 0.350113 0.350000 0.349947 0.350286 0.350095 0.349952 0.350193 0.350075 0.350075 0.350228 0.350235 0.349946 0.349741 0.350222 0.350168 0.350206 0.350229 0.350040 0.000000 0.000000 0.000000 0.000000 0.000000 0.000000 0.000000 0.000000 0.000000 0.000000 0.000000 0.000000 0.000000 0.000000
0.000000 0.000000 0.000000 0.000000 0.000000 0.000000 0.000000 0.350195 0.349974 0.350075 0.350183 0.349371 0.349735 0.350070 0.349825 0.350212 0.350109 0.350088 0.350029 0.350229 0.349677 0.350262 0.349860 0.350188 0.349917 0.349989 0.350051 0.350035 0.350172 0.350126 0.349912 0.350000 0.350368 0.350365 0.349813 0.349949 0.349909 0.349991 0.350022 0.350049 0.350063 0.349976 0.350175 0.349251 0.350111 0.350181 0.350001 0.350041 0.000000 0.000000 0.000000 0.000000 0.000000 0.000000 0.000000 0.000000 0.000000 0.000000 0.000000 0.000000 0.000000 0.000000 0.000000
0.000000 0.000000 0.000000 0.000000 0.000000 0.000000 0.000000 0.350119 0.349354 0.350138 0.349974 0.350072 0.350230 0.350059 0.349613 0.349988 0.349894 0.349915 0.350157 0.349981 0.350094 0.349306 0.350140 0.349488 0.350045 0.349753 0.350016 0.349778 0.350020 0.350140 0.350000 0.349917 0.350357 0.350144 0.349934 0.350217 0.350068 0.350113 0.350063 0.350055 0.350210 0.350073 0.349760 0.350317 0.350158 0.350230 0.350001 0.350001 0.000000 0.000000 0.000000 0.000000 0.000000 0.000000 0.000000 0.000000 0.000000 0.000000 0.000000 0.000000 0.000000 0.000000 0.000000
0.000000 0.000000 0.000000 0.000000 0.000000 0.000000 0.000000 0.350156 0.350018 0.349871 0.350180 0.350044 0.349913 0.350120 0.350600 0.350213 0.350111 0.349647 0.350061 0.350083 0.350030 0.349663 0.350179 0.350167 0.349976 0.350033 0.350054 0.350163 0.349452 0.350290 0.350000 0.350396 0.350002 0.350040 0.349901 0.350078 0.350000 0.350001 0.350001 0.350001 0.350201 0.349963 0.349122 0.349159 0.349970 0.350162 0.350001 0.000000 0.000000 0.000000 0.000000 0.000000 0.000000 0.000000 0.000000 0.000000 0.000000 0.000000 0.000000 0.000000 0.000000 0.000000 0.000000
0.000000 0.000000 0.000000 0.000000 0.000000 0.000000 0.000000 0.350217 0.350116 0.349755 0.349179 0.349397 0.349935 0.350000 0.350000 0.350000 0.349495 0.350032 0.350002 0.350009 0.350099 0.349746 0.350081 0.350128 0.350135 0.349929 0.350044 0.349941 0.350213 0.350000 0.349976 0.350367 0.349734 0.350381 0.350002 0.350110 0.350002 0.350001 0.350014 0.350079 0.350062 0.350118 0.349904 0.349802 0.350113 0.350165 0.350085 0.000000 0.000000 0.000000 0.000000 0.000000 0.000000 0.000000 0.000000 0.000000 0.000000 0.000000 0.000000 0.000000 0.000000 0.000000 0.000000
0.000000 0.000000 0.000000 0.000000 0.000000 0.000000 0.000000 0.000000 0.350172 0.349902 0.350191 0.349775 0.349946 0.350025 0.350126 0.350002 0.350000 0.350000 0.350368 0.350324 0.350148 0.349849 0.350102 0.350193 0.350117 0.350242 0.350264 0.350224 0.350009 0.350000 0.350126 0.350331 0.349746 0.350177 0.349954 0.350165 0.350002 0.350009 0.350107 0.350152 0.350215 0.350109 0.349426 0.349502 0.350062 0.350181 0.000000 0.000000 0.000000 0.000000 0.000000 0.000000 0.000000 0.000000 0.000000 0.000000 0.000000 0.000000 0.000000 0.000000 0.000000 0.000000 0.000000
0.000000 0.000000 0.000000 0.000000 0.000000 0.000000 0.000000 0.000000 0.349897 0.350177 0.350132 0.349924 0.349786 0.350290 0.350117 0.350029 0.350298 0.349840 0.350000 0.350033 0.350057 0.350002 0.350055 0.350089 0.350085 0.350138 0.350071 0.350261 0.349585 0.350000 0.350116 0.350364 0.349794 0.350170 0.349930 0.350143 0.350011 0.350006 0.350137 0.350136 0.350190 0.349786 0.350068 0.350052 0.350087 0.350169 0.000000 0.000000 0.000000 0.000000 0.000000 0.000000 0.000000 0.000000 0.000000 0.000000 0.000000 0.000000 0.000000 0.000000 0.000000 0.000000 0.000000
0.000000 0.000000 0.000000 0.000000 0.000000 0.000000 0.000000 0.000000 0.350067 0.350142 0.349980 0.349989 0.349302 0.350053 0.350149 0.350181 0.349996 0.349916 0.350418 0.350000 0.350000 0.350257 0.349894 0.349959 0.350024 0.350206 0.350123 0.350126 0.350000 0.349956 0.350029 0.350227 0.349812 0.350408 0.350008 0.349935 0.350188 0.350173 0.349962 0.350242 0.350156 0.350074 0.350106 0.349841 0.350199 0.350051 0.000000 0.000000 0.000000 0.000000 0.000000 0.000000 0.000000 0.000000 0.000000 0.000000 0.000000 0.000000 0.000000 0.000000 0.000000 0.000000 0.000000
0.000000 0.000000 0.000000 0.000000 0.000000 0.000000 0.000000 0.000000 0.350057 0.350085 0.350210 0.349871 0.349917 0.350140 0.350091 0.349771 0.349804 0.349894 0.350281 0.349659 0.350413 0.350000 0.350024 0.350030 0.349604 0.350152 0.350064 0.350097 0.350000 0.350735 0.350011 0.349637 0.350220 0.349841 0.349841 0.349981 0.349118 0.349597 0.349622 0.349969 0.350271 0.350100 0.350220 0.350136 0.350072 0.000000 0.000000 0.000000 0.000000 0.000000 0.000000 0.000000 0.000000 0.000000 0.000000 0.000000 0.000000 0.000000 0.000000 0.000000 0.000000 0.000000 0.000000
