geotop/1.0zi/1.0Montebello/Templates/Dripsey/maps/_Eocsand0059.asc
ncols         69
nrows         152
xllcorner     146499.907223
yllcorner     75332.943423
cellsize      50.000000
NODATA_value  -9999.0
[rows 56 to 83 of 152, columns 0 to 62 of 69]
0.000000 0.000000 0.300128 0.300100 0.300076 0.300026 0.300000 0.300146 0.300042 0.300129 0.299784 0.300103 0.300158 0.299661 0.300169 0.300085 0.300113 0.300103 0.300093 0.300111 0.300148 0.300056 0.300112 0.300000 0.300049 0.300190 0.300082 0.300095 0.300107 0.300035 0.300162 0.300042 0.300078 0.300037 0.300021 0.300071 0.300033 0.300102 0.300073 0.300133 0.300091 0.300048 0.300136 0.300106 0.300000 0.300194 0.300081 0.300111 0.300169 0.300261 0.300046 0.300192 0.299845 0.299982 0.300009 0.300019 0.300063 0.300076 0.300092 0.300033 0.300074 0.000000 0.000000
0.000000 0.000000 0.000000 0.300068 0.300134 0.300098 0.300086 0.300107 0.300067 0.300129 0.300035 0.299938 0.299758 0.300107 0.300088 0.300065 0.300143 0.300099 0.300131 0.300094 0.300063 0.300114 0.300082 0.300000 0.300192 0.300112 0.299903 0.300078 0.299848 0.300110 0.300125 0.300119 0.300131 0.300094 0.300107 0.300138 0.300060 0.300098 0.300100 0.300111 0.300071 0.299712 0.300135 0.300000 0.299858 0.300055 0.300141 0.300060 0.300172 0.300368 0.300058 0.300133 0.300001 0.300177 0.300115 0.300144 0.300169 0.300105 0.300097 0.300093 0.000000 0.000000 0.000000
0.000000 0.000000 0.000000 0.300123 0.300056 0.300103 0.300145 0.300106 0.300095 0.300107 0.300016 0.300134 0.300137 0.300064 0.300180 0.300131 0.299875 0.300127 0.300036 0.300151 0.299960 0.300202 0.300012 0.299835 0.300000 0.300216 0.300100 0.300246 0.300117 0.300099 0.300124 0.299988 0.300150 0.300028 0.300019 0.300140 0.299746 0.300073 0.300086 0.300082 0.300098 0.300122 0.300065 0.300000 0.300067 0.300078 0.300170 0.300264 0.300108 0.300095 0.299984 0.300000 0.300001 0.300001 0.300001 0.300001 0.300109 0.300090 0.300150 0.000000 0.000000 0.000000 0.000000
0.000000 0.000000 0.000000 0.300123 0.300086 0.300122 0.300026 0.300118 0.299806 0.300006 0.299988 0.300115 0.300072 0.299513 0.300496 0.298791 0.300429 0.299310 0.300232 0.299707 0.299664 0.300130 0.300163 0.300066 0.300000 0.300111 0.299808 0.300083 0.299929 0.300105 0.300083 0.300127 0.300048 0.300207 0.300207 0.300095 0.300119 0.299564 0.300164 0.300069 0.300100 0.300087 0.300032 0.300000 0.299713 0.300075 0.299994 0.300202 0.300155 0.300202 0.300002 0.300023 0.300001 0.000000 0.000000 0.000000 0.000000 0.000000 0.000000 0.000000 0.000000 0.000000 0.000000
0.000000 0.000000 0.000000 0.300137 0.300042 0.300031 0.299979 0.299948 0.300093 0.300118 0.299980 0.300062 0.300022 0.299801 0.299289 0.300067 0.300170 0.300116 0.300093 0.300160 0.299977 0.300440 0.299869 0.300088 0.300000 0.299672 0.300128 0.300181 0.300117 0.300099 0.300165 0.300088 0.300155 0.300015 0.300014 0.300118 0.300059 0.300174 0.299446 0.300180 0.300068 0.300096 0.300000 0.300010 0.300182 0.300057 0.300175 0.300262 0.300053 0.300082 0.300002 0.300000 0.000000 0.000000 0.000000 0.000000 0.000000 0.000000 0.000000 0.000000 0.000000 0.000000 0.000000
0.000000 0.000000 0.000000 0.000000 0.000000 0.300109 0.300098 0.300161 0.300126 0.300096 0.300116 0.300131 0.299929 0.300114 0.300083 0.300132 0.300083 0.300159 0.300131 0.300076 0.300078 0.299784 0.300132 0.298961 0.300266 0.300000 0.300200 0.300128 0.299838 0.300094 0.300109 0.300099 0.300113 0.300153 0.300176 0.300081 0.300154 0.300115 0.300122 0.300424 0.300123 0.300000 0.299947 0.300082 0.300130 0.300084 0.300168 0.300323 0.300000 0.300002 0.300002 0.300001 0.000000 0.000000 0.000000 0.000000 0.000000 0.000000 0.000000 0.000000 0.000000 0.000000 0.000000
0.000000 0.000000 0.000000 0.000000 0.000000 0.000000 0.300104 0.300088 0.300072 0.300052 0.300116 0.300098 0.300165 0.300105 0.300094 0.300051 0.300180 0.300095 0.300056 0.300078 0.300355 0.299806 0.299588 0.300144 0.300071 0.299514 0.300000 0.300127 0.300103 0.300129 0.300140 0.299906 0.300157 0.299993 0.300020 0.300083 0.300109 0.300146 0.300091 0.300123 0.300000 0.300147 0.300104 0.300164 0.300100 0.300199 0.300044 0.300144 0.300034 0.300180 0.300001 0.300074 0.300001 0.000000 0.000000 0.000000 0.000000 0.000000 0.000000 0.000000 0.000000 0.000000 0.000000
0.000000 0.000000 0.000000 0.000000 0.000000 0.000000 0.000000 0.300097 0.300101 0.300058 0.300169 0.300118 0.300054 0.300141 0.300086 0.300063 0.300155 0.299958 0.299787 0.300083 0.300117 0.300152 0.300099 0.300181 0.300276 0.300169 0.300000 0.299782 0.300127 0.300158 0.299798 0.300121 0.300053 0.300135 0.300120 0.300091 0.300105 0.300052 0.300089 0.300000 0.299502 0.300436 0.299576 0.299849 0.300124 0.300066 0.300117 0.300133 0.300056 0.300171 0.300175 0.300204 0.300064 0.000000 0.000000 0.000000 0.000000 0.000000 0.000000 0.000000 0.000000 0.000000 0.000000
0.000000 0.000000 0.000000 0.000000 0.000000 0.000000 0.000000 0.000000 0.300073 0.300062 0.300103 0.300123 0.300117 0.300098 0.300087 0.300151 0.300021 0.300122 0.300121 0.300054 0.300176 0.300114 0.300040 0.299603 0.300148 0.300119 0.300078 0.300000 0.300099 0.300234 0.300118 0.300176 0.300081 0.300098 0.300089 0.300055 0.300102 0.300126 0.300122 0.300000 0.300135 0.300158 0.300072 0.300155 0.299997 0.300045 0.300136 0.300092 0.300157 0.300148 0.300192 0.300086 0.300199 0.000000 0.000000 0.000000 0.000000 0.000000 0.000000 0.000000 0.000000 0.000000 0.000000
0.000000 0.000000 0.000000 0.000000 0.000000 0.000000 0.000000 0.000000 0.000000 0.300034 0.300113 0.300111 0.300122 0.300108 0.300000 0.300134 0.300069 0.300102 0.300008 0.300074 0.300103 0.299399 0.299706 0.300119 0.300102 0.300202 0.299904 0.299906 0.300000 0.299488 0.300114 0.300170 0.300075 0.299919 0.299864 0.300078 0.300150 0.300122 0.300000 0.300096 0.300125 0.300241 0.300004 0.300052 0.300117 0.300090 0.300106 0.300165 0.300107 0.300105 0.300103 0.300088 0.000000 0.000000 0.000000 0.000000 0.000000 0.000000 0.000000 0.000000 0.000000 0.000000 0.000000
0.000000 0.000000 0.000000 0.000000 0.000000 0.000000 0.000000 0.000000 0.000000 0.300115 0.300121 0.300060 0.300157 0.300056 0.300119 0.300001 0.300127 0.300150 0.300113 0.300144 0.299596 0.300139 0.300060 0.300133 0.300001 0.299897 0.300173 0.300163 0.300041 0.300000 0.300008 0.300050 0.300184 0.300218 0.300281 0.300092 0.300023 0.300000 0.300070 0.300025 0.300095 0.300161 0.300058 0.300152 0.300089 0.300172 0.300084 0.300069 0.300098 0.300075 0.300097 0.300195 0.000000 0.000000 0.000000 0.000000 0.000000 0.000000 0.000000 0.000000 0.000000 0.000000 0.000000
0.000000 0.000000 0.000000 0.000000 0.000000 0.000000 0.000000 0.000000 0.000000 0.300119 0.300102 0.300062 0.300076 0.300097 0.300112 0.300040 0.300158 0.300174 0.299884 0.299927 0.300110 0.300155 0.300063 0.300047 0.299773 0.300138 0.299954 0.299873 0.299526 0.299559 0.300000 0.300042 0.300098 0.299946 0.299988 0.300007 0.300000 0.299992 0.300060 0.300144 0.300081 0.300100 0.300089 0.300079 0.300084 0.300087 0.300078 0.300123 0.300022 0.300087 0.300141 0.000000 0.000000 0.000000 0.000000 0.000000 0.000000 0.000000 0.000000 0.000000 0.000000 0.000000 0.000000
0.000000 0.000000 0.000000 0.000000 0.000000 0.000000 0.000000 0.000000 0.000000 0.300087 0.300110 0.300158 0.300073 0.300074 0.300118 0.300086 0.300124 0.300087 0.300148 0.300114 0.300026 0.300033 0.300179 0.300104 0.300096 0.300108 0.300111 0.299999 0.300118 0.299896 0.299615 0.300000 0.299991 0.299639 0.299619 0.299816 0.300000 0.300285 0.300001 0.299922 0.300104 0.300044 0.300128 0.300074 0.300079 0.300003 0.300180 0.299795 0.300081 0.300048 0.000000 0.000000 0.000000 0.000000 0.000000 0.000000 0.000000 0.000000 0.000000 0.000000 0.000000 0.000000 0.000000
0.000000 0.000000 0.000000 0.000000 0.000000 0.000000 0.000000 0.000000 0.000000 0.300104 0.300028 0.300167 0.300083 0.300088 0.300078 0.300091 0.300129 0.300081 0.300130 0.300079 0.300107 0.300095 0.300132 0.300099 0.300115 0.300102 0.300095 0.300120 0.300146 0.300144 0.299783 0.300000 0.299986 0.300045 0.300158 0.300000 0.300007 0.300281 0.300001 0.300074 0.300101 0.300154 0.300106 0.300086 0.300094 0.300094 0.300029 0.300038 0.300083 0.300075 0.000000 0.000000 0.000000 0.000000 0.000000 0.000000 0.000000 0.000000 0.000000 0.000000 0.000000 0.000000 0.000000
0.000000 0.000000 0.000000 0.000000 0.000000 0.000000 0.000000 0.000000 0.000000 0.300144 0.299901 0.300075 0.300165 0.300079 0.300062 0.300117 0.300093 0.300075 0.300174 0.300124 0.300123 0.300063 0.300080 0.300133 0.300160 0.300123 0.300111 0.300020 0.300156 0.300084 0.300162 0.300144 0.300000 0.300028 0.300000 0.299872 0.300009 0.300089 0.300077 0.300130 0.300090 0.299750 0.300117 0.300011 0.300087 0.300028 0.300035 0.299774 0.300093 0.300192 0.000000 0.000000 0.000000 0.000000 0.000000 0.000000 0.000000 0.000000 0.000000 0.000000 0.000000 0.000000 0.000000
0.000000 0.000000 0.000000 0.000000 0.000000 0.000000 0.000000 0.000000 0.300079 0.300085 0.300118 0.300221 0.300070 0.300134 0.300087 0.300127 0.300091 0.300069 0.299990 0.300132 0.300091 0.300095 0.300114 0.300087 0.300027 0.300142 0.300061 0.300064 0.300138 0.300131 0.300121 0.300086 0.300000 0.300000 0.300000 0.300000 0.300000 0.300000 0.300000 0.300000 0.300000 0.300000 0.299156 0.299818 0.299502 0.299696 0.300084 0.300106 0.300143 0.000000 0.000000 0.000000 0.000000 0.000000 0.000000 0.000000 0.000000 0.000000 0.000000 0.000000 0.000000 0.000000 0.000000
0.000000 0.000000 0.000000 0.000000 0.000000 0.000000 0.000000 0.300136 0.300128 0.300099 0.300097 0.299956 0.300061 0.300108 0.300153 0.300128 0.299931 0.299567 0.299508 0.300077 0.299990 0.300131 0.300133 0.300128 0.300088 0.300080 0.300069 0.300109 0.300068 0.300115 0.300023 0.300086 0.299814 0.300000 0.299839 0.300009 0.300125 0.300130 0.300070 0.299928 0.300177 0.299860 0.298884 0.299661 0.300119 0.300034 0.300039 0.300034 0.300145 0.000000 0.000000 0.000000 0.000000 0.000000 0.000000 0.000000 0.000000 0.000000 0.000000 0.000000 0.000000 0.000000 0.000000
0.000000 0.000000 0.000000 0.000000 0.000000 0.000000 0.000000 0.300104 0.300096 0.300137 0.300065 0.300160 0.300000 0.300095 0.300140 0.300063 0.300122 0.300099 0.300144 0.299677 0.300104 0.300090 0.300105 0.300066 0.300135 0.300100 0.300125 0.300031 0.300150 0.300121 0.300115 0.300096 0.300000 0.300031 0.300207 0.299690 0.300246 0.300220 0.300183 0.300243 0.300052 0.300174 0.299938 0.299174 0.299920 0.300114 0.300157 0.300047 0.300148 0.000000 0.000000 0.000000 0.000000 0.000000 0.000000 0.000000 0.000000 0.000000 0.000000 0.000000 0.000000 0.000000 0.000000
0.000000 0.000000 0.000000 0.000000 0.000000 0.000000 0.000000 0.300044 0.300082 0.300087 0.300020 0.300121 0.299954 0.300025 0.300111 0.300162 0.300010 0.300110 0.300103 0.300097 0.300234 0.300039 0.299898 0.300148 0.300092 0.300087 0.300102 0.300055 0.300168 0.300134 0.300079 0.300107 0.300000 0.299949 0.300191 0.300287 0.299902 0.300030 0.299934 0.300001 0.300110 0.300104 0.300074 0.299523 0.300091 0.299943 0.300120 0.300112 0.300093 0.000000 0.000000 0.000000 0.000000 0.000000 0.000000 0.000000 0.000000 0.000000 0.000000 0.000000 0.000000 0.000000 0.000000
0.000000 0.000000 0.000000 0.000000 0.000000 0.000000 0.000000 0.300120 0.300065 0.300161 0.299897 0.300120 0.300154 0.300085 0.300112 0.300071 0.300137 0.300136 0.300121 0.300088 0.300126 0.300494 0.300151 0.300092 0.300106 0.300142 0.300095 0.300064 0.300106 0.300103 0.300169 0.300082 0.300000 0.299860 0.300277 0.300212 0.300017 0.300208 0.300101 0.300091 0.300147 0.300168 0.300006 0.299869 0.300163 0.300138 0.300179 0.300185 0.300051 0.000000 0.000000 0.000000 0.000000 0.000000 0.000000 0.000000 0.000000 0.000000 0.000000 0.000000 0.000000 0.000000 0.000000
0.000000 0.000000 0.000000 0.000000 0.000000 0.000000 0.000000 0.300144 0.299911 0.300089 0.300139 0.299678 0.299941 0.300074 0.300117 0.300145 0.300119 0.300065 0.300064 0.300164 0.299915 0.300175 0.299926 0.300138 0.300063 0.300118 0.300108 0.300108 0.300102 0.300111 0.299891 0.300000 0.300144 0.300280 0.299832 0.300047 0.299995 0.300092 0.300024 0.300058 0.300071 0.300033 0.300117 0.299048 0.300107 0.300170 0.300001 0.300054 0.000000 0.000000 0.000000 0.000000 0.000000 0.000000 0.000000 0.000000 0.000000 0.000000 0.000000 0.000000 0.000000 0.000000 0.000000
0.000000 0.000000 0.000000 0.000000 0.000000 0.000000 0.000000 0.300098 0.299916 0.300112 0.300128 0.300137 0.298948 0.300110 0.300019 0.300087 0.300168 0.300143 0.300124 0.300097 0.300105 0.299354 0.300112 0.300120 0.300067 0.299885 0.300084 0.300089 0.300095 0.300115 0.300000 0.299977 0.300260 0.300230 0.299981 0.300251 0.300115 0.300160 0.300079 0.300067 0.300159 0.300106 0.299318 0.299847 0.300137 0.300214 0.300001 0.300000 0.000000 0.000000 0.000000 0.000000 0.000000 0.000000 0.000000 0.000000 0.000000 0.000000 0.000000 0.000000 0.000000 0.000000 0.000000
0.000000 0.000000 0.000000 0.000000 0.000000 0.000000 0.000000 0.300120 0.300045 0.300043 0.300147 0.300101 0.299642 0.300109 0.300138 0.300130 0.300106 0.299976 0.300072 0.300100 0.300070 0.299889 0.300129 0.300126 0.300072 0.300106 0.300167 0.300122 0.299679 0.300047 0.300000 0.300272 0.300001 0.300099 0.299956 0.300120 0.300000 0.300001 0.300001 0.300001 0.300162 0.300128 0.299932 0.299828 0.300122 0.300168 0.300001 0.000000 0.000000 0.000000 0.000000 0.000000 0.000000 0.000000 0.000000 0.000000 0.000000 0.000000 0.000000 0.000000 0.000000 0.000000 0.000000
0.000000 0.000000 0.000000 0.000000 0.000000 0.000000 0.000000 0.300155 0.300109 0.300048 0.299447 0.299622 0.299939 0.300000 0.300000 0.300000 0.299619 0.300059 0.300001 0.300008 0.300144 0.299065 0.300115 0.300106 0.300113 0.299833 0.300096 0.299903 0.300154 0.300000 0.299967 0.300169 0.300071 0.300282 0.300001 0.300146 0.300001 0.300001 0.300015 0.300093 0.300068 0.300124 0.299853 0.299869 0.300124 0.300120 0.300100 0.000000 0.000000 0.000000 0.000000 0.000000 0.000000 0.000000 0.000000 0.000000 0.000000 0.000000 0.000000 0.000000 0.000000 0.000000 0.000000
0.000000 0.000000 0.000000 0.000000 0.000000 0.000000 0.000000 0.000000 0.300134 0.300166 0.300145 0.300108 0.299032 0.300076 0.300114 0.300001 0.300000 0.300000 0.300263 0.300223 0.300097 0.300357 0.300088 0.300136 0.300102 0.300173 0.300284 0.300107 0.299789 0.300000 0.300076 0.300209 0.299926 0.300131 0.300056 0.300177 0.300001 0.300010 0.300122 0.300126 0.300155 0.300110 0.300064 0.300060 0.300108 0.300136 0.000000 0.000000 0.000000 0.000000 0.000000 0.000000 0.000000 0.000000 0.000000 0.000000 0.000000 0.000000 0.000000 0.000000 0.000000 0.000000 0.000000
0.000000 0.000000 0.000000 0.000000 0.000000 0.000000 0.000000 0.000000 0.299966 0.300133 0.300129 0.300130 0.300013 0.300189 0.300110 0.300032 0.300202 0.300060 0.300000 0.300084 0.300101 0.299962 0.300093 0.300091 0.300098 0.300111 0.300084 0.300240 0.299481 0.300000 0.300108 0.300256 0.299931 0.300143 0.300009 0.300143 0.300013 0.300058 0.300117 0.300109 0.300142 0.299962 0.300090 0.300036 0.300087 0.300121 0.000000 0.000000 0.000000 0.000000 0.000000 0.000000 0.000000 0.000000 0.000000 0.000000 0.000000 0.000000 0.000000 0.000000 0.000000 0.000000 0.000000
0.000000 0.000000 0.000000 0.000000 0.000000 0.000000 0.000000 0.000000 0.300080 0.300111 0.300111 0.300091 0.299529 0.300063 0.300122 0.300142 0.300078 0.300188 0.300079 0.300000 0.300000 0.300140 0.299940 0.300023 0.300045 0.300151 0.300104 0.300102 0.300000 0.299829 0.300101 0.300118 0.300155 0.300286 0.300007 0.300096 0.300151 0.300148 0.300057 0.300173 0.300122 0.300076 0.300109 0.300002 0.300151 0.300062 0.000000 0.000000 0.000000 0.000000 0.000000 0.000000 0.000000 0.000000 0.000000 0.000000 0.000000 0.000000 0.000000 0.000000 0.000000 0.000000 0.000000
0.000000 0.000000 0.000000 0.000000 0.000000 0.000000 0.000000 0.000000 0.300067 0.300084 0.300152 0.300028 0.299996 0.300115 0.300067 0.300068 0.299974 0.300190 0.300074 0.299968 0.299772 0.300000 0.299870 0.300086 0.299851 0.300119 0.300077 0.300091 0.300000 0.300445 0.299919 0.300774 0.299613 0.300203 0.299029 0.300178 0.299704 0.299924 0.300083 0.300012 0.300188 0.300081 0.300158 0.300101 0.300078 0.000000 0.000000 0.000000 0.000000 0.000000 0.000000 0.000000 0.000000 0.000000 0.000000 0.000000 0.000000 0.000000 0.000000 0.000000 0.000000 0.000000 0.000000
