geotop/1.0zi/1.0Montebello/Templates/Dripsey/maps/_Eocsand0341.asc
ncols         69
nrows         152
xllcorner     146499.907223
yllcorner     75332.943423
cellsize      50.000000
NODATA_value  -9999.0
[rows 28 to 55 of 152, columns 0 to 62 of 69]
0.000000 0.000000 0.000000 0.000000 0.000000 0.000000 0.000000 0.000000 0.000000 0.000000 0.000000 0.000000 0.300308 0.300472 0.300308 0.300393 0.299986 0.300702 0.299825 0.299971 0.299556 0.300394 0.300312 0.300082 0.298791 0.300000 0.300469 0.300649 0.300318 0.300298 0.300081 0.300084 0.300110 0.300264 0.300345 0.300478 0.300287 0.300269 0.300475 0.300316 0.300268 0.299939 0.300346 0.300274 0.298352 0.300551 0.300369 0.298134 0.300026 0.300037 0.300177 0.300602 0.299234 0.299443 0.300284 0.300268 0.300368 0.299858 0.300317 0.300347 0.300464 0.000000 0.000000
0.000000 0.000000 0.000000 0.000000 0.000000 0.000000 0.000000 0.000000 0.000000 0.000000 0.000000 0.000000 0.300285 0.300415 0.300309 0.300324 0.300294 0.300201 0.299311 0.300451 0.300311 0.301233 0.300103 0.297320 0.300000 0.300139 0.300545 0.300767 0.300204 0.300190 0.300291 0.300148 0.300300 0.300561 0.300305 0.300212 0.300297 0.300413 0.300304 0.300490 0.300364 0.300182 0.300174 0.300285 0.300209 0.300056 0.300262 0.300404 0.300042 0.300297 0.300086 0.300363 0.300388 0.299896 0.300408 0.300334 0.300349 0.300132 0.300343 0.300329 0.300273 0.000000 0.000000
0.000000 0.000000 0.000000 0.000000 0.000000 0.000000 0.000000 0.000000 0.000000 0.000000 0.000000 0.000000 0.300184 0.300502 0.300440 0.300472 0.299464 0.299991 0.299918 0.300136 0.300421 0.298814 0.300000 0.300000 0.300057 0.300454 0.300172 0.300322 0.300007 0.300058 0.300007 0.300010 0.300083 0.300226 0.300498 0.299995 0.300421 0.300268 0.300414 0.300258 0.300341 0.300304 0.299566 0.300209 0.300132 0.300235 0.300111 0.300372 0.296510 0.300032 0.300516 0.300509 0.300078 0.297690 0.300408 0.297729 0.299861 0.300178 0.300474 0.300313 0.300434 0.300420 0.000000
0.000000 0.000000 0.000000 0.000000 0.000000 0.000000 0.000000 0.000000 0.000000 0.000000 0.000000 0.300250 0.300292 0.300381 0.300248 0.300445 0.300245 0.299303 0.300190 0.300439 0.300177 0.300000 0.300324 0.300510 0.300128 0.300297 0.300388 0.300368 0.300067 0.300145 0.300039 0.300025 0.300109 0.300254 0.300486 0.300372 0.300354 0.300375 0.300363 0.300287 0.300167 0.300425 0.300568 0.300348 0.300521 0.300390 0.300493 0.299120 0.300700 0.296657 0.300414 0.300409 0.298010 0.300352 0.299214 0.300145 0.300404 0.300508 0.300227 0.300370 0.300342 0.300054 0.300334
0.000000 0.000000 0.000000 0.000000 0.000000 0.000000 0.000000 0.000000 0.000000 0.000000 0.000000 0.300619 0.299990 0.300330 0.300498 0.300312 0.300233 0.300299 0.298964 0.300512 0.300202 0.300000 0.300062 0.300283 0.300209 0.300242 0.300194 0.300392 0.300223 0.300488 0.300525 0.300395 0.300339 0.300392 0.300380 0.300348 0.300368 0.300356 0.300373 0.300333 0.300199 0.300348 0.300407 0.300377 0.299823 0.300217 0.300312 0.300294 0.300998 0.300380 0.299864 0.300267 0.299293 0.300851 0.297686 0.300182 0.300458 0.300125 0.300558 0.300129 0.300392 0.300262 0.300352
0.000000 0.000000 0.000000 0.000000 0.000000 0.000000 0.000000 0.000000 0.000000 0.000000 0.300148 0.299827 0.300438 0.300213 0.300491 0.300216 0.300222 0.300141 0.300479 0.299259 0.300260 0.300000 0.300599 0.300596 0.300036 0.300372 0.300279 0.300495 0.300225 0.300342 0.300386 0.300373 0.300418 0.300300 0.300465 0.300361 0.300295 0.300223 0.300277 0.300355 0.300536 0.299968 0.300356 0.300389 0.299619 0.300348 0.300282 0.300466 0.300199 0.299633 0.300460 0.300924 0.296859 0.300715 0.298813 0.300201 0.300391 0.300113 0.300489 0.300259 0.300164 0.300318 0.300363
0.000000 0.000000 0.000000 0.000000 0.000000 0.000000 0.000000 0.000000 0.000000 0.300523 0.299415 0.300268 0.300275 0.300282 0.300258 0.300548 0.300271 0.300309 0.300522 0.300344 0.300211 0.300000 0.300047 0.300559 0.300192 0.300497 0.300338 0.300410 0.300385 0.300358 0.300214 0.300180 0.300323 0.300287 0.300331 0.300415 0.300284 0.300282 0.300297 0.300333 0.300433 0.300390 0.299823 0.297727 0.297481 0.300519 0.300578 0.300231 0.300563 0.300034 0.300575 0.300767 0.300000 0.299990 0.300523 0.300376 0.300531 0.300430 0.300329 0.300423 0.300369 0.300257 0.300411
0.000000 0.000000 0.000000 0.000000 0.000000 0.000000 0.000000 0.000000 0.300303 0.301363 0.300075 0.300066 0.300053 0.300230 0.300197 0.300166 0.300371 0.300222 0.300443 0.300292 0.300539 0.300000 0.300597 0.300609 0.300230 0.300384 0.300421 0.300309 0.300381 0.300455 0.300305 0.300347 0.300278 0.300313 0.300316 0.300434 0.300327 0.300249 0.300283 0.300256 0.300548 0.300286 0.300393 0.300412 0.300202 0.299307 0.300135 0.300258 0.300465 0.300357 0.298965 0.300000 0.299218 0.300880 0.299525 0.300300 0.299701 0.300361 0.300395 0.300102 0.300306 0.300355 0.300432
0.000000 0.000000 0.000000 0.000000 0.000000 0.000000 0.000000 0.300488 0.300312 0.300634 0.300541 0.300492 0.300550 0.300148 0.300212 0.300434 0.300600 0.300563 0.299745 0.300346 0.300303 0.300000 0.300410 0.300336 0.300343 0.297056 0.299180 0.299289 0.300222 0.299939 0.300446 0.300529 0.300055 0.300189 0.300236 0.300254 0.300186 0.300516 0.300246 0.300432 0.299935 0.300159 0.300036 0.299779 0.299023 0.300448 0.299644 0.299763 0.300411 0.300315 0.298668 0.300000 0.300178 0.300433 0.300258 0.300396 0.300512 0.300458 0.300100 0.300350 0.300153 0.300247 0.300369
0.000000 0.000000 0.000000 0.000000 0.000000 0.000000 0.300425 0.300200 0.299649 0.297105 0.300621 0.300342 0.299900 0.300099 0.300040 0.300203 0.300447 0.300326 0.300404 0.299322 0.300287 0.300000 0.300249 0.300336 0.299347 0.300698 0.300299 0.300503 0.300484 0.300548 0.300244 0.300217 0.300469 0.300316 0.300332 0.300508 0.300395 0.300256 0.300253 0.300397 0.300233 0.300458 0.299996 0.300408 0.300574 0.300469 0.296720 0.299561 0.299926 0.300689 0.300000 0.299349 0.299682 0.300201 0.300262 0.300268 0.300291 0.300530 0.300110 0.300331 0.300418 0.300486 0.300233
0.000000 0.000000 0.000000 0.000000 0.000000 0.300429 0.300210 0.300563 0.299925 0.296259 0.299155 0.296875 0.300890 0.300740 0.300212 0.300167 0.300424 0.300543 0.300228 0.300565 0.300608 0.300000 0.300312 0.300441 0.297466 0.299809 0.300051 0.300200 0.300261 0.299803 0.300403 0.300474 0.300318 0.300106 0.300142 0.300241 0.300088 0.300537 0.300177 0.300246 0.300516 0.300161 0.300538 0.300246 0.300031 0.300168 0.299705 0.299925 0.299940 0.300000 0.300026 0.300360 0.300624 0.300696 0.299082 0.300355 0.300281 0.300483 0.300397 0.299690 0.300065 0.299855 0.300363
0.000000 0.000000 0.000000 0.000000 0.000000 0.300050 0.300412 0.300328 0.300359 0.300667 0.299536 0.299068 0.296442 0.300085 0.300385 0.300236 0.300528 0.300274 0.300107 0.300264 0.300153 0.300000 0.299702 0.298407 0.300529 0.300548 0.300277 0.300381 0.300503 0.300494 0.300215 0.300453 0.300282 0.300318 0.300357 0.300522 0.300411 0.300307 0.300301 0.300404 0.300319 0.300135 0.300550 0.300471 0.300565 0.300354 0.300102 0.300300 0.300000 0.300298 0.300345 0.299572 0.300157 0.300538 0.300226 0.300241 0.300238 0.300644 0.299814 0.300404 0.300267 0.300443 0.300235
0.000000 0.000000 0.000000 0.000000 0.300392 0.300171 0.300434 0.300088 0.300421 0.300174 0.300417 0.300313 0.299874 0.300000 0.300576 0.300355 0.299139 0.300364 0.300483 0.300492 0.299880 0.300000 0.297039 0.300370 0.300466 0.300448 0.300330 0.300279 0.300385 0.300204 0.300441 0.300286 0.300189 0.299891 0.299866 0.300247 0.300239 0.300511 0.300167 0.300307 0.300223 0.300466 0.299989 0.300182 0.299812 0.300512 0.299958 0.299836 0.300000 0.300700 0.300010 0.300280 0.300409 0.300519 0.300050 0.300115 0.300396 0.300917 0.300408 0.300479 0.300152 0.300256 0.300298
0.000000 0.000000 0.000000 0.300311 0.300332 0.300153 0.300420 0.300427 0.300593 0.300212 0.300597 0.300450 0.300324 0.300290 0.300000 0.300000 0.300487 0.300162 0.300248 0.300319 0.299997 0.300000 0.300465 0.300466 0.300151 0.300495 0.300059 0.300418 0.300225 0.300251 0.300379 0.300266 0.300295 0.300435 0.300539 0.300362 0.300059 0.300431 0.300281 0.300413 0.300307 0.300243 0.300622 0.300516 0.300268 0.300337 0.300380 0.300430 0.300000 0.300802 0.300011 0.300098 0.300348 0.300458 0.300085 0.300183 0.300186 0.300165 0.300370 0.300368 0.300195 0.300521 0.300446
0.000000 0.000000 0.300510 0.300226 0.300522 0.300371 0.300181 0.300075 0.300564 0.300288 0.300439 0.300284 0.300583 0.299464 0.300203 0.300347 0.300000 0.300651 0.300051 0.300456 0.299943 0.300000 0.300543 0.300695 0.299988 0.300439 0.300147 0.300235 0.300249 0.300327 0.300461 0.300206 0.300149 0.300506 0.299743 0.300556 0.299354 0.300374 0.300334 0.300303 0.300152 0.300430 0.299038 0.300453 0.300142 0.300429 0.300293 0.300069 0.300000 0.300422 0.300112 0.300567 0.300299 0.300641 0.300230 0.300367 0.300521 0.298204 0.300321 0.300284 0.300633 0.299546 0.300413
0.000000 0.000000 0.300352 0.300421 0.300224 0.300426 0.300316 0.300267 0.300660 0.300412 0.300179 0.300558 0.299849 0.300476 0.300262 0.300184 0.300000 0.300162 0.300362 0.300274 0.300000 0.300198 0.300483 0.300635 0.299995 0.300540 0.300196 0.300293 0.300343 0.300283 0.300403 0.300302 0.300290 0.300414 0.299789 0.300349 0.300290 0.300339 0.300285 0.300268 0.300279 0.300189 0.300548 0.300049 0.300500 0.300517 0.299991 0.300598 0.300235 0.300000 0.300395 0.300439 0.300144 0.300283 0.300129 0.300402 0.299027 0.300322 0.300079 0.300383 0.299835 0.300356 0.300360
0.000000 0.000000 0.300212 0.300436 0.300385 0.300285 0.300283 0.300394 0.300237 0.300402 0.299904 0.300355 0.300458 0.300299 0.300318 0.300431 0.300087 0.300000 0.299780 0.300000 0.300360 0.300587 0.300123 0.300323 0.300261 0.300234 0.300268 0.300331 0.300299 0.300414 0.300240 0.300185 0.299850 0.300448 0.300310 0.300213 0.298822 0.300600 0.300470 0.300357 0.300277 0.300212 0.300108 0.300278 0.300171 0.300418 0.300331 0.299930 0.299561 0.300000 0.298452 0.300356 0.300057 0.300422 0.300701 0.299823 0.300284 0.300413 0.300362 0.300512 0.300330 0.300197 0.300331
0.000000 0.000000 0.300242 0.300361 0.300383 0.300342 0.300277 0.300521 0.300191 0.300443 0.300000 0.300539 0.300161 0.300361 0.300010 0.300508 0.300117 0.299382 0.300000 0.300742 0.300072 0.300305 0.300142 0.300291 0.299871 0.300245 0.300334 0.300293 0.300193 0.300372 0.300374 0.300332 0.300308 0.300334 0.300359 0.300257 0.300182 0.299422 0.300357 0.300321 0.300303 0.300333 0.300229 0.300277 0.300346 0.300935 0.299906 0.300369 0.299292 0.300000 0.299677 0.300822 0.300034 0.300386 0.299127 0.300264 0.300193 0.300322 0.299759 0.300335 0.300368 0.300183 0.300059
0.000000 0.000000 0.300238 0.300314 0.300400 0.300347 0.300259 0.300283 0.300156 0.300374 0.300036 0.299582 0.300443 0.299669 0.300714 0.300227 0.300240 0.299996 0.300000 0.300107 0.300283 0.300561 0.300363 0.300426 0.299974 0.300285 0.300313 0.300372 0.300598 0.300003 0.300610 0.299433 0.300309 0.300305 0.300179 0.300500 0.300218 0.300153 0.300819 0.300303 0.300225 0.300306 0.300199 0.300230 0.299846 0.300449 0.300495 0.300542 0.300247 0.299940 0.300000 0.299468 0.300404 0.301060 0.300162 0.300282 0.296730 0.299621 0.300651 0.298631 0.300678 0.298425 0.300261
0.000000 0.000000 0.300285 0.300299 0.300364 0.300293 0.300035 0.300266 0.300581 0.300382 0.300121 0.300352 0.300631 0.300496 0.300203 0.300402 0.300310 0.300542 0.299550 0.300000 0.300241 0.300436 0.299370 0.300103 0.299696 0.300182 0.300315 0.300410 0.300359 0.300341 0.299934 0.300276 0.300445 0.300413 0.300400 0.300246 0.300272 0.300349 0.300151 0.299444 0.300356 0.300429 0.300341 0.300347 0.299371 0.300436 0.300350 0.300132 0.300546 0.300367 0.300000 0.299109 0.298548 0.298966 0.300766 0.300486 0.299184 0.299653 0.301161 0.298855 0.300993 0.300312 0.300485
0.000000 0.000000 0.300383 0.300351 0.300328 0.300289 0.300186 0.300432 0.300181 0.300419 0.299964 0.300558 0.300279 0.300183 0.300219 0.300324 0.300136 0.300161 0.300182 0.300000 0.300400 0.300952 0.299780 0.300524 0.300039 0.300404 0.300311 0.299682 0.300362 0.300377 0.300281 0.300551 0.300209 0.300529 0.299889 0.300548 0.300143 0.300274 0.300164 0.299795 0.300432 0.300328 0.300168 0.300205 0.298745 0.300439 0.300318 0.300540 0.300265 0.300000 0.300000 0.300000 0.300000 0.300000 0.300000 0.300000 0.295332 0.299754 0.299793 0.300079 0.300231 0.300273 0.300377
0.000000 0.000000 0.300346 0.300334 0.300353 0.300315 0.300238 0.300470 0.300188 0.300453 0.299940 0.300603 0.300290 0.300083 0.300406 0.300291 0.300049 0.300283 0.300299 0.300000 0.300594 0.300868 0.299644 0.300166 0.299865 0.300497 0.299254 0.300416 0.298985 0.300356 0.300254 0.300251 0.300386 0.300369 0.300434 0.300308 0.300397 0.300307 0.300300 0.300402 0.300089 0.299474 0.300204 0.300267 0.298580 0.300199 0.300315 0.300476 0.299736 0.300000 0.299129 0.299598 0.300429 0.300158 0.300740 0.300329 0.300708 0.295269 0.298341 0.300191 0.300349 0.300614 0.300281
0.000000 0.000000 0.300391 0.300366 0.300360 0.300363 0.300274 0.300547 0.300220 0.300574 0.299937 0.300670 0.300326 0.300004 0.300539 0.300281 0.299965 0.300496 0.300027 0.298536 0.300000 0.301050 0.300301 0.300608 0.300457 0.300869 0.300279 0.300437 0.300324 0.300303 0.300303 0.300542 0.300329 0.300506 0.299874 0.300580 0.299444 0.300478 0.300174 0.300372 0.300208 0.300235 0.301171 0.300121 0.296593 0.300506 0.299700 0.299666 0.300000 0.299999 0.300272 0.300234 0.299790 0.300288 0.300229 0.300272 0.300234 0.300351 0.300301 0.299249 0.299311 0.299619 0.299982
0.000000 0.000000 0.300343 0.300329 0.300336 0.300300 0.300264 0.300411 0.300182 0.300506 0.300091 0.300515 0.300381 0.300106 0.300446 0.300305 0.299931 0.300544 0.299258 0.302039 0.298601 0.300000 0.300603 0.300363 0.299663 0.300329 0.299677 0.300272 0.300270 0.300349 0.300309 0.300405 0.300240 0.300485 0.300396 0.300297 0.300309 0.300451 0.300298 0.300287 0.300237 0.300263 0.300441 0.299587 0.300184 0.301579 0.298765 0.300000 0.300270 0.299049 0.300416 0.300179 0.300332 0.300622 0.300387 0.300653 0.300492 0.300193 0.300472 0.300638 0.298891 0.300111 0.300397
0.000000 0.000000 0.300428 0.300354 0.300259 0.300313 0.300279 0.300452 0.300170 0.300485 0.299881 0.300584 0.300285 0.300122 0.300352 0.300351 0.299914 0.298249 0.298627 0.300521 0.300435 0.300000 0.300325 0.300709 0.300052 0.297766 0.300664 0.299199 0.300471 0.300343 0.300313 0.300495 0.300098 0.300328 0.300267 0.300471 0.300131 0.300273 0.300079 0.300430 0.299805 0.299532 0.298309 0.295822 0.300910 0.297701 0.300000 0.299570 0.300292 0.300192 0.300383 0.300343 0.300312 0.300474 0.299849 0.300324 0.300213 0.300414 0.300053 0.300292 0.300214 0.300259 0.300412
0.000000 0.000000 0.300338 0.300500 0.300316 0.300322 0.300295 0.300467 0.300242 0.300538 0.299709 0.300396 0.300543 0.300455 0.300303 0.300316 0.298446 0.301966 0.300379 0.298268 0.301119 0.300000 0.300984 0.300338 0.299427 0.300704 0.299239 0.300145 0.300437 0.300289 0.300225 0.300418 0.300372 0.300272 0.300344 0.300444 0.300380 0.300339 0.300208 0.300718 0.300018 0.300360 0.299726 0.300487 0.302518 0.300000 0.299852 0.300250 0.300378 0.300290 0.300463 0.300882 0.300534 0.300754 0.300819 0.300050 0.300601 0.300485 0.300312 0.300582 0.300034 0.300389 0.000000
0.000000 0.000000 0.300386 0.300385 0.300256 0.300327 0.300261 0.300529 0.300254 0.300532 0.299994 0.299743 0.300227 0.300008 0.298779 0.300357 0.299928 0.300257 0.300516 0.300288 0.300076 0.300007 0.300000 0.303696 0.300506 0.297584 0.299567 0.300314 0.300395 0.300284 0.300530 0.300070 0.300296 0.300236 0.300192 0.300258 0.300284 0.300495 0.299968 0.300399 0.300137 0.300257 0.300241 0.301106 0.300000 0.300450 0.300339 0.300740 0.300146 0.300629 0.300312 0.300744 0.299816 0.300460 0.300511 0.300204 0.300135 0.300092 0.300394 0.300397 0.299046 0.300399 0.000000
0.000000 0.000000 0.300361 0.300339 0.300119 0.300437 0.300345 0.300135 0.300630 0.300392 0.300343 0.300047 0.300053 0.299509 0.298933 0.297450 0.300201 0.300081 0.300568 0.300281 0.300503 0.300184 0.300000 0.299710 0.302241 0.300718 0.300012 0.300117 0.300334 0.300271 0.300304 0.300399 0.300463 0.300309 0.300371 0.300501 0.300114 0.300479 0.300364 0.300255 0.300477 0.300372 0.300330 0.300390 0.300000 0.299566 0.300199 0.300315 0.300492 0.300384 0.300761 0.301186 0.300141 0.300523 0.300209 0.300489 0.300294 0.300223 0.300565 0.300636 0.300590 0.000000 0.000000
