geotop/1.0zi/1.0Montebello/Templates/Dripsey/maps/_Eocsilt0046.asc
ncols         69
nrows         152
xllcorner     146499.907223
yllcorner     75332.943423
cellsize      50.000000
NODATA_value  -9999.0
[rows 56 to 83 of 152, columns 0 to 62 of 69]
0.000000 0.000000 0.350069 0.350052 0.350028 0.349977 0.349942 0.349751 0.350047 0.349797 0.349998 0.350071 0.350097 0.350001 0.350103 0.350060 0.350078 0.350076 0.350035 0.350075 0.350092 0.350041 0.350083 0.350000 0.349883 0.350091 0.350040 0.349939 0.349954 0.350053 0.350097 0.349979 0.350024 0.350024 0.350029 0.350019 0.350028 0.350045 0.350023 0.350079 0.349923 0.350003 0.350047 0.350348 0.350000 0.350103 0.350066 0.350006 0.350115 0.350074 0.349970 0.350037 0.349910 0.349939 0.350009 0.349992 0.350023 0.350015 0.350072 0.349919 0.349969 0.000000 0.000000
0.000000 0.000000 0.000000 0.350028 0.350079 0.350054 0.350037 0.350026 0.350032 0.349957 0.350067 0.349769 0.349708 0.350061 0.350037 0.349895 0.350087 0.350074 0.350067 0.350038 0.350021 0.349977 0.349885 0.350000 0.350125 0.350073 0.349922 0.349900 0.349841 0.350022 0.349925 0.350064 0.350082 0.350006 0.349990 0.350085 0.349810 0.350047 0.350044 0.350072 0.350022 0.349909 0.350095 0.350000 0.350038 0.350175 0.349792 0.350124 0.349821 0.350175 0.350021 0.350044 0.350002 0.350106 0.350078 0.350097 0.350109 0.350059 0.350045 0.350028 0.000000 0.000000 0.000000
0.000000 0.000000 0.000000 0.350068 0.350015 0.350066 0.350094 0.350056 0.350036 0.350032 0.349946 0.350083 0.350084 0.350053 0.350100 0.350028 0.350005 0.349814 0.350049 0.349865 0.350163 0.349713 0.349847 0.350155 0.350000 0.350092 0.349977 0.349978 0.349917 0.349932 0.350081 0.349876 0.350091 0.350021 0.350029 0.350083 0.349883 0.350023 0.350017 0.350059 0.350032 0.350059 0.349892 0.350000 0.350026 0.350049 0.349960 0.350125 0.350066 0.350033 0.349986 0.350000 0.350001 0.350001 0.350001 0.350001 0.350071 0.350061 0.350089 0.000000 0.000000 0.000000 0.000000
0.000000 0.000000 0.000000 0.350070 0.350037 0.350075 0.349974 0.349993 0.349886 0.349644 0.350150 0.349861 0.349982 0.349935 0.349896 0.350361 0.349842 0.350045 0.349925 0.350080 0.350114 0.350093 0.350081 0.349983 0.350000 0.350266 0.350016 0.349948 0.349885 0.350016 0.349806 0.350069 0.350038 0.349843 0.349842 0.350071 0.350070 0.349596 0.349889 0.350051 0.350058 0.350052 0.350025 0.350000 0.349741 0.350080 0.349702 0.350138 0.349904 0.350101 0.350002 0.350021 0.350001 0.000000 0.000000 0.000000 0.000000 0.000000 0.000000 0.000000 0.000000 0.000000 0.000000
0.000000 0.000000 0.000000 0.350083 0.349993 0.349981 0.349945 0.349718 0.350034 0.350063 0.349939 0.349729 0.350102 0.349543 0.349954 0.349867 0.350103 0.350056 0.350028 0.349891 0.349953 0.349850 0.350036 0.349973 0.350000 0.349852 0.350176 0.349996 0.349951 0.350015 0.350101 0.350006 0.350096 0.350118 0.350098 0.350060 0.349990 0.350105 0.349928 0.350109 0.349968 0.350048 0.350000 0.350173 0.349996 0.349873 0.350049 0.350045 0.349960 0.350055 0.350003 0.350001 0.000000 0.000000 0.000000 0.000000 0.000000 0.000000 0.000000 0.000000 0.000000 0.000000 0.000000
0.000000 0.000000 0.000000 0.000000 0.000000 0.350066 0.350036 0.350096 0.350058 0.350025 0.350055 0.350078 0.349825 0.350022 0.350038 0.350074 0.349998 0.350108 0.350063 0.349717 0.350163 0.349938 0.349810 0.350070 0.350020 0.350000 0.350201 0.350121 0.349943 0.349979 0.350082 0.349800 0.350075 0.349827 0.349748 0.350032 0.350103 0.349923 0.350017 0.349841 0.350064 0.350000 0.349962 0.349994 0.350032 0.349907 0.350041 0.350108 0.350000 0.350002 0.350002 0.350001 0.000000 0.000000 0.000000 0.000000 0.000000 0.000000 0.000000 0.000000 0.000000 0.000000 0.000000
0.000000 0.000000 0.000000 0.000000 0.000000 0.000000 0.350072 0.350061 0.350035 0.350014 0.350033 0.350005 0.350101 0.349883 0.350066 0.350043 0.350104 0.350036 0.349928 0.349876 0.350041 0.349990 0.349910 0.350041 0.350054 0.349805 0.350000 0.350032 0.349980 0.350083 0.350035 0.349847 0.350097 0.350140 0.350149 0.350035 0.350052 0.350091 0.350011 0.349880 0.350000 0.350046 0.350080 0.350094 0.350063 0.350113 0.350031 0.350057 0.350030 0.350092 0.350001 0.350060 0.350001 0.000000 0.000000 0.000000 0.000000 0.000000 0.000000 0.000000 0.000000 0.000000 0.000000
0.000000 0.000000 0.000000 0.000000 0.000000 0.000000 0.000000 0.350060 0.350065 0.350027 0.350102 0.350063 0.349988 0.350095 0.350043 0.349982 0.350072 0.349954 0.349775 0.350042 0.349996 0.350105 0.350028 0.350009 0.349668 0.349847 0.350000 0.349994 0.350069 0.350017 0.349903 0.349983 0.350040 0.349694 0.349735 0.350007 0.350024 0.350040 0.350049 0.350000 0.349829 0.350098 0.349903 0.349833 0.349902 0.350088 0.349906 0.350077 0.350026 0.350090 0.350085 0.350097 0.350052 0.000000 0.000000 0.000000 0.000000 0.000000 0.000000 0.000000 0.000000 0.000000 0.000000
0.000000 0.000000 0.000000 0.000000 0.000000 0.000000 0.000000 0.000000 0.350049 0.350049 0.350047 0.350087 0.350057 0.350036 0.350034 0.349930 0.349835 0.350081 0.350079 0.350045 0.350101 0.350037 0.349985 0.350077 0.350093 0.350049 0.350041 0.350000 0.350035 0.350018 0.349982 0.350072 0.350057 0.350043 0.350104 0.349970 0.350029 0.350090 0.350035 0.350000 0.349979 0.350126 0.349978 0.350094 0.349758 0.350047 0.349941 0.350032 0.350090 0.350050 0.350112 0.349986 0.350088 0.000000 0.000000 0.000000 0.000000 0.000000 0.000000 0.000000 0.000000 0.000000 0.000000
0.000000 0.000000 0.000000 0.000000 0.000000 0.000000 0.000000 0.000000 0.000000 0.350027 0.350071 0.350080 0.350062 0.350036 0.349953 0.349782 0.350031 0.349857 0.350128 0.349739 0.350178 0.349909 0.350100 0.350086 0.350036 0.349949 0.350031 0.349985 0.350000 0.350093 0.350077 0.350093 0.350052 0.349891 0.349854 0.349847 0.349864 0.350058 0.350000 0.350067 0.350006 0.350153 0.350004 0.350010 0.350084 0.350031 0.350079 0.350101 0.349938 0.350010 0.349884 0.349976 0.000000 0.000000 0.000000 0.000000 0.000000 0.000000 0.000000 0.000000 0.000000 0.000000 0.000000
0.000000 0.000000 0.000000 0.000000 0.000000 0.000000 0.000000 0.000000 0.000000 0.350073 0.350065 0.350027 0.350099 0.350014 0.350077 0.350001 0.350093 0.350065 0.350053 0.350002 0.349742 0.350061 0.350041 0.349963 0.349862 0.349874 0.350105 0.350109 0.349983 0.350000 0.349970 0.349981 0.350120 0.350092 0.350064 0.350131 0.350156 0.350000 0.350077 0.349849 0.350005 0.350092 0.350048 0.350092 0.350008 0.350103 0.350012 0.350026 0.349949 0.350031 0.349953 0.350116 0.000000 0.000000 0.000000 0.000000 0.000000 0.000000 0.000000 0.000000 0.000000 0.000000 0.000000
0.000000 0.000000 0.000000 0.000000 0.000000 0.000000 0.000000 0.000000 0.000000 0.350084 0.350061 0.350019 0.350022 0.350066 0.350072 0.350035 0.350095 0.350040 0.350058 0.349592 0.350027 0.350092 0.349999 0.349879 0.349750 0.350105 0.349905 0.349627 0.350424 0.349833 0.350000 0.349997 0.350036 0.350234 0.350131 0.350107 0.350000 0.350158 0.349849 0.350101 0.349866 0.350040 0.350051 0.350014 0.350014 0.350002 0.349905 0.350103 0.349855 0.349915 0.349971 0.000000 0.000000 0.000000 0.000000 0.000000 0.000000 0.000000 0.000000 0.000000 0.000000 0.000000 0.000000
0.000000 0.000000 0.000000 0.000000 0.000000 0.000000 0.000000 0.000000 0.000000 0.350031 0.350048 0.350095 0.350031 0.350020 0.350051 0.350054 0.350053 0.349854 0.350067 0.350038 0.350005 0.349990 0.350108 0.349971 0.349965 0.349935 0.349968 0.349903 0.350103 0.349950 0.349775 0.350000 0.349954 0.350006 0.350128 0.349894 0.350000 0.350163 0.350001 0.349766 0.349950 0.350026 0.350068 0.350031 0.350011 0.350114 0.350108 0.349848 0.349969 0.350001 0.000000 0.000000 0.000000 0.000000 0.000000 0.000000 0.000000 0.000000 0.000000 0.000000 0.000000 0.000000 0.000000
0.000000 0.000000 0.000000 0.000000 0.000000 0.000000 0.000000 0.000000 0.000000 0.350070 0.349935 0.350108 0.350032 0.349990 0.349997 0.350002 0.350081 0.350058 0.350081 0.350054 0.350069 0.350072 0.350052 0.349979 0.350046 0.350014 0.349960 0.350013 0.350073 0.350080 0.349859 0.350000 0.349971 0.350068 0.350089 0.350000 0.349962 0.350163 0.350001 0.350054 0.350069 0.350093 0.349936 0.349971 0.349847 0.350030 0.349972 0.350131 0.349956 0.350056 0.000000 0.000000 0.000000 0.000000 0.000000 0.000000 0.000000 0.000000 0.000000 0.000000 0.000000 0.000000 0.000000
0.000000 0.000000 0.000000 0.000000 0.000000 0.000000 0.000000 0.000000 0.000000 0.350085 0.349863 0.350019 0.350104 0.350016 0.350021 0.349907 0.349993 0.350028 0.350109 0.350074 0.350081 0.350038 0.350007 0.350085 0.350097 0.349901 0.350074 0.349924 0.350094 0.349959 0.350107 0.350091 0.350000 0.350001 0.350000 0.349881 0.349987 0.350151 0.349872 0.350072 0.350027 0.349757 0.350125 0.350139 0.350008 0.350113 0.350029 0.349932 0.350019 0.350121 0.000000 0.000000 0.000000 0.000000 0.000000 0.000000 0.000000 0.000000 0.000000 0.000000 0.000000 0.000000 0.000000
0.000000 0.000000 0.000000 0.000000 0.000000 0.000000 0.000000 0.000000 0.350061 0.350065 0.350070 0.350008 0.349976 0.350092 0.349983 0.349835 0.349942 0.349991 0.349941 0.350081 0.350053 0.350069 0.350058 0.350040 0.349982 0.350092 0.350018 0.350052 0.350061 0.350093 0.350060 0.350033 0.350000 0.350000 0.350000 0.350000 0.350000 0.350000 0.350000 0.350000 0.350000 0.350000 0.349943 0.349876 0.349660 0.349854 0.349913 0.350044 0.350094 0.000000 0.000000 0.000000 0.000000 0.000000 0.000000 0.000000 0.000000 0.000000 0.000000 0.000000 0.000000 0.000000 0.000000
0.000000 0.000000 0.000000 0.000000 0.000000 0.000000 0.000000 0.350088 0.350066 0.350041 0.350038 0.349882 0.350032 0.350051 0.350090 0.350076 0.349951 0.350104 0.349690 0.350002 0.349942 0.350080 0.350078 0.350085 0.350039 0.350041 0.350024 0.349962 0.350044 0.349895 0.350130 0.349984 0.349985 0.350000 0.349937 0.350012 0.350138 0.349972 0.350041 0.349760 0.350107 0.349771 0.349958 0.349894 0.349976 0.350021 0.349928 0.349975 0.350096 0.000000 0.000000 0.000000 0.000000 0.000000 0.000000 0.000000 0.000000 0.000000 0.000000 0.000000 0.000000 0.000000 0.000000
0.000000 0.000000 0.000000 0.000000 0.000000 0.000000 0.000000 0.350056 0.350042 0.350095 0.349880 0.350107 0.349678 0.350041 0.350095 0.350022 0.350084 0.350066 0.350087 0.350007 0.349959 0.349972 0.350059 0.350030 0.350082 0.350067 0.350079 0.350026 0.350093 0.350089 0.350040 0.350071 0.350000 0.349985 0.350126 0.349956 0.350086 0.350034 0.350075 0.350155 0.349919 0.350088 0.349893 0.350004 0.349795 0.350049 0.350105 0.349970 0.350091 0.000000 0.000000 0.000000 0.000000 0.000000 0.000000 0.000000 0.000000 0.000000 0.000000 0.000000 0.000000 0.000000 0.000000
0.000000 0.000000 0.000000 0.000000 0.000000 0.000000 0.000000 0.349995 0.350032 0.350028 0.350067 0.350056 0.350199 0.349973 0.350050 0.350098 0.349947 0.350073 0.350047 0.350037 0.349949 0.350027 0.349884 0.350090 0.350033 0.350035 0.350044 0.350001 0.350090 0.350065 0.349992 0.350057 0.350000 0.350049 0.350171 0.350094 0.349918 0.349947 0.349927 0.350001 0.349940 0.350080 0.349805 0.349960 0.350001 0.349875 0.350059 0.350071 0.350065 0.000000 0.000000 0.000000 0.000000 0.000000 0.000000 0.000000 0.000000 0.000000 0.000000 0.000000 0.000000 0.000000 0.000000
0.000000 0.000000 0.000000 0.000000 0.000000 0.000000 0.000000 0.350077 0.349834 0.350106 0.349589 0.350036 0.349695 0.350066 0.349820 0.350058 0.350072 0.350033 0.350070 0.349997 0.350068 0.349877 0.350096 0.349893 0.350041 0.349917 0.349956 0.349946 0.350028 0.349977 0.350102 0.350059 0.350000 0.350017 0.350072 0.349969 0.349954 0.350061 0.350062 0.350041 0.350073 0.350102 0.349951 0.349841 0.350098 0.350034 0.350069 0.350111 0.350039 0.000000 0.000000 0.000000 0.000000 0.000000 0.000000 0.000000 0.000000 0.000000 0.000000 0.000000 0.000000 0.000000 0.000000
0.000000 0.000000 0.000000 0.000000 0.000000 0.000000 0.000000 0.350087 0.350010 0.350024 0.350088 0.349755 0.349907 0.350038 0.349885 0.350079 0.350039 0.350043 0.350001 0.350100 0.349822 0.350050 0.349931 0.350084 0.349940 0.349960 0.350014 0.349996 0.350075 0.350063 0.349988 0.350000 0.350206 0.350133 0.349926 0.349952 0.349926 0.349979 0.350021 0.350048 0.350043 0.349996 0.350085 0.349812 0.350030 0.350117 0.350001 0.350041 0.000000 0.000000 0.000000 0.000000 0.000000 0.000000 0.000000 0.000000 0.000000 0.000000 0.000000 0.000000 0.000000 0.000000 0.000000
0.000000 0.000000 0.000000 0.000000 0.000000 0.000000 0.000000 0.350066 0.349654 0.350076 0.349948 0.350002 0.350288 0.350003 0.349825 0.349978 0.349895 0.349908 0.350079 0.349959 0.350034 0.349854 0.350081 0.349717 0.350019 0.349922 0.349995 0.349875 0.349994 0.350062 0.350000 0.349973 0.350122 0.350003 0.349944 0.350085 0.350057 0.350087 0.350056 0.350051 0.350097 0.350013 0.349986 0.350139 0.350035 0.350117 0.350001 0.350001 0.000000 0.000000 0.000000 0.000000 0.000000 0.000000 0.000000 0.000000 0.000000 0.000000 0.000000 0.000000 0.000000 0.000000 0.000000
0.000000 0.000000 0.000000 0.000000 0.000000 0.000000 0.000000 0.350081 0.349986 0.349936 0.350063 0.350010 0.349981 0.350021 0.350277 0.350089 0.350050 0.349819 0.350053 0.350037 0.350004 0.349838 0.350067 0.350081 0.349977 0.349991 0.349989 0.350073 0.349802 0.350179 0.350000 0.350171 0.350001 0.350034 0.349921 0.350065 0.350000 0.350001 0.350001 0.350001 0.350101 0.349926 0.349600 0.349645 0.349939 0.350099 0.350001 0.000000 0.000000 0.000000 0.000000 0.000000 0.000000 0.000000 0.000000 0.000000 0.000000 0.000000 0.000000 0.000000 0.000000 0.000000 0.000000
0.000000 0.000000 0.000000 0.000000 0.000000 0.000000 0.000000 0.350097 0.350048 0.349836 0.349708 0.349813 0.349919 0.350000 0.350000 0.350000 0.349840 0.350033 0.350001 0.350008 0.350039 0.350030 0.350026 0.350079 0.350064 0.350015 0.350004 0.350005 0.350102 0.350000 0.350004 0.350140 0.349869 0.350165 0.350001 0.350087 0.350001 0.350001 0.350014 0.350066 0.349979 0.350044 0.349969 0.349920 0.350036 0.350046 0.350075 0.000000 0.000000 0.000000 0.000000 0.000000 0.000000 0.000000 0.000000 0.000000 0.000000 0.000000 0.000000 0.000000 0.000000 0.000000 0.000000
0.000000 0.000000 0.000000 0.000000 0.000000 0.000000 0.000000 0.000000 0.350075 0.349895 0.350080 0.349840 0.350079 0.349999 0.350061 0.350001 0.350000 0.350000 0.350159 0.350140 0.350059 0.349899 0.350045 0.350070 0.350043 0.350104 0.350051 0.350119 0.350002 0.350000 0.350067 0.350107 0.349873 0.350041 0.349970 0.350118 0.350001 0.350009 0.350072 0.350078 0.350095 0.350042 0.349674 0.349687 0.350008 0.350084 0.000000 0.000000 0.000000 0.000000 0.000000 0.000000 0.000000 0.000000 0.000000 0.000000 0.000000 0.000000 0.000000 0.000000 0.000000 0.000000 0.000000
0.000000 0.000000 0.000000 0.000000 0.000000 0.000000 0.000000 0.000000 0.349946 0.350084 0.350041 0.349933 0.349894 0.350105 0.350079 0.350028 0.350119 0.349886 0.350000 0.350003 0.350005 0.350011 0.350010 0.350036 0.350028 0.350074 0.350028 0.350090 0.349861 0.350000 0.350050 0.350115 0.349887 0.350057 0.349961 0.350100 0.350011 0.350011 0.350077 0.350067 0.350084 0.349870 0.350024 0.350027 0.350026 0.350052 0.000000 0.000000 0.000000 0.000000 0.000000 0.000000 0.000000 0.000000 0.000000 0.000000 0.000000 0.000000 0.000000 0.000000 0.000000 0.000000 0.000000
0.000000 0.000000 0.000000 0.000000 0.000000 0.000000 0.000000 0.000000 0.350024 0.350073 0.349958 0.349979 0.349791 0.350051 0.350087 0.350072 0.349968 0.349923 0.350220 0.350000 0.350000 0.350005 0.349956 0.349973 0.350013 0.350090 0.350044 0.350056 0.350000 0.350020 0.350001 0.350103 0.349871 0.350169 0.350007 0.349879 0.350073 0.350059 0.349960 0.350104 0.350072 0.350027 0.350039 0.349890 0.350102 0.350050 0.000000 0.000000 0.000000 0.000000 0.000000 0.000000 0.000000 0.000000 0.000000 0.000000 0.000000 0.000000 0.000000 0.000000 0.000000 0.000000 0.000000
0.000000 0.000000 0.000000 0.000000 0.000000 0.000000 0.000000 0.000000 0.350024 0.350022 0.350093 0.349940 0.349955 0.350083 0.350024 0.349843 0.349900 0.349915 0.350099 0.349831 0.350273 0.350000 0.350038 0.349993 0.349782 0.350074 0.350030 0.350041 0.350000 0.350195 0.350018 0.349742 0.350140 0.349917 0.350109 0.349959 0.349652 0.349815 0.349745 0.349989 0.350118 0.350029 0.350077 0.350045 0.350004 0.000000 0.000000 0.000000 0.000000 0.000000 0.000000 0.000000 0.000000 0.000000 0.000000 0.000000 0.000000 0.000000 0.000000 0.000000 0.000000 0.000000 0.000000
