geotop/1.0zi/1.0Montebello/Templates/Dripsey/maps/_Eocclay0325.asc
ncols         69
nrows         152
xllcorner     146499.907223
yllcorner     75332.943423
cellsize      50.000000
NODATA_value  -9999.0
[rows 56 to 83 of 152, columns 0 to 62 of 69]
0.000000 0.000000 0.349309 0.349483 0.349642 0.349991 0.350183 0.350229 0.349715 0.350130 0.350633 0.349503 0.349112 0.350936 0.349054 0.349632 0.349470 0.349583 0.349487 0.349445 0.349231 0.349865 0.349512 0.350000 0.350143 0.348729 0.349780 0.349875 0.349815 0.349703 0.349072 0.349895 0.349607 0.349791 0.349847 0.349662 0.349808 0.349455 0.349674 0.349279 0.349893 0.349943 0.349312 0.348647 0.350000 0.348778 0.349709 0.349437 0.349225 0.348856 0.349980 0.349734 0.350280 0.350090 0.349969 0.350002 0.349903 0.349790 0.349679 0.350240 0.350053 0.000000 0.000000
0.000000 0.000000 0.000000 0.349709 0.349266 0.349530 0.349574 0.349586 0.349648 0.349686 0.349671 0.350895 0.351610 0.349510 0.349506 0.350187 0.349248 0.349573 0.349218 0.349600 0.349695 0.349789 0.350127 0.350000 0.348876 0.349492 0.350555 0.350040 0.350882 0.349560 0.349776 0.349377 0.349304 0.349654 0.349649 0.349254 0.350380 0.349516 0.349542 0.349445 0.349743 0.351057 0.349127 0.350000 0.350282 0.349289 0.350007 0.349081 0.349731 0.348886 0.349919 0.349802 0.349981 0.349666 0.349791 0.349707 0.349333 0.349451 0.349482 0.349665 0.000000 0.000000 0.000000
0.000000 0.000000 0.000000 0.349338 0.349774 0.349479 0.349221 0.349472 0.349508 0.349513 0.350123 0.349291 0.349283 0.349802 0.348868 0.349427 0.350391 0.350121 0.349706 0.349857 0.349632 0.350108 0.350358 0.350080 0.350000 0.348974 0.349674 0.349253 0.349899 0.349842 0.349348 0.350445 0.349184 0.349835 0.349844 0.349242 0.351204 0.349680 0.349674 0.349663 0.349601 0.349412 0.350337 0.350000 0.349652 0.349527 0.349421 0.348575 0.349794 0.349854 0.350021 0.349993 0.349982 0.349980 0.349981 0.349983 0.349722 0.349669 0.349180 0.000000 0.000000 0.000000 0.000000
0.000000 0.000000 0.000000 0.349338 0.349585 0.349384 0.349953 0.349591 0.350974 0.351040 0.349569 0.349929 0.349770 0.351635 0.348753 0.353060 0.349120 0.352047 0.349367 0.350773 0.350817 0.349334 0.349049 0.349824 0.350000 0.348778 0.350514 0.349874 0.350529 0.349594 0.350319 0.349424 0.349880 0.349787 0.349754 0.349560 0.349428 0.352513 0.349824 0.349786 0.349566 0.349616 0.349764 0.350000 0.351584 0.349523 0.350695 0.348314 0.349918 0.349673 0.349978 0.349944 0.349987 0.000000 0.000000 0.000000 0.000000 0.000000 0.000000 0.000000 0.000000 0.000000 0.000000
0.000000 0.000000 0.000000 0.349253 0.349891 0.349963 0.350216 0.350988 0.349560 0.349380 0.350238 0.350518 0.349623 0.351903 0.352425 0.350103 0.349024 0.349419 0.349584 0.349775 0.350211 0.348846 0.350257 0.349737 0.350000 0.351766 0.348995 0.349434 0.349741 0.349598 0.349069 0.349487 0.349184 0.349582 0.349658 0.349337 0.349795 0.349000 0.351953 0.348982 0.349542 0.349382 0.350000 0.349447 0.349356 0.350034 0.349251 0.348764 0.349983 0.349861 0.349971 0.349990 0.000000 0.000000 0.000000 0.000000 0.000000 0.000000 0.000000 0.000000 0.000000 0.000000 0.000000
0.000000 0.000000 0.000000 0.000000 0.000000 0.349450 0.349440 0.349099 0.349266 0.349532 0.349241 0.349267 0.350698 0.349531 0.349560 0.349352 0.349589 0.349144 0.349268 0.350659 0.349237 0.350887 0.350083 0.353158 0.349303 0.350000 0.348742 0.349143 0.350643 0.349829 0.349484 0.350257 0.349450 0.349955 0.350110 0.349704 0.349166 0.349867 0.349516 0.349084 0.349347 0.350000 0.350243 0.349529 0.349553 0.349570 0.349178 0.348884 0.349990 0.349974 0.349981 0.349978 0.000000 0.000000 0.000000 0.000000 0.000000 0.000000 0.000000 0.000000 0.000000 0.000000 0.000000
0.000000 0.000000 0.000000 0.000000 0.000000 0.000000 0.349539 0.349629 0.349728 0.349882 0.349337 0.349701 0.349057 0.350011 0.349612 0.349880 0.348872 0.349557 0.350063 0.349994 0.348803 0.350621 0.351458 0.349359 0.349583 0.352066 0.350000 0.349634 0.349679 0.349346 0.349275 0.350695 0.349187 0.349609 0.349497 0.349524 0.349405 0.349248 0.349632 0.350119 0.350000 0.349140 0.349547 0.349184 0.349580 0.348943 0.349909 0.349630 0.349915 0.349689 0.349985 0.349864 0.349986 0.000000 0.000000 0.000000 0.000000 0.000000 0.000000 0.000000 0.000000 0.000000 0.000000
0.000000 0.000000 0.000000 0.000000 0.000000 0.000000 0.000000 0.349574 0.349590 0.349843 0.349068 0.349356 0.349776 0.349250 0.349623 0.349985 0.349060 0.350256 0.351270 0.349700 0.349435 0.349216 0.349470 0.349297 0.350036 0.349941 0.350000 0.350704 0.349364 0.349426 0.350814 0.349696 0.349874 0.350414 0.350307 0.349682 0.349658 0.349875 0.349653 0.350000 0.351948 0.348507 0.351474 0.350911 0.349772 0.349325 0.350003 0.348899 0.349912 0.349543 0.349639 0.349402 0.349865 0.000000 0.000000 0.000000 0.000000 0.000000 0.000000 0.000000 0.000000 0.000000 0.000000
0.000000 0.000000 0.000000 0.000000 0.000000 0.000000 0.000000 0.000000 0.349789 0.349871 0.349456 0.349404 0.349319 0.349617 0.349550 0.349727 0.350381 0.349392 0.349426 0.349866 0.348894 0.349474 0.349903 0.351129 0.349201 0.349494 0.349546 0.350000 0.349445 0.349339 0.349573 0.348975 0.349739 0.349544 0.349398 0.349983 0.349508 0.349419 0.349168 0.350000 0.349504 0.348757 0.350012 0.349251 0.350711 0.349699 0.349696 0.349466 0.348991 0.348941 0.349024 0.349308 0.348835 0.000000 0.000000 0.000000 0.000000 0.000000 0.000000 0.000000 0.000000 0.000000 0.000000
0.000000 0.000000 0.000000 0.000000 0.000000 0.000000 0.000000 0.000000 0.000000 0.349929 0.349520 0.349487 0.349289 0.349570 0.350063 0.350099 0.349662 0.350086 0.349610 0.350522 0.349143 0.352058 0.350553 0.349405 0.349443 0.349427 0.350356 0.350395 0.350000 0.351424 0.349345 0.349013 0.349761 0.350494 0.350758 0.350305 0.349983 0.349363 0.350000 0.349394 0.349587 0.348622 0.349973 0.349905 0.349437 0.349543 0.349497 0.349070 0.349752 0.349565 0.349940 0.349814 0.000000 0.000000 0.000000 0.000000 0.000000 0.000000 0.000000 0.000000 0.000000 0.000000 0.000000
0.000000 0.000000 0.000000 0.000000 0.000000 0.000000 0.000000 0.000000 0.000000 0.349517 0.349325 0.349733 0.349130 0.349849 0.349513 0.349982 0.349514 0.349135 0.349350 0.349453 0.352160 0.349305 0.349664 0.349639 0.350414 0.350602 0.349007 0.349123 0.349858 0.350000 0.350085 0.349646 0.348970 0.349043 0.348959 0.349174 0.349392 0.350000 0.349488 0.350254 0.349742 0.349031 0.349874 0.349234 0.349695 0.349011 0.349753 0.349666 0.349852 0.349598 0.349782 0.348872 0.000000 0.000000 0.000000 0.000000 0.000000 0.000000 0.000000 0.000000 0.000000 0.000000 0.000000
0.000000 0.000000 0.000000 0.000000 0.000000 0.000000 0.000000 0.000000 0.000000 0.349440 0.349490 0.349781 0.349664 0.349552 0.349532 0.349908 0.349234 0.349082 0.350145 0.351411 0.349481 0.349091 0.349523 0.350127 0.351454 0.349194 0.350459 0.351522 0.350399 0.352049 0.350000 0.349856 0.349518 0.349463 0.349596 0.349596 0.350000 0.349423 0.350299 0.349288 0.350136 0.349394 0.349695 0.349658 0.349725 0.349665 0.350006 0.349247 0.350254 0.349938 0.349604 0.000000 0.000000 0.000000 0.000000 0.000000 0.000000 0.000000 0.000000 0.000000 0.000000 0.000000 0.000000
0.000000 0.000000 0.000000 0.000000 0.000000 0.000000 0.000000 0.000000 0.000000 0.349533 0.349343 0.349104 0.349576 0.349641 0.349342 0.349666 0.349276 0.350139 0.349152 0.349519 0.350052 0.350046 0.349017 0.349714 0.349741 0.349865 0.349707 0.350243 0.349160 0.350499 0.352072 0.350000 0.350188 0.351180 0.350906 0.350902 0.350000 0.348398 0.349979 0.350984 0.349837 0.349737 0.349383 0.349634 0.349676 0.349676 0.348965 0.351191 0.349782 0.349890 0.000000 0.000000 0.000000 0.000000 0.000000 0.000000 0.000000 0.000000 0.000000 0.000000 0.000000 0.000000 0.000000
0.000000 0.000000 0.000000 0.000000 0.000000 0.000000 0.000000 0.000000 0.000000 0.349489 0.350081 0.349053 0.349616 0.349745 0.349723 0.349745 0.349336 0.349649 0.349347 0.349667 0.349544 0.349666 0.349193 0.349678 0.349391 0.349642 0.349743 0.349571 0.349088 0.349150 0.351130 0.350000 0.350163 0.349627 0.349239 0.350000 0.350150 0.348420 0.349978 0.349825 0.349569 0.349146 0.349848 0.349776 0.350130 0.349576 0.349936 0.349484 0.349905 0.349705 0.000000 0.000000 0.000000 0.000000 0.000000 0.000000 0.000000 0.000000 0.000000 0.000000 0.000000 0.000000 0.000000
0.000000 0.000000 0.000000 0.000000 0.000000 0.000000 0.000000 0.000000 0.000000 0.349232 0.350683 0.349677 0.349052 0.349693 0.349707 0.349860 0.349669 0.349702 0.348998 0.349371 0.349407 0.349775 0.349604 0.349303 0.349087 0.349897 0.349491 0.350281 0.349232 0.349905 0.349114 0.349207 0.350000 0.349915 0.350000 0.350814 0.349942 0.348927 0.350101 0.349458 0.349670 0.351570 0.349203 0.349566 0.349677 0.349576 0.349769 0.350993 0.349509 0.348886 0.000000 0.000000 0.000000 0.000000 0.000000 0.000000 0.000000 0.000000 0.000000 0.000000 0.000000 0.000000 0.000000
0.000000 0.000000 0.000000 0.000000 0.000000 0.000000 0.000000 0.000000 0.349764 0.349674 0.349438 0.349213 0.349864 0.349290 0.349779 0.350043 0.349813 0.349792 0.350201 0.349303 0.349572 0.349582 0.349355 0.349613 0.349926 0.349241 0.349781 0.349837 0.349164 0.349330 0.349310 0.349628 0.350000 0.350000 0.350000 0.350000 0.350000 0.350000 0.350000 0.350000 0.350000 0.350000 0.352677 0.351071 0.352459 0.351423 0.349996 0.349429 0.349250 0.000000 0.000000 0.000000 0.000000 0.000000 0.000000 0.000000 0.000000 0.000000 0.000000 0.000000 0.000000 0.000000 0.000000
0.000000 0.000000 0.000000 0.000000 0.000000 0.000000 0.000000 0.349279 0.349236 0.349442 0.349485 0.350452 0.349707 0.349401 0.349134 0.349332 0.350420 0.351106 0.352402 0.349719 0.350168 0.349314 0.349285 0.349330 0.349548 0.349665 0.349694 0.349856 0.349599 0.349999 0.349436 0.349725 0.350656 0.350000 0.350705 0.349904 0.349073 0.349407 0.349861 0.350708 0.348995 0.351143 0.354044 0.351414 0.349624 0.349801 0.350015 0.349901 0.349237 0.000000 0.000000 0.000000 0.000000 0.000000 0.000000 0.000000 0.000000 0.000000 0.000000 0.000000 0.000000 0.000000 0.000000
0.000000 0.000000 0.000000 0.000000 0.000000 0.000000 0.000000 0.349467 0.349583 0.349283 0.350126 0.349133 0.350986 0.349569 0.349253 0.349805 0.349380 0.349530 0.349221 0.350848 0.349750 0.349789 0.349472 0.349738 0.349284 0.349517 0.349408 0.349931 0.349267 0.349410 0.349368 0.349575 0.350000 0.349980 0.348801 0.350679 0.348810 0.349131 0.349536 0.348838 0.349645 0.348910 0.350460 0.352872 0.350802 0.349376 0.349170 0.349541 0.349224 0.000000 0.000000 0.000000 0.000000 0.000000 0.000000 0.000000 0.000000 0.000000 0.000000 0.000000 0.000000 0.000000 0.000000
0.000000 0.000000 0.000000 0.000000 0.000000 0.000000 0.000000 0.349858 0.349542 0.349543 0.349722 0.349336 0.349577 0.350020 0.349386 0.349099 0.350062 0.349448 0.349439 0.349551 0.349354 0.349770 0.350682 0.349177 0.349527 0.349621 0.349526 0.349940 0.349001 0.349342 0.349667 0.349436 0.350000 0.349995 0.348827 0.348571 0.350452 0.350026 0.350197 0.349978 0.350067 0.349585 0.350268 0.351524 0.349634 0.350171 0.349415 0.349476 0.349697 0.000000 0.000000 0.000000 0.000000 0.000000 0.000000 0.000000 0.000000 0.000000 0.000000 0.000000 0.000000 0.000000 0.000000
0.000000 0.000000 0.000000 0.000000 0.000000 0.000000 0.000000 0.349382 0.350268 0.349111 0.351533 0.349450 0.350291 0.349650 0.350256 0.349752 0.349325 0.349507 0.349351 0.349765 0.349337 0.348739 0.349172 0.349989 0.349487 0.349763 0.349866 0.350024 0.349428 0.349762 0.349037 0.349506 0.350000 0.349772 0.348891 0.349081 0.350016 0.349393 0.349807 0.349791 0.349147 0.349096 0.349897 0.350852 0.349086 0.349024 0.349295 0.349321 0.349899 0.000000 0.000000 0.000000 0.000000 0.000000 0.000000 0.000000 0.000000 0.000000 0.000000 0.000000 0.000000 0.000000 0.000000
0.000000 0.000000 0.000000 0.000000 0.000000 0.000000 0.000000 0.349222 0.350250 0.349590 0.349272 0.351843 0.350358 0.349704 0.349980 0.349176 0.349424 0.349599 0.349740 0.349064 0.350814 0.349284 0.350447 0.349235 0.349935 0.349728 0.349572 0.349589 0.349287 0.349498 0.350328 0.350000 0.348732 0.348839 0.350499 0.349998 0.350090 0.349905 0.349942 0.349879 0.349819 0.350019 0.349248 0.353534 0.349281 0.349527 0.349995 0.349893 0.000000 0.000000 0.000000 0.000000 0.000000 0.000000 0.000000 0.000000 0.000000 0.000000 0.000000 0.000000 0.000000 0.000000 0.000000
0.000000 0.000000 0.000000 0.000000 0.000000 0.000000 0.000000 0.349539 0.351264 0.349449 0.349737 0.349491 0.352585 0.349625 0.350424 0.349843 0.349761 0.349806 0.349404 0.349838 0.349520 0.352370 0.349442 0.350351 0.349761 0.350497 0.349733 0.350038 0.349658 0.349426 0.350000 0.350042 0.348545 0.349256 0.350086 0.349356 0.349808 0.349715 0.349843 0.349866 0.349362 0.349543 0.352100 0.350014 0.349132 0.349322 0.349984 0.349987 0.000000 0.000000 0.000000 0.000000 0.000000 0.000000 0.000000 0.000000 0.000000 0.000000 0.000000 0.000000 0.000000 0.000000 0.000000
0.000000 0.000000 0.000000 0.000000 0.000000 0.000000 0.000000 0.349402 0.349766 0.350000 0.349176 0.349611 0.351260 0.349340 0.348720 0.349120 0.349473 0.350602 0.349824 0.349669 0.349751 0.350904 0.349259 0.349344 0.349822 0.349667 0.349495 0.349389 0.351668 0.349269 0.350000 0.348517 0.349975 0.349841 0.350146 0.349782 0.349994 0.349984 0.349987 0.349988 0.349351 0.349673 0.351467 0.351537 0.349760 0.349494 0.349985 0.000000 0.000000 0.000000 0.000000 0.000000 0.000000 0.000000 0.000000 0.000000 0.000000 0.000000 0.000000 0.000000 0.000000 0.000000 0.000000
0.000000 0.000000 0.000000 0.000000 0.000000 0.000000 0.000000 0.349137 0.349446 0.350373 0.352758 0.351763 0.350534 0.350000 0.350000 0.350000 0.351727 0.349886 0.349980 0.349964 0.349532 0.352949 0.349588 0.349500 0.349450 0.350406 0.349629 0.350191 0.349163 0.350000 0.350020 0.348451 0.350394 0.348975 0.349974 0.349740 0.349977 0.349989 0.349962 0.349815 0.349470 0.349392 0.350617 0.350649 0.349431 0.349292 0.349796 0.000000 0.000000 0.000000 0.000000 0.000000 0.000000 0.000000 0.000000 0.000000 0.000000 0.000000 0.000000 0.000000 0.000000 0.000000 0.000000
0.000000 0.000000 0.000000 0.000000 0.000000 0.000000 0.000000 0.000000 0.349269 0.349714 0.349183 0.350152 0.353224 0.349702 0.349531 0.349982 0.350000 0.350000 0.348519 0.348731 0.349285 0.349060 0.349502 0.349192 0.349422 0.349003 0.349026 0.349233 0.350941 0.350000 0.349479 0.348647 0.350523 0.349453 0.350010 0.349616 0.349978 0.349973 0.349690 0.349527 0.349158 0.349481 0.350785 0.350643 0.349614 0.349284 0.000000 0.000000 0.000000 0.000000 0.000000 0.000000 0.000000 0.000000 0.000000 0.000000 0.000000 0.000000 0.000000 0.000000 0.000000 0.000000 0.000000
0.000000 0.000000 0.000000 0.000000 0.000000 0.000000 0.000000 0.000000 0.350272 0.349297 0.349367 0.349681 0.350306 0.348816 0.349615 0.349922 0.348807 0.350136 0.350000 0.349685 0.349572 0.349996 0.349629 0.349576 0.349560 0.349448 0.349633 0.348917 0.352128 0.350000 0.349414 0.348409 0.350441 0.349485 0.350088 0.349656 0.349973 0.349975 0.349593 0.349514 0.349227 0.350497 0.349595 0.349765 0.349520 0.349235 0.000000 0.000000 0.000000 0.000000 0.000000 0.000000 0.000000 0.000000 0.000000 0.000000 0.000000 0.000000 0.000000 0.000000 0.000000 0.000000 0.000000
0.000000 0.000000 0.000000 0.000000 0.000000 0.000000 0.000000 0.000000 0.349639 0.349437 0.349838 0.349853 0.352071 0.349844 0.349470 0.349295 0.349717 0.349552 0.349117 0.350000 0.350000 0.349784 0.350341 0.350019 0.349810 0.349162 0.349430 0.349462 0.350000 0.350521 0.349609 0.349077 0.350123 0.348418 0.349966 0.349650 0.349295 0.349176 0.349898 0.349008 0.349357 0.349628 0.349452 0.350205 0.349262 0.349861 0.000000 0.000000 0.000000 0.000000 0.000000 0.000000 0.000000 0.000000 0.000000 0.000000 0.000000 0.000000 0.000000 0.000000 0.000000 0.000000 0.000000
0.000000 0.000000 0.000000 0.000000 0.000000 0.000000 0.000000 0.000000 0.349666 0.349554 0.349143 0.349987 0.350157 0.349471 0.349568 0.350251 0.350338 0.349593 0.349384 0.350618 0.349959 0.350000 0.350081 0.349705 0.351181 0.349422 0.349711 0.349561 0.350000 0.348201 0.350087 0.348246 0.350830 0.349562 0.352501 0.349573 0.351826 0.350813 0.350385 0.349941 0.348905 0.349437 0.349018 0.349251 0.349560 0.000000 0.000000 0.000000 0.000000 0.000000 0.000000 0.000000 0.000000 0.000000 0.000000 0.000000 0.000000 0.000000 0.000000 0.000000 0.000000 0.000000 0.000000
