geotop/1.0zi/1.0Montebello/Templates/Dripsey/maps/_Eocsand0222.asc
ncols         69
nrows         152
xllcorner     146499.907223
yllcorner     75332.943423
cellsize      50.000000
NODATA_value  -9999.0
[rows 28 to 55 of 152, columns 0 to 62 of 69]
0.000000 0.000000 0.000000 0.000000 0.000000 0.000000 0.000000 0.000000 0.000000 0.000000 0.000000 0.000000 0.300177 0.300260 0.300169 0.300222 0.300001 0.300396 0.299916 0.300005 0.299721 0.300237 0.300179 0.300040 0.299288 0.300000 0.300267 0.300354 0.300183 0.300196 0.300061 0.300058 0.300065 0.300147 0.300191 0.300262 0.300159 0.300145 0.300260 0.300175 0.300155 0.299969 0.300204 0.300161 0.299124 0.300310 0.300219 0.298996 0.300060 0.300045 0.300109 0.300342 0.299610 0.299726 0.300167 0.300166 0.300204 0.299932 0.300173 0.300198 0.300252 0.000000 0.000000
0.000000 0.000000 0.000000 0.000000 0.000000 0.000000 0.000000 0.000000 0.000000 0.000000 0.000000 0.000000 0.300156 0.300220 0.300166 0.300184 0.300176 0.300126 0.299659 0.300245 0.300185 0.300724 0.300053 0.298474 0.300000 0.300076 0.300296 0.300453 0.300135 0.300143 0.300227 0.300118 0.300210 0.300327 0.300172 0.300132 0.300167 0.300224 0.300177 0.300267 0.300210 0.300102 0.300108 0.300160 0.300122 0.300048 0.300150 0.300219 0.300062 0.300163 0.300047 0.300194 0.300260 0.300011 0.300222 0.300196 0.300218 0.300085 0.300179 0.300189 0.300142 0.000000 0.000000
0.000000 0.000000 0.000000 0.000000 0.000000 0.000000 0.000000 0.000000 0.000000 0.000000 0.000000 0.000000 0.300108 0.300280 0.300263 0.300270 0.299724 0.300002 0.299961 0.300092 0.300248 0.299331 0.300000 0.300000 0.300028 0.300263 0.300091 0.300212 0.300001 0.300053 0.300001 0.300002 0.300069 0.300141 0.300281 0.300000 0.300229 0.300142 0.300223 0.300135 0.300201 0.300171 0.299780 0.300123 0.300084 0.300135 0.300053 0.300193 0.298031 0.300034 0.300289 0.300293 0.300056 0.298746 0.300228 0.298777 0.299995 0.300105 0.300246 0.300168 0.300243 0.300233 0.000000
0.000000 0.000000 0.000000 0.000000 0.000000 0.000000 0.000000 0.000000 0.000000 0.000000 0.000000 0.300132 0.300156 0.300197 0.300141 0.300242 0.300152 0.299655 0.300116 0.300261 0.300111 0.300000 0.300188 0.300288 0.300073 0.300177 0.300220 0.300229 0.300054 0.300105 0.300035 0.300021 0.300074 0.300154 0.300278 0.300209 0.300199 0.300201 0.300208 0.300155 0.300096 0.300228 0.300319 0.300213 0.300291 0.300208 0.300270 0.299517 0.300400 0.298076 0.300229 0.300226 0.298886 0.300211 0.299520 0.300092 0.300220 0.300305 0.300116 0.300194 0.300180 0.300037 0.300188
0.000000 0.000000 0.000000 0.000000 0.000000 0.000000 0.000000 0.000000 0.000000 0.000000 0.000000 0.300363 0.299998 0.300191 0.300280 0.300173 0.300136 0.300165 0.299458 0.300311 0.300123 0.300000 0.300032 0.300158 0.300119 0.300143 0.300105 0.300223 0.300133 0.300294 0.300315 0.300241 0.300205 0.300222 0.300213 0.300192 0.300206 0.300188 0.300215 0.300181 0.300124 0.300194 0.300239 0.300211 0.299949 0.300108 0.300177 0.300179 0.300551 0.300217 0.299990 0.300171 0.299627 0.300511 0.298781 0.300092 0.300288 0.300070 0.300319 0.300089 0.300211 0.300149 0.300196
0.000000 0.000000 0.000000 0.000000 0.000000 0.000000 0.000000 0.000000 0.000000 0.000000 0.300082 0.299942 0.300244 0.300108 0.300267 0.300113 0.300114 0.300074 0.300267 0.299564 0.300157 0.300000 0.300334 0.300340 0.300021 0.300213 0.300147 0.300279 0.300127 0.300190 0.300212 0.300205 0.300227 0.300163 0.300254 0.300195 0.300165 0.300114 0.300145 0.300186 0.300314 0.300008 0.300214 0.300199 0.299846 0.300181 0.300148 0.300250 0.300121 0.299819 0.300263 0.300580 0.298140 0.300437 0.299374 0.300112 0.300249 0.300056 0.300295 0.300152 0.300084 0.300183 0.300198
0.000000 0.000000 0.000000 0.000000 0.000000 0.000000 0.000000 0.000000 0.000000 0.300292 0.299699 0.300155 0.300157 0.300169 0.300140 0.300307 0.300155 0.300176 0.300302 0.300184 0.300154 0.300000 0.300033 0.300323 0.300100 0.300291 0.300184 0.300226 0.300213 0.300202 0.300106 0.300103 0.300185 0.300165 0.300189 0.300230 0.300160 0.300155 0.300173 0.300178 0.300253 0.300208 0.299913 0.298817 0.298587 0.300307 0.300346 0.300127 0.300316 0.300019 0.300325 0.300462 0.300000 0.299976 0.300349 0.300224 0.300293 0.300263 0.300163 0.300244 0.300188 0.300154 0.300216
0.000000 0.000000 0.000000 0.000000 0.000000 0.000000 0.000000 0.000000 0.300166 0.300792 0.300025 0.300029 0.300030 0.300120 0.300103 0.300081 0.300197 0.300110 0.300243 0.300152 0.300305 0.300000 0.300334 0.300339 0.300114 0.300213 0.300230 0.300177 0.300208 0.300263 0.300156 0.300182 0.300155 0.300175 0.300177 0.300230 0.300172 0.300129 0.300154 0.300126 0.300306 0.300146 0.300210 0.300215 0.300142 0.299583 0.300074 0.300153 0.300247 0.300196 0.299448 0.300000 0.299563 0.300472 0.299756 0.300172 0.299901 0.300176 0.300285 0.300062 0.300167 0.300206 0.300230
0.000000 0.000000 0.000000 0.000000 0.000000 0.000000 0.000000 0.300270 0.300179 0.300342 0.300325 0.300301 0.300346 0.300150 0.300146 0.300260 0.300349 0.300317 0.299888 0.300208 0.300166 0.300000 0.300235 0.300199 0.300203 0.298280 0.299623 0.299640 0.300131 0.299981 0.300252 0.300298 0.300036 0.300112 0.300139 0.300151 0.300114 0.300288 0.300147 0.300241 0.299983 0.300120 0.300052 0.299952 0.299485 0.300249 0.299866 0.299899 0.300238 0.300183 0.299230 0.300000 0.300123 0.300295 0.300106 0.300221 0.300272 0.300272 0.300053 0.300191 0.300085 0.300143 0.300204
0.000000 0.000000 0.000000 0.000000 0.000000 0.000000 0.300252 0.300110 0.299908 0.298370 0.300358 0.300232 0.299955 0.300060 0.300023 0.300114 0.300239 0.300163 0.300226 0.299703 0.300150 0.300000 0.300152 0.300212 0.299597 0.300391 0.300151 0.300299 0.300255 0.300308 0.300133 0.300122 0.300252 0.300175 0.300184 0.300276 0.300221 0.300136 0.300141 0.300215 0.300135 0.300245 0.300035 0.300206 0.300343 0.300260 0.298093 0.299761 0.299969 0.300437 0.300000 0.299620 0.299849 0.300110 0.300142 0.300142 0.300157 0.300313 0.300060 0.300180 0.300231 0.300273 0.300130
0.000000 0.000000 0.000000 0.000000 0.000000 0.300229 0.300117 0.300304 0.300002 0.297914 0.299481 0.298120 0.300488 0.300444 0.300124 0.300094 0.300251 0.300316 0.300126 0.300317 0.300309 0.300000 0.300194 0.300266 0.298534 0.299927 0.300105 0.300123 0.300149 0.299900 0.300226 0.300266 0.300184 0.300070 0.300091 0.300143 0.300058 0.300301 0.300110 0.300135 0.300291 0.300080 0.300310 0.300169 0.299981 0.300108 0.299869 0.299971 0.299996 0.300000 0.300020 0.300216 0.300344 0.300392 0.299575 0.300207 0.300144 0.300279 0.300213 0.299882 0.300039 0.299929 0.300203
0.000000 0.000000 0.000000 0.000000 0.000000 0.300020 0.300241 0.300207 0.300199 0.300362 0.299763 0.299524 0.297963 0.300057 0.300210 0.300132 0.300302 0.300144 0.300043 0.300133 0.300125 0.300000 0.299808 0.299153 0.300309 0.300336 0.300115 0.300218 0.300271 0.300277 0.300115 0.300245 0.300158 0.300176 0.300197 0.300285 0.300229 0.300164 0.300167 0.300223 0.300173 0.300052 0.300307 0.300244 0.300344 0.300200 0.300059 0.300191 0.300000 0.300172 0.300194 0.299777 0.300081 0.300313 0.300124 0.300153 0.300119 0.300360 0.299912 0.300215 0.300138 0.300248 0.300131
0.000000 0.000000 0.000000 0.000000 0.300213 0.300082 0.300253 0.300100 0.300255 0.300096 0.300240 0.300173 0.299964 0.300000 0.300353 0.300196 0.299625 0.300218 0.300272 0.300277 0.299953 0.300000 0.298294 0.300214 0.300290 0.300265 0.300150 0.300158 0.300215 0.300121 0.300245 0.300165 0.300112 0.299952 0.299941 0.300146 0.300142 0.300286 0.300105 0.300169 0.300132 0.300258 0.300021 0.300122 0.299905 0.300301 0.299984 0.299958 0.300000 0.300413 0.300002 0.300173 0.300233 0.300302 0.300031 0.300076 0.300220 0.300481 0.300226 0.300275 0.300068 0.300140 0.300171
0.000000 0.000000 0.000000 0.300175 0.300189 0.300059 0.300251 0.300246 0.300346 0.300096 0.300343 0.300246 0.300174 0.300149 0.300000 0.300000 0.300262 0.300074 0.300137 0.300169 0.300034 0.300000 0.300265 0.300265 0.300074 0.300302 0.300030 0.300229 0.300122 0.300141 0.300204 0.300148 0.300165 0.300239 0.300302 0.300213 0.300031 0.300235 0.300155 0.300241 0.300170 0.300169 0.300350 0.300279 0.300159 0.300170 0.300227 0.300234 0.300000 0.300471 0.300002 0.300063 0.300200 0.300268 0.300052 0.300108 0.300099 0.300152 0.300199 0.300207 0.300102 0.300273 0.300235
0.000000 0.000000 0.300286 0.300117 0.300292 0.300196 0.300091 0.300043 0.300321 0.300147 0.300233 0.300195 0.300323 0.299729 0.300096 0.300192 0.300000 0.300378 0.300030 0.300269 0.299966 0.300000 0.300303 0.300403 0.299981 0.300271 0.300080 0.300125 0.300140 0.300189 0.300258 0.300119 0.300091 0.300284 0.299878 0.300314 0.299664 0.300199 0.300190 0.300166 0.300082 0.300241 0.299512 0.300256 0.300085 0.300233 0.300178 0.300036 0.300000 0.300248 0.300070 0.300332 0.300162 0.300369 0.300133 0.300219 0.300294 0.299040 0.300184 0.300151 0.300354 0.299820 0.300227
0.000000 0.000000 0.300195 0.300234 0.300131 0.300233 0.300172 0.300141 0.300385 0.300223 0.300111 0.300305 0.299948 0.300250 0.300158 0.300088 0.300000 0.300104 0.300196 0.300155 0.300000 0.300126 0.300280 0.300374 0.299988 0.300314 0.300111 0.300142 0.300184 0.300158 0.300211 0.300168 0.300163 0.300226 0.299917 0.300181 0.300220 0.300176 0.300154 0.300133 0.300154 0.300144 0.300305 0.300041 0.300277 0.300277 0.300007 0.300331 0.300143 0.300000 0.300231 0.300254 0.300073 0.300157 0.300057 0.300221 0.299439 0.300188 0.300090 0.300210 0.299939 0.300218 0.300206
0.000000 0.000000 0.300119 0.300241 0.300220 0.300155 0.300163 0.300200 0.300140 0.300221 0.299979 0.300179 0.300267 0.300155 0.300200 0.300223 0.300062 0.300000 0.299904 0.300000 0.300198 0.300352 0.300062 0.300191 0.300149 0.300126 0.300155 0.300191 0.300159 0.300224 0.300140 0.300112 0.299929 0.300250 0.300177 0.300137 0.299359 0.300337 0.300277 0.300201 0.300168 0.300120 0.300036 0.300156 0.300095 0.300229 0.300199 0.299969 0.299777 0.300000 0.299140 0.300226 0.300024 0.300251 0.300397 0.299931 0.300166 0.300214 0.300201 0.300286 0.300194 0.300117 0.300194
0.000000 0.000000 0.300141 0.300204 0.300218 0.300186 0.300160 0.300281 0.300119 0.300247 0.300005 0.300321 0.300083 0.300249 0.299978 0.300316 0.300062 0.299689 0.300000 0.300424 0.300041 0.300180 0.300079 0.300162 0.299991 0.300153 0.300194 0.300161 0.300090 0.300193 0.300195 0.300212 0.300157 0.300174 0.300197 0.300135 0.300106 0.299677 0.300198 0.300169 0.300174 0.300182 0.300133 0.300176 0.300193 0.300521 0.299936 0.300228 0.299603 0.300000 0.299835 0.300471 0.300027 0.300207 0.299472 0.300175 0.300137 0.300193 0.299869 0.300212 0.300223 0.300111 0.300064
0.000000 0.000000 0.300139 0.300176 0.300227 0.300190 0.300157 0.300171 0.300083 0.300253 0.300001 0.299849 0.300252 0.299813 0.300418 0.300136 0.300136 0.299984 0.300000 0.300083 0.300148 0.300315 0.300200 0.300235 0.300029 0.300174 0.300181 0.300227 0.300336 0.300023 0.300344 0.299718 0.300185 0.300181 0.300106 0.300279 0.300134 0.300086 0.300462 0.300175 0.300142 0.300174 0.300121 0.300137 0.299903 0.300246 0.300277 0.300298 0.300148 0.299953 0.300000 0.299717 0.300238 0.300649 0.300124 0.300155 0.298170 0.299819 0.300345 0.299325 0.300372 0.299139 0.300144
0.000000 0.000000 0.300162 0.300164 0.300208 0.300162 0.300025 0.300128 0.300341 0.300204 0.300089 0.300177 0.300369 0.300260 0.300151 0.300219 0.300168 0.300314 0.299767 0.300000 0.300122 0.300244 0.299642 0.300077 0.299877 0.300154 0.300170 0.300224 0.300210 0.300189 0.299965 0.300154 0.300236 0.300222 0.300224 0.300129 0.300152 0.300181 0.300086 0.299703 0.300198 0.300237 0.300202 0.300215 0.299733 0.300227 0.300190 0.300058 0.300307 0.300205 0.300000 0.299447 0.299215 0.299413 0.300409 0.300310 0.299576 0.299791 0.300631 0.299340 0.300576 0.300185 0.300256
0.000000 0.000000 0.300215 0.300194 0.300189 0.300159 0.300108 0.300226 0.300106 0.300230 0.299990 0.300328 0.300157 0.300142 0.300082 0.300199 0.300080 0.300122 0.300086 0.300000 0.300245 0.300560 0.299866 0.300312 0.300045 0.300247 0.300156 0.299878 0.300200 0.300220 0.300159 0.300311 0.300125 0.300297 0.299951 0.300308 0.300089 0.300151 0.300105 0.299885 0.300235 0.300192 0.300103 0.300124 0.299291 0.300260 0.300187 0.300303 0.300148 0.300000 0.300000 0.300000 0.300000 0.300000 0.300000 0.300000 0.297150 0.299823 0.299960 0.300062 0.300122 0.300154 0.300210
0.000000 0.000000 0.300189 0.300183 0.300204 0.300177 0.300138 0.300249 0.300115 0.300251 0.299979 0.300361 0.300159 0.300104 0.300183 0.300179 0.300020 0.300187 0.300162 0.300000 0.300295 0.300484 0.299780 0.300097 0.299981 0.300273 0.299597 0.300256 0.299415 0.300194 0.300136 0.300136 0.300201 0.300195 0.300243 0.300170 0.300219 0.300164 0.300170 0.300245 0.300062 0.299719 0.300123 0.300161 0.299237 0.300112 0.300175 0.300256 0.299880 0.300000 0.299532 0.299833 0.300231 0.300098 0.300421 0.300217 0.300399 0.297221 0.299050 0.300131 0.300189 0.300340 0.300146
0.000000 0.000000 0.300214 0.300203 0.300211 0.300204 0.300165 0.300295 0.300132 0.300324 0.299977 0.300393 0.300192 0.300054 0.300275 0.300183 0.299969 0.300320 0.300007 0.299166 0.300000 0.300539 0.300172 0.300310 0.300264 0.300530 0.300190 0.300267 0.300210 0.300168 0.300172 0.300304 0.300191 0.300284 0.299947 0.300330 0.299718 0.300263 0.300101 0.300207 0.300114 0.300139 0.300651 0.300076 0.298060 0.300283 0.299855 0.299841 0.300000 0.300015 0.300149 0.300138 0.299859 0.300170 0.300114 0.300133 0.300117 0.300207 0.300172 0.299592 0.299678 0.299813 0.299995
0.000000 0.000000 0.300184 0.300181 0.300198 0.300169 0.300145 0.300220 0.300112 0.300280 0.300060 0.300300 0.300228 0.300120 0.300210 0.300197 0.299949 0.300340 0.299601 0.301180 0.299210 0.300000 0.300297 0.300214 0.299798 0.300192 0.299825 0.300156 0.300147 0.300191 0.300165 0.300217 0.300132 0.300263 0.300222 0.300161 0.300173 0.300280 0.300165 0.300185 0.300143 0.300170 0.300248 0.299794 0.300118 0.300921 0.299324 0.300000 0.300158 0.299468 0.300235 0.300095 0.300197 0.300391 0.300222 0.300381 0.300272 0.300109 0.300284 0.300379 0.299404 0.300083 0.300209
0.000000 0.000000 0.300235 0.300198 0.300152 0.300172 0.300157 0.300241 0.300105 0.300269 0.299947 0.300341 0.300161 0.300120 0.300152 0.300216 0.299949 0.299045 0.299195 0.300280 0.300250 0.300000 0.300191 0.300417 0.300066 0.298743 0.300349 0.299638 0.300255 0.300200 0.300173 0.300276 0.300058 0.300188 0.300154 0.300262 0.300088 0.300152 0.300043 0.300239 0.299882 0.299808 0.299041 0.297613 0.300521 0.298682 0.300000 0.299775 0.300167 0.300113 0.300203 0.300185 0.300172 0.300267 0.299860 0.300171 0.300105 0.300231 0.300018 0.300152 0.300143 0.300151 0.300228
0.000000 0.000000 0.300182 0.300274 0.300183 0.300178 0.300166 0.300252 0.300147 0.300300 0.299862 0.300201 0.300315 0.300238 0.300206 0.300229 0.299119 0.301182 0.300213 0.299068 0.300647 0.300000 0.300522 0.300182 0.299680 0.300387 0.299556 0.300092 0.300235 0.300163 0.300113 0.300229 0.300191 0.300146 0.300190 0.300235 0.300212 0.300189 0.300119 0.300392 0.300013 0.300213 0.299880 0.300266 0.301470 0.300000 0.299911 0.300163 0.300216 0.300134 0.300252 0.300487 0.300292 0.300424 0.300459 0.299984 0.300343 0.300278 0.300179 0.300330 0.300038 0.300233 0.000000
0.000000 0.000000 0.300215 0.300215 0.300150 0.300182 0.300151 0.300279 0.300147 0.300312 0.300000 0.299955 0.300131 0.300023 0.299304 0.300186 0.299988 0.300137 0.300291 0.300147 0.300053 0.300012 0.300000 0.302157 0.300286 0.298550 0.299878 0.300183 0.300220 0.300171 0.300296 0.300044 0.300178 0.300138 0.300117 0.300153 0.300164 0.300276 0.299994 0.300227 0.300087 0.300143 0.300119 0.300624 0.300000 0.300281 0.300172 0.300422 0.300054 0.300346 0.300210 0.300391 0.299861 0.300298 0.300317 0.300082 0.300077 0.300050 0.300218 0.300226 0.299466 0.300213 0.000000
0.000000 0.000000 0.300198 0.300186 0.300072 0.300243 0.300186 0.300066 0.300363 0.300209 0.300219 0.300045 0.300057 0.299756 0.299382 0.298502 0.300130 0.300045 0.300323 0.300146 0.300293 0.300088 0.300000 0.299836 0.301366 0.300410 0.300002 0.300066 0.300177 0.300150 0.300170 0.300221 0.300245 0.300166 0.300201 0.300270 0.300057 0.300257 0.300204 0.300145 0.300267 0.300196 0.300229 0.300215 0.300000 0.299745 0.300126 0.300162 0.300269 0.300138 0.300471 0.300731 0.300142 0.300394 0.300147 0.300324 0.300179 0.300131 0.300326 0.300363 0.300365 0.000000 0.000000
