geotop/1.0zi/1.0Montebello/Templates/Dripsey/maps/_Eocclay0308.asc
ncols         69
nrows         152
xllcorner     146499.907223
yllcorner     75332.943423
cellsize      50.000000
NODATA_value  -9999.0
[rows 56 to 83 of 152, columns 0 to 62 of 69]
0.000000 0.000000 0.349367 0.349527 0.349670 0.349990 0.350165 0.350216 0.349736 0.350138 0.350581 0.349555 0.349190 0.350849 0.349137 0.349674 0.349533 0.349642 0.349518 0.349504 0.349306 0.349882 0.349577 0.350000 0.350124 0.348820 0.349812 0.349892 0.349833 0.349724 0.349151 0.349897 0.349632 0.349805 0.349858 0.349684 0.349820 0.349496 0.349699 0.349343 0.349912 0.349957 0.349359 0.348741 0.350000 0.348876 0.349738 0.349468 0.349307 0.348962 0.349980 0.349734 0.350281 0.350091 0.349969 0.350002 0.349919 0.349825 0.349730 0.350228 0.350072 0.000000 0.000000
0.000000 0.000000 0.000000 0.349735 0.349330 0.349575 0.349608 0.349624 0.349673 0.349714 0.349695 0.350825 0.351489 0.349563 0.349539 0.350174 0.349319 0.349625 0.349274 0.349636 0.349717 0.349818 0.350131 0.350000 0.348975 0.349548 0.350534 0.350045 0.350839 0.349596 0.349796 0.349430 0.349368 0.349684 0.349681 0.349321 0.350351 0.349557 0.349584 0.349505 0.349774 0.350986 0.349191 0.350000 0.350264 0.349341 0.350019 0.349163 0.349789 0.348900 0.349920 0.349801 0.349981 0.349665 0.349791 0.349708 0.349414 0.349514 0.349522 0.349700 0.000000 0.000000 0.000000
0.000000 0.000000 0.000000 0.349395 0.349792 0.349531 0.349295 0.349519 0.349542 0.349552 0.350110 0.349356 0.349351 0.349823 0.348961 0.349473 0.350345 0.350107 0.349727 0.349877 0.349653 0.350119 0.350335 0.350073 0.350000 0.349032 0.349697 0.349303 0.349910 0.349859 0.349412 0.350400 0.349257 0.349847 0.349855 0.349309 0.351099 0.349705 0.349705 0.349707 0.349637 0.349466 0.350276 0.350000 0.349682 0.349568 0.349463 0.348687 0.349795 0.349854 0.350022 0.349993 0.349983 0.349981 0.349982 0.349984 0.349743 0.349715 0.349253 0.000000 0.000000 0.000000 0.000000
0.000000 0.000000 0.000000 0.349395 0.349620 0.349442 0.349949 0.349624 0.350891 0.350970 0.349596 0.349949 0.349793 0.351478 0.348872 0.352768 0.349215 0.351853 0.349430 0.350694 0.350732 0.349405 0.349117 0.349833 0.350000 0.348871 0.350480 0.349888 0.350505 0.349626 0.350310 0.349483 0.349891 0.349820 0.349788 0.349610 0.349485 0.352315 0.349848 0.349815 0.349615 0.349661 0.349779 0.350000 0.351474 0.349558 0.350644 0.348479 0.349918 0.349672 0.349980 0.349944 0.349988 0.000000 0.000000 0.000000 0.000000 0.000000 0.000000 0.000000 0.000000 0.000000 0.000000
0.000000 0.000000 0.000000 0.349319 0.349896 0.349963 0.350189 0.350910 0.349595 0.349432 0.350208 0.350469 0.349649 0.351761 0.352217 0.350103 0.349106 0.349469 0.349618 0.349796 0.350191 0.348955 0.350241 0.349756 0.350000 0.351603 0.349075 0.349473 0.349760 0.349627 0.349151 0.349520 0.349262 0.349609 0.349681 0.349388 0.349804 0.349084 0.351778 0.349070 0.349545 0.349415 0.350000 0.349493 0.349408 0.350036 0.349309 0.348881 0.349982 0.349861 0.349972 0.349990 0.000000 0.000000 0.000000 0.000000 0.000000 0.000000 0.000000 0.000000 0.000000 0.000000 0.000000
0.000000 0.000000 0.000000 0.000000 0.000000 0.349502 0.349472 0.349177 0.349314 0.349560 0.349282 0.349325 0.350629 0.349567 0.349591 0.349409 0.349608 0.349225 0.349323 0.350606 0.349292 0.350815 0.350087 0.352863 0.349378 0.350000 0.348839 0.349214 0.350606 0.349847 0.349542 0.350228 0.349508 0.349973 0.350122 0.349737 0.349246 0.349881 0.349553 0.349172 0.349404 0.350000 0.350213 0.349546 0.349598 0.349602 0.349248 0.348963 0.349990 0.349975 0.349982 0.349979 0.000000 0.000000 0.000000 0.000000 0.000000 0.000000 0.000000 0.000000 0.000000 0.000000 0.000000
0.000000 0.000000 0.000000 0.000000 0.000000 0.000000 0.349597 0.349677 0.349762 0.349900 0.349381 0.349726 0.349138 0.350017 0.349661 0.349887 0.348973 0.349596 0.350055 0.349999 0.348902 0.350566 0.351342 0.349412 0.349617 0.351900 0.350000 0.349645 0.349702 0.349411 0.349320 0.350624 0.349265 0.349634 0.349529 0.349554 0.349451 0.349321 0.349660 0.350122 0.350000 0.349199 0.349598 0.349262 0.349626 0.349035 0.349909 0.349669 0.349915 0.349689 0.349986 0.349864 0.349986 0.000000 0.000000 0.000000 0.000000 0.000000 0.000000 0.000000 0.000000 0.000000 0.000000
0.000000 0.000000 0.000000 0.000000 0.000000 0.000000 0.000000 0.349625 0.349645 0.349867 0.349151 0.349411 0.349786 0.349325 0.349663 0.349996 0.349115 0.350223 0.351163 0.349738 0.349457 0.349294 0.349503 0.349354 0.350063 0.349953 0.350000 0.350641 0.349419 0.349478 0.350750 0.349722 0.349889 0.350410 0.350302 0.349711 0.349694 0.349889 0.349698 0.350000 0.351791 0.348614 0.351353 0.350845 0.349792 0.349368 0.350019 0.349017 0.349912 0.349566 0.349639 0.349465 0.349866 0.000000 0.000000 0.000000 0.000000 0.000000 0.000000 0.000000 0.000000 0.000000 0.000000
0.000000 0.000000 0.000000 0.000000 0.000000 0.000000 0.000000 0.000000 0.349815 0.349872 0.349523 0.349472 0.349365 0.349653 0.349582 0.349754 0.350350 0.349454 0.349489 0.349879 0.348989 0.349519 0.349905 0.351007 0.349274 0.349542 0.349578 0.350000 0.349481 0.349388 0.349601 0.349058 0.349781 0.349577 0.349442 0.349997 0.349544 0.349489 0.349215 0.350000 0.349537 0.348839 0.350016 0.349329 0.350666 0.349725 0.349722 0.349510 0.349083 0.349049 0.349107 0.349360 0.348940 0.000000 0.000000 0.000000 0.000000 0.000000 0.000000 0.000000 0.000000 0.000000 0.000000
0.000000 0.000000 0.000000 0.000000 0.000000 0.000000 0.000000 0.000000 0.000000 0.349929 0.349577 0.349549 0.349339 0.349609 0.350039 0.350078 0.349690 0.350091 0.349641 0.350506 0.349195 0.351870 0.350514 0.349468 0.349479 0.349482 0.350322 0.350360 0.350000 0.351300 0.349401 0.349089 0.349793 0.350464 0.350700 0.350298 0.349995 0.349413 0.350000 0.349443 0.349620 0.348742 0.349973 0.349917 0.349502 0.349575 0.349553 0.349151 0.349773 0.349597 0.349945 0.349832 0.000000 0.000000 0.000000 0.000000 0.000000 0.000000 0.000000 0.000000 0.000000 0.000000 0.000000
0.000000 0.000000 0.000000 0.000000 0.000000 0.000000 0.000000 0.000000 0.000000 0.349575 0.349395 0.349760 0.349210 0.349868 0.349571 0.349982 0.349579 0.349195 0.349398 0.349492 0.351987 0.349364 0.349692 0.349669 0.350380 0.350561 0.349090 0.349205 0.349860 0.350000 0.350075 0.349655 0.349064 0.349116 0.349049 0.349217 0.349434 0.350000 0.349525 0.350222 0.349770 0.349129 0.349876 0.349308 0.349721 0.349095 0.349778 0.349694 0.349866 0.349629 0.349799 0.348965 0.000000 0.000000 0.000000 0.000000 0.000000 0.000000 0.000000 0.000000 0.000000 0.000000 0.000000
0.000000 0.000000 0.000000 0.000000 0.000000 0.000000 0.000000 0.000000 0.000000 0.349507 0.349541 0.349807 0.349689 0.349604 0.349589 0.349908 0.349326 0.349142 0.350122 0.351296 0.349518 0.349162 0.349531 0.350103 0.351333 0.349261 0.350421 0.351413 0.350331 0.351871 0.350000 0.349864 0.349554 0.349493 0.349628 0.349623 0.350000 0.349431 0.350275 0.349369 0.350120 0.349430 0.349738 0.349684 0.349750 0.349689 0.350012 0.349311 0.350248 0.349948 0.349632 0.000000 0.000000 0.000000 0.000000 0.000000 0.000000 0.000000 0.000000 0.000000 0.000000 0.000000 0.000000
0.000000 0.000000 0.000000 0.000000 0.000000 0.000000 0.000000 0.000000 0.000000 0.349561 0.349383 0.349181 0.349601 0.349665 0.349387 0.349709 0.349322 0.350123 0.349212 0.349562 0.350054 0.350048 0.349105 0.349734 0.349761 0.349877 0.349729 0.350238 0.349224 0.350452 0.351898 0.350000 0.350169 0.351070 0.350815 0.350824 0.350000 0.348534 0.349979 0.350930 0.349859 0.349756 0.349440 0.349661 0.349701 0.349700 0.349052 0.351092 0.349802 0.349906 0.000000 0.000000 0.000000 0.000000 0.000000 0.000000 0.000000 0.000000 0.000000 0.000000 0.000000 0.000000 0.000000
0.000000 0.000000 0.000000 0.000000 0.000000 0.000000 0.000000 0.000000 0.000000 0.349543 0.350064 0.349137 0.349649 0.349767 0.349745 0.349771 0.349402 0.349690 0.349412 0.349707 0.349605 0.349721 0.349239 0.349699 0.349435 0.349673 0.349764 0.349602 0.349142 0.349214 0.351012 0.350000 0.350150 0.349657 0.349301 0.350000 0.350135 0.348555 0.349979 0.349846 0.349623 0.349222 0.349863 0.349796 0.350132 0.349610 0.349947 0.349521 0.349919 0.349741 0.000000 0.000000 0.000000 0.000000 0.000000 0.000000 0.000000 0.000000 0.000000 0.000000 0.000000 0.000000 0.000000
0.000000 0.000000 0.000000 0.000000 0.000000 0.000000 0.000000 0.000000 0.000000 0.349302 0.350610 0.349700 0.349134 0.349718 0.349729 0.349875 0.349693 0.349731 0.349085 0.349431 0.349474 0.349810 0.349617 0.349369 0.349165 0.349913 0.349553 0.350263 0.349310 0.349917 0.349197 0.349284 0.350000 0.349924 0.350000 0.350742 0.349938 0.348991 0.350094 0.349519 0.349703 0.351446 0.349269 0.349592 0.349702 0.349601 0.349787 0.350899 0.349538 0.348982 0.000000 0.000000 0.000000 0.000000 0.000000 0.000000 0.000000 0.000000 0.000000 0.000000 0.000000 0.000000 0.000000
0.000000 0.000000 0.000000 0.000000 0.000000 0.000000 0.000000 0.000000 0.349807 0.349719 0.349494 0.349282 0.349874 0.349361 0.349799 0.350050 0.349830 0.349810 0.350170 0.349367 0.349617 0.349634 0.349403 0.349649 0.349924 0.349314 0.349803 0.349859 0.349233 0.349403 0.349359 0.349662 0.350000 0.350000 0.350000 0.350000 0.350000 0.350000 0.350000 0.350000 0.350000 0.350000 0.352448 0.350990 0.352282 0.351312 0.349994 0.349469 0.349322 0.000000 0.000000 0.000000 0.000000 0.000000 0.000000 0.000000 0.000000 0.000000 0.000000 0.000000 0.000000 0.000000 0.000000
0.000000 0.000000 0.000000 0.000000 0.000000 0.000000 0.000000 0.349348 0.349292 0.349481 0.349521 0.350418 0.349729 0.349445 0.349208 0.349392 0.350377 0.351002 0.352222 0.349740 0.350138 0.349379 0.349349 0.349398 0.349582 0.349700 0.349719 0.349887 0.349625 0.350012 0.349467 0.349748 0.350594 0.350000 0.350642 0.349911 0.349148 0.349453 0.349868 0.350637 0.349081 0.351049 0.353695 0.351302 0.349655 0.349815 0.350005 0.349894 0.349311 0.000000 0.000000 0.000000 0.000000 0.000000 0.000000 0.000000 0.000000 0.000000 0.000000 0.000000 0.000000 0.000000 0.000000
0.000000 0.000000 0.000000 0.000000 0.000000 0.000000 0.000000 0.349513 0.349621 0.349356 0.350109 0.349215 0.350916 0.349607 0.349327 0.349829 0.349446 0.349582 0.349291 0.350762 0.349772 0.349808 0.349522 0.349767 0.349351 0.349570 0.349472 0.349932 0.349342 0.349477 0.349407 0.349626 0.350000 0.349981 0.348900 0.350628 0.348923 0.349217 0.349577 0.348952 0.349650 0.348986 0.350422 0.352623 0.350727 0.349421 0.349249 0.349544 0.349297 0.000000 0.000000 0.000000 0.000000 0.000000 0.000000 0.000000 0.000000 0.000000 0.000000 0.000000 0.000000 0.000000 0.000000
0.000000 0.000000 0.000000 0.000000 0.000000 0.000000 0.000000 0.349864 0.349571 0.349571 0.349741 0.349385 0.349599 0.350015 0.349429 0.349179 0.350040 0.349506 0.349479 0.349588 0.349425 0.349788 0.350614 0.349249 0.349557 0.349655 0.349567 0.349954 0.349091 0.349400 0.349680 0.349484 0.350000 0.349997 0.348916 0.348699 0.350418 0.350026 0.350186 0.349979 0.350078 0.349638 0.350234 0.351389 0.349661 0.350123 0.349467 0.349548 0.349743 0.000000 0.000000 0.000000 0.000000 0.000000 0.000000 0.000000 0.000000 0.000000 0.000000 0.000000 0.000000 0.000000 0.000000
0.000000 0.000000 0.000000 0.000000 0.000000 0.000000 0.000000 0.349443 0.350242 0.349192 0.351414 0.349494 0.350291 0.349692 0.350241 0.349777 0.349388 0.349557 0.349406 0.349787 0.349393 0.348850 0.349241 0.349999 0.349527 0.349783 0.349882 0.350030 0.349461 0.349783 0.349118 0.349546 0.350000 0.349774 0.349004 0.349171 0.350016 0.349432 0.349807 0.349803 0.349237 0.349179 0.349883 0.350781 0.349163 0.349096 0.349377 0.349399 0.349900 0.000000 0.000000 0.000000 0.000000 0.000000 0.000000 0.000000 0.000000 0.000000 0.000000 0.000000 0.000000 0.000000 0.000000
0.000000 0.000000 0.000000 0.000000 0.000000 0.000000 0.000000 0.349293 0.350217 0.349619 0.349340 0.351690 0.350328 0.349740 0.349992 0.349253 0.349466 0.349626 0.349753 0.349144 0.350737 0.349350 0.350410 0.349303 0.349949 0.349750 0.349605 0.349616 0.349329 0.349548 0.350287 0.350000 0.348826 0.348959 0.350487 0.349998 0.350090 0.349905 0.349942 0.349880 0.349835 0.350023 0.349306 0.353237 0.349325 0.349576 0.349995 0.349893 0.000000 0.000000 0.000000 0.000000 0.000000 0.000000 0.000000 0.000000 0.000000 0.000000 0.000000 0.000000 0.000000 0.000000 0.000000
0.000000 0.000000 0.000000 0.000000 0.000000 0.000000 0.000000 0.349591 0.351167 0.349506 0.349758 0.349527 0.352326 0.349656 0.350407 0.349863 0.349781 0.349829 0.349468 0.349855 0.349558 0.352162 0.349502 0.350345 0.349787 0.350474 0.349756 0.350043 0.349685 0.349478 0.350000 0.350034 0.348680 0.349336 0.350086 0.349369 0.349808 0.349715 0.349844 0.349866 0.349434 0.349576 0.351933 0.349996 0.349185 0.349398 0.349985 0.349988 0.000000 0.000000 0.000000 0.000000 0.000000 0.000000 0.000000 0.000000 0.000000 0.000000 0.000000 0.000000 0.000000 0.000000 0.000000
0.000000 0.000000 0.000000 0.000000 0.000000 0.000000 0.000000 0.349467 0.349763 0.350006 0.349233 0.349640 0.351160 0.349373 0.348799 0.349177 0.349513 0.350563 0.349848 0.349704 0.349773 0.350837 0.349315 0.349409 0.349840 0.349690 0.349534 0.349446 0.351533 0.349326 0.350000 0.348647 0.349975 0.349841 0.350146 0.349783 0.349994 0.349985 0.349987 0.349988 0.349423 0.349697 0.351356 0.351422 0.349783 0.349557 0.349986 0.000000 0.000000 0.000000 0.000000 0.000000 0.000000 0.000000 0.000000 0.000000 0.000000 0.000000 0.000000 0.000000 0.000000 0.000000 0.000000
0.000000 0.000000 0.000000 0.000000 0.000000 0.000000 0.000000 0.349214 0.349489 0.350334 0.352536 0.351610 0.350506 0.350000 0.350000 0.350000 0.351582 0.349901 0.349980 0.349964 0.349583 0.352657 0.349626 0.349558 0.349504 0.350374 0.349656 0.350179 0.349242 0.350000 0.350024 0.348606 0.350309 0.349072 0.349974 0.349740 0.349978 0.349989 0.349962 0.349816 0.349517 0.349437 0.350560 0.350592 0.349474 0.349373 0.349797 0.000000 0.000000 0.000000 0.000000 0.000000 0.000000 0.000000 0.000000 0.000000 0.000000 0.000000 0.000000 0.000000 0.000000 0.000000 0.000000
0.000000 0.000000 0.000000 0.000000 0.000000 0.000000 0.000000 0.000000 0.349330 0.349744 0.349248 0.350132 0.352946 0.349722 0.349576 0.349983 0.350000 0.350000 0.348646 0.348843 0.349326 0.349161 0.349537 0.349249 0.349459 0.349087 0.349106 0.349297 0.350832 0.350000 0.349521 0.348773 0.350461 0.349520 0.350010 0.349616 0.349979 0.349973 0.349731 0.349587 0.349234 0.349523 0.350725 0.350592 0.349649 0.349350 0.000000 0.000000 0.000000 0.000000 0.000000 0.000000 0.000000 0.000000 0.000000 0.000000 0.000000 0.000000 0.000000 0.000000 0.000000 0.000000 0.000000
0.000000 0.000000 0.000000 0.000000 0.000000 0.000000 0.000000 0.000000 0.350246 0.349363 0.349411 0.349702 0.350276 0.348915 0.349671 0.349922 0.348917 0.350120 0.350000 0.349708 0.349603 0.349995 0.349658 0.349610 0.349595 0.349504 0.349664 0.349007 0.351950 0.350000 0.349462 0.348551 0.350379 0.349558 0.350088 0.349658 0.349973 0.349948 0.349650 0.349567 0.349294 0.350450 0.349625 0.349782 0.349549 0.349300 0.000000 0.000000 0.000000 0.000000 0.000000 0.000000 0.000000 0.000000 0.000000 0.000000 0.000000 0.000000 0.000000 0.000000 0.000000 0.000000 0.000000
0.000000 0.000000 0.000000 0.000000 0.000000 0.000000 0.000000 0.000000 0.349667 0.349494 0.349858 0.349870 0.351892 0.349862 0.349539 0.349351 0.349725 0.349599 0.349179 0.350000 0.350000 0.349812 0.350310 0.350014 0.349823 0.349235 0.349469 0.349509 0.350000 0.350479 0.349639 0.349140 0.350120 0.348555 0.349966 0.349679 0.349380 0.349231 0.349896 0.349092 0.349414 0.349658 0.349494 0.350178 0.349339 0.349872 0.000000 0.000000 0.000000 0.000000 0.000000 0.000000 0.000000 0.000000 0.000000 0.000000 0.000000 0.000000 0.000000 0.000000 0.000000 0.000000 0.000000
0.000000 0.000000 0.000000 0.000000 0.000000 0.000000 0.000000 0.000000 0.349688 0.349580 0.349217 0.349998 0.350135 0.349537 0.349583 0.350221 0.350311 0.349639 0.349417 0.350568 0.349947 0.350000 0.350077 0.349730 0.351083 0.349484 0.349740 0.349600 0.350000 0.348355 0.350079 0.348411 0.350750 0.349601 0.352270 0.349611 0.351672 0.350748 0.350346 0.349935 0.348999 0.349470 0.349083 0.349301 0.349585 0.000000 0.000000 0.000000 0.000000 0.000000 0.000000 0.000000 0.000000 0.000000 0.000000 0.000000 0.000000 0.000000 0.000000 0.000000 0.000000 0.000000 0.000000
