geotop/1.0zi/1.0Montebello/Templates/Dripsey/maps/_Eocsand0335.asc
ncols         69
nrows         152
xllcorner     146499.907223
yllcorner     75332.943423
cellsize      50.000000
NODATA_value  -9999.0
[rows 56 to 83 of 152, columns 0 to 62 of 69]
0.000000 0.000000 0.300450 0.300343 0.300262 0.300079 0.299991 0.300440 0.300134 0.300407 0.299415 0.300318 0.300554 0.299229 0.300592 0.300241 0.300338 0.300272 0.300339 0.300353 0.300483 0.300108 0.300312 0.300000 0.300172 0.300781 0.300169 0.300284 0.300330 0.300132 0.300581 0.300150 0.300286 0.300135 0.300077 0.300257 0.300110 0.300370 0.300248 0.300458 0.300281 0.300111 0.300492 0.300334 0.300000 0.300750 0.300196 0.300439 0.300484 0.300823 0.300032 0.300207 0.299822 0.299980 0.300016 0.299996 0.300108 0.300184 0.300216 0.300009 0.300111 0.000000 0.000000
0.000000 0.000000 0.000000 0.300211 0.300466 0.300312 0.300298 0.300335 0.300240 0.300414 0.300132 0.299793 0.299270 0.300330 0.300333 0.300150 0.300475 0.300275 0.300490 0.300290 0.300225 0.300293 0.300262 0.300000 0.300684 0.300335 0.299724 0.300256 0.299688 0.300368 0.300402 0.300406 0.300438 0.300305 0.300346 0.300468 0.300172 0.300332 0.300319 0.300354 0.300224 0.299441 0.300504 0.300000 0.299704 0.300203 0.300532 0.300489 0.300475 0.300727 0.300059 0.300162 0.300010 0.300209 0.300119 0.300195 0.300421 0.300347 0.300339 0.300270 0.000000 0.000000 0.000000
0.000000 0.000000 0.000000 0.300428 0.300181 0.300335 0.300483 0.300352 0.300347 0.300367 0.300044 0.300446 0.300453 0.300142 0.300687 0.300450 0.299626 0.300394 0.300128 0.300490 0.299897 0.300672 0.300167 0.299401 0.300000 0.300691 0.300365 0.300728 0.300360 0.300331 0.300411 0.299938 0.300514 0.300104 0.300074 0.300480 0.299173 0.300245 0.300271 0.300224 0.300309 0.300403 0.299850 0.300000 0.300260 0.300322 0.300586 0.300910 0.300125 0.300104 0.299989 0.300004 0.300009 0.300010 0.300010 0.300009 0.300192 0.300220 0.300517 0.000000 0.000000 0.000000 0.000000
0.000000 0.000000 0.000000 0.300426 0.300293 0.300389 0.300104 0.300396 0.299372 0.300048 0.299905 0.300422 0.300231 0.299086 0.301413 0.296185 0.301048 0.298184 0.300789 0.299178 0.298707 0.300415 0.300614 0.300225 0.300000 0.300403 0.299524 0.300264 0.299866 0.300354 0.300232 0.300387 0.300094 0.300610 0.300641 0.300282 0.300372 0.298874 0.300486 0.300153 0.300291 0.300257 0.300123 0.300000 0.299491 0.300226 0.300269 0.301077 0.300169 0.300209 0.300011 0.300030 0.300007 0.000000 0.000000 0.000000 0.000000 0.000000 0.000000 0.000000 0.000000 0.000000 0.000000
0.000000 0.000000 0.000000 0.300470 0.300136 0.300099 0.299942 0.299817 0.300323 0.300405 0.299948 0.300195 0.300084 0.299605 0.297939 0.300251 0.300610 0.300390 0.300316 0.300504 0.299943 0.301755 0.299755 0.300409 0.300000 0.298680 0.300448 0.300519 0.300382 0.300330 0.300582 0.300368 0.300512 0.300085 0.300061 0.300420 0.300212 0.300624 0.298381 0.300636 0.300344 0.300390 0.300000 0.300090 0.300621 0.300283 0.300562 0.300917 0.300055 0.300083 0.300015 0.300005 0.000000 0.000000 0.000000 0.000000 0.000000 0.000000 0.000000 0.000000 0.000000 0.000000 0.000000
0.000000 0.000000 0.000000 0.000000 0.000000 0.300355 0.300378 0.300566 0.300476 0.300335 0.300478 0.300469 0.299789 0.300389 0.300298 0.300414 0.300332 0.300524 0.300484 0.300214 0.300267 0.299334 0.300449 0.297106 0.300167 0.300000 0.300624 0.300459 0.299602 0.300280 0.300327 0.300311 0.300356 0.300484 0.300555 0.300231 0.300513 0.300348 0.300419 0.301372 0.300432 0.300000 0.299863 0.300364 0.300382 0.300487 0.300574 0.300773 0.300006 0.300013 0.300010 0.300011 0.000000 0.000000 0.000000 0.000000 0.000000 0.000000 0.000000 0.000000 0.000000 0.000000 0.000000
0.000000 0.000000 0.000000 0.000000 0.000000 0.000000 0.300297 0.300243 0.300197 0.300116 0.300437 0.300294 0.300587 0.300299 0.300255 0.300096 0.300679 0.300319 0.300150 0.300489 0.300892 0.299387 0.299026 0.300488 0.300249 0.298692 0.300000 0.300252 0.300349 0.300421 0.300522 0.299744 0.300512 0.300002 0.300078 0.300318 0.300397 0.300472 0.300311 0.300101 0.300000 0.300592 0.300291 0.300533 0.300287 0.300678 0.300065 0.300277 0.300045 0.300191 0.300008 0.300076 0.300007 0.000000 0.000000 0.000000 0.000000 0.000000 0.000000 0.000000 0.000000 0.000000 0.000000
0.000000 0.000000 0.000000 0.000000 0.000000 0.000000 0.000000 0.300279 0.300269 0.300124 0.300583 0.300414 0.300212 0.300465 0.300264 0.300139 0.300592 0.299882 0.299391 0.300229 0.300453 0.300482 0.300385 0.300611 0.301051 0.300378 0.300000 0.299317 0.300420 0.300509 0.299561 0.300357 0.300101 0.300453 0.300455 0.300287 0.300300 0.300100 0.300254 0.300000 0.298768 0.300982 0.299012 0.299694 0.300398 0.300381 0.300192 0.300683 0.300067 0.300311 0.300220 0.300407 0.300074 0.000000 0.000000 0.000000 0.000000 0.000000 0.000000 0.000000 0.000000 0.000000 0.000000
0.000000 0.000000 0.000000 0.000000 0.000000 0.000000 0.000000 0.000000 0.300152 0.300100 0.300343 0.300375 0.300438 0.300292 0.300313 0.300458 0.300084 0.300387 0.300366 0.300105 0.300666 0.300390 0.300142 0.298760 0.300500 0.300365 0.300297 0.300000 0.300386 0.300526 0.300425 0.300662 0.300185 0.300293 0.300265 0.300139 0.300364 0.300366 0.300539 0.300000 0.300462 0.300700 0.300105 0.300478 0.300007 0.300170 0.300412 0.300381 0.300622 0.300714 0.300616 0.300494 0.300757 0.000000 0.000000 0.000000 0.000000 0.000000 0.000000 0.000000 0.000000 0.000000 0.000000
0.000000 0.000000 0.000000 0.000000 0.000000 0.000000 0.000000 0.000000 0.000000 0.300049 0.300311 0.300326 0.300452 0.300328 0.300040 0.300444 0.300224 0.300309 0.300017 0.300244 0.300290 0.298495 0.299086 0.300373 0.300383 0.300659 0.299522 0.299634 0.300000 0.298389 0.300409 0.300610 0.300172 0.299951 0.299886 0.300202 0.300437 0.300423 0.300000 0.300359 0.300409 0.300843 0.300014 0.300102 0.300355 0.300313 0.300319 0.300580 0.300367 0.300367 0.300302 0.300236 0.000000 0.000000 0.000000 0.000000 0.000000 0.000000 0.000000 0.000000 0.000000 0.000000 0.000000
0.000000 0.000000 0.000000 0.000000 0.000000 0.000000 0.000000 0.000000 0.000000 0.300313 0.300428 0.300192 0.300540 0.300150 0.300314 0.300010 0.300312 0.300563 0.300437 0.300493 0.298790 0.300475 0.300213 0.300432 0.300004 0.299874 0.300619 0.300537 0.300170 0.300000 0.300028 0.300290 0.300629 0.300553 0.300641 0.300359 0.300119 0.300000 0.300260 0.300122 0.300260 0.300587 0.300096 0.300484 0.300273 0.300618 0.300238 0.300260 0.300294 0.300288 0.300326 0.300708 0.000000 0.000000 0.000000 0.000000 0.000000 0.000000 0.000000 0.000000 0.000000 0.000000 0.000000
0.000000 0.000000 0.000000 0.000000 0.000000 0.000000 0.000000 0.000000 0.000000 0.300353 0.300331 0.300181 0.300249 0.300289 0.300304 0.300063 0.300477 0.300661 0.299730 0.299828 0.300395 0.300549 0.300327 0.300160 0.299355 0.300470 0.299859 0.299683 0.298391 0.298529 0.300000 0.300147 0.300350 0.299841 0.299960 0.300068 0.300000 0.300034 0.300143 0.300443 0.300233 0.300399 0.300220 0.300272 0.300251 0.300297 0.300268 0.300416 0.300190 0.300304 0.300488 0.000000 0.000000 0.000000 0.000000 0.000000 0.000000 0.000000 0.000000 0.000000 0.000000 0.000000 0.000000
0.000000 0.000000 0.000000 0.000000 0.000000 0.000000 0.000000 0.000000 0.000000 0.300319 0.300433 0.300562 0.300286 0.300265 0.300437 0.300228 0.300468 0.300241 0.300550 0.300362 0.300003 0.300034 0.300616 0.300327 0.300324 0.300329 0.300367 0.300039 0.300467 0.299703 0.298686 0.300000 0.299963 0.298886 0.298812 0.299410 0.300000 0.301016 0.300011 0.299721 0.300296 0.300172 0.300408 0.300256 0.300269 0.300003 0.300647 0.299337 0.300285 0.300115 0.000000 0.000000 0.000000 0.000000 0.000000 0.000000 0.000000 0.000000 0.000000 0.000000 0.000000 0.000000 0.000000
0.000000 0.000000 0.000000 0.000000 0.000000 0.000000 0.000000 0.000000 0.000000 0.300327 0.300093 0.300580 0.300281 0.300265 0.300259 0.300253 0.300419 0.300231 0.300415 0.300221 0.300297 0.300224 0.300519 0.300326 0.300424 0.300321 0.300339 0.300369 0.300565 0.300537 0.299344 0.300000 0.299938 0.300173 0.300493 0.300000 0.300005 0.300997 0.300011 0.300132 0.300280 0.300535 0.300326 0.300287 0.300281 0.300322 0.300112 0.300130 0.300227 0.300198 0.000000 0.000000 0.000000 0.000000 0.000000 0.000000 0.000000 0.000000 0.000000 0.000000 0.000000 0.000000 0.000000
0.000000 0.000000 0.000000 0.000000 0.000000 0.000000 0.000000 0.000000 0.000000 0.300487 0.299695 0.300258 0.300585 0.300254 0.300220 0.300362 0.300315 0.300234 0.300619 0.300403 0.300376 0.300163 0.300297 0.300438 0.300571 0.300358 0.300328 0.299981 0.300493 0.300215 0.300544 0.300493 0.300000 0.300086 0.300000 0.299563 0.300087 0.300528 0.300154 0.300357 0.300267 0.299193 0.300404 0.300044 0.300290 0.300048 0.300132 0.299256 0.300358 0.300685 0.000000 0.000000 0.000000 0.000000 0.000000 0.000000 0.000000 0.000000 0.000000 0.000000 0.000000 0.000000 0.000000
0.000000 0.000000 0.000000 0.000000 0.000000 0.000000 0.000000 0.000000 0.300168 0.300216 0.300367 0.300698 0.300217 0.300440 0.300264 0.300380 0.300324 0.300221 0.299974 0.300440 0.300285 0.300269 0.300410 0.300271 0.300107 0.300472 0.300179 0.300124 0.300522 0.300417 0.300444 0.300274 0.300000 0.300000 0.300000 0.300000 0.300000 0.300000 0.300000 0.300000 0.300000 0.300000 0.297969 0.299224 0.298834 0.299045 0.300254 0.300392 0.300466 0.000000 0.000000 0.000000 0.000000 0.000000 0.000000 0.000000 0.000000 0.000000 0.000000 0.000000 0.000000 0.000000 0.000000
0.000000 0.000000 0.000000 0.000000 0.000000 0.000000 0.000000 0.300451 0.300471 0.300361 0.300358 0.299872 0.300195 0.300395 0.300547 0.300420 0.299786 0.298682 0.298518 0.300255 0.299988 0.300435 0.300454 0.300419 0.300308 0.300235 0.300227 0.300291 0.300238 0.300311 0.300145 0.300288 0.299425 0.300000 0.299578 0.300094 0.300516 0.300494 0.300119 0.300015 0.300629 0.299590 0.296273 0.298978 0.300392 0.300133 0.300144 0.300148 0.300473 0.000000 0.000000 0.000000 0.000000 0.000000 0.000000 0.000000 0.000000 0.000000 0.000000 0.000000 0.000000 0.000000 0.000000
0.000000 0.000000 0.000000 0.000000 0.000000 0.000000 0.000000 0.300352 0.300295 0.300444 0.300192 0.300531 0.300003 0.300306 0.300462 0.300169 0.300390 0.300303 0.300490 0.299443 0.300339 0.300275 0.300346 0.300198 0.300452 0.300310 0.300379 0.300055 0.300465 0.300370 0.300432 0.300274 0.300000 0.300090 0.300746 0.299608 0.300809 0.300667 0.300348 0.300719 0.300361 0.300680 0.299869 0.297229 0.299787 0.300424 0.300511 0.300338 0.300487 0.000000 0.000000 0.000000 0.000000 0.000000 0.000000 0.000000 0.000000 0.000000 0.000000 0.000000 0.000000 0.000000 0.000000
0.000000 0.000000 0.000000 0.000000 0.000000 0.000000 0.000000 0.300150 0.300317 0.300325 0.300087 0.300446 0.299828 0.300066 0.300411 0.300565 0.300057 0.300352 0.300371 0.300325 0.300674 0.300138 0.299668 0.300516 0.300335 0.300279 0.300328 0.300101 0.300624 0.300445 0.300307 0.300371 0.300000 0.299980 0.300628 0.300967 0.299702 0.300031 0.299876 0.300011 0.300106 0.300268 0.300222 0.298983 0.300319 0.300028 0.300385 0.300329 0.300207 0.000000 0.000000 0.000000 0.000000 0.000000 0.000000 0.000000 0.000000 0.000000 0.000000 0.000000 0.000000 0.000000 0.000000
0.000000 0.000000 0.000000 0.000000 0.000000 0.000000 0.000000 0.300391 0.300184 0.300545 0.299681 0.300416 0.300591 0.300230 0.300300 0.300170 0.300451 0.300404 0.300414 0.300252 0.300431 0.301521 0.300512 0.300273 0.300369 0.300458 0.300284 0.300163 0.300395 0.300308 0.300601 0.300303 0.300000 0.300162 0.300778 0.300836 0.300029 0.300448 0.300116 0.300161 0.300529 0.300567 0.300131 0.299506 0.300572 0.300658 0.300477 0.300436 0.300072 0.000000 0.000000 0.000000 0.000000 0.000000 0.000000 0.000000 0.000000 0.000000 0.000000 0.000000 0.000000 0.000000 0.000000
0.000000 0.000000 0.000000 0.000000 0.000000 0.000000 0.000000 0.300489 0.299739 0.300314 0.300456 0.299050 0.300048 0.300210 0.300339 0.300509 0.300423 0.300242 0.300231 0.300584 0.299722 0.300288 0.299768 0.300481 0.300203 0.300380 0.300368 0.300380 0.300403 0.300336 0.299715 0.300000 0.300661 0.300755 0.299653 0.300053 0.299997 0.300102 0.300031 0.300066 0.300142 0.300039 0.300463 0.297401 0.300488 0.300309 0.300003 0.300061 0.000000 0.000000 0.000000 0.000000 0.000000 0.000000 0.000000 0.000000 0.000000 0.000000 0.000000 0.000000 0.000000 0.000000 0.000000
0.000000 0.000000 0.000000 0.000000 0.000000 0.000000 0.000000 0.300298 0.299741 0.300352 0.300406 0.300469 0.296946 0.300333 0.300082 0.300252 0.300546 0.300434 0.300380 0.300279 0.300361 0.298600 0.300352 0.300455 0.300214 0.299835 0.300272 0.300305 0.300330 0.300376 0.300000 0.300073 0.300949 0.300637 0.299978 0.300461 0.300123 0.300178 0.300089 0.300075 0.300408 0.300352 0.298065 0.299460 0.300588 0.300451 0.300008 0.300006 0.000000 0.000000 0.000000 0.000000 0.000000 0.000000 0.000000 0.000000 0.000000 0.000000 0.000000 0.000000 0.000000 0.000000 0.000000
0.000000 0.000000 0.000000 0.000000 0.000000 0.000000 0.000000 0.300377 0.300201 0.300180 0.300553 0.300342 0.298726 0.300464 0.300450 0.300515 0.300360 0.299902 0.300130 0.300253 0.300222 0.299615 0.300471 0.300415 0.300235 0.300347 0.300461 0.300381 0.299012 0.300195 0.300000 0.300912 0.300013 0.300112 0.299950 0.300134 0.300003 0.300008 0.300007 0.300006 0.300412 0.300411 0.299839 0.299665 0.300335 0.300338 0.300008 0.000000 0.000000 0.000000 0.000000 0.000000 0.000000 0.000000 0.000000 0.000000 0.000000 0.000000 0.000000 0.000000 0.000000 0.000000 0.000000
0.000000 0.000000 0.000000 0.000000 0.000000 0.000000 0.000000 0.300536 0.300383 0.300131 0.298306 0.299105 0.299496 0.300000 0.300000 0.300000 0.298842 0.300102 0.300011 0.300019 0.300377 0.297206 0.300349 0.300317 0.300367 0.299682 0.300324 0.299884 0.300515 0.300000 0.300028 0.300917 0.299938 0.300655 0.300014 0.300152 0.300012 0.300006 0.300020 0.300135 0.300373 0.300442 0.299511 0.299621 0.300429 0.300453 0.300141 0.000000 0.000000 0.000000 0.000000 0.000000 0.000000 0.000000 0.000000 0.000000 0.000000 0.000000 0.000000 0.000000 0.000000 0.000000 0.000000
0.000000 0.000000 0.000000 0.000000 0.000000 0.000000 0.000000 0.000000 0.300471 0.300527 0.300524 0.300341 0.296581 0.300278 0.300306 0.300009 0.300000 0.300000 0.300922 0.300777 0.300437 0.301212 0.300323 0.300507 0.300387 0.300624 0.300629 0.300382 0.299044 0.300000 0.300354 0.300847 0.299719 0.300383 0.300020 0.300239 0.300012 0.300014 0.300213 0.300307 0.300526 0.300375 0.300215 0.300214 0.300328 0.300450 0.000000 0.000000 0.000000 0.000000 0.000000 0.000000 0.000000 0.000000 0.000000 0.000000 0.000000 0.000000 0.000000 0.000000 0.000000 0.000000 0.000000
0.000000 0.000000 0.000000 0.000000 0.000000 0.000000 0.000000 0.000000 0.299895 0.300442 0.300463 0.300459 0.299954 0.300717 0.300253 0.300044 0.300738 0.300189 0.300000 0.300297 0.300360 0.299982 0.300316 0.300303 0.300336 0.300351 0.300279 0.300745 0.298356 0.300000 0.300443 0.301010 0.299774 0.300357 0.299949 0.300229 0.300014 0.300056 0.300268 0.300315 0.300489 0.299870 0.300316 0.300158 0.300342 0.300481 0.000000 0.000000 0.000000 0.000000 0.000000 0.000000 0.000000 0.000000 0.000000 0.000000 0.000000 0.000000 0.000000 0.000000 0.000000 0.000000 0.000000
0.000000 0.000000 0.000000 0.000000 0.000000 0.000000 0.000000 0.000000 0.300272 0.300358 0.300308 0.300264 0.298843 0.300119 0.300337 0.300458 0.300299 0.300614 0.300251 0.300000 0.300000 0.299847 0.299809 0.300067 0.300151 0.300527 0.300384 0.300350 0.300000 0.299477 0.300368 0.300514 0.300321 0.300989 0.300018 0.300410 0.300446 0.300546 0.300192 0.300620 0.300411 0.300266 0.300396 0.300038 0.300459 0.300110 0.000000 0.000000 0.000000 0.000000 0.000000 0.000000 0.000000 0.000000 0.000000 0.000000 0.000000 0.000000 0.000000 0.000000 0.000000 0.000000 0.000000
0.000000 0.000000 0.000000 0.000000 0.000000 0.000000 0.000000 0.000000 0.300241 0.300322 0.300536 0.300196 0.299986 0.300336 0.300270 0.300206 0.299936 0.300604 0.300253 0.299915 0.299296 0.300000 0.299859 0.300283 0.299483 0.300371 0.300221 0.300305 0.300000 0.300732 0.299902 0.302376 0.298793 0.300703 0.297597 0.300508 0.299371 0.299805 0.300287 0.300084 0.300673 0.300380 0.300623 0.300486 0.300311 0.000000 0.000000 0.000000 0.000000 0.000000 0.000000 0.000000 0.000000 0.000000 0.000000 0.000000 0.000000 0.000000 0.000000 0.000000 0.000000 0.000000 0.000000
