geotop/1.0zi/1.0Montebello/Templates/Dripsey/maps/_Eocclay0356.asc
ncols         69
nrows         152
xllcorner     146499.907223
yllcorner     75332.943423
cellsize      50.000000
NODATA_value  -9999.0
[rows 28 to 55 of 152, columns 0 to 62 of 69]
0.000000 0.000000 0.000000 0.000000 0.000000 0.000000 0.000000 0.000000 0.000000 0.000000 0.000000 0.000000 0.349518 0.349147 0.349668 0.349762 0.350783 0.348743 0.349951 0.350059 0.349887 0.349362 0.349528 0.349406 0.350558 0.350000 0.349198 0.348800 0.349434 0.349528 0.349850 0.349899 0.349905 0.349649 0.349496 0.349446 0.349526 0.349547 0.349138 0.349455 0.349596 0.350343 0.349465 0.349594 0.352759 0.349018 0.349422 0.352676 0.349623 0.349592 0.349735 0.348921 0.350899 0.351019 0.349612 0.349570 0.349437 0.350721 0.349494 0.349418 0.349158 0.000000 0.000000
0.000000 0.000000 0.000000 0.000000 0.000000 0.000000 0.000000 0.000000 0.000000 0.000000 0.000000 0.000000 0.349551 0.349251 0.349554 0.349969 0.349849 0.349926 0.351941 0.349185 0.349876 0.348984 0.350306 0.353881 0.350000 0.349802 0.349018 0.348638 0.349674 0.349662 0.349473 0.349730 0.349448 0.349003 0.349507 0.349703 0.349504 0.349257 0.349494 0.349103 0.349403 0.349778 0.349774 0.349558 0.349707 0.350111 0.349605 0.349488 0.350883 0.350333 0.349841 0.349334 0.350729 0.351486 0.349749 0.349540 0.349966 0.350005 0.349567 0.349449 0.349530 0.000000 0.000000
0.000000 0.000000 0.000000 0.000000 0.000000 0.000000 0.000000 0.000000 0.000000 0.000000 0.000000 0.000000 0.349728 0.349097 0.349285 0.349153 0.350951 0.349509 0.349587 0.349990 0.349324 0.350771 0.350000 0.350000 0.349982 0.349182 0.349881 0.349420 0.349985 0.349895 0.349986 0.349980 0.349847 0.349586 0.349123 0.350166 0.349241 0.349528 0.349252 0.349565 0.349433 0.349519 0.351117 0.349753 0.349853 0.349673 0.350055 0.349375 0.355033 0.349636 0.349053 0.349099 0.349574 0.353357 0.349665 0.352823 0.351323 0.349393 0.349951 0.349608 0.349237 0.349258 0.000000
0.000000 0.000000 0.000000 0.000000 0.000000 0.000000 0.000000 0.000000 0.000000 0.000000 0.000000 0.349543 0.349677 0.349307 0.349620 0.349226 0.349654 0.351821 0.349755 0.349890 0.349726 0.350000 0.349519 0.349059 0.349770 0.349529 0.349284 0.349340 0.349876 0.349742 0.349928 0.349953 0.349807 0.349544 0.349146 0.349370 0.349393 0.349324 0.349373 0.349540 0.349886 0.349233 0.348980 0.349907 0.349066 0.349533 0.349728 0.351057 0.348751 0.354310 0.349321 0.349378 0.353218 0.349743 0.350885 0.350088 0.349471 0.349109 0.349642 0.349325 0.349389 0.350007 0.349432
0.000000 0.000000 0.000000 0.000000 0.000000 0.000000 0.000000 0.000000 0.000000 0.000000 0.000000 0.348906 0.350264 0.349440 0.349115 0.349460 0.349652 0.349568 0.352141 0.349999 0.349708 0.350000 0.350079 0.349520 0.350015 0.349594 0.349741 0.349310 0.349599 0.349126 0.349060 0.349298 0.349394 0.349299 0.349338 0.349396 0.349364 0.349356 0.349348 0.349490 0.349803 0.349719 0.349338 0.349421 0.351220 0.349612 0.349892 0.349878 0.349022 0.349435 0.350891 0.349594 0.351092 0.349201 0.353703 0.349393 0.350157 0.349488 0.349893 0.349946 0.349481 0.349596 0.349383
0.000000 0.000000 0.000000 0.000000 0.000000 0.000000 0.000000 0.000000 0.000000 0.000000 0.349738 0.351252 0.349210 0.349667 0.349100 0.349667 0.349602 0.349744 0.349134 0.351167 0.349819 0.350000 0.348916 0.348937 0.349930 0.349327 0.349499 0.349103 0.349722 0.349469 0.349387 0.349355 0.349240 0.349488 0.349158 0.349364 0.349509 0.349626 0.349507 0.349351 0.349057 0.351094 0.349678 0.349694 0.351814 0.349364 0.349510 0.349313 0.349865 0.350392 0.349205 0.350239 0.352958 0.349442 0.351623 0.349710 0.350196 0.349419 0.350005 0.349685 0.350069 0.349488 0.349364
0.000000 0.000000 0.000000 0.000000 0.000000 0.000000 0.000000 0.000000 0.000000 0.349124 0.350921 0.349638 0.349502 0.349579 0.349580 0.348990 0.349640 0.349484 0.349081 0.349410 0.350248 0.350000 0.350139 0.349038 0.349695 0.349157 0.349530 0.349382 0.349644 0.349535 0.349616 0.349768 0.349470 0.349548 0.349459 0.349266 0.349532 0.349567 0.349531 0.349413 0.349259 0.349506 0.350374 0.353776 0.352880 0.349152 0.348987 0.349552 0.348989 0.349626 0.349346 0.348881 0.350000 0.349445 0.350160 0.349466 0.349612 0.349259 0.349645 0.349257 0.349327 0.349602 0.349253
0.000000 0.000000 0.000000 0.000000 0.000000 0.000000 0.000000 0.000000 0.349444 0.348752 0.350049 0.349949 0.349898 0.350173 0.349841 0.349783 0.349320 0.350088 0.349244 0.349511 0.349028 0.350000 0.348920 0.348903 0.349998 0.349601 0.349781 0.349634 0.349900 0.349209 0.349786 0.349379 0.349534 0.349480 0.349468 0.349209 0.349427 0.349655 0.349662 0.349858 0.349008 0.349487 0.349294 0.349267 0.349909 0.350696 0.350156 0.349601 0.349146 0.349380 0.352448 0.350000 0.350760 0.348121 0.350753 0.349735 0.351348 0.349223 0.350421 0.350345 0.349498 0.349408 0.349215
0.000000 0.000000 0.000000 0.000000 0.000000 0.000000 0.000000 0.349118 0.349755 0.349076 0.349229 0.349269 0.349126 0.349956 0.349802 0.349236 0.348941 0.348982 0.350561 0.349440 0.349456 0.350000 0.349413 0.349372 0.349828 0.353277 0.352358 0.350881 0.350644 0.350065 0.349206 0.349058 0.350008 0.349741 0.349657 0.349610 0.349762 0.349074 0.349607 0.349228 0.350435 0.350610 0.350158 0.351320 0.351140 0.349519 0.351275 0.350513 0.349302 0.349513 0.351264 0.350000 0.349728 0.348920 0.350036 0.349363 0.349053 0.349282 0.349865 0.349362 0.349863 0.349630 0.349357
0.000000 0.000000 0.000000 0.000000 0.000000 0.000000 0.349272 0.350087 0.351438 0.353595 0.349515 0.350352 0.350468 0.350333 0.349923 0.350034 0.349495 0.349404 0.349305 0.352106 0.349474 0.350000 0.350108 0.349758 0.350593 0.348754 0.350014 0.349150 0.349108 0.349020 0.349615 0.349707 0.349145 0.349521 0.349491 0.349068 0.349307 0.349692 0.349606 0.349318 0.349649 0.349729 0.350539 0.349252 0.348999 0.349622 0.353556 0.350510 0.350138 0.349834 0.350000 0.350055 0.350697 0.349482 0.350252 0.349775 0.349651 0.349045 0.349837 0.349398 0.349253 0.349136 0.349625
0.000000 0.000000 0.000000 0.000000 0.000000 0.349238 0.349521 0.349437 0.350359 0.354631 0.350328 0.353303 0.348235 0.348749 0.349648 0.349940 0.349384 0.349030 0.349666 0.348978 0.348679 0.350000 0.349761 0.349669 0.352994 0.350477 0.350883 0.349798 0.350498 0.350554 0.349284 0.349165 0.349486 0.349854 0.349804 0.349653 0.349973 0.349038 0.349711 0.349671 0.349070 0.349702 0.349019 0.350538 0.348965 0.349693 0.350725 0.350088 0.350481 0.350000 0.350266 0.349452 0.348840 0.348754 0.352482 0.349449 0.349657 0.349157 0.349269 0.351428 0.350191 0.350418 0.349373
0.000000 0.000000 0.000000 0.000000 0.000000 0.350181 0.349214 0.349867 0.349599 0.348959 0.349996 0.351259 0.355416 0.349434 0.349297 0.349947 0.349917 0.350008 0.350376 0.349527 0.350840 0.350000 0.350234 0.352381 0.349525 0.349051 0.349921 0.349356 0.349075 0.349122 0.349652 0.349178 0.349534 0.349554 0.349501 0.349043 0.349278 0.349682 0.349524 0.349883 0.349760 0.349917 0.349008 0.349132 0.349053 0.349430 0.350029 0.350153 0.350000 0.349574 0.349390 0.350879 0.350184 0.349021 0.349716 0.349735 0.349639 0.348816 0.350659 0.349273 0.349522 0.349211 0.349621
0.000000 0.000000 0.000000 0.000000 0.349679 0.350237 0.349433 0.350352 0.349727 0.350271 0.349472 0.349410 0.350276 0.350000 0.349114 0.349040 0.351711 0.349456 0.349127 0.349111 0.349932 0.350000 0.353323 0.349464 0.349821 0.349218 0.350041 0.349564 0.349327 0.349711 0.349215 0.349543 0.349744 0.350389 0.350393 0.349644 0.349659 0.349087 0.349725 0.349612 0.349628 0.349189 0.350131 0.350599 0.349612 0.349783 0.349645 0.351303 0.350000 0.348797 0.349980 0.349495 0.349262 0.349068 0.349905 0.349846 0.349277 0.347899 0.349376 0.349200 0.349817 0.349675 0.349546
0.000000 0.000000 0.000000 0.349511 0.349495 0.349903 0.349481 0.349489 0.349007 0.349931 0.349056 0.349401 0.349428 0.349529 0.350000 0.350000 0.349286 0.349871 0.349556 0.349416 0.350839 0.350000 0.349523 0.349336 0.350137 0.349123 0.349946 0.349237 0.349668 0.349602 0.349323 0.349557 0.349519 0.349220 0.349057 0.349809 0.350175 0.349226 0.349556 0.350013 0.349719 0.350207 0.348879 0.349048 0.349604 0.349386 0.349366 0.349225 0.350000 0.348545 0.349977 0.349823 0.349371 0.349185 0.349842 0.349671 0.349665 0.351237 0.349703 0.349537 0.350311 0.349302 0.349693
0.000000 0.000000 0.349083 0.349635 0.349061 0.349837 0.349813 0.349972 0.348981 0.349491 0.349217 0.350267 0.348944 0.351066 0.349626 0.349429 0.350000 0.348823 0.349906 0.349188 0.349344 0.350000 0.349626 0.348858 0.350233 0.349201 0.349729 0.349778 0.349621 0.349468 0.349181 0.349702 0.349805 0.349100 0.350499 0.349011 0.351126 0.349331 0.349459 0.349625 0.349624 0.349186 0.351756 0.349228 0.349900 0.349282 0.349536 0.350262 0.350000 0.349397 0.349815 0.349194 0.349755 0.348844 0.349634 0.349369 0.349055 0.352361 0.349575 0.349267 0.348860 0.351477 0.349668
0.000000 0.000000 0.349376 0.349244 0.349690 0.349233 0.349433 0.349510 0.348818 0.349416 0.349982 0.349145 0.350407 0.349123 0.349611 0.349659 0.350000 0.349899 0.349336 0.349679 0.350000 0.349203 0.349677 0.348976 0.350138 0.348999 0.350279 0.349826 0.349546 0.349541 0.349269 0.349517 0.349560 0.349260 0.351311 0.349374 0.350862 0.349392 0.349556 0.349784 0.349765 0.350302 0.349009 0.350105 0.349099 0.349210 0.350207 0.348899 0.349699 0.350000 0.349231 0.349635 0.350106 0.349582 0.349977 0.349336 0.350999 0.349863 0.350429 0.349499 0.350495 0.349805 0.349961
0.000000 0.000000 0.349623 0.349202 0.349353 0.349534 0.349577 0.349852 0.349445 0.349766 0.350350 0.349350 0.349190 0.349617 0.349428 0.349608 0.349696 0.350000 0.350590 0.350000 0.349556 0.348823 0.350005 0.349455 0.349521 0.349398 0.349737 0.349583 0.349655 0.349255 0.349625 0.349734 0.350391 0.349201 0.349497 0.350146 0.351770 0.348920 0.349210 0.349492 0.349512 0.349758 0.349326 0.349573 0.349664 0.349271 0.349494 0.350439 0.350728 0.350000 0.352214 0.349340 0.350044 0.349316 0.348745 0.350840 0.349634 0.349338 0.349755 0.349299 0.349539 0.349376 0.349695
0.000000 0.000000 0.349562 0.349359 0.349365 0.349461 0.349589 0.349694 0.349485 0.349766 0.349642 0.350130 0.349482 0.350357 0.349009 0.350151 0.349409 0.351357 0.350000 0.348641 0.349869 0.349501 0.349738 0.349481 0.350726 0.349892 0.349968 0.349702 0.349747 0.349389 0.349327 0.350734 0.349442 0.349393 0.349375 0.349667 0.349861 0.350858 0.349468 0.349633 0.349620 0.349792 0.349799 0.350204 0.349398 0.348764 0.349469 0.349820 0.350953 0.350000 0.350831 0.348495 0.350352 0.349630 0.350821 0.349944 0.349987 0.349687 0.350483 0.349840 0.350071 0.349569 0.350358
0.000000 0.000000 0.349570 0.349444 0.349323 0.349454 0.349606 0.350954 0.349461 0.350284 0.349132 0.352174 0.349430 0.350731 0.348494 0.350159 0.349879 0.350300 0.350000 0.349942 0.349583 0.349015 0.349526 0.349484 0.350397 0.349744 0.349835 0.349372 0.348923 0.350280 0.348904 0.350951 0.349487 0.349497 0.349789 0.349099 0.349643 0.349921 0.349035 0.349595 0.349622 0.349689 0.349652 0.349754 0.350000 0.349194 0.349119 0.349007 0.349661 0.349869 0.350000 0.350844 0.349152 0.349098 0.350032 0.349594 0.354238 0.350544 0.348742 0.352427 0.349125 0.351873 0.350472
0.000000 0.000000 0.349486 0.349477 0.349388 0.349533 0.350083 0.349514 0.348956 0.349462 0.349925 0.349356 0.348884 0.349435 0.349523 0.349487 0.349686 0.350033 0.350132 0.350000 0.349779 0.349596 0.350689 0.349946 0.350765 0.350189 0.350051 0.349291 0.349932 0.349486 0.350422 0.349585 0.349187 0.349258 0.349302 0.349737 0.349574 0.349763 0.349861 0.350743 0.349694 0.349866 0.349826 0.350018 0.352194 0.349201 0.349396 0.349805 0.349025 0.349368 0.350000 0.350594 0.352326 0.350608 0.348911 0.349614 0.352020 0.349301 0.348761 0.350982 0.349595 0.349525 0.349105
0.000000 0.000000 0.349309 0.349389 0.349474 0.349540 0.349736 0.349723 0.349561 0.349872 0.349575 0.350173 0.349733 0.350243 0.348906 0.349850 0.349586 0.350852 0.348508 0.350000 0.348906 0.349058 0.350246 0.349429 0.350115 0.349564 0.349451 0.351179 0.349603 0.349328 0.349612 0.349017 0.349694 0.349053 0.350437 0.349021 0.349744 0.349635 0.349657 0.350372 0.349593 0.349786 0.349575 0.349683 0.350973 0.349258 0.349496 0.349031 0.349543 0.350000 0.350000 0.350000 0.350000 0.350000 0.350000 0.350000 0.355245 0.348996 0.351311 0.349485 0.350599 0.349596 0.349347
0.000000 0.000000 0.349377 0.349416 0.349421 0.349499 0.349650 0.349534 0.349639 0.349802 0.349658 0.350188 0.349662 0.350518 0.348839 0.349883 0.349405 0.350770 0.348673 0.350000 0.348152 0.348963 0.350411 0.349862 0.350485 0.349329 0.351106 0.350005 0.351268 0.349706 0.349609 0.349635 0.349298 0.349339 0.349247 0.349760 0.349303 0.349861 0.349627 0.350089 0.349942 0.350531 0.349733 0.349878 0.352133 0.349768 0.349502 0.349130 0.350677 0.350000 0.351331 0.349896 0.349141 0.349656 0.348679 0.349736 0.348739 0.355352 0.352506 0.350008 0.349440 0.348867 0.349630
0.000000 0.000000 0.349296 0.349360 0.349423 0.349426 0.349601 0.349430 0.349619 0.349806 0.349536 0.349998 0.349845 0.350718 0.348738 0.350020 0.349153 0.350471 0.349074 0.352046 0.350000 0.347685 0.349715 0.349136 0.349512 0.349174 0.349919 0.349670 0.350090 0.349607 0.349584 0.349031 0.349442 0.349097 0.350417 0.348973 0.351051 0.349139 0.349726 0.349814 0.349512 0.349780 0.348769 0.349722 0.353847 0.349096 0.350710 0.350771 0.350000 0.349886 0.349201 0.349709 0.350451 0.349723 0.349961 0.349589 0.349586 0.349966 0.349950 0.351761 0.352153 0.350833 0.350222
0.000000 0.000000 0.349383 0.349426 0.349460 0.349516 0.349602 0.349624 0.349620 0.349840 0.349513 0.349781 0.349844 0.350613 0.348841 0.349995 0.349190 0.350155 0.350824 0.348058 0.351281 0.350000 0.348994 0.349652 0.350352 0.349598 0.350263 0.349709 0.350093 0.349882 0.349551 0.349271 0.349612 0.349113 0.349321 0.349677 0.349508 0.350084 0.349533 0.350165 0.349684 0.350015 0.349461 0.350502 0.349817 0.348667 0.352481 0.350000 0.349312 0.351542 0.349036 0.349548 0.349727 0.349217 0.349586 0.348912 0.349117 0.349653 0.349115 0.348883 0.352529 0.349944 0.349281
0.000000 0.000000 0.349230 0.349390 0.349619 0.349475 0.349587 0.349634 0.349600 0.349832 0.349636 0.350156 0.349735 0.350454 0.348757 0.349912 0.349395 0.352782 0.351167 0.349041 0.349263 0.350000 0.348956 0.349361 0.350214 0.352559 0.349025 0.351662 0.349089 0.349511 0.349503 0.349108 0.349941 0.349465 0.349596 0.349156 0.349763 0.349618 0.349595 0.349262 0.350079 0.351472 0.351423 0.354687 0.348746 0.353167 0.350000 0.350838 0.349082 0.349445 0.349792 0.349562 0.349957 0.349591 0.350449 0.349760 0.349620 0.349665 0.350042 0.349464 0.350407 0.349625 0.349270
0.000000 0.000000 0.349407 0.349088 0.349505 0.349451 0.349544 0.349536 0.349555 0.349822 0.350287 0.349274 0.349046 0.349499 0.349367 0.350770 0.351659 0.348333 0.349921 0.352401 0.349018 0.350000 0.347871 0.349597 0.350488 0.348778 0.351011 0.350263 0.349283 0.349591 0.349680 0.349305 0.349321 0.349554 0.349455 0.349188 0.349344 0.349773 0.349728 0.348941 0.349616 0.349700 0.350924 0.349118 0.347809 0.350000 0.350509 0.348808 0.349471 0.349262 0.349528 0.348562 0.349401 0.349008 0.348632 0.350119 0.348924 0.348866 0.349470 0.348949 0.349919 0.349372 0.000000
0.000000 0.000000 0.349326 0.349326 0.349621 0.349447 0.349607 0.349638 0.349515 0.349947 0.349314 0.351953 0.349496 0.350662 0.351028 0.349360 0.350083 0.349844 0.349081 0.349530 0.350025 0.350584 0.350000 0.346383 0.349414 0.352088 0.352090 0.349589 0.349311 0.349544 0.349044 0.350077 0.349521 0.349640 0.349722 0.349605 0.349565 0.349116 0.349836 0.349270 0.349821 0.350174 0.349570 0.349031 0.350000 0.349295 0.349380 0.348679 0.350213 0.348896 0.350035 0.348932 0.350439 0.349406 0.349183 0.350299 0.349767 0.350209 0.349272 0.349311 0.351540 0.349279 0.000000
0.000000 0.000000 0.349367 0.349412 0.349883 0.349224 0.349389 0.349751 0.348850 0.349450 0.349412 0.350778 0.349977 0.351643 0.350930 0.352635 0.349740 0.349853 0.348973 0.349723 0.349185 0.349751 0.350000 0.350068 0.348198 0.348743 0.349977 0.349790 0.349885 0.349587 0.349957 0.349310 0.349150 0.349579 0.349534 0.349080 0.350078 0.349124 0.349377 0.349789 0.349155 0.349331 0.350249 0.349302 0.350000 0.350121 0.351043 0.349444 0.349154 0.349828 0.348593 0.348374 0.349833 0.349148 0.349648 0.349139 0.349724 0.349672 0.349092 0.348928 0.349188 0.000000 0.000000
