geotop/1.0zi/1.0Montebello/Templates/Dripsey/maps/_Eocsand0328.asc
ncols         69
nrows         152
xllcorner     146499.907223
yllcorner     75332.943423
cellsize      50.000000
NODATA_value  -9999.0
[rows 56 to 83 of 152, columns 0 to 62 of 69]
0.000000 0.000000 0.300421 0.300318 0.300244 0.300070 0.299989 0.300399 0.300124 0.300379 0.299486 0.300288 0.300517 0.299323 0.300553 0.300213 0.300305 0.300237 0.300321 0.300321 0.300448 0.300081 0.300275 0.300000 0.300158 0.300750 0.300139 0.300262 0.300298 0.300125 0.300544 0.300141 0.300269 0.300127 0.300073 0.300241 0.300103 0.300347 0.300231 0.300426 0.300260 0.300086 0.300463 0.300300 0.300000 0.300717 0.300164 0.300414 0.300443 0.300767 0.300051 0.300207 0.299835 0.299980 0.300016 0.300016 0.300082 0.300155 0.300182 0.299980 0.300070 0.000000 0.000000
0.000000 0.000000 0.000000 0.300193 0.300434 0.300287 0.300277 0.300306 0.300226 0.300378 0.300126 0.299810 0.299352 0.300300 0.300313 0.300127 0.300441 0.300242 0.300465 0.300266 0.300211 0.300258 0.300224 0.300000 0.300641 0.300301 0.299762 0.300236 0.299742 0.300340 0.300369 0.300377 0.300405 0.300279 0.300317 0.300435 0.300153 0.300307 0.300293 0.300323 0.300198 0.299521 0.300479 0.300000 0.299726 0.300194 0.300490 0.300469 0.300432 0.300674 0.300059 0.300141 0.300010 0.300194 0.300119 0.300164 0.300381 0.300320 0.300317 0.300245 0.000000 0.000000 0.000000
0.000000 0.000000 0.000000 0.300399 0.300167 0.300305 0.300447 0.300326 0.300327 0.300340 0.300039 0.300414 0.300419 0.300113 0.300656 0.300417 0.299666 0.300358 0.300122 0.300454 0.299908 0.300629 0.300186 0.299424 0.300000 0.300621 0.300348 0.300668 0.300327 0.300308 0.300378 0.299938 0.300479 0.300098 0.300071 0.300447 0.299239 0.300228 0.300248 0.300194 0.300282 0.300371 0.299825 0.300000 0.300241 0.300301 0.300548 0.300849 0.300125 0.300104 0.299989 0.300004 0.300009 0.300010 0.300010 0.300009 0.300163 0.300192 0.300483 0.000000 0.000000 0.000000 0.000000
0.000000 0.000000 0.000000 0.300396 0.300272 0.300357 0.300099 0.300364 0.299425 0.300061 0.299898 0.300403 0.300216 0.299253 0.301260 0.296474 0.300934 0.298393 0.300734 0.299275 0.298749 0.300378 0.300581 0.300211 0.300000 0.300373 0.299581 0.300245 0.299905 0.300325 0.300216 0.300354 0.300071 0.300554 0.300585 0.300250 0.300341 0.299014 0.300441 0.300125 0.300261 0.300230 0.300119 0.300000 0.299524 0.300212 0.300238 0.301007 0.300169 0.300209 0.300011 0.300030 0.300007 0.000000 0.000000 0.000000 0.000000 0.000000 0.000000 0.000000 0.000000 0.000000 0.000000
0.000000 0.000000 0.000000 0.300438 0.300127 0.300091 0.299950 0.299830 0.300302 0.300376 0.299954 0.300178 0.300082 0.299710 0.298118 0.300249 0.300572 0.300361 0.300295 0.300461 0.299952 0.301700 0.299788 0.300391 0.300000 0.298735 0.300417 0.300469 0.300351 0.300304 0.300543 0.300354 0.300475 0.300082 0.300059 0.300396 0.300198 0.300585 0.298526 0.300596 0.300342 0.300376 0.300000 0.300092 0.300577 0.300262 0.300525 0.300853 0.300056 0.300083 0.300015 0.300005 0.000000 0.000000 0.000000 0.000000 0.000000 0.000000 0.000000 0.000000 0.000000 0.000000 0.000000
0.000000 0.000000 0.000000 0.000000 0.000000 0.300326 0.300360 0.300530 0.300452 0.300313 0.300460 0.300440 0.299810 0.300362 0.300280 0.300383 0.300315 0.300485 0.300456 0.300196 0.300249 0.299394 0.300431 0.297388 0.300060 0.300000 0.300556 0.300431 0.299660 0.300250 0.300292 0.300281 0.300322 0.300443 0.300512 0.300206 0.300475 0.300315 0.300389 0.301279 0.300403 0.300000 0.299878 0.300353 0.300348 0.300471 0.300534 0.300731 0.300006 0.300013 0.300010 0.300011 0.000000 0.000000 0.000000 0.000000 0.000000 0.000000 0.000000 0.000000 0.000000 0.000000 0.000000
0.000000 0.000000 0.000000 0.000000 0.000000 0.000000 0.300264 0.300214 0.300174 0.300093 0.300413 0.300268 0.300550 0.300269 0.300224 0.300069 0.300647 0.300297 0.300133 0.300494 0.300778 0.299435 0.299155 0.300450 0.300236 0.298817 0.300000 0.300202 0.300323 0.300386 0.300494 0.299779 0.300474 0.300003 0.300071 0.300301 0.300372 0.300437 0.300292 0.300051 0.300000 0.300569 0.300256 0.300494 0.300254 0.300634 0.300052 0.300240 0.300045 0.300191 0.300008 0.300076 0.300007 0.000000 0.000000 0.000000 0.000000 0.000000 0.000000 0.000000 0.000000 0.000000 0.000000
0.000000 0.000000 0.000000 0.000000 0.000000 0.000000 0.000000 0.300251 0.300239 0.300102 0.300545 0.300386 0.300201 0.300428 0.300240 0.300106 0.300568 0.299894 0.299469 0.300198 0.300431 0.300444 0.300366 0.300565 0.300999 0.300324 0.300000 0.299376 0.300389 0.300468 0.299637 0.300325 0.300076 0.300426 0.300439 0.300261 0.300271 0.300074 0.300224 0.300000 0.298907 0.300861 0.299131 0.299718 0.300364 0.300362 0.300163 0.300638 0.300059 0.300275 0.300220 0.300362 0.300074 0.000000 0.000000 0.000000 0.000000 0.000000 0.000000 0.000000 0.000000 0.000000 0.000000
0.000000 0.000000 0.000000 0.000000 0.000000 0.000000 0.000000 0.000000 0.300125 0.300073 0.300324 0.300339 0.300414 0.300266 0.300295 0.300416 0.300087 0.300354 0.300333 0.300077 0.300635 0.300362 0.300136 0.298860 0.300464 0.300334 0.300284 0.300000 0.300369 0.300448 0.300398 0.300629 0.300154 0.300263 0.300234 0.300115 0.300340 0.300330 0.300528 0.300000 0.300429 0.300684 0.300067 0.300440 0.300009 0.300158 0.300376 0.300360 0.300588 0.300666 0.300575 0.300471 0.300710 0.000000 0.000000 0.000000 0.000000 0.000000 0.000000 0.000000 0.000000 0.000000 0.000000
0.000000 0.000000 0.000000 0.000000 0.000000 0.000000 0.000000 0.000000 0.000000 0.300039 0.300280 0.300291 0.300427 0.300300 0.300046 0.300407 0.300208 0.300284 0.300011 0.300242 0.300252 0.298683 0.299136 0.300339 0.300362 0.300609 0.299526 0.299646 0.300000 0.298516 0.300384 0.300575 0.300142 0.299994 0.299939 0.300171 0.300392 0.300394 0.300000 0.300341 0.300377 0.300792 0.300014 0.300085 0.300320 0.300295 0.300285 0.300542 0.300338 0.300341 0.300270 0.300213 0.000000 0.000000 0.000000 0.000000 0.000000 0.000000 0.000000 0.000000 0.000000 0.000000 0.000000
0.000000 0.000000 0.000000 0.000000 0.000000 0.000000 0.000000 0.000000 0.000000 0.300281 0.300400 0.300172 0.300503 0.300131 0.300282 0.300010 0.300274 0.300530 0.300417 0.300458 0.298911 0.300442 0.300200 0.300397 0.300002 0.299934 0.300581 0.300498 0.300162 0.300000 0.300028 0.300294 0.300587 0.300477 0.300559 0.300344 0.300119 0.300000 0.300244 0.300122 0.300232 0.300557 0.300070 0.300448 0.300249 0.300580 0.300214 0.300240 0.300267 0.300271 0.300299 0.300666 0.000000 0.000000 0.000000 0.000000 0.000000 0.000000 0.000000 0.000000 0.000000 0.000000 0.000000
0.000000 0.000000 0.000000 0.000000 0.000000 0.000000 0.000000 0.000000 0.000000 0.300318 0.300303 0.300160 0.300229 0.300259 0.300272 0.300049 0.300442 0.300624 0.299764 0.299861 0.300371 0.300520 0.300326 0.300147 0.299429 0.300437 0.299873 0.299746 0.298463 0.298637 0.300000 0.300138 0.300328 0.299850 0.299954 0.300074 0.300000 0.300030 0.300126 0.300403 0.300210 0.300378 0.300190 0.300254 0.300227 0.300275 0.300242 0.300388 0.300182 0.300280 0.300452 0.000000 0.000000 0.000000 0.000000 0.000000 0.000000 0.000000 0.000000 0.000000 0.000000 0.000000 0.000000
0.000000 0.000000 0.000000 0.000000 0.000000 0.000000 0.000000 0.000000 0.000000 0.300301 0.300411 0.300526 0.300272 0.300248 0.300415 0.300200 0.300443 0.300217 0.300522 0.300334 0.299985 0.300011 0.300576 0.300299 0.300302 0.300297 0.300339 0.300057 0.300447 0.299735 0.298780 0.300000 0.299964 0.298980 0.298904 0.299465 0.300000 0.300959 0.300011 0.299751 0.300266 0.300163 0.300375 0.300240 0.300251 0.300001 0.300608 0.299392 0.300267 0.300099 0.000000 0.000000 0.000000 0.000000 0.000000 0.000000 0.000000 0.000000 0.000000 0.000000 0.000000 0.000000 0.000000
0.000000 0.000000 0.000000 0.000000 0.000000 0.000000 0.000000 0.000000 0.000000 0.300297 0.300084 0.300542 0.300260 0.300239 0.300238 0.300226 0.300386 0.300202 0.300382 0.300194 0.300265 0.300190 0.300496 0.300302 0.300399 0.300295 0.300319 0.300338 0.300545 0.300507 0.299403 0.300000 0.299939 0.300162 0.300454 0.300000 0.300000 0.300940 0.300011 0.300104 0.300249 0.300499 0.300296 0.300264 0.300255 0.300300 0.300108 0.300120 0.300205 0.300170 0.000000 0.000000 0.000000 0.000000 0.000000 0.000000 0.000000 0.000000 0.000000 0.000000 0.000000 0.000000 0.000000
0.000000 0.000000 0.000000 0.000000 0.000000 0.000000 0.000000 0.000000 0.000000 0.300453 0.299725 0.300241 0.300547 0.300234 0.300205 0.300333 0.300293 0.300211 0.300579 0.300372 0.300342 0.300139 0.300281 0.300404 0.300534 0.300323 0.300295 0.299952 0.300454 0.300188 0.300505 0.300457 0.300000 0.300077 0.300000 0.299594 0.300091 0.300529 0.300124 0.300324 0.300243 0.299256 0.300377 0.300043 0.300268 0.300034 0.300124 0.299313 0.300343 0.300642 0.000000 0.000000 0.000000 0.000000 0.000000 0.000000 0.000000 0.000000 0.000000 0.000000 0.000000 0.000000 0.000000
0.000000 0.000000 0.000000 0.000000 0.000000 0.000000 0.000000 0.000000 0.300137 0.300185 0.300336 0.300638 0.300197 0.300404 0.300241 0.300349 0.300305 0.300204 0.299978 0.300408 0.300259 0.300238 0.300386 0.300249 0.300101 0.300436 0.300162 0.300095 0.300499 0.300380 0.300419 0.300252 0.300000 0.300000 0.300000 0.300000 0.300000 0.300000 0.300000 0.300000 0.300000 0.300000 0.298198 0.299259 0.298986 0.299120 0.300232 0.300370 0.300430 0.000000 0.000000 0.000000 0.000000 0.000000 0.000000 0.000000 0.000000 0.000000 0.000000 0.000000 0.000000 0.000000 0.000000
0.000000 0.000000 0.000000 0.000000 0.000000 0.000000 0.000000 0.300416 0.300446 0.300343 0.300337 0.299889 0.300183 0.300372 0.300512 0.300388 0.299804 0.298791 0.298661 0.300236 0.299991 0.300403 0.300422 0.300385 0.300288 0.300213 0.300209 0.300250 0.300223 0.300274 0.300145 0.300265 0.299483 0.300000 0.299600 0.300089 0.300486 0.300461 0.300089 0.300044 0.300590 0.299634 0.296510 0.299059 0.300364 0.300128 0.300131 0.300143 0.300437 0.000000 0.000000 0.000000 0.000000 0.000000 0.000000 0.000000 0.000000 0.000000 0.000000 0.000000 0.000000 0.000000 0.000000
0.000000 0.000000 0.000000 0.000000 0.000000 0.000000 0.000000 0.300326 0.300270 0.300407 0.300171 0.300492 0.300008 0.300282 0.300426 0.300147 0.300356 0.300273 0.300456 0.299551 0.300313 0.300249 0.300319 0.300176 0.300419 0.300280 0.300345 0.300038 0.300428 0.300334 0.300410 0.300242 0.300000 0.300081 0.300703 0.299622 0.300753 0.300615 0.300305 0.300668 0.300348 0.300649 0.299890 0.297401 0.299802 0.300400 0.300473 0.300339 0.300452 0.000000 0.000000 0.000000 0.000000 0.000000 0.000000 0.000000 0.000000 0.000000 0.000000 0.000000 0.000000 0.000000 0.000000
0.000000 0.000000 0.000000 0.000000 0.000000 0.000000 0.000000 0.300139 0.300301 0.300307 0.300086 0.300420 0.299834 0.300060 0.300387 0.300527 0.300056 0.300321 0.300349 0.300301 0.300598 0.300131 0.299695 0.300481 0.300316 0.300256 0.300304 0.300076 0.300592 0.300412 0.300291 0.300346 0.300000 0.299979 0.300597 0.300908 0.299744 0.300032 0.299904 0.300011 0.300073 0.300234 0.300202 0.299119 0.300297 0.300035 0.300356 0.300300 0.300176 0.000000 0.000000 0.000000 0.000000 0.000000 0.000000 0.000000 0.000000 0.000000 0.000000 0.000000 0.000000 0.000000 0.000000
0.000000 0.000000 0.000000 0.000000 0.000000 0.000000 0.000000 0.300359 0.300162 0.300507 0.299723 0.300386 0.300571 0.300198 0.300264 0.300141 0.300417 0.300365 0.300385 0.300226 0.300402 0.301392 0.300474 0.300248 0.300344 0.300420 0.300253 0.300133 0.300373 0.300280 0.300564 0.300286 0.300000 0.300161 0.300717 0.300774 0.300029 0.300403 0.300113 0.300131 0.300499 0.300528 0.300133 0.299519 0.300536 0.300631 0.300435 0.300396 0.300056 0.000000 0.000000 0.000000 0.000000 0.000000 0.000000 0.000000 0.000000 0.000000 0.000000 0.000000 0.000000 0.000000 0.000000
0.000000 0.000000 0.000000 0.000000 0.000000 0.000000 0.000000 0.300455 0.299766 0.300294 0.300422 0.299148 0.300078 0.300184 0.300311 0.300479 0.300397 0.300228 0.300217 0.300547 0.299744 0.300246 0.299787 0.300447 0.300189 0.300349 0.300346 0.300356 0.300389 0.300307 0.299752 0.300000 0.300634 0.300696 0.299691 0.300053 0.299999 0.300102 0.300031 0.300066 0.300110 0.300019 0.300439 0.297649 0.300464 0.300270 0.300003 0.300061 0.000000 0.000000 0.000000 0.000000 0.000000 0.000000 0.000000 0.000000 0.000000 0.000000 0.000000 0.000000 0.000000 0.000000 0.000000
0.000000 0.000000 0.000000 0.000000 0.000000 0.000000 0.000000 0.300268 0.299774 0.300320 0.300372 0.300435 0.297193 0.300300 0.300099 0.300217 0.300500 0.300395 0.300347 0.300250 0.300337 0.298790 0.300318 0.300440 0.300190 0.299875 0.300251 0.300290 0.300308 0.300345 0.300000 0.300068 0.300888 0.300579 0.299978 0.300419 0.300123 0.300172 0.300089 0.300075 0.300371 0.300325 0.298235 0.299467 0.300559 0.300408 0.300008 0.300006 0.000000 0.000000 0.000000 0.000000 0.000000 0.000000 0.000000 0.000000 0.000000 0.000000 0.000000 0.000000 0.000000 0.000000 0.000000
0.000000 0.000000 0.000000 0.000000 0.000000 0.000000 0.000000 0.300344 0.300197 0.300179 0.300525 0.300320 0.298813 0.300452 0.300399 0.300496 0.300339 0.299922 0.300104 0.300228 0.300205 0.299642 0.300444 0.300381 0.300218 0.300320 0.300417 0.300349 0.299110 0.300189 0.300000 0.300857 0.300013 0.300112 0.299950 0.300134 0.300003 0.300008 0.300007 0.300006 0.300376 0.300380 0.299884 0.299747 0.300304 0.300301 0.300008 0.000000 0.000000 0.000000 0.000000 0.000000 0.000000 0.000000 0.000000 0.000000 0.000000 0.000000 0.000000 0.000000 0.000000 0.000000 0.000000
0.000000 0.000000 0.000000 0.000000 0.000000 0.000000 0.000000 0.300499 0.300359 0.300114 0.298468 0.299222 0.299493 0.300000 0.300000 0.300000 0.298956 0.300076 0.300011 0.300019 0.300338 0.297479 0.300318 0.300283 0.300337 0.299730 0.300303 0.299913 0.300478 0.300000 0.300035 0.300890 0.299906 0.300600 0.300014 0.300153 0.300012 0.300006 0.300020 0.300106 0.300361 0.300415 0.299547 0.299659 0.300401 0.300430 0.300113 0.000000 0.000000 0.000000 0.000000 0.000000 0.000000 0.000000 0.000000 0.000000 0.000000 0.000000 0.000000 0.000000 0.000000 0.000000 0.000000
0.000000 0.000000 0.000000 0.000000 0.000000 0.000000 0.000000 0.000000 0.300440 0.300484 0.300491 0.300314 0.296777 0.300263 0.300282 0.300009 0.300000 0.300000 0.300869 0.300729 0.300419 0.301139 0.300306 0.300481 0.300367 0.300585 0.300548 0.300358 0.299078 0.300000 0.300329 0.300797 0.299755 0.300340 0.300041 0.300213 0.300011 0.300014 0.300186 0.300275 0.300490 0.300348 0.300198 0.300199 0.300299 0.300417 0.000000 0.000000 0.000000 0.000000 0.000000 0.000000 0.000000 0.000000 0.000000 0.000000 0.000000 0.000000 0.000000 0.000000 0.000000 0.000000 0.000000
0.000000 0.000000 0.000000 0.000000 0.000000 0.000000 0.000000 0.000000 0.299904 0.300408 0.300434 0.300434 0.299956 0.300684 0.300219 0.300041 0.300692 0.300170 0.300000 0.300277 0.300334 0.299998 0.300292 0.300281 0.300311 0.300320 0.300258 0.300679 0.298490 0.300000 0.300418 0.300963 0.299789 0.300313 0.299981 0.300193 0.300014 0.300034 0.300235 0.300286 0.300456 0.299875 0.300296 0.300150 0.300323 0.300462 0.000000 0.000000 0.000000 0.000000 0.000000 0.000000 0.000000 0.000000 0.000000 0.000000 0.000000 0.000000 0.000000 0.000000 0.000000 0.000000 0.000000
0.000000 0.000000 0.000000 0.000000 0.000000 0.000000 0.000000 0.000000 0.300253 0.300327 0.300274 0.300233 0.298998 0.300090 0.300301 0.300427 0.300281 0.300571 0.300226 0.300000 0.300000 0.299739 0.299825 0.300061 0.300143 0.300492 0.300362 0.300325 0.300000 0.299517 0.300344 0.300492 0.300277 0.300931 0.300018 0.300387 0.300414 0.300515 0.300176 0.300582 0.300382 0.300246 0.300372 0.300035 0.300421 0.300082 0.000000 0.000000 0.000000 0.000000 0.000000 0.000000 0.000000 0.000000 0.000000 0.000000 0.000000 0.000000 0.000000 0.000000 0.000000 0.000000 0.000000
0.000000 0.000000 0.000000 0.000000 0.000000 0.000000 0.000000 0.000000 0.300229 0.300306 0.300500 0.300195 0.299986 0.300300 0.300261 0.300188 0.299950 0.300566 0.300223 0.299926 0.299352 0.300000 0.299896 0.300261 0.299518 0.300339 0.300200 0.300282 0.300000 0.300584 0.299911 0.302235 0.298859 0.300671 0.297833 0.300462 0.299499 0.299828 0.300263 0.300083 0.300631 0.300364 0.300594 0.300465 0.300297 0.000000 0.000000 0.000000 0.000000 0.000000 0.000000 0.000000 0.000000 0.000000 0.000000 0.000000 0.000000 0.000000 0.000000 0.000000 0.000000 0.000000 0.000000
