geotop/1.0zi/1.0Montebello/Templates/Dripsey/maps/_Eocsand0077.asc
ncols         69
nrows         152
xllcorner     146499.907223
yllcorner     75332.943423
cellsize      50.000000
NODATA_value  -9999.0
[rows 56 to 83 of 152, columns 0 to 62 of 69]
0.000000 0.000000 0.300142 0.300111 0.300084 0.300028 0.300000 0.300157 0.300045 0.300145 0.299776 0.300110 0.300176 0.299654 0.300188 0.300090 0.300121 0.300109 0.300105 0.300119 0.300164 0.300057 0.300119 0.300000 0.300053 0.300219 0.300086 0.300106 0.300114 0.300040 0.300181 0.300047 0.300088 0.300042 0.300025 0.300080 0.300038 0.300115 0.300081 0.300147 0.300099 0.300045 0.300152 0.300111 0.300000 0.300222 0.300084 0.300127 0.300181 0.300298 0.300050 0.300207 0.299829 0.299977 0.300009 0.300018 0.300063 0.300079 0.300098 0.300031 0.300070 0.000000 0.000000
0.000000 0.000000 0.000000 0.300073 0.300149 0.300107 0.300095 0.300115 0.300075 0.300138 0.300041 0.299935 0.299749 0.300115 0.300099 0.300066 0.300158 0.300105 0.300149 0.300102 0.300070 0.300119 0.300084 0.300000 0.300215 0.300119 0.299902 0.300089 0.299852 0.300120 0.300135 0.300131 0.300144 0.300102 0.300116 0.300152 0.300063 0.300108 0.300108 0.300121 0.300074 0.299710 0.300155 0.300000 0.299846 0.300055 0.300166 0.300067 0.300200 0.300415 0.300058 0.300140 0.300002 0.300196 0.300122 0.300156 0.300188 0.300115 0.300109 0.300101 0.000000 0.000000 0.000000
0.000000 0.000000 0.000000 0.300136 0.300061 0.300111 0.300159 0.300116 0.300108 0.300117 0.300018 0.300147 0.300151 0.300065 0.300206 0.300144 0.299869 0.300136 0.300041 0.300166 0.299958 0.300225 0.300027 0.299812 0.300000 0.300228 0.300113 0.300264 0.300127 0.300110 0.300135 0.299985 0.300167 0.300033 0.300023 0.300155 0.299726 0.300081 0.300094 0.300087 0.300108 0.300133 0.300049 0.300000 0.300075 0.300088 0.300189 0.300303 0.300112 0.300095 0.299984 0.300000 0.300001 0.300001 0.300001 0.300001 0.300118 0.300096 0.300168 0.000000 0.000000 0.000000 0.000000
0.000000 0.000000 0.000000 0.300136 0.300095 0.300133 0.300030 0.300129 0.299791 0.300016 0.299980 0.300131 0.300078 0.299526 0.300520 0.298677 0.300452 0.299286 0.300260 0.299685 0.299612 0.300139 0.300185 0.300074 0.300000 0.300119 0.299798 0.300092 0.299936 0.300115 0.300094 0.300137 0.300048 0.300222 0.300223 0.300101 0.300129 0.299557 0.300175 0.300072 0.300108 0.300092 0.300039 0.300000 0.299707 0.300079 0.300009 0.300238 0.300169 0.300210 0.300002 0.300023 0.300001 0.000000 0.000000 0.000000 0.000000 0.000000 0.000000 0.000000 0.000000 0.000000 0.000000
0.000000 0.000000 0.000000 0.300152 0.300046 0.300035 0.299979 0.299944 0.300104 0.300131 0.299979 0.300067 0.300025 0.299810 0.299238 0.300081 0.300190 0.300127 0.300103 0.300172 0.299978 0.300520 0.299863 0.300100 0.300000 0.299627 0.300138 0.300193 0.300128 0.300107 0.300184 0.300101 0.300172 0.300019 0.300017 0.300133 0.300065 0.300194 0.299410 0.300202 0.300083 0.300112 0.300000 0.300015 0.300201 0.300066 0.300195 0.300307 0.300053 0.300082 0.300002 0.300000 0.000000 0.000000 0.000000 0.000000 0.000000 0.000000 0.000000 0.000000 0.000000 0.000000 0.000000
0.000000 0.000000 0.000000 0.000000 0.000000 0.300119 0.300112 0.300180 0.300143 0.300106 0.300134 0.300145 0.299923 0.300126 0.300092 0.300145 0.300094 0.300173 0.300148 0.300084 0.300083 0.299771 0.300151 0.298901 0.300233 0.300000 0.300208 0.300142 0.299837 0.300098 0.300116 0.300106 0.300120 0.300167 0.300194 0.300084 0.300168 0.300123 0.300134 0.300465 0.300138 0.300000 0.299946 0.300096 0.300140 0.300103 0.300185 0.300363 0.300000 0.300002 0.300002 0.300001 0.000000 0.000000 0.000000 0.000000 0.000000 0.000000 0.000000 0.000000 0.000000 0.000000 0.000000
0.000000 0.000000 0.000000 0.000000 0.000000 0.000000 0.300111 0.300094 0.300076 0.300053 0.300130 0.300105 0.300184 0.300112 0.300100 0.300051 0.300206 0.300104 0.300058 0.300103 0.300368 0.299790 0.299580 0.300157 0.300081 0.299490 0.300000 0.300123 0.300113 0.300139 0.300159 0.299906 0.300173 0.299994 0.300021 0.300094 0.300123 0.300160 0.300101 0.300111 0.300000 0.300172 0.300110 0.300179 0.300105 0.300222 0.300044 0.300157 0.300034 0.300192 0.300001 0.300074 0.300001 0.000000 0.000000 0.000000 0.000000 0.000000 0.000000 0.000000 0.000000 0.000000 0.000000
0.000000 0.000000 0.000000 0.000000 0.000000 0.000000 0.000000 0.300106 0.300110 0.300061 0.300189 0.300130 0.300060 0.300154 0.300094 0.300061 0.300179 0.299954 0.299783 0.300086 0.300135 0.300164 0.300115 0.300198 0.300329 0.300171 0.300000 0.299768 0.300139 0.300172 0.299798 0.300130 0.300054 0.300156 0.300142 0.300098 0.300112 0.300053 0.300092 0.300000 0.299478 0.300451 0.299557 0.299842 0.300135 0.300076 0.300122 0.300159 0.300056 0.300187 0.300189 0.300232 0.300065 0.000000 0.000000 0.000000 0.000000 0.000000 0.000000 0.000000 0.000000 0.000000 0.000000
0.000000 0.000000 0.000000 0.000000 0.000000 0.000000 0.000000 0.000000 0.300078 0.300063 0.300116 0.300132 0.300132 0.300105 0.300098 0.300162 0.300029 0.300131 0.300131 0.300054 0.300201 0.300126 0.300045 0.299560 0.300163 0.300128 0.300090 0.300000 0.300116 0.300237 0.300131 0.300200 0.300085 0.300103 0.300093 0.300055 0.300113 0.300134 0.300146 0.300000 0.300149 0.300186 0.300074 0.300171 0.300002 0.300050 0.300147 0.300103 0.300176 0.300169 0.300215 0.300098 0.300230 0.000000 0.000000 0.000000 0.000000 0.000000 0.000000 0.000000 0.000000 0.000000 0.000000
0.000000 0.000000 0.000000 0.000000 0.000000 0.000000 0.000000 0.000000 0.000000 0.300034 0.300123 0.300118 0.300138 0.300116 0.300003 0.300146 0.300075 0.300113 0.300005 0.300092 0.300101 0.299380 0.299675 0.300127 0.300117 0.300222 0.299882 0.299892 0.300000 0.299444 0.300128 0.300190 0.300079 0.299932 0.299879 0.300076 0.300161 0.300136 0.300000 0.300110 0.300137 0.300271 0.300004 0.300054 0.300125 0.300101 0.300113 0.300183 0.300118 0.300115 0.300113 0.300095 0.000000 0.000000 0.000000 0.000000 0.000000 0.000000 0.000000 0.000000 0.000000 0.000000 0.000000
0.000000 0.000000 0.000000 0.000000 0.000000 0.000000 0.000000 0.000000 0.000000 0.300126 0.300137 0.300064 0.300175 0.300058 0.300128 0.300001 0.300135 0.300169 0.300130 0.300159 0.299571 0.300154 0.300068 0.300145 0.300003 0.299907 0.300194 0.300177 0.300049 0.300000 0.300010 0.300064 0.300205 0.300224 0.300287 0.300106 0.300028 0.300000 0.300078 0.300030 0.300098 0.300184 0.300058 0.300169 0.300096 0.300192 0.300088 0.300077 0.300105 0.300082 0.300107 0.300220 0.000000 0.000000 0.000000 0.000000 0.000000 0.000000 0.000000 0.000000 0.000000 0.000000 0.000000
0.000000 0.000000 0.000000 0.000000 0.000000 0.000000 0.000000 0.000000 0.000000 0.300128 0.300110 0.300064 0.300084 0.300104 0.300121 0.300040 0.300175 0.300194 0.299880 0.299929 0.300124 0.300175 0.300075 0.300051 0.299760 0.300152 0.299952 0.299880 0.299462 0.299516 0.300000 0.300047 0.300110 0.299940 0.299984 0.300015 0.300000 0.299985 0.300067 0.300156 0.300087 0.300114 0.300092 0.300088 0.300089 0.300095 0.300087 0.300134 0.300033 0.300098 0.300154 0.000000 0.000000 0.000000 0.000000 0.000000 0.000000 0.000000 0.000000 0.000000 0.000000 0.000000 0.000000
0.000000 0.000000 0.000000 0.000000 0.000000 0.000000 0.000000 0.000000 0.000000 0.300099 0.300125 0.300177 0.300083 0.300082 0.300135 0.300090 0.300141 0.300093 0.300167 0.300125 0.300023 0.300033 0.300200 0.300112 0.300106 0.300115 0.300121 0.300010 0.300135 0.299890 0.299572 0.300000 0.299990 0.299610 0.299587 0.299804 0.300000 0.300323 0.300001 0.299923 0.300111 0.300050 0.300140 0.300083 0.300087 0.300001 0.300202 0.299775 0.300090 0.300050 0.000000 0.000000 0.000000 0.000000 0.000000 0.000000 0.000000 0.000000 0.000000 0.000000 0.000000 0.000000 0.000000
0.000000 0.000000 0.000000 0.000000 0.000000 0.000000 0.000000 0.000000 0.000000 0.300112 0.300030 0.300185 0.300092 0.300093 0.300086 0.300097 0.300141 0.300086 0.300142 0.300084 0.300117 0.300101 0.300150 0.300108 0.300130 0.300110 0.300107 0.300131 0.300169 0.300161 0.299767 0.300000 0.299984 0.300052 0.300172 0.300000 0.300007 0.300318 0.300001 0.300078 0.300108 0.300171 0.300113 0.300094 0.300103 0.300103 0.300032 0.300039 0.300088 0.300079 0.000000 0.000000 0.000000 0.000000 0.000000 0.000000 0.000000 0.000000 0.000000 0.000000 0.000000 0.000000 0.000000
0.000000 0.000000 0.000000 0.000000 0.000000 0.000000 0.000000 0.000000 0.000000 0.300160 0.299895 0.300083 0.300183 0.300086 0.300070 0.300127 0.300101 0.300081 0.300195 0.300136 0.300135 0.300065 0.300091 0.300145 0.300179 0.300131 0.300119 0.300016 0.300172 0.300086 0.300178 0.300159 0.300000 0.300031 0.300000 0.299858 0.300013 0.300110 0.300079 0.300143 0.300098 0.299733 0.300129 0.300010 0.300095 0.300025 0.300039 0.299753 0.300106 0.300215 0.000000 0.000000 0.000000 0.000000 0.000000 0.000000 0.000000 0.000000 0.000000 0.000000 0.000000 0.000000 0.000000
0.000000 0.000000 0.000000 0.000000 0.000000 0.000000 0.000000 0.000000 0.300084 0.300090 0.300129 0.300239 0.300075 0.300145 0.300093 0.300138 0.300103 0.300075 0.299990 0.300146 0.300098 0.300101 0.300129 0.300095 0.300030 0.300155 0.300067 0.300065 0.300158 0.300141 0.300137 0.300096 0.300000 0.300000 0.300000 0.300000 0.300000 0.300000 0.300000 0.300000 0.300000 0.300000 0.299134 0.299787 0.299492 0.299670 0.300090 0.300120 0.300156 0.000000 0.000000 0.000000 0.000000 0.000000 0.000000 0.000000 0.000000 0.000000 0.000000 0.000000 0.000000 0.000000 0.000000
0.000000 0.000000 0.000000 0.000000 0.000000 0.000000 0.000000 0.300149 0.300144 0.300112 0.300108 0.299955 0.300067 0.300122 0.300171 0.300140 0.299926 0.299534 0.299477 0.300084 0.299990 0.300145 0.300147 0.300138 0.300099 0.300086 0.300076 0.300114 0.300075 0.300122 0.300028 0.300095 0.299802 0.300000 0.299826 0.300012 0.300141 0.300144 0.300072 0.299933 0.300197 0.299851 0.298741 0.299631 0.300130 0.300039 0.300043 0.300040 0.300158 0.000000 0.000000 0.000000 0.000000 0.000000 0.000000 0.000000 0.000000 0.000000 0.000000 0.000000 0.000000 0.000000 0.000000
0.000000 0.000000 0.000000 0.000000 0.000000 0.000000 0.000000 0.300115 0.300103 0.300148 0.300067 0.300174 0.300005 0.300104 0.300152 0.300063 0.300132 0.300105 0.300159 0.299686 0.300113 0.300097 0.300115 0.300069 0.300149 0.300107 0.300137 0.300031 0.300165 0.300129 0.300131 0.300102 0.300000 0.300034 0.300233 0.299673 0.300276 0.300249 0.300198 0.300272 0.300064 0.300199 0.299937 0.299073 0.299913 0.300129 0.300171 0.300062 0.300164 0.000000 0.000000 0.000000 0.000000 0.000000 0.000000 0.000000 0.000000 0.000000 0.000000 0.000000 0.000000 0.000000 0.000000
0.000000 0.000000 0.000000 0.000000 0.000000 0.000000 0.000000 0.300048 0.300092 0.300099 0.300025 0.300137 0.299946 0.300027 0.300126 0.300180 0.300013 0.300119 0.300116 0.300106 0.300246 0.300045 0.299889 0.300164 0.300104 0.300095 0.300114 0.300055 0.300190 0.300146 0.300090 0.300120 0.300000 0.299949 0.300208 0.300318 0.299887 0.300029 0.299926 0.300001 0.300109 0.300110 0.300079 0.299518 0.300101 0.299938 0.300131 0.300122 0.300099 0.000000 0.000000 0.000000 0.000000 0.000000 0.000000 0.000000 0.000000 0.000000 0.000000 0.000000 0.000000 0.000000 0.000000
0.000000 0.000000 0.000000 0.000000 0.000000 0.000000 0.000000 0.300130 0.300067 0.300177 0.299896 0.300132 0.300180 0.300090 0.300117 0.300073 0.300151 0.300145 0.300134 0.300093 0.300139 0.300533 0.300166 0.300099 0.300117 0.300155 0.300100 0.300064 0.300120 0.300110 0.300189 0.300093 0.300000 0.299860 0.300310 0.300245 0.300022 0.300233 0.300107 0.300100 0.300168 0.300188 0.300010 0.299841 0.300181 0.300161 0.300202 0.300207 0.300051 0.000000 0.000000 0.000000 0.000000 0.000000 0.000000 0.000000 0.000000 0.000000 0.000000 0.000000 0.000000 0.000000 0.000000
0.000000 0.000000 0.000000 0.000000 0.000000 0.000000 0.000000 0.300159 0.299908 0.300099 0.300151 0.299662 0.299954 0.300079 0.300129 0.300163 0.300133 0.300073 0.300072 0.300183 0.299908 0.300173 0.299921 0.300153 0.300070 0.300128 0.300120 0.300120 0.300118 0.300120 0.299886 0.300000 0.300162 0.300318 0.299805 0.300052 0.299996 0.300098 0.300024 0.300058 0.300075 0.300029 0.300132 0.298986 0.300120 0.300183 0.300001 0.300055 0.000000 0.000000 0.000000 0.000000 0.000000 0.000000 0.000000 0.000000 0.000000 0.000000 0.000000 0.000000 0.000000 0.000000 0.000000
0.000000 0.000000 0.000000 0.000000 0.000000 0.000000 0.000000 0.300105 0.299915 0.300120 0.300138 0.300150 0.298865 0.300118 0.300033 0.300088 0.300183 0.300153 0.300135 0.300103 0.300116 0.299349 0.300119 0.300141 0.300069 0.299892 0.300091 0.300104 0.300106 0.300126 0.300000 0.299981 0.300295 0.300266 0.299975 0.300281 0.300122 0.300172 0.300083 0.300070 0.300177 0.300115 0.299263 0.299818 0.300156 0.300237 0.300001 0.300000 0.000000 0.000000 0.000000 0.000000 0.000000 0.000000 0.000000 0.000000 0.000000 0.000000 0.000000 0.000000 0.000000 0.000000 0.000000
0.000000 0.000000 0.000000 0.000000 0.000000 0.000000 0.000000 0.300129 0.300055 0.300052 0.300169 0.300112 0.299606 0.300129 0.300139 0.300151 0.300118 0.299983 0.300076 0.300109 0.300077 0.299877 0.300147 0.300137 0.300079 0.300115 0.300176 0.300132 0.299662 0.300056 0.300000 0.300307 0.300001 0.300104 0.299947 0.300127 0.300000 0.300001 0.300001 0.300001 0.300180 0.300141 0.299941 0.299837 0.300131 0.300180 0.300001 0.000000 0.000000 0.000000 0.000000 0.000000 0.000000 0.000000 0.000000 0.000000 0.000000 0.000000 0.000000 0.000000 0.000000 0.000000 0.000000
0.000000 0.000000 0.000000 0.000000 0.000000 0.000000 0.000000 0.300172 0.300121 0.300049 0.299412 0.299620 0.299907 0.300000 0.300000 0.300000 0.299597 0.300059 0.300001 0.300008 0.300154 0.299005 0.300124 0.300113 0.300123 0.299831 0.300106 0.299907 0.300169 0.300000 0.299966 0.300197 0.300066 0.300317 0.300001 0.300156 0.300001 0.300001 0.300015 0.300099 0.300080 0.300139 0.299840 0.299861 0.300137 0.300136 0.300105 0.000000 0.000000 0.000000 0.000000 0.000000 0.000000 0.000000 0.000000 0.000000 0.000000 0.000000 0.000000 0.000000 0.000000 0.000000 0.000000
0.000000 0.000000 0.000000 0.000000 0.000000 0.000000 0.000000 0.000000 0.300149 0.300179 0.300162 0.300117 0.298913 0.300086 0.300123 0.300001 0.300000 0.300000 0.300297 0.300252 0.300111 0.300400 0.300100 0.300155 0.300116 0.300194 0.300291 0.300120 0.299751 0.300000 0.300086 0.300234 0.299917 0.300150 0.300055 0.300192 0.300001 0.300010 0.300134 0.300137 0.300173 0.300121 0.300073 0.300067 0.300116 0.300149 0.000000 0.000000 0.000000 0.000000 0.000000 0.000000 0.000000 0.000000 0.000000 0.000000 0.000000 0.000000 0.000000 0.000000 0.000000 0.000000 0.000000
0.000000 0.000000 0.000000 0.000000 0.000000 0.000000 0.000000 0.000000 0.299964 0.300146 0.300144 0.300147 0.300017 0.300217 0.300116 0.300032 0.300230 0.300064 0.300000 0.300093 0.300112 0.299972 0.300102 0.300100 0.300108 0.300119 0.300092 0.300257 0.299439 0.300000 0.300124 0.300293 0.299916 0.300162 0.300001 0.300154 0.300013 0.300059 0.300127 0.300118 0.300157 0.299958 0.300101 0.300042 0.300098 0.300139 0.000000 0.000000 0.000000 0.000000 0.000000 0.000000 0.000000 0.000000 0.000000 0.000000 0.000000 0.000000 0.000000 0.000000 0.000000 0.000000 0.000000
0.000000 0.000000 0.000000 0.000000 0.000000 0.000000 0.000000 0.000000 0.300088 0.300119 0.300115 0.300093 0.299519 0.300063 0.300131 0.300159 0.300087 0.300207 0.300082 0.300000 0.300000 0.300094 0.299937 0.300025 0.300051 0.300168 0.300118 0.300113 0.300000 0.299813 0.300112 0.300132 0.300170 0.300323 0.300007 0.300111 0.300167 0.300167 0.300062 0.300194 0.300134 0.300084 0.300123 0.300003 0.300165 0.300063 0.000000 0.000000 0.000000 0.000000 0.000000 0.000000 0.000000 0.000000 0.000000 0.000000 0.000000 0.000000 0.000000 0.000000 0.000000 0.000000 0.000000
0.000000 0.000000 0.000000 0.000000 0.000000 0.000000 0.000000 0.000000 0.300075 0.300098 0.300169 0.300039 0.299995 0.300123 0.300078 0.300073 0.299977 0.300209 0.300076 0.299970 0.299753 0.300000 0.299878 0.300093 0.299837 0.300130 0.300084 0.300101 0.300000 0.300437 0.299919 0.300867 0.299564 0.300238 0.298957 0.300190 0.299706 0.299921 0.300091 0.300015 0.300210 0.300095 0.300181 0.300117 0.300088 0.000000 0.000000 0.000000 0.000000 0.000000 0.000000 0.000000 0.000000 0.000000 0.000000 0.000000 0.000000 0.000000 0.000000 0.000000 0.000000 0.000000 0.000000
