geotop/1.0zi/1.0Montebello/Templates/Dripsey/maps/_Eocsand0155.asc
ncols         69
nrows         152
xllcorner     146499.907223
yllcorner     75332.943423
cellsize      50.000000
NODATA_value  -9999.0
[rows 28 to 55 of 152, columns 0 to 62 of 69]
0.000000 0.000000 0.000000 0.000000 0.000000 0.000000 0.000000 0.000000 0.000000 0.000000 0.000000 0.000000 0.300152 0.300233 0.300153 0.300197 0.299992 0.300343 0.299926 0.299997 0.299770 0.300199 0.300156 0.300036 0.299366 0.300000 0.300232 0.300297 0.300168 0.300181 0.300060 0.300059 0.300065 0.300147 0.300175 0.300234 0.300145 0.300133 0.300235 0.300160 0.300132 0.299973 0.300175 0.300139 0.299198 0.300271 0.300186 0.299075 0.300035 0.300023 0.300099 0.300298 0.299636 0.299750 0.300144 0.300139 0.300180 0.299933 0.300159 0.300172 0.300229 0.000000 0.000000
0.000000 0.000000 0.000000 0.000000 0.000000 0.000000 0.000000 0.000000 0.000000 0.000000 0.000000 0.000000 0.300146 0.300202 0.300152 0.300170 0.300155 0.300111 0.299687 0.300222 0.300164 0.300638 0.300050 0.298563 0.300000 0.300048 0.300256 0.300391 0.300128 0.300137 0.300211 0.300117 0.300190 0.300279 0.300152 0.300112 0.300149 0.300205 0.300155 0.300242 0.300179 0.300092 0.300092 0.300141 0.300107 0.300035 0.300132 0.300195 0.300053 0.300149 0.300047 0.300180 0.300232 0.300004 0.300201 0.300169 0.300196 0.300067 0.300167 0.300164 0.300133 0.000000 0.000000
0.000000 0.000000 0.000000 0.000000 0.000000 0.000000 0.000000 0.000000 0.000000 0.000000 0.000000 0.000000 0.300093 0.300249 0.300220 0.300233 0.299742 0.299995 0.299961 0.300077 0.300210 0.299417 0.300000 0.300000 0.300035 0.300240 0.300086 0.300198 0.300001 0.300053 0.300001 0.300001 0.300068 0.300134 0.300242 0.300000 0.300209 0.300132 0.300205 0.300125 0.300169 0.300153 0.299801 0.300108 0.300072 0.300118 0.300029 0.300185 0.298180 0.300020 0.300258 0.300251 0.300046 0.298832 0.300203 0.298862 0.299989 0.300079 0.300233 0.300155 0.300219 0.300207 0.000000
0.000000 0.000000 0.000000 0.000000 0.000000 0.000000 0.000000 0.000000 0.000000 0.000000 0.000000 0.300125 0.300150 0.300182 0.300126 0.300216 0.300129 0.299688 0.300100 0.300233 0.300097 0.300000 0.300155 0.300262 0.300071 0.300154 0.300203 0.300206 0.300053 0.300104 0.300035 0.300021 0.300073 0.300143 0.300243 0.300184 0.300178 0.300185 0.300184 0.300144 0.300079 0.300208 0.300279 0.300193 0.300258 0.300189 0.300245 0.299495 0.300344 0.298203 0.300200 0.300200 0.298912 0.300184 0.299515 0.300079 0.300196 0.300256 0.300109 0.300180 0.300166 0.300032 0.300167
0.000000 0.000000 0.000000 0.000000 0.000000 0.000000 0.000000 0.000000 0.000000 0.000000 0.000000 0.300308 0.299995 0.300168 0.300246 0.300158 0.300119 0.300152 0.299496 0.300276 0.300106 0.300000 0.300017 0.300138 0.300119 0.300122 0.300102 0.300195 0.300123 0.300257 0.300280 0.300216 0.300188 0.300202 0.300191 0.300173 0.300184 0.300173 0.300192 0.300167 0.300097 0.300173 0.300202 0.300185 0.299952 0.300104 0.300165 0.300159 0.300529 0.300189 0.299994 0.300142 0.299697 0.300471 0.298836 0.300078 0.300258 0.300056 0.300289 0.300066 0.300194 0.300130 0.300178
0.000000 0.000000 0.000000 0.000000 0.000000 0.000000 0.000000 0.000000 0.000000 0.000000 0.300080 0.299949 0.300222 0.300104 0.300243 0.300109 0.300109 0.300072 0.300240 0.299544 0.300136 0.300000 0.300292 0.300299 0.300021 0.300196 0.300138 0.300251 0.300124 0.300167 0.300181 0.300181 0.300208 0.300149 0.300230 0.300178 0.300149 0.300108 0.300135 0.300172 0.300267 0.300011 0.300185 0.300185 0.299833 0.300168 0.300137 0.300237 0.300108 0.299799 0.300229 0.300527 0.298270 0.300402 0.299394 0.300102 0.300227 0.300043 0.300269 0.300133 0.300078 0.300156 0.300180
0.000000 0.000000 0.000000 0.000000 0.000000 0.000000 0.000000 0.000000 0.000000 0.300255 0.299710 0.300143 0.300147 0.300152 0.300129 0.300277 0.300139 0.300160 0.300259 0.300169 0.300171 0.300000 0.300023 0.300274 0.300096 0.300250 0.300165 0.300189 0.300192 0.300177 0.300102 0.300089 0.300159 0.300139 0.300163 0.300206 0.300143 0.300141 0.300150 0.300165 0.300214 0.300191 0.299915 0.298870 0.298677 0.300259 0.300290 0.300108 0.300276 0.300014 0.300385 0.300488 0.300000 0.300015 0.300304 0.300191 0.300260 0.300216 0.300157 0.300214 0.300174 0.300131 0.300199
0.000000 0.000000 0.000000 0.000000 0.000000 0.000000 0.000000 0.000000 0.300153 0.300737 0.300028 0.300036 0.300030 0.300117 0.300096 0.300076 0.300182 0.300106 0.300219 0.300146 0.300269 0.300000 0.300292 0.300298 0.300118 0.300187 0.300205 0.300153 0.300191 0.300227 0.300153 0.300168 0.300142 0.300156 0.300159 0.300211 0.300160 0.300120 0.300138 0.300123 0.300272 0.300137 0.300194 0.300199 0.300120 0.299585 0.300066 0.300129 0.300227 0.300179 0.299454 0.300000 0.299599 0.300466 0.299736 0.300146 0.299895 0.300150 0.300259 0.300054 0.300155 0.300176 0.300211
0.000000 0.000000 0.000000 0.000000 0.000000 0.000000 0.000000 0.300241 0.300151 0.300298 0.300287 0.300270 0.300312 0.300120 0.300126 0.300221 0.300296 0.300280 0.299877 0.300173 0.300153 0.300000 0.300204 0.300162 0.300181 0.298392 0.299628 0.299666 0.300120 0.299968 0.300222 0.300260 0.300031 0.300097 0.300120 0.300129 0.300093 0.300254 0.300123 0.300215 0.299974 0.300105 0.300036 0.299931 0.299517 0.300224 0.299929 0.299899 0.300203 0.300158 0.299310 0.300000 0.300102 0.300233 0.300103 0.300196 0.300249 0.300231 0.300053 0.300176 0.300080 0.300123 0.300184
0.000000 0.000000 0.000000 0.000000 0.000000 0.000000 0.300212 0.300101 0.299900 0.298440 0.300311 0.300192 0.299971 0.300064 0.300023 0.300122 0.300219 0.300154 0.300202 0.299718 0.300141 0.300000 0.300145 0.300184 0.299607 0.300339 0.300143 0.300250 0.300235 0.300269 0.300123 0.300111 0.300229 0.300158 0.300164 0.300249 0.300198 0.300127 0.300128 0.300197 0.300118 0.300230 0.300026 0.300192 0.300289 0.300260 0.298246 0.299739 0.299967 0.300414 0.300000 0.299652 0.299861 0.300089 0.300134 0.300135 0.300149 0.300266 0.300059 0.300166 0.300209 0.300240 0.300119
0.000000 0.000000 0.000000 0.000000 0.000000 0.300210 0.300097 0.300281 0.299986 0.298012 0.299697 0.298319 0.300414 0.300372 0.300119 0.300089 0.300215 0.300271 0.300117 0.300279 0.300283 0.300000 0.300167 0.300233 0.298615 0.299935 0.300073 0.300108 0.300142 0.299906 0.300203 0.300233 0.300158 0.300059 0.300077 0.300122 0.300048 0.300263 0.300093 0.300123 0.300257 0.300079 0.300272 0.300155 0.299972 0.300089 0.299876 0.299955 0.300084 0.300000 0.300021 0.300183 0.300305 0.300339 0.299609 0.300175 0.300140 0.300238 0.300196 0.299891 0.300037 0.299934 0.300181
0.000000 0.000000 0.000000 0.000000 0.000000 0.300029 0.300200 0.300186 0.300172 0.300319 0.299766 0.299558 0.298119 0.300026 0.300195 0.300122 0.300274 0.300137 0.300050 0.300126 0.300109 0.300000 0.299815 0.299223 0.300270 0.300277 0.300116 0.300190 0.300245 0.300243 0.300109 0.300222 0.300143 0.300158 0.300176 0.300256 0.300204 0.300150 0.300150 0.300207 0.300160 0.300055 0.300274 0.300226 0.300285 0.300175 0.300054 0.300160 0.300000 0.300135 0.300181 0.299788 0.300071 0.300262 0.300120 0.300125 0.300118 0.300315 0.299902 0.300197 0.300129 0.300222 0.300119
0.000000 0.000000 0.000000 0.000000 0.300194 0.300083 0.300218 0.300087 0.300222 0.300101 0.300205 0.300158 0.299957 0.300000 0.300288 0.300156 0.299643 0.300181 0.300245 0.300249 0.299952 0.300000 0.298476 0.300183 0.300257 0.300219 0.300150 0.300144 0.300192 0.300102 0.300219 0.300143 0.300097 0.299955 0.299944 0.300125 0.300123 0.300251 0.300090 0.300151 0.300113 0.300231 0.300003 0.300110 0.299905 0.300272 0.299979 0.299962 0.300000 0.300356 0.300002 0.300162 0.300214 0.300267 0.300030 0.300071 0.300202 0.300457 0.300197 0.300240 0.300066 0.300130 0.300149
0.000000 0.000000 0.000000 0.300155 0.300163 0.300062 0.300211 0.300217 0.300293 0.300095 0.300294 0.300214 0.300152 0.300142 0.300000 0.300000 0.300243 0.300072 0.300128 0.300157 0.300018 0.300000 0.300230 0.300228 0.300079 0.300263 0.300032 0.300209 0.300114 0.300127 0.300186 0.300136 0.300149 0.300215 0.300269 0.300192 0.300030 0.300213 0.300141 0.300223 0.300153 0.300151 0.300304 0.300253 0.300135 0.300159 0.300194 0.300213 0.300000 0.300411 0.300001 0.300063 0.300185 0.300237 0.300052 0.300104 0.300096 0.300125 0.300182 0.300186 0.300103 0.300256 0.300219
0.000000 0.000000 0.300253 0.300109 0.300258 0.300188 0.300086 0.300045 0.300286 0.300138 0.300215 0.300174 0.300284 0.299725 0.300094 0.300179 0.300000 0.300325 0.300030 0.300238 0.299972 0.300000 0.300268 0.300345 0.299988 0.300242 0.300079 0.300118 0.300125 0.300162 0.300229 0.300103 0.300079 0.300249 0.299884 0.300273 0.299694 0.300183 0.300166 0.300150 0.300070 0.300214 0.299552 0.300224 0.300074 0.300213 0.300149 0.300034 0.300000 0.300198 0.300070 0.300291 0.300153 0.300321 0.300123 0.300196 0.300264 0.299090 0.300159 0.300123 0.300310 0.299822 0.300202
0.000000 0.000000 0.300179 0.300212 0.300109 0.300212 0.300159 0.300133 0.300327 0.300201 0.300095 0.300273 0.299948 0.300229 0.300138 0.300087 0.300000 0.300082 0.300182 0.300132 0.300000 0.300092 0.300253 0.300324 0.299994 0.300284 0.300108 0.300137 0.300169 0.300143 0.300194 0.300153 0.300146 0.300204 0.299927 0.300168 0.300195 0.300163 0.300141 0.300128 0.300140 0.300129 0.300268 0.300028 0.300245 0.300250 0.300006 0.300292 0.300122 0.300000 0.300205 0.300219 0.300080 0.300144 0.300055 0.300202 0.299440 0.300171 0.300093 0.300185 0.299931 0.300192 0.300191
0.000000 0.000000 0.300111 0.300221 0.300187 0.300145 0.300144 0.300196 0.300111 0.300200 0.299972 0.300167 0.300231 0.300148 0.300163 0.300206 0.300052 0.300000 0.299901 0.300000 0.300179 0.300289 0.300062 0.300174 0.300140 0.300105 0.300136 0.300165 0.300147 0.300204 0.300124 0.300094 0.299935 0.300223 0.300154 0.300112 0.299395 0.300294 0.300235 0.300173 0.300138 0.300107 0.300031 0.300139 0.300088 0.300206 0.300168 0.299974 0.299798 0.300000 0.299212 0.300171 0.300029 0.300215 0.300345 0.299936 0.300143 0.300182 0.300182 0.300262 0.300164 0.300092 0.300169
0.000000 0.000000 0.300131 0.300186 0.300183 0.300169 0.300140 0.300260 0.300097 0.300223 0.300000 0.300296 0.300072 0.300218 0.299979 0.300280 0.300054 0.299689 0.300000 0.300368 0.300041 0.300162 0.300078 0.300150 0.299992 0.300139 0.300179 0.300144 0.300085 0.300180 0.300180 0.300198 0.300147 0.300161 0.300180 0.300127 0.300088 0.299653 0.300175 0.300154 0.300152 0.300165 0.300119 0.300154 0.300175 0.300481 0.299936 0.300204 0.299633 0.300000 0.299854 0.300406 0.300036 0.300189 0.299496 0.300155 0.300117 0.300169 0.299852 0.300182 0.300202 0.300091 0.300041
0.000000 0.000000 0.300129 0.300162 0.300191 0.300172 0.300133 0.300162 0.300073 0.300225 0.299997 0.299836 0.300234 0.299786 0.300422 0.300102 0.300113 0.299952 0.300000 0.300049 0.300138 0.300284 0.300184 0.300202 0.300025 0.300152 0.300163 0.300189 0.300293 0.300003 0.300299 0.299732 0.300160 0.300157 0.300088 0.300246 0.300112 0.300067 0.300450 0.300153 0.300120 0.300154 0.300103 0.300120 0.299917 0.300222 0.300244 0.300266 0.300125 0.299955 0.300000 0.299733 0.300207 0.300582 0.300102 0.300136 0.298269 0.299859 0.300306 0.299370 0.300334 0.299221 0.300133
0.000000 0.000000 0.300149 0.300152 0.300176 0.300148 0.300021 0.300123 0.300291 0.300186 0.300071 0.300166 0.300313 0.300234 0.300120 0.300195 0.300152 0.300285 0.299784 0.300000 0.300115 0.300215 0.299659 0.300061 0.299881 0.300136 0.300168 0.300202 0.300191 0.300167 0.299942 0.300140 0.300217 0.300203 0.300201 0.300121 0.300136 0.300169 0.300071 0.299671 0.300177 0.300216 0.300180 0.300192 0.299730 0.300210 0.300174 0.300062 0.300268 0.300182 0.300000 0.299546 0.299249 0.299464 0.300371 0.300275 0.299563 0.299810 0.300576 0.299381 0.300490 0.300155 0.300236
0.000000 0.000000 0.300197 0.300176 0.300158 0.300143 0.300096 0.300218 0.300086 0.300213 0.299981 0.300307 0.300140 0.300121 0.300072 0.300174 0.300066 0.300084 0.300094 0.300000 0.300201 0.300503 0.299869 0.300274 0.300030 0.300210 0.300146 0.299884 0.300177 0.300213 0.300139 0.300271 0.300108 0.300261 0.299948 0.300269 0.300075 0.300136 0.300087 0.299860 0.300212 0.300170 0.300086 0.300106 0.299366 0.300219 0.300158 0.300267 0.300135 0.300000 0.300000 0.300000 0.300000 0.300000 0.300000 0.300000 0.297492 0.299895 0.299949 0.300043 0.300119 0.300134 0.300190
0.000000 0.000000 0.300174 0.300167 0.300172 0.300156 0.300121 0.300229 0.300098 0.300230 0.299974 0.300335 0.300142 0.300082 0.300170 0.300153 0.300013 0.300140 0.300163 0.300000 0.300273 0.300442 0.299787 0.300077 0.299984 0.300242 0.299608 0.300230 0.299399 0.300175 0.300127 0.300126 0.300186 0.300180 0.300215 0.300154 0.300196 0.300155 0.300149 0.300223 0.300042 0.299709 0.300108 0.300144 0.299283 0.300100 0.300156 0.300233 0.299881 0.300000 0.299576 0.299876 0.300210 0.300085 0.300362 0.300169 0.300347 0.297488 0.299101 0.300118 0.300173 0.300300 0.300135
0.000000 0.000000 0.300196 0.300183 0.300177 0.300179 0.300141 0.300264 0.300114 0.300291 0.299971 0.300352 0.300170 0.300023 0.300269 0.300153 0.299975 0.300268 0.300016 0.299231 0.300000 0.300507 0.300151 0.300272 0.300230 0.300483 0.300162 0.300231 0.300189 0.300149 0.300148 0.300266 0.300167 0.300250 0.299947 0.300286 0.299743 0.300235 0.300087 0.300187 0.300097 0.300123 0.300635 0.300064 0.298207 0.300249 0.299867 0.299847 0.300000 0.300008 0.300133 0.300121 0.299847 0.300148 0.300115 0.300124 0.300112 0.300192 0.300150 0.299608 0.299699 0.299828 0.299991
0.000000 0.000000 0.300170 0.300165 0.300166 0.300149 0.300132 0.300203 0.300094 0.300258 0.300045 0.300267 0.300202 0.300090 0.300202 0.300168 0.299951 0.300296 0.299624 0.301094 0.299251 0.300000 0.300273 0.300186 0.299792 0.300167 0.299816 0.300137 0.300144 0.300178 0.300153 0.300198 0.300124 0.300238 0.300196 0.300147 0.300153 0.300253 0.300148 0.300170 0.300124 0.300148 0.300240 0.299764 0.300102 0.300815 0.299395 0.300000 0.300133 0.299521 0.300205 0.300083 0.300173 0.300358 0.300190 0.300323 0.300248 0.300096 0.300238 0.300319 0.299447 0.300061 0.300193
0.000000 0.000000 0.300213 0.300176 0.300129 0.300155 0.300140 0.300223 0.300088 0.300247 0.299943 0.300320 0.300144 0.300096 0.300139 0.300186 0.299947 0.299073 0.299268 0.300254 0.300214 0.300000 0.300161 0.300384 0.300046 0.298847 0.300318 0.299653 0.300228 0.300171 0.300155 0.300245 0.300051 0.300163 0.300135 0.300233 0.300074 0.300135 0.300037 0.300212 0.299888 0.299816 0.299127 0.297767 0.300544 0.298898 0.300000 0.299798 0.300141 0.300091 0.300179 0.300158 0.300155 0.300235 0.299856 0.300160 0.300102 0.300214 0.300022 0.300143 0.300129 0.300132 0.300205
0.000000 0.000000 0.300167 0.300247 0.300157 0.300160 0.300147 0.300229 0.300125 0.300273 0.299868 0.300187 0.300269 0.300217 0.300167 0.300220 0.299179 0.301046 0.300212 0.299053 0.300598 0.300000 0.300494 0.300166 0.299723 0.300338 0.299563 0.300081 0.300213 0.300142 0.300108 0.300209 0.300177 0.300138 0.300172 0.300215 0.300189 0.300172 0.300106 0.300355 0.300003 0.300189 0.299885 0.300239 0.301353 0.300000 0.299920 0.300147 0.300187 0.300107 0.300215 0.300401 0.300249 0.300355 0.300398 0.299947 0.300305 0.300223 0.300162 0.300290 0.300026 0.300195 0.000000
0.000000 0.000000 0.300192 0.300191 0.300128 0.300163 0.300133 0.300264 0.300124 0.300281 0.299988 0.299939 0.300119 0.299979 0.299348 0.300173 0.299976 0.300133 0.300254 0.300142 0.300031 0.300012 0.300000 0.302005 0.300249 0.298654 0.299881 0.300159 0.300198 0.300143 0.300261 0.300033 0.300153 0.300118 0.300101 0.300130 0.300142 0.300243 0.299989 0.300200 0.300075 0.300134 0.300114 0.300563 0.300000 0.300231 0.300162 0.300363 0.300046 0.300306 0.300193 0.300331 0.299882 0.300268 0.300291 0.300069 0.300076 0.300051 0.300201 0.300203 0.299506 0.300196 0.000000
0.000000 0.000000 0.300179 0.300169 0.300061 0.300217 0.300171 0.300066 0.300312 0.300191 0.300179 0.300044 0.300047 0.299736 0.299450 0.298617 0.300110 0.300044 0.300285 0.300139 0.300250 0.300084 0.300000 0.299892 0.301261 0.300359 0.300002 0.300066 0.300170 0.300137 0.300160 0.300201 0.300224 0.300153 0.300182 0.300245 0.300056 0.300234 0.300182 0.300133 0.300235 0.300180 0.300201 0.300195 0.300000 0.299769 0.300117 0.300135 0.300238 0.300094 0.300402 0.300643 0.300142 0.300365 0.300143 0.300290 0.300162 0.300121 0.300281 0.300323 0.300290 0.000000 0.000000
