geotop/1.0zi/1.0Montebello/Templates/Dripsey/maps/_Erotot0337.asc
ncols         69
nrows         152
xllcorner     146499.907223
yllcorner     75332.943423
cellsize      50.000000
NODATA_value  -9999.0
[rows 26 to 51 of 152, columns 0 to 59 of 69]
0.000000 0.000000 0.000000 0.000000 0.000000 0.000000 0.000000 0.000000 0.000000 0.000000 0.000000 0.000000 106.036571 278.419381 318.873607 297.894560 84.661961 238.832641 212.664108 334.551224 -191.918231 306.822739 -352.197589 205.071203 -635.587092 317.762418 -1245.321623 -301.302781 0.000000 0.000000 0.000000 0.000000 -57.246832 -355.182015 160.308774 82.163482 238.859252 45.129712 58.622385 -38.053239 219.561320 206.552971 94.193305 76.340795 71.309929 38.835055 152.850495 19.195440 200.070309 132.104391 112.727193 255.969896 203.615636 227.311703 120.574271 94.505986 179.795033 144.135579 199.715136 0.000000
0.000000 0.000000 0.000000 0.000000 0.000000 0.000000 0.000000 0.000000 0.000000 0.000000 0.000000 0.000000 243.244854 103.739784 157.443984 248.312953 270.694700 591.651646 286.715339 275.290428 852.836339 201.553263 222.842122 192.021376 418.533916 179.160850 0.000000 0.000000 70.484860 273.647108 336.173058 407.550656 254.660437 120.376540 81.685461 -76.685093 54.016599 133.616675 148.538260 250.904648 225.823766 232.271858 168.289310 331.276462 46.032088 240.005965 249.091779 297.865464 309.493740 240.207876 187.369702 218.153629 131.350923 58.440296 180.830903 180.330975 180.254616 280.372189 111.866731 235.195258
0.000000 0.000000 0.000000 0.000000 0.000000 0.000000 0.000000 0.000000 0.000000 0.000000 0.000000 0.000000 153.882179 238.069212 169.985753 269.580586 101.483441 355.297261 -511.748496 -36.136113 -1467.560924 198.974487 155.988097 -207.666409 -1403.154511 0.000000 235.078431 325.123606 160.349762 153.630546 40.813641 44.783509 60.761644 137.740285 176.304798 260.566504 143.708713 134.835327 239.585404 158.509413 133.781488 -29.130563 173.695343 136.822598 -721.903698 278.233790 185.302900 -758.351552 -50.236931 -39.715947 87.914647 304.001149 -502.408951 -298.059926 144.122856 128.861314 185.763818 -38.852918 159.003613 174.424286
0.000000 0.000000 0.000000 0.000000 0.000000 0.000000 0.000000 0.000000 0.000000 0.000000 0.000000 0.000000 142.542210 209.046957 157.776826 297.252272 235.891312 183.815740 -58.404385 227.311370 242.163395 947.731442 78.961964 -289.675968 0.000000 51.152818 275.271689 388.222973 106.013743 95.440926 146.684219 74.403469 151.377396 283.230357 152.634514 105.492484 148.989955 207.896176 153.003707 247.308078 182.785836 90.536536 87.679010 142.215443 103.573254 208.694362 130.554237 214.698679 55.450012 268.248810 43.283129 183.021873 528.468461 344.275866 269.676036 169.728127 348.035559 83.560078 180.802366 165.324451
0.000000 0.000000 0.000000 0.000000 0.000000 0.000000 0.000000 0.000000 0.000000 0.000000 0.000000 0.000000 90.075670 253.056192 221.617229 235.139879 -364.027903 -167.206677 -230.155918 159.120981 211.504664 -1319.761189 0.000000 0.000000 34.627141 228.757443 104.331155 162.680011 3.690035 29.239510 3.500555 4.936353 41.836868 114.033415 251.200831 -6.220034 212.288563 134.498123 208.424080 128.825710 171.930310 152.010516 -207.417603 111.281479 64.502882 117.706988 342.041756 188.448884 -933.293137 -67.327758 260.429861 257.259052 -116.778971 -455.585297 245.305361 -737.550322 322.829870 -2.841155 371.357382 162.920783
0.000000 0.000000 0.000000 0.000000 0.000000 0.000000 0.000000 0.000000 0.000000 0.000000 0.000000 126.051105 157.702298 191.661118 123.388650 223.564737 121.197900 -174.772361 98.572624 372.026864 34.017048 0.000000 162.504933 257.074353 64.328723 149.164501 195.650121 185.493850 33.571469 72.811694 19.832425 12.613727 54.802844 127.996517 244.960466 186.843344 177.888316 188.763182 182.631059 143.387938 90.180809 214.310313 286.866525 293.057567 254.056780 211.621256 335.425856 1272.504988 353.896207 527.389734 208.179386 207.167604 763.750205 233.039826 1051.720699 100.614148 213.434882 256.886206 114.153124 186.546339
0.000000 0.000000 0.000000 0.000000 0.000000 0.000000 0.000000 0.000000 0.000000 0.000000 0.000000 312.991689 19.839361 165.583482 251.061732 156.243375 115.740438 151.287733 -243.138944 479.723826 81.936011 0.000000 63.658921 134.976591 151.779764 119.588204 98.719631 197.771420 112.272526 246.398960 264.813239 198.850030 170.604422 197.173626 191.555942 175.197908 185.004821 179.268816 187.781953 168.315033 102.547535 217.103448 204.609125 189.843685 123.673285 109.085487 228.510187 243.114308 -642.656500 189.975480 -1236.936529 129.925870 -1485.380520 -464.374150 673.919186 -105.661345 542.534430 -52.750144 453.317702 65.424539
0.000000 0.000000 0.000000 0.000000 0.000000 0.000000 0.000000 0.000000 0.000000 0.000000 74.757429 241.134974 220.797102 105.936418 247.730550 107.417337 111.817326 71.090885 241.284816 1217.803554 190.463381 0.000000 302.639915 301.572956 18.266177 187.517122 140.259104 249.832440 118.432105 171.803958 194.653041 187.781446 210.808787 150.374384 234.291990 181.514218 147.858903 111.304200 139.149764 178.851696 271.029742 238.873946 226.004453 237.250991 675.157683 175.437536 141.739599 233.798947 150.435002 608.832612 230.460331 134.594062 -241.182588 -189.910593 620.610348 53.817915 501.041555 -103.475494 456.197183 138.206564
0.000000 0.000000 0.000000 0.000000 0.000000 0.000000 0.000000 0.000000 0.000000 268.647934 738.127416 139.235648 138.187941 143.361169 128.285538 276.809751 140.645067 156.147656 263.731928 172.113150 -971.928811 0.000000 20.313477 284.618937 97.263054 251.561961 174.428026 210.497066 222.298255 186.606667 107.604409 88.850848 162.006218 144.084955 165.810410 209.007692 142.258788 141.897913 149.513408 167.085861 218.501083 206.438959 -232.065904 520.477256 -589.132200 263.819096 292.260349 89.866473 284.299621 -117.295850 -1529.444411 -967.061391 0.000000 -1620.293011 643.799769 181.108926 338.093500 211.952456 179.733766 213.128394
0.000000 0.000000 0.000000 0.000000 0.000000 0.000000 0.000000 0.000000 147.089230 205.092552 62.429241 37.800425 26.932875 209.103751 111.418616 84.434340 187.030210 213.068182 223.949158 146.070133 272.145523 0.000000 301.748269 308.014788 169.466888 221.087802 297.755760 169.220862 295.649130 229.586067 186.809530 174.588455 138.732503 156.112982 157.958890 218.742438 164.047482 127.374894 150.985819 160.670017 276.529179 143.970044 198.013898 207.598184 22.822913 734.356938 81.564780 123.613864 234.624585 178.572798 346.275243 0.000000 -523.981530 -1231.467003 930.314266 131.654469 444.134919 -72.164896 660.239949 94.167951
0.000000 0.000000 0.000000 0.000000 0.000000 0.000000 0.000000 246.402535 178.295292 14.528753 312.596470 272.191795 288.764925 230.767689 129.603333 217.835349 303.330075 284.180343 -167.336583 173.338271 152.628886 0.000000 209.367729 141.118383 269.454601 -386.703624 637.252389 -477.855939 289.935117 -63.282493 224.780950 267.080877 25.872414 93.196560 117.613009 127.298481 92.569231 260.314654 121.310320 212.840513 -13.891971 262.481787 47.036307 874.563448 -666.435850 -197.246725 -1847.044650 -94.179526 206.694531 157.451561 -909.655281 0.000000 83.028514 158.283001 193.417360 200.227484 258.501543 238.474441 51.250202 176.350903
0.000000 0.000000 0.000000 0.000000 0.000000 0.000000 213.783812 137.617112 289.641326 882.701270 478.093097 564.473521 382.790111 269.463077 20.292374 141.903764 243.825003 164.173140 202.191644 455.434471 144.431668 0.000000 306.959309 272.532286 826.189061 353.514578 224.134585 253.593705 244.099037 276.896588 121.347061 110.242602 236.407879 158.896854 166.980475 256.311543 198.353108 136.015370 125.810587 200.386010 114.888537 291.437330 189.455184 205.519745 290.133103 -430.095904 -1345.255211 552.869628 -93.787569 78.134492 0.000000 -691.100916 -176.309195 -877.693133 364.890902 156.634570 154.520346 267.872963 55.503440 166.575602
0.000000 0.000000 0.000000 0.000000 0.000000 216.494648 41.637678 370.953485 -45.701071 597.695158 -6901.993707 -2246.838197 -101.849791 281.233863 109.264294 119.470016 215.552649 274.571446 113.171976 285.233884 -430.142603 0.000000 239.087230 -83.282305 357.246722 -421.281202 1028.946667 115.645819 279.814095 -99.783329 200.083809 238.918530 159.367919 50.057878 68.128875 120.025191 42.121691 271.389885 82.131620 125.552395 260.372363 81.322835 271.629985 473.877034 -514.485401 78.752549 -74.249928 133.314978 -1671.793865 0.000000 25.837284 180.455914 315.557240 352.294803 646.266072 179.107980 147.321193 243.688874 200.037968 128.060806
0.000000 0.000000 0.000000 0.000000 0.000000 101.964455 125.792706 306.163170 119.308610 269.497799 -559.911813 -563.142683 -845.542672 -104.391650 194.539079 233.206487 429.645739 198.897543 146.220206 132.731396 434.985823 0.000000 549.628581 -433.469788 327.242375 270.308859 179.215374 191.190579 253.906734 249.201852 106.942861 228.513565 140.466583 162.335345 182.739776 263.401595 206.496370 171.236884 150.320044 312.829978 196.293355 76.813130 277.358588 237.299078 285.309436 176.741919 53.541703 501.626288 0.000000 149.585565 173.355799 -226.558375 108.668723 268.585757 123.397397 125.600137 118.899957 325.858922 738.420768 203.288443
0.000000 0.000000 0.000000 0.000000 236.255177 227.469269 245.813059 475.000328 347.669687 309.914517 246.396937 150.320676 -85.993794 0.000000 289.818774 45.206382 -28.948289 174.850423 243.318656 248.239608 -267.559361 0.000000 46.192333 142.092569 410.667684 210.141886 249.466530 139.528569 192.981115 101.978111 222.526130 143.089753 93.793950 -43.108834 -63.435702 122.934508 118.840746 257.824658 75.277642 160.489729 82.683196 223.691274 -10.014418 264.519941 -283.501819 392.979004 -138.821702 163.106264 0.000000 353.300447 4.935116 140.814225 205.789379 261.612207 25.002482 56.895048 199.301274 -570.081733 209.912544 243.719335
0.000000 0.000000 0.000000 155.957257 169.142639 88.375728 234.610570 250.488891 303.056162 137.066964 310.032785 243.438166 2.406709 145.720561 0.000000 0.000000 248.609789 90.945467 124.645761 160.879360 361.696375 0.000000 291.097113 263.594877 130.243602 250.799836 30.685405 210.595001 112.755396 125.335725 191.060557 132.565157 147.075923 219.456477 263.047121 260.827176 34.366324 217.002975 140.273324 389.460464 179.265020 424.927304 314.170164 260.550020 133.841830 169.438500 191.498856 216.530640 0.000000 405.552465 5.687191 49.378362 175.286242 231.166104 43.009347 91.962558 93.380624 661.796668 226.379366 205.736164
0.000000 0.000000 257.395602 113.184802 263.367626 263.153261 97.955593 46.379022 284.614670 144.945358 221.446406 453.597859 294.529813 863.797243 102.030241 175.102053 0.000000 329.155240 25.429100 229.598144 -461.426203 0.000000 393.665360 369.343185 15.167205 221.365587 73.983899 131.499859 124.356737 164.201680 232.429286 102.313712 73.068899 255.382163 -142.891012 280.753241 -374.399129 188.181574 167.520586 159.705414 -9.534740 200.204861 -455.351186 227.042606 69.439958 217.054459 144.549425 49.066933 0.000000 209.968738 56.954138 301.825498 178.528067 323.896351 117.458506 185.487779 262.904003 -466.735738 172.603623 -10.548554
0.000000 0.000000 176.942667 212.068882 111.494081 214.501473 158.950284 134.426398 333.920206 211.961275 105.126627 254.918569 -11.090031 240.006297 130.883854 92.893327 0.000000 78.372183 182.180196 140.426641 0.000000 -13.372161 336.836572 335.096175 4.478314 272.574652 295.085177 185.387755 180.588657 141.498044 202.768791 150.976575 144.974781 208.819447 113.699268 175.549036 547.013557 170.543271 143.918441 155.614766 166.487833 446.985893 276.950697 193.497539 252.087586 271.035286 1.179879 302.121825 116.222940 0.000000 185.849683 327.768713 119.858320 148.006220 86.131260 202.423902 1057.861021 259.809414 412.544128 199.638425
0.000000 0.000000 106.593757 219.809290 193.838103 141.963699 142.176808 261.521231 83.063526 279.459359 10.870642 178.972094 230.926768 155.748614 153.553187 249.525847 13.708698 0.000000 -120.199584 0.000000 192.868745 274.925583 85.322506 163.913923 131.405584 -15.221637 165.645168 174.821873 160.955817 208.568142 119.718722 91.169812 -76.357696 226.009456 155.542204 385.721400 -334.474530 303.015396 237.335707 185.999493 128.473476 119.290762 -298.157599 138.724101 -93.848115 209.674688 165.704744 -26.631570 -232.844787 0.000000 -986.010328 160.805729 48.387428 215.224672 354.632269 -553.974430 142.889745 10.304092 233.499738 -211.580658
0.000000 0.000000 122.060949 181.223318 193.035529 171.974315 138.427195 336.132105 46.819488 306.768077 -83.009772 546.931885 -60.520914 662.197360 -523.418801 609.592061 -170.750579 299.814843 0.000000 375.122634 36.282282 155.748176 71.588978 146.880925 541.223573 212.993800 295.761510 168.444767 98.814199 187.938462 188.163277 426.869288 155.083116 168.295850 179.741452 133.469495 150.232041 948.250930 180.020467 173.630018 160.854093 224.534062 146.075029 458.300184 173.335383 394.182374 -282.739739 293.904899 -386.834169 0.000000 -160.491536 416.314179 176.105027 219.054479 994.340180 290.981885 313.213324 200.540785 655.279890 296.246479
0.000000 0.000000 120.039640 157.545294 201.398757 174.621212 127.650580 467.615640 -92.761421 609.913556 -418.069122 847.441522 -142.018692 953.824058 -1029.937624 520.165779 263.372320 686.677950 0.000000 42.693405 148.046626 284.543787 199.876445 152.951156 423.455206 189.321298 239.928567 186.160196 301.931377 12.347263 308.181034 -143.139550 155.429357 153.419070 88.687553 252.493269 104.275895 196.295803 -635.157358 154.454554 102.811706 174.481445 76.230461 135.326634 -394.400714 226.219354 249.591463 273.410283 123.038028 -142.018481 0.000000 -418.803835 181.396567 -623.763992 342.480765 31.108996 204.798460 -1083.672974 183.833533 -251.477819
0.000000 0.000000 143.491313 150.161951 183.436778 146.107101 17.345389 133.775679 293.851662 196.451492 57.680950 177.190969 319.597909 271.203877 76.837614 211.972049 171.742396 490.175570 -423.448389 0.000000 135.511083 297.823765 552.132232 272.705400 642.405380 428.271813 299.892021 205.315386 321.678007 171.158846 575.956284 138.668428 224.539520 207.924752 200.780963 133.856595 135.595286 221.359527 123.869041 952.763616 210.874952 329.493951 257.583975 369.332289 553.763680 219.586894 175.174228 65.129713 275.478396 183.650913 0.000000 -1757.250216 -210.582476 -1133.748280 313.772361 -106.784458 1053.730070 -712.006975 444.554898 -479.963923
0.000000 0.000000 192.641459 176.172700 164.852583 144.190495 91.348815 268.143093 59.516641 314.725900 -127.373440 583.483873 172.724747 534.784070 -491.606799 287.914315 -25.027914 1122.977846 -1025.929138 0.000000 106.349904 -88.448369 322.667241 70.733687 382.622428 257.832236 156.807490 25.845000 197.934044 -344.614566 143.660933 278.423946 103.904799 267.246321 -56.338391 276.797725 62.257977 140.954738 55.797800 581.327942 -80.707430 223.515418 15.803905 79.282187 -1388.389467 221.216195 159.682792 272.450182 132.670061 0.000000 0.000000 0.000000 0.000000 0.000000 0.000000 0.000000 3186.488141 -1893.972083 257.921099 -81.716393
0.000000 0.000000 173.944973 167.826002 177.296701 157.338617 118.116533 266.158943 78.212878 316.672702 -122.810472 626.591845 134.950819 697.243281 -471.271639 300.103435 -218.262500 1113.466471 -761.361560 0.000000 -523.321718 -270.218976 435.622619 242.230721 447.292084 273.249227 914.780358 416.402483 1391.541726 215.483694 127.037176 127.107674 194.563951 185.702146 217.703026 190.521231 199.165110 213.461013 159.104809 444.849838 228.903169 753.945789 100.777585 207.602144 -343.816210 98.929309 157.588760 239.861721 -136.327571 0.000000 -473.677889 -1315.079926 144.772095 48.354969 374.096268 192.561287 358.753858 -2403.403032 -202.645094 -116.302151
0.000000 0.000000 196.661389 184.027997 181.012431 181.888016 135.996699 307.172247 95.617982 423.269219 -164.779973 597.187029 270.052542 902.990398 -589.209703 400.665181 -473.701876 899.856601 -567.546023 -694.247961 0.000000 -778.262781 129.884259 -75.650970 274.369611 -192.542520 346.306552 85.941527 410.116163 158.542587 156.992688 273.427129 165.491055 255.339382 -66.972776 293.086736 -309.717065 240.902225 77.336631 263.702108 -27.261243 69.831790 -906.971037 28.670158 -1036.267885 255.439404 -157.139886 -171.283039 0.000000 -20.852804 73.790009 120.949220 566.493140 190.405044 163.576617 139.160737 117.915747 296.826466 211.064211 138.846751
0.000000 0.000000 172.814892 165.227132 168.814514 149.714065 131.751670 235.883097 73.116263 373.445406 -45.687901 390.604677 317.835325 830.998930 -503.663225 397.532348 -460.734349 664.233054 -345.332677 -95.895578 2.320414 0.000000 175.499176 229.891673 527.173807 118.783685 512.411182 143.751638 276.149325 266.505098 157.706352 204.086910 119.386834 244.909031 198.716083 163.499049 154.452736 502.463833 149.506858 395.987313 117.660130 317.635456 -267.031047 721.875126 110.314839 894.138575 -610.276268 0.000000 110.711232 -551.915904 137.880645 -5.155421 221.167900 -155.870289 243.039361 333.799492 248.241678 74.719331 233.091558 322.774799
