geotop/1.0zi/1.0Montebello/Templates/Dripsey/maps/_Erotot0280.asc
ncols         69
nrows         152
xllcorner     146499.907223
yllcorner     75332.943423
cellsize      50.000000
NODATA_value  -9999.0
[rows 54 to 80 of 152, columns 0 to 59 of 69]
0.000000 0.000000 112.398085 114.109115 84.014261 96.605978 79.462272 158.792090 76.412182 258.353414 -89.093504 382.087203 -94.733519 599.905260 -205.525569 93.886611 -66.899238 83.848671 155.565431 71.402194 39.396746 33.469107 0.000000 -926.118671 163.470982 -527.683479 519.457153 100.413064 112.543356 97.920639 158.566422 33.191420 98.056412 78.309278 62.834333 85.050238 90.728302 148.805060 -24.394182 119.996865 45.564116 108.770075 60.110119 429.454523 0.000000 160.180577 86.756804 232.142230 170.668991 186.150412 199.216967 230.107832 -32.471919 177.521145 166.250672 174.199700 39.552706 61.243807 110.243572 113.718034
0.000000 0.000000 102.669323 95.884700 41.342142 128.497489 94.336278 33.202097 198.276625 108.211649 122.504635 52.017541 -37.983214 570.590280 -874.097255 -173.666745 71.376670 22.440980 171.054900 80.807965 163.878928 43.122413 0.000000 -912.902120 74.411031 221.970166 1.128844 33.062346 109.318630 75.436983 126.629309 112.795787 126.165156 84.988418 108.142359 141.225322 29.308628 134.172519 106.481890 86.339769 143.139005 98.918378 311.856804 112.423269 0.000000 -264.110292 228.554930 91.104604 139.346208 126.042876 236.510571 407.855295 102.545131 205.362704 75.739269 169.798312 113.814503 67.838324 177.876816 189.585326
0.000000 0.000000 139.107742 102.571284 82.788413 23.200095 1.965219 212.523575 16.789049 285.337461 -65.589533 82.644782 166.529762 546.018612 177.836766 62.564012 93.676994 75.099686 104.693189 93.718460 142.090153 29.706795 84.770470 0.000000 57.542095 253.829291 50.833605 141.012952 99.303922 23.274381 179.272337 55.610168 96.445384 48.327803 26.994434 86.193012 41.711292 120.570695 78.602025 136.009885 121.170621 14.501967 157.000336 -135.384855 0.000000 249.304197 46.275679 143.738095 141.970537 297.644126 57.824678 117.131471 -86.156106 -0.746310 4.943427 9.362018 33.813220 58.029171 64.819145 34.144323
0.000000 0.000000 0.000000 58.861097 139.508201 86.495838 92.416413 89.900114 81.262008 125.926063 41.900299 -1.900986 53.879650 87.254304 109.757950 50.312026 139.957273 72.344579 155.795445 79.780007 74.865284 76.737321 106.887570 0.000000 207.854547 89.218150 203.443869 179.926411 421.031444 104.470221 140.786700 121.646513 125.588180 88.833696 104.834323 137.055908 85.249840 96.956618 89.572128 97.012277 50.689798 575.723590 167.297854 0.000000 -142.846315 -73.289696 313.432376 65.912277 241.658947 335.134829 32.330976 77.038617 1.429515 99.529147 60.936024 82.380157 155.389205 105.396131 99.970502 77.330420
0.000000 0.000000 0.000000 129.643845 55.228500 89.712460 136.759992 101.446213 119.125213 109.099488 20.279042 128.757618 131.241637 34.622464 221.563009 131.779282 -103.420262 166.456070 26.885667 232.587404 -110.322521 419.580571 402.549881 -532.065327 0.000000 -59.599398 183.097124 2.268206 138.504322 154.098373 111.990452 -9.846771 154.307953 34.600903 23.322503 143.406378 -237.243925 78.567601 78.063077 59.166252 89.544841 114.985036 -769.578284 0.000000 76.714326 90.064063 197.545052 313.066282 58.944332 54.005972 -7.645620 0.314681 1.032783 1.177947 1.139328 0.953386 70.805226 69.582118 158.281650 0.000000
0.000000 0.000000 0.000000 127.709199 88.980531 106.922073 39.715928 121.946902 -186.273345 292.574337 -234.325692 288.416035 73.075506 1311.973926 -459.160171 266.769219 -2086.889492 978.551716 -244.721960 892.167453 -763.166369 107.462229 201.920480 75.617630 0.000000 -41.125018 248.301250 148.503995 326.454428 100.284699 245.276427 104.913944 24.653719 222.096903 244.912565 70.971454 102.100978 570.434707 166.453291 41.970252 81.789887 68.878044 53.483773 0.000000 249.642269 -11.085546 217.207658 284.423219 135.247437 108.987876 1.540327 12.293854 0.756777 0.000000 0.000000 0.000000 0.000000 0.000000 0.000000 0.000000
0.000000 0.000000 0.000000 139.216273 47.368955 33.598445 -2.592078 20.061304 102.177959 120.517069 -13.175808 116.795631 -5.842987 467.271067 -126.891233 235.821320 188.846813 113.835981 97.520620 175.290096 15.060194 884.335229 658.349579 178.704911 0.000000 -1028.479943 42.499029 9.888298 139.804026 67.649802 174.228239 126.781955 149.721365 -5.722138 -18.196546 131.695391 71.859699 193.055199 -307.898084 196.901390 129.312161 142.372894 0.000000 -15.514213 210.768862 135.891761 175.419351 312.855913 43.764378 42.168942 2.274737 0.611895 0.000000 0.000000 0.000000 0.000000 0.000000 0.000000 0.000000 0.000000
0.000000 0.000000 0.000000 0.000000 0.000000 99.463993 123.283493 175.405139 154.416738 100.856707 155.920136 143.677466 -35.011773 117.563802 86.755607 120.429417 113.963892 147.040515 156.295096 202.263164 -18.742593 -187.566077 342.418701 536.778649 -1950.767468 0.000000 -51.333675 120.593368 332.799664 71.600727 83.131890 129.628298 92.140146 227.118582 319.860640 56.030456 143.957048 120.978624 125.529800 508.427883 131.770237 0.000000 -24.055380 143.747786 102.376120 184.668534 167.817551 289.507626 0.268539 1.786651 1.450270 1.274444 0.000000 0.000000 0.000000 0.000000 0.000000 0.000000 0.000000 0.000000
0.000000 0.000000 0.000000 0.000000 0.000000 0.000000 84.944726 68.757564 57.782312 32.026856 132.106330 80.458620 178.852485 123.641059 69.545564 26.384660 212.809046 91.100805 46.262738 671.383077 -204.928682 -271.299950 196.445383 136.980285 86.910671 4.799844 0.000000 -433.823470 127.939798 111.970266 171.394252 25.365651 149.265217 -66.666770 -76.946635 108.168795 127.034867 136.977046 107.266783 -520.584774 0.000000 209.132026 72.969815 150.966258 72.954176 207.668656 22.810556 106.681812 17.717319 98.241047 1.050704 37.260487 0.804411 0.000000 0.000000 0.000000 0.000000 0.000000 0.000000 0.000000
0.000000 0.000000 0.000000 0.000000 0.000000 0.000000 0.000000 84.988090 84.950171 39.005373 180.277845 118.590462 72.274050 128.360663 75.987531 35.241527 205.496048 -107.471347 33.824133 58.094201 158.705304 131.828547 136.535298 191.064657 -353.550948 -152.793882 0.000000 -211.635608 121.207592 145.028771 531.628937 105.743155 27.401585 407.015628 426.755825 79.551958 76.372584 26.922266 61.907878 0.000000 0.143988 -560.041337 432.903796 23.343015 148.158160 101.725796 79.199253 204.074354 29.772924 128.792872 110.375812 163.120718 32.914299 0.000000 0.000000 0.000000 0.000000 0.000000 0.000000 0.000000
0.000000 0.000000 0.000000 0.000000 0.000000 0.000000 0.000000 0.000000 50.728003 32.012560 105.472188 102.928330 140.319890 75.899337 105.940652 142.219995 169.181764 104.040184 101.986998 27.917398 208.480766 112.674289 55.371406 744.698202 144.466177 98.662200 109.979457 0.000000 144.685425 -484.863434 156.078671 209.038192 50.231868 -3.236652 -72.634154 27.965712 120.362316 99.755291 198.395433 0.000000 147.411451 234.022145 33.854675 141.846496 189.454964 43.978947 131.276485 117.287599 182.511199 212.630441 196.577435 143.363713 244.870686 0.000000 0.000000 0.000000 0.000000 0.000000 0.000000 0.000000
0.000000 0.000000 0.000000 0.000000 0.000000 0.000000 0.000000 0.000000 0.000000 17.296528 94.985937 89.879933 142.157901 88.527610 37.923352 194.949522 53.555710 198.532636 -97.783151 402.798038 -172.438957 226.930987 -609.727640 96.509545 127.356210 250.848131 -523.032655 -207.060563 0.000000 -583.753063 122.764168 185.862612 45.319973 423.011922 609.526828 128.399357 164.961165 122.037455 0.000000 128.368885 111.334584 268.100350 2.399563 34.538814 96.368682 99.861854 81.437957 176.093651 123.839094 111.073183 130.950684 68.046500 0.000000 0.000000 0.000000 0.000000 0.000000 0.000000 0.000000 0.000000
0.000000 0.000000 0.000000 0.000000 0.000000 0.000000 0.000000 0.000000 0.000000 96.527440 128.254754 50.189527 160.079032 36.100595 93.894131 0.940603 90.114645 172.014331 150.069606 151.618001 -88.811105 143.736595 66.500286 135.342543 51.865857 417.133214 191.850795 152.730657 67.838579 0.000000 15.318927 116.167260 188.407355 -228.830568 -345.940099 64.479005 6.577068 0.000000 48.960823 102.151011 65.810634 176.227362 29.589279 146.515636 79.345417 191.211395 59.627439 73.972567 100.721481 75.834138 117.679419 224.289822 0.000000 0.000000 0.000000 0.000000 0.000000 0.000000 0.000000 0.000000
0.000000 0.000000 0.000000 0.000000 0.000000 0.000000 0.000000 0.000000 0.000000 99.095458 88.946875 45.004306 72.493424 79.094566 91.305728 20.719409 142.720263 209.093786 -104.422634 172.635794 132.559628 168.976981 115.594049 61.569855 -96.207074 129.863198 -18.012769 382.060070 -1259.057044 -450.678692 0.000000 46.699516 114.253322 -213.144835 -141.256735 17.657971 0.000000 -253.470366 167.046283 125.243836 101.484678 127.885569 57.249389 88.990019 63.472038 96.209224 137.056183 111.977678 258.603869 170.946848 152.094808 0.000000 0.000000 0.000000 0.000000 0.000000 0.000000 0.000000 0.000000 0.000000
0.000000 0.000000 0.000000 0.000000 0.000000 0.000000 0.000000 0.000000 0.000000 100.112830 143.952137 173.272656 96.722601 84.363453 145.334090 62.908418 146.116909 109.615657 180.556386 109.126419 2.706525 10.556332 188.293674 98.997289 116.878076 103.750312 126.722045 227.459839 153.821528 -96.135377 -411.307025 0.000000 -7.147423 -370.400819 -484.156913 -160.119466 0.000000 333.310342 1.281598 159.323334 87.708306 57.907291 116.495193 87.523900 88.212493 -64.123824 202.957438 -205.357791 130.906292 26.515962 0.000000 0.000000 0.000000 0.000000 0.000000 0.000000 0.000000 0.000000 0.000000 0.000000
0.000000 0.000000 0.000000 0.000000 0.000000 0.000000 0.000000 0.000000 0.000000 86.714527 29.977240 172.779795 83.613383 75.387227 79.058551 66.457405 118.203501 59.179461 118.823337 60.113828 89.053324 66.570932 165.884578 106.076907 139.780331 88.207651 154.334041 112.164941 182.847068 172.783642 -182.389106 0.000000 -18.055917 51.121593 148.930111 0.000000 -2.019907 326.877132 1.237269 40.520823 78.726304 161.521044 107.348504 100.069384 186.059032 96.484755 73.514565 -67.297313 95.757774 49.862711 0.000000 0.000000 0.000000 0.000000 0.000000 0.000000 0.000000 0.000000 0.000000 0.000000
0.000000 0.000000 0.000000 0.000000 0.000000 0.000000 0.000000 0.000000 0.000000 145.670197 -69.847280 84.584715 177.222412 74.563810 70.491003 140.848728 103.261011 62.140831 188.933551 117.461071 109.704649 45.016224 94.474599 122.807948 174.846329 130.895447 93.019874 10.750840 144.910192 60.428109 156.720809 141.249233 0.000000 21.435669 0.000000 -137.813050 28.281895 153.667440 78.729109 115.256226 74.016434 -163.339607 109.340700 -74.507971 88.610889 -149.423942 36.216970 -246.754054 120.258657 212.194082 0.000000 0.000000 0.000000 0.000000 0.000000 0.000000 0.000000 0.000000 0.000000 0.000000
0.000000 0.000000 0.000000 0.000000 0.000000 0.000000 0.000000 0.000000 49.025753 57.403396 102.089748 226.186365 57.706223 118.831770 78.725162 194.454209 155.558134 71.172642 5.948097 127.785216 78.630580 72.357431 125.956080 75.779519 41.052342 133.266825 55.704938 34.727198 163.822303 111.221315 143.725681 80.375717 0.000000 0.000000 0.000000 0.000000 0.000000 0.000000 0.000000 0.000000 0.000000 0.000000 493.296182 -514.347494 336.664098 -276.884984 97.362097 132.488536 130.368472 0.000000 0.000000 0.000000 0.000000 0.000000 0.000000 0.000000 0.000000 0.000000 0.000000 0.000000
0.000000 0.000000 0.000000 0.000000 0.000000 0.000000 0.000000 127.000676 142.293355 112.001424 118.101056 11.058077 67.589149 129.026072 168.389066 119.823824 -86.761141 -502.167050 -231.105615 83.009968 6.888417 126.345640 134.056474 113.765458 96.983505 62.574634 71.016542 80.367839 74.576583 122.279563 22.837758 96.193475 -170.067771 0.000000 -158.990616 26.593526 128.876342 159.489598 38.314463 188.790250 191.252640 -21.919522 3.968893 -340.108062 132.557283 43.715862 46.214997 63.768201 132.679129 0.000000 0.000000 0.000000 0.000000 0.000000 0.000000 0.000000 0.000000 0.000000 0.000000 0.000000
0.000000 0.000000 0.000000 0.000000 0.000000 0.000000 0.000000 102.983507 81.240160 119.133812 60.960861 150.589174 173.860644 86.534593 126.423946 33.043833 104.574385 80.696864 145.261289 755.607049 116.904403 83.907756 98.210183 47.848184 131.285174 83.092534 110.035671 15.644678 135.612640 98.308921 144.885654 71.086356 0.000000 26.026825 237.753605 -252.416960 248.183121 239.507592 132.645786 232.675607 156.118532 224.137349 13.007230 -662.103569 -37.102728 141.621017 145.894472 113.636141 145.989836 0.000000 0.000000 0.000000 0.000000 0.000000 0.000000 0.000000 0.000000 0.000000 0.000000 0.000000
0.000000 0.000000 0.000000 0.000000 0.000000 0.000000 0.000000 50.932870 107.312917 111.037633 29.692454 147.509885 -220.579395 25.578418 136.692076 171.061134 34.763547 94.639154 117.188210 96.311130 -254.515041 40.832159 -82.373132 154.382667 113.161195 78.863466 99.950647 31.008634 194.326491 126.081858 112.460619 115.870724 0.000000 -27.298419 106.206539 249.922950 -58.527657 44.777233 -31.265173 1.209468 51.621704 74.584552 102.377653 595.967298 98.742964 2.199056 107.677216 98.546371 67.032429 0.000000 0.000000 0.000000 0.000000 0.000000 0.000000 0.000000 0.000000 0.000000 0.000000 0.000000
0.000000 0.000000 0.000000 0.000000 0.000000 0.000000 0.000000 107.103662 68.977942 157.494430 162.279121 122.438694 536.613025 57.676689 109.701940 40.861629 127.909962 109.160465 121.709695 66.665659 131.515787 474.225668 147.943362 138.466926 114.382938 162.254009 85.753778 54.049480 124.473115 86.588651 186.267178 100.919350 0.000000 -59.956178 263.579168 337.972570 94.689520 189.696786 54.871224 60.366713 177.138661 175.029768 36.649617 -505.619400 177.431193 209.556201 170.814540 158.897146 26.065935 0.000000 0.000000 0.000000 0.000000 0.000000 0.000000 0.000000 0.000000 0.000000 0.000000 0.000000
0.000000 0.000000 0.000000 0.000000 0.000000 0.000000 0.000000 144.775108 -74.825432 101.327972 129.089418 83.863181 450.218750 56.341659 181.527929 153.487868 137.466863 81.383693 81.141581 178.937568 -52.551443 -249.538631 -60.740818 141.860372 111.320216 118.122808 124.016426 140.097756 132.042072 89.236262 -68.402691 0.000000 122.691025 258.585962 -133.292219 72.366816 42.751026 66.520079 12.296293 29.719436 45.757070 8.464101 150.296999 -313.176739 146.781888 116.181371 0.381217 27.813679 0.000000 0.000000 0.000000 0.000000 0.000000 0.000000 0.000000 0.000000 0.000000 0.000000 0.000000 0.000000
0.000000 0.000000 0.000000 0.000000 0.000000 0.000000 0.000000 80.085502 119.003456 91.802757 131.069496 145.009314 456.663511 96.228922 380.700062 59.658375 186.046496 150.178783 107.727273 82.557255 110.067216 513.707802 89.972653 444.036014 47.210068 328.873886 91.961277 227.728543 117.852983 101.006165 0.000000 17.206775 305.198581 285.885686 22.125917 211.616859 63.631049 87.779015 42.198165 35.521194 145.600637 104.660134 -567.298431 -658.815922 186.726284 168.761106 0.911700 0.685277 0.000000 0.000000 0.000000 0.000000 0.000000 0.000000 0.000000 0.000000 0.000000 0.000000 0.000000 0.000000
0.000000 0.000000 0.000000 0.000000 0.000000 0.000000 0.000000 102.309216 81.630495 166.315823 188.927570 118.756566 -1237.005778 173.076995 -254.200957 182.078507 113.411944 155.078241 39.289411 79.973831 72.962075 -190.509314 151.095235 113.987181 81.325641 110.437646 -39.620316 94.532966 -82.435476 34.757226 0.000000 301.712168 1.485191 58.116220 3.669010 65.962024 0.368085 0.916990 0.725256 0.699643 137.004681 149.473387 357.804764 452.171671 114.212845 115.845244 0.814141 0.000000 0.000000 0.000000 0.000000 0.000000 0.000000 0.000000 0.000000 0.000000 0.000000 0.000000 0.000000 0.000000
0.000000 0.000000 0.000000 0.000000 0.000000 0.000000 0.000000 159.074075 123.607433 47.001087 -264.384270 463.628157 -795.503695 0.000000 0.000000 0.000000 -179.401163 30.321108 1.223634 4.685474 111.823648 1018.012168 93.480084 81.039548 100.613690 308.028106 112.279759 231.583719 146.328472 0.000000 -13.791017 244.683005 24.527871 268.162982 1.466552 78.912931 1.374109 0.726784 7.762012 49.867994 110.592726 141.934708 -192.378478 -108.108628 132.832576 137.468789 53.245741 0.000000 0.000000 0.000000 0.000000 0.000000 0.000000 0.000000 0.000000 0.000000 0.000000 0.000000 0.000000 0.000000
0.000000 0.000000 0.000000 0.000000 0.000000 0.000000 0.000000 0.000000 145.063683 201.672645 164.753643 137.081423 -1929.582961 90.837364 92.428385 1.097389 0.000000 0.000000 298.656168 244.835550 143.570095 -557.232262 113.245434 165.918891 135.400600 193.705136 -353.919497 109.731658 -815.463340 0.000000 83.284732 212.925028 -28.414904 148.998564 26.470348 107.769085 1.236962 5.142084 76.651412 103.811338 159.465482 112.943176 190.832749 168.459034 92.951671 130.370353 0.000000 0.000000 0.000000 0.000000 0.000000 0.000000 0.000000 0.000000 0.000000 0.000000 0.000000 0.000000 0.000000 0.000000
