geotop/1.0zi/1.0Montebello/Templates/Dripsey/maps/_Erotot0277.asc
ncols         69
nrows         152
xllcorner     146499.907223
yllcorner     75332.943423
cellsize      50.000000
NODATA_value  -9999.0
[rows 27 to 53 of 152, columns 0 to 59 of 69]
0.000000 0.000000 0.000000 0.000000 0.000000 0.000000 0.000000 0.000000 0.000000 0.000000 0.000000 0.000000 148.406799 59.993327 88.097599 139.101941 156.354647 347.759506 162.739418 153.818264 524.188027 103.166242 129.240601 112.128557 257.088128 111.195087 0.000000 0.000000 45.227233 164.193984 210.689118 254.261260 155.061508 83.139500 49.857378 -36.236548 42.442352 90.609069 94.921509 151.934907 135.229577 135.439913 101.943131 182.370266 19.412380 137.861184 138.928067 172.189021 166.084753 117.364093 96.858615 114.074889 70.649871 32.426437 101.770767 107.728441 96.468997 169.516336 63.900807 134.098078
0.000000 0.000000 0.000000 0.000000 0.000000 0.000000 0.000000 0.000000 0.000000 0.000000 0.000000 0.000000 97.310439 136.420923 94.990957 153.897562 55.932391 217.781637 -290.497521 -3.473422 -849.709579 134.437100 96.538478 -109.602579 -807.544520 0.000000 145.571077 196.002285 92.463777 101.376912 30.667709 31.596012 37.127023 69.646430 96.100661 146.639803 81.954494 74.011639 135.822623 89.265937 87.911128 -16.102837 112.986927 87.240202 -398.289182 169.375668 121.719910 -399.640993 16.570725 11.008666 55.414583 185.768662 -252.171769 -151.370723 91.881805 91.535918 109.101602 -16.622664 86.737872 107.246523
0.000000 0.000000 0.000000 0.000000 0.000000 0.000000 0.000000 0.000000 0.000000 0.000000 0.000000 0.000000 75.234008 113.186086 85.479017 155.698703 137.062408 109.510560 -24.798563 127.656143 138.411839 580.663201 35.725554 -139.900976 0.000000 42.511733 161.341588 246.356717 71.084667 72.346245 115.051053 59.339596 105.883378 178.011680 91.508241 71.731385 87.525968 114.650073 94.772968 138.416656 117.630834 53.320541 58.325228 85.287409 65.193151 131.415578 79.475929 121.776991 50.139259 135.889302 23.770051 97.923815 302.737336 206.526819 143.491034 107.026974 193.575465 59.821999 91.026131 102.322676
0.000000 0.000000 0.000000 0.000000 0.000000 0.000000 0.000000 0.000000 0.000000 0.000000 0.000000 0.000000 60.312945 148.140344 148.429928 149.857058 -184.101227 -78.039466 -113.879306 107.522247 139.186362 -771.057923 0.000000 0.000000 13.888486 133.936823 56.445626 107.372488 0.803405 26.760459 0.747227 1.012540 34.563678 71.042251 154.659264 -2.013373 117.946481 71.445078 113.912877 67.297636 114.838241 89.339514 -113.283072 67.580228 44.522849 71.699487 207.760736 92.463994 -512.367314 -12.082603 150.608710 162.734399 -50.209673 -222.623394 137.747628 -366.783530 188.316695 27.535795 180.003479 86.358616
0.000000 0.000000 0.000000 0.000000 0.000000 0.000000 0.000000 0.000000 0.000000 0.000000 0.000000 66.667565 77.051438 99.601169 73.423534 129.985051 82.050238 -97.587792 63.934159 213.943850 27.937890 0.000000 108.871436 147.492107 36.694804 92.886695 111.235915 115.619058 27.025702 52.980095 17.900043 10.740535 37.182463 77.798627 149.118683 113.595676 103.899825 101.774248 110.010700 77.445192 59.460766 118.474204 173.954130 162.804056 151.816993 114.731112 178.775753 755.962900 220.288131 409.779478 125.628680 122.082311 519.623330 138.353195 648.111575 60.900711 122.066700 173.792063 58.511218 98.261235
0.000000 0.000000 0.000000 0.000000 0.000000 0.000000 0.000000 0.000000 0.000000 0.000000 0.000000 202.964273 13.844305 101.762750 150.197483 86.335933 72.603893 82.864484 -121.227643 279.377801 55.076193 0.000000 43.584899 80.997457 80.818255 74.749692 51.828346 116.906068 66.724749 151.620736 162.773188 122.694302 103.780567 113.856124 111.737601 100.263348 107.659648 94.841304 112.645843 92.140667 77.167167 119.350850 134.038210 113.478022 79.353938 54.674513 117.681109 138.644130 -379.346921 117.254678 -766.126888 93.428000 -876.185327 -267.661222 446.093420 -44.666264 299.623038 -9.251148 240.392534 57.517559
0.000000 0.000000 0.000000 0.000000 0.000000 0.000000 0.000000 0.000000 0.000000 0.000000 41.447439 128.292863 125.540121 51.623530 138.046067 52.778893 57.577418 37.114959 138.808346 745.700535 117.461491 0.000000 181.232863 179.782043 10.696120 107.472563 74.272129 144.556623 66.206251 101.737940 117.742428 109.295035 116.266838 83.489349 132.628741 101.030095 85.701504 55.388050 73.306422 93.978492 176.567960 116.129389 136.718670 118.297093 414.420881 91.527382 74.679532 119.134414 88.058307 359.293927 142.945705 92.260247 -67.037995 -98.631183 366.473422 31.133888 274.184100 -35.998003 241.789930 84.538430
0.000000 0.000000 0.000000 0.000000 0.000000 0.000000 0.000000 0.000000 0.000000 157.464687 416.982556 79.525084 79.392448 87.000971 69.731582 158.765844 81.352023 89.683663 164.974809 93.961874 -570.750913 0.000000 20.563467 183.102242 50.602586 160.125251 97.545894 131.824550 123.235815 112.413379 53.260988 55.178255 102.486887 93.675088 103.566729 120.325999 84.174307 79.713740 93.174687 89.911021 144.176306 109.690454 -110.333342 365.279009 -297.662587 173.077896 195.797905 63.689589 171.892971 -54.269443 -897.852474 -595.955736 0.000000 -889.947265 370.615079 121.561735 185.722645 151.785523 84.021697 131.774875
0.000000 0.000000 0.000000 0.000000 0.000000 0.000000 0.000000 0.000000 80.427435 119.251567 23.211931 16.956256 15.503056 97.708114 54.263326 38.865011 99.520295 90.835880 127.868965 71.088404 160.628311 0.000000 181.672607 182.522628 70.589259 126.784909 165.585235 104.913142 157.493827 144.034529 89.331690 92.346462 77.148253 91.361504 90.280259 117.768290 86.880791 65.060863 84.420551 71.864767 162.446458 73.756488 106.761186 109.472556 35.121815 480.350771 44.551803 82.875335 127.160242 98.865635 215.562917 0.000000 -290.750117 -696.856622 548.990303 92.654708 265.817337 -19.245636 359.276144 51.677892
0.000000 0.000000 0.000000 0.000000 0.000000 0.000000 0.000000 143.756862 112.509659 29.878992 188.662421 166.331740 181.077889 155.408198 87.232742 145.091695 195.895196 168.199481 -56.560330 119.287963 83.686474 0.000000 127.446825 106.000664 148.260358 -171.537127 402.571878 -243.025883 145.667893 -14.119939 135.633988 161.467019 20.379116 59.686973 76.441263 84.251373 66.623432 154.903623 84.575114 125.832449 7.177303 148.318300 45.898329 505.549339 -334.612398 -104.188887 -1115.259942 -38.035877 133.432712 101.312567 -536.922119 0.000000 67.395436 157.762385 68.268894 115.736031 140.086741 156.002172 27.177183 96.524669
0.000000 0.000000 0.000000 0.000000 0.000000 0.000000 143.520499 72.607977 191.305700 591.592554 278.770121 331.425382 213.288639 142.199537 11.960085 62.034254 126.663405 82.556138 116.509236 263.533756 76.059399 0.000000 154.072600 165.362570 528.743580 214.962325 103.881333 169.090081 131.812235 167.791332 64.814652 62.499270 131.787117 89.940951 97.138242 144.893097 114.984969 70.397334 71.360916 110.554027 72.174945 142.635518 111.589801 104.429601 194.505004 -244.316761 -775.703324 354.031977 -40.919323 52.693926 0.000000 -369.847445 -84.494351 -440.554393 176.261226 79.971287 77.240839 174.492169 30.154450 90.747944
0.000000 0.000000 0.000000 0.000000 0.000000 115.993375 44.513005 195.322119 15.278924 481.732516 -4078.081060 -1324.454385 -14.976090 200.925379 63.885802 62.781524 140.375453 174.455238 62.249391 169.272659 -224.533440 0.000000 147.923287 -45.353728 265.756470 -202.055742 583.673865 73.358446 138.139736 -47.978567 116.853204 143.689308 101.593882 36.732581 48.794101 79.461471 32.567433 164.002887 59.169239 69.103466 153.584188 40.449350 163.211002 253.181656 -250.968378 59.672966 -31.214157 97.623117 -1008.991693 0.000000 13.211881 119.660570 184.572995 214.958638 352.326009 119.149050 67.863324 156.335753 107.617731 71.036463
0.000000 0.000000 0.000000 0.000000 0.000000 31.689084 107.212365 168.950274 82.178187 166.070168 -264.762617 -282.108330 -497.176224 -30.546816 106.502914 119.716205 229.633766 91.358981 53.194036 67.354920 250.011539 0.000000 353.243999 -191.906320 193.173316 192.803101 62.092839 115.982491 141.587984 149.049834 54.774645 127.642664 80.789389 92.933296 105.733242 150.873777 121.565709 91.574158 87.820273 156.823985 101.096538 23.919894 160.765776 124.420028 195.880669 107.974752 31.391888 298.344753 0.000000 102.456917 97.977438 -116.446980 59.470153 176.457026 67.485640 89.507187 53.117155 195.149943 419.961863 109.506457
0.000000 0.000000 0.000000 0.000000 122.627046 90.639888 150.060459 263.566752 201.961005 143.739365 150.827011 86.515022 -22.734520 0.000000 201.948533 60.403090 29.514229 122.633603 140.701036 143.091316 -131.356735 0.000000 140.153480 99.044806 232.049809 148.915009 99.176895 79.301854 110.502170 68.406195 129.343090 89.317349 60.747556 -20.470345 -29.832242 80.373365 76.765794 154.555159 54.132281 90.664976 61.626605 130.729123 23.476515 142.728980 -127.688794 218.706861 -59.075886 93.749979 0.000000 225.896621 1.281646 87.437652 118.210144 156.466409 15.590675 37.587789 111.249991 -313.127736 124.937761 149.598354
0.000000 0.000000 0.000000 92.539396 104.579475 26.154887 152.681181 145.992258 195.716302 54.976306 193.686462 141.371331 14.021452 70.226801 0.000000 0.000000 131.819747 38.457044 69.004110 85.171857 221.545417 0.000000 174.365631 160.619062 56.287089 160.523739 15.422600 116.306601 59.685757 72.942096 105.306613 73.513472 85.144027 125.520248 156.341477 145.937715 16.437270 122.247356 77.835414 202.366437 98.929797 233.333034 191.480839 145.755146 88.288417 85.886280 126.300022 120.358796 0.000000 252.735984 1.259540 31.840535 101.263072 138.331068 26.295137 54.717403 50.162557 385.453207 116.530737 117.128211
0.000000 0.000000 152.353967 59.517301 155.938004 126.896558 46.928278 25.777478 167.425395 74.181368 119.289743 250.483645 174.605319 489.301608 48.455303 96.020079 0.000000 207.129115 15.265718 140.583795 -251.178299 0.000000 220.492866 230.350282 0.943034 138.021699 40.354465 66.268455 72.357670 104.815861 136.738355 65.383023 48.246103 153.810834 -68.527495 171.177625 -201.470738 101.653658 101.908258 89.716595 6.788599 120.587000 -233.149377 138.628521 43.558144 119.141867 100.205795 22.493511 0.000000 138.603938 35.931445 181.030363 93.675836 197.926106 68.218406 112.637728 153.445155 -219.483232 107.699922 28.311202
0.000000 0.000000 99.224706 122.242026 74.623457 120.075397 87.074407 71.247793 214.376159 119.110738 66.117738 149.437528 5.504627 128.375888 83.303194 44.402163 0.000000 57.661098 98.814267 89.507784 0.000000 32.413315 185.546067 207.014644 -4.772144 161.086617 135.535669 83.250422 95.888193 79.972183 107.748310 84.384470 85.005911 118.279523 58.245990 91.748169 320.080173 88.700443 79.210323 70.967693 88.373681 245.241283 165.314312 125.034109 147.777634 149.706057 5.569425 178.470325 76.799802 0.000000 114.092115 189.767800 46.173133 83.708179 37.435131 112.287165 652.678050 139.127181 205.655173 113.967502
0.000000 0.000000 59.836518 122.228336 123.780197 75.239487 85.932361 121.778190 70.509899 149.473499 21.770161 90.399351 146.025077 75.448508 115.887897 127.413610 21.225212 0.000000 -49.340288 0.000000 109.868071 191.551802 42.184508 96.959838 75.557888 16.396973 94.944118 108.003210 84.004945 115.271032 73.452597 62.759429 -38.640276 131.166315 96.395017 234.188834 -169.863314 183.980972 156.140361 114.758283 95.039906 70.204456 -150.382218 81.960147 -48.036120 119.175103 111.768947 -15.026535 -123.859990 0.000000 -538.113608 133.133121 21.924560 140.381842 217.222975 -318.267866 92.520996 31.583651 124.270442 -102.264094
0.000000 0.000000 71.291555 103.612503 125.100776 97.204584 86.061114 174.060992 47.378305 168.482692 -33.063085 293.321833 -24.001372 376.526368 -279.395039 348.907644 -85.719408 193.079972 0.000000 229.706365 20.732314 92.394229 39.859679 81.709183 281.527503 115.344500 150.646160 95.377496 44.099895 97.721797 99.116838 224.592681 79.507868 87.759645 100.056540 67.453325 95.290638 582.303346 106.517148 92.752008 97.459716 118.717881 83.341966 257.788435 97.962648 221.816460 -151.067497 172.440644 -220.435386 0.000000 -88.271100 259.340875 81.098995 113.638563 631.260370 166.908445 182.609117 121.621027 382.015895 180.382582
0.000000 0.000000 70.206656 88.695731 129.381498 100.152069 85.472821 238.980274 -41.007268 346.824467 -220.495800 501.005637 -71.616351 565.827985 -595.094316 316.325161 162.506592 415.368051 0.000000 52.375292 77.597310 162.907064 109.014074 108.085142 226.788376 115.068271 129.879662 130.124407 183.007163 28.817080 188.170875 -62.576030 100.198479 98.915293 61.629307 148.637469 75.674335 120.173469 -374.247822 94.926836 74.374142 101.985863 57.421599 83.969054 -216.791743 128.927309 148.936403 157.065910 82.987181 -77.948952 0.000000 -213.547500 120.214222 -384.382561 201.719246 31.506524 201.755016 -595.804232 114.121763 -104.128224
0.000000 0.000000 81.626847 82.851436 118.377004 82.774098 12.478671 64.800842 189.006419 105.863142 50.100333 89.592240 207.298199 146.277813 76.688708 120.732555 95.020828 263.816047 -213.058670 0.000000 65.600156 164.651928 295.991600 155.274907 347.867867 238.717036 133.455725 115.993008 168.151622 101.129847 346.365967 79.094305 121.708973 115.106437 115.886672 67.526097 78.578847 111.320370 74.874045 579.964993 117.572751 172.212762 144.389621 204.927114 344.454597 116.046140 96.892427 24.293207 166.232920 107.967916 0.000000 -1051.506978 -93.431516 -599.479406 177.081918 -61.885180 637.523909 -388.692526 255.483503 -265.329580
0.000000 0.000000 108.889634 100.793254 107.968495 83.585718 55.619619 124.934366 52.503872 161.081817 -46.026691 300.042162 99.143882 302.239490 -253.589231 169.088342 -0.779409 631.869832 -554.421860 0.000000 100.575311 -15.902894 172.481287 59.739752 218.051987 165.252222 78.737564 28.979784 112.044077 -192.613055 88.894005 169.356907 67.286748 160.315382 -20.054645 168.013381 47.143423 79.515238 47.750907 344.854495 -43.350182 128.266588 26.751902 57.848258 -770.198593 146.696228 106.404196 162.449381 75.690473 0.000000 0.000000 0.000000 0.000000 0.000000 0.000000 0.000000 2151.037518 -1126.540727 179.953681 -12.364337
0.000000 0.000000 95.448908 94.315229 116.714514 94.875813 73.667463 139.792793 55.781306 165.559063 -47.398682 327.310560 81.291290 394.496188 -250.030547 178.641671 -108.702771 636.967420 -418.778167 0.000000 -262.322064 -118.867500 237.229855 145.547597 237.256877 154.185910 519.974385 226.960561 819.967555 116.628309 66.266258 68.364798 101.698976 99.686195 129.608323 103.505469 114.400895 104.055118 96.257203 238.016716 136.873748 463.753530 64.839965 118.181680 -166.849482 59.508124 93.108188 132.927669 -58.009467 0.000000 -258.554999 -772.196648 87.314746 40.736161 232.016458 141.709551 217.683996 -1432.700115 -84.508521 -48.706241
0.000000 0.000000 108.397328 106.018829 120.971276 110.457485 89.888391 169.618382 65.426259 232.095679 -70.079210 330.673964 158.156098 530.444991 -337.291924 242.856115 -260.604797 530.991389 -321.695803 -389.212119 0.000000 -405.549130 85.192372 -14.168518 162.774978 -87.001531 209.878242 61.684283 221.677638 93.277969 97.752853 164.937105 103.130317 152.455776 -26.086803 180.963906 -161.643255 139.518928 53.115791 140.921034 0.909759 43.282629 -553.560770 27.461586 -581.515144 152.884213 -80.660375 -80.252031 0.000000 -0.363272 50.004371 75.554680 340.488403 113.546999 68.473710 66.320205 59.171121 163.343960 119.068157 107.301141
0.000000 0.000000 93.090941 93.486157 113.376971 90.859474 74.882969 120.341493 57.000326 193.153322 -3.100533 219.350751 183.220158 474.079885 -275.834906 236.163707 -242.460690 385.926375 -179.036296 -61.634111 1.313762 0.000000 94.954263 138.868302 310.760520 79.529100 313.370902 89.598734 125.798550 132.212162 82.884148 112.203941 65.038366 137.427437 118.609675 89.142459 92.447171 278.885882 85.843003 210.476196 76.545020 184.521051 -155.569026 437.870017 70.961200 556.546977 -356.858941 0.000000 71.535452 -323.425209 87.775203 1.949744 131.086781 -95.862973 146.483453 213.097624 139.487014 44.408742 160.311616 213.132041
0.000000 0.000000 120.878761 103.591255 86.594184 90.371716 82.546116 135.724833 50.797862 187.266080 -75.989779 297.826961 98.793604 391.125339 -283.683899 215.096839 -166.437938 227.728172 -394.867372 146.262610 139.101429 0.000000 60.428657 -75.239093 267.156631 -315.667829 143.990051 -56.055308 112.916064 113.057684 90.962990 146.085609 32.176537 103.058312 82.287855 139.187385 43.652928 80.533761 -58.787033 126.912887 -172.161050 39.629806 -771.690897 -104.515790 -606.295953 -1490.848053 0.000000 -128.314890 63.255315 6.106897 150.773688 96.762670 158.790782 164.331435 310.491411 98.158958 53.258486 148.116905 10.570344 76.708331
0.000000 0.000000 93.330622 143.394409 102.307271 93.134758 87.270110 138.750897 76.757181 214.033399 -97.707031 101.737377 176.631460 129.769922 110.218572 -47.908564 -313.936301 337.854932 -371.851161 1096.026795 -329.810342 0.000000 -235.937421 5.438002 446.960123 212.422747 543.229262 81.553515 124.427281 89.873009 55.578075 117.612249 96.333330 70.174935 97.600365 121.270101 110.589956 120.380962 62.782453 202.517109 -31.615559 132.103546 32.810151 140.285807 85.815744 0.000000 -50.794823 -126.316781 119.840172 -2.389673 152.420825 250.809782 194.083427 255.215026 253.719581 94.372700 179.409081 129.156153 92.662590 176.699688
