geotop/1.0zi/1.0Montebello/Templates/Dripsey/maps/_Erotot0223.asc
ncols         69
nrows         152
xllcorner     146499.907223
yllcorner     75332.943423
cellsize      50.000000
NODATA_value  -9999.0
[rows 54 to 80 of 152, columns 0 to 59 of 69]
0.000000 0.000000 108.624297 108.787371 75.398383 91.581548 75.417337 165.826485 64.091453 251.977418 -96.639297 373.814815 -95.468874 576.595855 -202.160131 93.701522 -67.573037 84.972223 147.577174 73.436132 25.298905 33.495382 0.000000 -887.896767 152.289536 -532.369731 530.842078 94.506885 110.381222 85.791432 149.980797 25.679766 89.710567 69.127362 57.734484 77.130104 82.488633 140.127669 -25.838636 113.205114 42.629011 109.397344 60.019294 416.740480 0.000000 142.661535 86.619488 214.337286 170.815193 176.315778 203.524832 219.186834 -32.484723 177.496471 165.522549 171.936662 39.390129 61.152035 110.147884 112.758889
0.000000 0.000000 99.848064 93.467694 35.733080 123.145663 93.696229 33.028694 184.438878 107.659764 107.533314 50.471886 -42.592796 553.806621 -851.662737 -176.790516 66.534093 22.352250 164.134000 80.826908 149.468908 44.967829 0.000000 -891.348271 70.736903 208.859794 0.929946 32.966391 115.861928 75.228524 128.871004 111.396021 123.872823 85.075414 104.804426 136.715295 30.821384 130.199648 102.825604 85.220900 135.155584 98.780386 307.201130 108.949518 0.000000 -260.439439 228.738100 75.209189 132.886869 105.442535 232.437354 393.348611 102.549863 205.367468 75.605240 169.856313 112.922526 67.815428 168.867514 185.826095
0.000000 0.000000 129.776626 97.188613 76.070035 22.560027 1.457027 211.558849 13.920276 286.102491 -66.672587 82.568604 157.280216 525.168187 168.643043 62.479196 93.600455 74.981529 100.646131 93.601426 139.164666 29.599748 84.631148 0.000000 54.580567 232.425135 50.699874 140.047777 100.806553 16.565242 166.507587 47.075399 86.402420 41.559693 24.004796 77.565885 37.236818 109.318090 72.525074 130.073778 121.490761 20.579891 143.390551 -140.746098 0.000000 227.919880 46.137896 128.561386 141.393701 293.107785 57.815352 117.117908 -86.268402 -0.814869 4.774610 9.287235 33.672470 58.075861 64.661448 35.679994
0.000000 0.000000 0.000000 58.955063 132.214790 86.325760 85.885275 90.856042 70.640910 123.254786 34.904951 0.877453 55.183688 87.400739 97.779975 58.224634 136.920666 72.222838 145.624308 80.818641 66.940717 83.865877 111.234269 0.000000 195.624184 89.108370 209.087765 178.389198 425.821250 101.798745 136.105922 115.125648 121.394289 86.095707 101.685739 131.283759 85.211563 92.388555 89.430657 96.918073 54.319717 577.923358 151.534341 0.000000 -142.812345 -84.231843 308.950623 40.642669 241.960511 335.100178 32.304446 77.017064 1.231836 99.599488 61.008326 82.417561 155.325747 105.008494 97.483442 79.429968
0.000000 0.000000 0.000000 121.802875 52.757197 88.943431 133.298256 97.984887 105.548995 101.935570 19.147163 124.513975 127.820898 34.444947 204.204682 125.061558 -109.725373 159.192055 21.737737 224.589317 -111.667066 409.183465 391.478256 -515.287250 0.000000 -79.894685 168.393955 -13.203457 142.012324 148.931039 110.104923 -9.373072 147.598841 31.954382 21.100790 137.225068 -230.007100 73.224342 78.411509 59.083580 88.758847 112.656263 -769.449217 0.000000 69.564546 78.823742 183.206671 306.541197 58.647690 53.801554 -7.725911 0.240777 0.852274 0.977941 0.941119 0.783027 70.728498 69.508021 151.321056 0.000000
0.000000 0.000000 0.000000 120.874132 84.310932 107.796909 31.006674 115.187482 -182.186829 286.782487 -230.348731 278.392248 69.850796 1260.971871 -439.040202 223.392151 -1982.943698 928.001258 -229.256933 839.646223 -728.117369 107.307335 182.015152 69.367143 0.000000 -53.110772 254.720879 143.773581 333.275871 97.548177 253.516985 106.257490 24.541089 226.689918 244.037123 70.847467 102.321821 557.117103 169.856503 41.853000 81.724190 69.232413 43.673956 0.000000 242.054342 -18.179919 210.234047 262.022456 135.218641 108.988360 1.340169 12.149093 0.628032 0.000000 0.000000 0.000000 0.000000 0.000000 0.000000 0.000000
0.000000 0.000000 0.000000 132.748040 42.365654 31.354517 -6.568804 23.055277 94.689854 114.308277 -16.308854 116.560101 -10.974761 454.542965 -125.817101 231.049216 175.012281 108.815966 91.071255 172.754297 11.695372 846.331572 618.931967 169.192343 0.000000 -1009.291034 31.288547 -2.989405 135.312397 55.293809 165.708156 110.684107 145.926356 -15.595810 -21.626310 125.263579 62.265913 179.055486 -302.852242 184.009443 112.163731 121.898230 0.000000 -22.434976 198.722758 123.427300 167.551117 301.250304 43.720984 42.163721 1.981037 0.500915 0.000000 0.000000 0.000000 0.000000 0.000000 0.000000 0.000000 0.000000
0.000000 0.000000 0.000000 0.000000 0.000000 97.571504 111.720344 164.451127 141.086469 95.748587 139.557241 131.922272 -40.002973 110.877288 73.465872 118.602397 99.820851 142.874281 141.749834 202.523479 -30.050127 -183.660184 329.471321 496.043444 -1855.367936 0.000000 -58.169183 108.105296 338.173769 75.323321 82.974962 126.923297 92.052270 225.523675 319.285491 58.044932 140.656381 122.834356 118.234962 493.225853 123.875251 0.000000 -32.111577 120.365329 105.294345 161.791212 164.480054 286.226126 0.192471 1.532469 1.267537 1.051383 0.000000 0.000000 0.000000 0.000000 0.000000 0.000000 0.000000 0.000000
0.000000 0.000000 0.000000 0.000000 0.000000 0.000000 84.846911 68.675631 57.731593 32.011382 126.371981 82.388793 167.863986 130.808854 69.449506 26.232354 199.037760 89.011073 49.198232 646.125606 -201.563906 -264.081277 189.012292 131.245130 78.391793 12.986127 0.000000 -437.967911 120.961246 111.059668 156.702786 17.580055 146.046286 -69.427939 -82.112361 95.293117 116.169264 134.084055 96.948029 -503.768171 0.000000 188.395196 72.812131 148.598948 72.834447 198.843733 22.684168 106.786591 17.466125 98.265029 0.874353 37.239126 0.656028 0.000000 0.000000 0.000000 0.000000 0.000000 0.000000 0.000000
0.000000 0.000000 0.000000 0.000000 0.000000 0.000000 0.000000 84.955731 84.875123 38.978561 171.992982 114.028277 61.979668 126.468324 75.775388 36.459947 183.578486 -111.124631 31.386081 58.012830 142.892950 129.792716 120.606587 181.093634 -326.152685 -147.218122 0.000000 -212.748890 116.529538 145.179865 515.309404 105.182240 27.296696 413.383929 420.267162 80.778280 81.974714 26.820111 63.711477 0.000000 -1.652724 -572.750758 441.491479 23.629218 145.837481 83.178640 85.776718 193.326384 29.735409 128.793549 110.253924 163.332416 32.697062 0.000000 0.000000 0.000000 0.000000 0.000000 0.000000 0.000000
0.000000 0.000000 0.000000 0.000000 0.000000 0.000000 0.000000 0.000000 50.660510 31.895411 104.708060 102.846464 128.140367 79.605289 93.627136 145.144900 161.304087 103.504737 101.882421 27.767408 194.878156 108.292568 48.204714 698.861361 139.299450 100.675540 94.885323 0.000000 126.267921 -477.404610 141.624303 194.612297 50.122646 -11.531396 -77.656923 34.872253 107.942373 99.641816 173.406037 0.000000 138.474014 210.091101 33.762537 140.483978 198.325235 39.977558 131.659284 104.340806 171.782468 194.294563 192.664164 128.289791 229.189959 0.000000 0.000000 0.000000 0.000000 0.000000 0.000000 0.000000
0.000000 0.000000 0.000000 0.000000 0.000000 0.000000 0.000000 0.000000 0.000000 17.214650 94.951006 89.758787 132.543149 90.676691 22.068708 189.167222 48.775144 203.531067 -95.602949 409.542367 -188.285114 214.317166 -589.735509 96.401284 115.082272 242.828899 -505.695324 -198.758573 0.000000 -569.163704 114.838942 176.853228 45.214438 422.266450 600.568095 133.654529 172.678385 118.344099 0.000000 111.402486 112.463545 250.618820 2.204189 34.529241 96.284521 95.499432 81.304632 165.555092 120.103849 101.484114 137.061093 74.079123 0.000000 0.000000 0.000000 0.000000 0.000000 0.000000 0.000000 0.000000
0.000000 0.000000 0.000000 0.000000 0.000000 0.000000 0.000000 0.000000 0.000000 96.488246 125.872660 50.166329 154.840204 38.454660 93.811909 0.771299 90.134525 162.602294 133.192151 142.228494 -84.760012 135.499568 60.493713 130.525646 51.774497 401.822115 177.989843 147.795881 58.230122 0.000000 14.022940 98.496643 180.389182 -239.445784 -343.528807 44.820341 -9.336233 0.000000 37.443984 90.548965 66.679558 171.687952 29.433770 144.174935 78.885074 178.052170 63.748260 68.148828 102.159538 62.999515 112.691410 206.786532 0.000000 0.000000 0.000000 0.000000 0.000000 0.000000 0.000000 0.000000
0.000000 0.000000 0.000000 0.000000 0.000000 0.000000 0.000000 0.000000 0.000000 98.996432 88.685656 46.426977 70.471755 79.025683 91.233232 20.567815 142.747153 189.384414 -117.148227 170.793508 118.688141 163.639133 97.987131 55.824674 -90.888709 119.760134 -19.535411 372.916405 -1237.947963 -428.417173 0.000000 43.825909 103.134026 -218.642950 -141.113761 9.115480 0.000000 -274.687418 169.531054 125.138689 105.335404 115.957806 58.703190 81.846535 66.499297 87.838210 137.418802 103.094795 261.153167 168.554576 143.856101 0.000000 0.000000 0.000000 0.000000 0.000000 0.000000 0.000000 0.000000 0.000000
0.000000 0.000000 0.000000 0.000000 0.000000 0.000000 0.000000 0.000000 0.000000 93.602728 126.831023 161.837058 83.871842 77.003741 132.906461 62.844577 137.918720 112.577615 165.340467 106.996807 2.677082 10.529364 179.793488 97.624488 110.372914 105.321426 119.407989 229.746424 134.686293 -94.605599 -385.264122 0.000000 -6.888043 -363.500526 -475.145695 -154.893494 0.000000 307.439116 1.032376 165.754441 94.833578 49.088093 116.203496 77.681180 81.412693 -64.622448 187.501905 -206.062865 122.450007 33.501417 0.000000 0.000000 0.000000 0.000000 0.000000 0.000000 0.000000 0.000000 0.000000 0.000000
0.000000 0.000000 0.000000 0.000000 0.000000 0.000000 0.000000 0.000000 0.000000 86.635886 26.332220 163.458639 79.411031 75.802007 76.392877 72.410462 116.376560 59.092782 117.360138 60.046224 88.973962 66.427670 152.163375 100.275246 125.893110 88.961956 143.447883 111.001071 162.771841 155.177451 -186.248338 0.000000 -16.390537 46.873792 143.850952 0.000000 -0.278559 301.727374 0.981695 40.424656 78.641847 153.740861 107.777510 95.726819 191.498451 90.618792 68.536076 -73.621984 99.017846 49.777893 0.000000 0.000000 0.000000 0.000000 0.000000 0.000000 0.000000 0.000000 0.000000 0.000000
0.000000 0.000000 0.000000 0.000000 0.000000 0.000000 0.000000 0.000000 0.000000 140.581814 -70.910471 77.313992 165.624585 72.257751 64.187375 140.850986 94.206488 61.992640 177.972337 115.356659 109.640538 44.953492 88.524185 119.957482 163.539433 135.281934 92.938790 13.089913 143.640140 64.151254 152.260720 137.947598 0.000000 24.268505 0.000000 -126.778795 24.169242 127.558458 78.674397 115.264974 76.416924 -154.791232 100.738395 -82.239569 83.792616 -151.440616 31.580729 -242.601514 109.396314 197.596532 0.000000 0.000000 0.000000 0.000000 0.000000 0.000000 0.000000 0.000000 0.000000 0.000000
0.000000 0.000000 0.000000 0.000000 0.000000 0.000000 0.000000 0.000000 48.857218 57.294734 102.076661 217.275244 57.262809 117.018969 79.938813 197.549468 146.591464 68.906346 -0.825265 124.128406 78.477285 72.247156 120.656963 75.427201 33.020865 130.552572 55.238656 34.583992 156.554121 111.108306 131.095059 81.275183 0.000000 0.000000 0.000000 0.000000 0.000000 0.000000 0.000000 0.000000 0.000000 0.000000 469.771476 -492.245845 325.471642 -266.717869 93.744659 118.452234 127.844809 0.000000 0.000000 0.000000 0.000000 0.000000 0.000000 0.000000 0.000000 0.000000 0.000000 0.000000
0.000000 0.000000 0.000000 0.000000 0.000000 0.000000 0.000000 124.505902 138.190883 107.865210 104.194221 12.193802 62.127459 116.960767 156.911131 117.315387 -93.017918 -497.280524 -221.652017 77.538370 -1.201320 123.267433 129.311228 112.427675 91.075732 64.506032 68.428010 84.929815 69.097713 126.012782 6.649667 91.862077 -165.780861 0.000000 -152.761985 20.476206 113.056186 155.225381 38.184725 176.675774 179.456422 -18.146028 -12.710180 -327.063500 124.939640 38.947666 42.881146 49.921632 130.233304 0.000000 0.000000 0.000000 0.000000 0.000000 0.000000 0.000000 0.000000 0.000000 0.000000 0.000000
0.000000 0.000000 0.000000 0.000000 0.000000 0.000000 0.000000 99.211811 80.643454 117.976615 59.917137 145.760645 173.583301 85.561486 124.347567 39.308583 104.446499 80.637245 139.284528 731.750586 111.630526 84.490026 95.676979 48.941716 127.643904 83.034097 109.714972 15.543684 134.101823 98.183602 131.195043 70.974510 0.000000 26.291980 218.897825 -269.249243 243.294022 236.528825 132.505760 229.473059 143.860578 203.522044 11.549110 -627.195646 -34.548578 126.919580 142.237176 95.655294 142.406285 0.000000 0.000000 0.000000 0.000000 0.000000 0.000000 0.000000 0.000000 0.000000 0.000000 0.000000
0.000000 0.000000 0.000000 0.000000 0.000000 0.000000 0.000000 44.630601 93.002867 98.954447 22.807693 133.127424 -217.696003 23.330927 123.005191 162.050440 24.675455 94.450211 108.989522 91.658625 -248.884861 37.212892 -84.723219 146.632103 101.006651 77.534406 97.897817 30.978900 182.494252 122.485514 96.466163 108.948404 0.000000 -33.352152 85.425496 235.375611 -58.578397 44.728689 -31.370100 0.962988 54.076951 74.440470 97.734077 564.972806 92.034530 -16.600530 105.998783 98.493934 66.928156 0.000000 0.000000 0.000000 0.000000 0.000000 0.000000 0.000000 0.000000 0.000000 0.000000 0.000000
0.000000 0.000000 0.000000 0.000000 0.000000 0.000000 0.000000 105.468457 69.029935 151.363917 165.270384 114.764391 522.990795 57.560036 120.401287 40.748079 126.752391 113.848886 116.687704 69.198314 123.397384 458.008792 139.144425 138.971809 105.720877 158.913695 86.631372 55.436384 117.584829 90.244331 173.111850 91.198351 0.000000 -91.494376 260.982581 330.171162 94.672622 189.691076 54.740793 60.440239 173.976459 169.476105 27.293260 -481.427617 164.833069 188.562203 170.870514 158.786296 25.987465 0.000000 0.000000 0.000000 0.000000 0.000000 0.000000 0.000000 0.000000 0.000000 0.000000 0.000000
0.000000 0.000000 0.000000 0.000000 0.000000 0.000000 0.000000 139.631605 -78.931381 92.559724 125.244591 82.312897 435.984990 56.309322 184.026729 149.822231 123.565289 69.299044 70.978753 167.199575 -55.216572 -247.788445 -57.668972 135.089166 111.317666 116.216019 113.680259 127.920681 113.843648 90.203038 -81.566633 0.000000 95.936959 255.591851 -133.348758 72.368379 42.709528 66.514854 12.143322 29.550343 45.657590 8.404259 132.780379 -300.462617 130.578362 116.119415 0.331476 27.665797 0.000000 0.000000 0.000000 0.000000 0.000000 0.000000 0.000000 0.000000 0.000000 0.000000 0.000000 0.000000
0.000000 0.000000 0.000000 0.000000 0.000000 0.000000 0.000000 80.026257 119.052313 91.676143 129.451910 136.085735 422.724655 96.243965 379.134683 62.172296 183.322148 150.983589 107.045285 86.668045 103.126091 497.681351 89.869758 437.349755 49.799000 331.607807 87.675894 220.612070 108.854260 99.505240 0.000000 6.543721 289.316858 284.972707 22.077301 211.619249 63.623081 87.770159 42.060647 35.415436 145.639339 101.671368 -547.235621 -648.272822 169.113700 168.800297 0.748856 0.558180 0.000000 0.000000 0.000000 0.000000 0.000000 0.000000 0.000000 0.000000 0.000000 0.000000 0.000000 0.000000
0.000000 0.000000 0.000000 0.000000 0.000000 0.000000 0.000000 102.220959 67.368823 159.504785 169.462344 108.944337 -1189.146389 150.879517 -273.972637 158.881313 101.957407 159.579031 39.212221 80.158685 69.488759 -185.023579 140.140023 112.421241 79.817450 105.541345 -50.658738 96.902434 -80.334623 25.769560 0.000000 284.854595 1.221339 57.933719 3.599104 65.798250 0.296963 0.751624 0.584629 0.569337 136.958113 145.804078 343.504801 436.572937 113.962136 115.734440 0.664066 0.000000 0.000000 0.000000 0.000000 0.000000 0.000000 0.000000 0.000000 0.000000 0.000000 0.000000 0.000000 0.000000
0.000000 0.000000 0.000000 0.000000 0.000000 0.000000 0.000000 152.188308 112.637587 46.904691 -254.410568 443.153064 -761.318665 0.000000 0.000000 0.000000 -178.773673 30.233217 0.990048 4.493874 111.752085 968.303108 96.128491 80.898247 99.259051 306.122316 102.242654 227.856295 142.002828 0.000000 -17.663360 215.514089 24.405739 268.284152 1.192135 78.997519 1.135618 0.604159 7.643595 49.843640 104.545912 128.688121 -186.107141 -108.424257 123.782814 135.359893 53.125420 0.000000 0.000000 0.000000 0.000000 0.000000 0.000000 0.000000 0.000000 0.000000 0.000000 0.000000 0.000000 0.000000
0.000000 0.000000 0.000000 0.000000 0.000000 0.000000 0.000000 0.000000 135.150062 195.788341 150.497949 130.755244 -1869.873321 83.359997 92.427753 0.894547 0.000000 0.000000 276.647495 229.180535 123.456271 -531.341909 98.151457 151.709901 118.770636 179.623224 -351.245011 99.951037 -802.874056 0.000000 72.754229 198.454367 -28.475398 148.997900 26.420223 107.809619 1.004969 5.029816 76.597092 103.731782 153.785718 106.009027 186.448470 166.300517 94.026308 126.877921 0.000000 0.000000 0.000000 0.000000 0.000000 0.000000 0.000000 0.000000 0.000000 0.000000 0.000000 0.000000 0.000000 0.000000
