geotop/1.0zi/1.0Montebello/Templates/Dripsey/maps/_Erotot0293.asc
ncols         69
nrows         152
xllcorner     146499.907223
yllcorner     75332.943423
cellsize      50.000000
NODATA_value  -9999.0
[rows 27 to 53 of 152, columns 0 to 59 of 69]
0.000000 0.000000 0.000000 0.000000 0.000000 0.000000 0.000000 0.000000 0.000000 0.000000 0.000000 0.000000 162.866691 66.026672 95.924226 150.690769 170.577350 368.383905 178.180680 167.189833 556.458848 105.636311 140.324362 117.739509 267.230178 121.795052 0.000000 0.000000 59.354556 189.238077 229.033027 279.717649 174.684262 97.945751 51.758017 -40.228648 44.847284 99.389820 102.183835 165.365753 146.875562 147.210217 109.885986 190.709763 18.012076 149.719039 141.410643 182.825558 178.907302 122.098678 97.891156 120.033654 76.922708 35.112027 109.335206 115.872119 103.445100 184.914937 67.784942 145.786253
0.000000 0.000000 0.000000 0.000000 0.000000 0.000000 0.000000 0.000000 0.000000 0.000000 0.000000 0.000000 105.968285 148.202923 101.342167 166.205308 59.315964 238.168692 -304.104963 -4.651554 -905.720003 150.186121 103.674318 -115.535658 -855.810559 0.000000 158.537817 218.167483 92.459745 101.495698 30.899580 31.704422 37.202687 62.860227 102.328802 156.467415 87.778416 78.445089 147.433963 95.963582 94.325351 -19.086674 121.755220 93.547872 -429.376721 184.587437 131.420704 -434.452985 20.462916 14.835746 58.478077 202.030432 -265.107019 -163.089732 98.517211 98.252528 118.141480 -21.708811 93.163019 116.214241
0.000000 0.000000 0.000000 0.000000 0.000000 0.000000 0.000000 0.000000 0.000000 0.000000 0.000000 0.000000 80.207016 120.998823 91.394000 162.612088 146.059878 115.212952 -32.698852 137.869719 146.908740 611.421278 37.587017 -163.084257 0.000000 56.331051 179.170612 264.550938 71.147600 72.366847 115.184992 59.342726 105.905303 193.356802 99.319688 76.256670 94.956762 121.123470 106.219981 149.613066 127.628377 56.583611 61.468676 91.717388 69.660045 133.784250 85.281537 131.880818 46.919289 142.075547 23.965414 98.026747 316.416423 212.770068 152.950641 114.892994 202.658639 62.677785 97.004524 110.883126
0.000000 0.000000 0.000000 0.000000 0.000000 0.000000 0.000000 0.000000 0.000000 0.000000 0.000000 0.000000 63.960071 161.144316 162.051870 162.131095 -197.168167 -84.420982 -123.350666 110.090652 150.973521 -817.210344 0.000000 0.000000 6.658837 134.432973 56.453806 107.527165 0.956583 26.890803 0.875900 1.194790 34.725758 71.205177 170.623556 -3.665972 125.446040 71.542495 119.320411 68.836514 128.004230 96.761033 -124.642508 71.403611 47.012116 76.543121 215.812092 98.394955 -559.263896 -9.095492 162.014155 182.449938 -53.627958 -246.649388 148.317333 -396.057573 194.645574 30.357099 188.851127 91.931319
0.000000 0.000000 0.000000 0.000000 0.000000 0.000000 0.000000 0.000000 0.000000 0.000000 0.000000 66.794551 78.651494 103.430211 78.312559 141.698527 87.903725 -111.103622 67.327940 225.504287 26.966310 0.000000 124.092354 150.717507 36.843291 101.108762 111.330297 115.565336 27.209074 53.087023 18.010567 10.847582 37.280105 77.863291 160.741812 122.772774 111.861696 103.802669 122.216640 80.981919 64.197512 127.635014 189.769091 169.762958 162.623755 121.956305 189.708238 800.585577 240.426696 436.764744 137.296848 133.192111 545.456589 148.106493 685.108966 65.419494 133.488462 196.742330 58.223140 98.749715
0.000000 0.000000 0.000000 0.000000 0.000000 0.000000 0.000000 0.000000 0.000000 0.000000 0.000000 224.387536 12.161445 112.275861 163.638033 92.231327 76.611615 86.969536 -138.059480 295.315420 58.001531 0.000000 52.579919 93.622374 71.174757 84.954002 45.866574 124.367826 66.805541 155.297405 169.519239 123.086530 103.815362 116.431395 120.585266 108.215486 116.027231 96.109640 123.745771 96.263424 85.587648 126.788937 145.583600 122.961805 77.869382 54.738275 122.958041 146.946397 -404.235436 127.186862 -832.522464 100.674782 -944.493392 -288.382025 471.218958 -45.696173 316.406903 -7.744542 254.019990 63.063359
0.000000 0.000000 0.000000 0.000000 0.000000 0.000000 0.000000 0.000000 0.000000 0.000000 41.606541 127.929195 131.999345 50.269888 147.933972 52.435789 57.596716 37.248181 148.371415 786.072591 124.324161 0.000000 198.038199 194.375304 10.958014 107.559479 74.310755 153.041414 63.080056 110.515729 133.290181 121.702374 121.473639 90.133963 143.862335 108.496458 92.001472 53.128692 73.358535 94.063972 197.652107 121.257266 146.033876 127.670121 432.873258 91.599813 74.726501 124.859211 92.826990 381.029962 155.018664 83.865901 -71.951202 -112.350393 385.773721 32.465290 288.030971 -37.459387 255.355759 89.664597
0.000000 0.000000 0.000000 0.000000 0.000000 0.000000 0.000000 0.000000 0.000000 173.752688 423.504482 74.108518 79.447552 85.956216 67.754433 169.189068 83.824280 92.068126 181.647855 100.454461 -611.393644 0.000000 23.638247 205.427440 50.695569 176.750117 104.756463 152.079673 130.870509 121.627330 53.301780 59.820832 113.322964 103.623699 111.832898 130.508780 90.781518 85.068382 102.373134 93.044340 162.100886 118.196093 -118.286483 381.024202 -322.782014 193.449837 219.744198 67.247101 187.500424 -57.338180 -947.335662 -627.173141 0.000000 -953.092382 400.633999 132.143791 201.008818 165.497482 87.572557 146.843338
0.000000 0.000000 0.000000 0.000000 0.000000 0.000000 0.000000 0.000000 86.313648 117.044955 23.390114 17.215136 15.784111 88.807523 47.713850 29.745400 99.583908 83.929597 140.533740 74.398992 174.450249 0.000000 198.319201 199.258734 64.730239 136.280527 177.986651 112.883278 166.595165 159.684409 87.427306 96.691531 82.672049 98.692410 97.195065 125.809654 91.591225 67.940784 89.682958 70.273503 176.667953 73.868536 110.951757 114.967239 33.051801 508.482924 49.575958 88.778744 136.554115 106.969245 214.345668 0.000000 -308.523678 -736.802172 584.219654 98.487314 278.697310 -19.729519 374.953251 51.961487
0.000000 0.000000 0.000000 0.000000 0.000000 0.000000 0.000000 156.458235 120.170911 39.632402 200.261617 166.150549 180.978322 164.344068 95.209664 164.361093 219.069244 182.482912 -50.259748 128.628913 83.733199 0.000000 137.245264 120.451585 157.813052 -183.204124 417.633319 -258.847891 151.102203 -11.556726 148.944514 175.833648 20.575933 63.901845 81.413378 91.810677 71.752923 168.905139 90.934903 135.515855 8.973248 153.110964 50.377177 530.481087 -353.337001 -115.042079 -1197.912810 -40.706964 145.648538 108.475432 -571.706898 0.000000 74.593338 177.798433 62.657604 125.962127 150.272529 173.920994 27.341530 96.598565
0.000000 0.000000 0.000000 0.000000 0.000000 0.000000 160.115725 77.347146 199.278847 634.128826 303.446279 344.415531 205.372836 135.097738 12.178566 45.142587 136.854310 82.689204 125.792533 270.950202 76.135374 0.000000 159.687069 176.352498 557.813382 235.214750 113.214998 184.743273 141.723014 182.943242 69.125037 66.086787 142.730716 95.889137 104.064782 157.479811 124.448736 74.499944 76.337376 118.672758 77.230244 149.380388 114.003635 106.280088 216.650748 -258.250951 -826.094056 369.482680 -43.866889 49.677084 0.000000 -386.120983 -91.896200 -461.233685 172.342016 82.534515 81.880341 194.652731 30.326227 90.802611
0.000000 0.000000 0.000000 0.000000 0.000000 119.445647 50.959447 209.209987 18.366489 513.939228 -4317.143430 -1376.429083 15.729247 228.939811 64.072056 62.144252 151.450534 195.042716 65.697171 184.213024 -228.727628 0.000000 157.530761 -55.379159 280.874579 -218.106997 614.985117 76.337174 142.367826 -53.334096 125.424143 156.319178 109.816302 38.933853 51.764324 85.177740 33.745838 178.757364 63.121379 73.226418 166.095356 40.670437 178.191131 262.985072 -260.582405 63.879782 -35.292785 95.851389 -1067.933258 0.000000 12.047647 128.984080 201.718904 235.181896 364.911349 128.772935 71.858307 176.280842 107.791029 67.218506
0.000000 0.000000 0.000000 0.000000 0.000000 20.268124 127.275491 181.194349 88.527132 182.586804 -278.848380 -297.974288 -542.482816 -16.957712 106.639137 120.488707 247.027850 97.778212 45.371655 67.414331 258.235928 0.000000 373.384096 -209.217505 210.130370 213.751766 55.505279 125.754651 153.683340 162.363505 57.675389 138.302161 86.929828 98.627605 112.871849 164.214311 131.507347 96.898806 94.584482 164.518433 106.153103 13.407894 174.116877 131.293206 215.427718 118.028881 33.276434 311.195545 0.000000 120.667870 98.050071 -119.079284 65.779269 199.542218 67.669870 94.076165 53.815792 213.663109 436.851613 114.178404
0.000000 0.000000 0.000000 0.000000 131.256607 78.684440 165.626612 277.551529 217.877365 148.702600 168.864906 94.501783 -25.748438 0.000000 225.772336 85.150830 24.081567 133.466281 149.564002 152.828428 -134.761730 0.000000 154.557358 110.090702 247.060008 167.126959 87.758743 84.216513 119.887544 72.698641 140.652000 96.303159 64.333146 -23.113220 -33.349239 86.053391 82.101516 168.373463 57.599423 97.135181 65.990659 139.931744 30.816477 149.109757 -132.237598 229.592305 -60.396191 93.065246 0.000000 244.513180 1.503553 87.555289 118.698327 165.226728 15.848373 37.546911 111.396773 -324.990780 137.907379 165.596384
0.000000 0.000000 0.000000 99.618616 114.804261 17.179187 164.198683 160.177559 217.638472 47.595759 214.760715 155.323354 13.144283 73.820813 0.000000 0.000000 139.679452 30.617904 69.133705 85.232748 229.008820 0.000000 191.358399 180.338473 45.189030 173.242330 13.965237 118.241827 62.968380 78.009402 113.115703 78.645818 91.068086 136.072890 166.676297 153.059751 16.190297 132.102065 83.581685 212.269633 105.185898 244.507525 209.149048 158.097042 94.793721 86.342705 141.700970 127.354429 0.000000 273.067761 1.488922 32.004770 101.332455 143.593109 26.537956 54.846101 50.269042 397.261634 125.419938 130.389536
0.000000 0.000000 165.566931 63.898070 170.053511 130.232194 40.544401 25.895141 178.614248 74.237705 125.310362 267.630805 190.761634 513.358856 48.531920 97.265075 0.000000 227.686143 15.422334 153.180363 -260.991193 0.000000 241.397423 253.907221 1.157314 137.928267 40.562461 67.285498 77.198118 113.599935 148.703392 69.292944 51.025540 167.544738 -73.568048 186.469163 -217.717415 107.173096 110.131714 95.820131 7.763115 129.912922 -252.668037 150.738505 45.767121 128.277436 107.557452 23.146892 0.000000 152.983441 36.024570 195.135161 89.928867 213.535501 68.191739 115.236577 163.986314 -235.193940 117.691457 41.008410
0.000000 0.000000 101.150972 133.069898 81.856462 127.488941 87.127853 71.489832 237.167004 129.807575 70.534116 159.860488 4.791635 137.124922 88.632748 44.619979 0.000000 63.167010 98.898933 98.137408 0.000000 41.316932 196.833016 225.952744 -6.340200 163.139706 124.532437 85.206427 103.226296 85.817912 114.346459 90.126476 90.672111 127.914141 53.587699 96.197304 331.623194 90.577875 84.156146 73.597677 93.550669 256.133758 180.323619 128.040676 160.929060 162.308696 3.273666 194.992121 81.677172 0.000000 122.270089 207.070462 32.480871 85.773390 35.220926 115.386015 691.747706 148.073667 208.267461 124.112760
0.000000 0.000000 59.909563 124.224694 139.387782 80.486080 91.639243 121.191875 78.648911 158.079711 22.959324 91.054870 163.603359 79.073477 125.929624 135.906183 22.284470 0.000000 -47.533814 0.000000 118.928207 217.341993 42.343804 96.874783 75.785257 25.956042 98.871944 115.686043 89.010681 123.799094 79.795569 66.789811 -42.688580 141.900979 103.958381 243.851721 -186.221838 200.475757 173.430066 124.931656 102.147599 73.615925 -156.418745 87.986882 -51.854528 129.197548 120.043153 -19.036614 -137.185339 0.000000 -557.075442 160.536532 20.348524 157.055089 236.225304 -340.365103 98.969550 39.845446 134.391520 -110.185423
0.000000 0.000000 71.441230 105.932347 142.214297 105.542334 92.773173 185.183633 50.997735 178.572020 -34.493270 307.635978 -25.082975 395.099307 -291.846840 365.010188 -88.071809 199.675318 0.000000 249.459944 20.902709 92.217760 40.103272 81.768637 268.812113 119.601824 160.075620 100.703788 41.374326 102.208347 104.162200 231.469655 79.597320 87.932418 106.543482 71.355540 99.747726 615.545969 115.337578 100.560309 105.073857 126.110938 87.567922 268.976421 105.423011 233.829781 -153.711346 180.475372 -232.913323 0.000000 -97.406019 282.621609 66.566087 122.605028 672.986243 176.418784 192.536503 129.134403 404.131387 192.922386
0.000000 0.000000 70.351529 88.886209 147.681357 108.818148 92.505454 248.302494 -43.934440 361.619080 -229.401078 523.232898 -77.899063 597.623152 -629.361686 330.814840 170.531128 437.635915 0.000000 68.029215 77.644967 171.546597 110.665363 124.747035 229.573187 121.763922 137.254929 144.632225 199.596989 33.125448 205.278437 -70.587694 112.854813 111.830206 65.931796 161.991006 80.741962 126.360642 -400.217369 101.821370 79.434639 109.191308 61.707797 88.756789 -228.433504 139.729307 162.318407 171.361947 88.634283 -80.489783 0.000000 -214.089505 127.907630 -412.370440 213.262757 36.594108 207.260037 -633.888739 124.379400 -116.694399
0.000000 0.000000 81.675215 83.832457 135.091112 89.678635 12.153086 64.871736 209.912195 115.446085 52.192687 89.839413 231.216093 161.119301 81.266523 131.057185 102.326973 283.762156 -234.186031 0.000000 64.364558 180.855042 292.204130 162.068428 367.019908 251.783834 137.694607 126.179034 177.147389 109.496857 361.936427 84.982525 130.444828 123.851144 125.690967 71.028450 84.233196 117.632660 79.030285 614.728893 126.174353 183.919637 153.603864 216.490206 356.402155 123.004277 103.822211 22.452113 181.287113 116.113029 0.000000 -1115.882706 -104.043305 -631.789681 190.014378 -74.304394 671.484389 -409.453867 270.146949 -280.648179
0.000000 0.000000 109.297594 109.623825 120.094143 90.414113 59.473413 128.651137 56.236731 168.079056 -45.634370 311.634348 104.276644 316.585759 -262.149705 177.356106 1.587371 662.724077 -577.233970 0.000000 115.099222 1.789330 174.026825 61.949303 231.062609 177.029953 78.901486 27.380120 120.979943 -202.498488 95.045130 184.702939 72.710957 174.740303 -23.284842 183.163548 50.075401 84.746167 51.365378 364.317057 -47.443082 136.650623 27.938907 61.661830 -818.252630 161.121698 114.743455 177.325861 78.090999 0.000000 0.000000 0.000000 0.000000 0.000000 0.000000 0.000000 2299.980825 -1187.229849 183.327338 -14.034992
0.000000 0.000000 95.645902 102.510307 129.517737 102.944830 79.157983 149.197465 59.353382 174.925420 -49.820187 342.752119 85.069150 413.991102 -262.146927 187.632844 -111.282060 669.342508 -437.280552 0.000000 -254.933126 -116.220289 251.254307 153.990598 246.564233 171.259754 547.917360 244.289047 866.931125 124.040886 70.817796 72.050738 105.645582 105.338479 140.707806 108.926478 124.205727 108.321638 102.566017 250.482338 145.588060 495.824493 68.186099 124.784465 -186.508871 63.925813 100.298583 143.574764 -61.874107 0.000000 -285.252140 -814.907125 93.807071 40.632464 253.670622 164.186367 237.211332 -1525.909986 -96.881621 -55.728567
0.000000 0.000000 110.624868 116.200180 132.842253 119.848149 96.999617 182.540101 70.227910 247.929571 -74.811725 350.956855 167.281805 562.856891 -359.088897 255.825623 -275.248466 559.363161 -338.816028 -417.230360 0.000000 -426.159822 90.426958 -11.789900 177.765033 -95.568410 223.178059 66.641524 234.330189 99.393818 104.651461 179.935050 114.261341 166.070786 -29.105412 197.230483 -176.586042 151.804692 56.197300 149.718755 2.214307 46.087074 -591.388586 28.162963 -627.645980 166.351387 -88.904858 -87.419603 0.000000 -1.987643 53.008961 79.292705 362.293364 122.749991 72.473532 62.102280 59.196395 169.636314 128.532254 106.954703
0.000000 0.000000 93.875788 101.681572 125.449348 98.519635 80.107901 127.618249 60.457371 203.402728 -2.032048 231.639418 194.002035 502.106354 -290.686359 249.403065 -253.580119 405.839873 -191.156687 -71.354838 -1.450299 0.000000 103.257689 150.328861 328.934199 83.502465 336.258271 94.711483 130.223272 139.447231 89.377080 120.593771 68.952988 149.178755 128.562086 94.377272 99.836210 291.179647 92.216078 218.788595 81.451755 194.507693 -165.093934 463.863480 74.573216 579.959992 -388.689907 0.000000 77.794747 -352.337618 97.846813 1.958701 141.289335 -93.417800 159.567401 235.104137 146.561463 49.542842 182.066389 236.529328
0.000000 0.000000 128.825458 112.554464 93.273885 97.073199 88.284048 144.292047 53.977659 197.646143 -79.390867 311.212474 103.212898 410.791860 -296.302142 226.034542 -171.043968 237.804183 -423.267844 158.538478 151.190210 0.000000 65.020044 -81.115535 284.844232 -329.387043 155.033906 -66.114226 122.341400 120.993964 98.196703 159.314864 33.058086 111.426754 88.165147 151.419649 46.176506 86.200473 -61.988107 137.189494 -181.142708 35.567015 -817.963795 -115.887176 -639.792917 -1579.681825 0.000000 -141.426272 68.301234 8.462810 168.270686 109.587726 175.945732 180.818302 332.502015 100.434114 53.325888 156.554087 4.450084 76.809825
0.000000 0.000000 99.036652 155.922402 110.216987 100.319051 93.477678 148.871171 81.650534 227.885406 -106.150513 104.153450 196.479254 141.864524 118.319121 -55.804975 -338.831634 347.146509 -390.486828 1160.854841 -354.568272 0.000000 -244.410983 3.895566 480.906312 233.013018 572.774531 85.515763 134.516351 96.415763 56.850614 125.298589 98.707416 74.174561 105.062276 130.298944 119.688846 126.647041 66.323863 214.735947 -30.223623 139.594211 31.188380 152.337629 78.581901 0.000000 -54.879449 -125.140098 129.630698 -0.844627 168.947989 281.483459 214.144573 284.558730 277.452287 120.323157 191.422894 154.361515 99.966949 191.934399
