geotop/1.0zi/1.0Montebello/Templates/Dripsey/maps/_Erotot0221.asc
ncols         69
nrows         152
xllcorner     146499.907223
yllcorner     75332.943423
cellsize      50.000000
NODATA_value  -9999.0
[rows 27 to 53 of 152, columns 0 to 59 of 69]
0.000000 0.000000 0.000000 0.000000 0.000000 0.000000 0.000000 0.000000 0.000000 0.000000 0.000000 0.000000 140.619618 55.733018 83.521607 134.349211 147.483636 338.734514 153.510524 146.049434 500.652793 103.042592 123.823381 105.347400 250.699700 102.461613 0.000000 0.000000 31.751241 139.640106 194.365551 230.598999 137.430017 67.840996 43.661450 -35.279147 34.364132 79.340932 85.844758 141.430413 126.645020 128.877553 94.944731 177.697795 19.825743 132.028576 141.481875 164.402569 157.918554 121.628907 96.760589 114.205923 66.239419 29.257773 95.952187 99.916929 95.248493 157.640937 62.461118 129.492022
0.000000 0.000000 0.000000 0.000000 0.000000 0.000000 0.000000 0.000000 0.000000 0.000000 0.000000 0.000000 88.469015 131.312190 92.243649 146.851005 52.266966 200.590178 -286.852841 -7.027682 -819.590890 119.614240 89.301219 -110.246395 -782.722901 0.000000 134.338727 176.806361 92.482776 101.325633 30.496837 31.557530 37.097486 76.119133 97.581438 139.753431 79.697674 72.690702 131.500936 87.798997 77.564152 -15.296459 102.616605 80.342643 -381.987225 157.032351 109.860127 -386.133777 6.799334 -2.105733 54.331242 173.051009 -249.578860 -145.534863 84.544300 81.227745 102.584926 -22.632102 86.780286 99.620054
0.000000 0.000000 0.000000 0.000000 0.000000 0.000000 0.000000 0.000000 0.000000 0.000000 0.000000 0.000000 78.054343 111.175592 84.049949 156.826515 131.686268 105.042145 -18.840271 123.598273 133.001034 554.866330 35.360197 -130.153448 0.000000 27.276603 149.649043 229.812881 71.046737 72.349700 114.911014 59.385973 105.861282 165.641144 86.050370 65.502329 83.982699 113.073650 89.301074 134.776213 105.786927 50.634300 54.029030 79.754514 60.682825 128.037083 74.553014 114.509978 48.170165 131.559027 23.642268 97.830114 295.857340 203.721003 137.803438 99.065014 187.782162 48.869262 92.675818 94.982153
0.000000 0.000000 0.000000 0.000000 0.000000 0.000000 0.000000 0.000000 0.000000 0.000000 0.000000 0.000000 53.190533 141.454904 132.608531 135.651736 -186.782386 -79.847337 -113.801903 102.329025 125.117993 -743.169046 0.000000 0.000000 16.518093 133.151172 56.377916 107.271790 0.653356 26.639221 0.614668 0.822489 34.432314 70.918941 141.962372 -2.193106 115.785288 71.396696 112.849477 67.483074 101.109579 85.206058 -107.506169 63.776282 41.163328 67.323430 201.427034 97.778341 -492.012180 -18.678661 146.522506 148.199450 -53.491416 -213.891361 130.562672 -357.806055 185.550468 11.185708 180.588001 87.003759
0.000000 0.000000 0.000000 0.000000 0.000000 0.000000 0.000000 0.000000 0.000000 0.000000 0.000000 66.558546 83.513998 99.347989 70.080934 121.856502 75.249412 -89.093354 59.455560 206.619850 25.798874 0.000000 94.518039 145.898863 36.560138 88.907469 111.160130 115.687236 26.876718 52.907232 17.798494 10.641151 37.124978 77.726624 140.492676 105.406555 100.144612 101.630844 104.632263 77.295482 50.129910 115.172167 161.505253 159.020920 142.779869 110.841687 173.067454 729.105469 202.471303 371.443019 115.384533 114.167405 484.926547 130.758966 619.092049 56.821759 114.169428 154.485025 58.460166 98.175003
0.000000 0.000000 0.000000 0.000000 0.000000 0.000000 0.000000 0.000000 0.000000 0.000000 0.000000 184.269901 9.385191 95.979698 141.327848 86.384111 67.696806 83.435741 -118.903712 269.786694 50.852539 0.000000 32.654179 75.331085 84.836888 70.434212 53.910022 113.046574 66.670073 148.669195 159.607719 121.785565 103.606065 112.237300 107.631186 96.952013 103.849470 94.765033 108.559490 91.183482 62.960994 113.930973 120.542477 105.909738 81.707102 54.596489 120.422755 134.592032 -365.281458 108.506208 -715.615840 84.075235 -829.088046 -259.087235 427.333666 -49.371382 293.097865 -15.470206 233.805722 44.574963
0.000000 0.000000 0.000000 0.000000 0.000000 0.000000 0.000000 0.000000 0.000000 0.000000 41.289733 132.864798 123.229591 53.967933 135.272166 56.323898 57.500005 37.018272 134.861163 715.463969 111.490275 0.000000 169.123571 172.555376 10.536921 107.418374 74.177249 141.125160 66.820400 95.303128 106.894975 103.196114 114.719678 81.653125 128.602841 98.617314 83.063588 57.244109 73.235581 93.845923 159.204894 117.388615 128.014747 115.722102 402.497802 91.387781 74.621251 125.913920 86.476641 344.980215 132.251418 91.875866 -83.224515 -93.504997 365.380109 31.151582 272.771591 -43.654661 241.563355 79.508674
0.000000 0.000000 0.000000 0.000000 0.000000 0.000000 0.000000 0.000000 0.000000 150.131114 423.101014 79.819897 79.298156 85.771857 69.858040 155.378648 79.440161 89.287242 152.779990 92.463228 -549.982135 0.000000 14.332560 164.892977 50.514418 147.390516 93.767767 115.950569 119.410671 105.113209 53.182912 50.957621 93.123366 82.636516 94.763448 116.067189 80.535718 77.951164 86.905957 89.749781 127.880513 108.214654 -111.034232 351.187375 -292.213441 155.739622 175.230000 51.511578 159.770948 -55.240057 -868.113522 -568.818745 0.000000 -870.251072 352.897595 110.277257 175.137565 131.706521 86.655970 123.341373
0.000000 0.000000 0.000000 0.000000 0.000000 0.000000 0.000000 0.000000 80.885809 116.749811 24.143639 16.866917 15.321147 100.800744 55.921822 40.909580 99.374051 94.688775 123.283300 76.216581 154.074697 0.000000 169.263671 171.534945 78.873743 117.932959 158.960316 95.416925 156.938547 133.201407 93.358139 91.767630 77.414807 87.438772 88.381556 116.013576 86.189651 65.267819 80.647676 74.629849 155.016305 73.668674 106.248701 108.789009 30.543695 452.937437 41.541883 73.525666 124.694037 98.133146 212.051085 0.000000 -283.555973 -679.775263 525.006894 83.726331 259.118053 -36.145528 364.384074 47.293610
0.000000 0.000000 0.000000 0.000000 0.000000 0.000000 0.000000 136.720992 99.063998 9.133823 183.622194 164.975459 180.138208 150.442650 83.367070 131.244537 176.826063 160.616553 -71.760581 104.209123 83.611276 0.000000 118.937375 89.067490 144.854557 -174.858426 394.386474 -239.263429 143.659341 -24.427969 127.320469 150.507591 17.156488 55.175704 69.150220 75.809482 56.817025 145.653854 73.259173 119.723348 -1.781289 144.091315 39.090299 494.125122 -332.331985 -101.264569 -1054.488384 -39.842934 120.166341 91.630852 -512.508171 0.000000 59.264750 130.083299 73.392208 111.359925 137.605438 141.502782 27.082838 96.429179
0.000000 0.000000 0.000000 0.000000 0.000000 0.000000 126.931035 69.720428 185.719247 556.161054 260.180018 327.382364 216.924568 144.657249 11.822582 73.401196 126.475412 82.409226 113.291698 264.449188 75.928431 0.000000 158.308766 156.154863 502.181405 198.240801 103.113967 151.011684 129.196462 156.090658 65.970788 61.921005 127.556621 87.800294 92.191328 139.502480 111.144396 71.014389 70.291659 108.515153 66.971560 146.663874 106.892939 104.299236 174.010111 -239.041725 -746.333742 334.961691 -41.787560 49.313364 0.000000 -366.603102 -83.918309 -453.158365 178.231387 80.588384 82.754895 158.599113 30.083549 90.644964
0.000000 0.000000 0.000000 0.000000 0.000000 115.672352 33.580027 191.112383 6.617204 440.963221 -3920.545203 -1290.645633 -43.902466 176.863112 63.749317 62.824533 127.616112 159.997197 62.591200 160.463110 -231.078915 0.000000 139.858918 -41.518616 247.921463 -203.759789 579.731431 69.854074 139.429169 -51.018537 112.669805 134.381430 92.353714 33.453728 44.430961 71.481800 27.868185 152.354560 52.687958 68.229678 146.958449 40.312917 156.916515 257.189411 -265.063942 51.714969 -31.324631 91.953543 -961.700264 0.000000 14.710369 108.343213 174.309523 198.509260 362.756599 104.886732 74.367484 141.016562 107.521017 76.542534
0.000000 0.000000 0.000000 0.000000 0.000000 38.607600 88.066586 164.218558 72.698617 151.927736 -272.591813 -277.491910 -463.113648 -45.191063 106.330251 119.718498 224.248534 94.797960 57.077281 67.261168 246.932205 0.000000 334.197927 -193.155302 179.552081 168.112527 70.089391 109.530643 137.015513 140.023605 57.068692 123.744547 79.093891 89.462289 100.435905 144.370772 115.052534 89.008779 83.679816 157.882702 101.110107 28.706349 155.397921 123.533769 173.760990 99.657981 29.864612 290.062253 0.000000 86.277218 97.959057 -117.660037 53.098805 157.173286 67.361434 78.419312 59.272243 182.318697 421.245710 108.542181
0.000000 0.000000 0.000000 0.000000 122.350394 98.370157 137.141081 261.991815 190.538379 155.100607 136.004822 84.405276 -26.836344 0.000000 178.258503 38.378616 25.526894 107.579904 137.618570 139.832056 -134.075568 0.000000 108.326876 87.881419 223.203672 128.331611 106.011731 79.192673 107.884366 60.268453 123.944023 82.586945 55.609876 -19.638037 -28.804680 72.643388 70.778752 144.496979 49.381641 87.050169 53.458438 125.430360 8.858073 137.656987 -131.539679 211.834004 -62.241493 95.934538 0.000000 209.119617 1.078522 87.361115 117.916404 152.869027 15.433039 37.620115 111.173737 -321.812999 115.312865 140.138526
0.000000 0.000000 0.000000 87.544867 96.105616 32.562885 136.705644 138.462145 177.292592 58.452788 176.907082 129.546401 8.785883 74.623325 0.000000 0.000000 133.006925 40.307858 68.912028 85.044457 215.515022 0.000000 161.178668 147.317729 61.409200 153.795630 15.418025 115.821057 61.120460 70.444707 102.805265 73.655411 82.559378 120.529934 148.473078 141.672329 16.830605 118.517598 77.470730 202.669013 95.490140 233.202306 177.191856 140.891981 79.771025 85.787767 114.558750 118.346170 0.000000 239.130406 1.026677 31.738279 101.179695 135.777914 26.149273 54.623893 50.085667 378.949587 115.429133 111.984669
0.000000 0.000000 144.854084 58.619308 147.748292 132.205889 48.172336 25.689810 162.731255 74.073735 118.040218 245.777051 163.349102 486.556160 48.335922 96.994979 0.000000 191.689551 15.167964 136.224714 -251.463606 0.000000 209.929337 213.153657 1.176034 137.069477 40.188292 68.229176 69.745115 95.255655 130.171844 59.057413 44.635974 143.600873 -68.269242 158.747404 -193.162472 100.597047 95.285011 86.196692 1.969861 114.854377 -225.678081 128.772906 41.184980 117.868163 88.321319 22.356942 0.000000 123.223495 35.872536 174.797272 94.134962 186.856939 68.203747 110.920019 148.850000 -220.496314 97.646914 12.276938
0.000000 0.000000 98.624429 118.510303 65.336587 117.829902 87.005179 71.113799 195.130442 113.833631 61.317294 140.957149 5.726515 126.491531 79.272762 44.273210 0.000000 50.610163 98.698166 79.088120 0.000000 12.634073 183.611864 196.321027 -3.828784 159.122774 139.878988 85.389652 95.516007 78.910243 106.464358 83.842290 81.497030 114.226856 62.621924 91.253432 314.886854 88.625219 77.500615 74.083106 87.504020 247.905833 154.471354 121.503225 139.836587 143.575979 5.822698 167.665636 70.895837 0.000000 110.969441 180.365466 54.884660 82.593869 38.430176 111.378287 624.751464 137.536647 215.370744 107.422281
0.000000 0.000000 59.774361 121.802416 110.729345 77.230265 81.823396 126.073493 55.633491 144.032082 18.674093 90.290819 135.007313 79.333474 98.788609 124.315948 19.204163 0.000000 -53.538819 0.000000 105.633026 168.242131 42.119472 96.985574 75.417347 5.352073 90.096075 98.996058 83.301956 112.908866 69.974565 55.223192 -36.207332 126.290025 89.101022 228.109957 -166.249038 170.876668 140.065416 103.668566 81.141880 66.162753 -157.154476 77.942599 -48.962717 115.205654 99.846728 -12.859269 -117.787756 0.000000 -533.191300 108.430132 22.193150 128.156178 201.454687 -311.703587 84.134717 15.939571 121.219476 -106.056833
0.000000 0.000000 71.206968 102.783514 109.799512 93.621800 79.992696 173.927522 37.899307 162.309630 -35.453284 293.450692 -27.998479 373.885091 -283.313002 340.730506 -89.306031 190.104069 0.000000 214.937479 20.623438 92.488236 39.702402 81.601133 291.507907 115.127389 151.298632 89.458878 45.662502 97.913164 98.537678 226.282745 79.395431 87.679371 98.941084 69.255812 90.717818 555.799917 99.707732 88.857389 90.344949 113.841719 79.890695 253.726792 96.665171 215.239751 -152.469452 167.608134 -214.714557 0.000000 -83.362866 239.163206 90.784055 112.461770 597.609154 161.551894 176.051748 114.517148 367.192987 170.729970
0.000000 0.000000 70.123222 88.643390 114.392306 95.846335 77.403410 242.638567 -44.340421 344.251243 -224.930869 492.058822 -71.880225 545.706137 -579.160577 305.988708 156.047167 399.288714 0.000000 35.789338 77.486730 159.655259 108.345370 94.077412 227.976896 108.571862 126.932350 114.240659 170.025481 14.841775 174.242453 -60.546656 93.203064 91.401133 52.533139 140.847530 65.316985 114.870149 -358.945605 88.545069 67.798208 95.974479 51.680072 78.307631 -215.158278 124.306882 140.280041 150.575524 74.043718 -77.231880 0.000000 -217.557339 112.113204 -369.345431 194.714553 24.980145 181.248608 -577.054645 102.695415 -98.559115
0.000000 0.000000 81.537279 82.707887 104.711606 81.062781 12.248516 64.668882 172.804694 103.969960 43.152395 89.462363 187.275890 138.298803 67.041367 113.518877 90.339528 255.085262 -206.287520 0.000000 66.149765 157.907944 305.510557 151.386022 353.688956 238.873730 141.277205 112.587267 163.528729 94.806491 338.099977 77.381275 119.504789 112.330725 112.378727 68.821975 75.844044 109.578567 71.016245 551.859849 111.831599 167.266157 138.627742 199.449015 339.687343 114.948646 95.415045 28.766998 155.220324 102.866371 0.000000 -1004.287904 -94.427874 -586.587631 166.724329 -56.688681 613.377979 -382.414773 244.134548 -258.922940
0.000000 0.000000 108.765724 97.850381 94.686954 79.469288 53.366677 134.288558 39.967662 160.992179 -53.064105 305.603713 93.090638 300.242428 -264.171378 161.264309 -6.268100 618.111233 -549.771265 0.000000 81.734358 -37.266542 173.690200 43.238836 212.335233 150.643667 78.643321 30.020800 105.926962 -192.488904 81.014690 157.247486 62.200574 150.337898 -25.749443 155.817007 41.063633 76.925121 41.704813 332.962548 -42.171898 122.550778 21.925651 52.919307 -750.960440 131.052211 93.923211 153.345355 74.377113 0.000000 0.000000 0.000000 0.000000 0.000000 0.000000 0.000000 1975.555864 -1089.263192 173.657413 -21.980049
0.000000 0.000000 95.385480 92.111360 102.944677 88.343603 68.641368 137.133291 51.010898 163.606555 -49.712553 333.055810 73.819778 395.331758 -260.781263 169.919005 -113.515730 620.133221 -415.094540 0.000000 -273.074514 -133.530071 235.916523 135.949551 244.537229 145.992091 517.124475 220.372028 794.545095 111.901600 67.765618 68.621867 101.438860 98.620969 122.229122 99.104408 110.006645 106.684857 88.722529 234.831399 130.175863 438.403473 61.015405 113.975830 -160.752461 55.659363 87.428427 129.158508 -62.627838 0.000000 -244.856164 -753.657553 85.379844 37.028635 213.535457 119.689764 202.093909 -1370.841721 -86.447452 -52.752136
0.000000 0.000000 108.108891 102.299857 106.359332 102.132308 82.097659 160.823191 59.958127 223.129803 -71.660166 319.717318 151.933569 509.772617 -324.762579 233.084317 -255.439542 511.821730 -313.207877 -377.028934 0.000000 -411.214633 77.273869 -30.650142 150.620221 -93.280252 200.616990 55.107458 221.796544 86.664372 88.088280 154.018310 96.145953 143.610062 -28.834929 166.893761 -155.298950 133.173926 46.852013 136.966375 -5.065158 39.857367 -526.476643 24.621098 -554.229989 142.874604 -76.631764 -81.937463 0.000000 -1.743766 45.844725 71.217156 327.096402 106.450044 75.831223 67.224677 59.065879 168.609647 112.240931 102.278502
0.000000 0.000000 93.025992 91.104930 99.598921 84.483958 72.502712 121.851652 49.209492 191.249749 -9.954736 211.120040 176.576842 463.459901 -273.881894 227.827612 -242.677300 374.118887 -175.291810 -56.752179 1.484414 0.000000 86.933721 129.628830 297.657550 73.357121 297.082280 82.765769 131.706503 133.664588 83.734547 109.745119 65.865199 133.045787 111.743001 86.047505 86.594795 274.392800 82.662049 212.470444 70.832841 179.169937 -152.891474 415.742121 66.991312 530.947649 -337.170700 0.000000 64.155440 -306.851474 77.746036 -0.862189 123.442791 -102.428228 132.670365 194.861755 137.604379 41.483281 142.034371 192.399867
0.000000 0.000000 118.622258 99.333282 76.175135 86.107741 78.492892 137.351174 42.156351 184.051995 -79.184106 305.015348 92.828548 388.574232 -294.769288 205.501712 -170.481152 212.217066 -379.048665 141.600814 125.988614 0.000000 50.704651 -77.141477 255.006167 -315.644700 137.298406 -60.643119 105.657537 101.475296 87.177525 139.583767 28.858069 94.595952 76.616703 132.394868 39.516225 76.149838 -60.604841 120.349447 -177.369311 40.126897 -753.941974 -104.620517 -580.542205 -1415.976185 0.000000 -122.047316 53.414556 -1.959394 141.631750 85.868851 151.214411 153.788826 302.043779 98.729354 53.155818 146.355450 11.925439 76.577374
0.000000 0.000000 91.811649 138.618630 91.989073 88.898427 82.910243 137.849347 67.607972 208.075661 -97.699774 101.619454 159.334046 126.641681 96.089581 -43.782246 -306.105757 328.292209 -360.903311 1037.110803 -312.816542 0.000000 -239.063782 5.135408 424.640093 196.769308 533.490357 78.387998 119.376373 82.657652 56.810026 116.062002 96.232581 72.975885 95.421180 118.761566 106.330673 117.349157 59.878669 194.102589 -34.979201 126.426200 34.632900 134.658060 85.031555 0.000000 -47.642974 -133.802626 110.166186 -19.946633 139.143967 222.841895 181.440400 229.699581 234.636172 72.096091 173.807897 106.754035 90.340239 167.087183
