geotop/1.0zi/1.0Montebello/Templates/Dripsey/maps/_Erotot0195.asc
ncols         69
nrows         152
xllcorner     146499.907223
yllcorner     75332.943423
cellsize      50.000000
NODATA_value  -9999.0
[rows 27 to 53 of 152, columns 0 to 59 of 69]
0.000000 0.000000 0.000000 0.000000 0.000000 0.000000 0.000000 0.000000 0.000000 0.000000 0.000000 0.000000 137.771279 54.668673 82.192120 133.264048 144.930141 336.936468 150.876584 144.407476 494.300644 103.041901 121.987303 102.350199 250.283718 99.355231 0.000000 0.000000 26.066611 129.324954 187.317858 220.443607 130.486242 60.950170 41.880141 -35.239396 31.043157 74.915528 82.486871 137.722556 123.705073 126.690673 92.618575 176.110136 20.081834 130.318050 143.139755 161.578684 155.433447 123.098474 96.758100 114.297144 64.508945 28.104479 94.203275 97.092663 94.714751 153.452218 62.443510 128.111661
0.000000 0.000000 0.000000 0.000000 0.000000 0.000000 0.000000 0.000000 0.000000 0.000000 0.000000 0.000000 85.321003 129.839045 91.311549 144.742547 50.402344 194.271617 -286.897710 -9.116765 -810.929759 114.217104 86.595612 -111.418882 -777.238726 0.000000 130.197456 169.335889 92.481819 101.314201 30.483632 31.551597 37.100520 79.707425 97.412497 137.379913 79.403844 72.568288 130.483825 87.521280 73.959556 -15.044390 98.583956 77.660672 -376.659069 152.642750 105.142385 -381.123052 1.922962 -7.240886 54.272837 168.405316 -249.241645 -143.648125 81.616943 77.236826 100.374343 -25.032973 86.697687 96.496496
0.000000 0.000000 0.000000 0.000000 0.000000 0.000000 0.000000 0.000000 0.000000 0.000000 0.000000 0.000000 78.844386 111.003506 83.983380 157.195283 130.107771 104.032237 -16.019277 122.782890 131.425603 546.829498 35.369184 -125.916258 0.000000 21.062993 145.185208 222.997473 71.045623 72.347261 114.907036 59.385873 105.855497 160.386917 84.109240 62.995770 82.877617 113.012568 87.454613 134.153585 101.225162 49.886800 52.353085 78.042110 59.023243 127.176548 72.853045 112.219844 47.821807 130.411519 23.631152 97.820857 294.030024 203.766293 136.240662 95.826369 186.417847 44.635625 93.428279 91.841453
0.000000 0.000000 0.000000 0.000000 0.000000 0.000000 0.000000 0.000000 0.000000 0.000000 0.000000 0.000000 51.056137 139.313585 126.054630 130.534979 -188.234064 -81.547347 -114.597731 100.786406 119.347564 -735.163789 0.000000 0.000000 17.655738 133.149689 56.371747 107.267282 0.646296 26.634617 0.607271 0.811850 34.428887 70.915058 137.402994 -2.254212 115.542680 71.391301 112.845713 67.483043 96.154945 84.028643 -106.141382 62.378792 39.788480 65.755324 199.820248 99.494859 -484.865033 -21.500871 145.232858 142.877951 -55.191427 -209.831584 128.099410 -354.042854 185.276984 5.069526 182.793183 87.272501
0.000000 0.000000 0.000000 0.000000 0.000000 0.000000 0.000000 0.000000 0.000000 0.000000 0.000000 66.554430 85.410041 99.347989 69.000053 119.518091 72.422962 -85.584060 57.639825 204.451895 24.812123 0.000000 88.629072 145.845894 36.551428 87.158996 111.152478 115.687236 26.873204 52.901150 17.794580 10.637039 37.120237 77.720769 137.091078 102.669922 99.001146 101.630821 103.000050 77.505791 46.910855 114.658046 157.145353 157.810501 139.637476 109.902913 171.314007 723.855443 195.678464 358.069700 111.932554 111.555972 474.793480 128.026185 614.373959 55.157380 111.775050 147.234795 58.451888 98.169542
0.000000 0.000000 0.000000 0.000000 0.000000 0.000000 0.000000 0.000000 0.000000 0.000000 0.000000 177.219452 8.554558 94.330020 138.159602 86.462729 65.982252 83.856708 -117.938177 266.932496 49.003204 0.000000 28.623072 73.309068 86.091982 68.377469 54.746231 111.601534 66.669091 146.075864 158.132649 121.778112 103.605892 112.150422 106.261875 96.059273 102.628923 94.764231 107.463569 91.391877 57.021031 112.154060 115.065727 103.226661 82.644268 54.591407 120.981623 133.157844 -363.551158 105.232000 -698.633321 80.036561 -814.840862 -259.182841 424.739474 -51.854534 291.867811 -18.018266 232.235222 39.636590
0.000000 0.000000 0.000000 0.000000 0.000000 0.000000 0.000000 0.000000 0.000000 0.000000 41.281847 135.089855 122.962076 55.009919 135.094188 58.137453 57.495759 37.014533 133.948284 710.107388 109.312924 0.000000 164.874210 169.103495 10.534400 107.418107 74.168738 140.252068 68.175554 92.938998 102.466140 101.111332 114.680695 81.403224 127.684198 98.228856 82.405710 57.881275 73.228414 93.833357 152.718184 118.751912 124.495524 115.756864 400.625762 91.375921 74.612478 127.743797 85.792676 341.408922 128.428265 92.626822 -93.389680 -92.739553 365.384937 30.705982 273.000162 -46.778303 241.226981 77.464499
0.000000 0.000000 0.000000 0.000000 0.000000 0.000000 0.000000 0.000000 0.000000 146.989967 427.713804 79.841258 79.291032 84.800281 69.866619 154.891788 78.636795 89.287178 148.328392 92.347071 -546.674390 0.000000 12.150696 158.206024 50.508971 142.640548 92.580712 109.271124 118.013452 102.397258 53.177787 49.441395 89.536340 78.312440 91.496091 114.876409 79.276903 77.814179 84.250883 89.756598 121.989720 107.930471 -112.068848 349.451881 -290.690514 149.063769 167.299032 48.261674 155.597072 -56.187847 -861.491947 -563.452413 0.000000 -866.151152 348.369826 105.744027 171.676216 123.154739 88.199332 120.635432
0.000000 0.000000 0.000000 0.000000 0.000000 0.000000 0.000000 0.000000 81.175588 115.007107 24.128940 16.860098 15.315748 101.267115 55.914116 40.956643 99.360170 95.146484 122.071572 77.938879 151.480142 0.000000 164.969132 167.779868 82.201100 114.993323 157.035413 92.207116 156.890365 129.567740 95.652718 91.767595 77.556324 86.183030 87.678711 115.954869 86.900633 65.720940 79.588569 76.130406 152.538772 73.659973 106.248480 108.788955 29.016499 444.457809 40.561643 70.210844 124.452367 97.808577 212.414635 0.000000 -281.733718 -678.349825 519.843309 80.773893 258.038123 -42.039319 365.876382 45.761013
0.000000 0.000000 0.000000 0.000000 0.000000 0.000000 0.000000 134.347797 94.423274 0.590788 181.057678 164.954983 180.118835 146.361165 80.851858 125.527949 169.511049 157.798522 -78.609114 98.570533 83.603554 0.000000 115.555367 81.898186 143.703964 -174.659894 393.681501 -238.561092 143.295709 -29.451471 124.426275 146.720056 16.101478 53.340075 66.554496 72.531276 52.560109 142.470424 68.928271 117.969302 -6.248742 142.448278 36.533538 492.447069 -333.203554 -101.035489 -1036.692137 -40.884752 115.175666 88.238283 -506.169081 0.000000 56.014034 118.724060 74.529629 109.975215 137.379016 136.193504 27.084944 96.418975
0.000000 0.000000 0.000000 0.000000 0.000000 0.000000 120.627193 68.971039 183.539679 547.951538 253.842469 323.350542 219.553947 146.092168 11.819740 77.573636 126.438811 82.395560 111.849967 265.938784 75.921830 0.000000 160.474303 152.749798 495.015940 192.187899 103.970348 143.642620 128.947917 151.991310 66.300988 61.519261 126.687481 87.100762 90.735065 138.100389 109.581034 71.182899 69.741368 108.168404 64.955592 147.720325 105.569038 104.296844 166.187431 -238.155803 -737.467049 329.282418 -42.366135 47.565032 0.000000 -365.973141 -83.631329 -460.209504 179.880821 81.844108 84.203281 152.718888 30.087509 90.634722
0.000000 0.000000 0.000000 0.000000 0.000000 115.672352 29.151353 190.972159 2.174897 428.740403 -3877.687554 -1277.504866 -56.357383 166.477825 63.744721 62.809644 122.738001 154.692393 63.094666 157.156765 -234.378084 0.000000 136.896304 -40.013176 244.608806 -204.990660 578.407395 68.457131 140.526561 -51.899812 111.238331 131.105260 88.860194 31.996165 42.564807 68.373005 26.139994 148.294278 50.262616 67.979576 144.534646 40.307348 154.704987 258.243302 -270.575135 49.117233 -31.339214 90.124228 -949.853600 0.000000 15.608903 103.714397 170.940195 192.402812 367.180030 99.835715 76.490316 135.453241 107.514425 77.780542
0.000000 0.000000 0.000000 0.000000 0.000000 41.813140 80.610816 162.851016 68.961897 146.769574 -276.862153 -276.391789 -448.871706 -51.420894 106.315714 119.727753 223.201281 96.078672 59.683253 67.253200 246.520545 0.000000 328.042797 -193.133899 174.535796 158.074191 72.557669 106.889358 135.998298 136.841445 57.929336 122.952756 78.412045 88.276402 98.649754 142.449330 113.077736 88.445325 82.354404 158.030667 101.193431 30.211370 153.713054 123.533697 164.737938 96.867433 29.547173 287.928510 0.000000 79.874510 97.953664 -118.475016 51.478223 149.803788 67.358539 73.376869 61.906242 177.839935 422.543479 108.539975
0.000000 0.000000 0.000000 0.000000 121.915954 100.463884 132.564745 262.849922 186.731968 159.653977 130.732175 84.226806 -29.490868 0.000000 168.228708 29.926808 23.958297 100.722961 137.098277 138.981564 -135.617108 0.000000 93.824636 83.435415 220.577208 119.951810 109.038745 79.403713 106.542535 57.429379 122.166294 79.942000 53.730247 -19.613985 -28.806395 69.731038 68.304119 141.034105 47.389480 85.687046 50.501133 124.004755 3.268895 136.353383 -133.164248 210.066474 -63.650521 97.523542 0.000000 202.398692 1.069956 87.358419 117.916092 151.022995 15.430154 37.618713 111.172512 -325.215170 111.595135 136.691458
0.000000 0.000000 0.000000 85.900176 92.776941 34.332588 130.275630 135.536827 170.098847 59.593280 170.754804 125.296307 5.718246 75.839850 0.000000 0.000000 133.522879 40.431518 68.908137 85.033180 213.613351 0.000000 156.548415 142.295467 63.434128 150.687314 15.403326 115.820864 61.678978 69.686567 102.439482 73.749242 81.721648 119.123749 145.620493 140.193549 17.025003 117.819547 77.140990 202.705458 94.169413 233.435038 172.072094 139.856887 76.364929 85.779526 110.437830 118.131265 0.000000 232.952617 1.013905 31.733018 101.171177 134.573913 26.138935 54.620765 50.082687 377.683277 114.999615 110.653052
0.000000 0.000000 142.303494 58.572764 144.905388 134.218470 48.183718 25.688562 161.029941 74.064863 118.021213 245.475509 159.500124 487.418640 48.331203 97.814490 0.000000 185.516579 15.162107 134.092433 -252.502700 0.000000 206.660196 205.893511 1.161196 137.057958 40.174919 69.510763 68.850994 91.543006 127.987314 57.035391 43.169345 140.009267 -68.706985 154.399931 -190.660034 100.583103 92.821136 85.103947 0.017210 112.695584 -223.357723 125.262588 40.192755 117.450109 83.775504 22.541064 0.000000 116.810747 35.865206 170.761339 94.714582 182.188309 68.197944 110.805320 147.634390 -220.904082 93.921435 5.768051
0.000000 0.000000 98.624429 117.955339 61.544005 117.547706 86.997730 71.108711 187.930202 112.405085 59.250557 138.269167 5.392965 126.432601 77.787289 44.267422 0.000000 47.659876 98.686410 75.559157 0.000000 5.380008 182.815698 190.664411 -3.843685 159.056061 141.178955 87.527448 95.300455 78.771386 106.444128 83.604778 80.244197 113.217622 64.179263 91.253425 314.062815 88.624602 77.269807 75.265661 87.081351 248.599316 150.770438 120.697504 137.148069 142.053810 5.385670 164.062146 68.411250 0.000000 109.269896 175.958380 58.072841 82.582386 38.425005 111.056195 618.346649 136.970943 219.521315 105.101266
0.000000 0.000000 59.771796 121.802125 106.001243 77.910052 80.307427 129.550080 49.105719 142.764079 16.680130 90.283574 131.158462 80.597604 92.219205 124.529320 18.523363 0.000000 -55.435396 0.000000 104.468387 158.916019 42.124458 96.979272 75.412073 0.707266 87.870899 95.808061 83.486025 112.671562 69.043228 52.625476 -35.657793 124.698317 86.384126 226.302121 -165.226982 166.310954 134.060925 99.460803 75.699640 65.068029 -159.396280 76.582037 -49.581459 113.893588 95.203375 -12.096537 -115.803104 0.000000 -530.269597 98.156898 22.179709 123.127382 195.670674 -310.752569 80.916837 9.658861 120.265992 -108.442970
0.000000 0.000000 71.203663 102.783514 104.012531 92.864024 77.587976 173.681749 34.053014 160.534324 -36.292883 293.889189 -30.074565 372.978206 -285.603077 338.425421 -90.952412 190.115951 0.000000 209.172840 20.614466 92.502476 39.686610 81.593869 294.712219 115.005890 151.680726 87.833618 45.668033 98.388323 98.537486 227.027555 79.384900 87.670808 98.778766 69.822155 89.038722 549.524652 97.362729 88.119469 87.693884 112.774415 78.856892 253.165472 95.923258 213.020613 -153.596835 165.783212 -212.978657 0.000000 -81.302084 231.429941 94.332448 112.167131 589.313818 160.089840 174.411644 111.730628 364.319178 167.422841
0.000000 0.000000 70.119933 88.646268 109.006082 94.747348 74.014235 244.529644 -46.077813 343.614978 -227.435630 490.712553 -72.565204 540.858690 -576.236795 303.201501 154.141100 395.047844 0.000000 28.658594 77.472775 158.950356 108.345360 88.572711 229.616453 106.200211 125.785283 108.197697 165.548635 8.476215 169.338585 -59.968725 90.656509 88.657528 49.285957 138.061047 61.635536 113.096463 -356.467469 86.065104 64.966853 93.786401 49.326068 76.336165 -214.967894 123.186051 137.178991 148.732051 70.441592 -77.236530 0.000000 -219.668156 109.018216 -366.617407 192.753477 22.512585 176.994485 -572.748524 98.358045 -95.865195
0.000000 0.000000 81.530728 82.714178 99.884573 80.512433 11.973094 64.660189 166.990724 103.413615 40.087076 89.449213 179.796176 136.194077 62.371337 111.259519 89.127430 253.801851 -205.827572 0.000000 66.412697 155.445151 309.575747 149.504971 356.385550 238.983108 144.505593 111.408566 162.586511 92.708916 336.403821 76.948174 119.328611 111.958689 111.175118 69.408378 74.904671 109.679149 69.608098 544.659921 109.912292 166.200920 136.761657 198.208800 339.608640 114.948240 95.366972 30.670749 151.461897 101.497842 0.000000 -993.158594 -93.603544 -583.874419 163.483066 -55.319974 609.268387 -382.419458 240.516906 -256.698609
0.000000 0.000000 108.765679 97.486770 89.512968 78.423413 52.387451 136.991399 36.282175 161.431859 -55.717830 307.692695 91.492219 300.167887 -268.970053 159.114685 -8.182888 617.097195 -551.805894 0.000000 74.180869 -46.795739 174.824840 37.790183 211.176095 145.107416 78.633329 30.101504 103.826960 -193.761908 78.396399 152.864745 60.172340 146.953708 -28.229690 151.516505 39.006559 76.024727 39.076561 329.990668 -42.609334 120.626080 19.484036 50.827157 -746.208055 125.102863 89.069359 150.216754 73.570869 0.000000 0.000000 0.000000 0.000000 0.000000 0.000000 0.000000 1900.281631 -1081.996087 172.432164 -26.157671
0.000000 0.000000 95.383587 91.961311 97.666059 86.269536 66.795121 136.547650 48.781960 162.981686 -51.100350 333.770204 72.306796 395.311566 -264.794938 167.456931 -115.419682 616.498101 -416.023998 0.000000 -277.520070 -141.422651 238.186364 133.139080 247.573390 143.038312 517.346388 218.991509 789.353105 110.400741 68.261637 68.918760 101.438848 98.605986 119.789877 97.984836 108.635601 107.584506 86.128824 234.352097 127.947235 430.245978 59.450906 112.637159 -158.168656 54.505229 85.858730 128.539690 -65.174693 0.000000 -241.051968 -750.043059 84.887269 35.538045 206.359608 110.798642 196.554998 -1349.213634 -86.892699 -55.324111
0.000000 0.000000 108.108891 101.533256 100.570218 99.360107 78.942754 158.059232 57.791518 220.645353 -73.129117 316.960518 150.119163 505.814933 -323.916927 230.186073 -255.828519 506.925097 -312.573452 -372.656529 0.000000 -416.063852 74.680141 -37.189007 146.273048 -96.991192 197.508065 52.100171 221.498549 84.644074 84.681398 150.127683 93.759488 140.552409 -30.507194 161.706243 -153.698283 131.074867 44.917447 135.815416 -7.962480 38.360028 -519.893299 23.265166 -545.096990 139.503597 -75.733221 -83.537094 0.000000 -2.583933 44.726578 69.624226 324.206934 104.083994 79.000307 67.215640 59.060836 169.423141 109.763910 100.998203
0.000000 0.000000 93.024906 90.867730 94.227406 82.479159 71.993760 121.503677 46.500699 190.958740 -12.816405 208.214595 174.472057 461.541261 -275.227850 225.113629 -243.869881 370.542241 -174.199193 -55.918677 1.686773 0.000000 85.312142 126.469626 294.630878 70.336608 292.419180 80.501219 134.251308 134.141450 83.871177 109.399734 66.583902 132.073127 109.353748 85.245593 84.737903 273.406308 81.627680 213.084814 68.533107 177.654904 -153.027834 409.439690 65.370627 524.020648 -331.114113 0.000000 61.454311 -301.208491 74.116802 -2.114099 121.034265 -105.732963 127.965016 187.933972 137.515357 40.488710 135.209305 184.296623
0.000000 0.000000 118.423122 97.842833 72.211259 85.181968 76.976407 137.027735 39.316605 183.580121 -80.765162 306.935695 91.427766 387.904596 -299.555334 202.737902 -172.284150 208.906536 -374.968602 140.671271 120.977263 0.000000 46.762839 -78.726152 251.756317 -315.369287 135.347435 -63.107316 103.501971 97.362001 85.843652 137.253143 27.807172 91.361695 74.511887 130.140792 37.680147 74.735898 -61.840747 118.173126 -179.642550 40.493110 -749.147466 -102.941045 -575.762334 -1395.512857 0.000000 -119.835037 50.025762 -5.280283 139.191686 82.066242 149.787718 150.512669 300.812626 99.045079 53.151549 146.388754 11.926243 76.569199
0.000000 0.000000 91.729993 137.384665 88.098140 87.903590 81.283501 136.836500 64.198821 206.619383 -98.269888 101.618618 153.193333 125.875701 89.737677 -42.523649 -303.959462 325.854034 -360.313197 1021.068624 -308.493382 0.000000 -241.882309 4.490644 417.721427 191.349768 533.464692 76.963249 118.373379 80.245842 57.571176 115.846892 96.232140 73.955539 94.673836 118.487972 104.926188 116.403129 58.839975 191.279690 -36.693022 124.186907 35.157857 133.047236 84.446956 0.000000 -46.392313 -136.671031 106.720640 -26.044540 134.568230 211.443170 176.062448 219.176550 227.569296 62.427370 171.793238 97.610264 90.041981 163.385500
