geotop/1.0zi/1.0Montebello/Templates/Dripsey/maps/_Erotot0060.asc
ncols         69
nrows         152
xllcorner     146499.907223
yllcorner     75332.943423
cellsize      50.000000
NODATA_value  -9999.0
[rows 81 to 107 of 152, columns 0 to 60 of 69]
0.000000 0.000000 0.000000 0.000000 0.000000 0.000000 0.000000 0.000000 -18.178523 69.843605 68.374162 118.824848 -134.841351 99.727761 57.956661 16.181845 106.508782 44.472874 0.000000 43.037452 55.567251 81.688447 50.204172 46.606049 50.943008 58.083981 43.215152 85.102792 -295.684510 0.000000 46.062462 96.257978 22.622450 77.445832 7.049792 75.277630 6.317797 33.063870 61.523513 56.874963 74.028066 -13.336054 46.071852 14.016750 44.454180 63.120524 0.000000 0.000000 0.000000 0.000000 0.000000 0.000000 0.000000 0.000000 0.000000 0.000000 0.000000 0.000000 0.000000 0.000000 0.000000
0.000000 0.000000 0.000000 0.000000 0.000000 0.000000 0.000000 0.000000 41.023332 58.293540 72.916737 56.314531 265.249589 31.627527 64.566896 73.735998 44.751869 167.202740 -76.954433 0.000000 0.000000 -857.140216 -34.332157 11.546027 21.768321 78.999036 53.645619 52.959820 0.000000 -115.696574 58.703898 38.866297 120.746213 150.228218 3.394083 84.030073 79.867287 77.459931 32.295628 90.751408 63.783090 39.391300 56.318389 6.930091 79.546659 31.851115 0.000000 0.000000 0.000000 0.000000 0.000000 0.000000 0.000000 0.000000 0.000000 0.000000 0.000000 0.000000 0.000000 0.000000 0.000000
0.000000 0.000000 0.000000 0.000000 0.000000 0.000000 0.000000 0.000000 33.633956 43.052516 79.628424 114.174420 -16.792325 60.726907 27.659843 63.858509 30.795846 181.305359 -81.157879 33.244608 -258.202452 0.000000 152.530457 48.563351 -65.464266 62.594923 39.585450 46.861361 0.000000 -629.636882 101.427383 -380.727584 325.284995 -50.805772 405.169639 -24.999269 323.154809 6.208504 100.242438 3.036509 98.240446 41.655612 81.724094 50.980200 41.343290 0.000000 0.000000 0.000000 0.000000 0.000000 0.000000 0.000000 0.000000 0.000000 0.000000 0.000000 0.000000 0.000000 0.000000 0.000000 0.000000
0.000000 0.000000 0.000000 0.000000 0.000000 0.000000 0.000000 0.000000 51.522167 66.751134 93.503843 85.411378 51.597999 39.510446 87.926796 78.439695 4.246394 42.392142 95.329883 186.764476 -427.735928 -24.994571 0.000000 0.000000 0.000000 0.000000 0.000000 0.000000 -165.255215 -138.456935 145.937520 -370.156301 259.666155 82.006286 222.365442 52.284996 107.908135 65.091830 55.088883 47.379943 42.268237 56.944726 68.513864 60.912844 47.965616 0.000000 0.000000 0.000000 0.000000 0.000000 0.000000 0.000000 0.000000 0.000000 0.000000 0.000000 0.000000 0.000000 0.000000 0.000000 0.000000
0.000000 0.000000 0.000000 0.000000 0.000000 0.000000 0.000000 0.000000 66.515711 -0.336030 29.404330 89.451414 68.967395 66.675180 42.819505 93.073652 -179.020122 130.527783 -240.603988 78.764223 -350.820677 -278.568135 -432.545831 58.408669 -98.513075 52.523513 -46.283115 0.000000 81.725295 -103.197090 25.800390 -414.169905 277.061836 83.221905 315.911153 5.883326 124.266308 56.747939 62.229266 72.567222 36.615050 87.064135 77.263168 96.979008 41.823849 0.000000 0.000000 0.000000 0.000000 0.000000 0.000000 0.000000 0.000000 0.000000 0.000000 0.000000 0.000000 0.000000 0.000000 0.000000 0.000000
0.000000 0.000000 0.000000 0.000000 0.000000 0.000000 0.000000 0.000000 54.778721 83.974880 51.312420 46.955513 57.993825 75.494743 70.365734 136.294505 28.700953 86.529546 65.466749 191.072829 -4.246867 -89.852187 91.554196 40.362947 75.055710 75.499129 23.434637 -44.172547 0.000000 -102.707202 83.838605 -140.839629 217.699466 104.927398 115.138498 90.443440 39.697396 46.394752 36.022383 70.922069 28.154790 76.356774 4.277652 1.279313 0.000000 0.000000 0.000000 0.000000 0.000000 0.000000 0.000000 0.000000 0.000000 0.000000 0.000000 0.000000 0.000000 0.000000 0.000000 0.000000 0.000000
0.000000 0.000000 0.000000 0.000000 0.000000 0.000000 0.000000 0.000000 0.000000 29.701880 65.238034 72.440909 81.003398 81.879770 69.765414 95.440170 39.087009 85.855644 -100.589187 92.730453 -28.534940 74.609400 -179.029701 80.844886 -23.587501 61.527250 44.113491 4.533531 0.000000 -73.269784 86.261958 34.148495 107.723982 117.199180 37.093698 73.658455 21.214169 48.970882 48.790394 83.075679 35.024528 64.096076 0.875246 0.000000 0.000000 0.000000 0.000000 0.000000 0.000000 0.000000 0.000000 0.000000 0.000000 0.000000 0.000000 0.000000 0.000000 0.000000 0.000000 0.000000 0.000000
0.000000 0.000000 0.000000 0.000000 0.000000 0.000000 0.000000 0.000000 0.000000 38.901178 61.860867 45.638306 20.151642 51.260480 106.469441 129.424321 66.571983 201.651416 59.025466 188.071596 80.167839 112.564658 111.927879 35.235066 76.296964 68.923249 42.921038 76.603719 0.000000 -3.613461 105.755474 169.934922 -2.893556 6.118167 0.333633 40.326759 35.303288 65.977184 52.563595 85.535482 42.453042 88.457803 30.803282 0.439151 0.000000 0.000000 0.000000 0.000000 0.000000 0.000000 0.000000 0.000000 0.000000 0.000000 0.000000 0.000000 0.000000 0.000000 0.000000 0.000000 0.000000
0.000000 0.000000 0.000000 0.000000 0.000000 0.000000 0.000000 0.000000 0.000000 0.000000 21.556441 78.384976 75.878255 83.803062 69.473161 69.366910 -14.725509 116.205740 -39.685968 68.960279 61.342930 94.158684 -237.401248 -138.125934 -224.381698 639.150825 -202.310578 54.571743 0.000000 40.775948 62.701070 111.772130 0.956444 0.325950 0.634613 10.097137 52.025291 94.015424 85.331500 83.232327 40.676373 47.615487 36.934316 41.922589 0.503181 0.000000 0.000000 0.000000 0.000000 0.000000 0.000000 0.000000 0.000000 0.000000 0.000000 0.000000 0.000000 0.000000 0.000000 0.000000 0.000000
0.000000 0.000000 0.000000 0.000000 0.000000 0.000000 0.000000 0.000000 0.000000 0.000000 56.131174 43.131903 50.326838 35.544837 76.380228 150.172139 72.513521 193.767337 68.501992 48.528878 67.254565 254.568029 103.821632 35.440918 3.488228 223.674319 -65.917752 0.000000 -25.030223 33.251679 64.277921 129.983442 0.341653 113.663978 0.451760 107.544796 124.597488 74.466082 82.146046 89.875582 60.327417 99.463316 86.333360 104.603466 107.618781 45.886356 0.000000 0.000000 0.000000 0.000000 0.000000 0.000000 0.000000 0.000000 0.000000 0.000000 0.000000 0.000000 0.000000 0.000000 0.000000
0.000000 0.000000 0.000000 0.000000 0.000000 0.000000 0.000000 0.000000 0.000000 0.000000 59.638142 67.913599 79.751298 75.093365 57.755361 69.634843 4.848388 55.377788 75.941158 116.667294 -284.529901 70.559727 55.742249 71.124701 54.051015 150.087611 -24.851300 0.000000 -33.751090 -6.288851 107.902079 66.295943 49.696194 145.816892 94.238561 135.573034 163.231515 120.994290 145.688325 77.527566 44.320500 40.678023 49.445471 83.708505 51.014978 33.559339 42.472654 0.000000 0.000000 0.000000 0.000000 0.000000 0.000000 0.000000 0.000000 0.000000 0.000000 0.000000 0.000000 0.000000 0.000000
0.000000 0.000000 0.000000 0.000000 0.000000 0.000000 0.000000 0.000000 0.000000 0.000000 38.769369 22.602681 56.311777 37.921269 93.049616 174.024740 105.682936 59.858971 66.260659 252.115633 100.063711 50.657185 92.355011 308.996288 -112.778444 648.451377 -417.605363 0.000000 -156.500215 -168.183976 439.058971 -318.717880 162.714438 -31.713983 -17.843575 -65.410612 40.882957 48.054142 100.384752 51.317397 85.533772 76.184881 46.797567 51.112108 52.598299 80.764891 63.687999 56.246479 0.000000 0.000000 0.000000 0.000000 0.000000 0.000000 0.000000 0.000000 0.000000 0.000000 0.000000 0.000000 0.000000
0.000000 0.000000 0.000000 0.000000 0.000000 0.000000 0.000000 0.000000 0.000000 0.000000 52.856849 113.958832 59.787714 87.136416 11.912979 46.125262 99.353754 76.053901 -31.472845 84.071924 -91.236876 166.705866 -498.636263 80.839861 -19.269013 337.301348 -156.445657 0.000000 -107.143778 -114.887755 342.342727 -90.294026 123.095979 5.987865 87.637782 -53.260780 56.279983 77.396523 202.579321 47.643989 53.961394 77.640083 82.492181 113.761204 87.415282 65.636334 70.831703 54.964075 0.000000 0.000000 0.000000 0.000000 0.000000 0.000000 0.000000 0.000000 0.000000 0.000000 0.000000 0.000000 0.000000
0.000000 0.000000 0.000000 0.000000 0.000000 0.000000 0.000000 0.000000 0.000000 0.000000 0.629221 0.486208 129.157043 67.125264 47.520045 84.331550 98.408993 64.880718 104.966313 271.527452 82.228618 138.348335 101.478262 84.244070 86.319632 0.633095 141.981072 0.000000 -223.290344 -127.136573 316.215730 16.603270 97.707307 -7.083004 40.445073 -99.398224 31.986292 -147.057906 58.911787 65.951731 80.946812 74.546620 49.967785 0.388458 6.541582 49.383616 22.040214 45.794221 42.493061 40.348047 0.000000 0.000000 0.000000 0.000000 0.000000 0.000000 0.000000 0.000000 0.000000 0.000000 0.000000
0.000000 0.000000 0.000000 0.000000 0.000000 0.000000 0.000000 0.000000 0.000000 0.000000 0.000000 0.974805 110.735229 67.802607 50.885690 81.705144 20.542308 112.072584 -39.804170 63.326883 130.917771 54.632219 62.867835 43.108084 92.284015 53.111892 84.979212 -33.186088 0.000000 108.545832 14.635045 80.221992 43.294425 74.033785 197.334802 60.824534 122.517952 28.827529 50.901360 79.196350 87.193377 112.670748 198.398227 46.007220 123.787253 125.967807 88.334359 53.159794 64.485105 71.791709 0.000000 0.000000 0.000000 0.000000 0.000000 0.000000 0.000000 0.000000 0.000000 0.000000 0.000000
0.000000 0.000000 0.000000 0.000000 0.000000 0.000000 0.000000 0.000000 0.000000 0.000000 0.000000 1.057387 126.124608 63.827199 49.999620 88.107682 -0.109655 109.448777 -39.563070 155.110331 46.138419 40.194112 76.063167 35.105295 74.564082 129.524849 59.000676 -5.058907 0.000000 63.557156 53.029602 43.170559 56.902078 -38.078652 78.680963 -31.084467 61.355035 -5.869549 98.335746 -72.031266 102.723927 -41.537400 -64.724906 102.690137 50.420607 -76.511452 59.904155 67.834452 69.976645 31.490325 0.000000 0.000000 0.000000 0.000000 0.000000 0.000000 0.000000 0.000000 0.000000 0.000000 0.000000
0.000000 0.000000 0.000000 0.000000 0.000000 0.000000 0.000000 0.000000 0.000000 0.000000 0.000000 0.000000 17.194886 0.522359 107.451568 64.764135 47.102414 77.521773 9.497455 78.064830 57.173983 43.350910 48.529148 128.004375 25.801553 148.396060 59.377209 -42.617953 0.000000 59.414957 36.352290 75.685237 299.385086 106.605139 237.113432 57.917194 149.528341 55.172491 121.115492 44.431420 68.878811 54.129350 20.073307 -29.068579 83.085627 215.123136 95.789628 79.988801 38.049737 42.034628 0.000000 0.000000 0.000000 0.000000 0.000000 0.000000 0.000000 0.000000 0.000000 0.000000 0.000000
0.000000 0.000000 0.000000 0.000000 0.000000 0.000000 0.000000 0.000000 0.000000 0.000000 0.000000 0.000000 0.000000 30.038848 98.208612 77.450174 42.800305 102.898984 0.978633 162.466522 -10.217917 220.264282 -117.608874 510.776810 -16.972997 35.746833 37.460712 101.371279 -33.914153 0.000000 31.985518 6.806925 159.685220 43.751298 147.027874 -12.681049 63.141695 15.070954 49.907132 52.598602 81.572767 6.081258 32.972758 -40.677291 49.609243 -419.992304 56.412491 51.404255 74.213107 53.174324 0.000000 0.000000 0.000000 0.000000 0.000000 0.000000 0.000000 0.000000 0.000000 0.000000 0.000000
0.000000 0.000000 0.000000 0.000000 0.000000 0.000000 0.000000 0.000000 0.000000 0.000000 0.000000 0.000000 0.000000 0.000000 0.000000 0.000000 0.000000 0.000000 55.925823 20.966372 90.818784 67.992802 79.805071 0.642702 97.671548 52.374935 44.023577 38.841296 33.796687 0.000000 -214.859852 -28.481689 205.015642 117.937417 311.463952 109.321213 310.599811 124.176104 62.588140 59.889657 69.712865 358.288310 240.902177 76.382757 58.373037 129.469956 77.199940 61.924773 53.425115 40.931882 0.000000 0.000000 0.000000 0.000000 0.000000 0.000000 0.000000 0.000000 0.000000 0.000000 0.000000
0.000000 0.000000 0.000000 0.000000 0.000000 0.000000 0.000000 0.000000 0.000000 0.000000 0.000000 0.000000 0.000000 0.000000 0.000000 0.000000 0.000000 0.000000 0.000000 37.387056 73.224245 77.874650 -3.624848 69.749771 99.194944 65.472507 67.128832 53.699424 81.418699 -95.467238 0.000000 -156.503383 -131.322092 -189.712905 111.436562 -0.731287 152.978791 93.744296 58.641389 35.042127 76.065821 -109.504306 59.918395 29.179140 76.667490 16.240482 72.294748 26.258554 72.942529 55.100840 0.000000 0.000000 0.000000 0.000000 0.000000 0.000000 0.000000 0.000000 0.000000 0.000000 0.000000
0.000000 0.000000 0.000000 0.000000 0.000000 0.000000 0.000000 0.000000 0.000000 0.000000 0.000000 0.000000 0.000000 0.000000 0.000000 0.000000 0.000000 0.000000 0.000000 0.000000 63.888707 89.308713 63.281054 210.138048 -144.488048 44.529565 -108.256609 270.172990 43.484510 85.810265 54.993468 0.000000 0.000000 87.333780 70.782445 87.383424 78.508407 44.482375 104.560149 5.968591 85.637138 -232.316896 135.830824 147.461337 154.757414 55.196584 71.850230 75.076052 45.725126 43.251599 0.000000 0.000000 0.000000 0.000000 0.000000 0.000000 0.000000 0.000000 0.000000 0.000000 0.000000
0.000000 0.000000 0.000000 0.000000 0.000000 0.000000 0.000000 0.000000 0.000000 0.000000 0.000000 0.000000 0.000000 0.000000 0.000000 0.000000 0.000000 0.000000 0.000000 0.000000 0.000000 39.436910 63.554708 88.808252 32.595213 69.013603 10.027841 132.952186 -7.315923 114.818702 -128.185220 40.726077 40.579148 0.000000 0.000000 -640.530737 -60.267933 -141.293993 120.483857 134.810011 166.160994 38.790806 -177.378266 -104.245884 66.039771 9.364260 77.007020 38.695108 12.189825 15.396368 0.000000 0.000000 0.000000 0.000000 0.000000 0.000000 0.000000 0.000000 0.000000 0.000000 0.000000
0.000000 0.000000 0.000000 0.000000 0.000000 0.000000 0.000000 0.000000 0.000000 0.000000 0.000000 0.000000 0.000000 0.000000 0.000000 0.000000 0.000000 0.000000 0.000000 0.000000 0.000000 0.000000 52.844486 47.416954 90.637209 58.649489 41.818243 81.620710 24.465379 106.141493 -109.678880 3.505602 76.722621 35.256487 23.128756 0.000000 22.700606 107.494835 18.510504 72.088837 273.371828 253.775529 54.064313 77.368129 128.488823 47.922427 46.817876 49.736465 73.502961 13.658933 0.000000 0.000000 0.000000 0.000000 0.000000 0.000000 0.000000 0.000000 0.000000 0.000000 0.000000
0.000000 0.000000 0.000000 0.000000 0.000000 0.000000 0.000000 0.000000 0.000000 0.000000 0.000000 0.000000 0.000000 0.000000 0.000000 0.000000 0.000000 0.000000 0.000000 0.000000 0.000000 0.000000 0.000000 44.255014 50.474054 41.565284 32.743293 67.636224 15.834162 76.423612 -44.425157 -11.778045 -170.591634 70.006430 68.325995 64.059151 0.000000 -152.493228 -429.333079 -991.294412 308.650908 89.116836 54.382970 -2.814601 68.417649 30.613333 42.166582 50.493390 36.861847 67.961772 0.000000 0.000000 0.000000 0.000000 0.000000 0.000000 0.000000 0.000000 0.000000 0.000000 0.000000
0.000000 0.000000 0.000000 0.000000 0.000000 0.000000 0.000000 0.000000 0.000000 0.000000 0.000000 0.000000 0.000000 0.000000 0.000000 0.000000 0.000000 0.000000 0.000000 0.000000 0.000000 0.000000 0.000000 0.000000 47.551935 71.001923 39.211428 69.670607 57.016859 45.708864 4.696916 66.797307 54.227683 254.071150 40.011911 63.905514 56.748032 0.000000 -283.752722 97.543918 63.663938 65.908079 314.043408 124.379393 148.156589 36.669522 44.960463 -61.359267 30.877913 75.707620 0.000000 0.000000 0.000000 0.000000 0.000000 0.000000 0.000000 0.000000 0.000000 0.000000 0.000000
0.000000 0.000000 0.000000 0.000000 0.000000 0.000000 0.000000 0.000000 0.000000 0.000000 0.000000 0.000000 0.000000 0.000000 0.000000 0.000000 0.000000 0.000000 0.000000 0.000000 0.000000 0.000000 0.000000 0.000000 78.301288 50.420622 37.431245 63.294610 15.612224 77.530508 45.011937 26.855809 63.782700 47.178750 -263.027561 35.031260 47.231749 0.000000 -646.262565 -80.311298 47.018890 -1227.467820 113.368498 281.803593 475.885379 -214.919624 54.429922 25.294049 55.286081 37.150764 56.390297 0.000000 0.000000 0.000000 0.000000 0.000000 0.000000 0.000000 0.000000 0.000000 0.000000
0.000000 0.000000 0.000000 0.000000 0.000000 0.000000 0.000000 0.000000 0.000000 0.000000 0.000000 0.000000 0.000000 0.000000 0.000000 0.000000 0.000000 0.000000 0.000000 0.000000 0.000000 0.000000 0.000000 0.000000 0.000000 24.277623 72.123593 73.316624 83.066326 61.190092 75.535619 40.927741 59.126479 66.061177 180.310313 26.389969 0.000000 49.058870 102.427808 -542.974219 305.074830 59.243974 90.798574 25.225632 14.940739 124.248959 145.066031 -72.359833 123.242975 -58.657479 59.735300 38.445667 0.000000 0.000000 0.000000 0.000000 0.000000 0.000000 0.000000 0.000000 0.000000
