geotop/1.0zi/1.0Montebello/Templates/Dripsey/maps/_Erotot0139.asc
ncols         69
nrows         152
xllcorner     146499.907223
yllcorner     75332.943423
cellsize      50.000000
NODATA_value  -9999.0
[rows 27 to 53 of 152, columns 0 to 59 of 69]
0.000000 0.000000 0.000000 0.000000 0.000000 0.000000 0.000000 0.000000 0.000000 0.000000 0.000000 0.000000 104.668750 41.686570 67.304680 101.978743 113.841113 262.531910 117.391328 112.298143 370.468461 77.435395 93.202449 82.481899 187.670183 76.040224 0.000000 0.000000 18.284780 95.652684 137.953909 156.079839 101.512543 47.564429 34.756179 -28.847077 23.896725 57.663224 62.976605 104.935539 94.274832 96.589195 70.588108 139.826036 18.313440 99.485175 114.305249 126.869887 123.260863 98.684635 72.140274 91.945079 53.655211 24.333767 74.291009 75.219719 74.081122 116.964040 47.366771 97.511871
0.000000 0.000000 0.000000 0.000000 0.000000 0.000000 0.000000 0.000000 0.000000 0.000000 0.000000 0.000000 64.891014 98.895391 72.670361 115.187995 44.712352 148.499082 -224.582890 -8.660660 -620.153438 88.644650 66.446063 -88.281381 -600.385841 0.000000 99.233157 125.715477 69.284908 78.285110 30.163412 32.159212 29.073812 62.893927 75.548291 107.927472 60.368401 54.776731 99.304869 66.591845 56.685276 -11.165048 75.232279 59.234389 -293.204783 116.383193 80.323812 -307.766781 -4.530702 -11.231597 42.405093 128.231886 -203.708062 -114.714495 62.603922 58.471386 77.172894 -15.394868 66.302302 73.564606
0.000000 0.000000 0.000000 0.000000 0.000000 0.000000 0.000000 0.000000 0.000000 0.000000 0.000000 0.000000 60.675046 83.915680 64.853713 127.895874 101.652632 81.297989 -14.229516 93.904769 103.274048 416.656609 31.226815 -106.237106 0.000000 13.748193 111.261597 169.938766 56.175605 58.623352 91.059593 57.918249 76.880399 121.870232 64.228846 47.201187 63.126435 85.297092 67.645044 101.958783 77.469974 38.290036 38.970379 59.530236 44.345043 93.442886 55.415543 87.779839 33.593814 107.770318 23.364175 73.228353 230.638257 157.617524 109.281463 73.811536 147.401793 36.210518 72.806432 70.182949
0.000000 0.000000 0.000000 0.000000 0.000000 0.000000 0.000000 0.000000 0.000000 0.000000 0.000000 0.000000 38.283897 106.047858 96.612386 99.481477 -152.069955 -71.018849 -100.537192 75.022963 91.264517 -567.788096 0.000000 0.000000 10.305788 100.552704 43.594244 83.115985 0.533669 26.591576 0.490805 0.585807 34.317492 55.838147 105.830837 -1.525499 87.496221 52.808664 84.955934 50.327242 74.504106 64.468878 -80.741190 47.349681 29.175794 49.661091 147.373057 76.726256 -376.981108 -21.923786 107.706121 110.482701 -44.994374 -173.646158 101.637720 -289.686475 141.164530 0.332504 145.286117 67.824893
0.000000 0.000000 0.000000 0.000000 0.000000 0.000000 0.000000 0.000000 0.000000 0.000000 0.000000 49.687831 67.603161 74.415103 52.530617 91.499197 55.064571 -66.090877 42.738985 163.787324 18.411419 0.000000 67.877941 110.308389 32.504419 67.665645 82.701196 85.178216 26.749036 50.739658 17.759947 10.597383 36.497187 57.955790 104.291891 78.138719 75.133211 75.949598 79.086199 59.177004 37.481723 87.287469 119.800028 124.809565 105.874285 86.484633 137.371183 530.485712 149.078905 242.552211 85.701492 86.368313 344.992472 99.944578 450.100625 44.387193 87.627509 115.023117 43.555345 72.712721
0.000000 0.000000 0.000000 0.000000 0.000000 0.000000 0.000000 0.000000 0.000000 0.000000 0.000000 136.245864 7.413208 72.649121 105.141210 65.671185 50.124864 64.257989 -92.078819 209.297175 35.105817 0.000000 21.789848 56.852355 70.599840 50.983070 41.668434 83.862642 47.986293 108.860056 120.528261 90.897034 78.616605 84.857559 80.805843 72.964697 77.893602 70.565238 82.598861 70.272851 44.632322 88.876719 88.138447 79.173236 62.440407 41.229692 96.440317 103.491063 -262.436144 80.530905 -522.910549 60.292765 -622.469276 -189.097448 307.534472 -42.016505 227.291167 -17.670891 184.676302 31.513500
0.000000 0.000000 0.000000 0.000000 0.000000 0.000000 0.000000 0.000000 0.000000 0.000000 37.677393 107.088025 93.157580 40.740280 102.205963 43.797238 43.177652 32.619587 101.690517 527.753234 82.247708 0.000000 125.695840 128.207646 10.407868 81.626927 54.991502 106.612619 53.829669 71.164149 77.660934 77.263422 86.825785 61.590162 97.131584 74.427560 62.372770 42.169922 53.980472 69.128181 118.495858 98.006033 96.774961 92.991878 299.979172 66.999890 55.544676 98.903458 65.024071 249.189450 97.836450 72.458131 -90.307859 -71.983523 268.624269 23.026817 213.356869 -39.941293 191.131490 59.716998
0.000000 0.000000 0.000000 0.000000 0.000000 0.000000 0.000000 0.000000 0.000000 110.840777 320.471877 60.671355 59.698785 65.143410 52.113788 117.431811 60.407223 68.404476 110.896283 70.185509 -409.706872 0.000000 9.440299 123.457761 37.967618 110.467381 71.836037 84.143945 94.176536 79.597490 40.812356 37.372651 68.597296 59.958931 69.801736 87.317067 60.260725 59.239014 65.150129 68.016196 94.657720 84.825859 -89.063182 247.703396 -232.949972 116.428244 129.811291 35.876413 118.538539 -47.379150 -644.106428 -425.377011 0.000000 -668.751712 270.490357 80.550934 136.019040 94.374502 69.374577 93.158644
0.000000 0.000000 0.000000 0.000000 0.000000 0.000000 0.000000 0.000000 60.461257 93.688236 15.150642 25.481997 15.154467 77.928561 39.929957 27.052347 73.064890 73.975200 93.985552 59.883808 114.842640 0.000000 125.629205 128.104330 67.334756 90.702920 125.482848 71.588410 128.739149 99.516005 76.824628 68.903376 58.959094 65.534406 66.648986 87.620556 65.196388 50.313492 62.039923 60.654945 116.035732 54.964320 79.983716 82.293280 18.694107 321.098435 34.415126 51.869666 94.667208 74.673835 151.564296 0.000000 -218.625101 -515.055280 389.779789 60.296570 191.830010 -33.059086 285.978908 39.211326
0.000000 0.000000 0.000000 0.000000 0.000000 0.000000 0.000000 102.486476 75.746373 1.904156 143.260852 126.610805 137.363435 116.467058 67.694927 98.665725 131.491434 120.037533 -59.630830 74.813631 61.309147 0.000000 88.794420 62.015692 113.497442 -159.319768 291.543994 -196.349447 117.424644 -25.254912 95.424900 111.637062 12.089950 40.408939 50.772688 55.800202 40.672588 108.521045 52.356380 89.054308 -3.447858 112.322440 27.150134 370.976539 -259.686463 -75.649443 -777.244952 -35.034332 88.310071 67.578792 -384.437935 0.000000 42.312814 89.987081 55.958534 84.274030 104.406961 108.640796 19.697651 70.701432
0.000000 0.000000 0.000000 0.000000 0.000000 0.000000 93.044009 55.307664 140.680768 386.172389 197.680219 257.876960 157.792928 108.809378 11.696784 62.869035 99.528537 61.768468 85.160832 201.819726 55.648879 0.000000 127.127189 118.453712 359.510806 146.872360 85.150155 109.859755 98.040968 115.772996 50.701515 47.017592 96.348800 66.829568 69.498121 105.270093 83.487598 55.733267 53.176560 82.384323 49.437798 118.383801 83.234263 77.931954 128.335822 -176.877970 -568.995743 243.002353 -36.264101 34.387617 0.000000 -289.227429 -67.000580 -355.917327 138.594111 65.258365 66.785875 119.589512 21.843072 66.208164
0.000000 0.000000 0.000000 0.000000 0.000000 86.666676 21.781773 149.363113 -2.260562 289.382360 -2941.725459 -1003.566298 -34.683943 129.983096 53.689626 47.450291 94.508190 119.283935 48.225432 119.643769 -176.756688 0.000000 104.475456 -29.296891 164.336330 -161.145564 440.598373 51.320177 115.036313 -40.404729 84.259915 99.792219 67.899843 22.918616 31.344306 52.250800 20.033135 112.996806 37.162413 52.525349 109.788503 36.262722 115.059715 202.499984 -216.370775 34.929929 -25.611001 63.832816 -717.628946 0.000000 12.141907 79.179165 130.720646 146.997493 282.085743 76.924589 60.012795 105.152901 79.153054 63.279321
0.000000 0.000000 0.000000 0.000000 0.000000 30.463179 63.354916 128.774715 53.062391 113.196132 -224.552571 -221.372107 -345.157182 -46.811478 79.057753 92.237534 177.239920 78.973382 49.654900 50.190764 190.295230 0.000000 240.986942 -160.127938 136.467022 122.805799 55.200492 81.327120 103.465769 104.197448 44.071368 93.414637 59.588843 67.920511 76.143070 108.675534 86.058003 70.029521 62.861347 127.514481 80.726913 21.580327 116.855521 93.373886 126.233722 74.393438 23.438034 218.920784 0.000000 59.629635 76.462290 -94.015029 43.524342 116.799537 52.222159 57.137708 46.861274 135.386876 318.595985 81.355109
0.000000 0.000000 0.000000 0.000000 97.095630 77.482454 104.720375 201.611414 146.189070 128.632772 102.802844 64.007746 -24.327409 0.000000 128.867678 23.730728 11.785691 77.403336 104.003761 105.403734 -105.077933 0.000000 48.648968 64.406453 171.749313 93.551361 84.089997 60.127379 81.121369 43.605087 92.951867 60.991669 40.832890 -15.456617 -23.558464 53.262874 52.095538 107.487556 34.445446 66.741426 37.145440 93.782433 3.642841 109.656133 -110.050188 164.695113 -53.983149 76.110166 0.000000 154.576905 0.916679 68.832138 89.322649 113.539130 15.294846 29.071135 82.967123 -247.178029 86.735001 106.211372
0.000000 0.000000 0.000000 65.553383 71.848961 24.723212 100.168436 107.469535 132.932264 46.178234 132.993325 98.407415 3.204271 57.848438 0.000000 0.000000 102.444573 29.399355 51.511990 62.833024 161.223358 0.000000 122.557534 113.103259 48.738536 118.076809 9.411743 86.339637 46.933399 52.940363 77.618819 55.982677 62.094709 90.749956 110.598011 110.687677 14.389481 89.556692 59.016903 162.523569 74.539579 181.324668 131.216898 106.809070 58.313515 64.145647 85.619881 89.379693 0.000000 178.921272 0.731023 31.635087 76.688419 99.217305 25.887759 43.838347 39.838106 290.849695 92.109339 88.493754
0.000000 0.000000 108.289634 44.108135 110.272278 108.238154 34.743250 20.942760 122.103776 55.156561 89.259857 193.641345 121.594537 365.851454 40.893757 74.457265 0.000000 143.229456 15.076599 104.322840 -194.284907 0.000000 163.330874 160.991497 2.632507 100.582597 35.887385 54.118969 52.351431 69.934521 97.376829 43.368116 32.062660 106.657579 -55.915890 117.590094 -152.198865 75.866022 70.787919 66.493554 -3.040843 84.608226 -177.835453 95.500617 30.892451 89.994956 63.769914 19.960044 0.000000 78.302579 35.614809 135.005297 76.233143 138.581799 51.288690 84.044743 112.308907 -183.182762 73.499938 4.478686
0.000000 0.000000 74.075682 91.254210 47.484666 88.880412 64.072188 52.961450 144.701436 87.672281 47.322805 105.771892 2.271516 95.309139 59.717557 39.801977 0.000000 32.838158 74.831625 58.807329 0.000000 0.256450 143.213468 150.331984 -6.923552 120.012335 108.512988 69.362989 74.316787 59.876565 80.257096 63.713373 60.993552 86.202166 54.646613 68.775332 244.332059 66.237982 59.104656 60.071969 69.055186 192.463210 114.917477 88.941639 104.521260 110.150676 4.682142 125.303866 51.862803 0.000000 82.482089 139.123073 44.358177 64.761942 29.480069 85.024780 452.178198 108.458423 171.578875 81.595640
0.000000 0.000000 43.420020 91.565523 81.549038 59.657577 61.445852 104.324101 35.708851 112.636621 10.696324 67.354677 101.419142 63.208303 69.714984 99.338652 10.483505 0.000000 -44.762798 0.000000 82.731735 122.446587 33.537747 73.841483 54.661028 0.326770 68.455074 74.358568 65.444698 85.278403 52.972535 39.348008 -29.126222 94.793290 65.826058 170.777389 -130.432199 126.728617 103.532862 77.482662 57.053311 50.308305 -126.655514 58.446811 -38.906656 86.868446 72.892741 -9.233357 -93.189465 0.000000 -424.820010 77.576545 16.408158 96.411098 149.118712 -232.126340 62.503695 7.560630 95.717334 -82.827729
0.000000 0.000000 51.163892 79.505435 80.391666 71.595954 59.497771 139.547714 23.465357 127.150802 -33.508890 232.940370 -25.873442 287.689699 -225.256269 261.940592 -73.087799 136.535802 0.000000 159.152353 20.408802 66.714266 36.989221 59.796240 219.777430 89.495152 121.299341 68.979053 33.729112 74.173565 74.077660 182.334177 58.766870 64.911615 74.959418 54.401060 65.753066 408.535747 74.844673 69.764387 68.182869 89.555585 61.064844 193.934050 72.965030 166.473461 -124.134035 127.339200 -165.552944 0.000000 -62.984197 176.270505 73.527512 88.617023 428.559185 123.307889 132.911099 87.522138 271.798979 128.107118
0.000000 0.000000 50.458530 68.031907 84.648160 73.281538 56.254872 196.944596 -37.472844 264.816852 -178.671825 369.780834 -55.243204 406.684719 -437.371168 227.590944 114.496833 296.274121 0.000000 17.630168 58.569440 121.207855 85.742740 69.777508 172.003344 81.635543 99.201936 84.006358 126.124507 9.822255 129.002401 -50.881822 70.533320 69.106635 37.856294 105.185503 46.144058 83.270874 -266.152419 66.357350 48.542156 73.209436 35.973923 57.964808 -166.956723 93.671444 104.458771 113.254937 53.825941 -63.089632 0.000000 -172.774768 81.443333 -265.938167 146.842698 16.252567 109.743581 -443.548570 75.035743 -88.050298
0.000000 0.000000 59.404810 63.188184 77.564034 61.926903 9.335146 49.260655 128.009148 80.764102 30.289992 66.842032 138.710298 107.593823 44.349132 87.198524 69.906522 202.148530 -167.360949 0.000000 51.905574 122.685445 228.263918 111.707697 268.945949 184.408249 117.093556 85.081675 129.664083 71.132380 250.891015 59.297786 90.383043 84.972432 84.908850 54.712136 57.115729 88.093453 51.267998 402.482054 86.975108 133.873862 107.539349 155.518300 248.687913 86.767003 72.217622 22.364310 115.235664 76.412377 0.000000 -748.579656 -77.634594 -462.143738 127.606522 -38.431400 457.729939 -299.792119 187.942458 -205.548180
0.000000 0.000000 81.407749 74.499031 68.834515 59.861026 39.479063 110.468450 25.543798 128.614071 -50.085402 243.223162 69.956001 227.123110 -207.689681 121.025794 -9.095723 465.368790 -420.835879 0.000000 51.890725 -31.492952 128.273324 28.600419 158.672232 112.540701 58.615967 23.735946 81.520514 -144.857623 60.671891 116.402863 46.093907 111.898540 -20.397137 115.447517 27.945273 58.892644 27.238436 244.237318 -29.343132 94.795810 11.498802 37.340359 -577.109931 96.250682 68.249831 114.250059 55.465175 0.000000 0.000000 0.000000 0.000000 0.000000 0.000000 0.000000 1393.301026 -824.124795 125.045681 -25.656156
0.000000 0.000000 70.991837 70.465478 75.269765 65.973414 50.776459 108.555678 35.849478 130.118528 -46.217961 265.591075 55.375355 301.053099 -203.062515 126.445467 -93.587630 466.581937 -316.781520 0.000000 -212.077517 -102.435049 177.292117 99.837983 189.187290 113.308781 390.738726 174.071292 584.367994 87.980252 52.488488 53.004861 75.997668 74.389179 91.279345 78.066855 82.847635 86.701119 66.977423 185.352643 93.985067 311.183285 44.422098 87.906684 -132.737833 42.100467 65.511977 98.103136 -50.081255 0.000000 -192.249423 -591.330494 63.201765 25.066791 157.104061 89.480337 150.064355 -1047.636354 -76.425735 -41.264123
0.000000 0.000000 81.043397 77.734865 77.334547 76.083339 59.827375 124.858377 42.865066 174.927986 -63.469762 249.607501 115.245911 385.378825 -247.280204 174.656693 -200.464432 386.447528 -241.232325 -292.691443 0.000000 -318.989987 55.873059 -27.412574 114.984227 -73.199888 152.458218 39.599237 174.923402 65.878525 65.542921 114.300510 72.327810 107.024105 -22.710303 123.253847 -121.710144 99.797132 32.968648 108.340987 -8.807804 27.510148 -380.100561 14.857415 -428.430257 106.399170 -59.735508 -65.663220 0.000000 -6.301142 30.579743 53.512859 244.123396 80.982721 65.392682 49.026024 45.769815 134.164816 88.592642 73.025150
0.000000 0.000000 69.308514 69.650357 72.613116 62.841008 55.098540 97.009455 33.828020 153.044249 -14.666362 163.682002 134.857371 350.958175 -209.959283 170.749538 -192.589550 284.263329 -140.084056 -39.359023 -2.940852 0.000000 66.447891 98.867660 221.742636 53.525415 211.340035 61.327103 108.118477 107.895768 64.862079 82.900738 50.744525 100.549345 83.305164 67.231240 64.644345 215.523621 62.390158 166.550987 51.738607 136.313968 -115.141550 300.735993 48.973045 391.850922 -252.470296 0.000000 40.120884 -247.659299 52.549211 -3.179616 94.804258 -82.007590 100.650699 143.510732 104.246822 29.645295 106.081343 141.915903
0.000000 0.000000 89.642929 74.553102 55.326734 64.730427 58.799336 109.707614 27.902923 146.654877 -70.535392 245.218797 70.072968 294.298495 -230.952928 153.899159 -138.481037 143.041836 -290.961898 107.285606 92.575257 0.000000 29.736914 -61.609811 190.812463 -263.086812 104.625202 -54.115968 77.178121 75.076721 65.843923 104.450614 21.373211 69.712048 56.724544 99.143787 26.407138 57.363013 -50.349981 90.198151 -141.937053 25.352112 -585.614807 -98.358571 -426.780263 -1055.675272 0.000000 -96.393473 32.826618 -16.744979 112.305195 61.583798 119.164858 118.746474 227.458030 79.321974 42.745901 117.147245 6.759693 56.924058
0.000000 0.000000 69.233295 104.633125 67.329474 66.807774 62.024643 108.784223 48.073758 164.858329 -81.061009 75.932969 118.383911 99.561444 66.053232 -33.923956 -232.147761 255.639784 -271.093832 745.426465 -218.836220 0.000000 -182.059654 3.341276 304.669765 146.581757 399.616079 63.319111 90.735919 61.983000 43.813675 88.352515 71.761657 56.242287 72.497825 89.820706 79.905890 92.582654 44.953112 147.712711 -33.787108 95.992335 25.564136 101.446627 74.394769 0.000000 -38.273109 -132.325337 82.575610 -26.729474 100.391330 148.148405 136.661618 169.189004 174.848152 39.550512 130.879738 72.733938 69.928874 124.362427
