geotop/1.0zi/1.0Montebello/Templates/Dripsey/maps/_Erotot0143.asc
ncols         69
nrows         152
xllcorner     146499.907223
yllcorner     75332.943423
cellsize      50.000000
NODATA_value  -9999.0
[rows 54 to 80 of 152, columns 0 to 59 of 69]
0.000000 0.000000 89.721172 89.083514 59.329690 75.033478 60.826813 148.158800 47.914539 217.698598 -95.156274 309.674149 -86.372170 472.687566 -180.283029 79.803579 -66.577269 77.176690 118.840007 64.980760 13.565656 31.287716 0.000000 -699.822561 125.246049 -487.744974 456.752974 76.693280 91.436721 66.171442 122.636962 18.872216 71.785858 54.087349 45.340410 60.619964 65.593646 114.408874 -28.894346 91.399449 32.842434 98.063944 51.220443 349.405807 0.000000 109.532167 74.071446 171.854099 155.274412 145.304623 180.633141 174.550479 -18.423479 153.695826 142.079529 153.042167 36.365939 55.788397 92.641539 93.497398
0.000000 0.000000 83.249936 78.030866 27.083390 101.554454 78.780184 31.773631 147.215831 92.051786 80.186995 41.737643 -41.195048 455.391745 -721.948165 -172.260527 53.360072 22.208564 134.081849 71.759650 119.241840 37.601408 0.000000 -744.856863 70.078770 170.854666 0.853554 32.732424 105.623940 62.919295 114.536847 93.387355 104.792578 72.415441 88.354850 114.644610 28.323366 109.399382 84.652435 72.940739 110.324720 83.170123 260.447174 91.379910 0.000000 -229.016216 205.652691 55.540294 109.579249 74.188486 181.081411 327.445954 102.594713 179.575261 67.589421 140.918272 98.744999 57.787064 137.910221 154.617564
0.000000 0.000000 104.919125 79.413117 60.750776 18.037702 -0.187836 186.537997 7.452442 244.360613 -63.689976 70.124978 128.749743 428.211865 137.971279 53.062321 78.459996 62.504832 83.590718 79.233359 115.795603 28.622591 70.977478 0.000000 48.076027 182.790130 44.507051 120.152493 89.983479 7.959511 134.720522 35.817682 67.434388 30.474593 15.942628 60.516229 26.374386 86.433136 57.996556 106.938796 103.976595 19.238522 115.545565 -131.722459 0.000000 179.736329 42.177014 101.085068 121.266796 237.611685 57.837735 117.252951 -86.489046 -0.921975 4.666994 10.874740 28.117852 48.532235 54.646828 34.088132
0.000000 0.000000 0.000000 49.519568 108.247515 72.789309 69.167545 77.851553 54.515668 107.006191 22.263411 2.795186 42.913103 74.072342 76.732567 56.901406 113.781351 61.257520 117.689041 68.903863 52.420609 78.341727 98.669445 0.000000 159.613817 75.612880 176.550488 155.276897 364.167549 85.713375 118.156145 94.318396 101.313732 72.327788 85.826856 108.648568 77.426622 76.316243 74.903230 81.375808 47.233026 486.434602 120.267465 0.000000 -132.955914 -89.286971 274.555872 11.358933 212.937479 291.519306 32.293453 77.068926 1.005519 99.725443 61.153399 79.015768 130.746781 88.113871 81.302189 68.408434
0.000000 0.000000 0.000000 99.214412 42.676024 75.062848 111.755096 81.339671 81.884380 83.848448 15.293434 103.797132 106.353552 32.993569 162.040617 104.679152 -105.818173 138.824553 12.329016 190.607639 -103.486101 348.744230 327.236637 -438.707502 0.000000 -77.907538 135.309948 -19.532363 125.842123 125.755355 92.959000 -6.879423 120.878150 23.037615 13.367458 112.623200 -199.642285 58.313581 65.423949 49.756234 74.916170 93.940743 -652.765434 0.000000 54.137106 59.379723 154.759281 245.224325 58.548829 53.556196 -7.851682 0.160615 0.629258 0.746703 0.699262 0.627815 61.595178 58.171450 123.475756 0.000000
0.000000 0.000000 0.000000 98.941565 68.437834 90.618536 22.765501 95.993492 -159.418221 239.355699 -195.618811 228.909372 55.814410 1028.654962 -358.251439 122.641028 -1601.088257 725.437880 -181.610297 649.915210 -595.353265 91.027945 144.329710 55.023488 0.000000 -59.573800 217.616575 122.433926 285.343719 82.380183 226.010236 90.484754 24.351650 200.940911 213.232770 60.379886 87.019681 462.166611 151.223318 36.502762 68.957645 58.305274 28.085101 0.000000 198.740928 -27.459705 186.019907 189.076060 135.426970 109.005281 1.088464 11.984356 0.469882 0.000000 0.000000 0.000000 0.000000 0.000000 0.000000 0.000000
0.000000 0.000000 0.000000 109.355065 32.636999 24.170236 -10.610225 24.743701 75.794375 94.097453 -15.600162 105.730854 -17.450957 374.430904 -119.318059 197.750068 141.571589 90.424659 73.713064 151.668257 5.519286 679.694779 483.050587 133.001896 0.000000 -857.500385 16.458384 -8.637040 115.774765 40.614191 135.619104 84.542409 121.400809 -21.979164 -25.050313 102.506714 48.577315 144.747252 -267.140239 149.078115 86.642964 91.853656 0.000000 -33.316405 168.183159 102.007290 142.159741 246.350063 43.686353 42.154862 1.619109 0.368662 0.000000 0.000000 0.000000 0.000000 0.000000 0.000000 0.000000 0.000000
0.000000 0.000000 0.000000 0.000000 0.000000 82.095558 88.683373 133.408756 112.494266 79.590520 110.303852 106.185247 -35.099525 91.316494 53.956595 100.578932 77.619688 120.445725 112.264562 182.272035 -38.849241 -165.497811 273.182387 366.086512 -1503.106683 0.000000 -54.396686 83.590978 288.483807 68.487249 70.581812 114.572495 78.051912 195.475994 275.286298 51.421421 118.399046 109.282584 97.936299 410.622240 100.442826 0.000000 -35.698058 88.604982 92.994685 123.287306 138.958199 247.379136 0.090824 1.219798 1.036656 0.777602 0.000000 0.000000 0.000000 0.000000 0.000000 0.000000 0.000000 0.000000
0.000000 0.000000 0.000000 0.000000 0.000000 0.000000 70.948148 57.665180 48.027853 27.337639 105.367919 71.898116 136.592174 120.681090 58.397925 25.996369 158.702648 73.827469 45.013299 536.979727 -167.890805 -227.845166 148.286983 112.515762 58.695732 7.995229 0.000000 -379.613522 100.378473 94.220478 126.349374 7.791198 121.684011 -66.389122 -76.016325 73.529453 92.293007 111.846637 77.134363 -418.491300 0.000000 144.849701 62.587597 125.321747 62.574389 162.479748 22.546900 92.574123 17.290154 98.435846 0.667726 37.275551 0.478259 0.000000 0.000000 0.000000 0.000000 0.000000 0.000000 0.000000
0.000000 0.000000 0.000000 0.000000 0.000000 0.000000 0.000000 71.020625 70.365664 33.216209 139.896713 93.913520 47.259371 106.874410 63.303504 31.633941 145.026402 -102.641766 20.149237 48.418372 115.766892 110.643437 91.859658 152.523448 -250.428291 -121.609059 0.000000 -192.155340 97.464232 125.630203 430.127083 91.688001 27.085492 355.381660 354.236880 69.088699 72.056116 26.466996 53.721514 0.000000 -13.484427 -492.653838 367.246724 15.803397 129.208395 54.674704 87.374529 144.727135 29.582288 112.671169 100.382793 141.462963 32.590092 0.000000 0.000000 0.000000 0.000000 0.000000 0.000000 0.000000
0.000000 0.000000 0.000000 0.000000 0.000000 0.000000 0.000000 0.000000 41.710454 31.831705 84.954960 86.818770 102.571280 69.300581 73.232837 128.783917 137.817423 87.803028 85.756882 27.528421 155.469189 90.006639 34.924982 542.796897 115.852538 86.638054 70.879957 0.000000 94.309845 -407.765707 115.710538 155.713083 43.374274 -13.870011 -70.792160 34.939897 85.570668 83.935978 129.597832 0.000000 116.737410 159.665817 33.937686 117.935441 178.139908 29.373227 115.936152 81.072248 137.272761 150.133667 157.890960 96.239957 181.053160 0.000000 0.000000 0.000000 0.000000 0.000000 0.000000 0.000000
0.000000 0.000000 0.000000 0.000000 0.000000 0.000000 0.000000 0.000000 0.000000 17.144322 80.063573 75.495966 107.090627 78.305064 9.418281 166.508364 37.093181 177.547899 -85.611665 354.239662 -168.367104 152.881937 -488.652880 81.883875 91.559251 204.104100 -432.284318 -168.603435 0.000000 -496.017856 92.791168 145.820744 39.983678 351.967089 498.284434 118.191733 156.967118 99.533517 0.000000 81.878401 98.198039 202.340198 2.143836 29.717751 81.212423 78.327274 69.118846 135.023410 105.253735 84.166570 126.602536 68.442857 0.000000 0.000000 0.000000 0.000000 0.000000 0.000000 0.000000 0.000000
0.000000 0.000000 0.000000 0.000000 0.000000 0.000000 0.000000 0.000000 0.000000 81.306580 103.078998 41.938816 128.028300 34.115659 79.694537 0.701654 77.183864 133.441509 101.931731 118.591596 -79.069116 111.253962 46.691154 111.475415 45.378024 332.510421 144.016453 124.243851 41.584408 0.000000 8.180651 69.144792 148.607008 -207.219169 -289.196838 26.528654 -22.307765 0.000000 21.412770 74.150548 60.425900 139.203520 29.262380 119.857678 67.365907 143.763468 56.504940 52.760721 90.192459 46.440555 97.030811 165.547960 0.000000 0.000000 0.000000 0.000000 0.000000 0.000000 0.000000 0.000000
0.000000 0.000000 0.000000 0.000000 0.000000 0.000000 0.000000 0.000000 0.000000 83.281431 74.814233 39.432301 59.378568 66.615840 77.218075 20.457832 119.867545 151.886279 -118.181051 149.510364 93.115843 133.462719 75.401435 48.164037 -77.157701 94.472482 -19.447520 311.552308 -1065.720508 -354.401372 0.000000 34.794015 81.332626 -194.706596 -123.810582 -2.864892 0.000000 -250.100827 144.528223 105.862125 95.827413 91.922684 50.025269 65.500191 58.528427 71.893054 121.979045 81.812219 230.673907 146.032271 123.121137 0.000000 0.000000 0.000000 0.000000 0.000000 0.000000 0.000000 0.000000 0.000000
0.000000 0.000000 0.000000 0.000000 0.000000 0.000000 0.000000 0.000000 0.000000 75.772161 98.906005 131.324507 64.330193 61.247619 105.333236 53.133262 111.693506 104.413076 132.003606 88.080931 5.569042 9.561937 146.124913 85.004216 92.641208 95.165118 100.940321 195.787704 102.335017 -84.107072 -313.333320 0.000000 -7.662267 -310.784862 -405.227933 -133.459952 0.000000 243.564502 0.848989 148.741417 85.040213 36.547787 96.786021 60.425579 65.199919 -62.724868 150.895815 -184.800496 100.501566 31.064683 0.000000 0.000000 0.000000 0.000000 0.000000 0.000000 0.000000 0.000000 0.000000 0.000000
0.000000 0.000000 0.000000 0.000000 0.000000 0.000000 0.000000 0.000000 0.000000 73.272607 22.238129 134.507888 64.986635 66.163256 63.530123 65.247682 97.793607 50.268268 98.600001 50.719469 73.466179 55.314972 122.351243 84.517115 98.982378 76.321091 118.130098 95.328117 127.134841 122.460776 -167.719233 0.000000 -14.969153 32.713431 117.989727 0.000000 1.106339 239.467179 0.780197 39.471575 65.981986 125.644662 96.014234 80.535688 170.711962 73.996854 52.661745 -72.909815 86.716634 42.477754 0.000000 0.000000 0.000000 0.000000 0.000000 0.000000 0.000000 0.000000 0.000000 0.000000
0.000000 0.000000 0.000000 0.000000 0.000000 0.000000 0.000000 0.000000 0.000000 115.712113 -62.592444 60.989453 135.165864 59.803354 50.057978 123.071405 77.684709 52.543644 145.002434 96.380465 92.128843 36.811918 72.825909 100.885978 132.748420 121.849648 77.805383 14.295606 120.749793 60.754341 127.337455 114.850230 0.000000 19.623581 0.000000 -102.993603 16.513631 85.353098 70.352295 96.936808 65.581817 -131.012487 77.746578 -80.689982 68.834234 -135.088553 21.408247 -211.856346 86.553706 160.090390 0.000000 0.000000 0.000000 0.000000 0.000000 0.000000 0.000000 0.000000 0.000000 0.000000
0.000000 0.000000 0.000000 0.000000 0.000000 0.000000 0.000000 0.000000 42.189289 48.638615 86.395376 183.997649 49.975110 99.179619 68.926472 175.860559 121.779894 57.637460 -5.139578 103.579245 66.050679 61.032412 98.893365 63.745937 23.990758 109.608950 45.418060 32.866300 124.803023 93.966073 104.945197 67.147917 0.000000 0.000000 0.000000 0.000000 0.000000 0.000000 0.000000 0.000000 0.000000 0.000000 364.858580 -408.037468 261.011768 -229.405940 79.904654 92.333569 108.031880 0.000000 0.000000 0.000000 0.000000 0.000000 0.000000 0.000000 0.000000 0.000000 0.000000 0.000000
0.000000 0.000000 0.000000 0.000000 0.000000 0.000000 0.000000 104.652371 113.665788 88.852560 81.663120 10.295783 47.619257 92.821371 127.013227 96.117362 -85.062447 -438.719584 -185.988323 62.886627 -5.473604 102.706013 106.572984 95.071963 73.366599 55.361900 55.740478 75.838112 54.338858 113.471864 -7.062383 76.615046 -147.845476 0.000000 -134.168461 9.975443 83.397672 130.891145 37.191793 143.659266 146.125729 -16.267437 -45.043076 -282.477434 103.749271 27.932174 36.288292 33.914766 109.994357 0.000000 0.000000 0.000000 0.000000 0.000000 0.000000 0.000000 0.000000 0.000000 0.000000 0.000000
0.000000 0.000000 0.000000 0.000000 0.000000 0.000000 0.000000 81.899499 68.857491 100.196331 55.010559 122.403801 148.946712 71.596962 105.204099 36.768417 88.307557 68.039002 114.904624 591.069356 94.240925 73.319420 80.083422 42.577868 106.334476 70.076818 92.214586 15.434761 112.765517 83.085034 104.005862 60.156224 0.000000 21.774560 175.312287 -273.307106 198.144667 199.066825 114.950435 192.858779 118.538349 160.834883 6.845961 -526.624956 -26.729864 99.135832 119.902402 69.745907 118.138497 0.000000 0.000000 0.000000 0.000000 0.000000 0.000000 0.000000 0.000000 0.000000 0.000000 0.000000
0.000000 0.000000 0.000000 0.000000 0.000000 0.000000 0.000000 34.487178 71.690030 77.156012 11.364229 104.628799 -191.854249 17.911736 96.527284 132.249268 15.846481 79.736024 88.216350 75.231410 -201.974575 27.039664 -74.785530 120.274306 78.813885 65.167238 81.979491 26.649762 146.241729 102.467770 72.903140 88.032400 0.000000 -39.978761 53.089216 180.989039 -35.496118 44.793773 -24.538842 0.755515 54.971524 63.578306 87.350741 444.259457 76.035273 -27.104209 89.897725 81.713643 55.821199 0.000000 0.000000 0.000000 0.000000 0.000000 0.000000 0.000000 0.000000 0.000000 0.000000 0.000000
0.000000 0.000000 0.000000 0.000000 0.000000 0.000000 0.000000 89.115120 64.611787 126.119048 147.566453 94.978220 438.787966 49.131418 112.351643 36.919025 105.995556 99.805659 96.681342 61.751910 100.362665 374.575251 112.403444 121.540174 85.108640 138.597312 76.862760 49.059593 96.996770 80.159399 140.202104 70.052147 0.000000 -120.243634 215.727588 270.924877 92.041904 161.733943 54.613939 51.262597 139.619515 138.779530 18.420454 -397.810928 133.763834 143.850954 144.845659 136.332589 25.892182 0.000000 0.000000 0.000000 0.000000 0.000000 0.000000 0.000000 0.000000 0.000000 0.000000 0.000000
0.000000 0.000000 0.000000 0.000000 0.000000 0.000000 0.000000 115.323791 -76.769902 73.503751 105.221658 63.085202 360.701202 47.273640 159.561514 124.026595 98.261510 52.399907 54.757575 135.745834 -47.599183 -206.423558 -50.627275 111.053773 93.912301 100.954158 89.901788 103.651599 86.122857 77.470086 -80.720472 0.000000 53.920186 209.251520 -112.518410 72.280314 42.814657 65.407879 12.093656 29.465229 38.595758 6.742098 101.408930 -267.158079 100.607640 101.969167 0.326970 27.555801 0.000000 0.000000 0.000000 0.000000 0.000000 0.000000 0.000000 0.000000 0.000000 0.000000 0.000000 0.000000
0.000000 0.000000 0.000000 0.000000 0.000000 0.000000 0.000000 67.385472 104.690433 77.917003 112.843259 113.641549 302.264136 84.125664 322.995603 54.891688 161.143372 133.006420 90.215671 77.976773 83.724896 394.831396 76.180868 373.661131 43.759999 280.828252 72.682519 187.280539 87.828466 84.975226 0.000000 -6.910584 230.490292 244.788924 21.993155 186.223097 63.696398 87.734632 42.020684 35.355781 123.381144 84.707994 -468.351133 -561.731765 133.018990 145.807941 0.552708 0.402280 0.000000 0.000000 0.000000 0.000000 0.000000 0.000000 0.000000 0.000000 0.000000 0.000000 0.000000 0.000000
0.000000 0.000000 0.000000 0.000000 0.000000 0.000000 0.000000 86.314070 49.885908 129.235061 132.486197 87.363519 -985.049688 114.861251 -246.895824 121.081291 78.925903 136.702673 38.212444 68.343784 56.979895 -156.557595 113.230992 94.655453 64.424980 88.838804 -48.603136 81.431717 -75.167215 9.369782 0.000000 229.297713 1.048410 57.815432 3.518738 65.742334 0.208074 0.554145 0.428670 0.465395 117.780434 125.970849 283.707859 361.358947 102.523386 101.608392 0.490527 0.000000 0.000000 0.000000 0.000000 0.000000 0.000000 0.000000 0.000000 0.000000 0.000000 0.000000 0.000000 0.000000
0.000000 0.000000 0.000000 0.000000 0.000000 0.000000 0.000000 125.418767 89.623628 44.826148 -226.431954 353.474385 -629.378627 0.000000 0.000000 0.000000 -165.272632 30.443964 0.785319 4.426385 97.253589 754.028364 83.352588 68.666479 83.712714 253.872325 82.685703 187.514125 119.044748 0.000000 -20.537849 157.999798 29.924934 226.979572 1.011086 79.124760 0.867020 0.463810 7.548715 49.803707 78.315650 102.497646 -162.609351 -97.553446 100.852120 108.915361 53.038494 0.000000 0.000000 0.000000 0.000000 0.000000 0.000000 0.000000 0.000000 0.000000 0.000000 0.000000 0.000000 0.000000
0.000000 0.000000 0.000000 0.000000 0.000000 0.000000 0.000000 0.000000 109.518363 169.718778 120.765005 113.573500 -1578.129703 64.996622 79.182821 0.696909 0.000000 0.000000 221.339319 186.203327 93.127263 -422.745511 75.100746 121.757242 91.382083 145.028263 -298.016611 77.003636 -684.410599 0.000000 51.777439 143.919561 -3.475703 119.243811 34.188572 97.839438 0.779304 4.944181 69.216746 88.035402 126.383315 86.808883 164.022280 149.137284 81.322509 105.710923 0.000000 0.000000 0.000000 0.000000 0.000000 0.000000 0.000000 0.000000 0.000000 0.000000 0.000000 0.000000 0.000000 0.000000
