geotop/1.0zi/1.0Montebello/Templates/Dripsey/maps/_Erotot0341.asc
ncols         69
nrows         152
xllcorner     146499.907223
yllcorner     75332.943423
cellsize      50.000000
NODATA_value  -9999.0
[rows 26 to 51 of 152, columns 0 to 59 of 69]
0.000000 0.000000 0.000000 0.000000 0.000000 0.000000 0.000000 0.000000 0.000000 0.000000 0.000000 0.000000 106.132610 278.773905 319.272680 298.280373 84.918795 239.123159 212.901943 334.894306 -191.872480 307.149927 -352.062700 205.383818 -636.322616 318.209251 -1248.287019 -301.264119 0.000000 0.000000 0.000000 0.000000 -57.258601 -355.382479 160.633716 82.342034 239.118834 45.249545 58.759474 -37.995466 219.807403 206.783439 94.389968 76.489696 71.492013 38.937407 153.109039 19.413303 200.353376 132.316595 112.902672 256.312012 203.954924 227.643067 120.772081 94.698620 180.020770 144.354019 199.914212 0.000000
0.000000 0.000000 0.000000 0.000000 0.000000 0.000000 0.000000 0.000000 0.000000 0.000000 0.000000 0.000000 243.533185 103.884398 157.591726 248.543320 270.951833 591.999628 286.974431 275.528775 854.931348 201.703660 223.082791 192.173467 419.352883 179.391656 0.000000 0.000000 70.656383 274.038867 336.660367 408.094456 254.971848 120.585225 81.800677 -76.677049 54.152390 133.825607 148.753494 251.190301 226.081524 232.518528 168.508395 331.551890 46.059076 240.247495 249.065496 298.139867 309.741415 240.392634 187.524263 218.336965 131.458888 58.508616 181.035034 180.558408 180.445348 280.677667 112.031231 235.435414
0.000000 0.000000 0.000000 0.000000 0.000000 0.000000 0.000000 0.000000 0.000000 0.000000 0.000000 0.000000 154.107222 238.313675 170.175803 269.806040 101.547054 355.679424 -511.894896 -36.004145 -1469.598674 199.268555 156.201490 -207.655154 -1404.442729 0.000000 235.351761 325.511817 160.524615 153.826026 40.813818 44.831247 60.819297 137.852064 176.502282 260.850067 143.899585 135.002141 239.825842 158.712154 133.987561 -29.101687 173.960228 137.038780 -722.437125 278.545725 185.582853 -758.419663 -49.979477 -39.532635 88.095045 304.348655 -502.587126 -298.202084 144.347617 129.103488 185.982105 -38.860844 159.191255 174.650336
0.000000 0.000000 0.000000 0.000000 0.000000 0.000000 0.000000 0.000000 0.000000 0.000000 0.000000 0.000000 142.708751 209.249187 157.956995 297.425322 236.095243 183.992959 -58.444550 227.532006 242.368104 949.300866 79.026657 -288.436370 0.000000 51.343700 275.562045 388.705688 106.162756 95.586091 146.956911 74.524461 151.651979 283.589967 152.835356 105.705662 149.184573 208.111657 153.216387 247.545920 183.035626 90.680687 87.870422 142.406272 103.753944 209.300255 130.742211 214.924589 55.860526 268.383471 43.283129 183.200196 528.853949 344.489515 269.884486 169.980579 348.271650 83.697837 180.991975 165.546953
0.000000 0.000000 0.000000 0.000000 0.000000 0.000000 0.000000 0.000000 0.000000 0.000000 0.000000 0.000000 90.248822 253.327993 221.941607 235.440915 -364.155745 -167.054202 -230.045173 159.511558 211.810163 -1321.391598 0.000000 0.000000 34.640875 229.008406 104.413672 162.886183 3.690035 29.239510 3.500555 4.936353 41.858475 114.170999 251.500055 -6.170715 212.507683 134.646490 208.635383 128.977917 172.169146 152.215457 -207.547757 111.474033 64.657532 117.899515 343.174657 188.612974 -933.058765 -67.144219 260.737873 257.561091 -116.658653 -454.821357 245.534065 -737.232159 322.956839 -2.638721 371.571913 163.120149
0.000000 0.000000 0.000000 0.000000 0.000000 0.000000 0.000000 0.000000 0.000000 0.000000 0.000000 126.160510 157.884925 191.832030 123.566426 223.796345 121.422519 -174.963574 98.771539 372.316042 34.208424 0.000000 162.762858 257.343327 64.372518 149.398862 195.836521 185.784514 33.571511 72.966173 19.832425 12.613727 54.908767 128.169660 245.253047 187.081109 178.111050 188.955005 182.859970 143.561363 90.327604 214.519507 287.180520 293.302778 254.430818 211.847199 335.677642 1275.884023 354.312441 530.186455 208.419412 207.402794 767.026437 233.277407 1054.440814 100.768237 213.657671 257.229133 114.273537 186.715124
0.000000 0.000000 0.000000 0.000000 0.000000 0.000000 0.000000 0.000000 0.000000 0.000000 0.000000 313.399572 19.892846 165.802940 251.343588 156.436375 115.933501 151.500395 -243.196825 480.102465 82.144759 0.000000 63.745803 135.160612 151.943559 119.782267 98.856364 198.003420 112.422917 246.730537 265.168339 199.115587 170.825625 197.396542 191.783663 175.406662 185.230829 179.441837 188.018294 168.512781 102.743740 217.321987 204.896101 190.076142 123.779667 109.182027 228.691468 243.330205 -644.001459 190.228566 -1238.748453 130.197528 -1487.322864 -465.078578 675.992447 -105.529711 542.868986 -52.573938 453.597929 65.588003
0.000000 0.000000 0.000000 0.000000 0.000000 0.000000 0.000000 0.000000 0.000000 0.000000 74.823160 241.172392 221.034351 106.071681 247.971604 107.547215 111.929873 71.139691 241.550933 1220.727376 190.763843 0.000000 302.954871 301.935226 18.266177 187.747731 140.386566 250.096780 118.537601 172.004418 194.902578 188.003740 211.015333 150.556813 234.529223 181.716193 148.059070 111.446493 139.292621 178.999849 271.378892 238.869062 226.263461 237.409175 676.736862 175.583611 141.884225 234.064006 150.622258 610.568165 230.750846 135.426108 -239.979005 -190.044233 622.144206 53.970557 501.333204 -103.307025 456.453937 138.415088
0.000000 0.000000 0.000000 0.000000 0.000000 0.000000 0.000000 0.000000 0.000000 268.926158 739.654332 139.427558 138.360607 143.577070 128.446515 277.088967 140.848969 156.351378 264.059772 172.298092 -973.612980 0.000000 20.420351 284.946682 97.372652 251.886513 174.625855 210.774042 222.500353 186.848613 107.690855 89.016818 162.229346 144.296772 166.034351 209.242222 142.452988 142.089507 149.724187 167.268250 218.782292 206.644321 -232.049212 522.402342 -588.535015 264.177282 292.645737 90.054061 284.610788 -117.191671 -1533.223924 -969.713603 0.000000 -1622.082516 644.183061 181.411669 338.353655 212.285742 179.882113 213.387886
0.000000 0.000000 0.000000 0.000000 0.000000 0.000000 0.000000 0.000000 147.275104 204.881322 62.408040 37.790647 26.932875 209.213658 111.528944 84.503715 187.182534 213.178514 224.197127 146.199574 272.450380 0.000000 302.069649 308.325020 169.539468 221.312013 297.962596 169.440366 295.824474 229.864195 186.966622 174.765416 138.915348 156.324669 158.160003 218.945554 164.226348 127.532752 151.173253 160.803493 276.824082 144.095293 198.213485 207.786062 23.271375 736.612143 81.665738 123.848676 234.830058 178.758485 348.428311 0.000000 -524.236203 -1233.627620 932.458976 132.018045 444.672688 -71.985081 660.589531 94.263365
0.000000 0.000000 0.000000 0.000000 0.000000 0.000000 0.000000 246.657214 178.521856 14.593997 312.893047 272.471407 289.124678 230.967410 129.802059 218.135956 303.710484 284.490506 -167.366201 173.620932 152.802556 0.000000 209.650141 141.390289 269.657462 -385.387831 638.595738 -478.045522 290.053117 -63.201634 225.035524 267.383020 25.974509 93.366937 117.809129 127.500614 92.741628 260.595518 121.515520 213.128071 -13.895568 262.650515 47.210501 875.890265 -666.735613 -197.345919 -1850.381315 -94.170434 206.965310 157.687499 -911.348857 0.000000 83.235235 158.739508 193.477823 200.463517 258.717840 238.794529 51.280653 176.528227
0.000000 0.000000 0.000000 0.000000 0.000000 0.000000 214.079595 137.731485 289.880033 885.860129 478.423255 564.717545 382.899616 269.513478 20.292374 142.002300 244.021577 164.282219 202.421707 455.855279 144.548941 0.000000 307.098749 272.785377 828.161592 353.887074 224.227371 253.951171 244.306092 277.205758 121.487245 110.422380 236.633669 159.114334 167.202347 256.552308 198.595426 136.178348 125.976075 200.633132 115.074289 291.670210 189.538514 205.669381 290.531307 -430.824392 -1345.810635 554.814952 -93.669267 78.485600 0.000000 -691.261956 -176.282591 -878.175395 365.037196 156.796218 154.670963 268.214733 55.558497 166.742728
0.000000 0.000000 0.000000 0.000000 0.000000 216.703586 41.819594 371.215557 -45.563839 601.504255 -6912.696734 -2248.905981 -101.468438 281.706171 109.380671 119.602366 215.871963 274.906004 113.321936 285.540475 -430.326095 0.000000 239.370500 -82.870888 359.382308 -421.700773 1030.313117 115.853471 279.953130 -99.807459 200.371243 239.192865 159.592378 50.199609 68.293336 120.228428 42.246210 271.687895 82.314782 125.719672 260.667823 81.350013 271.956503 474.221197 -514.500581 78.974306 -74.262315 134.253451 -1675.498449 0.000000 25.923997 180.748062 315.845832 352.670864 646.654870 179.370604 147.445911 243.991859 200.220806 128.046228
0.000000 0.000000 0.000000 0.000000 0.000000 102.007885 126.080519 306.365661 119.559807 269.872232 -559.912806 -563.333356 -845.437633 -104.139601 194.696417 233.359229 429.845779 199.021554 146.259447 132.844373 435.370240 0.000000 550.621777 -432.907677 327.553297 270.708966 179.286728 191.435890 254.139803 249.480646 107.071584 228.738616 140.654970 162.567553 182.984455 263.652841 206.745267 171.426479 150.508210 313.035712 196.482449 76.858412 277.649778 237.485398 285.745474 176.951030 53.645676 502.311786 0.000000 149.819132 173.563845 -226.627630 108.756011 268.911495 123.528492 125.840263 118.999189 326.191929 739.734797 203.493832
0.000000 0.000000 0.000000 0.000000 236.458628 227.545457 246.078643 475.251537 347.927608 309.971018 246.645279 150.485449 -85.881603 0.000000 290.342971 45.470649 -28.866997 175.133221 243.585218 248.514055 -267.602922 0.000000 47.642573 142.375845 410.936847 210.451613 249.571419 139.723890 193.198037 102.160529 222.771664 143.294337 93.966243 -43.089519 -63.415327 123.138917 119.040960 258.106859 75.461492 160.683902 82.888035 223.990379 -9.927438 264.644968 -283.401628 393.299375 -138.693342 163.165755 0.000000 353.797836 4.935116 141.021160 206.006385 261.953553 25.002482 57.049982 199.507429 -570.836535 210.147619 244.010432
0.000000 0.000000 0.000000 156.159894 169.365771 88.421989 234.920081 250.734860 303.439331 137.134216 310.396863 243.678105 2.641987 145.844130 0.000000 0.000000 248.878018 91.013454 124.795052 161.012598 362.269113 0.000000 291.378633 263.859257 130.297049 251.129864 30.692938 210.815286 112.919126 125.511220 191.261862 132.742602 147.287364 219.686898 263.440971 261.072066 34.437047 217.228267 140.442499 389.680641 179.455432 425.199993 314.511479 260.782740 134.064932 169.567548 191.772677 216.765605 0.000000 406.101232 5.687191 49.407361 175.490724 231.489011 43.014820 92.085035 93.465051 662.491286 226.559075 205.946907
0.000000 0.000000 257.676413 113.328414 263.652471 263.334469 98.066368 46.395807 284.932846 145.062352 221.656816 453.775519 294.827445 865.453571 102.070250 175.330699 0.000000 329.563304 25.429100 229.907887 -461.726682 0.000000 393.924872 369.746889 15.104792 221.672729 74.018479 131.677542 124.538805 164.431179 232.689755 102.487246 73.225729 255.667993 -142.906221 281.073595 -374.586640 188.375470 167.743706 159.898812 -9.373883 200.489976 -455.645971 227.314852 69.580554 217.289266 144.796132 49.134541 0.000000 210.355598 57.006375 302.192466 178.673557 324.267689 117.625074 185.731358 263.189445 -466.192001 172.826068 -10.344457
0.000000 0.000000 177.146450 212.304033 111.681832 214.727680 159.123401 134.526799 334.339420 212.168556 105.308252 255.290137 -11.049400 240.215999 131.114828 92.917801 0.000000 78.602966 182.362592 140.639283 0.000000 -13.032382 337.075302 335.471680 4.430775 272.867559 295.222722 185.541194 180.783396 141.681462 202.957531 151.188438 145.198520 209.039952 113.715301 175.717290 547.538932 170.704007 144.095515 155.744089 166.661096 447.309227 277.242335 193.966887 252.350064 271.288733 1.256121 302.413950 116.449158 0.000000 186.124705 328.019948 119.869462 148.184474 86.195096 202.630637 1060.653392 260.002704 412.695106 199.857238
0.000000 0.000000 106.721521 220.026965 194.092013 142.125255 142.389557 261.685125 83.279023 279.677340 10.953459 179.105148 231.213376 155.894888 153.840184 249.729904 13.871732 0.000000 -120.171304 0.000000 193.078244 275.361500 85.377468 164.126046 131.518783 -15.043850 165.831690 175.060613 161.132965 208.783097 119.903603 91.351039 -76.346703 226.261432 155.757860 386.378404 -334.269559 303.348189 237.651830 186.228564 128.713845 119.458568 -298.161877 138.910809 -93.839350 209.899314 165.972657 -26.612454 -232.902852 0.000000 -986.587187 161.107735 48.376625 215.513757 355.028783 -554.663086 143.113361 10.521295 233.683763 -211.788171
0.000000 0.000000 122.200584 181.436318 193.296762 172.173495 138.638117 336.363516 47.042344 307.004571 -82.884803 547.231197 -60.376107 662.793671 -523.619084 610.153596 -170.749956 300.743807 0.000000 375.568792 36.282282 155.996472 71.611895 147.037138 541.606912 213.177933 295.927837 168.635186 98.921088 188.150221 188.343733 427.074166 155.212802 168.445045 179.947175 133.620966 150.648753 950.748893 180.236795 173.790296 161.069296 224.719584 146.252949 458.734224 173.544574 394.648899 -282.793017 294.267521 -387.050579 0.000000 -160.492430 416.788894 176.159641 219.222228 996.599517 291.213682 313.521573 200.767490 656.738271 296.550970
0.000000 0.000000 120.176789 157.733262 201.659602 174.828200 127.879607 467.738089 -92.614252 610.427395 -418.155204 848.799430 -142.269753 956.048401 -1032.048993 521.326536 264.047353 688.383192 0.000000 42.917129 148.212336 284.828819 200.081886 153.231684 423.720292 189.543600 240.125415 186.434146 302.260882 12.440947 308.524768 -143.096370 155.662346 153.644467 88.852520 252.760910 104.481792 196.860335 -636.413355 154.675074 103.036781 174.692906 76.431969 135.525905 -394.598490 226.457374 249.869425 273.677014 123.256955 -141.980701 0.000000 -418.980686 181.686925 -624.647348 342.865854 31.288404 207.442522 -1085.077418 184.187961 -251.323233
0.000000 0.000000 143.650944 150.339840 183.678451 146.295576 17.442476 133.853570 294.220132 196.634338 57.884884 177.314397 319.997667 271.415049 77.151231 212.185839 171.913868 490.393088 -423.452947 0.000000 135.635094 298.053986 553.525704 273.124139 643.018080 428.520323 300.015945 205.521319 321.882650 171.364894 577.365301 138.856024 224.747125 208.136544 201.022725 134.006524 135.775350 221.540975 124.244360 955.258694 211.081512 329.690265 257.799905 369.569056 554.960208 219.776745 175.376216 65.201041 275.787253 183.896124 0.000000 -1760.841917 -209.406667 -1134.348611 314.179557 -106.641876 1056.022848 -712.450434 445.007520 -479.989926
0.000000 0.000000 192.851799 176.378887 165.086552 144.380065 91.514004 268.340789 59.701825 314.941346 -127.241210 583.801477 172.941800 535.412913 -491.877354 288.241030 -24.875590 1124.889852 -1027.405843 0.000000 106.723220 -88.823633 323.401728 70.917917 383.109378 258.120515 156.932607 25.848349 198.148347 -345.325033 143.867369 278.737504 104.084824 267.542147 -56.304275 277.104815 62.423578 141.137541 55.990281 582.843985 -80.644309 223.722733 16.007903 79.480357 -1389.714883 221.518963 159.918270 272.750802 132.864056 0.000000 0.000000 0.000000 0.000000 0.000000 0.000000 0.000000 3193.751878 -1897.148230 258.832792 -81.494042
0.000000 0.000000 174.126397 168.019400 177.542547 157.552232 118.309664 266.397274 78.400658 316.900139 -122.690972 626.914732 135.160023 698.094436 -471.693590 300.486008 -218.243642 1115.284528 -762.575105 0.000000 -523.815814 -270.741578 436.565196 242.708096 447.509638 273.501282 916.413086 416.607000 1394.962757 215.693799 127.171191 127.278231 194.740550 185.890224 217.954045 190.723287 199.376203 213.633638 159.321415 445.097346 229.501928 756.015274 100.961394 207.793233 -343.140098 99.083098 157.796963 240.081395 -136.338431 0.000000 -473.883888 -1316.687468 145.071737 48.544299 374.528912 192.869962 359.147642 -2406.077675 -201.328315 -116.222482
0.000000 0.000000 196.868440 184.239945 181.275866 182.126072 136.234991 307.454262 95.818567 423.549108 -164.647730 597.568871 270.343320 904.424684 -590.143497 401.288689 -474.043373 901.215293 -568.319123 -694.179610 0.000000 -779.130442 130.165786 -75.458423 274.648478 -192.930637 346.592143 86.204000 410.337886 158.746206 157.210018 273.730642 165.710321 255.623217 -66.936980 293.428012 -309.850379 241.153551 77.508348 263.906511 -27.078937 70.126153 -909.113699 28.840300 -1036.466997 255.719827 -157.189684 -171.261140 0.000000 -20.725096 73.991115 121.133661 567.813595 190.610938 163.632985 139.287009 117.995022 297.044289 211.260566 139.953552
0.000000 0.000000 172.992800 165.419471 169.060536 149.923572 131.931474 236.095767 73.309179 373.686187 -45.508205 390.921064 318.133252 832.129988 -504.303911 398.074255 -460.955837 665.030973 -345.346843 -96.150143 2.799573 0.000000 175.767266 230.135582 528.424908 119.042152 513.789240 143.965346 276.267406 266.686697 157.867168 204.293585 119.551662 245.142482 198.952299 163.689589 154.645357 502.786294 149.696904 396.223412 117.865715 317.932403 -267.507030 724.068982 110.511656 896.636497 -610.742023 0.000000 110.948683 -552.244341 138.174622 -4.980472 221.373960 -156.211198 243.274304 334.223190 248.507618 74.893975 233.422671 323.222432
