geotop/1.0zi/1.0Montebello/Templates/Dripsey/maps/_Erotot0208.asc
ncols         69
nrows         152
xllcorner     146499.907223
yllcorner     75332.943423
cellsize      50.000000
NODATA_value  -9999.0
[rows 81 to 107 of 152, columns 0 to 59 of 69]
0.000000 0.000000 0.000000 0.000000 0.000000 0.000000 0.000000 0.000000 -25.245797 121.038864 128.954251 203.012334 -193.100752 206.957269 75.303794 16.403761 210.152624 62.416304 0.000000 81.621511 100.249938 167.724124 88.183853 84.024564 91.338776 92.516333 76.619284 146.710795 -486.510314 0.000000 107.787232 248.962939 -23.041834 132.729554 -4.298671 90.859932 6.353599 25.495156 91.842935 95.319256 137.500048 -30.178639 90.274295 39.434807 94.997924 137.673940 0.000000 0.000000 0.000000 0.000000 0.000000 0.000000 0.000000 0.000000 0.000000 0.000000 0.000000 0.000000 0.000000 0.000000
0.000000 0.000000 0.000000 0.000000 0.000000 0.000000 0.000000 0.000000 76.687047 94.886657 95.005263 70.855302 478.520961 32.248127 95.617086 135.972597 81.585473 271.739588 -94.403438 0.000000 0.000000 -1545.508268 -47.679807 21.313079 47.631500 147.789387 110.234576 98.146388 0.000000 -176.764512 107.340496 100.643735 167.700048 291.389623 3.724526 152.225261 141.853303 155.463184 53.478718 174.357002 113.867092 71.588607 110.943907 9.850824 129.853874 32.057318 0.000000 0.000000 0.000000 0.000000 0.000000 0.000000 0.000000 0.000000 0.000000 0.000000 0.000000 0.000000 0.000000 0.000000
0.000000 0.000000 0.000000 0.000000 0.000000 0.000000 0.000000 0.000000 70.422352 96.385679 148.610399 186.525679 -18.378925 90.015312 75.873069 91.575883 56.418824 294.897153 -110.548003 59.051009 -373.123333 0.000000 261.532245 83.797459 -121.661811 104.942658 66.062177 86.951759 0.000000 -1083.797234 196.519190 -747.714461 659.344104 -83.489320 795.555332 -28.138073 562.009305 18.291388 142.901674 17.827825 188.107058 102.052206 176.198656 123.156565 87.584682 0.000000 0.000000 0.000000 0.000000 0.000000 0.000000 0.000000 0.000000 0.000000 0.000000 0.000000 0.000000 0.000000 0.000000 0.000000
0.000000 0.000000 0.000000 0.000000 0.000000 0.000000 0.000000 0.000000 84.731214 105.625770 143.747939 135.066090 80.139903 25.751305 162.766037 132.338109 13.540038 52.646821 178.775344 309.879865 -751.287516 -33.471762 0.000000 0.000000 0.000000 0.000000 0.000000 0.000000 -275.634691 -202.687352 240.820732 -589.121315 448.977779 146.703082 360.053236 96.973162 171.167821 141.741966 70.786954 109.918405 57.669055 99.556703 102.644818 107.782371 79.335560 0.000000 0.000000 0.000000 0.000000 0.000000 0.000000 0.000000 0.000000 0.000000 0.000000 0.000000 0.000000 0.000000 0.000000 0.000000
0.000000 0.000000 0.000000 0.000000 0.000000 0.000000 0.000000 0.000000 137.409367 -1.073690 57.455356 170.377456 148.966004 127.925736 60.187238 166.292445 -254.565828 251.403351 -298.307191 146.169395 -574.123714 -435.014919 -714.145010 110.553773 -151.933781 77.050512 -62.158997 0.000000 157.593331 -160.486117 60.928623 -699.810544 501.339749 155.598319 511.453285 53.271724 182.783702 126.031013 101.446824 150.623847 55.391181 164.773606 105.063370 133.951174 47.041288 0.000000 0.000000 0.000000 0.000000 0.000000 0.000000 0.000000 0.000000 0.000000 0.000000 0.000000 0.000000 0.000000 0.000000 0.000000
0.000000 0.000000 0.000000 0.000000 0.000000 0.000000 0.000000 0.000000 81.768936 116.835970 78.913937 64.772127 97.742928 114.663724 135.983987 212.469313 60.889119 145.708842 119.298112 331.301261 1.415228 -135.573440 177.938335 67.359893 140.791003 134.022033 47.561751 -69.480545 0.000000 -118.749388 146.512946 -124.990111 313.145167 217.647372 105.673855 190.248785 40.281292 57.273183 40.823141 116.583347 28.361239 98.551145 4.539131 1.631830 0.000000 0.000000 0.000000 0.000000 0.000000 0.000000 0.000000 0.000000 0.000000 0.000000 0.000000 0.000000 0.000000 0.000000 0.000000 0.000000
0.000000 0.000000 0.000000 0.000000 0.000000 0.000000 0.000000 0.000000 0.000000 63.348389 134.374868 122.367647 156.582429 144.134696 162.643722 161.239681 96.374399 162.771369 -161.157175 156.143961 -34.614916 145.469454 -275.475715 142.789238 -39.978237 107.473630 83.185813 11.153258 0.000000 -56.234777 152.237822 195.677922 58.003495 186.521880 37.268061 162.753470 13.550131 59.907781 68.308043 149.411113 35.541364 64.493892 1.383969 0.000000 0.000000 0.000000 0.000000 0.000000 0.000000 0.000000 0.000000 0.000000 0.000000 0.000000 0.000000 0.000000 0.000000 0.000000 0.000000 0.000000
0.000000 0.000000 0.000000 0.000000 0.000000 0.000000 0.000000 0.000000 0.000000 73.001485 93.934893 63.313965 -0.546168 27.384699 169.782975 173.190175 104.434401 340.544467 103.723735 311.517411 139.209160 160.397052 217.198146 65.805982 143.048668 112.095451 88.314718 135.247006 0.000000 25.965051 180.314247 310.029031 -2.633910 6.574611 0.659234 40.496811 35.575947 126.202411 74.576657 181.085806 67.838096 135.594264 31.009879 0.865229 0.000000 0.000000 0.000000 0.000000 0.000000 0.000000 0.000000 0.000000 0.000000 0.000000 0.000000 0.000000 0.000000 0.000000 0.000000 0.000000
0.000000 0.000000 0.000000 0.000000 0.000000 0.000000 0.000000 0.000000 0.000000 0.000000 53.596786 142.599830 160.758852 135.286806 142.682972 118.850327 -9.914367 183.332188 -44.467638 138.003759 98.077061 159.602922 -453.943358 -238.386026 -370.110352 1107.475533 -326.194469 107.581884 0.000000 163.473200 78.991810 116.216196 1.675695 0.727184 1.073459 10.444740 48.648043 137.676999 100.275888 140.008387 30.472037 65.534313 37.242243 41.766677 0.923053 0.000000 0.000000 0.000000 0.000000 0.000000 0.000000 0.000000 0.000000 0.000000 0.000000 0.000000 0.000000 0.000000 0.000000 0.000000
0.000000 0.000000 0.000000 0.000000 0.000000 0.000000 0.000000 0.000000 0.000000 0.000000 76.333164 56.939804 82.875805 20.280972 129.760365 224.308543 138.283097 310.344170 118.697915 70.912475 138.050512 488.925352 199.915909 80.864084 24.967174 341.185651 -85.993173 0.000000 -28.478823 107.874399 72.345289 219.021523 0.466016 118.667863 0.809247 172.285452 222.899368 149.110254 137.477384 199.569438 84.843661 188.458463 173.832304 216.464618 185.692389 62.407399 0.000000 0.000000 0.000000 0.000000 0.000000 0.000000 0.000000 0.000000 0.000000 0.000000 0.000000 0.000000 0.000000 0.000000
0.000000 0.000000 0.000000 0.000000 0.000000 0.000000 0.000000 0.000000 0.000000 0.000000 140.371287 107.688375 162.744369 134.440503 128.481483 95.054089 31.279513 82.338453 128.817732 195.041964 -454.253356 118.580719 93.642933 121.648448 113.172538 230.594670 -15.077980 0.000000 -43.223629 28.160563 170.368690 210.154486 47.079769 264.356217 81.001481 245.955582 256.667513 166.006368 221.522749 160.357501 27.276923 46.475039 49.763446 143.886377 62.535263 35.003887 61.075789 0.000000 0.000000 0.000000 0.000000 0.000000 0.000000 0.000000 0.000000 0.000000 0.000000 0.000000 0.000000 0.000000
0.000000 0.000000 0.000000 0.000000 0.000000 0.000000 0.000000 0.000000 0.000000 0.000000 45.949784 22.824899 78.171873 42.933365 173.510343 240.927112 201.313345 90.411692 116.466024 451.247986 190.789831 69.928361 171.986422 523.235215 -216.770351 1179.662531 -769.317921 0.000000 -238.646727 -283.857766 755.394721 -488.162456 306.402862 12.940758 -18.906496 -74.836298 86.040236 101.518822 185.478814 117.098006 152.259060 157.506710 107.046916 104.958403 109.603913 160.067358 130.382821 85.319470 0.000000 0.000000 0.000000 0.000000 0.000000 0.000000 0.000000 0.000000 0.000000 0.000000 0.000000 0.000000
0.000000 0.000000 0.000000 0.000000 0.000000 0.000000 0.000000 0.000000 0.000000 0.000000 53.039061 155.421689 123.483588 109.939681 54.312061 55.296602 210.555657 119.441731 -29.567130 148.206082 -143.277996 291.848901 -707.334071 146.578567 -11.525915 513.292444 -231.043950 0.000000 -152.363160 -186.415679 554.908123 -117.521299 202.320571 26.650714 151.033913 -51.522804 96.298908 133.280788 339.122861 60.160938 49.898137 126.575175 110.217702 181.559441 120.047954 90.869363 100.102055 92.494610 0.000000 0.000000 0.000000 0.000000 0.000000 0.000000 0.000000 0.000000 0.000000 0.000000 0.000000 0.000000
0.000000 0.000000 0.000000 0.000000 0.000000 0.000000 0.000000 0.000000 0.000000 0.000000 1.010811 1.031647 219.072127 87.469100 114.220137 139.125951 145.427068 102.486916 203.898328 404.071349 148.511527 230.231038 193.728921 91.987570 149.227898 1.067972 272.884817 0.000000 -292.484952 -175.012426 461.888239 26.831713 141.453110 9.911099 86.658463 -134.676926 66.658309 -219.596898 111.529192 138.634214 139.579683 154.012464 85.458184 1.438741 42.632638 125.653615 57.067004 102.245819 59.311153 56.851765 0.000000 0.000000 0.000000 0.000000 0.000000 0.000000 0.000000 0.000000 0.000000 0.000000
0.000000 0.000000 0.000000 0.000000 0.000000 0.000000 0.000000 0.000000 0.000000 0.000000 0.000000 1.556148 137.961887 106.761844 134.421981 118.738113 52.266588 158.743391 -47.850776 104.346823 217.233225 83.089063 131.772087 50.304155 190.599963 21.998565 205.024005 -21.272587 0.000000 217.174968 14.867012 139.584083 59.297924 129.810884 309.838381 100.394583 201.909729 58.453210 87.359802 154.019931 121.618881 182.219230 320.391640 55.467060 177.898503 184.456467 137.324513 92.461997 123.308418 122.577703 0.000000 0.000000 0.000000 0.000000 0.000000 0.000000 0.000000 0.000000 0.000000 0.000000
0.000000 0.000000 0.000000 0.000000 0.000000 0.000000 0.000000 0.000000 0.000000 0.000000 0.000000 1.545281 213.962637 70.895598 113.710322 131.043761 30.656895 157.047738 -37.964985 209.805379 63.690322 45.789559 153.934856 15.593916 162.544398 183.010825 121.828062 22.472444 0.000000 155.018725 67.556859 68.897089 100.796582 -49.305854 128.505452 -36.579986 99.843783 12.643378 190.780515 -117.032483 200.469687 -28.144574 -93.566814 220.468371 83.227888 -103.411426 107.405638 126.392923 119.035159 59.110770 0.000000 0.000000 0.000000 0.000000 0.000000 0.000000 0.000000 0.000000 0.000000 0.000000
0.000000 0.000000 0.000000 0.000000 0.000000 0.000000 0.000000 0.000000 0.000000 0.000000 0.000000 0.000000 17.320232 0.879620 191.561632 102.516409 102.842485 118.444425 14.020754 131.292004 108.303732 49.114979 105.297030 170.802628 72.786603 212.429643 102.239350 -16.961579 0.000000 157.451373 40.111431 102.230610 505.820746 177.219210 399.534093 96.863106 226.014731 97.697546 194.030848 76.867725 115.229588 96.705469 44.555676 -43.089246 138.242942 375.093081 143.130497 151.127877 20.165610 50.948774 0.000000 0.000000 0.000000 0.000000 0.000000 0.000000 0.000000 0.000000 0.000000 0.000000
0.000000 0.000000 0.000000 0.000000 0.000000 0.000000 0.000000 0.000000 0.000000 0.000000 0.000000 0.000000 0.000000 30.129362 207.892236 118.687656 96.766898 165.956092 23.345374 259.082955 -5.742430 374.580136 -191.794680 867.372611 -35.703629 79.030281 151.650017 126.130754 21.040273 0.000000 86.023467 17.505501 269.390531 84.112670 229.516444 -1.841009 104.580035 34.500411 83.116720 107.161357 152.933045 29.424987 57.062147 -51.544812 104.977321 -669.684865 107.275317 128.842888 128.874898 96.479278 0.000000 0.000000 0.000000 0.000000 0.000000 0.000000 0.000000 0.000000 0.000000 0.000000
0.000000 0.000000 0.000000 0.000000 0.000000 0.000000 0.000000 0.000000 0.000000 0.000000 0.000000 0.000000 0.000000 0.000000 0.000000 0.000000 0.000000 0.000000 83.322712 21.219548 163.897265 108.556392 129.442323 0.964415 165.876323 75.998196 77.743963 41.775112 124.259296 0.000000 -330.643952 -46.801633 325.629733 189.996005 503.570213 176.502460 527.802285 191.908072 80.907010 99.973637 110.823142 626.589597 389.527605 132.617650 89.643476 285.680459 125.339955 112.864658 73.780798 53.573091 0.000000 0.000000 0.000000 0.000000 0.000000 0.000000 0.000000 0.000000 0.000000 0.000000
0.000000 0.000000 0.000000 0.000000 0.000000 0.000000 0.000000 0.000000 0.000000 0.000000 0.000000 0.000000 0.000000 0.000000 0.000000 0.000000 0.000000 0.000000 0.000000 44.130512 172.269837 111.837821 10.673745 108.835444 189.954087 99.195935 141.309701 45.726922 145.163512 -179.144050 0.000000 -212.597613 -215.603485 -238.540213 214.591628 6.644478 245.167927 130.160112 90.333346 44.600013 156.085269 -180.461425 123.299798 45.892358 155.083415 51.561173 125.375077 54.284139 155.361831 132.640314 0.000000 0.000000 0.000000 0.000000 0.000000 0.000000 0.000000 0.000000 0.000000 0.000000
0.000000 0.000000 0.000000 0.000000 0.000000 0.000000 0.000000 0.000000 0.000000 0.000000 0.000000 0.000000 0.000000 0.000000 0.000000 0.000000 0.000000 0.000000 0.000000 0.000000 105.526005 156.883027 121.794307 338.048687 -221.515807 80.085403 -165.035549 457.622052 105.390622 147.106366 119.990738 0.000000 0.000000 153.319437 112.674004 216.023989 105.763195 33.404711 85.744829 6.182199 120.533372 -198.951310 219.234858 300.880059 242.304758 105.401307 98.574711 127.202357 82.291458 83.342298 0.000000 0.000000 0.000000 0.000000 0.000000 0.000000 0.000000 0.000000 0.000000 0.000000
0.000000 0.000000 0.000000 0.000000 0.000000 0.000000 0.000000 0.000000 0.000000 0.000000 0.000000 0.000000 0.000000 0.000000 0.000000 0.000000 0.000000 0.000000 0.000000 0.000000 0.000000 58.391259 127.295522 128.193258 89.925505 122.489470 38.376010 211.763816 6.072729 184.984795 -198.268506 51.863909 51.333038 0.000000 0.000000 -1097.479762 -36.105130 -106.341594 233.213303 221.247583 373.768868 78.380260 -220.450231 -156.314068 121.615496 32.535111 141.922357 79.484164 22.563408 35.501704 0.000000 0.000000 0.000000 0.000000 0.000000 0.000000 0.000000 0.000000 0.000000 0.000000
0.000000 0.000000 0.000000 0.000000 0.000000 0.000000 0.000000 0.000000 0.000000 0.000000 0.000000 0.000000 0.000000 0.000000 0.000000 0.000000 0.000000 0.000000 0.000000 0.000000 0.000000 0.000000 80.714722 59.830419 194.229606 111.030330 80.953919 134.303749 53.429347 172.231267 -153.959885 10.259731 140.150462 61.441334 43.291217 0.000000 77.756402 206.238402 41.627773 150.228305 472.152799 535.448177 78.334743 137.647231 187.624360 84.590830 71.041080 82.002261 133.732581 22.412652 0.000000 0.000000 0.000000 0.000000 0.000000 0.000000 0.000000 0.000000 0.000000 0.000000
0.000000 0.000000 0.000000 0.000000 0.000000 0.000000 0.000000 0.000000 0.000000 0.000000 0.000000 0.000000 0.000000 0.000000 0.000000 0.000000 0.000000 0.000000 0.000000 0.000000 0.000000 0.000000 0.000000 67.001747 106.203195 62.674926 59.731651 94.196706 50.253507 119.202407 -41.280723 -23.880094 -311.997073 131.894861 124.724053 117.432251 0.000000 -225.707388 -917.761820 -1662.119802 459.782682 183.167661 75.234504 -5.851190 125.909214 63.504595 71.964118 98.304603 67.480613 126.429685 0.000000 0.000000 0.000000 0.000000 0.000000 0.000000 0.000000 0.000000 0.000000 0.000000
0.000000 0.000000 0.000000 0.000000 0.000000 0.000000 0.000000 0.000000 0.000000 0.000000 0.000000 0.000000 0.000000 0.000000 0.000000 0.000000 0.000000 0.000000 0.000000 0.000000 0.000000 0.000000 0.000000 0.000000 73.099212 119.545748 77.920024 113.784371 114.571607 75.865582 14.336268 109.279616 107.285066 435.330450 71.264786 105.828176 101.075826 0.000000 -627.535223 188.915991 100.814635 123.520890 540.399068 230.034374 210.037990 81.227233 80.038638 -112.553736 57.204894 138.092880 0.000000 0.000000 0.000000 0.000000 0.000000 0.000000 0.000000 0.000000 0.000000 0.000000
0.000000 0.000000 0.000000 0.000000 0.000000 0.000000 0.000000 0.000000 0.000000 0.000000 0.000000 0.000000 0.000000 0.000000 0.000000 0.000000 0.000000 0.000000 0.000000 0.000000 0.000000 0.000000 0.000000 0.000000 148.562177 84.715385 79.188692 109.911845 29.793220 134.331921 89.470604 41.696628 102.674783 93.887497 -448.780968 69.461473 59.785981 0.000000 -1143.030531 -122.528022 101.369307 -2114.973076 391.065668 497.550657 802.661500 -352.182300 79.670807 53.351953 97.734792 70.606781 98.994807 0.000000 0.000000 0.000000 0.000000 0.000000 0.000000 0.000000 0.000000 0.000000
0.000000 0.000000 0.000000 0.000000 0.000000 0.000000 0.000000 0.000000 0.000000 0.000000 0.000000 0.000000 0.000000 0.000000 0.000000 0.000000 0.000000 0.000000 0.000000 0.000000 0.000000 0.000000 0.000000 0.000000 0.000000 25.164792 128.535922 99.187343 156.079183 87.985127 137.194732 54.143799 82.317373 110.091345 306.539540 51.682968 0.000000 64.400826 171.701776 -976.013056 483.649491 132.434389 145.169438 25.463796 15.163424 230.540103 239.728871 -98.336848 176.422806 -84.335294 108.926076 71.137914 0.000000 0.000000 0.000000 0.000000 0.000000 0.000000 0.000000 0.000000
