geotop/1.0zi/1.0Montebello/Templates/Dripsey/maps/_Erotot0214.asc
ncols         69
nrows         152
xllcorner     146499.907223
yllcorner     75332.943423
cellsize      50.000000
NODATA_value  -9999.0
[rows 27 to 53 of 152, columns 0 to 59 of 69]
0.000000 0.000000 0.000000 0.000000 0.000000 0.000000 0.000000 0.000000 0.000000 0.000000 0.000000 0.000000 138.442780 55.011288 82.735808 133.308518 145.685348 337.258711 151.648126 144.699176 495.979117 103.041901 122.321565 103.861744 250.139008 100.749895 0.000000 0.000000 28.799565 134.168646 190.483977 225.063619 133.542340 64.068117 43.111251 -34.973245 32.896571 76.727953 84.080709 139.153907 124.744026 127.160562 93.603941 176.558472 20.167676 130.521271 142.574869 162.851855 156.285909 122.036940 96.758100 113.814997 65.473050 28.862965 94.859192 98.416116 94.494545 155.048410 62.426631 128.192964
0.000000 0.000000 0.000000 0.000000 0.000000 0.000000 0.000000 0.000000 0.000000 0.000000 0.000000 0.000000 86.837270 129.964796 91.389306 145.593623 51.891029 196.950107 -286.005963 -7.657331 -812.830328 116.479103 87.964037 -110.615376 -778.614395 0.000000 132.039367 172.538283 92.481819 101.314201 30.483632 31.551597 37.100520 78.539034 96.961015 138.229330 79.398382 72.568288 130.515972 87.370882 75.959564 -14.916440 100.726362 79.025539 -378.229021 154.410929 107.659865 -382.787012 4.695707 -4.170570 54.272837 170.257869 -248.568664 -144.089852 83.097267 79.444805 101.224242 -22.802479 86.243199 97.455257
0.000000 0.000000 0.000000 0.000000 0.000000 0.000000 0.000000 0.000000 0.000000 0.000000 0.000000 0.000000 77.845347 111.003506 83.909037 156.588044 130.697935 104.437469 -17.132518 122.804866 132.069192 550.202559 35.539353 -127.582010 0.000000 24.178530 146.700546 225.984164 71.045623 72.347261 114.907036 59.385873 105.855497 162.533206 84.832662 64.333883 82.947905 113.012568 87.768962 134.156663 103.255594 50.126888 53.205511 78.745550 59.810341 127.520029 73.593390 113.108143 48.131471 130.702776 23.631152 97.820857 294.914795 203.789774 136.766460 97.467077 186.940813 47.055752 93.136159 92.609350
0.000000 0.000000 0.000000 0.000000 0.000000 0.000000 0.000000 0.000000 0.000000 0.000000 0.000000 0.000000 52.290666 139.702598 129.019427 132.959097 -186.121102 -80.389625 -113.908463 101.591532 122.186203 -737.806546 0.000000 0.000000 17.655738 133.149689 56.371747 107.267282 0.646296 26.634617 0.607271 0.811850 34.428887 70.915058 139.196728 -1.983545 115.542680 71.391301 112.845713 67.483043 98.101572 84.159085 -106.134084 62.995734 40.537754 66.433730 200.350821 97.828598 -486.671273 -20.001627 145.305683 144.869209 -54.025909 -211.715179 129.187128 -355.175020 185.625488 8.396728 182.765626 86.557981
0.000000 0.000000 0.000000 0.000000 0.000000 0.000000 0.000000 0.000000 0.000000 0.000000 0.000000 66.554430 84.524655 99.347989 69.376216 120.222101 73.923069 -86.808104 58.557021 205.352454 25.484359 0.000000 91.183519 145.845894 36.551428 87.421033 111.152478 115.687236 26.873204 52.901150 17.794580 10.637039 37.120237 77.720769 138.418946 103.840349 99.165528 101.630821 103.117718 77.498507 48.452435 114.661654 158.834819 158.231495 140.854089 110.007599 171.841105 724.144807 198.669614 364.343619 113.258381 112.544623 478.558101 129.295994 615.548040 56.175805 112.690094 150.297684 58.451888 98.169542
0.000000 0.000000 0.000000 0.000000 0.000000 0.000000 0.000000 0.000000 0.000000 0.000000 0.000000 180.266533 9.432353 94.503172 139.178204 86.087459 66.880469 83.344600 -117.329490 268.041517 49.896281 0.000000 30.725356 73.569924 86.091982 68.745735 54.746231 111.739784 66.669091 146.956028 158.405840 121.778908 103.605892 112.150457 106.448379 96.129602 102.793569 94.764231 107.497941 91.389014 59.928597 112.805215 117.638859 104.375706 82.342200 54.591407 120.180365 133.587383 -362.875158 106.780693 -704.976431 82.232905 -819.905324 -258.099288 424.306107 -50.365580 291.956132 -16.581444 232.584658 42.609204
0.000000 0.000000 0.000000 0.000000 0.000000 0.000000 0.000000 0.000000 0.000000 0.000000 41.281847 134.335162 122.962234 55.009919 135.094264 57.839224 57.495759 37.014533 133.992736 711.135883 110.242469 0.000000 166.373935 170.272826 10.534400 107.418107 74.168738 140.283328 68.022605 93.888867 104.208027 101.465823 114.680695 81.404045 127.707010 98.230406 82.475953 57.881275 73.228414 93.833357 155.438509 118.172815 126.269446 115.219997 400.889826 91.375921 74.612478 125.719578 85.827638 342.133793 130.125518 92.676415 -87.561329 -92.021505 364.375809 30.650501 272.050223 -44.825249 240.764377 78.444740
0.000000 0.000000 0.000000 0.000000 0.000000 0.000000 0.000000 0.000000 0.000000 147.663721 425.542843 79.841258 79.291032 84.804186 69.866619 154.895214 78.723775 89.287178 149.959694 92.315681 -546.510965 0.000000 13.550595 160.928948 50.508971 144.533329 92.821851 112.147820 118.386855 103.601997 53.177787 50.200106 90.772639 80.129129 92.903436 114.973839 79.467055 77.775437 84.955404 89.756598 124.350544 107.522834 -110.815464 349.201311 -291.074481 151.972831 170.723183 50.383906 157.179359 -55.641128 -863.030223 -564.549196 0.000000 -865.378979 349.750812 108.008007 173.098589 126.945358 88.149960 121.113328
0.000000 0.000000 0.000000 0.000000 0.000000 0.000000 0.000000 0.000000 80.866534 115.805807 24.128940 16.860098 15.315748 101.267115 55.914116 40.956643 99.360170 95.146484 122.102593 77.241519 152.075446 0.000000 166.577099 168.991991 81.245840 116.386634 157.720113 93.884079 156.464794 130.812257 95.299615 91.767595 76.999738 86.370066 87.568096 115.954869 86.894788 65.715081 79.944456 76.011411 153.099600 73.659973 106.248480 108.788955 30.192661 447.590872 41.151306 71.992827 124.452367 97.343057 212.025287 0.000000 -282.173902 -677.019092 520.799017 82.263606 258.508161 -38.117650 364.400848 47.013672
0.000000 0.000000 0.000000 0.000000 0.000000 0.000000 0.000000 134.858088 97.155699 5.143775 181.431131 164.954983 180.119468 148.106756 81.701414 127.804247 172.592302 158.591814 -75.071316 101.446026 83.603554 0.000000 117.207227 85.055852 143.958920 -175.282255 393.585397 -238.130214 143.478968 -26.864141 125.050245 148.163655 16.846666 54.274498 67.970295 73.669528 54.327731 143.455965 71.049643 118.455199 -3.840529 143.533896 37.834814 492.627416 -332.180657 -100.497940 -1042.496395 -39.930355 117.182383 90.108558 -507.750383 0.000000 57.619739 123.956586 74.529629 110.031033 137.379016 138.342112 27.084944 96.418975
0.000000 0.000000 0.000000 0.000000 0.000000 0.000000 123.358037 69.261494 185.107795 550.229961 256.761708 324.534158 218.818491 145.954587 11.819740 76.346714 125.856680 82.395560 112.070353 265.243666 75.921830 0.000000 158.870408 154.448471 497.787848 194.704396 103.120261 146.910222 128.947917 153.551010 65.709665 61.368668 126.707413 86.951335 91.089954 138.189424 109.757777 70.664430 69.678226 107.771928 65.878184 146.552364 106.612928 104.296844 169.561756 -238.209476 -740.871408 331.382692 -41.832287 48.659144 0.000000 -365.855194 -83.406699 -455.802009 179.880821 81.763647 82.950727 155.020701 30.087509 90.634722
0.000000 0.000000 0.000000 0.000000 0.000000 115.672352 30.869507 190.317152 5.109503 432.654611 -3890.279547 -1282.017349 -50.575497 171.149553 63.744721 62.809644 125.301605 156.588373 62.509137 158.164173 -232.540499 0.000000 138.265409 -40.493111 244.696486 -202.971338 577.704343 69.149180 139.735070 -50.561669 111.369331 132.288388 90.413124 32.816979 43.592265 69.988420 27.309954 149.873663 51.549869 67.710394 145.071852 40.307348 154.923812 257.416053 -266.619418 50.497084 -31.048519 91.233644 -953.243032 0.000000 15.313420 106.233185 171.755092 194.938183 364.538526 102.436275 75.326405 137.569752 107.514425 77.359291
0.000000 0.000000 0.000000 0.000000 0.000000 41.474332 83.917760 163.144254 70.904335 148.987191 -273.686785 -276.166057 -454.564132 -48.249208 106.315714 119.727753 223.177929 95.172077 59.683253 67.253200 246.872951 0.000000 330.462255 -192.719718 176.792588 162.499943 72.327823 107.757809 136.022058 137.854279 57.480391 122.964060 78.282554 88.487719 99.241774 142.668824 113.569154 88.349912 82.704502 157.360931 100.860216 30.151077 153.897089 123.533697 168.815652 98.045101 29.819475 288.782438 0.000000 82.745005 97.953664 -117.703282 52.459835 152.877261 67.358539 75.623843 61.352740 179.343196 420.930635 108.539975
0.000000 0.000000 0.000000 0.000000 121.703034 100.163309 134.297183 261.976680 188.453582 157.221359 132.712561 83.753576 -27.413041 0.000000 173.068097 33.561151 25.507572 103.700158 137.109574 139.015347 -134.647755 0.000000 101.642819 85.641610 221.567775 123.508200 108.987476 78.850145 106.612054 59.079480 122.408919 80.950963 54.761597 -19.452764 -28.552617 71.348026 69.615691 142.245754 48.433290 86.099321 52.159532 124.336619 6.638137 137.275428 -132.041773 210.750410 -62.801765 96.885642 0.000000 205.457884 1.069956 87.358419 117.916092 151.391808 15.430154 37.618713 111.172512 -322.904923 112.723518 137.795255
0.000000 0.000000 0.000000 86.464598 93.886376 34.199415 133.531241 136.252899 173.220571 59.593280 173.315116 126.767965 7.542879 75.404929 0.000000 0.000000 132.624245 40.431518 68.908137 85.033180 214.677126 0.000000 158.658470 143.990615 63.282459 151.456748 15.403326 115.820864 61.041421 69.831753 102.440058 73.249033 81.642168 119.266404 146.549046 140.700782 17.012575 117.836360 76.825570 201.995743 94.599456 232.625859 174.124176 139.882200 78.009454 85.779526 111.979978 118.131265 0.000000 235.532592 1.013905 31.733018 101.171177 134.727207 26.138935 54.620765 50.082687 378.398489 114.710506 110.770395
0.000000 0.000000 142.947792 58.572764 145.638278 133.436925 48.183718 25.688562 161.241791 74.064863 118.021213 245.023822 160.776360 485.813712 48.331203 97.803995 0.000000 188.121155 15.162107 134.494160 -251.700074 0.000000 207.848050 208.854546 1.161196 137.057958 40.174919 69.084876 69.050509 93.112366 128.475930 58.178879 43.956613 141.308626 -67.993296 156.163784 -191.336788 100.583103 93.660251 85.325934 1.164344 113.168526 -223.236591 126.719384 40.784818 117.013318 86.365240 22.557218 0.000000 120.033552 35.865206 172.454999 94.714582 184.009970 68.197944 110.805468 147.724844 -219.525691 95.593694 8.595202
0.000000 0.000000 98.624429 117.959868 63.221621 117.547727 86.997730 71.108711 190.935405 112.763649 60.514969 139.255792 5.732413 126.432601 77.968220 44.267422 0.000000 49.283331 98.686410 77.363837 0.000000 9.463323 182.698622 192.752607 -3.843685 159.056378 141.178955 87.430040 94.864098 78.498065 106.444128 83.252091 80.502341 113.280964 63.707408 91.253425 314.233398 88.624602 77.269807 75.056214 86.945247 247.447920 152.044013 120.944377 137.844397 142.091273 5.940086 165.106829 69.840773 0.000000 109.693816 177.508338 57.243732 82.582386 38.425005 111.050540 619.410710 136.776662 217.392219 106.001455
0.000000 0.000000 59.771796 121.802125 107.816773 77.068007 80.941881 129.185259 51.780740 143.001606 17.917992 90.283574 132.218762 80.260086 95.595978 123.931538 18.857512 0.000000 -54.221213 0.000000 104.781920 163.042928 42.124458 96.979272 75.412073 2.543298 88.447496 97.494781 83.469670 112.671579 69.092942 54.165361 -35.738507 124.903554 87.556601 226.906158 -165.373148 168.116329 136.632314 101.089250 78.461120 65.579080 -157.701974 77.028965 -49.202538 113.878754 97.874460 -12.193322 -116.399840 0.000000 -530.539918 102.781736 22.179709 125.192886 198.088620 -309.661145 82.679368 12.947579 120.344345 -106.729859
0.000000 0.000000 71.203663 102.783514 106.420251 92.694129 78.753586 173.192991 36.331843 161.117517 -35.896580 292.675004 -28.767602 372.350577 -283.574472 339.013536 -89.977609 189.797965 0.000000 211.512035 20.614466 92.502476 39.686610 81.593869 293.853883 114.744268 150.913990 88.578468 45.668033 98.388323 98.537486 226.287079 79.384900 87.670808 98.692931 69.245159 89.752175 551.074525 98.344245 88.172603 88.915694 113.104744 79.273670 252.855190 95.666876 213.206481 -152.886011 166.356596 -213.426382 0.000000 -81.857614 234.738979 93.255003 111.910221 590.932543 160.595656 175.072714 113.153833 364.977591 168.926762
0.000000 0.000000 70.119933 88.646268 111.183476 94.801168 75.831818 243.092179 -44.926581 343.088968 -225.556008 490.558627 -71.771796 541.667829 -576.066099 304.012117 154.725688 396.045990 0.000000 32.219920 77.472775 158.962044 108.345360 90.786401 229.600944 107.429955 126.029637 110.810203 167.311806 11.283473 171.340332 -59.777069 91.331028 89.423049 51.044347 138.786702 63.835555 113.780823 -356.321570 87.262508 66.466929 94.794372 50.512558 77.400039 -214.329703 123.265134 138.131745 148.928458 72.473245 -77.263726 0.000000 -218.231257 110.319813 -365.929079 193.421757 23.760599 177.662502 -573.693267 100.326489 -96.736669
0.000000 0.000000 81.530728 82.714178 101.753477 80.297715 12.208844 64.660189 169.267682 103.123880 42.099117 89.449213 182.913861 136.810057 65.008405 112.190651 89.602356 253.847896 -205.317010 0.000000 66.412697 155.823348 308.301267 149.664766 354.514842 238.418665 142.617871 111.338612 162.739311 93.564905 336.667358 76.726210 119.328611 111.958839 111.100899 68.712956 75.054879 109.154291 70.155762 546.569416 110.721097 166.394531 137.540897 198.574333 339.358735 114.948240 95.320352 30.404275 152.824145 101.815938 0.000000 -995.892009 -94.259838 -584.223424 164.715186 -55.251990 610.071663 -381.726594 242.103670 -257.399582
0.000000 0.000000 108.765679 97.487217 91.737335 78.571275 52.666863 135.347047 38.493682 160.762871 -54.001672 305.910335 92.370172 299.622505 -265.599044 160.122021 -7.171177 616.685091 -549.938398 0.000000 78.085495 -42.483332 174.814803 41.344767 211.455013 148.013518 78.633329 30.738844 104.722098 -192.641381 79.799402 154.594905 60.665752 148.084092 -26.374677 153.229969 40.179639 76.172080 40.566404 330.509937 -41.997223 121.441831 20.810918 51.873477 -746.977075 127.589378 91.420075 151.104686 73.570869 0.000000 0.000000 0.000000 0.000000 0.000000 0.000000 0.000000 1939.739608 -1083.393435 172.959005 -23.453110
0.000000 0.000000 95.383587 91.961311 99.834826 87.051095 67.630855 136.152854 50.015658 162.708476 -50.211588 332.244670 72.895972 393.963613 -261.126702 168.560369 -114.224216 616.840361 -414.409411 0.000000 -275.403300 -137.900769 236.467491 134.660723 245.637575 143.582737 515.631731 219.120538 789.447903 110.901789 67.544018 68.647980 101.438848 98.605986 120.569919 98.336149 108.695650 106.576983 87.496828 234.074292 128.681643 432.665412 60.180701 113.130887 -159.115258 54.996349 86.348947 128.543243 -63.378636 0.000000 -242.234583 -749.851480 84.522569 36.431449 209.443390 114.864260 198.788587 -1356.404849 -86.393587 -52.930955
0.000000 0.000000 108.108891 101.546617 103.272234 100.541114 80.548687 159.155520 58.871685 221.574833 -72.191387 317.820881 150.747870 506.122402 -323.061242 231.174776 -255.032246 508.352041 -312.155084 -374.417657 0.000000 -412.830443 76.056119 -33.380292 148.448316 -94.061385 198.675022 53.798788 221.059080 85.610069 86.424678 151.527920 94.172251 141.493778 -29.389060 163.948100 -153.600857 131.440810 46.072021 136.041854 -6.292699 39.050099 -521.106661 23.938353 -548.302601 140.692855 -75.724813 -82.351260 0.000000 -2.042975 45.088235 70.469858 324.700824 105.136102 76.978600 67.215640 59.060836 168.621291 110.958024 101.542571
0.000000 0.000000 93.024906 90.867730 96.530837 83.255322 71.881161 121.204690 48.045807 190.313804 -11.086941 209.374354 175.188570 460.776894 -273.360030 226.064556 -242.694546 371.752670 -174.273562 -55.176092 1.481111 0.000000 85.699226 127.976117 295.256592 71.959938 293.299505 81.705993 133.602540 133.379030 83.283995 109.399734 66.387801 132.092598 110.159487 85.339802 85.484887 273.484949 81.804613 212.313092 69.727909 178.167061 -152.397679 411.191250 66.113281 526.718975 -333.207833 0.000000 62.676721 -303.064808 75.700937 -1.208998 122.096317 -103.640253 130.238620 190.854278 137.515357 40.854520 138.056616 187.876482
0.000000 0.000000 118.423365 97.953424 74.321342 85.273895 77.517230 136.644324 40.965177 183.114384 -79.699161 304.710911 92.081899 387.276859 -295.631109 203.985236 -171.079124 209.496698 -375.755135 140.686438 123.228488 0.000000 48.675051 -77.461464 252.552339 -315.492405 135.555633 -60.645485 104.078563 99.695303 85.972466 137.671283 28.236949 92.692123 75.518763 130.625004 38.634831 75.287768 -61.122308 118.792672 -177.139512 40.872007 -750.250065 -104.429153 -576.357303 -1402.355991 0.000000 -120.492413 51.539522 -3.482558 139.965681 83.834822 149.987071 151.916860 300.583020 99.035720 53.151549 145.947990 11.926243 76.569199
0.000000 0.000000 91.729993 137.438576 90.057389 87.980284 81.869734 136.703838 66.160917 206.807523 -97.434155 101.618618 155.605267 125.616971 93.328425 -42.853814 -304.506919 327.492070 -359.517380 1026.108596 -309.258730 0.000000 -240.087389 5.042274 418.977165 193.452680 532.183058 77.984240 118.169483 81.342092 57.545169 115.657579 96.232140 73.330652 94.419748 118.487972 105.095768 116.545216 59.236448 192.065744 -35.776250 125.104895 35.011935 133.206176 85.849956 0.000000 -46.736611 -135.034682 108.450877 -23.194433 136.663874 216.721642 178.365704 223.959944 230.541214 67.014295 172.101546 101.651316 90.041994 164.649708
