geotop/1.0zi/1.0Montebello/Templates/Dripsey/maps/_Erotot0042.asc
ncols         69
nrows         152
xllcorner     146499.907223
yllcorner     75332.943423
cellsize      50.000000
NODATA_value  -9999.0
[rows 81 to 107 of 152, columns 0 to 60 of 69]
0.000000 0.000000 0.000000 0.000000 0.000000 0.000000 0.000000 0.000000 -16.618635 57.914879 56.713232 99.921729 -118.027905 78.112735 50.083389 16.106237 84.740370 39.124665 0.000000 35.406094 46.571007 64.875256 42.136996 38.553456 42.550190 49.354025 35.847395 72.081582 -249.801295 0.000000 33.822421 67.458269 36.699496 60.363629 16.748406 62.977150 6.271968 30.151629 51.223116 47.342973 60.707665 -9.825456 37.499147 9.678750 35.998101 48.326493 0.000000 0.000000 0.000000 0.000000 0.000000 0.000000 0.000000 0.000000 0.000000 0.000000 0.000000 0.000000 0.000000 0.000000 0.000000
0.000000 0.000000 0.000000 0.000000 0.000000 0.000000 0.000000 0.000000 33.701460 49.004797 65.157813 49.190871 214.306794 31.320990 55.056108 60.289374 38.275920 141.959591 -67.475597 0.000000 0.000000 -706.048865 -31.044278 9.566006 17.187802 64.676606 43.331425 43.314711 0.000000 -99.689153 48.742570 31.010522 102.600965 121.695965 3.381100 71.089532 67.056488 63.345527 27.955942 74.002900 52.772943 32.672911 45.780022 6.733833 66.187178 31.132827 0.000000 0.000000 0.000000 0.000000 0.000000 0.000000 0.000000 0.000000 0.000000 0.000000 0.000000 0.000000 0.000000 0.000000 0.000000
0.000000 0.000000 0.000000 0.000000 0.000000 0.000000 0.000000 0.000000 26.917885 34.024603 65.198880 95.499805 -15.511412 51.898390 21.088528 56.891246 24.949297 153.656126 -69.009193 25.879758 -225.442612 0.000000 127.350750 40.910315 -54.168122 51.824833 32.744688 38.316884 0.000000 -517.397080 80.087594 -302.991972 262.331781 -43.465171 317.983873 -23.132428 266.144036 2.165775 87.183552 1.553981 80.152358 32.911586 65.353449 39.725157 33.560463 0.000000 0.000000 0.000000 0.000000 0.000000 0.000000 0.000000 0.000000 0.000000 0.000000 0.000000 0.000000 0.000000 0.000000 0.000000 0.000000
0.000000 0.000000 0.000000 0.000000 0.000000 0.000000 0.000000 0.000000 43.463729 56.724354 79.598920 73.616044 43.653299 37.278273 72.121666 66.833093 1.477951 38.913008 78.175491 159.873197 -352.985983 -21.124940 0.000000 0.000000 0.000000 0.000000 0.000000 0.000000 -139.751896 -120.474907 122.809484 -313.057928 216.577040 68.220809 186.765810 43.246898 92.757469 52.062905 47.785423 38.663929 36.758718 47.814185 58.690876 51.162061 39.983235 0.000000 0.000000 0.000000 0.000000 0.000000 0.000000 0.000000 0.000000 0.000000 0.000000 0.000000 0.000000 0.000000 0.000000 0.000000 0.000000
0.000000 0.000000 0.000000 0.000000 0.000000 0.000000 0.000000 0.000000 53.414887 -0.774623 24.623426 73.081314 54.630568 54.451393 35.942756 77.559967 -159.288706 101.296904 -219.077594 64.943366 -296.138342 -238.239364 -362.806598 47.580402 -85.049329 45.571092 -41.139556 0.000000 66.405653 -88.240012 19.124052 -344.056678 224.687697 68.354935 265.828288 1.252784 108.505779 45.528945 51.948575 56.842452 31.605467 70.341365 64.907172 83.323063 38.569741 0.000000 0.000000 0.000000 0.000000 0.000000 0.000000 0.000000 0.000000 0.000000 0.000000 0.000000 0.000000 0.000000 0.000000 0.000000 0.000000
0.000000 0.000000 0.000000 0.000000 0.000000 0.000000 0.000000 0.000000 47.336539 74.323343 44.012632 41.578337 49.283299 65.713332 57.773587 117.463540 23.694341 72.291730 54.649433 158.745142 -4.139571 -77.231632 74.581417 33.738338 61.507010 63.010781 18.657412 -38.256696 0.000000 -93.681616 69.859875 -125.667734 183.676221 84.986955 104.992471 71.085123 38.514510 41.278522 33.826102 58.666781 27.547102 63.766651 4.267559 1.259005 0.000000 0.000000 0.000000 0.000000 0.000000 0.000000 0.000000 0.000000 0.000000 0.000000 0.000000 0.000000 0.000000 0.000000 0.000000 0.000000 0.000000
0.000000 0.000000 0.000000 0.000000 0.000000 0.000000 0.000000 0.000000 0.000000 23.436660 52.419844 60.207825 66.567966 69.526053 54.893526 80.082312 30.531897 71.387118 -85.122680 77.386166 -24.417228 60.809102 -154.118014 67.059324 -19.896971 51.011281 36.298353 3.247856 0.000000 -68.432217 72.106675 19.752628 98.128027 94.565858 37.309754 57.466462 22.912233 43.486293 42.467013 68.082018 33.272380 56.958066 0.862289 0.000000 0.000000 0.000000 0.000000 0.000000 0.000000 0.000000 0.000000 0.000000 0.000000 0.000000 0.000000 0.000000 0.000000 0.000000 0.000000 0.000000 0.000000
0.000000 0.000000 0.000000 0.000000 0.000000 0.000000 0.000000 0.000000 0.000000 30.873569 53.128858 40.315451 22.669008 51.518320 89.984742 113.742379 56.771950 168.326706 49.246621 156.094286 66.581368 96.966974 91.137943 28.964537 62.512126 57.945153 34.819518 63.414326 0.000000 -5.550208 88.140423 138.189734 -2.878721 6.063782 0.328470 36.652651 32.772481 53.792732 45.493030 67.772979 37.307406 72.566577 30.718149 0.401561 0.000000 0.000000 0.000000 0.000000 0.000000 0.000000 0.000000 0.000000 0.000000 0.000000 0.000000 0.000000 0.000000 0.000000 0.000000 0.000000 0.000000
0.000000 0.000000 0.000000 0.000000 0.000000 0.000000 0.000000 0.000000 0.000000 0.000000 16.958076 64.447154 60.421579 71.704878 57.221340 58.089846 -15.266689 97.837118 -34.683679 55.552175 53.273771 79.738328 -190.323884 -115.170138 -186.586772 529.800955 -171.735395 44.403639 0.000000 27.901508 56.647071 94.082051 0.944447 0.320064 0.627365 10.065297 46.092061 79.683630 77.000083 71.752623 37.849252 39.518997 36.337545 40.060829 0.494137 0.000000 0.000000 0.000000 0.000000 0.000000 0.000000 0.000000 0.000000 0.000000 0.000000 0.000000 0.000000 0.000000 0.000000 0.000000 0.000000
0.000000 0.000000 0.000000 0.000000 0.000000 0.000000 0.000000 0.000000 0.000000 0.000000 49.523147 38.535138 42.843089 33.577860 63.437323 128.928534 59.753422 162.292053 57.918320 41.950966 55.402839 201.252666 84.781589 27.253969 0.124368 193.051079 -57.803003 0.000000 -22.253463 25.021015 56.226595 106.084723 0.338783 95.102903 0.421416 87.563593 102.392873 60.228603 70.048179 73.332155 54.520412 81.031306 67.218547 82.256427 87.593914 40.126867 0.000000 0.000000 0.000000 0.000000 0.000000 0.000000 0.000000 0.000000 0.000000 0.000000 0.000000 0.000000 0.000000 0.000000 0.000000
0.000000 0.000000 0.000000 0.000000 0.000000 0.000000 0.000000 0.000000 0.000000 0.000000 46.319063 56.581318 62.631703 62.329360 46.603848 61.286691 3.481271 48.001297 63.221634 97.845397 -238.813780 59.251011 48.246291 59.598653 43.374742 128.889469 -23.411116 0.000000 -30.240734 -8.354288 92.272018 49.938538 45.671179 119.689451 83.312638 112.278753 137.731794 104.552548 124.074231 62.377084 41.663539 38.717707 44.047309 70.499972 44.246666 32.856432 36.687918 0.000000 0.000000 0.000000 0.000000 0.000000 0.000000 0.000000 0.000000 0.000000 0.000000 0.000000 0.000000 0.000000 0.000000
0.000000 0.000000 0.000000 0.000000 0.000000 0.000000 0.000000 0.000000 0.000000 0.000000 30.904578 22.528410 48.548727 35.923792 76.235986 147.565398 86.239760 51.548816 55.909179 204.620556 81.846135 44.957757 75.847693 254.559801 -85.928996 524.644371 -335.772210 0.000000 -130.065328 -140.113035 362.340469 -267.319271 130.599421 -32.651967 -12.839085 -57.386629 33.422533 39.416041 82.863161 40.708347 70.537886 60.141483 37.047805 40.998271 43.211712 63.584880 51.644787 48.300818 0.000000 0.000000 0.000000 0.000000 0.000000 0.000000 0.000000 0.000000 0.000000 0.000000 0.000000 0.000000 0.000000
0.000000 0.000000 0.000000 0.000000 0.000000 0.000000 0.000000 0.000000 0.000000 0.000000 52.652864 94.170039 49.205352 76.108389 9.022901 42.916091 78.573490 64.898519 -30.634744 69.988264 -76.828039 136.121000 -433.411666 66.883172 -18.354866 285.776309 -132.522804 0.000000 -94.134329 -96.198501 288.794499 -80.691435 104.088221 3.081938 73.914540 -48.351925 47.026660 65.336671 170.501888 41.681543 49.276120 64.936188 72.982587 96.997314 76.173539 57.238633 62.617030 45.804762 0.000000 0.000000 0.000000 0.000000 0.000000 0.000000 0.000000 0.000000 0.000000 0.000000 0.000000 0.000000 0.000000
0.000000 0.000000 0.000000 0.000000 0.000000 0.000000 0.000000 0.000000 0.000000 0.000000 0.617769 0.409400 105.842156 57.452878 38.366909 71.369790 83.175389 55.228315 85.401510 230.202990 69.119243 114.325594 82.930625 76.512289 71.110205 0.618035 115.630607 0.000000 -198.371979 -107.809181 268.031328 13.560848 85.472425 -9.287478 31.854612 -86.460975 25.495406 -125.788706 49.610716 53.720558 67.191168 60.796015 42.194938 -0.386626 3.142557 37.103396 17.066402 36.805587 37.475830 35.388630 0.000000 0.000000 0.000000 0.000000 0.000000 0.000000 0.000000 0.000000 0.000000 0.000000 0.000000
0.000000 0.000000 0.000000 0.000000 0.000000 0.000000 0.000000 0.000000 0.000000 0.000000 0.000000 0.960001 92.780150 58.347527 40.027539 70.831931 15.870475 97.093884 -35.606059 52.860041 108.994528 46.941611 51.355204 40.658901 72.979905 52.598005 66.112276 -33.139110 0.000000 86.399857 14.561474 65.774240 38.407996 61.277260 166.896363 51.689389 102.886218 23.853596 43.381023 64.703750 76.418359 95.936598 167.104318 42.732646 106.826391 108.704354 76.974235 44.413297 52.686472 59.389542 0.000000 0.000000 0.000000 0.000000 0.000000 0.000000 0.000000 0.000000 0.000000 0.000000 0.000000
0.000000 0.000000 0.000000 0.000000 0.000000 0.000000 0.000000 0.000000 0.000000 0.000000 0.000000 1.048815 102.508878 54.268887 41.258664 75.281950 -1.823504 93.945159 -35.568141 132.060676 40.512090 38.192218 59.924270 35.432102 59.816783 114.660043 47.577609 -8.485645 0.000000 50.539965 45.024311 36.767021 47.448393 -33.104554 66.715833 -28.101712 52.765946 -7.771780 80.123616 -61.054220 83.561507 -38.702776 -54.213894 80.962842 41.422019 -70.808272 50.632361 56.567993 58.016068 25.891473 0.000000 0.000000 0.000000 0.000000 0.000000 0.000000 0.000000 0.000000 0.000000 0.000000 0.000000
0.000000 0.000000 0.000000 0.000000 0.000000 0.000000 0.000000 0.000000 0.000000 0.000000 0.000000 0.000000 17.127951 0.513243 87.724491 55.027630 37.850237 66.632142 8.462412 64.917389 46.766723 37.814485 39.479680 111.724745 20.519651 127.777068 50.538876 -44.630009 0.000000 42.886264 35.435708 65.519104 250.733098 89.031429 199.418550 49.265601 129.337956 46.031888 102.099744 37.133336 57.653599 45.100143 15.443130 -23.521169 69.572469 175.114398 83.501652 66.390475 40.356691 38.428977 0.000000 0.000000 0.000000 0.000000 0.000000 0.000000 0.000000 0.000000 0.000000 0.000000 0.000000
0.000000 0.000000 0.000000 0.000000 0.000000 0.000000 0.000000 0.000000 0.000000 0.000000 0.000000 0.000000 0.000000 28.586576 76.754532 66.987073 33.157853 88.181769 -2.211991 134.145835 -10.643353 183.842233 -99.673252 424.341239 -11.393289 27.150432 15.059795 87.304786 -34.758954 0.000000 24.092506 4.922009 134.418280 34.586462 124.936529 -12.494310 53.689633 12.041163 42.355013 42.597194 66.768567 2.531902 25.179958 -37.743146 39.979405 -356.220224 46.585430 38.471706 61.196818 42.683788 0.000000 0.000000 0.000000 0.000000 0.000000 0.000000 0.000000 0.000000 0.000000 0.000000 0.000000
0.000000 0.000000 0.000000 0.000000 0.000000 0.000000 0.000000 0.000000 0.000000 0.000000 0.000000 0.000000 0.000000 0.000000 0.000000 0.000000 0.000000 0.000000 47.445972 20.911334 74.590261 57.550924 66.332241 0.598875 80.487642 44.987222 37.665314 37.256489 20.845592 0.000000 -182.945320 -23.060074 175.785382 100.986866 263.805338 92.929029 260.371464 106.130749 55.794756 49.999557 59.091121 293.479450 203.784630 64.006109 50.186243 96.005205 66.922510 51.232800 47.132280 36.566214 0.000000 0.000000 0.000000 0.000000 0.000000 0.000000 0.000000 0.000000 0.000000 0.000000 0.000000
0.000000 0.000000 0.000000 0.000000 0.000000 0.000000 0.000000 0.000000 0.000000 0.000000 0.000000 0.000000 0.000000 0.000000 0.000000 0.000000 0.000000 0.000000 0.000000 35.172876 55.911937 69.680209 -5.990154 59.697179 80.989605 56.328777 53.605641 49.776644 67.220986 -76.512850 0.000000 -139.234565 -110.206701 -175.214219 90.708697 -3.081592 128.626525 78.843858 49.411894 30.752946 61.428163 -92.522990 46.331283 26.196870 62.797061 9.825679 60.097348 21.533584 58.065313 42.954860 0.000000 0.000000 0.000000 0.000000 0.000000 0.000000 0.000000 0.000000 0.000000 0.000000 0.000000
0.000000 0.000000 0.000000 0.000000 0.000000 0.000000 0.000000 0.000000 0.000000 0.000000 0.000000 0.000000 0.000000 0.000000 0.000000 0.000000 0.000000 0.000000 0.000000 0.000000 53.374194 73.785543 51.876920 176.769756 -124.640485 34.421844 -90.400220 223.031362 33.594486 71.359877 43.875029 0.000000 0.000000 72.352717 60.498606 57.483095 67.497702 46.465387 104.953627 5.920253 75.231052 -218.831665 114.849719 115.539005 132.838018 45.369040 63.567067 62.473539 37.769965 35.661291 0.000000 0.000000 0.000000 0.000000 0.000000 0.000000 0.000000 0.000000 0.000000 0.000000 0.000000
0.000000 0.000000 0.000000 0.000000 0.000000 0.000000 0.000000 0.000000 0.000000 0.000000 0.000000 0.000000 0.000000 0.000000 0.000000 0.000000 0.000000 0.000000 0.000000 0.000000 0.000000 34.234298 51.988618 78.459904 23.639845 58.110312 5.305548 114.765375 -9.009112 97.910796 -111.253970 36.858375 36.928199 0.000000 0.000000 -528.586181 -53.777261 -137.570600 97.515438 112.948872 129.663135 31.691497 -160.356066 -90.921771 54.426536 6.019640 63.223478 31.374430 10.045359 11.595019 0.000000 0.000000 0.000000 0.000000 0.000000 0.000000 0.000000 0.000000 0.000000 0.000000 0.000000
0.000000 0.000000 0.000000 0.000000 0.000000 0.000000 0.000000 0.000000 0.000000 0.000000 0.000000 0.000000 0.000000 0.000000 0.000000 0.000000 0.000000 0.000000 0.000000 0.000000 0.000000 0.000000 45.195502 43.049291 71.736194 48.087171 33.994142 69.811048 19.057870 90.913054 -97.930137 2.508077 63.094452 29.301473 19.007931 0.000000 13.082044 87.856717 15.176982 57.375338 228.570757 203.281377 47.268131 63.951997 111.711458 39.875588 40.554600 42.536805 60.576130 11.583429 0.000000 0.000000 0.000000 0.000000 0.000000 0.000000 0.000000 0.000000 0.000000 0.000000 0.000000
0.000000 0.000000 0.000000 0.000000 0.000000 0.000000 0.000000 0.000000 0.000000 0.000000 0.000000 0.000000 0.000000 0.000000 0.000000 0.000000 0.000000 0.000000 0.000000 0.000000 0.000000 0.000000 0.000000 37.979852 40.646359 35.769399 27.011159 59.785026 10.467621 66.350561 -42.937210 -9.542241 -139.844105 57.342296 56.256720 52.529399 0.000000 -133.080937 -333.911171 -839.268614 266.481337 72.142344 47.311495 -5.337029 56.386943 24.583676 35.521024 41.245240 30.476786 55.783002 0.000000 0.000000 0.000000 0.000000 0.000000 0.000000 0.000000 0.000000 0.000000 0.000000 0.000000
0.000000 0.000000 0.000000 0.000000 0.000000 0.000000 0.000000 0.000000 0.000000 0.000000 0.000000 0.000000 0.000000 0.000000 0.000000 0.000000 0.000000 0.000000 0.000000 0.000000 0.000000 0.000000 0.000000 0.000000 40.843092 58.772586 32.191827 58.437002 46.368380 38.595196 3.397715 56.125748 44.124100 211.938308 33.112564 53.425983 46.320491 0.000000 -214.427854 79.529500 55.006819 55.059835 260.166595 99.520378 129.185235 27.976159 37.421766 -50.585720 25.406676 62.356717 0.000000 0.000000 0.000000 0.000000 0.000000 0.000000 0.000000 0.000000 0.000000 0.000000 0.000000
0.000000 0.000000 0.000000 0.000000 0.000000 0.000000 0.000000 0.000000 0.000000 0.000000 0.000000 0.000000 0.000000 0.000000 0.000000 0.000000 0.000000 0.000000 0.000000 0.000000 0.000000 0.000000 0.000000 0.000000 63.889457 41.948427 30.449156 52.823822 13.236725 64.298291 36.583194 22.853108 53.823927 38.512695 -218.438731 28.617369 40.305850 0.000000 -538.661859 -70.563689 37.086606 -1019.852713 64.181421 233.280140 396.216811 -182.629672 46.805711 20.018666 46.174573 30.523240 46.741916 0.000000 0.000000 0.000000 0.000000 0.000000 0.000000 0.000000 0.000000 0.000000 0.000000
0.000000 0.000000 0.000000 0.000000 0.000000 0.000000 0.000000 0.000000 0.000000 0.000000 0.000000 0.000000 0.000000 0.000000 0.000000 0.000000 0.000000 0.000000 0.000000 0.000000 0.000000 0.000000 0.000000 0.000000 0.000000 20.685953 59.331535 65.699308 67.973956 53.821257 62.143392 36.698606 51.956770 55.194833 151.580535 21.874258 0.000000 41.286412 86.845803 -445.142689 261.616699 47.686153 75.727517 25.108484 14.879969 100.473427 121.464495 -62.360041 105.854861 -51.980805 49.132282 31.638971 0.000000 0.000000 0.000000 0.000000 0.000000 0.000000 0.000000 0.000000 0.000000
