geotop/1.0zi/1.0Montebello/Templates/Dripsey/maps/_Erotot0352.asc
ncols         69
nrows         152
xllcorner     146499.907223
yllcorner     75332.943423
cellsize      50.000000
NODATA_value  -9999.0
[rows 26 to 51 of 152, columns 0 to 59 of 69]
0.000000 0.000000 0.000000 0.000000 0.000000 0.000000 0.000000 0.000000 0.000000 0.000000 0.000000 0.000000 106.132610 279.414940 320.666781 299.552764 86.550730 239.933288 213.730991 335.547271 -191.565015 307.702807 -351.880452 206.406458 -635.922177 319.510386 -1252.411960 -301.019470 0.000000 0.000000 0.000000 0.000000 -57.131458 -355.498852 161.124363 82.656271 239.454998 45.421899 59.009806 -37.793235 220.112730 207.009399 94.904791 76.832671 72.050043 39.294197 153.960169 20.059509 201.355527 132.935652 113.601736 257.194724 205.325677 228.917559 121.407955 95.482941 180.374520 144.921373 199.937135 0.000000
0.000000 0.000000 0.000000 0.000000 0.000000 0.000000 0.000000 0.000000 0.000000 0.000000 0.000000 0.000000 243.996245 104.012393 157.729989 248.616592 271.119896 591.970193 287.191386 275.581785 855.359130 201.703660 223.338242 192.887557 419.374245 179.806905 0.000000 0.000000 71.708320 275.853392 337.918922 409.876659 256.143411 121.513266 82.172959 -76.566303 54.621949 134.442641 149.238577 251.686168 226.464485 232.774020 168.865875 331.897162 46.140728 240.421270 248.882618 298.624944 310.029242 240.263241 187.524263 218.392973 131.769016 58.753294 181.270921 180.997692 180.495801 281.216955 112.189484 235.610734
0.000000 0.000000 0.000000 0.000000 0.000000 0.000000 0.000000 0.000000 0.000000 0.000000 0.000000 0.000000 154.578627 238.509051 170.370636 270.153311 102.102594 356.527436 -511.407020 -35.372861 -1470.067553 200.046993 156.626077 -207.283749 -1404.844055 0.000000 235.927553 326.637496 160.527497 153.800680 40.813818 44.831247 60.819297 137.289928 176.535755 261.261266 144.042128 135.053904 239.977711 158.796077 134.520048 -29.011667 174.675460 137.533004 -723.203472 279.129669 186.394682 -759.114258 -48.838450 -38.673618 88.249610 305.061184 -502.441635 -298.306788 144.889726 129.844614 186.295063 -38.435916 159.211012 175.082526
0.000000 0.000000 0.000000 0.000000 0.000000 0.000000 0.000000 0.000000 0.000000 0.000000 0.000000 0.000000 142.576838 209.273782 158.066375 297.403033 236.353244 184.122398 -58.702880 227.598506 242.640283 950.625976 79.099169 -289.105490 0.000000 52.522680 276.189393 389.959656 106.162756 95.586091 147.069743 74.524461 151.737488 284.568401 153.111477 106.223254 149.440776 208.170652 153.628472 247.638853 183.677208 90.819947 88.254987 142.648362 104.079216 209.669541 131.031814 215.237138 56.071245 268.559958 43.283129 183.200196 529.236940 344.540092 270.091005 170.605948 348.531239 84.321656 180.958449 166.022391
0.000000 0.000000 0.000000 0.000000 0.000000 0.000000 0.000000 0.000000 0.000000 0.000000 0.000000 0.000000 90.660249 253.667948 222.982041 236.131202 -363.739367 -166.555999 -229.714454 159.888334 212.743149 -1322.300125 0.000000 0.000000 34.640875 229.131576 104.256247 162.899245 3.690035 29.239510 3.500555 4.936353 41.858475 114.170999 252.215670 -6.089669 212.577942 134.647043 208.672806 128.981327 172.856548 152.414146 -207.507824 111.783519 64.992067 118.207924 343.643138 188.160474 -933.918905 -66.567590 261.010706 258.284093 -116.159678 -455.540687 245.929191 -737.778687 323.017405 -1.850461 371.481985 163.262521
0.000000 0.000000 0.000000 0.000000 0.000000 0.000000 0.000000 0.000000 0.000000 0.000000 0.000000 126.160510 157.710224 191.832415 123.796453 223.963182 122.028506 -175.384435 99.147410 372.683960 34.571135 0.000000 163.666046 257.436869 64.372518 149.905184 195.837053 186.062712 33.571511 72.966233 19.832425 12.613727 54.908767 128.174767 245.787948 187.477302 178.387373 188.965125 183.250036 143.504919 90.820218 214.564559 287.755427 293.580479 254.997781 212.008934 335.967908 1276.910570 355.324207 533.565047 208.808048 207.729810 768.347345 233.774227 1055.253222 101.225048 213.895165 258.292635 114.273537 186.715196
0.000000 0.000000 0.000000 0.000000 0.000000 0.000000 0.000000 0.000000 0.000000 0.000000 0.000000 314.534193 20.138520 166.132291 251.803506 156.462035 116.331103 151.643339 -243.421826 480.537562 82.563173 0.000000 64.289625 135.655028 151.663311 120.337822 98.577600 198.502018 112.423436 247.360809 265.899366 199.566746 170.943780 197.519087 192.050312 175.592086 185.496038 179.442592 188.352409 168.552452 103.590687 217.660760 205.732053 190.476973 123.774196 109.182027 228.765450 243.639706 -644.140056 190.767386 -1241.725322 131.043684 -1489.196055 -464.698838 675.640725 -104.959838 543.044707 -52.050516 453.854478 66.450522
0.000000 0.000000 0.000000 0.000000 0.000000 0.000000 0.000000 0.000000 0.000000 0.000000 74.823160 240.988657 221.172343 105.876408 248.067200 107.329497 111.929873 71.139691 241.790132 1221.341567 191.177654 0.000000 303.485804 302.599359 18.266177 187.803376 140.386566 250.333767 118.182778 172.276435 195.406310 188.345104 211.042526 150.646859 234.677046 181.808688 148.306946 111.300884 139.292632 178.999849 272.317944 238.654889 226.904743 237.288182 677.008286 175.583611 141.884225 233.916534 150.825473 611.348728 231.309253 135.510572 -236.494024 -189.552463 622.088866 54.174988 501.359641 -102.740764 456.597613 138.813689
0.000000 0.000000 0.000000 0.000000 0.000000 0.000000 0.000000 0.000000 0.000000 269.310244 739.559742 139.518513 138.361034 143.967116 128.446662 277.329625 141.204740 156.434747 264.754271 172.286489 -973.642563 0.000000 20.841261 285.947934 97.372652 252.696010 174.840993 211.661887 222.749687 187.334798 107.690855 89.368856 162.737768 144.861142 166.500339 209.475574 142.735401 142.286409 150.213171 167.279908 219.607800 206.657952 -231.544661 522.161987 -588.738343 265.219965 293.850979 90.544164 285.165506 -116.904950 -1534.018719 -970.050733 0.000000 -1622.143626 644.598575 182.283026 338.763277 213.567299 179.627017 213.789023
0.000000 0.000000 0.000000 0.000000 0.000000 0.000000 0.000000 0.000000 147.220742 205.456127 62.408040 37.790647 26.932875 208.928686 111.492704 84.470097 187.182534 212.869366 224.467194 145.738632 272.942865 0.000000 302.647072 308.812664 168.937853 221.762376 298.194587 169.923697 295.857403 230.367751 186.698561 174.772426 138.951007 156.535847 158.299510 218.958966 164.140859 127.509246 151.443227 160.589283 277.231600 144.095293 198.230574 207.787934 23.891645 738.487786 81.834150 124.467943 234.837986 178.734032 348.437253 0.000000 -524.413157 -1233.195601 933.002764 132.608074 444.799036 -71.125952 660.615078 94.685767
0.000000 0.000000 0.000000 0.000000 0.000000 0.000000 0.000000 246.921162 179.316306 15.740270 313.499306 272.604291 289.639889 231.999503 130.528416 219.055924 304.772251 284.969990 -166.382293 174.607182 152.803296 0.000000 210.304007 142.403507 269.928962 -385.601344 638.560086 -477.987318 290.182374 -62.572244 225.441894 267.925185 26.230054 93.725568 118.270581 127.995928 93.347160 261.013376 122.127479 213.509429 -13.404044 263.027654 47.767218 876.223841 -666.455825 -196.987414 -1852.899658 -93.887072 207.647821 158.261664 -912.031052 0.000000 83.768218 160.723475 193.424437 200.795564 258.723747 239.673903 51.280653 176.528573
0.000000 0.000000 0.000000 0.000000 0.000000 0.000000 214.972877 137.830692 290.514234 887.487653 479.162758 565.336244 382.235660 269.304164 20.292374 141.339312 243.998007 164.282219 202.631048 455.636452 144.548941 0.000000 306.788961 273.352584 830.253149 354.675106 223.935983 255.084685 244.310453 277.769528 121.400845 110.613432 236.697842 159.300767 167.458769 256.655745 198.812295 136.173791 126.074996 200.697628 115.471823 291.690920 189.815092 205.669381 291.699746 -430.725973 -1347.191235 555.869937 -93.338637 79.382441 0.000000 -691.187885 -176.207676 -876.810013 364.870197 156.744989 154.400117 269.123218 55.558497 166.742787
0.000000 0.000000 0.000000 0.000000 0.000000 216.721796 42.438530 371.043090 -44.500491 602.798683 -6918.605635 -2251.391758 -99.137236 283.700343 109.380671 119.588144 216.799601 275.604474 113.368942 286.006139 -429.455464 0.000000 239.931447 -83.031791 359.528916 -421.306991 1030.536134 116.222240 279.974533 -99.573982 200.713941 239.644650 160.123046 50.517719 68.696666 120.775199 42.621727 272.201666 82.776269 125.846957 261.091099 81.350013 272.352713 474.251539 -513.659910 79.450330 -74.184309 134.976453 -1676.847272 0.000000 25.937634 181.629056 316.133145 353.487764 646.081356 180.174022 147.048201 244.771980 200.220913 128.066814
0.000000 0.000000 0.000000 0.000000 0.000000 101.442533 127.307428 306.553682 120.211084 270.690858 -558.851574 -563.217167 -847.380708 -102.966956 194.696417 233.374831 429.883497 198.874864 145.821935 132.844373 435.624856 0.000000 552.539106 -432.485475 328.286610 272.327464 179.118228 191.917187 254.201783 249.923590 106.914308 228.821711 140.787286 162.837904 183.308335 263.814306 207.004982 171.553245 150.701285 313.072723 196.644844 76.800486 278.005078 237.485561 287.225850 177.250489 53.758692 502.790108 0.000000 150.824261 173.676729 -226.246401 108.932424 270.085362 123.499532 126.793582 118.563467 326.770929 739.798068 203.516445
0.000000 0.000000 0.000000 0.000000 236.641059 227.281077 246.786983 475.106598 348.485753 309.142547 247.349298 150.359018 -85.105518 0.000000 292.228114 46.716772 -28.441364 176.195101 243.855006 248.786261 -267.158098 0.000000 51.517202 143.201115 411.329836 211.738145 249.213141 139.931567 193.363649 102.648156 223.047280 143.716725 94.337042 -42.967164 -63.277617 123.660175 119.517787 258.550537 75.886465 160.933948 83.444066 224.359752 -9.034533 264.852588 -283.002891 393.676946 -138.327069 163.011557 0.000000 355.196304 4.935116 141.047886 206.051699 262.518959 25.002482 57.171183 199.515123 -570.190934 210.611984 244.610385
0.000000 0.000000 0.000000 156.440864 169.873748 88.365797 235.961806 251.269986 304.571176 136.917945 311.353237 244.162439 3.373788 145.562087 0.000000 0.000000 248.817776 90.956124 124.795052 161.012598 362.629751 0.000000 292.048345 264.589694 130.037978 251.873786 30.692938 210.846595 112.932931 125.698152 191.319591 132.784800 147.486595 219.849851 264.023932 261.394410 34.509446 217.349513 140.498381 389.731273 179.712251 425.249570 315.191027 260.835806 134.668870 169.567548 192.383211 216.862071 0.000000 407.467109 5.687191 49.407361 175.499680 231.935829 43.014820 92.085035 93.465051 662.970245 226.612912 206.302902
0.000000 0.000000 258.090824 113.346090 264.077714 263.155995 97.994554 46.395807 285.377334 145.062352 221.675763 453.701236 295.259319 865.429182 102.070250 175.316579 0.000000 330.645104 25.429100 230.447578 -461.382760 0.000000 394.247560 370.849257 15.104792 221.913813 74.018479 131.786043 124.764516 164.974927 233.038360 102.844894 73.541869 256.145248 -142.678552 281.691812 -374.747653 188.400283 168.175734 160.165341 -8.971558 200.835779 -455.851494 227.824804 69.853258 217.319821 145.580054 49.233032 0.000000 211.636694 57.006375 303.195918 178.474050 325.069829 117.633560 185.965972 263.516078 -466.117112 173.337328 -9.400922
0.000000 0.000000 177.207890 212.527307 112.209739 214.830029 159.124341 134.526799 335.455019 212.291270 105.838285 255.787807 -10.857096 240.221334 131.622849 92.917801 0.000000 79.297742 182.362592 141.164189 0.000000 -11.689971 337.250172 336.411455 4.430775 273.120752 294.843181 185.398285 180.879496 141.824464 202.961770 151.334367 145.484969 209.167069 113.679597 175.718209 547.861123 170.704338 144.206431 155.528491 166.826975 447.276148 277.680198 194.251938 252.649931 271.381504 1.507780 302.776127 117.066027 0.000000 186.529810 328.605244 119.345132 148.347942 86.154034 202.623128 1062.034713 260.170437 412.148912 200.204811
0.000000 0.000000 106.721521 220.051243 194.754740 141.979442 142.804994 261.318522 84.062963 279.867605 11.437802 179.105148 231.736397 155.609576 154.940452 249.677511 14.196140 0.000000 -119.633165 0.000000 193.201365 276.987070 85.377468 164.147221 131.518783 -14.300528 166.197200 175.668466 161.229619 208.854073 120.199531 91.826679 -76.272643 226.535443 156.189023 386.841726 -334.267930 303.977032 238.551275 186.787072 129.527418 119.699433 -297.690593 139.143593 -93.531804 210.050188 166.813323 -26.625125 -232.973673 0.000000 -987.005418 162.885398 48.376625 216.405704 355.913343 -554.885248 143.674278 11.505506 233.854224 -211.161758
0.000000 0.000000 122.200584 181.539764 194.086984 172.232179 139.073131 336.425429 47.750824 307.272792 -82.642983 547.226736 -59.934584 662.997927 -523.071860 610.557744 -170.317967 300.811788 0.000000 376.544289 36.282282 156.045175 71.611895 147.037138 541.137424 213.391410 295.908254 168.948750 98.869068 188.075327 188.346637 427.157326 155.212802 168.445045 180.010518 133.542543 151.075476 951.533631 180.578718 173.787928 161.515193 224.862030 146.499570 458.940966 173.635683 395.231078 -282.494382 294.728885 -387.223757 0.000000 -160.603694 417.996448 175.633603 219.270314 999.320839 291.471799 313.786743 201.257830 657.102197 297.112664
0.000000 0.000000 120.176789 157.769524 202.410135 174.945352 128.528396 467.545603 -92.195889 610.608948 -417.584445 848.806647 -141.866184 956.533419 -1031.876449 521.853486 264.462514 689.012321 0.000000 44.310556 148.190580 285.121686 200.170053 154.108619 423.574458 190.034713 240.391201 187.330194 302.879703 13.355746 309.219600 -143.063577 156.099797 154.094163 89.363830 253.102224 105.107130 197.271074 -636.268031 155.135857 103.639914 175.092475 76.930677 135.921307 -394.366484 226.632994 250.305131 273.906703 123.880021 -141.747846 0.000000 -418.491168 182.252443 -625.828144 343.212582 31.823348 207.874672 -1085.521583 184.937132 -251.675873
0.000000 0.000000 143.651173 150.378364 184.344224 146.361202 17.685448 133.853570 295.033116 196.590257 58.635223 177.314397 321.053912 271.539842 78.250267 212.429421 172.043059 490.381882 -423.044867 0.000000 135.473599 298.500236 553.182016 273.443454 642.592717 428.658676 299.506004 205.598209 321.965531 171.659170 577.767868 138.999836 224.764863 208.199157 201.225141 133.953732 135.955607 221.559513 124.604417 956.345311 211.391350 329.775628 258.134212 369.783534 554.966542 219.777778 175.463291 65.031535 276.350713 184.192082 0.000000 -1762.660244 -209.300799 -1134.448861 314.755725 -106.579027 1056.406367 -712.149798 445.775856 -480.208387
0.000000 0.000000 192.890588 176.566339 165.743637 144.516239 91.777780 268.007100 60.281648 314.988165 -126.747294 583.718439 173.276863 535.643606 -491.206135 288.660027 -24.456260 1125.159560 -1026.884244 0.000000 107.965030 -87.581461 323.355592 71.823894 383.388685 259.063579 156.932607 26.146554 198.495242 -344.908580 144.282603 279.336737 104.472025 268.039317 -55.841432 277.664922 62.813346 141.345494 56.514987 583.329406 -80.369468 224.060620 16.568039 79.925584 -1390.178539 222.374489 160.606008 273.252621 133.010660 0.000000 0.000000 0.000000 0.000000 0.000000 0.000000 0.000000 3210.666961 -1897.526400 259.064449 -80.649336
0.000000 0.000000 174.130369 168.119421 178.252249 157.841377 118.664845 266.522295 78.828346 317.048284 -122.348483 626.836125 135.549028 698.135532 -470.991456 300.917160 -217.808779 1115.699418 -762.031185 0.000000 -523.052725 -269.844940 436.345528 243.128754 447.027468 273.827666 916.174794 416.746751 1395.757664 215.977849 127.020956 127.310387 194.741175 185.907621 218.309731 190.924219 199.493320 213.596123 159.786165 445.219262 229.999372 757.841105 101.286154 208.018934 -343.434240 99.260726 158.035193 240.117047 -135.781379 0.000000 -474.207781 -1316.745055 145.446113 48.927543 375.617341 194.381754 359.967198 -2408.808798 -201.188705 -115.328130
0.000000 0.000000 196.903461 184.451698 182.075036 182.512345 136.858637 307.838325 96.254821 423.901588 -164.227240 597.928255 270.635718 904.584002 -589.639480 401.735589 -473.663065 901.815682 -568.057701 -694.894459 0.000000 -778.180776 130.622067 -74.318433 275.340005 -191.999256 347.069644 86.896791 410.474066 159.115124 157.724108 274.271873 166.084493 256.074002 -66.562334 294.166211 -309.782542 241.395704 77.864486 264.134082 -26.479899 70.545685 -910.256303 29.157473 -1037.725520 256.131839 -157.109618 -170.773398 0.000000 -20.391065 74.057089 121.455954 567.990385 191.015286 163.049657 139.194880 117.995022 297.057298 211.672164 140.033964
0.000000 0.000000 172.996189 165.519701 169.816310 150.202779 132.041327 236.153534 73.826984 373.800609 -44.941669 391.461435 318.505344 832.262503 -503.721887 398.524849 -460.520333 665.624421 -345.400696 -96.361779 3.287892 0.000000 175.886053 230.666642 528.693144 119.673387 515.025333 144.408082 275.888931 266.713402 157.820468 204.344488 119.536812 245.231015 199.288370 163.810776 154.887513 503.008703 149.901240 396.256097 118.335533 318.222335 -267.233041 725.324941 110.861593 898.223142 -611.394929 0.000000 111.382777 -552.844434 138.704202 -4.623955 221.737433 -155.429333 243.886236 335.356457 248.656529 75.148892 234.493463 324.533440
