geotop/1.0zi/1.0Montebello/Templates/Dripsey/maps/_Erotot0358.asc
ncols         69
nrows         152
xllcorner     146499.907223
yllcorner     75332.943423
cellsize      50.000000
NODATA_value  -9999.0
[rows 26 to 51 of 152, columns 0 to 59 of 69]
0.000000 0.000000 0.000000 0.000000 0.000000 0.000000 0.000000 0.000000 0.000000 0.000000 0.000000 0.000000 113.292266 307.262353 343.787834 323.949566 79.621219 262.852547 236.754976 365.122189 -221.462554 334.556549 -402.095332 223.128856 -699.051012 344.828288 -1335.619200 -348.849259 0.000000 0.000000 0.000000 0.000000 -64.341365 -398.414204 170.084927 88.300623 260.962406 48.773189 63.489579 -42.900511 239.889676 225.749659 102.999635 83.008107 72.316183 43.469538 163.846744 14.160559 218.518108 140.897141 124.112279 279.077449 217.823244 244.001539 131.567202 102.842487 196.290930 157.003959 218.183315 0.000000
0.000000 0.000000 0.000000 0.000000 0.000000 0.000000 0.000000 0.000000 0.000000 0.000000 0.000000 0.000000 267.096239 114.189683 176.230284 271.605927 297.750461 659.494414 317.687072 305.463018 923.376985 220.488670 244.253649 213.770971 452.512011 195.493046 0.000000 0.000000 71.323801 286.459349 367.695997 444.395146 273.928511 128.302237 91.773430 -86.988487 58.096718 145.315507 161.565660 273.646314 246.518362 253.953650 183.544709 364.587722 55.625994 262.411984 279.139279 330.133538 348.567417 271.071242 205.279169 247.175986 150.961012 68.692088 201.899773 198.357134 200.664043 305.846270 122.279199 257.359711
0.000000 0.000000 0.000000 0.000000 0.000000 0.000000 0.000000 0.000000 0.000000 0.000000 0.000000 0.000000 167.580481 260.349528 189.522104 300.536178 119.837297 386.843211 -576.679288 -45.284375 -1609.515672 216.512990 170.355844 -231.284153 -1541.051798 0.000000 256.186971 352.565680 176.437930 173.922063 40.911472 44.406381 66.783801 157.017217 196.201485 290.710448 157.040894 147.314414 262.134231 172.865952 144.744023 -30.773165 188.158840 148.557858 -796.704727 303.235509 200.754696 -853.231466 -71.611956 -55.499053 96.244653 331.142863 -568.148753 -335.805995 157.090687 137.456188 204.075210 -38.152173 175.060284 190.473015
0.000000 0.000000 0.000000 0.000000 0.000000 0.000000 0.000000 0.000000 0.000000 0.000000 0.000000 0.000000 157.647745 228.672286 174.064137 335.159292 260.045672 203.356949 -71.549608 248.324989 268.781459 1028.166988 94.350994 -335.290594 0.000000 47.324421 299.245621 422.850517 118.270207 107.068622 166.484603 79.203447 173.626910 307.857272 166.441618 112.930440 162.955125 227.182482 166.879043 270.476837 198.856179 99.887655 94.005718 155.710299 112.342797 222.505002 142.589236 238.571539 54.483581 305.795226 43.327927 201.072681 583.930830 375.822204 303.566545 185.267447 387.298621 92.578959 202.236665 181.104581
0.000000 0.000000 0.000000 0.000000 0.000000 0.000000 0.000000 0.000000 0.000000 0.000000 0.000000 0.000000 97.082838 276.464298 240.179615 255.095328 -407.776570 -193.938009 -262.454937 168.383963 229.500891 -1451.024806 0.000000 0.000000 39.842397 251.619325 120.807830 181.630729 3.837608 29.330681 3.632333 5.132708 41.884782 125.976933 272.800973 -6.295305 232.033575 146.652705 227.716657 141.096869 187.296462 166.768417 -227.171702 121.251977 68.574212 128.322739 367.095098 209.399438 -1038.236776 -83.706275 288.133668 280.038827 -132.611881 -522.138214 274.736091 -835.025707 348.993019 -11.838036 419.030751 181.688964
0.000000 0.000000 0.000000 0.000000 0.000000 0.000000 0.000000 0.000000 0.000000 0.000000 0.000000 135.593265 176.739662 209.980263 134.813291 245.567585 130.462978 -192.496812 105.838071 413.231222 32.114184 0.000000 175.284972 282.061478 66.453345 163.653195 215.612244 208.293174 33.652916 81.073785 19.885328 12.676162 58.813236 141.797851 267.349054 203.575169 194.242480 206.432982 199.846977 157.237706 99.849086 234.141679 312.747249 325.607361 276.117782 237.554426 377.994190 1362.179809 384.443961 534.134591 227.450496 227.807830 800.453971 257.421327 1124.630753 112.437961 236.004418 278.502299 125.329346 203.960191
0.000000 0.000000 0.000000 0.000000 0.000000 0.000000 0.000000 0.000000 0.000000 0.000000 0.000000 340.450982 23.286190 180.911193 274.150582 170.969637 125.981843 167.712473 -270.822291 529.828807 87.703480 0.000000 67.171726 148.229493 177.304081 130.535411 107.989182 215.402148 124.403977 272.111918 291.538976 220.055687 188.437799 216.291048 209.462685 191.392712 202.134012 196.096532 205.540373 184.978711 110.760637 243.393563 222.373944 208.033582 131.753588 116.737976 257.767302 266.875752 -690.508804 207.280083 -1336.567221 137.779060 -1621.959262 -501.329103 704.146969 -120.134718 599.392417 -63.766153 506.790049 69.964017
0.000000 0.000000 0.000000 0.000000 0.000000 0.000000 0.000000 0.000000 0.000000 0.000000 78.243182 270.627918 241.727919 115.543044 271.086443 118.824512 120.558304 73.851744 264.308442 1309.012454 206.465477 0.000000 330.317460 331.535213 18.360669 206.354814 153.064828 273.844704 134.508962 188.728690 210.998486 204.640568 230.808239 164.193116 256.349814 198.408975 161.427640 121.456926 151.588940 195.185531 294.579267 272.924700 247.844561 269.173036 730.611549 190.731851 155.177628 260.352615 163.115256 647.932173 250.878565 148.352989 -286.267151 -206.384688 663.856011 56.768005 554.985815 -121.390371 509.918577 151.816067
0.000000 0.000000 0.000000 0.000000 0.000000 0.000000 0.000000 0.000000 0.000000 295.107056 806.583709 156.377209 152.980463 159.371444 140.356314 303.297803 155.955661 171.429353 289.196697 188.134008 -1049.971643 0.000000 21.310514 309.159979 107.532421 274.279340 192.733241 228.604091 250.832444 205.288249 115.069064 96.184331 176.693461 156.483212 180.709741 228.440113 155.476947 155.795487 164.147159 182.501341 237.659645 229.781893 -259.519820 534.713249 -671.852063 287.167555 317.243408 94.314439 309.991056 -133.618845 -1653.378655 -1043.988400 0.000000 -1782.636748 707.918088 195.776193 378.043725 227.840298 200.708717 232.948919
0.000000 0.000000 0.000000 0.000000 0.000000 0.000000 0.000000 0.000000 162.176122 236.232531 64.730881 30.831564 27.053272 246.615849 129.597367 94.282714 204.537356 243.043407 245.233999 162.030802 297.438324 0.000000 329.188831 336.653293 194.187058 246.454661 335.204886 185.571619 334.285943 251.436970 213.103339 191.022739 152.077300 171.014750 173.147575 239.210952 178.751600 140.827375 167.849814 182.324966 302.212726 156.580307 216.140421 226.968400 17.861134 781.109870 93.058959 131.059614 256.444409 196.176400 359.577815 0.000000 -578.379794 -1344.567340 1008.730066 139.013185 482.365382 -84.229220 732.093334 109.387309
0.000000 0.000000 0.000000 0.000000 0.000000 0.000000 0.000000 269.428330 196.751901 8.493209 344.975077 301.652669 324.881454 252.535377 146.826094 237.298375 329.624962 310.414388 -189.088786 187.165739 167.181157 0.000000 229.438017 149.905938 301.031330 -466.282696 681.979599 -540.368469 330.197341 -77.286306 245.892196 291.238232 27.334864 100.790926 127.426037 138.846512 100.983852 284.343702 130.777726 231.604004 -17.386551 290.414475 47.864609 954.694507 -740.139194 -215.769584 -1999.180958 -109.122562 225.265905 170.760946 -989.611084 0.000000 86.861684 161.735664 220.418173 220.128029 282.740112 261.525713 49.982801 193.439734
0.000000 0.000000 0.000000 0.000000 0.000000 0.000000 231.658297 156.770342 311.857523 922.344685 525.422562 631.349136 409.141496 287.648181 20.397144 167.779354 273.881653 178.363049 221.627769 498.370403 155.661664 0.000000 345.175386 298.680387 885.812521 385.278404 257.720802 275.112426 266.814207 301.860811 133.902396 121.350904 258.491972 175.370414 183.629623 280.381474 217.105216 152.879259 138.175136 220.411430 124.652437 329.681032 205.708413 224.949695 314.595174 -467.824597 -1483.374113 587.059099 -108.054916 75.650779 0.000000 -770.602451 -196.283224 -972.513302 401.657184 174.287334 172.202920 293.003291 55.902418 182.553978
0.000000 0.000000 0.000000 0.000000 0.000000 237.215588 44.497055 411.216438 -64.078044 586.843579 -7514.690562 -2475.365118 -118.388049 303.675776 117.606652 134.551223 233.894399 299.854862 124.627812 311.583972 -471.430339 0.000000 260.398100 -90.629605 356.191275 -474.464169 1125.185348 124.638368 319.217652 -112.083935 218.431294 260.710733 173.726055 50.966931 71.722593 130.413294 45.031219 296.057651 86.334242 139.060641 284.829994 83.951281 299.917824 523.030055 -574.598543 81.821974 -84.132100 136.884046 -1810.750524 0.000000 29.903691 195.176119 344.984537 383.798562 716.661234 193.595688 166.233436 264.953495 219.802958 144.578219
0.000000 0.000000 0.000000 0.000000 0.000000 115.609613 134.193306 340.100208 129.426863 293.616920 -630.810862 -634.438618 -930.570622 -122.243922 213.315391 259.477353 481.600174 227.121188 170.423840 143.686830 477.384203 0.000000 588.189523 -497.710441 362.623140 293.362834 204.135814 208.929429 277.750142 272.049634 117.515947 249.957818 154.001725 178.873840 201.992542 288.134134 225.901965 192.250896 164.894236 353.854631 221.675272 88.558349 303.284366 259.781089 308.278743 193.406125 60.624048 543.354687 0.000000 158.957977 190.704600 -254.571619 123.553092 288.211672 138.520477 137.416095 132.078711 355.673956 801.451964 222.445141
0.000000 0.000000 0.000000 0.000000 266.677006 258.517502 273.042828 522.796974 381.890681 348.239474 273.505240 165.200706 -99.811237 0.000000 311.030768 41.817892 -44.511529 191.344971 266.569395 271.627723 -296.133623 0.000000 7.885026 153.322452 456.870204 230.125182 283.505987 153.053543 211.546430 110.404807 243.309873 156.204320 101.696762 -48.125935 -71.890456 133.549004 128.879665 281.437862 78.378282 178.207137 86.109781 243.974505 -14.994524 298.225129 -326.525021 437.994042 -162.116674 179.113275 0.000000 383.237623 5.131332 156.917484 226.140606 288.988435 25.105459 63.373101 218.982687 -623.709261 231.293262 266.790399
0.000000 0.000000 0.000000 170.657874 186.047455 101.379370 254.861067 279.600825 331.093895 155.522846 339.017923 270.170333 -0.662512 160.504110 0.000000 0.000000 278.067428 104.533863 135.446604 175.685757 392.018437 0.000000 320.853667 292.122809 148.724552 276.565347 27.241333 231.103491 125.033141 137.003780 208.829290 145.193727 161.142906 239.901195 285.742131 290.060312 41.153060 237.207999 154.374664 436.656487 201.009784 466.919870 342.277854 284.840271 145.649226 184.982752 208.713250 236.868227 0.000000 440.566931 5.935064 49.460058 193.912545 256.983293 43.078119 99.822684 99.430695 721.756261 254.188912 229.797559
0.000000 0.000000 281.289406 123.550045 287.765891 297.077925 110.857757 43.329382 311.761766 156.790503 242.240339 506.207485 321.853756 938.811562 107.226961 192.997767 0.000000 358.138289 25.487974 251.905166 -508.705667 0.000000 439.306240 405.121336 7.469550 246.959198 76.402862 148.343550 136.282149 178.895356 253.882992 111.021887 77.941936 278.616200 -162.137689 305.795363 -418.474278 205.485067 183.055163 177.337356 -14.905277 217.111180 -509.240216 247.627124 76.408637 239.263089 155.228252 59.230871 0.000000 231.989550 57.553166 335.068604 201.095191 353.347376 129.972932 204.883587 288.001701 -530.035907 188.008210 -14.422267
0.000000 0.000000 193.662242 232.003262 120.912398 234.759037 174.215478 144.239145 363.802723 234.324948 117.054068 281.751448 -18.117948 262.663803 143.809982 96.207939 0.000000 85.466887 200.328884 153.183310 0.000000 -28.575611 378.384320 368.377928 -0.308068 299.721498 333.217861 211.571739 201.431851 154.984312 221.895825 165.866026 158.758940 228.277323 129.039244 191.831843 599.727113 186.388170 158.050832 176.250744 187.378314 490.981103 302.411595 205.975796 275.596548 301.293779 1.477013 330.173046 125.752708 0.000000 201.233529 365.275341 143.343107 162.725554 97.093937 222.682180 1129.900084 287.539978 457.331742 220.987922
0.000000 0.000000 115.265571 240.932917 210.993763 156.950680 155.528693 297.099746 85.195856 314.147323 6.482267 195.540270 252.225669 172.737056 163.314723 281.047834 10.407779 0.000000 -136.248388 0.000000 213.779703 293.933407 94.285313 181.375435 142.286920 -20.416391 184.258043 191.724654 179.473322 228.102038 130.816269 97.209808 -86.003610 247.028260 169.597014 415.854479 -373.504715 330.196074 257.913860 204.806182 137.103299 131.785640 -333.044639 151.970869 -107.311812 229.728007 178.892490 -27.929030 -261.201626 0.000000 -1101.365462 170.623631 41.742037 234.761004 386.154986 -605.093737 154.003098 3.849285 263.110067 -236.141186
0.000000 0.000000 132.739146 198.416096 209.347916 189.614239 150.918720 379.481323 44.242611 342.774673 -99.279251 610.522218 -69.874860 726.993659 -581.860372 668.389046 -190.805293 317.709861 0.000000 408.343357 36.306092 174.535623 73.126199 161.279070 594.394239 236.448528 332.786647 187.737743 109.569213 205.173996 205.792213 478.958896 168.619817 183.916686 196.579349 148.660573 159.268573 1015.144831 197.683854 194.355000 177.181899 253.308612 161.396601 499.943809 190.095736 431.049929 -314.416882 319.441348 -425.990700 0.000000 -176.839188 452.158538 198.688915 247.304025 1062.492834 317.501969 340.008468 220.706013 709.599693 321.807728
0.000000 0.000000 130.282682 172.889149 218.772415 192.129043 137.267945 527.284192 -105.601385 669.451404 -465.772813 920.590732 -156.950670 1032.534522 -1122.149943 564.411278 282.499310 740.653544 0.000000 44.638095 164.393601 312.728976 223.527858 164.155507 463.925381 206.907746 268.178303 201.870295 329.047285 16.195091 335.612551 -164.429203 169.873963 167.368136 96.256620 276.042348 110.869869 209.431434 -682.893490 169.372722 108.963854 193.158986 79.545909 146.676012 -432.957521 247.230880 272.540254 298.940163 133.175136 -159.452321 0.000000 -467.055248 193.950571 -671.686377 373.049629 28.366785 179.590010 -1196.595548 202.735728 -296.828607
0.000000 0.000000 157.026075 164.088487 199.325476 160.597355 18.876766 143.439947 320.964560 217.686213 61.250592 193.324441 347.584765 302.622453 75.436142 234.903429 191.628917 548.900092 -478.042811 0.000000 151.399071 331.545111 595.249829 297.169873 703.822682 472.500805 340.768036 225.680762 361.270815 187.893725 620.511492 151.995864 245.460112 227.152354 219.482965 151.117461 148.617929 251.636827 130.615401 1020.876453 236.396894 370.992407 285.166463 408.806309 591.025346 240.221464 191.113032 71.909761 300.372382 200.844460 0.000000 -1900.468444 -244.810228 -1257.826642 346.057743 -114.906264 1135.233359 -787.433084 487.781182 -536.277236
0.000000 0.000000 211.107129 192.783744 178.673356 158.381558 99.475053 305.373786 58.860176 354.053050 -152.310288 653.054614 189.017810 585.467358 -546.811260 313.190217 -31.484649 1227.508403 -1128.924129 0.000000 102.357807 -100.950772 346.723644 73.457489 416.473091 279.603684 171.077105 25.930610 220.623802 -378.045240 156.906382 303.517724 113.562097 291.562947 -61.714056 301.821206 64.362113 156.004289 55.012942 622.409890 -88.877385 248.804838 11.541135 83.044268 -1535.758347 240.452964 173.506565 297.297914 145.185154 0.000000 0.000000 0.000000 0.000000 0.000000 0.000000 0.000000 3399.793505 -2064.772265 271.612543 -100.251891
0.000000 0.000000 190.473761 183.376802 192.479743 172.055265 128.506405 299.013617 82.148117 356.045956 -146.700599 701.030430 147.184118 763.805640 -523.685501 326.066797 -243.925725 1217.037398 -836.356522 0.000000 -579.475861 -295.914702 474.438026 262.605116 491.420537 303.248029 995.501217 466.338987 1494.827541 240.975627 140.797123 139.964652 212.866457 202.814118 237.850420 213.635837 218.519265 242.999939 175.445591 495.533864 243.650470 806.143488 108.799500 229.130730 -391.413670 109.076348 173.001715 262.008478 -152.530681 0.000000 -531.403497 -1456.693668 157.728214 50.517200 406.570833 212.979083 390.923269 -2636.169607 -237.888679 -131.358475
0.000000 0.000000 215.073244 201.452505 195.951937 198.983613 146.903163 343.437278 101.762970 473.391540 -193.042311 664.242011 295.551372 987.587214 -646.816923 434.422178 -523.739470 979.604407 -622.617211 -769.274449 0.000000 -858.813224 137.653580 -86.876832 303.111834 -212.715528 379.720112 91.102616 454.271725 175.117804 172.350945 298.273124 180.970642 278.710897 -73.717302 318.938247 -346.089818 263.466193 81.548294 297.138241 -35.614079 72.230683 -975.887944 27.226922 -1155.920467 278.744031 -175.103902 -190.976663 0.000000 -30.369881 76.147307 132.746695 615.892421 210.152476 188.006858 153.097699 125.647012 330.360109 236.003001 142.681892
0.000000 0.000000 189.054572 180.540142 183.056610 163.442472 145.070903 265.512894 75.239395 419.608446 -59.337196 432.756238 348.560876 910.406249 -555.838362 432.156614 -510.054189 723.669115 -385.688882 -98.635664 -4.010995 0.000000 195.313145 252.732227 566.370411 127.065393 547.420008 156.492837 312.870027 301.221047 175.108227 223.159661 130.374735 267.907459 217.123469 183.569418 169.108579 557.015692 164.023174 436.939003 126.516625 345.966503 -290.369114 769.359444 118.547876 967.112353 -666.538971 0.000000 117.898931 -608.504073 145.481660 -8.203533 244.968822 -175.735739 267.579339 363.903558 271.946603 79.845920 250.835780 350.422827
