geotop/1.0zi/1.0Montebello/Templates/Dripsey/maps/_Erotot0134.asc
ncols         69
nrows         152
xllcorner     146499.907223
yllcorner     75332.943423
cellsize      50.000000
NODATA_value  -9999.0
[rows 81 to 107 of 152, columns 0 to 59 of 69]
0.000000 0.000000 0.000000 0.000000 0.000000 0.000000 0.000000 0.000000 -21.447976 91.159643 98.937253 157.716732 -153.526197 151.503099 58.806383 16.337389 156.627509 51.592132 0.000000 61.431387 77.193947 117.443723 67.688725 63.952982 69.631898 69.439719 58.079393 111.892524 -371.400718 0.000000 76.721302 171.578170 6.580439 97.886910 5.366028 77.766489 6.388485 30.974263 70.189866 71.447267 103.623893 -21.416195 67.726861 26.633914 71.803161 98.603842 0.000000 0.000000 0.000000 0.000000 0.000000 0.000000 0.000000 0.000000 0.000000 0.000000 0.000000 0.000000 0.000000 0.000000
0.000000 0.000000 0.000000 0.000000 0.000000 0.000000 0.000000 0.000000 57.581962 70.819960 76.719572 55.763459 348.457144 31.667001 70.357331 105.739037 63.978201 209.439913 -77.108461 0.000000 0.000000 -1143.775811 -40.077774 16.010287 34.608623 111.300530 83.428643 73.391229 0.000000 -144.795051 82.670445 71.657964 138.406382 219.820215 3.622616 118.268327 106.011336 118.756417 42.784536 131.258442 85.992578 54.190781 83.663049 9.626589 97.883080 31.892791 0.000000 0.000000 0.000000 0.000000 0.000000 0.000000 0.000000 0.000000 0.000000 0.000000 0.000000 0.000000 0.000000 0.000000
0.000000 0.000000 0.000000 0.000000 0.000000 0.000000 0.000000 0.000000 52.632763 72.899050 111.959205 141.475618 -15.518015 65.965298 58.591931 75.205911 42.357511 225.715477 -85.883060 42.658241 -299.676626 0.000000 190.204142 63.727845 -92.049693 78.082293 49.864017 64.951602 0.000000 -823.231410 142.890919 -550.879890 479.440274 -65.362851 582.980909 -24.691888 424.351171 11.454554 117.942787 12.203980 141.798554 75.325271 133.630563 90.453075 67.686497 0.000000 0.000000 0.000000 0.000000 0.000000 0.000000 0.000000 0.000000 0.000000 0.000000 0.000000 0.000000 0.000000 0.000000 0.000000
0.000000 0.000000 0.000000 0.000000 0.000000 0.000000 0.000000 0.000000 64.891269 78.954516 112.051741 106.604449 60.792411 23.067773 122.774185 101.882084 7.130397 42.590477 134.920632 235.888854 -562.458093 -27.634786 0.000000 0.000000 0.000000 0.000000 0.000000 0.000000 -215.353858 -164.345499 187.292996 -456.711831 338.099215 111.457244 280.543246 73.668042 136.244165 106.397592 55.153683 82.391965 45.141746 75.351799 76.264160 82.059600 55.535651 0.000000 0.000000 0.000000 0.000000 0.000000 0.000000 0.000000 0.000000 0.000000 0.000000 0.000000 0.000000 0.000000 0.000000 0.000000
0.000000 0.000000 0.000000 0.000000 0.000000 0.000000 0.000000 0.000000 105.078201 -1.733593 44.799991 128.168143 112.541612 96.054661 49.309061 127.851581 -204.238058 181.633261 -255.908624 110.945211 -440.398817 -344.041183 -553.742285 83.098934 -123.231923 61.056476 -53.544800 0.000000 118.155989 -128.276177 42.814100 -534.794441 376.894733 117.048741 396.389626 34.675382 148.050283 95.254434 76.065911 109.564817 41.819257 123.205739 83.284631 106.658331 41.963222 0.000000 0.000000 0.000000 0.000000 0.000000 0.000000 0.000000 0.000000 0.000000 0.000000 0.000000 0.000000 0.000000 0.000000 0.000000
0.000000 0.000000 0.000000 0.000000 0.000000 0.000000 0.000000 0.000000 59.569003 95.076321 60.862259 48.738311 75.660230 91.206075 104.682399 167.005518 46.267832 111.712677 91.785898 247.177573 -0.657936 -104.662493 133.717895 51.318708 106.113841 102.019079 34.176537 -56.170546 0.000000 -107.988525 114.374942 -120.406311 252.924218 163.897736 98.473768 138.757886 39.741171 46.752847 36.112182 87.041170 28.183125 80.171226 4.411207 1.474610 0.000000 0.000000 0.000000 0.000000 0.000000 0.000000 0.000000 0.000000 0.000000 0.000000 0.000000 0.000000 0.000000 0.000000 0.000000 0.000000
0.000000 0.000000 0.000000 0.000000 0.000000 0.000000 0.000000 0.000000 0.000000 45.782991 102.572465 91.247896 120.773338 113.295515 123.900074 123.295850 71.864128 125.911503 -122.734776 118.350439 -29.438051 109.839567 -217.899856 108.196186 -31.022457 81.149490 62.840109 7.212371 0.000000 -64.795032 119.227432 115.648053 85.960183 146.353225 37.194550 117.090394 21.096042 49.337496 50.326190 112.181560 35.057224 64.495740 1.023163 0.000000 0.000000 0.000000 0.000000 0.000000 0.000000 0.000000 0.000000 0.000000 0.000000 0.000000 0.000000 0.000000 0.000000 0.000000 0.000000 0.000000
0.000000 0.000000 0.000000 0.000000 0.000000 0.000000 0.000000 0.000000 0.000000 52.341122 69.161848 46.418087 -1.302231 23.921868 131.275399 138.309554 78.289978 255.586905 78.755765 234.458726 105.335720 127.558867 163.556686 49.637820 107.780391 83.990689 67.123380 102.168362 0.000000 11.370938 142.002563 238.995653 -2.831990 6.297429 0.452656 40.421194 35.359673 96.904491 57.932330 132.128999 46.119269 106.659330 30.915905 0.576652 0.000000 0.000000 0.000000 0.000000 0.000000 0.000000 0.000000 0.000000 0.000000 0.000000 0.000000 0.000000 0.000000 0.000000 0.000000 0.000000
0.000000 0.000000 0.000000 0.000000 0.000000 0.000000 0.000000 0.000000 0.000000 0.000000 39.576503 106.961131 120.998602 105.644633 109.782225 90.630397 -9.659802 143.819414 -36.227637 103.449632 78.408566 123.595689 -333.338406 -181.900895 -284.760308 832.804118 -255.014586 80.454460 0.000000 106.263676 61.346655 116.578148 1.165543 0.465225 0.761808 10.344733 39.142040 107.206086 84.635849 111.448585 28.004819 49.378133 37.073023 41.959779 0.731419 0.000000 0.000000 0.000000 0.000000 0.000000 0.000000 0.000000 0.000000 0.000000 0.000000 0.000000 0.000000 0.000000 0.000000 0.000000
0.000000 0.000000 0.000000 0.000000 0.000000 0.000000 0.000000 0.000000 0.000000 0.000000 60.331321 43.519563 63.526196 16.657862 97.655996 178.481821 105.868198 235.730268 92.927426 52.106513 107.159478 354.319809 150.775011 58.255934 14.590301 272.260921 -72.065891 0.000000 -25.499951 75.676120 60.115181 171.095143 0.406761 118.824637 0.609588 135.624420 170.229761 112.865727 107.827436 150.137883 67.042094 141.599191 128.457311 160.531035 144.074856 46.490483 0.000000 0.000000 0.000000 0.000000 0.000000 0.000000 0.000000 0.000000 0.000000 0.000000 0.000000 0.000000 0.000000 0.000000
0.000000 0.000000 0.000000 0.000000 0.000000 0.000000 0.000000 0.000000 0.000000 0.000000 99.204822 80.542006 119.178251 102.796468 97.868274 76.531082 20.800804 61.389115 97.054933 151.488304 -358.836021 90.744997 77.103825 93.011592 84.229938 184.949375 -18.281391 0.000000 -39.131817 10.473236 138.379634 137.394510 46.888348 203.298537 76.435136 183.306967 200.386393 134.359383 177.845100 121.104324 20.855928 40.798368 39.785150 112.101491 48.359562 33.612811 44.723213 0.000000 0.000000 0.000000 0.000000 0.000000 0.000000 0.000000 0.000000 0.000000 0.000000 0.000000 0.000000 0.000000
0.000000 0.000000 0.000000 0.000000 0.000000 0.000000 0.000000 0.000000 0.000000 0.000000 39.383643 22.637391 58.578491 38.015096 130.861635 193.649947 151.881260 70.273650 91.534365 337.677786 143.822568 53.058199 129.836278 395.752023 -160.022631 870.334724 -566.387338 0.000000 -186.487309 -215.600610 573.648312 -380.646726 226.949051 -3.467741 -8.675718 -63.681994 64.077764 76.258667 141.025390 90.241801 114.522225 116.552389 79.724445 77.180301 83.023955 116.921442 100.601222 62.089877 0.000000 0.000000 0.000000 0.000000 0.000000 0.000000 0.000000 0.000000 0.000000 0.000000 0.000000 0.000000
0.000000 0.000000 0.000000 0.000000 0.000000 0.000000 0.000000 0.000000 0.000000 0.000000 52.972489 125.987384 92.810689 90.380342 37.813361 46.272811 156.577825 94.637645 -29.239932 113.956557 -107.240978 217.503307 -575.012457 111.737682 -8.962485 398.207221 -177.022309 0.000000 -124.819893 -144.070959 430.816349 -100.145780 157.730390 16.493273 116.218749 -48.248978 74.395864 103.671137 260.310332 46.263910 40.715734 94.274306 89.868667 145.845313 97.356459 71.723620 80.270237 70.392635 0.000000 0.000000 0.000000 0.000000 0.000000 0.000000 0.000000 0.000000 0.000000 0.000000 0.000000 0.000000
0.000000 0.000000 0.000000 0.000000 0.000000 0.000000 0.000000 0.000000 0.000000 0.000000 0.743381 0.651139 170.777199 70.224669 83.671353 109.440090 116.952732 77.046452 153.256978 314.077197 115.272857 172.185368 146.158460 75.718973 113.589922 0.960042 206.257368 0.000000 -242.454516 -134.153426 355.626269 18.731140 113.701845 1.505591 61.915641 -113.130251 48.756247 -170.557417 86.847265 105.913524 105.393770 117.563476 67.214108 -0.357516 27.447695 91.277770 43.524878 78.220111 43.673338 41.161951 0.000000 0.000000 0.000000 0.000000 0.000000 0.000000 0.000000 0.000000 0.000000 0.000000
0.000000 0.000000 0.000000 0.000000 0.000000 0.000000 0.000000 0.000000 0.000000 0.000000 0.000000 1.144694 118.538886 82.561875 96.421333 97.542765 35.946294 129.923148 -42.819448 77.572276 161.421207 62.717034 102.490135 43.238971 141.181397 21.937942 153.118061 -22.395562 0.000000 161.450328 14.733209 105.023150 44.685083 97.631375 243.413237 78.632731 155.144151 44.017908 68.116417 116.588571 99.061894 141.299378 251.946176 46.177196 143.052320 148.835428 109.056983 71.763327 94.511842 91.482892 0.000000 0.000000 0.000000 0.000000 0.000000 0.000000 0.000000 0.000000 0.000000 0.000000
0.000000 0.000000 0.000000 0.000000 0.000000 0.000000 0.000000 0.000000 0.000000 0.000000 0.000000 1.242257 168.233453 58.829836 84.621294 105.900158 16.612295 127.927458 -37.627680 169.934606 47.426000 40.303231 112.827747 13.134686 124.481427 146.108464 92.962422 12.652295 0.000000 117.589116 48.547197 52.168404 76.713857 -42.004940 100.692673 -31.011100 77.883131 5.025891 143.557920 -90.866400 150.653924 -29.918332 -77.941156 163.578774 63.366529 -87.320921 83.548926 97.113631 88.701939 44.417077 0.000000 0.000000 0.000000 0.000000 0.000000 0.000000 0.000000 0.000000 0.000000 0.000000
0.000000 0.000000 0.000000 0.000000 0.000000 0.000000 0.000000 0.000000 0.000000 0.000000 0.000000 0.000000 17.275426 0.776319 146.868161 79.728581 75.792784 94.683408 10.919768 98.797191 81.476629 36.594293 80.516091 134.626911 54.902405 165.434271 78.661962 -28.317456 0.000000 117.716452 31.014673 79.489816 384.113264 136.429003 302.766632 74.619129 179.163026 74.939990 151.491147 59.057508 87.215176 73.509887 30.751535 -33.722631 104.872511 279.132700 114.707944 115.534356 15.575170 42.180479 0.000000 0.000000 0.000000 0.000000 0.000000 0.000000 0.000000 0.000000 0.000000 0.000000
0.000000 0.000000 0.000000 0.000000 0.000000 0.000000 0.000000 0.000000 0.000000 0.000000 0.000000 0.000000 0.000000 30.018803 152.187756 95.113690 69.549375 132.471980 11.546794 203.135607 -8.775876 285.014983 -149.599334 657.610155 -28.040116 54.639151 89.437243 97.421536 7.122458 0.000000 61.815926 10.602224 204.807047 60.851337 177.898835 -5.170916 81.877003 24.003618 64.474444 80.594622 115.183414 17.716483 41.840309 -45.105097 78.961483 -520.266423 81.516168 98.924483 95.615815 69.429613 0.000000 0.000000 0.000000 0.000000 0.000000 0.000000 0.000000 0.000000 0.000000 0.000000
0.000000 0.000000 0.000000 0.000000 0.000000 0.000000 0.000000 0.000000 0.000000 0.000000 0.000000 0.000000 0.000000 0.000000 0.000000 0.000000 0.000000 0.000000 61.300486 21.000490 123.883597 81.721696 98.805964 0.886648 126.485711 58.308981 61.598536 38.940674 86.131933 0.000000 -257.612036 -34.725365 252.731760 146.858031 384.019894 137.931297 398.866582 152.805927 65.432910 75.601391 82.775780 467.792510 301.567969 101.620869 67.215253 196.573360 98.491842 85.419284 55.014714 40.159572 0.000000 0.000000 0.000000 0.000000 0.000000 0.000000 0.000000 0.000000 0.000000 0.000000
0.000000 0.000000 0.000000 0.000000 0.000000 0.000000 0.000000 0.000000 0.000000 0.000000 0.000000 0.000000 0.000000 0.000000 0.000000 0.000000 0.000000 0.000000 0.000000 34.097037 129.224348 93.039736 7.125135 86.416968 143.103311 74.060424 107.144345 38.855872 109.581331 -131.364671 0.000000 -177.666940 -163.170879 -206.485628 161.654348 1.531724 187.517134 98.180128 64.997748 36.680978 118.532230 -139.625814 84.625645 39.780855 108.323627 36.208865 94.800786 41.233723 117.987153 100.846941 0.000000 0.000000 0.000000 0.000000 0.000000 0.000000 0.000000 0.000000 0.000000 0.000000
0.000000 0.000000 0.000000 0.000000 0.000000 0.000000 0.000000 0.000000 0.000000 0.000000 0.000000 0.000000 0.000000 0.000000 0.000000 0.000000 0.000000 0.000000 0.000000 0.000000 78.937773 118.232814 92.470355 264.570705 -175.157036 59.183808 -130.732965 347.716611 68.422278 111.376710 89.426604 0.000000 0.000000 115.729861 88.067978 144.946499 76.545622 40.144852 62.531982 6.081299 98.854006 -199.403976 170.848914 213.789444 189.469992 79.845832 79.483387 95.950566 62.657758 63.489692 0.000000 0.000000 0.000000 0.000000 0.000000 0.000000 0.000000 0.000000 0.000000 0.000000
0.000000 0.000000 0.000000 0.000000 0.000000 0.000000 0.000000 0.000000 0.000000 0.000000 0.000000 0.000000 0.000000 0.000000 0.000000 0.000000 0.000000 0.000000 0.000000 0.000000 0.000000 41.411210 98.407408 101.906388 65.443307 94.574760 25.095305 167.280919 0.084479 144.170045 -158.179189 40.968519 40.798741 0.000000 0.000000 -833.757372 -28.044879 -90.528091 174.223529 173.607388 263.286552 57.802690 -184.081701 -123.138119 91.726051 21.741453 107.000757 59.857755 16.847294 25.316159 0.000000 0.000000 0.000000 0.000000 0.000000 0.000000 0.000000 0.000000 0.000000 0.000000
0.000000 0.000000 0.000000 0.000000 0.000000 0.000000 0.000000 0.000000 0.000000 0.000000 0.000000 0.000000 0.000000 0.000000 0.000000 0.000000 0.000000 0.000000 0.000000 0.000000 0.000000 0.000000 58.705565 47.690098 145.090174 84.264050 60.605873 105.730031 38.096007 136.242243 -129.541875 6.078919 105.491366 46.170610 32.142127 0.000000 54.336589 155.741589 30.491650 107.312987 356.903698 385.548241 58.602608 103.789568 149.046626 64.163802 55.346089 63.574305 101.002732 16.925984 0.000000 0.000000 0.000000 0.000000 0.000000 0.000000 0.000000 0.000000 0.000000 0.000000
0.000000 0.000000 0.000000 0.000000 0.000000 0.000000 0.000000 0.000000 0.000000 0.000000 0.000000 0.000000 0.000000 0.000000 0.000000 0.000000 0.000000 0.000000 0.000000 0.000000 0.000000 0.000000 0.000000 48.891530 82.347208 48.354796 45.134565 74.729820 35.198298 93.642176 -39.452940 -17.334255 -232.878825 99.274368 94.075008 88.135158 0.000000 -184.577556 -660.003081 -1266.513560 351.490659 139.518941 58.505242 -5.797275 94.986951 46.800801 54.925613 73.792658 50.597503 95.256507 0.000000 0.000000 0.000000 0.000000 0.000000 0.000000 0.000000 0.000000 0.000000 0.000000
0.000000 0.000000 0.000000 0.000000 0.000000 0.000000 0.000000 0.000000 0.000000 0.000000 0.000000 0.000000 0.000000 0.000000 0.000000 0.000000 0.000000 0.000000 0.000000 0.000000 0.000000 0.000000 0.000000 0.000000 53.941964 89.011060 59.298933 85.131374 86.990440 57.814972 10.118090 82.240321 80.985620 323.194779 53.778186 79.415217 75.164549 0.000000 -449.186501 142.168189 80.335579 95.321167 402.382467 166.209240 169.891284 57.112455 60.695688 -85.224500 43.015516 104.311437 0.000000 0.000000 0.000000 0.000000 0.000000 0.000000 0.000000 0.000000 0.000000 0.000000
0.000000 0.000000 0.000000 0.000000 0.000000 0.000000 0.000000 0.000000 0.000000 0.000000 0.000000 0.000000 0.000000 0.000000 0.000000 0.000000 0.000000 0.000000 0.000000 0.000000 0.000000 0.000000 0.000000 0.000000 111.597809 63.542102 60.868999 83.103661 22.969228 101.396205 67.334795 31.295182 76.610148 71.630259 -337.167095 52.766964 47.981092 0.000000 -862.022541 -98.392941 73.849749 -1594.819982 244.549415 371.075487 606.909782 -274.107596 63.109990 38.757425 74.155593 52.995346 74.407651 0.000000 0.000000 0.000000 0.000000 0.000000 0.000000 0.000000 0.000000 0.000000
0.000000 0.000000 0.000000 0.000000 0.000000 0.000000 0.000000 0.000000 0.000000 0.000000 0.000000 0.000000 0.000000 0.000000 0.000000 0.000000 0.000000 0.000000 0.000000 0.000000 0.000000 0.000000 0.000000 0.000000 0.000000 17.624647 96.503150 80.176472 117.643519 70.307022 103.170341 41.442219 65.219724 82.858129 227.446338 38.883377 0.000000 50.283088 127.089471 -730.873435 370.462987 99.548267 110.093961 25.262714 15.065916 164.195904 182.734546 -80.584414 140.982587 -69.347871 81.968723 53.404583 0.000000 0.000000 0.000000 0.000000 0.000000 0.000000 0.000000 0.000000
