geotop/1.0zi/1.0Montebello/Templates/Dripsey/maps/_Erotot0056.asc
ncols         69
nrows         152
xllcorner     146499.907223
yllcorner     75332.943423
cellsize      50.000000
NODATA_value  -9999.0
[rows 54 to 80 of 152, columns 0 to 60 of 69]
0.000000 0.000000 53.845260 53.312414 34.027238 45.209031 36.087933 107.185962 25.409530 147.819451 -77.746639 192.385071 -60.783996 289.550974 -124.518280 54.793079 -49.373173 61.562236 64.534857 47.600122 1.534682 24.548806 0.000000 -373.484397 76.513595 -363.327459 303.298002 47.088207 56.025165 35.840568 71.773724 11.145843 38.989117 30.856249 26.503049 33.498052 38.253892 67.233993 -26.494803 53.733340 18.066428 70.398307 39.268561 229.784573 0.000000 53.209859 54.681054 97.710704 104.458415 87.002375 112.196169 93.363367 20.657851 98.497953 93.659262 113.571305 35.290519 62.367745 62.262858 55.219834 -209.340883
0.000000 0.000000 51.329078 48.608617 15.388008 60.844007 51.690207 31.197995 78.399433 60.538385 39.711688 24.731538 -31.298750 284.818109 -469.266663 -138.984601 26.075486 22.073218 78.961777 52.982115 66.294384 36.261415 0.000000 -473.674534 68.226415 101.348820 0.550176 31.510635 79.073873 39.896599 82.664518 58.388637 66.863943 47.847308 57.407350 71.381942 22.532664 68.586070 51.020044 49.147274 64.631187 53.903822 170.847245 54.804151 0.000000 -150.931127 137.148372 27.874723 62.295042 24.533699 87.759528 190.883781 90.072618 117.504516 58.634926 81.926348 63.078414 36.859283 75.919627 93.166028 71.449183
0.000000 0.000000 60.946867 47.584496 35.612668 11.211150 0.004308 132.229122 0.324123 165.811256 -47.639563 49.118721 75.541990 258.959810 80.790286 40.506618 53.612565 48.933413 44.465125 52.747666 70.857455 28.171428 53.364760 0.000000 33.142735 92.230572 40.092359 81.154688 64.401328 -1.651781 77.622832 20.680718 36.739442 15.062886 5.412170 33.485410 11.876239 48.329427 34.299309 63.439585 70.299214 24.487208 66.300753 -99.600135 0.000000 92.379724 40.748145 56.155144 80.917302 131.721823 54.129889 103.773401 -74.386984 4.009121 4.506093 12.483437 29.691071 36.915796 44.551796 46.954087 45.532891
0.000000 0.000000 0.000000 31.565154 63.972175 46.378384 40.545033 52.193103 30.281015 73.059961 6.848510 2.271282 27.376781 50.383734 41.772202 49.629280 68.214908 47.346834 62.704092 44.489116 29.269864 62.151071 78.383982 0.000000 92.456064 53.434287 128.757553 102.021934 249.224812 53.929929 81.604775 56.189562 62.606847 46.866013 56.243764 65.759872 56.873095 46.310857 47.020686 52.712702 33.991371 317.611277 62.508304 0.000000 -96.376076 -67.803611 178.915511 -11.599175 132.998066 180.845292 32.291571 70.455050 0.776075 85.259158 55.088234 68.750056 80.896948 49.533412 46.336464 44.996612 0.000000
0.000000 0.000000 0.000000 58.465782 25.945436 48.680466 69.144851 49.968510 45.354489 51.128372 10.371461 63.859097 65.432934 32.323153 85.751901 64.746330 -83.424932 97.970875 1.261075 124.892379 -77.875251 231.313628 208.595868 -286.152839 0.000000 -68.583250 81.830764 -20.749040 86.179747 81.564670 59.197515 0.171960 71.936262 10.197879 3.434921 66.792329 -131.323988 34.282615 41.597721 39.260412 47.730462 58.363295 -427.960619 0.000000 29.345467 30.653177 95.701235 126.596218 55.589558 53.244681 -7.941676 0.094469 0.400075 0.481346 0.457507 0.446100 51.883475 42.759570 71.939115 0.000000 0.000000
0.000000 0.000000 0.000000 58.813076 40.711880 57.738561 12.133942 61.792092 -108.635284 155.755287 -127.843261 144.644135 34.656644 630.778733 -215.474676 -8.166234 -942.125213 412.749362 -92.116433 355.214798 -369.324622 61.843957 78.395897 31.811847 0.000000 -53.858051 148.909198 79.290762 190.927303 53.009153 160.133698 60.296377 24.120764 144.103500 147.346608 45.509043 56.319160 290.569766 108.646213 34.134149 47.936600 40.684080 9.569566 0.000000 107.351153 -31.866653 116.353577 63.078199 122.301413 101.730363 0.836895 11.798906 0.294504 0.000000 0.000000 0.000000 0.000000 0.000000 0.000000 0.000000 0.000000
0.000000 0.000000 0.000000 65.526257 19.081602 13.845587 -11.437415 23.545791 44.137233 56.117848 -10.709074 80.561623 -22.452627 234.311285 -94.279911 131.882710 81.706416 55.029693 44.297122 106.335185 -0.665068 427.468839 266.392136 83.497251 0.000000 -570.732245 2.175335 -10.440810 76.688469 21.405552 79.204641 42.172459 74.350257 -23.973839 -23.740592 56.369144 28.529783 83.228368 -180.948910 86.466165 35.595389 45.233164 0.000000 -40.119763 105.591865 63.432042 89.407076 137.415579 43.695367 42.132527 1.256420 0.240670 0.000000 0.000000 0.000000 0.000000 0.000000 0.000000 0.000000 0.000000 0.000000
0.000000 0.000000 0.000000 0.000000 0.000000 51.898305 46.822791 77.251115 60.545777 47.699712 55.071297 60.805639 -20.990888 56.259418 26.654110 63.181338 41.158845 76.076256 62.404739 127.942721 -35.465012 -122.013153 171.342373 175.674586 -897.315151 0.000000 -42.992219 44.288428 193.273764 52.133765 51.948217 84.539053 53.633695 134.942448 187.499978 38.592878 73.662497 78.031478 60.637183 262.609265 58.495960 0.000000 -32.595323 39.943455 65.611189 62.019178 86.082942 162.131579 -0.025144 0.924177 0.821523 0.506897 0.000000 0.000000 0.000000 0.000000 0.000000 0.000000 0.000000 0.000000 0.000000
0.000000 0.000000 0.000000 0.000000 0.000000 0.000000 49.335939 41.727539 33.874050 25.892779 58.466588 49.744955 79.244237 92.089971 44.863910 25.806571 85.970815 44.449439 35.929137 338.428413 -105.164668 -155.496204 85.349563 72.368316 30.026872 14.802187 0.000000 -259.015631 62.740488 61.395893 69.725039 -3.975751 74.953438 -54.149539 -57.431210 38.906685 51.807768 69.503390 45.722105 -262.081156 0.000000 70.424828 50.034467 78.858483 48.425090 96.207916 22.406022 70.391502 17.045603 87.988470 0.460399 37.310002 0.297650 0.000000 0.000000 0.000000 0.000000 0.000000 0.000000 0.000000 0.000000
0.000000 0.000000 0.000000 0.000000 0.000000 0.000000 0.000000 46.050053 47.710205 28.120049 80.872298 56.170472 25.864630 67.263279 40.158807 35.349735 75.098248 -77.381493 6.287208 39.830574 62.356798 72.631406 47.106413 96.785928 -123.204810 -68.636901 0.000000 -137.393848 60.978794 82.988061 270.486949 66.110523 26.738081 245.980417 232.871476 45.671025 51.009792 26.158805 41.816885 0.000000 -18.808642 -325.174277 231.730838 2.819347 91.027589 17.204655 77.415082 62.544559 27.327278 83.080372 86.289028 99.057470 32.361662 0.000000 0.000000 0.000000 0.000000 0.000000 0.000000 0.000000 0.000000
0.000000 0.000000 0.000000 0.000000 0.000000 0.000000 0.000000 0.000000 34.805640 30.965889 47.973418 58.606527 55.855799 46.922236 41.087411 90.271652 92.649564 58.003584 57.472573 27.272830 84.122706 54.934580 17.718538 291.895159 70.665007 57.689166 35.622483 0.000000 46.893294 -267.231658 70.878209 85.960055 39.391283 -13.293175 -51.904808 31.488098 49.040503 59.904094 57.671803 0.000000 74.792075 67.077777 46.931903 73.932625 126.405175 13.799592 79.249879 42.960309 74.383252 71.714401 92.465946 42.651346 95.217469 0.000000 0.000000 0.000000 0.000000 0.000000 0.000000 0.000000 0.000000
0.000000 0.000000 0.000000 0.000000 0.000000 0.000000 0.000000 0.000000 0.000000 17.057234 53.809796 52.657548 58.337398 52.170076 -0.854078 115.819566 18.529673 121.871879 -63.004309 247.310162 -121.823209 67.072015 -303.178683 56.936486 48.925460 131.234295 -287.357320 -108.416510 0.000000 -340.356161 52.223805 82.001624 37.486486 228.650257 313.973735 100.528951 112.839574 58.815615 0.000000 41.260383 63.701326 116.226314 1.895126 24.695728 55.713097 42.888144 50.526980 78.874115 70.721364 52.676664 94.771311 48.288097 0.000000 0.000000 0.000000 0.000000 0.000000 0.000000 0.000000 0.000000 0.000000
0.000000 0.000000 0.000000 0.000000 0.000000 0.000000 0.000000 0.000000 0.000000 54.696076 57.149942 27.874533 75.297605 26.282141 56.392252 0.451705 60.572214 73.036674 53.000449 74.177281 -60.525972 67.148267 24.853669 73.971792 31.265364 209.179267 83.070417 77.912688 18.938507 0.000000 2.380212 21.125999 88.421629 -141.754522 -186.988483 -2.864903 -27.200558 0.000000 1.434728 46.653921 48.446264 76.754897 28.986436 72.476852 45.047364 82.256457 41.161280 27.418953 62.519828 21.922477 64.083190 93.897427 0.000000 0.000000 0.000000 0.000000 0.000000 0.000000 0.000000 0.000000 0.000000
0.000000 0.000000 0.000000 0.000000 0.000000 0.000000 0.000000 0.000000 0.000000 56.412989 48.288800 29.210738 37.063079 46.191834 53.217293 20.291629 75.040273 87.201630 -101.315347 103.972071 53.933353 72.801287 28.027070 34.701811 -53.880210 52.559182 -15.438810 196.398715 -717.189813 -216.785536 0.000000 18.791386 46.402768 -144.048751 -86.987242 -18.580321 0.000000 -196.038482 112.009842 68.743291 71.419484 47.943078 41.833563 38.884575 40.925661 44.963067 83.078229 47.105300 160.242829 95.549838 78.743100 0.000000 0.000000 0.000000 0.000000 0.000000 0.000000 0.000000 0.000000 0.000000 0.000000
0.000000 0.000000 0.000000 0.000000 0.000000 0.000000 0.000000 0.000000 0.000000 41.532131 52.742258 75.863421 34.183046 35.626610 56.516545 40.305125 59.628762 82.272162 71.238904 55.082902 15.179595 20.918205 85.776133 58.284230 60.558993 69.303292 65.859838 131.403552 51.536008 -64.530614 -186.362608 0.000000 -5.861195 -210.586982 -271.864630 -93.099540 0.000000 137.175499 0.524254 117.766222 61.097600 18.068229 59.751572 34.148475 38.763722 -48.455237 86.313605 -134.240686 62.847857 24.307880 0.000000 0.000000 0.000000 0.000000 0.000000 0.000000 0.000000 0.000000 0.000000 0.000000 0.000000
0.000000 0.000000 0.000000 0.000000 0.000000 0.000000 0.000000 0.000000 0.000000 49.516479 15.472016 79.938080 39.181558 46.224504 40.732682 46.614569 61.172850 38.738184 61.767794 37.657068 50.814453 45.384270 63.607267 55.191709 55.135196 50.843251 74.538170 62.364122 59.567522 68.784587 -118.502149 0.000000 -8.440002 13.481240 74.190723 0.000000 2.081382 135.588702 0.474869 35.734646 47.784912 73.591622 68.260123 51.909683 120.949518 44.232379 29.890747 -56.048580 60.466553 36.394688 0.000000 0.000000 0.000000 0.000000 0.000000 0.000000 0.000000 0.000000 0.000000 0.000000 0.000000
0.000000 0.000000 0.000000 0.000000 0.000000 0.000000 0.000000 0.000000 0.000000 68.593478 -44.332127 35.141970 78.951325 37.657366 28.140836 87.278540 49.399752 35.772888 83.650527 58.858506 58.599895 29.392456 40.168035 63.436200 76.735452 90.729373 52.529149 34.689523 74.639446 51.012492 77.452492 68.414345 0.000000 12.615410 0.000000 -63.441973 1.952036 12.440264 68.067055 61.870364 43.128779 -85.445551 41.321928 -63.195554 42.651573 -93.108325 8.081102 -142.039900 43.836551 92.292009 0.000000 0.000000 0.000000 0.000000 0.000000 0.000000 0.000000 0.000000 0.000000 0.000000 0.000000
0.000000 0.000000 0.000000 0.000000 0.000000 0.000000 0.000000 0.000000 38.628311 41.080401 56.099842 120.877852 34.945134 64.025873 47.294895 127.115504 79.351832 37.167656 -5.620431 63.177285 42.774670 45.162309 54.614332 41.028374 12.144429 67.643805 28.402375 32.143293 65.179306 62.141217 57.778081 40.576909 0.000000 0.000000 0.000000 0.000000 0.000000 0.000000 0.000000 0.000000 0.000000 0.000000 207.032073 -253.146740 157.834235 -151.103653 52.904760 50.477776 68.401019 0.000000 0.000000 0.000000 0.000000 0.000000 0.000000 0.000000 0.000000 0.000000 0.000000 0.000000 0.000000
0.000000 0.000000 0.000000 0.000000 0.000000 0.000000 0.000000 64.916426 60.661338 47.101985 46.137259 7.062036 26.472016 51.500543 73.215587 58.087736 -63.491172 -311.733382 -114.416377 38.331912 -5.091717 62.571221 63.282477 60.707049 41.828715 37.536370 32.343774 61.157461 29.166103 86.552597 -19.701355 48.582980 -107.442473 0.000000 -97.530227 -1.087712 36.784411 79.251867 36.523753 89.391132 84.708916 -10.597370 -66.528469 -190.434077 65.668570 11.042432 23.459426 15.412567 69.357861 0.000000 0.000000 0.000000 0.000000 0.000000 0.000000 0.000000 0.000000 0.000000 0.000000 0.000000 0.000000
0.000000 0.000000 0.000000 0.000000 0.000000 0.000000 0.000000 49.394919 45.574984 65.323084 43.292061 76.449617 97.999444 44.731366 66.891916 29.380262 58.185048 46.748956 68.687888 357.774782 61.337825 50.935062 49.707730 30.606990 64.201071 47.198745 59.657989 15.331142 71.604744 57.745479 55.141424 45.812207 0.000000 13.531779 99.722801 -250.701712 109.390599 118.701710 91.272130 117.672136 68.175373 83.683192 0.142244 -334.285758 -14.161857 54.552361 75.159936 22.541793 70.790243 0.000000 0.000000 0.000000 0.000000 0.000000 0.000000 0.000000 0.000000 0.000000 0.000000 0.000000 0.000000
0.000000 0.000000 0.000000 0.000000 0.000000 0.000000 0.000000 20.119600 38.595242 41.340237 -1.950012 57.874188 -131.921142 11.347414 52.836474 77.297931 5.564303 52.275381 49.386563 45.814620 -117.409681 12.608005 -49.217238 70.758564 44.070521 41.337463 48.864137 28.305928 79.953493 64.100669 39.247436 50.558115 0.000000 -42.214463 8.715382 83.855474 8.642953 47.059474 -17.247010 0.494146 68.684483 50.005114 64.753642 260.000228 45.851734 -26.288173 57.068008 52.959497 44.340013 0.000000 0.000000 0.000000 0.000000 0.000000 0.000000 0.000000 0.000000 0.000000 0.000000 0.000000 0.000000
0.000000 0.000000 0.000000 0.000000 0.000000 0.000000 0.000000 57.048233 51.778781 77.164698 106.541376 58.053866 284.391169 41.052142 86.535518 35.553024 65.418245 68.697138 57.857428 45.844186 59.498197 239.791174 67.199505 85.024173 50.111678 94.769982 57.521737 45.262032 53.357611 56.373394 81.117490 36.135744 0.000000 -131.488933 120.863525 158.401620 84.869297 105.287367 48.871174 42.222335 70.343760 80.620980 2.213670 -244.443837 77.987314 66.286348 88.018824 88.856687 25.386019 0.000000 0.000000 0.000000 0.000000 0.000000 0.000000 0.000000 0.000000 0.000000 0.000000 0.000000 0.000000
0.000000 0.000000 0.000000 0.000000 0.000000 0.000000 0.000000 68.603176 -61.367645 42.184606 66.141427 32.759193 227.361522 35.486345 108.052892 68.737722 57.440958 27.930052 30.375446 78.487447 -29.198241 -133.864866 -34.874711 66.032161 63.035885 68.372097 52.070448 62.540148 39.886125 51.666792 -65.577563 0.000000 1.071726 109.848923 -61.551969 67.565023 42.858939 60.004113 11.948024 29.112870 33.963600 16.399472 53.045066 -182.582365 50.791654 81.648749 0.292203 27.382670 0.000000 0.000000 0.000000 0.000000 0.000000 0.000000 0.000000 0.000000 0.000000 0.000000 0.000000 0.000000 0.000000
0.000000 0.000000 0.000000 0.000000 0.000000 0.000000 0.000000 46.417604 74.789594 53.417502 76.995210 72.453673 132.308638 60.002893 215.239372 48.542450 108.391929 93.175518 59.133528 56.704815 49.961558 233.246158 53.315531 250.066385 32.040984 189.622163 45.980624 120.795147 52.574896 53.807090 0.000000 -19.838202 126.505784 149.850246 27.015581 127.721953 57.971612 77.706742 38.513131 33.056567 76.079966 52.614493 -304.073394 -379.895610 67.290948 103.934023 0.357930 0.247642 0.000000 0.000000 0.000000 0.000000 0.000000 0.000000 0.000000 0.000000 0.000000 0.000000 0.000000 0.000000 0.000000
0.000000 0.000000 0.000000 0.000000 0.000000 0.000000 0.000000 56.929456 21.522567 79.671419 70.949259 52.226301 -613.255607 53.301254 -176.219932 57.587469 44.951865 94.840737 34.942816 47.968952 35.521045 -99.405063 62.019016 59.915406 39.704202 57.522310 -38.139296 51.644671 -57.382690 -9.776544 0.000000 131.711079 0.704214 54.370870 11.314361 59.529677 0.105329 0.335973 0.268494 0.299077 77.852669 86.306133 174.104716 226.408651 77.540572 80.935177 0.318821 0.000000 0.000000 0.000000 0.000000 0.000000 0.000000 0.000000 0.000000 0.000000 0.000000 0.000000 0.000000 0.000000 0.000000
0.000000 0.000000 0.000000 0.000000 0.000000 0.000000 0.000000 74.355919 51.682638 37.042094 -158.943070 209.838341 -392.747111 0.000000 0.000000 0.000000 -122.834572 30.791857 0.531049 4.173038 72.421689 409.834932 56.451332 50.510567 53.772579 161.873723 50.331621 120.372082 73.807823 0.000000 -25.815279 54.810335 69.495937 136.620494 0.639005 70.084783 0.587324 0.315844 7.464981 44.137031 34.303961 59.668803 -110.203367 -72.659517 60.570019 57.605692 48.064701 0.000000 0.000000 0.000000 0.000000 0.000000 0.000000 0.000000 0.000000 0.000000 0.000000 0.000000 0.000000 0.000000 0.000000
0.000000 0.000000 0.000000 0.000000 0.000000 0.000000 0.000000 0.000000 63.896468 116.784757 69.414081 78.220098 -1020.973836 35.663785 54.458787 0.492764 0.000000 0.000000 126.859914 107.638418 43.681573 -231.454933 40.446791 65.311762 48.697783 83.172771 -194.158751 40.016630 -459.960869 0.000000 16.966170 54.539645 37.071115 65.954771 33.180158 84.612479 0.553204 4.853037 58.210668 59.716520 74.367998 52.747559 112.037541 109.039891 55.469708 64.727680 0.000000 0.000000 0.000000 0.000000 0.000000 0.000000 0.000000 0.000000 0.000000 0.000000 0.000000 0.000000 0.000000 0.000000 0.000000
