geotop/1.0zi/1.0Montebello/Templates/Dripsey/maps/_Erotot0307.asc
ncols         69
nrows         152
xllcorner     146499.907223
yllcorner     75332.943423
cellsize      50.000000
NODATA_value  -9999.0
[rows 26 to 51 of 152, columns 0 to 59 of 69]
0.000000 0.000000 0.000000 0.000000 0.000000 0.000000 0.000000 0.000000 0.000000 0.000000 0.000000 0.000000 73.433377 234.142550 287.722487 264.191680 103.118903 204.135519 180.047122 279.963426 -140.015612 255.956566 -285.871057 176.734723 -506.996951 276.053116 -1032.484426 -246.554849 0.000000 0.000000 0.000000 0.000000 -44.282312 -289.514623 132.653070 68.192727 198.480164 37.745849 48.933345 -31.262212 182.096667 170.363003 79.273758 64.013653 62.717512 33.706577 132.857992 22.801350 175.788189 116.492968 101.075099 222.791942 187.396910 202.804423 103.669508 86.394836 149.393495 123.708754 160.185975 0.000000
0.000000 0.000000 0.000000 0.000000 0.000000 0.000000 0.000000 0.000000 0.000000 0.000000 0.000000 0.000000 208.926669 86.113384 126.472258 202.994057 222.426129 477.759119 237.135299 226.766941 693.488884 158.537097 183.761878 163.506551 338.053450 151.046521 0.000000 0.000000 75.157349 247.874102 282.741876 348.863613 230.602590 110.135486 68.918645 -62.451886 48.162955 115.738503 125.394383 209.830390 188.122578 192.151539 140.093343 270.306795 36.571990 197.724029 203.372053 245.401617 253.525921 188.340511 146.363320 172.990245 107.956906 49.922349 148.758538 150.142318 145.984212 234.644332 90.719746 193.317763
0.000000 0.000000 0.000000 0.000000 0.000000 0.000000 0.000000 0.000000 0.000000 0.000000 0.000000 0.000000 131.142812 195.889263 137.781247 221.555342 85.159807 298.787487 -400.307822 -22.929572 -1185.639511 172.903938 130.453805 -167.364543 -1141.203750 0.000000 197.626218 281.787684 121.138156 111.068619 35.032075 33.615185 36.262141 100.507526 141.158258 214.607707 117.126763 108.332420 196.517404 129.068284 113.999113 -24.497626 147.308651 115.138848 -594.283201 233.204513 157.790139 -626.170666 -28.735684 -18.852081 71.848997 254.638950 -389.816881 -239.918330 121.585710 111.628094 153.768848 -28.753298 128.459024 146.016285
0.000000 0.000000 0.000000 0.000000 0.000000 0.000000 0.000000 0.000000 0.000000 0.000000 0.000000 0.000000 113.398461 168.474293 127.259993 238.942999 196.276482 153.644638 -45.517410 185.778256 200.056962 777.326855 63.319344 -251.377633 0.000000 64.379047 235.900793 324.514685 72.078716 72.794243 117.144390 58.833314 109.286938 245.097039 127.547425 89.564598 122.956884 167.545806 130.442483 201.894076 155.222876 74.315010 73.573668 118.066380 86.354807 167.707058 108.427123 177.437058 44.349948 214.172623 27.437676 139.962159 428.038646 281.915844 220.432776 142.974064 285.148973 73.600317 143.879003 138.742266
0.000000 0.000000 0.000000 0.000000 0.000000 0.000000 0.000000 0.000000 0.000000 0.000000 0.000000 0.000000 77.195250 209.469810 190.800246 199.212211 -289.578863 -127.273340 -182.232062 133.519935 180.678875 -1076.818446 0.000000 0.000000 3.426220 181.580770 69.842298 119.954347 3.517083 29.041684 3.294953 4.586114 36.998736 79.866371 215.332674 -5.675359 171.853160 103.655943 167.122824 101.039159 149.336703 125.550625 -169.684247 91.476941 54.377351 97.520467 273.168376 148.795944 -774.235894 -45.470321 216.792241 221.518368 -89.145445 -383.463148 203.449636 -610.886043 263.411169 5.893144 295.838862 131.202304
0.000000 0.000000 0.000000 0.000000 0.000000 0.000000 0.000000 0.000000 0.000000 0.000000 0.000000 89.985075 121.868657 151.640103 101.543460 185.305533 103.285217 -145.547466 83.268421 304.596292 30.092875 0.000000 142.102306 205.781277 40.352227 126.568430 150.628350 143.813112 29.812032 54.985464 19.673139 12.470470 38.805633 94.708948 204.061983 155.862225 146.380626 149.228742 153.080347 114.270069 77.671221 174.211013 240.273493 239.881272 209.792004 172.529473 274.012296 1021.555277 298.461094 441.743616 174.364042 171.856636 621.128230 194.341341 853.121880 85.484694 175.949896 226.651940 85.362883 145.222484
0.000000 0.000000 0.000000 0.000000 0.000000 0.000000 0.000000 0.000000 0.000000 0.000000 0.000000 272.948146 17.238217 139.275552 209.243322 126.373232 96.216630 121.430249 -200.496350 392.613095 69.179810 0.000000 62.056911 118.888975 97.738182 103.187500 72.347394 169.644725 80.658344 199.798677 217.174159 163.817245 134.143553 158.608561 157.840469 143.588649 152.163111 140.665833 156.476437 134.540322 92.769310 177.798282 174.752305 157.842386 99.148023 80.486890 183.638739 199.855631 -519.148549 159.125580 -1025.245669 113.942554 -1222.239010 -375.929196 547.511298 -82.165154 442.081134 -37.660054 368.381381 61.774198
0.000000 0.000000 0.000000 0.000000 0.000000 0.000000 0.000000 0.000000 0.000000 0.000000 45.928837 191.405929 178.868237 80.609151 201.333553 82.292631 81.484830 47.714243 196.915848 988.051776 157.747106 0.000000 252.727434 248.965414 14.999979 146.011957 105.806038 204.053870 87.616310 142.160915 164.764614 157.205587 169.449812 121.792508 192.026335 147.439064 121.134220 84.628717 106.303657 136.955104 235.176454 191.824427 188.983216 191.408527 543.813452 132.876546 108.758584 185.816927 122.995865 486.093479 193.683524 103.926508 -179.302531 -155.657374 495.678931 42.812719 407.272499 -79.782636 370.813117 115.245628
0.000000 0.000000 0.000000 0.000000 0.000000 0.000000 0.000000 0.000000 0.000000 228.730064 579.280226 104.301042 102.047594 115.814689 99.986780 226.216995 113.980249 126.735118 227.509512 138.661866 -791.032206 0.000000 22.613372 250.022182 64.955602 215.615646 141.874104 182.097083 181.548350 154.683157 80.083644 74.686146 137.664780 123.560292 139.294237 171.941664 117.457505 115.316083 126.184914 133.064077 190.098552 165.743073 -182.125358 419.783959 -486.751189 229.365457 256.799173 76.884183 237.889502 -95.396404 -1229.739662 -784.367909 0.000000 -1315.212278 533.356296 155.572197 278.614402 186.691681 139.172497 180.291825
0.000000 0.000000 0.000000 0.000000 0.000000 0.000000 0.000000 0.000000 121.248361 167.214422 18.357123 9.105882 20.189591 139.451741 73.037897 53.921543 142.744642 160.367624 184.409555 113.578444 225.383338 0.000000 252.231491 256.384751 124.149940 183.282567 243.907283 142.660129 238.223333 196.530215 142.377045 138.878696 112.250923 128.575699 129.195239 176.091679 130.680388 100.680693 123.431107 122.763544 229.032977 110.305736 157.747872 165.306818 21.060416 603.686721 67.074169 104.563477 189.724841 145.230494 264.362636 0.000000 -428.657695 -988.448596 752.734234 112.976159 362.713701 -51.555401 534.585526 77.864550
0.000000 0.000000 0.000000 0.000000 0.000000 0.000000 0.000000 204.008187 150.907528 26.474995 262.682933 216.310758 224.645659 198.908767 113.277588 191.751553 262.613151 235.600630 -117.713530 150.698546 115.636706 0.000000 174.065235 128.801507 221.374298 -319.224795 515.485836 -381.205147 232.160902 -41.959605 188.360509 223.232975 22.270519 78.313010 99.285191 108.997724 81.081178 216.802471 104.965461 175.674979 -4.107611 214.413110 45.523865 703.108362 -532.673278 -158.844321 -1512.056269 -75.036899 176.163215 132.949493 -739.720965 0.000000 75.329676 155.991385 140.855368 164.691864 208.951853 211.488250 28.486260 134.661393
0.000000 0.000000 0.000000 0.000000 0.000000 0.000000 185.987006 111.701357 242.212367 724.600893 399.928660 454.945139 256.112020 171.279769 15.557184 92.697741 194.812336 125.535804 165.893450 363.169248 105.324071 0.000000 244.090780 227.671026 679.410628 296.721212 179.002695 218.069860 197.311413 231.745687 97.228256 89.379358 192.985164 129.450004 137.618928 210.364512 163.387808 108.970194 102.378190 162.620807 96.002865 231.921203 155.924869 160.854738 251.615708 -343.794649 -1108.955938 449.776026 -75.772062 61.428248 0.000000 -558.945426 -140.241430 -684.068028 281.091985 123.022654 119.782726 238.355807 32.114421 126.322320
0.000000 0.000000 0.000000 0.000000 0.000000 171.518641 41.848805 299.236244 -24.623531 492.574572 -5596.473000 -1786.456066 -27.004357 261.309666 70.776454 85.514760 184.133812 235.586728 90.861810 237.010351 -330.707994 0.000000 199.405986 -68.213048 285.013149 -334.550243 829.911959 95.714592 224.127815 -79.928859 164.458890 199.329882 134.691640 42.803828 58.000401 102.007816 36.702913 227.030216 70.507862 101.700049 215.059059 55.335907 229.870695 377.337495 -404.197080 68.316976 -60.012686 108.088162 -1363.340333 0.000000 20.578829 153.635924 262.187190 295.897026 516.720536 154.457739 113.003721 210.913637 154.268100 102.058353
0.000000 0.000000 0.000000 0.000000 0.000000 69.493102 119.962045 251.691076 103.357551 228.097853 -432.633951 -447.565218 -686.665484 -42.549071 145.785941 180.569191 350.974845 155.651785 107.607062 100.505012 351.693288 0.000000 452.102548 -351.800294 274.216892 239.526631 129.046840 159.259373 207.511431 207.700210 84.354276 186.589006 114.981038 132.549627 150.398728 217.096333 170.955893 139.020006 123.786158 251.393552 158.184496 47.113701 228.425277 189.371403 247.905094 148.221171 44.258080 407.783979 0.000000 137.729026 138.573454 -170.928530 88.712303 243.202992 79.608021 108.647245 89.701392 272.402566 589.872966 162.008475
0.000000 0.000000 0.000000 0.000000 191.417195 166.396177 208.715426 383.607401 289.739911 238.774501 210.286589 124.675553 -61.862149 0.000000 259.348096 64.311510 -11.988345 153.166618 198.662876 202.919429 -208.043634 0.000000 55.907045 123.496749 337.655309 186.613450 184.091248 113.082379 158.503248 86.814655 183.800423 120.000569 78.774780 -35.402710 -51.860209 104.040232 100.146364 215.133527 64.157104 131.804374 71.663517 183.976165 5.870542 215.117036 -223.177575 320.564070 -109.960312 130.969045 0.000000 297.062121 4.688801 102.819948 162.969415 214.761880 19.799123 41.732071 155.427485 -453.210597 175.758867 206.422915
0.000000 0.000000 0.000000 128.866626 142.647497 58.687634 200.917919 207.872788 266.675782 98.226955 264.274507 203.057062 6.227728 113.468563 0.000000 0.000000 199.943919 60.107843 88.609662 121.368414 294.013392 0.000000 246.121028 226.938357 76.266689 217.952434 7.434448 166.622501 89.900069 102.652495 154.884323 107.190793 120.533230 180.378510 216.700188 213.408496 27.063691 177.349242 113.773338 315.285445 147.219150 344.681566 263.639399 213.196445 113.616949 131.264006 165.689609 174.377868 0.000000 338.040070 5.273171 34.587853 133.260652 190.650089 30.283610 60.719226 65.171816 537.154834 182.036719 170.391650
0.000000 0.000000 213.668833 89.966309 218.936722 204.004552 66.506960 24.016000 233.207630 109.086251 176.996921 371.743334 245.320949 690.119149 73.583751 138.388037 0.000000 282.777923 18.029210 193.208078 -369.203049 0.000000 323.050285 320.668647 -19.932044 182.134881 46.123958 102.796465 101.930976 139.030419 192.610757 85.802208 61.017270 213.315621 -115.332411 235.266828 -308.470465 150.776142 139.636174 130.906324 -5.912275 165.802722 -372.410562 190.022881 57.614453 176.245035 124.658934 39.100377 0.000000 188.490371 37.801736 248.319618 134.662656 270.251893 89.803520 153.790342 215.595890 -380.438201 146.843640 5.022897
0.000000 0.000000 140.846786 177.938994 97.204102 173.807516 121.702790 95.424201 290.563517 173.093378 89.534698 209.190328 -7.064201 192.937475 108.861023 65.425492 0.000000 72.890900 138.739571 119.295913 0.000000 15.791378 271.095048 287.311981 -23.413416 219.501714 223.924163 144.267043 146.102050 115.121227 162.358342 122.582753 118.970347 171.002883 89.234066 139.458185 446.769009 133.934154 115.966845 121.273926 135.236692 360.819985 230.994563 156.915095 209.045742 222.686512 1.518289 251.610716 97.887176 0.000000 155.692392 272.437694 73.029915 121.007359 53.561574 161.857322 859.357825 211.660508 324.816950 164.714457
0.000000 0.000000 76.744619 174.718427 166.394055 113.344760 117.694818 202.854090 77.028023 227.280909 13.800279 138.902879 197.204331 121.115907 137.306701 200.475493 13.800857 0.000000 -84.042585 0.000000 155.995026 262.100585 46.331293 128.575486 90.915168 -2.918323 135.810116 146.920908 129.296663 169.176901 99.872480 77.525455 -63.384945 186.153516 130.256748 314.109604 -276.565571 253.723272 204.638647 157.097248 112.995374 98.176128 -239.272529 114.342800 -75.529468 171.928133 141.899735 -22.425367 -193.723947 0.000000 -764.116527 169.425538 12.020365 188.909971 297.253689 -451.004948 122.103640 18.981167 191.329405 -164.064746
0.000000 0.000000 86.580563 149.612970 168.846045 139.992350 116.398996 268.547658 46.269048 249.948074 -63.827626 441.450674 -46.696245 536.870832 -419.558672 495.593942 -135.928963 238.040630 0.000000 313.275635 23.862536 124.858744 44.326750 107.209297 415.106353 171.822450 239.261397 138.649773 73.546537 148.917526 149.776373 344.934781 118.368408 129.790465 145.411054 105.975832 122.196955 769.681973 149.242283 141.175492 134.648789 182.783703 119.316770 371.152841 141.538110 321.676596 -229.887438 239.942746 -317.846339 0.000000 -132.301571 351.068066 117.913689 176.797753 815.881993 239.412285 255.597661 167.899141 526.419170 246.799636
0.000000 0.000000 85.109864 127.475076 176.455881 142.890280 110.623751 371.905781 -71.295551 493.002676 -331.866467 684.275766 -111.007813 770.387704 -828.821488 421.165395 213.081641 555.938087 0.000000 64.945030 107.110290 231.280803 156.256511 134.263468 334.927686 157.319911 195.601898 163.887023 252.772261 20.563191 258.540293 -117.417622 134.766250 132.784904 76.564591 209.622461 90.581668 157.673894 -514.964661 129.292250 89.248768 144.832478 66.071241 112.595377 -320.767062 185.646489 207.921888 225.579053 104.939409 -116.159265 0.000000 -315.313431 153.022797 -512.017813 279.475450 30.625318 157.862291 -880.042617 155.117212 -210.185874
0.000000 0.000000 106.971262 120.826236 160.160970 119.210869 15.074491 99.739388 253.318829 158.866655 53.354983 136.583342 275.064704 221.413042 73.465143 175.255506 141.453975 402.106987 -344.991183 0.000000 103.994426 245.628122 421.300035 217.936231 512.967721 349.695047 234.562521 168.309487 260.895332 141.786347 462.800812 113.269534 181.294907 168.888268 165.252267 106.641910 111.099825 178.287293 99.139603 770.743756 174.326245 268.828969 211.682362 302.142613 444.057733 175.668307 141.730324 46.512492 230.230008 151.145857 0.000000 -1426.419692 -181.283027 -917.971025 256.730020 -89.722434 853.877113 -579.043510 367.993161 -390.807643
0.000000 0.000000 151.965545 144.455187 142.291939 118.569199 75.709237 209.249992 54.653278 252.626938 -97.884147 467.466710 140.645354 428.337790 -387.181845 235.280059 -17.856164 897.528700 -814.726943 0.000000 108.530400 -46.562237 250.904677 63.887816 307.565278 218.649466 119.799281 25.150168 163.635522 -274.354933 120.454580 233.298583 87.862571 222.967832 -42.081437 231.834808 53.722360 115.225701 49.383936 466.795343 -66.155322 185.044287 16.784377 68.358292 -1131.303798 190.447475 136.796860 226.941682 106.623876 0.000000 0.000000 0.000000 0.000000 0.000000 0.000000 0.000000 2680.024453 -1537.278058 207.437109 -57.034925
0.000000 0.000000 135.807495 137.164157 153.284145 131.064358 98.898263 215.308141 67.009026 256.595870 -96.692954 505.880613 110.893528 561.317925 -373.687790 245.567890 -175.243000 895.076224 -605.384077 0.000000 -400.465506 -198.662603 347.509446 196.103870 355.489000 226.163537 732.342684 343.500705 1119.202236 175.763122 101.401437 101.842555 154.116305 148.710126 180.862767 155.171681 163.922371 169.652659 132.902699 361.453186 184.861640 613.615912 84.074855 170.674546 -290.036250 81.990006 130.351394 195.447594 -105.370233 0.000000 -392.070374 -1058.927385 117.555630 42.487035 315.280542 177.384883 300.064078 -1947.647110 -169.967820 -88.522625
0.000000 0.000000 156.349534 151.577915 156.185870 151.878613 115.793651 252.556176 81.320891 347.523439 -131.125157 489.276989 221.791306 735.890314 -476.316959 328.701491 -385.478058 733.136921 -459.404558 -576.818838 0.000000 -618.802135 109.129234 -48.885568 231.019643 -147.012225 288.581608 73.233863 334.348860 131.419903 132.147682 228.583782 140.078566 212.684429 -51.344213 246.540664 -252.790067 198.962052 65.422654 215.509343 -18.202884 55.197462 -735.979370 25.142224 -859.813398 212.997664 -127.926711 -136.876907 0.000000 -13.823353 62.422997 101.196644 460.226024 159.224555 125.478438 103.639477 86.125629 233.715223 172.120967 111.474763
0.000000 0.000000 135.561305 135.054321 146.477512 124.835724 107.502566 189.392892 64.080396 302.226472 -32.179389 320.466590 260.755948 670.942668 -400.410792 325.095897 -371.583693 541.363414 -284.198765 -80.860227 -3.197988 0.000000 143.092857 193.678274 427.447124 99.770797 416.229946 119.442899 217.478492 213.923085 126.701580 165.411326 95.617171 200.437742 165.098850 133.275167 128.204426 410.586211 122.391413 318.922420 98.751219 260.093160 -214.548641 580.607257 91.195043 727.066496 -507.638010 0.000000 92.235595 -448.899797 120.692067 -2.072224 184.885895 -109.910967 205.407065 286.320042 200.025915 67.313399 213.139001 281.846143
