geotop/1.0zi/1.0Montebello/Templates/Dripsey/maps/_Erotot0326.asc
ncols         69
nrows         152
xllcorner     146499.907223
yllcorner     75332.943423
cellsize      50.000000
NODATA_value  -9999.0
[rows 52 to 77 of 152, columns 0 to 59 of 69]
0.000000 0.000000 194.148235 161.096980 119.015680 140.830936 125.986396 237.862594 55.410037 316.104295 -157.889407 509.604707 151.077729 606.604281 -469.544233 323.412082 -287.289560 280.719715 -618.029645 237.597458 201.522881 0.000000 56.146124 -144.821207 399.714511 -561.718738 232.292636 -158.542445 167.801817 160.791519 142.604429 227.678670 43.133303 150.237108 120.734703 216.447634 49.968387 124.074631 -105.914777 196.337561 -301.443245 15.110630 -1238.931308 -216.290888 -891.326145 -2203.504654 0.000000 -218.055691 76.575044 4.467811 248.803700 155.687845 260.508421 264.536483 462.060917 174.744347 88.737339 225.899743 17.315081 125.197994
0.000000 0.000000 151.843018 228.682444 145.206935 145.226856 132.991572 237.359727 97.782582 358.075454 -189.209112 175.919837 255.266105 226.066876 122.859801 -97.101053 -505.754090 499.790883 -577.791622 1577.013484 -490.686300 0.000000 -361.437158 -1.236782 652.083236 330.046859 842.394960 132.553113 201.016878 134.287101 99.476484 189.264770 165.441789 119.586083 155.437500 201.139119 172.533212 198.407525 94.072796 318.443254 -67.679004 200.449092 36.574624 222.923122 122.187878 0.000000 -74.720984 -169.610999 178.729371 -17.414408 246.820463 402.950083 302.775578 382.982349 389.582954 154.014954 276.722876 194.212224 142.587783 269.149389
0.000000 0.000000 175.868068 175.948635 117.297000 147.880115 117.758050 289.943064 95.936782 421.469793 -185.602058 550.368813 -168.852959 883.923446 -340.696463 159.055426 -130.208848 140.534516 243.368414 126.751804 37.734152 56.203673 0.000000 -1370.942560 254.315281 -964.487635 826.430837 148.909959 177.091246 130.793511 244.437466 40.588054 137.845180 107.824212 85.423937 118.493425 129.731750 228.177035 -60.591344 179.005287 59.710541 188.486788 103.161323 665.287535 0.000000 214.726566 148.263541 345.361422 263.939826 293.467702 316.745805 372.295015 -62.401232 242.989343 238.792207 249.770539 50.114264 76.856874 174.155386 179.118157
0.000000 0.000000 163.661794 153.053412 52.876927 200.171220 153.997441 50.476827 298.531178 181.541235 156.082187 71.459265 -85.536299 839.409083 -1368.911514 -333.981595 97.542022 27.048206 261.417618 137.386030 237.494377 76.258787 0.000000 -1426.519291 115.351020 334.913830 5.847568 42.082950 207.737370 121.607139 221.190716 180.389834 209.706156 141.579471 175.444578 228.687295 55.635762 218.126678 165.455444 139.178596 219.286985 165.922591 477.491626 178.656266 0.000000 -413.488418 356.295960 136.628602 224.645759 221.818383 341.844134 594.539329 102.478603 242.412680 85.019601 224.709690 162.694602 101.284516 271.991733 297.762605
0.000000 0.000000 208.836029 156.976631 119.878925 32.341141 -5.409471 356.612083 11.707990 449.407284 -144.161406 141.383014 257.008333 803.520659 275.031070 103.793003 149.503829 115.507337 159.917938 158.090903 221.541229 38.363523 134.555892 0.000000 98.849915 377.622386 68.560210 218.414391 184.463699 15.232744 270.794960 70.928306 133.176221 57.273947 24.846905 118.938379 41.638191 172.244330 113.230743 211.094223 190.905540 47.012469 234.687444 -233.109997 0.000000 359.482332 79.541892 213.577829 218.790017 392.828070 58.271474 117.324102 -83.114608 0.486348 8.015251 10.491993 39.871512 77.131794 87.997809 34.851960
0.000000 0.000000 0.000000 94.194859 215.319415 140.670180 136.482895 153.939025 108.136427 216.585472 36.632336 -9.358724 43.114446 146.948968 155.333458 112.182969 218.335093 118.124664 231.990900 130.232087 103.267257 142.721731 213.867243 0.000000 318.979550 148.421040 330.847992 301.708898 701.709216 173.489772 236.959839 186.165444 200.722796 142.516984 168.559151 215.709835 149.866581 150.749715 143.859508 158.813157 99.809576 933.764977 232.686473 0.000000 -181.833026 -56.244983 426.805450 186.492953 277.348989 339.963338 32.610488 77.298339 4.954599 98.018229 59.716454 81.958155 187.833087 158.263776 157.125390 121.965558
0.000000 0.000000 0.000000 197.714452 81.260326 150.403697 221.433868 160.355211 162.432301 169.258126 24.841760 204.836696 207.459915 54.020407 328.365452 211.536085 -226.541762 272.168800 19.373393 358.742367 -194.987615 651.103188 613.713754 -838.971191 0.000000 -129.495850 261.669258 -34.757356 247.712161 241.082716 186.525212 -15.573542 237.412311 40.963995 21.937510 221.838785 -407.551971 111.796007 123.498139 94.586896 142.217346 185.052721 -1262.733124 0.000000 115.047971 139.397688 298.708937 422.738910 64.258061 57.899783 -5.623178 1.778273 4.652498 5.139632 4.888093 4.350077 78.820245 93.423576 239.667401 0.000000
0.000000 0.000000 0.000000 196.407783 133.765308 175.187885 47.863610 193.245278 -322.701343 421.175918 -366.655854 415.606098 102.594819 1943.509484 -697.887348 298.852116 -3073.844601 1364.729546 -368.596892 1254.435110 -1113.190720 185.997647 290.905560 106.302292 0.000000 -109.047032 415.104276 232.345742 519.437745 170.808490 414.617100 174.120383 33.357410 386.253110 407.210215 122.296990 167.665792 834.387051 293.772139 60.031242 128.309317 110.908478 45.948228 0.000000 330.624422 2.509387 333.857497 466.944050 135.199012 108.788298 5.670506 14.822307 3.356365 0.000000 0.000000 0.000000 0.000000 0.000000 0.000000 0.000000
0.000000 0.000000 0.000000 217.068399 60.922634 42.205182 -27.461382 35.293506 148.851469 185.785732 -26.461886 195.562617 -32.784322 670.535903 -247.643443 367.120786 284.533774 178.751469 145.126184 299.452076 1.388901 1277.794415 927.887314 252.811132 0.000000 -1687.795471 39.925322 -7.461904 235.330472 83.383342 270.027208 178.978749 235.374420 -38.803765 -45.090362 197.125862 99.985606 291.346560 -543.169469 296.487900 177.340702 186.017349 0.000000 -43.430185 332.604206 206.388607 271.641247 442.236538 44.729513 42.616386 7.520167 2.603215 0.000000 0.000000 0.000000 0.000000 0.000000 0.000000 0.000000 0.000000
0.000000 0.000000 0.000000 0.000000 0.000000 161.010401 179.479442 263.623170 225.971197 158.174523 229.508748 216.833991 -70.980817 184.863725 112.974531 189.963194 160.460249 240.404157 226.667310 346.962535 -76.427039 -345.161240 497.355717 702.421825 -2849.104779 0.000000 -78.931034 162.612479 538.082449 146.221336 142.974512 232.175696 158.711233 373.296999 512.636385 100.746852 235.064545 215.577546 201.187154 748.794431 198.882365 0.000000 -78.576174 179.192116 181.107755 273.489056 273.402227 374.320693 2.684920 6.757810 4.941903 5.611958 0.000000 0.000000 0.000000 0.000000 0.000000 0.000000 0.000000 0.000000
0.000000 0.000000 0.000000 0.000000 0.000000 0.000000 129.489740 104.389231 85.085791 46.430788 209.170356 140.461525 273.474395 219.062833 109.172135 32.450586 323.557253 145.313595 86.979919 1009.612625 -306.975472 -446.339162 252.834643 232.717561 105.591659 -36.653074 0.000000 -728.194664 200.613238 190.899257 253.151937 -6.268439 234.832988 -124.263460 -136.686939 148.940593 184.559532 216.195262 149.124735 -805.429075 0.000000 284.698694 124.992155 246.276168 125.602327 316.811406 26.475580 119.318582 22.638277 97.719292 3.958677 37.833652 3.741339 0.000000 0.000000 0.000000 0.000000 0.000000 0.000000 0.000000
0.000000 0.000000 0.000000 0.000000 0.000000 0.000000 0.000000 123.024662 116.753809 49.468400 270.906404 191.331503 100.276343 211.599314 117.287982 64.585126 283.226812 -201.297014 4.315967 97.691258 228.777675 219.631574 182.042381 306.525916 -528.903550 -248.088270 0.000000 -401.954973 193.516367 250.914899 807.205306 182.555369 35.490581 657.358808 660.688439 133.869271 137.037982 34.943691 109.434597 0.000000 -38.623034 -851.813167 636.390356 19.009013 231.692432 162.391268 106.983765 314.842639 30.802681 136.486170 112.858289 179.303816 37.027089 0.000000 0.000000 0.000000 0.000000 0.000000 0.000000 0.000000
0.000000 0.000000 0.000000 0.000000 0.000000 0.000000 0.000000 0.000000 60.094523 35.610928 159.937652 166.583234 206.238448 131.100233 145.058916 250.726240 255.978551 174.201203 164.000005 36.333673 317.439828 179.744030 65.548946 1036.397056 230.154488 167.588313 136.543805 0.000000 182.283868 -788.190061 235.111920 317.393330 74.434774 -14.002359 -127.623415 69.712095 170.683324 161.703653 265.366489 0.000000 228.939010 330.331579 47.071797 217.703283 299.649519 63.760037 213.815669 177.979754 292.600298 332.002982 286.452042 238.346622 353.751411 0.000000 0.000000 0.000000 0.000000 0.000000 0.000000 0.000000
0.000000 0.000000 0.000000 0.000000 0.000000 0.000000 0.000000 0.000000 0.000000 19.649379 137.309093 142.809210 212.763279 148.929484 21.406835 324.708652 70.059505 321.607419 -161.658020 627.839062 -286.973218 265.209255 -930.788667 166.426760 181.016961 392.813758 -827.359796 -329.728178 0.000000 -979.417198 186.619914 287.886319 68.807975 663.636613 946.373866 257.044589 304.285502 196.139015 0.000000 155.745139 198.890057 394.930128 7.040655 41.579983 157.065505 146.769035 139.623100 269.519980 202.573578 175.664388 202.356609 116.484984 0.000000 0.000000 0.000000 0.000000 0.000000 0.000000 0.000000 0.000000
0.000000 0.000000 0.000000 0.000000 0.000000 0.000000 0.000000 0.000000 0.000000 137.803056 197.898317 84.074598 249.531649 63.523549 138.515790 4.728105 134.207869 266.655347 205.004122 238.839619 -181.687865 220.850988 89.343047 221.968369 77.770786 605.036742 289.257956 246.884492 79.468346 0.000000 10.781457 145.505101 291.652005 -383.017282 -549.265022 44.685372 -43.590365 0.000000 45.166965 145.354763 120.145906 276.790755 34.256713 221.839916 128.128946 288.421963 109.331924 112.019040 171.702874 116.904072 187.701478 332.013871 0.000000 0.000000 0.000000 0.000000 0.000000 0.000000 0.000000 0.000000
0.000000 0.000000 0.000000 0.000000 0.000000 0.000000 0.000000 0.000000 0.000000 156.166430 148.693130 78.630689 113.858747 127.035004 133.591642 24.808395 217.809396 319.704167 -212.669473 257.824441 186.976706 258.734443 161.895865 91.938726 -163.250129 188.544799 -52.310579 549.804592 -2019.378996 -693.404531 0.000000 66.448376 162.024787 -364.089585 -229.355896 -21.677505 0.000000 -437.509945 242.633185 198.678381 179.518207 189.086360 91.978243 127.914884 115.381588 145.147019 222.069812 162.730186 390.891037 266.702495 261.156025 0.000000 0.000000 0.000000 0.000000 0.000000 0.000000 0.000000 0.000000 0.000000
0.000000 0.000000 0.000000 0.000000 0.000000 0.000000 0.000000 0.000000 0.000000 149.711847 205.433958 261.746689 134.154425 123.361791 206.736207 96.920613 221.644543 190.894389 261.520860 167.490594 -8.090324 8.580950 286.387425 164.775566 182.014583 196.157477 202.851710 355.703490 211.620575 -156.804303 -613.593945 0.000000 -20.478906 -598.812878 -766.877190 -276.174782 0.000000 477.890055 5.407254 253.390512 157.164380 75.369454 183.184523 115.546704 126.891360 -108.639726 302.922040 -331.106202 192.799586 49.492864 0.000000 0.000000 0.000000 0.000000 0.000000 0.000000 0.000000 0.000000 0.000000 0.000000
0.000000 0.000000 0.000000 0.000000 0.000000 0.000000 0.000000 0.000000 0.000000 145.838890 44.525925 269.218181 127.544156 126.938200 123.318494 118.018333 190.821938 98.563454 188.693365 94.758154 129.916327 91.961551 248.864834 164.557218 198.825021 152.742148 229.811061 178.876734 251.386871 252.014955 -324.527626 0.000000 -34.823872 63.885960 222.410991 0.000000 -4.113431 468.783512 5.599028 49.211415 121.657744 247.761291 191.954853 157.717563 296.343978 147.777986 91.290140 -119.995705 156.439868 82.510760 0.000000 0.000000 0.000000 0.000000 0.000000 0.000000 0.000000 0.000000 0.000000 0.000000
0.000000 0.000000 0.000000 0.000000 0.000000 0.000000 0.000000 0.000000 0.000000 224.415578 -129.789387 118.538015 272.086781 116.399584 98.629451 234.574416 156.919140 104.483245 288.255815 183.928229 168.407818 66.539230 142.880668 199.969032 265.720630 233.529079 144.526767 17.339666 225.182794 113.083921 250.581223 226.176779 0.000000 34.639562 0.000000 -206.761517 41.221513 220.130336 108.918752 159.754510 120.424639 -285.230042 150.890890 -132.262618 136.323505 -228.688686 43.375156 -434.175560 170.429743 319.970730 0.000000 0.000000 0.000000 0.000000 0.000000 0.000000 0.000000 0.000000 0.000000 0.000000
0.000000 0.000000 0.000000 0.000000 0.000000 0.000000 0.000000 0.000000 65.440358 89.733898 165.159637 353.973246 101.620072 199.749304 132.744176 329.221353 236.326599 111.309098 -12.901980 202.152680 126.783870 116.095838 192.250033 121.664916 49.414355 215.990534 78.684995 44.589569 249.618329 186.952223 208.854883 123.260038 0.000000 0.000000 0.000000 0.000000 0.000000 0.000000 0.000000 0.000000 0.000000 0.000000 656.195531 -778.209475 445.349469 -446.991976 148.873262 184.174016 212.872808 0.000000 0.000000 0.000000 0.000000 0.000000 0.000000 0.000000 0.000000 0.000000 0.000000 0.000000
0.000000 0.000000 0.000000 0.000000 0.000000 0.000000 0.000000 206.020795 222.580990 170.601999 167.138203 9.299827 83.943643 184.761203 254.419226 185.168594 -167.843255 -845.417311 -393.425528 121.029677 -5.116872 199.289354 209.260458 189.785383 142.488503 103.379701 102.594985 146.795106 101.710725 212.814389 -2.319682 148.449227 -297.876958 0.000000 -222.682175 35.922787 212.853716 256.013814 43.779016 273.731716 293.531787 -46.304405 -38.706240 -519.815379 198.572943 54.510549 72.487209 70.365646 216.295964 0.000000 0.000000 0.000000 0.000000 0.000000 0.000000 0.000000 0.000000 0.000000 0.000000 0.000000
0.000000 0.000000 0.000000 0.000000 0.000000 0.000000 0.000000 160.836962 132.136140 201.014901 112.141255 244.034477 259.869858 138.235995 210.387247 72.106638 175.230414 134.065634 226.077334 1096.864986 185.324605 142.274571 156.931635 85.716622 207.439174 137.659585 170.103252 18.670974 211.284217 163.941846 205.374124 118.042555 0.000000 37.076356 350.414536 -297.761828 368.915913 326.874321 154.443715 332.266576 237.495290 325.345628 10.910329 -960.188556 -54.838673 198.825995 234.322928 171.194086 224.167948 0.000000 0.000000 0.000000 0.000000 0.000000 0.000000 0.000000 0.000000 0.000000 0.000000 0.000000
0.000000 0.000000 0.000000 0.000000 0.000000 0.000000 0.000000 68.025321 149.094685 152.680662 16.179059 208.590990 -360.835081 28.976292 192.687367 261.921967 31.682487 157.941642 173.290390 148.717430 -393.023753 48.519686 -151.862479 238.896944 157.449051 126.003390 150.663378 40.113890 294.798077 205.194828 148.952484 170.311283 0.000000 -35.830041 185.730869 397.002687 -72.779139 45.805004 -32.834636 5.614414 52.764944 113.961921 155.224749 802.207274 150.610362 21.297914 175.943595 146.830242 85.179831 0.000000 0.000000 0.000000 0.000000 0.000000 0.000000 0.000000 0.000000 0.000000 0.000000 0.000000
0.000000 0.000000 0.000000 0.000000 0.000000 0.000000 0.000000 177.164042 127.745999 251.372399 258.221521 193.939818 802.737907 96.464854 217.620651 67.796720 206.045912 191.357332 190.733211 119.950947 198.219486 698.610851 222.183926 223.660513 170.427910 281.729954 160.274615 99.042689 189.617647 157.341320 280.539251 134.834744 0.000000 14.370813 344.415957 474.222081 95.461043 206.277674 57.443252 63.082571 249.162295 262.175039 65.502917 -746.161006 266.943360 316.173088 218.167313 195.740876 28.272106 0.000000 0.000000 0.000000 0.000000 0.000000 0.000000 0.000000 0.000000 0.000000 0.000000 0.000000
0.000000 0.000000 0.000000 0.000000 0.000000 0.000000 0.000000 225.787800 -160.058529 145.689788 208.881331 78.466353 671.161320 90.298391 292.660958 238.661398 198.454418 104.197337 108.120642 272.080542 -98.748585 -368.035285 -105.870409 221.798949 169.625050 205.222420 171.129497 206.592524 171.758716 148.249009 -152.039791 0.000000 235.194817 321.469103 -135.004418 72.408714 44.059510 67.076138 15.410398 32.981485 52.330180 9.972953 214.290298 -508.562181 231.569039 131.900582 1.298619 30.434293 0.000000 0.000000 0.000000 0.000000 0.000000 0.000000 0.000000 0.000000 0.000000 0.000000 0.000000 0.000000
0.000000 0.000000 0.000000 0.000000 0.000000 0.000000 0.000000 131.403897 172.123319 157.272497 227.966631 235.810374 588.262923 160.048795 590.566682 123.132929 326.992676 260.295935 170.940888 150.001795 166.997466 722.127627 155.976754 691.745063 95.688824 517.304666 139.438205 355.430168 170.692266 166.983563 0.000000 21.198582 445.740743 341.122201 23.267083 215.159278 64.124996 87.845457 44.694514 37.605038 182.984275 165.069342 -878.293674 -1005.215726 282.142844 202.668013 4.097748 3.267494 0.000000 0.000000 0.000000 0.000000 0.000000 0.000000 0.000000 0.000000 0.000000 0.000000 0.000000 0.000000
