geotop/1.0zi/1.0Montebello/Templates/Duarriglenew/0aspect.grass
north:109988.025579
south:85388.025579
east:125755.058093
west:110555.058093
rows:123
cols:76
[rows 54 to 80 of 123, columns 0 to 60 of 76]
* * * * * * * * * * * 32.648860 12.377470 31.148050 50.508720 57.882400 61.794910 64.775350 67.621350 69.507130 48.317190 38.277460 45.525580 62.000590 81.646330 227.996500 224.097500 208.454700 221.932400 218.615200 198.845100 188.469200 217.200900 258.803900 281.101500 290.069100 180.585000 146.620200 117.613700 108.878200 113.217700 155.134400 273.943300 274.959300 257.839800 221.758900 176.741800 147.007300 138.924500 117.957800 81.701720 55.635030 32.061600 28.991460 39.590550 51.838250 57.999350 56.446940 59.963610 74.390190 80.686550
* * * * * * * * * * * * * 94.762820 77.542240 73.509650 73.431880 69.470090 59.894070 40.661030 25.632300 60.377840 90.276510 90.355510 85.089350 161.983900 218.804800 209.994600 223.200600 225.518400 219.116900 253.048100 290.606700 297.986000 295.336300 168.011200 149.026000 157.268300 146.124300 134.332600 133.823200 226.760500 274.196500 268.079200 225.456100 196.030900 169.808100 151.254600 155.207000 160.688600 131.062000 55.771470 28.452130 44.032710 59.806230 68.331990 72.387980 80.912270 94.493900 97.816370 82.237490
* * * * * * * * * * * * * 58.285150 49.600820 48.881180 46.710990 38.435640 33.110900 41.161890 81.352780 110.900200 112.573500 99.615960 83.087630 84.404090 224.413300 240.660600 254.517700 275.003900 305.031000 321.079300 316.396100 313.951500 172.485000 148.242000 152.105500 161.735300 160.408000 153.017100 166.714500 264.097000 272.064200 233.965400 185.972800 179.593800 170.340800 156.744700 160.337200 178.479900 189.014400 206.597100 22.517280 50.604750 55.882510 56.439040 60.469660 65.228540 61.219490 49.281200 51.518410
* * * * * * * * * * * * * * 25.896820 34.613150 43.085500 39.125020 39.520510 59.418950 76.361050 79.263370 64.749800 47.557160 51.547320 60.561910 59.174450 260.482200 274.673600 287.922500 299.895400 313.482200 309.744800 129.658100 136.700100 141.462900 145.672300 159.077100 163.315600 164.242200 259.747900 288.267000 267.586800 182.184200 173.260200 171.204100 173.980800 166.086000 170.163500 234.370200 281.154000 296.513700 311.478100 84.620040 87.395040 88.008180 85.795750 75.361690 54.423860 41.812150 52.183830
* * * * * * * * * * * * * 108.490200 148.774500 155.122900 135.530000 129.188500 114.634700 80.930650 57.433070 36.247120 27.320840 33.331220 54.004280 73.498150 85.721810 254.048300 260.488300 261.588100 255.756600 247.761400 243.063100 105.883800 89.184210 92.429110 106.090200 134.420300 155.653100 216.427400 270.830000 267.772100 170.974700 154.197800 168.799400 169.678200 183.296600 187.710100 207.406200 259.490400 268.980300 196.116400 176.453700 133.949600 107.742700 92.377600 70.095950 38.647570 24.773780 25.088540 33.368800
* * * * * * * * * * * * 59.689930 63.423710 91.703490 112.149400 115.987400 126.376600 146.507800 138.178400 97.622770 61.028910 53.156640 65.386550 81.459730 92.007290 98.103780 256.035700 257.642300 246.693800 236.282900 234.697400 243.905700 11.776450 55.462230 66.646230 74.907630 85.146740 117.277900 234.526400 242.097900 207.441700 174.171500 157.390700 163.749300 170.730500 189.613700 207.868400 228.967700 242.182200 200.111400 164.804400 173.300400 160.403900 118.387800 58.777540 22.891600 6.011332 7.267502 12.995410 18.371060
* * * * * * * * * * * * 36.762840 28.390700 31.792910 49.535480 75.581790 99.271120 131.069000 161.001200 163.861700 167.006500 159.075200 126.730400 105.154000 102.469800 109.470100 254.451000 255.720300 240.132300 233.242500 238.717200 245.215900 232.644000 104.520700 96.020680 92.031360 92.340170 99.983010 205.510600 209.461300 189.434500 182.173200 177.343800 177.509100 186.889200 258.460500 289.807700 302.305500 309.440100 90.240070 120.141800 147.941200 164.666900 169.973900 185.478700 326.299900 337.628300 353.125900 14.217920 30.586460
* * * * * * * * * * * * * 41.323070 78.050450 103.461600 113.786700 99.529340 74.573700 64.247050 93.431650 137.928600 164.332300 158.199800 117.450400 100.624200 99.704250 269.715700 265.323500 251.487500 245.799100 251.075200 249.282200 208.789300 139.331900 125.687300 116.196400 110.289200 114.320500 149.819200 187.593800 200.068800 208.161100 244.715300 305.689200 328.217900 334.664400 335.934100 340.335600 357.056500 29.319350 53.990540 80.524740 120.671900 165.957400 198.308100 226.410900 247.130000 248.908900 116.901700 109.314100
* * * * * * * * * * * * * * 130.109000 103.940700 81.178280 31.304240 17.803490 17.295400 28.627090 47.939610 77.598510 144.976300 132.953200 109.690600 103.903400 264.836600 264.917500 264.753300 265.363400 259.693500 239.861300 190.762000 148.402000 137.129700 128.697400 115.544300 112.438500 125.483000 194.336300 272.173600 309.723400 330.771100 330.563700 325.175300 327.986600 334.713600 0.104018 55.381170 89.643000 98.268810 99.784320 102.118900 122.927900 188.126000 221.304700 223.167600 199.127600 154.191700 133.015700
* * * * * * * * * * * * * * 104.532600 84.879780 46.996700 10.682900 12.430290 24.265680 50.481720 62.028210 62.064770 61.651540 81.962860 86.703600 89.941570 230.516700 237.493900 231.491900 231.880300 228.147700 212.976200 187.704100 156.816000 146.240300 145.989700 144.906100 133.525200 127.343000 268.207800 290.473700 303.003900 316.905300 318.397800 296.424400 269.412100 194.698000 149.811000 153.697400 151.192000 131.509600 119.705500 116.255100 115.945700 150.108100 212.416500 218.741200 189.276400 154.795700 135.861600
* * * * * * * * * * * * * * 133.039700 133.044400 153.574100 170.069300 170.793900 167.270500 120.600500 89.432950 68.311220 44.824620 37.347420 33.614180 44.309630 81.821130 219.444000 214.931100 214.805600 216.172100 208.899600 191.421800 166.322300 152.322200 148.132800 146.502200 147.883300 201.659000 298.489600 304.607500 304.482900 300.596900 299.113200 285.743300 209.118500 156.037900 148.013200 158.170000 165.119600 144.175500 119.685000 117.584800 123.957700 126.475600 187.597600 205.143000 183.399000 167.319300 152.427300
* * * * * * * * * * * * * 140.745200 136.199100 144.470200 162.323500 174.826800 175.294200 176.640600 136.104200 85.288940 57.840020 41.037050 37.820320 34.364540 54.615910 69.352990 177.658800 222.506500 223.950200 216.751100 205.220000 195.038900 177.810500 155.144000 146.750000 130.936300 145.498000 292.316400 301.304400 303.248200 273.737900 239.561500 236.013100 220.665500 154.215600 133.493200 133.627000 150.911400 174.051400 154.314500 116.644800 112.578800 131.521400 153.619900 160.101100 177.560100 183.629100 195.231400 181.501800
* * * * * * * * * 126.243700 208.584600 218.306600 191.542400 149.302100 125.127700 126.643800 153.282200 173.858000 179.067500 191.121300 176.043200 104.690200 79.295620 86.341310 95.906620 100.048200 92.605930 85.348720 85.838600 224.100800 218.417200 209.422500 210.261400 206.973300 183.734700 161.362000 159.352800 138.350400 248.597600 273.387100 257.286300 211.967200 200.775700 213.936600 217.328300 201.264900 158.069000 124.233700 110.367700 129.028500 163.042200 172.484800 155.678800 129.170400 129.942000 160.123400 181.054400 158.764200 172.195900 215.177900 198.974100
* * * * * * * * 118.211600 118.007100 175.455900 206.303800 190.915100 160.564600 112.503600 103.950500 127.191200 160.200300 176.311800 192.575000 186.510900 169.592300 151.034700 146.008000 151.853900 142.868900 116.140000 97.355480 83.878390 141.577000 203.950700 218.961900 228.488600 205.889200 168.685600 166.494300 180.210400 164.496200 263.816100 241.648300 215.989300 202.810500 212.019000 223.253600 219.581300 199.287700 170.640700 140.471600 126.198500 124.571500 137.999000 163.782100 161.552600 148.868300 143.319500 152.855500 191.466200 199.491800 153.850600 186.284000 191.480300
* * * * * * * * 116.291200 107.398600 137.266500 198.684600 217.181400 208.036100 96.520540 92.047730 98.513240 123.848000 156.980700 182.018200 181.782400 170.832600 160.615700 159.159700 167.803300 151.934400 119.958900 97.588450 57.433590 27.153050 26.320850 229.271600 214.026900 189.763500 165.968300 208.023500 304.118300 335.776600 346.877200 296.568600 250.472100 244.673900 245.390400 236.293200 216.955100 192.929900 178.170900 154.805100 138.818100 132.960000 117.259600 109.374300 111.778700 104.468500 83.815860 84.554230 160.011700 214.455000 207.805300 122.594500 163.572900
* * * * * * * * 90.248290 100.222400 106.258200 231.586000 280.788000 324.687300 79.990970 94.274770 101.088000 111.221500 128.422500 160.231400 175.653100 165.501800 158.705600 166.176900 179.100700 170.649400 129.111600 93.316460 25.878200 17.322300 42.531750 78.604000 190.039300 202.233400 236.416300 297.306000 310.762900 331.853000 2.764367 11.470410 323.578600 288.992200 259.825700 232.332700 198.479000 178.205000 175.375800 167.600000 152.025800 148.327500 148.994800 63.580660 33.384800 27.122980 28.668080 44.990040 61.355300 170.736500 199.409800 156.974900 138.606100
* * * * * * * 125.638500 114.577900 121.883400 118.030400 264.360300 270.377700 169.647900 124.937100 121.926000 124.719000 128.883400 126.315900 119.595500 123.705400 84.443920 43.681980 41.818050 96.424630 163.253300 156.386100 129.625400 155.342100 169.221100 134.731500 107.281000 127.067200 282.420700 297.648300 294.136000 293.118800 301.781700 8.086383 49.056630 354.260400 254.056400 214.231600 212.816600 180.181000 157.150600 163.553700 170.360700 171.125500 173.294500 197.585300 237.918600 49.896400 87.683000 107.630500 105.570400 86.758520 88.856460 158.612500 166.111700 149.030900
* * * * * 155.519700 163.550200 146.005400 135.139500 133.114500 144.675800 213.371300 211.200500 164.595900 138.045400 126.094900 125.769600 123.660600 83.271700 21.006390 1.648279 359.161100 8.043306 24.507880 35.136410 39.296360 24.910630 64.952360 88.048260 109.774600 87.428500 84.023330 57.553920 281.452900 294.860600 302.291000 303.454800 283.760600 146.104000 105.703200 118.845800 178.766400 192.643800 215.657200 190.866600 110.616500 116.894500 147.331500 181.426500 201.906300 202.349300 200.106800 179.955700 134.474300 124.533800 123.013900 94.364590 77.600760 90.416050 129.916600 154.498700
* * * * * 182.307100 168.485200 155.034100 139.035200 113.977400 113.750000 192.700600 185.610000 161.373200 148.886000 123.191100 95.327020 39.773350 14.182540 356.005500 346.303300 349.799600 15.607280 39.966390 40.860530 28.495820 15.270850 19.447310 16.635880 6.727243 19.252670 57.065560 45.345410 285.009000 292.023500 291.719500 285.530800 236.455600 143.591500 116.365500 119.006900 141.688200 180.071100 214.819100 208.709000 122.630900 102.033100 112.770500 165.648800 199.470100 192.877200 188.066000 185.456500 150.425600 134.021300 141.681400 109.648900 100.054700 102.469100 113.049300 169.135700
* * * * * 175.099500 166.912000 167.460800 164.408200 118.063900 71.310780 54.026700 106.921100 118.704800 114.248700 67.246320 42.202770 23.357610 11.304240 351.739900 334.423700 322.611700 33.188560 51.612070 40.451610 22.104330 19.711070 21.038750 13.712730 26.835100 62.720250 86.732540 84.190690 276.120000 272.120000 253.625500 226.155300 185.003500 160.998700 134.466900 130.667800 131.108900 155.533200 206.351000 200.872700 157.360700 120.682500 98.878770 109.763600 169.428200 187.919300 186.469800 180.381200 166.037300 163.776300 172.421000 150.169500 125.551000 112.359200 113.115300 291.912000
* * * * * 160.188800 153.710400 168.048400 185.658300 175.269700 142.652700 112.438800 82.185010 54.474990 28.471870 29.806350 43.122380 34.742090 17.118960 11.838390 96.186930 201.129500 218.159800 56.204240 43.051580 28.320630 31.554800 47.773220 81.862210 117.618100 122.706200 106.217100 144.723500 256.218300 254.575000 245.401800 215.427600 190.631600 178.346700 141.298900 138.827100 144.156000 150.033500 216.996700 200.989600 151.215000 103.445900 89.834750 94.892680 115.469200 165.603800 177.257000 170.454900 171.332400 185.485000 186.401900 147.995700 121.729500 111.204200 106.354200 291.830100
* * * * * 157.477100 138.161200 159.202400 194.291400 189.377300 172.438400 155.978500 139.171200 138.384900 151.459900 153.528100 120.011900 71.917460 63.404750 100.600700 121.346100 182.411400 226.967200 155.594100 90.036450 89.623710 67.559290 76.213950 97.781070 115.732400 120.279700 101.365100 122.813400 255.416800 257.505700 228.185100 205.133000 202.452100 188.090900 147.248000 127.875700 139.437500 184.392100 260.144300 66.830250 132.413700 143.807900 130.820000 116.641500 102.586900 107.751900 137.468100 150.576500 164.191200 201.534800 202.457700 146.456200 126.947900 119.789100 206.739000 273.577700
* * * * * 164.491400 134.647300 147.771000 193.686200 193.878800 181.495200 162.062800 144.503700 146.140600 162.715200 180.589600 183.543800 170.218000 152.754900 145.429400 134.576900 171.021000 211.592800 191.642300 152.864100 151.437900 172.927800 117.793600 96.329620 96.744780 97.878500 77.143680 66.797550 261.261700 244.953200 196.625800 204.143400 200.574800 183.800800 173.194000 157.068400 145.523000 190.263200 211.003600 169.211200 149.192900 159.339600 152.021500 117.983600 90.618460 75.901410 72.485860 69.477230 72.978380 201.871500 186.833400 153.498100 136.984200 131.686000 263.136500 269.632600
* * * * * 118.009300 117.417800 125.664000 174.067700 187.360700 180.853100 168.112500 153.655700 146.026300 155.353200 179.736500 191.713000 186.945300 162.105100 147.551600 138.368200 152.572500 184.071800 187.768300 178.586900 167.662400 178.943300 168.707500 94.883190 70.060710 69.346620 59.666980 68.418690 244.252700 235.244900 202.758600 200.605500 183.763900 178.387600 181.095200 184.181100 170.814700 163.022900 181.415400 175.451400 160.690700 172.331100 181.312300 138.275200 70.474620 61.458420 55.462970 40.565290 31.944310 41.650040 100.665700 129.502600 129.488900 144.456400 284.999800 289.011700
* * * * 85.633600 83.490970 98.122240 94.307940 92.988080 146.532400 167.919000 162.998100 136.343700 72.699760 60.635080 93.437570 188.515400 215.448000 189.422400 103.279500 113.721900 126.847800 146.517100 174.870100 186.524600 180.157100 186.585100 202.261500 157.705700 88.359290 83.719050 86.590560 90.506900 128.957300 228.449800 210.409300 185.116600 172.788600 181.404300 208.581400 244.190200 196.156000 121.262200 146.948100 180.360900 189.144200 250.902300 307.424900 343.905900 15.641810 38.729950 46.661910 53.401510 64.475820 71.014540 76.489300 88.066210 110.926200 253.554800 282.710300 286.550200
* * * * 118.942700 101.249100 87.003110 42.929450 33.125200 46.326650 30.333970 358.838000 4.279743 28.662020 48.828310 59.470130 70.430850 230.316600 212.831100 133.920400 116.978500 121.754000 120.296400 135.488900 174.594600 190.720500 214.840400 214.622500 180.683200 137.243200 113.503800 121.887500 108.039700 106.751400 215.912600 207.502100 186.819300 197.412200 273.878100 287.248600 280.454100 62.676720 87.308670 85.838460 207.022800 270.925400 294.049500 313.754800 333.951200 45.999970 81.219910 89.434510 103.259300 126.092200 141.130300 128.425300 115.303000 118.213500 268.578300 274.039100 259.329100
* * * 124.257500 149.316100 142.479200 103.468200 28.921150 48.513020 34.823980 7.898602 3.519932 40.706330 89.918580 99.383480 89.429800 86.674620 153.211200 185.493500 171.368600 149.491700 146.030300 147.679300 148.998200 150.301900 194.515300 222.870000 193.729100 175.896100 158.557800 132.981100 137.719200 139.649500 127.637700 175.641500 206.996400 209.658500 235.858000 245.688700 232.011600 221.842400 190.477600 114.186000 106.361600 173.806500 248.804600 238.725900 205.701000 179.792900 162.785600 150.308700 133.976700 120.571000 122.450400 133.714900 136.422800 127.015500 124.870800 275.126900 266.458900 229.064800
