geotop/1.0zi/1.0Montebello/Templates/Duarriglenew/0aspect.grass
north:109988.025579
south:85388.025579
east:125755.058093
west:110555.058093
rows:123
cols:76
[rows 81 to 107 of 123, columns 0 to 60 of 76]
* * * * 177.087900 181.479900 180.465200 183.685800 156.752000 337.289500 0.409298 69.246890 104.237100 119.537900 133.822200 132.468900 124.064900 130.840500 158.651100 169.827000 157.629900 157.641900 164.849200 164.866000 162.162300 184.993300 199.537100 180.908300 177.256200 174.045100 149.783600 137.795000 147.863800 109.196100 99.320760 213.998600 222.230300 219.773400 209.197000 203.627700 218.497400 206.724600 139.001600 137.316200 187.547900 205.485200 194.567700 184.550100 175.304600 167.578800 163.808700 154.152300 133.144700 122.212800 116.127400 120.519800 126.281200 164.140700 243.678500 225.518200 193.268500
* * * 170.757400 195.280900 200.133600 196.204100 191.536500 199.273700 216.748600 174.501200 121.321600 111.632300 117.859200 132.282500 138.603900 135.016500 126.438400 128.068600 142.012000 144.482700 145.810000 175.213300 342.081500 1.749949 8.812735 18.169780 101.311900 162.055300 173.934600 95.082660 32.885210 356.778400 15.145040 42.852420 40.933670 207.790000 210.547000 200.520300 213.578900 226.242800 197.143600 145.877900 150.092400 180.470200 177.609300 182.061200 182.590100 176.899100 173.998100 169.553100 165.618000 149.017200 139.889200 132.913400 125.284700 121.214400 160.752400 247.971600 219.686900 174.412600
* * * 154.777400 172.031300 204.766700 205.578800 191.035700 191.080200 197.967200 188.804400 129.051800 88.373870 80.154680 82.180070 89.100590 91.510340 92.577010 98.026170 98.667020 20.294910 351.678000 338.837800 337.141600 0.182994 20.648930 32.983300 37.016120 5.659287 351.677400 354.531500 357.646800 357.840800 17.715300 28.019450 29.714780 47.544670 162.079300 182.860300 206.954100 204.519500 182.280700 163.273100 158.100400 172.763300 173.986000 178.414300 183.338300 178.165700 177.124400 173.557500 171.386000 158.935500 151.387400 82.527800 36.090950 29.966190 354.629300 321.377600 0.980429 38.885580
* * * 148.614500 149.542000 198.532900 229.561800 235.386700 143.872900 189.244900 210.629600 178.951800 92.783840 79.849800 80.826630 85.840530 94.167920 103.620400 101.463600 0.814645 336.377600 348.122100 338.036600 337.999500 26.900960 61.284420 65.616360 44.247470 353.667400 336.103400 341.871500 352.359600 2.650471 18.007630 27.071940 35.651670 41.718700 38.974240 45.849950 170.430500 185.740400 175.381200 165.551800 155.532200 161.081700 167.671700 159.160600 177.369100 189.179900 184.140500 146.960300 11.556160 30.239930 342.434600 344.206900 10.683920 33.561290 355.832500 305.866300 19.089680 17.081610
* * 42.307680 57.296880 80.940570 157.389300 230.906200 220.589800 137.098400 173.625500 213.969600 183.653200 157.077000 136.640700 128.448000 131.517200 125.248900 118.334600 67.459080 316.058200 323.431200 344.484200 342.742400 356.775800 37.956890 45.477030 41.805030 28.011940 348.554000 317.451400 321.710000 342.077900 5.530493 34.571240 50.656610 48.091240 39.507200 34.266370 32.116440 36.985680 27.757670 11.396400 22.923380 9.689568 1.731354 9.295761 28.882100 31.482040 319.060000 325.282300 343.636300 358.278600 7.360439 356.327800 321.723100 25.384690 71.008630 6.547728 292.384100 21.648480 359.959000
* * 35.337310 42.572070 48.854620 59.453520 195.171600 193.805400 168.945500 181.732800 189.071100 169.067000 166.150600 161.132000 151.488300 151.252300 140.411700 111.354700 310.992900 305.742500 311.551500 331.256200 345.623500 8.220950 31.648050 38.241760 38.305390 36.951810 3.179016 293.138900 265.003900 226.266800 181.991600 88.220020 68.848230 51.834630 44.732890 48.447250 55.299100 63.968530 11.995470 345.984900 8.872363 1.943851 359.625000 13.549010 29.587840 28.303650 345.021400 270.587800 272.231300 332.715300 59.850020 100.323200 170.482300 174.935400 121.078700 304.799600 294.556700 24.694570 357.605700
* * * 40.908750 54.136170 54.428170 97.700060 166.841400 177.133500 183.595000 173.314800 156.319600 157.065000 163.433700 140.119900 126.250900 121.550600 326.555800 301.853200 297.243500 301.237100 311.229200 330.989700 15.194810 41.140930 42.786020 44.507970 46.395690 27.361480 317.242600 223.910400 214.683500 232.523100 74.931830 76.278950 76.220860 82.625760 98.609830 102.668500 77.791050 344.535700 327.757600 11.046220 7.123431 3.739596 37.547210 49.290930 40.376130 36.353380 248.700800 219.108400 188.973900 162.321700 136.596300 145.698800 167.161300 161.858600 291.943300 302.831000 32.895090 352.369600
* * * * * * * 99.742050 342.117700 19.178970 75.915910 74.868780 36.863220 5.407369 28.387200 44.865280 17.342280 305.977600 292.158800 282.222600 272.955100 265.130200 250.644200 129.739700 84.716180 71.558930 66.987190 59.858930 47.480460 55.589650 142.948400 196.558100 202.314500 167.949400 141.586400 139.865400 131.347900 125.090400 126.390400 13.161420 339.790500 340.210800 65.117760 118.837900 156.439600 135.884400 104.970500 86.685720 64.360460 8.571794 287.490900 186.052400 153.377600 130.720200 119.174400 125.340900 280.487700 282.985200 296.752700 44.708090 348.856200
* * * * * * * * * 29.638800 39.866570 23.593240 10.672390 4.284520 36.745530 57.971360 4.384972 304.397200 292.152300 277.627800 260.859800 242.154600 221.304900 165.393900 137.637200 127.558700 116.757200 102.248800 94.763910 104.746300 125.557400 163.910800 177.626800 171.106000 162.662500 162.403800 140.888100 87.557400 12.697840 341.549500 338.360300 15.729080 66.887570 83.595310 95.780180 92.313150 84.685780 69.154750 10.101940 350.480700 0.679459 24.237090 50.181620 72.295380 75.568270 8.016229 291.377200 279.279900 288.066100 58.036050 0.933776
* * * * * * * * * 66.091420 54.280900 17.771280 5.002022 11.658030 57.043690 68.370870 328.848100 304.128800 302.143600 298.004700 296.865000 302.450100 287.330900 113.362600 104.590700 102.924400 80.547870 53.123340 60.316150 70.061820 73.321450 91.192740 124.382800 149.760000 120.738300 9.279010 3.784650 7.721677 6.731239 3.959849 351.216800 11.081610 37.992290 30.332520 18.893950 24.589600 33.078890 25.084990 345.443300 334.823300 6.952221 54.435920 76.267860 83.615980 71.621450 335.383700 296.283500 284.290300 294.784100 61.214530 9.422940
* * * * * * * * * 39.571890 19.104390 3.754044 5.718364 28.695020 61.605430 48.680550 324.660800 296.615400 303.665000 314.123800 322.132900 344.582100 5.404896 25.293200 44.414780 28.220000 6.249902 12.681760 34.093700 45.386690 45.317110 54.177980 30.158630 0.608101 357.707200 349.457600 358.220900 7.687553 11.286180 6.247304 355.086400 3.139522 18.128390 19.927510 27.451860 36.736430 38.287700 27.727280 334.087200 323.637000 61.544640 97.530530 106.431700 105.233100 57.014970 320.007400 307.669200 295.808700 312.655700 44.036070 6.336919
* * * * * * * * * 346.800000 2.897918 11.108080 23.200380 44.878670 52.942620 42.558360 335.355800 287.907300 288.331700 293.499600 297.539900 326.204900 14.012730 23.458910 21.571920 10.719800 4.445185 25.200550 55.135030 59.141320 54.421500 53.484440 5.201350 348.698300 359.174200 346.534800 5.351885 22.698360 10.002330 354.885600 353.955200 13.844280 28.812590 30.311500 45.476060 47.464470 39.037260 19.930810 336.967900 355.646100 82.968330 92.262030 79.939660 50.642240 348.207200 320.536700 312.305000 303.343400 319.924400 31.175500 22.470980
* * * * * * * * * 18.736290 21.558830 50.586040 68.442540 72.928370 74.775920 72.166430 329.968200 291.444100 281.194500 270.548000 265.158300 268.591900 358.853800 22.349020 21.952130 38.000820 78.383650 113.174300 110.167900 93.038250 80.007580 66.482250 331.820600 332.653200 5.975525 357.415800 15.955870 40.384460 11.729740 342.721900 3.008302 61.888750 66.721800 26.516040 43.732230 41.796090 27.692830 10.379220 344.837400 24.377370 68.527480 68.386120 48.024350 15.087460 336.975600 325.881500 316.075000 307.764400 323.508900 25.569590 25.047010
* * * * * * * * * 148.664800 122.885100 116.468600 119.346500 121.374000 115.053500 108.419400 292.585400 292.600200 289.516400 282.491900 278.396300 276.803200 289.051700 19.971590 91.876460 106.606000 118.852200 125.636400 122.359600 117.481600 100.571500 37.148710 322.953700 331.072500 11.745700 11.260060 28.678850 31.529540 2.777047 353.835200 18.643700 32.639920 18.897310 8.594581 33.381790 33.630520 17.927690 12.378540 7.171518 50.490810 64.787750 46.969540 30.295730 356.280300 330.070300 326.770800 319.508600 315.664400 339.541500 15.378170 *
* * * * * * * 79.997120 58.832110 149.545300 110.859400 91.823060 89.528370 92.523740 86.719600 45.436390 294.347000 285.961500 287.203900 283.963900 273.338800 262.225600 252.841200 126.260100 89.899570 94.896100 106.327300 121.211600 121.649100 114.248400 74.904290 334.043400 321.791300 344.034300 9.931231 11.298970 12.291640 8.286919 1.131261 5.585835 19.615110 17.190280 13.544320 20.355200 23.171690 12.142790 10.572160 20.120840 33.599880 49.353450 40.921330 34.995450 23.576730 343.840800 326.635900 328.873500 325.261500 319.456300 335.375500 * *
* * * * * * * 19.307390 42.206800 23.645370 37.603750 58.681530 61.940860 62.570590 51.704330 356.726200 319.945300 294.119000 286.568400 289.233600 285.779400 284.214500 291.052200 350.845700 70.472660 83.750430 86.669870 80.414010 74.062800 51.974030 355.035500 321.368800 310.558600 336.534200 8.689725 9.076003 1.038953 2.110306 5.999442 15.227290 23.562660 18.726780 16.368140 18.927460 11.428540 2.995980 10.127350 28.178860 35.650410 23.805030 16.540690 20.920910 12.497990 349.962300 333.598100 333.809700 337.056800 328.081200 * * *
* * * * * * * 39.452680 50.861560 6.469951 44.247800 65.401160 67.611370 66.914020 28.019920 339.693200 332.552600 312.897800 286.824600 296.613100 314.430800 329.148500 328.641200 359.114000 64.529590 73.778790 63.791650 48.832730 52.457660 12.968060 344.506800 327.650600 299.225900 311.298300 358.011200 4.936143 354.913700 4.186968 18.492760 30.351460 34.872360 20.507240 15.733450 12.855750 6.211021 6.065779 12.365920 26.518500 23.571550 12.235050 20.033190 17.233650 5.594677 0.116870 347.096600 345.876100 10.039890 69.119550 * * *
* * * * * * * * * * 76.218910 80.637370 72.372220 59.679060 356.593300 332.888800 336.148300 346.109300 295.887100 292.126600 316.092600 345.178300 349.155200 12.603850 58.998130 63.319750 63.051070 71.348270 69.891840 343.339300 336.090700 335.955000 296.787900 292.387000 326.305800 353.066700 351.964200 11.795270 35.812350 45.244580 36.350090 11.374990 17.067160 15.229480 3.733856 5.362704 9.569033 21.285970 21.527370 19.358580 35.402710 21.651740 359.393900 9.508148 7.905616 16.498990 39.462690 * * * *
* * * * * * * * * * * 81.925900 74.930220 39.465190 348.823200 329.240800 329.193600 1.597445 302.299100 283.910400 292.466100 340.492700 359.865800 30.257900 68.460950 84.421580 96.574640 96.587680 65.114880 318.803800 328.223000 346.035100 306.408600 288.142000 299.399700 330.725200 351.554900 22.601930 45.098300 44.499750 22.641540 2.602967 22.571730 21.222100 0.882364 7.716660 18.602730 32.738040 39.253330 36.295900 30.118680 25.400840 14.306040 14.217980 30.627430 37.646710 * * * * *
* * * * * * * * * * * 59.018980 83.231790 2.908382 3.542068 332.287800 302.403900 348.580400 297.597800 271.683800 252.558000 213.542300 208.934700 99.731160 97.517480 102.328600 101.621800 87.579260 16.915670 304.353300 314.201300 345.210100 325.932000 299.582700 295.187000 306.593300 345.280300 34.602980 49.987690 42.419060 14.075060 2.949493 28.769490 24.911830 3.252620 15.389880 30.421460 30.957420 28.964530 22.310360 17.754840 33.429450 35.325370 20.657140 22.760530 * * * * * *
* * * * * * * * * * * * * 358.124900 25.253330 40.916400 281.681600 299.995200 295.155100 263.941300 237.782500 227.875700 247.474800 101.491300 95.026610 85.655610 67.055560 52.900760 358.421600 307.071200 312.395900 335.072100 333.549400 304.904600 295.352400 301.207800 333.589600 30.329670 42.755410 30.242490 3.296778 3.035251 20.531410 19.308340 7.967886 8.850323 14.784070 12.410830 10.363080 13.577170 22.477150 38.798650 44.698540 34.402290 * * * * * * *
* * * * * * * * * * * * * * 11.329590 * 255.612000 267.774300 300.060400 295.026200 264.129200 261.275800 285.234000 28.615730 59.865920 52.975890 47.270470 47.116000 352.966400 314.259900 321.686400 331.825700 331.814000 311.831900 304.760500 312.773700 334.564900 5.418472 15.151220 12.712490 1.355123 359.623400 12.415410 14.120750 5.367135 1.164249 1.165067 4.679722 11.674920 16.708830 25.350520 26.786830 23.672190 * * * * * * * *
* * * * * * * * * * * * * * 0.000000 * * * * 338.785900 315.973100 304.676100 302.083300 352.669500 28.634300 37.263950 47.866260 40.056200 344.983200 321.421600 332.789400 344.679400 332.854900 318.946000 318.120300 324.874200 337.992700 347.844800 358.608400 9.518011 5.220886 358.697500 7.524247 8.655896 3.107666 359.949000 354.297900 0.498680 16.831290 26.055980 27.159810 14.338310 0.420226 * * * * * * * *
* * * * * * * * * * * * * * * * * * * * 328.676200 330.032600 333.797900 345.801400 15.869480 40.723670 49.347890 20.495560 343.087700 329.751300 335.782900 354.068500 334.189800 316.580600 318.096300 325.251500 335.447100 337.869800 349.893700 9.132944 8.478820 1.129730 7.740350 5.877746 3.015446 359.996700 351.462400 1.160479 26.174450 35.432040 23.204820 7.061416 354.269500 * * * * * * * *
* * * * * * * * * * * * * * * * * * * * * 343.823500 329.637700 347.604600 20.923890 50.085120 51.312670 351.950800 344.491900 348.325300 341.873400 2.320732 332.111800 313.099700 320.125900 326.362500 330.988200 329.806200 342.761800 9.421243 13.103240 6.365200 11.653490 6.109860 2.502272 359.301500 352.101400 6.746300 37.811370 38.065670 10.627110 6.449955 5.495486 13.329680 * * * * * * *
* * * * * * * * * * * * * * * * * * * * * * * 9.098744 38.461750 60.654040 52.790030 320.939300 335.784200 357.973700 354.485700 16.941130 320.988100 308.826300 319.969800 329.719200 331.754000 326.223700 339.013500 17.972520 33.594620 19.489970 11.095520 0.355609 355.844000 356.872100 1.044372 9.939742 33.619320 28.650720 356.426900 5.215379 24.827340 33.557140 * * * * * * *
* * * * * * * * * * * * * * * * * * * * * * * 36.628600 51.821450 64.287850 44.953440 303.176800 316.972600 357.541800 19.815280 38.425920 302.385600 301.415000 312.154600 326.113200 335.171100 330.952600 342.788300 24.300840 43.926600 30.187810 349.914800 344.556700 344.024400 352.065800 6.145240 8.942933 23.006560 32.322040 1.144875 0.289015 22.747700 * * * * * * * *
