geotop/1.0zi/1.0Montebello/Templates/Duarriglenew/0aspect.grass
north:109988.025579
south:85388.025579
east:125755.058093
west:110555.058093
rows:123
cols:76
[rows 0 to 26 of 123, columns 0 to 60 of 76]
* * * * * * * * * * * * * * * * * * * * * * * * * * * * * * * * * * * * * * * * * * * * * * * * * * * * * * * * * * * * *
* * * * * * * * * * * * * * * * * * * * * * * * * * * * * * * * * * * * 149.527300 186.806500 208.820400 * * * * 157.495600 183.124900 204.103900 205.032600 194.823100 186.299900 194.660400 205.080800 200.853200 * * * * * * * * *
* * * * * * * * * * * 148.457500 150.042200 161.647100 193.429100 190.500000 183.865300 * * * * * * * * * * * * * * * * * * * 168.885700 176.380000 202.620800 218.268700 192.458000 159.372200 144.720000 156.150800 176.107500 195.743700 194.951600 191.099000 197.533000 206.469300 211.205200 195.971200 174.363000 * * * * * * * *
* * * * * * * * 151.891100 151.729700 115.905600 123.617700 145.170300 170.509600 195.153500 195.443500 180.470900 177.816300 * * * * * * * * * * * * * * * 177.487900 191.504200 192.519600 172.143400 171.269600 198.975100 201.407300 185.110500 167.740900 156.460800 157.557900 176.896300 197.032600 194.060900 198.168800 210.731700 220.015800 215.859700 191.780200 170.769300 171.543800 * * * * * * *
* * * * * * * * 109.686400 132.216000 109.564300 94.784450 108.769900 156.133800 200.790400 205.817700 205.921900 195.719900 * * * * * * * * * * * * * 143.566500 145.730200 173.447000 184.785100 186.108200 170.287400 169.021100 188.675800 191.285400 181.749400 170.662800 161.485100 167.740300 190.168800 195.277600 195.528000 219.365800 230.718900 219.246200 203.601100 188.480000 182.634200 180.340700 * * * * * * *
* * * * * * * 121.790500 120.359700 140.841900 139.925800 108.608900 99.067490 121.000900 195.144800 221.107800 232.180200 212.968000 * * * * * * * * * * * * 133.740400 139.658500 145.988800 158.008300 177.758300 183.879000 172.726400 169.618500 181.956300 184.941100 179.630600 174.933700 173.771500 189.825300 206.332000 190.028600 209.253500 231.332500 218.416700 203.132500 194.644400 191.920400 193.194500 184.255200 * * * * * * *
* * * * 148.045600 156.003300 155.562200 150.682400 146.103900 159.290700 166.139200 135.698400 108.695900 107.446100 184.742700 245.492100 243.707400 208.637800 198.540500 * * * * * * * * * 78.913890 97.930610 126.759200 132.896700 137.849600 148.310500 164.898900 174.757300 170.964400 170.027600 179.862900 181.825700 183.496500 191.621700 209.114800 210.003400 193.741200 188.969800 205.775900 211.104800 201.772400 197.997700 195.150500 199.189500 209.362900 202.113300 * * * * * * *
* * * * 150.063800 151.900100 159.700000 157.672900 148.122700 157.505400 176.482900 151.958100 116.719800 104.412800 158.954600 239.016900 217.807400 196.005200 202.938100 217.740800 200.652300 199.724900 203.244000 207.657600 * * 118.441500 81.023990 68.026820 82.272400 97.580970 113.762700 125.100400 134.935300 148.396700 161.007900 160.975000 157.393100 169.908800 177.991500 197.651300 218.792100 219.407300 191.906700 176.069300 185.647100 200.129600 215.979500 242.712100 287.504100 321.952100 333.628600 324.537000 343.391400 * * * * * * *
* * * * * 128.799100 125.091800 147.254500 144.912500 148.715300 178.450300 168.783100 132.566200 117.216800 141.997100 211.252400 204.330800 195.869000 206.387300 204.325600 192.031400 189.387900 195.666700 201.535200 190.743100 151.814000 118.634200 103.678600 97.839900 85.222980 82.187340 91.474910 107.833000 98.275420 17.673480 11.387340 19.255990 35.755250 59.339260 112.736200 196.525000 210.840800 201.694700 183.035100 186.073600 276.855100 321.405900 331.160800 321.843800 324.176400 339.984300 356.792900 6.794343 8.476594 * * * * * * *
* * * * * 60.368740 72.761620 89.453800 109.221900 113.396100 150.261300 166.848000 151.006900 136.437000 131.444700 191.168900 205.199500 197.057100 205.128800 197.728000 190.507200 192.391400 199.414900 205.399100 197.713800 182.135800 149.930800 103.995600 112.406700 118.997000 103.802200 93.541520 39.042630 350.918900 354.392500 8.673014 19.317780 28.984260 40.500200 49.407190 74.426090 191.404900 211.075200 251.392000 314.025600 320.809100 332.865700 343.780200 323.563100 307.313800 318.269700 18.780110 42.376440 * * * * * * * *
* * * * * 112.725600 99.483250 93.982600 103.114600 108.789800 115.716300 141.433100 159.498800 156.585000 139.199900 168.910600 191.557500 188.173200 200.162900 195.211100 195.554800 206.370300 212.698200 217.470500 220.200500 214.142000 173.802600 126.547900 122.966200 133.335100 123.506200 93.786600 333.414200 337.536600 1.491005 30.999510 40.907050 47.182790 53.391900 55.466430 63.021430 63.262910 292.755000 303.124100 308.246300 300.272200 290.595300 296.117600 282.172100 262.082600 242.629900 * * * * * * * * * *
* * * * * 155.036800 122.600100 109.270100 111.717200 115.774500 104.530400 96.720860 118.643100 150.708000 157.404300 164.801100 165.176500 178.022800 200.255400 207.617800 218.876800 230.494000 234.939900 246.316200 251.950300 227.647800 154.718500 130.866500 126.154700 124.741200 101.922500 336.767600 317.441300 333.788100 52.979050 83.421670 92.931530 97.489290 95.992100 92.673830 88.259690 79.236330 276.427500 270.763300 250.924100 226.098200 214.033100 213.631500 217.963400 218.083200 209.078200 * * * * * * * * * *
* * * * * * 106.029000 103.109500 88.675850 78.905830 71.330960 63.782370 41.453680 26.339090 32.267020 58.906650 101.353400 154.050300 225.128800 246.018800 244.692100 241.457900 248.422800 257.678700 255.916100 208.116900 133.070800 103.585100 80.350850 40.218720 359.748900 334.286300 332.325700 9.170190 62.087410 83.439100 100.223400 114.467600 122.740700 122.624900 115.401000 126.621400 228.436100 230.532000 216.695500 209.075700 206.429200 204.704800 202.670400 204.651000 198.091600 * * * * * * * * * *
* * * * * * * 109.520200 89.691700 75.575400 66.857330 50.524530 22.964410 19.380730 25.221780 36.589890 51.910030 71.122510 244.533300 242.570200 222.118600 227.899000 227.781600 224.532400 218.058700 207.467700 123.631600 47.637460 32.407830 7.316430 345.847400 333.893900 344.481600 46.462510 68.536000 71.218610 76.505070 87.431430 98.778710 104.806300 101.393000 104.481100 201.993600 226.454000 219.531600 208.702300 204.264500 204.084400 208.895100 212.949900 199.196000 * * * * * * * * * *
* * * * * * * 103.880500 104.125800 95.227200 76.627500 69.728410 93.707040 130.283700 136.213400 121.090000 106.064300 101.557300 191.458400 212.787000 206.964500 227.696100 242.057900 260.418800 272.274300 288.530400 329.011200 12.367670 20.704150 7.848390 348.834100 227.216400 158.556600 146.657400 131.668600 109.530100 94.504320 91.354320 96.310630 105.284400 105.290200 97.981910 122.714000 229.000700 226.719200 217.123000 222.117300 234.323600 240.913100 231.178400 199.291200 * * * * * * * * * *
* * * * * * * * * 113.927100 110.660900 120.567900 128.622300 138.818400 145.755600 139.919500 125.043100 107.421900 131.561700 217.340500 255.604400 282.280500 295.146500 302.654400 301.911200 288.869000 297.870800 344.594200 12.124350 22.506610 49.740890 115.402600 143.261000 155.296000 160.011200 151.746900 128.324700 105.631500 101.277500 104.862600 66.191760 28.438830 41.591850 53.814130 235.428300 238.377300 249.272800 255.414900 250.830500 224.843100 193.993500 191.378200 * * * * * * * * *
* * * * * * * * * 93.809750 93.079370 72.195820 61.585950 53.971110 58.515110 64.645680 65.014760 62.159820 73.015010 279.322900 285.387200 295.456800 281.318800 251.096500 222.447100 227.195600 249.217600 266.571700 41.394450 76.522460 88.260640 95.813070 101.828700 113.114600 134.393300 149.355400 144.761500 119.945400 81.029510 22.070090 1.516842 13.183060 51.361470 72.246470 240.126200 247.483200 242.882800 236.256000 225.557800 210.346900 221.159100 260.166800 322.212600 * * * * * * * *
* * * * * * * * * * 32.358830 32.625030 37.558800 44.623860 65.951290 86.146950 100.964200 95.832020 94.806930 239.433400 256.888800 242.988000 226.996100 215.872000 216.991100 231.484400 231.702700 211.449100 177.724300 149.742200 131.630300 111.499200 82.469690 67.953990 82.166180 107.314200 121.328500 82.599660 359.147100 357.629600 18.599280 62.419890 87.036640 87.318320 173.491800 239.342700 248.969800 260.040200 259.364700 271.611100 293.352000 313.669300 325.420000 * * * * * * * *
* * * * * * * * * * * 83.052980 101.858300 114.370300 105.066000 88.836010 88.801910 110.250300 111.165000 193.453500 236.751300 221.964900 212.726000 213.015800 221.175000 227.167700 225.542100 209.746000 177.077700 156.116300 145.937700 143.610500 136.698500 110.754000 90.348850 29.393220 12.378990 8.423360 342.122800 356.614400 54.487320 80.958030 94.234550 91.311730 86.860600 267.459800 270.543500 270.361100 265.925500 269.342300 273.036600 294.031200 * * * * * * * * *
* * * * * * * * * * * 124.752400 112.626900 105.324200 63.115220 41.105950 54.365840 69.092770 77.025550 107.956700 231.222300 233.531400 230.285400 232.652000 230.045300 227.721300 225.319700 204.497100 171.946400 157.623900 152.915600 158.774900 163.669900 145.768400 112.937000 335.248200 8.912426 26.912610 347.108200 12.544760 73.780300 80.291520 88.300580 96.609950 106.018900 253.194300 246.398100 220.065000 215.320400 223.398900 240.344500 249.166800 216.282900 * * * * * * * *
* * * * * * * * * * * 37.069840 46.405400 25.361830 18.216410 42.023510 61.544690 57.258860 51.074070 67.795080 228.361100 247.922200 239.265900 228.057400 217.820600 215.969700 214.522000 197.229500 173.145400 153.842100 146.829400 155.192300 164.052100 179.922600 245.807900 256.374800 143.252400 103.055600 137.432100 155.895300 112.955600 91.541310 85.275280 87.626590 104.730800 225.014600 231.376100 222.611300 233.417900 238.537200 237.839600 219.115500 185.407200 183.071500 204.158800 173.588400 151.606900 177.203500 * * *
* * * * * * * * * * * 17.574110 29.274720 32.438000 52.161190 76.464130 79.327960 70.904390 68.931170 80.481030 118.473400 234.230000 217.493400 209.654100 211.010300 220.233000 228.869900 215.492600 170.458800 143.104800 143.000400 150.952900 170.129100 243.695500 266.477300 259.546500 123.476300 94.338920 114.666700 141.089600 137.901400 116.547900 100.032000 89.490910 88.873350 213.518600 247.352600 247.190700 245.160400 234.694500 221.630600 204.802600 193.063400 189.617800 189.500900 170.354600 162.158900 171.706100 191.635800 201.163300 194.906400
* * * * * * * * * * * 78.445660 92.597130 112.467200 124.256900 123.473600 122.449500 126.690900 126.375200 112.975300 120.982500 226.472800 233.292300 239.039500 250.095900 263.015500 268.017300 235.929900 146.784200 139.285200 149.234900 168.100300 299.450000 309.549700 318.935000 334.838200 23.535460 71.686190 81.637270 83.029800 82.204360 78.577570 74.862720 73.695520 78.425700 112.455800 236.841900 236.448600 230.453700 224.690600 218.120100 213.772200 206.981200 186.100400 174.150400 159.311600 155.077300 174.914000 197.725000 200.470200 187.296400
* * * * * * * * * * * 132.628300 124.082100 115.471400 118.771500 122.338500 122.160900 122.684900 124.889600 118.860700 120.183700 265.964000 278.348200 285.534500 285.555500 271.636100 246.085200 173.450300 143.633800 135.011000 159.588700 287.170600 309.916300 315.410600 324.536100 355.155300 68.807080 95.250270 93.294760 59.914070 36.475960 40.327770 51.415410 60.919920 70.693700 83.732650 247.936400 259.480300 264.109000 264.513100 259.261100 238.663400 202.747400 175.362800 156.612000 143.848000 139.497000 152.479400 191.112900 196.192300 186.229700
* * * * * * * * * * * * 67.586820 56.715530 54.739450 60.495480 71.739590 82.520070 90.312470 100.117500 121.702300 276.879800 285.775400 287.226800 272.392000 249.932800 210.046800 152.699300 136.829400 132.093900 252.635200 279.199100 280.396400 278.285800 271.744700 124.273600 109.598300 116.488200 136.282700 149.379600 111.324700 85.116230 78.485390 76.416390 76.577820 81.094210 277.978900 280.282200 294.629700 295.095000 276.517800 196.727700 175.659700 173.269600 148.763000 139.013000 145.951500 150.004200 160.474100 184.387600 194.863100
* * * * * * * * * * * * 68.928890 63.156290 69.981460 76.654780 79.548310 81.226750 85.542720 92.799240 116.859300 277.463600 279.053800 262.857100 217.826400 200.916200 183.903800 155.958500 138.609200 158.518600 264.399600 267.699500 261.224500 265.222400 272.256500 98.937620 99.349080 103.382400 130.600200 168.906400 168.981700 146.303000 118.302200 99.808510 91.057330 88.161390 270.522200 274.482800 285.773500 281.276100 224.371700 147.756700 154.726700 172.980200 152.490600 132.425700 142.120200 159.500600 155.900400 180.321400 223.592200
* * * * * * * * * * * 172.713200 170.892700 144.954600 124.818200 110.974400 98.172700 88.993870 83.662540 84.157100 111.419400 261.094200 252.440100 214.972500 176.466300 172.316200 175.698900 167.331500 159.786100 278.765000 300.303800 304.983100 304.105900 301.051100 313.402500 94.945660 95.055710 93.297140 105.309200 143.142000 167.423500 164.088600 140.267300 121.196100 114.702100 103.024800 277.695300 273.718400 264.852100 228.676300 168.033900 142.864100 145.451300 164.500800 164.393100 141.253200 133.287300 151.354200 154.736200 180.691900 206.060200
