geotop/1.0zi/1.0Montebello/Templates/Duarriglenew/0aspect.grass
north:109988.025579
south:85388.025579
east:125755.058093
west:110555.058093
rows:123
cols:76
[rows 27 to 53 of 123, columns 0 to 60 of 76]
* * * * * * * * * * * 184.149000 169.980600 160.761100 139.980800 114.109200 105.592600 104.250200 97.543100 84.970210 94.061920 242.455400 232.263100 195.007000 162.178200 152.306100 165.473000 186.326400 282.495200 306.261500 312.544800 314.387600 309.427600 279.165100 164.536300 134.547800 117.473500 103.298900 97.118400 108.555600 143.612200 168.572600 151.207800 125.856200 114.424200 109.707500 275.478100 272.387700 235.530300 189.310500 161.808400 146.043200 141.134600 145.239200 157.822600 154.843400 149.360700 153.222000 152.192100 184.123500 249.869000
* * * * * * * * * * 134.320800 152.094100 163.082200 168.095400 159.069600 128.259700 111.921600 106.722200 104.036400 90.751120 89.407470 215.643000 217.662000 189.301600 170.360600 153.004100 171.824100 261.221400 285.206200 281.904100 272.638300 252.796300 209.890100 182.487000 168.966600 140.644900 69.930500 47.148250 42.663140 46.250870 55.492320 96.179980 144.239100 143.858200 130.483800 145.247300 259.920100 251.409500 191.095700 177.870300 170.205900 154.712000 139.865000 117.374200 111.338600 124.649600 145.785100 165.902100 265.284600 330.756300 331.069900
* * * * * * * * * * 123.956300 138.474100 161.291500 176.095900 177.430300 122.640100 75.749780 51.225120 35.925130 39.094500 53.786220 76.339940 197.043900 190.007200 179.061700 165.255000 207.851700 251.625000 247.548900 240.112400 231.610200 208.818600 187.154300 184.918800 201.778700 265.823800 359.598100 24.734850 36.392270 46.836430 59.501280 73.753440 98.308960 128.090000 125.889500 162.470400 229.026400 215.710600 184.644900 180.129900 187.375300 173.359900 154.695700 133.831700 105.027300 102.966700 117.031000 315.403300 325.269600 338.986200 350.063700
* * * * * * * * * 129.301700 117.707100 128.979200 154.584400 184.217100 218.044600 306.399600 34.526230 32.447800 30.514450 39.392230 48.812160 46.848650 43.072220 136.503000 179.005200 193.279700 259.917200 274.507900 270.379800 257.516000 236.675000 203.003400 184.682800 198.238900 223.336400 232.990200 210.741900 144.670500 118.183100 110.996600 103.671900 91.837000 66.228730 44.114490 52.868480 72.975550 203.985800 210.094700 202.349600 197.745600 205.063100 190.687000 158.743600 152.473300 142.015400 124.989800 274.957600 293.025900 262.560000 179.876800 169.496700
* * * * * * * * 165.447800 137.084100 112.729600 97.729280 110.386600 177.229700 230.250600 238.241000 134.589200 102.628100 114.319100 114.776400 93.963580 61.728370 50.428340 57.466200 82.444690 238.759400 265.923500 275.209300 275.697100 258.720900 224.206600 189.574400 186.763700 209.750300 221.079700 214.980400 200.372500 167.217300 130.924900 113.631100 94.436590 59.762850 35.249810 43.357920 57.769050 61.230550 59.486770 223.081300 223.102100 210.351400 195.390200 193.962100 167.371100 152.656000 141.319300 141.101500 222.087200 208.270800 184.225100 191.363200 239.391900
* * * * * * * 174.461900 170.518400 151.525000 133.542200 116.521300 113.268700 146.850000 211.892600 217.387700 184.691100 139.318900 123.438000 122.146700 123.092700 125.760500 105.559500 81.760500 74.554270 216.235900 246.705300 245.052700 235.530800 222.118200 198.448000 178.376500 195.486500 223.371800 235.156400 246.252900 256.191400 118.763500 94.135280 83.479610 59.769040 45.435710 69.373640 92.314480 97.369830 88.389690 68.530400 72.289650 203.403100 194.065200 184.068300 195.574000 183.826000 157.052200 142.830800 148.013900 187.998300 194.921500 219.032100 264.603100 284.438900
* * * * * * 147.969700 154.217000 156.704600 160.475900 159.339700 153.022400 145.014700 142.459200 189.816000 213.803800 198.975000 159.493300 118.078500 108.434700 109.723800 116.312000 120.856800 112.397800 102.229200 158.879000 273.101700 269.761900 244.487500 204.909200 193.844800 196.919500 261.681000 289.497500 303.456300 313.098400 332.137700 22.946390 70.935010 97.463730 126.471600 137.861400 132.095700 120.062100 99.252550 78.760300 59.993640 56.962270 75.139830 157.222300 176.185500 197.074100 191.967400 170.114000 161.260400 147.490400 179.796500 274.338600 291.829000 290.201400 277.884400
* * * * * 135.132000 137.786100 141.198100 144.835700 148.468600 153.539800 156.674700 159.928800 149.342800 166.226500 208.513600 211.196800 193.423100 127.742900 85.536610 68.817260 75.072040 91.622930 107.251300 106.492400 285.821500 287.110700 282.029300 205.592700 191.476300 248.089600 302.266600 316.320300 316.488500 308.962300 296.612100 303.993000 78.391020 90.445960 91.183990 79.228840 50.256540 30.675740 24.740330 30.957580 31.102550 12.833040 12.457140 23.524670 24.310070 29.977390 86.578090 195.120200 188.640400 159.175000 193.389300 313.844000 323.613800 331.084800 330.111900 320.895800
* * * 92.370920 103.808000 99.126770 94.221370 84.120230 86.264970 91.752210 98.294430 113.059000 139.929900 154.332300 156.543100 201.705100 220.984500 213.342500 183.901300 101.623600 90.961860 94.170720 97.384900 104.176800 102.360800 282.841400 266.218300 213.206300 177.896300 219.455900 265.625400 268.233700 259.220700 250.163500 241.584600 230.546600 206.450500 136.313000 71.265680 29.227890 12.386340 9.032004 12.460490 23.331590 36.801620 35.188010 6.508128 3.552226 26.265650 30.796320 40.718850 62.515560 95.516120 202.144100 178.480200 300.197800 309.224100 322.201400 342.562600 335.934100 297.851900
* * 25.871290 26.199390 31.941430 30.807210 35.521030 50.872510 65.482640 72.024220 74.976800 79.840400 90.810050 116.875500 140.316700 198.027400 218.027100 211.378400 202.636200 160.201000 132.492300 116.671300 100.206700 87.906430 92.928340 229.471500 215.477500 203.750900 228.230100 276.461200 270.540500 257.560500 259.642400 264.914300 261.320800 253.960100 233.305200 170.864800 13.863650 2.533715 15.938980 37.109970 67.776920 83.720110 80.498400 67.487250 55.621380 127.062200 112.693300 95.471470 85.211660 77.423320 73.879620 146.171900 251.562400 281.126800 270.611600 228.402800 177.328900 184.384800 215.929500
* * 23.492980 35.466190 47.961630 65.551960 94.225950 104.538200 103.172600 95.726390 89.918880 82.843850 74.547430 73.521660 82.428490 156.169800 199.819500 206.642900 210.228900 179.473900 117.336500 85.931690 67.616650 57.629930 68.632390 156.603800 262.674300 307.819900 328.419400 325.454700 320.259000 319.225700 319.818000 327.298900 323.107800 246.079700 191.986500 190.101000 199.095300 187.966900 159.008100 132.958500 120.581400 116.207900 113.568900 108.806000 107.971800 127.730800 137.395600 136.222100 127.187000 107.343700 76.474290 46.758140 268.636700 236.318300 214.080500 198.521100 194.447600 241.202300 296.588200
* * 95.827530 122.780400 135.136800 138.335100 134.263000 125.768600 112.883900 91.928500 68.029440 44.692980 47.043210 54.832320 56.206360 68.338040 136.981000 215.347500 240.434500 246.339300 81.559740 69.479380 49.983460 39.867970 63.200160 39.080760 297.013200 313.207800 334.616400 332.091600 321.111500 305.655600 293.291100 238.631900 160.550100 170.822700 175.758900 186.492200 191.856800 188.140600 172.854300 142.798700 122.702100 118.492900 123.404500 132.035400 128.767300 112.260900 108.806800 119.185300 123.365500 84.738770 28.306450 21.281940 49.338290 201.554000 224.822600 258.446900 307.525300 321.114100 327.487100
* * 130.315100 135.720000 141.299500 138.142300 127.777200 116.212200 106.981800 83.466270 34.013280 19.669630 34.190990 41.956060 40.593120 44.766990 50.558600 113.933200 227.901400 207.312100 169.692400 164.457400 137.859500 72.913110 89.539040 48.803130 286.548600 299.951500 319.352000 309.257900 259.284000 229.852800 205.669500 172.766700 158.681400 167.265800 184.172700 197.098400 205.408000 204.127900 172.325300 143.531000 127.847400 119.336000 113.266100 111.610800 127.946200 134.633800 114.717300 81.130950 19.366610 9.288644 19.114280 44.317370 79.195130 101.067300 264.255300 289.481000 315.701800 321.027200 321.054400
* * 131.831300 131.707000 135.120400 135.539500 133.197700 130.044200 129.066500 78.458700 342.784100 359.254100 23.821860 34.286000 37.872010 48.885620 60.600650 80.272170 184.074500 189.189200 175.946300 186.442800 185.217000 165.975100 129.900800 287.042800 291.298800 302.121100 296.822500 188.189700 183.339800 194.661400 190.140500 167.821200 163.838900 207.788500 296.015600 326.247400 334.188700 340.438900 105.586500 111.186400 102.822500 86.116250 64.444360 69.674080 90.528730 115.098100 79.457610 1.188252 0.864156 22.466220 67.994510 95.859030 85.714830 74.694550 276.171900 273.420700 264.463300 216.077600 179.449400
* * 137.696400 128.811100 135.267200 144.392300 148.012200 146.017000 167.572500 217.403400 245.084200 272.034100 25.774560 58.562440 71.994050 81.102830 80.784000 68.056550 48.890510 72.110300 137.010500 186.852600 177.460200 162.820500 175.270400 276.052300 281.807400 292.600900 110.463100 134.411100 148.129000 175.991900 182.820300 168.327700 199.797600 268.797800 301.626800 331.728000 3.079778 62.392920 96.913000 84.717970 65.734000 56.332370 68.398830 82.562580 77.348150 49.565630 345.075000 339.554000 63.298110 103.474300 92.701000 69.478190 49.034550 70.245750 265.846000 254.211400 212.600300 189.145600 176.645400
* * 128.620600 124.601900 122.666700 136.818300 152.701500 157.190900 179.220400 194.213500 197.138700 203.669400 195.933800 121.923800 72.191350 61.932370 51.225570 33.453250 20.596890 22.426350 24.694610 25.253000 59.978510 100.221100 250.795500 266.348300 260.152800 219.908600 167.615000 130.203100 121.971500 149.043600 177.711300 190.188700 247.863300 258.620000 255.387600 227.222400 144.964000 141.155000 142.261800 115.995900 73.527900 66.910780 71.205370 66.480580 57.232400 35.236690 350.949400 60.058400 98.844180 87.244690 74.465270 76.367320 94.176470 96.043050 255.002500 255.899100 209.052300 186.690000 200.709800
* * * 120.084800 117.401800 118.104100 136.169100 151.348100 166.352200 181.103700 197.779400 215.013700 239.550100 309.685700 34.237470 49.358670 48.723600 30.513770 16.403240 28.242740 40.038950 48.687510 66.280780 86.714790 248.449300 253.066800 228.793900 201.622400 193.715900 166.607400 114.639100 115.905800 173.525700 254.287200 277.416200 263.000500 230.387100 189.888000 161.750100 161.974700 179.782900 211.908500 26.678190 44.527080 52.096330 54.176260 55.677120 39.693290 22.508610 31.901500 16.288570 20.989720 34.501540 58.948610 89.775250 105.984800 247.833800 251.827200 195.970400 226.604100 293.522500
* * * * 110.741400 79.326320 53.042830 43.380390 65.318160 119.474700 199.364400 224.495900 233.457300 217.900900 154.293900 132.224200 134.007900 144.277400 137.403800 106.392500 94.461910 93.245790 101.716100 109.700800 239.611800 246.848800 228.887600 230.728500 234.067100 196.389300 112.426100 94.905640 130.050200 235.604000 238.514500 212.773800 198.924100 186.001600 177.472200 199.354800 267.067700 310.126600 354.769300 49.554160 70.583310 68.306670 45.420940 20.108020 12.767150 6.254307 0.684712 18.093020 43.854460 62.760630 82.404170 98.616570 230.919300 239.736400 236.269600 285.888400 295.986000
* * * * 68.595830 58.360360 24.807920 31.480070 53.815510 74.764140 136.709400 202.812500 203.289500 189.523800 169.118500 158.282900 168.049900 184.238200 174.894000 154.918900 138.587200 130.566900 115.754800 114.276500 273.266700 281.924400 285.601800 288.289900 289.475200 159.416500 122.053500 107.521200 112.279200 207.008200 213.234500 194.224800 193.131800 196.988000 224.964200 278.836900 305.283300 325.284400 11.946120 82.479320 82.309170 55.905580 17.314960 6.887981 9.511161 8.722880 23.664940 76.189550 105.706200 108.856000 103.401400 86.281650 166.568800 252.267700 275.701700 282.917700 260.628800
* * * * * 114.959400 143.267500 143.534500 128.340700 113.840800 112.555700 163.315000 190.589400 183.090200 168.636600 162.296300 176.857400 191.784300 181.343700 165.820300 151.903000 142.334400 120.080000 117.256500 279.404500 286.070300 284.787600 264.297500 212.941900 161.131800 147.046700 141.400600 130.231200 182.594000 230.437400 229.535900 233.052700 249.410600 271.590600 281.273300 287.605700 304.465800 103.206800 107.142200 98.944600 62.801110 358.219100 5.567319 58.624760 109.461800 129.339700 130.083600 129.503400 108.512900 66.351550 49.524350 66.587140 254.564600 255.336900 240.180700 219.133300
* * * * * * 155.525800 149.599500 143.642000 133.128300 113.981700 91.704100 110.920700 151.925200 141.414100 129.017300 157.345800 190.838800 179.389900 165.709000 152.979400 140.776400 123.771500 234.062900 279.379000 280.384200 265.072400 212.152600 182.229600 168.374200 161.108500 159.910500 158.681600 256.233700 299.836900 318.953200 332.276000 314.846800 273.329500 257.195500 237.797700 183.705500 143.466300 137.718600 150.938400 194.563900 264.334100 59.819450 94.471920 100.748900 102.716500 92.834280 56.057890 16.481970 31.422490 56.041280 75.867880 225.698300 239.118000 217.573300 196.640300
* * * * * * 139.321900 118.986000 110.281600 84.968700 55.126170 34.739120 23.632750 21.635370 20.169930 12.847100 11.845140 12.051570 21.680180 44.623600 63.876140 79.454810 87.820140 265.540100 263.278500 247.593700 210.599100 180.516400 169.327200 170.120200 172.454000 176.739900 302.789300 306.565600 304.108200 310.387600 332.133700 337.522500 263.393100 241.045200 213.319400 172.522700 149.526900 149.247300 184.138300 249.246600 276.269300 1.849419 44.130230 40.551380 37.249610 26.425120 8.593552 15.540390 59.975970 77.232820 74.792560 84.291810 233.586400 220.626300 194.749000
* * * * * * 33.245740 38.355880 23.431820 21.954820 21.139610 17.696740 13.102740 9.537482 5.541014 1.263041 5.644792 11.398780 17.067450 23.226790 34.167180 55.237450 72.292930 192.020000 232.278300 220.837700 194.622500 173.192300 172.381900 209.747900 302.666200 331.762200 328.744900 318.815200 304.621900 291.360900 284.723400 142.069800 232.376200 233.050800 202.284200 160.436600 140.256400 157.767900 218.802800 228.213800 226.048900 223.808000 74.056820 57.570490 52.627420 29.646250 16.256670 57.486950 73.755420 66.552600 47.777980 44.413380 33.486090 217.023500 206.106800
* * * * * * 354.812500 6.690814 14.570120 27.964680 31.347130 25.616530 13.563680 0.475970 350.723800 352.436700 10.672700 24.957080 28.156240 40.006720 61.063670 72.433430 75.305400 93.436390 213.199500 218.566900 197.736700 182.992000 264.626800 305.951200 323.077400 334.957900 325.476400 314.707700 300.505400 282.913900 181.004200 146.015900 196.757700 216.694500 186.340400 149.385700 135.912100 168.106700 212.991900 211.979900 215.667300 208.449200 177.961600 153.972800 149.055500 160.718300 158.173300 119.902900 97.483230 76.309810 46.624310 45.559420 54.826120 109.285500 215.247700
* * * * * * 12.963790 8.738922 46.468990 65.575000 60.275480 49.499450 45.827220 106.786400 183.518400 183.714800 164.970500 157.174900 152.169100 113.184200 89.620990 78.234780 70.006710 77.871580 260.010300 273.562700 288.142900 300.452400 304.806800 309.208600 319.708000 342.717100 314.416100 267.053300 242.840000 221.843100 169.731400 132.295800 166.680000 190.527400 175.266700 151.941200 147.822000 187.499400 249.764600 271.069900 269.828800 228.054700 156.960000 148.650700 157.973100 169.843200 166.935900 152.443400 144.827100 142.713700 146.927900 114.225200 81.334110 80.753170 214.261400
* * * * * * * * 110.764000 110.425800 72.002640 44.764760 42.577250 57.793490 91.580010 145.440700 155.149700 161.839200 170.530500 160.768600 128.917600 117.609200 116.560000 102.895800 272.516800 283.668700 324.901900 291.359800 275.139800 263.581600 223.143200 179.628200 186.774900 200.091400 204.197500 210.400100 191.033900 129.070700 124.929400 156.028700 164.949700 155.466300 169.858400 270.584500 300.187400 314.717300 326.552800 13.108730 97.602130 110.205000 129.361600 152.072500 156.745200 153.107400 155.743500 159.647600 164.555400 163.347500 139.321900 110.507700 150.099600
* * * * * * * * * * 46.091610 30.222740 22.383310 25.241610 35.436600 48.969710 67.400020 94.302030 133.013100 152.720900 141.541500 119.198500 99.943860 89.415540 165.273500 232.896500 216.300800 227.339500 233.219900 216.779000 195.687700 181.158900 189.073200 208.857700 231.755100 242.562200 210.133800 140.045900 109.806900 116.951000 138.560500 154.385100 243.798000 280.387200 287.934600 287.167300 259.937200 123.351100 105.230100 87.867420 81.808070 91.318880 97.502890 82.742710 69.685020 81.173170 109.373000 131.232800 127.821600 93.622320 91.356380
