geotop/1.0zi/1.0Montebello/Templates/Duarriglenew/_dem.grass
north:109988.025579
south:85388.025579
east:125755.058093
west:110555.058093
rows:123
cols:76
[rows 0 to 26 of 123, columns 0 to 60 of 76]
* * * * * * * * * * * * * * * * * * * * * * * * * * * * * * * * * * * * * * * * * * * * * * * 382.714300 387.451200 * * * * * * * * * * * *
* * * * * * * * * * * * * * * * * * * * * * * * * * * * * * * * * * * * 341.898900 340.388200 346.328100 * * * * 344.092100 345.553300 350.357000 361.319800 365.195100 366.065100 372.711700 377.100000 378.813200 * * * * * * * * *
* * * * * * * * * * * 409.057600 399.857600 384.334800 389.006100 391.494900 391.876000 * * * * * * * * * * * * * * * * * * * 333.691200 325.772900 330.322500 344.062600 352.416100 350.583500 343.009300 330.078700 316.662300 322.791000 332.748700 337.509500 344.801900 354.778900 361.059700 370.926800 372.724000 * * * * * * * *
* * * * * * * * 423.820300 422.608900 410.189400 380.100700 369.381200 360.129900 362.979100 369.735000 373.859000 374.104200 * * * * * * * * * * * * * * * 309.712700 314.652600 317.676100 316.105300 306.970400 310.272100 326.162800 333.425800 331.854300 320.269100 301.760700 292.088700 296.232200 305.480200 310.768500 318.306200 329.680400 353.258100 358.523700 358.186400 354.330500 * * * * * * *
* * * * * * * * 412.278700 402.553600 400.554000 386.160400 351.376300 328.758000 340.184200 354.029800 358.862800 363.860200 * * * * * * * * * * * * * 310.099800 300.930300 288.829600 287.874600 293.387000 294.959400 285.789500 284.771400 292.066000 296.801500 293.834800 282.663400 271.873600 275.269000 280.267300 285.584100 284.123000 309.864000 321.872700 332.373200 337.473100 338.025000 338.721800 * * * * * * *
* * * * * * * 429.213700 417.967300 405.706200 398.982900 385.464500 354.487900 314.702200 315.466100 324.901700 346.724300 357.238100 * * * * * * * * * * * * 307.894800 295.059800 280.701000 270.597000 265.412500 269.103200 270.351800 263.605800 261.373300 263.032900 263.139200 262.154200 260.221900 257.934500 265.268300 269.035900 264.597000 284.392200 297.280600 304.466000 310.562200 312.747300 320.034100 321.567200 * * * * * * *
* * * * 440.865800 435.099200 428.571200 415.333300 396.150700 380.432200 379.688900 369.963000 347.161300 312.461400 287.557100 311.264200 341.803900 351.601100 352.464700 * * * * * * * * * 321.957400 307.864700 298.440200 278.093800 264.647800 254.686100 251.263400 247.101600 246.354900 241.759500 241.543600 242.769600 242.902200 241.407300 245.506600 256.272900 257.691000 260.553800 262.824300 270.277900 277.129500 284.734700 291.313600 294.867700 301.157200 309.990900 * * * * * * *
* * * * 421.103000 405.990800 396.253700 385.286600 373.356000 355.208800 352.731400 353.123500 335.058900 307.649400 282.875000 307.297900 329.537900 338.141100 339.945900 355.104200 359.987500 362.101700 367.330700 370.687100 * * 359.561200 342.165200 325.883900 306.422600 279.790900 266.348300 256.834700 247.764800 240.726500 236.015600 233.924600 230.007300 228.530600 228.239000 228.419300 239.589800 245.564300 248.324000 246.531100 245.845700 249.584100 252.257200 259.138700 263.097000 269.952700 277.331600 290.023400 302.620000 * * * * * * *
* * * * * 386.695800 362.273000 360.710800 349.055000 334.912500 328.271800 338.500600 321.654500 301.671900 282.420100 285.587900 299.453900 305.203500 316.934400 334.813100 342.714600 347.888100 349.639600 358.190700 368.304100 364.109400 350.891300 340.981300 332.357700 317.538800 290.123200 263.191300 250.022600 239.887700 234.495100 231.842200 231.682800 229.642800 223.617200 219.488900 219.395400 225.560100 235.175400 238.130000 235.554600 232.596000 234.803900 248.733800 263.157600 292.831900 317.534700 325.884700 321.282900 313.327100 * * * * * * *
* * * * * 399.509200 374.848000 345.741800 334.677200 321.883300 302.098800 312.039800 299.647600 288.721700 277.616200 265.839800 280.286000 283.677600 293.178000 305.521500 310.098500 314.378400 320.651400 334.816200 344.569300 345.500600 346.561400 341.172400 316.282400 311.100600 292.901200 262.526700 247.543500 242.874900 253.856000 257.167000 251.565300 243.238300 235.974900 224.384000 217.255400 215.735900 219.352400 222.487300 223.004300 243.987100 284.394800 287.553600 297.046600 322.450000 343.932200 340.720900 329.845300 * * * * * * * *
* * * * * 405.226800 383.532900 356.277600 337.987700 324.912100 310.084700 282.559900 281.929800 277.731000 271.957200 261.590300 267.445600 266.110200 271.830300 279.435900 281.578100 291.967200 302.015100 310.779000 324.127100 335.874400 341.653700 340.112700 317.631600 294.652800 280.984300 258.177500 259.780600 278.062700 284.427100 275.348700 265.736800 256.770400 244.497500 233.677700 223.676900 211.983300 212.825300 227.460900 260.578000 286.351000 298.699500 304.907200 309.912600 326.030900 340.960600 * * * * * * * * * *
* * * * * 379.499500 368.653200 347.453600 325.290900 310.058700 294.632600 277.654200 264.901500 261.676900 261.374400 263.037300 259.340500 251.815300 255.282600 259.681600 266.069800 274.213200 290.996600 301.436900 317.503100 328.707700 331.679000 316.864100 293.204800 277.676900 265.003100 258.785300 277.974300 291.674700 290.425100 279.066700 270.456400 262.099100 251.101000 240.003000 228.192600 216.630300 220.419300 248.744800 259.850200 272.724500 285.218000 296.374500 305.938100 316.916800 327.897100 * * * * * * * * * *
* * * * * * 364.209700 342.440900 325.051700 309.033800 299.224900 286.557900 271.161600 261.482800 253.643600 246.700900 242.335900 240.657900 242.427700 252.597100 263.847800 274.949900 281.374000 300.051600 317.447800 325.662300 322.410400 305.998700 287.782200 276.236300 272.624600 278.008400 297.525800 300.161100 292.094100 276.683900 265.255400 252.468700 242.741300 232.313700 224.182500 214.943500 213.456800 234.410000 248.198200 258.783200 264.760700 276.542200 287.396900 295.457400 305.656700 * * * * * * * * * *
* * * * * * * 344.153600 325.918800 315.181300 304.165200 288.588600 285.146100 286.961200 279.618700 271.083200 254.823400 242.355300 239.717100 255.542400 257.948400 263.039100 277.959200 295.305600 313.493000 317.578700 313.266100 308.436800 298.989100 293.806100 297.692900 309.734100 319.941000 316.071400 301.856800 281.614100 266.470100 250.034500 236.099100 227.373800 219.227100 212.560800 205.889500 215.907400 230.286700 237.768900 247.871600 254.108400 259.372300 271.332400 284.169200 * * * * * * * * * *
* * * * * * * 335.588400 325.327300 315.932400 307.556700 301.502300 296.494400 289.962400 285.065200 278.504200 261.320900 246.074800 232.696300 247.647100 246.350700 259.965300 262.367400 266.128800 278.746600 301.808500 320.270100 322.962200 316.788300 311.808800 316.097800 319.550100 319.469400 311.627900 302.689900 289.179100 272.970300 253.963500 237.368900 227.341300 221.472900 212.968700 206.620800 205.005200 220.885500 230.005300 233.007800 238.372100 251.661000 263.281000 271.087800 * * * * * * * * * *
* * * * * * * * * 315.543900 307.404600 298.889000 284.837300 274.069500 263.939900 255.823500 247.553000 240.912800 231.869100 232.687500 235.370500 244.557200 264.043600 292.523500 313.155200 326.088100 329.987300 332.677000 330.107500 325.102100 317.181100 307.028100 297.369400 285.885300 280.175200 273.644300 265.112700 250.890400 232.574200 221.976000 215.614400 210.002600 207.436600 202.419600 208.651800 215.002900 230.677400 243.340000 249.528300 256.932500 261.757200 264.573400 * * * * * * * * *
* * * * * * * * * 313.257300 301.232400 290.086300 279.799200 269.222700 261.593900 255.310700 248.737800 240.128300 233.595000 226.686300 245.150400 264.393300 277.785200 291.530200 300.577600 305.407000 325.434300 351.638900 356.976800 346.962600 331.397100 309.542400 284.879100 268.298500 261.166000 257.871400 255.843600 247.586600 232.566900 221.224700 222.658400 229.826300 225.007100 205.190300 204.741100 218.420400 225.160000 234.830500 246.401200 252.937400 249.646300 254.301800 259.914700 * * * * * * * *
* * * * * * * * * * 309.753200 305.335000 295.263700 290.694300 275.974200 261.329300 254.589500 248.439000 241.154100 224.597500 247.710800 262.387600 272.623400 281.904400 288.089100 300.006400 317.939400 332.812400 336.958800 331.714200 317.200100 304.039900 288.963600 278.667600 265.358500 251.294200 242.274800 236.147300 235.339600 242.994400 242.891700 235.098700 224.280600 209.526900 198.451000 207.204000 221.047800 228.284000 237.384400 237.950400 253.080900 261.783000 264.340100 * * * * * * * *
* * * * * * * * * * * 316.467600 303.910600 291.847500 277.016800 252.026500 245.736500 238.944900 233.412900 221.638200 238.094200 250.455800 259.676700 265.727900 274.919300 287.346700 299.974700 312.463800 317.825300 313.331400 306.068900 295.766400 291.422200 282.854900 264.950900 249.325300 247.731900 245.060400 250.231300 258.775600 250.007700 233.638300 222.577800 211.315300 199.376000 200.117600 217.497600 233.214900 243.296800 250.487700 259.067900 265.602000 * * * * * * * * *
* * * * * * * * * * * 307.763000 291.554400 275.496500 264.902200 267.056100 256.092600 241.066300 231.141600 221.969000 224.441600 238.292400 245.246800 255.725300 265.673400 276.796700 290.048600 303.811600 303.520000 296.481600 287.736600 278.062000 274.890600 271.427900 258.809600 271.054600 277.765300 267.856000 261.222300 268.839700 259.700900 238.674000 218.559800 210.076900 201.016200 203.253700 222.806300 229.796900 233.093000 241.068100 250.396100 268.350000 276.278600 * * * * * * * *
* * * * * * * * * * * 304.462800 291.414900 282.550700 284.135600 278.093300 264.747400 245.126100 236.573100 226.268800 216.265800 233.939800 245.915700 252.610400 260.771000 264.980800 276.995100 283.855300 284.108200 279.233400 271.064900 264.316800 261.923500 256.181200 262.563100 273.671000 276.466400 267.918500 262.854100 264.572800 258.779800 241.787800 222.486100 206.747900 199.142800 194.502900 207.730800 212.739100 221.959600 231.280400 243.143300 260.404400 263.640000 264.724500 268.794400 276.460900 265.937500 263.201900 * * *
* * * * * * * * * * * 317.987900 312.325900 306.814000 298.211300 285.777300 269.740700 259.245600 247.628800 235.708700 213.656000 226.319200 237.725100 241.280200 247.894500 252.862300 260.302000 269.254100 272.792300 271.253400 262.291100 254.065200 246.224000 246.648800 260.922900 266.942800 270.274000 266.013600 259.826200 251.964400 248.969200 239.768200 223.353600 210.010100 199.986700 192.558100 203.134500 213.086500 222.747600 230.016800 237.378500 243.303600 246.242400 248.831900 251.514000 255.692500 246.375900 243.274800 248.353100 253.333200 252.436300
* * * * * * * * * * * 336.731100 324.853800 310.014300 296.404000 283.123800 267.703000 255.586000 245.461500 232.373900 215.063000 214.547700 223.664900 231.310800 238.226900 246.681900 260.868600 269.429700 270.530500 259.797100 247.550500 242.767300 239.222100 253.644500 263.492000 269.781100 275.150600 268.676600 258.794400 247.996000 236.810600 228.400100 218.205400 208.438700 200.819300 190.734600 196.954700 206.671300 214.860400 220.765400 226.971100 230.097600 236.686500 239.998600 238.987400 235.509600 226.418800 221.592700 224.498000 237.046100 243.797200
* * * * * * * * * * * 325.273600 312.544900 294.776500 278.706300 266.852900 253.932300 242.263600 229.791500 221.643400 211.829100 210.004500 222.675200 233.801000 242.460300 250.014700 261.973200 266.061300 258.404500 245.593800 233.802400 238.209700 255.874200 268.274500 280.954400 286.462200 281.137300 269.930000 261.812100 254.491300 250.067900 243.573800 231.157900 216.712400 203.789200 193.774400 188.818000 201.330400 209.863400 217.191000 223.179300 228.893900 232.705400 232.830200 229.998800 225.841300 219.425900 213.203000 210.137700 217.675400 220.328600
* * * * * * * * * * * * 308.632900 296.319000 281.115800 264.481100 252.824300 240.956000 229.182100 220.013100 207.636000 214.854900 226.975400 237.089100 242.808000 248.116500 255.543400 252.418600 245.643900 237.084700 229.711300 249.754400 265.083200 277.823100 286.186900 287.463100 279.447600 264.538000 255.521500 255.173300 253.338200 250.512200 239.832400 223.451600 207.344600 194.934400 187.880400 204.257000 212.964400 220.562100 224.449100 227.769300 225.630000 226.079600 224.404900 218.599100 212.820600 211.479300 206.117700 202.979900 203.313800
* * * * * * * * * * * * 321.728900 313.696400 302.590500 285.125600 262.325700 244.309100 230.821400 217.048800 204.374800 214.166400 230.992800 239.425100 242.377300 246.448300 249.979200 248.116200 238.205800 228.250800 232.722600 246.417100 259.986100 272.431800 281.453400 282.762900 273.676500 257.258700 248.685600 248.015100 248.335300 244.076700 236.794600 225.265800 209.864900 198.533800 185.489300 208.265000 218.170400 222.298100 224.717800 223.873700 219.387500 219.935400 218.582000 211.544800 205.190100 201.852600 201.680200 197.035900 202.296800
* * * * * * * * * * * 313.485700 315.671500 308.417500 294.096900 272.078600 258.829500 245.626100 231.437200 218.806000 202.752800 221.826100 231.143400 235.563800 236.217300 233.363200 231.328600 231.466700 226.932800 220.228800 235.466400 247.609900 259.057800 275.368500 289.246100 285.388200 274.753000 259.581200 245.613800 235.031300 235.075500 233.155900 229.338900 219.739000 206.363400 198.708300 184.214500 208.163400 218.604600 221.745400 222.025000 221.300700 215.297000 210.879600 211.532400 208.622400 200.464100 196.448300 193.675900 191.665400 195.487200
