geotop/1.0zi/1.0Montebello/Templates/Duarriglenew/_dem.grass
north:109988.025579
south:85388.025579
east:125755.058093
west:110555.058093
rows:123
cols:76
[rows 54 to 80 of 123, columns 0 to 60 of 76]
* * * * * * * * * * * 230.306100 230.994900 231.473800 227.621200 219.987900 211.844100 204.168500 197.561700 189.310900 181.177000 182.539700 180.047700 172.371800 158.303000 153.754100 172.880900 172.417900 177.947900 184.545700 192.500500 192.235900 192.714500 197.581500 208.563600 211.789300 212.296600 211.969700 210.190100 202.408600 196.634900 191.609800 194.648600 206.876900 214.902600 219.669700 221.447300 219.163800 214.418500 211.358100 204.282000 195.734700 188.910400 188.346400 183.228400 177.553900 167.719100 162.216300 157.421800 153.533000 147.707700
* * * * * * * * * * * * * 230.701000 228.317500 222.588900 213.526700 204.477600 198.527300 192.510500 193.256700 190.365800 181.277100 173.743100 164.934800 152.978000 160.298500 164.718400 170.614800 178.870800 182.621200 182.527200 190.615700 201.280900 210.024300 212.456100 210.781100 209.038800 206.209300 200.618000 194.217900 190.192600 196.704000 208.142300 213.170700 215.113900 216.367800 212.418400 207.535300 204.942500 204.976000 201.114400 200.462100 193.483800 184.863500 174.737700 167.088700 161.129600 155.556400 149.996600 145.029100
* * * * * * * * * * * * * 230.467000 229.118500 225.270000 216.843800 209.162000 203.976000 199.552600 195.497400 188.903500 177.498700 170.809100 163.553000 151.632000 151.679600 157.382800 163.763100 170.706800 180.274200 189.260600 199.953900 209.982800 211.941300 209.905400 205.079300 198.949100 196.775200 190.813100 187.741200 185.941900 200.279500 206.549300 207.888000 207.135800 208.024200 203.057200 199.506100 198.795100 198.815400 199.997600 200.978900 200.611700 193.013900 183.670400 173.671200 163.961100 156.123500 150.928100 149.016400
* * * * * * * * * * * * * * 231.278900 231.754700 228.767500 221.704900 216.110200 208.375500 194.307300 180.243100 174.641300 171.582300 167.124500 159.403200 149.742500 157.561900 166.617000 177.264300 196.380700 203.775700 210.552700 212.015900 207.456300 200.104900 191.782100 187.246900 185.459600 183.220100 179.997700 193.297800 199.815200 201.233400 200.401900 198.248100 196.461600 196.795200 194.931400 194.459900 197.790400 200.002300 201.945800 202.074200 196.535600 187.996300 178.392400 167.124800 161.550900 157.650700 152.667600
* * * * * * * * * * * * * 232.431300 231.077800 231.026000 229.998300 223.671700 220.464500 211.177000 199.140800 191.100100 183.330600 179.244000 174.985000 165.677200 151.647500 150.953700 166.481900 178.239600 196.930500 204.884900 209.773200 209.458200 199.258100 193.498600 186.167200 180.627300 179.130600 176.441100 185.313500 198.428200 199.707000 193.863200 192.501400 192.366000 190.597800 193.064300 190.735300 196.893100 200.668000 201.531700 201.896100 200.820500 194.175200 183.958000 174.552000 167.629700 164.034000 159.867200 157.896700
* * * * * * * * * * * * 235.231400 230.897300 227.756400 223.872300 218.914400 213.132900 209.870900 210.771300 206.569800 202.329500 198.781800 189.232700 177.243100 166.550400 151.833800 149.824000 163.393600 174.816500 187.524400 197.835500 207.020800 210.002400 208.599000 200.591100 186.974000 179.020700 174.940300 174.009700 185.404100 192.749900 193.306100 190.006100 186.318800 185.700800 184.809200 188.310800 190.534500 192.805000 199.599700 197.688100 195.628100 195.718100 191.081200 187.259900 182.584100 181.092300 180.010300 174.726200 168.924900
* * * * * * * * * * * * 237.737800 234.531800 230.863500 228.721600 224.657100 216.784900 204.061600 201.013300 198.961800 196.005100 193.886500 187.848400 178.038300 163.475900 149.393900 148.698300 160.937800 169.989300 177.802000 189.719800 203.985800 211.414600 209.582900 201.592100 191.702700 181.883200 175.131400 169.441400 180.305800 178.929800 182.101000 182.207800 181.773800 178.673100 178.502200 181.184000 187.555100 193.372100 193.137500 189.995800 187.679000 188.505000 188.722400 189.417200 190.316200 192.121500 195.816500 196.690500 191.937300
* * * * * * * * * * * * * 240.254600 239.611200 232.843000 222.146500 211.964600 196.606000 188.325200 181.425800 178.981200 177.989200 180.053600 172.790800 159.805600 145.439100 149.272500 157.809000 165.267300 171.257300 181.285600 197.051000 208.345600 205.604000 198.044000 187.054300 178.552600 173.391600 170.980300 165.640600 170.098300 168.999100 169.758800 173.017500 178.795200 184.396000 191.824300 197.068200 199.044600 197.967400 194.686900 189.979000 182.243800 180.637900 181.845600 187.514600 194.536700 200.700000 201.615600 194.257200
* * * * * * * * * * * * * * 233.671100 225.401300 213.914200 212.030800 211.950600 208.391600 199.451900 184.811600 170.754400 169.585400 169.870700 158.746600 147.117300 150.428600 159.512200 165.517400 170.005300 180.007100 195.725200 201.024500 196.286700 187.987600 183.626100 177.708200 170.463000 164.529800 161.322800 164.452100 173.475200 180.013300 185.477400 193.819600 200.988600 204.981500 206.231000 204.004100 201.324800 196.996600 189.594600 184.209500 178.146500 173.830400 180.019800 188.039200 194.659400 193.686400 186.412900
* * * * * * * * * * * * * * 232.892000 227.446700 223.078500 223.499600 222.315900 223.049600 220.649800 204.080400 180.070800 165.692600 158.001800 151.487500 146.771800 147.118200 156.543900 164.315600 170.025700 179.795700 184.572400 189.211100 187.905900 182.446700 177.791800 173.121500 171.303800 161.971100 156.979400 169.811500 180.163800 190.406900 192.264100 197.929000 202.393300 205.745500 204.314600 200.426000 198.278400 192.845300 187.165900 181.136300 176.440800 171.231500 171.705200 180.002400 185.548500 183.472200 173.636800
* * * * * * * * * * * * * * 230.403000 225.171000 221.931000 220.456400 219.335700 217.807500 215.922900 204.322100 188.283200 177.843100 169.988200 158.524000 151.135200 142.649100 147.629000 156.625500 160.014500 165.922800 173.081200 178.931100 177.442400 173.830900 169.101200 165.096200 159.861600 156.135500 159.941300 174.545100 186.397900 192.777400 196.232400 198.634000 200.501600 200.843600 196.315900 190.883000 189.654000 188.115800 183.756800 178.789400 173.574900 168.887000 163.183200 171.904700 175.571200 171.768600 170.567900
* * * * * * * * * * * * * 231.736500 224.233300 219.074500 212.994400 213.097300 211.677000 211.904200 210.418300 203.620300 192.350100 185.236100 179.043300 173.927800 169.228800 145.690200 140.653300 144.315300 153.192400 160.772200 166.125000 167.946700 170.004700 167.349300 164.715200 160.908100 152.253000 152.370300 174.608200 187.408700 191.524400 193.382500 196.941400 199.991100 199.605100 195.448500 188.742400 185.459800 184.258200 185.085600 182.403100 175.848800 168.024100 168.181500 165.460200 158.337700 161.429100 160.647600 165.910500
* * * * * * * * * 219.830800 218.359700 224.161700 227.166300 224.561600 217.506700 209.486100 204.150100 204.849500 203.511700 204.935100 206.445400 205.442900 201.206600 196.356200 187.444100 180.084600 170.952100 152.460700 141.967200 140.513500 149.168300 150.048900 155.312900 157.159700 163.430000 161.062600 159.651600 155.866300 148.252400 167.215700 181.367000 185.608200 184.280900 188.081700 191.408200 195.271700 195.785000 191.407700 186.739600 181.307600 182.292800 181.614000 180.575900 173.768100 163.509800 155.670000 158.706500 160.008900 152.179500 159.993600 163.048700
* * * * * * * * 221.498400 218.346600 212.045100 217.203300 219.041300 219.654200 216.434200 209.468200 198.244800 196.864800 193.838300 196.795900 200.605400 201.516100 198.277700 185.435400 176.707200 172.528500 164.641800 151.507000 142.453200 137.739000 139.643700 143.006700 150.765000 156.549300 156.793400 152.761600 150.574400 148.926800 149.476500 160.010200 168.472000 172.923700 176.816000 182.708100 187.655600 190.930800 190.462400 189.995800 186.164000 181.830000 170.790000 166.649300 167.467700 164.711300 157.988700 152.095100 148.919400 154.241500 153.192900 147.315900 157.500000
* * * * * * * * 219.897900 215.581200 209.987700 210.807000 212.017900 215.643200 214.023700 207.178100 195.223900 187.221400 180.475300 181.667800 184.436200 182.066700 177.311800 168.509400 166.271900 164.943500 158.534100 151.795100 144.424800 141.592600 136.283400 137.890200 145.730200 148.673500 146.608700 139.628000 144.959600 152.692100 154.432100 154.232300 159.857500 165.377700 171.636800 178.063900 182.220200 185.763200 185.647900 185.637300 179.089100 175.932700 170.567000 165.718200 160.403200 151.127100 146.801500 144.042600 139.308600 148.062000 152.499000 152.888500 137.372500
* * * * * * * * 219.555100 214.568600 209.092900 205.540000 209.985800 217.577100 215.900000 208.473900 198.137700 186.997300 176.291100 165.976100 165.625400 164.738700 158.222200 156.694600 157.389100 159.313700 155.851600 149.197100 148.117200 150.020900 147.616700 139.786900 134.597900 139.915000 138.471900 147.051900 159.217900 163.802600 166.143700 161.141600 162.790600 168.174800 172.365600 176.459800 178.895600 179.397200 179.139800 179.146000 176.450600 169.065100 167.645900 165.536500 162.826000 160.768800 160.432500 154.708900 145.011400 135.994200 146.601200 148.969900 139.926300
* * * * * * * 226.041000 217.766900 213.241400 209.801600 204.233900 216.785800 221.474000 215.965300 205.067000 191.624600 179.116800 168.681800 162.132400 158.421800 156.851800 154.751700 153.061600 150.399400 150.420600 152.885800 150.712300 150.379600 149.957400 148.604300 140.998000 133.568300 135.964400 142.133100 149.096900 160.602100 170.719400 177.021500 170.656300 165.839500 169.240100 170.010700 171.752400 174.642000 170.465000 169.008200 165.538500 165.450100 163.795000 164.362700 167.213500 170.437600 166.800500 160.574600 155.894200 150.379400 140.646900 129.673400 134.903600 130.050300
* * * * * 225.241200 223.283800 218.778200 212.826100 209.685300 203.155500 205.868100 212.842800 211.881300 205.023900 194.491900 179.964700 168.403600 164.808900 163.547100 163.522200 163.417400 164.324200 162.809300 157.427200 151.555700 146.529800 149.818300 141.368900 139.988100 138.598400 137.645000 132.641100 140.987600 145.809700 157.398800 166.145000 171.038000 174.657400 169.229000 167.030100 166.527700 166.463600 168.075300 170.624500 167.828000 160.600800 157.048700 156.334600 159.370900 162.006700 163.389900 165.791400 162.470200 155.380600 150.425300 146.052400 141.489000 135.574700 123.565300 121.699800
* * * * * 214.366400 214.247600 212.596500 209.225600 205.325500 199.547100 195.959800 201.144500 202.276700 197.675400 187.781700 170.078700 171.430900 170.250700 169.999100 171.441000 174.068000 174.490800 168.834100 163.352000 158.773000 155.912400 153.821900 149.926100 148.627600 148.616100 143.162600 133.619100 136.734800 151.167800 164.342100 170.955600 172.408500 171.650300 168.677200 166.205400 164.345900 162.809300 164.658600 169.145200 170.001700 163.734700 156.027500 150.946800 154.321700 157.072700 156.967100 158.111500 159.186600 152.082800 150.280300 149.998200 144.017300 135.631500 119.134300 117.871900
* * * * * 208.839100 207.638600 206.656500 206.730800 205.875300 201.741400 199.998900 195.689400 187.675800 179.868900 180.839800 180.033700 175.983100 174.283500 174.285400 176.239000 178.855200 180.002100 173.791700 168.417400 165.013100 164.086200 160.480900 160.674700 159.998000 156.907800 149.390200 130.946800 145.687800 158.407100 163.805300 168.699700 169.331600 168.850600 167.517300 165.344500 162.562400 159.993200 160.419800 163.361300 164.146100 159.246500 152.756000 149.770200 145.956000 148.446300 149.165000 150.679000 150.988500 146.500200 145.768700 143.989000 140.854800 129.359900 116.211400 115.862500
* * * * * 205.497300 203.378700 202.069200 201.368500 202.904000 202.222300 200.864600 198.782400 194.620100 192.907500 190.373600 184.588000 180.000700 178.629800 178.138000 178.070600 176.183400 180.020900 177.353500 173.293500 170.638600 169.998500 165.960800 163.016300 159.996500 152.015000 145.981900 129.677200 143.462900 151.795500 159.308500 164.731300 165.541200 165.978800 165.555300 161.328100 161.518000 159.063400 157.568300 159.599500 158.964800 157.417500 156.324100 150.656200 145.059200 140.590300 143.713400 141.809700 138.291200 138.333400 140.795700 139.719400 133.802900 123.753300 114.765700 116.129600
* * * * * 202.588400 200.528400 196.494000 197.747900 199.067000 198.926700 198.024300 195.836900 193.396100 191.243900 188.909000 187.614300 184.644400 182.388800 180.494400 177.074700 169.897500 177.123900 179.610600 176.700900 173.230000 170.724400 168.805900 161.515000 153.898800 147.397200 142.166500 129.013100 136.708600 154.469100 160.384800 160.268000 162.022500 163.039600 163.135600 159.439500 158.111100 155.058900 159.184100 159.276500 158.456200 159.274000 153.132300 149.085900 143.623700 138.563700 133.383200 130.961600 129.507300 130.026700 135.892800 134.855300 131.118300 119.977100 113.576300 122.954300
* * * * * 199.177100 198.761900 190.595600 192.492600 194.261200 194.823400 194.418700 192.680300 188.623800 181.803100 181.892100 182.232000 182.801100 181.109500 177.913400 172.297200 167.531100 171.575900 175.876400 174.544900 169.596400 170.955100 170.360400 161.751200 150.528200 145.448900 141.327000 130.710300 130.240900 152.529600 152.193700 154.509100 158.784500 159.998000 159.995400 159.983700 154.662700 152.533800 157.965400 162.112200 154.885700 149.996700 148.894000 146.322900 143.015000 140.841400 136.032100 131.570600 126.897700 123.313100 131.601000 130.068800 120.294700 113.778900 113.152000 120.099300
* * * * * 195.859300 192.768400 188.604800 185.571000 189.003100 189.934400 190.655200 186.657200 176.408100 169.379500 169.391700 172.929300 175.436200 173.089500 169.256100 167.608400 163.159400 163.172000 166.267800 167.853000 165.169400 163.465600 164.762800 161.007300 151.424500 145.493100 143.131400 140.948000 129.542400 145.540300 146.093200 150.038300 151.546100 152.100300 150.968900 150.445800 150.814700 150.177600 148.211800 149.062300 146.916600 144.831600 146.467700 145.946700 143.905200 140.852800 136.470300 133.172100 131.972400 129.387000 121.487100 116.746200 116.186900 112.033500 114.950200 124.740500
* * * * 200.365300 196.985700 192.950100 187.524400 181.148300 178.776700 177.760900 176.323100 170.600300 171.112400 168.777600 163.408800 160.921100 166.466000 169.690000 167.799100 164.184300 162.419100 156.371800 152.079600 155.241000 158.749300 155.190300 157.785000 160.988200 160.924300 147.487500 143.239900 141.999800 127.220700 135.474700 141.332400 144.828000 141.643900 139.458700 139.367900 144.263700 149.213700 147.060900 140.902200 141.208000 140.765400 141.636400 142.663200 143.619000 145.540000 143.938700 141.432400 138.422000 135.686100 132.986800 129.128400 119.267500 113.076100 111.086900 115.030000 133.560100
* * * * 200.361600 196.985000 190.445600 186.957600 188.739400 183.226300 177.168500 176.818600 180.527700 180.333800 175.683300 170.825300 162.218800 163.453100 170.822300 169.643800 163.473500 158.923500 152.584600 146.826400 143.541400 144.709900 148.250900 154.145500 156.059200 153.746200 147.267300 143.224900 140.325100 130.175600 128.484300 135.325300 136.106500 134.256600 136.696100 140.813900 148.990400 149.992600 145.823500 140.008500 137.821000 141.802600 144.675700 148.437600 150.531900 150.307900 148.090700 143.541800 138.499800 133.544700 131.334200 126.547400 117.606900 111.186800 110.333400 119.969700 134.959800
* * * 200.009800 197.231200 195.523100 192.686100 191.282400 191.513100 186.484700 184.246200 184.732600 185.462500 179.436400 175.871900 171.343000 164.927500 159.045200 161.672900 163.341000 161.373100 154.186000 150.777200 147.303700 147.150100 141.225700 147.420100 151.033200 148.982700 149.199000 144.789200 139.148800 134.305700 130.004700 126.012700 127.384000 129.068800 135.394400 141.485600 142.800400 145.854600 148.935300 147.172900 142.584500 139.854200 140.030600 144.767600 147.026600 147.250800 146.620300 144.860600 141.953600 136.781300 129.429600 121.833000 117.943200 113.583900 109.546100 109.384200 121.192000 129.418200
