geotop/1.0zi/1.0Montebello/Templates/Duarriglenew/_dem.grass
north:109988.025579
south:85388.025579
east:125755.058093
west:110555.058093
rows:123
cols:76
[rows 27 to 53 of 123, columns 0 to 60 of 76]
* * * * * * * * * * * 292.882000 291.770900 287.542800 281.720700 271.316300 260.020100 245.572600 232.597200 223.653200 201.182000 209.721000 226.102900 230.414400 229.561400 224.284400 219.979800 217.962300 215.037400 234.405500 250.896600 263.598600 279.699200 286.643600 286.971200 279.168600 270.763500 257.982100 243.801600 234.721400 221.569300 222.742500 220.002200 210.301800 200.866900 190.945800 191.644100 209.986300 216.802000 218.807500 219.193300 212.664100 208.803200 204.575100 200.734200 199.990800 196.107000 191.689800 191.649100 187.136500 187.943300
* * * * * * * * * * 289.364700 282.024200 276.461300 271.906900 270.857200 265.441100 251.456800 237.446100 228.437400 221.520300 210.001200 201.423700 219.133900 221.661200 221.706500 217.091000 209.716600 210.880900 230.556100 246.190200 261.451100 272.989900 277.582700 276.750000 274.712200 269.673800 263.850800 252.953600 245.893000 229.266800 218.751300 208.965800 210.794900 206.080700 200.572800 189.109900 191.361500 210.033400 212.115000 210.854900 210.445300 208.038800 206.103100 201.873200 197.126300 190.492700 187.624400 188.773300 184.442700 185.761700 191.823900
* * * * * * * * * * 285.920100 268.216300 262.320200 259.992700 261.488600 258.071700 249.853800 238.300400 228.959600 220.243200 210.502300 195.307900 200.011800 205.087600 207.578300 205.377700 201.016400 215.617800 228.736100 239.511300 252.602600 259.832100 263.305000 263.551600 265.427600 270.605400 275.662300 275.073100 269.120400 259.996500 243.485400 218.388200 200.216600 191.228400 188.330800 180.085800 193.491100 202.367600 204.175600 201.704100 202.771300 203.228900 201.920900 201.474900 198.648700 193.440400 186.709600 179.991000 188.504900 204.014600 203.039500
* * * * * * * * * 292.711100 273.335400 256.317700 252.481100 250.781100 254.083600 258.315300 257.053200 252.108100 250.689300 244.575400 232.342100 210.138000 192.039100 193.052800 194.085000 195.312900 197.161300 207.568700 217.606800 231.270600 243.923800 252.617200 252.337300 253.261100 258.567600 268.846100 279.426200 277.012300 270.013500 257.070600 240.367300 220.464800 204.243900 195.714600 190.214200 181.507100 176.259800 186.569000 192.691000 193.543600 197.321500 199.990300 199.154000 196.969000 194.879100 190.890300 177.355300 197.877400 208.189800 206.346500 199.703400
* * * * * * * * 287.077300 278.440200 263.603000 253.993400 245.961800 242.831200 248.298100 261.261400 264.160500 258.009300 250.151500 241.818900 233.544100 224.709700 218.071400 196.176900 189.211300 190.312600 201.057000 219.272600 228.997900 235.915800 240.129900 242.567600 241.719100 244.103900 251.617600 260.153300 262.791100 266.172900 259.840100 248.584600 232.502500 215.879800 211.849000 207.797200 198.513900 188.052200 180.007400 175.884000 185.687500 192.481200 192.831300 195.355200 195.984600 191.647300 189.920600 180.180500 187.084700 193.720900 188.055400 186.745400 190.391200
* * * * * * * 274.745600 271.448600 268.885900 264.245900 258.057900 248.308000 240.513300 240.163700 250.879700 255.113000 251.855400 242.636600 235.508100 227.952400 222.313500 216.535600 206.354600 193.313200 187.333500 196.015600 211.141500 220.827900 228.691800 233.620100 234.356400 233.161100 239.040800 243.157200 248.423600 255.826100 259.742700 254.410400 244.830700 235.113100 234.496000 229.714900 215.506000 199.869700 191.436200 183.640900 179.985700 176.449100 184.676300 184.773700 185.750100 189.288100 186.152000 183.536800 178.115800 175.341100 177.567100 180.425200 189.869100 196.988300
* * * * * * 269.996700 265.563500 259.327300 256.350100 251.780400 247.564100 240.105100 236.196600 228.888200 239.105400 245.831700 246.201200 240.095300 232.240200 223.326600 215.400300 209.010200 203.448700 196.452000 185.617800 189.353400 205.740300 218.244100 223.347200 226.395900 224.686700 223.814400 232.008800 242.399900 252.312900 262.696800 264.229500 258.153200 249.401900 241.943300 235.427500 217.934400 204.905300 194.306000 188.451500 185.107900 181.722700 174.937000 171.572300 170.027500 172.880200 180.926400 180.075300 176.735700 174.667200 170.458500 170.880400 178.476100 187.052300 194.493200
* * * * * 271.356700 263.358500 256.779700 250.056700 244.340600 238.084000 235.097100 232.770900 230.680800 223.467800 226.238600 233.366300 238.939500 237.658300 229.989900 223.010700 215.834400 206.434400 199.402500 191.061100 183.488400 200.414600 211.158700 215.986500 212.524300 213.498600 221.300900 233.178900 245.670800 253.925400 268.134400 278.052700 274.929000 262.754200 240.320100 223.928800 212.545300 206.484900 202.868600 199.987300 192.938800 189.485800 185.483300 182.232500 174.632800 172.615700 167.431000 167.869600 169.195800 170.000400 170.542000 167.425000 178.584700 189.590000 194.967400 198.954200
* * * 273.644000 270.367600 262.914400 256.008900 249.595100 244.156100 238.452200 232.623700 228.021300 222.008600 223.055100 220.632700 216.130000 224.778100 231.777200 235.045200 233.215700 230.385300 222.108900 207.335000 198.141800 189.870100 185.703300 202.685400 209.568500 212.042600 203.056000 219.720000 237.056000 244.819000 252.282900 257.715400 262.095300 266.628300 267.278900 257.265400 247.318500 244.800400 245.389800 244.431700 238.181600 224.338700 207.235700 202.976200 210.011500 204.645100 193.943800 187.337300 173.695600 163.336900 173.919200 168.987100 164.551100 183.880600 200.276400 202.310300 202.367300 204.780500
* 284.126800 278.942400 273.550000 267.801100 266.558000 262.709100 259.299400 250.713200 243.787400 237.044000 231.558800 224.062000 215.560500 211.783600 210.186800 217.385400 222.333600 229.978200 230.548200 223.263100 213.880900 204.122700 195.218100 183.935100 192.359000 201.860600 194.285100 199.504700 203.792900 214.089400 221.614100 229.336800 239.247200 247.333800 255.938700 262.241100 265.345000 264.966900 269.385100 269.475300 263.449600 256.312800 244.970100 231.565500 218.740700 210.982400 209.999600 208.866300 201.394100 193.108600 179.980500 164.566100 161.701600 161.882400 178.677800 193.518000 203.029200 203.240900 200.435800 200.694600
301.362200 295.647300 293.428600 291.357500 284.652000 277.883900 272.807800 262.114100 250.017300 242.423600 235.984600 230.020400 223.450600 217.472000 210.806700 204.832900 210.617300 211.630900 218.478700 221.052700 217.044600 211.384500 205.535200 199.244100 192.071700 178.192000 182.275100 195.177300 203.176900 210.407800 219.955000 230.076500 241.522200 252.524600 254.980100 259.643700 261.312100 261.268900 263.426400 266.786500 264.028300 259.899600 250.003700 239.079200 227.144800 218.183000 210.917800 203.374200 199.168000 193.482600 187.989400 179.322300 172.890000 164.090100 159.431100 179.994100 182.451600 188.685500 188.196700 189.314700 194.677700
313.134000 311.248800 301.866700 291.071300 280.335700 271.875200 261.285300 252.533600 247.043900 242.756300 237.648300 231.449700 229.478900 219.499400 214.138600 207.241400 199.418100 202.617100 209.948900 217.811000 219.076000 214.849600 210.015400 204.437500 197.440200 182.359100 192.055900 215.073700 220.197200 228.535500 234.247400 244.478300 253.675000 259.314700 255.214500 253.291300 249.818900 249.776700 252.793000 253.885700 255.130500 252.399700 244.266400 233.292700 220.663200 214.234500 208.793400 202.699600 195.719400 186.432100 180.042100 173.631200 168.327700 172.520400 166.263200 158.275600 173.410400 175.904100 183.665300 195.568600 209.872800
* 305.810900 292.286300 275.865700 267.313200 260.529300 255.868900 250.584400 245.889700 242.034800 239.571700 238.704900 235.646200 228.156200 219.291400 212.515000 204.437100 196.210100 208.705300 219.962800 217.691100 214.330600 212.158000 212.373000 209.094000 180.206200 198.989500 224.157600 232.163800 234.867900 238.227800 242.701800 249.260900 250.001400 244.878100 239.948300 237.493200 238.684100 239.952700 244.273200 246.921300 245.174300 238.919100 225.331400 214.367100 205.468200 201.439800 201.187600 194.780200 184.216000 177.504600 181.752100 181.678700 179.909900 176.766400 158.610100 158.828400 185.768000 203.214600 216.451400 223.223300
* 293.401600 277.600900 267.720300 261.646300 257.086200 252.218700 248.034300 244.444400 242.581800 243.256100 244.374700 243.146300 237.703700 231.009700 223.122800 213.365000 204.659500 190.017400 201.676500 199.819400 203.988100 207.983600 208.359200 199.871300 174.542400 214.689800 229.916100 232.708700 233.661600 233.637500 234.442400 236.740300 236.887100 233.348800 226.897400 232.796600 238.194500 240.918300 244.261700 243.702300 237.570200 228.686700 219.764100 214.421800 211.354900 200.225900 191.778400 188.053900 187.689100 192.359500 190.416700 185.424400 176.251600 169.840000 161.126000 155.759200 197.462800 213.739900 220.085200 218.460500
* * 270.001700 261.077500 256.031700 250.573600 247.902800 243.380600 241.051700 242.014100 245.349200 248.307500 250.006500 246.971300 240.635400 230.194500 214.398700 203.590900 194.642400 189.455100 183.697200 181.131100 187.071700 184.503500 178.538500 192.040800 226.595000 233.640900 233.174700 231.466500 227.614100 224.566600 228.161700 227.239500 219.463900 234.313500 243.905600 249.142100 250.539700 249.008100 244.142100 240.004200 232.963900 226.780200 221.787200 213.208600 201.397500 192.944100 192.726100 199.945400 200.307700 195.816700 186.817200 175.836700 174.843000 170.772400 154.587000 195.565400 200.170500 204.514500 204.196500
* * 263.618100 257.338700 250.676700 243.484100 240.966900 238.277600 236.039900 240.051300 240.804400 243.518400 247.889200 245.115800 236.984800 225.712600 216.408100 210.139000 205.667600 200.543900 194.077600 191.188000 185.618600 176.088700 176.795300 189.587300 224.495300 233.384000 232.120200 229.812900 223.186600 215.939400 214.075400 212.494900 216.652700 228.544700 244.597500 253.593700 252.168900 245.679100 240.798300 238.039900 234.672600 230.618200 220.535700 210.368100 205.256800 198.793900 199.255400 200.004700 193.612800 185.614000 183.140700 182.942100 176.155300 172.659300 153.955300 182.576700 192.301100 195.024800 194.850100
* * * 254.489700 247.783900 239.625300 233.936700 230.535700 228.820900 227.651800 229.406200 233.310800 236.593900 244.187000 246.135100 240.892600 231.330700 221.221000 220.800800 217.660000 209.995700 199.221700 191.825500 182.227200 169.611700 195.513500 216.432900 223.252400 226.262100 226.066100 221.516700 211.351200 206.967300 212.766400 219.513200 226.972800 238.539600 245.466300 240.912200 236.772900 236.178300 236.705400 236.025700 233.270200 226.587300 220.027200 211.639000 203.940000 202.582100 199.306600 197.049300 197.583400 188.605800 181.893700 171.404600 168.761600 153.283900 184.113700 185.555200 184.169300 185.152300
* * * * 244.379100 237.935900 231.516100 227.582100 222.334000 216.638700 218.004400 228.726900 239.275900 250.567700 252.227300 241.415700 231.030600 226.494400 224.081600 221.412200 214.175700 204.852800 194.690900 177.753800 168.928300 184.977900 191.635500 201.936800 210.770100 220.299300 218.453900 210.614800 203.763900 207.745200 223.209100 228.696200 228.932500 231.285300 230.841400 229.992100 231.506700 237.635100 240.560800 240.997700 234.060300 223.191100 213.521900 208.999100 207.222800 204.401000 205.869000 207.419300 203.849300 191.876000 178.038100 160.227300 153.032400 174.493100 170.035800 181.003800 207.801300
* * * * 246.023100 241.754500 240.027700 239.979100 234.518800 225.054900 211.105900 215.319100 225.556700 231.688100 230.408900 223.993000 214.615000 216.081800 216.629600 214.580200 209.107000 198.826600 189.131200 166.554000 170.621000 183.163800 191.679400 208.867000 218.515400 219.547900 215.712800 212.503500 205.849700 198.145700 211.078600 214.241300 216.572100 219.053200 220.401400 226.920800 237.475300 242.391600 243.936300 241.856500 231.356300 225.048500 222.598900 222.919500 219.976200 219.899500 219.352300 214.603500 207.314500 195.756900 176.343700 159.983100 151.868800 160.038400 180.020800 190.346100 207.554700
* * * * * 242.532500 240.830500 239.973700 233.384900 223.808200 212.292500 202.102700 202.421000 208.724400 207.493300 200.077500 195.299900 201.699900 205.890200 202.641700 196.470000 188.463100 181.336100 165.618500 175.691000 187.123600 199.244600 210.070800 216.739700 216.573300 211.488700 208.045100 202.010700 195.907500 197.945700 201.469400 207.002800 210.653500 220.040700 234.194600 242.862800 247.287300 245.667100 240.827900 234.895500 230.085500 228.789600 230.243600 230.540200 225.905900 220.691100 209.953500 196.355600 181.302100 166.521400 165.476600 159.324400 149.356000 183.005000 191.069400 199.858200
* * * * * * 233.281500 228.101400 221.571800 215.432200 208.561000 202.646100 196.906100 193.293700 189.794200 186.758800 183.216500 184.181500 186.225100 186.629800 184.586700 179.110200 173.047100 165.259200 174.893000 189.864700 201.229000 206.307900 207.303700 206.964000 204.262100 199.874800 195.580000 191.792600 200.023000 207.358000 211.482300 213.821000 221.105900 232.796700 241.607600 245.501200 242.442200 236.455000 228.974200 227.829600 229.780500 230.408300 226.141100 215.999500 207.065600 197.069600 185.044700 185.567400 190.453500 175.768800 162.883200 148.128800 170.008200 183.314600 186.867200
* * * * * * 226.686800 220.040500 215.186400 209.670100 206.473200 204.586800 202.156500 200.642200 196.888700 194.685000 192.992600 188.553700 185.722200 181.925300 178.030600 174.805800 168.056600 166.436200 180.054200 193.775400 199.021900 198.632000 196.573700 193.722700 189.918700 186.459600 187.933800 194.994000 207.801000 215.451000 220.555900 219.676200 220.408800 228.528100 235.819400 237.280600 233.862700 225.776500 219.090600 225.029700 230.002100 231.686600 229.783700 222.678400 216.214600 206.293000 204.171600 204.980400 197.653200 179.394500 164.599200 150.212900 151.643300 172.545800 173.772600
* * * * * * 226.642600 221.351900 217.310600 216.602500 213.497000 211.297500 209.577200 207.464200 204.947200 203.446000 203.601200 202.411800 200.046300 192.607400 188.130400 181.944700 172.588900 165.144900 173.493700 181.505600 187.197500 187.821100 186.664900 180.787200 187.360200 193.629700 198.504300 205.852000 211.063700 217.057200 220.633300 220.457200 220.211600 223.364100 228.426300 228.114300 222.607700 212.502500 219.938800 225.808200 230.341800 233.947300 233.920100 232.164800 227.947500 221.351600 221.451000 216.179800 199.432500 182.118300 169.267300 158.743800 146.543500 159.885800 164.739100
* * * * * * 231.791400 230.365400 229.917800 225.939500 221.247500 218.526700 215.527400 216.887800 218.687200 222.388400 222.913400 218.932400 213.426200 210.162300 199.577300 183.970100 174.253100 164.496300 163.481300 174.594100 180.552200 177.310900 174.085500 186.447800 196.662800 202.080300 206.997000 212.111600 214.553600 219.582800 220.236100 218.902500 217.520500 221.653800 223.790800 222.240300 216.113000 208.967500 212.555200 215.107700 220.730500 226.784500 230.961000 228.365900 224.180600 220.054900 220.005600 215.419600 203.612900 191.352400 183.813900 179.491500 158.906200 144.469800 152.956900
* * * * * * 248.692700 251.856100 248.383200 236.264900 225.689000 222.649900 219.540000 219.348100 217.466200 221.314000 218.782700 217.354500 213.893600 211.674300 199.955000 187.467500 177.714000 168.868900 158.529400 162.135400 168.451800 173.237600 184.533500 196.398000 209.969500 211.213500 210.978300 213.328700 215.874600 218.283400 218.852900 216.356700 213.355800 215.637200 217.424700 214.527200 206.444900 203.199600 205.963400 211.250100 215.427500 220.945500 220.713300 217.645600 211.668000 210.123900 208.396600 205.224800 195.412400 188.062200 181.726900 179.998400 172.126200 154.202800 142.283700
* * * * * * * * 242.693600 231.877700 227.875300 223.751900 220.304600 216.835500 210.870600 209.179800 207.251200 204.804100 204.111600 204.821100 199.900700 189.261200 181.681400 171.448600 157.833700 178.320100 182.587400 177.369300 193.396100 206.741100 211.269300 211.082800 209.998000 210.994100 212.752800 213.896100 216.371300 215.356700 212.297900 207.343900 207.252300 203.502300 198.950500 201.081200 208.359300 217.233000 221.426000 223.157800 220.055800 209.211400 200.552100 195.942200 193.681500 185.657300 177.747500 175.326900 171.260500 171.001700 166.410000 153.777800 141.566900
* * * * * * * * * * 231.244300 229.201000 226.814600 223.308900 219.848700 211.905500 204.863700 198.750400 192.117600 190.496700 187.900700 177.962200 167.333900 166.097300 156.707200 168.986600 175.625500 178.102000 186.709500 196.174200 199.877300 201.193000 201.151900 203.900500 205.157700 210.505300 213.498200 213.644600 211.161000 205.025100 198.240900 195.543500 194.106700 204.057100 217.007500 222.519200 225.714400 224.077100 219.579000 210.854800 202.363600 192.656800 181.858800 174.689100 168.762600 163.805900 159.174500 154.240300 149.576600 149.799100 140.498100
