geotop/1.0zi/1.0Montebello/Templates/Duarriglenew/_dem.grass
north:109988.025579
south:85388.025579
east:125755.058093
west:110555.058093
rows:123
cols:76
[rows 81 to 107 of 123, columns 0 to 60 of 76]
* * * * 189.997300 190.015500 189.994700 190.516300 189.785600 189.902800 194.097200 192.074600 185.105700 179.159700 173.504100 170.716200 165.052100 160.355000 151.508900 151.345400 148.732600 142.608000 141.282700 138.713500 137.269900 136.552600 140.003400 141.823900 140.826900 141.977300 139.875800 131.158800 127.036200 126.782800 125.293400 125.370700 127.640300 128.823000 134.284100 137.498500 138.396300 143.660900 143.632800 137.982600 134.833300 140.260600 141.639400 142.290600 142.203400 141.117200 138.033600 136.482100 132.250900 126.509700 120.815900 114.068700 110.975100 108.445000 112.796500 121.867300 124.004400
* * * 182.360400 179.990000 183.549600 185.782800 187.032500 188.556600 190.353000 192.767000 187.591800 181.750900 172.196600 167.281900 162.082600 158.611500 151.361900 147.671900 143.306200 139.983500 137.019000 136.817800 136.578400 135.832700 133.879300 133.577700 132.526700 131.452400 130.595500 130.330200 128.270900 127.256700 131.276700 125.968100 124.135400 125.223800 126.878900 128.066200 129.378600 136.972200 141.576500 140.448600 131.976300 136.559500 133.162900 132.160800 133.864700 132.797800 131.958300 130.785600 129.990700 127.547900 121.022500 118.102300 111.113100 109.349400 108.524700 107.622500 107.301000 112.491400
* * * 179.048200 176.129500 177.813000 181.640600 181.397800 183.095300 184.964600 187.591200 186.002600 180.657600 170.743800 165.170300 159.520700 155.154300 151.453000 147.145100 141.520300 138.743800 138.948200 139.673500 143.553300 153.520600 149.573700 147.567500 138.771000 136.461500 137.076900 137.946800 138.684400 140.040700 139.661300 132.042600 128.231700 123.746000 124.282400 124.719600 124.377700 131.286200 133.248000 131.467100 127.438400 120.906000 123.242000 119.991100 122.684800 121.827900 123.443600 122.533800 120.000600 118.955900 115.340600 110.973300 109.521000 109.565000 108.879700 110.049300 118.567000 109.170300
* * * 173.794000 172.207400 169.767900 176.145800 178.853000 177.658000 176.903400 180.644300 183.985500 181.993000 176.825400 168.082700 162.316500 157.952500 151.451500 146.419400 140.197700 143.234300 146.768800 149.761900 161.406500 159.361400 151.778100 146.351700 141.024500 141.025100 142.431700 146.389300 147.599500 148.392100 145.498700 144.060200 140.152400 130.040300 122.288800 121.819300 120.876800 120.155200 120.000000 119.538100 117.952000 117.009600 116.267100 115.905900 114.783900 115.763100 112.858800 112.679500 113.617800 113.195500 110.486000 120.697500 118.265100 115.479400 110.059100 118.086100 119.995300 114.330200
* * 176.993300 174.081300 169.957400 166.587800 170.050200 183.149500 180.723900 171.391100 176.814200 180.340300 180.645800 174.718100 167.364800 160.028100 155.042900 148.129900 143.600600 144.647800 158.059000 162.751000 163.070900 166.659800 161.288300 156.684000 149.534300 146.836200 145.176500 149.976900 156.456300 162.016000 162.052400 161.128900 151.331800 144.332100 139.461800 133.454100 126.187400 124.049200 121.422900 120.254800 118.535100 117.618500 118.017000 118.064200 117.755900 114.983800 115.084500 121.769700 121.361200 123.090200 122.216700 123.597600 126.310000 130.923800 124.388700 112.023400 121.029300 122.171400 119.537600
* * 179.752500 177.563300 173.348000 168.236100 162.911300 170.621400 171.108300 167.869900 172.254000 169.823000 166.570900 163.603100 157.766100 152.552900 151.197500 144.632500 144.808400 153.937900 164.558600 170.868000 174.051800 175.310000 171.644100 164.757000 157.720000 152.766700 148.986200 152.773100 158.145800 160.209200 160.981200 159.107600 153.096100 148.823500 144.904600 141.193100 134.886300 128.413600 122.853100 126.599600 124.950400 123.995700 124.285000 123.934900 121.323100 119.030300 117.330700 119.859300 132.114900 136.708600 132.438300 128.539300 120.274900 125.006500 120.673700 112.921700 122.971700 124.637400 121.314800
* * * 180.990600 177.375500 173.891700 166.629400 158.986200 157.888400 160.470800 161.326800 157.888600 151.581800 149.987700 149.547100 146.801400 145.467700 146.032100 149.464100 162.334200 171.556900 178.093300 182.385700 183.434400 178.814000 172.700500 166.213600 158.396100 152.552300 153.580900 155.990700 156.716500 159.234400 160.218700 156.866900 151.862100 148.022800 143.562700 136.843800 127.772700 123.780900 131.098100 131.782500 131.021400 131.804100 131.050400 126.339100 122.533000 121.036700 118.389400 122.553000 125.737800 126.719000 122.830000 118.084900 117.418400 115.278400 118.353200 125.315200 126.196900 122.901100
* * * * * * * 160.216600 159.858500 157.849700 154.892700 153.956800 152.258100 152.420600 152.720700 149.609600 147.509200 148.404300 155.539800 165.141100 173.682000 179.528300 183.581100 185.334900 182.224700 178.289000 172.670200 164.581700 158.368500 156.468400 154.097900 153.477700 158.564900 160.648300 156.409000 149.878300 147.912400 138.704700 129.105800 130.690300 131.762000 133.253600 132.330800 130.550700 129.713800 129.079100 127.091200 124.858300 122.487100 120.192000 120.227800 120.708700 120.403500 118.826900 116.706300 114.565800 115.071500 120.012300 129.028900 128.753800 124.324400
* * * * * * * * * 166.656300 160.382100 158.292300 156.759000 156.394900 155.593100 152.257500 149.351300 150.052600 159.381700 164.725600 172.300600 177.155000 180.233400 181.274400 179.215100 176.770900 170.988600 166.751200 161.257700 156.504900 151.569100 149.229400 148.384000 148.269600 145.142400 143.333500 139.678900 130.637200 129.862700 132.814100 134.403800 135.751900 132.803300 129.683400 127.876400 126.685000 125.474900 123.145700 121.732600 122.948000 123.163600 122.438900 119.994200 118.589500 116.403900 115.538400 116.427800 121.165400 130.549000 130.278000 126.022400
* * * * * * * * * 168.277500 163.524900 160.394800 160.439000 160.000600 160.013100 152.431100 151.173100 156.636700 162.177700 166.347800 171.810700 174.446700 178.481500 179.210100 175.636400 171.158900 166.476400 162.940400 158.861700 153.993800 149.996100 145.659600 141.196600 137.693700 136.877100 134.025800 136.400100 140.199700 139.150300 137.469500 137.051300 137.668400 134.965300 130.331700 129.527400 128.755200 127.545500 125.616800 125.788100 127.979700 129.987300 128.070000 123.661900 119.817000 117.050800 116.426300 117.695500 121.379800 133.078500 131.328800 127.309500
* * * * * * * * * 168.817100 165.157400 165.975100 165.647900 165.624700 160.923200 153.030200 154.505900 158.825500 166.582600 169.990700 177.483200 182.222100 180.120900 179.995600 178.125000 173.060800 172.002000 172.870800 168.989800 158.915700 154.293100 150.935400 141.550100 143.769700 142.883700 146.936300 147.255200 145.088200 144.623500 142.087300 141.484500 143.582500 141.165200 138.364900 136.733400 133.239000 130.669900 128.518600 127.680500 130.413200 131.658300 127.181400 120.968700 118.896700 117.125900 117.513400 119.242800 124.861100 136.059800 132.468200 128.894400
* * * * * * * * * 170.348400 171.453300 173.252200 170.678900 170.007000 162.586400 160.257100 156.954000 162.038100 169.497000 178.837900 186.144700 191.674500 191.146300 186.635100 181.982200 180.092800 182.041300 182.195000 178.984400 168.772900 158.384800 153.367000 148.950400 153.178200 150.051800 152.945100 154.682100 152.575300 149.931300 151.695300 152.339700 153.739300 151.553100 149.207900 141.730100 135.202200 133.021000 130.328200 130.467000 133.876500 131.704900 126.298800 120.319300 118.716900 118.094500 119.152500 123.714600 130.700100 139.999300 138.973400 133.062000
* * * * * * * * * 189.165800 188.304200 182.014800 176.407100 170.617900 168.807800 162.575800 158.267000 162.933200 170.599400 177.511600 183.058400 189.641100 192.093800 191.298100 191.575500 189.653300 186.085700 181.489400 176.798300 170.653900 164.033500 157.136500 151.840000 160.700800 160.684900 158.930300 160.145000 156.875300 153.368500 154.315800 155.957500 154.219100 147.483600 149.547300 148.129800 140.627700 136.609600 134.567600 135.376000 137.855000 130.557600 125.707400 123.413500 120.555200 120.530200 124.239200 129.467300 137.058400 142.529100 142.455900 140.529500
* * * * * * * * * 191.807700 188.322200 179.090900 174.051500 170.933100 166.754900 160.786100 161.887600 167.399600 172.703200 178.320500 184.483600 191.274500 192.834800 193.190500 192.589800 188.457800 182.103100 178.647400 172.757200 167.959900 163.286700 154.266400 158.884100 164.537800 164.401200 163.060000 162.776700 158.364100 157.721100 158.511200 158.810600 155.528200 153.705400 151.022200 153.486300 147.179100 143.734300 141.026400 140.953500 141.571100 135.780300 128.236300 126.298000 124.381100 127.175600 132.283400 135.845900 141.919600 146.658100 146.767100 *
* * * * * * * 188.622500 184.938500 184.259800 180.513200 176.266800 170.647900 167.212200 163.466500 160.088300 161.014300 169.485600 174.497900 179.686800 185.149500 190.493100 192.211500 192.956900 191.865700 186.850000 179.959100 174.352600 170.003400 165.123000 160.406100 161.637800 166.343900 169.361000 168.213400 167.395600 165.972400 163.960800 164.042300 164.359800 163.401100 160.045400 161.120000 159.121200 154.929400 152.581200 153.976500 150.641800 147.289700 140.865600 135.143600 134.702700 130.005800 129.424600 133.563100 137.931800 141.924300 148.995300 151.555000 * *
* * * * * * * 189.446900 188.325700 184.587200 185.145900 179.965700 174.042500 170.371500 166.604700 163.443500 166.474800 170.058400 176.461100 181.336100 185.058900 189.607600 191.628100 193.848400 192.249900 188.518800 178.177500 171.155600 167.423800 163.328700 162.960300 164.742900 171.830500 179.177800 178.764700 174.917200 174.850800 175.010700 174.687500 172.784900 169.394100 167.500000 164.912900 162.746300 161.633000 161.533400 161.531600 158.905500 153.477200 146.270700 145.770400 140.181700 135.421400 136.241200 140.931800 146.827600 149.896000 150.778000 * * *
* * * * * * * 193.657100 190.664300 188.731400 190.607100 182.315700 176.533600 170.659600 167.053800 168.074200 171.483300 171.234000 178.776200 182.470000 188.366400 191.578400 193.153700 195.841000 193.619800 188.874600 180.030100 175.700500 173.631000 166.307700 170.973500 169.594700 176.875200 183.919600 186.123700 184.146300 184.948500 186.002200 184.140900 181.692200 176.811600 172.074600 171.749600 169.639500 168.863100 167.774100 167.016800 165.027600 160.393200 158.389000 157.047800 153.062600 152.046800 148.215600 151.132200 152.581500 153.673800 150.331100 * * *
* * * * * * * * * * 190.439300 186.002900 179.604200 172.378500 171.664800 172.959700 175.009100 177.912700 175.590100 188.687500 194.741000 197.400500 196.750800 198.402800 195.466600 190.480300 185.839800 180.365200 173.087500 170.683600 175.326600 174.216100 179.073700 185.808900 191.631700 191.309400 192.434700 193.762200 189.123600 184.696100 180.291800 178.241100 177.920700 174.265000 175.567400 173.608000 173.990400 170.973100 169.191300 168.297600 166.198400 156.251300 161.999000 160.707900 158.128800 157.265700 154.927700 * * * *
* * * * * * * * * * * 185.825100 180.860400 174.467700 173.971000 177.502300 180.837000 181.347600 180.000400 190.034200 199.357100 201.225900 200.511300 200.522600 197.914600 193.519300 187.955100 179.378100 173.872900 174.470700 179.588700 179.981300 181.262600 187.484200 194.014900 199.181900 200.035200 200.907100 195.679700 189.970000 184.541400 185.297800 184.837100 180.312600 180.018600 180.508300 180.331100 179.456500 174.591200 169.980600 167.216100 166.883900 161.753000 163.329200 161.913800 159.758200 * * * * *
* * * * * * * * * * * 189.988900 180.016300 180.033600 181.057300 179.997900 182.269400 183.601200 182.645200 191.977700 199.647400 200.808100 200.980100 201.246700 199.386000 192.073700 183.200300 178.003600 174.748800 178.524600 182.804800 184.404900 183.816400 189.532500 195.859700 203.000300 206.225100 204.526000 199.305400 194.447300 190.859300 191.735300 190.365900 185.186200 185.272700 184.812000 180.932800 178.554300 177.596100 174.875700 173.869400 171.533700 167.992600 165.906800 165.516300 * * * * * *
* * * * * * * * * * * * * 185.075200 183.329700 180.133900 182.696500 185.274900 185.944500 189.973000 195.381500 197.734700 199.498200 200.579400 197.475100 189.539500 184.201400 180.261200 177.455400 179.998000 185.089000 189.154200 189.992900 193.422800 200.002400 204.776900 210.555300 209.168100 204.208600 199.157700 196.619700 197.767400 194.885700 191.711000 190.000100 189.945100 188.246400 185.264700 183.562100 182.192700 179.604000 176.917400 169.971500 168.969100 * * * * * * *
* * * * * * * * * * * * * * 188.256700 * 182.036700 184.640700 188.491100 190.206300 193.052300 196.473600 200.688000 201.527800 197.275400 192.467800 188.440200 184.369700 179.860500 185.011100 190.005600 191.836000 194.324500 195.087900 201.890400 209.220700 214.393800 215.630100 209.986200 205.496900 205.792800 207.712200 206.416800 202.051800 199.022300 197.914200 197.992400 196.368800 195.223600 193.145700 189.910800 181.911300 177.680200 * * * * * * * *
* * * * * * * * * * * * * * 190.008800 * * * * 194.031500 192.946800 196.232200 200.763200 205.642100 201.306600 198.111600 192.902600 187.562600 184.322100 190.424800 194.440000 196.207500 197.464300 201.609500 208.880700 217.034200 224.645500 228.022500 232.235700 229.735600 222.299600 224.133400 223.488900 217.446800 216.382300 217.522100 217.935600 222.762300 216.862200 205.876500 200.852400 194.117000 194.479800 * * * * * * * *
* * * * * * * * * * * * * * * * * * * * 199.111800 201.494300 204.215100 209.334200 210.734300 206.716400 197.536800 191.817800 192.488000 197.603000 201.188900 202.850400 202.031300 209.980300 220.448700 232.520000 240.897800 248.098300 260.755700 259.369300 250.712400 251.248800 251.741400 246.665900 245.751800 240.826900 243.834000 250.762400 246.953600 229.121100 212.680200 208.442600 210.009200 * * * * * * * *
* * * * * * * * * * * * * * * * * * * * * 212.862300 216.856900 217.758800 217.601100 213.454200 203.142400 198.890500 202.667000 202.829700 208.529200 211.834400 209.813900 221.104200 232.418500 249.224500 264.139800 282.975600 308.677600 310.087500 289.734800 290.024300 281.416500 273.547900 276.771100 272.915000 279.066700 283.607900 269.138700 243.828200 236.868800 233.087700 230.059700 226.798600 * * * * * * *
* * * * * * * * * * * * * * * * * * * * * * * 242.413400 231.925700 219.789600 206.609600 206.498100 222.253900 219.503500 221.155400 223.126800 214.774400 234.820800 258.213700 277.264900 294.960000 317.389800 350.117100 360.105900 335.688000 327.578500 317.455900 309.339400 305.851300 305.620800 306.251200 308.637000 296.098500 262.642200 263.849400 268.113500 255.697000 243.271300 * * * * * * *
* * * * * * * * * * * * * * * * * * * * * * * 256.598200 242.175800 226.162200 208.616000 214.974000 232.820700 232.909300 233.224500 225.665400 224.331200 256.021700 285.004600 320.874000 336.308200 369.264500 418.822300 414.295900 345.270200 329.914300 326.282500 343.692500 352.517800 375.307700 369.705700 352.161500 346.475500 298.896500 304.088100 315.685400 299.636700 * * * * * * * *
