geotop/1.0zi/1.0Montebello/Templates/Duarrigle2006/maps/_hLAND0029.asc
ncols         76
nrows         123
xllcorner     110555.058093
yllcorner     85388.025579
cellsize      200.000000
NODATA_value  -9999.0
[rows 27 to 53 of 123, columns 0 to 60 of 76]
-9999.0 -9999.0 -9999.0 -9999.0 -9999.0 -9999.0 -9999.0 -9999.0 -9999.0 -9999.0 -9999.0 24.789356 26.925585 26.837526 18.759375 17.986926 17.505778 21.169005 25.775327 18.939899 530.185836 0.501299 22.910863 22.985711 19.847189 25.420358 47.197672 0.609939 20.288081 0.498290 21.770363 16.702774 16.238815 16.771143 21.424330 18.994416 21.236678 27.471338 30.066517 21.130371 79.704655 32.632560 19.390749 29.652172 31.579059 648.571932 1.030315 30.958575 31.948057 23.451557 22.991242 29.914188 29.541771 0.610294 0.372173 22.582068 30.362898 54.648317 23.946267 14.216852 194.269581
-9999.0 -9999.0 -9999.0 -9999.0 -9999.0 -9999.0 -9999.0 -9999.0 -9999.0 -9999.0 17.746243 18.008854 40.190420 33.519999 22.662648 27.427768 36.466983 48.781220 56.450444 42.831584 19.236583 237.337329 19.502820 26.700610 20.794697 28.480195 1.018772 1.496817 19.386476 16.340132 16.836108 17.580751 20.749072 21.094756 29.914191 24.987558 0.775249 0.456061 0.042712 0.838537 0.042842 2.080767 0.114461 27.120505 17.906684 304.062764 0.298591 19.601052 23.455948 30.090302 31.151195 26.024602 42.254034 57.287422 0.874671 0.363254 0.792012 22.986397 30.084857 3.029293 32.530148
-9999.0 -9999.0 -9999.0 -9999.0 -9999.0 -9999.0 -9999.0 -9999.0 -9999.0 -9999.0 16.520633 28.279155 1.586030 40.311319 27.188147 23.291038 28.716268 40.037524 53.029054 58.751729 55.719351 288.395169 0.230759 33.087958 27.731166 34.784620 8.215738 20.645558 17.749932 17.619086 17.715489 18.851466 28.903040 29.300923 31.253748 19.994332 17.474005 18.912378 15.497825 17.639654 18.418570 25.987645 0.410303 8.206649 0.097499 286.132629 0.114477 17.036624 24.629452 36.505113 33.098270 30.740430 24.085345 22.682298 21.681809 18.842576 0.029842 54.177379 0.069315 19.695642 18.517473
-9999.0 -9999.0 -9999.0 -9999.0 -9999.0 -9999.0 -9999.0 -9999.0 -9999.0 16.579404 19.999684 39.760893 0.032400 54.355008 20.269344 20.785278 18.208228 17.413172 18.995371 18.545897 15.767728 26.124881 626.175885 301.236030 41.368381 14.304139 2.258583 60.708560 51.140533 36.679244 27.990975 22.334901 34.436980 48.686394 25.475990 18.535168 20.091236 18.548654 17.698075 17.191584 19.345527 26.664071 69.944412 39.672368 45.118057 0.759905 601.242171 34.963309 18.776812 50.130460 41.683064 22.313384 22.087447 33.631977 24.636781 20.999716 189.193434 19.248975 19.291848 19.401373 22.675183
-9999.0 -9999.0 -9999.0 -9999.0 -9999.0 -9999.0 -9999.0 -9999.0 20.358003 20.584295 34.847686 41.394940 1.619495 0.922809 30.665937 17.749254 19.583296 18.989789 19.184338 19.406640 17.366966 16.232722 18.358472 0.383794 344.806843 22.936586 28.968675 19.711347 17.703509 18.304213 20.213054 30.704546 41.062504 52.279356 26.116680 18.581578 25.512231 20.098226 28.640798 35.392946 42.179310 64.524618 24.906643 18.460204 18.579014 20.261464 0.485013 692.857600 56.300324 18.745319 46.083404 22.548386 20.692895 38.358142 21.331255 88.374145 0.069314 20.207967 0.506372 0.402623 0.464335
-9999.0 -9999.0 -9999.0 -9999.0 -9999.0 -9999.0 -9999.0 18.978377 28.309715 21.322086 21.348574 18.375225 19.968891 0.032462 0.531535 23.381336 18.826551 22.741944 31.930427 26.334548 26.194469 19.590822 17.884092 21.149229 33.096390 393.590384 0.114485 17.643384 29.964757 30.877233 20.674620 35.161096 76.256525 29.670428 1.112822 45.619969 23.816218 25.488611 39.736464 44.008951 37.965920 19.630644 19.791082 20.356569 30.449048 31.608416 125.995046 0.687599 331.297293 21.256734 43.814423 32.857213 18.720407 21.071127 48.013770 0.029842 25.922925 0.260526 0.263941 22.608909 20.672896
-9999.0 -9999.0 -9999.0 -9999.0 -9999.0 -9999.0 19.604228 18.953284 33.406311 24.363625 27.673346 21.347349 31.240441 26.114262 0.407483 27.877207 18.030111 19.725427 23.523018 44.866079 58.277900 74.219940 66.215773 19.904032 22.124761 409.403484 73.552847 39.094515 21.339644 28.977228 21.185315 0.806981 1.738905 0.256169 1.209881 34.629625 22.184961 20.877838 18.405445 17.063748 16.554374 18.799065 21.151993 29.178484 132.747157 138.586972 47.132487 43.171945 0.759964 477.493283 378.660641 0.642396 0.114470 21.967429 56.936166 22.269079 36.130211 14.952151 85.419558 71.981268 63.305207
-9999.0 -9999.0 -9999.0 -9999.0 -9999.0 18.986344 19.428015 26.139596 26.550690 38.902400 40.183148 26.034298 34.320400 23.634594 0.411415 0.527589 24.561659 19.320255 23.630882 31.791012 42.593736 44.463136 52.191945 99.398905 112.338927 847.512449 20.203148 17.640412 19.687652 35.255678 0.233148 0.357158 21.553393 17.616855 17.606297 17.015304 17.020213 18.439049 18.865871 45.345945 65.075387 103.254578 129.406042 98.630857 31.345072 38.524866 34.217286 27.040896 31.003193 0.532809 0.472590 329.558142 0.030049 31.003283 59.367343 24.945954 63.683549 0.255419 24.168133 24.863489 26.583197
-9999.0 -9999.0 -9999.0 -9999.0 23.746782 0.265320 0.297430 0.460318 0.604521 0.605603 0.970806 0.968346 1.440412 0.236012 22.917698 0.794037 25.376523 19.254715 19.767277 20.710237 18.707018 20.600862 29.934415 30.214408 0.118676 643.604626 19.609628 20.444587 18.409858 3.522768 0.231358 19.909918 17.344380 17.449401 18.272103 19.159715 20.505663 22.352946 32.428248 26.965917 21.609744 23.152944 16.879106 22.743677 24.476307 32.028783 27.841121 18.508533 18.866408 19.462522 27.161496 0.384271 423.106074 21.546548 0.114450 117.042515 0.069314 16.159021 17.312023 19.744048 20.872564
-9999.0 -9999.0 -9999.0 0.507844 0.260252 0.118672 19.626894 19.040320 19.906768 20.303099 21.229589 23.741414 30.519996 1.475945 1.084577 0.770951 26.159517 29.000825 18.293045 19.517978 22.660452 34.842079 40.560028 62.653777 314.391526 21.016161 0.114465 0.405426 2.892136 1.887817 87.009474 85.383293 73.667720 58.383388 50.076254 35.906608 24.617175 21.746085 18.441049 18.927802 18.484063 19.745531 18.334709 17.839116 17.225495 21.712544 23.417300 20.444272 18.985104 19.351166 18.065467 20.407968 0.401947 387.114059 148.161109 20.079669 16.606590 17.848694 20.512497 21.851859 20.221235
-9999.0 -9999.0 -9999.0 19.797790 20.029134 18.683104 17.909970 21.484775 31.162136 38.429745 44.619313 48.609561 113.451302 112.758407 1.987002 11.917376 0.072413 40.329929 18.870640 20.339523 33.057275 44.670143 43.667030 25.138156 0.508037 889.864850 24.575805 37.142080 23.428300 35.671139 24.744136 24.836425 23.816115 17.410473 18.905017 19.910479 21.715248 21.715935 22.071453 21.194590 22.909714 18.920026 18.654842 18.274787 19.701651 23.897325 31.294062 34.408707 26.163549 25.812989 19.257075 19.144661 22.951405 8.990865 530.146135 0.069313 22.980501 21.225430 0.509811 0.405084 0.842827
-9999.0 -9999.0 16.982133 17.312025 17.996445 21.776586 30.149240 45.273412 53.798636 56.749571 71.741292 76.312241 22.371569 37.566755 37.642518 0.751893 24.982075 53.133343 30.219035 23.507749 21.979719 21.112444 20.467804 19.871150 25.901582 713.087958 0.040539 21.530275 22.770405 26.138733 17.301031 17.195167 17.336521 18.408384 19.018054 21.047996 28.276962 28.897537 28.087102 25.737747 30.727442 19.523195 24.073986 24.050064 25.114928 26.074290 23.813724 24.107862 44.581994 61.810761 74.130816 3.480736 6.568642 0.114457 0.259324 747.303081 0.040539 0.301429 0.627394 28.195361 27.009728
-9999.0 -9999.0 17.189015 25.390676 27.162446 33.426778 21.884552 26.161446 36.065414 38.904018 33.949763 23.937437 24.976894 25.585090 31.042562 30.509859 0.407544 36.093480 0.072409 16.497712 19.790147 22.200568 21.693266 19.104988 17.654618 361.387194 0.992032 24.488313 18.565707 19.175698 20.927590 23.267234 21.328346 21.121336 18.386681 32.733644 32.111340 61.773471 83.571627 26.681533 32.994895 18.701652 27.630671 42.614227 0.928497 0.408816 1.007068 22.626347 22.087252 0.293415 6.689106 0.114458 21.036653 19.462844 19.710902 378.853570 8.338339 23.913594 19.412271 16.158704 16.760734
-9999.0 -9999.0 18.700319 26.428198 31.568674 38.206389 37.534627 29.583019 27.986271 26.695386 27.493754 21.391975 19.089403 24.256013 24.180258 24.101815 18.558411 20.688739 177.522848 0.024318 26.730645 29.309490 19.138153 18.612562 18.455097 767.398471 22.215817 16.361521 21.483979 23.098043 21.234594 29.637654 26.437603 24.611061 20.902264 102.845925 92.608539 45.701818 46.725945 28.070415 24.770447 48.954256 1.929841 0.414118 0.786259 21.848542 0.262921 0.349730 5.900244 0.512151 20.571051 19.695598 22.765638 32.268416 0.420070 0.031607 508.829176 16.564152 16.719370 20.374379 20.753643
-9999.0 -9999.0 19.782792 27.145479 30.825682 55.983972 24.125449 43.451150 46.413679 23.198568 26.334535 22.086461 19.902249 18.836969 18.470479 20.312617 28.977029 49.631263 0.533459 51.352870 97.512511 249.787464 0.505903 0.296692 618.647635 0.499613 17.205076 18.163362 26.091876 21.636173 26.738083 49.289619 20.808986 20.643800 117.734859 20.607170 18.605818 18.760454 22.547924 21.674285 22.720270 20.245361 26.095163 26.356607 23.083565 28.597301 68.298419 90.362265 34.530249 21.412682 19.161896 22.248303 0.114459 0.023031 0.114450 20.319636 568.016215 16.630650 18.453407 29.736218 29.846118
-9999.0 -9999.0 -9999.0 27.673145 31.692100 59.902434 27.377736 23.588980 71.560181 21.372789 33.855580 22.259446 21.797088 23.342725 28.860228 40.056339 41.411357 29.328196 24.925026 28.819865 29.243790 22.426616 53.890856 53.086706 274.423219 0.293617 17.167772 18.598637 21.319302 32.198198 35.326629 54.758282 31.522321 138.103115 42.597482 28.417718 20.243575 19.073114 21.810577 22.905959 34.596388 23.953677 21.848840 29.525381 43.537954 51.737725 26.290899 32.894625 24.435970 24.512050 0.266193 0.600501 0.031606 20.183152 22.149749 19.691870 550.763062 27.960726 22.487627 34.260413 35.094275
-9999.0 -9999.0 -9999.0 20.745495 36.402108 49.601605 1.890566 38.139908 59.133434 28.888551 38.378865 25.269830 33.970414 23.681347 17.881135 17.203853 17.738803 21.882248 20.495446 19.971906 20.279774 18.349775 18.899216 21.407155 464.229966 0.114555 24.439105 21.826197 17.229698 19.012771 22.290249 46.785075 3.108397 21.239627 35.473921 37.108798 28.513294 20.778586 29.450690 31.942319 41.377802 23.875368 23.644571 26.234784 24.857560 19.149356 19.725184 0.032439 0.037811 0.546239 1.220839 21.519001 31.820445 38.970112 45.896846 27.203161 592.137133 17.686587 20.378864 0.804223 0.576651
-9999.0 -9999.0 -9999.0 -9999.0 32.209764 43.631620 2.525205 0.260534 0.860147 1.560225 1.248701 37.021301 17.276428 19.561903 18.972765 16.873591 20.149088 22.166403 23.770052 19.901268 18.993753 18.897762 16.747211 0.114484 332.961199 62.973362 76.311729 50.859401 40.442069 22.590528 23.523003 31.863373 1.103223 0.974276 17.112236 20.695126 21.385584 28.276993 34.624598 32.888228 61.497104 32.650331 22.214197 19.249073 21.971198 29.675659 1.244925 1.407371 34.019285 29.169070 30.181543 18.193706 17.607630 17.873451 19.814908 64.396547 434.425189 19.101757 0.356525 0.352287 18.159698
-9999.0 -9999.0 -9999.0 -9999.0 21.748894 20.675929 19.844117 18.434690 18.383273 20.840214 0.232834 0.669160 18.733629 24.859728 24.839803 18.608165 30.018278 23.777439 29.151299 18.339656 23.703716 24.462404 25.000811 510.471444 66.861810 37.536198 35.817608 19.956490 18.694120 21.376365 21.981268 20.581973 23.589252 4.214651 21.158944 28.105198 25.369521 31.297293 82.111795 77.704839 29.160164 20.439752 22.906081 22.131849 32.395336 35.444757 30.349523 27.668859 28.102111 20.394154 21.000706 18.310821 16.976361 16.558921 20.153992 0.260446 314.472989 0.031593 0.029842 17.893143 16.902404
-9999.0 -9999.0 -9999.0 -9999.0 -9999.0 21.133252 19.760450 18.277997 18.375377 21.706865 29.359546 4.867367 0.258080 31.709952 30.826180 27.708491 45.547377 19.643479 30.442339 20.245549 24.454363 29.554071 31.782717 657.608854 0.114475 24.881445 21.473236 18.282660 22.629866 22.543410 20.146932 26.334368 27.366582 0.067026 151.491117 192.255051 152.103330 141.723762 29.896675 20.787495 18.857289 20.875201 21.151217 20.060996 20.862792 22.094230 24.703191 23.854583 22.101744 18.180545 17.328294 17.133821 26.984148 0.524907 0.395601 0.114471 0.029842 430.051108 17.341775 17.755875 27.817561
-9999.0 -9999.0 -9999.0 -9999.0 -9999.0 -9999.0 25.984462 26.028897 26.379353 31.672325 39.055750 0.552145 7.541334 29.803755 39.370900 60.903689 243.889483 2.318548 1.026071 0.389487 0.114469 0.407918 42.562886 739.521499 35.629152 27.199701 21.766172 23.624236 29.110992 27.909649 20.718823 27.816258 37.037275 59.596049 45.788993 31.310657 20.862100 44.352348 27.326138 21.637488 19.649199 20.136202 18.658786 24.592217 29.456367 21.371732 24.253416 26.679266 34.713322 1.223612 0.602578 0.598616 0.818739 0.506792 18.599989 21.200551 27.450869 615.858732 0.501500 16.278520 32.866877
-9999.0 -9999.0 -9999.0 -9999.0 -9999.0 -9999.0 24.356928 46.527365 2.229861 0.410676 0.754980 1.467445 41.657788 20.448752 40.275441 36.708661 22.566810 50.589326 46.185911 60.233737 0.958950 0.031725 0.262051 563.305588 20.723993 17.905066 18.469760 29.109615 29.689415 33.049500 0.390501 249.822242 140.465997 1.211994 28.019264 25.308621 19.612070 25.003779 35.436370 30.654635 19.855300 19.177119 23.545500 0.504433 0.736708 0.786412 25.810245 23.526256 19.422162 25.081570 24.003998 27.494716 25.800156 19.440934 19.701062 27.165282 31.484919 343.256518 0.454230 19.139938 34.194026
-9999.0 -9999.0 -9999.0 -9999.0 -9999.0 -9999.0 25.530499 40.624971 0.942427 27.460200 37.606157 48.143974 42.352404 27.246469 30.765132 30.179708 25.247038 27.555191 20.047847 34.082804 22.295477 19.391056 0.022918 309.740788 29.396076 24.338747 19.802689 34.531770 21.335371 40.503754 15.840880 37.410354 29.124939 24.493831 24.992770 21.131872 23.850041 26.887706 29.379711 36.249753 25.759113 20.008784 29.280200 0.639228 20.377059 22.044989 19.026576 19.604894 20.284494 18.839819 17.657131 20.517694 19.931136 20.063134 26.340168 37.160236 37.033833 28.217254 319.600942 39.909721 40.202481
-9999.0 -9999.0 -9999.0 -9999.0 -9999.0 -9999.0 27.199518 25.934741 28.035374 22.678789 30.923389 42.654866 39.019502 22.635009 20.917819 19.549416 19.468559 20.121188 17.806946 19.867163 20.364296 29.595355 35.036502 0.837202 255.664802 28.147628 18.285159 1.034355 109.238086 0.255482 24.960617 25.131164 26.004858 19.485166 21.405566 21.501163 25.341364 23.555334 59.363138 24.849609 21.128790 18.884129 29.613006 0.299985 21.068891 32.819973 27.727531 20.251349 22.241986 18.651184 21.320205 22.388718 21.667578 17.956292 17.687004 17.585194 17.115139 16.172509 0.501488 347.491133 0.504981
-9999.0 -9999.0 -9999.0 -9999.0 -9999.0 -9999.0 20.024655 19.033760 19.654425 19.083641 34.841321 22.332272 27.025421 21.507922 24.354705 21.457328 21.687212 21.317615 22.460011 21.626828 28.200798 35.056546 34.608091 22.362568 457.119302 82.665896 42.630120 55.380182 28.574185 17.557967 17.343826 19.209718 21.305999 22.877486 24.155857 0.037811 0.107572 38.145648 64.813741 30.764512 22.278010 28.892100 42.023967 0.261820 76.072069 65.015656 48.366001 25.318264 26.775739 18.559167 0.594575 27.508081 23.327599 19.416501 26.120209 21.253269 22.144825 17.750331 16.799304 21.743353 548.906721
-9999.0 -9999.0 -9999.0 -9999.0 -9999.0 -9999.0 -9999.0 -9999.0 21.994071 30.300050 26.882434 44.244147 56.474647 1.636832 0.951944 0.262396 0.512833 26.195474 28.447220 20.724509 17.602579 17.604854 20.718115 0.114470 382.123213 19.285840 17.881670 28.087355 20.250387 17.562826 21.754207 22.409559 22.937484 31.661020 23.654567 21.373458 23.219896 28.549662 29.557861 67.154921 30.176624 36.646799 0.659576 3.094006 42.341261 30.200560 20.734244 21.959540 21.987340 40.685939 1.106172 0.369676 18.149625 32.473796 30.170675 28.624002 28.390652 20.052579 20.046723 21.604644 488.484826
-9999.0 -9999.0 -9999.0 -9999.0 -9999.0 -9999.0 -9999.0 -9999.0 -9999.0 -9999.0 22.100425 21.324459 20.786896 26.327910 30.032850 31.495287 0.848323 0.298689 0.845777 0.261314 0.072412 0.256096 1.098562 0.032567 262.468750 20.559151 17.675017 25.144090 19.284762 18.315149 25.251051 30.176208 30.533398 0.619173 0.528459 0.788338 28.612799 29.779532 28.517230 38.073967 92.357877 49.279730 5.117917 29.475535 21.179020 19.326465 21.524234 20.945760 23.003925 30.525370 35.137635 0.548969 0.654054 0.730495 0.947493 1.124190 0.736021 1.706569 34.222519 0.194610 420.602731
