geotop/1.0zi/1.0Montebello/Templates/Duarrigle2006/maps/_hLAND0037.asc
ncols         76
nrows         123
xllcorner     110555.058093
yllcorner     85388.025579
cellsize      200.000000
NODATA_value  -9999.0
[rows 27 to 53 of 123, columns 0 to 60 of 76]
-9999.0 -9999.0 -9999.0 -9999.0 -9999.0 -9999.0 -9999.0 -9999.0 -9999.0 -9999.0 -9999.0 12.373161 13.356859 13.283254 9.603651 9.269959 9.059286 10.614639 12.689946 9.645164 29.746706 0.148503 11.403024 11.352157 10.064913 12.607296 21.369817 0.163901 0.098774 0.149035 11.093545 8.705062 8.497534 8.735726 10.718871 9.706202 10.642274 13.426846 14.436534 10.592259 30.322127 15.422320 9.872566 14.565715 15.005280 30.609073 0.258391 14.508822 15.130832 11.537760 11.353660 14.472369 14.392841 0.163126 0.094209 11.193719 14.751578 23.024900 11.726907 0.283500 49.544636
-9999.0 -9999.0 -9999.0 -9999.0 -9999.0 -9999.0 -9999.0 -9999.0 -9999.0 -9999.0 9.165730 9.281685 18.968183 16.010652 11.222181 13.566410 17.519135 21.948097 23.814451 18.804525 9.777915 0.131536 9.921953 12.992995 10.460191 13.947917 0.251503 0.064926 9.872435 8.543169 8.766518 9.093711 10.440943 10.583748 14.453815 12.151503 0.214658 0.129540 0.012711 0.220999 0.012707 0.471548 0.030187 13.392694 9.217332 0.079136 0.085095 9.963469 11.540484 14.405488 14.870460 12.547958 18.958734 23.836481 0.197444 0.097039 0.211314 11.343142 0.226132 0.602556 15.633500
-9999.0 -9999.0 -9999.0 -9999.0 -9999.0 -9999.0 -9999.0 -9999.0 -9999.0 -9999.0 8.624027 14.005509 0.415436 18.319649 13.216972 11.473933 13.837116 18.678256 23.369692 24.895688 23.401547 0.469123 0.064883 15.646845 13.564593 16.397313 0.064448 10.399160 9.165242 9.108808 9.151926 9.643173 14.069265 14.213058 14.813548 10.126873 9.048094 9.670567 8.163600 9.120553 9.457623 12.960969 0.110557 0.475197 0.009507 0.074074 0.030198 8.824122 12.061986 16.850607 15.477695 14.537104 11.787742 11.230466 10.828886 9.622917 0.007972 0.063483 0.018343 10.003174 9.501654
-9999.0 -9999.0 -9999.0 -9999.0 -9999.0 -9999.0 -9999.0 -9999.0 -9999.0 8.650558 10.128121 19.011614 0.009521 23.064068 10.244728 10.455539 9.365577 9.018493 9.702677 9.510154 8.275240 13.016275 20.404410 0.127922 18.605194 0.134912 0.561717 25.929676 22.948657 17.586433 13.804388 11.089576 16.203047 21.472708 12.628226 9.507531 10.167307 9.513046 9.144210 8.921815 9.853652 13.190393 27.689822 18.405035 20.291283 0.183258 26.772583 16.393440 9.555201 21.626544 18.611263 11.077139 10.987364 15.786570 12.097245 10.536253 0.098913 9.799626 9.832498 9.878979 11.231283
-9999.0 -9999.0 -9999.0 -9999.0 -9999.0 -9999.0 -9999.0 -9999.0 10.278859 10.372308 16.997524 19.098251 0.409079 0.212732 14.814047 9.168511 9.953994 9.701608 9.784949 9.879277 8.999815 8.469343 9.395991 0.112831 0.117629 0.125478 14.163161 10.007999 9.145010 9.406122 10.217852 14.725759 18.423463 22.607894 13.007529 9.529238 12.638988 10.168597 14.104887 17.061881 19.644441 26.450076 12.389619 9.473919 9.528320 10.164918 0.119344 103.663170 22.908607 9.569863 20.173620 11.175395 10.417083 17.711237 10.671875 0.148169 0.018342 10.218535 0.147324 0.111039 0.127441
-9999.0 -9999.0 -9999.0 -9999.0 -9999.0 -9999.0 -9999.0 9.696792 13.841785 10.677825 10.688327 9.438160 10.116081 0.009517 0.139746 11.718304 9.632315 11.253294 15.598053 13.056388 12.978135 9.952905 9.227435 10.605762 15.599432 0.106211 0.030210 9.117926 14.247525 14.932031 10.410047 16.349435 28.817869 14.443052 0.281406 20.682078 11.679250 12.336635 18.724623 19.911331 17.301816 9.970970 10.041837 10.278085 14.746051 14.984082 37.498126 0.158101 0.427054 10.596027 19.029459 15.918275 9.589065 10.569402 20.814673 0.007972 0.007330 0.073143 0.072029 11.204575 10.412976
-9999.0 -9999.0 -9999.0 -9999.0 -9999.0 -9999.0 9.962700 9.686532 16.155825 12.057631 13.505709 10.687885 15.203483 12.917734 0.110680 13.761343 9.290950 10.013962 11.562938 20.442165 24.675400 28.607519 26.141935 10.079071 10.946711 0.306435 28.441677 18.108336 10.683312 14.105713 10.624123 0.198801 0.392004 0.074164 0.327504 16.826088 11.028198 10.492361 9.450141 8.863904 8.636108 9.615620 10.607442 14.141328 40.812489 41.239267 20.710623 19.201504 0.180893 0.203411 0.193292 0.167011 0.030189 10.940587 23.469158 11.050545 0.009462 0.325094 30.354812 27.460425 25.451217
-9999.0 -9999.0 -9999.0 -9999.0 -9999.0 9.702701 9.890719 12.951846 13.174987 18.142944 18.819132 12.798905 16.134860 11.615946 0.109616 0.141598 12.242832 9.842728 11.608637 15.089666 19.372654 19.627275 21.691742 32.926722 34.342375 86.236884 10.142775 9.116620 9.999539 16.527860 0.064228 0.098575 10.775385 9.110644 9.106209 8.845707 8.846243 9.465516 9.648021 21.108507 27.632608 36.897768 41.665275 34.594019 15.278287 18.090454 16.082883 13.420043 15.081215 0.140074 0.126541 0.007339 0.008134 14.713070 23.543012 12.094341 0.098591 0.074252 12.061959 12.300867 13.010372
-9999.0 -9999.0 -9999.0 -9999.0 11.660604 0.071469 0.085382 0.128642 0.163324 0.163266 0.241572 0.244129 0.186553 0.063181 11.328410 0.215852 12.631804 9.814865 10.031129 10.422672 9.580465 10.379395 14.515391 14.342897 0.034119 37.248126 9.917393 10.317276 9.455484 0.144072 0.064731 10.093595 8.991197 9.032984 9.391558 9.772162 10.338980 11.096429 15.936074 13.572485 10.962027 11.599080 8.780885 11.496630 12.320600 15.769886 13.459380 9.496297 9.649510 9.904878 13.415324 0.112736 1.485510 10.724413 0.030166 0.234402 0.018344 8.460356 8.977063 10.021986 10.492498
-9999.0 -9999.0 -9999.0 0.146906 0.073219 0.034126 9.974885 9.725743 10.092701 10.258716 10.642979 11.652779 14.574047 0.093799 0.071877 0.110238 12.979381 14.174203 9.402084 9.925583 11.220081 16.798118 18.624808 25.338821 0.355032 10.456300 0.030187 0.111416 0.192428 0.420225 31.428308 31.423033 29.036283 24.991403 22.361947 17.044394 11.997344 10.849596 9.466995 9.675631 9.485668 10.022520 9.421475 9.206581 8.937372 10.836666 11.524509 10.314758 9.700311 9.855790 9.306447 10.302022 0.111209 0.485028 0.073217 10.149546 8.657597 9.210830 10.345526 10.897305 10.224731
-9999.0 -9999.0 -9999.0 10.046090 10.143365 9.570661 9.235720 10.743527 14.963956 17.562817 19.387823 20.300394 34.866543 34.175363 0.391755 0.110010 0.021177 18.870958 9.648895 10.270595 15.835543 20.094953 19.583385 12.413912 0.146846 16.668165 0.215071 17.761421 11.527032 17.214270 12.486414 12.509370 11.980079 9.016071 9.662969 10.088573 10.838039 10.838328 10.983040 10.625054 11.320904 9.672537 9.559226 9.395519 10.003949 11.714642 14.877001 15.973830 12.901742 12.837597 9.817563 9.770419 11.339284 0.071866 6.397517 0.018343 11.582041 10.640629 0.146307 0.110356 0.220802
-9999.0 -9999.0 8.829996 8.975546 9.274310 10.862423 14.732372 20.606448 22.676126 22.724340 26.270032 27.634356 11.103117 17.811381 17.679179 0.185898 0.123430 23.096780 14.761890 11.559993 10.942123 10.588424 10.324548 10.077724 12.801202 16.872710 0.010818 10.923546 11.461579 12.866066 8.970418 8.924373 8.986587 9.452950 9.713623 10.564061 13.743135 14.001744 13.632625 12.667085 14.701396 9.928475 12.069147 12.078317 12.582283 12.916997 11.687238 11.794798 19.810433 25.277945 28.283941 0.304460 0.072776 0.030178 0.073461 23.585006 0.010818 0.084267 0.170461 14.046946 13.323628
-9999.0 -9999.0 8.921351 12.788726 13.550166 16.304766 10.906618 12.599087 16.585900 17.386404 15.911794 11.720322 12.326536 12.735150 15.090491 14.902267 0.111122 0.252604 0.021169 8.604903 10.041084 11.035351 10.828791 9.751367 9.111502 0.092801 0.275734 12.107004 9.521106 9.781721 10.515053 11.464317 10.680174 10.595249 9.437413 15.992437 15.243762 24.977932 30.871498 12.779368 15.459016 9.580873 13.602557 19.846512 0.234680 0.110931 0.272372 11.211566 10.993187 0.072283 0.110983 0.030178 10.561104 9.905561 9.981234 5.611549 0.112207 12.138789 9.883582 8.463448 8.731837
-9999.0 -9999.0 9.578379 13.236628 15.382140 17.857079 17.627898 14.281846 13.293547 12.804751 13.112234 10.706150 9.744665 12.092515 12.123299 12.113093 9.513543 10.393968 0.266333 0.007316 13.182008 14.329638 9.767160 9.542387 9.442374 24.230658 11.233882 8.554594 10.744043 11.396906 10.637457 14.224059 12.970190 12.170836 10.494409 34.547449 31.782701 19.672654 20.585329 13.325550 12.053779 21.594408 0.481521 0.107557 0.212458 10.895974 0.072393 0.083502 0.390666 0.145513 10.368236 10.002034 11.262956 15.341182 0.105587 0.009464 7.978500 8.629853 8.713611 10.285558 10.443007
-9999.0 -9999.0 10.037852 13.447983 14.993662 23.870083 11.805566 19.404183 20.539710 11.424482 12.666515 10.987693 10.088270 9.636997 9.479780 10.259697 14.126042 21.910266 0.141573 0.166876 0.192094 0.478403 0.147445 0.085552 12.948952 0.148815 8.929656 9.347514 12.572758 10.804464 12.999209 22.039933 10.465744 10.386196 37.555038 10.373021 9.531340 9.598554 11.172994 10.820137 11.239836 10.234555 12.682816 12.911180 11.391048 13.793365 27.203007 32.323431 16.115100 10.717549 9.777722 11.058543 0.030176 0.006228 0.030172 10.217513 16.847265 8.657843 9.472352 14.446526 14.467715
-9999.0 -9999.0 -9999.0 13.604252 15.258360 24.880065 13.222366 11.590689 27.637822 10.697913 16.106824 11.059778 10.870747 11.494550 13.895063 18.694727 19.164590 14.569523 12.349101 14.073400 14.222821 11.085943 0.073904 0.085431 0.021103 0.086130 8.913212 9.535037 10.676940 15.127357 16.564080 23.628609 15.161103 41.296196 19.129185 13.893876 10.231145 9.737584 10.876968 11.319346 16.280559 11.737823 10.892709 14.157227 19.832561 22.636441 13.034376 15.741603 11.926547 11.964312 0.071091 0.163216 0.009465 10.203299 11.014808 9.962933 24.649281 13.839521 11.151630 16.111419 16.418877
-9999.0 -9999.0 -9999.0 10.438856 17.058108 21.783440 0.438763 17.823327 23.860886 14.028801 17.662217 12.411100 16.266598 11.628378 9.223857 8.927319 9.162569 10.906161 10.336340 10.117473 10.246172 9.424278 9.660156 10.666523 8.352305 0.030286 12.251680 10.907536 8.938092 9.710751 11.068963 20.842731 0.661298 10.647214 16.310320 17.310153 14.013819 10.453471 14.234659 15.194315 18.409356 11.695111 11.614222 12.831748 12.399671 9.770216 10.013155 0.009525 0.009296 0.134551 0.319786 10.761161 15.447505 18.335292 20.954853 13.185413 29.397102 9.116735 10.289894 0.201108 0.144394
-9999.0 -9999.0 -9999.0 -9999.0 15.428468 19.764022 0.611735 0.073318 0.216642 0.343524 0.309570 17.220229 8.961356 9.945272 9.695260 8.781886 10.191544 11.022286 11.664580 10.088117 9.704114 9.663104 8.704872 0.030201 13.534305 25.998989 30.195406 22.852974 19.099523 11.191025 11.565892 15.135795 0.263825 0.233554 8.888445 10.418926 10.703770 13.801266 16.202839 15.346136 25.329504 15.463981 11.041111 9.812702 10.942292 14.325224 0.312401 0.365314 16.042680 14.212582 14.598671 9.360015 9.104665 9.220065 10.048485 26.358500 28.830980 9.724401 0.098808 0.099613 9.346985
-9999.0 -9999.0 -9999.0 -9999.0 10.848600 10.413767 10.066400 9.465935 9.443705 10.481527 0.064372 0.164709 9.594364 12.383794 12.411603 9.539089 14.991991 11.749084 13.995791 9.423562 11.844082 12.240737 12.448632 33.533993 26.368036 17.582269 17.322608 10.110426 9.573669 10.697194 10.946583 10.371824 11.596241 0.110639 10.596423 13.706353 12.480535 14.922828 30.205459 29.423529 14.161727 10.307812 11.318638 11.007142 15.418896 16.724706 14.701084 13.365970 13.645420 10.293849 10.545030 9.410943 8.828764 8.643007 10.195961 0.073167 9.759557 0.009463 0.007972 9.231538 8.795978
-9999.0 -9999.0 -9999.0 -9999.0 -9999.0 10.599747 10.028560 9.396599 9.438286 10.834651 14.206158 0.095130 0.073753 15.350804 14.996958 13.687839 20.956871 9.981209 14.432318 10.234230 12.281009 14.456711 15.337967 33.816774 0.030192 12.276343 10.739737 9.398137 11.208809 11.174147 10.190580 12.889317 13.406397 0.012694 42.628375 50.381514 43.538180 42.032489 14.461433 10.457004 9.640963 10.493003 10.607442 10.154457 10.486974 10.991723 12.032659 11.698406 10.995493 9.356334 8.984197 8.898423 13.407518 0.142382 0.112450 0.030193 0.007972 12.261193 8.973289 9.171650 13.758936
-9999.0 -9999.0 -9999.0 -9999.0 -9999.0 -9999.0 12.784190 12.892909 13.144429 15.375661 17.886843 0.132040 0.009497 0.275767 0.192241 0.328706 0.271105 0.242763 0.261419 0.111420 0.030188 0.111098 19.152223 55.029945 16.535747 13.277531 10.859148 11.606664 14.043353 13.537679 10.431275 13.602961 17.239254 0.667735 20.618529 15.143467 10.462134 19.696844 13.318181 10.806626 9.981391 10.186570 9.562615 12.172741 14.354978 10.701636 11.863873 12.799358 16.381729 0.317461 0.163559 0.164906 0.217704 0.147203 9.536974 10.627584 13.335837 25.625728 0.148459 8.517363 15.727470
-9999.0 -9999.0 -9999.0 -9999.0 -9999.0 -9999.0 11.892239 20.911184 0.555721 0.110497 0.184589 0.329396 18.291656 10.309939 18.614893 17.030507 11.139305 22.500533 20.204078 24.929276 0.222309 0.009469 0.073491 23.247111 10.379103 9.234980 9.479636 13.985580 14.131074 15.634596 0.111104 0.108918 0.231433 0.322587 13.672599 12.339603 9.965670 12.146466 16.539082 14.877227 10.067452 9.781762 11.760761 0.147814 0.191306 0.210348 12.473601 11.565763 9.888186 12.441481 12.045985 13.790224 12.780837 9.895725 10.003801 13.390778 15.083031 26.640924 0.129770 9.767930 15.998570
-9999.0 -9999.0 -9999.0 -9999.0 -9999.0 -9999.0 12.352681 18.810039 0.251206 13.342088 17.373577 20.397553 18.866204 13.246276 14.837333 14.687020 12.559331 13.529928 10.147874 16.660786 11.077633 9.875133 0.006131 2.737447 14.423928 12.192781 10.046251 16.145944 10.669834 0.220464 0.165490 17.424186 14.213974 12.094547 12.330914 10.598988 11.696948 12.862595 13.810928 17.157864 12.443065 10.132579 14.340326 0.167518 10.289838 10.971807 9.717388 9.962996 10.248330 9.638421 9.127011 10.345369 10.100609 10.155886 13.007007 17.802467 17.631996 13.971995 19.425027 17.936766 18.450554
-9999.0 -9999.0 -9999.0 -9999.0 -9999.0 -9999.0 13.382803 12.897776 13.773728 11.228680 15.024707 18.897014 18.033857 11.210999 10.510568 9.939358 9.905514 10.180084 9.191968 10.073096 10.281377 14.387644 16.423354 0.197255 0.150477 13.796378 9.394338 0.259231 0.111360 0.074242 12.446193 12.401267 12.695865 9.912313 10.711918 10.750995 12.278757 11.568271 24.725664 12.090026 10.597591 9.655779 14.417268 0.084709 10.576987 15.985953 13.633192 10.231457 11.052510 9.559345 10.679561 11.111770 10.819379 9.257453 9.139455 9.094990 8.888888 8.456374 0.148463 30.770501 0.147681
-9999.0 -9999.0 -9999.0 -9999.0 -9999.0 -9999.0 10.139507 9.720886 9.983703 9.741680 16.246789 11.086145 12.930446 10.757348 11.901811 10.735660 10.829895 10.675791 11.140428 10.802167 13.715735 16.452785 16.010630 11.037375 10.976913 0.149723 0.125553 0.110058 14.138813 9.077019 8.991058 9.795983 10.670978 11.308648 11.816194 0.009296 0.026378 17.338023 25.889932 14.600737 11.066635 14.040465 19.442296 0.072757 29.237062 26.687939 21.665754 12.267662 13.065490 9.519742 0.167101 13.378161 11.574707 9.883298 13.048053 10.649123 11.012937 9.169226 8.732140 10.776491 52.100823
-9999.0 -9999.0 -9999.0 -9999.0 -9999.0 -9999.0 -9999.0 -9999.0 10.951374 14.578595 12.873373 19.835916 23.585885 0.389079 0.245645 0.072575 0.145262 12.871588 13.775967 10.433648 9.104642 9.105488 10.430756 0.030188 7.864175 9.803573 9.220038 13.746277 10.234013 9.085699 10.854500 11.119813 11.332216 15.019637 11.624007 10.702026 11.451731 13.517369 13.937070 26.207455 14.496597 17.036338 0.162867 0.727121 19.467048 14.565071 10.429118 10.933271 10.947261 18.894578 0.282487 0.095485 9.342930 15.894853 14.693477 13.923825 13.770296 10.153098 10.145522 10.729545 35.720706
-9999.0 -9999.0 -9999.0 -9999.0 -9999.0 -9999.0 -9999.0 -9999.0 -9999.0 -9999.0 10.991253 10.673194 10.459948 12.891540 14.592479 15.278218 0.204396 0.085079 0.220091 0.072914 0.021174 0.074161 0.164287 0.009464 1.304632 10.326010 9.111075 12.205185 9.827310 9.412892 12.428171 14.502285 14.626438 0.158302 0.139973 0.209103 13.556242 13.984495 13.455310 17.339654 31.934141 20.988356 0.107653 14.288096 10.618516 9.843795 10.759601 10.521770 11.358845 14.612166 16.329867 0.132518 0.162169 0.194550 0.249632 0.245864 0.124240 0.128452 0.163071 0.012693 21.948770
