geotop/1.0zi/1.0Montebello/Templates/Duarrigle2006/maps/_hLAND0027.asc
ncols         76
nrows         123
xllcorner     110555.058093
yllcorner     85388.025579
cellsize      200.000000
NODATA_value  -9999.0
[rows 27 to 53 of 123, columns 0 to 60 of 76]
-9999.0 -9999.0 -9999.0 -9999.0 -9999.0 -9999.0 -9999.0 -9999.0 -9999.0 -9999.0 -9999.0 12.754410 13.834760 13.807460 9.698044 9.296112 9.046782 10.967364 13.319574 9.761788 109.749412 0.166154 11.828548 11.940342 10.267744 13.107236 22.962940 0.190232 0.108733 0.165138 11.176975 8.634610 8.397610 8.669881 11.102841 9.822790 11.003209 14.203667 15.601774 10.940089 33.574738 16.983527 10.028165 15.237242 16.284099 229.017965 0.329800 16.237795 16.652809 12.191443 11.942704 15.474482 15.231164 0.191361 0.115695 11.726926 15.674289 26.357473 12.447466 0.397126 75.165350
-9999.0 -9999.0 -9999.0 -9999.0 -9999.0 -9999.0 -9999.0 -9999.0 -9999.0 -9999.0 9.172097 9.309540 20.000624 17.255109 11.766222 14.099776 18.385688 23.467218 26.680722 21.841570 9.914787 0.547081 10.088877 13.857531 10.768498 14.683295 0.304784 0.071979 10.027499 8.448950 8.704894 9.086890 10.744080 10.927594 15.489372 13.034272 0.246788 0.140206 0.024430 0.255540 0.024430 0.628227 0.058511 13.962639 9.236413 2.715995 0.095222 10.140477 12.194683 15.650613 16.195050 13.595529 21.491517 27.378153 0.269302 0.111772 0.250596 11.926908 0.307618 1.046124 16.783951
-9999.0 -9999.0 -9999.0 -9999.0 -9999.0 -9999.0 -9999.0 -9999.0 -9999.0 -9999.0 8.541625 14.507298 0.473875 20.584999 14.097270 12.104846 14.920056 20.129259 25.084742 27.213465 26.412010 0.723330 0.072050 17.093548 14.323274 17.945502 0.072767 10.689724 9.171945 9.105055 9.155824 9.746140 14.934635 15.152007 16.274259 10.345424 9.032959 9.779387 8.022485 9.118289 9.520893 13.349208 0.124470 0.624048 0.018557 10.372414 0.058529 8.778349 12.798034 18.938308 17.293371 16.078770 12.533657 11.777074 11.244833 9.725505 0.016405 0.074230 0.036654 10.190033 9.573813
-9999.0 -9999.0 -9999.0 -9999.0 -9999.0 -9999.0 -9999.0 -9999.0 -9999.0 8.571938 10.347192 19.655980 0.018534 26.223338 10.493339 10.762893 9.410571 8.998838 9.819517 9.585134 8.148140 13.316838 101.819204 3.723631 20.765405 0.168011 0.658688 27.542345 24.191096 18.491878 14.395009 11.589771 17.820954 23.889362 13.129063 9.581328 10.396471 9.588136 9.146782 8.885564 10.004672 13.719527 30.971981 20.057513 22.420396 0.230299 89.204355 17.859649 9.663047 24.763710 21.452752 11.574760 11.455283 17.519529 12.769418 10.865564 9.012076 9.941251 9.978140 10.035605 11.777063
-9999.0 -9999.0 -9999.0 -9999.0 -9999.0 -9999.0 -9999.0 -9999.0 10.537308 10.656308 17.565140 20.754405 0.479678 0.283166 15.867667 9.175092 10.129293 9.817873 9.920045 10.036507 8.976538 8.371839 9.455970 0.124820 10.001210 0.146413 14.929698 10.196504 9.147990 9.459391 10.460295 15.936547 21.056169 25.230539 13.416541 9.607222 13.151405 10.398484 14.722971 17.926630 20.848924 29.335090 12.832234 9.541126 9.606019 10.410381 0.150064 223.516290 27.095945 9.666857 23.291636 11.703978 10.713648 19.681979 11.040752 0.184494 0.036653 10.460313 0.168118 0.123548 0.143758
-9999.0 -9999.0 -9999.0 -9999.0 -9999.0 -9999.0 -9999.0 9.811913 14.611467 11.049038 11.062829 9.497776 10.331931 0.018542 0.162110 12.049388 9.733020 11.808087 16.349756 13.544583 13.477015 10.129322 9.244953 10.956192 16.952293 19.784278 0.058543 9.116132 15.599339 15.949680 10.704493 18.291943 33.127738 15.296243 0.335628 22.477350 12.385299 13.297549 19.875985 21.951300 19.663741 10.151111 10.238665 10.536404 15.732145 16.452172 46.272416 0.211124 42.850904 10.966829 22.536264 16.847693 9.679750 10.910693 24.004147 0.016405 0.014457 0.082226 0.083915 11.741403 10.707197
-9999.0 -9999.0 -9999.0 -9999.0 -9999.0 -9999.0 10.140138 9.799240 17.085214 12.598733 14.311083 11.062270 16.062085 13.463391 0.124282 14.339765 9.320619 10.203964 12.226744 22.105980 27.164741 32.132799 29.957983 10.288721 11.414551 30.396704 31.263038 19.886265 11.056806 14.970927 10.978796 0.254354 0.531712 0.080458 0.365590 17.546055 11.508612 10.810472 9.512319 8.818370 8.555924 9.713592 10.958095 15.073851 46.547223 49.072851 23.444101 22.023180 0.234228 102.120431 97.194422 0.193827 0.058514 11.392833 27.436983 11.536950 0.016845 0.466238 35.704876 32.036290 29.455290
-9999.0 -9999.0 -9999.0 -9999.0 -9999.0 9.818568 10.050074 13.465121 13.657206 19.720441 20.139653 13.464370 17.778594 12.296089 0.125772 0.159543 12.656768 9.991282 12.288151 16.550089 21.432059 22.534697 25.946080 39.256617 42.034509 268.305615 10.396495 9.114593 10.185301 18.222399 0.073110 0.109171 11.175164 9.106644 9.101339 8.796667 8.797689 9.530774 9.752441 21.877090 28.685102 38.390759 44.615168 37.789254 16.060487 19.463632 17.754620 13.896792 15.968630 0.161689 0.145035 69.177190 0.016785 15.952507 28.518321 12.957383 0.109019 0.080253 12.452377 12.837440 13.748857
-9999.0 -9999.0 -9999.0 -9999.0 12.356999 0.084709 0.094740 0.141840 0.183675 0.183794 0.293747 0.291117 0.229470 0.074653 11.907294 0.245215 13.062975 9.956902 10.225592 10.721431 9.670113 10.665478 15.471572 15.668603 0.061929 204.173490 10.106002 10.585430 9.517963 0.177549 0.072304 10.303044 8.966171 9.016202 9.442151 9.904904 10.614182 11.598937 16.509697 13.781159 11.116405 11.931754 8.722642 11.686323 12.555531 16.313101 14.466257 9.567635 9.753927 10.067693 13.985149 0.124994 117.871428 11.130445 0.058476 0.337728 0.036655 8.355067 8.949572 10.213869 10.809892
-9999.0 -9999.0 -9999.0 0.168747 0.082101 0.061935 10.154593 9.846790 10.301882 10.511110 11.003100 12.348249 15.894254 0.116125 0.084129 0.124911 13.460267 14.951257 9.454482 10.094288 11.763799 17.713665 20.521749 28.931348 14.678389 10.806941 0.058511 0.122889 0.222641 0.559879 35.254411 34.721295 31.569820 26.967369 24.029024 18.337807 12.822904 11.273570 9.532306 9.785933 9.554906 10.214662 9.477333 9.220385 8.903535 11.256347 12.173262 10.582884 9.815995 10.007413 9.339046 10.566052 0.123260 120.900392 0.082130 10.374602 8.579938 9.225404 10.621361 11.334746 10.467993
-9999.0 -9999.0 -9999.0 10.243762 10.365746 9.658058 9.255613 11.134962 16.143812 19.829717 22.858775 24.817421 43.575401 43.921877 0.643992 0.125227 0.039630 20.162081 9.753900 10.527047 17.024506 22.268582 21.974121 12.935967 0.168839 253.616729 0.248988 18.709456 12.177244 18.042781 12.675843 12.718299 12.230758 8.996268 9.771168 10.298249 11.258223 11.258569 11.448765 10.980917 11.898758 9.782041 9.643853 9.446124 10.191423 12.432751 16.302212 17.977137 13.495526 13.268236 9.959640 9.901542 11.921739 0.084148 167.065284 0.036654 11.759953 11.000150 0.169650 0.124664 0.256531
-9999.0 -9999.0 8.778634 8.948170 9.301237 11.290300 15.511020 22.225310 26.045247 27.679514 32.659377 33.770744 11.608196 19.013775 19.156531 0.227457 0.144704 25.294979 15.560379 12.221654 11.396187 10.934667 10.595367 10.283105 13.268450 217.087678 0.022105 11.081212 11.725406 13.501869 8.942214 8.888256 8.960976 9.515418 9.832581 10.902304 14.639488 14.959521 14.543316 13.295973 15.969287 10.097554 12.380513 12.364021 12.897436 13.434399 12.393215 12.543899 22.501721 28.787417 32.463072 0.414528 0.082810 0.058497 0.081708 323.413517 0.022104 0.096514 0.188465 14.437304 13.918914
-9999.0 -9999.0 8.884875 12.996809 13.915548 16.998483 11.348298 13.669192 18.834920 20.364057 17.686156 12.443990 12.916171 13.159369 15.987567 15.679655 0.123649 0.314713 0.039621 8.520859 10.237932 11.517811 11.246099 9.878639 9.111947 53.082673 0.307361 12.670233 9.597575 9.915866 10.838946 12.091867 11.052177 10.942175 9.498215 16.670400 16.665236 28.718651 34.718878 13.932330 17.226723 9.669819 14.229037 21.030292 0.276362 0.123934 0.312456 11.750735 11.460932 0.083556 0.123648 0.058498 10.897447 10.068427 10.173130 136.620261 0.122081 12.237889 10.041304 8.358493 8.665153
-9999.0 -9999.0 9.667283 13.534808 16.185957 19.392547 19.091598 15.326336 14.672769 13.963187 14.406352 11.086003 9.870459 12.503004 12.433346 12.385059 9.588201 10.687228 0.335949 0.014436 13.756274 15.083496 9.897630 9.623133 9.514649 259.351453 11.394842 8.461956 11.135173 12.000710 10.998039 15.402059 13.666465 12.711744 10.815384 39.762290 37.575282 23.411074 23.378350 14.719668 12.902460 24.036973 0.587294 0.128801 0.249690 11.332997 0.083378 0.097635 0.531760 0.170790 10.650281 10.188400 11.821031 16.777749 0.130972 0.018455 188.661548 8.553074 8.644109 10.545862 10.746570
-9999.0 -9999.0 10.233897 13.952360 15.849700 26.452741 12.557278 21.935657 23.129815 12.041873 13.764890 11.455494 10.296978 9.738658 9.547754 10.513181 14.955549 24.010000 0.159861 0.194159 0.223471 10.693290 0.167925 0.094450 210.756606 0.165572 8.894231 9.388453 13.631416 11.214762 13.876626 23.814251 10.775776 10.677596 43.195015 10.659775 9.611820 9.693397 11.701669 11.235243 11.791609 10.480475 13.575631 13.647343 11.992852 14.845656 30.522315 36.500697 17.996723 11.099937 9.910534 11.547329 0.058494 0.012929 0.058487 10.475165 213.808870 8.585538 9.538755 15.359004 15.429736
-9999.0 -9999.0 -9999.0 14.260227 16.351449 27.894142 14.244913 12.264072 31.806286 11.075506 17.479010 11.549931 11.301286 12.132765 14.997398 20.137313 20.722322 15.024123 12.854684 14.849905 15.069199 11.595582 0.105625 0.094665 15.080370 0.093355 8.875057 9.614534 11.047783 16.854687 18.278843 25.983109 16.312975 48.734790 21.476996 14.662744 10.476873 9.861799 11.309140 11.896633 17.894217 12.464091 11.329718 15.356898 21.718911 24.876005 13.515810 16.932908 12.724702 12.774170 0.085243 0.183833 0.018454 10.442426 11.490634 10.152715 200.058783 14.331270 11.671994 17.760757 18.181336
-9999.0 -9999.0 -9999.0 10.741621 18.676277 24.227179 0.569755 19.452383 28.204529 14.952977 19.750587 13.096644 17.443719 12.314990 9.241237 8.891980 9.168280 11.347371 10.610216 10.333594 10.495921 9.480371 9.766388 11.042866 60.237865 0.058671 12.555126 11.302097 8.904625 9.829156 11.563248 23.205482 0.964318 11.008497 18.513247 19.021590 14.674218 10.759911 15.258063 16.604709 21.324059 12.409227 12.295608 13.589971 12.789491 9.901824 10.203208 0.018550 0.019002 0.168835 0.376065 11.156697 16.347301 19.598607 22.368784 14.034697 222.992201 9.122690 10.550659 0.251244 0.176946
-9999.0 -9999.0 -9999.0 -9999.0 16.652783 21.851230 0.765275 0.082010 0.261881 0.482445 0.384343 19.051773 8.931212 10.118244 9.809735 8.722906 10.426830 11.500219 12.364079 10.296625 9.820610 9.770442 8.640593 0.058534 58.267154 28.373278 32.101311 24.069083 20.065173 11.725157 12.229822 16.595286 0.338137 0.306144 8.846187 10.715687 11.082766 14.608757 17.952840 17.197394 28.613501 16.959636 11.525352 9.954113 11.395012 15.387726 0.380819 0.433421 17.640403 15.069220 15.621107 9.403679 9.100031 9.236812 10.247896 28.852883 149.508006 9.855501 0.108811 0.107245 9.387607
-9999.0 -9999.0 -9999.0 -9999.0 11.273178 10.708366 10.268918 9.530710 9.503917 10.795199 0.072902 0.204839 9.686265 12.802279 12.774589 9.619467 15.291950 12.321968 15.166405 9.479846 12.221015 12.581962 12.820507 109.040585 29.607250 19.109217 18.050117 10.324887 9.662021 11.075062 11.400560 10.655602 12.269114 0.124054 10.949209 14.492112 13.100693 16.218976 34.477606 33.229786 15.064439 10.575504 11.896028 11.480715 16.807791 18.239586 15.709097 14.393564 14.560502 10.556357 10.877619 9.464725 8.776889 8.562901 10.431807 0.082189 103.915051 0.018452 0.016405 9.249748 8.738929
-9999.0 -9999.0 -9999.0 -9999.0 -9999.0 10.948173 10.222254 9.447583 9.497886 11.253720 15.209693 0.114291 0.081206 16.317314 15.857336 14.226552 22.012366 10.162581 15.895863 10.480150 12.561351 15.214992 16.254060 177.550878 0.058519 12.866259 11.129530 9.449506 11.748397 11.702071 10.425695 13.635425 14.108487 0.024412 54.886105 67.958382 52.836875 49.328836 15.431844 10.764505 9.744656 10.810792 10.957955 10.380244 10.803405 11.460370 12.871307 12.410183 11.465070 9.398753 8.957926 8.857801 13.859951 0.158329 0.120911 0.058520 0.016405 139.511013 8.951545 9.178670 14.291746
-9999.0 -9999.0 -9999.0 -9999.0 -9999.0 -9999.0 13.426683 13.412516 13.547570 16.280684 20.044400 0.171031 0.018550 0.369176 0.223024 0.409491 0.316917 0.291656 0.325662 0.127140 0.058513 0.123692 21.139300 289.429470 18.229506 14.078691 11.285645 12.285066 15.107657 14.474282 10.730767 14.302378 18.931444 1.069835 22.571326 16.144718 10.780868 22.303314 14.119291 11.216906 10.163488 10.420448 9.647604 12.714519 15.207019 11.079032 12.634878 13.954922 17.954788 0.379488 0.183309 0.181222 0.245248 0.168302 9.616572 10.984064 14.132271 251.816290 0.166229 8.419616 16.950374
-9999.0 -9999.0 -9999.0 -9999.0 -9999.0 -9999.0 12.678331 22.926238 0.671922 0.124539 0.231933 0.471827 21.670856 10.576025 20.323335 18.888756 11.660267 24.272384 23.250275 28.184961 0.290883 0.018469 0.081659 216.459085 10.691408 9.254259 9.547476 15.139043 15.468730 17.155298 0.127614 3.033130 0.281528 0.372981 14.489571 13.159227 10.143934 13.031542 18.330137 15.811719 10.271224 9.916140 12.148873 0.167332 0.223598 0.252805 13.486749 12.230199 10.046920 12.940508 12.345855 14.069848 13.299188 10.056346 10.191207 13.995054 16.242252 114.335397 0.139677 9.898577 17.760113
-9999.0 -9999.0 -9999.0 -9999.0 -9999.0 -9999.0 13.320502 20.482284 0.285887 14.248551 19.364692 24.490244 21.700363 14.129297 15.915214 15.561138 12.995597 14.208232 10.372383 17.228073 11.572640 10.030730 0.012826 108.338717 15.057662 12.486356 10.244364 17.965463 11.039125 0.275195 0.205948 19.193834 14.965555 12.648447 12.931019 10.947242 12.408023 14.051331 15.437542 18.506594 13.447459 10.352718 15.084238 0.193218 10.550429 11.433992 9.837118 10.140454 10.498565 9.740272 9.126178 10.621746 10.312320 10.381827 13.578857 18.691478 18.656507 14.413675 107.188198 20.502302 20.317202
-9999.0 -9999.0 -9999.0 -9999.0 -9999.0 -9999.0 14.021417 13.341673 14.449286 11.774892 15.927501 21.864076 19.928477 11.751326 10.833455 10.111229 10.069071 10.412357 9.203214 10.278005 10.540547 15.284544 18.131965 0.260094 85.621047 14.493032 9.444351 0.328058 0.122946 0.080274 12.837865 12.994073 13.492029 10.077510 11.093369 11.144265 13.216977 12.236466 27.875587 12.951267 10.945495 9.761978 15.279805 0.095836 10.917709 16.745187 14.276129 10.478130 11.540387 9.643636 11.050606 11.619033 11.233384 9.280936 9.141073 9.088577 8.846979 8.355492 0.166224 116.105473 0.167549
-9999.0 -9999.0 -9999.0 -9999.0 -9999.0 -9999.0 10.361380 9.841364 10.166431 9.867030 18.102998 11.586171 14.144281 11.151622 12.687937 11.123693 11.246527 11.046484 11.657199 11.211131 14.596427 18.122987 18.087917 11.547892 155.947792 0.169731 0.146355 0.125027 14.644479 9.067408 8.965956 9.933504 11.040251 11.881920 12.572510 0.019002 0.051879 19.801865 29.805664 16.046646 11.559310 14.941418 20.952164 0.082830 32.556224 29.250632 23.464538 13.201402 13.871964 9.595631 0.185721 14.263218 12.078724 10.041485 13.400553 11.012015 11.488124 9.175800 8.671959 11.209836 195.076171
-9999.0 -9999.0 -9999.0 -9999.0 -9999.0 -9999.0 -9999.0 -9999.0 11.407118 15.711426 14.062916 22.225524 27.160252 0.504936 0.289904 0.083102 0.171137 13.547256 14.757373 10.733807 9.099457 9.100459 10.730115 0.058513 136.631857 9.953575 9.236084 14.482229 10.480489 9.077469 11.279453 11.629899 11.913818 16.512607 12.306922 11.079331 12.072783 14.996837 15.530217 30.613089 15.642053 18.887039 0.198390 0.919044 21.171461 15.640993 10.730363 11.384423 11.402058 20.450099 0.334951 0.113929 9.382692 16.577354 15.537850 14.810188 14.717288 10.377799 10.368297 11.146461 177.740759
-9999.0 -9999.0 -9999.0 -9999.0 -9999.0 -9999.0 -9999.0 -9999.0 -9999.0 -9999.0 11.460934 11.045116 10.767433 13.636132 15.512674 16.222650 0.264448 0.095250 0.257633 0.082588 0.039627 0.080452 0.182013 0.018452 94.159462 10.612108 9.116848 13.111983 9.972339 9.467038 13.069091 15.660811 15.874680 0.197402 0.162202 0.254512 15.047932 15.687534 15.013705 19.785776 37.508710 24.598923 0.128410 15.252724 10.972438 9.993082 11.155853 10.847931 11.949630 15.865589 18.293443 0.171451 0.200454 0.220041 0.284027 0.289113 0.148173 0.142162 0.184048 0.024410 153.627031
