geotop/1.0zi/1.0Montebello/Templates/Duarrigle2006/maps/_hLAND0004.asc
ncols         76
nrows         123
xllcorner     110555.058093
yllcorner     85388.025579
cellsize      200.000000
NODATA_value  -9999.0
[rows 0 to 26 of 123, columns 0 to 60 of 76]
-9999.0 -9999.0 -9999.0 -9999.0 -9999.0 -9999.0 -9999.0 -9999.0 -9999.0 -9999.0 -9999.0 -9999.0 -9999.0 -9999.0 -9999.0 -9999.0 -9999.0 -9999.0 -9999.0 -9999.0 -9999.0 -9999.0 -9999.0 -9999.0 -9999.0 -9999.0 -9999.0 -9999.0 -9999.0 -9999.0 -9999.0 -9999.0 -9999.0 -9999.0 -9999.0 -9999.0 -9999.0 -9999.0 -9999.0 -9999.0 -9999.0 -9999.0 -9999.0 -9999.0 -9999.0 -9999.0 -9999.0 -9999.0 -9999.0 -9999.0 -9999.0 -9999.0 -9999.0 -9999.0 -9999.0 -9999.0 -9999.0 -9999.0 -9999.0 -9999.0 -9999.0
-9999.0 -9999.0 -9999.0 -9999.0 -9999.0 -9999.0 -9999.0 -9999.0 -9999.0 -9999.0 -9999.0 -9999.0 -9999.0 -9999.0 -9999.0 -9999.0 -9999.0 -9999.0 -9999.0 -9999.0 -9999.0 -9999.0 -9999.0 -9999.0 -9999.0 -9999.0 -9999.0 -9999.0 -9999.0 -9999.0 -9999.0 -9999.0 -9999.0 -9999.0 -9999.0 -9999.0 -9999.0 14.722407 14.435285 -9999.0 -9999.0 -9999.0 -9999.0 11.860929 12.663884 12.798720 12.697299 12.786318 13.557573 11.817503 14.424036 13.063603 -9999.0 -9999.0 -9999.0 -9999.0 -9999.0 -9999.0 -9999.0 -9999.0 -9999.0
-9999.0 -9999.0 -9999.0 -9999.0 -9999.0 -9999.0 -9999.0 -9999.0 -9999.0 -9999.0 -9999.0 12.657497 12.514617 13.173312 12.962668 13.487626 14.063380 -9999.0 -9999.0 -9999.0 -9999.0 -9999.0 -9999.0 -9999.0 -9999.0 -9999.0 -9999.0 -9999.0 -9999.0 -9999.0 -9999.0 -9999.0 -9999.0 -9999.0 -9999.0 -9999.0 11.930119 0.265015 18.372904 11.325191 13.900015 11.601677 10.832612 12.722709 0.384020 17.207321 17.104360 17.181273 20.096016 0.034684 0.206012 0.050724 14.744689 -9999.0 -9999.0 -9999.0 -9999.0 -9999.0 -9999.0 -9999.0 -9999.0
-9999.0 -9999.0 -9999.0 -9999.0 -9999.0 -9999.0 -9999.0 -9999.0 12.555849 13.736027 0.056070 0.201944 0.195996 16.644737 15.192183 15.704367 19.493800 -9999.0 -9999.0 -9999.0 -9999.0 -9999.0 -9999.0 -9999.0 -9999.0 -9999.0 -9999.0 -9999.0 -9999.0 -9999.0 -9999.0 -9999.0 -9999.0 13.611398 12.881332 13.163217 11.599897 0.148944 22.915113 12.208041 16.170480 11.915847 15.902624 19.481809 0.015787 22.693007 21.684713 20.438651 0.244997 0.117794 13.247995 13.587304 18.372355 14.515601 -9999.0 -9999.0 -9999.0 -9999.0 -9999.0 -9999.0 -9999.0
-9999.0 -9999.0 -9999.0 -9999.0 -9999.0 -9999.0 -9999.0 -9999.0 16.108689 31.605631 12.660056 12.152435 0.115322 0.288725 20.669029 12.643543 18.330137 13.169582 -9999.0 -9999.0 -9999.0 -9999.0 -9999.0 -9999.0 -9999.0 -9999.0 -9999.0 -9999.0 -9999.0 -9999.0 -9999.0 11.681105 11.600930 18.682287 17.827983 17.561379 13.125238 0.128367 25.821168 16.841166 19.464250 16.511532 21.017558 0.271689 0.055387 27.678667 24.347316 0.252253 0.012252 14.170552 13.481052 17.527610 22.295233 18.985514 -9999.0 -9999.0 -9999.0 -9999.0 -9999.0 -9999.0 -9999.0
-9999.0 -9999.0 -9999.0 -9999.0 -9999.0 -9999.0 -9999.0 11.379430 11.062859 13.048089 23.439266 12.471206 15.786602 0.185783 0.282237 21.815584 15.097893 13.478828 -9999.0 -9999.0 -9999.0 -9999.0 -9999.0 -9999.0 -9999.0 -9999.0 -9999.0 -9999.0 -9999.0 -9999.0 11.645904 11.593555 15.984150 25.210268 23.308791 21.297678 17.602479 0.034693 0.357853 21.563379 24.364071 21.414947 26.007373 0.015762 17.002107 32.350859 0.313432 0.010464 13.719394 18.415921 18.460890 22.227112 24.990394 20.293680 -9999.0 -9999.0 -9999.0 -9999.0 -9999.0 -9999.0 -9999.0
-9999.0 -9999.0 -9999.0 -9999.0 11.245256 12.644777 12.354237 12.555895 14.513643 20.215237 12.862379 24.429063 12.160698 17.383751 0.671116 25.291928 16.764413 12.451004 15.236210 -9999.0 -9999.0 -9999.0 -9999.0 -9999.0 -9999.0 -9999.0 -9999.0 -9999.0 0.055376 0.015027 0.055380 16.666193 17.491584 30.179805 24.361626 27.692205 23.929190 0.012262 0.015773 26.185433 28.757625 0.419660 0.313379 0.054723 20.912597 0.426671 0.011142 14.062295 18.742157 21.457555 21.495006 22.018748 29.161019 12.727690 -9999.0 -9999.0 -9999.0 -9999.0 -9999.0 -9999.0 -9999.0
-9999.0 -9999.0 -9999.0 -9999.0 11.277745 16.821559 16.305225 14.984018 11.004638 27.852772 17.511151 11.505437 29.212915 31.590004 0.698453 13.144755 14.384421 12.302920 15.297066 11.021379 12.091253 14.817394 14.120314 12.582903 -9999.0 -9999.0 14.172522 19.170281 21.980841 25.123744 0.400394 0.015780 0.400989 21.916062 35.335936 48.277964 34.258722 0.328155 0.012260 32.014968 0.414635 0.012269 12.726038 15.938687 24.852883 0.012303 14.686266 17.563221 23.208677 0.330699 0.654646 0.673588 0.298315 0.049881 -9999.0 -9999.0 -9999.0 -9999.0 -9999.0 -9999.0 -9999.0
-9999.0 -9999.0 -9999.0 -9999.0 -9999.0 0.191239 0.410941 11.999597 18.807634 26.768960 20.540140 10.977918 15.198932 13.855190 0.134036 0.393878 11.336411 23.596633 17.456999 14.521191 12.329243 16.532986 19.820197 11.062838 13.230393 13.962760 16.036215 16.462258 12.012597 12.814251 17.158539 23.588303 0.257025 0.015803 0.388944 43.590440 0.363059 0.055429 0.321872 3.549275 0.009585 20.965504 14.185394 19.235660 27.183639 0.012541 0.320299 0.592061 0.142646 0.244586 15.196169 11.283349 12.444254 12.298575 -9999.0 -9999.0 -9999.0 -9999.0 -9999.0 -9999.0 -9999.0
-9999.0 -9999.0 -9999.0 -9999.0 -9999.0 11.080975 0.015737 0.015802 0.149154 0.318079 0.645030 0.034678 18.558608 20.722390 15.436826 0.265948 14.760339 27.292181 25.709145 12.956657 16.915573 18.294209 22.712181 13.191172 15.251965 16.834714 14.619124 13.092612 22.120396 11.618754 12.526035 19.369851 0.192458 0.115246 18.355244 17.480494 13.756782 16.674830 19.803236 22.272767 14.529776 2.079829 25.856316 0.216003 0.435459 0.230525 10.970045 18.666030 14.047228 9.990042 10.326488 12.314514 -9999.0 -9999.0 -9999.0 -9999.0 -9999.0 -9999.0 -9999.0 -9999.0 -9999.0
-9999.0 -9999.0 -9999.0 -9999.0 -9999.0 11.126938 12.830672 15.502827 11.817361 11.607692 12.800670 0.116830 0.188988 14.421359 27.736062 0.021003 13.445321 31.001160 29.616072 18.319866 29.705628 25.227457 0.055436 0.395783 19.705090 17.420110 12.133158 10.526874 10.908419 22.973183 17.658591 0.188212 0.192003 12.121208 12.507916 14.034683 12.124433 12.341625 12.434979 13.015037 15.190284 83.517165 1.175258 0.182402 11.677669 9.600161 9.922444 14.180260 12.414880 11.717988 12.215793 -9999.0 -9999.0 -9999.0 -9999.0 -9999.0 -9999.0 -9999.0 -9999.0 -9999.0 -9999.0
-9999.0 -9999.0 -9999.0 -9999.0 -9999.0 15.725057 21.111011 23.848932 31.887971 35.348183 45.533216 53.969238 0.906405 0.135326 26.972640 0.055342 14.240100 36.504660 33.615778 20.893613 1.324892 0.015752 0.015784 29.839664 25.331863 15.614696 12.038689 17.573408 25.124111 0.381395 0.397729 0.551205 18.383542 11.469606 15.565861 18.548187 12.752932 12.541774 12.626556 15.141633 18.949171 74.987715 0.111812 12.443729 11.167345 11.890997 13.390250 11.494055 11.681589 17.942900 11.428271 -9999.0 -9999.0 -9999.0 -9999.0 -9999.0 -9999.0 -9999.0 -9999.0 -9999.0 -9999.0
-9999.0 -9999.0 -9999.0 -9999.0 -9999.0 -9999.0 13.486930 18.858400 22.825305 28.548088 16.766972 14.564299 39.068240 0.670691 0.151988 0.526742 0.240693 6.799446 0.636132 0.021910 0.015739 13.193648 34.510570 18.631288 14.172446 14.143055 14.356593 21.762811 0.488023 0.930767 21.826388 21.300304 10.983752 12.436191 19.236835 24.429954 31.440311 31.338428 17.609490 18.229808 15.983053 0.134160 2.487729 13.114553 14.999372 13.310876 18.530586 17.729875 12.752953 19.859774 11.283708 -9999.0 -9999.0 -9999.0 -9999.0 -9999.0 -9999.0 -9999.0 -9999.0 -9999.0 -9999.0
-9999.0 -9999.0 -9999.0 -9999.0 -9999.0 -9999.0 -9999.0 14.025715 17.689257 13.379763 14.524582 29.378027 12.256874 13.021941 12.966297 13.149479 15.240060 0.015745 0.077200 12.355533 20.515823 36.807824 14.514455 12.636243 12.155310 0.034681 0.201624 12.632589 25.963204 25.401659 17.506680 12.405684 10.793070 12.223465 13.705821 19.428892 22.751929 26.626177 47.681775 54.882144 64.916698 69.309703 96.550381 23.940957 11.820125 25.072736 14.668022 22.741836 25.994043 0.191261 12.601022 -9999.0 -9999.0 -9999.0 -9999.0 -9999.0 -9999.0 -9999.0 -9999.0 -9999.0 -9999.0
-9999.0 -9999.0 -9999.0 -9999.0 -9999.0 -9999.0 -9999.0 15.916676 21.619503 26.282961 23.602447 15.136750 12.407001 12.004425 13.578901 13.367305 14.591226 20.001550 12.063236 14.647135 48.506091 12.152137 0.202813 0.131090 0.254933 0.202699 13.983812 12.224875 24.801423 22.362022 13.996830 12.436470 11.340499 12.995125 13.386452 12.213454 13.897949 19.074223 21.478329 14.317317 16.290561 23.126196 0.221642 69.631126 29.690286 12.539528 0.264804 0.567932 0.015758 0.255995 13.739949 -9999.0 -9999.0 -9999.0 -9999.0 -9999.0 -9999.0 -9999.0 -9999.0 -9999.0 -9999.0
-9999.0 -9999.0 -9999.0 -9999.0 -9999.0 -9999.0 -9999.0 -9999.0 -9999.0 13.707771 13.141764 14.855196 18.041634 21.032119 31.396674 36.248756 41.050130 41.050892 0.673032 0.135791 1.054601 0.147200 0.200398 12.704183 12.181612 10.503776 11.790046 13.394150 19.892276 19.948228 0.034693 0.015746 15.675581 21.779126 18.496976 14.477663 19.562414 22.213028 28.077806 40.857225 0.607903 0.128435 0.046312 214.839277 0.129722 0.021016 0.015814 12.998362 13.625825 19.498699 15.342284 13.574726 -9999.0 -9999.0 -9999.0 -9999.0 -9999.0 -9999.0 -9999.0 -9999.0 -9999.0
-9999.0 -9999.0 -9999.0 -9999.0 -9999.0 -9999.0 -9999.0 -9999.0 -9999.0 15.374270 24.260875 30.345356 34.650704 46.756668 53.045237 56.165467 55.250648 62.696167 64.534696 29.061546 13.991818 11.712967 11.365494 11.855451 12.921760 20.879372 18.265961 12.943296 12.871807 13.474444 13.471898 0.133132 0.015752 0.538142 0.215700 0.264054 12.766353 14.634263 0.135768 0.127720 0.248773 13.481504 13.482573 0.128424 66.032767 14.159408 17.380476 18.416953 20.792479 14.641293 0.309131 0.317958 18.121119 -9999.0 -9999.0 -9999.0 -9999.0 -9999.0 -9999.0 -9999.0 -9999.0
-9999.0 -9999.0 -9999.0 -9999.0 -9999.0 -9999.0 -9999.0 -9999.0 -9999.0 -9999.0 0.050708 12.055343 12.004592 13.532789 12.224268 13.444365 13.434464 13.554872 14.329621 18.857902 13.310003 12.187949 12.438230 19.102280 22.449765 12.100926 11.578161 11.396995 13.877190 14.000497 12.532086 14.626615 16.994236 15.034118 19.816720 0.220010 0.461066 0.432196 0.383398 13.201441 13.419888 15.440733 19.337285 24.448607 282.564734 0.212478 0.410256 0.335840 0.020995 0.307370 0.139442 16.488523 14.815148 -9999.0 -9999.0 -9999.0 -9999.0 -9999.0 -9999.0 -9999.0 -9999.0
-9999.0 -9999.0 -9999.0 -9999.0 -9999.0 -9999.0 -9999.0 -9999.0 -9999.0 -9999.0 -9999.0 12.120202 11.768348 11.907969 13.077856 0.201892 0.153285 0.133043 0.260238 108.775462 18.989270 16.043187 12.535550 28.331495 17.066705 16.592951 16.345279 12.407639 16.833398 16.217851 11.809105 18.711130 14.332476 14.082762 19.331707 30.203992 19.011051 25.226758 14.662019 12.011157 18.849240 24.288951 27.492801 29.624220 222.505963 0.017115 0.115801 14.200387 13.274785 15.226441 12.570479 13.524074 -9999.0 -9999.0 -9999.0 -9999.0 -9999.0 -9999.0 -9999.0 -9999.0 -9999.0
-9999.0 -9999.0 -9999.0 -9999.0 -9999.0 -9999.0 -9999.0 -9999.0 -9999.0 -9999.0 -9999.0 14.396365 22.340513 0.990200 0.180395 0.055348 0.237140 15.732067 0.378834 11.871042 0.208837 0.251260 0.502375 0.403868 0.209194 0.398966 16.165266 13.748430 13.833608 19.254151 22.462550 25.941539 17.329389 14.586147 15.013472 13.494031 12.557356 13.350775 13.343724 12.897417 13.307753 17.957393 25.519788 27.348063 62.802988 0.045159 11.519750 13.951481 12.404487 12.581781 20.164666 14.074321 15.205482 -9999.0 -9999.0 -9999.0 -9999.0 -9999.0 -9999.0 -9999.0 -9999.0
-9999.0 -9999.0 -9999.0 -9999.0 -9999.0 -9999.0 -9999.0 -9999.0 -9999.0 -9999.0 -9999.0 15.100933 23.538149 0.297990 13.858090 16.452194 13.517107 23.697357 17.665028 20.717036 21.787376 0.009611 12.507599 15.575001 12.799629 0.209539 12.203459 16.483273 20.660400 13.203755 29.215571 25.538249 14.492521 0.406298 18.005170 15.641662 16.563147 20.785545 14.559942 15.214233 14.246173 18.310141 22.605633 29.620739 31.631902 98.001206 14.779256 39.277781 37.234360 32.870726 20.277855 14.197325 18.974704 14.458663 14.193674 11.619534 0.055374 13.753160 -9999.0 -9999.0 -9999.0
-9999.0 -9999.0 -9999.0 -9999.0 -9999.0 -9999.0 -9999.0 -9999.0 -9999.0 -9999.0 -9999.0 16.087600 11.646461 13.163806 12.709279 14.140663 16.065828 12.103556 12.267567 13.179197 118.580821 19.757747 11.943558 20.530906 13.262339 0.129978 24.362522 16.399193 22.323820 12.255769 19.500814 36.143530 0.399195 0.728307 19.899739 17.866869 19.237898 23.706206 27.898449 21.259342 12.644148 14.067923 19.645445 24.826074 30.059132 155.229202 44.076118 13.067533 13.076414 13.250831 12.980695 14.772891 21.296552 21.808096 20.251748 11.690526 0.128419 18.022961 13.216622 11.732273 13.487615
-9999.0 -9999.0 -9999.0 -9999.0 -9999.0 -9999.0 -9999.0 -9999.0 -9999.0 -9999.0 -9999.0 13.940241 11.622822 11.520107 11.669654 11.435998 11.796720 11.760988 11.973297 13.897104 0.250939 23.088617 0.531197 0.131545 0.215405 0.844981 19.867540 16.556969 12.117434 21.959514 26.032360 0.498322 0.292354 19.467159 21.341539 23.397121 17.590426 21.471756 24.955076 1.124916 0.382761 0.230806 0.239685 0.233834 0.012540 147.551559 23.083888 17.144507 18.151469 18.975932 14.628111 32.637482 17.242713 27.120523 22.256940 13.357585 0.192873 0.191484 22.751033 18.437260 13.264020
-9999.0 -9999.0 -9999.0 -9999.0 -9999.0 -9999.0 -9999.0 -9999.0 -9999.0 -9999.0 -9999.0 15.181842 18.891181 25.216881 31.533784 34.872917 39.151706 42.109477 50.846054 44.148534 19.120729 29.541351 0.398137 29.973140 16.228555 18.948259 15.391269 12.667795 12.547313 20.331258 0.615011 0.270660 18.707830 15.724442 11.874709 14.305293 13.263344 13.686960 13.808959 13.075565 12.498931 16.125834 16.204725 14.841123 20.920473 0.216355 246.453734 51.021559 50.295890 45.815160 41.116295 17.799295 16.967486 30.960581 14.412862 25.185253 23.095700 0.012269 0.248859 23.188153 18.920941
-9999.0 -9999.0 -9999.0 -9999.0 -9999.0 -9999.0 -9999.0 -9999.0 -9999.0 -9999.0 -9999.0 -9999.0 15.294122 22.648923 27.330222 33.524095 37.112338 39.523166 44.299242 43.637953 76.280752 0.213492 20.019651 13.396494 23.998567 24.063486 16.787098 13.443150 17.469934 21.641063 0.133757 13.732221 11.915062 12.466090 13.040889 13.821241 12.437746 17.868935 22.958624 17.212354 14.911904 12.542010 14.074214 18.881806 23.707397 30.311681 206.363905 28.036143 28.591048 22.376519 15.637787 15.133324 23.273689 34.618979 13.748589 18.587051 32.413501 16.146768 0.012257 0.258365 0.248516
-9999.0 -9999.0 -9999.0 -9999.0 -9999.0 -9999.0 -9999.0 -9999.0 -9999.0 -9999.0 -9999.0 -9999.0 12.067134 11.417892 11.026501 11.177654 13.777484 19.787526 23.558408 27.240523 125.537981 21.027567 13.990293 13.849196 14.887391 14.800025 13.671061 14.023157 17.099170 0.335175 0.687108 26.786748 23.775003 20.413603 16.369594 16.345112 22.468657 31.351289 35.171290 20.282832 14.755697 15.408813 12.904329 14.270270 20.350450 23.669803 271.867486 17.713857 15.745836 14.774746 17.676476 15.052500 26.826337 34.589162 16.979701 18.965293 23.908164 38.083102 16.812953 0.015761 0.012262
-9999.0 -9999.0 -9999.0 -9999.0 -9999.0 -9999.0 -9999.0 -9999.0 -9999.0 -9999.0 -9999.0 13.651877 13.210507 13.612707 13.453028 19.960903 23.815305 26.602678 29.971413 34.191190 177.816054 13.629638 12.256257 14.725152 13.980783 21.461628 20.297722 19.583581 15.110898 0.687236 33.913968 31.495617 27.029906 19.213513 14.896210 15.791758 19.559073 23.575076 28.185282 44.478357 19.658692 20.802942 12.589580 19.533771 19.691377 14.528600 493.228456 17.541597 15.562374 17.013699 14.762223 13.837574 19.188917 0.965489 20.737247 13.833327 23.706930 32.762348 43.790163 0.012223 16.780378
