geotop/1.0zi/1.0Montebello/Templates/Duarrigle2006/maps/_hLAND0024.asc
ncols         76
nrows         123
xllcorner     110555.058093
yllcorner     85388.025579
cellsize      200.000000
NODATA_value  -9999.0
[rows 28 to 55 of 123, columns 0 to 61 of 76]
-9999.0 -9999.0 -9999.0 -9999.0 -9999.0 -9999.0 -9999.0 -9999.0 -9999.0 -9999.0 6.510946 6.625475 15.440019 13.267634 8.666325 10.585662 14.104625 18.370191 21.315360 17.423720 7.124954 0.155311 7.272805 10.395912 7.837328 11.076472 0.196326 0.039572 7.221768 5.909753 6.122268 6.440132 7.817780 7.970263 11.754282 9.717861 0.136230 0.075991 0.005247 0.150893 0.005041 0.428261 0.011737 10.473730 6.561336 0.432173 0.051404 7.315714 9.020707 11.887081 12.340992 10.179601 16.803632 21.690648 0.181443 0.064859 0.147703 8.799397 0.206075 0.712905 12.832622 8.865259
-9999.0 -9999.0 -9999.0 -9999.0 -9999.0 -9999.0 -9999.0 -9999.0 -9999.0 -9999.0 5.986993 10.919671 0.292453 16.098896 10.595500 8.947035 11.280433 15.533322 19.580314 21.547534 21.135078 0.395980 0.039682 13.087220 10.779138 13.850726 0.040727 7.772270 6.510001 6.454461 6.496724 6.988352 11.290328 11.472100 12.459614 7.486569 6.395473 7.016096 5.556587 6.465739 6.800294 9.956241 0.073928 0.422764 0.003983 0.042846 0.011739 6.179202 9.518672 14.648874 13.295348 12.238800 9.301008 8.674506 8.233566 6.967492 0.003721 0.042701 0.007734 7.356893 6.844567 7.362769
-9999.0 -9999.0 -9999.0 -9999.0 -9999.0 -9999.0 -9999.0 -9999.0 -9999.0 6.012202 7.487957 15.054992 0.004042 20.693564 7.609958 7.833380 6.709142 6.366807 7.049064 6.854132 5.659703 9.911315 28.934053 0.149808 16.164323 0.107127 0.434391 21.683114 18.836923 14.194850 10.832833 8.519013 13.742304 18.687735 9.783105 6.851242 7.528905 6.856836 6.489828 6.272761 7.202529 10.269962 24.661613 15.579115 17.551489 0.148760 36.525498 13.677422 6.909657 19.423937 16.715082 8.506047 8.407162 13.441977 9.493735 7.918282 0.060438 7.147466 7.180753 7.228523 8.675108 0.011735
-9999.0 -9999.0 -9999.0 -9999.0 -9999.0 -9999.0 -9999.0 -9999.0 7.645241 7.744059 13.382826 16.267153 0.308292 0.187386 12.070367 6.513605 7.306842 7.047846 7.132890 7.229741 6.348421 5.842322 6.741434 0.063850 0.098830 0.088472 11.282432 7.361979 6.490096 6.749001 7.581183 12.125835 16.467352 19.856933 10.014203 6.873021 9.802198 7.530447 11.105234 13.734271 16.180501 23.170106 9.534357 6.816948 6.871361 7.529340 0.094986 142.147690 21.467876 6.915642 18.224625 8.613716 7.791643 15.215590 8.063795 0.101622 0.007734 7.581604 0.085430 0.069425 0.081213 0.096583
-9999.0 -9999.0 -9999.0 -9999.0 -9999.0 -9999.0 -9999.0 7.042213 11.018279 8.070362 8.081772 6.781649 7.475321 0.004053 0.096839 8.885359 6.977357 8.700929 12.401689 10.124627 10.069409 7.306424 6.571744 7.993953 12.953743 0.081056 0.011740 6.463539 11.917496 12.135222 7.784111 14.128911 26.435003 11.635798 0.210866 17.524666 9.178945 9.933895 15.266976 17.238691 15.459104 7.323970 7.397077 7.644462 11.953741 12.619623 36.441340 0.142250 0.741149 7.988179 17.688827 12.826241 6.932687 7.954804 18.894097 0.003721 0.003150 0.045334 0.047656 8.645514 7.786923 7.209213
-9999.0 -9999.0 -9999.0 -9999.0 -9999.0 -9999.0 7.315872 7.032429 13.034186 9.347786 10.770340 8.082159 12.224894 10.061842 0.072297 10.787095 6.634668 7.368969 9.047600 17.235254 21.494047 25.711588 24.064032 7.438033 8.365371 0.252723 24.583138 15.356516 8.076587 11.318941 8.012447 0.159837 0.358109 0.042556 0.216070 13.379801 8.452509 7.872752 6.793722 6.216809 5.998082 6.959981 7.994770 11.403209 37.137102 38.551318 18.564980 17.239561 0.151262 4.816406 3.171181 0.117902 0.011738 8.355627 21.724415 8.475587 0.003766 0.319984 28.621294 25.543116 23.349140 15.255718
-9999.0 -9999.0 -9999.0 -9999.0 -9999.0 7.048782 7.241384 10.061532 10.218096 15.336817 15.529136 10.067785 13.748405 9.106353 0.075004 0.093965 9.389859 7.192137 9.098778 12.637227 16.657398 17.735631 20.604503 31.737034 34.023969 164.302880 7.515860 6.462275 7.353073 14.076873 0.041209 0.061016 8.176437 6.456731 6.452366 6.199031 6.199633 6.809069 6.993374 16.841839 22.437482 30.256980 35.703912 30.383971 12.249327 15.140853 13.647737 10.413933 12.147988 0.097301 0.086477 0.034072 0.003761 12.093930 22.771134 9.650868 0.060522 0.042210 9.219297 9.543492 10.302802 16.857419
-9999.0 -9999.0 -9999.0 -9999.0 9.156823 0.048685 0.050674 0.078585 0.107214 0.107869 0.187159 0.183316 0.144350 0.043252 8.783982 0.138442 9.725150 7.163544 7.386883 7.798697 6.924931 7.752446 11.738322 11.959200 0.012618 120.633869 7.278663 7.685602 6.798149 0.111088 0.040061 7.450870 6.339982 6.381072 6.735233 7.120075 7.709763 8.527467 12.460281 10.246698 8.105692 8.788654 6.136355 8.574802 9.290481 12.348955 10.901880 6.839194 6.994023 7.255175 10.492341 0.064130 11.126010 8.124614 0.011735 0.225776 0.007734 5.831790 6.325592 7.376490 7.871743 8.219329
-9999.0 -9999.0 -9999.0 0.086402 0.045159 0.012637 7.328316 7.072267 7.450752 7.624695 8.033573 9.148601 12.092110 0.071975 0.047945 0.073954 10.055622 11.301401 6.745614 7.277638 8.664157 13.536175 16.047073 22.983457 0.705666 7.847281 0.011737 0.068413 0.139224 0.388411 28.453255 27.859289 25.056006 21.203822 18.719726 14.072047 9.541436 8.257404 6.810482 7.021316 6.829212 7.377842 6.764818 6.550500 6.287105 8.242353 9.002863 7.683145 7.045695 7.204812 6.649358 7.669481 0.069001 12.784632 0.045168 7.509266 6.018243 6.554698 7.715472 8.308050 7.588109 10.828572
-9999.0 -9999.0 -9999.0 7.402266 7.503704 6.914967 6.580191 8.142388 12.300219 15.421908 17.970832 19.596513 34.983062 35.396059 0.449409 0.074615 0.008228 15.594899 6.994496 7.637449 13.033584 17.407152 17.218002 9.618724 0.086540 97.308380 0.153538 14.342172 9.005894 13.781565 9.384690 9.421869 9.026392 6.364568 7.008806 7.446983 8.244775 8.245079 8.402936 8.014561 8.776119 7.018156 6.903317 6.738164 7.357789 9.217683 12.429069 13.853890 10.088519 9.891836 7.165419 7.117114 8.795121 0.047961 42.496803 0.007734 8.615882 8.030178 0.087715 0.071002 0.153020 0.049773
-9999.0 -9999.0 6.183927 6.324810 6.618287 8.271340 11.764905 17.336090 20.763092 22.205538 26.164817 26.935891 8.535020 14.610291 14.845129 0.145404 0.090149 19.941740 11.760052 9.043780 8.358807 7.975770 7.694294 7.435138 9.877099 83.992606 0.004880 8.077036 8.613321 10.095952 6.319229 6.274460 6.335534 6.796385 7.060089 7.949201 11.046004 11.312200 10.965684 9.926328 12.154462 7.280495 9.154935 9.139660 9.578978 10.035180 9.185949 9.309277 17.541956 22.738166 25.886923 0.280590 0.046161 0.011736 0.044566 116.791767 0.004880 0.053265 0.109103 10.851820 10.438969 6.311508
-9999.0 -9999.0 6.272190 9.650870 10.421174 12.930140 8.319502 10.241128 14.530783 15.827135 13.547633 9.226669 9.612223 9.803463 12.173373 11.925209 0.072245 0.203887 0.008207 5.968779 7.397169 8.460249 8.233859 7.097760 6.457486 0.421500 0.171286 9.407990 6.864135 7.128764 7.895864 8.935352 8.072958 7.982479 6.781436 12.661237 12.765642 22.916260 27.620143 10.456183 13.240145 6.924394 10.697449 16.289472 0.174968 0.073037 0.181236 8.653276 8.412785 0.047176 0.069579 0.011736 7.944870 7.255908 7.336788 24.328443 0.070840 9.015000 7.233217 5.834694 6.089133 7.375518
-9999.0 -9999.0 6.922721 10.101986 12.376981 15.077020 14.847308 11.618174 11.069005 10.483951 10.850057 8.101864 7.091679 9.262930 9.198227 9.155616 6.857211 7.767777 0.218424 0.003326 10.304872 11.364807 7.113787 6.885527 6.789993 88.668081 8.325023 5.920557 8.141881 8.859848 8.027528 11.680074 10.233791 9.440975 7.875692 31.650427 30.117066 18.456950 18.284984 11.107639 9.605854 18.733078 0.367472 0.077112 0.143535 8.306574 0.046946 0.054773 0.365324 0.089327 7.739502 7.355653 8.710761 12.828230 0.081489 0.003861 45.088769 5.993135 6.071669 7.652349 7.819088 7.941292
-9999.0 -9999.0 7.393832 10.462298 12.108439 20.949006 9.321837 17.287996 18.093012 8.893419 10.320329 8.408290 7.446276 6.982061 6.823316 7.625940 11.306500 18.846153 0.096965 0.117753 0.136086 0.117964 0.085134 0.050209 77.440237 0.081245 6.279485 6.690253 10.209009 8.207664 10.411558 18.507166 7.843314 7.760007 34.464916 7.745706 6.875158 6.943104 8.611487 8.224693 8.685781 7.598448 10.163420 10.219976 8.853298 11.216806 24.265617 29.214804 13.840514 8.113067 7.124605 8.484481 0.011736 0.002962 0.011736 7.585341 56.667995 6.020042 6.815145 11.642169 11.701951 11.656659
-9999.0 -9999.0 -9999.0 10.724545 12.522287 22.210433 10.719114 9.078678 25.320722 8.093065 13.365664 8.486994 8.280441 8.970171 11.344781 15.537207 16.088565 11.285527 9.556944 11.216630 11.400623 8.518114 0.043360 0.050545 0.367905 0.048372 6.263580 6.878201 8.069386 12.883764 14.031661 20.460093 12.440545 38.587675 16.786237 11.060512 7.595016 7.083731 8.286207 8.773450 13.758415 9.243788 8.303333 11.642322 16.857058 19.516582 10.098745 12.953593 9.459233 9.501561 0.049339 0.104793 0.003861 7.566128 8.436842 7.320201 62.860947 10.715751 8.587293 13.701228 14.048175 0.085407
-9999.0 -9999.0 -9999.0 7.815672 14.455247 19.048164 0.386052 14.986895 22.620755 11.307483 15.351058 9.764870 13.330732 9.120078 6.567723 6.277447 6.507143 8.317945 7.705867 7.475931 7.610826 6.766868 7.004715 8.060940 20.171320 0.011748 9.296277 8.277948 6.287931 7.056482 8.496706 18.095836 0.666398 8.037256 14.404161 14.756488 11.065593 7.830188 11.560141 12.682428 16.670293 9.196963 9.104073 10.172392 9.495542 7.117028 7.367475 0.003972 0.004385 0.107024 0.227381 8.160188 12.460597 15.148489 17.373694 10.531435 91.816245 6.466687 7.656716 0.157457 0.109462 0.083284
-9999.0 -9999.0 -9999.0 -9999.0 12.724635 17.043940 0.496995 0.044988 0.162889 0.326920 0.241877 14.790236 6.310317 7.296988 7.040514 6.137076 7.553436 8.444904 9.160896 7.445283 7.049546 7.007826 6.066306 0.011739 15.686660 22.735725 25.334867 18.739044 15.409062 8.631128 9.049591 12.675062 0.217858 0.196264 6.239667 7.793466 8.098367 11.017208 13.842304 13.220937 22.475359 12.977233 8.465661 7.160524 8.357464 11.669193 0.238657 0.262173 13.570248 11.401357 11.863043 6.702819 6.450345 6.563993 7.404411 22.837039 69.473000 7.076296 0.060595 0.058123 6.689656 5.813414
-9999.0 -9999.0 -9999.0 -9999.0 8.256778 7.788644 7.423348 6.809355 6.787067 7.860735 0.040916 0.129392 6.937985 9.508298 9.481589 6.882212 11.487167 9.121973 11.484057 6.766214 9.028249 9.321666 9.514985 54.084750 23.464114 14.895166 13.802164 7.468634 6.917434 8.091647 8.362128 7.743518 9.083123 0.069700 7.984865 10.916025 9.761531 12.401260 27.447406 26.358176 11.396683 7.676435 8.772846 8.428512 12.852397 14.024307 11.895357 10.842064 10.979357 7.661078 7.927939 6.753621 6.182091 6.004350 7.557897 0.045280 42.705232 0.003860 0.003721 6.575101 6.150551 6.804545
-9999.0 -9999.0 -9999.0 -9999.0 -9999.0 7.987385 7.384154 6.739985 6.781774 8.241072 11.522061 0.070269 0.043790 12.457207 12.079477 10.689624 17.060880 7.334055 12.118434 7.598086 9.299953 11.521836 12.391931 103.120477 0.011738 9.569799 8.137186 6.740878 8.650638 8.612239 7.552474 10.209760 10.600281 0.005026 42.092865 49.056646 40.951806 38.933600 11.700745 7.833979 6.985907 7.872396 7.994729 7.514685 7.866131 8.411620 9.580769 9.199130 8.415631 6.699007 6.332529 6.249296 10.381696 0.092186 0.065231 0.011738 0.003721 77.810872 6.326257 6.516000 10.742564 9.931005
-9999.0 -9999.0 -9999.0 -9999.0 -9999.0 -9999.0 10.035095 10.018480 10.122198 12.407740 15.642765 0.111245 0.004061 0.240592 0.135893 0.262857 0.202196 0.187506 0.197073 0.067459 0.011738 0.072471 16.470449 202.632543 14.028917 10.577867 8.266761 9.095435 11.435397 10.908077 7.806360 10.756533 14.629446 0.736978 17.585173 12.296320 7.843152 17.434435 10.609000 8.209701 7.334504 7.548186 6.905941 9.443523 11.515279 8.095860 9.386516 10.476299 13.765337 0.228444 0.105956 0.103339 0.145640 0.085715 6.880069 8.016359 10.617557 187.043450 0.082386 5.885416 13.028216 13.327399
-9999.0 -9999.0 -9999.0 -9999.0 -9999.0 -9999.0 9.421443 17.897064 0.427760 0.074205 0.147513 0.309197 17.024016 7.678676 15.742377 14.656013 8.574231 19.004196 18.212602 22.396002 0.193763 0.003876 0.044491 147.471055 7.767415 6.578604 6.822453 11.461266 11.775663 13.160598 0.068142 0.076483 0.176036 0.220595 10.919248 9.817875 7.318245 9.712711 14.187620 12.018366 7.423964 7.128887 8.970150 0.084199 0.134879 0.144339 10.091310 9.049689 7.237994 9.627323 9.124899 10.488233 9.923688 7.245741 7.357600 10.501763 12.418993 83.374939 0.074971 7.114570 13.750456 16.152020
-9999.0 -9999.0 -9999.0 -9999.0 -9999.0 -9999.0 9.952788 15.880672 0.171139 10.722380 15.062972 19.331852 17.009990 10.622340 12.109015 11.810379 9.669360 10.681028 7.507959 13.109017 8.505472 7.224553 0.002928 50.342470 11.365968 9.231968 7.401770 13.832908 8.061578 0.172615 0.128480 14.834437 11.311585 9.389754 9.624294 7.985756 9.197404 10.553830 11.697597 14.207727 10.056963 7.491792 11.409493 0.116606 7.656630 8.389773 7.063174 7.315408 7.613102 6.982763 6.472173 7.715443 7.458315 7.516058 10.156611 14.332227 14.383635 10.833531 81.638668 16.013442 15.927904 6.982055
-9999.0 -9999.0 -9999.0 -9999.0 -9999.0 -9999.0 10.526324 9.955506 10.882482 8.673522 12.115097 17.117350 15.406385 8.653955 7.892014 7.291776 7.256772 7.541431 6.536158 7.429700 7.647915 11.579923 14.009381 0.168651 0.579956 10.918168 6.736915 0.202325 0.068341 0.042246 9.536075 9.675919 10.092338 7.263061 8.107187 8.149437 9.866056 9.053854 21.990546 9.646867 7.984284 7.000611 11.574903 0.052309 7.961832 12.726662 10.735213 7.595746 8.478152 6.902642 8.072088 8.543378 8.223447 6.600823 6.484481 6.440846 6.240153 5.832107 0.082375 90.283945 0.084544 11.038945
-9999.0 -9999.0 -9999.0 -9999.0 -9999.0 -9999.0 7.499794 7.067417 7.337654 7.088728 13.973909 8.516572 10.633381 8.156939 9.431033 8.133562 8.235613 8.068233 8.575025 8.204889 11.008605 13.976419 14.007174 8.473164 41.843278 0.099198 0.087953 0.075632 11.032135 6.423073 6.339202 7.143396 8.063056 8.761385 9.333263 0.004385 0.010624 15.333457 23.669628 12.214022 8.493767 11.295228 16.262210 0.046194 26.047068 23.127091 18.268348 9.853113 10.406729 6.862722 0.101913 10.732876 8.919345 7.233089 9.995268 8.039559 8.434749 6.513633 6.094661 8.203548 156.503559 23.215260
-9999.0 -9999.0 -9999.0 -9999.0 -9999.0 -9999.0 -9999.0 -9999.0 8.368340 11.939710 10.565895 17.324093 21.503344 0.326508 0.175540 0.046578 0.089820 10.135395 11.144247 7.808908 6.450150 6.450981 7.805836 0.011738 52.015011 7.156273 6.563755 10.910933 7.598025 6.431671 8.261661 8.552322 8.787755 12.605027 9.114443 8.096030 8.920619 11.336804 11.778456 24.422430 11.879196 14.623636 0.128280 0.618742 16.439397 11.879067 7.805032 8.348171 8.363111 15.816479 0.207906 0.069196 6.685639 12.548056 11.838769 11.186772 11.110579 7.513014 7.505091 8.151745 146.179337 8.494397
-9999.0 -9999.0 -9999.0 -9999.0 -9999.0 -9999.0 -9999.0 -9999.0 -9999.0 -9999.0 8.412540 8.067224 7.837740 10.212072 11.772489 12.362794 0.167989 0.051452 0.154855 0.045853 0.008219 0.042544 0.102114 0.003860 37.711390 7.702607 6.461334 9.779838 7.175594 6.755536 9.739204 11.896034 12.075150 0.119759 0.094755 0.146186 11.381823 11.906802 11.348690 15.295860 29.999742 19.431004 0.078540 11.555828 8.006691 7.192714 8.158915 7.903197 8.817430 12.066443 14.122022 0.109399 0.126430 0.131145 0.170444 0.177575 0.089422 0.079047 0.105046 0.005026 128.187200 0.138721
-9999.0 -9999.0 -9999.0 -9999.0 -9999.0 -9999.0 -9999.0 -9999.0 -9999.0 -9999.0 -9999.0 -9999.0 8.358021 7.551488 7.009425 13.647241 7.331025 7.482568 8.943301 27.260474 0.333959 0.003912 8.040609 7.843496 0.096273 79.103574 7.280428 12.090878 9.887131 11.896980 8.551276 14.094475 0.080246 0.063130 8.333574 8.659096 10.285065 8.964767 9.066627 15.121706 10.066102 0.451948 0.203984 13.516235 12.347928 10.201459 8.034798 7.551183 12.545367 9.276530 12.093906 13.469205 11.587649 6.634903 7.790119 7.888023 7.278118 7.394440 9.043335 7.361595 8.896676 159.220855
-9999.0 -9999.0 -9999.0 -9999.0 -9999.0 -9999.0 -9999.0 -9999.0 -9999.0 -9999.0 -9999.0 -9999.0 -9999.0 12.026473 13.599438 11.881655 14.321390 22.916966 23.121602 13.948082 8.141957 7.364685 9.136042 9.807572 8.174900 74.238344 0.188448 12.005584 13.732967 7.075808 0.091023 0.124582 0.069380 8.393290 7.423089 8.441664 7.518724 11.745950 9.800144 8.570897 18.992158 0.003995 12.345521 8.254073 9.953509 9.010881 7.303650 11.723762 16.196717 9.591116 7.989551 7.460950 8.234027 11.983585 15.344609 20.428214 24.972816 27.069499 28.732921 30.959237 45.400004 0.959036
