geotop/1.0zi/1.0Montebello/Templates/Duarrigle2006/maps/_hLAND0006.asc
ncols         76
nrows         123
xllcorner     110555.058093
yllcorner     85388.025579
cellsize      200.000000
NODATA_value  -9999.0
[rows 28 to 55 of 123, columns 0 to 61 of 76]
-9999.0 -9999.0 -9999.0 -9999.0 -9999.0 -9999.0 -9999.0 -9999.0 -9999.0 -9999.0 5.608543 5.715869 13.715061 11.829957 7.664395 9.331823 12.503408 16.379935 19.168221 15.724902 5.514802 0.048942 5.648836 8.500146 6.174079 9.001281 0.138359 0.019225 5.601605 4.402513 4.594756 5.542274 6.845554 6.991806 10.487308 8.696313 0.103421 0.056527 0.000104 0.113942 0.000000 0.340325 0.000000 8.448955 4.997482 0.481105 0.023864 5.688367 7.293933 9.860244 10.255281 8.415775 14.250493 18.539223 0.135458 0.040330 0.091465 7.082585 0.155233 0.564237 10.581670 7.149108
-9999.0 -9999.0 -9999.0 -9999.0 -9999.0 -9999.0 -9999.0 -9999.0 -9999.0 -9999.0 5.120243 9.615978 0.230922 14.494162 9.443936 7.938065 10.100340 13.927969 17.549186 19.383182 19.104545 0.320828 0.019390 10.905385 8.767168 11.527741 0.020957 6.113295 4.947643 4.896982 4.935499 6.057205 10.035657 10.214523 11.189629 6.529349 5.500582 6.083322 4.722210 4.907493 5.213723 7.960717 0.045695 0.326996 0.000005 0.019587 0.000000 4.652656 7.734898 12.390981 11.188920 10.282135 7.563172 6.963567 6.546010 5.369251 0.000000 0.023920 0.000000 5.726519 5.253596 5.731812
-9999.0 -9999.0 -9999.0 -9999.0 -9999.0 -9999.0 -9999.0 -9999.0 -9999.0 5.143661 6.530684 13.304648 0.000081 18.724553 6.646948 6.860548 5.794391 5.473846 6.114478 5.930660 4.817943 8.686852 17.354588 0.110691 13.620501 0.074642 0.310497 18.120003 15.679219 11.809963 9.089373 6.816132 12.340145 16.867844 8.623216 5.927951 6.569601 5.933201 5.588775 5.386114 5.584100 8.266851 21.589316 12.982467 14.734969 0.105843 35.669045 11.409292 5.324407 16.609836 14.375399 6.803974 6.710173 11.307801 7.686723 6.250009 0.034926 5.534761 5.563307 5.607518 6.964150 0.000000
-9999.0 -9999.0 -9999.0 -9999.0 -9999.0 -9999.0 -9999.0 -9999.0 5.994582 6.086902 11.551309 14.355331 0.244364 0.154225 10.764322 5.611017 6.358486 6.113335 6.193726 6.285429 5.456648 4.989894 5.830334 0.044991 0.071094 0.056357 9.181619 5.731382 4.929251 5.166002 5.934850 10.034822 14.923985 17.931853 8.800993 5.948468 8.643097 6.571170 9.806478 12.174895 14.158736 20.393422 7.629461 5.228575 5.278424 5.903921 0.066434 131.296290 18.564340 5.325959 15.697153 6.905883 6.131185 12.837615 6.386596 0.066656 0.000000 5.935319 0.035197 0.040479 0.047955 0.062526
-9999.0 -9999.0 -9999.0 -9999.0 -9999.0 -9999.0 -9999.0 5.435519 8.966260 6.392698 6.403337 5.862451 6.518634 0.000092 0.076294 7.791749 6.046800 7.698040 11.004445 8.917549 8.872097 6.358310 5.665487 7.014552 11.121163 0.058626 0.000000 4.905305 9.882511 9.966235 6.124179 11.903238 24.022665 10.313838 0.169333 15.726777 8.165289 8.910946 13.641062 15.530288 13.786699 5.696147 5.763815 5.993997 9.807399 10.496399 32.020517 0.104228 0.644588 6.332074 15.358494 10.523002 5.334670 6.284284 16.213886 0.000000 0.000000 0.022336 0.025810 6.936034 6.126757 5.589709
-9999.0 -9999.0 -9999.0 -9999.0 -9999.0 -9999.0 6.367092 6.098762 10.989309 7.959250 9.252828 7.099336 10.842075 8.879018 0.055718 9.519450 5.724471 6.417508 8.036512 15.451803 19.337013 23.209458 21.773169 6.483821 7.385272 0.186170 20.736338 12.828506 6.398405 9.246501 6.338102 0.111918 0.295636 0.030835 0.167545 11.857690 7.456881 6.898291 5.873852 5.333959 4.482230 5.360200 6.321835 9.339285 32.597692 33.791737 15.708259 14.726373 0.109750 0.208264 0.628825 0.078783 0.000000 6.661449 18.745719 6.775472 0.000000 0.243085 24.800157 22.065435 20.111389 12.983378
-9999.0 -9999.0 -9999.0 -9999.0 -9999.0 6.114214 6.296481 8.869811 8.998206 13.275131 13.576924 8.919645 12.322304 8.093847 0.058511 0.072981 8.256235 6.249799 8.086597 11.385640 15.049520 16.140470 18.894034 28.964332 31.146066 168.684747 5.893089 4.903894 5.722819 11.764389 0.021675 0.044234 7.190145 5.557839 5.553779 5.317352 5.317872 5.888228 6.061886 14.939170 19.941203 26.594458 31.379752 26.660713 9.979200 12.570058 11.440698 8.368491 9.932479 0.063415 0.053921 0.003603 0.000000 10.033556 19.860968 7.903736 0.035042 0.017725 7.350563 7.671387 8.371048 14.309666
-9999.0 -9999.0 -9999.0 -9999.0 8.143322 0.037701 0.036934 0.059299 0.083081 0.083680 0.143551 0.142825 0.116434 0.033689 7.778844 0.104456 8.554070 6.222734 6.434546 6.827410 5.997351 6.783027 10.448699 10.711282 0.000068 97.425811 5.666818 6.032155 5.211043 0.077206 0.019959 5.813768 5.448813 5.487145 5.818887 6.181670 6.742303 7.529517 11.023243 8.970633 7.059279 7.707049 4.608528 7.054142 7.357140 10.005848 8.969157 5.248906 5.391448 5.632532 8.464279 0.025607 9.230462 6.463300 0.000000 0.171787 0.000000 4.332085 4.779235 5.744503 6.206052 6.532640
-9999.0 -9999.0 -9999.0 0.061098 0.033639 0.000109 6.378940 6.136411 6.495267 6.660990 7.052598 8.135423 10.875602 0.058374 0.036817 0.057337 8.855982 10.019303 5.828621 6.330846 7.662297 12.037423 14.415799 20.823655 0.583813 6.907738 0.000000 0.039203 0.094273 0.304681 25.144042 24.693803 22.339001 19.020156 16.777833 12.607920 8.522061 7.268218 5.889594 6.088227 5.907147 6.425901 5.846663 4.984441 4.744456 6.554520 7.276846 6.029757 5.438673 5.585624 5.074774 6.017316 0.039938 11.339596 0.022453 5.869048 4.500677 4.988119 6.060002 6.616329 5.941229 8.931903
-9999.0 -9999.0 -9999.0 6.449117 6.545626 5.987964 5.673377 7.157338 11.000236 13.962308 16.438797 18.086400 32.396081 32.906189 0.384777 0.057992 0.000008 13.905428 6.063043 6.673192 11.630743 15.676109 15.543398 8.487471 0.061251 156.925813 0.103896 11.778793 7.280057 11.274003 7.421483 7.780835 7.456849 5.471784 6.076538 6.491725 7.256033 7.256343 7.408886 7.034312 7.771298 6.085290 5.977007 5.156240 5.727419 7.483036 10.370906 11.720821 8.140188 7.920149 5.549299 5.504670 7.078403 0.026268 56.041623 0.000000 6.785741 6.354895 0.038653 0.042520 0.101801 0.021363
-9999.0 -9999.0 5.303287 5.434596 5.709109 7.281670 10.421593 15.487770 18.768847 20.257640 24.104943 24.822665 7.536895 13.048880 13.262919 0.117047 0.071467 17.893208 10.455775 8.032655 7.366348 6.997222 6.727448 6.480405 8.397717 132.294161 0.000000 6.318229 6.802481 8.162706 4.773610 4.732846 5.444650 5.876265 6.124907 6.971557 9.835598 10.083368 9.771002 8.785042 10.907509 6.333527 8.022999 7.564470 7.623188 8.069488 7.452313 7.571270 14.962120 19.474862 22.258424 0.210824 0.023571 0.000000 0.021171 197.344419 0.000000 0.026669 0.068281 8.705592 8.429304 4.766548
-9999.0 -9999.0 5.385506 8.434811 9.147365 11.451776 7.328248 9.217426 13.283340 14.593912 12.318580 8.212782 8.500916 8.620393 10.810596 10.559249 0.055490 0.164782 0.000002 5.103854 6.444285 7.464322 6.546337 5.486704 4.904770 0.766038 0.101876 7.571650 5.271616 5.515270 6.228652 7.212377 6.394972 7.003494 5.862531 11.207572 11.454545 20.828715 25.046240 9.433773 11.964638 5.327085 8.987176 13.990664 0.129494 0.044625 0.113530 6.943401 6.715367 0.025088 0.040670 0.000000 6.274645 5.632820 5.720843 49.370910 0.041947 7.084717 5.612472 4.334643 4.564460 5.743590
-9999.0 -9999.0 5.995290 8.851838 10.947629 13.455535 13.272994 10.373726 10.050555 9.460554 9.828865 7.118300 6.154758 8.144043 8.060724 8.013939 5.933605 6.798794 0.168233 0.000000 9.098381 9.508351 5.501805 5.291591 5.217555 174.616367 6.533152 4.412054 6.459641 7.140142 6.352284 9.665547 8.298499 7.904048 6.901623 28.667037 27.414877 16.820064 16.401810 10.089640 7.857641 16.382546 0.273248 0.050362 0.087006 6.615015 0.024748 0.028927 0.273150 0.041078 6.082531 5.725284 6.998216 10.691497 0.055415 0.000000 108.311507 4.485707 4.548773 6.001150 6.156922 6.271385
-9999.0 -9999.0 6.441156 9.216812 10.720732 18.787765 8.305547 15.578906 16.435630 7.886277 9.296407 7.414142 6.490981 6.051215 5.901654 6.662179 10.038564 16.356440 0.065179 0.087852 0.104783 0.085672 0.034752 0.022036 154.225863 0.028702 4.738253 5.112067 8.444631 6.521746 8.517826 15.462686 6.179699 6.102754 31.027006 6.089058 5.282240 5.344640 6.904032 6.537764 6.974686 5.950866 8.326547 8.303834 7.134027 9.240334 20.652902 24.944432 11.691275 6.432547 5.511431 6.783205 0.000000 0.000000 0.000000 5.965102 183.264565 4.511370 5.226832 9.526950 9.594048 9.563130
-9999.0 -9999.0 -9999.0 9.485427 11.140403 19.959418 9.601714 8.066942 23.005659 7.109832 12.025727 7.490250 7.290433 7.960611 9.700346 13.124285 13.551195 9.094238 8.126265 9.621539 9.799036 7.525436 0.019380 0.022567 0.937871 0.019331 4.723504 5.284520 6.391456 10.876861 11.809338 17.265320 10.264562 34.566823 14.168400 9.000320 5.947856 5.473738 6.595763 7.057904 11.502210 7.507934 6.611869 9.645598 14.146631 16.442989 8.108308 10.691872 7.715665 7.756199 0.028348 0.064674 0.000000 5.920814 6.738118 5.713513 220.564304 8.647286 6.880827 11.439060 11.761668 0.055556
-9999.0 -9999.0 -9999.0 6.843600 12.953249 17.134906 0.315895 13.503188 20.623501 10.069283 13.910017 8.230054 11.293041 7.389234 5.000079 4.735636 4.944863 6.625805 6.051189 5.837136 5.962698 5.182499 5.401104 6.403338 34.253693 0.000000 7.384032 6.573641 4.745098 5.448639 6.795036 15.356955 0.528024 6.361308 12.140867 12.311416 8.966249 6.167367 9.503675 10.563441 14.272807 7.463484 7.373854 8.273690 7.578469 5.504619 5.736325 0.000003 0.000000 0.075086 0.151043 6.477061 10.192137 12.517780 14.391609 8.629982 298.769955 4.919955 6.005241 0.108240 0.075558 0.031903
-9999.0 -9999.0 -9999.0 -9999.0 11.376444 15.354713 0.406402 0.033442 0.131975 0.271827 0.191305 12.604953 4.765471 5.670945 5.433973 4.608139 5.909075 6.745711 7.428319 5.808378 5.442288 5.403887 4.550174 0.000000 21.088394 19.184620 21.143437 15.507516 12.666666 6.922382 7.321676 10.581121 0.158595 0.139862 4.701217 6.132938 6.418930 8.979586 11.600536 11.137848 19.168072 10.832904 6.765381 5.544646 6.663160 9.608120 0.167420 0.178141 11.336896 9.311296 9.748308 5.123730 4.893071 4.996921 5.770894 19.292948 206.059723 5.479124 0.034880 0.031736 5.112086 4.315372
-9999.0 -9999.0 -9999.0 -9999.0 7.267766 6.817684 6.469202 5.888528 5.867569 6.886723 0.027177 0.093315 5.340174 7.599739 7.558370 5.289103 9.208580 7.341053 9.507201 5.181828 7.187349 7.417849 7.595518 78.065906 19.942076 12.393686 11.257330 5.830331 5.320635 6.412413 6.667421 6.086198 7.353648 0.041127 6.313921 8.886337 7.881148 10.267038 23.543823 22.533933 9.323231 6.023785 7.057283 6.730299 10.688668 11.692268 9.794629 8.931454 8.991517 6.009386 6.258809 5.170173 4.648925 4.488065 5.913509 0.022256 127.879509 0.000000 0.000000 5.007053 4.620437 5.217029
-9999.0 -9999.0 -9999.0 -9999.0 -9999.0 7.008236 6.431940 5.823298 5.862599 7.252449 9.806542 0.049901 0.020006 10.211548 9.865760 8.617257 14.069245 5.705673 10.122328 5.950865 7.379673 9.377654 10.158203 193.909980 0.000000 7.714200 6.455482 5.158568 6.940946 6.904472 5.908113 8.299058 8.600295 0.000000 36.242143 41.395995 35.363881 33.558224 9.594298 6.170934 5.383809 6.206688 6.321339 5.872932 6.200932 6.714256 7.832955 7.465022 6.718038 5.120106 4.785601 4.710109 8.333733 0.057384 0.035174 0.000000 0.000000 220.464283 4.786765 4.952941 8.657949 7.925116
-9999.0 -9999.0 -9999.0 -9999.0 -9999.0 -9999.0 8.883735 8.834010 8.894422 11.012760 14.086144 0.090805 0.000113 0.192861 0.096237 0.208922 0.143763 0.137005 0.133702 0.030722 0.000000 0.043961 13.855385 343.010254 11.772650 8.620305 6.577440 7.365596 9.420862 8.943245 6.145119 8.727658 12.236500 0.554559 14.750625 10.091006 6.181511 14.772832 8.643708 6.523721 5.705681 5.904052 5.310072 7.592129 9.402124 6.416323 7.645161 8.706797 11.542027 0.154376 0.065802 0.062582 0.094931 0.035637 5.286593 6.342059 8.669680 411.346187 0.030502 4.380480 10.747382 10.959378
-9999.0 -9999.0 -9999.0 -9999.0 -9999.0 -9999.0 8.403803 16.111950 0.347728 0.057430 0.120012 0.261393 15.626720 6.712543 14.145800 13.175019 7.577419 16.275925 15.626188 19.111879 0.142788 0.000001 0.021058 268.231377 6.125890 5.010108 5.233355 9.481116 9.785747 10.981958 0.031750 0.049195 0.122687 0.143436 8.903952 8.014377 5.690568 7.961106 11.871651 9.841137 5.788730 5.515527 7.143607 0.033314 0.090189 0.089308 8.329041 7.321792 5.616285 7.726871 7.240530 8.369233 7.978076 5.623758 5.727358 8.483936 10.249884 212.783598 0.039943 5.502602 11.475356 13.372192
-9999.0 -9999.0 -9999.0 -9999.0 -9999.0 -9999.0 8.929824 14.265293 0.133988 9.562460 13.552967 17.768651 15.524939 9.468077 10.804104 10.486805 8.506144 8.657121 5.867159 10.635276 6.803325 5.603964 0.000000 99.206383 9.212206 7.329697 5.768143 11.642246 6.384952 0.121606 0.090270 12.441647 9.200182 7.552860 7.763247 6.312971 7.463313 8.784067 9.921820 11.818030 8.295922 5.851705 9.277829 0.076979 6.005101 6.693612 5.454809 5.687891 5.964440 5.380661 4.912784 6.059982 5.820547 5.874326 8.188656 11.742581 11.853492 8.718260 205.218258 13.548313 13.335691 5.380181
-9999.0 -9999.0 -9999.0 -9999.0 -9999.0 -9999.0 9.308478 8.758782 9.628322 7.671401 10.758331 15.597256 13.945888 7.652362 6.916708 6.344213 6.311005 5.897856 4.971240 5.794090 5.997229 9.470673 11.709697 0.122580 4.688120 8.858500 5.155061 0.139483 0.039294 0.017775 7.613186 7.802648 8.225205 5.639467 6.427013 6.466748 8.110169 7.326306 18.807368 7.897089 6.311608 5.397224 9.453782 0.025230 6.290570 10.383101 8.688270 5.948489 6.777276 5.307055 6.394110 6.839114 6.536546 5.030369 4.924222 4.884349 4.701605 4.335471 0.030471 213.854998 0.033844 9.087360
-9999.0 -9999.0 -9999.0 -9999.0 -9999.0 -9999.0 6.541919 6.131778 6.387726 6.151971 12.612885 7.519130 9.610633 7.171314 8.412930 7.148777 7.247168 6.390518 6.869106 6.519073 9.001067 11.685644 11.820468 6.792851 78.237483 0.063490 0.055814 0.047649 8.889754 4.868580 4.791696 5.528798 6.385508 7.046268 7.594177 0.000000 0.000000 13.125026 20.400346 10.212284 6.792153 9.240965 13.514828 0.023624 22.128930 19.507293 15.294251 8.097347 8.483656 5.270447 0.056901 8.780839 7.146657 5.612161 7.980942 6.363685 6.736210 4.950614 4.573285 6.531777 335.794729 20.068338
-9999.0 -9999.0 -9999.0 -9999.0 -9999.0 -9999.0 -9999.0 -9999.0 7.375438 10.677743 9.542953 15.736020 19.632080 0.270693 0.140216 0.035232 0.064966 8.673187 9.152603 6.147430 4.892846 4.893612 6.144523 0.000000 97.352750 5.548452 4.996428 8.866830 5.950737 4.875926 6.572557 6.847589 7.071457 10.542215 7.383671 6.416509 7.198075 9.559435 9.963114 21.139303 9.809123 12.263822 0.090103 0.455551 13.730601 9.781170 6.143862 6.654359 6.668459 13.182096 0.142725 0.045532 5.108169 10.207172 9.658049 9.148253 9.111145 5.871601 5.864306 6.479574 304.448985 6.805406
-9999.0 -9999.0 -9999.0 -9999.0 -9999.0 -9999.0 -9999.0 -9999.0 -9999.0 -9999.0 7.418384 7.085247 6.864687 9.069557 10.467918 10.984929 0.140244 0.037781 0.113303 0.028650 0.000004 0.024805 0.064560 0.000000 69.931670 6.060211 4.910077 8.025985 5.558809 5.172142 7.873334 9.829174 10.011678 0.079579 0.061021 0.092263 9.603566 10.130878 9.619072 13.144374 26.056760 16.689955 0.051521 9.477467 6.332727 5.574430 6.475714 6.235560 7.099789 10.006077 11.914278 0.078262 0.089175 0.085215 0.112859 0.120408 0.057937 0.045066 0.065071 0.000000 262.380847 0.080626
-9999.0 -9999.0 -9999.0 -9999.0 -9999.0 -9999.0 -9999.0 -9999.0 -9999.0 -9999.0 -9999.0 -9999.0 7.365439 6.591186 6.077069 12.539743 6.381495 6.525543 7.934893 24.505919 0.266664 0.000000 6.364554 6.179786 0.062882 151.760753 5.664790 9.916218 7.895947 9.786311 6.846632 11.862171 0.053925 0.038104 6.640436 6.948843 8.519011 7.240370 7.338076 12.840731 8.304514 0.346479 0.143281 11.482476 10.384021 8.437160 6.359023 5.906973 10.364255 7.539544 10.070415 11.222177 9.398793 5.061583 6.129868 6.221445 5.653456 5.761325 7.315765 5.737450 7.186458 314.637610
-9999.0 -9999.0 -9999.0 -9999.0 -9999.0 -9999.0 -9999.0 -9999.0 -9999.0 -9999.0 -9999.0 -9999.0 -9999.0 11.026534 12.470074 10.645988 12.954681 20.553475 20.631488 11.880041 6.459780 5.733672 7.404537 8.000707 6.504231 145.347057 0.122566 9.805957 11.455341 5.466561 0.043639 0.086926 0.040527 6.697000 5.787792 6.742645 5.876712 9.841304 7.980677 6.865317 16.388307 0.000004 10.083924 6.565468 8.195017 7.284588 5.677153 9.630819 13.547810 7.842850 6.316574 5.822923 6.546499 9.896483 12.777219 17.197030 21.200580 23.280563 24.969861 27.149078 39.341726 0.739049
