geotop/1.0zi/1.0Montebello/Templates/Duarrigle2006/maps/_hLAND0003.asc
ncols         76
nrows         123
xllcorner     110555.058093
yllcorner     85388.025579
cellsize      200.000000
NODATA_value  -9999.0
[rows 54 to 80 of 123, columns 0 to 60 of 76]
-9999.0 -9999.0 -9999.0 -9999.0 -9999.0 -9999.0 -9999.0 -9999.0 -9999.0 -9999.0 -9999.0 -9999.0 17.537275 16.585013 15.891386 22.540605 16.307125 16.497832 18.176620 45.944633 0.839684 0.024603 18.628642 18.331482 0.377352 45.493952 17.446400 26.009757 22.516672 25.154683 19.374325 27.651000 0.282310 0.267079 19.060521 19.526131 21.668288 19.956580 20.096650 29.747540 21.393069 1.092119 0.669436 26.180475 24.810240 21.565931 18.622305 17.883243 26.171818 20.379724 24.852631 27.605468 25.545155 16.388952 18.250153 18.399092 17.448680 17.636934 20.065994 17.557054 19.802881
-9999.0 -9999.0 -9999.0 -9999.0 -9999.0 -9999.0 -9999.0 -9999.0 -9999.0 -9999.0 -9999.0 -9999.0 -9999.0 20.894435 22.938148 22.007556 24.248709 40.452511 41.095596 28.983132 18.779326 17.589378 20.190386 21.333375 18.817213 34.964330 0.728380 25.703396 27.669056 17.121969 0.394504 0.431514 0.303816 19.147270 17.679109 19.219878 17.832263 23.907814 21.393138 19.405705 34.475674 0.026506 26.712603 18.947302 21.257727 20.020092 17.492176 24.882597 32.388068 20.789815 18.554639 17.741367 18.917786 25.093636 31.313260 40.175480 49.039521 48.256886 46.068468 45.069032 84.149915
-9999.0 -9999.0 -9999.0 -9999.0 -9999.0 -9999.0 -9999.0 -9999.0 -9999.0 -9999.0 -9999.0 -9999.0 -9999.0 20.383717 17.911944 25.115188 28.467569 27.207420 22.704991 20.395924 17.102265 18.957034 30.800245 32.228502 51.490130 76.500968 20.092908 0.492039 0.232802 0.036274 0.386453 25.514062 16.716822 16.419981 17.829280 16.610912 23.380231 30.182959 18.978483 29.219080 0.446451 0.521628 18.276113 18.368297 25.159362 24.782808 18.915281 33.981150 36.803402 0.289190 0.062434 22.843539 19.173266 17.009406 20.999252 21.517388 25.000764 29.080923 39.824503 65.682394 18.660946
-9999.0 -9999.0 -9999.0 -9999.0 -9999.0 -9999.0 -9999.0 -9999.0 -9999.0 -9999.0 -9999.0 -9999.0 -9999.0 -9999.0 19.832011 17.164871 16.389753 18.674969 18.771679 18.336606 23.334320 41.642818 66.019908 45.447722 21.750331 0.307059 123.968813 20.108513 24.198641 24.594784 17.445523 15.882901 16.159232 17.615042 17.357006 22.131641 29.301894 34.912029 23.576684 20.497285 0.447437 18.496167 17.365821 20.257259 28.104846 29.828950 26.723580 33.190138 0.448767 0.316909 33.989559 28.990316 24.226698 18.610857 17.587808 17.279123 18.990867 22.826027 41.002337 32.188899 31.739360
-9999.0 -9999.0 -9999.0 -9999.0 -9999.0 -9999.0 -9999.0 -9999.0 -9999.0 -9999.0 -9999.0 -9999.0 -9999.0 20.594581 19.299813 17.769401 16.816970 19.195527 19.173947 18.795174 20.849282 21.627826 29.834389 17.760703 17.033948 18.339625 0.197639 101.767123 25.758466 24.185941 17.510309 16.731516 17.804240 19.289782 35.367242 41.606307 50.870549 64.272705 21.983052 0.372161 0.399569 18.537378 18.411320 24.019642 31.449053 31.103600 42.085233 18.893101 0.167048 20.784635 19.032779 19.886965 20.745802 18.399435 19.283698 31.581575 38.011221 47.426673 28.649762 28.198988 17.601514
-9999.0 -9999.0 -9999.0 -9999.0 -9999.0 -9999.0 -9999.0 -9999.0 -9999.0 -9999.0 -9999.0 -9999.0 21.857428 33.631359 41.568111 49.530879 53.125882 47.500166 23.619608 19.419055 17.058582 16.478241 18.063490 18.807461 24.312427 26.046319 37.705097 49.690767 28.858166 27.615293 24.013708 20.786054 16.740779 18.114695 17.131225 18.433675 30.085963 35.675665 70.760703 0.226844 18.951612 18.388539 19.007482 25.661269 34.947723 32.040772 44.090149 0.019956 0.062433 29.752256 20.503613 20.134911 29.217097 20.322698 24.634924 17.626876 21.475332 23.370081 22.898529 23.341369 21.121110
-9999.0 -9999.0 -9999.0 -9999.0 -9999.0 -9999.0 -9999.0 -9999.0 -9999.0 -9999.0 -9999.0 -9999.0 19.448662 19.480486 24.698146 18.386871 17.621772 16.305273 40.813175 26.213382 17.690575 17.776239 17.979814 17.136115 18.235484 23.348037 42.704491 34.227668 23.616731 19.642416 25.920423 21.240350 15.982817 17.271712 17.903816 17.222068 19.400331 26.024258 29.838848 6.107748 0.062433 22.204393 23.469997 26.612598 19.733133 0.733348 10.603821 0.744370 41.244486 20.976304 22.825730 39.678948 43.168737 26.118297 19.980308 20.176845 20.112638 19.054335 17.996016 17.047367 16.914439
-9999.0 -9999.0 -9999.0 -9999.0 -9999.0 -9999.0 -9999.0 -9999.0 -9999.0 -9999.0 -9999.0 -9999.0 -9999.0 18.506433 17.297135 16.484133 19.284722 0.301226 0.234913 1.143126 0.733149 0.199251 26.045840 19.202558 23.857697 26.556595 115.633383 0.885131 47.955181 51.203713 45.708658 34.621633 26.709038 18.984742 16.690092 24.382549 28.680336 29.245316 18.677219 18.416507 0.280191 0.019648 0.289918 1.172579 0.377807 0.575541 31.844920 24.621983 16.979339 22.177726 18.995596 19.380418 20.123157 53.824722 24.460985 25.139448 17.405227 17.241067 17.634058 17.108606 16.087971
-9999.0 -9999.0 -9999.0 -9999.0 -9999.0 -9999.0 -9999.0 -9999.0 -9999.0 -9999.0 -9999.0 -9999.0 -9999.0 -9999.0 19.903617 0.591821 0.389475 0.397249 19.979593 17.302680 22.761038 0.415261 0.254164 0.395591 16.566289 18.505283 60.559398 0.392888 19.623930 28.151012 31.611884 24.739835 18.012650 18.850520 17.377553 23.517986 18.177186 20.312183 33.326089 24.344549 0.197409 0.445956 28.554801 27.812187 23.915375 22.987675 17.856282 16.254050 17.262701 21.445606 18.807143 20.244180 23.565068 20.831318 0.722038 0.444702 25.628380 21.555018 17.212807 16.323232 23.563904
-9999.0 -9999.0 -9999.0 -9999.0 -9999.0 -9999.0 -9999.0 -9999.0 -9999.0 -9999.0 -9999.0 -9999.0 -9999.0 -9999.0 19.084153 17.437233 19.597526 18.932376 19.237647 15.874363 14.744666 16.795294 30.173878 0.522026 0.562795 0.527018 28.236521 0.025933 27.750741 16.839440 19.342588 16.364564 16.529425 21.413687 19.211273 22.362592 25.671335 22.258044 18.947883 38.607812 26.811018 18.607036 21.697855 21.054529 22.291381 17.682803 18.774309 18.493886 17.465629 19.487151 19.787750 23.593199 0.105263 0.284104 0.056930 0.020040 0.452361 21.509357 19.352037 18.872599 0.309388
-9999.0 -9999.0 -9999.0 -9999.0 -9999.0 -9999.0 -9999.0 -9999.0 -9999.0 -9999.0 -9999.0 -9999.0 -9999.0 -9999.0 17.956745 22.421168 19.683209 20.262166 20.142578 20.924184 18.903848 19.943433 15.991997 27.831880 24.206477 22.609135 25.810539 48.814565 0.307729 18.723770 25.214725 22.674952 25.735917 19.066676 25.674452 20.643692 27.694020 27.829777 33.142387 18.619433 0.691642 27.134895 18.842113 17.644906 19.922809 19.656486 20.335903 17.759671 22.968652 31.796183 26.840276 21.838151 30.364185 18.106473 21.110181 21.014436 0.336591 18.437844 23.109645 0.299502 0.062433
-9999.0 -9999.0 -9999.0 -9999.0 -9999.0 -9999.0 -9999.0 -9999.0 -9999.0 -9999.0 -9999.0 -9999.0 -9999.0 17.299138 17.197043 21.851428 32.060097 25.020809 25.088056 25.524269 20.499578 23.751052 27.641831 21.918820 16.261880 15.970564 16.851059 27.863795 70.863345 0.893540 25.823364 30.376707 16.951050 24.228597 24.846633 26.003984 18.681946 31.250799 0.828804 22.047310 17.011401 15.456774 16.794833 18.598020 18.677410 18.771392 18.908563 0.291866 0.403753 42.072277 30.946883 22.512841 20.612752 31.977751 25.815134 18.683887 0.105263 0.174513 0.289310 0.186929 21.254352
-9999.0 -9999.0 -9999.0 -9999.0 -9999.0 -9999.0 -9999.0 -9999.0 -9999.0 19.068187 20.731451 17.766970 19.965792 20.390781 29.688114 31.322545 42.218010 28.318800 27.475864 27.975139 18.428265 17.538440 16.967886 16.383766 19.135503 17.063952 17.541329 24.637632 30.444941 39.598843 19.499599 33.153951 17.717419 36.024731 18.134228 27.854191 19.626017 25.694305 42.957429 17.470229 15.311845 18.642096 22.772236 22.787926 23.768377 19.125083 21.236045 27.632289 0.277352 0.661318 0.105260 22.234013 18.538850 17.002628 33.365799 34.264398 19.414420 18.023593 0.019975 18.636924 17.006432
-9999.0 -9999.0 -9999.0 -9999.0 -9999.0 -9999.0 -9999.0 -9999.0 19.880752 20.737726 46.347764 20.683781 25.731465 19.120187 20.426346 23.790085 47.901246 25.506757 28.130567 30.372459 17.929820 17.395503 15.242091 17.798061 28.757238 17.346472 23.825332 28.661527 34.096057 95.007155 55.493321 26.443812 31.850893 20.057624 16.765164 31.143751 0.392865 18.772342 2.639879 19.184687 17.306141 28.438812 25.903054 25.874215 23.325144 18.729213 26.910731 18.068624 18.255362 19.044959 0.195447 0.276981 0.399552 18.434232 24.467844 33.329458 40.617123 17.155270 0.105263 0.269122 0.105257
-9999.0 -9999.0 -9999.0 -9999.0 -9999.0 -9999.0 -9999.0 -9999.0 21.867565 30.675159 44.298050 26.757851 31.342585 20.016055 20.478536 23.530027 28.572062 52.394404 34.634707 31.490778 22.286002 22.687064 17.445927 28.499409 31.690110 18.602275 26.492754 29.054779 36.608190 0.193607 128.808029 67.191365 19.036547 21.712480 19.965168 40.790792 20.310060 20.110001 27.395714 78.552628 67.532953 57.091214 44.828840 35.751807 28.196802 20.697071 28.578785 20.613400 26.842707 26.223586 21.515870 26.417669 0.355058 0.433499 0.530427 0.036222 1.019800 18.782134 16.870433 18.045516 0.271097
-9999.0 -9999.0 -9999.0 -9999.0 -9999.0 -9999.0 -9999.0 -9999.0 21.431702 26.346846 31.495362 100.998250 32.220214 20.171755 18.086625 16.815567 16.474325 16.576679 56.438835 75.613631 29.828479 29.427139 0.405302 32.182525 34.305623 19.680283 26.268261 29.220907 19.574376 17.415481 0.062433 0.035691 72.987627 0.105264 42.782170 0.105262 18.295494 16.499166 18.877564 37.573979 23.686030 18.878604 19.394307 21.603913 18.826139 24.606772 28.609130 18.434700 19.062474 40.252254 22.681273 20.288901 22.358136 17.346493 18.424093 17.067409 0.402153 0.345728 0.062433 18.331947 0.062432
-9999.0 -9999.0 -9999.0 -9999.0 -9999.0 -9999.0 -9999.0 17.511024 18.949162 18.303876 20.578855 86.659057 18.684549 16.883683 16.135044 19.940559 20.385030 24.736974 0.409154 0.026403 14.812364 4.947915 6.257458 1.703177 79.641635 4.133557 20.710613 18.523216 19.658152 19.354836 19.342729 0.105263 71.201380 46.122988 20.797276 33.869820 27.997769 19.311960 16.986719 19.497690 28.503648 19.620042 22.459269 25.080985 19.456989 29.236497 27.895849 25.323699 24.901454 35.510671 25.012938 22.227178 20.160009 17.934753 18.281458 18.067744 17.261977 19.062892 0.471913 0.197660 19.884813
-9999.0 -9999.0 -9999.0 -9999.0 -9999.0 -9999.0 19.648140 18.457431 24.603745 23.131883 53.733525 19.365705 16.806421 17.302635 21.470336 20.290342 27.919311 0.636937 0.497750 29.932307 33.448352 26.177484 24.639284 19.414262 29.874032 0.971035 51.342368 0.268141 37.817884 34.160560 29.343563 3.192761 72.393813 19.895730 26.560048 24.257011 21.068665 18.197901 21.176889 26.945201 22.250010 21.288170 35.322850 20.238382 19.854813 25.745010 45.753947 51.538745 46.969184 26.036299 19.099050 25.501724 20.134431 18.211267 27.655109 35.489629 35.941247 29.400790 18.796419 0.196238 28.225151
-9999.0 -9999.0 -9999.0 -9999.0 -9999.0 -9999.0 26.052276 20.906366 28.536455 36.409693 1.271159 1.045894 0.062432 16.015153 22.592093 25.970253 0.462219 0.277526 37.869124 28.317399 29.198248 19.158713 19.296515 22.861576 22.689033 29.452145 33.922994 17.683943 36.309615 25.129282 19.339279 0.405546 23.654297 0.528862 27.121611 18.530255 17.437342 19.706201 22.979566 29.004222 28.575998 25.686757 46.097179 27.816687 18.727105 18.109339 18.042372 21.402560 75.630400 25.215267 19.786568 27.845822 25.463051 17.630557 27.087166 21.730520 18.584049 17.213138 17.867363 0.230588 33.973311
-9999.0 -9999.0 -9999.0 -9999.0 -9999.0 -9999.0 31.132556 27.197374 21.214288 19.665794 19.934540 21.851062 0.286603 0.198599 7.655210 0.199952 0.062433 27.772770 40.400813 27.090713 21.549241 19.207096 17.998547 18.195406 23.391755 27.081898 19.950792 28.684530 19.134170 18.964472 17.392460 17.549128 29.792184 0.105259 16.106764 17.640666 18.507904 22.252823 23.081659 19.746684 22.084471 34.132691 57.225319 37.432345 19.961447 21.319327 26.463750 1.022203 0.026470 1.920891 25.309858 27.976998 27.789726 18.638389 32.223805 23.741133 18.267914 21.244732 23.791942 19.054358 34.306568
-9999.0 -9999.0 -9999.0 -9999.0 -9999.0 -9999.0 28.848056 29.294124 28.028169 22.217560 22.671839 20.264604 18.008404 17.191304 18.555781 19.192094 18.765145 29.101430 27.025036 22.205752 18.925007 20.746633 18.292881 18.652284 18.878614 21.069892 18.468258 26.583920 18.593975 17.651023 18.369225 17.908726 44.606351 18.399757 26.582298 29.645476 21.181557 24.919538 28.296048 19.766957 31.599220 19.605126 22.070760 68.142714 24.150675 31.451895 27.328878 21.046848 26.340879 0.240403 0.513004 19.241830 28.969974 25.119052 38.298404 18.109844 18.764300 24.671131 34.769303 56.048388 0.299244
-9999.0 -9999.0 -9999.0 -9999.0 -9999.0 -9999.0 18.334327 39.940425 0.398050 26.634928 27.121446 20.181064 19.285533 17.891016 19.517996 20.404314 19.128199 21.647365 22.279245 18.907243 20.347150 49.328159 20.326589 18.967102 19.335056 22.384517 20.528968 20.289122 22.580031 26.369088 34.703660 33.575311 124.654368 36.999214 17.659722 19.941734 29.324676 19.168269 31.015703 22.307816 0.431764 0.517508 1.884079 19.517664 0.062434 0.062433 19.560998 19.460309 21.158143 26.710694 0.458102 0.343923 0.392069 0.565641 43.410050 17.648072 17.232640 21.158567 0.105264 48.664265 0.404903
-9999.0 -9999.0 -9999.0 -9999.0 -9999.0 19.642598 19.941128 0.586828 0.063391 25.650154 29.391707 19.068740 21.152176 20.696896 27.636658 23.375657 19.560718 20.258457 17.827061 19.777570 23.539639 0.803707 25.225117 19.464079 20.546605 31.798099 20.209487 19.792043 23.922943 37.588197 39.351293 40.740489 25.553791 74.462505 16.857558 26.306434 31.188719 20.311479 28.420813 19.650651 19.478626 0.019985 0.171526 19.420220 18.557750 0.019276 0.193653 20.987472 28.944096 28.673919 19.177776 21.775473 42.146959 0.743293 3.302375 0.105256 18.491162 26.641231 6.533395 50.791446 36.037221
-9999.0 -9999.0 -9999.0 -9999.0 -9999.0 22.867048 31.878796 0.301567 0.294182 19.271725 27.230184 18.277290 22.680180 29.657650 0.589657 29.930975 23.702431 21.549890 19.541987 30.265575 21.756353 0.554393 0.252570 23.075329 23.310577 27.779041 25.022590 20.420971 19.474520 31.154320 32.959061 17.687899 18.823719 42.411428 17.868417 35.221471 18.728817 24.293459 28.104546 23.811034 0.171493 0.019646 18.551065 25.711858 25.586515 20.788226 0.166286 22.259226 23.713192 22.906312 34.137526 35.997499 31.460892 18.737733 25.309548 0.375504 0.197187 0.105265 41.399569 0.339375 25.010564
-9999.0 -9999.0 -9999.0 -9999.0 22.594290 24.013956 21.177810 25.792554 0.705320 0.194674 0.424402 0.725662 0.705993 0.194155 0.106355 0.376061 17.125937 26.781955 19.708538 22.402369 34.788730 18.375237 0.020005 0.255915 26.862074 18.347629 33.806097 23.085513 18.454807 18.472340 28.167046 31.071996 18.205036 104.981730 39.836215 21.933363 19.745044 28.792226 32.453986 0.253497 0.164526 21.437492 20.809223 52.483765 0.563631 0.167045 0.809855 49.167880 38.947841 25.561610 19.187894 23.821893 21.279944 19.691209 17.907394 19.387841 26.359434 2.389003 31.581605 0.231622 17.531317
-9999.0 -9999.0 -9999.0 -9999.0 20.482115 20.621311 35.963065 37.561772 20.159209 26.611923 61.414185 31.559079 19.359913 19.418325 17.718500 19.366748 0.337240 0.295321 19.602352 20.726493 18.538895 36.424817 40.799976 0.560377 0.311220 49.503379 30.884965 20.931284 20.379623 20.643871 23.647567 18.658660 28.454247 0.731365 46.621324 20.024395 0.392078 0.589439 0.026355 0.192281 19.937263 21.968606 25.973328 48.054690 0.584527 22.086852 20.606328 21.001666 20.455345 21.565845 19.525071 21.396611 23.064150 17.863628 19.501824 17.567708 20.663123 9.461066 24.054095 0.401734 18.146120
-9999.0 -9999.0 -9999.0 -9999.0 20.313311 26.573505 19.981180 21.866416 18.876113 22.923901 30.022670 25.183958 18.753022 19.869209 21.718247 22.464056 20.921579 0.166534 0.295874 23.453664 16.513781 24.055140 19.501048 19.790106 0.062433 0.695741 18.071845 19.591102 25.037020 20.318199 17.422640 25.163845 25.921959 22.105794 41.919191 0.191954 0.026422 20.604933 17.635892 18.795306 20.224145 18.169748 18.561975 19.063804 0.036205 29.243085 21.587673 21.585444 21.394063 18.772136 20.489452 18.409987 20.268046 32.245578 37.130489 19.395224 30.503466 9.931273 35.002126 23.696372 19.928062
