geotop/1.0zi/1.0Montebello/Templates/Duarrigle2006/maps/PSILIQL0004N0011.asc
ncols         76
nrows         123
xllcorner     110555.058093
yllcorner     85388.025579
cellsize      200.000000
NODATA_value  -9999.0
[rows 0 to 24 of 123, columns 0 to 55 of 76]
-9999.0 -9999.0 -9999.0 -9999.0 -9999.0 -9999.0 -9999.0 -9999.0 -9999.0 -9999.0 -9999.0 -9999.0 -9999.0 -9999.0 -9999.0 -9999.0 -9999.0 -9999.0 -9999.0 -9999.0 -9999.0 -9999.0 -9999.0 -9999.0 -9999.0 -9999.0 -9999.0 -9999.0 -9999.0 -9999.0 -9999.0 -9999.0 -9999.0 -9999.0 -9999.0 -9999.0 -9999.0 -9999.0 -9999.0 -9999.0 -9999.0 -9999.0 -9999.0 -9999.0 -9999.0 -9999.0 -9999.0 -9999.0 -9999.0 -9999.0 -9999.0 -9999.0 -9999.0 -9999.0 -9999.0 -9999.0
-9999.0 -9999.0 -9999.0 -9999.0 -9999.0 -9999.0 -9999.0 -9999.0 -9999.0 -9999.0 -9999.0 -9999.0 -9999.0 -9999.0 -9999.0 -9999.0 -9999.0 -9999.0 -9999.0 -9999.0 -9999.0 -9999.0 -9999.0 -9999.0 -9999.0 -9999.0 -9999.0 -9999.0 -9999.0 -9999.0 -9999.0 -9999.0 -9999.0 -9999.0 -9999.0 -9999.0 -9999.0 -489.973028 -489.973038 -9999.0 -9999.0 -9999.0 -9999.0 -489.973037 -489.973067 -489.973089 -489.973145 -489.973172 -489.973124 -489.973063 -489.973041 -489.973026 -9999.0 -9999.0 -9999.0 -9999.0
-9999.0 -9999.0 -9999.0 -9999.0 -9999.0 -9999.0 -9999.0 -9999.0 -9999.0 -9999.0 -9999.0 -489.973086 -489.973120 -489.973058 -489.973074 -489.973062 -489.973048 -9999.0 -9999.0 -9999.0 -9999.0 -9999.0 -9999.0 -9999.0 -9999.0 -9999.0 -9999.0 -9999.0 -9999.0 -9999.0 -9999.0 -9999.0 -9999.0 -9999.0 -9999.0 -9999.0 -489.973074 -489.973103 -489.973090 -489.973076 -489.973058 -489.973061 -489.973095 -489.973154 -489.973231 -489.973281 -489.973286 -489.973260 -489.973230 -489.973179 -489.973104 -489.973051 -489.973042 -9999.0 -9999.0 -9999.0
-9999.0 -9999.0 -9999.0 -9999.0 -9999.0 -9999.0 -9999.0 -9999.0 -489.973030 -489.973054 -489.973086 -489.973106 -489.973253 -489.973248 -489.973219 -489.973154 -489.973084 -9999.0 -9999.0 -9999.0 -9999.0 -9999.0 -9999.0 -9999.0 -9999.0 -9999.0 -9999.0 -9999.0 -9999.0 -9999.0 -9999.0 -9999.0 -9999.0 -489.973045 -489.973074 -489.973094 -489.973122 -489.973160 -489.973211 -489.973270 -489.973272 -489.973304 -489.973359 -489.973305 -489.973191 -489.973187 -489.973217 -489.973222 -489.973187 -489.973164 -489.973140 -489.973110 -489.973098 -489.973040 -9999.0 -9999.0
-9999.0 -9999.0 -9999.0 -9999.0 -9999.0 -9999.0 -9999.0 -9999.0 -489.973022 -489.973044 -489.973071 -489.973195 -489.973259 -489.973160 -489.973221 -489.973192 -489.973103 -489.973038 -9999.0 -9999.0 -9999.0 -9999.0 -9999.0 -9999.0 -9999.0 -9999.0 -9999.0 -9999.0 -9999.0 -9999.0 -9999.0 -489.973049 -489.973074 -489.973113 -489.973198 -489.973211 -489.973198 -489.973194 -489.973238 -489.973340 -489.973403 -489.973402 -489.973330 -489.973181 -489.973100 -489.973100 -489.973120 -489.973128 -489.973132 -489.973131 -489.973169 -489.973176 -489.973142 -489.973073 -9999.0 -9999.0
-9999.0 -9999.0 -9999.0 -9999.0 -9999.0 -9999.0 -9999.0 -489.973056 -489.973085 -489.973076 -489.973075 -489.973188 -489.973366 -489.973170 -489.973167 -489.973235 -489.973127 -489.973033 -9999.0 -9999.0 -9999.0 -9999.0 -9999.0 -9999.0 -9999.0 -9999.0 -9999.0 -9999.0 -9999.0 -9999.0 -489.973046 -489.973101 -489.973162 -489.973137 -489.973139 -489.973182 -489.973203 -489.973191 -489.973185 -489.973217 -489.973244 -489.973217 -489.973123 -489.973055 -489.973049 -489.973051 -489.973057 -489.973111 -489.973133 -489.973152 -489.973163 -489.973161 -489.973133 -489.973063 -9999.0 -9999.0
-9999.0 -9999.0 -9999.0 -9999.0 -489.973058 -489.973096 -489.973128 -489.973176 -489.973270 -489.973234 -489.973188 -489.973190 -489.973326 -489.973269 -489.973054 -489.973234 -489.973153 -489.973048 -489.973027 -9999.0 -9999.0 -9999.0 -9999.0 -9999.0 -9999.0 -9999.0 -9999.0 -9999.0 -489.973039 -489.973063 -489.973104 -489.973151 -489.973110 -489.973080 -489.973079 -489.973101 -489.973120 -489.973116 -489.973110 -489.973115 -489.973101 -489.973064 -489.973041 -489.973037 -489.973044 -489.973051 -489.973064 -489.973115 -489.973152 -489.973167 -489.973157 -489.973134 -489.973106 -489.973045 -9999.0 -9999.0
-9999.0 -9999.0 -9999.0 -9999.0 -489.973070 -489.973277 -489.973343 -489.973316 -489.973289 -489.973234 -489.973185 -489.973149 -489.973241 -489.973245 -489.973026 -489.973210 -489.973224 -489.973183 -489.973109 -489.973084 -489.973049 -489.973039 -489.973043 -489.973033 -9999.0 -9999.0 -489.973041 -489.973077 -489.973094 -489.973149 -489.973157 -489.973105 -489.973071 -489.973055 -489.973045 -489.973038 -489.973035 -489.973035 -489.973043 -489.973057 -489.973058 -489.973054 -489.973043 -489.973042 -489.973059 -489.973075 -489.973083 -489.973073 -489.973058 -489.973060 -489.973083 -489.973088 -489.973058 -489.973020 -9999.0 -9999.0
-9999.0 -9999.0 -9999.0 -9999.0 -9999.0 -489.973079 -489.973137 -489.973160 -489.973192 -489.973189 -489.973177 -489.973173 -489.973212 -489.973171 -489.973058 -489.973151 -489.973253 -489.973251 -489.973269 -489.973258 -489.973229 -489.973215 -489.973193 -489.973123 -489.973080 -489.973051 -489.973040 -489.973073 -489.973086 -489.973143 -489.973224 -489.973131 -489.973058 -489.973024 -489.973025 -489.973043 -489.973044 -489.973037 -489.973027 -489.973020 -489.992575 -489.992585 -489.992589 -489.992586 -489.992579 -489.992576 -489.973104 -489.973153 -489.973258 -489.973433 -489.973446 -489.973320 -489.973157 -489.973037 -9999.0 -9999.0
-9999.0 -9999.0 -9999.0 -9999.0 -9999.0 -489.973091 -489.973207 -489.973115 -489.973080 -489.973096 -489.973085 -489.973177 -489.973189 -489.973112 -489.973073 -489.973058 -489.973120 -489.973154 -489.973233 -489.973286 -489.973309 -489.973280 -489.973246 -489.973239 -489.973172 -489.973079 -489.973033 -489.973077 -489.973116 -489.973126 -489.973213 -489.973137 -489.973039 -489.973113 -489.973190 -489.973174 -489.973130 -489.992593 -489.992588 -489.992581 -489.992572 -489.992574 -489.992580 -489.992576 -489.992596 -489.992661 -489.992674 -489.973297 -489.973285 -489.973282 -489.973111 -489.973048 -9999.0 -9999.0 -9999.0 -9999.0
-9999.0 -9999.0 -9999.0 -9999.0 -9999.0 -489.973095 -489.973199 -489.973177 -489.973102 -489.973101 -489.973123 -489.973118 -489.973119 -489.973086 -489.973053 -489.973025 -489.973049 -489.973096 -489.973156 -489.973185 -489.973185 -489.973170 -489.973146 -489.973142 -489.973113 -489.973060 -489.973044 -489.973130 -489.973208 -489.973170 -489.973165 -489.973044 -489.973088 -489.973184 -489.973127 -489.973087 -489.992587 -489.992587 -489.992588 -489.992586 -489.992581 -489.992572 -489.992579 -489.992610 -489.992634 -489.992623 -489.992589 -489.973038 -489.973069 -489.973109 -489.973053 -9999.0 -9999.0 -9999.0 -9999.0 -9999.0
-9999.0 -9999.0 -9999.0 -9999.0 -9999.0 -489.973047 -489.973159 -489.973188 -489.973133 -489.973101 -489.973109 -489.973086 -489.973040 -489.973041 -489.973044 -489.973048 -489.973063 -489.973074 -489.973090 -489.973083 -489.973070 -489.973083 -489.973092 -489.973093 -489.973081 -489.973042 -489.973062 -489.973184 -489.973203 -489.973106 -489.973043 -489.973043 -489.973150 -489.973070 -489.973039 -489.973055 -489.992580 -489.992581 -489.992582 -489.992582 -489.992582 -489.992572 -489.992585 -489.992609 -489.992599 -489.992602 -489.992603 -489.973114 -489.973108 -489.973137 -489.973088 -9999.0 -9999.0 -9999.0 -9999.0 -9999.0
-9999.0 -9999.0 -9999.0 -9999.0 -9999.0 -9999.0 -489.973070 -489.973121 -489.973109 -489.973074 -489.973080 -489.973089 -489.973070 -489.973066 -489.973050 -489.973031 -489.973029 -489.973025 -489.973036 -489.973048 -489.973045 -489.973061 -489.973088 -489.973116 -489.973074 -489.973031 -489.973053 -489.973098 -489.973084 -489.973060 -489.973107 -489.973215 -489.973186 -489.973073 -489.973076 -489.973079 -489.973067 -489.992586 -489.992586 -489.992583 -489.992580 -489.992575 -489.992585 -489.992614 -489.992607 -489.992607 -489.973167 -489.973196 -489.973218 -489.973224 -489.973120 -9999.0 -9999.0 -9999.0 -9999.0 -9999.0
-9999.0 -9999.0 -9999.0 -9999.0 -9999.0 -9999.0 -9999.0 -489.973071 -489.973081 -489.973059 -489.973067 -489.973067 -489.973071 -489.973095 -489.973115 -489.973124 -489.973094 -489.973036 -489.973026 -489.973052 -489.973045 -489.973067 -489.973105 -489.973180 -489.973173 -489.973070 -489.973017 -489.973059 -489.973105 -489.973126 -489.973166 -489.973161 -489.973072 -489.973053 -489.973097 -489.973111 -489.973099 -489.973090 -489.973061 -489.973042 -489.992576 -489.992575 -489.992574 -489.992597 -489.992602 -489.973108 -489.973124 -489.973146 -489.973152 -489.973150 -489.973077 -9999.0 -9999.0 -9999.0 -9999.0 -9999.0
-9999.0 -9999.0 -9999.0 -9999.0 -9999.0 -9999.0 -9999.0 -489.973022 -489.973050 -489.973039 -489.973045 -489.973042 -489.973031 -489.973039 -489.973054 -489.973075 -489.973084 -489.973059 -489.973023 -489.973061 -489.973065 -489.973080 -489.973073 -489.973086 -489.973096 -489.973072 -489.973049 -489.973068 -489.973100 -489.973085 -489.973043 -489.973019 -489.973055 -489.973100 -489.973097 -489.973089 -489.973100 -489.973111 -489.973075 -489.973040 -489.992576 -489.992575 -489.992572 -489.992578 -489.992590 -489.973076 -489.973059 -489.973051 -489.973061 -489.973066 -489.973042 -9999.0 -9999.0 -9999.0 -9999.0 -9999.0
-9999.0 -9999.0 -9999.0 -9999.0 -9999.0 -9999.0 -9999.0 -9999.0 -9999.0 -489.973032 -489.973047 -489.973060 -489.973074 -489.973077 -489.973078 -489.973076 -489.973062 -489.973049 -489.973023 -489.973030 -489.973045 -489.973075 -489.973122 -489.973158 -489.973119 -489.973079 -489.973061 -489.973076 -489.973129 -489.973113 -489.973055 -489.973059 -489.973138 -489.973183 -489.973163 -489.973116 -489.973087 -489.973104 -489.973082 -489.992576 -489.992572 -489.992576 -489.992578 -489.992571 -489.992579 -489.973057 -489.973057 -489.973051 -489.973045 -489.973040 -489.973037 -489.973029 -9999.0 -9999.0 -9999.0 -9999.0
-9999.0 -9999.0 -9999.0 -9999.0 -9999.0 -9999.0 -9999.0 -9999.0 -9999.0 -489.973023 -489.973034 -489.973052 -489.973060 -489.973061 -489.973056 -489.973042 -489.973038 -489.973039 -489.973036 -489.973020 -489.973105 -489.973109 -489.973098 -489.973088 -489.973089 -489.973105 -489.973120 -489.973056 -489.973024 -489.973058 -489.973095 -489.973122 -489.973106 -489.973062 -489.973052 -489.973064 -489.973071 -489.973069 -489.973046 -489.992579 -489.992585 -489.992585 -489.992588 -489.992577 -489.992573 -489.992584 -489.973061 -489.973062 -489.973054 -489.973042 -489.973029 -489.973018 -489.973017 -9999.0 -9999.0 -9999.0
-9999.0 -9999.0 -9999.0 -9999.0 -9999.0 -9999.0 -9999.0 -9999.0 -9999.0 -9999.0 -489.973029 -489.973066 -489.973095 -489.973093 -489.973097 -489.973057 -489.973033 -489.973033 -489.973051 -489.973020 -489.973129 -489.973089 -489.973082 -489.973090 -489.973091 -489.973119 -489.973176 -489.973164 -489.973137 -489.973139 -489.973130 -489.973100 -489.973075 -489.973075 -489.973069 -489.973043 -489.973029 -489.973021 -489.992578 -489.992592 -489.992586 -489.992578 -489.992585 -489.992584 -489.992571 -489.992584 -489.992585 -489.992580 -489.973032 -489.973027 -489.973042 -489.973030 -489.973020 -9999.0 -9999.0 -9999.0
-9999.0 -9999.0 -9999.0 -9999.0 -9999.0 -9999.0 -9999.0 -9999.0 -9999.0 -9999.0 -9999.0 -489.973041 -489.973068 -489.973081 -489.973096 -489.973059 -489.973038 -489.973039 -489.973053 -489.973022 -489.973110 -489.973109 -489.973098 -489.973094 -489.973098 -489.973122 -489.973140 -489.973115 -489.973107 -489.973128 -489.973127 -489.973090 -489.973055 -489.973070 -489.973064 -489.973046 -489.973097 -489.973098 -489.973085 -489.992584 -489.992588 -489.992590 -489.992585 -489.992583 -489.992572 -489.992580 -489.992590 -489.992580 -489.992576 -489.973039 -489.973052 -489.973033 -9999.0 -9999.0 -9999.0 -9999.0
-9999.0 -9999.0 -9999.0 -9999.0 -9999.0 -9999.0 -9999.0 -9999.0 -9999.0 -9999.0 -9999.0 -489.973039 -489.973091 -489.973058 -489.973038 -489.973074 -489.992592 -489.992584 -489.992579 -489.992572 -489.992582 -489.992590 -489.973057 -489.973058 -489.973068 -489.973094 -489.973116 -489.973100 -489.973108 -489.973131 -489.973138 -489.973114 -489.973094 -489.973073 -489.973016 -489.973054 -489.973079 -489.973068 -489.973032 -489.973024 -489.992590 -489.992603 -489.992590 -489.992581 -489.992573 -489.992579 -489.992590 -489.992584 -489.992586 -489.992586 -489.973083 -489.973058 -489.973032 -9999.0 -9999.0 -9999.0
-9999.0 -9999.0 -9999.0 -9999.0 -9999.0 -9999.0 -9999.0 -9999.0 -9999.0 -9999.0 -9999.0 -489.973030 -489.973091 -489.973102 -489.973096 -489.992590 -489.992597 -489.992592 -489.992586 -489.992582 -489.992572 -489.992589 -489.992581 -489.973051 -489.973063 -489.973089 -489.973124 -489.973113 -489.973094 -489.973090 -489.973091 -489.973082 -489.973081 -489.973046 -489.973035 -489.973035 -489.973021 -489.973033 -489.973021 -489.973031 -489.973065 -489.992599 -489.992595 -489.992582 -489.992575 -489.992576 -489.992587 -489.992581 -489.992580 -489.992582 -489.992590 -489.973093 -489.973070 -489.973047 -489.973046 -489.973069
-9999.0 -9999.0 -9999.0 -9999.0 -9999.0 -9999.0 -9999.0 -9999.0 -9999.0 -9999.0 -9999.0 -489.973072 -489.973127 -489.973093 -489.973063 -489.992588 -489.992590 -489.992586 -489.992584 -489.992592 -489.992572 -489.992587 -489.992588 -489.973069 -489.973068 -489.973067 -489.973066 -489.973043 -489.973036 -489.973064 -489.973080 -489.973071 -489.973041 -489.973034 -489.973046 -489.973027 -489.973017 -489.973030 -489.973034 -489.973046 -489.973069 -489.992591 -489.992591 -489.992582 -489.992577 -489.992571 -489.992581 -489.992580 -489.992579 -489.992580 -489.992585 -489.992590 -489.973081 -489.973077 -489.973101 -489.973140
-9999.0 -9999.0 -9999.0 -9999.0 -9999.0 -9999.0 -9999.0 -9999.0 -9999.0 -9999.0 -9999.0 -489.973048 -489.973066 -489.973085 -489.973098 -489.992597 -489.992594 -489.992590 -489.992590 -489.992593 -489.992577 -489.992578 -489.992582 -489.992577 -489.973036 -489.973047 -489.973049 -489.973023 -489.973043 -489.973098 -489.973085 -489.973030 -489.973027 -489.973085 -489.973076 -489.973047 -489.973030 -489.973039 -489.973043 -489.973039 -489.973035 -489.992580 -489.992585 -489.992582 -489.992580 -489.992571 -489.992578 -489.992583 -489.992580 -489.992579 -489.992578 -489.992577 -489.992577 -489.973040 -489.973058 -489.973086
-9999.0 -9999.0 -9999.0 -9999.0 -9999.0 -9999.0 -9999.0 -9999.0 -9999.0 -9999.0 -9999.0 -489.973034 -489.973099 -489.973113 -489.973104 -489.992594 -489.992591 -489.992589 -489.992586 -489.992585 -489.992575 -489.992574 -489.992582 -489.992579 -489.992576 -489.992579 -489.973039 -489.973039 -489.973082 -489.973097 -489.973030 -489.973044 -489.973105 -489.973114 -489.973078 -489.973039 -489.973037 -489.973050 -489.973036 -489.973032 -489.973049 -489.992588 -489.992595 -489.992592 -489.992585 -489.992575 -489.992573 -489.992582 -489.992576 -489.992575 -489.992573 -489.992573 -489.992574 -489.992575 -489.973039 -489.973047
-9999.0 -9999.0 -9999.0 -9999.0 -9999.0 -9999.0 -9999.0 -9999.0 -9999.0 -9999.0 -9999.0 -9999.0 -489.973031 -489.973103 -489.973128 -489.992598 -489.992591 -489.992586 -489.992582 -489.992582 -489.992572 -489.992579 -489.992585 -489.992577 -489.992574 -489.992575 -489.992575 -489.992579 -489.973073 -489.973053 -489.973022 -489.973095 -489.973086 -489.973060 -489.973030 -489.973021 -489.973063 -489.973072 -489.973037 -489.973022 -489.973020 -489.992576 -489.992586 -489.992593 -489.992588 -489.992580 -489.992572 -489.992587 -489.992578 -489.992574 -489.992572 -489.992572 -489.992574 -489.992575 -489.992576 -489.973043
