geotop/1.0zi/1.0Montebello/Templates/Duarrigle2006/maps/PSILIQL0000N0064.asc
ncols         76
nrows         123
xllcorner     110555.058093
yllcorner     85388.025579
cellsize      200.000000
NODATA_value  -9999.0
[rows 81 to 107 of 123, columns 0 to 60 of 76]
-9999.0 -9999.0 -9999.0 -9999.0 24.352828 26.643180 18.583505 22.536000 21.281746 19.095930 18.284185 19.430575 16.015029 16.307963 22.078930 18.795269 15.810653 18.639472 0.001070 0.282425 18.727968 36.622097 28.766498 0.173658 0.001052 0.313506 19.948237 24.759211 29.038279 23.705943 18.392164 29.456361 105.819057 66.553019 444.186839 5.650098 21.787312 33.031588 26.956529 19.040617 30.715258 20.785933 16.366750 0.248203 0.449119 19.564940 18.429457 25.084061 24.549865 18.562599 30.785709 19.923676 22.238553 17.571142 19.787602 63.280324 44.661171 635.140414 0.007120 17.099704 17.681381
-9999.0 -9999.0 -9999.0 18.696618 45.463405 27.286369 17.758406 27.075016 20.631144 20.688818 17.853636 20.353128 24.518408 32.326504 24.079880 32.543813 19.488629 39.593062 42.217037 0.562443 0.173560 87.943405 101.236672 0.990352 33.804262 0.372788 0.309148 0.327267 0.574422 35.478914 0.309419 0.004309 0.434760 0.007120 11.146496 558.163214 0.347016 23.788123 35.726718 43.963048 16.092470 18.931780 15.985582 0.151191 0.001052 24.367235 23.447355 27.896968 28.046837 25.223759 33.855336 24.325014 16.212111 27.167460 26.461086 72.990730 0.753581 114.785048 946.879810 1059.085898 0.317488
-9999.0 -9999.0 -9999.0 20.791076 0.668408 0.683325 16.301316 30.047512 27.439782 30.076981 16.692177 20.717957 24.309404 36.295624 52.210723 74.180844 91.809575 84.741981 72.564590 2.265405 36.520426 0.290426 49.663506 31.159717 16.125642 16.545636 16.960836 0.689187 1.163901 0.440158 0.328639 0.535158 27.506133 15.799491 35.962232 34.688279 436.374223 0.158484 42.015077 0.779671 0.007120 23.178295 17.548709 24.812134 0.001426 0.284738 35.613474 34.181554 35.259779 29.111305 36.241397 31.385945 20.481431 29.788564 822.473385 1047.280592 703.346749 15.679052 40.980049 18.151384 948.185913
-9999.0 -9999.0 -9999.0 27.468337 19.099079 0.168822 29.742676 17.387472 29.204828 40.025941 17.227796 18.170807 16.506274 18.742412 23.476076 18.116413 16.996034 17.823961 20.087805 29.489322 34.106740 25.763538 35.198341 16.092443 15.311166 32.896360 40.202857 59.084342 0.001427 32.602574 25.271513 25.066223 25.411148 21.421865 17.533010 23.637039 37.847046 652.516717 580.539699 651.424875 744.843611 481.018297 0.249132 52.074245 694.120850 779.842520 654.593844 850.583118 3.720157 1158.468810 1161.743299 973.637666 612.799374 1044.876335 0.007120 25.813552 20.786665 0.174921 19.063906 16.550893 0.505389
-9999.0 -9999.0 23.333587 34.182128 51.181126 0.953629 0.171215 14.475960 18.374082 63.282902 23.286081 18.030438 16.945307 15.072219 15.535134 19.362707 22.550933 28.737029 39.819680 0.443437 22.596691 16.485707 27.167911 15.084876 23.074031 26.898374 39.164394 36.252851 0.196487 25.910106 18.199001 16.858422 17.055498 16.564861 16.524819 28.243794 24.310964 28.578856 0.494161 24.018741 0.007120 28.526687 613.867522 644.983304 41.898370 44.200357 24.207979 363.821552 558.443211 19.222581 19.341408 24.775211 24.999214 17.515321 15.540676 17.336520 17.416501 2.599100 18.618082 17.819374 0.417765
-9999.0 -9999.0 19.087564 17.959745 28.007464 36.661760 0.470953 0.003834 23.038910 58.910242 17.887684 20.023300 22.503594 17.060254 25.559759 32.289325 19.879411 52.100990 0.483133 24.927132 19.703652 16.039939 23.918714 15.723123 20.947088 24.666931 30.199726 32.297309 0.286029 17.938641 17.678769 22.534774 20.233060 20.237636 27.546710 23.070929 22.095766 15.482245 18.750521 20.546499 29.637870 20.012389 27.156294 27.232561 26.788867 27.127044 18.877132 29.835463 44.985798 0.316680 17.448201 17.066619 18.140701 18.966138 32.910573 19.302287 19.210917 34.782596 18.202348 19.481448 0.312415
-9999.0 -9999.0 -9999.0 17.930870 17.264410 -9999.0 19.256580 0.174293 0.283705 1.984698 26.717032 0.007113 0.438262 1.400865 0.332493 0.457156 68.094638 0.861456 40.781215 17.279276 14.941889 15.845649 18.929562 16.333457 21.149100 20.920987 21.431844 23.108954 0.681510 0.256856 24.120499 35.806474 19.032878 18.199072 17.735745 18.286000 17.177517 15.615413 18.591737 17.797960 48.489216 19.447473 19.719178 19.607187 19.336446 19.556316 18.101453 25.878084 29.568362 44.670410 21.764987 20.980507 20.040771 21.223339 36.791023 31.342831 22.448081 0.003833 16.154750 19.654824 0.002043
-9999.0 -9999.0 -9999.0 -9999.0 -9999.0 -9999.0 -9999.0 -9999.0 24.942627 0.274792 0.520172 0.382577 72.672712 41.059241 18.895754 27.187891 85.325284 48.567754 36.812739 24.345072 25.080353 20.349695 18.595459 18.534934 17.106529 16.248486 15.661113 16.254940 27.282581 19.666618 19.698046 41.535257 18.155044 17.419148 17.771839 16.847307 15.007447 0.152832 32.796227 0.003833 25.151926 17.130512 22.257851 22.320606 21.769071 20.997209 19.954141 20.678202 20.385417 0.001474 36.806932 37.796710 34.866209 37.821390 41.425406 117.460457 0.528490 28.101283 18.624361 21.478948 0.408157
-9999.0 -9999.0 -9999.0 -9999.0 -9999.0 -9999.0 -9999.0 -9999.0 -9999.0 18.702610 27.582579 33.773907 67.555410 33.997451 18.872695 19.801395 17.660020 80.039674 48.457837 30.213794 30.263104 28.237473 19.019371 19.086413 17.717687 16.813915 17.721581 17.582477 18.108354 21.053241 29.729433 38.981791 22.436238 24.203681 25.448765 18.521099 0.152193 46.047662 1.708114 43.248808 23.755310 23.280442 36.063403 49.840202 135.176519 135.896100 112.612769 1.492731 0.002084 0.324924 31.047696 24.148078 52.392775 48.955348 0.518753 71.141036 41.811420 28.396454 18.470111 21.647225 0.201246
-9999.0 -9999.0 -9999.0 -9999.0 -9999.0 -9999.0 -9999.0 -9999.0 -9999.0 17.807643 25.902306 53.117420 34.661761 29.759356 19.288356 0.322001 32.326564 19.894575 26.126066 46.663809 46.432830 51.367959 21.926834 22.392116 0.960766 0.196062 0.897680 0.495676 0.002079 0.411511 0.327880 0.512128 0.761875 86.375483 100.131083 141.844520 50.273781 0.003833 24.622613 72.590376 35.152615 19.699269 33.712438 83.088064 29.400905 28.354139 20.072755 0.682385 0.156626 20.947098 19.726104 17.732729 22.113403 31.068533 0.416983 114.633986 36.099872 29.898677 17.631706 21.889378 0.492359
-9999.0 -9999.0 -9999.0 -9999.0 -9999.0 -9999.0 -9999.0 -9999.0 -9999.0 19.355778 38.637826 32.280156 27.648770 20.511552 19.142545 43.265034 30.443912 31.868137 19.215620 24.052564 22.325277 19.215533 25.596503 31.507114 20.956363 42.887072 23.190538 18.240703 20.936009 23.392357 17.459662 33.250839 43.763916 27.037364 63.690638 17.277917 26.994370 22.203384 20.620282 96.492974 33.472507 23.455627 22.385482 50.960181 19.506949 21.455397 46.135610 0.001052 0.155308 19.870880 21.460513 26.657321 38.652020 43.640179 72.260797 80.958352 46.733666 32.566438 17.797033 19.436028 0.306345
-9999.0 -9999.0 -9999.0 -9999.0 -9999.0 -9999.0 -9999.0 -9999.0 -9999.0 26.157187 26.964030 26.031549 20.971634 19.390640 30.323136 0.007113 0.030326 17.987136 22.416392 18.485496 15.235699 15.681133 17.853517 26.480438 30.446819 26.244471 18.208814 15.932323 14.508035 18.080555 28.601281 22.014117 0.666284 18.459392 55.634720 16.918610 25.779448 19.351191 73.682149 18.399644 23.736891 18.164440 18.078312 50.792504 26.680516 44.165557 0.003833 0.600422 0.532549 18.718060 20.672762 26.948784 62.338777 10.890999 0.718688 74.993606 33.988144 22.175417 15.460047 16.890549 0.501192
-9999.0 -9999.0 -9999.0 -9999.0 -9999.0 -9999.0 -9999.0 -9999.0 -9999.0 15.906184 16.296597 18.734491 20.388895 23.661451 20.071564 0.254384 1.699444 54.533746 36.081600 34.071107 31.991153 26.348572 19.233380 22.587487 18.385905 18.397358 18.031623 17.428798 17.383873 16.194017 16.693750 17.658709 43.953020 18.688507 17.999994 44.929579 20.628837 18.316069 83.747019 42.332058 22.368698 19.848141 171.453171 17.844823 21.366494 27.806292 0.001057 47.188959 27.973668 19.459013 33.426820 34.449389 100.530059 0.173976 56.999631 33.363047 22.689393 21.443438 16.322113 17.147963 19.348692
-9999.0 -9999.0 -9999.0 -9999.0 -9999.0 -9999.0 -9999.0 -9999.0 -9999.0 16.479846 18.531409 23.514737 18.337953 18.003900 19.802815 0.177407 0.001418 50.839886 29.830345 32.057044 26.839439 19.743231 21.424670 25.273386 21.800635 26.499124 27.898318 23.447127 24.096353 24.135731 18.621876 41.173309 0.282580 16.069898 30.124517 47.210031 21.545606 54.613621 37.895950 43.763776 22.816462 44.732840 26.922538 21.888399 16.027612 0.001081 0.172740 41.431390 20.544713 16.581688 19.355086 100.222734 19.014828 0.433431 31.570140 26.119641 22.119272 16.139758 17.077702 -9999.0 -9999.0
-9999.0 -9999.0 -9999.0 -9999.0 -9999.0 -9999.0 -9999.0 22.307110 40.166525 33.125476 1.295061 0.195300 0.414123 0.533991 0.308973 14.847762 0.173749 18.853977 55.346226 66.913479 27.438691 20.721124 22.326921 27.925489 27.185840 34.077157 33.309600 31.931703 33.334408 44.110265 1.323553 0.254582 16.249166 22.496745 29.659732 44.612678 36.298452 36.108068 31.597839 38.852079 17.825672 46.502998 19.392093 3.591482 0.338705 1.483522 18.122735 35.503069 19.973026 36.446958 84.888864 19.978314 0.001439 0.784207 27.363516 22.467762 22.946847 15.947489 -9999.0 -9999.0 -9999.0
-9999.0 -9999.0 -9999.0 -9999.0 -9999.0 -9999.0 -9999.0 0.002026 22.240105 35.846064 17.355485 17.177736 32.851773 18.301277 0.001417 0.540969 0.001052 0.285513 26.495197 21.102265 51.885457 46.767506 39.041056 24.567337 19.281473 18.096750 26.296399 78.789532 95.759675 34.022546 0.155755 0.168599 22.708908 18.294377 18.021340 37.156839 35.367805 28.186061 24.103283 33.512788 33.327804 19.380067 99.327982 0.001421 30.972518 53.469057 16.622993 29.848990 21.723032 64.017950 18.011586 0.240371 0.151132 41.053612 25.889319 21.419100 16.281691 17.376981 -9999.0 -9999.0 -9999.0
-9999.0 -9999.0 -9999.0 -9999.0 -9999.0 -9999.0 -9999.0 0.007120 18.817437 21.797264 18.951427 27.936906 27.291514 35.163356 0.958632 41.200400 17.725408 0.156570 0.003825 35.613622 27.260864 28.896785 28.017179 20.285715 21.214073 24.845149 38.475588 23.746103 19.430716 0.242284 19.070640 0.002160 16.224516 16.244808 16.520124 29.155135 31.847023 23.897177 18.439968 29.703435 34.448052 93.980704 26.296476 0.002030 25.987443 59.511906 23.662683 16.407138 56.804544 23.487430 15.083635 0.001790 16.338427 30.989915 15.518606 21.847232 18.347523 -9999.0 -9999.0 -9999.0 -9999.0
-9999.0 -9999.0 -9999.0 -9999.0 -9999.0 -9999.0 -9999.0 -9999.0 -9999.0 -9999.0 17.700644 17.130008 19.503806 47.049823 0.002021 21.104963 28.890852 19.792854 0.710858 17.202517 21.766750 17.303801 25.729561 19.389684 28.010583 29.789694 16.878427 19.450401 0.156197 0.171157 17.301740 0.373635 0.529990 26.290185 20.366934 26.082806 30.312634 19.210230 24.270543 28.330111 31.541390 104.082762 20.129890 0.193669 19.794473 59.913592 19.635135 26.574194 68.559169 18.259056 0.007120 1.127556 0.001421 17.387180 22.532922 21.265946 -9999.0 -9999.0 -9999.0 -9999.0 -9999.0
-9999.0 -9999.0 -9999.0 -9999.0 -9999.0 -9999.0 -9999.0 -9999.0 -9999.0 -9999.0 -9999.0 21.026190 26.559005 59.082231 0.001422 0.174875 20.365191 18.649233 0.200670 21.021464 18.492314 18.556681 22.203741 19.539079 18.036632 16.805042 18.818586 27.502039 0.403637 0.153576 17.346117 31.596033 0.796092 26.747681 19.900652 19.154391 25.701623 16.336459 22.329294 27.197408 83.009416 42.229719 16.717319 0.194146 47.861421 26.102564 17.173510 18.861334 84.189243 31.609832 49.153491 17.981144 0.001055 0.001052 22.172515 -9999.0 -9999.0 -9999.0 -9999.0 -9999.0 -9999.0
-9999.0 -9999.0 -9999.0 -9999.0 -9999.0 -9999.0 -9999.0 -9999.0 -9999.0 -9999.0 -9999.0 18.235176 25.695304 27.310874 0.003826 0.001059 19.749774 20.889518 0.326124 24.693818 19.256799 19.257359 21.356958 20.699251 19.446352 24.935820 0.363149 0.001471 38.566624 0.001422 17.590847 28.527018 0.002030 39.512434 38.951562 19.548452 20.117179 17.379855 23.118898 27.140927 84.463966 41.354701 16.899794 0.630216 54.984453 21.627107 96.914003 86.998643 17.945903 42.217947 31.170479 0.007120 0.001052 0.158408 -9999.0 -9999.0 -9999.0 -9999.0 -9999.0 -9999.0 -9999.0
-9999.0 -9999.0 -9999.0 -9999.0 -9999.0 -9999.0 -9999.0 -9999.0 -9999.0 -9999.0 -9999.0 -9999.0 -9999.0 20.962567 22.874952 0.506268 0.256873 23.818684 0.001496 0.535541 27.553793 26.342240 21.666499 23.001487 0.511957 0.001147 0.317284 30.446364 0.606059 0.001054 0.001054 21.213313 0.176703 0.007122 16.766586 27.474563 20.399399 16.979233 22.923554 56.430849 40.062873 39.634890 33.686464 0.002026 56.364697 41.091137 47.761096 38.988698 31.565819 30.814852 27.353751 0.003831 0.553778 23.060307 -9999.0 -9999.0 -9999.0 -9999.0 -9999.0 -9999.0 -9999.0
-9999.0 -9999.0 -9999.0 -9999.0 -9999.0 -9999.0 -9999.0 -9999.0 -9999.0 -9999.0 -9999.0 -9999.0 -9999.0 -9999.0 17.687002 -9999.0 -9999.0 -9999.0 0.001418 0.553975 48.411836 35.397557 21.724595 21.650434 0.272861 17.621808 23.763392 29.192687 0.324375 24.133193 0.001080 0.001660 21.572585 2.068605 47.457088 26.189174 17.073381 16.447700 40.029327 39.749234 33.609860 33.057937 32.015809 0.002026 46.273860 43.120727 43.659041 32.245007 28.328309 24.024165 18.109799 0.001501 40.250962 -9999.0 -9999.0 -9999.0 -9999.0 -9999.0 -9999.0 -9999.0 -9999.0
-9999.0 -9999.0 -9999.0 -9999.0 -9999.0 -9999.0 -9999.0 -9999.0 -9999.0 -9999.0 -9999.0 -9999.0 -9999.0 -9999.0 -9999.0 -9999.0 -9999.0 -9999.0 -9999.0 0.003828 0.366185 0.537737 0.316804 17.576281 0.002024 17.051192 23.601386 0.529196 1.169796 22.526010 17.144693 0.343689 1.153965 53.494489 21.329660 31.452247 15.394123 27.568723 24.850965 27.670015 26.406367 26.438443 26.165770 0.002028 39.368978 34.262843 36.341639 23.916912 20.869121 17.320085 0.001419 0.478708 32.483991 -9999.0 -9999.0 -9999.0 -9999.0 -9999.0 -9999.0 -9999.0 -9999.0
-9999.0 -9999.0 -9999.0 -9999.0 -9999.0 -9999.0 -9999.0 -9999.0 -9999.0 -9999.0 -9999.0 -9999.0 -9999.0 -9999.0 -9999.0 -9999.0 -9999.0 -9999.0 -9999.0 -9999.0 20.115384 23.496458 31.820392 17.486573 0.002017 15.775620 22.837094 0.001054 58.981306 21.467254 16.660976 31.286443 0.378132 39.544092 36.830691 13.974767 26.107047 25.438579 19.634919 23.291628 19.666741 19.867668 19.701073 0.002027 33.970457 30.761224 32.555900 19.735947 14.315303 0.913475 0.249569 30.764089 30.231292 -9999.0 -9999.0 -9999.0 -9999.0 -9999.0 -9999.0 -9999.0 -9999.0
-9999.0 -9999.0 -9999.0 -9999.0 -9999.0 -9999.0 -9999.0 -9999.0 -9999.0 -9999.0 -9999.0 -9999.0 -9999.0 -9999.0 -9999.0 -9999.0 -9999.0 -9999.0 -9999.0 -9999.0 -9999.0 17.737487 17.343233 21.421200 0.002030 15.285758 0.001051 0.001427 24.466100 44.491506 16.606659 24.997877 0.002185 23.796555 33.203450 31.511508 24.482630 18.694415 12.851106 17.292252 13.484352 13.503842 14.361198 0.002036 31.637937 26.170504 28.385699 14.031113 27.761554 0.151515 20.369107 24.287521 25.393253 -9999.0 -9999.0 -9999.0 -9999.0 -9999.0 -9999.0 -9999.0 -9999.0
-9999.0 -9999.0 -9999.0 -9999.0 -9999.0 -9999.0 -9999.0 -9999.0 -9999.0 -9999.0 -9999.0 -9999.0 -9999.0 -9999.0 -9999.0 -9999.0 -9999.0 -9999.0 -9999.0 -9999.0 -9999.0 -9999.0 -9999.0 14.976479 0.183955 17.179240 0.152841 0.143596 15.765665 39.120316 20.031330 17.763027 0.725510 34.023489 17.076240 26.958349 26.368699 15.642403 10.902144 12.721860 0.003825 0.001039 0.002601 0.161470 29.514541 22.756613 26.899625 25.723769 11.586737 0.144635 14.675051 18.770802 20.103275 -9999.0 -9999.0 -9999.0 -9999.0 -9999.0 -9999.0 -9999.0 -9999.0
-9999.0 -9999.0 -9999.0 -9999.0 -9999.0 -9999.0 -9999.0 -9999.0 -9999.0 -9999.0 -9999.0 -9999.0 -9999.0 -9999.0 -9999.0 -9999.0 -9999.0 -9999.0 -9999.0 -9999.0 -9999.0 -9999.0 -9999.0 13.834507 0.184741 16.149291 0.150752 0.234537 13.629289 39.604923 17.512264 0.001420 0.372646 22.887409 24.116249 11.088068 23.434867 21.642465 9.841029 11.780153 0.545985 1.236763 0.756204 13.884905 24.103939 16.064558 19.706885 24.329228 10.319837 0.138101 0.001039 12.873200 13.115621 -9999.0 -9999.0 -9999.0 -9999.0 -9999.0 -9999.0 -9999.0 -9999.0
