geotop/1.0zi/1.0Montebello/Templates/Duarrigle2006/maps/PSILIQL0000N0052.asc
ncols         76
nrows         123
xllcorner     110555.058093
yllcorner     85388.025579
cellsize      200.000000
NODATA_value  -9999.0
[rows 27 to 53 of 123, columns 0 to 60 of 76]
-9999.0 -9999.0 -9999.0 -9999.0 -9999.0 -9999.0 -9999.0 -9999.0 -9999.0 -9999.0 -9999.0 13.227740 14.431237 14.415468 9.810042 9.351137 9.067699 11.274031 13.919546 9.903900 227.744348 0.136921 12.240091 12.410207 10.464538 13.647348 24.743702 0.194391 0.108383 0.134069 11.419720 8.600822 8.333623 8.640632 11.431708 9.952504 11.315738 14.924449 16.548913 11.244459 36.809769 18.162762 10.188722 16.010979 17.339801 453.038412 0.355044 17.410476 17.820180 12.705503 12.413231 16.371042 16.056108 0.196112 0.126881 12.158963 16.559782 28.794525 13.006464 0.477281 100.421325
-9999.0 -9999.0 -9999.0 -9999.0 -9999.0 -9999.0 -9999.0 -9999.0 -9999.0 -9999.0 9.209860 9.365977 21.334495 18.363367 12.206081 14.735675 19.514377 25.252289 29.080790 23.780638 10.076719 1.443128 10.258078 14.580740 11.043286 15.430174 0.346131 0.069622 10.187520 8.391090 8.679808 9.112925 11.015082 11.227948 16.397789 13.699103 0.237872 0.135382 0.002034 0.270223 0.002038 0.750443 0.007114 14.597511 9.297853 92.974275 0.088888 10.317435 12.708972 16.645329 17.256926 14.369219 23.318637 29.999840 0.319347 0.116314 0.252671 12.397651 0.362312 1.450769 17.829087
-9999.0 -9999.0 -9999.0 -9999.0 -9999.0 -9999.0 -9999.0 -9999.0 -9999.0 -9999.0 8.495837 15.168904 0.511594 22.224297 14.845119 12.603568 15.802577 21.601314 27.102136 29.630893 28.918066 45.540404 0.069809 18.309462 15.048071 19.192482 0.071634 10.951530 9.210157 9.133887 9.191425 9.865093 15.743312 16.002326 17.356187 10.554045 9.051459 9.902891 7.912225 9.148389 9.607355 13.876379 0.129663 0.738500 0.001530 131.818204 0.007114 8.785303 13.391104 20.451153 18.575462 17.220378 13.109459 12.218685 11.595799 9.850482 -62.349665 0.075304 0.003830 10.374572 9.667586
-9999.0 -9999.0 -9999.0 -9999.0 -9999.0 -9999.0 -9999.0 -9999.0 -9999.0 8.529985 10.556277 20.843673 0.001496 28.609017 10.724169 11.037014 9.481708 9.013309 9.949618 9.681358 8.058780 13.851652 242.064668 106.943618 22.593469 0.187904 0.752168 29.764743 25.969828 19.639342 15.073326 11.999683 19.081617 25.930336 13.671906 9.676489 10.612985 9.684350 9.181180 8.884679 10.161661 14.322041 33.909779 21.534525 24.218201 0.261869 383.217488 19.241545 9.803883 27.079126 23.438247 11.983315 11.843116 18.823729 13.339089 11.160289 71.514868 10.096067 10.130814 10.196838 12.217667
-9999.0 -9999.0 -9999.0 -9999.0 -9999.0 -9999.0 -9999.0 -9999.0 10.775657 10.913458 18.544653 22.306254 0.538137 0.330685 16.810451 9.212978 10.305014 9.947459 10.064542 10.198315 8.987674 8.319752 9.555633 0.108370 145.109004 0.154398 15.706223 10.382396 9.182907 9.537563 10.686818 16.939039 22.843968 27.474352 13.956089 9.705731 13.699658 10.615706 15.437335 19.007485 22.299381 31.913359 13.331167 9.630870 9.704312 10.688784 0.167862 488.827953 30.060916 9.793546 25.513895 12.133377 10.979980 21.250721 11.364225 0.376066 0.003829 10.686131 0.142205 0.124046 0.144445
-9999.0 -9999.0 -9999.0 -9999.0 -9999.0 -9999.0 -9999.0 9.940612 15.363186 11.368873 11.385023 9.581154 10.538515 0.001509 0.172262 12.444982 9.850117 12.255322 17.273973 14.119503 14.049808 10.306532 9.292429 11.261301 18.201285 192.587434 0.007115 9.147001 16.579228 16.888021 10.969246 19.690475 36.496449 16.123676 0.370688 24.250067 12.934732 14.014953 21.259417 23.774310 21.276836 10.330926 10.430881 10.774666 16.643198 17.541398 58.293571 0.246467 222.353915 11.311626 24.826162 17.866821 9.788643 11.209792 26.282244 -62.338708 0.001069 0.079146 0.083366 12.175905 10.971471
-9999.0 -9999.0 -9999.0 -9999.0 -9999.0 -9999.0 10.317533 9.925972 18.111565 13.108763 15.050113 11.384343 16.960440 14.048186 0.127834 15.009173 9.378599 10.390968 12.747858 23.832093 29.570112 35.254546 32.930907 10.493090 11.840193 220.604611 34.523914 21.369215 11.378386 15.782542 11.286623 0.281105 0.630082 0.074465 0.378228 18.569693 11.904907 11.092489 9.597924 8.808878 8.512695 9.829186 11.263342 15.920479 55.514323 61.040910 25.452358 23.996130 0.269147 341.273482 274.422042 0.210015 0.007114 11.769629 30.197482 11.943221 0.001420 0.565645 39.650899 35.442147 32.462111
-9999.0 -9999.0 -9999.0 -9999.0 -9999.0 9.947683 10.213375 14.040033 14.239141 21.170421 21.571486 14.087523 19.016983 12.827105 0.132045 0.166832 13.131218 10.146328 12.819513 17.687111 23.184133 24.587341 28.573493 43.616491 47.926957 591.173959 10.658462 9.145259 10.368943 19.537325 0.072494 0.109655 11.514912 9.135168 9.129088 8.783677 8.785163 9.618865 9.872566 23.354554 30.932186 41.677673 50.443496 42.551434 16.947817 20.842252 19.054881 14.497701 16.866898 0.172274 0.151039 245.048650 0.001420 17.056144 31.608560 13.630432 0.109088 0.073915 12.901739 13.367258 14.420909
-9999.0 -9999.0 -9999.0 -9999.0 12.898838 0.085321 0.087628 0.139696 0.190319 0.191112 0.329053 0.325282 0.255398 0.076299 12.370331 0.238133 13.578063 10.106853 10.416011 10.989434 9.778253 10.924069 16.352336 16.690569 0.007110 463.168393 10.307745 10.830730 9.603679 0.197249 0.070462 10.504671 8.975659 9.033511 9.518134 10.047677 10.864933 12.010429 17.399900 14.304627 11.375303 12.317967 8.701217 12.007424 12.967495 17.172843 15.287327 9.660782 9.874032 10.233723 14.621857 0.108846 324.173819 11.496590 0.007115 0.402109 -63.394072 8.286267 8.956807 10.402330 11.091242
-9999.0 -9999.0 -9999.0 0.143858 0.078826 0.007114 10.333573 9.980036 10.503240 10.744724 11.314707 12.890237 16.933100 0.128143 0.083897 0.130123 14.024894 15.733307 9.531841 10.264980 12.203538 18.808509 22.121160 31.784080 205.187931 11.154552 0.007113 0.122333 0.244990 0.670733 38.860143 38.132739 34.432674 29.248488 25.934609 19.603583 13.451285 11.630667 9.620460 9.910714 9.646258 10.403261 9.557599 9.264705 8.904926 11.610405 12.683967 10.828365 9.945127 10.164879 9.399558 10.808321 0.123314 300.760603 0.078975 10.594737 8.541264 9.270402 10.872294 11.700827 10.694859
-9999.0 -9999.0 -9999.0 10.436433 10.577047 9.764361 9.305195 11.469120 17.150851 21.440969 25.018353 27.394622 49.918281 52.455238 0.854311 0.131096 0.003821 21.568296 9.874567 10.763947 18.102174 24.088586 23.810545 13.495311 0.144096 695.321097 0.272903 19.912107 12.689088 19.138422 13.084983 13.138274 12.619057 9.010839 9.894525 10.500363 11.612560 11.612968 11.834820 11.289804 12.361664 9.906204 9.747920 9.521995 10.376531 12.989892 17.409356 19.383024 14.099103 13.802229 10.109519 10.042787 12.387391 0.083945 387.611524 0.003829 12.108118 11.311429 0.146186 0.126835 0.274529
-9999.0 -9999.0 8.763457 8.955522 9.356934 11.650072 16.339958 23.897876 28.459834 30.504162 36.325593 37.576322 12.021514 20.311611 20.498696 0.256141 0.158290 27.414167 16.426679 12.741023 11.774445 11.236904 10.842801 10.481594 13.851421 563.073231 0.002022 11.337452 12.071851 14.118924 8.948822 8.887525 8.969977 9.601170 9.964321 11.198662 15.434968 15.801743 15.337579 13.894650 16.994599 10.268543 12.799741 12.773765 13.363174 14.007966 12.941510 13.122020 24.515122 31.627390 35.844531 0.496140 0.080617 0.007114 0.077813 600.598455 0.002021 0.092176 0.194862 15.059936 14.557858
-9999.0 -9999.0 8.883773 13.440312 14.486037 17.963473 11.717724 14.457825 20.428531 22.287646 19.063861 13.007678 13.469015 13.681160 16.900814 16.529258 0.127166 0.359111 0.003816 8.474893 10.430130 11.915475 11.598515 10.016984 9.152761 274.369242 0.302156 13.193324 9.694951 10.059628 11.124993 12.588358 11.372591 11.244711 9.583623 17.600818 17.781894 32.051006 38.635740 14.781663 18.489960 9.777314 14.904294 22.502363 0.308454 0.128250 0.317742 12.186840 11.848028 0.082475 0.124305 0.007115 11.192253 10.234451 10.377693 292.004135 0.124309 12.581376 10.203391 8.289222 8.635122
-9999.0 -9999.0 9.774824 14.052190 17.081890 20.757037 20.452240 16.225930 15.663117 14.809352 15.340451 11.411955 10.007611 12.963217 12.856786 12.792568 9.684747 10.956741 0.385387 0.001044 14.376627 15.900611 10.038395 9.723947 9.626318 662.463571 11.699561 8.405688 11.469111 12.481165 11.310700 16.354529 14.317103 13.233032 11.101772 44.430083 42.227183 25.777952 25.544514 15.719825 13.546650 26.128695 0.656064 0.137602 0.248088 11.698783 0.082042 0.094965 0.640412 0.149090 10.905810 10.372530 12.270557 17.919470 0.144030 0.001422 407.766382 8.520118 8.611308 10.785584 11.017933
-9999.0 -9999.0 10.425524 14.566869 16.725207 28.720795 13.136606 23.758797 25.194263 12.534011 14.571687 11.843127 10.498162 9.856511 9.638093 10.747828 15.754633 26.018255 0.171516 0.209577 0.241168 86.790411 0.141701 0.086861 543.917349 0.135301 8.894121 9.456153 14.412541 11.562370 14.606254 25.725739 11.051837 10.942917 49.227944 10.921110 9.713607 9.806814 12.131408 11.586183 12.237374 10.709340 14.286847 14.309040 12.471961 15.712156 33.486974 40.226146 19.386643 11.427423 10.053113 11.948942 0.007114 0.001051 0.007114 10.750852 479.843206 8.559560 9.627836 16.216839 16.309242
-9999.0 -9999.0 -9999.0 14.947231 17.335578 30.399749 15.055472 12.791475 34.977325 11.399859 18.699727 11.952852 11.662939 12.636403 15.892681 21.608008 22.283702 15.738367 13.375121 15.623341 15.885303 12.032133 0.445765 0.087469 236.122982 0.083868 8.872394 9.714400 11.367338 18.119755 19.669478 28.298837 17.322324 60.512296 23.267193 15.418582 10.705806 9.997721 11.671912 12.359207 19.177692 13.026548 11.695853 16.314212 23.462037 27.023035 14.087166 18.008095 13.335041 13.391124 0.086621 0.188105 0.001423 10.666601 11.883761 10.372113 481.861497 15.021209 12.095713 19.017517 19.508248
-9999.0 -9999.0 -9999.0 11.012427 20.010356 26.268046 0.667249 20.921531 31.146962 15.781882 21.362985 13.696169 18.592455 12.851159 9.288682 8.891952 9.205494 11.716440 10.859899 10.540407 10.727841 9.562707 9.890207 11.418202 391.325841 0.007114 12.987728 11.652016 8.906372 9.960514 11.969351 25.243752 1.259211 11.320960 19.932175 20.401751 15.397281 11.033350 16.144757 17.726284 23.235811 12.965660 12.828262 14.255057 13.268657 10.043593 10.390311 0.001518 -61.206767 0.189331 0.399004 11.493455 17.281663 20.930935 23.999974 14.827510 540.339952 9.177276 10.790524 0.274756 0.194795
-9999.0 -9999.0 -9999.0 -9999.0 17.713184 23.619443 0.874349 0.078552 0.291109 0.573886 0.430181 20.512135 8.935998 10.292224 9.937895 8.700411 10.648006 11.894697 12.908762 10.497689 9.950386 9.892898 8.624618 0.007115 261.190002 31.116520 34.871113 25.872618 21.405246 12.158479 12.750790 17.733602 0.390334 0.342918 8.839658 10.982101 11.408128 15.372387 19.269795 18.478354 31.334723 18.138096 11.924238 10.103590 11.772097 16.296982 0.423881 0.466883 18.893798 15.885020 16.534577 9.473684 9.128037 9.283711 10.442484 31.611656 385.682206 10.017210 0.108850 0.104748 9.454978
-9999.0 -9999.0 -9999.0 -9999.0 11.630856 10.972947 10.465240 9.618304 9.587725 11.073616 0.071963 0.229661 9.796173 13.291079 13.244080 9.720056 15.984649 12.818951 16.099089 9.560481 12.646081 13.027965 13.324961 390.844508 32.759567 20.472893 19.116364 10.530479 9.769220 11.399842 11.778502 10.912562 12.795331 0.124939 11.259826 15.245249 13.683224 17.256275 38.083849 36.604193 15.897061 10.821286 12.358757 11.872288 17.935619 19.533367 16.654362 15.216473 15.356230 10.797704 11.169931 9.543264 8.761222 8.519477 10.653216 0.079050 283.942404 0.001421 -62.283916 9.297847 8.718285
-9999.0 -9999.0 -9999.0 -9999.0 -9999.0 11.251796 10.412077 9.523739 9.581264 11.607316 16.085193 0.124321 0.076500 17.275911 16.743527 14.875219 23.581566 10.342943 16.968189 10.709046 12.987007 16.021926 17.261507 531.234864 0.007115 13.415363 11.462517 9.526028 12.185273 12.130958 10.646751 14.300008 14.797056 0.002023 70.305254 86.011980 65.260137 58.915675 16.319968 11.038725 9.864866 11.092468 11.263073 10.594331 11.084162 11.848562 13.508181 12.963013 11.853824 9.467629 8.966286 8.852815 14.450596 0.163852 0.117076 0.007115 -62.328143 398.166870 8.975968 9.216978 14.943893
-9999.0 -9999.0 -9999.0 -9999.0 -9999.0 -9999.0 14.039798 13.984912 14.096365 17.211159 21.611764 0.194312 0.001523 0.428001 0.239878 0.465649 0.356364 0.329033 0.347277 0.114506 0.007115 0.127450 22.981975 629.028186 19.688537 14.797596 11.644429 12.815659 15.997166 15.270784 10.998942 15.026646 20.336757 1.417560 24.396549 17.093811 11.068810 24.223727 14.845751 11.564337 10.344501 10.640550 9.751861 13.234323 16.032694 11.402903 13.225967 14.799032 19.279869 0.405592 0.188715 0.183981 0.260793 0.142693 9.716447 11.293468 14.918297 584.439702 0.137134 8.358002 18.018554
-9999.0 -9999.0 -9999.0 -9999.0 -9999.0 -9999.0 13.280984 24.803972 0.756337 0.129980 0.261283 0.548119 23.724218 10.820983 21.868653 20.292357 12.104403 26.201621 25.426906 30.896764 0.340935 0.001435 0.077685 484.229445 11.003430 9.303350 9.637736 16.063424 16.456285 18.349532 0.115719 80.008972 0.313817 0.389339 15.246267 13.811531 10.322010 13.699430 19.667023 16.712897 10.468783 10.060099 12.570876 0.140122 0.241359 0.252915 14.236587 12.751681 10.209762 13.466008 12.758235 14.641897 13.861546 10.220678 10.376257 14.643569 17.277458 310.510363 0.133817 10.039481 19.009604
-9999.0 -9999.0 -9999.0 -9999.0 -9999.0 -9999.0 14.042430 22.040251 0.301518 15.016468 20.837760 26.947402 23.675762 14.880375 16.870691 16.423174 13.506883 14.897952 10.585595 18.175402 11.978546 10.191125 0.001051 265.580432 15.846381 12.927510 10.437581 19.322178 11.360983 0.308773 0.449198 20.649758 15.745699 13.168625 13.488205 11.250783 12.960343 14.920725 16.592445 19.810913 14.193153 10.562571 15.866248 0.207407 10.790101 11.817674 9.969497 10.317900 10.730836 9.858308 9.157592 10.873279 10.515800 10.596001 14.182073 19.861564 19.901952 15.095933 286.912991 22.217162 21.919360
-9999.0 -9999.0 -9999.0 -9999.0 -9999.0 -9999.0 14.683003 13.884763 15.157522 12.216243 16.828296 23.827931 21.523782 12.188644 11.118756 10.284328 10.235741 10.631270 9.245295 10.476380 10.779434 16.131446 19.437717 0.299208 217.571139 15.213912 9.521857 0.354934 0.122400 0.073973 13.321337 13.554230 14.162297 10.245519 11.420474 11.479718 13.919826 12.762481 30.598917 13.603057 11.248795 9.883550 16.115553 0.090465 11.215494 17.706841 14.961193 10.707979 11.941764 9.747325 11.370070 12.033758 11.583385 9.333672 9.174658 9.114995 8.840809 8.297551 0.137115 293.565789 0.140700
-9999.0 -9999.0 -9999.0 -9999.0 -9999.0 -9999.0 10.572473 9.974259 10.347842 10.003827 19.460008 11.996171 15.026485 11.487373 13.289273 11.455108 11.598060 11.365964 12.078459 11.557642 15.383297 19.435087 19.477096 12.019182 382.058981 0.178071 0.153872 0.131854 15.318469 9.092323 8.975389 10.079927 11.358730 12.341689 13.155134 -61.209680 0.006746 21.537306 32.904040 17.146976 11.964042 15.762399 22.486876 0.080671 35.763628 31.912257 25.362687 13.901483 14.576180 9.692442 0.179347 15.024932 12.531911 10.204068 13.921957 11.325975 11.880763 9.213715 8.657398 11.625522 449.948548
-9999.0 -9999.0 -9999.0 -9999.0 -9999.0 -9999.0 -9999.0 -9999.0 11.786285 16.670054 14.929708 24.163557 29.846718 0.576655 0.314673 0.081356 0.149968 14.180632 15.590766 11.002462 9.126934 9.128082 10.998203 0.007114 331.799403 10.127865 9.284223 15.211956 10.709976 9.102262 11.637139 12.046598 12.379292 17.658760 12.839840 11.403186 12.564107 16.051026 16.666916 33.902944 16.602531 20.308271 0.224753 1.080290 22.786743 16.574954 11.000901 11.760841 11.780716 21.976438 0.367661 0.122977 9.449316 17.502088 16.383518 15.615280 15.535635 10.590902 10.582484 11.542316 404.864967
-9999.0 -9999.0 -9999.0 -9999.0 -9999.0 -9999.0 -9999.0 -9999.0 -9999.0 -9999.0 11.850089 11.366082 11.041335 14.299757 16.384473 17.158936 0.303592 0.088955 0.277418 0.080063 0.003819 0.074458 0.183466 0.001422 234.341679 10.903779 9.171079 13.793632 10.124679 9.545883 13.651620 16.624699 16.885326 0.210055 0.170653 0.257078 16.107210 16.887238 16.108602 21.566171 41.707851 26.943117 0.138293 16.118472 11.280015 10.148783 11.493476 11.135665 12.421325 16.878390 19.706411 0.194417 0.225664 0.233477 0.305103 0.314974 0.157388 0.140518 0.188745 0.002022 351.998426
