geotop/1.0zi/1.0Montebello/Templates/Duarrigle2006/maps/PSILIQL0002N0046.asc
ncols         76
nrows         123
xllcorner     110555.058093
yllcorner     85388.025579
cellsize      200.000000
NODATA_value  -9999.0
[rows 75 to 99 of 123, columns 0 to 55 of 76]
-9999.0 -9999.0 -9999.0 -9999.0 -9999.0 -9999.0 -489.664881 -489.653718 -489.671422 -489.660691 -489.660348 -489.663972 -489.664435 -489.665082 -489.664320 -489.663866 -489.664497 -489.663196 -489.662838 -489.664600 -489.663907 -489.652665 -489.663915 -489.664577 -489.664400 -489.662767 -489.663795 -489.663925 -489.662965 -489.661418 -489.657768 -489.657959 -489.389031 -489.656425 -489.665261 -489.664109 -489.659295 -489.664489 -489.657625 -489.662812 -489.671413 -489.671379 -489.670767 -489.664304 -489.722332 -489.722334 -489.664298 -489.664352 -489.663469 -489.660830 -489.671387 -489.671395 -489.671371 -489.671395 -489.653451 -489.665206
-9999.0 -9999.0 -9999.0 -9999.0 -9999.0 -489.664248 -489.664114 -489.671356 -489.674727 -489.660952 -489.658878 -489.664538 -489.663598 -489.663903 -489.661180 -489.662613 -489.664321 -489.663946 -489.665121 -489.664208 -489.662677 -489.671290 -489.661905 -489.664362 -489.663808 -489.658736 -489.663957 -489.664190 -489.662431 -489.656428 -489.654525 -489.653585 -489.665177 -489.431879 -489.665615 -489.661243 -489.658624 -489.663924 -489.658577 -489.664261 -489.664347 -489.674760 -489.671501 -489.664369 -489.664789 -489.722698 -489.671503 -489.663559 -489.659921 -489.659503 -489.664485 -489.663125 -489.652865 -489.671158 -489.669986 -489.715879
-9999.0 -9999.0 -9999.0 -9999.0 -9999.0 -489.662484 -489.658583 -489.671465 -489.671465 -489.664466 -489.659679 -489.664963 -489.663105 -489.659917 -489.671417 -489.659488 -489.662568 -489.663429 -489.664320 -489.659940 -489.663151 -489.671385 -489.671511 -489.662868 -489.662633 -489.660061 -489.661843 -489.663867 -489.664350 -489.659542 -489.658013 -489.665169 -489.664655 -489.539386 -489.665150 -489.656750 -489.664709 -489.662184 -489.658669 -489.662507 -489.671539 -489.726530 -489.664782 -489.661627 -489.661812 -489.663705 -489.671507 -489.662848 -489.661935 -489.662453 -489.657149 -489.656142 -489.659072 -489.664695 -489.661744 -489.671272
-9999.0 -9999.0 -9999.0 -9999.0 -489.662647 -489.661975 -489.663455 -489.661294 -489.671292 -489.671483 -489.671398 -489.671298 -489.671067 -489.671484 -489.674438 -489.671430 -489.668113 -489.661061 -489.664207 -489.662761 -489.657451 -489.664870 -489.674777 -489.671530 -489.660985 -489.664946 -489.657466 -489.662709 -489.664819 -489.664840 -489.660530 -489.658515 -489.664937 -489.432764 -489.653926 -489.663376 -489.664226 -489.659944 -489.656213 -489.671492 -489.671503 -489.663302 -489.663657 -489.649865 -489.671383 -489.671498 -489.671202 -489.648862 -489.654134 -489.661347 -489.664484 -489.662468 -489.663403 -489.664218 -489.665071 -489.664408
-9999.0 -9999.0 -9999.0 -9999.0 -489.663814 -489.663756 -489.656525 -489.655757 -489.664002 -489.661243 -489.646880 -489.659040 -489.664407 -489.664371 -489.665170 -489.664411 -489.671357 -489.671456 -489.664270 -489.663700 -489.664790 -489.655919 -489.653691 -489.671328 -489.671459 -489.650751 -489.659334 -489.663601 -489.663897 -489.663764 -489.662428 -489.664733 -489.659273 -489.671285 -489.520596 -489.664084 -489.671458 -489.671308 -489.674888 -489.671490 -489.664109 -489.663006 -489.661090 -489.649681 -489.671021 -489.662945 -489.663756 -489.663548 -489.663838 -489.663240 -489.664305 -489.663344 -489.662599 -489.665107 -489.664349 -489.665265
-9999.0 -9999.0 -9999.0 -9999.0 -489.663913 -489.661007 -489.664067 -489.663062 -489.664624 -489.662624 -489.659897 -489.661748 -489.664685 -489.664147 -489.663162 -489.662829 -489.663605 -489.671498 -489.671497 -489.662538 -489.665739 -489.662508 -489.664354 -489.664192 -489.722342 -489.671301 -489.665021 -489.664302 -489.661806 -489.663926 -489.665315 -489.661674 -489.661605 -489.662803 -489.500828 -489.671490 -489.674448 -489.663767 -489.665201 -489.664657 -489.663961 -489.664957 -489.664776 -489.664539 -489.674884 -489.659919 -489.663237 -489.663238 -489.663344 -489.664684 -489.663841 -489.664850 -489.663952 -489.658684 -489.656702 -489.664406
-9999.0 -9999.0 -9999.0 -9999.0 -489.662210 -489.661264 -489.664259 -489.662700 -489.663199 -489.664048 -489.664367 -489.663931 -489.665242 -489.665133 -489.663024 -489.664205 -489.665314 -489.664267 -489.674783 -489.671518 -489.664287 -489.657975 -489.660590 -489.671501 -489.722745 -489.671431 -489.663763 -489.662090 -489.660472 -489.662445 -489.664377 -489.660468 -489.635702 -489.645131 -489.525989 -489.671708 -489.663136 -489.659141 -489.661313 -489.664113 -489.659940 -489.663408 -489.665105 -489.671466 -489.671408 -489.663893 -489.664343 -489.661845 -489.662060 -489.664307 -489.659953 -489.663767 -489.663035 -489.664666 -489.663820 -489.649981
-9999.0 -9999.0 -9999.0 -489.664208 -489.654340 -489.661134 -489.664585 -489.661023 -489.663459 -489.663437 -489.889340 -489.889050 -489.888589 -489.887065 -489.888000 -489.887029 -489.889159 -489.886269 -489.886554 -489.891475 -489.890800 -489.879709 -489.881183 -489.891412 -489.887553 -489.672667 -489.671202 -489.670965 -489.669297 -489.667175 -489.670894 -489.673786 -489.671426 -489.715894 -489.666354 -489.485740 -489.667846 -489.662181 -489.657995 -489.655272 -489.665216 -489.664146 -489.665259 -489.671534 -489.727936 -489.662195 -489.662599 -489.660840 -489.660796 -489.661929 -489.658877 -489.662189 -489.665183 -489.661373 -489.661611 -489.646209
-9999.0 -9999.0 -9999.0 -489.663402 -489.671357 -489.671353 -489.665125 -489.887200 -489.887560 -489.887317 -489.889481 -489.889000 -489.888603 -489.887296 -489.885621 -489.883988 -489.882479 -489.882683 -489.883039 -489.891273 -489.887521 -489.891498 -489.885824 -489.887948 -489.889571 -489.889514 -489.889458 -489.673628 -489.673496 -489.671433 -489.671480 -489.671441 -489.661149 -489.665352 -489.658234 -489.658687 -489.531083 -489.670433 -489.655539 -489.671007 -489.715765 -489.662707 -489.664721 -489.662183 -489.674808 -489.671508 -489.658354 -489.658585 -489.658064 -489.660623 -489.657998 -489.659761 -489.663650 -489.660547 -489.438237 -489.336760
-9999.0 -9999.0 -9999.0 -489.660940 -489.664055 -489.890837 -489.887817 -489.889395 -489.887933 -489.886817 -489.889422 -489.889303 -489.889502 -489.889247 -489.888725 -489.889314 -489.889448 -489.889347 -489.889077 -489.888117 -489.887580 -489.888514 -489.887439 -489.889570 -489.889642 -489.887715 -489.886902 -489.885148 -489.891995 -489.659329 -489.661996 -489.662087 -489.661951 -489.663394 -489.664734 -489.662602 -489.657451 -489.459737 -489.488284 -489.468069 -489.431499 -489.523833 -489.671473 -489.661362 -489.461902 -489.427838 -489.473935 -489.393613 -489.667815 -489.313373 -489.290889 -489.358857 -489.496805 -489.346827 -489.715815 -489.661890
-9999.0 -9999.0 -489.662377 -489.658535 -489.884948 -489.890769 -489.891516 -489.889736 -489.889287 -489.884769 -489.888750 -489.889327 -489.889460 -489.889677 -489.889624 -489.889176 -489.888830 -489.888145 -489.889208 -489.891497 -489.888877 -489.889537 -489.888323 -489.889672 -489.888805 -489.888391 -489.887008 -489.887308 -489.891500 -489.888462 -489.889311 -489.664935 -489.664854 -489.665048 -489.665074 -489.660888 -489.662332 -489.660834 -489.671410 -489.662313 -489.694236 -489.650987 -489.478177 -489.470999 -489.656275 -489.655307 -489.662201 -489.599580 -489.512846 -489.664139 -489.664123 -489.662254 -489.662116 -489.664747 -489.665433 -489.664731
-9999.0 -9999.0 -489.664052 -489.664498 -489.888214 -489.887251 -489.891482 -489.904140 -489.888791 -489.885092 -489.889350 -489.889134 -489.888884 -489.889470 -489.888544 -489.887776 -489.889106 -489.887589 -489.891486 -489.888620 -489.889186 -489.889569 -489.888679 -489.889602 -489.889041 -489.888612 -489.888019 -489.887785 -489.891497 -489.889332 -489.889365 -489.888776 -489.663610 -489.663616 -489.661077 -489.662712 -489.663035 -489.665446 -489.664229 -489.663496 -489.657605 -489.663706 -489.661226 -489.661218 -489.661298 -489.661164 -489.664214 -489.660315 -489.665476 -489.671432 -489.664701 -489.664827 -489.664432 -489.664113 -489.658941 -489.664004
-9999.0 -9999.0 -9999.0 -489.889330 -489.889414 -9999.0 -489.889180 -489.891484 -489.891157 -489.891338 -489.888370 -488.717832 -488.680604 -489.891391 -489.891490 -489.891441 -489.887645 -489.891426 -489.886755 -489.889439 -489.889694 -489.889584 -489.889220 -489.889525 -489.888988 -489.889029 -489.888987 -489.888804 -489.891433 -489.891480 -489.888570 -489.886607 -489.889204 -489.664399 -489.664592 -489.664386 -489.664792 -489.665388 -489.664275 -489.660935 -489.650135 -489.663921 -489.663819 -489.663862 -489.663961 -489.663892 -489.664449 -489.661577 -489.660157 -489.667162 -489.663032 -489.663360 -489.663720 -489.663254 -489.657413 -489.659497
-9999.0 -9999.0 -9999.0 -9999.0 -9999.0 -9999.0 -9999.0 -9999.0 -489.888461 -489.891494 -488.679275 -488.689263 -488.598638 -488.632920 -489.889218 -489.888259 -489.888926 -489.885592 -489.887089 -489.888603 -489.888523 -489.889049 -489.889257 -489.889261 -489.889429 -489.889533 -489.889606 -489.889538 -489.888300 -489.889127 -489.889124 -489.886546 -489.889310 -489.889400 -489.889359 -489.664931 -489.665607 -489.671558 -489.654760 -489.722332 -489.661670 -489.664793 -489.662809 -489.662791 -489.663005 -489.663310 -489.663735 -489.663435 -489.663554 -489.673952 -489.657258 -489.656820 -489.658081 -489.656632 -489.654691 -489.628821
-9999.0 -9999.0 -9999.0 -9999.0 -9999.0 -9999.0 -9999.0 -9999.0 -9999.0 -489.889246 -488.643502 -488.643614 -488.606899 -488.643827 -488.664621 -489.889116 -489.890860 -489.883241 -489.885797 -489.887888 -489.887921 -489.888179 -489.889207 -489.889199 -489.889362 -489.889470 -489.889365 -489.889377 -489.889313 -489.888962 -489.888008 -489.886907 -489.888849 -489.888672 -489.888532 -489.889275 -489.671518 -489.656510 -489.669105 -489.654527 -489.662195 -489.662395 -489.657804 -489.652622 -489.622943 -489.619652 -489.625902 -489.670984 -489.674290 -489.671426 -489.659630 -489.662038 -489.651753 -489.652082 -489.671390 -489.654828
-9999.0 -9999.0 -9999.0 -9999.0 -9999.0 -9999.0 -9999.0 -9999.0 -9999.0 -489.889345 -488.645469 -488.612481 -488.643104 -488.650008 -488.664072 -488.690649 -489.890188 -489.889109 -489.888471 -489.886085 -489.886223 -489.885769 -489.888847 -489.888789 -489.891408 -489.891498 -489.891439 -489.891474 -489.891992 -489.891483 -489.891490 -489.891473 -489.891442 -489.887241 -489.887692 -489.879975 -489.888087 -489.722354 -489.662044 -489.644475 -489.657946 -489.663840 -489.658825 -489.639922 -489.660278 -489.660575 -489.663687 -489.671364 -489.671476 -489.663345 -489.663818 -489.664589 -489.662872 -489.659480 -489.671407 -489.656671
-9999.0 -9999.0 -9999.0 -9999.0 -9999.0 -9999.0 -9999.0 -9999.0 -9999.0 -489.889163 -489.887078 -488.647013 -488.652905 -488.662367 -488.664315 -488.678913 -488.639590 -489.887803 -489.889192 -489.888698 -489.888888 -489.889194 -489.888498 -489.887780 -489.888974 -489.886510 -489.888762 -489.889314 -489.889050 -489.888786 -489.889398 -489.887698 -489.890194 -489.888326 -489.884324 -489.889426 -489.888294 -489.888856 -489.663482 -489.638919 -489.658712 -489.662580 -489.662981 -489.649147 -489.663930 -489.663151 -489.654488 -489.722761 -489.671334 -489.663756 -489.663138 -489.661230 -489.656617 -489.654233 -489.660646 -489.643071
-9999.0 -9999.0 -9999.0 -9999.0 -9999.0 -9999.0 -9999.0 -9999.0 -9999.0 -489.888458 -489.888373 -488.655554 -488.661742 -488.663945 -488.649786 -488.707322 -488.687348 -489.889332 -489.888846 -489.889283 -489.889651 -489.889595 -489.889345 -489.888376 -489.887895 -489.888421 -489.889307 -489.889568 -489.889738 -489.889335 -489.888191 -489.888904 -489.891099 -489.889286 -489.885013 -489.889460 -489.888436 -489.889175 -489.645974 -489.664353 -489.662298 -489.664440 -489.664460 -489.650379 -489.661412 -489.655028 -489.722340 -489.671223 -489.671379 -489.664202 -489.663444 -489.661165 -489.649446 -489.665053 -489.671344 -489.646961
-9999.0 -9999.0 -9999.0 -9999.0 -9999.0 -9999.0 -9999.0 -9999.0 -9999.0 -489.889582 -489.889538 -488.664888 -488.662538 -488.658273 -488.662981 -488.690750 -488.670402 -488.607437 -489.887117 -489.887400 -489.887675 -489.888322 -489.889179 -489.888733 -489.889285 -489.889283 -489.889319 -489.889394 -489.889403 -489.889542 -489.889486 -489.889369 -489.890060 -489.889255 -489.889330 -489.886107 -489.889015 -489.889291 -489.882893 -489.654834 -489.662765 -489.663769 -489.608959 -489.664537 -489.663172 -489.661074 -489.674943 -489.653506 -489.660771 -489.663923 -489.659032 -489.658639 -489.634285 -489.671186 -489.651441 -489.659125
-9999.0 -9999.0 -9999.0 -9999.0 -9999.0 -9999.0 -9999.0 -9999.0 -9999.0 -488.667833 -488.665155 -488.658802 -488.665381 -488.665811 -488.663359 -488.688814 -488.704656 -488.618821 -488.649572 -488.647083 -488.654230 -488.663430 -488.661010 -489.888421 -489.888867 -489.888335 -489.888163 -489.888731 -489.888666 -489.888662 -489.889259 -489.889955 -489.891504 -489.889555 -489.887927 -489.885878 -489.888898 -489.885212 -489.887045 -489.654684 -489.662597 -489.654531 -489.661240 -489.662965 -489.665222 -489.675240 -489.671522 -489.655992 -489.663504 -489.665018 -489.663977 -489.634844 -489.664101 -489.671224 -489.659751 -489.661652
-9999.0 -9999.0 -9999.0 -9999.0 -9999.0 -9999.0 -9999.0 -489.888804 -489.886594 -488.633090 -488.688302 -488.690455 -488.690423 -488.690491 -488.690695 -488.680490 -488.690077 -488.664711 -488.616792 -488.607108 -488.653242 -488.662046 -488.659714 -489.888059 -489.888150 -489.887427 -489.887527 -489.887683 -489.887625 -489.886398 -489.890666 -489.891504 -489.889541 -489.888837 -489.888025 -489.886289 -489.887112 -489.887278 -489.887815 -489.886924 -489.664565 -489.653919 -489.663960 -489.670479 -489.671470 -489.671079 -489.664480 -489.658178 -489.663759 -489.657984 -489.639357 -489.663753 -489.674713 -489.671331 -489.661190 -489.662990
-9999.0 -9999.0 -9999.0 -9999.0 -9999.0 -9999.0 -9999.0 -489.900653 -488.659866 -488.642393 -488.666696 -488.666993 -488.647036 -488.665410 -488.703825 -488.690492 -488.692476 -488.690780 -488.654442 -488.661534 -488.612422 -489.885986 -489.886875 -489.888513 -489.889176 -489.889320 -489.888419 -489.883550 -489.882201 -489.889850 -489.891512 -489.891512 -489.888837 -489.889302 -489.889335 -489.887166 -489.887275 -489.888202 -489.888670 -489.887607 -489.887592 -489.663968 -489.638029 -489.721557 -489.659747 -489.649285 -489.665027 -489.660201 -489.663253 -489.645148 -489.664547 -489.671535 -489.671574 -489.656269 -489.661604 -489.663295
-9999.0 -9999.0 -9999.0 -9999.0 -9999.0 -9999.0 -9999.0 -489.903598 -488.664676 -488.660481 -488.664525 -488.653238 -488.653988 -488.643217 -488.689888 -488.635698 -488.666200 -488.690683 -488.704010 -488.642098 -488.644038 -489.888047 -489.888189 -489.889051 -489.888940 -489.888540 -489.887028 -489.888714 -489.889162 -489.891179 -489.889205 -489.891893 -489.889542 -489.889536 -489.889504 -489.888070 -489.887725 -489.888677 -489.889288 -489.888061 -489.887510 -489.881888 -489.888388 -489.891993 -489.661636 -489.648112 -489.662427 -489.665112 -489.647602 -489.662597 -489.665626 -489.674965 -489.665201 -489.659841 -489.665453 -489.663018
-9999.0 -9999.0 -9999.0 -9999.0 -9999.0 -9999.0 -9999.0 -9999.0 -9999.0 -9999.0 -488.666192 -488.667011 -488.663833 -488.627056 -488.710878 -488.661532 -488.651762 -488.663352 -488.689948 -488.667068 -488.651018 -489.889408 -489.888417 -489.889160 -489.888190 -489.888004 -489.889462 -489.889160 -489.891514 -489.891339 -489.889408 -489.891492 -489.891451 -489.888380 -489.889048 -489.888425 -489.887921 -489.889192 -489.888662 -489.888202 -489.887833 -489.881389 -489.889080 -489.891502 -489.889121 -489.648448 -489.663878 -489.661488 -489.644636 -489.664407 -489.715844 -489.671046 -489.729678 -489.664739 -489.662729 -489.663213
-9999.0 -9999.0 -9999.0 -9999.0 -9999.0 -9999.0 -9999.0 -9999.0 -9999.0 -9999.0 -9999.0 -489.888963 -488.644388 -488.614976 -488.704142 -488.690938 -488.662557 -488.664917 -488.690848 -488.662136 -488.665188 -489.889260 -489.888815 -489.889144 -489.889321 -488.667456 -488.664776 -489.888231 -489.891162 -489.891513 -489.889403 -489.887721 -489.891458 -489.888337 -489.889106 -489.889194 -489.888455 -489.889527 -489.888868 -489.888334 -489.883445 -489.886447 -489.889482 -489.891502 -489.885518 -489.888380 -489.664793 -489.664161 -489.641927 -489.659520 -489.653320 -489.664508 -489.677032 -489.728265 -489.662853 -9999.0
