geotop/1.0zi/1.0Montebello/Templates/Duarrigle2006/maps/PSILIQL0004N0012.asc
ncols         76
nrows         123
xllcorner     110555.058093
yllcorner     85388.025579
cellsize      200.000000
NODATA_value  -9999.0
[rows 75 to 99 of 123, columns 0 to 55 of 76]
-9999.0 -9999.0 -9999.0 -9999.0 -9999.0 -9999.0 -489.991898 -489.991898 -489.991898 -489.991897 -489.991897 -489.991897 -489.991897 -489.991898 -489.991899 -489.991898 -489.991896 -489.991896 -489.991896 -489.991896 -489.991898 -489.991897 -489.991898 -489.991896 -489.991897 -489.991896 -489.991896 -489.991898 -489.991901 -489.991902 -489.991900 -489.991905 -489.991896 -489.991911 -489.991908 -489.991898 -489.991898 -489.991897 -489.991897 -489.991896 -489.991896 -489.991897 -489.991896 -489.991896 -489.991896 -489.991896 -489.991898 -489.991898 -489.991898 -489.991898 -489.991897 -489.991897 -489.991899 -489.991899 -489.991900 -489.991899
-9999.0 -9999.0 -9999.0 -9999.0 -9999.0 -489.991896 -489.991899 -489.991898 -489.991899 -489.991898 -489.991898 -489.991898 -489.991900 -489.991905 -489.991907 -489.991905 -489.991901 -489.991899 -489.991899 -489.991900 -489.991900 -489.991898 -489.991901 -489.991900 -489.991899 -489.991898 -489.991897 -489.991898 -489.991903 -489.991902 -489.991898 -489.991900 -489.991898 -489.991904 -489.991910 -489.991899 -489.991899 -489.991899 -489.991899 -489.991899 -489.991899 -489.991897 -489.991897 -489.991899 -489.991899 -489.991901 -489.991899 -489.991898 -489.991897 -489.991897 -489.991897 -489.991898 -489.991897 -489.991896 -489.991895 -489.991900
-9999.0 -9999.0 -9999.0 -9999.0 -9999.0 -489.991896 -489.991898 -489.991898 -489.991898 -489.991901 -489.991903 -489.991905 -489.991908 -489.991907 -489.991903 -489.991903 -489.991906 -489.991903 -489.991900 -489.991899 -489.991898 -489.991898 -489.991901 -489.991907 -489.991904 -489.991901 -489.991900 -489.991899 -489.991899 -489.991902 -489.991899 -489.991897 -489.991901 -489.991896 -489.991907 -489.991900 -489.991900 -489.991902 -489.991906 -489.991905 -489.991901 -489.991897 -489.991898 -489.991901 -489.991904 -489.991901 -489.991898 -489.991897 -489.991896 -489.991896 -489.991897 -489.991898 -489.991898 -489.991898 -489.991898 -489.991897
-9999.0 -9999.0 -9999.0 -9999.0 -489.991896 -489.991897 -489.991898 -489.991897 -489.991896 -489.991896 -489.991899 -489.991899 -489.991896 -489.991896 -489.991898 -489.991896 -489.991897 -489.991899 -489.991896 -489.991897 -489.991897 -489.991898 -489.991900 -489.991904 -489.991908 -489.991906 -489.991901 -489.991899 -489.991896 -489.991900 -489.991900 -489.991896 -489.991901 -489.991896 -489.991903 -489.991902 -489.991901 -489.991902 -489.991901 -489.991898 -489.991897 -489.991896 -489.991897 -489.991898 -489.991898 -489.991896 -489.991896 -489.991896 -489.991896 -489.991897 -489.991898 -489.991898 -489.991897 -489.991897 -489.991897 -489.991901
-9999.0 -9999.0 -9999.0 -9999.0 -489.991896 -489.991897 -489.991897 -489.991896 -489.991898 -489.991899 -489.991897 -489.991898 -489.991899 -489.991899 -489.991899 -489.991900 -489.991896 -489.991897 -489.991898 -489.991897 -489.991898 -489.991899 -489.991899 -489.991897 -489.991898 -489.991900 -489.991899 -489.991898 -489.991899 -489.991900 -489.991900 -489.991898 -489.991900 -489.991898 -489.991897 -489.991901 -489.991900 -489.991897 -489.991896 -489.991897 -489.991898 -489.991896 -489.991897 -489.991897 -489.991895 -489.991896 -489.991897 -489.991897 -489.991896 -489.991896 -489.991897 -489.991897 -489.991898 -489.991898 -489.991900 -489.991902
-9999.0 -9999.0 -9999.0 -9999.0 -489.991897 -489.991897 -489.991896 -489.991896 -489.991896 -489.991898 -489.991900 -489.991900 -489.991897 -489.991898 -489.991898 -489.991899 -489.991898 -489.991896 -489.991901 -489.991904 -489.991905 -489.991904 -489.991901 -489.991898 -489.991898 -489.991897 -489.991900 -489.991900 -489.991900 -489.991900 -489.991901 -489.991901 -489.991900 -489.991898 -489.991896 -489.991897 -489.991898 -489.991898 -489.991898 -489.991897 -489.991898 -489.991897 -489.991897 -489.991897 -489.991896 -489.991896 -489.991897 -489.991897 -489.991897 -489.991898 -489.991898 -489.991899 -489.991900 -489.991901 -489.991901 -489.991901
-9999.0 -9999.0 -9999.0 -9999.0 -489.991902 -489.991899 -489.991897 -489.991896 -489.991896 -489.991896 -489.991897 -489.991897 -489.991899 -489.991900 -489.991899 -489.991900 -489.991900 -489.991900 -489.991901 -489.991905 -489.991907 -489.991904 -489.991901 -489.991899 -489.991898 -489.991898 -489.991901 -489.991903 -489.991904 -489.991903 -489.991903 -489.991901 -489.991897 -489.991896 -489.991896 -489.991896 -489.991897 -489.991899 -489.991901 -489.991900 -489.991899 -489.991897 -489.991898 -489.991898 -489.991896 -489.991898 -489.991899 -489.991900 -489.991901 -489.991901 -489.991901 -489.991900 -489.991901 -489.991901 -489.991900 -489.991898
-9999.0 -9999.0 -9999.0 -489.991896 -489.991898 -489.991899 -489.991898 -489.991897 -489.991897 -489.991897 -489.997436 -489.997436 -489.997437 -489.997437 -489.997437 -489.997437 -489.997437 -489.997437 -489.997436 -489.997436 -489.997436 -489.997435 -489.997435 -489.997436 -489.997436 -489.991899 -489.991896 -489.991896 -489.991896 -489.991896 -489.991896 -489.991897 -489.991899 -489.991899 -489.991898 -489.991896 -489.991896 -489.991897 -489.991898 -489.991900 -489.991900 -489.991899 -489.991901 -489.991900 -489.991901 -489.991903 -489.991906 -489.991906 -489.991905 -489.991904 -489.991903 -489.991902 -489.991902 -489.991901 -489.991900 -489.991897
-9999.0 -9999.0 -9999.0 -489.991897 -489.991898 -489.991899 -489.991899 -489.997436 -489.997436 -489.997437 -489.997436 -489.997436 -489.997437 -489.997437 -489.997436 -489.997436 -489.997436 -489.997436 -489.997436 -489.997436 -489.997435 -489.997436 -489.997437 -489.997440 -489.997439 -489.997438 -489.997437 -489.991899 -489.991898 -489.991900 -489.991902 -489.991905 -489.991905 -489.991904 -489.991904 -489.991902 -489.991897 -489.991896 -489.991897 -489.991899 -489.991904 -489.991906 -489.991906 -489.991904 -489.991903 -489.991903 -489.991903 -489.991904 -489.991904 -489.991904 -489.991904 -489.991902 -489.991901 -489.991898 -489.991895 -489.991897
-9999.0 -9999.0 -9999.0 -489.991896 -489.991897 -489.997436 -489.997437 -489.997435 -489.997435 -489.997436 -489.997436 -489.997436 -489.997436 -489.997437 -489.997437 -489.997436 -489.997436 -489.997436 -489.997436 -489.997435 -489.997438 -489.997440 -489.997440 -489.997439 -489.997437 -489.997437 -489.997436 -489.997436 -489.997436 -489.991901 -489.991905 -489.991908 -489.991908 -489.991908 -489.991907 -489.991907 -489.991905 -489.991898 -489.991896 -489.991896 -489.991897 -489.991899 -489.991899 -489.991898 -489.991896 -489.991896 -489.991896 -489.991896 -489.991896 -489.991895 -489.991895 -489.991895 -489.991896 -489.991897 -489.991902 -489.991904
-9999.0 -9999.0 -489.991896 -489.991897 -489.997436 -489.997435 -489.997437 -489.997437 -489.997436 -489.997436 -489.997436 -489.997437 -489.997437 -489.997438 -489.997438 -489.997437 -489.997437 -489.997436 -489.997435 -489.997437 -489.997440 -489.997440 -489.997439 -489.997437 -489.997437 -489.997438 -489.997437 -489.997436 -489.997436 -489.997437 -489.997437 -489.991900 -489.991900 -489.991902 -489.991902 -489.991902 -489.991904 -489.991906 -489.991901 -489.991898 -489.991896 -489.991896 -489.991896 -489.991896 -489.991897 -489.991897 -489.991897 -489.991896 -489.991896 -489.991899 -489.991904 -489.991907 -489.991906 -489.991901 -489.991897 -489.991897
-9999.0 -9999.0 -489.991896 -489.991897 -489.997436 -489.997436 -489.997435 -489.997438 -489.997439 -489.997437 -489.997438 -489.997440 -489.997441 -489.997441 -489.997439 -489.997437 -489.997436 -489.997435 -489.997436 -489.997440 -489.997439 -489.997438 -489.997438 -489.997438 -489.997439 -489.997439 -489.997438 -489.997437 -489.997436 -489.997436 -489.997436 -489.997436 -489.991896 -489.991897 -489.991899 -489.991899 -489.991899 -489.991901 -489.991902 -489.991899 -489.991896 -489.991898 -489.991900 -489.991900 -489.991900 -489.991900 -489.991899 -489.991897 -489.991896 -489.991898 -489.991899 -489.991897 -489.991897 -489.991897 -489.991897 -489.991899
-9999.0 -9999.0 -9999.0 -489.997436 -489.997436 -9999.0 -489.997436 -489.997436 -489.997436 -489.997436 -489.997437 -489.970592 -489.970584 -489.997436 -489.997436 -489.997436 -489.997435 -489.997435 -489.997438 -489.997440 -489.997438 -489.997437 -489.997436 -489.997436 -489.997437 -489.997438 -489.997438 -489.997438 -489.997436 -489.997435 -489.997435 -489.997436 -489.997435 -489.991896 -489.991898 -489.991898 -489.991898 -489.991900 -489.991900 -489.991897 -489.991896 -489.991898 -489.991897 -489.991897 -489.991897 -489.991897 -489.991898 -489.991897 -489.991896 -489.991896 -489.991900 -489.991901 -489.991900 -489.991899 -489.991897 -489.991897
-9999.0 -9999.0 -9999.0 -9999.0 -9999.0 -9999.0 -9999.0 -9999.0 -489.997435 -489.997435 -489.970565 -489.970565 -489.970566 -489.970567 -489.997436 -489.997436 -489.997435 -489.997436 -489.997438 -489.997438 -489.997437 -489.997436 -489.997436 -489.997435 -489.997436 -489.997436 -489.997437 -489.997437 -489.997436 -489.997435 -489.997435 -489.997436 -489.997436 -489.997437 -489.997437 -489.991899 -489.991901 -489.991904 -489.991897 -489.991896 -489.991897 -489.991896 -489.991896 -489.991896 -489.991896 -489.991896 -489.991896 -489.991896 -489.991896 -489.991896 -489.991896 -489.991896 -489.991896 -489.991897 -489.991896 -489.991896
-9999.0 -9999.0 -9999.0 -9999.0 -9999.0 -9999.0 -9999.0 -9999.0 -9999.0 -489.997436 -489.970575 -489.970570 -489.970569 -489.970569 -489.970569 -489.997436 -489.997435 -489.997436 -489.997437 -489.997437 -489.997436 -489.997436 -489.997436 -489.997436 -489.997436 -489.997436 -489.997436 -489.997436 -489.997436 -489.997436 -489.997436 -489.997436 -489.997437 -489.997439 -489.997439 -489.997437 -489.991899 -489.991897 -489.991897 -489.991897 -489.991896 -489.991896 -489.991896 -489.991896 -489.991896 -489.991896 -489.991896 -489.991896 -489.991896 -489.991897 -489.991897 -489.991897 -489.991896 -489.991896 -489.991896 -489.991896
-9999.0 -9999.0 -9999.0 -9999.0 -9999.0 -9999.0 -9999.0 -9999.0 -9999.0 -489.997436 -489.970570 -489.970568 -489.970571 -489.970570 -489.970573 -489.970569 -489.997435 -489.997437 -489.997437 -489.997436 -489.997436 -489.997436 -489.997435 -489.997435 -489.997436 -489.997436 -489.997436 -489.997436 -489.997436 -489.997436 -489.997436 -489.997436 -489.997436 -489.997435 -489.997435 -489.997435 -489.997436 -489.991900 -489.991900 -489.991898 -489.991897 -489.991897 -489.991898 -489.991898 -489.991897 -489.991897 -489.991897 -489.991896 -489.991897 -489.991897 -489.991897 -489.991897 -489.991897 -489.991896 -489.991896 -489.991896
-9999.0 -9999.0 -9999.0 -9999.0 -9999.0 -9999.0 -9999.0 -9999.0 -9999.0 -489.997435 -489.997436 -489.970575 -489.970575 -489.970572 -489.970577 -489.970570 -489.970569 -489.997437 -489.997437 -489.997437 -489.997438 -489.997437 -489.997436 -489.997436 -489.997436 -489.997436 -489.997437 -489.997438 -489.997439 -489.997439 -489.997437 -489.997437 -489.997436 -489.997437 -489.997437 -489.997438 -489.997438 -489.997437 -489.991899 -489.991900 -489.991901 -489.991902 -489.991904 -489.991903 -489.991901 -489.991898 -489.991897 -489.991896 -489.991896 -489.991896 -489.991896 -489.991898 -489.991897 -489.991896 -489.991896 -489.991896
-9999.0 -9999.0 -9999.0 -9999.0 -9999.0 -9999.0 -9999.0 -9999.0 -9999.0 -489.997437 -489.997439 -489.970590 -489.970576 -489.970574 -489.970577 -489.970574 -489.970566 -489.997437 -489.997437 -489.997437 -489.997437 -489.997436 -489.997436 -489.997437 -489.997437 -489.997437 -489.997437 -489.997436 -489.997437 -489.997439 -489.997437 -489.997437 -489.997436 -489.997437 -489.997437 -489.997437 -489.997437 -489.997437 -489.991898 -489.991899 -489.991900 -489.991899 -489.991898 -489.991899 -489.991901 -489.991899 -489.991897 -489.991897 -489.991897 -489.991896 -489.991897 -489.991898 -489.991897 -489.991896 -489.991896 -489.991897
-9999.0 -9999.0 -9999.0 -9999.0 -9999.0 -9999.0 -9999.0 -9999.0 -9999.0 -489.997437 -489.997438 -489.970579 -489.970572 -489.970569 -489.970573 -489.970570 -489.970565 -489.970579 -489.997437 -489.997437 -489.997437 -489.997436 -489.997435 -489.997436 -489.997436 -489.997436 -489.997436 -489.997436 -489.997437 -489.997437 -489.997437 -489.997436 -489.997436 -489.997437 -489.997437 -489.997436 -489.997436 -489.997436 -489.997436 -489.991897 -489.991896 -489.991897 -489.991896 -489.991896 -489.991900 -489.991902 -489.991899 -489.991898 -489.991898 -489.991897 -489.991899 -489.991898 -489.991897 -489.991897 -489.991898 -489.991901
-9999.0 -9999.0 -9999.0 -9999.0 -9999.0 -9999.0 -9999.0 -9999.0 -9999.0 -489.970569 -489.970578 -489.970581 -489.970574 -489.970571 -489.970573 -489.970566 -489.970567 -489.970579 -489.970578 -489.970577 -489.970578 -489.970570 -489.970564 -489.997435 -489.997435 -489.997436 -489.997436 -489.997436 -489.997436 -489.997436 -489.997436 -489.997435 -489.997437 -489.997436 -489.997436 -489.997436 -489.997436 -489.997436 -489.997436 -489.991898 -489.991897 -489.991898 -489.991899 -489.991898 -489.991899 -489.991901 -489.991902 -489.991902 -489.991899 -489.991898 -489.991900 -489.991898 -489.991898 -489.991898 -489.991901 -489.991902
-9999.0 -9999.0 -9999.0 -9999.0 -9999.0 -9999.0 -9999.0 -489.997435 -489.997435 -489.970565 -489.970570 -489.970575 -489.970570 -489.970568 -489.970569 -489.970564 -489.970570 -489.970578 -489.970575 -489.970574 -489.970574 -489.970569 -489.970564 -489.997435 -489.997436 -489.997436 -489.997437 -489.997436 -489.997436 -489.997436 -489.997435 -489.997436 -489.997437 -489.997437 -489.997437 -489.997437 -489.997437 -489.997437 -489.997437 -489.997437 -489.991900 -489.991899 -489.991899 -489.991899 -489.991899 -489.991900 -489.991903 -489.991903 -489.991901 -489.991899 -489.991899 -489.991900 -489.991899 -489.991899 -489.991902 -489.991903
-9999.0 -9999.0 -9999.0 -9999.0 -9999.0 -9999.0 -9999.0 -489.997435 -489.970568 -489.970567 -489.970573 -489.970581 -489.970575 -489.970571 -489.970569 -489.970568 -489.970573 -489.970575 -489.970576 -489.970573 -489.970572 -489.997436 -489.997435 -489.997435 -489.997436 -489.997437 -489.997437 -489.997436 -489.997436 -489.997436 -489.997436 -489.997436 -489.997438 -489.997437 -489.997438 -489.997438 -489.997438 -489.997439 -489.997439 -489.997438 -489.997437 -489.991900 -489.991899 -489.991899 -489.991900 -489.991901 -489.991901 -489.991902 -489.991904 -489.991905 -489.991907 -489.991907 -489.991906 -489.991905 -489.991905 -489.991902
-9999.0 -9999.0 -9999.0 -9999.0 -9999.0 -9999.0 -9999.0 -489.997436 -489.970566 -489.970565 -489.970571 -489.970581 -489.970578 -489.970571 -489.970566 -489.970570 -489.970573 -489.970569 -489.970577 -489.970579 -489.970578 -489.997436 -489.997436 -489.997435 -489.997436 -489.997437 -489.997437 -489.997436 -489.997436 -489.997436 -489.997436 -489.997436 -489.997437 -489.997437 -489.997437 -489.997437 -489.997438 -489.997438 -489.997437 -489.997437 -489.997437 -489.997436 -489.997437 -489.997437 -489.991900 -489.991900 -489.991900 -489.991901 -489.991904 -489.991906 -489.991907 -489.991907 -489.991910 -489.991909 -489.991904 -489.991899
-9999.0 -9999.0 -9999.0 -9999.0 -9999.0 -9999.0 -9999.0 -9999.0 -9999.0 -9999.0 -489.970566 -489.970574 -489.970580 -489.970571 -489.970568 -489.970573 -489.970573 -489.970570 -489.970574 -489.970595 -489.970581 -489.997436 -489.997436 -489.997436 -489.997436 -489.997436 -489.997437 -489.997437 -489.997436 -489.997436 -489.997436 -489.997436 -489.997437 -489.997437 -489.997436 -489.997437 -489.997437 -489.997437 -489.997437 -489.997437 -489.997436 -489.997436 -489.997437 -489.997436 -489.997436 -489.991900 -489.991900 -489.991901 -489.991901 -489.991900 -489.991901 -489.991899 -489.991900 -489.991900 -489.991899 -489.991897
-9999.0 -9999.0 -9999.0 -9999.0 -9999.0 -9999.0 -9999.0 -9999.0 -9999.0 -9999.0 -9999.0 -489.997436 -489.970577 -489.970569 -489.970570 -489.970571 -489.970570 -489.970568 -489.970574 -489.970598 -489.970575 -489.997435 -489.997435 -489.997435 -489.997436 -489.970576 -489.970580 -489.997436 -489.997435 -489.997436 -489.997436 -489.997436 -489.997436 -489.997437 -489.997436 -489.997436 -489.997437 -489.997437 -489.997437 -489.997437 -489.997436 -489.997437 -489.997437 -489.997436 -489.997436 -489.997436 -489.991898 -489.991898 -489.991898 -489.991898 -489.991898 -489.991900 -489.991897 -489.991897 -489.991897 -9999.0
