geotop/1.0zi/1.0Montebello/Templates/Duarrigle2006/maps/PSILIQL0001N0006.asc
ncols         76
nrows         123
xllcorner     110555.058093
yllcorner     85388.025579
cellsize      200.000000
NODATA_value  -9999.0
[rows 26 to 51 of 123, columns 0 to 57 of 76]
-9999.0 -9999.0 -9999.0 -9999.0 -9999.0 -9999.0 -9999.0 -9999.0 -9999.0 -9999.0 -9999.0 55.383831 55.096250 55.259678 55.137560 58.125322 60.090421 61.556313 63.315986 65.140866 -54.787926 -68.966698 -69.297059 -68.644875 -68.839761 -66.917541 -67.249770 -67.434844 -68.560923 -72.661260 64.587917 63.387010 61.331339 57.955237 56.048545 56.492287 58.188155 60.106101 62.443474 69.172776 -67.406466 -67.129548 -69.218645 -67.424685 -67.427694 -68.714212 -12.280164 -67.981819 -68.435752 -68.065980 -68.631023 -68.873126 -67.508208 -72.608129 -67.146797 -68.880940 -66.399400 -64.387410
-9999.0 -9999.0 -9999.0 -9999.0 -9999.0 -9999.0 -9999.0 -9999.0 -9999.0 -9999.0 -9999.0 57.193829 57.800252 57.814606 55.139020 54.877840 54.697871 56.059468 57.675517 55.195456 -41.176532 -72.785778 -68.320951 -68.282248 -68.877210 -67.826778 -64.306558 -72.747494 -72.802857 -72.822315 -68.611335 54.353252 54.266662 54.535227 56.250314 55.296281 56.110705 58.250726 59.284980 -68.649714 -60.693588 -66.525036 -68.977087 -67.251836 -66.732390 -20.790946 -72.698320 -66.849513 -66.623852 -68.189562 -68.278848 -66.989583 -67.052548 -72.743689 -72.802646 -68.363357 -66.901445 -63.360671
-9999.0 -9999.0 -9999.0 -9999.0 -9999.0 -9999.0 -9999.0 -9999.0 -9999.0 -9999.0 54.883247 54.930583 61.931329 60.315092 56.678781 58.116540 60.876333 64.318339 66.845478 63.808413 -69.012769 -66.408227 -68.978314 -67.612131 -68.712869 -67.264684 -72.699104 -72.822841 -68.999648 -69.595351 -69.480290 54.787910 55.966414 56.076814 59.193782 57.669161 50.054863 49.959771 49.846785 -72.785298 -78.970080 -72.579458 -168.639611 -67.513896 -69.267122 -64.640299 -72.802140 -68.933950 -68.192081 -66.966936 -66.771510 -67.714082 -64.978853 -62.983156 -72.710192 -72.796330 -72.717614 -68.280119
-9999.0 -9999.0 -9999.0 -9999.0 -9999.0 -9999.0 -9999.0 -9999.0 -9999.0 -9999.0 54.383425 58.300747 50.085650 62.742885 58.293968 56.978727 58.865450 62.208750 65.368538 66.958415 66.699954 -61.252443 -72.829657 -66.483001 -67.419419 -66.160040 -72.818629 -68.750120 -69.315038 -69.344912 -69.319151 55.220179 58.754286 58.928331 59.853292 55.720994 54.777389 55.235728 53.960643 -69.367463 -69.234723 -67.760828 -72.786643 -72.576628 -78.937563 -59.401973 -168.651782 -69.449105 -67.985975 -65.869537 -66.433545 -66.845124 -68.069026 -68.330001 -68.518565 -69.070010 -194.241805 -72.362755
-9999.0 -9999.0 -9999.0 -9999.0 -9999.0 -9999.0 -9999.0 -9999.0 -9999.0 54.408933 55.602283 61.573706 49.950254 66.528798 55.811048 56.026387 55.032310 54.706629 55.262541 55.064356 53.983503 57.410568 -40.537473 -59.041466 -65.180269 -72.752924 -72.545398 -62.544762 -63.791461 -65.871593 -67.401539 -68.413382 60.838100 64.853659 57.520990 55.128882 55.735492 55.169711 54.818620 54.565506 -69.044628 -67.640810 -61.642634 -65.379445 -64.578709 -72.747813 -37.428830 -66.181148 -69.105553 -63.895022 -65.056382 -68.401645 -68.443427 -66.331436 -67.972520 -68.661676 -63.542160 -68.999376
-9999.0 -9999.0 -9999.0 -9999.0 -9999.0 -9999.0 -9999.0 -9999.0 -68.783799 -68.751330 59.966554 62.548464 50.171770 50.110688 59.443450 54.870566 55.571067 55.332601 55.390891 55.458994 54.702092 54.262895 54.966477 49.952721 -56.204238 -72.602448 -67.179600 -68.927250 -69.294778 -69.172800 -68.805789 -66.853524 63.166837 65.798854 57.653655 55.115481 57.521159 55.711558 58.536326 60.582205 -65.214060 -62.265484 -67.941191 -69.167698 -69.136007 -68.830055 -72.779209 -16.661621 -63.215687 -69.091729 -64.424957 -68.362935 -68.710264 -65.563934 -68.598693 -71.278885 -181.387175 -68.817401
-9999.0 -9999.0 -9999.0 -9999.0 -9999.0 -9999.0 -9999.0 -69.038263 -67.295704 -68.617086 -68.599645 55.083190 55.681353 49.978697 49.998734 56.737165 55.247254 56.736674 59.628786 57.782504 57.746945 55.535040 54.899192 56.089779 -66.541000 -53.226749 -168.660915 -69.337447 -67.011292 -66.815162 -68.719661 -66.086710 71.219521 59.026856 50.091172 63.838827 57.189590 57.879312 61.984586 63.641329 -65.767647 -68.927664 -68.898395 -68.801048 -66.903076 -66.695337 -56.301614 -72.751902 -50.321368 -68.633727 -64.786443 -66.474434 -69.092626 -68.643764 -64.181157 -194.246687 -78.715019 -72.800828
-9999.0 -9999.0 -9999.0 -9999.0 -9999.0 -9999.0 55.571128 55.299834 59.439784 56.826961 57.963894 56.148544 59.481900 57.765924 49.999572 58.258440 54.935607 55.598215 57.053181 63.579265 67.013573 70.444070 69.185278 55.642601 56.447372 -50.239426 -61.197984 -65.481043 -68.593735 -67.162108 -68.627340 -72.718595 50.222857 49.975155 50.059433 60.315810 56.487057 56.019322 55.073484 54.577026 -69.521717 -69.106299 -68.670084 -67.152476 -55.278896 -54.684543 -64.295954 -64.840572 -72.743454 -40.171194 -45.125989 -72.751874 -168.641056 -68.479975 -63.042875 -68.417291 -168.672803 -72.660700
-9999.0 -9999.0 -9999.0 -9999.0 -9999.0 55.335951 55.486447 57.737429 57.846191 61.533978 61.831437 57.788948 60.826584 57.103718 50.018179 49.986053 57.170376 55.447358 57.118986 60.046190 63.273183 64.244411 66.722682 75.602845 77.515690 166.697458 -68.856096 -69.305015 -68.896508 -66.064514 -72.818654 -79.435513 56.223498 54.748437 54.764664 54.567645 54.626055 55.131352 55.202780 63.019160 67.465139 -58.140373 -55.502585 -58.810674 -66.778639 -65.569503 -66.254304 -67.537709 -66.822517 -72.783966 -72.769110 -53.733599 -168.662971 -66.830312 -62.819469 -67.918690 -71.019773 -72.835415
-9999.0 -9999.0 -9999.0 -9999.0 57.176814 50.019255 50.006568 50.024153 50.041463 50.043364 50.095589 50.095208 50.072984 49.994409 56.820953 50.043264 57.443410 55.409096 55.634614 55.987952 55.222820 55.890278 59.140832 59.406254 3.374001 50.531251 -68.943829 -68.761220 -69.149527 -72.769470 -72.841275 -68.877337 54.708121 54.747148 55.047311 55.365263 55.887585 56.610454 59.639649 57.722828 55.890345 56.385574 -69.579312 -68.464359 -68.073883 -66.644151 -67.397641 -69.153882 -69.100864 -68.986935 -67.518605 -72.795920 -41.115882 -68.556605 -168.612807 -68.007708 -181.454959 -69.620251
-9999.0 -9999.0 -9999.0 49.989776 49.977495 49.950083 55.541028 55.320456 55.654175 55.817944 56.177504 57.153228 59.592313 50.029179 50.007318 50.021988 57.726549 58.752263 55.050831 55.517798 56.698287 60.531142 62.664742 68.364461 50.182900 56.034992 -168.639739 -72.776713 -72.723073 -72.600315 -60.000111 -60.160279 -61.458200 66.725634 64.766610 61.104077 57.518265 56.393484 55.148811 55.290207 55.112030 55.590183 55.069853 -69.279361 -69.407362 -68.536944 -68.194534 -68.750389 -69.035200 -68.970782 -69.225411 -68.791889 -72.772136 -43.083078 -67.168350 -68.863092 -69.519554 -69.257676
-9999.0 -9999.0 -9999.0 55.582263 55.692560 55.215488 54.925878 56.240130 59.665418 62.334921 64.571268 66.073991 78.812458 79.294416 50.298607 50.041137 -3.355454 62.173236 55.242895 55.835619 60.236090 63.822355 63.707328 57.414776 49.995275 165.716737 -72.722845 -65.776700 -68.227196 -66.231716 -67.968998 -68.006249 -68.197779 54.709544 55.306320 55.689119 56.364041 56.352872 56.487784 56.149761 56.814624 55.281123 55.153480 -69.204446 -68.924254 -68.117957 -66.744923 -66.207739 -67.685449 -67.752411 -68.997866 -69.016372 -68.286973 -72.786078 -36.329839 -181.422645 -68.313470 -68.637364
-9999.0 -9999.0 54.574108 54.665698 54.905341 56.323575 59.090660 63.587843 66.559082 67.941968 71.414154 72.053449 56.596527 61.451562 61.651826 50.070497 50.050408 65.743466 59.159647 57.077618 56.478197 56.136908 55.887620 55.644536 57.176111 108.918347 -186.537057 -68.622658 -68.358999 -67.718068 -69.384407 -69.400096 54.717824 55.139022 55.346419 56.073368 58.593530 58.808836 58.530926 57.661952 59.586689 55.503734 56.957372 -68.142000 -67.888358 -67.699664 -68.125228 -68.070855 -64.649633 -62.441474 -61.054473 -72.651041 -72.785495 -168.629143 -72.787156 -11.353875 -186.496978 -72.794204
-9999.0 -9999.0 54.515477 57.239553 57.934270 60.010411 56.413353 58.137146 61.781414 62.977817 60.913899 57.225150 57.435045 57.492558 59.440723 59.211401 49.992389 50.134015 -2.918980 54.389617 55.608530 56.553379 -68.514123 -69.006993 -69.341242 -51.107867 -72.814077 -68.046547 -69.120387 -68.995076 -68.661745 -68.230619 -68.602245 56.088271 55.035603 59.766179 60.068862 68.393474 72.119318 58.333932 60.569686 -69.099399 -67.477778 -65.073086 -72.718447 -72.772179 -72.691664 -68.347614 -68.451358 -72.787273 -72.768763 -168.630336 -68.649616 -68.940880 -68.916361 -41.260960 -72.806519 -68.178881
-9999.0 -9999.0 55.083156 57.674184 59.577702 61.825546 61.669909 59.135167 58.908233 58.379181 58.709017 56.244793 55.355388 57.079193 56.975552 56.929007 55.113123 55.931823 50.108863 -5.862189 57.832331 -67.180473 -69.044203 -69.147461 -69.191897 -15.421232 -68.577832 -69.562405 -68.553716 -68.250469 -68.607867 -67.053661 -67.646895 -68.034421 55.999321 75.325898 74.243277 64.890723 64.460744 58.947112 -67.941671 -64.125434 -72.589014 -72.775781 -72.722540 -68.499164 -72.794742 -72.781105 -72.600837 -72.757083 -68.746589 -68.905408 -68.322814 -66.565104 -72.771594 -78.194881 -30.252079 -69.656767
-9999.0 -9999.0 55.583105 58.046455 59.386118 66.531805 57.303242 63.737113 64.545019 56.949037 58.225525 56.523142 55.691126 55.275921 55.116140 55.766183 58.765551 64.221553 50.020285 50.062895 50.073879 -60.232253 -72.778793 -72.826224 -23.505692 -72.847055 -69.499082 -69.190978 -67.693984 -68.527029 -67.579135 -64.016379 -68.709508 -68.745435 -56.779039 -68.743277 -69.124387 -69.085911 -68.359239 -68.519295 -68.325998 -68.793322 -67.700375 -67.648762 -68.265662 -67.245320 -61.691333 -59.249694 -66.179845 -68.571043 -68.994404 -68.415475 -168.626901 -168.868986 -168.622192 -68.810790 -22.627060 -69.627186
-9999.0 -9999.0 -9999.0 58.309061 59.774347 67.576321 58.451027 57.085257 70.336963 56.217418 60.587639 56.555627 56.393852 57.014670 -67.238331 -65.348028 -65.140360 -67.094608 56.962604 58.255243 58.435948 56.572613 -72.519295 -72.568607 -65.110121 -72.915908 -69.471427 -69.110052 -68.586922 -66.582884 -66.051059 -63.309561 -66.701913 -54.588914 -64.954952 -67.287273 -68.815220 -69.014262 -68.498016 -68.296484 -66.167876 -68.092213 -68.487897 -67.066912 -64.807955 -63.705382 -67.660905 -66.461158 -68.003873 -67.984395 -72.783261 -72.742555 -78.927641 -68.806986 -68.432963 -68.928469 -20.829976 -67.424085
-9999.0 -9999.0 -9999.0 55.995216 61.395905 65.100481 50.230135 61.911594 68.234052 58.810665 62.236387 -67.897702 -66.319225 -68.143663 -69.253657 -69.402898 -69.298699 -68.499471 -68.761811 -68.870091 -68.816227 -69.178011 -69.071292 -68.606310 -44.814136 -168.742428 -68.074288 -68.547233 -69.392704 -69.030191 -68.414537 -64.337091 -72.448681 -68.606625 -66.040463 -65.773574 -67.252532 -68.711650 -67.090935 -66.632596 -65.105886 -68.108181 -68.149744 -67.672013 -67.933824 -69.020343 -68.904530 -78.186386 -191.505566 -72.747851 -72.665658 -68.570341 -66.653932 -65.483561 -64.474539 -67.525108 -14.041789 -69.342248
-9999.0 -9999.0 -9999.0 -9999.0 60.027059 63.546114 50.311412 50.009500 50.088338 50.209909 -72.672281 -65.825219 -69.384276 -68.933029 -69.046447 -69.469856 -68.829238 -68.429488 -68.125872 -68.858172 -69.042456 -69.066131 -69.505761 -168.654818 -48.972264 -62.407720 -60.677064 -63.823520 -65.258677 -68.348054 -68.177618 -66.640698 -72.677492 -72.707147 -69.413859 -68.718253 -68.600025 -67.310660 -66.185551 -66.470845 -62.435026 -66.499789 -68.418553 -68.984487 -68.479066 -67.039834 -72.670705 -72.650736 -66.279357 -67.133368 -66.950714 -69.202204 -69.325418 -69.288085 -68.917915 -62.165026 -25.454929 -69.056349
-9999.0 -9999.0 -9999.0 -9999.0 56.389658 55.980912 55.660746 55.125761 55.085824 55.997342 -78.694092 -72.793497 -69.164620 -68.013025 -68.025047 -69.214732 -67.006290 -68.160164 -67.148385 -69.175336 -68.160645 -68.017483 -67.951029 -33.607465 -61.980308 -65.718986 -65.989044 -68.876023 -69.092402 -68.573977 -68.464378 -68.731102 -68.165349 -72.773416 -68.661124 -67.356481 -67.857854 -66.762992 -60.189275 -60.620047 -67.132059 -68.758820 -68.287255 -68.437642 -66.550199 -66.028127 -66.906944 -67.421398 -67.343761 -68.784062 -68.656804 -69.166273 -69.440206 -69.552095 -68.859844 -72.805050 -41.109792 -78.961046
-9999.0 -9999.0 -9999.0 -9999.0 -9999.0 56.156837 55.631459 55.066116 55.073396 56.309634 -67.150089 -72.802668 -72.826961 -66.730314 -66.902471 -67.465829 -64.597778 -68.962715 -66.948685 -68.835318 -68.024610 -67.074985 -66.700861 -19.369976 -168.644379 -67.947826 -68.585634 -69.179279 -68.344672 -68.362906 -68.818042 -67.654185 -67.465615 -78.923645 -53.073165 -48.743617 -52.908977 -53.937923 -67.006720 -68.711276 -69.065173 -68.668596 -68.617331 -68.831371 -68.678782 -68.439813 -67.952741 -68.111172 -68.439775 -69.187188 -69.364707 -69.426563 -67.553405 -72.776755 -72.789401 -168.645921 -194.256030 -26.007457
-9999.0 -9999.0 -9999.0 -9999.0 -9999.0 -9999.0 57.782198 57.698670 57.734293 59.635919 62.418405 50.058295 49.996760 50.144926 50.054397 50.153188 -64.051921 -72.675027 -72.709886 -72.789068 -168.639983 -72.782784 -65.011996 -5.942761 -66.073299 -67.514071 -68.513311 -68.160953 -67.149539 -67.379586 -68.728621 -67.400036 -65.798561 -72.425333 -64.501447 -66.737981 -68.689636 -64.693365 -67.480366 -68.548410 -68.912133 -68.813273 -69.102671 -67.985868 -67.068034 -68.575070 -68.032162 -67.586038 -66.145649 -72.670140 -72.755277 -72.760784 -72.724452 -72.778754 -69.151806 -68.655667 -67.490763 -7.110747
-9999.0 -9999.0 -9999.0 -9999.0 -9999.0 -9999.0 57.414227 64.204890 50.262151 50.034583 50.085016 50.193716 63.854246 55.859365 62.450666 61.592007 56.617371 -63.942285 -64.414604 -62.612520 -72.698949 -78.185326 -72.788163 -18.270625 -68.745639 -69.260956 -69.140924 -67.151017 -67.063722 -66.458705 -72.779724 -62.903569 -70.869039 -72.675158 -67.349190 -67.850237 -68.913249 -67.898008 -66.032602 -66.854028 -68.876623 -69.007974 -68.190605 -72.778608 -72.726537 -72.715390 -67.745160 -68.170913 -68.951961 -67.892750 -68.106546 -67.451561 -67.795125 -68.985490 -68.935678 -67.538341 -66.754088 -30.834762
-9999.0 -9999.0 -9999.0 -9999.0 -9999.0 -9999.0 57.891663 62.568804 50.070561 58.394027 61.937376 65.761069 63.731042 58.307376 59.453816 59.123694 57.337823 -67.462792 -68.878327 -66.288557 -68.434261 -68.973368 -199.048562 -47.237245 -67.101107 -68.044963 -68.895226 -66.199827 -68.606620 -72.727527 -72.736437 -65.720746 -67.154853 -68.013914 -67.902873 -68.625239 -68.109321 -67.553437 -67.100617 -65.898497 -67.764779 -68.847155 -67.112064 -72.746308 -68.770850 -68.457888 -69.027911 -68.911047 -68.779941 -69.060201 -69.294613 -68.748375 -68.859310 -68.845205 -67.689564 -65.798717 -65.822614 -67.337555
-9999.0 -9999.0 -9999.0 -9999.0 -9999.0 -9999.0 58.136306 57.567271 58.340431 56.674090 59.430719 63.807743 62.322144 56.720321 56.047119 55.521202 55.490930 -68.826374 -69.271564 -68.885048 -68.801749 -67.064252 -66.110999 -72.737138 -53.192094 -67.334163 -69.184753 -72.689415 -69.791136 -72.810177 -67.926698 -67.885783 -67.717976 -68.939500 -68.572200 -68.551548 -67.833407 -68.169169 -62.723242 -67.929762 -68.626877 -69.061731 -67.050135 -72.783773 -68.644214 -66.472992 -67.394795 -68.800990 -68.420795 -69.106295 -68.599996 -68.393630 -68.527988 -69.247278 -69.314137 -69.323682 -69.408145 -69.622580
-9999.0 -9999.0 -9999.0 -9999.0 -9999.0 -9999.0 55.712076 55.312462 55.548614 55.334061 61.135927 56.610229 58.511072 56.306392 57.421728 56.261405 56.340106 -68.596441 -68.375953 -68.535039 -67.323840 -66.117041 -66.189711 -68.428896 -37.268398 -71.946718 -72.754011 -72.752786 -67.251491 -69.355892 -69.364030 -68.989259 -68.587595 -68.292199 -68.054373 -191.503298 -173.588820 -65.596246 -62.120696 -66.845012 -68.419741 -67.188814 -65.021673 -72.784502 -60.795919 -62.022513 -64.130194 -67.840935 -67.568345 -69.135394 -72.772658 -67.459688 -68.247964 -69.004389 -67.718951 -68.625593 -68.441341 -69.274268
