geotop/1.0zi/1.0Montebello/Templates/Duarrigle2006/maps/PSILIQL0000N0048.asc
ncols         76
nrows         123
xllcorner     110555.058093
yllcorner     85388.025579
cellsize      200.000000
NODATA_value  -9999.0
[rows 54 to 80 of 123, columns 0 to 60 of 76]
-9999.0 -9999.0 -9999.0 -9999.0 -9999.0 -9999.0 -9999.0 -9999.0 -9999.0 -9999.0 -9999.0 -9999.0 10.469723 9.617377 9.041119 16.045917 9.383374 9.544254 11.085487 31.168756 0.415248 0.057808 10.135753 9.927425 0.148425 72.956095 9.330334 14.710396 12.294123 14.373258 10.674171 16.609923 0.123807 0.104206 10.444833 10.787610 12.493150 11.109081 11.216064 17.916462 12.263822 0.548049 0.321342 15.938096 14.730325 12.405655 10.129597 9.617855 15.072251 11.436446 14.503818 16.107669 14.213488 8.641560 9.870963 9.974505 9.327945 9.451532 11.191533 9.410113 11.020505
-9999.0 -9999.0 -9999.0 -9999.0 -9999.0 -9999.0 -9999.0 -9999.0 -9999.0 -9999.0 -9999.0 -9999.0 -9999.0 14.311432 16.067482 14.307659 16.853861 26.556642 26.755356 16.709903 10.242732 9.419944 11.288989 12.030320 10.277309 70.939007 0.314980 14.523028 16.298978 9.112623 0.211540 0.176562 0.119777 10.507789 9.481961 10.558751 9.583436 14.079204 12.032508 10.694861 22.001222 0.057819 15.029024 10.361029 12.146066 11.157503 9.355085 14.182859 19.143627 11.766285 10.081808 9.522149 10.339884 14.436805 18.268453 23.950332 28.903286 30.707395 31.995714 33.863013 50.218604
-9999.0 -9999.0 -9999.0 -9999.0 -9999.0 -9999.0 -9999.0 -9999.0 -9999.0 -9999.0 -9999.0 -9999.0 -9999.0 13.612855 10.827195 14.525350 16.440270 15.013878 12.718609 11.448608 9.097786 10.367804 17.652840 19.663152 32.043537 81.993247 0.150353 0.207795 0.109887 0.072935 0.147449 14.206964 8.850255 8.661225 9.581701 8.781377 13.244711 17.810923 10.383666 16.835943 0.207944 0.196270 9.888986 9.951336 14.924847 14.379356 10.338147 20.057514 23.474231 0.156465 0.105046 13.548371 10.524658 9.037848 11.590793 11.786490 14.032732 17.271906 24.420500 37.426817 10.159172
-9999.0 -9999.0 -9999.0 -9999.0 -9999.0 -9999.0 -9999.0 -9999.0 -9999.0 -9999.0 -9999.0 -9999.0 -9999.0 -9999.0 11.014030 9.139346 8.641053 10.166652 10.235632 9.929571 13.070217 23.763676 34.894789 28.490843 11.960583 0.153797 271.746735 11.277398 13.915286 13.782069 9.324400 8.325432 8.496330 9.436873 9.265043 12.207921 16.712843 21.871620 13.342013 11.532325 0.175915 10.042475 9.273026 11.340785 17.369344 18.352866 15.585138 20.728436 0.207914 0.163428 23.115665 19.177637 14.930941 10.121735 9.419284 9.214384 10.392633 12.832463 26.187884 19.995564 19.490269
-9999.0 -9999.0 -9999.0 -9999.0 -9999.0 -9999.0 -9999.0 -9999.0 -9999.0 -9999.0 -9999.0 -9999.0 -9999.0 11.604300 10.615352 9.540124 8.913202 10.540214 10.525303 10.252468 11.519684 11.788972 16.715757 9.535334 9.055187 9.933081 0.091394 233.974727 14.905355 13.514883 9.367494 8.858640 9.564821 10.609110 20.236563 24.029042 29.253375 35.545350 12.756851 0.149688 0.210756 10.071419 9.981487 13.876238 20.459823 20.158669 26.875823 10.321795 0.078853 11.762170 10.422385 11.055276 11.726670 9.973231 10.605052 18.557050 23.080966 27.857766 16.761198 16.355383 9.428086
-9999.0 -9999.0 -9999.0 -9999.0 -9999.0 -9999.0 -9999.0 -9999.0 -9999.0 -9999.0 -9999.0 -9999.0 12.655325 20.662639 25.899092 30.053898 32.317089 30.114669 13.401096 10.704964 9.070112 8.696978 9.740841 10.261071 13.817057 15.286612 24.360815 122.682533 17.403048 15.998444 13.282198 11.356920 8.864671 9.775493 9.116739 9.996870 17.036354 21.968252 39.640211 0.110893 10.366145 9.965783 10.404607 14.699680 22.602436 21.739616 28.867750 0.046900 0.105046 17.384608 11.533477 11.244840 17.183331 11.391726 13.969495 9.444917 12.108926 13.208977 12.730918 12.885224 11.459386
-9999.0 -9999.0 -9999.0 -9999.0 -9999.0 -9999.0 -9999.0 -9999.0 -9999.0 -9999.0 -9999.0 -9999.0 10.726420 10.749402 14.030181 9.963122 9.443456 8.588824 27.950231 15.032856 9.489180 9.546949 9.683869 9.120606 9.859460 13.064395 27.910410 82.513785 13.492661 10.871287 14.628165 11.512490 8.386260 9.209443 9.632131 9.176655 10.691173 15.165901 18.476968 0.615841 0.105046 12.335908 13.273075 15.814503 10.941880 0.355450 0.370932 0.306502 24.812232 11.911978 13.527938 24.415172 26.516139 15.437737 11.127060 11.278307 11.228901 10.438475 9.695002 9.062750 8.976525
-9999.0 -9999.0 -9999.0 -9999.0 -9999.0 -9999.0 -9999.0 -9999.0 -9999.0 -9999.0 -9999.0 -9999.0 -9999.0 10.048074 9.227627 8.701860 10.608269 0.120354 0.109448 0.562289 0.278477 0.091119 14.898749 10.548075 13.238253 15.361744 306.010310 0.431818 30.081699 29.659784 26.356097 19.855101 14.903468 10.387952 8.832109 13.711702 16.996592 18.051383 10.168444 9.987275 0.105726 0.046596 0.122776 0.260918 0.148967 0.265929 18.015349 13.774001 9.019670 12.802866 10.395065 10.675160 11.234468 32.220210 14.143504 14.677033 9.299114 9.189366 9.450261 9.102676 8.452712
-9999.0 -9999.0 -9999.0 -9999.0 -9999.0 -9999.0 -9999.0 -9999.0 -9999.0 -9999.0 -9999.0 -9999.0 -9999.0 -9999.0 11.071083 0.262226 0.145879 0.211124 11.031809 9.230824 12.361046 0.207236 0.107078 0.211378 8.754061 10.077367 239.920035 0.211777 10.859759 17.770885 19.285056 13.975794 9.706291 10.291951 9.279415 12.950893 9.819241 11.383228 20.882304 13.810813 0.091432 0.176136 16.759020 16.370156 13.362078 12.909577 9.599606 8.555531 9.203627 12.303882 10.260830 11.330630 13.556049 11.799835 0.345531 0.175658 14.466076 11.818827 9.170923 8.600122 13.042191
-9999.0 -9999.0 -9999.0 -9999.0 -9999.0 -9999.0 -9999.0 -9999.0 -9999.0 -9999.0 -9999.0 -9999.0 -9999.0 -9999.0 10.460060 9.320357 10.840054 10.352322 10.572001 8.319446 7.638462 8.899353 16.925264 0.196894 0.235639 0.201985 91.031849 0.057339 17.855249 8.929159 10.648479 8.625191 8.729630 11.887523 10.552400 12.297197 14.629389 12.338444 10.361149 25.603398 0.130455 10.116687 11.910528 11.806883 12.580639 9.482861 10.237465 10.039357 9.337488 10.754975 10.980555 13.321354 0.147379 0.123402 0.073551 0.046904 0.173932 11.737847 10.655696 10.309362 0.153304
-9999.0 -9999.0 -9999.0 -9999.0 -9999.0 -9999.0 -9999.0 -9999.0 -9999.0 -9999.0 -9999.0 -9999.0 -9999.0 -9999.0 9.668248 12.577927 10.901320 11.344552 11.251779 11.871447 10.330231 10.966818 8.392950 16.456444 13.557787 12.324658 14.399001 106.382719 0.153662 10.203085 13.917882 12.386497 14.719340 10.447333 14.867607 11.645292 15.928780 16.383659 19.258221 0.227153 0.267819 15.109247 10.285548 9.457520 11.083340 10.881908 11.406371 9.536188 12.850532 18.415853 15.875478 12.638656 17.986455 9.770449 12.022851 11.948721 0.129785 10.001621 13.084640 0.155086 0.105046
-9999.0 -9999.0 -9999.0 -9999.0 -9999.0 -9999.0 -9999.0 -9999.0 -9999.0 -9999.0 -9999.0 -9999.0 -9999.0 9.227429 9.160299 12.046317 18.755467 14.603335 14.628016 15.126478 11.530933 13.731558 15.929351 11.963209 8.560654 8.378857 8.935451 16.098080 202.200328 0.355330 14.629586 18.175002 8.999980 13.803614 14.714576 15.429592 10.171729 18.965324 0.344036 0.118369 9.038638 8.064501 8.899209 10.112573 10.168668 10.235347 10.333220 0.156133 0.210034 25.425461 19.665277 13.241813 11.620135 19.371272 14.682588 10.172808 0.147379 0.077774 0.122778 0.092864 12.147669
-9999.0 -9999.0 -9999.0 -9999.0 -9999.0 -9999.0 -9999.0 -9999.0 -9999.0 10.446463 11.712901 9.538420 11.115903 11.444461 17.065392 18.267288 25.198031 17.295837 16.656140 17.267475 9.993269 9.386142 9.011149 8.637243 10.496889 9.073529 9.388159 13.826526 18.312753 109.208208 10.763006 19.971129 9.506037 21.919875 9.789479 17.206238 10.861331 14.773269 34.431520 9.341464 7.975791 10.143450 12.736918 12.759657 13.435465 10.489691 12.127948 16.292755 0.124591 0.293284 0.147378 13.044712 10.072446 9.033600 20.989151 20.142061 10.700623 9.712959 0.046901 10.141657 9.037333
-9999.0 -9999.0 -9999.0 -9999.0 -9999.0 -9999.0 -9999.0 -9999.0 11.050561 11.717919 27.010157 11.677336 15.068083 10.485672 11.473144 13.743465 28.010732 15.807955 17.564229 18.591728 9.649899 9.291325 7.934081 9.560227 16.143981 9.258749 13.206047 16.750566 21.514261 138.603853 33.514779 15.169438 20.120698 11.186501 8.877909 19.095330 0.211777 0.144421 1.278696 10.534851 9.229864 16.222881 14.967225 15.089107 13.190991 10.205187 16.296940 9.744438 9.873083 10.433563 0.091746 0.123925 0.210755 9.999041 13.628661 21.711085 24.096985 9.134404 0.147379 0.103771 0.147378
-9999.0 -9999.0 -9999.0 -9999.0 -9999.0 -9999.0 -9999.0 -9999.0 12.664387 18.451813 27.698603 16.010706 18.734588 11.153568 11.514326 13.571266 17.258995 30.857717 22.049044 19.927598 12.322454 12.508273 9.325597 15.687734 18.830493 10.115388 15.096136 17.525242 23.297178 0.092006 293.876250 136.982619 10.449005 12.279127 11.108254 0.225421 0.146432 11.224832 16.099726 42.922967 38.149325 33.436091 27.602778 21.871317 16.685240 11.688099 18.094632 11.620765 15.284302 15.075304 12.363010 15.978114 0.151915 0.174759 0.200926 0.072931 0.447444 10.244753 8.949195 9.730134 0.103323
-9999.0 -9999.0 -9999.0 -9999.0 -9999.0 -9999.0 -9999.0 -9999.0 12.291831 15.893000 20.411740 54.682961 19.282535 11.273810 9.757123 8.912747 8.694618 8.760669 34.228992 42.328911 17.492315 17.179624 0.209742 18.751135 21.627243 10.901765 15.180151 17.864975 10.823645 9.331862 0.105046 0.072189 178.571832 0.147379 0.217555 0.147379 9.900225 8.709950 10.311084 23.123176 13.517427 10.308470 10.683811 12.438030 10.274085 14.389021 18.638535 9.997893 10.444286 24.299887 13.396747 11.369592 12.708997 9.260217 9.991992 9.076967 0.210318 0.127317 0.105046 9.927776 0.105046
-9999.0 -9999.0 -9999.0 -9999.0 -9999.0 -9999.0 -9999.0 9.367958 10.362560 9.907296 11.594455 56.387223 10.172833 8.956680 8.481322 10.868788 10.999891 13.728909 0.208938 0.057812 0.960453 0.234175 0.146294 0.111152 0.399621 0.092059 11.689074 10.055264 10.877786 10.654323 10.646301 0.147379 192.043020 0.176590 11.758828 19.766672 15.890013 10.625883 9.023042 10.762726 18.024358 10.854506 13.191176 14.943886 10.733005 17.229066 18.453127 14.459316 14.276844 22.847451 15.153756 12.982866 11.265433 9.653074 9.890809 9.745777 9.204484 10.446542 0.225038 0.091390 11.054040
-9999.0 -9999.0 -9999.0 -9999.0 -9999.0 -9999.0 10.875530 10.013619 13.797840 13.034859 39.539640 10.667873 8.907875 9.229948 11.672481 10.872240 15.884394 0.240601 0.258952 19.906353 21.107889 15.232810 14.137229 10.703576 17.595605 0.404988 0.225740 0.072930 0.330173 0.175848 0.143706 0.072931 313.256649 11.133072 15.408657 13.551508 11.784636 9.833217 12.078870 16.309282 13.003168 12.168648 22.530572 11.324298 11.031189 14.967702 27.915720 31.651171 29.726260 16.073382 10.470695 15.424401 11.245468 9.842578 16.077867 21.595589 23.607938 19.865654 10.254943 0.091620 17.010050
-9999.0 -9999.0 -9999.0 -9999.0 -9999.0 -9999.0 15.240463 11.856886 16.888707 22.301691 0.525827 0.657822 0.105046 8.406892 12.435355 14.621335 0.173522 0.124586 26.103073 18.164370 17.198097 10.514108 10.614853 12.706989 12.624874 17.537934 20.268628 9.480413 22.175821 14.416570 10.643730 0.209692 154.389030 0.201803 15.157795 10.064650 9.319001 10.919350 13.677007 18.695463 19.080215 15.571535 29.378000 16.665686 10.203407 9.772432 9.728331 12.259309 42.689074 14.514307 10.979708 17.452172 14.904414 9.447543 15.707960 12.546772 10.102814 9.171075 9.608626 0.110294 23.238181
-9999.0 -9999.0 -9999.0 -9999.0 -9999.0 -9999.0 19.581220 16.442176 12.109860 10.891902 11.095724 12.656499 0.122694 0.091232 0.224967 0.091815 0.105046 16.368901 25.803929 16.718567 12.390608 10.549031 9.696712 9.831797 13.159739 15.610102 11.103800 17.035633 10.495837 10.373578 9.290642 9.408484 170.138039 0.147378 8.464412 9.454391 10.048838 13.005878 13.774497 10.949083 12.854647 24.513850 37.123306 23.591626 11.109413 12.197518 15.229144 0.451404 0.057815 0.979422 14.721466 17.968811 16.952676 10.141016 19.091396 13.969081 9.881828 11.743213 13.204639 0.122099 205.073902
-9999.0 -9999.0 -9999.0 -9999.0 -9999.0 -9999.0 18.782969 18.655910 17.231874 12.974198 13.387903 11.350624 9.705197 9.157289 10.083463 10.540522 10.230741 17.132088 16.681471 12.963634 10.342865 11.724368 9.897422 10.150857 10.311671 11.990141 10.021202 15.853507 10.109565 9.461190 9.951898 9.657473 222.519434 10.000368 15.986495 17.343483 12.081988 14.974655 18.067226 10.968321 19.191702 10.846449 12.849309 42.841689 14.835431 20.448943 18.182827 11.971667 15.796613 0.108555 0.228559 10.576836 18.298780 14.357643 23.719624 9.772264 10.230442 13.971649 20.439941 229.251389 0.121397
-9999.0 -9999.0 -9999.0 -9999.0 -9999.0 -9999.0 9.929953 26.925980 0.202836 16.340420 16.884675 11.281788 10.606993 9.623255 10.778118 11.455860 10.491601 12.474336 13.029500 10.332442 11.407957 28.037537 11.391895 10.375370 10.642704 13.123133 11.553923 11.365712 12.878012 15.251919 20.818016 20.576130 387.025090 22.832994 9.467159 11.097516 18.507425 10.520953 21.131196 13.061657 0.198212 0.241973 1.040597 10.781349 0.105046 0.105046 10.812793 10.735375 12.063344 16.120895 0.205603 0.143583 0.181874 0.267554 27.281015 9.460776 9.183810 11.713668 0.147379 294.684056 0.209817
-9999.0 -9999.0 -9999.0 -9999.0 -9999.0 10.870948 11.099762 0.279549 0.106760 15.991157 19.196655 10.448876 11.908362 11.489988 15.644137 13.448979 10.810275 11.341881 9.579819 10.972415 13.304912 0.344699 14.496127 10.738491 11.568210 19.314100 11.303612 10.983929 13.720267 22.828271 25.818042 27.190193 0.687735 323.636485 8.960416 15.498490 19.543703 11.383047 19.728566 10.877503 10.751477 0.046901 0.078297 10.705929 10.084186 0.045935 0.092000 11.928618 17.491595 18.201110 10.530773 12.584548 28.156576 0.354392 0.330883 0.147378 10.038974 15.185318 0.203674 215.428017 21.537086
-9999.0 -9999.0 -9999.0 -9999.0 -9999.0 13.568760 19.558013 0.135293 0.135524 10.598768 18.049885 9.889785 12.749919 17.611530 0.234187 18.249760 13.523639 12.180539 10.796067 17.444352 12.574082 0.236539 0.107166 13.079902 13.429610 17.414466 14.593235 11.468967 10.745694 18.118551 20.520291 9.485457 10.295841 162.230713 9.623776 22.399511 10.205167 14.083289 19.654011 13.619651 0.078246 0.046613 10.077996 14.934276 14.677775 11.764788 0.078947 13.010098 14.395637 13.606066 21.761841 23.332630 18.813784 10.213245 14.701685 0.149657 0.091470 0.147379 252.243316 0.145289 13.994501
-9999.0 -9999.0 -9999.0 -9999.0 13.316408 14.361322 12.079661 15.397873 0.311807 0.091857 0.214319 0.339500 0.282970 0.091928 0.147380 0.156341 0.222254 15.768209 10.924265 13.138790 21.290024 9.956222 0.046902 0.106514 16.005424 9.936532 21.300468 13.249271 10.011521 10.024181 16.600913 19.734104 9.871030 319.204582 26.621227 12.231878 10.950832 17.534658 23.385759 0.106890 0.079161 12.301517 11.775558 32.000867 0.267872 0.078856 0.471774 33.658775 26.306568 15.305954 10.535135 13.601722 12.163695 10.907757 9.636300 10.681986 15.420197 0.124242 269.088565 0.110110 9.382573
-9999.0 -9999.0 -9999.0 -9999.0 11.516852 11.626888 22.677043 23.845538 11.267505 15.487461 35.853119 18.836806 10.663568 10.706773 9.508454 10.668649 0.131261 0.155681 10.843663 11.711789 10.070885 23.754391 26.977027 0.277824 0.133874 30.918322 18.400572 11.876543 11.436364 11.645594 13.685860 10.155249 18.636658 0.374214 185.034310 11.163559 0.211891 0.299574 0.057809 0.092189 11.096852 12.753683 15.731275 32.557323 0.300708 12.863872 11.614933 11.933994 11.495828 12.405556 10.783655 12.262491 13.415035 9.604383 10.765684 9.405631 11.661853 0.111857 252.909409 0.210391 9.799161
-9999.0 -9999.0 -9999.0 -9999.0 11.384495 15.834808 11.126859 12.662998 10.309991 13.356823 17.549346 14.724859 10.221882 11.042414 12.536320 13.055920 11.873257 0.078917 0.155605 13.566415 8.719427 13.592278 10.765748 10.984968 0.105046 0.328876 9.748586 10.832908 14.640067 11.388322 9.309138 14.878111 14.930980 13.000078 211.403714 0.092233 0.057814 11.613637 9.451112 10.252259 11.314312 9.813710 10.089323 10.447886 0.072930 17.480697 12.423483 12.422311 12.260250 10.235484 11.522250 9.980669 11.348561 19.410125 22.377398 10.687017 18.272580 0.057809 234.206121 13.635153 11.087202
