geotop/1.0zi/1.0Montebello/Templates/Duarrigle2006/maps/PSILIQL0000N0021.asc
ncols         76
nrows         123
xllcorner     110555.058093
yllcorner     85388.025579
cellsize      200.000000
NODATA_value  -9999.0
[rows 54 to 80 of 123, columns 0 to 61 of 76]
-9999.0 -9999.0 -9999.0 -9999.0 -9999.0 -9999.0 -9999.0 -9999.0 -9999.0 -9999.0 -9999.0 -9999.0 9.377690 8.614112 8.102298 14.447267 8.406043 8.549172 9.934265 27.286971 0.346570 0.001423 9.031128 8.842045 0.112854 112.935243 8.324460 13.000809 10.827125 12.722665 9.521793 14.742314 0.087806 0.076052 9.313005 9.625888 11.195527 9.919149 10.017727 15.991969 10.983025 0.464330 0.216478 14.256166 13.169190 11.114339 9.026788 8.562184 13.324868 10.219046 12.911361 14.276965 12.525735 7.681240 8.790586 8.885186 8.300857 8.412775 9.995777 8.409823 9.917208 335.689370
-9999.0 -9999.0 -9999.0 -9999.0 -9999.0 -9999.0 -9999.0 -9999.0 -9999.0 -9999.0 -9999.0 -9999.0 -9999.0 12.925246 14.461168 12.753600 15.019955 23.401766 23.427073 14.756548 9.128958 8.383154 10.083653 10.730832 9.196555 117.848290 0.205614 12.771218 14.415080 8.106989 0.097349 0.138494 0.084162 9.369284 8.439520 9.417040 8.531827 12.596222 10.724001 9.540087 19.557515 0.000010 13.244504 9.236741 10.874001 9.964148 8.324515 12.551885 16.840772 10.523473 8.982982 8.476275 9.217875 12.798181 16.077117 20.972109 25.210016 26.768477 28.094377 30.039879 43.981941 0.922109
-9999.0 -9999.0 -9999.0 -9999.0 -9999.0 -9999.0 -9999.0 -9999.0 -9999.0 -9999.0 -9999.0 -9999.0 -9999.0 12.266517 9.700301 12.907275 14.523832 13.170563 11.277169 10.230008 8.093756 9.242766 15.488794 17.270004 27.836390 126.662254 0.112308 0.158320 0.059366 0.000001 0.109634 12.471896 7.868799 7.700242 8.530314 7.808529 11.754906 15.783522 9.256985 14.876568 0.167437 0.155611 8.807961 8.864429 13.327013 12.786085 9.215106 17.611828 20.659216 0.078667 -99.265187 12.184227 9.385351 8.040434 10.291468 10.423967 12.363573 15.228338 21.476586 32.817755 9.053354 10.654714
-9999.0 -9999.0 -9999.0 -9999.0 -9999.0 -9999.0 -9999.0 -9999.0 -9999.0 -9999.0 -9999.0 -9999.0 -9999.0 -9999.0 9.832428 8.130255 7.682565 9.059737 9.122478 8.843798 11.565751 20.759842 30.164812 24.498626 10.602340 0.074853 456.320274 10.207011 12.348448 12.150709 8.296031 7.398751 7.552895 8.399560 8.243738 10.798234 14.706519 19.311563 11.830066 10.307223 0.141921 8.946895 8.250984 10.132120 15.511046 16.306559 13.798407 18.226708 0.164504 0.135096 20.851855 17.359491 13.499378 9.019812 8.382627 8.197741 9.264986 11.384641 22.863715 17.668058 17.198036 20.575850
-9999.0 -9999.0 -9999.0 -9999.0 -9999.0 -9999.0 -9999.0 -9999.0 -9999.0 -9999.0 -9999.0 -9999.0 -9999.0 10.373960 9.468797 8.492098 7.927173 9.399263 9.385945 9.137477 10.235262 10.409053 14.616006 8.487953 8.055497 8.847068 0.053103 409.834973 13.210109 11.920930 8.335511 7.878833 8.515432 9.462014 17.691621 20.884888 25.349324 30.977077 11.442075 0.113477 0.096296 8.973936 8.892558 12.352987 18.297086 17.975744 23.704612 9.200487 0.049367 10.519726 9.292707 9.870574 10.486173 8.885237 9.458450 16.340354 20.243459 24.449098 14.775127 14.388114 8.390334 15.769471
-9999.0 -9999.0 -9999.0 -9999.0 -9999.0 -9999.0 -9999.0 -9999.0 -9999.0 -9999.0 -9999.0 -9999.0 11.346984 18.302626 22.854801 26.428292 28.363124 26.424783 11.889317 9.550306 8.069470 7.733108 8.673785 9.145131 12.238041 13.547652 21.567678 250.529932 15.424830 14.078362 11.689795 10.061504 7.884415 8.705793 8.110366 8.904837 14.925117 19.237511 34.520596 0.060747 9.240277 8.877297 9.275669 12.996919 20.160019 19.472894 25.489371 0.000000 -99.262880 15.354428 10.308811 10.043643 15.214141 10.178534 12.355857 8.406664 10.796790 11.716339 11.257724 11.354764 10.117948 11.704997
-9999.0 -9999.0 -9999.0 -9999.0 -9999.0 -9999.0 -9999.0 -9999.0 -9999.0 -9999.0 -9999.0 -9999.0 9.569513 9.590087 12.413089 8.874878 8.405607 7.635346 24.504655 13.307471 8.445875 8.498323 8.622017 8.113852 8.780260 11.556783 25.205595 180.756779 12.024520 9.700787 12.887398 10.159762 7.451367 8.194988 8.576297 8.162963 9.536825 13.451032 16.410943 0.510186 -99.236811 10.929759 11.770451 14.016445 9.766661 0.300760 0.306695 0.251671 21.868809 10.657501 12.164373 21.547933 23.328001 13.735781 9.935363 10.075028 10.029331 9.307138 8.631864 8.059805 7.982624 8.093312
-9999.0 -9999.0 -9999.0 -9999.0 -9999.0 -9999.0 -9999.0 -9999.0 -9999.0 -9999.0 -9999.0 -9999.0 -9999.0 8.953016 8.211112 7.737507 9.461591 0.084852 0.058775 0.464274 0.222370 0.052733 13.152537 9.406519 11.666534 13.619602 601.951789 0.345224 26.109162 25.734410 22.864638 17.307345 13.108164 9.260756 7.854969 12.109980 15.004365 16.003534 9.061349 8.897924 0.076797 -107.659652 0.086532 0.207481 0.112109 0.156722 15.724789 12.137889 8.022194 11.458760 9.267051 9.522353 10.034347 28.323018 12.576197 13.056903 8.275510 8.175773 8.411436 8.098119 7.513169 -99.215152
-9999.0 -9999.0 -9999.0 -9999.0 -9999.0 -9999.0 -9999.0 -9999.0 -9999.0 -9999.0 -9999.0 -9999.0 -9999.0 -9999.0 9.885120 0.154826 0.110199 0.096791 9.827770 8.210696 10.860485 0.091955 0.077608 0.097119 7.783016 9.035805 494.334384 0.097666 9.690628 15.801597 17.023780 12.343661 8.641841 9.173931 8.256475 11.400852 8.744627 10.170810 18.540847 12.228263 0.053179 0.142102 14.835274 14.501180 11.795369 11.444017 8.546094 7.606248 8.188283 11.020134 9.146168 10.122807 12.071276 10.554042 0.287727 0.142970 12.741879 10.454762 8.159616 7.645175 11.495778 0.098546
-9999.0 -9999.0 -9999.0 -9999.0 -9999.0 -9999.0 -9999.0 -9999.0 -9999.0 -9999.0 -9999.0 -9999.0 -9999.0 -9999.0 9.326412 8.294178 9.674015 9.229176 9.428922 7.393455 6.781837 7.909752 14.847657 0.154477 0.183303 0.152553 229.578397 -106.433879 16.024166 7.941284 9.498523 7.666888 7.759754 10.557247 9.410192 10.858645 12.881515 10.923859 9.236814 22.698758 0.101170 9.014540 10.534324 10.526156 11.191152 8.440147 9.124087 8.945280 8.309044 9.595114 9.801232 11.805425 -86.814213 0.087807 -100.383879 0.000006 0.134646 10.370306 9.505034 9.189634 0.074196 0.000000
-9999.0 -9999.0 -9999.0 -9999.0 -9999.0 -9999.0 -9999.0 -9999.0 -9999.0 -9999.0 -9999.0 -9999.0 -9999.0 -9999.0 8.608204 11.166341 9.728795 10.135563 10.049999 10.619856 9.208063 9.759400 7.457319 14.525854 11.946004 10.875791 12.703820 273.355787 0.074663 9.092375 12.248803 10.903985 13.016290 9.315058 13.179000 10.411348 14.016453 14.464278 16.901137 0.187900 0.191662 13.267893 9.166905 8.417833 9.895940 9.711408 10.192168 8.488843 11.382187 16.165466 14.098136 11.330874 15.909133 8.701426 10.760099 10.691530 0.100278 8.909260 11.620183 0.076602 -99.255443 9.493287
-9999.0 -9999.0 -9999.0 -9999.0 -9999.0 -9999.0 -9999.0 -9999.0 -9999.0 -9999.0 -9999.0 -9999.0 -9999.0 8.210773 8.150257 10.662634 16.519531 12.994847 13.010708 13.489255 10.306578 12.236062 14.097753 10.556765 7.608836 7.444988 7.945713 14.389695 479.273089 0.244734 12.909114 16.042291 8.004816 12.237501 13.086341 13.744626 9.064268 16.719472 0.283465 0.083062 8.037237 7.164603 7.914959 9.011658 9.061551 9.122195 9.211937 0.078150 0.095346 22.236006 17.505842 11.895223 10.388420 17.118323 13.000196 9.065187 -87.094470 0.047796 0.086762 0.055306 10.875803 8.511989
-9999.0 -9999.0 -9999.0 -9999.0 -9999.0 -9999.0 -9999.0 -9999.0 -9999.0 9.314091 10.473501 8.490534 9.925295 10.226220 15.019628 16.026922 22.047821 15.391433 14.822836 15.410116 8.903026 8.353433 8.016374 7.679243 9.360486 8.072322 8.353686 12.193455 16.367889 291.644166 9.602688 17.612336 8.460590 19.373335 8.718269 15.351121 9.693140 13.073478 0.053569 8.311084 7.083733 9.039098 11.287400 11.309318 11.903074 9.354097 10.857356 14.427882 0.088103 0.239120 -86.798802 11.720846 8.974852 8.036035 18.549460 17.695219 9.545176 8.649067 0.000000 9.037701 8.040247 9.638986
-9999.0 -9999.0 -9999.0 -9999.0 -9999.0 -9999.0 -9999.0 -9999.0 9.866339 10.478068 23.648204 10.440482 13.391227 9.350463 10.253245 12.242837 24.512349 14.133302 15.672659 16.547167 8.590547 8.266951 7.045381 8.508359 14.155738 8.238309 11.636455 14.743136 19.224520 354.517223 30.331316 13.487266 17.804630 9.990689 7.896758 16.984154 0.097689 0.078545 1.037745 9.394696 8.211313 14.295159 13.241505 13.365855 11.703991 9.095332 14.549002 8.676977 8.793696 9.302938 0.053611 0.089780 0.096298 8.906973 12.001779 19.252731 21.103976 8.126071 -87.286847 0.075554 -86.245036 7.726095
-9999.0 -9999.0 -9999.0 -9999.0 -9999.0 -9999.0 -9999.0 -9999.0 11.355352 16.367935 24.233994 14.260526 16.565326 9.960676 10.290595 12.093291 15.340035 26.969334 19.707862 17.709196 10.900007 11.041700 8.293943 13.688134 16.485730 9.012840 13.297881 15.484144 20.774003 0.053987 629.275559 348.300678 9.378441 10.996054 9.921042 0.183600 0.111243 10.027094 14.254041 37.615730 33.405992 29.371400 24.281224 19.275861 14.765920 10.451146 16.191892 10.388980 13.504399 13.319369 11.074438 14.279061 0.116643 0.128730 0.152294 0.000001 0.373741 9.130768 7.960520 8.664492 0.075023 8.509117
-9999.0 -9999.0 -9999.0 -9999.0 -9999.0 -9999.0 -9999.0 -9999.0 11.009087 14.198290 18.249731 45.931328 17.034823 10.070821 8.688231 7.926839 7.729238 7.788781 29.824336 37.293625 15.399442 15.110047 0.094878 16.325141 19.059553 9.730236 13.426981 15.835179 9.658253 8.360121 -99.255606 -103.157030 459.036539 -86.724915 0.177242 -86.476974 8.818385 7.742926 9.190976 20.503522 12.009603 9.188646 9.530175 11.144827 9.157960 12.825216 16.737642 8.905782 9.312329 21.296705 12.040892 10.158859 11.323583 8.239746 8.900702 8.075269 0.095712 0.098527 -99.236596 8.842351 -99.234904 0.047410
-9999.0 -9999.0 -9999.0 -9999.0 -9999.0 -9999.0 -9999.0 8.337444 9.238128 8.825660 10.365869 46.364324 9.065323 7.966945 7.537922 9.647979 9.720482 12.066635 0.093963 0.000002 0.814208 0.181820 0.099923 0.061187 0.324626 0.055068 10.457975 8.960565 9.709155 9.505442 9.498786 -86.840457 512.573293 0.138152 10.521896 17.358434 13.993097 9.477109 8.027356 9.602087 16.126556 9.686771 11.848127 13.361096 9.575459 15.265732 16.624888 12.784648 12.652617 20.046899 13.605926 11.652757 10.062343 8.594780 8.809354 8.678368 8.189193 9.314535 0.187655 0.053099 9.868497 0.000000
-9999.0 -9999.0 -9999.0 -9999.0 -9999.0 -9999.0 9.705672 8.921078 12.168981 11.560798 34.184951 9.516153 7.922689 8.211410 10.302590 9.588254 13.973524 0.193621 0.212552 17.925965 18.689688 13.500317 12.540442 9.548482 15.505333 0.292127 0.181638 0.000000 0.268762 0.129550 0.098369 0.002044 702.502721 10.064188 13.598055 11.950973 10.499024 8.758358 10.812098 14.557067 11.671597 10.894792 20.060806 10.117146 9.847879 13.278783 24.551340 28.044695 26.221389 14.437525 9.335906 13.822767 10.044295 8.766674 14.189316 18.992292 20.843422 17.699223 9.139849 0.053427 15.114278 -107.664504
-9999.0 -9999.0 -9999.0 -9999.0 -9999.0 -9999.0 13.529113 10.606585 14.932842 19.606373 0.401058 0.540164 -99.244814 7.471469 10.975452 12.854408 0.138481 0.088014 23.168500 16.316075 15.234227 9.375934 9.467274 11.238402 11.173623 15.494443 17.858110 8.438750 19.568977 12.772312 9.496488 0.094936 421.513533 0.151819 13.323248 8.966399 8.292826 9.746161 12.305502 16.823218 17.241961 13.954635 26.048472 14.804800 9.093711 8.703171 8.662939 10.979170 37.804110 12.863422 9.800471 15.646278 13.254760 8.409008 13.875902 11.245612 9.001675 8.159736 8.552735 0.059896 21.537082 746.820308
-9999.0 -9999.0 -9999.0 -9999.0 -9999.0 -9999.0 17.402112 14.660819 10.840688 9.720692 9.907454 11.348552 0.087918 0.052898 0.175196 0.053708 -99.252350 14.487712 22.850438 14.982199 11.100404 9.408313 8.634799 8.755737 11.657520 13.823435 9.914317 15.109774 9.359550 9.247962 8.268057 8.406392 483.200164 -85.465677 7.523332 8.415049 8.953671 11.674084 12.397454 9.772864 11.532517 22.201312 33.109818 20.848717 9.920094 10.921212 13.449991 0.341969 0.000005 0.817536 13.077072 16.146185 15.090804 9.035648 16.797135 12.501542 8.801451 10.421956 11.640967 0.085525 496.903516 0.092071
-9999.0 -9999.0 -9999.0 -9999.0 -9999.0 -9999.0 16.793770 16.678439 15.387460 11.644740 12.032694 10.141586 8.642484 8.147872 8.984782 9.399755 9.118087 15.177110 14.951935 11.634959 9.220368 10.483909 8.816504 9.045702 9.191466 10.729964 8.927813 14.116044 9.008969 8.421012 8.864953 8.649254 652.319000 8.972541 14.159144 15.327002 10.814795 13.422304 16.258036 9.790535 17.026198 9.679852 11.528123 38.092621 13.412510 18.309664 16.403455 10.712982 14.093298 0.080552 0.188385 9.433442 16.333906 12.705060 20.897807 8.702979 9.117846 12.351338 18.075334 554.184095 0.084665 10.600650
-9999.0 -9999.0 -9999.0 -9999.0 -9999.0 -9999.0 8.845703 24.073862 0.130604 14.643007 15.159943 10.078169 9.460240 8.568437 9.617026 10.237573 9.355772 11.178106 11.696024 9.211253 10.193030 24.548217 10.178483 9.249545 9.493342 11.784109 10.327437 10.154963 11.476965 13.491201 18.302066 18.238774 883.041743 20.468508 8.426345 9.908711 16.573340 9.382066 19.079311 11.726894 0.126541 0.168746 0.857669 9.620269 -99.269337 -99.267107 9.648427 9.577586 10.797642 14.388545 0.166482 0.097390 0.144709 0.157754 23.995779 8.420884 8.170897 10.403300 -86.377995 673.441878 0.095017 8.344955
-9999.0 -9999.0 -9999.0 -9999.0 -9999.0 9.701530 9.910990 0.237033 0.000000 14.372571 17.270579 9.316420 10.624581 10.227111 13.779552 11.983240 9.645952 10.133117 8.528618 9.793838 11.795623 0.259396 12.842069 9.580399 10.340416 17.131302 10.098162 9.804270 12.194684 20.126737 22.751551 24.032723 0.545807 762.458342 8.000854 13.771549 17.446451 10.170674 17.903862 9.707452 9.592263 0.000001 0.048524 9.551188 8.985112 -99.988809 0.053979 10.673296 15.522368 16.240508 9.391100 11.281281 25.048630 0.296618 0.272462 -86.871452 8.943782 13.372383 0.154922 516.281365 19.172671 11.171863
-9999.0 -9999.0 -9999.0 -9999.0 -9999.0 12.202640 17.380710 0.105665 0.108051 9.453078 16.307172 8.808675 11.316264 15.595955 0.193395 16.208498 12.013256 10.865525 9.633178 15.343614 11.271139 0.164555 0.078186 11.620399 11.971836 15.506335 12.983575 10.249458 9.586796 15.939703 18.078721 8.444771 9.230153 470.657730 8.602315 19.920661 9.095352 12.537769 17.900982 12.101357 0.048465 0.000000 8.979579 13.247899 12.983950 10.521246 0.049512 11.678889 12.987647 12.238300 19.402643 20.755681 16.646537 9.102805 13.056412 0.113400 0.053216 -86.733685 600.014138 0.096800 12.320676 10.726243
-9999.0 -9999.0 -9999.0 -9999.0 11.965344 12.893597 10.812736 13.744616 0.259767 0.053769 0.170655 0.273251 0.227299 0.053880 0.000000 0.125171 0.180703 13.992679 9.750886 11.798585 18.745466 8.868769 0.000001 0.077948 14.239892 8.849950 18.970312 11.808127 8.919171 8.930468 14.677998 17.527779 8.848545 754.784647 23.891168 10.904799 9.774714 15.590828 21.305682 0.078333 0.049849 11.018315 10.531681 28.128586 0.157955 0.049363 0.358921 30.065014 23.513383 13.681110 9.394732 12.080186 10.890045 9.735715 8.580159 9.528583 13.676284 0.088013 632.321396 0.059647 8.348883 8.025871
-9999.0 -9999.0 -9999.0 -9999.0 10.293791 10.394589 20.166265 21.159969 10.064476 13.710465 31.491572 16.655630 9.512282 9.552157 8.464395 9.516842 0.103121 0.077475 9.677260 10.472696 8.973288 20.979520 23.923552 0.228878 0.104578 27.384326 16.303845 10.624430 10.218971 10.411618 12.201774 9.049602 16.674509 0.268629 522.768027 9.969787 0.097844 0.256487 0.000000 0.054261 9.908362 11.438609 14.082308 28.764416 0.247944 11.541577 10.383701 10.678203 10.273903 11.114250 9.622035 10.981428 11.996109 8.550273 9.604718 8.370586 10.427613 0.062292 596.515801 0.095816 8.726998 7.730030
-9999.0 -9999.0 -9999.0 -9999.0 10.171983 14.097715 9.936282 11.354112 9.189974 11.955088 15.493514 13.102611 9.110169 9.858006 11.235985 11.694376 10.621821 0.049463 0.077365 12.100580 7.752680 12.030995 9.604864 9.805442 -99.263473 0.276432 8.680855 9.666275 13.031855 10.175454 8.284155 13.260274 13.209859 11.934878 583.915618 0.054330 0.000004 10.382474 8.412146 9.138524 10.107794 8.739673 8.989894 9.315796 0.000000 15.528873 11.130654 11.129648 10.979374 9.122280 10.297707 8.891848 10.139111 17.208846 19.729659 9.533320 16.122282 0.001430 564.765083 12.195110 9.899439 7.372900
