geotop/1.0zi/1.0Montebello/Templates/Duarrigle2006/maps/PSILIQL0000N0026.asc
ncols         76
nrows         123
xllcorner     110555.058093
yllcorner     85388.025579
cellsize      200.000000
NODATA_value  -9999.0
[rows 81 to 107 of 123, columns 0 to 60 of 76]
-9999.0 -9999.0 -9999.0 -9999.0 16.078114 18.118357 11.997146 15.093383 14.084455 12.384025 11.772716 12.639951 10.119174 10.328218 14.409289 12.156448 9.974018 12.038560 0.000138 0.134999 12.108261 23.959642 19.256485 0.079907 -86.100484 0.139003 13.041289 16.270361 19.631460 15.611921 11.855476 19.387796 72.878780 52.056796 237.903143 15.592386 14.177809 21.703560 17.746348 12.341721 20.023049 13.691231 10.371851 0.111248 0.215356 12.742994 11.881746 16.801454 16.381897 11.981606 20.208605 13.019416 14.337966 11.244261 12.911565 38.543430 29.822053 328.303477 -75.565663 10.811885 11.327258
-9999.0 -9999.0 -9999.0 12.085330 31.035791 18.123916 11.384652 18.436695 13.570454 13.615223 11.452519 13.353041 16.292568 21.363898 15.540097 21.405436 12.683322 25.910452 28.573445 0.280671 0.079771 88.256582 109.220449 0.904116 22.805784 0.179327 0.141775 0.154933 0.214965 0.154002 0.090179 0.000307 0.210655 -75.768027 0.283278 309.802457 0.164377 16.130994 24.552759 29.053618 10.175851 12.260180 10.098457 0.067116 -85.310542 16.100824 15.320690 18.936076 18.973184 16.604457 22.780714 16.106298 10.259517 17.655764 17.167121 47.149392 59.978889 53.361022 517.843090 631.752906 0.143049
-9999.0 -9999.0 -9999.0 13.696146 0.334616 0.323106 10.324990 20.805462 18.484492 19.822960 10.603743 13.638769 16.180732 24.171561 33.738841 42.385298 52.685961 56.171479 56.146766 1.689431 10.749314 0.135206 33.658777 19.986857 10.198076 10.499080 10.799945 0.334754 0.569003 0.220212 0.155501 0.248399 18.307235 9.970575 23.458370 23.011566 230.593366 0.079194 29.697860 0.370122 -75.347821 15.122909 11.229531 16.025208 0.000182 0.136153 23.699364 23.417902 24.398874 19.354640 24.847672 20.988761 13.278850 19.194931 419.478392 615.799092 392.756098 7.542336 24.783512 11.550631 553.806231
-9999.0 -9999.0 -9999.0 18.519785 12.390242 0.074819 20.862268 11.111712 20.046283 26.639790 10.990849 11.688400 10.470019 12.117058 15.368981 11.647927 10.824016 11.427808 13.151341 0.073866 22.679678 16.763937 23.430647 10.174294 9.622923 21.789579 26.782228 37.108506 0.000187 22.103647 16.601704 16.305408 16.570751 13.733385 11.216016 15.257448 25.507362 356.286523 309.207886 347.772473 428.556746 253.854587 0.112204 32.830436 372.852998 431.149771 344.659896 493.671401 0.441865 644.857612 684.209628 561.090953 308.756033 587.110903 -75.498372 16.688652 13.503474 0.080415 12.362724 10.500956 0.249029
-9999.0 -9999.0 15.746226 23.136946 33.848015 0.475530 0.077093 9.045167 11.840294 38.713042 15.178593 11.584159 10.787420 9.456435 9.780006 12.587461 14.660964 18.991093 0.156499 0.200103 14.488408 10.455656 18.116276 9.465084 14.786740 17.462981 25.952970 24.735628 0.089150 17.000965 11.709446 10.724393 10.867383 10.512618 10.483703 18.746140 15.912723 18.785473 0.221602 15.829256 0.714486 54.411153 336.193687 348.628812 27.706432 29.634960 16.055152 109.017976 277.783714 12.279901 12.378743 15.962894 16.273301 11.100259 9.709836 11.072305 11.131445 0.140323 12.023911 11.429796 0.201817
-9999.0 -9999.0 12.377785 11.529978 18.573711 24.571575 0.226884 -63.983336 15.028364 37.620339 11.478076 12.919016 14.513756 10.872203 16.464011 21.074909 12.988364 0.151881 0.239252 16.003164 12.517235 10.137142 15.708284 9.912678 13.391033 16.153576 19.822238 21.263488 0.129629 11.518234 11.323620 15.091486 13.258629 13.262616 18.056147 14.985350 14.360630 9.744201 12.125211 13.520578 39.753547 13.103372 17.963261 17.988934 17.838537 18.116445 12.090940 19.681687 0.222717 0.142175 11.155682 10.875443 11.665956 12.286052 22.513408 12.541812 12.478824 0.159411 11.716945 12.682482 0.145376
-9999.0 -9999.0 -9999.0 11.509928 11.019222 -9999.0 12.509508 0.080783 0.132644 0.998628 17.618932 0.001029 0.201157 0.831817 0.151993 0.213464 0.140324 0.491712 27.486800 11.030110 9.365894 9.999389 12.258514 10.346555 13.731221 13.442818 13.711629 14.808178 0.317664 0.128913 16.409508 24.398079 12.336205 11.709169 11.365735 11.774391 10.958145 9.843326 12.008269 0.527308 43.940633 12.662889 12.861379 12.775227 12.567933 12.736287 11.636417 17.236435 20.112851 0.266084 14.456569 13.845473 13.109900 14.037661 25.603205 21.422903 0.568590 -85.361176 10.222635 12.815764 0.000273
-9999.0 -9999.0 -9999.0 -9999.0 -9999.0 -9999.0 -9999.0 -9999.0 17.103740 0.133403 0.248624 0.195293 48.057999 30.049237 12.235907 18.076357 0.656716 35.535417 26.210656 16.356799 16.701665 13.350337 12.006119 11.960919 10.904573 10.285789 9.868928 10.291773 17.999089 12.820576 12.844981 28.677138 11.676767 11.132912 11.392421 10.718078 9.415932 0.068643 51.125537 -85.369059 17.138581 10.928934 14.865669 14.926887 14.488194 13.870263 13.042813 13.607192 13.364851 0.000186 26.130265 26.878659 24.275292 27.580782 31.541868 118.674599 0.275256 18.738778 12.027987 14.245642 0.192775
-9999.0 -9999.0 -9999.0 -9999.0 -9999.0 -9999.0 -9999.0 -9999.0 -9999.0 12.089127 18.249034 23.165987 42.105521 23.908040 12.215241 12.903867 0.000301 48.105458 34.456080 21.084898 20.716089 18.831484 12.323809 12.380552 11.354669 10.693836 11.357493 11.252676 11.644362 13.902647 19.771096 27.160932 14.581051 15.746339 16.662417 11.966848 0.068027 15.728338 1.162094 31.622393 16.097072 15.702365 24.609415 34.728062 106.910755 116.980486 102.454060 1.269109 0.000794 0.154373 21.144793 16.421107 36.015885 36.444888 0.304576 0.202222 29.750768 18.934515 11.912106 14.380386 0.096956
-9999.0 -9999.0 -9999.0 -9999.0 -9999.0 -9999.0 -9999.0 -9999.0 -9999.0 11.418716 17.188889 34.896392 24.201623 20.244746 12.533672 0.148832 0.288382 12.994295 17.055955 32.248458 31.513421 32.912357 14.596193 14.981526 0.475562 0.088650 0.436603 0.228753 0.000292 0.185756 0.146837 0.244043 0.399798 0.274336 0.745346 106.639328 0.598165 -85.355024 16.401115 54.964428 24.788226 12.845545 22.706556 63.968214 19.854828 19.299751 13.139147 0.340052 0.073351 13.822954 12.866762 11.362580 14.750604 21.502132 0.216002 0.589066 25.222091 19.965205 11.288983 14.574841 0.234844
-9999.0 -9999.0 -9999.0 -9999.0 -9999.0 -9999.0 -9999.0 -9999.0 -9999.0 12.582625 25.652999 21.981484 18.683769 13.476653 12.413819 0.223181 20.403411 20.952151 12.475332 15.417873 14.268151 12.473752 16.789366 21.522873 13.824882 28.734121 15.120405 11.742407 13.349831 14.893650 11.164631 21.921350 0.284489 17.913903 42.649408 11.040705 18.299690 14.540557 13.562038 67.106312 22.994273 15.298988 14.540984 44.347908 12.698384 14.222532 31.201105 -86.199308 0.071408 12.982581 14.226656 17.994987 27.272801 32.256213 0.259672 56.064504 30.448375 21.110848 11.410636 12.647621 0.138040
-9999.0 -9999.0 -9999.0 -9999.0 -9999.0 -9999.0 -9999.0 -9999.0 -9999.0 16.976552 17.605442 17.211441 13.838529 12.609032 20.128446 0.001030 0.000480 11.551612 14.603010 11.923808 9.570413 9.883061 11.452804 17.600095 20.407138 17.326123 11.716821 10.060764 9.066356 11.620955 18.457765 14.144468 0.088504 11.904107 38.860890 10.767250 17.246042 12.579379 47.918730 11.860222 15.941487 11.683723 11.619645 42.169254 17.579999 29.358113 -85.364145 0.326816 0.263960 12.101574 13.603140 18.116305 40.061979 2.929792 0.348837 43.788883 22.567662 14.224810 9.727227 10.749387 0.228375
-9999.0 -9999.0 -9999.0 -9999.0 -9999.0 -9999.0 -9999.0 -9999.0 -9999.0 10.042198 10.320130 12.110941 13.380951 15.679094 13.136916 0.119262 0.862631 37.522741 26.045869 24.069070 22.077352 17.760196 12.489177 15.391757 11.848843 11.857635 11.584834 11.139904 11.106979 10.246630 10.605394 11.310479 0.120896 12.071954 11.560791 32.645505 13.568715 11.796156 51.075714 31.922343 14.957591 12.962254 131.266874 11.446226 14.214550 18.188439 0.000132 33.604966 18.883738 12.661138 21.976681 23.304919 83.909989 0.080317 36.152028 22.049834 14.558285 13.795829 10.338393 10.936515 12.579791
-9999.0 -9999.0 -9999.0 -9999.0 -9999.0 -9999.0 -9999.0 -9999.0 -9999.0 10.452839 11.958174 15.382650 11.815788 11.566630 12.926826 0.081796 0.000169 38.366512 20.881646 22.014824 17.926881 12.880007 14.197956 17.376185 14.498876 17.916733 19.114348 15.279285 15.673418 15.691398 12.020844 0.121099 0.131609 10.155728 20.703780 34.079659 14.291860 37.008230 26.410998 31.980199 15.321278 31.405438 17.944809 14.603326 10.128264 0.000145 0.078681 28.496909 13.502684 10.524267 12.583546 81.136427 12.325411 0.205845 20.836969 17.167898 14.152223 10.208178 10.883563 -9999.0 -9999.0
-9999.0 -9999.0 -9999.0 -9999.0 -9999.0 -9999.0 -9999.0 14.907421 29.204679 24.622920 0.672383 0.087817 0.191963 0.255749 0.140824 0.000574 0.080012 12.202984 38.780522 42.054224 18.489668 13.641107 14.921036 19.679111 19.099009 23.487774 23.208172 22.188972 22.410814 29.924437 0.323053 0.115944 10.282609 14.643038 19.835259 31.037822 26.231733 24.816278 21.252232 27.372083 11.431796 32.668488 12.610472 2.511144 0.171334 1.079249 11.654460 23.890433 13.056688 23.958495 69.126140 13.063271 0.000187 0.379692 18.008040 14.422804 14.862345 10.071483 -9999.0 -9999.0 -9999.0
-9999.0 -9999.0 -9999.0 -9999.0 -9999.0 -9999.0 -9999.0 -59.965596 14.851747 23.968997 11.088219 10.958241 21.825399 11.788348 0.000167 0.264359 0.000121 0.141031 17.836699 13.941894 35.228758 32.333702 27.106582 16.775558 12.525497 11.633267 17.323256 45.113433 55.513760 1.510260 0.072014 0.074646 14.588351 11.780712 11.577159 25.181570 25.091483 18.858614 15.787136 22.846633 23.113004 12.600803 72.747322 0.000000 21.130657 43.905753 10.554066 20.064260 13.924101 54.730564 11.570328 0.104527 0.067061 27.265407 17.266330 13.899040 10.309477 11.101963 -9999.0 -9999.0 -9999.0
-9999.0 -9999.0 -9999.0 -9999.0 -9999.0 -9999.0 -9999.0 -61.968608 12.172771 14.494886 12.274679 18.185418 17.945429 24.127371 0.497353 27.732478 11.360301 0.073228 0.000505 23.616214 17.942883 19.797145 18.762700 13.299688 14.030651 16.624602 25.954273 15.365205 12.638905 0.110952 12.367865 0.000332 10.270093 10.283126 10.480052 19.745507 22.133541 15.722844 11.889615 19.683509 23.300244 63.358432 17.573418 0.000272 17.302574 45.456068 15.600521 10.399295 48.619268 15.332952 9.465431 0.000346 10.351077 20.529141 9.768228 14.479828 11.820418 -9999.0 -9999.0 -9999.0 -9999.0
-9999.0 -9999.0 -9999.0 -9999.0 -9999.0 -9999.0 -9999.0 -9999.0 -9999.0 -9999.0 11.339495 10.921434 12.696064 32.661036 0.000254 13.942789 19.031380 12.921165 0.337230 10.975797 14.158608 11.048300 17.387848 12.608473 18.779122 19.920349 10.738836 12.657776 0.072657 0.077006 11.046096 0.195861 0.258776 17.597534 13.363744 17.298184 20.643473 12.471737 15.682571 18.654833 21.194661 65.396786 13.179191 0.086283 12.919578 44.292324 12.796947 17.215602 57.414227 11.754291 -75.601718 0.559049 -93.577148 11.109249 15.054686 14.072018 -9999.0 -9999.0 -9999.0 -9999.0 -9999.0
-9999.0 -9999.0 -9999.0 -9999.0 -9999.0 -9999.0 -9999.0 -9999.0 -9999.0 -9999.0 -9999.0 13.881705 17.865951 37.276721 0.000184 0.081699 13.361941 12.046331 0.095465 13.641229 11.928919 11.977222 14.823816 12.722913 11.588346 10.687415 12.174432 18.306183 0.125659 0.069403 11.080368 22.005645 0.389400 17.882404 13.001546 12.429146 17.129756 10.348609 14.433748 17.891267 47.234895 30.956311 10.624057 0.086723 37.556166 17.599690 10.953065 12.206581 62.947530 21.327197 33.231753 11.549082 0.000132 -85.887638 14.798753 -9999.0 -9999.0 -9999.0 -9999.0 -9999.0 -9999.0
-9999.0 -9999.0 -9999.0 -9999.0 -9999.0 -9999.0 -9999.0 -9999.0 -9999.0 -9999.0 -9999.0 11.736411 16.903704 18.421928 0.000508 0.000125 12.888991 13.778948 0.155643 16.302439 12.507157 12.507389 14.144020 13.628774 12.652020 16.498538 0.170564 0.000200 0.166910 -66.727511 11.261146 19.383934 0.000273 26.431975 25.817127 12.729527 13.169334 11.104103 14.942212 17.781870 45.949359 29.161395 10.756118 0.309508 39.769948 14.359800 61.188594 57.855091 11.521006 28.471501 21.237004 -75.730879 -83.276776 0.078203 -9999.0 -9999.0 -9999.0 -9999.0 -9999.0 -9999.0 -9999.0
-9999.0 -9999.0 -9999.0 -9999.0 -9999.0 -9999.0 -9999.0 -9999.0 -9999.0 -9999.0 -9999.0 -9999.0 -9999.0 13.831352 15.375977 0.238976 0.128264 16.157008 0.000214 0.260586 18.406673 17.745240 14.390243 15.479913 0.247374 0.000172 0.142822 20.225879 0.285425 0.000000 0.000000 14.029912 0.084977 -61.651696 10.657600 17.933241 13.388683 10.811953 14.753725 34.555631 27.143790 26.841299 22.583082 0.000000 38.309843 28.513742 33.455846 26.108709 20.837135 20.556394 18.110647 0.000523 0.281860 15.528533 -9999.0 -9999.0 -9999.0 -9999.0 -9999.0 -9999.0 -9999.0
-9999.0 -9999.0 -9999.0 -9999.0 -9999.0 -9999.0 -9999.0 -9999.0 -9999.0 -9999.0 -9999.0 -9999.0 -9999.0 -9999.0 11.331910 -9999.0 -9999.0 -9999.0 0.000169 0.286091 33.452196 24.155456 14.437161 14.382922 0.127624 11.283660 15.400172 19.208475 0.148115 15.673304 0.000147 0.000344 14.320630 0.921497 30.692175 16.941586 10.880171 10.428361 25.673099 25.933698 21.936133 21.578170 20.910956 0.000000 31.670604 28.990764 29.507832 20.914505 18.240037 15.610712 11.642931 0.000213 27.548480 -9999.0 -9999.0 -9999.0 -9999.0 -9999.0 -9999.0 -9999.0 -9999.0
-9999.0 -9999.0 -9999.0 -9999.0 -9999.0 -9999.0 -9999.0 -9999.0 -9999.0 -9999.0 -9999.0 -9999.0 -9999.0 -9999.0 -9999.0 -9999.0 -9999.0 -9999.0 -9999.0 0.000510 0.171104 0.245839 0.142315 11.250344 0.000264 10.864188 15.157127 0.237686 0.628663 14.502142 10.932256 0.169728 0.522907 32.469044 13.447211 19.956417 9.681201 17.500637 15.700392 17.538409 16.785750 16.821300 16.706852 0.000000 26.044144 22.308321 23.811221 15.191153 13.165858 11.058736 0.000172 0.218049 21.533622 -9999.0 -9999.0 -9999.0 -9999.0 -9999.0 -9999.0 -9999.0 -9999.0
-9999.0 -9999.0 -9999.0 -9999.0 -9999.0 -9999.0 -9999.0 -9999.0 -9999.0 -9999.0 -9999.0 -9999.0 -9999.0 -9999.0 -9999.0 -9999.0 -9999.0 -9999.0 -9999.0 -9999.0 13.170983 15.287073 20.484316 11.184369 0.000241 9.949506 14.584896 0.000134 39.608732 13.770709 10.581749 21.049418 0.162114 25.308329 22.817136 8.702085 16.248712 15.876396 12.242180 14.567758 12.307524 12.440770 12.395820 0.000282 21.872406 19.598934 20.846878 12.393804 8.934236 0.403331 0.110320 19.749284 19.573934 -9999.0 -9999.0 -9999.0 -9999.0 -9999.0 -9999.0 -9999.0 -9999.0
-9999.0 -9999.0 -9999.0 -9999.0 -9999.0 -9999.0 -9999.0 -9999.0 -9999.0 -9999.0 -9999.0 -9999.0 -9999.0 -9999.0 -9999.0 -9999.0 -9999.0 -9999.0 -9999.0 -9999.0 -9999.0 11.367069 11.076915 13.591050 0.000262 9.605370 0.000126 0.000181 15.758522 32.572409 10.542640 16.352579 0.000318 14.763051 20.885446 19.372496 15.060704 11.516038 7.948275 10.725711 8.370644 8.383849 8.965575 0.000278 19.956756 16.401699 17.860731 8.740395 17.513394 0.063642 12.863405 15.289653 16.107024 -9999.0 -9999.0 -9999.0 -9999.0 -9999.0 -9999.0 -9999.0 -9999.0
-9999.0 -9999.0 -9999.0 -9999.0 -9999.0 -9999.0 -9999.0 -9999.0 -9999.0 -9999.0 -9999.0 -9999.0 -9999.0 -9999.0 -9999.0 -9999.0 -9999.0 -9999.0 -9999.0 -9999.0 -9999.0 -9999.0 -9999.0 9.389962 0.078911 10.958892 0.068647 0.061562 9.942704 28.827887 12.877189 11.385870 0.313090 21.171113 10.500589 16.771700 16.154228 9.554270 6.682649 7.862760 0.000497 0.000085 0.000423 0.069361 18.324088 14.111284 16.725130 16.051477 7.121728 0.060241 9.181303 11.683116 12.567068 -9999.0 -9999.0 -9999.0 -9999.0 -9999.0 -9999.0 -9999.0 -9999.0
-9999.0 -9999.0 -9999.0 -9999.0 -9999.0 -9999.0 -9999.0 -9999.0 -9999.0 -9999.0 -9999.0 -9999.0 -9999.0 -9999.0 -9999.0 -9999.0 -9999.0 -9999.0 -9999.0 -9999.0 -9999.0 -9999.0 -9999.0 8.607582 0.079424 10.215172 0.066704 0.100471 8.468932 28.462769 11.201328 0.000178 0.156697 14.043457 14.855960 6.801210 14.484567 13.239018 6.013805 7.246671 0.226969 0.482555 0.318269 8.641634 14.798731 9.898124 12.149616 15.058727 6.314131 0.057275 0.000084 7.962872 8.124080 -9999.0 -9999.0 -9999.0 -9999.0 -9999.0 -9999.0 -9999.0 -9999.0
