geotop/1.0zi/1.0Montebello/Templates/Duarrigle2006/maps/PSILIQL0002N0059.asc
ncols         76
nrows         123
xllcorner     110555.058093
yllcorner     85388.025579
cellsize      200.000000
NODATA_value  -9999.0
[rows 50 to 74 of 123, columns 0 to 55 of 76]
-9999.0 -9999.0 -9999.0 -9999.0 -9999.0 -9999.0 -488.270011 -488.272441 -488.269088 -488.277488 -488.263906 -488.246508 -488.251661 -488.277196 -488.280010 -488.282268 -488.282400 -489.558670 -489.559713 -489.558826 -489.558649 -489.554500 -489.552114 -489.567600 -489.485030 -489.555158 -489.559517 -489.567538 -489.554224 -489.567866 -489.556589 -489.556450 -489.556039 -489.558919 -489.558047 -489.557991 -489.556267 -489.557077 -489.543089 -489.556526 -489.558183 -489.559209 -489.554444 -489.567770 -489.558242 -489.553046 -489.555282 -489.558603 -489.557705 -489.559323 -489.558138 -489.557638 -489.557962 -489.559665 -489.559840 -489.559852
-9999.0 -9999.0 -9999.0 -9999.0 -9999.0 -9999.0 -488.281430 -488.283197 -488.282166 -488.283098 -488.257802 -488.277630 -488.270036 -488.278884 -488.274341 -488.279108 -488.278796 -489.558124 -489.557584 -489.557975 -489.555115 -489.552140 -489.552290 -489.557708 -489.414434 -489.558539 -489.563623 -489.562672 -489.554980 -489.559966 -489.559932 -489.559034 -489.558085 -489.557385 -489.556816 -489.625228 -489.613457 -489.550741 -489.541388 -489.553902 -489.557712 -489.554787 -489.549386 -489.567758 -489.537980 -489.541323 -489.546980 -489.556288 -489.555659 -489.559402 -489.567779 -489.555459 -489.557354 -489.559161 -489.556131 -489.558221
-9999.0 -9999.0 -9999.0 -9999.0 -9999.0 -9999.0 -9999.0 -9999.0 -488.278194 -488.264897 -488.270296 -488.244400 -488.228512 -488.312468 -488.313195 -488.314040 -488.313873 -488.256069 -489.554998 -489.558433 -489.559851 -489.559854 -489.558421 -489.612102 -489.433809 -489.559086 -489.559625 -489.555079 -489.558705 -489.559839 -489.557905 -489.557612 -489.557366 -489.553470 -489.557053 -489.558058 -489.557218 -489.554835 -489.554392 -489.540751 -489.554193 -489.551461 -489.567647 -489.566892 -489.549248 -489.554163 -489.558365 -489.557798 -489.557811 -489.549867 -489.567547 -489.567818 -489.559662 -489.553351 -489.554325 -489.554968
-9999.0 -9999.0 -9999.0 -9999.0 -9999.0 -9999.0 -9999.0 -9999.0 -9999.0 -9999.0 -488.277962 -488.279239 -488.280152 -488.271333 -488.265374 -488.262986 -488.313438 -488.314024 -488.298053 -488.298858 -488.328064 -488.298904 -488.297407 -489.571252 -489.475959 -489.558562 -489.559757 -489.556404 -489.559117 -489.559558 -489.556403 -489.554193 -489.554019 -489.567675 -489.567675 -489.567586 -489.554801 -489.554283 -489.554871 -489.550797 -489.533264 -489.546614 -489.567304 -489.554507 -489.558207 -489.558981 -489.557977 -489.558245 -489.557356 -489.554019 -489.552030 -489.567719 -489.567663 -489.567618 -489.567498 -489.567307
-9999.0 -9999.0 -9999.0 -9999.0 -9999.0 -9999.0 -9999.0 -9999.0 -9999.0 -9999.0 -9999.0 -9999.0 -488.278161 -488.281140 -488.283240 -488.259567 -488.282170 -488.281546 -488.276188 -488.200691 -488.297194 -488.325801 -489.558180 -489.558401 -489.567708 -489.411200 -489.558960 -489.553801 -489.556147 -489.554189 -489.557669 -489.552038 -489.567734 -489.567774 -489.557839 -489.557481 -489.555870 -489.557180 -489.557088 -489.550733 -489.556108 -489.563425 -489.567547 -489.552726 -489.553790 -489.555969 -489.558122 -489.558641 -489.553454 -489.556898 -489.554003 -489.552485 -489.554286 -489.559646 -489.558459 -489.558341
-9999.0 -9999.0 -9999.0 -9999.0 -9999.0 -9999.0 -9999.0 -9999.0 -9999.0 -9999.0 -9999.0 -9999.0 -9999.0 -488.265116 -488.259181 -488.265225 -488.256657 -488.217181 -488.216627 -488.241361 -489.558041 -489.558830 -489.557062 -489.556360 -489.558040 -489.431585 -489.567587 -489.554019 -489.552362 -489.559166 -489.567707 -489.567501 -489.567772 -489.557837 -489.558756 -489.557693 -489.558644 -489.554403 -489.556344 -489.557634 -489.546866 -489.570016 -489.553502 -489.557936 -489.556208 -489.557150 -489.558901 -489.554325 -489.549549 -489.556580 -489.558165 -489.558698 -489.557932 -489.554080 -489.550407 -489.544726
-9999.0 -9999.0 -9999.0 -9999.0 -9999.0 -9999.0 -9999.0 -9999.0 -9999.0 -9999.0 -9999.0 -9999.0 -9999.0 -488.267460 -488.276941 -488.248858 -488.242388 -488.247336 -489.555738 -489.556921 -489.559131 -489.557953 -489.550980 -489.549116 -489.535933 -489.427229 -489.558827 -489.567446 -489.567778 -489.570816 -489.567757 -489.554364 -489.559485 -489.559567 -489.558631 -489.559444 -489.555243 -489.550898 -489.557969 -489.551787 -489.567613 -489.566577 -489.558404 -489.558302 -489.553606 -489.554146 -489.557991 -489.548670 -489.545390 -489.567723 -489.621472 -489.554872 -489.557733 -489.559179 -489.556808 -489.556649
-9999.0 -9999.0 -9999.0 -9999.0 -9999.0 -9999.0 -9999.0 -9999.0 -9999.0 -9999.0 -9999.0 -9999.0 -9999.0 -9999.0 -489.557263 -489.559077 -489.559596 -489.558155 -489.558090 -489.558411 -489.555417 -489.544763 -489.531756 -489.540115 -489.556415 -489.567803 -489.228232 -489.556976 -489.554576 -489.554821 -489.559074 -489.559945 -489.559718 -489.558768 -489.558985 -489.556222 -489.551931 -489.546994 -489.555127 -489.556814 -489.564846 -489.558264 -489.558947 -489.556969 -489.551328 -489.550395 -489.552974 -489.548114 -489.567599 -489.567656 -489.545800 -489.549607 -489.553581 -489.558119 -489.558848 -489.559070
-9999.0 -9999.0 -9999.0 -9999.0 -9999.0 -9999.0 -9999.0 -9999.0 -9999.0 -9999.0 -9999.0 -9999.0 -9999.0 -489.556697 -489.557636 -489.558688 -489.559312 -489.557758 -489.557762 -489.558060 -489.556900 -489.556671 -489.551933 -489.558773 -489.559218 -489.558429 -489.567282 -489.273529 -489.553702 -489.555081 -489.559005 -489.559380 -489.558658 -489.557661 -489.548374 -489.544565 -489.538904 -489.531101 -489.555628 -489.563678 -489.567742 -489.558208 -489.558253 -489.554587 -489.548381 -489.548698 -489.541758 -489.557942 -489.567770 -489.556567 -489.557829 -489.557216 -489.556598 -489.558267 -489.557705 -489.550131
-9999.0 -9999.0 -9999.0 -9999.0 -9999.0 -9999.0 -9999.0 -9999.0 -9999.0 -9999.0 -9999.0 -9999.0 -489.555707 -489.548052 -489.542701 -489.538030 -489.535387 -489.538131 -489.555050 -489.557588 -489.559142 -489.559507 -489.558530 -489.558066 -489.554710 -489.553379 -489.544465 -489.391049 -489.551343 -489.552700 -489.555284 -489.557062 -489.559360 -489.558441 -489.559120 -489.558336 -489.551589 -489.546803 -489.525734 -489.565618 -489.557979 -489.558337 -489.557914 -489.553803 -489.546232 -489.547210 -489.539596 -489.571532 -489.621479 -489.551199 -489.556782 -489.557071 -489.551437 -489.556933 -489.554468 -489.558783
-9999.0 -9999.0 -9999.0 -9999.0 -9999.0 -9999.0 -9999.0 -9999.0 -9999.0 -9999.0 -9999.0 -9999.0 -489.557540 -489.557532 -489.554419 -489.558304 -489.558809 -489.559674 -489.540913 -489.553562 -489.558867 -489.558796 -489.558627 -489.559150 -489.558502 -489.555500 -489.540106 -489.446369 -489.555000 -489.557505 -489.553971 -489.556983 -489.559914 -489.558993 -489.558601 -489.559114 -489.557668 -489.553379 -489.550219 -489.558852 -489.621552 -489.556116 -489.555245 -489.552821 -489.557371 -489.567197 -489.558868 -489.567377 -489.543772 -489.556415 -489.554886 -489.544227 -489.542026 -489.553104 -489.557184 -489.557006
-9999.0 -9999.0 -9999.0 -9999.0 -9999.0 -9999.0 -9999.0 -9999.0 -9999.0 -9999.0 -9999.0 -9999.0 -9999.0 -489.558185 -489.558988 -489.559534 -489.557730 -489.567787 -489.567799 -489.567192 -489.567081 -489.567751 -489.553660 -489.557790 -489.555249 -489.553263 -489.206962 -489.566525 -489.538335 -489.538478 -489.542128 -489.548927 -489.553703 -489.557898 -489.559410 -489.554801 -489.551680 -489.550673 -489.558099 -489.558257 -489.561865 -489.628576 -489.566738 -489.563008 -489.567102 -489.567635 -489.550669 -489.554771 -489.559261 -489.555610 -489.557878 -489.557611 -489.557069 -489.535532 -489.554320 -489.553843
-9999.0 -9999.0 -9999.0 -9999.0 -9999.0 -9999.0 -9999.0 -9999.0 -9999.0 -9999.0 -9999.0 -9999.0 -9999.0 -9999.0 -489.557226 -489.567643 -489.567702 -489.567713 -489.557408 -489.559266 -489.556353 -489.567948 -489.567547 -489.567703 -489.559521 -489.558251 -489.281028 -489.567699 -489.557479 -489.550956 -489.549471 -489.554577 -489.558637 -489.558020 -489.559021 -489.555508 -489.558463 -489.556945 -489.547884 -489.554622 -489.561738 -489.567007 -489.551868 -489.552288 -489.555154 -489.555594 -489.558709 -489.559665 -489.559013 -489.556046 -489.557984 -489.556982 -489.554896 -489.556550 -489.567445 -489.567656
-9999.0 -9999.0 -9999.0 -9999.0 -9999.0 -9999.0 -9999.0 -9999.0 -9999.0 -9999.0 -9999.0 -9999.0 -9999.0 -9999.0 -489.557806 -489.558915 -489.557441 -489.557909 -489.557699 -489.559884 -489.560655 -489.559662 -489.551860 -489.567549 -489.567252 -489.566838 -489.438235 -489.605759 -489.550896 -489.559320 -489.557677 -489.559679 -489.559599 -489.556538 -489.557801 -489.556124 -489.553898 -489.556056 -489.557938 -489.543180 -489.549165 -489.558234 -489.556526 -489.556578 -489.555820 -489.558759 -489.558018 -489.558191 -489.558896 -489.557554 -489.557338 -489.555114 -489.612253 -489.567763 -489.623167 -489.571521
-9999.0 -9999.0 -9999.0 -9999.0 -9999.0 -9999.0 -9999.0 -9999.0 -9999.0 -9999.0 -9999.0 -9999.0 -9999.0 -9999.0 -489.558568 -489.555820 -489.557401 -489.556967 -489.557064 -489.556479 -489.557978 -489.557504 -489.559985 -489.552300 -489.555012 -489.556159 -489.554110 -489.414142 -489.567778 -489.558157 -489.554598 -489.556077 -489.553867 -489.557895 -489.553696 -489.556732 -489.552651 -489.552237 -489.549433 -489.555191 -489.567648 -489.553541 -489.558051 -489.558777 -489.557206 -489.557396 -489.556897 -489.558704 -489.555578 -489.550243 -489.552701 -489.555756 -489.550657 -489.558480 -489.556328 -489.556397
-9999.0 -9999.0 -9999.0 -9999.0 -9999.0 -9999.0 -9999.0 -9999.0 -9999.0 -9999.0 -9999.0 -9999.0 -9999.0 -489.558992 -489.559076 -489.556353 -489.549934 -489.553930 -489.553887 -489.553422 -489.556793 -489.554765 -489.552681 -489.556468 -489.559749 -489.559936 -489.559478 -489.552416 -489.313316 -489.567497 -489.553881 -489.550562 -489.559286 -489.554706 -489.553839 -489.553130 -489.558103 -489.549788 -489.567419 -489.555440 -489.559395 -489.560181 -489.559302 -489.558129 -489.558087 -489.558015 -489.557914 -489.567732 -489.567710 -489.543209 -489.549117 -489.555175 -489.556708 -489.549378 -489.553808 -489.558099
-9999.0 -9999.0 -9999.0 -9999.0 -9999.0 -9999.0 -9999.0 -9999.0 -9999.0 -489.557806 -489.556601 -489.558697 -489.557192 -489.556888 -489.551551 -489.550431 -489.543417 -489.551408 -489.552008 -489.551426 -489.558252 -489.558834 -489.559214 -489.559598 -489.557800 -489.559159 -489.558984 -489.554764 -489.550202 -489.419003 -489.557567 -489.548784 -489.558779 -489.546796 -489.558468 -489.551494 -489.557455 -489.553721 -489.519694 -489.559039 -489.560301 -489.558141 -489.555665 -489.555643 -489.554991 -489.557780 -489.556219 -489.552282 -489.567719 -489.567489 -489.612249 -489.555419 -489.558221 -489.559234 -489.547901 -489.548562
-9999.0 -9999.0 -9999.0 -9999.0 -9999.0 -9999.0 -9999.0 -9999.0 -489.557222 -489.556610 -489.541299 -489.556686 -489.553463 -489.557781 -489.556858 -489.554757 -489.540290 -489.552858 -489.551206 -489.550195 -489.558694 -489.559044 -489.560419 -489.558876 -489.552499 -489.559032 -489.555305 -489.551941 -489.547123 -489.376046 -489.532754 -489.553286 -489.548713 -489.557126 -489.559357 -489.549639 -489.567708 -489.552443 -489.565713 -489.557829 -489.559098 -489.552388 -489.553571 -489.553455 -489.555223 -489.558053 -489.552304 -489.558498 -489.558381 -489.557857 -489.567794 -489.567765 -489.567764 -489.558372 -489.554878 -489.547235
-9999.0 -9999.0 -9999.0 -9999.0 -9999.0 -9999.0 -9999.0 -9999.0 -489.555702 -489.550216 -489.540799 -489.552533 -489.549908 -489.557121 -489.556813 -489.554924 -489.551440 -489.537147 -489.546774 -489.549044 -489.556306 -489.556185 -489.559247 -489.553011 -489.549957 -489.558179 -489.553449 -489.551148 -489.545349 -489.567760 -489.233598 -489.384803 -489.557823 -489.556103 -489.557213 -489.537605 -489.554663 -489.557101 -489.552473 -489.520796 -489.527662 -489.533887 -489.540866 -489.546874 -489.551910 -489.556648 -489.550634 -489.556717 -489.553235 -489.553452 -489.556022 -489.552597 -489.567674 -489.567605 -489.567283 -489.571087
-9999.0 -9999.0 -9999.0 -9999.0 -9999.0 -9999.0 -9999.0 -9999.0 -489.556059 -489.552682 -489.548353 -489.505629 -489.549371 -489.557013 -489.558495 -489.559362 -489.559610 -489.559538 -489.533298 -489.521945 -489.551217 -489.551558 -489.567794 -489.549922 -489.547144 -489.557406 -489.553341 -489.550808 -489.557455 -489.558851 -489.621501 -489.626267 -489.329400 -489.612222 -489.540652 -489.612190 -489.558443 -489.559580 -489.558025 -489.545554 -489.554901 -489.557953 -489.557593 -489.555929 -489.557985 -489.554109 -489.550192 -489.558317 -489.557871 -489.544375 -489.555029 -489.556924 -489.555686 -489.558995 -489.558306 -489.559180
-9999.0 -9999.0 -9999.0 -9999.0 -9999.0 -9999.0 -9999.0 -489.558858 -489.557906 -489.558334 -489.556718 -489.505906 -489.558105 -489.559237 -489.559774 -489.557574 -489.557499 -489.554843 -489.567745 -489.569446 -489.552000 -489.554238 -489.552575 -489.555528 -489.507178 -489.554740 -489.556597 -489.558171 -489.557393 -489.557616 -489.557629 -489.612259 -489.299863 -489.530157 -489.556571 -489.548955 -489.552697 -489.557686 -489.559176 -489.557536 -489.550664 -489.557415 -489.555209 -489.553575 -489.557550 -489.551382 -489.550394 -489.554096 -489.554245 -489.546064 -489.553366 -489.555405 -489.557031 -489.558577 -489.558362 -489.558509
-9999.0 -9999.0 -9999.0 -9999.0 -9999.0 -9999.0 -489.557421 -489.558249 -489.554646 -489.555374 -489.527608 -489.557630 -489.559345 -489.559057 -489.556772 -489.557642 -489.552824 -489.566939 -489.565451 -489.548903 -489.547699 -489.553311 -489.554377 -489.557632 -489.551017 -489.567395 -489.511904 -489.566188 -489.547694 -489.545293 -489.541453 -489.557880 -489.192228 -489.557104 -489.553173 -489.554974 -489.556594 -489.558399 -489.556248 -489.552274 -489.555388 -489.556167 -489.546247 -489.556970 -489.557252 -489.553526 -489.540486 -489.536193 -489.538553 -489.552524 -489.557806 -489.553129 -489.557068 -489.558412 -489.552484 -489.547130
-9999.0 -9999.0 -9999.0 -9999.0 -9999.0 -9999.0 -489.553311 -489.556498 -489.551709 -489.546454 -489.567221 -489.564584 -489.621527 -489.559896 -489.556062 -489.553977 -489.566229 -489.567711 -489.542851 -489.550586 -489.551429 -489.557791 -489.557700 -489.555709 -489.555784 -489.551131 -489.548409 -489.558780 -489.546587 -489.554108 -489.557676 -489.567745 -489.352906 -489.567685 -489.553443 -489.558260 -489.558904 -489.557350 -489.554754 -489.550054 -489.549723 -489.552972 -489.538916 -489.551923 -489.558044 -489.558457 -489.558528 -489.556101 -489.521381 -489.553985 -489.557345 -489.551253 -489.553624 -489.558800 -489.552830 -489.555825
-9999.0 -9999.0 -9999.0 -9999.0 -9999.0 -9999.0 -489.549197 -489.552161 -489.556230 -489.557391 -489.557190 -489.555712 -489.567692 -489.567774 -489.559270 -489.567737 -489.621509 -489.552210 -489.542892 -489.551900 -489.555970 -489.557706 -489.558525 -489.558435 -489.555265 -489.552935 -489.557220 -489.551598 -489.557790 -489.557903 -489.558938 -489.558894 -489.321262 -489.611998 -489.559803 -489.558796 -489.558194 -489.555394 -489.554668 -489.557331 -489.555534 -489.544471 -489.529577 -489.545119 -489.557187 -489.556171 -489.553291 -489.567333 -489.570746 -489.566651 -489.553794 -489.550804 -489.551730 -489.558184 -489.549594 -489.554504
-9999.0 -9999.0 -9999.0 -9999.0 -9999.0 -9999.0 -489.549991 -489.550090 -489.551421 -489.555417 -489.555030 -489.556942 -489.558522 -489.559054 -489.558174 -489.557745 -489.558037 -489.551460 -489.551944 -489.555423 -489.557897 -489.556595 -489.558321 -489.558099 -489.557959 -489.556346 -489.558230 -489.552704 -489.558128 -489.558777 -489.558327 -489.558659 -489.242883 -489.558342 -489.552693 -489.551264 -489.556259 -489.553535 -489.550635 -489.557321 -489.549497 -489.557427 -489.555538 -489.521787 -489.553642 -489.548352 -489.550589 -489.556363 -489.552774 -489.567737 -489.567543 -489.557732 -489.550509 -489.554185 -489.545039 -489.558471
