geotop/1.0zi/1.0Montebello/Templates/Duarrigle2006/maps/PSILIQL0000N0055.asc
ncols         76
nrows         123
xllcorner     110555.058093
yllcorner     85388.025579
cellsize      200.000000
NODATA_value  -9999.0
[rows 81 to 107 of 123, columns 0 to 60 of 76]
-9999.0 -9999.0 -9999.0 -9999.0 22.415966 25.220327 16.721101 20.995470 19.604556 17.258052 16.409785 17.610672 14.107020 14.398476 20.093777 16.942240 13.904669 16.780041 0.000760 0.248047 16.870829 33.751291 27.078841 0.146322 0.000747 0.253792 18.161363 22.692847 27.360522 21.779351 16.523169 27.139846 126.108906 123.216587 1163.312303 147.080209 21.806930 30.448718 24.768674 17.201519 27.935806 19.064236 14.456965 0.203248 0.397734 17.752995 16.560144 23.389620 22.810759 16.698845 28.212499 18.135094 20.020488 15.675958 17.997810 61.578476 50.409396 1407.764612 0.005174 15.411301 15.787678
-9999.0 -9999.0 -9999.0 16.837884 43.839139 25.263126 15.866656 25.637457 18.896665 18.959104 15.965494 18.595886 22.696989 29.805825 21.728235 29.906687 17.673467 36.339860 40.290973 0.531258 0.146084 269.488551 257.343579 2.607237 31.809774 0.331299 0.259919 0.284738 0.397624 57.331880 0.496972 0.004136 0.388600 0.005174 86.309019 1362.343904 77.348001 22.429755 34.217205 40.914937 14.183574 17.084828 14.077491 0.123106 0.000745 22.438168 21.375595 26.353741 26.414330 23.161606 31.826437 22.445433 14.303768 25.447910 25.114335 85.544985 201.476705 898.250781 1799.445960 1841.038439 0.261086
-9999.0 -9999.0 -9999.0 19.070124 0.635455 0.591027 14.391580 28.906687 25.733842 27.660352 14.784778 18.990159 22.536017 33.727260 48.929015 72.975363 96.411210 99.488862 95.214532 3.120503 117.438706 0.249536 49.946318 27.952854 14.217010 14.638972 15.054660 0.626303 1.139983 0.405399 0.285852 0.455356 25.554928 13.917472 32.889376 33.936206 1157.202343 13.562448 47.787220 0.696852 0.005174 21.462463 15.652432 22.575630 0.001014 0.250331 36.059993 33.924720 34.015793 28.099253 36.025715 30.721690 19.444319 29.538751 1746.106824 1926.348060 1347.890731 56.699842 191.788728 16.577293 1656.684541
-9999.0 -9999.0 -9999.0 25.796668 17.259754 0.137082 28.948296 15.487311 27.895530 37.302773 15.330257 16.292077 14.597605 16.886371 21.450191 16.235797 15.090629 15.964432 18.376571 116.132244 31.813073 23.411760 32.683108 14.183640 13.412090 30.473086 37.470578 56.414600 0.001016 30.806903 23.157846 22.767593 23.139089 19.179852 15.636722 21.315449 36.970348 1549.307286 1421.799647 1539.975924 1610.600552 1189.498044 0.204998 386.604412 1659.996321 1755.600133 1550.257670 1786.550791 73.603229 2316.625689 2233.005692 1924.659024 1402.448477 2057.944013 0.005174 24.259601 19.674527 1.206339 17.223579 14.686450 0.457725
-9999.0 -9999.0 21.897744 32.244760 49.362585 0.932267 0.141241 12.599314 16.502590 61.468366 21.187900 16.146761 15.038769 13.178244 13.632282 17.539146 20.492544 26.595883 93.643363 0.370969 20.244248 14.576295 25.264729 13.190932 20.666392 24.423561 36.286674 34.561968 0.163105 23.728661 16.321265 14.951123 15.150410 14.655521 14.615512 26.179720 22.577820 26.912178 0.404664 25.185716 101.793660 273.248243 1503.936895 1577.227080 122.251047 115.037081 23.948418 885.498868 1382.854509 18.112892 18.204835 23.078613 23.382115 15.972260 13.894155 15.436079 15.558177 94.709705 16.816526 15.929267 0.370449
-9999.0 -9999.0 17.250101 16.078602 25.909793 34.268390 0.421602 0.002759 20.968651 60.061228 16.000114 18.017128 20.264829 15.155024 23.014253 29.434280 18.148685 132.247306 0.446763 22.372755 17.477139 14.131342 21.905956 13.817406 18.701279 22.543305 27.706798 29.737292 0.239404 16.051879 15.785693 20.996366 18.469336 18.471730 25.189543 20.915643 20.034695 13.579836 16.894243 18.933004 134.858887 18.465393 26.315389 26.445092 24.952210 25.330037 17.355335 28.707853 87.132220 0.259515 15.549263 15.161819 16.261158 17.121845 31.325907 17.476140 17.494855 218.061672 16.409043 17.663269 0.266414
-9999.0 -9999.0 -9999.0 16.044927 15.363444 -9999.0 17.425780 0.147885 0.244341 2.067831 24.576017 0.005166 0.372106 1.654007 0.280457 0.395457 148.768470 0.955949 38.412255 15.378604 13.051154 13.938487 17.082404 14.423800 19.149759 18.765136 19.152608 20.692161 0.581668 0.234149 22.788777 33.976959 17.194530 16.321632 15.843872 16.411239 15.273774 13.741132 16.782241 115.455492 188.019517 17.742867 17.918052 17.798961 17.511276 17.744246 16.221538 24.087985 28.099505 56.083190 20.167219 19.279191 18.262236 19.544287 36.008027 30.273015 172.050456 0.002758 14.305815 17.847209 0.001460
-9999.0 -9999.0 -9999.0 -9999.0 -9999.0 -9999.0 -9999.0 -9999.0 23.740825 0.244360 0.458947 0.359450 85.398014 41.681347 17.046403 25.316880 133.413399 51.693496 36.310450 22.776867 23.264579 18.592278 16.733702 16.669775 15.201974 14.338971 13.756173 14.345300 25.108493 17.861969 17.898062 40.077032 16.275608 15.519989 15.880973 14.939613 13.134935 0.125917 145.999539 0.002758 23.919972 15.302044 20.702755 20.878420 20.265930 19.381632 18.168262 18.948892 18.659685 0.005046 36.418126 37.416437 33.721574 38.171014 44.758377 350.530518 0.511594 26.112578 16.763512 19.818892 0.353733
-9999.0 -9999.0 -9999.0 -9999.0 -9999.0 -9999.0 -9999.0 -9999.0 -9999.0 16.844193 25.450573 32.234489 71.106406 33.189812 17.023488 18.054698 68.908888 86.782312 51.778644 29.287305 28.836118 26.252014 17.181977 17.246367 15.824858 14.905994 15.828869 15.687212 16.226899 19.355541 27.552751 38.006179 20.375760 22.017361 23.318289 16.741039 0.124786 148.716340 2.226603 44.213371 22.376365 21.838313 34.284105 51.717575 173.794171 186.284491 160.974402 2.259242 0.016872 0.281002 29.427126 22.850423 54.423987 55.097748 0.614467 231.115962 41.522519 26.402011 16.602850 20.003994 0.176884
-9999.0 -9999.0 -9999.0 -9999.0 -9999.0 -9999.0 -9999.0 -9999.0 -9999.0 15.918113 23.961375 51.470134 33.659780 28.170072 17.459235 0.271357 40.539778 18.117607 23.875268 47.114165 46.324945 48.210428 20.324057 20.830446 0.869253 0.162217 0.813729 0.421555 0.001488 0.342267 0.270981 0.449635 0.746040 119.371948 142.697287 313.563722 123.594460 0.002758 22.847157 93.453834 34.444055 17.898173 31.718908 105.185605 27.780041 26.939325 18.294238 0.664717 0.134382 19.237313 17.925324 15.846046 20.524879 29.851119 0.393015 219.317784 35.624098 27.841904 15.737590 20.271462 0.431410
-9999.0 -9999.0 -9999.0 -9999.0 -9999.0 -9999.0 -9999.0 -9999.0 -9999.0 17.531828 35.896169 30.634752 26.005534 18.767781 17.317052 36.467554 28.547987 29.298084 17.383876 21.554970 19.942400 17.387054 23.441152 29.954256 19.253389 40.154179 21.092988 16.363835 18.645393 20.824042 15.560960 30.709205 43.603091 25.048045 71.655190 15.432686 25.503558 20.299544 18.884400 116.477063 31.985615 21.348497 20.302611 69.731858 17.692237 19.796381 44.602946 0.000746 0.130941 18.077325 19.801432 25.044582 37.922426 46.112301 123.833920 100.074785 44.151250 29.524111 15.907032 17.615174 0.253201
-9999.0 -9999.0 -9999.0 -9999.0 -9999.0 -9999.0 -9999.0 -9999.0 -9999.0 23.726361 24.594945 24.002837 19.266582 17.568792 28.083798 0.005166 0.012012 16.103230 20.370783 16.618339 13.338020 13.775908 15.964893 24.533461 28.406180 24.171865 16.331269 14.024427 12.630321 16.198820 25.791119 19.767312 1.246883 16.591602 61.034923 15.018022 24.016544 17.526322 83.202728 16.544412 22.177769 16.285380 16.196312 64.995563 24.535667 41.273437 0.002758 0.641167 0.481017 16.860843 18.941666 25.240654 65.095228 11.549814 0.715454 74.684119 31.566167 19.874449 13.558374 14.983257 0.416999
-9999.0 -9999.0 -9999.0 -9999.0 -9999.0 -9999.0 -9999.0 -9999.0 -9999.0 13.998623 14.387146 16.878341 18.634320 21.842381 18.292094 0.217516 1.776076 56.559559 36.074821 33.406465 30.696212 24.717827 17.402621 21.380965 16.515418 16.527019 16.148310 15.529936 15.484134 14.284885 14.785127 15.768771 62.227757 16.847950 16.120449 46.855445 18.893853 16.455924 90.203960 44.679251 20.807188 18.090502 197.700864 15.956240 19.805451 25.414057 0.000749 48.149075 26.277459 17.641312 30.693952 32.582061 126.519162 0.147085 55.339201 30.866584 20.351735 19.260810 14.412519 15.243785 17.522958
-9999.0 -9999.0 -9999.0 -9999.0 -9999.0 -9999.0 -9999.0 -9999.0 -9999.0 14.570249 16.666230 21.453699 16.464584 16.119126 18.008942 0.158218 0.001006 61.032327 29.010633 30.632386 24.977885 17.942931 19.762418 24.134703 20.176453 24.927771 26.577078 21.322963 21.886015 21.927996 16.776999 54.332231 0.242309 14.171990 28.815794 49.594805 19.906920 55.031680 36.806384 44.630196 21.319893 44.706386 25.056539 20.379896 14.119347 0.000776 0.144284 39.792727 18.803243 14.673060 17.553455 123.503549 17.172424 0.379623 29.146029 23.985621 19.774298 14.230652 15.172785 -9999.0 -9999.0
-9999.0 -9999.0 -9999.0 -9999.0 -9999.0 -9999.0 -9999.0 20.745632 40.683389 34.151131 1.230131 0.160732 0.353241 0.475350 0.258268 21.333329 0.146534 17.003366 62.933359 71.490688 25.761241 18.994213 20.775415 27.320222 26.520696 32.672143 32.327049 30.853842 31.274975 42.132313 0.613114 0.214361 14.350536 20.425292 27.651060 43.658609 36.309338 34.575922 29.642603 38.074038 15.939725 46.252247 17.570133 4.736533 0.316079 1.913403 16.241806 33.303183 18.188981 33.521679 106.799876 18.221183 0.001022 0.709759 25.134042 20.149402 20.749067 14.039517 -9999.0 -9999.0 -9999.0
-9999.0 -9999.0 -9999.0 -9999.0 -9999.0 -9999.0 -9999.0 0.001376 20.666091 33.389969 15.454731 15.274013 30.501106 16.426517 0.001005 0.495242 0.000745 0.258727 24.820838 19.408841 52.691144 45.968423 37.805954 23.320520 17.454838 16.215629 24.190291 77.043091 98.775914 3.494581 0.132015 0.136748 20.377409 16.419856 16.138058 35.078513 34.804774 26.294192 22.024535 31.877901 32.216027 17.561555 124.902083 0.001011 29.409501 66.189731 14.714834 27.966636 19.449289 86.113178 16.139213 0.190862 0.123008 38.137055 24.041807 19.387548 14.372159 15.477016 -9999.0 -9999.0 -9999.0
-9999.0 -9999.0 -9999.0 -9999.0 -9999.0 -9999.0 -9999.0 0.004921 16.966370 20.174155 17.105517 25.388944 25.052146 33.592865 0.993982 38.814470 15.832839 0.134181 0.002748 32.961482 25.045737 27.538673 26.155272 18.527452 19.530710 23.145946 36.191820 21.480612 17.613742 0.204317 17.229826 0.001571 14.314939 14.335357 14.611689 27.507852 30.768929 21.921780 16.571118 27.507373 32.528780 111.615603 24.505781 0.001450 24.110252 72.264387 21.744880 14.497517 77.542528 21.400712 13.189234 0.001423 14.428520 28.608638 13.616600 20.156337 16.474983 -9999.0 -9999.0 -9999.0 -9999.0
-9999.0 -9999.0 -9999.0 -9999.0 -9999.0 -9999.0 -9999.0 -9999.0 -9999.0 -9999.0 15.808140 15.226234 17.692850 47.815318 0.001440 19.414788 26.550962 17.994359 0.627946 15.299212 19.748659 15.402827 24.188973 17.568086 26.161629 27.761641 14.971361 17.630549 0.133159 0.141128 15.402674 0.359115 0.471990 24.502188 18.611048 24.115096 28.739210 17.377624 21.911338 26.061582 29.621660 117.692203 18.356204 0.157894 17.997400 71.639635 17.827479 24.042523 94.156115 16.383325 0.005174 1.072597 0.000963 15.487698 20.945815 19.586908 -9999.0 -9999.0 -9999.0 -9999.0 -9999.0
-9999.0 -9999.0 -9999.0 -9999.0 -9999.0 -9999.0 -9999.0 -9999.0 -9999.0 -9999.0 -9999.0 19.325819 24.884067 58.155705 0.001012 0.149495 18.609240 16.789688 0.174278 19.022265 16.625353 16.692488 20.623731 17.726414 16.154150 14.897007 16.966463 25.526518 0.239432 0.127302 15.446590 30.556198 0.729785 24.904921 18.110827 17.318999 23.864476 14.426956 20.149676 24.998594 86.247862 43.183266 14.808630 0.158705 56.885989 24.503472 15.270200 17.010892 106.396172 29.731927 46.939742 16.095846 0.000749 0.000714 20.588073 -9999.0 -9999.0 -9999.0 -9999.0 -9999.0 -9999.0
-9999.0 -9999.0 -9999.0 -9999.0 -9999.0 -9999.0 -9999.0 -9999.0 -9999.0 -9999.0 -9999.0 16.358757 23.598626 25.657799 0.002749 0.000751 17.948185 19.174190 0.285737 22.723821 17.426862 17.428123 19.688080 18.967814 17.627323 22.993220 0.314304 0.001048 8.333200 0.001012 15.694957 26.968379 0.001451 37.005745 36.100384 17.737035 18.342456 15.479901 20.866626 24.874722 82.302242 40.756936 14.992588 0.577023 63.975256 19.984720 107.943028 100.370293 16.060864 39.873768 29.592295 0.005175 0.000746 0.142872 -9999.0 -9999.0 -9999.0 -9999.0 -9999.0 -9999.0 -9999.0
-9999.0 -9999.0 -9999.0 -9999.0 -9999.0 -9999.0 -9999.0 -9999.0 -9999.0 -9999.0 -9999.0 -9999.0 -9999.0 19.256654 21.371634 0.435489 0.233041 22.442683 0.001111 0.475784 25.641826 24.708670 20.031516 21.514279 0.450322 0.000826 0.260673 28.283091 0.529264 0.000748 0.000748 19.530716 0.155386 0.005176 14.859711 25.027238 18.645785 15.073189 20.610165 50.673572 38.092040 37.621147 31.643723 0.001447 60.248467 40.213428 48.164063 36.641127 29.205801 28.706418 25.262521 0.002755 0.528978 21.580722 -9999.0 -9999.0 -9999.0 -9999.0 -9999.0 -9999.0 -9999.0
-9999.0 -9999.0 -9999.0 -9999.0 -9999.0 -9999.0 -9999.0 -9999.0 -9999.0 -9999.0 -9999.0 -9999.0 -9999.0 -9999.0 15.793426 -9999.0 -9999.0 -9999.0 0.000960 0.566208 48.217719 33.641716 20.094417 20.007557 0.234180 15.726439 21.506442 26.858723 0.272772 21.883246 0.000774 0.001246 19.921795 1.814446 43.731717 23.687855 15.168735 14.538180 36.133070 36.508522 30.789533 30.284149 29.324754 0.001447 44.944599 40.868618 41.633864 29.336833 25.556116 21.798397 16.229196 0.001075 38.563288 -9999.0 -9999.0 -9999.0 -9999.0 -9999.0 -9999.0 -9999.0 -9999.0
-9999.0 -9999.0 -9999.0 -9999.0 -9999.0 -9999.0 -9999.0 -9999.0 -9999.0 -9999.0 -9999.0 -9999.0 -9999.0 -9999.0 -9999.0 -9999.0 -9999.0 -9999.0 -9999.0 0.002613 0.315626 0.456089 0.259759 15.680078 0.001445 15.146073 21.184156 0.436430 1.233030 20.251957 15.240886 0.314211 0.987150 47.427694 18.798246 28.172443 13.493448 24.628956 22.012611 24.633361 23.529577 23.579457 23.402379 0.001450 36.826350 31.438880 33.601281 21.276902 18.402636 15.419646 0.001007 0.408317 30.219019 -9999.0 -9999.0 -9999.0 -9999.0 -9999.0 -9999.0 -9999.0 -9999.0
-9999.0 -9999.0 -9999.0 -9999.0 -9999.0 -9999.0 -9999.0 -9999.0 -9999.0 -9999.0 -9999.0 -9999.0 -9999.0 -9999.0 -9999.0 -9999.0 -9999.0 -9999.0 -9999.0 -9999.0 18.339051 21.332764 28.658032 15.588394 0.001436 13.869165 20.383897 0.000748 61.102264 19.228210 14.752185 29.356073 0.301548 35.749436 32.212611 12.117678 22.874410 22.279436 17.105540 20.402051 17.197189 17.384876 17.318646 0.001448 30.952651 27.602280 29.411138 17.316878 12.444399 0.756860 0.203972 27.736964 27.479278 -9999.0 -9999.0 -9999.0 -9999.0 -9999.0 -9999.0 -9999.0 -9999.0
-9999.0 -9999.0 -9999.0 -9999.0 -9999.0 -9999.0 -9999.0 -9999.0 -9999.0 -9999.0 -9999.0 -9999.0 -9999.0 -9999.0 -9999.0 -9999.0 -9999.0 -9999.0 -9999.0 -9999.0 -9999.0 15.845583 15.442799 18.996147 0.001447 13.387018 0.000745 0.001014 22.033652 45.186795 14.697545 22.824084 0.001557 20.689215 29.457886 27.225395 21.098712 16.070657 11.053805 14.964948 11.650383 11.668998 12.488678 0.001454 28.211285 23.045080 25.150341 12.171560 24.688682 0.115610 17.973245 21.428949 22.581577 -9999.0 -9999.0 -9999.0 -9999.0 -9999.0 -9999.0 -9999.0 -9999.0
-9999.0 -9999.0 -9999.0 -9999.0 -9999.0 -9999.0 -9999.0 -9999.0 -9999.0 -9999.0 -9999.0 -9999.0 -9999.0 -9999.0 -9999.0 -9999.0 -9999.0 -9999.0 -9999.0 -9999.0 -9999.0 -9999.0 -9999.0 13.084716 0.144069 15.275541 0.125930 0.112595 13.859439 39.981181 17.968244 15.871892 0.588885 29.809737 14.636247 23.597579 22.609145 13.280742 9.258857 10.932818 0.002608 0.000697 0.001669 0.126793 25.832620 19.753873 23.477641 22.578645 9.882348 0.108814 12.791645 16.316692 17.563619 -9999.0 -9999.0 -9999.0 -9999.0 -9999.0 -9999.0 -9999.0 -9999.0
-9999.0 -9999.0 -9999.0 -9999.0 -9999.0 -9999.0 -9999.0 -9999.0 -9999.0 -9999.0 -9999.0 -9999.0 -9999.0 -9999.0 -9999.0 -9999.0 -9999.0 -9999.0 -9999.0 -9999.0 -9999.0 -9999.0 -9999.0 11.983702 0.145050 14.239941 0.122366 0.183192 11.788283 39.621327 15.614826 0.001010 0.290733 19.655090 20.848303 9.427427 20.322736 18.467449 8.306961 10.059822 0.411573 0.918301 0.598076 12.031784 20.769337 13.791107 16.980765 21.116900 8.734389 0.102821 0.000697 11.074503 11.302284 -9999.0 -9999.0 -9999.0 -9999.0 -9999.0 -9999.0 -9999.0 -9999.0
