geotop/1.0zi/1.0Montebello/Templates/Duarrigle2006/maps/PSILIQL0000N0010.asc
ncols         76
nrows         123
xllcorner     110555.058093
yllcorner     85388.025579
cellsize      200.000000
NODATA_value  -9999.0
[rows 54 to 80 of 123, columns 0 to 60 of 76]
-9999.0 -9999.0 -9999.0 -9999.0 -9999.0 -9999.0 -9999.0 -9999.0 -9999.0 -9999.0 -9999.0 -9999.0 11.238755 10.195146 9.484569 17.918081 9.906237 10.104361 11.986813 36.313582 0.498702 0.000124 10.550011 10.301900 0.145951 38.758754 9.580889 15.894796 13.108298 15.611772 11.187488 18.306951 0.120859 0.095969 10.916591 11.320675 13.296227 11.698850 11.824137 19.530169 13.033215 0.646108 0.300893 17.372284 15.936941 13.196595 10.543301 9.932455 16.447250 12.080728 15.719886 17.582900 15.317864 8.755633 10.234530 10.358042 9.583681 9.732139 11.794349 9.671694 11.565984
-9999.0 -9999.0 -9999.0 -9999.0 -9999.0 -9999.0 -9999.0 -9999.0 -9999.0 -9999.0 -9999.0 -9999.0 -9999.0 15.777273 17.888556 15.916543 19.084904 30.496463 30.818398 18.424902 10.677098 9.694972 11.908974 12.787424 10.708967 36.643363 0.288113 15.882116 17.972927 9.324523 0.128052 0.187877 0.105451 10.991101 9.768639 11.051988 9.891096 15.166320 12.794623 11.212814 24.495581 0.000024 16.297136 10.818166 12.899882 11.755591 9.617078 15.381595 21.267983 12.461659 10.486489 9.817514 10.793048 15.674711 20.169367 26.912657 32.933312 35.564935 37.468883 39.919022 65.947690
-9999.0 -9999.0 -9999.0 -9999.0 -9999.0 -9999.0 -9999.0 -9999.0 -9999.0 -9999.0 -9999.0 -9999.0 -9999.0 14.974966 11.673361 15.954879 18.194222 16.381389 13.627179 12.095202 9.307448 10.826342 19.440870 22.155328 37.328434 66.252807 0.157780 0.224254 0.074442 0.000002 0.146228 15.412148 9.007999 8.779366 9.888831 8.925155 14.250936 19.509538 10.844942 18.391929 0.235980 0.205350 10.256006 10.331046 16.180595 15.584199 10.791024 22.334808 26.657142 0.104504 -172.169828 14.484084 11.011760 9.234928 12.279608 12.510121 15.210356 19.209164 27.605895 43.127107 10.577649
-9999.0 -9999.0 -9999.0 -9999.0 -9999.0 -9999.0 -9999.0 -9999.0 -9999.0 -9999.0 -9999.0 -9999.0 -9999.0 -9999.0 11.587839 9.357269 8.755419 10.587516 10.669301 10.305006 14.051649 26.473416 39.808682 32.960701 12.715435 0.094131 204.402901 11.859336 15.173741 14.908674 9.580090 8.372721 8.580112 9.715394 9.508969 13.017407 18.282006 24.518025 14.369492 12.190939 0.191248 10.439003 9.517591 11.969384 19.073268 20.325944 17.047861 23.440720 0.243961 0.180869 25.386279 20.829788 16.000388 10.533812 9.693966 9.447635 10.855526 13.761764 29.928643 22.505605 21.953630
-9999.0 -9999.0 -9999.0 -9999.0 -9999.0 -9999.0 -9999.0 -9999.0 -9999.0 -9999.0 -9999.0 -9999.0 -9999.0 12.276510 11.119693 9.839564 9.084664 11.030617 11.012463 10.689223 12.194619 12.507805 18.296203 9.833322 9.255288 10.308680 0.067931 169.514011 16.340902 14.587247 9.631870 9.018475 9.868572 11.111850 22.382174 26.978987 33.443213 40.788529 13.599013 0.151261 0.125122 10.473439 10.366924 14.980042 22.677963 22.468913 30.685435 10.771984 0.064737 12.456880 10.890968 11.636279 12.417379 10.357063 11.106928 20.561963 25.998689 31.504234 18.532906 18.092422 9.704849
-9999.0 -9999.0 -9999.0 -9999.0 -9999.0 -9999.0 -9999.0 -9999.0 -9999.0 -9999.0 -9999.0 -9999.0 13.481066 22.960084 29.142324 34.101948 36.872038 34.379686 14.438382 11.224584 9.273663 8.823087 10.079624 10.699539 14.941094 16.763450 27.519374 79.942420 19.447654 17.688323 14.302506 11.996831 9.025696 10.121280 9.330314 10.385434 18.694998 24.944319 46.003364 0.078713 10.823488 10.348136 10.869695 16.002114 25.133404 24.213160 33.092109 0.000000 -172.165258 19.106498 12.193681 11.858129 18.855625 12.028756 15.128947 9.725081 12.883323 14.211258 13.645007 13.826712 12.109327
-9999.0 -9999.0 -9999.0 -9999.0 -9999.0 -9999.0 -9999.0 -9999.0 -9999.0 -9999.0 -9999.0 -9999.0 11.250139 11.277524 15.201420 10.345676 9.722451 8.691785 32.076003 16.346244 9.777581 9.846852 10.011369 9.334634 10.221340 14.045089 31.475667 51.602889 14.528659 11.420256 15.925757 12.170387 8.446931 9.441656 9.949352 9.402317 11.208372 16.536105 20.509103 0.746108 -172.141733 13.169942 14.287011 17.421375 11.502210 0.410003 0.443410 0.348352 27.741686 12.631815 14.462563 27.322434 29.900511 16.827494 11.719982 11.896586 11.838831 10.909769 10.024650 9.264918 9.160888
-9999.0 -9999.0 -9999.0 -9999.0 -9999.0 -9999.0 -9999.0 -9999.0 -9999.0 -9999.0 -9999.0 -9999.0 -9999.0 10.446242 9.462974 8.828535 11.109762 0.107646 0.072333 0.670305 0.298352 0.066786 16.244339 11.038705 14.252649 16.876454 199.230018 0.538955 35.047126 34.060320 29.907675 22.043941 16.134990 10.850061 8.986411 14.823172 18.843157 20.171201 10.589490 10.372994 0.102758 -182.232065 0.117791 0.289292 0.150067 0.216567 19.857562 14.897603 9.212461 13.670222 10.858937 11.190149 11.846357 36.666561 15.303537 15.930508 9.549005 9.417469 9.731124 9.312950 8.526953
-9999.0 -9999.0 -9999.0 -9999.0 -9999.0 -9999.0 -9999.0 -9999.0 -9999.0 -9999.0 -9999.0 -9999.0 -9999.0 -9999.0 11.653563 0.199976 0.137381 0.126532 11.612233 9.467223 13.175071 0.109117 0.108351 0.127469 8.891695 10.458733 143.105348 0.128882 11.405834 19.846419 21.567628 15.139892 10.038223 10.736107 9.525871 13.902004 10.173221 12.019056 23.377617 14.938596 0.068081 0.191948 18.391472 17.972039 14.402450 13.854795 9.910576 8.651924 9.434602 13.080309 10.699201 11.957547 14.598529 12.500404 0.408819 0.188166 15.730106 12.548063 9.395202 8.705467 14.015358
-9999.0 -9999.0 -9999.0 -9999.0 -9999.0 -9999.0 -9999.0 -9999.0 -9999.0 -9999.0 -9999.0 -9999.0 -9999.0 -9999.0 10.935285 9.574531 11.382630 10.807031 11.067509 8.365689 7.539223 9.068008 18.445880 0.209641 0.258644 0.205575 47.494521 -182.741967 19.819890 9.103203 11.158045 8.736229 8.862568 12.632979 11.044604 13.121253 16.036623 13.174142 10.818490 28.957904 0.133865 10.529711 12.658129 12.527018 13.451719 9.770335 10.671440 10.435809 9.595862 11.283705 11.548514 14.348167 -162.557243 0.118710 -173.434085 0.000016 0.182137 12.446813 11.166463 10.756212 0.091778
-9999.0 -9999.0 -9999.0 -9999.0 -9999.0 -9999.0 -9999.0 -9999.0 -9999.0 -9999.0 -9999.0 -9999.0 -9999.0 -9999.0 9.992540 13.456128 11.455766 11.973803 11.865674 12.584271 10.781453 11.536196 8.454651 18.114455 14.703561 13.127941 15.620333 57.709592 0.093499 10.630100 14.941120 13.218706 16.022062 10.920333 16.186464 12.323098 17.544670 18.204933 21.351774 0.268419 0.260545 16.370863 10.728710 9.739857 11.668727 11.432615 12.044235 9.833698 13.787516 20.355321 17.362714 13.462097 19.836642 10.114960 12.758723 12.671897 0.131292 10.390357 14.056997 0.099653 -172.158355
-9999.0 -9999.0 -9999.0 -9999.0 -9999.0 -9999.0 -9999.0 -9999.0 -9999.0 -9999.0 -9999.0 -9999.0 -9999.0 9.463379 9.382576 12.823730 20.730501 15.841820 15.875058 16.433211 12.190421 14.800618 17.337513 12.715054 8.658058 8.437848 9.111419 17.602786 110.360626 0.334433 15.999824 20.224018 9.189310 14.921431 16.081273 16.802479 10.593440 21.304371 0.398003 0.100067 9.235584 8.056231 9.067501 10.522976 10.589694 10.668946 10.785197 0.103436 0.122197 28.818636 21.856130 14.141370 12.294202 21.541512 15.873602 10.594888 -162.565594 0.061036 0.117396 0.072992 12.900236
-9999.0 -9999.0 -9999.0 -9999.0 -9999.0 -9999.0 -9999.0 -9999.0 -9999.0 10.920115 12.402310 9.837530 11.706971 12.090344 18.717997 20.239164 28.439780 19.061328 18.315496 18.977751 10.381035 9.654223 9.202561 8.750814 10.979094 9.277847 9.656706 14.962366 20.380751 56.172741 11.293567 22.315091 9.798238 24.463601 10.137783 18.924016 11.407668 16.083933 26.043949 9.598915 7.948605 10.559862 13.650172 13.676763 14.484908 10.970383 12.879159 17.881724 0.124320 0.344864 -162.559025 13.909555 10.474676 9.229737 23.601253 22.352169 11.219944 10.046581 0.000001 10.556988 9.233690
-9999.0 -9999.0 -9999.0 -9999.0 -9999.0 -9999.0 -9999.0 -9999.0 11.630783 12.408133 30.341757 12.360173 16.402541 10.965909 12.123340 14.817877 31.740705 17.351716 19.395122 20.468309 9.970656 9.540211 7.898337 9.863428 17.605942 9.501079 14.213432 18.576145 24.302914 93.049637 38.192793 16.535613 22.579892 11.789368 9.044470 21.062826 0.128889 0.124923 1.610264 11.023209 9.467611 17.738049 16.361129 16.522059 14.188494 10.633251 17.788934 10.083866 10.237610 10.903264 0.069296 0.117351 0.125127 10.387334 14.721525 24.569159 27.047324 9.350728 -162.570260 0.094436 -162.545481
-9999.0 -9999.0 -9999.0 -9999.0 -9999.0 -9999.0 -9999.0 -9999.0 13.491205 20.334633 31.555313 17.493851 20.729043 11.751421 12.171129 14.611116 18.998561 35.247461 24.512557 22.123774 13.154656 13.375466 9.581286 17.020179 21.117779 10.526472 16.487932 19.514108 26.251992 0.070253 204.789392 88.931298 10.898581 13.065959 11.698149 0.248738 0.139162 11.833264 17.655154 50.470039 43.809802 38.201591 31.341722 24.501270 18.354117 12.372539 19.899530 12.294803 16.594729 16.454301 13.148021 17.398970 0.155957 0.169000 0.200514 0.000001 0.518411 10.679481 9.127344 10.066141 0.092799
-9999.0 -9999.0 -9999.0 -9999.0 -9999.0 -9999.0 -9999.0 -9999.0 13.066718 17.306776 22.605129 70.799470 21.380627 11.891639 10.098854 9.083798 8.820234 8.899700 39.547919 49.059006 19.396181 19.052606 0.120974 21.080459 24.690904 11.455174 16.572274 19.843870 11.363028 9.565173 -172.158967 -176.786726 107.780843 -162.560330 0.245833 -162.549011 10.269486 8.838365 10.758957 25.616965 14.572593 10.757094 11.200689 13.233498 10.715120 15.572581 20.479039 10.386485 10.916711 27.381841 14.314793 12.001467 13.594131 9.502223 10.378853 9.281550 0.123377 0.121951 -172.141699 10.302292 -172.139667
-9999.0 -9999.0 -9999.0 -9999.0 -9999.0 -9999.0 -9999.0 9.632330 10.819866 10.278507 12.264167 74.563516 10.596059 9.136783 8.561889 11.416575 11.556290 14.838282 0.117393 0.000005 1.148387 0.257339 0.137100 0.079692 0.474350 0.070457 12.388700 10.454002 11.426994 11.164047 11.154603 -162.557835 99.020681 0.190144 12.459200 21.916022 17.327050 11.131431 9.217111 11.292872 19.823373 11.400481 14.085455 16.186640 11.257632 18.891329 20.178047 15.715656 15.487041 26.059713 16.369204 13.850671 11.881484 9.974499 10.259011 10.084703 9.435139 10.918620 0.261405 0.067916 11.634736
-9999.0 -9999.0 -9999.0 -9999.0 -9999.0 -9999.0 11.425220 10.405306 14.928177 14.002617 46.721581 11.180021 9.077525 9.466324 12.364383 11.388821 17.389312 0.261540 0.307462 21.828123 23.669082 16.620165 15.313565 11.222120 19.560050 0.415140 48.992716 0.191919 0.368135 0.174256 0.126013 0.000000 134.649582 11.658628 16.967492 14.631100 12.503557 10.190053 12.822839 17.806619 13.873606 12.926986 25.058503 11.951086 11.607924 16.300192 31.569948 35.711093 34.183284 17.450463 10.947974 16.713153 11.858322 10.201201 17.654037 24.225336 26.845661 22.449688 10.691592 0.068823 18.690253
-9999.0 -9999.0 -9999.0 -9999.0 -9999.0 -9999.0 16.617030 12.567542 18.602112 25.089562 0.577785 0.811037 -172.148753 8.471486 13.286210 15.960292 0.186165 0.124440 29.630192 19.886137 18.860047 10.999310 11.118276 13.616206 13.516511 19.435743 22.564912 9.766842 24.733635 15.653311 11.151629 0.120752 45.488970 0.204994 16.441493 10.466103 9.573451 11.476518 14.626841 20.412602 20.782420 16.885483 33.104861 18.289732 10.631357 10.117322 10.063865 13.032590 49.474392 15.767107 11.547493 19.086791 16.202674 9.728125 17.208678 13.357170 10.511314 9.395409 9.920784 0.076261 25.512243
-9999.0 -9999.0 -9999.0 -9999.0 -9999.0 -9999.0 21.789205 17.976505 12.858428 11.443280 11.682052 13.480048 0.114632 0.067262 0.223753 0.069563 -172.155882 17.975825 29.002106 18.217195 13.179800 11.040732 10.026638 10.188213 14.156218 16.981164 11.693185 18.681795 10.977951 10.832932 9.538799 9.664461 41.172955 -162.523177 8.541142 9.736266 10.447315 13.876570 14.734942 11.511856 13.706599 26.808449 41.835115 26.481194 11.701213 12.958899 16.637225 0.465864 0.000011 1.209045 15.995689 19.677689 18.665561 10.556898 21.215740 15.034515 10.248013 12.461504 14.211742 0.116892 73.087325
-9999.0 -9999.0 -9999.0 -9999.0 -9999.0 -9999.0 20.836655 20.576875 18.872829 13.840953 14.304976 11.979396 10.036133 9.378281 10.487754 11.029710 10.663599 18.780082 18.170831 13.829057 10.797465 12.415735 10.267323 10.568533 10.759670 12.721091 10.414324 17.306027 10.519493 9.744553 10.331870 9.955627 48.278251 10.360162 17.655957 19.043098 12.826746 16.186646 19.692754 11.532869 21.198429 11.389924 13.698283 49.367553 15.901978 22.526724 19.805413 12.699672 17.212151 0.110157 0.252879 11.072637 20.244053 15.588686 26.676922 10.117494 10.663056 15.132909 22.655698 81.165750 0.113592
-9999.0 -9999.0 -9999.0 -9999.0 -9999.0 -9999.0 10.304658 30.128214 0.183302 17.778607 18.374838 11.900530 11.108856 9.938808 11.310797 12.103220 10.972835 13.275204 13.903218 10.784156 12.048695 31.388522 12.030002 10.835092 11.151390 14.009053 12.217232 11.998350 13.793422 16.658438 23.258673 23.016329 184.209319 25.459280 9.751698 11.685471 20.320467 11.007491 23.137009 13.937345 0.166738 0.242074 1.274439 11.313299 -172.173755 -172.169108 11.350581 11.260502 12.805038 17.585434 0.228251 0.125579 0.201176 0.223276 30.997258 9.743237 9.410791 12.425165 -162.544266 98.003915 0.121295
-9999.0 -9999.0 -9999.0 -9999.0 -9999.0 11.420095 11.687118 0.318867 0.000001 17.373171 21.028642 10.922066 12.643458 12.156323 17.028214 14.468210 11.348481 11.970574 9.886816 11.539172 14.325935 0.386436 15.748021 11.263972 12.233648 21.342078 11.926091 11.552372 14.807223 25.508220 29.417002 31.147061 0.817537 154.872654 9.125610 16.912483 21.521545 12.018600 21.406062 11.427481 11.278461 0.000001 0.062907 11.225670 10.489228 -172.341063 0.070231 12.648241 19.270874 20.121977 11.017939 13.400778 31.731298 0.413441 0.386441 -162.560730 10.434837 16.593366 0.210404 71.037787 23.765318
-9999.0 -9999.0 -9999.0 -9999.0 -9999.0 14.507220 21.600113 0.147730 0.143869 11.098515 19.649655 10.256992 13.660982 19.393461 0.258921 20.169588 14.576775 12.964434 11.331912 19.186030 13.386608 0.223031 0.107783 14.049464 14.440946 19.293794 15.831908 12.118453 11.272726 19.999994 23.138321 9.772867 10.720462 66.764629 9.925509 24.911211 10.633062 15.223785 21.153310 14.689234 0.062781 0.000000 10.482566 16.261896 15.972235 12.459975 0.065012 13.882013 15.419234 14.548671 24.141546 26.050609 20.799541 10.641850 15.974918 0.151114 0.068230 -162.560250 76.244598 0.135790 15.162250
-9999.0 -9999.0 -9999.0 -9999.0 14.224958 15.450082 12.823737 16.738372 0.355642 0.069712 0.227340 0.401524 0.310433 0.069975 0.000000 0.169811 0.240394 17.242390 11.481185 14.026946 23.872714 10.337039 0.000003 0.104851 17.507144 10.313657 23.741280 14.230747 10.402911 10.417824 18.261181 22.020554 10.208617 177.578781 29.864251 13.023123 11.512715 19.336864 25.161467 0.106082 0.065612 13.076170 12.474695 36.418807 0.224601 0.064744 0.524257 37.835374 29.330948 16.613131 11.024403 14.671702 12.920500 11.463097 9.953664 11.197490 16.835835 0.122722 71.343611 0.075455 9.649536
-9999.0 -9999.0 -9999.0 -9999.0 12.174225 12.302081 25.198250 26.623368 11.882992 16.933998 40.849766 20.815282 11.174942 11.225830 9.800438 11.180928 0.133423 0.101879 11.386870 12.399874 10.473405 27.038167 30.787712 0.333575 0.143527 34.971915 20.262278 12.590464 12.080630 12.323330 14.741696 10.573833 20.655532 0.382515 90.679335 11.761701 0.129278 0.330784 0.000000 0.070888 11.683688 13.591927 17.088216 37.268731 0.359543 13.714607 12.288174 12.656727 12.149930 13.196484 11.317176 13.033063 14.394767 9.916397 11.296431 9.677728 12.341017 0.082121 59.081917 0.123676 10.148730
-9999.0 -9999.0 -9999.0 -9999.0 12.020263 17.285779 11.720313 13.489907 10.757620 14.318038 19.309709 15.985700 10.653202 11.620892 13.345235 13.957121 12.585007 0.064925 0.101609 14.596600 8.850364 14.675630 11.296180 11.552694 -172.166354 0.383461 10.088069 11.375109 15.881115 12.024729 9.561687 16.180488 16.278205 13.767921 99.820725 0.071037 0.000008 12.286749 9.732385 10.689114 11.938870 10.166789 10.494507 10.919955 0.000000 19.175264 13.217229 13.215557 13.030550 10.669340 12.180673 10.365890 11.978783 21.415083 24.893313 11.203739 20.250631 4.696331 56.291836 14.654671 11.673341
