geotop/1.0zi/1.0Montebello/Templates/Duarrigle2006/maps/PSILIQL0000N0020.asc
ncols         76
nrows         123
xllcorner     110555.058093
yllcorner     85388.025579
cellsize      200.000000
NODATA_value  -9999.0
[rows 27 to 53 of 123, columns 0 to 60 of 76]
-9999.0 -9999.0 -9999.0 -9999.0 -9999.0 -9999.0 -9999.0 -9999.0 -9999.0 -9999.0 -9999.0 11.565749 12.605767 12.568404 8.621593 8.244234 8.009677 9.809795 12.067202 8.681667 84.320786 0.102527 10.508933 10.607382 8.976306 11.751755 21.237826 0.147408 0.082994 0.100840 10.036281 7.621123 7.397051 7.654448 9.936443 8.738733 9.843300 12.905372 14.190197 9.633901 31.548490 15.365714 8.739675 13.796415 14.708131 178.929580 0.259834 14.634610 15.079287 10.850694 10.609518 13.976565 13.760155 0.147934 0.094979 10.400147 14.175805 24.211639 11.096119 0.355469 62.748755
-9999.0 -9999.0 -9999.0 -9999.0 -9999.0 -9999.0 -9999.0 -9999.0 -9999.0 -9999.0 8.127691 8.257050 18.590997 15.791847 10.557122 12.853344 17.020283 21.926652 24.818142 19.903230 8.636664 0.391105 8.796013 12.443725 9.467032 13.245694 0.265580 0.052389 8.739321 7.276591 7.514640 8.047564 9.600927 9.772569 14.115006 11.747012 0.184615 0.108219 0.000319 0.208693 0.000003 0.574478 -88.556487 12.573352 8.010859 1.190259 0.066509 8.848791 10.853591 14.137881 14.647173 12.196938 19.571241 25.141706 0.234578 0.088176 0.190094 10.595911 0.268974 0.891777 15.212406
-9999.0 -9999.0 -9999.0 -9999.0 -9999.0 -9999.0 -9999.0 -9999.0 -9999.0 -9999.0 7.533288 13.260749 0.402362 18.807535 12.783840 10.874217 13.555521 18.640367 23.508797 25.602308 24.679598 0.524225 0.052493 15.507731 12.894761 16.284870 0.053897 9.390058 7.947782 7.885855 7.932944 8.666706 13.603297 13.802331 14.780602 9.228001 7.996897 8.697993 7.041427 7.898458 8.271182 12.010572 0.100095 0.558602 0.000018 0.057886 -87.944373 7.589463 11.433657 17.206178 15.635809 14.551062 11.178356 10.449619 9.936160 8.458775 -109.208339 0.056433 -102.360743 8.899709 8.319891
-9999.0 -9999.0 -9999.0 -9999.0 -9999.0 -9999.0 -9999.0 -9999.0 -9999.0 7.561956 9.229576 18.326528 0.000308 24.178163 9.366646 9.618485 8.351754 7.964551 8.735358 8.515540 7.160760 12.142986 80.130528 0.352759 18.917449 0.140580 0.581975 25.738231 22.488128 17.016434 13.117916 10.265878 16.270657 22.095727 11.906949 8.512117 9.275756 8.518476 8.103836 7.857892 8.718219 12.342877 28.823178 18.314530 20.494017 0.196512 74.042587 16.274824 8.411796 22.706280 19.600585 10.255314 10.137700 15.889102 11.407966 9.566429 0.083141 8.658469 8.693564 8.746661 10.449924
-9999.0 -9999.0 -9999.0 -9999.0 -9999.0 -9999.0 -9999.0 -9999.0 9.239823 9.358901 16.198182 19.113550 0.420497 0.248404 14.480160 8.130637 9.025689 8.733897 8.829691 8.938792 7.943665 7.374378 8.397776 0.086712 0.129341 0.117290 13.479111 8.900406 7.925479 8.213793 9.168645 14.403489 19.211650 23.443551 12.210865 8.536565 11.926404 9.277519 13.445803 16.559992 19.390830 27.186509 11.491682 8.289523 8.349784 9.139807 0.125139 194.591413 24.901504 8.410861 21.319629 10.378479 9.416237 17.951164 9.736683 0.139782 -102.399302 9.164180 0.105527 0.094172 0.109240
-9999.0 -9999.0 -9999.0 -9999.0 -9999.0 -9999.0 -9999.0 8.539804 13.171296 9.739071 9.755863 8.433649 9.215361 0.000319 0.134183 10.883034 8.654383 10.596223 15.052842 12.318146 12.249271 9.025412 8.196341 9.799296 15.484127 0.108892 -87.461734 7.896080 14.031158 14.428318 9.407846 16.578806 30.869648 13.951214 0.286706 20.887706 11.136799 11.993979 18.474335 20.407563 17.969382 8.858281 8.944485 9.239019 14.222611 14.844294 41.222464 0.181639 1.156458 9.678753 20.539301 15.335344 8.417893 9.606718 21.993361 -109.196265 0.000000 0.059407 0.062378 10.413539 9.410650
-9999.0 -9999.0 -9999.0 -9999.0 -9999.0 -9999.0 9.035828 8.716468 15.559898 11.275325 12.893393 9.898553 14.705454 12.225925 0.100957 13.078955 8.267461 9.095602 10.988156 20.586247 25.412428 30.100202 27.890562 9.174393 10.236079 0.339605 29.031020 18.105321 9.750170 13.506845 9.674343 0.206781 0.476258 0.059759 0.299846 16.245184 10.315934 9.662888 8.447246 7.794475 7.375721 8.448805 9.650858 13.595716 43.356370 44.325852 21.370488 20.087328 0.200659 66.486916 78.007522 0.160616 -88.482538 10.076438 25.146804 10.218380 0.000000 0.416720 33.081498 29.629635 27.171278
-9999.0 -9999.0 -9999.0 -9999.0 -9999.0 8.734767 8.951704 12.234706 12.430472 18.063583 18.542837 12.202479 16.191296 11.053832 0.103408 0.131804 11.462018 8.896437 11.045955 15.086751 19.797282 20.725887 23.712078 36.356503 38.757367 216.145652 9.113605 7.894535 8.895326 16.535365 0.054533 0.086483 10.004403 8.066249 8.061270 7.774227 7.775048 8.464625 8.672519 20.571419 27.335561 36.733163 42.819994 36.046241 14.583742 17.845437 16.123665 12.528011 14.466679 0.131270 0.115468 61.601794 -79.190458 14.462658 26.055970 11.589245 0.083480 0.056149 11.128440 11.483232 12.344817
-9999.0 -9999.0 -9999.0 -9999.0 11.110945 0.065564 0.069608 0.110619 0.149978 0.150642 0.250689 0.250414 0.194996 0.058700 10.689517 0.187088 11.857896 8.864225 9.115803 9.579593 8.595333 9.527396 14.110812 14.199967 0.001099 165.797650 8.826475 9.289104 8.268274 0.147978 0.053011 9.009155 7.934014 7.980817 8.381299 8.815342 9.479351 10.400482 15.246575 12.633672 10.007042 10.766430 7.531101 10.521450 11.264389 14.883219 13.021187 8.314162 8.486420 8.776444 12.595159 0.081697 125.372484 9.846144 -89.867002 0.290877 -102.307030 7.189153 7.741751 8.926563 9.509572
-9999.0 -9999.0 -9999.0 0.113444 0.062168 0.001112 9.049589 8.761223 9.187466 9.383263 9.843496 11.102315 14.470308 0.097262 0.064829 0.102523 12.237210 13.636079 8.392962 8.992830 10.554731 16.364941 18.922986 26.778794 1.066852 9.685098 -88.556959 0.093138 0.188975 0.513900 33.245729 32.847945 29.820517 25.364283 22.471566 16.907443 11.547660 10.096055 8.466113 8.704000 8.487339 9.105628 8.414547 7.992758 7.699002 9.942588 10.833388 9.291079 8.543624 8.720465 8.102736 9.266611 0.093649 127.884701 0.060146 9.080877 7.398581 7.997352 9.326845 10.022984 9.176036
-9999.0 -9999.0 -9999.0 9.132997 9.247178 8.584059 8.206105 9.966477 14.728246 18.114815 20.821392 22.523066 40.081999 40.415952 0.576984 0.103118 0.000540 18.679107 8.673784 9.397897 15.581322 20.556536 20.217536 11.709948 0.113572 209.457870 0.210776 17.156854 10.833123 16.522085 11.396115 11.550269 11.054576 7.962065 8.689957 9.183624 10.081791 10.082116 10.260036 9.822460 10.681156 8.700372 8.570804 8.201764 8.900855 11.081398 14.749878 16.287983 12.115390 11.922291 8.676572 8.622892 10.590478 0.062784 184.461113 -102.352537 10.517649 9.694114 0.108496 0.096220 0.209141
-9999.0 -9999.0 7.757131 7.916931 8.249073 10.111727 14.183042 20.632562 23.992232 25.101194 29.709077 30.916373 10.409081 17.589626 17.619309 0.198102 0.123704 23.578123 14.261556 10.983623 10.210558 9.778969 9.461857 9.169885 11.949839 182.034669 -106.053933 9.811086 10.434613 12.116018 7.734843 7.684803 7.929024 8.450256 8.747677 9.748872 13.310138 13.611693 13.213822 12.044096 14.547949 8.995950 11.214312 11.178082 11.584649 12.067828 11.044455 11.187812 20.594032 26.637536 30.175606 0.368974 0.060512 -89.069421 0.058436 377.049107 -106.114464 0.068970 0.151062 13.076529 12.525980
-9999.0 -9999.0 7.857292 11.848555 12.712363 15.706877 10.166009 12.344582 17.221354 18.584180 16.201283 11.191997 11.679162 11.954215 14.639154 14.358876 0.101088 0.278774 0.000526 7.513044 9.127389 10.324606 9.936934 8.601500 7.897779 1.228478 0.230154 11.317457 8.341777 8.635902 9.540684 10.754035 9.746016 9.786251 8.433773 15.383421 15.184946 26.766438 32.619243 12.592762 15.670393 8.408714 12.946317 19.562556 0.242256 0.099272 0.241313 10.425547 10.143387 0.061800 0.094367 -89.011832 9.594976 8.782220 8.903622 173.245692 0.097411 10.985041 8.752189 7.192272 7.477484
-9999.0 -9999.0 8.592747 12.354832 14.840113 17.814444 17.612479 13.955057 13.294489 12.622259 13.041988 9.920745 8.783236 11.311291 11.266762 11.228828 8.518759 9.546455 0.296224 0.000118 12.507362 13.716963 8.619342 8.365654 8.286437 286.475123 10.134874 7.288593 9.826682 10.666433 9.695682 13.903661 12.269157 11.465790 9.667043 36.919014 34.825141 21.350980 21.520089 13.339065 11.531675 22.180774 0.493089 0.103417 0.186589 10.017619 0.061491 0.070901 0.479962 0.110575 9.353582 8.898216 10.490277 15.191279 0.107301 0.000000 267.156724 7.384604 7.458006 9.252357 9.446732
-9999.0 -9999.0 9.123597 12.715194 14.490509 24.523286 11.298441 20.071159 21.388491 10.814699 12.434834 10.266229 9.182664 8.659693 8.480621 9.384947 13.630123 22.259683 0.133460 0.160986 0.186349 0.163465 0.105249 0.065317 252.301342 0.101588 7.690831 8.148290 12.230492 9.904078 12.462397 22.012243 9.473722 9.377824 40.255153 9.361666 8.354650 8.430121 10.376280 9.926834 10.462771 9.187546 12.175430 12.249339 10.656038 13.377632 28.397256 34.042829 16.337434 9.794369 8.631135 10.226907 -89.185982 0.000000 -89.415828 9.229865 351.345558 7.418352 8.287428 13.873669 13.936159
-9999.0 -9999.0 -9999.0 12.984141 14.931114 25.868199 12.907971 11.023291 29.470984 9.910893 16.052789 10.354724 10.122001 10.900363 13.618786 18.551088 19.102250 13.640214 11.527354 13.412319 13.613468 10.394392 0.057263 0.065662 1.906199 0.063581 7.672897 8.357423 9.741952 15.280752 16.649526 24.154608 14.762015 44.925112 19.570282 13.220288 9.179284 8.585910 9.995245 10.563606 16.230100 11.111126 10.018036 13.861042 19.971283 23.029742 12.154030 15.348216 11.361347 11.410455 0.064457 0.142893 0.000000 9.151977 10.174164 8.901951 385.656498 12.987618 10.345514 16.088879 16.482405
-9999.0 -9999.0 -9999.0 9.598572 17.109619 22.379645 0.502933 17.947111 26.070157 13.611257 18.159112 11.819749 15.975299 10.966927 8.011938 7.688212 7.944468 10.030603 9.311849 9.037198 9.196899 8.233652 8.498161 9.781583 80.456601 -83.097617 11.247811 9.989643 7.699880 8.555674 10.241184 21.381823 0.879247 9.705933 16.667229 17.293411 13.250180 9.459087 13.768624 15.029287 19.351703 11.059583 10.948966 12.192155 11.460904 8.622977 8.911629 0.000016 -108.453245 0.141238 0.301376 9.846871 14.831586 17.938699 20.590298 12.685034 474.710280 7.927486 9.257013 0.203775 0.146251
-9999.0 -9999.0 -9999.0 -9999.0 15.214822 20.175616 0.662549 0.062022 0.224132 0.426385 0.325483 17.435326 7.724774 8.828086 8.537901 7.531255 9.133049 10.183058 11.016813 9.007956 8.547929 8.501592 7.470528 -87.779868 81.559885 26.685363 30.110118 22.367362 18.463298 10.397972 10.887335 15.024458 0.293056 0.249599 7.645848 9.418229 9.774307 13.164136 16.275137 15.531918 26.382116 15.361759 10.206259 8.671231 10.078435 13.890611 0.318325 0.352044 16.004128 13.602300 14.114480 8.162383 7.881175 8.007919 8.952892 27.034167 351.620444 8.609068 0.083134 0.080536 8.147864
-9999.0 -9999.0 -9999.0 -9999.0 10.095535 9.567793 9.156614 8.464757 8.439604 9.648992 0.055740 0.173671 8.424175 11.465210 11.448929 8.362389 13.927496 10.979245 13.683284 8.232909 10.904281 11.266714 11.521149 185.181864 27.546075 17.437383 16.525301 9.029096 8.401151 9.770910 10.087230 9.358228 10.924826 0.095062 9.641540 13.052545 11.728179 14.654669 32.098711 30.931246 13.592221 9.279474 10.566185 10.161334 15.217994 16.588741 14.237706 12.953279 13.111033 9.262086 9.576413 8.218850 7.581489 7.382670 9.133093 0.059298 270.014857 0.000000 -109.139689 8.020135 7.546289
-9999.0 -9999.0 -9999.0 -9999.0 -9999.0 9.791828 9.112709 8.386570 8.433761 10.077577 13.839675 0.095158 0.057651 14.805195 14.373760 12.837032 20.417572 8.864110 14.346975 9.182569 11.260653 13.772250 14.826265 377.411232 -88.306849 11.504665 9.817527 8.204738 10.423032 10.376791 9.131965 12.237361 12.694995 0.000000 48.454687 60.196089 47.618992 45.408352 13.935154 9.463320 8.477502 9.510354 9.654817 9.089977 9.503490 10.142488 11.502863 11.060806 10.146895 8.157942 7.749526 7.656690 12.497373 0.126684 0.089835 -88.228884 -109.185803 405.478836 7.762670 7.954227 12.902357
-9999.0 -9999.0 -9999.0 -9999.0 -9999.0 -9999.0 12.169758 12.181608 12.341316 14.909549 18.307474 0.145238 0.000311 0.315233 0.184717 0.355437 0.276901 0.252785 0.256775 0.085266 -88.521095 0.098679 19.543421 549.956036 16.716563 12.657007 9.973561 10.939230 13.627021 13.028778 9.427937 12.880458 17.245919 0.953269 20.777210 14.617384 9.480743 20.338255 12.694755 9.906198 8.874948 9.127146 8.388168 11.363228 13.735569 9.775114 11.275835 12.541702 16.370999 0.303839 0.144533 0.142125 0.202703 0.105801 8.359597 9.674861 12.795909 624.922449 0.102655 7.249247 15.367673
-9999.0 -9999.0 -9999.0 -9999.0 -9999.0 -9999.0 11.411714 21.292384 0.581196 0.102853 0.198015 0.392851 19.703704 9.444031 18.760675 17.252712 10.457978 22.563629 21.182595 26.033292 0.253667 0.000002 0.058312 446.566887 9.447003 8.024095 8.295437 13.656382 13.934808 15.551052 0.086156 0.102857 0.238029 0.295169 13.050179 11.779309 8.856868 11.654443 16.608742 14.306461 8.979467 8.636151 10.831510 0.104361 0.184329 0.188249 12.093663 10.888035 8.757146 11.589110 11.044116 12.733527 11.934864 8.765946 8.895542 12.598086 14.752062 345.561190 0.102390 8.620252 16.020000
-9999.0 -9999.0 -9999.0 -9999.0 -9999.0 -9999.0 12.015574 18.939118 0.236357 12.927712 17.684694 22.314713 19.924399 12.814771 14.522007 14.213058 11.790221 12.793269 9.072990 15.758637 10.250389 8.742249 -110.506420 255.757393 13.689890 11.210555 8.954753 16.307500 9.734335 0.233287 0.173086 17.500713 13.517294 11.299315 11.569136 9.644889 11.058917 12.633539 13.970652 16.910059 12.054066 9.059716 13.634048 0.159177 9.256832 10.118093 8.563089 8.853672 9.208667 8.473648 7.905388 9.326998 9.022468 9.086673 12.197728 17.140285 17.156343 13.106580 328.912667 18.570260 18.628355
-9999.0 -9999.0 -9999.0 -9999.0 -9999.0 -9999.0 12.753678 12.129119 13.165539 10.565238 14.565136 19.962895 18.375977 10.543173 9.684505 9.008740 8.969297 9.119689 7.976746 8.985801 9.242856 13.803269 16.439680 0.221686 219.278633 13.067427 8.200537 0.261636 0.093361 0.056184 11.507644 11.630116 12.096171 8.790383 9.788062 9.839014 11.834908 10.893651 25.876374 11.577442 9.643269 8.493613 13.803590 0.067767 9.613766 15.260808 12.865321 9.184958 10.220202 8.384507 9.744789 10.296491 9.921431 8.048795 7.919234 7.870542 7.646448 7.202636 0.102640 343.027866 0.104687
-9999.0 -9999.0 -9999.0 -9999.0 -9999.0 -9999.0 9.242926 8.755962 9.060430 8.779969 16.507080 10.388430 12.793444 9.982419 11.421509 9.956215 10.071124 9.740751 10.335239 9.900815 13.147260 16.455133 16.328749 10.308528 410.717045 0.136708 0.116826 0.101741 13.253556 7.851140 7.756988 8.652182 9.734944 10.550003 11.214514 -108.456742 -97.803223 18.027012 27.647222 14.512544 10.237689 13.475253 19.226025 0.060541 30.405980 27.216370 21.661306 11.819555 12.459953 8.340155 0.135741 12.829512 10.746041 8.752091 12.068928 9.704805 10.168236 7.951494 7.500151 9.970119 529.317006
-9999.0 -9999.0 -9999.0 -9999.0 -9999.0 -9999.0 -9999.0 -9999.0 10.221054 14.315958 12.716345 20.543693 25.179213 0.430248 0.243647 0.063507 0.116657 12.174879 13.297133 9.435203 7.880816 7.881746 9.431778 -88.496679 370.245660 8.701127 8.007610 13.051432 9.182656 7.860268 9.967840 10.306510 10.582744 14.948398 10.959931 9.775424 10.736819 13.546518 14.053294 28.362533 14.127432 17.159234 0.170655 0.812956 19.415642 14.130254 9.431397 10.068302 10.084809 18.761344 0.278458 0.092869 8.143222 15.105643 14.066246 13.350271 13.258912 9.083171 9.074511 9.898124 482.800320
-9999.0 -9999.0 -9999.0 -9999.0 -9999.0 -9999.0 -9999.0 -9999.0 -9999.0 -9999.0 10.271195 9.882183 9.623054 12.356177 14.157521 14.845550 0.228237 0.070330 0.212564 0.061033 0.000533 0.057451 0.140462 0.000000 269.619151 9.365379 7.927349 11.732052 8.688125 8.221095 11.698788 14.145779 14.347850 0.155428 0.129412 0.190579 13.595750 14.214524 13.572295 18.103875 34.820328 22.392651 0.104351 13.767813 9.668212 8.707086 9.849653 9.548915 10.615943 14.338179 16.588873 0.143486 0.169709 0.179614 0.235066 0.240257 0.118414 0.106485 0.143153 0.000000 425.530121
