geotop/1.0zi/1.0Montebello/Templates/Duarrigle2006/maps/PSILIQL0004N0051.asc
ncols         76
nrows         123
xllcorner     110555.058093
yllcorner     85388.025579
cellsize      200.000000
NODATA_value  -9999.0
[rows 50 to 74 of 123, columns 0 to 55 of 76]
-9999.0 -9999.0 -9999.0 -9999.0 -9999.0 -9999.0 -489.875088 -489.875271 -489.875281 -489.875167 -489.875057 -489.875016 -489.875001 -489.875008 -489.875033 -489.875061 -489.875063 -489.965591 -489.965595 -489.965609 -489.965629 -489.965618 -489.965600 -489.965570 -489.965579 -489.965619 -489.965600 -489.965577 -489.965565 -489.965613 -489.965625 -489.965601 -489.965586 -489.965575 -489.965569 -489.965565 -489.965561 -489.965564 -489.965565 -489.965573 -489.965574 -489.965588 -489.965601 -489.965577 -489.965586 -489.965591 -489.965594 -489.965586 -489.965581 -489.965590 -489.965592 -489.965581 -489.965580 -489.965603 -489.965629 -489.965611
-9999.0 -9999.0 -9999.0 -9999.0 -9999.0 -9999.0 -489.875028 -489.875106 -489.875090 -489.875098 -489.875012 -489.874983 -489.874965 -489.874959 -489.874974 -489.875021 -489.875046 -489.965585 -489.965574 -489.965579 -489.965615 -489.965615 -489.965603 -489.965598 -489.965559 -489.965584 -489.965563 -489.965571 -489.965632 -489.965654 -489.965602 -489.965571 -489.965564 -489.965564 -489.965565 -489.965565 -489.965563 -489.965564 -489.965566 -489.965579 -489.965591 -489.965605 -489.965595 -489.965569 -489.965571 -489.965571 -489.965569 -489.965565 -489.965576 -489.965610 -489.965624 -489.965628 -489.965641 -489.965668 -489.965657 -489.965614
-9999.0 -9999.0 -9999.0 -9999.0 -9999.0 -9999.0 -9999.0 -9999.0 -489.874994 -489.875029 -489.874976 -489.874985 -489.874981 -489.874979 -489.874963 -489.874983 -489.875044 -489.875097 -489.965609 -489.965606 -489.965614 -489.965616 -489.965600 -489.965604 -489.965558 -489.965608 -489.965570 -489.965578 -489.965630 -489.965601 -489.965574 -489.965572 -489.965572 -489.965573 -489.965573 -489.965570 -489.965564 -489.965564 -489.965567 -489.965574 -489.965594 -489.965600 -489.965573 -489.965571 -489.965591 -489.965587 -489.965573 -489.965563 -489.965575 -489.965592 -489.965590 -489.965603 -489.965642 -489.965670 -489.965654 -489.965634
-9999.0 -9999.0 -9999.0 -9999.0 -9999.0 -9999.0 -9999.0 -9999.0 -9999.0 -9999.0 -489.874964 -489.874977 -489.875007 -489.875049 -489.875084 -489.875057 -489.875013 -489.874996 -489.874994 -489.875050 -489.875098 -489.875068 -489.875013 -489.965590 -489.965562 -489.965624 -489.965585 -489.965579 -489.965624 -489.965626 -489.965605 -489.965597 -489.965591 -489.965581 -489.965569 -489.965565 -489.965562 -489.965563 -489.965570 -489.965577 -489.965577 -489.965573 -489.965567 -489.965600 -489.965594 -489.965572 -489.965562 -489.965566 -489.965578 -489.965588 -489.965590 -489.965587 -489.965578 -489.965574 -489.965573 -489.965570
-9999.0 -9999.0 -9999.0 -9999.0 -9999.0 -9999.0 -9999.0 -9999.0 -9999.0 -9999.0 -9999.0 -9999.0 -489.874963 -489.874984 -489.875031 -489.875084 -489.875080 -489.875050 -489.875027 -489.875002 -489.874982 -489.875032 -489.965594 -489.965604 -489.965580 -489.965580 -489.965610 -489.965590 -489.965608 -489.965611 -489.965599 -489.965590 -489.965579 -489.965581 -489.965576 -489.965563 -489.965561 -489.965564 -489.965573 -489.965581 -489.965574 -489.965561 -489.965582 -489.965604 -489.965579 -489.965571 -489.965571 -489.965580 -489.965581 -489.965575 -489.965580 -489.965591 -489.965599 -489.965608 -489.965605 -489.965599
-9999.0 -9999.0 -9999.0 -9999.0 -9999.0 -9999.0 -9999.0 -9999.0 -9999.0 -9999.0 -9999.0 -9999.0 -9999.0 -489.874957 -489.874983 -489.875043 -489.875077 -489.875043 -489.875030 -489.875024 -489.965579 -489.965579 -489.965586 -489.965593 -489.965604 -489.965562 -489.965600 -489.965599 -489.965602 -489.965601 -489.965579 -489.965568 -489.965590 -489.965599 -489.965572 -489.965562 -489.965569 -489.965579 -489.965587 -489.965590 -489.965578 -489.965563 -489.965595 -489.965586 -489.965571 -489.965576 -489.965583 -489.965593 -489.965588 -489.965576 -489.965567 -489.965566 -489.965577 -489.965589 -489.965598 -489.965598
-9999.0 -9999.0 -9999.0 -9999.0 -9999.0 -9999.0 -9999.0 -9999.0 -9999.0 -9999.0 -9999.0 -9999.0 -9999.0 -489.874955 -489.874965 -489.875031 -489.875120 -489.875132 -489.965605 -489.965591 -489.965579 -489.965597 -489.965590 -489.965579 -489.965595 -489.965573 -489.965566 -489.965583 -489.965586 -489.965597 -489.965604 -489.965624 -489.965627 -489.965583 -489.965562 -489.965581 -489.965606 -489.965612 -489.965610 -489.965601 -489.965574 -489.965574 -489.965592 -489.965572 -489.965578 -489.965590 -489.965598 -489.965593 -489.965580 -489.965572 -489.965565 -489.965561 -489.965562 -489.965577 -489.965605 -489.965615
-9999.0 -9999.0 -9999.0 -9999.0 -9999.0 -9999.0 -9999.0 -9999.0 -9999.0 -9999.0 -9999.0 -9999.0 -9999.0 -9999.0 -489.965562 -489.965569 -489.965590 -489.965600 -489.965601 -489.965611 -489.965614 -489.965595 -489.965578 -489.965577 -489.965596 -489.965604 -489.965560 -489.965587 -489.965604 -489.965644 -489.965649 -489.965609 -489.965582 -489.965562 -489.965584 -489.965606 -489.965612 -489.965601 -489.965594 -489.965578 -489.965568 -489.965594 -489.965568 -489.965573 -489.965584 -489.965587 -489.965584 -489.965576 -489.965567 -489.965562 -489.965562 -489.965562 -489.965561 -489.965566 -489.965587 -489.965600
-9999.0 -9999.0 -9999.0 -9999.0 -9999.0 -9999.0 -9999.0 -9999.0 -9999.0 -9999.0 -9999.0 -9999.0 -9999.0 -489.965562 -489.965563 -489.965568 -489.965579 -489.965580 -489.965576 -489.965593 -489.965616 -489.965628 -489.965626 -489.965607 -489.965601 -489.965620 -489.965575 -489.965583 -489.965629 -489.965651 -489.965638 -489.965589 -489.965569 -489.965565 -489.965578 -489.965587 -489.965586 -489.965574 -489.965573 -489.965565 -489.965596 -489.965584 -489.965566 -489.965575 -489.965579 -489.965579 -489.965574 -489.965569 -489.965563 -489.965568 -489.965564 -489.965562 -489.965564 -489.965570 -489.965585 -489.965589
-9999.0 -9999.0 -9999.0 -9999.0 -9999.0 -9999.0 -9999.0 -9999.0 -9999.0 -9999.0 -9999.0 -9999.0 -489.965562 -489.965564 -489.965563 -489.965565 -489.965573 -489.965583 -489.965584 -489.965578 -489.965574 -489.965574 -489.965585 -489.965599 -489.965608 -489.965632 -489.965587 -489.965577 -489.965629 -489.965633 -489.965644 -489.965622 -489.965583 -489.965561 -489.965582 -489.965606 -489.965601 -489.965575 -489.965566 -489.965570 -489.965602 -489.965594 -489.965591 -489.965582 -489.965576 -489.965578 -489.965577 -489.965574 -489.965568 -489.965570 -489.965569 -489.965576 -489.965579 -489.965576 -489.965570 -489.965572
-9999.0 -9999.0 -9999.0 -9999.0 -9999.0 -9999.0 -9999.0 -9999.0 -9999.0 -9999.0 -9999.0 -9999.0 -489.965563 -489.965568 -489.965577 -489.965578 -489.965584 -489.965601 -489.965599 -489.965613 -489.965629 -489.965622 -489.965604 -489.965597 -489.965622 -489.965646 -489.965584 -489.965575 -489.965611 -489.965606 -489.965624 -489.965648 -489.965617 -489.965567 -489.965573 -489.965600 -489.965605 -489.965584 -489.965570 -489.965565 -489.965600 -489.965615 -489.965617 -489.965602 -489.965581 -489.965565 -489.965562 -489.965569 -489.965572 -489.965566 -489.965560 -489.965564 -489.965567 -489.965574 -489.965572 -489.965563
-9999.0 -9999.0 -9999.0 -9999.0 -9999.0 -9999.0 -9999.0 -9999.0 -9999.0 -9999.0 -9999.0 -9999.0 -9999.0 -489.965565 -489.965571 -489.965588 -489.965597 -489.965598 -489.965590 -489.965577 -489.965572 -489.965583 -489.965601 -489.965598 -489.965610 -489.965639 -489.965572 -489.965576 -489.965592 -489.965582 -489.965595 -489.965640 -489.965632 -489.965578 -489.965591 -489.965608 -489.965600 -489.965585 -489.965574 -489.965572 -489.965581 -489.965585 -489.965569 -489.965562 -489.965567 -489.965589 -489.965617 -489.965624 -489.965600 -489.965577 -489.965571 -489.965572 -489.965572 -489.965567 -489.965572 -489.965581
-9999.0 -9999.0 -9999.0 -9999.0 -9999.0 -9999.0 -9999.0 -9999.0 -9999.0 -9999.0 -9999.0 -9999.0 -9999.0 -9999.0 -489.965571 -489.965592 -489.965577 -489.965582 -489.965632 -489.965694 -489.965727 -489.965684 -489.965590 -489.965577 -489.965602 -489.965615 -489.965566 -489.965576 -489.965589 -489.965577 -489.965585 -489.965618 -489.965618 -489.965595 -489.965606 -489.965602 -489.965588 -489.965579 -489.965576 -489.965577 -489.965565 -489.965577 -489.965591 -489.965606 -489.965615 -489.965619 -489.965607 -489.965585 -489.965568 -489.965564 -489.965566 -489.965574 -489.965578 -489.965574 -489.965570 -489.965571
-9999.0 -9999.0 -9999.0 -9999.0 -9999.0 -9999.0 -9999.0 -9999.0 -9999.0 -9999.0 -9999.0 -9999.0 -9999.0 -9999.0 -489.965566 -489.965576 -489.965570 -489.965569 -489.965569 -489.965577 -489.965628 -489.965725 -489.965680 -489.965593 -489.965582 -489.965587 -489.965567 -489.965569 -489.965599 -489.965589 -489.965594 -489.965618 -489.965624 -489.965611 -489.965605 -489.965598 -489.965591 -489.965586 -489.965588 -489.965576 -489.965566 -489.965616 -489.965614 -489.965593 -489.965579 -489.965575 -489.965567 -489.965564 -489.965574 -489.965580 -489.965579 -489.965580 -489.965579 -489.965576 -489.965574 -489.965569
-9999.0 -9999.0 -9999.0 -9999.0 -9999.0 -9999.0 -9999.0 -9999.0 -9999.0 -9999.0 -9999.0 -9999.0 -9999.0 -9999.0 -489.965570 -489.965579 -489.965574 -489.965573 -489.965574 -489.965574 -489.965588 -489.965648 -489.965654 -489.965631 -489.965636 -489.965635 -489.965617 -489.965563 -489.965592 -489.965614 -489.965613 -489.965615 -489.965613 -489.965605 -489.965598 -489.965593 -489.965587 -489.965591 -489.965594 -489.965563 -489.965614 -489.965646 -489.965601 -489.965574 -489.965567 -489.965564 -489.965562 -489.965573 -489.965590 -489.965588 -489.965579 -489.965573 -489.965575 -489.965578 -489.965575 -489.965569
-9999.0 -9999.0 -9999.0 -9999.0 -9999.0 -9999.0 -9999.0 -9999.0 -9999.0 -9999.0 -9999.0 -9999.0 -9999.0 -489.965573 -489.965582 -489.965600 -489.965593 -489.965589 -489.965585 -489.965579 -489.965573 -489.965593 -489.965609 -489.965614 -489.965621 -489.965625 -489.965664 -489.965620 -489.965561 -489.965589 -489.965598 -489.965599 -489.965605 -489.965601 -489.965587 -489.965580 -489.965577 -489.965586 -489.965564 -489.965605 -489.965667 -489.965601 -489.965569 -489.965568 -489.965568 -489.965565 -489.965565 -489.965576 -489.965580 -489.965572 -489.965567 -489.965566 -489.965572 -489.965585 -489.965582 -489.965576
-9999.0 -9999.0 -9999.0 -9999.0 -9999.0 -9999.0 -9999.0 -9999.0 -9999.0 -489.965563 -489.965562 -489.965572 -489.965572 -489.965574 -489.965588 -489.965593 -489.965586 -489.965590 -489.965591 -489.965584 -489.965570 -489.965568 -489.965581 -489.965589 -489.965584 -489.965583 -489.965636 -489.965640 -489.965570 -489.965568 -489.965591 -489.965597 -489.965593 -489.965582 -489.965580 -489.965585 -489.965584 -489.965581 -489.965563 -489.965641 -489.965614 -489.965585 -489.965583 -489.965581 -489.965576 -489.965571 -489.965570 -489.965571 -489.965572 -489.965569 -489.965579 -489.965591 -489.965591 -489.965599 -489.965597 -489.965585
-9999.0 -9999.0 -9999.0 -9999.0 -9999.0 -9999.0 -9999.0 -9999.0 -489.965563 -489.965568 -489.965567 -489.965582 -489.965580 -489.965571 -489.965576 -489.965595 -489.965586 -489.965595 -489.965611 -489.965620 -489.965618 -489.965622 -489.965649 -489.965660 -489.965623 -489.965604 -489.965618 -489.965612 -489.965577 -489.965560 -489.965571 -489.965585 -489.965585 -489.965577 -489.965590 -489.965600 -489.965580 -489.965561 -489.965568 -489.965611 -489.965620 -489.965604 -489.965589 -489.965583 -489.965577 -489.965572 -489.965569 -489.965571 -489.965575 -489.965581 -489.965583 -489.965589 -489.965607 -489.965623 -489.965609 -489.965591
-9999.0 -9999.0 -9999.0 -9999.0 -9999.0 -9999.0 -9999.0 -9999.0 -489.965563 -489.965572 -489.965566 -489.965570 -489.965571 -489.965562 -489.965570 -489.965597 -489.965597 -489.965590 -489.965605 -489.965648 -489.965688 -489.965712 -489.965720 -489.965664 -489.965606 -489.965587 -489.965590 -489.965584 -489.965571 -489.965573 -489.965564 -489.965562 -489.965588 -489.965593 -489.965586 -489.965562 -489.965574 -489.965585 -489.965578 -489.965565 -489.965573 -489.965574 -489.965576 -489.965575 -489.965574 -489.965574 -489.965574 -489.965576 -489.965582 -489.965582 -489.965574 -489.965567 -489.965570 -489.965569 -489.965566 -489.965570
-9999.0 -9999.0 -9999.0 -9999.0 -9999.0 -9999.0 -9999.0 -9999.0 -489.965566 -489.965571 -489.965568 -489.965561 -489.965574 -489.965565 -489.965574 -489.965603 -489.965617 -489.965612 -489.965607 -489.965604 -489.965623 -489.965630 -489.965616 -489.965594 -489.965586 -489.965579 -489.965573 -489.965567 -489.965564 -489.965571 -489.965578 -489.965568 -489.965567 -489.965575 -489.965562 -489.965590 -489.965617 -489.965609 -489.965604 -489.965586 -489.965571 -489.965570 -489.965568 -489.965570 -489.965571 -489.965581 -489.965593 -489.965597 -489.965592 -489.965578 -489.965566 -489.965562 -489.965574 -489.965587 -489.965589 -489.965593
-9999.0 -9999.0 -9999.0 -9999.0 -9999.0 -9999.0 -9999.0 -489.965573 -489.965572 -489.965573 -489.965570 -489.965563 -489.965581 -489.965565 -489.965597 -489.965639 -489.965659 -489.965637 -489.965597 -489.965569 -489.965561 -489.965561 -489.965563 -489.965564 -489.965561 -489.965564 -489.965567 -489.965565 -489.965566 -489.965571 -489.965575 -489.965579 -489.965560 -489.965568 -489.965582 -489.965609 -489.965603 -489.965583 -489.965570 -489.965575 -489.965562 -489.965563 -489.965565 -489.965570 -489.965570 -489.965580 -489.965597 -489.965607 -489.965596 -489.965574 -489.965564 -489.965562 -489.965563 -489.965569 -489.965573 -489.965576
-9999.0 -9999.0 -9999.0 -9999.0 -9999.0 -9999.0 -489.965574 -489.965576 -489.965580 -489.965578 -489.965573 -489.965579 -489.965594 -489.965599 -489.965625 -489.965667 -489.965651 -489.965586 -489.965565 -489.965567 -489.965578 -489.965591 -489.965597 -489.965595 -489.965586 -489.965572 -489.965561 -489.965563 -489.965563 -489.965560 -489.965561 -489.965572 -489.965560 -489.965581 -489.965604 -489.965620 -489.965592 -489.965569 -489.965563 -489.965568 -489.965562 -489.965562 -489.965565 -489.965568 -489.965563 -489.965568 -489.965573 -489.965574 -489.965576 -489.965574 -489.965570 -489.965573 -489.965574 -489.965579 -489.965579 -489.965569
-9999.0 -9999.0 -9999.0 -9999.0 -9999.0 -9999.0 -489.965586 -489.965578 -489.965570 -489.965570 -489.965566 -489.965565 -489.965589 -489.965623 -489.965633 -489.965623 -489.965585 -489.965568 -489.965571 -489.965574 -489.965580 -489.965586 -489.965586 -489.965588 -489.965586 -489.965587 -489.965586 -489.965586 -489.965595 -489.965601 -489.965597 -489.965598 -489.965562 -489.965600 -489.965623 -489.965600 -489.965571 -489.965562 -489.965563 -489.965565 -489.965563 -489.965563 -489.965564 -489.965569 -489.965567 -489.965568 -489.965579 -489.965573 -489.965566 -489.965578 -489.965582 -489.965583 -489.965582 -489.965581 -489.965576 -489.965565
-9999.0 -9999.0 -9999.0 -9999.0 -9999.0 -9999.0 -489.965573 -489.965572 -489.965567 -489.965564 -489.965565 -489.965563 -489.965565 -489.965573 -489.965566 -489.965569 -489.965581 -489.965573 -489.965568 -489.965567 -489.965565 -489.965564 -489.965566 -489.965579 -489.965579 -489.965578 -489.965582 -489.965581 -489.965579 -489.965575 -489.965576 -489.965616 -489.965560 -489.965623 -489.965605 -489.965582 -489.965570 -489.965565 -489.965564 -489.965565 -489.965565 -489.965564 -489.965563 -489.965567 -489.965571 -489.965572 -489.965575 -489.965570 -489.965566 -489.965568 -489.965582 -489.965584 -489.965591 -489.965598 -489.965585 -489.965573
-9999.0 -9999.0 -9999.0 -9999.0 -9999.0 -9999.0 -489.965569 -489.965570 -489.965569 -489.965565 -489.965563 -489.965563 -489.965567 -489.965572 -489.965574 -489.965573 -489.965574 -489.965571 -489.965568 -489.965564 -489.965562 -489.965564 -489.965562 -489.965567 -489.965572 -489.965569 -489.965570 -489.965569 -489.965566 -489.965575 -489.965585 -489.965619 -489.965562 -489.965629 -489.965599 -489.965575 -489.965569 -489.965566 -489.965564 -489.965566 -489.965565 -489.965565 -489.965563 -489.965561 -489.965562 -489.965562 -489.965564 -489.965569 -489.965571 -489.965569 -489.965570 -489.965587 -489.965602 -489.965603 -489.965589 -489.965575
