geotop/1.0zi/1.0Montebello/Templates/Duarrigle2006/maps/PSILIQL0001N0058.asc
ncols         76
nrows         123
xllcorner     110555.058093
yllcorner     85388.025579
cellsize      200.000000
NODATA_value  -9999.0
[rows 81 to 107 of 123, columns 0 to 59 of 76]
-9999.0 -9999.0 -9999.0 -9999.0 77.941001 79.643827 72.657995 76.414876 75.209078 73.142656 72.380456 73.447252 70.260973 70.525739 75.901421 72.838227 70.065604 72.687196 49.959198 50.300427 72.728918 89.500611 82.058487 50.214081 49.975656 50.445741 73.914532 78.294439 81.868890 77.347448 72.444890 82.481997 148.506889 126.283846 791.039161 90.376969 76.221277 86.163857 80.254842 73.064254 84.730254 74.724482 70.593052 50.338464 50.553364 73.572297 72.501387 78.665408 78.166685 72.612578 84.102964 73.894056 76.086230 71.695724 73.766656 107.581969 97.321590 1078.695883 49.996176 71.347346
-9999.0 -9999.0 -9999.0 72.767965 97.406909 80.559909 71.885177 80.568092 74.580861 74.635150 71.986100 74.312476 78.115980 85.724694 77.764237 85.818750 73.485561 92.575311 91.603605 50.534744 50.229621 230.470137 260.155193 52.095202 86.359690 50.827161 50.430007 50.406434 60.637704 59.707186 50.275465 50.028176 50.487530 49.990756 50.718772 947.834611 50.398621 77.654753 87.484792 95.329350 70.327259 72.973100 70.225841 50.190563 49.959307 77.950201 77.104692 81.052814 81.194985 78.702547 85.368203 77.924967 70.426947 80.378789 80.082290 111.821395 125.048250 548.744705 1448.260251 1525.615089
-9999.0 -9999.0 -9999.0 74.733783 50.732375 50.853370 70.528524 83.175057 80.777268 83.468374 70.898575 74.667976 77.949811 89.218070 100.679432 115.368030 123.188463 115.108480 111.798010 51.921619 62.798764 50.352102 98.840876 84.717336 70.309636 70.723541 71.127547 50.701232 51.062035 50.461957 50.365672 50.611472 80.185658 70.038499 88.726113 87.000845 781.313528 50.196521 94.359414 50.844914 49.964145 76.959753 71.641644 78.487224 49.947734 50.307190 88.357684 87.073465 87.590748 82.097299 87.533518 84.438863 74.633371 83.359062 1240.747886 1451.809488 1009.280012 73.348141 108.540421 72.390466
-9999.0 -9999.0 -9999.0 80.817656 73.137661 50.237591 82.794358 71.558463 82.132759 91.923360 71.390607 72.282294 70.731294 72.786351 77.160363 72.219165 71.180117 71.954091 74.094968 55.333720 86.080874 79.188560 88.250557 70.289189 69.606973 84.955865 91.434951 104.875754 49.988704 84.772924 78.738656 78.564251 78.858448 75.328250 71.618589 77.321861 89.665611 1081.664751 979.507763 1074.288413 1162.139657 818.994058 50.331083 262.298302 1162.235014 1254.774033 1087.586291 1302.325463 50.944193 1705.567887 1665.511573 1418.582927 975.821237 1506.507604 49.972952 79.446315 74.893607 50.226942 73.090771 70.777784
-9999.0 -9999.0 77.196884 87.091332 101.296926 51.051155 50.219080 68.826577 72.457805 109.308007 77.005853 72.129759 71.109907 69.359583 69.793390 73.369076 76.345048 81.847327 57.879771 50.555392 76.398949 70.631450 80.185260 69.381628 76.904537 80.044901 91.338724 87.142274 50.269580 79.339847 72.279106 71.036312 71.220572 70.756374 70.716943 80.808804 77.650925 81.761119 50.687958 78.599965 98.832402 162.684300 1034.496773 1089.172584 97.913888 100.354580 78.720034 745.968706 944.581232 73.488057 73.555180 78.495914 78.652384 71.764009 69.923147 71.501310 71.552914 50.678668 72.692044 71.951663
-9999.0 -9999.0 73.134348 72.077941 81.197279 88.979552 50.565015 49.952527 76.739367 103.073120 71.981929 73.972679 76.250594 71.156499 79.105806 85.550655 73.886880 65.048011 50.533193 78.548701 73.802422 70.260170 77.541491 69.967521 74.928946 78.168978 83.011809 84.676062 50.368203 72.060101 71.821270 76.418403 74.211347 74.208776 81.213233 76.819968 75.925762 69.753688 72.785010 74.539614 83.755594 74.090575 80.813462 80.896517 80.131862 80.444984 73.131967 83.316911 63.545239 50.442459 71.591786 71.253233 72.248607 73.013709 85.631415 73.317814 73.281104 94.915677 72.328242 73.502851
-9999.0 -9999.0 -9999.0 72.060107 71.438453 -9999.0 73.288118 50.232860 55.925569 51.758285 80.044348 49.974797 50.559575 51.311743 50.411225 50.563390 64.022687 50.905676 93.641017 71.376499 69.235741 70.101403 72.975189 70.565771 75.049543 74.872941 75.378919 76.934973 50.882804 50.331805 77.980499 88.501635 73.088833 72.306156 71.863577 72.377424 71.349066 69.896646 72.664763 52.679991 134.466772 73.522629 73.720380 73.616698 73.363691 73.567371 72.206778 79.351417 82.715209 68.894506 75.651870 74.892683 74.004937 75.132135 89.290047 84.591019 80.952390 49.986454 70.419468 73.664651
-9999.0 -9999.0 -9999.0 -9999.0 -9999.0 -9999.0 -9999.0 -9999.0 78.805058 50.372565 50.636532 50.429083 112.329986 93.243746 72.956359 80.511356 70.528481 99.902816 89.363867 77.666083 78.630634 74.313181 72.677309 72.624512 71.291275 70.486946 69.927713 70.476101 80.563191 73.680943 73.712549 93.115016 72.252510 71.565983 71.885559 71.033000 69.317241 50.164628 63.963341 49.999395 78.950614 71.352771 76.152797 76.280519 75.754294 74.993229 73.945382 74.631049 74.356490 50.052438 88.915259 90.495537 87.540959 90.299355 95.103762 223.609978 50.584570 81.279864 72.689094 75.392615
-9999.0 -9999.0 -9999.0 -9999.0 -9999.0 -9999.0 -9999.0 -9999.0 -9999.0 72.764071 80.824042 86.086290 110.061016 86.474739 72.930444 73.806194 50.047919 121.921997 97.177295 82.812194 82.784126 81.418665 73.069555 73.135646 71.855052 71.009664 71.849553 71.723314 72.215964 74.984723 83.124957 90.376513 76.214181 77.787637 78.879761 72.622795 50.193014 60.649819 51.624961 95.039619 77.609869 77.143148 88.749630 99.876424 187.633057 196.004490 180.137805 51.779822 50.357506 50.424628 83.980636 78.004097 103.127349 99.550537 50.525168 63.504070 93.208598 81.530941 72.545621 75.554252
-9999.0 -9999.0 -9999.0 -9999.0 -9999.0 -9999.0 -9999.0 -9999.0 -9999.0 71.944530 79.359433 100.490821 87.103695 82.869744 73.312966 50.442380 60.799492 73.872981 78.908254 96.071532 94.399087 101.826222 75.831801 76.283361 51.180422 50.274360 51.043380 50.670776 49.983472 50.554643 50.421274 50.642016 50.809973 80.267824 86.976835 180.746072 78.431657 49.973845 78.228008 114.658094 87.303507 73.700843 85.971186 139.956990 82.564631 81.724194 74.056209 50.651430 50.200704 74.879955 73.726158 71.865856 76.000174 84.201870 50.484455 81.337296 87.956188 82.841826 71.765125 75.785791
-9999.0 -9999.0 -9999.0 -9999.0 -9999.0 -9999.0 -9999.0 -9999.0 -9999.0 73.390451 90.182582 84.648277 80.983288 74.465423 73.167464 63.534840 83.352978 85.115304 73.227340 77.802322 76.228323 73.220965 79.063203 84.036682 74.887670 95.870864 76.912018 72.296268 74.931260 77.267729 71.598046 84.843613 66.627723 80.327747 111.060987 71.443265 80.130167 76.012434 74.555814 134.735066 86.347711 77.137125 76.170296 105.439322 73.498857 75.361457 95.186141 49.987696 50.206181 73.867334 75.377173 80.114352 90.816784 95.400184 79.369104 118.122850 96.723111 85.808194 71.913722 73.449831
-9999.0 -9999.0 -9999.0 -9999.0 -9999.0 -9999.0 -9999.0 -9999.0 -9999.0 79.597327 80.258088 79.431209 74.896206 73.406366 83.754437 50.004599 50.463525 72.090551 76.203891 72.541967 69.530953 69.961485 71.972645 79.858321 84.489705 79.625154 72.294383 70.192013 68.841774 72.140437 82.340484 75.901586 50.953545 72.516312 105.814957 71.096948 79.277822 73.365238 116.477224 72.477668 77.491593 72.257186 72.180047 98.834636 80.005272 96.690553 49.991218 50.576392 50.630590 72.788054 74.619626 80.331563 107.845406 135.435343 50.668999 115.636823 86.203499 76.042824 69.745941 71.075760
-9999.0 -9999.0 -9999.0 -9999.0 -9999.0 -9999.0 -9999.0 -9999.0 -9999.0 70.146875 70.504568 72.783902 74.349295 77.369745 74.049086 50.339823 98.833994 105.744695 88.547033 86.497784 84.784908 79.845197 73.277333 76.618524 72.471863 72.485294 72.151604 71.587898 71.533990 70.423697 70.885587 71.798809 58.267775 72.744157 72.104733 95.531004 74.581111 72.413245 123.926740 93.784674 76.250911 73.857018 208.536241 71.976011 75.345692 81.022732 49.968935 96.471001 81.252304 73.472620 86.441705 85.608630 152.378157 50.228797 103.700329 85.450677 76.521080 75.351511 70.552644 71.321949
-9999.0 -9999.0 -9999.0 -9999.0 -9999.0 -9999.0 -9999.0 -9999.0 -9999.0 70.708488 72.596826 77.201415 72.424468 72.119013 73.795981 53.700388 49.996741 98.794619 82.363794 84.580245 80.194610 73.743246 75.348525 79.141499 75.708944 79.996947 81.110728 77.155905 77.745451 77.777895 72.687992 60.104969 50.346048 70.319934 82.584738 96.528439 75.460223 105.559221 89.246934 94.656256 76.684480 96.317172 80.261558 75.864215 70.276776 49.960159 50.196601 92.073099 74.489940 70.795677 73.375556 153.454771 73.057911 50.508076 83.928924 79.193659 76.029414 70.360672 71.255030 -9999.0
-9999.0 -9999.0 -9999.0 -9999.0 -9999.0 -9999.0 -9999.0 76.204142 93.139190 86.867562 51.574346 50.266578 50.549407 50.618601 50.435219 54.526019 50.234944 72.898258 100.191456 111.365396 80.777378 74.669752 76.220687 81.895101 81.187539 87.730623 85.820372 84.876391 85.615602 95.114320 64.357029 50.322662 70.463675 76.285326 82.651416 94.887432 88.617867 88.010928 84.090183 89.985382 71.938897 97.834168 73.399433 52.902399 50.364933 51.532246 72.191407 88.182276 73.934955 88.996861 140.382507 73.961456 49.973804 50.881159 80.596513 76.319955 76.703218 70.200154 -9999.0 -9999.0
-9999.0 -9999.0 -9999.0 -9999.0 -9999.0 -9999.0 -9999.0 50.002186 76.126095 89.087201 71.514285 71.336065 84.781643 72.394921 49.993816 50.607647 49.986082 50.336349 79.948882 75.025726 101.124520 98.149730 91.508571 78.431314 73.317755 72.189750 79.666188 122.284223 129.773332 81.006175 50.210606 50.233286 76.543466 72.362882 72.103313 89.837883 87.688217 81.151747 77.697194 85.150709 84.700294 73.386767 131.399937 49.971888 83.633045 105.712802 70.815946 82.733321 75.635423 119.274282 72.073481 50.295808 50.152375 93.369125 79.501626 75.288548 70.512693 71.543574 -9999.0 -9999.0
-9999.0 -9999.0 -9999.0 -9999.0 -9999.0 -9999.0 -9999.0 50.017581 72.883663 75.704698 73.000927 81.619653 80.564006 86.932003 50.957862 92.861274 71.857298 50.206696 49.988465 88.250924 80.534700 82.117754 81.251104 74.265471 75.140867 78.454037 91.045962 77.447804 73.441467 56.382909 73.107480 49.985700 70.444716 70.475986 70.733164 81.906737 84.280828 77.527787 72.499245 82.162439 86.139173 124.598641 79.725835 49.979569 79.427933 109.832988 77.338279 70.614079 108.587200 77.142940 69.348126 49.926042 70.497032 84.717996 69.772618 75.715294 72.441251 -9999.0 -9999.0 -9999.0
-9999.0 -9999.0 -9999.0 -9999.0 -9999.0 -9999.0 -9999.0 -9999.0 -9999.0 -9999.0 71.844343 71.302612 73.503750 95.866556 49.997573 75.028766 82.399952 73.790883 50.859144 71.334808 75.618118 71.467642 79.329401 73.419828 81.246558 82.978204 71.061083 73.458398 50.205807 53.170525 71.465434 50.423358 50.635319 79.727263 74.326993 79.501814 83.097374 73.223727 77.933555 81.263902 83.684748 130.842922 74.093816 50.267404 73.784305 110.959641 73.620600 80.431502 113.333059 72.339146 49.980395 51.139915 49.968551 71.528649 76.380205 75.185028 -9999.0 -9999.0 -9999.0 -9999.0
-9999.0 -9999.0 -9999.0 -9999.0 -9999.0 -9999.0 -9999.0 -9999.0 -9999.0 -9999.0 -9999.0 74.963195 79.994067 106.837403 49.992621 50.229483 74.329974 72.723963 50.255466 74.908218 72.565095 72.643117 76.099184 73.562115 72.151722 70.997944 72.861517 80.757260 56.214415 50.213076 71.508019 84.386070 50.860125 80.118059 73.881543 73.181707 79.188564 70.561956 76.158286 80.123921 114.222526 92.402589 70.911801 50.266308 97.132625 79.630626 71.345316 72.911208 120.632625 84.394307 99.104256 72.082942 49.983133 49.986142 76.057604 -9999.0 -9999.0 -9999.0 -9999.0 -9999.0
-9999.0 -9999.0 -9999.0 -9999.0 -9999.0 -9999.0 -9999.0 -9999.0 -9999.0 -9999.0 -9999.0 72.333886 79.163706 80.683025 49.999880 49.998491 73.757555 74.836278 50.405068 78.251168 73.282684 73.296437 75.284105 74.657351 73.461883 78.478001 50.460420 49.989902 60.425144 49.990249 71.736267 81.801365 49.990982 90.577535 91.032913 73.551631 74.095331 71.535392 76.887249 80.037497 117.541762 90.873400 71.084259 50.642051 100.850512 75.531368 130.696797 121.261152 72.057840 92.979332 83.529254 49.990449 49.977176 50.193397 -9999.0 -9999.0 -9999.0 -9999.0 -9999.0 -9999.0
-9999.0 -9999.0 -9999.0 -9999.0 -9999.0 -9999.0 -9999.0 -9999.0 -9999.0 -9999.0 -9999.0 -9999.0 -9999.0 74.902414 76.747481 50.702989 50.332707 77.678517 49.996671 50.637776 80.829468 79.836494 75.580558 76.875219 50.671493 49.976773 50.444224 82.933607 50.730726 49.985150 49.984783 75.136143 50.223041 49.999748 70.954644 81.215696 74.360261 71.160328 76.732044 101.204507 89.705244 89.443298 84.491855 49.961318 100.763394 89.672467 95.466834 88.975658 83.057267 83.245600 80.598681 49.975383 50.543372 76.928454 -9999.0 -9999.0 -9999.0 -9999.0 -9999.0 -9999.0
-9999.0 -9999.0 -9999.0 -9999.0 -9999.0 -9999.0 -9999.0 -9999.0 -9999.0 -9999.0 -9999.0 -9999.0 -9999.0 -9999.0 71.830258 -9999.0 -9999.0 -9999.0 49.996076 50.564627 98.922571 88.140729 75.631678 75.563184 50.364683 71.753778 77.460553 81.725317 50.420517 77.783163 49.980612 49.990377 75.481793 51.924507 96.523765 79.646248 71.228760 70.628155 91.388940 89.737545 84.863958 84.398192 83.649546 49.888387 94.178814 91.929813 92.157083 84.112923 81.031759 77.598228 72.145291 49.925121 90.373467 -9999.0 -9999.0 -9999.0 -9999.0 -9999.0 -9999.0 -9999.0
-9999.0 -9999.0 -9999.0 -9999.0 -9999.0 -9999.0 -9999.0 -9999.0 -9999.0 -9999.0 -9999.0 -9999.0 -9999.0 -9999.0 -9999.0 -9999.0 -9999.0 -9999.0 -9999.0 50.004937 50.478774 50.629917 50.450285 71.722545 49.975139 71.207081 77.371983 50.678084 51.225242 76.361463 71.309858 50.376820 51.106168 96.482203 75.465025 82.413263 69.575787 79.372694 77.934320 79.893370 79.335590 79.363955 79.187844 49.684171 88.074605 84.346286 85.782044 77.036719 74.706910 71.241422 49.858746 50.417357 83.480524 -9999.0 -9999.0 -9999.0 -9999.0 -9999.0 -9999.0 -9999.0
-9999.0 -9999.0 -9999.0 -9999.0 -9999.0 -9999.0 -9999.0 -9999.0 -9999.0 -9999.0 -9999.0 -9999.0 -9999.0 -9999.0 -9999.0 -9999.0 -9999.0 -9999.0 -9999.0 -9999.0 74.089190 77.183890 85.075451 71.617875 49.965770 70.008201 76.717827 49.973706 109.537300 75.405519 70.851168 83.677827 50.457735 88.803124 86.340448 68.143986 78.199750 78.402464 73.367802 76.443930 73.346897 73.664430 73.476531 49.490191 83.159230 81.763032 82.688029 73.568690 68.202232 50.627196 50.096069 82.586110 82.017880 -9999.0 -9999.0 -9999.0 -9999.0 -9999.0 -9999.0 -9999.0
-9999.0 -9999.0 -9999.0 -9999.0 -9999.0 -9999.0 -9999.0 -9999.0 -9999.0 -9999.0 -9999.0 -9999.0 -9999.0 -9999.0 -9999.0 -9999.0 -9999.0 -9999.0 -9999.0 -9999.0 -9999.0 71.860599 71.443964 75.427073 49.917641 69.531985 49.949661 49.957306 78.069397 97.002012 70.762997 78.507090 49.943363 77.668344 84.259638 83.538628 78.326858 72.686247 66.046672 70.619698 66.721189 67.043567 68.016548 49.394989 81.585629 78.437645 79.605462 67.923531 78.956240 49.836309 74.225040 77.478981 78.418283 -9999.0 -9999.0 -9999.0 -9999.0 -9999.0 -9999.0 -9999.0
-9999.0 -9999.0 -9999.0 -9999.0 -9999.0 -9999.0 -9999.0 -9999.0 -9999.0 -9999.0 -9999.0 -9999.0 -9999.0 -9999.0 -9999.0 -9999.0 -9999.0 -9999.0 -9999.0 -9999.0 -9999.0 -9999.0 -9999.0 69.153808 50.138266 71.241402 50.183618 50.162297 69.918453 89.873054 73.994572 71.856694 50.722349 85.875812 71.364753 78.752655 79.975896 69.274534 63.582028 65.729750 49.115389 49.643402 49.599929 49.610511 80.582562 75.868881 79.297583 77.412899 65.006822 49.475416 68.328907 72.497490 73.844587 -9999.0 -9999.0 -9999.0 -9999.0 -9999.0 -9999.0 -9999.0
-9999.0 -9999.0 -9999.0 -9999.0 -9999.0 -9999.0 -9999.0 -9999.0 -9999.0 -9999.0 -9999.0 -9999.0 -9999.0 -9999.0 -9999.0 -9999.0 -9999.0 -9999.0 -9999.0 -9999.0 -9999.0 -9999.0 -9999.0 68.166300 50.097668 70.195991 50.185180 50.274467 67.948994 89.785462 71.616664 49.968437 50.322962 76.763533 76.944792 63.793772 74.679075 74.131540 61.360013 63.631913 48.888167 50.877874 50.519853 67.342365 76.089919 68.347500 71.638315 75.834724 62.189553 48.358777 49.434393 66.865337 67.081250 -9999.0 -9999.0 -9999.0 -9999.0 -9999.0 -9999.0 -9999.0
