geotop/1.0zi/1.0Montebello/Templates/Duarrigle2006/maps/PSILIQL0003N0065.asc
ncols         76
nrows         123
xllcorner     110555.058093
yllcorner     85388.025579
cellsize      200.000000
NODATA_value  -9999.0
[rows 25 to 49 of 123, columns 0 to 55 of 76]
-9999.0 -9999.0 -9999.0 -9999.0 -9999.0 -9999.0 -9999.0 -9999.0 -9999.0 -9999.0 -9999.0 -9999.0 -489.998073 -489.998075 -489.998078 -489.999872 -489.999869 -489.998018 -489.998031 -489.998024 -489.999856 -489.999864 -489.999868 -489.999868 -489.999867 -489.999868 -489.999869 -489.999869 -489.999867 -489.998084 -489.998086 -489.998030 -489.998037 -489.998043 -489.998051 -489.998054 -489.998041 -489.998014 -489.998007 -489.998047 -489.999868 -489.999868 -489.999868 -489.999868 -489.999866 -489.999866 -489.999843 -489.999868 -489.999868 -489.999867 -489.999867 -489.999867 -489.999864 -489.999864 -489.999867 -489.999865
-9999.0 -9999.0 -9999.0 -9999.0 -9999.0 -9999.0 -9999.0 -9999.0 -9999.0 -9999.0 -9999.0 -489.998066 -489.998072 -489.998070 -489.998066 -489.998041 -489.998037 -489.998034 -489.998025 -489.998013 -489.999852 -489.999870 -489.999868 -489.999867 -489.999867 -489.999865 -489.999865 -489.999866 -489.999867 -489.999863 -489.998012 -489.998016 -489.998021 -489.998045 -489.998067 -489.998060 -489.998051 -489.998040 -489.998027 -489.997982 -489.999866 -489.999866 -489.999868 -489.999867 -489.999866 -489.999869 -489.999814 -489.999868 -489.999868 -489.999867 -489.999867 -489.999868 -489.999866 -489.999868 -489.999867 -489.999868
-9999.0 -9999.0 -9999.0 -9999.0 -9999.0 -9999.0 -9999.0 -9999.0 -9999.0 -9999.0 -9999.0 -489.998047 -489.998047 -489.998047 -489.998062 -489.998064 -489.998068 -489.998060 -489.998049 -489.998065 -489.999838 -489.999868 -489.999868 -489.999868 -489.999868 -489.999866 -489.999864 -489.999869 -489.999864 -489.999870 -489.999868 -489.998064 -489.998077 -489.998073 -489.998062 -489.998061 -489.998059 -489.998049 -489.998037 -489.999867 -489.999858 -489.999866 -489.999868 -489.999865 -489.999866 -489.999824 -489.999869 -489.999867 -489.999866 -489.999867 -489.999868 -489.999865 -489.999865 -489.999869 -489.999868 -489.999867
-9999.0 -9999.0 -9999.0 -9999.0 -9999.0 -9999.0 -9999.0 -9999.0 -9999.0 -9999.0 -489.998065 -489.998062 -489.998027 -489.998034 -489.998055 -489.998050 -489.998030 -489.998011 -489.998003 -489.998023 -489.999867 -489.999860 -489.999870 -489.999867 -489.999868 -489.999867 -489.999868 -489.999866 -489.999869 -489.999870 -489.999869 -489.998072 -489.998064 -489.998058 -489.998042 -489.998045 -489.998084 -489.998079 -489.998087 -489.999864 -489.999868 -489.999865 -489.999887 -489.999867 -489.999870 -489.999858 -489.999868 -489.999870 -489.999867 -489.999866 -489.999866 -489.999866 -489.999865 -489.999863 -489.999869 -489.999868
-9999.0 -9999.0 -9999.0 -9999.0 -9999.0 -9999.0 -9999.0 -9999.0 -9999.0 -9999.0 -489.998075 -489.998040 -489.998087 -489.998024 -489.998047 -489.998051 -489.998042 -489.998021 -489.998002 -489.997995 -489.997999 -489.999855 -489.999868 -489.999865 -489.999867 -489.999865 -489.999867 -489.999868 -489.999869 -489.999867 -489.999868 -489.998057 -489.998044 -489.998041 -489.998037 -489.998058 -489.998067 -489.998070 -489.998075 -489.999872 -489.999871 -489.999866 -489.999867 -489.999866 -489.999870 -489.999856 -489.999888 -489.999869 -489.999867 -489.999864 -489.999865 -489.999866 -489.999866 -489.999867 -489.999868 -489.999868
-9999.0 -9999.0 -9999.0 -9999.0 -9999.0 -9999.0 -9999.0 -9999.0 -9999.0 -489.998075 -489.998057 -489.998019 -489.998090 -489.998006 -489.998056 -489.998057 -489.998062 -489.998064 -489.998071 -489.998074 -489.998079 -489.998043 -489.999835 -489.999857 -489.999864 -489.999868 -489.999867 -489.999861 -489.999861 -489.999864 -489.999866 -489.999868 -489.998034 -489.998013 -489.998047 -489.998063 -489.998071 -489.998067 -489.998069 -489.998065 -489.999867 -489.999867 -489.999861 -489.999864 -489.999864 -489.999868 -489.999837 -489.999865 -489.999867 -489.999862 -489.999864 -489.999867 -489.999867 -489.999865 -489.999867 -489.999869
-9999.0 -9999.0 -9999.0 -9999.0 -9999.0 -9999.0 -9999.0 -9999.0 -489.999870 -489.999867 -489.998001 -489.998014 -489.998081 -489.998084 -489.998038 -489.998071 -489.998068 -489.998065 -489.998062 -489.998060 -489.998065 -489.998070 -489.998074 -489.998081 -489.999855 -489.999868 -489.999866 -489.999870 -489.999870 -489.999869 -489.999867 -489.999866 -489.998023 -489.998007 -489.998048 -489.998064 -489.998045 -489.998060 -489.998044 -489.998032 -489.999863 -489.999858 -489.999865 -489.999868 -489.999868 -489.999867 -489.999869 -489.999816 -489.999864 -489.999868 -489.999864 -489.999867 -489.999868 -489.999864 -489.999868 -489.999864
-9999.0 -9999.0 -9999.0 -9999.0 -9999.0 -9999.0 -9999.0 -489.999869 -489.999866 -489.999868 -489.999869 -489.998069 -489.998061 -489.998088 -489.998088 -489.998056 -489.998063 -489.998056 -489.998036 -489.998047 -489.998047 -489.998060 -489.998065 -489.998060 -489.999864 -489.999854 -489.999885 -489.999868 -489.999865 -489.999866 -489.999867 -489.999866 -489.997982 -489.998044 -489.998086 -489.998012 -489.998047 -489.998048 -489.998025 -489.998017 -489.999863 -489.999869 -489.999871 -489.999869 -489.999866 -489.999866 -489.999858 -489.999870 -489.999851 -489.999868 -489.999865 -489.999865 -489.999868 -489.999867 -489.999864 -489.999889
-9999.0 -9999.0 -9999.0 -9999.0 -9999.0 -9999.0 -489.998062 -489.998062 -489.998006 -489.998024 -489.998018 -489.998058 -489.998038 -489.998050 -489.998081 -489.998048 -489.998065 -489.998061 -489.998053 -489.998020 -489.998002 -489.997983 -489.997993 -489.998059 -489.998057 -489.999851 -489.999858 -489.999864 -489.999868 -489.999867 -489.999868 -489.999869 -489.998078 -489.998082 -489.998085 -489.998030 -489.998055 -489.998057 -489.998061 -489.998067 -489.999870 -489.999871 -489.999866 -489.999865 -489.999855 -489.999856 -489.999864 -489.999864 -489.999868 -489.999843 -489.999847 -489.999868 -489.999887 -489.999867 -489.999863 -489.999867
-9999.0 -9999.0 -9999.0 -9999.0 -9999.0 -489.998066 -489.998058 -489.998047 -489.998046 -489.998019 -489.998015 -489.998046 -489.998036 -489.998055 -489.998085 -489.998088 -489.998050 -489.998061 -489.998054 -489.998036 -489.998020 -489.998019 -489.998008 -489.997961 -489.997949 -489.997272 -489.999869 -489.999869 -489.999868 -489.999864 -489.999866 -489.999868 -489.998053 -489.998067 -489.998063 -489.998073 -489.998078 -489.998071 -489.998069 -489.998012 -489.997979 -489.999850 -489.999852 -489.999856 -489.999864 -489.999863 -489.999864 -489.999864 -489.999865 -489.999867 -489.999868 -489.999853 -489.999882 -489.999864 -489.999862 -489.999867
-9999.0 -9999.0 -9999.0 -9999.0 -489.998055 -489.998085 -489.998085 -489.998083 -489.998085 -489.998086 -489.998083 -489.998083 -489.998081 -489.998092 -489.998056 -489.998083 -489.998050 -489.998061 -489.998061 -489.998059 -489.998068 -489.998065 -489.998041 -489.998042 -489.998074 -489.997489 -489.999870 -489.999869 -489.999869 -489.999865 -489.999871 -489.999871 -489.998069 -489.998071 -489.998067 -489.998059 -489.998056 -489.998056 -489.998033 -489.998039 -489.998056 -489.998058 -489.999870 -489.999871 -489.999869 -489.999865 -489.999865 -489.999871 -489.999870 -489.999868 -489.999868 -489.999869 -489.999844 -489.999870 -489.999886 -489.999861
-9999.0 -9999.0 -9999.0 -489.998086 -489.998081 -489.998102 -489.998057 -489.998064 -489.998060 -489.998060 -489.998057 -489.998054 -489.998042 -489.998084 -489.998086 -489.998086 -489.998049 -489.998043 -489.998066 -489.998064 -489.998054 -489.998032 -489.998024 -489.997997 -489.997896 -489.998067 -489.999890 -489.999866 -489.999868 -489.999868 -489.999860 -489.999858 -489.999857 -489.997992 -489.998006 -489.998029 -489.998050 -489.998057 -489.998061 -489.998071 -489.998075 -489.998067 -489.998065 -489.999868 -489.999869 -489.999868 -489.999867 -489.999868 -489.999869 -489.999869 -489.999869 -489.999868 -489.999867 -489.999847 -489.999863 -489.999869
-9999.0 -9999.0 -9999.0 -489.998068 -489.998066 -489.998066 -489.998072 -489.998061 -489.998039 -489.998027 -489.998019 -489.998014 -489.997944 -489.997948 -489.998087 -489.998077 -489.998100 -489.998024 -489.998060 -489.998057 -489.998034 -489.998018 -489.998021 -489.998049 -489.998095 -489.997342 -489.999865 -489.999863 -489.999865 -489.999864 -489.999865 -489.999866 -489.999865 -489.998066 -489.998061 -489.998063 -489.998060 -489.998057 -489.998057 -489.998062 -489.998055 -489.998063 -489.998059 -489.999867 -489.999867 -489.999867 -489.999866 -489.999864 -489.999866 -489.999866 -489.999868 -489.999867 -489.999868 -489.999868 -489.999838 -489.999893
-9999.0 -9999.0 -489.998071 -489.998069 -489.998064 -489.998058 -489.998039 -489.998016 -489.998008 -489.998006 -489.997989 -489.997980 -489.998057 -489.998026 -489.998030 -489.998089 -489.998070 -489.998007 -489.998038 -489.998052 -489.998058 -489.998057 -489.998058 -489.998059 -489.998023 -489.997486 -489.999890 -489.999870 -489.999867 -489.999868 -489.999868 -489.999869 -489.998066 -489.998070 -489.998062 -489.998060 -489.998044 -489.998043 -489.998047 -489.998048 -489.998042 -489.998059 -489.998050 -489.999866 -489.999866 -489.999867 -489.999867 -489.999867 -489.999864 -489.999862 -489.999861 -489.999867 -489.999866 -489.999887 -489.999869 -489.999812
-9999.0 -9999.0 -489.998073 -489.998045 -489.998043 -489.998032 -489.998054 -489.998047 -489.998031 -489.998026 -489.998033 -489.998053 -489.998051 -489.998049 -489.998037 -489.998040 -489.998089 -489.998066 -489.998113 -489.998077 -489.998065 -489.998055 -489.999867 -489.999869 -489.999873 -489.999848 -489.999868 -489.999869 -489.999869 -489.999868 -489.999868 -489.999867 -489.999868 -489.998058 -489.998061 -489.998037 -489.998034 -489.997995 -489.997970 -489.998044 -489.998036 -489.999867 -489.999867 -489.999864 -489.999868 -489.999867 -489.999868 -489.999868 -489.999868 -489.999868 -489.999866 -489.999886 -489.999868 -489.999868 -489.999871 -489.999844
-9999.0 -9999.0 -489.998063 -489.998046 -489.998038 -489.998030 -489.998030 -489.998043 -489.998044 -489.998046 -489.998046 -489.998057 -489.998061 -489.998052 -489.998053 -489.998054 -489.998063 -489.998063 -489.997987 -489.998141 -489.998046 -489.999867 -489.999869 -489.999870 -489.999871 -489.999809 -489.999870 -489.999869 -489.999867 -489.999867 -489.999867 -489.999866 -489.999866 -489.999866 -489.998057 -489.997914 -489.997933 -489.998009 -489.997984 -489.998045 -489.999866 -489.999863 -489.999868 -489.999868 -489.999868 -489.999868 -489.999869 -489.999868 -489.999867 -489.999868 -489.999868 -489.999868 -489.999867 -489.999865 -489.999868 -489.999870
-9999.0 -9999.0 -489.998059 -489.998044 -489.998040 -489.998005 -489.998053 -489.998021 -489.998017 -489.998052 -489.998050 -489.998058 -489.998063 -489.998065 -489.998067 -489.998064 -489.998042 -489.997982 -489.998056 -489.998062 -489.998045 -489.999855 -489.999869 -489.999869 -489.999823 -489.999870 -489.999872 -489.999868 -489.999866 -489.999867 -489.999866 -489.999863 -489.999868 -489.999868 -489.999854 -489.999869 -489.999869 -489.999869 -489.999868 -489.999868 -489.999867 -489.999868 -489.999866 -489.999866 -489.999868 -489.999867 -489.999861 -489.999859 -489.999864 -489.999869 -489.999869 -489.999869 -489.999887 -489.999882 -489.999887 -489.999869
-9999.0 -9999.0 -9999.0 -489.998048 -489.998038 -489.997999 -489.998046 -489.998053 -489.997987 -489.998061 -489.998037 -489.998054 -489.998059 -489.998052 -489.999864 -489.999862 -489.999863 -489.999866 -489.998022 -489.998015 -489.998013 -489.998056 -489.999865 -489.999866 -489.999858 -489.999867 -489.999871 -489.999869 -489.999867 -489.999866 -489.999865 -489.999862 -489.999865 -489.999854 -489.999863 -489.999865 -489.999868 -489.999870 -489.999869 -489.999867 -489.999865 -489.999866 -489.999867 -489.999867 -489.999863 -489.999862 -489.999866 -489.999865 -489.999867 -489.999867 -489.999868 -489.999866 -489.999870 -489.999868 -489.999867 -489.999869
-9999.0 -9999.0 -9999.0 -489.998058 -489.998032 -489.998012 -489.998086 -489.998026 -489.998002 -489.998042 -489.998027 -489.999865 -489.999863 -489.999866 -489.999868 -489.999869 -489.999869 -489.999866 -489.999869 -489.999870 -489.999869 -489.999867 -489.999868 -489.999868 -489.999840 -489.999886 -489.999870 -489.999868 -489.999869 -489.999868 -489.999867 -489.999863 -489.999868 -489.999867 -489.999865 -489.999864 -489.999867 -489.999869 -489.999866 -489.999865 -489.999864 -489.999866 -489.999866 -489.999866 -489.999866 -489.999868 -489.999867 -489.999870 -489.999891 -489.999869 -489.999868 -489.999868 -489.999864 -489.999864 -489.999862 -489.999868
-9999.0 -9999.0 -9999.0 -9999.0 -489.998038 -489.998019 -489.998083 -489.998085 -489.998082 -489.998078 -489.999867 -489.999866 -489.999869 -489.999871 -489.999871 -489.999869 -489.999868 -489.999868 -489.999868 -489.999869 -489.999868 -489.999868 -489.999869 -489.999886 -489.999847 -489.999863 -489.999858 -489.999861 -489.999862 -489.999867 -489.999867 -489.999865 -489.999867 -489.999869 -489.999870 -489.999869 -489.999867 -489.999866 -489.999865 -489.999865 -489.999861 -489.999865 -489.999867 -489.999869 -489.999868 -489.999866 -489.999868 -489.999868 -489.999864 -489.999864 -489.999865 -489.999868 -489.999869 -489.999868 -489.999868 -489.999860
-9999.0 -9999.0 -9999.0 -9999.0 -489.998057 -489.998056 -489.998060 -489.998067 -489.998067 -489.998060 -489.999867 -489.999869 -489.999869 -489.999868 -489.999867 -489.999868 -489.999865 -489.999867 -489.999866 -489.999868 -489.999868 -489.999867 -489.999868 -489.999831 -489.999861 -489.999865 -489.999863 -489.999868 -489.999869 -489.999867 -489.999867 -489.999868 -489.999867 -489.999866 -489.999868 -489.999866 -489.999866 -489.999865 -489.999859 -489.999860 -489.999867 -489.999867 -489.999867 -489.999868 -489.999864 -489.999864 -489.999866 -489.999867 -489.999866 -489.999868 -489.999869 -489.999869 -489.999869 -489.999870 -489.999868 -489.999868
-9999.0 -9999.0 -9999.0 -9999.0 -9999.0 -489.998056 -489.998061 -489.998067 -489.998066 -489.998057 -489.999866 -489.999867 -489.999867 -489.999866 -489.999867 -489.999865 -489.999862 -489.999868 -489.999868 -489.999868 -489.999867 -489.999866 -489.999867 -489.999816 -489.999886 -489.999866 -489.999868 -489.999868 -489.999868 -489.999868 -489.999867 -489.999867 -489.999866 -489.999870 -489.999854 -489.999850 -489.999854 -489.999855 -489.999865 -489.999868 -489.999868 -489.999868 -489.999868 -489.999867 -489.999868 -489.999867 -489.999867 -489.999867 -489.999869 -489.999869 -489.999869 -489.999869 -489.999866 -489.999867 -489.999864 -489.999886
-9999.0 -9999.0 -9999.0 -9999.0 -9999.0 -9999.0 -489.998050 -489.998047 -489.998046 -489.998038 -489.998027 -489.998089 -489.998074 -489.998047 -489.998044 -489.998038 -489.999859 -489.999866 -489.999868 -489.999868 -489.999886 -489.999869 -489.999864 -489.999797 -489.999864 -489.999866 -489.999868 -489.999867 -489.999866 -489.999867 -489.999868 -489.999867 -489.999865 -489.999866 -489.999864 -489.999866 -489.999866 -489.999863 -489.999866 -489.999867 -489.999868 -489.999868 -489.999868 -489.999867 -489.999866 -489.999866 -489.999867 -489.999866 -489.999865 -489.999867 -489.999867 -489.999867 -489.999865 -489.999867 -489.999871 -489.999867
-9999.0 -9999.0 -9999.0 -9999.0 -9999.0 -9999.0 -489.998050 -489.998013 -489.998085 -489.998084 -489.998086 -489.998087 -489.998023 -489.998058 -489.998025 -489.998031 -489.998052 -489.999863 -489.999861 -489.999861 -489.999867 -489.999870 -489.999868 -489.999815 -489.999868 -489.999870 -489.999869 -489.999866 -489.999866 -489.999865 -489.999868 -489.999860 -489.999864 -489.999868 -489.999867 -489.999867 -489.999869 -489.999867 -489.999864 -489.999866 -489.999868 -489.999868 -489.999867 -489.999869 -489.999867 -489.999869 -489.999867 -489.999867 -489.999867 -489.999866 -489.999867 -489.999865 -489.999866 -489.999869 -489.999869 -489.999866
-9999.0 -9999.0 -9999.0 -9999.0 -9999.0 -9999.0 -489.998048 -489.998022 -489.998084 -489.998046 -489.998029 -489.998015 -489.998024 -489.998045 -489.998038 -489.998038 -489.998047 -489.999866 -489.999868 -489.999864 -489.999867 -489.999868 -489.999891 -489.999844 -489.999866 -489.999866 -489.999867 -489.999865 -489.999868 -489.999865 -489.999867 -489.999865 -489.999866 -489.999867 -489.999866 -489.999867 -489.999867 -489.999866 -489.999866 -489.999864 -489.999866 -489.999867 -489.999866 -489.999866 -489.999868 -489.999868 -489.999868 -489.999868 -489.999868 -489.999869 -489.999869 -489.999868 -489.999870 -489.999869 -489.999866 -489.999864
