geotop/1.0zi/1.0Montebello/Templates/Duarrigle2006/maps/PSILIQL0001N0009.asc
ncols         76
nrows         123
xllcorner     110555.058093
yllcorner     85388.025579
cellsize      200.000000
NODATA_value  -9999.0
[rows 26 to 51 of 123, columns 0 to 57 of 76]
-9999.0 -9999.0 -9999.0 -9999.0 -9999.0 -9999.0 -9999.0 -9999.0 -9999.0 -9999.0 -9999.0 67.774681 67.439610 67.646596 67.507920 71.832296 73.473465 74.510862 76.007828 79.273698 -34.443413 -41.310212 -41.570450 -41.040812 -41.200476 -39.695146 -39.957985 -40.101958 -40.974343 -44.224117 79.881208 79.092518 76.871693 71.235547 68.534546 69.016381 71.316907 73.394307 75.582104 86.083096 -40.067184 -39.836750 -41.509538 -40.105898 -40.090829 -41.102100 -5.266926 -40.524097 -40.869601 -40.561668 -41.028730 -41.226934 -40.141043 -44.189519 -39.828500 -41.234504 -39.264378 -37.484374
-9999.0 -9999.0 -9999.0 -9999.0 -9999.0 -9999.0 -9999.0 -9999.0 -9999.0 -9999.0 -9999.0 70.567047 71.504793 71.408315 67.494895 67.162340 66.930417 68.557089 70.821450 67.553438 -26.100339 -44.321739 -40.792988 -40.743172 -41.231299 -40.408410 -37.630255 -44.289059 -44.323339 -44.357967 -40.953986 66.485769 66.333228 66.677355 68.756623 67.671352 68.610716 71.534857 72.339059 -41.048680 -34.434999 -39.336715 -41.314522 -39.910808 -39.532798 -12.140353 -44.255083 -39.570348 -39.401748 -40.665318 -40.739962 -39.728772 -39.790803 -44.285086 -44.323256 -40.811158 -39.669177 -36.727796
-9999.0 -9999.0 -9999.0 -9999.0 -9999.0 -9999.0 -9999.0 -9999.0 -9999.0 -9999.0 67.142846 67.217722 77.425508 73.881799 69.213618 71.834119 76.047882 80.163158 80.330125 74.960550 -41.343191 -40.958876 -41.319712 -40.216213 -41.100434 -39.964225 -44.256964 -44.338154 -41.336778 -41.814682 -41.719871 67.029547 68.447069 68.571556 72.592976 70.201780 50.583235 50.302431 49.945381 -44.330926 -47.462535 -44.167067 -127.846330 -40.166715 -41.547823 -40.005779 -44.331147 -41.279070 -40.667952 -39.688690 -39.534214 -40.266729 -38.083637 -36.484498 -44.261112 -44.316892 -44.265992 -40.740136
-9999.0 -9999.0 -9999.0 -9999.0 -9999.0 -9999.0 -9999.0 -9999.0 -9999.0 -9999.0 66.491093 72.286860 50.815740 75.864116 71.337852 69.519561 71.923245 77.224230 82.308879 82.394831 79.418294 -38.103904 -44.344947 -39.314381 -40.081994 -39.064684 -44.333988 -41.132269 -41.590440 -41.615223 -41.593285 67.583542 72.212864 72.350780 72.652876 68.163485 67.007050 67.604354 65.907816 -41.638481 -41.535547 -40.378926 -44.320563 -44.168306 -47.430150 -37.107647 -127.858007 -41.695242 -40.507518 -38.789976 -39.242198 -39.563628 -40.564494 -40.781193 -40.936630 -41.386505 -149.696847 -44.096305
-9999.0 -9999.0 -9999.0 -9999.0 -9999.0 -9999.0 -9999.0 -9999.0 -9999.0 66.524889 68.044841 78.253596 50.024801 80.991538 68.268807 68.508442 67.338523 66.928449 67.637031 67.401452 65.971962 71.272221 -25.730549 -36.898121 -38.272268 -44.291918 -44.154781 -36.280515 -37.226710 -38.825300 -39.964517 -40.853124 74.041421 79.677284 70.830792 67.465581 68.183559 67.507550 67.072868 66.761162 -41.380074 -40.276377 -35.296795 -38.458276 -37.812666 -44.283871 -23.711053 -39.080354 -41.418795 -37.193411 -38.097327 -40.840691 -40.875064 -39.162415 -40.500125 -41.055767 -39.394152 -41.331061
-9999.0 -9999.0 -9999.0 -9999.0 -9999.0 -9999.0 -9999.0 -9999.0 -41.156106 -41.131533 75.315546 76.030264 50.775690 50.396870 72.979073 67.130766 67.988322 67.706963 67.780182 67.864203 66.919142 66.316322 67.274225 50.273738 -35.283621 -44.213302 -39.897751 -41.276296 -41.568548 -41.469695 -41.172983 -39.607672 76.039697 80.472226 71.298294 67.456445 70.818223 68.159486 72.381625 75.530884 -38.092292 -35.729647 -40.504632 -41.470390 -41.443268 -41.195850 -44.304388 -8.522837 -36.625695 -41.404462 -37.594919 -40.809730 -41.094399 -38.557689 -41.004122 -43.528019 -138.596920 -41.184345
-9999.0 -9999.0 -9999.0 -9999.0 -9999.0 -9999.0 -9999.0 -41.360581 -39.983991 -41.022811 -41.006346 67.405368 68.122353 50.053215 50.290659 69.857930 67.608664 69.272470 74.179615 71.323289 71.232771 67.951281 67.173607 68.586406 -39.245425 -33.552110 -127.867029 -41.608670 -39.729766 -39.596905 -41.103126 -38.970551 86.174359 72.411123 50.559367 78.989973 69.730993 70.403037 77.629929 77.210402 -38.499523 -41.273748 -41.250404 -41.173206 -39.668441 -39.475837 -31.352815 -44.284787 -31.839766 -41.035794 -37.861837 -39.338523 -41.405293 -41.040875 -37.415607 -149.701843 -47.319387 -44.328457
-9999.0 -9999.0 -9999.0 -9999.0 -9999.0 -9999.0 67.989645 67.671467 73.470401 69.631277 71.023349 68.652432 73.486006 71.146175 50.242798 71.997529 67.224917 68.024545 69.594393 78.561830 82.345143 85.654277 82.609083 68.076849 68.959323 -31.767384 -35.227899 -38.521724 -41.000157 -39.871774 -41.028453 -44.267258 50.701152 50.178350 50.731340 75.534839 69.013470 68.505029 67.398054 66.756430 -41.749919 -41.421585 -41.069866 -39.864119 -30.607341 -30.198012 -37.561641 -37.947819 -44.279036 -25.553918 -28.669334 -44.294879 -127.847737 -40.907563 -36.492814 -40.854062 -131.216477 -44.222542
-9999.0 -9999.0 -9999.0 -9999.0 -9999.0 67.710408 67.893328 71.184597 71.452056 74.771063 76.671371 70.933044 73.814510 69.645750 50.239885 50.293634 70.423596 67.846534 69.660781 73.177871 77.622567 76.906749 78.874059 89.329462 90.285615 91.573266 -41.220278 -41.576314 -41.244801 -38.975078 -44.334019 -47.670119 68.734090 66.994138 67.009203 66.742012 66.800743 67.459372 67.567168 80.514225 87.201257 -32.595540 -30.735857 -33.189877 -39.603746 -38.630533 -39.116014 -40.195936 -39.622185 -44.322574 -44.305451 -33.859317 -127.864388 -39.595574 -36.260563 -40.439007 -43.401242 -44.362693
-9999.0 -9999.0 -9999.0 -9999.0 69.718882 50.178264 50.231961 50.346431 50.400169 50.395058 50.466269 50.486789 50.393422 50.133089 69.358948 50.537531 70.863291 67.803542 68.063403 68.466255 67.574146 68.364222 72.677551 72.132841 50.237679 63.615571 -41.287577 -41.136606 -41.450509 -44.298492 -44.356531 -41.233608 66.922692 66.972729 67.359148 67.752014 68.356704 69.140244 74.975758 72.242012 68.917077 69.443048 -41.819884 -40.840374 -40.636931 -39.506824 -40.039769 -41.458467 -41.418787 -41.326855 -40.173478 -44.327931 -26.153549 -40.968636 -127.820781 -41.800617 -138.662521 -41.832242
-9999.0 -9999.0 -9999.0 50.406786 50.160845 50.208984 67.961196 67.699086 68.091717 68.277475 68.677389 69.695126 72.671513 50.193476 50.171219 50.250520 71.237585 72.387736 67.365106 67.930373 69.232899 75.379293 76.103460 82.795302 50.610615 68.483358 -127.846354 -44.310002 -44.270746 -44.183216 -33.987606 -34.074345 -34.996476 83.562618 81.236977 75.475061 70.055257 68.909339 67.477099 67.659934 67.444393 68.017867 67.388443 -41.558392 -41.662379 -40.955952 -40.669218 -41.125841 -41.357790 -41.306848 -41.513213 -41.165847 -44.305474 -27.402428 -41.365899 -41.224767 -41.749674 -41.537193
-9999.0 -9999.0 -9999.0 68.013268 68.137236 67.564896 67.202322 68.748332 73.101553 75.325266 76.937577 77.814545 92.401129 90.093740 50.600691 50.264924 50.121371 77.310778 67.607103 68.296723 74.057800 78.099593 77.321629 70.596005 50.411345 66.763807 -44.275052 -38.802363 -40.702024 -39.114831 -40.548797 -40.466038 -40.613991 66.930577 67.673189 68.125928 68.879177 68.868007 69.011876 68.648319 69.352332 67.650189 67.500585 -41.500133 -41.272976 -40.607553 -39.503233 -39.051897 -40.292063 -40.358579 -41.330365 -41.344795 -40.746496 -44.313808 -23.030695 -138.631080 -40.813530 -41.039751
-9999.0 -9999.0 66.744068 66.876265 67.190892 68.840295 72.990114 78.924490 79.484515 79.404605 83.663338 85.734688 69.126424 76.348708 75.651631 50.368397 50.268549 80.995261 73.215682 69.619339 68.999317 68.631575 68.355305 68.079980 70.440676 64.807936 -142.435167 -41.057532 -40.841256 -40.319388 -41.642440 -41.653997 66.931264 67.464431 67.722953 68.566278 71.857881 72.109123 71.726325 70.798669 72.790786 67.916798 70.292632 -40.565714 -40.473494 -40.309681 -40.612199 -40.566930 -37.803104 -36.064044 -34.997449 -44.220036 -44.313218 -127.836429 -44.314813 -2.162012 -142.395320 -44.323292
-9999.0 -9999.0 66.711269 71.128827 71.926999 75.001738 68.932837 70.645088 74.607401 75.217188 74.097606 69.765140 70.461799 70.976799 73.222313 73.017920 50.232807 50.528551 50.094891 66.487121 68.038891 69.080187 -40.932619 -41.334052 -41.612256 -32.306136 -44.370348 -40.578908 -41.427259 -41.324743 -41.054076 -40.700512 -41.008266 68.584137 67.356906 74.617491 73.162398 81.717695 89.015188 70.825844 73.326089 -41.411341 -40.023896 -38.060409 -44.269587 -44.306121 -44.249055 -40.796897 -40.882932 -44.315001 -44.302139 -127.837528 -41.045509 -41.281073 -41.264267 -26.227403 -44.340327 -40.728577
-9999.0 -9999.0 67.434087 71.627252 73.390812 75.666821 75.229498 72.445470 71.353041 70.871757 71.174032 68.750161 67.737581 70.263219 70.340718 70.353508 67.450855 68.406520 53.262580 49.937327 71.297569 -39.817777 -41.372237 -41.455887 -41.492586 -3.046997 -41.043214 -41.782934 -40.965146 -40.715048 -41.010667 -39.761348 -40.255983 -40.464214 68.484190 93.541626 88.817868 76.612608 78.052477 71.388117 -40.457752 -37.249989 -44.178588 -44.309319 -44.270442 -40.922770 -44.322432 -44.310257 -44.185006 -44.293365 -41.126232 -41.253855 -40.776654 -39.366897 -44.305389 -47.062131 -18.952658 -41.883990
-9999.0 -9999.0 68.012895 71.752520 72.928575 81.461919 69.844300 76.665994 78.559023 69.487234 70.729024 69.047231 68.128283 67.638302 67.447150 68.226024 72.302195 78.592875 50.275258 50.379332 50.432296 -37.549107 -44.314933 -44.355060 -13.066171 -44.382671 -41.752809 -41.482619 -40.248585 -40.943580 -40.183652 -37.381522 -41.097572 -41.127417 -31.442534 -41.124043 -41.432448 -41.399845 -40.805955 -40.937142 -40.778255 -41.161680 -40.273427 -40.250233 -40.729707 -39.917784 -35.535367 -33.701918 -39.033272 -40.980000 -41.323572 -40.852407 -127.834168 -127.987826 -127.829676 -41.179349 -13.277976 -41.857056
-9999.0 -9999.0 -9999.0 71.854501 73.178008 82.091783 71.308105 69.626824 85.454961 68.722070 74.415973 69.083753 68.910994 69.555723 -39.799309 -38.375342 -38.239595 -39.850596 69.944542 71.581547 71.728048 69.097187 -44.177786 -44.201930 -40.255030 -44.444223 -41.723873 -41.418186 -40.992732 -39.348464 -38.944526 -36.805571 -39.499286 -29.898972 -38.085896 -39.980550 -41.183414 -41.340138 -40.920431 -40.754849 -39.053149 -40.583637 -40.911611 -39.767070 -37.984492 -37.118078 -40.284096 -39.314381 -40.510022 -40.492771 -44.310977 -44.283737 -47.420251 -41.173092 -40.866683 -41.274911 -11.398140 -40.115399
-9999.0 -9999.0 -9999.0 68.475474 74.937954 79.657729 50.693836 76.217194 80.107141 72.166303 75.344667 -40.344290 -39.105489 -40.626622 -41.534383 -41.657090 -41.573846 -40.924206 -41.138942 -41.228567 -41.185658 -41.476201 -41.390132 -41.012289 -28.455866 -127.945293 -40.629166 -40.973662 -41.647927 -41.353779 -40.852795 -37.579115 -44.071800 -41.009646 -38.933288 -38.758648 -39.960924 -41.098679 -39.806367 -39.422393 -38.150699 -40.596985 -40.631575 -40.265595 -40.500086 -41.348919 -41.254184 -47.053475 -148.253811 -44.286664 -44.231950 -40.982796 -39.488504 -38.565664 -37.775787 -40.153161 -4.586895 -41.613880
-9999.0 -9999.0 -9999.0 -9999.0 73.613205 77.861952 51.160158 50.194288 50.470145 50.623619 -44.231941 -38.723430 -41.641383 -41.276783 -41.368529 -41.710947 -41.194096 -40.863764 -40.611615 -41.214261 -41.365315 -41.385389 -41.740826 -127.861085 -30.991960 -36.166106 -34.908278 -37.289480 -38.397950 -40.796243 -40.655610 -39.421516 -44.237338 -44.262418 -41.664457 -41.102423 -41.007949 -39.993637 -39.063671 -39.268192 -36.072288 -39.312321 -40.854420 -41.316837 -40.906784 -39.761659 -44.237588 -44.224078 -39.143524 -39.852660 -39.700116 -41.494898 -41.595444 -41.568315 -41.270561 -35.978586 -15.507090 -41.381846
-9999.0 -9999.0 -9999.0 -9999.0 68.904949 68.458459 68.094540 67.453685 67.409035 68.482110 -47.300004 -44.325115 -41.477364 -40.576341 -40.592685 -41.522621 -39.805764 -40.658904 -39.834138 -41.473586 -40.675168 -40.570214 -40.524671 -21.187990 -35.795072 -38.738354 -38.988449 -41.233925 -41.404061 -40.981720 -40.892507 -41.111358 -40.645210 -44.306693 -41.060949 -40.033445 -40.425118 -39.541242 -34.362011 -34.706195 -39.846144 -41.133932 -40.745677 -40.870761 -39.362752 -38.952251 -39.656835 -40.053258 -40.007722 -41.157605 -41.051612 -41.463512 -41.685453 -41.780448 -41.224683 -44.332659 -26.138284 -47.453546
-9999.0 -9999.0 -9999.0 -9999.0 -9999.0 68.653075 68.059930 67.379361 67.395551 68.824468 -39.738966 -44.322266 -44.354394 -39.552387 -39.696551 -40.146987 -37.899724 -41.309157 -39.668533 -41.203453 -40.582656 -39.819909 -39.530661 -8.786399 -127.851095 -40.495649 -40.996527 -41.475391 -40.794134 -40.809541 -41.182885 -40.253628 -40.115033 -47.416249 -29.149507 -26.124818 -29.063208 -29.806654 -39.747784 -41.098606 -41.382836 -41.059127 -41.017392 -41.193163 -41.068822 -40.871718 -40.466959 -40.599531 -40.871920 -41.479486 -41.623909 -41.677956 -40.211337 -44.315193 -44.322453 -127.852557 -149.711272 -15.442805
-9999.0 -9999.0 -9999.0 -9999.0 -9999.0 -9999.0 70.954659 71.107188 71.455434 73.653089 75.508774 50.243886 50.071252 50.523166 50.408736 50.652029 -39.664393 -44.241786 -44.266015 -44.321251 -127.846929 -44.316631 -38.167314 116.361484 -38.992712 -40.147847 -40.934196 -40.642104 -39.844882 -40.032363 -41.113516 -40.069872 -38.766241 -44.062275 -37.747961 -39.540625 -41.079233 -37.859139 -40.119647 -40.964899 -41.259077 -41.177776 -41.413038 -40.525324 -39.801137 -40.982642 -40.532668 -40.157022 -39.025433 -44.235733 -44.296743 -44.302195 -44.274585 -44.314909 -41.459748 -41.057145 -40.135730 70.284079
-9999.0 -9999.0 -9999.0 -9999.0 -9999.0 -9999.0 69.953176 79.186418 51.109214 50.258557 50.384184 50.609392 75.725158 68.325105 76.833031 74.764197 69.147357 -37.189295 -37.609061 -36.226422 -44.253539 -47.052608 -44.315811 -5.528957 -41.127839 -41.542562 -41.444160 -39.836714 -39.763610 -39.287079 -44.311958 -39.049547 -43.303724 -44.240974 -40.019331 -40.394500 -41.258879 -40.421109 -38.946997 -39.633855 -41.230983 -41.337613 -40.696791 -44.314714 -44.273129 -44.262724 -40.291586 -40.649038 -41.290646 -40.458890 -40.642123 -40.142058 -40.392257 -41.324654 -41.284315 -40.189954 -39.553144 -18.149367
-9999.0 -9999.0 -9999.0 -9999.0 -9999.0 -9999.0 70.414334 77.036415 50.568103 71.457559 75.059028 77.872331 76.358069 71.360497 72.970061 72.858222 70.715284 -40.125079 -41.239359 -39.232839 -40.872585 -41.310827 -153.422560 -29.928001 -39.852153 -40.596340 -41.247655 -39.062794 -41.012054 -44.268645 -44.279143 -38.698050 -39.878852 -40.545850 -40.455053 -41.024608 -40.597553 -40.129910 -39.741349 -38.859038 -40.309877 -41.207045 -39.847599 -44.289268 -41.143864 -40.888109 -41.352029 -41.256441 -41.149747 -41.377397 -41.566706 -41.126349 -41.216434 -41.206995 -40.306366 -38.834683 -38.850702 -40.051818
-9999.0 -9999.0 -9999.0 -9999.0 -9999.0 -9999.0 71.601904 71.098540 71.935418 69.209142 73.282822 76.585340 76.290248 69.254765 68.534856 67.936087 67.900502 -41.190282 -41.549424 -41.239789 -41.174168 -39.799227 -39.013303 -44.275552 -33.537503 -40.020581 -41.480417 -44.246707 -42.751359 -44.337569 -40.496785 -40.444797 -40.297027 -41.280499 -40.980942 -40.963556 -40.366447 -40.647979 -36.288072 -40.448312 -41.026134 -41.380489 -39.789368 -44.312892 -41.041343 -39.349932 -40.068542 -41.169469 -40.857536 -41.416363 -41.005735 -40.835195 -40.945577 -41.530882 -41.587230 -41.592873 -41.658923 -41.834562
-9999.0 -9999.0 -9999.0 -9999.0 -9999.0 -9999.0 68.156326 67.690480 67.970423 67.715661 74.097216 69.139067 70.992844 68.815565 69.961359 68.769008 68.854646 -41.002137 -40.819879 -40.951257 -39.995912 -39.018301 -39.048070 -40.866440 -22.996838 -43.877470 -44.290374 -44.293638 -39.975953 -41.623429 -41.623830 -41.320176 -40.992962 -40.749706 -40.552016 -148.251537 -131.428780 -38.539804 -35.785759 -39.575791 -40.857635 -39.890891 -38.188349 -44.312228 -34.887939 -35.833207 -37.467803 -40.373261 -40.182051 -41.441932 -44.313334 -40.099118 -40.732836 -41.342583 -40.346644 -41.028994 -40.874857 -41.549992
