geotop/1.0zi/1.0Montebello/Templates/Duarrigle2006/maps/PSILIQL0000N0050.asc
ncols         76
nrows         123
xllcorner     110555.058093
yllcorner     85388.025579
cellsize      200.000000
NODATA_value  -9999.0
[rows 81 to 107 of 123, columns 0 to 60 of 76]
-9999.0 -9999.0 -9999.0 -9999.0 16.267666 18.391666 12.127623 15.392137 14.317962 12.530539 11.894590 12.797519 10.194045 10.407329 14.559189 12.293310 10.046246 12.171003 0.000216 0.138635 12.242434 24.119236 19.523452 0.081691 0.000000 0.141121 13.217442 16.423846 19.888332 15.798079 11.980603 19.490565 77.211921 58.157374 337.938816 11.333070 14.479101 21.866026 17.878638 12.487051 20.206141 13.902323 10.451604 0.113130 0.221152 12.905256 12.007519 17.076753 16.637342 12.111284 20.360983 13.194943 14.424358 11.348002 13.085153 38.898401 30.183440 375.233117 0.001623 10.899445 11.433137
-9999.0 -9999.0 -9999.0 12.218318 31.474958 18.307461 11.492300 18.815222 13.774879 13.822119 11.563182 13.545575 16.520668 21.576590 15.607221 21.585063 12.843536 26.050700 28.677238 0.284404 0.081535 178.540020 179.135822 1.576381 23.013012 0.182961 0.144969 0.157995 0.220801 0.157724 0.092052 0.000451 0.213971 0.001623 0.286672 421.240275 0.172650 16.501944 24.811099 29.229661 10.251434 12.401038 10.172771 0.068215 -62.771365 16.293124 15.460364 19.258957 19.276675 16.762988 22.925442 16.313656 10.337217 17.734003 17.275968 48.661984 73.858425 94.949424 575.474080 673.588255 0.145586
-9999.0 -9999.0 -9999.0 13.907542 0.345412 0.329410 10.403708 21.265888 18.771448 20.010869 10.689784 13.846711 16.422441 24.422311 34.024845 42.702968 53.437883 57.362377 58.024068 1.763855 55.809342 0.136836 34.137834 19.992829 10.274517 10.582827 10.890470 0.338495 0.578861 0.224620 0.158359 0.251180 18.429015 10.045506 23.533777 23.192923 314.641181 0.082675 30.385084 0.376481 0.001622 15.287075 11.332315 16.084098 0.000290 0.139537 23.940066 23.856933 24.828367 19.555818 25.040883 21.260911 13.452258 19.260350 414.337475 602.332477 380.658937 7.472729 25.042408 11.659292 585.470932
-9999.0 -9999.0 -9999.0 18.817267 12.535804 0.076007 21.366901 11.210792 20.398839 26.816625 11.088886 11.807063 10.552670 12.252048 15.522095 11.765118 10.915497 11.548456 13.358443 26.728826 22.792591 16.842751 23.638049 10.250137 9.689058 21.832786 26.829267 37.279989 0.000293 22.302372 16.745218 16.394360 16.669591 13.804885 11.319001 15.329249 25.776836 462.601457 396.386184 435.308671 512.262822 308.278024 0.114194 35.533885 447.238794 496.500201 390.671312 533.026382 0.456754 669.204379 700.323987 571.398795 313.611196 585.306882 0.001622 16.779132 13.674878 0.082332 12.507281 10.584297 0.256716
-9999.0 -9999.0 16.092745 23.491033 34.325077 0.495120 0.078498 9.104226 11.964484 39.115057 15.308800 11.698981 10.877691 9.520196 9.848649 12.742800 14.802980 19.146510 0.167571 0.202137 14.543482 10.537649 18.305770 9.529108 14.831966 17.511784 26.091880 24.832266 0.090870 17.129059 11.828871 10.813043 10.959890 10.595898 10.566365 18.901660 16.047692 18.963227 0.225538 16.218756 1.832430 118.270086 422.796746 429.242037 28.271086 30.313171 16.414459 112.880239 300.008028 12.409540 12.510433 16.051614 16.405725 11.188671 9.769849 11.170688 11.233317 1.186581 12.157797 11.538918 0.207856
-9999.0 -9999.0 12.524362 11.644838 18.737862 24.761910 0.231614 0.000831 15.164022 38.016057 11.589422 13.034290 14.597330 10.964546 16.490908 21.174466 13.191401 6.777501 0.246486 16.024430 12.573093 10.212186 15.870606 9.983471 13.456410 16.294773 19.906914 21.313219 0.130765 11.630300 11.429901 15.391082 13.447365 13.450515 18.230295 15.097569 14.488701 9.811941 12.259950 13.741746 75.086506 13.304101 18.224717 18.239604 18.051069 18.345013 12.223069 19.876933 0.230414 0.144610 11.256196 10.968150 11.783799 12.428434 22.849133 12.695324 12.665884 104.709486 11.863484 12.840874 0.149015
-9999.0 -9999.0 -9999.0 11.622506 11.116470 -9999.0 12.660478 0.082712 0.135247 1.021739 17.763811 0.001607 0.204794 0.887386 0.152896 0.216954 0.238648 0.518227 27.837099 11.127687 9.428498 10.071716 12.399329 10.426009 13.864674 13.530699 13.773880 14.851293 0.322556 0.134627 16.802098 24.785318 12.481673 11.828732 11.473292 11.896146 11.052759 9.922211 12.151395 0.849367 82.742819 12.845912 13.029361 12.939121 12.722300 12.898379 11.753485 17.483068 20.481770 0.277865 14.734934 14.066481 13.290657 14.269748 26.212481 21.940703 26.880960 0.000829 10.318886 12.980293 0.000426
-9999.0 -9999.0 -9999.0 -9999.0 -9999.0 -9999.0 -9999.0 -9999.0 17.552878 0.138480 0.253384 0.200933 49.591678 30.880966 12.374950 18.323552 0.694288 36.521581 26.767090 16.602771 16.936694 13.542766 12.136997 12.089685 10.998053 10.363918 9.938951 10.369782 18.136964 12.986882 13.013393 29.103760 11.794936 11.233100 11.500869 10.806184 9.485480 0.069886 79.915230 0.000829 17.570419 11.039870 15.155821 15.258567 14.787476 14.119188 13.219736 13.814114 13.578723 0.000293 26.737051 27.615438 24.759289 28.382057 33.164554 186.184975 0.284727 18.936623 12.159593 14.487269 0.198417
-9999.0 -9999.0 -9999.0 -9999.0 -9999.0 -9999.0 -9999.0 -9999.0 -9999.0 12.222410 18.401092 23.478481 42.594956 24.405297 12.354552 13.100289 0.000448 49.280651 34.862012 21.438865 20.990337 19.031115 12.469855 12.525697 11.461310 10.781342 11.464241 11.356734 11.760806 14.125824 20.015415 27.570766 14.712165 15.859431 16.796502 12.122307 0.069207 35.068805 1.266960 32.437236 16.469164 16.046042 25.015574 35.534242 121.230070 134.833756 119.240915 1.526875 0.001062 0.158873 21.468945 16.828343 37.052266 37.829770 0.328005 4.221557 30.299547 19.131676 12.039210 14.630202 0.100157
-9999.0 -9999.0 -9999.0 -9999.0 -9999.0 -9999.0 -9999.0 -9999.0 -9999.0 11.528188 17.390002 35.112063 24.680929 20.578180 12.685628 0.152214 0.295060 13.174572 17.081983 32.558945 31.826474 33.240365 14.865613 15.270098 0.488713 0.090307 0.450642 0.233421 0.000440 0.188390 0.147425 0.250147 0.413107 0.280517 0.786689 130.284665 0.756162 0.000828 16.643557 58.525025 25.311952 13.013651 22.913772 71.264314 20.175510 19.687601 13.319565 0.348430 0.075294 14.039872 13.035256 11.472056 15.026752 21.967068 0.224824 0.624070 25.780516 20.148046 11.394187 14.836846 0.242476
-9999.0 -9999.0 -9999.0 -9999.0 -9999.0 -9999.0 -9999.0 -9999.0 -9999.0 12.737718 25.722665 22.240531 18.992811 13.676159 12.565858 0.229621 20.630852 21.122901 12.625701 15.447915 14.313191 12.625609 16.922779 21.809172 14.045064 29.157409 15.250182 11.862501 13.404090 14.902478 11.265324 21.956073 0.287835 18.104208 43.777571 11.155460 18.598826 14.714509 13.765799 71.040894 23.436841 15.428757 14.667321 46.728698 12.858868 14.464844 31.449346 0.000000 0.073013 13.155064 14.469014 18.309431 27.863290 33.340135 0.276950 58.986905 30.510149 21.162418 11.519795 12.804440 0.140622
-9999.0 -9999.0 -9999.0 -9999.0 -9999.0 -9999.0 -9999.0 -9999.0 -9999.0 17.036384 17.686154 17.386070 14.057998 12.765370 20.374374 0.001607 0.000574 11.665761 14.739376 12.051150 9.635721 9.953320 11.563266 17.803130 20.815378 17.488574 11.836451 10.134275 9.125740 11.737230 18.535441 14.221081 0.090167 12.030858 39.645597 10.859628 17.503995 12.734049 49.608843 11.990522 16.249354 11.802172 11.735782 43.982296 17.723347 29.634293 0.000829 0.337213 0.271668 12.235391 13.809328 18.398893 40.706856 3.371195 0.355041 44.142695 22.673475 14.288902 9.795010 10.838314 0.232976
-9999.0 -9999.0 -9999.0 -9999.0 -9999.0 -9999.0 -9999.0 -9999.0 -9999.0 10.115394 10.399062 12.245786 13.574913 15.899166 13.317284 0.122357 0.918986 38.466995 26.711489 24.592652 22.494173 18.066738 12.640136 15.811416 11.973608 11.982581 11.699823 11.240352 11.206434 10.324025 10.690980 11.417397 0.123408 12.212103 11.676823 33.207358 13.772909 11.923690 53.041907 32.667776 15.246636 13.147254 137.397771 11.556590 14.504040 18.266628 0.000211 34.015832 19.176176 12.819925 22.108168 23.433119 95.504117 0.082176 36.345483 22.097194 14.617706 13.882913 10.417691 11.030534 12.733803
-9999.0 -9999.0 -9999.0 -9999.0 -9999.0 -9999.0 -9999.0 -9999.0 -9999.0 10.534481 12.086884 15.526393 11.938433 11.680363 13.098026 0.083923 0.000279 39.424145 21.261204 22.346435 18.159259 13.048885 14.438715 17.853512 14.758149 18.244769 19.489698 15.404085 15.779424 15.797807 12.158855 0.123619 0.134151 10.235047 20.979647 34.606626 14.543007 37.793715 26.740570 32.506000 15.639588 31.871123 18.173808 14.912481 10.203229 0.000221 0.080329 28.798363 13.703455 10.608105 12.748338 90.237716 12.469104 0.209491 20.898460 17.274024 14.204858 10.284683 10.976474 -9999.0 -9999.0
-9999.0 -9999.0 -9999.0 -9999.0 -9999.0 -9999.0 -9999.0 15.195745 30.209921 25.683902 0.705325 0.089378 0.195764 0.260054 0.143741 0.000880 0.081817 12.341275 39.695959 42.915088 18.784947 13.849431 15.213339 20.380474 19.774027 24.115986 23.800074 22.664426 22.591805 30.145624 0.330485 0.117300 10.364878 14.772789 20.032177 31.428749 26.859583 25.126721 21.451308 27.656186 11.542816 33.064476 12.766777 2.566416 0.176643 1.287465 11.771389 24.146120 13.234623 24.079113 75.287333 13.252918 0.000293 0.390692 18.149187 14.485355 14.961535 10.145222 -9999.0 -9999.0 -9999.0
-9999.0 -9999.0 -9999.0 -9999.0 -9999.0 -9999.0 -9999.0 0.000423 15.134883 24.294447 11.186606 11.052868 21.936430 11.909970 0.000277 0.271030 0.000202 0.145665 18.129151 14.167240 35.896422 32.918278 27.666781 17.205620 12.678675 11.749993 17.475277 45.962044 57.175521 1.569524 0.073717 0.075821 14.649635 11.902664 11.692011 25.479809 25.601113 19.068163 15.931428 22.989192 23.309855 12.758172 73.519600 0.000289 21.431355 48.348631 10.638740 20.305422 13.990756 58.887613 11.690140 0.105922 0.068158 27.525826 17.535909 14.027019 10.388143 11.201232 -9999.0 -9999.0 -9999.0
-9999.0 -9999.0 -9999.0 -9999.0 -9999.0 -9999.0 -9999.0 0.001624 12.310753 14.754686 12.416262 18.316124 18.064396 24.358507 0.515930 27.996271 11.467147 0.075148 0.000809 23.779748 18.068782 20.194549 18.999692 13.491102 14.261058 16.896043 26.283492 15.452286 12.797813 0.113532 12.512611 0.000475 10.347623 10.361219 10.563002 19.993124 22.511721 15.896319 12.015702 19.763904 23.447347 63.436066 17.823003 0.000424 17.524602 48.722918 15.789350 10.479955 50.973820 15.470004 9.529117 0.000424 10.430457 20.809054 9.836899 14.717758 11.943854 -9999.0 -9999.0 -9999.0 -9999.0
-9999.0 -9999.0 -9999.0 -9999.0 -9999.0 -9999.0 -9999.0 -9999.0 -9999.0 -9999.0 11.446319 11.015568 12.857835 33.198623 0.000410 14.169550 19.224417 13.090955 0.344517 11.071018 14.294918 11.146099 17.721347 12.764889 19.021351 20.153164 10.827885 12.815266 0.074471 0.078408 11.144772 0.203937 0.265812 17.850602 13.556959 17.492128 20.948396 12.621690 15.749516 18.760418 21.323176 64.965232 13.362846 0.087689 13.090308 45.582650 12.961706 17.336167 59.823078 11.875306 0.001622 0.571792 -65.769204 11.208869 15.337332 14.304636 -9999.0 -9999.0 -9999.0 -9999.0 -9999.0
-9999.0 -9999.0 -9999.0 -9999.0 -9999.0 -9999.0 -9999.0 -9999.0 -9999.0 -9999.0 -9999.0 14.103564 18.157847 37.840253 0.000291 0.083792 13.555115 12.178777 0.098301 13.772848 12.056423 12.106648 15.104121 12.884587 11.703730 10.774740 12.311915 18.505491 0.128647 0.070731 11.179176 22.455953 0.397691 18.120287 13.176319 12.577331 17.362701 10.428172 14.531521 17.983017 46.723583 31.138757 10.709773 0.088170 37.834954 17.916536 11.048048 12.345274 64.482506 21.567193 33.417623 11.662876 0.000211 -63.501577 15.077042 -9999.0 -9999.0 -9999.0 -9999.0 -9999.0 -9999.0
-9999.0 -9999.0 -9999.0 -9999.0 -9999.0 -9999.0 -9999.0 -9999.0 -9999.0 -9999.0 -9999.0 11.856836 17.054979 18.725236 0.000812 0.000206 13.056952 13.992903 0.159207 16.484929 12.658714 12.659231 14.381521 13.834500 12.810108 16.691644 0.174552 0.000303 0.169534 -50.767022 11.364805 19.725320 0.000426 26.571756 25.991458 12.891846 13.352442 11.203413 15.028196 17.848835 45.467311 29.160469 10.845214 0.309762 39.634662 14.610295 61.084807 58.351659 11.634140 28.518786 21.475703 0.001623 -61.545707 0.081362 -9999.0 -9999.0 -9999.0 -9999.0 -9999.0 -9999.0 -9999.0
-9999.0 -9999.0 -9999.0 -9999.0 -9999.0 -9999.0 -9999.0 -9999.0 -9999.0 -9999.0 -9999.0 -9999.0 -9999.0 14.050392 15.691565 0.245913 0.133755 16.529980 0.000317 0.266538 18.626493 18.049616 14.644044 15.802842 0.255731 0.000244 0.145332 20.339466 0.288764 0.000214 0.000213 14.260607 0.087783 0.001627 10.744968 18.088090 13.583142 10.902937 14.821722 34.181753 27.029426 26.734127 22.521437 0.000423 37.862717 28.259085 33.115972 26.008403 20.784652 20.688916 18.273742 0.000823 0.283110 15.855035 -9999.0 -9999.0 -9999.0 -9999.0 -9999.0 -9999.0 -9999.0
-9999.0 -9999.0 -9999.0 -9999.0 -9999.0 -9999.0 -9999.0 -9999.0 -9999.0 -9999.0 -9999.0 -9999.0 -9999.0 -9999.0 11.437846 -9999.0 -9999.0 -9999.0 0.000281 0.297418 34.031280 24.558319 14.693385 14.632898 0.131147 11.388113 15.490627 19.252558 0.149901 15.768776 0.000222 0.000371 14.566765 0.901478 30.316687 16.982851 10.973132 10.509709 25.409296 25.686477 21.811997 21.460910 20.838978 0.000424 31.149961 28.663166 29.121709 20.829710 18.198440 15.712437 11.760033 0.000312 27.471212 -9999.0 -9999.0 -9999.0 -9999.0 -9999.0 -9999.0 -9999.0 -9999.0
-9999.0 -9999.0 -9999.0 -9999.0 -9999.0 -9999.0 -9999.0 -9999.0 -9999.0 -9999.0 -9999.0 -9999.0 -9999.0 -9999.0 -9999.0 -9999.0 -9999.0 -9999.0 -9999.0 0.000818 0.174755 0.247153 0.144765 11.353676 0.000419 10.956619 15.204179 0.238953 0.653141 14.576660 11.026600 0.173199 0.510380 31.684651 13.450834 19.623831 9.748189 17.297929 15.624509 17.406430 16.719733 16.755874 16.675266 0.000429 25.554636 22.029914 23.465724 15.161635 13.179873 11.157126 0.000281 0.216509 21.418797 -9999.0 -9999.0 -9999.0 -9999.0 -9999.0 -9999.0 -9999.0 -9999.0
-9999.0 -9999.0 -9999.0 -9999.0 -9999.0 -9999.0 -9999.0 -9999.0 -9999.0 -9999.0 -9999.0 -9999.0 -9999.0 -9999.0 -9999.0 -9999.0 -9999.0 -9999.0 -9999.0 -9999.0 13.353060 15.400952 20.494232 11.285658 0.000401 10.021028 14.617015 0.000213 40.202965 13.843432 10.666757 21.223337 0.160724 24.890358 22.362959 8.758784 16.013544 15.734619 12.236462 14.509326 12.312706 12.444671 12.417962 0.000426 21.443414 19.365916 20.546540 12.408883 8.992466 0.395403 0.111153 19.605416 19.458063 -9999.0 -9999.0 -9999.0 -9999.0 -9999.0 -9999.0 -9999.0 -9999.0
-9999.0 -9999.0 -9999.0 -9999.0 -9999.0 -9999.0 -9999.0 -9999.0 -9999.0 -9999.0 -9999.0 -9999.0 -9999.0 -9999.0 -9999.0 -9999.0 -9999.0 -9999.0 -9999.0 -9999.0 -9999.0 11.474630 11.175509 13.618519 0.000417 9.671170 0.000206 0.000288 15.807790 32.964475 10.626669 16.476487 0.000456 14.654142 20.582045 19.085191 14.920653 11.495679 8.003611 10.740850 8.426108 8.439313 9.024099 0.000429 19.579901 16.246132 17.633936 8.797293 17.277636 0.064726 12.888437 15.220722 16.035682 -9999.0 -9999.0 -9999.0 -9999.0 -9999.0 -9999.0 -9999.0 -9999.0
-9999.0 -9999.0 -9999.0 -9999.0 -9999.0 -9999.0 -9999.0 -9999.0 -9999.0 -9999.0 -9999.0 -9999.0 -9999.0 -9999.0 -9999.0 -9999.0 -9999.0 -9999.0 -9999.0 -9999.0 -9999.0 -9999.0 -9999.0 9.452810 0.079971 11.053627 0.069891 0.062438 10.014026 29.057329 12.977456 11.494089 0.307069 20.870126 10.502330 16.572109 16.007740 9.570179 6.747592 7.918284 0.000808 0.000177 0.000468 0.070317 18.024145 14.040005 16.571463 15.867233 7.181743 0.061552 9.241808 11.685813 12.561838 -9999.0 -9999.0 -9999.0 -9999.0 -9999.0 -9999.0 -9999.0 -9999.0
-9999.0 -9999.0 -9999.0 -9999.0 -9999.0 -9999.0 -9999.0 -9999.0 -9999.0 -9999.0 -9999.0 -9999.0 -9999.0 -9999.0 -9999.0 -9999.0 -9999.0 -9999.0 -9999.0 -9999.0 -9999.0 -9999.0 -9999.0 8.663726 0.080489 10.291928 0.067776 0.101771 8.524547 28.559156 11.303528 0.000286 0.155093 13.927892 14.714247 6.864668 14.357443 13.191792 6.089058 7.305581 0.230217 0.481137 0.315480 8.697950 14.627384 9.916891 12.109122 14.938182 6.384361 0.058858 0.000176 8.018177 8.179237 -9999.0 -9999.0 -9999.0 -9999.0 -9999.0 -9999.0 -9999.0 -9999.0
