geotop/1.0zi/1.0Montebello/Templates/Duarrigle2006/maps/PSILIQL0002N0062.asc
ncols         76
nrows         123
xllcorner     110555.058093
yllcorner     85388.025579
cellsize      200.000000
NODATA_value  -9999.0
[rows 25 to 49 of 123, columns 0 to 55 of 76]
-9999.0 -9999.0 -9999.0 -9999.0 -9999.0 -9999.0 -9999.0 -9999.0 -9999.0 -9999.0 -9999.0 -9999.0 -488.197623 -488.199548 -488.200730 -489.536354 -489.534602 -488.164432 -488.167671 -488.162097 -489.490513 -489.529786 -489.534300 -489.534303 -489.533619 -489.533720 -489.534500 -489.534299 -489.532295 -488.226114 -488.226163 -488.164524 -488.171277 -488.178737 -488.187638 -488.187686 -488.173717 -488.152517 -488.142685 -488.178818 -489.533778 -489.533358 -489.534994 -489.534195 -489.530214 -489.528132 -489.432198 -489.532037 -489.533110 -489.533683 -489.531829 -489.533512 -489.525893 -489.521208 -489.532323 -489.530995
-9999.0 -9999.0 -9999.0 -9999.0 -9999.0 -9999.0 -9999.0 -9999.0 -9999.0 -9999.0 -9999.0 -488.194107 -488.195540 -488.194825 -488.195452 -488.180298 -488.171348 -488.165094 -488.157345 -488.146850 -489.479505 -489.534612 -489.535393 -489.533738 -489.534239 -489.529382 -489.530273 -489.530753 -489.533549 -489.541929 -488.146735 -488.152531 -488.163171 -488.181556 -488.191010 -488.189051 -488.180743 -488.171716 -488.160918 -488.120358 -489.530634 -489.529913 -489.535212 -489.530731 -489.530691 -489.533931 -489.311694 -489.532144 -489.533203 -489.532249 -489.533687 -489.534315 -489.530855 -489.543363 -489.529910 -489.534343
-9999.0 -9999.0 -9999.0 -9999.0 -9999.0 -9999.0 -9999.0 -9999.0 -9999.0 -9999.0 -9999.0 -488.184643 -488.181810 -488.181877 -488.195356 -488.196559 -488.197422 -488.191115 -488.182964 -488.195039 -489.419138 -489.543888 -489.532975 -489.532819 -489.534333 -489.531695 -489.522259 -489.543749 -489.541786 -489.544036 -489.533709 -488.199159 -488.199491 -488.197882 -488.189908 -488.194534 -488.190846 -488.180229 -488.175666 -489.533785 -489.510713 -489.528307 -489.534599 -489.529831 -489.528855 -489.351657 -489.543626 -489.529164 -489.528526 -489.532566 -489.532808 -489.529514 -489.529685 -489.543735 -489.543851 -489.533041
-9999.0 -9999.0 -9999.0 -9999.0 -9999.0 -9999.0 -9999.0 -9999.0 -9999.0 -9999.0 -488.196419 -488.196258 -488.159820 -488.170042 -488.188300 -488.180164 -488.165509 -488.147413 -488.136530 -488.155294 -489.534685 -489.511158 -489.534649 -489.531166 -489.533948 -489.530273 -489.543615 -489.543278 -489.534702 -489.536196 -489.535883 -488.196921 -488.191433 -488.190759 -488.175728 -488.183936 -488.226551 -488.227304 -488.229007 -489.543926 -489.547461 -489.543234 -489.588192 -489.530926 -489.535326 -489.486457 -489.543920 -489.534498 -489.532579 -489.529453 -489.528930 -489.531347 -489.524072 -489.518262 -489.543638 -489.543820
-9999.0 -9999.0 -9999.0 -9999.0 -9999.0 -9999.0 -9999.0 -9999.0 -9999.0 -9999.0 -488.198900 -488.179050 -488.225985 -488.159132 -488.180317 -488.186902 -488.177785 -488.159765 -488.141520 -488.134024 -488.138115 -489.496573 -489.543935 -489.528220 -489.530685 -489.527346 -489.542497 -489.534054 -489.535481 -489.535560 -489.535497 -488.194919 -488.177660 -488.176911 -488.173343 -488.192494 -488.196938 -488.194854 -488.201061 -489.535676 -489.535376 -489.531632 -489.543871 -489.542077 -489.547033 -489.484239 -489.588091 -489.535784 -489.532085 -489.526511 -489.528012 -489.529093 -489.532257 -489.532929 -489.533406 -489.534805
-9999.0 -9999.0 -9999.0 -9999.0 -9999.0 -9999.0 -9999.0 -9999.0 -9999.0 -488.198775 -488.193207 -488.160596 -488.228274 -488.138985 -488.192110 -488.191093 -488.195733 -488.197330 -488.194726 -488.195696 -488.200996 -488.183282 -489.410231 -489.491309 -489.524616 -489.541802 -489.543202 -489.517276 -489.520790 -489.526562 -489.530465 -489.533177 -488.168219 -488.147024 -488.183392 -488.195309 -488.192457 -488.195070 -488.196784 -488.198087 -489.534871 -489.531321 -489.513966 -489.525250 -489.523026 -489.543685 -489.394937 -489.527392 -489.534906 -489.520941 -489.524235 -489.533107 -489.533221 -489.527742 -489.532032 -489.533785
-9999.0 -9999.0 -9999.0 -9999.0 -9999.0 -9999.0 -9999.0 -9999.0 -489.534113 -489.534035 -488.152429 -488.153664 -488.224258 -488.226319 -488.174329 -488.196500 -488.193177 -488.194306 -488.194055 -488.193759 -488.197340 -488.199469 -488.196139 -488.227379 -489.481140 -489.540147 -489.530070 -489.534510 -489.535388 -489.535064 -489.534144 -489.529163 -488.157815 -488.142038 -488.182356 -488.195417 -488.183438 -488.192601 -488.178075 -488.167202 -489.524345 -489.515762 -489.532026 -489.535100 -489.535000 -489.534207 -489.543775 -489.315594 -489.518783 -489.534849 -489.522491 -489.533025 -489.533901 -489.525692 -489.533626 -489.532693
-9999.0 -9999.0 -9999.0 -9999.0 -9999.0 -9999.0 -9999.0 -489.534720 -489.530344 -489.533719 -489.533648 -488.195504 -488.192718 -488.227049 -488.227079 -488.187244 -488.194739 -488.188000 -488.172281 -488.181875 -488.182104 -488.193388 -488.196390 -488.190923 -489.528128 -489.469354 -489.587989 -489.535539 -489.529578 -489.529084 -489.533931 -489.527106 -488.111818 -488.176121 -488.226256 -488.151306 -488.185973 -488.182998 -488.160044 -488.153737 -489.525850 -489.534480 -489.534415 -489.534179 -489.529335 -489.528732 -489.496895 -489.543698 -489.460722 -489.533721 -489.523461 -489.528212 -489.534864 -489.533742 -489.521753 -489.581832
-9999.0 -9999.0 -9999.0 -9999.0 -9999.0 -9999.0 -488.193187 -488.194484 -488.154600 -488.169991 -488.164337 -488.190684 -488.173446 -488.182173 -488.227059 -488.179534 -488.196238 -488.193088 -488.186597 -488.152501 -488.134021 -488.114489 -488.124355 -488.192894 -488.189221 -489.459931 -489.513199 -489.525555 -489.533618 -489.529980 -489.533712 -489.543666 -488.224667 -488.227341 -488.226295 -488.168302 -488.189150 -488.191184 -488.195577 -488.197959 -489.535953 -489.534958 -489.533876 -489.529987 -489.494070 -489.492265 -489.522119 -489.523648 -489.543668 -489.418951 -489.442353 -489.543767 -489.588181 -489.533338 -489.518401 -489.533155
-9999.0 -9999.0 -9999.0 -9999.0 -9999.0 -488.194292 -488.193613 -488.182232 -488.181520 -488.157553 -488.155666 -488.182458 -488.168339 -488.186394 -488.226786 -488.227142 -488.185090 -488.193785 -488.186282 -488.172319 -488.155556 -488.152737 -488.141721 -488.085924 -488.072879 -487.254769 -489.534316 -489.535402 -489.534366 -489.527064 -489.543891 -489.547531 -488.190368 -488.197174 -488.197073 -488.198000 -488.197647 -488.195246 -488.195022 -488.152506 -488.125318 -489.503064 -489.494814 -489.505192 -489.529088 -489.525793 -489.527583 -489.531018 -489.529178 -489.543887 -489.543812 -489.460561 -489.577319 -489.529046 -489.517569 -489.531859
-9999.0 -9999.0 -9999.0 -9999.0 -488.186031 -488.227101 -488.227127 -488.226926 -488.226759 -488.226749 -488.224916 -488.224858 -488.225277 -488.227269 -488.187620 -488.226096 -488.183613 -488.193981 -488.192891 -488.191277 -488.194826 -488.191807 -488.175762 -488.175340 -488.222821 -487.509418 -489.534505 -489.534042 -489.535001 -489.543233 -489.543983 -489.534362 -488.197304 -488.197098 -488.195668 -488.194191 -488.191769 -488.188513 -488.171506 -488.181206 -488.191441 -488.189326 -489.536316 -489.533388 -489.532485 -489.528758 -489.530603 -489.535056 -489.534962 -489.534678 -489.530963 -489.543904 -489.426740 -489.533502 -489.588422 -489.525313
-9999.0 -9999.0 -9999.0 -488.227070 -488.227337 -488.236685 -488.193388 -488.194412 -488.192856 -488.192087 -488.190452 -488.186150 -488.174467 -488.225683 -488.226086 -488.225700 -488.182185 -488.177367 -488.195661 -488.193461 -488.188177 -488.167681 -488.158752 -488.128496 -487.971596 -488.191029 -489.588196 -489.543533 -489.542977 -489.543310 -489.508687 -489.509089 -489.512769 -488.133954 -488.145115 -488.165669 -488.184552 -488.189445 -488.195145 -488.194530 -488.195385 -488.193147 -488.195575 -489.535363 -489.535702 -489.533499 -489.532575 -489.533983 -489.534710 -489.534563 -489.535211 -489.534161 -489.543751 -489.434964 -489.521025 -489.534338
-9999.0 -9999.0 -9999.0 -488.193227 -488.192688 -488.194859 -488.196233 -488.190213 -488.173512 -488.161601 -488.152209 -488.146357 -488.069296 -488.070072 -488.225051 -488.219637 -488.239934 -488.159368 -488.194782 -488.191991 -488.170199 -488.152527 -488.153936 -488.183979 -488.227037 -487.275292 -489.540697 -489.526371 -489.532722 -489.527202 -489.532131 -489.532089 -489.532574 -488.197311 -488.194417 -488.192633 -488.189607 -488.189674 -488.189079 -488.190587 -488.187640 -488.194582 -488.195223 -489.535187 -489.534477 -489.532403 -489.528859 -489.527409 -489.531334 -489.531523 -489.534646 -489.534692 -489.532825 -489.542177 -489.394492 -489.598483
-9999.0 -9999.0 -488.197945 -488.197534 -488.196398 -488.189884 -488.175408 -488.152053 -488.139721 -488.135669 -488.117352 -488.112045 -488.188607 -488.163325 -488.163073 -488.226578 -488.211761 -488.140951 -488.175110 -488.186449 -488.189072 -488.190611 -488.191750 -488.192893 -488.167548 -487.458081 -489.602577 -489.533840 -489.533120 -489.531468 -489.535626 -489.535663 -488.197240 -488.195187 -488.194237 -488.190960 -488.178683 -488.177657 -488.179076 -488.183028 -488.174291 -488.193552 -488.185936 -489.532426 -489.531886 -489.531376 -489.532411 -489.532271 -489.523145 -489.516714 -489.512585 -489.542631 -489.542621 -489.588286 -489.543848 -489.293759
-9999.0 -9999.0 -488.198383 -488.184051 -488.180600 -488.169910 -488.189411 -488.181951 -488.165086 -488.160554 -488.168537 -488.185823 -488.184180 -488.183308 -488.173916 -488.174832 -488.227169 -488.208239 -488.243834 -488.198856 -488.193060 -488.188767 -489.533389 -489.534643 -489.535558 -489.455062 -489.544106 -489.532324 -489.534930 -489.534607 -489.533767 -489.532684 -489.533649 -488.190919 -488.195785 -488.171221 -488.171984 -488.129506 -488.103432 -488.181097 -488.170283 -489.534895 -489.530686 -489.524126 -489.543677 -489.543803 -489.543595 -489.532982 -489.533256 -489.543677 -489.543097 -489.588275 -489.533758 -489.534474 -489.534433 -489.426300
-9999.0 -9999.0 -488.195663 -488.181888 -488.172819 -488.162202 -488.163131 -488.176075 -488.178715 -488.180899 -488.179541 -488.190132 -488.194221 -488.185581 -488.185834 -488.185975 -488.195407 -488.191549 -488.116918 -488.264591 -488.181918 -489.530002 -489.534802 -489.535064 -489.535183 -489.296539 -489.533867 -489.536066 -489.533498 -489.532718 -489.533633 -489.529676 -489.531240 -489.532117 -488.191300 -488.065436 -488.077583 -488.146561 -488.133599 -488.178548 -489.531928 -489.521413 -489.543316 -489.543834 -489.543680 -489.533389 -489.543877 -489.543756 -489.542525 -489.543772 -489.534014 -489.534402 -489.532930 -489.528383 -489.543809 -489.546856
-9999.0 -9999.0 -488.193209 -488.180453 -488.174106 -488.137034 -488.185510 -488.154171 -488.149799 -488.186987 -488.181550 -488.188872 -488.192624 -488.194573 -488.195356 -488.192395 -488.177464 -488.130433 -488.211538 -488.198944 -488.178347 -489.496707 -489.543864 -489.544021 -489.342510 -489.544139 -489.536093 -489.535098 -489.531290 -489.533432 -489.531028 -489.521419 -489.533939 -489.534027 -489.498552 -489.534009 -489.534957 -489.534848 -489.533011 -489.533404 -489.532922 -489.534109 -489.531338 -489.531219 -489.532788 -489.530188 -489.514535 -489.507363 -489.527337 -489.533546 -489.534603 -489.533160 -489.588304 -489.578210 -489.588344 -489.534162
-9999.0 -9999.0 -9999.0 -488.179463 -488.172621 -488.131864 -488.179947 -488.186452 -488.117301 -488.190284 -488.168969 -488.188791 -488.189477 -488.186722 -489.530002 -489.525111 -489.524580 -489.529871 -488.169070 -488.162531 -488.161706 -488.188685 -489.536339 -489.536921 -489.474241 -489.544383 -489.535958 -489.534902 -489.533585 -489.528403 -489.527016 -489.519310 -489.528776 -489.491776 -489.524014 -489.530346 -489.534207 -489.534660 -489.533370 -489.532860 -489.527339 -489.532319 -489.533327 -489.529703 -489.523659 -489.520479 -489.531283 -489.528136 -489.532093 -489.532033 -489.543834 -489.543722 -489.547295 -489.534138 -489.533189 -489.534472
-9999.0 -9999.0 -9999.0 -488.191257 -488.164944 -488.145591 -488.225197 -488.162155 -488.132745 -488.177548 -488.161984 -489.531735 -489.527614 -489.532455 -489.535265 -489.535678 -489.535416 -489.533396 -489.534063 -489.534354 -489.534225 -489.535095 -489.534839 -489.533640 -489.407002 -489.577847 -489.532462 -489.533583 -489.535633 -489.534697 -489.533164 -489.522271 -489.542726 -489.533635 -489.526974 -489.526305 -489.530249 -489.533938 -489.529811 -489.528571 -489.524373 -489.532346 -489.532467 -489.531274 -489.531987 -489.534709 -489.534409 -489.546860 -489.601416 -489.543734 -489.543522 -489.533579 -489.528699 -489.525579 -489.522775 -489.530906
-9999.0 -9999.0 -9999.0 -9999.0 -488.171522 -488.153962 -488.224343 -488.227142 -488.226392 -488.224668 -489.543527 -489.526340 -489.535620 -489.534481 -489.534757 -489.535843 -489.534227 -489.533183 -489.532397 -489.534267 -489.534742 -489.534810 -489.535928 -489.588062 -489.437607 -489.516662 -489.511986 -489.520941 -489.524950 -489.532981 -489.532538 -489.528575 -489.543156 -489.543643 -489.535689 -489.533935 -489.533658 -489.530400 -489.527391 -489.528097 -489.516755 -489.528197 -489.533155 -489.534593 -489.533337 -489.529657 -489.543540 -489.543500 -489.527653 -489.529922 -489.529442 -489.535152 -489.535485 -489.535408 -489.534492 -489.515967
-9999.0 -9999.0 -9999.0 -9999.0 -488.189465 -488.191315 -488.192783 -488.195285 -488.195499 -488.191311 -489.546865 -489.543861 -489.535188 -489.532327 -489.532389 -489.535362 -489.529728 -489.532567 -489.529929 -489.535087 -489.532568 -489.532226 -489.532079 -489.365300 -489.515161 -489.526173 -489.526977 -489.534368 -489.534866 -489.533539 -489.533267 -489.533957 -489.532511 -489.542616 -489.533837 -489.530520 -489.531781 -489.528928 -489.510067 -489.511450 -489.529899 -489.534024 -489.532810 -489.533216 -489.528365 -489.526983 -489.529311 -489.530639 -489.530467 -489.534111 -489.533775 -489.535043 -489.535754 -489.536087 -489.534362 -489.543869
-9999.0 -9999.0 -9999.0 -9999.0 -9999.0 -488.190510 -488.192907 -488.195564 -488.195565 -488.189931 -489.529786 -489.543279 -489.544015 -489.528975 -489.529451 -489.530907 -489.523178 -489.534634 -489.529460 -489.534286 -489.532261 -489.529801 -489.528799 -489.289316 -489.588152 -489.532023 -489.533634 -489.535095 -489.532970 -489.533025 -489.534181 -489.531229 -489.530756 -489.546798 -489.487866 -489.473887 -489.487491 -489.490840 -489.529581 -489.533939 -489.534788 -489.533790 -489.533659 -489.534203 -489.533824 -489.533210 -489.531954 -489.532362 -489.533216 -489.535092 -489.535551 -489.535757 -489.531066 -489.543859 -489.543834 -489.588138
-9999.0 -9999.0 -9999.0 -9999.0 -9999.0 -9999.0 -488.182394 -488.182474 -488.181895 -488.172717 -488.160720 -488.226776 -488.218052 -488.197780 -488.193395 -488.182431 -489.509214 -489.543434 -489.543657 -489.543879 -489.588188 -489.543862 -489.524120 -489.215983 -489.527058 -489.530921 -489.533413 -489.532505 -489.529934 -489.530553 -489.533997 -489.530614 -489.526344 -489.536804 -489.522772 -489.528894 -489.533848 -489.523254 -489.530789 -489.533518 -489.534413 -489.534161 -489.534894 -489.532110 -489.529737 -489.533544 -489.532162 -489.531005 -489.527267 -489.543538 -489.543783 -489.543803 -489.543666 -489.543862 -489.535079 -489.533838
-9999.0 -9999.0 -9999.0 -9999.0 -9999.0 -9999.0 -488.184989 -488.149870 -488.224709 -488.226920 -488.226402 -488.225669 -488.156444 -488.191894 -488.159158 -488.164596 -488.188489 -489.520895 -489.522486 -489.517224 -489.543599 -489.546855 -489.543690 -489.294643 -489.534012 -489.535318 -489.534983 -489.529927 -489.529718 -489.528138 -489.543844 -489.503688 -489.526674 -489.543559 -489.530477 -489.531715 -489.534405 -489.531823 -489.526963 -489.529189 -489.534333 -489.534670 -489.532637 -489.543864 -489.543677 -489.543654 -489.531417 -489.532509 -489.534514 -489.531879 -489.532447 -489.530828 -489.531693 -489.534666 -489.534537 -489.531032
-9999.0 -9999.0 -9999.0 -9999.0 -9999.0 -9999.0 -488.182955 -488.158464 -488.226406 -488.179863 -488.163047 -488.147103 -488.155635 -488.180258 -488.174383 -488.175595 -488.184234 -489.530831 -489.534408 -489.527800 -489.533246 -489.534587 -489.604786 -489.415448 -489.529846 -489.532286 -489.534386 -489.527423 -489.533654 -489.538799 -489.540262 -489.526133 -489.529984 -489.532164 -489.531875 -489.533681 -489.532352 -489.530918 -489.529726 -489.526633 -489.531484 -489.534259 -489.529882 -489.543743 -489.534055 -489.533265 -489.534694 -489.534394 -489.534056 -489.534765 -489.535371 -489.534002 -489.534283 -489.534275 -489.531420 -489.526503
