geotop/1.0zi/1.0Montebello/Templates/Duarrigle2006/maps/PSILIQL0001N0049.asc
ncols         76
nrows         123
xllcorner     110555.058093
yllcorner     85388.025579
cellsize      200.000000
NODATA_value  -9999.0
[rows 54 to 80 of 123, columns 0 to 59 of 76]
-9999.0 -9999.0 -9999.0 -9999.0 -9999.0 -9999.0 -9999.0 -9999.0 -9999.0 -9999.0 -9999.0 -9999.0 75.315328 73.343274 71.936494 86.842621 72.739403 73.135293 76.655317 135.097892 51.720040 49.969334 74.505856 74.011000 50.597103 171.201295 72.597706 86.056895 80.471615 84.967217 75.710196 89.392144 50.463805 50.395615 75.231707 76.008516 79.588353 76.720944 76.940924 92.509508 79.124795 71.406242 51.131457 87.076254 84.709810 79.400725 74.533994 73.330286 86.628957 77.403880 84.650041 88.860365 85.177089 70.903054 73.878918 74.127371 72.617249 72.941309 76.898643 72.851523
-9999.0 -9999.0 -9999.0 -9999.0 -9999.0 -9999.0 -9999.0 -9999.0 -9999.0 -9999.0 -9999.0 -9999.0 -9999.0 83.018219 87.252367 84.480194 89.921034 123.625932 123.329283 90.833963 74.770710 72.860054 77.073484 78.883718 74.819440 152.013491 51.183299 85.921977 89.308928 72.076508 50.548916 50.744951 50.430948 75.340402 73.008834 75.517351 73.264324 83.226058 78.975159 75.780500 102.966812 50.174533 87.112810 75.038223 78.878424 76.808148 72.699892 84.511049 97.025031 78.077668 74.430716 73.122170 75.004337 84.915760 94.853825 115.788142 132.851343 126.996070 119.032475 116.908438
-9999.0 -9999.0 -9999.0 -9999.0 -9999.0 -9999.0 -9999.0 -9999.0 -9999.0 -9999.0 -9999.0 -9999.0 -9999.0 81.743109 76.108761 84.893334 89.997127 87.491612 80.966893 77.408990 72.083728 75.039373 93.840821 97.449756 130.879865 207.398790 91.672141 50.862532 50.307576 49.939984 50.582091 85.237928 71.395502 70.987983 73.268345 71.296258 82.093967 92.956897 75.053291 91.200686 50.867766 50.876767 73.939866 74.121819 85.259170 84.484610 74.969788 100.411902 108.141486 50.430281 -10.006517 81.631593 75.441965 71.936578 78.226084 78.958579 84.548335 91.691638 114.571281 162.677351
-9999.0 -9999.0 -9999.0 -9999.0 -9999.0 -9999.0 -9999.0 -9999.0 -9999.0 -9999.0 -9999.0 -9999.0 -9999.0 -9999.0 76.519357 72.195669 70.932516 74.575445 74.731208 74.013775 81.937795 117.746581 165.324545 121.967569 79.384875 50.380447 403.805068 77.066371 83.759776 83.850915 72.526808 70.101146 70.579388 72.927711 72.483734 79.972614 91.219271 103.790199 82.421949 77.605207 100.473504 74.301072 72.514070 77.204949 90.329436 93.076153 87.600985 99.455729 50.867751 50.627466 102.346055 92.492989 84.114366 74.521273 72.844201 72.333258 75.084943 81.209258 116.599145 97.254687
-9999.0 -9999.0 -9999.0 -9999.0 -9999.0 -9999.0 -9999.0 -9999.0 -9999.0 -9999.0 -9999.0 -9999.0 -9999.0 77.790678 75.654207 73.168106 71.628729 75.455125 75.421500 74.780871 77.985590 79.075358 91.941846 73.092598 71.936742 74.001418 50.281433 355.032069 86.202281 83.184188 72.646610 71.475837 73.218050 75.629552 103.303542 118.149389 135.362913 161.156412 80.122324 101.589284 50.523935 74.372821 74.199818 83.278826 96.311603 95.701014 119.628873 74.981196 50.265570 78.079971 75.211160 76.611625 78.030429 74.174920 75.589584 95.485192 110.803206 130.246487 90.783535 90.060655
-9999.0 -9999.0 -9999.0 -9999.0 -9999.0 -9999.0 -9999.0 -9999.0 -9999.0 -9999.0 -9999.0 -9999.0 79.913959 100.000472 118.231844 132.785035 137.100235 125.369418 82.510872 75.818421 72.018187 71.096927 73.611353 74.792865 83.570726 86.634754 109.453574 222.557040 91.496002 89.111776 82.841775 77.798834 71.499997 73.730960 72.126360 74.178736 92.494021 105.141742 170.418495 50.843804 75.018033 74.121013 75.128183 85.781315 103.857411 97.665186 121.765373 49.971216 -10.008430 92.346195 77.620603 77.003745 91.552334 77.308666 84.117952 72.932209 79.119137 82.043428 81.123039 81.708971
-9999.0 -9999.0 -9999.0 -9999.0 -9999.0 -9999.0 -9999.0 -9999.0 -9999.0 -9999.0 -9999.0 -9999.0 75.891972 75.940510 84.231417 74.148119 72.900130 70.779582 112.438765 86.548282 72.946573 73.092558 73.448746 72.108269 73.833873 81.904181 120.799379 170.052017 82.542262 76.143158 86.072646 78.398822 70.250491 72.369513 73.372571 72.241721 75.749031 86.482414 93.268016 161.782737 -10.026941 80.118311 82.199022 87.716024 76.323529 51.540776 131.340821 51.410043 117.852140 78.421070 81.600945 113.420547 121.496696 86.769635 76.748316 77.085663 76.976784 75.216582 73.469903 71.913476
-9999.0 -9999.0 -9999.0 -9999.0 -9999.0 -9999.0 -9999.0 -9999.0 -9999.0 -9999.0 -9999.0 -9999.0 -9999.0 74.355464 72.400019 71.081850 75.566401 50.422864 50.298400 52.025065 51.266088 50.268886 86.332770 75.432081 82.677203 87.508257 466.326408 51.598098 125.767809 136.239109 127.573980 101.832663 86.963733 75.111313 71.406824 83.602913 90.973949 92.277752 74.618015 74.198911 69.478507 -13.132089 50.630156 89.709602 50.634190 50.894854 95.618196 83.901057 71.851403 80.378875 75.143910 75.771219 76.992219 140.795624 83.966384 85.093775 72.553795 72.303007 72.948290 72.107236
-9999.0 -9999.0 -9999.0 -9999.0 -9999.0 -9999.0 -9999.0 -9999.0 -9999.0 -9999.0 -9999.0 -9999.0 -9999.0 -9999.0 76.617198 50.858197 50.594403 50.544730 76.608430 72.230579 80.617294 50.370520 50.402388 50.552160 71.193905 74.361799 362.510145 50.554545 76.133240 90.755729 95.983155 84.181041 73.481752 74.868229 72.480176 82.097571 73.789830 77.289468 99.186615 83.658072 68.062624 50.774491 90.496599 89.415012 82.807425 81.397492 73.247469 70.725495 72.353047 79.205711 74.840202 77.181167 82.516807 78.149881 51.396281 50.763506 85.575147 79.025466 72.238754 70.803617
-9999.0 -9999.0 -9999.0 -9999.0 -9999.0 -9999.0 -9999.0 -9999.0 -9999.0 -9999.0 -9999.0 -9999.0 -9999.0 -9999.0 75.289545 72.615682 76.117524 75.033971 75.534538 70.135808 68.287746 71.380354 92.233856 50.873291 51.009415 50.858146 180.306094 -15.790938 89.879462 71.645290 75.671094 70.851975 71.104356 78.891044 75.440922 80.310766 85.976310 80.228330 75.038681 112.766158 102.295782 74.442601 79.242181 78.422884 80.407768 73.015325 74.785636 74.335558 72.669941 75.928523 76.421304 82.443357 49.973994 50.464238 -10.693747 49.979254 50.744217 78.909711 75.674744 74.874311
-9999.0 -9999.0 -9999.0 -9999.0 -9999.0 -9999.0 -9999.0 -9999.0 -9999.0 -9999.0 -9999.0 -9999.0 -9999.0 -9999.0 73.461177 80.572920 76.259054 77.212716 77.013790 78.313799 74.963692 76.508863 70.208074 89.729015 83.418152 80.589765 85.804059 225.505168 50.397326 74.630441 84.530554 80.709143 85.879680 75.204900 85.861508 77.818020 89.158925 89.624013 98.385108 102.527547 51.085234 87.560565 74.846884 72.955551 76.660456 76.227594 77.340853 73.136167 81.395394 95.735348 87.896394 79.863276 93.506129 73.690454 78.626523 78.465923 50.556924 74.180053 81.640972 50.387491
-9999.0 -9999.0 -9999.0 -9999.0 -9999.0 -9999.0 -9999.0 -9999.0 -9999.0 -9999.0 -9999.0 -9999.0 -9999.0 72.404117 72.228139 79.542453 96.283468 84.903057 85.007836 85.827928 77.605824 82.830866 88.712804 79.542310 70.684621 70.218582 71.556694 89.474157 348.701809 51.450568 86.191529 93.797485 71.803078 83.471627 84.875314 86.594131 74.621711 95.432021 51.595351 92.237500 71.806988 69.442095 71.606159 74.498165 74.626710 74.784175 75.006527 50.424521 50.545035 119.468479 95.201927 81.033510 77.798683 96.613011 85.849416 74.627598 49.986474 50.246252 50.442621 50.271859
-9999.0 -9999.0 -9999.0 -9999.0 -9999.0 -9999.0 -9999.0 -9999.0 -9999.0 75.276862 78.016990 73.158692 76.724649 77.426159 92.009105 95.072133 120.282761 90.578348 89.172486 90.118872 74.222227 72.793745 71.863566 70.924648 75.348054 72.014143 72.699714 83.937351 94.196063 219.880588 75.939035 98.597731 73.044751 105.594507 73.734013 89.940295 76.142800 85.855883 119.580827 72.579974 69.196841 74.545035 81.092277 81.126767 82.728587 75.348983 78.844690 89.111437 50.476454 51.285971 49.973959 80.536406 74.365569 71.892847 100.174407 101.247289 75.812687 73.572571 49.983299 74.538252
-9999.0 -9999.0 -9999.0 -9999.0 -9999.0 -9999.0 -9999.0 -9999.0 76.600540 78.018802 126.374180 77.900573 86.064743 75.343589 77.479697 82.893251 132.304513 86.250788 90.432701 93.585793 73.348389 72.486132 69.037343 73.076444 90.209201 72.434440 82.606342 90.848562 101.582123 314.560481 145.609536 87.119700 97.229371 76.867460 71.529760 94.898342 50.547802 81.394596 54.983031 75.383232 72.353128 89.969795 86.330385 86.383210 82.042127 74.705760 88.215995 73.640632 73.935647 75.200061 50.270280 50.428283 50.508633 74.149408 83.648884 100.231120 116.791327 72.174011 49.996039 50.411695
-9999.0 -9999.0 -9999.0 -9999.0 -9999.0 -9999.0 -9999.0 -9999.0 79.928241 94.148630 122.898523 87.915544 95.255728 76.824934 77.575918 82.461331 90.862251 140.506002 102.355292 96.169115 80.103250 80.666435 72.421467 89.474235 96.209945 74.478730 87.028956 91.796143 107.887741 50.285596 478.148795 272.144735 75.252069 79.556160 76.703429 127.086064 88.143410 76.938390 88.704803 184.779740 164.948889 147.060180 125.468238 105.121498 90.060248 77.933359 91.333515 77.791445 87.469875 86.701427 79.311526 87.407752 50.605929 50.709034 50.877053 49.980354 52.015951 74.770186 71.723964 73.597045
-9999.0 -9999.0 -9999.0 -9999.0 -9999.0 -9999.0 -9999.0 -9999.0 79.180300 87.286079 96.454388 227.859743 96.900179 77.077192 73.663585 71.588900 71.027933 71.193539 143.810996 181.153636 92.743685 92.022776 50.492537 97.079268 102.066874 76.242192 86.816912 92.143528 76.086472 72.680397 -10.013908 -13.840258 320.249329 49.980626 136.223179 49.958762 73.935982 71.076744 74.899231 109.386500 82.693068 74.959743 75.803049 79.466659 74.864914 84.275848 91.572397 74.192835 75.216434 115.725598 81.328751 77.263536 80.557290 72.457064 74.184266 72.007259 50.544766 50.545658 -10.027280 74.023492
-9999.0 -9999.0 -9999.0 -9999.0 -9999.0 -9999.0 -9999.0 72.741903 75.061320 74.020305 77.748946 187.511228 74.625256 71.752326 70.518454 76.460158 77.029899 83.990534 50.514781 49.992194 263.813997 154.123346 107.367037 69.568504 191.285807 65.974422 77.963158 74.386991 76.231957 75.722378 75.696689 49.974844 324.174023 129.738675 78.083578 100.132639 89.209535 75.636808 71.912388 75.956612 91.233528 76.169063 80.949066 85.186710 75.892777 91.552842 90.493518 85.204305 84.583676 104.010418 85.210475 80.545036 77.057876 73.428383 73.982936 73.626629 72.324235 75.237762 50.832876 50.235452
-9999.0 -9999.0 -9999.0 -9999.0 -9999.0 -9999.0 76.200167 74.259958 83.971871 81.702036 128.671916 75.726464 71.587373 72.371333 78.804669 76.810283 89.151784 51.094642 50.942268 94.172639 100.371298 86.745319 84.174727 75.786589 92.817406 51.690993 138.457542 50.422149 140.037951 114.065240 98.125373 54.816759 431.226752 76.771008 87.466132 83.338223 78.431715 73.851811 78.755118 88.269047 80.585973 78.956805 104.402766 77.191330 76.556019 86.058808 127.231294 138.500729 126.908816 87.026749 75.308550 85.961060 77.000699 73.858997 89.044091 104.189921 105.411793 92.353882 74.783943 50.280500
-9999.0 -9999.0 -9999.0 -9999.0 -9999.0 -9999.0 86.554652 78.278441 90.604789 106.712480 52.323843 51.760189 -10.020941 70.299306 80.635914 86.207515 50.774912 50.483259 109.514564 91.032245 91.523498 75.382896 75.607230 81.179844 80.914593 92.189816 100.601968 73.003425 106.605898 84.930449 75.658959 50.518684 238.824325 50.846096 87.628698 74.342127 72.627889 76.311316 81.859164 92.187210 91.894194 86.311687 127.037858 89.573118 74.712649 73.710460 73.581713 79.138409 182.071655 85.114447 76.414638 90.031353 85.632850 72.923003 88.130557 79.687816 74.476310 72.254095 73.241772 64.044595
-9999.0 -9999.0 -9999.0 -9999.0 -9999.0 -9999.0 95.436811 88.653950 78.812336 76.235766 76.677348 79.886317 50.468937 50.283572 139.560148 50.530203 -10.016060 89.325961 116.550601 88.673441 79.381428 75.494314 73.533925 73.832000 82.103595 87.974205 76.688432 90.766370 75.355458 75.082508 72.544441 72.782625 262.162544 49.911203 70.460253 72.937735 74.351752 80.584638 82.037727 76.377673 80.298099 103.579520 148.140355 108.864364 76.733143 78.983244 87.073627 51.780177 49.984975 53.743778 85.332927 90.466054 89.729914 74.519551 96.735812 82.970956 73.955075 78.623641 82.546898 83.779944
-9999.0 -9999.0 -9999.0 -9999.0 -9999.0 -9999.0 92.061415 92.568834 90.104863 80.524592 81.316982 77.221967 73.543938 72.245201 74.435086 75.450745 74.762428 91.387259 88.583444 80.506415 75.046054 78.041903 74.020626 74.587292 74.947477 78.565513 74.287262 87.569217 74.495121 72.965407 74.106633 73.377039 341.840100 74.166955 88.023281 92.156497 78.754882 84.995935 90.949507 76.399071 95.812802 76.135360 80.263463 165.575748 83.998608 96.316187 89.763967 78.526925 87.209816 50.413851 50.933597 75.512198 91.874248 84.874141 111.921393 73.704822 74.757590 84.128488 102.568777 334.016184
-9999.0 -9999.0 -9999.0 -9999.0 -9999.0 -9999.0 74.064913 116.003938 50.683094 87.889741 88.806366 77.087150 75.614787 73.354839 75.988340 77.453896 75.365518 79.551077 80.634768 75.005379 77.364368 132.373949 77.329995 75.105232 75.702052 80.818589 77.672592 77.261355 80.925421 86.968640 102.238748 100.034574 558.937565 108.538536 72.924042 76.687529 92.499113 75.426933 96.198165 80.668710 50.695430 50.941709 53.499522 75.993647 -10.003846 -10.005476 76.058070 75.896941 78.710052 87.849830 50.838660 50.540373 50.709022 50.917488 121.948130 72.968905 72.290660 78.485440 49.952711 392.564941
-9999.0 -9999.0 -9999.0 -9999.0 -9999.0 76.207591 76.674957 51.110440 49.976760 86.469023 92.968934 75.260648 78.616622 77.789669 88.594595 82.199390 76.041899 77.204490 73.248019 76.407085 82.356837 51.522826 85.110249 75.890801 77.682230 96.209762 77.135191 76.441811 83.052157 109.305834 112.900444 115.905581 78.767424 466.182936 71.690524 87.028405 95.356923 77.291396 92.039472 76.202717 75.917858 49.980235 50.263090 75.826515 74.422923 -10.784012 50.278959 78.415385 91.434014 91.528792 75.433370 79.768917 119.649361 51.443524 129.316339 49.976628 74.279730 87.231745 53.707677 312.202149
-9999.0 -9999.0 -9999.0 -9999.0 -9999.0 81.664415 96.437878 50.553019 50.514916 75.562334 89.537556 73.927517 80.933611 92.323398 51.033418 93.091480 82.664486 79.254220 76.020217 93.015995 79.711252 50.924588 50.406308 81.612672 82.107953 90.312262 84.915787 77.474847 75.916833 94.602982 99.002612 73.024165 74.903011 270.838971 73.306546 104.712661 74.695058 83.709125 91.409371 82.832999 50.237654 -7.902329 74.427722 85.977549 85.643006 78.061359 50.255098 80.610905 83.183261 81.734793 101.698946 106.219508 95.421156 74.735612 85.340907 51.294544 50.283860 49.981851 341.482557 50.551832
-9999.0 -9999.0 -9999.0 -9999.0 81.180973 83.528709 78.745582 86.311163 51.348304 50.299069 50.765459 51.350685 51.273165 50.297895 49.988362 50.668167 135.223369 87.801706 76.307773 80.850136 103.131093 74.137838 49.963705 50.384614 87.969019 74.043844 100.474001 81.766193 74.274335 74.276638 89.962206 95.473208 73.933762 478.297729 116.997316 79.829565 76.340171 91.288958 99.860721 50.420598 50.258545 79.186127 78.138326 136.717244 50.929502 50.264835 51.486822 131.111088 112.222564 85.992993 75.458511 82.891539 78.922523 76.283790 73.380555 75.761236 87.046321 75.185227 348.274761 50.279164
-9999.0 -9999.0 -9999.0 -9999.0 77.592998 77.820599 105.710441 109.406221 77.037903 87.431484 154.557209 95.548218 75.724643 75.816651 73.066836 75.724298 50.689124 50.440223 76.125248 77.992318 74.397584 107.158839 115.489540 51.059386 50.549025 134.620395 94.333383 78.330313 77.406780 77.837553 82.693704 74.595218 91.352041 51.299136 308.899698 76.795110 50.549070 51.165481 49.989454 50.291408 76.674089 80.101783 86.738116 127.452540 51.070987 80.304232 77.798287 78.466738 77.552972 79.413047 76.011321 79.116428 81.823872 73.310953 75.956461 72.811894 77.855111 69.264221 325.110897 50.492750
-9999.0 -9999.0 -9999.0 -9999.0 77.304236 87.546732 76.769104 79.933347 74.955796 81.627050 92.775481 85.190435 74.751308 76.569790 79.661084 80.860464 78.302061 50.263659 50.412693 82.354772 71.117183 83.150451 75.947359 76.430185 -10.008754 51.367676 73.629689 76.099992 84.954495 77.298094 72.587815 85.293571 86.257930 80.604832 331.332309 50.291518 49.979890 77.786140 72.948897 74.818592 77.151929 73.811433 74.434965 75.247092 49.997901 91.749660 79.446102 79.440753 79.113246 74.777633 77.591193 74.185415 77.215215 96.908265 108.696084 75.778312 93.835564 69.887621 313.288450 82.793788
