geotop/1.0zi/1.0Montebello/Templates/Duarrigle2006/maps/PSILIQL0000N0011.asc
ncols         76
nrows         123
xllcorner     110555.058093
yllcorner     85388.025579
cellsize      200.000000
NODATA_value  -9999.0
[rows 0 to 26 of 123, columns 0 to 60 of 76]
-9999.0 -9999.0 -9999.0 -9999.0 -9999.0 -9999.0 -9999.0 -9999.0 -9999.0 -9999.0 -9999.0 -9999.0 -9999.0 -9999.0 -9999.0 -9999.0 -9999.0 -9999.0 -9999.0 -9999.0 -9999.0 -9999.0 -9999.0 -9999.0 -9999.0 -9999.0 -9999.0 -9999.0 -9999.0 -9999.0 -9999.0 -9999.0 -9999.0 -9999.0 -9999.0 -9999.0 -9999.0 -9999.0 -9999.0 -9999.0 -9999.0 -9999.0 -9999.0 -9999.0 -9999.0 -9999.0 -9999.0 -9999.0 -9999.0 -9999.0 -9999.0 -9999.0 -9999.0 -9999.0 -9999.0 -9999.0 -9999.0 -9999.0 -9999.0 -9999.0 -9999.0
-9999.0 -9999.0 -9999.0 -9999.0 -9999.0 -9999.0 -9999.0 -9999.0 -9999.0 -9999.0 -9999.0 -9999.0 -9999.0 -9999.0 -9999.0 -9999.0 -9999.0 -9999.0 -9999.0 -9999.0 -9999.0 -9999.0 -9999.0 -9999.0 -9999.0 -9999.0 -9999.0 -9999.0 -9999.0 -9999.0 -9999.0 -9999.0 -9999.0 -9999.0 -9999.0 -9999.0 -9999.0 11.622337 11.440774 -9999.0 -9999.0 -9999.0 -9999.0 9.822638 10.328611 10.412907 10.349033 10.405098 10.889572 9.794606 11.434765 10.580305 -9999.0 -9999.0 -9999.0 -9999.0 -9999.0 -9999.0 -9999.0 -9999.0 -9999.0
-9999.0 -9999.0 -9999.0 -9999.0 -9999.0 -9999.0 -9999.0 -9999.0 -9999.0 -9999.0 -9999.0 10.324471 10.234537 10.648471 10.516005 10.845810 11.207156 -9999.0 -9999.0 -9999.0 -9999.0 -9999.0 -9999.0 -9999.0 -9999.0 -9999.0 -9999.0 -9999.0 -9999.0 -9999.0 -9999.0 -9999.0 -9999.0 -9999.0 -9999.0 -9999.0 9.866271 0.159139 13.942759 9.483036 11.104763 9.658249 9.170201 10.365107 0.254820 13.243233 13.181214 13.227333 15.248665 0.009506 0.132864 0.017604 11.635035 -9999.0 -9999.0 -9999.0 -9999.0 -9999.0 -9999.0 -9999.0 -9999.0
-9999.0 -9999.0 -9999.0 -9999.0 -9999.0 -9999.0 -9999.0 -9999.0 10.259579 11.001109 0.017617 0.134152 0.127012 12.881266 11.964969 12.277479 14.646854 -9999.0 -9999.0 -9999.0 -9999.0 -9999.0 -9999.0 -9999.0 -9999.0 -9999.0 -9999.0 -9999.0 -9999.0 -9999.0 -9999.0 -9999.0 -9999.0 10.923534 10.464850 10.641944 9.657627 0.099799 17.004930 10.041097 12.564725 9.856776 12.460227 14.928844 0.003584 16.577526 15.950230 15.167654 0.143706 0.076558 10.695772 10.908375 13.938697 11.491240 -9999.0 -9999.0 -9999.0 -9999.0 -9999.0 -9999.0 -9999.0
-9999.0 -9999.0 -9999.0 -9999.0 -9999.0 -9999.0 -9999.0 -9999.0 12.492224 22.535408 10.326427 10.006380 0.077431 0.177613 15.406955 10.315162 13.756349 10.646178 -9999.0 -9999.0 -9999.0 -9999.0 -9999.0 -9999.0 -9999.0 -9999.0 -9999.0 -9999.0 -9999.0 -9999.0 -9999.0 9.708515 9.657588 14.147851 13.629588 13.456450 10.618210 0.087478 18.403338 13.030114 14.627529 12.832504 15.562301 0.162065 0.017628 19.513765 17.466319 0.142764 0.002646 11.274590 10.841725 13.426585 16.340622 14.324877 -9999.0 -9999.0 -9999.0 -9999.0 -9999.0 -9999.0 -9999.0
-9999.0 -9999.0 -9999.0 -9999.0 -9999.0 -9999.0 -9999.0 9.517620 9.316600 10.569540 16.516311 10.206808 12.357616 0.115046 0.161032 16.312108 11.898354 10.840281 -9999.0 -9999.0 -9999.0 -9999.0 -9999.0 -9999.0 -9999.0 -9999.0 -9999.0 -9999.0 -9999.0 -9999.0 9.686250 9.653219 12.508462 18.405792 16.938334 15.700526 13.483005 0.009511 0.188769 15.872815 17.618740 15.789227 18.484745 0.003574 13.057930 22.327324 0.167512 0.002645 10.991332 13.973225 14.012277 16.297029 17.927616 15.046267 -9999.0 -9999.0 -9999.0 -9999.0 -9999.0 -9999.0 -9999.0
-9999.0 -9999.0 -9999.0 -9999.0 9.432471 10.316088 10.133162 10.260196 11.585921 15.367890 10.452934 17.308781 10.011234 13.371996 0.380292 18.607109 12.948870 10.194265 11.944311 -9999.0 -9999.0 -9999.0 -9999.0 -9999.0 -9999.0 -9999.0 -9999.0 -9999.0 0.017623 0.003567 0.017619 12.939983 13.456799 21.407100 17.419875 19.597754 17.338477 0.002654 0.003573 18.603561 20.184368 0.234463 0.164742 0.017621 15.521495 0.214057 0.002649 11.206723 14.183486 15.796716 15.799535 15.989030 20.785723 10.369033 -9999.0 -9999.0 -9999.0 -9999.0 -9999.0 -9999.0 -9999.0
-9999.0 -9999.0 -9999.0 -9999.0 9.453597 13.208906 12.689207 11.843592 9.279569 20.144676 13.432010 9.597443 20.564735 22.001701 0.365144 10.630983 11.462263 10.100721 11.983304 9.290289 9.967504 11.680961 11.242851 10.277085 -9999.0 -9999.0 11.275728 14.443922 16.098821 18.299101 0.219547 0.003575 0.240875 16.050074 23.978088 31.286662 23.576597 0.163577 0.002653 22.126447 0.213758 0.002651 10.367147 12.386306 17.946513 0.002661 11.599597 13.441954 16.871817 0.185041 0.370265 0.366437 0.199448 0.017628 -9999.0 -9999.0 -9999.0 -9999.0 -9999.0 -9999.0 -9999.0
-9999.0 -9999.0 -9999.0 -9999.0 -9999.0 0.129049 0.258513 9.910217 14.247682 19.045751 15.218948 9.262616 12.018320 11.077392 0.085430 0.247748 9.490806 17.568346 13.456438 11.562452 10.117458 12.779080 15.032737 9.316637 10.684176 11.144056 12.448114 12.720071 9.917577 10.422614 13.212130 17.138608 0.140345 0.003582 0.220658 0.547887 0.085500 0.017625 0.185720 0.188828 0.000002 15.473736 11.128024 14.383175 19.292656 0.000001 0.200122 0.347918 0.102740 0.167725 11.987304 9.456814 10.190283 10.098814 -9999.0 -9999.0 -9999.0 -9999.0 -9999.0 -9999.0 -9999.0
-9999.0 -9999.0 -9999.0 -9999.0 -9999.0 9.328482 0.003564 0.003589 0.099717 0.186472 0.344285 0.009501 14.143035 15.415301 12.071697 0.171825 11.646072 19.301137 18.810513 10.512286 13.072808 13.878742 16.851025 10.660283 11.995775 12.983792 11.556214 10.597545 16.553908 9.669045 10.241308 14.598171 0.111790 0.077458 13.968365 13.382629 11.015566 12.732754 14.637436 16.121633 0.138227 0.184275 18.276140 0.123766 0.249205 0.156824 9.145403 14.304068 11.271927 8.631109 8.847102 10.108302 -9999.0 -9999.0 -9999.0 -9999.0 -9999.0 -9999.0 -9999.0 -9999.0 -9999.0
-9999.0 -9999.0 -9999.0 -9999.0 -9999.0 9.357186 10.433043 12.165964 9.794155 9.661225 10.414618 0.076893 0.111733 11.433150 19.552853 0.005063 10.818333 21.338317 20.572744 13.934793 21.386365 18.019203 0.017628 0.251098 14.747751 13.342062 9.993874 8.975018 9.218806 16.678154 13.560847 0.112772 0.128696 9.986698 10.229868 11.189385 9.860420 9.994433 10.051946 10.407498 11.735152 3.587081 0.000001 0.120373 9.584710 8.284460 8.488033 11.280535 10.171420 9.731893 10.045928 -9999.0 -9999.0 -9999.0 -9999.0 -9999.0 -9999.0 -9999.0 -9999.0 -9999.0 -9999.0
-9999.0 -9999.0 -9999.0 -9999.0 -9999.0 12.251466 15.872648 17.178657 22.524060 24.401008 30.390486 33.613792 0.415129 0.085051 18.825466 0.017619 11.319066 24.993276 22.743533 15.412175 0.708568 0.003573 0.003576 21.222158 18.448638 12.181660 9.934184 13.490276 18.411855 0.221083 0.216817 0.321902 13.987922 9.575102 12.151340 14.041092 10.247499 10.117924 10.170174 11.714392 14.063938 1.326387 0.072510 10.058324 9.267658 9.716281 10.640447 9.590229 9.708830 13.718441 9.548458 -9999.0 -9999.0 -9999.0 -9999.0 -9999.0 -9999.0 -9999.0 -9999.0 -9999.0 -9999.0
-9999.0 -9999.0 -9999.0 -9999.0 -9999.0 -9999.0 10.845288 14.259673 16.618239 20.391592 12.950815 11.520644 27.150845 0.354936 0.098653 0.280341 0.151315 0.280660 0.320747 0.005208 0.003565 10.660995 24.051908 14.106964 11.275775 11.258556 11.391199 16.266340 0.290306 0.499110 16.060787 16.078030 9.266763 10.184866 14.521334 17.566419 22.131779 21.804652 13.291780 13.667101 12.231822 0.079030 0.080663 10.471313 11.701105 10.591417 14.187481 13.602161 10.383943 15.014302 9.457334 -9999.0 -9999.0 -9999.0 -9999.0 -9999.0 -9999.0 -9999.0 -9999.0 -9999.0 -9999.0
-9999.0 -9999.0 -9999.0 -9999.0 -9999.0 -9999.0 -9999.0 11.183526 13.519729 10.778154 11.496365 21.251487 10.072545 10.553770 10.518865 10.633983 11.947735 0.003569 0.003580 10.132855 15.289501 24.926698 11.491612 10.311222 10.008092 0.009504 0.125025 10.309240 18.681948 18.175768 13.406269 10.165504 9.144939 10.050690 10.982704 14.611014 16.561080 18.925178 31.174311 33.674669 36.888078 37.280003 0.459359 17.121789 9.665475 18.189804 11.588157 16.556301 18.947522 0.129036 10.289314 -9999.0 -9999.0 -9999.0 -9999.0 -9999.0 -9999.0 -9999.0 -9999.0 -9999.0 -9999.0
-9999.0 -9999.0 -9999.0 -9999.0 -9999.0 -9999.0 -9999.0 12.372240 15.959181 18.791363 16.988764 11.880807 10.166281 9.912280 10.902443 10.769430 11.538618 14.954786 0.166670 11.574934 31.146501 10.006339 0.124658 0.086417 0.175340 0.134016 11.158249 10.051455 18.031119 16.295071 11.165555 10.185016 9.492758 10.536266 10.782204 10.044393 11.103397 14.387754 15.776206 11.368171 12.417519 16.613755 0.118568 0.314290 20.460899 10.250608 0.159206 0.309960 0.003572 0.162337 11.004181 -9999.0 -9999.0 -9999.0 -9999.0 -9999.0 -9999.0 -9999.0 -9999.0 -9999.0 -9999.0
-9999.0 -9999.0 -9999.0 -9999.0 -9999.0 -9999.0 -9999.0 -9999.0 -9999.0 10.983654 10.627939 11.704603 13.728058 15.625237 22.403751 24.816421 26.938200 26.826030 0.295698 0.084906 0.510612 0.100541 0.134725 10.353909 10.024675 8.960577 9.777844 10.786813 14.912242 14.936824 0.009512 0.003570 12.288616 16.333813 14.037655 11.468529 14.723215 16.177763 19.810079 27.749264 0.305454 0.080391 0.005666 3.485497 0.085722 0.005067 0.003576 10.538423 10.932619 14.654213 12.012274 10.901508 -9999.0 -9999.0 -9999.0 -9999.0 -9999.0 -9999.0 -9999.0 -9999.0 -9999.0
-9999.0 -9999.0 -9999.0 -9999.0 -9999.0 -9999.0 -9999.0 -9999.0 -9999.0 12.030457 17.752699 21.418208 23.955448 31.153463 32.418301 32.888638 32.394543 35.457002 36.367389 0.465054 11.158085 9.729016 9.509146 9.819177 10.490285 15.403546 13.901375 10.503618 10.458556 10.837258 10.836548 0.085709 0.003573 0.320282 0.126816 0.159442 10.393320 11.566894 0.084916 0.080593 0.149428 10.697148 10.697832 0.080388 0.080026 11.103942 13.348229 13.984004 15.327529 11.571267 0.194863 0.192598 13.773163 -9999.0 -9999.0 -9999.0 -9999.0 -9999.0 -9999.0 -9999.0 -9999.0
-9999.0 -9999.0 -9999.0 -9999.0 -9999.0 -9999.0 -9999.0 -9999.0 -9999.0 -9999.0 0.017603 9.944361 9.911819 10.872609 10.051921 10.819641 10.813387 10.889002 11.371695 0.152387 10.732416 10.028400 10.186201 14.421610 16.318858 9.973665 9.643442 9.528765 11.090506 11.167843 10.245255 11.561097 13.074710 11.816938 14.840460 0.126616 0.246568 0.249259 0.243587 10.524994 10.659271 11.897519 14.306563 17.334235 64.566815 0.127285 0.237294 0.193834 0.005059 0.196687 0.083977 12.735430 11.681043 -9999.0 -9999.0 -9999.0 -9999.0 -9999.0 -9999.0 -9999.0 -9999.0
-9999.0 -9999.0 -9999.0 -9999.0 -9999.0 -9999.0 -9999.0 -9999.0 -9999.0 -9999.0 -9999.0 9.985487 9.764065 9.852312 10.588993 0.134190 0.098197 0.085741 0.160723 2.426575 14.355715 12.521532 10.248089 20.267824 13.175917 12.896477 12.747796 10.167004 12.984674 12.592657 9.789153 14.187654 11.376261 11.219367 14.544892 21.684012 14.375354 18.391307 11.584433 9.790931 14.172219 17.337806 19.171830 20.417123 26.057729 0.000006 0.071391 11.138625 10.570145 11.939365 10.270016 10.868574 -9999.0 -9999.0 -9999.0 -9999.0 -9999.0 -9999.0 -9999.0 -9999.0 -9999.0
-9999.0 -9999.0 -9999.0 -9999.0 -9999.0 -9999.0 -9999.0 -9999.0 -9999.0 -9999.0 -9999.0 11.416066 16.622032 0.573574 0.119176 0.017620 0.142862 12.077823 0.210313 0.119795 0.128552 0.159583 0.266790 0.240398 0.127887 0.241425 12.599618 11.009591 11.062968 14.458139 16.516572 18.825172 13.290481 11.536635 11.803061 10.849323 10.260930 10.759595 10.755133 10.474946 10.589610 13.491865 18.024437 18.941763 0.191085 -0.008499 9.481904 10.983755 10.032414 10.141823 15.223043 11.214039 11.924669 -9999.0 -9999.0 -9999.0 -9999.0 -9999.0 -9999.0 -9999.0 -9999.0
-9999.0 -9999.0 -9999.0 -9999.0 -9999.0 -9999.0 -9999.0 -9999.0 -9999.0 -9999.0 -9999.0 11.858735 17.380223 0.198621 11.079228 12.694152 10.718080 17.216123 13.337834 15.183567 0.117575 0.000006 10.096755 12.157088 10.413400 0.128797 10.038779 12.765789 15.373785 10.667525 20.878385 18.019965 11.477845 0.247630 13.701537 12.199203 12.780011 15.439588 11.518870 11.930011 11.322120 13.819088 16.362066 20.568851 21.558171 0.126555 11.481740 26.337371 25.165679 22.987588 15.032346 11.291438 14.311775 11.455326 11.289029 9.669904 0.017622 11.012560 -9999.0 -9999.0 -9999.0
-9999.0 -9999.0 -9999.0 -9999.0 -9999.0 -9999.0 -9999.0 -9999.0 -9999.0 -9999.0 -9999.0 12.511150 9.687092 10.642943 10.356763 11.101123 12.310059 9.847471 9.948655 10.503228 5.586558 14.584768 9.746540 15.448990 10.705300 0.086833 17.854091 12.676261 16.263004 10.070929 14.663703 24.717879 0.213705 0.416399 14.893011 13.607361 14.484420 17.301625 19.985069 15.869851 10.316493 11.056340 14.510223 17.575552 20.612326 0.561059 28.169969 10.441429 10.447192 10.554417 10.388266 11.487671 15.701935 16.079238 15.116380 9.714939 0.087452 13.735048 10.675393 9.740683 10.845792
-9999.0 -9999.0 -9999.0 -9999.0 -9999.0 -9999.0 -9999.0 -9999.0 -9999.0 -9999.0 -9999.0 11.129946 9.671413 9.606340 9.700910 9.433615 9.657004 9.634436 9.766130 10.952566 0.148784 0.081830 0.305350 0.085085 0.124133 0.475057 14.867961 12.776380 9.983871 15.993048 18.858314 0.244707 0.174922 14.675165 15.600115 17.065698 13.431094 15.875448 18.023701 0.618560 0.226682 0.153579 0.144716 0.139287 0.000001 0.117032 16.548919 12.970222 13.608669 14.116131 11.396726 23.004611 12.999372 19.257076 16.241313 10.763967 0.128311 0.113422 16.914826 13.997354 10.705358
-9999.0 -9999.0 -9999.0 -9999.0 -9999.0 -9999.0 -9999.0 -9999.0 -9999.0 -9999.0 -9999.0 11.909935 14.259518 18.440870 22.249432 24.022970 26.302047 27.654842 31.602900 28.167583 14.088835 0.000013 0.210268 20.944022 12.378798 14.207003 12.041643 10.330635 10.254682 15.202821 0.337394 0.166873 14.188620 12.302221 9.830761 11.358876 10.704932 10.970724 11.048613 10.587851 10.225034 12.448299 12.431766 11.530267 15.280236 0.118935 0.450409 31.206209 31.213346 29.531581 27.352811 13.338408 12.832089 21.540353 11.426754 18.068654 16.883552 0.002655 0.140997 16.861583 14.304095
-9999.0 -9999.0 -9999.0 -9999.0 -9999.0 -9999.0 -9999.0 -9999.0 -9999.0 -9999.0 -9999.0 -9999.0 11.980138 16.799524 19.636613 23.328395 25.141999 25.925704 28.252374 27.875518 0.584784 0.118935 14.743111 10.645020 17.042747 17.177492 12.721493 10.672688 13.412358 16.002386 0.085519 11.000172 9.856804 10.203537 10.565248 11.054888 10.185343 13.645904 16.795021 13.191229 11.740384 10.118076 11.060180 14.044492 16.913640 20.752890 0.342390 19.310298 20.050110 16.149539 12.013937 11.708190 16.696419 23.818257 10.860124 14.076887 22.721854 12.515592 0.002651 0.141378 0.144959
-9999.0 -9999.0 -9999.0 -9999.0 -9999.0 -9999.0 -9999.0 -9999.0 -9999.0 -9999.0 -9999.0 -9999.0 9.952049 9.541686 9.293295 9.273260 10.878176 14.702472 16.957680 19.155876 0.276904 15.309175 11.008533 10.921781 11.558121 11.504855 10.812626 11.028792 12.963558 0.194574 0.364285 19.100953 17.259128 15.207753 12.658070 12.642275 16.626701 22.155321 24.521985 15.125788 11.477865 11.877857 10.341210 11.180378 14.936751 16.802745 0.465415 13.283608 12.084506 11.488441 13.266488 11.659528 18.938208 23.821157 12.839963 14.099970 17.256998 26.144810 12.935169 0.003573 0.002652
-9999.0 -9999.0 -9999.0 -9999.0 -9999.0 -9999.0 -9999.0 -9999.0 -9999.0 -9999.0 -9999.0 10.948972 10.671669 10.924277 10.824050 14.945125 17.203372 18.876603 20.986430 23.869135 0.362586 10.770546 9.942407 11.459294 11.002705 15.725441 14.911403 14.475184 11.697092 0.363931 23.466153 22.144490 19.543310 14.463032 11.730214 12.293613 14.674040 17.137417 19.946716 29.931054 14.506916 15.200999 10.147272 14.460924 14.368048 11.313623 129.598388 13.176002 11.972139 12.860087 11.481478 10.914589 14.222029 0.491893 15.154509 10.911969 16.901957 22.546124 29.079460 0.000000 12.701479
