geotop/1.0zi/1.0Montebello/Templates/Duarrigle2006/maps/PSILIQL0004N0036.asc
ncols         76
nrows         123
xllcorner     110555.058093
yllcorner     85388.025579
cellsize      200.000000
NODATA_value  -9999.0
[rows 0 to 24 of 123, columns 0 to 55 of 76]
-9999.0 -9999.0 -9999.0 -9999.0 -9999.0 -9999.0 -9999.0 -9999.0 -9999.0 -9999.0 -9999.0 -9999.0 -9999.0 -9999.0 -9999.0 -9999.0 -9999.0 -9999.0 -9999.0 -9999.0 -9999.0 -9999.0 -9999.0 -9999.0 -9999.0 -9999.0 -9999.0 -9999.0 -9999.0 -9999.0 -9999.0 -9999.0 -9999.0 -9999.0 -9999.0 -9999.0 -9999.0 -9999.0 -9999.0 -9999.0 -9999.0 -9999.0 -9999.0 -9999.0 -9999.0 -9999.0 -9999.0 -9999.0 -9999.0 -9999.0 -9999.0 -9999.0 -9999.0 -9999.0 -9999.0 -9999.0
-9999.0 -9999.0 -9999.0 -9999.0 -9999.0 -9999.0 -9999.0 -9999.0 -9999.0 -9999.0 -9999.0 -9999.0 -9999.0 -9999.0 -9999.0 -9999.0 -9999.0 -9999.0 -9999.0 -9999.0 -9999.0 -9999.0 -9999.0 -9999.0 -9999.0 -9999.0 -9999.0 -9999.0 -9999.0 -9999.0 -9999.0 -9999.0 -9999.0 -9999.0 -9999.0 -9999.0 -9999.0 -489.911755 -489.911789 -9999.0 -9999.0 -9999.0 -9999.0 -489.911784 -489.911881 -489.911955 -489.912138 -489.912224 -489.912069 -489.911870 -489.911798 -489.911750 -9999.0 -9999.0 -9999.0 -9999.0
-9999.0 -9999.0 -9999.0 -9999.0 -9999.0 -9999.0 -9999.0 -9999.0 -9999.0 -9999.0 -9999.0 -489.911945 -489.912056 -489.911854 -489.911905 -489.911865 -489.911820 -9999.0 -9999.0 -9999.0 -9999.0 -9999.0 -9999.0 -9999.0 -9999.0 -9999.0 -9999.0 -9999.0 -9999.0 -9999.0 -9999.0 -9999.0 -9999.0 -9999.0 -9999.0 -9999.0 -489.911904 -489.912000 -489.911958 -489.911911 -489.911853 -489.911863 -489.911975 -489.912167 -489.912419 -489.912583 -489.912600 -489.912513 -489.912415 -489.912249 -489.912003 -489.911830 -489.911800 -9999.0 -9999.0 -9999.0
-9999.0 -9999.0 -9999.0 -9999.0 -9999.0 -9999.0 -9999.0 -9999.0 -489.911763 -489.911840 -489.911946 -489.912009 -489.912491 -489.912476 -489.912380 -489.912168 -489.911938 -9999.0 -9999.0 -9999.0 -9999.0 -9999.0 -9999.0 -9999.0 -9999.0 -9999.0 -9999.0 -9999.0 -9999.0 -9999.0 -9999.0 -9999.0 -9999.0 -489.911810 -489.911904 -489.911970 -489.912062 -489.912187 -489.912354 -489.912547 -489.912551 -489.912659 -489.912839 -489.912660 -489.912288 -489.912276 -489.912371 -489.912389 -489.912275 -489.912198 -489.912123 -489.912023 -489.911982 -489.911795 -9999.0 -9999.0
-9999.0 -9999.0 -9999.0 -9999.0 -9999.0 -9999.0 -9999.0 -9999.0 -489.911735 -489.911808 -489.911894 -489.912302 -489.912511 -489.912185 -489.912386 -489.912290 -489.912001 -489.911788 -9999.0 -9999.0 -9999.0 -9999.0 -9999.0 -9999.0 -9999.0 -9999.0 -9999.0 -9999.0 -9999.0 -9999.0 -9999.0 -489.911823 -489.911905 -489.912033 -489.912310 -489.912354 -489.912311 -489.912298 -489.912441 -489.912777 -489.912980 -489.912978 -489.912741 -489.912255 -489.911990 -489.911990 -489.912056 -489.912081 -489.912095 -489.912091 -489.912216 -489.912238 -489.912127 -489.911902 -9999.0 -9999.0
-9999.0 -9999.0 -9999.0 -9999.0 -9999.0 -9999.0 -9999.0 -489.911845 -489.911941 -489.911910 -489.911910 -489.912278 -489.912861 -489.912220 -489.912211 -489.912433 -489.912080 -489.911771 -9999.0 -9999.0 -9999.0 -9999.0 -9999.0 -9999.0 -9999.0 -9999.0 -9999.0 -9999.0 -9999.0 -9999.0 -489.911815 -489.911995 -489.912193 -489.912112 -489.912118 -489.912259 -489.912328 -489.912286 -489.912268 -489.912373 -489.912461 -489.912374 -489.912066 -489.911842 -489.911823 -489.911831 -489.911848 -489.912025 -489.912098 -489.912161 -489.912195 -489.912189 -489.912098 -489.911869 -9999.0 -9999.0
-9999.0 -9999.0 -9999.0 -9999.0 -489.911854 -489.911977 -489.912081 -489.912238 -489.912548 -489.912430 -489.912277 -489.912286 -489.912730 -489.912542 -489.911840 -489.912428 -489.912163 -489.911821 -489.911752 -9999.0 -9999.0 -9999.0 -9999.0 -9999.0 -9999.0 -9999.0 -9999.0 -9999.0 -489.911792 -489.911868 -489.912004 -489.912156 -489.912021 -489.911924 -489.911920 -489.911994 -489.912057 -489.912042 -489.912023 -489.912038 -489.911992 -489.911871 -489.911797 -489.911783 -489.911807 -489.911831 -489.911872 -489.912040 -489.912161 -489.912210 -489.912176 -489.912100 -489.912010 -489.911810 -9999.0 -9999.0
-9999.0 -9999.0 -9999.0 -9999.0 -489.911892 -489.912569 -489.912786 -489.912698 -489.912608 -489.912429 -489.912270 -489.912150 -489.912451 -489.912465 -489.911748 -489.912350 -489.912395 -489.912261 -489.912020 -489.911938 -489.911822 -489.911789 -489.911804 -489.911771 -9999.0 -9999.0 -489.911797 -489.911915 -489.911971 -489.912150 -489.912177 -489.912008 -489.911897 -489.911844 -489.911811 -489.911788 -489.911777 -489.911779 -489.911805 -489.911848 -489.911852 -489.911841 -489.911805 -489.911802 -489.911856 -489.911909 -489.911934 -489.911902 -489.911852 -489.911858 -489.911933 -489.911952 -489.911851 -489.911729 -9999.0 -9999.0
-9999.0 -9999.0 -9999.0 -9999.0 -9999.0 -489.911922 -489.912110 -489.912185 -489.912290 -489.912282 -489.912241 -489.912228 -489.912357 -489.912222 -489.911852 -489.912156 -489.912491 -489.912485 -489.912542 -489.912506 -489.912412 -489.912367 -489.912294 -489.912064 -489.911925 -489.911830 -489.911793 -489.911902 -489.911945 -489.912132 -489.912394 -489.912091 -489.911851 -489.911742 -489.911744 -489.911805 -489.911806 -489.911785 -489.911752 -489.911728 -489.975701 -489.975734 -489.975746 -489.975738 -489.975715 -489.975706 -489.912002 -489.912165 -489.912506 -489.913080 -489.913122 -489.912711 -489.912178 -489.911783 -9999.0 -9999.0
-9999.0 -9999.0 -9999.0 -9999.0 -9999.0 -489.911962 -489.912341 -489.912039 -489.911925 -489.911979 -489.911941 -489.912242 -489.912282 -489.912030 -489.911903 -489.911853 -489.912056 -489.912166 -489.912424 -489.912599 -489.912673 -489.912580 -489.912467 -489.912444 -489.912224 -489.911922 -489.911770 -489.911915 -489.912042 -489.912075 -489.912361 -489.912111 -489.911790 -489.912031 -489.912284 -489.912231 -489.912089 -489.975762 -489.975746 -489.975720 -489.975693 -489.975698 -489.975719 -489.975704 -489.975769 -489.975985 -489.976026 -489.912635 -489.912595 -489.912586 -489.912025 -489.911820 -9999.0 -9999.0 -9999.0 -9999.0
-9999.0 -9999.0 -9999.0 -9999.0 -9999.0 -489.911974 -489.912315 -489.912242 -489.911997 -489.911992 -489.912065 -489.912050 -489.912052 -489.911943 -489.911835 -489.911744 -489.911822 -489.911977 -489.912172 -489.912269 -489.912269 -489.912221 -489.912142 -489.912127 -489.912034 -489.911860 -489.911807 -489.912088 -489.912344 -489.912218 -489.912204 -489.911807 -489.911952 -489.912266 -489.912080 -489.911949 -489.975740 -489.975742 -489.975744 -489.975737 -489.975723 -489.975692 -489.975714 -489.975816 -489.975894 -489.975860 -489.975749 -489.911788 -489.911889 -489.912019 -489.911836 -9999.0 -9999.0 -9999.0 -9999.0 -9999.0
-9999.0 -9999.0 -9999.0 -9999.0 -9999.0 -489.911818 -489.912184 -489.912279 -489.912099 -489.911993 -489.912020 -489.911945 -489.911795 -489.911798 -489.911808 -489.911821 -489.911870 -489.911905 -489.911956 -489.911936 -489.911892 -489.911933 -489.911965 -489.911967 -489.911927 -489.911799 -489.911864 -489.912265 -489.912328 -489.912010 -489.911804 -489.911804 -489.912152 -489.911892 -489.911791 -489.911844 -489.975717 -489.975723 -489.975726 -489.975724 -489.975724 -489.975694 -489.975736 -489.975815 -489.975780 -489.975790 -489.975795 -489.912035 -489.912018 -489.912110 -489.911951 -9999.0 -9999.0 -9999.0 -9999.0 -9999.0
-9999.0 -9999.0 -9999.0 -9999.0 -9999.0 -9999.0 -489.911890 -489.912059 -489.912020 -489.911907 -489.911924 -489.911953 -489.911894 -489.911880 -489.911826 -489.911764 -489.911758 -489.911745 -489.911782 -489.911820 -489.911811 -489.911863 -489.911951 -489.912041 -489.911905 -489.911764 -489.911837 -489.911984 -489.911938 -489.911858 -489.912012 -489.912365 -489.912272 -489.911901 -489.911911 -489.911921 -489.911882 -489.975739 -489.975737 -489.975728 -489.975720 -489.975702 -489.975734 -489.975830 -489.975807 -489.975805 -489.912208 -489.912304 -489.912375 -489.912396 -489.912054 -9999.0 -9999.0 -9999.0 -9999.0 -9999.0
-9999.0 -9999.0 -9999.0 -9999.0 -9999.0 -9999.0 -9999.0 -489.911895 -489.911927 -489.911857 -489.911883 -489.911883 -489.911895 -489.911973 -489.912039 -489.912068 -489.911972 -489.911780 -489.911747 -489.911834 -489.911811 -489.911881 -489.912006 -489.912252 -489.912230 -489.911891 -489.911720 -489.911855 -489.912008 -489.912074 -489.912206 -489.912189 -489.911898 -489.911835 -489.911981 -489.912025 -489.911988 -489.911958 -489.911864 -489.911801 -489.975707 -489.975702 -489.975698 -489.975774 -489.975789 -489.912017 -489.912068 -489.912140 -489.912159 -489.912153 -489.911915 -9999.0 -9999.0 -9999.0 -9999.0 -9999.0
-9999.0 -9999.0 -9999.0 -9999.0 -9999.0 -9999.0 -9999.0 -489.911733 -489.911828 -489.911792 -489.911811 -489.911799 -489.911764 -489.911792 -489.911840 -489.911910 -489.911939 -489.911857 -489.911737 -489.911863 -489.911875 -489.911926 -489.911901 -489.911946 -489.911977 -489.911898 -489.911822 -489.911887 -489.911989 -489.911940 -489.911802 -489.911725 -489.911844 -489.911991 -489.911981 -489.911956 -489.911989 -489.912026 -489.911907 -489.911795 -489.975705 -489.975701 -489.975691 -489.975712 -489.975753 -489.911911 -489.911857 -489.911829 -489.911862 -489.911880 -489.911801 -9999.0 -9999.0 -9999.0 -9999.0 -9999.0
-9999.0 -9999.0 -9999.0 -9999.0 -9999.0 -9999.0 -9999.0 -9999.0 -9999.0 -489.911767 -489.911817 -489.911859 -489.911904 -489.911916 -489.911919 -489.911911 -489.911867 -489.911823 -489.911738 -489.911763 -489.911810 -489.911909 -489.912061 -489.912180 -489.912053 -489.911920 -489.911863 -489.911911 -489.912087 -489.912033 -489.911842 -489.911857 -489.912115 -489.912262 -489.912197 -489.912042 -489.911949 -489.912002 -489.911932 -489.975706 -489.975693 -489.975705 -489.975712 -489.975688 -489.975716 -489.911849 -489.911848 -489.911831 -489.911811 -489.911793 -489.911785 -489.911758 -9999.0 -9999.0 -9999.0 -9999.0
-9999.0 -9999.0 -9999.0 -9999.0 -9999.0 -9999.0 -9999.0 -9999.0 -9999.0 -489.911738 -489.911773 -489.911832 -489.911859 -489.911864 -489.911847 -489.911800 -489.911787 -489.911792 -489.911781 -489.911729 -489.912007 -489.912020 -489.911985 -489.911952 -489.911955 -489.912006 -489.912057 -489.911846 -489.911743 -489.911854 -489.911974 -489.912064 -489.912009 -489.911866 -489.911834 -489.911872 -489.911895 -489.911889 -489.911813 -489.975715 -489.975736 -489.975735 -489.975743 -489.975710 -489.975696 -489.975731 -489.911861 -489.911865 -489.911838 -489.911801 -489.911758 -489.911723 -489.911718 -9999.0 -9999.0 -9999.0
-9999.0 -9999.0 -9999.0 -9999.0 -9999.0 -9999.0 -9999.0 -9999.0 -9999.0 -9999.0 -489.911758 -489.911878 -489.911975 -489.911967 -489.911980 -489.911849 -489.911772 -489.911772 -489.911828 -489.911728 -489.912086 -489.911954 -489.911931 -489.911956 -489.911959 -489.912053 -489.912240 -489.912199 -489.912110 -489.912118 -489.912089 -489.911992 -489.911908 -489.911908 -489.911888 -489.911803 -489.911759 -489.911732 -489.975711 -489.975758 -489.975739 -489.975713 -489.975735 -489.975732 -489.975690 -489.975733 -489.975735 -489.975719 -489.911768 -489.911751 -489.911801 -489.911760 -489.911728 -9999.0 -9999.0 -9999.0
-9999.0 -9999.0 -9999.0 -9999.0 -9999.0 -9999.0 -9999.0 -9999.0 -9999.0 -9999.0 -9999.0 -489.911796 -489.911887 -489.911927 -489.911976 -489.911855 -489.911786 -489.911792 -489.911835 -489.911737 -489.912023 -489.912019 -489.911985 -489.911969 -489.911984 -489.912063 -489.912122 -489.912039 -489.912013 -489.912081 -489.912079 -489.911959 -489.911844 -489.911891 -489.911872 -489.911814 -489.911981 -489.911985 -489.911943 -489.975732 -489.975745 -489.975752 -489.975735 -489.975727 -489.975693 -489.975718 -489.975750 -489.975719 -489.975704 -489.911791 -489.911834 -489.911770 -9999.0 -9999.0 -9999.0 -9999.0
-9999.0 -9999.0 -9999.0 -9999.0 -9999.0 -9999.0 -9999.0 -9999.0 -9999.0 -9999.0 -9999.0 -489.911789 -489.911962 -489.911852 -489.911788 -489.911906 -489.975758 -489.975733 -489.975716 -489.975692 -489.975725 -489.975751 -489.911849 -489.911852 -489.911885 -489.911970 -489.912043 -489.911991 -489.912015 -489.912092 -489.912113 -489.912034 -489.911971 -489.911902 -489.911714 -489.911839 -489.911920 -489.911885 -489.911768 -489.911741 -489.975750 -489.975792 -489.975750 -489.975721 -489.975695 -489.975714 -489.975752 -489.975732 -489.975737 -489.975739 -489.911935 -489.911852 -489.911768 -9999.0 -9999.0 -9999.0
-9999.0 -9999.0 -9999.0 -9999.0 -9999.0 -9999.0 -9999.0 -9999.0 -9999.0 -9999.0 -9999.0 -489.911762 -489.911960 -489.911997 -489.911978 -489.975751 -489.975775 -489.975759 -489.975739 -489.975725 -489.975691 -489.975749 -489.975721 -489.911830 -489.911870 -489.911953 -489.912070 -489.912032 -489.911972 -489.911957 -489.911960 -489.911932 -489.911927 -489.911812 -489.911779 -489.911778 -489.911732 -489.911769 -489.911731 -489.911763 -489.911876 -489.975780 -489.975767 -489.975724 -489.975701 -489.975704 -489.975743 -489.975723 -489.975719 -489.975724 -489.975752 -489.911966 -489.911891 -489.911816 -489.911814 -489.911887
-9999.0 -9999.0 -9999.0 -9999.0 -9999.0 -9999.0 -9999.0 -9999.0 -9999.0 -9999.0 -9999.0 -489.911898 -489.912079 -489.911966 -489.911868 -489.975744 -489.975752 -489.975737 -489.975733 -489.975759 -489.975691 -489.975743 -489.975744 -489.911888 -489.911884 -489.911882 -489.911880 -489.911803 -489.911781 -489.911874 -489.911926 -489.911896 -489.911798 -489.911773 -489.911812 -489.911750 -489.911718 -489.911761 -489.911773 -489.911813 -489.911888 -489.975756 -489.975753 -489.975725 -489.975708 -489.975689 -489.975720 -489.975718 -489.975715 -489.975717 -489.975734 -489.975750 -489.911928 -489.911914 -489.911992 -489.912122
-9999.0 -9999.0 -9999.0 -9999.0 -9999.0 -9999.0 -9999.0 -9999.0 -9999.0 -9999.0 -9999.0 -489.911820 -489.911878 -489.911941 -489.911984 -489.975772 -489.975764 -489.975750 -489.975750 -489.975760 -489.975709 -489.975712 -489.975727 -489.975710 -489.911780 -489.911818 -489.911822 -489.911739 -489.911803 -489.911982 -489.911940 -489.911761 -489.911752 -489.911941 -489.911913 -489.911816 -489.911761 -489.911792 -489.911804 -489.911792 -489.911778 -489.975720 -489.975735 -489.975726 -489.975717 -489.975690 -489.975713 -489.975729 -489.975718 -489.975714 -489.975712 -489.975710 -489.975708 -489.911794 -489.911854 -489.911945
-9999.0 -9999.0 -9999.0 -9999.0 -9999.0 -9999.0 -9999.0 -9999.0 -9999.0 -9999.0 -9999.0 -489.911774 -489.911986 -489.912034 -489.912003 -489.975763 -489.975754 -489.975747 -489.975739 -489.975736 -489.975702 -489.975699 -489.975725 -489.975714 -489.975707 -489.975715 -489.911790 -489.911792 -489.911930 -489.911982 -489.911763 -489.911806 -489.912006 -489.912035 -489.911918 -489.911790 -489.911784 -489.911825 -489.911782 -489.911769 -489.911822 -489.975745 -489.975768 -489.975756 -489.975734 -489.975702 -489.975696 -489.975724 -489.975707 -489.975700 -489.975696 -489.975695 -489.975697 -489.975702 -489.911789 -489.911818
-9999.0 -9999.0 -9999.0 -9999.0 -9999.0 -9999.0 -9999.0 -9999.0 -9999.0 -9999.0 -9999.0 -9999.0 -489.911766 -489.912000 -489.912082 -489.975779 -489.975754 -489.975739 -489.975727 -489.975726 -489.975691 -489.975717 -489.975734 -489.975710 -489.975699 -489.975703 -489.975702 -489.975716 -489.911901 -489.911836 -489.911733 -489.911975 -489.911944 -489.911859 -489.911760 -489.911731 -489.911869 -489.911898 -489.911783 -489.911736 -489.911729 -489.975706 -489.975739 -489.975760 -489.975745 -489.975718 -489.975694 -489.975742 -489.975711 -489.975700 -489.975692 -489.975692 -489.975698 -489.975701 -489.975705 -489.911805
