geotop/1.0zi/1.0Montebello/Templates/Duarrigle2006/maps/PSILIQL0000N0037.asc
ncols         76
nrows         123
xllcorner     110555.058093
yllcorner     85388.025579
cellsize      200.000000
NODATA_value  -9999.0
[rows 81 to 107 of 123, columns 0 to 60 of 76]
-9999.0 -9999.0 -9999.0 -9999.0 15.202009 16.325363 12.143300 14.238101 13.570050 12.412242 11.985913 12.589876 10.795405 10.949493 14.004779 12.254415 10.687822 12.171697 0.001312 0.116726 12.222970 21.807905 17.500072 0.077382 -71.693629 0.148484 12.867474 15.428078 17.627062 14.859893 12.045895 17.890717 47.769242 35.237042 52.861262 0.001310 13.475557 19.928032 16.586825 12.382266 18.822761 13.305262 10.982446 0.115395 0.178848 12.660898 12.063007 15.588780 15.305612 12.132853 18.709409 12.850304 14.111892 11.611614 12.772914 32.390213 24.704415 34.387367 -0.005566 11.242222 11.672175
-9999.0 -9999.0 -9999.0 12.207341 26.536649 16.761860 11.713314 16.649929 13.224103 13.254057 11.759495 13.077390 15.288630 19.572457 15.085011 19.660073 12.618540 23.534479 24.241984 0.195698 0.077433 4.643022 0.302280 0.173998 20.220560 0.149566 0.138269 0.134098 0.168201 0.134212 0.089028 0.002594 0.170574 -0.005611 0.238575 60.314801 0.131680 14.922707 21.109511 25.581420 10.838433 12.327308 10.780465 0.070415 -73.450607 15.215360 14.732349 17.054067 17.137028 15.668477 20.024669 15.187482 10.898806 16.468564 16.084339 36.181783 0.252991 3.781835 49.055018 147.069695 0.147015
-9999.0 -9999.0 -9999.0 13.308855 0.243556 0.287973 10.948100 18.208814 16.833966 18.322123 11.149664 13.270659 15.177217 21.665167 28.836761 35.584417 40.718820 39.772522 38.197812 0.875625 0.130310 0.117277 27.864542 19.013092 10.853662 11.075258 11.293750 0.246080 0.385210 0.166826 0.133966 0.222259 16.769206 10.684549 21.497592 20.251503 44.138207 0.065743 23.617198 0.286899 -0.005501 14.501965 11.602462 15.473878 0.001789 0.116432 20.558030 20.067742 20.965983 17.361530 20.952641 18.553514 12.973800 17.556705 175.423246 324.465763 193.957985 2.993542 20.219287 11.750586 127.370753
-9999.0 -9999.0 -9999.0 16.840885 12.419630 0.079118 18.030806 11.518459 17.706819 23.522035 11.427898 11.926895 11.052536 12.227632 14.738202 11.898411 11.309845 11.743054 12.936718 0.068123 20.276765 15.979337 21.129243 10.836307 10.426542 19.630316 23.555042 31.164616 0.001791 19.483309 15.701149 15.607310 15.781664 13.687457 11.591176 14.856380 21.973330 72.996875 59.776686 62.204294 81.111908 45.060511 0.115058 0.118088 62.538025 89.814042 72.679912 154.739573 0.325099 208.352015 293.504519 244.118186 113.735043 276.043713 -0.005550 15.756465 13.122661 0.077194 12.400117 11.074874 0.204684
-9999.0 -9999.0 14.663285 20.462329 28.772468 0.335643 0.078372 9.989792 12.033933 32.637964 14.646392 11.853620 11.283906 10.301553 10.543918 12.553177 14.257866 17.522733 0.134174 0.184704 14.317992 11.042764 16.643586 10.307737 14.575312 16.534373 23.140201 21.259979 0.089397 16.036300 11.941733 11.238183 11.341507 11.084474 11.063202 17.114513 15.020548 17.256742 0.230993 14.523304 0.009830 0.068177 55.214979 58.619833 22.350619 23.576199 14.798173 30.468261 66.544654 12.254067 12.329964 15.256927 15.413805 11.469254 10.460402 11.488842 11.532308 0.138827 12.164043 11.745427 0.172528
-9999.0 -9999.0 12.407444 11.812653 17.135449 21.765511 0.180700 -56.212135 14.519618 31.051016 11.778089 12.924204 14.255756 11.345868 15.897990 19.549333 12.822118 0.135539 0.175958 15.569286 12.793037 10.809122 14.978224 10.643010 13.441382 15.369793 18.291180 19.365699 0.119187 11.808252 11.668216 14.234966 13.011124 13.015682 16.985593 14.542075 14.020007 10.518220 12.234775 13.179431 0.067834 12.895279 16.421012 16.445644 16.486510 16.663809 12.180608 17.825781 0.176086 0.147338 11.549644 11.347347 11.911076 12.344416 19.721795 12.521593 12.472833 0.155978 11.942485 12.621813 0.137008
-9999.0 -9999.0 -9999.0 11.800331 11.449831 -9999.0 12.501830 0.077058 0.117834 0.673770 16.465630 0.009824 0.183996 0.487007 0.135653 0.180110 0.115191 0.306336 24.172164 11.457842 10.233210 10.707454 12.326098 10.963095 13.515814 13.413360 13.699185 14.599532 0.290255 0.107914 15.103272 21.317613 12.377681 11.941154 11.698407 11.987567 11.408125 10.585689 12.149393 0.069060 0.180768 12.593351 12.741860 12.682752 12.540107 12.656003 11.889604 16.002322 17.953461 0.198059 13.820539 13.407576 12.910749 13.536493 21.694886 18.828628 0.001311 -70.943887 10.868332 12.713568 0.002588
-9999.0 -9999.0 -9999.0 -9999.0 -9999.0 -9999.0 -9999.0 -9999.0 15.551711 0.116692 0.205819 0.143581 36.275926 24.113617 12.312442 16.686388 0.403474 27.965927 21.847020 15.132384 15.587021 13.075477 12.149477 12.118602 11.368469 10.918519 10.610493 10.923710 16.766102 12.713261 12.728438 24.278008 11.918874 11.532345 11.717368 11.234708 10.266566 0.069927 0.070865 -70.951760 15.629399 11.376595 14.080872 14.079181 13.793219 13.396246 12.865833 13.248072 13.087618 0.001790 21.715904 22.327102 20.771675 22.324616 24.264263 0.257073 0.195467 17.192275 12.165064 13.681010 0.175577
-9999.0 -9999.0 -9999.0 -9999.0 -9999.0 -9999.0 -9999.0 -9999.0 -9999.0 12.209592 16.922549 20.143495 33.797867 20.258478 12.295414 12.772595 0.002592 38.167069 27.829057 18.223341 18.232205 17.255396 12.368403 12.412926 11.692032 11.217082 11.694014 11.617548 11.897504 13.447411 18.125440 22.836122 14.190590 15.130788 15.776150 12.097832 0.070127 0.071215 0.587850 25.296406 14.893633 14.634185 21.453007 28.160408 55.972398 58.140000 51.193820 0.547001 0.001342 0.142401 18.737861 15.094454 29.351027 28.236153 0.180279 0.141077 24.426757 17.336404 12.083929 13.770957 0.086318
-9999.0 -9999.0 -9999.0 -9999.0 -9999.0 -9999.0 -9999.0 -9999.0 -9999.0 11.735683 16.021041 29.187773 20.613983 18.059883 12.518377 0.144757 0.227432 12.826661 16.019557 26.881424 26.140263 28.813619 13.906111 14.169472 0.389469 0.089579 0.332745 0.212148 0.002592 0.178677 0.137362 0.206803 0.274963 0.232290 0.453899 4.237953 0.204383 -70.937645 15.348011 37.080267 20.837252 12.729371 20.083073 40.805713 17.814213 17.287645 12.934725 0.228723 0.068251 13.397618 12.745105 11.693757 14.011341 18.787442 0.163705 0.341298 21.272937 18.132043 11.643481 13.900281 0.209255
-9999.0 -9999.0 -9999.0 -9999.0 -9999.0 -9999.0 -9999.0 -9999.0 -9999.0 12.550096 22.700727 19.317073 16.944239 13.160274 12.434926 0.181456 18.407276 19.288826 12.475775 15.100488 14.181109 12.473173 15.864210 18.931712 13.393400 25.307393 14.603580 11.966318 13.446052 14.776301 11.556333 19.700424 0.229595 16.603283 33.025791 11.448946 16.546570 14.063177 13.218816 43.411566 20.061218 14.739080 14.168890 30.242548 12.629693 13.661419 26.211844 -71.758945 0.068979 12.828040 13.664485 16.420610 22.768417 25.354877 0.159667 39.307392 26.705651 19.700290 11.729939 12.597767 0.139600
-9999.0 -9999.0 -9999.0 -9999.0 -9999.0 -9999.0 -9999.0 -9999.0 -9999.0 16.186832 16.603974 16.092267 13.404544 12.568020 18.458263 0.009825 0.001808 11.829615 14.187253 12.092585 10.387369 10.621027 11.760233 16.327227 18.631564 16.204288 11.947069 10.752806 10.005522 11.879138 17.605684 13.994788 0.089624 12.078433 30.613645 11.266443 15.956274 12.548458 36.153184 12.041014 14.876474 11.923707 11.878545 28.775122 16.436955 25.933564 -70.946685 0.205562 0.214972 12.218764 13.246234 16.566806 32.554892 1.409574 0.240774 36.279084 20.251541 14.088755 10.504517 11.257380 0.228618
-9999.0 -9999.0 -9999.0 -9999.0 -9999.0 -9999.0 -9999.0 -9999.0 -9999.0 10.738972 10.943561 12.222987 13.096270 14.834998 12.932616 0.112340 0.499791 30.204521 21.414299 20.300004 19.225698 16.258290 12.485497 14.280933 12.039440 12.045887 11.853752 11.537233 11.513657 10.889436 11.151908 11.660547 0.121488 12.197106 11.834734 26.058954 13.223174 11.997293 38.744183 24.640259 14.149497 12.790767 84.107272 11.755280 13.607515 17.046997 0.001311 27.058253 17.124711 12.603787 20.112539 20.273063 46.200050 0.077230 30.646376 19.887174 14.359069 13.690333 10.957049 11.392524 12.550367
-9999.0 -9999.0 -9999.0 -9999.0 -9999.0 -9999.0 -9999.0 -9999.0 -9999.0 11.041505 12.116428 14.771903 12.018307 11.842432 12.789046 0.076666 0.001786 29.321633 17.986136 19.220845 16.515227 12.754545 13.644961 15.718127 13.845623 16.340415 17.049020 14.736062 15.083097 15.104371 12.160744 0.121435 0.118181 10.823328 18.135228 27.030150 13.703319 30.176008 22.221740 25.396753 14.383117 25.982031 16.530220 13.878223 10.802309 0.001312 0.077873 24.029741 13.178246 11.092234 12.540552 46.475304 12.374732 0.172026 18.952271 16.077383 14.068030 10.861424 11.353283 -9999.0 -9999.0
-9999.0 -9999.0 -9999.0 -9999.0 -9999.0 -9999.0 -9999.0 14.112652 23.697301 19.934135 0.510065 0.089873 0.176437 0.203854 0.138657 0.001794 0.077343 12.288949 30.192343 33.670237 16.824131 13.271678 14.118282 17.176242 16.775855 20.525752 19.833670 19.206731 19.898010 25.644165 0.235319 0.105874 10.916255 14.235602 18.006678 25.703319 21.496480 21.353391 18.980682 22.757834 11.743363 27.043816 12.569425 1.309981 0.128564 0.530150 11.904282 21.194488 12.874505 21.677391 42.621354 12.867700 0.001791 0.288588 16.803216 14.245317 14.480952 10.760669 -9999.0 -9999.0 -9999.0
-9999.0 -9999.0 -9999.0 -9999.0 -9999.0 -9999.0 -9999.0 -54.292517 14.077261 21.480313 11.501517 11.408119 19.553466 11.998999 0.001785 0.198671 0.001308 0.114342 16.341694 13.474045 28.892198 27.057493 23.038974 15.326508 12.509598 11.887924 16.225371 37.395731 41.953615 0.927453 0.068757 0.079166 14.377083 11.992094 11.848053 22.112415 21.019260 17.190885 15.078753 19.898250 19.734756 12.560769 45.402774 0.000000 18.660556 30.311256 11.113767 18.085696 13.849549 36.472365 11.837850 0.117604 0.070432 24.174008 16.049900 13.660917 10.935838 11.510137 -9999.0 -9999.0 -9999.0
-9999.0 -9999.0 -9999.0 -9999.0 -9999.0 -9999.0 -9999.0 -54.444959 12.264888 13.841325 12.336869 17.213092 16.766379 20.819759 0.329403 24.135196 11.695910 0.068301 0.005060 21.254274 16.748292 17.594041 17.131031 13.038366 13.533863 15.460684 22.785934 14.897571 12.591140 0.107032 12.403696 0.002597 10.907816 10.916502 11.059764 17.671860 19.091559 14.965005 12.068494 17.937782 20.416811 42.717640 16.216932 0.002588 16.065875 32.208939 14.838450 11.001654 33.637776 14.752598 10.309005 0.001805 10.967087 18.903392 10.534779 13.871370 12.019998 -9999.0 -9999.0 -9999.0 -9999.0
-9999.0 -9999.0 -9999.0 -9999.0 -9999.0 -9999.0 -9999.0 -9999.0 -9999.0 -9999.0 11.679308 11.380093 12.626213 26.913133 0.002583 13.472535 17.686781 12.785131 0.274530 11.420426 13.842229 11.471356 15.933841 12.567616 17.134060 18.114693 11.248598 12.604222 0.068518 0.078402 11.471324 0.142460 0.217165 16.231760 13.084410 16.118209 18.312075 12.473944 15.192746 17.270441 18.887597 44.605167 12.959034 0.090375 12.781867 32.534941 12.698032 16.500814 36.977904 11.973428 -0.005574 0.384302 -78.407424 11.515063 14.235801 13.562006 -9999.0 -9999.0 -9999.0 -9999.0 -9999.0
-9999.0 -9999.0 -9999.0 -9999.0 -9999.0 -9999.0 -9999.0 -9999.0 -9999.0 -9999.0 -9999.0 13.433759 16.362097 31.443270 0.001790 0.076702 13.082802 12.177480 0.086953 13.450331 12.096115 12.129956 14.060860 12.646387 11.855653 11.212374 12.267221 16.869576 0.102254 0.069676 11.495975 19.007702 0.286650 16.473945 12.837838 12.444273 15.914648 10.964431 14.154723 16.644385 37.932535 24.489409 11.166468 0.090231 27.708426 16.123484 11.403017 12.289799 40.444366 19.024590 28.118008 11.829676 0.001310 -74.000712 14.044957 -9999.0 -9999.0 -9999.0 -9999.0 -9999.0 -9999.0
-9999.0 -9999.0 -9999.0 -9999.0 -9999.0 -9999.0 -9999.0 -9999.0 -9999.0 -9999.0 -9999.0 11.960684 15.911223 16.758628 0.005061 0.001309 12.763803 13.368932 0.133689 15.389218 12.498204 12.497836 13.608966 13.267491 12.598137 15.516380 0.152383 0.001793 0.131011 -58.874308 11.625357 17.411455 0.002588 23.083899 22.965541 12.650293 12.952394 11.511728 14.577205 16.602821 38.053646 23.912571 11.262275 0.231589 30.220578 13.753288 42.813832 40.257797 11.807823 24.617053 18.705327 -0.005603 -71.996312 0.066207 -9999.0 -9999.0 -9999.0 -9999.0 -9999.0 -9999.0 -9999.0
-9999.0 -9999.0 -9999.0 -9999.0 -9999.0 -9999.0 -9999.0 -9999.0 -9999.0 -9999.0 -9999.0 -9999.0 -9999.0 13.399690 14.429143 0.224225 0.108239 14.939231 0.001790 0.216844 16.901168 16.249650 13.770813 14.497267 0.220795 0.001319 0.147100 18.344593 0.237957 0.001312 0.001311 13.532752 0.075407 -54.192050 11.188767 16.963367 13.101259 11.301514 14.482962 30.106527 23.197330 23.006707 19.873884 0.000000 30.436531 23.620848 27.236568 22.649622 18.804463 18.544597 16.792039 0.005065 0.195404 14.529285 -9999.0 -9999.0 -9999.0 -9999.0 -9999.0 -9999.0 -9999.0
-9999.0 -9999.0 -9999.0 -9999.0 -9999.0 -9999.0 -9999.0 -9999.0 -9999.0 -9999.0 -9999.0 -9999.0 -9999.0 -9999.0 11.675699 -9999.0 -9999.0 -9999.0 0.001766 0.189806 27.748344 21.095163 13.802921 13.772543 0.119085 11.641441 14.914932 17.677143 0.136712 15.112807 0.001313 0.001343 13.731133 0.702234 27.195279 16.211985 11.350482 11.022859 23.608070 23.129558 19.914395 19.624187 19.096386 0.000000 26.552635 24.876186 25.157890 19.293165 17.265821 15.047626 11.894612 0.001794 23.457209 -9999.0 -9999.0 -9999.0 -9999.0 -9999.0 -9999.0 -9999.0 -9999.0
-9999.0 -9999.0 -9999.0 -9999.0 -9999.0 -9999.0 -9999.0 -9999.0 -9999.0 -9999.0 -9999.0 -9999.0 -9999.0 -9999.0 -9999.0 -9999.0 -9999.0 -9999.0 -9999.0 0.004978 0.152339 0.207586 0.147283 11.617509 0.002561 11.339123 14.851472 0.226295 0.398270 14.272971 11.388200 0.129767 0.411810 28.759773 13.706339 18.713255 10.470330 16.676120 15.453132 16.849418 16.284187 16.293480 16.165747 0.002590 22.863691 20.149888 21.237045 14.962577 13.450334 11.478658 0.001787 0.180343 19.255843 -9999.0 -9999.0 -9999.0 -9999.0 -9999.0 -9999.0 -9999.0 -9999.0
-9999.0 -9999.0 -9999.0 -9999.0 -9999.0 -9999.0 -9999.0 -9999.0 -9999.0 -9999.0 -9999.0 -9999.0 -9999.0 -9999.0 -9999.0 -9999.0 -9999.0 -9999.0 -9999.0 -9999.0 12.955939 14.770232 19.302607 11.570415 0.002580 10.670319 14.464562 0.001311 31.550952 13.714031 11.134696 18.797823 0.155688 22.906671 21.329459 9.725282 15.906648 15.791731 12.849623 14.732942 12.841739 12.947596 12.830239 0.002589 19.894935 18.383293 19.251659 12.859415 9.904337 0.351900 0.107659 18.469267 18.154439 -9999.0 -9999.0 -9999.0 -9999.0 -9999.0 -9999.0 -9999.0 -9999.0
-9999.0 -9999.0 -9999.0 -9999.0 -9999.0 -9999.0 -9999.0 -9999.0 -9999.0 -9999.0 -9999.0 -9999.0 -9999.0 -9999.0 -9999.0 -9999.0 -9999.0 -9999.0 -9999.0 -9999.0 -9999.0 11.699392 11.491809 13.722571 0.002568 10.413588 0.001309 0.001789 15.301508 26.231657 11.106270 15.555837 0.002595 15.007302 19.741470 18.847922 15.456497 12.446963 9.132850 11.602802 9.467219 9.477387 9.928648 0.002590 18.685121 16.053574 17.067428 9.754947 16.760257 0.082123 13.176582 15.191367 15.726106 -9999.0 -9999.0 -9999.0 -9999.0 -9999.0 -9999.0 -9999.0 -9999.0
-9999.0 -9999.0 -9999.0 -9999.0 -9999.0 -9999.0 -9999.0 -9999.0 -9999.0 -9999.0 -9999.0 -9999.0 -9999.0 -9999.0 -9999.0 -9999.0 -9999.0 -9999.0 -9999.0 -9999.0 -9999.0 -9999.0 -9999.0 10.251491 0.092582 11.408363 0.069925 0.071989 10.665222 22.874004 12.933085 11.712626 0.270898 20.347016 11.569671 16.480200 16.489317 10.873238 8.095045 9.064536 0.004976 0.001286 0.001824 0.080702 17.771859 14.513930 16.616386 15.742976 8.461924 0.082875 10.093389 12.389034 13.087144 -9999.0 -9999.0 -9999.0 -9999.0 -9999.0 -9999.0 -9999.0 -9999.0
-9999.0 -9999.0 -9999.0 -9999.0 -9999.0 -9999.0 -9999.0 -9999.0 -9999.0 -9999.0 -9999.0 -9999.0 -9999.0 -9999.0 -9999.0 -9999.0 -9999.0 -9999.0 -9999.0 -9999.0 -9999.0 -9999.0 -9999.0 9.652221 0.092442 10.867162 0.070554 0.118806 9.544159 23.037715 11.581424 0.001788 0.156817 14.623976 15.198582 8.194823 14.694401 14.272050 7.520726 8.564848 0.292514 0.410906 0.281950 9.678685 15.081779 10.983552 12.898010 15.280652 7.781134 0.083476 0.001286 9.144405 9.272597 -9999.0 -9999.0 -9999.0 -9999.0 -9999.0 -9999.0 -9999.0 -9999.0
