geotop/1.0zi/1.0Montebello/Templates/Duarrigle2006/maps/PSITOTL0003N0032.asc
ncols         76
nrows         123
xllcorner     110555.058093
yllcorner     85388.025579
cellsize      200.000000
NODATA_value  -9999.0
[rows 50 to 74 of 123, columns 0 to 55 of 76]
-9999.0 -9999.0 -9999.0 -9999.0 -9999.0 -9999.0 -489.999536 -489.999537 -489.999538 -489.999540 -489.999537 -489.999534 -489.999534 -489.999541 -489.999543 -489.999546 -489.999546 -489.999972 -489.999972 -489.999973 -489.999972 -489.999971 -489.999971 -489.999971 -489.999968 -489.999972 -489.999972 -489.999972 -489.999969 -489.999972 -489.999971 -489.999971 -489.999972 -489.999972 -489.999971 -489.999972 -489.999971 -489.999971 -489.999970 -489.999972 -489.999972 -489.999972 -489.999971 -489.999971 -489.999971 -489.999971 -489.999971 -489.999971 -489.999972 -489.999972 -489.999972 -489.999972 -489.999972 -489.999972 -489.999972 -489.999972
-9999.0 -9999.0 -9999.0 -9999.0 -9999.0 -9999.0 -489.999544 -489.999547 -489.999548 -489.999544 -489.999535 -489.999541 -489.999538 -489.999542 -489.999539 -489.999544 -489.999542 -489.999972 -489.999972 -489.999972 -489.999971 -489.999971 -489.999971 -489.999972 -489.999965 -489.999970 -489.999971 -489.999971 -489.999971 -489.999971 -489.999973 -489.999972 -489.999972 -489.999972 -489.999972 -489.999978 -489.999977 -489.999971 -489.999970 -489.999971 -489.999972 -489.999972 -489.999971 -489.999971 -489.999970 -489.999970 -489.999970 -489.999971 -489.999971 -489.999971 -489.999972 -489.999971 -489.999972 -489.999972 -489.999972 -489.999972
-9999.0 -9999.0 -9999.0 -9999.0 -9999.0 -9999.0 -9999.0 -9999.0 -489.999541 -489.999535 -489.999538 -489.999532 -489.999528 -489.999547 -489.999544 -489.999546 -489.999547 -489.999523 -489.999972 -489.999972 -489.999973 -489.999972 -489.999973 -489.999977 -489.999965 -489.999974 -489.999973 -489.999970 -489.999972 -489.999973 -489.999972 -489.999972 -489.999972 -489.999971 -489.999972 -489.999971 -489.999972 -489.999971 -489.999971 -489.999970 -489.999971 -489.999971 -489.999971 -489.999971 -489.999971 -489.999971 -489.999972 -489.999972 -489.999972 -489.999970 -489.999971 -489.999971 -489.999972 -489.999971 -489.999970 -489.999971
-9999.0 -9999.0 -9999.0 -9999.0 -9999.0 -9999.0 -9999.0 -9999.0 -9999.0 -9999.0 -489.999541 -489.999542 -489.999541 -489.999538 -489.999539 -489.999536 -489.999546 -489.999546 -489.999530 -489.999533 -489.999548 -489.999532 -489.999529 -489.999972 -489.999968 -489.999972 -489.999971 -489.999971 -489.999972 -489.999972 -489.999971 -489.999971 -489.999971 -489.999972 -489.999971 -489.999972 -489.999971 -489.999971 -489.999971 -489.999971 -489.999970 -489.999971 -489.999971 -489.999971 -489.999972 -489.999972 -489.999972 -489.999972 -489.999972 -489.999971 -489.999971 -489.999972 -489.999971 -489.999970 -489.999971 -489.999970
-9999.0 -9999.0 -9999.0 -9999.0 -9999.0 -9999.0 -9999.0 -9999.0 -9999.0 -9999.0 -9999.0 -9999.0 -489.999541 -489.999544 -489.999544 -489.999537 -489.999542 -489.999542 -489.999541 -489.999521 -489.999529 -489.999547 -489.999973 -489.999972 -489.999971 -489.999964 -489.999973 -489.999971 -489.999971 -489.999971 -489.999972 -489.999971 -489.999971 -489.999971 -489.999972 -489.999972 -489.999971 -489.999971 -489.999972 -489.999971 -489.999971 -489.999971 -489.999971 -489.999971 -489.999971 -489.999972 -489.999972 -489.999972 -489.999971 -489.999972 -489.999971 -489.999971 -489.999971 -489.999972 -489.999972 -489.999973
-9999.0 -9999.0 -9999.0 -9999.0 -9999.0 -9999.0 -9999.0 -9999.0 -9999.0 -9999.0 -9999.0 -9999.0 -9999.0 -489.999538 -489.999537 -489.999538 -489.999535 -489.999523 -489.999524 -489.999519 -489.999972 -489.999972 -489.999972 -489.999972 -489.999972 -489.999966 -489.999972 -489.999971 -489.999971 -489.999972 -489.999972 -489.999971 -489.999971 -489.999971 -489.999972 -489.999972 -489.999972 -489.999972 -489.999972 -489.999972 -489.999971 -489.999972 -489.999971 -489.999972 -489.999972 -489.999972 -489.999972 -489.999971 -489.999971 -489.999971 -489.999972 -489.999972 -489.999972 -489.999971 -489.999971 -489.999970
-9999.0 -9999.0 -9999.0 -9999.0 -9999.0 -9999.0 -9999.0 -9999.0 -9999.0 -9999.0 -9999.0 -9999.0 -9999.0 -489.999538 -489.999540 -489.999523 -489.999520 -489.999521 -489.999971 -489.999971 -489.999972 -489.999972 -489.999971 -489.999971 -489.999970 -489.999965 -489.999971 -489.999971 -489.999971 -489.999972 -489.999971 -489.999971 -489.999971 -489.999972 -489.999972 -489.999972 -489.999972 -489.999971 -489.999972 -489.999971 -489.999972 -489.999970 -489.999972 -489.999972 -489.999971 -489.999971 -489.999972 -489.999971 -489.999970 -489.999972 -489.999977 -489.999971 -489.999971 -489.999972 -489.999972 -489.999972
-9999.0 -9999.0 -9999.0 -9999.0 -9999.0 -9999.0 -9999.0 -9999.0 -9999.0 -9999.0 -9999.0 -9999.0 -9999.0 -9999.0 -489.999971 -489.999972 -489.999973 -489.999972 -489.999972 -489.999972 -489.999971 -489.999969 -489.999969 -489.999970 -489.999971 -489.999972 -489.999955 -489.999972 -489.999971 -489.999971 -489.999973 -489.999972 -489.999972 -489.999972 -489.999972 -489.999971 -489.999970 -489.999970 -489.999971 -489.999971 -489.999970 -489.999972 -489.999972 -489.999972 -489.999971 -489.999971 -489.999971 -489.999971 -489.999972 -489.999971 -489.999971 -489.999971 -489.999971 -489.999972 -489.999972 -489.999972
-9999.0 -9999.0 -9999.0 -9999.0 -9999.0 -9999.0 -9999.0 -9999.0 -9999.0 -9999.0 -9999.0 -9999.0 -9999.0 -489.999971 -489.999971 -489.999972 -489.999972 -489.999972 -489.999972 -489.999972 -489.999971 -489.999971 -489.999971 -489.999971 -489.999972 -489.999972 -489.999971 -489.999957 -489.999972 -489.999971 -489.999973 -489.999972 -489.999972 -489.999972 -489.999970 -489.999970 -489.999970 -489.999970 -489.999971 -489.999971 -489.999972 -489.999973 -489.999972 -489.999971 -489.999971 -489.999971 -489.999970 -489.999972 -489.999971 -489.999972 -489.999972 -489.999972 -489.999972 -489.999972 -489.999972 -489.999971
-9999.0 -9999.0 -9999.0 -9999.0 -9999.0 -9999.0 -9999.0 -9999.0 -9999.0 -9999.0 -9999.0 -9999.0 -489.999971 -489.999971 -489.999970 -489.999970 -489.999969 -489.999969 -489.999971 -489.999972 -489.999972 -489.999972 -489.999973 -489.999972 -489.999971 -489.999972 -489.999970 -489.999964 -489.999971 -489.999971 -489.999971 -489.999971 -489.999972 -489.999972 -489.999972 -489.999972 -489.999971 -489.999970 -489.999969 -489.999971 -489.999972 -489.999972 -489.999972 -489.999971 -489.999971 -489.999971 -489.999970 -489.999973 -489.999978 -489.999971 -489.999972 -489.999972 -489.999971 -489.999972 -489.999971 -489.999972
-9999.0 -9999.0 -9999.0 -9999.0 -9999.0 -9999.0 -9999.0 -9999.0 -9999.0 -9999.0 -9999.0 -9999.0 -489.999972 -489.999971 -489.999971 -489.999972 -489.999972 -489.999972 -489.999970 -489.999971 -489.999972 -489.999972 -489.999972 -489.999972 -489.999972 -489.999971 -489.999970 -489.999966 -489.999971 -489.999971 -489.999971 -489.999971 -489.999972 -489.999972 -489.999972 -489.999972 -489.999972 -489.999971 -489.999971 -489.999970 -489.999979 -489.999971 -489.999972 -489.999971 -489.999972 -489.999971 -489.999971 -489.999971 -489.999970 -489.999971 -489.999971 -489.999970 -489.999970 -489.999971 -489.999972 -489.999972
-9999.0 -9999.0 -9999.0 -9999.0 -9999.0 -9999.0 -9999.0 -9999.0 -9999.0 -9999.0 -9999.0 -9999.0 -9999.0 -489.999972 -489.999973 -489.999972 -489.999972 -489.999972 -489.999970 -489.999970 -489.999970 -489.999971 -489.999971 -489.999972 -489.999971 -489.999971 -489.999954 -489.999972 -489.999970 -489.999970 -489.999970 -489.999970 -489.999971 -489.999972 -489.999972 -489.999972 -489.999971 -489.999971 -489.999971 -489.999972 -489.999971 -489.999978 -489.999971 -489.999970 -489.999971 -489.999971 -489.999970 -489.999971 -489.999972 -489.999971 -489.999972 -489.999972 -489.999972 -489.999969 -489.999971 -489.999971
-9999.0 -9999.0 -9999.0 -9999.0 -9999.0 -9999.0 -9999.0 -9999.0 -9999.0 -9999.0 -9999.0 -9999.0 -9999.0 -9999.0 -489.999972 -489.999972 -489.999970 -489.999971 -489.999972 -489.999972 -489.999971 -489.999971 -489.999970 -489.999971 -489.999973 -489.999972 -489.999958 -489.999972 -489.999972 -489.999971 -489.999971 -489.999971 -489.999973 -489.999972 -489.999972 -489.999971 -489.999972 -489.999972 -489.999971 -489.999971 -489.999971 -489.999971 -489.999971 -489.999971 -489.999971 -489.999972 -489.999972 -489.999972 -489.999972 -489.999972 -489.999972 -489.999972 -489.999971 -489.999972 -489.999972 -489.999971
-9999.0 -9999.0 -9999.0 -9999.0 -9999.0 -9999.0 -9999.0 -9999.0 -9999.0 -9999.0 -9999.0 -9999.0 -9999.0 -9999.0 -489.999972 -489.999972 -489.999972 -489.999972 -489.999972 -489.999973 -489.999974 -489.999973 -489.999971 -489.999971 -489.999971 -489.999971 -489.999966 -489.999978 -489.999971 -489.999972 -489.999972 -489.999972 -489.999971 -489.999972 -489.999972 -489.999971 -489.999971 -489.999971 -489.999972 -489.999971 -489.999970 -489.999972 -489.999971 -489.999972 -489.999971 -489.999972 -489.999972 -489.999972 -489.999972 -489.999972 -489.999972 -489.999971 -489.999977 -489.999972 -489.999978 -489.999972
-9999.0 -9999.0 -9999.0 -9999.0 -9999.0 -9999.0 -9999.0 -9999.0 -9999.0 -9999.0 -9999.0 -9999.0 -9999.0 -9999.0 -489.999972 -489.999971 -489.999972 -489.999972 -489.999972 -489.999971 -489.999972 -489.999972 -489.999971 -489.999971 -489.999972 -489.999971 -489.999971 -489.999964 -489.999972 -489.999972 -489.999971 -489.999971 -489.999971 -489.999972 -489.999971 -489.999971 -489.999971 -489.999971 -489.999971 -489.999971 -489.999971 -489.999971 -489.999972 -489.999972 -489.999972 -489.999971 -489.999971 -489.999972 -489.999971 -489.999971 -489.999971 -489.999971 -489.999971 -489.999971 -489.999971 -489.999971
-9999.0 -9999.0 -9999.0 -9999.0 -9999.0 -9999.0 -9999.0 -9999.0 -9999.0 -9999.0 -9999.0 -9999.0 -9999.0 -489.999972 -489.999971 -489.999972 -489.999971 -489.999971 -489.999971 -489.999971 -489.999972 -489.999971 -489.999971 -489.999971 -489.999971 -489.999972 -489.999973 -489.999970 -489.999960 -489.999971 -489.999971 -489.999971 -489.999972 -489.999971 -489.999971 -489.999971 -489.999971 -489.999971 -489.999971 -489.999969 -489.999972 -489.999973 -489.999972 -489.999972 -489.999972 -489.999972 -489.999972 -489.999972 -489.999971 -489.999970 -489.999971 -489.999971 -489.999972 -489.999971 -489.999971 -489.999972
-9999.0 -9999.0 -9999.0 -9999.0 -9999.0 -9999.0 -9999.0 -9999.0 -9999.0 -489.999972 -489.999971 -489.999972 -489.999972 -489.999971 -489.999971 -489.999970 -489.999970 -489.999971 -489.999971 -489.999971 -489.999972 -489.999972 -489.999972 -489.999973 -489.999972 -489.999972 -489.999972 -489.999971 -489.999971 -489.999965 -489.999972 -489.999970 -489.999971 -489.999970 -489.999972 -489.999971 -489.999972 -489.999972 -489.999968 -489.999973 -489.999973 -489.999972 -489.999971 -489.999971 -489.999971 -489.999972 -489.999972 -489.999971 -489.999972 -489.999971 -489.999977 -489.999972 -489.999972 -489.999972 -489.999971 -489.999970
-9999.0 -9999.0 -9999.0 -9999.0 -9999.0 -9999.0 -9999.0 -9999.0 -489.999972 -489.999972 -489.999970 -489.999971 -489.999971 -489.999972 -489.999972 -489.999972 -489.999970 -489.999971 -489.999971 -489.999971 -489.999972 -489.999972 -489.999973 -489.999972 -489.999971 -489.999972 -489.999972 -489.999971 -489.999971 -489.999963 -489.999970 -489.999971 -489.999971 -489.999972 -489.999972 -489.999971 -489.999972 -489.999971 -489.999971 -489.999971 -489.999971 -489.999971 -489.999971 -489.999971 -489.999971 -489.999972 -489.999971 -489.999972 -489.999972 -489.999972 -489.999971 -489.999971 -489.999972 -489.999972 -489.999971 -489.999971
-9999.0 -9999.0 -9999.0 -9999.0 -9999.0 -9999.0 -9999.0 -9999.0 -489.999971 -489.999971 -489.999970 -489.999971 -489.999971 -489.999971 -489.999971 -489.999971 -489.999971 -489.999970 -489.999970 -489.999971 -489.999972 -489.999971 -489.999972 -489.999971 -489.999971 -489.999972 -489.999971 -489.999971 -489.999970 -489.999972 -489.999955 -489.999963 -489.999972 -489.999972 -489.999971 -489.999969 -489.999970 -489.999971 -489.999971 -489.999968 -489.999969 -489.999970 -489.999970 -489.999971 -489.999971 -489.999972 -489.999971 -489.999972 -489.999971 -489.999971 -489.999971 -489.999971 -489.999972 -489.999970 -489.999970 -489.999972
-9999.0 -9999.0 -9999.0 -9999.0 -9999.0 -9999.0 -9999.0 -9999.0 -489.999972 -489.999971 -489.999971 -489.999968 -489.999970 -489.999972 -489.999972 -489.999972 -489.999972 -489.999972 -489.999970 -489.999968 -489.999970 -489.999971 -489.999971 -489.999970 -489.999971 -489.999972 -489.999971 -489.999970 -489.999971 -489.999972 -489.999978 -489.999978 -489.999961 -489.999977 -489.999970 -489.999977 -489.999973 -489.999972 -489.999972 -489.999970 -489.999971 -489.999972 -489.999972 -489.999972 -489.999972 -489.999971 -489.999971 -489.999972 -489.999972 -489.999970 -489.999971 -489.999971 -489.999971 -489.999972 -489.999972 -489.999972
-9999.0 -9999.0 -9999.0 -9999.0 -9999.0 -9999.0 -9999.0 -489.999972 -489.999971 -489.999971 -489.999972 -489.999968 -489.999972 -489.999973 -489.999972 -489.999972 -489.999972 -489.999971 -489.999971 -489.999972 -489.999971 -489.999971 -489.999971 -489.999971 -489.999969 -489.999971 -489.999972 -489.999972 -489.999972 -489.999972 -489.999972 -489.999977 -489.999961 -489.999970 -489.999971 -489.999970 -489.999971 -489.999972 -489.999973 -489.999972 -489.999971 -489.999972 -489.999971 -489.999971 -489.999972 -489.999971 -489.999971 -489.999971 -489.999971 -489.999971 -489.999971 -489.999972 -489.999972 -489.999972 -489.999972 -489.999972
-9999.0 -9999.0 -9999.0 -9999.0 -9999.0 -9999.0 -489.999972 -489.999971 -489.999971 -489.999971 -489.999969 -489.999972 -489.999972 -489.999972 -489.999971 -489.999971 -489.999971 -489.999971 -489.999971 -489.999971 -489.999971 -489.999971 -489.999971 -489.999972 -489.999971 -489.999971 -489.999969 -489.999972 -489.999970 -489.999970 -489.999970 -489.999972 -489.999954 -489.999972 -489.999971 -489.999971 -489.999972 -489.999971 -489.999972 -489.999971 -489.999971 -489.999971 -489.999971 -489.999971 -489.999971 -489.999971 -489.999970 -489.999970 -489.999970 -489.999971 -489.999972 -489.999971 -489.999972 -489.999972 -489.999971 -489.999971
-9999.0 -9999.0 -9999.0 -9999.0 -9999.0 -9999.0 -489.999971 -489.999971 -489.999971 -489.999971 -489.999971 -489.999971 -489.999977 -489.999972 -489.999972 -489.999972 -489.999970 -489.999972 -489.999971 -489.999971 -489.999971 -489.999972 -489.999972 -489.999971 -489.999971 -489.999971 -489.999971 -489.999972 -489.999971 -489.999971 -489.999972 -489.999972 -489.999963 -489.999971 -489.999971 -489.999972 -489.999972 -489.999972 -489.999971 -489.999971 -489.999971 -489.999971 -489.999970 -489.999971 -489.999972 -489.999972 -489.999972 -489.999971 -489.999969 -489.999971 -489.999972 -489.999971 -489.999971 -489.999972 -489.999971 -489.999971
-9999.0 -9999.0 -9999.0 -9999.0 -9999.0 -9999.0 -489.999971 -489.999971 -489.999971 -489.999972 -489.999971 -489.999972 -489.999972 -489.999971 -489.999970 -489.999971 -489.999978 -489.999971 -489.999971 -489.999971 -489.999971 -489.999972 -489.999972 -489.999971 -489.999971 -489.999971 -489.999972 -489.999971 -489.999972 -489.999972 -489.999972 -489.999973 -489.999960 -489.999977 -489.999973 -489.999972 -489.999972 -489.999971 -489.999971 -489.999971 -489.999971 -489.999971 -489.999970 -489.999971 -489.999971 -489.999972 -489.999971 -489.999971 -489.999972 -489.999971 -489.999971 -489.999971 -489.999971 -489.999972 -489.999971 -489.999971
-9999.0 -9999.0 -9999.0 -9999.0 -9999.0 -9999.0 -489.999971 -489.999971 -489.999971 -489.999971 -489.999971 -489.999972 -489.999972 -489.999972 -489.999972 -489.999972 -489.999971 -489.999971 -489.999971 -489.999971 -489.999972 -489.999971 -489.999972 -489.999972 -489.999971 -489.999971 -489.999972 -489.999971 -489.999972 -489.999972 -489.999971 -489.999972 -489.999957 -489.999972 -489.999971 -489.999971 -489.999972 -489.999971 -489.999971 -489.999972 -489.999971 -489.999972 -489.999971 -489.999969 -489.999971 -489.999971 -489.999971 -489.999972 -489.999971 -489.999972 -489.999971 -489.999972 -489.999971 -489.999971 -489.999971 -489.999972
