geotop/1.0zi/1.0Montebello/Templates/Duarrigle2006/maps/PSITOTL0003N0056.asc
ncols         76
nrows         123
xllcorner     110555.058093
yllcorner     85388.025579
cellsize      200.000000
NODATA_value  -9999.0
[rows 50 to 74 of 123, columns 0 to 55 of 76]
-9999.0 -9999.0 -9999.0 -9999.0 -9999.0 -9999.0 -489.998553 -489.998554 -489.998556 -489.998562 -489.998552 -489.998541 -489.998542 -489.998564 -489.998568 -489.998573 -489.998574 -489.999905 -489.999904 -489.999905 -489.999905 -489.999902 -489.999902 -489.999904 -489.999892 -489.999904 -489.999905 -489.999904 -489.999900 -489.999905 -489.999903 -489.999903 -489.999903 -489.999904 -489.999903 -489.999904 -489.999903 -489.999903 -489.999900 -489.999903 -489.999904 -489.999904 -489.999903 -489.999904 -489.999903 -489.999901 -489.999902 -489.999903 -489.999904 -489.999904 -489.999904 -489.999903 -489.999904 -489.999905 -489.999905 -489.999904
-9999.0 -9999.0 -9999.0 -9999.0 -9999.0 -9999.0 -489.998569 -489.998576 -489.998576 -489.998570 -489.998546 -489.998563 -489.998556 -489.998565 -489.998559 -489.998569 -489.998565 -489.999905 -489.999904 -489.999905 -489.999903 -489.999902 -489.999902 -489.999903 -489.999882 -489.999901 -489.999902 -489.999903 -489.999903 -489.999903 -489.999906 -489.999904 -489.999903 -489.999903 -489.999903 -489.999922 -489.999919 -489.999902 -489.999899 -489.999903 -489.999904 -489.999903 -489.999901 -489.999904 -489.999898 -489.999899 -489.999900 -489.999903 -489.999902 -489.999903 -489.999904 -489.999903 -489.999903 -489.999905 -489.999903 -489.999904
-9999.0 -9999.0 -9999.0 -9999.0 -9999.0 -9999.0 -9999.0 -9999.0 -489.998564 -489.998549 -489.998556 -489.998536 -489.998525 -489.998585 -489.998581 -489.998583 -489.998585 -489.998530 -489.999903 -489.999905 -489.999906 -489.999905 -489.999906 -489.999919 -489.999883 -489.999907 -489.999906 -489.999901 -489.999905 -489.999906 -489.999905 -489.999904 -489.999904 -489.999903 -489.999903 -489.999903 -489.999903 -489.999903 -489.999903 -489.999899 -489.999903 -489.999902 -489.999904 -489.999904 -489.999901 -489.999903 -489.999904 -489.999904 -489.999904 -489.999900 -489.999903 -489.999904 -489.999904 -489.999901 -489.999901 -489.999903
-9999.0 -9999.0 -9999.0 -9999.0 -9999.0 -9999.0 -9999.0 -9999.0 -9999.0 -9999.0 -489.998564 -489.998565 -489.998565 -489.998557 -489.998555 -489.998549 -489.998584 -489.998584 -489.998556 -489.998561 -489.998597 -489.998559 -489.998553 -489.999906 -489.999891 -489.999904 -489.999903 -489.999903 -489.999903 -489.999904 -489.999903 -489.999902 -489.999902 -489.999905 -489.999903 -489.999905 -489.999903 -489.999903 -489.999903 -489.999902 -489.999897 -489.999900 -489.999903 -489.999902 -489.999905 -489.999904 -489.999904 -489.999904 -489.999904 -489.999902 -489.999902 -489.999904 -489.999903 -489.999902 -489.999903 -489.999902
-9999.0 -9999.0 -9999.0 -9999.0 -9999.0 -9999.0 -9999.0 -9999.0 -9999.0 -9999.0 -9999.0 -9999.0 -489.998563 -489.998569 -489.998570 -489.998551 -489.998567 -489.998566 -489.998563 -489.998505 -489.998553 -489.998594 -489.999905 -489.999904 -489.999904 -489.999879 -489.999906 -489.999902 -489.999903 -489.999902 -489.999904 -489.999902 -489.999904 -489.999903 -489.999904 -489.999903 -489.999903 -489.999903 -489.999904 -489.999901 -489.999903 -489.999904 -489.999904 -489.999903 -489.999903 -489.999903 -489.999904 -489.999904 -489.999902 -489.999904 -489.999903 -489.999902 -489.999901 -489.999905 -489.999904 -489.999905
-9999.0 -9999.0 -9999.0 -9999.0 -9999.0 -9999.0 -9999.0 -9999.0 -9999.0 -9999.0 -9999.0 -9999.0 -9999.0 -489.998553 -489.998550 -489.998554 -489.998546 -489.998513 -489.998515 -489.998518 -489.999905 -489.999905 -489.999903 -489.999903 -489.999904 -489.999884 -489.999905 -489.999902 -489.999902 -489.999904 -489.999905 -489.999903 -489.999904 -489.999903 -489.999904 -489.999904 -489.999904 -489.999903 -489.999904 -489.999904 -489.999901 -489.999905 -489.999902 -489.999904 -489.999903 -489.999903 -489.999904 -489.999903 -489.999901 -489.999903 -489.999904 -489.999904 -489.999905 -489.999902 -489.999901 -489.999899
-9999.0 -9999.0 -9999.0 -9999.0 -9999.0 -9999.0 -9999.0 -9999.0 -9999.0 -9999.0 -9999.0 -9999.0 -9999.0 -489.998555 -489.998562 -489.998527 -489.998520 -489.998523 -489.999902 -489.999903 -489.999904 -489.999904 -489.999901 -489.999901 -489.999899 -489.999882 -489.999903 -489.999904 -489.999904 -489.999905 -489.999903 -489.999902 -489.999903 -489.999905 -489.999904 -489.999904 -489.999903 -489.999902 -489.999904 -489.999901 -489.999905 -489.999902 -489.999904 -489.999904 -489.999903 -489.999902 -489.999904 -489.999901 -489.999900 -489.999905 -489.999920 -489.999902 -489.999903 -489.999905 -489.999903 -489.999903
-9999.0 -9999.0 -9999.0 -9999.0 -9999.0 -9999.0 -9999.0 -9999.0 -9999.0 -9999.0 -9999.0 -9999.0 -9999.0 -9999.0 -489.999903 -489.999905 -489.999905 -489.999905 -489.999904 -489.999904 -489.999902 -489.999898 -489.999897 -489.999899 -489.999903 -489.999905 -489.999846 -489.999904 -489.999903 -489.999902 -489.999906 -489.999905 -489.999905 -489.999904 -489.999904 -489.999903 -489.999901 -489.999900 -489.999902 -489.999903 -489.999902 -489.999904 -489.999904 -489.999903 -489.999902 -489.999901 -489.999901 -489.999901 -489.999905 -489.999904 -489.999901 -489.999901 -489.999903 -489.999904 -489.999904 -489.999904
-9999.0 -9999.0 -9999.0 -9999.0 -9999.0 -9999.0 -9999.0 -9999.0 -9999.0 -9999.0 -9999.0 -9999.0 -9999.0 -489.999903 -489.999903 -489.999904 -489.999905 -489.999904 -489.999905 -489.999904 -489.999902 -489.999903 -489.999901 -489.999903 -489.999904 -489.999904 -489.999904 -489.999854 -489.999903 -489.999902 -489.999905 -489.999904 -489.999904 -489.999904 -489.999899 -489.999899 -489.999899 -489.999897 -489.999903 -489.999903 -489.999905 -489.999905 -489.999904 -489.999902 -489.999901 -489.999902 -489.999900 -489.999904 -489.999904 -489.999904 -489.999904 -489.999903 -489.999904 -489.999904 -489.999903 -489.999901
-9999.0 -9999.0 -9999.0 -9999.0 -9999.0 -9999.0 -9999.0 -9999.0 -9999.0 -9999.0 -9999.0 -9999.0 -489.999903 -489.999901 -489.999900 -489.999898 -489.999897 -489.999898 -489.999902 -489.999904 -489.999905 -489.999905 -489.999906 -489.999904 -489.999903 -489.999903 -489.999900 -489.999876 -489.999902 -489.999902 -489.999903 -489.999903 -489.999904 -489.999903 -489.999905 -489.999904 -489.999901 -489.999900 -489.999896 -489.999904 -489.999904 -489.999905 -489.999904 -489.999903 -489.999900 -489.999901 -489.999899 -489.999907 -489.999920 -489.999901 -489.999904 -489.999903 -489.999902 -489.999904 -489.999902 -489.999903
-9999.0 -9999.0 -9999.0 -9999.0 -9999.0 -9999.0 -9999.0 -9999.0 -9999.0 -9999.0 -9999.0 -9999.0 -489.999904 -489.999903 -489.999902 -489.999903 -489.999904 -489.999905 -489.999899 -489.999902 -489.999904 -489.999904 -489.999905 -489.999904 -489.999904 -489.999903 -489.999899 -489.999886 -489.999903 -489.999903 -489.999902 -489.999903 -489.999904 -489.999905 -489.999904 -489.999904 -489.999904 -489.999903 -489.999902 -489.999902 -489.999922 -489.999902 -489.999903 -489.999903 -489.999904 -489.999904 -489.999903 -489.999903 -489.999899 -489.999903 -489.999902 -489.999899 -489.999899 -489.999902 -489.999903 -489.999904
-9999.0 -9999.0 -9999.0 -9999.0 -9999.0 -9999.0 -9999.0 -9999.0 -9999.0 -9999.0 -9999.0 -9999.0 -9999.0 -489.999904 -489.999905 -489.999905 -489.999904 -489.999905 -489.999902 -489.999902 -489.999901 -489.999903 -489.999901 -489.999904 -489.999903 -489.999902 -489.999842 -489.999904 -489.999899 -489.999899 -489.999899 -489.999900 -489.999902 -489.999905 -489.999904 -489.999903 -489.999902 -489.999901 -489.999903 -489.999904 -489.999903 -489.999922 -489.999903 -489.999902 -489.999903 -489.999904 -489.999901 -489.999902 -489.999904 -489.999903 -489.999903 -489.999903 -489.999903 -489.999898 -489.999902 -489.999902
-9999.0 -9999.0 -9999.0 -9999.0 -9999.0 -9999.0 -9999.0 -9999.0 -9999.0 -9999.0 -9999.0 -9999.0 -9999.0 -9999.0 -489.999903 -489.999904 -489.999902 -489.999904 -489.999904 -489.999904 -489.999903 -489.999904 -489.999902 -489.999904 -489.999905 -489.999904 -489.999855 -489.999905 -489.999904 -489.999902 -489.999901 -489.999902 -489.999905 -489.999904 -489.999904 -489.999902 -489.999904 -489.999903 -489.999901 -489.999902 -489.999904 -489.999903 -489.999902 -489.999902 -489.999903 -489.999904 -489.999905 -489.999905 -489.999905 -489.999904 -489.999904 -489.999904 -489.999903 -489.999903 -489.999905 -489.999903
-9999.0 -9999.0 -9999.0 -9999.0 -9999.0 -9999.0 -9999.0 -9999.0 -9999.0 -9999.0 -9999.0 -9999.0 -9999.0 -9999.0 -489.999904 -489.999904 -489.999903 -489.999905 -489.999904 -489.999906 -489.999907 -489.999906 -489.999901 -489.999903 -489.999903 -489.999903 -489.999884 -489.999921 -489.999902 -489.999904 -489.999904 -489.999905 -489.999903 -489.999903 -489.999904 -489.999903 -489.999903 -489.999903 -489.999905 -489.999900 -489.999900 -489.999903 -489.999903 -489.999904 -489.999903 -489.999904 -489.999903 -489.999904 -489.999904 -489.999903 -489.999904 -489.999903 -489.999918 -489.999905 -489.999921 -489.999906
-9999.0 -9999.0 -9999.0 -9999.0 -9999.0 -9999.0 -9999.0 -9999.0 -9999.0 -9999.0 -9999.0 -9999.0 -9999.0 -9999.0 -489.999904 -489.999903 -489.999904 -489.999903 -489.999903 -489.999903 -489.999904 -489.999904 -489.999903 -489.999902 -489.999903 -489.999902 -489.999901 -489.999879 -489.999904 -489.999904 -489.999902 -489.999902 -489.999902 -489.999904 -489.999902 -489.999903 -489.999902 -489.999902 -489.999901 -489.999903 -489.999903 -489.999902 -489.999904 -489.999904 -489.999903 -489.999903 -489.999903 -489.999904 -489.999903 -489.999901 -489.999902 -489.999903 -489.999902 -489.999903 -489.999903 -489.999903
-9999.0 -9999.0 -9999.0 -9999.0 -9999.0 -9999.0 -9999.0 -9999.0 -9999.0 -9999.0 -9999.0 -9999.0 -9999.0 -489.999905 -489.999903 -489.999903 -489.999901 -489.999903 -489.999902 -489.999902 -489.999903 -489.999903 -489.999901 -489.999902 -489.999903 -489.999904 -489.999907 -489.999900 -489.999862 -489.999904 -489.999902 -489.999902 -489.999904 -489.999902 -489.999903 -489.999902 -489.999903 -489.999902 -489.999904 -489.999900 -489.999905 -489.999906 -489.999905 -489.999903 -489.999904 -489.999904 -489.999904 -489.999905 -489.999904 -489.999900 -489.999901 -489.999903 -489.999903 -489.999902 -489.999901 -489.999904
-9999.0 -9999.0 -9999.0 -9999.0 -9999.0 -9999.0 -9999.0 -9999.0 -9999.0 -489.999903 -489.999903 -489.999904 -489.999904 -489.999903 -489.999901 -489.999901 -489.999900 -489.999902 -489.999902 -489.999902 -489.999904 -489.999904 -489.999904 -489.999906 -489.999905 -489.999905 -489.999905 -489.999902 -489.999901 -489.999881 -489.999904 -489.999901 -489.999903 -489.999900 -489.999904 -489.999902 -489.999904 -489.999903 -489.999895 -489.999906 -489.999906 -489.999905 -489.999902 -489.999903 -489.999902 -489.999903 -489.999903 -489.999902 -489.999905 -489.999904 -489.999919 -489.999904 -489.999905 -489.999904 -489.999901 -489.999899
-9999.0 -9999.0 -9999.0 -9999.0 -9999.0 -9999.0 -9999.0 -9999.0 -489.999903 -489.999903 -489.999898 -489.999903 -489.999902 -489.999903 -489.999903 -489.999903 -489.999899 -489.999902 -489.999902 -489.999902 -489.999904 -489.999905 -489.999906 -489.999903 -489.999902 -489.999904 -489.999903 -489.999901 -489.999901 -489.999874 -489.999898 -489.999902 -489.999902 -489.999904 -489.999904 -489.999902 -489.999905 -489.999902 -489.999903 -489.999903 -489.999903 -489.999902 -489.999902 -489.999902 -489.999903 -489.999904 -489.999902 -489.999904 -489.999904 -489.999904 -489.999903 -489.999903 -489.999905 -489.999904 -489.999903 -489.999901
-9999.0 -9999.0 -9999.0 -9999.0 -9999.0 -9999.0 -9999.0 -9999.0 -489.999903 -489.999902 -489.999899 -489.999902 -489.999901 -489.999903 -489.999903 -489.999903 -489.999901 -489.999898 -489.999899 -489.999901 -489.999904 -489.999903 -489.999904 -489.999901 -489.999901 -489.999903 -489.999902 -489.999902 -489.999900 -489.999905 -489.999846 -489.999874 -489.999904 -489.999903 -489.999903 -489.999898 -489.999901 -489.999903 -489.999902 -489.999895 -489.999896 -489.999898 -489.999899 -489.999901 -489.999902 -489.999903 -489.999902 -489.999904 -489.999901 -489.999903 -489.999903 -489.999902 -489.999904 -489.999902 -489.999902 -489.999905
-9999.0 -9999.0 -9999.0 -9999.0 -9999.0 -9999.0 -9999.0 -9999.0 -489.999903 -489.999902 -489.999901 -489.999892 -489.999900 -489.999904 -489.999904 -489.999904 -489.999904 -489.999904 -489.999899 -489.999894 -489.999901 -489.999902 -489.999903 -489.999901 -489.999901 -489.999904 -489.999903 -489.999901 -489.999903 -489.999904 -489.999922 -489.999921 -489.999865 -489.999918 -489.999899 -489.999918 -489.999905 -489.999904 -489.999904 -489.999900 -489.999902 -489.999903 -489.999903 -489.999903 -489.999903 -489.999903 -489.999902 -489.999904 -489.999904 -489.999900 -489.999903 -489.999903 -489.999902 -489.999903 -489.999905 -489.999905
-9999.0 -9999.0 -9999.0 -9999.0 -9999.0 -9999.0 -9999.0 -489.999905 -489.999903 -489.999903 -489.999904 -489.999892 -489.999905 -489.999906 -489.999905 -489.999904 -489.999903 -489.999903 -489.999904 -489.999905 -489.999902 -489.999902 -489.999902 -489.999903 -489.999895 -489.999902 -489.999904 -489.999903 -489.999904 -489.999904 -489.999905 -489.999918 -489.999862 -489.999899 -489.999903 -489.999900 -489.999902 -489.999904 -489.999906 -489.999904 -489.999901 -489.999904 -489.999903 -489.999902 -489.999904 -489.999901 -489.999902 -489.999902 -489.999902 -489.999901 -489.999902 -489.999903 -489.999905 -489.999904 -489.999904 -489.999904
-9999.0 -9999.0 -9999.0 -9999.0 -9999.0 -9999.0 -489.999904 -489.999903 -489.999902 -489.999903 -489.999896 -489.999904 -489.999905 -489.999904 -489.999903 -489.999903 -489.999902 -489.999903 -489.999904 -489.999901 -489.999901 -489.999902 -489.999903 -489.999904 -489.999902 -489.999904 -489.999896 -489.999906 -489.999901 -489.999901 -489.999900 -489.999905 -489.999840 -489.999904 -489.999901 -489.999903 -489.999903 -489.999903 -489.999904 -489.999902 -489.999903 -489.999903 -489.999901 -489.999903 -489.999903 -489.999902 -489.999898 -489.999898 -489.999899 -489.999902 -489.999903 -489.999902 -489.999904 -489.999903 -489.999902 -489.999900
-9999.0 -9999.0 -9999.0 -9999.0 -9999.0 -9999.0 -489.999902 -489.999903 -489.999902 -489.999901 -489.999904 -489.999903 -489.999920 -489.999904 -489.999904 -489.999903 -489.999901 -489.999905 -489.999900 -489.999902 -489.999902 -489.999904 -489.999904 -489.999903 -489.999903 -489.999902 -489.999901 -489.999903 -489.999901 -489.999902 -489.999904 -489.999905 -489.999871 -489.999903 -489.999902 -489.999904 -489.999904 -489.999904 -489.999903 -489.999902 -489.999901 -489.999902 -489.999899 -489.999902 -489.999904 -489.999905 -489.999904 -489.999903 -489.999895 -489.999903 -489.999904 -489.999902 -489.999902 -489.999904 -489.999902 -489.999903
-9999.0 -9999.0 -9999.0 -9999.0 -9999.0 -9999.0 -489.999901 -489.999902 -489.999903 -489.999904 -489.999903 -489.999903 -489.999904 -489.999903 -489.999900 -489.999903 -489.999921 -489.999902 -489.999900 -489.999902 -489.999903 -489.999904 -489.999904 -489.999903 -489.999902 -489.999902 -489.999903 -489.999902 -489.999904 -489.999904 -489.999905 -489.999905 -489.999864 -489.999919 -489.999905 -489.999904 -489.999904 -489.999903 -489.999903 -489.999903 -489.999903 -489.999900 -489.999897 -489.999900 -489.999903 -489.999903 -489.999902 -489.999904 -489.999906 -489.999903 -489.999902 -489.999901 -489.999902 -489.999904 -489.999901 -489.999903
-9999.0 -9999.0 -9999.0 -9999.0 -9999.0 -9999.0 -489.999902 -489.999902 -489.999901 -489.999903 -489.999903 -489.999903 -489.999904 -489.999904 -489.999905 -489.999904 -489.999903 -489.999901 -489.999902 -489.999903 -489.999903 -489.999903 -489.999904 -489.999903 -489.999903 -489.999903 -489.999904 -489.999902 -489.999903 -489.999904 -489.999903 -489.999904 -489.999851 -489.999904 -489.999901 -489.999901 -489.999903 -489.999902 -489.999902 -489.999903 -489.999901 -489.999903 -489.999903 -489.999896 -489.999902 -489.999901 -489.999901 -489.999904 -489.999902 -489.999905 -489.999904 -489.999904 -489.999902 -489.999902 -489.999900 -489.999903
