geotop/1.0zi/1.0Montebello/Templates/Duarrigle2006/maps/PSITOTL0001N0041.asc
ncols         76
nrows         123
xllcorner     110555.058093
yllcorner     85388.025579
cellsize      200.000000
NODATA_value  -9999.0
[rows 0 to 26 of 123, columns 0 to 59 of 76]
-9999.0 -9999.0 -9999.0 -9999.0 -9999.0 -9999.0 -9999.0 -9999.0 -9999.0 -9999.0 -9999.0 -9999.0 -9999.0 -9999.0 -9999.0 -9999.0 -9999.0 -9999.0 -9999.0 -9999.0 -9999.0 -9999.0 -9999.0 -9999.0 -9999.0 -9999.0 -9999.0 -9999.0 -9999.0 -9999.0 -9999.0 -9999.0 -9999.0 -9999.0 -9999.0 -9999.0 -9999.0 -9999.0 -9999.0 -9999.0 -9999.0 -9999.0 -9999.0 -9999.0 -9999.0 -9999.0 -9999.0 -9999.0 -9999.0 -9999.0 -9999.0 -9999.0 -9999.0 -9999.0 -9999.0 -9999.0 -9999.0 -9999.0 -9999.0 -9999.0
-9999.0 -9999.0 -9999.0 -9999.0 -9999.0 -9999.0 -9999.0 -9999.0 -9999.0 -9999.0 -9999.0 -9999.0 -9999.0 -9999.0 -9999.0 -9999.0 -9999.0 -9999.0 -9999.0 -9999.0 -9999.0 -9999.0 -9999.0 -9999.0 -9999.0 -9999.0 -9999.0 -9999.0 -9999.0 -9999.0 -9999.0 -9999.0 -9999.0 -9999.0 -9999.0 -9999.0 -9999.0 58.046940 57.888239 -9999.0 -9999.0 -9999.0 -9999.0 56.647640 56.981873 57.004914 56.851756 56.846135 57.306591 56.579035 57.878926 57.250090 -9999.0 -9999.0 -9999.0 -9999.0 -9999.0 -9999.0 -9999.0 -9999.0
-9999.0 -9999.0 -9999.0 -9999.0 -9999.0 -9999.0 -9999.0 -9999.0 -9999.0 -9999.0 -9999.0 56.942461 56.810444 57.242878 57.112211 57.388448 57.691094 -9999.0 -9999.0 -9999.0 -9999.0 -9999.0 -9999.0 -9999.0 -9999.0 -9999.0 -9999.0 -9999.0 -9999.0 -9999.0 -9999.0 -9999.0 -9999.0 -9999.0 -9999.0 -9999.0 56.612912 49.921908 59.723220 56.313247 57.594116 56.475542 56.035516 56.847713 49.731603 58.840870 58.784420 58.868565 60.506925 -2.117676 49.907773 49.935763 58.031086 -9999.0 -9999.0 -9999.0 -9999.0 -9999.0 -9999.0 -9999.0
-9999.0 -9999.0 -9999.0 -9999.0 -9999.0 -9999.0 -9999.0 -9999.0 56.995559 57.521555 49.870300 49.903132 49.625688 58.620806 57.968060 58.326440 60.275804 -9999.0 -9999.0 -9999.0 -9999.0 -9999.0 -9999.0 -9999.0 -9999.0 -9999.0 -9999.0 -9999.0 -9999.0 -9999.0 -9999.0 -9999.0 -9999.0 57.478984 57.073424 57.172242 56.362785 49.783706 61.879882 56.383125 58.328802 56.178262 58.101057 60.130411 49.675022 61.570894 61.037607 60.425548 49.764041 49.763141 57.127468 57.346605 59.705000 57.923205 -9999.0 -9999.0 -9999.0 -9999.0 -9999.0 -9999.0
-9999.0 -9999.0 -9999.0 -9999.0 -9999.0 -9999.0 -9999.0 -9999.0 58.725548 66.480954 56.972981 56.495325 49.589060 49.831042 60.623370 56.739602 59.535142 57.278742 -9999.0 -9999.0 -9999.0 -9999.0 -9999.0 -9999.0 -9999.0 -9999.0 -9999.0 -9999.0 -9999.0 -9999.0 -9999.0 56.537257 56.451296 59.842227 59.292292 59.132154 56.961032 49.714366 62.945473 58.571599 59.679486 58.307510 60.550285 49.785734 49.845330 63.920454 62.332486 49.872804 49.784302 57.589495 57.186616 59.172628 61.460156 60.047739 -9999.0 -9999.0 -9999.0 -9999.0 -9999.0 -9999.0
-9999.0 -9999.0 -9999.0 -9999.0 -9999.0 -9999.0 -9999.0 56.377577 56.167728 57.150487 61.780363 56.663426 58.002852 49.776240 49.809920 61.230136 58.085292 57.437315 -9999.0 -9999.0 -9999.0 -9999.0 -9999.0 -9999.0 -9999.0 -9999.0 -9999.0 -9999.0 -9999.0 -9999.0 56.525787 56.397506 58.503237 63.100954 61.929018 60.903240 59.167721 49.676574 49.797501 60.982637 62.263539 60.923892 63.119890 49.927764 59.111195 66.066432 50.020246 49.823930 57.368276 59.632859 59.647021 61.400098 62.661797 60.605813 -9999.0 -9999.0 -9999.0 -9999.0 -9999.0 -9999.0
-9999.0 -9999.0 -9999.0 -9999.0 56.306497 56.917909 56.718273 56.727234 57.589873 60.599102 56.853051 61.976458 56.256762 58.968394 50.149856 63.091923 58.847531 56.912767 58.295451 -9999.0 -9999.0 -9999.0 -9999.0 -9999.0 -9999.0 -9999.0 -9999.0 -9999.0 49.957502 49.914256 -0.827696 58.856184 59.332711 65.569867 62.351955 63.995319 62.271090 49.814221 49.825320 63.210138 64.447758 50.042913 50.047072 -4.283543 61.013302 50.057941 49.910530 57.566456 59.796410 60.995255 61.016545 61.176686 64.875041 57.053441 -9999.0 -9999.0 -9999.0 -9999.0 -9999.0 -9999.0
-9999.0 -9999.0 -9999.0 -9999.0 56.301551 58.836908 58.302550 57.696843 55.761878 64.360024 59.163387 56.266573 64.291438 65.424480 50.190632 56.948957 57.573428 56.591286 58.174211 56.149066 56.737241 58.072271 57.727561 57.004247 -9999.0 -9999.0 57.756889 60.133001 61.354244 62.936431 49.862927 49.833993 50.027213 61.413814 67.588003 72.978876 67.108591 50.059512 49.948938 65.920563 50.046567 49.929344 57.055398 58.606424 62.832790 49.890513 57.928213 59.372196 62.018385 50.022582 50.085185 50.076648 50.026684 49.993238 -9999.0 -9999.0 -9999.0 -9999.0 -9999.0 -9999.0
-9999.0 -9999.0 -9999.0 -9999.0 -9999.0 49.947686 49.918393 56.487984 59.793196 63.604723 60.545539 55.967082 58.032617 57.364415 49.967181 49.880924 55.991492 62.254950 59.042051 57.590223 56.518466 58.594000 60.401332 56.098428 57.229855 57.636904 58.659311 58.808013 56.629079 56.912042 58.923792 62.105987 50.002800 49.984257 50.108012 50.278583 49.993231 49.960530 50.087161 50.102009 49.965626 61.122233 57.820863 60.249215 63.959217 49.955881 49.943882 49.940532 49.602617 49.309380 57.569477 55.839985 56.707374 56.860779 -9999.0 -9999.0 -9999.0 -9999.0 -9999.0 -9999.0
-9999.0 -9999.0 -9999.0 -9999.0 -9999.0 56.165115 49.645172 49.816505 49.931917 49.954384 50.074374 -2.806191 59.716095 60.848602 58.308504 50.012676 57.895024 63.834704 63.278723 56.716520 58.662299 59.321883 61.736513 56.917933 58.078389 59.008274 57.987528 57.169194 61.707159 56.363965 56.642563 60.150076 50.019626 49.860502 59.569866 59.140038 57.391613 59.089939 60.625848 61.841543 50.061024 50.079804 63.519537 50.029248 49.966603 49.462925 55.672225 59.642837 57.316895 55.272205 55.757135 56.846936 -9999.0 -9999.0 -9999.0 -9999.0 -9999.0 -9999.0 -9999.0 -9999.0
-9999.0 -9999.0 -9999.0 -9999.0 -9999.0 56.180464 56.816285 58.202280 56.504667 56.404805 56.943900 49.846296 49.871133 57.795358 64.078733 49.983249 57.391347 65.347950 64.802642 59.549207 65.318784 62.814291 49.759350 49.900296 60.302768 59.315797 56.766408 55.820278 55.864146 61.765592 59.308996 50.010239 49.930382 56.500814 56.792979 57.605124 56.830340 56.933235 56.973859 57.270244 58.346942 50.027565 49.937134 49.793750 56.295826 55.329864 55.721627 57.765836 56.856234 56.444152 56.789983 -9999.0 -9999.0 -9999.0 -9999.0 -9999.0 -9999.0 -9999.0 -9999.0 -9999.0
-9999.0 -9999.0 -9999.0 -9999.0 -9999.0 58.494193 61.117248 62.082807 66.238555 67.775293 72.290123 74.941394 50.216244 49.997611 63.436709 49.941147 57.749057 68.058368 66.377559 60.858159 50.313682 49.876310 49.857876 65.357936 63.231105 58.451226 56.687628 59.216171 63.005275 49.958438 50.074864 50.132525 59.660078 56.395183 58.432459 59.859530 57.184801 57.071267 57.104986 58.329386 60.196655 50.042163 49.933089 56.834590 56.278732 56.614977 57.334923 56.326648 56.427275 59.478212 56.341242 -9999.0 -9999.0 -9999.0 -9999.0 -9999.0 -9999.0 -9999.0 -9999.0 -9999.0
-9999.0 -9999.0 -9999.0 -9999.0 -9999.0 -9999.0 57.373483 59.913779 61.727016 64.690773 58.984991 57.856133 69.984118 50.117910 49.987969 50.129563 50.056141 50.148031 50.149488 49.940274 49.945294 57.247561 67.562352 59.803115 57.695905 57.762666 57.823082 61.535002 50.034376 50.206202 61.320008 61.192729 55.942089 56.859830 60.206416 62.502519 66.017144 65.897612 59.579518 59.894286 58.748156 50.007504 49.941643 57.129746 58.177073 57.273938 59.916237 59.283517 56.744530 60.322512 56.212620 -9999.0 -9999.0 -9999.0 -9999.0 -9999.0 -9999.0 -9999.0 -9999.0 -9999.0
-9999.0 -9999.0 -9999.0 -9999.0 -9999.0 -9999.0 -9999.0 57.630344 59.417667 57.341081 57.877566 65.271434 56.776991 57.102932 57.038801 57.111045 58.174138 49.962808 49.981657 56.858220 60.842199 68.303963 57.804777 56.758609 56.537341 49.900419 50.062381 56.982127 63.357642 62.832174 59.172834 56.681603 56.059258 56.794053 57.427686 60.200867 61.695379 63.474154 73.006125 75.132254 77.675162 77.908537 50.258863 62.562001 56.576111 63.233873 57.843775 61.629797 63.526507 49.816499 56.932520 -9999.0 -9999.0 -9999.0 -9999.0 -9999.0 -9999.0 -9999.0 -9999.0 -9999.0
-9999.0 -9999.0 -9999.0 -9999.0 -9999.0 -9999.0 -9999.0 58.634730 61.335781 63.498938 62.067129 58.219992 56.922981 56.711656 57.445981 57.303989 57.877968 60.555419 50.078252 57.949650 72.896086 56.708318 49.959934 49.913859 49.942169 49.966006 57.652889 56.765350 62.864757 61.513792 57.669452 56.959781 56.358916 57.079334 57.273873 56.720829 57.515845 60.028269 61.143491 57.830039 58.925393 62.251048 50.055540 50.133757 65.063053 56.905705 50.002622 50.116870 49.916469 49.989397 57.546323 -9999.0 -9999.0 -9999.0 -9999.0 -9999.0 -9999.0 -9999.0 -9999.0 -9999.0
-9999.0 -9999.0 -9999.0 -9999.0 -9999.0 -9999.0 -9999.0 -9999.0 -9999.0 57.549685 57.248218 58.051108 59.586755 61.044396 66.300825 68.186805 69.643736 69.329479 50.159287 50.017730 50.251051 49.941064 49.873758 56.832063 56.650715 55.904121 56.568361 57.317225 60.400840 60.446434 49.928303 49.919083 58.372350 61.442143 59.666214 57.766595 60.339166 61.394267 64.147675 70.389189 50.163269 50.001890 49.942181 49.991493 49.978037 49.924057 49.924234 57.171147 57.485410 60.364925 58.329654 57.491820 -9999.0 -9999.0 -9999.0 -9999.0 -9999.0 -9999.0 -9999.0 -9999.0
-9999.0 -9999.0 -9999.0 -9999.0 -9999.0 -9999.0 -9999.0 -9999.0 -9999.0 58.369624 62.783636 65.576559 67.468918 72.936544 74.131119 74.213738 73.489404 75.507564 76.106606 50.263789 57.548214 56.441655 56.291728 56.549525 57.064199 60.811788 59.643690 57.135834 57.159586 57.387938 57.319565 49.847146 49.833241 50.093939 50.002698 49.994465 57.023731 57.928515 49.989783 49.981175 49.976563 57.504098 57.486746 49.991179 50.019690 57.834137 59.330264 59.812519 60.835151 57.981812 50.078531 50.099005 59.723238 -9999.0 -9999.0 -9999.0 -9999.0 -9999.0 -9999.0 -9999.0
-9999.0 -9999.0 -9999.0 -9999.0 -9999.0 -9999.0 -9999.0 -9999.0 -9999.0 -9999.0 49.976672 56.687969 56.607733 57.350848 56.713236 57.377856 57.416526 57.474427 57.812968 50.072897 57.176354 56.709609 56.843798 60.099320 61.499787 56.611308 56.250996 56.185486 57.437525 57.492607 56.800169 57.865722 59.083259 58.109352 60.448728 50.020135 50.120251 50.131886 50.076426 57.320452 57.466241 58.497524 60.366373 62.739050 54.909907 49.968671 50.026191 50.038339 49.969971 50.084049 49.996076 58.899406 58.107439 -9999.0 -9999.0 -9999.0 -9999.0 -9999.0 -9999.0 -9999.0
-9999.0 -9999.0 -9999.0 -9999.0 -9999.0 -9999.0 -9999.0 -9999.0 -9999.0 -9999.0 -9999.0 56.765621 56.543992 56.589380 57.128564 49.990592 50.010030 50.001095 50.014962 50.067459 60.016896 58.607510 56.861275 64.521298 59.134145 58.877996 58.731360 56.768000 58.957888 58.616253 56.454363 59.921659 57.807490 57.660543 60.234879 65.805473 60.053147 63.166460 57.912264 56.792467 60.087975 62.585104 64.001228 64.924899 50.125452 49.929125 49.904641 57.886180 57.466207 58.271066 56.963400 57.459535 -9999.0 -9999.0 -9999.0 -9999.0 -9999.0 -9999.0 -9999.0 -9999.0
-9999.0 -9999.0 -9999.0 -9999.0 -9999.0 -9999.0 -9999.0 -9999.0 -9999.0 -9999.0 -9999.0 57.868887 61.821386 50.245357 50.021208 49.892982 49.927766 58.599378 50.061368 50.052665 49.986772 49.945348 50.079914 50.052585 49.973595 49.985523 58.653888 57.442698 57.469889 60.046169 61.625061 63.470909 59.214945 57.898045 58.208428 57.405366 56.907514 57.310879 57.373642 57.174680 57.388052 59.617626 63.264082 63.948253 50.084706 -11.470190 56.508812 57.736123 56.974239 57.056140 60.748609 57.678376 58.271512 -9999.0 -9999.0 -9999.0 -9999.0 -9999.0 -9999.0 -9999.0
-9999.0 -9999.0 -9999.0 -9999.0 -9999.0 -9999.0 -9999.0 -9999.0 -9999.0 -9999.0 -9999.0 58.224512 62.398127 49.942723 57.504444 58.922765 57.437341 62.692091 59.618903 61.099650 50.054957 49.865462 57.058890 58.415004 57.053400 49.934898 56.652097 58.778870 60.813098 57.199156 65.064437 62.894661 57.838786 50.078680 59.635130 58.476713 58.948991 60.971323 57.981152 58.278061 57.748732 59.730224 61.798652 65.158206 65.906156 50.027380 58.106739 69.677798 68.787308 67.002524 60.732905 57.675581 60.041060 57.883712 57.757481 56.471019 49.933345 57.548357 -9999.0 -9999.0
-9999.0 -9999.0 -9999.0 -9999.0 -9999.0 -9999.0 -9999.0 -9999.0 -9999.0 -9999.0 -9999.0 58.657260 56.375781 57.175482 57.011504 57.803708 58.754800 56.826816 56.916345 57.300802 50.074870 60.587921 56.733524 60.948253 57.270050 49.950006 62.805885 58.828733 61.572278 56.787514 60.299930 68.091992 50.075655 50.198983 60.529934 59.576103 60.271983 62.409187 64.470247 61.307771 56.969393 57.744246 60.496486 62.939762 65.288198 50.337743 71.109397 57.337260 57.347467 57.427625 57.260474 58.097922 61.078081 61.380871 60.603526 56.372898 49.765191 59.506500 57.235731 56.563155
-9999.0 -9999.0 -9999.0 -9999.0 -9999.0 -9999.0 -9999.0 -9999.0 -9999.0 -9999.0 -9999.0 57.632061 56.477144 56.391333 56.441057 56.427164 56.620685 56.632269 56.736954 57.653235 50.031812 49.986476 50.083170 49.991514 50.033976 50.210411 60.504480 58.942239 56.760732 61.211650 63.538486 50.121914 50.076221 60.310209 60.968798 62.187721 59.433877 61.293222 62.922353 50.308557 50.091056 50.006101 49.975273 49.994073 49.931210 50.057898 62.181398 59.336038 59.862387 60.273392 58.102170 67.068078 59.380591 63.839287 61.519387 57.280250 49.913048 49.910434 61.981970 59.683898
-9999.0 -9999.0 -9999.0 -9999.0 -9999.0 -9999.0 -9999.0 -9999.0 -9999.0 -9999.0 -9999.0 58.256708 59.947430 63.168736 66.161482 67.571102 69.394198 70.461333 73.493337 70.861424 60.262824 49.968340 50.044048 65.635538 58.890075 60.161695 58.349919 57.034649 56.897291 60.688357 50.167974 50.039350 59.896695 58.423989 56.577695 57.824706 57.326007 57.506707 57.591154 57.244675 56.936248 58.726139 58.835298 58.117123 61.138590 50.032494 50.259868 73.521344 73.607629 72.303939 70.654211 59.676378 59.269419 65.646985 57.877491 62.900616 62.059242 49.966270 50.016451 61.920598
-9999.0 -9999.0 -9999.0 -9999.0 -9999.0 -9999.0 -9999.0 -9999.0 -9999.0 -9999.0 -9999.0 -9999.0 58.315273 61.932934 64.097909 67.020849 68.562840 69.136144 70.723325 70.282392 50.346519 50.002457 60.721743 57.514898 62.552015 62.689810 59.171910 57.523609 59.358955 61.377010 50.034125 57.444884 56.583305 56.898017 57.232513 57.624713 56.878591 59.535403 62.002432 59.262816 58.152499 57.106298 57.782108 60.114233 62.388282 65.398959 50.189605 64.294521 64.987490 61.891713 58.630346 58.391002 62.323296 67.434416 57.693419 59.912804 66.490125 58.725724 33.713690 50.036012
-9999.0 -9999.0 -9999.0 -9999.0 -9999.0 -9999.0 -9999.0 -9999.0 -9999.0 -9999.0 -9999.0 -9999.0 56.757480 56.372245 56.101658 56.254066 57.563924 60.478625 62.158737 63.768956 50.155627 61.158162 57.768233 57.755704 58.264476 58.194390 57.618195 57.773902 59.312552 50.085348 50.149253 63.643163 62.268904 60.737853 58.848820 58.837915 61.846393 66.120766 67.992458 60.712930 58.158714 58.473657 57.239635 57.858967 60.859303 62.316103 50.125169 59.493998 58.658196 58.214978 59.629598 58.349539 64.115324 67.462820 59.260435 60.265234 62.479989 69.139660 59.045509 49.982887
-9999.0 -9999.0 -9999.0 -9999.0 -9999.0 -9999.0 -9999.0 -9999.0 -9999.0 -9999.0 -9999.0 57.499199 57.216947 57.375590 57.255573 60.438091 62.192498 63.431474 65.017250 67.219854 50.206945 57.535107 56.943143 58.181501 57.807897 61.550234 60.824443 60.469936 58.333753 50.191853 67.060917 66.065450 64.044069 60.152306 58.138111 58.554395 60.320140 62.176591 64.344198 72.080741 60.541566 61.087601 57.082641 60.485761 60.381502 58.011122 54.835781 59.398043 58.580220 59.304366 58.211201 57.746160 60.363638 50.249567 61.086742 57.726743 62.460755 66.612769 71.445181 49.971993
