geotop/1.0zi/1.0Montebello/Templates/Duarrigle2006/maps/PSITOTL0001N0036.asc
ncols         76
nrows         123
xllcorner     110555.058093
yllcorner     85388.025579
cellsize      200.000000
NODATA_value  -9999.0
[rows 0 to 26 of 123, columns 0 to 59 of 76]
-9999.0 -9999.0 -9999.0 -9999.0 -9999.0 -9999.0 -9999.0 -9999.0 -9999.0 -9999.0 -9999.0 -9999.0 -9999.0 -9999.0 -9999.0 -9999.0 -9999.0 -9999.0 -9999.0 -9999.0 -9999.0 -9999.0 -9999.0 -9999.0 -9999.0 -9999.0 -9999.0 -9999.0 -9999.0 -9999.0 -9999.0 -9999.0 -9999.0 -9999.0 -9999.0 -9999.0 -9999.0 -9999.0 -9999.0 -9999.0 -9999.0 -9999.0 -9999.0 -9999.0 -9999.0 -9999.0 -9999.0 -9999.0 -9999.0 -9999.0 -9999.0 -9999.0 -9999.0 -9999.0 -9999.0 -9999.0 -9999.0 -9999.0 -9999.0 -9999.0
-9999.0 -9999.0 -9999.0 -9999.0 -9999.0 -9999.0 -9999.0 -9999.0 -9999.0 -9999.0 -9999.0 -9999.0 -9999.0 -9999.0 -9999.0 -9999.0 -9999.0 -9999.0 -9999.0 -9999.0 -9999.0 -9999.0 -9999.0 -9999.0 -9999.0 -9999.0 -9999.0 -9999.0 -9999.0 -9999.0 -9999.0 -9999.0 -9999.0 -9999.0 -9999.0 -9999.0 -9999.0 62.799792 62.640713 -9999.0 -9999.0 -9999.0 -9999.0 61.334831 61.702818 61.730218 61.573803 61.571052 62.050163 61.261796 62.631371 61.982957 -9999.0 -9999.0 -9999.0 -9999.0 -9999.0 -9999.0 -9999.0 -9999.0
-9999.0 -9999.0 -9999.0 -9999.0 -9999.0 -9999.0 -9999.0 -9999.0 -9999.0 -9999.0 -9999.0 61.663184 61.526127 61.978522 61.842370 62.130777 62.441279 -9999.0 -9999.0 -9999.0 -9999.0 -9999.0 -9999.0 -9999.0 -9999.0 -9999.0 -9999.0 -9999.0 -9999.0 -9999.0 -9999.0 -9999.0 -9999.0 -9999.0 -9999.0 -9999.0 61.303559 50.028763 64.707631 60.969927 62.342637 61.148826 60.658028 61.570599 49.925147 63.942694 63.891805 63.970349 66.095466 49.719292 49.996861 49.975824 62.783893 -9999.0 -9999.0 -9999.0 -9999.0 -9999.0 -9999.0 -9999.0
-9999.0 -9999.0 -9999.0 -9999.0 -9999.0 -9999.0 -9999.0 -9999.0 61.712611 62.267845 49.910457 49.999677 49.720754 63.651615 62.919139 63.264678 65.327885 -9999.0 -9999.0 -9999.0 -9999.0 -9999.0 -9999.0 -9999.0 -9999.0 -9999.0 -9999.0 -9999.0 -9999.0 -9999.0 -9999.0 -9999.0 -9999.0 62.223459 61.801230 61.907623 61.035965 49.860142 67.470700 61.086575 63.258867 60.868206 63.255867 65.850971 49.682887 66.781445 66.227121 65.544224 49.844363 49.819639 61.865254 62.090714 64.660259 62.675908 -9999.0 -9999.0 -9999.0 -9999.0 -9999.0 -9999.0
-9999.0 -9999.0 -9999.0 -9999.0 -9999.0 -9999.0 -9999.0 -9999.0 63.464515 72.594020 61.693789 61.196350 49.646904 49.939632 65.857328 61.459813 64.276050 62.014301 -9999.0 -9999.0 -9999.0 -9999.0 -9999.0 -9999.0 -9999.0 -9999.0 -9999.0 -9999.0 -9999.0 -9999.0 -9999.0 61.214968 61.124483 64.919201 64.415068 64.212317 61.695486 49.782250 68.182159 63.718950 64.775693 63.468105 65.899395 49.881678 49.885446 68.883481 67.310293 49.945564 49.790147 62.340575 61.928817 64.207194 66.445523 65.042779 -9999.0 -9999.0 -9999.0 -9999.0 -9999.0 -9999.0
-9999.0 -9999.0 -9999.0 -9999.0 -9999.0 -9999.0 -9999.0 61.037703 60.806991 61.882952 66.438482 61.377493 63.050861 49.849134 49.893251 66.562796 63.008301 62.179475 -9999.0 -9999.0 -9999.0 -9999.0 -9999.0 -9999.0 -9999.0 -9999.0 -9999.0 -9999.0 -9999.0 -9999.0 61.200491 61.070306 63.654644 68.808075 67.091062 66.006252 64.253882 49.698002 49.876598 66.222832 67.436536 66.209210 68.322375 49.935422 63.829423 70.590555 50.090632 49.829779 62.114413 64.644410 64.730329 66.519021 67.483152 65.473784 -9999.0 -9999.0 -9999.0 -9999.0 -9999.0 -9999.0
-9999.0 -9999.0 -9999.0 -9999.0 60.958084 61.638206 61.427803 61.444418 62.650191 66.321534 61.580295 66.713579 60.958139 64.151618 50.334491 68.985540 63.854124 61.626077 63.046071 -9999.0 -9999.0 -9999.0 -9999.0 -9999.0 -9999.0 -9999.0 -9999.0 -9999.0 49.997639 49.921134 49.877158 64.061111 64.590114 71.486033 67.161297 69.041184 67.455545 49.820029 49.833190 68.284888 69.394372 50.164584 50.116751 50.002335 65.818075 50.120025 49.916368 62.316650 64.864026 65.975710 66.029016 65.966690 70.054884 61.776501 -9999.0 -9999.0 -9999.0 -9999.0 -9999.0 -9999.0
-9999.0 -9999.0 -9999.0 -9999.0 60.955221 64.261023 63.399622 62.672084 60.396968 70.670225 64.273636 60.934299 69.055594 69.813061 50.313896 61.683896 62.505187 61.298701 62.929161 60.785423 61.435517 62.824989 62.478247 61.722361 -9999.0 -9999.0 62.507958 65.166387 66.287429 68.304033 49.960318 49.841860 50.182731 66.643770 72.981042 78.246767 71.881604 50.106902 49.954751 70.638342 50.123035 49.935172 61.778345 63.349386 67.556002 49.896316 62.681229 64.361186 67.045352 50.111348 50.269838 50.229306 50.171570 50.033358 -9999.0 -9999.0 -9999.0 -9999.0 -9999.0 -9999.0
-9999.0 -9999.0 -9999.0 -9999.0 -9999.0 50.051528 50.085303 61.181975 65.032739 69.434852 65.634758 60.597041 63.141781 62.112411 50.025209 50.053019 60.648901 68.019659 64.370885 62.572539 61.226979 63.462238 65.846630 60.737651 61.966837 62.386116 63.399716 63.572205 61.323627 61.637825 64.021310 67.346294 50.067064 49.992124 50.222639 50.446737 50.051648 50.000659 50.197211 50.159418 49.971484 66.347780 62.574680 65.126441 68.468532 49.963811 50.072897 50.133040 49.690663 49.454062 62.588126 60.494069 61.420424 61.568053 -9999.0 -9999.0 -9999.0 -9999.0 -9999.0 -9999.0
-9999.0 -9999.0 -9999.0 -9999.0 -9999.0 60.805636 49.653063 49.824342 50.007978 50.060491 50.233930 49.723390 65.105607 66.262721 63.057277 50.128012 62.647836 69.169484 69.373053 61.446499 63.800194 64.262590 67.457545 61.654007 63.007732 63.971131 62.740387 61.902798 67.174877 61.038203 61.358643 65.368335 50.080881 49.918471 64.756788 64.127504 62.138312 64.226542 65.851932 67.069904 50.141065 50.165293 68.465768 50.094361 50.096831 49.609424 60.324533 65.010706 62.292065 59.821017 60.337859 61.554856 -9999.0 -9999.0 -9999.0 -9999.0 -9999.0 -9999.0 -9999.0 -9999.0
-9999.0 -9999.0 -9999.0 -9999.0 -9999.0 60.824169 61.542578 63.191106 61.189475 61.078222 61.669271 49.905035 49.936878 62.547810 69.402740 49.994477 62.132622 70.382919 70.352913 64.684054 71.319753 68.243505 49.799468 50.068199 65.349698 64.245954 61.466552 60.418354 60.492343 66.845604 64.571888 50.077903 50.032789 61.200452 61.508402 62.355079 61.543093 61.654020 61.697786 62.010030 63.097109 50.965465 49.942995 49.896516 60.988826 59.865664 60.289795 62.516987 61.568128 61.123868 61.493750 -9999.0 -9999.0 -9999.0 -9999.0 -9999.0 -9999.0 -9999.0 -9999.0 -9999.0
-9999.0 -9999.0 -9999.0 -9999.0 -9999.0 63.239513 66.671338 67.301648 72.168607 73.492989 78.597363 80.845574 50.312803 50.053464 68.135228 49.981307 62.500754 73.233409 71.509913 65.886083 50.626360 49.884163 49.865766 70.931141 68.671380 63.197897 61.383434 64.412364 68.993236 50.082035 50.173607 50.309347 64.856638 61.060790 63.179768 64.746740 61.918122 61.798654 61.834915 63.079385 65.114224 50.498515 49.988716 61.558871 60.943629 61.317966 62.081789 60.993675 61.104993 64.682177 61.004329 -9999.0 -9999.0 -9999.0 -9999.0 -9999.0 -9999.0 -9999.0 -9999.0 -9999.0
-9999.0 -9999.0 -9999.0 -9999.0 -9999.0 -9999.0 62.115781 65.009349 66.746006 70.117922 64.001360 62.608732 75.294923 50.247963 50.059039 50.250595 50.153187 50.230279 50.269470 49.951487 49.953179 61.983631 73.199166 64.821334 62.446996 62.513505 62.575251 67.134280 50.204927 50.414655 66.404879 67.084597 60.575752 61.572541 65.457312 67.589290 71.352165 71.030536 64.715040 65.044368 63.485056 50.056948 50.001546 61.871710 63.223132 62.019484 65.411384 64.542167 61.468350 65.790244 60.866691 -9999.0 -9999.0 -9999.0 -9999.0 -9999.0 -9999.0 -9999.0 -9999.0 -9999.0
-9999.0 -9999.0 -9999.0 -9999.0 -9999.0 -9999.0 -9999.0 62.380184 64.415539 62.081309 62.630191 70.556091 61.482511 61.834708 61.769060 61.846101 62.924719 49.970676 49.989518 61.567691 66.005350 73.376746 62.557491 61.478610 61.238515 49.921861 50.147380 61.701999 68.808862 67.608637 64.165640 61.393146 60.678757 61.498140 62.173627 65.288535 66.650613 68.263569 78.366989 80.132107 82.403225 81.529002 50.315916 68.066542 61.275359 69.124865 62.596664 66.859889 69.472742 49.920294 61.651300 -9999.0 -9999.0 -9999.0 -9999.0 -9999.0 -9999.0 -9999.0 -9999.0 -9999.0
-9999.0 -9999.0 -9999.0 -9999.0 -9999.0 -9999.0 -9999.0 63.377063 66.231278 68.202712 66.424548 62.971169 61.634543 61.405782 62.189824 62.043798 62.630769 65.564045 50.176284 62.702497 78.339849 61.409320 50.042840 49.976956 50.075242 50.061498 62.402333 61.469437 68.330039 66.425812 62.419022 61.672527 61.016583 61.810367 62.014218 61.424483 62.264329 65.087047 66.080932 62.582049 63.655473 67.069589 50.108637 50.279982 70.584851 61.622290 50.109854 50.260216 49.924350 50.112455 62.292752 -9999.0 -9999.0 -9999.0 -9999.0 -9999.0 -9999.0 -9999.0 -9999.0 -9999.0
-9999.0 -9999.0 -9999.0 -9999.0 -9999.0 -9999.0 -9999.0 -9999.0 -9999.0 62.295598 61.982944 62.803718 64.520187 66.307453 72.494472 73.877703 74.446850 73.354392 50.220148 50.072742 50.414095 50.020653 49.972946 61.554347 61.353036 60.500308 61.251901 62.057670 65.590689 65.569612 49.949725 49.926947 63.415811 67.241748 64.760701 62.519234 65.600327 66.402748 69.030714 75.626873 50.259835 50.060299 49.982568 52.294022 50.041594 49.935277 49.932120 61.902272 62.230121 65.450663 63.079349 62.235693 -9999.0 -9999.0 -9999.0 -9999.0 -9999.0 -9999.0 -9999.0 -9999.0
-9999.0 -9999.0 -9999.0 -9999.0 -9999.0 -9999.0 -9999.0 -9999.0 -9999.0 63.118969 68.229985 71.135319 72.991165 79.537039 79.124892 78.381239 76.979807 78.257691 78.029402 50.313355 62.297690 61.121099 60.950981 61.236434 61.793165 65.844296 64.777694 61.865421 61.887085 62.129975 62.061587 49.906707 49.841095 50.277777 50.073747 50.103028 61.748021 62.681371 50.044845 50.040720 50.090903 62.252292 62.234953 50.049582 50.075538 62.588053 64.419332 64.879174 65.718797 62.734661 50.207254 50.212432 64.404427 -9999.0 -9999.0 -9999.0 -9999.0 -9999.0 -9999.0 -9999.0
-9999.0 -9999.0 -9999.0 -9999.0 -9999.0 -9999.0 -9999.0 -9999.0 -9999.0 -9999.0 50.016771 61.384443 61.301732 62.093769 61.417382 62.119366 62.157839 62.217956 62.565020 50.176160 61.915051 61.412161 61.556607 65.264208 66.390009 61.310002 60.922932 60.846674 62.185792 62.242231 61.516458 62.618603 63.992675 62.861242 65.412286 50.084949 50.221389 50.264831 50.255293 62.064111 62.213556 63.243831 65.265326 67.612229 60.464960 50.044221 50.163984 50.142882 49.981213 50.214104 50.044824 63.630585 62.860138 -9999.0 -9999.0 -9999.0 -9999.0 -9999.0 -9999.0 -9999.0
-9999.0 -9999.0 -9999.0 -9999.0 -9999.0 -9999.0 -9999.0 -9999.0 -9999.0 -9999.0 -9999.0 61.465165 61.226394 61.278929 61.861819 50.087259 50.078794 50.060810 50.130325 50.978046 65.263738 63.677553 61.577720 69.903034 64.307098 64.084169 63.942918 61.479625 63.929003 63.539839 61.138819 65.119064 62.559553 62.410895 65.281206 71.767463 65.257161 68.854744 62.665165 61.500638 65.254610 67.652395 68.704050 69.276058 52.558876 49.940446 49.953960 62.640127 62.211175 63.021738 61.681098 62.202502 -9999.0 -9999.0 -9999.0 -9999.0 -9999.0 -9999.0 -9999.0 -9999.0
-9999.0 -9999.0 -9999.0 -9999.0 -9999.0 -9999.0 -9999.0 -9999.0 -9999.0 -9999.0 -9999.0 62.621220 67.437677 50.556155 50.105474 49.933126 50.018755 63.341244 50.171210 50.126798 50.068284 50.069074 50.182928 50.203759 50.054229 50.144292 63.735775 62.189271 62.217580 65.070138 66.858506 69.243675 64.167495 62.650871 62.960380 62.147721 61.624730 62.050456 62.113056 61.902938 62.133581 64.684388 68.376972 68.577032 50.150045 -14.236166 61.193479 62.488787 61.696987 61.784549 66.135896 62.428665 63.022312 -9999.0 -9999.0 -9999.0 -9999.0 -9999.0 -9999.0 -9999.0
-9999.0 -9999.0 -9999.0 -9999.0 -9999.0 -9999.0 -9999.0 -9999.0 -9999.0 -9999.0 -9999.0 62.976040 67.929729 50.090886 62.252475 64.002861 62.185971 68.303404 64.807678 66.346910 50.118847 49.871320 61.785187 63.162234 61.778701 50.015945 61.355343 63.742514 65.907776 61.935494 70.696889 67.921383 62.591450 50.228740 64.498675 63.223072 63.678446 65.810923 62.733923 63.028796 62.500331 64.738015 66.813194 69.990549 70.205986 50.120031 62.860296 75.382560 74.352650 72.838478 65.788099 62.426857 64.971540 62.636236 62.508707 61.145329 49.973485 62.294991 -9999.0 -9999.0
-9999.0 -9999.0 -9999.0 -9999.0 -9999.0 -9999.0 -9999.0 -9999.0 -9999.0 -9999.0 -9999.0 63.578175 61.051575 61.910889 61.733947 62.557499 63.649749 61.538735 61.634483 62.043713 51.884074 65.792345 61.438656 66.307590 62.007765 50.015049 68.272569 63.561944 66.407480 61.492915 65.443795 73.342493 50.171773 50.400415 65.263581 64.266783 64.906064 67.023203 69.325839 66.580671 61.689660 62.497718 65.529069 67.849050 69.849097 50.484793 75.901330 62.078182 62.088646 62.172157 61.999554 62.850780 65.958095 66.414774 65.655668 61.051121 49.832978 64.545346 61.972366 61.243599
-9999.0 -9999.0 -9999.0 -9999.0 -9999.0 -9999.0 -9999.0 -9999.0 -9999.0 -9999.0 -9999.0 62.381023 61.151567 61.059819 61.117990 61.107449 61.319154 61.328985 61.443235 62.405753 50.142590 50.051521 50.250348 50.051968 50.100557 50.438910 65.336781 63.671864 61.460155 65.839402 69.172028 50.195391 50.177976 65.611302 65.556895 67.224307 64.134020 66.052671 67.582708 50.563238 50.217753 50.118507 50.064530 50.085349 49.939143 50.114444 67.325824 64.390228 64.941559 65.406646 62.855398 72.740256 64.083624 68.579631 66.369359 62.019953 50.013841 49.974302 67.767455 64.765669
-9999.0 -9999.0 -9999.0 -9999.0 -9999.0 -9999.0 -9999.0 -9999.0 -9999.0 -9999.0 -9999.0 63.007720 64.878014 68.788148 71.996678 73.264191 74.981623 75.764030 78.602055 75.380605 64.897505 49.976272 50.128608 70.441274 63.621500 65.080432 63.099159 61.755704 61.614105 65.978217 50.317767 50.144347 65.101625 63.407967 61.265552 62.576563 62.063723 62.252312 62.338550 61.977872 61.651347 63.574170 63.897428 62.869663 66.106585 50.092844 50.372962 78.188144 78.493672 77.512893 75.806777 64.359693 63.981197 69.964942 62.629908 67.646851 67.205617 49.972085 50.089628 66.987313
-9999.0 -9999.0 -9999.0 -9999.0 -9999.0 -9999.0 -9999.0 -9999.0 -9999.0 -9999.0 -9999.0 -9999.0 63.065406 67.495038 69.887832 72.997608 74.319815 74.019330 74.999867 73.867604 50.465229 50.066528 65.782037 62.261847 67.018178 67.446594 63.888984 62.271249 64.488680 66.626781 50.092640 62.191227 61.273204 61.611861 61.964801 62.372208 61.591256 64.618593 67.112469 63.974955 62.904963 61.833706 62.535615 65.130941 67.355651 70.086759 50.305126 68.791734 70.040747 66.613669 63.373155 63.140929 67.083782 71.304891 62.444675 64.906335 71.492383 63.463714 49.978610 50.099463
-9999.0 -9999.0 -9999.0 -9999.0 -9999.0 -9999.0 -9999.0 -9999.0 -9999.0 -9999.0 -9999.0 -9999.0 61.454603 61.034660 60.738275 60.919440 62.315455 65.539286 67.070838 68.463341 50.269027 66.210935 62.521301 62.507812 63.016684 62.947198 62.368676 62.527161 64.329402 50.190607 50.282004 68.254836 67.045584 65.591299 63.582669 63.572263 67.151521 71.858010 73.787508 65.498086 62.911781 63.220390 61.976932 62.613022 65.880109 67.144510 50.245348 64.324960 63.399657 62.967775 64.317675 63.100398 69.080962 70.978977 63.971891 65.316759 67.502955 74.034049 63.768479 49.990750
-9999.0 -9999.0 -9999.0 -9999.0 -9999.0 -9999.0 -9999.0 -9999.0 -9999.0 -9999.0 -9999.0 62.244330 61.953445 62.120075 61.997229 65.563989 67.135341 68.119927 69.445900 72.030288 50.329428 62.284957 61.660921 62.934763 62.560929 66.810762 65.906474 65.506066 63.084073 50.350695 72.623190 71.763797 69.699706 65.116787 62.890556 63.298659 65.211398 67.043138 69.031916 77.900022 65.507167 66.002894 61.811446 65.640863 65.223949 62.765037 65.040761 64.236238 63.324742 64.014702 62.964182 62.498162 65.294406 50.389591 65.871731 62.478701 67.436080 71.302892 76.056053 49.979924
