geotop/1.0zi/1.0Montebello/Templates/Duarrigle2006/maps/PSITOTL0001N0008.asc
ncols         76
nrows         123
xllcorner     110555.058093
yllcorner     85388.025579
cellsize      200.000000
NODATA_value  -9999.0
[rows 26 to 51 of 123, columns 0 to 57 of 76]
-9999.0 -9999.0 -9999.0 -9999.0 -9999.0 -9999.0 -9999.0 -9999.0 -9999.0 -9999.0 -9999.0 55.713479 55.471475 55.593382 55.487900 57.977809 59.478028 60.568350 61.924418 63.586953 -40.071671 -48.764533 -49.044318 -48.479740 -48.649716 -47.042908 -47.318710 -47.472932 -48.408109 -51.758133 63.306851 62.418211 60.774464 57.813223 56.245228 56.589867 57.979165 59.502414 61.338140 67.299160 -47.437711 -47.192517 -48.978609 -47.476508 -47.455680 -48.543223 -7.426951 -47.924118 -48.297206 -47.970189 -48.467122 -48.678156 -47.518266 -51.718589 -47.187083 -48.685816 -46.577260 -44.728956
-9999.0 -9999.0 -9999.0 -9999.0 -9999.0 -9999.0 -9999.0 -9999.0 -9999.0 -9999.0 -9999.0 57.229677 57.719315 57.720529 55.503012 55.300083 55.155527 56.231998 57.584204 55.547593 -30.470507 -51.863435 -48.213251 -48.162529 -48.682458 -47.802410 -44.834721 -51.827507 -51.865645 -51.899880 -48.416602 54.868433 54.813860 55.045413 56.401733 55.642076 56.277669 58.045138 58.822642 -48.486777 -41.537646 -46.657499 -48.770494 -47.283988 -46.858817 -14.785754 -51.791092 -46.909187 -46.732730 -48.080077 -48.159254 -47.077359 -47.142489 -51.823575 -51.864812 -48.234537 -47.012523 -43.898233
-9999.0 -9999.0 -9999.0 -9999.0 -9999.0 -9999.0 -9999.0 -9999.0 -9999.0 -9999.0 55.323233 55.351090 61.258996 59.690750 56.726333 57.996388 60.364737 63.191593 64.882119 62.065203 -48.801171 -47.802160 -48.774616 -47.598278 -48.541897 -47.326757 -51.790979 -51.881142 -48.792899 -49.303233 -49.202968 55.239986 56.173219 56.255461 58.809665 57.513762 50.057384 49.966251 49.847251 -51.869144 -55.686017 -51.694703 -153.013589 -47.543095 -49.019683 -46.658010 -51.871702 -48.732833 -48.082685 -47.037176 -46.871940 -47.657004 -45.321232 -43.616171 -51.795515 -51.858853 -51.804003 -48.159745
-9999.0 -9999.0 -9999.0 -9999.0 -9999.0 -9999.0 -9999.0 -9999.0 -9999.0 -9999.0 54.911170 58.158262 50.073471 61.547603 58.064206 56.972482 58.511926 61.424754 64.198895 65.268851 64.669391 -44.407075 -51.887942 -46.634237 -47.452642 -46.363355 -51.876890 -48.575340 -49.063843 -49.090037 -49.067030 55.577214 58.464435 58.599378 59.239141 55.988595 55.237188 55.587762 54.557633 -49.113183 -49.002062 -47.767038 -51.859605 -51.695151 -55.653185 -43.204907 -153.025583 -49.176499 -47.910539 -46.078106 -46.559559 -46.907931 -47.973088 -48.203507 -48.368954 -48.848355 -178.085629 -51.589335
-9999.0 -9999.0 -9999.0 -9999.0 -9999.0 -9999.0 -9999.0 -9999.0 -9999.0 54.932593 55.869593 61.131990 49.950590 64.784548 56.056481 56.230347 55.438067 55.171081 55.608421 55.444570 54.563798 57.434451 -30.014709 -42.958681 -45.519117 -51.829442 -51.678997 -43.392001 -44.420171 -46.133511 -47.368100 -48.278977 60.068350 63.518528 57.487124 55.509929 55.995197 55.549685 55.262137 55.045933 -48.836788 -47.657666 -42.411928 -45.716131 -45.027648 -51.822297 -27.717947 -46.385957 -48.881400 -44.382385 -45.347261 -48.266705 -48.303321 -46.477783 -47.902950 -48.495266 -45.936735 -48.788640
-9999.0 -9999.0 -9999.0 -9999.0 -9999.0 -9999.0 -9999.0 -9999.0 -48.601998 -48.575151 59.483081 61.314433 50.149732 50.091302 59.023690 55.310170 55.871049 55.678869 55.722128 55.772943 55.169778 54.811742 55.362892 49.958328 -41.048937 -51.734954 -47.255423 -48.728978 -49.042310 -48.937049 -48.620345 -46.949271 61.862657 64.252629 57.628900 55.492866 57.481587 55.970981 58.339121 60.094804 -45.420851 -42.906262 -47.903989 -48.936202 -48.907777 -48.643525 -51.844922 -11.004756 -43.767767 -48.867330 -44.812099 -48.233410 -48.536805 -45.832973 -48.440263 -50.904114 -165.344966 -48.631808
-9999.0 -9999.0 -9999.0 -9999.0 -9999.0 -9999.0 -9999.0 -48.820791 -47.348476 -48.458917 -48.442126 55.476252 55.950948 49.979026 49.997809 56.843460 55.606081 56.777516 59.324050 57.720983 57.687131 55.834785 55.328903 56.263972 -46.603676 -39.016132 -153.034775 -49.083224 -47.073661 -46.935381 -48.545746 -46.268606 68.672042 58.663498 50.078150 62.756742 57.138204 57.680050 61.361636 62.377137 -45.828508 -48.727231 -48.702193 -48.619191 -47.011294 -46.803959 -38.067214 -51.823206 -37.006870 -48.472859 -45.090205 -46.662278 -48.868236 -48.479467 -44.612967 -178.090790 -55.517291 -51.868874
-9999.0 -9999.0 -9999.0 -9999.0 -9999.0 -9999.0 55.869547 55.648911 58.669172 56.670471 57.571667 56.306391 59.102145 57.691477 50.000749 58.104633 55.354481 55.887097 57.027155 62.532312 65.322167 68.049063 66.743549 55.918084 56.545095 -36.936471 -42.259945 -45.791797 -48.435997 -47.229577 -48.465876 -51.803642 50.182160 49.979251 50.057401 59.936367 56.575162 56.215883 55.464494 55.066708 -49.236014 -48.883879 -48.507796 -47.220402 -37.294790 -36.824258 -44.752575 -45.181103 -51.817472 -29.746040 -33.329933 -51.832286 -153.015030 -48.337083 -43.632009 -48.280791 -155.327850 -51.754642
-9999.0 -9999.0 -9999.0 -9999.0 -9999.0 55.682295 55.798569 57.673639 57.777840 60.313537 60.905672 57.675033 60.011291 57.067248 50.017360 49.987126 57.202019 55.768028 57.083295 59.458128 62.191312 62.712985 64.593280 71.959581 73.268239 50.264857 -48.668276 -49.050746 -48.697588 -46.270385 -51.876890 -55.951484 56.364166 55.197825 55.214862 55.060444 55.118525 55.519601 55.558622 62.430547 66.319247 -39.585148 -37.492116 -40.123997 -46.934120 -45.892160 -46.424870 -47.572953 -46.958892 -51.860821 -51.844214 -39.369498 -153.034041 -46.934757 -43.381952 -47.839827 -50.746729 -51.903421
-9999.0 -9999.0 -9999.0 -9999.0 57.130567 50.018906 50.009973 50.028754 50.042978 50.044359 50.079566 50.083143 50.064450 49.994159 56.846441 50.043832 57.438360 55.734873 55.920204 56.198103 55.590756 56.109090 58.781153 58.867901 49.980768 49.992726 -48.741527 -48.581578 -48.916716 -51.838514 -51.899525 -48.684170 55.177369 55.208987 55.448347 55.698620 56.114291 56.684346 59.454567 57.804382 56.132750 56.499873 -49.303037 -48.293282 -48.040995 -46.839165 -47.410625 -48.923740 -48.880362 -48.782185 -47.549431 -51.868971 -30.435301 -48.402609 -152.987274 -48.820023 -165.412073 -49.322702
-9999.0 -9999.0 -9999.0 49.994140 49.979689 49.952092 55.837554 55.662660 55.928518 56.060620 56.344778 57.107921 59.094908 50.024966 50.007504 50.021891 57.673159 58.487679 55.450180 55.822987 56.746131 60.071309 61.551517 66.259248 50.152338 56.213852 -153.013642 -51.849626 -51.807047 -51.711349 -41.012544 -41.131289 -42.161688 65.287742 63.682979 60.476798 57.396346 56.518350 55.537005 55.641152 55.496791 55.877390 55.466076 -49.030744 -49.141319 -48.388077 -48.084305 -48.570767 -48.817919 -48.763168 -48.983111 -48.611306 -51.845041 -31.866641 -48.291546 -48.673834 -49.235287 -49.009351
-9999.0 -9999.0 -9999.0 55.865196 55.957130 55.585244 55.353761 56.386576 59.187585 61.232000 62.911818 64.008283 74.549374 74.587855 50.221801 50.041229 49.960683 61.396488 55.598522 56.075650 59.682682 62.600374 62.399921 57.389932 49.999525 50.028209 -51.810718 -46.089471 -48.117169 -46.437835 -47.949900 -47.900639 -48.056680 55.174288 55.659358 55.963557 56.491341 56.480158 56.585308 56.320132 56.841095 55.632757 55.525507 -48.967905 -48.725736 -48.018029 -46.840318 -46.358614 -47.678529 -47.748400 -48.787723 -48.803304 -48.166261 -51.854018 -26.902716 -165.379972 -48.233202 -48.476848
-9999.0 -9999.0 55.069362 55.137323 55.326864 56.445848 58.780070 62.536730 64.556089 65.401013 68.328492 69.056436 56.668864 60.827123 60.823061 50.061342 50.048037 64.262312 58.891752 57.052660 56.583644 56.314230 56.117270 55.921703 56.963875 50.023649 -170.603125 -48.492211 -48.262794 -47.706340 -49.120536 -49.133200 55.187766 55.529560 55.690544 56.255866 58.317548 58.489529 58.258021 57.572639 59.098201 55.808582 57.046580 -48.005903 -47.870545 -47.696854 -48.023455 -47.975350 -45.031933 -43.172345 -42.016579 -51.750732 -51.853543 -153.003359 -51.855253 -4.284335 -170.562958 -51.863703
-9999.0 -9999.0 54.995933 57.319393 57.885038 59.679155 56.526616 57.876968 60.802288 61.662319 60.180742 57.163703 57.386802 57.482538 59.051691 58.868986 49.993487 50.121108 49.934176 54.916593 55.892247 56.640116 -48.364819 -48.792900 -49.086822 -37.553335 -51.908264 -47.982952 -48.891824 -48.782857 -48.494059 -48.117106 -48.444245 56.264769 55.428412 59.463317 59.454206 66.146014 69.666515 58.029091 59.808936 -48.874497 -47.430312 -45.363812 -51.805585 -51.845197 -51.785864 -48.219802 -48.311223 -51.855263 -51.841655 -153.004513 -48.484458 -48.736186 -48.717064 -30.530792 -51.879592 -48.138847
-9999.0 -9999.0 55.451660 57.678722 59.148397 60.921363 60.783859 58.761476 58.481457 58.070543 58.327104 56.398963 55.693990 57.123442 57.061226 57.032347 55.493285 56.147517 50.092636 49.879170 57.726114 -47.200787 -48.830937 -48.920124 -48.958762 -5.933411 -48.471364 -49.271082 -48.399459 -48.133250 -48.447566 -47.114210 -47.639971 -47.897122 56.194732 72.175029 70.877132 62.976156 62.854970 58.512424 -47.859822 -44.501573 -51.708656 -51.848329 -51.808856 -48.353470 -51.862727 -51.850541 -51.712182 -51.834510 -48.569985 -48.706627 -48.198182 -46.693715 -51.844048 -55.201681 -22.296765 -49.370652
-9999.0 -9999.0 55.867500 57.947558 58.959884 64.832147 57.224405 62.307770 63.178711 56.951921 57.949651 56.619458 55.965982 55.633909 55.502050 56.008286 58.484782 62.550234 50.015104 50.059671 50.068929 -43.752841 -51.856405 -51.895756 -15.789770 -51.924580 -49.232366 -48.951409 -47.638201 -48.376367 -47.565300 -44.580626 -48.538885 -48.570523 -38.314098 -48.567480 -48.896707 -48.862427 -48.229643 -48.369540 -48.200249 -48.608681 -47.661914 -47.635158 -48.148108 -47.280880 -42.589269 -40.603683 -46.341092 -48.415054 -48.781813 -48.279061 -153.001081 -153.206778 -152.996456 -48.625969 -16.029485 -49.342926
-9999.0 -9999.0 -9999.0 58.136970 59.253721 65.610126 58.165993 57.053352 67.943034 56.373123 59.996072 56.637388 56.514398 57.003966 -47.192821 -45.658691 -45.498693 -47.208977 56.789556 57.811379 57.953872 56.645447 -51.688482 -51.718739 -46.955824 -51.985257 -49.203671 -48.882386 -48.428724 -46.678985 -46.247643 -43.955616 -46.831845 -36.593542 -45.320081 -47.343945 -48.630532 -48.799324 -48.351473 -48.174990 -46.357769 -47.993498 -48.342255 -47.121267 -45.221114 -44.291474 -47.668996 -46.633336 -47.915248 -47.897251 -51.851101 -51.822244 -55.643265 -48.620756 -48.294316 -48.727953 -13.982758 -47.487657
-9999.0 -9999.0 -9999.0 56.202411 60.558379 63.661225 50.182391 61.124854 65.797003 58.501826 61.188962 -47.770458 -46.447682 -48.039133 -49.006213 -49.136226 -49.047266 -48.354596 -48.583440 -48.678510 -48.632439 -48.943231 -48.851370 -48.448051 -33.114437 -153.115148 -48.033546 -48.404789 -49.126767 -48.813625 -48.279076 -44.792625 -51.590740 -48.446470 -46.221868 -46.035542 -47.322802 -48.540287 -47.160108 -46.752461 -45.396411 -48.007675 -48.044434 -47.651909 -47.899838 -48.807402 -48.706630 -55.192751 -175.763523 -51.824252 -51.766522 -48.416863 -46.816841 -45.831163 -44.992162 -47.529727 -6.715783 -49.088095
-9999.0 -9999.0 -9999.0 -9999.0 59.495122 62.395821 50.264877 50.011829 50.080066 50.168009 -51.766960 -46.022378 -49.119716 -48.730915 -48.828828 -49.193629 -48.642172 -48.291228 -48.023252 -48.664818 -48.825395 -48.846502 -49.225034 -153.028691 -36.051292 -43.233863 -41.902001 -44.471399 -45.661761 -48.219479 -48.069678 -46.752827 -51.770910 -51.797305 -49.144546 -48.544843 -48.443387 -47.358683 -46.366145 -46.587333 -43.187539 -46.635727 -48.281397 -48.774198 -48.336265 -47.113212 -51.770762 -51.757435 -46.452183 -47.208410 -47.046009 -48.963446 -49.070271 -49.040381 -48.722235 -43.051045 -18.474008 -48.841027
-9999.0 -9999.0 -9999.0 -9999.0 56.514391 56.193533 55.940052 55.514237 55.478189 56.196621 -55.498164 -51.864767 -48.940510 -47.976429 -47.992979 -48.987209 -47.157970 -48.070237 -47.192167 -48.940594 -48.086922 -47.974093 -47.923277 -24.845832 -42.860279 -46.005248 -46.285102 -48.684042 -48.867271 -48.417131 -48.321827 -48.554900 -48.058678 -51.846250 -48.498836 -47.400381 -47.820146 -46.873681 -41.330920 -41.704422 -47.202274 -48.578974 -48.165774 -48.298579 -46.687890 -46.250530 -47.004824 -47.426054 -47.375196 -48.603158 -48.490891 -48.930757 -49.166987 -49.266603 -48.672852 -51.873088 -30.429728 -55.676635
-9999.0 -9999.0 -9999.0 -9999.0 -9999.0 56.332338 55.917583 55.466525 55.466501 56.437712 -47.128443 -51.864144 -51.894981 -46.881331 -47.033411 -47.517674 -45.120365 -48.762650 -47.012635 -48.650645 -47.986663 -47.171103 -46.858418 -11.172934 -153.018411 -47.895606 -48.431087 -48.942972 -48.216990 -48.233266 -48.630930 -47.638839 -47.489637 -55.639628 -35.602480 -32.286327 -35.528519 -36.353839 -47.096571 -48.540129 -48.844366 -48.499631 -48.455086 -48.642082 -48.509493 -48.299890 -47.869620 -48.010353 -48.300023 -48.948090 -49.101644 -49.157882 -47.588929 -51.853790 -51.862368 -153.019928 -178.099991 -18.392917
-9999.0 -9999.0 -9999.0 -9999.0 -9999.0 -9999.0 57.678620 57.636832 57.701250 59.224517 61.288778 50.047018 49.997070 50.116650 50.047682 50.132093 -46.260288 -51.773952 -51.800442 -51.862039 -153.014129 -51.855783 -45.400792 113.323567 -46.287330 -47.524289 -48.365718 -48.055195 -47.202519 -47.402014 -48.555762 -47.439941 -46.050147 -51.576489 -44.966302 -46.874547 -48.520061 -45.084175 -47.494829 -48.397769 -48.712281 -48.625899 -48.876622 -47.928057 -47.153744 -48.418094 -47.939630 -47.541243 -46.333832 -51.770527 -51.835077 -51.840697 -51.811284 -51.856341 -48.924126 -48.494558 -47.509420 50.076598
-9999.0 -9999.0 -9999.0 -9999.0 -9999.0 -9999.0 57.315496 63.034407 50.230571 50.034194 50.074297 50.150016 62.269686 56.092187 61.547002 60.653408 56.681708 -44.418897 -44.820124 -43.330921 -51.787493 -55.192137 -51.856259 -7.734631 -48.570404 -49.014187 -48.909749 -47.195035 -47.113680 -46.605514 -51.852678 -45.517963 -50.637545 -51.776116 -47.387113 -47.790827 -48.712442 -47.820936 -46.238879 -46.974226 -48.682065 -48.795773 -48.110184 -51.856252 -51.810084 -51.801291 -47.683831 -48.063049 -48.746200 -47.856434 -48.050784 -47.519244 -47.782494 -48.780184 -48.737133 -47.566065 -46.882760 -21.420657
-9999.0 -9999.0 -9999.0 -9999.0 -9999.0 -9999.0 57.688582 61.654870 50.067915 58.144792 60.916909 63.827438 62.309442 58.074348 59.023253 58.780726 57.336114 -47.497323 -48.688627 -46.545628 -48.298897 -48.766777 -183.210504 -34.796313 -47.204967 -48.001699 -48.699320 -46.368630 -48.448224 -51.806627 -51.816161 -45.979192 -47.235418 -47.950043 -47.853741 -48.462519 -48.008407 -47.512344 -47.101830 -46.153080 -47.702626 -48.656531 -47.201655 -51.826766 -48.589517 -48.316815 -48.811727 -48.710062 -48.596315 -48.839040 -49.040904 -48.570574 -48.666712 -48.655958 -47.691055 -46.120375 -46.130654 -47.416596
-9999.0 -9999.0 -9999.0 -9999.0 -9999.0 -9999.0 57.988471 57.536392 58.147128 56.720288 59.049256 62.374294 61.397515 56.770204 56.240204 55.823862 55.799919 -48.638608 -49.022056 -48.690795 -48.620084 -47.150687 -46.309972 -51.813421 -38.994807 -47.386848 -48.948134 -51.782414 -49.964033 -51.878238 -47.895654 -47.842108 -47.685941 -48.735394 -48.416066 -48.397699 -47.763072 -48.061784 -43.413796 -47.849602 -48.464081 -48.841719 -47.140420 -51.853343 -48.479928 -46.674170 -47.438706 -48.616464 -48.284270 -48.880037 -48.441779 -48.260467 -48.378075 -49.001945 -49.061228 -49.067910 -49.138948 -49.324918
-9999.0 -9999.0 -9999.0 -9999.0 -9999.0 -9999.0 55.977201 55.655237 55.842962 55.673074 60.282656 56.685946 58.172415 56.450637 57.322322 56.409852 56.469535 -48.438189 -48.244421 -48.384163 -47.362137 -46.317027 -46.348081 -48.292638 -26.866172 -51.326555 -51.829040 -51.830949 -47.337155 -49.098998 -49.101409 -48.777936 -48.429080 -48.170083 -47.959923 -175.761243 -157.944833 -45.817988 -42.874291 -46.918878 -48.284036 -47.249839 -45.431013 -51.852549 -41.877766 -42.909618 -44.670154 -47.770135 -47.562891 -48.906630 -51.852734 -47.472752 -48.148661 -48.798434 -47.733252 -48.465778 -48.302573 -49.023185
