geotop/1.0zi/1.0Montebello/Templates/Duarrigle2006/maps/PSITOTL0004N0010.asc
ncols         76
nrows         123
xllcorner     110555.058093
yllcorner     85388.025579
cellsize      200.000000
NODATA_value  -9999.0
[rows 25 to 49 of 123, columns 0 to 55 of 76]
-9999.0 -9999.0 -9999.0 -9999.0 -9999.0 -9999.0 -9999.0 -9999.0 -9999.0 -9999.0 -9999.0 -9999.0 -489.975483 -489.975516 -489.975556 -489.993276 -489.993270 -489.975533 -489.975519 -489.975519 -489.993246 -489.993260 -489.993257 -489.993249 -489.993248 -489.993252 -489.993256 -489.993258 -489.993260 -489.975480 -489.975497 -489.975530 -489.975526 -489.975512 -489.975477 -489.975476 -489.975518 -489.975522 -489.975491 -489.975493 -489.993254 -489.993254 -489.993257 -489.993263 -489.993260 -489.993257 -489.993248 -489.993267 -489.993251 -489.993247 -489.993247 -489.993248 -489.993249 -489.993250 -489.993251 -489.993252
-9999.0 -9999.0 -9999.0 -9999.0 -9999.0 -9999.0 -9999.0 -9999.0 -9999.0 -9999.0 -9999.0 -489.975495 -489.975529 -489.975546 -489.975567 -489.975564 -489.975538 -489.975531 -489.975520 -489.975533 -489.993246 -489.993263 -489.993254 -489.993249 -489.993251 -489.993256 -489.993263 -489.993264 -489.993254 -489.993248 -489.975535 -489.975544 -489.975544 -489.975520 -489.975476 -489.975484 -489.975516 -489.975527 -489.975503 -489.975493 -489.993257 -489.993257 -489.993257 -489.993262 -489.993259 -489.993255 -489.993249 -489.993268 -489.993250 -489.993247 -489.993247 -489.993250 -489.993251 -489.993251 -489.993252 -489.993252
-9999.0 -9999.0 -9999.0 -9999.0 -9999.0 -9999.0 -9999.0 -9999.0 -9999.0 -9999.0 -9999.0 -489.975522 -489.975574 -489.975567 -489.975535 -489.975525 -489.975528 -489.975526 -489.975506 -489.975528 -489.993248 -489.993259 -489.993258 -489.993251 -489.993251 -489.993254 -489.993255 -489.993251 -489.993250 -489.993271 -489.993277 -489.975557 -489.975519 -489.975479 -489.975480 -489.975501 -489.975513 -489.975521 -489.975512 -489.993256 -489.993254 -489.993256 -489.993256 -489.993256 -489.993256 -489.993249 -489.993252 -489.993261 -489.993248 -489.993249 -489.993250 -489.993250 -489.993250 -489.993250 -489.993251 -489.993253
-9999.0 -9999.0 -9999.0 -9999.0 -9999.0 -9999.0 -9999.0 -9999.0 -9999.0 -9999.0 -489.975480 -489.975503 -489.975533 -489.975523 -489.975505 -489.975510 -489.975526 -489.975515 -489.975495 -489.975505 -489.993255 -489.993250 -489.993264 -489.993260 -489.993257 -489.993257 -489.993251 -489.993251 -489.993264 -489.993267 -489.993261 -489.975498 -489.975493 -489.975503 -489.975497 -489.975478 -489.975482 -489.975510 -489.975544 -489.993272 -489.993263 -489.993251 -489.993254 -489.993256 -489.993256 -489.993248 -489.993255 -489.993255 -489.993250 -489.993252 -489.993251 -489.993249 -489.993248 -489.993248 -489.993248 -489.993248
-9999.0 -9999.0 -9999.0 -9999.0 -9999.0 -9999.0 -9999.0 -9999.0 -9999.0 -9999.0 -489.975511 -489.975539 -489.975516 -489.975502 -489.975488 -489.975480 -489.975496 -489.975508 -489.975517 -489.975533 -489.975548 -489.993249 -489.993254 -489.993263 -489.993261 -489.993256 -489.993250 -489.993260 -489.993264 -489.993266 -489.993263 -489.975512 -489.975512 -489.975506 -489.975487 -489.975474 -489.975484 -489.975515 -489.975544 -489.993276 -489.993282 -489.993271 -489.993255 -489.993251 -489.993252 -489.993248 -489.993258 -489.993260 -489.993255 -489.993252 -489.993250 -489.993248 -489.993247 -489.993247 -489.993248 -489.993250
-9999.0 -9999.0 -9999.0 -9999.0 -9999.0 -9999.0 -9999.0 -9999.0 -9999.0 -489.975509 -489.975533 -489.975522 -489.975493 -489.975488 -489.975481 -489.975470 -489.975488 -489.975507 -489.975516 -489.975532 -489.975574 -489.975570 -489.993253 -489.993247 -489.993251 -489.993249 -489.993252 -489.993258 -489.993256 -489.993257 -489.993255 -489.993254 -489.975500 -489.975498 -489.975499 -489.975499 -489.975484 -489.975482 -489.975503 -489.975538 -489.993276 -489.993271 -489.993257 -489.993254 -489.993254 -489.993249 -489.993249 -489.993259 -489.993254 -489.993249 -489.993248 -489.993248 -489.993248 -489.993248 -489.993250 -489.993251
-9999.0 -9999.0 -9999.0 -9999.0 -9999.0 -9999.0 -9999.0 -9999.0 -489.993253 -489.993256 -489.975520 -489.975494 -489.975479 -489.975475 -489.975493 -489.975487 -489.975472 -489.975481 -489.975488 -489.975495 -489.975502 -489.975512 -489.975536 -489.975509 -489.993247 -489.993248 -489.993258 -489.993260 -489.993254 -489.993252 -489.993251 -489.993252 -489.975493 -489.975494 -489.975505 -489.975515 -489.975508 -489.975497 -489.975510 -489.975530 -489.993263 -489.993258 -489.993260 -489.993260 -489.993258 -489.993254 -489.993248 -489.993247 -489.993252 -489.993250 -489.993250 -489.993250 -489.993249 -489.993249 -489.993251 -489.993249
-9999.0 -9999.0 -9999.0 -9999.0 -9999.0 -9999.0 -9999.0 -489.993250 -489.993256 -489.993258 -489.993254 -489.975493 -489.975488 -489.975479 -489.975499 -489.975520 -489.975494 -489.975492 -489.975496 -489.975495 -489.975494 -489.975489 -489.975497 -489.975507 -489.993251 -489.993246 -489.993261 -489.993264 -489.993256 -489.993252 -489.993251 -489.993252 -489.975491 -489.975493 -489.975490 -489.975486 -489.975477 -489.975470 -489.975487 -489.975501 -489.993254 -489.993255 -489.993256 -489.993259 -489.993256 -489.993251 -489.993249 -489.993247 -489.993248 -489.993254 -489.993257 -489.993256 -489.993252 -489.993250 -489.993250 -489.993249
-9999.0 -9999.0 -9999.0 -9999.0 -9999.0 -9999.0 -489.975476 -489.975490 -489.975510 -489.975520 -489.975524 -489.975516 -489.975498 -489.975490 -489.975490 -489.975523 -489.975505 -489.975485 -489.975487 -489.975490 -489.975489 -489.975488 -489.975489 -489.975492 -489.975494 -489.993246 -489.993257 -489.993259 -489.993251 -489.993252 -489.993253 -489.993249 -489.975477 -489.975493 -489.975504 -489.975522 -489.975508 -489.975490 -489.975503 -489.975509 -489.993256 -489.993262 -489.993265 -489.993258 -489.993252 -489.993249 -489.993248 -489.993249 -489.993247 -489.993247 -489.993250 -489.993253 -489.993255 -489.993253 -489.993250 -489.993249
-9999.0 -9999.0 -9999.0 -9999.0 -9999.0 -489.975480 -489.975486 -489.975498 -489.975498 -489.975501 -489.975503 -489.975502 -489.975495 -489.975487 -489.975482 -489.975504 -489.975510 -489.975485 -489.975477 -489.975481 -489.975486 -489.975494 -489.975491 -489.975488 -489.975489 -489.975471 -489.993261 -489.993253 -489.993248 -489.993250 -489.993250 -489.993253 -489.975519 -489.975523 -489.975514 -489.975507 -489.975478 -489.975481 -489.975522 -489.975522 -489.975492 -489.993253 -489.993262 -489.993270 -489.993268 -489.993259 -489.993256 -489.993261 -489.993265 -489.993259 -489.993252 -489.993247 -489.993248 -489.993248 -489.993248 -489.993247
-9999.0 -9999.0 -9999.0 -9999.0 -489.975474 -489.975474 -489.975480 -489.975480 -489.975480 -489.975480 -489.975477 -489.975477 -489.975479 -489.975484 -489.975486 -489.975488 -489.975504 -489.975492 -489.975474 -489.975474 -489.975484 -489.975503 -489.975503 -489.975494 -489.975479 -489.975482 -489.993255 -489.993251 -489.993251 -489.993248 -489.993258 -489.993256 -489.975496 -489.975493 -489.975491 -489.975495 -489.975486 -489.975479 -489.975495 -489.975538 -489.975614 -489.975658 -489.993297 -489.993289 -489.993282 -489.993268 -489.993258 -489.993259 -489.993265 -489.993264 -489.993261 -489.993257 -489.993246 -489.993248 -489.993247 -489.993252
-9999.0 -9999.0 -9999.0 -489.975497 -489.975493 -489.975493 -489.975496 -489.975497 -489.975492 -489.975484 -489.975481 -489.975481 -489.975481 -489.975477 -489.975479 -489.975480 -489.975497 -489.975502 -489.975494 -489.975486 -489.975495 -489.975501 -489.975495 -489.975493 -489.975474 -489.975483 -489.993255 -489.993251 -489.993248 -489.993250 -489.993257 -489.993254 -489.993253 -489.975486 -489.975480 -489.975479 -489.975474 -489.975470 -489.975473 -489.975491 -489.975498 -489.975492 -489.975493 -489.993258 -489.993261 -489.993256 -489.993248 -489.993247 -489.993250 -489.993251 -489.993254 -489.993259 -489.993250 -489.993247 -489.993248 -489.993261
-9999.0 -9999.0 -9999.0 -489.975506 -489.975495 -489.975483 -489.975487 -489.975496 -489.975490 -489.975482 -489.975480 -489.975479 -489.975483 -489.975484 -489.975478 -489.975471 -489.975488 -489.975504 -489.975503 -489.975481 -489.975478 -489.975481 -489.975485 -489.975493 -489.975494 -489.975469 -489.993252 -489.993256 -489.993260 -489.993262 -489.993263 -489.993265 -489.993265 -489.975505 -489.975478 -489.975473 -489.975479 -489.975485 -489.975486 -489.975486 -489.975486 -489.975494 -489.975509 -489.993261 -489.993258 -489.993252 -489.993250 -489.993249 -489.993252 -489.993254 -489.993254 -489.993253 -489.993250 -489.993249 -489.993247 -489.993261
-9999.0 -9999.0 -489.975497 -489.975510 -489.975513 -489.975510 -489.975507 -489.975496 -489.975482 -489.975477 -489.975477 -489.975479 -489.975489 -489.975494 -489.975488 -489.975480 -489.975471 -489.975484 -489.975494 -489.975473 -489.975472 -489.975476 -489.975479 -489.975489 -489.975527 -489.975479 -489.993273 -489.993277 -489.993266 -489.993262 -489.993258 -489.993257 -489.975490 -489.975472 -489.975479 -489.975496 -489.975508 -489.975510 -489.975512 -489.975505 -489.975494 -489.975494 -489.975511 -489.993261 -489.993258 -489.993253 -489.993250 -489.993249 -489.993251 -489.993252 -489.993250 -489.993248 -489.993248 -489.993252 -489.993249 -489.993249
-9999.0 -9999.0 -489.975562 -489.975543 -489.975513 -489.975497 -489.975487 -489.975480 -489.975475 -489.975472 -489.975473 -489.975480 -489.975493 -489.975508 -489.975507 -489.975506 -489.975494 -489.975467 -489.975501 -489.975502 -489.975491 -489.975479 -489.993247 -489.993248 -489.993266 -489.993246 -489.993290 -489.993269 -489.993251 -489.993248 -489.993248 -489.993251 -489.993254 -489.975503 -489.975516 -489.975511 -489.975493 -489.975483 -489.975480 -489.975479 -489.975480 -489.993253 -489.993259 -489.993259 -489.993253 -489.993250 -489.993249 -489.993250 -489.993251 -489.993249 -489.993248 -489.993252 -489.993251 -489.993249 -489.993254 -489.993248
-9999.0 -9999.0 -489.975551 -489.975512 -489.975490 -489.975484 -489.975480 -489.975478 -489.975473 -489.975469 -489.975471 -489.975477 -489.975488 -489.975507 -489.975517 -489.975519 -489.975510 -489.975489 -489.975479 -489.975528 -489.975552 -489.993267 -489.993263 -489.993264 -489.993266 -489.993251 -489.993305 -489.993257 -489.993247 -489.993247 -489.993249 -489.993253 -489.993256 -489.993258 -489.975502 -489.975473 -489.975476 -489.975479 -489.975477 -489.975471 -489.993247 -489.993250 -489.993253 -489.993251 -489.993250 -489.993252 -489.993252 -489.993249 -489.993246 -489.993250 -489.993254 -489.993251 -489.993250 -489.993249 -489.993250 -489.993252
-9999.0 -9999.0 -489.975502 -489.975494 -489.975489 -489.975487 -489.975483 -489.975480 -489.975473 -489.975471 -489.975471 -489.975471 -489.975471 -489.975481 -489.975494 -489.975510 -489.975506 -489.975499 -489.975483 -489.975471 -489.975473 -489.993249 -489.993257 -489.993264 -489.993251 -489.993280 -489.993292 -489.993249 -489.993246 -489.993247 -489.993250 -489.993253 -489.993257 -489.993257 -489.993250 -489.993254 -489.993255 -489.993251 -489.993249 -489.993247 -489.993248 -489.993249 -489.993251 -489.993251 -489.993251 -489.993253 -489.993253 -489.993249 -489.993249 -489.993249 -489.993247 -489.993249 -489.993251 -489.993249 -489.993249 -489.993255
-9999.0 -9999.0 -9999.0 -489.975487 -489.975488 -489.975486 -489.975485 -489.975484 -489.975482 -489.975486 -489.975489 -489.975489 -489.975480 -489.975472 -489.993251 -489.993257 -489.993259 -489.993258 -489.975522 -489.975535 -489.975526 -489.975496 -489.993249 -489.993249 -489.993249 -489.993293 -489.993280 -489.993250 -489.993248 -489.993248 -489.993251 -489.993251 -489.993253 -489.993249 -489.993250 -489.993260 -489.993256 -489.993248 -489.993249 -489.993250 -489.993248 -489.993247 -489.993248 -489.993250 -489.993253 -489.993253 -489.993253 -489.993250 -489.993248 -489.993247 -489.993248 -489.993248 -489.993248 -489.993249 -489.993248 -489.993256
-9999.0 -9999.0 -9999.0 -489.975478 -489.975487 -489.975484 -489.975480 -489.975481 -489.975488 -489.975502 -489.975506 -489.993253 -489.993250 -489.993247 -489.993252 -489.993258 -489.993258 -489.993254 -489.993254 -489.993258 -489.993259 -489.993256 -489.993256 -489.993255 -489.993249 -489.993285 -489.993278 -489.993267 -489.993256 -489.993249 -489.993251 -489.993251 -489.993247 -489.993250 -489.993252 -489.993253 -489.993256 -489.993256 -489.993256 -489.993252 -489.993248 -489.993246 -489.993247 -489.993250 -489.993255 -489.993255 -489.993253 -489.993249 -489.993248 -489.993248 -489.993250 -489.993255 -489.993256 -489.993254 -489.993252 -489.993256
-9999.0 -9999.0 -9999.0 -9999.0 -489.975474 -489.975479 -489.975476 -489.975477 -489.975477 -489.975474 -489.993251 -489.993257 -489.993257 -489.993253 -489.993253 -489.993259 -489.993255 -489.993248 -489.993247 -489.993249 -489.993252 -489.993254 -489.993261 -489.993259 -489.993249 -489.993266 -489.993263 -489.993258 -489.993251 -489.993247 -489.993249 -489.993250 -489.993247 -489.993252 -489.993256 -489.993252 -489.993256 -489.993258 -489.993254 -489.993248 -489.993247 -489.993248 -489.993248 -489.993249 -489.993253 -489.993253 -489.993252 -489.993253 -489.993254 -489.993255 -489.993255 -489.993255 -489.993258 -489.993263 -489.993263 -489.993257
-9999.0 -9999.0 -9999.0 -9999.0 -489.975472 -489.975474 -489.975477 -489.975484 -489.975494 -489.975496 -489.993248 -489.993260 -489.993278 -489.993283 -489.993287 -489.993287 -489.993272 -489.993261 -489.993255 -489.993255 -489.993258 -489.993259 -489.993268 -489.993253 -489.993251 -489.993257 -489.993258 -489.993258 -489.993250 -489.993247 -489.993248 -489.993249 -489.993249 -489.993250 -489.993262 -489.993261 -489.993258 -489.993254 -489.993250 -489.993251 -489.993252 -489.993249 -489.993247 -489.993249 -489.993251 -489.993250 -489.993251 -489.993255 -489.993257 -489.993255 -489.993251 -489.993250 -489.993256 -489.993267 -489.993266 -489.993255
-9999.0 -9999.0 -9999.0 -9999.0 -9999.0 -489.975471 -489.975475 -489.975484 -489.975498 -489.975505 -489.993253 -489.993250 -489.993262 -489.993274 -489.993280 -489.993277 -489.993269 -489.993268 -489.993266 -489.993264 -489.993262 -489.993260 -489.993261 -489.993247 -489.993256 -489.993259 -489.993257 -489.993253 -489.993249 -489.993250 -489.993251 -489.993251 -489.993251 -489.993248 -489.993250 -489.993249 -489.993248 -489.993248 -489.993253 -489.993256 -489.993251 -489.993247 -489.993247 -489.993250 -489.993249 -489.993247 -489.993247 -489.993247 -489.993248 -489.993249 -489.993254 -489.993262 -489.993263 -489.993257 -489.993255 -489.993256
-9999.0 -9999.0 -9999.0 -9999.0 -9999.0 -9999.0 -489.975488 -489.975502 -489.975505 -489.975497 -489.975485 -489.975476 -489.975470 -489.975473 -489.975477 -489.975475 -489.993247 -489.993249 -489.993253 -489.993255 -489.993255 -489.993254 -489.993253 -489.993246 -489.993259 -489.993259 -489.993251 -489.993250 -489.993254 -489.993257 -489.993258 -489.993256 -489.993250 -489.993247 -489.993252 -489.993252 -489.993250 -489.993249 -489.993253 -489.993255 -489.993251 -489.993248 -489.993251 -489.993254 -489.993251 -489.993247 -489.993246 -489.993246 -489.993249 -489.993251 -489.993253 -489.993254 -489.993251 -489.993257 -489.993265 -489.993264
-9999.0 -9999.0 -9999.0 -9999.0 -9999.0 -9999.0 -489.975472 -489.975481 -489.975477 -489.975474 -489.975474 -489.975477 -489.975482 -489.975487 -489.975489 -489.975493 -489.975497 -489.993253 -489.993250 -489.993248 -489.993248 -489.993249 -489.993249 -489.993247 -489.993259 -489.993256 -489.993252 -489.993253 -489.993256 -489.993257 -489.993252 -489.993247 -489.993247 -489.993253 -489.993255 -489.993251 -489.993249 -489.993247 -489.993248 -489.993252 -489.993252 -489.993253 -489.993258 -489.993257 -489.993248 -489.993248 -489.993247 -489.993247 -489.993250 -489.993255 -489.993260 -489.993264 -489.993268 -489.993263 -489.993262 -489.993267
-9999.0 -9999.0 -9999.0 -9999.0 -9999.0 -9999.0 -489.975472 -489.975481 -489.975486 -489.975490 -489.975489 -489.975486 -489.975486 -489.975491 -489.975506 -489.975523 -489.975536 -489.993265 -489.993265 -489.993264 -489.993259 -489.993255 -489.993252 -489.993246 -489.993257 -489.993259 -489.993255 -489.993256 -489.993254 -489.993247 -489.993248 -489.993252 -489.993255 -489.993255 -489.993251 -489.993248 -489.993246 -489.993246 -489.993247 -489.993249 -489.993250 -489.993252 -489.993256 -489.993251 -489.993250 -489.993250 -489.993250 -489.993247 -489.993247 -489.993248 -489.993251 -489.993251 -489.993251 -489.993255 -489.993266 -489.993266
