geotop/1.0zi/1.0Montebello/Templates/Duarrigle2006/maps/PSITOTL0002N0010.asc
ncols         76
nrows         123
xllcorner     110555.058093
yllcorner     85388.025579
cellsize      200.000000
NODATA_value  -9999.0
[rows 0 to 24 of 123, columns 0 to 55 of 76]
-9999.0 -9999.0 -9999.0 -9999.0 -9999.0 -9999.0 -9999.0 -9999.0 -9999.0 -9999.0 -9999.0 -9999.0 -9999.0 -9999.0 -9999.0 -9999.0 -9999.0 -9999.0 -9999.0 -9999.0 -9999.0 -9999.0 -9999.0 -9999.0 -9999.0 -9999.0 -9999.0 -9999.0 -9999.0 -9999.0 -9999.0 -9999.0 -9999.0 -9999.0 -9999.0 -9999.0 -9999.0 -9999.0 -9999.0 -9999.0 -9999.0 -9999.0 -9999.0 -9999.0 -9999.0 -9999.0 -9999.0 -9999.0 -9999.0 -9999.0 -9999.0 -9999.0 -9999.0 -9999.0 -9999.0 -9999.0
-9999.0 -9999.0 -9999.0 -9999.0 -9999.0 -9999.0 -9999.0 -9999.0 -9999.0 -9999.0 -9999.0 -9999.0 -9999.0 -9999.0 -9999.0 -9999.0 -9999.0 -9999.0 -9999.0 -9999.0 -9999.0 -9999.0 -9999.0 -9999.0 -9999.0 -9999.0 -9999.0 -9999.0 -9999.0 -9999.0 -9999.0 -9999.0 -9999.0 -9999.0 -9999.0 -9999.0 -9999.0 -489.729363 -489.729452 -9999.0 -9999.0 -9999.0 -9999.0 -489.730104 -489.729946 -489.729740 -489.729858 -489.730086 -489.729604 -489.730158 -489.729459 -489.729779 -9999.0 -9999.0 -9999.0 -9999.0
-9999.0 -9999.0 -9999.0 -9999.0 -9999.0 -9999.0 -9999.0 -9999.0 -9999.0 -9999.0 -9999.0 -489.729772 -489.729863 -489.729595 -489.729674 -489.729521 -489.729353 -9999.0 -9999.0 -9999.0 -9999.0 -9999.0 -9999.0 -9999.0 -9999.0 -9999.0 -9999.0 -9999.0 -9999.0 -9999.0 -9999.0 -9999.0 -9999.0 -9999.0 -9999.0 -9999.0 -489.730146 -489.733475 -489.728528 -489.730098 -489.729618 -489.730002 -489.730466 -489.730074 -489.733844 -489.729115 -489.728940 -489.729086 -489.728244 -489.723513 -489.733493 -489.740441 -489.729171 -9999.0 -9999.0 -9999.0
-9999.0 -9999.0 -9999.0 -9999.0 -9999.0 -9999.0 -9999.0 -9999.0 -489.729707 -489.729654 -489.710493 -489.733497 -489.733931 -489.729210 -489.729325 -489.729302 -489.728026 -9999.0 -9999.0 -9999.0 -9999.0 -9999.0 -9999.0 -9999.0 -9999.0 -9999.0 -9999.0 -9999.0 -9999.0 -9999.0 -9999.0 -9999.0 -9999.0 -489.729670 -489.729902 -489.729655 -489.730310 -489.733786 -489.727516 -489.730395 -489.729169 -489.730525 -489.729560 -489.728292 -489.734632 -489.727600 -489.727899 -489.728222 -489.733813 -489.733612 -489.729710 -489.729574 -489.728544 -489.729435 -9999.0 -9999.0
-9999.0 -9999.0 -9999.0 -9999.0 -9999.0 -9999.0 -9999.0 -9999.0 -489.729007 -489.724774 -489.729746 -489.730079 -489.733768 -489.733755 -489.728142 -489.729947 -489.728394 -489.729771 -9999.0 -9999.0 -9999.0 -9999.0 -9999.0 -9999.0 -9999.0 -9999.0 -9999.0 -9999.0 -9999.0 -9999.0 -9999.0 -489.730170 -489.730232 -489.728478 -489.728822 -489.728916 -489.730043 -489.733849 -489.726907 -489.729296 -489.728754 -489.729476 -489.728017 -489.733795 -489.738500 -489.726081 -489.727129 -489.733713 -489.734943 -489.729669 -489.729905 -489.728872 -489.727648 -489.728347 -9999.0 -9999.0
-9999.0 -9999.0 -9999.0 -9999.0 -9999.0 -9999.0 -9999.0 -489.730259 -489.730181 -489.729655 -489.727327 -489.729985 -489.729405 -489.733798 -489.733772 -489.727868 -489.729202 -489.729476 -9999.0 -9999.0 -9999.0 -9999.0 -9999.0 -9999.0 -9999.0 -9999.0 -9999.0 -9999.0 -9999.0 -9999.0 -489.730175 -489.730278 -489.729218 -489.726770 -489.727378 -489.727948 -489.728891 -489.734756 -489.733787 -489.727922 -489.727285 -489.727952 -489.726700 -489.734289 -489.728827 -489.725154 -489.733581 -489.745184 -489.729786 -489.728615 -489.728613 -489.727681 -489.727005 -489.728031 -9999.0 -9999.0
-9999.0 -9999.0 -9999.0 -9999.0 -489.730090 -489.729999 -489.730125 -489.729943 -489.729564 -489.728205 -489.729885 -489.727078 -489.730290 -489.729040 -489.733491 -489.726875 -489.729028 -489.729971 -489.729233 -9999.0 -9999.0 -9999.0 -9999.0 -9999.0 -9999.0 -9999.0 -9999.0 -9999.0 -489.740150 -489.740879 -489.744702 -489.728815 -489.728745 -489.725429 -489.727086 -489.726269 -489.727191 -489.738354 -489.734439 -489.726660 -489.726025 -489.733564 -489.733555 -489.744102 -489.727840 -489.733552 -489.737728 -489.729671 -489.728528 -489.727690 -489.727663 -489.727745 -489.725834 -489.729894 -9999.0 -9999.0
-9999.0 -9999.0 -9999.0 -9999.0 -489.730101 -489.728948 -489.729440 -489.729532 -489.730528 -489.726191 -489.728674 -489.730378 -489.726189 -489.725660 -489.733237 -489.730057 -489.729744 -489.730228 -489.729142 -489.730190 -489.729856 -489.729356 -489.729331 -489.729912 -9999.0 -9999.0 -489.729522 -489.728304 -489.727659 -489.726700 -489.733730 -489.734431 -489.733574 -489.727577 -489.724235 -489.721432 -489.724564 -489.733546 -489.738584 -489.725167 -489.733563 -489.734543 -489.729892 -489.729082 -489.726910 -489.734792 -489.729461 -489.728700 -489.727287 -489.733580 -489.733544 -489.733554 -489.733577 -489.739500 -9999.0 -9999.0
-9999.0 -9999.0 -9999.0 -9999.0 -9999.0 -489.733637 -489.733497 -489.730060 -489.728555 -489.726514 -489.728129 -489.730553 -489.729292 -489.729605 -489.733619 -489.733708 -489.730591 -489.727380 -489.729004 -489.729760 -489.730088 -489.729202 -489.728063 -489.730242 -489.729616 -489.729383 -489.729053 -489.728790 -489.730145 -489.729825 -489.729034 -489.727284 -489.733594 -489.734181 -489.733504 -489.728704 -489.733565 -489.734717 -489.718184 -489.731071 -489.951341 -489.946636 -489.946821 -489.946690 -489.946499 -489.950156 -489.718318 -489.733674 -489.733952 -489.734218 -489.729893 -489.730715 -489.730150 -489.729991 -9999.0 -9999.0
-9999.0 -9999.0 -9999.0 -9999.0 -9999.0 -489.730186 -489.734270 -489.734270 -489.733651 -489.733642 -489.733366 -489.737065 -489.728593 -489.727725 -489.729049 -489.733588 -489.729295 -489.726392 -489.726749 -489.730229 -489.729019 -489.728862 -489.727606 -489.730092 -489.729235 -489.728687 -489.729188 -489.729854 -489.727517 -489.730312 -489.730221 -489.728329 -489.733575 -489.733716 -489.728670 -489.728887 -489.729772 -489.946745 -489.946651 -489.946575 -489.947082 -489.947239 -489.946488 -489.947319 -489.947308 -489.947418 -489.947016 -489.728737 -489.729924 -489.730992 -489.730624 -489.730005 -9999.0 -9999.0 -9999.0 -9999.0
-9999.0 -9999.0 -9999.0 -9999.0 -9999.0 -489.730389 -489.730120 -489.729174 -489.730221 -489.730273 -489.730003 -489.733726 -489.733710 -489.729532 -489.726100 -489.734362 -489.729718 -489.725479 -489.725817 -489.728470 -489.725693 -489.726918 -489.738491 -489.733508 -489.728232 -489.728722 -489.729837 -489.730603 -489.730630 -489.727504 -489.728794 -489.733584 -489.733653 -489.730277 -489.730085 -489.729632 -489.946879 -489.946873 -489.946871 -489.946851 -489.946784 -489.946044 -489.949987 -489.947359 -489.946947 -489.947000 -489.946950 -489.729307 -489.730014 -489.730050 -489.730039 -9999.0 -9999.0 -9999.0 -9999.0 -9999.0
-9999.0 -9999.0 -9999.0 -9999.0 -9999.0 -489.728935 -489.727671 -489.727315 -489.725108 -489.724086 -489.721825 -489.720224 -489.733437 -489.733591 -489.726432 -489.744326 -489.729541 -489.724039 -489.724846 -489.727899 -489.733372 -489.738396 -489.734410 -489.725580 -489.726519 -489.729161 -489.730098 -489.728854 -489.726861 -489.733644 -489.733538 -489.733497 -489.728597 -489.730259 -489.728961 -489.728438 -489.946852 -489.946860 -489.946859 -489.946786 -489.946676 -489.946266 -489.947344 -489.946896 -489.946922 -489.946903 -489.946861 -489.730324 -489.730267 -489.728684 -489.730299 -9999.0 -9999.0 -9999.0 -9999.0 -9999.0
-9999.0 -9999.0 -9999.0 -9999.0 -9999.0 -9999.0 -489.729534 -489.728238 -489.727260 -489.725737 -489.728906 -489.729501 -489.723299 -489.733520 -489.733600 -489.733491 -489.733491 -489.732603 -489.733478 -489.733971 -489.729669 -489.729802 -489.724425 -489.728502 -489.729576 -489.729513 -489.729495 -489.727568 -489.733395 -489.733448 -489.727693 -489.727833 -489.730366 -489.730015 -489.728259 -489.727022 -489.725195 -489.946388 -489.946711 -489.946690 -489.946761 -489.947321 -489.947286 -489.946881 -489.946811 -489.946867 -489.712892 -489.728826 -489.730169 -489.728315 -489.730388 -9999.0 -9999.0 -9999.0 -9999.0 -9999.0
-9999.0 -9999.0 -9999.0 -9999.0 -9999.0 -9999.0 -9999.0 -489.729400 -489.728473 -489.729752 -489.729476 -489.725678 -489.730057 -489.729901 -489.729948 -489.729915 -489.729340 -489.728491 -489.734235 -489.730002 -489.727858 -489.723988 -489.729539 -489.730138 -489.730042 -489.734288 -489.733352 -489.729941 -489.726419 -489.726905 -489.728865 -489.730166 -489.730438 -489.730036 -489.729523 -489.728081 -489.727479 -489.726548 -489.705735 -489.704348 -489.945677 -489.945673 -489.946070 -489.946541 -489.946906 -489.711021 -489.729532 -489.727522 -489.726565 -489.733757 -489.729979 -9999.0 -9999.0 -9999.0 -9999.0 -9999.0
-9999.0 -9999.0 -9999.0 -9999.0 -9999.0 -9999.0 -9999.0 -489.729053 -489.727670 -489.726541 -489.727266 -489.729281 -489.729954 -489.730071 -489.729485 -489.729782 -489.729487 -489.728073 -489.732232 -489.729435 -489.721357 -489.730100 -489.733626 -489.733668 -489.733652 -489.733626 -489.729582 -489.730062 -489.726689 -489.727350 -489.729569 -489.729927 -489.730269 -489.729916 -489.729812 -489.730099 -489.729687 -489.728380 -489.727752 -489.729484 -489.946748 -489.946559 -489.947315 -489.946291 -489.946400 -489.729992 -489.733586 -489.733511 -489.734486 -489.733598 -489.729633 -9999.0 -9999.0 -9999.0 -9999.0 -9999.0
-9999.0 -9999.0 -9999.0 -9999.0 -9999.0 -9999.0 -9999.0 -9999.0 -9999.0 -489.729624 -489.729585 -489.729381 -489.728381 -489.727770 -489.725085 -489.723998 -489.723126 -489.723272 -489.733345 -489.733573 -489.733409 -489.733643 -489.733709 -489.730085 -489.730155 -489.730525 -489.730161 -489.729775 -489.727986 -489.728161 -489.728860 -489.728926 -489.729061 -489.727676 -489.728603 -489.729567 -489.728197 -489.727616 -489.726174 -489.946169 -489.947307 -489.947322 -489.949771 -489.947195 -489.950156 -489.734351 -489.733987 -489.729836 -489.729667 -489.728156 -489.729222 -489.729653 -9999.0 -9999.0 -9999.0 -9999.0
-9999.0 -9999.0 -9999.0 -9999.0 -9999.0 -9999.0 -9999.0 -9999.0 -9999.0 -489.729191 -489.726708 -489.725241 -489.724225 -489.721467 -489.720649 -489.720464 -489.720854 -489.719779 -489.719642 -489.731045 -489.729673 -489.730260 -489.730332 -489.730189 -489.729917 -489.727937 -489.728586 -489.729858 -489.729617 -489.729519 -489.729787 -489.733728 -489.734898 -489.733531 -489.733592 -489.733594 -489.729927 -489.729451 -489.733599 -489.947326 -489.947328 -489.946837 -489.946840 -489.947324 -489.946615 -489.946816 -489.728713 -489.728461 -489.727894 -489.729406 -489.733527 -489.733508 -489.728496 -9999.0 -9999.0 -9999.0
-9999.0 -9999.0 -9999.0 -9999.0 -9999.0 -9999.0 -9999.0 -9999.0 -9999.0 -9999.0 -489.739469 -489.730101 -489.730162 -489.729560 -489.730108 -489.729731 -489.729696 -489.729665 -489.729499 -489.732013 -489.729884 -489.730104 -489.730029 -489.728326 -489.727555 -489.730176 -489.730404 -489.730431 -489.729752 -489.729517 -489.730083 -489.729505 -489.728853 -489.729361 -489.728137 -489.733576 -489.733501 -489.733489 -489.947315 -489.946853 -489.946840 -489.946774 -489.946670 -489.946534 -489.943964 -489.950160 -489.949769 -489.947321 -489.734374 -489.733525 -489.733593 -489.728923 -489.729326 -9999.0 -9999.0 -9999.0
-9999.0 -9999.0 -9999.0 -9999.0 -9999.0 -9999.0 -9999.0 -9999.0 -9999.0 -9999.0 -9999.0 -489.730044 -489.730179 -489.730163 -489.729888 -489.733603 -489.733580 -489.733588 -489.733575 -489.723357 -489.728380 -489.729126 -489.730031 -489.725991 -489.728842 -489.728994 -489.729084 -489.730091 -489.728939 -489.729132 -489.730056 -489.728419 -489.729505 -489.729591 -489.728241 -489.725348 -489.728355 -489.726705 -489.729471 -489.946879 -489.946697 -489.946549 -489.946469 -489.946422 -489.944551 -489.949775 -489.947349 -489.946810 -489.946832 -489.729253 -489.729947 -489.729672 -9999.0 -9999.0 -9999.0 -9999.0
-9999.0 -9999.0 -9999.0 -9999.0 -9999.0 -9999.0 -9999.0 -9999.0 -9999.0 -9999.0 -9999.0 -489.729254 -489.727413 -489.733418 -489.733574 -489.740810 -489.947340 -489.946773 -489.947318 -489.947130 -489.950157 -489.949779 -489.733540 -489.733551 -489.733618 -489.733612 -489.729106 -489.729725 -489.729716 -489.728375 -489.727565 -489.726548 -489.728797 -489.729470 -489.729270 -489.729715 -489.729993 -489.729773 -489.729717 -489.729817 -489.946847 -489.946723 -489.946504 -489.946464 -489.946595 -489.961085 -489.946901 -489.946822 -489.946869 -489.946865 -489.727966 -489.729574 -489.729248 -9999.0 -9999.0 -9999.0
-9999.0 -9999.0 -9999.0 -9999.0 -9999.0 -9999.0 -9999.0 -9999.0 -9999.0 -9999.0 -9999.0 -489.729271 -489.727124 -489.733650 -489.729483 -489.946766 -489.946850 -489.946537 -489.946708 -489.946618 -489.946958 -489.951124 -489.946860 -489.729187 -489.729906 -489.733654 -489.729950 -489.729037 -489.727957 -489.729847 -489.725725 -489.726772 -489.729506 -489.733533 -489.728542 -489.729144 -489.728683 -489.727851 -489.729391 -489.729244 -489.729542 -489.946727 -489.946599 -489.946404 -489.946364 -489.946232 -489.946803 -489.946141 -489.946204 -489.946324 -489.946664 -489.729599 -489.728351 -489.729460 -489.729525 -489.730218
-9999.0 -9999.0 -9999.0 -9999.0 -9999.0 -9999.0 -9999.0 -9999.0 -9999.0 -9999.0 -9999.0 -489.728865 -489.730306 -489.729653 -489.729928 -489.946821 -489.946766 -489.946878 -489.946872 -489.946854 -489.945739 -489.946652 -489.946886 -489.727854 -489.729795 -489.733634 -489.726890 -489.728968 -489.727498 -489.730047 -489.728215 -489.724077 -489.733535 -489.733445 -489.728097 -489.728576 -489.728219 -489.727138 -489.726038 -489.727649 -489.729954 -489.946828 -489.946663 -489.946520 -489.946393 -489.945382 -489.946065 -489.946843 -489.946841 -489.946837 -489.946851 -489.946806 -489.727808 -489.727653 -489.728073 -489.730316
-9999.0 -9999.0 -9999.0 -9999.0 -9999.0 -9999.0 -9999.0 -9999.0 -9999.0 -9999.0 -9999.0 -489.729592 -489.730213 -489.730271 -489.730253 -489.946911 -489.946897 -489.946893 -489.946887 -489.946834 -489.947319 -489.946991 -489.949763 -489.950154 -489.718225 -489.733439 -489.728104 -489.728896 -489.730048 -489.727722 -489.726496 -489.733499 -489.733531 -489.728210 -489.727838 -489.727165 -489.728650 -489.727698 -489.726863 -489.733371 -489.733523 -489.950154 -489.947329 -489.947326 -489.950160 -489.945530 -489.946555 -489.946723 -489.946691 -489.946665 -489.946796 -489.946313 -489.946723 -489.726343 -489.727546 -489.729802
-9999.0 -9999.0 -9999.0 -9999.0 -9999.0 -9999.0 -9999.0 -9999.0 -9999.0 -9999.0 -9999.0 -489.729257 -489.728419 -489.726735 -489.724936 -489.946317 -489.946184 -489.946112 -489.945922 -489.946089 -489.946673 -489.949399 -489.947332 -489.946383 -489.946750 -489.946689 -489.729212 -489.729901 -489.730000 -489.728019 -489.733467 -489.733563 -489.728443 -489.729224 -489.730167 -489.729485 -489.729745 -489.729659 -489.729606 -489.729786 -489.729959 -489.946777 -489.946762 -489.946806 -489.946624 -489.947319 -489.944366 -489.945923 -489.945917 -489.945998 -489.946109 -489.946704 -489.946727 -489.946407 -489.729457 -489.726830
-9999.0 -9999.0 -9999.0 -9999.0 -9999.0 -9999.0 -9999.0 -9999.0 -9999.0 -9999.0 -9999.0 -9999.0 -489.729017 -489.727362 -489.726063 -489.946347 -489.946225 -489.946189 -489.946101 -489.946136 -489.946179 -489.947324 -489.946646 -489.946830 -489.946547 -489.946537 -489.946733 -489.946831 -489.728706 -489.727581 -489.733558 -489.729721 -489.730170 -489.729778 -489.729790 -489.729370 -489.729998 -489.728612 -489.727249 -489.728732 -489.729302 -489.946854 -489.946821 -489.946687 -489.946555 -489.946386 -489.944900 -489.946458 -489.946410 -489.946581 -489.946761 -489.946775 -489.946555 -489.946314 -489.946819 -489.728398
