geotop/1.0zi/1.0Montebello/Templates/Duarrigle2006/maps/PSITOTL0002N0069.asc
ncols         76
nrows         123
xllcorner     110555.058093
yllcorner     85388.025579
cellsize      200.000000
NODATA_value  -9999.0
[rows 50 to 74 of 123, columns 0 to 55 of 76]
-9999.0 -9999.0 -9999.0 -9999.0 -9999.0 -9999.0 -487.970150 -487.973119 -487.968991 -487.979334 -487.962653 -487.941158 -487.947537 -487.978996 -487.982456 -487.985230 -487.985393 -489.476854 -489.478133 -489.477043 -489.476823 -489.471731 -489.468798 -489.487771 -489.369009 -489.472538 -489.477891 -489.487695 -489.467834 -489.488104 -489.474294 -489.474129 -489.473623 -489.477161 -489.476092 -489.476025 -489.473908 -489.474902 -489.457593 -489.474222 -489.476258 -489.477517 -489.471666 -489.487990 -489.476327 -489.469947 -489.472693 -489.476772 -489.475669 -489.477655 -489.476200 -489.475588 -489.475985 -489.478072 -489.478285 -489.478300
-9999.0 -9999.0 -9999.0 -9999.0 -9999.0 -9999.0 -487.984203 -487.986368 -487.985101 -487.986247 -487.955116 -487.979533 -487.970184 -487.981081 -487.975487 -487.981348 -487.980961 -489.476184 -489.475523 -489.476001 -489.472487 -489.468828 -489.469012 -489.475659 -489.270230 -489.474490 -489.481544 -489.479906 -489.472320 -489.478434 -489.478401 -489.477302 -489.476137 -489.475278 -489.474579 -489.545480 -489.533698 -489.467107 -489.455441 -489.470997 -489.475676 -489.472084 -489.465431 -489.487979 -489.451142 -489.455379 -489.462456 -489.473933 -489.473160 -489.477751 -489.487992 -489.472906 -489.475231 -489.477447 -489.473729 -489.476299
-9999.0 -9999.0 -9999.0 -9999.0 -9999.0 -9999.0 -9999.0 -9999.0 -487.980226 -487.963861 -487.970503 -487.938539 -487.918684 -488.022213 -488.023145 -488.024216 -488.023993 -487.956583 -489.472342 -489.476561 -489.478298 -489.478302 -489.476548 -489.532350 -489.297877 -489.477358 -489.478028 -489.472448 -489.476891 -489.478285 -489.475916 -489.475556 -489.475256 -489.470471 -489.474870 -489.476106 -489.475076 -489.472146 -489.471602 -489.454621 -489.471357 -489.467992 -489.487835 -489.486871 -489.465260 -489.471320 -489.476480 -489.475784 -489.475799 -489.466029 -489.487704 -489.488043 -489.478065 -489.470316 -489.471512 -489.472304
-9999.0 -9999.0 -9999.0 -9999.0 -9999.0 -9999.0 -9999.0 -9999.0 -9999.0 -9999.0 -487.979943 -487.981513 -487.982634 -487.971779 -487.964456 -487.961522 -488.023440 -488.024194 -488.008049 -488.009061 -488.038345 -488.009116 -488.007400 -489.491501 -489.355597 -489.476709 -489.478184 -489.474071 -489.477398 -489.477938 -489.474071 -489.471356 -489.471142 -489.487870 -489.487872 -489.487760 -489.472105 -489.471466 -489.472187 -489.467171 -489.445089 -489.461989 -489.487381 -489.471742 -489.476285 -489.477238 -489.476007 -489.476335 -489.475242 -489.471143 -489.468696 -489.487922 -489.487853 -489.487800 -489.487660 -489.487451
-9999.0 -9999.0 -9999.0 -9999.0 -9999.0 -9999.0 -9999.0 -9999.0 -9999.0 -9999.0 -9999.0 -9999.0 -487.980189 -487.983852 -487.986430 -487.957271 -487.985108 -487.984344 -487.977750 -487.884010 -488.006941 -488.036235 -489.476250 -489.476521 -489.487909 -489.266657 -489.477203 -489.470877 -489.473755 -489.471349 -489.475624 -489.468707 -489.487945 -489.487991 -489.475835 -489.475398 -489.473417 -489.475027 -489.474915 -489.467098 -489.473707 -489.482115 -489.487706 -489.469549 -489.470862 -489.473539 -489.476184 -489.476817 -489.470450 -489.474679 -489.471124 -489.469258 -489.471473 -489.478048 -489.476591 -489.476448
-9999.0 -9999.0 -9999.0 -9999.0 -9999.0 -9999.0 -9999.0 -9999.0 -9999.0 -9999.0 -9999.0 -9999.0 -9999.0 -487.964123 -487.956812 -487.964261 -487.953692 -487.905513 -487.904765 -487.938463 -489.476082 -489.477049 -489.474878 -489.474019 -489.476069 -489.295061 -489.487754 -489.471141 -489.469102 -489.477462 -489.487910 -489.487663 -489.487989 -489.475829 -489.476960 -489.475658 -489.476824 -489.471615 -489.474000 -489.475580 -489.462304 -489.490196 -489.470510 -489.475954 -489.473833 -489.474991 -489.477136 -489.471518 -489.465636 -489.474290 -489.476235 -489.476890 -489.475951 -489.471217 -489.466695 -489.459645
-9999.0 -9999.0 -9999.0 -9999.0 -9999.0 -9999.0 -9999.0 -9999.0 -9999.0 -9999.0 -9999.0 -9999.0 -9999.0 -487.967013 -487.978687 -487.947718 -487.939741 -487.945826 -489.473252 -489.474704 -489.477421 -489.475973 -489.467402 -489.465093 -489.448438 -489.292034 -489.474945 -489.487621 -489.488002 -489.491066 -489.487968 -489.471564 -489.477849 -489.477955 -489.476809 -489.477805 -489.472645 -489.467297 -489.475991 -489.468398 -489.487792 -489.486498 -489.476527 -489.476403 -489.470635 -489.471297 -489.476018 -489.464544 -489.460458 -489.487932 -489.541708 -489.472190 -489.475705 -489.477482 -489.474567 -489.474369
-9999.0 -9999.0 -9999.0 -9999.0 -9999.0 -9999.0 -9999.0 -9999.0 -9999.0 -9999.0 -9999.0 -9999.0 -9999.0 -9999.0 -489.475129 -489.477355 -489.477991 -489.476221 -489.476141 -489.476532 -489.472859 -489.459698 -489.443211 -489.453802 -489.474079 -489.488026 -489.031851 -489.474749 -489.471814 -489.472121 -489.477342 -489.478417 -489.478141 -489.476977 -489.477240 -489.473847 -489.468570 -489.462461 -489.472503 -489.474574 -489.484024 -489.476354 -489.477195 -489.474769 -489.467829 -489.466675 -489.469859 -489.463849 -489.487774 -489.487844 -489.460973 -489.465702 -489.470603 -489.476181 -489.477071 -489.477343
-9999.0 -9999.0 -9999.0 -9999.0 -9999.0 -9999.0 -9999.0 -9999.0 -9999.0 -9999.0 -9999.0 -9999.0 -9999.0 -489.474434 -489.475588 -489.476876 -489.477642 -489.475733 -489.475740 -489.476104 -489.474678 -489.474395 -489.468574 -489.476979 -489.477527 -489.476553 -489.487298 -489.091665 -489.470734 -489.472442 -489.477259 -489.477727 -489.476842 -489.475616 -489.464184 -489.459441 -489.452311 -489.442339 -489.473116 -489.482254 -489.487952 -489.476289 -489.476345 -489.471840 -489.464188 -489.464576 -489.455904 -489.475960 -489.487990 -489.474275 -489.475824 -489.475073 -489.474311 -489.476362 -489.475668 -489.466353
-9999.0 -9999.0 -9999.0 -9999.0 -9999.0 -9999.0 -9999.0 -9999.0 -9999.0 -9999.0 -9999.0 -9999.0 -489.473218 -489.463781 -489.457094 -489.451198 -489.447800 -489.451290 -489.472409 -489.475528 -489.477437 -489.477883 -489.476683 -489.476110 -489.471989 -489.470351 -489.459294 -489.244080 -489.467829 -489.469516 -489.472692 -489.474878 -489.477702 -489.476576 -489.477407 -489.476440 -489.468152 -489.462222 -489.435387 -489.485280 -489.476002 -489.476444 -489.475924 -489.470880 -489.461519 -489.462727 -489.453155 -489.491775 -489.541717 -489.467677 -489.474538 -489.474892 -489.467966 -489.474724 -489.471699 -489.476994
-9999.0 -9999.0 -9999.0 -9999.0 -9999.0 -9999.0 -9999.0 -9999.0 -9999.0 -9999.0 -9999.0 -9999.0 -489.475469 -489.475457 -489.471637 -489.476403 -489.477026 -489.478085 -489.454774 -489.470578 -489.477091 -489.477005 -489.476799 -489.477443 -489.476643 -489.472956 -489.453644 -489.318183 -489.472336 -489.475420 -489.471079 -489.474776 -489.478375 -489.477254 -489.476772 -489.477395 -489.475621 -489.470357 -489.466461 -489.475047 -489.541802 -489.473716 -489.472645 -489.469667 -489.475261 -489.487309 -489.474736 -489.487513 -489.458461 -489.474087 -489.472208 -489.459011 -489.456251 -489.470018 -489.475030 -489.474816
-9999.0 -9999.0 -9999.0 -9999.0 -9999.0 -9999.0 -9999.0 -9999.0 -9999.0 -9999.0 -9999.0 -9999.0 -9999.0 -489.476262 -489.477247 -489.477915 -489.475699 -489.488007 -489.488025 -489.487249 -489.487156 -489.487977 -489.470702 -489.475772 -489.472653 -489.470190 -489.004698 -489.486526 -489.451543 -489.451773 -489.456391 -489.464860 -489.470752 -489.475907 -489.477764 -489.472102 -489.468265 -489.467023 -489.476154 -489.476349 -489.479004 -489.548825 -489.486791 -489.480613 -489.487233 -489.487818 -489.467009 -489.472065 -489.477576 -489.473095 -489.475882 -489.475553 -489.474890 -489.448016 -489.471516 -489.470927
-9999.0 -9999.0 -9999.0 -9999.0 -9999.0 -9999.0 -9999.0 -9999.0 -9999.0 -9999.0 -9999.0 -9999.0 -9999.0 -9999.0 -489.475085 -489.487829 -489.487904 -489.487917 -489.475298 -489.477572 -489.473994 -489.488193 -489.487712 -489.487904 -489.477896 -489.476323 -489.102236 -489.487900 -489.475390 -489.467369 -489.465536 -489.471825 -489.476810 -489.476056 -489.477282 -489.472972 -489.476599 -489.474738 -489.463573 -489.471883 -489.478532 -489.487177 -489.468498 -489.469010 -489.472534 -489.473073 -489.476901 -489.478077 -489.477276 -489.473635 -489.476016 -489.474784 -489.472221 -489.474253 -489.487571 -489.487842
-9999.0 -9999.0 -9999.0 -9999.0 -9999.0 -9999.0 -9999.0 -9999.0 -9999.0 -9999.0 -9999.0 -9999.0 -9999.0 -9999.0 -489.475794 -489.477156 -489.475348 -489.475922 -489.475664 -489.478344 -489.479285 -489.478053 -489.468476 -489.487738 -489.487378 -489.486790 -489.308148 -489.526000 -489.467278 -489.477651 -489.475635 -489.478089 -489.477987 -489.474235 -489.475784 -489.473727 -489.470996 -489.473646 -489.475956 -489.457682 -489.460096 -489.476313 -489.474219 -489.474285 -489.473354 -489.476964 -489.476055 -489.476270 -489.477131 -489.475483 -489.475219 -489.472489 -489.532491 -489.487977 -489.543418 -489.491762
-9999.0 -9999.0 -9999.0 -9999.0 -9999.0 -9999.0 -9999.0 -9999.0 -9999.0 -9999.0 -9999.0 -9999.0 -9999.0 -9999.0 -489.476730 -489.473355 -489.475296 -489.474766 -489.474883 -489.474165 -489.476003 -489.475414 -489.478460 -489.469020 -489.472359 -489.473759 -489.471239 -489.275443 -489.487997 -489.476220 -489.471855 -489.473668 -489.470952 -489.475901 -489.470743 -489.474474 -489.469462 -489.468953 -489.465492 -489.469667 -489.487828 -489.470550 -489.476090 -489.476987 -489.475060 -489.475292 -489.474679 -489.476896 -489.473058 -489.466489 -489.469523 -489.473275 -489.467005 -489.476623 -489.473981 -489.474065
-9999.0 -9999.0 -9999.0 -9999.0 -9999.0 -9999.0 -9999.0 -9999.0 -9999.0 -9999.0 -9999.0 -9999.0 -9999.0 -489.477252 -489.477354 -489.474011 -489.466108 -489.471033 -489.470982 -489.470407 -489.474552 -489.472057 -489.469498 -489.474150 -489.478173 -489.478402 -489.477837 -489.469123 -489.141970 -489.487644 -489.470965 -489.466883 -489.477607 -489.471985 -489.470919 -489.470051 -489.476158 -489.465929 -489.487545 -489.469828 -489.477731 -489.478707 -489.477632 -489.476194 -489.476139 -489.476051 -489.475929 -489.487944 -489.487914 -489.457741 -489.465102 -489.472563 -489.474446 -489.465422 -489.470888 -489.476154
-9999.0 -9999.0 -9999.0 -9999.0 -9999.0 -9999.0 -9999.0 -9999.0 -9999.0 -489.475795 -489.474315 -489.476888 -489.475040 -489.474666 -489.468106 -489.466720 -489.458004 -489.467927 -489.468667 -489.467950 -489.476343 -489.477057 -489.477524 -489.477993 -489.475787 -489.477456 -489.477233 -489.472053 -489.466393 -489.280758 -489.475497 -489.464684 -489.476986 -489.462228 -489.476608 -489.468032 -489.475364 -489.470777 -489.419943 -489.477297 -489.478850 -489.476206 -489.473167 -489.473139 -489.472340 -489.475763 -489.473848 -489.469010 -489.487928 -489.487635 -489.532487 -489.472860 -489.476304 -489.477546 -489.463585 -489.464412
-9999.0 -9999.0 -9999.0 -9999.0 -9999.0 -9999.0 -9999.0 -9999.0 -489.475080 -489.474325 -489.455343 -489.474417 -489.470461 -489.475766 -489.474631 -489.472047 -489.454088 -489.469708 -489.467676 -489.466429 -489.476879 -489.477309 -489.478992 -489.477097 -489.469270 -489.477297 -489.472719 -489.468583 -489.462571 -489.224041 -489.444147 -489.470222 -489.464578 -489.474961 -489.477697 -489.465742 -489.487911 -489.464783 -489.485448 -489.475819 -489.477374 -489.469135 -489.470593 -489.470450 -489.472625 -489.476099 -489.469032 -489.476644 -489.476500 -489.475857 -489.488021 -489.487980 -489.487977 -489.476483 -489.472198 -489.462754
-9999.0 -9999.0 -9999.0 -9999.0 -9999.0 -9999.0 -9999.0 -9999.0 -489.473212 -489.466458 -489.454680 -489.469313 -489.466077 -489.474957 -489.474574 -489.472252 -489.467964 -489.450085 -489.462194 -489.464995 -489.473939 -489.473788 -489.477543 -489.469898 -489.466134 -489.476250 -489.470442 -489.467610 -489.460376 -489.487982 -489.040144 -489.237079 -489.475801 -489.473689 -489.475061 -489.444753 -489.468573 -489.474927 -489.469246 -489.429090 -489.437877 -489.445910 -489.454796 -489.462318 -489.468549 -489.474373 -489.466974 -489.474458 -489.470182 -489.470447 -489.473602 -489.469396 -489.487871 -489.487791 -489.487395 -489.491322
-9999.0 -9999.0 -9999.0 -9999.0 -9999.0 -9999.0 -9999.0 -9999.0 -489.473651 -489.469499 -489.464147 -489.409643 -489.465409 -489.474824 -489.476640 -489.477702 -489.478003 -489.477916 -489.445098 -489.430524 -489.467687 -489.468103 -489.488012 -489.466075 -489.462628 -489.475299 -489.470310 -489.467190 -489.475364 -489.477069 -489.541743 -489.546507 -489.161155 -489.532458 -489.448148 -489.532431 -489.476571 -489.477966 -489.476060 -489.460677 -489.472227 -489.475973 -489.475531 -489.473491 -489.476015 -489.471254 -489.466422 -489.476417 -489.475873 -489.459205 -489.472383 -489.474715 -489.473192 -489.477253 -489.476405 -489.477480
-9999.0 -9999.0 -9999.0 -9999.0 -9999.0 -9999.0 -9999.0 -489.477087 -489.475918 -489.476444 -489.474459 -489.409864 -489.476159 -489.477553 -489.478206 -489.475502 -489.475408 -489.472152 -489.487956 -489.489625 -489.464380 -489.467205 -489.464186 -489.468197 -489.399730 -489.467394 -489.474300 -489.476243 -489.475286 -489.475559 -489.475574 -489.532496 -489.118138 -489.432900 -489.474270 -489.464893 -489.469519 -489.475645 -489.477479 -489.475461 -489.467013 -489.475317 -489.472606 -489.470597 -489.475480 -489.467900 -489.466669 -489.471233 -489.471419 -489.461291 -489.470342 -489.472847 -489.474843 -489.476742 -489.476477 -489.476657
-9999.0 -9999.0 -9999.0 -9999.0 -9999.0 -9999.0 -489.475322 -489.476338 -489.471917 -489.472811 -489.437645 -489.475578 -489.477683 -489.477326 -489.474521 -489.475582 -489.469668 -489.487098 -489.484861 -489.464824 -489.463327 -489.470268 -489.471577 -489.475575 -489.467431 -489.487518 -489.406619 -489.483257 -489.458663 -489.455050 -489.449125 -489.471728 -488.983510 -489.474908 -489.470097 -489.472314 -489.474306 -489.476525 -489.473885 -489.468998 -489.472825 -489.473782 -489.461536 -489.474770 -489.475115 -489.470539 -489.454321 -489.448865 -489.451846 -489.469302 -489.475793 -489.470049 -489.474889 -489.476539 -489.469259 -489.462636
-9999.0 -9999.0 -9999.0 -9999.0 -9999.0 -9999.0 -489.470273 -489.474189 -489.468301 -489.461796 -489.487297 -489.483519 -489.541772 -489.478354 -489.473648 -489.471088 -489.485869 -489.487917 -489.457245 -489.466912 -489.467955 -489.475775 -489.475663 -489.473220 -489.473312 -489.467590 -489.464214 -489.476987 -489.461955 -489.471248 -489.475631 -489.487956 -489.190435 -489.487877 -489.470434 -489.476347 -489.477142 -489.475237 -489.472046 -489.466256 -489.465844 -489.469851 -489.452314 -489.468567 -489.476087 -489.476595 -489.476681 -489.473698 -489.429828 -489.471102 -489.475227 -489.467737 -489.470658 -489.477015 -489.469685 -489.473362
-9999.0 -9999.0 -9999.0 -9999.0 -9999.0 -9999.0 -489.465197 -489.468858 -489.473861 -489.475285 -489.475039 -489.473226 -489.487893 -489.487997 -489.474906 -489.487939 -489.541752 -489.468922 -489.457339 -489.468537 -489.473540 -489.475673 -489.476680 -489.476565 -489.472674 -489.469810 -489.475075 -489.468163 -489.475775 -489.475913 -489.477185 -489.477118 -489.146884 -489.532252 -489.478243 -489.477009 -489.476273 -489.472832 -489.471940 -489.475212 -489.473004 -489.459286 -489.440280 -489.460117 -489.475033 -489.473785 -489.470252 -489.487438 -489.490985 -489.486564 -489.470869 -489.467180 -489.468325 -489.476254 -489.465692 -489.471737
-9999.0 -9999.0 -9999.0 -9999.0 -9999.0 -9999.0 -489.466179 -489.466302 -489.467947 -489.472862 -489.472385 -489.474737 -489.476675 -489.477327 -489.476246 -489.475719 -489.476077 -489.467997 -489.468587 -489.472869 -489.475908 -489.474307 -489.476429 -489.476154 -489.475982 -489.474005 -489.476314 -489.469527 -489.476192 -489.476986 -489.476432 -489.476823 -489.039589 -489.476430 -489.469505 -489.467755 -489.473897 -489.470549 -489.466975 -489.475200 -489.465575 -489.475331 -489.473011 -489.430263 -489.470671 -489.464153 -489.466912 -489.474025 -489.469613 -489.487948 -489.487712 -489.475703 -489.466815 -489.471346 -489.460030 -489.476611
