geotop/1.0zi/1.0Montebello/Templates/Duarrigle2006/maps/PSITOTL0004N0043.asc
ncols         76
nrows         123
xllcorner     110555.058093
yllcorner     85388.025579
cellsize      200.000000
NODATA_value  -9999.0
[rows 50 to 74 of 123, columns 0 to 55 of 76]
-9999.0 -9999.0 -9999.0 -9999.0 -9999.0 -9999.0 -489.894672 -489.894826 -489.894835 -489.894739 -489.894646 -489.894611 -489.894599 -489.894605 -489.894626 -489.894649 -489.894651 -489.970987 -489.970991 -489.971003 -489.971020 -489.971010 -489.970995 -489.970970 -489.970978 -489.971012 -489.970995 -489.970976 -489.970966 -489.971006 -489.971017 -489.970996 -489.970983 -489.970975 -489.970970 -489.970966 -489.970963 -489.970965 -489.970966 -489.970972 -489.970973 -489.970985 -489.970996 -489.970976 -489.970984 -489.970988 -489.970990 -489.970984 -489.970980 -489.970987 -489.970989 -489.970980 -489.970979 -489.970998 -489.971020 -489.971004
-9999.0 -9999.0 -9999.0 -9999.0 -9999.0 -9999.0 -489.894622 -489.894687 -489.894674 -489.894680 -489.894608 -489.894583 -489.894568 -489.894563 -489.894576 -489.894615 -489.894636 -489.970982 -489.970973 -489.970978 -489.971008 -489.971008 -489.970998 -489.970994 -489.970961 -489.970982 -489.970964 -489.970971 -489.971023 -489.971040 -489.970997 -489.970971 -489.970965 -489.970965 -489.970965 -489.970965 -489.970964 -489.970965 -489.970966 -489.970977 -489.970988 -489.971000 -489.970991 -489.970969 -489.970971 -489.970971 -489.970969 -489.970966 -489.970975 -489.971003 -489.971016 -489.971019 -489.971030 -489.971053 -489.971043 -489.971007
-9999.0 -9999.0 -9999.0 -9999.0 -9999.0 -9999.0 -9999.0 -9999.0 -489.894593 -489.894622 -489.894577 -489.894585 -489.894581 -489.894580 -489.894566 -489.894583 -489.894635 -489.894679 -489.971003 -489.971000 -489.971007 -489.971008 -489.970995 -489.970999 -489.970960 -489.971002 -489.970970 -489.970976 -489.971020 -489.970996 -489.970973 -489.970972 -489.970971 -489.970972 -489.970973 -489.970970 -489.970965 -489.970965 -489.970968 -489.970974 -489.970990 -489.970995 -489.970972 -489.970971 -489.970988 -489.970985 -489.970972 -489.970964 -489.970974 -489.970989 -489.970987 -489.970998 -489.971031 -489.971054 -489.971041 -489.971024
-9999.0 -9999.0 -9999.0 -9999.0 -9999.0 -9999.0 -9999.0 -9999.0 -9999.0 -9999.0 -489.894567 -489.894578 -489.894604 -489.894639 -489.894668 -489.894645 -489.894609 -489.894594 -489.894592 -489.894640 -489.894680 -489.894655 -489.894609 -489.970987 -489.970964 -489.971016 -489.970983 -489.970977 -489.971015 -489.971017 -489.971000 -489.970993 -489.970988 -489.970979 -489.970970 -489.970966 -489.970964 -489.970964 -489.970970 -489.970976 -489.970976 -489.970972 -489.970967 -489.970995 -489.970991 -489.970971 -489.970964 -489.970966 -489.970977 -489.970986 -489.970987 -489.970984 -489.970977 -489.970973 -489.970972 -489.970970
-9999.0 -9999.0 -9999.0 -9999.0 -9999.0 -9999.0 -9999.0 -9999.0 -9999.0 -9999.0 -9999.0 -9999.0 -489.894567 -489.894584 -489.894624 -489.894668 -489.894665 -489.894640 -489.894621 -489.894600 -489.894582 -489.894625 -489.970990 -489.970999 -489.970979 -489.970979 -489.971004 -489.970987 -489.971002 -489.971004 -489.970994 -489.970987 -489.970977 -489.970979 -489.970975 -489.970964 -489.970963 -489.970965 -489.970972 -489.970979 -489.970974 -489.970962 -489.970980 -489.970999 -489.970978 -489.970970 -489.970971 -489.970979 -489.970979 -489.970975 -489.970979 -489.970988 -489.970994 -489.971002 -489.971000 -489.970995
-9999.0 -9999.0 -9999.0 -9999.0 -9999.0 -9999.0 -9999.0 -9999.0 -9999.0 -9999.0 -9999.0 -9999.0 -9999.0 -489.894561 -489.894583 -489.894634 -489.894663 -489.894634 -489.894623 -489.894618 -489.970978 -489.970977 -489.970984 -489.970989 -489.970999 -489.970963 -489.970995 -489.970994 -489.970997 -489.970996 -489.970978 -489.970968 -489.970987 -489.970994 -489.970972 -489.970963 -489.970969 -489.970977 -489.970985 -489.970987 -489.970977 -489.970964 -489.970991 -489.970984 -489.970971 -489.970975 -489.970981 -489.970989 -489.970986 -489.970975 -489.970968 -489.970967 -489.970976 -489.970986 -489.970994 -489.970994
-9999.0 -9999.0 -9999.0 -9999.0 -9999.0 -9999.0 -9999.0 -9999.0 -9999.0 -9999.0 -9999.0 -9999.0 -9999.0 -489.894560 -489.894569 -489.894623 -489.894699 -489.894709 -489.970999 -489.970988 -489.970978 -489.970993 -489.970987 -489.970978 -489.970991 -489.970973 -489.970967 -489.970981 -489.970984 -489.970993 -489.970999 -489.971016 -489.971018 -489.970981 -489.970963 -489.970980 -489.971001 -489.971006 -489.971004 -489.970996 -489.970973 -489.970973 -489.970989 -489.970972 -489.970976 -489.970987 -489.970993 -489.970989 -489.970979 -489.970971 -489.970966 -489.970963 -489.970963 -489.970976 -489.970999 -489.971008
-9999.0 -9999.0 -9999.0 -9999.0 -9999.0 -9999.0 -9999.0 -9999.0 -9999.0 -9999.0 -9999.0 -9999.0 -9999.0 -9999.0 -489.970963 -489.970969 -489.970987 -489.970996 -489.970996 -489.971004 -489.971007 -489.970992 -489.970977 -489.970976 -489.970992 -489.970999 -489.970962 -489.970984 -489.970999 -489.971033 -489.971037 -489.971003 -489.970980 -489.970963 -489.970982 -489.971000 -489.971005 -489.970996 -489.970990 -489.970977 -489.970968 -489.970991 -489.970968 -489.970972 -489.970982 -489.970984 -489.970982 -489.970975 -489.970967 -489.970963 -489.970964 -489.970963 -489.970963 -489.970967 -489.970985 -489.970995
-9999.0 -9999.0 -9999.0 -9999.0 -9999.0 -9999.0 -9999.0 -9999.0 -9999.0 -9999.0 -9999.0 -9999.0 -9999.0 -489.970963 -489.970964 -489.970969 -489.970978 -489.970979 -489.970975 -489.970989 -489.971009 -489.971019 -489.971017 -489.971001 -489.970996 -489.971012 -489.970975 -489.970981 -489.971020 -489.971038 -489.971027 -489.970986 -489.970969 -489.970966 -489.970977 -489.970984 -489.970984 -489.970973 -489.970972 -489.970966 -489.970992 -489.970982 -489.970967 -489.970975 -489.970978 -489.970977 -489.970973 -489.970969 -489.970964 -489.970969 -489.970965 -489.970963 -489.970965 -489.970970 -489.970982 -489.970986
-9999.0 -9999.0 -9999.0 -9999.0 -9999.0 -9999.0 -9999.0 -9999.0 -9999.0 -9999.0 -9999.0 -9999.0 -489.970963 -489.970965 -489.970964 -489.970965 -489.970973 -489.970981 -489.970982 -489.970977 -489.970973 -489.970973 -489.970983 -489.970994 -489.971002 -489.971023 -489.970984 -489.970976 -489.971020 -489.971023 -489.971032 -489.971014 -489.970981 -489.970963 -489.970980 -489.971000 -489.970996 -489.970975 -489.970967 -489.970970 -489.970997 -489.970991 -489.970988 -489.970980 -489.970975 -489.970977 -489.970976 -489.970973 -489.970969 -489.970970 -489.970969 -489.970975 -489.970978 -489.970975 -489.970970 -489.970972
-9999.0 -9999.0 -9999.0 -9999.0 -9999.0 -9999.0 -9999.0 -9999.0 -9999.0 -9999.0 -9999.0 -9999.0 -489.970964 -489.970969 -489.970976 -489.970977 -489.970982 -489.970997 -489.970995 -489.971006 -489.971020 -489.971014 -489.970999 -489.970993 -489.971014 -489.971034 -489.970982 -489.970975 -489.971005 -489.971001 -489.971016 -489.971036 -489.971010 -489.970967 -489.970972 -489.970996 -489.971000 -489.970982 -489.970970 -489.970966 -489.970996 -489.971008 -489.971010 -489.970997 -489.970979 -489.970966 -489.970964 -489.970969 -489.970972 -489.970966 -489.970962 -489.970965 -489.970967 -489.970973 -489.970972 -489.970964
-9999.0 -9999.0 -9999.0 -9999.0 -9999.0 -9999.0 -9999.0 -9999.0 -9999.0 -9999.0 -9999.0 -9999.0 -9999.0 -489.970965 -489.970971 -489.970985 -489.970993 -489.970994 -489.970987 -489.970976 -489.970972 -489.970981 -489.970996 -489.970993 -489.971004 -489.971028 -489.970972 -489.970975 -489.970989 -489.970980 -489.970991 -489.971029 -489.971023 -489.970977 -489.970988 -489.971002 -489.970995 -489.970983 -489.970973 -489.970971 -489.970980 -489.970983 -489.970969 -489.970963 -489.970967 -489.970986 -489.971010 -489.971016 -489.970995 -489.970976 -489.970971 -489.970972 -489.970972 -489.970968 -489.970972 -489.970979
-9999.0 -9999.0 -9999.0 -9999.0 -9999.0 -9999.0 -9999.0 -9999.0 -9999.0 -9999.0 -9999.0 -9999.0 -9999.0 -9999.0 -489.970971 -489.970989 -489.970976 -489.970980 -489.971022 -489.971075 -489.971102 -489.971066 -489.970987 -489.970976 -489.970997 -489.971008 -489.970967 -489.970975 -489.970986 -489.970976 -489.970983 -489.971011 -489.971010 -489.970991 -489.971001 -489.970997 -489.970985 -489.970978 -489.970975 -489.970976 -489.970966 -489.970976 -489.970987 -489.971000 -489.971008 -489.971011 -489.971001 -489.970983 -489.970968 -489.970965 -489.970967 -489.970973 -489.970977 -489.970974 -489.970970 -489.970971
-9999.0 -9999.0 -9999.0 -9999.0 -9999.0 -9999.0 -9999.0 -9999.0 -9999.0 -9999.0 -9999.0 -9999.0 -9999.0 -9999.0 -489.970967 -489.970975 -489.970970 -489.970969 -489.970969 -489.970976 -489.971019 -489.971101 -489.971063 -489.970990 -489.970980 -489.970984 -489.970967 -489.970969 -489.970995 -489.970986 -489.970990 -489.971011 -489.971016 -489.971005 -489.970999 -489.970993 -489.970988 -489.970984 -489.970985 -489.970975 -489.970967 -489.971009 -489.971007 -489.970989 -489.970978 -489.970974 -489.970967 -489.970965 -489.970973 -489.970979 -489.970978 -489.970978 -489.970978 -489.970975 -489.970974 -489.970969
-9999.0 -9999.0 -9999.0 -9999.0 -9999.0 -9999.0 -9999.0 -9999.0 -9999.0 -9999.0 -9999.0 -9999.0 -9999.0 -9999.0 -489.970970 -489.970978 -489.970973 -489.970973 -489.970973 -489.970973 -489.970985 -489.971036 -489.971041 -489.971021 -489.971026 -489.971025 -489.971009 -489.970964 -489.970989 -489.971007 -489.971006 -489.971008 -489.971006 -489.970999 -489.970993 -489.970989 -489.970984 -489.970988 -489.970990 -489.970964 -489.971007 -489.971034 -489.970996 -489.970973 -489.970967 -489.970965 -489.970964 -489.970973 -489.970987 -489.970985 -489.970978 -489.970972 -489.970974 -489.970977 -489.970974 -489.970969
-9999.0 -9999.0 -9999.0 -9999.0 -9999.0 -9999.0 -9999.0 -9999.0 -9999.0 -9999.0 -9999.0 -9999.0 -9999.0 -489.970973 -489.970980 -489.970995 -489.970990 -489.970986 -489.970983 -489.970977 -489.970973 -489.970989 -489.971003 -489.971007 -489.971013 -489.971016 -489.971050 -489.971012 -489.970963 -489.970986 -489.970994 -489.970995 -489.971000 -489.970997 -489.970985 -489.970979 -489.970976 -489.970983 -489.970965 -489.970999 -489.971052 -489.970996 -489.970969 -489.970968 -489.970968 -489.970965 -489.970966 -489.970975 -489.970979 -489.970972 -489.970967 -489.970966 -489.970971 -489.970983 -489.970980 -489.970975
-9999.0 -9999.0 -9999.0 -9999.0 -9999.0 -9999.0 -9999.0 -9999.0 -9999.0 -489.970964 -489.970963 -489.970972 -489.970972 -489.970973 -489.970986 -489.970989 -489.970983 -489.970987 -489.970988 -489.970982 -489.970970 -489.970969 -489.970979 -489.970986 -489.970982 -489.970981 -489.971025 -489.971029 -489.970970 -489.970968 -489.970988 -489.970993 -489.970989 -489.970980 -489.970978 -489.970982 -489.970982 -489.970980 -489.970964 -489.971030 -489.971007 -489.970983 -489.970981 -489.970979 -489.970975 -489.970971 -489.970970 -489.970971 -489.970972 -489.970969 -489.970978 -489.970988 -489.970988 -489.970995 -489.970993 -489.970983
-9999.0 -9999.0 -9999.0 -9999.0 -9999.0 -9999.0 -9999.0 -9999.0 -489.970964 -489.970969 -489.970968 -489.970980 -489.970978 -489.970971 -489.970975 -489.970991 -489.970983 -489.970991 -489.971005 -489.971012 -489.971010 -489.971014 -489.971037 -489.971046 -489.971015 -489.970999 -489.971011 -489.971006 -489.970976 -489.970962 -489.970971 -489.970982 -489.970983 -489.970976 -489.970987 -489.970996 -489.970978 -489.970962 -489.970968 -489.971005 -489.971012 -489.970999 -489.970986 -489.970981 -489.970976 -489.970972 -489.970969 -489.970971 -489.970974 -489.970979 -489.970981 -489.970986 -489.971001 -489.971015 -489.971003 -489.970987
-9999.0 -9999.0 -9999.0 -9999.0 -9999.0 -9999.0 -9999.0 -9999.0 -489.970964 -489.970972 -489.970966 -489.970970 -489.970971 -489.970963 -489.970970 -489.970993 -489.970993 -489.970987 -489.970999 -489.971036 -489.971070 -489.971090 -489.971097 -489.971050 -489.971000 -489.970984 -489.970987 -489.970982 -489.970971 -489.970972 -489.970965 -489.970964 -489.970986 -489.970989 -489.970983 -489.970963 -489.970973 -489.970983 -489.970976 -489.970966 -489.970973 -489.970973 -489.970975 -489.970974 -489.970973 -489.970974 -489.970974 -489.970975 -489.970980 -489.970980 -489.970973 -489.970967 -489.970970 -489.970969 -489.970966 -489.970970
-9999.0 -9999.0 -9999.0 -9999.0 -9999.0 -9999.0 -9999.0 -9999.0 -489.970967 -489.970971 -489.970968 -489.970962 -489.970974 -489.970966 -489.970974 -489.970998 -489.971009 -489.971006 -489.971001 -489.970998 -489.971015 -489.971021 -489.971009 -489.970990 -489.970984 -489.970978 -489.970973 -489.970967 -489.970965 -489.970971 -489.970977 -489.970968 -489.970967 -489.970974 -489.970963 -489.970987 -489.971010 -489.971003 -489.970999 -489.970984 -489.970971 -489.970970 -489.970968 -489.970970 -489.970971 -489.970979 -489.970989 -489.970992 -489.970989 -489.970977 -489.970966 -489.970963 -489.970973 -489.970984 -489.970986 -489.970990
-9999.0 -9999.0 -9999.0 -9999.0 -9999.0 -9999.0 -9999.0 -489.970973 -489.970972 -489.970972 -489.970970 -489.970964 -489.970979 -489.970966 -489.970993 -489.971029 -489.971045 -489.971026 -489.970993 -489.970969 -489.970962 -489.970962 -489.970964 -489.970965 -489.970962 -489.970965 -489.970967 -489.970966 -489.970967 -489.970970 -489.970974 -489.970977 -489.970962 -489.970968 -489.970980 -489.971003 -489.970998 -489.970981 -489.970970 -489.970974 -489.970963 -489.970964 -489.970966 -489.970970 -489.970970 -489.970978 -489.970993 -489.971002 -489.970992 -489.970974 -489.970965 -489.970964 -489.970964 -489.970969 -489.970972 -489.970975
-9999.0 -9999.0 -9999.0 -9999.0 -9999.0 -9999.0 -489.970973 -489.970975 -489.970979 -489.970977 -489.970973 -489.970977 -489.970990 -489.970994 -489.971017 -489.971052 -489.971038 -489.970984 -489.970966 -489.970968 -489.970977 -489.970987 -489.970993 -489.970991 -489.970983 -489.970972 -489.970963 -489.970964 -489.970964 -489.970961 -489.970963 -489.970972 -489.970961 -489.970979 -489.970999 -489.971012 -489.970989 -489.970969 -489.970964 -489.970968 -489.970963 -489.970964 -489.970966 -489.970968 -489.970964 -489.970968 -489.970973 -489.970973 -489.970975 -489.970973 -489.970970 -489.970973 -489.970973 -489.970977 -489.970978 -489.970969
-9999.0 -9999.0 -9999.0 -9999.0 -9999.0 -9999.0 -489.970983 -489.970977 -489.970970 -489.970970 -489.970967 -489.970966 -489.970986 -489.971015 -489.971023 -489.971015 -489.970982 -489.970968 -489.970971 -489.970973 -489.970978 -489.970983 -489.970983 -489.970985 -489.970984 -489.970985 -489.970984 -489.970984 -489.970991 -489.970996 -489.970992 -489.970993 -489.970963 -489.970995 -489.971015 -489.970996 -489.970971 -489.970963 -489.970964 -489.970966 -489.970964 -489.970964 -489.970965 -489.970969 -489.970968 -489.970968 -489.970978 -489.970972 -489.970967 -489.970977 -489.970981 -489.970981 -489.970980 -489.970980 -489.970975 -489.970966
-9999.0 -9999.0 -9999.0 -9999.0 -9999.0 -9999.0 -489.970972 -489.970971 -489.970967 -489.970965 -489.970966 -489.970964 -489.970966 -489.970973 -489.970967 -489.970969 -489.970980 -489.970973 -489.970969 -489.970968 -489.970966 -489.970965 -489.970967 -489.970978 -489.970978 -489.970977 -489.970980 -489.970979 -489.970978 -489.970974 -489.970975 -489.971009 -489.970961 -489.971014 -489.971000 -489.970980 -489.970970 -489.970966 -489.970965 -489.970966 -489.970966 -489.970965 -489.970964 -489.970967 -489.970971 -489.970972 -489.970974 -489.970970 -489.970967 -489.970968 -489.970980 -489.970982 -489.970988 -489.970994 -489.970983 -489.970973
-9999.0 -9999.0 -9999.0 -9999.0 -9999.0 -9999.0 -489.970969 -489.970970 -489.970969 -489.970966 -489.970964 -489.970964 -489.970968 -489.970971 -489.970973 -489.970973 -489.970973 -489.970971 -489.970968 -489.970965 -489.970963 -489.970965 -489.970964 -489.970968 -489.970972 -489.970969 -489.970970 -489.970970 -489.970967 -489.970974 -489.970982 -489.971012 -489.970963 -489.971019 -489.970994 -489.970974 -489.970969 -489.970967 -489.970965 -489.970966 -489.970966 -489.970966 -489.970964 -489.970963 -489.970964 -489.970964 -489.970965 -489.970969 -489.970971 -489.970969 -489.970970 -489.970984 -489.970997 -489.970998 -489.970986 -489.970974
