geotop/1.0zi/1.0Montebello/Templates/Duarrigle2006/maps/PSITOTL0001N0032.asc
ncols         76
nrows         123
xllcorner     110555.058093
yllcorner     85388.025579
cellsize      200.000000
NODATA_value  -9999.0
[rows 54 to 80 of 123, columns 0 to 59 of 76]
-9999.0 -9999.0 -9999.0 -9999.0 -9999.0 -9999.0 -9999.0 -9999.0 -9999.0 -9999.0 -9999.0 -9999.0 55.769817 55.124974 54.686202 59.998206 54.915488 55.045293 56.214774 69.589175 50.176053 -0.590953 55.464037 55.294143 50.011488 88.950735 54.870493 58.420044 56.678169 58.267245 55.864427 60.032540 50.006151 49.992482 55.722917 56.003083 57.341613 56.248666 56.318314 60.951934 57.140365 50.255080 50.071768 59.747318 58.867235 57.257960 55.493717 55.100091 58.786106 56.485403 58.578942 59.514190 57.959553 54.353986 55.251041 55.336324 54.876310 54.981088 56.302102 54.994779
-9999.0 -9999.0 -9999.0 -9999.0 -9999.0 -9999.0 -9999.0 -9999.0 -9999.0 -9999.0 -9999.0 -9999.0 -9999.0 58.843355 59.976197 58.363301 60.212374 66.416728 66.516271 59.808847 55.565668 54.956885 56.354859 56.839684 55.596221 50.277115 50.029863 58.256961 59.655927 54.700949 50.005434 50.046353 49.980568 55.738271 55.012158 55.830291 55.091084 58.417567 56.826899 55.892830 63.880008 49.985910 58.534758 55.644918 57.050095 56.268000 54.903735 58.163310 61.407507 56.743154 55.463577 55.050543 55.643176 58.399744 60.762388 64.417183 67.712204 69.376463 70.742694 72.541293
-9999.0 -9999.0 -9999.0 -9999.0 -9999.0 -9999.0 -9999.0 -9999.0 -9999.0 -9999.0 -9999.0 -9999.0 -9999.0 58.262595 56.040859 58.545485 59.619416 58.365179 57.155567 56.472067 54.721643 55.634649 60.228265 61.948096 69.978696 69.639940 50.034862 50.036238 49.975938 49.936540 49.973452 57.913561 54.475275 54.403778 55.100014 54.491509 57.552402 60.616953 55.627101 59.815408 50.063260 50.040253 55.283583 55.358554 58.974711 58.440501 55.611381 61.928424 64.667853 50.010403 -25.124471 58.200979 55.804581 54.681818 56.388584 56.416075 57.912858 60.308496 65.010917 73.677354
-9999.0 -9999.0 -9999.0 -9999.0 -9999.0 -9999.0 -9999.0 -9999.0 -9999.0 -9999.0 -9999.0 -9999.0 -9999.0 -9999.0 56.177635 54.766777 54.378821 55.477696 55.529331 55.286626 57.341072 63.921458 70.961398 67.459903 56.590913 49.955926 353.005123 56.481852 58.066063 57.704077 54.785156 54.128624 54.288276 54.993805 54.836426 56.728173 59.622737 63.549041 57.615014 56.557299 50.046968 55.394399 54.865713 56.415171 60.759196 61.294038 59.194300 62.783349 50.072024 50.066248 65.275473 62.549362 59.359487 55.494437 54.944068 54.776997 55.645486 57.276765 66.324711 62.344473
-9999.0 -9999.0 -9999.0 -9999.0 -9999.0 -9999.0 -9999.0 -9999.0 -9999.0 -9999.0 -9999.0 -9999.0 -9999.0 56.636220 55.871614 55.060311 54.588850 55.789696 55.784247 55.553822 56.341703 56.355229 59.405571 55.000444 54.659847 55.275759 49.990528 331.993392 58.665214 57.517478 54.832755 54.535422 55.077741 55.863737 61.738432 64.150606 67.684041 71.985790 57.538804 50.035889 49.978792 55.430951 55.389831 58.133413 63.075521 62.816618 66.976743 55.641218 50.009571 56.750925 55.723851 56.209855 56.728416 55.378185 55.832359 61.003756 64.010786 67.048253 59.876061 59.552775
-9999.0 -9999.0 -9999.0 -9999.0 -9999.0 -9999.0 -9999.0 -9999.0 -9999.0 -9999.0 -9999.0 -9999.0 57.470573 62.745608 66.193787 68.886242 70.426696 69.046825 57.687723 55.917253 54.709633 54.442392 55.183217 55.551822 57.904789 58.988143 65.408530 212.490462 60.478968 59.280928 57.301204 56.142463 54.549474 55.243460 54.732175 55.343929 59.732812 63.423862 74.914547 50.001668 55.626511 55.337107 55.670613 58.521072 64.406594 64.170975 68.519184 49.969568 -25.126358 60.301464 56.570657 56.336414 60.233195 56.449590 58.027883 54.984815 56.887718 57.486321 57.004245 56.982481
-9999.0 -9999.0 -9999.0 -9999.0 -9999.0 -9999.0 -9999.0 -9999.0 -9999.0 -9999.0 -9999.0 -9999.0 55.955547 55.965908 58.069874 55.358504 54.967060 54.325632 67.869940 58.689512 54.935252 54.987145 55.113777 54.712404 55.217724 57.281950 68.120198 58.322284 57.783722 56.004117 58.278678 56.119139 54.159550 54.821099 55.121344 54.748420 55.868140 58.943598 61.437872 50.273047 -25.144027 56.850771 57.536448 59.441469 56.095495 50.154703 50.158551 50.105368 65.179882 56.872308 58.184347 65.105188 66.476373 59.246233 56.250293 56.380088 56.339899 55.708395 55.117486 54.617680
-9999.0 -9999.0 -9999.0 -9999.0 -9999.0 -9999.0 -9999.0 -9999.0 -9999.0 -9999.0 -9999.0 -9999.0 -9999.0 55.441667 54.828262 54.424912 55.816672 49.970683 49.969033 50.228237 50.074857 49.978206 58.593859 55.770439 57.355509 58.927412 380.406597 50.162414 68.735684 68.032277 65.682251 61.422294 58.329197 55.677412 54.513286 57.749414 60.121016 61.102043 55.518061 55.386615 49.991674 -25.918867 50.017866 50.092891 50.031505 50.020798 60.257171 57.712467 54.635711 57.508448 55.692581 55.903439 56.333992 70.324710 58.298825 58.681532 54.861558 54.789214 54.996670 54.742213
-9999.0 -9999.0 -9999.0 -9999.0 -9999.0 -9999.0 -9999.0 -9999.0 -9999.0 -9999.0 -9999.0 -9999.0 -9999.0 -9999.0 56.208447 50.009618 50.011318 50.000145 56.036836 54.651850 56.491942 49.842738 49.983626 50.008192 54.442429 55.446874 345.979744 50.011909 56.021176 61.102532 61.763194 57.926278 55.110735 55.581010 54.814312 57.133955 55.237572 56.438921 63.024486 57.936002 50.005295 50.033752 59.937368 59.703645 57.480618 57.265599 55.047969 54.325500 54.815154 57.186589 55.599163 56.405269 57.907491 56.772336 50.137758 50.042442 58.225933 56.454247 54.757265 54.329256
-9999.0 -9999.0 -9999.0 -9999.0 -9999.0 -9999.0 -9999.0 -9999.0 -9999.0 -9999.0 -9999.0 -9999.0 -9999.0 -9999.0 55.749020 54.887777 56.033523 55.663349 55.829550 54.170362 53.626620 54.367777 59.477446 50.012070 50.051378 50.018990 180.607758 -31.302772 61.326252 54.587038 55.851972 54.327193 54.392850 56.596336 55.763148 56.761245 58.402151 56.874217 55.643126 66.458104 50.027405 55.419911 56.504068 56.665188 57.180360 55.009144 55.580422 55.435874 54.903930 55.952817 56.126775 57.605606 -17.119511 50.009310 -26.038898 49.976737 50.010776 56.357502 55.846270 55.568506
-9999.0 -9999.0 -9999.0 -9999.0 -9999.0 -9999.0 -9999.0 -9999.0 -9999.0 -9999.0 -9999.0 -9999.0 -9999.0 -9999.0 55.151942 57.125936 56.073899 56.417494 56.344341 56.828615 55.618973 55.942506 54.110964 59.731035 57.572706 56.660714 58.105964 218.422371 49.973409 55.485658 57.696552 56.724259 58.473267 55.683269 58.693965 56.623640 59.248917 59.710119 61.297805 50.093902 49.996385 58.403718 55.567468 54.991873 56.224056 56.073498 56.481470 55.050154 57.240245 60.782602 59.499283 57.441600 60.779385 55.215187 56.946927 56.897502 50.023344 55.346977 57.436358 49.961622
-9999.0 -9999.0 -9999.0 -9999.0 -9999.0 -9999.0 -9999.0 -9999.0 -9999.0 -9999.0 -9999.0 -9999.0 -9999.0 54.824590 54.762745 56.640438 61.083640 58.624251 58.635787 59.081517 56.562349 58.031363 59.278421 56.482628 54.276972 54.142905 54.481455 59.521482 384.559943 50.057384 58.365240 60.904101 54.613754 57.929548 58.787389 59.266343 55.516290 61.502729 50.129663 49.956572 54.552499 53.958209 54.593716 55.484873 55.526919 55.581914 55.654458 50.002592 50.000069 65.511297 62.388774 57.941688 56.634234 61.768827 58.466932 55.518703 -17.256854 49.985837 49.981663 49.986704
-9999.0 -9999.0 -9999.0 -9999.0 -9999.0 -9999.0 -9999.0 -9999.0 -9999.0 55.743968 56.720659 55.053317 56.241632 56.494165 59.929005 60.738262 65.259681 60.593437 60.143209 60.679946 55.392628 54.947416 54.656943 54.377572 55.750868 54.699255 54.851252 57.748870 61.232541 185.559535 55.944163 62.065952 54.999727 63.403783 55.227092 60.642587 56.028509 58.601459 50.007503 54.811502 53.878290 55.482941 57.183562 57.209534 57.685351 55.764059 57.037899 59.724575 50.017675 50.106922 -17.110637 57.768232 55.422115 54.646824 63.011511 61.957236 55.910542 55.184138 49.981012 55.488046
-9999.0 -9999.0 -9999.0 -9999.0 -9999.0 -9999.0 -9999.0 -9999.0 56.204856 56.715945 66.343336 56.664208 58.937168 55.761433 56.512754 58.029452 67.088050 59.771860 60.892835 61.395024 55.069198 54.800468 53.798362 54.942119 59.107032 54.802650 57.315173 59.830976 63.555118 266.591854 71.803489 58.880667 62.532974 56.288536 54.550656 61.752263 50.005159 50.027000 50.563159 55.740201 54.758551 59.344713 58.735432 58.891642 57.548688 55.548286 59.976292 55.206822 55.296594 55.708090 49.978250 49.993221 49.963513 55.320168 57.611839 63.720392 64.487850 54.754696 -17.351474 50.007179
-9999.0 -9999.0 -9999.0 -9999.0 -9999.0 -9999.0 -9999.0 -9999.0 57.476688 61.211306 67.291195 59.702351 61.315665 56.285043 56.554484 57.911900 60.475786 69.138178 63.915051 62.405070 56.694311 56.737663 54.683079 58.578988 61.178012 55.460004 58.689352 60.605009 64.721545 49.995751 520.828473 299.590240 55.770486 57.038530 56.222075 50.081059 50.016849 56.309670 59.572500 77.204754 74.032986 71.024342 67.235328 63.391630 59.986040 56.683863 61.407163 56.627871 58.821353 58.770325 57.219019 59.780823 50.033655 50.035458 50.048278 49.976070 50.185615 55.561951 54.630501 55.193533
-9999.0 -9999.0 -9999.0 -9999.0 -9999.0 -9999.0 -9999.0 -9999.0 57.173573 59.701028 63.047330 83.402632 61.646191 56.374537 55.211502 54.554131 54.378641 54.431858 71.573073 77.087354 60.292057 60.049879 49.948088 60.970703 63.423656 56.069318 58.891489 60.957031 56.029858 54.956290 -25.131639 -28.868913 385.518902 -17.067638 50.074407 -16.952593 55.258242 54.401355 55.581601 64.327601 57.827644 55.629119 55.916494 57.285171 55.601689 58.529447 61.936348 55.357899 55.699167 64.770271 58.068684 56.453225 57.323259 54.829247 55.364915 54.686529 49.999551 50.025508 -25.144402 55.306261
-9999.0 -9999.0 -9999.0 -9999.0 -9999.0 -9999.0 -9999.0 54.926689 55.666491 55.325451 56.618643 84.497523 55.512361 54.640524 54.255493 55.824016 55.777918 57.593981 49.973315 49.976728 50.458115 50.079744 50.033524 50.012056 50.159979 50.008567 56.715307 55.449101 56.070147 55.893465 55.883976 -17.132549 432.776569 50.045703 56.741895 61.633510 59.100411 55.849987 54.681400 55.966905 61.371528 56.053303 57.900788 59.037520 55.950553 60.287134 61.933478 58.317461 58.265570 64.255571 59.320681 57.735483 56.370820 55.142334 55.312604 55.200614 54.791635 55.721774 50.077180 49.944556
-9999.0 -9999.0 -9999.0 -9999.0 -9999.0 -9999.0 56.054352 55.398918 57.813765 57.425285 75.437363 55.889092 54.565901 54.789144 56.268098 55.630545 59.039328 50.041332 50.107420 62.963871 63.173317 58.959599 58.191340 55.894234 60.461682 50.115646 50.080930 49.985903 50.119992 50.051254 50.031012 49.972233 621.548037 56.368853 59.000645 57.581279 56.631025 55.275349 57.009005 59.981055 57.752724 57.081096 64.252539 56.409341 56.189149 58.831401 67.382497 70.261292 68.903288 60.008702 55.751160 59.449980 56.339724 55.268238 59.459386 63.171370 65.004769 62.815697 55.558015 49.980716
-9999.0 -9999.0 -9999.0 -9999.0 -9999.0 -9999.0 59.019557 56.811101 60.112663 63.651899 50.183606 50.301889 -25.138282 54.165936 56.796093 58.246864 50.015556 50.023680 66.981002 61.576379 60.259986 55.761564 55.837972 57.103539 57.068844 60.509511 62.197686 54.991414 63.568517 58.348844 55.849078 49.974404 384.412672 49.998947 58.499832 55.402252 54.894885 56.104741 58.303420 61.994988 62.499517 59.572130 68.840090 60.094930 55.554177 55.231966 55.183329 57.139349 77.614962 58.463911 56.121750 60.943805 58.835402 54.973281 59.225048 57.378571 55.478629 54.771861 55.032877 49.970692
-9999.0 -9999.0 -9999.0 -9999.0 -9999.0 -9999.0 62.240837 60.042226 57.027443 56.081103 56.237737 57.470734 50.024141 49.992765 50.055060 50.000648 -25.133677 59.762127 66.330449 60.403338 57.253223 55.819140 55.178313 55.259599 57.480987 59.130730 56.218304 60.235958 55.757412 55.671088 54.866399 54.929137 446.161329 -16.448747 54.233656 54.977678 55.435082 57.749804 58.382656 56.124017 57.627556 66.585437 74.676915 64.761675 56.239464 57.089267 58.878206 50.153914 49.981720 50.450437 58.671595 61.439899 60.372110 55.462249 61.404149 58.353824 55.302568 56.497104 57.312469 49.998413
-9999.0 -9999.0 -9999.0 -9999.0 -9999.0 -9999.0 62.002564 61.798963 60.666807 57.724062 58.064935 56.437122 55.183361 54.776656 55.455756 55.800375 55.566034 60.229877 60.383184 57.717450 55.666831 56.727696 55.332594 55.514708 55.627866 56.929007 55.414264 59.575433 55.485373 54.992185 55.341006 55.127600 615.304065 55.381633 59.617976 60.285942 57.002446 59.137955 61.530155 56.137811 61.753733 56.045176 57.626796 78.503048 59.284659 63.137374 61.869860 56.914844 59.589946 50.018622 50.076899 55.808011 61.449889 58.273237 64.637333 55.221589 55.563763 57.979814 62.176595 576.226424
-9999.0 -9999.0 -9999.0 -9999.0 -9999.0 -9999.0 55.346377 67.602296 50.043604 60.123920 60.584770 56.378201 55.858032 55.117020 55.980780 56.510118 55.775403 57.323150 57.772421 55.655800 56.468509 66.862961 56.455772 55.690383 55.888373 57.847737 56.596687 56.438551 57.438134 58.922962 62.558375 62.632218 865.398122 64.217798 54.941595 56.229811 61.668994 55.793065 63.957605 57.797318 50.043504 50.069904 50.496155 55.997423 -25.121965 -25.123547 56.013096 55.950202 56.983325 59.839816 50.070304 50.022091 50.049631 50.042012 67.128991 54.991956 54.786165 56.488190 -16.904907 696.213674
-9999.0 -9999.0 -9999.0 -9999.0 -9999.0 56.064714 56.226712 50.106453 49.970596 60.016581 62.380865 55.736689 56.775401 56.384026 58.927805 57.816430 55.989922 56.414214 55.080505 56.122139 57.604677 50.111523 58.431882 55.942242 56.589819 61.827169 56.395308 56.143412 57.954490 63.911986 66.389109 67.438062 50.278585 760.430976 54.596219 59.246605 62.253409 56.444624 63.172100 56.054771 55.960737 49.978502 50.003921 55.924303 55.453486 -25.720239 49.989046 56.881758 60.667261 61.478246 55.799981 57.403752 68.304915 50.152784 50.136159 -17.146564 55.386203 58.730611 50.042617 546.110735
-9999.0 -9999.0 -9999.0 -9999.0 -9999.0 58.216055 62.073660 50.030305 50.031648 55.826574 61.722874 55.269957 57.188778 60.524357 50.040105 61.153956 57.781664 56.950192 55.986802 60.190401 57.390527 50.054209 49.993375 57.461427 57.819936 60.840583 58.624004 56.513742 55.954915 60.650663 62.656673 55.020786 55.655613 488.377980 55.099209 64.129782 55.539575 58.263790 63.179857 57.859211 49.978860 -25.740201 55.457549 58.779542 58.499622 56.727336 49.999739 57.755755 58.905494 58.245701 63.774107 64.863490 61.366977 55.555487 58.666364 50.033149 49.990923 -17.071162 631.305195 50.004481
-9999.0 -9999.0 -9999.0 -9999.0 58.007417 58.738217 56.998990 59.320757 50.126678 50.008714 50.066809 50.117605 50.095722 50.007785 49.976715 50.047640 50.068759 59.405519 56.108542 57.858955 63.029392 55.363476 49.961706 49.974606 59.588340 55.299363 63.348858 57.717415 55.415223 55.400034 59.890041 62.414636 55.341447 777.448035 67.377776 56.902522 56.099458 60.717602 65.946378 50.011649 50.004705 57.188255 56.760985 70.190306 50.053912 50.008810 50.204766 72.467151 67.217093 59.299827 55.801485 57.877593 57.068358 56.091663 55.131198 55.893603 59.132241 50.024653 667.864835 49.946854
-9999.0 -9999.0 -9999.0 -9999.0 56.566032 56.644833 64.251652 65.029602 56.359975 59.132619 72.628414 61.365418 55.889564 55.923913 55.026473 55.886679 50.033762 50.016088 56.036161 56.712632 55.448499 65.026599 67.330572 50.111472 50.030200 69.818686 61.088523 56.835407 56.488352 56.643723 58.033591 55.515074 61.939111 50.124947 556.214631 56.259351 50.006888 50.133604 49.987215 50.002252 56.230125 57.551208 59.648049 71.244148 50.134975 57.638339 56.640217 56.892151 56.549908 57.270006 55.996889 57.146912 57.934416 55.100518 55.962578 54.932643 56.648666 50.010053 637.431176 49.947530
-9999.0 -9999.0 -9999.0 -9999.0 56.455535 59.559733 56.263014 57.477854 55.639141 57.919002 60.382980 58.725883 55.566793 56.189595 57.364900 57.716061 56.831787 50.008079 49.988246 57.936143 54.421527 57.744637 55.958258 56.141852 -25.126800 50.134575 55.199077 56.015331 58.674870 56.444451 54.870582 58.896179 58.708242 58.047526 625.497123 50.002597 49.977126 56.629500 54.993257 55.589678 56.394499 55.265298 55.468056 55.736774 49.988924 60.585722 57.278926 57.278225 57.145826 55.572847 56.555996 55.377550 56.411131 61.790293 63.584430 55.897345 61.039494 49.987248 611.860274 57.967082
