geotop/1.0zi/1.0Montebello/Templates/Duarrigle2006/maps/PSITOTL0003N0031.asc
ncols         76
nrows         123
xllcorner     110555.058093
yllcorner     85388.025579
cellsize      200.000000
NODATA_value  -9999.0
[rows 0 to 24 of 123, columns 0 to 55 of 76]
-9999.0 -9999.0 -9999.0 -9999.0 -9999.0 -9999.0 -9999.0 -9999.0 -9999.0 -9999.0 -9999.0 -9999.0 -9999.0 -9999.0 -9999.0 -9999.0 -9999.0 -9999.0 -9999.0 -9999.0 -9999.0 -9999.0 -9999.0 -9999.0 -9999.0 -9999.0 -9999.0 -9999.0 -9999.0 -9999.0 -9999.0 -9999.0 -9999.0 -9999.0 -9999.0 -9999.0 -9999.0 -9999.0 -9999.0 -9999.0 -9999.0 -9999.0 -9999.0 -9999.0 -9999.0 -9999.0 -9999.0 -9999.0 -9999.0 -9999.0 -9999.0 -9999.0 -9999.0 -9999.0 -9999.0 -9999.0
-9999.0 -9999.0 -9999.0 -9999.0 -9999.0 -9999.0 -9999.0 -9999.0 -9999.0 -9999.0 -9999.0 -9999.0 -9999.0 -9999.0 -9999.0 -9999.0 -9999.0 -9999.0 -9999.0 -9999.0 -9999.0 -9999.0 -9999.0 -9999.0 -9999.0 -9999.0 -9999.0 -9999.0 -9999.0 -9999.0 -9999.0 -9999.0 -9999.0 -9999.0 -9999.0 -9999.0 -9999.0 -489.999571 -489.999574 -9999.0 -9999.0 -9999.0 -9999.0 -489.999573 -489.999576 -489.999575 -489.999578 -489.999577 -489.999574 -489.999575 -489.999574 -489.999572 -9999.0 -9999.0 -9999.0 -9999.0
-9999.0 -9999.0 -9999.0 -9999.0 -9999.0 -9999.0 -9999.0 -9999.0 -9999.0 -9999.0 -9999.0 -489.999578 -489.999578 -489.999571 -489.999576 -489.999575 -489.999573 -9999.0 -9999.0 -9999.0 -9999.0 -9999.0 -9999.0 -9999.0 -9999.0 -9999.0 -9999.0 -9999.0 -9999.0 -9999.0 -9999.0 -9999.0 -9999.0 -9999.0 -9999.0 -9999.0 -489.999576 -489.999576 -489.999567 -489.999576 -489.999576 -489.999576 -489.999577 -489.999574 -489.999574 -489.999569 -489.999571 -489.999569 -489.999569 -489.999571 -489.999575 -489.999585 -489.999573 -9999.0 -9999.0 -9999.0
-9999.0 -9999.0 -9999.0 -9999.0 -9999.0 -9999.0 -9999.0 -9999.0 -489.999573 -489.999576 -489.999563 -489.999567 -489.999576 -489.999569 -489.999569 -489.999569 -489.999568 -9999.0 -9999.0 -9999.0 -9999.0 -9999.0 -9999.0 -9999.0 -9999.0 -9999.0 -9999.0 -9999.0 -9999.0 -9999.0 -9999.0 -9999.0 -9999.0 -489.999573 -489.999576 -489.999576 -489.999574 -489.999576 -489.999566 -489.999577 -489.999575 -489.999578 -489.999575 -489.999567 -489.999575 -489.999564 -489.999567 -489.999568 -489.999574 -489.999572 -489.999577 -489.999573 -489.999570 -489.999572 -9999.0 -9999.0
-9999.0 -9999.0 -9999.0 -9999.0 -9999.0 -9999.0 -9999.0 -9999.0 -489.999568 -489.999556 -489.999572 -489.999577 -489.999572 -489.999568 -489.999568 -489.999576 -489.999568 -489.999573 -9999.0 -9999.0 -9999.0 -9999.0 -9999.0 -9999.0 -9999.0 -9999.0 -9999.0 -9999.0 -9999.0 -9999.0 -9999.0 -489.999576 -489.999576 -489.999566 -489.999567 -489.999570 -489.999574 -489.999577 -489.999564 -489.999570 -489.999571 -489.999571 -489.999565 -489.999572 -489.999580 -489.999563 -489.999567 -489.999567 -489.999582 -489.999573 -489.999572 -489.999571 -489.999567 -489.999568 -9999.0 -9999.0
-9999.0 -9999.0 -9999.0 -9999.0 -9999.0 -9999.0 -9999.0 -489.999576 -489.999577 -489.999575 -489.999571 -489.999578 -489.999575 -489.999568 -489.999577 -489.999562 -489.999571 -489.999572 -9999.0 -9999.0 -9999.0 -9999.0 -9999.0 -9999.0 -9999.0 -9999.0 -9999.0 -9999.0 -9999.0 -9999.0 -489.999575 -489.999572 -489.999568 -489.999564 -489.999563 -489.999568 -489.999571 -489.999578 -489.999576 -489.999566 -489.999564 -489.999566 -489.999564 -489.999574 -489.999569 -489.999563 -489.999569 -489.999592 -489.999573 -489.999569 -489.999569 -489.999565 -489.999567 -489.999567 -9999.0 -9999.0
-9999.0 -9999.0 -9999.0 -9999.0 -489.999576 -489.999577 -489.999579 -489.999576 -489.999571 -489.999565 -489.999574 -489.999569 -489.999576 -489.999569 -489.999563 -489.999563 -489.999575 -489.999574 -489.999572 -9999.0 -9999.0 -9999.0 -9999.0 -9999.0 -9999.0 -9999.0 -9999.0 -9999.0 -489.999585 -489.999583 -489.999590 -489.999567 -489.999567 -489.999560 -489.999565 -489.999562 -489.999565 -489.999579 -489.999577 -489.999564 -489.999563 -489.999572 -489.999573 -489.999589 -489.999567 -489.999578 -489.999583 -489.999571 -489.999568 -489.999568 -489.999568 -489.999567 -489.999562 -489.999572 -9999.0 -9999.0
-9999.0 -9999.0 -9999.0 -9999.0 -489.999570 -489.999567 -489.999571 -489.999570 -489.999574 -489.999561 -489.999568 -489.999575 -489.999567 -489.999563 -489.999566 -489.999575 -489.999577 -489.999577 -489.999569 -489.999577 -489.999575 -489.999572 -489.999574 -489.999574 -9999.0 -9999.0 -489.999575 -489.999568 -489.999567 -489.999565 -489.999570 -489.999576 -489.999577 -489.999566 -489.999559 -489.999553 -489.999560 -489.999574 -489.999580 -489.999561 -489.999573 -489.999580 -489.999572 -489.999570 -489.999564 -489.999576 -489.999571 -489.999565 -489.999562 -489.999567 -489.999564 -489.999564 -489.999569 -489.999581 -9999.0 -9999.0
-9999.0 -9999.0 -9999.0 -9999.0 -9999.0 -489.999576 -489.999564 -489.999572 -489.999567 -489.999562 -489.999565 -489.999580 -489.999573 -489.999572 -489.999574 -489.999575 -489.999572 -489.999564 -489.999569 -489.999575 -489.999575 -489.999574 -489.999569 -489.999574 -489.999578 -489.999575 -489.999568 -489.999569 -489.999577 -489.999577 -489.999571 -489.999563 -489.999576 -489.999575 -489.999571 -489.999559 -489.999573 -489.999577 -489.999560 -489.999570 -489.999974 -489.999972 -489.999974 -489.999974 -489.999973 -489.999973 -489.999553 -489.999569 -489.999570 -489.999580 -489.999579 -489.999582 -489.999578 -489.999571 -9999.0 -9999.0
-9999.0 -9999.0 -9999.0 -9999.0 -9999.0 -489.999578 -489.999580 -489.999570 -489.999574 -489.999576 -489.999565 -489.999585 -489.999568 -489.999567 -489.999570 -489.999569 -489.999571 -489.999563 -489.999565 -489.999573 -489.999569 -489.999567 -489.999564 -489.999573 -489.999571 -489.999567 -489.999571 -489.999575 -489.999560 -489.999576 -489.999577 -489.999566 -489.999572 -489.999568 -489.999568 -489.999572 -489.999573 -489.999973 -489.999974 -489.999973 -489.999973 -489.999973 -489.999973 -489.999973 -489.999970 -489.999971 -489.999978 -489.999572 -489.999572 -489.999579 -489.999582 -489.999573 -9999.0 -9999.0 -9999.0 -9999.0
-9999.0 -9999.0 -9999.0 -9999.0 -9999.0 -489.999582 -489.999577 -489.999572 -489.999574 -489.999575 -489.999578 -489.999568 -489.999578 -489.999571 -489.999566 -489.999574 -489.999571 -489.999561 -489.999562 -489.999569 -489.999560 -489.999565 -489.999581 -489.999574 -489.999566 -489.999569 -489.999573 -489.999580 -489.999578 -489.999565 -489.999572 -489.999572 -489.999573 -489.999578 -489.999579 -489.999572 -489.999974 -489.999974 -489.999973 -489.999974 -489.999974 -489.999972 -489.999973 -489.999972 -489.999976 -489.999977 -489.999975 -489.999574 -489.999572 -489.999574 -489.999576 -9999.0 -9999.0 -9999.0 -9999.0 -9999.0
-9999.0 -9999.0 -9999.0 -9999.0 -9999.0 -489.999566 -489.999567 -489.999566 -489.999559 -489.999558 -489.999553 -489.999550 -489.999571 -489.999574 -489.999564 -489.999590 -489.999573 -489.999558 -489.999561 -489.999565 -489.999574 -489.999576 -489.999579 -489.999561 -489.999565 -489.999570 -489.999574 -489.999569 -489.999561 -489.999574 -489.999571 -489.999568 -489.999570 -489.999575 -489.999572 -489.999568 -489.999974 -489.999974 -489.999974 -489.999974 -489.999974 -489.999971 -489.999974 -489.999976 -489.999974 -489.999973 -489.999974 -489.999573 -489.999574 -489.999571 -489.999575 -9999.0 -9999.0 -9999.0 -9999.0 -9999.0
-9999.0 -9999.0 -9999.0 -9999.0 -9999.0 -9999.0 -489.999574 -489.999566 -489.999566 -489.999561 -489.999570 -489.999572 -489.999556 -489.999572 -489.999571 -489.999569 -489.999571 -489.999571 -489.999573 -489.999575 -489.999575 -489.999574 -489.999558 -489.999569 -489.999573 -489.999573 -489.999573 -489.999565 -489.999573 -489.999572 -489.999562 -489.999563 -489.999575 -489.999572 -489.999568 -489.999564 -489.999561 -489.999972 -489.999973 -489.999973 -489.999973 -489.999974 -489.999972 -489.999974 -489.999974 -489.999974 -489.999554 -489.999570 -489.999574 -489.999569 -489.999574 -9999.0 -9999.0 -9999.0 -9999.0 -9999.0
-9999.0 -9999.0 -9999.0 -9999.0 -9999.0 -9999.0 -9999.0 -489.999576 -489.999567 -489.999572 -489.999571 -489.999559 -489.999571 -489.999577 -489.999575 -489.999576 -489.999570 -489.999571 -489.999575 -489.999576 -489.999568 -489.999557 -489.999572 -489.999576 -489.999580 -489.999581 -489.999574 -489.999569 -489.999563 -489.999564 -489.999569 -489.999576 -489.999579 -489.999577 -489.999573 -489.999566 -489.999566 -489.999563 -489.999539 -489.999537 -489.999971 -489.999972 -489.999971 -489.999972 -489.999973 -489.999549 -489.999571 -489.999566 -489.999560 -489.999574 -489.999572 -9999.0 -9999.0 -9999.0 -9999.0 -9999.0
-9999.0 -9999.0 -9999.0 -9999.0 -9999.0 -9999.0 -9999.0 -489.999569 -489.999566 -489.999565 -489.999566 -489.999572 -489.999575 -489.999574 -489.999576 -489.999578 -489.999574 -489.999569 -489.999567 -489.999574 -489.999552 -489.999576 -489.999574 -489.999565 -489.999562 -489.999571 -489.999573 -489.999574 -489.999566 -489.999566 -489.999574 -489.999576 -489.999577 -489.999575 -489.999576 -489.999576 -489.999574 -489.999569 -489.999567 -489.999569 -489.999974 -489.999973 -489.999974 -489.999971 -489.999973 -489.999573 -489.999574 -489.999572 -489.999577 -489.999578 -489.999571 -9999.0 -9999.0 -9999.0 -9999.0 -9999.0
-9999.0 -9999.0 -9999.0 -9999.0 -9999.0 -9999.0 -9999.0 -9999.0 -9999.0 -489.999572 -489.999572 -489.999572 -489.999566 -489.999565 -489.999558 -489.999556 -489.999555 -489.999558 -489.999574 -489.999575 -489.999572 -489.999569 -489.999574 -489.999578 -489.999582 -489.999582 -489.999574 -489.999570 -489.999566 -489.999567 -489.999571 -489.999570 -489.999568 -489.999565 -489.999568 -489.999571 -489.999569 -489.999568 -489.999561 -489.999972 -489.999973 -489.999972 -489.999974 -489.999971 -489.999974 -489.999572 -489.999579 -489.999574 -489.999570 -489.999568 -489.999570 -489.999573 -9999.0 -9999.0 -9999.0 -9999.0
-9999.0 -9999.0 -9999.0 -9999.0 -9999.0 -9999.0 -9999.0 -9999.0 -9999.0 -489.999571 -489.999562 -489.999558 -489.999557 -489.999550 -489.999550 -489.999552 -489.999553 -489.999550 -489.999550 -489.999564 -489.999572 -489.999577 -489.999575 -489.999574 -489.999572 -489.999562 -489.999568 -489.999582 -489.999582 -489.999578 -489.999577 -489.999580 -489.999574 -489.999570 -489.999572 -489.999575 -489.999573 -489.999573 -489.999575 -489.999972 -489.999973 -489.999975 -489.999975 -489.999973 -489.999972 -489.999975 -489.999567 -489.999567 -489.999569 -489.999574 -489.999572 -489.999573 -489.999568 -9999.0 -9999.0 -9999.0
-9999.0 -9999.0 -9999.0 -9999.0 -9999.0 -9999.0 -9999.0 -9999.0 -9999.0 -9999.0 -489.999585 -489.999573 -489.999572 -489.999576 -489.999574 -489.999572 -489.999573 -489.999574 -489.999575 -489.999564 -489.999575 -489.999574 -489.999573 -489.999570 -489.999566 -489.999572 -489.999575 -489.999574 -489.999572 -489.999573 -489.999570 -489.999571 -489.999568 -489.999572 -489.999569 -489.999575 -489.999573 -489.999572 -489.999972 -489.999974 -489.999974 -489.999974 -489.999973 -489.999973 -489.999968 -489.999974 -489.999975 -489.999973 -489.999576 -489.999569 -489.999578 -489.999571 -489.999571 -9999.0 -9999.0 -9999.0
-9999.0 -9999.0 -9999.0 -9999.0 -9999.0 -9999.0 -9999.0 -9999.0 -9999.0 -9999.0 -9999.0 -489.999577 -489.999575 -489.999575 -489.999575 -489.999569 -489.999574 -489.999575 -489.999577 -489.999548 -489.999569 -489.999569 -489.999572 -489.999562 -489.999568 -489.999569 -489.999568 -489.999570 -489.999570 -489.999570 -489.999573 -489.999569 -489.999574 -489.999575 -489.999569 -489.999555 -489.999564 -489.999561 -489.999570 -489.999975 -489.999973 -489.999972 -489.999973 -489.999973 -489.999969 -489.999973 -489.999973 -489.999974 -489.999974 -489.999572 -489.999574 -489.999572 -9999.0 -9999.0 -9999.0 -9999.0
-9999.0 -9999.0 -9999.0 -9999.0 -9999.0 -9999.0 -9999.0 -9999.0 -9999.0 -9999.0 -9999.0 -489.999572 -489.999564 -489.999571 -489.999569 -489.999587 -489.999974 -489.999973 -489.999973 -489.999973 -489.999973 -489.999974 -489.999573 -489.999576 -489.999576 -489.999577 -489.999570 -489.999575 -489.999573 -489.999569 -489.999567 -489.999563 -489.999568 -489.999573 -489.999563 -489.999575 -489.999580 -489.999574 -489.999569 -489.999575 -489.999974 -489.999973 -489.999972 -489.999973 -489.999972 -489.999978 -489.999975 -489.999974 -489.999973 -489.999973 -489.999564 -489.999574 -489.999573 -9999.0 -9999.0 -9999.0
-9999.0 -9999.0 -9999.0 -9999.0 -9999.0 -9999.0 -9999.0 -9999.0 -9999.0 -9999.0 -9999.0 -489.999569 -489.999561 -489.999572 -489.999572 -489.999974 -489.999974 -489.999972 -489.999973 -489.999973 -489.999972 -489.999975 -489.999974 -489.999570 -489.999573 -489.999576 -489.999573 -489.999570 -489.999567 -489.999570 -489.999562 -489.999564 -489.999571 -489.999574 -489.999568 -489.999573 -489.999572 -489.999567 -489.999569 -489.999573 -489.999573 -489.999973 -489.999973 -489.999972 -489.999973 -489.999971 -489.999973 -489.999972 -489.999972 -489.999972 -489.999972 -489.999572 -489.999569 -489.999572 -489.999573 -489.999579
-9999.0 -9999.0 -9999.0 -9999.0 -9999.0 -9999.0 -9999.0 -9999.0 -9999.0 -9999.0 -9999.0 -489.999569 -489.999573 -489.999575 -489.999574 -489.999974 -489.999973 -489.999974 -489.999974 -489.999975 -489.999970 -489.999974 -489.999974 -489.999565 -489.999570 -489.999576 -489.999562 -489.999567 -489.999566 -489.999573 -489.999569 -489.999560 -489.999574 -489.999571 -489.999568 -489.999567 -489.999567 -489.999565 -489.999564 -489.999564 -489.999572 -489.999974 -489.999973 -489.999973 -489.999973 -489.999971 -489.999973 -489.999974 -489.999974 -489.999974 -489.999974 -489.999973 -489.999565 -489.999565 -489.999566 -489.999574
-9999.0 -9999.0 -9999.0 -9999.0 -9999.0 -9999.0 -9999.0 -9999.0 -9999.0 -9999.0 -9999.0 -489.999578 -489.999577 -489.999575 -489.999573 -489.999974 -489.999974 -489.999974 -489.999974 -489.999974 -489.999973 -489.999972 -489.999974 -489.999974 -489.999560 -489.999574 -489.999569 -489.999571 -489.999575 -489.999568 -489.999563 -489.999575 -489.999569 -489.999567 -489.999565 -489.999563 -489.999571 -489.999568 -489.999565 -489.999575 -489.999571 -489.999973 -489.999973 -489.999973 -489.999975 -489.999971 -489.999973 -489.999973 -489.999973 -489.999973 -489.999973 -489.999972 -489.999973 -489.999564 -489.999566 -489.999570
-9999.0 -9999.0 -9999.0 -9999.0 -9999.0 -9999.0 -9999.0 -9999.0 -9999.0 -9999.0 -9999.0 -489.999570 -489.999568 -489.999562 -489.999557 -489.999972 -489.999972 -489.999972 -489.999971 -489.999972 -489.999973 -489.999973 -489.999974 -489.999973 -489.999974 -489.999973 -489.999571 -489.999574 -489.999572 -489.999566 -489.999572 -489.999571 -489.999571 -489.999571 -489.999575 -489.999575 -489.999573 -489.999571 -489.999572 -489.999571 -489.999573 -489.999974 -489.999974 -489.999973 -489.999973 -489.999974 -489.999969 -489.999972 -489.999972 -489.999972 -489.999972 -489.999973 -489.999974 -489.999973 -489.999569 -489.999565
-9999.0 -9999.0 -9999.0 -9999.0 -9999.0 -9999.0 -9999.0 -9999.0 -9999.0 -9999.0 -9999.0 -9999.0 -489.999568 -489.999564 -489.999560 -489.999971 -489.999972 -489.999972 -489.999972 -489.999973 -489.999972 -489.999974 -489.999973 -489.999974 -489.999973 -489.999973 -489.999974 -489.999973 -489.999568 -489.999567 -489.999570 -489.999574 -489.999575 -489.999574 -489.999574 -489.999573 -489.999573 -489.999568 -489.999564 -489.999570 -489.999571 -489.999974 -489.999974 -489.999973 -489.999973 -489.999973 -489.999970 -489.999973 -489.999973 -489.999973 -489.999973 -489.999974 -489.999973 -489.999973 -489.999974 -489.999568
