geotop/1.0zi/1.0Montebello/Templates/Duarrigle2006/maps/thetaliqL0001N0012.asc
ncols         76
nrows         123
xllcorner     110555.058093
yllcorner     85388.025579
cellsize      200.000000
NODATA_value  -9999.0
[rows 84 to 111 of 123, columns 0 to 62 of 76]
-9999.0 -9999.0 -9999.0 0.359865 0.358060 0.405902 0.424009 0.414516 0.423141 0.429243 0.414381 0.415033 0.413922 0.415383 0.418325 0.414980 0.414237 0.414783 0.416335 0.409908 0.424756 0.419548 0.425601 0.413582 0.413132 0.424002 0.428519 0.434000 0.401488 0.360600 0.359140 0.359221 0.359296 0.358461 0.357689 0.358919 0.361850 0.390000 0.390000 0.390000 0.390000 0.390000 0.353832 0.356510 0.390000 0.390000 0.390000 0.390000 0.354761 0.390000 0.390000 0.390000 0.390000 0.390000 0.312638 0.359303 0.358341 0.353825 0.358047 0.357503 0.353870 0.358931 0.356980
-9999.0 -9999.0 0.359045 0.361264 0.434000 0.406251 0.403087 0.412606 0.415154 0.434000 0.418175 0.414911 0.414176 0.412948 0.413247 0.415808 0.417706 0.421585 0.407006 0.403183 0.417506 0.413807 0.420647 0.412968 0.417855 0.420205 0.427920 0.426339 0.403138 0.419798 0.415014 0.357562 0.357605 0.357496 0.357485 0.359906 0.359065 0.359926 0.353867 0.359009 0.320544 0.358955 0.390000 0.390000 0.362290 0.362832 0.359106 0.369110 0.390000 0.357995 0.358010 0.359097 0.359188 0.357655 0.357254 0.357674 0.357679 0.354027 0.357949 0.357780 0.353862 0.359925 0.357644
-9999.0 -9999.0 0.358060 0.357807 0.421192 0.426601 0.403225 0.307433 0.417984 0.434000 0.414797 0.416066 0.417487 0.414174 0.419338 0.423614 0.416178 0.411915 0.403212 0.418910 0.415745 0.413570 0.418599 0.413367 0.416553 0.418984 0.422300 0.423590 0.403159 0.414871 0.414699 0.418074 0.358318 0.358317 0.359787 0.358845 0.358654 0.357267 0.357972 0.358385 0.357263 0.358266 0.359674 0.359680 0.359666 0.359747 0.357959 0.360196 0.355199 0.353850 0.357694 0.357617 0.357849 0.358030 0.361023 0.358101 0.358080 0.357577 0.357858 0.358149 0.353849 0.359549 0.359643
-9999.0 -9999.0 -9999.0 0.414873 0.414424 -9999.0 0.415763 0.403112 0.403575 0.403889 0.420333 0.385000 0.385000 0.403688 0.403193 0.403231 0.412214 0.403473 0.429364 0.414339 0.412862 0.413472 0.415528 0.413804 0.416854 0.416599 0.416850 0.417870 0.403423 0.403225 0.419254 0.430212 0.415616 0.357863 0.357757 0.357878 0.357637 0.357298 0.357940 0.355626 0.359612 0.358138 0.358199 0.358175 0.358114 0.358163 0.357838 0.359495 0.360326 0.354635 0.358661 0.358477 0.358264 0.358537 0.361880 0.360682 0.354204 0.309393 0.357416 0.358188 0.351911 0.358105 0.358476
-9999.0 -9999.0 -9999.0 -9999.0 -9999.0 -9999.0 -9999.0 -9999.0 0.419874 0.403170 0.385000 0.385000 0.385000 0.385000 0.415523 0.421659 0.407708 0.434000 0.427643 0.419072 0.419489 0.416510 0.415318 0.415283 0.414321 0.413748 0.413351 0.413731 0.420699 0.416050 0.416072 0.430811 0.415004 0.414510 0.414733 0.357562 0.357168 0.353797 0.358063 0.309395 0.359447 0.357630 0.358787 0.358796 0.358669 0.358491 0.358254 0.358419 0.358351 0.352134 0.362000 0.362257 0.361521 0.362374 0.363421 0.368233 0.353876 0.359934 0.357952 0.358606 0.353863 0.358368 -9999.0
-9999.0 -9999.0 -9999.0 -9999.0 -9999.0 -9999.0 -9999.0 -9999.0 -9999.0 0.415379 0.385000 0.385000 0.385000 0.385000 0.385000 0.416124 0.402191 0.434000 0.434000 0.423123 0.422898 0.421414 0.415598 0.415655 0.414723 0.414117 0.414714 0.414624 0.414983 0.417007 0.422358 0.428785 0.417612 0.418634 0.419449 0.415223 0.353808 0.357435 0.354043 0.363557 0.359146 0.359031 0.361685 0.364572 0.380650 0.382523 0.379060 0.354068 0.351912 0.353853 0.360625 0.359237 0.365090 0.364903 0.353869 0.357076 0.363053 0.359988 0.357918 0.358646 0.353833 0.358054 -9999.0
-9999.0 -9999.0 -9999.0 -9999.0 -9999.0 -9999.0 -9999.0 -9999.0 -9999.0 0.414790 0.385000 0.385000 0.385000 0.385000 0.385000 0.385000 0.404656 0.416171 0.419763 0.433025 0.432250 0.434000 0.417635 0.417984 0.403549 0.403143 0.403420 0.403266 0.401499 0.403219 0.403191 0.403270 0.403374 0.415676 0.412149 0.434000 0.410582 0.309390 0.359239 0.368398 0.361611 0.358194 0.361085 0.371270 0.360241 0.360076 0.358282 0.353882 0.353815 0.358481 0.358201 0.357757 0.358751 0.360722 0.353865 0.356657 0.361735 0.360291 0.357733 0.358702 0.353876 0.358942 -9999.0
-9999.0 -9999.0 -9999.0 -9999.0 -9999.0 -9999.0 -9999.0 -9999.0 -9999.0 0.415839 0.427543 0.385000 0.385000 0.385000 0.385000 0.385000 0.385000 0.423469 0.415702 0.418431 0.417373 0.415692 0.419612 0.423677 0.416930 0.430667 0.418110 0.415016 0.416505 0.417954 0.414529 0.424086 0.405758 0.420583 0.434000 0.414384 0.420809 0.417576 0.358398 0.371199 0.361170 0.358927 0.358697 0.366344 0.358142 0.358595 0.363551 0.309222 0.353816 0.358237 0.358601 0.359705 0.362369 0.363695 0.355656 0.369646 0.363525 0.360731 0.357768 0.358134 0.353847 0.358105 -9999.0
-9999.0 -9999.0 -9999.0 -9999.0 -9999.0 -9999.0 -9999.0 -9999.0 -9999.0 0.419801 0.420315 0.385000 0.385000 0.385000 0.385000 0.385000 0.385000 0.414882 0.417635 0.415203 0.413077 0.413384 0.414803 0.420303 0.423023 0.420061 0.415029 0.413542 0.412604 0.414898 0.421269 0.417271 0.403182 0.415183 0.434000 0.414166 0.419978 0.415809 0.367555 0.357898 0.359096 0.357849 0.357831 0.365654 0.359601 0.363247 0.309393 0.353874 0.353880 0.357978 0.358416 0.359743 0.366328 0.355010 0.353894 0.367673 0.361072 0.358620 0.357267 0.357572 0.353877 0.357793 -9999.0
-9999.0 -9999.0 -9999.0 -9999.0 -9999.0 -9999.0 -9999.0 -9999.0 -9999.0 0.413499 0.413748 0.385000 0.385000 0.385000 0.385000 0.385000 0.385000 0.385000 0.427813 0.426271 0.424834 0.421336 0.415757 0.418336 0.415164 0.415176 0.414938 0.414530 0.414485 0.413696 0.414020 0.414678 0.404665 0.415350 0.414891 0.432995 0.416709 0.415117 0.434000 0.363080 0.358814 0.358225 0.389935 0.357785 0.358582 0.359795 0.351887 0.364108 0.359968 0.358139 0.360969 0.361195 0.374021 0.353832 0.365254 0.360914 0.358725 0.358488 0.357452 0.357631 0.358117 -9999.0 -9999.0
-9999.0 -9999.0 -9999.0 -9999.0 -9999.0 -9999.0 -9999.0 -9999.0 -9999.0 0.385000 0.385000 0.385000 0.385000 0.385000 0.385000 0.385000 0.385000 0.385000 0.385000 0.385000 0.385000 0.385000 0.385000 0.420112 0.417549 0.420571 0.421559 0.418271 0.418630 0.418654 0.415314 0.405560 0.403136 0.413628 0.422860 0.434000 0.417353 0.434000 0.427815 0.363094 0.358916 0.363328 0.359694 0.358695 0.357388 0.351736 0.353811 0.362721 0.358383 0.357508 0.358109 0.373748 0.358041 0.353859 0.360556 0.359460 0.358607 0.357403 0.357615 -9999.0 -9999.0 -9999.0 -9999.0
-9999.0 -9999.0 -9999.0 -9999.0 -9999.0 -9999.0 -9999.0 0.417913 0.430405 0.385000 0.385000 0.385000 0.385000 0.385000 0.385000 0.385000 0.385000 0.385000 0.385000 0.385000 0.385000 0.385000 0.385000 0.422161 0.421644 0.425709 0.425157 0.424259 0.424540 0.431300 0.403975 0.403128 0.413716 0.417681 0.422281 0.431936 0.427526 0.426539 0.423472 0.428531 0.357772 0.363554 0.358120 0.354285 0.353833 0.354018 0.357829 0.361480 0.358246 0.361560 0.371358 0.358248 0.351976 0.353901 0.359731 0.358684 0.358805 0.357370 -9999.0 -9999.0 -9999.0 -9999.0 -9999.0
-9999.0 -9999.0 -9999.0 -9999.0 -9999.0 -9999.0 -9999.0 0.301924 0.385000 0.385000 0.385000 0.385000 0.385000 0.385000 0.385000 0.385000 0.385000 0.385000 0.385000 0.385000 0.385000 0.433891 0.428761 0.419573 0.415782 0.414953 0.420063 0.434000 0.434000 0.406348 0.403097 0.403100 0.417661 0.415073 0.414881 0.427111 0.426608 0.421328 0.418664 0.424696 0.424788 0.358115 0.371483 0.306795 0.360476 0.365957 0.357509 0.360308 0.358531 0.368295 0.357794 0.353812 0.353790 0.362561 0.359497 0.358508 0.357442 0.357684 -9999.0 -9999.0 -9999.0 -9999.0 -9999.0
-9999.0 -9999.0 -9999.0 -9999.0 -9999.0 -9999.0 -9999.0 0.310817 0.385000 0.385000 0.385000 0.385000 0.385000 0.385000 0.385000 0.385000 0.385000 0.385000 0.385000 0.385000 0.385000 0.422203 0.421347 0.416478 0.417124 0.419418 0.427871 0.418364 0.415868 0.403396 0.415627 0.401813 0.413708 0.413736 0.413917 0.422083 0.424074 0.418614 0.415171 0.422091 0.425213 0.434000 0.420260 0.401495 0.359341 0.366526 0.359011 0.357463 0.366991 0.358924 0.357169 0.351885 0.357427 0.360526 0.357267 0.358671 0.357895 -9999.0 -9999.0 -9999.0 -9999.0 -9999.0 -9999.0
-9999.0 -9999.0 -9999.0 -9999.0 -9999.0 -9999.0 -9999.0 -9999.0 -9999.0 -9999.0 0.385000 0.385000 0.385000 0.385000 0.385000 0.385000 0.385000 0.385000 0.385000 0.385000 0.385000 0.414443 0.420112 0.415859 0.421355 0.422409 0.414146 0.415881 0.403092 0.403172 0.414442 0.403193 0.403347 0.420291 0.416519 0.420037 0.422901 0.415701 0.418654 0.421251 0.423373 0.434000 0.416341 0.403129 0.416117 0.366316 0.358172 0.359550 0.368412 0.357867 0.312639 0.353938 0.304638 0.357676 0.358837 0.358553 -9999.0 -9999.0 -9999.0 -9999.0 -9999.0 -9999.0 -9999.0
-9999.0 -9999.0 -9999.0 -9999.0 -9999.0 -9999.0 -9999.0 -9999.0 -9999.0 -9999.0 -9999.0 0.416994 0.385000 0.385000 0.385000 0.385000 0.385000 0.385000 0.385000 0.385000 0.385000 0.415296 0.417839 0.415964 0.414935 0.385000 0.385000 0.421856 0.403464 0.403094 0.414473 0.424067 0.403346 0.420545 0.416187 0.415676 0.419879 0.413797 0.417511 0.420534 0.434000 0.431149 0.414043 0.403129 0.434000 0.420290 0.357636 0.358005 0.369800 0.360689 0.364102 0.357807 0.350178 0.305005 0.358766 -9999.0 -9999.0 -9999.0 -9999.0 -9999.0 -9999.0 -9999.0 -9999.0
-9999.0 -9999.0 -9999.0 -9999.0 -9999.0 -9999.0 -9999.0 -9999.0 -9999.0 -9999.0 -9999.0 0.415068 0.385000 0.385000 0.385000 0.385000 0.385000 0.385000 0.385000 0.385000 0.385000 0.385000 0.385000 0.385000 0.385000 0.385000 0.385000 0.385000 0.402811 0.302644 0.414638 0.421868 0.401663 0.428139 0.427796 0.415946 0.416350 0.414489 0.417982 0.420446 0.434000 0.429882 0.414167 0.403293 0.434000 0.417410 0.370329 0.369374 0.357802 0.362653 0.360512 0.312641 0.305312 0.351769 -9999.0 -9999.0 -9999.0 -9999.0 -9999.0 -9999.0 -9999.0 -9999.0 -9999.0
-9999.0 -9999.0 -9999.0 -9999.0 -9999.0 -9999.0 -9999.0 -9999.0 -9999.0 -9999.0 -9999.0 -9999.0 -9999.0 0.385000 0.385000 0.385000 0.385000 0.385000 0.385000 0.385000 0.385000 0.385000 0.385000 0.385000 0.385000 0.385000 0.385000 0.385000 0.385000 0.303309 0.303589 0.417118 0.403111 0.311927 0.414069 0.420753 0.416545 0.414220 0.417817 0.434000 0.428503 0.428253 0.424537 0.303497 0.434000 0.429860 0.434000 0.361868 0.360391 0.360345 0.412000 0.366858 0.412000 0.412000 -9999.0 -9999.0 -9999.0 -9999.0 -9999.0 -9999.0 -9999.0 -9999.0 -9999.0
-9999.0 -9999.0 -9999.0 -9999.0 -9999.0 -9999.0 -9999.0 -9999.0 -9999.0 -9999.0 -9999.0 -9999.0 -9999.0 -9999.0 0.385000 -9999.0 -9999.0 -9999.0 0.343297 0.385000 0.385000 0.385000 0.385000 0.385000 0.385000 0.385000 0.385000 0.385000 0.385000 0.418634 0.398483 0.399283 0.417382 0.403849 0.432899 0.420056 0.414256 0.413820 0.428402 0.427935 0.424236 0.423916 0.423328 0.304050 0.432824 0.430831 0.431183 0.412000 0.412000 0.412000 0.412000 0.412000 0.412000 -9999.0 -9999.0 -9999.0 -9999.0 -9999.0 -9999.0 -9999.0 -9999.0 -9999.0 -9999.0
-9999.0 -9999.0 -9999.0 -9999.0 -9999.0 -9999.0 -9999.0 -9999.0 -9999.0 -9999.0 -9999.0 -9999.0 -9999.0 -9999.0 -9999.0 -9999.0 -9999.0 -9999.0 -9999.0 0.360892 0.412000 0.385000 0.385000 0.385000 0.385000 0.385000 0.385000 0.385000 0.385000 0.417581 0.414323 0.401606 0.401972 0.434000 0.416881 0.412000 0.412000 0.412000 0.418730 0.420367 0.419719 0.419793 0.419682 0.309103 0.427935 0.412000 0.412000 0.412000 0.412000 0.412000 0.347591 0.412000 0.412000 -9999.0 -9999.0 -9999.0 -9999.0 -9999.0 -9999.0 -9999.0 -9999.0 -9999.0 -9999.0
-9999.0 -9999.0 -9999.0 -9999.0 -9999.0 -9999.0 -9999.0 -9999.0 -9999.0 -9999.0 -9999.0 -9999.0 -9999.0 -9999.0 -9999.0 -9999.0 -9999.0 -9999.0 -9999.0 -9999.0 0.412000 0.412000 0.412000 0.385000 0.385000 0.385000 0.385000 0.385000 0.385000 0.417191 0.413992 0.412000 0.412000 0.412000 0.412000 0.412000 0.412000 0.412000 0.412000 0.412000 0.412000 0.412000 0.412000 0.412000 0.412000 0.412000 0.412000 0.412000 0.412000 0.412000 0.412000 0.412000 0.412000 -9999.0 -9999.0 -9999.0 -9999.0 -9999.0 -9999.0 -9999.0 -9999.0 -9999.0 -9999.0
-9999.0 -9999.0 -9999.0 -9999.0 -9999.0 -9999.0 -9999.0 -9999.0 -9999.0 -9999.0 -9999.0 -9999.0 -9999.0 -9999.0 -9999.0 -9999.0 -9999.0 -9999.0 -9999.0 -9999.0 -9999.0 0.412000 0.412000 0.412000 0.385000 0.385000 0.385000 0.385000 0.412000 0.412000 0.412000 0.412000 0.412000 0.412000 0.412000 0.412000 0.412000 0.412000 0.412000 0.412000 0.412000 0.412000 0.412000 0.412000 0.412000 0.412000 0.412000 0.412000 0.412000 0.412000 0.412000 0.412000 0.412000 -9999.0 -9999.0 -9999.0 -9999.0 -9999.0 -9999.0 -9999.0 -9999.0 -9999.0 -9999.0
-9999.0 -9999.0 -9999.0 -9999.0 -9999.0 -9999.0 -9999.0 -9999.0 -9999.0 -9999.0 -9999.0 -9999.0 -9999.0 -9999.0 -9999.0 -9999.0 -9999.0 -9999.0 -9999.0 -9999.0 -9999.0 -9999.0 -9999.0 0.412000 0.385000 0.385000 0.385000 0.412000 0.412000 0.412000 0.412000 0.412000 0.412000 0.412000 0.412000 0.412000 0.412000 0.412000 0.412000 0.412000 0.359882 0.342949 0.412000 0.412000 0.412000 0.412000 0.412000 0.412000 0.412000 0.412000 0.412000 0.412000 0.412000 -9999.0 -9999.0 -9999.0 -9999.0 -9999.0 -9999.0 -9999.0 -9999.0 -9999.0 -9999.0
-9999.0 -9999.0 -9999.0 -9999.0 -9999.0 -9999.0 -9999.0 -9999.0 -9999.0 -9999.0 -9999.0 -9999.0 -9999.0 -9999.0 -9999.0 -9999.0 -9999.0 -9999.0 -9999.0 -9999.0 -9999.0 -9999.0 -9999.0 0.385000 0.385000 0.385000 0.385000 0.412000 0.412000 0.412000 0.412000 0.347704 0.412000 0.412000 0.412000 0.412000 0.412000 0.412000 0.412000 0.412000 0.412000 0.412000 0.412000 0.412000 0.412000 0.412000 0.412000 0.412000 0.412000 0.412000 0.342749 0.412000 0.412000 -9999.0 -9999.0 -9999.0 -9999.0 -9999.0 -9999.0 -9999.0 -9999.0 -9999.0 -9999.0
-9999.0 -9999.0 -9999.0 -9999.0 -9999.0 -9999.0 -9999.0 -9999.0 -9999.0 -9999.0 -9999.0 -9999.0 -9999.0 -9999.0 -9999.0 -9999.0 -9999.0 -9999.0 -9999.0 -9999.0 -9999.0 -9999.0 -9999.0 0.385000 0.385000 0.385000 0.385000 0.412000 0.412000 0.412000 0.412000 0.412000 0.412000 0.412000 0.412000 0.412000 0.412000 0.412000 0.412000 0.412000 0.412000 0.412000 0.412000 0.412000 0.412000 0.412000 0.412000 0.412000 0.412000 0.412000 0.412000 0.372345 -9999.0 -9999.0 -9999.0 -9999.0 -9999.0 -9999.0 -9999.0 -9999.0 -9999.0 -9999.0 -9999.0
-9999.0 -9999.0 -9999.0 -9999.0 -9999.0 -9999.0 -9999.0 -9999.0 -9999.0 -9999.0 -9999.0 -9999.0 -9999.0 -9999.0 -9999.0 -9999.0 -9999.0 -9999.0 -9999.0 -9999.0 -9999.0 -9999.0 -9999.0 0.385000 0.385000 0.385000 0.385000 0.412000 0.412000 0.412000 0.412000 0.412000 0.412000 0.412000 0.412000 0.412000 0.412000 0.412000 0.412000 0.412000 0.412000 0.412000 0.412000 0.412000 0.412000 0.412000 0.412000 0.412000 0.412000 0.412000 0.412000 0.412000 0.412000 -9999.0 -9999.0 -9999.0 -9999.0 -9999.0 -9999.0 -9999.0 -9999.0 -9999.0 -9999.0
-9999.0 -9999.0 -9999.0 -9999.0 -9999.0 -9999.0 -9999.0 -9999.0 -9999.0 -9999.0 -9999.0 -9999.0 -9999.0 -9999.0 -9999.0 -9999.0 -9999.0 -9999.0 -9999.0 -9999.0 -9999.0 -9999.0 -9999.0 0.385000 0.385000 0.385000 0.385000 0.412000 0.412000 0.412000 0.412000 0.412000 0.412000 0.412000 0.412000 0.412000 0.412000 0.412000 0.412000 0.412000 0.412000 0.412000 0.412000 0.412000 0.412000 0.412000 0.412000 0.412000 0.412000 0.412000 0.412000 0.412000 0.412000 -9999.0 -9999.0 -9999.0 -9999.0 -9999.0 -9999.0 -9999.0 -9999.0 -9999.0 -9999.0
-9999.0 -9999.0 -9999.0 -9999.0 -9999.0 -9999.0 -9999.0 -9999.0 -9999.0 -9999.0 -9999.0 -9999.0 -9999.0 -9999.0 -9999.0 -9999.0 -9999.0 -9999.0 -9999.0 -9999.0 -9999.0 -9999.0 -9999.0 0.385000 0.385000 0.385000 0.385000 0.412000 0.412000 0.412000 0.412000 0.412000 0.412000 0.412000 0.412000 0.412000 0.412000 0.412000 0.412000 0.412000 0.412000 0.412000 0.412000 0.412000 0.412000 0.412000 0.412000 -9999.0 -9999.0 -9999.0 -9999.0 0.412000 0.412000 -9999.0 -9999.0 -9999.0 -9999.0 -9999.0 -9999.0 -9999.0 -9999.0 -9999.0 -9999.0
