geotop/1.0zi/1.0Montebello/Templates/Duarrigle2006/maps/thetaliqL0002N0042.asc
ncols         76
nrows         123
xllcorner     110555.058093
yllcorner     85388.025579
cellsize      200.000000
NODATA_value  -9999.0
[rows 84 to 111 of 123, columns 0 to 62 of 76]
-9999.0 -9999.0 -9999.0 0.251907 0.251906 0.203632 0.203632 0.203632 0.203632 0.203632 0.203632 0.203632 0.203632 0.203632 0.203632 0.203632 0.203632 0.203632 0.203632 0.203632 0.203632 0.203632 0.203632 0.203632 0.203632 0.203632 0.203632 0.203632 0.203632 0.251907 0.251907 0.251907 0.251907 0.251906 0.251906 0.251906 0.251907 0.251920 0.251918 0.251919 0.251921 0.251915 0.251906 0.251907 0.251919 0.251922 0.251919 0.251924 0.251906 0.251929 0.251930 0.251926 0.251917 0.251927 0.251903 0.251907 0.251906 0.251906 0.251906 0.251906 0.251906 0.251906 0.251906
-9999.0 -9999.0 0.251906 0.251907 0.203632 0.203632 0.203632 0.203632 0.203632 0.203632 0.203632 0.203632 0.203632 0.203632 0.203632 0.203632 0.203632 0.203632 0.203632 0.203632 0.203632 0.203632 0.203632 0.203632 0.203632 0.203632 0.203632 0.203632 0.203632 0.203632 0.203632 0.251906 0.251906 0.251906 0.251906 0.251907 0.251906 0.251907 0.251906 0.251906 0.251904 0.251907 0.251918 0.251919 0.251907 0.251907 0.251906 0.251911 0.251916 0.251906 0.251906 0.251906 0.251907 0.251906 0.251906 0.251906 0.251906 0.251906 0.251906 0.251906 0.251906 0.251907 0.251906
-9999.0 -9999.0 0.251906 0.251906 0.203632 0.203632 0.203632 0.203631 0.203632 0.203632 0.203632 0.203632 0.203632 0.203632 0.203632 0.203632 0.203632 0.203632 0.203632 0.203632 0.203632 0.203632 0.203632 0.203632 0.203632 0.203632 0.203632 0.203632 0.203632 0.203632 0.203632 0.203632 0.251906 0.251906 0.251907 0.251906 0.251906 0.251906 0.251906 0.251906 0.251907 0.251906 0.251907 0.251907 0.251907 0.251907 0.251906 0.251907 0.251906 0.251906 0.251906 0.251906 0.251906 0.251906 0.251907 0.251906 0.251906 0.251907 0.251906 0.251906 0.251906 0.251907 0.251907
-9999.0 -9999.0 -9999.0 0.203632 0.203632 -9999.0 0.203632 0.203632 0.203632 0.203632 0.203632 0.270197 0.270198 0.203632 0.203632 0.203632 0.203632 0.203632 0.203632 0.203632 0.203632 0.203632 0.203632 0.203632 0.203632 0.203632 0.203632 0.203632 0.203632 0.203632 0.203632 0.203632 0.203632 0.251906 0.251906 0.251906 0.251906 0.251906 0.251906 0.251907 0.251907 0.251906 0.251906 0.251906 0.251906 0.251906 0.251906 0.251907 0.251907 0.251906 0.251906 0.251906 0.251906 0.251906 0.251907 0.251907 0.251907 0.251903 0.251906 0.251906 0.251906 0.251906 0.251906
-9999.0 -9999.0 -9999.0 -9999.0 -9999.0 -9999.0 -9999.0 -9999.0 0.203632 0.203632 0.270198 0.270198 0.270202 0.270200 0.203632 0.203632 0.203632 0.203632 0.203632 0.203632 0.203632 0.203632 0.203632 0.203632 0.203632 0.203632 0.203632 0.203632 0.203632 0.203632 0.203632 0.203632 0.203632 0.203632 0.203632 0.251906 0.251906 0.251906 0.251907 0.251903 0.251907 0.251906 0.251906 0.251906 0.251906 0.251906 0.251906 0.251906 0.251906 0.251906 0.251907 0.251907 0.251907 0.251907 0.251907 0.251909 0.251906 0.251907 0.251906 0.251906 0.251906 0.251906 -9999.0
-9999.0 -9999.0 -9999.0 -9999.0 -9999.0 -9999.0 -9999.0 -9999.0 -9999.0 0.203632 0.270200 0.270200 0.270201 0.270200 0.270199 0.203632 0.203632 0.203632 0.203632 0.203632 0.203632 0.203632 0.203632 0.203632 0.203632 0.203632 0.203632 0.203632 0.203632 0.203632 0.203632 0.203632 0.203632 0.203632 0.203632 0.203632 0.251906 0.251907 0.251906 0.251907 0.251906 0.251906 0.251907 0.251907 0.251909 0.251909 0.251909 0.251906 0.251906 0.251906 0.251907 0.251907 0.251907 0.251907 0.251906 0.251907 0.251907 0.251907 0.251906 0.251906 0.251906 0.251906 -9999.0
-9999.0 -9999.0 -9999.0 -9999.0 -9999.0 -9999.0 -9999.0 -9999.0 -9999.0 0.203632 0.270200 0.270201 0.270200 0.270200 0.270199 0.270198 0.203632 0.203632 0.203632 0.203632 0.203632 0.203632 0.203632 0.203632 0.203632 0.203632 0.203632 0.203632 0.203632 0.203632 0.203632 0.203632 0.203632 0.203632 0.203632 0.203633 0.203632 0.251903 0.251907 0.251908 0.251907 0.251906 0.251907 0.251908 0.251907 0.251907 0.251906 0.251906 0.251906 0.251906 0.251906 0.251906 0.251906 0.251907 0.251906 0.251907 0.251907 0.251907 0.251906 0.251906 0.251906 0.251906 -9999.0
-9999.0 -9999.0 -9999.0 -9999.0 -9999.0 -9999.0 -9999.0 -9999.0 -9999.0 0.203632 0.203632 0.270200 0.270199 0.270199 0.270199 0.270198 0.270200 0.203632 0.203632 0.203632 0.203632 0.203632 0.203632 0.203632 0.203632 0.203632 0.203632 0.203632 0.203632 0.203632 0.203632 0.203632 0.203632 0.203632 0.203632 0.203632 0.203632 0.203632 0.251906 0.251908 0.251907 0.251906 0.251906 0.251907 0.251906 0.251906 0.251907 0.251903 0.251906 0.251906 0.251906 0.251907 0.251907 0.251907 0.251907 0.251908 0.251907 0.251907 0.251906 0.251906 0.251906 0.251906 -9999.0
-9999.0 -9999.0 -9999.0 -9999.0 -9999.0 -9999.0 -9999.0 -9999.0 -9999.0 0.203632 0.203632 0.270199 0.270199 0.270199 0.270200 0.270197 0.270198 0.203632 0.203632 0.203632 0.203632 0.203632 0.203632 0.203632 0.203632 0.203632 0.203632 0.203632 0.203632 0.203632 0.203632 0.203632 0.203632 0.203632 0.203632 0.203632 0.203632 0.203632 0.251908 0.251906 0.251906 0.251906 0.251906 0.251907 0.251907 0.251907 0.251903 0.251906 0.251906 0.251906 0.251906 0.251907 0.251907 0.251906 0.251906 0.251907 0.251907 0.251906 0.251906 0.251906 0.251906 0.251906 -9999.0
-9999.0 -9999.0 -9999.0 -9999.0 -9999.0 -9999.0 -9999.0 -9999.0 -9999.0 0.203632 0.203632 0.270199 0.270199 0.270199 0.270199 0.270198 0.270199 0.270201 0.203632 0.203632 0.203632 0.203632 0.203632 0.203632 0.203632 0.203632 0.203632 0.203632 0.203632 0.203632 0.203632 0.203632 0.203632 0.203632 0.203632 0.203632 0.203632 0.203632 0.203632 0.251907 0.251906 0.251906 0.251910 0.251906 0.251906 0.251907 0.251906 0.251907 0.251907 0.251906 0.251907 0.251907 0.251908 0.251906 0.251907 0.251907 0.251906 0.251906 0.251906 0.251906 0.251906 -9999.0 -9999.0
-9999.0 -9999.0 -9999.0 -9999.0 -9999.0 -9999.0 -9999.0 -9999.0 -9999.0 0.270199 0.270199 0.270199 0.270199 0.270199 0.270199 0.270198 0.270197 0.270201 0.270200 0.270200 0.270199 0.270199 0.270199 0.203632 0.203632 0.203632 0.203632 0.203632 0.203632 0.203632 0.203632 0.203632 0.203632 0.203632 0.203632 0.203632 0.203632 0.203632 0.203632 0.251907 0.251906 0.251907 0.251907 0.251906 0.251906 0.251906 0.251906 0.251907 0.251906 0.251906 0.251906 0.251908 0.251906 0.251906 0.251907 0.251907 0.251906 0.251906 0.251906 -9999.0 -9999.0 -9999.0 -9999.0
-9999.0 -9999.0 -9999.0 -9999.0 -9999.0 -9999.0 -9999.0 0.203632 0.203632 0.270200 0.270198 0.270198 0.270198 0.270198 0.270198 0.270198 0.270198 0.270199 0.270201 0.270201 0.270199 0.270199 0.270199 0.203632 0.203632 0.203632 0.203632 0.203632 0.203632 0.203632 0.203632 0.203632 0.203632 0.203632 0.203632 0.203632 0.203632 0.203632 0.203632 0.203632 0.251906 0.251907 0.251906 0.251906 0.251906 0.251906 0.251906 0.251907 0.251906 0.251907 0.251908 0.251906 0.251906 0.251906 0.251907 0.251906 0.251906 0.251906 -9999.0 -9999.0 -9999.0 -9999.0 -9999.0
-9999.0 -9999.0 -9999.0 -9999.0 -9999.0 -9999.0 -9999.0 0.203631 0.270199 0.270200 0.270199 0.270199 0.270200 0.270199 0.270197 0.270198 0.270198 0.270198 0.270199 0.270199 0.270201 0.203632 0.203632 0.203632 0.203632 0.203632 0.203632 0.203632 0.203632 0.203632 0.203632 0.203632 0.203632 0.203632 0.203632 0.203632 0.203632 0.203632 0.203632 0.203632 0.203632 0.251906 0.251908 0.251903 0.251907 0.251907 0.251906 0.251907 0.251906 0.251908 0.251906 0.251906 0.251906 0.251907 0.251907 0.251906 0.251906 0.251906 -9999.0 -9999.0 -9999.0 -9999.0 -9999.0
-9999.0 -9999.0 -9999.0 -9999.0 -9999.0 -9999.0 -9999.0 0.203631 0.270199 0.270199 0.270199 0.270199 0.270199 0.270200 0.270198 0.270200 0.270199 0.270198 0.270197 0.270200 0.270200 0.203632 0.203632 0.203632 0.203632 0.203632 0.203632 0.203632 0.203632 0.203632 0.203632 0.203632 0.203632 0.203632 0.203632 0.203632 0.203632 0.203632 0.203632 0.203632 0.203632 0.203632 0.203632 0.203632 0.251907 0.251907 0.251906 0.251906 0.251907 0.251906 0.251906 0.251906 0.251906 0.251907 0.251906 0.251906 0.251906 -9999.0 -9999.0 -9999.0 -9999.0 -9999.0 -9999.0
-9999.0 -9999.0 -9999.0 -9999.0 -9999.0 -9999.0 -9999.0 -9999.0 -9999.0 -9999.0 0.270199 0.270199 0.270199 0.270201 0.270197 0.270199 0.270199 0.270199 0.270198 0.270199 0.270200 0.203632 0.203632 0.203632 0.203632 0.203632 0.203632 0.203632 0.203632 0.203632 0.203632 0.203632 0.203632 0.203632 0.203632 0.203632 0.203632 0.203632 0.203632 0.203632 0.203632 0.203632 0.203632 0.203632 0.203632 0.251907 0.251906 0.251907 0.251908 0.251906 0.251903 0.251906 0.251902 0.251906 0.251906 0.251906 -9999.0 -9999.0 -9999.0 -9999.0 -9999.0 -9999.0 -9999.0
-9999.0 -9999.0 -9999.0 -9999.0 -9999.0 -9999.0 -9999.0 -9999.0 -9999.0 -9999.0 -9999.0 0.203632 0.270200 0.270201 0.270197 0.270198 0.270199 0.270199 0.270198 0.270199 0.270199 0.203632 0.203632 0.203632 0.203632 0.270199 0.270199 0.203632 0.203632 0.203632 0.203632 0.203632 0.203632 0.203632 0.203632 0.203632 0.203632 0.203632 0.203632 0.203632 0.203632 0.203632 0.203632 0.203632 0.203632 0.203632 0.251906 0.251906 0.251908 0.251907 0.251907 0.251906 0.251906 0.251902 0.251906 -9999.0 -9999.0 -9999.0 -9999.0 -9999.0 -9999.0 -9999.0 -9999.0
-9999.0 -9999.0 -9999.0 -9999.0 -9999.0 -9999.0 -9999.0 -9999.0 -9999.0 -9999.0 -9999.0 0.203632 0.270200 0.270199 0.270197 0.270198 0.270199 0.270199 0.270198 0.270199 0.270199 0.270199 0.270199 0.270199 0.270199 0.270199 0.270198 0.270198 0.203632 0.203631 0.203632 0.203632 0.203632 0.203632 0.203632 0.203632 0.203632 0.203632 0.203632 0.203632 0.203632 0.203632 0.203632 0.203632 0.203632 0.203632 0.251908 0.251908 0.251906 0.251907 0.251907 0.251903 0.251902 0.251906 -9999.0 -9999.0 -9999.0 -9999.0 -9999.0 -9999.0 -9999.0 -9999.0 -9999.0
-9999.0 -9999.0 -9999.0 -9999.0 -9999.0 -9999.0 -9999.0 -9999.0 -9999.0 -9999.0 -9999.0 -9999.0 -9999.0 0.270199 0.270199 0.270198 0.270198 0.270199 0.270198 0.270198 0.270199 0.270199 0.270199 0.270199 0.270198 0.270198 0.270198 0.270200 0.270198 0.203631 0.203631 0.203632 0.203632 0.203631 0.203632 0.203632 0.203632 0.203632 0.203632 0.203632 0.203632 0.203632 0.203632 0.203631 0.203632 0.203632 0.203632 0.251907 0.251907 0.251907 0.160734 0.160730 0.160732 0.160733 -9999.0 -9999.0 -9999.0 -9999.0 -9999.0 -9999.0 -9999.0 -9999.0 -9999.0
-9999.0 -9999.0 -9999.0 -9999.0 -9999.0 -9999.0 -9999.0 -9999.0 -9999.0 -9999.0 -9999.0 -9999.0 -9999.0 -9999.0 0.270199 -9999.0 -9999.0 -9999.0 0.160730 0.270198 0.270201 0.270200 0.270199 0.270199 0.270198 0.270199 0.270199 0.270199 0.270198 0.203632 0.203632 0.203632 0.203632 0.203632 0.203632 0.203632 0.203632 0.203632 0.203632 0.203632 0.203632 0.203632 0.203632 0.203631 0.203632 0.203632 0.203632 0.160734 0.160734 0.160733 0.160733 0.160732 0.160734 -9999.0 -9999.0 -9999.0 -9999.0 -9999.0 -9999.0 -9999.0 -9999.0 -9999.0 -9999.0
-9999.0 -9999.0 -9999.0 -9999.0 -9999.0 -9999.0 -9999.0 -9999.0 -9999.0 -9999.0 -9999.0 -9999.0 -9999.0 -9999.0 -9999.0 -9999.0 -9999.0 -9999.0 -9999.0 0.160730 0.160732 0.270198 0.270198 0.270199 0.270197 0.270199 0.270199 0.270198 0.270198 0.203632 0.203632 0.203632 0.203632 0.203632 0.203632 0.160734 0.160733 0.160733 0.203632 0.203632 0.203632 0.203632 0.203632 0.203631 0.203632 0.160734 0.160734 0.160733 0.160733 0.160733 0.160730 0.160732 0.160734 -9999.0 -9999.0 -9999.0 -9999.0 -9999.0 -9999.0 -9999.0 -9999.0 -9999.0 -9999.0
-9999.0 -9999.0 -9999.0 -9999.0 -9999.0 -9999.0 -9999.0 -9999.0 -9999.0 -9999.0 -9999.0 -9999.0 -9999.0 -9999.0 -9999.0 -9999.0 -9999.0 -9999.0 -9999.0 -9999.0 0.160733 0.160733 0.160734 0.270199 0.270197 0.270199 0.270199 0.270197 0.270201 0.203632 0.203632 0.160734 0.160732 0.160734 0.160734 0.160733 0.160733 0.160733 0.160733 0.160733 0.160733 0.160733 0.160733 0.160731 0.160734 0.160734 0.160734 0.160733 0.160733 0.160732 0.160732 0.160734 0.160734 -9999.0 -9999.0 -9999.0 -9999.0 -9999.0 -9999.0 -9999.0 -9999.0 -9999.0 -9999.0
-9999.0 -9999.0 -9999.0 -9999.0 -9999.0 -9999.0 -9999.0 -9999.0 -9999.0 -9999.0 -9999.0 -9999.0 -9999.0 -9999.0 -9999.0 -9999.0 -9999.0 -9999.0 -9999.0 -9999.0 -9999.0 0.160733 0.160733 0.160733 0.270198 0.270199 0.270197 0.270198 0.160733 0.160734 0.160733 0.160733 0.160732 0.160733 0.160734 0.160734 0.160733 0.160733 0.160733 0.160733 0.160733 0.160733 0.160733 0.160732 0.160734 0.160733 0.160733 0.160733 0.160733 0.160732 0.160733 0.160733 0.160733 -9999.0 -9999.0 -9999.0 -9999.0 -9999.0 -9999.0 -9999.0 -9999.0 -9999.0 -9999.0
-9999.0 -9999.0 -9999.0 -9999.0 -9999.0 -9999.0 -9999.0 -9999.0 -9999.0 -9999.0 -9999.0 -9999.0 -9999.0 -9999.0 -9999.0 -9999.0 -9999.0 -9999.0 -9999.0 -9999.0 -9999.0 -9999.0 -9999.0 0.160733 0.270198 0.270199 0.270198 0.160732 0.160733 0.160734 0.160733 0.160733 0.160732 0.160734 0.160733 0.160733 0.160733 0.160733 0.160733 0.160733 0.160730 0.160730 0.160732 0.160732 0.160733 0.160733 0.160733 0.160733 0.160733 0.160732 0.160733 0.160733 0.160733 -9999.0 -9999.0 -9999.0 -9999.0 -9999.0 -9999.0 -9999.0 -9999.0 -9999.0 -9999.0
-9999.0 -9999.0 -9999.0 -9999.0 -9999.0 -9999.0 -9999.0 -9999.0 -9999.0 -9999.0 -9999.0 -9999.0 -9999.0 -9999.0 -9999.0 -9999.0 -9999.0 -9999.0 -9999.0 -9999.0 -9999.0 -9999.0 -9999.0 0.270199 0.270198 0.270199 0.270198 0.160732 0.160733 0.160734 0.160733 0.160730 0.160732 0.160733 0.160733 0.160733 0.160733 0.160733 0.160732 0.160732 0.160732 0.160732 0.160732 0.160733 0.160733 0.160733 0.160733 0.160733 0.160732 0.160732 0.160729 0.160733 0.160733 -9999.0 -9999.0 -9999.0 -9999.0 -9999.0 -9999.0 -9999.0 -9999.0 -9999.0 -9999.0
-9999.0 -9999.0 -9999.0 -9999.0 -9999.0 -9999.0 -9999.0 -9999.0 -9999.0 -9999.0 -9999.0 -9999.0 -9999.0 -9999.0 -9999.0 -9999.0 -9999.0 -9999.0 -9999.0 -9999.0 -9999.0 -9999.0 -9999.0 0.270199 0.270198 0.270199 0.270198 0.160732 0.160733 0.160734 0.160733 0.160732 0.160732 0.160733 0.160733 0.160733 0.160733 0.160733 0.160732 0.160732 0.160732 0.160734 0.160734 0.160733 0.160733 0.160732 0.160732 0.160733 0.160732 0.160731 0.160732 0.160730 -9999.0 -9999.0 -9999.0 -9999.0 -9999.0 -9999.0 -9999.0 -9999.0 -9999.0 -9999.0 -9999.0
-9999.0 -9999.0 -9999.0 -9999.0 -9999.0 -9999.0 -9999.0 -9999.0 -9999.0 -9999.0 -9999.0 -9999.0 -9999.0 -9999.0 -9999.0 -9999.0 -9999.0 -9999.0 -9999.0 -9999.0 -9999.0 -9999.0 -9999.0 0.270199 0.270197 0.270199 0.270198 0.160733 0.160733 0.160734 0.160733 0.160734 0.160732 0.160733 0.160732 0.160732 0.160733 0.160733 0.160733 0.160732 0.160732 0.160732 0.160734 0.160733 0.160733 0.160733 0.160732 0.160732 0.160732 0.160732 0.160731 0.160732 0.160733 -9999.0 -9999.0 -9999.0 -9999.0 -9999.0 -9999.0 -9999.0 -9999.0 -9999.0 -9999.0
-9999.0 -9999.0 -9999.0 -9999.0 -9999.0 -9999.0 -9999.0 -9999.0 -9999.0 -9999.0 -9999.0 -9999.0 -9999.0 -9999.0 -9999.0 -9999.0 -9999.0 -9999.0 -9999.0 -9999.0 -9999.0 -9999.0 -9999.0 0.270199 0.270197 0.270199 0.270198 0.160733 0.160733 0.160734 0.160733 0.160734 0.160732 0.160733 0.160733 0.160733 0.160733 0.160733 0.160733 0.160733 0.160732 0.160732 0.160732 0.160734 0.160733 0.160732 0.160732 0.160733 0.160733 0.160732 0.160732 0.160732 0.160733 -9999.0 -9999.0 -9999.0 -9999.0 -9999.0 -9999.0 -9999.0 -9999.0 -9999.0 -9999.0
-9999.0 -9999.0 -9999.0 -9999.0 -9999.0 -9999.0 -9999.0 -9999.0 -9999.0 -9999.0 -9999.0 -9999.0 -9999.0 -9999.0 -9999.0 -9999.0 -9999.0 -9999.0 -9999.0 -9999.0 -9999.0 -9999.0 -9999.0 0.270199 0.270197 0.270199 0.270198 0.160733 0.160733 0.160734 0.160733 0.160733 0.160732 0.160733 0.160733 0.160733 0.160733 0.160733 0.160733 0.160733 0.160733 0.160732 0.160732 0.160734 0.160732 0.160732 0.160733 -9999.0 -9999.0 -9999.0 -9999.0 0.160733 0.160733 -9999.0 -9999.0 -9999.0 -9999.0 -9999.0 -9999.0 -9999.0 -9999.0 -9999.0 -9999.0
