geotop/1.0zi/1.0Montebello/Templates/Duarrigle2006/maps/thetaliqL0001N0021.asc
ncols         76
nrows         123
xllcorner     110555.058093
yllcorner     85388.025579
cellsize      200.000000
NODATA_value  -9999.0
[rows 84 to 111 of 123, columns 0 to 62 of 76]
-9999.0 -9999.0 -9999.0 0.390000 0.390000 0.434000 0.434000 0.434000 0.434000 0.434000 0.434000 0.434000 0.434000 0.434000 0.434000 0.434000 0.434000 0.434000 0.434000 0.434000 0.434000 0.434000 0.434000 0.434000 0.434000 0.434000 0.434000 0.434000 0.434000 0.390000 0.390000 0.390000 0.390000 0.390000 0.390000 0.390000 0.390000 0.390000 0.390000 0.390000 0.390000 0.390000 0.385822 0.390000 0.390000 0.390000 0.390000 0.390000 0.390000 0.390000 0.390000 0.390000 0.390000 0.390000 0.345916 0.390000 0.390000 0.385911 0.390000 0.390000 0.385916 0.390000 0.390000
-9999.0 -9999.0 0.390000 0.390000 0.434000 0.434000 0.434000 0.434000 0.434000 0.434000 0.434000 0.434000 0.434000 0.434000 0.434000 0.434000 0.434000 0.434000 0.434000 0.434000 0.434000 0.434000 0.434000 0.434000 0.434000 0.434000 0.434000 0.434000 0.434000 0.434000 0.434000 0.390000 0.390000 0.390000 0.390000 0.390000 0.390000 0.390000 0.385912 0.390000 0.359066 0.390000 0.390000 0.390000 0.390000 0.390000 0.390000 0.390000 0.390000 0.390000 0.390000 0.390000 0.390000 0.390000 0.390000 0.390000 0.390000 0.390000 0.390000 0.390000 0.385892 0.390000 0.390000
-9999.0 -9999.0 0.390000 0.390000 0.434000 0.434000 0.434000 0.355714 0.434000 0.434000 0.434000 0.434000 0.434000 0.434000 0.434000 0.434000 0.434000 0.434000 0.434000 0.434000 0.434000 0.434000 0.434000 0.434000 0.434000 0.434000 0.434000 0.434000 0.434000 0.434000 0.434000 0.434000 0.390000 0.390000 0.390000 0.390000 0.390000 0.390000 0.390000 0.390000 0.390000 0.390000 0.390000 0.390000 0.390000 0.390000 0.390000 0.390000 0.390000 0.385862 0.390000 0.390000 0.390000 0.390000 0.390000 0.390000 0.390000 0.390000 0.390000 0.390000 0.385857 0.390000 0.390000
-9999.0 -9999.0 -9999.0 0.434000 0.434000 -9999.0 0.434000 0.434000 0.434000 0.434000 0.434000 0.385000 0.385000 0.434000 0.434000 0.434000 0.434000 0.434000 0.434000 0.434000 0.434000 0.434000 0.434000 0.434000 0.434000 0.434000 0.434000 0.434000 0.434000 0.434000 0.434000 0.434000 0.434000 0.390000 0.390000 0.390000 0.390000 0.390000 0.390000 0.390000 0.390000 0.390000 0.390000 0.390000 0.390000 0.390000 0.390000 0.390000 0.390000 0.390000 0.390000 0.390000 0.390000 0.390000 0.390000 0.390000 0.390000 0.336004 0.390000 0.390000 0.384459 0.390000 0.390000
-9999.0 -9999.0 -9999.0 -9999.0 -9999.0 -9999.0 -9999.0 -9999.0 0.434000 0.434000 0.385000 0.385000 0.385000 0.385000 0.434000 0.434000 0.434000 0.434000 0.434000 0.434000 0.434000 0.434000 0.434000 0.434000 0.434000 0.434000 0.434000 0.434000 0.434000 0.434000 0.434000 0.434000 0.434000 0.434000 0.434000 0.390000 0.390000 0.385757 0.390000 0.336007 0.390000 0.390000 0.390000 0.390000 0.390000 0.390000 0.390000 0.390000 0.390000 0.385101 0.390000 0.390000 0.390000 0.390000 0.390000 0.390000 0.385929 0.390000 0.390000 0.390000 0.385893 0.390000 -9999.0
-9999.0 -9999.0 -9999.0 -9999.0 -9999.0 -9999.0 -9999.0 -9999.0 -9999.0 0.434000 0.385000 0.385000 0.385000 0.385000 0.385000 0.434000 0.434000 0.434000 0.434000 0.434000 0.434000 0.434000 0.434000 0.434000 0.434000 0.434000 0.434000 0.434000 0.434000 0.434000 0.434000 0.434000 0.434000 0.434000 0.434000 0.434000 0.385776 0.390000 0.387816 0.390000 0.390000 0.390000 0.390000 0.390000 0.390000 0.390000 0.390000 0.386455 0.385360 0.385868 0.390000 0.390000 0.390000 0.390000 0.385928 0.390000 0.390000 0.390000 0.390000 0.390000 0.385816 0.390000 -9999.0
-9999.0 -9999.0 -9999.0 -9999.0 -9999.0 -9999.0 -9999.0 -9999.0 -9999.0 0.434000 0.385000 0.385000 0.385000 0.385000 0.385000 0.385000 0.434000 0.434000 0.434000 0.434000 0.434000 0.434000 0.434000 0.434000 0.434000 0.434000 0.434000 0.434000 0.434000 0.434000 0.434000 0.434000 0.434000 0.434000 0.434000 0.434000 0.434000 0.336000 0.390000 0.390000 0.390000 0.390000 0.390000 0.390000 0.390000 0.390000 0.390000 0.385961 0.385788 0.390000 0.390000 0.390000 0.390000 0.390000 0.385897 0.390000 0.390000 0.390000 0.390000 0.390000 0.385925 0.390000 -9999.0
-9999.0 -9999.0 -9999.0 -9999.0 -9999.0 -9999.0 -9999.0 -9999.0 -9999.0 0.434000 0.434000 0.385000 0.385000 0.385000 0.385000 0.385000 0.385000 0.434000 0.434000 0.434000 0.434000 0.434000 0.434000 0.434000 0.434000 0.434000 0.434000 0.434000 0.434000 0.434000 0.434000 0.434000 0.434000 0.434000 0.434000 0.434000 0.434000 0.434000 0.390000 0.390000 0.390000 0.390000 0.390000 0.390000 0.390000 0.390000 0.390000 0.335341 0.385828 0.390000 0.390000 0.390000 0.390000 0.390000 0.390000 0.390000 0.390000 0.390000 0.390000 0.390000 0.385852 0.390000 -9999.0
-9999.0 -9999.0 -9999.0 -9999.0 -9999.0 -9999.0 -9999.0 -9999.0 -9999.0 0.434000 0.434000 0.385000 0.385000 0.385000 0.385000 0.385000 0.385000 0.434000 0.434000 0.434000 0.434000 0.434000 0.434000 0.434000 0.434000 0.434000 0.434000 0.434000 0.434000 0.434000 0.434000 0.434000 0.434000 0.434000 0.434000 0.434000 0.434000 0.434000 0.390000 0.390000 0.390000 0.390000 0.390000 0.390000 0.390000 0.390000 0.336005 0.385995 0.385938 0.390000 0.390000 0.390000 0.390000 0.390000 0.385976 0.390000 0.390000 0.390000 0.390000 0.390000 0.385930 0.390000 -9999.0
-9999.0 -9999.0 -9999.0 -9999.0 -9999.0 -9999.0 -9999.0 -9999.0 -9999.0 0.434000 0.434000 0.385000 0.385000 0.385000 0.385000 0.385000 0.385000 0.385000 0.434000 0.434000 0.434000 0.434000 0.434000 0.434000 0.434000 0.434000 0.434000 0.434000 0.434000 0.434000 0.434000 0.434000 0.434000 0.434000 0.434000 0.434000 0.434000 0.434000 0.434000 0.390000 0.390000 0.390000 0.390000 0.390000 0.390000 0.390000 0.384430 0.390000 0.390000 0.390000 0.390000 0.390000 0.390000 0.386023 0.390000 0.390000 0.390000 0.390000 0.390000 0.390000 0.390000 -9999.0 -9999.0
-9999.0 -9999.0 -9999.0 -9999.0 -9999.0 -9999.0 -9999.0 -9999.0 -9999.0 0.385000 0.385000 0.385000 0.385000 0.385000 0.385000 0.385000 0.385000 0.385000 0.385000 0.385000 0.385000 0.385000 0.385000 0.434000 0.434000 0.434000 0.434000 0.434000 0.434000 0.434000 0.434000 0.434000 0.434000 0.434000 0.434000 0.434000 0.434000 0.434000 0.434000 0.390000 0.390000 0.390000 0.390000 0.390000 0.390000 0.384324 0.385775 0.390000 0.390000 0.390000 0.390000 0.390000 0.390000 0.385973 0.390000 0.390000 0.390000 0.390000 0.390000 -9999.0 -9999.0 -9999.0 -9999.0
-9999.0 -9999.0 -9999.0 -9999.0 -9999.0 -9999.0 -9999.0 0.434000 0.434000 0.385000 0.385000 0.385000 0.385000 0.385000 0.385000 0.385000 0.385000 0.385000 0.385000 0.385000 0.385000 0.385000 0.385000 0.434000 0.434000 0.434000 0.434000 0.434000 0.434000 0.434000 0.434000 0.434000 0.434000 0.434000 0.434000 0.434000 0.434000 0.434000 0.434000 0.434000 0.390000 0.390000 0.390000 0.387112 0.385841 0.386352 0.390000 0.390000 0.390000 0.390000 0.390000 0.390000 0.384494 0.386000 0.390000 0.390000 0.390000 0.390000 -9999.0 -9999.0 -9999.0 -9999.0 -9999.0
-9999.0 -9999.0 -9999.0 -9999.0 -9999.0 -9999.0 -9999.0 0.348065 0.385000 0.385000 0.385000 0.385000 0.385000 0.385000 0.385000 0.385000 0.385000 0.385000 0.385000 0.385000 0.385000 0.434000 0.434000 0.434000 0.434000 0.434000 0.434000 0.434000 0.434000 0.434000 0.434000 0.434000 0.434000 0.434000 0.434000 0.434000 0.434000 0.434000 0.434000 0.434000 0.434000 0.390000 0.390000 0.339288 0.390000 0.390000 0.390000 0.390000 0.390000 0.390000 0.390000 0.385787 0.385744 0.390000 0.390000 0.390000 0.390000 0.390000 -9999.0 -9999.0 -9999.0 -9999.0 -9999.0
-9999.0 -9999.0 -9999.0 -9999.0 -9999.0 -9999.0 -9999.0 0.361105 0.385000 0.385000 0.385000 0.385000 0.385000 0.385000 0.385000 0.385000 0.385000 0.385000 0.385000 0.385000 0.385000 0.434000 0.434000 0.434000 0.434000 0.434000 0.434000 0.434000 0.434000 0.434000 0.434000 0.434000 0.434000 0.434000 0.434000 0.434000 0.434000 0.434000 0.434000 0.434000 0.434000 0.434000 0.434000 0.434000 0.390000 0.390000 0.390000 0.390000 0.390000 0.390000 0.390000 0.384412 0.390000 0.390000 0.390000 0.390000 0.390000 -9999.0 -9999.0 -9999.0 -9999.0 -9999.0 -9999.0
-9999.0 -9999.0 -9999.0 -9999.0 -9999.0 -9999.0 -9999.0 -9999.0 -9999.0 -9999.0 0.385000 0.385000 0.385000 0.385000 0.385000 0.385000 0.385000 0.385000 0.385000 0.385000 0.385000 0.434000 0.434000 0.434000 0.434000 0.434000 0.434000 0.434000 0.434000 0.434000 0.434000 0.434000 0.434000 0.434000 0.434000 0.434000 0.434000 0.434000 0.434000 0.434000 0.434000 0.434000 0.434000 0.434000 0.434000 0.390000 0.390000 0.390000 0.390000 0.390000 0.345798 0.386122 0.330066 0.390000 0.390000 0.390000 -9999.0 -9999.0 -9999.0 -9999.0 -9999.0 -9999.0 -9999.0
-9999.0 -9999.0 -9999.0 -9999.0 -9999.0 -9999.0 -9999.0 -9999.0 -9999.0 -9999.0 -9999.0 0.434000 0.385000 0.385000 0.385000 0.385000 0.385000 0.385000 0.385000 0.385000 0.385000 0.434000 0.434000 0.434000 0.434000 0.385000 0.385000 0.434000 0.434000 0.434000 0.434000 0.434000 0.434000 0.434000 0.434000 0.434000 0.434000 0.434000 0.434000 0.434000 0.434000 0.434000 0.434000 0.434000 0.434000 0.434000 0.390000 0.390000 0.390000 0.390000 0.390000 0.390000 0.383282 0.330008 0.390000 -9999.0 -9999.0 -9999.0 -9999.0 -9999.0 -9999.0 -9999.0 -9999.0
-9999.0 -9999.0 -9999.0 -9999.0 -9999.0 -9999.0 -9999.0 -9999.0 -9999.0 -9999.0 -9999.0 0.434000 0.385000 0.385000 0.385000 0.385000 0.385000 0.385000 0.385000 0.385000 0.385000 0.385000 0.385000 0.385000 0.385000 0.385000 0.385000 0.385000 0.434000 0.347524 0.434000 0.434000 0.434000 0.434000 0.434000 0.434000 0.434000 0.434000 0.434000 0.434000 0.434000 0.434000 0.434000 0.434000 0.434000 0.434000 0.390000 0.390000 0.390000 0.390000 0.390000 0.345648 0.330432 0.384398 -9999.0 -9999.0 -9999.0 -9999.0 -9999.0 -9999.0 -9999.0 -9999.0 -9999.0
-9999.0 -9999.0 -9999.0 -9999.0 -9999.0 -9999.0 -9999.0 -9999.0 -9999.0 -9999.0 -9999.0 -9999.0 -9999.0 0.385000 0.385000 0.385000 0.385000 0.385000 0.385000 0.385000 0.385000 0.385000 0.385000 0.385000 0.385000 0.385000 0.385000 0.385000 0.385000 0.363586 0.364316 0.434000 0.434000 0.362221 0.434000 0.434000 0.434000 0.434000 0.434000 0.434000 0.434000 0.434000 0.434000 0.351055 0.434000 0.434000 0.434000 0.390000 0.390000 0.390000 0.412000 0.412000 0.412000 0.412000 -9999.0 -9999.0 -9999.0 -9999.0 -9999.0 -9999.0 -9999.0 -9999.0 -9999.0
-9999.0 -9999.0 -9999.0 -9999.0 -9999.0 -9999.0 -9999.0 -9999.0 -9999.0 -9999.0 -9999.0 -9999.0 -9999.0 -9999.0 0.385000 -9999.0 -9999.0 -9999.0 0.412000 0.385000 0.385000 0.385000 0.385000 0.385000 0.385000 0.385000 0.385000 0.385000 0.385000 0.434000 0.434000 0.434000 0.434000 0.434000 0.434000 0.434000 0.434000 0.434000 0.434000 0.434000 0.434000 0.434000 0.434000 0.351995 0.434000 0.434000 0.434000 0.412000 0.412000 0.412000 0.412000 0.412000 0.412000 -9999.0 -9999.0 -9999.0 -9999.0 -9999.0 -9999.0 -9999.0 -9999.0 -9999.0 -9999.0
-9999.0 -9999.0 -9999.0 -9999.0 -9999.0 -9999.0 -9999.0 -9999.0 -9999.0 -9999.0 -9999.0 -9999.0 -9999.0 -9999.0 -9999.0 -9999.0 -9999.0 -9999.0 -9999.0 0.412000 0.412000 0.385000 0.385000 0.385000 0.385000 0.385000 0.385000 0.385000 0.385000 0.434000 0.434000 0.434000 0.434000 0.434000 0.434000 0.412000 0.412000 0.412000 0.434000 0.434000 0.434000 0.434000 0.434000 0.396488 0.434000 0.412000 0.412000 0.412000 0.412000 0.412000 0.412000 0.412000 0.412000 -9999.0 -9999.0 -9999.0 -9999.0 -9999.0 -9999.0 -9999.0 -9999.0 -9999.0 -9999.0
-9999.0 -9999.0 -9999.0 -9999.0 -9999.0 -9999.0 -9999.0 -9999.0 -9999.0 -9999.0 -9999.0 -9999.0 -9999.0 -9999.0 -9999.0 -9999.0 -9999.0 -9999.0 -9999.0 -9999.0 0.412000 0.412000 0.412000 0.385000 0.385000 0.385000 0.385000 0.385000 0.385000 0.434000 0.434000 0.412000 0.412000 0.412000 0.412000 0.412000 0.412000 0.412000 0.412000 0.412000 0.412000 0.412000 0.412000 0.412000 0.412000 0.412000 0.412000 0.412000 0.412000 0.412000 0.412000 0.412000 0.412000 -9999.0 -9999.0 -9999.0 -9999.0 -9999.0 -9999.0 -9999.0 -9999.0 -9999.0 -9999.0
-9999.0 -9999.0 -9999.0 -9999.0 -9999.0 -9999.0 -9999.0 -9999.0 -9999.0 -9999.0 -9999.0 -9999.0 -9999.0 -9999.0 -9999.0 -9999.0 -9999.0 -9999.0 -9999.0 -9999.0 -9999.0 0.412000 0.412000 0.412000 0.385000 0.385000 0.385000 0.385000 0.412000 0.412000 0.412000 0.412000 0.412000 0.412000 0.412000 0.412000 0.412000 0.412000 0.412000 0.412000 0.412000 0.412000 0.412000 0.412000 0.412000 0.412000 0.412000 0.412000 0.412000 0.412000 0.412000 0.412000 0.412000 -9999.0 -9999.0 -9999.0 -9999.0 -9999.0 -9999.0 -9999.0 -9999.0 -9999.0 -9999.0
-9999.0 -9999.0 -9999.0 -9999.0 -9999.0 -9999.0 -9999.0 -9999.0 -9999.0 -9999.0 -9999.0 -9999.0 -9999.0 -9999.0 -9999.0 -9999.0 -9999.0 -9999.0 -9999.0 -9999.0 -9999.0 -9999.0 -9999.0 0.412000 0.385000 0.385000 0.385000 0.412000 0.412000 0.412000 0.412000 0.412000 0.412000 0.412000 0.412000 0.412000 0.412000 0.412000 0.412000 0.412000 0.412000 0.412000 0.412000 0.412000 0.412000 0.412000 0.412000 0.412000 0.412000 0.412000 0.412000 0.412000 0.412000 -9999.0 -9999.0 -9999.0 -9999.0 -9999.0 -9999.0 -9999.0 -9999.0 -9999.0 -9999.0
-9999.0 -9999.0 -9999.0 -9999.0 -9999.0 -9999.0 -9999.0 -9999.0 -9999.0 -9999.0 -9999.0 -9999.0 -9999.0 -9999.0 -9999.0 -9999.0 -9999.0 -9999.0 -9999.0 -9999.0 -9999.0 -9999.0 -9999.0 0.385000 0.385000 0.385000 0.385000 0.412000 0.412000 0.412000 0.412000 0.412000 0.412000 0.412000 0.412000 0.412000 0.412000 0.412000 0.412000 0.412000 0.412000 0.412000 0.412000 0.412000 0.412000 0.412000 0.412000 0.412000 0.412000 0.412000 0.399778 0.412000 0.412000 -9999.0 -9999.0 -9999.0 -9999.0 -9999.0 -9999.0 -9999.0 -9999.0 -9999.0 -9999.0
-9999.0 -9999.0 -9999.0 -9999.0 -9999.0 -9999.0 -9999.0 -9999.0 -9999.0 -9999.0 -9999.0 -9999.0 -9999.0 -9999.0 -9999.0 -9999.0 -9999.0 -9999.0 -9999.0 -9999.0 -9999.0 -9999.0 -9999.0 0.385000 0.385000 0.385000 0.385000 0.412000 0.412000 0.412000 0.412000 0.412000 0.412000 0.412000 0.412000 0.412000 0.412000 0.412000 0.412000 0.412000 0.412000 0.412000 0.412000 0.412000 0.412000 0.412000 0.412000 0.412000 0.412000 0.412000 0.412000 0.412000 -9999.0 -9999.0 -9999.0 -9999.0 -9999.0 -9999.0 -9999.0 -9999.0 -9999.0 -9999.0 -9999.0
-9999.0 -9999.0 -9999.0 -9999.0 -9999.0 -9999.0 -9999.0 -9999.0 -9999.0 -9999.0 -9999.0 -9999.0 -9999.0 -9999.0 -9999.0 -9999.0 -9999.0 -9999.0 -9999.0 -9999.0 -9999.0 -9999.0 -9999.0 0.385000 0.385000 0.385000 0.385000 0.412000 0.412000 0.412000 0.412000 0.412000 0.412000 0.412000 0.412000 0.412000 0.412000 0.412000 0.412000 0.412000 0.412000 0.412000 0.412000 0.412000 0.412000 0.412000 0.412000 0.412000 0.412000 0.412000 0.412000 0.412000 0.412000 -9999.0 -9999.0 -9999.0 -9999.0 -9999.0 -9999.0 -9999.0 -9999.0 -9999.0 -9999.0
-9999.0 -9999.0 -9999.0 -9999.0 -9999.0 -9999.0 -9999.0 -9999.0 -9999.0 -9999.0 -9999.0 -9999.0 -9999.0 -9999.0 -9999.0 -9999.0 -9999.0 -9999.0 -9999.0 -9999.0 -9999.0 -9999.0 -9999.0 0.385000 0.385000 0.385000 0.385000 0.412000 0.412000 0.412000 0.412000 0.412000 0.412000 0.412000 0.412000 0.412000 0.412000 0.412000 0.412000 0.412000 0.412000 0.412000 0.412000 0.412000 0.412000 0.412000 0.412000 0.412000 0.412000 0.412000 0.412000 0.412000 0.412000 -9999.0 -9999.0 -9999.0 -9999.0 -9999.0 -9999.0 -9999.0 -9999.0 -9999.0 -9999.0
-9999.0 -9999.0 -9999.0 -9999.0 -9999.0 -9999.0 -9999.0 -9999.0 -9999.0 -9999.0 -9999.0 -9999.0 -9999.0 -9999.0 -9999.0 -9999.0 -9999.0 -9999.0 -9999.0 -9999.0 -9999.0 -9999.0 -9999.0 0.385000 0.385000 0.385000 0.385000 0.412000 0.412000 0.412000 0.412000 0.412000 0.412000 0.412000 0.412000 0.412000 0.412000 0.412000 0.412000 0.412000 0.412000 0.412000 0.412000 0.412000 0.412000 0.412000 0.412000 -9999.0 -9999.0 -9999.0 -9999.0 0.412000 0.412000 -9999.0 -9999.0 -9999.0 -9999.0 -9999.0 -9999.0 -9999.0 -9999.0 -9999.0 -9999.0
