geotop/1.0zi/1.0Montebello/Templates/Duarrigle2006/maps/thetaliqL0001N0013.asc
ncols         76
nrows         123
xllcorner     110555.058093
yllcorner     85388.025579
cellsize      200.000000
NODATA_value  -9999.0
[rows 56 to 83 of 123, columns 0 to 62 of 76]
-9999.0 -9999.0 -9999.0 -9999.0 -9999.0 -9999.0 -9999.0 -9999.0 -9999.0 -9999.0 -9999.0 -9999.0 -9999.0 0.385000 0.385000 0.385000 0.385000 0.385000 0.363137 0.362633 0.361670 0.362185 0.365153 0.365947 0.371053 0.385759 0.358957 0.358066 0.358017 0.356397 0.358029 0.363726 0.361536 0.361486 0.361882 0.361537 0.363352 0.365211 0.362182 0.364820 0.358074 0.358070 0.361990 0.362028 0.364056 0.363825 0.362172 0.366128 0.367484 0.358038 0.310908 0.363511 0.362272 0.361647 0.362678 0.362748 0.363667 0.364987 0.367918 0.373665 0.362112 0.362832 0.358028
-9999.0 -9999.0 -9999.0 -9999.0 -9999.0 -9999.0 -9999.0 -9999.0 -9999.0 -9999.0 -9999.0 -9999.0 -9999.0 -9999.0 0.362473 0.361694 0.361474 0.362100 0.362127 0.361995 0.363274 0.367676 0.372573 0.369500 0.362831 0.358016 0.390000 0.362564 0.363618 0.363542 0.361720 0.361330 0.361418 0.361822 0.361736 0.362926 0.364761 0.366831 0.363398 0.362676 0.358058 0.362052 0.361750 0.362601 0.365037 0.365431 0.364316 0.366371 0.358078 0.358056 0.367370 0.365781 0.364073 0.362103 0.361798 0.361705 0.362191 0.363195 0.368575 0.366095 0.365890 0.367460 0.373835
-9999.0 -9999.0 -9999.0 -9999.0 -9999.0 -9999.0 -9999.0 -9999.0 -9999.0 -9999.0 -9999.0 -9999.0 -9999.0 0.362716 0.362308 0.361861 0.361594 0.362267 0.362264 0.362139 0.362641 0.362739 0.364748 0.361833 0.361638 0.361990 0.358020 0.390000 0.364003 0.363429 0.361745 0.361564 0.361870 0.362305 0.366219 0.367760 0.369955 0.372816 0.363182 0.358055 0.358035 0.362071 0.362045 0.363630 0.366281 0.366155 0.368915 0.362184 0.358018 0.362777 0.362228 0.362491 0.362765 0.362039 0.362290 0.365519 0.367352 0.369394 0.364779 0.364612 0.361790 0.365292 0.362610
-9999.0 -9999.0 -9999.0 -9999.0 -9999.0 -9999.0 -9999.0 -9999.0 -9999.0 -9999.0 -9999.0 -9999.0 0.363146 0.366390 0.368540 0.370325 0.371308 0.370299 0.363429 0.362336 0.361662 0.361507 0.361934 0.362140 0.363582 0.364161 0.367862 0.390000 0.365013 0.364444 0.363338 0.362568 0.361571 0.361962 0.361677 0.362026 0.364895 0.366883 0.374755 0.358028 0.362180 0.362020 0.362203 0.363958 0.367165 0.366787 0.369745 0.356049 0.310908 0.365059 0.362683 0.362560 0.364971 0.362620 0.363669 0.361818 0.362902 0.363325 0.363100 0.363141 0.362554 0.363307 0.362719
-9999.0 -9999.0 -9999.0 -9999.0 -9999.0 -9999.0 -9999.0 -9999.0 -9999.0 -9999.0 -9999.0 -9999.0 0.362354 0.362360 0.363689 0.362029 0.361811 0.361444 0.369262 0.364075 0.361800 0.361829 0.361897 0.361668 0.361958 0.363251 0.369313 0.381417 0.363449 0.362386 0.363897 0.362612 0.361350 0.361725 0.361896 0.361689 0.362313 0.364147 0.365490 0.358340 0.310901 0.362973 0.363356 0.364392 0.362431 0.358137 0.358384 0.358117 0.368105 0.362840 0.363503 0.367932 0.368793 0.364265 0.362513 0.362581 0.362560 0.362223 0.361900 0.361621 0.361577 0.361628 0.361930
-9999.0 -9999.0 -9999.0 -9999.0 -9999.0 -9999.0 -9999.0 -9999.0 -9999.0 -9999.0 -9999.0 -9999.0 -9999.0 0.362073 0.361730 0.361500 0.362283 0.358022 0.358013 0.358208 0.358103 0.358014 0.364025 0.362259 0.363343 0.364179 0.390000 0.358158 0.370200 0.370126 0.368719 0.366010 0.364008 0.362206 0.361552 0.363539 0.364872 0.365304 0.362116 0.362044 0.358020 0.306500 0.358040 0.358113 0.358053 0.358068 0.365281 0.363552 0.361624 0.363196 0.362212 0.362327 0.362558 0.371269 0.363740 0.363952 0.361750 0.361708 0.361825 0.361680 0.361386 0.310896 0.305826
-9999.0 -9999.0 -9999.0 -9999.0 -9999.0 -9999.0 -9999.0 -9999.0 -9999.0 -9999.0 -9999.0 -9999.0 -9999.0 -9999.0 0.362490 0.358066 0.358046 0.358044 0.362434 0.361651 0.362905 0.357977 0.358014 0.358047 0.361513 0.362050 0.390000 0.358049 0.362393 0.365190 0.365807 0.363639 0.361898 0.362155 0.361727 0.363229 0.361963 0.362614 0.366475 0.363601 0.358027 0.358054 0.364789 0.364619 0.363391 0.363207 0.361861 0.361441 0.361722 0.363002 0.362160 0.362596 0.363499 0.362788 0.358123 0.358057 0.363850 0.362767 0.361693 0.361447 0.363244 0.358009 0.356246
-9999.0 -9999.0 -9999.0 -9999.0 -9999.0 -9999.0 -9999.0 -9999.0 -9999.0 -9999.0 -9999.0 -9999.0 -9999.0 -9999.0 0.362242 0.361764 0.362397 0.362196 0.362287 0.361348 0.361032 0.361495 0.364804 0.358058 0.358078 0.358062 0.384995 0.307534 0.365218 0.361594 0.362302 0.361449 0.361488 0.362795 0.362256 0.362967 0.363916 0.362993 0.362188 0.368369 0.359941 0.362069 0.362799 0.362778 0.363100 0.361833 0.362150 0.362070 0.361773 0.362355 0.362448 0.363399 0.314458 0.358030 0.310159 0.356051 0.358052 0.362729 0.362300 0.362150 0.358015 0.356267 0.309023
-9999.0 -9999.0 -9999.0 -9999.0 -9999.0 -9999.0 -9999.0 -9999.0 -9999.0 -9999.0 -9999.0 -9999.0 -9999.0 -9999.0 0.361913 0.363098 0.362419 0.362602 0.362564 0.362818 0.362175 0.362396 0.361328 0.364625 0.363452 0.362949 0.363806 0.390000 0.358024 0.362105 0.363619 0.362989 0.363944 0.362212 0.364017 0.362713 0.364448 0.364630 0.365803 0.358776 0.358067 0.364082 0.362148 0.361823 0.362499 0.362417 0.362634 0.361855 0.363200 0.365465 0.364438 0.363133 0.365299 0.361949 0.362879 0.362852 0.358039 0.362027 0.363279 0.358018 0.310906 0.362315 0.362608
-9999.0 -9999.0 -9999.0 -9999.0 -9999.0 -9999.0 -9999.0 -9999.0 -9999.0 -9999.0 -9999.0 -9999.0 -9999.0 0.361728 0.361693 0.362865 0.365601 0.363917 0.363929 0.364136 0.362679 0.363561 0.364446 0.362819 0.361419 0.361341 0.361549 0.364489 0.390000 0.358112 0.363908 0.365349 0.361613 0.363582 0.363958 0.364258 0.362116 0.365673 0.358135 0.358921 0.361589 0.361226 0.361594 0.362097 0.362121 0.362151 0.362191 0.358035 0.358044 0.368328 0.365969 0.363383 0.362716 0.365843 0.363954 0.362118 0.314460 0.358008 0.358025 0.358017 0.362934 0.361865 0.362633
-9999.0 -9999.0 -9999.0 -9999.0 -9999.0 -9999.0 -9999.0 -9999.0 -9999.0 0.362239 0.362760 0.361858 0.362509 0.362643 0.364917 0.365392 0.368236 0.365003 0.364743 0.364995 0.362047 0.361797 0.361633 0.361473 0.362247 0.361658 0.361755 0.363563 0.365415 0.387292 0.362352 0.366090 0.361830 0.366902 0.361956 0.364969 0.362396 0.363990 0.364885 0.361732 0.361182 0.362100 0.363158 0.363170 0.363448 0.362251 0.362926 0.364612 0.358040 0.358111 0.314457 0.363288 0.362067 0.361631 0.366470 0.366166 0.362332 0.361931 0.356192 0.362102 0.361650 0.362377 0.364518
-9999.0 -9999.0 -9999.0 -9999.0 -9999.0 -9999.0 -9999.0 -9999.0 0.362488 0.362759 0.369055 0.362733 0.364111 0.362250 0.362653 0.363565 0.369443 0.364391 0.365094 0.365520 0.361874 0.361723 0.361142 0.361810 0.364518 0.361720 0.363324 0.364763 0.366699 0.390000 0.371819 0.364142 0.366112 0.362535 0.361573 0.365741 0.358046 0.359091 0.358498 0.362243 0.361698 0.364564 0.364059 0.364113 0.363349 0.362133 0.364616 0.361943 0.361994 0.362222 0.358015 0.358028 0.358028 0.362015 0.363502 0.366754 0.367786 0.361688 0.314461 0.358027 0.314453 0.361497 0.361358
-9999.0 -9999.0 -9999.0 -9999.0 -9999.0 -9999.0 -9999.0 -9999.0 0.363150 0.365490 0.369249 0.364502 0.365607 0.362530 0.362674 0.363493 0.364984 0.370646 0.366943 0.366019 0.362920 0.362979 0.361673 0.364302 0.365594 0.362087 0.364113 0.365095 0.367440 0.358023 0.390000 0.390000 0.362221 0.362967 0.362498 0.362240 0.358931 0.362545 0.364529 0.376582 0.374074 0.371847 0.369245 0.366871 0.364770 0.362742 0.365333 0.362714 0.364198 0.364111 0.363019 0.364489 0.358053 0.358060 0.358075 0.356205 0.358175 0.362142 0.361615 0.361937 0.358017 0.361840 0.361820
-9999.0 -9999.0 -9999.0 -9999.0 -9999.0 -9999.0 -9999.0 -9999.0 0.362995 0.364452 0.366274 0.382042 0.365827 0.362579 0.361947 0.361578 0.361478 0.361508 0.372056 0.376136 0.365059 0.364926 0.358021 0.365575 0.366745 0.362416 0.364159 0.365244 0.362393 0.361770 0.310905 0.309021 0.390000 0.314459 0.360752 0.314455 0.361979 0.361490 0.362156 0.367407 0.363487 0.362177 0.362334 0.363053 0.362162 0.363836 0.365537 0.362032 0.362219 0.367862 0.363447 0.362619 0.363156 0.361732 0.362035 0.361652 0.358045 0.358041 0.310900 0.362003 0.310900 0.357990 0.362206
-9999.0 -9999.0 -9999.0 -9999.0 -9999.0 -9999.0 -9999.0 0.361786 0.362198 0.362009 0.362708 0.382028 0.362115 0.361621 0.361402 0.362359 0.362396 0.363524 0.358033 0.356413 0.358745 0.358298 0.358378 0.358152 0.367568 0.358390 0.362753 0.362077 0.362416 0.362321 0.362316 0.314458 0.390000 0.362495 0.362770 0.366001 0.364429 0.362300 0.361646 0.362362 0.365312 0.362407 0.363363 0.364069 0.362352 0.364991 0.365458 0.363843 0.363778 0.367202 0.364158 0.363280 0.362577 0.361907 0.362003 0.361941 0.361711 0.362229 0.358074 0.358001 0.362458 0.356262 0.358008
-9999.0 -9999.0 -9999.0 -9999.0 -9999.0 -9999.0 0.362409 0.362051 0.363590 0.363284 0.374169 0.362320 0.361582 0.361712 0.362692 0.362336 0.364391 0.358081 0.358098 0.366065 0.366538 0.364170 0.363721 0.362324 0.365133 0.358145 0.365879 0.356242 0.359802 0.360041 0.360360 0.356757 0.390000 0.362504 0.364227 0.363465 0.362767 0.361981 0.362910 0.364622 0.363288 0.362947 0.367143 0.362597 0.362479 0.364077 0.369388 0.371029 0.370133 0.364523 0.362244 0.364262 0.362561 0.361979 0.364519 0.366762 0.367534 0.366003 0.362142 0.358015 0.364898 0.306505 0.390000
-9999.0 -9999.0 -9999.0 -9999.0 -9999.0 -9999.0 0.364177 0.362809 0.364855 0.367043 0.358200 0.358243 0.310903 0.361354 0.363001 0.363893 0.358047 0.358042 0.368525 0.365362 0.364977 0.362252 0.362294 0.363142 0.363110 0.365101 0.366219 0.361824 0.366989 0.363832 0.362300 0.358034 0.390000 0.358053 0.364117 0.362057 0.361767 0.362434 0.363562 0.365586 0.365733 0.364328 0.370006 0.364765 0.362136 0.361957 0.361931 0.362978 0.376378 0.363886 0.362446 0.365072 0.364043 0.361814 0.364371 0.363100 0.362095 0.361699 0.361855 0.358014 0.367338 0.390000 0.390000
-9999.0 -9999.0 -9999.0 -9999.0 -9999.0 -9999.0 0.365933 0.364673 0.362920 0.362421 0.362505 0.363146 0.358043 0.358021 0.358288 0.358024 0.310905 0.364641 0.368476 0.364788 0.363036 0.362280 0.361927 0.361974 0.363333 0.364334 0.362498 0.364911 0.362249 0.362201 0.361752 0.361774 0.390000 0.314447 0.361390 0.361816 0.362070 0.363287 0.363601 0.362445 0.363226 0.367914 0.373422 0.367576 0.362507 0.362952 0.364177 0.358165 0.356416 0.358377 0.363968 0.365274 0.364862 0.362090 0.365740 0.363672 0.361997 0.362745 0.363317 0.358979 0.390000 0.358001 0.362716
-9999.0 -9999.0 -9999.0 -9999.0 -9999.0 -9999.0 0.365603 0.365561 0.364994 0.363275 0.363445 0.362611 0.361929 0.361699 0.362082 0.362271 0.362143 0.364956 0.364773 0.363271 0.362197 0.362764 0.362013 0.362114 0.362177 0.362869 0.362059 0.364436 0.362097 0.361824 0.362020 0.361874 0.390000 0.362009 0.364451 0.365039 0.362908 0.364084 0.365334 0.362452 0.365793 0.362402 0.363225 0.376264 0.364037 0.366294 0.365366 0.362862 0.364412 0.358029 0.358085 0.362277 0.365396 0.363805 0.367612 0.361952 0.362142 0.363653 0.366259 0.390000 0.358015 0.362778 0.361058
-9999.0 -9999.0 -9999.0 -9999.0 -9999.0 -9999.0 0.362021 0.368939 0.358063 0.364635 0.364856 0.362580 0.362302 0.361893 0.362369 0.362651 0.362257 0.363072 0.363299 0.362191 0.362629 0.369522 0.362623 0.362210 0.362318 0.363337 0.362695 0.362613 0.363221 0.364180 0.366444 0.366306 0.390000 0.367228 0.361802 0.362503 0.365507 0.362266 0.366556 0.363311 0.358065 0.358084 0.358403 0.362376 0.310909 0.310909 0.362386 0.362352 0.362898 0.364544 0.358078 0.358047 0.358063 0.358077 0.369083 0.361823 0.361706 0.362730 0.314454 0.390000 0.358012 0.361735 0.361777
-9999.0 -9999.0 -9999.0 -9999.0 -9999.0 0.362413 0.362501 0.358097 0.356277 0.364487 0.365780 0.362236 0.362827 0.362640 0.364326 0.363442 0.362375 0.362601 0.361873 0.362446 0.363393 0.358128 0.363876 0.362349 0.362693 0.365841 0.362590 0.362456 0.363555 0.367263 0.368428 0.368994 0.359678 0.390000 0.361585 0.364287 0.365929 0.362617 0.365976 0.362409 0.362358 0.356262 0.358016 0.362339 0.362082 0.310850 0.358020 0.362844 0.365102 0.365377 0.362270 0.363113 0.369435 0.358138 0.358185 0.314458 0.362048 0.364143 0.358648 0.390000 0.366701 0.363057 0.362472
-9999.0 -9999.0 -9999.0 -9999.0 -9999.0 0.363519 0.365940 0.358039 0.358039 0.362287 0.365296 0.361984 0.363145 0.365123 0.358068 0.365387 0.363468 0.362932 0.362372 0.365079 0.363106 0.358080 0.358019 0.363285 0.363436 0.365038 0.363918 0.362653 0.362355 0.365344 0.366296 0.361838 0.362160 0.390000 0.361867 0.367080 0.362129 0.363706 0.365933 0.363508 0.358006 0.307537 0.362083 0.364053 0.363939 0.362766 0.358014 0.363290 0.363856 0.363534 0.366830 0.367455 0.365638 0.362136 0.363969 0.358054 0.358020 0.314459 0.390000 0.358039 0.363641 0.362857 0.362806
-9999.0 -9999.0 -9999.0 -9999.0 0.363416 0.363837 0.362906 0.364253 0.358123 0.358027 0.358073 0.358125 0.358110 0.358027 0.356424 0.358053 0.358580 0.364398 0.362436 0.363342 0.366627 0.362031 0.356255 0.358011 0.364467 0.362001 0.366638 0.363377 0.362059 0.362054 0.364731 0.365997 0.361983 0.390000 0.368747 0.362948 0.362434 0.365101 0.367456 0.358027 0.358016 0.363002 0.362782 0.371193 0.358082 0.358018 0.358174 0.371816 0.368678 0.364218 0.362271 0.363520 0.362941 0.362428 0.361900 0.362324 0.364253 0.358108 0.390000 0.358004 0.361762 0.361648 0.362455
-9999.0 -9999.0 -9999.0 -9999.0 0.362679 0.362721 0.367207 0.367679 0.362572 0.364283 0.372943 0.365648 0.362320 0.362339 0.361842 0.362319 0.358043 0.358041 0.362399 0.362757 0.362078 0.367590 0.368947 0.358105 0.358040 0.370690 0.365469 0.362821 0.362640 0.362722 0.363551 0.362114 0.365537 0.358129 0.390000 0.362520 0.358047 0.358115 0.356208 0.358025 0.362502 0.363187 0.364389 0.371313 0.358118 0.363230 0.362718 0.362850 0.362671 0.363045 0.362377 0.362982 0.363448 0.361884 0.362360 0.361792 0.362724 0.358582 0.390000 0.358022 0.361951 0.361503 0.363518
-9999.0 -9999.0 -9999.0 -9999.0 0.362622 0.364430 0.362519 0.363150 0.362182 0.363425 0.365118 0.363973 0.362143 0.362480 0.363093 0.363301 0.362819 0.358018 0.358029 0.363492 0.361500 0.363500 0.362358 0.362455 0.310907 0.358119 0.361940 0.362389 0.363937 0.362617 0.361755 0.364030 0.364054 0.363266 0.390000 0.358025 0.356414 0.362714 0.361823 0.362155 0.362590 0.361975 0.362088 0.362236 0.356211 0.365101 0.363049 0.363049 0.362981 0.362146 0.362675 0.362039 0.362600 0.365876 0.367087 0.362325 0.365413 0.357821 0.390000 0.363506 0.362493 0.361324 0.365146
-9999.0 -9999.0 -9999.0 -9999.0 0.363695 0.364287 0.362405 0.363382 0.363067 0.362530 0.362336 0.362608 0.361803 0.361867 0.363177 0.362449 0.361754 0.362409 0.356252 0.358021 0.362412 0.366296 0.364686 0.358020 0.310740 0.358051 0.362725 0.363762 0.364782 0.363545 0.362345 0.364766 0.379483 0.373561 0.390000 0.356984 0.363049 0.365576 0.364241 0.362505 0.365080 0.362938 0.361886 0.358037 0.358068 0.362640 0.362363 0.363919 0.363786 0.362389 0.365079 0.362720 0.363168 0.362157 0.362685 0.371118 0.367894 0.390000 0.314459 0.361996 0.362176 0.361908 0.358075
-9999.0 -9999.0 -9999.0 0.362436 0.368547 0.364354 0.362209 0.364434 0.362901 0.362915 0.424763 0.426582 0.429400 0.434000 0.432381 0.434000 0.425919 0.434000 0.434000 0.412376 0.414916 0.434000 0.434000 0.412524 0.434000 0.356890 0.358047 0.358064 0.358359 0.358983 0.358055 0.356439 0.358059 0.314459 0.359182 0.390000 0.358752 0.363709 0.366313 0.367956 0.361818 0.362485 0.361793 0.358007 0.306490 0.363699 0.363454 0.364560 0.364581 0.363865 0.365763 0.363702 0.361840 0.364180 0.364028 0.373271 0.360851 0.360712 0.390000 0.390000 0.358047 0.358029 0.390000
-9999.0 -9999.0 -9999.0 0.362941 0.358094 0.358101 0.361870 0.434000 0.434000 0.434000 0.423919 0.426872 0.429305 0.434000 0.434000 0.434000 0.434000 0.434000 0.434000 0.413374 0.421755 0.412269 0.434000 0.433204 0.423437 0.423762 0.424084 0.356840 0.356898 0.358054 0.358034 0.358063 0.364358 0.361743 0.366149 0.365836 0.390000 0.358020 0.367720 0.358106 0.314454 0.363376 0.362138 0.363705 0.356189 0.358026 0.366025 0.365929 0.366279 0.364657 0.366280 0.365182 0.362773 0.364640 0.390000 0.390000 0.390000 0.358054 0.366011 0.362236 0.390000 0.390000 0.363278
