geotop/1.0zi/1.0Montebello/Templates/Duarrigle2006/maps/thetaliqL0001N0002.asc
ncols         76
nrows         123
xllcorner     110555.058093
yllcorner     85388.025579
cellsize      200.000000
NODATA_value  -9999.0
[rows 56 to 83 of 123, columns 0 to 62 of 76]
-9999.0 -9999.0 -9999.0 -9999.0 -9999.0 -9999.0 -9999.0 -9999.0 -9999.0 -9999.0 -9999.0 -9999.0 -9999.0 0.385000 0.385000 0.385000 0.385000 0.385000 0.285625 0.285597 0.285568 0.285585 0.285714 0.285672 0.285712 0.285160 0.285159 0.285158 0.285157 0.279727 0.285156 0.285661 0.285559 0.285560 0.285578 0.285563 0.285629 0.285696 0.285584 0.285695 0.285158 0.285160 0.285579 0.285582 0.285637 0.285638 0.285584 0.285727 0.285689 0.285160 0.269006 0.285617 0.285590 0.285567 0.285609 0.285618 0.285652 0.285662 0.285745 0.285803 0.285584 0.285603 0.285158
-9999.0 -9999.0 -9999.0 -9999.0 -9999.0 -9999.0 -9999.0 -9999.0 -9999.0 -9999.0 -9999.0 -9999.0 -9999.0 -9999.0 0.285596 0.285570 0.285559 0.285582 0.285583 0.285578 0.285631 0.285826 0.285901 0.285679 0.285621 0.285157 0.285203 0.285595 0.285624 0.285644 0.285565 0.285551 0.285557 0.285575 0.285570 0.285623 0.285701 0.285689 0.285633 0.285599 0.285137 0.285581 0.285572 0.285598 0.285650 0.285664 0.285657 0.285667 0.285159 0.285135 0.285683 0.285652 0.285624 0.285585 0.285573 0.285568 0.285584 0.285627 0.285689 0.285670 0.285669 0.285724 0.285868
-9999.0 -9999.0 -9999.0 -9999.0 -9999.0 -9999.0 -9999.0 -9999.0 -9999.0 -9999.0 -9999.0 -9999.0 -9999.0 0.285602 0.285591 0.285576 0.285565 0.285589 0.285589 0.285584 0.285605 0.285620 0.285715 0.285572 0.285565 0.285577 0.285158 0.285203 0.285637 0.285639 0.285567 0.285563 0.285577 0.285591 0.285774 0.285803 0.285793 0.285835 0.285610 0.285160 0.285159 0.285582 0.285583 0.285633 0.285662 0.285655 0.285724 0.285587 0.285135 0.285603 0.285589 0.285596 0.285603 0.285582 0.285589 0.285703 0.285740 0.285809 0.285668 0.285664 0.285571 0.285724 0.285595
-9999.0 -9999.0 -9999.0 -9999.0 -9999.0 -9999.0 -9999.0 -9999.0 -9999.0 -9999.0 -9999.0 -9999.0 0.285611 0.285710 0.285759 0.285789 0.285800 0.285773 0.285633 0.285591 0.285568 0.285562 0.285578 0.285583 0.285638 0.285637 0.285704 0.285159 0.285646 0.285654 0.285643 0.285608 0.285564 0.285580 0.285568 0.285579 0.285713 0.285695 0.285795 0.285159 0.285584 0.285580 0.285586 0.285653 0.285700 0.285654 0.285723 0.278412 0.269006 0.285694 0.285600 0.285597 0.285684 0.285598 0.285646 0.285574 0.285609 0.285627 0.285624 0.285630 0.285607 0.285635 0.285609
-9999.0 -9999.0 -9999.0 -9999.0 -9999.0 -9999.0 -9999.0 -9999.0 -9999.0 -9999.0 -9999.0 -9999.0 0.285592 0.285592 0.285646 0.285581 0.285573 0.285557 0.285676 0.285657 0.285569 0.285571 0.285575 0.285567 0.285575 0.285629 0.285731 0.285158 0.285628 0.285590 0.285655 0.285615 0.285552 0.285571 0.285577 0.285567 0.285588 0.285650 0.285661 0.285161 0.269004 0.285621 0.285629 0.285640 0.285593 0.285161 0.285161 0.285161 0.285779 0.285604 0.285617 0.285764 0.285762 0.285648 0.285596 0.285598 0.285598 0.285587 0.285575 0.285562 0.285559 0.285561 0.285574
-9999.0 -9999.0 -9999.0 -9999.0 -9999.0 -9999.0 -9999.0 -9999.0 -9999.0 -9999.0 -9999.0 -9999.0 -9999.0 0.285584 0.285571 0.285560 0.285588 0.285156 0.285157 0.285162 0.285162 0.285157 0.285656 0.285587 0.285643 0.285645 0.285231 0.285159 0.285686 0.285776 0.285796 0.285747 0.285679 0.285587 0.285562 0.285643 0.285661 0.285648 0.285584 0.285582 0.285134 0.267323 0.285159 0.285162 0.285160 0.285161 0.285733 0.285647 0.285565 0.285613 0.285588 0.285591 0.285597 0.285791 0.285638 0.285641 0.285571 0.285570 0.285575 0.285570 0.285554 0.269003 0.268040
-9999.0 -9999.0 -9999.0 -9999.0 -9999.0 -9999.0 -9999.0 -9999.0 -9999.0 -9999.0 -9999.0 -9999.0 -9999.0 -9999.0 0.285595 0.285162 0.285159 0.285161 0.285592 0.285559 0.285628 0.285151 0.285132 0.285161 0.285560 0.285579 0.285173 0.285161 0.285591 0.285632 0.285678 0.285644 0.285574 0.285584 0.285568 0.285643 0.285578 0.285598 0.285693 0.285642 0.285159 0.285136 0.285674 0.285661 0.285640 0.285626 0.285573 0.285558 0.285571 0.285608 0.285587 0.285598 0.285629 0.285602 0.285136 0.285137 0.285658 0.285619 0.285568 0.285557 0.285638 0.285132 0.279180
-9999.0 -9999.0 -9999.0 -9999.0 -9999.0 -9999.0 -9999.0 -9999.0 -9999.0 -9999.0 -9999.0 -9999.0 -9999.0 -9999.0 0.285589 0.285572 0.285593 0.285587 0.285590 0.285554 0.285535 0.285550 0.285718 0.285158 0.285159 0.285159 0.285159 0.268683 0.285631 0.285564 0.285588 0.285556 0.285557 0.285611 0.285586 0.285629 0.285645 0.285625 0.285586 0.285693 0.285136 0.285579 0.285619 0.285606 0.285620 0.285575 0.285586 0.285584 0.285573 0.285591 0.285594 0.285635 0.270271 0.285157 0.269003 0.278412 0.285158 0.285620 0.285588 0.285582 0.285157 0.279224 0.268683
-9999.0 -9999.0 -9999.0 -9999.0 -9999.0 -9999.0 -9999.0 -9999.0 -9999.0 -9999.0 -9999.0 -9999.0 -9999.0 -9999.0 0.285578 0.285623 0.285593 0.285598 0.285597 0.285603 0.285585 0.285591 0.285548 0.285649 0.285634 0.285634 0.285665 0.285137 0.285158 0.285581 0.285670 0.285635 0.285650 0.285585 0.285647 0.285599 0.285666 0.285652 0.285727 0.285135 0.285159 0.285684 0.285583 0.285575 0.285596 0.285594 0.285600 0.285576 0.285630 0.285719 0.285654 0.285609 0.285689 0.285579 0.285604 0.285604 0.285136 0.285579 0.285624 0.285157 0.269005 0.285591 0.285598
-9999.0 -9999.0 -9999.0 -9999.0 -9999.0 -9999.0 -9999.0 -9999.0 -9999.0 -9999.0 -9999.0 -9999.0 -9999.0 0.285571 0.285569 0.285621 0.285713 0.285639 0.285640 0.285641 0.285600 0.285628 0.285678 0.285625 0.285554 0.285551 0.285557 0.285673 0.285150 0.285164 0.285650 0.285672 0.285564 0.285637 0.285626 0.285645 0.285584 0.285669 0.285162 0.285156 0.285558 0.285547 0.285566 0.285584 0.285585 0.285586 0.285587 0.285159 0.285161 0.285758 0.285664 0.285614 0.285601 0.285687 0.285663 0.285584 0.270272 0.285134 0.285156 0.285157 0.285606 0.285576 0.285603
-9999.0 -9999.0 -9999.0 -9999.0 -9999.0 -9999.0 -9999.0 -9999.0 -9999.0 0.285589 0.285603 0.285576 0.285596 0.285599 0.285702 0.285703 0.285770 0.285653 0.285647 0.285648 0.285583 0.285574 0.285567 0.285559 0.285588 0.285568 0.285567 0.285644 0.285674 0.285159 0.285590 0.285708 0.285573 0.285732 0.285579 0.285646 0.285592 0.285652 0.285159 0.285566 0.285544 0.285583 0.285628 0.285628 0.285637 0.285589 0.285606 0.285665 0.285158 0.285160 0.270271 0.285610 0.285582 0.285565 0.285670 0.285732 0.285590 0.285579 0.278925 0.285584 0.285568 0.285592 0.285690
-9999.0 -9999.0 -9999.0 -9999.0 -9999.0 -9999.0 -9999.0 -9999.0 0.285596 0.285602 0.285837 0.285600 0.285646 0.285589 0.285599 0.285628 0.285795 0.285618 0.285640 0.285680 0.285573 0.285567 0.285539 0.285567 0.285702 0.285568 0.285642 0.285664 0.285679 0.285163 0.285793 0.285662 0.285650 0.285596 0.285563 0.285690 0.285161 0.285135 0.285170 0.285585 0.285566 0.285687 0.285647 0.285643 0.285631 0.285585 0.285650 0.285579 0.285580 0.285587 0.285157 0.285156 0.285158 0.285577 0.285649 0.285656 0.285777 0.285569 0.270272 0.285136 0.270270 0.285561 0.285552
-9999.0 -9999.0 -9999.0 -9999.0 -9999.0 -9999.0 -9999.0 -9999.0 0.285611 0.285690 0.285727 0.285650 0.285697 0.285597 0.285600 0.285626 0.285660 0.285763 0.285706 0.285659 0.285616 0.285620 0.285557 0.285709 0.285677 0.285582 0.285664 0.285657 0.285703 0.285158 0.285179 0.285161 0.285586 0.285611 0.285594 0.285161 0.285160 0.285596 0.285663 0.285906 0.285852 0.285814 0.285752 0.285719 0.285669 0.285601 0.285648 0.285600 0.285674 0.285658 0.285607 0.285646 0.285159 0.285160 0.285162 0.278971 0.285163 0.285585 0.285567 0.285579 0.285135 0.285572 0.285570
-9999.0 -9999.0 -9999.0 -9999.0 -9999.0 -9999.0 -9999.0 -9999.0 0.285607 0.285645 0.285666 0.285950 0.285705 0.285598 0.285579 0.285563 0.285557 0.285559 0.285709 0.285847 0.285677 0.285673 0.285158 0.285689 0.285669 0.285593 0.285657 0.285658 0.285593 0.285572 0.269005 0.268683 0.285160 0.270271 0.285137 0.270271 0.285577 0.285558 0.285583 0.285764 0.285633 0.285587 0.285591 0.285608 0.285586 0.285635 0.285640 0.285580 0.285586 0.285754 0.285615 0.285599 0.285619 0.285570 0.285581 0.285566 0.285161 0.285138 0.269004 0.285579 0.269004 0.285131 0.285583
-9999.0 -9999.0 -9999.0 -9999.0 -9999.0 -9999.0 -9999.0 0.285573 0.285587 0.285581 0.285601 0.285769 0.285584 0.285567 0.285555 0.285595 0.285604 0.285652 0.285160 0.279729 0.285165 0.285161 0.285160 0.285159 0.285163 0.285159 0.285602 0.285584 0.285594 0.285591 0.285590 0.270271 0.279736 0.285160 0.285601 0.285728 0.285687 0.285589 0.285568 0.285592 0.285649 0.285594 0.285614 0.285636 0.285592 0.285685 0.285633 0.285648 0.285643 0.285661 0.285633 0.285613 0.285598 0.285578 0.285581 0.285579 0.285569 0.285588 0.285136 0.285155 0.285591 0.279223 0.285133
-9999.0 -9999.0 -9999.0 -9999.0 -9999.0 -9999.0 0.285593 0.285582 0.285650 0.285631 0.285724 0.285590 0.285564 0.285568 0.285619 0.285606 0.285674 0.285160 0.285159 0.285652 0.285678 0.285652 0.285640 0.285589 0.285677 0.285165 0.285161 0.278971 0.285163 0.285161 0.285161 0.278971 0.285228 0.285594 0.285646 0.285644 0.285606 0.285580 0.285606 0.285650 0.285613 0.285607 0.285707 0.285598 0.285596 0.285650 0.285769 0.285788 0.285739 0.285636 0.285589 0.285637 0.285597 0.285580 0.285669 0.285723 0.285672 0.285621 0.285584 0.285157 0.285662 0.267323 0.278964
-9999.0 -9999.0 -9999.0 -9999.0 -9999.0 -9999.0 0.285649 0.285602 0.285672 0.285721 0.285167 0.285162 0.269005 0.285551 0.285628 0.285655 0.285135 0.285158 0.285666 0.285645 0.285684 0.285588 0.285589 0.285631 0.285629 0.285671 0.285716 0.285574 0.285730 0.285644 0.285588 0.285160 0.279731 0.285158 0.285683 0.285581 0.285573 0.285595 0.285617 0.285655 0.285642 0.285639 0.285763 0.285661 0.285586 0.285580 0.285578 0.285606 0.285864 0.285647 0.285593 0.285646 0.285643 0.285574 0.285664 0.285609 0.285584 0.285569 0.285572 0.285157 0.285673 0.278505 0.285155
-9999.0 -9999.0 -9999.0 -9999.0 -9999.0 -9999.0 0.285668 0.285652 0.285606 0.285594 0.285596 0.285611 0.285159 0.285158 0.285163 0.285158 0.269005 0.285666 0.285729 0.285647 0.285608 0.285590 0.285579 0.285579 0.285634 0.285671 0.285595 0.285676 0.285588 0.285587 0.285572 0.285569 0.285166 0.270269 0.285554 0.285574 0.285583 0.285613 0.285618 0.285595 0.285612 0.285670 0.285764 0.285726 0.285596 0.285606 0.285661 0.285166 0.279729 0.285165 0.285644 0.285640 0.285648 0.285582 0.285708 0.285626 0.285580 0.285612 0.285640 0.285158 0.285143 0.285155 0.285619
-9999.0 -9999.0 -9999.0 -9999.0 -9999.0 -9999.0 0.285638 0.285652 0.285656 0.285613 0.285616 0.285599 0.285579 0.285570 0.285584 0.285589 0.285585 0.285684 0.285647 0.285613 0.285588 0.285603 0.285582 0.285585 0.285586 0.285604 0.285583 0.285650 0.285585 0.285574 0.285580 0.285573 0.285193 0.285576 0.285630 0.285693 0.285605 0.285634 0.285651 0.285595 0.285696 0.285594 0.285612 0.285803 0.285624 0.285672 0.285631 0.285604 0.285647 0.285134 0.285160 0.285588 0.285646 0.285646 0.285728 0.285579 0.285585 0.285645 0.285736 0.285172 0.285155 0.285613 0.285536
-9999.0 -9999.0 -9999.0 -9999.0 -9999.0 -9999.0 0.285582 0.285716 0.285160 0.285645 0.285646 0.285598 0.285591 0.285577 0.285592 0.285600 0.285590 0.285609 0.285613 0.285588 0.285599 0.285876 0.285599 0.285588 0.285591 0.285614 0.285601 0.285599 0.285620 0.285657 0.285726 0.285695 0.285331 0.285738 0.285571 0.285596 0.285659 0.285589 0.285656 0.285613 0.285162 0.285161 0.285167 0.285593 0.269006 0.269006 0.285593 0.285592 0.285605 0.285649 0.285160 0.285160 0.285158 0.285162 0.285741 0.285574 0.285570 0.285610 0.270270 0.279776 0.285156 0.285564 0.285572
-9999.0 -9999.0 -9999.0 -9999.0 -9999.0 0.285594 0.285595 0.285137 0.279226 0.285629 0.285651 0.285589 0.285607 0.285603 0.285684 0.285625 0.285591 0.285598 0.285576 0.285594 0.285634 0.285162 0.285647 0.285591 0.285600 0.285698 0.285598 0.285595 0.285632 0.285746 0.285686 0.285688 0.285165 0.285222 0.285561 0.285650 0.285684 0.285598 0.285634 0.285593 0.285592 0.279182 0.285134 0.285591 0.285583 0.268948 0.285157 0.285604 0.285670 0.285645 0.285590 0.285609 0.285719 0.285161 0.285162 0.270271 0.285580 0.285665 0.285161 0.285177 0.285748 0.285613 0.285594
-9999.0 -9999.0 -9999.0 -9999.0 -9999.0 0.285617 0.285695 0.285134 0.285135 0.285589 0.285628 0.285578 0.285622 0.285679 0.285136 0.285670 0.285630 0.285610 0.285592 0.285706 0.285609 0.285162 0.285133 0.285625 0.285624 0.285632 0.285640 0.285599 0.285592 0.285709 0.285672 0.285575 0.285585 0.285161 0.285573 0.285703 0.285585 0.285633 0.285634 0.285631 0.285133 0.267656 0.285584 0.285648 0.285650 0.285601 0.285134 0.285613 0.285622 0.285617 0.285697 0.285705 0.285697 0.285585 0.285646 0.285160 0.285158 0.270271 0.279736 0.285158 0.285652 0.285603 0.285603
-9999.0 -9999.0 -9999.0 -9999.0 0.285615 0.285626 0.285605 0.285643 0.285161 0.285158 0.285159 0.285160 0.285162 0.285159 0.279732 0.285136 0.285161 0.285656 0.285595 0.285614 0.285704 0.285582 0.279181 0.285132 0.285647 0.285578 0.285697 0.285625 0.285583 0.285582 0.285669 0.285662 0.285579 0.285283 0.285694 0.285619 0.285593 0.285659 0.285668 0.285134 0.285134 0.285608 0.285603 0.285812 0.285163 0.285135 0.285162 0.285751 0.285718 0.285640 0.285589 0.285635 0.285606 0.285594 0.285578 0.285590 0.285653 0.285159 0.278981 0.285155 0.285569 0.285568 0.285595
-9999.0 -9999.0 -9999.0 -9999.0 0.285601 0.285601 0.285721 0.285728 0.285597 0.285658 0.285842 0.285702 0.285590 0.285591 0.285575 0.285590 0.285136 0.285160 0.285593 0.285602 0.285583 0.285674 0.285720 0.285159 0.285135 0.285777 0.285696 0.285603 0.285599 0.285600 0.285628 0.285585 0.285633 0.285162 0.285159 0.285595 0.285161 0.285160 0.278971 0.285158 0.285596 0.285611 0.285641 0.285718 0.285160 0.285612 0.285601 0.285604 0.285601 0.285609 0.285593 0.285607 0.285621 0.285577 0.285591 0.285572 0.285600 0.285159 0.279735 0.285157 0.285577 0.285561 0.285631
-9999.0 -9999.0 -9999.0 -9999.0 0.285599 0.285651 0.285597 0.285611 0.285587 0.285620 0.285695 0.285641 0.285586 0.285595 0.285609 0.285615 0.285603 0.285135 0.285158 0.285625 0.285560 0.285639 0.285591 0.285594 0.269006 0.285137 0.285578 0.285592 0.285639 0.285598 0.285571 0.285634 0.285653 0.285611 0.285162 0.285158 0.279729 0.285601 0.285575 0.285586 0.285598 0.285581 0.285584 0.285589 0.278972 0.285680 0.285608 0.285608 0.285607 0.285586 0.285600 0.285582 0.285597 0.285706 0.285756 0.285590 0.285688 0.278971 0.285190 0.285629 0.285595 0.285552 0.285710
-9999.0 -9999.0 -9999.0 -9999.0 0.285633 0.285628 0.285593 0.285615 0.285609 0.285597 0.285592 0.285599 0.285574 0.285576 0.285621 0.285594 0.285571 0.285592 0.279181 0.285155 0.285590 0.285743 0.285660 0.285157 0.268950 0.285162 0.285600 0.285639 0.285647 0.285629 0.285590 0.285678 0.285872 0.285656 0.285136 0.278926 0.285607 0.285715 0.285657 0.285595 0.285715 0.285606 0.285577 0.285160 0.285160 0.285599 0.285592 0.285632 0.285630 0.285592 0.285695 0.285600 0.285630 0.285585 0.285599 0.285779 0.285719 0.285192 0.270271 0.285579 0.285585 0.285575 0.285161
-9999.0 -9999.0 -9999.0 0.285595 0.285751 0.285654 0.285588 0.285639 0.285605 0.285606 0.267949 0.267974 0.268024 0.276113 0.276004 0.276187 0.267964 0.276313 0.269511 0.266728 0.274566 0.274570 0.274627 0.266781 0.268135 0.280965 0.285160 0.285160 0.285160 0.285160 0.285159 0.279729 0.285158 0.270271 0.285161 0.285155 0.285136 0.285619 0.285674 0.285756 0.285574 0.285595 0.285573 0.285134 0.267323 0.285632 0.285630 0.285639 0.285643 0.285641 0.285663 0.285631 0.285574 0.285651 0.285651 0.285692 0.285135 0.278971 0.279053 0.285313 0.285161 0.285159 0.285137
-9999.0 -9999.0 -9999.0 0.285606 0.285160 0.285163 0.285576 0.275992 0.275985 0.276056 0.267931 0.267979 0.268021 0.268194 0.269181 0.269302 0.269702 0.268100 0.268057 0.267016 0.266695 0.266729 0.268154 0.268198 0.267913 0.267923 0.267932 0.280965 0.280966 0.285158 0.285157 0.285160 0.285640 0.285570 0.285737 0.285682 0.285135 0.285135 0.285664 0.285160 0.270270 0.285625 0.285583 0.285651 0.278969 0.285156 0.285681 0.285662 0.285670 0.285645 0.285651 0.285659 0.285600 0.285672 0.285165 0.285202 0.285135 0.279480 0.285688 0.285588 0.279811 0.285297 0.285632
