geotop/1.0zi/1.0Montebello/Templates/Dripsey sc/maps/_hLAND0019.asc
ncols         69
nrows         152
xllcorner     146499.903857
yllcorner     75332.942244
cellsize      50.000000
NODATA_value  -9999.0
[rows 29 to 57 of 152, columns 0 to 64 of 69]
-9999.0 -9999.0 -9999.0 -9999.0 -9999.0 -9999.0 -9999.0 -9999.0 -9999.0 -9999.0 -9999.0 -9999.0 40.643746 21.787785 27.854887 36.131284 39.790925 45.175952 61.846689 22.143787 41.822444 77.284095 48.943968 107.119026 0.184286 52.655528 31.223053 27.252544 25.424041 25.429156 20.860167 29.359359 31.510074 34.454551 40.236099 55.541913 35.708364 28.502988 33.098482 26.481011 36.198875 34.959370 49.896300 36.180875 41.660394 83.701920 32.952756 33.160476 105.993556 58.218388 23.426864 24.329832 73.091866 82.026245 38.808500 34.525668 43.389423 39.812267 38.741006 38.960653 34.799480 -9999.0 -9999.0 -9999.0 -9999.0
-9999.0 -9999.0 -9999.0 -9999.0 -9999.0 -9999.0 -9999.0 -9999.0 -9999.0 -9999.0 -9999.0 -9999.0 48.487831 23.483700 31.104234 37.067273 56.755482 49.258894 56.297631 61.194683 30.676510 111.169092 0.510434 0.146230 33.394570 21.017879 29.389537 20.561755 18.453670 20.267272 19.871239 21.855482 24.317345 24.863292 35.849277 51.078823 28.679236 24.557305 27.581666 32.225880 39.905311 42.051717 55.056016 51.921407 44.288986 44.066772 79.053414 35.876577 106.826658 65.093909 31.513688 32.244049 77.225390 83.761219 36.453009 80.695610 67.777851 52.820986 44.908408 47.726159 47.550992 26.364814 -9999.0 -9999.0 -9999.0
-9999.0 -9999.0 -9999.0 -9999.0 -9999.0 -9999.0 -9999.0 -9999.0 -9999.0 -9999.0 -9999.0 24.310612 46.161886 25.976516 31.389693 37.427339 45.763602 69.487424 52.379475 51.050689 62.307262 0.410807 31.601184 24.598311 20.168358 29.028113 24.100642 28.069356 23.052277 23.047088 21.441921 21.633218 24.767483 23.842989 26.768258 39.253490 30.501068 27.556483 34.557291 36.422320 37.305454 22.345961 23.772867 50.821409 60.401386 40.667576 41.339881 64.998754 23.274697 106.355946 35.878842 35.743006 117.449169 39.387651 67.552246 39.448495 38.815099 36.795093 29.548566 25.249500 23.204949 43.217854 42.416674 -9999.0 -9999.0
-9999.0 -9999.0 -9999.0 -9999.0 -9999.0 -9999.0 -9999.0 -9999.0 -9999.0 -9999.0 -9999.0 34.309663 45.140397 34.886563 25.285051 39.447949 45.338400 45.148157 80.918120 47.854407 54.076082 0.356568 45.954297 46.621430 42.215928 45.148467 39.125554 38.005811 31.484690 30.302164 30.054777 30.209690 24.868697 30.393970 28.472766 28.912019 29.196684 26.976380 33.422017 35.301258 38.093789 38.699078 30.516961 29.301297 84.609404 22.062478 41.361644 43.125553 77.843515 30.523040 127.048438 45.462098 142.904332 76.069360 58.234935 58.422452 51.540907 55.871479 48.554685 53.627946 42.677540 45.401714 40.300861 33.427381 -9999.0
-9999.0 -9999.0 -9999.0 -9999.0 -9999.0 -9999.0 -9999.0 -9999.0 -9999.0 -9999.0 19.683473 49.967870 22.717903 36.621580 26.070191 28.933702 22.125205 21.129582 22.724562 64.378456 50.192193 0.393972 22.044624 26.569038 21.791436 21.943723 20.995975 21.963736 30.991685 33.350450 34.210752 36.415957 27.252421 34.784983 28.507939 26.011707 32.289055 29.516705 22.802520 23.720883 33.356211 43.272591 41.377597 31.060171 81.806371 23.305369 29.563344 47.207699 45.718020 74.011324 39.804502 155.138190 169.851314 64.968077 45.329564 55.118788 51.341338 55.392652 47.460829 51.417306 48.607184 40.475733 34.331058 33.893267 26.569446
-9999.0 -9999.0 -9999.0 -9999.0 -9999.0 -9999.0 -9999.0 -9999.0 -9999.0 26.441029 44.881191 27.193856 21.677190 40.061620 31.773607 25.550877 33.282365 27.647381 29.175176 32.114224 80.254180 0.390747 50.611450 35.274827 29.317491 28.475249 27.709361 36.101089 34.931362 37.219208 21.885306 37.119566 37.632431 42.858788 37.257071 25.924936 31.610682 34.214702 34.622770 31.006500 37.752851 38.347419 70.126969 67.179512 80.226649 28.436968 37.029605 52.494209 23.763929 52.844377 134.098583 166.852680 251.072163 95.173288 43.560900 45.011072 40.329659 39.541829 33.337539 32.041338 24.923158 31.930986 26.635379 26.475464 26.262395
-9999.0 -9999.0 -9999.0 -9999.0 -9999.0 -9999.0 -9999.0 -9999.0 35.932373 54.702175 31.421813 27.211024 21.060393 37.879654 33.034664 29.104099 22.909277 33.397091 34.953840 35.516660 23.252324 0.411332 22.474269 21.298674 29.775435 31.726152 36.907211 38.962954 37.206186 28.634900 34.779916 23.161786 39.339258 43.488091 38.869224 26.237407 33.232490 33.090313 37.023836 34.966551 22.408399 21.267065 21.834934 20.635739 68.281629 71.710620 49.280494 56.226433 25.117255 33.077108 139.044196 2.159250 75.514654 76.398029 58.165423 64.417727 63.063865 55.589463 48.644848 55.627160 36.964044 36.308232 26.915682 26.755521 26.213695
-9999.0 -9999.0 -9999.0 -9999.0 -9999.0 -9999.0 -9999.0 23.321609 35.979665 60.694994 35.048499 31.062708 24.381096 37.832604 34.954971 36.397784 31.661376 22.478351 51.227957 42.848458 22.237141 0.115009 28.620929 36.048660 34.166991 79.935612 83.010740 81.724289 58.361567 56.960513 33.060726 25.002224 40.867031 51.235589 46.044256 31.728047 36.363659 24.017418 39.212186 44.369693 63.745300 64.235781 68.727502 62.840243 64.646814 71.586739 107.117990 54.473922 34.202888 40.056189 134.702818 0.350993 51.782602 41.459239 31.358918 30.036858 23.338856 31.984863 28.749170 25.511312 38.084490 42.903388 35.464073 34.761129 33.598478
-9999.0 -9999.0 -9999.0 -9999.0 -9999.0 -9999.0 37.173932 54.106232 50.991786 56.651774 37.117660 38.465989 38.621664 35.316283 18.189860 36.284526 33.506633 23.099052 32.519768 56.890672 23.344472 0.147235 35.897711 37.033121 70.950799 21.414771 30.252066 33.959152 24.245631 24.511517 29.741402 42.452193 27.053501 49.601531 46.094612 26.291896 38.602558 37.113488 30.338938 45.103322 50.328557 46.617981 43.774673 22.655755 33.004443 88.910723 117.430465 97.609439 76.817079 157.287211 0.259603 105.242574 80.562420 75.742349 39.295799 40.385599 37.951373 36.682801 29.122560 25.726999 24.242213 25.673477 36.433323 38.822390 25.523268
-9999.0 -9999.0 -9999.0 -9999.0 -9999.0 20.500462 39.157402 41.807455 62.136811 95.316069 222.658060 240.598612 50.628815 44.548601 18.811459 39.000834 38.898997 31.177663 37.664267 22.537568 79.129654 0.188801 39.808025 73.526037 58.977450 69.873373 52.783927 61.911229 60.932289 66.039938 51.159058 26.586021 37.363137 58.280097 54.985315 32.157744 40.538593 24.396680 42.678213 33.913876 23.539882 23.181563 30.828678 54.281361 67.868523 68.706914 61.681808 110.696635 169.111187 0.545384 70.589050 36.928029 24.533462 21.617223 40.976914 39.593159 34.240620 32.724564 23.609998 55.679925 64.473920 65.840751 47.179317 34.739034 33.364796
-9999.0 -9999.0 -9999.0 -9999.0 -9999.0 33.626779 38.370229 32.966528 40.861316 40.084433 69.769588 98.089027 229.276591 64.210415 21.679457 40.266956 39.005931 29.886989 33.845281 21.235852 73.417650 0.211779 68.922634 73.490635 40.632344 37.987194 31.950208 32.601484 25.672864 25.357909 30.501862 27.997845 40.129132 55.988597 52.725392 26.620828 38.988366 40.253274 30.035519 40.357599 35.558608 26.270547 21.658830 22.915938 35.194597 38.932225 39.033668 56.754109 0.766366 37.248441 31.543108 56.582948 49.917482 39.188961 32.798806 33.813127 30.345282 26.424089 49.820874 21.606825 21.696798 25.013473 36.611779 36.561146 31.935493
-9999.0 -9999.0 -9999.0 -9999.0 31.356138 32.143573 30.862914 36.859720 32.873912 30.979817 30.492608 35.825065 57.094727 221.479703 34.473599 47.742428 47.952737 38.318040 22.606193 22.650904 81.492401 0.455990 79.433538 46.315276 41.387310 40.506838 35.357813 37.941948 34.365024 38.789425 25.327535 38.223739 48.559026 53.235874 51.814946 31.973696 46.410390 24.661016 45.254519 33.481139 44.768594 42.232143 57.432134 58.576801 68.109501 60.699819 68.010579 78.729255 0.536588 32.989277 21.008319 22.633927 21.406442 27.498781 22.017400 29.941909 25.679655 72.274329 27.661188 27.651961 26.816009 37.378437 39.608804 36.814606 32.296378
-9999.0 -9999.0 -9999.0 29.759592 33.447297 26.163241 37.558182 30.357404 31.566636 25.566714 26.926313 26.577771 41.490476 30.377852 1.855364 0.363019 43.605780 26.151613 20.810600 24.027598 78.889090 0.604440 41.235878 38.482053 34.797119 34.872213 28.497161 26.411315 38.981483 31.859081 24.352795 40.137185 47.851366 24.186936 62.117250 50.001467 56.105147 23.456784 29.417697 42.331381 36.345001 43.361169 22.787520 25.114858 30.702979 24.453800 29.452977 22.531954 0.108175 32.857323 19.941449 20.577088 20.896966 27.842319 22.632408 21.345317 21.348854 70.124821 30.561185 30.869239 34.969597 40.928549 34.187279 32.794246 29.486355
-9999.0 -9999.0 23.870768 29.127102 23.637128 33.263755 26.349089 25.337482 21.588372 20.049829 20.667405 35.478296 21.753324 44.696899 23.120007 36.014117 0.270615 32.184351 20.169677 31.579406 88.333268 0.161604 36.951187 35.323153 30.818242 30.714067 22.849920 40.158242 35.364403 32.156498 25.456499 47.408094 55.636188 25.339693 77.841435 24.948036 92.411952 23.099142 29.782510 33.085278 47.629824 43.671520 65.335914 34.006117 36.001518 36.108143 43.532249 53.978798 0.217530 50.630151 28.385864 26.598452 29.680244 22.430752 26.810861 27.825825 22.109120 73.342412 35.335006 41.860993 21.637369 51.928123 34.763767 32.819797 28.851326
-9999.0 -9999.0 24.571632 33.417401 36.074744 22.875206 22.034568 22.499194 31.696757 34.790587 36.744548 53.638143 51.688969 24.217526 29.392648 22.247413 0.061040 43.703623 23.940369 33.543234 0.335780 46.209811 34.816883 32.596357 27.429501 24.856198 38.295375 35.004961 32.515223 30.169896 26.774288 46.293735 54.563153 24.413589 62.407858 22.418869 81.459347 21.733137 28.072799 31.501964 35.919321 45.431101 23.068618 63.411820 23.368397 39.768697 41.365565 26.171363 33.326899 0.162569 36.059249 32.383296 24.875779 31.469163 29.939534 30.353065 62.488469 36.900164 39.526894 27.972518 48.570157 36.936808 33.412362 31.625727 30.825984
-9999.0 -9999.0 23.702892 25.625912 35.714605 36.927329 41.363827 39.842220 45.995942 46.528308 46.193992 23.761425 32.136169 34.179263 42.382279 41.338765 48.832275 0.154753 72.912092 0.142571 41.821096 40.174137 31.381461 28.963103 22.563021 44.324985 38.100031 36.839481 32.502553 23.052477 30.272414 54.385621 53.832328 24.911814 31.461573 60.238429 76.188423 23.086790 29.760891 32.794931 37.545601 39.419908 54.973092 30.256024 66.174381 31.942909 40.503804 63.057468 60.522232 0.109018 100.377212 49.669190 35.316904 35.025884 21.833682 75.000351 40.691525 44.981161 31.393028 55.482047 41.395955 40.982598 35.244221 54.755851 48.085386
-9999.0 -9999.0 26.743753 32.048875 40.194241 40.380991 45.228156 42.921715 50.164984 49.939782 57.717071 51.883792 58.071757 54.029558 66.515335 60.918562 68.474394 57.705310 0.225045 26.270191 19.292307 26.494232 21.893642 20.241831 40.378937 39.859412 37.154380 35.899983 27.283718 35.497487 21.835613 70.723224 25.293042 25.521022 33.496303 33.033160 62.420020 65.690894 29.125886 32.339016 36.839142 38.611392 41.896069 51.276245 38.491505 72.494365 82.017020 78.614768 77.653450 0.225015 94.531578 25.962987 34.648481 26.856940 65.147344 41.793287 45.630523 35.417278 51.315029 43.252325 39.651169 40.872479 50.941182 36.600816 34.494888
-9999.0 -9999.0 26.925839 31.845117 39.456307 40.283946 47.805547 58.216051 63.714783 57.757060 67.858819 71.199205 75.750688 68.214970 84.573556 81.030509 82.785640 79.894496 1.234094 55.589336 32.775573 20.366440 25.484567 43.990374 39.072258 40.187086 37.683820 34.348716 23.001153 41.752759 23.379410 64.075139 31.083102 30.799709 35.991042 23.718075 39.760991 64.073003 77.258502 34.510394 38.788787 39.702974 43.131454 44.931559 79.539084 23.606379 25.165617 26.507517 33.317458 86.878195 0.297570 57.223169 36.552499 77.150647 42.939867 50.402813 81.232837 96.489877 52.842689 60.767639 45.446970 83.344927 51.571565 36.857769 29.573190
-9999.0 -9999.0 27.464470 32.139693 39.786571 41.340257 42.202680 23.264789 32.023872 34.394968 38.525580 23.011091 31.006091 33.431816 44.770992 44.454994 46.834339 44.694271 50.837846 0.184278 26.481742 29.205811 41.539446 40.718738 37.776748 37.703741 32.695098 31.903042 40.257578 29.429816 59.182961 33.836158 26.127878 23.088634 37.774724 36.971815 30.138664 38.911388 66.795273 68.487356 36.767373 37.732344 41.003937 42.570197 88.799594 24.861472 33.045132 29.472262 24.428385 41.688744 0.421572 132.697008 134.933063 97.948321 58.349211 83.277818 55.407085 79.395881 67.152606 68.878739 76.375357 29.628248 24.082534 28.426086 23.165726
-9999.0 -9999.0 27.949537 32.649018 40.450920 42.462477 48.686052 43.475532 50.126753 48.784491 58.895512 51.045022 54.185001 52.857816 64.568031 63.812910 68.959634 58.687490 80.402600 26.244181 43.178642 48.551399 41.169040 42.107670 38.811659 36.391223 20.034144 50.037470 33.014799 67.794017 37.891539 24.741853 31.946871 24.344152 43.754514 24.507787 42.725494 33.741551 44.227980 63.786586 74.194314 39.085610 43.311427 45.372386 122.593362 35.208903 40.661148 23.771188 39.538200 0.145505 0.611678 0.005977 0.167058 0.075471 1.969586 217.507119 157.777992 136.696342 98.711525 56.045725 47.270227 41.328639 36.613989 23.031115 30.662375
-9999.0 -9999.0 27.836674 32.434940 39.865422 42.600208 48.067098 44.884031 51.098082 49.639610 59.397365 50.960878 54.799196 51.765148 62.570211 62.572440 70.581860 60.036158 75.863267 3.175581 74.606597 49.389477 41.618082 41.059224 35.859579 25.516431 43.047568 33.442566 54.830399 38.977075 28.951843 33.696548 26.055923 23.002442 33.988952 43.130538 33.408204 41.629492 37.471256 41.736710 65.998282 69.822397 42.649885 44.841243 134.782754 34.749450 42.525218 26.090049 53.426997 0.959115 107.721371 99.608023 42.231269 36.161466 22.354566 36.557391 21.609920 150.282561 129.311604 88.808763 30.752234 25.926160 28.422463 35.830572 29.662588
-9999.0 -9999.0 27.993239 32.515895 40.305885 42.245394 49.032211 45.635660 51.509366 49.442306 59.451438 53.413889 55.293265 51.472933 62.124054 61.645674 72.637558 64.664739 78.342692 126.014811 131.118293 65.192507 44.049568 42.053760 30.370788 49.903204 35.891346 59.368263 38.459813 33.333526 37.580568 24.371191 35.530104 24.801464 42.538745 25.323675 60.291145 23.442291 45.612781 38.266570 47.455363 69.962886 86.875002 47.303365 131.194698 24.744641 66.450083 70.288883 0.302974 55.734847 44.832926 35.950157 49.611254 34.675913 30.111206 29.282979 19.650023 50.176658 37.893196 75.201426 69.054121 77.542419 65.994266 52.195138 23.929064
-9999.0 -9999.0 28.218841 32.830816 41.381921 44.138650 46.150292 44.779933 51.536747 48.693449 56.741466 54.824816 55.576551 51.586837 62.131318 61.427275 73.340058 66.957114 65.426267 137.412500 119.436866 0.640202 49.587158 34.444083 48.131120 39.925969 58.687380 41.778301 33.234085 37.466362 28.041541 23.030516 38.691380 26.819240 35.494359 41.329103 31.080239 50.573643 29.185547 43.720778 42.130398 47.816753 78.750961 81.333573 51.076185 139.617370 95.387886 0.180621 60.718473 63.611329 43.185178 36.179887 31.318722 53.398815 30.759514 27.416500 21.104295 51.200752 40.209003 34.280746 71.792533 39.453200 26.662039 -9999.0 -9999.0
-9999.0 -9999.0 29.186584 34.047395 43.579002 43.206951 46.390914 44.468314 51.426448 49.295862 60.616006 51.616711 54.728267 51.935204 64.066886 62.947168 74.553318 123.957677 112.172034 25.067910 33.626755 152.239725 46.626075 53.969282 40.519364 78.716159 48.992820 55.820518 45.136121 33.913192 28.550705 23.663202 38.908415 36.292481 41.941504 24.441080 47.090835 35.034428 56.675516 36.954093 71.837527 87.431533 129.953463 130.305002 102.525557 218.626721 0.206513 70.095968 53.045440 45.668541 36.384414 34.572057 30.055847 26.529237 45.220870 26.015278 19.722227 45.779632 33.160068 23.253004 72.980130 36.973623 25.732804 -9999.0 -9999.0
-9999.0 -9999.0 26.278317 27.339336 38.610887 39.472215 42.691235 41.656212 47.809178 46.093404 49.170121 23.643319 31.281961 33.286250 42.822926 90.928820 86.832490 121.418083 144.920161 125.883762 136.119521 1.392759 73.176678 44.587908 72.149766 20.445483 47.128415 38.763182 39.855271 33.585933 28.146649 44.348495 25.192778 37.334849 41.742003 26.116734 34.492394 45.489690 39.240361 62.233891 69.204222 67.420376 59.792544 22.347806 153.486503 0.783236 68.259211 62.017338 28.110602 40.838242 37.726561 34.069507 29.400757 26.731115 20.230462 48.594450 21.057016 47.169672 32.526133 22.933557 80.439842 39.974100 -9999.0 -9999.0 -9999.0
-9999.0 -9999.0 27.864995 35.724910 44.879664 44.262508 48.725948 43.034194 48.862687 47.309903 58.754033 76.748662 80.615464 70.917912 65.064220 21.651334 102.531962 34.768056 28.186464 30.493170 49.769992 60.017250 148.071999 118.511137 27.412254 72.365918 53.224716 44.009648 40.618246 35.450336 23.314804 43.999889 30.599113 44.226449 49.160609 31.439399 41.483148 24.768543 54.208772 48.056562 56.054386 43.700618 21.925883 64.413648 0.671879 34.232775 23.192736 22.330357 42.056732 20.325240 33.601068 33.476441 26.454046 24.207836 18.789117 45.709168 18.940897 37.741537 23.339819 35.008016 80.759956 26.637953 -9999.0 -9999.0 -9999.0
-9999.0 -9999.0 27.172528 36.402395 39.752565 25.602288 24.648089 23.070483 31.603236 33.796272 43.532613 77.995058 85.878162 78.922260 119.940140 101.929758 34.049769 20.680627 22.759470 31.044608 28.334277 28.609533 89.961500 115.662176 87.644494 26.024801 20.499818 20.346955 34.314524 29.256850 42.994306 36.925779 25.222147 44.222867 47.874127 25.793822 50.276406 26.293987 35.516062 52.505578 25.645127 21.575139 42.438012 32.287636 0.168977 55.521122 51.086041 47.176571 39.689548 43.074298 33.015155 31.469991 28.955886 24.498163 18.798095 35.271151 29.857935 38.307611 26.544660 19.810469 47.245279 -9999.0 -9999.0 -9999.0 -9999.0
-9999.0 -9999.0 28.854938 38.083804 44.923205 58.662124 64.146957 58.667492 62.156641 57.865066 55.274810 21.748368 22.506946 54.622137 21.685592 21.643587 26.483068 24.180686 28.977564 21.402427 22.453692 19.534328 23.571188 260.158598 46.824676 34.667486 27.810361 36.613202 30.944238 48.383597 23.467402 38.740208 30.753142 52.903687 56.555852 31.586420 57.087012 35.948013 42.992923 24.949519 52.014510 26.050180 27.656794 60.379828 0.411305 31.526956 21.508265 27.576549 21.882969 32.077900 26.236059 22.703037 24.322513 26.110267 18.159723 31.242007 28.908639 34.163924 22.496805 27.982933 31.626153 -9999.0 -9999.0 -9999.0 -9999.0
-9999.0 -9999.0 -9999.0 34.304502 31.804976 34.829640 40.090699 39.772571 46.194150 45.210677 53.347819 72.222435 63.637085 30.951699 38.290983 34.486266 23.560119 24.079913 33.059326 36.318615 43.918353 41.445753 40.986531 93.417503 24.943961 19.797334 35.473296 32.278262 40.940315 27.801427 38.269230 38.513129 23.190511 52.020930 54.587609 23.277478 60.665595 38.023817 42.165482 22.487396 27.178405 43.213563 36.748800 0.249042 54.911678 51.792984 43.069307 45.291225 37.852042 31.611638 24.999642 22.471507 17.477097 26.416906 26.223284 31.045892 25.653741 32.982083 29.517468 28.153436 -9999.0 -9999.0 -9999.0 -9999.0 -9999.0
