geotop/1.0zi/1.0Montebello/Templates/Dripsey sc/maps/_hLAND0028.asc
ncols         69
nrows         152
xllcorner     146499.903857
yllcorner     75332.942244
cellsize      50.000000
NODATA_value  -9999.0
[rows 58 to 86 of 152, columns 0 to 64 of 69]
-9999.0 -9999.0 -9999.0 29.692638 45.377149 25.381294 28.292602 34.408257 44.402723 46.323153 47.519595 24.475607 24.593740 23.760613 33.905750 37.428505 82.077435 75.200170 84.839664 81.646136 96.413968 82.585555 77.126468 85.258954 175.939285 49.730406 38.976814 55.305955 32.242288 45.244960 22.595833 45.950954 24.854022 76.364522 80.625976 26.030076 85.801744 50.716838 52.525874 22.395874 28.879037 37.548679 121.675649 156.151718 50.461833 43.307097 35.845485 31.188581 20.299692 18.180677 21.817239 23.434486 18.457944 23.537998 23.241619 24.791841 24.290237 24.180424 25.513150 -9999.0 -9999.0 -9999.0 -9999.0 -9999.0 -9999.0
-9999.0 -9999.0 -9999.0 28.826847 36.424059 49.772498 62.871394 62.953126 129.675807 125.193725 142.719324 133.459006 134.441768 102.802671 120.962782 167.198630 244.175639 209.836674 223.962428 201.054906 185.260143 24.918395 33.000164 38.291406 246.623938 57.958907 52.553704 35.892262 43.156580 28.001805 42.546080 32.885489 21.546532 63.871008 69.534330 26.150282 34.692040 79.155231 50.142731 20.952646 31.453561 37.992055 128.793635 3.775960 89.205563 71.009038 60.143402 44.132194 33.920011 31.173875 25.985263 20.641475 21.044281 -9999.0 -9999.0 -9999.0 -9999.0 -9999.0 -9999.0 -9999.0 -9999.0 -9999.0 -9999.0 -9999.0 -9999.0
-9999.0 -9999.0 -9999.0 32.856483 53.694197 68.610160 86.831575 74.371558 34.060378 41.656943 67.081956 77.179904 91.188774 105.879159 101.402845 46.254860 24.092300 44.214617 50.391502 49.613423 51.479676 206.486888 196.116313 204.164186 402.417035 169.234264 47.955102 49.320930 31.924520 47.830842 22.681820 45.034548 22.730727 75.578432 80.027613 36.290925 37.295586 23.482936 104.046215 23.168471 40.496058 50.246328 153.182963 63.551603 46.515085 40.255883 38.986888 34.856926 29.662113 26.536063 19.578187 22.863575 26.437902 -9999.0 -9999.0 -9999.0 -9999.0 -9999.0 -9999.0 -9999.0 -9999.0 -9999.0 -9999.0 -9999.0 -9999.0
-9999.0 -9999.0 -9999.0 -9999.0 -9999.0 27.486402 35.122567 25.076939 32.486877 35.433093 37.164023 44.249751 53.889943 29.662639 46.506735 32.278771 35.953683 25.453904 34.122459 50.400076 64.182588 111.141563 104.661278 148.950435 196.750669 413.729839 70.451984 42.224281 45.157414 27.336161 24.215627 48.973692 21.140043 70.761797 72.862125 38.811918 26.203489 38.019069 29.473303 116.088433 36.029044 28.866278 62.618920 43.570753 30.209069 40.718923 34.089717 31.019165 25.297816 21.591115 17.656819 22.388317 30.252468 -9999.0 -9999.0 -9999.0 -9999.0 -9999.0 -9999.0 -9999.0 -9999.0 -9999.0 -9999.0 -9999.0 -9999.0
-9999.0 -9999.0 -9999.0 -9999.0 -9999.0 -9999.0 28.658485 23.385117 30.116914 28.366467 34.517582 28.779272 23.208733 40.411293 21.909674 23.247767 33.475151 39.765844 38.935775 74.445271 91.274819 115.915682 95.472873 37.484201 49.698055 209.935388 431.130265 91.962735 32.611260 21.110724 28.531359 53.519541 22.378951 82.716283 84.261639 46.941573 36.084859 23.114084 43.049136 139.835405 0.162259 36.171070 23.125742 20.917133 19.922535 21.517411 19.159431 26.212278 21.301877 25.759784 18.900474 28.929238 31.284430 -9999.0 -9999.0 -9999.0 -9999.0 -9999.0 -9999.0 -9999.0 -9999.0 -9999.0 -9999.0 -9999.0 -9999.0
-9999.0 -9999.0 -9999.0 -9999.0 -9999.0 -9999.0 -9999.0 26.706696 24.743336 29.227744 23.830622 39.738739 42.376541 26.820978 34.985065 35.475659 42.544706 78.905077 75.047668 30.858951 34.197471 25.114870 33.632803 47.364839 165.889271 191.479852 505.415257 132.512468 31.647483 35.312117 47.516618 27.462295 20.468692 72.053491 77.071878 49.367728 38.373420 20.741002 31.749694 0.632601 99.593476 107.629302 80.123841 84.925716 52.371471 51.393048 42.518164 42.987960 33.687513 26.248205 19.999699 46.447605 22.478966 -9999.0 -9999.0 -9999.0 -9999.0 -9999.0 -9999.0 -9999.0 -9999.0 -9999.0 -9999.0 -9999.0 -9999.0
-9999.0 -9999.0 -9999.0 -9999.0 -9999.0 -9999.0 -9999.0 -9999.0 25.764886 25.850984 30.804437 25.853171 36.528413 39.045688 46.962102 45.811421 43.848157 22.057214 23.137202 23.212316 33.218812 38.151673 43.589517 112.772676 22.735468 38.031255 59.232013 550.834306 60.533415 94.364754 33.309635 27.997199 20.672741 80.176045 87.937307 52.095199 44.729225 25.164397 47.723564 0.551026 45.975039 44.114542 33.651314 21.695459 46.462529 53.776419 45.723115 45.897527 37.406919 29.540388 21.800410 49.174075 30.546786 -9999.0 -9999.0 -9999.0 -9999.0 -9999.0 -9999.0 -9999.0 -9999.0 -9999.0 -9999.0 -9999.0 -9999.0
-9999.0 -9999.0 -9999.0 -9999.0 -9999.0 -9999.0 -9999.0 -9999.0 -9999.0 23.345185 24.879539 26.073852 36.246419 38.501625 61.036958 60.214403 68.672813 67.592660 79.178857 69.383094 84.233249 137.575466 135.132365 25.886012 30.712063 59.371412 129.695257 171.024329 722.311545 395.022906 40.732237 31.195743 20.161026 74.520250 78.077731 49.279780 43.922233 31.672011 0.232771 46.668717 35.585289 32.713340 21.913939 29.443990 25.718157 30.609803 25.038932 23.269622 33.328432 29.191668 47.511407 33.964493 22.224221 -9999.0 -9999.0 -9999.0 -9999.0 -9999.0 -9999.0 -9999.0 -9999.0 -9999.0 -9999.0 -9999.0 -9999.0
-9999.0 -9999.0 -9999.0 -9999.0 -9999.0 -9999.0 -9999.0 -9999.0 -9999.0 -9999.0 32.267321 31.328085 29.450742 30.321889 23.731704 23.408408 30.752720 35.980112 47.145186 47.660321 88.560890 44.495752 54.731009 54.810288 52.269228 66.135364 23.742331 25.863141 48.197993 795.619246 355.299458 74.501316 26.459321 90.244235 95.419458 60.527742 55.527722 0.287942 66.879467 56.763571 36.051983 32.804542 23.268540 24.277924 34.931707 23.879828 29.223616 39.619669 33.273837 54.923565 37.596191 30.839154 -9999.0 -9999.0 -9999.0 -9999.0 -9999.0 -9999.0 -9999.0 -9999.0 -9999.0 -9999.0 -9999.0 -9999.0 -9999.0
-9999.0 -9999.0 -9999.0 -9999.0 -9999.0 -9999.0 -9999.0 -9999.0 -9999.0 -9999.0 -9999.0 35.023863 36.284909 23.132553 24.450546 23.913548 30.949019 35.919754 77.194291 65.835109 36.542793 38.269786 55.774855 64.560653 73.872918 52.421473 75.165526 81.580784 183.031101 320.407400 812.587454 489.565553 42.811838 112.923615 107.787414 77.618759 0.219344 70.602875 58.694518 24.127770 37.078182 39.847330 32.209543 40.626542 29.497174 34.936101 41.400058 42.895445 51.703568 39.801251 32.430412 -9999.0 -9999.0 -9999.0 -9999.0 -9999.0 -9999.0 -9999.0 -9999.0 -9999.0 -9999.0 -9999.0 -9999.0 -9999.0 -9999.0
-9999.0 -9999.0 -9999.0 -9999.0 -9999.0 -9999.0 -9999.0 -9999.0 -9999.0 -9999.0 -9999.0 25.062964 43.741228 42.036451 33.884080 33.177456 39.641537 36.223951 30.330282 29.619293 28.016436 27.187103 22.458273 33.578121 42.278146 32.921466 33.641780 44.599412 41.986948 100.948339 624.919781 928.272602 407.464863 259.555047 137.017092 110.947493 110.177864 37.528169 20.647369 48.712311 59.071499 59.183011 49.080279 37.821663 40.573209 50.016824 24.045311 80.091079 43.671818 37.900934 -9999.0 -9999.0 -9999.0 -9999.0 -9999.0 -9999.0 -9999.0 -9999.0 -9999.0 -9999.0 -9999.0 -9999.0 -9999.0 -9999.0 -9999.0
-9999.0 -9999.0 -9999.0 -9999.0 -9999.0 -9999.0 -9999.0 -9999.0 -9999.0 -9999.0 -9999.0 -9999.0 32.800424 44.211152 45.365921 34.841447 23.695525 22.502004 24.351205 25.223431 24.232320 24.616879 30.298218 38.863622 31.362252 29.015819 44.546318 27.340637 38.373734 35.562784 355.665694 867.978689 681.296495 272.541467 155.387621 137.068156 49.247059 36.526908 20.524778 21.528826 22.669652 24.227746 38.814144 43.999090 48.556570 31.542257 83.632241 52.727846 41.166874 21.881528 -9999.0 -9999.0 -9999.0 -9999.0 -9999.0 -9999.0 -9999.0 -9999.0 -9999.0 -9999.0 -9999.0 -9999.0 -9999.0 -9999.0 -9999.0
-9999.0 -9999.0 -9999.0 -9999.0 -9999.0 -9999.0 -9999.0 -9999.0 -9999.0 -9999.0 -9999.0 -9999.0 -9999.0 37.785553 50.135733 45.548413 39.521939 29.884324 29.150598 26.494113 29.434130 33.599613 35.802984 22.930637 24.329468 41.383781 21.916132 30.777815 21.430667 32.778269 27.514010 37.759808 992.695130 516.745386 431.192472 199.692749 83.807916 52.964330 37.668043 32.228874 30.059561 72.859401 56.878013 61.724087 37.465363 99.891227 61.098200 73.718775 41.339326 28.240671 -9999.0 -9999.0 -9999.0 -9999.0 -9999.0 -9999.0 -9999.0 -9999.0 -9999.0 -9999.0 -9999.0 -9999.0 -9999.0 -9999.0 -9999.0
-9999.0 -9999.0 -9999.0 -9999.0 -9999.0 -9999.0 -9999.0 -9999.0 -9999.0 -9999.0 -9999.0 -9999.0 -9999.0 -9999.0 40.945247 47.262768 48.328018 44.251016 44.178501 24.988830 37.183748 26.886572 37.142675 41.634690 44.900689 28.356485 33.045994 23.742799 30.036378 25.066659 35.148260 49.361825 980.470116 749.945602 39.242533 0.006466 0.122918 0.075958 0.298245 0.160387 0.614202 2.934386 200.939609 209.920151 182.285307 147.639670 93.912411 41.300458 27.939204 -9999.0 -9999.0 -9999.0 -9999.0 -9999.0 -9999.0 -9999.0 -9999.0 -9999.0 -9999.0 -9999.0 -9999.0 -9999.0 -9999.0 -9999.0 -9999.0
-9999.0 -9999.0 -9999.0 -9999.0 -9999.0 -9999.0 -9999.0 -9999.0 -9999.0 -9999.0 -9999.0 -9999.0 -9999.0 -9999.0 -9999.0 50.097326 92.492438 152.537635 142.075520 47.674179 44.349380 25.318098 26.255770 27.937889 39.652956 42.549644 49.563945 46.121356 52.864482 52.280787 66.238845 80.824495 849.690487 1131.799766 440.355627 89.212237 45.166391 26.390140 19.079698 47.976682 22.219832 77.361992 222.533533 145.516109 83.169328 83.674653 71.060881 51.734323 27.644271 -9999.0 -9999.0 -9999.0 -9999.0 -9999.0 -9999.0 -9999.0 -9999.0 -9999.0 -9999.0 -9999.0 -9999.0 -9999.0 -9999.0 -9999.0 -9999.0
-9999.0 -9999.0 -9999.0 -9999.0 -9999.0 -9999.0 -9999.0 -9999.0 -9999.0 -9999.0 -9999.0 -9999.0 -9999.0 -9999.0 -9999.0 -9999.0 -9999.0 23.776323 24.715897 114.399076 49.425626 44.796980 36.422893 30.586035 24.759116 23.631958 23.957107 20.631484 22.264158 24.088842 30.846821 30.110073 1045.407138 287.932659 31.432712 81.487467 33.031587 32.845610 19.580866 30.224945 39.583505 35.004857 66.459752 209.068141 59.946972 38.478137 26.711565 44.467029 24.068988 -9999.0 -9999.0 -9999.0 -9999.0 -9999.0 -9999.0 -9999.0 -9999.0 -9999.0 -9999.0 -9999.0 -9999.0 -9999.0 -9999.0 -9999.0 -9999.0
-9999.0 -9999.0 -9999.0 -9999.0 -9999.0 -9999.0 -9999.0 -9999.0 -9999.0 -9999.0 -9999.0 -9999.0 -9999.0 -9999.0 -9999.0 -9999.0 -9999.0 23.652666 31.557201 31.106536 130.977110 57.189056 62.442125 24.365985 37.808709 30.672105 29.873175 27.600379 29.003790 31.819911 38.162460 86.879004 1228.353632 693.637443 46.755235 37.832175 26.701327 23.804421 28.076956 20.999125 39.211201 23.766143 68.958542 217.270891 48.234064 46.738949 32.782405 32.574013 22.019884 -9999.0 -9999.0 -9999.0 -9999.0 -9999.0 -9999.0 -9999.0 -9999.0 -9999.0 -9999.0 -9999.0 -9999.0 -9999.0 -9999.0 -9999.0 -9999.0
-9999.0 -9999.0 -9999.0 -9999.0 -9999.0 -9999.0 -9999.0 -9999.0 -9999.0 -9999.0 -9999.0 -9999.0 -9999.0 -9999.0 -9999.0 -9999.0 -9999.0 -9999.0 34.219930 34.344913 41.213617 144.422366 71.529722 60.246506 31.480437 37.303914 32.811977 31.634665 33.802010 32.660893 27.788900 464.705880 1027.959371 112.202758 36.332905 32.066184 27.580833 25.538578 20.074393 29.614011 40.305233 23.554741 65.945444 240.770381 25.066055 44.281162 27.696399 22.591026 23.167005 -9999.0 -9999.0 -9999.0 -9999.0 -9999.0 -9999.0 -9999.0 -9999.0 -9999.0 -9999.0 -9999.0 -9999.0 -9999.0 -9999.0 -9999.0 -9999.0
-9999.0 -9999.0 -9999.0 -9999.0 -9999.0 -9999.0 -9999.0 -9999.0 -9999.0 -9999.0 -9999.0 -9999.0 -9999.0 -9999.0 -9999.0 -9999.0 -9999.0 -9999.0 37.910704 23.811339 55.157739 161.026145 71.546194 24.727270 62.976752 33.938407 42.921723 37.525481 39.723768 42.673076 216.971343 1268.070491 59.465119 34.157450 28.710820 27.014445 27.317579 25.155409 19.442675 23.799273 31.615078 32.974931 44.283801 216.147610 35.923246 30.661758 24.804491 20.397035 -9999.0 -9999.0 -9999.0 -9999.0 -9999.0 -9999.0 -9999.0 -9999.0 -9999.0 -9999.0 -9999.0 -9999.0 -9999.0 -9999.0 -9999.0 -9999.0 -9999.0
-9999.0 -9999.0 -9999.0 -9999.0 -9999.0 -9999.0 -9999.0 -9999.0 -9999.0 -9999.0 -9999.0 -9999.0 -9999.0 -9999.0 -9999.0 -9999.0 -9999.0 -9999.0 -9999.0 39.153529 31.290290 161.951785 25.884418 57.289867 28.934632 57.227052 39.002155 43.764465 42.457925 54.972069 1144.947756 456.358836 29.945472 31.630625 22.794730 29.129934 24.403309 26.155454 20.816297 22.250301 29.772030 29.089527 118.454281 140.932629 30.050121 27.189725 19.212458 21.357809 -9999.0 -9999.0 -9999.0 -9999.0 -9999.0 -9999.0 -9999.0 -9999.0 -9999.0 -9999.0 -9999.0 -9999.0 -9999.0 -9999.0 -9999.0 -9999.0 -9999.0
-9999.0 -9999.0 -9999.0 -9999.0 -9999.0 -9999.0 -9999.0 -9999.0 -9999.0 -9999.0 -9999.0 -9999.0 -9999.0 -9999.0 -9999.0 -9999.0 -9999.0 -9999.0 -9999.0 -9999.0 44.501886 173.911507 34.853839 22.767654 61.466382 33.343124 65.872288 47.247652 77.003819 117.337014 1029.097690 34.678688 19.624811 18.028704 26.812389 19.365938 23.426205 18.895188 20.450262 20.897321 22.818262 40.774759 101.228022 99.245719 32.382609 21.133971 19.836489 -9999.0 -9999.0 -9999.0 -9999.0 -9999.0 -9999.0 -9999.0 -9999.0 -9999.0 -9999.0 -9999.0 -9999.0 -9999.0 -9999.0 -9999.0 -9999.0 -9999.0 -9999.0
-9999.0 -9999.0 -9999.0 -9999.0 -9999.0 -9999.0 -9999.0 -9999.0 -9999.0 -9999.0 -9999.0 -9999.0 -9999.0 -9999.0 -9999.0 -9999.0 -9999.0 -9999.0 -9999.0 -9999.0 -9999.0 157.827486 37.547316 24.358175 32.563570 58.404413 38.583096 64.783979 27.630347 981.576320 63.824634 41.118182 30.780024 29.335449 20.012728 26.316336 21.468528 21.289610 28.327793 33.130059 40.135678 31.290312 101.567449 102.772518 29.564009 30.213535 26.627158 -9999.0 -9999.0 -9999.0 -9999.0 -9999.0 -9999.0 -9999.0 -9999.0 -9999.0 -9999.0 -9999.0 -9999.0 -9999.0 -9999.0 -9999.0 -9999.0 -9999.0 -9999.0
-9999.0 -9999.0 -9999.0 -9999.0 -9999.0 -9999.0 -9999.0 -9999.0 -9999.0 -9999.0 -9999.0 -9999.0 -9999.0 -9999.0 -9999.0 -9999.0 -9999.0 -9999.0 -9999.0 -9999.0 -9999.0 178.407112 46.227942 35.098992 42.828538 24.061039 74.947365 51.311469 207.729141 1207.435857 64.625133 45.834134 37.372850 38.540865 32.430518 29.849402 21.629114 21.873868 27.154553 24.430647 23.694538 30.696430 77.785051 79.828638 34.368763 24.193994 -9999.0 -9999.0 -9999.0 -9999.0 -9999.0 -9999.0 -9999.0 -9999.0 -9999.0 -9999.0 -9999.0 -9999.0 -9999.0 -9999.0 -9999.0 -9999.0 -9999.0 -9999.0 -9999.0
-9999.0 -9999.0 -9999.0 -9999.0 -9999.0 -9999.0 -9999.0 -9999.0 -9999.0 -9999.0 -9999.0 -9999.0 -9999.0 -9999.0 -9999.0 -9999.0 -9999.0 -9999.0 -9999.0 -9999.0 -9999.0 177.507807 50.527927 41.108142 46.239060 23.179664 31.931761 98.507610 670.811025 1102.561614 55.944929 42.735468 34.295975 34.543127 27.773134 24.163681 25.360004 27.845286 22.715848 26.607162 25.876097 51.868690 49.956632 76.898664 32.334542 34.640822 -9999.0 -9999.0 -9999.0 -9999.0 -9999.0 -9999.0 -9999.0 -9999.0 -9999.0 -9999.0 -9999.0 -9999.0 -9999.0 -9999.0 -9999.0 -9999.0 -9999.0 -9999.0 -9999.0
-9999.0 -9999.0 -9999.0 -9999.0 -9999.0 -9999.0 -9999.0 -9999.0 -9999.0 -9999.0 -9999.0 -9999.0 -9999.0 -9999.0 -9999.0 -9999.0 -9999.0 -9999.0 -9999.0 -9999.0 -9999.0 212.465765 58.597495 44.120056 61.214292 25.153330 34.559611 84.094109 1362.689967 610.948549 47.909678 40.680807 31.931326 30.138841 20.585048 42.844151 36.208333 30.320575 35.837913 31.540752 27.680059 48.996177 42.313442 66.114025 26.394640 25.978090 -9999.0 -9999.0 -9999.0 -9999.0 -9999.0 -9999.0 -9999.0 -9999.0 -9999.0 -9999.0 -9999.0 -9999.0 -9999.0 -9999.0 -9999.0 -9999.0 -9999.0 -9999.0 -9999.0
-9999.0 -9999.0 -9999.0 -9999.0 -9999.0 -9999.0 -9999.0 -9999.0 -9999.0 -9999.0 -9999.0 -9999.0 -9999.0 -9999.0 -9999.0 -9999.0 -9999.0 -9999.0 -9999.0 -9999.0 -9999.0 -9999.0 200.270769 62.123944 79.771701 26.506109 42.483061 462.590629 1371.685783 437.288550 123.303535 120.971059 93.867165 104.623663 95.226290 93.359496 84.459247 87.258696 66.146699 56.404995 28.528211 45.535289 35.411276 46.131432 35.363622 -9999.0 -9999.0 -9999.0 -9999.0 -9999.0 -9999.0 -9999.0 -9999.0 -9999.0 -9999.0 -9999.0 -9999.0 -9999.0 -9999.0 -9999.0 -9999.0 -9999.0 -9999.0 -9999.0 -9999.0
-9999.0 -9999.0 -9999.0 -9999.0 -9999.0 -9999.0 -9999.0 -9999.0 -9999.0 -9999.0 -9999.0 -9999.0 -9999.0 -9999.0 -9999.0 -9999.0 -9999.0 -9999.0 -9999.0 -9999.0 -9999.0 -9999.0 -9999.0 237.128015 300.656689 296.829106 580.429692 1325.174669 815.061371 119.706121 74.785182 77.399034 48.844286 51.310644 47.336716 49.529931 44.364918 43.874798 36.275920 35.913891 33.883566 32.734795 23.939227 36.216719 32.203031 -9999.0 -9999.0 -9999.0 -9999.0 -9999.0 -9999.0 -9999.0 -9999.0 -9999.0 -9999.0 -9999.0 -9999.0 -9999.0 -9999.0 -9999.0 -9999.0 -9999.0 -9999.0 -9999.0 -9999.0
-9999.0 -9999.0 -9999.0 -9999.0 -9999.0 -9999.0 -9999.0 -9999.0 -9999.0 -9999.0 -9999.0 -9999.0 -9999.0 -9999.0 -9999.0 -9999.0 -9999.0 -9999.0 -9999.0 -9999.0 -9999.0 -9999.0 -9999.0 -9999.0 -9999.0 -9999.0 241.677307 1176.705906 365.841015 115.397843 92.230067 86.619264 57.531406 60.999310 55.692132 55.369296 45.644997 42.524276 31.524099 30.140340 28.590739 29.943134 22.333729 32.003172 26.134905 -9999.0 -9999.0 -9999.0 -9999.0 -9999.0 -9999.0 -9999.0 -9999.0 -9999.0 -9999.0 -9999.0 -9999.0 -9999.0 -9999.0 -9999.0 -9999.0 -9999.0 -9999.0 -9999.0 -9999.0
-9999.0 -9999.0 -9999.0 -9999.0 -9999.0 -9999.0 -9999.0 -9999.0 -9999.0 -9999.0 -9999.0 -9999.0 -9999.0 -9999.0 -9999.0 -9999.0 -9999.0 -9999.0 -9999.0 -9999.0 -9999.0 -9999.0 -9999.0 -9999.0 -9999.0 -9999.0 -9999.0 338.177943 1202.341869 153.486367 64.951859 60.214251 43.146947 44.471510 39.637292 28.570134 22.248829 21.065991 20.732979 22.847409 21.537559 22.928642 20.895361 19.478772 -9999.0 -9999.0 -9999.0 -9999.0 -9999.0 -9999.0 -9999.0 -9999.0 -9999.0 -9999.0 -9999.0 -9999.0 -9999.0 -9999.0 -9999.0 -9999.0 -9999.0 -9999.0 -9999.0 -9999.0 -9999.0
