geotop/1.0zi/1.0Montebello/Templates/Dripsey sc/maps/_hLAND0044.asc
ncols         69
nrows         152
xllcorner     146499.903857
yllcorner     75332.942244
cellsize      50.000000
NODATA_value  -9999.0
[rows 58 to 86 of 152, columns 0 to 64 of 69]
-9999.0 -9999.0 -9999.0 22.009084 33.054199 18.690469 20.871863 25.377457 32.566821 33.638618 34.124248 18.120023 18.302758 17.216485 25.040434 27.515237 50.717722 47.194079 50.963550 49.190673 56.627061 49.427002 47.160686 49.422492 0.062019 35.228404 28.863132 37.518102 24.122106 32.636432 16.725739 33.748446 18.581634 46.304692 48.204482 19.391886 51.554491 36.153539 36.778557 16.440745 21.489900 27.778403 71.702400 0.253615 36.564371 32.437970 27.066816 23.602529 14.824058 13.407566 15.608219 16.662983 13.037902 16.952417 16.206582 17.733042 18.014932 17.781810 19.074677 -9999.0 -9999.0 -9999.0 -9999.0 -9999.0 -9999.0
-9999.0 -9999.0 -9999.0 21.332308 26.913132 35.518708 41.658649 41.240710 76.289949 72.965473 81.244958 73.732430 72.432980 54.210168 63.056122 92.676213 135.964125 115.037726 120.744987 106.005406 95.438849 18.312015 24.562793 27.635998 0.297378 40.159965 36.090214 26.807740 31.041645 20.860646 31.247794 24.556504 15.615223 41.187683 43.736794 19.082730 25.784444 48.370486 35.122467 15.297084 23.242665 28.219189 73.213793 0.230607 53.864326 45.408037 41.124193 32.377228 24.843569 22.828923 18.793617 15.182262 14.788487 -9999.0 -9999.0 -9999.0 -9999.0 -9999.0 -9999.0 -9999.0 -9999.0 -9999.0 -9999.0 -9999.0 -9999.0
-9999.0 -9999.0 -9999.0 24.092220 38.086140 44.565864 52.671929 46.723326 25.501688 30.794086 44.316461 48.397938 54.677582 63.591682 60.356986 33.018260 17.931222 32.470926 36.282142 35.400185 36.157300 104.130759 96.839514 95.881812 6.503361 89.217792 35.089824 35.039355 23.829861 34.639580 16.964721 33.297836 16.963377 46.156596 48.063095 26.662838 27.650319 17.610876 61.093407 17.408109 30.068811 36.489332 0.253564 42.392342 34.377055 29.668024 28.805502 25.330617 21.073531 18.682481 13.055399 16.788785 19.461443 -9999.0 -9999.0 -9999.0 -9999.0 -9999.0 -9999.0 -9999.0 -9999.0 -9999.0 -9999.0 -9999.0 -9999.0
-9999.0 -9999.0 -9999.0 -9999.0 -9999.0 20.194180 25.869787 18.792146 24.225319 26.162469 27.580967 32.395454 38.554847 22.268343 33.397325 24.006354 26.764509 18.819066 25.410774 36.206732 42.626414 65.308694 60.102246 85.281012 110.096662 1.552426 43.058947 31.357469 32.584928 20.439171 17.740514 35.956005 15.576331 44.192159 45.073835 28.273322 19.373942 27.972843 22.128987 67.609996 27.229582 0.189187 43.498725 32.765173 22.746824 30.324109 25.335486 22.941539 18.156468 15.725297 11.800636 15.930510 22.193103 -9999.0 -9999.0 -9999.0 -9999.0 -9999.0 -9999.0 -9999.0 -9999.0 -9999.0 -9999.0 -9999.0 -9999.0
-9999.0 -9999.0 -9999.0 -9999.0 -9999.0 -9999.0 20.967793 17.187684 22.210048 20.910720 25.444550 21.557780 17.360980 29.335293 16.131335 16.801743 24.679545 29.197806 28.400225 46.271678 53.616197 68.458104 55.760594 27.790970 35.726343 104.235850 0.151742 55.509514 24.415615 15.611184 21.195303 38.530978 16.697988 49.062696 49.649524 33.759791 26.800340 17.215762 31.497651 82.048248 0.057450 27.128376 16.897843 15.557339 14.608411 16.190505 13.840031 19.338805 15.458437 18.398846 13.651770 20.959290 22.986158 -9999.0 -9999.0 -9999.0 -9999.0 -9999.0 -9999.0 -9999.0 -9999.0 -9999.0 -9999.0 -9999.0 -9999.0
-9999.0 -9999.0 -9999.0 -9999.0 -9999.0 -9999.0 -9999.0 19.696338 18.285098 21.452203 17.887722 29.141065 30.953734 19.784348 25.831038 25.929520 31.006590 48.570378 46.801754 22.878653 25.395313 18.520132 25.168956 34.083814 93.845701 98.524092 0.539370 70.160986 23.602372 26.203825 34.764107 20.574062 14.871833 44.641712 46.538680 35.084394 28.267815 15.059253 23.643872 0.330629 57.641281 61.300099 47.483728 49.612865 36.120288 35.946906 30.480982 31.035493 24.237822 19.410176 14.899190 33.753550 16.382097 -9999.0 -9999.0 -9999.0 -9999.0 -9999.0 -9999.0 -9999.0 -9999.0 -9999.0 -9999.0 -9999.0 -9999.0
-9999.0 -9999.0 -9999.0 -9999.0 -9999.0 -9999.0 -9999.0 -9999.0 18.903411 18.753873 22.587275 19.008978 27.027916 28.634744 33.997089 32.991330 31.458675 16.280522 17.143843 16.786165 24.487288 28.054431 31.897109 64.621246 16.815485 28.068846 37.002779 0.233302 34.752873 55.436752 24.768083 20.838374 15.153820 47.835968 50.914169 36.260626 32.657748 18.524091 35.298854 0.287681 33.535549 32.377365 24.671591 16.144899 32.936944 37.691743 33.329357 33.857200 27.949360 22.494364 16.357197 35.773337 22.803467 -9999.0 -9999.0 -9999.0 -9999.0 -9999.0 -9999.0 -9999.0 -9999.0 -9999.0 -9999.0 -9999.0 -9999.0
-9999.0 -9999.0 -9999.0 -9999.0 -9999.0 -9999.0 -9999.0 -9999.0 -9999.0 17.254810 18.445497 19.124277 26.765532 28.204098 41.649685 41.147907 44.437740 43.549301 48.037565 43.823282 49.741708 80.970489 78.811636 18.978958 22.744279 39.609215 75.556750 82.612087 5.127103 97.409199 29.543510 23.220493 14.710849 45.383951 46.600314 34.305744 31.863349 23.445831 0.132795 34.152583 26.160582 24.153483 15.668925 21.698634 18.888430 22.617496 18.330762 17.410548 25.287431 22.041396 34.462989 25.298778 16.636415 -9999.0 -9999.0 -9999.0 -9999.0 -9999.0 -9999.0 -9999.0 -9999.0 -9999.0 -9999.0 -9999.0 -9999.0
-9999.0 -9999.0 -9999.0 -9999.0 -9999.0 -9999.0 -9999.0 -9999.0 -9999.0 -9999.0 24.072948 23.237291 21.825312 22.356330 17.602310 16.560779 22.176869 26.097536 33.960590 34.073943 53.464614 33.036270 38.977583 38.438943 36.828609 43.265904 17.706217 19.103306 31.889336 79.406633 45.969694 41.377699 19.701629 51.768152 53.968503 39.551350 38.714492 0.157766 43.864243 39.615415 26.430395 24.192193 16.887482 18.156164 25.809537 17.928253 21.871766 29.980079 25.066177 38.254113 27.922953 23.357013 -9999.0 -9999.0 -9999.0 -9999.0 -9999.0 -9999.0 -9999.0 -9999.0 -9999.0 -9999.0 -9999.0 -9999.0 -9999.0
-9999.0 -9999.0 -9999.0 -9999.0 -9999.0 -9999.0 -9999.0 -9999.0 -9999.0 -9999.0 -9999.0 25.911809 26.863148 17.032379 18.109996 17.302342 22.704786 26.453866 48.645894 43.622791 27.464440 28.044163 39.250599 43.079360 46.936499 37.208517 47.383097 50.256922 101.354272 113.079900 54.449772 49.499982 29.626302 61.948287 60.162172 46.261575 0.120518 43.935226 39.158600 17.805358 27.338643 29.615506 23.990053 29.932598 22.092310 26.176884 31.005848 32.024359 36.238437 29.402584 24.453116 -9999.0 -9999.0 -9999.0 -9999.0 -9999.0 -9999.0 -9999.0 -9999.0 -9999.0 -9999.0 -9999.0 -9999.0 -9999.0 -9999.0
-9999.0 -9999.0 -9999.0 -9999.0 -9999.0 -9999.0 -9999.0 -9999.0 -9999.0 -9999.0 -9999.0 18.900741 32.122443 30.906707 25.336146 24.568369 29.295727 26.532670 22.603731 22.134777 20.401746 20.020262 16.835425 24.884554 30.767785 24.534772 25.191070 31.685398 31.298785 51.804369 140.518964 68.742238 48.599903 78.475423 71.363439 60.292744 0.189465 27.585953 14.566219 34.126655 39.623842 40.215426 35.471724 28.420952 30.271807 36.615204 18.082588 48.765651 32.003397 28.431390 -9999.0 -9999.0 -9999.0 -9999.0 -9999.0 -9999.0 -9999.0 -9999.0 -9999.0 -9999.0 -9999.0 -9999.0 -9999.0 -9999.0 -9999.0
-9999.0 -9999.0 -9999.0 -9999.0 -9999.0 -9999.0 -9999.0 -9999.0 -9999.0 -9999.0 -9999.0 -9999.0 24.782583 32.224438 33.050818 25.832924 17.583666 16.493360 18.087651 18.473275 17.960480 18.022878 22.509900 28.417031 23.546648 21.724963 31.789921 20.396276 28.145191 26.117413 57.688937 138.265605 108.975828 97.685213 62.629810 0.083640 34.472726 27.082734 14.411429 15.826612 16.716471 18.099474 28.886473 32.498094 35.319738 23.777375 49.700996 37.708477 30.631669 16.009205 -9999.0 -9999.0 -9999.0 -9999.0 -9999.0 -9999.0 -9999.0 -9999.0 -9999.0 -9999.0 -9999.0 -9999.0 -9999.0 -9999.0 -9999.0
-9999.0 -9999.0 -9999.0 -9999.0 -9999.0 -9999.0 -9999.0 -9999.0 -9999.0 -9999.0 -9999.0 -9999.0 -9999.0 28.450946 35.862133 32.953800 29.182726 22.239653 21.689687 19.652600 21.629697 24.581617 26.221498 16.999785 18.232982 29.754241 16.220429 22.444104 15.984688 23.717486 19.757879 21.757001 166.354050 100.811158 4.303923 71.869408 49.163452 38.263666 28.031906 23.975661 22.504476 46.655947 39.715633 41.149864 27.990991 57.274446 41.050255 47.696129 30.824070 21.127094 -9999.0 -9999.0 -9999.0 -9999.0 -9999.0 -9999.0 -9999.0 -9999.0 -9999.0 -9999.0 -9999.0 -9999.0 -9999.0 -9999.0 -9999.0
-9999.0 -9999.0 -9999.0 -9999.0 -9999.0 -9999.0 -9999.0 -9999.0 -9999.0 -9999.0 -9999.0 -9999.0 -9999.0 -9999.0 30.572117 33.670879 34.480319 32.240557 32.867077 18.542801 27.478096 19.628039 27.253777 30.233430 32.373174 20.840697 24.399705 16.878842 22.022430 18.594644 26.245021 31.236647 113.130741 74.205937 0.003199 0.004252 0.072987 0.042940 0.166303 0.093699 0.333672 1.473321 114.211471 119.079630 104.609649 87.180734 57.390178 30.295641 20.581966 -9999.0 -9999.0 -9999.0 -9999.0 -9999.0 -9999.0 -9999.0 -9999.0 -9999.0 -9999.0 -9999.0 -9999.0 -9999.0 -9999.0 -9999.0 -9999.0
-9999.0 -9999.0 -9999.0 -9999.0 -9999.0 -9999.0 -9999.0 -9999.0 -9999.0 -9999.0 -9999.0 -9999.0 -9999.0 -9999.0 -9999.0 36.456603 54.961630 89.150970 82.321559 35.196176 32.705057 18.808925 19.442704 20.261492 28.845969 30.554908 35.007685 32.437824 36.363983 35.832448 41.732219 43.218955 80.214242 181.112023 90.875931 46.986612 32.860173 19.920735 13.870852 34.490244 16.644835 48.134930 126.085187 85.799127 49.718210 50.864410 46.084893 37.481642 20.367907 -9999.0 -9999.0 -9999.0 -9999.0 -9999.0 -9999.0 -9999.0 -9999.0 -9999.0 -9999.0 -9999.0 -9999.0 -9999.0 -9999.0 -9999.0 -9999.0
-9999.0 -9999.0 -9999.0 -9999.0 -9999.0 -9999.0 -9999.0 -9999.0 -9999.0 -9999.0 -9999.0 -9999.0 -9999.0 -9999.0 -9999.0 -9999.0 -9999.0 17.265511 18.401861 64.682330 35.938333 32.858927 26.851012 22.508652 18.355957 17.235955 17.736929 14.433252 16.570583 17.480927 22.812418 19.233866 129.203714 31.499687 22.630547 49.790043 24.774469 24.030081 14.597850 22.032926 28.740833 26.034238 43.525788 116.968894 41.897487 28.544453 19.730445 32.771538 17.935243 -9999.0 -9999.0 -9999.0 -9999.0 -9999.0 -9999.0 -9999.0 -9999.0 -9999.0 -9999.0 -9999.0 -9999.0 -9999.0 -9999.0 -9999.0 -9999.0
-9999.0 -9999.0 -9999.0 -9999.0 -9999.0 -9999.0 -9999.0 -9999.0 -9999.0 -9999.0 -9999.0 -9999.0 -9999.0 -9999.0 -9999.0 -9999.0 -9999.0 17.611601 23.252952 23.236654 72.110174 39.406754 42.157740 18.150594 27.987572 22.777414 22.024375 20.278763 21.160787 23.784378 27.780108 33.646333 209.286298 54.534094 33.108434 28.382209 19.614523 17.598336 20.375876 14.678214 28.639294 17.385344 44.974223 123.454504 34.766123 34.951168 24.710687 23.888845 16.219521 -9999.0 -9999.0 -9999.0 -9999.0 -9999.0 -9999.0 -9999.0 -9999.0 -9999.0 -9999.0 -9999.0 -9999.0 -9999.0 -9999.0 -9999.0 -9999.0
-9999.0 -9999.0 -9999.0 -9999.0 -9999.0 -9999.0 -9999.0 -9999.0 -9999.0 -9999.0 -9999.0 -9999.0 -9999.0 -9999.0 -9999.0 -9999.0 -9999.0 -9999.0 25.412574 25.227105 30.637695 77.295293 44.882928 40.697556 23.626814 27.435052 24.229109 23.138196 24.994876 23.661033 18.431388 42.666779 130.092007 53.827022 26.579934 23.770053 20.507348 18.957221 14.825959 21.810587 29.751355 17.647410 43.981160 139.996420 18.593323 32.293500 20.736320 17.018016 16.865369 -9999.0 -9999.0 -9999.0 -9999.0 -9999.0 -9999.0 -9999.0 -9999.0 -9999.0 -9999.0 -9999.0 -9999.0 -9999.0 -9999.0 -9999.0 -9999.0
-9999.0 -9999.0 -9999.0 -9999.0 -9999.0 -9999.0 -9999.0 -9999.0 -9999.0 -9999.0 -9999.0 -9999.0 -9999.0 -9999.0 -9999.0 -9999.0 -9999.0 -9999.0 28.147605 17.824140 38.940143 84.271135 44.641698 18.349669 41.398288 25.340032 31.474134 27.753953 29.230538 30.901517 51.309908 235.116088 35.611840 25.568357 19.904602 19.465957 19.961497 18.675136 14.050673 17.294050 23.314503 24.072141 33.180569 127.075112 26.504106 22.295145 17.828999 14.949506 -9999.0 -9999.0 -9999.0 -9999.0 -9999.0 -9999.0 -9999.0 -9999.0 -9999.0 -9999.0 -9999.0 -9999.0 -9999.0 -9999.0 -9999.0 -9999.0 -9999.0
-9999.0 -9999.0 -9999.0 -9999.0 -9999.0 -9999.0 -9999.0 -9999.0 -9999.0 -9999.0 -9999.0 -9999.0 -9999.0 -9999.0 -9999.0 -9999.0 -9999.0 -9999.0 -9999.0 28.845052 23.404518 86.717334 18.699234 38.491195 21.358357 38.537943 29.046202 31.909299 31.148708 34.780498 193.853115 40.591018 22.296097 22.853097 16.589479 20.604045 17.473000 19.235963 15.349149 16.346106 21.831483 21.874940 70.176443 82.736128 22.709438 19.957243 13.542362 15.303133 -9999.0 -9999.0 -9999.0 -9999.0 -9999.0 -9999.0 -9999.0 -9999.0 -9999.0 -9999.0 -9999.0 -9999.0 -9999.0 -9999.0 -9999.0 -9999.0 -9999.0
-9999.0 -9999.0 -9999.0 -9999.0 -9999.0 -9999.0 -9999.0 -9999.0 -9999.0 -9999.0 -9999.0 -9999.0 -9999.0 -9999.0 -9999.0 -9999.0 -9999.0 -9999.0 -9999.0 -9999.0 32.303244 93.358292 25.531449 16.774960 40.296475 24.655488 41.949475 34.472169 45.005263 45.096630 160.353527 23.084309 12.790023 13.065450 18.956824 14.276479 16.082391 13.001994 14.557938 14.907470 17.097819 29.904166 60.509020 58.685334 23.940354 15.815420 13.954317 -9999.0 -9999.0 -9999.0 -9999.0 -9999.0 -9999.0 -9999.0 -9999.0 -9999.0 -9999.0 -9999.0 -9999.0 -9999.0 -9999.0 -9999.0 -9999.0 -9999.0 -9999.0
-9999.0 -9999.0 -9999.0 -9999.0 -9999.0 -9999.0 -9999.0 -9999.0 -9999.0 -9999.0 -9999.0 -9999.0 -9999.0 -9999.0 -9999.0 -9999.0 -9999.0 -9999.0 -9999.0 -9999.0 -9999.0 85.225119 27.350385 17.569400 24.087881 38.975186 28.543369 41.137313 19.887530 152.981847 35.719320 30.198448 22.117362 21.308661 13.494560 18.826537 14.734364 14.695005 20.205508 23.855316 29.442756 23.529733 60.728097 60.581978 22.063165 22.429352 19.612722 -9999.0 -9999.0 -9999.0 -9999.0 -9999.0 -9999.0 -9999.0 -9999.0 -9999.0 -9999.0 -9999.0 -9999.0 -9999.0 -9999.0 -9999.0 -9999.0 -9999.0 -9999.0
-9999.0 -9999.0 -9999.0 -9999.0 -9999.0 -9999.0 -9999.0 -9999.0 -9999.0 -9999.0 -9999.0 -9999.0 -9999.0 -9999.0 -9999.0 -9999.0 -9999.0 -9999.0 -9999.0 -9999.0 -9999.0 95.326770 33.437551 25.770844 31.636020 18.128170 45.903454 36.554883 88.718273 200.267995 37.620664 32.199539 26.306033 27.555786 23.015183 21.194286 14.679735 15.323695 20.212286 18.134259 17.686308 22.873612 48.104078 48.227307 25.133476 17.966863 -9999.0 -9999.0 -9999.0 -9999.0 -9999.0 -9999.0 -9999.0 -9999.0 -9999.0 -9999.0 -9999.0 -9999.0 -9999.0 -9999.0 -9999.0 -9999.0 -9999.0 -9999.0 -9999.0
-9999.0 -9999.0 -9999.0 -9999.0 -9999.0 -9999.0 -9999.0 -9999.0 -9999.0 -9999.0 -9999.0 -9999.0 -9999.0 -9999.0 -9999.0 -9999.0 -9999.0 -9999.0 -9999.0 -9999.0 -9999.0 93.115558 35.966547 29.972720 33.638824 16.932474 23.976749 51.993567 122.830587 136.000703 35.419443 30.628223 24.461783 25.145122 20.043200 17.805937 17.767294 20.437607 16.677098 19.631532 19.285667 36.921435 36.252027 46.983981 24.050094 25.510892 -9999.0 -9999.0 -9999.0 -9999.0 -9999.0 -9999.0 -9999.0 -9999.0 -9999.0 -9999.0 -9999.0 -9999.0 -9999.0 -9999.0 -9999.0 -9999.0 -9999.0 -9999.0 -9999.0
-9999.0 -9999.0 -9999.0 -9999.0 -9999.0 -9999.0 -9999.0 -9999.0 -9999.0 -9999.0 -9999.0 -9999.0 -9999.0 -9999.0 -9999.0 -9999.0 -9999.0 -9999.0 -9999.0 -9999.0 -9999.0 109.403350 39.578896 31.879649 40.982955 18.784901 24.525837 33.574289 250.232694 47.264011 33.610759 29.928610 23.187886 22.020985 14.013211 31.133643 26.715399 22.743978 26.585094 23.449742 20.470493 35.504743 31.406826 42.950695 19.521495 18.828335 -9999.0 -9999.0 -9999.0 -9999.0 -9999.0 -9999.0 -9999.0 -9999.0 -9999.0 -9999.0 -9999.0 -9999.0 -9999.0 -9999.0 -9999.0 -9999.0 -9999.0 -9999.0 -9999.0
-9999.0 -9999.0 -9999.0 -9999.0 -9999.0 -9999.0 -9999.0 -9999.0 -9999.0 -9999.0 -9999.0 -9999.0 -9999.0 -9999.0 -9999.0 -9999.0 -9999.0 -9999.0 -9999.0 -9999.0 -9999.0 -9999.0 100.234052 40.046922 47.513797 18.679909 25.871242 38.057158 315.028866 99.259270 68.202386 70.107411 55.276880 62.507541 57.345872 56.553010 52.045364 53.936900 44.087123 39.893833 21.276730 33.714918 26.461036 32.672616 25.876357 -9999.0 -9999.0 -9999.0 -9999.0 -9999.0 -9999.0 -9999.0 -9999.0 -9999.0 -9999.0 -9999.0 -9999.0 -9999.0 -9999.0 -9999.0 -9999.0 -9999.0 -9999.0 -9999.0 -9999.0
-9999.0 -9999.0 -9999.0 -9999.0 -9999.0 -9999.0 -9999.0 -9999.0 -9999.0 -9999.0 -9999.0 -9999.0 -9999.0 -9999.0 -9999.0 -9999.0 -9999.0 -9999.0 -9999.0 -9999.0 -9999.0 -9999.0 -9999.0 115.525119 148.930015 138.199089 158.946798 346.714266 85.017176 54.723250 45.433622 46.828049 34.038265 35.789953 33.491919 35.245262 32.104166 32.028370 26.560548 26.869415 25.211421 24.481292 17.605621 25.583317 23.547391 -9999.0 -9999.0 -9999.0 -9999.0 -9999.0 -9999.0 -9999.0 -9999.0 -9999.0 -9999.0 -9999.0 -9999.0 -9999.0 -9999.0 -9999.0 -9999.0 -9999.0 -9999.0 -9999.0 -9999.0
-9999.0 -9999.0 -9999.0 -9999.0 -9999.0 -9999.0 -9999.0 -9999.0 -9999.0 -9999.0 -9999.0 -9999.0 -9999.0 -9999.0 -9999.0 -9999.0 -9999.0 -9999.0 -9999.0 -9999.0 -9999.0 -9999.0 -9999.0 -9999.0 -9999.0 -9999.0 27.067463 281.002430 28.809223 52.482500 52.775760 50.737224 39.027543 40.944238 38.910477 39.148775 33.426603 31.326346 23.337694 22.319451 21.329173 22.365703 16.640772 22.263475 19.036081 -9999.0 -9999.0 -9999.0 -9999.0 -9999.0 -9999.0 -9999.0 -9999.0 -9999.0 -9999.0 -9999.0 -9999.0 -9999.0 -9999.0 -9999.0 -9999.0 -9999.0 -9999.0 -9999.0 -9999.0
-9999.0 -9999.0 -9999.0 -9999.0 -9999.0 -9999.0 -9999.0 -9999.0 -9999.0 -9999.0 -9999.0 -9999.0 -9999.0 -9999.0 -9999.0 -9999.0 -9999.0 -9999.0 -9999.0 -9999.0 -9999.0 -9999.0 -9999.0 -9999.0 -9999.0 -9999.0 -9999.0 25.593943 294.090282 52.823427 41.771414 40.466474 30.990862 32.134620 28.733332 21.097926 15.857242 15.303103 14.687255 16.935729 15.673322 17.082145 15.352606 11.830741 -9999.0 -9999.0 -9999.0 -9999.0 -9999.0 -9999.0 -9999.0 -9999.0 -9999.0 -9999.0 -9999.0 -9999.0 -9999.0 -9999.0 -9999.0 -9999.0 -9999.0 -9999.0 -9999.0 -9999.0 -9999.0
