geotop/1.0zi/1.0Montebello/Templates/Dripsey sc/maps/_hLAND0066.asc
ncols         69
nrows         152
xllcorner     146499.903857
yllcorner     75332.942244
cellsize      50.000000
NODATA_value  -9999.0
[rows 28 to 55 of 152, columns 0 to 64 of 69]
-9999.0 -9999.0 -9999.0 -9999.0 -9999.0 -9999.0 -9999.0 -9999.0 -9999.0 -9999.0 -9999.0 -9999.0 73.573367 33.441857 59.536468 63.789947 80.713439 31.187273 136.410348 72.814974 180.489917 43.938993 63.761445 171.081904 220.783399 123.482215 63.270545 64.483367 53.550479 42.350038 31.479667 48.805993 51.099522 54.003053 69.500237 100.234747 65.694496 54.040717 42.384319 73.885871 93.855942 87.475461 51.776032 61.627551 190.349804 36.143963 48.428888 167.355128 114.947264 110.980749 45.958126 34.596133 185.379663 172.711805 66.966672 67.361167 42.893278 83.054933 60.987110 56.812492 41.705457 -9999.0 -9999.0 -9999.0 -9999.0
-9999.0 -9999.0 -9999.0 -9999.0 -9999.0 -9999.0 -9999.0 -9999.0 -9999.0 -9999.0 -9999.0 -9999.0 73.158790 31.725345 41.366377 60.666710 70.321258 85.782700 127.020258 32.267705 77.565849 188.440030 97.068047 264.917954 29.324108 100.893109 46.992480 40.532091 37.526961 38.051375 29.870839 45.535531 48.532695 54.658706 71.243496 111.666354 58.541856 43.080600 51.834748 39.494676 59.185454 56.683846 96.522244 59.547134 75.494777 182.175325 50.715909 52.129068 231.007809 116.664433 34.843378 35.884626 164.140123 183.522945 67.834990 54.340883 80.913217 70.171456 67.249971 67.768542 55.879191 -9999.0 -9999.0 -9999.0 -9999.0
-9999.0 -9999.0 -9999.0 -9999.0 -9999.0 -9999.0 -9999.0 -9999.0 -9999.0 -9999.0 -9999.0 -9999.0 93.393751 34.250830 46.653195 61.597166 112.924728 94.946542 112.841083 129.524054 45.801794 255.494634 338.451148 7.262954 52.781088 30.346167 44.753337 29.592200 27.492530 29.558699 29.553243 33.607582 36.251015 37.083136 58.266884 98.113373 43.401340 36.488016 41.464940 50.239372 70.746909 77.173761 108.569488 101.864676 82.279098 82.058107 173.492704 59.780398 235.202918 138.568102 48.472462 49.491276 182.143347 190.455613 60.233313 168.221911 136.967044 101.298977 82.927081 90.423140 90.349822 39.120878 -9999.0 -9999.0 -9999.0
-9999.0 -9999.0 -9999.0 -9999.0 -9999.0 -9999.0 -9999.0 -9999.0 -9999.0 -9999.0 -9999.0 36.234043 87.717916 38.874148 47.595267 62.856983 87.380161 146.495682 102.798021 102.622660 134.539635 6.457306 47.712446 36.208554 29.523698 43.481886 35.625576 42.164687 34.368615 33.801978 31.703217 32.075653 36.898832 35.208605 39.748874 68.175534 46.985719 41.520203 55.474179 60.939509 63.251327 32.614998 34.570419 101.376209 123.989672 72.581594 74.238669 142.715298 33.539864 238.908193 60.407711 58.646761 278.470106 70.079006 143.937165 69.623834 67.649671 61.295661 44.702659 37.440674 34.076001 79.677992 77.371645 -9999.0 -9999.0
-9999.0 -9999.0 -9999.0 -9999.0 -9999.0 -9999.0 -9999.0 -9999.0 -9999.0 -9999.0 -9999.0 54.445393 84.248750 56.335354 37.130720 69.148699 86.140249 86.536495 176.822379 93.134008 109.557789 17.819706 86.329197 89.070116 78.034089 86.178829 69.440464 65.432020 48.321297 45.840761 45.358839 45.719839 36.732211 46.484561 42.909141 43.679768 44.038434 40.576120 52.722214 57.928388 65.454507 66.976727 45.695558 43.758627 181.261020 32.508238 74.306937 78.646306 168.806442 45.305859 291.873237 89.189827 341.410242 170.040807 117.253975 118.061405 101.807326 110.616147 93.237377 103.153869 78.119169 85.678408 71.829832 52.301671 -9999.0
-9999.0 -9999.0 -9999.0 -9999.0 -9999.0 -9999.0 -9999.0 -9999.0 -9999.0 -9999.0 28.684940 95.015790 33.115294 61.817826 38.758354 43.367891 32.550275 31.118381 33.049950 143.542947 98.884604 2.753840 31.985863 39.728377 32.650720 31.871949 30.653601 31.819413 47.730642 52.425986 54.318439 59.878251 40.959149 56.360275 43.030969 38.706106 50.037422 44.853053 33.574961 35.116793 52.059132 79.904276 74.481732 47.556974 177.727900 34.419838 44.880004 89.569537 84.983959 159.120973 69.941911 359.786582 404.706665 137.283859 87.519891 111.359031 103.042412 111.924472 93.378256 101.481243 93.281532 72.178692 54.645510 53.619837 39.401646
-9999.0 -9999.0 -9999.0 -9999.0 -9999.0 -9999.0 -9999.0 -9999.0 -9999.0 39.033007 83.449827 40.230536 31.617164 71.489491 48.946288 37.746034 51.939554 41.287688 43.733387 49.578457 180.461395 144.567762 98.326146 57.172990 44.028232 42.214680 40.910817 59.940657 56.909141 62.690362 32.255507 62.275295 63.513251 78.475010 62.378296 38.421873 48.469920 54.738368 55.494551 47.442810 64.541324 67.175701 145.480237 140.193918 175.070597 42.328814 62.440545 101.976057 34.573551 102.775119 280.642305 373.120907 529.662152 206.570979 81.155980 84.740125 72.192539 69.680557 52.729617 49.267472 36.937777 49.220219 39.745656 39.344024 39.156116
-9999.0 -9999.0 -9999.0 -9999.0 -9999.0 -9999.0 -9999.0 -9999.0 58.545771 106.250890 48.235052 40.753056 31.298685 65.333307 52.303715 43.977862 33.748842 53.050121 56.447335 58.295248 33.707637 28.547254 32.432102 30.642973 45.004830 48.156190 63.062980 68.827898 63.453786 42.990527 56.496396 34.062225 68.688062 80.002612 67.257586 39.182248 52.122325 52.165714 62.474887 57.181913 32.555461 31.212363 31.918714 29.998920 147.129441 160.006400 95.220296 111.569877 37.297822 51.210697 287.564425 5.473542 165.204924 169.094755 123.905330 136.196946 129.408587 112.076821 95.311918 109.402800 62.254518 59.659250 40.221900 39.785300 38.920259
-9999.0 -9999.0 -9999.0 -9999.0 -9999.0 -9999.0 -9999.0 34.141275 59.866628 121.161767 57.193216 47.668478 36.024141 64.576304 57.130077 60.177559 48.128585 32.515230 99.614161 80.161943 32.492350 0.295902 41.954646 59.046351 54.136767 180.108067 185.283960 178.084250 118.895300 113.531497 51.690501 36.593200 72.691011 98.613933 86.421936 48.747096 60.510691 35.082837 68.892182 83.476979 130.372706 134.588278 148.642674 136.362731 141.625008 161.053204 238.436830 109.050136 54.771219 72.372731 280.409973 0.831775 100.779811 74.824758 48.397755 45.281079 34.388395 49.501913 43.400853 37.858140 65.057468 78.400069 57.527741 55.472432 52.846623
-9999.0 -9999.0 -9999.0 -9999.0 -9999.0 -9999.0 61.412768 106.948223 100.991196 114.019985 64.371033 66.117233 66.965306 58.791217 26.630960 60.936711 52.817284 34.192659 49.686750 115.057293 34.742291 0.285461 59.621639 62.304438 163.874494 30.736692 46.361757 53.031356 35.829754 35.952325 44.840971 76.840269 40.538465 95.371019 86.551980 39.143757 66.777322 63.011866 45.633545 85.926327 99.030222 90.507920 81.906199 33.345724 51.477074 201.217025 270.939350 223.976793 166.173681 312.547607 0.661228 232.551889 176.811275 158.639184 70.060786 73.019396 65.809233 61.409836 44.208542 38.287952 35.721919 38.101606 61.093415 67.463829 37.746794
-9999.0 -9999.0 -9999.0 -9999.0 -9999.0 29.649301 68.980386 77.359484 126.156937 205.524197 506.160451 558.486797 100.187743 82.848404 27.198181 68.973791 67.492418 47.479045 63.804393 32.779427 173.187186 1.287967 70.402608 173.531265 122.810263 148.607815 110.627831 131.175904 125.388386 134.325105 98.624838 39.320787 62.674072 115.962787 107.394792 49.462597 72.446516 35.633624 78.543105 53.611735 34.240304 34.594809 47.306020 106.294452 140.834062 147.971395 133.631013 255.872017 361.779973 1.296240 148.604699 61.295736 36.082155 31.095941 74.040882 70.113237 55.082546 50.560243 34.871456 116.046329 137.150328 137.394214 91.135769 55.257794 52.271065
-9999.0 -9999.0 -9999.0 -9999.0 -9999.0 53.321839 66.593585 51.478946 73.598494 71.129198 146.739597 241.468688 537.872757 134.873807 31.733168 72.843256 68.370803 45.640418 54.385218 31.242198 166.124700 0.458352 164.213271 155.611330 73.047509 65.076275 49.838394 50.417140 38.125840 37.296798 46.326320 42.197499 71.007283 111.648711 103.051286 39.663039 67.798070 71.585289 44.998522 72.010258 58.541812 38.999861 31.334861 33.685782 55.730116 66.925067 68.088706 120.972435 1.928436 62.044462 47.883480 113.047069 96.423866 69.048394 51.616470 53.307878 46.045481 39.019236 102.759589 31.421841 31.806543 36.880123 61.064946 61.001296 49.073749
-9999.0 -9999.0 -9999.0 -9999.0 47.775585 50.388904 46.663006 62.163979 51.057026 47.731863 45.949028 58.094509 118.220750 492.144457 52.639048 92.166197 90.774652 66.291991 32.842278 33.088740 189.790310 60.473497 169.398793 87.641791 74.681432 72.290288 58.277234 64.744784 54.402354 66.876941 37.371413 65.152826 93.027446 105.008536 100.513205 49.266732 88.700787 36.121520 84.658310 52.322476 83.580271 78.089944 113.978182 119.023299 148.439601 135.275104 155.967269 173.448082 52.702286 50.895639 31.608312 32.941107 31.135624 41.263897 32.904912 45.356963 38.212308 156.913634 41.034323 41.008448 40.073105 63.438550 69.667990 61.339545 49.785715
-9999.0 -9999.0 -9999.0 44.470439 52.557782 38.800311 63.888476 45.773197 48.010636 37.530643 39.542114 39.099265 76.829679 45.616867 4.649247 0.782207 81.205530 38.670540 30.282051 35.677441 185.754787 183.676499 76.156800 67.556475 57.147855 56.436303 43.270512 39.396462 68.151978 48.793741 35.937557 70.950639 91.557027 35.776526 125.767164 96.449177 112.649621 34.365376 44.053645 76.741680 60.361619 79.874588 32.917552 37.192987 46.439224 36.409741 44.479074 32.777284 0.346731 51.870563 30.584498 30.059168 30.274037 41.748125 33.750267 31.227391 31.362193 150.852691 46.369431 47.006884 57.212017 73.771431 54.945786 51.338150 44.556346
-9999.0 -9999.0 34.838609 43.880037 34.439741 52.962109 39.062027 37.655941 31.068304 29.147091 29.903213 58.443986 31.401662 82.621486 34.410106 58.799118 0.574619 48.948736 29.882130 48.350405 212.012549 206.250222 63.791351 58.441633 47.914712 46.907633 33.995558 71.492553 57.584751 49.289789 37.509572 89.915927 109.784407 37.434439 158.404400 36.750251 193.823894 33.884608 44.621148 51.472092 89.733766 81.887726 131.972766 52.690965 58.701612 59.542456 81.027879 105.189352 2.817528 96.842436 42.712504 38.850087 45.067549 32.234322 39.843568 41.496314 32.003160 156.532672 57.417355 75.989314 31.098163 100.754759 56.273518 51.043014 43.254187
-9999.0 -9999.0 36.274728 52.650008 59.881833 33.403135 32.201030 33.205150 48.255759 56.003651 61.460693 103.398189 99.421008 35.757855 44.063922 32.989657 0.120510 79.921788 35.566212 53.200462 185.975105 89.283796 56.492074 50.568532 41.213140 36.548879 66.231727 57.259433 50.649265 45.469865 40.150929 87.175068 108.017783 35.964560 126.676308 33.026762 174.856107 31.760405 41.892254 48.351804 59.246956 84.406005 33.522473 131.457309 34.105787 70.083426 75.022683 38.771269 51.608155 3.564205 58.290421 50.592728 36.514586 48.154104 45.552667 45.760888 134.272921 62.463917 69.676471 41.049835 94.437057 62.274880 52.870629 48.417443 47.591169
-9999.0 -9999.0 35.134158 38.109673 57.985083 62.205725 74.714568 70.423426 86.597159 87.784758 86.499408 35.234809 49.556454 55.084240 78.105109 75.494387 94.098628 0.338017 160.616119 215.700885 78.369621 71.699700 48.600976 43.609941 33.270788 82.414767 65.886927 61.733895 50.399263 33.733191 46.064009 106.649397 106.526842 36.667326 47.869386 122.403665 164.610179 33.408839 44.397369 50.794886 63.566898 69.650709 106.045584 45.336154 142.251320 48.835338 72.157958 128.560882 127.596877 44.480547 218.230967 95.538591 58.492344 56.812368 31.241693 161.337869 73.648778 84.251409 47.333890 110.955487 74.779785 73.483445 57.104491 107.737443 91.297124
-9999.0 -9999.0 40.286978 49.895210 71.497826 72.267627 85.026136 78.590597 95.850828 95.557773 113.819590 101.707761 115.963720 107.236384 136.225634 125.065246 141.106557 122.111135 292.154141 38.566266 28.410599 39.510817 32.419941 29.348238 71.590641 70.980603 63.105431 59.186964 40.663006 58.253755 31.900665 145.192342 37.834236 38.150017 52.441520 51.856941 127.152459 143.480351 43.129595 49.856308 61.702665 67.370789 77.158931 99.074917 66.526148 161.932493 185.866225 176.996777 171.245488 95.241434 217.802495 38.172144 56.927141 39.246170 141.538785 77.114073 85.953318 57.250137 103.171379 80.030195 70.429845 73.347016 102.123324 61.742402 56.029023
-9999.0 -9999.0 40.612273 49.553008 69.534482 72.165985 92.030226 116.120231 131.964119 120.772665 147.271444 154.119745 166.425447 150.884040 185.765959 175.514717 175.428488 171.307447 434.174218 116.780637 51.300271 29.235344 37.421503 81.005206 68.772595 71.662233 64.576889 54.277021 33.287846 74.804613 33.836954 133.048094 47.549020 46.999150 59.318213 34.645521 70.234733 130.082061 168.445923 54.192362 66.981720 70.428450 80.411307 86.017423 165.861819 34.572757 36.954844 39.414227 51.864437 194.094418 114.453171 117.702716 59.229789 169.824502 80.738249 97.081352 176.425588 206.440726 104.185866 122.609947 86.663435 180.085198 101.346845 61.720197 44.863585
-9999.0 -9999.0 41.467223 50.170034 70.511687 75.071850 77.219245 34.563892 49.257486 55.425058 67.216691 34.005837 46.930380 52.623347 83.506331 83.667698 89.553742 83.925522 109.545067 429.360248 39.933189 43.581677 74.228971 73.271448 65.047311 64.880153 51.364379 48.573327 71.855155 43.650849 122.749586 53.916539 38.985398 33.865857 64.562445 62.556213 45.255209 68.361958 134.721801 148.443238 61.049616 64.868148 74.517194 79.787394 191.409001 36.915278 51.398463 44.502542 36.566149 80.051789 288.391544 288.797490 297.708347 211.111349 116.777321 184.306901 125.281369 177.560073 142.416133 160.939262 172.772370 44.527022 35.544565 42.567479 34.321346
-9999.0 -9999.0 42.107254 51.024276 72.028907 77.905605 93.371617 80.239934 95.974094 92.933125 116.151579 99.444772 106.218871 103.171943 130.205651 130.429253 142.055401 120.584863 188.919715 699.031868 87.260901 91.934765 74.467773 76.925816 68.003620 60.921773 29.106676 96.124238 50.820171 141.228961 65.120567 36.125140 49.192205 35.569580 80.390285 35.795348 78.771215 53.132143 83.055152 127.704327 158.357254 68.134418 80.739572 87.683897 271.764461 56.506452 72.623623 34.716190 69.821500 330.271359 1.973964 0.008435 0.352277 0.140179 4.997328 493.638621 377.655987 333.515070 232.043160 114.337759 90.288818 75.369496 60.843680 33.067566 46.726173
-9999.0 -9999.0 42.034487 50.706685 70.561739 78.383084 91.969326 83.911156 98.136307 95.029475 117.612651 99.480509 107.668095 100.681085 125.082106 126.563727 144.414911 123.010068 172.549754 661.098560 194.256292 102.321680 75.825870 74.359265 60.044755 37.469866 80.728637 52.472005 112.115613 68.395950 43.247767 53.598997 38.994172 33.800001 53.238899 80.299328 52.206149 75.853107 63.566953 76.171033 130.972726 146.856533 78.609789 86.236261 303.248649 56.312605 78.753738 39.204286 106.423128 482.802795 267.670798 221.686885 77.658854 59.257194 31.909054 58.867812 31.303199 349.665938 307.519619 208.073513 47.047691 38.312822 42.136639 59.091325 45.248057
-9999.0 -9999.0 42.197679 50.727336 71.473361 77.034167 93.710147 85.497246 98.680016 94.187372 117.091989 104.533102 108.660453 99.898288 123.664150 123.824642 147.784659 132.237549 162.521298 311.944214 933.456401 160.513535 87.038983 77.604045 45.447513 97.963454 59.043522 120.991889 66.935440 51.914943 64.132047 35.559089 58.018155 36.367897 76.305706 36.970958 121.235741 34.256639 86.127118 66.319516 90.611257 137.777717 178.803446 90.887769 299.492477 36.793824 141.342355 159.632852 442.233051 126.168131 84.048361 58.293590 100.309371 54.894520 45.365178 43.770156 28.612335 100.158795 66.676461 174.688028 154.980523 171.906444 138.343510 101.596151 35.217922
-9999.0 -9999.0 42.730759 51.662019 74.849449 82.289009 86.991504 83.032501 98.511116 92.403245 110.649832 107.304397 109.352386 100.415840 124.216742 123.968906 150.125961 137.520702 135.688026 295.549707 311.383012 839.270256 105.862595 54.518857 94.746799 70.571083 118.401116 76.173130 52.581091 64.167085 41.655531 33.729917 67.372714 40.093884 57.123063 74.719589 46.801006 102.057985 43.621193 81.262518 77.965438 92.379151 155.619171 165.806760 105.845875 339.223149 244.835917 462.552549 139.095852 137.753794 79.315851 58.135519 46.572771 106.953650 45.969303 40.329177 30.448098 100.864611 72.418858 54.611888 166.530358 68.719917 40.048657 -9999.0 -9999.0
-9999.0 -9999.0 44.236397 54.321920 80.354677 79.316157 86.834782 81.587623 97.630141 93.323407 119.659412 100.780354 107.560143 101.136032 128.685757 127.948115 155.169430 263.121131 240.558226 37.123378 66.143651 1171.637610 109.234738 109.103206 72.717232 159.068585 94.884668 110.292479 85.649325 52.919482 42.612590 34.547496 67.914821 59.673767 75.769212 35.885263 90.347036 56.125603 118.008701 61.846520 148.948966 190.309396 287.595379 282.536867 248.538535 619.725278 500.270676 165.951024 106.845062 87.837716 60.502287 54.068434 44.388463 38.367453 87.000515 38.009689 28.762320 88.213662 52.935200 34.466456 171.673382 61.971965 38.171228 -9999.0 -9999.0
-9999.0 -9999.0 39.235879 40.948889 65.784926 68.671556 77.324793 74.161889 89.307138 85.242343 92.439542 34.970222 47.586109 52.455244 79.354052 194.144154 186.093535 268.061307 314.191442 273.220606 331.104819 880.882340 203.065252 92.271349 147.585497 29.216179 92.670578 67.698207 70.159972 52.654595 41.966737 82.760761 37.556450 63.331156 75.443806 38.973552 54.783411 86.933247 68.533953 134.205651 153.754412 149.592716 130.622888 34.788622 403.535140 801.639190 178.906718 129.384903 41.372023 73.627257 64.889666 53.215648 43.374712 38.488671 28.703926 93.210215 30.175609 91.348244 50.348274 33.366275 184.752801 69.282684 -9999.0 -9999.0 -9999.0
-9999.0 -9999.0 41.795676 58.563129 84.040790 82.311777 92.460297 77.776470 91.536659 87.725487 114.155910 155.010582 168.208861 151.125405 139.950096 31.778210 225.184519 56.878482 42.583839 45.991899 95.531114 145.114735 1190.438864 318.313493 40.290489 151.458123 105.384981 83.215795 72.966979 57.031628 33.930641 81.345356 46.536286 82.404016 94.029680 48.261243 75.028517 36.361977 107.526114 93.007868 113.052077 83.212820 32.289070 155.737128 957.134258 73.987420 34.394212 32.069494 76.819714 29.155956 53.245834 53.148525 39.394397 35.171659 26.842851 86.408851 27.610205 65.844272 34.382320 56.177778 170.033331 39.994496 -9999.0 -9999.0 -9999.0
-9999.0 -9999.0 40.729375 60.294836 70.347668 38.098016 36.600817 34.491534 48.638877 54.156332 81.812884 166.643188 184.065693 169.949707 258.983512 221.564689 53.433176 30.577551 32.869354 47.604150 42.054031 45.320942 1054.932494 370.341936 195.598659 38.780554 30.781121 29.775706 55.169152 43.632621 78.193845 62.054828 37.446459 82.403246 91.247778 38.331783 97.592980 39.232129 57.356659 104.553799 37.761716 31.424267 78.430943 57.090785 863.224786 128.730203 100.462294 92.148495 70.441630 76.128930 50.196252 48.147788 44.264662 35.804744 27.038219 58.922777 45.338991 66.861654 39.263591 28.356250 88.849076 -9999.0 -9999.0 -9999.0 -9999.0
