geotop/1.0zi/1.0Montebello/Templates/Dripsey sc/maps/PSILIQL0001N0025.asc
ncols         69
nrows         152
xllcorner     146499.903857
yllcorner     75332.942244
cellsize      50.000000
NODATA_value  -9999.0
[rows 28 to 55 of 152, columns 0 to 64 of 69]
-9999.0 -9999.0 -9999.0 -9999.0 -9999.0 -9999.0 -9999.0 -9999.0 -9999.0 -9999.0 -9999.0 -9999.0 85.978429 65.805925 80.190917 82.710761 87.598948 64.469994 114.044888 84.619392 153.472761 71.977194 80.951857 155.215884 198.428530 50.144307 79.610970 79.896853 75.651863 70.385890 64.024029 74.440656 76.055578 78.047650 86.287965 109.008135 83.628769 77.911431 71.729816 85.840991 97.882698 96.099257 76.380733 80.679360 172.102784 67.702153 74.402137 148.213379 109.503667 112.100133 73.231144 66.650444 144.568684 136.882804 82.614133 83.155161 71.446800 88.610323 81.410809 79.182767 71.304057 -9999.0 -9999.0 -9999.0 -9999.0
-9999.0 -9999.0 -9999.0 -9999.0 -9999.0 -9999.0 -9999.0 -9999.0 -9999.0 -9999.0 -9999.0 -9999.0 87.561747 64.616481 70.311714 81.005501 85.544201 90.649538 114.195297 64.999790 87.454677 167.505456 90.969913 224.236938 50.142119 92.448116 73.040755 69.208667 67.489551 67.697371 63.575599 72.392758 74.545429 77.805354 85.506048 110.456544 80.065847 72.175098 76.286358 69.784062 80.078513 79.856228 103.808653 80.059403 86.788736 171.494243 75.836790 76.555340 193.341106 114.976543 66.447187 67.335202 141.036216 147.756541 84.036917 77.256897 89.203935 86.755170 84.872780 83.956213 78.408518 -9999.0 -9999.0 -9999.0 -9999.0
-9999.0 -9999.0 -9999.0 -9999.0 -9999.0 -9999.0 -9999.0 -9999.0 -9999.0 -9999.0 -9999.0 -9999.0 98.690772 66.375422 73.332104 79.688026 98.703230 95.628396 106.641779 121.400268 72.995322 215.535152 50.833307 50.074849 76.332493 63.770928 72.380290 63.269179 61.284597 63.073520 62.746171 65.082055 67.424478 68.014211 79.157676 95.856005 72.393940 67.675928 71.086695 75.912906 84.718095 88.793057 102.277090 110.378759 89.726830 91.155808 169.700339 79.828316 193.426100 133.314523 74.375369 75.127259 161.878338 154.601837 80.002741 144.191963 128.783243 111.947094 99.389929 102.658909 98.900561 69.608085 -9999.0 -9999.0 -9999.0
-9999.0 -9999.0 -9999.0 -9999.0 -9999.0 -9999.0 -9999.0 -9999.0 -9999.0 -9999.0 -9999.0 67.412898 99.554695 69.267407 73.961407 80.510777 91.473312 121.655577 104.206291 107.066380 130.479530 50.621915 74.444448 67.563015 62.977372 71.822953 67.094967 70.821590 66.058838 65.953469 64.337728 64.567288 67.924655 66.857679 70.065998 84.480462 74.688506 71.095519 78.513146 81.221603 82.770385 65.205709 66.666868 103.572254 127.902060 88.144309 90.039578 150.158511 66.115877 201.266984 79.825836 79.440138 222.959740 83.979974 134.435382 85.202605 83.423666 80.179704 72.546535 68.375434 66.166960 91.146790 87.759789 -9999.0 -9999.0
-9999.0 -9999.0 -9999.0 -9999.0 -9999.0 -9999.0 -9999.0 -9999.0 -9999.0 -9999.0 -9999.0 77.598757 99.459461 78.609277 68.335590 83.219576 92.120126 95.622855 147.668852 102.848956 116.203318 50.459549 99.755944 98.261328 91.631813 92.467141 84.463930 81.768182 74.109941 72.728261 72.533273 73.236308 67.951432 74.445158 72.107199 72.625984 72.916202 70.435360 77.133720 79.693527 83.115334 84.659211 72.872277 71.939323 162.920989 64.978945 89.827496 92.787561 171.562634 72.863738 238.884303 92.073749 270.219394 155.227938 118.315464 125.547150 112.965948 116.412672 102.755669 105.119597 92.681713 93.294055 85.385594 76.863902 -9999.0
-9999.0 -9999.0 -9999.0 -9999.0 -9999.0 -9999.0 -9999.0 -9999.0 -9999.0 -9999.0 62.471210 102.618016 65.584169 81.449019 69.296088 71.827700 65.028877 63.998959 65.584112 134.558267 108.615426 50.500429 64.814552 69.194483 64.740648 64.754610 63.809600 64.759529 74.109364 76.401091 77.592077 80.002755 70.722866 79.319176 72.165542 69.257889 76.154048 73.257722 65.732598 66.710265 76.306492 87.496925 87.911266 74.131224 161.665028 66.247449 72.027525 97.147271 96.555186 165.976936 83.341425 292.143967 323.535559 132.425560 106.537632 122.077165 114.553184 117.258906 101.574090 101.238483 93.214899 85.662236 77.903804 77.439428 69.820520
-9999.0 -9999.0 -9999.0 -9999.0 -9999.0 -9999.0 -9999.0 -9999.0 -9999.0 68.350513 97.295163 69.634447 64.502668 85.939145 75.034305 68.651265 76.321956 70.108741 71.468227 74.715170 161.260483 50.424447 91.382510 78.034439 71.508805 70.619783 69.928313 79.470644 78.625928 81.194264 64.793343 82.102641 82.137492 89.313628 81.839628 69.118198 74.873179 78.401573 78.324498 73.627824 81.378611 83.433703 117.410306 119.179940 158.411909 71.120530 80.245507 108.124955 66.653662 109.165863 251.393462 321.676480 431.080599 178.384609 92.284550 91.721081 85.791420 83.787087 77.015556 75.089323 68.024630 75.353705 69.957746 69.743390 69.548910
-9999.0 -9999.0 -9999.0 -9999.0 -9999.0 -9999.0 -9999.0 -9999.0 77.852570 110.856437 73.702788 69.397062 63.882579 84.574659 76.817491 72.080842 65.798184 77.040178 77.536775 78.311703 66.110726 50.607697 65.256825 64.016412 72.331067 74.100801 81.134840 83.272368 81.985349 71.105907 80.413039 66.110256 85.397036 92.240111 84.752502 69.533102 76.573201 76.847603 81.585695 79.239432 65.266226 64.143404 64.702478 63.454262 129.024600 151.806875 91.322102 118.203246 68.249812 75.775524 254.163914 53.692231 165.189193 161.187031 126.277117 130.624005 122.210906 114.245023 100.286575 103.492468 82.136004 80.324395 70.282229 70.054457 69.450951
-9999.0 -9999.0 -9999.0 -9999.0 -9999.0 -9999.0 -9999.0 66.276721 79.553581 122.740330 77.834845 73.404687 66.859213 84.933030 79.159437 79.675376 74.229654 65.256881 92.016577 87.541366 65.099648 50.055134 70.622377 78.681180 77.015546 146.168254 147.493339 140.873560 106.990027 101.845353 75.884069 68.006036 88.106601 105.738191 94.243531 75.074193 80.613650 66.949186 83.463078 89.767921 110.901277 118.961271 132.277911 128.583630 134.148705 143.982330 198.889094 119.060496 77.724506 84.888968 254.449233 50.525291 99.107724 85.041265 74.405286 72.635405 66.248851 75.211346 71.774636 68.669008 85.585748 89.037438 79.261781 78.313543 77.174688
-9999.0 -9999.0 -9999.0 -9999.0 -9999.0 -9999.0 79.804532 96.266716 96.588639 113.250413 80.843243 79.576372 85.705771 79.760337 60.967582 80.631214 76.796079 66.036702 74.835435 99.828329 66.388578 50.055985 79.517991 80.426933 142.370344 64.195892 74.257597 76.981213 67.272103 67.543776 72.616069 90.773668 70.472229 107.403214 97.438733 69.555636 82.777230 82.175832 72.983636 90.925544 100.903990 101.030043 98.245630 65.526425 75.811951 173.609036 223.902574 195.495400 153.477393 281.775373 50.395468 195.492115 141.630357 123.533960 86.016353 86.138062 82.622823 80.145903 72.241970 68.936382 67.302984 68.920318 81.109315 83.545280 68.666220
-9999.0 -9999.0 -9999.0 -9999.0 -9999.0 63.236297 82.749950 86.458791 104.079812 147.142191 334.596648 393.117149 98.959297 87.107757 61.459147 84.076005 82.808453 73.855603 81.191592 65.429078 136.960798 50.121678 83.876506 153.735907 124.003936 140.011930 119.490079 129.918476 121.740610 124.845623 103.596908 69.811448 81.713818 123.793254 114.613131 75.482803 86.251974 67.350856 88.618222 77.055613 66.424768 66.212567 73.691793 109.460908 134.186205 143.849548 138.148822 224.813810 305.525361 50.831114 126.981221 80.607167 67.507277 64.365964 85.135561 84.109539 77.943928 75.552482 66.581838 117.708528 128.450253 122.727044 95.139942 78.118738 76.927140
-9999.0 -9999.0 -9999.0 -9999.0 -9999.0 76.817250 82.227983 75.772893 86.522891 82.930706 112.538058 170.690695 390.058559 109.976007 64.333188 86.243168 83.983394 73.318840 78.657467 64.141368 141.406451 50.140104 153.226995 140.185112 85.657338 82.021999 75.780840 75.829003 68.858352 68.432858 73.710540 71.582305 86.267184 122.613183 114.745396 69.925045 83.257543 87.170395 72.726920 87.562310 79.395227 68.842368 64.432990 65.779043 78.027908 83.338793 84.945348 131.638429 51.279447 80.594615 73.942613 101.259092 91.963855 83.122508 76.177038 77.290397 73.468830 69.585429 111.936301 64.429341 64.574600 68.094013 81.082689 80.912648 75.448663
-9999.0 -9999.0 -9999.0 -9999.0 74.373485 75.938305 73.271109 82.309801 75.597820 73.855586 72.483470 77.730980 99.687033 366.780095 76.820593 94.894636 90.840456 83.472764 65.423444 65.575440 163.796635 50.710579 146.965944 94.037165 88.105239 86.373162 80.757361 82.427961 77.600707 82.666390 68.429643 83.031524 98.734257 118.448386 114.238617 75.403497 93.555595 67.654159 93.433401 76.552604 92.936702 86.769691 100.701264 108.170482 133.782224 133.493072 154.622155 163.266759 50.796210 75.628837 63.940315 65.478959 64.225499 70.124884 64.970398 73.085342 68.885510 151.195839 69.933295 69.979650 69.753568 82.670892 84.908916 80.857506 75.589509
-9999.0 -9999.0 -9999.0 72.352834 76.584002 68.762252 82.557067 72.771980 73.750348 67.723615 68.872867 68.614586 86.983965 72.472137 52.756676 50.346835 89.424916 68.562894 63.621489 67.072993 167.866608 50.716415 86.686391 83.055488 78.885654 78.190640 71.733590 69.706633 84.315403 74.911910 67.392873 86.675732 102.577446 67.289365 132.825969 111.366352 106.432202 66.392704 72.189305 92.041563 79.993010 92.958876 65.593311 68.209306 73.706609 67.567293 72.447729 65.392380 50.072275 75.667709 62.920088 63.398560 63.689864 70.525819 65.592137 64.179811 64.212607 145.067982 73.125875 73.643278 80.764835 87.285146 79.058960 76.664192 72.894023
-9999.0 -9999.0 66.789897 72.003394 66.533978 78.216338 68.855821 67.743872 64.314058 62.824407 63.419844 80.317236 64.526253 101.307618 66.103870 79.072627 50.229879 74.225510 63.019727 74.491147 191.963954 50.120946 81.115477 78.850344 74.145157 73.430298 65.828158 86.575021 79.080037 75.075826 68.555867 97.236045 118.096487 68.500593 152.677321 68.097956 170.734261 66.030050 72.369217 76.118252 99.045637 88.211678 117.812882 76.436326 79.667165 79.574424 88.615353 98.803870 50.201501 92.241591 70.390319 68.690726 72.585197 65.181133 69.077797 70.130133 64.914626 144.947738 78.337303 87.845742 64.379159 96.146209 78.896844 76.276912 71.857639
-9999.0 -9999.0 67.619601 76.474323 80.230370 65.759273 64.880515 65.370865 74.226645 78.113419 80.894842 112.235114 111.583868 67.225114 72.189539 65.154943 50.037955 85.467476 66.971394 77.157831 50.525865 90.062382 78.084219 75.338118 70.210724 67.837995 85.447322 79.475631 76.146003 73.145255 70.172567 99.365154 119.239112 67.450414 129.455186 65.405170 161.505544 64.584732 70.637088 74.523943 79.476915 98.368592 65.927580 123.849940 66.278750 84.475695 87.482328 69.367354 76.592673 50.136914 77.879563 75.397164 67.196453 73.807224 72.547621 72.600381 132.844416 80.615660 86.329967 70.027442 96.200935 81.382658 77.234229 74.735652 74.795255
-9999.0 -9999.0 66.727387 68.814198 79.357090 81.793907 87.455594 87.058320 94.495584 97.509037 99.342775 66.777385 75.031795 77.867033 87.213988 88.068326 98.270716 50.165542 119.335173 50.101997 87.062430 83.609230 74.224456 71.428883 65.442254 92.074951 82.979848 80.756767 75.804675 65.952320 73.683606 115.038367 118.942061 67.968306 74.333202 127.450886 156.514482 65.929157 72.028441 75.503038 80.851166 83.681185 113.631829 72.696997 136.438846 74.545373 84.668641 113.032662 120.704863 50.084781 147.992230 89.633792 78.106744 77.855204 64.575395 148.536071 85.074303 92.165777 73.647748 108.503625 86.256309 84.921388 78.580923 96.636241 90.053300
-9999.0 -9999.0 70.180790 75.645607 84.978325 86.820532 93.538177 93.019974 104.049927 106.969577 121.297739 114.743670 125.400662 120.063591 140.876897 133.950984 145.983880 131.547386 50.230673 69.339313 62.086206 68.985897 64.714210 62.971297 89.137280 85.392614 81.778925 79.548516 69.820136 79.163979 64.691704 144.875124 68.535703 68.761638 76.586880 76.514923 131.490417 145.102819 71.487975 75.115253 80.132740 82.937734 87.236987 110.784571 81.873723 156.007052 180.780767 180.333267 179.262372 50.286250 163.303239 69.072307 78.250164 68.927552 138.060953 87.257868 94.136883 78.126210 108.062801 88.979856 84.783389 84.761171 98.024949 81.274272 78.559853
-9999.0 -9999.0 70.400230 75.475772 84.105976 86.502247 96.721745 112.073002 128.122783 125.833309 148.314633 147.040817 159.356135 151.969903 180.877715 177.199693 179.874134 176.198110 259.905512 95.880368 75.113422 63.060237 67.517713 93.240393 85.256918 85.355889 81.971363 76.897526 65.818475 84.679087 66.224762 138.644111 74.296319 74.017369 80.081110 66.634259 83.825965 134.486484 165.520838 77.133684 82.085656 83.954083 88.432387 91.732360 149.012644 66.551102 68.214873 69.781661 76.746780 189.900207 50.380280 96.968046 78.448232 158.577714 89.595621 101.828309 154.336348 172.910122 100.938339 106.395961 90.604733 140.852463 94.345296 80.325230 72.602007
-9999.0 -9999.0 71.013304 75.874538 84.615084 87.919939 90.314298 66.271742 74.850250 78.005721 83.048713 65.955064 73.625073 76.643953 89.067179 91.818543 97.309413 97.397728 112.471384 50.822395 68.705319 71.135100 91.406135 87.393223 83.656327 82.640143 76.260211 74.295307 84.851984 71.832756 132.549592 77.515246 69.398486 66.012977 81.632994 81.857872 72.735985 84.232364 138.711003 153.730087 80.231912 82.284013 86.394066 89.604217 162.031464 67.978513 75.835328 72.370093 67.440619 86.803513 50.608581 250.810995 244.328016 173.147644 118.164358 165.948351 129.798928 157.390704 124.533237 146.490285 146.104247 72.429130 67.064484 71.100814 66.113386
-9999.0 -9999.0 71.517039 76.425026 85.429751 89.454311 99.398696 95.835662 106.529102 106.419308 123.309864 113.190838 118.090826 116.213063 135.015167 136.182620 145.457358 130.939624 171.625010 348.943636 87.306344 99.228110 88.408511 88.367857 84.218340 80.185997 62.807452 92.824328 75.747167 146.579579 82.137846 67.707681 75.278111 67.295486 87.288181 67.464850 88.503644 76.812356 90.604806 134.683215 162.820628 83.397163 88.728592 92.266792 214.712112 78.616427 85.201744 66.710651 83.315675 50.117168 51.002267 50.004384 50.075461 50.023954 53.329653 411.953923 313.382855 281.777372 194.407041 105.975526 90.981885 85.973687 79.544445 65.788953 73.463856
-9999.0 -9999.0 71.425494 76.227423 84.745452 89.444280 98.308542 97.516474 108.576422 108.344239 124.945032 113.666436 119.466738 114.761473 131.439619 133.101452 146.523309 132.277416 163.617205 400.374673 162.104675 99.634112 88.665150 86.960034 80.265874 67.527991 89.481780 76.791917 126.507051 84.111570 71.684395 77.558220 69.358256 65.933687 76.894990 88.992227 76.360238 88.851018 81.223876 89.740218 137.338234 155.600702 87.952835 92.267132 241.006988 79.282811 89.520532 69.494461 99.609265 290.397174 201.706552 171.365521 85.171704 78.557422 65.074258 77.691305 64.589480 279.515112 247.939911 169.497674 73.965935 69.060030 70.726638 78.855527 72.280765
-9999.0 -9999.0 71.573595 76.290284 85.199122 89.025127 99.378330 98.602375 109.357953 108.029486 124.710744 117.267974 120.451280 114.484529 130.675112 131.264266 148.830446 138.910396 160.413848 258.351450 674.484857 133.028694 91.716900 86.717755 72.245905 97.390585 79.524289 132.623668 84.333178 76.263403 81.913697 67.311603 79.376809 67.806819 85.235069 68.330599 108.430608 66.363769 94.202699 82.940330 97.030577 142.266083 180.438938 94.166241 243.434496 68.022590 122.006871 138.824002 132.721245 110.847859 87.459626 78.099735 100.524198 76.913685 72.253785 71.211322 62.425823 109.589558 83.966644 157.952515 132.656699 138.095613 112.994771 93.480025 66.825764
-9999.0 -9999.0 71.887131 76.756170 86.777703 92.052363 97.009753 97.449763 108.964108 106.463113 119.558166 118.421868 120.444823 114.558715 130.908113 131.341124 150.554305 142.926475 141.600423 265.042182 271.632168 602.146003 97.717391 76.673114 99.394737 83.973685 130.516521 88.222593 76.811724 82.543117 70.726148 65.937763 83.980299 70.178393 78.754869 86.443867 73.913549 104.008747 71.752807 94.118081 87.751256 101.019585 154.403753 171.097792 105.422803 282.430534 193.595214 273.661633 116.254342 106.473342 85.290214 77.883594 72.960261 99.050881 72.624277 69.337306 63.841831 106.425683 84.729600 77.474430 150.283855 82.745749 70.063556 -9999.0 -9999.0
-9999.0 -9999.0 72.968167 78.208750 89.836738 91.901226 97.598501 96.996471 108.184427 106.796840 125.692256 114.132188 119.099125 114.895789 133.866349 134.120079 153.709031 231.593353 219.579480 68.207644 81.425948 915.982551 96.256471 111.664697 85.372214 150.504927 96.429349 99.253814 90.780758 76.586514 71.075838 66.573996 85.306429 80.308751 87.467552 67.444231 94.380983 78.356120 118.530645 80.004860 130.181062 155.173959 228.646880 237.428917 223.772996 475.913696 90.062466 128.324772 96.548519 88.753099 78.679222 76.136516 71.607110 68.217436 89.728691 68.006519 62.492344 95.509538 76.843150 66.227120 149.079121 83.377601 68.924145 -9999.0 -9999.0
-9999.0 -9999.0 69.581844 70.775658 83.273395 85.727964 90.387925 90.439563 98.382102 98.622199 104.646903 66.639148 74.045928 76.654074 87.317061 178.591386 173.928400 243.006497 275.014721 245.567111 288.440274 673.738214 172.186244 92.265767 144.415929 63.164452 95.352992 83.717423 83.311763 76.333857 70.730525 92.034921 68.376595 82.556949 89.343774 69.389445 77.602725 96.137635 83.438740 134.509410 154.063023 155.750943 143.683682 66.339581 324.058433 549.139381 140.087662 105.501133 69.950316 83.471803 80.607611 75.500226 70.759705 68.219259 62.875806 90.274182 63.746707 93.769018 75.283495 65.832121 146.646250 84.996047 -9999.0 -9999.0 -9999.0
-9999.0 -9999.0 71.372053 79.633287 92.002434 94.388062 103.026704 96.261675 104.262564 102.553356 120.441993 147.694756 160.551571 152.106743 146.306175 64.587613 206.708222 78.057210 70.622856 72.769313 90.452448 113.144802 907.635582 252.428211 69.386472 125.578027 98.049001 89.787154 84.292217 78.171974 66.185669 93.477467 73.720454 91.195273 100.639640 74.771268 86.696678 67.791607 112.509506 94.327945 112.531723 98.757731 64.839438 160.053252 713.143193 83.515771 66.157050 65.116733 83.331180 63.007292 76.078631 76.011886 68.097972 65.885032 61.394467 87.633672 61.670147 83.181004 66.225849 77.275237 123.465957 70.036532 -9999.0 -9999.0 -9999.0
-9999.0 -9999.0 70.608768 80.680344 85.699841 68.872963 67.812698 66.120092 74.482516 77.398009 88.535955 155.388999 168.836594 160.294161 222.630625 199.960649 76.182090 63.549308 65.545769 74.154311 70.572994 72.050001 810.259529 265.326867 157.599979 68.439802 63.341052 63.161919 78.131670 71.733264 93.606400 80.584503 68.361018 93.566201 103.042567 68.995318 95.247422 69.582679 78.830528 114.572031 68.758858 64.414243 97.261500 77.387973 664.929504 112.444708 94.430144 90.539753 81.657237 82.174128 73.675057 73.451159 71.494271 66.190125 61.389317 79.166168 73.087011 82.776669 69.109253 62.509330 87.524865 -9999.0 -9999.0 -9999.0 -9999.0
