geotop/1.0zi/1.0Montebello/Templates/Dripsey sc/maps/PSILIQL0003N0049.asc
ncols         69
nrows         152
xllcorner     146499.903857
yllcorner     75332.942244
cellsize      50.000000
NODATA_value  -9999.0
[rows 54 to 80 of 152, columns 0 to 61 of 69]
-9999.0 -9999.0 -62266.720471 -62266.720471 -62266.720471 -62266.720471 -62266.720471 -62266.720472 -62266.720471 -62266.720472 -62266.720471 -62266.720471 -62266.720471 -62266.720472 -62266.720471 -62266.720472 -62266.720471 -62266.720472 -62266.720471 -62266.720472 -62266.720471 -62266.720471 -62266.720470 -62266.720471 -62266.720471 -62266.720471 -62266.720472 -62266.720471 -62266.720472 -62266.720471 -62266.720471 -62266.720471 -62266.720471 -62266.720471 -62266.720471 -62266.720471 -62266.720471 -62266.720471 -62266.720471 -62266.720471 -62266.720471 -62266.720472 -62266.720472 -62266.720471 -62266.720471 -62266.720471 -62266.720472 -62266.720471 -62266.720472 -62266.720471 -62266.720472 -62266.720471 -62266.720472 -62266.720471 -62266.720472 -62266.720471 -62266.720472 -62266.720472 -62266.720472 -62266.720471 -62266.720470 -62266.720472
-9999.0 -9999.0 -62266.720472 -62266.720472 -62266.720471 -62266.720471 -62266.720472 -62266.720472 -62266.720471 -62266.720472 -62266.720471 -62266.720471 -62266.720471 -62266.720471 -62266.720471 -62266.720471 -62266.720471 -62266.720472 -62266.720471 -62266.720472 -62266.720471 -62266.720472 -62266.720470 -62266.720471 -62266.720471 -62266.720471 -62266.720472 -62266.720472 -62266.720472 -62266.720472 -62266.720472 -62266.720472 -62266.720472 -62266.720472 -62266.720472 -62266.720472 -62266.720472 -62266.720472 -62266.720471 -62266.720472 -62266.720471 -62266.720472 -62266.720471 -62266.720472 -62266.720471 -62266.720471 -62266.720472 -62266.720471 -62266.720471 -62266.720471 -62266.720471 -62266.720470 -62266.720472 -62266.720471 -62266.720472 -62266.720471 -62266.720471 -62266.720472 -62266.720471 -62266.720471 -62266.720471 -9999.0
-9999.0 -9999.0 -62266.720471 -62266.720471 -62266.720471 -62266.720471 -62266.720471 -62266.720472 -62266.720471 -62266.720472 -62266.720471 -62266.720472 -62266.720471 -62266.720472 -62266.720471 -62266.720472 -62266.720472 -62266.720472 -62266.720471 -62266.720472 -62266.720471 -62266.720472 -62266.720472 -62266.720470 -62266.720471 -62266.720471 -62266.720472 -62266.720471 -62266.720472 -62266.720471 -62266.720471 -62266.720471 -62266.720471 -62266.720471 -62266.720471 -62266.720471 -62266.720471 -62266.720471 -62266.720471 -62266.720471 -62266.720471 -62266.720472 -62266.720471 -62266.720471 -62266.720471 -62266.720471 -62266.720472 -62266.720471 -62266.720472 -62266.720471 -62266.720472 -62266.720472 -62266.720472 -62266.720472 -62266.720472 -62266.720472 -62266.720472 -62266.720472 -62266.720472 -62266.720472 -62266.720472 -9999.0
-9999.0 -9999.0 -9999.0 -62266.720472 -62266.720471 -62266.720472 -62266.720471 -62266.720472 -62266.720471 -62266.720472 -62266.720471 -62266.720471 -62266.720471 -62266.720472 -62266.720471 -62266.720472 -62266.720471 -62266.720472 -62266.720471 -62266.720472 -62266.720471 -62266.720472 -62266.720472 -62266.720470 -62266.720471 -62266.720472 -62266.720472 -62266.720472 -62266.720472 -62266.720471 -62266.720472 -62266.720471 -62266.720472 -62266.720472 -62266.720472 -62266.720471 -62266.720471 -62266.720471 -62266.720472 -62266.720472 -62266.720472 -62266.720472 -62266.720471 -62266.720471 -62266.720471 -62266.720471 -62266.720472 -62266.720471 -62266.720471 -62266.720471 -62266.720472 -62266.720472 -62266.720472 -62266.720471 -62266.720472 -62266.720472 -62266.720471 -62266.720472 -62266.720471 -62266.720472 -9999.0 -9999.0
-9999.0 -9999.0 -9999.0 -62266.720471 -62266.720471 -62266.720472 -62266.720472 -62266.720472 -62266.720471 -62266.720471 -62266.720471 -62266.720472 -62266.720471 -62266.720472 -62266.720471 -62266.720471 -62266.720471 -62266.720471 -62266.720471 -62266.720471 -62266.720471 -62266.720472 -62266.720472 -62266.720471 -62266.720470 -62266.720471 -62266.720471 -62266.720471 -62266.720472 -62266.720471 -62266.720472 -62266.720471 -62266.720471 -62266.720471 -62266.720471 -62266.720471 -62266.720471 -62266.720471 -62266.720471 -62266.720472 -62266.720472 -62266.720472 -62266.720471 -62266.720471 -62266.720471 -62266.720471 -62266.720471 -62266.720471 -62266.720472 -62266.720472 -62266.720472 -62266.720472 -62266.720472 -62266.720472 -62266.720472 -62266.720472 -62266.720472 -62266.720472 -62266.720471 -9999.0 -9999.0 -9999.0
-9999.0 -9999.0 -9999.0 -62266.720471 -62266.720471 -62266.720472 -62266.720471 -62266.720471 -62266.720471 -62266.720471 -62266.720471 -62266.720471 -62266.720471 -62266.720472 -62266.720471 -62266.720471 -62266.720471 -62266.720471 -62266.720471 -62266.720471 -62266.720471 -62266.720472 -62266.720471 -62266.720471 -62266.720471 -62266.720471 -62266.720472 -62266.720471 -62266.720472 -62266.720472 -62266.720472 -62266.720472 -62266.720472 -62266.720472 -62266.720472 -62266.720472 -62266.720472 -62266.720472 -62266.720472 -62266.720472 -62266.720472 -62266.720472 -62266.720471 -62266.720471 -62266.720471 -62266.720471 -62266.720471 -62266.720470 -62266.720472 -62266.720472 -62266.720472 -62266.720472 -62266.720472 -9999.0 -9999.0 -9999.0 -9999.0 -9999.0 -9999.0 -9999.0 -9999.0 -9999.0
-9999.0 -9999.0 -9999.0 -62266.720471 -62266.720471 -62266.720471 -62266.720471 -62266.720471 -62266.720471 -62266.720471 -62266.720471 -62266.720471 -62266.720471 -62266.720471 -62266.720471 -62266.720472 -62266.720471 -62266.720472 -62266.720471 -62266.720472 -62266.720471 -62266.720472 -62266.720471 -62266.720471 -62266.720471 -62266.720471 -62266.720471 -62266.720471 -62266.720471 -62266.720471 -62266.720471 -62266.720471 -62266.720471 -62266.720471 -62266.720471 -62266.720471 -62266.720471 -62266.720471 -62266.720471 -62266.720471 -62266.720471 -62266.720471 -62266.720471 -62266.720471 -62266.720472 -62266.720471 -62266.720471 -62266.720470 -62266.720472 -62266.720472 -62266.720472 -62266.720472 -62266.720472 -9999.0 -9999.0 -9999.0 -9999.0 -9999.0 -9999.0 -9999.0 -9999.0 -9999.0
-9999.0 -9999.0 -9999.0 -9999.0 -9999.0 -62266.720472 -62266.720471 -62266.720471 -62266.720471 -62266.720471 -62266.720471 -62266.720471 -62266.720471 -62266.720471 -62266.720471 -62266.720472 -62266.720471 -62266.720472 -62266.720471 -62266.720472 -62266.720471 -62266.720471 -62266.720471 -62266.720471 -62266.720471 -62266.720471 -62266.720471 -62266.720471 -62266.720472 -62266.720472 -62266.720472 -62266.720471 -62266.720472 -62266.720472 -62266.720472 -62266.720472 -62266.720472 -62266.720472 -62266.720471 -62266.720472 -62266.720471 -62266.720471 -62266.720471 -62266.720471 -62266.720472 -62266.720471 -62266.720471 -62266.720471 -62266.720472 -62266.720472 -62266.720472 -62266.720472 -62266.720472 -9999.0 -9999.0 -9999.0 -9999.0 -9999.0 -9999.0 -9999.0 -9999.0 -9999.0
-9999.0 -9999.0 -9999.0 -9999.0 -9999.0 -9999.0 -62266.720472 -62266.720472 -62266.720472 -62266.720472 -62266.720471 -62266.720472 -62266.720471 -62266.720472 -62266.720472 -62266.720472 -62266.720471 -62266.720471 -62266.720472 -62266.720472 -62266.720471 -62266.720471 -62266.720471 -62266.720472 -62266.720471 -62266.720471 -62266.720471 -62266.720471 -62266.720471 -62266.720472 -62266.720471 -62266.720471 -62266.720471 -62266.720471 -62266.720471 -62266.720471 -62266.720471 -62266.720471 -62266.720471 -62266.720471 -62266.720471 -62266.720470 -62266.720472 -62266.720471 -62266.720472 -62266.720471 -62266.720472 -62266.720471 -62266.720472 -62266.720471 -62266.720472 -62266.720472 -62266.720471 -9999.0 -9999.0 -9999.0 -9999.0 -9999.0 -9999.0 -9999.0 -9999.0 -9999.0
-9999.0 -9999.0 -9999.0 -9999.0 -9999.0 -9999.0 -9999.0 -62266.720472 -62266.720472 -62266.720472 -62266.720471 -62266.720471 -62266.720471 -62266.720472 -62266.720472 -62266.720472 -62266.720471 -62266.720471 -62266.720471 -62266.720472 -62266.720471 -62266.720472 -62266.720471 -62266.720472 -62266.720471 -62266.720471 -62266.720471 -62266.720471 -62266.720472 -62266.720472 -62266.720472 -62266.720472 -62266.720472 -62266.720472 -62266.720472 -62266.720472 -62266.720472 -62266.720472 -62266.720472 -62266.720471 -62266.720471 -62266.720471 -62266.720472 -62266.720471 -62266.720472 -62266.720471 -62266.720472 -62266.720471 -62266.720472 -62266.720471 -62266.720472 -62266.720471 -62266.720472 -9999.0 -9999.0 -9999.0 -9999.0 -9999.0 -9999.0 -9999.0 -9999.0 -9999.0
-9999.0 -9999.0 -9999.0 -9999.0 -9999.0 -9999.0 -9999.0 -9999.0 -62266.720472 -62266.720472 -62266.720472 -62266.720472 -62266.720471 -62266.720472 -62266.720471 -62266.720472 -62266.720471 -62266.720472 -62266.720472 -62266.720472 -62266.720471 -62266.720471 -62266.720471 -62266.720472 -62266.720472 -62266.720472 -62266.720471 -62266.720471 -62266.720471 -62266.720471 -62266.720471 -62266.720471 -62266.720472 -62266.720471 -62266.720471 -62266.720472 -62266.720471 -62266.720472 -62266.720471 -62266.720470 -62266.720471 -62266.720471 -62266.720472 -62266.720471 -62266.720472 -62266.720471 -62266.720472 -62266.720471 -62266.720471 -62266.720471 -62266.720471 -62266.720471 -62266.720471 -9999.0 -9999.0 -9999.0 -9999.0 -9999.0 -9999.0 -9999.0 -9999.0 -9999.0
-9999.0 -9999.0 -9999.0 -9999.0 -9999.0 -9999.0 -9999.0 -9999.0 -9999.0 -62266.720472 -62266.720472 -62266.720472 -62266.720471 -62266.720472 -62266.720471 -62266.720471 -62266.720471 -62266.720472 -62266.720471 -62266.720472 -62266.720471 -62266.720471 -62266.720471 -62266.720472 -62266.720471 -62266.720472 -62266.720471 -62266.720471 -62266.720471 -62266.720471 -62266.720471 -62266.720471 -62266.720472 -62266.720472 -62266.720472 -62266.720472 -62266.720472 -62266.720471 -62266.720470 -62266.720471 -62266.720472 -62266.720471 -62266.720472 -62266.720472 -62266.720472 -62266.720471 -62266.720472 -62266.720471 -62266.720472 -62266.720471 -62266.720472 -62266.720472 -62266.720471 -9999.0 -9999.0 -9999.0 -9999.0 -9999.0 -9999.0 -9999.0 -9999.0 -9999.0
-9999.0 -9999.0 -9999.0 -9999.0 -9999.0 -9999.0 -9999.0 -9999.0 -9999.0 -9999.0 -62266.720471 -62266.720472 -62266.720471 -62266.720472 -62266.720472 -62266.720472 -62266.720472 -62266.720471 -62266.720471 -62266.720471 -62266.720471 -62266.720471 -62266.720471 -62266.720471 -62266.720471 -62266.720472 -62266.720471 -62266.720472 -62266.720471 -62266.720471 -62266.720471 -62266.720470 -62266.720471 -62266.720471 -62266.720471 -62266.720471 -62266.720471 -62266.720470 -62266.720471 -62266.720471 -62266.720472 -62266.720471 -62266.720472 -62266.720471 -62266.720472 -62266.720471 -62266.720472 -62266.720471 -62266.720472 -62266.720471 -62266.720471 -62266.720471 -9999.0 -9999.0 -9999.0 -9999.0 -9999.0 -9999.0 -9999.0 -9999.0 -9999.0 -9999.0
-9999.0 -9999.0 -9999.0 -9999.0 -9999.0 -9999.0 -9999.0 -9999.0 -9999.0 -9999.0 -9999.0 -62266.720472 -62266.720472 -62266.720472 -62266.720472 -62266.720472 -62266.720472 -62266.720471 -62266.720470 -62266.720471 -62266.720471 -62266.720471 -62266.720471 -62266.720471 -62266.720471 -62266.720471 -62266.720471 -62266.720471 -62266.720471 -62266.720471 -62266.720471 -62266.720471 -62266.720471 -62266.720471 -62266.720471 -62266.720471 -62266.720471 -62266.720471 -62266.720472 -62266.720472 -62266.720472 -62266.720471 -62266.720472 -62266.720471 -62266.720472 -62266.720471 -62266.720472 -62266.720471 -62266.720472 -62266.720471 -62266.720472 -9999.0 -9999.0 -9999.0 -9999.0 -9999.0 -9999.0 -9999.0 -9999.0 -9999.0 -9999.0 -9999.0
-9999.0 -9999.0 -9999.0 -9999.0 -9999.0 -9999.0 -9999.0 -9999.0 -9999.0 -9999.0 -9999.0 -62266.720471 -62266.720471 -62266.720471 -62266.720471 -62266.720472 -62266.720471 -62266.720472 -62266.720471 -62266.720471 -62266.720472 -62266.720472 -62266.720471 -62266.720472 -62266.720471 -62266.720472 -62266.720471 -62266.720472 -62266.720471 -62266.720471 -62266.720471 -62266.720471 -62266.720471 -62266.720471 -62266.720471 -62266.720471 -62266.720471 -62266.720470 -62266.720472 -62266.720472 -62266.720472 -62266.720471 -62266.720472 -62266.720471 -62266.720471 -62266.720471 -62266.720471 -62266.720471 -62266.720471 -62266.720472 -9999.0 -9999.0 -9999.0 -9999.0 -9999.0 -9999.0 -9999.0 -9999.0 -9999.0 -9999.0 -9999.0 -9999.0
-9999.0 -9999.0 -9999.0 -9999.0 -9999.0 -9999.0 -9999.0 -9999.0 -9999.0 -9999.0 -9999.0 -9999.0 -62266.720471 -62266.720472 -62266.720471 -62266.720472 -62266.720472 -62266.720472 -62266.720472 -62266.720472 -62266.720472 -62266.720472 -62266.720471 -62266.720471 -62266.720471 -62266.720472 -62266.720471 -62266.720472 -62266.720471 -62266.720471 -62266.720471 -62266.720471 -62266.720471 -62266.720471 -62266.720471 -62266.720471 -62266.720471 -62266.720470 -62266.720472 -62266.720472 -62266.720472 -62266.720471 -62266.720472 -62266.720471 -62266.720472 -62266.720471 -62266.720471 -62266.720471 -62266.720472 -62266.720472 -9999.0 -9999.0 -9999.0 -9999.0 -9999.0 -9999.0 -9999.0 -9999.0 -9999.0 -9999.0 -9999.0 -9999.0
-9999.0 -9999.0 -9999.0 -9999.0 -9999.0 -9999.0 -9999.0 -9999.0 -9999.0 -9999.0 -9999.0 -9999.0 -9999.0 -62266.720471 -62266.720471 -62266.720472 -62266.720471 -62266.720472 -62266.720471 -62266.720471 -62266.720472 -62266.720472 -62266.720471 -62266.720472 -62266.720471 -62266.720472 -62266.720471 -62266.720472 -62266.720471 -62266.720471 -62266.720471 -62266.720471 -62266.720471 -62266.720471 -62266.720471 -62266.720471 -62266.720471 -62266.720470 -62266.720472 -62266.720471 -62266.720472 -62266.720471 -62266.720471 -62266.720471 -62266.720471 -62266.720471 -62266.720471 -62266.720471 -62266.720471 -62266.720471 -9999.0 -9999.0 -9999.0 -9999.0 -9999.0 -9999.0 -9999.0 -9999.0 -9999.0 -9999.0 -9999.0 -9999.0
-9999.0 -9999.0 -9999.0 -9999.0 -9999.0 -9999.0 -9999.0 -9999.0 -9999.0 -9999.0 -9999.0 -9999.0 -9999.0 -9999.0 -62266.720471 -62266.720472 -62266.720471 -62266.720471 -62266.720471 -62266.720472 -62266.720472 -62266.720472 -62266.720471 -62266.720472 -62266.709789 -62266.709789 -62266.709777 -62266.709790 -62266.709778 -62266.709753 -62266.720471 -62266.720471 -62266.720471 -62266.720471 -62266.720471 -62266.720471 -62266.720471 -62266.720470 -62266.720471 -62266.720471 -62266.720471 -62266.720471 -62266.720471 -62266.720471 -62266.720471 -62266.720471 -62266.720471 -62266.720471 -62266.720472 -9999.0 -9999.0 -9999.0 -9999.0 -9999.0 -9999.0 -9999.0 -9999.0 -9999.0 -9999.0 -9999.0 -9999.0 -9999.0
-9999.0 -9999.0 -9999.0 -9999.0 -9999.0 -9999.0 -9999.0 -9999.0 -9999.0 -9999.0 -9999.0 -9999.0 -9999.0 -9999.0 -9999.0 -62266.720472 -62266.720471 -62266.720471 -62266.720471 -62266.720471 -62266.720471 -62266.720471 -62266.720472 -62266.709790 -62266.709789 -62266.709790 -62266.709787 -62266.709790 -62266.709789 -62266.709790 -62266.709756 -62266.720471 -62266.720471 -62266.720471 -62266.720471 -62266.720471 -62266.720471 -62266.720471 -62266.720472 -62266.720471 -62266.720471 -62266.720471 -62266.720471 -62266.720471 -62266.720471 -62266.720471 -62266.720471 -62266.720471 -62266.720472 -9999.0 -9999.0 -9999.0 -9999.0 -9999.0 -9999.0 -9999.0 -9999.0 -9999.0 -9999.0 -9999.0 -9999.0 -9999.0
-9999.0 -9999.0 -9999.0 -9999.0 -9999.0 -9999.0 -9999.0 -9999.0 -9999.0 -9999.0 -9999.0 -9999.0 -9999.0 -9999.0 -9999.0 -9999.0 -9999.0 -62266.720472 -62266.720471 -62266.720472 -62266.720471 -62266.720472 -62266.709790 -62266.709790 -62266.709789 -62266.709790 -62266.709789 -62266.709790 -62266.709789 -62266.709790 -62266.709779 -62266.709786 -62266.720471 -62266.720471 -62266.720471 -62266.720469 -62266.720471 -62266.720471 -62266.720472 -62266.720471 -62266.720471 -62266.720471 -62266.720471 -62266.720471 -62266.720471 -62266.720471 -62266.720472 -62266.720471 -62266.720471 -9999.0 -9999.0 -9999.0 -9999.0 -9999.0 -9999.0 -9999.0 -9999.0 -9999.0 -9999.0 -9999.0 -9999.0 -9999.0
-9999.0 -9999.0 -9999.0 -9999.0 -9999.0 -9999.0 -9999.0 -9999.0 -9999.0 -9999.0 -9999.0 -9999.0 -9999.0 -9999.0 -9999.0 -9999.0 -9999.0 -62266.720471 -62266.720471 -62266.720471 -62266.720471 -62266.709790 -62266.709787 -62266.709789 -62266.709777 -62266.709790 -62266.709788 -62266.709790 -62266.709788 -62266.709789 -62266.709757 -62266.709762 -62266.709739 -62266.720470 -62266.720471 -62266.720471 -62266.720472 -62266.720472 -62266.720472 -62266.720472 -62266.720472 -62266.720472 -62266.720471 -62266.720471 -62266.720471 -62266.720471 -62266.720472 -62266.720472 -62266.720472 -9999.0 -9999.0 -9999.0 -9999.0 -9999.0 -9999.0 -9999.0 -9999.0 -9999.0 -9999.0 -9999.0 -9999.0 -9999.0
-9999.0 -9999.0 -9999.0 -9999.0 -9999.0 -9999.0 -9999.0 -9999.0 -9999.0 -9999.0 -9999.0 -9999.0 -9999.0 -9999.0 -9999.0 -9999.0 -9999.0 -9999.0 -62266.720472 -62266.720472 -62266.720472 -62266.709790 -62266.709789 -62266.709790 -62266.709782 -62266.709789 -62266.709790 -62266.709790 -62266.709789 -62266.709790 -62266.709775 -62266.709733 -62266.709698 -62266.709702 -62266.720471 -62266.720470 -62266.720472 -62266.720471 -62266.720472 -62266.720471 -62266.720471 -62266.720471 -62266.720471 -62266.720471 -62266.720471 -62266.720471 -62266.720471 -62266.720471 -62266.720472 -9999.0 -9999.0 -9999.0 -9999.0 -9999.0 -9999.0 -9999.0 -9999.0 -9999.0 -9999.0 -9999.0 -9999.0 -9999.0
-9999.0 -9999.0 -9999.0 -9999.0 -9999.0 -9999.0 -9999.0 -9999.0 -9999.0 -9999.0 -9999.0 -9999.0 -9999.0 -9999.0 -9999.0 -9999.0 -9999.0 -9999.0 -62266.720471 -62266.720471 -62266.720471 -62266.709784 -62266.709774 -62266.709789 -62266.709787 -62266.709789 -62266.709768 -62266.709785 -62266.709755 -62266.709790 -62266.709733 -62266.709681 -62266.709714 -62266.709786 -62266.709790 -62266.709789 -62266.720472 -62266.720472 -62266.720472 -62266.720472 -62266.720472 -62266.720472 -62266.720471 -62266.720471 -62266.720471 -62266.720472 -62266.720472 -62266.720472 -9999.0 -9999.0 -9999.0 -9999.0 -9999.0 -9999.0 -9999.0 -9999.0 -9999.0 -9999.0 -9999.0 -9999.0 -9999.0 -9999.0
-9999.0 -9999.0 -9999.0 -9999.0 -9999.0 -9999.0 -9999.0 -9999.0 -9999.0 -9999.0 -9999.0 -9999.0 -9999.0 -9999.0 -9999.0 -9999.0 -9999.0 -9999.0 -9999.0 -62266.720471 -62266.720471 -62266.709789 -62266.709790 -62266.709790 -62266.709790 -62266.709790 -62266.709789 -62266.709789 -62266.709760 -62266.709790 -62266.709703 -62266.709658 -62266.709779 -62266.709789 -62266.709790 -62266.709790 -62266.720472 -62266.720471 -62266.720472 -62266.720472 -62266.720471 -62266.720471 -62266.720471 -62266.720471 -62266.720471 -62266.720471 -62266.720472 -62266.720472 -9999.0 -9999.0 -9999.0 -9999.0 -9999.0 -9999.0 -9999.0 -9999.0 -9999.0 -9999.0 -9999.0 -9999.0 -9999.0 -9999.0
-9999.0 -9999.0 -9999.0 -9999.0 -9999.0 -9999.0 -9999.0 -9999.0 -9999.0 -9999.0 -9999.0 -9999.0 -9999.0 -9999.0 -9999.0 -9999.0 -9999.0 -9999.0 -9999.0 -9999.0 -62266.720471 -62266.709777 -62266.709786 -62266.709790 -62266.709786 -62266.709789 -62266.709779 -62266.709790 -62266.709762 -62266.709741 -62266.709689 -62266.709761 -62266.709790 -62266.709790 -62266.709790 -62266.709789 -62266.709790 -62266.709790 -62266.720472 -62266.720472 -62266.720471 -62266.720471 -62266.720471 -62266.720471 -62266.720472 -62266.720471 -62266.720472 -9999.0 -9999.0 -9999.0 -9999.0 -9999.0 -9999.0 -9999.0 -9999.0 -9999.0 -9999.0 -9999.0 -9999.0 -9999.0 -9999.0 -9999.0
-9999.0 -9999.0 -9999.0 -9999.0 -9999.0 -9999.0 -9999.0 -9999.0 -9999.0 -9999.0 -9999.0 -9999.0 -9999.0 -9999.0 -9999.0 -9999.0 -9999.0 -9999.0 -9999.0 -9999.0 -9999.0 -62266.709790 -62266.709790 -62266.709790 -62266.709790 -62266.709790 -62266.709780 -62266.709790 -62266.709787 -62266.709717 -62266.709718 -62266.709750 -62266.709790 -62266.709760 -62266.709790 -62266.709789 -62266.709790 -62266.709790 -62266.720472 -62266.720472 -62266.720471 -62266.720471 -62266.720471 -62266.720471 -62266.720471 -62266.720471 -62266.720472 -9999.0 -9999.0 -9999.0 -9999.0 -9999.0 -9999.0 -9999.0 -9999.0 -9999.0 -9999.0 -9999.0 -9999.0 -9999.0 -9999.0 -9999.0
-9999.0 -9999.0 -9999.0 -9999.0 -9999.0 -9999.0 -9999.0 -9999.0 -9999.0 -9999.0 -9999.0 -9999.0 -9999.0 -9999.0 -9999.0 -9999.0 -9999.0 -9999.0 -9999.0 -9999.0 -9999.0 -62266.709755 -62266.709776 -62266.709789 -62266.709779 -62266.709780 -62266.709759 -62266.709775 -62266.709732 -62266.709699 -62266.709761 -62266.709788 -62266.709790 -62266.709782 -62266.709790 -62266.709789 -62266.709790 -62266.709790 -62266.709789 -62266.720471 -62266.720471 -62266.720471 -62266.720471 -62266.720471 -62266.720472 -62266.720472 -9999.0 -9999.0 -9999.0 -9999.0 -9999.0 -9999.0 -9999.0 -9999.0 -9999.0 -9999.0 -9999.0 -9999.0 -9999.0 -9999.0 -9999.0 -9999.0
