geotop/1.0zi/1.0Montebello/Templates/Dripsey sc/maps/PSILIQL0004N0067.asc
ncols         69
nrows         152
xllcorner     146499.903857
yllcorner     75332.942244
cellsize      50.000000
NODATA_value  -9999.0
[rows 58 to 86 of 152, columns 0 to 63 of 69]
-9999.0 -9999.0 -9999.0 38.357036 43.569642 -0.086049 -0.044387 -0.008517 130.798550 27.442899 98.980104 0.362636 32.856141 -0.212889 84.043809 28.036867 306.120813 31.403809 104.032419 32.379122 116.032179 -0.066924 -0.124687 169.843129 393.475861 240.766397 110.370086 181.344420 -0.061976 69.397479 -0.049470 89.929512 66.992591 63.684673 64.325475 50.836761 183.970231 84.798452 37.583582 -0.134955 -0.024751 -0.057708 288.465091 363.502445 128.550705 162.727133 86.610732 285.879335 -0.223126 -0.182319 -0.433648 -0.240567 -0.303033 -0.244463 -0.334429 -0.267367 -0.069343 -0.126425 53.594188 -9999.0 -9999.0 -9999.0 -9999.0 -9999.0
-9999.0 -9999.0 -9999.0 30.158389 51.090674 -0.097053 55.521834 46.220745 157.823559 67.188776 121.608666 29.114291 21.897717 -0.204047 168.926929 84.547526 319.875498 80.430357 136.109673 22.287595 99.949352 -0.121303 94.031094 174.784581 316.897091 171.569052 -0.215973 32.006375 -0.174539 -0.025116 -0.167398 -0.060552 -0.222675 -0.102103 -0.071390 -0.155407 -0.057540 -0.053403 -0.078130 -0.193803 -0.112724 -0.109813 243.138390 365.493705 89.789201 164.181767 105.479338 461.084398 -0.075570 -0.091528 -0.343627 -0.119691 -0.322360 -9999.0 -9999.0 -9999.0 -9999.0 -9999.0 -9999.0 -9999.0 -9999.0 -9999.0 -9999.0 -9999.0
-9999.0 -9999.0 -9999.0 19.181935 104.618771 97.792187 154.869958 95.386711 107.643655 12.599315 96.874269 22.277991 167.222676 74.092342 164.700175 -0.016212 83.790434 -0.042981 75.121064 -0.054890 160.602210 -0.015095 5.681535 91.651312 334.727192 295.276777 54.899679 165.041919 18.150348 129.117177 44.625521 108.509553 19.038412 92.131326 70.537689 29.414133 78.242457 78.131162 143.533664 71.156000 160.028189 211.466520 368.088276 273.354414 -0.081456 178.217924 37.433534 368.350244 -0.232979 -0.141862 -0.410678 -0.102152 -0.105765 -9999.0 -9999.0 -9999.0 -9999.0 -9999.0 -9999.0 -9999.0 -9999.0 -9999.0 -9999.0 -9999.0
-9999.0 -9999.0 -9999.0 -9999.0 -9999.0 -0.046061 103.100050 71.352832 107.262120 18.756174 141.432418 60.926247 213.055295 55.525517 146.946696 -0.044542 119.845768 -0.047273 87.030339 -0.053455 265.761390 234.265629 62.025348 32.752150 306.639760 257.286590 54.202474 47.594250 -0.200701 -0.081725 -0.140617 26.134811 -0.120369 -0.057487 -0.091187 -0.117289 -0.046590 -0.070360 57.973020 -0.062819 97.980869 279.182411 269.598805 245.443823 -0.100641 331.141014 22.080982 284.430942 -0.389253 -0.214043 -0.412882 -0.269043 -0.178281 -9999.0 -9999.0 -9999.0 -9999.0 -9999.0 -9999.0 -9999.0 -9999.0 -9999.0 -9999.0 -9999.0
-9999.0 -9999.0 -9999.0 -9999.0 -9999.0 -9999.0 -0.109487 -0.133909 -0.091420 -0.176770 30.052003 -0.067122 61.227965 -0.125813 -0.114505 -0.239600 62.883363 25.846416 19.989981 -0.147474 177.102415 159.084681 66.561632 -0.147905 168.937908 236.740078 269.227748 274.931725 6.652297 -0.087373 104.065324 264.383480 37.720928 69.365763 78.858816 60.838020 67.452131 29.386438 144.044260 219.405815 185.532767 366.759301 -0.157286 12.501136 -0.148379 78.950417 -0.243939 2.163722 -0.221138 34.878300 -0.292808 -0.145337 18.930327 -9999.0 -9999.0 -9999.0 -9999.0 -9999.0 -9999.0 -9999.0 -9999.0 -9999.0 -9999.0 -9999.0
-9999.0 -9999.0 -9999.0 -9999.0 -9999.0 -9999.0 -9999.0 -0.067032 -0.073044 -0.141375 62.480401 11.694310 112.959505 -0.058200 16.032990 -0.182294 146.501836 247.220509 195.967999 -0.144509 112.545936 -0.067710 183.810651 -0.074907 142.371141 155.438626 286.212690 225.882883 -0.025543 -0.100665 -0.151524 -0.017348 -0.204057 -0.139745 -0.051998 4.261246 -0.059687 -0.201857 -0.114721 248.651106 256.313598 287.550617 -0.081741 78.638385 -0.022409 106.347478 -0.171430 162.417751 -0.200513 35.861567 -0.078561 74.131728 -0.186495 -9999.0 -9999.0 -9999.0 -9999.0 -9999.0 -9999.0 -9999.0 -9999.0 -9999.0 -9999.0 -9999.0
-9999.0 -9999.0 -9999.0 -9999.0 -9999.0 -9999.0 -9999.0 -9999.0 -0.119284 -0.194037 3.119554 -0.108280 60.378066 -0.078511 101.945255 -0.062941 95.664532 -0.086633 -0.027566 -0.223982 51.822847 34.123407 217.594064 -0.093962 0.306103 -0.089265 216.768661 268.690927 292.959141 329.558873 67.029749 87.269764 -0.161590 73.411297 140.597293 -0.121201 112.395315 -0.124306 309.746761 382.534838 53.634886 216.864509 -0.220365 30.362856 -0.093496 63.045999 -0.079860 155.917748 93.246557 234.865293 94.135664 210.597141 156.048018 -9999.0 -9999.0 -9999.0 -9999.0 -9999.0 -9999.0 -9999.0 -9999.0 -9999.0 -9999.0 -9999.0
-9999.0 -9999.0 -9999.0 -9999.0 -9999.0 -9999.0 -9999.0 -9999.0 -9999.0 -0.096751 -0.029929 -0.122636 49.122435 -0.056540 217.057790 35.537379 99.433218 -0.123590 34.358278 -0.162883 132.303939 56.444273 161.952213 -0.120915 61.033445 -0.067814 175.230710 149.461805 230.611394 316.036268 58.695957 31.945656 -0.206330 -0.079583 -0.120020 -0.224394 -0.129034 6.753538 379.308200 310.350558 -0.070800 131.761712 -0.272622 -0.047045 -0.116384 24.537022 -0.144987 68.282895 -0.045677 37.612736 -0.147831 17.894024 66.621176 -9999.0 -9999.0 -9999.0 -9999.0 -9999.0 -9999.0 -9999.0 -9999.0 -9999.0 -9999.0 -9999.0
-9999.0 -9999.0 -9999.0 -9999.0 -9999.0 -9999.0 -9999.0 -9999.0 -9999.0 -9999.0 57.446178 -0.080566 28.239075 -0.088080 4.894952 -0.293002 -0.141781 25.067472 237.612922 50.926595 185.104126 15.641687 112.627897 11.245805 89.493595 -0.065468 74.108169 -0.019503 221.091593 126.452121 225.021381 381.420875 23.100114 137.819380 95.828841 103.649972 183.136637 413.763201 218.680057 70.829348 -0.118400 37.913573 -0.206476 71.018106 4.437658 74.304902 -0.075992 119.318668 -0.029852 121.595274 12.566901 150.738973 -9999.0 -9999.0 -9999.0 -9999.0 -9999.0 -9999.0 -9999.0 -9999.0 -9999.0 -9999.0 -9999.0 -9999.0
-9999.0 -9999.0 -9999.0 -9999.0 -9999.0 -9999.0 -9999.0 -9999.0 -9999.0 -9999.0 -9999.0 -0.174752 -0.028235 -0.123706 -0.040242 -0.219788 -0.058922 110.194351 417.234484 151.272467 159.944305 25.238372 176.691865 128.981510 190.303714 64.635483 160.509283 59.574721 359.853435 163.814164 88.741511 137.616657 128.944395 132.570231 25.001742 189.030842 148.613901 353.169151 -0.068986 -0.084438 8.852355 48.364529 -0.145722 75.409531 -0.087565 35.000935 -0.119761 32.077783 -0.138929 34.306885 4.042673 -9999.0 -9999.0 -9999.0 -9999.0 -9999.0 -9999.0 -9999.0 -9999.0 -9999.0 -9999.0 -9999.0 -9999.0 -9999.0
-9999.0 -9999.0 -9999.0 -9999.0 -9999.0 -9999.0 -9999.0 -9999.0 -9999.0 -9999.0 -9999.0 118.985467 101.053565 48.685782 137.312071 -0.113331 60.744721 -0.064351 121.149307 57.835651 -0.220920 -0.229410 48.797766 -0.029967 67.523807 -0.122165 46.763757 -0.089762 148.850422 179.401818 166.233631 94.945350 136.094742 141.247808 105.078421 185.179960 221.445792 375.310661 -0.325344 -0.082773 -0.079009 77.369947 -0.020393 116.454248 84.420420 68.691455 93.444178 228.734610 59.757431 -0.055644 -9999.0 -9999.0 -9999.0 -9999.0 -9999.0 -9999.0 -9999.0 -9999.0 -9999.0 -9999.0 -9999.0 -9999.0 -9999.0 -9999.0
-9999.0 -9999.0 -9999.0 -9999.0 -9999.0 -9999.0 -9999.0 -9999.0 -9999.0 -9999.0 -9999.0 -9999.0 99.564841 -0.070097 32.634995 -0.127854 -0.028518 -0.157633 -0.023346 -0.141363 -0.038113 -0.146611 91.497461 36.348253 120.271617 -0.028939 99.776931 -0.043534 202.238029 130.197979 304.310635 174.402043 68.839528 59.077933 49.471427 84.983063 165.578981 342.462777 -0.339902 -0.111461 -0.102271 46.488354 -0.098595 37.354925 -0.146366 64.307732 59.258758 168.320017 -0.003624 -0.175532 -9999.0 -9999.0 -9999.0 -9999.0 -9999.0 -9999.0 -9999.0 -9999.0 -9999.0 -9999.0 -9999.0 -9999.0 -9999.0 -9999.0
-9999.0 -9999.0 -9999.0 -9999.0 -9999.0 -9999.0 -9999.0 -9999.0 -9999.0 -9999.0 -9999.0 -9999.0 -9999.0 72.129941 86.685638 0.729468 65.215072 -0.071623 57.233820 8.614018 -0.048168 -0.134113 36.352069 -0.054937 84.010562 -0.072234 15.109163 -0.258559 33.685318 30.076690 20.318357 26.553993 165.861129 62.751085 90.840676 100.019478 187.841630 365.851522 -0.076500 23.678712 6.060281 151.679832 60.042169 135.877108 52.776336 134.711384 93.907906 229.484621 129.151303 77.576137 -9999.0 -9999.0 -9999.0 -9999.0 -9999.0 -9999.0 -9999.0 -9999.0 -9999.0 -9999.0 -9999.0 -9999.0 -9999.0 -9999.0
-9999.0 -9999.0 -9999.0 -9999.0 -9999.0 -9999.0 -9999.0 -9999.0 -9999.0 -9999.0 -9999.0 -9999.0 -9999.0 -9999.0 62.074190 -0.112789 65.463532 33.195554 141.306832 8.638224 -0.056389 -0.150856 31.052200 -0.142731 -0.207841 -0.274586 186.361907 -0.691968 100.456619 713.971538 311.378078 69.886031 192.510670 60.315317 81.115184 159.075116 303.370259 411.309835 231.247828 264.220229 134.511675 213.251174 91.581525 144.739845 57.929794 142.324302 63.828859 127.035300 -0.044915 -9999.0 -9999.0 -9999.0 -9999.0 -9999.0 -9999.0 -9999.0 -9999.0 -9999.0 -9999.0 -9999.0 -9999.0 -9999.0 -9999.0 -9999.0
-9999.0 -9999.0 -9999.0 -9999.0 -9999.0 -9999.0 -9999.0 -9999.0 -9999.0 -9999.0 -9999.0 -9999.0 -9999.0 -9999.0 -9999.0 1.285260 210.177068 279.525541 151.924913 72.594288 83.538954 16.809975 -0.092215 -0.582207 -0.164933 -0.473085 32.524541 -0.538649 -0.127766 -0.380026 532.873282 189.287937 207.286694 158.113056 109.073979 290.426474 136.964951 39.107998 -0.198453 286.422142 82.910762 167.468034 103.528317 160.181254 79.078105 121.564610 57.740655 198.541786 -0.043790 -9999.0 -9999.0 -9999.0 -9999.0 -9999.0 -9999.0 -9999.0 -9999.0 -9999.0 -9999.0 -9999.0 -9999.0 -9999.0 -9999.0 -9999.0
-9999.0 -9999.0 -9999.0 -9999.0 -9999.0 -9999.0 -9999.0 -9999.0 -9999.0 -9999.0 -9999.0 -9999.0 -9999.0 -9999.0 -9999.0 -9999.0 -9999.0 -0.196629 10.833644 -0.011652 53.876715 -0.168136 -0.631432 -0.570891 -0.308758 -0.503684 -0.291204 -0.825808 -0.343894 -0.675659 130.078448 159.132355 365.401659 139.143663 184.247859 706.950317 48.321851 58.528866 -0.050681 69.195946 77.500533 153.517765 158.071478 175.620840 109.551988 132.212137 -0.024467 233.665799 22.033907 -9999.0 -9999.0 -9999.0 -9999.0 -9999.0 -9999.0 -9999.0 -9999.0 -9999.0 -9999.0 -9999.0 -9999.0 -9999.0 -9999.0 -9999.0
-9999.0 -9999.0 -9999.0 -9999.0 -9999.0 -9999.0 -9999.0 -9999.0 -9999.0 -9999.0 -9999.0 -9999.0 -9999.0 -9999.0 -9999.0 -9999.0 -9999.0 6.248133 52.890842 35.025544 99.899904 -0.441408 -0.022610 -0.176665 113.287519 -0.326463 11.159620 -0.646746 -0.082765 -0.290763 557.708469 781.365032 1325.501070 590.262856 233.597976 135.364830 -0.362868 -0.196587 -0.339968 -0.338886 -0.155798 -0.159957 69.571009 93.932052 68.000827 255.498105 -0.036548 -0.099657 -0.136903 -9999.0 -9999.0 -9999.0 -9999.0 -9999.0 -9999.0 -9999.0 -9999.0 -9999.0 -9999.0 -9999.0 -9999.0 -9999.0 -9999.0 -9999.0
-9999.0 -9999.0 -9999.0 -9999.0 -9999.0 -9999.0 -9999.0 -9999.0 -9999.0 -9999.0 -9999.0 -9999.0 -9999.0 -9999.0 -9999.0 -9999.0 -9999.0 -9999.0 -0.132115 -0.101777 5.525314 -0.549983 -0.174320 -0.468003 81.569930 -0.160281 -0.342602 -0.818845 -0.171499 -0.476427 473.674195 1484.183620 2055.536379 1748.820111 235.818958 457.283095 -0.123892 120.394967 -0.100454 25.485368 113.805916 70.295937 119.466243 206.049754 84.247080 328.716422 75.782472 78.167866 -0.186528 -9999.0 -9999.0 -9999.0 -9999.0 -9999.0 -9999.0 -9999.0 -9999.0 -9999.0 -9999.0 -9999.0 -9999.0 -9999.0 -9999.0 -9999.0
-9999.0 -9999.0 -9999.0 -9999.0 -9999.0 -9999.0 -9999.0 -9999.0 -9999.0 -9999.0 -9999.0 -9999.0 -9999.0 -9999.0 -9999.0 -9999.0 -9999.0 -9999.0 132.654207 56.073272 98.390699 51.157859 244.457628 -0.177404 78.044961 -0.167942 242.315500 29.542165 555.223119 -0.162377 1412.046357 2421.009917 1495.901671 -0.236310 -1.031787 -0.215497 -0.341719 -0.070963 -0.242107 -0.206919 -0.150106 -0.192494 173.348265 216.500390 168.745002 -0.076675 -0.299738 -0.180571 -9999.0 -9999.0 -9999.0 -9999.0 -9999.0 -9999.0 -9999.0 -9999.0 -9999.0 -9999.0 -9999.0 -9999.0 -9999.0 -9999.0 -9999.0 -9999.0
-9999.0 -9999.0 -9999.0 -9999.0 -9999.0 -9999.0 -9999.0 -9999.0 -9999.0 -9999.0 -9999.0 -9999.0 -9999.0 -9999.0 -9999.0 -9999.0 -9999.0 -9999.0 -9999.0 33.619292 34.651648 -0.164056 -0.564702 -0.514280 -0.540745 -0.681241 -0.220765 -0.052939 460.027723 192.604339 2067.078704 2637.307134 71.627250 -0.514918 -0.851273 -0.372122 -0.088855 211.429680 -0.125893 -0.155708 50.209544 46.230124 289.461789 357.533515 182.891309 102.142836 -0.329773 -0.252888 -9999.0 -9999.0 -9999.0 -9999.0 -9999.0 -9999.0 -9999.0 -9999.0 -9999.0 -9999.0 -9999.0 -9999.0 -9999.0 -9999.0 -9999.0 -9999.0
-9999.0 -9999.0 -9999.0 -9999.0 -9999.0 -9999.0 -9999.0 -9999.0 -9999.0 -9999.0 -9999.0 -9999.0 -9999.0 -9999.0 -9999.0 -9999.0 -9999.0 -9999.0 -9999.0 -9999.0 56.629834 209.732211 58.437075 -0.394850 7.361988 -0.280410 55.148783 -0.371369 563.653065 1286.110747 2191.530400 694.430620 -1.318756 -0.213849 -0.908339 -0.331639 -0.850128 -0.704650 -0.298894 -0.291618 26.367663 48.420841 146.091342 126.925652 -0.047874 7.100986 -0.331613 -9999.0 -9999.0 -9999.0 -9999.0 -9999.0 -9999.0 -9999.0 -9999.0 -9999.0 -9999.0 -9999.0 -9999.0 -9999.0 -9999.0 -9999.0 -9999.0 -9999.0
-9999.0 -9999.0 -9999.0 -9999.0 -9999.0 -9999.0 -9999.0 -9999.0 -9999.0 -9999.0 -9999.0 -9999.0 -9999.0 -9999.0 -9999.0 -9999.0 -9999.0 -9999.0 -9999.0 -9999.0 -9999.0 -0.489691 -0.365598 -0.674399 -0.390496 -0.680301 139.015950 -0.387625 318.138039 1710.217311 1632.391859 554.036316 -0.775392 405.693864 -1.075461 -0.204348 -0.998041 -0.812119 -0.255583 -0.116041 119.219023 148.287861 228.721495 195.501311 63.116960 68.199661 -0.102068 -9999.0 -9999.0 -9999.0 -9999.0 -9999.0 -9999.0 -9999.0 -9999.0 -9999.0 -9999.0 -9999.0 -9999.0 -9999.0 -9999.0 -9999.0 -9999.0 -9999.0
-9999.0 -9999.0 -9999.0 -9999.0 -9999.0 -9999.0 -9999.0 -9999.0 -9999.0 -9999.0 -9999.0 -9999.0 -9999.0 -9999.0 -9999.0 -9999.0 -9999.0 -9999.0 -9999.0 -9999.0 -9999.0 553.986438 174.911218 -0.140574 14.257980 118.467830 529.148857 328.807198 1338.394933 2016.793583 717.295095 -0.342265 -0.948325 20.002234 -0.816707 -0.301365 -0.987118 -0.745439 -0.191205 11.617604 42.458722 48.139844 83.099422 34.418886 -0.078124 5.681025 -9999.0 -9999.0 -9999.0 -9999.0 -9999.0 -9999.0 -9999.0 -9999.0 -9999.0 -9999.0 -9999.0 -9999.0 -9999.0 -9999.0 -9999.0 -9999.0 -9999.0 -9999.0
-9999.0 -9999.0 -9999.0 -9999.0 -9999.0 -9999.0 -9999.0 -9999.0 -9999.0 -9999.0 -9999.0 -9999.0 -9999.0 -9999.0 -9999.0 -9999.0 -9999.0 -9999.0 -9999.0 -9999.0 -9999.0 192.081504 115.813196 -0.230667 62.863407 -0.500045 9.116480 59.114336 1258.163194 1872.794939 760.872553 -0.192342 -1.091417 -0.151990 -0.954031 -0.365578 -0.922084 -0.683155 -0.388112 -0.068180 38.485792 73.691309 152.460229 94.777017 105.363427 97.897340 -9999.0 -9999.0 -9999.0 -9999.0 -9999.0 -9999.0 -9999.0 -9999.0 -9999.0 -9999.0 -9999.0 -9999.0 -9999.0 -9999.0 -9999.0 -9999.0 -9999.0 -9999.0
-9999.0 -9999.0 -9999.0 -9999.0 -9999.0 -9999.0 -9999.0 -9999.0 -9999.0 -9999.0 -9999.0 -9999.0 -9999.0 -9999.0 -9999.0 -9999.0 -9999.0 -9999.0 -9999.0 -9999.0 -9999.0 248.564045 450.185813 180.093245 417.258203 31.726399 241.476703 342.751267 1420.935800 1678.856928 695.412973 95.389746 -0.678934 514.775568 -0.984608 769.912938 -0.327850 196.045793 -0.339655 44.648395 11.750178 2.750752 135.495407 76.150838 -0.039598 -0.194787 -9999.0 -9999.0 -9999.0 -9999.0 -9999.0 -9999.0 -9999.0 -9999.0 -9999.0 -9999.0 -9999.0 -9999.0 -9999.0 -9999.0 -9999.0 -9999.0 -9999.0 -9999.0
-9999.0 -9999.0 -9999.0 -9999.0 -9999.0 -9999.0 -9999.0 -9999.0 -9999.0 -9999.0 -9999.0 -9999.0 -9999.0 -9999.0 -9999.0 -9999.0 -9999.0 -9999.0 -9999.0 -9999.0 -9999.0 -9999.0 383.138819 220.612569 403.153521 -0.072011 209.494320 559.267125 1260.532258 1289.676048 355.702760 359.064331 -0.477639 956.239022 -0.071573 1061.624322 138.055155 292.258475 -0.424484 90.713959 70.974316 147.181521 165.024198 189.107997 28.786249 -9999.0 -9999.0 -9999.0 -9999.0 -9999.0 -9999.0 -9999.0 -9999.0 -9999.0 -9999.0 -9999.0 -9999.0 -9999.0 -9999.0 -9999.0 -9999.0 -9999.0 -9999.0 -9999.0
-9999.0 -9999.0 -9999.0 -9999.0 -9999.0 -9999.0 -9999.0 -9999.0 -9999.0 -9999.0 -9999.0 -9999.0 -9999.0 -9999.0 -9999.0 -9999.0 -9999.0 -9999.0 -9999.0 -9999.0 -9999.0 -9999.0 -9999.0 164.545970 590.065993 347.582095 506.762868 879.553102 883.453204 766.850225 442.647899 1432.584430 -0.466584 460.812322 -0.432979 931.720606 46.555156 32.312298 -0.902998 21.179799 -0.115618 -0.054058 -0.116315 9.833123 -0.124431 -9999.0 -9999.0 -9999.0 -9999.0 -9999.0 -9999.0 -9999.0 -9999.0 -9999.0 -9999.0 -9999.0 -9999.0 -9999.0 -9999.0 -9999.0 -9999.0 -9999.0 -9999.0 -9999.0
-9999.0 -9999.0 -9999.0 -9999.0 -9999.0 -9999.0 -9999.0 -9999.0 -9999.0 -9999.0 -9999.0 -9999.0 -9999.0 -9999.0 -9999.0 -9999.0 -9999.0 -9999.0 -9999.0 -9999.0 -9999.0 -9999.0 -9999.0 -9999.0 -9999.0 -9999.0 176.061612 610.330006 745.506540 737.339835 846.346690 1530.201102 -0.275538 296.380340 -0.543291 1077.821014 -0.338031 -0.090920 -0.753041 -0.071323 -0.099361 86.743615 7.692121 128.717948 -0.155648 -9999.0 -9999.0 -9999.0 -9999.0 -9999.0 -9999.0 -9999.0 -9999.0 -9999.0 -9999.0 -9999.0 -9999.0 -9999.0 -9999.0 -9999.0 -9999.0 -9999.0 -9999.0 -9999.0
-9999.0 -9999.0 -9999.0 -9999.0 -9999.0 -9999.0 -9999.0 -9999.0 -9999.0 -9999.0 -9999.0 -9999.0 -9999.0 -9999.0 -9999.0 -9999.0 -9999.0 -9999.0 -9999.0 -9999.0 -9999.0 -9999.0 -9999.0 -9999.0 -9999.0 -9999.0 -9999.0 427.295122 1017.343649 1163.728761 825.079386 1270.314188 -0.500509 357.936457 -0.808080 496.067696 -0.883961 -0.622033 -0.813297 -0.134701 -0.187062 2.922170 -0.212699 -0.534751 -9999.0 -9999.0 -9999.0 -9999.0 -9999.0 -9999.0 -9999.0 -9999.0 -9999.0 -9999.0 -9999.0 -9999.0 -9999.0 -9999.0 -9999.0 -9999.0 -9999.0 -9999.0 -9999.0 -9999.0
