geotop/1.0zi/1.0Montebello/Templates/Dripsey sc/maps/PSILIQL0000N0004.asc
ncols         69
nrows         152
xllcorner     146499.903857
yllcorner     75332.942244
cellsize      50.000000
NODATA_value  -9999.0
[rows 58 to 86 of 152, columns 0 to 64 of 69]
-9999.0 -9999.0 -9999.0 34.820724 52.103491 30.188953 33.345488 40.247383 51.244187 53.404019 54.390866 29.145069 29.270530 28.483919 39.978690 43.768026 98.894871 87.807971 94.570344 87.877320 100.399086 84.366312 77.708782 82.666836 0.829466 58.673320 45.430859 61.511050 38.038836 51.917829 27.089905 54.069232 29.541252 79.370423 81.549231 30.847335 95.243992 59.546630 60.104858 26.911692 34.314938 44.088964 136.610408 150.065928 60.436893 50.393703 42.224176 37.025841 24.575927 22.083714 26.564057 28.344098 22.626660 28.270662 28.057766 29.676150 28.965786 28.887549 30.270276 -9999.0 -9999.0 -9999.0 -9999.0 -9999.0 -9999.0
-9999.0 -9999.0 -9999.0 33.896569 42.357129 57.709215 72.854761 70.148293 138.991463 132.515610 145.044995 130.397213 125.938287 93.340855 105.496256 163.550289 238.201285 199.563450 204.847691 176.843648 156.459585 29.664846 38.825480 43.818685 118.947596 70.679692 57.810491 42.147493 48.998052 33.369272 48.821268 38.789606 26.020065 65.385574 68.957639 31.076134 40.737124 87.844690 55.977696 25.316404 37.387920 44.754453 136.020731 0.629102 106.671150 86.323607 75.896693 51.792568 40.149714 37.122570 31.227026 24.925500 25.584517 -9999.0 -9999.0 -9999.0 -9999.0 -9999.0 -9999.0 -9999.0 -9999.0 -9999.0 -9999.0 -9999.0 -9999.0
-9999.0 -9999.0 -9999.0 38.154580 63.198151 79.270950 96.707343 82.876003 40.006819 48.570471 82.310734 92.566042 104.037603 120.878483 114.035694 52.999769 28.598893 51.535706 60.314104 57.602349 59.238871 165.878423 149.118734 143.414479 225.634304 176.559295 57.399604 57.871399 37.829277 56.074319 27.126578 53.370539 27.191723 75.860175 77.334373 42.501499 43.456740 27.999468 113.892192 27.634445 47.693715 60.162416 108.262918 76.141876 56.283715 47.129216 45.995331 41.244535 35.513251 32.008599 24.080631 27.433876 31.355990 -9999.0 -9999.0 -9999.0 -9999.0 -9999.0 -9999.0 -9999.0 -9999.0 -9999.0 -9999.0 -9999.0 -9999.0
-9999.0 -9999.0 -9999.0 -9999.0 -9999.0 32.468098 40.960279 29.774534 38.399911 41.580835 43.734856 51.647436 66.632432 35.189267 54.017131 38.325484 42.262124 30.260830 40.105478 61.296577 76.902074 126.202217 114.599696 155.940099 197.494254 242.084228 78.385858 49.414243 51.236702 32.600811 28.944151 59.404606 25.475993 69.909079 69.074114 45.096767 31.079202 44.104026 34.932445 124.011071 42.370050 0.526145 77.474687 51.602484 35.977459 48.049057 40.499888 36.904796 30.549542 26.049660 21.879745 27.042135 35.758608 -9999.0 -9999.0 -9999.0 -9999.0 -9999.0 -9999.0 -9999.0 -9999.0 -9999.0 -9999.0 -9999.0 -9999.0
-9999.0 -9999.0 -9999.0 -9999.0 -9999.0 -9999.0 33.770604 28.009200 35.549650 33.710308 40.618752 34.180636 27.714972 46.634871 26.350542 27.934054 39.553385 46.439901 45.211924 84.497295 99.384157 125.512004 100.839807 43.799530 58.756632 193.460687 155.019975 110.460329 38.643580 25.426111 33.836319 65.333865 26.798101 79.618263 77.752512 54.724752 42.250366 27.635314 49.432992 147.499247 0.122360 42.433409 27.745895 25.168775 24.122983 25.777076 23.329790 31.404608 25.741568 31.173140 23.034078 34.537648 36.829494 -9999.0 -9999.0 -9999.0 -9999.0 -9999.0 -9999.0 -9999.0 -9999.0 -9999.0 -9999.0 -9999.0 -9999.0
-9999.0 -9999.0 -9999.0 -9999.0 -9999.0 -9999.0 -9999.0 31.639527 29.484148 34.625208 28.388119 46.423928 48.981209 31.760493 41.008544 41.410516 49.088107 94.471274 87.994916 36.653660 40.261989 29.897386 39.522945 55.590246 172.244551 184.257161 286.138112 141.066759 37.637313 41.636333 55.170718 32.739236 24.790782 68.075241 69.642005 57.436773 44.611120 25.105258 37.660011 0.629503 109.989992 119.897214 91.986282 98.461727 61.920598 62.374617 49.574993 50.623479 40.349469 31.611780 24.116227 55.856291 27.040936 -9999.0 -9999.0 -9999.0 -9999.0 -9999.0 -9999.0 -9999.0 -9999.0 -9999.0 -9999.0 -9999.0 -9999.0
-9999.0 -9999.0 -9999.0 -9999.0 -9999.0 -9999.0 -9999.0 -9999.0 30.637790 30.778587 36.374943 30.723325 42.777192 45.356967 54.768370 52.177729 49.284356 26.493542 27.686267 27.890180 39.268426 44.652214 50.368427 117.618855 27.172402 44.516806 63.572512 292.095276 58.838421 108.409344 39.112230 33.472342 24.975097 74.020848 77.343112 60.095053 51.600477 29.964632 57.622816 0.575225 53.691393 51.442999 39.684733 26.040314 52.110759 64.049264 53.141255 54.535820 44.448999 35.174049 26.115485 59.558397 36.224158 -9999.0 -9999.0 -9999.0 -9999.0 -9999.0 -9999.0 -9999.0 -9999.0 -9999.0 -9999.0 -9999.0 -9999.0
-9999.0 -9999.0 -9999.0 -9999.0 -9999.0 -9999.0 -9999.0 -9999.0 -9999.0 27.936390 29.617636 30.975122 42.449546 44.758723 74.370408 71.541277 78.257744 74.624557 85.079058 73.609012 88.204898 150.293629 143.876990 30.759498 36.221996 66.275149 142.909194 161.694606 355.974518 201.714996 46.805654 37.139132 24.404875 67.601982 67.429240 55.122756 50.170769 37.393409 0.278435 54.989822 41.838182 38.758810 26.493268 34.846636 30.580989 36.193534 29.852727 27.782508 39.476114 34.737702 55.676126 40.038575 26.609371 -9999.0 -9999.0 -9999.0 -9999.0 -9999.0 -9999.0 -9999.0 -9999.0 -9999.0 -9999.0 -9999.0 -9999.0
-9999.0 -9999.0 -9999.0 -9999.0 -9999.0 -9999.0 -9999.0 -9999.0 -9999.0 -9999.0 38.176203 37.045624 34.566702 35.597440 28.341180 28.193179 36.545226 42.326782 55.746460 55.398932 103.633949 51.922031 65.797987 63.494542 59.002940 76.591517 28.247947 30.682942 51.158320 355.565683 91.282418 72.887525 31.305053 79.628677 80.150275 68.023763 66.151255 0.327091 79.788560 70.470476 42.341880 38.810717 27.939219 28.906106 41.048022 28.441883 34.730461 46.490066 39.377475 65.005153 44.046352 36.556442 -9999.0 -9999.0 -9999.0 -9999.0 -9999.0 -9999.0 -9999.0 -9999.0 -9999.0 -9999.0 -9999.0 -9999.0 -9999.0
-9999.0 -9999.0 -9999.0 -9999.0 -9999.0 -9999.0 -9999.0 -9999.0 -9999.0 -9999.0 -9999.0 41.202996 42.589526 27.718621 29.149837 28.666106 36.682670 42.194967 94.056798 79.068823 42.903458 45.036989 69.481245 77.939748 87.892616 63.010971 89.939285 96.400345 194.772305 215.551256 296.113124 98.012911 46.271463 92.735846 87.111375 84.095707 0.252021 78.761987 66.579602 28.803416 43.145545 46.566616 38.098876 47.305719 35.004386 41.217591 48.233629 50.146486 59.665289 46.338977 38.268424 -9999.0 -9999.0 -9999.0 -9999.0 -9999.0 -9999.0 -9999.0 -9999.0 -9999.0 -9999.0 -9999.0 -9999.0 -9999.0 -9999.0
-9999.0 -9999.0 -9999.0 -9999.0 -9999.0 -9999.0 -9999.0 -9999.0 -9999.0 -9999.0 -9999.0 29.724890 50.871700 48.780463 39.983768 39.182947 46.267400 42.124033 36.010227 35.079440 33.333123 32.411242 26.858988 39.524392 48.588126 38.821516 39.676498 50.491246 49.171955 103.036251 272.682770 320.172041 85.466694 112.637427 99.553239 108.890851 109.530010 43.971041 25.120336 53.097648 67.061742 69.744449 58.727881 44.448342 47.391088 60.580460 28.609826 94.045875 50.481356 44.477815 -9999.0 -9999.0 -9999.0 -9999.0 -9999.0 -9999.0 -9999.0 -9999.0 -9999.0 -9999.0 -9999.0 -9999.0 -9999.0 -9999.0 -9999.0
-9999.0 -9999.0 -9999.0 -9999.0 -9999.0 -9999.0 -9999.0 -9999.0 -9999.0 -9999.0 -9999.0 -9999.0 38.610282 51.155826 52.855594 40.882375 28.303421 27.038924 29.025488 30.053870 28.905372 29.389326 35.825969 45.000861 37.136387 34.409513 50.465701 32.643501 44.708767 41.034226 119.636149 327.609258 168.759643 126.511683 111.821216 81.841978 56.380108 43.060508 25.001794 25.930560 27.194015 28.853890 45.337266 51.145221 57.017980 37.268132 95.910534 64.239490 47.940492 26.352229 -9999.0 -9999.0 -9999.0 -9999.0 -9999.0 -9999.0 -9999.0 -9999.0 -9999.0 -9999.0 -9999.0 -9999.0 -9999.0 -9999.0 -9999.0
-9999.0 -9999.0 -9999.0 -9999.0 -9999.0 -9999.0 -9999.0 -9999.0 -9999.0 -9999.0 -9999.0 -9999.0 -9999.0 44.153595 59.814112 52.484044 46.020431 35.469752 34.229382 31.380894 34.580345 39.297397 41.657160 27.456770 28.950513 47.175146 26.328793 36.100929 25.734393 38.282967 31.691375 35.240007 362.133317 127.680145 172.153052 142.161324 92.498565 65.151294 44.617594 38.207345 35.597792 87.298935 69.028609 72.315136 43.908786 110.992697 72.323320 91.216624 48.491277 33.231095 -9999.0 -9999.0 -9999.0 -9999.0 -9999.0 -9999.0 -9999.0 -9999.0 -9999.0 -9999.0 -9999.0 -9999.0 -9999.0 -9999.0 -9999.0
-9999.0 -9999.0 -9999.0 -9999.0 -9999.0 -9999.0 -9999.0 -9999.0 -9999.0 -9999.0 -9999.0 -9999.0 -9999.0 -9999.0 47.455584 54.103359 56.398151 51.259372 51.854895 29.729956 43.496152 31.875560 43.391670 48.076040 51.598936 33.441056 38.715266 28.549465 35.600292 29.822327 41.249923 49.731004 303.047387 199.219982 16.216717 0.010851 0.159830 0.101131 0.362471 0.204871 0.670866 2.828164 211.235191 222.504460 197.106367 165.791971 111.063115 47.781261 32.972243 -9999.0 -9999.0 -9999.0 -9999.0 -9999.0 -9999.0 -9999.0 -9999.0 -9999.0 -9999.0 -9999.0 -9999.0 -9999.0 -9999.0 -9999.0 -9999.0
-9999.0 -9999.0 -9999.0 -9999.0 -9999.0 -9999.0 -9999.0 -9999.0 -9999.0 -9999.0 -9999.0 -9999.0 -9999.0 -9999.0 -9999.0 59.997516 108.197354 172.655118 158.812806 56.714523 51.773994 30.087602 31.129811 33.043058 46.071486 48.911244 58.020840 51.685182 61.008391 59.149649 73.048757 75.390907 161.390092 412.367055 184.787354 90.410287 53.384066 31.633657 23.205893 57.469403 26.596122 88.029577 228.971175 160.472423 90.980348 95.257261 85.444581 62.052109 32.654098 -9999.0 -9999.0 -9999.0 -9999.0 -9999.0 -9999.0 -9999.0 -9999.0 -9999.0 -9999.0 -9999.0 -9999.0 -9999.0 -9999.0 -9999.0 -9999.0
-9999.0 -9999.0 -9999.0 -9999.0 -9999.0 -9999.0 -9999.0 -9999.0 -9999.0 -9999.0 -9999.0 -9999.0 -9999.0 -9999.0 -9999.0 -9999.0 -9999.0 28.492992 29.403701 124.414534 58.124465 52.010919 42.785611 36.152721 29.488131 28.322670 28.608405 25.136058 26.688563 28.849280 36.367340 31.720797 320.887206 51.125489 35.173908 98.272759 39.461525 38.801988 23.630875 36.030848 45.786943 41.187856 76.342247 216.209285 74.267836 44.850027 31.634556 52.570924 28.693118 -9999.0 -9999.0 -9999.0 -9999.0 -9999.0 -9999.0 -9999.0 -9999.0 -9999.0 -9999.0 -9999.0 -9999.0 -9999.0 -9999.0 -9999.0 -9999.0
-9999.0 -9999.0 -9999.0 -9999.0 -9999.0 -9999.0 -9999.0 -9999.0 -9999.0 -9999.0 -9999.0 -9999.0 -9999.0 -9999.0 -9999.0 -9999.0 -9999.0 28.237785 37.361473 36.750599 137.439981 66.765849 76.100934 29.024141 44.252124 36.305503 35.477313 32.928028 34.661071 37.776633 43.317967 55.527099 430.940720 113.236597 53.297674 44.875912 32.103209 28.715668 33.364634 25.551182 45.663314 28.452414 82.205750 225.875246 58.672554 56.539170 38.821012 38.616927 26.472539 -9999.0 -9999.0 -9999.0 -9999.0 -9999.0 -9999.0 -9999.0 -9999.0 -9999.0 -9999.0 -9999.0 -9999.0 -9999.0 -9999.0 -9999.0 -9999.0
-9999.0 -9999.0 -9999.0 -9999.0 -9999.0 -9999.0 -9999.0 -9999.0 -9999.0 -9999.0 -9999.0 -9999.0 -9999.0 -9999.0 -9999.0 -9999.0 -9999.0 -9999.0 40.426795 40.415557 48.076332 145.686695 80.472142 70.885548 37.176771 43.448238 38.689916 37.458094 40.005281 38.556747 29.507506 78.290447 301.579393 113.852050 43.266388 38.087718 33.010417 30.696637 24.256050 35.154960 47.200614 28.086927 81.356058 256.949518 29.726138 53.014779 33.111195 26.981036 27.813118 -9999.0 -9999.0 -9999.0 -9999.0 -9999.0 -9999.0 -9999.0 -9999.0 -9999.0 -9999.0 -9999.0 -9999.0 -9999.0 -9999.0 -9999.0 -9999.0
-9999.0 -9999.0 -9999.0 -9999.0 -9999.0 -9999.0 -9999.0 -9999.0 -9999.0 -9999.0 -9999.0 -9999.0 -9999.0 -9999.0 -9999.0 -9999.0 -9999.0 -9999.0 44.302631 28.381731 68.258281 155.339896 78.228244 29.437248 71.564279 39.902341 49.415367 43.950693 46.513491 49.438994 106.250027 454.304816 61.721763 40.811681 34.503679 32.529731 32.722070 30.209195 23.653083 28.521737 37.604610 39.120166 51.904685 236.047314 42.549889 36.746040 29.919603 24.667679 -9999.0 -9999.0 -9999.0 -9999.0 -9999.0 -9999.0 -9999.0 -9999.0 -9999.0 -9999.0 -9999.0 -9999.0 -9999.0 -9999.0 -9999.0 -9999.0 -9999.0
-9999.0 -9999.0 -9999.0 -9999.0 -9999.0 -9999.0 -9999.0 -9999.0 -9999.0 -9999.0 -9999.0 -9999.0 -9999.0 -9999.0 -9999.0 -9999.0 -9999.0 -9999.0 -9999.0 45.446548 36.939208 159.932195 30.814987 61.956083 34.365271 63.619605 45.548096 50.327713 49.084154 58.849301 386.868982 70.069115 35.156315 37.623658 27.702318 34.980841 29.543025 31.364432 25.110014 26.745983 35.547483 34.568552 133.532924 155.987046 35.707949 32.597079 23.498769 25.862054 -9999.0 -9999.0 -9999.0 -9999.0 -9999.0 -9999.0 -9999.0 -9999.0 -9999.0 -9999.0 -9999.0 -9999.0 -9999.0 -9999.0 -9999.0 -9999.0 -9999.0
-9999.0 -9999.0 -9999.0 -9999.0 -9999.0 -9999.0 -9999.0 -9999.0 -9999.0 -9999.0 -9999.0 -9999.0 -9999.0 -9999.0 -9999.0 -9999.0 -9999.0 -9999.0 -9999.0 -9999.0 51.262966 168.592327 40.904442 27.305262 66.007079 39.362195 71.934665 56.097024 85.463242 85.761899 325.077283 38.490340 24.182381 22.009616 32.195686 23.455134 28.481151 23.220633 24.865696 25.361719 27.269174 47.469498 113.885282 111.286344 38.061596 25.379378 24.216693 -9999.0 -9999.0 -9999.0 -9999.0 -9999.0 -9999.0 -9999.0 -9999.0 -9999.0 -9999.0 -9999.0 -9999.0 -9999.0 -9999.0 -9999.0 -9999.0 -9999.0 -9999.0
-9999.0 -9999.0 -9999.0 -9999.0 -9999.0 -9999.0 -9999.0 -9999.0 -9999.0 -9999.0 -9999.0 -9999.0 -9999.0 -9999.0 -9999.0 -9999.0 -9999.0 -9999.0 -9999.0 -9999.0 -9999.0 154.101207 43.764475 29.173004 38.620941 62.600691 45.205979 69.807658 32.189277 319.566127 60.847235 48.078544 36.661434 35.013795 24.547058 31.573096 26.137888 25.920727 33.501396 38.851687 46.902144 36.982228 115.809134 116.149703 35.023000 35.604517 31.558843 -9999.0 -9999.0 -9999.0 -9999.0 -9999.0 -9999.0 -9999.0 -9999.0 -9999.0 -9999.0 -9999.0 -9999.0 -9999.0 -9999.0 -9999.0 -9999.0 -9999.0 -9999.0
-9999.0 -9999.0 -9999.0 -9999.0 -9999.0 -9999.0 -9999.0 -9999.0 -9999.0 -9999.0 -9999.0 -9999.0 -9999.0 -9999.0 -9999.0 -9999.0 -9999.0 -9999.0 -9999.0 -9999.0 -9999.0 167.770003 53.841749 41.310238 49.851764 28.615662 79.507434 61.768428 170.763168 429.123415 68.502045 53.909533 43.828510 45.289737 38.485695 35.652265 26.348083 26.527249 32.090795 29.115439 28.270142 36.214091 90.627817 91.071265 40.151304 28.852310 -9999.0 -9999.0 -9999.0 -9999.0 -9999.0 -9999.0 -9999.0 -9999.0 -9999.0 -9999.0 -9999.0 -9999.0 -9999.0 -9999.0 -9999.0 -9999.0 -9999.0 -9999.0 -9999.0
-9999.0 -9999.0 -9999.0 -9999.0 -9999.0 -9999.0 -9999.0 -9999.0 -9999.0 -9999.0 -9999.0 -9999.0 -9999.0 -9999.0 -9999.0 -9999.0 -9999.0 -9999.0 -9999.0 -9999.0 -9999.0 159.715723 59.476051 47.773095 54.114016 27.809860 37.613938 93.791891 238.623515 342.539075 61.657764 49.714854 40.528243 40.903163 33.232115 28.861644 30.629806 33.007552 27.271634 31.528802 30.683388 61.248070 59.239228 89.073904 38.010633 40.641407 -9999.0 -9999.0 -9999.0 -9999.0 -9999.0 -9999.0 -9999.0 -9999.0 -9999.0 -9999.0 -9999.0 -9999.0 -9999.0 -9999.0 -9999.0 -9999.0 -9999.0 -9999.0 -9999.0
-9999.0 -9999.0 -9999.0 -9999.0 -9999.0 -9999.0 -9999.0 -9999.0 -9999.0 -9999.0 -9999.0 -9999.0 -9999.0 -9999.0 -9999.0 -9999.0 -9999.0 -9999.0 -9999.0 -9999.0 -9999.0 179.698028 67.505618 50.879365 71.845513 29.856482 39.042270 55.286153 532.124276 96.016928 54.302608 47.555888 37.853934 35.860643 25.162852 50.334068 42.615210 35.922718 41.954937 36.761953 32.673693 57.534746 49.010240 80.585238 31.285626 30.920140 -9999.0 -9999.0 -9999.0 -9999.0 -9999.0 -9999.0 -9999.0 -9999.0 -9999.0 -9999.0 -9999.0 -9999.0 -9999.0 -9999.0 -9999.0 -9999.0 -9999.0 -9999.0 -9999.0
-9999.0 -9999.0 -9999.0 -9999.0 -9999.0 -9999.0 -9999.0 -9999.0 -9999.0 -9999.0 -9999.0 -9999.0 -9999.0 -9999.0 -9999.0 -9999.0 -9999.0 -9999.0 -9999.0 -9999.0 -9999.0 -9999.0 158.234799 67.796112 90.430972 30.109292 41.365323 66.768740 581.304819 191.733671 126.613461 130.223472 103.706108 117.829616 109.594352 105.550984 98.592044 103.504531 80.373545 69.559983 33.552976 53.417678 41.625550 54.311537 41.415645 -9999.0 -9999.0 -9999.0 -9999.0 -9999.0 -9999.0 -9999.0 -9999.0 -9999.0 -9999.0 -9999.0 -9999.0 -9999.0 -9999.0 -9999.0 -9999.0 -9999.0 -9999.0 -9999.0 -9999.0
-9999.0 -9999.0 -9999.0 -9999.0 -9999.0 -9999.0 -9999.0 -9999.0 -9999.0 -9999.0 -9999.0 -9999.0 -9999.0 -9999.0 -9999.0 -9999.0 -9999.0 -9999.0 -9999.0 -9999.0 -9999.0 -9999.0 -9999.0 171.018599 215.117851 205.408276 235.051710 572.847458 161.679661 101.642798 82.480254 87.904342 55.368260 59.782396 54.320180 58.893164 51.385211 51.201285 42.921146 42.396194 40.115054 38.809439 28.620097 42.694838 37.969664 -9999.0 -9999.0 -9999.0 -9999.0 -9999.0 -9999.0 -9999.0 -9999.0 -9999.0 -9999.0 -9999.0 -9999.0 -9999.0 -9999.0 -9999.0 -9999.0 -9999.0 -9999.0 -9999.0 -9999.0
-9999.0 -9999.0 -9999.0 -9999.0 -9999.0 -9999.0 -9999.0 -9999.0 -9999.0 -9999.0 -9999.0 -9999.0 -9999.0 -9999.0 -9999.0 -9999.0 -9999.0 -9999.0 -9999.0 -9999.0 -9999.0 -9999.0 -9999.0 -9999.0 -9999.0 -9999.0 41.720479 464.976839 45.022178 100.523240 100.174115 96.804947 66.516033 72.259072 67.784236 68.236383 54.941840 50.098868 37.456084 35.908318 34.040959 35.685274 26.760618 38.192369 31.070905 -9999.0 -9999.0 -9999.0 -9999.0 -9999.0 -9999.0 -9999.0 -9999.0 -9999.0 -9999.0 -9999.0 -9999.0 -9999.0 -9999.0 -9999.0 -9999.0 -9999.0 -9999.0 -9999.0 -9999.0
-9999.0 -9999.0 -9999.0 -9999.0 -9999.0 -9999.0 -9999.0 -9999.0 -9999.0 -9999.0 -9999.0 -9999.0 -9999.0 -9999.0 -9999.0 -9999.0 -9999.0 -9999.0 -9999.0 -9999.0 -9999.0 -9999.0 -9999.0 -9999.0 -9999.0 -9999.0 -9999.0 40.613065 487.171801 105.701528 75.629418 73.306862 49.930380 52.298339 46.735246 33.988092 26.882481 25.470954 25.205724 27.365921 25.993787 27.428234 25.206857 24.180484 -9999.0 -9999.0 -9999.0 -9999.0 -9999.0 -9999.0 -9999.0 -9999.0 -9999.0 -9999.0 -9999.0 -9999.0 -9999.0 -9999.0 -9999.0 -9999.0 -9999.0 -9999.0 -9999.0 -9999.0 -9999.0
