geotop/1.0zi/1.0Montebello/Templates/Dripsey sc/maps/PSILIQL0004N0070.asc
ncols         69
nrows         152
xllcorner     146499.903857
yllcorner     75332.942244
cellsize      50.000000
NODATA_value  -9999.0
[rows 58 to 86 of 152, columns 0 to 63 of 69]
-9999.0 -9999.0 -9999.0 37.577949 43.347974 -0.090643 -0.049509 -0.017646 133.500353 26.766607 101.055647 -0.009095 32.471968 -0.220115 84.266134 27.583285 316.073817 30.974127 106.122317 31.724909 119.038221 -0.070434 -0.130694 174.704370 407.362783 247.680901 112.513053 184.224274 -0.066700 70.511496 -0.053268 92.004097 67.588623 64.389753 64.887436 51.377355 189.312118 86.649131 37.181553 -0.140332 -0.029903 -0.062851 297.285697 376.754347 132.766393 167.697966 88.752039 292.712699 -0.232214 -0.189533 -0.445031 -0.247872 -0.311702 -0.252471 -0.343910 -0.275777 -0.074607 -0.132179 53.222049 -9999.0 -9999.0 -9999.0 -9999.0 -9999.0
-9999.0 -9999.0 -9999.0 29.305705 51.273491 -0.102271 55.131614 46.182144 162.126160 68.050822 124.450360 28.336548 21.493348 -0.211033 172.425678 86.120694 330.599241 81.790392 139.476874 21.349532 102.626766 -0.126723 94.481403 180.280005 328.432090 176.120891 -0.223189 31.357357 -0.181961 -0.030241 -0.174147 -0.065275 -0.230090 -0.107221 -0.076169 -0.161470 -0.062075 -0.058109 -0.082928 -0.200958 -0.118423 -0.115674 251.117622 378.655826 91.673895 169.091249 108.520100 473.867487 -0.082986 -0.096046 -0.353104 -0.124673 -0.331486 -9999.0 -9999.0 -9999.0 -9999.0 -9999.0 -9999.0 -9999.0 -9999.0 -9999.0 -9999.0 -9999.0
-9999.0 -9999.0 -9999.0 17.983288 106.784073 99.428993 159.031783 97.398201 110.097647 11.358686 98.804798 21.514961 171.853047 75.255056 169.761397 -0.022533 85.462020 -0.047954 76.102592 -0.059537 164.511440 -0.020700 3.592201 93.850684 346.840403 305.535568 54.726581 169.224631 16.912341 131.735285 44.262677 109.615515 17.694783 93.332019 71.082487 28.471940 79.041395 79.098357 146.086044 71.671336 163.382059 217.669409 381.371113 281.813426 -0.086038 184.689843 37.765779 377.634555 -0.241644 -0.147200 -0.421657 -0.106827 -0.110641 -9999.0 -9999.0 -9999.0 -9999.0 -9999.0 -9999.0 -9999.0 -9999.0 -9999.0 -9999.0 -9999.0
-9999.0 -9999.0 -9999.0 -9999.0 -9999.0 -0.050716 104.574706 71.751534 108.720531 16.996775 144.835716 61.152318 219.393708 55.561039 150.549523 -0.049517 122.099863 -0.051440 88.301753 -0.057909 273.268529 241.476905 62.743294 32.319433 317.294021 266.299393 55.118761 46.965206 -0.208272 -0.085260 -0.146099 25.374705 -0.126184 -0.062038 -0.096089 -0.122669 -0.051248 -0.075471 58.323535 -0.066907 100.218844 289.040413 278.423119 252.067769 -0.105022 342.759361 20.979024 290.036939 -0.400735 -0.221430 -0.423809 -0.276883 -0.185399 -9999.0 -9999.0 -9999.0 -9999.0 -9999.0 -9999.0 -9999.0 -9999.0 -9999.0 -9999.0 -9999.0
-9999.0 -9999.0 -9999.0 -9999.0 -9999.0 -9999.0 -0.114753 -0.139724 -0.096700 -0.183992 29.117465 -0.071968 61.667953 -0.131120 -0.119735 -0.247755 62.150710 25.371234 19.938096 -0.153350 181.101496 163.289131 68.164212 -0.153876 173.270364 244.884179 278.609691 283.925974 4.052918 -0.092114 106.486792 272.803777 37.199496 69.840331 79.631514 60.323432 67.837138 28.506676 148.362493 225.631418 191.894432 378.412146 -0.163023 11.162365 -0.154172 79.732538 -0.252095 0.004049 -0.228610 32.747850 -0.302150 -0.151954 17.719764 -9999.0 -9999.0 -9999.0 -9999.0 -9999.0 -9999.0 -9999.0 -9999.0 -9999.0 -9999.0 -9999.0
-9999.0 -9999.0 -9999.0 -9999.0 -9999.0 -9999.0 -9999.0 -0.071582 -0.077562 -0.147453 61.859178 10.286531 115.689775 -0.062800 15.007905 -0.188843 149.137138 254.376144 201.860593 -0.150189 114.510457 -0.071741 188.707617 -0.079435 145.018879 159.808854 296.234519 233.102827 -0.030859 -0.106533 -0.157261 -0.022905 -0.210552 -0.145442 -0.056506 3.235725 -0.064220 -0.208126 -0.119552 256.868093 265.058152 296.058890 -0.086267 79.670221 -0.027696 107.703109 -0.177559 165.939084 -0.207856 35.454247 -0.085248 73.404494 -0.193201 -9999.0 -9999.0 -9999.0 -9999.0 -9999.0 -9999.0 -9999.0 -9999.0 -9999.0 -9999.0 -9999.0
-9999.0 -9999.0 -9999.0 -9999.0 -9999.0 -9999.0 -9999.0 -9999.0 -0.124373 -0.201044 1.041050 -0.113793 60.522131 -0.083263 103.817463 -0.067422 97.285998 -0.090718 -0.032652 -0.231724 50.694108 34.010486 224.638398 -0.098561 -0.009728 -0.094369 223.083550 278.090234 302.322966 339.351460 66.954930 86.952577 -0.167705 74.322564 143.587508 -0.125733 114.512497 -0.130156 318.964417 396.216917 54.619698 221.859916 -0.227667 29.274673 -0.098512 63.223936 -0.084494 160.852990 94.705651 241.869654 95.489525 216.791780 158.874077 -9999.0 -9999.0 -9999.0 -9999.0 -9999.0 -9999.0 -9999.0 -9999.0 -9999.0 -9999.0 -9999.0
-9999.0 -9999.0 -9999.0 -9999.0 -9999.0 -9999.0 -9999.0 -9999.0 -9999.0 -0.101714 -0.035535 -0.128429 48.746430 -0.060978 222.390698 34.827747 101.754069 -0.128950 33.733357 -0.169106 134.362070 56.938861 166.951183 -0.126000 61.331884 -0.072342 179.419482 153.827756 238.766339 326.965045 59.789696 31.004569 -0.214362 -0.084252 -0.125311 -0.232183 -0.134629 4.996993 392.718863 319.978703 -0.075246 134.202557 -0.281386 -0.051992 -0.121240 23.286432 -0.150785 69.024819 -0.049641 37.262254 -0.153874 17.618026 67.423504 -9999.0 -9999.0 -9999.0 -9999.0 -9999.0 -9999.0 -9999.0 -9999.0 -9999.0 -9999.0 -9999.0
-9999.0 -9999.0 -9999.0 -9999.0 -9999.0 -9999.0 -9999.0 -9999.0 -9999.0 -9999.0 57.683714 -0.085348 27.347657 -0.093011 3.159229 -0.301580 -0.148509 23.005559 245.181108 51.476970 190.398880 14.670237 115.284445 10.266133 91.695490 -0.069695 74.937139 -0.023732 227.904575 130.628793 232.404026 394.176553 21.508604 139.966961 96.404374 104.643818 187.696213 428.319612 225.806320 70.554655 -0.123630 37.090403 -0.213558 72.137723 2.781336 74.200323 -0.080578 121.657284 -0.034433 124.596106 10.497122 154.739199 -9999.0 -9999.0 -9999.0 -9999.0 -9999.0 -9999.0 -9999.0 -9999.0 -9999.0 -9999.0 -9999.0 -9999.0
-9999.0 -9999.0 -9999.0 -9999.0 -9999.0 -9999.0 -9999.0 -9999.0 -9999.0 -9999.0 -9999.0 -0.181322 -0.033594 -0.129410 -0.045269 -0.226772 -0.065083 111.342137 431.683092 155.904023 163.525676 23.736328 181.595939 131.785866 195.820680 65.126974 164.701332 60.096740 372.132790 169.088920 91.104333 141.787980 132.303239 136.063119 24.627429 194.696907 153.612600 364.264808 -0.074624 -0.088442 8.179423 47.152520 -0.151726 76.291974 -0.092528 34.239399 -0.125726 31.445343 -0.145217 35.152408 2.073049 -9999.0 -9999.0 -9999.0 -9999.0 -9999.0 -9999.0 -9999.0 -9999.0 -9999.0 -9999.0 -9999.0 -9999.0 -9999.0
-9999.0 -9999.0 -9999.0 -9999.0 -9999.0 -9999.0 -9999.0 -9999.0 -9999.0 -9999.0 -9999.0 121.123102 102.592167 48.579606 140.336762 -0.118629 60.800453 -0.068978 123.103047 58.198324 -0.228082 -0.237680 48.321510 -0.034732 68.365590 -0.128003 46.746574 -0.095204 152.446276 184.988959 171.434933 97.389099 139.752436 145.083551 107.517101 190.966725 229.044044 386.524689 -0.335131 -0.087164 -0.082990 78.210540 -0.025920 119.308413 85.540933 69.511858 94.514169 235.643061 59.003510 -0.059577 -9999.0 -9999.0 -9999.0 -9999.0 -9999.0 -9999.0 -9999.0 -9999.0 -9999.0 -9999.0 -9999.0 -9999.0 -9999.0 -9999.0
-9999.0 -9999.0 -9999.0 -9999.0 -9999.0 -9999.0 -9999.0 -9999.0 -9999.0 -9999.0 -9999.0 -9999.0 101.873803 -0.074735 32.047563 -0.133392 -0.033934 -0.163571 -0.029375 -0.147338 -0.042742 -0.152822 91.910809 35.852170 123.271728 -0.033852 101.482474 -0.048229 207.111713 134.138450 314.364991 179.597566 70.150826 59.656117 49.716900 86.856281 171.021167 352.340944 -0.350057 -0.116697 -0.107040 46.274617 -0.104021 36.909714 -0.152258 65.332727 60.001475 172.933915 -0.013584 -0.182360 -9999.0 -9999.0 -9999.0 -9999.0 -9999.0 -9999.0 -9999.0 -9999.0 -9999.0 -9999.0 -9999.0 -9999.0 -9999.0 -9999.0
-9999.0 -9999.0 -9999.0 -9999.0 -9999.0 -9999.0 -9999.0 -9999.0 -9999.0 -9999.0 -9999.0 -9999.0 -9999.0 72.549591 88.078701 -0.008295 65.606581 -0.076859 56.659748 7.049021 -0.052307 -0.140112 35.495676 -0.059869 84.900534 -0.077034 14.076638 -0.266869 31.923802 31.002632 20.122429 26.123326 170.480377 63.553504 92.553732 102.499651 194.311392 377.366745 -0.080877 23.507813 4.303871 155.696095 60.289399 139.241796 52.597536 138.155867 96.074493 236.765789 132.235015 77.998355 -9999.0 -9999.0 -9999.0 -9999.0 -9999.0 -9999.0 -9999.0 -9999.0 -9999.0 -9999.0 -9999.0 -9999.0 -9999.0 -9999.0
-9999.0 -9999.0 -9999.0 -9999.0 -9999.0 -9999.0 -9999.0 -9999.0 -9999.0 -9999.0 -9999.0 -9999.0 -9999.0 -9999.0 62.988955 -0.118266 65.571006 32.526700 144.805781 7.384428 -0.061111 -0.157338 30.134266 -0.147782 -0.214055 -0.283953 188.045651 -0.710341 96.840225 725.627922 322.778725 71.615720 198.409704 61.243536 82.702782 164.212395 314.114774 426.073852 237.706047 273.069549 138.339132 219.981844 93.719193 148.732283 58.619208 146.105179 64.751082 129.987338 -0.049393 -9999.0 -9999.0 -9999.0 -9999.0 -9999.0 -9999.0 -9999.0 -9999.0 -9999.0 -9999.0 -9999.0 -9999.0 -9999.0 -9999.0 -9999.0
-9999.0 -9999.0 -9999.0 -9999.0 -9999.0 -9999.0 -9999.0 -9999.0 -9999.0 -9999.0 -9999.0 -9999.0 -9999.0 -9999.0 -9999.0 -0.007499 216.669793 288.547210 156.260116 73.700621 84.281865 15.816526 -0.096109 -0.597052 -0.170391 -0.486873 32.765629 -0.551160 -0.135046 -0.388057 535.968557 195.899590 214.501062 162.777948 112.246746 301.050153 141.049046 38.177618 -0.205776 296.098600 84.958337 172.484326 106.221460 164.857945 80.627075 124.626400 58.104641 204.001593 -0.048378 -9999.0 -9999.0 -9999.0 -9999.0 -9999.0 -9999.0 -9999.0 -9999.0 -9999.0 -9999.0 -9999.0 -9999.0 -9999.0 -9999.0 -9999.0
-9999.0 -9999.0 -9999.0 -9999.0 -9999.0 -9999.0 -9999.0 -9999.0 -9999.0 -9999.0 -9999.0 -9999.0 -9999.0 -9999.0 -9999.0 -9999.0 -9999.0 -0.203449 9.179069 -0.018371 54.026232 -0.173469 -0.647398 -0.585546 -0.319714 -0.516895 -0.300639 -0.845996 -0.354009 -0.694372 131.059256 172.187455 381.524617 144.624093 191.071382 732.276164 47.045983 55.487997 -0.056600 68.502202 77.229240 156.578134 162.631367 180.906024 112.251832 135.279535 -0.029888 239.978988 20.600247 -9999.0 -9999.0 -9999.0 -9999.0 -9999.0 -9999.0 -9999.0 -9999.0 -9999.0 -9999.0 -9999.0 -9999.0 -9999.0 -9999.0 -9999.0
-9999.0 -9999.0 -9999.0 -9999.0 -9999.0 -9999.0 -9999.0 -9999.0 -9999.0 -9999.0 -9999.0 -9999.0 -9999.0 -9999.0 -9999.0 -9999.0 -9999.0 4.055793 53.262555 34.620280 101.831404 -0.452242 -0.026189 -0.185736 109.611139 -0.337462 11.003430 -0.662214 -0.086857 -0.300974 569.299716 815.199972 1375.843298 617.530917 242.250662 138.012462 -0.374453 -0.203387 -0.349550 -0.348840 -0.161910 -0.166192 70.310391 96.154904 69.307264 262.962639 -0.041122 -0.104386 -0.142962 -9999.0 -9999.0 -9999.0 -9999.0 -9999.0 -9999.0 -9999.0 -9999.0 -9999.0 -9999.0 -9999.0 -9999.0 -9999.0 -9999.0 -9999.0
-9999.0 -9999.0 -9999.0 -9999.0 -9999.0 -9999.0 -9999.0 -9999.0 -9999.0 -9999.0 -9999.0 -9999.0 -9999.0 -9999.0 -9999.0 -9999.0 -9999.0 -9999.0 -0.137420 -0.107392 3.751094 -0.565343 -0.181930 -0.481962 80.495584 -0.163815 -0.351494 -0.840128 -0.179667 -0.489810 501.443565 1536.713765 2110.335134 1786.850613 243.470390 469.661640 -0.128694 122.799399 -0.105859 24.338325 115.840406 70.982050 122.612212 212.479421 86.522677 338.331378 76.142718 78.220332 -0.192940 -9999.0 -9999.0 -9999.0 -9999.0 -9999.0 -9999.0 -9999.0 -9999.0 -9999.0 -9999.0 -9999.0 -9999.0 -9999.0 -9999.0 -9999.0
-9999.0 -9999.0 -9999.0 -9999.0 -9999.0 -9999.0 -9999.0 -9999.0 -9999.0 -9999.0 -9999.0 -9999.0 -9999.0 -9999.0 -9999.0 -9999.0 -9999.0 -9999.0 135.284761 55.723174 99.980047 50.097903 246.621169 -0.182203 81.553644 -0.172210 239.177544 28.042744 555.024965 -0.153553 1462.216446 2482.820364 1530.849716 -0.242971 -1.059294 -0.220783 -0.351102 -0.075167 -0.249571 -0.214381 -0.156006 -0.199567 177.918347 223.960172 172.713007 -0.082084 -0.309092 -0.187540 -9999.0 -9999.0 -9999.0 -9999.0 -9999.0 -9999.0 -9999.0 -9999.0 -9999.0 -9999.0 -9999.0 -9999.0 -9999.0 -9999.0 -9999.0 -9999.0
-9999.0 -9999.0 -9999.0 -9999.0 -9999.0 -9999.0 -9999.0 -9999.0 -9999.0 -9999.0 -9999.0 -9999.0 -9999.0 -9999.0 -9999.0 -9999.0 -9999.0 -9999.0 -9999.0 32.925043 34.273314 -0.168602 -0.579220 -0.527251 -0.555169 -0.698090 -0.230253 -0.057847 460.849726 231.390719 2131.201777 2690.211158 76.305606 -0.529504 -0.869978 -0.381801 -0.092644 217.053999 -0.131294 -0.161961 49.876053 46.914363 299.355014 370.134073 187.804442 103.223699 -0.339603 -0.260415 -9999.0 -9999.0 -9999.0 -9999.0 -9999.0 -9999.0 -9999.0 -9999.0 -9999.0 -9999.0 -9999.0 -9999.0 -9999.0 -9999.0 -9999.0 -9999.0
-9999.0 -9999.0 -9999.0 -9999.0 -9999.0 -9999.0 -9999.0 -9999.0 -9999.0 -9999.0 -9999.0 -9999.0 -9999.0 -9999.0 -9999.0 -9999.0 -9999.0 -9999.0 -9999.0 -9999.0 57.231957 212.669697 59.879193 -0.406284 6.116030 -0.290559 49.024709 -0.379618 582.114262 1336.048491 2248.797860 721.699630 -1.348393 -0.210871 -0.934311 -0.341608 -0.872326 -0.724013 -0.307393 -0.300583 24.441559 48.665819 150.577129 130.126421 -0.052081 4.860319 -0.341462 -9999.0 -9999.0 -9999.0 -9999.0 -9999.0 -9999.0 -9999.0 -9999.0 -9999.0 -9999.0 -9999.0 -9999.0 -9999.0 -9999.0 -9999.0 -9999.0 -9999.0
-9999.0 -9999.0 -9999.0 -9999.0 -9999.0 -9999.0 -9999.0 -9999.0 -9999.0 -9999.0 -9999.0 -9999.0 -9999.0 -9999.0 -9999.0 -9999.0 -9999.0 -9999.0 -9999.0 -9999.0 -9999.0 -0.500792 -0.376060 -0.691298 -0.403228 -0.699801 138.833719 -0.395305 347.139454 1763.018517 1677.059744 560.529893 -0.793803 402.610861 -1.101989 -0.210425 -1.022486 -0.831170 -0.263181 -0.121785 121.003532 152.387835 236.080774 201.390351 63.667782 67.962123 -0.107598 -9999.0 -9999.0 -9999.0 -9999.0 -9999.0 -9999.0 -9999.0 -9999.0 -9999.0 -9999.0 -9999.0 -9999.0 -9999.0 -9999.0 -9999.0 -9999.0 -9999.0
-9999.0 -9999.0 -9999.0 -9999.0 -9999.0 -9999.0 -9999.0 -9999.0 -9999.0 -9999.0 -9999.0 -9999.0 -9999.0 -9999.0 -9999.0 -9999.0 -9999.0 -9999.0 -9999.0 -9999.0 -9999.0 557.108429 174.751486 -0.148922 5.835903 116.405944 533.497572 336.814133 1379.580377 2071.006094 745.889238 -0.353559 -0.968415 13.489512 -0.839501 -0.310158 -1.011041 -0.763237 -0.197861 10.006893 42.186968 48.343982 84.814527 33.813552 -0.082937 4.215690 -9999.0 -9999.0 -9999.0 -9999.0 -9999.0 -9999.0 -9999.0 -9999.0 -9999.0 -9999.0 -9999.0 -9999.0 -9999.0 -9999.0 -9999.0 -9999.0 -9999.0 -9999.0
-9999.0 -9999.0 -9999.0 -9999.0 -9999.0 -9999.0 -9999.0 -9999.0 -9999.0 -9999.0 -9999.0 -9999.0 -9999.0 -9999.0 -9999.0 -9999.0 -9999.0 -9999.0 -9999.0 -9999.0 -9999.0 198.860563 121.303913 -0.239320 63.106619 -0.514147 4.689348 85.569979 1308.381901 1925.393629 779.534988 -0.204816 -1.115611 -0.158494 -0.976898 -0.374148 -0.945295 -0.701398 -0.398264 -0.072953 37.837471 74.659688 156.631239 96.750353 107.221948 99.005703 -9999.0 -9999.0 -9999.0 -9999.0 -9999.0 -9999.0 -9999.0 -9999.0 -9999.0 -9999.0 -9999.0 -9999.0 -9999.0 -9999.0 -9999.0 -9999.0 -9999.0 -9999.0
-9999.0 -9999.0 -9999.0 -9999.0 -9999.0 -9999.0 -9999.0 -9999.0 -9999.0 -9999.0 -9999.0 -9999.0 -9999.0 -9999.0 -9999.0 -9999.0 -9999.0 -9999.0 -9999.0 -9999.0 -9999.0 257.723571 459.810317 184.059057 422.877402 30.820195 249.234415 371.186275 1467.482390 1728.558545 719.217288 87.018915 -0.697282 523.103659 -1.007780 783.807948 -0.336254 191.671260 -0.350337 44.471905 10.236290 1.275099 139.029004 77.243595 -0.044510 -0.201687 -9999.0 -9999.0 -9999.0 -9999.0 -9999.0 -9999.0 -9999.0 -9999.0 -9999.0 -9999.0 -9999.0 -9999.0 -9999.0 -9999.0 -9999.0 -9999.0 -9999.0 -9999.0
-9999.0 -9999.0 -9999.0 -9999.0 -9999.0 -9999.0 -9999.0 -9999.0 -9999.0 -9999.0 -9999.0 -9999.0 -9999.0 -9999.0 -9999.0 -9999.0 -9999.0 -9999.0 -9999.0 -9999.0 -9999.0 -9999.0 395.583930 230.160234 412.379670 -0.058561 223.039539 586.027672 1302.217862 1331.935760 380.447014 361.813898 -0.486341 986.207818 -0.054207 1074.426694 144.066176 286.996534 -0.437364 92.558031 71.088506 150.022872 168.694167 194.418786 27.590986 -9999.0 -9999.0 -9999.0 -9999.0 -9999.0 -9999.0 -9999.0 -9999.0 -9999.0 -9999.0 -9999.0 -9999.0 -9999.0 -9999.0 -9999.0 -9999.0 -9999.0 -9999.0 -9999.0
-9999.0 -9999.0 -9999.0 -9999.0 -9999.0 -9999.0 -9999.0 -9999.0 -9999.0 -9999.0 -9999.0 -9999.0 -9999.0 -9999.0 -9999.0 -9999.0 -9999.0 -9999.0 -9999.0 -9999.0 -9999.0 -9999.0 -9999.0 175.071053 604.281165 361.077988 523.686823 906.835510 919.601033 802.975485 471.481477 1450.427020 -0.472581 473.759336 -0.437197 962.392636 52.744240 15.075388 -0.926300 19.534152 -0.121994 -0.058384 -0.121377 8.551360 -0.130733 -9999.0 -9999.0 -9999.0 -9999.0 -9999.0 -9999.0 -9999.0 -9999.0 -9999.0 -9999.0 -9999.0 -9999.0 -9999.0 -9999.0 -9999.0 -9999.0 -9999.0 -9999.0 -9999.0
-9999.0 -9999.0 -9999.0 -9999.0 -9999.0 -9999.0 -9999.0 -9999.0 -9999.0 -9999.0 -9999.0 -9999.0 -9999.0 -9999.0 -9999.0 -9999.0 -9999.0 -9999.0 -9999.0 -9999.0 -9999.0 -9999.0 -9999.0 -9999.0 -9999.0 -9999.0 191.340512 634.610109 779.198434 773.856834 880.167478 1556.544658 -0.274631 297.535188 -0.553987 1098.496975 -0.350540 -0.102265 -0.770711 -0.075984 -0.103461 88.975060 5.809944 128.766748 -0.161190 -9999.0 -9999.0 -9999.0 -9999.0 -9999.0 -9999.0 -9999.0 -9999.0 -9999.0 -9999.0 -9999.0 -9999.0 -9999.0 -9999.0 -9999.0 -9999.0 -9999.0 -9999.0 -9999.0
-9999.0 -9999.0 -9999.0 -9999.0 -9999.0 -9999.0 -9999.0 -9999.0 -9999.0 -9999.0 -9999.0 -9999.0 -9999.0 -9999.0 -9999.0 -9999.0 -9999.0 -9999.0 -9999.0 -9999.0 -9999.0 -9999.0 -9999.0 -9999.0 -9999.0 -9999.0 -9999.0 451.668728 1054.847029 1205.321259 857.020149 1283.275411 -0.511116 358.067303 -0.827325 505.892173 -0.906244 -0.637078 -0.832446 -0.139786 -0.193049 0.375047 -0.221179 -0.548945 -9999.0 -9999.0 -9999.0 -9999.0 -9999.0 -9999.0 -9999.0 -9999.0 -9999.0 -9999.0 -9999.0 -9999.0 -9999.0 -9999.0 -9999.0 -9999.0 -9999.0 -9999.0 -9999.0 -9999.0
