geotop/1.0zi/1.0Montebello/Templates/Dripsey sc/maps/PSILIQL0000N0014.asc
ncols         69
nrows         152
xllcorner     146499.903857
yllcorner     75332.942244
cellsize      50.000000
NODATA_value  -9999.0
[rows 58 to 86 of 152, columns 0 to 64 of 69]
-9999.0 -9999.0 -9999.0 28.484918 43.887656 24.175748 27.088873 33.325737 43.084901 44.634419 45.475264 23.272195 23.391721 22.552249 32.983334 36.368734 79.835085 70.827512 76.799620 72.735016 88.466144 78.447587 76.211273 92.002558 267.465244 48.482550 37.784039 52.915858 31.322193 43.207745 21.367899 44.716976 23.651383 73.662257 81.138669 24.833514 80.048880 49.013013 50.394804 21.168028 27.902100 36.731512 122.234206 154.423303 48.890998 42.216704 35.129931 30.409001 19.028318 16.810727 20.721796 22.311928 17.151302 22.325367 22.024106 23.582551 23.082633 22.972461 24.314283 -9999.0 -9999.0 -9999.0 -9999.0 -9999.0 -9999.0
-9999.0 -9999.0 -9999.0 27.620547 35.294388 48.037962 61.263423 59.409037 122.478166 118.793897 136.118348 128.623061 132.919374 103.914700 127.038279 166.929341 247.917599 215.385066 231.432987 208.272359 192.537659 23.727967 32.059690 38.153341 503.643665 57.277506 50.814279 34.975719 41.219971 27.045173 41.434213 31.967741 20.308265 62.698624 71.516280 24.948513 33.731312 74.670315 47.864440 19.698723 30.602208 37.272553 131.058538 0.619372 85.179263 69.761577 60.755323 43.034628 33.068698 30.326386 24.968763 19.374703 19.805960 -9999.0 -9999.0 -9999.0 -9999.0 -9999.0 -9999.0 -9999.0 -9999.0 -9999.0 -9999.0 -9999.0 -9999.0
-9999.0 -9999.0 -9999.0 31.626499 52.628587 66.155116 81.921856 69.996497 33.138243 40.660579 66.323269 74.674579 83.027749 98.072528 92.603460 44.232127 22.918980 42.871676 48.488700 47.190317 48.374461 216.800984 209.209394 226.989848 604.373413 185.657045 46.815615 47.059411 31.097072 45.933144 21.450552 44.257525 21.500627 77.149454 84.878304 35.281936 36.183087 22.263732 99.196053 21.943866 39.949564 49.352152 152.742031 62.553022 45.965195 39.344504 38.330893 33.978841 28.776202 25.558726 18.321941 21.642912 25.237646 -9999.0 -9999.0 -9999.0 -9999.0 -9999.0 -9999.0 -9999.0 -9999.0 -9999.0 -9999.0 -9999.0 -9999.0
-9999.0 -9999.0 -9999.0 -9999.0 -9999.0 26.280209 34.003167 23.875080 31.588457 34.456802 36.351634 43.135462 53.868383 28.727848 44.355472 31.475180 35.047342 24.252572 33.155103 49.009486 63.128399 105.573026 95.529662 136.245111 182.338328 576.687069 71.562270 41.409379 43.262840 26.372713 23.007993 48.429622 19.883454 74.124650 78.510657 37.594294 25.003696 36.680886 28.539389 110.704399 35.414673 0.644723 63.678545 43.134271 29.438188 40.158232 33.443469 30.187119 24.312096 20.352528 16.349425 21.165778 29.181837 -9999.0 -9999.0 -9999.0 -9999.0 -9999.0 -9999.0 -9999.0 -9999.0 -9999.0 -9999.0 -9999.0 -9999.0
-9999.0 -9999.0 -9999.0 -9999.0 -9999.0 -9999.0 27.449342 22.170052 29.029140 27.324563 33.570212 27.815522 21.986306 38.869034 20.671613 22.032432 32.562529 38.734927 37.552855 69.932223 82.939905 107.174232 88.226154 36.473283 48.371967 209.518351 571.676199 90.592137 31.860962 19.851989 27.480733 53.605615 21.144878 88.976403 92.270006 45.198614 35.100499 21.892046 41.415295 134.214007 0.093739 35.305482 21.908138 19.644627 18.634728 20.253499 17.859405 25.212258 20.059004 24.841839 17.591848 27.955107 30.172292 -9999.0 -9999.0 -9999.0 -9999.0 -9999.0 -9999.0 -9999.0 -9999.0 -9999.0 -9999.0 -9999.0 -9999.0
-9999.0 -9999.0 -9999.0 -9999.0 -9999.0 -9999.0 -9999.0 25.506883 23.539491 28.151535 22.616404 38.782365 41.085511 25.620476 33.964299 34.288738 41.136020 77.480019 72.930181 29.976015 33.261206 23.912427 32.670514 45.449629 157.000277 190.997899 604.660862 135.831077 30.977955 34.496813 46.368035 26.510230 19.207078 78.142876 84.671981 47.402100 37.196020 19.484012 30.898863 0.611772 91.769550 99.521070 75.137517 79.851795 49.308707 48.853033 41.162829 42.159709 33.141155 25.375987 18.697439 45.550521 21.254342 -9999.0 -9999.0 -9999.0 -9999.0 -9999.0 -9999.0 -9999.0 -9999.0 -9999.0 -9999.0 -9999.0 -9999.0
-9999.0 -9999.0 -9999.0 -9999.0 -9999.0 -9999.0 -9999.0 -9999.0 24.563305 24.646235 29.736079 24.651622 35.546798 37.836932 45.209172 43.922103 41.762148 20.814759 21.916734 21.997230 32.309211 37.146878 42.124783 105.140384 21.542256 37.148609 64.112830 651.189557 91.075003 95.304096 32.956900 27.113494 19.410412 87.738739 96.907619 49.926644 43.125276 23.961907 47.201324 0.515690 44.536907 43.009613 32.696952 20.440345 43.638882 50.903315 43.933321 44.816203 37.012314 28.776276 20.546958 48.833587 29.630684 -9999.0 -9999.0 -9999.0 -9999.0 -9999.0 -9999.0 -9999.0 -9999.0 -9999.0 -9999.0 -9999.0 -9999.0
-9999.0 -9999.0 -9999.0 -9999.0 -9999.0 -9999.0 -9999.0 -9999.0 -9999.0 22.128836 23.676365 24.871911 35.248627 37.295130 60.512889 58.522370 63.982399 60.528991 70.458746 62.367418 79.005247 130.628710 127.431024 24.686456 29.659777 54.983087 118.780424 169.876665 845.444534 544.767395 41.429928 30.506744 18.913218 81.686069 85.623219 46.841232 42.211719 30.706076 0.230928 45.180233 34.608432 31.839712 20.685039 28.372807 24.516642 29.587360 23.835003 22.048201 32.706408 28.346143 46.606903 33.082373 20.983489 -9999.0 -9999.0 -9999.0 -9999.0 -9999.0 -9999.0 -9999.0 -9999.0 -9999.0 -9999.0 -9999.0 -9999.0
-9999.0 -9999.0 -9999.0 -9999.0 -9999.0 -9999.0 -9999.0 -9999.0 -9999.0 -9999.0 31.385203 30.360016 28.244791 29.140634 22.513065 22.192698 29.759523 34.992712 45.645354 45.733810 84.194463 43.353450 53.176981 51.618432 48.390315 61.003054 22.560693 24.734129 70.706156 943.225052 609.610124 113.884373 25.285524 99.558802 104.606565 57.785905 53.957960 0.279617 64.959959 56.258721 35.041516 31.893227 22.053428 23.069401 33.967186 22.666149 28.300986 38.893044 32.549684 52.541368 36.608645 30.010301 -9999.0 -9999.0 -9999.0 -9999.0 -9999.0 -9999.0 -9999.0 -9999.0 -9999.0 -9999.0 -9999.0 -9999.0 -9999.0
-9999.0 -9999.0 -9999.0 -9999.0 -9999.0 -9999.0 -9999.0 -9999.0 -9999.0 -9999.0 -9999.0 34.072586 35.341606 21.913902 23.244380 22.703213 29.968629 34.951558 75.759695 63.543186 35.719373 37.462307 56.182472 63.467330 71.026616 51.335518 74.320066 79.488866 199.928957 483.801264 976.459077 711.783110 47.467796 131.907790 118.312071 74.817180 0.214164 68.037613 54.346685 22.919036 35.768119 38.912560 31.313477 39.551176 28.559493 34.159520 40.277965 42.004774 48.318792 38.581193 31.572671 -9999.0 -9999.0 -9999.0 -9999.0 -9999.0 -9999.0 -9999.0 -9999.0 -9999.0 -9999.0 -9999.0 -9999.0 -9999.0 -9999.0
-9999.0 -9999.0 -9999.0 -9999.0 -9999.0 -9999.0 -9999.0 -9999.0 -9999.0 -9999.0 -9999.0 23.860630 42.455417 40.826255 33.026157 32.260808 38.622878 34.833267 29.413513 28.627548 26.935935 26.136676 21.214546 32.602588 40.882346 31.986627 32.778247 42.644262 41.461890 123.800604 822.321421 1113.188926 700.170556 455.712713 168.447099 127.402181 125.711192 37.069499 19.401063 44.820634 54.789991 56.934771 47.510470 37.082141 39.640620 48.090517 22.830717 76.149216 42.052776 37.009164 -9999.0 -9999.0 -9999.0 -9999.0 -9999.0 -9999.0 -9999.0 -9999.0 -9999.0 -9999.0 -9999.0 -9999.0 -9999.0 -9999.0 -9999.0
-9999.0 -9999.0 -9999.0 -9999.0 -9999.0 -9999.0 -9999.0 -9999.0 -9999.0 -9999.0 -9999.0 -9999.0 31.885272 42.643739 43.745290 33.810928 22.482254 21.276313 23.144637 24.020440 23.025006 23.411517 29.281078 37.636931 30.486423 28.031894 42.436760 26.390639 37.316577 35.943215 555.437333 1067.537847 908.087447 478.959660 290.096940 247.760235 54.452780 35.757085 19.276994 20.283760 21.444201 23.017881 37.790385 42.614997 46.385199 30.647765 77.955765 51.155168 40.026575 20.645404 -9999.0 -9999.0 -9999.0 -9999.0 -9999.0 -9999.0 -9999.0 -9999.0 -9999.0 -9999.0 -9999.0 -9999.0 -9999.0 -9999.0 -9999.0
-9999.0 -9999.0 -9999.0 -9999.0 -9999.0 -9999.0 -9999.0 -9999.0 -9999.0 -9999.0 -9999.0 -9999.0 -9999.0 36.863912 47.931753 43.622694 38.295915 28.940359 27.945687 25.295294 28.223276 32.468978 34.626895 21.707603 23.121510 39.648897 20.675871 29.538979 20.173892 32.162205 27.224396 55.257168 1216.840558 786.976431 692.906680 403.006395 93.226169 52.873225 37.096870 31.383327 29.104518 70.440459 55.053661 58.005107 36.564580 89.272605 58.639731 73.308201 40.677451 27.043153 -9999.0 -9999.0 -9999.0 -9999.0 -9999.0 -9999.0 -9999.0 -9999.0 -9999.0 -9999.0 -9999.0 -9999.0 -9999.0 -9999.0 -9999.0
-9999.0 -9999.0 -9999.0 -9999.0 -9999.0 -9999.0 -9999.0 -9999.0 -9999.0 -9999.0 -9999.0 -9999.0 -9999.0 -9999.0 39.726280 45.027080 45.914859 42.627436 43.369538 23.784295 36.194745 25.682203 36.101296 40.307274 43.193113 27.150890 31.941032 22.529733 29.005458 23.864692 34.238057 53.584421 1219.012934 1022.352670 647.685949 0.004231 0.113876 0.065083 0.286797 0.147265 0.575654 2.705179 178.957213 184.222515 160.358869 134.583396 89.213231 40.085183 26.736180 -9999.0 -9999.0 -9999.0 -9999.0 -9999.0 -9999.0 -9999.0 -9999.0 -9999.0 -9999.0 -9999.0 -9999.0 -9999.0 -9999.0 -9999.0 -9999.0
-9999.0 -9999.0 -9999.0 -9999.0 -9999.0 -9999.0 -9999.0 -9999.0 -9999.0 -9999.0 -9999.0 -9999.0 -9999.0 -9999.0 -9999.0 48.355664 89.391989 144.987514 132.882034 46.609261 43.291676 24.116495 25.056832 26.727528 38.534454 41.098069 47.790925 44.195674 51.013570 50.522639 64.397358 85.057628 1102.797968 1393.717174 693.446469 119.860287 44.205373 25.521348 17.771283 46.040036 20.977310 69.890072 208.289023 135.132441 73.062850 76.757184 70.029958 51.021104 26.439691 -9999.0 -9999.0 -9999.0 -9999.0 -9999.0 -9999.0 -9999.0 -9999.0 -9999.0 -9999.0 -9999.0 -9999.0 -9999.0 -9999.0 -9999.0 -9999.0
-9999.0 -9999.0 -9999.0 -9999.0 -9999.0 -9999.0 -9999.0 -9999.0 -9999.0 -9999.0 -9999.0 -9999.0 -9999.0 -9999.0 -9999.0 -9999.0 -9999.0 22.564201 23.510495 103.879749 47.527400 43.632793 35.479017 29.542269 23.555001 22.419786 22.747146 19.386623 21.027606 22.880620 30.227735 30.840422 1298.903841 785.858651 35.444273 91.246537 32.552714 31.780035 18.260566 29.315667 37.851823 34.083535 60.109592 196.289020 60.841441 37.448315 25.510745 43.661302 22.856619 -9999.0 -9999.0 -9999.0 -9999.0 -9999.0 -9999.0 -9999.0 -9999.0 -9999.0 -9999.0 -9999.0 -9999.0 -9999.0 -9999.0 -9999.0 -9999.0
-9999.0 -9999.0 -9999.0 -9999.0 -9999.0 -9999.0 -9999.0 -9999.0 -9999.0 -9999.0 -9999.0 -9999.0 -9999.0 -9999.0 -9999.0 -9999.0 -9999.0 22.438132 30.603314 30.147262 116.031449 54.318017 61.586296 23.156859 36.869138 29.694382 28.897173 26.584497 28.085438 31.019524 38.465618 238.067625 1488.588296 953.725798 47.147956 37.402202 25.874264 22.785452 26.974645 19.760336 37.894931 22.553930 65.703702 203.165157 47.711314 46.322922 32.011969 31.675891 20.783058 -9999.0 -9999.0 -9999.0 -9999.0 -9999.0 -9999.0 -9999.0 -9999.0 -9999.0 -9999.0 -9999.0 -9999.0 -9999.0 -9999.0 -9999.0 -9999.0
-9999.0 -9999.0 -9999.0 -9999.0 -9999.0 -9999.0 -9999.0 -9999.0 -9999.0 -9999.0 -9999.0 -9999.0 -9999.0 -9999.0 -9999.0 -9999.0 -9999.0 -9999.0 33.374196 33.346972 40.309952 127.909510 66.189631 57.353833 30.540910 36.133046 31.822362 30.656131 32.979984 32.139677 28.056972 710.629757 1268.789992 129.853911 35.831357 31.245161 26.730584 24.582985 18.785734 28.613487 39.399781 22.326709 65.416994 227.206185 23.874693 43.766657 26.811956 21.353508 21.950704 -9999.0 -9999.0 -9999.0 -9999.0 -9999.0 -9999.0 -9999.0 -9999.0 -9999.0 -9999.0 -9999.0 -9999.0 -9999.0 -9999.0 -9999.0 -9999.0
-9999.0 -9999.0 -9999.0 -9999.0 -9999.0 -9999.0 -9999.0 -9999.0 -9999.0 -9999.0 -9999.0 -9999.0 -9999.0 -9999.0 -9999.0 -9999.0 -9999.0 -9999.0 36.871530 22.597107 55.162543 147.279848 65.050155 23.522054 57.504380 32.983544 41.373115 36.503676 38.768914 42.444445 407.429181 1504.599448 63.803274 33.786641 27.827654 26.150435 26.401117 24.159343 18.153252 22.588647 30.777814 32.110096 43.414230 204.505757 35.269101 29.899992 23.759115 19.126032 -9999.0 -9999.0 -9999.0 -9999.0 -9999.0 -9999.0 -9999.0 -9999.0 -9999.0 -9999.0 -9999.0 -9999.0 -9999.0 -9999.0 -9999.0 -9999.0 -9999.0
-9999.0 -9999.0 -9999.0 -9999.0 -9999.0 -9999.0 -9999.0 -9999.0 -9999.0 -9999.0 -9999.0 -9999.0 -9999.0 -9999.0 -9999.0 -9999.0 -9999.0 -9999.0 -9999.0 37.782969 30.416689 156.089445 24.685675 51.818874 27.925015 50.905056 37.973811 42.124711 41.426023 56.841141 1362.796413 713.023041 29.699489 30.697173 21.792220 28.233798 23.391046 25.157313 19.552489 21.019880 28.898429 28.180056 111.404216 133.156271 29.231255 26.250907 17.931780 20.120501 -9999.0 -9999.0 -9999.0 -9999.0 -9999.0 -9999.0 -9999.0 -9999.0 -9999.0 -9999.0 -9999.0 -9999.0 -9999.0 -9999.0 -9999.0 -9999.0 -9999.0
-9999.0 -9999.0 -9999.0 -9999.0 -9999.0 -9999.0 -9999.0 -9999.0 -9999.0 -9999.0 -9999.0 -9999.0 -9999.0 -9999.0 -9999.0 -9999.0 -9999.0 -9999.0 -9999.0 -9999.0 42.718646 173.313132 33.846935 21.545194 57.043572 32.437936 58.772587 45.741371 78.874957 199.600932 1227.821505 34.738765 18.372059 16.677931 25.787494 18.052262 22.317867 17.615922 19.197236 19.652560 21.588814 39.951740 94.674702 92.595598 31.318523 19.865124 18.573741 -9999.0 -9999.0 -9999.0 -9999.0 -9999.0 -9999.0 -9999.0 -9999.0 -9999.0 -9999.0 -9999.0 -9999.0 -9999.0 -9999.0 -9999.0 -9999.0 -9999.0 -9999.0
-9999.0 -9999.0 -9999.0 -9999.0 -9999.0 -9999.0 -9999.0 -9999.0 -9999.0 -9999.0 -9999.0 -9999.0 -9999.0 -9999.0 -9999.0 -9999.0 -9999.0 -9999.0 -9999.0 -9999.0 -9999.0 160.346922 36.408064 23.149070 31.723287 55.904532 37.675264 58.907586 26.852181 1166.376221 70.280659 40.188281 29.869583 28.398514 18.762576 25.248000 20.237500 20.056455 27.108237 31.987190 39.265833 30.364458 96.567184 95.356935 28.566090 29.118838 25.427126 -9999.0 -9999.0 -9999.0 -9999.0 -9999.0 -9999.0 -9999.0 -9999.0 -9999.0 -9999.0 -9999.0 -9999.0 -9999.0 -9999.0 -9999.0 -9999.0 -9999.0 -9999.0
-9999.0 -9999.0 -9999.0 -9999.0 -9999.0 -9999.0 -9999.0 -9999.0 -9999.0 -9999.0 -9999.0 -9999.0 -9999.0 -9999.0 -9999.0 -9999.0 -9999.0 -9999.0 -9999.0 -9999.0 -9999.0 185.200350 44.624911 34.138234 41.779185 22.852305 75.447833 50.857495 277.388825 1397.798321 65.225532 43.964307 36.098249 37.476842 31.429576 28.871439 20.399266 20.646589 25.958034 23.224098 22.480207 29.653211 75.468068 73.344333 33.155788 22.985960 -9999.0 -9999.0 -9999.0 -9999.0 -9999.0 -9999.0 -9999.0 -9999.0 -9999.0 -9999.0 -9999.0 -9999.0 -9999.0 -9999.0 -9999.0 -9999.0 -9999.0 -9999.0 -9999.0
-9999.0 -9999.0 -9999.0 -9999.0 -9999.0 -9999.0 -9999.0 -9999.0 -9999.0 -9999.0 -9999.0 -9999.0 -9999.0 -9999.0 -9999.0 -9999.0 -9999.0 -9999.0 -9999.0 -9999.0 -9999.0 187.013906 48.715576 39.918399 44.525665 21.964998 31.478522 109.890063 864.712261 1287.966995 56.593173 41.347944 33.259132 33.685863 26.767856 22.955513 24.305326 26.704492 21.492789 25.407253 24.678042 49.895998 48.130784 72.004648 31.281097 33.614926 -9999.0 -9999.0 -9999.0 -9999.0 -9999.0 -9999.0 -9999.0 -9999.0 -9999.0 -9999.0 -9999.0 -9999.0 -9999.0 -9999.0 -9999.0 -9999.0 -9999.0 -9999.0 -9999.0
-9999.0 -9999.0 -9999.0 -9999.0 -9999.0 -9999.0 -9999.0 -9999.0 -9999.0 -9999.0 -9999.0 -9999.0 -9999.0 -9999.0 -9999.0 -9999.0 -9999.0 -9999.0 -9999.0 -9999.0 -9999.0 227.862695 56.185376 42.475378 58.224686 23.970336 34.981300 208.492368 1560.707520 803.684095 47.529275 39.704313 31.001771 29.198508 19.341331 42.014261 35.356918 29.373540 34.886719 30.324213 26.477342 47.007314 41.138276 65.034071 25.195072 24.772699 -9999.0 -9999.0 -9999.0 -9999.0 -9999.0 -9999.0 -9999.0 -9999.0 -9999.0 -9999.0 -9999.0 -9999.0 -9999.0 -9999.0 -9999.0 -9999.0 -9999.0 -9999.0 -9999.0
-9999.0 -9999.0 -9999.0 -9999.0 -9999.0 -9999.0 -9999.0 -9999.0 -9999.0 -9999.0 -9999.0 -9999.0 -9999.0 -9999.0 -9999.0 -9999.0 -9999.0 -9999.0 -9999.0 -9999.0 -9999.0 -9999.0 219.085797 58.915401 77.520559 26.201813 47.772467 663.874052 1564.856439 608.491057 111.407650 106.225570 83.263806 94.608572 87.013328 83.676086 78.966817 83.870761 65.075422 56.189958 27.321696 44.345925 34.518705 44.515986 34.269767 -9999.0 -9999.0 -9999.0 -9999.0 -9999.0 -9999.0 -9999.0 -9999.0 -9999.0 -9999.0 -9999.0 -9999.0 -9999.0 -9999.0 -9999.0 -9999.0 -9999.0 -9999.0 -9999.0 -9999.0
-9999.0 -9999.0 -9999.0 -9999.0 -9999.0 -9999.0 -9999.0 -9999.0 -9999.0 -9999.0 -9999.0 -9999.0 -9999.0 -9999.0 -9999.0 -9999.0 -9999.0 -9999.0 -9999.0 -9999.0 -9999.0 -9999.0 -9999.0 266.922788 342.890043 353.406920 751.674028 1515.781648 994.235706 133.094742 71.331745 74.306992 46.229131 48.371632 44.884383 47.092209 42.652916 42.610901 35.510780 35.185751 33.133348 31.945541 22.729197 35.168419 31.158746 -9999.0 -9999.0 -9999.0 -9999.0 -9999.0 -9999.0 -9999.0 -9999.0 -9999.0 -9999.0 -9999.0 -9999.0 -9999.0 -9999.0 -9999.0 -9999.0 -9999.0 -9999.0 -9999.0 -9999.0
-9999.0 -9999.0 -9999.0 -9999.0 -9999.0 -9999.0 -9999.0 -9999.0 -9999.0 -9999.0 -9999.0 -9999.0 -9999.0 -9999.0 -9999.0 -9999.0 -9999.0 -9999.0 -9999.0 -9999.0 -9999.0 -9999.0 -9999.0 -9999.0 -9999.0 -9999.0 422.711504 1355.930832 452.663771 114.605319 81.268896 77.558731 52.863358 58.196295 54.517919 55.195462 45.013104 41.902458 30.674247 29.277825 27.656807 29.134464 21.098079 31.049704 24.931073 -9999.0 -9999.0 -9999.0 -9999.0 -9999.0 -9999.0 -9999.0 -9999.0 -9999.0 -9999.0 -9999.0 -9999.0 -9999.0 -9999.0 -9999.0 -9999.0 -9999.0 -9999.0 -9999.0 -9999.0
-9999.0 -9999.0 -9999.0 -9999.0 -9999.0 -9999.0 -9999.0 -9999.0 -9999.0 -9999.0 -9999.0 -9999.0 -9999.0 -9999.0 -9999.0 -9999.0 -9999.0 -9999.0 -9999.0 -9999.0 -9999.0 -9999.0 -9999.0 -9999.0 -9999.0 -9999.0 -9999.0 435.734356 1380.490530 233.479336 61.407146 57.956949 41.790117 43.416769 39.072010 27.558086 21.024263 19.815739 19.486347 21.623406 20.298127 21.704305 19.634515 18.224765 -9999.0 -9999.0 -9999.0 -9999.0 -9999.0 -9999.0 -9999.0 -9999.0 -9999.0 -9999.0 -9999.0 -9999.0 -9999.0 -9999.0 -9999.0 -9999.0 -9999.0 -9999.0 -9999.0 -9999.0 -9999.0
