geotop/1.0zi/1.0Montebello/Templates/Dripsey sc/maps/PSILIQL0001N0008.asc
ncols         69
nrows         152
xllcorner     146499.903857
yllcorner     75332.942244
cellsize      50.000000
NODATA_value  -9999.0
[rows 29 to 57 of 152, columns 0 to 63 of 69]
-9999.0 -9999.0 -9999.0 -9999.0 -9999.0 -9999.0 -9999.0 -9999.0 -9999.0 -9999.0 -9999.0 -9999.0 120.227995 81.078228 90.371397 106.781927 116.317895 130.347602 173.787726 81.613730 121.690136 234.343282 148.072189 351.970274 319.219471 152.064022 95.462853 89.732805 86.739562 87.261226 79.257142 94.041240 96.537732 101.898265 117.406933 160.110159 105.754692 91.836886 99.322975 88.477972 106.118912 103.680959 148.290180 106.058362 120.806752 256.697312 98.387163 99.418063 293.006624 170.768119 84.024015 85.033443 208.218714 224.699330 113.991516 101.531787 126.932525 118.492079 114.291928 114.072610 103.041932 -9999.0 -9999.0 -9999.0
-9999.0 -9999.0 -9999.0 -9999.0 -9999.0 -9999.0 -9999.0 -9999.0 -9999.0 -9999.0 -9999.0 -9999.0 143.187477 83.504348 95.162916 107.967199 155.546834 141.577571 157.994763 177.529571 98.270414 360.055516 717.230656 447.891708 102.104316 80.273400 93.275801 78.957640 76.898538 78.973661 78.938996 82.808190 85.374147 86.163934 105.208535 145.074764 92.145954 85.628903 90.326658 97.935928 117.115910 124.070809 155.401736 156.597416 127.740352 128.491931 250.716526 106.443799 296.783932 196.607420 96.505052 97.314575 231.460857 233.633868 106.214010 225.216637 196.745342 161.526952 138.912786 144.714859 141.480924 88.138456 -9999.0 -9999.0
-9999.0 -9999.0 -9999.0 -9999.0 -9999.0 -9999.0 -9999.0 -9999.0 -9999.0 -9999.0 -9999.0 85.353825 140.392475 87.874562 95.870069 108.800845 131.670267 187.398374 151.730276 150.820430 201.175576 704.062020 102.181546 85.386416 79.585255 92.278415 84.770295 91.064383 83.558005 83.061376 81.031653 81.400632 86.017467 84.412298 88.768156 115.649173 95.585304 90.382650 102.743796 107.611582 110.143220 81.935664 83.825687 150.081931 184.550042 119.649758 122.704340 217.924790 82.858223 304.182839 107.053087 105.248380 328.566402 114.992984 201.058391 115.209120 112.793817 107.646775 93.297428 86.522025 83.376930 127.630803 123.728798 -9999.0
-9999.0 -9999.0 -9999.0 -9999.0 -9999.0 -9999.0 -9999.0 -9999.0 -9999.0 -9999.0 -9999.0 101.821760 139.147724 103.452134 86.259067 114.732967 131.561423 134.836409 220.569089 144.565975 174.456930 730.848708 149.097398 140.548380 126.609335 132.388241 114.656388 111.131343 96.419028 94.471495 94.036633 94.250353 85.869945 95.013059 91.717380 92.404346 92.744332 89.494041 100.131841 104.813337 111.834284 114.474969 94.343819 92.675043 242.752503 81.823983 123.076561 129.124472 253.406311 94.025831 363.352388 135.904630 399.531040 231.840580 174.812934 180.817041 160.060719 167.321215 146.719520 155.729862 128.279805 133.376273 118.121178 99.760855
-9999.0 -9999.0 -9999.0 -9999.0 -9999.0 -9999.0 -9999.0 -9999.0 -9999.0 -9999.0 78.105443 149.502239 82.422754 108.221678 87.778691 92.150200 81.868054 80.476372 82.356632 190.913227 163.627022 733.526161 82.981868 88.792699 81.875940 81.214481 80.027767 81.164329 95.727105 99.593265 101.424567 106.677719 89.858293 104.032614 91.805193 87.741625 97.849989 93.458914 82.843685 84.283467 99.506049 125.725448 122.824045 95.667364 241.071091 83.614329 93.555634 140.749236 137.661918 246.238817 116.785469 440.791647 480.802371 199.148223 147.322669 171.679863 158.989816 164.663973 141.949920 147.775017 138.991533 118.439277 101.921832 100.977877
-9999.0 -9999.0 -9999.0 -9999.0 -9999.0 -9999.0 -9999.0 -9999.0 -9999.0 88.236236 137.694363 89.317283 80.964612 118.127953 96.857971 86.810239 99.308419 90.315930 92.617935 97.651424 254.646202 857.894044 156.447042 103.916246 92.811186 91.261346 90.005537 106.285642 103.340585 108.563190 81.582328 108.742879 110.445037 126.531364 109.449319 87.474311 96.519126 102.169913 102.900220 95.717900 110.305142 112.309758 187.680743 185.063345 238.075383 91.241828 108.442860 156.360915 83.816424 159.890411 395.392227 460.481868 622.370516 279.393315 129.387048 130.858065 117.583909 115.354428 99.816962 97.127847 86.045746 97.111373 88.716221 88.347283
-9999.0 -9999.0 -9999.0 -9999.0 -9999.0 -9999.0 -9999.0 -9999.0 105.398090 163.037103 96.205300 89.732763 80.545871 113.089109 99.467939 92.624724 82.961415 99.914683 103.408244 104.869189 84.377777 729.978823 82.827722 79.990982 93.526510 96.294050 108.256742 113.808943 108.819387 91.913845 103.694515 83.321385 116.148261 130.298932 114.822143 88.178451 99.547269 99.409432 109.167158 103.981504 81.893228 80.582159 81.268097 79.405567 193.268053 223.619919 139.160924 169.792744 86.383119 98.819397 399.823789 56.150930 233.875520 233.494937 180.291647 191.452016 182.661549 164.587480 144.907752 157.586553 109.040565 106.591491 89.167451 88.766144
-9999.0 -9999.0 -9999.0 -9999.0 -9999.0 -9999.0 -9999.0 83.426119 105.344298 180.749636 103.731369 95.654690 85.169675 113.352082 103.951773 106.682004 96.257019 81.812683 142.866832 124.122045 81.918917 196.868783 91.134135 105.668740 101.057937 221.800339 226.705837 220.149383 164.318099 159.109171 99.215660 85.752038 121.638165 153.225158 136.180339 96.725510 107.033754 84.304895 114.783256 129.409422 174.640329 180.270715 196.627874 186.735716 194.682762 210.230630 304.907229 170.210909 102.352071 119.880519 397.347636 50.925024 144.488875 119.857525 96.158115 93.854768 83.572135 97.241044 92.100375 86.923071 113.449401 125.231010 104.622347 102.686340
-9999.0 -9999.0 -9999.0 -9999.0 -9999.0 -9999.0 108.079192 148.825450 143.665850 169.129486 109.338636 113.017936 116.358889 105.027548 76.052068 106.509964 99.819299 83.384061 97.548257 155.633712 83.927721 50.765944 105.460501 107.972912 207.473708 80.142059 94.397704 100.418074 84.983958 85.198893 93.542320 127.551364 89.469654 153.098052 139.175857 88.144848 112.852710 109.207314 94.220682 130.995895 146.252896 141.011258 134.782484 82.568028 99.186568 259.344735 331.439042 293.180147 235.153326 430.123001 50.682202 280.735718 220.531146 201.093206 116.482330 118.292876 111.070761 107.777494 92.828071 87.330631 84.977549 87.275487 107.634784 113.872370
-9999.0 -9999.0 -9999.0 -9999.0 -9999.0 79.018747 114.257045 121.633018 167.731930 243.545230 551.429719 608.795204 151.919679 128.344442 76.511633 114.060024 112.942674 95.726590 109.646823 82.112005 210.097821 150.153254 115.328702 219.450211 181.830444 208.700344 168.451139 188.503214 180.616171 189.576790 152.638639 88.336772 109.556287 179.928236 165.272366 97.301408 118.356175 84.836571 124.902111 100.701836 83.509578 83.778366 95.604555 160.800697 199.738582 210.674510 198.621153 320.283817 448.410499 51.499959 190.231491 108.175585 85.203828 80.429956 119.374016 115.557659 101.940027 98.213070 84.056507 169.275338 188.760224 185.571708 138.542382 102.475255
-9999.0 -9999.0 -9999.0 -9999.0 -9999.0 100.220261 112.371048 98.775346 120.362681 116.206154 185.322081 279.277696 589.592822 179.007008 80.875763 118.436103 113.345904 93.862094 100.526270 80.617469 206.424099 131.357022 216.607095 213.808465 118.468800 111.289495 97.320161 98.084205 87.179657 86.411967 94.745003 91.027352 118.444341 178.164525 163.895659 88.640659 113.918524 118.741637 93.664290 119.740933 104.801963 88.074543 80.669592 82.887546 102.901041 112.790407 114.901593 193.272395 52.157317 113.046043 96.131532 155.714762 140.265602 114.588635 98.894144 100.502738 94.473673 88.017257 157.299644 80.787343 81.163726 86.022918 107.435059 107.613425
-9999.0 -9999.0 -9999.0 -9999.0 95.848664 97.547676 95.103272 109.002962 98.435336 95.643756 94.537779 104.953213 161.284997 542.490680 100.200927 138.891004 135.469492 112.363571 82.140721 82.440935 234.754432 381.121268 230.906578 137.128922 122.572543 119.211682 104.865095 110.843157 101.666345 112.876026 86.480607 112.310516 143.629460 172.708499 163.613762 97.186670 135.008840 85.301086 133.679734 99.566156 132.987114 122.504961 157.335337 162.808089 193.652327 185.383189 215.045648 246.989605 418.009536 98.771147 80.858212 82.245339 80.497441 90.234127 82.135038 93.913420 87.258639 219.724315 90.178178 90.081338 89.056805 109.883914 115.897845 107.972293
-9999.0 -9999.0 -9999.0 93.211823 99.834704 87.882635 110.535159 94.337964 96.286902 86.752601 88.745417 88.302933 122.315679 94.261452 54.785812 50.797478 127.261920 87.810509 79.683736 84.821924 237.593727 528.176298 123.148192 112.794547 103.371738 103.449041 91.951418 88.382919 113.812312 96.781379 85.112762 119.035375 145.841598 85.126306 199.815141 160.770490 160.342014 83.621954 92.806330 127.412067 106.583957 130.787297 82.223195 86.276867 94.867672 85.533107 93.174150 82.481526 51.496819 99.389236 79.809745 79.463035 79.681258 90.686189 82.940967 80.586539 80.715480 214.388909 94.838030 95.337231 104.369207 120.729763 101.645043 98.710770
-9999.0 -9999.0 84.076240 92.625456 83.696424 99.610619 88.166357 86.801787 80.410372 78.554978 79.285688 104.250594 80.756205 141.186291 83.587907 105.462263 50.577421 96.962784 79.241319 96.418623 291.416814 546.132810 110.240991 104.869160 95.722059 95.245721 83.200747 117.964232 104.360887 97.197115 86.618796 141.054520 170.078012 86.707913 237.335086 86.077209 261.872598 83.159543 93.348926 98.862001 142.884109 126.079227 181.313806 100.148118 105.134093 106.071688 125.817943 152.302640 183.416987 147.145094 91.602091 88.068238 93.596405 81.560587 88.974679 90.551830 81.346453 219.252280 104.376317 123.655992 80.454862 147.093175 103.311540 98.585518
-9999.0 -9999.0 85.428600 100.030952 106.291852 82.700049 81.527606 82.425647 96.359311 102.753779 107.229881 161.177346 158.800535 84.913357 92.799755 82.227672 50.123785 126.351557 84.860137 100.653776 539.412821 139.522550 103.154429 98.062033 90.046096 85.649381 113.972413 103.597189 98.057770 94.041233 89.095146 141.315155 171.906913 85.149517 198.043835 82.424427 243.035095 81.110297 90.856669 96.276001 105.678284 138.885069 82.808957 182.623127 83.374006 115.500241 120.982632 87.816561 103.676685 275.628563 105.169060 97.923070 85.709565 96.300867 94.032327 94.431313 195.727796 108.001814 118.118252 90.176417 141.511805 108.595368 100.033532 96.398505
-9999.0 -9999.0 84.322344 87.154922 104.958640 108.608338 121.558269 118.683146 136.894098 140.159754 140.721750 84.401568 97.369639 101.971028 123.240327 121.383275 141.923235 50.342316 252.678758 606.053605 126.306442 116.802176 96.353682 92.354786 82.500860 131.647887 111.710938 108.105616 97.912136 83.008990 94.516415 166.587744 173.203144 85.817215 96.081970 193.139759 233.341715 82.717272 93.218793 98.359415 109.563768 114.518637 164.341743 94.013862 196.824604 96.846040 117.809022 173.806300 187.097042 371.544813 254.185334 138.955461 104.917448 103.659607 80.609551 224.679308 117.619510 133.714579 95.629949 159.204624 120.217211 119.131982 103.995275 150.331077
-9999.0 -9999.0 89.199751 97.632167 117.712551 118.976069 133.608665 129.309307 150.024199 152.264393 175.335025 164.086151 182.904194 174.698283 211.554878 200.194499 221.991534 209.670486 773.380454 87.825877 77.819577 88.578159 81.620751 78.714321 121.799478 116.861507 108.761141 105.775069 89.690094 105.059391 81.242526 217.115261 86.901574 87.191501 99.843139 99.084035 199.194954 211.858134 92.047032 97.467354 107.811963 112.034133 121.462615 158.452417 112.473066 223.097747 257.918723 256.518931 260.181921 409.670670 289.126922 87.397766 102.807970 88.432575 204.000973 120.900233 136.613716 104.075400 153.244565 125.619856 115.610435 118.139291 144.235712 107.931920
-9999.0 -9999.0 89.508481 97.348249 115.770065 118.685135 140.627884 167.027575 186.763553 178.465147 212.563724 217.351302 234.770650 221.032599 267.227233 261.113945 267.105561 279.415336 928.888149 187.042497 98.848001 78.606582 86.691535 132.668056 115.342886 116.875016 110.001784 101.565602 82.579422 120.389424 83.124237 205.322624 95.780336 95.312043 105.851345 83.884270 115.796711 203.483709 243.681534 101.388062 112.425435 114.851818 124.273944 131.186256 228.559894 83.815694 86.094039 88.411803 99.767788 331.861020 555.821843 168.395601 106.115324 237.053755 125.370583 149.664062 230.345595 260.470664 151.015829 164.785508 130.174036 217.982647 144.665743 108.006722
-9999.0 -9999.0 90.319380 97.878282 116.887853 121.934691 125.885979 83.760669 97.140103 102.275090 112.982582 83.226450 95.292577 99.681459 128.221812 129.062411 137.389829 134.779221 192.107383 921.586754 90.409404 92.446882 126.530292 120.667360 111.015107 109.953285 98.220278 96.647042 116.664367 92.513950 195.038074 101.029050 87.987045 83.131317 110.569338 108.628047 93.902963 113.637035 210.040527 223.561403 106.900326 109.510459 118.620095 125.024977 250.899357 86.017636 98.955218 93.167857 88.849966 156.773397 672.298189 368.569707 374.808112 268.893439 172.778418 240.957806 178.448695 226.015100 185.608519 204.945286 212.823367 93.217162 84.695567 91.433916
-9999.0 -9999.0 90.924449 98.635092 118.547091 125.267972 143.688863 132.776741 152.395490 151.406799 180.124680 162.965934 172.472771 170.274044 204.174235 206.130825 221.857020 197.900020 353.083463 1278.058873 152.938962 147.421393 122.915282 123.508492 113.196653 106.861766 78.511617 140.053889 98.344291 219.378408 110.961124 85.305527 97.078403 84.769471 125.516777 84.984188 124.797933 100.261765 128.602355 202.585231 238.681148 112.814918 124.707431 132.683019 334.680972 103.600481 118.381653 83.971184 115.596821 791.565776 51.722064 50.006372 50.300259 50.122526 55.422008 577.957704 449.377975 399.507793 279.723447 158.121068 134.593823 119.742792 107.249209 82.363323
-9999.0 -9999.0 90.852863 98.353914 117.049843 125.541717 141.926472 136.481462 154.724631 153.906627 182.216781 163.468316 174.736169 167.786904 198.427770 201.666971 224.802277 200.396777 299.857220 1203.872097 375.991990 159.672548 123.705058 120.078184 105.565872 86.729952 125.269342 99.413993 185.506120 113.780942 92.062132 100.767134 87.993445 83.063042 100.579986 125.285550 99.673635 123.262746 109.299558 123.456784 207.501068 227.968226 122.849685 131.829483 369.034562 103.168908 125.305830 88.381793 152.340912 913.419967 364.318021 264.648724 121.621056 105.874177 81.252029 106.425294 80.851493 411.124690 359.154244 249.487157 95.361011 87.345009 91.107859 105.674044
-9999.0 -9999.0 91.008777 98.379502 117.981257 124.257359 143.763215 138.231494 155.422243 153.046152 181.692427 169.461532 176.040256 166.944985 196.801179 198.378566 228.983355 211.493225 256.948051 533.293715 1434.948255 256.074638 136.909270 121.913379 94.161554 142.395951 105.329669 197.573248 112.874416 99.290827 110.263564 84.765827 105.017261 85.525394 121.861842 86.117073 165.668908 83.520809 135.424804 111.260626 140.042360 216.905887 271.226973 136.159348 368.992025 86.470651 192.559582 224.038755 816.396943 203.183602 127.370822 105.380156 142.908308 101.964519 93.944739 92.612610 78.021102 155.108056 112.649881 223.937863 194.537399 209.056375 177.113187 145.024594
-9999.0 -9999.0 91.503057 99.221137 121.603302 130.500652 138.139543 136.642763 156.090132 151.496917 174.370949 172.510095 176.528375 167.182859 196.985747 198.127687 231.502056 217.700242 220.801846 419.395451 500.963470 1284.733668 155.958912 101.755491 140.743485 115.461481 195.439850 122.870476 99.464040 109.996613 90.608277 83.007385 113.853230 89.041151 104.174085 119.508413 95.195491 148.298120 92.451797 132.295577 122.686424 144.368450 240.343480 260.425729 159.463511 436.406608 356.316730 841.897020 203.683749 187.438246 123.093825 105.016318 95.157121 148.076549 94.591667 89.531773 79.808730 152.409149 117.848347 102.076190 211.311069 115.011991 88.983786 -9999.0
-9999.0 -9999.0 92.917130 101.843459 127.789167 128.850447 139.371712 136.079055 155.834155 152.922687 185.044667 165.077914 174.460184 168.062204 202.368637 203.019063 238.827908 364.536550 341.903124 86.391029 145.886614 1630.515209 180.179516 157.922930 117.006974 235.375632 143.322176 155.212625 131.197839 100.269483 91.531105 83.794454 115.352351 106.601858 122.019470 85.067919 135.601108 103.046805 166.975334 108.200575 200.845823 241.138547 351.223595 373.409764 416.360462 855.964536 873.275053 242.432510 147.939518 130.651817 106.613541 101.465369 93.216317 87.643557 129.748009 87.250427 78.161579 136.466918 99.897180 83.654033 210.573447 110.060237 87.236633 -9999.0
-9999.0 -9999.0 88.235866 89.859014 112.833735 116.459463 126.874256 125.336635 143.123764 140.434871 150.098810 84.160646 95.820748 99.536900 124.941849 273.391376 266.576639 366.719395 421.131675 377.681483 484.352068 1283.670501 325.924008 140.822198 224.353612 78.611413 138.200365 112.348204 115.271979 99.933188 90.906988 131.835544 86.629245 110.084360 123.422553 87.977619 102.026197 134.652745 113.861571 188.602694 216.922527 219.684780 203.825225 85.585799 567.794998 1131.591174 251.996229 165.603397 90.619494 118.683779 110.943586 100.837273 92.333819 87.786006 78.058728 136.820970 79.524020 137.323295 98.019697 82.667958 218.255625 116.494496 -9999.0 -9999.0
-9999.0 -9999.0 90.652083 105.597960 131.501220 132.730829 146.758293 133.151967 150.168536 147.223512 178.970218 224.526599 242.223051 224.971916 214.335251 81.222550 310.679126 103.844581 91.791242 94.526091 139.909526 207.472145 1614.064987 517.732451 89.892621 193.956678 148.146195 127.143517 117.829324 104.011122 83.201528 132.377307 94.934750 130.270674 145.385152 96.350780 120.984821 85.524193 159.192297 137.761873 161.623024 134.825464 81.635472 253.285604 1227.981858 225.161798 83.880135 81.487891 120.339147 78.513334 100.518223 100.400324 88.343452 84.432678 76.148066 131.178114 76.981729 111.444905 83.544492 103.238436 206.855707 88.947662 -9999.0 -9999.0
-9999.0 -9999.0 89.659168 107.315471 117.705363 87.279059 85.828359 83.684277 96.649034 101.090007 127.216897 233.375054 255.599244 241.885847 342.070157 302.566980 101.173017 79.940057 82.169410 95.701351 91.140291 95.313132 1468.312251 574.932749 242.226813 87.868927 80.007196 79.171293 101.399542 92.478239 130.795805 108.304719 86.526768 132.680083 145.737158 87.375148 143.076926 88.224435 104.402478 159.891132 86.867453 80.803642 132.634103 111.300103 1181.860079 180.085011 142.241169 133.399761 115.989253 122.956254 98.192660 96.050144 92.505706 85.001283 76.321379 105.359408 93.727964 112.427207 88.333199 77.718170 133.780159 -9999.0 -9999.0 -9999.0
-9999.0 -9999.0 91.979357 112.094719 133.616568 168.868890 187.582105 177.452016 192.028004 185.091803 180.632538 81.407619 82.161088 171.633435 80.861622 81.122798 88.646616 85.020592 92.325654 80.559822 81.892501 79.655835 89.143060 1727.244219 153.646363 102.529115 90.697169 107.140835 95.293409 146.166775 83.320517 112.802835 95.034851 157.822669 171.687207 96.590413 163.419136 105.618611 125.196066 85.842835 161.794483 87.913592 92.546458 235.176331 1125.054783 103.597431 81.062498 89.725207 81.138873 97.413711 87.970290 82.040989 85.448480 88.505362 76.002606 96.692630 92.244456 101.808649 82.474812 91.074569 96.541801 -9999.0 -9999.0 -9999.0
-9999.0 -9999.0 -9999.0 102.075184 97.331349 104.276414 118.581867 118.653075 137.467181 136.914975 160.233114 206.490996 189.713771 95.318086 111.231512 102.121025 83.757982 84.994892 99.163752 107.202033 127.994662 123.112099 132.499352 1354.407197 92.013788 79.549286 104.580792 97.445944 126.439130 90.084480 112.110594 112.082815 83.244028 160.260471 171.641386 83.476822 174.872495 111.644143 125.107041 82.200263 89.498571 138.998542 108.332867 1049.897479 207.771651 144.296372 122.419215 127.142103 110.168163 96.232658 86.368935 82.277919 74.807752 88.325746 88.726702 96.173269 86.906831 98.776855 93.166400 90.746248 -9999.0 -9999.0 -9999.0 -9999.0
