geotop/1.0zi/1.0Montebello/Templates/Dripsey sc/maps/PSILIQL0002N0047.asc
ncols         69
nrows         152
xllcorner     146499.903857
yllcorner     75332.942244
cellsize      50.000000
NODATA_value  -9999.0
[rows 56 to 83 of 152, columns 0 to 62 of 69]
-9999.0 -9999.0 -869.329991 -869.271686 -869.219648 -869.128340 -869.079086 -869.109816 -869.071898 -869.093813 -869.109358 -869.370648 -869.366766 -869.130116 -869.371499 -869.371607 -869.343872 -869.357295 -869.330965 -869.373049 -869.367300 -869.381517 -869.356009 -866.115950 -869.202267 -869.299619 -869.340731 -869.282961 -869.319829 -869.194508 -869.361615 -869.266902 -869.320247 -869.162643 -869.130211 -869.314796 -869.136327 -869.287464 -869.236894 -869.352712 -869.155327 -869.347237 -869.338249 -869.068951 -868.263799 -869.311626 -869.373746 -869.341365 -869.373135 -869.319599 -869.357664 -869.378283 -869.364014 -869.349404 -869.392641 -869.317301 -869.331924 -869.299200 -869.367325 -869.336801 -869.317798 -9999.0 -9999.0
-9999.0 -9999.0 -9999.0 -869.297372 -869.311792 -869.292789 -869.256721 -869.257422 -869.212729 -869.216043 -869.159771 -869.031018 -869.078411 -869.320439 -869.273060 -869.294603 -869.360878 -869.357736 -869.306754 -869.284256 -869.230027 -869.243692 -869.237300 -867.268844 -869.347051 -869.382150 -869.290226 -869.312663 -869.244434 -869.338435 -869.268429 -869.270787 -869.362714 -869.160178 -869.134600 -869.362009 -869.107984 -869.271396 -869.238788 -869.366544 -869.340921 -869.216239 -869.284799 -868.661070 -869.107057 -869.179693 -869.239626 -869.233698 -869.286599 -869.327891 -869.365361 -869.375500 -869.397031 -869.346495 -869.346670 -869.318602 -869.349178 -869.308041 -869.328036 -869.336109 -9999.0 -9999.0 -9999.0
-9999.0 -9999.0 -9999.0 -869.336222 -869.253677 -869.357639 -869.343656 -869.313797 -869.259535 -869.248777 -869.241959 -869.361966 -869.361359 -869.367228 -869.317037 -869.298785 -869.086717 -869.117999 -869.074197 -869.085602 -869.007833 -869.065886 -869.085751 -869.001858 -867.847164 -869.223870 -869.291735 -869.204339 -869.325864 -869.255786 -869.371542 -869.250963 -869.359819 -869.106432 -869.078323 -869.355657 -869.068751 -869.224518 -869.216480 -869.372821 -869.341659 -869.298681 -868.885812 -868.178011 -869.215155 -869.267119 -869.309194 -869.334077 -869.393405 -869.405327 -869.386821 -869.372609 -869.394433 -869.370042 -869.372265 -869.363270 -869.363464 -869.364098 -869.356813 -9999.0 -9999.0 -9999.0 -9999.0
-9999.0 -9999.0 -9999.0 -869.340390 -869.302387 -869.229799 -869.171317 -869.171253 -868.859602 -868.876254 -868.785456 -868.821422 -868.806299 -868.956441 -868.855401 -868.648580 -868.265782 -868.429829 -868.355412 -868.466258 -868.540990 -869.360795 -869.321200 -869.284594 -867.548956 -869.189458 -869.215355 -869.307554 -869.268203 -869.346226 -869.270740 -869.321682 -869.377514 -869.158824 -869.127227 -869.354702 -869.312199 -869.097074 -869.228751 -869.380796 -869.330082 -869.296241 -868.793448 -868.649976 -869.047986 -869.138652 -869.183532 -869.267614 -869.328521 -869.341688 -869.362701 -869.382316 -869.382021 -9999.0 -9999.0 -9999.0 -9999.0 -9999.0 -9999.0 -9999.0 -9999.0 -9999.0 -9999.0
-9999.0 -9999.0 -9999.0 -869.320582 -869.210577 -869.146398 -869.063181 -869.117920 -869.314384 -869.274962 -869.153016 -869.110156 -869.049103 -868.981097 -869.000409 -869.249485 -869.365395 -869.261694 -869.227750 -869.232952 -869.222915 -868.428282 -868.472262 -868.383802 -866.983658 -868.506653 -869.240150 -869.233681 -869.327476 -869.242137 -869.371329 -869.257160 -869.370911 -869.099746 -869.073455 -869.304222 -869.298769 -869.366795 -868.981456 -869.368835 -869.275832 -869.204391 -868.349769 -869.154468 -869.249455 -869.284265 -869.292411 -869.318389 -869.350446 -869.363086 -869.393051 -869.370454 -869.353454 -9999.0 -9999.0 -9999.0 -9999.0 -9999.0 -9999.0 -9999.0 -9999.0 -9999.0 -9999.0
-9999.0 -9999.0 -9999.0 -9999.0 -9999.0 -869.347164 -869.309241 -869.358737 -869.323070 -869.308763 -869.299431 -869.261242 -869.209458 -869.337064 -869.249156 -869.325387 -869.306267 -869.358098 -869.315408 -869.228834 -869.166837 -868.956681 -868.986184 -868.768687 -868.516340 -867.136403 -869.123066 -869.273610 -869.258265 -869.349420 -869.364969 -869.235622 -869.379176 -869.119541 -869.106782 -869.291255 -869.354164 -869.295424 -869.337922 -868.921791 -869.298116 -868.511854 -869.142412 -869.265876 -869.336386 -869.283523 -869.319019 -869.337908 -869.369895 -869.383086 -869.402286 -869.375127 -869.336085 -9999.0 -9999.0 -9999.0 -9999.0 -9999.0 -9999.0 -9999.0 -9999.0 -9999.0 -9999.0
-9999.0 -9999.0 -9999.0 -9999.0 -9999.0 -9999.0 -869.342168 -869.367722 -869.335256 -869.344419 -869.313804 -869.341775 -869.368257 -869.282383 -869.375456 -869.370551 -869.319692 -869.285997 -869.290662 -869.122396 -869.045563 -868.926092 -869.017569 -869.298327 -869.227744 -868.367508 -867.414147 -869.039498 -869.324436 -869.380064 -869.343339 -869.213061 -869.372669 -869.059186 -869.050289 -869.246259 -869.305053 -869.368845 -869.263665 -868.774753 -868.780794 -869.302980 -869.371598 -869.381235 -869.387714 -869.378285 -869.391980 -869.357880 -869.382873 -869.361274 -869.395299 -869.345215 -869.331779 -9999.0 -9999.0 -9999.0 -9999.0 -9999.0 -9999.0 -9999.0 -9999.0 -9999.0 -9999.0
-9999.0 -9999.0 -9999.0 -9999.0 -9999.0 -9999.0 -9999.0 -869.351219 -869.360818 -869.339966 -869.365221 -869.286033 -869.271247 -869.351072 -869.311050 -869.310028 -869.271948 -869.099848 -869.116998 -869.332634 -869.315766 -869.360160 -869.317099 -869.243119 -868.671192 -868.496746 -867.161228 -868.773427 -869.328265 -869.311355 -869.245360 -869.348706 -869.383105 -869.110863 -869.086447 -869.232639 -869.293491 -869.381624 -869.328036 -868.845523 -868.988482 -868.971021 -869.100340 -869.079151 -869.220002 -869.224473 -869.272537 -869.269822 -869.321510 -869.357115 -869.387181 -869.252598 -869.375859 -9999.0 -9999.0 -9999.0 -9999.0 -9999.0 -9999.0 -9999.0 -9999.0 -9999.0 -9999.0
-9999.0 -9999.0 -9999.0 -9999.0 -9999.0 -9999.0 -9999.0 -9999.0 -869.356102 -869.356433 -869.332034 -869.356185 -869.302844 -869.289803 -869.246049 -869.252773 -869.263968 -869.374730 -869.369141 -869.370436 -869.321053 -869.295019 -869.264406 -868.932549 -869.370752 -869.294973 -869.069140 -866.971540 -868.864377 -869.001843 -869.318787 -869.346931 -869.382338 -869.071495 -869.034498 -869.219613 -869.258789 -869.360374 -869.232311 -868.843215 -869.246954 -869.263590 -869.320875 -869.376427 -869.251463 -869.212973 -869.253897 -869.252204 -869.299144 -869.338409 -869.376120 -869.234045 -869.333741 -9999.0 -9999.0 -9999.0 -9999.0 -9999.0 -9999.0 -9999.0 -9999.0 -9999.0 -9999.0
-9999.0 -9999.0 -9999.0 -9999.0 -9999.0 -9999.0 -9999.0 -9999.0 -9999.0 -869.367852 -869.360300 -869.355040 -869.304307 -869.292774 -869.179002 -869.183986 -869.149921 -869.155254 -869.102412 -869.141387 -869.065247 -868.819951 -868.828722 -869.355913 -869.332216 -869.188676 -868.864770 -868.510049 -866.175780 -867.064715 -869.277997 -869.331248 -869.385327 -869.100321 -869.085138 -869.235624 -869.263790 -869.326414 -868.940063 -869.240103 -869.309542 -869.324365 -869.377967 -869.340329 -869.356969 -869.333120 -869.360576 -869.368194 -869.319389 -869.339998 -869.244183 -869.316380 -869.372879 -9999.0 -9999.0 -9999.0 -9999.0 -9999.0 -9999.0 -9999.0 -9999.0 -9999.0 -9999.0
-9999.0 -9999.0 -9999.0 -9999.0 -9999.0 -9999.0 -9999.0 -9999.0 -9999.0 -9999.0 -869.324171 -869.329179 -869.337818 -869.333839 -869.365605 -869.369736 -869.334501 -869.307790 -869.245430 -869.242120 -869.058348 -869.259611 -869.206940 -869.208276 -869.219709 -869.161728 -869.365213 -869.355334 -869.007261 -865.759229 -867.636752 -868.948065 -869.353646 -869.022912 -869.001981 -869.182916 -869.188522 -868.833208 -869.146138 -869.199120 -869.307110 -869.323303 -869.369897 -869.363052 -869.311427 -869.365009 -869.339822 -869.286381 -869.319957 -869.208601 -869.297844 -869.331172 -9999.0 -9999.0 -9999.0 -9999.0 -9999.0 -9999.0 -9999.0 -9999.0 -9999.0 -9999.0 -9999.0
-9999.0 -9999.0 -9999.0 -9999.0 -9999.0 -9999.0 -9999.0 -9999.0 -9999.0 -9999.0 -9999.0 -869.311199 -869.304225 -869.369007 -869.362327 -869.366482 -869.332879 -869.307748 -869.108716 -869.158578 -869.302467 -869.294543 -869.202362 -869.166051 -869.126565 -869.216702 -869.117988 -869.085759 -868.309017 -867.280240 -865.629898 -867.302292 -869.259946 -868.857451 -868.934810 -869.091616 -868.701472 -869.117153 -869.192064 -869.365501 -869.300800 -869.285705 -869.325455 -869.281052 -869.338326 -869.311290 -869.277576 -869.269327 -869.224999 -869.286473 -869.323665 -9999.0 -9999.0 -9999.0 -9999.0 -9999.0 -9999.0 -9999.0 -9999.0 -9999.0 -9999.0 -9999.0 -9999.0
-9999.0 -9999.0 -9999.0 -9999.0 -9999.0 -9999.0 -9999.0 -9999.0 -9999.0 -9999.0 -9999.0 -869.358762 -869.263936 -869.273291 -869.315813 -869.320359 -869.286700 -869.305527 -869.334215 -869.338567 -869.346465 -869.350915 -869.372416 -869.318414 -869.272146 -869.321827 -869.318202 -869.258510 -869.268876 -868.626344 -866.106109 -865.064650 -867.573238 -867.605567 -868.581767 -868.599879 -868.348509 -869.280190 -869.386187 -869.238842 -869.190579 -869.188543 -869.234547 -869.295593 -869.281175 -869.229988 -869.364111 -869.100591 -869.265790 -869.296552 -9999.0 -9999.0 -9999.0 -9999.0 -9999.0 -9999.0 -9999.0 -9999.0 -9999.0 -9999.0 -9999.0 -9999.0 -9999.0
-9999.0 -9999.0 -9999.0 -9999.0 -9999.0 -9999.0 -9999.0 -9999.0 -9999.0 -9999.0 -9999.0 -9999.0 -869.320895 -869.261135 -869.254577 -869.311782 -869.366148 -869.372477 -869.362767 -869.360349 -869.364730 -869.362577 -869.334480 -869.290705 -869.328583 -869.340501 -869.260023 -869.349993 -869.292473 -869.302216 -867.345695 -865.219740 -866.029901 -867.526057 -868.060328 -867.987201 -869.049824 -869.302721 -869.386975 -869.377411 -869.371310 -869.363248 -869.290961 -869.262479 -869.238227 -869.327474 -869.085879 -869.215507 -869.279049 -869.376224 -9999.0 -9999.0 -9999.0 -9999.0 -9999.0 -9999.0 -9999.0 -9999.0 -9999.0 -9999.0 -9999.0 -9999.0 -9999.0
-9999.0 -9999.0 -9999.0 -9999.0 -9999.0 -9999.0 -9999.0 -9999.0 -9999.0 -9999.0 -9999.0 -9999.0 -9999.0 -869.295560 -869.228504 -869.253747 -869.287192 -869.336435 -869.339121 -869.352084 -869.338038 -869.318207 -869.306862 -869.369883 -869.362456 -869.276365 -869.374846 -869.333318 -869.378018 -869.321651 -869.344068 -869.168649 -864.636138 -866.573514 -866.755245 -867.815860 -868.834443 -869.212359 -869.299349 -869.325535 -869.335215 -869.129946 -869.197222 -869.177918 -869.297048 -869.009958 -869.179361 -869.122992 -869.276546 -869.344251 -9999.0 -9999.0 -9999.0 -9999.0 -9999.0 -9999.0 -9999.0 -9999.0 -9999.0 -9999.0 -9999.0 -9999.0 -9999.0
-9999.0 -9999.0 -9999.0 -9999.0 -9999.0 -9999.0 -9999.0 -9999.0 -9999.0 -9999.0 -9999.0 -9999.0 -9999.0 -9999.0 -869.278900 -869.245087 -869.238414 -869.261427 -869.260740 -869.360841 -869.299143 -869.351060 -869.299526 -869.275481 -857.202012 -857.472599 -857.399843 -857.549180 -857.449740 -857.524444 -869.308768 -869.066443 -864.647111 -865.541830 -868.581297 -869.387957 -869.467911 -869.478297 -869.477020 -869.476549 -869.474058 -869.462587 -868.529097 -868.491027 -868.627658 -868.788249 -869.033905 -869.275763 -869.345534 -9999.0 -9999.0 -9999.0 -9999.0 -9999.0 -9999.0 -9999.0 -9999.0 -9999.0 -9999.0 -9999.0 -9999.0 -9999.0 -9999.0
-9999.0 -9999.0 -9999.0 -9999.0 -9999.0 -9999.0 -9999.0 -9999.0 -9999.0 -9999.0 -9999.0 -9999.0 -9999.0 -9999.0 -9999.0 -869.228928 -869.041401 -868.761501 -868.809450 -869.241047 -869.259949 -869.357893 -869.353416 -857.480645 -857.291921 -857.242923 -857.120212 -857.183266 -857.069565 -857.079169 -856.882528 -869.038934 -865.407211 -863.894600 -866.752393 -868.626083 -869.256578 -869.357067 -869.391859 -869.242106 -869.373245 -869.111594 -868.404576 -868.786864 -869.082852 -869.083187 -869.136296 -869.220268 -869.347009 -9999.0 -9999.0 -9999.0 -9999.0 -9999.0 -9999.0 -9999.0 -9999.0 -9999.0 -9999.0 -9999.0 -9999.0 -9999.0 -9999.0
-9999.0 -9999.0 -9999.0 -9999.0 -9999.0 -9999.0 -9999.0 -9999.0 -9999.0 -9999.0 -9999.0 -9999.0 -9999.0 -9999.0 -9999.0 -9999.0 -9999.0 -869.366353 -869.360682 -868.937984 -869.232948 -869.257415 -857.347625 -857.440486 -857.526929 -857.546162 -857.539312 -857.598053 -857.567758 -857.543597 -857.432118 -857.295232 -864.356586 -867.821965 -869.322748 -869.007067 -869.327930 -869.328089 -869.389893 -869.338514 -869.288686 -869.310908 -869.159946 -868.464387 -869.182007 -869.291791 -869.351607 -869.259400 -869.364286 -9999.0 -9999.0 -9999.0 -9999.0 -9999.0 -9999.0 -9999.0 -9999.0 -9999.0 -9999.0 -9999.0 -9999.0 -9999.0 -9999.0
-9999.0 -9999.0 -9999.0 -9999.0 -9999.0 -9999.0 -9999.0 -9999.0 -9999.0 -9999.0 -9999.0 -9999.0 -9999.0 -9999.0 -9999.0 -9999.0 -9999.0 -869.366003 -869.328107 -869.329936 -868.858080 -857.017754 -856.939019 -857.532406 -857.323393 -857.437853 -857.451038 -857.489780 -857.467566 -857.423573 -857.314860 -855.332452 -839.007705 -866.339656 -869.249192 -869.303776 -869.361173 -869.371503 -869.349915 -869.383710 -869.290495 -869.367195 -869.147677 -868.428724 -869.237445 -869.246597 -869.323891 -869.324278 -869.374781 -9999.0 -9999.0 -9999.0 -9999.0 -9999.0 -9999.0 -9999.0 -9999.0 -9999.0 -9999.0 -9999.0 -9999.0 -9999.0 -9999.0
-9999.0 -9999.0 -9999.0 -9999.0 -9999.0 -9999.0 -9999.0 -9999.0 -9999.0 -9999.0 -9999.0 -9999.0 -9999.0 -9999.0 -9999.0 -9999.0 -9999.0 -9999.0 -869.315246 -869.314549 -869.277434 -855.728768 -856.827641 -856.976035 -857.423421 -857.333562 -857.407949 -857.429508 -857.393424 -857.407203 -857.418348 -851.351433 -842.118254 -855.525893 -869.312648 -869.334351 -869.353924 -869.360807 -869.386917 -869.338542 -869.283409 -869.366740 -869.158277 -868.321508 -869.358753 -869.262025 -869.348603 -869.371821 -869.369544 -9999.0 -9999.0 -9999.0 -9999.0 -9999.0 -9999.0 -9999.0 -9999.0 -9999.0 -9999.0 -9999.0 -9999.0 -9999.0 -9999.0
-9999.0 -9999.0 -9999.0 -9999.0 -9999.0 -9999.0 -9999.0 -9999.0 -9999.0 -9999.0 -9999.0 -9999.0 -9999.0 -9999.0 -9999.0 -9999.0 -9999.0 -9999.0 -869.295453 -869.365194 -869.203326 -855.428897 -856.818913 -857.527095 -856.945263 -857.388181 -857.239422 -857.331750 -857.293017 -857.231901 -852.887993 -838.693970 -856.742588 -857.411707 -857.509020 -857.516793 -869.354410 -869.362527 -869.389214 -869.367391 -869.329097 -869.322566 -869.260010 -868.444119 -869.305835 -869.336014 -869.365232 -869.384112 -9999.0 -9999.0 -9999.0 -9999.0 -9999.0 -9999.0 -9999.0 -9999.0 -9999.0 -9999.0 -9999.0 -9999.0 -9999.0 -9999.0 -9999.0
-9999.0 -9999.0 -9999.0 -9999.0 -9999.0 -9999.0 -9999.0 -9999.0 -9999.0 -9999.0 -9999.0 -9999.0 -9999.0 -9999.0 -9999.0 -9999.0 -9999.0 -9999.0 -9999.0 -869.289115 -869.328598 -855.385370 -857.513048 -857.006723 -857.466751 -857.024364 -857.305813 -857.223362 -857.239408 -856.972960 -840.676566 -851.474942 -857.467637 -857.455818 -857.584392 -857.480404 -869.368189 -869.357069 -869.381216 -869.374087 -869.337625 -869.340277 -868.916713 -868.801550 -869.335764 -869.352035 -869.391339 -869.379943 -9999.0 -9999.0 -9999.0 -9999.0 -9999.0 -9999.0 -9999.0 -9999.0 -9999.0 -9999.0 -9999.0 -9999.0 -9999.0 -9999.0 -9999.0
-9999.0 -9999.0 -9999.0 -9999.0 -9999.0 -9999.0 -9999.0 -9999.0 -9999.0 -9999.0 -9999.0 -9999.0 -9999.0 -9999.0 -9999.0 -9999.0 -9999.0 -9999.0 -9999.0 -9999.0 -869.259590 -855.166419 -857.373304 -857.559448 -856.940233 -857.399402 -856.903325 -857.164945 -856.695445 -854.737025 -842.430700 -857.376923 -857.643925 -857.653309 -857.520190 -857.623602 -857.568886 -857.628403 -869.383432 -869.381588 -869.370582 -869.279686 -868.999168 -869.004357 -869.324822 -869.379293 -869.388603 -9999.0 -9999.0 -9999.0 -9999.0 -9999.0 -9999.0 -9999.0 -9999.0 -9999.0 -9999.0 -9999.0 -9999.0 -9999.0 -9999.0 -9999.0 -9999.0
-9999.0 -9999.0 -9999.0 -9999.0 -9999.0 -9999.0 -9999.0 -9999.0 -9999.0 -9999.0 -9999.0 -9999.0 -9999.0 -9999.0 -9999.0 -9999.0 -9999.0 -9999.0 -9999.0 -9999.0 -9999.0 -855.407697 -857.331100 -857.539136 -857.411834 -856.973717 -857.312706 -856.894857 -857.474331 -843.381623 -856.263713 -857.278294 -857.461321 -857.475210 -857.624774 -857.516584 -857.592394 -857.587593 -869.344503 -869.320901 -869.283621 -869.328602 -868.999134 -868.991080 -869.337730 -869.334392 -869.352427 -9999.0 -9999.0 -9999.0 -9999.0 -9999.0 -9999.0 -9999.0 -9999.0 -9999.0 -9999.0 -9999.0 -9999.0 -9999.0 -9999.0 -9999.0 -9999.0
-9999.0 -9999.0 -9999.0 -9999.0 -9999.0 -9999.0 -9999.0 -9999.0 -9999.0 -9999.0 -9999.0 -9999.0 -9999.0 -9999.0 -9999.0 -9999.0 -9999.0 -9999.0 -9999.0 -9999.0 -9999.0 -855.057348 -857.180073 -857.370343 -857.238671 -857.536871 -856.714520 -857.066671 -853.269896 -840.134465 -856.845596 -857.207394 -857.357234 -857.326796 -857.430624 -857.462604 -857.589444 -857.577284 -857.489147 -869.362018 -869.365582 -869.331778 -869.107474 -869.098470 -869.314022 -869.363230 -9999.0 -9999.0 -9999.0 -9999.0 -9999.0 -9999.0 -9999.0 -9999.0 -9999.0 -9999.0 -9999.0 -9999.0 -9999.0 -9999.0 -9999.0 -9999.0 -9999.0
-9999.0 -9999.0 -9999.0 -9999.0 -9999.0 -9999.0 -9999.0 -9999.0 -9999.0 -9999.0 -9999.0 -9999.0 -9999.0 -9999.0 -9999.0 -9999.0 -9999.0 -9999.0 -9999.0 -9999.0 -9999.0 -868.569952 -857.105150 -857.268765 -857.178571 -857.553472 -857.412579 -856.180073 -847.153092 -841.632287 -856.995679 -857.260011 -857.407717 -857.393331 -857.498252 -857.544358 -857.531619 -857.484592 -857.558783 -869.351586 -869.354823 -869.220259 -869.228733 -869.111964 -869.323559 -869.312271 -9999.0 -9999.0 -9999.0 -9999.0 -9999.0 -9999.0 -9999.0 -9999.0 -9999.0 -9999.0 -9999.0 -9999.0 -9999.0 -9999.0 -9999.0 -9999.0 -9999.0
-9999.0 -9999.0 -9999.0 -9999.0 -9999.0 -9999.0 -9999.0 -9999.0 -9999.0 -9999.0 -9999.0 -9999.0 -9999.0 -9999.0 -9999.0 -9999.0 -9999.0 -9999.0 -9999.0 -9999.0 -9999.0 -868.383399 -856.991291 -857.214056 -856.954332 -857.518499 -857.376133 -855.391819 -837.736492 -849.084032 -857.146478 -857.286321 -857.435561 -857.458187 -857.609974 -857.244152 -857.355809 -857.442450 -857.355585 -869.326983 -869.346219 -869.234907 -869.271026 -869.157155 -869.353343 -869.356094 -9999.0 -9999.0 -9999.0 -9999.0 -9999.0 -9999.0 -9999.0 -9999.0 -9999.0 -9999.0 -9999.0 -9999.0 -9999.0 -9999.0 -9999.0 -9999.0 -9999.0
-9999.0 -9999.0 -9999.0 -9999.0 -9999.0 -9999.0 -9999.0 -9999.0 -9999.0 -9999.0 -9999.0 -9999.0 -9999.0 -9999.0 -9999.0 -9999.0 -9999.0 -9999.0 -9999.0 -9999.0 -9999.0 -9999.0 -854.626052 -856.929418 -856.659651 -857.482781 -856.793304 -851.887683 -837.317776 -849.964610 -855.988893 -856.101531 -856.514730 -856.357827 -856.495648 -856.526513 -856.649547 -856.606303 -856.895278 -869.199138 -869.342121 -869.253612 -869.308776 -869.250766 -869.309571 -9999.0 -9999.0 -9999.0 -9999.0 -9999.0 -9999.0 -9999.0 -9999.0 -9999.0 -9999.0 -9999.0 -9999.0 -9999.0 -9999.0 -9999.0 -9999.0 -9999.0 -9999.0
