geotop/1.0zi/1.0Montebello/Templates/Dripsey sc/maps/PSILIQL0001N0032.asc
ncols         69
nrows         152
xllcorner     146499.903857
yllcorner     75332.942244
cellsize      50.000000
NODATA_value  -9999.0
[rows 58 to 86 of 152, columns 0 to 63 of 69]
-9999.0 -9999.0 -9999.0 90.091769 105.794289 85.768985 88.680775 95.052101 105.042066 106.051603 106.817191 84.852850 84.976403 84.075644 94.919265 97.843368 141.250568 129.429053 135.157965 132.587990 149.409991 139.117886 137.113810 154.557605 374.602888 112.321419 99.397616 115.067697 93.006339 105.099117 82.900068 107.578230 85.246176 133.996410 142.015000 86.436133 139.970812 110.893388 111.421616 82.696320 89.791898 98.651429 185.662797 215.573657 110.783484 103.958569 96.757161 92.436444 79.931423 77.449429 81.941621 83.865200 78.462386 83.763446 83.463861 85.078226 84.635992 84.535212 85.906096 -9999.0 -9999.0 -9999.0 -9999.0 -9999.0
-9999.0 -9999.0 -9999.0 89.224679 96.998390 109.439926 121.509086 118.135337 180.852235 177.654791 194.125002 187.986750 194.065505 165.135847 190.061037 227.712995 307.868379 271.523040 286.126235 264.437612 251.220806 85.284737 93.944300 100.291532 510.331932 119.125064 111.519540 96.636398 101.963024 88.972282 101.578801 93.888528 81.806730 123.414631 132.557078 86.526327 95.608725 133.755038 108.481576 81.138671 92.617718 99.202002 185.201055 53.099539 143.451093 126.197403 123.830781 105.218332 94.111262 91.719598 86.477877 80.784264 81.239975 -9999.0 -9999.0 -9999.0 -9999.0 -9999.0 -9999.0 -9999.0 -9999.0 -9999.0 -9999.0 -9999.0
-9999.0 -9999.0 -9999.0 93.185261 114.265303 125.939616 141.113742 130.243994 95.101374 102.345491 127.470914 133.332031 139.662434 155.445533 151.249615 105.623290 84.461179 104.805793 110.214715 107.749218 109.553251 278.687827 272.418611 294.200557 677.958656 252.136384 109.695767 110.143037 92.896592 108.011116 82.950247 107.716064 83.012357 138.705949 146.797133 97.109201 97.665023 83.811187 158.641614 83.450486 102.824890 111.521810 186.857482 121.344283 108.378385 100.420499 100.212927 95.463684 89.949518 87.120832 79.577239 83.188229 86.796749 -9999.0 -9999.0 -9999.0 -9999.0 -9999.0 -9999.0 -9999.0 -9999.0 -9999.0 -9999.0 -9999.0
-9999.0 -9999.0 -9999.0 -9999.0 -9999.0 87.884439 95.735366 85.467650 93.610899 96.256887 98.356378 105.321046 116.628445 90.717394 106.847333 93.584148 96.595248 85.807963 95.019479 112.808984 121.749935 162.411602 150.712156 193.819425 239.707022 684.582265 132.034163 103.471531 103.460728 88.282333 84.522131 111.027534 81.343534 135.357961 140.228194 98.986114 86.577644 98.025096 90.499472 167.334267 97.679530 89.449029 124.887192 106.923233 91.553905 103.133603 95.450748 91.825384 85.703637 81.532477 77.507002 82.631117 90.866703 -9999.0 -9999.0 -9999.0 -9999.0 -9999.0 -9999.0 -9999.0 -9999.0 -9999.0 -9999.0 -9999.0
-9999.0 -9999.0 -9999.0 -9999.0 -9999.0 -9999.0 89.032588 83.734028 90.762130 89.104764 95.402870 89.717095 83.526910 99.829721 82.164264 83.508055 94.505306 100.292926 98.663375 126.805665 141.169135 168.166583 146.657711 98.026551 110.595909 272.774225 691.180630 152.119205 93.746241 81.265579 89.273689 114.868793 82.648456 150.738664 154.901423 107.326094 96.949173 83.433270 103.233848 192.474136 52.583749 97.382480 83.336089 81.014585 79.987640 81.625144 79.103686 86.983879 81.324456 86.892024 78.709933 89.718731 91.632583 -9999.0 -9999.0 -9999.0 -9999.0 -9999.0 -9999.0 -9999.0 -9999.0 -9999.0 -9999.0 -9999.0
-9999.0 -9999.0 -9999.0 -9999.0 -9999.0 -9999.0 -9999.0 87.113368 85.130238 89.898356 84.164636 100.600704 102.367772 87.203441 95.763630 95.638929 102.827314 139.906412 131.285123 91.951491 94.845004 85.447049 94.587316 107.307343 217.427586 253.049704 716.937186 193.866609 93.215529 96.359590 105.012514 88.448567 80.642451 139.588389 147.093947 108.709703 98.599127 80.938633 92.905100 53.067626 149.792674 155.345659 133.798705 141.104241 110.019115 111.123807 101.734789 103.863576 95.148915 87.483326 79.939771 109.960582 82.614542 -9999.0 -9999.0 -9999.0 -9999.0 -9999.0 -9999.0 -9999.0 -9999.0 -9999.0 -9999.0 -9999.0
-9999.0 -9999.0 -9999.0 -9999.0 -9999.0 -9999.0 -9999.0 -9999.0 86.159160 86.217873 91.511099 86.215564 97.402665 99.221446 107.333064 104.817692 102.344866 82.298165 83.446878 83.486475 94.251370 98.682871 103.763850 161.694316 83.063067 98.960515 128.595787 759.958973 173.715989 156.863632 95.007483 89.186343 80.820257 150.309084 160.607354 110.715410 105.011175 85.476370 110.973622 52.979335 105.836305 105.173090 94.362219 81.894543 103.035853 112.385322 104.588169 106.710474 99.219756 91.057600 81.980943 109.953254 91.612393 -9999.0 -9999.0 -9999.0 -9999.0 -9999.0 -9999.0 -9999.0 -9999.0 -9999.0 -9999.0 -9999.0
-9999.0 -9999.0 -9999.0 -9999.0 -9999.0 -9999.0 -9999.0 -9999.0 -9999.0 83.684618 85.254523 86.444131 97.090580 98.678085 122.524900 118.199778 122.112918 119.568919 130.869703 123.051461 140.339789 187.882824 182.761075 86.261042 91.445186 115.801153 176.555595 231.702069 955.593640 668.440861 104.281135 92.862733 80.346982 144.191659 149.000355 107.086954 103.140505 92.572246 52.730651 107.555471 96.068003 93.822944 82.101922 90.121091 86.076265 91.409478 85.379104 83.577650 94.487031 90.443708 105.938705 94.767906 82.503377 -9999.0 -9999.0 -9999.0 -9999.0 -9999.0 -9999.0 -9999.0 -9999.0 -9999.0 -9999.0 -9999.0
-9999.0 -9999.0 -9999.0 -9999.0 -9999.0 -9999.0 -9999.0 -9999.0 -9999.0 -9999.0 93.425541 92.257512 89.835487 90.751889 84.080491 83.706062 91.579306 96.602796 107.948317 106.703876 142.476902 105.369794 114.054886 111.604272 109.074076 118.237877 84.120094 86.515363 189.147595 1055.263365 744.325292 245.998781 86.834833 163.654881 170.152972 118.357420 115.628493 52.718193 122.813951 119.691952 96.513080 93.824979 83.552156 84.632523 95.697736 84.213405 90.261228 100.568635 94.338702 113.275063 98.172508 92.138205 -9999.0 -9999.0 -9999.0 -9999.0 -9999.0 -9999.0 -9999.0 -9999.0 -9999.0 -9999.0 -9999.0 -9999.0
-9999.0 -9999.0 -9999.0 -9999.0 -9999.0 -9999.0 -9999.0 -9999.0 -9999.0 -9999.0 -9999.0 95.636716 97.050351 83.465861 84.822115 84.231790 91.798525 96.563134 137.739825 122.784410 97.618773 99.471576 118.974260 122.642550 130.346255 113.607048 134.566166 138.391485 281.644247 640.967830 1096.014317 862.801806 112.637277 202.808429 186.055410 135.383341 52.635803 128.445503 118.078491 84.407363 96.748503 100.563663 93.256894 101.188844 90.489861 96.020447 101.432452 104.000044 108.318953 99.939663 93.167954 -9999.0 -9999.0 -9999.0 -9999.0 -9999.0 -9999.0 -9999.0 -9999.0 -9999.0 -9999.0 -9999.0 -9999.0 -9999.0
-9999.0 -9999.0 -9999.0 -9999.0 -9999.0 -9999.0 -9999.0 -9999.0 -9999.0 -9999.0 -9999.0 85.444035 104.440806 102.388174 95.104450 94.201693 100.201677 95.789672 91.428877 90.523261 88.659510 87.867628 82.693799 94.298175 102.445920 93.528684 94.591996 104.249558 104.112203 219.229221 984.449625 1245.659743 874.699806 623.054794 270.845098 258.287426 207.187219 99.889384 80.693286 104.332478 114.182913 116.609357 109.855033 99.024677 101.232987 110.733073 84.380662 137.609216 103.757979 98.754053 -9999.0 -9999.0 -9999.0 -9999.0 -9999.0 -9999.0 -9999.0 -9999.0 -9999.0 -9999.0 -9999.0 -9999.0 -9999.0 -9999.0
-9999.0 -9999.0 -9999.0 -9999.0 -9999.0 -9999.0 -9999.0 -9999.0 -9999.0 -9999.0 -9999.0 -9999.0 93.853958 103.742860 105.524575 95.252626 84.036905 82.801747 84.718903 85.605782 84.603639 84.954902 91.120246 99.203714 92.545787 89.907568 104.293199 88.319102 99.461983 98.888266 717.836359 1214.632609 1082.876118 690.821340 512.504351 422.957351 156.747853 98.174876 80.563574 81.760997 82.979592 84.584399 99.022952 104.165367 106.904373 92.655510 134.638583 113.573619 101.431274 82.116184 -9999.0 -9999.0 -9999.0 -9999.0 -9999.0 -9999.0 -9999.0 -9999.0 -9999.0 -9999.0 -9999.0 -9999.0 -9999.0 -9999.0
-9999.0 -9999.0 -9999.0 -9999.0 -9999.0 -9999.0 -9999.0 -9999.0 -9999.0 -9999.0 -9999.0 -9999.0 -9999.0 98.535956 110.062336 104.791871 99.892026 90.879942 89.535678 86.899854 89.814537 94.128821 96.172558 83.246711 84.700094 100.378803 82.187844 90.829208 81.603661 94.024674 89.572532 173.411612 1373.040148 1004.779276 924.044236 637.446937 213.143375 115.342469 99.570948 93.422443 91.027830 130.783726 116.292773 118.413517 98.302654 145.595259 117.825881 134.644630 103.431863 88.596144 -9999.0 -9999.0 -9999.0 -9999.0 -9999.0 -9999.0 -9999.0 -9999.0 -9999.0 -9999.0 -9999.0 -9999.0 -9999.0 -9999.0
-9999.0 -9999.0 -9999.0 -9999.0 -9999.0 -9999.0 -9999.0 -9999.0 -9999.0 -9999.0 -9999.0 -9999.0 -9999.0 -9999.0 101.131471 105.307238 107.757824 104.467391 106.494486 85.376471 98.036698 87.261799 97.893094 101.709605 104.875351 88.743565 93.668706 84.054794 90.851626 85.411788 96.241009 129.305561 1397.123741 1233.121494 323.724321 52.423708 52.581075 52.432226 52.689373 52.614823 53.019209 55.136787 235.710772 241.387502 214.693902 188.864648 145.737422 101.805361 88.320669 -9999.0 -9999.0 -9999.0 -9999.0 -9999.0 -9999.0 -9999.0 -9999.0 -9999.0 -9999.0 -9999.0 -9999.0 -9999.0 -9999.0 -9999.0
-9999.0 -9999.0 -9999.0 -9999.0 -9999.0 -9999.0 -9999.0 -9999.0 -9999.0 -9999.0 -9999.0 -9999.0 -9999.0 -9999.0 -9999.0 110.747115 149.090939 199.604797 187.616828 108.051341 106.035330 85.708263 86.656937 88.307999 100.258148 102.432668 109.707671 104.692277 112.579837 110.890573 123.891879 150.433568 1299.309313 1587.191316 896.308234 265.327082 107.684958 87.550226 79.020568 110.441191 82.475868 130.570536 262.939697 191.457268 132.244959 133.579131 128.713684 113.441058 88.016977 -9999.0 -9999.0 -9999.0 -9999.0 -9999.0 -9999.0 -9999.0 -9999.0 -9999.0 -9999.0 -9999.0 -9999.0 -9999.0 -9999.0 -9999.0
-9999.0 -9999.0 -9999.0 -9999.0 -9999.0 -9999.0 -9999.0 -9999.0 -9999.0 -9999.0 -9999.0 -9999.0 -9999.0 -9999.0 -9999.0 -9999.0 -9999.0 84.126357 85.099943 158.196430 108.288257 104.645362 97.373163 91.327314 85.140220 83.983904 84.321723 80.847566 82.504882 84.383904 92.481448 95.592157 1481.336931 657.311081 94.452301 160.918627 94.684137 93.479798 79.436976 91.218486 98.977475 96.049015 118.234496 251.839476 121.102905 99.253765 87.090214 107.022431 84.405677 -9999.0 -9999.0 -9999.0 -9999.0 -9999.0 -9999.0 -9999.0 -9999.0 -9999.0 -9999.0 -9999.0 -9999.0 -9999.0 -9999.0 -9999.0
-9999.0 -9999.0 -9999.0 -9999.0 -9999.0 -9999.0 -9999.0 -9999.0 -9999.0 -9999.0 -9999.0 -9999.0 -9999.0 -9999.0 -9999.0 -9999.0 -9999.0 84.003603 92.553180 92.063830 173.061383 114.557092 122.740340 84.735547 98.699627 91.587249 90.818230 88.373576 90.139511 93.104194 100.836654 425.488159 1672.605444 1146.355214 111.276153 99.469421 87.196407 84.467579 88.168817 81.122124 98.870304 84.060990 124.197605 256.027065 109.048864 110.431849 94.124174 93.639653 82.284150 -9999.0 -9999.0 -9999.0 -9999.0 -9999.0 -9999.0 -9999.0 -9999.0 -9999.0 -9999.0 -9999.0 -9999.0 -9999.0 -9999.0 -9999.0
-9999.0 -9999.0 -9999.0 -9999.0 -9999.0 -9999.0 -9999.0 -9999.0 -9999.0 -9999.0 -9999.0 -9999.0 -9999.0 -9999.0 -9999.0 -9999.0 -9999.0 -9999.0 95.391683 94.941942 102.133780 187.459067 124.962407 115.470101 92.504566 97.365950 93.424386 92.223553 94.903681 94.108772 91.309390 895.729204 1447.649860 213.890510 97.799473 92.826731 88.297325 86.526390 80.131287 90.464880 101.050238 83.853638 126.184358 279.139193 85.454291 107.918256 88.875258 82.829776 83.487509 -9999.0 -9999.0 -9999.0 -9999.0 -9999.0 -9999.0 -9999.0 -9999.0 -9999.0 -9999.0 -9999.0 -9999.0 -9999.0 -9999.0 -9999.0
-9999.0 -9999.0 -9999.0 -9999.0 -9999.0 -9999.0 -9999.0 -9999.0 -9999.0 -9999.0 -9999.0 -9999.0 -9999.0 -9999.0 -9999.0 -9999.0 -9999.0 -9999.0 98.355062 84.156427 117.957452 208.059874 124.119574 85.108798 116.359201 94.595002 103.118716 98.193947 100.682697 105.083264 584.636977 1679.109667 130.411927 95.984876 88.756227 87.725088 87.878312 85.971247 79.489924 84.089824 92.828836 93.740767 105.846778 259.189343 97.341419 92.081086 85.455217 80.500430 -9999.0 -9999.0 -9999.0 -9999.0 -9999.0 -9999.0 -9999.0 -9999.0 -9999.0 -9999.0 -9999.0 -9999.0 -9999.0 -9999.0 -9999.0 -9999.0
-9999.0 -9999.0 -9999.0 -9999.0 -9999.0 -9999.0 -9999.0 -9999.0 -9999.0 -9999.0 -9999.0 -9999.0 -9999.0 -9999.0 -9999.0 -9999.0 -9999.0 -9999.0 -9999.0 99.088769 92.411694 216.148113 86.257801 112.041425 89.745399 110.979675 99.635728 103.566577 103.540169 120.026147 1529.301231 887.185448 92.125529 92.227911 83.403202 90.122445 85.199200 87.032442 80.976811 82.512820 91.008890 90.177390 170.091669 191.814866 91.388354 88.240354 79.261560 81.557835 -9999.0 -9999.0 -9999.0 -9999.0 -9999.0 -9999.0 -9999.0 -9999.0 -9999.0 -9999.0 -9999.0 -9999.0 -9999.0 -9999.0 -9999.0 -9999.0
-9999.0 -9999.0 -9999.0 -9999.0 -9999.0 -9999.0 -9999.0 -9999.0 -9999.0 -9999.0 -9999.0 -9999.0 -9999.0 -9999.0 -9999.0 -9999.0 -9999.0 -9999.0 -9999.0 -9999.0 104.707316 232.436740 95.674376 83.069291 118.376193 94.228140 119.819400 108.191340 142.225763 356.826270 1394.697161 97.485114 79.376615 77.637700 87.131214 79.218284 83.845714 78.965147 80.665914 81.114948 83.092695 101.196638 152.430520 152.045932 92.951442 81.282153 79.922539 -9999.0 -9999.0 -9999.0 -9999.0 -9999.0 -9999.0 -9999.0 -9999.0 -9999.0 -9999.0 -9999.0 -9999.0 -9999.0 -9999.0 -9999.0 -9999.0 -9999.0
-9999.0 -9999.0 -9999.0 -9999.0 -9999.0 -9999.0 -9999.0 -9999.0 -9999.0 -9999.0 -9999.0 -9999.0 -9999.0 -9999.0 -9999.0 -9999.0 -9999.0 -9999.0 -9999.0 -9999.0 -9999.0 219.153499 97.855946 84.669783 93.757873 116.827188 99.365097 119.978668 89.139750 1327.175474 150.270883 102.030822 91.141365 90.244291 79.963485 86.959625 81.630433 81.566782 88.683478 93.653291 101.665299 92.365488 154.035257 155.607203 90.445405 90.859066 86.991420 -9999.0 -9999.0 -9999.0 -9999.0 -9999.0 -9999.0 -9999.0 -9999.0 -9999.0 -9999.0 -9999.0 -9999.0 -9999.0 -9999.0 -9999.0 -9999.0 -9999.0
-9999.0 -9999.0 -9999.0 -9999.0 -9999.0 -9999.0 -9999.0 -9999.0 -9999.0 -9999.0 -9999.0 -9999.0 -9999.0 -9999.0 -9999.0 -9999.0 -9999.0 -9999.0 -9999.0 -9999.0 -9999.0 240.663061 106.807442 96.037551 103.546892 84.406641 136.377116 113.888077 431.681154 1576.003905 127.924337 106.154996 96.878077 98.993809 92.852825 90.710337 81.819096 82.171663 87.571863 84.817253 84.053597 91.470563 134.169953 133.058068 94.551748 84.574488 -9999.0 -9999.0 -9999.0 -9999.0 -9999.0 -9999.0 -9999.0 -9999.0 -9999.0 -9999.0 -9999.0 -9999.0 -9999.0 -9999.0 -9999.0 -9999.0 -9999.0 -9999.0
-9999.0 -9999.0 -9999.0 -9999.0 -9999.0 -9999.0 -9999.0 -9999.0 -9999.0 -9999.0 -9999.0 -9999.0 -9999.0 -9999.0 -9999.0 -9999.0 -9999.0 -9999.0 -9999.0 -9999.0 -9999.0 241.684433 110.111695 101.401116 106.042212 83.511928 93.959386 174.743984 1063.859273 1469.396515 119.153579 102.981927 94.213328 95.383926 88.400507 84.400875 86.027077 88.308485 83.049950 87.017403 86.289280 111.690268 109.986496 129.039345 93.098556 95.461633 -9999.0 -9999.0 -9999.0 -9999.0 -9999.0 -9999.0 -9999.0 -9999.0 -9999.0 -9999.0 -9999.0 -9999.0 -9999.0 -9999.0 -9999.0 -9999.0 -9999.0 -9999.0
-9999.0 -9999.0 -9999.0 -9999.0 -9999.0 -9999.0 -9999.0 -9999.0 -9999.0 -9999.0 -9999.0 -9999.0 -9999.0 -9999.0 -9999.0 -9999.0 -9999.0 -9999.0 -9999.0 -9999.0 -9999.0 283.610095 115.905214 103.967586 118.326981 85.696957 97.979118 395.201361 1743.603178 1002.200523 110.677503 101.420461 92.376398 91.089854 80.649958 105.380444 97.358203 91.376285 96.920714 91.919052 88.080006 108.225114 102.689985 126.065182 86.763687 86.329920 -9999.0 -9999.0 -9999.0 -9999.0 -9999.0 -9999.0 -9999.0 -9999.0 -9999.0 -9999.0 -9999.0 -9999.0 -9999.0 -9999.0 -9999.0 -9999.0 -9999.0 -9999.0
-9999.0 -9999.0 -9999.0 -9999.0 -9999.0 -9999.0 -9999.0 -9999.0 -9999.0 -9999.0 -9999.0 -9999.0 -9999.0 -9999.0 -9999.0 -9999.0 -9999.0 -9999.0 -9999.0 -9999.0 -9999.0 -9999.0 276.303654 118.265164 137.788081 88.733230 143.310493 859.881781 1748.715116 801.742930 173.703268 165.536280 140.393582 152.101935 147.628606 140.669928 137.048062 142.139035 124.731459 118.358676 88.905773 106.445242 96.489647 106.632504 95.836435 -9999.0 -9999.0 -9999.0 -9999.0 -9999.0 -9999.0 -9999.0 -9999.0 -9999.0 -9999.0 -9999.0 -9999.0 -9999.0 -9999.0 -9999.0 -9999.0 -9999.0 -9999.0 -9999.0
-9999.0 -9999.0 -9999.0 -9999.0 -9999.0 -9999.0 -9999.0 -9999.0 -9999.0 -9999.0 -9999.0 -9999.0 -9999.0 -9999.0 -9999.0 -9999.0 -9999.0 -9999.0 -9999.0 -9999.0 -9999.0 -9999.0 -9999.0 326.490411 407.853940 434.260142 928.552826 1690.440097 1186.460473 217.602286 129.158705 134.294916 106.406725 110.174295 105.361123 109.140425 103.625738 104.288726 97.236691 97.130602 94.836415 94.058571 84.225839 96.686879 92.917306 -9999.0 -9999.0 -9999.0 -9999.0 -9999.0 -9999.0 -9999.0 -9999.0 -9999.0 -9999.0 -9999.0 -9999.0 -9999.0 -9999.0 -9999.0 -9999.0 -9999.0 -9999.0 -9999.0
-9999.0 -9999.0 -9999.0 -9999.0 -9999.0 -9999.0 -9999.0 -9999.0 -9999.0 -9999.0 -9999.0 -9999.0 -9999.0 -9999.0 -9999.0 -9999.0 -9999.0 -9999.0 -9999.0 -9999.0 -9999.0 -9999.0 -9999.0 -9999.0 -9999.0 -9999.0 457.121220 1534.465381 586.715332 187.878764 139.974218 136.700188 111.407720 116.759985 115.198289 115.322709 107.957094 105.027840 92.682518 91.364495 89.606199 91.331180 82.567129 93.015675 86.486401 -9999.0 -9999.0 -9999.0 -9999.0 -9999.0 -9999.0 -9999.0 -9999.0 -9999.0 -9999.0 -9999.0 -9999.0 -9999.0 -9999.0 -9999.0 -9999.0 -9999.0 -9999.0 -9999.0
-9999.0 -9999.0 -9999.0 -9999.0 -9999.0 -9999.0 -9999.0 -9999.0 -9999.0 -9999.0 -9999.0 -9999.0 -9999.0 -9999.0 -9999.0 -9999.0 -9999.0 -9999.0 -9999.0 -9999.0 -9999.0 -9999.0 -9999.0 -9999.0 -9999.0 -9999.0 -9999.0 555.741923 1555.620222 400.504431 120.897646 119.590960 101.788519 104.783505 100.385492 89.410119 82.428344 81.248248 80.943907 83.140707 81.778913 83.215578 80.960625 79.343476 -9999.0 -9999.0 -9999.0 -9999.0 -9999.0 -9999.0 -9999.0 -9999.0 -9999.0 -9999.0 -9999.0 -9999.0 -9999.0 -9999.0 -9999.0 -9999.0 -9999.0 -9999.0 -9999.0 -9999.0
