geotop/1.0zi/1.0Montebello/Templates/Dripsey sc/maps/PSILIQL0002N0019.asc
ncols         69
nrows         152
xllcorner     146499.903857
yllcorner     75332.942244
cellsize      50.000000
NODATA_value  -9999.0
[rows 56 to 83 of 152, columns 0 to 62 of 69]
-9999.0 -9999.0 -872.729708 -872.703261 -872.679398 -872.638154 -872.616305 -872.630111 -872.613532 -872.623592 -872.630572 -872.746671 -872.745207 -872.639628 -872.747216 -872.747069 -872.735401 -872.741059 -872.729777 -872.747758 -872.745458 -872.750868 -872.739443 -871.182639 -872.666829 -872.715548 -872.733588 -872.708468 -872.724955 -872.668443 -872.743123 -872.701206 -872.725200 -872.654063 -872.639776 -872.722773 -872.641854 -872.710557 -872.687421 -872.739302 -872.652057 -872.736773 -872.732206 -872.601221 -872.075483 -872.719510 -872.747836 -872.734243 -872.747736 -872.724057 -872.740517 -872.749515 -872.743400 -872.737298 -872.755756 -872.723521 -872.730187 -872.715704 -872.745225 -872.732205 -872.723810 -9999.0 -9999.0
-9999.0 -9999.0 -9999.0 -872.715138 -872.721768 -872.713147 -872.696685 -872.697044 -872.676542 -872.678154 -872.652745 -872.594951 -872.616299 -872.725125 -872.703831 -872.713844 -872.742710 -872.741194 -872.719055 -872.708945 -872.684108 -872.690555 -872.686114 -871.665611 -872.735643 -872.751267 -872.711751 -872.721753 -872.691303 -872.733103 -872.702030 -872.702832 -872.743455 -872.653202 -872.641922 -872.743151 -872.629032 -872.703307 -872.688458 -872.745052 -872.734116 -872.678597 -872.708738 -872.210988 -872.617924 -872.660762 -872.688016 -872.684990 -872.709000 -872.727508 -872.743693 -872.748286 -872.757665 -872.736387 -872.736195 -872.724094 -872.737802 -872.719608 -872.728447 -872.732094 -9999.0 -9999.0 -9999.0
-9999.0 -9999.0 -9999.0 -872.732314 -872.695190 -872.741233 -872.735390 -872.722336 -872.697783 -872.692988 -872.689872 -872.743120 -872.742943 -872.745088 -872.723548 -872.715444 -872.618779 -872.633296 -872.614226 -872.619730 -872.585706 -872.611584 -872.620201 -872.574043 -871.910363 -872.678950 -872.712309 -872.672837 -872.727570 -872.696235 -872.747159 -872.693646 -872.742349 -872.630061 -872.617046 -872.741372 -872.612449 -872.681687 -872.678337 -872.747600 -872.734338 -872.715169 -872.528115 -871.991261 -872.673363 -872.701158 -872.720987 -872.731011 -872.756014 -872.761184 -872.752775 -872.746998 -872.756349 -872.746173 -872.746804 -872.743271 -872.743769 -872.743943 -872.741080 -9999.0 -9999.0 -9999.0 -9999.0
-9999.0 -9999.0 -9999.0 -872.734014 -872.717321 -872.684198 -872.657405 -872.657593 -872.519069 -872.526683 -872.488007 -872.504530 -872.498833 -872.564334 -872.519832 -872.426971 -872.260857 -872.332704 -872.302169 -872.351333 -872.384174 -872.742559 -872.725544 -872.706726 -871.774050 -872.663892 -872.677471 -872.719436 -872.701952 -872.736265 -872.702873 -872.725723 -872.749436 -872.652973 -872.638876 -872.739906 -872.721588 -872.624377 -872.683905 -872.750892 -872.729080 -872.714001 -872.470259 -872.241182 -872.598022 -872.641748 -872.661753 -872.700708 -872.727933 -872.733660 -872.742766 -872.751623 -872.751011 -9999.0 -9999.0 -9999.0 -9999.0 -9999.0 -9999.0 -9999.0 -9999.0 -9999.0 -9999.0
-9999.0 -9999.0 -9999.0 -872.725464 -872.675047 -872.646143 -872.609265 -872.633564 -872.722552 -872.704559 -872.648394 -872.629132 -872.602425 -872.571950 -872.580550 -872.693010 -872.745412 -872.698501 -872.683024 -872.685577 -872.681034 -872.336311 -872.355301 -872.306255 -871.547244 -872.310695 -872.687736 -872.685909 -872.728127 -872.689722 -872.747181 -872.696042 -872.746977 -872.626382 -872.614972 -872.717907 -872.715714 -872.745317 -872.572797 -872.746182 -872.702913 -872.665587 -872.116683 -872.644137 -872.692348 -872.708701 -872.712132 -872.723659 -872.737217 -872.742691 -872.755196 -872.746607 -872.739473 -9999.0 -9999.0 -9999.0 -9999.0 -9999.0 -9999.0 -9999.0 -9999.0 -9999.0 -9999.0
-9999.0 -9999.0 -9999.0 -9999.0 -9999.0 -872.736768 -872.720326 -872.741919 -872.726305 -872.719938 -872.715609 -872.698176 -872.674061 -872.732434 -872.692996 -872.727112 -872.718854 -872.741474 -872.723000 -872.683118 -872.654971 -872.561247 -872.575079 -872.479286 -872.365228 -871.606621 -872.631002 -872.703686 -872.697171 -872.737673 -872.744248 -872.686106 -872.750322 -872.635255 -872.629743 -872.712104 -872.739826 -872.714231 -872.732789 -872.546603 -872.713207 -872.195655 -872.635861 -872.699915 -872.731977 -872.708774 -872.724088 -872.732327 -872.745587 -872.751708 -872.759158 -872.748215 -872.731863 -9999.0 -9999.0 -9999.0 -9999.0 -9999.0 -9999.0 -9999.0 -9999.0 -9999.0 -9999.0
-9999.0 -9999.0 -9999.0 -9999.0 -9999.0 -9999.0 -872.734664 -872.745468 -872.731643 -872.735459 -872.722123 -872.734460 -872.745898 -872.708303 -872.748740 -872.746441 -872.724637 -872.709607 -872.711944 -872.635648 -872.601533 -872.548495 -872.589431 -872.715357 -872.681684 -872.270419 -871.743938 -872.596096 -872.726639 -872.750723 -872.735127 -872.675807 -872.747724 -872.608542 -872.604756 -872.691508 -872.718426 -872.746092 -872.698302 -872.473050 -872.308453 -872.717363 -872.746981 -872.751267 -872.754682 -872.750164 -872.755487 -872.741060 -872.751620 -872.742154 -872.756848 -872.735426 -872.730060 -9999.0 -9999.0 -9999.0 -9999.0 -9999.0 -9999.0 -9999.0 -9999.0 -9999.0 -9999.0
-9999.0 -9999.0 -9999.0 -9999.0 -9999.0 -9999.0 -9999.0 -872.738573 -872.742629 -872.733566 -872.744658 -872.709552 -872.703067 -872.738503 -872.721047 -872.720547 -872.703233 -872.624877 -872.632903 -872.730293 -872.723013 -872.742306 -872.723870 -872.689957 -872.435945 -872.342965 -871.628273 -872.446536 -872.727966 -872.720853 -872.690839 -872.737389 -872.751831 -872.631496 -872.620802 -872.685374 -872.713260 -872.751188 -872.728293 -872.335054 -872.571714 -872.567680 -872.625027 -872.615364 -872.679169 -872.681008 -872.703071 -872.701567 -872.724727 -872.740632 -872.753793 -872.693526 -872.748728 -9999.0 -9999.0 -9999.0 -9999.0 -9999.0 -9999.0 -9999.0 -9999.0 -9999.0 -9999.0
-9999.0 -9999.0 -9999.0 -9999.0 -9999.0 -9999.0 -9999.0 -9999.0 -872.740563 -872.740570 -872.730159 -872.740608 -872.717362 -872.711534 -872.691540 -872.694784 -872.700064 -872.748455 -872.746153 -872.746405 -872.725230 -872.713701 -872.699969 -872.552256 -872.746760 -872.713352 -872.561644 -871.527356 -872.423912 -872.568278 -872.723541 -872.736459 -872.751592 -872.614036 -872.597850 -872.679464 -872.697452 -872.742363 -872.681481 -872.348640 -872.690376 -872.699194 -872.725051 -872.749267 -872.694182 -872.676275 -872.694945 -872.693956 -872.715164 -872.733044 -872.749232 -872.685422 -872.730933 -9999.0 -9999.0 -9999.0 -9999.0 -9999.0 -9999.0 -9999.0 -9999.0 -9999.0 -9999.0
-9999.0 -9999.0 -9999.0 -9999.0 -9999.0 -9999.0 -9999.0 -9999.0 -9999.0 -872.745584 -872.742443 -872.740101 -872.718011 -872.712854 -872.660413 -872.662868 -872.647899 -872.650682 -872.627904 -872.644888 -872.610571 -872.501075 -872.506095 -872.740476 -872.730365 -872.665715 -872.516869 -872.298667 -871.168331 -871.544299 -872.704579 -872.729493 -872.752766 -872.626797 -872.620283 -872.686810 -872.699760 -872.727002 -872.402296 -872.686117 -872.720158 -872.726639 -872.749446 -872.734576 -872.740926 -872.730661 -872.742402 -872.745868 -872.724728 -872.733689 -872.690295 -872.723373 -872.747860 -9999.0 -9999.0 -9999.0 -9999.0 -9999.0 -9999.0 -9999.0 -9999.0 -9999.0 -9999.0
-9999.0 -9999.0 -9999.0 -9999.0 -9999.0 -9999.0 -9999.0 -9999.0 -9999.0 -9999.0 -872.726776 -872.728952 -872.732989 -872.731163 -872.744673 -872.745900 -872.730858 -872.719189 -872.690868 -872.689544 -872.605988 -872.697706 -872.673666 -872.674579 -872.679908 -872.652873 -872.744368 -872.740046 -872.511983 -870.985519 -871.872451 -872.517996 -872.739652 -872.591925 -872.583340 -872.662795 -872.660956 -872.338348 -872.642683 -872.669230 -872.719037 -872.726207 -872.746219 -872.743701 -872.721143 -872.744570 -872.733574 -872.709940 -872.724918 -872.674102 -872.715092 -872.729968 -9999.0 -9999.0 -9999.0 -9999.0 -9999.0 -9999.0 -9999.0 -9999.0 -9999.0 -9999.0 -9999.0
-9999.0 -9999.0 -9999.0 -9999.0 -9999.0 -9999.0 -9999.0 -9999.0 -9999.0 -9999.0 -9999.0 -872.720998 -872.717916 -872.746028 -872.743285 -872.744757 -872.730367 -872.719361 -872.628527 -872.651339 -872.717285 -872.713154 -872.670413 -872.654189 -872.636521 -872.677909 -872.632728 -872.616293 -872.161868 -871.624869 -870.916912 -871.728477 -872.695913 -872.499172 -872.550241 -872.616451 -872.251581 -872.626871 -872.666751 -872.744538 -872.716626 -872.709545 -872.727283 -872.707428 -872.732967 -872.721075 -872.705964 -872.701886 -872.681706 -872.709982 -872.726723 -9999.0 -9999.0 -9999.0 -9999.0 -9999.0 -9999.0 -9999.0 -9999.0 -9999.0 -9999.0 -9999.0 -9999.0
-9999.0 -9999.0 -9999.0 -9999.0 -9999.0 -9999.0 -9999.0 -9999.0 -9999.0 -9999.0 -9999.0 -872.742005 -872.699552 -872.703915 -872.723155 -872.725013 -872.710011 -872.718727 -872.731093 -872.733929 -872.736217 -872.738182 -872.747658 -872.724255 -872.703540 -872.725776 -872.724162 -872.696801 -872.699413 -872.276403 -871.107750 -870.674826 -871.864633 -871.807880 -872.314338 -872.277930 -872.073388 -872.699359 -872.752746 -872.688625 -872.666530 -872.665240 -872.686003 -872.714093 -872.707530 -872.684098 -872.744217 -872.624946 -872.700534 -872.714494 -9999.0 -9999.0 -9999.0 -9999.0 -9999.0 -9999.0 -9999.0 -9999.0 -9999.0 -9999.0 -9999.0 -9999.0 -9999.0
-9999.0 -9999.0 -9999.0 -9999.0 -9999.0 -9999.0 -9999.0 -9999.0 -9999.0 -9999.0 -9999.0 -9999.0 -872.725618 -872.698408 -872.695427 -872.721414 -872.744912 -872.747435 -872.743504 -872.743142 -872.745123 -872.743245 -872.731319 -872.711999 -872.728779 -872.733953 -872.698129 -872.737851 -872.711762 -872.714577 -871.667905 -870.736844 -871.119666 -871.760212 -871.970479 -871.848380 -872.527880 -872.716453 -872.753041 -872.749547 -872.747015 -872.743775 -872.712040 -872.699044 -872.688004 -872.728391 -872.619596 -872.677425 -872.706545 -872.748979 -9999.0 -9999.0 -9999.0 -9999.0 -9999.0 -9999.0 -9999.0 -9999.0 -9999.0 -9999.0 -9999.0 -9999.0 -9999.0
-9999.0 -9999.0 -9999.0 -9999.0 -9999.0 -9999.0 -9999.0 -9999.0 -9999.0 -9999.0 -9999.0 -9999.0 -9999.0 -872.714339 -872.683459 -872.695159 -872.710334 -872.732071 -872.733564 -872.738997 -872.732980 -872.724237 -872.719285 -872.746475 -872.743484 -872.705676 -872.748554 -872.730756 -872.749961 -872.724893 -872.733820 -872.616942 -870.489212 -871.316280 -871.287426 -871.866680 -872.414400 -872.673956 -872.715192 -872.727235 -872.731677 -872.638762 -872.669076 -872.660166 -872.714625 -872.584922 -872.660939 -872.634771 -872.705103 -872.735781 -9999.0 -9999.0 -9999.0 -9999.0 -9999.0 -9999.0 -9999.0 -9999.0 -9999.0 -9999.0 -9999.0 -9999.0 -9999.0
-9999.0 -9999.0 -9999.0 -9999.0 -9999.0 -9999.0 -9999.0 -9999.0 -9999.0 -9999.0 -9999.0 -9999.0 -9999.0 -9999.0 -872.706808 -872.691167 -872.687973 -872.698383 -872.698008 -872.743494 -872.715675 -872.738378 -872.715824 -872.704953 -867.883307 -868.002952 -867.971759 -868.033790 -867.992482 -868.024891 -872.719504 -872.535536 -870.476711 -870.788708 -872.144636 -872.721498 -872.784157 -872.793417 -872.792848 -872.792697 -872.791594 -872.786491 -872.377414 -872.358366 -872.416786 -872.486392 -872.595037 -872.704976 -872.736150 -9999.0 -9999.0 -9999.0 -9999.0 -9999.0 -9999.0 -9999.0 -9999.0 -9999.0 -9999.0 -9999.0 -9999.0 -9999.0 -9999.0
-9999.0 -9999.0 -9999.0 -9999.0 -9999.0 -9999.0 -9999.0 -9999.0 -9999.0 -9999.0 -9999.0 -9999.0 -9999.0 -9999.0 -9999.0 -872.683651 -872.599240 -872.475199 -872.497084 -872.689145 -872.697697 -872.741456 -872.739541 -868.005807 -867.922999 -867.900922 -867.845175 -867.874337 -867.822398 -867.826837 -867.737599 -872.576011 -870.859664 -870.169660 -871.331080 -872.267623 -872.694547 -872.740847 -872.755518 -872.689318 -872.748020 -872.630837 -872.323101 -872.484925 -872.617921 -872.617799 -872.640901 -872.679210 -872.736759 -9999.0 -9999.0 -9999.0 -9999.0 -9999.0 -9999.0 -9999.0 -9999.0 -9999.0 -9999.0 -9999.0 -9999.0 -9999.0 -9999.0
-9999.0 -9999.0 -9999.0 -9999.0 -9999.0 -9999.0 -9999.0 -9999.0 -9999.0 -9999.0 -9999.0 -9999.0 -9999.0 -9999.0 -9999.0 -9999.0 -9999.0 -872.744760 -872.742667 -872.554480 -872.685572 -872.696625 -867.947807 -867.988802 -868.025969 -868.033413 -868.031096 -868.053827 -868.043142 -868.032078 -867.984169 -867.843418 -870.359870 -871.957336 -872.725457 -872.543660 -872.727710 -872.728068 -872.754942 -872.732597 -872.711060 -872.720887 -872.652475 -872.346579 -872.661434 -872.712442 -872.738740 -872.697023 -872.744163 -9999.0 -9999.0 -9999.0 -9999.0 -9999.0 -9999.0 -9999.0 -9999.0 -9999.0 -9999.0 -9999.0 -9999.0 -9999.0 -9999.0
-9999.0 -9999.0 -9999.0 -9999.0 -9999.0 -9999.0 -9999.0 -9999.0 -9999.0 -9999.0 -9999.0 -9999.0 -9999.0 -9999.0 -9999.0 -9999.0 -9999.0 -872.744895 -872.728394 -872.729387 -872.519768 -867.799971 -867.762496 -868.028445 -867.937468 -867.987684 -867.992979 -868.009228 -867.999452 -867.981066 -867.931807 -866.730231 -859.631059 -871.270923 -872.691209 -872.716824 -872.742112 -872.746776 -872.737607 -872.751645 -872.711712 -872.745168 -872.646302 -872.331283 -872.686338 -872.691286 -872.727433 -872.726517 -872.748458 -9999.0 -9999.0 -9999.0 -9999.0 -9999.0 -9999.0 -9999.0 -9999.0 -9999.0 -9999.0 -9999.0 -9999.0 -9999.0 -9999.0
-9999.0 -9999.0 -9999.0 -9999.0 -9999.0 -9999.0 -9999.0 -9999.0 -9999.0 -9999.0 -9999.0 -9999.0 -9999.0 -9999.0 -9999.0 -9999.0 -9999.0 -9999.0 -872.722716 -872.722451 -872.705761 -867.239149 -867.715576 -867.780362 -867.981932 -867.942388 -867.974505 -867.983266 -867.967564 -867.971658 -867.943728 -864.962432 -860.852001 -866.805596 -872.720314 -872.730725 -872.739282 -872.742329 -872.754425 -872.732902 -872.708309 -872.745261 -872.650628 -872.283218 -872.741742 -872.697702 -872.737231 -872.747470 -872.746119 -9999.0 -9999.0 -9999.0 -9999.0 -9999.0 -9999.0 -9999.0 -9999.0 -9999.0 -9999.0 -9999.0 -9999.0 -9999.0 -9999.0
-9999.0 -9999.0 -9999.0 -9999.0 -9999.0 -9999.0 -9999.0 -9999.0 -9999.0 -9999.0 -9999.0 -9999.0 -9999.0 -9999.0 -9999.0 -9999.0 -9999.0 -9999.0 -872.714112 -872.744617 -872.671001 -867.111991 -867.713148 -868.026099 -867.767453 -867.966429 -867.900002 -867.940859 -867.922659 -867.889269 -865.401788 -859.609616 -867.549553 -867.972792 -868.014059 -868.019424 -872.739406 -872.743088 -872.754349 -872.745175 -872.728614 -872.725701 -872.697773 -872.334984 -872.718171 -872.731291 -872.743897 -872.752332 -9999.0 -9999.0 -9999.0 -9999.0 -9999.0 -9999.0 -9999.0 -9999.0 -9999.0 -9999.0 -9999.0 -9999.0 -9999.0 -9999.0 -9999.0
-9999.0 -9999.0 -9999.0 -9999.0 -9999.0 -9999.0 -9999.0 -9999.0 -9999.0 -9999.0 -9999.0 -9999.0 -9999.0 -9999.0 -9999.0 -9999.0 -9999.0 -9999.0 -9999.0 -872.711351 -872.728709 -867.088432 -868.019271 -867.797150 -867.999773 -867.803140 -867.929588 -867.892605 -867.896616 -867.739570 -860.408938 -865.173646 -867.999289 -867.992916 -868.047886 -868.003379 -872.745081 -872.740728 -872.751188 -872.748130 -872.732316 -872.733820 -872.543762 -872.491435 -872.731787 -872.738525 -872.754988 -872.750320 -9999.0 -9999.0 -9999.0 -9999.0 -9999.0 -9999.0 -9999.0 -9999.0 -9999.0 -9999.0 -9999.0 -9999.0 -9999.0 -9999.0 -9999.0
-9999.0 -9999.0 -9999.0 -9999.0 -9999.0 -9999.0 -9999.0 -9999.0 -9999.0 -9999.0 -9999.0 -9999.0 -9999.0 -9999.0 -9999.0 -9999.0 -9999.0 -9999.0 -9999.0 -9999.0 -872.697621 -866.995020 -867.959370 -868.039320 -867.767398 -867.970591 -867.749225 -867.864572 -867.628266 -866.345963 -861.123994 -867.951582 -868.070779 -868.077900 -868.020510 -868.066095 -868.040284 -868.066130 -872.751762 -872.750990 -872.746888 -872.706695 -872.580527 -872.582234 -872.727092 -872.750549 -872.753796 -9999.0 -9999.0 -9999.0 -9999.0 -9999.0 -9999.0 -9999.0 -9999.0 -9999.0 -9999.0 -9999.0 -9999.0 -9999.0 -9999.0 -9999.0 -9999.0
-9999.0 -9999.0 -9999.0 -9999.0 -9999.0 -9999.0 -9999.0 -9999.0 -9999.0 -9999.0 -9999.0 -9999.0 -9999.0 -9999.0 -9999.0 -9999.0 -9999.0 -9999.0 -9999.0 -9999.0 -9999.0 -867.097496 -867.940623 -868.030028 -867.975649 -867.781982 -867.932048 -867.739867 -867.998698 -861.452667 -867.168518 -867.914054 -867.995754 -868.002487 -868.063750 -868.019885 -868.050778 -868.049088 -872.735376 -872.725208 -872.708377 -872.728826 -872.580275 -872.576263 -872.732712 -872.731386 -872.739050 -9999.0 -9999.0 -9999.0 -9999.0 -9999.0 -9999.0 -9999.0 -9999.0 -9999.0 -9999.0 -9999.0 -9999.0 -9999.0 -9999.0 -9999.0 -9999.0
-9999.0 -9999.0 -9999.0 -9999.0 -9999.0 -9999.0 -9999.0 -9999.0 -9999.0 -9999.0 -9999.0 -9999.0 -9999.0 -9999.0 -9999.0 -9999.0 -9999.0 -9999.0 -9999.0 -9999.0 -9999.0 -866.948871 -867.872322 -867.957766 -867.898699 -868.030731 -867.664095 -867.807784 -865.620813 -860.156761 -867.682209 -867.881524 -867.949656 -867.936556 -867.984667 -867.996416 -868.049287 -868.045170 -868.010361 -872.743183 -872.744751 -872.730202 -872.628530 -872.624271 -872.722410 -872.743702 -9999.0 -9999.0 -9999.0 -9999.0 -9999.0 -9999.0 -9999.0 -9999.0 -9999.0 -9999.0 -9999.0 -9999.0 -9999.0 -9999.0 -9999.0 -9999.0 -9999.0
-9999.0 -9999.0 -9999.0 -9999.0 -9999.0 -9999.0 -9999.0 -9999.0 -9999.0 -9999.0 -9999.0 -9999.0 -9999.0 -9999.0 -9999.0 -9999.0 -9999.0 -9999.0 -9999.0 -9999.0 -9999.0 -872.394901 -867.838456 -867.912403 -867.871677 -868.036510 -867.975924 -867.352295 -862.868773 -860.758096 -867.767334 -867.906127 -867.971990 -867.966427 -868.011728 -868.032858 -868.025210 -868.007531 -868.038948 -872.738728 -872.740213 -872.679589 -872.683701 -872.630271 -872.726645 -872.721590 -9999.0 -9999.0 -9999.0 -9999.0 -9999.0 -9999.0 -9999.0 -9999.0 -9999.0 -9999.0 -9999.0 -9999.0 -9999.0 -9999.0 -9999.0 -9999.0 -9999.0
-9999.0 -9999.0 -9999.0 -9999.0 -9999.0 -9999.0 -9999.0 -9999.0 -9999.0 -9999.0 -9999.0 -9999.0 -9999.0 -9999.0 -9999.0 -9999.0 -9999.0 -9999.0 -9999.0 -9999.0 -9999.0 -872.315459 -867.787771 -867.887661 -867.770089 -868.022115 -867.959236 -866.788835 -859.312603 -863.982514 -867.852903 -867.919625 -867.985418 -867.995568 -868.057890 -867.898945 -867.950971 -867.989896 -867.952126 -872.728448 -872.736472 -872.686436 -872.703092 -872.650057 -872.739484 -872.740410 -9999.0 -9999.0 -9999.0 -9999.0 -9999.0 -9999.0 -9999.0 -9999.0 -9999.0 -9999.0 -9999.0 -9999.0 -9999.0 -9999.0 -9999.0 -9999.0 -9999.0
-9999.0 -9999.0 -9999.0 -9999.0 -9999.0 -9999.0 -9999.0 -9999.0 -9999.0 -9999.0 -9999.0 -9999.0 -9999.0 -9999.0 -9999.0 -9999.0 -9999.0 -9999.0 -9999.0 -9999.0 -9999.0 -9999.0 -866.768180 -867.755113 -867.622925 -867.998509 -867.528186 -865.412632 -859.254600 -864.097686 -867.326331 -867.394719 -867.575559 -867.505270 -867.564517 -867.580644 -867.633393 -867.613494 -867.742178 -872.669372 -872.734845 -872.694843 -872.720040 -872.693065 -872.720277 -9999.0 -9999.0 -9999.0 -9999.0 -9999.0 -9999.0 -9999.0 -9999.0 -9999.0 -9999.0 -9999.0 -9999.0 -9999.0 -9999.0 -9999.0 -9999.0 -9999.0 -9999.0
