geotop/1.0zi/1.0Montebello/Templates/Dripsey sc/maps/PSILIQL0001N0033.asc
ncols         69
nrows         152
xllcorner     146499.903857
yllcorner     75332.942244
cellsize      50.000000
NODATA_value  -9999.0
[rows 28 to 55 of 152, columns 0 to 64 of 69]
-9999.0 -9999.0 -9999.0 -9999.0 -9999.0 -9999.0 -9999.0 -9999.0 -9999.0 -9999.0 -9999.0 -9999.0 95.127199 74.428885 89.327540 91.503472 97.499203 72.950301 127.843204 94.299555 159.740835 81.225841 90.636616 157.791798 193.760581 50.214972 89.785446 90.279738 85.720153 79.973197 72.680897 83.659573 85.211890 86.949691 94.409623 113.645935 92.330605 86.969553 80.453099 95.064577 106.133888 103.093072 85.844170 90.121441 172.302981 76.357913 83.974883 153.492557 118.107164 119.045614 82.475108 75.228018 157.603276 149.169701 92.091931 92.589106 80.683527 98.576009 90.225321 88.333064 80.033490 -9999.0 -9999.0 -9999.0 -9999.0
-9999.0 -9999.0 -9999.0 -9999.0 -9999.0 -9999.0 -9999.0 -9999.0 -9999.0 -9999.0 -9999.0 -9999.0 95.728632 73.203620 79.559568 89.908636 94.319609 99.674773 123.747138 73.592288 96.525177 169.590655 101.844879 217.206732 50.215376 105.293434 82.836257 78.702726 76.749144 76.989433 72.043082 81.775483 83.916655 87.193237 94.411019 117.915786 89.104595 80.910441 85.699482 78.508012 89.338023 88.471170 110.123944 89.300871 95.930015 168.984222 85.286374 85.783748 194.833415 121.751390 75.153544 76.022061 148.480592 157.756901 92.898092 86.901256 98.017891 94.809386 93.241828 92.943519 87.730349 -9999.0 -9999.0 -9999.0 -9999.0
-9999.0 -9999.0 -9999.0 -9999.0 -9999.0 -9999.0 -9999.0 -9999.0 -9999.0 -9999.0 -9999.0 -9999.0 106.631018 75.007621 82.912057 89.664431 112.701721 105.465597 116.664898 127.880356 82.497911 216.720351 50.820401 50.150221 85.918314 72.291300 81.558127 71.753902 69.877184 71.623722 71.380602 73.877571 76.148659 76.740171 88.679417 106.518529 81.123043 76.388343 79.827145 85.022944 93.944371 97.147230 113.326061 114.874896 98.816113 99.360872 165.897741 89.106295 196.379004 137.035290 83.822434 84.545583 164.119445 163.361779 89.426476 152.684517 135.519656 115.820969 103.705604 107.713213 106.030793 78.318279 -9999.0 -9999.0 -9999.0
-9999.0 -9999.0 -9999.0 -9999.0 -9999.0 -9999.0 -9999.0 -9999.0 -9999.0 -9999.0 -9999.0 76.132066 105.015943 78.000923 83.453630 90.263911 100.489851 133.728234 112.017241 113.190930 134.735671 50.636769 83.764105 76.247801 71.544152 81.009561 75.790669 80.013335 74.772189 74.602446 72.987507 73.233263 76.650261 75.539677 78.735725 93.309275 83.302515 79.836075 87.662488 90.116005 91.388387 73.816902 75.290889 110.735273 130.272474 95.969448 97.217196 146.935162 74.675125 200.973953 89.176987 88.774410 224.269148 93.306444 139.137142 93.867484 92.594885 89.795473 81.713166 77.088622 74.794103 98.879116 96.822385 -9999.0 -9999.0
-9999.0 -9999.0 -9999.0 -9999.0 -9999.0 -9999.0 -9999.0 -9999.0 -9999.0 -9999.0 -9999.0 86.996524 104.028912 87.915691 77.020462 92.886896 100.616942 102.682422 156.391700 108.194431 120.419411 50.503321 104.924994 105.300868 98.557654 100.810666 93.400307 91.356682 83.680256 82.279253 82.018289 82.439100 76.642648 83.153577 80.817092 81.357695 81.647985 79.179516 86.318139 88.702476 92.046237 93.144118 82.366949 81.185157 165.495679 73.619984 97.290143 99.624012 166.833552 82.275932 235.880476 100.810007 266.902726 157.418428 123.975206 127.740496 116.238776 120.742124 108.293801 113.461000 99.236274 101.190182 94.467083 86.118899 -9999.0
-9999.0 -9999.0 -9999.0 -9999.0 -9999.0 -9999.0 -9999.0 -9999.0 -9999.0 -9999.0 70.990677 109.139346 74.197814 90.373250 78.019499 80.968058 73.671977 72.621531 74.179352 139.087999 112.860516 50.541140 73.362714 78.305985 73.451118 73.333748 72.387852 73.327713 83.354514 85.870551 86.966646 89.446706 79.454945 88.200596 80.891492 77.982518 85.127660 82.055516 74.392329 75.404296 85.792770 97.241149 96.303063 83.334874 163.589324 74.925358 81.541058 104.954341 103.294842 161.009757 93.084005 283.942647 313.083611 136.011916 107.668949 123.238430 117.164000 121.650015 107.830810 110.296804 103.208738 94.671069 87.196341 86.713917 78.534356
-9999.0 -9999.0 -9999.0 -9999.0 -9999.0 -9999.0 -9999.0 -9999.0 -9999.0 77.755127 102.144990 78.827615 73.096236 94.657836 84.285904 77.357735 85.780353 79.402285 80.958645 84.309776 165.169010 50.507807 103.219008 87.771629 81.056652 80.064531 79.257952 89.138862 87.954915 90.546636 73.438089 90.871449 91.231402 97.820768 90.847452 77.829240 84.096791 87.396264 87.616396 83.169126 90.997354 92.396111 132.199318 130.879654 161.080982 80.266785 89.981385 113.769513 75.274120 114.624196 243.066299 306.924568 415.464837 179.429939 99.504831 100.195294 94.685751 93.287130 86.165022 84.440362 76.733905 84.499379 78.689892 78.460211 78.274738
-9999.0 -9999.0 -9999.0 -9999.0 -9999.0 -9999.0 -9999.0 -9999.0 88.091353 116.729213 83.370230 78.803185 72.546378 92.582234 85.940293 81.225628 74.462940 86.218497 87.414728 88.153941 74.716034 50.627475 73.825235 72.526843 81.670488 83.670061 90.455217 92.788634 90.963340 80.470730 88.668348 74.768534 93.831077 99.504804 93.216853 78.267071 85.920103 85.974045 90.672157 88.260069 73.820945 72.717816 73.269948 71.959759 137.054094 152.374557 102.379497 121.678437 76.961647 85.358958 246.273597 53.473157 161.884276 160.591356 128.860545 135.038749 129.385926 119.760075 107.386007 114.432150 90.817775 89.537956 79.009539 78.769585 78.165064
-9999.0 -9999.0 -9999.0 -9999.0 -9999.0 -9999.0 -9999.0 74.892999 88.929352 127.184180 87.553861 82.964329 75.810239 92.689927 88.262437 89.314892 83.727196 73.828552 104.299904 97.079750 73.721672 50.122761 80.064825 88.628574 86.589430 156.170159 158.393123 153.098580 117.782348 114.374913 85.457151 76.674719 96.037815 112.152494 101.980122 84.252732 89.765603 75.597510 92.971134 98.957261 124.218827 128.620998 139.728194 134.165396 138.633807 148.767324 200.638780 121.356774 87.050141 94.168720 244.491383 50.528793 109.273958 94.992027 83.666098 82.005053 74.919517 84.470642 80.867439 77.386909 93.119669 97.683378 88.521620 87.630323 86.399154
-9999.0 -9999.0 -9999.0 -9999.0 -9999.0 -9999.0 89.672817 109.257083 107.118967 119.978397 90.368003 90.594683 93.480853 88.776113 69.444292 89.722555 86.106402 74.723508 84.527868 113.669419 75.045731 50.136743 88.948803 90.073347 148.595312 72.658951 82.879615 86.441980 75.960750 76.163664 81.831600 98.195451 79.197628 111.637231 103.996605 78.280611 92.194821 91.019277 82.352274 99.941504 109.477896 106.627629 102.576211 74.173802 85.323317 175.935611 222.737329 193.369658 155.490817 273.166472 50.402536 198.649519 152.175223 139.638237 94.199664 94.987924 91.748513 89.774005 81.353432 77.661946 75.941879 77.562107 90.042868 92.667529 77.367848
-9999.0 -9999.0 -9999.0 -9999.0 -9999.0 71.742733 92.623032 96.044677 119.425154 164.745616 348.591170 394.785479 108.491405 97.750508 69.878798 93.144760 92.361812 83.312104 90.772458 73.973502 149.589812 50.204880 93.496408 157.463688 128.082793 144.883618 122.145158 133.725222 127.730777 132.294064 110.892227 78.519270 90.849774 126.472095 119.349150 84.681307 95.012273 76.003149 97.505017 86.519773 75.048454 74.927239 83.086532 115.963106 138.038725 144.930415 138.066479 219.178949 296.761074 50.812831 137.706304 89.969008 76.178282 72.838733 94.831835 93.499363 87.178006 85.052692 75.261187 122.581367 134.450586 132.036461 103.578483 87.505143 86.141402
-9999.0 -9999.0 -9999.0 -9999.0 -9999.0 86.250360 91.921699 85.275414 95.408394 93.140649 129.355104 181.911411 387.621016 123.748819 72.939043 94.964801 92.991971 82.238229 87.259679 72.711083 149.534561 50.227038 154.641806 146.463442 94.803490 91.466985 84.733869 85.131903 77.574809 77.114460 82.845775 80.309388 94.718521 124.590870 117.924313 78.650846 92.631660 95.275359 82.022826 95.492901 88.707737 77.924935 72.957498 74.428439 87.619211 92.494839 93.414463 131.303801 51.214990 90.172986 83.539168 113.817241 103.279267 92.760442 85.492154 86.551603 82.628199 78.286574 115.372577 73.001021 73.190384 76.788419 90.108502 90.027825 84.541275
-9999.0 -9999.0 -9999.0 -9999.0 83.618309 84.933911 82.802981 90.895661 85.121575 83.128050 82.134101 87.906964 113.123103 367.225248 86.451825 104.016270 101.513415 92.481954 74.023055 74.132818 168.348973 50.716897 153.450298 102.083170 96.377742 95.124939 89.199073 91.569413 87.038679 92.230563 77.127137 92.017011 106.517234 120.641677 116.956712 84.535474 101.984774 76.320286 101.179052 85.976359 100.657733 96.430037 114.052309 118.483589 140.185496 136.058222 152.787924 162.573131 50.808089 85.230261 72.651003 74.083993 72.773975 79.326596 73.676243 82.221675 77.608042 151.789273 79.251946 79.279822 78.731977 91.395834 93.827463 90.146802 84.843455
-9999.0 -9999.0 -9999.0 81.673438 86.044597 77.827473 91.523458 82.251692 83.477785 76.922392 78.245936 77.933340 96.219262 82.119171 52.788217 50.470398 98.477039 77.718295 72.176208 75.776113 168.706391 50.792949 95.758850 92.333159 87.993807 87.716700 80.748690 78.438772 93.139954 84.239056 76.082347 94.919176 107.850298 75.942845 135.023564 114.108817 116.286103 75.043467 81.413820 98.530647 89.440875 99.607714 74.159990 76.917458 82.926433 76.285290 81.598407 73.994129 50.124143 85.298363 71.679729 71.967022 72.225902 79.725027 74.300521 72.779665 72.827331 146.473980 82.546077 83.044476 88.978464 95.759530 87.645794 85.676431 81.837237
-9999.0 -9999.0 75.435030 81.213199 75.168475 86.736041 77.982799 76.885563 72.837343 71.348191 71.939514 89.087306 73.063220 104.669517 74.813162 88.764937 50.342740 83.987453 71.634827 83.873098 186.707007 50.190200 90.432289 88.362921 83.312165 82.883262 74.528011 95.002159 88.412978 84.489603 77.251120 104.813851 121.499401 77.167595 156.560238 76.708994 174.297836 74.677580 81.717172 85.544271 106.171809 97.877167 128.827093 86.146720 88.932291 89.093516 97.884848 110.566725 50.267329 103.851576 79.978842 77.925599 81.817671 73.723207 78.390279 79.509814 73.474383 147.967303 88.034532 96.703883 72.890618 107.840097 87.991873 85.495004 80.936092
-9999.0 -9999.0 76.315909 86.009095 89.415727 74.387540 73.493378 74.034939 83.752943 87.536046 90.110086 116.759331 115.149947 75.914422 81.395263 73.837935 50.075575 96.281657 75.632938 86.338876 50.529295 100.006075 87.522540 84.857991 79.313003 76.523089 93.269167 88.421393 85.233918 82.343376 78.914499 105.043948 121.580898 76.131776 134.576336 74.011729 163.466330 73.184313 79.886705 83.822760 88.945068 103.505792 74.526797 130.236005 74.903895 93.702554 96.131945 78.075995 85.853734 50.194636 88.041982 84.810501 76.252652 83.469947 81.948688 82.166739 134.295050 90.098202 94.394554 79.404949 104.839336 90.537219 86.316051 83.994683 83.567015
-9999.0 -9999.0 75.423980 77.532843 88.705425 90.651650 96.107251 94.926870 102.178254 104.243583 104.868978 75.471845 84.484641 87.131130 96.670061 96.433116 106.865696 50.200590 134.168016 50.156500 96.248510 93.591259 83.633829 80.810827 74.103212 100.070150 92.094398 90.165198 85.060194 74.593355 82.717556 119.060382 121.074051 76.651262 83.706796 132.697278 158.123154 74.513332 81.512156 85.078087 90.634483 93.193636 118.232295 82.137837 139.961999 84.088061 94.173400 124.780318 127.135058 50.135451 169.404697 101.604666 87.989767 87.663717 73.065474 150.958486 94.659201 100.384416 83.197882 116.518466 95.609554 94.712290 88.079472 110.042002 100.818249
-9999.0 -9999.0 78.931011 84.795602 94.238658 95.198052 101.213205 99.405765 110.577394 111.405727 124.382717 117.166187 127.162992 121.613974 141.573040 134.706744 146.817016 133.018137 50.282039 77.971135 70.632749 78.162830 73.382336 71.484865 96.093923 94.327501 90.854114 88.991895 79.030875 88.581953 73.282648 146.593337 77.268814 77.499183 86.048136 85.747771 137.178141 145.710223 80.825724 84.573146 89.810463 92.298802 96.435946 114.378832 91.648859 156.300418 176.238591 172.499588 169.215904 50.312806 175.295247 77.664746 87.615483 78.194701 139.405069 96.388355 101.642216 87.881043 113.746132 97.897246 93.767949 94.532298 108.266423 90.288770 87.690762
-9999.0 -9999.0 79.151618 84.604429 93.391660 95.007254 104.997666 120.520539 132.757257 128.113727 147.977000 149.349169 158.491741 149.573122 175.062081 170.198088 171.980978 168.296062 249.031438 108.603038 84.919530 71.522539 76.779505 100.249136 93.692235 94.487766 91.281705 86.697018 74.405721 94.984939 74.817489 139.545062 83.516258 83.198280 89.247092 75.277809 93.472009 140.472785 164.656355 86.805679 91.959422 93.464575 97.719787 100.322835 154.414602 75.192837 76.892638 78.498876 85.958159 177.868190 50.422075 111.887778 88.618017 158.738193 98.198892 109.470753 159.704236 178.894743 111.058769 120.045934 99.908979 154.173457 106.331641 89.914544 81.780038
-9999.0 -9999.0 79.761712 84.970664 93.838196 96.320742 97.933905 74.967846 84.317580 87.303773 92.328364 74.627041 83.049884 85.987431 98.738555 99.992880 105.033390 102.967124 115.552618 50.793653 77.964726 80.672527 97.712081 95.722278 92.074099 91.610841 85.370336 83.901750 94.040256 81.176087 133.488276 86.758652 78.130933 74.646908 91.153791 90.775890 82.111043 93.113535 144.950088 152.440755 89.727265 91.415213 95.467911 97.956418 168.400071 76.685821 85.411168 81.592756 76.028188 95.799004 50.602678 244.465785 242.324248 180.359663 123.384885 167.843461 130.824076 161.411077 133.812951 150.531683 153.763451 81.650262 75.753366 80.314727 74.805659
-9999.0 -9999.0 80.257229 85.500291 94.579621 97.661398 107.092503 100.869806 111.669919 110.263752 126.089121 115.651647 120.539076 118.743721 137.251185 138.247278 147.656241 133.722897 171.771216 312.658224 97.080436 107.044242 96.408002 97.059038 93.076907 89.638420 71.323381 103.891467 85.239417 147.268445 91.511017 76.366452 84.495950 75.947089 97.325504 76.114730 97.493248 86.284486 99.356199 140.895775 160.722808 92.765687 97.993647 100.931971 219.448673 88.030842 94.556603 75.321075 93.060561 50.177994 50.960928 50.010605 50.151750 50.068693 53.147642 387.647758 297.692328 270.322034 196.939094 116.332286 101.053774 95.376933 89.399601 74.341151 82.816006
-9999.0 -9999.0 80.170214 85.300731 93.921951 97.747292 106.051542 102.850583 113.225828 111.931720 127.402049 115.874410 121.657789 117.162551 133.804746 135.461525 149.043149 135.315205 164.636024 334.275824 158.287103 108.477483 96.794454 95.792466 89.353940 76.794996 97.637144 86.040282 127.754585 93.117206 80.884711 86.687113 78.092225 74.576379 86.426594 97.780487 85.849869 96.918456 90.749424 97.401084 143.932847 153.457123 97.171122 100.603503 242.158193 88.085692 97.780819 78.163223 110.522748 243.655059 205.519396 182.524198 95.489064 88.612195 73.581302 88.369340 72.987161 273.305900 244.705319 175.661728 83.121640 77.763313 80.050257 88.622580 81.669435
-9999.0 -9999.0 80.314393 85.353676 94.366952 97.300890 107.240304 103.984081 113.756870 111.541958 127.174444 119.349913 122.513845 116.868865 133.151038 133.816281 151.527122 142.045229 164.014416 251.556808 546.349632 136.047617 99.857839 96.392511 81.916174 107.625314 88.933237 134.410919 92.878564 85.763090 91.207754 75.963298 88.666432 76.474447 95.579678 76.990258 120.319502 74.998430 101.850812 92.095387 105.176206 149.340148 176.967086 103.197774 241.773292 76.578217 132.186620 143.917492 62.163755 115.763137 97.881532 88.076584 109.353044 86.775764 81.795733 80.851191 70.936759 113.531822 92.440060 160.271051 141.424778 149.588107 127.121101 105.915621 75.480471
-9999.0 -9999.0 80.630421 85.802781 95.800056 99.817445 103.911634 102.799745 113.709838 110.301204 122.725253 121.055849 122.915620 117.235410 133.625226 134.042768 153.314056 146.053198 145.288697 259.095573 253.905645 426.368537 107.507056 86.533194 107.390001 93.641867 132.775911 96.806605 85.989623 91.416272 79.863240 74.581638 92.825094 78.906128 88.241553 95.462925 83.201557 111.248214 81.060540 100.326426 96.858220 107.129550 162.092060 167.611508 111.967023 267.787342 187.611551 57.896853 122.402157 119.926444 95.897783 88.075928 82.712593 111.180016 82.302517 78.773490 72.358865 112.748589 94.261975 86.913492 154.818453 92.670783 78.793254 -9999.0 -9999.0
-9999.0 -9999.0 81.697196 87.198172 98.467246 99.214232 104.348000 102.137474 113.193507 110.885631 128.899869 116.974628 121.970196 117.900803 136.847063 137.014756 156.527459 230.690007 216.968310 76.890908 89.322037 741.646528 105.281149 117.992206 94.644598 155.872519 105.845961 112.494539 99.919320 86.219486 80.371474 75.215222 93.578520 89.526523 96.339692 76.111195 103.229227 87.782202 123.837852 89.798952 139.733131 164.077311 231.093632 239.099909 197.726488 383.028831 50.280006 135.057392 108.842932 99.122407 88.693901 86.239484 81.264527 77.581267 99.079274 77.275838 71.019341 102.879213 86.053631 74.913183 155.245161 91.358917 77.623907 -9999.0 -9999.0
-9999.0 -9999.0 78.306244 79.499331 92.319639 94.021706 98.154463 97.498638 105.678137 104.126285 109.618703 75.322833 83.448013 85.934155 96.935869 180.427818 174.910190 233.587138 265.443516 237.012163 269.574902 550.819496 168.153420 101.237421 148.205841 71.588638 103.219036 92.673874 93.155039 85.957423 79.960598 99.963764 77.103639 91.265284 97.149100 78.121513 87.117118 103.234141 92.872994 136.838662 152.051212 150.756055 138.302359 74.116266 291.358235 134.963972 138.468205 120.055591 79.439952 93.871086 90.641753 85.752043 80.490902 77.636776 71.255409 101.390983 72.223971 102.928556 84.839667 74.380991 157.071309 93.957840 -9999.0 -9999.0 -9999.0
-9999.0 -9999.0 80.093467 88.896782 100.215703 101.073740 108.967584 100.805294 109.459536 106.903692 124.309622 151.239527 161.770286 152.277542 146.191636 73.151665 201.220870 87.505582 80.039449 82.337383 102.103805 125.232424 796.611244 244.028549 78.732028 137.769010 110.303598 98.782874 94.171926 87.969308 74.805158 100.317382 82.920505 99.479872 108.026477 83.928681 95.742560 76.458197 118.245643 103.767646 119.586966 103.157601 73.462432 145.970369 368.708123 86.876647 74.831197 73.584533 94.085983 71.461203 85.826390 85.812631 77.544939 75.125850 69.751542 98.718360 70.151882 91.976650 74.896575 87.248061 142.498540 78.764655 -9999.0 -9999.0 -9999.0
-9999.0 -9999.0 79.329653 89.804598 94.252468 77.525221 76.471781 74.836506 83.927651 86.672890 97.961014 157.316965 168.863140 159.899840 219.946655 196.617544 86.239934 72.179037 74.119698 83.394356 79.938476 81.334746 718.824984 254.871636 165.857846 77.577467 72.032436 71.729143 87.262591 81.081718 99.696135 90.123304 77.077553 100.591337 107.990814 77.714085 105.818117 78.307635 88.311023 117.901025 77.449747 72.994462 101.203918 84.619448 89.692576 117.248934 106.261192 100.782551 92.285402 94.194013 84.065620 83.262294 80.803400 75.443465 69.793631 88.561486 82.112147 92.122195 78.168002 70.902269 99.266986 -9999.0 -9999.0 -9999.0 -9999.0
