geotop/1.0zi/1.0Montebello/Templates/Dripsey sc/maps/PSILIQL0001N0007.asc
ncols         69
nrows         152
xllcorner     146499.903857
yllcorner     75332.942244
cellsize      50.000000
NODATA_value  -9999.0
[rows 58 to 86 of 152, columns 0 to 63 of 69]
-9999.0 -9999.0 -9999.0 92.859879 136.565282 85.911065 90.409584 103.430691 133.210563 139.953211 144.190687 84.410588 84.294408 83.404523 101.421477 112.751585 221.698590 207.828975 229.819458 225.029829 258.601256 230.269247 219.992526 299.163806 1417.237169 166.996867 117.133344 161.483274 96.636713 136.544437 81.314796 136.931076 84.618875 207.681554 217.883161 86.528551 229.497912 153.207635 156.522190 81.149289 90.882625 112.074527 314.541047 1400.339159 179.848353 129.285435 106.131425 94.013084 77.477444 74.008654 80.191572 82.933686 75.549773 83.051698 82.996767 85.162857 83.882615 83.851968 85.612617 -9999.0 -9999.0 -9999.0 -9999.0 -9999.0
-9999.0 -9999.0 -9999.0 91.645125 109.902345 150.150017 178.240781 180.877385 325.461107 318.670186 359.018117 342.607971 345.230180 278.191760 320.887552 420.461165 583.786989 514.611621 543.712129 494.600075 461.763313 84.968730 98.850448 133.696336 1520.347840 180.739023 158.381261 106.924263 130.465590 89.429213 128.438936 98.570717 80.071292 182.734708 195.791519 87.087950 103.568479 216.838363 150.648528 79.026063 95.578416 112.938914 451.313367 1097.259013 260.051249 200.113540 173.360796 131.106873 100.818238 94.251472 86.588518 78.382016 79.560593 -9999.0 -9999.0 -9999.0 -9999.0 -9999.0 -9999.0 -9999.0 -9999.0 -9999.0 -9999.0 -9999.0
-9999.0 -9999.0 -9999.0 100.707110 159.139466 192.642167 230.761407 207.452008 102.586536 125.010229 189.699604 212.082603 245.204199 275.896541 267.954915 141.968953 84.053862 132.989114 152.339202 150.435874 155.789172 507.244944 488.573641 572.400388 1613.032753 718.405694 149.108974 148.444851 95.867337 144.001651 81.230733 132.910799 81.426005 208.160530 218.310435 108.468250 111.787201 82.426383 269.792989 81.930495 131.978013 199.959264 1218.277178 219.363367 139.114988 120.910900 114.777771 103.120582 92.026892 87.367955 77.591764 81.852062 87.330219 -9999.0 -9999.0 -9999.0 -9999.0 -9999.0 -9999.0 -9999.0 -9999.0 -9999.0 -9999.0 -9999.0
-9999.0 -9999.0 -9999.0 -9999.0 -9999.0 89.670612 106.098099 84.921874 97.581233 106.097621 110.407561 132.734601 159.436513 92.205336 140.563029 97.124562 107.669402 85.717703 101.999783 150.684029 184.830703 284.083147 273.411135 373.121940 514.450884 1534.420201 229.157851 125.389501 136.951624 88.339392 83.907068 145.194659 79.205885 198.918596 203.501853 117.077714 86.922437 114.617212 92.129593 299.537855 122.086978 1117.093350 234.053960 127.441743 92.795444 119.292085 100.824762 93.867050 85.450866 79.700142 74.616621 81.488514 93.492951 -9999.0 -9999.0 -9999.0 -9999.0 -9999.0 -9999.0 -9999.0 -9999.0 -9999.0 -9999.0 -9999.0
-9999.0 -9999.0 -9999.0 -9999.0 -9999.0 -9999.0 91.233395 82.657623 93.234863 90.288015 103.082276 90.678715 82.059925 122.850252 80.343445 82.612805 100.344775 119.285415 117.894871 205.058683 241.884464 293.818288 255.188862 112.492187 159.504759 717.240362 1508.295473 252.366239 98.073205 79.010641 90.306255 157.052868 80.823982 224.335659 227.023230 141.730282 107.435411 82.002390 140.226021 410.943938 998.761521 108.801448 82.233786 78.713380 77.341256 79.276401 76.295256 86.660084 79.404322 86.235566 75.773739 91.281940 95.449048 -9999.0 -9999.0 -9999.0 -9999.0 -9999.0 -9999.0 -9999.0 -9999.0 -9999.0 -9999.0 -9999.0
-9999.0 -9999.0 -9999.0 -9999.0 -9999.0 -9999.0 -9999.0 87.775608 84.643979 91.792426 82.930358 118.790231 127.815767 87.960057 104.647053 107.258254 128.256911 214.478840 205.723410 94.293647 102.762059 85.211116 100.262516 145.302929 421.806318 581.143184 1548.226145 538.028635 97.768545 105.222270 143.387370 88.489328 78.324207 201.849611 211.383350 149.508145 115.297662 78.827926 96.193952 1112.438675 289.383669 278.313107 218.511988 229.327308 159.851552 156.539072 129.540048 128.550075 100.626509 86.733297 77.088811 136.109946 81.207700 -9999.0 -9999.0 -9999.0 -9999.0 -9999.0 -9999.0 -9999.0 -9999.0 -9999.0 -9999.0 -9999.0
-9999.0 -9999.0 -9999.0 -9999.0 -9999.0 -9999.0 -9999.0 -9999.0 86.364891 86.673888 94.525533 86.466811 108.830482 117.480334 141.335754 138.487349 132.463873 80.617457 82.110142 82.563545 99.640714 114.545129 131.204668 297.336080 82.119767 116.062295 522.791937 1657.616490 638.076587 328.536980 104.879722 89.393236 78.483819 218.395990 232.789926 156.548528 134.378672 85.313730 163.557568 1010.371302 150.408000 132.002364 100.892351 79.910547 141.255233 161.229823 138.586745 136.840055 110.114593 91.336364 79.804788 147.440568 93.452804 -9999.0 -9999.0 -9999.0 -9999.0 -9999.0 -9999.0 -9999.0 -9999.0 -9999.0 -9999.0 -9999.0
-9999.0 -9999.0 -9999.0 -9999.0 -9999.0 -9999.0 -9999.0 -9999.0 -9999.0 82.495791 84.792994 86.867777 108.123205 116.074987 174.842225 173.480871 192.447664 191.409257 217.260750 197.770548 232.802759 346.831110 342.730378 86.541157 94.102002 173.213926 350.668999 811.243048 1994.951076 1735.282748 125.974499 95.149839 77.871739 206.014785 211.472784 148.592332 133.090355 101.572956 947.694839 159.257050 107.134878 98.133324 80.670479 92.036662 86.234371 93.920662 85.221069 82.133533 98.794118 91.042436 144.541567 101.361744 80.559565 -9999.0 -9999.0 -9999.0 -9999.0 -9999.0 -9999.0 -9999.0 -9999.0 -9999.0 -9999.0 -9999.0
-9999.0 -9999.0 -9999.0 -9999.0 -9999.0 -9999.0 -9999.0 -9999.0 -9999.0 -9999.0 97.014656 95.237869 92.287570 94.036063 83.155013 83.168795 94.574131 108.129818 142.087415 145.645693 238.390849 132.925206 162.718385 163.043565 156.783460 189.291578 84.348766 87.331036 411.521633 2119.460442 922.314458 291.748874 87.187226 240.392785 246.765982 174.705568 197.450496 1054.589589 213.177954 167.174573 108.687806 98.550344 82.604892 83.702291 104.489303 83.000884 91.330742 117.365811 98.903235 164.731467 112.559347 93.694991 -9999.0 -9999.0 -9999.0 -9999.0 -9999.0 -9999.0 -9999.0 -9999.0 -9999.0 -9999.0 -9999.0 -9999.0
-9999.0 -9999.0 -9999.0 -9999.0 -9999.0 -9999.0 -9999.0 -9999.0 -9999.0 -9999.0 -9999.0 105.368059 108.595463 82.241344 84.163299 83.657636 94.606556 107.585550 210.237516 186.662152 107.903174 113.865585 161.895823 182.182186 202.444395 157.669648 206.558114 233.370927 1037.343330 1643.988519 2167.783478 986.443989 132.355169 357.079412 280.558696 229.485258 1233.145532 240.977233 170.375042 83.725522 112.202845 118.885150 97.004513 121.982353 91.787440 103.552432 124.246690 127.835827 157.654442 119.805884 97.209255 -9999.0 -9999.0 -9999.0 -9999.0 -9999.0 -9999.0 -9999.0 -9999.0 -9999.0 -9999.0 -9999.0 -9999.0 -9999.0
-9999.0 -9999.0 -9999.0 -9999.0 -9999.0 -9999.0 -9999.0 -9999.0 -9999.0 -9999.0 -9999.0 84.749411 131.474043 126.429644 100.965693 99.590788 118.664310 109.962350 93.357230 92.020770 89.988299 88.465649 80.938601 100.674104 127.429923 99.132883 100.216012 138.335763 138.184208 1034.397040 2008.206506 2318.113518 686.541515 1282.621352 565.833630 743.062223 1471.972032 163.424336 78.846863 147.440666 172.855332 173.807181 148.578486 111.596596 120.945532 150.678870 83.225861 218.962731 131.730125 112.832951 -9999.0 -9999.0 -9999.0 -9999.0 -9999.0 -9999.0 -9999.0 -9999.0 -9999.0 -9999.0 -9999.0 -9999.0 -9999.0 -9999.0
-9999.0 -9999.0 -9999.0 -9999.0 -9999.0 -9999.0 -9999.0 -9999.0 -9999.0 -9999.0 -9999.0 -9999.0 97.861143 134.345054 137.481530 104.870972 82.948211 81.325152 83.940318 85.536708 83.797233 84.564947 93.205583 117.167868 94.884191 90.991192 133.829729 88.386240 120.631303 118.592480 1423.753309 2250.010898 1756.022366 1247.545105 1130.994733 1756.048329 379.761158 110.891245 78.657748 79.798420 81.498389 83.641186 116.576492 132.706814 147.785894 95.191815 228.195178 158.808479 123.781866 80.403006 -9999.0 -9999.0 -9999.0 -9999.0 -9999.0 -9999.0 -9999.0 -9999.0 -9999.0 -9999.0 -9999.0 -9999.0 -9999.0 -9999.0
-9999.0 -9999.0 -9999.0 -9999.0 -9999.0 -9999.0 -9999.0 -9999.0 -9999.0 -9999.0 -9999.0 -9999.0 -9999.0 112.467563 152.052595 138.607711 118.741478 92.599598 91.839324 87.382058 92.505988 101.650798 108.146403 81.802298 83.743864 125.359529 80.281175 95.438500 79.382431 102.802489 95.881022 239.961322 2435.464375 1585.596694 2123.419849 1137.890414 514.027306 162.798371 111.486226 97.001183 92.648992 200.376311 168.994566 182.377301 113.284565 267.610433 180.040144 204.436472 121.948408 90.032651 -9999.0 -9999.0 -9999.0 -9999.0 -9999.0 -9999.0 -9999.0 -9999.0 -9999.0 -9999.0 -9999.0 -9999.0 -9999.0 -9999.0
-9999.0 -9999.0 -9999.0 -9999.0 -9999.0 -9999.0 -9999.0 -9999.0 -9999.0 -9999.0 -9999.0 -9999.0 -9999.0 -9999.0 122.729656 144.095776 147.849507 134.519306 129.707216 85.048355 111.032847 88.283728 111.106819 125.480086 135.555480 90.588595 99.512711 83.631949 92.966595 85.056757 107.503547 467.471754 2489.963823 2383.965766 402.643454 170.473358 123.527697 50.032012 50.558630 50.255336 51.373172 57.046225 474.873491 504.535146 446.826528 371.021659 251.911259 125.125116 89.914332 -9999.0 -9999.0 -9999.0 -9999.0 -9999.0 -9999.0 -9999.0 -9999.0 -9999.0 -9999.0 -9999.0 -9999.0 -9999.0 -9999.0 -9999.0
-9999.0 -9999.0 -9999.0 -9999.0 -9999.0 -9999.0 -9999.0 -9999.0 -9999.0 -9999.0 -9999.0 -9999.0 -9999.0 -9999.0 -9999.0 151.282619 247.250813 373.762543 351.131781 143.031976 131.426581 85.482686 86.975142 90.208633 118.927541 128.831391 149.683431 139.560811 157.944888 156.463575 187.113748 268.944676 1836.109482 2704.723683 2001.259881 885.863223 140.374173 86.565542 76.084666 142.168878 80.499029 210.371861 528.734082 373.647954 230.997656 226.629096 197.244906 152.162858 89.497490 -9999.0 -9999.0 -9999.0 -9999.0 -9999.0 -9999.0 -9999.0 -9999.0 -9999.0 -9999.0 -9999.0 -9999.0 -9999.0 -9999.0 -9999.0
-9999.0 -9999.0 -9999.0 -9999.0 -9999.0 -9999.0 -9999.0 -9999.0 -9999.0 -9999.0 -9999.0 -9999.0 -9999.0 -9999.0 -9999.0 -9999.0 -9999.0 83.431365 84.465149 294.934184 149.521148 135.240029 109.238823 94.128120 84.612837 83.145296 83.397230 79.018094 80.678641 83.860398 95.744631 186.853676 2562.043912 475.092405 97.068038 445.174552 98.261009 98.176621 76.399820 93.249704 119.858276 104.642544 189.211673 513.656563 174.112007 114.949560 87.779972 131.862055 83.542347 -9999.0 -9999.0 -9999.0 -9999.0 -9999.0 -9999.0 -9999.0 -9999.0 -9999.0 -9999.0 -9999.0 -9999.0 -9999.0 -9999.0 -9999.0
-9999.0 -9999.0 -9999.0 -9999.0 -9999.0 -9999.0 -9999.0 -9999.0 -9999.0 -9999.0 -9999.0 -9999.0 -9999.0 -9999.0 -9999.0 -9999.0 -9999.0 82.849515 95.772411 94.627847 331.876016 169.061629 179.414201 83.922340 112.652116 93.956425 92.689963 89.109271 91.289852 95.979581 115.898615 546.759828 2724.142972 1278.738850 141.145155 110.881103 87.440582 82.912538 90.122733 79.478499 118.669291 83.258949 192.848536 529.076324 147.394903 136.045164 97.980277 98.350633 80.548767 -9999.0 -9999.0 -9999.0 -9999.0 -9999.0 -9999.0 -9999.0 -9999.0 -9999.0 -9999.0 -9999.0 -9999.0 -9999.0 -9999.0 -9999.0
-9999.0 -9999.0 -9999.0 -9999.0 -9999.0 -9999.0 -9999.0 -9999.0 -9999.0 -9999.0 -9999.0 -9999.0 -9999.0 -9999.0 -9999.0 -9999.0 -9999.0 -9999.0 102.303384 103.568912 122.775905 363.863442 199.313698 175.690317 95.144488 112.558779 98.834752 96.170363 100.695772 102.076959 136.262107 826.859315 2447.327018 851.403017 108.357792 95.425162 88.530365 85.509956 77.426855 92.214639 120.382186 82.678357 185.810984 573.939013 85.909412 129.465839 88.801253 80.950062 82.450406 -9999.0 -9999.0 -9999.0 -9999.0 -9999.0 -9999.0 -9999.0 -9999.0 -9999.0 -9999.0 -9999.0 -9999.0 -9999.0 -9999.0 -9999.0
-9999.0 -9999.0 -9999.0 -9999.0 -9999.0 -9999.0 -9999.0 -9999.0 -9999.0 -9999.0 -9999.0 -9999.0 -9999.0 -9999.0 -9999.0 -9999.0 -9999.0 -9999.0 113.530550 82.975781 165.219365 403.290091 198.653291 84.543280 181.389978 101.607593 128.890078 112.538931 119.194003 137.896309 1260.384613 2677.140940 397.800941 102.754275 91.533237 88.025536 88.438882 84.989754 76.779335 83.388034 95.963727 99.461299 130.661472 521.281267 107.894025 94.226787 84.990685 78.040471 -9999.0 -9999.0 -9999.0 -9999.0 -9999.0 -9999.0 -9999.0 -9999.0 -9999.0 -9999.0 -9999.0 -9999.0 -9999.0 -9999.0 -9999.0 -9999.0
-9999.0 -9999.0 -9999.0 -9999.0 -9999.0 -9999.0 -9999.0 -9999.0 -9999.0 -9999.0 -9999.0 -9999.0 -9999.0 -9999.0 -9999.0 -9999.0 -9999.0 -9999.0 -9999.0 117.867155 95.619431 406.122565 86.811204 168.845921 91.178944 169.328943 116.787654 132.858681 133.139430 235.580043 2488.988353 684.389188 92.027741 95.381684 81.568051 91.635112 84.205525 86.613644 78.619912 80.883718 92.561884 91.032244 306.192008 361.248577 93.009145 88.227624 76.701114 79.821380 -9999.0 -9999.0 -9999.0 -9999.0 -9999.0 -9999.0 -9999.0 -9999.0 -9999.0 -9999.0 -9999.0 -9999.0 -9999.0 -9999.0 -9999.0 -9999.0
-9999.0 -9999.0 -9999.0 -9999.0 -9999.0 -9999.0 -9999.0 -9999.0 -9999.0 -9999.0 -9999.0 -9999.0 -9999.0 -9999.0 -9999.0 -9999.0 -9999.0 -9999.0 -9999.0 -9999.0 135.371964 431.695884 104.430138 81.650208 177.525364 99.658950 187.859311 143.405924 263.311095 894.949003 2327.003034 120.248448 77.567522 74.313783 88.092470 76.237802 83.327208 76.448759 78.571683 79.214137 81.406469 123.278403 261.883826 263.194513 97.949641 78.851270 77.660749 -9999.0 -9999.0 -9999.0 -9999.0 -9999.0 -9999.0 -9999.0 -9999.0 -9999.0 -9999.0 -9999.0 -9999.0 -9999.0 -9999.0 -9999.0 -9999.0 -9999.0
-9999.0 -9999.0 -9999.0 -9999.0 -9999.0 -9999.0 -9999.0 -9999.0 -9999.0 -9999.0 -9999.0 -9999.0 -9999.0 -9999.0 -9999.0 -9999.0 -9999.0 -9999.0 -9999.0 -9999.0 -9999.0 398.619648 113.254231 84.397360 98.065833 171.526243 115.552304 198.765359 97.365968 2268.466623 643.336020 124.725533 94.277504 91.492985 78.122394 87.204048 80.383486 80.177849 91.129130 100.749395 119.292741 95.066763 261.457040 269.547085 92.155476 93.192631 87.624672 -9999.0 -9999.0 -9999.0 -9999.0 -9999.0 -9999.0 -9999.0 -9999.0 -9999.0 -9999.0 -9999.0 -9999.0 -9999.0 -9999.0 -9999.0 -9999.0 -9999.0
-9999.0 -9999.0 -9999.0 -9999.0 -9999.0 -9999.0 -9999.0 -9999.0 -9999.0 -9999.0 -9999.0 -9999.0 -9999.0 -9999.0 -9999.0 -9999.0 -9999.0 -9999.0 -9999.0 -9999.0 -9999.0 445.955569 139.345101 105.022052 128.092788 83.223695 210.527851 180.648310 1354.112802 2577.520248 260.475376 140.407097 114.404699 116.262943 98.485819 93.025663 80.755078 80.938570 88.299646 84.150864 82.864058 94.239620 212.146642 219.794535 104.444936 83.720981 -9999.0 -9999.0 -9999.0 -9999.0 -9999.0 -9999.0 -9999.0 -9999.0 -9999.0 -9999.0 -9999.0 -9999.0 -9999.0 -9999.0 -9999.0 -9999.0 -9999.0 -9999.0
-9999.0 -9999.0 -9999.0 -9999.0 -9999.0 -9999.0 -9999.0 -9999.0 -9999.0 -9999.0 -9999.0 -9999.0 -9999.0 -9999.0 -9999.0 -9999.0 -9999.0 -9999.0 -9999.0 -9999.0 -9999.0 447.681946 152.803686 123.659311 140.209171 82.436267 98.109555 393.776602 2051.776402 2459.769736 209.249571 129.179381 104.227865 103.059103 89.589184 83.659559 86.229914 89.658736 81.652382 87.664952 86.264188 155.016857 150.589215 214.184870 97.717515 103.637558 -9999.0 -9999.0 -9999.0 -9999.0 -9999.0 -9999.0 -9999.0 -9999.0 -9999.0 -9999.0 -9999.0 -9999.0 -9999.0 -9999.0 -9999.0 -9999.0 -9999.0 -9999.0
-9999.0 -9999.0 -9999.0 -9999.0 -9999.0 -9999.0 -9999.0 -9999.0 -9999.0 -9999.0 -9999.0 -9999.0 -9999.0 -9999.0 -9999.0 -9999.0 -9999.0 -9999.0 -9999.0 -9999.0 -9999.0 524.075026 171.391208 134.571784 179.279535 85.788777 104.355336 526.548846 2740.794602 1222.044673 150.308767 120.954310 96.549630 92.805624 79.029729 126.460010 107.536237 93.208598 107.207998 96.386701 89.584426 147.901746 126.453207 189.509160 87.190958 86.899040 -9999.0 -9999.0 -9999.0 -9999.0 -9999.0 -9999.0 -9999.0 -9999.0 -9999.0 -9999.0 -9999.0 -9999.0 -9999.0 -9999.0 -9999.0 -9999.0 -9999.0 -9999.0
-9999.0 -9999.0 -9999.0 -9999.0 -9999.0 -9999.0 -9999.0 -9999.0 -9999.0 -9999.0 -9999.0 -9999.0 -9999.0 -9999.0 -9999.0 -9999.0 -9999.0 -9999.0 -9999.0 -9999.0 -9999.0 -9999.0 506.961291 190.637635 249.296799 101.523621 320.299078 666.158946 2718.324489 1762.021566 367.685516 317.074220 253.664238 274.686140 251.936921 248.115753 226.691230 232.081329 186.261882 164.049724 90.796914 135.987021 105.202014 140.514116 106.882440 -9999.0 -9999.0 -9999.0 -9999.0 -9999.0 -9999.0 -9999.0 -9999.0 -9999.0 -9999.0 -9999.0 -9999.0 -9999.0 -9999.0 -9999.0 -9999.0 -9999.0 -9999.0 -9999.0
-9999.0 -9999.0 -9999.0 -9999.0 -9999.0 -9999.0 -9999.0 -9999.0 -9999.0 -9999.0 -9999.0 -9999.0 -9999.0 -9999.0 -9999.0 -9999.0 -9999.0 -9999.0 -9999.0 -9999.0 -9999.0 -9999.0 -9999.0 608.594534 807.360115 995.716289 1843.089697 2630.061879 1936.273497 697.080543 212.832580 209.716580 147.549125 154.885891 144.129778 150.586212 134.956274 131.989826 108.666267 106.425154 101.210460 98.154872 83.425255 109.880939 97.520229 -9999.0 -9999.0 -9999.0 -9999.0 -9999.0 -9999.0 -9999.0 -9999.0 -9999.0 -9999.0 -9999.0 -9999.0 -9999.0 -9999.0 -9999.0 -9999.0 -9999.0 -9999.0 -9999.0
-9999.0 -9999.0 -9999.0 -9999.0 -9999.0 -9999.0 -9999.0 -9999.0 -9999.0 -9999.0 -9999.0 -9999.0 -9999.0 -9999.0 -9999.0 -9999.0 -9999.0 -9999.0 -9999.0 -9999.0 -9999.0 -9999.0 -9999.0 -9999.0 -9999.0 -9999.0 288.757726 2432.170708 307.108832 671.850064 257.468181 232.260308 169.117332 175.747835 163.386900 163.798548 135.965188 125.469454 95.690997 93.038418 90.375549 92.471619 80.757574 97.539487 87.047459 -9999.0 -9999.0 -9999.0 -9999.0 -9999.0 -9999.0 -9999.0 -9999.0 -9999.0 -9999.0 -9999.0 -9999.0 -9999.0 -9999.0 -9999.0 -9999.0 -9999.0 -9999.0 -9999.0
-9999.0 -9999.0 -9999.0 -9999.0 -9999.0 -9999.0 -9999.0 -9999.0 -9999.0 -9999.0 -9999.0 -9999.0 -9999.0 -9999.0 -9999.0 -9999.0 -9999.0 -9999.0 -9999.0 -9999.0 -9999.0 -9999.0 -9999.0 -9999.0 -9999.0 -9999.0 -9999.0 297.040806 2443.181929 1252.089484 206.114896 177.213477 131.944277 134.335915 119.076190 90.410717 81.196437 79.253453 79.071529 81.658377 79.940352 81.679757 78.661750 77.897045 -9999.0 -9999.0 -9999.0 -9999.0 -9999.0 -9999.0 -9999.0 -9999.0 -9999.0 -9999.0 -9999.0 -9999.0 -9999.0 -9999.0 -9999.0 -9999.0 -9999.0 -9999.0 -9999.0 -9999.0
