geotop/1.0zi/1.0Montebello/Templates/Dripsey sc/maps/PSILIQL0003N0058.asc
ncols         69
nrows         152
xllcorner     146499.903857
yllcorner     75332.942244
cellsize      50.000000
NODATA_value  -9999.0
[rows 54 to 80 of 152, columns 0 to 61 of 69]
-9999.0 -9999.0 -62266.720305 -62266.720305 -62266.720305 -62266.720305 -62266.720305 -62266.720306 -62266.720305 -62266.720305 -62266.720305 -62266.720305 -62266.720305 -62266.720305 -62266.720305 -62266.720306 -62266.720305 -62266.720305 -62266.720305 -62266.720306 -62266.720305 -62266.720305 -62266.720304 -62266.720304 -62266.720305 -62266.720305 -62266.720306 -62266.720305 -62266.720305 -62266.720305 -62266.720305 -62266.720305 -62266.720305 -62266.720305 -62266.720305 -62266.720305 -62266.720305 -62266.720305 -62266.720305 -62266.720305 -62266.720305 -62266.720305 -62266.720306 -62266.720305 -62266.720304 -62266.720304 -62266.720306 -62266.720305 -62266.720306 -62266.720305 -62266.720305 -62266.720305 -62266.720306 -62266.720305 -62266.720305 -62266.720305 -62266.720306 -62266.720306 -62266.720306 -62266.720305 -62266.720304 -62266.720305
-9999.0 -9999.0 -62266.720305 -62266.720305 -62266.720305 -62266.720305 -62266.720305 -62266.720306 -62266.720305 -62266.720305 -62266.720304 -62266.720305 -62266.720305 -62266.720305 -62266.720305 -62266.720304 -62266.720305 -62266.720306 -62266.720305 -62266.720305 -62266.720305 -62266.720306 -62266.720303 -62266.720304 -62266.720305 -62266.720305 -62266.720306 -62266.720306 -62266.720306 -62266.720305 -62266.720305 -62266.720305 -62266.720305 -62266.720305 -62266.720305 -62266.720305 -62266.720305 -62266.720305 -62266.720305 -62266.720305 -62266.720305 -62266.720305 -62266.720305 -62266.720305 -62266.720304 -62266.720304 -62266.720305 -62266.720305 -62266.720305 -62266.720304 -62266.720305 -62266.720304 -62266.720305 -62266.720305 -62266.720306 -62266.720305 -62266.720305 -62266.720305 -62266.720305 -62266.720305 -62266.720304 -9999.0
-9999.0 -9999.0 -62266.720305 -62266.720305 -62266.720305 -62266.720305 -62266.720305 -62266.720305 -62266.720305 -62266.720305 -62266.720305 -62266.720306 -62266.720305 -62266.720306 -62266.720305 -62266.720306 -62266.720305 -62266.720306 -62266.720305 -62266.720306 -62266.720305 -62266.720306 -62266.720306 -62266.720303 -62266.720305 -62266.720305 -62266.720306 -62266.720305 -62266.720305 -62266.720305 -62266.720305 -62266.720305 -62266.720305 -62266.720305 -62266.720305 -62266.720305 -62266.720305 -62266.720305 -62266.720305 -62266.720305 -62266.720305 -62266.720306 -62266.720305 -62266.720305 -62266.720304 -62266.720305 -62266.720306 -62266.720305 -62266.720305 -62266.720304 -62266.720306 -62266.720305 -62266.720306 -62266.720306 -62266.720306 -62266.720306 -62266.720306 -62266.720306 -62266.720306 -62266.720306 -62266.720306 -9999.0
-9999.0 -9999.0 -9999.0 -62266.720305 -62266.720305 -62266.720305 -62266.720305 -62266.720305 -62266.720305 -62266.720305 -62266.720305 -62266.720305 -62266.720305 -62266.720305 -62266.720305 -62266.720306 -62266.720305 -62266.720306 -62266.720305 -62266.720305 -62266.720305 -62266.720306 -62266.720306 -62266.720303 -62266.720305 -62266.720306 -62266.720306 -62266.720305 -62266.720306 -62266.720305 -62266.720305 -62266.720305 -62266.720305 -62266.720305 -62266.720305 -62266.720305 -62266.720305 -62266.720305 -62266.720305 -62266.720305 -62266.720306 -62266.720306 -62266.720305 -62266.720304 -62266.720304 -62266.720304 -62266.720306 -62266.720304 -62266.720305 -62266.720304 -62266.720306 -62266.720305 -62266.720306 -62266.720305 -62266.720305 -62266.720305 -62266.720305 -62266.720305 -62266.720305 -62266.720305 -9999.0 -9999.0
-9999.0 -9999.0 -9999.0 -62266.720305 -62266.720305 -62266.720305 -62266.720305 -62266.720305 -62266.720305 -62266.720305 -62266.720305 -62266.720305 -62266.720305 -62266.720306 -62266.720305 -62266.720305 -62266.720304 -62266.720305 -62266.720305 -62266.720305 -62266.720305 -62266.720305 -62266.720306 -62266.720305 -62266.720304 -62266.720304 -62266.720305 -62266.720305 -62266.720305 -62266.720305 -62266.720305 -62266.720305 -62266.720305 -62266.720305 -62266.720305 -62266.720305 -62266.720305 -62266.720305 -62266.720305 -62266.720306 -62266.720305 -62266.720305 -62266.720304 -62266.720304 -62266.720305 -62266.720305 -62266.720305 -62266.720304 -62266.720306 -62266.720306 -62266.720306 -62266.720306 -62266.720306 -62266.720306 -62266.720306 -62266.720306 -62266.720305 -62266.720306 -62266.720305 -9999.0 -9999.0 -9999.0
-9999.0 -9999.0 -9999.0 -62266.720305 -62266.720305 -62266.720306 -62266.720305 -62266.720305 -62266.720305 -62266.720305 -62266.720305 -62266.720305 -62266.720305 -62266.720306 -62266.720305 -62266.720305 -62266.720304 -62266.720305 -62266.720305 -62266.720305 -62266.720305 -62266.720306 -62266.720305 -62266.720305 -62266.720304 -62266.720305 -62266.720306 -62266.720305 -62266.720306 -62266.720305 -62266.720306 -62266.720305 -62266.720306 -62266.720305 -62266.720305 -62266.720306 -62266.720305 -62266.720305 -62266.720305 -62266.720306 -62266.720306 -62266.720306 -62266.720304 -62266.720304 -62266.720305 -62266.720305 -62266.720305 -62266.720303 -62266.720305 -62266.720305 -62266.720306 -62266.720306 -62266.720306 -9999.0 -9999.0 -9999.0 -9999.0 -9999.0 -9999.0 -9999.0 -9999.0 -9999.0
-9999.0 -9999.0 -9999.0 -62266.720305 -62266.720305 -62266.720305 -62266.720305 -62266.720305 -62266.720305 -62266.720305 -62266.720305 -62266.720305 -62266.720305 -62266.720305 -62266.720305 -62266.720305 -62266.720305 -62266.720305 -62266.720305 -62266.720305 -62266.720305 -62266.720305 -62266.720305 -62266.720305 -62266.720304 -62266.720304 -62266.720305 -62266.720305 -62266.720305 -62266.720305 -62266.720305 -62266.720305 -62266.720305 -62266.720305 -62266.720305 -62266.720305 -62266.720305 -62266.720305 -62266.720305 -62266.720305 -62266.720305 -62266.720305 -62266.720304 -62266.720304 -62266.720305 -62266.720305 -62266.720305 -62266.720304 -62266.720306 -62266.720306 -62266.720306 -62266.720306 -62266.720306 -9999.0 -9999.0 -9999.0 -9999.0 -9999.0 -9999.0 -9999.0 -9999.0 -9999.0
-9999.0 -9999.0 -9999.0 -9999.0 -9999.0 -62266.720305 -62266.720305 -62266.720305 -62266.720305 -62266.720305 -62266.720305 -62266.720305 -62266.720305 -62266.720305 -62266.720305 -62266.720305 -62266.720305 -62266.720305 -62266.720305 -62266.720305 -62266.720304 -62266.720304 -62266.720305 -62266.720305 -62266.720304 -62266.720304 -62266.720305 -62266.720305 -62266.720306 -62266.720306 -62266.720306 -62266.720305 -62266.720306 -62266.720305 -62266.720306 -62266.720306 -62266.720305 -62266.720305 -62266.720305 -62266.720305 -62266.720305 -62266.720304 -62266.720304 -62266.720304 -62266.720305 -62266.720304 -62266.720305 -62266.720304 -62266.720306 -62266.720306 -62266.720306 -62266.720306 -62266.720306 -9999.0 -9999.0 -9999.0 -9999.0 -9999.0 -9999.0 -9999.0 -9999.0 -9999.0
-9999.0 -9999.0 -9999.0 -9999.0 -9999.0 -9999.0 -62266.720306 -62266.720306 -62266.720305 -62266.720306 -62266.720305 -62266.720305 -62266.720305 -62266.720306 -62266.720306 -62266.720306 -62266.720305 -62266.720305 -62266.720305 -62266.720306 -62266.720305 -62266.720305 -62266.720305 -62266.720306 -62266.720305 -62266.720304 -62266.720304 -62266.720304 -62266.720305 -62266.720305 -62266.720305 -62266.720304 -62266.720305 -62266.720305 -62266.720305 -62266.720305 -62266.720305 -62266.720305 -62266.720305 -62266.720304 -62266.720305 -62266.720304 -62266.720306 -62266.720305 -62266.720306 -62266.720305 -62266.720306 -62266.720305 -62266.720306 -62266.720305 -62266.720306 -62266.720306 -62266.720305 -9999.0 -9999.0 -9999.0 -9999.0 -9999.0 -9999.0 -9999.0 -9999.0 -9999.0
-9999.0 -9999.0 -9999.0 -9999.0 -9999.0 -9999.0 -9999.0 -62266.720305 -62266.720305 -62266.720306 -62266.720305 -62266.720305 -62266.720305 -62266.720305 -62266.720305 -62266.720306 -62266.720305 -62266.720304 -62266.720305 -62266.720306 -62266.720305 -62266.720305 -62266.720305 -62266.720305 -62266.720305 -62266.720305 -62266.720304 -62266.720305 -62266.720305 -62266.720305 -62266.720306 -62266.720305 -62266.720306 -62266.720306 -62266.720305 -62266.720305 -62266.720305 -62266.720306 -62266.720306 -62266.720304 -62266.720304 -62266.720304 -62266.720305 -62266.720305 -62266.720305 -62266.720305 -62266.720306 -62266.720305 -62266.720306 -62266.720305 -62266.720305 -62266.720305 -62266.720306 -9999.0 -9999.0 -9999.0 -9999.0 -9999.0 -9999.0 -9999.0 -9999.0 -9999.0
-9999.0 -9999.0 -9999.0 -9999.0 -9999.0 -9999.0 -9999.0 -9999.0 -62266.720306 -62266.720306 -62266.720305 -62266.720305 -62266.720305 -62266.720305 -62266.720305 -62266.720305 -62266.720305 -62266.720305 -62266.720305 -62266.720306 -62266.720305 -62266.720305 -62266.720305 -62266.720306 -62266.720305 -62266.720306 -62266.720304 -62266.720304 -62266.720304 -62266.720304 -62266.720305 -62266.720305 -62266.720306 -62266.720305 -62266.720305 -62266.720306 -62266.720305 -62266.720306 -62266.720304 -62266.720304 -62266.720305 -62266.720304 -62266.720306 -62266.720305 -62266.720305 -62266.720305 -62266.720305 -62266.720305 -62266.720305 -62266.720304 -62266.720305 -62266.720305 -62266.720305 -9999.0 -9999.0 -9999.0 -9999.0 -9999.0 -9999.0 -9999.0 -9999.0 -9999.0
-9999.0 -9999.0 -9999.0 -9999.0 -9999.0 -9999.0 -9999.0 -9999.0 -9999.0 -62266.720305 -62266.720305 -62266.720306 -62266.720305 -62266.720305 -62266.720304 -62266.720305 -62266.720305 -62266.720306 -62266.720305 -62266.720306 -62266.720305 -62266.720305 -62266.720305 -62266.720306 -62266.720305 -62266.720305 -62266.720305 -62266.720305 -62266.720304 -62266.720304 -62266.720305 -62266.720305 -62266.720306 -62266.720305 -62266.720306 -62266.720306 -62266.720306 -62266.720305 -62266.720304 -62266.720304 -62266.720305 -62266.720305 -62266.720306 -62266.720305 -62266.720306 -62266.720305 -62266.720306 -62266.720305 -62266.720305 -62266.720305 -62266.720306 -62266.720305 -62266.720305 -9999.0 -9999.0 -9999.0 -9999.0 -9999.0 -9999.0 -9999.0 -9999.0 -9999.0
-9999.0 -9999.0 -9999.0 -9999.0 -9999.0 -9999.0 -9999.0 -9999.0 -9999.0 -9999.0 -62266.720305 -62266.720305 -62266.720305 -62266.720305 -62266.720305 -62266.720306 -62266.720306 -62266.720305 -62266.720304 -62266.720305 -62266.720305 -62266.720305 -62266.720305 -62266.720305 -62266.720305 -62266.720305 -62266.720305 -62266.720305 -62266.720304 -62266.720305 -62266.720304 -62266.720304 -62266.720305 -62266.720305 -62266.720305 -62266.720305 -62266.720305 -62266.720304 -62266.720305 -62266.720305 -62266.720306 -62266.720305 -62266.720306 -62266.720305 -62266.720305 -62266.720305 -62266.720305 -62266.720305 -62266.720305 -62266.720305 -62266.720305 -62266.720305 -9999.0 -9999.0 -9999.0 -9999.0 -9999.0 -9999.0 -9999.0 -9999.0 -9999.0 -9999.0
-9999.0 -9999.0 -9999.0 -9999.0 -9999.0 -9999.0 -9999.0 -9999.0 -9999.0 -9999.0 -9999.0 -62266.720306 -62266.720305 -62266.720306 -62266.720305 -62266.720306 -62266.720305 -62266.720305 -62266.720304 -62266.720305 -62266.720305 -62266.720305 -62266.720305 -62266.720305 -62266.720305 -62266.720305 -62266.720305 -62266.720305 -62266.720304 -62266.720305 -62266.720305 -62266.720305 -62266.720305 -62266.720305 -62266.720305 -62266.720305 -62266.720305 -62266.720304 -62266.720305 -62266.720305 -62266.720305 -62266.720305 -62266.720306 -62266.720305 -62266.720305 -62266.720305 -62266.720306 -62266.720305 -62266.720306 -62266.720305 -62266.720305 -9999.0 -9999.0 -9999.0 -9999.0 -9999.0 -9999.0 -9999.0 -9999.0 -9999.0 -9999.0 -9999.0
-9999.0 -9999.0 -9999.0 -9999.0 -9999.0 -9999.0 -9999.0 -9999.0 -9999.0 -9999.0 -9999.0 -62266.720305 -62266.720305 -62266.720305 -62266.720305 -62266.720306 -62266.720305 -62266.720305 -62266.720305 -62266.720305 -62266.720306 -62266.720306 -62266.720305 -62266.720305 -62266.720305 -62266.720306 -62266.720305 -62266.720305 -62266.720305 -62266.720305 -62266.720305 -62266.720305 -62266.720305 -62266.720305 -62266.720305 -62266.720305 -62266.720305 -62266.720304 -62266.720306 -62266.720306 -62266.720306 -62266.720305 -62266.720305 -62266.720305 -62266.720305 -62266.720305 -62266.720305 -62266.720304 -62266.720305 -62266.720305 -9999.0 -9999.0 -9999.0 -9999.0 -9999.0 -9999.0 -9999.0 -9999.0 -9999.0 -9999.0 -9999.0 -9999.0
-9999.0 -9999.0 -9999.0 -9999.0 -9999.0 -9999.0 -9999.0 -9999.0 -9999.0 -9999.0 -9999.0 -9999.0 -62266.720305 -62266.720305 -62266.720305 -62266.720306 -62266.720305 -62266.720306 -62266.720305 -62266.720306 -62266.720305 -62266.720306 -62266.720305 -62266.720305 -62266.720305 -62266.720305 -62266.720305 -62266.720305 -62266.720305 -62266.720305 -62266.720304 -62266.720305 -62266.720305 -62266.720305 -62266.720305 -62266.720305 -62266.720305 -62266.720304 -62266.720306 -62266.720306 -62266.720306 -62266.720305 -62266.720305 -62266.720305 -62266.720306 -62266.720305 -62266.720305 -62266.720305 -62266.720305 -62266.720306 -9999.0 -9999.0 -9999.0 -9999.0 -9999.0 -9999.0 -9999.0 -9999.0 -9999.0 -9999.0 -9999.0 -9999.0
-9999.0 -9999.0 -9999.0 -9999.0 -9999.0 -9999.0 -9999.0 -9999.0 -9999.0 -9999.0 -9999.0 -9999.0 -9999.0 -62266.720305 -62266.720305 -62266.720305 -62266.720305 -62266.720305 -62266.720305 -62266.720305 -62266.720305 -62266.720306 -62266.720305 -62266.720305 -62266.720305 -62266.720305 -62266.720305 -62266.720306 -62266.720305 -62266.720305 -62266.720305 -62266.720305 -62266.720305 -62266.720305 -62266.720305 -62266.720305 -62266.720305 -62266.720304 -62266.720305 -62266.720305 -62266.720305 -62266.720305 -62266.720305 -62266.720305 -62266.720305 -62266.720305 -62266.720305 -62266.720304 -62266.720305 -62266.720305 -9999.0 -9999.0 -9999.0 -9999.0 -9999.0 -9999.0 -9999.0 -9999.0 -9999.0 -9999.0 -9999.0 -9999.0
-9999.0 -9999.0 -9999.0 -9999.0 -9999.0 -9999.0 -9999.0 -9999.0 -9999.0 -9999.0 -9999.0 -9999.0 -9999.0 -9999.0 -62266.720305 -62266.720306 -62266.720305 -62266.720305 -62266.720305 -62266.720305 -62266.720305 -62266.720306 -62266.720305 -62266.720306 -62266.707661 -62266.707661 -62266.707646 -62266.707661 -62266.707647 -62266.707613 -62266.720304 -62266.720305 -62266.720305 -62266.720305 -62266.720305 -62266.720305 -62266.720304 -62266.720304 -62266.720304 -62266.720304 -62266.720305 -62266.720305 -62266.720305 -62266.720305 -62266.720305 -62266.720305 -62266.720305 -62266.720305 -62266.720305 -9999.0 -9999.0 -9999.0 -9999.0 -9999.0 -9999.0 -9999.0 -9999.0 -9999.0 -9999.0 -9999.0 -9999.0 -9999.0
-9999.0 -9999.0 -9999.0 -9999.0 -9999.0 -9999.0 -9999.0 -9999.0 -9999.0 -9999.0 -9999.0 -9999.0 -9999.0 -9999.0 -9999.0 -62266.720305 -62266.720305 -62266.720304 -62266.720305 -62266.720305 -62266.720305 -62266.720305 -62266.720306 -62266.707661 -62266.707661 -62266.707661 -62266.707658 -62266.707661 -62266.707660 -62266.707661 -62266.707619 -62266.720305 -62266.720305 -62266.720305 -62266.720305 -62266.720304 -62266.720305 -62266.720305 -62266.720306 -62266.720304 -62266.720305 -62266.720305 -62266.720305 -62266.720305 -62266.720305 -62266.720305 -62266.720305 -62266.720305 -62266.720305 -9999.0 -9999.0 -9999.0 -9999.0 -9999.0 -9999.0 -9999.0 -9999.0 -9999.0 -9999.0 -9999.0 -9999.0 -9999.0
-9999.0 -9999.0 -9999.0 -9999.0 -9999.0 -9999.0 -9999.0 -9999.0 -9999.0 -9999.0 -9999.0 -9999.0 -9999.0 -9999.0 -9999.0 -9999.0 -9999.0 -62266.720306 -62266.720305 -62266.720305 -62266.720305 -62266.720306 -62266.707661 -62266.707661 -62266.707661 -62266.707661 -62266.707661 -62266.707661 -62266.707661 -62266.707661 -62266.707648 -62266.707656 -62266.720304 -62266.720305 -62266.720305 -62266.720303 -62266.720305 -62266.720305 -62266.720305 -62266.720305 -62266.720305 -62266.720305 -62266.720305 -62266.720305 -62266.720305 -62266.720305 -62266.720305 -62266.720304 -62266.720305 -9999.0 -9999.0 -9999.0 -9999.0 -9999.0 -9999.0 -9999.0 -9999.0 -9999.0 -9999.0 -9999.0 -9999.0 -9999.0
-9999.0 -9999.0 -9999.0 -9999.0 -9999.0 -9999.0 -9999.0 -9999.0 -9999.0 -9999.0 -9999.0 -9999.0 -9999.0 -9999.0 -9999.0 -9999.0 -9999.0 -62266.720305 -62266.720305 -62266.720305 -62266.720305 -62266.707661 -62266.707658 -62266.707661 -62266.707647 -62266.707661 -62266.707659 -62266.707661 -62266.707660 -62266.707661 -62266.707620 -62266.707623 -62266.707592 -62266.720303 -62266.720305 -62266.720305 -62266.720306 -62266.720306 -62266.720306 -62266.720306 -62266.720306 -62266.720306 -62266.720305 -62266.720305 -62266.720305 -62266.720304 -62266.720305 -62266.720306 -62266.720306 -9999.0 -9999.0 -9999.0 -9999.0 -9999.0 -9999.0 -9999.0 -9999.0 -9999.0 -9999.0 -9999.0 -9999.0 -9999.0
-9999.0 -9999.0 -9999.0 -9999.0 -9999.0 -9999.0 -9999.0 -9999.0 -9999.0 -9999.0 -9999.0 -9999.0 -9999.0 -9999.0 -9999.0 -9999.0 -9999.0 -9999.0 -62266.720306 -62266.720306 -62266.720305 -62266.707661 -62266.707661 -62266.707661 -62266.707653 -62266.707661 -62266.707661 -62266.707661 -62266.707661 -62266.707661 -62266.707641 -62266.707583 -62266.707539 -62266.707546 -62266.720304 -62266.720303 -62266.720306 -62266.720305 -62266.720305 -62266.720305 -62266.720305 -62266.720305 -62266.720305 -62266.720305 -62266.720305 -62266.720304 -62266.720305 -62266.720305 -62266.720306 -9999.0 -9999.0 -9999.0 -9999.0 -9999.0 -9999.0 -9999.0 -9999.0 -9999.0 -9999.0 -9999.0 -9999.0 -9999.0
-9999.0 -9999.0 -9999.0 -9999.0 -9999.0 -9999.0 -9999.0 -9999.0 -9999.0 -9999.0 -9999.0 -9999.0 -9999.0 -9999.0 -9999.0 -9999.0 -9999.0 -9999.0 -62266.720305 -62266.720305 -62266.720305 -62266.707655 -62266.707642 -62266.707661 -62266.707658 -62266.707661 -62266.707635 -62266.707656 -62266.707618 -62266.707661 -62266.707584 -62266.707516 -62266.707563 -62266.707658 -62266.707661 -62266.707661 -62266.720306 -62266.720305 -62266.720306 -62266.720306 -62266.720306 -62266.720306 -62266.720305 -62266.720305 -62266.720305 -62266.720305 -62266.720306 -62266.720306 -9999.0 -9999.0 -9999.0 -9999.0 -9999.0 -9999.0 -9999.0 -9999.0 -9999.0 -9999.0 -9999.0 -9999.0 -9999.0 -9999.0
-9999.0 -9999.0 -9999.0 -9999.0 -9999.0 -9999.0 -9999.0 -9999.0 -9999.0 -9999.0 -9999.0 -9999.0 -9999.0 -9999.0 -9999.0 -9999.0 -9999.0 -9999.0 -9999.0 -62266.720305 -62266.720305 -62266.707661 -62266.707661 -62266.707661 -62266.707661 -62266.707661 -62266.707661 -62266.707660 -62266.707623 -62266.707661 -62266.707545 -62266.707489 -62266.707650 -62266.707660 -62266.707661 -62266.707661 -62266.720306 -62266.720304 -62266.720306 -62266.720306 -62266.720305 -62266.720305 -62266.720304 -62266.720304 -62266.720305 -62266.720305 -62266.720306 -62266.720306 -9999.0 -9999.0 -9999.0 -9999.0 -9999.0 -9999.0 -9999.0 -9999.0 -9999.0 -9999.0 -9999.0 -9999.0 -9999.0 -9999.0
-9999.0 -9999.0 -9999.0 -9999.0 -9999.0 -9999.0 -9999.0 -9999.0 -9999.0 -9999.0 -9999.0 -9999.0 -9999.0 -9999.0 -9999.0 -9999.0 -9999.0 -9999.0 -9999.0 -9999.0 -62266.720305 -62266.707645 -62266.707657 -62266.707661 -62266.707658 -62266.707661 -62266.707649 -62266.707661 -62266.707626 -62266.707594 -62266.707527 -62266.707623 -62266.707661 -62266.707661 -62266.707661 -62266.707661 -62266.707661 -62266.707661 -62266.720306 -62266.720306 -62266.720305 -62266.720305 -62266.720305 -62266.720305 -62266.720305 -62266.720305 -62266.720306 -9999.0 -9999.0 -9999.0 -9999.0 -9999.0 -9999.0 -9999.0 -9999.0 -9999.0 -9999.0 -9999.0 -9999.0 -9999.0 -9999.0 -9999.0
-9999.0 -9999.0 -9999.0 -9999.0 -9999.0 -9999.0 -9999.0 -9999.0 -9999.0 -9999.0 -9999.0 -9999.0 -9999.0 -9999.0 -9999.0 -9999.0 -9999.0 -9999.0 -9999.0 -9999.0 -9999.0 -62266.707661 -62266.707661 -62266.707661 -62266.707661 -62266.707661 -62266.707650 -62266.707661 -62266.707655 -62266.707564 -62266.707566 -62266.707613 -62266.707661 -62266.707625 -62266.707661 -62266.707661 -62266.707661 -62266.707662 -62266.720306 -62266.720306 -62266.720305 -62266.720305 -62266.720304 -62266.720305 -62266.720305 -62266.720305 -62266.720305 -9999.0 -9999.0 -9999.0 -9999.0 -9999.0 -9999.0 -9999.0 -9999.0 -9999.0 -9999.0 -9999.0 -9999.0 -9999.0 -9999.0 -9999.0
-9999.0 -9999.0 -9999.0 -9999.0 -9999.0 -9999.0 -9999.0 -9999.0 -9999.0 -9999.0 -9999.0 -9999.0 -9999.0 -9999.0 -9999.0 -9999.0 -9999.0 -9999.0 -9999.0 -9999.0 -9999.0 -62266.707618 -62266.707644 -62266.707660 -62266.707650 -62266.707649 -62266.707622 -62266.707642 -62266.707584 -62266.707540 -62266.707622 -62266.707660 -62266.707661 -62266.707653 -62266.707661 -62266.707661 -62266.707661 -62266.707661 -62266.707661 -62266.720305 -62266.720305 -62266.720305 -62266.720305 -62266.720305 -62266.720305 -62266.720305 -9999.0 -9999.0 -9999.0 -9999.0 -9999.0 -9999.0 -9999.0 -9999.0 -9999.0 -9999.0 -9999.0 -9999.0 -9999.0 -9999.0 -9999.0 -9999.0
