geotop/1.0zi/1.0Montebello/Templates/Dripsey sc/maps/PSILIQL0001N0043.asc
ncols         69
nrows         152
xllcorner     146499.903857
yllcorner     75332.942244
cellsize      50.000000
NODATA_value  -9999.0
[rows 29 to 57 of 152, columns 0 to 64 of 69]
-9999.0 -9999.0 -9999.0 -9999.0 -9999.0 -9999.0 -9999.0 -9999.0 -9999.0 -9999.0 -9999.0 -9999.0 85.150710 69.680571 75.114258 81.542689 84.702528 88.966528 100.205211 69.999225 86.588738 112.796319 92.432642 134.441033 50.151205 95.026544 78.252528 74.285915 72.841664 72.599334 68.910787 75.393534 77.959902 80.625710 85.296500 96.472641 81.459271 75.323351 79.453791 73.681466 82.117206 80.733706 92.032422 82.169087 86.623040 114.578883 79.623349 79.602788 133.856768 97.537110 70.899611 71.840709 108.687193 116.322045 84.021566 81.034761 87.883623 84.489480 83.687206 84.202494 80.914011 -9999.0 -9999.0 -9999.0 -9999.0
-9999.0 -9999.0 -9999.0 -9999.0 -9999.0 -9999.0 -9999.0 -9999.0 -9999.0 -9999.0 -9999.0 -9999.0 90.906961 71.219259 78.112367 83.175879 96.922537 91.856343 95.976172 100.183813 77.726479 138.876616 50.392507 50.096878 79.617229 69.014945 76.016715 68.579718 66.334329 68.264133 67.679042 68.881882 71.685882 72.177354 81.926766 93.667448 75.477403 71.984892 74.556378 78.506110 84.993806 86.428619 95.506660 93.240340 88.796300 88.239781 109.758073 81.773179 134.021473 102.659508 77.995729 78.833886 111.589881 117.040346 82.473884 114.693751 103.705941 93.433592 88.173095 90.346932 90.373730 73.664722 -9999.0 -9999.0 -9999.0
-9999.0 -9999.0 -9999.0 -9999.0 -9999.0 -9999.0 -9999.0 -9999.0 -9999.0 -9999.0 -9999.0 71.679624 89.167146 73.150950 78.268969 83.414475 89.846896 106.435204 93.785725 92.861012 101.686661 50.303383 78.436987 72.076917 68.121372 76.013124 71.587227 74.999126 70.514118 70.755564 69.191590 69.342789 72.130973 71.418903 74.074041 84.544261 77.034631 74.505820 80.531021 81.892436 82.534409 70.169845 71.521280 92.883194 98.600937 85.419007 85.722808 99.233628 71.131235 133.310483 81.519863 81.666646 143.036980 84.773128 103.358685 84.385293 84.050801 82.607232 76.337357 72.614963 70.921240 87.474211 87.264740 -9999.0 -9999.0
-9999.0 -9999.0 -9999.0 -9999.0 -9999.0 -9999.0 -9999.0 -9999.0 -9999.0 -9999.0 -9999.0 80.504018 88.309104 80.841492 72.802027 85.005395 89.236524 88.642302 115.437239 90.918793 94.785227 50.286487 88.811956 89.245499 86.036208 88.638974 84.008499 83.507463 78.149600 77.112848 76.873162 76.961676 72.357875 76.892762 75.394551 75.720679 76.007485 73.994590 79.566113 80.980889 83.342278 83.662820 77.540959 76.475645 117.739199 69.800656 85.817527 87.082431 109.027215 77.711842 147.852233 89.341470 161.306662 110.227881 97.400085 97.520620 93.239198 95.828438 91.338934 94.562063 86.647969 89.058843 85.372069 79.836699 -9999.0
-9999.0 -9999.0 -9999.0 -9999.0 -9999.0 -9999.0 -9999.0 -9999.0 -9999.0 -9999.0 67.712553 91.906104 70.522464 81.998328 73.342540 75.989074 69.884969 68.955683 70.545607 101.056831 92.333164 50.293147 69.979567 73.586344 69.265160 69.837165 68.916491 69.875416 77.444657 79.608580 80.414661 82.362436 74.270618 80.583287 75.370946 73.292621 78.635675 76.207155 70.489602 71.228333 79.751785 87.856473 85.913369 77.742403 114.999347 70.862113 76.356750 90.097786 88.973034 105.670341 85.615308 167.192588 180.884029 102.117640 88.775940 95.290548 93.044397 95.505443 90.621738 93.314129 91.722032 85.547734 80.531879 80.134054 73.860192
-9999.0 -9999.0 -9999.0 -9999.0 -9999.0 -9999.0 -9999.0 -9999.0 -9999.0 73.793430 88.328566 74.531276 69.553363 84.765663 78.266188 72.939396 79.730855 74.802795 76.179560 78.825590 115.092249 50.312766 93.399715 81.384080 76.362468 75.704526 75.079957 81.876230 80.795946 82.895822 69.645660 82.622339 83.165184 87.257065 82.858376 73.274824 78.187770 80.204633 80.682710 77.677980 83.299350 83.386944 106.321745 103.622761 113.572998 75.527678 82.687013 93.382282 71.497436 93.435922 149.059644 173.329292 247.503698 123.960699 87.456729 88.798574 85.181715 84.777250 79.444188 78.573792 72.332503 78.445734 73.809359 73.744782 73.495165
-9999.0 -9999.0 -9999.0 -9999.0 -9999.0 -9999.0 -9999.0 -9999.0 82.115894 94.494681 77.991126 74.336809 68.683282 82.562162 79.088353 75.957229 70.530852 79.529673 81.093466 81.475105 71.063811 50.317100 70.371467 69.274185 76.610464 78.559170 82.348258 84.210893 82.631192 75.669212 80.313143 70.842814 84.262436 87.431495 83.934873 73.427723 79.568077 79.281244 82.552169 80.735691 70.282293 69.132662 69.681310 68.615769 104.832978 106.175562 92.372391 95.838888 72.478436 79.718839 150.958385 51.507157 110.227256 112.114847 97.903886 102.395222 100.824826 95.692424 91.492091 95.847809 82.388997 82.163370 74.054585 73.996690 73.519213
-9999.0 -9999.0 -9999.0 -9999.0 -9999.0 -9999.0 -9999.0 71.077539 81.717984 98.419885 80.898290 77.445760 71.688700 82.508527 80.669715 82.276036 78.352363 70.341570 93.643912 87.385396 70.053999 50.088002 76.057455 82.128666 80.499536 114.022037 117.035401 117.002419 98.183072 97.081413 79.524524 72.582466 85.385857 92.704001 89.516523 78.252178 82.071929 71.697055 84.545457 88.505626 101.194985 102.345769 106.684852 101.540326 103.552542 107.947697 134.492364 94.989024 80.382516 85.245203 143.602723 50.268637 93.824306 86.580218 77.721180 76.857411 70.913596 78.373607 75.595860 72.848070 83.013163 87.482105 81.502170 80.959905 79.902127
-9999.0 -9999.0 -9999.0 -9999.0 -9999.0 -9999.0 83.364669 95.395092 93.533191 96.345017 82.364070 84.050415 82.852949 80.607816 66.268388 81.763076 79.719354 70.645904 79.353547 96.788135 70.848573 50.093525 81.676780 82.871506 106.196814 69.421387 76.753646 80.367087 71.742965 72.138533 76.733189 86.550069 74.135663 91.643647 89.334507 73.523858 84.057100 82.474806 77.317972 88.975746 92.225647 89.664275 87.323007 70.294585 79.488218 123.079032 144.787779 125.054720 111.218716 159.084554 50.195733 133.019634 114.573528 110.598807 83.658988 84.933549 83.105776 82.375013 75.868356 73.005017 71.847319 73.096028 82.082640 84.204367 72.940578
-9999.0 -9999.0 -9999.0 -9999.0 -9999.0 68.501884 84.636813 86.455080 100.036687 128.069763 227.808531 235.963880 91.845823 88.540846 66.828465 83.862037 84.347531 77.815983 83.488961 70.398758 114.339718 50.130875 85.129723 108.326159 98.464203 107.370572 94.886598 100.861760 99.688912 103.227878 92.544098 73.905052 82.997840 97.239841 95.136660 78.693036 85.423928 72.048143 87.124303 80.277793 71.304774 70.622735 77.325262 94.489753 103.961185 104.978094 99.648708 137.153785 180.030173 50.367167 107.874292 82.947107 72.042368 69.564351 85.987554 84.731847 80.224408 79.221576 71.155144 96.668660 102.602405 103.037701 90.421362 81.008491 79.681405
-9999.0 -9999.0 -9999.0 -9999.0 -9999.0 79.828158 83.770044 79.363959 85.523316 85.503665 106.783385 128.366145 224.443648 101.637552 69.323871 84.697764 84.114078 76.435143 79.665814 69.087627 109.276351 50.140108 104.948022 109.968873 85.536555 83.410650 78.140603 79.057862 72.993057 72.852622 77.276947 74.921427 84.993585 96.083651 93.899227 73.815937 84.446417 84.911188 77.072372 84.900064 81.462228 73.656547 69.584918 70.545597 81.550369 84.477127 84.230415 96.951975 50.528310 83.258723 78.400680 96.882049 92.543062 84.425510 78.984794 80.081908 77.100777 73.734025 92.833150 69.519157 69.539769 72.502773 82.304258 82.261304 78.478434
-9999.0 -9999.0 -9999.0 -9999.0 78.086298 78.277570 77.692916 82.083260 79.301844 77.391141 77.471449 82.122133 97.726689 221.979183 81.177603 90.334364 91.335750 83.545689 70.433491 70.460987 115.738689 50.326024 114.064148 89.464995 85.791132 85.212793 80.787028 83.472317 80.710810 84.408575 72.783322 83.636895 91.168120 94.345490 93.360949 78.515564 90.008783 72.258871 88.834140 79.961228 88.389866 87.013460 97.500245 98.542993 106.255427 99.855869 105.913001 113.331133 50.418715 79.269485 68.486175 70.457595 69.339297 74.449611 69.522689 76.704189 72.959632 108.392802 74.969862 74.886698 74.012150 82.736931 84.718414 82.614871 78.821322
-9999.0 -9999.0 -9999.0 76.845402 79.776707 73.548832 82.818768 77.215077 78.299048 73.151986 74.331244 74.048131 86.241702 77.404590 51.334945 50.309696 87.797764 73.584855 68.792441 71.462551 113.007190 50.433069 85.639972 83.386621 80.341615 80.776904 75.264900 73.597528 84.133091 78.518062 71.889507 84.889246 90.505818 71.750204 99.764722 92.076737 96.395901 71.156960 76.473359 86.361571 82.271217 87.150361 70.655281 72.502821 77.491310 71.826132 76.285290 70.369276 50.086891 78.617407 67.119658 68.539872 68.906237 74.797066 70.105509 69.221667 69.179390 106.525368 77.336046 77.539432 80.352520 85.537823 80.010356 79.047903 76.321738
-9999.0 -9999.0 71.577236 76.073564 71.375972 79.034248 73.710001 72.727323 69.546803 68.071365 68.667588 81.062579 69.697497 88.173310 70.571836 82.061681 50.227792 78.979210 67.992215 78.130893 118.669047 50.119166 82.064086 80.817947 76.994874 77.275109 70.358497 84.903548 81.377408 78.798557 72.919512 90.285371 95.510709 72.822724 111.807580 72.513699 123.269862 70.806452 76.805928 79.579470 90.256779 88.248478 101.777964 80.723436 82.136991 82.058877 88.097688 95.274696 50.176399 93.187003 75.362940 74.101230 76.328738 70.356910 74.101961 74.984854 70.011372 109.091124 81.389851 86.373400 69.611578 93.558468 80.659818 79.197224 75.871828
-9999.0 -9999.0 72.074532 79.692428 81.737474 70.655258 69.862218 70.122131 78.346694 80.838003 82.409898 93.910485 92.938994 71.718324 76.356773 69.833742 50.054520 88.815052 71.400093 79.705662 50.256460 90.097327 80.622464 78.909892 74.452412 72.333370 83.020986 80.766582 78.861761 77.071506 73.849492 89.314596 95.039879 71.964704 99.555980 70.170993 113.449052 69.589369 75.227612 78.110388 81.869196 88.627573 70.860942 100.571868 71.108993 85.104325 86.187306 73.482456 79.873516 50.133932 82.465920 78.577415 72.508683 78.122168 76.634802 77.354568 99.719371 82.504024 84.155498 75.426169 91.399666 82.472818 79.529811 78.215977 77.245417
-9999.0 -9999.0 71.223960 72.930317 81.714798 82.392148 86.010704 84.382235 89.183321 89.434883 89.172853 71.238345 78.609979 80.108585 87.047086 85.791441 91.212076 50.118706 110.180564 50.090879 86.387309 85.327405 77.677287 75.829631 70.197312 88.021411 83.355773 82.573785 78.964847 70.790818 76.919666 94.546136 94.584208 72.438232 78.206348 98.382554 109.177696 70.926246 76.844850 79.317214 83.360039 84.727422 94.776006 77.326104 103.469682 78.692162 85.881134 100.856203 99.600319 50.097308 132.184398 92.721407 81.128315 81.054097 69.826873 109.993954 85.635687 88.497628 78.352815 95.584351 86.320150 86.172265 81.317235 95.868185 91.747026
-9999.0 -9999.0 73.731432 78.320053 85.234735 85.021013 88.725707 86.737914 91.835895 91.705120 96.666038 93.284848 97.167928 94.799019 103.396541 99.086831 104.682673 97.005688 50.183344 73.713387 67.236663 73.645046 69.479905 68.226446 84.586241 84.738712 82.626898 81.813476 74.522242 81.347425 69.694924 106.359738 72.530122 72.750585 79.918500 79.340411 99.838772 101.053869 76.386155 78.918995 82.690542 83.979182 86.602526 92.646381 84.273848 108.830198 115.009950 110.220507 107.792332 50.181518 125.127105 73.400842 80.318645 74.412229 101.664300 86.342799 88.869336 81.763444 93.086788 87.662129 84.693344 86.139379 93.466655 81.998718 80.246363
-9999.0 -9999.0 73.878083 78.110733 84.566512 84.933490 90.534834 96.815972 100.701142 97.268936 105.040142 107.568792 110.335332 103.480838 115.047465 110.410402 109.934301 106.750400 50.348985 97.024747 79.050461 68.406424 73.014964 87.476734 83.800849 85.170740 83.181968 80.747750 70.842020 87.013808 71.192570 101.050549 77.635464 77.409466 81.831256 71.420467 85.128672 101.129433 110.303408 81.080218 84.496653 84.951566 87.619612 88.695836 113.388207 71.285535 72.684990 73.739695 79.746295 113.005304 50.224509 97.528335 83.061263 110.640849 87.044299 91.923291 114.731959 127.189651 93.979091 98.857064 89.412591 118.038415 93.461990 82.613237 76.325870
-9999.0 -9999.0 74.365513 78.365034 84.832330 85.800375 86.313140 70.766202 78.509120 80.330862 83.830134 70.594886 77.726467 79.643381 89.235297 88.656444 90.096371 88.289064 92.388747 50.138896 73.953001 76.226570 85.370399 85.095117 82.752726 82.944808 78.886392 78.776642 85.358261 76.658897 97.993917 79.905127 73.337021 70.813026 83.334521 82.426946 77.148052 84.007978 102.753621 103.046595 82.796441 83.176745 85.808288 86.840326 119.882506 72.242127 79.584191 76.412428 72.107110 86.802828 50.304711 149.840508 154.254356 126.946341 96.766870 115.406861 95.596998 114.349820 104.199171 104.805785 111.306421 76.563611 71.591817 75.416846 70.692951
-9999.0 -9999.0 74.859609 78.896183 85.505931 86.814385 91.122622 87.152825 91.785121 90.881289 97.249018 92.643695 94.523866 93.715154 101.360357 101.069441 104.996268 97.407796 112.220608 50.413324 88.327298 90.545769 85.342201 86.468531 83.740214 82.015838 68.054405 92.718338 79.712593 104.396874 83.326271 72.369408 78.438581 72.000686 88.479549 72.149632 87.226232 80.142569 88.274114 99.853432 106.887184 84.579090 87.794107 89.018486 144.969654 81.315508 85.859236 71.499645 84.978479 50.119033 50.430001 50.003474 50.094080 50.046753 51.379597 214.170350 169.073368 155.339793 129.168861 96.134395 90.759164 86.203558 82.519452 70.919051 77.305434
-9999.0 -9999.0 74.711001 78.650450 84.945883 86.908669 90.702433 88.293739 92.444467 91.537763 97.728080 92.725938 95.030441 93.115941 99.760430 100.163081 106.374987 98.196541 109.335859 50.233597 107.478420 91.092591 85.883772 85.603596 81.299127 73.014164 87.566397 79.816784 95.387665 84.061503 76.079455 79.787475 73.231465 70.713768 80.507516 87.650112 79.956485 86.027791 83.215157 86.010612 101.157132 102.800945 87.417622 88.661227 152.770655 80.610805 86.910718 73.280272 95.122349 50.285637 135.182671 129.250277 87.510473 82.289874 70.327790 83.099115 69.569781 166.383214 152.612539 122.109058 77.446782 73.273513 75.790432 81.771177 76.376249
-9999.0 -9999.0 74.889544 78.778282 85.418325 86.721992 91.532964 89.075359 92.945695 91.656316 98.025620 94.558651 95.699998 93.236394 99.799271 99.738888 108.187008 101.154565 110.652398 144.785754 50.426892 101.890725 87.964333 86.695733 77.331661 92.141733 81.815901 97.825900 83.389919 79.858296 83.078438 72.036162 81.391433 72.379452 87.934185 72.909574 99.003005 71.165426 88.984815 83.616130 90.245822 103.628146 114.392844 90.642185 148.714503 72.257294 103.390571 107.272099 50.240431 96.699791 89.746519 82.486706 91.803250 81.188270 76.977267 76.420725 67.681651 91.626287 82.786368 110.645278 106.279959 114.185043 103.856636 94.595796 71.451126
-9999.0 -9999.0 75.016281 78.957205 86.172417 88.030738 89.271420 88.098125 92.634329 90.867454 95.962333 95.089450 95.664532 93.167798 99.681709 99.545350 108.681762 102.788287 101.220752 148.676120 132.222699 50.336361 91.907209 80.835111 90.957956 85.325235 97.381185 86.172918 79.434024 82.733234 75.292647 70.765215 83.765134 73.953613 81.746779 86.414944 78.023555 93.126614 76.290781 87.370590 86.753961 90.343060 109.064424 108.521117 92.677291 151.609197 125.561906 50.149161 98.919574 101.814614 88.415348 82.764674 78.532818 94.176340 77.837653 74.763125 69.082721 92.317740 85.129237 80.538413 108.214619 85.202691 73.735686 -9999.0 -9999.0
-9999.0 -9999.0 75.913104 80.063217 87.955238 87.287949 89.484608 87.903772 92.620786 91.305886 98.494119 93.220996 95.083378 93.308515 101.113427 100.457501 108.927622 144.852704 133.110720 72.451560 79.548093 50.482599 90.211961 94.477285 85.587434 112.068153 91.304064 96.071630 88.918637 80.464794 75.691580 71.375802 83.725327 82.132324 86.881795 72.034311 90.476294 81.340295 96.774981 82.949572 107.176683 119.477095 150.935840 147.451751 122.058227 215.387507 50.172079 107.303364 94.210191 89.387722 82.266696 81.188638 77.291022 74.194679 89.202621 73.619298 67.726373 88.926098 79.152148 70.775359 109.227780 82.302712 73.106531 -9999.0 -9999.0
-9999.0 -9999.0 73.490518 74.414957 84.108407 84.446484 86.941760 85.874576 90.448242 89.177784 91.248719 71.168726 77.943806 79.461860 87.601904 122.037783 117.511653 137.589760 153.504497 138.141383 142.822941 50.364913 107.516875 88.473584 106.095180 68.508412 90.662177 84.048962 85.425150 80.028263 75.344821 88.040692 72.488756 82.670682 86.249510 73.324141 80.827056 89.069558 84.788037 100.395196 106.287009 103.938066 98.186800 70.200805 162.298873 50.533640 105.955807 99.870756 75.557066 85.939587 83.053802 80.479490 76.545866 74.326955 68.302902 91.659614 69.057494 90.067186 79.010815 70.751592 115.311855 85.236306 -9999.0 -9999.0 -9999.0
-9999.0 -9999.0 74.888523 81.609868 88.844776 87.996127 91.019643 86.708846 90.968553 89.878367 97.157218 110.940012 113.464198 105.358004 101.138544 69.467501 126.268326 80.722811 75.152819 77.494969 93.017603 98.985571 50.524416 138.049160 74.926881 107.964629 94.183186 88.236188 85.916486 81.750495 71.083238 87.653924 77.272320 88.215077 91.522177 78.002407 86.471394 72.335485 94.579926 91.318153 96.325008 87.875363 69.682197 100.676140 50.468215 80.676595 70.717745 70.275413 87.302035 68.357485 79.613752 79.240063 73.459994 71.809630 66.846925 89.487473 66.964783 82.616932 70.900774 81.236537 116.808320 73.718101 -9999.0 -9999.0 -9999.0
-9999.0 -9999.0 74.263812 82.149292 84.707208 72.990957 72.125436 70.498063 78.019905 79.705604 87.910173 112.360394 116.920444 110.224638 143.143374 127.912359 80.550897 68.491967 70.626849 77.587714 75.594846 75.651796 50.122326 138.524145 120.210982 73.024131 67.998072 68.295364 80.347922 76.409402 86.708303 82.638686 72.575744 87.919272 90.537146 73.091389 92.812752 73.498614 81.716295 93.605652 73.093942 69.491355 86.549034 78.774309 50.153842 95.876871 92.979389 90.124709 84.753721 88.364836 79.696315 77.682494 75.006821 71.843764 66.806555 80.546382 76.519802 83.499837 73.784215 67.889196 91.121640 -9999.0 -9999.0 -9999.0 -9999.0
-9999.0 -9999.0 75.831485 83.554371 88.693288 97.643482 102.150420 98.435309 100.955861 97.985114 96.170599 69.557173 70.354568 95.410176 69.634841 69.438604 73.578138 71.624046 75.897634 69.307126 70.324516 67.516527 70.720021 144.772394 90.194781 80.745576 74.852627 82.174708 77.709014 90.607946 71.255321 83.955515 77.490020 93.664454 96.079552 78.196119 97.033804 81.883261 87.657079 72.478674 93.307605 73.316392 74.976882 98.610166 50.230059 78.163588 69.150458 74.834819 69.578520 78.090852 72.931960 70.008052 71.109257 72.678057 66.199032 77.154192 75.813568 80.152629 70.116350 74.771010 78.211777 -9999.0 -9999.0 -9999.0 -9999.0
-9999.0 -9999.0 -9999.0 80.457888 78.137582 80.636807 85.041185 84.485662 89.473036 88.597852 93.904430 107.580702 100.902067 77.791710 83.978532 80.178793 71.266479 71.481618 79.358101 81.908128 88.066467 85.673813 84.928256 50.243539 72.457762 67.790510 80.893651 78.658110 84.785940 75.158425 83.318814 84.122958 70.916994 93.190142 95.076930 71.003010 99.557623 83.348235 86.505143 70.293076 74.400101 86.872584 82.689160 50.190168 95.372140 93.116610 87.465254 89.562614 83.799382 77.838908 71.408250 69.714722 65.608381 73.525240 72.950508 77.289191 73.057897 79.532976 76.466120 75.390322 -9999.0 -9999.0 -9999.0 -9999.0 -9999.0
