geotop/1.0zi/1.0Montebello/Templates/Dripsey sc/maps/PSILIQL0002N0055.asc
ncols         69
nrows         152
xllcorner     146499.903857
yllcorner     75332.942244
cellsize      50.000000
NODATA_value  -9999.0
[rows 56 to 83 of 152, columns 0 to 62 of 69]
-9999.0 -9999.0 -868.364469 -868.300554 -868.243704 -868.145568 -868.092939 -868.125763 -868.085111 -868.108231 -868.124530 -868.410399 -868.405641 -868.147171 -868.410893 -868.411553 -868.380461 -868.395510 -868.366083 -868.412970 -868.406243 -868.423034 -868.394922 -865.117070 -868.227903 -868.331655 -868.377625 -868.312968 -868.353694 -868.216228 -868.399754 -868.295206 -868.353990 -868.182004 -868.146944 -868.347933 -868.154249 -868.317731 -868.262399 -868.389972 -868.173877 -868.384366 -868.374319 -868.083559 -867.312937 -868.345320 -868.414267 -868.377527 -868.413209 -868.354341 -868.397063 -868.419648 -868.404290 -868.387548 -868.435559 -868.351595 -868.367275 -868.331043 -868.406867 -868.372952 -868.351894 -9999.0 -9999.0
-9999.0 -9999.0 -9999.0 -868.328590 -868.344351 -868.323508 -868.283897 -868.284692 -868.235981 -868.239530 -868.178825 -868.041278 -868.091908 -868.354456 -868.302169 -868.325760 -868.399108 -868.396119 -868.339290 -868.314509 -868.255168 -868.269982 -868.263972 -866.315983 -868.384379 -868.423473 -868.321136 -868.345845 -868.270431 -868.374160 -868.296796 -868.299603 -868.401271 -868.179254 -868.151540 -868.400451 -868.124028 -868.300086 -868.264365 -868.405615 -868.377152 -868.239679 -868.315461 -867.710663 -868.125533 -868.201241 -868.266234 -868.259919 -868.318023 -868.363806 -868.406032 -868.416668 -868.440349 -868.383436 -868.384208 -868.352846 -868.386040 -868.340743 -868.362888 -868.371632 -9999.0 -9999.0 -9999.0
-9999.0 -9999.0 -9999.0 -868.371542 -868.280655 -868.395759 -868.380045 -868.346962 -868.287113 -868.275277 -868.267728 -868.400441 -868.399640 -868.406990 -868.350737 -868.330523 -868.101486 -868.134919 -868.088017 -868.099902 -868.016229 -868.077900 -868.098914 -868.011934 -866.896017 -868.249663 -868.322684 -868.226899 -868.360381 -868.282929 -868.411199 -868.277983 -868.397786 -868.121401 -868.091074 -868.393056 -868.081881 -868.248936 -868.240026 -868.412862 -868.378023 -868.330668 -867.886805 -867.227027 -868.239977 -868.295356 -868.341526 -868.369366 -868.436532 -868.449553 -868.430325 -868.413758 -868.437986 -868.410383 -868.413615 -868.402921 -868.402133 -868.403069 -868.394434 -9999.0 -9999.0 -9999.0 -9999.0
-9999.0 -9999.0 -9999.0 -868.376268 -868.334102 -868.254741 -868.191747 -868.191661 -867.857891 -867.875506 -867.776540 -867.814446 -867.796641 -867.959069 -867.848779 -867.626703 -867.208624 -867.386977 -867.304106 -867.423984 -867.504745 -868.399372 -868.355083 -868.315825 -866.597277 -868.211918 -868.239032 -868.340136 -868.296619 -868.383153 -868.299629 -868.355730 -868.418451 -868.177438 -868.143178 -868.392743 -868.345204 -868.112216 -868.253383 -868.421945 -868.365581 -868.328069 -867.791882 -867.699533 -868.061418 -868.157542 -868.205744 -868.296785 -868.364627 -868.379319 -868.402836 -868.423442 -868.424308 -9999.0 -9999.0 -9999.0 -9999.0 -9999.0 -9999.0 -9999.0 -9999.0 -9999.0 -9999.0
-9999.0 -9999.0 -9999.0 -868.354263 -868.233983 -868.164905 -868.075835 -868.134367 -868.347356 -868.304346 -868.172698 -868.127036 -868.061834 -867.989098 -868.009708 -868.276329 -868.403916 -868.289877 -868.252763 -868.258307 -868.247194 -867.379957 -867.427228 -867.336188 -866.022229 -867.497333 -868.266757 -868.258932 -868.362344 -868.268317 -868.410691 -868.285280 -868.410271 -868.113966 -868.085334 -868.336555 -868.330184 -868.405514 -867.988703 -868.407767 -868.306353 -868.229517 -867.398924 -868.175682 -868.277054 -868.314628 -868.323913 -868.352763 -868.389499 -868.403462 -868.437834 -868.410210 -868.391138 -9999.0 -9999.0 -9999.0 -9999.0 -9999.0 -9999.0 -9999.0 -9999.0 -9999.0 -9999.0
-9999.0 -9999.0 -9999.0 -9999.0 -9999.0 -868.384050 -868.341749 -868.396512 -868.357215 -868.341543 -868.331285 -868.289519 -868.233273 -868.372657 -868.275879 -868.360167 -868.338670 -868.396223 -868.348664 -868.254341 -868.187259 -867.962395 -867.994035 -867.760025 -867.486700 -866.179389 -868.141964 -868.303144 -868.286011 -868.386649 -868.404196 -868.261850 -868.419853 -868.134982 -868.120855 -868.322319 -868.391797 -868.326557 -868.373590 -867.924854 -868.330028 -867.561258 -868.163143 -868.294711 -868.372219 -868.313982 -868.353376 -868.374353 -868.411369 -868.424881 -868.448782 -868.416317 -868.372136 -9999.0 -9999.0 -9999.0 -9999.0 -9999.0 -9999.0 -9999.0 -9999.0 -9999.0 -9999.0
-9999.0 -9999.0 -9999.0 -9999.0 -9999.0 -9999.0 -868.378599 -868.407122 -868.370920 -868.381331 -868.347237 -868.378005 -868.407230 -868.312328 -868.415738 -868.410820 -868.353807 -868.316535 -868.321506 -868.139496 -868.057418 -867.929327 -868.027149 -868.329903 -868.253140 -867.339131 -866.462502 -868.051664 -868.359035 -868.420794 -868.379756 -868.237194 -868.412241 -868.070097 -868.060017 -868.272947 -868.337198 -868.408012 -868.292019 -867.767789 -867.830583 -868.334552 -868.411744 -868.421947 -868.429387 -868.418343 -868.434784 -868.396493 -868.424636 -868.400820 -868.438600 -868.382845 -868.367220 -9999.0 -9999.0 -9999.0 -9999.0 -9999.0 -9999.0 -9999.0 -9999.0 -9999.0 -9999.0
-9999.0 -9999.0 -9999.0 -9999.0 -9999.0 -9999.0 -9999.0 -868.388534 -868.399243 -868.376363 -868.403743 -868.316672 -868.300128 -868.388384 -868.344011 -868.343126 -868.301046 -868.115200 -868.133517 -868.368287 -868.349281 -868.398619 -868.350290 -868.269473 -867.653991 -867.472624 -866.207900 -867.777206 -868.363525 -868.344629 -868.272231 -868.385774 -868.424631 -868.125312 -868.098646 -868.258008 -868.324524 -868.422995 -868.363086 -867.895207 -867.997222 -867.978398 -868.116583 -868.093829 -868.244819 -868.249864 -868.302411 -868.299563 -868.356915 -868.395754 -868.428595 -868.280880 -868.416635 -9999.0 -9999.0 -9999.0 -9999.0 -9999.0 -9999.0 -9999.0 -9999.0 -9999.0 -9999.0
-9999.0 -9999.0 -9999.0 -9999.0 -9999.0 -9999.0 -9999.0 -9999.0 -868.394157 -868.394843 -868.367444 -868.394222 -868.334871 -868.320554 -868.272522 -868.279790 -868.291844 -868.414847 -868.408502 -868.410660 -868.355338 -868.326452 -868.292463 -867.936064 -868.410284 -868.326509 -868.093204 -866.013997 -867.889726 -868.014722 -868.352986 -868.384016 -868.423562 -868.082923 -868.042579 -868.243912 -868.286349 -868.398933 -868.258865 -867.892924 -868.274119 -868.292105 -868.355516 -868.416509 -868.278424 -868.236808 -868.281373 -868.279625 -868.331314 -868.373931 -868.415968 -868.260143 -868.369059 -9999.0 -9999.0 -9999.0 -9999.0 -9999.0 -9999.0 -9999.0 -9999.0 -9999.0 -9999.0
-9999.0 -9999.0 -9999.0 -9999.0 -9999.0 -9999.0 -9999.0 -9999.0 -9999.0 -868.407118 -868.398586 -868.392996 -868.336517 -868.323839 -868.200236 -868.205649 -868.168970 -868.174644 -868.117917 -868.159519 -868.078057 -867.815780 -867.824616 -868.393974 -868.367375 -868.210088 -867.865383 -867.503596 -865.200177 -866.040801 -868.308742 -868.366787 -868.427042 -868.113740 -868.096929 -868.261377 -868.291911 -868.361402 -867.989911 -868.266686 -868.342587 -868.358991 -868.419408 -868.376475 -868.395135 -868.368554 -868.399274 -868.407168 -868.353024 -868.375933 -868.271069 -868.349848 -868.412356 -9999.0 -9999.0 -9999.0 -9999.0 -9999.0 -9999.0 -9999.0 -9999.0 -9999.0 -9999.0
-9999.0 -9999.0 -9999.0 -9999.0 -9999.0 -9999.0 -9999.0 -9999.0 -9999.0 -9999.0 -868.358497 -868.364188 -868.373361 -868.369150 -868.404485 -868.410389 -868.370843 -868.340952 -868.272199 -868.268395 -868.071380 -868.287302 -868.229955 -868.231272 -868.243432 -868.182151 -868.403898 -868.393213 -868.034692 -864.752891 -866.638442 -867.969593 -868.391072 -868.030564 -868.007243 -868.204283 -868.211081 -867.883068 -868.165825 -868.222420 -868.340025 -868.357873 -868.409957 -868.401421 -868.344491 -868.403503 -868.375920 -868.316553 -868.353839 -868.232348 -868.329384 -868.365906 -9999.0 -9999.0 -9999.0 -9999.0 -9999.0 -9999.0 -9999.0 -9999.0 -9999.0 -9999.0 -9999.0
-9999.0 -9999.0 -9999.0 -9999.0 -9999.0 -9999.0 -9999.0 -9999.0 -9999.0 -9999.0 -9999.0 -868.344382 -868.336556 -868.408515 -868.400876 -868.406196 -868.368613 -868.340524 -868.124943 -868.178306 -868.334152 -868.326384 -868.226273 -868.186937 -868.144504 -868.240734 -868.134937 -868.101151 -867.292971 -866.243098 -864.617668 -866.291638 -868.289629 -867.856954 -867.935049 -868.107150 -867.751185 -868.134944 -868.214288 -868.404604 -868.332559 -868.316105 -868.360110 -868.310973 -868.374204 -868.344264 -868.307040 -868.298298 -868.250039 -868.316877 -868.357697 -9999.0 -9999.0 -9999.0 -9999.0 -9999.0 -9999.0 -9999.0 -9999.0 -9999.0 -9999.0 -9999.0 -9999.0
-9999.0 -9999.0 -9999.0 -9999.0 -9999.0 -9999.0 -9999.0 -9999.0 -9999.0 -9999.0 -9999.0 -868.396363 -868.292332 -868.302485 -868.349084 -868.354527 -868.317204 -868.337839 -868.369670 -868.374188 -868.383919 -868.388687 -868.411829 -868.352160 -868.301036 -868.355953 -868.351855 -868.286226 -868.298305 -867.639909 -865.020890 -864.010955 -866.565376 -866.581945 -867.571497 -867.604301 -867.397766 -868.311783 -868.428998 -868.264515 -868.212440 -868.210394 -868.260311 -868.326771 -868.311012 -868.255125 -868.402441 -868.116574 -868.294181 -868.327963 -9999.0 -9999.0 -9999.0 -9999.0 -9999.0 -9999.0 -9999.0 -9999.0 -9999.0 -9999.0 -9999.0 -9999.0 -9999.0
-9999.0 -9999.0 -9999.0 -9999.0 -9999.0 -9999.0 -9999.0 -9999.0 -9999.0 -9999.0 -9999.0 -9999.0 -868.354374 -868.289192 -868.281937 -868.344776 -868.405108 -868.412529 -868.401292 -868.398802 -868.403377 -868.401512 -868.369879 -868.321443 -868.363207 -868.376543 -868.287614 -868.387367 -868.323794 -868.335131 -866.339408 -864.164764 -864.935277 -866.484487 -867.058928 -867.036189 -868.075544 -868.334826 -868.429989 -868.417962 -868.411049 -868.401664 -868.321786 -868.290508 -868.264074 -868.361852 -868.100802 -868.239344 -868.308771 -868.416795 -9999.0 -9999.0 -9999.0 -9999.0 -9999.0 -9999.0 -9999.0 -9999.0 -9999.0 -9999.0 -9999.0 -9999.0 -9999.0
-9999.0 -9999.0 -9999.0 -9999.0 -9999.0 -9999.0 -9999.0 -9999.0 -9999.0 -9999.0 -9999.0 -9999.0 -9999.0 -868.326409 -868.253523 -868.280937 -868.317613 -868.372242 -868.374715 -868.389345 -868.373832 -868.352042 -868.339292 -868.409306 -868.400677 -868.305562 -868.414886 -868.368970 -868.418252 -868.356352 -868.381360 -868.203160 -863.530161 -865.509551 -865.791284 -866.812856 -867.849677 -868.236746 -868.331729 -868.360247 -868.370660 -868.147431 -868.219715 -868.199072 -868.328405 -868.020120 -868.200397 -868.140361 -868.306131 -868.380364 -9999.0 -9999.0 -9999.0 -9999.0 -9999.0 -9999.0 -9999.0 -9999.0 -9999.0 -9999.0 -9999.0 -9999.0 -9999.0
-9999.0 -9999.0 -9999.0 -9999.0 -9999.0 -9999.0 -9999.0 -9999.0 -9999.0 -9999.0 -9999.0 -9999.0 -9999.0 -9999.0 -868.308127 -868.271520 -868.264258 -868.289526 -868.288731 -868.398980 -868.330872 -868.388647 -868.331333 -868.304929 -854.170379 -854.469880 -854.388453 -854.558745 -854.444970 -854.527492 -868.341365 -868.094345 -863.534028 -864.524456 -867.630883 -868.438358 -868.518465 -868.529158 -868.527763 -868.527145 -868.524435 -868.512049 -867.498567 -867.459430 -867.608885 -867.782371 -868.045489 -868.304964 -868.382200 -9999.0 -9999.0 -9999.0 -9999.0 -9999.0 -9999.0 -9999.0 -9999.0 -9999.0 -9999.0 -9999.0 -9999.0 -9999.0 -9999.0
-9999.0 -9999.0 -9999.0 -9999.0 -9999.0 -9999.0 -9999.0 -9999.0 -9999.0 -9999.0 -9999.0 -9999.0 -9999.0 -9999.0 -9999.0 -868.253821 -868.053076 -867.752817 -867.804131 -868.267122 -868.287892 -868.395819 -868.390893 -854.480060 -854.270055 -854.216358 -854.081655 -854.150486 -854.026408 -854.036978 -853.824200 -868.056012 -864.297940 -862.686489 -865.722197 -867.642687 -868.285243 -868.395195 -868.434455 -868.268560 -868.412765 -868.127871 -867.361689 -867.780979 -868.097440 -868.097906 -868.154729 -868.244652 -868.383854 -9999.0 -9999.0 -9999.0 -9999.0 -9999.0 -9999.0 -9999.0 -9999.0 -9999.0 -9999.0 -9999.0 -9999.0 -9999.0 -9999.0
-9999.0 -9999.0 -9999.0 -9999.0 -9999.0 -9999.0 -9999.0 -9999.0 -9999.0 -9999.0 -9999.0 -9999.0 -9999.0 -9999.0 -9999.0 -9999.0 -9999.0 -868.405917 -868.398867 -867.942180 -868.258204 -868.285152 -854.331975 -854.435039 -854.530211 -854.553214 -854.544220 -854.614648 -854.575744 -854.550968 -854.425077 -854.295171 -863.205321 -866.835450 -868.357344 -868.024455 -868.363527 -868.363662 -868.431620 -868.375081 -868.319351 -868.343729 -868.179832 -867.428504 -868.203603 -868.322464 -868.388950 -868.287657 -868.402909 -9999.0 -9999.0 -9999.0 -9999.0 -9999.0 -9999.0 -9999.0 -9999.0 -9999.0 -9999.0 -9999.0 -9999.0 -9999.0 -9999.0
-9999.0 -9999.0 -9999.0 -9999.0 -9999.0 -9999.0 -9999.0 -9999.0 -9999.0 -9999.0 -9999.0 -9999.0 -9999.0 -9999.0 -9999.0 -9999.0 -9999.0 -868.404834 -868.363100 -868.364780 -867.855824 -853.969702 -853.886404 -854.535910 -854.304199 -854.431460 -854.446750 -854.490919 -854.465825 -854.415997 -854.295757 -852.288294 -834.915017 -865.298255 -868.277539 -868.336834 -868.400939 -868.411900 -868.388055 -868.426388 -868.321597 -868.406724 -868.166990 -867.390042 -868.264431 -868.273374 -868.357992 -868.359217 -868.414967 -9999.0 -9999.0 -9999.0 -9999.0 -9999.0 -9999.0 -9999.0 -9999.0 -9999.0 -9999.0 -9999.0 -9999.0 -9999.0 -9999.0
-9999.0 -9999.0 -9999.0 -9999.0 -9999.0 -9999.0 -9999.0 -9999.0 -9999.0 -9999.0 -9999.0 -9999.0 -9999.0 -9999.0 -9999.0 -9999.0 -9999.0 -9999.0 -868.348908 -868.348107 -868.306967 -852.580284 -853.764933 -853.926267 -854.414233 -854.315356 -854.398886 -854.424013 -854.383224 -854.399762 -854.419557 -848.224984 -838.404892 -852.448645 -868.347142 -868.370504 -868.392285 -868.399617 -868.428308 -868.374753 -868.313806 -868.405488 -868.178505 -867.274706 -868.396723 -868.291302 -868.385757 -868.411040 -868.409441 -9999.0 -9999.0 -9999.0 -9999.0 -9999.0 -9999.0 -9999.0 -9999.0 -9999.0 -9999.0 -9999.0 -9999.0 -9999.0 -9999.0
-9999.0 -9999.0 -9999.0 -9999.0 -9999.0 -9999.0 -9999.0 -9999.0 -9999.0 -9999.0 -9999.0 -9999.0 -9999.0 -9999.0 -9999.0 -9999.0 -9999.0 -9999.0 -868.326626 -868.403782 -868.226915 -852.249473 -853.754564 -854.530270 -853.892677 -854.375696 -854.210888 -854.313883 -854.271679 -854.208024 -849.792510 -834.492502 -853.703155 -854.405566 -854.519101 -854.523303 -868.393073 -868.401589 -868.431622 -868.407129 -868.364582 -868.357438 -868.287692 -867.409266 -868.338507 -868.372722 -868.405446 -868.425567 -9999.0 -9999.0 -9999.0 -9999.0 -9999.0 -9999.0 -9999.0 -9999.0 -9999.0 -9999.0 -9999.0 -9999.0 -9999.0 -9999.0 -9999.0
-9999.0 -9999.0 -9999.0 -9999.0 -9999.0 -9999.0 -9999.0 -9999.0 -9999.0 -9999.0 -9999.0 -9999.0 -9999.0 -9999.0 -9999.0 -9999.0 -9999.0 -9999.0 -9999.0 -868.319585 -868.363274 -852.202595 -854.516780 -853.956498 -854.464462 -853.978056 -854.284571 -854.193471 -854.212579 -853.936661 -836.727451 -848.342527 -854.465382 -854.455220 -854.599498 -854.483339 -868.408641 -868.395487 -868.422137 -868.414288 -868.373965 -868.376273 -867.919801 -867.796608 -868.371137 -868.389918 -868.434638 -868.421524 -9999.0 -9999.0 -9999.0 -9999.0 -9999.0 -9999.0 -9999.0 -9999.0 -9999.0 -9999.0 -9999.0 -9999.0 -9999.0 -9999.0 -9999.0
-9999.0 -9999.0 -9999.0 -9999.0 -9999.0 -9999.0 -9999.0 -9999.0 -9999.0 -9999.0 -9999.0 -9999.0 -9999.0 -9999.0 -9999.0 -9999.0 -9999.0 -9999.0 -9999.0 -9999.0 -868.287338 -851.960388 -854.359983 -854.567264 -853.884373 -854.389434 -853.847069 -854.131431 -853.634294 -851.665751 -838.687985 -854.369493 -854.673025 -854.674420 -854.528448 -854.639458 -854.584883 -854.649826 -868.425507 -868.423424 -868.409803 -868.309587 -868.007666 -868.013817 -868.359265 -868.419568 -868.431660 -9999.0 -9999.0 -9999.0 -9999.0 -9999.0 -9999.0 -9999.0 -9999.0 -9999.0 -9999.0 -9999.0 -9999.0 -9999.0 -9999.0 -9999.0 -9999.0
-9999.0 -9999.0 -9999.0 -9999.0 -9999.0 -9999.0 -9999.0 -9999.0 -9999.0 -9999.0 -9999.0 -9999.0 -9999.0 -9999.0 -9999.0 -9999.0 -9999.0 -9999.0 -9999.0 -9999.0 -9999.0 -852.224389 -854.313471 -854.546400 -854.403664 -853.920552 -854.293021 -853.839249 -854.473985 -839.927951 -853.219594 -854.255627 -854.461369 -854.474378 -854.647772 -854.521832 -854.609936 -854.603789 -868.381854 -868.355367 -868.314001 -868.363096 -868.007653 -867.999701 -868.373464 -868.369673 -868.389964 -9999.0 -9999.0 -9999.0 -9999.0 -9999.0 -9999.0 -9999.0 -9999.0 -9999.0 -9999.0 -9999.0 -9999.0 -9999.0 -9999.0 -9999.0 -9999.0
-9999.0 -9999.0 -9999.0 -9999.0 -9999.0 -9999.0 -9999.0 -9999.0 -9999.0 -9999.0 -9999.0 -9999.0 -9999.0 -9999.0 -9999.0 -9999.0 -9999.0 -9999.0 -9999.0 -9999.0 -9999.0 -851.838189 -854.146696 -854.356917 -854.211171 -854.539903 -853.641913 -854.027434 -850.104338 -836.379960 -853.801161 -854.181341 -854.347203 -854.311493 -854.426861 -854.462329 -854.607256 -854.591221 -854.487376 -868.400450 -868.404285 -868.366780 -868.123324 -868.114385 -868.347276 -868.401798 -9999.0 -9999.0 -9999.0 -9999.0 -9999.0 -9999.0 -9999.0 -9999.0 -9999.0 -9999.0 -9999.0 -9999.0 -9999.0 -9999.0 -9999.0 -9999.0 -9999.0
-9999.0 -9999.0 -9999.0 -9999.0 -9999.0 -9999.0 -9999.0 -9999.0 -9999.0 -9999.0 -9999.0 -9999.0 -9999.0 -9999.0 -9999.0 -9999.0 -9999.0 -9999.0 -9999.0 -9999.0 -9999.0 -867.538192 -854.064662 -854.244644 -854.145126 -854.561301 -854.402883 -853.089127 -843.766778 -837.988722 -853.957168 -854.238116 -854.403487 -854.385159 -854.502980 -854.550717 -854.541510 -854.484437 -854.566749 -868.388929 -868.392276 -868.244508 -868.253288 -868.128856 -868.357593 -868.345286 -9999.0 -9999.0 -9999.0 -9999.0 -9999.0 -9999.0 -9999.0 -9999.0 -9999.0 -9999.0 -9999.0 -9999.0 -9999.0 -9999.0 -9999.0 -9999.0 -9999.0
-9999.0 -9999.0 -9999.0 -9999.0 -9999.0 -9999.0 -9999.0 -9999.0 -9999.0 -9999.0 -9999.0 -9999.0 -9999.0 -9999.0 -9999.0 -9999.0 -9999.0 -9999.0 -9999.0 -9999.0 -9999.0 -867.332180 -853.940296 -854.183968 -853.901143 -854.520211 -854.365145 -852.349676 -833.609174 -845.885705 -854.113243 -854.263916 -854.431024 -854.454677 -854.630313 -854.220235 -854.341532 -854.435378 -854.339421 -868.361069 -868.382840 -868.260384 -868.299536 -868.177309 -868.390873 -868.394500 -9999.0 -9999.0 -9999.0 -9999.0 -9999.0 -9999.0 -9999.0 -9999.0 -9999.0 -9999.0 -9999.0 -9999.0 -9999.0 -9999.0 -9999.0 -9999.0 -9999.0
-9999.0 -9999.0 -9999.0 -9999.0 -9999.0 -9999.0 -9999.0 -9999.0 -9999.0 -9999.0 -9999.0 -9999.0 -9999.0 -9999.0 -9999.0 -9999.0 -9999.0 -9999.0 -9999.0 -9999.0 -9999.0 -9999.0 -851.353844 -853.875476 -853.589832 -854.484796 -853.774890 -848.782488 -832.948611 -846.697373 -852.872737 -852.989047 -853.433891 -853.265535 -853.413448 -853.444897 -853.576827 -853.530198 -853.840097 -868.222187 -868.378015 -868.280854 -868.341250 -868.278246 -868.342526 -9999.0 -9999.0 -9999.0 -9999.0 -9999.0 -9999.0 -9999.0 -9999.0 -9999.0 -9999.0 -9999.0 -9999.0 -9999.0 -9999.0 -9999.0 -9999.0 -9999.0 -9999.0
