geotop/1.0zi/1.0Montebello/Templates/Dripsey sc/maps/PSILIQL0001N0006.asc
ncols         69
nrows         152
xllcorner     146499.903857
yllcorner     75332.942244
cellsize      50.000000
NODATA_value  -9999.0
[rows 58 to 86 of 152, columns 0 to 63 of 69]
-9999.0 -9999.0 -9999.0 89.258171 117.385145 83.810527 87.462618 95.541462 114.256871 119.128837 123.036067 82.586673 82.570309 81.719409 94.897335 99.936615 178.679344 168.266573 185.417002 184.079175 214.450021 195.609191 190.250150 245.304055 1168.665896 135.829388 102.518244 141.060405 92.488701 117.320942 80.020958 117.462734 82.858857 178.283124 187.816131 84.423290 188.313462 130.048414 134.170599 79.847390 88.284025 100.540243 257.729270 1159.418948 141.507267 110.777301 97.023451 90.969990 76.598531 73.578540 78.990073 81.394487 74.914997 81.398537 81.272393 83.143958 82.191276 82.149757 83.697111 -9999.0 -9999.0 -9999.0 -9999.0 -9999.0
-9999.0 -9999.0 -9999.0 88.279364 98.616907 128.000273 150.938800 152.176210 262.346412 257.656311 291.090566 281.376172 288.644640 237.256381 275.986094 343.367997 475.816697 421.140495 447.790203 410.642881 386.647917 83.099629 93.617253 110.549245 1261.260293 143.451265 137.686096 97.248543 113.295885 87.153640 110.322456 93.481230 78.863153 158.932774 170.228412 84.795991 95.873350 178.673870 130.407671 77.982122 91.805699 101.209945 337.521936 881.439937 197.255413 157.737646 142.807958 112.609990 94.372562 90.987501 84.542834 77.472460 78.372017 -9999.0 -9999.0 -9999.0 -9999.0 -9999.0 -9999.0 -9999.0 -9999.0 -9999.0 -9999.0 -9999.0
-9999.0 -9999.0 -9999.0 93.803085 134.006699 158.280233 188.262092 170.381602 95.318245 108.143517 154.067708 169.417676 191.526908 215.073012 210.676581 120.883366 82.204630 113.296628 126.739478 126.168602 131.428670 428.804050 416.531442 478.907908 1355.334141 505.460225 123.130469 127.831463 92.200427 122.130391 79.983035 115.242770 80.106810 180.549838 189.111045 98.267832 99.495187 81.020422 221.180260 80.572513 112.896809 151.814644 985.804140 166.383453 117.779798 104.782435 102.767027 95.856139 89.101384 85.303834 76.579218 80.456314 85.043199 -9999.0 -9999.0 -9999.0 -9999.0 -9999.0 -9999.0 -9999.0 -9999.0 -9999.0 -9999.0 -9999.0
-9999.0 -9999.0 -9999.0 -9999.0 -9999.0 86.719695 96.704175 83.114632 93.019751 96.942930 99.672856 113.576764 133.201549 89.345882 119.744552 92.829209 97.378112 83.721526 95.097457 127.083878 150.402927 226.932624 219.342228 298.914247 401.381351 1283.549057 183.500116 109.109288 116.904108 86.246445 82.184074 123.168820 78.163095 173.115430 176.777203 102.930264 84.709150 100.999454 89.230428 244.145673 105.065378 903.653764 176.120451 112.145162 89.988198 106.417242 95.117398 90.855926 83.579291 78.541501 74.006575 80.044662 90.107129 -9999.0 -9999.0 -9999.0 -9999.0 -9999.0 -9999.0 -9999.0 -9999.0 -9999.0 -9999.0 -9999.0
-9999.0 -9999.0 -9999.0 -9999.0 -9999.0 -9999.0 88.036604 81.136358 89.914289 87.680926 95.719660 88.117638 80.694072 105.883279 79.161647 81.033091 94.359183 104.308976 102.591560 169.499925 198.440876 240.044386 209.342487 99.911929 130.013347 529.098999 1253.196839 198.772940 93.361610 78.022325 87.764213 131.652980 79.628632 193.928945 195.730021 120.581886 97.775471 80.624302 117.706110 324.568915 805.382675 98.550715 80.732628 77.727057 76.541367 78.309940 75.587195 84.782181 78.289870 84.548127 75.130129 88.503538 91.296664 -9999.0 -9999.0 -9999.0 -9999.0 -9999.0 -9999.0 -9999.0 -9999.0 -9999.0 -9999.0 -9999.0
-9999.0 -9999.0 -9999.0 -9999.0 -9999.0 -9999.0 -9999.0 85.417241 82.845168 88.823782 81.451298 104.462776 109.630157 85.543627 96.294247 96.883214 110.329033 176.461682 170.246696 90.959948 95.213185 83.293182 94.364815 121.937551 337.037027 445.204321 1272.778777 354.312584 92.574462 96.784348 120.083738 86.395444 77.389765 175.065849 182.267637 126.811273 101.789458 77.786864 92.191961 900.565620 232.661292 226.567316 179.598988 186.219901 132.154662 129.078048 109.637364 110.812316 94.979058 85.023459 76.371143 118.427101 79.852938 -9999.0 -9999.0 -9999.0 -9999.0 -9999.0 -9999.0 -9999.0 -9999.0 -9999.0 -9999.0 -9999.0
-9999.0 -9999.0 -9999.0 -9999.0 -9999.0 -9999.0 -9999.0 -9999.0 84.247902 84.456304 90.887102 84.312298 98.538734 103.252979 120.372986 118.578479 114.783274 79.367690 80.700382 80.997346 94.025572 101.212671 112.175583 240.615111 80.523470 101.668434 249.914070 1350.094208 368.355086 231.570374 96.114735 87.211860 77.545532 188.244231 199.013988 133.325873 115.169627 83.362299 133.543447 818.311852 123.444289 113.125071 94.537244 78.791801 119.741326 133.738028 116.563490 116.661809 100.112077 89.015939 78.762578 123.172604 90.402306 -9999.0 -9999.0 -9999.0 -9999.0 -9999.0 -9999.0 -9999.0 -9999.0 -9999.0 -9999.0 -9999.0
-9999.0 -9999.0 -9999.0 -9999.0 -9999.0 -9999.0 -9999.0 -9999.0 -9999.0 81.018018 82.972477 84.633546 98.115324 102.225776 145.268206 143.507223 156.889464 156.837108 178.556627 165.670265 195.630006 276.728987 274.786068 84.393168 90.646782 146.539573 264.889712 516.134313 1633.836078 1348.754721 107.276903 91.468498 76.908010 177.535727 180.919997 128.256263 114.147124 94.333370 766.701431 129.165352 96.951408 93.314679 79.348779 89.044992 84.139419 90.559030 83.282931 80.756695 93.883113 88.618076 119.572436 94.779370 79.412077 -9999.0 -9999.0 -9999.0 -9999.0 -9999.0 -9999.0 -9999.0 -9999.0 -9999.0 -9999.0 -9999.0
-9999.0 -9999.0 -9999.0 -9999.0 -9999.0 -9999.0 -9999.0 -9999.0 -9999.0 -9999.0 92.737676 91.521806 88.902023 90.176694 81.539836 81.457751 90.980693 97.709170 119.910618 121.640695 188.471271 113.766348 134.331221 135.493974 132.515793 151.522337 82.010061 84.544733 229.155366 1738.647218 576.778729 168.718819 84.905650 203.203726 208.078065 149.767187 157.236236 848.583315 166.336048 138.683109 97.673059 93.474214 81.044166 82.084300 96.167736 81.510868 88.710671 103.433262 93.893222 134.063941 99.862769 90.712495 -9999.0 -9999.0 -9999.0 -9999.0 -9999.0 -9999.0 -9999.0 -9999.0 -9999.0 -9999.0 -9999.0 -9999.0
-9999.0 -9999.0 -9999.0 -9999.0 -9999.0 -9999.0 -9999.0 -9999.0 -9999.0 -9999.0 -9999.0 96.246042 98.017597 80.783088 82.433981 81.932628 91.061914 97.464274 170.083347 152.078930 98.226207 101.913913 136.372209 149.040476 163.359861 131.927416 168.513963 181.898185 612.915534 1205.471130 1770.218390 656.282769 108.987270 249.659754 226.803292 182.154970 980.200372 191.015924 146.284025 82.022205 98.810073 104.284058 92.646762 105.920726 89.042643 96.121489 106.581577 110.246279 129.304356 104.031847 92.643180 -9999.0 -9999.0 -9999.0 -9999.0 -9999.0 -9999.0 -9999.0 -9999.0 -9999.0 -9999.0 -9999.0 -9999.0 -9999.0
-9999.0 -9999.0 -9999.0 -9999.0 -9999.0 -9999.0 -9999.0 -9999.0 -9999.0 -9999.0 -9999.0 83.003113 112.284988 108.811862 94.813173 93.981460 103.965680 97.588585 90.257760 89.194384 87.339609 86.149184 79.689257 94.378091 109.771826 93.428780 94.445781 118.560759 111.676635 533.525981 1569.668740 1902.136119 435.339871 665.191943 294.726972 343.884892 1146.175857 118.071212 77.712509 126.120124 143.755578 142.634212 123.853175 100.470607 105.523583 124.879106 81.706303 175.051107 111.770977 100.371069 -9999.0 -9999.0 -9999.0 -9999.0 -9999.0 -9999.0 -9999.0 -9999.0 -9999.0 -9999.0 -9999.0 -9999.0 -9999.0 -9999.0
-9999.0 -9999.0 -9999.0 -9999.0 -9999.0 -9999.0 -9999.0 -9999.0 -9999.0 -9999.0 -9999.0 -9999.0 93.208429 113.539239 116.091389 95.885932 81.420020 79.993569 82.268018 83.556996 82.143446 82.736521 90.078593 102.842833 91.475523 88.383577 116.553758 86.278076 103.261617 99.151701 824.632279 1822.224412 1135.362132 669.121395 709.952114 1360.346180 152.348198 98.690367 77.565535 78.679225 80.159397 82.036233 102.242713 112.454260 122.844935 91.644705 181.374211 131.209000 106.616242 79.172777 -9999.0 -9999.0 -9999.0 -9999.0 -9999.0 -9999.0 -9999.0 -9999.0 -9999.0 -9999.0 -9999.0 -9999.0 -9999.0 -9999.0
-9999.0 -9999.0 -9999.0 -9999.0 -9999.0 -9999.0 -9999.0 -9999.0 -9999.0 -9999.0 -9999.0 -9999.0 -9999.0 100.170237 127.160332 117.280486 103.655018 89.641984 88.504658 85.084540 89.000170 94.535222 97.388290 80.438314 82.139198 109.239498 79.134948 90.674487 78.356549 94.160287 87.817291 147.115850 1994.073018 1002.236985 1685.338951 790.912832 233.631050 131.356455 100.663270 92.717862 89.749854 162.846431 138.422886 148.738132 100.515809 210.502667 146.701227 163.839097 107.796985 87.191743 -9999.0 -9999.0 -9999.0 -9999.0 -9999.0 -9999.0 -9999.0 -9999.0 -9999.0 -9999.0 -9999.0 -9999.0 -9999.0 -9999.0
-9999.0 -9999.0 -9999.0 -9999.0 -9999.0 -9999.0 -9999.0 -9999.0 -9999.0 -9999.0 -9999.0 -9999.0 -9999.0 -9999.0 106.288659 122.000820 124.773901 113.900064 113.266031 83.147080 99.775696 85.752105 99.761851 108.861829 116.400306 87.591137 93.700689 81.863400 89.868818 83.177696 96.709327 204.833909 2041.998944 1934.618926 223.965012 100.455413 50.182535 50.024640 50.399851 50.223872 50.984325 55.201064 378.584903 394.983040 345.262416 285.412263 196.409681 108.724050 87.044150 -9999.0 -9999.0 -9999.0 -9999.0 -9999.0 -9999.0 -9999.0 -9999.0 -9999.0 -9999.0 -9999.0 -9999.0 -9999.0 -9999.0 -9999.0
-9999.0 -9999.0 -9999.0 -9999.0 -9999.0 -9999.0 -9999.0 -9999.0 -9999.0 -9999.0 -9999.0 -9999.0 -9999.0 -9999.0 -9999.0 126.372336 198.772194 296.381307 279.371876 120.337117 114.170827 83.534381 84.779569 87.213704 104.813189 111.469588 127.777176 120.770317 136.053068 135.461054 159.548925 188.412011 1148.778451 2252.434607 1224.891338 374.527280 116.511737 84.874096 75.435797 122.093773 79.371466 169.999788 418.207927 288.482666 184.069703 179.937651 159.587949 129.361967 86.688842 -9999.0 -9999.0 -9999.0 -9999.0 -9999.0 -9999.0 -9999.0 -9999.0 -9999.0 -9999.0 -9999.0 -9999.0 -9999.0 -9999.0 -9999.0
-9999.0 -9999.0 -9999.0 -9999.0 -9999.0 -9999.0 -9999.0 -9999.0 -9999.0 -9999.0 -9999.0 -9999.0 -9999.0 -9999.0 -9999.0 -9999.0 -9999.0 81.756881 82.723588 236.989901 124.485771 115.296704 98.662538 90.604556 82.823941 81.529763 81.800175 77.900152 79.485449 82.106631 91.132079 101.797593 2114.507615 295.038273 90.786073 202.801796 93.711241 93.306696 75.769504 90.153620 103.912577 96.400808 152.091487 402.704063 142.571382 102.202529 85.392264 114.290457 81.886948 -9999.0 -9999.0 -9999.0 -9999.0 -9999.0 -9999.0 -9999.0 -9999.0 -9999.0 -9999.0 -9999.0 -9999.0 -9999.0 -9999.0 -9999.0
-9999.0 -9999.0 -9999.0 -9999.0 -9999.0 -9999.0 -9999.0 -9999.0 -9999.0 -9999.0 -9999.0 -9999.0 -9999.0 -9999.0 -9999.0 -9999.0 -9999.0 81.340278 91.904464 91.153784 268.204683 139.510727 148.100113 82.260498 100.634205 90.646855 89.701851 86.735802 88.690211 92.154868 100.352723 277.409437 2272.425151 760.346835 117.783884 100.560628 85.259987 81.579871 87.116717 78.277186 102.933525 81.617595 155.592415 414.044341 122.713313 118.418061 93.327302 93.322071 79.318145 -9999.0 -9999.0 -9999.0 -9999.0 -9999.0 -9999.0 -9999.0 -9999.0 -9999.0 -9999.0 -9999.0 -9999.0 -9999.0 -9999.0 -9999.0
-9999.0 -9999.0 -9999.0 -9999.0 -9999.0 -9999.0 -9999.0 -9999.0 -9999.0 -9999.0 -9999.0 -9999.0 -9999.0 -9999.0 -9999.0 -9999.0 -9999.0 -9999.0 95.356206 95.446447 107.139243 297.810570 164.021542 144.371511 91.583232 99.478807 93.370677 91.927525 94.828823 93.864506 91.737395 477.593839 2000.566201 407.152279 98.398212 92.073535 86.398034 83.933512 76.652109 89.309165 105.284973 81.157774 151.654081 447.542088 83.642767 114.167362 86.745556 79.761068 80.924673 -9999.0 -9999.0 -9999.0 -9999.0 -9999.0 -9999.0 -9999.0 -9999.0 -9999.0 -9999.0 -9999.0 -9999.0 -9999.0 -9999.0 -9999.0
-9999.0 -9999.0 -9999.0 -9999.0 -9999.0 -9999.0 -9999.0 -9999.0 -9999.0 -9999.0 -9999.0 -9999.0 -9999.0 -9999.0 -9999.0 -9999.0 -9999.0 -9999.0 100.593473 81.473850 136.423390 335.763041 166.278443 82.779952 149.260059 94.692981 110.771938 99.924903 104.378688 111.752982 578.113764 2223.323375 170.527010 95.417248 88.207356 85.930655 86.192965 83.396513 76.031145 81.716564 92.062163 93.782875 113.370109 405.406478 98.203014 90.974873 83.215297 77.161082 -9999.0 -9999.0 -9999.0 -9999.0 -9999.0 -9999.0 -9999.0 -9999.0 -9999.0 -9999.0 -9999.0 -9999.0 -9999.0 -9999.0 -9999.0 -9999.0
-9999.0 -9999.0 -9999.0 -9999.0 -9999.0 -9999.0 -9999.0 -9999.0 -9999.0 -9999.0 -9999.0 -9999.0 -9999.0 -9999.0 -9999.0 -9999.0 -9999.0 -9999.0 -9999.0 102.972780 91.775687 337.831549 84.554204 144.981187 88.443642 141.325724 102.566061 112.915533 110.344860 151.091527 2040.152843 406.094271 89.164860 91.729466 80.372614 88.999915 82.679804 84.791276 77.686063 79.617573 89.716766 88.500958 241.871103 283.822961 89.996222 86.204795 75.905942 78.638327 -9999.0 -9999.0 -9999.0 -9999.0 -9999.0 -9999.0 -9999.0 -9999.0 -9999.0 -9999.0 -9999.0 -9999.0 -9999.0 -9999.0 -9999.0 -9999.0
-9999.0 -9999.0 -9999.0 -9999.0 -9999.0 -9999.0 -9999.0 -9999.0 -9999.0 -9999.0 -9999.0 -9999.0 -9999.0 -9999.0 -9999.0 -9999.0 -9999.0 -9999.0 -9999.0 -9999.0 115.192019 362.448215 96.223067 80.285340 154.124929 94.161107 157.222773 119.873848 185.934730 389.714364 1867.082028 99.291504 76.478621 73.847105 85.709196 75.593982 81.638804 75.653243 77.557099 78.108467 80.139183 106.485084 211.730459 211.228428 92.876418 77.930766 76.732875 -9999.0 -9999.0 -9999.0 -9999.0 -9999.0 -9999.0 -9999.0 -9999.0 -9999.0 -9999.0 -9999.0 -9999.0 -9999.0 -9999.0 -9999.0 -9999.0 -9999.0
-9999.0 -9999.0 -9999.0 -9999.0 -9999.0 -9999.0 -9999.0 -9999.0 -9999.0 -9999.0 -9999.0 -9999.0 -9999.0 -9999.0 -9999.0 -9999.0 -9999.0 -9999.0 -9999.0 -9999.0 -9999.0 334.458585 100.321205 82.530659 93.260525 150.722037 102.047996 160.199899 87.710592 1787.767472 207.801233 106.727049 90.634019 88.850035 77.037948 85.131255 79.022833 78.875640 87.876653 94.095549 105.479378 91.461082 211.354028 215.026253 89.223494 89.936994 85.285797 -9999.0 -9999.0 -9999.0 -9999.0 -9999.0 -9999.0 -9999.0 -9999.0 -9999.0 -9999.0 -9999.0 -9999.0 -9999.0 -9999.0 -9999.0 -9999.0 -9999.0
-9999.0 -9999.0 -9999.0 -9999.0 -9999.0 -9999.0 -9999.0 -9999.0 -9999.0 -9999.0 -9999.0 -9999.0 -9999.0 -9999.0 -9999.0 -9999.0 -9999.0 -9999.0 -9999.0 -9999.0 -9999.0 375.308498 118.549775 96.557292 110.442890 81.710815 182.022997 131.784162 691.966912 2030.875845 167.278216 117.590303 99.630537 102.140263 93.063217 89.877955 79.321034 79.552829 85.885463 82.411109 81.371595 90.702033 173.137501 176.748232 95.498274 82.083466 -9999.0 -9999.0 -9999.0 -9999.0 -9999.0 -9999.0 -9999.0 -9999.0 -9999.0 -9999.0 -9999.0 -9999.0 -9999.0 -9999.0 -9999.0 -9999.0 -9999.0 -9999.0
-9999.0 -9999.0 -9999.0 -9999.0 -9999.0 -9999.0 -9999.0 -9999.0 -9999.0 -9999.0 -9999.0 -9999.0 -9999.0 -9999.0 -9999.0 -9999.0 -9999.0 -9999.0 -9999.0 -9999.0 -9999.0 378.626013 128.551883 107.260707 118.393393 80.915412 92.485663 249.170256 1391.384321 1877.162070 145.537912 110.305927 95.288851 95.781872 87.028205 81.984922 84.190003 86.957435 80.282236 85.296716 84.224108 130.858181 126.647298 170.504813 92.845963 95.865731 -9999.0 -9999.0 -9999.0 -9999.0 -9999.0 -9999.0 -9999.0 -9999.0 -9999.0 -9999.0 -9999.0 -9999.0 -9999.0 -9999.0 -9999.0 -9999.0 -9999.0 -9999.0
-9999.0 -9999.0 -9999.0 -9999.0 -9999.0 -9999.0 -9999.0 -9999.0 -9999.0 -9999.0 -9999.0 -9999.0 -9999.0 -9999.0 -9999.0 -9999.0 -9999.0 -9999.0 -9999.0 -9999.0 -9999.0 446.520492 143.851492 114.456255 147.673670 83.307485 95.042599 257.463217 2121.257782 722.158191 120.545372 105.692222 92.101391 89.891607 77.841219 111.406311 98.100909 90.146326 97.611864 91.621175 86.759819 124.193336 109.379773 153.642619 84.943211 84.620193 -9999.0 -9999.0 -9999.0 -9999.0 -9999.0 -9999.0 -9999.0 -9999.0 -9999.0 -9999.0 -9999.0 -9999.0 -9999.0 -9999.0 -9999.0 -9999.0 -9999.0 -9999.0
-9999.0 -9999.0 -9999.0 -9999.0 -9999.0 -9999.0 -9999.0 -9999.0 -9999.0 -9999.0 -9999.0 -9999.0 -9999.0 -9999.0 -9999.0 -9999.0 -9999.0 -9999.0 -9999.0 -9999.0 -9999.0 -9999.0 432.810975 156.489507 186.923723 87.460854 138.703274 400.378934 2092.370312 1125.851185 268.842830 247.152667 199.102825 214.300240 198.305876 193.484690 179.186836 183.228035 151.059369 136.484057 87.702841 116.136336 96.772152 118.386498 96.824362 -9999.0 -9999.0 -9999.0 -9999.0 -9999.0 -9999.0 -9999.0 -9999.0 -9999.0 -9999.0 -9999.0 -9999.0 -9999.0 -9999.0 -9999.0 -9999.0 -9999.0 -9999.0 -9999.0
-9999.0 -9999.0 -9999.0 -9999.0 -9999.0 -9999.0 -9999.0 -9999.0 -9999.0 -9999.0 -9999.0 -9999.0 -9999.0 -9999.0 -9999.0 -9999.0 -9999.0 -9999.0 -9999.0 -9999.0 -9999.0 -9999.0 -9999.0 510.996645 625.786173 661.202106 1235.553749 2022.446019 1357.799301 299.270936 175.030521 177.175072 126.929707 131.606878 122.099794 125.974303 113.913351 112.691228 98.242560 97.547184 94.787175 93.386037 81.773742 98.248358 92.727679 -9999.0 -9999.0 -9999.0 -9999.0 -9999.0 -9999.0 -9999.0 -9999.0 -9999.0 -9999.0 -9999.0 -9999.0 -9999.0 -9999.0 -9999.0 -9999.0 -9999.0 -9999.0 -9999.0
-9999.0 -9999.0 -9999.0 -9999.0 -9999.0 -9999.0 -9999.0 -9999.0 -9999.0 -9999.0 -9999.0 -9999.0 -9999.0 -9999.0 -9999.0 -9999.0 -9999.0 -9999.0 -9999.0 -9999.0 -9999.0 -9999.0 -9999.0 -9999.0 -9999.0 -9999.0 195.371858 1832.382405 211.663312 290.607500 198.721737 185.266149 138.236239 143.563123 135.662786 134.791747 116.565777 110.179523 91.877628 90.086183 87.925941 89.761691 79.552990 92.835327 84.766848 -9999.0 -9999.0 -9999.0 -9999.0 -9999.0 -9999.0 -9999.0 -9999.0 -9999.0 -9999.0 -9999.0 -9999.0 -9999.0 -9999.0 -9999.0 -9999.0 -9999.0 -9999.0 -9999.0
-9999.0 -9999.0 -9999.0 -9999.0 -9999.0 -9999.0 -9999.0 -9999.0 -9999.0 -9999.0 -9999.0 -9999.0 -9999.0 -9999.0 -9999.0 -9999.0 -9999.0 -9999.0 -9999.0 -9999.0 -9999.0 -9999.0 -9999.0 -9999.0 -9999.0 -9999.0 -9999.0 202.982519 1849.439103 561.526914 155.686431 144.103685 110.988473 113.710239 104.471507 87.886086 79.790981 78.160870 77.951442 80.311960 78.783650 80.352812 77.701506 76.704766 -9999.0 -9999.0 -9999.0 -9999.0 -9999.0 -9999.0 -9999.0 -9999.0 -9999.0 -9999.0 -9999.0 -9999.0 -9999.0 -9999.0 -9999.0 -9999.0 -9999.0 -9999.0 -9999.0 -9999.0
