geotop/1.0zi/1.0Montebello/Templates/Dripsey sc/maps/PSILIQL0000N0049.asc
ncols         69
nrows         152
xllcorner     146499.903857
yllcorner     75332.942244
cellsize      50.000000
NODATA_value  -9999.0
[rows 29 to 57 of 152, columns 0 to 64 of 69]
-9999.0 -9999.0 -9999.0 -9999.0 -9999.0 -9999.0 -9999.0 -9999.0 -9999.0 -9999.0 -9999.0 -9999.0 22.732049 10.035084 13.594080 19.500684 22.220044 24.836096 33.223446 10.297289 23.111713 42.924761 25.733220 60.068899 0.058669 26.639162 15.477383 12.820506 11.679573 11.271508 9.893921 13.675496 15.799558 18.140126 22.120647 31.284688 19.169588 14.492791 16.971357 13.130748 19.417189 18.991036 28.825832 19.439070 23.130734 47.403944 17.130484 17.285098 54.090537 32.474653 10.634059 11.660540 39.068915 41.815202 21.533848 18.059046 24.295726 22.587571 21.561103 21.321306 18.239446 -9999.0 -9999.0 -9999.0 -9999.0
-9999.0 -9999.0 -9999.0 -9999.0 -9999.0 -9999.0 -9999.0 -9999.0 -9999.0 -9999.0 -9999.0 -9999.0 27.706572 11.343987 15.821794 19.209916 29.502351 27.711518 30.507885 34.178407 15.587874 59.077730 0.255537 0.040047 16.697890 9.726330 14.358622 9.487872 6.591142 8.777180 7.761905 8.209374 11.294631 11.744574 18.803872 27.685400 14.628839 11.616293 13.822929 16.597152 21.807936 23.642373 29.979558 30.475416 24.744635 25.042827 47.165652 18.859709 54.950500 36.878191 15.742825 16.548470 42.572722 43.049096 19.480183 41.995842 37.311895 31.405030 27.061375 28.261126 27.563452 13.199831 -9999.0 -9999.0 -9999.0
-9999.0 -9999.0 -9999.0 -9999.0 -9999.0 -9999.0 -9999.0 -9999.0 -9999.0 -9999.0 -9999.0 11.304723 27.140950 12.585638 15.892056 19.654017 25.243576 35.594122 29.875841 29.266385 35.926967 0.198329 16.498792 11.946483 8.555428 14.519832 11.388559 13.601678 10.237056 10.799856 9.223036 9.278362 11.691619 11.238383 13.651412 21.669109 16.083118 13.744938 18.298416 19.682071 20.619206 10.398834 11.675605 29.027618 35.317478 23.073345 23.794310 42.246684 11.589156 56.820432 18.774119 18.968941 61.497969 21.508593 38.443372 21.971557 21.096123 19.439857 14.701085 12.245195 10.971193 24.674711 23.450253 -9999.0 -9999.0
-9999.0 -9999.0 -9999.0 -9999.0 -9999.0 -9999.0 -9999.0 -9999.0 -9999.0 -9999.0 -9999.0 18.025973 26.980843 18.258775 12.592566 20.898348 25.140833 25.796662 41.317064 28.455086 31.471239 0.152873 27.136287 26.879912 24.030212 25.205764 21.086108 19.961581 15.505146 14.866279 14.831260 15.302017 12.087688 15.901419 14.624420 14.869573 15.153411 13.280734 17.458168 18.854832 21.085048 21.702207 15.406451 14.822002 44.644265 9.845182 23.721657 25.104442 48.235394 15.760131 70.542060 25.204672 78.230270 42.860801 33.887101 35.100102 31.246226 32.500492 28.450085 29.911842 24.777652 25.766797 22.078596 17.558686 -9999.0
-9999.0 -9999.0 -9999.0 -9999.0 -9999.0 -9999.0 -9999.0 -9999.0 -9999.0 -9999.0 8.358956 28.767472 10.736905 19.595380 12.860437 14.423166 9.941867 9.112142 10.833955 36.548983 29.979842 0.163572 10.566096 12.642018 9.036540 10.244975 9.312529 10.346687 15.421029 17.108578 18.007549 19.188102 13.573185 18.705092 14.561049 12.787295 17.016169 15.109571 10.466832 11.035252 17.238809 23.736793 23.635291 15.725241 44.345014 10.765209 14.059788 27.050991 26.757085 47.273329 21.430977 90.601267 97.352896 37.391400 28.686993 33.222968 30.929474 32.020948 27.665542 28.668080 26.459410 22.330888 18.021142 17.767065 13.381943
-9999.0 -9999.0 -9999.0 -9999.0 -9999.0 -9999.0 -9999.0 -9999.0 -9999.0 12.328933 26.604884 13.208157 9.883993 22.165227 16.202389 12.617411 17.157771 13.198708 14.185133 16.047387 43.115667 0.148654 25.936922 18.104096 14.054541 13.924429 13.501311 18.889621 18.347479 20.164834 9.688786 20.280220 20.380983 24.265237 20.331618 12.852399 16.226010 18.305524 18.335045 15.180361 19.863708 20.693288 35.439690 35.378370 43.809275 14.295191 19.283763 30.152970 11.664722 30.485323 86.237027 106.977863 152.584872 48.101536 25.205236 25.611070 22.438616 21.538918 17.353880 16.393663 11.994131 16.599046 13.226258 13.242201 12.952212
-9999.0 -9999.0 -9999.0 -9999.0 -9999.0 -9999.0 -9999.0 -9999.0 17.806189 31.439154 15.153589 12.461979 8.729402 20.978563 17.011938 14.331637 10.531900 17.243509 17.611856 17.887297 11.327781 0.190393 10.864212 10.067222 14.541105 15.987547 19.677040 21.088118 20.272589 13.883346 18.918473 10.807865 21.888040 25.178244 21.694857 12.859864 17.092261 17.217573 20.176197 18.581027 10.723712 9.461818 10.052307 9.284215 37.094843 41.731283 25.710613 32.834684 12.103708 16.877506 88.602449 1.241773 44.859416 43.535244 34.751689 36.474108 34.591204 31.978229 28.184516 30.377703 20.218811 19.486188 13.445792 13.471755 13.048343
-9999.0 -9999.0 -9999.0 -9999.0 -9999.0 -9999.0 -9999.0 11.172335 18.686704 35.017879 17.711135 15.043740 11.333280 21.341995 18.590490 19.100610 16.128328 10.818355 26.367698 23.085772 10.241409 0.031560 14.340692 18.583483 17.605973 41.184685 41.785913 40.462925 30.677284 29.939193 16.734665 12.470878 23.291207 29.922709 26.496315 16.403562 19.539789 11.725427 21.257830 24.719324 33.078438 34.262638 36.960173 35.145778 36.272234 39.748958 56.858953 32.960339 17.855950 21.683616 90.793954 0.172261 28.850700 22.493358 15.683051 14.950148 10.874866 16.389333 14.135271 12.438095 21.556745 24.042544 18.829830 18.383824 17.642050
-9999.0 -9999.0 -9999.0 -9999.0 -9999.0 -9999.0 19.281813 28.033909 27.431046 32.415283 19.378090 19.123898 21.569096 18.581359 7.072814 19.190579 17.390686 10.522734 16.478775 29.293151 10.705007 0.040993 18.702196 19.627552 39.214100 10.331856 15.696592 17.851684 11.533070 12.156731 14.942819 24.531253 13.491005 29.867294 27.114077 13.005764 20.783985 20.205078 15.264076 24.951779 28.344237 27.342192 26.151135 10.365548 16.972513 45.695431 62.014994 55.081619 42.269392 109.874595 0.129477 56.515255 40.647659 37.274648 21.716623 22.129756 20.289799 19.167070 14.287045 12.529429 11.761575 12.821288 19.675449 21.230093 12.587119
-9999.0 -9999.0 -9999.0 -9999.0 -9999.0 9.277816 20.757946 22.700231 31.301705 43.332849 109.593057 131.010131 28.410204 23.463152 8.041589 21.052964 21.152676 15.653080 19.848498 10.842287 38.911583 0.059494 21.679818 41.255816 34.907078 39.253224 32.744573 36.160257 34.385481 35.794203 29.435655 13.467844 20.203899 34.970404 32.309404 16.773792 22.593246 12.039777 23.945784 17.517938 11.470852 10.318017 15.262110 30.342015 37.456641 39.775318 38.113785 62.894406 104.335318 0.334774 36.290871 19.838974 11.941864 10.464053 22.217557 21.516160 17.788330 16.761296 11.024033 32.471909 35.944870 35.245926 26.572258 18.332945 17.511127
-9999.0 -9999.0 -9999.0 -9999.0 -9999.0 17.218787 20.524214 16.738530 22.933291 21.225461 33.800074 44.965995 127.997438 31.962285 9.768827 22.101748 21.442712 15.128339 17.833088 9.402098 38.535624 0.072315 40.484668 40.241673 22.641329 20.593029 16.417385 16.885795 12.562486 12.626287 15.512135 14.155853 22.404762 34.853881 32.169636 13.264401 21.123512 22.718914 15.208019 22.852427 18.747764 12.473204 10.238069 10.621722 18.681771 21.338823 21.824947 36.459038 0.435083 19.983451 15.827052 29.361274 26.041913 21.008927 16.648986 17.879896 15.323325 13.376995 30.269933 9.935276 9.723497 12.230247 19.741752 19.750024 16.695857
-9999.0 -9999.0 -9999.0 -9999.0 16.038428 16.429899 15.338764 20.318959 16.745396 15.263101 14.945176 17.961102 28.175409 124.934601 18.711102 26.737535 25.888147 20.944470 10.758828 10.817338 42.801746 0.224277 42.419418 26.625411 23.496232 22.620350 19.041873 20.524436 17.935088 20.852861 12.482824 20.874463 27.921589 33.984169 32.305911 16.700363 26.118094 12.162475 26.001083 17.379682 25.746878 22.970784 29.568671 30.744488 36.623070 35.313126 40.037864 43.684784 0.257228 17.044498 8.263701 10.730342 9.842859 13.187278 9.308771 15.087600 12.495730 40.862637 13.416120 13.410470 12.895370 20.462851 22.003695 19.872395 16.722095
-9999.0 -9999.0 -9999.0 14.996657 17.198016 12.405791 20.689018 15.006496 15.611275 11.997521 12.975576 12.702465 23.102722 14.830123 0.937611 0.131621 24.218795 12.332967 9.290104 11.187186 42.936024 0.267572 22.807393 20.672141 18.089859 18.052894 13.848364 13.036807 21.335398 16.335043 11.666710 22.518746 28.364529 11.660029 38.754773 31.564781 30.446116 11.166423 14.762833 24.626031 19.303720 25.205290 11.119114 12.176295 15.740715 11.446376 14.790511 10.635458 0.033192 16.536346 6.719998 8.964149 9.506357 13.456175 9.884957 9.513205 9.374868 39.828347 15.166221 15.380436 18.984507 22.934722 18.440059 17.189542 15.007105
-9999.0 -9999.0 11.630973 14.362819 11.491061 17.713218 12.504720 11.527539 10.280392 8.727356 9.374965 19.240247 10.314318 27.820846 10.332125 18.791330 0.089600 16.242806 8.172412 16.017592 48.820603 0.053070 19.657296 18.288130 15.082192 15.134868 10.148224 22.391705 18.685296 16.497813 12.629494 27.355678 33.089255 12.643952 45.449310 12.495096 48.323523 10.829560 14.916344 17.058382 27.786192 23.835836 34.481098 17.648220 19.312064 19.009677 24.072078 28.799774 0.076297 26.263394 13.131436 13.060340 14.616190 10.992852 12.562960 13.264408 10.501001 40.597122 18.265746 23.409175 10.371468 28.257287 18.577775 17.139090 14.462459
-9999.0 -9999.0 11.825273 16.922979 19.201948 10.800092 10.097549 10.137401 16.095639 18.192416 19.924687 31.348748 31.171927 11.526235 14.799163 9.744808 0.014412 22.643481 11.250595 17.665792 0.161143 25.392579 18.085501 16.493365 13.040963 12.187827 21.370334 18.620365 16.901887 15.321714 13.185521 27.413993 33.586099 11.776447 39.188014 10.309970 45.830120 9.865538 13.642004 15.906315 18.924848 26.911321 11.135060 34.995632 11.233741 21.696304 23.181742 13.066549 17.777855 0.054354 18.485991 16.433837 11.633855 15.385903 14.429919 14.969157 37.220621 19.466478 22.134846 13.831573 27.355095 20.097609 17.541574 16.213409 15.822016
-9999.0 -9999.0 10.987105 12.488671 18.950099 19.964284 23.147729 22.446805 26.392510 27.123483 27.456043 11.015543 16.276907 17.692207 23.280929 23.135767 27.762402 0.059627 35.839902 0.049540 22.934102 21.354366 15.378030 13.975538 10.215845 25.219813 20.719723 19.816208 16.781752 10.872270 15.450596 32.167155 33.813129 12.224924 16.054043 38.838280 44.450263 11.289053 14.844067 16.648305 19.863256 21.293677 31.833173 15.194081 37.485576 16.119598 21.948098 33.251337 34.129089 0.035443 43.740006 24.776359 17.412890 17.831310 10.680881 41.886491 22.116399 25.580368 15.813301 30.946480 23.165672 22.462939 18.569476 28.550108 25.455135
-9999.0 -9999.0 13.025373 16.424299 22.000483 22.573288 25.909200 24.995627 29.265446 29.703184 34.026960 31.977567 35.449278 34.029501 40.536130 38.835893 42.754032 38.481315 0.083614 13.598771 7.729935 12.449020 9.525252 8.971896 23.099749 22.040070 20.152531 18.999340 13.026146 18.600102 9.993385 41.203338 12.006083 12.214965 17.240553 17.076483 40.355522 41.133934 14.655644 16.421256 19.383068 20.809882 23.125713 30.714018 20.170189 41.523701 46.951922 47.152748 48.057178 0.095524 45.871149 13.434729 17.691733 13.146768 38.954485 23.126668 26.263964 18.397077 29.805146 24.584921 21.882202 22.305122 27.815136 19.879819 18.069759
-9999.0 -9999.0 13.144277 16.254490 21.456546 22.440890 27.299131 32.067864 35.753109 34.309951 40.015941 40.542246 43.530039 41.479957 49.287273 49.480780 52.652070 52.481591 0.292752 27.623935 16.039635 9.426438 11.865328 25.463211 21.720259 22.281377 20.319767 17.535887 11.219170 22.182435 11.520774 39.645489 15.815416 15.675908 19.284966 11.480135 21.523545 41.523033 46.606208 18.020627 20.676127 21.504366 23.910412 25.205084 42.050800 11.314030 12.497796 13.236261 17.676719 56.426587 0.126959 28.820451 18.819541 44.281723 24.105644 28.927688 42.785928 47.453539 29.524051 31.845182 25.132725 40.655787 27.403835 19.488116 14.616399
-9999.0 -9999.0 13.587756 16.516789 21.715588 23.160165 24.169443 10.541189 16.236478 17.908492 21.035992 10.511863 15.716832 17.333907 24.785268 25.252186 26.993574 26.220180 29.872256 0.060301 12.484107 14.116221 24.148962 22.903971 20.890038 20.547153 16.690620 16.098461 21.762701 14.867700 38.027169 17.676299 12.793848 10.879891 20.074714 20.046388 15.121851 21.319545 43.091224 43.768369 19.616921 20.343098 22.674421 23.941992 45.393084 11.893080 16.764938 14.566947 12.123001 23.185222 0.220750 79.979817 74.656647 47.766478 33.007244 45.222644 34.162089 42.769485 35.685186 39.075017 40.285636 14.941775 11.426624 13.973110 10.542575
-9999.0 -9999.0 14.086064 17.042602 22.330696 24.032701 27.999623 25.647344 29.567954 29.361210 34.798086 31.784614 33.597564 33.269481 39.335121 39.940334 42.966927 38.886598 49.264154 0.251666 22.518035 28.156294 23.309972 23.775326 21.413915 19.265416 8.739125 26.549907 17.097296 42.324844 20.450827 12.331251 16.478405 11.996943 23.488333 12.145016 23.866896 17.417377 24.865936 42.115827 46.732266 21.308838 24.077235 25.473895 63.195160 18.590036 22.075243 11.634180 20.754908 0.048788 0.350825 0.004403 0.050302 0.021752 1.068373 132.078312 91.203048 78.470460 50.131188 30.003397 25.139081 22.313464 18.888957 11.506968 15.217943
-9999.0 -9999.0 13.915118 16.817246 21.884387 24.093600 27.693869 26.554499 30.174270 29.984227 35.301867 31.942272 34.087924 32.870628 38.423021 39.214856 43.501867 39.520491 47.032618 0.163503 39.745300 27.702898 23.605389 22.994120 19.030016 11.896209 23.780928 17.464891 36.745945 21.444722 14.437911 17.675169 12.655048 10.741927 17.672421 23.773244 17.206380 23.540178 20.007390 23.791885 43.277811 45.419645 23.767668 25.276329 72.947687 18.699445 23.821301 12.785161 28.319231 0.168190 52.859524 46.323305 22.302843 18.411534 11.148679 18.377190 10.515785 80.949730 68.459536 44.769600 15.641973 12.931229 14.077823 18.545666 14.081370
-9999.0 -9999.0 14.106559 16.968097 22.298916 24.009599 28.390311 27.231643 30.641302 30.137560 35.562591 33.418541 34.678364 33.016389 38.444722 38.896384 44.413256 41.778037 48.476306 80.002806 0.305260 35.153694 24.970136 23.087348 14.912023 27.540793 19.134693 38.992348 21.353001 17.176951 20.337898 12.046982 18.708909 12.264496 22.559169 12.825472 31.584820 11.243489 26.116816 20.793681 27.290846 45.202183 56.387632 26.654565 72.857375 12.204344 34.986202 37.428946 0.109539 29.894976 23.538328 18.579186 27.534836 17.715671 14.616881 14.014007 8.375816 29.474830 20.823123 41.483379 36.648648 38.781560 32.838791 26.437795 11.469682
-9999.0 -9999.0 14.175098 17.111641 22.963799 25.228131 26.859309 26.498259 30.401847 29.534490 33.920472 33.801618 34.670582 32.996248 38.402262 38.762505 44.692198 42.818220 42.526549 93.402158 82.406102 0.174369 27.120325 17.554357 27.301951 21.867020 38.734873 23.607184 17.136536 20.468325 13.901243 10.827562 21.086733 13.350065 18.685837 22.473096 16.059876 28.636992 14.495786 25.383950 23.444453 27.819600 50.029205 54.504774 28.878060 83.218298 47.507660 0.069202 32.110185 31.245729 22.620752 18.581918 15.777234 28.428234 15.251903 13.263586 9.820350 29.369342 21.628492 17.946848 39.983765 21.000642 13.089433 -9999.0 -9999.0
-9999.0 -9999.0 15.030428 18.150924 24.600487 24.945897 27.208615 26.473128 30.455863 29.904833 35.971632 32.390960 34.187039 33.078791 39.292954 39.615136 45.277635 76.415314 72.205216 12.195469 17.446921 0.418428 24.398669 30.397510 22.452627 44.780976 27.569564 29.408789 25.121740 17.618725 13.993197 11.448681 21.703918 19.449325 23.286191 11.920301 26.205612 18.542144 32.170837 19.216364 37.233015 43.569509 66.945984 78.825954 71.937143 135.695349 0.079793 35.569240 27.794649 24.422390 18.436267 17.484248 14.901775 13.050762 24.349875 12.426821 8.361156 26.216783 16.739920 10.615240 39.789943 20.810486 12.705115 -9999.0 -9999.0
-9999.0 -9999.0 12.935077 13.760223 21.186153 22.138879 24.536068 24.210461 28.020829 27.507150 29.454641 11.001984 15.867487 17.226971 23.644790 51.843445 50.726636 78.279356 94.171433 82.648367 93.736721 0.366066 39.259520 24.843972 42.922373 9.658431 26.440283 21.154562 21.236485 17.146707 13.738810 25.239677 12.026894 20.364499 23.698354 12.779504 17.888902 26.037352 21.336392 35.798703 40.486005 41.083235 38.478709 10.562437 100.406379 0.465439 34.696614 30.178828 13.788446 21.473929 19.583841 16.847395 14.312334 13.335072 9.740660 25.330291 10.019178 26.249948 16.382572 11.172913 40.818557 22.157331 -9999.0 -9999.0 -9999.0
-9999.0 -9999.0 14.187780 18.862214 25.282563 25.711895 28.759597 25.914778 29.415184 28.893366 34.894268 42.407710 45.647295 43.225864 41.561070 9.821339 62.583289 17.747671 13.362136 15.001708 25.400836 29.703856 0.337958 69.128543 13.604184 36.447509 28.409100 24.260690 21.579509 18.352366 11.276239 25.609917 15.536074 25.035253 28.378475 16.207346 22.822759 12.202012 30.815351 26.629866 31.688580 26.449312 9.780229 40.728226 0.404440 18.177625 10.586063 11.124131 21.083331 9.422459 16.791087 16.747688 11.816792 11.149704 8.409833 23.783988 7.813919 20.231983 10.886812 17.781491 37.427708 13.080448 -9999.0 -9999.0 -9999.0
-9999.0 -9999.0 13.611562 19.501702 22.153907 12.663100 11.873587 10.168895 15.855545 17.454090 24.038227 43.169072 46.841568 44.906999 66.991689 59.185510 17.043095 8.615011 11.092496 15.649286 13.981728 13.615557 0.031287 55.067734 43.274193 12.280648 7.918445 8.722357 17.887569 14.538041 25.219599 19.476950 12.183977 25.545444 28.412036 12.640138 27.110644 12.956416 18.627985 30.928496 12.802335 9.856480 25.784597 15.913310 0.051447 29.671530 26.532780 24.818767 20.048528 21.139492 16.099602 15.482211 13.802162 11.276449 8.164818 18.227560 15.090283 20.419007 12.943744 9.192627 23.996144 -9999.0 -9999.0 -9999.0 -9999.0
-9999.0 -9999.0 15.097885 20.596040 25.590528 32.398127 35.725842 33.790114 36.532058 35.508139 34.803234 9.816511 10.796041 33.235242 10.338257 9.625080 12.955489 11.330280 14.383842 9.687569 10.705084 8.115926 10.955204 0.209371 23.474935 17.580773 12.751988 19.566224 15.569356 28.386595 11.504276 21.199923 15.740043 30.602640 33.383070 16.347204 31.521633 19.209850 23.928534 12.270791 31.349680 12.407935 13.562329 35.335920 0.097605 15.937786 9.256309 13.629726 10.002414 15.460570 11.595700 10.018351 10.395536 11.846444 6.990709 15.372495 14.265752 17.621748 10.085496 13.448400 15.561182 -9999.0 -9999.0 -9999.0 -9999.0
-9999.0 -9999.0 -9999.0 18.291240 17.086451 18.934682 22.556154 22.572309 26.709109 26.592554 31.128888 39.255853 36.484528 15.426895 20.268561 18.307740 11.398973 11.139788 16.915902 19.215458 24.370362 23.385472 23.231637 0.064062 12.441359 8.661328 18.922174 16.485848 24.318357 13.798301 21.211557 20.596554 10.992421 31.081508 33.391192 11.112090 33.331180 20.860597 24.029942 10.445452 13.257748 26.803038 18.866102 0.103369 30.638574 27.754242 22.801979 23.203486 18.547606 14.895762 10.684276 9.535378 6.775296 12.769060 12.036395 15.209460 12.751630 16.649050 14.527009 13.993618 -9999.0 -9999.0 -9999.0 -9999.0 -9999.0
