geotop/1.0zi/1.0Montebello/Templates/Dripsey sc/maps/PSILIQL0004N0008.asc
ncols         69
nrows         152
xllcorner     146499.903857
yllcorner     75332.942244
cellsize      50.000000
NODATA_value  -9999.0
[rows 29 to 57 of 152, columns 0 to 64 of 69]
-9999.0 -9999.0 -9999.0 -9999.0 -9999.0 -9999.0 -9999.0 -9999.0 -9999.0 -9999.0 -9999.0 -9999.0 37.618300 39.726246 43.185538 39.126573 49.030801 44.031352 64.986524 40.884782 47.264409 42.587619 51.213512 75.310206 85.101300 75.787916 51.106972 68.976663 39.758575 36.042938 52.192010 39.348371 44.749080 61.304767 48.925700 59.513415 45.208287 41.387663 49.333778 42.509135 54.109824 47.004783 54.567357 47.749658 52.596017 45.449425 51.139734 48.140028 62.824458 44.320614 16.722242 36.492817 53.372509 53.523085 43.658826 61.317440 44.978312 58.249546 39.601859 49.005576 37.227340 -9999.0 -9999.0 -9999.0 -9999.0
-9999.0 -9999.0 -9999.0 -9999.0 -9999.0 -9999.0 -9999.0 -9999.0 -9999.0 -9999.0 -9999.0 -9999.0 52.807819 47.890623 65.485391 54.092953 76.713373 68.468486 62.132051 52.864629 62.006386 64.915805 87.512402 91.485904 18.708898 43.906968 31.291797 45.052313 -0.002129 29.036208 8.453661 -0.031011 30.090491 33.268598 55.285614 50.489067 41.720838 35.303568 40.606565 37.997645 53.609433 45.896127 59.224542 49.962234 57.503199 50.383511 47.907723 26.830113 78.930641 61.738491 47.341593 53.694788 64.454914 67.118227 51.924273 64.104119 50.458608 62.715460 35.190964 42.922162 42.697404 45.891666 -9999.0 -9999.0 -9999.0
-9999.0 -9999.0 -9999.0 -9999.0 -9999.0 -9999.0 -9999.0 -9999.0 -9999.0 -9999.0 -9999.0 30.711144 35.779095 36.190221 48.008877 41.683410 63.224505 54.683339 54.980262 45.376399 55.097264 64.811672 64.424730 44.790029 24.362421 52.085109 37.191883 48.432576 23.222594 39.531218 22.554290 20.764570 33.456172 37.755725 53.370973 50.124804 47.243001 38.755788 47.815734 40.126620 52.848612 40.423503 52.455075 44.167130 47.364186 39.820747 43.338970 31.577127 62.029621 50.941376 48.184607 48.985226 51.518225 57.398117 42.359405 62.147361 47.292128 60.719019 33.390257 35.789489 37.588732 52.295935 46.310417 -9999.0 -9999.0
-9999.0 -9999.0 -9999.0 -9999.0 -9999.0 -9999.0 -9999.0 -9999.0 -9999.0 -9999.0 -9999.0 64.892016 49.714296 46.736291 50.685863 40.479475 51.738734 43.724515 56.222465 45.696662 57.872338 74.009826 58.178223 47.867446 32.132330 50.725172 35.759386 49.535869 35.701790 55.253337 59.700945 53.834760 43.506339 43.082525 46.551952 44.262785 46.822939 36.755742 47.185210 42.432889 64.430250 49.089416 59.286768 52.195644 56.391267 28.936719 42.157147 48.903569 62.733839 59.493083 68.869732 69.037931 66.057609 71.929966 48.006802 62.450717 37.941296 59.907564 42.670316 66.253287 41.239753 50.433125 42.487904 48.229745 -9999.0
-9999.0 -9999.0 -9999.0 -9999.0 -9999.0 -9999.0 -9999.0 -9999.0 -9999.0 -9999.0 26.517974 48.237405 43.499743 35.637008 42.706399 37.453879 30.964184 24.561476 46.196632 31.992500 55.339465 76.839749 51.353872 55.517725 12.103543 43.132902 32.413995 45.919455 34.205832 49.449535 55.698397 47.344344 39.947155 42.087990 43.536068 41.780851 46.285298 35.629334 34.180110 33.977177 59.110133 45.256534 60.223149 37.031346 56.770456 33.511652 33.386807 29.246871 45.575609 43.546067 52.900083 56.393105 57.565777 69.564085 39.336917 45.727710 34.168598 60.283627 40.034232 51.696968 46.277874 53.019404 42.676009 49.483825 48.180185
-9999.0 -9999.0 -9999.0 -9999.0 -9999.0 -9999.0 -9999.0 -9999.0 -9999.0 47.539917 32.717629 43.773409 37.156167 47.588948 40.064490 45.871863 49.532406 42.329133 55.144249 40.325733 64.824298 86.901833 65.382148 58.540760 32.321111 57.916066 46.390213 61.714898 47.851713 57.104452 27.990496 53.501855 50.744477 53.398048 51.065935 45.608104 46.297355 45.039230 50.983323 38.124802 55.798350 42.446023 70.610877 58.981228 74.268223 63.322018 64.443850 53.074749 52.093707 53.392413 66.877754 56.657890 81.391028 89.276371 46.266020 69.085827 50.209481 65.810098 36.177956 48.010643 34.207037 51.491802 38.547168 44.501713 37.668998
-9999.0 -9999.0 -9999.0 -9999.0 -9999.0 -9999.0 -9999.0 -9999.0 40.996021 50.010566 14.993682 20.893522 15.425509 26.060607 32.087882 30.347423 34.114216 30.441241 44.626837 32.157872 51.526717 70.517937 52.612858 49.753682 28.771635 51.253306 46.278810 57.190267 38.912619 50.189085 32.251583 37.572452 42.074585 45.254831 44.213295 39.230293 38.557148 39.269060 47.182511 34.066337 49.236173 32.037723 39.206986 37.178283 65.701664 44.505392 56.675137 58.811770 38.913035 40.848991 51.058717 54.370406 65.679821 81.412898 43.942896 59.968621 52.708693 67.200192 36.528114 55.651056 40.500767 51.870629 39.923906 46.452120 43.673337
-9999.0 -9999.0 -9999.0 -9999.0 -9999.0 -9999.0 -9999.0 45.821549 60.380082 78.047280 50.722554 44.553022 52.629468 61.849521 56.341669 57.589766 60.848340 50.937026 71.997098 62.278479 37.866280 71.526653 61.081201 63.263230 47.524135 64.970607 48.308560 66.526675 47.113521 60.839054 47.313642 52.638779 49.790783 52.458140 54.369863 51.010768 54.825439 49.118412 56.105526 46.855218 59.232210 57.126634 58.380885 39.529224 72.769123 60.022135 73.541208 62.846665 53.001154 54.708831 61.126053 65.908135 68.378251 85.886846 27.718119 46.535124 39.206432 59.820243 25.120749 36.670154 43.775403 52.079781 44.300726 50.693762 44.494655
-9999.0 -9999.0 -9999.0 -9999.0 -9999.0 -9999.0 59.340088 46.680539 75.287521 69.043747 54.706001 52.701003 1.160184 7.949267 14.465357 29.128603 42.600730 30.617990 46.762766 46.542557 31.555397 74.057896 33.625818 56.935349 38.209988 55.307669 35.918384 63.449700 38.605640 52.803150 39.901419 44.914663 41.368156 43.015481 45.916262 42.549896 44.749273 39.704713 44.415505 38.247767 51.324352 38.961278 52.446650 33.464730 63.698599 55.133088 60.997810 48.358880 56.664197 64.138566 59.827849 72.761854 59.517899 87.875018 31.213851 40.714676 37.500677 58.220469 27.364255 35.818391 43.725291 49.941408 41.648704 50.746574 43.538184
-9999.0 -9999.0 -9999.0 -9999.0 -9999.0 39.757438 52.628650 31.381431 84.045798 74.620273 148.046399 155.141315 91.761987 81.080181 31.525169 36.831685 66.664043 53.617791 43.359259 50.365622 71.273391 87.455623 60.182711 53.672979 57.019996 72.398896 35.098405 50.821806 42.407563 55.623071 45.412755 50.803067 51.503859 52.721875 56.192311 53.711140 55.639378 51.286515 54.948939 44.002041 50.501520 23.217907 48.946774 39.563886 73.286752 54.650598 55.825331 52.787812 64.997708 71.273073 49.073208 63.403320 45.577972 56.448222 34.486413 57.308509 34.757509 55.221691 36.437896 49.901473 50.538867 52.253559 46.213827 54.079970 48.508468
-9999.0 -9999.0 -9999.0 -9999.0 -9999.0 26.457318 67.772835 45.785794 61.260828 57.717502 93.203709 78.264473 103.497148 91.833909 33.986200 35.953119 39.298539 40.948028 31.025004 30.768235 51.758218 73.003439 48.709172 73.180428 60.874720 71.475196 26.392881 49.629084 41.597904 50.159743 37.561466 41.987281 44.327517 44.508923 46.383675 43.634532 45.386039 42.075540 46.829733 37.435657 44.487880 27.075521 48.313028 36.553798 74.164983 49.510574 53.710200 47.753713 57.163927 68.949626 46.575779 72.216689 53.830854 62.468592 28.160409 63.359175 33.895653 51.158194 31.838842 39.623029 32.303642 46.933265 42.126160 48.261869 45.145147
-9999.0 -9999.0 -9999.0 -9999.0 45.550941 24.182446 53.393113 33.030387 53.777877 23.780688 52.719612 38.592215 74.270755 97.562002 103.141077 64.490299 78.026586 65.100272 46.609178 47.416015 61.133448 93.907381 56.707445 65.899027 50.097445 64.099439 25.411357 46.673242 44.622946 53.969301 46.354089 49.481557 52.451658 52.394034 55.984055 53.648851 56.279167 49.825037 55.861165 47.736793 58.334289 46.775406 66.462123 50.178176 61.572671 44.768702 58.309285 50.217314 81.751884 86.421271 4.757541 45.121895 40.986506 53.754499 15.558869 43.935693 39.276303 60.223672 48.736744 52.739423 28.549043 42.086099 54.218539 52.785887 48.108317
-9999.0 -9999.0 -9999.0 48.907222 50.727537 26.858342 69.596615 50.481423 64.635089 31.274393 59.967257 48.853835 69.561403 35.122886 111.429762 107.805131 35.330629 29.906275 34.805251 32.527898 51.544995 94.894936 55.784537 51.478988 25.046826 54.854012 23.172534 40.818588 39.570031 45.760794 40.786512 41.763560 44.222830 43.414546 47.508531 45.358245 48.906153 42.839219 43.107469 35.839820 47.841530 36.630194 54.233086 41.244666 54.548372 32.079176 53.692266 43.775546 63.603558 81.368361 -0.044793 29.790753 39.774667 51.215386 20.842674 32.172197 28.095866 55.396054 43.173756 46.071039 22.072306 31.040035 38.334279 42.781050 39.851174
-9999.0 -9999.0 49.315542 38.408751 49.348560 35.817040 33.940111 23.228893 51.039143 31.413490 39.854225 34.628328 48.515630 28.679512 24.797904 43.865568 114.096337 63.569042 14.842824 52.401536 63.194444 124.471750 49.403538 59.898395 16.335627 47.713058 24.073852 43.538235 46.332153 52.676828 48.280418 50.104704 51.886539 50.839731 56.662199 54.128881 60.589708 39.246252 50.125663 47.352343 55.120938 45.648958 62.173182 53.670650 56.637138 40.927450 62.064575 52.531340 76.227722 92.600979 30.644880 63.359225 38.156783 57.510115 38.457730 46.048119 47.644666 81.664953 52.369668 61.155520 52.568022 69.434958 50.045452 49.886198 42.888230
-9999.0 -9999.0 41.361011 44.582111 54.620405 42.644619 37.107738 30.029551 62.537900 46.032362 65.170485 46.330033 58.101277 38.802752 53.361179 23.634169 97.952536 80.874702 36.529268 59.516297 80.924263 87.335833 47.063731 57.263892 19.660636 46.511868 27.292912 35.399619 42.648092 45.039397 38.015326 42.696272 46.270185 42.594901 52.201833 35.770371 49.547660 35.462748 41.796767 35.764424 44.798638 32.513985 48.837120 45.569176 46.181476 35.581303 57.509290 46.939430 63.113220 83.232933 52.579015 51.986656 23.952012 42.746348 28.326734 41.394137 43.012952 44.403962 23.271696 51.179665 35.993927 51.855489 38.411957 47.425242 27.271602
-9999.0 -9999.0 32.950856 40.440750 53.664320 38.443312 50.709505 32.539661 56.779519 43.659333 63.235211 32.246294 50.337720 36.941087 64.798004 39.344031 54.935748 69.264590 81.190141 79.838469 47.924093 75.225773 27.885474 40.946255 30.926394 57.819540 47.874588 58.258626 43.132388 41.556184 46.224556 55.211349 52.328601 46.723955 50.163621 50.879801 63.957269 53.482787 60.025998 51.755614 60.727404 47.063324 61.225383 47.697528 51.705575 43.756755 62.387695 50.694200 57.832983 66.836283 91.118092 77.558497 13.276354 59.252466 58.619115 66.826952 57.170404 64.509568 46.138356 66.157387 68.959465 71.260123 53.215678 69.690928 58.350535
-9999.0 -9999.0 33.775828 42.687786 57.071295 42.002129 53.021806 39.447642 62.627525 44.834753 51.306257 32.804269 55.678206 37.941814 66.489192 41.777986 57.904569 53.493927 72.121545 63.436618 16.145309 43.273370 23.394139 34.897668 23.832356 44.623374 38.043323 48.338839 33.709452 38.724743 37.403762 42.267176 32.089436 34.300113 42.641671 38.379453 52.929669 41.748083 50.870828 41.605670 53.496572 43.426570 46.760826 38.568838 41.728342 37.308067 55.271937 46.904177 55.276615 60.010257 67.804656 64.037432 22.235705 43.735691 38.084178 46.336298 45.524367 55.942982 43.194363 58.641000 35.780307 61.906931 45.029201 62.191523 39.249254
-9999.0 -9999.0 33.571575 39.922261 55.075527 43.742215 60.538733 37.126467 55.628560 37.550426 65.873722 44.633748 56.080452 37.769212 61.869085 45.172003 46.556854 46.949577 90.250417 89.909732 35.833024 46.702593 42.640086 59.944511 33.571147 55.500963 46.648567 59.645902 53.425000 63.521158 55.099837 54.586516 50.313236 50.276822 54.796778 47.378349 58.189950 50.296065 65.262354 56.359153 62.141512 53.098261 57.986657 52.115964 56.985089 44.034587 49.925709 44.970668 58.456806 54.281405 64.236660 72.734802 54.103633 74.779800 49.038749 58.630044 66.162895 68.641807 52.874792 64.752929 42.020434 76.512753 47.521589 61.010045 34.271830
-9999.0 -9999.0 35.780924 39.483362 53.229375 42.723464 52.006515 27.682173 56.347236 41.565366 69.572622 31.365544 60.321589 44.448398 81.070554 43.097602 43.890188 34.294061 79.102052 84.313530 39.007568 48.106445 25.971283 45.517996 23.922914 42.066000 28.900207 42.826269 40.601004 50.047376 43.645810 44.487380 39.575856 41.314273 44.645199 38.266602 45.878894 38.038873 48.737990 42.650728 49.663507 39.274233 49.743346 42.911226 48.780381 37.403049 42.729559 30.875945 52.885104 49.291998 63.665296 66.631348 59.068082 80.545853 45.513308 60.800006 44.929722 66.995534 44.140708 58.441162 35.812226 54.252899 38.712047 52.083086 29.896259
-9999.0 -9999.0 40.813715 43.746709 55.243991 44.208131 49.220303 30.145442 54.319668 38.559906 56.385540 31.645261 47.419333 41.590363 64.842067 48.048484 53.990604 31.245915 75.928288 90.333213 73.642334 76.393462 35.712136 67.037843 46.169962 62.831352 31.668725 65.011948 51.206608 61.746684 51.879735 53.657421 48.796325 51.305408 58.683769 52.403179 52.805868 45.966760 58.204061 42.377913 58.381606 51.051356 63.037431 57.267323 68.423831 57.554303 56.224173 51.331929 42.960128 66.205262 63.606092 75.573979 50.974989 67.414728 70.891697 96.816984 31.420634 77.838219 55.019633 67.700711 37.821744 49.909282 43.595830 62.320871 39.501694
-9999.0 -9999.0 37.933694 41.610679 54.761958 48.448217 52.000756 40.272269 54.295953 40.638497 55.059078 28.055443 50.707497 34.599190 66.303411 48.564492 57.957785 35.162311 73.110967 81.237085 68.537506 66.598859 28.700904 51.302914 27.045774 46.028019 24.273369 42.549293 32.242678 47.505519 38.502199 41.477028 36.774007 38.860925 49.019141 44.667119 43.316912 36.011775 53.732436 38.074619 50.864780 41.632000 52.660397 45.356110 58.629401 49.371572 46.713873 40.091437 69.412471 74.342714 66.275236 85.879252 49.674099 53.400137 64.342251 77.074621 56.907238 83.697844 65.229688 71.543206 41.791284 47.813327 39.557878 55.682656 14.643313
-9999.0 -9999.0 40.498059 44.110515 59.073140 50.773937 63.196910 45.604663 57.348265 44.678265 63.177298 38.937344 46.809095 32.969770 67.035290 47.520670 62.834198 42.279444 59.343373 54.408042 92.549830 74.926380 54.126413 73.109885 56.255463 75.354794 54.281698 65.970593 41.649826 49.793760 53.327262 52.214126 47.595952 50.407785 58.933568 57.274023 62.759661 45.060843 50.530302 45.454530 63.037912 51.707229 65.000990 53.586177 61.743151 48.395269 58.887571 73.235305 65.100939 60.675500 37.229801 54.156627 37.909315 52.534601 29.927523 34.296051 27.830515 39.732618 56.463405 69.008939 57.766287 65.163362 59.205838 85.850450 43.198920
-9999.0 -9999.0 37.680187 41.544499 56.538450 48.493000 43.328262 39.921258 55.681039 39.049567 59.668760 52.153102 48.288466 34.456367 66.578933 48.053460 64.790551 46.263013 61.759026 49.551866 52.737905 91.261928 35.279232 56.932790 41.239845 63.281850 45.575901 53.680740 30.388728 39.574099 40.949442 40.744348 40.982234 42.265068 48.861292 41.644701 48.885054 37.155313 45.328348 36.393959 56.224772 45.166400 55.750438 43.195651 52.182472 42.898810 63.019839 67.920782 54.391031 73.091147 51.851172 57.775862 54.162355 74.105340 53.769197 64.796493 45.502779 50.286945 61.278835 68.967966 65.913934 64.415930 37.573391 -9999.0 -9999.0
-9999.0 -9999.0 43.084021 45.536063 55.992721 42.511938 48.722815 39.109731 56.378955 40.091161 56.916134 25.416670 48.047184 38.785950 70.917981 49.133084 60.603932 46.054541 56.854754 40.305112 53.812544 95.538102 60.748464 64.800393 44.708631 59.088574 42.816392 66.188303 47.625538 60.448626 44.775304 47.460471 48.104219 50.977271 52.486393 46.693858 57.627675 48.528353 56.394206 46.589950 63.960867 58.322484 70.898776 55.161886 64.015468 68.274505 68.498124 64.024131 50.603129 71.579669 43.345826 58.960395 37.083885 54.791202 32.132542 40.369563 26.378930 41.961379 21.217838 30.221570 55.954280 55.751945 45.136088 -9999.0 -9999.0
-9999.0 -9999.0 40.863270 43.959598 54.827018 43.021100 48.500393 43.229836 59.202823 41.589379 67.202432 33.917958 54.947147 41.748211 79.927014 54.334436 61.427584 55.590646 66.158179 47.598641 67.951234 83.864666 63.143793 52.235208 35.396529 51.635096 28.815371 55.800306 38.070029 49.744114 36.988665 42.841353 34.931778 38.534087 43.594851 39.275677 45.902926 41.769484 48.628909 40.566797 57.249004 50.506671 54.682577 42.803753 53.578095 72.936572 63.263864 62.943312 55.701540 76.480125 61.507743 87.030059 61.828946 80.555719 59.607850 81.206793 52.734491 75.213026 45.471839 53.157704 65.363062 62.531415 -9999.0 -9999.0 -9999.0
-9999.0 -9999.0 46.097948 45.819978 54.726449 45.299593 52.402342 33.328434 57.809930 43.159714 70.195150 52.980952 62.391339 43.816088 57.837797 34.279503 69.968737 38.827354 49.299157 32.318903 58.637159 54.651650 96.873588 75.651105 60.882179 74.359306 33.646485 56.247164 43.607088 57.619373 48.850934 54.259221 50.651423 52.257098 55.277444 51.197431 53.983359 48.820645 54.578419 47.437053 55.617245 43.153271 29.110662 45.433388 85.334445 78.814250 30.685279 63.936218 23.152788 47.299520 35.899790 61.751170 7.269473 47.420415 42.881134 47.120330 23.236314 21.438403 36.617918 45.059484 100.263403 37.872714 -9999.0 -9999.0 -9999.0
-9999.0 -9999.0 43.010630 42.543995 51.868500 46.270368 41.008316 20.834141 55.113537 41.139450 76.400288 52.600470 59.852302 46.791849 68.279458 78.520427 52.384232 18.473146 54.165730 39.569570 60.293699 26.654853 121.508494 72.563151 54.288744 62.855787 3.532534 26.235110 35.211856 44.181327 37.383807 42.583123 39.186435 41.256448 43.439968 41.468482 44.505792 41.045699 46.360333 39.966483 49.371021 37.919066 48.254777 41.915138 80.725088 73.770941 39.473475 67.639299 45.221277 80.978020 68.818592 104.334807 44.401037 61.906332 35.382937 50.914541 48.655009 41.663517 58.097135 49.585383 88.980469 -9999.0 -9999.0 -9999.0 -9999.0
-9999.0 -9999.0 53.206590 46.345666 51.637304 47.949840 52.932110 42.395569 50.094517 38.501450 54.256742 33.446523 48.974142 36.127219 50.203832 29.956900 37.274873 33.957912 48.687364 36.278212 47.863489 21.786470 34.290327 120.778583 55.628833 69.602096 31.336235 52.867525 39.694077 53.591269 52.944955 58.381022 53.577568 54.055333 54.048135 54.071350 57.272813 54.028239 53.162966 47.085379 46.513761 20.470420 55.844348 67.463014 86.831505 68.308878 22.367965 61.324041 37.390546 83.642210 30.281589 45.523399 -0.077241 12.436575 12.907345 19.000058 30.742567 36.193725 28.632225 16.400265 17.783551 -9999.0 -9999.0 -9999.0 -9999.0
-9999.0 -9999.0 -9999.0 41.869405 47.651187 41.592949 50.017985 39.158033 55.036253 40.804406 59.063005 56.116671 54.440848 39.322973 53.013934 35.079073 48.080899 30.296354 52.480501 41.838911 53.779914 31.798674 29.087866 109.126795 52.616006 33.349316 22.913519 42.518629 15.468900 45.719382 44.886369 46.757184 42.624967 43.452758 43.192031 44.469093 47.512377 44.561509 41.555841 39.189783 34.087934 17.019602 56.234464 76.758619 78.409654 77.846402 34.967626 75.502577 61.221090 97.170168 26.399559 42.608803 18.004029 60.800021 45.523604 45.380215 48.038223 43.015756 47.066617 42.736397 -9999.0 -9999.0 -9999.0 -9999.0 -9999.0
