geotop/1.0zi/1.0Montebello/Templates/Dripsey sc/maps/PSILIQL0000N0012.asc
ncols         69
nrows         152
xllcorner     146499.903857
yllcorner     75332.942244
cellsize      50.000000
NODATA_value  -9999.0
[rows 56 to 83 of 152, columns 0 to 64 of 69]
-9999.0 -9999.0 40.498109 60.345518 78.308185 110.120775 124.542868 113.221182 121.932827 111.884072 104.602222 29.768026 30.513057 103.758821 29.189812 29.608521 37.238890 33.584433 41.009204 29.032385 30.370853 27.267424 34.694672 1177.316811 92.644809 52.121466 39.422419 56.828218 44.253627 84.580403 31.816504 62.243750 43.846419 95.950442 102.566657 45.465505 108.818676 54.552309 73.248742 34.368119 94.868360 36.529157 39.406649 119.422745 692.409805 47.734099 29.638384 38.403681 29.774631 46.818087 37.047302 31.013910 34.551535 37.389805 24.516277 45.934653 40.971133 51.158190 31.027661 39.942514 45.749940 -9999.0 -9999.0 -9999.0 -9999.0
-9999.0 -9999.0 -9999.0 50.810227 45.674705 52.037691 65.246972 64.300430 80.334265 77.974785 95.994481 138.533814 121.951349 44.193311 61.133449 51.674396 32.244385 33.559075 48.381671 56.447329 76.484956 70.101493 72.855713 860.164079 36.647578 27.321372 54.197220 46.866101 66.082642 38.694771 60.934740 61.753437 31.738296 94.006372 98.223424 31.903910 118.004272 60.082708 71.097356 30.676363 38.113714 73.337416 57.491054 605.170646 114.923156 96.579052 74.785711 78.908840 60.011102 45.676533 35.569698 31.099526 23.332610 36.972729 37.391102 45.174510 35.479814 48.017233 41.861361 39.389088 -9999.0 -9999.0 -9999.0 -9999.0 -9999.0
-9999.0 -9999.0 -9999.0 38.899905 66.986249 33.261772 37.096898 45.899435 65.659095 68.422722 70.041805 31.941966 31.996240 31.200876 45.407279 51.489088 130.718642 117.423652 128.769113 121.258853 140.160476 117.749808 108.223521 130.222808 806.059627 81.411449 54.791483 80.178531 42.750651 65.712224 29.349228 69.314964 32.293937 107.917733 111.779083 33.930741 129.174614 77.266143 78.164691 29.182986 38.162666 52.164627 183.552393 660.116465 80.605412 63.910493 48.474654 41.292231 26.335095 23.216105 28.896668 31.091521 24.076515 30.966936 30.860574 32.750852 31.647512 31.605664 33.186815 -9999.0 -9999.0 -9999.0 -9999.0 -9999.0 -9999.0
-9999.0 -9999.0 -9999.0 37.853124 49.161017 75.022261 96.432140 94.116216 191.435823 183.580592 203.349409 185.560699 182.630659 137.692415 160.355313 238.065590 345.765856 293.722195 305.657037 268.739107 243.364434 32.577767 43.827301 56.424720 864.425544 93.905127 75.952519 48.560678 60.923999 36.985800 60.956531 43.757547 28.170658 89.073023 95.367560 34.367247 46.438331 118.735363 72.823913 27.257753 42.011498 53.191537 195.863409 412.306130 144.390044 114.057435 99.785595 66.902567 45.726087 41.739510 34.581042 26.724590 27.756440 -9999.0 -9999.0 -9999.0 -9999.0 -9999.0 -9999.0 -9999.0 -9999.0 -9999.0 -9999.0 -9999.0 -9999.0
-9999.0 -9999.0 -9999.0 43.389006 83.747752 106.094796 130.849988 112.662298 45.535506 60.589728 108.598861 123.125174 140.521602 163.641352 155.612272 68.511950 31.350205 66.103090 77.934419 74.804223 77.546717 266.493423 249.743629 271.619229 931.616398 299.122886 75.539199 74.038984 42.500820 71.637110 29.323666 68.983291 29.440958 104.559670 108.909032 49.216215 50.751816 30.374585 154.337201 29.916415 61.100355 82.879572 442.828521 103.585514 72.288047 57.460521 55.649366 47.260249 39.899557 35.585597 26.051895 29.821719 34.643671 -9999.0 -9999.0 -9999.0 -9999.0 -9999.0 -9999.0 -9999.0 -9999.0 -9999.0 -9999.0 -9999.0 -9999.0
-9999.0 -9999.0 -9999.0 -9999.0 -9999.0 36.181015 47.047404 32.563246 43.231327 47.867508 51.421397 66.663396 87.056136 39.219756 68.943464 43.136451 48.725549 33.262006 45.565971 79.499367 101.717260 169.641200 155.852577 217.424933 283.033190 882.222094 113.475039 62.549416 65.407320 36.021721 31.697753 76.966493 27.410978 97.070079 98.404679 53.834675 34.273833 51.781132 38.922838 169.680756 49.016417 378.179005 107.171943 66.078334 40.097973 59.860040 46.085755 41.365260 33.782464 28.163501 23.306913 29.508570 40.074663 -9999.0 -9999.0 -9999.0 -9999.0 -9999.0 -9999.0 -9999.0 -9999.0 -9999.0 -9999.0 -9999.0 -9999.0
-9999.0 -9999.0 -9999.0 -9999.0 -9999.0 -9999.0 37.695140 30.527316 39.780510 37.509572 46.387319 37.970481 30.045218 55.991059 28.474584 30.533714 44.842919 56.325941 53.514718 112.906812 135.636650 173.339790 140.756898 51.440446 77.813769 324.064397 854.383784 146.156993 43.637941 27.310701 37.585020 84.891474 28.937838 112.457018 112.995722 70.676328 48.691647 29.978803 62.064309 201.315405 186.982485 49.050679 30.239723 26.980296 25.763653 27.627398 24.857809 34.637901 27.803267 34.457726 24.488297 38.622471 41.416920 -9999.0 -9999.0 -9999.0 -9999.0 -9999.0 -9999.0 -9999.0 -9999.0 -9999.0 -9999.0 -9999.0 -9999.0
-9999.0 -9999.0 -9999.0 -9999.0 -9999.0 -9999.0 -9999.0 34.981117 32.305344 38.671778 30.844612 56.451705 61.004746 35.132962 46.905824 47.609840 62.042102 123.731523 116.178810 41.056436 45.861401 32.831336 44.672301 71.595607 239.951494 288.965878 867.010103 223.480178 42.328772 47.883616 71.626863 36.172785 26.627503 97.126056 102.580990 74.755097 52.819083 27.030928 42.311373 1.375012 149.041563 160.774101 122.337044 130.486974 80.857206 80.278022 62.224517 64.838528 46.094391 34.863675 25.655507 72.931705 29.383309 -9999.0 -9999.0 -9999.0 -9999.0 -9999.0 -9999.0 -9999.0 -9999.0 -9999.0 -9999.0 -9999.0 -9999.0
-9999.0 -9999.0 -9999.0 -9999.0 -9999.0 -9999.0 -9999.0 -9999.0 33.780051 34.031109 40.834550 33.875768 49.560729 54.178165 70.508603 67.036507 62.018502 28.666805 30.076143 30.476496 44.457410 53.015317 63.743799 162.278574 29.596952 52.936420 102.595385 903.598031 116.343632 155.152148 45.151768 37.107790 26.808091 107.510862 116.324572 78.782234 65.792676 32.926604 74.529462 164.503007 69.576852 66.281974 45.133372 28.052035 67.201723 83.071818 68.027897 69.891629 52.506133 38.979401 28.062014 77.918401 40.443007 -9999.0 -9999.0 -9999.0 -9999.0 -9999.0 -9999.0 -9999.0 -9999.0 -9999.0 -9999.0 -9999.0 -9999.0
-9999.0 -9999.0 -9999.0 -9999.0 -9999.0 -9999.0 -9999.0 -9999.0 -9999.0 30.401248 32.448459 34.204672 49.068194 53.175701 98.061526 94.976988 105.161594 101.079150 116.347818 100.469474 120.801066 205.379044 197.507828 33.935177 40.559159 87.831505 196.164758 276.369645 1090.104132 726.122098 60.114760 41.726532 26.178062 99.419414 102.708426 72.215913 63.380948 42.211783 0.839631 71.006661 48.166746 43.736191 28.807229 38.907950 33.701783 40.527758 32.824890 30.126129 44.495448 38.541229 72.225511 45.409095 28.683950 -9999.0 -9999.0 -9999.0 -9999.0 -9999.0 -9999.0 -9999.0 -9999.0 -9999.0 -9999.0 -9999.0 -9999.0
-9999.0 -9999.0 -9999.0 -9999.0 -9999.0 -9999.0 -9999.0 -9999.0 -9999.0 -9999.0 42.921571 41.559377 38.567448 39.927272 30.914153 30.964617 41.120738 49.130964 72.546774 72.000308 139.183634 66.540598 85.374027 83.160269 77.523555 102.753602 30.899607 33.870488 83.964747 1134.796968 509.777417 133.402392 34.545506 120.021716 125.223350 89.902074 86.520668 111.088319 106.468632 92.282506 49.053199 43.845956 30.516100 31.510211 46.967285 30.909286 38.621225 56.261523 44.443086 85.070931 51.923903 40.728661 -9999.0 -9999.0 -9999.0 -9999.0 -9999.0 -9999.0 -9999.0 -9999.0 -9999.0 -9999.0 -9999.0 -9999.0 -9999.0
-9999.0 -9999.0 -9999.0 -9999.0 -9999.0 -9999.0 -9999.0 -9999.0 -9999.0 -9999.0 -9999.0 47.184953 49.371171 30.158967 31.881058 31.431278 41.174643 48.797853 124.665079 105.130640 49.700530 53.914255 91.205247 103.200718 117.236730 81.924561 119.720966 130.214502 292.638972 515.338828 1126.722854 662.992761 67.985280 152.366684 140.891561 113.136343 135.240873 105.696630 88.254832 31.503970 49.635316 56.461930 42.863118 58.348107 38.957791 47.063772 59.309398 63.814346 78.551487 56.053648 42.976164 -9999.0 -9999.0 -9999.0 -9999.0 -9999.0 -9999.0 -9999.0 -9999.0 -9999.0 -9999.0 -9999.0 -9999.0 -9999.0 -9999.0
-9999.0 -9999.0 -9999.0 -9999.0 -9999.0 -9999.0 -9999.0 -9999.0 -9999.0 -9999.0 -9999.0 32.449639 65.163369 61.156028 45.282767 44.335348 55.950512 48.070622 40.252310 39.064139 37.145821 35.941180 29.008852 44.824503 60.706305 43.842831 44.941217 63.965998 62.072217 174.096633 858.946064 1217.611972 645.056673 427.438784 185.999142 163.780562 204.692985 52.123965 27.170407 70.071080 89.119369 91.758792 75.934744 52.406138 58.270485 77.431518 31.102601 125.040503 63.755053 52.584886 -9999.0 -9999.0 -9999.0 -9999.0 -9999.0 -9999.0 -9999.0 -9999.0 -9999.0 -9999.0 -9999.0 -9999.0 -9999.0 -9999.0 -9999.0
-9999.0 -9999.0 -9999.0 -9999.0 -9999.0 -9999.0 -9999.0 -9999.0 -9999.0 -9999.0 -9999.0 -9999.0 43.376510 65.015969 67.446186 46.646986 30.824326 29.347968 31.705207 33.070069 31.571611 32.251676 40.020115 54.016389 41.533942 38.230451 63.653995 36.092774 53.624515 49.145686 575.834170 1109.250006 894.991180 422.967836 261.083496 251.343837 81.637587 50.017673 27.040700 27.970916 29.503117 31.452441 53.907455 64.804691 73.599760 41.680578 128.255710 82.707654 59.235457 28.522673 -9999.0 -9999.0 -9999.0 -9999.0 -9999.0 -9999.0 -9999.0 -9999.0 -9999.0 -9999.0 -9999.0 -9999.0 -9999.0 -9999.0 -9999.0
-9999.0 -9999.0 -9999.0 -9999.0 -9999.0 -9999.0 -9999.0 -9999.0 -9999.0 -9999.0 -9999.0 -9999.0 -9999.0 51.841423 76.871970 67.068454 55.632577 39.594170 38.160203 34.627810 38.665127 44.685781 48.069450 29.790689 31.547174 57.288321 28.413831 40.619544 27.638306 44.123911 36.654144 63.299857 1217.082154 725.102320 638.567466 361.154931 137.817421 85.187167 53.073085 42.990803 39.663200 114.058181 89.489858 96.033537 51.884076 150.189555 95.537001 119.080134 60.372767 36.854828 -9999.0 -9999.0 -9999.0 -9999.0 -9999.0 -9999.0 -9999.0 -9999.0 -9999.0 -9999.0 -9999.0 -9999.0 -9999.0 -9999.0 -9999.0
-9999.0 -9999.0 -9999.0 -9999.0 -9999.0 -9999.0 -9999.0 -9999.0 -9999.0 -9999.0 -9999.0 -9999.0 -9999.0 -9999.0 57.942596 69.897875 72.873292 65.561397 66.668417 32.607688 50.822057 35.356871 50.712038 59.462638 65.578114 37.228886 43.761997 31.376117 39.817775 32.692383 47.208653 80.628173 1199.476164 966.467994 620.204336 20.229449 0.194550 0.115444 0.500856 0.252063 0.979137 4.366168 290.456509 308.356721 271.505871 226.302260 147.872873 59.037231 36.664026 -9999.0 -9999.0 -9999.0 -9999.0 -9999.0 -9999.0 -9999.0 -9999.0 -9999.0 -9999.0 -9999.0 -9999.0 -9999.0 -9999.0 -9999.0 -9999.0
-9999.0 -9999.0 -9999.0 -9999.0 -9999.0 -9999.0 -9999.0 -9999.0 -9999.0 -9999.0 -9999.0 -9999.0 -9999.0 -9999.0 -9999.0 77.363131 144.129276 232.354385 213.932544 73.011506 66.336278 33.019119 34.320558 36.851481 55.526067 60.886154 74.907252 66.475333 79.278030 77.226333 96.881357 120.388740 1065.781670 1354.610366 661.472191 158.112269 69.860361 34.734056 24.666067 73.850081 28.653161 117.814854 318.180463 220.484833 123.540996 127.026730 112.738015 81.352215 36.298863 -9999.0 -9999.0 -9999.0 -9999.0 -9999.0 -9999.0 -9999.0 -9999.0 -9999.0 -9999.0 -9999.0 -9999.0 -9999.0 -9999.0 -9999.0 -9999.0
-9999.0 -9999.0 -9999.0 -9999.0 -9999.0 -9999.0 -9999.0 -9999.0 -9999.0 -9999.0 -9999.0 -9999.0 -9999.0 -9999.0 -9999.0 -9999.0 -9999.0 31.196570 32.152081 169.028630 74.979107 66.455160 49.727648 40.540234 32.283081 30.955725 31.210201 27.217678 28.818718 31.635867 41.091138 41.211335 1261.724690 735.916368 46.297253 143.117230 44.627840 43.845670 25.053730 40.375541 54.369830 47.141540 101.709294 303.548075 97.444269 53.187410 34.972543 67.934744 31.307315 -9999.0 -9999.0 -9999.0 -9999.0 -9999.0 -9999.0 -9999.0 -9999.0 -9999.0 -9999.0 -9999.0 -9999.0 -9999.0 -9999.0 -9999.0 -9999.0
-9999.0 -9999.0 -9999.0 -9999.0 -9999.0 -9999.0 -9999.0 -9999.0 -9999.0 -9999.0 -9999.0 -9999.0 -9999.0 -9999.0 -9999.0 -9999.0 -9999.0 30.722686 41.989098 41.133540 189.580791 87.322470 99.336290 31.679214 52.276306 40.613919 39.641977 36.563212 38.664572 42.397125 54.573351 197.036814 1453.156880 918.291173 74.615901 53.475382 35.609665 31.334215 37.236334 27.736846 54.266097 31.103602 108.740620 316.185737 76.814333 73.176799 43.692178 43.674775 28.635761 -9999.0 -9999.0 -9999.0 -9999.0 -9999.0 -9999.0 -9999.0 -9999.0 -9999.0 -9999.0 -9999.0 -9999.0 -9999.0 -9999.0 -9999.0 -9999.0
-9999.0 -9999.0 -9999.0 -9999.0 -9999.0 -9999.0 -9999.0 -9999.0 -9999.0 -9999.0 -9999.0 -9999.0 -9999.0 -9999.0 -9999.0 -9999.0 -9999.0 -9999.0 45.992702 46.127664 59.529262 205.673711 106.794494 93.262315 41.593492 50.545372 43.711047 42.204367 45.465266 44.246985 37.443455 707.769823 1249.648554 200.845457 50.794224 42.801120 36.597487 33.711240 25.878040 39.259963 57.742411 30.530368 107.013045 356.347696 32.799319 68.764594 36.627332 29.095017 30.344392 -9999.0 -9999.0 -9999.0 -9999.0 -9999.0 -9999.0 -9999.0 -9999.0 -9999.0 -9999.0 -9999.0 -9999.0 -9999.0 -9999.0 -9999.0 -9999.0
-9999.0 -9999.0 -9999.0 -9999.0 -9999.0 -9999.0 -9999.0 -9999.0 -9999.0 -9999.0 -9999.0 -9999.0 -9999.0 -9999.0 -9999.0 -9999.0 -9999.0 -9999.0 52.213172 30.859076 89.852517 225.090082 104.131077 32.214310 95.177607 45.219324 62.084507 51.852087 56.852857 64.792632 418.246603 1501.647428 101.964121 46.648173 38.928608 36.168465 36.355553 33.134802 25.249637 31.226995 42.298949 44.381430 66.359611 325.950571 49.619109 41.279753 32.994622 26.428495 -9999.0 -9999.0 -9999.0 -9999.0 -9999.0 -9999.0 -9999.0 -9999.0 -9999.0 -9999.0 -9999.0 -9999.0 -9999.0 -9999.0 -9999.0 -9999.0 -9999.0
-9999.0 -9999.0 -9999.0 -9999.0 -9999.0 -9999.0 -9999.0 -9999.0 -9999.0 -9999.0 -9999.0 -9999.0 -9999.0 -9999.0 -9999.0 -9999.0 -9999.0 -9999.0 -9999.0 54.064502 41.523593 230.593056 34.100800 82.093557 38.295192 85.183027 54.759868 63.615768 62.443833 91.158445 1371.357581 734.930918 40.160791 42.408274 30.188028 39.237926 32.483457 34.587178 26.937865 28.974213 39.739687 38.391734 181.272032 216.547785 39.877663 36.098791 25.164212 28.015865 -9999.0 -9999.0 -9999.0 -9999.0 -9999.0 -9999.0 -9999.0 -9999.0 -9999.0 -9999.0 -9999.0 -9999.0 -9999.0 -9999.0 -9999.0 -9999.0 -9999.0
-9999.0 -9999.0 -9999.0 -9999.0 -9999.0 -9999.0 -9999.0 -9999.0 -9999.0 -9999.0 -9999.0 -9999.0 -9999.0 -9999.0 -9999.0 -9999.0 -9999.0 -9999.0 -9999.0 -9999.0 65.454019 244.889932 46.804158 29.642925 87.531222 44.585124 97.211635 72.517146 126.255160 231.135192 1249.729786 47.979688 26.232961 23.208392 35.890325 24.901621 31.417622 24.896863 26.814143 27.419155 29.485679 58.408536 153.498769 152.552071 42.984363 27.176987 26.059559 -9999.0 -9999.0 -9999.0 -9999.0 -9999.0 -9999.0 -9999.0 -9999.0 -9999.0 -9999.0 -9999.0 -9999.0 -9999.0 -9999.0 -9999.0 -9999.0 -9999.0 -9999.0
-9999.0 -9999.0 -9999.0 -9999.0 -9999.0 -9999.0 -9999.0 -9999.0 -9999.0 -9999.0 -9999.0 -9999.0 -9999.0 -9999.0 -9999.0 -9999.0 -9999.0 -9999.0 -9999.0 -9999.0 -9999.0 223.084132 51.522139 32.072726 43.591289 82.842325 54.265476 95.438848 36.533400 1213.217492 110.787606 59.872629 41.266970 39.071112 26.601904 34.998178 28.526591 28.237003 37.545789 44.225155 57.686507 41.422786 154.992757 158.684121 39.069120 39.781312 34.889696 -9999.0 -9999.0 -9999.0 -9999.0 -9999.0 -9999.0 -9999.0 -9999.0 -9999.0 -9999.0 -9999.0 -9999.0 -9999.0 -9999.0 -9999.0 -9999.0 -9999.0 -9999.0
-9999.0 -9999.0 -9999.0 -9999.0 -9999.0 -9999.0 -9999.0 -9999.0 -9999.0 -9999.0 -9999.0 -9999.0 -9999.0 -9999.0 -9999.0 -9999.0 -9999.0 -9999.0 -9999.0 -9999.0 -9999.0 246.955522 69.515736 47.359908 62.978712 31.094812 105.980799 82.222418 353.917833 1468.668342 106.906507 69.746274 51.617875 54.664574 43.686666 40.050772 28.826152 28.934432 35.452594 31.835300 30.742827 40.571036 119.785589 123.218737 45.854870 31.493805 -9999.0 -9999.0 -9999.0 -9999.0 -9999.0 -9999.0 -9999.0 -9999.0 -9999.0 -9999.0 -9999.0 -9999.0 -9999.0 -9999.0 -9999.0 -9999.0 -9999.0 -9999.0 -9999.0
-9999.0 -9999.0 -9999.0 -9999.0 -9999.0 -9999.0 -9999.0 -9999.0 -9999.0 -9999.0 -9999.0 -9999.0 -9999.0 -9999.0 -9999.0 -9999.0 -9999.0 -9999.0 -9999.0 -9999.0 -9999.0 240.704311 77.349828 58.949643 69.117759 30.323603 42.644327 143.437356 937.789148 1360.249127 92.315585 63.613381 46.558173 46.870400 37.067364 31.552093 33.997147 36.698897 29.621505 34.850356 33.720845 79.695455 76.330239 119.575247 42.858444 46.378206 -9999.0 -9999.0 -9999.0 -9999.0 -9999.0 -9999.0 -9999.0 -9999.0 -9999.0 -9999.0 -9999.0 -9999.0 -9999.0 -9999.0 -9999.0 -9999.0 -9999.0 -9999.0 -9999.0
-9999.0 -9999.0 -9999.0 -9999.0 -9999.0 -9999.0 -9999.0 -9999.0 -9999.0 -9999.0 -9999.0 -9999.0 -9999.0 -9999.0 -9999.0 -9999.0 -9999.0 -9999.0 -9999.0 -9999.0 -9999.0 280.524814 88.840870 64.524733 93.939551 32.753810 47.924904 215.170589 1633.014473 859.052609 75.370157 58.691394 42.689347 40.077790 27.341397 64.931946 49.492738 40.091471 48.485853 41.294312 36.310719 74.197667 61.195830 106.907240 34.522414 34.216292 -9999.0 -9999.0 -9999.0 -9999.0 -9999.0 -9999.0 -9999.0 -9999.0 -9999.0 -9999.0 -9999.0 -9999.0 -9999.0 -9999.0 -9999.0 -9999.0 -9999.0 -9999.0 -9999.0
-9999.0 -9999.0 -9999.0 -9999.0 -9999.0 -9999.0 -9999.0 -9999.0 -9999.0 -9999.0 -9999.0 -9999.0 -9999.0 -9999.0 -9999.0 -9999.0 -9999.0 -9999.0 -9999.0 -9999.0 -9999.0 -9999.0 259.683565 92.603357 123.561126 35.511914 69.568449 665.777001 1633.594141 682.410436 184.271190 179.700797 141.475350 160.284854 148.175049 142.924296 132.140586 138.376412 106.519770 91.596031 37.327869 68.729679 47.659350 70.706226 47.695372 -9999.0 -9999.0 -9999.0 -9999.0 -9999.0 -9999.0 -9999.0 -9999.0 -9999.0 -9999.0 -9999.0 -9999.0 -9999.0 -9999.0 -9999.0 -9999.0 -9999.0 -9999.0 -9999.0 -9999.0
