geotop/1.0zi/1.0Montebello/Templates/Dripsey sc/maps/PSILIQL0000N0055.asc
ncols         69
nrows         152
xllcorner     146499.903857
yllcorner     75332.942244
cellsize      50.000000
NODATA_value  -9999.0
[rows 29 to 57 of 152, columns 0 to 64 of 69]
-9999.0 -9999.0 -9999.0 -9999.0 -9999.0 -9999.0 -9999.0 -9999.0 -9999.0 -9999.0 -9999.0 -9999.0 46.769555 26.109725 33.615199 42.181153 46.050582 53.144026 73.172114 26.521689 48.874162 80.223095 60.102470 106.351489 0.233034 66.054516 37.966081 32.991299 30.859413 30.865303 24.875127 35.116766 37.721006 40.984956 47.129207 63.349181 41.959512 33.731477 39.555214 31.522658 42.834505 40.849308 56.225726 42.894811 48.809603 86.969145 39.495072 39.616865 117.810980 67.001586 28.111224 29.092223 83.562551 95.931819 45.224508 41.496215 50.435656 45.560154 44.732255 45.623748 41.382146 -9999.0 -9999.0 -9999.0 -9999.0
-9999.0 -9999.0 -9999.0 -9999.0 -9999.0 -9999.0 -9999.0 -9999.0 -9999.0 -9999.0 -9999.0 -9999.0 55.091530 28.067651 37.539727 44.737993 69.825064 57.513159 65.502954 69.238482 36.974686 116.209685 0.511582 0.189550 40.152960 25.136823 35.253645 24.575743 22.362521 24.353419 24.023696 26.373931 29.122542 29.733348 42.810193 61.199548 33.919416 29.379009 32.736766 38.215047 46.789018 48.462491 65.118344 57.494900 52.100977 50.932012 77.613083 42.652362 118.990558 72.709630 37.811101 38.631297 81.964844 95.640771 43.422353 94.550260 78.483830 58.649345 49.101833 52.814756 53.717464 31.381159 -9999.0 -9999.0 -9999.0
-9999.0 -9999.0 -9999.0 -9999.0 -9999.0 -9999.0 -9999.0 -9999.0 -9999.0 -9999.0 -9999.0 29.112571 51.135636 30.973610 37.816614 44.945831 54.187219 83.435633 59.443290 56.616636 68.169889 0.423107 37.779657 29.386369 24.265583 34.810528 28.846914 33.718591 27.698226 27.608249 25.816006 26.051758 29.625177 28.547501 31.812029 45.913865 35.853335 32.709142 40.803454 42.587881 43.205143 26.770535 28.375024 57.167147 66.608963 46.439127 46.749050 61.865768 27.718736 113.532172 42.541540 42.437558 123.038917 46.394148 75.474492 45.716990 45.620298 43.834757 35.391821 30.145918 27.774167 49.519831 49.831370 -9999.0 -9999.0
-9999.0 -9999.0 -9999.0 -9999.0 -9999.0 -9999.0 -9999.0 -9999.0 -9999.0 -9999.0 -9999.0 40.855014 49.600550 41.388279 30.144059 47.104472 53.056438 51.053054 93.804303 52.846584 59.107224 0.394146 50.844538 52.373541 47.479240 52.128987 45.743635 45.256537 38.007216 36.576905 36.212484 36.103027 29.700925 35.732573 33.699866 34.173842 34.481956 32.077300 39.587161 41.455710 44.318607 44.564985 36.802070 35.233820 94.275070 26.504453 46.924494 48.463448 73.206644 36.747717 130.008944 53.242738 144.448911 81.247558 65.773202 63.565086 55.770604 62.063004 54.325304 62.375289 47.847514 52.291521 47.245525 39.771356 -9999.0
-9999.0 -9999.0 -9999.0 -9999.0 -9999.0 -9999.0 -9999.0 -9999.0 -9999.0 -9999.0 23.657671 57.203258 27.188390 42.904381 31.064981 34.718862 26.572429 25.429645 27.172519 70.188884 55.131681 0.435969 26.321232 31.921476 26.278471 26.269499 25.212556 26.271793 37.150633 39.919293 40.693984 43.375215 32.376207 40.714820 33.738103 31.002673 38.105850 34.923707 27.352496 28.423933 39.921043 51.273146 47.420241 37.271201 90.661846 27.939738 35.788103 53.822001 51.549671 68.916975 47.645316 149.564485 164.067955 72.560564 48.045003 59.695227 55.533272 61.410394 52.749087 58.923153 57.924728 47.384225 40.810460 40.275124 31.608023
-9999.0 -9999.0 -9999.0 -9999.0 -9999.0 -9999.0 -9999.0 -9999.0 -9999.0 32.127392 49.764795 32.810944 25.995634 46.371311 37.917094 30.468619 39.868457 33.406769 35.273630 38.790171 87.838584 0.457501 62.733599 42.482070 35.596945 34.452607 33.522715 42.987771 41.439905 43.932144 26.306837 43.429781 44.254765 49.465056 43.697427 30.892838 37.693245 40.221885 40.973649 37.419451 44.962143 44.889395 86.160496 79.951981 89.141149 34.088580 44.284641 58.984988 28.364337 59.463430 126.888789 145.889926 246.695473 107.214904 49.190368 52.066342 46.904780 46.560949 39.563371 38.316951 29.779554 37.960773 31.696753 31.509260 31.283197
-9999.0 -9999.0 -9999.0 -9999.0 -9999.0 -9999.0 -9999.0 -9999.0 43.822991 61.937877 38.168754 33.101967 25.403217 43.407484 39.180893 34.911340 27.478022 39.750999 42.210167 42.826424 27.757647 0.435994 26.829546 25.435593 36.000893 38.379455 43.530139 45.879399 43.554892 34.569883 40.294838 27.753015 45.520706 49.286283 44.981601 31.259595 39.659629 39.237419 43.338885 41.163859 26.773212 25.534987 26.158860 24.721854 77.976715 76.350125 60.436827 62.060696 30.000972 39.829293 131.667279 1.956635 76.918037 81.185497 62.822617 72.622800 73.173123 61.794406 54.650710 65.623604 43.111539 42.903857 32.004328 31.818082 31.217860
-9999.0 -9999.0 -9999.0 -9999.0 -9999.0 -9999.0 -9999.0 27.887015 43.021350 67.841362 42.221999 37.620354 29.324258 43.052378 41.110417 43.438184 38.046785 26.850124 63.539783 50.879952 26.656819 0.148469 34.610767 43.425484 41.097920 92.976975 97.934490 98.427193 69.801856 68.964507 39.759516 29.807505 46.706516 57.308605 52.675026 37.752006 42.852515 28.684254 46.207656 51.930075 77.095877 75.297602 79.175814 70.810471 72.752303 78.430453 114.615943 58.886155 40.734172 47.230994 117.405144 0.363096 60.630566 49.329811 37.587783 36.136758 27.966765 38.161858 34.439854 30.440341 43.445236 49.962501 42.056183 41.310716 39.901502
-9999.0 -9999.0 -9999.0 -9999.0 -9999.0 -9999.0 44.888577 66.497462 60.299251 64.544471 44.121438 46.883890 43.988586 41.404973 21.919032 42.801255 39.979979 27.719994 39.321716 68.849088 27.992761 0.192942 42.807421 44.174994 78.554581 25.508457 35.748826 40.558061 29.004180 29.225567 35.717643 48.098675 32.154628 54.110239 51.587328 31.312162 45.609481 43.293488 36.514800 52.864029 57.182435 51.498578 47.867754 27.177923 39.612403 99.741820 124.347967 97.887290 85.873456 134.658315 0.261761 110.314556 95.578743 94.129262 45.078815 46.846771 44.590305 43.690686 34.867951 30.687746 28.954259 30.572983 42.800549 45.582863 30.438420
-9999.0 -9999.0 -9999.0 -9999.0 -9999.0 24.547689 46.640767 49.170864 77.507161 118.247188 254.336187 251.105735 58.278529 53.509507 22.536576 45.549191 45.981179 37.458749 45.038125 26.912120 94.616565 0.243562 47.017433 77.696596 65.855236 79.079240 55.597539 68.000857 69.437922 77.252396 57.866513 31.616721 44.015942 63.613542 61.008523 38.260269 47.112849 29.112030 49.424589 40.634600 28.113405 27.846249 36.990653 62.860899 77.605521 74.884541 64.473258 109.646733 162.382067 0.484771 84.257888 43.962995 29.301312 25.756437 48.362492 46.549888 40.697912 39.237664 28.284183 61.794187 73.177071 77.171322 54.572070 41.381142 39.606908
-9999.0 -9999.0 -9999.0 -9999.0 -9999.0 40.240408 45.349690 39.676511 47.280891 48.088920 88.527209 116.028512 227.919360 78.907685 26.022025 46.569603 45.599403 35.580608 39.774793 25.499527 84.070592 0.268838 70.276546 84.937674 47.397155 44.739323 37.865056 38.874383 30.619750 30.227576 36.431608 33.186212 46.474553 59.852405 57.039551 31.675434 46.044070 46.187906 36.096114 46.170141 42.208692 31.720791 25.881733 27.469091 42.118140 45.946808 45.332015 58.185068 0.701233 44.430836 38.104200 68.125561 60.982337 46.366994 39.135052 40.164809 36.290853 31.429808 53.682429 25.887547 26.054673 29.858835 43.099489 43.012636 37.907360
-9999.0 -9999.0 -9999.0 -9999.0 37.590605 38.161494 37.301702 42.706623 39.555360 37.320480 37.107913 43.667011 71.679377 223.701885 41.242639 55.108263 57.997038 44.665518 27.036828 27.061071 89.882783 0.448236 91.393405 53.166017 47.485611 46.824891 41.147766 44.713261 41.061763 46.033300 30.212457 44.805079 55.197706 56.228750 55.594902 38.005396 53.969841 29.427804 51.709372 40.105551 51.031795 49.862481 70.567578 69.864831 77.898477 65.378779 71.563919 85.325715 0.563729 39.418389 25.391860 27.079991 25.639809 33.068375 26.528411 35.765834 30.632531 78.941898 33.455425 33.392297 32.203148 43.533014 46.108926 43.460020 38.491535
-9999.0 -9999.0 -9999.0 35.808591 40.017168 31.574586 43.647018 36.691379 38.257557 30.998688 32.615355 32.216590 48.188772 36.884280 1.844380 0.437807 50.815693 31.633678 24.968691 28.778834 84.261558 0.676822 47.795940 45.060080 41.096086 41.546404 34.085820 31.448262 45.549490 38.120908 29.121204 46.268731 52.941564 28.881822 66.323697 53.453605 65.970080 28.067776 35.336766 47.475498 43.220999 48.720171 27.190283 29.990983 36.694007 29.269294 35.228507 26.957058 0.141009 39.155754 24.185089 24.728606 25.032872 33.462622 27.222436 25.634841 25.665183 78.322344 36.884729 37.116297 40.423337 47.209155 39.937026 38.807202 35.080755
-9999.0 -9999.0 28.514893 34.985236 28.237373 38.794965 31.819140 30.714526 25.776935 24.070146 24.751672 41.427184 25.991712 47.876673 27.764176 43.120055 0.338130 38.958258 24.344979 37.816558 87.850001 0.202846 43.430325 41.904214 36.850095 36.924658 27.458092 46.329435 41.997190 38.524281 30.351117 53.789682 61.094536 30.172700 83.161754 29.690795 102.833728 27.665624 35.847891 39.648528 53.675014 51.867970 77.940648 41.011743 42.852289 43.023476 51.354514 64.823477 0.264872 62.034938 34.576737 32.105808 35.607420 26.739927 32.498400 33.678552 26.426064 83.444626 42.348136 48.315159 25.816819 62.038071 40.922240 39.000864 34.532726
-9999.0 -9999.0 29.371118 40.052973 42.581668 27.383237 26.423788 27.019944 38.103825 41.493894 43.289030 59.706784 56.328955 28.970899 35.236985 26.756749 0.079743 53.692382 28.665249 39.799034 0.341949 55.021022 41.500536 39.146286 33.042781 29.669988 43.782463 41.163261 38.638510 36.121535 31.854795 51.327354 58.734116 29.177198 66.466520 26.858174 87.427079 26.070999 33.851187 37.809287 42.769057 50.289291 27.561287 72.264035 27.935505 46.832592 48.004803 31.162893 39.604796 0.204229 43.885337 38.734616 30.103609 38.154160 36.201851 36.767462 68.017055 43.841317 45.415202 33.850807 55.826525 43.288061 39.541757 37.801816 36.500631
-9999.0 -9999.0 28.408667 30.571977 42.405751 43.269668 47.857019 45.589589 52.460257 52.191770 51.166045 28.473242 38.520886 40.613110 49.819111 47.609150 55.754690 0.179452 91.644493 0.177462 48.958453 47.854433 37.766898 34.965980 27.087341 50.632156 44.517409 43.520742 38.790984 27.600477 35.988937 59.945310 57.423347 29.733611 37.719284 62.594235 79.821383 27.548285 35.933526 39.474517 44.815441 46.534694 61.731796 36.505442 72.605731 38.496950 48.128965 75.802470 68.091994 0.141081 127.978548 62.420366 42.693833 42.112560 25.997243 82.189835 47.872303 51.752253 38.049875 62.985278 48.283328 48.359092 41.985065 66.692098 58.910677
-9999.0 -9999.0 31.823734 38.037384 47.132423 46.588823 51.655570 48.029850 56.242130 54.876682 63.578483 55.716408 62.745840 57.451626 71.537714 64.048552 70.739117 58.442784 0.279242 31.216464 23.269094 31.971658 26.345645 24.270344 45.593728 46.269469 43.568213 42.631936 32.955921 42.132797 26.179681 77.508683 30.214064 30.471030 40.106990 39.366294 64.171292 66.487773 35.118988 38.921254 44.008486 45.579394 48.928819 56.009061 46.208220 76.920555 82.557220 75.230657 71.646374 0.250584 108.472870 30.818116 41.292579 32.489546 69.155748 48.618583 51.863808 42.724206 56.530580 50.249097 46.324063 48.403591 59.260740 42.761172 40.706448
-9999.0 -9999.0 32.022231 37.786861 46.300487 46.535902 54.603607 67.106297 71.375997 62.049224 72.522860 79.276452 80.734410 69.648342 82.449682 75.638260 74.571296 70.375726 0.435126 70.240849 39.681702 24.320708 30.919576 49.505693 45.027390 46.806957 44.398379 41.433541 27.455438 50.121910 27.885947 68.238238 37.065662 36.724726 42.528226 28.344812 47.021274 65.116092 76.080970 41.563178 46.337376 46.881232 50.543030 52.171205 91.823031 28.227474 30.004662 31.541402 39.560649 77.869889 0.331018 71.821127 44.509036 79.084209 49.444417 56.859187 93.277627 109.840822 61.515635 73.321717 53.729114 99.995169 62.402478 43.866339 35.438244
-9999.0 -9999.0 32.608264 38.074253 46.611507 47.638578 47.964318 27.920611 38.387715 40.869843 45.233325 27.606149 37.227502 39.902259 53.202424 51.234627 53.143324 49.634584 56.528203 0.236380 32.156682 35.525602 46.643623 46.671512 43.657523 44.025862 39.023633 38.555575 47.519002 35.469940 61.441209 40.123294 31.137570 27.645098 44.791688 43.252533 36.293782 45.411747 66.942112 66.109605 43.877716 44.463062 47.792214 48.873809 101.057416 29.712016 39.752893 35.420074 29.129558 48.953654 0.427464 126.307269 138.550149 112.251574 65.267943 90.773391 56.631350 86.934092 77.989156 73.812779 86.929297 35.525220 28.818351 34.157201 27.800574
-9999.0 -9999.0 33.136237 38.625678 47.329754 48.862735 55.208435 47.973713 55.663535 53.323023 64.856532 54.532046 58.022203 56.297426 69.927409 67.830478 71.457082 59.468985 79.398806 0.572497 52.800984 55.041627 46.974789 48.411173 45.000963 43.078779 24.043523 60.982604 39.719880 69.988104 44.607096 29.501160 38.037695 29.054174 52.499607 29.234352 49.642375 40.454060 51.309758 63.103289 70.580021 46.132269 50.712430 52.663475 133.894204 41.900721 48.078849 28.379535 47.225054 0.184046 0.556049 0.004462 0.221164 0.097154 1.854699 200.360577 150.222596 131.262169 105.396975 65.457587 57.005250 48.841988 43.970201 27.421704 36.880363
-9999.0 -9999.0 33.012256 38.374170 46.661381 49.041873 54.543821 49.610179 56.685674 54.102962 65.245369 54.324961 58.688133 54.926848 67.681497 66.741527 73.533696 61.090761 75.606005 0.275838 84.349944 56.786532 47.656333 47.353127 42.145115 30.947859 49.582117 39.942225 55.362536 45.426393 34.810898 39.878464 31.061670 27.561313 40.774432 50.440149 40.107728 47.709529 44.508198 47.373648 64.663663 65.631161 49.938917 51.718059 140.155051 40.814879 49.198288 31.075169 64.310316 0.400350 122.127684 116.903762 51.326417 43.781353 26.586000 44.729354 25.654396 154.440560 134.052355 99.649688 36.746728 30.882940 34.368912 42.935556 35.943427
-9999.0 -9999.0 33.183309 38.462460 47.168050 48.642351 55.710137 50.487501 57.151114 53.932089 65.499727 57.328232 59.228601 54.513254 67.192698 65.860080 75.820926 65.705220 76.883608 118.912349 131.637478 76.793249 50.836187 49.249840 36.930611 57.846981 42.591799 60.572335 44.407438 40.012180 44.179042 29.079165 42.100469 29.589195 51.581256 30.150743 72.587251 28.030853 52.095861 44.927089 53.967521 67.828620 80.313076 55.057264 131.551068 29.467778 78.948704 81.225442 0.367221 65.524641 55.181448 43.756127 55.996530 42.091258 36.579476 35.653135 23.609136 54.802710 43.802684 81.452259 80.283826 93.098687 81.252667 64.790129 28.618460
-9999.0 -9999.0 33.422493 38.767798 48.235721 50.567050 51.936057 49.539600 57.199109 52.997780 62.193767 59.090437 59.520145 54.543073 67.063680 65.505011 76.415155 67.704536 64.793103 117.230335 96.207052 0.642983 58.549833 41.741664 54.188038 47.108330 59.991154 47.951536 39.615925 43.667733 33.721660 27.581301 45.144887 31.898474 42.420364 48.652569 37.248529 57.010767 35.163573 48.920295 49.010973 53.417577 74.892605 73.501540 57.528625 126.919218 105.120542 0.210667 71.271067 80.534899 53.187819 44.195021 38.194585 62.506560 37.447589 33.211133 25.234425 57.134014 47.323812 40.931725 78.121215 47.224495 31.731532 -9999.0 -9999.0
-9999.0 -9999.0 34.464089 40.053291 50.587581 49.005167 52.144767 49.149627 57.169051 53.731601 66.683399 54.945183 58.414362 54.988918 69.230258 66.862559 76.569797 121.460681 103.460758 29.895602 39.855168 170.517221 56.639640 60.355919 47.434679 84.938098 56.662739 67.582351 52.710141 40.777808 34.432002 28.279951 44.771550 42.888676 49.173595 29.190160 54.947833 41.818970 62.620437 44.417718 85.992458 102.358788 141.081422 126.836177 89.907467 204.720597 0.244696 84.772336 64.015182 55.041943 44.164905 42.244568 36.669563 32.133004 53.191945 31.538389 23.710946 51.573110 39.524656 27.895720 80.087676 42.597175 30.678795 -9999.0 -9999.0
-9999.0 -9999.0 31.301712 32.468311 45.358108 45.617394 48.709299 47.078938 53.930570 51.047613 54.394246 28.326867 37.519537 39.664438 50.635622 94.629002 88.770568 106.531236 128.471666 110.183652 113.035399 0.570695 81.100858 52.057098 76.414661 24.354757 54.314812 45.531563 47.652573 40.425435 33.943360 50.710932 30.098293 43.545994 47.883667 31.125131 41.307722 51.309111 46.414365 67.901395 73.897099 69.454434 60.419726 26.706648 138.114212 0.689983 80.380911 76.558258 34.117228 49.084885 45.104486 41.632695 35.901222 32.322887 24.030331 59.041668 25.112428 54.691381 39.109168 27.358840 93.757787 46.830285 -9999.0 -9999.0 -9999.0
-9999.0 -9999.0 33.042008 42.337480 52.045989 49.838189 54.264633 47.121124 54.075761 51.776554 65.230603 86.367499 86.866459 72.922722 65.086307 25.933121 96.668534 41.685273 34.049669 36.959175 62.034697 73.407166 127.855548 117.190205 33.150613 86.432497 63.527168 51.771365 48.500004 42.676342 27.859285 49.493274 36.535594 51.017048 55.691910 37.429658 48.764046 29.555955 60.815559 56.436382 63.357884 47.477930 26.336476 64.624325 0.591837 40.854896 27.825578 26.555785 52.148522 24.262901 40.509647 40.123084 32.340146 29.381933 22.399675 55.613364 22.773384 43.940173 27.966994 42.336294 103.832733 31.701496 -9999.0 -9999.0 -9999.0
-9999.0 -9999.0 32.285851 42.915784 46.101153 30.507218 29.442574 27.724261 37.859478 40.136286 51.241596 85.781288 91.935890 82.269392 123.273431 101.672448 41.218462 24.933393 27.162134 37.148327 34.229032 34.619637 5.446070 124.510229 101.373771 31.290818 24.797315 24.471337 40.819710 35.292239 48.014281 43.885463 30.119462 49.963891 52.919248 30.756182 60.064255 31.317670 42.441959 57.362052 30.555953 25.864461 46.267190 38.971853 0.220423 64.617974 61.440608 56.872688 48.089734 54.508546 40.557941 37.988763 34.688798 29.679603 22.484814 41.611617 35.631428 45.114238 31.880060 23.608067 59.003256 -9999.0 -9999.0 -9999.0 -9999.0
-9999.0 -9999.0 34.115203 44.806098 51.609192 67.777363 73.049350 65.632160 67.866170 61.256596 57.613219 26.080529 26.866999 58.664517 25.860368 25.998706 31.538039 28.953902 34.743015 25.672582 26.845200 23.460899 27.891064 173.403205 57.317835 41.855265 33.878905 43.135211 37.218896 54.250934 28.009175 45.359038 36.731137 59.248938 62.431959 37.643407 65.281500 42.564426 50.367061 29.772345 56.202257 31.263467 33.396040 67.916449 0.321478 37.931341 25.893843 33.231975 26.242880 38.905245 32.039188 27.548073 29.410393 31.293914 21.896978 37.120344 34.672255 40.677682 27.025316 33.574158 38.220263 -9999.0 -9999.0 -9999.0 -9999.0
-9999.0 -9999.0 -9999.0 40.517370 37.209268 40.634084 46.373553 45.546542 52.606666 50.503805 59.514773 83.296495 71.545193 37.332490 45.718447 40.464249 28.148065 28.850471 39.513319 42.919681 51.274174 47.153245 46.117776 4.700300 29.716018 23.737634 41.475249 38.614133 44.929726 33.488741 44.267801 45.764698 27.754579 56.660241 58.955092 27.835408 69.952503 44.403689 48.104643 26.947979 32.623893 46.124759 44.258130 0.286055 61.660283 60.478544 51.267817 56.476239 46.545846 38.761504 30.340520 27.262936 21.010541 31.670748 31.434001 37.148319 30.577326 39.735193 35.562054 33.853356 -9999.0 -9999.0 -9999.0 -9999.0 -9999.0
