geotop/1.0zi/1.0Montebello/Templates/Dripsey sc/maps/PSILIQL0002N0008.asc
ncols         69
nrows         152
xllcorner     146499.903857
yllcorner     75332.942244
cellsize      50.000000
NODATA_value  -9999.0
[rows 56 to 83 of 152, columns 0 to 62 of 69]
-9999.0 -9999.0 -874.063416 -874.050448 -874.039011 -874.019390 -874.010146 -874.016854 -874.010517 -874.015984 -874.019675 -874.070713 -874.070149 -874.022205 -874.071030 -874.070881 -874.065832 -874.068282 -874.063141 -874.071210 -874.070261 -874.072411 -874.067353 -873.409427 -874.029325 -874.055960 -874.064580 -874.052924 -874.060895 -874.034629 -874.069275 -874.049441 -874.061066 -874.027702 -874.022281 -874.059899 -874.020734 -874.054004 -874.042646 -874.067593 -874.028414 -874.066389 -874.063809 -873.998687 -873.684369 -874.057249 -874.071158 -874.065092 -874.071178 -874.059822 -874.067501 -874.071650 -874.069110 -874.066407 -874.074602 -874.060143 -874.063370 -874.056422 -874.070063 -874.064273 -874.060199 -9999.0 -9999.0
-9999.0 -9999.0 -9999.0 -874.056378 -874.059834 -874.055606 -874.047563 -874.047979 -874.038022 -874.039232 -874.027496 -874.001008 -874.011143 -874.060888 -874.050478 -874.055761 -874.069044 -874.068321 -874.057996 -874.053113 -874.040836 -874.044547 -874.041889 -873.586180 -874.065518 -874.072602 -874.054639 -874.059360 -874.046118 -874.064680 -874.050058 -874.050039 -874.069361 -874.028137 -874.024179 -874.069224 -874.014914 -874.050603 -874.043663 -874.070049 -874.065178 -874.040458 -874.052609 -873.722031 -874.003327 -874.028607 -874.042169 -874.040141 -874.052096 -874.061291 -874.068959 -874.071104 -874.075466 -874.066086 -874.065888 -874.060322 -874.066937 -874.058207 -874.062451 -874.064240 -9999.0 -9999.0 -9999.0
-9999.0 -9999.0 -9999.0 -874.064544 -874.046588 -874.068361 -874.065861 -874.059736 -874.047648 -874.045589 -874.044246 -874.069213 -874.069171 -874.069970 -874.060081 -874.056202 -874.008248 -874.015995 -874.008402 -874.012107 -873.998437 -874.011065 -874.015553 -873.991453 -873.626871 -874.036794 -874.054655 -874.037056 -874.062086 -874.047236 -874.070965 -874.045331 -874.068931 -874.019686 -874.014518 -874.069292 -874.008675 -874.039953 -874.039000 -874.071116 -874.065152 -874.055880 -873.969296 -873.638555 -874.033251 -874.049026 -874.059555 -874.063466 -874.074676 -874.077011 -874.073049 -874.070594 -874.074802 -874.070399 -874.070565 -874.069126 -874.069497 -874.069536 -874.068380 -9999.0 -9999.0 -9999.0 -9999.0
-9999.0 -9999.0 -9999.0 -874.065246 -874.057352 -874.041422 -874.028159 -874.028920 -873.967169 -873.971457 -873.957222 -873.966773 -873.966918 -873.995345 -873.978114 -873.932305 -873.862690 -873.895180 -873.886071 -873.909132 -873.924562 -874.068963 -874.061152 -874.050837 -873.587459 -874.029387 -874.039306 -874.058148 -874.050244 -874.065992 -874.050309 -874.061193 -874.071857 -874.029676 -874.024690 -874.067763 -874.059285 -874.013637 -874.042022 -874.072521 -874.062565 -874.055224 -873.936241 -873.759019 -873.996327 -874.018758 -874.028147 -874.048340 -874.061768 -874.064442 -874.068709 -874.072879 -874.072423 -9999.0 -9999.0 -9999.0 -9999.0 -9999.0 -9999.0 -9999.0 -9999.0 -9999.0 -9999.0
-9999.0 -9999.0 -9999.0 -874.061432 -874.036281 -874.022432 -874.006403 -874.017541 -874.059686 -874.050708 -874.022105 -874.013046 -874.001712 -873.987441 -873.991838 -874.045462 -874.071029 -874.047692 -874.040151 -874.041874 -874.039824 -873.908074 -873.917681 -873.894383 -873.540192 -873.850300 -874.041672 -874.042123 -874.062219 -874.043713 -874.071022 -874.046035 -874.070919 -874.018832 -874.015363 -874.057454 -874.056537 -874.070234 -873.990638 -874.070612 -874.048481 -874.027989 -873.707714 -874.017604 -874.044057 -874.052688 -874.054147 -874.059761 -874.065975 -874.068474 -874.074093 -874.070686 -874.067609 -9999.0 -9999.0 -9999.0 -9999.0 -9999.0 -9999.0 -9999.0 -9999.0 -9999.0 -9999.0
-9999.0 -9999.0 -9999.0 -9999.0 -9999.0 -874.066399 -874.058770 -874.068755 -874.061420 -874.058413 -874.056108 -874.047452 -874.034893 -874.064285 -874.045359 -874.061660 -874.057846 -874.068492 -874.059928 -874.039684 -874.025884 -873.983095 -873.991019 -873.950199 -873.900356 -873.570250 -874.013483 -874.050010 -874.047677 -874.066649 -874.069646 -874.041051 -874.072320 -874.023339 -874.022242 -874.054710 -874.067781 -874.055886 -874.064451 -873.980041 -874.054057 -873.743503 -874.011877 -874.047762 -874.063942 -874.053001 -874.060040 -874.063939 -874.069837 -874.072816 -874.075861 -874.071247 -874.064074 -9999.0 -9999.0 -9999.0 -9999.0 -9999.0 -9999.0 -9999.0 -9999.0 -9999.0 -9999.0
-9999.0 -9999.0 -9999.0 -9999.0 -9999.0 -9999.0 -874.065508 -874.070196 -874.064042 -874.065676 -874.059430 -874.065238 -874.070468 -874.053076 -874.071625 -874.070534 -874.060541 -874.053279 -874.054691 -874.018270 -874.003479 -873.979696 -873.999247 -874.056236 -874.038718 -873.846879 -873.590629 -873.997025 -874.061392 -874.072506 -874.065566 -874.035927 -874.071251 -874.012910 -874.012668 -874.044490 -874.057761 -874.070529 -874.046954 -873.941926 -873.795455 -874.057063 -874.070808 -874.072763 -874.074997 -874.072346 -874.074484 -874.068048 -874.072780 -874.068290 -874.075065 -874.065426 -874.063289 -9999.0 -9999.0 -9999.0 -9999.0 -9999.0 -9999.0 -9999.0 -9999.0 -9999.0 -9999.0
-9999.0 -9999.0 -9999.0 -9999.0 -9999.0 -9999.0 -9999.0 -874.067235 -874.068995 -874.064854 -874.069946 -874.053215 -874.050244 -874.067202 -874.059037 -874.058860 -874.050193 -874.011897 -874.016243 -874.063207 -874.059836 -874.068841 -874.060404 -874.043635 -873.932189 -873.885528 -873.567668 -873.915166 -874.061959 -874.058643 -874.043994 -874.066522 -874.072921 -874.023161 -874.019874 -874.041785 -874.055324 -874.072628 -874.062259 -873.766755 -873.987002 -873.987280 -874.012565 -874.007591 -874.038296 -874.038778 -874.049866 -874.048731 -874.060076 -874.067741 -874.073881 -874.044459 -874.071546 -9999.0 -9999.0 -9999.0 -9999.0 -9999.0 -9999.0 -9999.0 -9999.0 -9999.0 -9999.0
-9999.0 -9999.0 -9999.0 -9999.0 -9999.0 -9999.0 -9999.0 -9999.0 -874.068071 -874.068025 -874.063295 -874.068092 -874.057199 -874.054454 -874.044555 -874.046550 -874.049385 -874.071507 -874.070531 -874.070525 -874.060823 -874.055303 -874.048643 -873.983832 -874.070770 -874.054981 -873.961554 -873.533283 -873.914433 -873.979279 -874.059674 -874.065971 -874.072851 -874.016491 -874.011307 -874.039192 -874.047512 -874.068850 -874.036831 -873.793452 -874.042948 -874.047911 -874.060753 -874.071902 -874.046388 -874.036903 -874.046095 -874.045174 -874.055584 -874.064489 -874.071930 -874.040801 -874.063555 -9999.0 -9999.0 -9999.0 -9999.0 -9999.0 -9999.0 -9999.0 -9999.0 -9999.0 -9999.0
-9999.0 -9999.0 -9999.0 -9999.0 -9999.0 -9999.0 -9999.0 -9999.0 -9999.0 -874.070271 -874.068926 -874.067864 -874.057524 -874.055085 -874.028325 -874.029924 -874.023292 -874.025326 -874.016404 -874.024122 -874.009373 -873.958072 -873.962295 -874.068039 -874.063446 -874.032816 -873.961447 -873.840813 -873.408736 -873.525653 -874.050963 -874.062758 -874.073362 -874.022231 -874.020811 -874.043149 -874.048880 -874.061375 -873.821666 -874.039998 -874.058426 -874.061425 -874.071794 -874.066098 -874.068228 -874.063512 -874.068849 -874.070453 -874.060629 -874.064823 -874.043668 -874.060049 -874.071328 -9999.0 -9999.0 -9999.0 -9999.0 -9999.0 -9999.0 -9999.0 -9999.0 -9999.0 -9999.0
-9999.0 -9999.0 -9999.0 -9999.0 -9999.0 -9999.0 -9999.0 -9999.0 -9999.0 -9999.0 -874.061639 -874.062708 -874.064843 -874.063951 -874.069886 -874.070230 -874.063389 -874.057863 -874.043774 -874.043523 -874.002579 -874.047351 -874.035520 -874.036586 -874.039657 -874.025141 -874.069714 -874.067918 -873.980462 -873.367308 -873.817708 -873.997936 -874.067752 -874.008672 -874.006797 -874.031576 -874.027240 -873.787875 -874.018085 -874.032350 -874.057886 -874.061283 -874.070458 -874.069512 -874.059004 -874.069909 -874.064799 -874.053382 -874.060724 -874.035615 -874.056018 -874.063157 -9999.0 -9999.0 -9999.0 -9999.0 -9999.0 -9999.0 -9999.0 -9999.0 -9999.0 -9999.0 -9999.0
-9999.0 -9999.0 -9999.0 -9999.0 -9999.0 -9999.0 -9999.0 -9999.0 -9999.0 -9999.0 -9999.0 -874.058911 -874.057419 -874.070446 -874.069286 -874.069817 -874.063256 -874.058024 -874.012483 -874.024001 -874.057115 -874.054799 -874.032730 -874.025001 -874.016538 -874.037607 -874.015021 -874.006653 -873.781697 -873.587476 -873.367074 -873.796428 -874.050137 -873.972831 -873.995406 -874.011909 -873.739168 -874.011136 -874.032913 -874.069796 -874.057063 -874.053257 -874.061874 -874.052221 -874.064553 -874.058886 -874.051533 -874.049207 -874.039793 -874.053561 -874.061723 -9999.0 -9999.0 -9999.0 -9999.0 -9999.0 -9999.0 -9999.0 -9999.0 -9999.0 -9999.0 -9999.0 -9999.0
-9999.0 -9999.0 -9999.0 -9999.0 -9999.0 -9999.0 -9999.0 -9999.0 -9999.0 -9999.0 -9999.0 -874.068823 -874.048243 -874.050516 -874.059932 -874.060795 -874.053528 -874.058122 -874.063603 -874.065803 -874.065993 -874.066868 -874.071233 -874.060500 -874.050559 -874.061228 -874.060405 -874.047486 -874.047309 -873.823290 -873.441067 -873.317544 -873.887356 -873.739102 -873.915310 -873.880841 -873.664698 -874.044919 -874.073171 -874.044231 -874.032840 -874.031511 -874.041458 -874.055473 -874.052237 -874.040483 -874.069768 -874.011463 -874.048862 -874.055669 -9999.0 -9999.0 -9999.0 -9999.0 -9999.0 -9999.0 -9999.0 -9999.0 -9999.0 -9999.0 -9999.0 -9999.0 -9999.0
-9999.0 -9999.0 -9999.0 -9999.0 -9999.0 -9999.0 -9999.0 -9999.0 -9999.0 -9999.0 -9999.0 -9999.0 -874.061257 -874.047947 -874.046427 -874.059223 -874.069999 -874.071036 -874.069395 -874.069976 -874.070886 -874.069213 -874.063832 -874.054740 -874.062601 -874.065044 -874.048295 -874.066679 -874.054060 -874.055930 -873.681494 -873.349989 -873.559218 -873.742649 -873.768079 -873.595471 -873.991704 -874.056621 -874.073285 -874.071968 -874.070882 -874.069542 -874.054589 -874.048116 -874.042827 -874.062491 -874.010562 -874.037191 -874.051769 -874.071692 -9999.0 -9999.0 -9999.0 -9999.0 -9999.0 -9999.0 -9999.0 -9999.0 -9999.0 -9999.0 -9999.0 -9999.0 -9999.0
-9999.0 -9999.0 -9999.0 -9999.0 -9999.0 -9999.0 -9999.0 -9999.0 -9999.0 -9999.0 -9999.0 -9999.0 -9999.0 -874.055804 -874.040550 -874.046532 -874.053749 -874.064104 -874.065091 -874.067439 -874.064800 -874.060676 -874.058338 -874.070673 -874.069433 -874.052054 -874.071574 -874.063703 -874.072218 -874.060672 -874.065476 -874.029509 -873.292729 -873.629376 -873.468734 -873.749131 -873.943715 -874.035145 -874.055600 -874.061767 -874.064003 -874.018242 -874.033053 -874.028775 -874.055674 -873.994432 -874.029174 -874.015226 -874.050736 -874.066077 -9999.0 -9999.0 -9999.0 -9999.0 -9999.0 -9999.0 -9999.0 -9999.0 -9999.0 -9999.0 -9999.0 -9999.0 -9999.0
-9999.0 -9999.0 -9999.0 -9999.0 -9999.0 -9999.0 -9999.0 -9999.0 -9999.0 -9999.0 -9999.0 -9999.0 -9999.0 -9999.0 -874.052152 -874.044750 -874.042929 -874.047708 -874.047255 -874.070179 -874.056376 -874.067102 -874.056465 -874.051226 -872.059872 -872.116820 -872.102403 -872.129732 -872.111314 -872.126426 -874.058183 -873.973106 -873.298745 -873.372988 -873.992196 -874.060592 -874.083835 -874.092651 -874.092380 -874.092338 -874.091830 -874.089573 -873.906661 -873.895523 -873.919313 -873.948472 -873.997201 -874.051088 -874.066173 -9999.0 -9999.0 -9999.0 -9999.0 -9999.0 -9999.0 -9999.0 -9999.0 -9999.0 -9999.0 -9999.0 -9999.0 -9999.0 -9999.0
-9999.0 -9999.0 -9999.0 -9999.0 -9999.0 -9999.0 -9999.0 -9999.0 -9999.0 -9999.0 -9999.0 -9999.0 -9999.0 -9999.0 -9999.0 -874.040421 -874.000588 -873.944544 -873.955606 -874.043101 -874.047257 -874.068508 -874.067671 -872.117855 -872.078329 -872.068002 -872.040981 -872.056712 -872.031431 -872.034669 -871.993797 -874.002148 -873.544712 -873.208115 -873.528908 -873.860572 -874.045171 -874.067947 -874.074534 -874.042865 -874.071404 -874.015317 -873.885319 -873.948562 -874.010362 -874.009169 -874.018732 -874.037810 -874.066427 -9999.0 -9999.0 -9999.0 -9999.0 -9999.0 -9999.0 -9999.0 -9999.0 -9999.0 -9999.0 -9999.0 -9999.0 -9999.0 -9999.0
-9999.0 -9999.0 -9999.0 -9999.0 -9999.0 -9999.0 -9999.0 -9999.0 -9999.0 -9999.0 -9999.0 -9999.0 -9999.0 -9999.0 -9999.0 -9999.0 -9999.0 -874.069842 -874.069056 -873.982904 -874.041629 -874.047005 -872.090107 -872.110021 -872.126907 -872.129898 -872.129113 -872.138301 -872.134417 -872.129222 -872.108005 -872.056518 -873.279256 -873.957346 -874.063454 -873.961492 -874.061535 -874.062061 -874.074389 -874.064099 -874.054285 -874.058793 -874.025323 -873.893556 -874.028379 -874.054812 -874.067308 -874.046476 -874.069683 -9999.0 -9999.0 -9999.0 -9999.0 -9999.0 -9999.0 -9999.0 -9999.0 -9999.0 -9999.0 -9999.0 -9999.0 -9999.0 -9999.0
-9999.0 -9999.0 -9999.0 -9999.0 -9999.0 -9999.0 -9999.0 -9999.0 -9999.0 -9999.0 -9999.0 -9999.0 -9999.0 -9999.0 -9999.0 -9999.0 -9999.0 -874.070008 -874.062383 -874.062953 -873.968893 -872.018666 -871.997501 -872.128064 -872.085228 -872.109276 -872.111487 -872.118823 -872.113946 -872.105703 -872.084783 -871.750142 -869.446134 -873.720336 -874.044393 -874.056152 -874.068348 -874.070548 -874.066616 -874.072671 -874.054466 -874.070037 -874.021520 -873.886485 -874.040783 -874.043500 -874.062637 -874.061376 -874.071499 -9999.0 -9999.0 -9999.0 -9999.0 -9999.0 -9999.0 -9999.0 -9999.0 -9999.0 -9999.0 -9999.0 -9999.0 -9999.0 -9999.0
-9999.0 -9999.0 -9999.0 -9999.0 -9999.0 -9999.0 -9999.0 -9999.0 -9999.0 -9999.0 -9999.0 -9999.0 -9999.0 -9999.0 -9999.0 -9999.0 -9999.0 -9999.0 -874.059645 -874.059605 -874.051346 -871.781822 -871.979943 -872.008283 -872.106759 -872.088184 -872.103097 -872.106903 -872.099197 -872.101052 -872.090174 -871.474637 -869.819806 -871.498135 -874.057624 -874.063152 -874.067190 -874.068580 -874.074918 -874.064468 -874.052506 -874.070186 -874.023031 -873.862576 -874.068596 -874.046395 -874.066338 -874.071182 -874.070432 -9999.0 -9999.0 -9999.0 -9999.0 -9999.0 -9999.0 -9999.0 -9999.0 -9999.0 -9999.0 -9999.0 -9999.0 -9999.0 -9999.0
-9999.0 -9999.0 -9999.0 -9999.0 -9999.0 -9999.0 -9999.0 -9999.0 -9999.0 -9999.0 -9999.0 -9999.0 -9999.0 -9999.0 -9999.0 -9999.0 -9999.0 -9999.0 -874.055628 -874.069916 -874.033198 -871.735283 -871.981884 -872.127009 -872.003477 -872.099465 -872.067027 -872.086642 -872.077082 -872.060309 -871.171974 -869.486391 -871.871782 -872.099712 -872.119476 -872.122581 -874.067244 -874.068969 -874.073998 -874.070011 -874.062330 -874.060951 -874.047215 -873.882575 -874.057090 -874.063336 -874.069217 -874.073169 -9999.0 -9999.0 -9999.0 -9999.0 -9999.0 -9999.0 -9999.0 -9999.0 -9999.0 -9999.0 -9999.0 -9999.0 -9999.0 -9999.0 -9999.0
-9999.0 -9999.0 -9999.0 -9999.0 -9999.0 -9999.0 -9999.0 -9999.0 -9999.0 -9999.0 -9999.0 -9999.0 -9999.0 -9999.0 -9999.0 -9999.0 -9999.0 -9999.0 -9999.0 -874.054403 -874.062554 -871.720676 -872.123704 -872.022722 -872.114744 -872.022144 -872.081234 -872.063635 -872.064762 -871.982439 -869.728558 -871.590963 -872.114624 -872.110171 -872.135277 -872.114981 -874.069624 -874.067889 -874.072701 -874.071344 -874.064028 -874.064919 -873.976097 -873.951910 -874.063866 -874.066846 -874.074181 -874.072189 -9999.0 -9999.0 -9999.0 -9999.0 -9999.0 -9999.0 -9999.0 -9999.0 -9999.0 -9999.0 -9999.0 -9999.0 -9999.0 -9999.0 -9999.0
-9999.0 -9999.0 -9999.0 -9999.0 -9999.0 -9999.0 -9999.0 -9999.0 -9999.0 -9999.0 -9999.0 -9999.0 -9999.0 -9999.0 -9999.0 -9999.0 -9999.0 -9999.0 -9999.0 -9999.0 -874.047431 -871.685228 -872.095926 -872.132614 -872.009516 -872.101025 -871.996988 -872.048160 -871.929911 -871.472291 -869.953448 -872.091326 -872.144919 -872.149214 -872.123195 -872.144290 -872.131727 -872.143553 -874.072810 -874.072474 -874.070903 -874.051862 -873.992723 -873.993235 -874.061903 -874.072496 -874.073643 -9999.0 -9999.0 -9999.0 -9999.0 -9999.0 -9999.0 -9999.0 -9999.0 -9999.0 -9999.0 -9999.0 -9999.0 -9999.0 -9999.0 -9999.0 -9999.0
-9999.0 -9999.0 -9999.0 -9999.0 -9999.0 -9999.0 -9999.0 -9999.0 -9999.0 -9999.0 -9999.0 -9999.0 -9999.0 -9999.0 -9999.0 -9999.0 -9999.0 -9999.0 -9999.0 -9999.0 -9999.0 -871.728104 -872.086939 -872.128257 -872.103075 -872.017255 -872.082092 -871.992470 -872.114993 -870.033772 -871.709454 -872.072032 -872.111896 -872.115122 -872.142180 -872.123172 -872.136722 -872.136107 -874.065723 -874.061025 -874.052524 -874.062648 -873.992047 -873.990042 -874.064443 -874.063971 -874.067430 -9999.0 -9999.0 -9999.0 -9999.0 -9999.0 -9999.0 -9999.0 -9999.0 -9999.0 -9999.0 -9999.0 -9999.0 -9999.0 -9999.0 -9999.0 -9999.0
-9999.0 -9999.0 -9999.0 -9999.0 -9999.0 -9999.0 -9999.0 -9999.0 -9999.0 -9999.0 -9999.0 -9999.0 -9999.0 -9999.0 -9999.0 -9999.0 -9999.0 -9999.0 -9999.0 -9999.0 -9999.0 -871.672691 -872.052999 -872.094796 -872.065543 -872.129247 -871.965012 -872.017222 -871.062096 -869.664541 -871.955160 -872.055544 -872.090020 -872.083352 -872.108905 -872.112241 -872.135990 -872.134537 -872.120220 -874.069250 -874.069961 -874.063357 -874.013955 -874.012014 -874.059787 -874.069483 -9999.0 -9999.0 -9999.0 -9999.0 -9999.0 -9999.0 -9999.0 -9999.0 -9999.0 -9999.0 -9999.0 -9999.0 -9999.0 -9999.0 -9999.0 -9999.0 -9999.0
-9999.0 -9999.0 -9999.0 -9999.0 -9999.0 -9999.0 -9999.0 -9999.0 -9999.0 -9999.0 -9999.0 -9999.0 -9999.0 -9999.0 -9999.0 -9999.0 -9999.0 -9999.0 -9999.0 -9999.0 -9999.0 -873.924214 -872.037016 -872.072750 -872.052853 -872.131261 -872.104321 -871.820095 -870.331439 -869.854402 -871.998412 -872.068034 -872.100789 -872.098110 -872.119503 -872.129739 -872.125230 -872.118543 -872.132403 -874.067300 -874.067993 -874.038642 -874.040689 -874.014529 -874.061719 -874.059283 -9999.0 -9999.0 -9999.0 -9999.0 -9999.0 -9999.0 -9999.0 -9999.0 -9999.0 -9999.0 -9999.0 -9999.0 -9999.0 -9999.0 -9999.0 -9999.0 -9999.0
-9999.0 -9999.0 -9999.0 -9999.0 -9999.0 -9999.0 -9999.0 -9999.0 -9999.0 -9999.0 -9999.0 -9999.0 -9999.0 -9999.0 -9999.0 -9999.0 -9999.0 -9999.0 -9999.0 -9999.0 -9999.0 -873.895526 -872.013406 -872.060886 -872.003320 -872.125492 -872.098243 -871.769896 -869.430254 -871.115639 -872.045458 -872.075339 -872.107484 -872.112172 -872.139749 -872.063835 -872.091260 -872.110186 -872.092716 -874.062871 -874.066318 -874.042101 -874.050220 -874.022949 -874.067637 -874.067949 -9999.0 -9999.0 -9999.0 -9999.0 -9999.0 -9999.0 -9999.0 -9999.0 -9999.0 -9999.0 -9999.0 -9999.0 -9999.0 -9999.0 -9999.0 -9999.0 -9999.0
-9999.0 -9999.0 -9999.0 -9999.0 -9999.0 -9999.0 -9999.0 -9999.0 -9999.0 -9999.0 -9999.0 -9999.0 -9999.0 -9999.0 -9999.0 -9999.0 -9999.0 -9999.0 -9999.0 -9999.0 -9999.0 -9999.0 -871.626223 -871.998044 -871.930676 -872.114761 -871.950306 -871.608706 -869.407459 -870.654950 -871.807225 -871.836210 -871.915226 -871.880125 -871.904646 -871.914175 -871.935835 -871.925072 -871.986150 -874.032482 -874.065648 -874.045865 -874.058444 -874.044743 -874.058613 -9999.0 -9999.0 -9999.0 -9999.0 -9999.0 -9999.0 -9999.0 -9999.0 -9999.0 -9999.0 -9999.0 -9999.0 -9999.0 -9999.0 -9999.0 -9999.0 -9999.0 -9999.0
