geotop/1.0zi/1.0Montebello/Templates/Dripsey sc/maps/PSITOTL0004N0047.asc
ncols         69
nrows         152
xllcorner     146499.903857
yllcorner     75332.942244
cellsize      50.000000
NODATA_value  -9999.0
[rows 29 to 57 of 152, columns 0 to 63 of 69]
-9999.0 -9999.0 -9999.0 -9999.0 -9999.0 -9999.0 -9999.0 -9999.0 -9999.0 -9999.0 -9999.0 -9999.0 -0.049134 -0.030612 12.550816 -0.029357 47.461086 23.240534 133.361099 5.995767 39.287485 13.296390 64.173559 195.488910 231.869833 196.574909 51.971483 142.514655 -0.076351 -0.072199 49.007994 -0.063001 18.102717 105.762995 46.334832 99.676439 22.499136 -0.009356 42.002023 7.552427 71.640610 34.882792 76.386340 39.761270 65.232432 26.625863 56.580984 43.343162 125.971572 22.011139 -0.217160 -0.094903 72.008667 72.274781 19.568536 112.686835 25.780756 94.649699 -0.054011 40.558114 -0.091522 -9999.0 -9999.0 -9999.0
-9999.0 -9999.0 -9999.0 -9999.0 -9999.0 -9999.0 -9999.0 -9999.0 -9999.0 -9999.0 -9999.0 -9999.0 62.223793 39.389747 131.764590 73.622760 197.152267 153.588382 120.128508 66.835642 116.885240 137.121092 259.288570 255.700755 -0.166421 19.451026 -0.102595 -0.015204 -0.252996 -0.113629 -0.218640 -0.273224 -0.119683 -0.091547 72.828586 53.290548 3.563697 -0.074129 -0.019453 -0.048438 65.770262 28.141775 99.643176 50.926522 90.090424 50.965457 37.483972 -0.159617 204.900301 115.357664 31.008724 68.754435 130.559772 144.999590 62.659335 128.659349 54.973081 117.356688 -0.109013 8.799378 6.665143 26.231346 -9999.0 -9999.0
-9999.0 -9999.0 -9999.0 -9999.0 -9999.0 -9999.0 -9999.0 -9999.0 -9999.0 -9999.0 -9999.0 -0.105157 -0.064690 -0.064291 36.546183 6.462117 123.811461 78.995937 79.046172 26.568862 81.244962 136.823958 134.086612 9.962596 -0.136680 62.459912 -0.050571 23.519620 -0.147649 -0.038806 -0.156555 -0.159553 -0.089782 -0.053206 64.894750 49.973929 32.619610 -0.040813 33.282979 -0.022013 64.352191 -0.007505 63.460780 19.153107 35.747098 -0.014608 14.142797 -0.097632 109.806271 59.068254 42.442241 47.606233 63.036332 93.896076 11.870458 116.963622 37.161627 106.105151 -0.125949 -0.101734 -0.085714 59.987886 28.601346 -9999.0
-9999.0 -9999.0 -9999.0 -9999.0 -9999.0 -9999.0 -9999.0 -9999.0 -9999.0 -9999.0 -9999.0 120.565892 43.112647 29.087970 50.751859 -0.011168 58.223592 17.388259 81.920653 28.738090 95.991673 185.795113 98.576671 26.329767 -0.093156 51.270627 -0.064738 41.754179 -0.071466 77.291295 89.546700 56.532868 8.952505 8.710065 29.437937 17.392574 30.520336 -0.059530 28.629134 8.656734 127.338002 46.346091 101.375733 62.950831 83.737597 -0.109909 3.833600 41.179852 119.786744 104.125524 154.670891 156.961296 142.402282 172.523727 41.589265 115.295929 -0.072228 103.552795 10.966849 133.103205 3.268328 50.840662 8.247818 38.980662
-9999.0 -9999.0 -9999.0 -9999.0 -9999.0 -9999.0 -9999.0 -9999.0 -9999.0 -9999.0 -0.125007 41.132870 12.351312 -0.068230 6.785869 -0.050614 -0.097570 -0.145070 21.496443 -0.094001 76.080616 202.108865 64.025549 49.884489 -0.198396 15.929623 -0.094823 25.988023 -0.082363 50.475550 81.417666 35.667239 -0.023821 5.109590 13.025172 3.415309 27.490578 -0.067322 -0.078035 -0.085957 91.197287 26.061796 107.878561 -0.045051 86.157434 -0.089020 -0.082942 -0.115830 18.456076 17.018680 70.167430 89.130870 100.078522 161.987783 -0.046977 26.769861 -0.115479 106.369493 -0.041275 59.027110 27.784799 64.815512 8.744769 45.018421
-9999.0 -9999.0 -9999.0 -9999.0 -9999.0 -9999.0 -9999.0 -9999.0 -9999.0 26.276322 -0.082642 30.134774 -0.024187 38.025787 1.155930 28.739315 41.198025 3.654749 73.929228 -0.013540 133.188858 257.114444 138.514944 83.337629 -0.098624 95.515497 25.287184 112.025248 34.056248 77.414406 -0.114198 68.231990 52.002600 66.644684 53.885427 24.353969 27.924764 18.612348 49.792308 -0.045298 76.639201 12.100978 160.299364 99.342744 185.119250 114.608592 119.203101 56.451855 60.778197 68.560674 142.091863 93.308074 226.856585 270.012721 35.473216 152.279812 53.981555 135.116450 -0.097726 36.800685 -0.117054 55.915808 -0.073838 17.179631
-9999.0 -9999.0 -9999.0 -9999.0 -9999.0 -9999.0 -9999.0 -9999.0 0.683870 30.549957 -0.200607 -0.157208 -0.183845 -0.129823 -0.094663 -0.105561 -0.079041 -0.108866 18.304693 -0.091539 55.292368 167.667841 69.965115 36.244373 -0.120736 64.867792 30.650379 88.604231 -0.031286 44.384204 -0.100760 -0.045782 6.026817 23.593633 17.823731 -0.032932 -0.040989 -0.034754 35.200908 -0.081253 44.274853 -0.091429 -0.037598 -0.052147 133.583363 26.591549 90.935764 98.698207 -0.030208 0.646930 58.761711 78.771768 145.019336 228.433351 16.865807 104.910865 66.085379 142.577275 -0.094252 76.109878 -0.030679 57.791108 -0.050019 28.272534
-9999.0 -9999.0 -9999.0 -9999.0 -9999.0 -9999.0 -9999.0 27.623164 110.592069 202.677173 17.192361 -0.036419 64.213142 114.590083 87.540132 85.861176 97.191960 51.714983 167.658307 106.934010 -0.024542 170.131987 115.381555 122.482167 29.129484 130.192938 44.196082 140.277895 34.964944 107.311799 29.168153 59.597126 47.307657 62.087082 72.435665 53.113863 72.008761 43.337053 80.900088 29.277490 99.628519 82.950470 92.830668 -0.019723 174.311186 109.593838 181.048947 123.000597 66.675473 77.718687 113.658008 142.444710 158.039050 228.368205 -0.120150 41.266657 -0.030625 99.372299 -0.178417 -0.092055 13.915448 59.672213 17.505300 51.793103
-9999.0 -9999.0 -9999.0 -9999.0 -9999.0 -9999.0 102.233812 31.207124 192.690462 162.796970 89.817687 46.722137 -0.248970 -0.210929 -0.169908 -0.107297 8.302114 -0.102678 29.041203 32.877969 -0.091172 174.560309 -0.070725 88.716524 -0.035490 76.201034 -0.058888 122.587104 -0.033775 64.868554 -0.021924 21.065236 2.486875 11.724249 27.678033 9.613682 21.215638 -0.024783 19.544569 -0.042961 54.521832 -0.027877 65.916831 -0.081781 118.023070 82.557207 113.118143 45.688839 89.676179 131.103114 108.727297 178.056456 110.361334 239.509105 -0.095395 4.810405 -0.052671 92.145423 -0.165481 -0.102851 14.630188 48.294118 4.229769 52.617900
-9999.0 -9999.0 -9999.0 -9999.0 -9999.0 -0.047663 67.853770 -0.091622 225.443465 201.709488 596.728935 631.959084 228.691074 156.648703 -0.120978 -0.065615 135.137985 56.112940 20.151056 57.828249 157.418871 259.791006 102.424078 75.676669 89.368515 162.953429 -0.070002 58.402328 7.453296 78.736574 24.078435 52.126950 56.574593 63.867297 82.855756 69.524613 79.431730 55.219480 74.624874 16.158727 56.191873 -0.143583 26.493504 -0.027704 176.470459 79.320377 84.084584 67.253450 135.144483 169.830051 50.333741 126.793099 30.829396 77.637025 -0.077069 85.578676 -0.072746 75.575505 -0.058773 48.198461 51.164054 61.104870 28.494086 70.899433
-9999.0 -9999.0 -9999.0 -9999.0 -9999.0 -0.139526 127.925616 25.696390 115.132966 83.240277 298.125346 225.165494 352.411474 279.941800 -0.092519 -0.071243 -0.015519 -0.008276 -0.101883 -0.104029 59.663474 183.546713 51.435173 177.775076 114.332674 146.948134 -0.128746 54.935598 3.499206 47.723826 -0.050444 5.649909 18.442207 20.136256 30.729623 15.920117 25.050280 6.833855 33.021957 -0.051840 22.997396 -0.132916 29.479541 -0.054751 176.595943 50.943701 71.381926 40.044425 96.559947 158.277553 23.254994 169.785000 72.908198 98.569006 -0.119774 119.301500 -0.079928 50.573702 -0.099168 -0.028626 -0.088744 32.702551 7.317341 39.916828
-9999.0 -9999.0 -9999.0 -9999.0 32.381031 -0.138689 58.319445 -0.084409 73.076424 -0.147560 49.140537 -0.017590 193.227450 314.397571 334.788079 133.989902 202.952265 137.289588 22.939494 30.260791 115.202377 295.758319 94.390275 138.585784 48.528907 104.465872 -0.135467 38.303058 19.245021 69.375466 26.971931 44.899429 61.783438 62.272430 81.918235 69.628750 83.222760 48.606584 79.643595 36.553413 92.653677 25.183587 137.394832 49.979733 114.779497 23.542349 94.657317 55.335066 226.407008 215.491644 -0.229014 33.057891 0.679524 42.531107 -0.181585 26.584731 -0.027057 104.344641 36.317821 49.910620 -0.112629 12.597954 70.280091 63.897028
-9999.0 -9999.0 -9999.0 41.415389 57.329116 -0.120138 131.466155 44.542970 133.409169 -0.091288 87.512628 39.602837 158.410576 -0.058732 369.644560 363.437876 -0.047923 -0.104798 -0.049318 -0.090649 62.517481 305.941812 87.697535 34.570780 -0.139090 68.028804 -0.146879 5.226926 -0.030173 25.989164 -0.009795 3.997006 17.769344 14.188592 36.892169 25.788469 44.744595 9.948857 13.362408 -0.065440 36.206029 -0.057072 69.452565 4.903218 78.034584 -0.092501 62.465567 19.526155 132.496996 179.053437 -0.301362 -0.092697 -0.010104 34.122227 -0.167405 -0.091529 -0.116360 84.265565 13.771729 13.483801 -0.162771 -0.093985 -0.036282 9.451507
-9999.0 -9999.0 44.305719 -0.040177 45.003054 -0.054394 -0.070556 -0.155138 43.727687 -0.092490 -0.030851 -0.077237 41.891446 -0.103892 -0.138373 14.269005 392.787995 104.908159 -0.185520 50.562128 134.371366 460.259018 57.410952 65.421328 -0.179019 35.490859 -0.142039 19.903294 27.165609 62.272483 39.408567 48.513765 58.894303 53.765594 86.112606 73.645118 105.562703 -0.023004 46.609084 32.939310 75.416114 26.771473 115.169054 70.304535 84.871229 -0.005370 114.805416 67.423720 199.247432 269.085437 -0.122751 116.730965 -0.027138 83.555831 -0.049750 19.635923 27.793503 218.862906 72.446321 109.475153 49.910944 142.305995 49.333632 47.092278
-9999.0 -9999.0 -0.014401 17.998581 73.268483 9.628130 -0.039372 -0.107183 101.265035 31.614744 130.737820 28.665464 92.258206 -0.031196 75.700024 -0.138603 298.353251 219.906416 -0.074245 107.270591 222.998813 265.284773 34.022735 55.749397 -0.165559 30.375492 -0.134127 -0.059859 9.167338 19.558120 -0.046423 9.775888 28.722275 9.912720 60.927438 -0.061770 46.523367 -0.069609 4.223875 -0.066100 21.823560 -0.090786 37.900691 25.848738 31.509324 -0.067054 86.229090 36.882882 128.502481 236.959370 59.567457 44.432289 -0.132780 9.835023 -0.120973 8.555141 11.338988 10.921651 -0.145723 59.283991 -0.056308 62.598635 -0.036960 28.348013
-9999.0 -9999.0 -0.093229 -0.028735 68.641136 -0.040253 54.100262 -0.089377 76.076723 17.486932 125.689603 -0.092988 44.771342 -0.054163 124.830983 -0.026183 83.161901 162.065966 218.189098 215.699921 44.091473 164.657854 -0.118903 1.444574 -0.103746 95.692710 29.500202 87.029082 14.954779 2.799342 26.805595 75.594453 63.089365 32.573871 49.771417 51.635501 125.226331 64.453788 103.125899 54.882175 106.763879 28.545348 108.541265 38.273839 56.449864 14.464615 116.938937 55.641144 96.749759 151.900729 277.341250 170.258196 -0.189811 106.505066 84.801607 140.165531 90.798826 127.589517 16.336147 139.166386 149.965091 168.127280 68.694068 157.540412
-9999.0 -9999.0 -0.085720 3.625155 86.737152 6.453420 66.131879 -0.028211 115.195973 21.358489 63.966195 -0.085928 71.479584 -0.042668 135.303399 7.253126 92.025354 74.857523 179.197237 106.197575 -0.178900 8.375736 -0.155169 -0.074921 -0.138661 26.824919 -0.044725 37.175027 -0.083339 -0.036115 -0.051326 5.923131 -0.093710 -0.080255 6.965430 -0.039839 64.676113 6.913409 55.785001 6.796975 69.697807 14.939047 33.792530 -0.039081 4.699575 -0.052659 74.997062 34.324099 81.287736 109.476841 155.073730 109.415777 -0.164518 25.505953 -0.041583 33.227813 29.502551 84.642351 15.260105 93.684339 -0.056280 120.012841 26.809837 115.771188
-9999.0 -9999.0 -0.086545 -0.035572 74.815963 16.588893 107.089811 -0.056220 77.219577 -0.044845 131.731719 18.993174 84.763910 -0.043690 113.443342 23.491632 30.918740 37.018939 276.242664 262.998243 -0.074367 36.015037 6.735331 83.051652 -0.083159 80.911746 34.610788 100.329874 61.685707 119.724254 73.994484 73.263031 43.666996 44.457261 73.505234 34.568973 93.216214 53.037331 132.278325 85.458490 116.426271 67.500761 92.833521 59.221274 85.529304 15.999433 47.885201 24.116348 96.081484 77.201206 133.764303 177.268445 59.628555 185.741404 44.828278 99.054875 138.741566 154.957757 68.170401 130.261581 8.724827 192.369325 39.757244 100.283686
-9999.0 -9999.0 -0.071176 -0.038085 64.709190 10.344064 65.309871 -0.121485 68.733385 5.346901 160.109172 -0.097029 91.832988 22.885802 217.781219 15.512486 20.544060 -0.072916 208.701526 244.291540 -0.029095 21.868078 -0.128484 20.577509 -0.149477 7.635775 -0.109426 16.270559 -0.004039 51.438576 16.260330 19.206629 -0.028268 1.659661 21.127358 -0.041728 26.513773 -0.043867 42.101063 10.462292 49.103776 -0.025903 48.386525 13.222706 45.147996 -0.049694 10.332974 -0.101152 58.574614 51.018330 128.955063 148.137455 105.119371 219.302291 34.158050 113.621561 27.352879 145.514118 23.156175 91.173650 -0.062661 74.736970 -0.035023 50.147584
-9999.0 -9999.0 -0.020641 12.975998 77.389384 18.561184 49.128457 -0.107284 62.141870 -0.037970 87.791635 -0.097067 23.515397 3.247914 133.797580 41.129487 76.614339 -0.095949 186.325838 280.247726 184.537261 184.680941 -0.066247 143.694202 23.791305 105.321492 -0.091519 130.327462 60.825020 112.831827 60.704139 67.742519 42.407606 56.292457 95.942607 60.404178 63.341760 27.393213 92.540031 10.213201 93.964346 55.178329 120.997011 91.396675 151.219726 89.054602 82.863453 48.507155 17.325761 140.736682 132.058109 195.427662 62.152627 150.395138 170.920027 295.903904 -0.083398 206.948800 84.059977 143.876755 -0.047088 49.977207 14.331190 113.406682
-9999.0 -9999.0 -0.051901 1.209453 75.909079 41.984117 61.229043 -0.021822 71.057731 -0.006012 83.647351 -0.118956 43.098420 -0.074472 129.307206 44.891478 97.104291 -0.067242 173.147813 228.270425 163.589360 129.349370 -0.117363 53.612792 -0.124179 24.483896 -0.147827 12.884817 -0.092956 37.380143 -0.038203 2.154078 -0.058844 -0.036406 44.311202 21.797614 15.413438 -0.063521 66.238646 -0.043211 52.699905 6.202434 66.204130 28.174439 99.325881 48.171562 33.226057 2.247420 156.856398 188.093008 143.047644 247.551053 50.020005 72.364963 119.076195 192.193744 79.799690 235.043459 140.029502 170.770099 7.453796 37.315603 -0.021837 63.873072
-9999.0 -9999.0 -0.023341 15.865715 99.207196 56.524742 119.419519 26.384916 89.203721 21.639724 121.519899 -0.035190 36.176241 -0.086179 130.430181 40.115747 120.209561 9.443382 104.089949 84.318705 284.261622 196.102901 65.593877 175.341470 71.016339 187.297247 58.241472 133.880387 3.384549 46.702989 63.937318 59.591317 31.968207 49.284450 98.334971 89.822988 117.380110 21.031788 51.366700 24.817574 120.090194 61.078762 131.920511 71.207455 114.415971 43.260860 101.566211 178.413322 138.179498 111.385392 -0.041362 74.179314 -0.040381 55.592160 -0.109716 -0.073668 -0.117364 1.425520 88.939508 158.475164 97.020039 134.772590 102.873549 246.320624
-9999.0 -9999.0 -0.054055 1.348596 85.475573 41.145091 14.921274 -0.023746 79.610329 -0.029890 101.498764 57.394317 45.571633 -0.075596 131.077457 43.247720 131.323877 32.053484 114.417391 49.188623 75.924079 273.440759 -0.054244 93.149484 5.882867 123.652411 27.906477 60.412017 -0.105786 -0.008968 -0.007545 -0.011139 -0.006891 7.491418 43.309572 5.627796 44.834070 -0.053347 23.417141 -0.059037 80.547773 27.118432 83.904052 15.958137 63.346000 16.373576 124.671037 152.893126 80.998780 178.410101 63.163373 94.006385 71.682819 180.359196 69.251516 130.956204 19.133230 49.666064 90.774215 143.724045 140.857801 128.758099 -0.044560 -9999.0
-9999.0 -9999.0 8.129330 24.085487 81.859856 9.481412 40.897259 -0.032901 81.981924 -0.016853 94.453236 -0.132662 24.296286 -0.035302 162.996743 49.843128 109.520298 31.501855 88.509850 -0.005199 77.918609 304.750471 111.900799 131.051136 25.495811 98.787754 16.465788 136.296246 30.982623 103.226232 22.428036 33.218079 39.673819 53.929935 61.927828 31.840243 89.379116 39.157675 82.637065 29.334278 126.852892 98.414961 164.669826 80.350532 128.785194 153.996722 156.389861 131.562323 59.093466 170.978852 20.223395 97.177377 -0.045759 72.584497 -0.089814 -0.013244 -0.130234 5.638328 -0.155260 -0.106352 80.509954 84.253575 22.000113 -9999.0
-9999.0 -9999.0 -0.012718 15.933260 75.407716 11.596716 40.264057 10.769152 98.803300 6.356840 146.902798 -0.079409 67.229766 8.060731 213.035676 74.276883 116.086622 79.158200 137.421385 33.942874 151.499845 241.467990 132.475254 60.930424 -0.064564 49.945657 -0.111390 86.445775 -0.042134 46.865281 -0.055319 8.706913 -0.073771 -0.040578 13.875586 -0.031061 26.678970 4.978689 41.791707 -0.003876 90.059411 54.501435 74.484610 12.786435 77.627956 180.699665 121.100123 124.634497 68.297749 195.986347 110.993714 251.767508 77.215103 215.757300 113.554133 216.653442 54.613436 155.444849 31.372009 72.551453 141.178738 118.951694 -9999.0 -9999.0
-9999.0 -9999.0 25.905410 25.984531 74.887363 24.392885 63.108398 -0.086982 82.128816 14.863117 162.891790 67.055256 117.527136 18.270572 99.573292 -0.063851 151.955212 -0.052201 48.074682 -0.091011 89.538871 77.641197 314.736106 197.944382 108.495291 168.432937 -0.080058 88.195072 15.245871 88.838762 41.374648 70.627409 47.545200 58.384086 76.841066 54.102402 69.971101 42.548759 73.247964 35.277910 79.621739 17.160768 -0.112521 17.971735 246.129490 202.439912 -0.094602 112.164884 -0.144126 46.874976 -0.054592 84.616735 -0.221205 55.113035 -0.027537 26.216668 -0.148526 -0.152907 -0.067339 24.634278 323.142190 -0.032378 -9999.0 -9999.0
-9999.0 -9999.0 10.675675 8.490414 59.283143 28.396531 6.895325 -0.159881 57.607922 3.770552 193.335308 64.259750 103.895311 31.610688 151.718327 194.649656 67.519088 -0.171029 52.696326 -0.022747 110.476595 -0.124293 414.026754 192.125688 79.228529 78.491637 -0.238718 -0.114273 -0.063605 17.822465 -0.051076 9.714889 -0.032070 1.984594 13.924570 3.560790 19.850745 1.365146 29.291398 -0.020919 45.057577 -0.043490 30.430718 12.196939 225.543524 183.202307 -0.028286 146.933226 34.371175 220.868130 139.063767 327.715229 -0.037740 55.596095 -0.113275 24.064532 42.256792 13.538221 79.134513 22.674473 233.893955 -9999.0 -9999.0 -9999.0
-9999.0 -9999.0 66.496615 29.063248 57.868306 37.986722 63.191635 3.114145 50.812150 -0.039936 76.004669 -0.079493 40.760611 -0.064131 51.893914 -0.103034 -0.059207 -0.082142 36.964614 -0.062643 41.724152 -0.145405 -0.082648 429.628638 92.275642 139.371751 -0.107202 59.212055 -0.009368 67.129962 62.230849 94.128066 67.068634 70.598879 70.883557 71.337389 88.821034 70.950050 65.383272 31.892136 35.240081 -0.155632 63.861850 151.079900 258.730938 132.225735 -0.148795 124.597200 -0.035508 209.059302 -0.134764 -0.054231 -0.381168 -0.193263 -0.180579 -0.167571 -0.106379 -0.066465 -0.112465 -0.177266 -0.181229 -9999.0 -9999.0 -9999.0
-9999.0 -9999.0 -9999.0 4.590768 35.400511 3.348415 47.814956 -0.031703 74.352117 0.893346 99.375062 82.405959 73.935369 -0.040473 65.690514 -0.069202 39.497810 -0.105835 51.711880 5.338628 73.044532 -0.083444 -0.114149 359.950284 65.692939 -0.100737 -0.146116 3.205351 -0.186647 31.342407 21.165637 32.759644 10.060901 13.918063 12.830422 19.752675 38.529119 20.646817 3.143865 -0.022877 -0.070966 -0.186805 66.834907 204.537528 214.646477 195.811334 -0.058146 198.577844 98.664620 230.635295 -0.163579 -0.057982 -0.167583 106.194823 10.519474 15.788120 42.079030 9.233388 37.973840 18.744948 -9999.0 -9999.0 -9999.0 -9999.0
