geotop/1.0zi/1.0Montebello/Templates/Dripsey sc/maps/PSITOTL0004N0072.asc
ncols         69
nrows         152
xllcorner     146499.903857
yllcorner     75332.942244
cellsize      50.000000
NODATA_value  -9999.0
[rows 58 to 86 of 152, columns 0 to 63 of 69]
-9999.0 -9999.0 -9999.0 37.052569 43.201907 -0.093614 -0.052701 -0.022492 135.218719 26.331772 102.510064 -0.013561 32.144001 -0.224842 84.388018 27.305049 322.645248 30.710950 107.501935 31.298455 121.035113 -0.072683 -0.134607 177.948902 416.555459 252.250132 113.929404 186.058374 -0.069736 71.276785 -0.055689 93.390807 67.967741 64.773763 65.226264 51.750877 192.844571 87.890120 36.918559 -0.143828 -0.033053 -0.066160 303.107212 385.552403 135.604732 171.007474 90.196111 297.178110 -0.238170 -0.194254 -0.452478 -0.252649 -0.317376 -0.257713 -0.350101 -0.281181 -0.078007 -0.135921 52.963110 -9999.0 -9999.0 -9999.0 -9999.0 -9999.0
-9999.0 -9999.0 -9999.0 28.738858 51.399630 -0.105662 54.863036 46.155029 164.970901 68.629238 126.329770 27.849762 21.247520 -0.215599 174.712415 87.161299 337.688925 82.702401 141.700789 20.740769 104.417264 -0.130243 94.752728 183.937422 336.100791 179.146915 -0.227907 30.933232 -0.186830 -0.033389 -0.178551 -0.068311 -0.234940 -0.110548 -0.079257 -0.165429 -0.064977 -0.061121 -0.086034 -0.205639 -0.122147 -0.119481 256.426081 387.386348 92.949075 172.357449 110.563824 482.204224 -0.087739 -0.098947 -0.359307 -0.127915 -0.337458 -9999.0 -9999.0 -9999.0 -9999.0 -9999.0 -9999.0 -9999.0 -9999.0 -9999.0 -9999.0 -9999.0
-9999.0 -9999.0 -9999.0 17.191967 108.215290 100.511292 161.781321 98.736889 111.726709 10.549281 100.084517 21.025259 174.914450 76.037713 173.152479 -0.026238 86.556298 -0.051109 76.752135 -0.062514 167.113192 -0.023973 2.179479 95.330054 354.886851 312.342173 54.618317 171.972483 16.100029 133.427824 44.021283 110.311158 16.806649 94.117776 71.436223 27.848977 79.565828 79.735591 147.743893 72.009853 165.579448 221.784170 390.180831 287.419917 -0.088982 189.013516 38.021426 383.694106 -0.247309 -0.150686 -0.428843 -0.109860 -0.113812 -9999.0 -9999.0 -9999.0 -9999.0 -9999.0 -9999.0 -9999.0 -9999.0 -9999.0 -9999.0 -9999.0
-9999.0 -9999.0 -9999.0 -9999.0 -9999.0 -0.053678 105.538083 72.008448 109.664220 15.825157 147.074951 61.304130 223.577367 55.591615 152.937761 -0.052642 123.572935 -0.054090 89.140362 -0.060749 278.206352 246.235740 63.229049 32.054290 324.359970 272.295124 55.758753 46.549380 -0.213232 -0.087532 -0.149674 24.886034 -0.129980 -0.064959 -0.099269 -0.126174 -0.054215 -0.078776 58.562709 -0.069525 101.723820 295.590240 284.280947 256.432658 -0.107843 350.445520 20.265356 293.488889 -0.408256 -0.226266 -0.430958 -0.282007 -0.190057 -9999.0 -9999.0 -9999.0 -9999.0 -9999.0 -9999.0 -9999.0 -9999.0 -9999.0 -9999.0 -9999.0
-9999.0 -9999.0 -9999.0 -9999.0 -9999.0 -9999.0 -0.118180 -0.143518 -0.100129 -0.188721 28.501567 -0.075100 61.966025 -0.134580 -0.123137 -0.253091 61.639245 25.077398 19.937860 -0.157181 183.729770 166.074346 69.254619 -0.157770 176.142122 250.302026 284.844443 289.874777 2.347659 -0.095184 108.104636 278.385892 36.862457 70.144623 80.138001 59.962383 68.080697 27.926904 151.231846 229.747981 196.142520 386.108703 -0.166750 10.288038 -0.157962 80.250327 -0.257583 -0.009086 -0.233237 31.300893 -0.308266 -0.156283 16.920102 -9999.0 -9999.0 -9999.0 -9999.0 -9999.0 -9999.0 -9999.0 -9999.0 -9999.0 -9999.0 -9999.0
-9999.0 -9999.0 -9999.0 -9999.0 -9999.0 -9999.0 -9999.0 -0.074514 -0.080478 -0.151423 61.406177 9.364220 117.500377 -0.065754 14.339418 -0.193123 150.854487 259.093398 205.752913 -0.153890 115.799872 -0.074325 191.943077 -0.082354 146.673797 162.717823 302.888813 237.887585 -0.034103 -0.110323 -0.161012 -0.026196 -0.214779 -0.149159 -0.059391 2.578737 -0.067136 -0.212220 -0.122671 262.329580 270.864978 301.676919 -0.089188 80.317219 -0.030920 108.607480 -0.181558 168.187660 -0.212660 35.186923 -0.089578 72.894898 -0.197587 -9999.0 -9999.0 -9999.0 -9999.0 -9999.0 -9999.0 -9999.0 -9999.0 -9999.0 -9999.0 -9999.0
-9999.0 -9999.0 -9999.0 -9999.0 -9999.0 -9999.0 -9999.0 -9999.0 -0.127685 -0.205610 -0.003920 -0.117409 60.615348 -0.086335 105.055705 -0.070306 98.352985 -0.093331 -0.035789 -0.236800 49.920944 33.955436 229.307903 -0.101414 -0.014248 -0.097784 227.266353 284.334607 308.497822 345.802985 66.896657 86.662681 -0.171699 74.930212 145.546576 -0.128674 115.903485 -0.133964 325.056177 405.282300 55.316398 225.129508 -0.232443 28.549482 -0.101762 63.334454 -0.087488 164.134742 95.678184 246.484872 96.378133 220.876231 160.714721 -9999.0 -9999.0 -9999.0 -9999.0 -9999.0 -9999.0 -9999.0 -9999.0 -9999.0 -9999.0 -9999.0
-9999.0 -9999.0 -9999.0 -9999.0 -9999.0 -9999.0 -9999.0 -9999.0 -9999.0 -0.104921 -0.039024 -0.132216 48.493091 -0.063821 225.876562 34.363256 103.297347 -0.132445 33.332182 -0.173172 135.696087 57.276946 170.275154 -0.129306 61.579850 -0.075258 182.175535 156.734734 244.200338 334.207934 60.545827 30.388385 -0.219625 -0.087273 -0.128755 -0.237281 -0.138274 3.864197 401.597556 326.341949 -0.078099 135.796705 -0.287128 -0.055143 -0.124394 22.454115 -0.154568 69.519766 -0.052149 37.049102 -0.157823 17.470865 67.960365 -9999.0 -9999.0 -9999.0 -9999.0 -9999.0 -9999.0 -9999.0 -9999.0 -9999.0 -9999.0 -9999.0
-9999.0 -9999.0 -9999.0 -9999.0 -9999.0 -9999.0 -9999.0 -9999.0 -9999.0 -9999.0 57.834089 -0.088447 26.767713 -0.096213 2.021533 -0.307194 -0.152906 21.625382 250.188873 51.870222 193.895256 14.045243 117.049889 9.640949 93.171448 -0.072412 75.505459 -0.026271 232.410337 133.441779 237.306636 402.592395 20.459507 141.353642 96.757477 105.280406 190.709597 437.945870 230.545860 70.366217 -0.127038 36.538304 -0.218191 72.883878 1.694255 74.102263 -0.083543 123.180991 -0.037285 126.591987 9.122059 157.384346 -9999.0 -9999.0 -9999.0 -9999.0 -9999.0 -9999.0 -9999.0 -9999.0 -9999.0 -9999.0 -9999.0 -9999.0
-9999.0 -9999.0 -9999.0 -9999.0 -9999.0 -9999.0 -9999.0 -9999.0 -9999.0 -9999.0 -9999.0 -0.185608 -0.036916 -0.133129 -0.048453 -0.231332 -0.069034 112.069122 441.226347 158.992464 165.879024 22.737955 184.831505 133.629102 199.465693 65.459978 167.464819 60.467378 380.250070 172.612315 92.705884 144.577657 134.534713 138.381179 24.406419 198.450717 156.963564 371.588298 -0.078235 -0.091022 7.756419 46.325550 -0.155638 76.876579 -0.095752 33.734018 -0.129618 31.038491 -0.149333 35.752472 0.765731 -9999.0 -9999.0 -9999.0 -9999.0 -9999.0 -9999.0 -9999.0 -9999.0 -9999.0 -9999.0 -9999.0 -9999.0 -9999.0
-9999.0 -9999.0 -9999.0 -9999.0 -9999.0 -9999.0 -9999.0 -9999.0 -9999.0 -9999.0 -9999.0 122.524773 103.588173 48.514392 142.319042 -0.122077 60.838473 -0.071960 124.374448 58.446235 -0.232763 -0.243100 48.013568 -0.037704 68.923379 -0.131817 46.745951 -0.098740 154.830750 188.704645 174.901690 99.035941 142.183216 147.629858 109.142367 194.812877 234.103251 393.908959 -0.341533 -0.090002 -0.085562 78.735152 -0.029251 121.216742 86.279919 70.057044 95.212746 240.199762 58.554730 -0.062097 -9999.0 -9999.0 -9999.0 -9999.0 -9999.0 -9999.0 -9999.0 -9999.0 -9999.0 -9999.0 -9999.0 -9999.0 -9999.0 -9999.0
-9999.0 -9999.0 -9999.0 -9999.0 -9999.0 -9999.0 -9999.0 -9999.0 -9999.0 -9999.0 -9999.0 -9999.0 103.413792 -0.077730 31.666366 -0.136905 -0.037293 -0.167434 -0.033042 -0.151243 -0.045667 -0.156883 92.151956 35.536063 125.268446 -0.036901 102.597479 -0.051204 210.296372 136.777191 321.013349 183.045756 71.043409 60.049746 49.892346 88.118655 174.657672 358.841560 -0.356702 -0.120102 -0.110141 46.136171 -0.107559 36.625664 -0.156105 66.026139 60.508834 175.915803 -0.018276 -0.186783 -9999.0 -9999.0 -9999.0 -9999.0 -9999.0 -9999.0 -9999.0 -9999.0 -9999.0 -9999.0 -9999.0 -9999.0 -9999.0 -9999.0
-9999.0 -9999.0 -9999.0 -9999.0 -9999.0 -9999.0 -9999.0 -9999.0 -9999.0 -9999.0 -9999.0 -9999.0 -9999.0 72.817056 89.073652 -0.013353 65.727173 -0.080247 56.255833 6.019030 -0.054948 -0.144030 34.926996 -0.063036 85.479008 -0.080127 13.405768 -0.272307 30.730771 31.657926 20.039325 25.863653 173.537114 64.098146 93.692195 104.164184 198.633464 384.973840 -0.083687 23.425041 3.153545 158.350452 60.458340 141.464320 52.480649 140.437570 97.526646 241.585459 134.215180 78.263771 -9999.0 -9999.0 -9999.0 -9999.0 -9999.0 -9999.0 -9999.0 -9999.0 -9999.0 -9999.0 -9999.0 -9999.0 -9999.0 -9999.0
-9999.0 -9999.0 -9999.0 -9999.0 -9999.0 -9999.0 -9999.0 -9999.0 -9999.0 -9999.0 -9999.0 -9999.0 -9999.0 -9999.0 63.608113 -0.121783 65.635507 32.095470 147.112962 6.572010 -0.064146 -0.161577 29.523269 -0.151073 -0.218115 -0.290096 189.112889 -0.722388 94.401574 732.954613 330.302396 72.803433 202.323386 61.881696 83.770889 167.647459 321.251498 435.850858 241.975899 278.936342 140.891921 224.443949 95.154983 151.383213 59.092172 148.611097 65.377543 131.943378 -0.052234 -9999.0 -9999.0 -9999.0 -9999.0 -9999.0 -9999.0 -9999.0 -9999.0 -9999.0 -9999.0 -9999.0 -9999.0 -9999.0 -9999.0 -9999.0
-9999.0 -9999.0 -9999.0 -9999.0 -9999.0 -9999.0 -9999.0 -9999.0 -9999.0 -9999.0 -9999.0 -9999.0 -9999.0 -9999.0 -9999.0 -0.013593 220.795872 294.511270 159.138979 74.457018 84.757255 15.168439 -0.098630 -0.606768 -0.173966 -0.495907 32.924062 -0.559325 -0.139883 -0.393283 537.788070 200.309382 219.320024 165.884152 114.385020 308.122409 143.777635 37.562445 -0.210569 302.505131 86.344330 175.816890 108.028617 167.964872 81.670044 126.660241 58.347516 207.599716 -0.051289 -9999.0 -9999.0 -9999.0 -9999.0 -9999.0 -9999.0 -9999.0 -9999.0 -9999.0 -9999.0 -9999.0 -9999.0 -9999.0 -9999.0 -9999.0
-9999.0 -9999.0 -9999.0 -9999.0 -9999.0 -9999.0 -9999.0 -9999.0 -9999.0 -9999.0 -9999.0 -9999.0 -9999.0 -9999.0 -9999.0 -9999.0 -9999.0 -0.207906 8.110303 -0.022181 54.107715 -0.176944 -0.657823 -0.595134 -0.326935 -0.525545 -0.306823 -0.859207 -0.360648 -0.706622 131.822367 181.054834 392.350031 148.346954 195.652430 748.987339 46.188472 53.380808 -0.060388 68.018798 77.021454 158.582369 165.657710 184.414838 114.052562 137.295001 -0.033207 244.139654 19.654604 -9999.0 -9999.0 -9999.0 -9999.0 -9999.0 -9999.0 -9999.0 -9999.0 -9999.0 -9999.0 -9999.0 -9999.0 -9999.0 -9999.0 -9999.0
-9999.0 -9999.0 -9999.0 -9999.0 -9999.0 -9999.0 -9999.0 -9999.0 -9999.0 -9999.0 -9999.0 -9999.0 -9999.0 -9999.0 -9999.0 -9999.0 -9999.0 2.593540 53.510180 34.339099 103.103586 -0.459293 -0.028456 -0.191741 107.136080 -0.344720 10.910117 -0.672334 -0.089551 -0.307611 577.140728 837.588938 1408.932534 635.751037 248.039647 139.775780 -0.382045 -0.207834 -0.355810 -0.355360 -0.165904 -0.170263 70.808478 97.646985 70.197944 267.875836 -0.043965 -0.107444 -0.146919 -9999.0 -9999.0 -9999.0 -9999.0 -9999.0 -9999.0 -9999.0 -9999.0 -9999.0 -9999.0 -9999.0 -9999.0 -9999.0 -9999.0 -9999.0
-9999.0 -9999.0 -9999.0 -9999.0 -9999.0 -9999.0 -9999.0 -9999.0 -9999.0 -9999.0 -9999.0 -9999.0 -9999.0 -9999.0 -9999.0 -9999.0 -9999.0 -9999.0 -0.140875 -0.111051 2.586175 -0.575407 -0.186950 -0.491136 79.751983 -0.166131 -0.357316 -0.854059 -0.185107 -0.498528 520.022049 1571.069077 2145.976288 1811.625538 248.529733 477.750409 -0.131805 124.379617 -0.109375 23.580169 117.173286 71.437825 124.709139 216.743682 88.065140 344.650201 76.380145 78.229647 -0.197130 -9999.0 -9999.0 -9999.0 -9999.0 -9999.0 -9999.0 -9999.0 -9999.0 -9999.0 -9999.0 -9999.0 -9999.0 -9999.0 -9999.0 -9999.0
-9999.0 -9999.0 -9999.0 -9999.0 -9999.0 -9999.0 -9999.0 -9999.0 -9999.0 -9999.0 -9999.0 -9999.0 -9999.0 -9999.0 -9999.0 -9999.0 -9999.0 -9999.0 137.010554 55.480444 101.014291 49.367184 247.935666 -0.185315 83.834860 -0.174979 237.060730 26.955700 554.364463 -0.146371 1495.229868 2522.863906 1553.744170 -0.247204 -1.077376 -0.224197 -0.357240 -0.077867 -0.254450 -0.219267 -0.159857 -0.204190 180.948292 228.928422 175.327083 -0.085573 -0.315218 -0.192100 -9999.0 -9999.0 -9999.0 -9999.0 -9999.0 -9999.0 -9999.0 -9999.0 -9999.0 -9999.0 -9999.0 -9999.0 -9999.0 -9999.0 -9999.0 -9999.0
-9999.0 -9999.0 -9999.0 -9999.0 -9999.0 -9999.0 -9999.0 -9999.0 -9999.0 -9999.0 -9999.0 -9999.0 -9999.0 -9999.0 -9999.0 -9999.0 -9999.0 -9999.0 -9999.0 32.463597 34.031297 -0.171563 -0.588718 -0.535728 -0.564605 -0.709104 -0.236554 -0.061136 462.173931 256.853017 2172.770398 2724.382137 79.759118 -0.539018 -0.882210 -0.388102 -0.095094 220.732362 -0.134811 -0.166048 49.647417 47.396500 305.914354 378.482123 191.050789 103.916014 -0.346041 -0.265336 -9999.0 -9999.0 -9999.0 -9999.0 -9999.0 -9999.0 -9999.0 -9999.0 -9999.0 -9999.0 -9999.0 -9999.0 -9999.0 -9999.0 -9999.0 -9999.0
-9999.0 -9999.0 -9999.0 -9999.0 -9999.0 -9999.0 -9999.0 -9999.0 -9999.0 -9999.0 -9999.0 -9999.0 -9999.0 -9999.0 -9999.0 -9999.0 -9999.0 -9999.0 -9999.0 -9999.0 57.640076 214.568278 60.837387 -0.413773 5.331765 -0.297267 44.930938 -0.384969 594.535027 1368.669126 2286.081913 739.728161 -1.367655 -0.208774 -0.951384 -0.348117 -0.886904 -0.736716 -0.312951 -0.306456 23.145078 48.842473 153.573351 132.262668 -0.054759 3.369901 -0.347914 -9999.0 -9999.0 -9999.0 -9999.0 -9999.0 -9999.0 -9999.0 -9999.0 -9999.0 -9999.0 -9999.0 -9999.0 -9999.0 -9999.0 -9999.0 -9999.0 -9999.0
-9999.0 -9999.0 -9999.0 -9999.0 -9999.0 -9999.0 -9999.0 -9999.0 -9999.0 -9999.0 -9999.0 -9999.0 -9999.0 -9999.0 -9999.0 -9999.0 -9999.0 -9999.0 -9999.0 -9999.0 -9999.0 -0.508045 -0.382913 -0.702342 -0.411628 -0.712598 138.538952 -0.400095 366.534041 1797.525195 1706.150142 564.987564 -0.805852 400.288791 -1.119345 -0.214423 -1.038486 -0.843615 -0.268149 -0.125532 122.160163 155.106843 240.959177 205.289039 64.041452 67.779751 -0.111198 -9999.0 -9999.0 -9999.0 -9999.0 -9999.0 -9999.0 -9999.0 -9999.0 -9999.0 -9999.0 -9999.0 -9999.0 -9999.0 -9999.0 -9999.0 -9999.0 -9999.0
-9999.0 -9999.0 -9999.0 -9999.0 -9999.0 -9999.0 -9999.0 -9999.0 -9999.0 -9999.0 -9999.0 -9999.0 -9999.0 -9999.0 -9999.0 -9999.0 -9999.0 -9999.0 -9999.0 -9999.0 -9999.0 558.863787 174.592715 -0.154523 0.247352 114.911750 536.097643 342.890948 1406.563773 2106.290554 764.842944 -0.360848 -0.981569 9.080876 -0.854443 -0.315926 -1.026694 -0.774868 -0.202230 8.943984 42.007493 48.491991 85.966841 33.424271 -0.086055 3.255528 -9999.0 -9999.0 -9999.0 -9999.0 -9999.0 -9999.0 -9999.0 -9999.0 -9999.0 -9999.0 -9999.0 -9999.0 -9999.0 -9999.0 -9999.0 -9999.0 -9999.0 -9999.0
-9999.0 -9999.0 -9999.0 -9999.0 -9999.0 -9999.0 -9999.0 -9999.0 -9999.0 -9999.0 -9999.0 -9999.0 -9999.0 -9999.0 -9999.0 -9999.0 -9999.0 -9999.0 -9999.0 -9999.0 -9999.0 203.365064 124.909679 -0.244965 63.204022 -0.523436 2.641638 102.750613 1341.154259 1959.681730 792.086564 -0.212994 -1.131401 -0.162825 -0.991846 -0.379721 -0.960509 -0.713364 -0.404896 -0.076041 37.404971 75.301902 159.394107 98.062989 108.437584 99.719397 -9999.0 -9999.0 -9999.0 -9999.0 -9999.0 -9999.0 -9999.0 -9999.0 -9999.0 -9999.0 -9999.0 -9999.0 -9999.0 -9999.0 -9999.0 -9999.0 -9999.0 -9999.0
-9999.0 -9999.0 -9999.0 -9999.0 -9999.0 -9999.0 -9999.0 -9999.0 -9999.0 -9999.0 -9999.0 -9999.0 -9999.0 -9999.0 -9999.0 -9999.0 -9999.0 -9999.0 -9999.0 -9999.0 -9999.0 263.826287 466.082436 186.711816 426.414846 29.919755 254.530045 390.010594 1498.166266 1761.001433 734.872584 81.629639 -0.709316 528.687782 -1.022979 792.582497 -0.341752 188.584552 -0.357377 44.360019 9.235153 0.315820 141.370716 77.973731 -0.047620 -0.206198 -9999.0 -9999.0 -9999.0 -9999.0 -9999.0 -9999.0 -9999.0 -9999.0 -9999.0 -9999.0 -9999.0 -9999.0 -9999.0 -9999.0 -9999.0 -9999.0 -9999.0 -9999.0
-9999.0 -9999.0 -9999.0 -9999.0 -9999.0 -9999.0 -9999.0 -9999.0 -9999.0 -9999.0 -9999.0 -9999.0 -9999.0 -9999.0 -9999.0 -9999.0 -9999.0 -9999.0 -9999.0 -9999.0 -9999.0 -9999.0 403.760928 236.477910 418.074833 -0.047706 232.425845 603.942738 1329.699216 1359.760395 396.908407 363.695800 -0.491870 1007.417402 -0.040390 1080.701685 147.785417 283.284953 -0.445854 93.781687 71.148098 151.872603 171.107515 197.919613 26.807206 -9999.0 -9999.0 -9999.0 -9999.0 -9999.0 -9999.0 -9999.0 -9999.0 -9999.0 -9999.0 -9999.0 -9999.0 -9999.0 -9999.0 -9999.0 -9999.0 -9999.0 -9999.0 -9999.0
-9999.0 -9999.0 -9999.0 -9999.0 -9999.0 -9999.0 -9999.0 -9999.0 -9999.0 -9999.0 -9999.0 -9999.0 -9999.0 -9999.0 -9999.0 -9999.0 -9999.0 -9999.0 -9999.0 -9999.0 -9999.0 -9999.0 -9999.0 182.139747 613.564664 370.206377 535.015709 924.925192 943.577944 827.036240 490.638121 1461.923959 -0.476340 482.331001 -0.439673 981.579895 56.709654 4.004208 -0.941595 18.446014 -0.126153 -0.061148 -0.124670 7.716443 -0.134848 -9999.0 -9999.0 -9999.0 -9999.0 -9999.0 -9999.0 -9999.0 -9999.0 -9999.0 -9999.0 -9999.0 -9999.0 -9999.0 -9999.0 -9999.0 -9999.0 -9999.0 -9999.0 -9999.0
-9999.0 -9999.0 -9999.0 -9999.0 -9999.0 -9999.0 -9999.0 -9999.0 -9999.0 -9999.0 -9999.0 -9999.0 -9999.0 -9999.0 -9999.0 -9999.0 -9999.0 -9999.0 -9999.0 -9999.0 -9999.0 -9999.0 -9999.0 -9999.0 -9999.0 -9999.0 201.745911 650.871286 801.649905 798.175861 902.468153 1573.558275 -0.273788 297.999830 -0.560926 1111.704284 -0.358701 -0.109774 -0.782216 -0.078989 -0.106109 90.349463 4.560764 128.712624 -0.164804 -9999.0 -9999.0 -9999.0 -9999.0 -9999.0 -9999.0 -9999.0 -9999.0 -9999.0 -9999.0 -9999.0 -9999.0 -9999.0 -9999.0 -9999.0 -9999.0 -9999.0 -9999.0 -9999.0
-9999.0 -9999.0 -9999.0 -9999.0 -9999.0 -9999.0 -9999.0 -9999.0 -9999.0 -9999.0 -9999.0 -9999.0 -9999.0 -9999.0 -9999.0 -9999.0 -9999.0 -9999.0 -9999.0 -9999.0 -9999.0 -9999.0 -9999.0 -9999.0 -9999.0 -9999.0 -9999.0 468.138925 1079.679268 1232.696335 877.899285 1291.397833 -0.518077 357.929298 -0.839911 512.206093 -0.920801 -0.646883 -0.844962 -0.143093 -0.197024 -0.008746 -0.226635 -0.558239 -9999.0 -9999.0 -9999.0 -9999.0 -9999.0 -9999.0 -9999.0 -9999.0 -9999.0 -9999.0 -9999.0 -9999.0 -9999.0 -9999.0 -9999.0 -9999.0 -9999.0 -9999.0 -9999.0 -9999.0
