geotop/1.0zi/1.0Montebello/Templates/Dripsey sc/maps/PSITOTL0001N0066.asc
ncols         69
nrows         152
xllcorner     146499.903857
yllcorner     75332.942244
cellsize      50.000000
NODATA_value  -9999.0
[rows 28 to 55 of 152, columns 0 to 63 of 69]
-9999.0 -9999.0 -9999.0 -9999.0 -9999.0 -9999.0 -9999.0 -9999.0 -9999.0 -9999.0 -9999.0 -9999.0 140.487117 97.660658 125.189789 129.957193 148.783427 95.238731 208.770955 138.615819 255.547373 108.910951 129.712075 250.056390 308.902763 204.107632 130.216684 133.328653 119.775139 107.327292 95.497961 113.800663 115.999195 119.170541 136.726141 171.967282 132.294144 119.851073 106.982309 140.815104 163.495394 157.743424 117.424321 127.811899 273.489852 100.475299 113.863925 246.782497 187.369372 184.153103 111.064383 98.898306 260.186382 246.111599 133.176151 133.835218 107.793588 151.226367 127.010818 122.937870 106.257416 -9999.0 -9999.0 -9999.0
-9999.0 -9999.0 -9999.0 -9999.0 -9999.0 -9999.0 -9999.0 -9999.0 -9999.0 -9999.0 -9999.0 -9999.0 140.730714 95.856496 106.204239 126.496841 137.229007 153.625501 198.766926 96.429536 144.448242 267.572924 166.329303 360.077008 210.888416 171.205548 112.384981 105.556976 102.152277 102.757778 93.834744 110.593430 113.861960 120.603833 137.967028 182.684056 124.858372 107.686989 117.508732 103.952055 125.591221 122.415355 167.806244 125.213933 142.403480 264.092108 116.263114 117.248916 316.596805 190.360076 99.115461 100.188373 239.150348 258.396317 134.390887 120.270014 148.249452 137.869667 134.100222 134.219429 121.968213 -9999.0 -9999.0 -9999.0
-9999.0 -9999.0 -9999.0 -9999.0 -9999.0 -9999.0 -9999.0 -9999.0 -9999.0 -9999.0 -9999.0 -9999.0 163.886877 98.497825 111.960256 128.259035 182.014565 164.215565 183.735301 201.721679 111.065541 343.549337 447.559359 146.386016 118.525914 94.475870 109.498979 93.523689 91.347934 93.567071 93.574009 97.872040 100.587863 101.447705 124.661525 167.956919 108.028771 100.855518 106.009717 115.608105 137.550165 145.019880 179.030023 174.484439 149.800293 150.311115 255.341027 125.602495 320.440177 214.548035 113.833432 114.910259 261.701475 267.706413 125.632901 245.324931 212.971664 174.882199 154.127992 161.986238 161.072047 103.566284 -9999.0 -9999.0
-9999.0 -9999.0 -9999.0 -9999.0 -9999.0 -9999.0 -9999.0 -9999.0 -9999.0 -9999.0 -9999.0 100.566461 158.585560 103.304053 112.928786 128.917336 155.118591 217.703516 173.477781 173.807804 209.896381 108.054171 113.329846 100.488151 93.551664 108.376888 99.910458 107.015404 98.616717 98.033691 95.844605 96.252124 101.280727 99.522657 104.252868 135.575100 111.947275 106.080719 121.464100 126.922950 129.620585 96.794474 98.835067 171.682822 200.077629 140.168317 142.734612 221.763856 97.747010 324.828636 126.450365 124.292326 367.683220 136.394660 218.421278 136.315372 133.726130 127.675686 109.577988 101.811685 98.361583 148.202887 144.719600 -9999.0
-9999.0 -9999.0 -9999.0 -9999.0 -9999.0 -9999.0 -9999.0 -9999.0 -9999.0 -9999.0 -9999.0 120.442862 155.490195 122.483311 101.500858 135.646950 154.276011 156.316862 252.561481 164.087239 183.128882 194.994257 157.606045 160.085656 146.895067 154.820289 135.862245 131.542473 113.719781 111.058062 110.502093 110.733433 101.104540 111.280801 107.543359 108.303258 108.667896 105.092275 118.370241 123.617364 131.776779 133.926112 110.848115 108.792615 262.421032 96.693404 142.960990 148.400826 252.496464 110.397492 384.347514 158.072395 439.734307 249.406975 191.055917 193.414491 174.717276 184.020681 164.175846 175.855141 147.405797 154.526198 138.659125 117.971969
-9999.0 -9999.0 -9999.0 -9999.0 -9999.0 -9999.0 -9999.0 -9999.0 -9999.0 -9999.0 92.617280 166.599060 97.317918 127.803910 103.178825 108.221540 96.741001 95.228478 97.240622 217.654743 172.884638 78.160287 96.327179 104.397997 96.799436 95.998445 94.719781 95.937679 112.558107 117.853589 120.033272 126.374918 105.495879 122.409958 107.649935 103.140901 115.339718 109.532129 97.806518 99.388535 117.734426 147.226878 142.369819 112.434681 258.940796 98.650098 109.948101 160.361144 155.877300 241.806336 137.090941 460.364470 512.778340 213.668564 160.347935 187.085188 176.916627 185.882436 163.695413 171.045604 161.803795 139.033039 120.594639 119.456939
-9999.0 -9999.0 -9999.0 -9999.0 -9999.0 -9999.0 -9999.0 -9999.0 -9999.0 103.811386 153.294097 104.970744 95.737170 138.505897 114.265550 102.115544 117.606728 106.164594 108.834151 115.213051 263.262038 304.467796 168.787015 123.147623 109.060752 107.246039 105.779176 125.844685 122.142017 128.391706 96.434780 128.348541 130.346576 146.492446 129.070637 102.843902 113.776038 120.277439 121.672635 112.762984 130.666782 133.345405 217.136792 212.093166 255.301780 107.199271 128.740118 174.528350 98.827422 176.275961 376.217970 474.116081 645.714459 295.048134 150.195934 153.228206 138.893264 135.929692 117.765388 114.648459 101.297828 114.595652 104.208700 103.798230
-9999.0 -9999.0 -9999.0 -9999.0 -9999.0 -9999.0 -9999.0 -9999.0 125.154655 178.895411 113.671503 105.528224 95.333714 132.260259 117.353858 108.795243 97.939641 117.941477 122.721498 124.417914 97.935165 283.152225 96.574571 94.646520 109.729992 113.619676 128.593147 134.871436 129.316391 108.026252 122.394506 98.322841 135.748740 149.128538 134.222024 103.623940 117.751084 117.302490 128.578287 122.793763 96.738396 95.333966 96.065290 94.021609 220.120531 237.938785 163.868535 185.823365 101.668585 116.833468 382.170741 61.103948 246.567823 250.409251 198.063915 210.735324 203.775964 184.736041 164.991393 180.303124 128.481501 126.103994 104.715328 104.260148
-9999.0 -9999.0 -9999.0 -9999.0 -9999.0 -9999.0 -9999.0 98.432726 125.041907 195.321946 122.574966 112.858761 100.414806 131.911996 122.614911 126.546431 113.463864 96.641975 167.221284 146.853793 96.666302 55.976950 106.973033 125.362327 119.360952 254.863785 259.970230 252.463414 189.497358 183.366114 117.395744 100.941389 140.670009 170.621862 155.769886 114.073271 126.321846 99.370293 135.215515 151.330712 201.513478 207.083845 223.755874 211.439413 218.556253 237.481843 323.445459 183.707217 120.902553 139.407593 373.638124 55.797290 169.316484 141.515553 113.322289 110.261490 98.601794 114.948015 108.180144 102.247459 132.333776 146.010468 123.809842 121.525682
-9999.0 -9999.0 -9999.0 -9999.0 -9999.0 -9999.0 128.213619 175.028081 169.781601 186.396082 129.675242 133.996920 134.547948 124.287298 90.390360 126.481489 117.861746 98.411217 115.232392 182.972861 99.026442 55.197659 124.722724 127.564294 237.922868 94.779701 110.352182 118.773040 100.139700 100.314775 109.834207 145.788893 105.053846 167.763598 156.914436 103.578148 133.177716 129.129090 110.692945 153.833313 169.365977 161.439960 152.934795 97.506349 117.254778 284.190507 361.066397 308.076639 247.068078 406.434720 55.570970 313.115354 252.210325 232.042455 137.191471 139.882370 131.786390 127.873645 109.033313 102.694949 100.093864 102.586529 127.092479 133.951747
-9999.0 -9999.0 -9999.0 -9999.0 -9999.0 93.604408 134.875000 143.905209 195.936106 281.709314 607.612978 663.314659 171.585297 151.315351 90.878125 135.273008 133.403687 112.744615 129.625192 96.985605 246.516903 72.502143 136.101174 250.540072 197.574163 226.602947 183.837847 205.604290 199.209163 209.187001 170.346680 103.764158 129.432891 191.077997 180.904931 114.854242 139.404131 99.944765 146.237543 119.173331 98.493708 98.857704 112.584391 179.953397 217.105609 225.441065 210.714598 344.676336 458.849165 56.996969 220.343639 128.072277 100.369550 95.127974 140.616510 136.378217 120.318354 116.084501 99.131474 189.812463 211.943093 210.645069 160.380763 121.294860
-9999.0 -9999.0 -9999.0 -9999.0 -9999.0 118.573579 132.732853 116.798891 140.937008 137.040378 217.108152 323.039866 642.483234 207.664815 95.667162 139.782588 134.518019 109.798058 119.518162 95.379960 241.066900 55.329682 243.413651 232.287383 139.710735 131.228260 114.503432 115.874463 102.527974 101.674219 111.367696 106.790248 138.273497 186.258613 176.606467 104.119100 134.260151 139.193795 109.988310 139.626716 123.942410 103.575470 95.405316 97.854961 121.845692 133.065203 134.973402 199.827081 57.018096 129.418417 113.268301 182.907226 165.269214 135.204660 117.037864 118.859256 111.009945 103.411871 175.294974 95.533114 95.963548 101.254226 126.907095 126.923163
-9999.0 -9999.0 -9999.0 -9999.0 112.828490 114.908945 112.116539 128.337728 116.510791 112.153723 111.349598 124.627705 189.234144 591.601057 118.403694 161.310991 159.623154 132.848308 97.006916 97.327265 269.856777 253.227923 248.751752 157.122147 142.367053 139.588257 124.111693 130.809220 120.327320 133.545463 101.755964 132.160311 163.246734 178.857988 174.053291 114.676644 157.359997 100.455075 154.190621 117.837671 153.049188 144.796391 184.589468 189.869655 222.321615 210.534129 236.876057 260.285385 345.327181 116.541090 95.700801 97.125287 95.231741 106.094769 97.075393 110.293681 102.615386 236.875522 105.964996 105.877265 104.656654 129.673544 136.383469 127.378616
-9999.0 -9999.0 -9999.0 109.457537 118.234140 103.345872 130.283336 111.013622 113.786316 102.128565 104.361408 103.864724 144.429322 110.762083 60.083587 55.770785 148.903832 103.271101 94.336624 99.975933 268.278452 431.396197 144.218668 133.565272 122.419145 122.625856 108.004121 103.841468 134.623432 114.158041 100.275586 138.454628 162.851824 100.158412 201.593975 169.594639 183.826742 98.635828 108.980046 145.985182 125.904822 149.435671 97.080816 101.545937 111.543751 100.753008 109.432455 96.979901 55.971519 117.638299 94.599881 94.104552 94.321903 106.583790 97.948307 95.333006 95.480574 230.377800 111.541347 112.429583 123.199468 141.262185 120.371051 116.300426
-9999.0 -9999.0 99.119687 108.792867 98.702095 118.073905 103.669714 102.200871 95.102846 93.104786 93.891061 123.970922 95.481799 153.863723 98.637446 125.010568 55.543800 114.473546 93.903013 113.676824 310.088502 446.039599 130.011630 124.136866 112.524970 112.115643 98.222906 138.814451 123.244732 114.727811 101.898387 160.022842 183.970416 101.867940 236.544098 101.192546 275.050892 98.133527 109.630552 117.013713 161.055278 148.864227 205.671482 118.465958 124.181913 125.599664 148.180240 175.009675 89.578424 165.278225 107.708614 103.563344 109.901829 96.347405 104.620912 106.439676 96.128051 235.127656 123.372023 143.901961 95.144803 170.505869 121.773402 116.603054
-9999.0 -9999.0 100.618051 118.394168 125.548583 97.626135 96.354347 97.362303 113.616869 121.404962 127.002043 176.865849 172.539152 100.057624 108.986337 97.151934 54.997871 148.008509 99.882733 118.518013 464.844661 160.014370 121.700712 116.193930 105.835808 100.847683 133.569738 122.701046 115.500886 110.442582 104.637474 157.993059 182.355998 100.303159 200.772714 97.283799 254.575307 95.896601 106.761007 113.461601 124.756872 155.360584 97.726586 205.073047 98.354377 136.434285 142.326529 103.185001 117.693386 89.315419 124.932287 116.111857 100.981571 113.741045 110.443698 110.954106 208.850740 127.820660 136.953547 105.963252 163.189440 128.189165 117.934209 113.727644
-9999.0 -9999.0 99.433744 102.511713 124.295851 128.238896 142.087528 138.008134 156.406677 158.260991 157.524471 99.513877 114.996689 120.375863 144.989580 142.872055 164.168899 55.212703 248.093951 509.429425 147.130760 138.052619 113.709004 108.525177 97.439237 151.816587 132.154140 127.552800 115.711208 97.968193 111.033041 180.441044 180.872468 101.030299 113.178675 195.305172 244.090414 97.613248 109.493843 116.465582 129.603033 135.650332 179.927763 110.434851 218.536068 114.275846 138.859607 200.263531 203.384331 156.318165 292.275860 164.086514 124.056854 122.904255 95.296388 239.213752 139.759416 153.348884 112.631965 182.093459 141.673860 139.986477 122.812458 176.295956
-9999.0 -9999.0 104.771209 115.280097 138.317435 139.583730 154.391953 148.102537 167.979561 168.015507 188.777001 175.334934 191.486116 181.481567 213.646130 200.668240 218.338177 200.280170 623.347989 102.999712 92.313338 104.165972 96.498127 93.274334 139.962043 137.777178 128.928742 124.836092 105.424254 124.366339 96.047221 223.634943 102.240323 102.560045 118.122792 116.951301 200.557033 220.561080 108.100088 115.135819 127.292141 133.120724 144.027843 172.116386 133.212120 242.672429 271.930688 263.596558 258.608153 260.137489 304.976686 102.590754 121.857234 103.952312 216.596990 143.836216 155.488869 123.012307 174.562621 147.542994 136.749440 139.489566 169.813922 127.617058
-9999.0 -9999.0 105.115764 114.894876 136.205573 139.380387 162.022662 189.130962 207.230468 196.051104 227.446249 233.377057 247.088774 230.384429 270.889310 259.886572 260.396521 260.206381 735.457934 193.637723 117.210430 93.133550 102.086652 150.906423 135.643957 138.420809 130.324696 120.429695 97.474031 142.267753 98.055823 209.664396 112.777809 112.160769 124.976224 98.914206 136.498384 203.905089 249.285369 120.047177 132.915249 136.307865 147.546073 154.426650 244.636609 98.842242 101.317266 103.858954 117.539851 294.341986 400.062531 189.391990 125.942967 248.728398 148.509989 168.395719 255.075525 289.154808 174.642207 193.354003 154.021828 253.938821 169.711374 128.138692
-9999.0 -9999.0 106.014043 115.537440 137.301323 142.681116 145.950194 98.824841 114.691650 120.751145 133.378738 98.227814 112.137941 117.800863 150.620749 151.705200 159.600091 154.516216 190.168977 714.913983 105.283927 108.637777 143.441551 140.990260 131.454075 130.832460 115.913903 114.015065 138.082150 108.631603 198.434322 119.342114 103.414923 98.117515 130.926327 128.551179 110.296388 134.677709 209.134822 227.380752 126.448671 130.440032 141.122918 147.720258 271.362806 101.273198 117.042357 109.428295 101.877395 153.029868 508.629969 379.491132 390.369507 294.712605 190.993068 263.828439 201.393989 256.193195 215.170772 236.894168 246.881628 109.493798 99.825071 107.440947
-9999.0 -9999.0 106.675227 116.455891 138.974560 145.971207 164.005890 150.439847 168.663976 165.409025 191.403548 172.564303 180.240170 176.581365 206.352240 205.975074 218.580979 194.869758 284.015979 1005.092177 160.015648 163.729101 142.604817 144.936408 134.534899 126.441329 93.055736 164.526850 116.296732 219.280349 131.081905 100.452732 114.552208 99.878341 148.264743 100.108477 146.351535 118.679296 151.274711 201.538243 239.245228 133.990634 148.081016 156.418294 359.848853 122.670827 139.271867 99.011635 136.907937 589.437162 66.186916 54.818646 55.199140 55.009433 60.618214 615.009553 484.992481 436.975080 318.004681 184.537777 158.709391 141.814901 127.344911 97.217319
-9999.0 -9999.0 106.602638 116.108603 137.377608 146.403990 162.373201 154.478562 171.053609 167.833219 193.164072 172.723412 181.954327 173.818114 200.710098 201.675373 221.018832 197.263810 259.942690 928.906483 294.094527 175.685658 143.890948 141.719083 125.322118 102.135122 147.395292 117.272204 186.414029 134.748212 108.123602 118.865338 103.434540 98.048882 119.029381 147.638565 117.936445 143.719955 129.253149 144.411949 205.369163 226.550350 145.620157 155.009748 395.029219 121.876893 146.701444 103.730421 176.804179 711.728477 364.818980 302.568835 143.686738 125.460401 95.989029 126.189195 95.508750 450.599094 400.850757 287.716280 112.259437 102.692823 107.081147 125.168641
-9999.0 -9999.0 106.769366 116.125084 138.368389 144.953858 164.266511 156.197658 171.623905 166.875146 192.570835 178.319292 182.929857 172.892493 199.134025 198.633454 224.677413 207.239003 241.631916 423.826817 1166.421654 245.469858 156.773762 144.419723 110.730810 167.056132 124.336861 196.603323 133.584417 117.578360 130.125675 99.865958 124.348849 100.710079 143.744540 101.329288 192.081663 98.516751 155.826382 132.225921 161.212919 212.915392 262.688198 159.682871 393.180923 101.349723 215.777989 238.873893 640.218319 203.019248 150.257446 124.314494 169.456054 120.629809 110.340401 108.838818 92.528117 173.506165 133.330574 254.554127 227.460529 245.000406 207.727399 171.114521
-9999.0 -9999.0 107.325062 117.159272 142.147207 151.072357 157.371609 153.794789 171.482245 164.734567 185.164210 181.172743 183.360720 173.241427 199.584665 198.726232 227.255310 213.032409 211.845820 389.268057 419.172893 1035.180523 176.788530 120.342973 164.386770 136.595660 193.395877 144.100835 117.392453 130.287684 106.444922 97.968637 133.897687 104.577746 123.386411 141.308147 111.959120 171.766841 108.593787 151.126102 145.295109 163.953263 232.737444 247.950364 179.403727 445.499484 344.701488 667.181302 216.096298 209.821843 145.200804 124.381129 112.026613 175.652075 111.307082 105.268938 94.453664 172.920611 138.857989 120.787808 244.001478 136.501044 104.535219 -9999.0
-9999.0 -9999.0 108.875638 120.162298 148.361456 148.244677 157.473436 152.217372 170.359472 165.532342 194.798664 173.615771 181.321122 173.960955 204.334038 202.922346 233.058025 352.317410 326.821863 101.506193 137.015469 1363.809959 182.256995 181.673832 138.978304 237.638368 164.926779 179.940349 153.842505 118.830655 107.540970 98.813678 134.984809 126.127360 142.926121 100.215247 159.104835 121.844723 191.194856 128.377288 224.761893 268.972402 378.277888 374.381578 354.402324 785.291255 717.359160 250.160293 174.457112 154.214495 125.695953 120.107883 109.463284 103.099616 153.494741 102.672004 92.683470 157.654938 117.889763 98.707338 247.339396 128.845059 102.600720 -9999.0
-9999.0 -9999.0 103.693317 105.485281 132.848907 135.860332 145.892342 143.000911 160.171127 155.936873 164.397891 99.241614 112.848630 117.559039 146.388241 276.903856 268.232504 361.415082 412.158196 367.231617 437.534429 1051.270021 299.121228 161.966472 223.971554 93.117533 160.428152 133.634886 136.135229 118.408098 106.815235 151.746909 101.943511 129.630330 143.503840 103.403704 120.792942 156.544506 134.632318 211.107094 234.985201 231.643975 210.970557 99.697752 526.415609 998.346179 263.424075 197.069618 106.453873 139.414368 130.610735 119.828942 108.537522 103.281219 92.511823 161.306693 94.128886 160.256580 115.858824 97.592935 256.448585 136.742686 -9999.0 -9999.0
-9999.0 -9999.0 106.369774 124.990109 152.402545 151.803233 163.989682 148.168857 163.712282 159.199325 188.436076 233.676356 247.594174 229.065698 217.560001 95.946100 312.275033 122.269064 107.750202 111.142533 164.055448 221.036662 1363.020659 428.226434 105.337273 224.835473 174.723827 150.456065 139.132153 123.341409 98.161210 150.856540 111.649927 150.816100 164.950963 113.570658 142.019151 100.709028 180.668857 161.494636 185.030919 153.756778 96.467238 244.428800 1148.740981 152.395346 98.646331 96.199621 141.840459 93.033038 118.659035 119.392338 103.845510 99.654574 90.451815 154.475376 91.404156 132.042014 98.575855 122.653441 241.594716 104.483149 -9999.0 -9999.0
-9999.0 -9999.0 105.268096 126.799676 137.544319 102.586827 101.020755 98.757570 114.024431 119.386297 149.127352 246.951707 266.356709 250.757611 349.845506 308.129382 120.008105 94.653919 97.023178 112.737202 107.076488 110.860082 1226.834833 492.669274 273.805515 103.390548 94.771260 93.791509 120.179223 108.613341 148.062120 128.278613 101.822186 151.787835 162.794527 102.739606 166.540667 103.676529 123.656413 178.331586 102.158573 95.553167 149.639114 125.732508 1051.442604 203.440661 169.273293 158.392806 136.567449 144.699536 116.376183 114.182064 109.049751 100.300700 90.657880 124.571624 109.991520 132.885056 103.854954 92.174904 157.624789 -9999.0 -9999.0 -9999.0
