geotop/1.0zi/1.0Montebello/Templates/Dripsey sc/maps/PSITOTL0004N0045.asc
ncols         69
nrows         152
xllcorner     146499.903857
yllcorner     75332.942244
cellsize      50.000000
NODATA_value  -9999.0
[rows 56 to 83 of 152, columns 0 to 64 of 69]
-9999.0 -9999.0 65.904445 29.929220 57.615662 38.497932 62.810043 5.041426 50.467769 -0.034748 75.057173 -0.074741 41.182825 -0.059002 51.958810 -0.098306 -0.054272 -0.076918 37.702910 -0.057853 42.177027 -0.140294 -0.077848 415.337327 90.105163 136.704141 -0.102025 59.104009 0.662164 66.525455 62.193022 92.491846 66.804489 69.873080 70.129051 70.549109 87.349419 70.184253 64.875831 32.684244 35.486741 -0.149729 63.940269 146.863663 250.227323 129.588841 -0.143121 121.742523 -0.030974 203.736011 -0.127387 -0.047722 -0.370889 -0.186608 -0.175064 -0.161350 -0.101176 -0.061504 -0.107191 -0.170884 -0.174594 -9999.0 -9999.0 -9999.0 -9999.0
-9999.0 -9999.0 -9999.0 6.413539 36.056152 5.147194 47.798027 -0.026154 73.864740 2.737665 97.451489 81.124418 72.767019 -0.035373 65.266577 -0.064489 39.993271 -0.100603 52.264023 7.054562 71.900425 -0.079322 -0.108817 348.519606 65.208981 -0.095139 -0.140572 5.030511 -0.180101 31.882447 22.142916 33.412920 11.601800 15.339567 14.281147 20.928632 38.878990 21.775163 4.953115 -0.017676 -0.066192 -0.179933 66.632717 198.104910 207.766119 190.898375 -0.054023 191.959203 97.037374 226.789955 -0.156702 -0.053555 -0.162123 104.032135 12.292664 17.281733 42.356736 10.767252 38.162245 19.653992 -9999.0 -9999.0 -9999.0 -9999.0 -9999.0
-9999.0 -9999.0 -9999.0 43.210968 45.342151 -0.043198 6.943053 16.391756 106.737170 33.304557 84.102216 14.322568 35.429131 -0.153419 80.674689 32.786704 229.449313 35.873601 87.900754 37.440769 93.779441 -0.033035 -0.073634 134.168399 287.902557 187.485809 93.920150 152.412175 -0.013751 63.964886 -0.007642 75.473570 60.542581 57.613031 58.556958 47.747559 143.369220 72.181933 39.984148 -0.088034 10.734230 -0.006023 219.604358 264.282777 99.267690 126.030277 71.948510 230.014864 -0.149827 -0.122982 -0.340307 -0.180239 -0.232062 -0.178875 -0.254758 -0.197898 -0.017978 -0.076165 55.588093 -9999.0 -9999.0 -9999.0 -9999.0 -9999.0 -9999.0
-9999.0 -9999.0 -9999.0 36.502121 50.044394 -0.051455 57.203820 46.376286 124.976335 61.084130 99.877768 35.458697 26.359564 -0.146360 140.372389 71.908274 237.897479 70.064757 110.223082 30.062788 80.783689 -0.074099 88.722748 134.153448 231.154170 137.482912 -0.156439 37.301376 -0.115626 10.007903 -0.110238 -0.011836 -0.161523 -0.057549 -0.026367 -0.104578 -0.007857 0.775391 -0.034459 -0.134871 -0.066794 -0.059218 183.798333 266.472006 76.832202 127.758860 84.254834 351.375835 4.203072 -0.042397 -0.265772 -0.077127 -0.247580 -9999.0 -9999.0 -9999.0 -9999.0 -9999.0 -9999.0 -9999.0 -9999.0 -9999.0 -9999.0 -9999.0 -9999.0
-9999.0 -9999.0 -9999.0 28.416602 88.037599 85.071796 122.944362 80.534376 89.274037 22.722292 82.302087 28.978579 131.791279 65.949790 129.305219 12.518968 70.315778 5.142702 66.635241 -0.001510 131.485512 12.056790 18.661887 76.318770 244.275912 218.200197 56.398243 132.010421 28.011213 104.774810 47.297751 97.298436 29.371439 82.673950 65.822840 36.621904 72.275649 70.063800 121.865343 67.267741 132.957359 164.517954 268.127871 208.912741 -0.038372 131.716517 37.019934 292.160492 -0.160693 -0.097068 -0.320971 -0.061251 -0.063529 -9999.0 -9999.0 -9999.0 -9999.0 -9999.0 -9999.0 -9999.0 -9999.0 -9999.0 -9999.0 -9999.0 -9999.0
-9999.0 -9999.0 -9999.0 -9999.0 -9999.0 3.373216 90.689948 67.795906 94.660909 31.601026 114.768689 59.054261 164.171299 55.525444 120.929290 6.850364 100.221732 1.821608 76.815613 0.305453 205.561011 178.063660 57.212685 37.196990 226.408684 190.489066 49.177652 52.209084 -0.138943 -0.048734 -0.094446 32.704223 -0.071434 -0.009648 -0.047614 -0.070987 3.212622 -0.022711 55.654220 -0.022342 82.136154 205.689519 203.324866 193.501289 -0.060664 242.756720 31.322904 235.076052 -0.295831 -0.153541 -0.323438 -0.204356 -0.119726 -9999.0 -9999.0 -9999.0 -9999.0 -9999.0 -9999.0 -9999.0 -9999.0 -9999.0 -9999.0 -9999.0 -9999.0
-9999.0 -9999.0 -9999.0 -9999.0 -9999.0 -9999.0 -0.064080 -0.084923 -0.044689 -0.117555 37.513437 -0.020858 57.986767 -0.080955 -0.069554 -0.171793 66.667097 30.955097 22.565242 -0.097641 145.330634 127.064429 56.233262 -0.097738 136.026068 176.388230 199.318992 206.256249 28.926559 -0.044544 86.539162 201.713339 42.043401 64.701399 73.121429 63.330007 63.010880 35.940179 112.004847 171.304298 139.366199 276.861761 -0.108273 23.452962 -0.101108 72.871262 -0.177474 18.707579 -0.160155 48.738446 -0.215938 -0.090398 28.247994 -9999.0 -9999.0 -9999.0 -9999.0 -9999.0 -9999.0 -9999.0 -9999.0 -9999.0 -9999.0 -9999.0 -9999.0
-9999.0 -9999.0 -9999.0 -9999.0 -9999.0 -9999.0 -9999.0 -0.023110 -0.030819 -0.090622 65.279881 23.080280 92.725160 -0.010186 24.121580 -0.128064 124.664757 191.453311 149.563403 -0.096414 97.081923 -0.028686 145.984264 -0.032508 119.508914 123.059602 211.240583 169.696448 11.084769 -0.045163 -0.104661 11.984452 -0.148333 -0.091814 0.545711 13.625762 -0.013773 -0.149659 -0.071677 187.357597 190.889524 221.509385 -0.040092 66.557490 10.516164 98.063181 -0.120206 134.022641 -0.140110 38.472679 -0.010915 78.013052 -0.131191 -9999.0 -9999.0 -9999.0 -9999.0 -9999.0 -9999.0 -9999.0 -9999.0 -9999.0 -9999.0 -9999.0 -9999.0
-9999.0 -9999.0 -9999.0 -9999.0 -9999.0 -9999.0 -9999.0 -9999.0 -0.075601 -0.136370 18.942031 -0.061248 59.165056 -0.034779 87.694881 -0.018868 82.723722 -0.045011 9.523405 -0.162202 58.693877 36.255581 164.562148 -0.050727 14.887744 -0.045556 168.674104 198.645363 217.779329 252.665421 66.980184 82.972525 -0.110590 66.900067 115.781782 -0.081900 95.255240 -0.074152 238.615433 279.040328 48.635116 176.395528 -0.160155 37.778605 -0.047888 61.124229 -0.037361 119.567828 83.069716 180.365252 82.464959 162.598526 132.539872 -9999.0 -9999.0 -9999.0 -9999.0 -9999.0 -9999.0 -9999.0 -9999.0 -9999.0 -9999.0 -9999.0 -9999.0
-9999.0 -9999.0 -9999.0 -9999.0 -9999.0 -9999.0 -9999.0 -9999.0 -9999.0 -0.050041 10.311559 -0.075530 51.990037 -0.009002 173.241900 41.259883 82.293389 -0.078160 39.806225 -0.111135 114.771519 53.301142 124.897908 -0.077217 59.582588 -0.024325 141.883365 116.472499 170.813440 233.436494 52.268840 39.422775 -0.140849 -0.036960 -0.074718 -0.160533 -0.081580 21.567114 277.473327 235.935479 -0.027792 112.151490 -0.201995 3.904182 -0.072681 33.793577 -0.096305 61.662169 2.560059 42.309150 -0.097561 22.184811 60.853938 -9999.0 -9999.0 -9999.0 -9999.0 -9999.0 -9999.0 -9999.0 -9999.0 -9999.0 -9999.0 -9999.0 -9999.0
-9999.0 -9999.0 -9999.0 -9999.0 -9999.0 -9999.0 -9999.0 -9999.0 -9999.0 -9999.0 54.435227 -0.037404 36.123126 -0.044348 18.817505 -0.222737 -0.085445 39.556549 179.979052 48.395933 144.367803 24.088709 92.817818 20.109306 74.093631 -0.024452 69.877907 8.742754 167.282497 97.546845 169.782219 282.808501 35.251148 118.978688 89.540453 94.605740 147.888969 302.586331 165.501834 72.091499 -0.073796 43.768458 -0.148205 62.555542 17.646801 73.072663 -0.033589 98.346989 6.748954 100.614059 27.830181 120.157588 -9999.0 -9999.0 -9999.0 -9999.0 -9999.0 -9999.0 -9999.0 -9999.0 -9999.0 -9999.0 -9999.0 -9999.0 -9999.0
-9999.0 -9999.0 -9999.0 -9999.0 -9999.0 -9999.0 -9999.0 -9999.0 -9999.0 -9999.0 -9999.0 -0.119004 10.089739 -0.075085 6.270085 -0.160875 4.766591 97.150002 306.242215 117.411570 131.537582 36.276361 138.795150 105.455941 147.983409 61.349889 127.915109 57.369306 265.864224 125.544032 72.932998 107.567737 103.865774 106.375828 29.435290 146.117259 113.118372 266.248747 -0.007688 -0.046541 15.618318 55.902772 -0.094304 68.587327 -0.043640 40.737970 -0.069374 37.599755 -0.088325 30.866772 18.780763 -9999.0 -9999.0 -9999.0 -9999.0 -9999.0 -9999.0 -9999.0 -9999.0 -9999.0 -9999.0 -9999.0 -9999.0 -9999.0 -9999.0
-9999.0 -9999.0 -9999.0 -9999.0 -9999.0 -9999.0 -9999.0 -9999.0 -9999.0 -9999.0 -9999.0 101.842341 86.566206 49.875539 112.131205 -0.067768 60.569566 -0.019021 103.593723 55.508753 -0.162102 -0.162100 54.237429 7.989854 59.532079 -0.074459 47.628648 -0.043392 121.426213 137.905201 128.059218 78.052198 108.817276 112.501173 87.152557 142.081488 165.415629 287.392752 -0.244990 -0.043004 -0.042539 67.698299 11.647846 96.704837 75.586088 62.583580 84.512627 175.290677 65.680464 -0.015669 -9999.0 -9999.0 -9999.0 -9999.0 -9999.0 -9999.0 -9999.0 -9999.0 -9999.0 -9999.0 -9999.0 -9999.0 -9999.0 -9999.0 -9999.0
-9999.0 -9999.0 -9999.0 -9999.0 -9999.0 -9999.0 -9999.0 -9999.0 -9999.0 -9999.0 -9999.0 -9999.0 82.811079 -0.026433 37.477265 -0.077868 10.091136 -0.106844 12.747151 -0.091680 5.564505 -0.096113 86.216061 41.312344 99.089457 8.609766 85.506158 4.836484 160.586694 102.047119 227.408320 135.403742 60.307618 55.289059 48.339491 72.013780 126.200353 264.722841 -0.256860 -0.066321 -0.060953 48.272918 -0.052984 41.340459 -0.097081 57.440560 54.570769 130.970566 16.964138 -0.117976 -9999.0 -9999.0 -9999.0 -9999.0 -9999.0 -9999.0 -9999.0 -9999.0 -9999.0 -9999.0 -9999.0 -9999.0 -9999.0 -9999.0 -9999.0
-9999.0 -9999.0 -9999.0 -9999.0 -9999.0 -9999.0 -9999.0 -9999.0 -9999.0 -9999.0 -9999.0 -9999.0 -9999.0 68.105386 76.267494 15.861566 59.812046 -0.021844 59.309231 21.189995 0.737733 -0.084248 43.262348 0.851173 76.076489 -0.024139 23.585941 -0.189548 45.321811 26.078959 24.524426 31.262690 130.651845 57.424750 78.044790 82.450304 140.964481 276.700621 -0.034906 27.069628 20.012599 120.893354 58.336616 110.012721 54.098638 108.606697 78.481714 174.212514 104.225108 73.405340 -9999.0 -9999.0 -9999.0 -9999.0 -9999.0 -9999.0 -9999.0 -9999.0 -9999.0 -9999.0 -9999.0 -9999.0 -9999.0 -9999.0 -9999.0
-9999.0 -9999.0 -9999.0 -9999.0 -9999.0 -9999.0 -9999.0 -9999.0 -9999.0 -9999.0 -9999.0 -9999.0 -9999.0 -9999.0 55.985229 -0.066366 64.137929 38.670972 114.187906 19.368530 -0.005946 -0.097310 37.824513 -0.099837 -0.156451 -0.198694 170.010649 -0.543416 125.140359 598.010096 224.206490 59.230639 148.129765 54.625798 69.999385 121.999669 223.089199 299.350937 181.574601 197.470003 106.520806 162.467870 76.534031 114.850956 53.652428 113.750702 57.762939 103.822062 3.306171 -9999.0 -9999.0 -9999.0 -9999.0 -9999.0 -9999.0 -9999.0 -9999.0 -9999.0 -9999.0 -9999.0 -9999.0 -9999.0 -9999.0 -9999.0 -9999.0
-9999.0 -9999.0 -9999.0 -9999.0 -9999.0 -9999.0 -9999.0 -9999.0 -9999.0 -9999.0 -9999.0 -9999.0 -9999.0 -9999.0 -9999.0 18.695288 160.277259 210.481893 119.491034 65.529847 76.539334 25.010466 -0.057658 -0.461021 -0.120455 -0.361161 30.868513 -0.434819 -0.072750 -0.311095 490.298029 141.031087 154.881504 123.610053 87.118277 212.021149 107.380669 46.081402 -0.140238 212.964780 69.157302 130.032256 84.470367 125.261661 68.315429 98.737546 54.235997 155.117931 3.975606 -9999.0 -9999.0 -9999.0 -9999.0 -9999.0 -9999.0 -9999.0 -9999.0 -9999.0 -9999.0 -9999.0 -9999.0 -9999.0 -9999.0 -9999.0 -9999.0
-9999.0 -9999.0 -9999.0 -9999.0 -9999.0 -9999.0 -9999.0 -9999.0 -9999.0 -9999.0 -9999.0 -9999.0 -9999.0 -9999.0 -9999.0 -9999.0 -9999.0 -0.140181 24.852901 13.453638 51.458150 -0.123227 -0.496483 -0.451109 -0.222670 -0.395972 -0.214749 -0.660925 -0.262461 -0.523208 127.661247 75.634820 251.941349 102.830305 136.094289 511.277003 56.951276 73.336595 6.383879 73.526150 77.625522 128.749450 123.875031 136.028260 89.827909 106.443856 9.606023 184.802357 33.501422 -9999.0 -9999.0 -9999.0 -9999.0 -9999.0 -9999.0 -9999.0 -9999.0 -9999.0 -9999.0 -9999.0 -9999.0 -9999.0 -9999.0 -9999.0 -9999.0
-9999.0 -9999.0 -9999.0 -9999.0 -9999.0 -9999.0 -9999.0 -9999.0 -9999.0 -9999.0 -9999.0 -9999.0 -9999.0 -9999.0 -9999.0 -9999.0 -9999.0 22.216353 50.259915 37.160476 84.905707 -0.348377 9.160758 -0.112124 137.701908 -0.240687 13.427601 -0.520076 -0.049391 -0.204932 476.646169 525.833663 930.547604 394.025029 171.297080 115.486469 -0.268997 -0.140496 -0.259080 -0.257851 -0.104909 -0.107928 64.356684 78.225800 59.590132 194.825433 8.288561 -0.055487 -0.086105 -9999.0 -9999.0 -9999.0 -9999.0 -9999.0 -9999.0 -9999.0 -9999.0 -9999.0 -9999.0 -9999.0 -9999.0 -9999.0 -9999.0 -9999.0 -9999.0
-9999.0 -9999.0 -9999.0 -9999.0 -9999.0 -9999.0 -9999.0 -9999.0 -9999.0 -9999.0 -9999.0 -9999.0 -9999.0 -9999.0 -9999.0 -9999.0 -9999.0 -9999.0 -0.086934 -0.053299 19.475396 -0.425442 -0.122332 -0.356482 87.142472 -0.131116 -0.269830 -0.645149 -0.108989 -0.363180 279.309660 1059.859943 1593.288308 1430.351724 177.550189 356.283824 -0.081930 100.959385 -0.053286 34.265857 97.452770 65.130780 96.399775 157.599637 69.114009 252.252198 74.418664 76.202372 -0.133373 -9999.0 -9999.0 -9999.0 -9999.0 -9999.0 -9999.0 -9999.0 -9999.0 -9999.0 -9999.0 -9999.0 -9999.0 -9999.0 -9999.0 -9999.0 -9999.0
-9999.0 -9999.0 -9999.0 -9999.0 -9999.0 -9999.0 -9999.0 -9999.0 -9999.0 -9999.0 -9999.0 -9999.0 -9999.0 -9999.0 -9999.0 -9999.0 -9999.0 -9999.0 111.623884 57.900839 85.284790 57.346217 219.754614 -0.135665 49.422994 -0.130879 261.788840 35.260595 521.342715 -0.178119 1017.355191 1888.329422 1213.814316 -0.173161 -0.812508 -0.169692 -0.264830 -0.030728 -0.180279 -0.145796 -0.100753 -0.134020 138.680400 161.597954 137.238469 -0.024502 -0.223138 -0.123168 -9999.0 -9999.0 -9999.0 -9999.0 -9999.0 -9999.0 -9999.0 -9999.0 -9999.0 -9999.0 -9999.0 -9999.0 -9999.0 -9999.0 -9999.0 -9999.0 -9999.0
-9999.0 -9999.0 -9999.0 -9999.0 -9999.0 -9999.0 -9999.0 -9999.0 -9999.0 -9999.0 -9999.0 -9999.0 -9999.0 -9999.0 -9999.0 -9999.0 -9999.0 -9999.0 -9999.0 38.789079 38.055284 -0.125641 -0.445710 -0.407542 -0.422669 -0.542975 -0.150124 -0.025921 474.080742 -0.128361 1534.376790 2170.595274 61.386527 -0.394750 -0.697878 -0.290936 -0.054927 166.407871 -0.079850 -0.103758 52.235437 42.812695 214.855077 262.170542 144.148079 92.707350 -0.249663 -0.190829 -9999.0 -9999.0 -9999.0 -9999.0 -9999.0 -9999.0 -9999.0 -9999.0 -9999.0 -9999.0 -9999.0 -9999.0 -9999.0 -9999.0 -9999.0 -9999.0 -9999.0
-9999.0 -9999.0 -9999.0 -9999.0 -9999.0 -9999.0 -9999.0 -9999.0 -9999.0 -9999.0 -9999.0 -9999.0 -9999.0 -9999.0 -9999.0 -9999.0 -9999.0 -9999.0 -9999.0 -9999.0 52.671053 183.911225 47.922167 -0.302054 19.180018 -0.201970 99.539713 -0.300782 431.897119 896.567393 1715.441255 487.562303 -1.067938 -0.227080 -0.701736 -0.248622 -0.672230 -0.548742 -0.229033 -0.218537 39.584267 47.389109 113.559676 102.798338 1.152514 24.486520 -0.251394 -9999.0 -9999.0 -9999.0 -9999.0 -9999.0 -9999.0 -9999.0 -9999.0 -9999.0 -9999.0 -9999.0 -9999.0 -9999.0 -9999.0 -9999.0 -9999.0 -9999.0 -9999.0
-9999.0 -9999.0 -9999.0 -9999.0 -9999.0 -9999.0 -9999.0 -9999.0 -9999.0 -9999.0 -9999.0 -9999.0 -9999.0 -9999.0 -9999.0 -9999.0 -9999.0 -9999.0 -9999.0 -9999.0 -9999.0 -0.397551 -0.280534 -0.535420 -0.291176 -0.523088 130.239322 -0.310283 116.632223 1280.114624 1257.461380 512.537070 -0.624837 407.573751 -0.858031 -0.156041 -0.798658 -0.654919 -0.192965 -0.067183 103.993710 117.422745 173.171036 150.747156 59.861457 68.297289 -0.054136 -9999.0 -9999.0 -9999.0 -9999.0 -9999.0 -9999.0 -9999.0 -9999.0 -9999.0 -9999.0 -9999.0 -9999.0 -9999.0 -9999.0 -9999.0 -9999.0 -9999.0 -9999.0
-9999.0 -9999.0 -9999.0 -9999.0 -9999.0 -9999.0 -9999.0 -9999.0 -9999.0 -9999.0 -9999.0 -9999.0 -9999.0 -9999.0 -9999.0 -9999.0 -9999.0 -9999.0 -9999.0 -9999.0 -9999.0 507.224313 172.685041 -0.081863 77.134166 125.881466 470.411091 251.257558 1003.270005 1561.896116 503.471307 -0.243899 -0.783711 62.663411 -0.632138 -0.230501 -0.791510 -0.598895 -0.137504 24.070670 44.558262 47.333455 71.048852 39.527394 -0.034369 17.516868 -9999.0 -9999.0 -9999.0 -9999.0 -9999.0 -9999.0 -9999.0 -9999.0 -9999.0 -9999.0 -9999.0 -9999.0 -9999.0 -9999.0 -9999.0 -9999.0 -9999.0 -9999.0 -9999.0
-9999.0 -9999.0 -9999.0 -9999.0 -9999.0 -9999.0 -9999.0 -9999.0 -9999.0 -9999.0 -9999.0 -9999.0 -9999.0 -9999.0 -9999.0 -9999.0 -9999.0 -9999.0 -9999.0 -9999.0 -9999.0 142.027477 73.376091 -0.158430 57.257181 -0.388359 28.679415 -0.130004 880.157992 1434.216386 631.864973 -0.092311 -0.889751 -0.104044 -0.766221 -0.292471 -0.734185 -0.535767 -0.304440 -0.023214 43.151244 66.383694 120.854804 80.170034 88.946617 88.183831 -9999.0 -9999.0 -9999.0 -9999.0 -9999.0 -9999.0 -9999.0 -9999.0 -9999.0 -9999.0 -9999.0 -9999.0 -9999.0 -9999.0 -9999.0 -9999.0 -9999.0 -9999.0 -9999.0
-9999.0 -9999.0 -9999.0 -9999.0 -9999.0 -9999.0 -9999.0 -9999.0 -9999.0 -9999.0 -9999.0 -9999.0 -9999.0 -9999.0 -9999.0 -9999.0 -9999.0 -9999.0 -9999.0 -9999.0 -9999.0 181.395270 369.148814 152.465733 362.556145 31.085243 189.368698 169.369515 1057.873692 1268.388539 505.537921 166.167417 -0.531278 448.911172 -0.795080 642.036762 -0.257469 215.742527 -0.255293 46.211187 23.313051 15.023022 108.798007 67.506900 6.141922 -0.137530 -9999.0 -9999.0 -9999.0 -9999.0 -9999.0 -9999.0 -9999.0 -9999.0 -9999.0 -9999.0 -9999.0 -9999.0 -9999.0 -9999.0 -9999.0 -9999.0 -9999.0 -9999.0 -9999.0
-9999.0 -9999.0 -9999.0 -9999.0 -9999.0 -9999.0 -9999.0 -9999.0 -9999.0 -9999.0 -9999.0 -9999.0 -9999.0 -9999.0 -9999.0 -9999.0 -9999.0 -9999.0 -9999.0 -9999.0 -9999.0 -9999.0 284.978129 149.880512 315.544068 -0.115279 125.334607 368.109870 933.637352 958.096885 176.741550 337.983099 -0.397831 750.628503 -0.140261 886.823251 85.371656 310.829696 -0.322799 76.912618 68.961564 123.012397 135.941392 147.873453 39.485831 -9999.0 -9999.0 -9999.0 -9999.0 -9999.0 -9999.0 -9999.0 -9999.0 -9999.0 -9999.0 -9999.0 -9999.0 -9999.0 -9999.0 -9999.0 -9999.0 -9999.0 -9999.0 -9999.0 -9999.0
