geotop/1.0zi/1.0Montebello/Templates/Dripsey sc/maps/PSITOTL0002N0050.asc
ncols         69
nrows         152
xllcorner     146499.903857
yllcorner     75332.942244
cellsize      50.000000
NODATA_value  -9999.0
[rows 56 to 83 of 152, columns 0 to 62 of 69]
-9999.0 -9999.0 -868.968697 -868.908345 -868.854436 -868.760628 -868.710080 -868.741470 -868.702353 -868.724534 -868.740249 -869.011296 -869.007092 -868.761997 -869.012009 -869.012331 -868.983361 -868.997389 -868.969962 -869.013764 -869.007658 -869.022792 -868.996280 -865.737031 -868.837930 -868.937559 -868.980436 -868.920074 -868.958395 -868.828276 -869.001680 -868.903350 -868.958736 -868.795576 -868.762073 -868.953056 -868.768931 -868.924664 -868.872326 -868.992457 -868.787871 -868.986951 -868.977626 -868.700037 -867.907378 -868.950137 -869.014684 -868.980768 -869.013911 -868.958531 -868.998296 -869.019598 -869.004890 -868.989479 -869.034437 -868.955959 -868.971005 -868.937000 -869.007906 -868.976169 -868.956468 -9999.0 -9999.0
-9999.0 -9999.0 -9999.0 -868.934897 -868.949750 -868.930065 -868.892673 -868.893361 -868.847159 -868.850497 -868.792549 -868.660726 -868.709131 -868.959072 -868.909895 -868.932100 -869.000976 -868.997890 -868.944814 -868.921445 -868.865301 -868.879297 -868.872988 -866.911211 -868.986809 -869.023368 -868.927634 -868.950969 -868.879728 -868.977674 -868.904852 -868.907486 -869.002933 -868.792890 -868.766396 -869.002183 -868.739905 -868.907963 -868.874144 -869.006950 -868.980318 -868.850516 -868.922224 -868.304817 -868.739929 -868.813793 -868.875604 -868.869642 -868.924452 -868.967313 -869.006416 -869.016727 -869.038964 -868.986148 -868.986527 -868.957273 -868.988776 -868.946201 -868.966960 -868.975267 -9999.0 -9999.0 -9999.0
-9999.0 -9999.0 -9999.0 -868.975243 -868.889615 -868.997697 -868.983074 -868.952060 -868.895743 -868.884520 -868.877376 -869.002150 -869.001475 -869.007885 -868.955535 -868.936540 -868.718454 -868.750303 -868.705190 -868.716542 -868.636235 -868.695407 -868.715581 -868.630253 -867.490633 -868.859418 -868.929227 -868.838363 -868.964677 -868.891735 -869.012160 -868.887034 -868.999822 -868.737501 -868.708353 -868.995452 -868.699564 -868.859466 -868.851023 -869.013580 -868.981134 -868.936582 -868.512335 -867.821546 -868.850423 -868.903679 -868.947244 -868.973198 -869.035298 -869.047595 -869.028903 -869.013795 -869.036457 -869.010913 -869.013487 -869.003882 -869.003726 -869.004469 -868.996691 -9999.0 -9999.0 -9999.0 -9999.0
-9999.0 -9999.0 -9999.0 -868.979619 -868.940106 -868.864919 -868.804835 -868.804621 -868.484833 -868.501428 -868.406599 -868.442612 -868.425724 -868.580773 -868.475404 -868.263677 -867.866264 -868.035435 -867.956687 -868.070756 -868.147639 -869.001014 -868.959755 -868.922129 -867.192221 -868.823897 -868.849756 -868.945672 -868.904583 -868.985912 -868.907417 -868.960328 -869.018599 -868.791117 -868.758328 -868.994728 -868.950447 -868.728504 -868.863628 -869.021955 -868.969272 -868.934117 -868.418176 -868.293712 -868.679328 -868.771814 -868.817992 -868.904503 -868.967932 -868.981665 -869.003561 -869.023464 -869.023592 -9999.0 -9999.0 -9999.0 -9999.0 -9999.0 -9999.0 -9999.0 -9999.0 -9999.0 -9999.0
-9999.0 -9999.0 -9999.0 -868.958970 -868.845263 -868.779283 -868.693852 -868.749845 -868.952625 -868.911910 -868.786533 -868.742644 -868.679940 -868.610389 -868.629967 -868.885300 -869.005583 -868.898195 -868.863028 -868.868266 -868.857774 -868.029222 -868.074211 -867.984214 -866.618857 -868.129338 -868.876129 -868.868897 -868.966433 -868.877809 -869.011837 -868.893749 -869.011418 -868.730287 -868.702803 -868.942197 -868.936403 -869.007068 -868.610067 -869.009183 -868.913290 -868.839783 -867.993349 -868.788502 -868.885847 -868.921551 -868.930169 -868.957121 -868.990896 -869.004007 -869.035502 -869.011111 -868.993353 -9999.0 -9999.0 -9999.0 -9999.0 -9999.0 -9999.0 -9999.0 -9999.0 -9999.0 -9999.0
-9999.0 -9999.0 -9999.0 -9999.0 -9999.0 -868.986761 -868.947244 -868.998670 -868.961746 -868.946916 -868.937289 -868.897771 -868.844452 -868.976268 -868.884979 -868.964325 -868.944309 -868.998161 -868.953744 -868.864362 -868.800468 -868.585105 -868.614879 -868.390703 -868.129183 -866.774850 -868.755946 -868.910674 -868.894457 -868.989219 -869.005435 -868.871520 -869.020160 -868.750416 -868.736873 -868.928724 -868.994045 -868.932926 -868.977148 -868.548533 -868.936015 -868.155534 -868.776472 -868.902800 -868.975723 -868.920970 -868.957826 -868.977433 -869.011256 -869.024493 -869.045101 -869.016304 -868.975419 -9999.0 -9999.0 -9999.0 -9999.0 -9999.0 -9999.0 -9999.0 -9999.0 -9999.0 -9999.0
-9999.0 -9999.0 -9999.0 -9999.0 -9999.0 -9999.0 -868.981595 -869.008250 -868.974442 -868.984080 -868.952201 -868.981207 -869.008624 -868.919394 -869.016301 -869.011397 -868.958349 -868.923329 -868.928043 -868.754587 -868.675765 -868.553192 -868.646529 -868.936043 -868.863165 -867.980388 -867.057421 -868.670401 -868.963315 -869.021068 -868.982809 -868.848195 -869.013251 -868.688100 -868.678447 -868.882093 -868.942975 -869.009284 -868.900142 -868.397397 -868.424614 -868.940707 -869.012401 -869.022228 -869.029057 -869.019037 -869.033737 -868.998173 -869.024266 -869.001906 -869.037238 -868.985145 -868.970877 -9999.0 -9999.0 -9999.0 -9999.0 -9999.0 -9999.0 -9999.0 -9999.0 -9999.0 -9999.0
-9999.0 -9999.0 -9999.0 -9999.0 -9999.0 -9999.0 -9999.0 -868.990982 -869.000990 -868.979424 -869.005424 -868.923405 -868.907921 -868.990833 -868.949260 -868.948256 -868.908708 -868.731645 -868.749103 -868.971875 -868.954206 -869.000345 -868.955405 -868.878830 -868.289151 -868.111278 -866.803199 -868.401161 -868.967392 -868.949731 -868.881371 -868.988445 -869.024399 -868.741070 -868.715514 -868.867918 -868.930971 -869.022864 -868.967067 -868.489300 -868.617457 -868.599680 -868.732307 -868.710650 -868.855083 -868.859850 -868.909593 -868.906911 -868.960684 -868.997449 -869.028423 -868.889235 -869.016893 -9999.0 -9999.0 -9999.0 -9999.0 -9999.0 -9999.0 -9999.0 -9999.0 -9999.0 -9999.0
-9999.0 -9999.0 -9999.0 -9999.0 -9999.0 -9999.0 -9999.0 -9999.0 -868.996136 -868.996593 -868.971123 -868.996214 -868.940721 -868.927172 -868.881820 -868.888673 -868.900136 -869.015513 -869.009652 -869.011264 -868.959772 -868.932677 -868.900791 -868.558827 -869.011313 -868.932685 -868.703959 -866.609273 -868.499505 -868.633067 -868.957507 -868.986686 -869.023522 -868.700369 -868.661697 -868.854438 -868.894974 -869.000597 -868.868363 -868.487005 -868.883010 -868.900209 -868.959722 -869.017192 -868.887326 -868.847794 -868.890101 -868.888483 -868.937194 -868.977618 -869.016799 -868.869807 -868.972839 -9999.0 -9999.0 -9999.0 -9999.0 -9999.0 -9999.0 -9999.0 -9999.0 -9999.0 -9999.0
-9999.0 -9999.0 -9999.0 -9999.0 -9999.0 -9999.0 -9999.0 -9999.0 -9999.0 -869.008330 -869.000422 -868.995038 -868.942245 -868.930253 -868.813015 -868.818091 -868.782983 -868.788321 -868.733971 -868.773761 -868.695493 -868.444349 -868.452502 -868.995947 -868.971218 -868.822435 -868.491441 -868.133000 -865.798443 -866.675409 -868.915477 -868.970472 -869.026688 -868.729931 -868.713841 -868.870924 -868.900124 -868.965378 -868.583908 -868.875988 -868.947795 -868.963215 -869.019238 -868.979695 -868.997045 -868.972236 -869.000848 -869.008563 -868.957934 -868.979348 -868.880156 -868.954808 -869.013424 -9999.0 -9999.0 -9999.0 -9999.0 -9999.0 -9999.0 -9999.0 -9999.0 -9999.0 -9999.0
-9999.0 -9999.0 -9999.0 -9999.0 -9999.0 -9999.0 -9999.0 -9999.0 -9999.0 -9999.0 -868.962922 -868.968160 -868.976922 -868.972867 -869.005941 -869.010711 -868.973944 -868.946065 -868.881352 -868.877778 -868.689411 -868.895952 -868.841522 -868.842742 -868.854360 -868.795338 -869.005468 -868.995303 -868.643253 -865.361240 -867.254348 -868.582134 -868.993453 -868.649979 -868.627701 -868.816566 -868.822792 -868.477057 -868.779518 -868.833913 -868.945313 -868.962130 -869.010666 -869.003202 -868.949687 -869.005203 -868.979217 -868.923681 -868.958580 -868.843406 -868.935567 -868.970083 -9999.0 -9999.0 -9999.0 -9999.0 -9999.0 -9999.0 -9999.0 -9999.0 -9999.0 -9999.0 -9999.0
-9999.0 -9999.0 -9999.0 -9999.0 -9999.0 -9999.0 -9999.0 -9999.0 -9999.0 -9999.0 -9999.0 -868.949522 -868.942232 -869.009573 -869.002544 -869.007123 -868.972114 -868.945900 -868.741016 -868.791996 -868.940259 -868.932389 -868.837448 -868.800009 -868.759462 -868.851565 -868.750456 -868.717697 -867.928971 -866.885920 -865.221165 -866.909480 -868.896901 -868.480538 -868.558010 -868.723032 -868.345264 -868.749556 -868.826154 -869.005921 -868.938540 -868.923027 -868.964331 -868.918163 -868.977637 -868.949572 -868.914582 -868.906198 -868.860203 -868.923758 -868.962312 -9999.0 -9999.0 -9999.0 -9999.0 -9999.0 -9999.0 -9999.0 -9999.0 -9999.0 -9999.0 -9999.0 -9999.0
-9999.0 -9999.0 -9999.0 -9999.0 -9999.0 -9999.0 -9999.0 -9999.0 -9999.0 -9999.0 -9999.0 -868.998631 -868.900511 -868.910136 -868.954180 -868.959047 -868.924032 -868.943447 -868.973368 -868.977764 -868.986312 -868.990893 -869.012939 -868.956925 -868.908791 -868.960496 -868.956714 -868.894591 -868.905919 -868.257280 -865.676064 -864.621210 -867.184137 -867.213937 -868.199627 -868.226578 -867.992131 -868.917924 -869.027953 -868.874122 -868.824540 -868.822609 -868.870120 -868.933228 -868.918307 -868.865411 -869.004244 -868.732713 -868.902324 -868.934274 -9999.0 -9999.0 -9999.0 -9999.0 -9999.0 -9999.0 -9999.0 -9999.0 -9999.0 -9999.0 -9999.0 -9999.0 -9999.0
-9999.0 -9999.0 -9999.0 -9999.0 -9999.0 -9999.0 -9999.0 -9999.0 -9999.0 -9999.0 -9999.0 -9999.0 -868.959330 -868.897516 -868.890704 -868.950016 -869.006514 -869.013242 -869.002975 -869.000530 -869.004983 -869.002935 -868.973583 -868.928040 -868.967442 -868.979859 -868.896083 -868.989845 -868.930071 -868.940463 -866.959515 -864.784353 -865.583599 -867.127813 -867.683223 -867.630720 -868.685340 -868.940653 -869.028814 -869.018353 -869.011959 -869.003415 -868.928423 -868.898912 -868.873821 -868.966243 -868.717456 -868.850368 -868.916134 -869.017177 -9999.0 -9999.0 -9999.0 -9999.0 -9999.0 -9999.0 -9999.0 -9999.0 -9999.0 -9999.0 -9999.0 -9999.0 -9999.0
-9999.0 -9999.0 -9999.0 -9999.0 -9999.0 -9999.0 -9999.0 -9999.0 -9999.0 -9999.0 -9999.0 -9999.0 -9999.0 -868.933040 -868.863733 -868.889755 -868.924481 -868.975716 -868.978248 -868.991829 -868.977229 -868.956697 -868.944823 -869.010417 -869.002551 -868.913027 -869.015600 -868.972460 -869.018839 -868.960479 -868.983793 -868.806870 -864.162956 -866.156799 -866.388289 -867.439221 -868.466133 -868.847578 -868.937471 -868.964438 -868.974360 -868.762608 -868.831613 -868.811760 -868.934720 -868.639704 -868.813137 -868.755782 -868.913637 -868.983575 -9999.0 -9999.0 -9999.0 -9999.0 -9999.0 -9999.0 -9999.0 -9999.0 -9999.0 -9999.0 -9999.0 -9999.0 -9999.0
-9999.0 -9999.0 -9999.0 -9999.0 -9999.0 -9999.0 -9999.0 -9999.0 -9999.0 -9999.0 -9999.0 -9999.0 -9999.0 -9999.0 -868.915763 -868.880760 -868.873891 -868.897844 -868.897248 -869.000908 -868.936914 -868.990918 -868.937297 -868.912343 -856.068233 -856.349601 -856.273737 -856.430673 -856.326099 -856.403594 -868.946873 -868.702426 -864.163501 -865.133255 -868.225038 -869.032004 -869.112019 -869.122519 -869.121201 -869.120674 -869.118104 -869.106253 -868.142318 -868.104160 -868.246340 -868.412462 -868.664564 -868.912564 -868.985054 -9999.0 -9999.0 -9999.0 -9999.0 -9999.0 -9999.0 -9999.0 -9999.0 -9999.0 -9999.0 -9999.0 -9999.0 -9999.0 -9999.0
-9999.0 -9999.0 -9999.0 -9999.0 -9999.0 -9999.0 -9999.0 -9999.0 -9999.0 -9999.0 -9999.0 -9999.0 -9999.0 -9999.0 -9999.0 -868.864200 -868.671962 -868.384476 -868.433285 -868.876788 -868.896383 -868.997882 -868.993240 -856.358409 -856.161924 -856.111004 -855.983703 -856.048661 -855.931029 -855.940811 -855.738084 -868.670534 -864.934023 -863.357251 -866.354343 -868.258145 -868.893301 -868.997215 -869.033537 -868.877957 -869.013806 -868.743711 -868.011935 -868.410806 -868.714072 -868.714714 -868.769366 -868.855454 -868.986596 -9999.0 -9999.0 -9999.0 -9999.0 -9999.0 -9999.0 -9999.0 -9999.0 -9999.0 -9999.0 -9999.0 -9999.0 -9999.0 -9999.0
-9999.0 -9999.0 -9999.0 -9999.0 -9999.0 -9999.0 -9999.0 -9999.0 -9999.0 -9999.0 -9999.0 -9999.0 -9999.0 -9999.0 -9999.0 -9999.0 -9999.0 -869.006938 -869.000763 -868.564880 -868.868318 -868.893703 -856.220159 -856.316652 -856.406161 -856.426766 -856.419135 -856.482092 -856.448685 -856.424319 -856.307691 -856.172414 -863.845318 -867.445482 -868.961480 -868.640186 -868.967236 -868.967278 -869.031245 -868.978060 -868.925988 -868.949095 -868.793334 -868.074424 -868.816275 -868.929164 -868.991381 -868.896020 -869.004529 -9999.0 -9999.0 -9999.0 -9999.0 -9999.0 -9999.0 -9999.0 -9999.0 -9999.0 -9999.0 -9999.0 -9999.0 -9999.0 -9999.0
-9999.0 -9999.0 -9999.0 -9999.0 -9999.0 -9999.0 -9999.0 -9999.0 -9999.0 -9999.0 -9999.0 -9999.0 -9999.0 -9999.0 -9999.0 -9999.0 -9999.0 -869.006321 -868.967075 -868.968855 -868.482139 -855.878128 -855.798173 -856.411714 -856.194587 -856.313727 -856.327666 -856.368397 -856.345121 -856.299165 -856.186117 -854.191353 -837.147457 -865.919994 -868.885800 -868.942173 -869.001926 -869.012456 -868.990010 -869.025423 -868.928002 -869.007771 -868.781025 -868.037855 -868.873561 -868.882766 -868.962596 -868.963247 -869.015592 -9999.0 -9999.0 -9999.0 -9999.0 -9999.0 -9999.0 -9999.0 -9999.0 -9999.0 -9999.0 -9999.0 -9999.0 -9999.0 -9999.0
-9999.0 -9999.0 -9999.0 -9999.0 -9999.0 -9999.0 -9999.0 -9999.0 -9999.0 -9999.0 -9999.0 -9999.0 -9999.0 -9999.0 -9999.0 -9999.0 -9999.0 -9999.0 -868.953771 -868.952983 -868.914448 -854.546199 -855.682444 -855.835779 -856.298296 -856.204969 -856.282846 -856.305702 -856.268011 -856.282694 -856.296224 -850.150662 -840.446390 -854.375830 -868.951518 -868.973783 -868.994160 -869.001181 -869.028155 -868.977948 -868.920731 -869.007025 -868.792052 -867.928367 -868.998740 -868.899069 -868.988386 -869.012272 -869.010253 -9999.0 -9999.0 -9999.0 -9999.0 -9999.0 -9999.0 -9999.0 -9999.0 -9999.0 -9999.0 -9999.0 -9999.0 -9999.0 -9999.0
-9999.0 -9999.0 -9999.0 -9999.0 -9999.0 -9999.0 -9999.0 -9999.0 -9999.0 -9999.0 -9999.0 -9999.0 -9999.0 -9999.0 -9999.0 -9999.0 -9999.0 -9999.0 -868.933024 -869.005422 -868.838221 -854.231343 -855.672655 -856.406282 -855.803738 -856.261855 -856.107037 -856.203444 -856.163488 -856.101534 -851.723650 -836.753873 -855.605169 -856.288076 -856.390844 -856.397394 -868.994730 -869.002990 -869.030827 -869.008043 -868.968287 -868.961508 -868.896408 -868.056505 -868.943997 -868.975657 -869.006101 -869.025380 -9999.0 -9999.0 -9999.0 -9999.0 -9999.0 -9999.0 -9999.0 -9999.0 -9999.0 -9999.0 -9999.0 -9999.0 -9999.0 -9999.0 -9999.0
-9999.0 -9999.0 -9999.0 -9999.0 -9999.0 -9999.0 -9999.0 -9999.0 -9999.0 -9999.0 -9999.0 -9999.0 -9999.0 -9999.0 -9999.0 -9999.0 -9999.0 -9999.0 -9999.0 -868.926389 -868.967462 -854.187355 -856.392399 -855.865309 -856.344105 -855.884900 -856.176317 -856.090375 -856.107780 -855.836862 -838.850100 -850.265361 -856.345149 -856.333805 -856.468172 -856.359649 -869.009142 -868.997282 -869.022289 -869.014905 -868.977104 -868.979635 -868.544014 -868.425541 -868.974908 -868.992061 -869.033275 -869.021264 -9999.0 -9999.0 -9999.0 -9999.0 -9999.0 -9999.0 -9999.0 -9999.0 -9999.0 -9999.0 -9999.0 -9999.0 -9999.0 -9999.0 -9999.0
-9999.0 -9999.0 -9999.0 -9999.0 -9999.0 -9999.0 -9999.0 -9999.0 -9999.0 -9999.0 -9999.0 -9999.0 -9999.0 -9999.0 -9999.0 -9999.0 -9999.0 -9999.0 -9999.0 -9999.0 -868.895844 -853.957726 -856.246528 -856.440324 -855.796595 -856.274008 -855.760099 -856.030987 -855.550870 -853.585949 -840.732707 -856.251672 -856.531921 -856.538977 -856.401316 -856.507359 -856.452774 -856.514166 -869.024927 -869.022998 -869.011038 -868.916757 -868.628424 -868.633794 -868.963566 -869.020124 -869.030454 -9999.0 -9999.0 -9999.0 -9999.0 -9999.0 -9999.0 -9999.0 -9999.0 -9999.0 -9999.0 -9999.0 -9999.0 -9999.0 -9999.0 -9999.0 -9999.0
-9999.0 -9999.0 -9999.0 -9999.0 -9999.0 -9999.0 -9999.0 -9999.0 -9999.0 -9999.0 -9999.0 -9999.0 -9999.0 -9999.0 -9999.0 -9999.0 -9999.0 -9999.0 -9999.0 -9999.0 -9999.0 -854.208185 -856.202668 -856.419810 -856.287166 -855.830875 -856.183771 -855.751623 -856.351965 -841.884654 -855.124094 -856.148256 -856.339521 -856.353042 -856.511094 -856.396574 -856.476749 -856.471459 -868.984248 -868.959600 -868.920913 -868.967404 -868.628574 -868.620395 -868.976968 -868.973432 -868.992272 -9999.0 -9999.0 -9999.0 -9999.0 -9999.0 -9999.0 -9999.0 -9999.0 -9999.0 -9999.0 -9999.0 -9999.0 -9999.0 -9999.0 -9999.0 -9999.0
-9999.0 -9999.0 -9999.0 -9999.0 -9999.0 -9999.0 -9999.0 -9999.0 -9999.0 -9999.0 -9999.0 -9999.0 -9999.0 -9999.0 -9999.0 -9999.0 -9999.0 -9999.0 -9999.0 -9999.0 -9999.0 -853.840981 -856.045816 -856.243610 -856.106905 -856.415991 -855.564327 -855.930590 -852.082980 -838.430603 -855.706111 -856.075803 -856.231537 -856.199290 -856.307330 -856.340604 -856.473866 -856.460354 -856.366527 -869.002192 -869.005853 -868.970738 -868.739450 -868.730331 -868.952292 -869.003453 -9999.0 -9999.0 -9999.0 -9999.0 -9999.0 -9999.0 -9999.0 -9999.0 -9999.0 -9999.0 -9999.0 -9999.0 -9999.0 -9999.0 -9999.0 -9999.0 -9999.0
-9999.0 -9999.0 -9999.0 -9999.0 -9999.0 -9999.0 -9999.0 -9999.0 -9999.0 -9999.0 -9999.0 -9999.0 -9999.0 -9999.0 -9999.0 -9999.0 -9999.0 -9999.0 -9999.0 -9999.0 -9999.0 -868.179194 -855.968095 -856.138025 -856.044389 -856.434360 -856.287321 -855.021561 -845.810624 -839.984856 -855.858800 -856.130148 -856.284353 -856.268631 -856.378201 -856.424724 -856.413337 -856.362630 -856.439716 -868.991359 -868.994639 -868.855243 -868.863821 -868.744174 -868.962157 -868.950488 -9999.0 -9999.0 -9999.0 -9999.0 -9999.0 -9999.0 -9999.0 -9999.0 -9999.0 -9999.0 -9999.0 -9999.0 -9999.0 -9999.0 -9999.0 -9999.0 -9999.0
-9999.0 -9999.0 -9999.0 -9999.0 -9999.0 -9999.0 -9999.0 -9999.0 -9999.0 -9999.0 -9999.0 -9999.0 -9999.0 -9999.0 -9999.0 -9999.0 -9999.0 -9999.0 -9999.0 -9999.0 -9999.0 -867.983526 -855.850153 -856.080945 -855.812681 -856.397154 -856.250312 -854.251885 -835.820054 -847.822738 -856.012334 -856.156362 -856.312063 -856.335032 -856.495336 -856.113878 -856.228874 -856.318080 -856.227855 -868.965542 -868.985725 -868.870348 -868.907617 -868.790710 -868.993187 -868.996252 -9999.0 -9999.0 -9999.0 -9999.0 -9999.0 -9999.0 -9999.0 -9999.0 -9999.0 -9999.0 -9999.0 -9999.0 -9999.0 -9999.0 -9999.0 -9999.0 -9999.0
-9999.0 -9999.0 -9999.0 -9999.0 -9999.0 -9999.0 -9999.0 -9999.0 -9999.0 -9999.0 -9999.0 -9999.0 -9999.0 -9999.0 -9999.0 -9999.0 -9999.0 -9999.0 -9999.0 -9999.0 -9999.0 -9999.0 -853.380210 -855.786726 -855.511761 -856.361334 -855.663493 -850.699523 -835.328578 -848.706091 -854.821240 -854.936903 -855.362230 -855.202202 -855.344232 -855.375073 -855.501721 -855.457702 -855.753913 -868.833906 -868.981361 -868.889803 -868.946842 -868.886882 -868.947756 -9999.0 -9999.0 -9999.0 -9999.0 -9999.0 -9999.0 -9999.0 -9999.0 -9999.0 -9999.0 -9999.0 -9999.0 -9999.0 -9999.0 -9999.0 -9999.0 -9999.0 -9999.0
