geotop/1.0zi/1.0Montebello/Templates/Dripsey sc/maps/PSITOTL0004N0065.asc
ncols         69
nrows         152
xllcorner     146499.903857
yllcorner     75332.942244
cellsize      50.000000
NODATA_value  -9999.0
[rows 29 to 57 of 152, columns 0 to 63 of 69]
-9999.0 -9999.0 -9999.0 -9999.0 -9999.0 -9999.0 -9999.0 -9999.0 -9999.0 -9999.0 -9999.0 -9999.0 -0.084017 -0.070177 0.683821 -0.065645 45.180284 17.465912 163.115497 -0.022920 37.612364 3.169954 73.575766 248.789354 292.334227 249.331230 50.057365 158.880223 -0.117637 -0.102936 47.334967 -0.100577 6.551866 121.652989 48.901014 115.184860 11.483065 -0.052518 35.239774 -0.027856 77.346131 30.526000 86.181106 37.557291 71.035059 19.621497 59.126588 44.059714 155.202951 15.250499 -0.263836 -0.134613 81.812843 81.770138 11.831434 134.528562 19.508835 108.811554 -0.101223 35.960678 -0.133880 -9999.0 -9999.0 -9999.0
-9999.0 -9999.0 -9999.0 -9999.0 -9999.0 -9999.0 -9999.0 -9999.0 -9999.0 -9999.0 -9999.0 -9999.0 64.179537 34.986260 157.692837 79.452917 247.636799 190.382740 146.186226 72.346434 140.455613 170.074136 332.630556 318.448042 -0.214953 8.808767 -0.149864 -0.058057 -0.314403 -0.152911 -0.277204 -0.337056 -0.164037 -0.133950 76.876935 54.588677 -0.038556 -0.110668 -0.058070 -0.087953 66.176944 21.981388 116.017607 51.919830 103.170018 51.978491 33.471360 -0.197191 256.089410 138.202922 23.194709 73.922658 158.839581 178.136321 68.343970 156.282701 58.146666 138.445917 -0.148873 -0.045364 -0.059696 17.487545 -9999.0 -9999.0
-9999.0 -9999.0 -9999.0 -9999.0 -9999.0 -9999.0 -9999.0 -9999.0 -9999.0 -9999.0 -9999.0 -0.146696 -0.100220 -0.102597 30.393140 -0.023467 148.597444 90.903664 90.038891 19.852706 93.959910 169.879826 164.333293 -0.026945 -0.180239 63.692088 -0.084960 12.912636 -0.196366 -0.075885 -0.204680 -0.207813 -0.128180 -0.090770 66.478234 49.447438 26.802718 -0.077388 26.400449 -0.061150 67.515454 -0.049216 65.095938 9.366666 32.116820 -0.051582 3.447015 -0.138278 126.682180 64.382636 41.334841 48.741605 70.385944 110.943648 1.206247 140.016320 34.449504 123.361040 -0.167074 -0.140783 -0.126811 62.637816 20.556292 -9999.0
-9999.0 -9999.0 -9999.0 -9999.0 -9999.0 -9999.0 -9999.0 -9999.0 -9999.0 -9999.0 -9999.0 138.409758 35.893069 20.633591 51.451511 -0.050132 58.758412 7.911938 91.577842 23.790973 113.376285 234.662751 117.260496 10.390190 -0.132844 49.448383 -0.100256 36.407874 -0.108366 85.252478 97.977445 53.166780 -0.024021 -0.026068 20.989823 5.944097 23.640687 -0.096414 18.203931 -0.021649 151.300670 44.401400 119.219440 70.075214 95.279567 -0.148918 -0.036225 35.686305 143.279300 123.851822 191.158264 195.048978 176.643051 215.758413 40.826947 135.106401 -0.112529 122.617038 -0.020278 157.977926 -0.067754 50.473760 -0.050746 34.479526
-9999.0 -9999.0 -9999.0 -9999.0 -9999.0 -9999.0 -9999.0 -9999.0 -9999.0 -9999.0 -0.164736 39.142049 1.987708 -0.106511 -0.023713 -0.088357 -0.137495 -0.193619 10.592761 -0.131975 83.130687 256.891565 72.523842 40.446762 -0.253171 3.430431 -0.137240 17.045371 -0.123765 54.044875 92.794359 29.890571 -0.063456 -0.036323 -0.003278 -0.041020 19.072877 -0.103720 -0.115256 -0.127319 98.600575 19.070551 131.008657 -0.077535 97.008759 -0.129133 -0.122637 -0.161165 4.311564 7.189798 79.617669 105.132970 122.365246 202.113740 -0.093626 19.926790 -0.154718 125.975141 -0.092308 62.891992 19.781511 68.705640 -0.047936 42.071099
-9999.0 -9999.0 -9999.0 -9999.0 -9999.0 -9999.0 -9999.0 -9999.0 -9999.0 10.493390 -0.120924 29.507734 -0.055065 33.489413 -0.038594 20.312853 38.311018 -0.037470 80.104351 -0.051257 158.995032 330.564027 171.052555 86.372523 -0.138148 113.424365 13.889832 131.602222 27.723622 81.364240 -0.153753 76.119772 50.208365 69.857472 54.000435 15.727087 21.244475 7.156444 48.911287 -0.081205 79.190366 1.881458 197.073546 115.563091 231.950095 130.542812 135.389061 53.315496 66.906806 77.151523 173.380085 112.197523 290.215770 347.889976 34.006660 185.849958 57.336941 162.442887 -0.137434 32.269504 -0.157461 57.394410 -0.118001 5.370157
-9999.0 -9999.0 -9999.0 -9999.0 -9999.0 -9999.0 -9999.0 -9999.0 -0.045928 20.738541 -0.261954 -0.198303 -0.238796 -0.173697 -0.136661 -0.146157 -0.116620 -0.154799 7.668322 -0.133258 57.926229 210.846319 80.068810 25.272079 -0.167141 75.220191 24.730689 97.371678 -0.067459 41.526004 -0.145298 -0.080098 -0.030186 14.385762 6.983164 -0.069414 -0.076749 -0.074401 30.071792 -0.122029 41.378135 -0.126508 -0.071123 -0.090138 156.612878 22.351923 107.314108 116.287531 -0.063771 -0.046906 62.219277 91.686816 182.936767 292.679435 6.776760 123.821034 70.872469 172.247040 -0.133316 83.339983 -0.087508 59.377922 -0.099716 20.083346
-9999.0 -9999.0 -9999.0 -9999.0 -9999.0 -9999.0 -9999.0 20.331927 129.467935 252.869611 -0.029481 -0.085730 70.789753 133.295525 97.218398 95.152523 105.451002 51.375558 205.716539 121.088989 -0.051629 211.165160 142.006517 146.840862 21.553668 156.485620 45.526488 170.790760 29.739021 125.424422 20.389047 58.213595 45.836269 65.428772 79.092194 50.640872 74.543639 39.801852 89.872383 21.410640 115.744899 91.818954 108.461308 -0.055866 210.198318 132.667259 226.997657 149.400172 69.388208 85.431088 137.039300 177.197987 199.060597 280.782030 -0.163121 38.127050 -0.067904 119.168740 -0.221491 -0.131061 1.769057 61.882564 6.003588 51.150981
-9999.0 -9999.0 -9999.0 -9999.0 -9999.0 -9999.0 120.632556 24.899171 243.509067 206.488607 108.847553 32.681993 -0.314187 -0.267148 -0.212232 -0.141939 -0.021916 -0.144236 20.712430 28.912235 -0.130713 212.494987 -0.103203 100.135802 -0.069680 84.540385 -0.092336 145.591993 -0.068471 69.682886 -0.060589 11.736451 -0.041879 -0.008608 20.156619 -0.018172 12.468539 -0.062923 9.800643 -0.080107 55.177941 -0.062556 70.656361 -0.118962 135.330398 96.185679 136.424315 47.095981 105.117207 160.947578 131.742112 223.831665 135.535007 292.757919 -0.136200 -0.032764 -0.084774 108.903430 -0.206814 -0.142037 2.986244 46.763110 -0.067283 52.782010
-9999.0 -9999.0 -9999.0 -9999.0 -9999.0 -0.088880 72.680205 -0.128833 278.719500 262.996745 788.744121 833.031815 282.022478 173.426870 -0.163980 -0.098113 164.588122 55.481081 14.716956 64.900796 188.522081 333.454941 117.477400 87.512591 100.523803 192.114522 -0.106711 64.888303 -0.027703 88.123902 14.628290 52.224101 56.047889 67.817111 93.380906 75.172917 88.534821 54.190383 81.536096 4.713469 59.986124 -0.189481 16.725036 -0.063207 212.446466 91.549517 97.070589 74.445122 166.037884 212.693279 53.729688 155.015019 27.204366 79.430274 -0.114384 95.917751 -0.108857 82.051252 -0.093571 51.157868 51.322748 64.139796 20.777999 77.103425
-9999.0 -9999.0 -9999.0 -9999.0 -9999.0 -0.186405 145.612269 16.916666 138.918430 93.035622 389.221435 293.067685 460.584355 356.812955 -0.137258 -0.114387 -0.049920 -0.048937 -0.142056 -0.145871 63.463471 233.543983 57.003130 221.923441 138.621288 170.599858 -0.172710 58.428501 -0.039645 45.152584 -0.088275 -0.030645 7.485843 10.087703 24.481711 4.794431 17.136377 -0.028417 28.468385 -0.089086 14.192211 -0.180897 21.566028 -0.091690 212.299923 53.313602 79.365753 38.233468 116.800319 197.543627 14.029794 209.467170 79.880885 105.197335 -0.161765 139.608893 -0.116750 48.902600 -0.144788 -0.065289 -0.123390 27.562572 -0.052951 36.208538
-9999.0 -9999.0 -9999.0 -9999.0 30.018768 -0.183298 60.018915 -0.122848 80.253218 -0.197492 47.351238 -0.048041 244.143720 405.264902 424.868288 159.951674 250.773905 164.606260 11.534301 22.044000 139.861135 382.720759 114.210713 169.338283 48.109552 113.059996 -0.180841 37.986526 8.681090 74.458947 17.888284 41.940420 64.772783 65.924005 92.260844 76.089873 93.829009 46.975730 88.338043 31.256499 105.342715 16.044551 165.185505 48.999254 137.501890 16.605467 109.309073 59.661724 287.805383 264.332879 -0.289541 27.408086 -0.046137 34.577202 -0.233483 20.206857 -0.062582 124.191042 27.475480 40.068568 -0.154242 4.908444 77.541767 68.105076
-9999.0 -9999.0 -9999.0 35.349295 62.035848 -0.162083 144.704500 42.004196 164.939583 -0.128379 86.377924 35.715060 198.119402 -0.088170 469.434577 466.722475 -0.073113 -0.143652 -0.077484 -0.130500 69.687078 398.970735 104.067612 19.409336 -0.186116 71.951431 -0.194768 -0.032368 -0.067271 17.743139 -0.053347 -0.037156 6.368368 2.148262 32.756014 18.325956 43.427537 -0.010276 3.022063 -0.103261 31.483637 -0.093844 72.900648 -0.031124 88.814418 -0.130861 61.973471 11.349033 165.065466 214.627492 -0.373626 -0.131929 -0.041764 23.860296 -0.219381 -0.131246 -0.158435 99.250149 1.474537 -0.020279 -0.216684 -0.132686 -0.070541 -0.019975
-9999.0 -9999.0 41.879777 -0.076833 42.214942 -0.083318 -0.108296 -0.208797 39.149344 -0.123984 -0.066596 -0.120569 37.730687 -0.138864 -0.184138 4.123294 501.587479 117.440132 -0.237815 44.946565 170.023390 601.591167 65.844168 57.121748 -0.231027 29.023156 -0.188050 13.474166 16.927880 64.944430 34.997996 45.776333 61.010959 54.795447 98.207619 83.788400 123.666473 -0.055805 43.462065 26.406202 82.490766 18.947939 136.213258 76.364776 98.638837 -0.047666 131.880283 75.526869 253.223060 337.020606 -0.167817 131.404719 -0.061701 91.249796 -0.086120 7.065851 16.384097 274.066544 85.215445 127.870387 48.177091 165.451834 48.603252 44.196608
-9999.0 -9999.0 -0.058990 4.388026 80.004991 -0.004698 -0.066989 -0.151047 108.780817 27.807179 158.407625 22.375286 108.767303 -0.066013 84.334769 -0.182168 378.488828 277.285579 -0.111700 130.315521 284.358812 344.430338 29.515125 44.490950 -0.215706 22.707471 -0.184049 -0.093458 -0.016792 8.639470 -0.083994 -0.017081 21.078891 -0.016634 64.843921 -0.097455 45.142756 -0.108978 -0.035449 -0.105166 12.398168 -0.131230 30.045598 17.722435 28.737399 -0.105664 93.661060 34.589709 159.299515 303.258917 61.343575 36.022402 -0.177958 -0.017977 -0.167894 -0.012317 -0.013100 -0.019376 -0.192784 62.221432 -0.090195 67.173067 -0.072535 21.084150
-9999.0 -9999.0 -0.131008 -0.071113 73.349638 -0.076920 55.036605 -0.128028 77.313786 7.653379 154.950812 -0.133124 41.732706 -0.089215 146.681225 -0.061667 93.235377 203.918605 272.313533 273.252514 46.749296 191.853732 -0.165434 -0.042110 -0.140243 113.793921 21.493996 93.256624 4.656496 -0.035739 18.860381 83.216045 68.736015 28.001823 49.766023 51.257881 149.849619 65.894104 117.581931 52.911444 124.676165 17.798031 126.597571 36.916974 58.146931 2.621351 138.933497 58.735837 115.158489 192.359115 355.681067 202.522238 -0.242083 126.666051 94.363098 169.199472 105.099760 151.789216 0.677425 169.508115 180.802123 209.245893 72.639012 193.613839
-9999.0 -9999.0 -0.123376 -0.043916 96.390847 -0.028389 73.667580 -0.064698 129.558913 11.009306 74.206453 -0.123253 76.588233 -0.077080 157.632922 -0.023421 104.291497 86.859637 227.678137 122.447634 -0.230437 -0.029790 -0.207097 -0.113170 -0.178542 19.245363 -0.081678 32.403812 -0.124326 -0.074099 -0.086891 -0.030676 -0.133215 -0.119382 -0.027900 -0.076991 67.574744 -0.025799 58.210717 -0.025129 75.802050 3.567995 31.200858 -0.074131 -0.034229 -0.091343 78.938110 29.743600 93.442911 132.709733 195.133475 124.208074 -0.217627 19.292222 -0.077363 32.198386 25.020327 97.722565 4.740124 104.280579 -0.088738 148.933762 21.328403 132.616161
-9999.0 -9999.0 -0.122992 -0.075952 77.946127 5.770063 128.854636 -0.091895 84.610917 -0.080193 152.549451 8.625343 101.324729 -0.078055 129.201120 14.462277 24.468698 35.393135 356.366008 329.465146 -0.108364 33.169780 -0.029477 81.390576 -0.120806 94.805598 28.973567 115.912178 63.285020 136.831166 77.061228 78.272134 39.408570 39.700569 78.625602 28.899903 106.917767 55.775883 159.472291 96.969683 139.043021 76.283997 106.830168 58.295043 94.294810 4.656314 46.354367 17.064365 111.619940 88.836417 165.833705 221.943659 59.590319 231.784774 39.742410 116.853784 169.221528 192.378406 75.883713 156.149156 -0.017450 239.830534 39.072622 109.424521
-9999.0 -9999.0 -0.106591 -0.078958 65.006086 -0.015285 73.092543 -0.164037 69.463533 -0.029965 197.898063 -0.136816 97.242969 15.209085 273.351585 5.843663 15.423971 -0.108103 260.331969 308.550491 -0.066048 11.126491 -0.170636 9.792828 -0.201883 -0.024028 -0.147253 6.522577 -0.047804 54.095667 5.353079 7.745512 -0.066134 -0.044619 12.083214 -0.078473 18.603988 -0.080401 36.949170 -0.013406 51.566891 -0.062032 45.182500 1.870432 45.877257 -0.085828 -0.015847 -0.142616 57.850398 54.243908 158.519761 185.815825 127.100754 278.244910 33.964106 137.868807 23.437832 179.664454 17.105230 99.545605 -0.097454 82.524974 -0.071250 48.135645
-9999.0 -9999.0 -0.061114 -0.014649 85.416175 8.081170 51.726339 -0.148223 63.860772 -0.073779 99.453733 -0.136703 10.865836 -0.040000 158.727011 39.369520 89.907744 -0.133719 229.322251 363.863625 228.432431 220.863677 -0.100274 178.902501 14.578562 113.572619 -0.129223 157.875474 64.920925 133.453678 66.818883 74.134749 38.511053 57.850325 110.525351 59.902758 66.659639 19.418732 105.560461 -0.002920 107.745388 54.869114 144.833501 106.461680 185.796319 98.370984 92.704440 45.112506 9.445451 173.027070 164.491708 248.258992 70.433254 187.672558 215.599209 373.224575 -0.115497 264.189374 99.576563 169.665748 -0.083546 53.837117 2.946174 127.139330
-9999.0 -9999.0 -0.087553 -0.050076 81.599946 39.588018 68.185022 -0.060904 76.107143 -0.048483 94.655561 -0.161057 39.137057 -0.111594 147.364069 44.705367 117.867533 -0.102617 210.389967 293.304704 209.109753 150.817101 -0.163275 55.512763 -0.168333 16.073341 -0.199247 1.729207 -0.131304 33.116172 -0.075699 -0.040738 -0.095214 -0.073475 41.171961 12.754479 6.132529 -0.101054 70.367494 -0.079711 50.895807 -0.028380 71.355941 22.947759 117.359758 48.482922 29.113653 -0.034529 192.809512 237.804759 174.890615 315.322707 48.174267 81.927164 137.515324 234.618942 87.985094 294.593284 174.607777 211.904030 -0.024668 30.475302 -0.058808 67.635764
-9999.0 -9999.0 -0.063404 1.274190 115.557911 60.023138 141.469987 18.134414 101.845719 12.610018 148.759865 -0.070962 31.624789 -0.123961 148.401806 38.728562 144.652094 -0.014571 123.581376 102.069593 365.127681 250.961382 70.388551 217.073719 74.027017 232.653507 55.279365 156.744204 -0.038595 48.850167 66.114916 61.417937 23.699361 45.605231 114.304433 104.145657 138.880712 10.821322 50.858055 16.078807 142.965799 64.699456 159.699758 79.418654 136.458614 42.303311 120.869952 221.159901 171.406658 131.421716 -0.073044 82.476262 -0.075069 56.861508 -0.153873 -0.107722 -0.158118 -0.034511 104.825165 197.829326 115.433561 164.565809 120.710268 308.076046
-9999.0 -9999.0 -0.090756 -0.048976 94.608073 37.831608 7.070040 -0.062007 88.274437 -0.065463 113.771237 58.255358 49.754002 -0.112363 149.952534 43.104323 159.244768 27.541913 136.439269 49.092193 91.083767 345.779153 -0.083772 111.773195 -0.026127 150.988610 21.401412 58.524207 -0.151565 -0.048154 -0.050191 -0.051941 -0.050130 -0.027509 40.851510 -0.030506 44.188639 -0.090432 14.677838 -0.095935 86.575368 21.415884 96.917390 6.376710 68.842635 8.168429 152.243965 190.820988 95.819281 223.371849 71.978796 109.718864 78.103793 223.495375 75.114771 155.200124 7.257296 49.181696 97.236405 170.238308 173.690374 154.005689 -0.078648 -9999.0
-9999.0 -9999.0 -0.028552 13.252103 92.389064 -0.018708 39.338631 -0.069687 90.898033 -0.055059 108.663104 -0.176755 14.769298 -0.071322 193.904854 52.386896 130.733942 27.057776 104.965220 -0.046719 88.268006 394.434613 133.230986 158.715725 20.812821 114.951741 8.955541 164.138240 23.644702 115.644481 13.111939 23.873011 35.331816 55.804897 65.023381 26.871013 101.324278 33.337965 92.230120 21.508626 153.045117 116.588857 203.843693 91.978942 156.943606 191.839119 195.620900 162.294445 65.605354 213.903748 13.866333 107.785436 -0.079427 81.353056 -0.130857 -0.047639 -0.173802 -0.029629 -0.202959 -0.147086 90.550794 97.380948 12.016814 -9999.0
-9999.0 -9999.0 -0.055938 2.470595 83.466546 -0.009947 36.359904 -0.015640 115.167533 -0.027111 181.339388 -0.116676 66.976652 -0.019413 266.471178 82.483017 140.395987 86.145791 166.432475 28.095716 187.770773 310.285941 166.673328 61.279111 -0.100299 49.382492 -0.151144 98.611262 -0.078120 45.734429 -0.092969 -0.021289 -0.111961 -0.077238 1.727519 -0.068689 17.890730 -0.034580 39.671416 -0.047750 100.750220 57.154934 82.987093 1.453619 91.842628 228.070757 145.038423 151.935335 70.566580 245.968950 126.582587 319.174733 83.079798 271.118850 132.889173 275.505188 54.197670 180.364860 23.598130 84.184244 176.279896 140.945559 -9999.0 -9999.0
-9999.0 -9999.0 15.338924 17.253729 82.716147 15.775266 68.972595 -0.126536 85.665900 3.957362 202.634135 73.460570 140.104714 9.019795 122.590552 -0.094887 183.108521 -0.090587 47.161024 -0.132206 97.915269 89.862779 409.188726 252.708137 125.620052 196.957121 -0.117651 106.590473 3.523780 100.308703 37.480038 75.536211 44.824333 58.318155 84.602103 53.098020 75.589537 39.931086 80.071499 29.908632 89.089591 10.261371 -0.155414 4.030482 314.257999 251.452098 -0.132282 130.564026 -0.190244 47.416080 -0.087461 95.911422 -0.285584 57.881511 -0.079597 19.066069 -0.196943 -0.199014 -0.106723 15.192992 415.837851 -0.062247 -9999.0 -9999.0
-9999.0 -9999.0 -0.015597 -0.024421 61.351805 20.914302 -0.020883 -0.209514 55.310784 -0.036045 237.732150 68.993789 122.065719 23.820487 187.137927 239.300269 74.267192 -0.220965 50.290452 -0.058961 128.663959 -0.165161 524.828181 250.778309 92.488868 77.741466 -0.302397 -0.155072 -0.094550 7.004150 -0.088265 -0.015821 -0.069527 -0.042120 1.870343 -0.038382 9.854034 -0.044131 22.330056 -0.059686 42.784764 -0.079346 15.758632 2.989393 289.558553 224.201326 -0.061278 184.770706 31.536255 279.246993 165.123103 388.071368 -0.079118 41.463811 -0.155808 5.413180 37.220693 0.541431 85.074749 5.851311 287.341278 -9999.0 -9999.0 -9999.0
-9999.0 -9999.0 71.291766 21.711267 59.844285 33.628189 67.601450 -0.040767 51.796888 -0.075834 84.055446 -0.116345 37.430145 -0.103438 51.171436 -0.139915 -0.096206 -0.123107 30.232135 -0.098725 37.643717 -0.186217 -0.118280 553.255853 112.884961 161.229152 -0.148374 59.618806 -0.051515 73.438852 61.683069 107.397199 68.489227 73.977182 77.155409 75.941248 101.385778 75.128530 70.777877 24.944513 33.760516 -0.203422 62.231887 188.662221 333.801718 155.028518 -0.194031 149.156024 -0.066028 254.256253 -0.194932 -0.101364 -0.463908 -0.247396 -0.225424 -0.218260 -0.147792 -0.105146 -0.154546 -0.229251 -0.235013 -9999.0 -9999.0 -9999.0
-9999.0 -9999.0 -9999.0 -0.036629 29.736993 -0.038335 47.403634 -0.069452 80.100154 -0.043709 112.410347 93.641381 84.853670 -0.076221 68.721360 -0.105427 35.527626 -0.147587 47.626407 -0.032284 81.378476 -0.115087 -0.156018 458.481263 70.936929 -0.144845 -0.192453 -0.038808 -0.238038 27.062819 13.963293 27.048692 -0.016190 1.629403 0.270530 9.592789 35.857034 11.222238 -0.038747 -0.055303 -0.107184 -0.241832 68.469271 261.831445 275.975851 237.495553 -0.087948 257.752489 113.055193 258.297643 -0.219546 -0.089262 -0.211089 124.317512 -0.022059 2.522769 39.216092 -0.017708 36.448612 11.417678 -9999.0 -9999.0 -9999.0 -9999.0
