geotop/1.0zi/1.0Montebello/Templates/Dripsey sc/maps/PSITOTL0001N0065.asc
ncols         69
nrows         152
xllcorner     146499.903857
yllcorner     75332.942244
cellsize      50.000000
NODATA_value  -9999.0
[rows 29 to 57 of 152, columns 0 to 63 of 69]
-9999.0 -9999.0 -9999.0 -9999.0 -9999.0 -9999.0 -9999.0 -9999.0 -9999.0 -9999.0 -9999.0 -9999.0 121.279402 83.318735 94.492008 112.335733 120.244222 133.959155 172.228977 83.909422 125.458731 207.350561 149.262191 270.855947 50.944908 159.702689 102.243259 93.857285 90.009447 90.680671 81.213307 99.634474 103.265792 109.727091 122.226268 154.426299 112.200162 95.623538 106.948820 91.751595 113.482624 108.985988 141.054950 113.300519 125.891200 213.956394 105.912169 106.869716 257.046564 162.604485 86.699009 87.825391 197.917997 216.870851 118.329875 110.787902 129.632037 118.819880 116.795140 119.420487 110.563504 -9999.0 -9999.0 -9999.0
-9999.0 -9999.0 -9999.0 -9999.0 -9999.0 -9999.0 -9999.0 -9999.0 -9999.0 -9999.0 -9999.0 -9999.0 138.084202 86.071473 101.567432 118.277520 164.474823 141.854784 154.959095 168.484611 100.325348 269.384158 313.721905 50.721042 108.727634 81.733425 98.537303 80.890993 78.617613 80.932859 80.940988 85.382098 88.230780 89.123418 113.313093 149.350672 95.962836 88.511844 93.889784 104.505151 122.920808 125.197177 155.238575 144.423828 131.524925 128.607712 203.525687 113.558112 264.717410 177.680921 103.363292 104.492213 206.084968 219.659343 114.530961 207.642109 180.226445 145.791618 127.909022 134.437461 134.688617 91.360573 -9999.0 -9999.0
-9999.0 -9999.0 -9999.0 -9999.0 -9999.0 -9999.0 -9999.0 -9999.0 -9999.0 -9999.0 -9999.0 88.202961 131.640170 91.066912 102.453052 118.172039 135.682329 187.969538 145.570268 142.409150 168.517298 51.803008 102.260843 88.141342 80.874114 96.903449 87.533916 95.346000 86.178378 85.585023 83.303518 83.725358 88.955884 87.121032 91.979639 120.239270 99.606253 93.946093 109.787508 113.310097 114.224464 84.293579 86.422493 144.041394 163.568188 119.573271 120.044557 175.669879 85.285007 263.344840 114.639022 112.966132 286.901927 121.273287 180.486404 118.976124 119.504028 116.765379 98.220272 89.518323 85.864769 126.324301 128.127629 -9999.0
-9999.0 -9999.0 -9999.0 -9999.0 -9999.0 -9999.0 -9999.0 -9999.0 -9999.0 -9999.0 -9999.0 109.568782 128.751066 110.991837 89.207221 123.120252 133.428678 130.378489 208.030008 134.816286 148.031693 51.158959 130.737951 133.176043 123.151759 132.556544 119.753457 119.616333 103.379002 100.463804 99.745705 99.635870 88.767920 99.250398 95.409699 96.285021 96.681402 92.928049 107.286578 111.137082 116.944342 117.062583 100.186507 97.316263 213.775547 84.180610 120.874822 124.402522 200.511286 99.560776 306.624088 136.780395 338.935194 198.571488 160.604402 159.012919 143.839936 152.935914 138.725140 150.493117 123.464316 132.050422 123.232458 107.046258
-9999.0 -9999.0 -9999.0 -9999.0 -9999.0 -9999.0 -9999.0 -9999.0 -9999.0 -9999.0 79.939320 142.753743 84.836742 114.111408 90.959317 96.650300 84.233906 82.661720 84.754844 173.505014 139.099774 51.190133 83.379769 92.433051 84.287482 83.466667 82.134322 83.403630 102.373948 108.299154 109.812716 114.510888 93.322483 109.674861 95.561831 90.917911 103.991008 97.649240 85.345258 86.987141 107.371595 132.024239 123.363934 102.093466 213.525384 86.218004 99.026827 135.085625 130.634840 193.704978 124.699661 359.872677 390.080754 177.076376 130.773602 152.192467 143.637226 151.313470 134.912655 145.340921 143.569083 123.307943 109.368839 108.383507
-9999.0 -9999.0 -9999.0 -9999.0 -9999.0 -9999.0 -9999.0 -9999.0 -9999.0 91.895731 130.211168 93.121022 83.192870 121.366697 103.459639 89.846781 107.752416 94.463589 97.697428 104.837595 208.164659 57.658835 153.452032 113.612120 97.998343 95.801093 94.075623 115.284105 111.142252 116.179694 83.914982 114.223816 116.827972 127.620138 115.535331 90.606756 102.923570 108.437052 110.495139 102.302589 119.134167 117.988167 190.845381 181.648471 214.232850 95.533003 118.201388 145.477790 86.412940 146.664628 310.070403 367.173334 514.616743 238.740689 125.917896 131.123492 121.647480 122.258484 107.026983 104.086644 88.979851 103.581520 92.036096 91.606299
-9999.0 -9999.0 -9999.0 -9999.0 -9999.0 -9999.0 -9999.0 -9999.0 116.363763 150.518390 103.838069 93.802266 82.771013 114.160306 106.485950 97.276138 85.484645 107.397025 113.360378 114.858174 85.465849 51.286254 84.052950 82.060714 99.331397 103.964254 115.765649 120.927143 114.678627 96.568216 107.472084 85.880251 118.887764 126.291569 117.683711 91.419558 107.031844 106.520014 115.018532 110.537240 84.164584 82.704012 83.461647 81.350725 181.999962 196.452899 149.948686 152.988528 89.358769 106.635904 314.283779 54.999773 196.333141 199.710009 161.379862 176.153833 173.750902 152.151641 139.258767 156.429897 113.893011 113.746803 92.541511 92.080705
-9999.0 -9999.0 -9999.0 -9999.0 -9999.0 -9999.0 -9999.0 85.935980 114.144397 162.748040 113.350356 103.068087 88.097095 113.525291 110.534397 115.882607 103.120346 84.140390 155.059953 131.171006 84.150929 50.627681 95.487006 116.202753 110.249723 213.767451 220.197543 218.012155 167.838497 164.234121 107.116110 88.622689 121.119519 142.328075 133.064754 103.146535 113.847841 86.981234 121.784483 132.564409 176.750956 176.608127 187.128720 175.206363 180.554047 188.544716 267.872586 150.074735 109.635645 124.387387 302.661178 51.150764 146.786771 128.888807 103.084178 99.319659 86.172004 104.563637 96.535211 89.975792 113.479218 127.923789 111.928710 110.245968
-9999.0 -9999.0 -9999.0 -9999.0 -9999.0 -9999.0 116.862703 157.529460 148.019015 158.614138 117.583073 125.338992 115.980106 110.944570 77.602461 113.599828 107.706443 85.972031 105.235150 163.186396 86.497601 50.691417 113.709902 116.672959 193.531191 82.147949 98.501185 108.345030 87.767671 87.855750 98.503371 124.091874 92.871869 138.949762 131.310569 91.376828 120.221808 114.364809 99.807505 133.825638 141.806895 132.623406 125.361612 85.027442 106.829086 235.551847 285.855940 246.991091 204.508549 333.146607 50.973764 252.885264 213.852908 204.080980 117.832229 122.253362 117.817253 116.862054 97.492856 90.443428 87.624589 90.150833 113.558149 119.613961
-9999.0 -9999.0 -9999.0 -9999.0 -9999.0 80.969435 122.952947 128.055226 177.630644 247.010900 505.387183 535.729328 146.661755 136.445907 78.100790 119.504080 120.553535 102.238237 117.999470 84.382769 209.787683 50.819983 122.204211 197.065508 167.084687 190.379122 149.642027 170.495802 169.509828 180.214250 143.104979 91.588853 116.203739 158.144872 149.864618 104.003508 122.122787 87.579987 127.538981 109.302780 86.064988 86.426887 101.883522 153.895491 183.104303 184.210612 169.159273 268.451338 369.426530 51.526988 190.257949 115.597423 88.003529 82.481673 126.531432 122.002426 109.333289 105.837480 86.718689 157.937543 176.679183 178.802363 137.235722 110.236767
-9999.0 -9999.0 -9999.0 -9999.0 -9999.0 108.520813 120.337876 107.711576 123.756895 126.697605 199.528732 269.303213 509.542464 183.429234 83.124563 121.503288 118.572572 98.757750 105.979995 82.719094 198.020031 50.845770 186.319522 198.696111 123.566033 118.529581 103.325066 105.249868 90.269128 89.379490 100.146208 94.656444 120.921685 154.271299 145.761969 91.943261 120.880519 119.508818 98.902494 119.457259 112.411652 91.526878 82.804501 85.391511 111.253844 119.219682 117.654684 158.020176 52.036836 116.681826 102.983409 162.193126 150.333771 122.599823 106.757743 108.431002 99.809054 91.219790 144.369034 82.977554 83.425246 88.937224 113.818153 114.127297
-9999.0 -9999.0 -9999.0 -9999.0 102.592613 104.040610 101.681466 113.251602 107.472742 102.603793 100.951608 115.744475 172.291002 478.375276 108.512624 137.960789 143.571636 117.519796 84.516707 84.714563 216.895664 51.360516 207.711686 133.676538 123.101939 122.258994 109.102314 117.273496 109.498184 121.157925 89.468410 117.960161 138.273139 148.761670 144.157322 103.617241 135.532613 88.110248 130.873332 108.028031 129.623234 128.967713 164.896299 165.736437 184.490001 167.665838 185.120017 205.623678 51.562221 106.536886 83.149629 84.640638 82.628858 94.312676 84.576272 99.012777 90.358423 192.488821 94.192626 94.166890 92.640090 114.488610 120.286835 115.184389
-9999.0 -9999.0 -9999.0 98.303622 108.429405 91.300013 115.766089 100.457479 103.927856 89.994703 92.517328 91.918344 126.447102 100.182323 54.413659 51.225256 130.359297 91.239389 81.736513 87.594002 213.278206 51.680787 124.665117 119.246788 110.627506 112.162233 96.214791 91.649519 118.715178 103.510720 87.916668 120.448842 135.303390 87.684782 168.950540 141.011329 158.727376 86.210869 97.621149 122.552253 114.583899 125.344107 84.592626 89.241442 100.564275 88.401035 98.017683 84.455689 50.655671 107.599707 82.005492 81.494159 81.719429 94.877199 85.484513 82.772076 82.922649 192.417222 101.320946 101.778991 107.621984 122.186316 106.825826 105.282728
-9999.0 -9999.0 86.721420 97.363798 86.283103 104.695686 91.675855 90.058102 82.535389 80.451245 81.271031 109.726540 82.927032 127.174849 86.189540 114.822246 51.017102 104.566691 81.274457 103.130681 228.651783 125.639446 116.077336 113.231434 101.983834 101.511431 85.769928 120.134357 112.118505 104.293181 89.620830 135.584236 151.917028 89.480899 202.734112 88.691383 229.794741 85.683534 98.536325 107.203721 134.676456 132.192517 174.823924 108.485355 112.615275 114.663892 131.080617 155.180565 50.878210 153.238887 96.376417 91.603668 99.104164 83.833052 92.777466 94.822386 83.599521 202.521137 113.983764 126.164204 82.575145 149.632413 109.813319 106.034023
-9999.0 -9999.0 88.274979 108.013732 113.411079 85.158583 83.833696 84.882313 103.327379 111.026341 114.313166 146.615827 142.758752 87.686094 97.625636 84.652496 50.535611 136.348344 87.375089 107.786699 51.239920 138.553296 111.635583 106.316857 93.958624 88.518582 114.433637 109.839125 104.842841 99.285058 92.469627 131.737833 150.545745 87.945621 173.000179 84.700697 210.499873 83.357087 95.108338 103.344938 113.885927 129.418194 85.262074 170.002004 85.915384 121.163155 123.323335 90.965071 106.144038 50.785765 115.799675 106.386830 88.726521 104.075207 100.127704 100.244024 177.233768 116.483982 118.665623 94.309124 140.339002 114.838922 107.026842 103.320941
-9999.0 -9999.0 87.032272 90.241320 112.630113 114.281029 124.027948 118.344366 132.746160 132.577895 130.892799 87.112634 104.623601 109.520093 129.056127 122.902957 138.290359 50.719987 203.812860 113.623376 126.756352 126.418457 103.802159 97.232845 84.960508 129.899123 117.369349 115.489504 105.460697 85.515627 99.663722 149.406155 149.810992 88.705994 102.578379 167.097790 201.368113 85.147904 98.525912 106.967652 118.860585 121.723385 149.650663 99.589329 175.805411 103.972587 125.179043 172.129826 163.291356 50.661309 270.214135 152.875116 114.979690 113.791577 82.731733 202.630190 124.838646 131.575152 102.913510 152.217325 125.613489 126.595456 112.619639 159.210013
-9999.0 -9999.0 92.595977 104.274935 123.762435 121.021187 130.973704 123.922573 139.914875 139.279067 155.966356 144.478292 158.194729 150.315767 177.859846 167.121178 182.248381 162.931159 171.777853 90.628389 79.601538 92.231755 83.983396 80.627241 118.731634 120.974305 114.898367 113.748802 93.604330 113.272037 83.499267 185.568211 89.951536 90.293607 107.635441 106.591442 170.162341 180.544697 96.732260 105.608568 116.951883 119.367052 126.093321 142.493517 121.670850 190.991782 211.900581 205.437155 202.238299 50.872658 245.619830 90.085903 111.158992 92.044569 180.571342 125.367998 131.597747 113.817747 142.611408 128.085180 120.353303 126.265802 147.116842 114.009093
-9999.0 -9999.0 92.949339 103.837348 122.155543 121.231644 137.135137 158.346227 169.799737 157.734961 181.277223 192.193307 200.939727 184.655500 215.092941 206.361719 207.584368 203.521003 346.811301 169.813358 107.841695 80.480762 89.933975 127.511090 117.514129 121.840376 117.029225 111.122227 85.007536 129.654663 85.611252 173.261404 101.875668 101.127830 112.859377 86.504711 123.320391 172.294731 202.290570 110.767609 121.803510 122.318186 129.040232 131.611073 206.650604 86.421060 89.011439 91.671837 106.557977 215.341170 51.091583 167.991347 116.731162 202.518056 126.622518 140.600969 211.505718 234.475901 147.428174 166.722788 134.430355 216.264181 152.363964 117.036923
-9999.0 -9999.0 93.881090 104.410369 122.729127 123.505227 123.784872 86.393340 104.351795 110.011808 119.424594 85.776813 101.562180 107.790425 134.820478 129.616751 132.987420 127.568157 146.638292 330.202788 92.411610 97.683175 120.772021 121.207928 113.980980 115.513894 105.638305 103.763811 123.042342 97.360028 163.304594 108.714815 91.201776 85.640503 118.918837 114.147510 99.354368 118.333999 176.674655 183.906329 115.377800 116.174323 123.317539 125.624917 225.174010 88.941649 106.813962 98.077643 87.715677 126.746608 130.221490 301.158804 313.063005 241.005122 157.094513 214.349084 155.562889 203.266115 178.841639 184.545230 200.522016 98.198313 87.445654 95.853598
-9999.0 -9999.0 94.579354 105.265013 123.757925 125.583871 137.621439 124.808861 140.020282 137.324091 158.978942 142.991568 149.778483 147.382942 173.280816 172.881793 183.287158 162.829165 216.020010 537.464957 140.359904 137.579805 121.839133 125.045799 117.540229 114.590793 80.396822 147.279662 106.813504 181.095439 118.142458 88.114486 103.726479 87.509481 133.414930 87.748388 127.901143 108.929988 130.240722 170.305813 193.668566 119.717534 129.161067 132.989507 291.349565 111.495949 124.842718 86.540104 124.441173 139.375378 51.684061 50.411155 50.763186 50.534738 54.628663 468.462601 367.440203 325.463625 245.895029 157.725977 142.118853 126.824224 117.190048 84.743422
-9999.0 -9999.0 94.495871 104.921883 122.588286 126.216365 136.357369 128.130404 141.687341 138.964479 160.114129 142.972928 151.234853 145.129700 168.779065 169.777704 185.998928 165.321967 204.832786 500.265078 215.013210 145.521576 123.103001 122.981723 112.071805 89.985807 128.148492 107.131095 154.392966 118.956724 96.607808 107.854575 91.202391 85.576668 108.615973 128.828764 107.437011 122.893907 117.439365 122.065342 173.940150 184.248051 127.285560 131.283334 313.669293 109.167177 126.135927 91.308088 155.578334 349.626318 279.511069 248.593760 131.889882 116.856509 83.453749 117.887267 82.672243 352.460254 315.647915 235.149338 101.015318 90.453069 95.429698 115.482852
-9999.0 -9999.0 94.676707 104.931232 123.374174 124.988134 138.091212 129.583461 142.118446 138.180397 159.773671 147.809475 152.068766 144.263691 167.481185 167.423705 189.482829 174.169334 201.843704 323.332371 784.420218 191.438397 132.950590 128.292800 100.553031 141.210914 112.833022 163.670691 116.062395 107.883460 117.016956 87.499792 112.467383 88.369532 131.399463 89.032257 167.151379 86.083265 131.344918 117.505718 134.946460 181.041653 215.419209 135.996155 306.264645 88.617377 182.661646 195.330982 342.879497 161.147563 137.453738 115.761352 140.045605 112.409899 100.275915 97.815886 79.848758 141.013717 115.835364 204.583430 191.967430 211.986100 187.670930 158.559142
-9999.0 -9999.0 95.242527 105.816535 125.842362 128.837539 131.559270 127.823943 142.669739 136.941873 154.169976 150.777891 152.783189 144.645095 167.825938 167.424748 191.585363 179.078033 176.918986 314.663126 315.375375 720.425047 149.647977 112.204913 136.142547 122.853795 162.251639 124.265113 106.928209 115.099124 94.689766 85.515918 118.680622 92.396503 112.149667 124.788866 101.127310 143.873310 97.247605 125.976843 126.547279 135.635533 197.890727 203.951368 145.018336 328.627984 257.388297 326.982184 172.452423 185.679371 135.101417 116.686600 102.377170 150.047813 101.249749 93.540769 81.858144 142.482102 124.482434 109.821426 195.496440 124.061592 92.329360 -9999.0
-9999.0 -9999.0 96.863531 108.211346 129.695869 125.606681 131.843730 126.999490 142.392458 138.149368 162.582165 144.404926 151.239460 145.679107 172.350831 171.133333 195.550273 293.481475 269.239207 89.150862 116.939169 1051.772473 155.958251 147.993826 122.581498 201.389713 140.517103 159.834411 133.822435 109.302090 96.028226 86.398183 117.306612 113.770166 126.097742 87.851162 135.712968 111.377117 155.379049 117.882243 191.934553 224.974863 304.449143 301.488478 265.525738 541.431332 307.884876 195.765913 155.012817 140.489820 117.978905 112.837030 99.206865 91.091278 136.198687 90.604643 80.010881 132.299319 107.167087 86.270711 198.817833 112.342245 90.320267 -9999.0
-9999.0 -9999.0 91.473500 93.315864 118.747848 118.610788 125.031144 121.235603 135.137696 130.641071 137.255629 86.831125 102.286722 107.331989 131.021286 229.087669 222.564951 285.586711 331.747048 296.921327 339.910177 791.087614 219.615931 137.302567 189.271978 80.454266 138.487610 117.991509 124.325561 109.033954 95.150878 129.838237 89.646598 114.858221 122.721054 91.188289 110.032160 130.345447 120.995453 168.727133 186.146213 183.311000 167.622768 86.015431 384.355628 644.140925 201.332142 175.787068 94.753794 130.175637 122.059578 111.787052 97.691056 91.274662 79.827431 147.054707 81.517872 138.086632 105.660049 84.997202 217.704097 121.798047 -9999.0 -9999.0
-9999.0 -9999.0 94.238620 112.877219 132.323793 127.747686 136.752318 123.449373 137.377223 133.852398 158.478846 195.647405 204.753925 186.647841 175.977185 83.316484 250.896601 112.269512 96.132954 100.528362 153.339547 190.552010 1073.255021 326.560264 93.237094 190.541625 150.777159 131.001691 126.685637 113.726013 85.719700 127.017261 100.616071 130.215699 138.459067 102.535218 125.910506 88.362513 148.498993 139.667825 153.296945 125.480751 83.930141 187.595451 787.860487 119.337981 86.158499 83.546758 135.465715 80.376161 110.505609 110.484042 92.312949 87.222402 77.673095 142.899589 78.661455 115.822179 86.147120 113.182885 225.083424 92.263175 -9999.0 -9999.0
-9999.0 -9999.0 93.075982 113.982891 120.523297 90.156652 88.563674 86.319321 103.599022 108.837530 132.423390 204.183204 220.627888 207.538257 286.474195 250.861561 110.385869 82.064910 84.539852 102.316970 95.468931 99.003191 959.156511 349.441712 222.814461 91.347207 82.185695 81.166532 109.119889 97.317942 123.719946 116.883866 89.527244 127.857004 135.029051 90.491103 147.401901 91.461666 112.339389 145.545550 89.888180 82.995474 122.356863 110.330063 713.140773 164.464188 150.280975 143.151100 129.351811 139.581913 107.898263 103.453690 97.460562 87.916652 77.892526 113.099623 98.876520 118.979154 91.866833 79.448768 148.351248 -9999.0 -9999.0 -9999.0
-9999.0 -9999.0 95.791442 118.020044 131.552019 161.007653 174.698437 164.444645 171.748465 161.623293 155.612481 83.559148 84.376470 153.609993 82.878228 83.385266 91.975035 87.822585 96.959682 82.733541 84.227049 80.826277 89.307145 1214.575311 156.235932 112.607594 95.159987 114.075982 101.858007 136.052410 85.843203 118.875636 100.785040 145.896623 153.583864 102.870974 158.043469 113.023642 128.469773 88.723631 144.861077 91.202358 94.773389 169.586740 663.085756 106.228034 83.338885 93.678553 83.413455 106.563983 91.763896 84.443131 88.781513 92.301058 77.555804 103.128578 96.744561 109.188146 84.936852 95.543251 104.067980 -9999.0 -9999.0 -9999.0
-9999.0 -9999.0 -9999.0 108.741189 101.866033 109.107452 121.041172 118.503588 132.914208 129.230519 146.456734 187.975693 172.391159 101.610620 120.221394 107.795841 86.281076 87.797103 106.887604 114.387423 131.213323 122.001431 124.195854 906.737743 91.805257 80.805352 110.162112 105.028980 117.888591 94.061428 115.765942 120.642378 85.766551 144.342446 150.508770 85.932832 168.622885 116.599550 123.370317 84.594897 93.192947 124.790027 117.767259 564.962269 156.469272 145.300901 130.045893 140.951373 122.999345 104.551854 89.681493 84.745365 76.163955 91.845515 92.376996 102.806626 89.954570 106.717471 98.298773 94.876569 -9999.0 -9999.0 -9999.0 -9999.0
