geotop/1.0zi/1.0Montebello/Templates/Dripsey sc/maps/PSITOTL0004N0004.asc
ncols         69
nrows         152
xllcorner     146499.903857
yllcorner     75332.942244
cellsize      50.000000
NODATA_value  -9999.0
[rows 58 to 86 of 152, columns 0 to 64 of 69]
-9999.0 -9999.0 -9999.0 49.495543 49.699956 43.941500 46.101156 46.821797 55.462292 48.226885 53.248730 46.407726 48.097525 35.366709 54.874406 47.977627 67.301984 48.515203 53.631279 48.720937 54.250395 43.967933 42.065708 57.661714 72.383606 63.712331 54.957544 60.264582 45.910802 51.762635 44.489260 52.764341 50.681229 50.751036 51.005225 49.422424 59.288734 52.167528 49.228576 40.446243 47.151210 46.278689 65.923814 69.687542 53.713791 56.781213 51.529149 70.609021 37.653507 43.842747 8.505702 31.324738 24.105177 32.867397 22.289130 31.268982 46.265162 42.046455 51.006564 -9999.0 -9999.0 -9999.0 -9999.0 -9999.0 -9999.0
-9999.0 -9999.0 -9999.0 48.772309 50.057360 43.290802 50.974471 49.449385 57.129484 50.897787 54.756283 48.654856 46.935659 35.684982 60.683329 51.601396 67.907917 51.516955 55.795712 47.977533 52.562905 41.904650 54.860897 57.472390 66.361152 59.691905 34.452898 48.616673 38.941603 46.272504 39.443277 45.483620 34.536100 43.038904 44.665292 39.836094 45.267786 45.291137 44.043275 37.594938 42.911626 42.747048 62.228073 70.011954 52.090461 57.138364 52.443076 78.574748 45.997078 51.350212 21.308542 41.059120 23.207836 -9999.0 -9999.0 -9999.0 -9999.0 -9999.0 -9999.0 -9999.0 -9999.0 -9999.0 -9999.0 -9999.0 -9999.0
-9999.0 -9999.0 -9999.0 47.921538 53.615503 53.557151 56.892075 52.695268 53.564424 47.155883 53.020110 47.669354 57.849942 51.566364 57.440578 46.121250 51.622699 45.571157 51.655462 45.001761 57.788437 46.169611 46.825259 52.031883 67.793545 65.500625 51.850558 58.109543 48.040050 55.421849 50.234423 54.893796 49.272026 53.892200 51.672942 49.346597 52.413788 51.935038 57.311130 53.128413 58.562179 60.763920 70.095450 64.709865 43.661033 57.328159 47.864202 77.614408 37.687723 45.141702 9.987833 40.687638 43.772479 -9999.0 -9999.0 -9999.0 -9999.0 -9999.0 -9999.0 -9999.0 -9999.0 -9999.0 -9999.0 -9999.0 -9999.0
-9999.0 -9999.0 -9999.0 -9999.0 -9999.0 45.448950 54.300114 52.123202 54.650837 48.959275 56.331219 50.686091 60.980126 50.739438 57.506844 46.914586 55.051484 45.226449 52.912071 45.286754 64.671777 62.113490 50.501542 48.732294 66.369119 62.700256 49.185658 51.351647 36.939982 43.059584 40.280104 48.205023 42.223701 45.036045 43.597004 42.262434 45.710327 44.625015 50.513990 44.115672 52.547449 64.022674 64.866800 64.316688 42.742024 68.446368 48.951553 76.754416 17.929566 36.529096 9.684323 27.917029 38.983735 -9999.0 -9999.0 -9999.0 -9999.0 -9999.0 -9999.0 -9999.0 -9999.0 -9999.0 -9999.0 -9999.0 -9999.0
-9999.0 -9999.0 -9999.0 -9999.0 -9999.0 -9999.0 42.831593 41.415049 43.783190 39.203542 49.756353 44.648960 50.417779 41.251143 41.713026 34.093161 53.853642 47.916660 46.467374 40.490275 60.170613 57.236196 49.811836 40.075871 58.775765 61.349238 63.633159 64.747523 49.812889 43.953070 53.821735 64.989175 48.882975 51.158029 52.781656 52.023873 51.494651 48.018391 55.633536 61.480648 57.521510 73.033796 38.624430 47.515592 39.777140 54.149966 32.825939 47.788418 34.895469 53.132085 32.763930 42.966656 48.079288 -9999.0 -9999.0 -9999.0 -9999.0 -9999.0 -9999.0 -9999.0 -9999.0 -9999.0 -9999.0 -9999.0 -9999.0
-9999.0 -9999.0 -9999.0 -9999.0 -9999.0 -9999.0 -9999.0 44.877817 44.592231 41.049634 52.558018 47.622600 54.340326 45.004982 46.748608 37.378590 58.909173 63.869084 59.249629 40.551377 55.746693 43.799695 59.507092 43.985933 56.851430 56.638743 64.755470 60.753174 45.819353 44.448286 39.488614 46.860837 35.273448 40.484317 45.157404 46.132439 44.817069 35.141217 42.116622 62.817551 62.909168 66.215855 44.186759 51.677526 46.009100 56.762347 38.044480 59.666553 37.378006 47.319195 48.491133 55.103748 37.161597 -9999.0 -9999.0 -9999.0 -9999.0 -9999.0 -9999.0 -9999.0 -9999.0 -9999.0 -9999.0 -9999.0 -9999.0
-9999.0 -9999.0 -9999.0 -9999.0 -9999.0 -9999.0 -9999.0 -9999.0 41.887870 37.251562 48.124357 42.949937 51.372531 44.174919 53.882109 44.608478 53.049858 43.565195 45.259794 34.267226 53.057592 48.428229 60.902255 43.516262 46.688410 43.308213 61.180370 63.490345 65.464432 69.542463 52.609636 54.420465 39.468289 52.607531 56.571855 40.016262 54.606848 43.008853 68.877177 71.288987 48.834932 64.981758 35.056357 47.980951 43.725204 51.267405 44.129307 56.482598 54.457769 62.717051 52.278024 60.769227 59.981921 -9999.0 -9999.0 -9999.0 -9999.0 -9999.0 -9999.0 -9999.0 -9999.0 -9999.0 -9999.0 -9999.0 -9999.0
-9999.0 -9999.0 -9999.0 -9999.0 -9999.0 -9999.0 -9999.0 -9999.0 -9999.0 44.111357 46.324123 42.020030 51.014838 44.932524 62.263510 50.443893 53.065626 41.576928 49.055436 39.071202 57.680629 50.076400 56.859208 41.518586 51.786219 44.436483 58.794467 55.779074 60.604575 67.156614 49.459430 49.593570 37.658941 43.889433 42.086151 35.064294 41.549676 47.186354 71.247106 67.453834 44.149409 59.587037 29.377853 44.768293 42.257592 49.100910 40.454350 50.574243 45.342324 49.954431 40.168402 46.527086 50.873704 -9999.0 -9999.0 -9999.0 -9999.0 -9999.0 -9999.0 -9999.0 -9999.0 -9999.0 -9999.0 -9999.0 -9999.0
-9999.0 -9999.0 -9999.0 -9999.0 -9999.0 -9999.0 -9999.0 -9999.0 -9999.0 -9999.0 50.568046 43.956664 49.008362 43.866366 46.480150 26.690052 43.832828 49.841606 62.208932 49.576438 58.973656 47.136943 53.961876 46.801529 52.241538 44.435938 51.887706 45.435505 60.727101 53.490008 61.060347 72.525760 49.629437 57.012843 54.683594 56.373247 59.923260 73.872057 60.258145 52.781888 41.949978 50.969728 35.794931 50.620954 47.120472 52.706037 44.373613 54.906340 45.266575 55.200847 48.587673 56.683816 -9999.0 -9999.0 -9999.0 -9999.0 -9999.0 -9999.0 -9999.0 -9999.0 -9999.0 -9999.0 -9999.0 -9999.0 -9999.0
-9999.0 -9999.0 -9999.0 -9999.0 -9999.0 -9999.0 -9999.0 -9999.0 -9999.0 -9999.0 -9999.0 38.690517 46.672604 42.129150 45.665856 34.904127 47.736581 54.274591 74.495154 55.793551 59.460519 49.802045 58.499193 55.182618 59.400031 51.412632 57.567421 50.467852 70.586197 56.541829 51.470675 54.854539 54.912974 55.147759 47.412804 59.019991 54.935840 70.049204 46.128818 43.835611 46.650814 51.747991 40.936968 51.742952 43.603804 49.555272 42.309293 49.097655 40.953667 47.802073 47.176017 -9999.0 -9999.0 -9999.0 -9999.0 -9999.0 -9999.0 -9999.0 -9999.0 -9999.0 -9999.0 -9999.0 -9999.0 -9999.0 -9999.0
-9999.0 -9999.0 -9999.0 -9999.0 -9999.0 -9999.0 -9999.0 -9999.0 -9999.0 -9999.0 -9999.0 55.787007 53.474862 50.366248 56.221825 42.845085 51.984023 44.713629 54.924565 50.569400 33.411376 35.672585 52.166504 45.712345 50.507892 41.842899 50.145891 43.539463 56.511785 57.989563 56.925738 52.093520 55.422948 55.773280 53.344852 58.414746 60.211349 77.627465 24.208974 42.053779 43.751338 51.762772 46.614162 54.596535 52.583804 51.088850 53.729730 62.018960 52.487806 44.305529 -9999.0 -9999.0 -9999.0 -9999.0 -9999.0 -9999.0 -9999.0 -9999.0 -9999.0 -9999.0 -9999.0 -9999.0 -9999.0 -9999.0 -9999.0
-9999.0 -9999.0 -9999.0 -9999.0 -9999.0 -9999.0 -9999.0 -9999.0 -9999.0 -9999.0 -9999.0 -9999.0 53.089029 44.298821 48.687513 42.078599 46.194174 39.764800 47.007647 40.802097 45.778792 40.222358 54.724628 49.145101 54.872571 45.738865 53.774781 47.122182 60.683405 54.286257 67.010668 57.935801 50.460867 50.338762 49.618806 51.696900 56.414265 75.720252 22.767119 40.933537 42.697563 49.952541 43.203180 49.648381 40.074703 50.432700 50.084800 57.428195 47.337389 38.772383 -9999.0 -9999.0 -9999.0 -9999.0 -9999.0 -9999.0 -9999.0 -9999.0 -9999.0 -9999.0 -9999.0 -9999.0 -9999.0 -9999.0 -9999.0
-9999.0 -9999.0 -9999.0 -9999.0 -9999.0 -9999.0 -9999.0 -9999.0 -9999.0 -9999.0 -9999.0 -9999.0 -9999.0 51.829065 52.640979 46.978508 51.190130 45.108862 51.091824 47.631120 45.272411 41.404850 50.215975 45.466893 53.222943 45.067195 46.051223 32.235792 51.376630 44.858827 46.781915 47.807259 57.709800 50.448211 52.626859 52.692185 57.727466 71.454436 44.716268 47.800452 47.173756 56.756012 50.801572 55.728474 50.845427 55.516787 52.336086 61.700795 55.158043 53.136233 -9999.0 -9999.0 -9999.0 -9999.0 -9999.0 -9999.0 -9999.0 -9999.0 -9999.0 -9999.0 -9999.0 -9999.0 -9999.0 -9999.0 -9999.0
-9999.0 -9999.0 -9999.0 -9999.0 -9999.0 -9999.0 -9999.0 -9999.0 -9999.0 -9999.0 -9999.0 -9999.0 -9999.0 -9999.0 50.448736 42.426744 51.705335 48.473386 56.228816 46.983736 45.023648 40.577359 49.285474 38.786590 26.242430 31.681840 68.056611 -0.081533 100.730052 127.165062 62.925577 50.104561 59.186750 49.979959 51.638371 56.161861 65.911877 73.229902 64.220465 63.707933 54.964923 60.507345 52.082248 55.987179 49.992783 55.991430 50.407363 54.839225 45.373194 -9999.0 -9999.0 -9999.0 -9999.0 -9999.0 -9999.0 -9999.0 -9999.0 -9999.0 -9999.0 -9999.0 -9999.0 -9999.0 -9999.0 -9999.0 -9999.0
-9999.0 -9999.0 -9999.0 -9999.0 -9999.0 -9999.0 -9999.0 -9999.0 -9999.0 -9999.0 -9999.0 -9999.0 -9999.0 -9999.0 -9999.0 47.282268 60.225728 65.652134 56.308105 51.459607 52.765804 47.577929 41.177526 -0.067202 34.147969 -0.008647 45.939393 -0.049793 44.766805 -0.040510 152.639170 56.816170 59.228513 56.784917 52.845352 64.429904 54.806929 50.852007 35.773219 65.250210 51.084017 57.277210 52.781733 56.920964 51.404299 54.456694 50.130849 59.981811 45.476653 -9999.0 -9999.0 -9999.0 -9999.0 -9999.0 -9999.0 -9999.0 -9999.0 -9999.0 -9999.0 -9999.0 -9999.0 -9999.0 -9999.0 -9999.0 -9999.0
-9999.0 -9999.0 -9999.0 -9999.0 -9999.0 -9999.0 -9999.0 -9999.0 -9999.0 -9999.0 -9999.0 -9999.0 -9999.0 -9999.0 -9999.0 -9999.0 -9999.0 36.301516 48.347114 46.454795 49.939428 35.042637 -0.072774 -0.048245 25.527799 -0.040095 25.362302 -0.131147 17.165031 -0.053634 92.446395 37.850998 66.496565 53.574944 56.861525 94.585738 54.924781 55.507784 49.177188 57.343700 54.138628 58.790226 56.739147 57.947096 53.516227 55.093695 45.645448 63.683756 48.953383 -9999.0 -9999.0 -9999.0 -9999.0 -9999.0 -9999.0 -9999.0 -9999.0 -9999.0 -9999.0 -9999.0 -9999.0 -9999.0 -9999.0 -9999.0 -9999.0
-9999.0 -9999.0 -9999.0 -9999.0 -9999.0 -9999.0 -9999.0 -9999.0 -9999.0 -9999.0 -9999.0 -9999.0 -9999.0 -9999.0 -9999.0 -9999.0 -9999.0 48.095381 49.930749 48.727259 53.230174 -0.037811 65.706596 36.897934 84.561100 18.655043 35.692324 -0.077990 69.544685 19.447655 151.427302 78.565465 124.872629 73.950540 60.475335 60.379633 23.119588 36.341651 22.400486 21.618064 40.200642 39.407237 51.646794 52.254029 50.394322 63.698839 45.982611 43.101828 42.127676 -9999.0 -9999.0 -9999.0 -9999.0 -9999.0 -9999.0 -9999.0 -9999.0 -9999.0 -9999.0 -9999.0 -9999.0 -9999.0 -9999.0 -9999.0 -9999.0
-9999.0 -9999.0 -9999.0 -9999.0 -9999.0 -9999.0 -9999.0 -9999.0 -9999.0 -9999.0 -9999.0 -9999.0 -9999.0 -9999.0 -9999.0 -9999.0 -9999.0 -9999.0 40.961858 43.637645 46.684953 -0.030513 29.709767 -0.009697 66.433923 18.908793 -0.011260 -0.085935 37.669490 -0.013263 69.991767 134.029739 229.043897 250.217112 62.917977 84.905924 41.818328 53.622894 43.392978 48.560447 55.307463 52.128936 54.004212 60.107625 50.894855 69.661771 55.350348 54.708165 37.092050 -9999.0 -9999.0 -9999.0 -9999.0 -9999.0 -9999.0 -9999.0 -9999.0 -9999.0 -9999.0 -9999.0 -9999.0 -9999.0 -9999.0 -9999.0 -9999.0
-9999.0 -9999.0 -9999.0 -9999.0 -9999.0 -9999.0 -9999.0 -9999.0 -9999.0 -9999.0 -9999.0 -9999.0 -9999.0 -9999.0 -9999.0 -9999.0 -9999.0 -9999.0 56.516352 50.979558 53.624490 66.368299 78.222875 30.887704 29.784908 22.248784 139.623452 67.780746 124.563184 -0.012221 170.383263 264.202415 224.783375 130.863761 -0.110286 16.903036 14.874070 43.035239 32.944570 36.568042 40.018896 37.386708 59.350174 59.773332 58.268196 46.733245 29.761453 39.376303 -9999.0 -9999.0 -9999.0 -9999.0 -9999.0 -9999.0 -9999.0 -9999.0 -9999.0 -9999.0 -9999.0 -9999.0 -9999.0 -9999.0 -9999.0 -9999.0 -9999.0
-9999.0 -9999.0 -9999.0 -9999.0 -9999.0 -9999.0 -9999.0 -9999.0 -9999.0 -9999.0 -9999.0 -9999.0 -9999.0 -9999.0 -9999.0 -9999.0 -9999.0 -9999.0 -9999.0 48.958649 48.774349 27.342834 -0.056419 -0.059432 -0.044791 -0.077646 49.283274 27.966158 95.890159 -0.041732 222.368382 371.237463 132.059610 70.668323 -0.158704 -0.052834 40.994000 65.304705 42.433795 40.775397 50.827642 48.528686 65.360588 69.865109 58.536960 58.280830 23.533517 29.843438 -9999.0 -9999.0 -9999.0 -9999.0 -9999.0 -9999.0 -9999.0 -9999.0 -9999.0 -9999.0 -9999.0 -9999.0 -9999.0 -9999.0 -9999.0 -9999.0 -9999.0
-9999.0 -9999.0 -9999.0 -9999.0 -9999.0 -9999.0 -9999.0 -9999.0 -9999.0 -9999.0 -9999.0 -9999.0 -9999.0 -9999.0 -9999.0 -9999.0 -9999.0 -9999.0 -9999.0 -9999.0 49.559978 65.846628 47.795620 5.213690 59.183197 22.212910 81.412716 -0.040857 119.741847 138.622598 273.066827 127.674156 -0.207541 -0.063870 -0.145853 26.339296 -0.098311 -0.084626 24.570006 28.123928 51.364409 49.469091 55.444967 54.412393 44.865082 50.788758 23.039516 -9999.0 -9999.0 -9999.0 -9999.0 -9999.0 -9999.0 -9999.0 -9999.0 -9999.0 -9999.0 -9999.0 -9999.0 -9999.0 -9999.0 -9999.0 -9999.0 -9999.0 -9999.0
-9999.0 -9999.0 -9999.0 -9999.0 -9999.0 -9999.0 -9999.0 -9999.0 -9999.0 -9999.0 -9999.0 -9999.0 -9999.0 -9999.0 -9999.0 -9999.0 -9999.0 -9999.0 -9999.0 -9999.0 -9999.0 -0.057097 7.090049 -0.068233 5.214262 -0.045861 64.569601 7.574509 19.080807 196.117019 181.333443 224.620463 -0.123792 131.435727 -0.164728 31.680822 -0.162850 -0.137364 29.145747 43.413963 55.804684 56.213775 61.515564 59.491466 51.064114 52.330177 44.192628 -9999.0 -9999.0 -9999.0 -9999.0 -9999.0 -9999.0 -9999.0 -9999.0 -9999.0 -9999.0 -9999.0 -9999.0 -9999.0 -9999.0 -9999.0 -9999.0 -9999.0 -9999.0
-9999.0 -9999.0 -9999.0 -9999.0 -9999.0 -9999.0 -9999.0 -9999.0 -9999.0 -9999.0 -9999.0 -9999.0 -9999.0 -9999.0 -9999.0 -9999.0 -9999.0 -9999.0 -9999.0 -9999.0 -9999.0 152.660807 103.213161 58.977790 102.878067 72.785664 126.416260 66.058345 171.872573 238.656534 91.568721 75.859309 -0.179979 76.551062 -0.074762 12.180499 -0.167101 -0.117345 28.503481 48.199797 49.408610 49.501598 51.637252 48.829156 44.053530 46.822871 -9999.0 -9999.0 -9999.0 -9999.0 -9999.0 -9999.0 -9999.0 -9999.0 -9999.0 -9999.0 -9999.0 -9999.0 -9999.0 -9999.0 -9999.0 -9999.0 -9999.0 -9999.0 -9999.0
-9999.0 -9999.0 -9999.0 -9999.0 -9999.0 -9999.0 -9999.0 -9999.0 -9999.0 -9999.0 -9999.0 -9999.0 -9999.0 -9999.0 -9999.0 -9999.0 -9999.0 -9999.0 -9999.0 -9999.0 -9999.0 56.549260 38.900720 32.093727 38.069052 -0.030763 38.409905 6.603777 135.419196 207.124943 120.412171 127.654021 -0.176216 40.580523 -0.140230 5.290464 -0.147050 -0.076267 -0.017777 44.583541 49.513538 51.552049 56.670251 52.688657 53.821183 54.884346 -9999.0 -9999.0 -9999.0 -9999.0 -9999.0 -9999.0 -9999.0 -9999.0 -9999.0 -9999.0 -9999.0 -9999.0 -9999.0 -9999.0 -9999.0 -9999.0 -9999.0 -9999.0 -9999.0
-9999.0 -9999.0 -9999.0 -9999.0 -9999.0 -9999.0 -9999.0 -9999.0 -9999.0 -9999.0 -9999.0 -9999.0 -9999.0 -9999.0 -9999.0 -9999.0 -9999.0 -9999.0 -9999.0 -9999.0 -9999.0 60.803642 95.783751 67.718529 103.104413 51.396753 76.079813 45.525023 166.365150 186.337512 81.244610 159.764633 -0.083248 139.403049 -0.166182 166.860778 19.982904 110.375443 19.072076 49.520090 47.436005 46.264480 55.442671 51.376906 45.955439 37.001452 -9999.0 -9999.0 -9999.0 -9999.0 -9999.0 -9999.0 -9999.0 -9999.0 -9999.0 -9999.0 -9999.0 -9999.0 -9999.0 -9999.0 -9999.0 -9999.0 -9999.0 -9999.0 -9999.0
-9999.0 -9999.0 -9999.0 -9999.0 -9999.0 -9999.0 -9999.0 -9999.0 -9999.0 -9999.0 -9999.0 -9999.0 -9999.0 -9999.0 -9999.0 -9999.0 -9999.0 -9999.0 -9999.0 -9999.0 -9999.0 -9999.0 71.681429 51.472182 73.408917 19.678278 54.110794 65.615037 148.081320 157.275058 22.773368 156.165576 -0.059561 157.543833 9.834131 140.460903 42.375909 129.836925 6.525283 51.987719 52.192329 57.128938 58.846399 59.460105 49.590454 -9999.0 -9999.0 -9999.0 -9999.0 -9999.0 -9999.0 -9999.0 -9999.0 -9999.0 -9999.0 -9999.0 -9999.0 -9999.0 -9999.0 -9999.0 -9999.0 -9999.0 -9999.0 -9999.0 -9999.0
-9999.0 -9999.0 -9999.0 -9999.0 -9999.0 -9999.0 -9999.0 -9999.0 -9999.0 -9999.0 -9999.0 -9999.0 -9999.0 -9999.0 -9999.0 -9999.0 -9999.0 -9999.0 -9999.0 -9999.0 -9999.0 -9999.0 -9999.0 41.619514 108.784327 72.176513 91.505921 130.275851 94.184204 83.827919 18.560682 333.642028 -0.077379 88.909164 -0.047112 83.345612 30.557508 104.687049 -0.134937 47.545841 43.164778 45.185008 41.951664 46.945172 43.224928 -9999.0 -9999.0 -9999.0 -9999.0 -9999.0 -9999.0 -9999.0 -9999.0 -9999.0 -9999.0 -9999.0 -9999.0 -9999.0 -9999.0 -9999.0 -9999.0 -9999.0 -9999.0 -9999.0 -9999.0
-9999.0 -9999.0 -9999.0 -9999.0 -9999.0 -9999.0 -9999.0 -9999.0 -9999.0 -9999.0 -9999.0 -9999.0 -9999.0 -9999.0 -9999.0 -9999.0 -9999.0 -9999.0 -9999.0 -9999.0 -9999.0 -9999.0 -9999.0 -9999.0 -9999.0 -9999.0 34.396524 91.441976 82.692985 72.326036 90.687405 304.885106 -0.035038 82.545049 -0.071937 191.111947 10.984310 80.437935 -0.097240 43.726425 43.411567 52.217788 48.232250 65.983389 39.127243 -9999.0 -9999.0 -9999.0 -9999.0 -9999.0 -9999.0 -9999.0 -9999.0 -9999.0 -9999.0 -9999.0 -9999.0 -9999.0 -9999.0 -9999.0 -9999.0 -9999.0 -9999.0 -9999.0 -9999.0
-9999.0 -9999.0 -9999.0 -9999.0 -9999.0 -9999.0 -9999.0 -9999.0 -9999.0 -9999.0 -9999.0 -9999.0 -9999.0 -9999.0 -9999.0 -9999.0 -9999.0 -9999.0 -9999.0 -9999.0 -9999.0 -9999.0 -9999.0 -9999.0 -9999.0 -9999.0 -9999.0 57.474846 120.292523 131.599083 71.190722 306.647138 -0.070125 108.674336 -0.121293 112.168835 -0.111449 -0.067581 -0.142539 40.207271 36.227397 48.156700 41.553046 -0.025443 -9999.0 -9999.0 -9999.0 -9999.0 -9999.0 -9999.0 -9999.0 -9999.0 -9999.0 -9999.0 -9999.0 -9999.0 -9999.0 -9999.0 -9999.0 -9999.0 -9999.0 -9999.0 -9999.0 -9999.0 -9999.0
