geotop/1.0zi/1.0Montebello/Templates/Dripsey sc/maps/thetaliqL0004N0067.asc
ncols         69
nrows         152
xllcorner     146499.903857
yllcorner     75332.942244
cellsize      50.000000
NODATA_value  -9999.0
[rows 58 to 86 of 152, columns 0 to 65 of 69]
-9999.0 -9999.0 -9999.0 0.430000 0.430000 0.429611 0.429856 0.429988 0.430000 0.430000 0.430000 0.430000 0.430000 0.428494 0.430000 0.430000 0.430000 0.430000 0.430000 0.430000 0.430000 0.429733 0.429322 0.430000 0.430000 0.430000 0.430000 0.430000 0.429762 0.430000 0.429830 0.430000 0.430000 0.430000 0.430000 0.430000 0.430000 0.430000 0.430000 0.429237 0.429940 0.429786 0.430000 0.430000 0.430000 0.430000 0.430000 0.430000 0.428385 0.428804 0.425686 0.428194 0.427456 0.428150 0.427057 0.427887 0.429718 0.429308 0.430000 -9999.0 -9999.0 -9999.0 -9999.0 -9999.0 -9999.0 -9999.0
-9999.0 -9999.0 -9999.0 0.430000 0.430000 0.429534 0.430000 0.430000 0.430000 0.430000 0.430000 0.430000 0.430000 0.428586 0.430000 0.430000 0.430000 0.430000 0.430000 0.430000 0.430000 0.429349 0.430000 0.430000 0.430000 0.430000 0.428461 0.430000 0.428880 0.429939 0.428947 0.429770 0.428390 0.429497 0.429706 0.429058 0.429787 0.429809 0.429663 0.428691 0.429417 0.429439 0.430000 0.430000 0.430000 0.430000 0.430000 0.430000 0.429679 0.429573 0.426937 0.429362 0.427213 -9999.0 -9999.0 -9999.0 -9999.0 -9999.0 -9999.0 -9999.0 -9999.0 -9999.0 -9999.0 -9999.0 -9999.0 -9999.0
-9999.0 -9999.0 -9999.0 0.430000 0.430000 0.430000 0.430000 0.430000 0.430000 0.430000 0.430000 0.430000 0.430000 0.430000 0.430000 0.429968 0.430000 0.429862 0.430000 0.429801 0.430000 0.429971 0.430000 0.430000 0.430000 0.430000 0.430000 0.430000 0.430000 0.430000 0.430000 0.430000 0.430000 0.430000 0.430000 0.430000 0.430000 0.430000 0.430000 0.430000 0.430000 0.430000 0.430000 0.430000 0.429641 0.430000 0.430000 0.430000 0.428278 0.429178 0.426018 0.429497 0.429470 -9999.0 -9999.0 -9999.0 -9999.0 -9999.0 -9999.0 -9999.0 -9999.0 -9999.0 -9999.0 -9999.0 -9999.0 -9999.0
-9999.0 -9999.0 -9999.0 -9999.0 -9999.0 0.429847 0.430000 0.430000 0.430000 0.430000 0.430000 0.430000 0.430000 0.430000 0.430000 0.429855 0.430000 0.429841 0.430000 0.429809 0.430000 0.430000 0.430000 0.430000 0.430000 0.430000 0.430000 0.430000 0.428620 0.429640 0.429189 0.430000 0.429357 0.429787 0.429575 0.429381 0.429845 0.429712 0.430000 0.429757 0.430000 0.430000 0.430000 0.430000 0.429508 0.430000 0.430000 0.430000 0.426319 0.428482 0.425986 0.427867 0.428844 -9999.0 -9999.0 -9999.0 -9999.0 -9999.0 -9999.0 -9999.0 -9999.0 -9999.0 -9999.0 -9999.0 -9999.0 -9999.0
-9999.0 -9999.0 -9999.0 -9999.0 -9999.0 -9999.0 0.429442 0.429246 0.429574 0.428858 0.430000 0.429732 0.430000 0.429313 0.429403 0.428205 0.430000 0.430000 0.430000 0.429129 0.430000 0.430000 0.430000 0.429125 0.430000 0.430000 0.430000 0.430000 0.430000 0.429602 0.430000 0.430000 0.430000 0.430000 0.430000 0.430000 0.430000 0.430000 0.430000 0.430000 0.430000 0.430000 0.429041 0.430000 0.429121 0.430000 0.428156 0.430000 0.428406 0.430000 0.427582 0.429148 0.430000 -9999.0 -9999.0 -9999.0 -9999.0 -9999.0 -9999.0 -9999.0 -9999.0 -9999.0 -9999.0 -9999.0 -9999.0 -9999.0
-9999.0 -9999.0 -9999.0 -9999.0 -9999.0 -9999.0 -9999.0 0.429732 0.429695 0.429182 0.430000 0.430000 0.430000 0.429783 0.430000 0.428805 0.430000 0.430000 0.430000 0.429155 0.430000 0.429728 0.430000 0.429684 0.430000 0.430000 0.430000 0.430000 0.429937 0.429508 0.429093 0.429965 0.428586 0.429196 0.429817 0.430000 0.429775 0.428609 0.429401 0.430000 0.430000 0.430000 0.429640 0.430000 0.429948 0.430000 0.428909 0.430000 0.428622 0.430000 0.429660 0.430000 0.428763 -9999.0 -9999.0 -9999.0 -9999.0 -9999.0 -9999.0 -9999.0 -9999.0 -9999.0 -9999.0 -9999.0 -9999.0 -9999.0
-9999.0 -9999.0 -9999.0 -9999.0 -9999.0 -9999.0 -9999.0 -9999.0 0.429365 0.428688 0.430000 0.429451 0.430000 0.429661 0.430000 0.429756 0.430000 0.429607 0.429929 0.428376 0.430000 0.430000 0.430000 0.429556 0.430000 0.429589 0.430000 0.430000 0.430000 0.430000 0.430000 0.430000 0.429001 0.430000 0.430000 0.429350 0.430000 0.429325 0.430000 0.430000 0.430000 0.430000 0.428415 0.430000 0.429559 0.430000 0.429652 0.430000 0.430000 0.430000 0.430000 0.430000 0.430000 -9999.0 -9999.0 -9999.0 -9999.0 -9999.0 -9999.0 -9999.0 -9999.0 -9999.0 -9999.0 -9999.0 -9999.0 -9999.0
-9999.0 -9999.0 -9999.0 -9999.0 -9999.0 -9999.0 -9999.0 -9999.0 -9999.0 0.429536 0.429920 0.429339 0.430000 0.429792 0.430000 0.430000 0.430000 0.429331 0.430000 0.428989 0.430000 0.430000 0.430000 0.429352 0.430000 0.429727 0.430000 0.430000 0.430000 0.430000 0.430000 0.430000 0.428562 0.429654 0.429360 0.428371 0.429286 0.430000 0.430000 0.430000 0.429709 0.430000 0.427825 0.429842 0.429388 0.430000 0.429151 0.430000 0.429849 0.430000 0.429126 0.430000 0.430000 -9999.0 -9999.0 -9999.0 -9999.0 -9999.0 -9999.0 -9999.0 -9999.0 -9999.0 -9999.0 -9999.0 -9999.0 -9999.0
-9999.0 -9999.0 -9999.0 -9999.0 -9999.0 -9999.0 -9999.0 -9999.0 -9999.0 -9999.0 0.430000 0.429647 0.430000 0.429597 0.430000 0.427580 0.429178 0.430000 0.430000 0.430000 0.430000 0.430000 0.430000 0.430000 0.430000 0.429741 0.430000 0.429958 0.430000 0.430000 0.430000 0.430000 0.430000 0.430000 0.430000 0.430000 0.430000 0.430000 0.430000 0.430000 0.429372 0.430000 0.428561 0.430000 0.430000 0.430000 0.429677 0.430000 0.429920 0.430000 0.430000 0.430000 -9999.0 -9999.0 -9999.0 -9999.0 -9999.0 -9999.0 -9999.0 -9999.0 -9999.0 -9999.0 -9999.0 -9999.0 -9999.0 -9999.0
-9999.0 -9999.0 -9999.0 -9999.0 -9999.0 -9999.0 -9999.0 -9999.0 -9999.0 -9999.0 -9999.0 0.428878 0.429927 0.429330 0.429875 0.428421 0.429779 0.430000 0.430000 0.430000 0.430000 0.430000 0.430000 0.430000 0.430000 0.430000 0.430000 0.430000 0.430000 0.430000 0.430000 0.430000 0.430000 0.430000 0.430000 0.430000 0.430000 0.430000 0.429720 0.429622 0.430000 0.430000 0.429144 0.430000 0.429600 0.430000 0.429362 0.430000 0.429203 0.430000 0.430000 -9999.0 -9999.0 -9999.0 -9999.0 -9999.0 -9999.0 -9999.0 -9999.0 -9999.0 -9999.0 -9999.0 -9999.0 -9999.0 -9999.0 -9999.0
-9999.0 -9999.0 -9999.0 -9999.0 -9999.0 -9999.0 -9999.0 -9999.0 -9999.0 -9999.0 -9999.0 0.430000 0.430000 0.430000 0.430000 0.429412 0.430000 0.429748 0.430000 0.430000 0.428409 0.428317 0.430000 0.429920 0.430000 0.429342 0.430000 0.429585 0.430000 0.430000 0.430000 0.430000 0.430000 0.430000 0.430000 0.430000 0.430000 0.430000 0.427175 0.429633 0.429657 0.430000 0.429955 0.430000 0.430000 0.430000 0.430000 0.430000 0.430000 0.429797 -9999.0 -9999.0 -9999.0 -9999.0 -9999.0 -9999.0 -9999.0 -9999.0 -9999.0 -9999.0 -9999.0 -9999.0 -9999.0 -9999.0 -9999.0 -9999.0
-9999.0 -9999.0 -9999.0 -9999.0 -9999.0 -9999.0 -9999.0 -9999.0 -9999.0 -9999.0 -9999.0 -9999.0 0.430000 0.429714 0.430000 0.429296 0.429926 0.429038 0.429945 0.429182 0.429885 0.429136 0.430000 0.430000 0.430000 0.429924 0.430000 0.429860 0.430000 0.430000 0.430000 0.430000 0.430000 0.430000 0.430000 0.430000 0.430000 0.430000 0.426986 0.429427 0.429496 0.430000 0.429523 0.430000 0.429139 0.430000 0.430000 0.430000 0.429997 0.428870 -9999.0 -9999.0 -9999.0 -9999.0 -9999.0 -9999.0 -9999.0 -9999.0 -9999.0 -9999.0 -9999.0 -9999.0 -9999.0 -9999.0 -9999.0 -9999.0
-9999.0 -9999.0 -9999.0 -9999.0 -9999.0 -9999.0 -9999.0 -9999.0 -9999.0 -9999.0 -9999.0 -9999.0 -9999.0 0.430000 0.430000 0.430000 0.430000 0.429704 0.430000 0.430000 0.429837 0.429244 0.430000 0.429801 0.430000 0.429700 0.430000 0.427990 0.430000 0.430000 0.430000 0.430000 0.430000 0.430000 0.430000 0.430000 0.430000 0.430000 0.429674 0.430000 0.430000 0.430000 0.430000 0.430000 0.430000 0.430000 0.430000 0.430000 0.430000 0.430000 -9999.0 -9999.0 -9999.0 -9999.0 -9999.0 -9999.0 -9999.0 -9999.0 -9999.0 -9999.0 -9999.0 -9999.0 -9999.0 -9999.0 -9999.0 -9999.0
-9999.0 -9999.0 -9999.0 -9999.0 -9999.0 -9999.0 -9999.0 -9999.0 -9999.0 -9999.0 -9999.0 -9999.0 -9999.0 -9999.0 0.430000 0.429416 0.430000 0.430000 0.430000 0.430000 0.429793 0.429099 0.430000 0.429170 0.428327 0.427541 0.430000 0.421359 0.430000 0.430000 0.430000 0.430000 0.430000 0.430000 0.430000 0.430000 0.430000 0.430000 0.430000 0.430000 0.430000 0.430000 0.430000 0.430000 0.430000 0.430000 0.430000 0.430000 0.429853 -9999.0 -9999.0 -9999.0 -9999.0 -9999.0 -9999.0 -9999.0 -9999.0 -9999.0 -9999.0 -9999.0 -9999.0 -9999.0 -9999.0 -9999.0 -9999.0 -9999.0
-9999.0 -9999.0 -9999.0 -9999.0 -9999.0 -9999.0 -9999.0 -9999.0 -9999.0 -9999.0 -9999.0 -9999.0 -9999.0 -9999.0 -9999.0 0.430000 0.430000 0.430000 0.430000 0.430000 0.430000 0.430000 0.429568 0.423141 0.428786 0.424818 0.430000 0.423823 0.429149 0.426156 0.430000 0.430000 0.430000 0.430000 0.430000 0.430000 0.430000 0.430000 0.428643 0.430000 0.430000 0.430000 0.430000 0.430000 0.430000 0.430000 0.430000 0.430000 0.429858 -9999.0 -9999.0 -9999.0 -9999.0 -9999.0 -9999.0 -9999.0 -9999.0 -9999.0 -9999.0 -9999.0 -9999.0 -9999.0 -9999.0 -9999.0 -9999.0 -9999.0
-9999.0 -9999.0 -9999.0 -9999.0 -9999.0 -9999.0 -9999.0 -9999.0 -9999.0 -9999.0 -9999.0 -9999.0 -9999.0 -9999.0 -9999.0 -9999.0 -9999.0 0.428662 0.430000 0.429981 0.430000 0.428940 0.422352 0.423320 0.427109 0.424359 0.427333 0.419085 0.426648 0.421629 0.430000 0.430000 0.430000 0.430000 0.430000 0.430000 0.430000 0.430000 0.429824 0.430000 0.430000 0.430000 0.430000 0.430000 0.430000 0.430000 0.429941 0.430000 0.430000 -9999.0 -9999.0 -9999.0 -9999.0 -9999.0 -9999.0 -9999.0 -9999.0 -9999.0 -9999.0 -9999.0 -9999.0 -9999.0 -9999.0 -9999.0 -9999.0 -9999.0
-9999.0 -9999.0 -9999.0 -9999.0 -9999.0 -9999.0 -9999.0 -9999.0 -9999.0 -9999.0 -9999.0 -9999.0 -9999.0 -9999.0 -9999.0 -9999.0 -9999.0 0.430000 0.430000 0.430000 0.430000 0.425284 0.429924 0.428665 0.430000 0.426879 0.430000 0.422103 0.429536 0.427339 0.430000 0.430000 0.430000 0.430000 0.430000 0.430000 0.426681 0.428662 0.426985 0.426999 0.429054 0.429016 0.430000 0.430000 0.430000 0.430000 0.429892 0.429515 0.429220 -9999.0 -9999.0 -9999.0 -9999.0 -9999.0 -9999.0 -9999.0 -9999.0 -9999.0 -9999.0 -9999.0 -9999.0 -9999.0 -9999.0 -9999.0 -9999.0 -9999.0
-9999.0 -9999.0 -9999.0 -9999.0 -9999.0 -9999.0 -9999.0 -9999.0 -9999.0 -9999.0 -9999.0 -9999.0 -9999.0 -9999.0 -9999.0 -9999.0 -9999.0 -9999.0 0.429261 0.429500 0.430000 0.423647 0.428689 0.424894 0.430000 0.428834 0.426665 0.419206 0.428719 0.424768 0.430000 0.430000 0.430000 0.430000 0.430000 0.430000 0.429328 0.430000 0.429509 0.430000 0.430000 0.430000 0.430000 0.430000 0.430000 0.430000 0.430000 0.430000 0.428763 -9999.0 -9999.0 -9999.0 -9999.0 -9999.0 -9999.0 -9999.0 -9999.0 -9999.0 -9999.0 -9999.0 -9999.0 -9999.0 -9999.0 -9999.0 -9999.0 -9999.0
-9999.0 -9999.0 -9999.0 -9999.0 -9999.0 -9999.0 -9999.0 -9999.0 -9999.0 -9999.0 -9999.0 -9999.0 -9999.0 -9999.0 -9999.0 -9999.0 -9999.0 -9999.0 0.430000 0.430000 0.430000 0.430000 0.430000 0.428657 0.430000 0.428755 0.430000 0.430000 0.430000 0.428812 0.430000 0.430000 0.430000 0.428001 0.415428 0.428241 0.426962 0.429708 0.428177 0.428556 0.429105 0.428704 0.430000 0.430000 0.430000 0.429672 0.427497 0.428821 -9999.0 -9999.0 -9999.0 -9999.0 -9999.0 -9999.0 -9999.0 -9999.0 -9999.0 -9999.0 -9999.0 -9999.0 -9999.0 -9999.0 -9999.0 -9999.0 -9999.0 -9999.0
-9999.0 -9999.0 -9999.0 -9999.0 -9999.0 -9999.0 -9999.0 -9999.0 -9999.0 -9999.0 -9999.0 -9999.0 -9999.0 -9999.0 -9999.0 -9999.0 -9999.0 -9999.0 -9999.0 0.430000 0.430000 0.428795 0.423417 0.424197 0.423790 0.421537 0.428181 0.429751 0.430000 0.430000 0.430000 0.430000 0.430000 0.424188 0.418642 0.426265 0.429592 0.430000 0.429312 0.429055 0.430000 0.430000 0.430000 0.430000 0.430000 0.430000 0.427118 0.428055 -9999.0 -9999.0 -9999.0 -9999.0 -9999.0 -9999.0 -9999.0 -9999.0 -9999.0 -9999.0 -9999.0 -9999.0 -9999.0 -9999.0 -9999.0 -9999.0 -9999.0 -9999.0
-9999.0 -9999.0 -9999.0 -9999.0 -9999.0 -9999.0 -9999.0 -9999.0 -9999.0 -9999.0 -9999.0 -9999.0 -9999.0 -9999.0 -9999.0 -9999.0 -9999.0 -9999.0 -9999.0 -9999.0 0.430000 0.430000 0.430000 0.425949 0.430000 0.427468 0.430000 0.426275 0.430000 0.430000 0.430000 0.430000 0.410130 0.428259 0.417639 0.426811 0.418662 0.421148 0.427508 0.427597 0.430000 0.430000 0.430000 0.430000 0.429838 0.430000 0.427094 -9999.0 -9999.0 -9999.0 -9999.0 -9999.0 -9999.0 -9999.0 -9999.0 -9999.0 -9999.0 -9999.0 -9999.0 -9999.0 -9999.0 -9999.0 -9999.0 -9999.0 -9999.0 -9999.0
-9999.0 -9999.0 -9999.0 -9999.0 -9999.0 -9999.0 -9999.0 -9999.0 -9999.0 -9999.0 -9999.0 -9999.0 -9999.0 -9999.0 -9999.0 -9999.0 -9999.0 -9999.0 -9999.0 -9999.0 -9999.0 0.424570 0.426354 0.421650 0.426010 0.421552 0.430000 0.426050 0.430000 0.430000 0.430000 0.430000 0.419953 0.430000 0.414634 0.428366 0.416037 0.419322 0.428024 0.429391 0.430000 0.430000 0.430000 0.430000 0.430000 0.430000 0.429497 -9999.0 -9999.0 -9999.0 -9999.0 -9999.0 -9999.0 -9999.0 -9999.0 -9999.0 -9999.0 -9999.0 -9999.0 -9999.0 -9999.0 -9999.0 -9999.0 -9999.0 -9999.0 -9999.0
-9999.0 -9999.0 -9999.0 -9999.0 -9999.0 -9999.0 -9999.0 -9999.0 -9999.0 -9999.0 -9999.0 -9999.0 -9999.0 -9999.0 -9999.0 -9999.0 -9999.0 -9999.0 -9999.0 -9999.0 -9999.0 0.430000 0.430000 0.429028 0.430000 0.430000 0.430000 0.430000 0.430000 0.430000 0.430000 0.426669 0.416929 0.430000 0.419243 0.427204 0.416234 0.420463 0.428510 0.430000 0.430000 0.430000 0.430000 0.430000 0.429663 0.430000 -9999.0 -9999.0 -9999.0 -9999.0 -9999.0 -9999.0 -9999.0 -9999.0 -9999.0 -9999.0 -9999.0 -9999.0 -9999.0 -9999.0 -9999.0 -9999.0 -9999.0 -9999.0 -9999.0 -9999.0
-9999.0 -9999.0 -9999.0 -9999.0 -9999.0 -9999.0 -9999.0 -9999.0 -9999.0 -9999.0 -9999.0 -9999.0 -9999.0 -9999.0 -9999.0 -9999.0 -9999.0 -9999.0 -9999.0 -9999.0 -9999.0 0.430000 0.430000 0.428067 0.430000 0.424414 0.430000 0.430000 0.430000 0.430000 0.430000 0.428497 0.414342 0.428917 0.416827 0.426354 0.417396 0.421505 0.426043 0.429725 0.430000 0.430000 0.430000 0.430000 0.430000 0.430000 -9999.0 -9999.0 -9999.0 -9999.0 -9999.0 -9999.0 -9999.0 -9999.0 -9999.0 -9999.0 -9999.0 -9999.0 -9999.0 -9999.0 -9999.0 -9999.0 -9999.0 -9999.0 -9999.0 -9999.0
-9999.0 -9999.0 -9999.0 -9999.0 -9999.0 -9999.0 -9999.0 -9999.0 -9999.0 -9999.0 -9999.0 -9999.0 -9999.0 -9999.0 -9999.0 -9999.0 -9999.0 -9999.0 -9999.0 -9999.0 -9999.0 0.430000 0.430000 0.430000 0.430000 0.430000 0.430000 0.430000 0.430000 0.430000 0.430000 0.430000 0.421575 0.430000 0.416279 0.430000 0.426861 0.430000 0.426704 0.430000 0.430000 0.430000 0.430000 0.430000 0.429878 0.428681 -9999.0 -9999.0 -9999.0 -9999.0 -9999.0 -9999.0 -9999.0 -9999.0 -9999.0 -9999.0 -9999.0 -9999.0 -9999.0 -9999.0 -9999.0 -9999.0 -9999.0 -9999.0 -9999.0 -9999.0
-9999.0 -9999.0 -9999.0 -9999.0 -9999.0 -9999.0 -9999.0 -9999.0 -9999.0 -9999.0 -9999.0 -9999.0 -9999.0 -9999.0 -9999.0 -9999.0 -9999.0 -9999.0 -9999.0 -9999.0 -9999.0 -9999.0 0.430000 0.430000 0.430000 0.429618 0.430000 0.430000 0.430000 0.430000 0.430000 0.430000 0.424750 0.430000 0.429621 0.430000 0.430000 0.430000 0.425529 0.430000 0.430000 0.430000 0.430000 0.430000 0.430000 -9999.0 -9999.0 -9999.0 -9999.0 -9999.0 -9999.0 -9999.0 -9999.0 -9999.0 -9999.0 -9999.0 -9999.0 -9999.0 -9999.0 -9999.0 -9999.0 -9999.0 -9999.0 -9999.0 -9999.0 -9999.0
-9999.0 -9999.0 -9999.0 -9999.0 -9999.0 -9999.0 -9999.0 -9999.0 -9999.0 -9999.0 -9999.0 -9999.0 -9999.0 -9999.0 -9999.0 -9999.0 -9999.0 -9999.0 -9999.0 -9999.0 -9999.0 -9999.0 -9999.0 0.430000 0.430000 0.430000 0.430000 0.430000 0.430000 0.430000 0.430000 0.430000 0.424915 0.430000 0.425406 0.430000 0.430000 0.430000 0.417734 0.430000 0.429394 0.429806 0.429389 0.430000 0.429324 -9999.0 -9999.0 -9999.0 -9999.0 -9999.0 -9999.0 -9999.0 -9999.0 -9999.0 -9999.0 -9999.0 -9999.0 -9999.0 -9999.0 -9999.0 -9999.0 -9999.0 -9999.0 -9999.0 -9999.0 -9999.0
-9999.0 -9999.0 -9999.0 -9999.0 -9999.0 -9999.0 -9999.0 -9999.0 -9999.0 -9999.0 -9999.0 -9999.0 -9999.0 -9999.0 -9999.0 -9999.0 -9999.0 -9999.0 -9999.0 -9999.0 -9999.0 -9999.0 -9999.0 -9999.0 -9999.0 -9999.0 0.430000 0.430000 0.430000 0.430000 0.430000 0.430000 0.427529 0.430000 0.423751 0.430000 0.426726 0.429471 0.420334 0.429706 0.429517 0.430000 0.430000 0.430000 0.429056 -9999.0 -9999.0 -9999.0 -9999.0 -9999.0 -9999.0 -9999.0 -9999.0 -9999.0 -9999.0 -9999.0 -9999.0 -9999.0 -9999.0 -9999.0 -9999.0 -9999.0 -9999.0 -9999.0 -9999.0 -9999.0
-9999.0 -9999.0 -9999.0 -9999.0 -9999.0 -9999.0 -9999.0 -9999.0 -9999.0 -9999.0 -9999.0 -9999.0 -9999.0 -9999.0 -9999.0 -9999.0 -9999.0 -9999.0 -9999.0 -9999.0 -9999.0 -9999.0 -9999.0 -9999.0 -9999.0 -9999.0 -9999.0 0.430000 0.430000 0.430000 0.430000 0.430000 0.424407 0.430000 0.419392 0.430000 0.418070 0.422504 0.419302 0.429239 0.428758 0.430000 0.428496 0.424142 -9999.0 -9999.0 -9999.0 -9999.0 -9999.0 -9999.0 -9999.0 -9999.0 -9999.0 -9999.0 -9999.0 -9999.0 -9999.0 -9999.0 -9999.0 -9999.0 -9999.0 -9999.0 -9999.0 -9999.0 -9999.0 -9999.0
