geotop/1.0zi/1.0Montebello/Templates/Dripsey sc/maps/thetaliqL0004N0045.asc
ncols         69
nrows         152
xllcorner     146499.903857
yllcorner     75332.942244
cellsize      50.000000
NODATA_value  -9999.0
[rows 58 to 86 of 152, columns 0 to 65 of 69]
-9999.0 -9999.0 -9999.0 0.430000 0.430000 0.429861 0.430000 0.430000 0.430000 0.430000 0.430000 0.430000 0.430000 0.429076 0.430000 0.430000 0.430000 0.430000 0.430000 0.430000 0.430000 0.429907 0.429692 0.430000 0.430000 0.430000 0.430000 0.430000 0.429975 0.430000 0.429990 0.430000 0.430000 0.430000 0.430000 0.430000 0.430000 0.430000 0.430000 0.429597 0.430000 0.429993 0.430000 0.430000 0.430000 0.430000 0.430000 0.430000 0.429108 0.429336 0.426981 0.428825 0.428288 0.428838 0.428033 0.428649 0.429963 0.429676 0.430000 -9999.0 -9999.0 -9999.0 -9999.0 -9999.0 -9999.0 -9999.0
-9999.0 -9999.0 -9999.0 0.430000 0.430000 0.429820 0.430000 0.430000 0.430000 0.430000 0.430000 0.430000 0.430000 0.429139 0.430000 0.430000 0.430000 0.430000 0.430000 0.430000 0.430000 0.429689 0.430000 0.430000 0.430000 0.430000 0.429049 0.430000 0.429394 0.430000 0.429436 0.429980 0.429002 0.429787 0.429934 0.429479 0.429989 0.430000 0.429901 0.429238 0.429734 0.429778 0.430000 0.430000 0.430000 0.430000 0.430000 0.430000 0.430000 0.429865 0.427906 0.429670 0.428115 -9999.0 -9999.0 -9999.0 -9999.0 -9999.0 -9999.0 -9999.0 -9999.0 -9999.0 -9999.0 -9999.0 -9999.0 -9999.0
-9999.0 -9999.0 -9999.0 0.430000 0.430000 0.430000 0.430000 0.430000 0.430000 0.430000 0.430000 0.430000 0.430000 0.430000 0.430000 0.430000 0.430000 0.430000 0.430000 0.429999 0.430000 0.430000 0.430000 0.430000 0.430000 0.430000 0.430000 0.430000 0.430000 0.430000 0.430000 0.430000 0.430000 0.430000 0.430000 0.430000 0.430000 0.430000 0.430000 0.430000 0.430000 0.430000 0.430000 0.430000 0.429884 0.430000 0.430000 0.430000 0.429010 0.429534 0.427230 0.429766 0.429753 -9999.0 -9999.0 -9999.0 -9999.0 -9999.0 -9999.0 -9999.0 -9999.0 -9999.0 -9999.0 -9999.0 -9999.0 -9999.0
-9999.0 -9999.0 -9999.0 -9999.0 -9999.0 0.430000 0.430000 0.430000 0.430000 0.430000 0.430000 0.430000 0.430000 0.430000 0.430000 0.430000 0.430000 0.430000 0.430000 0.430000 0.430000 0.430000 0.430000 0.430000 0.430000 0.430000 0.430000 0.430000 0.429203 0.429834 0.429552 0.430000 0.429705 0.429985 0.429840 0.429708 0.430000 0.429947 0.430000 0.429948 0.430000 0.430000 0.430000 0.430000 0.429769 0.430000 0.430000 0.430000 0.427545 0.429075 0.427199 0.428583 0.429362 -9999.0 -9999.0 -9999.0 -9999.0 -9999.0 -9999.0 -9999.0 -9999.0 -9999.0 -9999.0 -9999.0 -9999.0 -9999.0
-9999.0 -9999.0 -9999.0 -9999.0 -9999.0 -9999.0 0.429750 0.429618 0.429854 0.429379 0.430000 0.429953 0.430000 0.429645 0.429717 0.428906 0.430000 0.430000 0.430000 0.429530 0.430000 0.430000 0.430000 0.429529 0.430000 0.430000 0.430000 0.430000 0.430000 0.429855 0.430000 0.430000 0.430000 0.430000 0.430000 0.430000 0.430000 0.430000 0.430000 0.430000 0.430000 0.430000 0.429451 0.430000 0.429504 0.430000 0.428851 0.430000 0.429015 0.430000 0.428462 0.429581 0.430000 -9999.0 -9999.0 -9999.0 -9999.0 -9999.0 -9999.0 -9999.0 -9999.0 -9999.0 -9999.0 -9999.0 -9999.0 -9999.0
-9999.0 -9999.0 -9999.0 -9999.0 -9999.0 -9999.0 -9999.0 0.429946 0.429916 0.429579 0.430000 0.430000 0.430000 0.429984 0.430000 0.429294 0.430000 0.430000 0.430000 0.429538 0.430000 0.429925 0.430000 0.429909 0.430000 0.430000 0.430000 0.430000 0.430000 0.429852 0.429478 0.430000 0.429121 0.429571 0.430000 0.430000 0.429975 0.429109 0.429704 0.430000 0.430000 0.430000 0.429876 0.430000 0.430000 0.430000 0.429358 0.430000 0.429193 0.430000 0.429982 0.430000 0.429268 -9999.0 -9999.0 -9999.0 -9999.0 -9999.0 -9999.0 -9999.0 -9999.0 -9999.0 -9999.0 -9999.0 -9999.0 -9999.0
-9999.0 -9999.0 -9999.0 -9999.0 -9999.0 -9999.0 -9999.0 -9999.0 0.429679 0.429225 0.430000 0.429766 0.430000 0.429900 0.430000 0.429960 0.430000 0.429853 0.430000 0.428996 0.430000 0.430000 0.430000 0.429824 0.430000 0.429850 0.430000 0.430000 0.430000 0.430000 0.430000 0.430000 0.429433 0.430000 0.430000 0.429638 0.430000 0.429688 0.430000 0.430000 0.430000 0.430000 0.429015 0.430000 0.429838 0.430000 0.429888 0.430000 0.430000 0.430000 0.430000 0.430000 0.430000 -9999.0 -9999.0 -9999.0 -9999.0 -9999.0 -9999.0 -9999.0 -9999.0 -9999.0 -9999.0 -9999.0 -9999.0 -9999.0
-9999.0 -9999.0 -9999.0 -9999.0 -9999.0 -9999.0 -9999.0 -9999.0 -9999.0 0.429827 0.430000 0.429680 0.430000 0.429987 0.430000 0.430000 0.430000 0.429663 0.430000 0.429429 0.430000 0.430000 0.430000 0.429669 0.430000 0.429941 0.430000 0.430000 0.430000 0.430000 0.430000 0.430000 0.429187 0.429890 0.429685 0.429011 0.429641 0.430000 0.430000 0.430000 0.429928 0.430000 0.428607 0.430000 0.429698 0.430000 0.429539 0.430000 0.430000 0.430000 0.429530 0.430000 0.430000 -9999.0 -9999.0 -9999.0 -9999.0 -9999.0 -9999.0 -9999.0 -9999.0 -9999.0 -9999.0 -9999.0 -9999.0 -9999.0
-9999.0 -9999.0 -9999.0 -9999.0 -9999.0 -9999.0 -9999.0 -9999.0 -9999.0 -9999.0 0.430000 0.429888 0.430000 0.429856 0.430000 0.428389 0.429615 0.430000 0.430000 0.430000 0.430000 0.430000 0.430000 0.430000 0.430000 0.429941 0.430000 0.430000 0.430000 0.430000 0.430000 0.430000 0.430000 0.430000 0.430000 0.430000 0.430000 0.430000 0.430000 0.430000 0.429691 0.430000 0.429122 0.430000 0.430000 0.430000 0.429905 0.430000 0.430000 0.430000 0.430000 0.430000 -9999.0 -9999.0 -9999.0 -9999.0 -9999.0 -9999.0 -9999.0 -9999.0 -9999.0 -9999.0 -9999.0 -9999.0 -9999.0 -9999.0
-9999.0 -9999.0 -9999.0 -9999.0 -9999.0 -9999.0 -9999.0 -9999.0 -9999.0 -9999.0 -9999.0 0.429368 0.430000 0.429683 0.430000 0.429008 0.430000 0.430000 0.430000 0.430000 0.430000 0.430000 0.430000 0.430000 0.430000 0.430000 0.430000 0.430000 0.430000 0.430000 0.430000 0.430000 0.430000 0.430000 0.430000 0.430000 0.430000 0.430000 0.429990 0.429845 0.430000 0.430000 0.429553 0.430000 0.429859 0.430000 0.429718 0.430000 0.429595 0.430000 0.430000 -9999.0 -9999.0 -9999.0 -9999.0 -9999.0 -9999.0 -9999.0 -9999.0 -9999.0 -9999.0 -9999.0 -9999.0 -9999.0 -9999.0 -9999.0
-9999.0 -9999.0 -9999.0 -9999.0 -9999.0 -9999.0 -9999.0 -9999.0 -9999.0 -9999.0 -9999.0 0.430000 0.430000 0.430000 0.430000 0.429728 0.430000 0.429959 0.430000 0.430000 0.428997 0.428997 0.430000 0.430000 0.430000 0.429687 0.430000 0.429860 0.430000 0.430000 0.430000 0.430000 0.430000 0.430000 0.430000 0.430000 0.430000 0.430000 0.428144 0.429862 0.429865 0.430000 0.430000 0.430000 0.430000 0.430000 0.430000 0.430000 0.430000 0.429970 -9999.0 -9999.0 -9999.0 -9999.0 -9999.0 -9999.0 -9999.0 -9999.0 -9999.0 -9999.0 -9999.0 -9999.0 -9999.0 -9999.0 -9999.0 -9999.0
-9999.0 -9999.0 -9999.0 -9999.0 -9999.0 -9999.0 -9999.0 -9999.0 -9999.0 -9999.0 -9999.0 -9999.0 0.430000 0.429934 0.430000 0.429665 0.430000 0.429462 0.430000 0.429572 0.430000 0.429541 0.430000 0.430000 0.430000 0.430000 0.430000 0.430000 0.430000 0.430000 0.430000 0.430000 0.430000 0.430000 0.430000 0.430000 0.430000 0.430000 0.428009 0.429736 0.429768 0.430000 0.429812 0.430000 0.429534 0.430000 0.430000 0.430000 0.430000 0.429376 -9999.0 -9999.0 -9999.0 -9999.0 -9999.0 -9999.0 -9999.0 -9999.0 -9999.0 -9999.0 -9999.0 -9999.0 -9999.0 -9999.0 -9999.0 -9999.0
-9999.0 -9999.0 -9999.0 -9999.0 -9999.0 -9999.0 -9999.0 -9999.0 -9999.0 -9999.0 -9999.0 -9999.0 -9999.0 0.430000 0.430000 0.430000 0.430000 0.429950 0.430000 0.430000 0.430000 0.429623 0.430000 0.430000 0.430000 0.429942 0.430000 0.428733 0.430000 0.430000 0.430000 0.430000 0.430000 0.430000 0.430000 0.430000 0.430000 0.430000 0.429899 0.430000 0.430000 0.430000 0.430000 0.430000 0.430000 0.430000 0.430000 0.430000 0.430000 0.430000 -9999.0 -9999.0 -9999.0 -9999.0 -9999.0 -9999.0 -9999.0 -9999.0 -9999.0 -9999.0 -9999.0 -9999.0 -9999.0 -9999.0 -9999.0 -9999.0
-9999.0 -9999.0 -9999.0 -9999.0 -9999.0 -9999.0 -9999.0 -9999.0 -9999.0 -9999.0 -9999.0 -9999.0 -9999.0 -9999.0 0.430000 0.429736 0.430000 0.430000 0.430000 0.430000 0.429993 0.429532 0.430000 0.429514 0.428872 0.428428 0.430000 0.423749 0.430000 0.430000 0.430000 0.430000 0.430000 0.430000 0.430000 0.430000 0.430000 0.430000 0.430000 0.430000 0.430000 0.430000 0.430000 0.430000 0.430000 0.430000 0.430000 0.430000 0.430000 -9999.0 -9999.0 -9999.0 -9999.0 -9999.0 -9999.0 -9999.0 -9999.0 -9999.0 -9999.0 -9999.0 -9999.0 -9999.0 -9999.0 -9999.0 -9999.0 -9999.0
-9999.0 -9999.0 -9999.0 -9999.0 -9999.0 -9999.0 -9999.0 -9999.0 -9999.0 -9999.0 -9999.0 -9999.0 -9999.0 -9999.0 -9999.0 0.430000 0.430000 0.430000 0.430000 0.430000 0.430000 0.430000 0.429786 0.424997 0.429216 0.426415 0.430000 0.425380 0.429612 0.427079 0.430000 0.430000 0.430000 0.430000 0.430000 0.430000 0.430000 0.430000 0.429192 0.430000 0.430000 0.430000 0.430000 0.430000 0.430000 0.430000 0.430000 0.430000 0.430000 -9999.0 -9999.0 -9999.0 -9999.0 -9999.0 -9999.0 -9999.0 -9999.0 -9999.0 -9999.0 -9999.0 -9999.0 -9999.0 -9999.0 -9999.0 -9999.0 -9999.0
-9999.0 -9999.0 -9999.0 -9999.0 -9999.0 -9999.0 -9999.0 -9999.0 -9999.0 -9999.0 -9999.0 -9999.0 -9999.0 -9999.0 -9999.0 -9999.0 -9999.0 0.429192 0.430000 0.430000 0.430000 0.429334 0.424468 0.425142 0.428159 0.425934 0.428249 0.421871 0.427689 0.424061 0.430000 0.430000 0.430000 0.430000 0.430000 0.430000 0.430000 0.430000 0.430000 0.430000 0.430000 0.430000 0.430000 0.430000 0.430000 0.430000 0.430000 0.430000 0.430000 -9999.0 -9999.0 -9999.0 -9999.0 -9999.0 -9999.0 -9999.0 -9999.0 -9999.0 -9999.0 -9999.0 -9999.0 -9999.0 -9999.0 -9999.0 -9999.0 -9999.0
-9999.0 -9999.0 -9999.0 -9999.0 -9999.0 -9999.0 -9999.0 -9999.0 -9999.0 -9999.0 -9999.0 -9999.0 -9999.0 -9999.0 -9999.0 -9999.0 -9999.0 0.430000 0.430000 0.430000 0.430000 0.426588 0.430000 0.429291 0.430000 0.427950 0.430000 0.424109 0.429774 0.428359 0.430000 0.430000 0.430000 0.430000 0.430000 0.430000 0.427868 0.429190 0.427984 0.427998 0.429476 0.429454 0.430000 0.430000 0.430000 0.430000 0.430000 0.429798 0.429610 -9999.0 -9999.0 -9999.0 -9999.0 -9999.0 -9999.0 -9999.0 -9999.0 -9999.0 -9999.0 -9999.0 -9999.0 -9999.0 -9999.0 -9999.0 -9999.0 -9999.0
-9999.0 -9999.0 -9999.0 -9999.0 -9999.0 -9999.0 -9999.0 -9999.0 -9999.0 -9999.0 -9999.0 -9999.0 -9999.0 -9999.0 -9999.0 -9999.0 -9999.0 -9999.0 0.429605 0.429810 0.430000 0.425515 0.429199 0.426478 0.430000 0.429118 0.427599 0.422129 0.429318 0.426387 0.430000 0.430000 0.430000 0.430000 0.430000 0.430000 0.429638 0.430000 0.429810 0.430000 0.430000 0.430000 0.430000 0.430000 0.430000 0.430000 0.430000 0.430000 0.429250 -9999.0 -9999.0 -9999.0 -9999.0 -9999.0 -9999.0 -9999.0 -9999.0 -9999.0 -9999.0 -9999.0 -9999.0 -9999.0 -9999.0 -9999.0 -9999.0 -9999.0
-9999.0 -9999.0 -9999.0 -9999.0 -9999.0 -9999.0 -9999.0 -9999.0 -9999.0 -9999.0 -9999.0 -9999.0 -9999.0 -9999.0 -9999.0 -9999.0 -9999.0 -9999.0 0.430000 0.430000 0.430000 0.430000 0.430000 0.429075 0.430000 0.429120 0.430000 0.430000 0.430000 0.428649 0.430000 0.430000 0.430000 0.428701 0.419316 0.428737 0.427917 0.429917 0.428824 0.429144 0.429507 0.429245 0.430000 0.430000 0.430000 0.429941 0.428385 0.429334 -9999.0 -9999.0 -9999.0 -9999.0 -9999.0 -9999.0 -9999.0 -9999.0 -9999.0 -9999.0 -9999.0 -9999.0 -9999.0 -9999.0 -9999.0 -9999.0 -9999.0 -9999.0
-9999.0 -9999.0 -9999.0 -9999.0 -9999.0 -9999.0 -9999.0 -9999.0 -9999.0 -9999.0 -9999.0 -9999.0 -9999.0 -9999.0 -9999.0 -9999.0 -9999.0 -9999.0 -9999.0 0.430000 0.430000 0.429169 0.425221 0.425770 0.425555 0.423756 0.428935 0.429908 0.430000 0.429144 0.430000 0.430000 0.430000 0.425951 0.421261 0.427336 0.429801 0.430000 0.429652 0.429485 0.430000 0.430000 0.430000 0.430000 0.430000 0.430000 0.428091 0.428720 -9999.0 -9999.0 -9999.0 -9999.0 -9999.0 -9999.0 -9999.0 -9999.0 -9999.0 -9999.0 -9999.0 -9999.0 -9999.0 -9999.0 -9999.0 -9999.0 -9999.0 -9999.0
-9999.0 -9999.0 -9999.0 -9999.0 -9999.0 -9999.0 -9999.0 -9999.0 -9999.0 -9999.0 -9999.0 -9999.0 -9999.0 -9999.0 -9999.0 -9999.0 -9999.0 -9999.0 -9999.0 -9999.0 0.430000 0.430000 0.430000 0.427195 0.430000 0.428392 0.430000 0.427212 0.430000 0.430000 0.430000 0.430000 0.414771 0.428109 0.421197 0.427856 0.421686 0.423666 0.428321 0.428434 0.430000 0.430000 0.430000 0.430000 0.430000 0.430000 0.428072 -9999.0 -9999.0 -9999.0 -9999.0 -9999.0 -9999.0 -9999.0 -9999.0 -9999.0 -9999.0 -9999.0 -9999.0 -9999.0 -9999.0 -9999.0 -9999.0 -9999.0 -9999.0 -9999.0
-9999.0 -9999.0 -9999.0 -9999.0 -9999.0 -9999.0 -9999.0 -9999.0 -9999.0 -9999.0 -9999.0 -9999.0 -9999.0 -9999.0 -9999.0 -9999.0 -9999.0 -9999.0 -9999.0 -9999.0 -9999.0 0.425911 0.427467 0.423873 0.427333 0.424063 0.430000 0.427090 0.430000 0.430000 0.430000 0.430000 0.422459 0.430000 0.418524 0.428876 0.419554 0.421970 0.428699 0.429731 0.430000 0.430000 0.430000 0.430000 0.430000 0.430000 0.429806 -9999.0 -9999.0 -9999.0 -9999.0 -9999.0 -9999.0 -9999.0 -9999.0 -9999.0 -9999.0 -9999.0 -9999.0 -9999.0 -9999.0 -9999.0 -9999.0 -9999.0 -9999.0 -9999.0
-9999.0 -9999.0 -9999.0 -9999.0 -9999.0 -9999.0 -9999.0 -9999.0 -9999.0 -9999.0 -9999.0 -9999.0 -9999.0 -9999.0 -9999.0 -9999.0 -9999.0 -9999.0 -9999.0 -9999.0 -9999.0 0.430000 0.430000 0.429543 0.430000 0.430000 0.430000 0.430000 0.430000 0.430000 0.430000 0.427912 0.419811 0.430000 0.422341 0.428069 0.419677 0.422876 0.429058 0.430000 0.430000 0.430000 0.430000 0.430000 0.429902 0.430000 -9999.0 -9999.0 -9999.0 -9999.0 -9999.0 -9999.0 -9999.0 -9999.0 -9999.0 -9999.0 -9999.0 -9999.0 -9999.0 -9999.0 -9999.0 -9999.0 -9999.0 -9999.0 -9999.0 -9999.0
-9999.0 -9999.0 -9999.0 -9999.0 -9999.0 -9999.0 -9999.0 -9999.0 -9999.0 -9999.0 -9999.0 -9999.0 -9999.0 -9999.0 -9999.0 -9999.0 -9999.0 -9999.0 -9999.0 -9999.0 -9999.0 0.430000 0.430000 0.428852 0.430000 0.426040 0.430000 0.429128 0.430000 0.430000 0.430000 0.429459 0.417968 0.429361 0.420110 0.427317 0.420653 0.423867 0.427165 0.429945 0.430000 0.430000 0.430000 0.430000 0.430000 0.430000 -9999.0 -9999.0 -9999.0 -9999.0 -9999.0 -9999.0 -9999.0 -9999.0 -9999.0 -9999.0 -9999.0 -9999.0 -9999.0 -9999.0 -9999.0 -9999.0 -9999.0 -9999.0 -9999.0 -9999.0
-9999.0 -9999.0 -9999.0 -9999.0 -9999.0 -9999.0 -9999.0 -9999.0 -9999.0 -9999.0 -9999.0 -9999.0 -9999.0 -9999.0 -9999.0 -9999.0 -9999.0 -9999.0 -9999.0 -9999.0 -9999.0 0.430000 0.430000 0.430000 0.430000 0.430000 0.430000 0.430000 0.430000 0.430000 0.430000 0.430000 0.423937 0.430000 0.419616 0.430000 0.427750 0.430000 0.427776 0.430000 0.430000 0.430000 0.430000 0.430000 0.430000 0.429215 -9999.0 -9999.0 -9999.0 -9999.0 -9999.0 -9999.0 -9999.0 -9999.0 -9999.0 -9999.0 -9999.0 -9999.0 -9999.0 -9999.0 -9999.0 -9999.0 -9999.0 -9999.0 -9999.0 -9999.0
-9999.0 -9999.0 -9999.0 -9999.0 -9999.0 -9999.0 -9999.0 -9999.0 -9999.0 -9999.0 -9999.0 -9999.0 -9999.0 -9999.0 -9999.0 -9999.0 -9999.0 -9999.0 -9999.0 -9999.0 -9999.0 -9999.0 0.430000 0.430000 0.430000 0.429263 0.430000 0.430000 0.430000 0.430000 0.430000 0.430000 0.425907 0.430000 0.429031 0.430000 0.430000 0.430000 0.426927 0.430000 0.430000 0.430000 0.430000 0.430000 0.430000 -9999.0 -9999.0 -9999.0 -9999.0 -9999.0 -9999.0 -9999.0 -9999.0 -9999.0 -9999.0 -9999.0 -9999.0 -9999.0 -9999.0 -9999.0 -9999.0 -9999.0 -9999.0 -9999.0 -9999.0 -9999.0
-9999.0 -9999.0 -9999.0 -9999.0 -9999.0 -9999.0 -9999.0 -9999.0 -9999.0 -9999.0 -9999.0 -9999.0 -9999.0 -9999.0 -9999.0 -9999.0 -9999.0 -9999.0 -9999.0 -9999.0 -9999.0 -9999.0 -9999.0 0.430000 0.430000 0.430000 0.430000 0.430000 0.430000 0.430000 0.430000 0.430000 0.425785 0.430000 0.426176 0.430000 0.429954 0.430000 0.420951 0.430000 0.429764 0.429994 0.429698 0.430000 0.429707 -9999.0 -9999.0 -9999.0 -9999.0 -9999.0 -9999.0 -9999.0 -9999.0 -9999.0 -9999.0 -9999.0 -9999.0 -9999.0 -9999.0 -9999.0 -9999.0 -9999.0 -9999.0 -9999.0 -9999.0 -9999.0
-9999.0 -9999.0 -9999.0 -9999.0 -9999.0 -9999.0 -9999.0 -9999.0 -9999.0 -9999.0 -9999.0 -9999.0 -9999.0 -9999.0 -9999.0 -9999.0 -9999.0 -9999.0 -9999.0 -9999.0 -9999.0 -9999.0 -9999.0 -9999.0 -9999.0 -9999.0 0.430000 0.430000 0.430000 0.430000 0.430000 0.430000 0.427648 0.430000 0.425150 0.430000 0.427936 0.430000 0.422842 0.429933 0.429761 0.430000 0.430000 0.430000 0.429445 -9999.0 -9999.0 -9999.0 -9999.0 -9999.0 -9999.0 -9999.0 -9999.0 -9999.0 -9999.0 -9999.0 -9999.0 -9999.0 -9999.0 -9999.0 -9999.0 -9999.0 -9999.0 -9999.0 -9999.0 -9999.0
-9999.0 -9999.0 -9999.0 -9999.0 -9999.0 -9999.0 -9999.0 -9999.0 -9999.0 -9999.0 -9999.0 -9999.0 -9999.0 -9999.0 -9999.0 -9999.0 -9999.0 -9999.0 -9999.0 -9999.0 -9999.0 -9999.0 -9999.0 -9999.0 -9999.0 -9999.0 -9999.0 0.430000 0.430000 0.430000 0.430000 0.430000 0.425682 0.430000 0.422053 0.430000 0.421224 0.424513 0.421957 0.429576 0.429217 0.430000 0.429158 0.425898 -9999.0 -9999.0 -9999.0 -9999.0 -9999.0 -9999.0 -9999.0 -9999.0 -9999.0 -9999.0 -9999.0 -9999.0 -9999.0 -9999.0 -9999.0 -9999.0 -9999.0 -9999.0 -9999.0 -9999.0 -9999.0 -9999.0
