geotop/1.0zi/1.0Montebello/Templates/Dripsey sc/maps/thetaliqL0004N0057.asc
ncols         69
nrows         152
xllcorner     146499.903857
yllcorner     75332.942244
cellsize      50.000000
NODATA_value  -9999.0
[rows 58 to 86 of 152, columns 0 to 65 of 69]
-9999.0 -9999.0 -9999.0 0.430000 0.430000 0.429719 0.429950 0.430000 0.430000 0.430000 0.430000 0.430000 0.430000 0.428754 0.430000 0.430000 0.430000 0.430000 0.430000 0.430000 0.430000 0.429808 0.429488 0.430000 0.430000 0.430000 0.430000 0.430000 0.429856 0.430000 0.429899 0.430000 0.430000 0.430000 0.430000 0.430000 0.430000 0.430000 0.430000 0.429396 0.430000 0.429881 0.430000 0.430000 0.430000 0.430000 0.430000 0.430000 0.428715 0.429044 0.426258 0.428474 0.427826 0.428458 0.427486 0.428227 0.429828 0.429472 0.430000 -9999.0 -9999.0 -9999.0 -9999.0 -9999.0 -9999.0 -9999.0
-9999.0 -9999.0 -9999.0 0.430000 0.430000 0.429662 0.430000 0.430000 0.430000 0.430000 0.430000 0.430000 0.430000 0.428833 0.430000 0.430000 0.430000 0.430000 0.430000 0.430000 0.430000 0.429501 0.430000 0.430000 0.430000 0.430000 0.428723 0.430000 0.429117 0.430000 0.429166 0.429863 0.428663 0.429626 0.429807 0.429246 0.429875 0.429897 0.429770 0.428936 0.429563 0.429592 0.430000 0.430000 0.430000 0.430000 0.430000 0.430000 0.429841 0.429686 0.427365 0.429499 0.427613 -9999.0 -9999.0 -9999.0 -9999.0 -9999.0 -9999.0 -9999.0 -9999.0 -9999.0 -9999.0 -9999.0 -9999.0 -9999.0
-9999.0 -9999.0 -9999.0 0.430000 0.430000 0.430000 0.430000 0.430000 0.430000 0.430000 0.430000 0.430000 0.430000 0.430000 0.430000 0.430000 0.430000 0.429946 0.430000 0.429889 0.430000 0.430000 0.430000 0.430000 0.430000 0.430000 0.430000 0.430000 0.430000 0.430000 0.430000 0.430000 0.430000 0.430000 0.430000 0.430000 0.430000 0.430000 0.430000 0.430000 0.430000 0.430000 0.430000 0.430000 0.429748 0.430000 0.430000 0.430000 0.428603 0.429336 0.426555 0.429616 0.429596 -9999.0 -9999.0 -9999.0 -9999.0 -9999.0 -9999.0 -9999.0 -9999.0 -9999.0 -9999.0 -9999.0 -9999.0 -9999.0
-9999.0 -9999.0 -9999.0 -9999.0 -9999.0 0.429928 0.430000 0.430000 0.430000 0.430000 0.430000 0.430000 0.430000 0.430000 0.430000 0.429946 0.430000 0.429916 0.430000 0.429893 0.430000 0.430000 0.430000 0.430000 0.430000 0.430000 0.430000 0.430000 0.428883 0.429723 0.429351 0.430000 0.429514 0.429875 0.429693 0.429527 0.429926 0.429819 0.430000 0.429840 0.430000 0.430000 0.430000 0.430000 0.429621 0.430000 0.430000 0.430000 0.426866 0.428747 0.426523 0.428184 0.429077 -9999.0 -9999.0 -9999.0 -9999.0 -9999.0 -9999.0 -9999.0 -9999.0 -9999.0 -9999.0 -9999.0 -9999.0 -9999.0
-9999.0 -9999.0 -9999.0 -9999.0 -9999.0 -9999.0 0.429579 0.429413 0.429700 0.429094 0.430000 0.429831 0.430000 0.429461 0.429543 0.428515 0.430000 0.430000 0.430000 0.429307 0.430000 0.430000 0.430000 0.429306 0.430000 0.430000 0.430000 0.430000 0.430000 0.429714 0.430000 0.430000 0.430000 0.430000 0.430000 0.430000 0.430000 0.430000 0.430000 0.430000 0.430000 0.430000 0.429222 0.430000 0.429294 0.430000 0.428468 0.430000 0.428679 0.430000 0.427973 0.429344 0.430000 -9999.0 -9999.0 -9999.0 -9999.0 -9999.0 -9999.0 -9999.0 -9999.0 -9999.0 -9999.0 -9999.0 -9999.0 -9999.0
-9999.0 -9999.0 -9999.0 -9999.0 -9999.0 -9999.0 -9999.0 0.429827 0.429793 0.429361 0.430000 0.430000 0.430000 0.429872 0.430000 0.429023 0.430000 0.430000 0.430000 0.429325 0.430000 0.429814 0.430000 0.429783 0.430000 0.430000 0.430000 0.430000 0.430000 0.429659 0.429265 0.430000 0.428822 0.429364 0.429900 0.430000 0.429864 0.428830 0.429534 0.430000 0.430000 0.430000 0.429744 0.430000 0.430000 0.430000 0.429109 0.430000 0.428878 0.430000 0.429807 0.430000 0.428989 -9999.0 -9999.0 -9999.0 -9999.0 -9999.0 -9999.0 -9999.0 -9999.0 -9999.0 -9999.0 -9999.0 -9999.0 -9999.0
-9999.0 -9999.0 -9999.0 -9999.0 -9999.0 -9999.0 -9999.0 -9999.0 0.429505 0.428929 0.430000 0.429593 0.430000 0.429767 0.430000 0.429846 0.430000 0.429708 0.430000 0.428658 0.430000 0.430000 0.430000 0.429674 0.430000 0.429705 0.430000 0.430000 0.430000 0.430000 0.430000 0.430000 0.429194 0.430000 0.430000 0.429477 0.430000 0.429488 0.430000 0.430000 0.430000 0.430000 0.428682 0.430000 0.429683 0.430000 0.429757 0.430000 0.430000 0.430000 0.430000 0.430000 0.430000 -9999.0 -9999.0 -9999.0 -9999.0 -9999.0 -9999.0 -9999.0 -9999.0 -9999.0 -9999.0 -9999.0 -9999.0 -9999.0
-9999.0 -9999.0 -9999.0 -9999.0 -9999.0 -9999.0 -9999.0 -9999.0 -9999.0 0.429661 0.430000 0.429496 0.430000 0.429878 0.430000 0.430000 0.430000 0.429479 0.430000 0.429186 0.430000 0.430000 0.430000 0.429493 0.430000 0.429822 0.430000 0.430000 0.430000 0.430000 0.430000 0.430000 0.428845 0.429759 0.429504 0.428658 0.429445 0.430000 0.430000 0.430000 0.429805 0.430000 0.428178 0.429929 0.429521 0.430000 0.429324 0.430000 0.429921 0.430000 0.429307 0.430000 0.430000 -9999.0 -9999.0 -9999.0 -9999.0 -9999.0 -9999.0 -9999.0 -9999.0 -9999.0 -9999.0 -9999.0 -9999.0 -9999.0
-9999.0 -9999.0 -9999.0 -9999.0 -9999.0 -9999.0 -9999.0 -9999.0 -9999.0 -9999.0 0.430000 0.429755 0.430000 0.429713 0.430000 0.427940 0.429376 0.430000 0.430000 0.430000 0.430000 0.430000 0.430000 0.430000 0.430000 0.429829 0.430000 0.430000 0.430000 0.430000 0.430000 0.430000 0.430000 0.430000 0.430000 0.430000 0.430000 0.430000 0.430000 0.430000 0.429514 0.430000 0.428812 0.430000 0.430000 0.430000 0.429778 0.430000 0.429986 0.430000 0.430000 0.430000 -9999.0 -9999.0 -9999.0 -9999.0 -9999.0 -9999.0 -9999.0 -9999.0 -9999.0 -9999.0 -9999.0 -9999.0 -9999.0 -9999.0
-9999.0 -9999.0 -9999.0 -9999.0 -9999.0 -9999.0 -9999.0 -9999.0 -9999.0 -9999.0 -9999.0 0.429095 0.430000 0.429487 0.429957 0.428678 0.429898 0.430000 0.430000 0.430000 0.430000 0.430000 0.430000 0.430000 0.430000 0.430000 0.430000 0.430000 0.430000 0.430000 0.430000 0.430000 0.430000 0.430000 0.430000 0.430000 0.430000 0.430000 0.429840 0.429716 0.430000 0.430000 0.429327 0.430000 0.429716 0.430000 0.429523 0.430000 0.429384 0.430000 0.430000 -9999.0 -9999.0 -9999.0 -9999.0 -9999.0 -9999.0 -9999.0 -9999.0 -9999.0 -9999.0 -9999.0 -9999.0 -9999.0 -9999.0 -9999.0
-9999.0 -9999.0 -9999.0 -9999.0 -9999.0 -9999.0 -9999.0 -9999.0 -9999.0 -9999.0 -9999.0 0.430000 0.430000 0.430000 0.430000 0.429553 0.430000 0.429842 0.430000 0.430000 0.428671 0.428623 0.430000 0.429988 0.430000 0.429501 0.430000 0.429713 0.430000 0.430000 0.430000 0.430000 0.430000 0.430000 0.430000 0.430000 0.430000 0.430000 0.427605 0.429734 0.429748 0.430000 0.430000 0.430000 0.430000 0.430000 0.430000 0.430000 0.430000 0.429873 -9999.0 -9999.0 -9999.0 -9999.0 -9999.0 -9999.0 -9999.0 -9999.0 -9999.0 -9999.0 -9999.0 -9999.0 -9999.0 -9999.0 -9999.0 -9999.0
-9999.0 -9999.0 -9999.0 -9999.0 -9999.0 -9999.0 -9999.0 -9999.0 -9999.0 -9999.0 -9999.0 -9999.0 0.430000 0.429812 0.430000 0.429457 0.430000 0.429227 0.430000 0.429356 0.429959 0.429321 0.430000 0.430000 0.430000 0.429994 0.430000 0.429940 0.430000 0.430000 0.430000 0.430000 0.430000 0.430000 0.430000 0.430000 0.430000 0.430000 0.427441 0.429565 0.429617 0.430000 0.429654 0.430000 0.429315 0.430000 0.430000 0.430000 0.430000 0.429099 -9999.0 -9999.0 -9999.0 -9999.0 -9999.0 -9999.0 -9999.0 -9999.0 -9999.0 -9999.0 -9999.0 -9999.0 -9999.0 -9999.0 -9999.0 -9999.0
-9999.0 -9999.0 -9999.0 -9999.0 -9999.0 -9999.0 -9999.0 -9999.0 -9999.0 -9999.0 -9999.0 -9999.0 -9999.0 0.430000 0.430000 0.430000 0.430000 0.429815 0.430000 0.430000 0.429911 0.429416 0.430000 0.429893 0.430000 0.429805 0.430000 0.428318 0.430000 0.430000 0.430000 0.430000 0.430000 0.430000 0.430000 0.430000 0.430000 0.430000 0.429772 0.430000 0.430000 0.430000 0.430000 0.430000 0.430000 0.430000 0.430000 0.430000 0.430000 0.430000 -9999.0 -9999.0 -9999.0 -9999.0 -9999.0 -9999.0 -9999.0 -9999.0 -9999.0 -9999.0 -9999.0 -9999.0 -9999.0 -9999.0 -9999.0 -9999.0
-9999.0 -9999.0 -9999.0 -9999.0 -9999.0 -9999.0 -9999.0 -9999.0 -9999.0 -9999.0 -9999.0 -9999.0 -9999.0 -9999.0 0.430000 0.429560 0.430000 0.430000 0.430000 0.430000 0.429883 0.429295 0.430000 0.429322 0.428567 0.427936 0.430000 0.422411 0.430000 0.430000 0.430000 0.430000 0.430000 0.430000 0.430000 0.430000 0.430000 0.430000 0.430000 0.430000 0.430000 0.430000 0.430000 0.430000 0.430000 0.430000 0.430000 0.430000 0.429931 -9999.0 -9999.0 -9999.0 -9999.0 -9999.0 -9999.0 -9999.0 -9999.0 -9999.0 -9999.0 -9999.0 -9999.0 -9999.0 -9999.0 -9999.0 -9999.0 -9999.0
-9999.0 -9999.0 -9999.0 -9999.0 -9999.0 -9999.0 -9999.0 -9999.0 -9999.0 -9999.0 -9999.0 -9999.0 -9999.0 -9999.0 -9999.0 0.430000 0.430000 0.430000 0.430000 0.430000 0.430000 0.430000 0.429663 0.423955 0.428977 0.425524 0.430000 0.424499 0.429368 0.426549 0.430000 0.430000 0.430000 0.430000 0.430000 0.430000 0.430000 0.430000 0.428896 0.430000 0.430000 0.430000 0.430000 0.430000 0.430000 0.430000 0.430000 0.430000 0.429937 -9999.0 -9999.0 -9999.0 -9999.0 -9999.0 -9999.0 -9999.0 -9999.0 -9999.0 -9999.0 -9999.0 -9999.0 -9999.0 -9999.0 -9999.0 -9999.0 -9999.0
-9999.0 -9999.0 -9999.0 -9999.0 -9999.0 -9999.0 -9999.0 -9999.0 -9999.0 -9999.0 -9999.0 -9999.0 -9999.0 -9999.0 -9999.0 -9999.0 -9999.0 0.428899 0.430000 0.430000 0.430000 0.429114 0.423257 0.424119 0.427584 0.425051 0.427741 0.420302 0.427111 0.422697 0.430000 0.430000 0.430000 0.430000 0.430000 0.430000 0.430000 0.430000 0.429929 0.430000 0.430000 0.430000 0.430000 0.430000 0.430000 0.430000 0.430000 0.430000 0.430000 -9999.0 -9999.0 -9999.0 -9999.0 -9999.0 -9999.0 -9999.0 -9999.0 -9999.0 -9999.0 -9999.0 -9999.0 -9999.0 -9999.0 -9999.0 -9999.0 -9999.0
-9999.0 -9999.0 -9999.0 -9999.0 -9999.0 -9999.0 -9999.0 -9999.0 -9999.0 -9999.0 -9999.0 -9999.0 -9999.0 -9999.0 -9999.0 -9999.0 -9999.0 0.430000 0.430000 0.430000 0.430000 0.425839 0.429985 0.428975 0.430000 0.427364 0.430000 0.422979 0.429643 0.427788 0.430000 0.430000 0.430000 0.430000 0.430000 0.430000 0.427213 0.428898 0.427418 0.427444 0.429243 0.429212 0.430000 0.430000 0.430000 0.430000 0.429969 0.429636 0.429396 -9999.0 -9999.0 -9999.0 -9999.0 -9999.0 -9999.0 -9999.0 -9999.0 -9999.0 -9999.0 -9999.0 -9999.0 -9999.0 -9999.0 -9999.0 -9999.0 -9999.0
-9999.0 -9999.0 -9999.0 -9999.0 -9999.0 -9999.0 -9999.0 -9999.0 -9999.0 -9999.0 -9999.0 -9999.0 -9999.0 -9999.0 -9999.0 -9999.0 -9999.0 -9999.0 0.429413 0.429640 0.430000 0.424471 0.428950 0.425599 0.430000 0.428957 0.427075 0.420484 0.428995 0.425469 0.430000 0.430000 0.430000 0.430000 0.430000 0.430000 0.429464 0.430000 0.429644 0.430000 0.430000 0.430000 0.430000 0.430000 0.430000 0.430000 0.430000 0.430000 0.428980 -9999.0 -9999.0 -9999.0 -9999.0 -9999.0 -9999.0 -9999.0 -9999.0 -9999.0 -9999.0 -9999.0 -9999.0 -9999.0 -9999.0 -9999.0 -9999.0 -9999.0
-9999.0 -9999.0 -9999.0 -9999.0 -9999.0 -9999.0 -9999.0 -9999.0 -9999.0 -9999.0 -9999.0 -9999.0 -9999.0 -9999.0 -9999.0 -9999.0 -9999.0 -9999.0 0.430000 0.430000 0.430000 0.430000 0.430000 0.428836 0.430000 0.428911 0.430000 0.430000 0.430000 0.428671 0.430000 0.430000 0.430000 0.428291 0.417142 0.428454 0.427385 0.429799 0.428463 0.428820 0.429285 0.428946 0.430000 0.430000 0.430000 0.429792 0.427892 0.429052 -9999.0 -9999.0 -9999.0 -9999.0 -9999.0 -9999.0 -9999.0 -9999.0 -9999.0 -9999.0 -9999.0 -9999.0 -9999.0 -9999.0 -9999.0 -9999.0 -9999.0 -9999.0
-9999.0 -9999.0 -9999.0 -9999.0 -9999.0 -9999.0 -9999.0 -9999.0 -9999.0 -9999.0 -9999.0 -9999.0 -9999.0 -9999.0 -9999.0 -9999.0 -9999.0 -9999.0 -9999.0 0.430000 0.430000 0.428957 0.424207 0.424885 0.424565 0.422506 0.428536 0.429845 0.430000 0.430000 0.430000 0.430000 0.430000 0.424962 0.419781 0.426731 0.429683 0.430000 0.429464 0.429248 0.430000 0.430000 0.430000 0.430000 0.430000 0.430000 0.427552 0.428350 -9999.0 -9999.0 -9999.0 -9999.0 -9999.0 -9999.0 -9999.0 -9999.0 -9999.0 -9999.0 -9999.0 -9999.0 -9999.0 -9999.0 -9999.0 -9999.0 -9999.0 -9999.0
-9999.0 -9999.0 -9999.0 -9999.0 -9999.0 -9999.0 -9999.0 -9999.0 -9999.0 -9999.0 -9999.0 -9999.0 -9999.0 -9999.0 -9999.0 -9999.0 -9999.0 -9999.0 -9999.0 -9999.0 0.430000 0.430000 0.430000 0.426501 0.430000 0.427890 0.430000 0.426676 0.430000 0.430000 0.430000 0.430000 0.412105 0.428166 0.419216 0.427268 0.419995 0.422260 0.427868 0.427971 0.430000 0.430000 0.430000 0.430000 0.429913 0.430000 0.427530 -9999.0 -9999.0 -9999.0 -9999.0 -9999.0 -9999.0 -9999.0 -9999.0 -9999.0 -9999.0 -9999.0 -9999.0 -9999.0 -9999.0 -9999.0 -9999.0 -9999.0 -9999.0 -9999.0
-9999.0 -9999.0 -9999.0 -9999.0 -9999.0 -9999.0 -9999.0 -9999.0 -9999.0 -9999.0 -9999.0 -9999.0 -9999.0 -9999.0 -9999.0 -9999.0 -9999.0 -9999.0 -9999.0 -9999.0 -9999.0 0.425152 0.426846 0.422620 0.426609 0.422661 0.430000 0.426463 0.430000 0.430000 0.430000 0.430000 0.421046 0.430000 0.416322 0.428594 0.417570 0.420472 0.428323 0.429544 0.430000 0.430000 0.430000 0.430000 0.430000 0.430000 0.429636 -9999.0 -9999.0 -9999.0 -9999.0 -9999.0 -9999.0 -9999.0 -9999.0 -9999.0 -9999.0 -9999.0 -9999.0 -9999.0 -9999.0 -9999.0 -9999.0 -9999.0 -9999.0 -9999.0
-9999.0 -9999.0 -9999.0 -9999.0 -9999.0 -9999.0 -9999.0 -9999.0 -9999.0 -9999.0 -9999.0 -9999.0 -9999.0 -9999.0 -9999.0 -9999.0 -9999.0 -9999.0 -9999.0 -9999.0 -9999.0 0.430000 0.430000 0.429280 0.430000 0.430000 0.430000 0.430000 0.430000 0.430000 0.430000 0.427206 0.418178 0.430000 0.420605 0.427589 0.417733 0.421513 0.428755 0.430000 0.430000 0.430000 0.430000 0.430000 0.429770 0.430000 -9999.0 -9999.0 -9999.0 -9999.0 -9999.0 -9999.0 -9999.0 -9999.0 -9999.0 -9999.0 -9999.0 -9999.0 -9999.0 -9999.0 -9999.0 -9999.0 -9999.0 -9999.0 -9999.0 -9999.0
-9999.0 -9999.0 -9999.0 -9999.0 -9999.0 -9999.0 -9999.0 -9999.0 -9999.0 -9999.0 -9999.0 -9999.0 -9999.0 -9999.0 -9999.0 -9999.0 -9999.0 -9999.0 -9999.0 -9999.0 -9999.0 0.430000 0.430000 0.428414 0.430000 0.425137 0.430000 0.429712 0.430000 0.430000 0.430000 0.428947 0.415899 0.429126 0.418253 0.426768 0.418822 0.422545 0.426535 0.429824 0.430000 0.430000 0.430000 0.430000 0.430000 0.430000 -9999.0 -9999.0 -9999.0 -9999.0 -9999.0 -9999.0 -9999.0 -9999.0 -9999.0 -9999.0 -9999.0 -9999.0 -9999.0 -9999.0 -9999.0 -9999.0 -9999.0 -9999.0 -9999.0 -9999.0
-9999.0 -9999.0 -9999.0 -9999.0 -9999.0 -9999.0 -9999.0 -9999.0 -9999.0 -9999.0 -9999.0 -9999.0 -9999.0 -9999.0 -9999.0 -9999.0 -9999.0 -9999.0 -9999.0 -9999.0 -9999.0 0.430000 0.430000 0.430000 0.430000 0.430000 0.430000 0.430000 0.430000 0.430000 0.430000 0.430000 0.422618 0.430000 0.417728 0.430000 0.427246 0.430000 0.427185 0.430000 0.430000 0.430000 0.430000 0.430000 0.429958 0.428919 -9999.0 -9999.0 -9999.0 -9999.0 -9999.0 -9999.0 -9999.0 -9999.0 -9999.0 -9999.0 -9999.0 -9999.0 -9999.0 -9999.0 -9999.0 -9999.0 -9999.0 -9999.0 -9999.0 -9999.0
-9999.0 -9999.0 -9999.0 -9999.0 -9999.0 -9999.0 -9999.0 -9999.0 -9999.0 -9999.0 -9999.0 -9999.0 -9999.0 -9999.0 -9999.0 -9999.0 -9999.0 -9999.0 -9999.0 -9999.0 -9999.0 -9999.0 0.430000 0.430000 0.430000 0.429384 0.430000 0.430000 0.430000 0.430000 0.430000 0.430000 0.425231 0.430000 0.429284 0.430000 0.430000 0.430000 0.426155 0.430000 0.430000 0.430000 0.430000 0.430000 0.430000 -9999.0 -9999.0 -9999.0 -9999.0 -9999.0 -9999.0 -9999.0 -9999.0 -9999.0 -9999.0 -9999.0 -9999.0 -9999.0 -9999.0 -9999.0 -9999.0 -9999.0 -9999.0 -9999.0 -9999.0 -9999.0
-9999.0 -9999.0 -9999.0 -9999.0 -9999.0 -9999.0 -9999.0 -9999.0 -9999.0 -9999.0 -9999.0 -9999.0 -9999.0 -9999.0 -9999.0 -9999.0 -9999.0 -9999.0 -9999.0 -9999.0 -9999.0 -9999.0 -9999.0 0.430000 0.430000 0.430000 0.430000 0.430000 0.430000 0.430000 0.430000 0.430000 0.425259 0.430000 0.425679 0.430000 0.430000 0.430000 0.419153 0.430000 0.429563 0.429888 0.429526 0.430000 0.429497 -9999.0 -9999.0 -9999.0 -9999.0 -9999.0 -9999.0 -9999.0 -9999.0 -9999.0 -9999.0 -9999.0 -9999.0 -9999.0 -9999.0 -9999.0 -9999.0 -9999.0 -9999.0 -9999.0 -9999.0 -9999.0
-9999.0 -9999.0 -9999.0 -9999.0 -9999.0 -9999.0 -9999.0 -9999.0 -9999.0 -9999.0 -9999.0 -9999.0 -9999.0 -9999.0 -9999.0 -9999.0 -9999.0 -9999.0 -9999.0 -9999.0 -9999.0 -9999.0 -9999.0 -9999.0 -9999.0 -9999.0 0.430000 0.430000 0.430000 0.430000 0.430000 0.430000 0.427534 0.430000 0.424343 0.430000 0.427299 0.429759 0.421392 0.429806 0.429622 0.430000 0.430000 0.430000 0.429228 -9999.0 -9999.0 -9999.0 -9999.0 -9999.0 -9999.0 -9999.0 -9999.0 -9999.0 -9999.0 -9999.0 -9999.0 -9999.0 -9999.0 -9999.0 -9999.0 -9999.0 -9999.0 -9999.0 -9999.0 -9999.0
-9999.0 -9999.0 -9999.0 -9999.0 -9999.0 -9999.0 -9999.0 -9999.0 -9999.0 -9999.0 -9999.0 -9999.0 -9999.0 -9999.0 -9999.0 -9999.0 -9999.0 -9999.0 -9999.0 -9999.0 -9999.0 -9999.0 -9999.0 -9999.0 -9999.0 -9999.0 -9999.0 0.430000 0.430000 0.430000 0.430000 0.430000 0.424962 0.430000 0.420549 0.430000 0.419439 0.423357 0.420456 0.429388 0.428961 0.430000 0.428797 0.424919 -9999.0 -9999.0 -9999.0 -9999.0 -9999.0 -9999.0 -9999.0 -9999.0 -9999.0 -9999.0 -9999.0 -9999.0 -9999.0 -9999.0 -9999.0 -9999.0 -9999.0 -9999.0 -9999.0 -9999.0 -9999.0 -9999.0
