geotop/1.0zi/1.0Montebello/Templates/Dripsey sc/maps/thetaliqL0002N0024.asc
ncols         69
nrows         152
xllcorner     146499.903857
yllcorner     75332.942244
cellsize      50.000000
NODATA_value  -9999.0
[rows 58 to 86 of 152, columns 0 to 65 of 69]
-9999.0 -9999.0 -9999.0 0.075941 0.075941 0.075940 0.075941 0.075941 0.075941 0.075941 0.075941 0.075940 0.075940 0.075940 0.075941 0.075941 0.075943 0.075942 0.075943 0.075943 0.075943 0.075943 0.075943 0.075943 0.075953 0.075942 0.075941 0.075942 0.075941 0.075941 0.075940 0.075941 0.075940 0.075942 0.075943 0.075940 0.075943 0.075942 0.075942 0.075940 0.075941 0.075941 0.075944 0.075952 0.075942 0.075941 0.075941 0.075941 0.075940 0.075940 0.075940 0.075940 0.075940 0.075940 0.075940 0.075940 0.075940 0.075940 0.075940 -9999.0 -9999.0 -9999.0 -9999.0 -9999.0 -9999.0 -9999.0
-9999.0 -9999.0 -9999.0 0.075941 0.075941 0.075941 0.075942 0.075942 0.075944 0.075944 0.075945 0.075945 0.075945 0.075944 0.075944 0.075946 0.075949 0.075948 0.075948 0.075947 0.075947 0.075940 0.075941 0.075941 0.075955 0.075942 0.075942 0.075941 0.075941 0.075941 0.075941 0.075941 0.075940 0.075942 0.075942 0.075940 0.075941 0.075943 0.075941 0.075940 0.075941 0.075941 0.075945 0.075948 0.075943 0.075942 0.075942 0.075941 0.075941 0.075941 0.075940 0.075940 0.075940 -9999.0 -9999.0 -9999.0 -9999.0 -9999.0 -9999.0 -9999.0 -9999.0 -9999.0 -9999.0 -9999.0 -9999.0 -9999.0
-9999.0 -9999.0 -9999.0 0.075941 0.075942 0.075942 0.075943 0.075942 0.075941 0.075941 0.075942 0.075942 0.075943 0.075943 0.075943 0.075941 0.075940 0.075941 0.075941 0.075941 0.075942 0.075948 0.075947 0.075948 0.075960 0.075948 0.075941 0.075941 0.075941 0.075941 0.075940 0.075941 0.075940 0.075942 0.075943 0.075941 0.075941 0.075940 0.075943 0.075940 0.075941 0.075942 0.075950 0.075942 0.075941 0.075941 0.075941 0.075941 0.075941 0.075940 0.075940 0.075940 0.075940 -9999.0 -9999.0 -9999.0 -9999.0 -9999.0 -9999.0 -9999.0 -9999.0 -9999.0 -9999.0 -9999.0 -9999.0 -9999.0
-9999.0 -9999.0 -9999.0 -9999.0 -9999.0 0.075941 0.075941 0.075940 0.075941 0.075941 0.075941 0.075941 0.075942 0.075941 0.075941 0.075941 0.075941 0.075940 0.075941 0.075941 0.075942 0.075944 0.075943 0.075945 0.075947 0.075959 0.075942 0.075941 0.075941 0.075941 0.075940 0.075941 0.075940 0.075942 0.075942 0.075941 0.075940 0.075941 0.075941 0.075944 0.075941 0.075948 0.075942 0.075941 0.075941 0.075941 0.075941 0.075941 0.075940 0.075940 0.075940 0.075940 0.075941 -9999.0 -9999.0 -9999.0 -9999.0 -9999.0 -9999.0 -9999.0 -9999.0 -9999.0 -9999.0 -9999.0 -9999.0 -9999.0
-9999.0 -9999.0 -9999.0 -9999.0 -9999.0 -9999.0 0.075941 0.075940 0.075941 0.075941 0.075941 0.075941 0.075940 0.075941 0.075940 0.075940 0.075941 0.075941 0.075941 0.075942 0.075943 0.075944 0.075943 0.075941 0.075942 0.075949 0.075956 0.075943 0.075941 0.075940 0.075941 0.075942 0.075940 0.075943 0.075943 0.075941 0.075941 0.075940 0.075941 0.075945 0.075947 0.075941 0.075940 0.075940 0.075940 0.075940 0.075940 0.075940 0.075940 0.075940 0.075940 0.075941 0.075941 -9999.0 -9999.0 -9999.0 -9999.0 -9999.0 -9999.0 -9999.0 -9999.0 -9999.0 -9999.0 -9999.0 -9999.0 -9999.0
-9999.0 -9999.0 -9999.0 -9999.0 -9999.0 -9999.0 -9999.0 0.075940 0.075940 0.075941 0.075940 0.075941 0.075941 0.075940 0.075941 0.075941 0.075941 0.075943 0.075942 0.075941 0.075941 0.075940 0.075941 0.075941 0.075946 0.075947 0.075958 0.075945 0.075941 0.075941 0.075941 0.075941 0.075940 0.075942 0.075943 0.075941 0.075941 0.075940 0.075941 0.075946 0.075943 0.075944 0.075943 0.075943 0.075942 0.075942 0.075941 0.075941 0.075941 0.075940 0.075940 0.075941 0.075940 -9999.0 -9999.0 -9999.0 -9999.0 -9999.0 -9999.0 -9999.0 -9999.0 -9999.0 -9999.0 -9999.0 -9999.0 -9999.0
-9999.0 -9999.0 -9999.0 -9999.0 -9999.0 -9999.0 -9999.0 -9999.0 0.075940 0.075940 0.075941 0.075940 0.075941 0.075941 0.075941 0.075941 0.075941 0.075940 0.075940 0.075940 0.075941 0.075941 0.075941 0.075944 0.075940 0.075941 0.075943 0.075960 0.075945 0.075943 0.075941 0.075941 0.075940 0.075943 0.075943 0.075942 0.075941 0.075940 0.075942 0.075946 0.075941 0.075941 0.075941 0.075940 0.075941 0.075942 0.075941 0.075941 0.075941 0.075941 0.075940 0.075941 0.075941 -9999.0 -9999.0 -9999.0 -9999.0 -9999.0 -9999.0 -9999.0 -9999.0 -9999.0 -9999.0 -9999.0 -9999.0 -9999.0
-9999.0 -9999.0 -9999.0 -9999.0 -9999.0 -9999.0 -9999.0 -9999.0 -9999.0 0.075940 0.075940 0.075940 0.075941 0.075941 0.075942 0.075942 0.075942 0.075942 0.075942 0.075942 0.075943 0.075945 0.075945 0.075940 0.075941 0.075942 0.075944 0.075948 0.075966 0.075960 0.075941 0.075941 0.075940 0.075942 0.075943 0.075941 0.075941 0.075941 0.075945 0.075941 0.075941 0.075941 0.075940 0.075941 0.075940 0.075941 0.075940 0.075940 0.075941 0.075941 0.075941 0.075941 0.075940 -9999.0 -9999.0 -9999.0 -9999.0 -9999.0 -9999.0 -9999.0 -9999.0 -9999.0 -9999.0 -9999.0 -9999.0 -9999.0
-9999.0 -9999.0 -9999.0 -9999.0 -9999.0 -9999.0 -9999.0 -9999.0 -9999.0 -9999.0 0.075941 0.075941 0.075941 0.075941 0.075940 0.075940 0.075941 0.075941 0.075941 0.075941 0.075943 0.075941 0.075942 0.075942 0.075942 0.075942 0.075940 0.075940 0.075944 0.075970 0.075954 0.075944 0.075940 0.075943 0.075943 0.075942 0.075942 0.075946 0.075942 0.075942 0.075941 0.075941 0.075940 0.075940 0.075941 0.075940 0.075941 0.075941 0.075941 0.075942 0.075941 0.075941 -9999.0 -9999.0 -9999.0 -9999.0 -9999.0 -9999.0 -9999.0 -9999.0 -9999.0 -9999.0 -9999.0 -9999.0 -9999.0 -9999.0
-9999.0 -9999.0 -9999.0 -9999.0 -9999.0 -9999.0 -9999.0 -9999.0 -9999.0 -9999.0 -9999.0 0.075941 0.075941 0.075940 0.075940 0.075940 0.075941 0.075941 0.075942 0.075942 0.075941 0.075941 0.075942 0.075942 0.075942 0.075942 0.075942 0.075943 0.075950 0.075958 0.075971 0.075956 0.075941 0.075945 0.075944 0.075943 0.075948 0.075942 0.075942 0.075940 0.075941 0.075941 0.075941 0.075941 0.075941 0.075941 0.075941 0.075941 0.075942 0.075941 0.075941 -9999.0 -9999.0 -9999.0 -9999.0 -9999.0 -9999.0 -9999.0 -9999.0 -9999.0 -9999.0 -9999.0 -9999.0 -9999.0 -9999.0 -9999.0
-9999.0 -9999.0 -9999.0 -9999.0 -9999.0 -9999.0 -9999.0 -9999.0 -9999.0 -9999.0 -9999.0 0.075940 0.075941 0.075941 0.075941 0.075941 0.075941 0.075941 0.075941 0.075941 0.075941 0.075941 0.075940 0.075941 0.075941 0.075941 0.075941 0.075941 0.075941 0.075948 0.075967 0.075975 0.075954 0.075955 0.075947 0.075948 0.075951 0.075941 0.075940 0.075941 0.075942 0.075942 0.075941 0.075941 0.075941 0.075941 0.075940 0.075943 0.075941 0.075941 -9999.0 -9999.0 -9999.0 -9999.0 -9999.0 -9999.0 -9999.0 -9999.0 -9999.0 -9999.0 -9999.0 -9999.0 -9999.0 -9999.0 -9999.0 -9999.0
-9999.0 -9999.0 -9999.0 -9999.0 -9999.0 -9999.0 -9999.0 -9999.0 -9999.0 -9999.0 -9999.0 -9999.0 0.075941 0.075941 0.075941 0.075941 0.075940 0.075940 0.075940 0.075940 0.075940 0.075940 0.075941 0.075941 0.075941 0.075941 0.075941 0.075941 0.075941 0.075941 0.075957 0.075974 0.075967 0.075956 0.075953 0.075954 0.075944 0.075941 0.075940 0.075940 0.075940 0.075940 0.075941 0.075941 0.075941 0.075941 0.075943 0.075942 0.075941 0.075940 -9999.0 -9999.0 -9999.0 -9999.0 -9999.0 -9999.0 -9999.0 -9999.0 -9999.0 -9999.0 -9999.0 -9999.0 -9999.0 -9999.0 -9999.0 -9999.0
-9999.0 -9999.0 -9999.0 -9999.0 -9999.0 -9999.0 -9999.0 -9999.0 -9999.0 -9999.0 -9999.0 -9999.0 -9999.0 0.075941 0.075941 0.075941 0.075941 0.075941 0.075941 0.075940 0.075941 0.075941 0.075941 0.075940 0.075940 0.075941 0.075940 0.075941 0.075940 0.075941 0.075941 0.075942 0.075979 0.075963 0.075963 0.075954 0.075946 0.075942 0.075941 0.075941 0.075941 0.075942 0.075942 0.075942 0.075941 0.075943 0.075942 0.075942 0.075941 0.075941 -9999.0 -9999.0 -9999.0 -9999.0 -9999.0 -9999.0 -9999.0 -9999.0 -9999.0 -9999.0 -9999.0 -9999.0 -9999.0 -9999.0 -9999.0 -9999.0
-9999.0 -9999.0 -9999.0 -9999.0 -9999.0 -9999.0 -9999.0 -9999.0 -9999.0 -9999.0 -9999.0 -9999.0 -9999.0 -9999.0 0.075941 0.075941 0.075941 0.075941 0.075941 0.075940 0.075941 0.075941 0.075941 0.075941 0.094498 0.094495 0.094495 0.094494 0.094495 0.094494 0.075941 0.075944 0.075979 0.075972 0.075949 0.075941 0.075940 0.075939 0.075939 0.075940 0.075940 0.075940 0.075947 0.075947 0.075946 0.075945 0.075943 0.075941 0.075941 -9999.0 -9999.0 -9999.0 -9999.0 -9999.0 -9999.0 -9999.0 -9999.0 -9999.0 -9999.0 -9999.0 -9999.0 -9999.0 -9999.0 -9999.0 -9999.0 -9999.0
-9999.0 -9999.0 -9999.0 -9999.0 -9999.0 -9999.0 -9999.0 -9999.0 -9999.0 -9999.0 -9999.0 -9999.0 -9999.0 -9999.0 -9999.0 0.075941 0.075943 0.075945 0.075945 0.075941 0.075941 0.075940 0.075940 0.094495 0.094497 0.094497 0.094499 0.094498 0.094499 0.094499 0.094501 0.075943 0.075972 0.075984 0.075963 0.075948 0.075941 0.075940 0.075940 0.075941 0.075940 0.075942 0.075948 0.075945 0.075943 0.075943 0.075942 0.075942 0.075941 -9999.0 -9999.0 -9999.0 -9999.0 -9999.0 -9999.0 -9999.0 -9999.0 -9999.0 -9999.0 -9999.0 -9999.0 -9999.0 -9999.0 -9999.0 -9999.0 -9999.0
-9999.0 -9999.0 -9999.0 -9999.0 -9999.0 -9999.0 -9999.0 -9999.0 -9999.0 -9999.0 -9999.0 -9999.0 -9999.0 -9999.0 -9999.0 -9999.0 -9999.0 0.075940 0.075940 0.075944 0.075941 0.075941 0.094496 0.094495 0.094494 0.094494 0.094494 0.094493 0.094494 0.094494 0.094495 0.094498 0.075981 0.075953 0.075941 0.075944 0.075941 0.075941 0.075940 0.075941 0.075941 0.075941 0.075942 0.075948 0.075942 0.075941 0.075940 0.075941 0.075940 -9999.0 -9999.0 -9999.0 -9999.0 -9999.0 -9999.0 -9999.0 -9999.0 -9999.0 -9999.0 -9999.0 -9999.0 -9999.0 -9999.0 -9999.0 -9999.0 -9999.0
-9999.0 -9999.0 -9999.0 -9999.0 -9999.0 -9999.0 -9999.0 -9999.0 -9999.0 -9999.0 -9999.0 -9999.0 -9999.0 -9999.0 -9999.0 -9999.0 -9999.0 0.075940 0.075941 0.075941 0.075944 0.094500 0.094501 0.094494 0.094496 0.094495 0.094495 0.094495 0.094495 0.094495 0.094496 0.094522 0.094697 0.075964 0.075941 0.075941 0.075940 0.075940 0.075941 0.075940 0.075941 0.075940 0.075942 0.075948 0.075941 0.075941 0.075941 0.075941 0.075940 -9999.0 -9999.0 -9999.0 -9999.0 -9999.0 -9999.0 -9999.0 -9999.0 -9999.0 -9999.0 -9999.0 -9999.0 -9999.0 -9999.0 -9999.0 -9999.0 -9999.0
-9999.0 -9999.0 -9999.0 -9999.0 -9999.0 -9999.0 -9999.0 -9999.0 -9999.0 -9999.0 -9999.0 -9999.0 -9999.0 -9999.0 -9999.0 -9999.0 -9999.0 -9999.0 0.075941 0.075941 0.075941 0.094514 0.094502 0.094500 0.094495 0.094496 0.094495 0.094495 0.094496 0.094495 0.094496 0.094560 0.094665 0.094521 0.075941 0.075941 0.075940 0.075940 0.075940 0.075941 0.075941 0.075940 0.075942 0.075949 0.075940 0.075941 0.075941 0.075940 0.075940 -9999.0 -9999.0 -9999.0 -9999.0 -9999.0 -9999.0 -9999.0 -9999.0 -9999.0 -9999.0 -9999.0 -9999.0 -9999.0 -9999.0 -9999.0 -9999.0 -9999.0
-9999.0 -9999.0 -9999.0 -9999.0 -9999.0 -9999.0 -9999.0 -9999.0 -9999.0 -9999.0 -9999.0 -9999.0 -9999.0 -9999.0 -9999.0 -9999.0 -9999.0 -9999.0 0.075941 0.075940 0.075942 0.094517 0.094502 0.094494 0.094501 0.094496 0.094497 0.094496 0.094497 0.094497 0.094551 0.094699 0.094505 0.094495 0.094494 0.094494 0.075940 0.075940 0.075940 0.075940 0.075941 0.075941 0.075941 0.075948 0.075941 0.075941 0.075940 0.075940 -9999.0 -9999.0 -9999.0 -9999.0 -9999.0 -9999.0 -9999.0 -9999.0 -9999.0 -9999.0 -9999.0 -9999.0 -9999.0 -9999.0 -9999.0 -9999.0 -9999.0 -9999.0
-9999.0 -9999.0 -9999.0 -9999.0 -9999.0 -9999.0 -9999.0 -9999.0 -9999.0 -9999.0 -9999.0 -9999.0 -9999.0 -9999.0 -9999.0 -9999.0 -9999.0 -9999.0 -9999.0 0.075941 0.075941 0.094517 0.094494 0.094500 0.094495 0.094500 0.094497 0.094497 0.094497 0.094501 0.094679 0.094558 0.094495 0.094495 0.094494 0.094495 0.075940 0.075940 0.075940 0.075940 0.075941 0.075941 0.075944 0.075945 0.075941 0.075940 0.075940 0.075940 -9999.0 -9999.0 -9999.0 -9999.0 -9999.0 -9999.0 -9999.0 -9999.0 -9999.0 -9999.0 -9999.0 -9999.0 -9999.0 -9999.0 -9999.0 -9999.0 -9999.0 -9999.0
-9999.0 -9999.0 -9999.0 -9999.0 -9999.0 -9999.0 -9999.0 -9999.0 -9999.0 -9999.0 -9999.0 -9999.0 -9999.0 -9999.0 -9999.0 -9999.0 -9999.0 -9999.0 -9999.0 -9999.0 0.075941 0.094520 0.094496 0.094494 0.094501 0.094496 0.094501 0.094498 0.094504 0.094530 0.094661 0.094496 0.094493 0.094493 0.094494 0.094493 0.094494 0.094493 0.075940 0.075940 0.075940 0.075941 0.075943 0.075943 0.075941 0.075940 0.075940 -9999.0 -9999.0 -9999.0 -9999.0 -9999.0 -9999.0 -9999.0 -9999.0 -9999.0 -9999.0 -9999.0 -9999.0 -9999.0 -9999.0 -9999.0 -9999.0 -9999.0 -9999.0 -9999.0
-9999.0 -9999.0 -9999.0 -9999.0 -9999.0 -9999.0 -9999.0 -9999.0 -9999.0 -9999.0 -9999.0 -9999.0 -9999.0 -9999.0 -9999.0 -9999.0 -9999.0 -9999.0 -9999.0 -9999.0 -9999.0 0.094517 0.094496 0.094494 0.094495 0.094500 0.094496 0.094501 0.094495 0.094652 0.094513 0.094497 0.094495 0.094495 0.094493 0.094494 0.094493 0.094494 0.075941 0.075941 0.075941 0.075941 0.075943 0.075943 0.075941 0.075941 0.075940 -9999.0 -9999.0 -9999.0 -9999.0 -9999.0 -9999.0 -9999.0 -9999.0 -9999.0 -9999.0 -9999.0 -9999.0 -9999.0 -9999.0 -9999.0 -9999.0 -9999.0 -9999.0 -9999.0
-9999.0 -9999.0 -9999.0 -9999.0 -9999.0 -9999.0 -9999.0 -9999.0 -9999.0 -9999.0 -9999.0 -9999.0 -9999.0 -9999.0 -9999.0 -9999.0 -9999.0 -9999.0 -9999.0 -9999.0 -9999.0 0.094521 0.094498 0.094496 0.094497 0.094494 0.094503 0.094499 0.094548 0.094686 0.094502 0.094498 0.094496 0.094496 0.094495 0.094495 0.094494 0.094494 0.094495 0.075940 0.075940 0.075941 0.075942 0.075943 0.075941 0.075940 -9999.0 -9999.0 -9999.0 -9999.0 -9999.0 -9999.0 -9999.0 -9999.0 -9999.0 -9999.0 -9999.0 -9999.0 -9999.0 -9999.0 -9999.0 -9999.0 -9999.0 -9999.0 -9999.0 -9999.0
-9999.0 -9999.0 -9999.0 -9999.0 -9999.0 -9999.0 -9999.0 -9999.0 -9999.0 -9999.0 -9999.0 -9999.0 -9999.0 -9999.0 -9999.0 -9999.0 -9999.0 -9999.0 -9999.0 -9999.0 -9999.0 0.075947 0.094499 0.094497 0.094498 0.094494 0.094495 0.094510 0.094612 0.094671 0.094500 0.094497 0.094495 0.094496 0.094494 0.094494 0.094494 0.094495 0.094494 0.075940 0.075940 0.075942 0.075941 0.075942 0.075941 0.075941 -9999.0 -9999.0 -9999.0 -9999.0 -9999.0 -9999.0 -9999.0 -9999.0 -9999.0 -9999.0 -9999.0 -9999.0 -9999.0 -9999.0 -9999.0 -9999.0 -9999.0 -9999.0 -9999.0 -9999.0
-9999.0 -9999.0 -9999.0 -9999.0 -9999.0 -9999.0 -9999.0 -9999.0 -9999.0 -9999.0 -9999.0 -9999.0 -9999.0 -9999.0 -9999.0 -9999.0 -9999.0 -9999.0 -9999.0 -9999.0 -9999.0 0.075948 0.094500 0.094498 0.094500 0.094494 0.094496 0.094521 0.094710 0.094586 0.094498 0.094497 0.094495 0.094495 0.094493 0.094497 0.094496 0.094495 0.094496 0.075941 0.075941 0.075941 0.075941 0.075942 0.075940 0.075940 -9999.0 -9999.0 -9999.0 -9999.0 -9999.0 -9999.0 -9999.0 -9999.0 -9999.0 -9999.0 -9999.0 -9999.0 -9999.0 -9999.0 -9999.0 -9999.0 -9999.0 -9999.0 -9999.0 -9999.0
-9999.0 -9999.0 -9999.0 -9999.0 -9999.0 -9999.0 -9999.0 -9999.0 -9999.0 -9999.0 -9999.0 -9999.0 -9999.0 -9999.0 -9999.0 -9999.0 -9999.0 -9999.0 -9999.0 -9999.0 -9999.0 -9999.0 0.094525 0.094501 0.094504 0.094495 0.094505 0.094553 0.094713 0.094583 0.094511 0.094510 0.094505 0.094507 0.094506 0.094505 0.094504 0.094504 0.094501 0.075942 0.075941 0.075941 0.075941 0.075941 0.075941 -9999.0 -9999.0 -9999.0 -9999.0 -9999.0 -9999.0 -9999.0 -9999.0 -9999.0 -9999.0 -9999.0 -9999.0 -9999.0 -9999.0 -9999.0 -9999.0 -9999.0 -9999.0 -9999.0 -9999.0 -9999.0
-9999.0 -9999.0 -9999.0 -9999.0 -9999.0 -9999.0 -9999.0 -9999.0 -9999.0 -9999.0 -9999.0 -9999.0 -9999.0 -9999.0 -9999.0 -9999.0 -9999.0 -9999.0 -9999.0 -9999.0 -9999.0 -9999.0 -9999.0 0.094532 0.094545 0.094549 0.094602 0.094706 0.094629 0.094521 0.094503 0.094503 0.094498 0.094499 0.094498 0.094499 0.094498 0.094497 0.094496 0.075941 0.075941 0.075941 0.075940 0.075941 0.075941 -9999.0 -9999.0 -9999.0 -9999.0 -9999.0 -9999.0 -9999.0 -9999.0 -9999.0 -9999.0 -9999.0 -9999.0 -9999.0 -9999.0 -9999.0 -9999.0 -9999.0 -9999.0 -9999.0 -9999.0 -9999.0
-9999.0 -9999.0 -9999.0 -9999.0 -9999.0 -9999.0 -9999.0 -9999.0 -9999.0 -9999.0 -9999.0 -9999.0 -9999.0 -9999.0 -9999.0 -9999.0 -9999.0 -9999.0 -9999.0 -9999.0 -9999.0 -9999.0 -9999.0 -9999.0 -9999.0 -9999.0 0.094528 0.094684 0.094536 0.094518 0.094505 0.094504 0.094500 0.094500 0.094500 0.094500 0.094498 0.094497 0.094495 0.075941 0.075941 0.075941 0.075940 0.075941 0.075940 -9999.0 -9999.0 -9999.0 -9999.0 -9999.0 -9999.0 -9999.0 -9999.0 -9999.0 -9999.0 -9999.0 -9999.0 -9999.0 -9999.0 -9999.0 -9999.0 -9999.0 -9999.0 -9999.0 -9999.0 -9999.0
-9999.0 -9999.0 -9999.0 -9999.0 -9999.0 -9999.0 -9999.0 -9999.0 -9999.0 -9999.0 -9999.0 -9999.0 -9999.0 -9999.0 -9999.0 -9999.0 -9999.0 -9999.0 -9999.0 -9999.0 -9999.0 -9999.0 -9999.0 -9999.0 -9999.0 -9999.0 -9999.0 0.094534 0.094687 0.094540 0.094501 0.094500 0.094497 0.094497 0.094497 0.094495 0.094494 0.094493 0.094493 0.075940 0.075940 0.075940 0.075940 0.075940 -9999.0 -9999.0 -9999.0 -9999.0 -9999.0 -9999.0 -9999.0 -9999.0 -9999.0 -9999.0 -9999.0 -9999.0 -9999.0 -9999.0 -9999.0 -9999.0 -9999.0 -9999.0 -9999.0 -9999.0 -9999.0 -9999.0
