geotop/1.0zi/1.0Montebello/Templates/testdem/maps/_Eocclay0871.asc
ncols         21
nrows         20
xllcorner     100.000000
yllcorner     100.000000
cellsize      50.000000
NODATA_value  -9999.0
0.000000 0.000000 0.000000 0.000000 0.000000 0.000000 0.000000 0.000000 0.000000 0.000000 0.000000 0.000000 0.000000 0.000000 0.000000 0.000000 0.000000 0.000000 0.000000 0.000000 0.000000
0.000000 0.000000 0.349953 0.349953 0.349953 0.349953 0.349953 0.349953 0.349953 0.349953 0.349953 0.349953 0.349953 0.349953 0.349953 0.349953 0.349953 0.349953 0.349953 0.000000 0.000000
0.000000 0.000000 0.349995 0.349995 0.349995 0.349995 0.349995 0.349995 0.349995 0.349995 0.349995 0.349995 0.349995 0.349995 0.349995 0.349995 0.349995 0.349995 0.349995 0.000000 0.000000
0.000000 0.000000 0.350318 0.350318 0.350316 0.350317 0.350318 0.350318 0.350318 0.350318 0.350318 0.350318 0.350318 0.350318 0.350318 0.350317 0.350316 0.350318 0.350318 0.000000 0.000000
0.000000 0.000000 0.351608 0.351607 0.351605 0.351605 0.351609 0.351608 0.351608 0.351608 0.351608 0.351608 0.351608 0.351608 0.351609 0.351605 0.351605 0.351607 0.351608 0.000000 0.000000
0.000000 0.000000 0.353060 0.353059 0.353058 0.353057 0.353060 0.353060 0.353060 0.353060 0.353060 0.353060 0.353060 0.353060 0.353060 0.353057 0.353058 0.353059 0.353060 0.000000 0.000000
0.000000 0.000000 0.354448 0.354447 0.354446 0.354446 0.354448 0.354448 0.354448 0.354448 0.354448 0.354448 0.354448 0.354448 0.354448 0.354446 0.354446 0.354447 0.354448 0.000000 0.000000
0.000000 0.000000 0.355735 0.355735 0.355733 0.355734 0.355735 0.355735 0.355735 0.355735 0.355735 0.355735 0.355735 0.355735 0.355735 0.355734 0.355733 0.355735 0.355735 0.000000 0.000000
0.000000 0.000000 0.356947 0.356947 0.356945 0.356945 0.356947 0.356947 0.356947 0.356947 0.356947 0.356947 0.356947 0.356947 0.356947 0.356945 0.356945 0.356947 0.356947 0.000000 0.000000
0.000000 0.000000 0.358109 0.358109 0.358108 0.358108 0.358109 0.358109 0.358109 0.358109 0.358109 0.358109 0.358109 0.358109 0.358109 0.358108 0.358108 0.358109 0.358109 0.000000 0.000000
0.000000 0.000000 0.359237 0.359237 0.359235 0.359236 0.359237 0.359237 0.359237 0.359237 0.359237 0.359237 0.359237 0.359237 0.359237 0.359236 0.359235 0.359237 0.359237 0.000000 0.000000
0.000000 0.000000 0.360340 0.360340 0.360339 0.360339 0.360340 0.360340 0.360340 0.360340 0.360340 0.360340 0.360340 0.360340 0.360340 0.360339 0.360339 0.360340 0.360340 0.000000 0.000000
0.000000 0.000000 0.361423 0.361422 0.361421 0.361421 0.361423 0.361423 0.361423 0.361423 0.361423 0.361423 0.361423 0.361423 0.361423 0.361421 0.361421 0.361422 0.361423 0.000000 0.000000
0.000000 0.000000 0.362488 0.362488 0.362487 0.362487 0.362488 0.362488 0.362488 0.362488 0.362488 0.362488 0.362488 0.362488 0.362488 0.362487 0.362487 0.362488 0.362488 0.000000 0.000000
0.000000 0.000000 0.363542 0.363542 0.363541 0.363541 0.363542 0.363542 0.363542 0.363542 0.363542 0.363542 0.363542 0.363542 0.363542 0.363541 0.363541 0.363542 0.363542 0.000000 0.000000
0.000000 0.000000 0.364589 0.364589 0.364588 0.364588 0.364589 0.364589 0.364589 0.364589 0.364589 0.364589 0.364589 0.364589 0.364589 0.364588 0.364588 0.364589 0.364589 0.000000 0.000000
0.000000 0.000000 0.365626 0.365626 0.365625 0.365625 0.365626 0.365626 0.365626 0.365626 0.365626 0.365626 0.365626 0.365626 0.365626 0.365625 0.365625 0.365626 0.365626 0.000000 0.000000
0.000000 0.000000 0.366680 0.366680 0.366678 0.366678 0.366680 0.366680 0.366680 0.366680 0.366680 0.366680 0.366680 0.366680 0.366680 0.366678 0.366678 0.366680 0.366680 0.000000 0.000000
0.000000 0.000000 0.350000 0.350000 0.350000 0.350000 0.350000 0.350000 0.350000 0.350000 0.350000 0.350000 0.350000 0.350000 0.350000 0.350000 0.350000 0.350000 0.350000 0.000000 0.000000
0.000000 0.000000 0.000000 0.000000 0.000000 0.000000 0.000000 0.000000 0.000000 0.000000 0.000000 0.000000 0.000000 0.000000 0.000000 0.000000 0.000000 0.000000 0.000000 0.000000 0.000000