geotop/1.0zi/1.0Montebello/Templates/testdem/maps/_Eocsilt2822.asc
ncols         21
nrows         20
xllcorner     100.000000
yllcorner     100.000000
cellsize      50.000000
NODATA_value  -9999.0
0.000000 0.000000 0.000000 0.000000 0.000000 0.000000 0.000000 0.000000 0.000000 0.000000 0.000000 0.000000 0.000000 0.000000 0.000000 0.000000 0.000000 0.000000 0.000000 0.000000 0.000000
0.000000 0.000000 0.350073 0.350073 0.350072 0.350072 0.350072 0.350073 0.350072 0.350072 0.350072 0.350072 0.350072 0.350073 0.350072 0.350072 0.350072 0.350073 0.350073 0.000000 0.000000
0.000000 0.000000 0.349998 0.349998 0.349998 0.349998 0.349998 0.349998 0.349998 0.349998 0.349999 0.349998 0.349998 0.349998 0.349998 0.349998 0.349998 0.349998 0.349998 0.000000 0.000000
0.000000 0.000000 0.351026 0.351025 0.351023 0.351024 0.351026 0.351026 0.351025 0.351026 0.351026 0.351026 0.351025 0.351026 0.351026 0.351024 0.351023 0.351025 0.351026 0.000000 0.000000
0.000000 0.000000 0.354895 0.354894 0.354892 0.354893 0.354895 0.354894 0.354894 0.354896 0.354896 0.354896 0.354894 0.354894 0.354895 0.354893 0.354892 0.354894 0.354895 0.000000 0.000000
0.000000 0.000000 0.359785 0.359785 0.359783 0.359783 0.359786 0.359785 0.359785 0.359786 0.359786 0.359786 0.359785 0.359785 0.359786 0.359783 0.359783 0.359785 0.359785 0.000000 0.000000
0.000000 0.000000 0.364241 0.364241 0.364240 0.364240 0.364242 0.364241 0.364241 0.364242 0.364242 0.364242 0.364241 0.364241 0.364242 0.364240 0.364240 0.364241 0.364241 0.000000 0.000000
0.000000 0.000000 0.368287 0.368286 0.368285 0.368286 0.368287 0.368287 0.368287 0.368287 0.368288 0.368287 0.368287 0.368287 0.368287 0.368286 0.368285 0.368286 0.368287 0.000000 0.000000
0.000000 0.000000 0.372037 0.372037 0.372035 0.372036 0.372037 0.372037 0.372037 0.372038 0.372038 0.372038 0.372037 0.372037 0.372037 0.372036 0.372035 0.372037 0.372037 0.000000 0.000000
0.000000 0.000000 0.375582 0.375581 0.375580 0.375580 0.375582 0.375581 0.375581 0.375582 0.375582 0.375582 0.375581 0.375581 0.375582 0.375580 0.375580 0.375581 0.375582 0.000000 0.000000
0.000000 0.000000 0.378963 0.378962 0.378961 0.378962 0.378963 0.378962 0.378962 0.378963 0.378963 0.378963 0.378962 0.378962 0.378963 0.378962 0.378961 0.378962 0.378963 0.000000 0.000000
0.000000 0.000000 0.382213 0.382213 0.382212 0.382212 0.382214 0.382213 0.382213 0.382214 0.382214 0.382214 0.382213 0.382213 0.382214 0.382212 0.382212 0.382213 0.382213 0.000000 0.000000
0.000000 0.000000 0.385359 0.385358 0.385357 0.385358 0.385359 0.385358 0.385359 0.385359 0.385359 0.385359 0.385359 0.385358 0.385359 0.385358 0.385357 0.385358 0.385359 0.000000 0.000000
0.000000 0.000000 0.388420 0.388419 0.388418 0.388419 0.388420 0.388419 0.388420 0.388420 0.388420 0.388420 0.388420 0.388419 0.388420 0.388419 0.388418 0.388419 0.388420 0.000000 0.000000
0.000000 0.000000 0.391405 0.391405 0.391403 0.391404 0.391405 0.391405 0.391405 0.391405 0.391406 0.391405 0.391405 0.391405 0.391405 0.391404 0.391403 0.391405 0.391405 0.000000 0.000000
0.000000 0.000000 0.394320 0.394320 0.394318 0.394319 0.394320 0.394320 0.394320 0.394320 0.394320 0.394320 0.394320 0.394320 0.394320 0.394319 0.394318 0.394320 0.394320 0.000000 0.000000
0.000000 0.000000 0.397169 0.397169 0.397168 0.397168 0.397169 0.397169 0.397169 0.397170 0.397170 0.397170 0.397169 0.397169 0.397169 0.397168 0.397168 0.397169 0.397169 0.000000 0.000000
0.000000 0.000000 0.400005 0.400005 0.400004 0.400004 0.400005 0.400005 0.400005 0.400005 0.400006 0.400005 0.400005 0.400005 0.400005 0.400004 0.400004 0.400005 0.400005 0.000000 0.000000
0.000000 0.000000 0.350000 0.350000 0.350000 0.350000 0.350000 0.350000 0.350000 0.350000 0.350000 0.350000 0.350000 0.350000 0.350000 0.350000 0.350000 0.350000 0.350000 0.000000 0.000000
0.000000 0.000000 0.000000 0.000000 0.000000 0.000000 0.000000 0.000000 0.000000 0.000000 0.000000 0.000000 0.000000 0.000000 0.000000 0.000000 0.000000 0.000000 0.000000 0.000000 0.000000