geotop/1.0zi/1.0Montebello/Templates/testdem/maps/_Eocsilt1750.asc
ncols         21
nrows         20
xllcorner     100.000000
yllcorner     100.000000
cellsize      50.000000
NODATA_value  -9999.0
0.000000 0.000000 0.000000 0.000000 0.000000 0.000000 0.000000 0.000000 0.000000 0.000000 0.000000 0.000000 0.000000 0.000000 0.000000 0.000000 0.000000 0.000000 0.000000 0.000000 0.000000
0.000000 0.000000 0.350040 0.350040 0.350040 0.350040 0.350040 0.350040 0.350040 0.350040 0.350040 0.350040 0.350040 0.350040 0.350040 0.350040 0.350040 0.350040 0.350040 0.000000 0.000000
0.000000 0.000000 0.349998 0.349998 0.349998 0.349998 0.349998 0.349998 0.349998 0.349998 0.349998 0.349998 0.349998 0.349998 0.349998 0.349998 0.349998 0.349998 0.349998 0.000000 0.000000
0.000000 0.000000 0.350656 0.350655 0.350653 0.350654 0.350656 0.350656 0.350656 0.350656 0.350656 0.350656 0.350656 0.350656 0.350656 0.350654 0.350653 0.350655 0.350656 0.000000 0.000000
0.000000 0.000000 0.353039 0.353038 0.353036 0.353036 0.353039 0.353039 0.353038 0.353039 0.353039 0.353039 0.353038 0.353039 0.353039 0.353036 0.353036 0.353038 0.353039 0.000000 0.000000
0.000000 0.000000 0.356044 0.356044 0.356042 0.356043 0.356045 0.356045 0.356044 0.356045 0.356045 0.356045 0.356044 0.356045 0.356045 0.356043 0.356042 0.356044 0.356044 0.000000 0.000000
0.000000 0.000000 0.358795 0.358795 0.358794 0.358794 0.358796 0.358796 0.358795 0.358796 0.358796 0.358796 0.358795 0.358796 0.358796 0.358794 0.358794 0.358795 0.358795 0.000000 0.000000
0.000000 0.000000 0.361317 0.361316 0.361315 0.361315 0.361317 0.361317 0.361317 0.361317 0.361317 0.361317 0.361317 0.361317 0.361317 0.361315 0.361315 0.361316 0.361317 0.000000 0.000000
0.000000 0.000000 0.363675 0.363674 0.363673 0.363674 0.363675 0.363675 0.363675 0.363675 0.363675 0.363675 0.363675 0.363675 0.363675 0.363674 0.363673 0.363674 0.363675 0.000000 0.000000
0.000000 0.000000 0.365929 0.365928 0.365927 0.365928 0.365929 0.365929 0.365929 0.365929 0.365929 0.365929 0.365929 0.365929 0.365929 0.365928 0.365927 0.365928 0.365929 0.000000 0.000000
0.000000 0.000000 0.368102 0.368101 0.368100 0.368101 0.368102 0.368102 0.368102 0.368102 0.368102 0.368102 0.368102 0.368102 0.368102 0.368101 0.368100 0.368101 0.368102 0.000000 0.000000
0.000000 0.000000 0.370215 0.370214 0.370213 0.370214 0.370215 0.370215 0.370215 0.370215 0.370215 0.370215 0.370215 0.370215 0.370215 0.370214 0.370213 0.370214 0.370215 0.000000 0.000000
0.000000 0.000000 0.372284 0.372284 0.372282 0.372283 0.372284 0.372284 0.372284 0.372284 0.372284 0.372284 0.372284 0.372284 0.372284 0.372283 0.372282 0.372284 0.372284 0.000000 0.000000
0.000000 0.000000 0.374311 0.374311 0.374310 0.374310 0.374312 0.374311 0.374311 0.374312 0.374312 0.374312 0.374311 0.374311 0.374312 0.374310 0.374310 0.374311 0.374311 0.000000 0.000000
0.000000 0.000000 0.376306 0.376306 0.376305 0.376305 0.376307 0.376306 0.376306 0.376307 0.376307 0.376307 0.376306 0.376306 0.376307 0.376305 0.376305 0.376306 0.376306 0.000000 0.000000
0.000000 0.000000 0.378276 0.378275 0.378274 0.378275 0.378276 0.378276 0.378276 0.378276 0.378276 0.378276 0.378276 0.378276 0.378276 0.378275 0.378274 0.378275 0.378276 0.000000 0.000000
0.000000 0.000000 0.380220 0.380220 0.380219 0.380219 0.380221 0.380220 0.380220 0.380220 0.380220 0.380220 0.380220 0.380220 0.380221 0.380219 0.380219 0.380220 0.380220 0.000000 0.000000
0.000000 0.000000 0.382176 0.382176 0.382175 0.382175 0.382177 0.382176 0.382176 0.382177 0.382177 0.382177 0.382176 0.382176 0.382177 0.382175 0.382175 0.382176 0.382176 0.000000 0.000000
0.000000 0.000000 0.350000 0.350000 0.350000 0.350000 0.350000 0.350000 0.350000 0.350000 0.350000 0.350000 0.350000 0.350000 0.350000 0.350000 0.350000 0.350000 0.350000 0.000000 0.000000
0.000000 0.000000 0.000000 0.000000 0.000000 0.000000 0.000000 0.000000 0.000000 0.000000 0.000000 0.000000 0.000000 0.000000 0.000000 0.000000 0.000000 0.000000 0.000000 0.000000 0.000000