geotop/1.0zi/1.0Montebello/Templates/testdem/maps/_Eocclay3482.asc
ncols         21
nrows         20
xllcorner     100.000000
yllcorner     100.000000
cellsize      50.000000
NODATA_value  -9999.0
0.000000 0.000000 0.000000 0.000000 0.000000 0.000000 0.000000 0.000000 0.000000 0.000000 0.000000 0.000000 0.000000 0.000000 0.000000 0.000000 0.000000 0.000000 0.000000 0.000000 0.000000
0.000000 0.000000 0.349815 0.349815 0.349815 0.349814 0.349815 0.349815 0.349815 0.349815 0.349814 0.349815 0.349815 0.349815 0.349815 0.349814 0.349815 0.349815 0.349815 0.000000 0.000000
0.000000 0.000000 0.349996 0.349996 0.349995 0.349996 0.349996 0.349996 0.349996 0.349996 0.349996 0.349996 0.349996 0.349996 0.349996 0.349996 0.349995 0.349996 0.349996 0.000000 0.000000
0.000000 0.000000 0.351302 0.351301 0.351299 0.351300 0.351301 0.351301 0.351301 0.351301 0.351301 0.351301 0.351301 0.351301 0.351301 0.351300 0.351299 0.351301 0.351302 0.000000 0.000000
0.000000 0.000000 0.356654 0.356654 0.356652 0.356652 0.356656 0.356654 0.356654 0.356655 0.356656 0.356655 0.356654 0.356654 0.356656 0.356652 0.356652 0.356654 0.356654 0.000000 0.000000
0.000000 0.000000 0.362576 0.362575 0.362573 0.362573 0.362576 0.362575 0.362575 0.362576 0.362576 0.362576 0.362575 0.362575 0.362576 0.362573 0.362573 0.362575 0.362576 0.000000 0.000000
0.000000 0.000000 0.368127 0.368126 0.368125 0.368125 0.368127 0.368126 0.368126 0.368127 0.368128 0.368127 0.368126 0.368126 0.368127 0.368125 0.368125 0.368126 0.368127 0.000000 0.000000
0.000000 0.000000 0.373175 0.373175 0.373174 0.373174 0.373176 0.373175 0.373175 0.373176 0.373176 0.373176 0.373175 0.373175 0.373176 0.373174 0.373174 0.373175 0.373175 0.000000 0.000000
0.000000 0.000000 0.377838 0.377838 0.377836 0.377837 0.377838 0.377838 0.377838 0.377838 0.377839 0.377838 0.377838 0.377838 0.377838 0.377837 0.377836 0.377838 0.377838 0.000000 0.000000
0.000000 0.000000 0.382222 0.382222 0.382221 0.382221 0.382223 0.382222 0.382222 0.382222 0.382223 0.382222 0.382222 0.382222 0.382223 0.382221 0.382221 0.382222 0.382222 0.000000 0.000000
0.000000 0.000000 0.386384 0.386384 0.386383 0.386383 0.386384 0.386384 0.386384 0.386384 0.386385 0.386384 0.386384 0.386384 0.386384 0.386383 0.386383 0.386384 0.386384 0.000000 0.000000
0.000000 0.000000 0.390364 0.390364 0.390363 0.390363 0.390364 0.390364 0.390364 0.390364 0.390365 0.390364 0.390364 0.390364 0.390364 0.390363 0.390363 0.390364 0.390364 0.000000 0.000000
0.000000 0.000000 0.394192 0.394191 0.394190 0.394191 0.394192 0.394191 0.394191 0.394192 0.394192 0.394192 0.394191 0.394191 0.394192 0.394191 0.394190 0.394191 0.394192 0.000000 0.000000
0.000000 0.000000 0.397896 0.397896 0.397895 0.397895 0.397897 0.397896 0.397896 0.397896 0.397897 0.397896 0.397896 0.397896 0.397897 0.397895 0.397895 0.397896 0.397896 0.000000 0.000000
0.000000 0.000000 0.401489 0.401489 0.401488 0.401488 0.401489 0.401489 0.401489 0.401489 0.401490 0.401489 0.401489 0.401489 0.401489 0.401488 0.401488 0.401489 0.401489 0.000000 0.000000
0.000000 0.000000 0.404975 0.404975 0.404974 0.404974 0.404976 0.404975 0.404975 0.404976 0.404976 0.404976 0.404975 0.404975 0.404976 0.404974 0.404974 0.404975 0.404975 0.000000 0.000000
0.000000 0.000000 0.408367 0.408367 0.408365 0.408366 0.408367 0.408367 0.408367 0.408367 0.408367 0.408367 0.408367 0.408367 0.408367 0.408366 0.408365 0.408367 0.408367 0.000000 0.000000
0.000000 0.000000 0.411720 0.411720 0.411719 0.411720 0.411721 0.411720 0.411720 0.411721 0.411721 0.411721 0.411720 0.411720 0.411721 0.411720 0.411719 0.411720 0.411720 0.000000 0.000000
0.000000 0.000000 0.350000 0.350000 0.350000 0.350000 0.350000 0.350000 0.350000 0.350000 0.350000 0.350000 0.350000 0.350000 0.350000 0.350000 0.350000 0.350000 0.350000 0.000000 0.000000
0.000000 0.000000 0.000000 0.000000 0.000000 0.000000 0.000000 0.000000 0.000000 0.000000 0.000000 0.000000 0.000000 0.000000 0.000000 0.000000 0.000000 0.000000 0.000000 0.000000 0.000000