geotop/1.0zi/1.0Montebello/Templates/testdem/maps/_Eocsilt5164.asc
ncols         21
nrows         20
xllcorner     100.000000
yllcorner     100.000000
cellsize      50.000000
NODATA_value  -9999.0
0.000000 0.000000 0.000000 0.000000 0.000000 0.000000 0.000000 0.000000 0.000000 0.000000 0.000000 0.000000 0.000000 0.000000 0.000000 0.000000 0.000000 0.000000 0.000000 0.000000 0.000000
0.000000 0.000000 0.350104 0.350104 0.350105 0.350104 0.350104 0.350105 0.350105 0.350105 0.350105 0.350104 0.350104 0.350104 0.350104 0.350105 0.350105 0.350104 0.350104 0.000000 0.000000
0.000000 0.000000 0.350002 0.350002 0.350002 0.350003 0.350003 0.350003 0.350003 0.350003 0.350003 0.350003 0.350003 0.350003 0.350003 0.350002 0.350001 0.350001 0.350001 0.000000 0.000000
0.000000 0.000000 0.350037 0.350036 0.350036 0.350031 0.350033 0.350031 0.350033 0.350033 0.350033 0.350032 0.350032 0.350031 0.350033 0.350036 0.350036 0.350038 0.350037 0.000000 0.000000
0.000000 0.000000 0.350428 0.350433 0.350432 0.350428 0.350425 0.350422 0.350420 0.350417 0.350416 0.350418 0.350418 0.350419 0.350424 0.350425 0.350425 0.350433 0.350436 0.000000 0.000000
0.000000 0.000000 0.351714 0.351717 0.351713 0.351701 0.351693 0.351678 0.351676 0.351671 0.351675 0.351678 0.351681 0.351679 0.351684 0.351690 0.351698 0.351701 0.351705 0.000000 0.000000
0.000000 0.000000 0.353715 0.353713 0.353708 0.353692 0.353673 0.353655 0.353656 0.353653 0.353656 0.353655 0.353653 0.353657 0.353670 0.353685 0.353693 0.353702 0.353708 0.000000 0.000000
0.000000 0.000000 0.356128 0.356127 0.356127 0.356112 0.356093 0.356073 0.356074 0.356071 0.356071 0.356071 0.356071 0.356070 0.356088 0.356107 0.356118 0.356122 0.356130 0.000000 0.000000
0.000000 0.000000 0.358655 0.358650 0.358646 0.358632 0.358614 0.358589 0.358590 0.358586 0.358586 0.358588 0.358587 0.358587 0.358606 0.358626 0.358636 0.358644 0.358653 0.000000 0.000000
0.000000 0.000000 0.361164 0.361162 0.361159 0.361149 0.361128 0.361106 0.361108 0.361105 0.361105 0.361106 0.361104 0.361103 0.361125 0.361143 0.361149 0.361156 0.361163 0.000000 0.000000
0.000000 0.000000 0.363720 0.363717 0.363716 0.363700 0.363683 0.363658 0.363660 0.363655 0.363654 0.363657 0.363655 0.363654 0.363672 0.363688 0.363701 0.363708 0.363717 0.000000 0.000000
0.000000 0.000000 0.366380 0.366377 0.366373 0.366358 0.366340 0.366315 0.366314 0.366311 0.366311 0.366311 0.366311 0.366310 0.366334 0.366351 0.366360 0.366366 0.366392 0.000000 0.000000
0.000000 0.000000 0.369087 0.369083 0.369079 0.369067 0.369045 0.368991 0.368991 0.368986 0.368985 0.368987 0.368984 0.368985 0.369032 0.369053 0.369064 0.369070 0.369086 0.000000 0.000000
0.000000 0.000000 0.371989 0.371981 0.371979 0.371966 0.371908 0.371894 0.371885 0.371882 0.371882 0.371883 0.371880 0.371880 0.371894 0.371948 0.371960 0.371973 0.371984 0.000000 0.000000
0.000000 0.000000 0.375142 0.375137 0.375124 0.375071 0.375044 0.375009 0.374993 0.374988 0.374979 0.374979 0.374982 0.374977 0.375003 0.375038 0.375102 0.375101 0.375110 0.000000 0.000000
0.000000 0.000000 0.378437 0.378431 0.378369 0.378353 0.378336 0.378318 0.378317 0.378316 0.378320 0.378320 0.378312 0.378324 0.378333 0.378346 0.378348 0.378423 0.378440 0.000000 0.000000
0.000000 0.000000 0.382147 0.382060 0.382013 0.381986 0.381938 0.381913 0.381907 0.381904 0.381893 0.381895 0.381898 0.381889 0.381909 0.381960 0.381996 0.382026 0.382116 0.000000 0.000000
0.000000 0.000000 0.384960 0.384953 0.385018 0.384987 0.384951 0.384864 0.384855 0.384848 0.384853 0.384853 0.384848 0.384855 0.384934 0.384971 0.385015 0.384940 0.384965 0.000000 0.000000
0.000000 0.000000 0.350000 0.350000 0.350000 0.350000 0.350000 0.350000 0.350000 0.350000 0.350000 0.350000 0.350000 0.350000 0.350000 0.350000 0.350000 0.350000 0.350000 0.000000 0.000000
0.000000 0.000000 0.000000 0.000000 0.000000 0.000000 0.000000 0.000000 0.000000 0.000000 0.000000 0.000000 0.000000 0.000000 0.000000 0.000000 0.000000 0.000000 0.000000 0.000000 0.000000