geotop/1.0zi/1.0Montebello/Templates/testdem/maps/_Eocsilt3278.asc
ncols         21
nrows         20
xllcorner     100.000000
yllcorner     100.000000
cellsize      50.000000
NODATA_value  -9999.0
0.000000 0.000000 0.000000 0.000000 0.000000 0.000000 0.000000 0.000000 0.000000 0.000000 0.000000 0.000000 0.000000 0.000000 0.000000 0.000000 0.000000 0.000000 0.000000 0.000000 0.000000
0.000000 0.000000 0.350089 0.350089 0.350089 0.350089 0.350089 0.350089 0.350089 0.350089 0.350088 0.350089 0.350089 0.350089 0.350089 0.350089 0.350089 0.350089 0.350089 0.000000 0.000000
0.000000 0.000000 0.349994 0.349994 0.349994 0.349994 0.349994 0.349994 0.349994 0.349994 0.349995 0.349994 0.349994 0.349994 0.349994 0.349994 0.349994 0.349994 0.349994 0.000000 0.000000
0.000000 0.000000 0.351310 0.351310 0.351308 0.351309 0.351311 0.351311 0.351310 0.351311 0.351311 0.351311 0.351310 0.351311 0.351311 0.351309 0.351308 0.351310 0.351310 0.000000 0.000000
0.000000 0.000000 0.355960 0.355959 0.355958 0.355958 0.355960 0.355959 0.355959 0.355961 0.355961 0.355961 0.355959 0.355959 0.355960 0.355958 0.355958 0.355959 0.355960 0.000000 0.000000
0.000000 0.000000 0.361654 0.361653 0.361652 0.361652 0.361655 0.361654 0.361654 0.361655 0.361655 0.361655 0.361654 0.361654 0.361655 0.361652 0.361652 0.361653 0.361654 0.000000 0.000000
0.000000 0.000000 0.366811 0.366811 0.366809 0.366810 0.366812 0.366811 0.366811 0.366812 0.366812 0.366812 0.366811 0.366811 0.366812 0.366810 0.366809 0.366811 0.366811 0.000000 0.000000
0.000000 0.000000 0.371473 0.371473 0.371472 0.371472 0.371474 0.371473 0.371473 0.371474 0.371474 0.371474 0.371473 0.371473 0.371474 0.371472 0.371472 0.371473 0.371473 0.000000 0.000000
0.000000 0.000000 0.375777 0.375777 0.375776 0.375776 0.375778 0.375777 0.375777 0.375778 0.375778 0.375778 0.375777 0.375777 0.375778 0.375776 0.375776 0.375777 0.375777 0.000000 0.000000
0.000000 0.000000 0.379826 0.379826 0.379825 0.379825 0.379826 0.379826 0.379826 0.379826 0.379827 0.379826 0.379826 0.379826 0.379826 0.379825 0.379825 0.379826 0.379826 0.000000 0.000000
0.000000 0.000000 0.383671 0.383671 0.383669 0.383670 0.383671 0.383671 0.383671 0.383671 0.383672 0.383671 0.383671 0.383671 0.383671 0.383670 0.383669 0.383671 0.383671 0.000000 0.000000
0.000000 0.000000 0.387348 0.387348 0.387347 0.387347 0.387349 0.387348 0.387348 0.387349 0.387349 0.387349 0.387348 0.387348 0.387349 0.387347 0.387347 0.387348 0.387348 0.000000 0.000000
0.000000 0.000000 0.390885 0.390885 0.390883 0.390884 0.390885 0.390884 0.390885 0.390885 0.390885 0.390885 0.390885 0.390884 0.390885 0.390884 0.390883 0.390885 0.390885 0.000000 0.000000
0.000000 0.000000 0.394309 0.394309 0.394308 0.394309 0.394310 0.394309 0.394309 0.394310 0.394310 0.394310 0.394309 0.394309 0.394310 0.394309 0.394308 0.394309 0.394309 0.000000 0.000000
0.000000 0.000000 0.397631 0.397631 0.397630 0.397630 0.397631 0.397631 0.397631 0.397631 0.397632 0.397631 0.397631 0.397631 0.397631 0.397630 0.397630 0.397631 0.397631 0.000000 0.000000
0.000000 0.000000 0.400856 0.400856 0.400855 0.400856 0.400857 0.400856 0.400856 0.400857 0.400857 0.400857 0.400856 0.400856 0.400857 0.400856 0.400855 0.400856 0.400856 0.000000 0.000000
0.000000 0.000000 0.403995 0.403995 0.403994 0.403994 0.403995 0.403995 0.403995 0.403995 0.403996 0.403995 0.403995 0.403995 0.403995 0.403994 0.403994 0.403995 0.403995 0.000000 0.000000
0.000000 0.000000 0.407105 0.407105 0.407104 0.407105 0.407106 0.407105 0.407105 0.407106 0.407106 0.407106 0.407105 0.407105 0.407106 0.407105 0.407104 0.407105 0.407105 0.000000 0.000000
0.000000 0.000000 0.350000 0.350000 0.350000 0.350000 0.350000 0.350000 0.350000 0.350000 0.350000 0.350000 0.350000 0.350000 0.350000 0.350000 0.350000 0.350000 0.350000 0.000000 0.000000
0.000000 0.000000 0.000000 0.000000 0.000000 0.000000 0.000000 0.000000 0.000000 0.000000 0.000000 0.000000 0.000000 0.000000 0.000000 0.000000 0.000000 0.000000 0.000000 0.000000 0.000000