geotop/1.0zi/1.0Montebello/Templates/testdem/maps/_Eocsilt7040.asc
ncols         21
nrows         20
xllcorner     100.000000
yllcorner     100.000000
cellsize      50.000000
NODATA_value  -9999.0
0.000000 0.000000 0.000000 0.000000 0.000000 0.000000 0.000000 0.000000 0.000000 0.000000 0.000000 0.000000 0.000000 0.000000 0.000000 0.000000 0.000000 0.000000 0.000000 0.000000 0.000000
0.000000 0.000000 0.350142 0.350143 0.350143 0.350143 0.350143 0.350143 0.350143 0.350143 0.350143 0.350143 0.350143 0.350143 0.350142 0.350143 0.350143 0.350143 0.350142 0.000000 0.000000
0.000000 0.000000 0.350003 0.350003 0.350003 0.350003 0.350003 0.350003 0.350003 0.350003 0.350003 0.350003 0.350004 0.350004 0.350003 0.350003 0.350001 0.350001 0.350003 0.000000 0.000000
0.000000 0.000000 0.350059 0.350056 0.350055 0.350049 0.350050 0.350047 0.350050 0.350050 0.350048 0.350050 0.350049 0.350049 0.350051 0.350054 0.350057 0.350058 0.350058 0.000000 0.000000
0.000000 0.000000 0.350744 0.350750 0.350746 0.350738 0.350733 0.350726 0.350724 0.350722 0.350723 0.350723 0.350724 0.350726 0.350736 0.350740 0.350740 0.350747 0.350752 0.000000 0.000000
0.000000 0.000000 0.352809 0.352811 0.352801 0.352788 0.352772 0.352752 0.352752 0.352746 0.352750 0.352751 0.352752 0.352751 0.352760 0.352770 0.352780 0.352786 0.352792 0.000000 0.000000
0.000000 0.000000 0.355869 0.355866 0.355856 0.355833 0.355805 0.355777 0.355779 0.355775 0.355776 0.355775 0.355771 0.355776 0.355800 0.355823 0.355837 0.355849 0.355858 0.000000 0.000000
0.000000 0.000000 0.359540 0.359539 0.359534 0.359511 0.359485 0.359453 0.359454 0.359450 0.359449 0.359447 0.359445 0.359450 0.359477 0.359501 0.359522 0.359527 0.359539 0.000000 0.000000
0.000000 0.000000 0.363431 0.363424 0.363411 0.363396 0.363369 0.363332 0.363335 0.363327 0.363325 0.363323 0.363324 0.363323 0.363358 0.363387 0.363403 0.363412 0.363422 0.000000 0.000000
0.000000 0.000000 0.367431 0.367424 0.367417 0.367404 0.367365 0.367333 0.367335 0.367330 0.367326 0.367328 0.367332 0.367330 0.367358 0.367391 0.367409 0.367415 0.367423 0.000000 0.000000
0.000000 0.000000 0.371637 0.371633 0.371626 0.371596 0.371570 0.371533 0.371542 0.371522 0.371524 0.371524 0.371517 0.371529 0.371554 0.371574 0.371597 0.371609 0.371627 0.000000 0.000000
0.000000 0.000000 0.376171 0.376159 0.376145 0.376125 0.376097 0.376052 0.376053 0.376044 0.376055 0.376041 0.376043 0.376048 0.376091 0.376113 0.376129 0.376137 0.376180 0.000000 0.000000
0.000000 0.000000 0.380939 0.380927 0.380920 0.380895 0.380871 0.380769 0.380768 0.380760 0.380736 0.380747 0.380753 0.380763 0.380840 0.380863 0.380900 0.380904 0.380931 0.000000 0.000000
0.000000 0.000000 0.386295 0.386290 0.386270 0.386252 0.386139 0.386127 0.386104 0.386103 0.386103 0.386099 0.386097 0.386094 0.386097 0.386214 0.386240 0.386271 0.386301 0.000000 0.000000
0.000000 0.000000 0.392392 0.392383 0.392356 0.392227 0.392209 0.392143 0.392107 0.392099 0.392078 0.392059 0.392074 0.392069 0.392128 0.392158 0.392332 0.392313 0.392327 0.000000 0.000000
0.000000 0.000000 0.399006 0.398996 0.398815 0.398822 0.398813 0.398775 0.398829 0.398805 0.398832 0.398812 0.398787 0.398831 0.398852 0.398864 0.398793 0.399033 0.399035 0.000000 0.000000
0.000000 0.000000 0.406980 0.406710 0.406689 0.406605 0.406469 0.406424 0.406380 0.406386 0.406319 0.406318 0.406352 0.406326 0.406392 0.406494 0.406672 0.406632 0.406911 0.000000 0.000000
0.000000 0.000000 0.411706 0.411849 0.412101 0.412065 0.412020 0.411777 0.411789 0.411728 0.411801 0.411781 0.411782 0.411803 0.412018 0.412050 0.412141 0.411904 0.411774 0.000000 0.000000
0.000000 0.000000 0.350000 0.350000 0.350000 0.350000 0.350000 0.350000 0.350000 0.350000 0.350000 0.350000 0.350000 0.350000 0.350000 0.350000 0.350000 0.350000 0.350000 0.000000 0.000000
0.000000 0.000000 0.000000 0.000000 0.000000 0.000000 0.000000 0.000000 0.000000 0.000000 0.000000 0.000000 0.000000 0.000000 0.000000 0.000000 0.000000 0.000000 0.000000 0.000000 0.000000