geotop/1.0zi/1.0Montebello/Templates/testdem/maps/_Eocsilt4388.asc
ncols         21
nrows         20
xllcorner     100.000000
yllcorner     100.000000
cellsize      50.000000
NODATA_value  -9999.0
0.000000 0.000000 0.000000 0.000000 0.000000 0.000000 0.000000 0.000000 0.000000 0.000000 0.000000 0.000000 0.000000 0.000000 0.000000 0.000000 0.000000 0.000000 0.000000 0.000000 0.000000
0.000000 0.000000 0.350089 0.350089 0.350089 0.350089 0.350089 0.350089 0.350089 0.350089 0.350089 0.350089 0.350089 0.350089 0.350089 0.350089 0.350089 0.350089 0.350089 0.000000 0.000000
0.000000 0.000000 0.350002 0.350002 0.350002 0.350003 0.350003 0.350003 0.350003 0.350003 0.350003 0.350003 0.350003 0.350003 0.350003 0.350002 0.350001 0.350001 0.350001 0.000000 0.000000
0.000000 0.000000 0.350032 0.350031 0.350031 0.350027 0.350028 0.350025 0.350027 0.350028 0.350027 0.350027 0.350027 0.350026 0.350028 0.350030 0.350031 0.350033 0.350032 0.000000 0.000000
0.000000 0.000000 0.350380 0.350381 0.350378 0.350379 0.350378 0.350376 0.350374 0.350371 0.350370 0.350373 0.350373 0.350373 0.350375 0.350374 0.350373 0.350378 0.350380 0.000000 0.000000
0.000000 0.000000 0.351483 0.351485 0.351481 0.351475 0.351472 0.351460 0.351459 0.351454 0.351458 0.351460 0.351462 0.351458 0.351460 0.351465 0.351469 0.351468 0.351472 0.000000 0.000000
0.000000 0.000000 0.353204 0.353202 0.353196 0.353185 0.353172 0.353157 0.353159 0.353156 0.353159 0.353157 0.353154 0.353155 0.353165 0.353178 0.353183 0.353187 0.353193 0.000000 0.000000
0.000000 0.000000 0.355222 0.355218 0.355214 0.355203 0.355191 0.355177 0.355179 0.355176 0.355176 0.355175 0.355172 0.355169 0.355184 0.355199 0.355208 0.355209 0.355214 0.000000 0.000000
0.000000 0.000000 0.357283 0.357278 0.357270 0.357262 0.357250 0.357230 0.357232 0.357228 0.357228 0.357229 0.357226 0.357225 0.357239 0.357256 0.357263 0.357267 0.357275 0.000000 0.000000
0.000000 0.000000 0.359330 0.359325 0.359320 0.359311 0.359296 0.359280 0.359283 0.359280 0.359280 0.359281 0.359277 0.359273 0.359290 0.359307 0.359313 0.359316 0.359321 0.000000 0.000000
0.000000 0.000000 0.361391 0.361386 0.361381 0.361374 0.361364 0.361344 0.361347 0.361342 0.361342 0.361343 0.361339 0.361337 0.361350 0.361362 0.361371 0.361374 0.361381 0.000000 0.000000
0.000000 0.000000 0.363520 0.363515 0.363508 0.363497 0.363486 0.363466 0.363467 0.363464 0.363464 0.363463 0.363461 0.363457 0.363476 0.363491 0.363499 0.363502 0.363524 0.000000 0.000000
0.000000 0.000000 0.365676 0.365671 0.365664 0.365655 0.365642 0.365600 0.365601 0.365597 0.365596 0.365597 0.365592 0.365590 0.365626 0.365644 0.365652 0.365655 0.365669 0.000000 0.000000
0.000000 0.000000 0.367952 0.367943 0.367938 0.367929 0.367888 0.367877 0.367871 0.367868 0.367869 0.367868 0.367863 0.367861 0.367871 0.367914 0.367923 0.367932 0.367940 0.000000 0.000000
0.000000 0.000000 0.370401 0.370394 0.370380 0.370343 0.370324 0.370298 0.370285 0.370281 0.370274 0.370273 0.370273 0.370266 0.370285 0.370315 0.370362 0.370360 0.370367 0.000000 0.000000
0.000000 0.000000 0.372926 0.372919 0.372869 0.372862 0.372851 0.372838 0.372837 0.372836 0.372838 0.372837 0.372828 0.372833 0.372838 0.372851 0.372852 0.372902 0.372915 0.000000 0.000000
0.000000 0.000000 0.375724 0.375661 0.375619 0.375602 0.375573 0.375557 0.375554 0.375552 0.375544 0.375545 0.375543 0.375535 0.375545 0.375581 0.375604 0.375630 0.375692 0.000000 0.000000
0.000000 0.000000 0.377920 0.377903 0.377938 0.377916 0.377890 0.377830 0.377826 0.377820 0.377822 0.377821 0.377814 0.377815 0.377868 0.377899 0.377935 0.377883 0.377909 0.000000 0.000000
0.000000 0.000000 0.350000 0.350000 0.350000 0.350000 0.350000 0.350000 0.350000 0.350000 0.350000 0.350000 0.350000 0.350000 0.350000 0.350000 0.350000 0.350000 0.350000 0.000000 0.000000
0.000000 0.000000 0.000000 0.000000 0.000000 0.000000 0.000000 0.000000 0.000000 0.000000 0.000000 0.000000 0.000000 0.000000 0.000000 0.000000 0.000000 0.000000 0.000000 0.000000 0.000000