geotop/1.0zi/1.0Montebello/Templates/testdem/maps/_Eocclay9651.asc
ncols         21
nrows         20
xllcorner     100.000000
yllcorner     100.000000
cellsize      50.000000
NODATA_value  -9999.0
0.000000 0.000000 0.000000 0.000000 0.000000 0.000000 0.000000 0.000000 0.000000 0.000000 0.000000 0.000000 0.000000 0.000000 0.000000 0.000000 0.000000 0.000000 0.000000 0.000000 0.000000
0.000000 0.000000 0.349553 0.349555 0.349555 0.349554 0.349556 0.349556 0.349555 0.349555 0.349554 0.349555 0.349555 0.349555 0.349555 0.349555 0.349553 0.349554 0.349555 0.000000 0.000000
0.000000 0.000000 0.349981 0.349979 0.349980 0.349982 0.349979 0.349979 0.349980 0.349979 0.349979 0.349980 0.349980 0.349979 0.349980 0.349981 0.349981 0.349981 0.349979 0.000000 0.000000
0.000000 0.000000 0.350040 0.350045 0.350042 0.350038 0.350039 0.350039 0.350043 0.350040 0.350043 0.350041 0.350041 0.350040 0.350043 0.350046 0.350045 0.350046 0.350043 0.000000 0.000000
0.000000 0.000000 0.351490 0.351484 0.351477 0.351465 0.351447 0.351445 0.351442 0.351444 0.351441 0.351446 0.351446 0.351447 0.351457 0.351462 0.351472 0.351476 0.351485 0.000000 0.000000
0.000000 0.000000 0.355393 0.355388 0.355365 0.355329 0.355298 0.355267 0.355272 0.355266 0.355265 0.355265 0.355272 0.355270 0.355286 0.355317 0.355332 0.355345 0.355351 0.000000 0.000000
0.000000 0.000000 0.360590 0.360579 0.360565 0.360529 0.360489 0.360432 0.360432 0.360426 0.360422 0.360423 0.360425 0.360425 0.360472 0.360506 0.360526 0.360539 0.360547 0.000000 0.000000
0.000000 0.000000 0.366778 0.366765 0.366748 0.366703 0.366658 0.366606 0.366607 0.366600 0.366595 0.366592 0.366591 0.366601 0.366643 0.366680 0.366712 0.366721 0.366735 0.000000 0.000000
0.000000 0.000000 0.373543 0.373525 0.373501 0.373467 0.373416 0.373356 0.373362 0.373350 0.373342 0.373340 0.373343 0.373341 0.373399 0.373444 0.373469 0.373479 0.373491 0.000000 0.000000
0.000000 0.000000 0.381028 0.381002 0.380984 0.380947 0.380890 0.380827 0.380828 0.380819 0.380806 0.380811 0.380820 0.380817 0.380864 0.380922 0.380952 0.380964 0.380970 0.000000 0.000000
0.000000 0.000000 0.389566 0.389544 0.389525 0.389444 0.389417 0.389332 0.389349 0.389308 0.389311 0.389305 0.389292 0.389316 0.389368 0.389404 0.389447 0.389462 0.389499 0.000000 0.000000
0.000000 0.000000 0.399530 0.399486 0.399436 0.399396 0.399352 0.399245 0.399243 0.399238 0.399250 0.399212 0.399230 0.399225 0.399321 0.399377 0.399399 0.399413 0.399488 0.000000 0.000000
0.000000 0.000000 0.410783 0.410741 0.410729 0.410651 0.410596 0.410313 0.410308 0.410290 0.410190 0.410251 0.410258 0.410283 0.410492 0.410540 0.410643 0.410649 0.410667 0.000000 0.000000
0.000000 0.000000 0.424779 0.424759 0.424669 0.424612 0.424215 0.424353 0.424268 0.424267 0.424318 0.424265 0.424255 0.424215 0.424087 0.424523 0.424540 0.424642 0.424703 0.000000 0.000000
0.000000 0.000000 0.440887 0.440839 0.440757 0.440235 0.440455 0.440131 0.440057 0.440022 0.439903 0.439864 0.439924 0.439928 0.440213 0.440002 0.440683 0.440522 0.440498 0.000000 0.000000
0.000000 0.000000 0.455667 0.455639 0.455044 0.455367 0.455258 0.455289 0.455553 0.455483 0.455625 0.455602 0.455488 0.455631 0.455541 0.455642 0.454954 0.455868 0.455854 0.000000 0.000000
0.000000 0.000000 0.469060 0.468548 0.468726 0.468493 0.468230 0.468145 0.467971 0.468012 0.467834 0.467855 0.467959 0.467851 0.467992 0.468187 0.468686 0.468290 0.468824 0.000000 0.000000
0.000000 0.000000 0.473729 0.473931 0.474250 0.474189 0.474144 0.473847 0.473862 0.473788 0.473885 0.473862 0.473863 0.473886 0.474141 0.474177 0.474275 0.473968 0.473769 0.000000 0.000000
0.000000 0.000000 0.350000 0.350000 0.350000 0.350000 0.350000 0.350000 0.350000 0.350000 0.350000 0.350000 0.350000 0.350000 0.350000 0.350000 0.350000 0.350000 0.350000 0.000000 0.000000
0.000000 0.000000 0.000000 0.000000 0.000000 0.000000 0.000000 0.000000 0.000000 0.000000 0.000000 0.000000 0.000000 0.000000 0.000000 0.000000 0.000000 0.000000 0.000000 0.000000 0.000000