geotop/1.0zi/1.0Montebello/Templates/testdem/maps/_Eocsand9567.asc
ncols         21
nrows         20
xllcorner     100.000000
yllcorner     100.000000
cellsize      50.000000
NODATA_value  -9999.0
0.000000 0.000000 0.000000 0.000000 0.000000 0.000000 0.000000 0.000000 0.000000 0.000000 0.000000 0.000000 0.000000 0.000000 0.000000 0.000000 0.000000 0.000000 0.000000 0.000000 0.000000
0.000000 0.000000 0.300239 0.300236 0.300236 0.300237 0.300236 0.300236 0.300236 0.300236 0.300237 0.300236 0.300237 0.300237 0.300236 0.300236 0.300237 0.300237 0.300237 0.000000 0.000000
0.000000 0.000000 0.300011 0.300013 0.300013 0.300011 0.300012 0.300013 0.300012 0.300012 0.300012 0.300013 0.300012 0.300012 0.300012 0.300012 0.300013 0.300013 0.300014 0.000000 0.000000
0.000000 0.000000 0.299815 0.299814 0.299821 0.299829 0.299828 0.299834 0.299826 0.299828 0.299828 0.299826 0.299825 0.299827 0.299822 0.299816 0.299813 0.299811 0.299811 0.000000 0.000000
0.000000 0.000000 0.297150 0.297151 0.297169 0.297197 0.297226 0.297234 0.297234 0.297235 0.297236 0.297229 0.297224 0.297224 0.297201 0.297188 0.297174 0.297165 0.297152 0.000000 0.000000
0.000000 0.000000 0.289837 0.289847 0.289886 0.289938 0.289999 0.290052 0.290050 0.290061 0.290056 0.290054 0.290043 0.290046 0.290017 0.289966 0.289940 0.289920 0.289906 0.000000 0.000000
0.000000 0.000000 0.279789 0.279808 0.279839 0.279904 0.279984 0.280094 0.280085 0.280093 0.280096 0.280094 0.280094 0.280087 0.280005 0.279939 0.279899 0.279871 0.279854 0.000000 0.000000
0.000000 0.000000 0.267857 0.267878 0.267906 0.267982 0.268066 0.268165 0.268159 0.268170 0.268175 0.268179 0.268182 0.268163 0.268085 0.268014 0.267949 0.267935 0.267905 0.000000 0.000000
0.000000 0.000000 0.254786 0.254816 0.254859 0.254914 0.255012 0.255129 0.255114 0.255136 0.255146 0.255149 0.255143 0.255146 0.255035 0.254950 0.254900 0.254879 0.254852 0.000000 0.000000
0.000000 0.000000 0.240427 0.240465 0.240498 0.240560 0.240691 0.240800 0.240793 0.240807 0.240826 0.240814 0.240798 0.240801 0.240713 0.240602 0.240542 0.240520 0.240505 0.000000 0.000000
0.000000 0.000000 0.224187 0.224213 0.224243 0.224387 0.224471 0.224617 0.224577 0.224653 0.224641 0.224650 0.224673 0.224626 0.224528 0.224460 0.224376 0.224340 0.224273 0.000000 0.000000
0.000000 0.000000 0.205347 0.205411 0.205497 0.205563 0.205690 0.205869 0.205864 0.205873 0.205841 0.205908 0.205871 0.205876 0.205699 0.205596 0.205550 0.205522 0.205379 0.000000 0.000000
0.000000 0.000000 0.184187 0.184242 0.184259 0.184423 0.184527 0.185048 0.185043 0.185069 0.185235 0.185132 0.185113 0.185062 0.184676 0.184581 0.184394 0.184379 0.184336 0.000000 0.000000
0.000000 0.000000 0.158079 0.158094 0.158245 0.158337 0.159075 0.158855 0.158993 0.158987 0.158889 0.158978 0.158990 0.159055 0.159260 0.158465 0.158427 0.158237 0.158122 0.000000 0.000000
0.000000 0.000000 0.127836 0.127922 0.128065 0.129011 0.128670 0.129240 0.129378 0.129431 0.129632 0.129708 0.129594 0.129587 0.129065 0.129381 0.128138 0.128419 0.128453 0.000000 0.000000
0.000000 0.000000 0.099291 0.099340 0.100460 0.099888 0.100093 0.100052 0.099551 0.099681 0.099412 0.099456 0.099665 0.099392 0.099530 0.099354 0.100591 0.098879 0.098903 0.000000 0.000000
0.000000 0.000000 0.072991 0.073972 0.073654 0.074098 0.074602 0.074769 0.075097 0.075019 0.075357 0.075316 0.075119 0.075321 0.075045 0.074669 0.073712 0.074444 0.073420 0.000000 0.000000
0.000000 0.000000 0.063476 0.063176 0.062566 0.062707 0.062823 0.063378 0.063368 0.063499 0.063339 0.063379 0.063365 0.063334 0.062849 0.062760 0.062513 0.063124 0.063413 0.000000 0.000000
0.000000 0.000000 0.300000 0.300000 0.300000 0.300000 0.300000 0.300000 0.300000 0.300000 0.300000 0.300000 0.300000 0.300000 0.300000 0.300000 0.300000 0.300000 0.300000 0.000000 0.000000
0.000000 0.000000 0.000000 0.000000 0.000000 0.000000 0.000000 0.000000 0.000000 0.000000 0.000000 0.000000 0.000000 0.000000 0.000000 0.000000 0.000000 0.000000 0.000000 0.000000 0.000000