geotop/1.0zi/1.0Montebello/Templates/testdem/maps/_Eocclay2871.asc
ncols         21
nrows         20
xllcorner     100.000000
yllcorner     100.000000
cellsize      50.000000
NODATA_value  -9999.0
0.000000 0.000000 0.000000 0.000000 0.000000 0.000000 0.000000 0.000000 0.000000 0.000000 0.000000 0.000000 0.000000 0.000000 0.000000 0.000000 0.000000 0.000000 0.000000 0.000000 0.000000
0.000000 0.000000 0.349842 0.349842 0.349842 0.349842 0.349842 0.349842 0.349842 0.349842 0.349841 0.349842 0.349842 0.349842 0.349842 0.349842 0.349842 0.349842 0.349842 0.000000 0.000000
0.000000 0.000000 0.349993 0.349993 0.349992 0.349993 0.349993 0.349993 0.349993 0.349993 0.349993 0.349993 0.349993 0.349993 0.349993 0.349993 0.349992 0.349993 0.349993 0.000000 0.000000
0.000000 0.000000 0.350980 0.350980 0.350978 0.350979 0.350980 0.350980 0.350980 0.350980 0.350980 0.350980 0.350980 0.350980 0.350980 0.350979 0.350978 0.350980 0.350980 0.000000 0.000000
0.000000 0.000000 0.355269 0.355268 0.355266 0.355266 0.355270 0.355269 0.355269 0.355270 0.355271 0.355270 0.355269 0.355269 0.355270 0.355266 0.355266 0.355268 0.355269 0.000000 0.000000
0.000000 0.000000 0.360145 0.360144 0.360143 0.360143 0.360146 0.360145 0.360145 0.360146 0.360146 0.360146 0.360145 0.360145 0.360146 0.360143 0.360143 0.360144 0.360145 0.000000 0.000000
0.000000 0.000000 0.364745 0.364745 0.364744 0.364744 0.364746 0.364745 0.364745 0.364746 0.364746 0.364746 0.364745 0.364745 0.364746 0.364744 0.364744 0.364745 0.364745 0.000000 0.000000
0.000000 0.000000 0.368949 0.368949 0.368948 0.368948 0.368950 0.368949 0.368949 0.368950 0.368950 0.368950 0.368949 0.368949 0.368950 0.368948 0.368948 0.368949 0.368949 0.000000 0.000000
0.000000 0.000000 0.372853 0.372852 0.372851 0.372851 0.372853 0.372852 0.372853 0.372853 0.372854 0.372853 0.372853 0.372852 0.372853 0.372851 0.372851 0.372852 0.372853 0.000000 0.000000
0.000000 0.000000 0.376546 0.376546 0.376544 0.376545 0.376546 0.376546 0.376546 0.376546 0.376547 0.376546 0.376546 0.376546 0.376546 0.376545 0.376544 0.376546 0.376546 0.000000 0.000000
0.000000 0.000000 0.380072 0.380072 0.380071 0.380071 0.380072 0.380072 0.380072 0.380073 0.380073 0.380073 0.380072 0.380072 0.380072 0.380071 0.380071 0.380072 0.380072 0.000000 0.000000
0.000000 0.000000 0.383466 0.383466 0.383464 0.383465 0.383466 0.383466 0.383466 0.383466 0.383467 0.383466 0.383466 0.383466 0.383466 0.383465 0.383464 0.383466 0.383466 0.000000 0.000000
0.000000 0.000000 0.386752 0.386752 0.386751 0.386751 0.386753 0.386752 0.386752 0.386753 0.386753 0.386753 0.386752 0.386752 0.386753 0.386751 0.386751 0.386752 0.386752 0.000000 0.000000
0.000000 0.000000 0.389953 0.389953 0.389952 0.389952 0.389953 0.389953 0.389953 0.389953 0.389954 0.389953 0.389953 0.389953 0.389953 0.389952 0.389952 0.389953 0.389953 0.000000 0.000000
0.000000 0.000000 0.393077 0.393077 0.393075 0.393076 0.393077 0.393077 0.393077 0.393077 0.393078 0.393077 0.393077 0.393077 0.393077 0.393076 0.393075 0.393077 0.393077 0.000000 0.000000
0.000000 0.000000 0.396130 0.396130 0.396129 0.396129 0.396130 0.396130 0.396130 0.396130 0.396131 0.396130 0.396130 0.396130 0.396130 0.396129 0.396129 0.396130 0.396130 0.000000 0.000000
0.000000 0.000000 0.399116 0.399116 0.399115 0.399115 0.399116 0.399116 0.399116 0.399117 0.399117 0.399117 0.399116 0.399116 0.399116 0.399115 0.399115 0.399116 0.399116 0.000000 0.000000
0.000000 0.000000 0.402088 0.402088 0.402087 0.402088 0.402089 0.402088 0.402088 0.402089 0.402089 0.402089 0.402088 0.402088 0.402089 0.402088 0.402087 0.402088 0.402089 0.000000 0.000000
0.000000 0.000000 0.350000 0.350000 0.350000 0.350000 0.350000 0.350000 0.350000 0.350000 0.350000 0.350000 0.350000 0.350000 0.350000 0.350000 0.350000 0.350000 0.350000 0.000000 0.000000
0.000000 0.000000 0.000000 0.000000 0.000000 0.000000 0.000000 0.000000 0.000000 0.000000 0.000000 0.000000 0.000000 0.000000 0.000000 0.000000 0.000000 0.000000 0.000000 0.000000 0.000000