geotop/1.0zi/1.0Montebello/Templates/testdem/maps/_Eocsand1449.asc
ncols         21
nrows         20
xllcorner     100.000000
yllcorner     100.000000
cellsize      50.000000
NODATA_value  -9999.0
0.000000 0.000000 0.000000 0.000000 0.000000 0.000000 0.000000 0.000000 0.000000 0.000000 0.000000 0.000000 0.000000 0.000000 0.000000 0.000000 0.000000 0.000000 0.000000 0.000000 0.000000
0.000000 0.000000 0.300044 0.300044 0.300044 0.300044 0.300044 0.300044 0.300044 0.300044 0.300044 0.300044 0.300044 0.300044 0.300044 0.300044 0.300044 0.300044 0.300044 0.000000 0.000000
0.000000 0.000000 0.300006 0.300007 0.300007 0.300006 0.300006 0.300006 0.300006 0.300006 0.300006 0.300006 0.300006 0.300006 0.300006 0.300006 0.300007 0.300007 0.300006 0.000000 0.000000
0.000000 0.000000 0.298814 0.298815 0.298820 0.298818 0.298814 0.298815 0.298815 0.298814 0.298814 0.298814 0.298815 0.298815 0.298814 0.298818 0.298820 0.298815 0.298814 0.000000 0.000000
0.000000 0.000000 0.294600 0.294601 0.294606 0.294606 0.294599 0.294601 0.294601 0.294599 0.294599 0.294599 0.294601 0.294601 0.294599 0.294606 0.294606 0.294601 0.294600 0.000000 0.000000
0.000000 0.000000 0.289694 0.289695 0.289699 0.289698 0.289693 0.289694 0.289694 0.289693 0.289693 0.289693 0.289694 0.289694 0.289693 0.289698 0.289699 0.289695 0.289694 0.000000 0.000000
0.000000 0.000000 0.285107 0.285107 0.285111 0.285110 0.285106 0.285107 0.285107 0.285106 0.285106 0.285106 0.285107 0.285107 0.285106 0.285110 0.285111 0.285107 0.285107 0.000000 0.000000
0.000000 0.000000 0.280887 0.280888 0.280891 0.280890 0.280887 0.280888 0.280888 0.280887 0.280887 0.280887 0.280888 0.280888 0.280887 0.280890 0.280891 0.280888 0.280887 0.000000 0.000000
0.000000 0.000000 0.276932 0.276933 0.276936 0.276935 0.276932 0.276933 0.276933 0.276932 0.276932 0.276932 0.276933 0.276933 0.276932 0.276935 0.276936 0.276933 0.276932 0.000000 0.000000
0.000000 0.000000 0.273143 0.273143 0.273146 0.273145 0.273142 0.273143 0.273143 0.273142 0.273142 0.273142 0.273143 0.273143 0.273142 0.273145 0.273146 0.273143 0.273143 0.000000 0.000000
0.000000 0.000000 0.269481 0.269482 0.269485 0.269484 0.269481 0.269481 0.269481 0.269481 0.269481 0.269481 0.269481 0.269481 0.269481 0.269484 0.269485 0.269482 0.269481 0.000000 0.000000
0.000000 0.000000 0.265911 0.265912 0.265915 0.265914 0.265911 0.265912 0.265912 0.265911 0.265911 0.265911 0.265912 0.265912 0.265911 0.265914 0.265915 0.265912 0.265911 0.000000 0.000000
0.000000 0.000000 0.262404 0.262405 0.262408 0.262407 0.262404 0.262405 0.262405 0.262404 0.262404 0.262404 0.262405 0.262405 0.262404 0.262407 0.262408 0.262405 0.262404 0.000000 0.000000
0.000000 0.000000 0.258961 0.258961 0.258964 0.258963 0.258960 0.258961 0.258961 0.258960 0.258960 0.258960 0.258961 0.258961 0.258960 0.258963 0.258964 0.258961 0.258961 0.000000 0.000000
0.000000 0.000000 0.255564 0.255564 0.255567 0.255566 0.255563 0.255564 0.255564 0.255563 0.255563 0.255563 0.255564 0.255564 0.255563 0.255566 0.255567 0.255564 0.255564 0.000000 0.000000
0.000000 0.000000 0.252201 0.252202 0.252205 0.252204 0.252201 0.252202 0.252202 0.252201 0.252201 0.252201 0.252202 0.252202 0.252201 0.252204 0.252205 0.252202 0.252201 0.000000 0.000000
0.000000 0.000000 0.248875 0.248875 0.248878 0.248877 0.248874 0.248875 0.248875 0.248874 0.248874 0.248874 0.248875 0.248875 0.248874 0.248877 0.248878 0.248875 0.248875 0.000000 0.000000
0.000000 0.000000 0.245501 0.245501 0.245504 0.245503 0.245500 0.245501 0.245501 0.245500 0.245500 0.245500 0.245501 0.245501 0.245500 0.245503 0.245504 0.245501 0.245501 0.000000 0.000000
0.000000 0.000000 0.300000 0.300000 0.300000 0.300000 0.300000 0.300000 0.300000 0.300000 0.300000 0.300000 0.300000 0.300000 0.300000 0.300000 0.300000 0.300000 0.300000 0.000000 0.000000
0.000000 0.000000 0.000000 0.000000 0.000000 0.000000 0.000000 0.000000 0.000000 0.000000 0.000000 0.000000 0.000000 0.000000 0.000000 0.000000 0.000000 0.000000 0.000000 0.000000 0.000000