geotop/1.0zi/1.0Montebello/Templates/testdem/maps/_Eocsilt7125.asc
ncols         21
nrows         20
xllcorner     100.000000
yllcorner     100.000000
cellsize      50.000000
NODATA_value  -9999.0
0.000000 0.000000 0.000000 0.000000 0.000000 0.000000 0.000000 0.000000 0.000000 0.000000 0.000000 0.000000 0.000000 0.000000 0.000000 0.000000 0.000000 0.000000 0.000000 0.000000 0.000000
0.000000 0.000000 0.350143 0.350144 0.350144 0.350144 0.350144 0.350144 0.350144 0.350144 0.350144 0.350144 0.350144 0.350144 0.350144 0.350144 0.350144 0.350144 0.350143 0.000000 0.000000
0.000000 0.000000 0.350004 0.350003 0.350003 0.350003 0.350003 0.350003 0.350003 0.350003 0.350004 0.350004 0.350004 0.350004 0.350003 0.350003 0.350001 0.350001 0.350003 0.000000 0.000000
0.000000 0.000000 0.350063 0.350060 0.350058 0.350052 0.350054 0.350051 0.350054 0.350053 0.350051 0.350053 0.350053 0.350053 0.350054 0.350057 0.350060 0.350062 0.350062 0.000000 0.000000
0.000000 0.000000 0.350774 0.350780 0.350776 0.350768 0.350763 0.350756 0.350754 0.350752 0.350753 0.350753 0.350754 0.350755 0.350766 0.350770 0.350769 0.350777 0.350782 0.000000 0.000000
0.000000 0.000000 0.352878 0.352879 0.352870 0.352856 0.352839 0.352819 0.352819 0.352813 0.352818 0.352819 0.352819 0.352818 0.352828 0.352838 0.352848 0.352854 0.352861 0.000000 0.000000
0.000000 0.000000 0.355982 0.355979 0.355969 0.355946 0.355917 0.355889 0.355890 0.355886 0.355888 0.355886 0.355883 0.355888 0.355912 0.355935 0.355949 0.355962 0.355970 0.000000 0.000000
0.000000 0.000000 0.359702 0.359701 0.359696 0.359673 0.359645 0.359613 0.359614 0.359610 0.359609 0.359607 0.359605 0.359610 0.359637 0.359662 0.359683 0.359688 0.359701 0.000000 0.000000
0.000000 0.000000 0.363648 0.363641 0.363628 0.363613 0.363585 0.363548 0.363550 0.363542 0.363540 0.363538 0.363539 0.363538 0.363573 0.363603 0.363619 0.363628 0.363639 0.000000 0.000000
0.000000 0.000000 0.367711 0.367704 0.367696 0.367683 0.367644 0.367611 0.367613 0.367608 0.367603 0.367606 0.367610 0.367608 0.367637 0.367670 0.367689 0.367694 0.367702 0.000000 0.000000
0.000000 0.000000 0.371990 0.371985 0.371978 0.371948 0.371922 0.371884 0.371893 0.371873 0.371875 0.371874 0.371867 0.371880 0.371905 0.371926 0.371949 0.371961 0.371980 0.000000 0.000000
0.000000 0.000000 0.376610 0.376597 0.376583 0.376562 0.376534 0.376489 0.376489 0.376480 0.376491 0.376476 0.376479 0.376484 0.376528 0.376551 0.376566 0.376575 0.376618 0.000000 0.000000
0.000000 0.000000 0.381475 0.381462 0.381455 0.381430 0.381405 0.381300 0.381300 0.381292 0.381267 0.381278 0.381285 0.381295 0.381374 0.381397 0.381435 0.381439 0.381466 0.000000 0.000000
0.000000 0.000000 0.386954 0.386948 0.386928 0.386909 0.386793 0.386781 0.386757 0.386756 0.386757 0.386753 0.386751 0.386747 0.386750 0.386871 0.386897 0.386929 0.386960 0.000000 0.000000
0.000000 0.000000 0.393205 0.393195 0.393167 0.393033 0.393015 0.392948 0.392910 0.392902 0.392880 0.392861 0.392876 0.392871 0.392933 0.392962 0.393142 0.393123 0.393137 0.000000 0.000000
0.000000 0.000000 0.399994 0.399983 0.399794 0.399804 0.399793 0.399755 0.399812 0.399787 0.399815 0.399795 0.399769 0.399814 0.399836 0.399848 0.399772 0.400023 0.400024 0.000000 0.000000
0.000000 0.000000 0.408203 0.407920 0.407902 0.407813 0.407670 0.407622 0.407574 0.407582 0.407511 0.407510 0.407546 0.407519 0.407588 0.407695 0.407885 0.407837 0.408129 0.000000 0.000000
0.000000 0.000000 0.412983 0.413140 0.413402 0.413365 0.413320 0.413066 0.413080 0.413016 0.413094 0.413073 0.413074 0.413096 0.413321 0.413353 0.413444 0.413199 0.413056 0.000000 0.000000
0.000000 0.000000 0.350000 0.350000 0.350000 0.350000 0.350000 0.350000 0.350000 0.350000 0.350000 0.350000 0.350000 0.350000 0.350000 0.350000 0.350000 0.350000 0.350000 0.000000 0.000000
0.000000 0.000000 0.000000 0.000000 0.000000 0.000000 0.000000 0.000000 0.000000 0.000000 0.000000 0.000000 0.000000 0.000000 0.000000 0.000000 0.000000 0.000000 0.000000 0.000000 0.000000