geotop/1.0zi/1.0Montebello/Templates/testdem/maps/_Eocsilt6908.asc
ncols         21
nrows         20
xllcorner     100.000000
yllcorner     100.000000
cellsize      50.000000
NODATA_value  -9999.0
0.000000 0.000000 0.000000 0.000000 0.000000 0.000000 0.000000 0.000000 0.000000 0.000000 0.000000 0.000000 0.000000 0.000000 0.000000 0.000000 0.000000 0.000000 0.000000 0.000000 0.000000
0.000000 0.000000 0.350137 0.350138 0.350138 0.350138 0.350138 0.350138 0.350138 0.350138 0.350139 0.350138 0.350138 0.350138 0.350138 0.350138 0.350139 0.350138 0.350138 0.000000 0.000000
0.000000 0.000000 0.350003 0.350002 0.350003 0.350003 0.350003 0.350003 0.350003 0.350003 0.350003 0.350003 0.350004 0.350004 0.350003 0.350003 0.350001 0.350001 0.350002 0.000000 0.000000
0.000000 0.000000 0.350060 0.350057 0.350055 0.350050 0.350051 0.350049 0.350051 0.350052 0.350050 0.350050 0.350050 0.350050 0.350052 0.350055 0.350058 0.350059 0.350059 0.000000 0.000000
0.000000 0.000000 0.350713 0.350719 0.350715 0.350708 0.350704 0.350697 0.350696 0.350693 0.350694 0.350696 0.350697 0.350697 0.350707 0.350711 0.350710 0.350717 0.350722 0.000000 0.000000
0.000000 0.000000 0.352685 0.352686 0.352678 0.352664 0.352650 0.352632 0.352631 0.352626 0.352630 0.352632 0.352633 0.352631 0.352639 0.352649 0.352658 0.352663 0.352669 0.000000 0.000000
0.000000 0.000000 0.355637 0.355634 0.355625 0.355603 0.355577 0.355550 0.355551 0.355548 0.355549 0.355549 0.355546 0.355550 0.355571 0.355594 0.355608 0.355620 0.355628 0.000000 0.000000
0.000000 0.000000 0.359189 0.359189 0.359184 0.359162 0.359137 0.359107 0.359107 0.359104 0.359103 0.359102 0.359100 0.359104 0.359130 0.359153 0.359174 0.359178 0.359190 0.000000 0.000000
0.000000 0.000000 0.362947 0.362940 0.362928 0.362914 0.362888 0.362853 0.362855 0.362848 0.362846 0.362845 0.362846 0.362845 0.362878 0.362906 0.362922 0.362929 0.362940 0.000000 0.000000
0.000000 0.000000 0.366796 0.366789 0.366783 0.366771 0.366735 0.366704 0.366706 0.366701 0.366697 0.366700 0.366705 0.366701 0.366729 0.366760 0.366778 0.366782 0.366790 0.000000 0.000000
0.000000 0.000000 0.370829 0.370824 0.370818 0.370790 0.370766 0.370732 0.370739 0.370721 0.370723 0.370724 0.370718 0.370728 0.370751 0.370771 0.370793 0.370804 0.370821 0.000000 0.000000
0.000000 0.000000 0.375159 0.375148 0.375136 0.375116 0.375092 0.375049 0.375049 0.375041 0.375052 0.375040 0.375042 0.375046 0.375086 0.375107 0.375123 0.375130 0.375171 0.000000 0.000000
0.000000 0.000000 0.379697 0.379686 0.379679 0.379656 0.379634 0.379538 0.379538 0.379530 0.379508 0.379519 0.379526 0.379534 0.379606 0.379628 0.379663 0.379666 0.379693 0.000000 0.000000
0.000000 0.000000 0.384767 0.384762 0.384744 0.384727 0.384624 0.384611 0.384588 0.384587 0.384587 0.384586 0.384584 0.384580 0.384584 0.384694 0.384719 0.384747 0.384776 0.000000 0.000000
0.000000 0.000000 0.390509 0.390501 0.390476 0.390357 0.390338 0.390279 0.390243 0.390236 0.390217 0.390202 0.390216 0.390209 0.390262 0.390294 0.390456 0.390438 0.390452 0.000000 0.000000
0.000000 0.000000 0.396723 0.396714 0.396549 0.396548 0.396541 0.396509 0.396556 0.396534 0.396558 0.396541 0.396520 0.396557 0.396574 0.396586 0.396531 0.396748 0.396750 0.000000 0.000000
0.000000 0.000000 0.404166 0.403923 0.403895 0.403822 0.403702 0.403659 0.403621 0.403627 0.403568 0.403568 0.403598 0.403575 0.403636 0.403728 0.403883 0.403858 0.404109 0.000000 0.000000
0.000000 0.000000 0.408754 0.408863 0.409093 0.409055 0.409010 0.408793 0.408799 0.408745 0.408807 0.408791 0.408796 0.408810 0.409005 0.409041 0.409133 0.408912 0.408815 0.000000 0.000000
0.000000 0.000000 0.350000 0.350000 0.350000 0.350000 0.350000 0.350000 0.350000 0.350000 0.350000 0.350000 0.350000 0.350000 0.350000 0.350000 0.350000 0.350000 0.350000 0.000000 0.000000
0.000000 0.000000 0.000000 0.000000 0.000000 0.000000 0.000000 0.000000 0.000000 0.000000 0.000000 0.000000 0.000000 0.000000 0.000000 0.000000 0.000000 0.000000 0.000000 0.000000 0.000000