geotop/1.0zi/1.0Montebello/Templates/testdem/maps/_Eocsand2782.asc
ncols         21
nrows         20
xllcorner     100.000000
yllcorner     100.000000
cellsize      50.000000
NODATA_value  -9999.0
0.000000 0.000000 0.000000 0.000000 0.000000 0.000000 0.000000 0.000000 0.000000 0.000000 0.000000 0.000000 0.000000 0.000000 0.000000 0.000000 0.000000 0.000000 0.000000 0.000000 0.000000
0.000000 0.000000 0.300083 0.300083 0.300083 0.300083 0.300083 0.300083 0.300083 0.300083 0.300085 0.300083 0.300083 0.300083 0.300083 0.300083 0.300083 0.300083 0.300083 0.000000 0.000000
0.000000 0.000000 0.300011 0.300011 0.300012 0.300011 0.300011 0.300011 0.300011 0.300011 0.300010 0.300011 0.300011 0.300011 0.300011 0.300011 0.300012 0.300011 0.300011 0.000000 0.000000
0.000000 0.000000 0.298179 0.298180 0.298184 0.298182 0.298178 0.298179 0.298179 0.298179 0.298178 0.298179 0.298179 0.298179 0.298178 0.298182 0.298184 0.298180 0.298179 0.000000 0.000000
0.000000 0.000000 0.290407 0.290409 0.290412 0.290412 0.290406 0.290408 0.290408 0.290405 0.290405 0.290405 0.290408 0.290408 0.290406 0.290412 0.290412 0.290409 0.290407 0.000000 0.000000
0.000000 0.000000 0.280950 0.280951 0.280954 0.280954 0.280949 0.280951 0.280951 0.280949 0.280948 0.280949 0.280951 0.280951 0.280949 0.280954 0.280954 0.280951 0.280950 0.000000 0.000000
0.000000 0.000000 0.272152 0.272153 0.272156 0.272155 0.272151 0.272153 0.272152 0.272151 0.272150 0.272151 0.272152 0.272153 0.272151 0.272155 0.272156 0.272153 0.272152 0.000000 0.000000
0.000000 0.000000 0.264123 0.264124 0.264126 0.264126 0.264122 0.264124 0.264124 0.264122 0.264121 0.264122 0.264124 0.264124 0.264122 0.264126 0.264126 0.264124 0.264123 0.000000 0.000000
0.000000 0.000000 0.256665 0.256666 0.256668 0.256667 0.256664 0.256666 0.256665 0.256664 0.256663 0.256664 0.256665 0.256666 0.256664 0.256667 0.256668 0.256666 0.256665 0.000000 0.000000
0.000000 0.000000 0.249604 0.249605 0.249607 0.249607 0.249604 0.249605 0.249605 0.249603 0.249603 0.249603 0.249605 0.249605 0.249604 0.249607 0.249607 0.249605 0.249604 0.000000 0.000000
0.000000 0.000000 0.242854 0.242854 0.242856 0.242856 0.242853 0.242854 0.242854 0.242853 0.242852 0.242853 0.242854 0.242854 0.242853 0.242856 0.242856 0.242854 0.242854 0.000000 0.000000
0.000000 0.000000 0.236350 0.236351 0.236353 0.236352 0.236350 0.236351 0.236351 0.236349 0.236349 0.236349 0.236351 0.236351 0.236350 0.236352 0.236353 0.236351 0.236350 0.000000 0.000000
0.000000 0.000000 0.230043 0.230044 0.230046 0.230045 0.230043 0.230044 0.230044 0.230042 0.230042 0.230042 0.230044 0.230044 0.230043 0.230045 0.230046 0.230044 0.230043 0.000000 0.000000
0.000000 0.000000 0.223899 0.223900 0.223902 0.223901 0.223899 0.223900 0.223899 0.223898 0.223898 0.223898 0.223899 0.223900 0.223899 0.223901 0.223902 0.223900 0.223899 0.000000 0.000000
0.000000 0.000000 0.217902 0.217903 0.217905 0.217904 0.217902 0.217903 0.217903 0.217902 0.217901 0.217902 0.217903 0.217903 0.217902 0.217904 0.217905 0.217903 0.217902 0.000000 0.000000
0.000000 0.000000 0.212040 0.212041 0.212043 0.212042 0.212040 0.212041 0.212041 0.212040 0.212039 0.212040 0.212041 0.212041 0.212040 0.212042 0.212043 0.212041 0.212040 0.000000 0.000000
0.000000 0.000000 0.206304 0.206305 0.206307 0.206306 0.206304 0.206305 0.206305 0.206303 0.206303 0.206303 0.206305 0.206305 0.206304 0.206306 0.206307 0.206305 0.206304 0.000000 0.000000
0.000000 0.000000 0.200611 0.200611 0.200613 0.200612 0.200610 0.200611 0.200610 0.200609 0.200609 0.200609 0.200610 0.200611 0.200610 0.200612 0.200613 0.200611 0.200610 0.000000 0.000000
0.000000 0.000000 0.300000 0.300000 0.300000 0.300000 0.300000 0.300000 0.300000 0.300000 0.300000 0.300000 0.300000 0.300000 0.300000 0.300000 0.300000 0.300000 0.300000 0.000000 0.000000
0.000000 0.000000 0.000000 0.000000 0.000000 0.000000 0.000000 0.000000 0.000000 0.000000 0.000000 0.000000 0.000000 0.000000 0.000000 0.000000 0.000000 0.000000 0.000000 0.000000 0.000000