geotop/1.0zi/1.0Montebello/Templates/testdem/maps/_Eocclay9541.asc
ncols         21
nrows         20
xllcorner     100.000000
yllcorner     100.000000
cellsize      50.000000
NODATA_value  -9999.0
0.000000 0.000000 0.000000 0.000000 0.000000 0.000000 0.000000 0.000000 0.000000 0.000000 0.000000 0.000000 0.000000 0.000000 0.000000 0.000000 0.000000 0.000000 0.000000 0.000000 0.000000
0.000000 0.000000 0.349557 0.349560 0.349560 0.349559 0.349561 0.349561 0.349560 0.349560 0.349559 0.349561 0.349560 0.349560 0.349561 0.349560 0.349558 0.349559 0.349560 0.000000 0.000000
0.000000 0.000000 0.349981 0.349979 0.349979 0.349981 0.349979 0.349979 0.349980 0.349979 0.349979 0.349979 0.349979 0.349979 0.349980 0.349980 0.349981 0.349981 0.349979 0.000000 0.000000
0.000000 0.000000 0.350039 0.350044 0.350042 0.350039 0.350040 0.350040 0.350044 0.350042 0.350045 0.350043 0.350043 0.350042 0.350045 0.350046 0.350044 0.350045 0.350043 0.000000 0.000000
0.000000 0.000000 0.351422 0.351416 0.351409 0.351398 0.351379 0.351378 0.351375 0.351376 0.351375 0.351379 0.351379 0.351381 0.351391 0.351396 0.351406 0.351409 0.351419 0.000000 0.000000
0.000000 0.000000 0.355201 0.355196 0.355172 0.355140 0.355111 0.355082 0.355087 0.355081 0.355083 0.355083 0.355089 0.355088 0.355102 0.355131 0.355146 0.355159 0.355165 0.000000 0.000000
0.000000 0.000000 0.360262 0.360252 0.360237 0.360206 0.360167 0.360109 0.360113 0.360108 0.360107 0.360109 0.360111 0.360112 0.360156 0.360189 0.360209 0.360222 0.360231 0.000000 0.000000
0.000000 0.000000 0.366280 0.366270 0.366254 0.366215 0.366173 0.366122 0.366125 0.366119 0.366117 0.366115 0.366114 0.366124 0.366164 0.366199 0.366232 0.366240 0.366255 0.000000 0.000000
0.000000 0.000000 0.372848 0.372834 0.372813 0.372785 0.372736 0.372678 0.372686 0.372675 0.372669 0.372668 0.372671 0.372670 0.372725 0.372768 0.372792 0.372802 0.372815 0.000000 0.000000
0.000000 0.000000 0.380087 0.380067 0.380051 0.380020 0.379953 0.379898 0.379902 0.379895 0.379885 0.379891 0.379900 0.379898 0.379943 0.379998 0.380029 0.380040 0.380048 0.000000 0.000000
0.000000 0.000000 0.388306 0.388292 0.388277 0.388204 0.388162 0.388088 0.388108 0.388069 0.388076 0.388071 0.388059 0.388084 0.388133 0.388167 0.388210 0.388228 0.388262 0.000000 0.000000
0.000000 0.000000 0.397852 0.397819 0.397775 0.397742 0.397678 0.397587 0.397589 0.397585 0.397601 0.397567 0.397586 0.397584 0.397673 0.397726 0.397749 0.397763 0.397836 0.000000 0.000000
0.000000 0.000000 0.408602 0.408574 0.408565 0.408482 0.408429 0.408163 0.408166 0.408153 0.408068 0.408121 0.408131 0.408157 0.408354 0.408402 0.408498 0.408505 0.408527 0.000000 0.000000
0.000000 0.000000 0.421926 0.421918 0.421841 0.421794 0.421415 0.421529 0.421458 0.421461 0.421512 0.421466 0.421460 0.421427 0.421321 0.421729 0.421749 0.421846 0.421905 0.000000 0.000000
0.000000 0.000000 0.437488 0.437442 0.437368 0.436876 0.437056 0.436759 0.436687 0.436659 0.436555 0.436516 0.436575 0.436580 0.436852 0.436684 0.437331 0.437184 0.437166 0.000000 0.000000
0.000000 0.000000 0.452390 0.452364 0.451764 0.452077 0.451967 0.451992 0.452262 0.452194 0.452339 0.452316 0.452203 0.452350 0.452273 0.452368 0.451696 0.452616 0.452603 0.000000 0.000000
0.000000 0.000000 0.466629 0.466057 0.466266 0.465998 0.465707 0.465610 0.465411 0.465459 0.465258 0.465283 0.465402 0.465278 0.465440 0.465657 0.466235 0.465774 0.466372 0.000000 0.000000
0.000000 0.000000 0.471125 0.471407 0.471774 0.471722 0.471692 0.471347 0.471380 0.471290 0.471420 0.471392 0.471385 0.471421 0.471711 0.471736 0.471815 0.471481 0.471204 0.000000 0.000000
0.000000 0.000000 0.350000 0.350000 0.350000 0.350000 0.350000 0.350000 0.350000 0.350000 0.350000 0.350000 0.350000 0.350000 0.350000 0.350000 0.350000 0.350000 0.350000 0.000000 0.000000
0.000000 0.000000 0.000000 0.000000 0.000000 0.000000 0.000000 0.000000 0.000000 0.000000 0.000000 0.000000 0.000000 0.000000 0.000000 0.000000 0.000000 0.000000 0.000000 0.000000 0.000000