geotop/1.0zi/1.0Montebello/Templates/testdem/maps/_Eocclay4102.asc
ncols         21
nrows         20
xllcorner     100.000000
yllcorner     100.000000
cellsize      50.000000
NODATA_value  -9999.0
0.000000 0.000000 0.000000 0.000000 0.000000 0.000000 0.000000 0.000000 0.000000 0.000000 0.000000 0.000000 0.000000 0.000000 0.000000 0.000000 0.000000 0.000000 0.000000 0.000000 0.000000
0.000000 0.000000 0.349811 0.349812 0.349812 0.349812 0.349812 0.349812 0.349812 0.349812 0.349812 0.349812 0.349812 0.349812 0.349812 0.349812 0.349812 0.349812 0.349812 0.000000 0.000000
0.000000 0.000000 0.349994 0.349994 0.349994 0.349994 0.349994 0.349994 0.349994 0.349994 0.349993 0.349993 0.349994 0.349994 0.349994 0.349994 0.349994 0.349994 0.349994 0.000000 0.000000
0.000000 0.000000 0.349994 0.349995 0.349993 0.349994 0.349995 0.349995 0.349996 0.349995 0.349995 0.349994 0.349994 0.349993 0.349996 0.349997 0.349996 0.349996 0.349995 0.000000 0.000000
0.000000 0.000000 0.350332 0.350334 0.350333 0.350333 0.350326 0.350325 0.350325 0.350325 0.350324 0.350326 0.350322 0.350322 0.350325 0.350326 0.350326 0.350326 0.350329 0.000000 0.000000
0.000000 0.000000 0.351518 0.351519 0.351515 0.351507 0.351505 0.351495 0.351496 0.351491 0.351495 0.351495 0.351497 0.351495 0.351492 0.351497 0.351502 0.351507 0.351511 0.000000 0.000000
0.000000 0.000000 0.353232 0.353228 0.353225 0.353217 0.353208 0.353189 0.353189 0.353186 0.353188 0.353189 0.353188 0.353185 0.353197 0.353212 0.353219 0.353222 0.353226 0.000000 0.000000
0.000000 0.000000 0.355175 0.355173 0.355169 0.355157 0.355146 0.355129 0.355131 0.355129 0.355129 0.355129 0.355125 0.355122 0.355137 0.355151 0.355159 0.355162 0.355168 0.000000 0.000000
0.000000 0.000000 0.357115 0.357112 0.357105 0.357097 0.357086 0.357067 0.357069 0.357065 0.357065 0.357066 0.357063 0.357061 0.357075 0.357092 0.357099 0.357101 0.357108 0.000000 0.000000
0.000000 0.000000 0.359051 0.359046 0.359041 0.359032 0.359017 0.359000 0.359003 0.359001 0.359001 0.359001 0.358998 0.358994 0.359010 0.359027 0.359034 0.359037 0.359043 0.000000 0.000000
0.000000 0.000000 0.361018 0.361014 0.361008 0.361002 0.360992 0.360971 0.360974 0.360969 0.360969 0.360970 0.360966 0.360963 0.360977 0.360989 0.360998 0.361002 0.361009 0.000000 0.000000
0.000000 0.000000 0.363048 0.363044 0.363037 0.363026 0.363016 0.362996 0.362996 0.362993 0.362993 0.362992 0.362990 0.362986 0.363004 0.363019 0.363027 0.363030 0.363053 0.000000 0.000000
0.000000 0.000000 0.365098 0.365093 0.365086 0.365078 0.365065 0.365024 0.365025 0.365021 0.365020 0.365021 0.365017 0.365015 0.365049 0.365067 0.365075 0.365079 0.365093 0.000000 0.000000
0.000000 0.000000 0.367259 0.367251 0.367245 0.367237 0.367198 0.367187 0.367181 0.367178 0.367178 0.367178 0.367174 0.367171 0.367182 0.367223 0.367232 0.367241 0.367249 0.000000 0.000000
0.000000 0.000000 0.369579 0.369572 0.369558 0.369523 0.369506 0.369481 0.369468 0.369463 0.369457 0.369457 0.369456 0.369449 0.369467 0.369496 0.369542 0.369540 0.369547 0.000000 0.000000
0.000000 0.000000 0.371963 0.371956 0.371910 0.371903 0.371894 0.371882 0.371880 0.371879 0.371880 0.371880 0.371871 0.371876 0.371880 0.371893 0.371894 0.371940 0.371953 0.000000 0.000000
0.000000 0.000000 0.374596 0.374539 0.374498 0.374484 0.374458 0.374443 0.374440 0.374438 0.374431 0.374432 0.374430 0.374422 0.374430 0.374464 0.374485 0.374510 0.374566 0.000000 0.000000
0.000000 0.000000 0.376671 0.376655 0.376687 0.376668 0.376644 0.376591 0.376586 0.376581 0.376582 0.376582 0.376576 0.376576 0.376622 0.376652 0.376685 0.376636 0.376661 0.000000 0.000000
0.000000 0.000000 0.350000 0.350000 0.350000 0.350000 0.350000 0.350000 0.350000 0.350000 0.350000 0.350000 0.350000 0.350000 0.350000 0.350000 0.350000 0.350000 0.350000 0.000000 0.000000
0.000000 0.000000 0.000000 0.000000 0.000000 0.000000 0.000000 0.000000 0.000000 0.000000 0.000000 0.000000 0.000000 0.000000 0.000000 0.000000 0.000000 0.000000 0.000000 0.000000 0.000000