geotop/1.0zi/1.0Montebello/Templates/testdem/maps/_Eocsand096w.asc
ncols         21
nrows         20
xllcorner     100.000000
yllcorner     100.000000
cellsize      50.000000
NODATA_value  -9999.0
0.000000 0.000000 0.000000 0.000000 0.000000 0.000000 0.000000 0.000000 0.000000 0.000000 0.000000 0.000000 0.000000 0.000000 0.000000 0.000000 0.000000 0.000000 0.000000 0.000000 0.000000
0.000000 0.000000 0.300276 0.300273 0.300274 0.300274 0.300273 0.300273 0.300273 0.300273 0.300274 0.300274 0.300274 0.300274 0.300273 0.300273 0.300274 0.300274 0.300274 0.000000 0.000000
0.000000 0.000000 0.300012 0.300013 0.300014 0.300011 0.300013 0.300014 0.300013 0.300013 0.300013 0.300013 0.300013 0.300013 0.300013 0.300013 0.300014 0.300015 0.300014 0.000000 0.000000
0.000000 0.000000 0.299692 0.299681 0.299698 0.299706 0.299704 0.299715 0.299707 0.299705 0.299708 0.299707 0.299707 0.299701 0.299703 0.299695 0.299691 0.299687 0.299687 0.000000 0.000000
0.000000 0.000000 0.295936 0.295943 0.295963 0.295999 0.296036 0.296053 0.296046 0.296047 0.296054 0.296044 0.296038 0.296042 0.296017 0.296001 0.295982 0.295965 0.295950 0.000000 0.000000
0.000000 0.000000 0.286487 0.286496 0.286543 0.286620 0.286696 0.286763 0.286754 0.286763 0.286773 0.286770 0.286756 0.286765 0.286729 0.286663 0.286631 0.286600 0.286587 0.000000 0.000000
0.000000 0.000000 0.273679 0.273700 0.273744 0.273834 0.273931 0.274070 0.274063 0.274071 0.274089 0.274087 0.274090 0.274087 0.273982 0.273902 0.273853 0.273810 0.273797 0.000000 0.000000
0.000000 0.000000 0.258275 0.258300 0.258347 0.258467 0.258576 0.258708 0.258703 0.258714 0.258736 0.258739 0.258746 0.258728 0.258633 0.258543 0.258462 0.258438 0.258409 0.000000 0.000000
0.000000 0.000000 0.240838 0.240878 0.240951 0.241046 0.241175 0.241338 0.241322 0.241345 0.241373 0.241378 0.241374 0.241385 0.241243 0.241131 0.241067 0.241031 0.241006 0.000000 0.000000
0.000000 0.000000 0.220779 0.220844 0.220914 0.221015 0.221167 0.221340 0.221339 0.221350 0.221395 0.221382 0.221357 0.221368 0.221256 0.221107 0.221026 0.220985 0.220977 0.000000 0.000000
0.000000 0.000000 0.196888 0.196951 0.197012 0.197260 0.197331 0.197578 0.197513 0.197625 0.197621 0.197641 0.197687 0.197621 0.197489 0.197395 0.197275 0.197224 0.197124 0.000000 0.000000
0.000000 0.000000 0.167778 0.167916 0.168092 0.168191 0.168330 0.168656 0.168672 0.168649 0.168639 0.168735 0.168687 0.168718 0.168452 0.168281 0.168226 0.168174 0.167977 0.000000 0.000000
0.000000 0.000000 0.134999 0.135124 0.135153 0.135412 0.135581 0.136458 0.136484 0.136531 0.136883 0.136643 0.136651 0.136573 0.135957 0.135829 0.135498 0.135452 0.135487 0.000000 0.000000
0.000000 0.000000 0.098211 0.098233 0.098530 0.098646 0.099707 0.099127 0.099353 0.099340 0.099129 0.099343 0.099372 0.099518 0.100009 0.098830 0.098864 0.098586 0.098445 0.000000 0.000000
0.000000 0.000000 0.069905 0.069977 0.070096 0.070841 0.070483 0.070974 0.071061 0.071112 0.071308 0.071348 0.071261 0.071252 0.070824 0.071201 0.070228 0.070460 0.070513 0.000000 0.000000
0.000000 0.000000 0.052763 0.052815 0.053165 0.053250 0.053189 0.053335 0.053236 0.053289 0.053272 0.053305 0.053341 0.053263 0.053174 0.053231 0.053269 0.052874 0.052900 0.000000 0.000000
0.000000 0.000000 0.040821 0.040940 0.041148 0.041176 0.041218 0.041290 0.041232 0.041256 0.041256 0.041268 0.041285 0.041250 0.041213 0.041189 0.041239 0.040984 0.040907 0.000000 0.000000
0.000000 0.000000 0.032726 0.032789 0.032916 0.032915 0.032969 0.033029 0.032987 0.033007 0.032995 0.033004 0.033019 0.032992 0.032950 0.032916 0.032973 0.032806 0.032755 0.000000 0.000000
0.000000 0.000000 0.300000 0.300000 0.300000 0.300000 0.300000 0.300000 0.300000 0.300000 0.300000 0.300000 0.300000 0.300000 0.300000 0.300000 0.300000 0.300000 0.300000 0.000000 0.000000
0.000000 0.000000 0.000000 0.000000 0.000000 0.000000 0.000000 0.000000 0.000000 0.000000 0.000000 0.000000 0.000000 0.000000 0.000000 0.000000 0.000000 0.000000 0.000000 0.000000 0.000000