geotop/1.0zi/1.0Montebello/Templates/testdem/maps/_Eocsilt7249.asc
ncols         21
nrows         20
xllcorner     100.000000
yllcorner     100.000000
cellsize      50.000000
NODATA_value  -9999.0
0.000000 0.000000 0.000000 0.000000 0.000000 0.000000 0.000000 0.000000 0.000000 0.000000 0.000000 0.000000 0.000000 0.000000 0.000000 0.000000 0.000000 0.000000 0.000000 0.000000 0.000000
0.000000 0.000000 0.350148 0.350148 0.350149 0.350149 0.350148 0.350149 0.350149 0.350149 0.350149 0.350148 0.350148 0.350148 0.350148 0.350148 0.350149 0.350149 0.350148 0.000000 0.000000
0.000000 0.000000 0.350004 0.350003 0.350003 0.350003 0.350004 0.350003 0.350004 0.350004 0.350004 0.350004 0.350004 0.350004 0.350004 0.350003 0.350002 0.350002 0.350003 0.000000 0.000000
0.000000 0.000000 0.350063 0.350059 0.350058 0.350052 0.350053 0.350050 0.350053 0.350053 0.350050 0.350052 0.350052 0.350052 0.350054 0.350056 0.350060 0.350061 0.350061 0.000000 0.000000
0.000000 0.000000 0.350805 0.350811 0.350806 0.350798 0.350793 0.350786 0.350784 0.350782 0.350783 0.350783 0.350784 0.350786 0.350797 0.350801 0.350800 0.350808 0.350813 0.000000 0.000000
0.000000 0.000000 0.352995 0.352996 0.352987 0.352973 0.352956 0.352935 0.352936 0.352929 0.352934 0.352934 0.352935 0.352934 0.352944 0.352955 0.352965 0.352972 0.352978 0.000000 0.000000
0.000000 0.000000 0.356198 0.356195 0.356185 0.356162 0.356133 0.356104 0.356105 0.356101 0.356103 0.356101 0.356098 0.356103 0.356127 0.356151 0.356166 0.356179 0.356188 0.000000 0.000000
0.000000 0.000000 0.360028 0.360027 0.360022 0.359998 0.359971 0.359938 0.359939 0.359934 0.359934 0.359931 0.359929 0.359935 0.359963 0.359988 0.360010 0.360015 0.360028 0.000000 0.000000
0.000000 0.000000 0.364099 0.364091 0.364078 0.364063 0.364034 0.363997 0.363999 0.363991 0.363989 0.363987 0.363988 0.363987 0.364023 0.364053 0.364070 0.364080 0.364090 0.000000 0.000000
0.000000 0.000000 0.368302 0.368294 0.368287 0.368273 0.368233 0.368200 0.368202 0.368197 0.368192 0.368194 0.368199 0.368196 0.368226 0.368260 0.368279 0.368286 0.368294 0.000000 0.000000
0.000000 0.000000 0.372743 0.372737 0.372730 0.372699 0.372672 0.372633 0.372642 0.372622 0.372624 0.372623 0.372616 0.372629 0.372655 0.372676 0.372701 0.372714 0.372732 0.000000 0.000000
0.000000 0.000000 0.377552 0.377539 0.377524 0.377504 0.377475 0.377427 0.377427 0.377419 0.377430 0.377414 0.377418 0.377422 0.377469 0.377492 0.377508 0.377518 0.377562 0.000000 0.000000
0.000000 0.000000 0.382634 0.382621 0.382614 0.382587 0.382562 0.382451 0.382451 0.382443 0.382417 0.382429 0.382435 0.382446 0.382529 0.382553 0.382593 0.382598 0.382625 0.000000 0.000000
0.000000 0.000000 0.388384 0.388378 0.388357 0.388338 0.388214 0.388203 0.388179 0.388177 0.388179 0.388174 0.388172 0.388168 0.388169 0.388298 0.388325 0.388360 0.388391 0.000000 0.000000
0.000000 0.000000 0.394971 0.394961 0.394933 0.394788 0.394773 0.394700 0.394661 0.394652 0.394629 0.394608 0.394625 0.394620 0.394687 0.394714 0.394908 0.394886 0.394899 0.000000 0.000000
0.000000 0.000000 0.402144 0.402133 0.401928 0.401944 0.401933 0.401894 0.401958 0.401931 0.401963 0.401942 0.401914 0.401963 0.401984 0.401997 0.401906 0.402181 0.402182 0.000000 0.000000
0.000000 0.000000 0.410868 0.410557 0.410549 0.410450 0.410293 0.410242 0.410186 0.410195 0.410116 0.410117 0.410158 0.410125 0.410202 0.410318 0.410532 0.410466 0.410787 0.000000 0.000000
0.000000 0.000000 0.415739 0.415929 0.416217 0.416183 0.416142 0.415865 0.415884 0.415812 0.415904 0.415880 0.415879 0.415906 0.416149 0.416178 0.416266 0.416002 0.415826 0.000000 0.000000
0.000000 0.000000 0.350000 0.350000 0.350000 0.350000 0.350000 0.350000 0.350000 0.350000 0.350000 0.350000 0.350000 0.350000 0.350000 0.350000 0.350000 0.350000 0.350000 0.000000 0.000000
0.000000 0.000000 0.000000 0.000000 0.000000 0.000000 0.000000 0.000000 0.000000 0.000000 0.000000 0.000000 0.000000 0.000000 0.000000 0.000000 0.000000 0.000000 0.000000 0.000000 0.000000