geotop/1.0zi/1.0Montebello/Templates/testdem/maps/_Eocclay5387.asc
ncols         21
nrows         20
xllcorner     100.000000
yllcorner     100.000000
cellsize      50.000000
NODATA_value  -9999.0
0.000000 0.000000 0.000000 0.000000 0.000000 0.000000 0.000000 0.000000 0.000000 0.000000 0.000000 0.000000 0.000000 0.000000 0.000000 0.000000 0.000000 0.000000 0.000000 0.000000 0.000000
0.000000 0.000000 0.349758 0.349758 0.349758 0.349758 0.349759 0.349759 0.349758 0.349758 0.349758 0.349758 0.349758 0.349758 0.349758 0.349758 0.349758 0.349758 0.349758 0.000000 0.000000
0.000000 0.000000 0.349990 0.349990 0.349990 0.349990 0.349990 0.349990 0.349990 0.349990 0.349989 0.349989 0.349990 0.349990 0.349990 0.349990 0.349990 0.349990 0.349990 0.000000 0.000000
0.000000 0.000000 0.349988 0.349990 0.349988 0.349989 0.349991 0.349991 0.349991 0.349989 0.349991 0.349989 0.349989 0.349988 0.349991 0.349992 0.349990 0.349991 0.349990 0.000000 0.000000
0.000000 0.000000 0.350389 0.350389 0.350390 0.350385 0.350375 0.350371 0.350372 0.350375 0.350373 0.350374 0.350369 0.350369 0.350373 0.350371 0.350376 0.350378 0.350380 0.000000 0.000000
0.000000 0.000000 0.351828 0.351830 0.351825 0.351807 0.351803 0.351788 0.351787 0.351783 0.351787 0.351787 0.351791 0.351791 0.351793 0.351804 0.351809 0.351820 0.351824 0.000000 0.000000
0.000000 0.000000 0.353946 0.353945 0.353943 0.353928 0.353910 0.353885 0.353885 0.353882 0.353884 0.353886 0.353886 0.353885 0.353902 0.353921 0.353930 0.353938 0.353944 0.000000 0.000000
0.000000 0.000000 0.356529 0.356530 0.356529 0.356510 0.356492 0.356466 0.356466 0.356464 0.356465 0.356465 0.356463 0.356467 0.356486 0.356501 0.356515 0.356520 0.356528 0.000000 0.000000
0.000000 0.000000 0.359138 0.359136 0.359131 0.359122 0.359104 0.359078 0.359080 0.359075 0.359073 0.359074 0.359074 0.359072 0.359095 0.359113 0.359125 0.359128 0.359135 0.000000 0.000000
0.000000 0.000000 0.361767 0.361762 0.361761 0.361754 0.361728 0.361704 0.361706 0.361703 0.361700 0.361704 0.361707 0.361704 0.361722 0.361743 0.361756 0.361758 0.361763 0.000000 0.000000
0.000000 0.000000 0.364480 0.364478 0.364478 0.364460 0.364442 0.364416 0.364422 0.364409 0.364410 0.364412 0.364409 0.364415 0.364429 0.364442 0.364456 0.364464 0.364475 0.000000 0.000000
0.000000 0.000000 0.367307 0.367301 0.367296 0.367282 0.367267 0.367237 0.367238 0.367230 0.367239 0.367231 0.367232 0.367234 0.367261 0.367272 0.367282 0.367286 0.367315 0.000000 0.000000
0.000000 0.000000 0.370195 0.370189 0.370188 0.370174 0.370160 0.370100 0.370100 0.370094 0.370082 0.370089 0.370094 0.370099 0.370142 0.370152 0.370175 0.370176 0.370198 0.000000 0.000000
0.000000 0.000000 0.373304 0.373300 0.373294 0.373285 0.373228 0.373211 0.373198 0.373197 0.373192 0.373195 0.373196 0.373194 0.373200 0.373256 0.373276 0.373290 0.373311 0.000000 0.000000
0.000000 0.000000 0.376702 0.376699 0.376686 0.376629 0.376610 0.376577 0.376552 0.376548 0.376537 0.376532 0.376539 0.376533 0.376557 0.376585 0.376671 0.376664 0.376677 0.000000 0.000000
0.000000 0.000000 0.380272 0.380267 0.380196 0.380179 0.380174 0.380152 0.380164 0.380155 0.380160 0.380151 0.380144 0.380158 0.380170 0.380179 0.380180 0.380272 0.380275 0.000000 0.000000
0.000000 0.000000 0.384307 0.384210 0.384170 0.384140 0.384095 0.384070 0.384064 0.384062 0.384041 0.384038 0.384045 0.384043 0.384069 0.384103 0.384159 0.384190 0.384287 0.000000 0.000000
0.000000 0.000000 0.387348 0.387341 0.387425 0.387399 0.387364 0.387272 0.387268 0.387248 0.387258 0.387253 0.387260 0.387262 0.387346 0.387368 0.387436 0.387349 0.387362 0.000000 0.000000
0.000000 0.000000 0.350000 0.350000 0.350000 0.350000 0.350000 0.350000 0.350000 0.350000 0.350000 0.350000 0.350000 0.350000 0.350000 0.350000 0.350000 0.350000 0.350000 0.000000 0.000000
0.000000 0.000000 0.000000 0.000000 0.000000 0.000000 0.000000 0.000000 0.000000 0.000000 0.000000 0.000000 0.000000 0.000000 0.000000 0.000000 0.000000 0.000000 0.000000 0.000000 0.000000