geotop/1.0zi/1.0Montebello/Templates/testdem/maps/_Eocsilt8361.asc
ncols         21
nrows         20
xllcorner     100.000000
yllcorner     100.000000
cellsize      50.000000
NODATA_value  -9999.0
0.000000 0.000000 0.000000 0.000000 0.000000 0.000000 0.000000 0.000000 0.000000 0.000000 0.000000 0.000000 0.000000 0.000000 0.000000 0.000000 0.000000 0.000000 0.000000 0.000000 0.000000
0.000000 0.000000 0.350173 0.350173 0.350173 0.350173 0.350173 0.350173 0.350173 0.350173 0.350173 0.350173 0.350173 0.350173 0.350173 0.350173 0.350174 0.350173 0.350173 0.000000 0.000000
0.000000 0.000000 0.350005 0.350005 0.350006 0.350005 0.350006 0.350006 0.350006 0.350006 0.350006 0.350006 0.350007 0.350006 0.350006 0.350005 0.350004 0.350004 0.350005 0.000000 0.000000
0.000000 0.000000 0.350102 0.350099 0.350097 0.350091 0.350092 0.350087 0.350090 0.350090 0.350087 0.350089 0.350089 0.350089 0.350092 0.350095 0.350098 0.350098 0.350100 0.000000 0.000000
0.000000 0.000000 0.351048 0.351054 0.351048 0.351037 0.351030 0.351023 0.351020 0.351019 0.351018 0.351018 0.351019 0.351021 0.351035 0.351039 0.351042 0.351053 0.351054 0.000000 0.000000
0.000000 0.000000 0.353819 0.353820 0.353811 0.353795 0.353776 0.353753 0.353750 0.353745 0.353749 0.353749 0.353751 0.353750 0.353762 0.353776 0.353790 0.353798 0.353804 0.000000 0.000000
0.000000 0.000000 0.357811 0.357807 0.357796 0.357769 0.357736 0.357701 0.357701 0.357697 0.357698 0.357696 0.357693 0.357698 0.357729 0.357757 0.357775 0.357791 0.357799 0.000000 0.000000
0.000000 0.000000 0.362538 0.362536 0.362530 0.362502 0.362470 0.362430 0.362429 0.362425 0.362424 0.362421 0.362419 0.362425 0.362460 0.362489 0.362517 0.362524 0.362536 0.000000 0.000000
0.000000 0.000000 0.367640 0.367631 0.367616 0.367597 0.367563 0.367517 0.367519 0.367509 0.367507 0.367505 0.367506 0.367505 0.367549 0.367585 0.367607 0.367619 0.367630 0.000000 0.000000
0.000000 0.000000 0.373038 0.373029 0.373021 0.373002 0.372954 0.372913 0.372912 0.372908 0.372901 0.372904 0.372910 0.372908 0.372945 0.372986 0.373011 0.373021 0.373028 0.000000 0.000000
0.000000 0.000000 0.378900 0.378894 0.378885 0.378843 0.378809 0.378762 0.378771 0.378745 0.378749 0.378747 0.378738 0.378755 0.378789 0.378815 0.378848 0.378866 0.378887 0.000000 0.000000
0.000000 0.000000 0.385434 0.385417 0.385398 0.385372 0.385333 0.385272 0.385267 0.385261 0.385275 0.385254 0.385260 0.385264 0.385326 0.385358 0.385381 0.385395 0.385448 0.000000 0.000000
0.000000 0.000000 0.392521 0.392505 0.392499 0.392460 0.392425 0.392266 0.392263 0.392254 0.392212 0.392234 0.392243 0.392257 0.392378 0.392411 0.392472 0.392480 0.392505 0.000000 0.000000
0.000000 0.000000 0.400860 0.400856 0.400823 0.400797 0.400596 0.400614 0.400571 0.400572 0.400586 0.400573 0.400567 0.400557 0.400537 0.400747 0.400780 0.400836 0.400874 0.000000 0.000000
0.000000 0.000000 0.410702 0.410684 0.410645 0.410389 0.410415 0.410285 0.410229 0.410215 0.410171 0.410140 0.410169 0.410164 0.410290 0.410280 0.410619 0.410568 0.410573 0.000000 0.000000
0.000000 0.000000 0.421441 0.421426 0.421058 0.421165 0.421135 0.421103 0.421241 0.421198 0.421272 0.421247 0.421185 0.421277 0.421282 0.421306 0.421029 0.421566 0.421558 0.000000 0.000000
0.000000 0.000000 0.434553 0.433990 0.434117 0.433903 0.433621 0.433534 0.433374 0.433412 0.433241 0.433257 0.433354 0.433258 0.433405 0.433614 0.434101 0.433783 0.434370 0.000000 0.000000
0.000000 0.000000 0.439185 0.439697 0.440157 0.440158 0.440183 0.439738 0.439813 0.439682 0.439896 0.439852 0.439819 0.439893 0.440262 0.440245 0.440244 0.439892 0.439391 0.000000 0.000000
0.000000 0.000000 0.350000 0.350000 0.350000 0.350000 0.350000 0.350000 0.350000 0.350000 0.350000 0.350000 0.350000 0.350000 0.350000 0.350000 0.350000 0.350000 0.350000 0.000000 0.000000
0.000000 0.000000 0.000000 0.000000 0.000000 0.000000 0.000000 0.000000 0.000000 0.000000 0.000000 0.000000 0.000000 0.000000 0.000000 0.000000 0.000000 0.000000 0.000000 0.000000 0.000000