geotop/1.0zi/1.0Montebello/Templates/testdem/maps/_Eocsilt2027.asc
ncols         21
nrows         20
xllcorner     100.000000
yllcorner     100.000000
cellsize      50.000000
NODATA_value  -9999.0
0.000000 0.000000 0.000000 0.000000 0.000000 0.000000 0.000000 0.000000 0.000000 0.000000 0.000000 0.000000 0.000000 0.000000 0.000000 0.000000 0.000000 0.000000 0.000000 0.000000 0.000000
0.000000 0.000000 0.350046 0.350046 0.350046 0.350046 0.350046 0.350046 0.350046 0.350046 0.350046 0.350046 0.350046 0.350046 0.350046 0.350046 0.350046 0.350046 0.350046 0.000000 0.000000
0.000000 0.000000 0.349999 0.349998 0.349999 0.349999 0.349999 0.349999 0.349999 0.349999 0.349999 0.349999 0.349999 0.349999 0.349999 0.349999 0.349999 0.349998 0.349999 0.000000 0.000000
0.000000 0.000000 0.350695 0.350695 0.350693 0.350694 0.350696 0.350696 0.350695 0.350696 0.350696 0.350696 0.350695 0.350696 0.350696 0.350694 0.350693 0.350695 0.350695 0.000000 0.000000
0.000000 0.000000 0.353311 0.353310 0.353308 0.353308 0.353311 0.353310 0.353310 0.353311 0.353311 0.353311 0.353310 0.353310 0.353311 0.353308 0.353308 0.353310 0.353311 0.000000 0.000000
0.000000 0.000000 0.356703 0.356703 0.356701 0.356701 0.356704 0.356703 0.356703 0.356704 0.356704 0.356704 0.356703 0.356703 0.356704 0.356701 0.356701 0.356703 0.356703 0.000000 0.000000
0.000000 0.000000 0.359824 0.359823 0.359822 0.359822 0.359824 0.359824 0.359824 0.359825 0.359825 0.359825 0.359824 0.359824 0.359824 0.359822 0.359822 0.359823 0.359824 0.000000 0.000000
0.000000 0.000000 0.362682 0.362681 0.362680 0.362680 0.362682 0.362681 0.362682 0.362682 0.362682 0.362682 0.362682 0.362681 0.362682 0.362680 0.362680 0.362681 0.362682 0.000000 0.000000
0.000000 0.000000 0.365353 0.365352 0.365351 0.365351 0.365353 0.365352 0.365352 0.365353 0.365353 0.365353 0.365352 0.365352 0.365353 0.365351 0.365351 0.365352 0.365353 0.000000 0.000000
0.000000 0.000000 0.367901 0.367901 0.367900 0.367900 0.367902 0.367901 0.367901 0.367902 0.367902 0.367902 0.367901 0.367901 0.367902 0.367900 0.367900 0.367901 0.367901 0.000000 0.000000
0.000000 0.000000 0.370357 0.370357 0.370356 0.370356 0.370357 0.370357 0.370357 0.370358 0.370358 0.370358 0.370357 0.370357 0.370357 0.370356 0.370356 0.370357 0.370357 0.000000 0.000000
0.000000 0.000000 0.372742 0.372742 0.372740 0.372741 0.372742 0.372742 0.372742 0.372742 0.372743 0.372742 0.372742 0.372742 0.372742 0.372741 0.372740 0.372742 0.372742 0.000000 0.000000
0.000000 0.000000 0.375072 0.375072 0.375071 0.375071 0.375072 0.375072 0.375072 0.375072 0.375073 0.375072 0.375072 0.375072 0.375072 0.375071 0.375071 0.375072 0.375072 0.000000 0.000000
0.000000 0.000000 0.377353 0.377353 0.377352 0.377352 0.377354 0.377353 0.377353 0.377354 0.377354 0.377354 0.377353 0.377353 0.377354 0.377352 0.377352 0.377353 0.377353 0.000000 0.000000
0.000000 0.000000 0.379597 0.379597 0.379595 0.379596 0.379597 0.379597 0.379597 0.379597 0.379597 0.379597 0.379597 0.379597 0.379597 0.379596 0.379595 0.379597 0.379597 0.000000 0.000000
0.000000 0.000000 0.381808 0.381808 0.381806 0.381807 0.381808 0.381808 0.381808 0.381808 0.381808 0.381808 0.381808 0.381808 0.381808 0.381807 0.381806 0.381808 0.381808 0.000000 0.000000
0.000000 0.000000 0.383986 0.383986 0.383984 0.383985 0.383986 0.383986 0.383986 0.383986 0.383986 0.383986 0.383986 0.383986 0.383986 0.383985 0.383984 0.383986 0.383986 0.000000 0.000000
0.000000 0.000000 0.386163 0.386163 0.386162 0.386162 0.386164 0.386163 0.386163 0.386164 0.386164 0.386164 0.386163 0.386163 0.386164 0.386162 0.386162 0.386163 0.386163 0.000000 0.000000
0.000000 0.000000 0.350000 0.350000 0.350000 0.350000 0.350000 0.350000 0.350000 0.350000 0.350000 0.350000 0.350000 0.350000 0.350000 0.350000 0.350000 0.350000 0.350000 0.000000 0.000000
0.000000 0.000000 0.000000 0.000000 0.000000 0.000000 0.000000 0.000000 0.000000 0.000000 0.000000 0.000000 0.000000 0.000000 0.000000 0.000000 0.000000 0.000000 0.000000 0.000000 0.000000