geotop/1.0zi/1.0Montebello/Templates/testdem/maps/_Eocsand5433.asc
ncols         21
nrows         20
xllcorner     100.000000
yllcorner     100.000000
cellsize      50.000000
NODATA_value  -9999.0
0.000000 0.000000 0.000000 0.000000 0.000000 0.000000 0.000000 0.000000 0.000000 0.000000 0.000000 0.000000 0.000000 0.000000 0.000000 0.000000 0.000000 0.000000 0.000000 0.000000 0.000000
0.000000 0.000000 0.300136 0.300135 0.300135 0.300135 0.300135 0.300134 0.300135 0.300135 0.300135 0.300135 0.300135 0.300135 0.300135 0.300135 0.300135 0.300135 0.300136 0.000000 0.000000
0.000000 0.000000 0.300008 0.300008 0.300008 0.300007 0.300007 0.300007 0.300007 0.300007 0.300007 0.300008 0.300007 0.300007 0.300007 0.300007 0.300009 0.300009 0.300009 0.000000 0.000000
0.000000 0.000000 0.299975 0.299974 0.299976 0.299981 0.299978 0.299980 0.299978 0.299978 0.299978 0.299980 0.299979 0.299981 0.299977 0.299973 0.299975 0.299972 0.299974 0.000000 0.000000
0.000000 0.000000 0.299173 0.299169 0.299170 0.299178 0.299191 0.299199 0.299199 0.299198 0.299203 0.299199 0.299204 0.299204 0.299194 0.299193 0.299189 0.299178 0.299173 0.000000 0.000000
0.000000 0.000000 0.296398 0.296393 0.296401 0.296431 0.296446 0.296479 0.296481 0.296488 0.296481 0.296478 0.296474 0.296478 0.296470 0.296454 0.296441 0.296426 0.296418 0.000000 0.000000
0.000000 0.000000 0.292174 0.292177 0.292182 0.292214 0.292252 0.292300 0.292299 0.292305 0.292301 0.292298 0.292301 0.292300 0.292268 0.292233 0.292217 0.292200 0.292189 0.000000 0.000000
0.000000 0.000000 0.287015 0.287013 0.287013 0.287047 0.287086 0.287136 0.287135 0.287140 0.287140 0.287140 0.287144 0.287138 0.287102 0.287068 0.287040 0.287033 0.287017 0.000000 0.000000
0.000000 0.000000 0.281708 0.281715 0.281725 0.281745 0.281782 0.281837 0.281834 0.281843 0.281848 0.281844 0.281845 0.281850 0.281803 0.281766 0.281741 0.281734 0.281719 0.000000 0.000000
0.000000 0.000000 0.276390 0.276399 0.276401 0.276414 0.276468 0.276516 0.276512 0.276518 0.276525 0.276517 0.276511 0.276518 0.276481 0.276439 0.276413 0.276410 0.276400 0.000000 0.000000
0.000000 0.000000 0.270931 0.270936 0.270934 0.270971 0.271007 0.271061 0.271049 0.271074 0.271073 0.271070 0.271077 0.271065 0.271036 0.271009 0.270981 0.270966 0.270944 0.000000 0.000000
0.000000 0.000000 0.265233 0.265245 0.265256 0.265283 0.265314 0.265377 0.265374 0.265389 0.265373 0.265387 0.265386 0.265382 0.265329 0.265305 0.265285 0.265278 0.265220 0.000000 0.000000
0.000000 0.000000 0.259417 0.259429 0.259430 0.259460 0.259487 0.259611 0.259610 0.259621 0.259647 0.259632 0.259623 0.259615 0.259528 0.259506 0.259462 0.259459 0.259417 0.000000 0.000000
0.000000 0.000000 0.253152 0.253159 0.253171 0.253189 0.253304 0.253339 0.253366 0.253368 0.253378 0.253372 0.253371 0.253376 0.253362 0.253250 0.253212 0.253183 0.253141 0.000000 0.000000
0.000000 0.000000 0.246302 0.246308 0.246333 0.246448 0.246487 0.246558 0.246606 0.246612 0.246636 0.246646 0.246633 0.246646 0.246597 0.246540 0.246369 0.246382 0.246357 0.000000 0.000000
0.000000 0.000000 0.239094 0.239104 0.239248 0.239280 0.239292 0.239339 0.239314 0.239332 0.239322 0.239339 0.239355 0.239327 0.239302 0.239284 0.239284 0.239097 0.239092 0.000000 0.000000
0.000000 0.000000 0.230945 0.231141 0.231221 0.231280 0.231373 0.231425 0.231438 0.231442 0.231484 0.231491 0.231477 0.231483 0.231430 0.231360 0.231248 0.231187 0.230991 0.000000 0.000000
0.000000 0.000000 0.224821 0.224832 0.224662 0.224714 0.224790 0.224978 0.224985 0.225025 0.225004 0.225014 0.225002 0.225000 0.224829 0.224778 0.224643 0.224822 0.224798 0.000000 0.000000
0.000000 0.000000 0.300000 0.300000 0.300000 0.300000 0.300000 0.300000 0.300000 0.300000 0.300000 0.300000 0.300000 0.300000 0.300000 0.300000 0.300000 0.300000 0.300000 0.000000 0.000000
0.000000 0.000000 0.000000 0.000000 0.000000 0.000000 0.000000 0.000000 0.000000 0.000000 0.000000 0.000000 0.000000 0.000000 0.000000 0.000000 0.000000 0.000000 0.000000 0.000000 0.000000