geotop/1.0zi/1.0Montebello/Templates/testdem/maps/_Eocsilt8764.asc
ncols         21
nrows         20
xllcorner     100.000000
yllcorner     100.000000
cellsize      50.000000
NODATA_value  -9999.0
0.000000 0.000000 0.000000 0.000000 0.000000 0.000000 0.000000 0.000000 0.000000 0.000000 0.000000 0.000000 0.000000 0.000000 0.000000 0.000000 0.000000 0.000000 0.000000 0.000000 0.000000
0.000000 0.000000 0.350186 0.350186 0.350186 0.350186 0.350186 0.350186 0.350186 0.350186 0.350186 0.350186 0.350186 0.350186 0.350186 0.350186 0.350186 0.350186 0.350186 0.000000 0.000000
0.000000 0.000000 0.350005 0.350005 0.350005 0.350004 0.350006 0.350005 0.350005 0.350006 0.350006 0.350006 0.350006 0.350006 0.350005 0.350005 0.350003 0.350003 0.350004 0.000000 0.000000
0.000000 0.000000 0.350121 0.350117 0.350114 0.350108 0.350109 0.350104 0.350107 0.350108 0.350105 0.350107 0.350107 0.350107 0.350110 0.350114 0.350118 0.350117 0.350119 0.000000 0.000000
0.000000 0.000000 0.351208 0.351213 0.351202 0.351185 0.351176 0.351172 0.351172 0.351169 0.351170 0.351171 0.351176 0.351174 0.351187 0.351194 0.351198 0.351203 0.351206 0.000000 0.000000
0.000000 0.000000 0.354274 0.354269 0.354259 0.354240 0.354214 0.354193 0.354192 0.354186 0.354191 0.354192 0.354195 0.354192 0.354207 0.354225 0.354235 0.354240 0.354247 0.000000 0.000000
0.000000 0.000000 0.358636 0.358627 0.358615 0.358584 0.358548 0.358504 0.358508 0.358504 0.358504 0.358504 0.358501 0.358505 0.358543 0.358570 0.358589 0.358602 0.358609 0.000000 0.000000
0.000000 0.000000 0.363788 0.363780 0.363772 0.363739 0.363704 0.363663 0.363665 0.363660 0.363659 0.363657 0.363655 0.363662 0.363697 0.363729 0.363758 0.363761 0.363775 0.000000 0.000000
0.000000 0.000000 0.369375 0.369361 0.369345 0.369321 0.369281 0.369233 0.369237 0.369227 0.369224 0.369223 0.369225 0.369222 0.369273 0.369309 0.369332 0.369340 0.369353 0.000000 0.000000
0.000000 0.000000 0.375364 0.375348 0.375339 0.375315 0.375259 0.375217 0.375219 0.375213 0.375206 0.375211 0.375217 0.375214 0.375254 0.375300 0.375325 0.375333 0.375340 0.000000 0.000000
0.000000 0.000000 0.381950 0.381939 0.381931 0.381875 0.381839 0.381786 0.381800 0.381767 0.381774 0.381771 0.381761 0.381778 0.381821 0.381848 0.381883 0.381897 0.381924 0.000000 0.000000
0.000000 0.000000 0.389393 0.389370 0.389344 0.389314 0.389265 0.389200 0.389199 0.389194 0.389208 0.389184 0.389195 0.389195 0.389267 0.389305 0.389323 0.389334 0.389394 0.000000 0.000000
0.000000 0.000000 0.397560 0.397535 0.397532 0.397475 0.397436 0.397250 0.397249 0.397239 0.397184 0.397217 0.397225 0.397241 0.397388 0.397423 0.397493 0.397496 0.397521 0.000000 0.000000
0.000000 0.000000 0.407363 0.407354 0.407311 0.407274 0.407021 0.407070 0.407020 0.407021 0.407046 0.407023 0.407018 0.406997 0.406957 0.407226 0.407251 0.407315 0.407360 0.000000 0.000000
0.000000 0.000000 0.418968 0.418937 0.418887 0.418559 0.418625 0.418458 0.418394 0.418377 0.418317 0.418283 0.418320 0.418315 0.418481 0.418429 0.418859 0.418772 0.418772 0.000000 0.000000
0.000000 0.000000 0.431305 0.431281 0.430826 0.430998 0.430943 0.430932 0.431118 0.431063 0.431163 0.431138 0.431058 0.431169 0.431153 0.431199 0.430782 0.431458 0.431449 0.000000 0.000000
0.000000 0.000000 0.445459 0.444838 0.445033 0.444765 0.444454 0.444363 0.444163 0.444210 0.444010 0.444033 0.444151 0.444028 0.444197 0.444426 0.445006 0.444573 0.445216 0.000000 0.000000
0.000000 0.000000 0.449663 0.450166 0.450607 0.450598 0.450619 0.450191 0.450268 0.450140 0.450353 0.450311 0.450277 0.450347 0.450704 0.450691 0.450679 0.450343 0.449848 0.000000 0.000000
0.000000 0.000000 0.350000 0.350000 0.350000 0.350000 0.350000 0.350000 0.350000 0.350000 0.350000 0.350000 0.350000 0.350000 0.350000 0.350000 0.350000 0.350000 0.350000 0.000000 0.000000
0.000000 0.000000 0.000000 0.000000 0.000000 0.000000 0.000000 0.000000 0.000000 0.000000 0.000000 0.000000 0.000000 0.000000 0.000000 0.000000 0.000000 0.000000 0.000000 0.000000 0.000000