geotop/1.0zi/1.0Montebello/Templates/testdem/maps/_Eocclay1931.asc
ncols         21
nrows         20
xllcorner     100.000000
yllcorner     100.000000
cellsize      50.000000
NODATA_value  -9999.0
0.000000 0.000000 0.000000 0.000000 0.000000 0.000000 0.000000 0.000000 0.000000 0.000000 0.000000 0.000000 0.000000 0.000000 0.000000 0.000000 0.000000 0.000000 0.000000 0.000000 0.000000
0.000000 0.000000 0.349899 0.349899 0.349899 0.349899 0.349899 0.349899 0.349899 0.349899 0.349899 0.349899 0.349899 0.349899 0.349899 0.349899 0.349899 0.349899 0.349899 0.000000 0.000000
0.000000 0.000000 0.349994 0.349993 0.349993 0.349994 0.349993 0.349994 0.349994 0.349994 0.349994 0.349994 0.349994 0.349994 0.349993 0.349994 0.349993 0.349993 0.349994 0.000000 0.000000
0.000000 0.000000 0.350658 0.350658 0.350656 0.350657 0.350658 0.350658 0.350658 0.350658 0.350658 0.350658 0.350658 0.350658 0.350658 0.350657 0.350656 0.350658 0.350658 0.000000 0.000000
0.000000 0.000000 0.353430 0.353429 0.353428 0.353428 0.353431 0.353430 0.353430 0.353432 0.353432 0.353432 0.353430 0.353430 0.353431 0.353428 0.353428 0.353429 0.353430 0.000000 0.000000
0.000000 0.000000 0.356621 0.356621 0.356619 0.356619 0.356622 0.356621 0.356621 0.356622 0.356622 0.356622 0.356621 0.356621 0.356622 0.356619 0.356619 0.356621 0.356621 0.000000 0.000000
0.000000 0.000000 0.359651 0.359651 0.359649 0.359650 0.359652 0.359651 0.359651 0.359652 0.359652 0.359652 0.359651 0.359651 0.359652 0.359650 0.359649 0.359651 0.359651 0.000000 0.000000
0.000000 0.000000 0.362444 0.362444 0.362442 0.362443 0.362444 0.362444 0.362444 0.362445 0.362445 0.362445 0.362444 0.362444 0.362444 0.362443 0.362442 0.362444 0.362444 0.000000 0.000000
0.000000 0.000000 0.365059 0.365059 0.365058 0.365058 0.365060 0.365059 0.365059 0.365060 0.365060 0.365060 0.365059 0.365059 0.365060 0.365058 0.365058 0.365059 0.365059 0.000000 0.000000
0.000000 0.000000 0.367559 0.367559 0.367558 0.367558 0.367559 0.367559 0.367559 0.367560 0.367560 0.367560 0.367559 0.367559 0.367559 0.367558 0.367558 0.367559 0.367559 0.000000 0.000000
0.000000 0.000000 0.369970 0.369970 0.369969 0.369969 0.369971 0.369970 0.369970 0.369971 0.369971 0.369971 0.369970 0.369970 0.369971 0.369969 0.369969 0.369970 0.369970 0.000000 0.000000
0.000000 0.000000 0.372315 0.372315 0.372314 0.372314 0.372316 0.372315 0.372315 0.372316 0.372316 0.372316 0.372315 0.372315 0.372316 0.372314 0.372314 0.372315 0.372315 0.000000 0.000000
0.000000 0.000000 0.374610 0.374610 0.374609 0.374609 0.374611 0.374610 0.374610 0.374611 0.374611 0.374611 0.374610 0.374610 0.374611 0.374609 0.374609 0.374610 0.374610 0.000000 0.000000
0.000000 0.000000 0.376859 0.376859 0.376858 0.376858 0.376859 0.376859 0.376859 0.376860 0.376860 0.376860 0.376859 0.376859 0.376859 0.376858 0.376858 0.376859 0.376859 0.000000 0.000000
0.000000 0.000000 0.379072 0.379072 0.379071 0.379071 0.379073 0.379072 0.379072 0.379073 0.379073 0.379073 0.379072 0.379072 0.379073 0.379071 0.379071 0.379072 0.379072 0.000000 0.000000
0.000000 0.000000 0.381256 0.381256 0.381255 0.381255 0.381257 0.381256 0.381256 0.381257 0.381257 0.381257 0.381256 0.381256 0.381257 0.381255 0.381255 0.381256 0.381256 0.000000 0.000000
0.000000 0.000000 0.383411 0.383411 0.383409 0.383410 0.383411 0.383411 0.383411 0.383411 0.383411 0.383411 0.383411 0.383411 0.383411 0.383410 0.383409 0.383411 0.383411 0.000000 0.000000
0.000000 0.000000 0.385573 0.385573 0.385572 0.385572 0.385573 0.385573 0.385573 0.385574 0.385574 0.385574 0.385573 0.385573 0.385573 0.385572 0.385572 0.385573 0.385573 0.000000 0.000000
0.000000 0.000000 0.350000 0.350000 0.350000 0.350000 0.350000 0.350000 0.350000 0.350000 0.350000 0.350000 0.350000 0.350000 0.350000 0.350000 0.350000 0.350000 0.350000 0.000000 0.000000
0.000000 0.000000 0.000000 0.000000 0.000000 0.000000 0.000000 0.000000 0.000000 0.000000 0.000000 0.000000 0.000000 0.000000 0.000000 0.000000 0.000000 0.000000 0.000000 0.000000 0.000000