geotop/1.0zi/1.0Montebello/Templates/testdem/maps/_Eocsilt6493.asc
ncols         21
nrows         20
xllcorner     100.000000
yllcorner     100.000000
cellsize      50.000000
NODATA_value  -9999.0
0.000000 0.000000 0.000000 0.000000 0.000000 0.000000 0.000000 0.000000 0.000000 0.000000 0.000000 0.000000 0.000000 0.000000 0.000000 0.000000 0.000000 0.000000 0.000000 0.000000 0.000000
0.000000 0.000000 0.350130 0.350131 0.350131 0.350131 0.350131 0.350131 0.350131 0.350131 0.350131 0.350131 0.350131 0.350131 0.350131 0.350131 0.350131 0.350131 0.350131 0.000000 0.000000
0.000000 0.000000 0.350003 0.350002 0.350002 0.350002 0.350003 0.350003 0.350003 0.350003 0.350003 0.350003 0.350003 0.350004 0.350003 0.350002 0.350001 0.350001 0.350002 0.000000 0.000000
0.000000 0.000000 0.350054 0.350051 0.350050 0.350044 0.350045 0.350043 0.350045 0.350046 0.350044 0.350044 0.350044 0.350044 0.350047 0.350050 0.350052 0.350053 0.350053 0.000000 0.000000
0.000000 0.000000 0.350627 0.350633 0.350630 0.350625 0.350621 0.350615 0.350614 0.350612 0.350610 0.350612 0.350614 0.350614 0.350620 0.350624 0.350624 0.350633 0.350637 0.000000 0.000000
0.000000 0.000000 0.352363 0.352367 0.352360 0.352344 0.352331 0.352314 0.352313 0.352308 0.352312 0.352314 0.352315 0.352312 0.352319 0.352327 0.352337 0.352342 0.352347 0.000000 0.000000
0.000000 0.000000 0.354998 0.354996 0.354988 0.354967 0.354942 0.354917 0.354918 0.354915 0.354917 0.354915 0.354913 0.354917 0.354936 0.354957 0.354971 0.354982 0.354989 0.000000 0.000000
0.000000 0.000000 0.358215 0.358216 0.358213 0.358192 0.358168 0.358140 0.358140 0.358137 0.358136 0.358134 0.358134 0.358137 0.358160 0.358182 0.358202 0.358205 0.358216 0.000000 0.000000
0.000000 0.000000 0.361605 0.361601 0.361590 0.361576 0.361552 0.361520 0.361521 0.361515 0.361512 0.361512 0.361513 0.361512 0.361541 0.361565 0.361584 0.361590 0.361600 0.000000 0.000000
0.000000 0.000000 0.365052 0.365048 0.365042 0.365031 0.364998 0.364969 0.364971 0.364967 0.364963 0.364965 0.364970 0.364967 0.364991 0.365019 0.365037 0.365041 0.365048 0.000000 0.000000
0.000000 0.000000 0.368630 0.368627 0.368623 0.368598 0.368575 0.368544 0.368551 0.368535 0.368535 0.368535 0.368532 0.368541 0.368560 0.368578 0.368599 0.368609 0.368624 0.000000 0.000000
0.000000 0.000000 0.372437 0.372431 0.372419 0.372401 0.372379 0.372340 0.372340 0.372333 0.372341 0.372330 0.372333 0.372337 0.372372 0.372390 0.372405 0.372412 0.372448 0.000000 0.000000
0.000000 0.000000 0.376392 0.376383 0.376378 0.376357 0.376338 0.376254 0.376254 0.376247 0.376228 0.376237 0.376244 0.376251 0.376311 0.376329 0.376362 0.376365 0.376390 0.000000 0.000000
0.000000 0.000000 0.380751 0.380746 0.380732 0.380717 0.380631 0.380614 0.380595 0.380595 0.380590 0.380591 0.380590 0.380587 0.380595 0.380683 0.380711 0.380732 0.380759 0.000000 0.000000
0.000000 0.000000 0.385628 0.385624 0.385604 0.385508 0.385484 0.385434 0.385404 0.385398 0.385381 0.385367 0.385382 0.385376 0.385416 0.385450 0.385583 0.385571 0.385587 0.000000 0.000000
0.000000 0.000000 0.390862 0.390857 0.390729 0.390716 0.390708 0.390679 0.390710 0.390694 0.390708 0.390693 0.390679 0.390707 0.390724 0.390735 0.390712 0.390876 0.390878 0.000000 0.000000
0.000000 0.000000 0.397007 0.396828 0.396787 0.396733 0.396643 0.396606 0.396584 0.396585 0.396542 0.396539 0.396561 0.396548 0.396594 0.396662 0.396774 0.396783 0.396969 0.000000 0.000000
0.000000 0.000000 0.401143 0.401192 0.401358 0.401320 0.401270 0.401104 0.401105 0.401066 0.401101 0.401088 0.401098 0.401106 0.401255 0.401292 0.401385 0.401219 0.401182 0.000000 0.000000
0.000000 0.000000 0.350000 0.350000 0.350000 0.350000 0.350000 0.350000 0.350000 0.350000 0.350000 0.350000 0.350000 0.350000 0.350000 0.350000 0.350000 0.350000 0.350000 0.000000 0.000000
0.000000 0.000000 0.000000 0.000000 0.000000 0.000000 0.000000 0.000000 0.000000 0.000000 0.000000 0.000000 0.000000 0.000000 0.000000 0.000000 0.000000 0.000000 0.000000 0.000000 0.000000