geotop/1.0zi/1.0Montebello/Templates/testdem/maps/_Eocsilt7184.asc
ncols         21
nrows         20
xllcorner     100.000000
yllcorner     100.000000
cellsize      50.000000
NODATA_value  -9999.0
0.000000 0.000000 0.000000 0.000000 0.000000 0.000000 0.000000 0.000000 0.000000 0.000000 0.000000 0.000000 0.000000 0.000000 0.000000 0.000000 0.000000 0.000000 0.000000 0.000000 0.000000
0.000000 0.000000 0.350145 0.350146 0.350146 0.350147 0.350146 0.350147 0.350146 0.350146 0.350147 0.350146 0.350146 0.350146 0.350146 0.350146 0.350147 0.350146 0.350146 0.000000 0.000000
0.000000 0.000000 0.350004 0.350003 0.350003 0.350003 0.350004 0.350003 0.350003 0.350003 0.350004 0.350004 0.350004 0.350004 0.350003 0.350003 0.350001 0.350002 0.350003 0.000000 0.000000
0.000000 0.000000 0.350063 0.350059 0.350058 0.350052 0.350053 0.350050 0.350053 0.350053 0.350050 0.350052 0.350052 0.350052 0.350054 0.350057 0.350060 0.350061 0.350061 0.000000 0.000000
0.000000 0.000000 0.350790 0.350796 0.350791 0.350783 0.350778 0.350771 0.350769 0.350767 0.350768 0.350768 0.350769 0.350771 0.350782 0.350786 0.350785 0.350793 0.350798 0.000000 0.000000
0.000000 0.000000 0.352939 0.352941 0.352931 0.352917 0.352900 0.352880 0.352880 0.352874 0.352879 0.352879 0.352880 0.352879 0.352889 0.352899 0.352909 0.352916 0.352922 0.000000 0.000000
0.000000 0.000000 0.356093 0.356090 0.356080 0.356057 0.356028 0.355999 0.356001 0.355997 0.355998 0.355997 0.355994 0.355999 0.356023 0.356046 0.356061 0.356074 0.356082 0.000000 0.000000
0.000000 0.000000 0.359866 0.359865 0.359859 0.359836 0.359808 0.359776 0.359777 0.359773 0.359772 0.359769 0.359767 0.359773 0.359801 0.359825 0.359847 0.359852 0.359864 0.000000 0.000000
0.000000 0.000000 0.363870 0.363863 0.363850 0.363834 0.363806 0.363769 0.363771 0.363763 0.363761 0.363759 0.363760 0.363759 0.363795 0.363824 0.363841 0.363850 0.363861 0.000000 0.000000
0.000000 0.000000 0.367997 0.367990 0.367983 0.367969 0.367930 0.367897 0.367899 0.367894 0.367889 0.367891 0.367896 0.367893 0.367923 0.367956 0.367975 0.367981 0.367989 0.000000 0.000000
0.000000 0.000000 0.372351 0.372346 0.372339 0.372307 0.372281 0.372243 0.372252 0.372231 0.372234 0.372233 0.372226 0.372239 0.372264 0.372285 0.372309 0.372322 0.372340 0.000000 0.000000
0.000000 0.000000 0.377057 0.377044 0.377030 0.377009 0.376980 0.376934 0.376934 0.376926 0.376937 0.376921 0.376925 0.376929 0.376974 0.376997 0.377013 0.377022 0.377066 0.000000 0.000000
0.000000 0.000000 0.382020 0.382007 0.382000 0.381974 0.381949 0.381842 0.381841 0.381833 0.381808 0.381819 0.381826 0.381836 0.381917 0.381941 0.381980 0.381984 0.382011 0.000000 0.000000
0.000000 0.000000 0.387622 0.387616 0.387595 0.387576 0.387456 0.387445 0.387421 0.387420 0.387421 0.387417 0.387414 0.387411 0.387413 0.387537 0.387564 0.387597 0.387628 0.000000 0.000000
0.000000 0.000000 0.394025 0.394015 0.393986 0.393847 0.393831 0.393761 0.393723 0.393714 0.393692 0.393672 0.393688 0.393683 0.393747 0.393775 0.393962 0.393941 0.393955 0.000000 0.000000
0.000000 0.000000 0.400986 0.400975 0.400779 0.400791 0.400780 0.400742 0.400802 0.400776 0.400806 0.400786 0.400759 0.400806 0.400827 0.400840 0.400756 0.401019 0.401019 0.000000 0.000000
0.000000 0.000000 0.409427 0.409131 0.409117 0.409023 0.408873 0.408824 0.408772 0.408781 0.408706 0.408706 0.408745 0.408714 0.408788 0.408899 0.409100 0.409044 0.409349 0.000000 0.000000
0.000000 0.000000 0.414244 0.414415 0.414690 0.414654 0.414610 0.414345 0.414361 0.414293 0.414378 0.414355 0.414355 0.414380 0.414613 0.414645 0.414735 0.414481 0.414323 0.000000 0.000000
0.000000 0.000000 0.350000 0.350000 0.350000 0.350000 0.350000 0.350000 0.350000 0.350000 0.350000 0.350000 0.350000 0.350000 0.350000 0.350000 0.350000 0.350000 0.350000 0.000000 0.000000
0.000000 0.000000 0.000000 0.000000 0.000000 0.000000 0.000000 0.000000 0.000000 0.000000 0.000000 0.000000 0.000000 0.000000 0.000000 0.000000 0.000000 0.000000 0.000000 0.000000 0.000000