geotop/1.0zi/1.0Montebello/Templates/testdem/maps/_Eocsand3833.asc
ncols         21
nrows         20
xllcorner     100.000000
yllcorner     100.000000
cellsize      50.000000
NODATA_value  -9999.0
0.000000 0.000000 0.000000 0.000000 0.000000 0.000000 0.000000 0.000000 0.000000 0.000000 0.000000 0.000000 0.000000 0.000000 0.000000 0.000000 0.000000 0.000000 0.000000 0.000000 0.000000
0.000000 0.000000 0.300097 0.300097 0.300096 0.300096 0.300096 0.300096 0.300096 0.300096 0.300096 0.300096 0.300096 0.300096 0.300096 0.300096 0.300096 0.300097 0.300097 0.000000 0.000000
0.000000 0.000000 0.300005 0.300004 0.300004 0.300004 0.300004 0.300003 0.300003 0.300003 0.300004 0.300004 0.300003 0.300003 0.300004 0.300004 0.300005 0.300006 0.300005 0.000000 0.000000
0.000000 0.000000 0.299972 0.299973 0.299973 0.299976 0.299973 0.299975 0.299973 0.299973 0.299973 0.299975 0.299974 0.299977 0.299976 0.299972 0.299972 0.299971 0.299972 0.000000 0.000000
0.000000 0.000000 0.299290 0.299283 0.299288 0.299288 0.299297 0.299303 0.299304 0.299308 0.299307 0.299305 0.299305 0.299304 0.299297 0.299298 0.299298 0.299293 0.299289 0.000000 0.000000
0.000000 0.000000 0.297107 0.297104 0.297112 0.297127 0.297139 0.297161 0.297161 0.297171 0.297163 0.297161 0.297157 0.297154 0.297149 0.297137 0.297132 0.297128 0.297123 0.000000 0.000000
0.000000 0.000000 0.293938 0.293939 0.293947 0.293974 0.294006 0.294043 0.294043 0.294050 0.294043 0.294043 0.294041 0.294031 0.293998 0.293970 0.293962 0.293957 0.293947 0.000000 0.000000
0.000000 0.000000 0.290372 0.290374 0.290385 0.290418 0.290455 0.290492 0.290490 0.290497 0.290495 0.290495 0.290493 0.290483 0.290441 0.290412 0.290398 0.290395 0.290385 0.000000 0.000000
0.000000 0.000000 0.286794 0.286799 0.286814 0.286840 0.286875 0.286919 0.286917 0.286925 0.286923 0.286922 0.286919 0.286907 0.286869 0.286835 0.286824 0.286820 0.286806 0.000000 0.000000
0.000000 0.000000 0.283244 0.283249 0.283261 0.283288 0.283330 0.283369 0.283365 0.283371 0.283370 0.283368 0.283367 0.283358 0.283315 0.283281 0.283271 0.283267 0.283257 0.000000 0.000000
0.000000 0.000000 0.279666 0.279671 0.279685 0.279707 0.279740 0.279786 0.279783 0.279793 0.279791 0.279789 0.279787 0.279777 0.279740 0.279716 0.279701 0.279696 0.279684 0.000000 0.000000
0.000000 0.000000 0.275990 0.275995 0.276011 0.276041 0.276077 0.276121 0.276123 0.276129 0.276128 0.276128 0.276124 0.276115 0.276068 0.276039 0.276026 0.276022 0.275980 0.000000 0.000000
0.000000 0.000000 0.272293 0.272299 0.272316 0.272341 0.272381 0.272464 0.272464 0.272472 0.272471 0.272470 0.272467 0.272456 0.272381 0.272346 0.272334 0.272329 0.272303 0.000000 0.000000
0.000000 0.000000 0.268411 0.268423 0.268437 0.268463 0.268549 0.268577 0.268591 0.268597 0.268595 0.268594 0.268592 0.268581 0.268549 0.268473 0.268459 0.268445 0.268430 0.000000 0.000000
0.000000 0.000000 0.264261 0.264271 0.264300 0.264372 0.264421 0.264474 0.264501 0.264510 0.264520 0.264520 0.264510 0.264507 0.264462 0.264405 0.264328 0.264332 0.264320 0.000000 0.000000
0.000000 0.000000 0.260018 0.260028 0.260111 0.260134 0.260170 0.260202 0.260209 0.260212 0.260208 0.260209 0.260212 0.260187 0.260165 0.260139 0.260138 0.260060 0.260039 0.000000 0.000000
0.000000 0.000000 0.255352 0.255446 0.255524 0.255562 0.255626 0.255661 0.255669 0.255674 0.255684 0.255683 0.255675 0.255670 0.255642 0.255580 0.255545 0.255501 0.255405 0.000000 0.000000
0.000000 0.000000 0.251638 0.251666 0.251617 0.251665 0.251727 0.251829 0.251841 0.251852 0.251848 0.251849 0.251846 0.251829 0.251735 0.251677 0.251619 0.251705 0.251659 0.000000 0.000000
0.000000 0.000000 0.300000 0.300000 0.300000 0.300000 0.300000 0.300000 0.300000 0.300000 0.300000 0.300000 0.300000 0.300000 0.300000 0.300000 0.300000 0.300000 0.300000 0.000000 0.000000
0.000000 0.000000 0.000000 0.000000 0.000000 0.000000 0.000000 0.000000 0.000000 0.000000 0.000000 0.000000 0.000000 0.000000 0.000000 0.000000 0.000000 0.000000 0.000000 0.000000 0.000000