geotop/1.0zi/1.0Montebello/Templates/testdem/maps/_Eocsilt5874.asc
ncols         21
nrows         20
xllcorner     100.000000
yllcorner     100.000000
cellsize      50.000000
NODATA_value  -9999.0
0.000000 0.000000 0.000000 0.000000 0.000000 0.000000 0.000000 0.000000 0.000000 0.000000 0.000000 0.000000 0.000000 0.000000 0.000000 0.000000 0.000000 0.000000 0.000000 0.000000 0.000000
0.000000 0.000000 0.350117 0.350117 0.350118 0.350118 0.350117 0.350118 0.350118 0.350118 0.350118 0.350118 0.350117 0.350118 0.350117 0.350118 0.350118 0.350118 0.350117 0.000000 0.000000
0.000000 0.000000 0.350002 0.350002 0.350002 0.350003 0.350003 0.350003 0.350003 0.350003 0.350003 0.350003 0.350004 0.350003 0.350003 0.350003 0.350001 0.350001 0.350002 0.000000 0.000000
0.000000 0.000000 0.350046 0.350045 0.350044 0.350039 0.350040 0.350038 0.350040 0.350041 0.350040 0.350039 0.350039 0.350039 0.350041 0.350044 0.350045 0.350047 0.350046 0.000000 0.000000
0.000000 0.000000 0.350530 0.350533 0.350532 0.350528 0.350525 0.350520 0.350519 0.350517 0.350515 0.350516 0.350518 0.350519 0.350525 0.350527 0.350526 0.350535 0.350538 0.000000 0.000000
0.000000 0.000000 0.352062 0.352064 0.352059 0.352045 0.352034 0.352016 0.352015 0.352011 0.352015 0.352017 0.352018 0.352014 0.352021 0.352028 0.352038 0.352042 0.352047 0.000000 0.000000
0.000000 0.000000 0.354399 0.354397 0.354391 0.354372 0.354351 0.354328 0.354329 0.354327 0.354329 0.354329 0.354326 0.354329 0.354346 0.354365 0.354373 0.354383 0.354389 0.000000 0.000000
0.000000 0.000000 0.357246 0.357247 0.357246 0.357227 0.357206 0.357180 0.357181 0.357178 0.357178 0.357178 0.357176 0.357179 0.357199 0.357219 0.357235 0.357238 0.357247 0.000000 0.000000
0.000000 0.000000 0.360237 0.360231 0.360223 0.360212 0.360191 0.360161 0.360162 0.360157 0.360155 0.360156 0.360156 0.360154 0.360181 0.360203 0.360217 0.360222 0.360231 0.000000 0.000000
0.000000 0.000000 0.363241 0.363236 0.363232 0.363224 0.363195 0.363169 0.363172 0.363168 0.363164 0.363168 0.363171 0.363168 0.363189 0.363213 0.363227 0.363230 0.363235 0.000000 0.000000
0.000000 0.000000 0.366330 0.366327 0.366325 0.366303 0.366284 0.366255 0.366261 0.366247 0.366248 0.366249 0.366246 0.366253 0.366270 0.366286 0.366302 0.366311 0.366323 0.000000 0.000000
0.000000 0.000000 0.369581 0.369574 0.369565 0.369550 0.369532 0.369498 0.369499 0.369491 0.369500 0.369492 0.369493 0.369496 0.369527 0.369542 0.369553 0.369557 0.369590 0.000000 0.000000
0.000000 0.000000 0.372923 0.372917 0.372913 0.372896 0.372880 0.372810 0.372810 0.372804 0.372789 0.372797 0.372802 0.372807 0.372859 0.372873 0.372898 0.372900 0.372923 0.000000 0.000000
0.000000 0.000000 0.376561 0.376556 0.376546 0.376535 0.376467 0.376450 0.376435 0.376434 0.376429 0.376431 0.376432 0.376429 0.376437 0.376506 0.376527 0.376544 0.376567 0.000000 0.000000
0.000000 0.000000 0.380576 0.380570 0.380555 0.380483 0.380461 0.380420 0.380394 0.380390 0.380377 0.380368 0.380377 0.380371 0.380402 0.380435 0.380536 0.380528 0.380542 0.000000 0.000000
0.000000 0.000000 0.384835 0.384830 0.384735 0.384720 0.384714 0.384688 0.384708 0.384696 0.384705 0.384695 0.384684 0.384702 0.384719 0.384728 0.384719 0.384839 0.384842 0.000000 0.000000
0.000000 0.000000 0.389729 0.389599 0.389557 0.389519 0.389457 0.389426 0.389415 0.389414 0.389385 0.389382 0.389394 0.389388 0.389424 0.389471 0.389545 0.389569 0.389700 0.000000 0.000000
0.000000 0.000000 0.393256 0.393267 0.393381 0.393350 0.393304 0.393184 0.393182 0.393154 0.393174 0.393167 0.393174 0.393177 0.393287 0.393321 0.393398 0.393279 0.393276 0.000000 0.000000
0.000000 0.000000 0.350000 0.350000 0.350000 0.350000 0.350000 0.350000 0.350000 0.350000 0.350000 0.350000 0.350000 0.350000 0.350000 0.350000 0.350000 0.350000 0.350000 0.000000 0.000000
0.000000 0.000000 0.000000 0.000000 0.000000 0.000000 0.000000 0.000000 0.000000 0.000000 0.000000 0.000000 0.000000 0.000000 0.000000 0.000000 0.000000 0.000000 0.000000 0.000000 0.000000