geotop/1.0zi/1.0Montebello/Templates/testdem/maps/_Eocsand188#.asc
ncols         21
nrows         20
xllcorner     100.000000
yllcorner     100.000000
cellsize      50.000000
NODATA_value  -9999.0
0.000000 0.000000 0.000000 0.000000 0.000000 0.000000 0.000000 0.000000 0.000000 0.000000 0.000000 0.000000 0.000000 0.000000 0.000000 0.000000 0.000000 0.000000 0.000000 0.000000 0.000000
0.000000 0.000000 0.300309 0.300306 0.300306 0.300307 0.300306 0.300306 0.300306 0.300306 0.300307 0.300306 0.300306 0.300306 0.300306 0.300306 0.300307 0.300307 0.300307 0.000000 0.000000
0.000000 0.000000 0.300011 0.300012 0.300012 0.300010 0.300012 0.300012 0.300011 0.300012 0.300011 0.300011 0.300011 0.300011 0.300011 0.300011 0.300012 0.300013 0.300012 0.000000 0.000000
0.000000 0.000000 0.299622 0.299615 0.299630 0.299637 0.299632 0.299643 0.299639 0.299642 0.299643 0.299641 0.299641 0.299636 0.299639 0.299630 0.299626 0.299622 0.299622 0.000000 0.000000
0.000000 0.000000 0.295391 0.295407 0.295430 0.295471 0.295509 0.295526 0.295533 0.295536 0.295542 0.295528 0.295522 0.295529 0.295506 0.295486 0.295464 0.295443 0.295432 0.000000 0.000000
0.000000 0.000000 0.284778 0.284800 0.284852 0.284936 0.285009 0.285082 0.285086 0.285103 0.285107 0.285103 0.285091 0.285101 0.285065 0.284992 0.284959 0.284925 0.284917 0.000000 0.000000
0.000000 0.000000 0.270328 0.270363 0.270415 0.270516 0.270616 0.270773 0.270786 0.270804 0.270805 0.270805 0.270809 0.270808 0.270696 0.270607 0.270552 0.270506 0.270496 0.000000 0.000000
0.000000 0.000000 0.252723 0.252766 0.252822 0.252962 0.253072 0.253219 0.253238 0.253259 0.253271 0.253272 0.253280 0.253264 0.253166 0.253064 0.252974 0.252948 0.252920 0.000000 0.000000
0.000000 0.000000 0.232320 0.232383 0.232472 0.232585 0.232720 0.232912 0.232923 0.232968 0.232974 0.232988 0.232983 0.233000 0.232846 0.232715 0.232642 0.232593 0.232570 0.000000 0.000000
0.000000 0.000000 0.208124 0.208224 0.208323 0.208438 0.208605 0.208809 0.208848 0.208876 0.208902 0.208892 0.208861 0.208879 0.208760 0.208582 0.208487 0.208433 0.208431 0.000000 0.000000
0.000000 0.000000 0.178423 0.178525 0.178600 0.178926 0.178990 0.179295 0.179243 0.179413 0.179361 0.179399 0.179474 0.179396 0.179236 0.179137 0.178989 0.178922 0.178803 0.000000 0.000000
0.000000 0.000000 0.141773 0.141980 0.142216 0.142317 0.142481 0.142875 0.142952 0.142931 0.142876 0.143008 0.142947 0.143008 0.142685 0.142474 0.142420 0.142347 0.142122 0.000000 0.000000
0.000000 0.000000 0.103609 0.103762 0.103765 0.104063 0.104250 0.105209 0.105293 0.105382 0.105751 0.105466 0.105482 0.105404 0.104727 0.104594 0.104216 0.104153 0.104258 0.000000 0.000000
0.000000 0.000000 0.070345 0.070371 0.070591 0.070681 0.071464 0.071004 0.071198 0.071205 0.071013 0.071190 0.071215 0.071333 0.071718 0.070845 0.070871 0.070663 0.070570 0.000000 0.000000
0.000000 0.000000 0.051089 0.051125 0.051233 0.051542 0.051611 0.051673 0.051758 0.051770 0.051806 0.051856 0.051827 0.051851 0.051803 0.051715 0.051353 0.051387 0.051380 0.000000 0.000000
0.000000 0.000000 0.038818 0.038847 0.038984 0.039164 0.039152 0.039243 0.039258 0.039276 0.039302 0.039329 0.039320 0.039310 0.039242 0.039246 0.039052 0.038995 0.038993 0.000000 0.000000
0.000000 0.000000 0.030235 0.030287 0.030380 0.030518 0.030502 0.030589 0.030597 0.030610 0.030641 0.030656 0.030646 0.030638 0.030566 0.030584 0.030429 0.030396 0.030367 0.000000 0.000000
0.000000 0.000000 0.024278 0.024293 0.024377 0.024457 0.024437 0.024513 0.024498 0.024514 0.024522 0.024534 0.024536 0.024518 0.024459 0.024480 0.024412 0.024347 0.024350 0.000000 0.000000
0.000000 0.000000 0.300000 0.300000 0.300000 0.300000 0.300000 0.300000 0.300000 0.300000 0.300000 0.300000 0.300000 0.300000 0.300000 0.300000 0.300000 0.300000 0.300000 0.000000 0.000000
0.000000 0.000000 0.000000 0.000000 0.000000 0.000000 0.000000 0.000000 0.000000 0.000000 0.000000 0.000000 0.000000 0.000000 0.000000 0.000000 0.000000 0.000000 0.000000 0.000000 0.000000