geotop/1.0zi/1.0Montebello/Templates/testdem/maps/_Eocclay1122.asc
ncols         21
nrows         20
xllcorner     100.000000
yllcorner     100.000000
cellsize      50.000000
NODATA_value  -9999.0
0.000000 0.000000 0.000000 0.000000 0.000000 0.000000 0.000000 0.000000 0.000000 0.000000 0.000000 0.000000 0.000000 0.000000 0.000000 0.000000 0.000000 0.000000 0.000000 0.000000 0.000000
0.000000 0.000000 0.349944 0.349944 0.349945 0.349944 0.349944 0.349944 0.349944 0.349944 0.349944 0.349944 0.349944 0.349944 0.349944 0.349944 0.349945 0.349944 0.349944 0.000000 0.000000
0.000000 0.000000 0.349995 0.349995 0.349994 0.349995 0.349995 0.349995 0.349995 0.349995 0.349995 0.349995 0.349995 0.349995 0.349995 0.349995 0.349994 0.349995 0.349995 0.000000 0.000000
0.000000 0.000000 0.350442 0.350442 0.350440 0.350441 0.350442 0.350442 0.350442 0.350442 0.350442 0.350442 0.350442 0.350442 0.350442 0.350441 0.350440 0.350442 0.350442 0.000000 0.000000
0.000000 0.000000 0.352123 0.352122 0.352120 0.352120 0.352124 0.352123 0.352123 0.352124 0.352123 0.352124 0.352123 0.352123 0.352124 0.352120 0.352120 0.352122 0.352123 0.000000 0.000000
0.000000 0.000000 0.353980 0.353979 0.353977 0.353978 0.353980 0.353980 0.353979 0.353980 0.353980 0.353980 0.353979 0.353980 0.353980 0.353978 0.353977 0.353979 0.353980 0.000000 0.000000
0.000000 0.000000 0.355753 0.355752 0.355751 0.355751 0.355753 0.355753 0.355753 0.355753 0.355753 0.355753 0.355753 0.355753 0.355753 0.355751 0.355751 0.355752 0.355753 0.000000 0.000000
0.000000 0.000000 0.357392 0.357392 0.357390 0.357391 0.357392 0.357392 0.357392 0.357392 0.357392 0.357392 0.357392 0.357392 0.357392 0.357391 0.357390 0.357392 0.357392 0.000000 0.000000
0.000000 0.000000 0.358931 0.358931 0.358929 0.358929 0.358931 0.358931 0.358931 0.358931 0.358931 0.358931 0.358931 0.358931 0.358931 0.358929 0.358929 0.358931 0.358931 0.000000 0.000000
0.000000 0.000000 0.360408 0.360408 0.360406 0.360406 0.360408 0.360408 0.360408 0.360408 0.360408 0.360408 0.360408 0.360408 0.360408 0.360406 0.360406 0.360408 0.360408 0.000000 0.000000
0.000000 0.000000 0.361837 0.361837 0.361835 0.361836 0.361837 0.361837 0.361837 0.361837 0.361837 0.361837 0.361837 0.361837 0.361837 0.361836 0.361835 0.361837 0.361837 0.000000 0.000000
0.000000 0.000000 0.363234 0.363233 0.363232 0.363232 0.363234 0.363234 0.363234 0.363234 0.363234 0.363234 0.363234 0.363234 0.363234 0.363232 0.363232 0.363233 0.363234 0.000000 0.000000
0.000000 0.000000 0.364608 0.364608 0.364606 0.364607 0.364608 0.364608 0.364608 0.364608 0.364608 0.364608 0.364608 0.364608 0.364608 0.364607 0.364606 0.364608 0.364608 0.000000 0.000000
0.000000 0.000000 0.365959 0.365959 0.365957 0.365958 0.365959 0.365959 0.365959 0.365959 0.365959 0.365959 0.365959 0.365959 0.365959 0.365958 0.365957 0.365959 0.365959 0.000000 0.000000
0.000000 0.000000 0.367296 0.367296 0.367295 0.367295 0.367296 0.367296 0.367296 0.367297 0.367296 0.367297 0.367296 0.367296 0.367296 0.367295 0.367295 0.367296 0.367296 0.000000 0.000000
0.000000 0.000000 0.368626 0.368626 0.368624 0.368625 0.368626 0.368626 0.368626 0.368626 0.368626 0.368626 0.368626 0.368626 0.368626 0.368625 0.368624 0.368626 0.368626 0.000000 0.000000
0.000000 0.000000 0.369942 0.369941 0.369940 0.369940 0.369942 0.369942 0.369942 0.369942 0.369942 0.369942 0.369942 0.369942 0.369942 0.369940 0.369940 0.369941 0.369942 0.000000 0.000000
0.000000 0.000000 0.371282 0.371282 0.371280 0.371281 0.371282 0.371282 0.371282 0.371282 0.371282 0.371282 0.371282 0.371282 0.371282 0.371281 0.371280 0.371282 0.371282 0.000000 0.000000
0.000000 0.000000 0.350000 0.350000 0.350000 0.350000 0.350000 0.350000 0.350000 0.350000 0.350000 0.350000 0.350000 0.350000 0.350000 0.350000 0.350000 0.350000 0.350000 0.000000 0.000000
0.000000 0.000000 0.000000 0.000000 0.000000 0.000000 0.000000 0.000000 0.000000 0.000000 0.000000 0.000000 0.000000 0.000000 0.000000 0.000000 0.000000 0.000000 0.000000 0.000000 0.000000