geotop/1.0zi/1.0Montebello/Templates/testdem/maps/_Eocsilt7066.asc
ncols         21
nrows         20
xllcorner     100.000000
yllcorner     100.000000
cellsize      50.000000
NODATA_value  -9999.0
0.000000 0.000000 0.000000 0.000000 0.000000 0.000000 0.000000 0.000000 0.000000 0.000000 0.000000 0.000000 0.000000 0.000000 0.000000 0.000000 0.000000 0.000000 0.000000 0.000000 0.000000
0.000000 0.000000 0.350143 0.350143 0.350144 0.350144 0.350143 0.350144 0.350144 0.350144 0.350144 0.350143 0.350143 0.350143 0.350143 0.350143 0.350144 0.350144 0.350143 0.000000 0.000000
0.000000 0.000000 0.350003 0.350003 0.350003 0.350003 0.350003 0.350003 0.350003 0.350003 0.350003 0.350003 0.350004 0.350004 0.350003 0.350003 0.350001 0.350001 0.350003 0.000000 0.000000
0.000000 0.000000 0.350063 0.350059 0.350058 0.350052 0.350053 0.350050 0.350053 0.350053 0.350050 0.350052 0.350052 0.350052 0.350054 0.350056 0.350060 0.350061 0.350061 0.000000 0.000000
0.000000 0.000000 0.350767 0.350773 0.350768 0.350760 0.350755 0.350748 0.350747 0.350744 0.350745 0.350745 0.350746 0.350748 0.350758 0.350763 0.350762 0.350769 0.350775 0.000000 0.000000
0.000000 0.000000 0.352855 0.352857 0.352847 0.352834 0.352817 0.352797 0.352797 0.352791 0.352796 0.352797 0.352797 0.352796 0.352806 0.352816 0.352825 0.352832 0.352838 0.000000 0.000000
0.000000 0.000000 0.355937 0.355933 0.355923 0.355901 0.355872 0.355844 0.355846 0.355842 0.355843 0.355842 0.355838 0.355843 0.355867 0.355890 0.355904 0.355917 0.355925 0.000000 0.000000
0.000000 0.000000 0.359632 0.359631 0.359625 0.359602 0.359576 0.359544 0.359545 0.359540 0.359540 0.359537 0.359535 0.359541 0.359568 0.359592 0.359613 0.359618 0.359630 0.000000 0.000000
0.000000 0.000000 0.363550 0.363542 0.363529 0.363514 0.363487 0.363450 0.363452 0.363444 0.363442 0.363441 0.363441 0.363441 0.363475 0.363504 0.363521 0.363530 0.363540 0.000000 0.000000
0.000000 0.000000 0.367580 0.367573 0.367565 0.367552 0.367513 0.367481 0.367483 0.367478 0.367473 0.367476 0.367480 0.367478 0.367506 0.367539 0.367557 0.367563 0.367571 0.000000 0.000000
0.000000 0.000000 0.371821 0.371815 0.371809 0.371778 0.371752 0.371715 0.371724 0.371704 0.371706 0.371706 0.371699 0.371711 0.371736 0.371756 0.371779 0.371791 0.371810 0.000000 0.000000
0.000000 0.000000 0.376394 0.376381 0.376367 0.376347 0.376319 0.376274 0.376274 0.376265 0.376276 0.376262 0.376265 0.376269 0.376313 0.376335 0.376351 0.376359 0.376402 0.000000 0.000000
0.000000 0.000000 0.381206 0.381194 0.381186 0.381161 0.381137 0.381033 0.381033 0.381025 0.381000 0.381012 0.381018 0.381028 0.381106 0.381128 0.381166 0.381170 0.381197 0.000000 0.000000
0.000000 0.000000 0.386619 0.386613 0.386593 0.386574 0.386460 0.386448 0.386425 0.386423 0.386424 0.386420 0.386418 0.386415 0.386417 0.386536 0.386562 0.386593 0.386624 0.000000 0.000000
0.000000 0.000000 0.392786 0.392777 0.392749 0.392618 0.392600 0.392534 0.392497 0.392489 0.392467 0.392448 0.392463 0.392458 0.392519 0.392547 0.392725 0.392705 0.392719 0.000000 0.000000
0.000000 0.000000 0.399480 0.399469 0.399285 0.399293 0.399283 0.399245 0.399301 0.399276 0.399304 0.399284 0.399259 0.399303 0.399325 0.399336 0.399262 0.399507 0.399509 0.000000 0.000000
0.000000 0.000000 0.407562 0.407286 0.407266 0.407180 0.407041 0.406994 0.406948 0.406955 0.406886 0.406885 0.406920 0.406894 0.406961 0.407065 0.407249 0.407205 0.407490 0.000000 0.000000
0.000000 0.000000 0.412308 0.412458 0.412715 0.412679 0.412634 0.412387 0.412399 0.412336 0.412412 0.412392 0.412393 0.412415 0.412634 0.412665 0.412756 0.412515 0.412378 0.000000 0.000000
0.000000 0.000000 0.350000 0.350000 0.350000 0.350000 0.350000 0.350000 0.350000 0.350000 0.350000 0.350000 0.350000 0.350000 0.350000 0.350000 0.350000 0.350000 0.350000 0.000000 0.000000
0.000000 0.000000 0.000000 0.000000 0.000000 0.000000 0.000000 0.000000 0.000000 0.000000 0.000000 0.000000 0.000000 0.000000 0.000000 0.000000 0.000000 0.000000 0.000000 0.000000 0.000000