geotop/1.0zi/1.0Montebello/Templates/testdem/maps/_Eocsand8241.asc
ncols         21
nrows         20
xllcorner     100.000000
yllcorner     100.000000
cellsize      50.000000
NODATA_value  -9999.0
0.000000 0.000000 0.000000 0.000000 0.000000 0.000000 0.000000 0.000000 0.000000 0.000000 0.000000 0.000000 0.000000 0.000000 0.000000 0.000000 0.000000 0.000000 0.000000 0.000000 0.000000
0.000000 0.000000 0.300208 0.300206 0.300206 0.300207 0.300206 0.300205 0.300205 0.300206 0.300206 0.300206 0.300206 0.300206 0.300206 0.300206 0.300207 0.300207 0.300207 0.000000 0.000000
0.000000 0.000000 0.300011 0.300012 0.300012 0.300010 0.300011 0.300012 0.300012 0.300012 0.300012 0.300012 0.300011 0.300012 0.300011 0.300011 0.300012 0.300013 0.300013 0.000000 0.000000
0.000000 0.000000 0.299893 0.299893 0.299897 0.299905 0.299900 0.299909 0.299904 0.299906 0.299906 0.299906 0.299906 0.299908 0.299903 0.299898 0.299896 0.299893 0.299894 0.000000 0.000000
0.000000 0.000000 0.297934 0.297931 0.297939 0.297954 0.297977 0.297987 0.297993 0.297992 0.297996 0.297995 0.297998 0.297992 0.297969 0.297962 0.297950 0.297936 0.297926 0.000000 0.000000
0.000000 0.000000 0.292193 0.292194 0.292216 0.292262 0.292296 0.292344 0.292345 0.292357 0.292349 0.292350 0.292346 0.292345 0.292322 0.292288 0.292259 0.292236 0.292224 0.000000 0.000000
0.000000 0.000000 0.284216 0.284223 0.284244 0.284294 0.284359 0.284434 0.284436 0.284445 0.284442 0.284444 0.284446 0.284440 0.284375 0.284317 0.284282 0.284253 0.284237 0.000000 0.000000
0.000000 0.000000 0.274766 0.274770 0.274785 0.274843 0.274906 0.274989 0.274990 0.274999 0.275000 0.275007 0.275010 0.274995 0.274925 0.274869 0.274815 0.274798 0.274773 0.000000 0.000000
0.000000 0.000000 0.264649 0.264665 0.264694 0.264732 0.264799 0.264889 0.264885 0.264904 0.264909 0.264913 0.264911 0.264912 0.264826 0.264755 0.264713 0.264691 0.264669 0.000000 0.000000
0.000000 0.000000 0.253928 0.253947 0.253962 0.254001 0.254098 0.254179 0.254180 0.254189 0.254201 0.254195 0.254183 0.254187 0.254114 0.254032 0.253982 0.253965 0.253948 0.000000 0.000000
0.000000 0.000000 0.242255 0.242268 0.242286 0.242369 0.242437 0.242533 0.242514 0.242565 0.242557 0.242560 0.242579 0.242544 0.242477 0.242425 0.242361 0.242326 0.242282 0.000000 0.000000
0.000000 0.000000 0.229265 0.229299 0.229339 0.229391 0.229469 0.229589 0.229599 0.229611 0.229583 0.229625 0.229613 0.229606 0.229482 0.229418 0.229374 0.229348 0.229239 0.000000 0.000000
0.000000 0.000000 0.215181 0.215213 0.215228 0.215305 0.215374 0.215691 0.215696 0.215714 0.215797 0.215753 0.215735 0.215706 0.215465 0.215400 0.215280 0.215266 0.215214 0.000000 0.000000
0.000000 0.000000 0.198613 0.198622 0.198689 0.198742 0.199141 0.199107 0.199191 0.199189 0.199162 0.199187 0.199199 0.199217 0.199257 0.198841 0.198776 0.198666 0.198588 0.000000 0.000000
0.000000 0.000000 0.179043 0.179079 0.179158 0.179667 0.179618 0.179873 0.179988 0.180015 0.180101 0.180161 0.180104 0.180114 0.179866 0.179886 0.179212 0.179315 0.179302 0.000000 0.000000
0.000000 0.000000 0.157606 0.157636 0.158374 0.158164 0.158220 0.158286 0.158010 0.158095 0.157948 0.157999 0.158121 0.157936 0.157927 0.157884 0.158433 0.157364 0.157378 0.000000 0.000000
0.000000 0.000000 0.131118 0.132268 0.132015 0.132448 0.133023 0.133191 0.133513 0.133436 0.133781 0.133750 0.133552 0.133747 0.133457 0.133032 0.132050 0.132693 0.131492 0.000000 0.000000
0.000000 0.000000 0.121722 0.120643 0.119677 0.119663 0.119605 0.120533 0.120375 0.120649 0.120200 0.120290 0.120360 0.120206 0.119437 0.119479 0.119494 0.120240 0.121293 0.000000 0.000000
0.000000 0.000000 0.300000 0.300000 0.300000 0.300000 0.300000 0.300000 0.300000 0.300000 0.300000 0.300000 0.300000 0.300000 0.300000 0.300000 0.300000 0.300000 0.300000 0.000000 0.000000
0.000000 0.000000 0.000000 0.000000 0.000000 0.000000 0.000000 0.000000 0.000000 0.000000 0.000000 0.000000 0.000000 0.000000 0.000000 0.000000 0.000000 0.000000 0.000000 0.000000 0.000000