geotop/1.0zi/1.0Montebello/Templates/testdem/maps/_Eocsand023).asc
ncols         21
nrows         20
xllcorner     100.000000
yllcorner     100.000000
cellsize      50.000000
NODATA_value  -9999.0
0.000000 0.000000 0.000000 0.000000 0.000000 0.000000 0.000000 0.000000 0.000000 0.000000 0.000000 0.000000 0.000000 0.000000 0.000000 0.000000 0.000000 0.000000 0.000000 0.000000 0.000000
0.000000 0.000000 0.300254 0.300251 0.300251 0.300252 0.300251 0.300251 0.300251 0.300251 0.300252 0.300251 0.300251 0.300252 0.300251 0.300251 0.300252 0.300252 0.300252 0.000000 0.000000
0.000000 0.000000 0.300013 0.300015 0.300014 0.300013 0.300014 0.300015 0.300014 0.300014 0.300014 0.300014 0.300013 0.300014 0.300014 0.300014 0.300015 0.300015 0.300015 0.000000 0.000000
0.000000 0.000000 0.299782 0.299775 0.299786 0.299794 0.299794 0.299800 0.299792 0.299794 0.299793 0.299791 0.299790 0.299792 0.299786 0.299780 0.299777 0.299776 0.299777 0.000000 0.000000
0.000000 0.000000 0.296734 0.296731 0.296750 0.296786 0.296816 0.296827 0.296825 0.296825 0.296828 0.296821 0.296815 0.296816 0.296794 0.296779 0.296761 0.296747 0.296734 0.000000 0.000000
0.000000 0.000000 0.288486 0.288490 0.288532 0.288604 0.288673 0.288734 0.288729 0.288736 0.288740 0.288739 0.288727 0.288732 0.288698 0.288640 0.288608 0.288583 0.288571 0.000000 0.000000
0.000000 0.000000 0.277162 0.277178 0.277214 0.277298 0.277385 0.277505 0.277500 0.277506 0.277519 0.277519 0.277519 0.277516 0.277421 0.277349 0.277302 0.277268 0.277254 0.000000 0.000000
0.000000 0.000000 0.263673 0.263692 0.263729 0.263830 0.263928 0.264037 0.264032 0.264042 0.264058 0.264063 0.264066 0.264049 0.263962 0.263881 0.263806 0.263787 0.263758 0.000000 0.000000
0.000000 0.000000 0.248684 0.248715 0.248771 0.248853 0.248964 0.249096 0.249081 0.249102 0.249124 0.249128 0.249120 0.249128 0.249003 0.248905 0.248845 0.248817 0.248792 0.000000 0.000000
0.000000 0.000000 0.231881 0.231927 0.231973 0.232063 0.232188 0.232328 0.232323 0.232335 0.232369 0.232356 0.232339 0.232347 0.232246 0.232118 0.232046 0.232015 0.232004 0.000000 0.000000
0.000000 0.000000 0.212436 0.212470 0.212515 0.212713 0.212772 0.212963 0.212919 0.213006 0.213004 0.213019 0.213049 0.212998 0.212882 0.212802 0.212699 0.212660 0.212577 0.000000 0.000000
0.000000 0.000000 0.189333 0.189420 0.189543 0.189635 0.189744 0.189989 0.189992 0.189987 0.189968 0.190053 0.190008 0.190028 0.189811 0.189677 0.189621 0.189583 0.189418 0.000000 0.000000
0.000000 0.000000 0.163047 0.163119 0.163142 0.163341 0.163474 0.164148 0.164154 0.164187 0.164444 0.164284 0.164274 0.164215 0.163723 0.163614 0.163354 0.163335 0.163314 0.000000 0.000000
0.000000 0.000000 0.130731 0.130742 0.130971 0.131098 0.132046 0.131639 0.131834 0.131818 0.131665 0.131820 0.131837 0.131953 0.132318 0.131279 0.131261 0.131010 0.130872 0.000000 0.000000
0.000000 0.000000 0.097372 0.097451 0.097592 0.098660 0.098123 0.098835 0.098954 0.099015 0.099286 0.099342 0.099225 0.099202 0.098585 0.099108 0.097717 0.098054 0.098122 0.000000 0.000000
0.000000 0.000000 0.072655 0.072690 0.073527 0.073136 0.073287 0.073271 0.072909 0.073001 0.072818 0.072850 0.073003 0.072811 0.072913 0.072771 0.073664 0.072402 0.072424 0.000000 0.000000
0.000000 0.000000 0.054570 0.054971 0.055074 0.055150 0.055396 0.055443 0.055477 0.055470 0.055558 0.055550 0.055512 0.055543 0.055475 0.055281 0.055140 0.055083 0.054678 0.000000 0.000000
0.000000 0.000000 0.044302 0.044472 0.044327 0.044433 0.044601 0.044774 0.044812 0.044836 0.044858 0.044861 0.044827 0.044849 0.044677 0.044546 0.044348 0.044547 0.044370 0.000000 0.000000
0.000000 0.000000 0.300000 0.300000 0.300000 0.300000 0.300000 0.300000 0.300000 0.300000 0.300000 0.300000 0.300000 0.300000 0.300000 0.300000 0.300000 0.300000 0.300000 0.000000 0.000000
0.000000 0.000000 0.000000 0.000000 0.000000 0.000000 0.000000 0.000000 0.000000 0.000000 0.000000 0.000000 0.000000 0.000000 0.000000 0.000000 0.000000 0.000000 0.000000 0.000000 0.000000