geotop/1.0zi/1.0Montebello/Templates/testdem/maps/_Eocsilt3166.asc
ncols         21
nrows         20
xllcorner     100.000000
yllcorner     100.000000
cellsize      50.000000
NODATA_value  -9999.0
0.000000 0.000000 0.000000 0.000000 0.000000 0.000000 0.000000 0.000000 0.000000 0.000000 0.000000 0.000000 0.000000 0.000000 0.000000 0.000000 0.000000 0.000000 0.000000 0.000000 0.000000
0.000000 0.000000 0.350087 0.350087 0.350087 0.350087 0.350087 0.350087 0.350087 0.350087 0.350086 0.350087 0.350087 0.350087 0.350087 0.350087 0.350087 0.350087 0.350087 0.000000 0.000000
0.000000 0.000000 0.349994 0.349994 0.349994 0.349994 0.349994 0.349994 0.349994 0.349994 0.349995 0.349994 0.349994 0.349994 0.349994 0.349994 0.349994 0.349994 0.349994 0.000000 0.000000
0.000000 0.000000 0.351305 0.351305 0.351302 0.351303 0.351306 0.351305 0.351305 0.351305 0.351306 0.351305 0.351305 0.351305 0.351306 0.351303 0.351302 0.351305 0.351305 0.000000 0.000000
0.000000 0.000000 0.355896 0.355896 0.355894 0.355894 0.355896 0.355896 0.355896 0.355897 0.355897 0.355897 0.355896 0.355896 0.355896 0.355894 0.355894 0.355896 0.355896 0.000000 0.000000
0.000000 0.000000 0.361455 0.361454 0.361453 0.361453 0.361455 0.361454 0.361455 0.361455 0.361456 0.361455 0.361455 0.361454 0.361455 0.361453 0.361453 0.361454 0.361455 0.000000 0.000000
0.000000 0.000000 0.366479 0.366479 0.366477 0.366477 0.366479 0.366479 0.366479 0.366479 0.366480 0.366479 0.366479 0.366479 0.366479 0.366477 0.366477 0.366479 0.366479 0.000000 0.000000
0.000000 0.000000 0.371020 0.371020 0.371019 0.371019 0.371020 0.371020 0.371020 0.371021 0.371021 0.371021 0.371020 0.371020 0.371020 0.371019 0.371019 0.371020 0.371020 0.000000 0.000000
0.000000 0.000000 0.375215 0.375214 0.375213 0.375213 0.375215 0.375214 0.375214 0.375215 0.375215 0.375215 0.375214 0.375214 0.375215 0.375213 0.375213 0.375214 0.375215 0.000000 0.000000
0.000000 0.000000 0.379163 0.379162 0.379161 0.379162 0.379163 0.379162 0.379162 0.379163 0.379164 0.379163 0.379162 0.379162 0.379163 0.379162 0.379161 0.379162 0.379163 0.000000 0.000000
0.000000 0.000000 0.382914 0.382914 0.382913 0.382913 0.382914 0.382914 0.382914 0.382914 0.382915 0.382914 0.382914 0.382914 0.382914 0.382913 0.382913 0.382914 0.382914 0.000000 0.000000
0.000000 0.000000 0.386504 0.386504 0.386503 0.386503 0.386504 0.386504 0.386504 0.386505 0.386505 0.386505 0.386504 0.386504 0.386504 0.386503 0.386503 0.386504 0.386504 0.000000 0.000000
0.000000 0.000000 0.389959 0.389959 0.389958 0.389958 0.389959 0.389959 0.389959 0.389959 0.389960 0.389959 0.389959 0.389959 0.389959 0.389958 0.389958 0.389959 0.389959 0.000000 0.000000
0.000000 0.000000 0.393309 0.393309 0.393307 0.393308 0.393309 0.393308 0.393309 0.393309 0.393309 0.393309 0.393309 0.393308 0.393309 0.393308 0.393307 0.393309 0.393309 0.000000 0.000000
0.000000 0.000000 0.396560 0.396560 0.396558 0.396559 0.396560 0.396560 0.396560 0.396560 0.396560 0.396560 0.396560 0.396560 0.396560 0.396559 0.396558 0.396560 0.396560 0.000000 0.000000
0.000000 0.000000 0.399719 0.399718 0.399717 0.399718 0.399719 0.399718 0.399718 0.399719 0.399719 0.399719 0.399718 0.399718 0.399719 0.399718 0.399717 0.399718 0.399719 0.000000 0.000000
0.000000 0.000000 0.402795 0.402795 0.402794 0.402794 0.402795 0.402795 0.402795 0.402795 0.402796 0.402795 0.402795 0.402795 0.402795 0.402794 0.402794 0.402795 0.402795 0.000000 0.000000
0.000000 0.000000 0.405855 0.405855 0.405854 0.405854 0.405855 0.405855 0.405855 0.405855 0.405856 0.405855 0.405855 0.405855 0.405855 0.405854 0.405854 0.405855 0.405855 0.000000 0.000000
0.000000 0.000000 0.350000 0.350000 0.350000 0.350000 0.350000 0.350000 0.350000 0.350000 0.350000 0.350000 0.350000 0.350000 0.350000 0.350000 0.350000 0.350000 0.350000 0.000000 0.000000
0.000000 0.000000 0.000000 0.000000 0.000000 0.000000 0.000000 0.000000 0.000000 0.000000 0.000000 0.000000 0.000000 0.000000 0.000000 0.000000 0.000000 0.000000 0.000000 0.000000 0.000000