geotop/1.0zi/1.0Montebello/Templates/testdem/maps/_Eocsilt2577.asc
ncols         21
nrows         20
xllcorner     100.000000
yllcorner     100.000000
cellsize      50.000000
NODATA_value  -9999.0
0.000000 0.000000 0.000000 0.000000 0.000000 0.000000 0.000000 0.000000 0.000000 0.000000 0.000000 0.000000 0.000000 0.000000 0.000000 0.000000 0.000000 0.000000 0.000000 0.000000 0.000000
0.000000 0.000000 0.350061 0.350061 0.350061 0.350061 0.350061 0.350061 0.350061 0.350061 0.350061 0.350061 0.350061 0.350061 0.350061 0.350061 0.350061 0.350061 0.350061 0.000000 0.000000
0.000000 0.000000 0.349998 0.349998 0.349998 0.349998 0.349998 0.349998 0.349998 0.349998 0.349998 0.349998 0.349998 0.349998 0.349998 0.349998 0.349998 0.349998 0.349998 0.000000 0.000000
0.000000 0.000000 0.350861 0.350861 0.350858 0.350860 0.350862 0.350861 0.350861 0.350862 0.350862 0.350862 0.350861 0.350861 0.350862 0.350860 0.350858 0.350861 0.350861 0.000000 0.000000
0.000000 0.000000 0.354219 0.354218 0.354216 0.354217 0.354219 0.354218 0.354218 0.354220 0.354220 0.354220 0.354218 0.354218 0.354219 0.354217 0.354216 0.354218 0.354219 0.000000 0.000000
0.000000 0.000000 0.358577 0.358576 0.358575 0.358575 0.358578 0.358577 0.358577 0.358578 0.358578 0.358578 0.358577 0.358577 0.358578 0.358575 0.358575 0.358576 0.358577 0.000000 0.000000
0.000000 0.000000 0.362568 0.362567 0.362566 0.362566 0.362568 0.362567 0.362567 0.362568 0.362568 0.362568 0.362567 0.362567 0.362568 0.362566 0.362566 0.362567 0.362568 0.000000 0.000000
0.000000 0.000000 0.366208 0.366207 0.366206 0.366207 0.366208 0.366208 0.366208 0.366208 0.366209 0.366208 0.366208 0.366208 0.366208 0.366207 0.366206 0.366207 0.366208 0.000000 0.000000
0.000000 0.000000 0.369596 0.369596 0.369595 0.369595 0.369596 0.369596 0.369596 0.369597 0.369597 0.369597 0.369596 0.369596 0.369596 0.369595 0.369595 0.369596 0.369596 0.000000 0.000000
0.000000 0.000000 0.372811 0.372811 0.372810 0.372810 0.372811 0.372811 0.372811 0.372811 0.372812 0.372811 0.372811 0.372811 0.372811 0.372810 0.372810 0.372811 0.372811 0.000000 0.000000
0.000000 0.000000 0.375892 0.375891 0.375890 0.375891 0.375892 0.375891 0.375891 0.375892 0.375892 0.375892 0.375891 0.375891 0.375892 0.375891 0.375890 0.375891 0.375892 0.000000 0.000000
0.000000 0.000000 0.378866 0.378866 0.378865 0.378865 0.378867 0.378866 0.378866 0.378867 0.378867 0.378867 0.378866 0.378866 0.378867 0.378865 0.378865 0.378866 0.378866 0.000000 0.000000
0.000000 0.000000 0.381757 0.381756 0.381755 0.381756 0.381757 0.381757 0.381757 0.381757 0.381757 0.381757 0.381757 0.381757 0.381757 0.381756 0.381755 0.381756 0.381757 0.000000 0.000000
0.000000 0.000000 0.384577 0.384577 0.384576 0.384576 0.384577 0.384577 0.384577 0.384577 0.384578 0.384577 0.384577 0.384577 0.384577 0.384576 0.384576 0.384577 0.384577 0.000000 0.000000
0.000000 0.000000 0.387337 0.387337 0.387336 0.387336 0.387337 0.387337 0.387337 0.387337 0.387338 0.387337 0.387337 0.387337 0.387337 0.387336 0.387336 0.387337 0.387337 0.000000 0.000000
0.000000 0.000000 0.390042 0.390042 0.390041 0.390041 0.390042 0.390042 0.390042 0.390042 0.390042 0.390042 0.390042 0.390042 0.390042 0.390041 0.390041 0.390042 0.390042 0.000000 0.000000
0.000000 0.000000 0.392695 0.392694 0.392693 0.392694 0.392695 0.392694 0.392694 0.392695 0.392695 0.392695 0.392694 0.392694 0.392695 0.392694 0.392693 0.392694 0.392695 0.000000 0.000000
0.000000 0.000000 0.395333 0.395333 0.395332 0.395333 0.395334 0.395333 0.395333 0.395334 0.395334 0.395334 0.395333 0.395333 0.395334 0.395333 0.395332 0.395333 0.395333 0.000000 0.000000
0.000000 0.000000 0.350000 0.350000 0.350000 0.350000 0.350000 0.350000 0.350000 0.350000 0.350000 0.350000 0.350000 0.350000 0.350000 0.350000 0.350000 0.350000 0.350000 0.000000 0.000000
0.000000 0.000000 0.000000 0.000000 0.000000 0.000000 0.000000 0.000000 0.000000 0.000000 0.000000 0.000000 0.000000 0.000000 0.000000 0.000000 0.000000 0.000000 0.000000 0.000000 0.000000