geotop/1.0zi/1.0Montebello/Templates/testdem/maps/_Eocsand5545.asc
ncols         21
nrows         20
xllcorner     100.000000
yllcorner     100.000000
cellsize      50.000000
NODATA_value  -9999.0
0.000000 0.000000 0.000000 0.000000 0.000000 0.000000 0.000000 0.000000 0.000000 0.000000 0.000000 0.000000 0.000000 0.000000 0.000000 0.000000 0.000000 0.000000 0.000000 0.000000 0.000000
0.000000 0.000000 0.300139 0.300139 0.300139 0.300138 0.300138 0.300138 0.300139 0.300139 0.300139 0.300139 0.300139 0.300139 0.300139 0.300139 0.300139 0.300139 0.300139 0.000000 0.000000
0.000000 0.000000 0.300009 0.300008 0.300008 0.300008 0.300008 0.300008 0.300007 0.300008 0.300008 0.300008 0.300007 0.300007 0.300007 0.300008 0.300009 0.300009 0.300009 0.000000 0.000000
0.000000 0.000000 0.299966 0.299965 0.299968 0.299972 0.299969 0.299971 0.299969 0.299970 0.299969 0.299972 0.299971 0.299972 0.299968 0.299964 0.299965 0.299963 0.299965 0.000000 0.000000
0.000000 0.000000 0.299068 0.299066 0.299067 0.299076 0.299089 0.299098 0.299098 0.299098 0.299102 0.299100 0.299103 0.299102 0.299091 0.299090 0.299085 0.299074 0.299067 0.000000 0.000000
0.000000 0.000000 0.296123 0.296119 0.296128 0.296159 0.296175 0.296208 0.296211 0.296219 0.296210 0.296209 0.296204 0.296207 0.296199 0.296182 0.296168 0.296153 0.296143 0.000000 0.000000
0.000000 0.000000 0.291700 0.291704 0.291710 0.291743 0.291783 0.291832 0.291830 0.291836 0.291832 0.291830 0.291833 0.291832 0.291798 0.291762 0.291745 0.291728 0.291715 0.000000 0.000000
0.000000 0.000000 0.286329 0.286328 0.286329 0.286364 0.286404 0.286456 0.286454 0.286461 0.286459 0.286460 0.286464 0.286457 0.286420 0.286385 0.286356 0.286348 0.286330 0.000000 0.000000
0.000000 0.000000 0.280800 0.280808 0.280820 0.280840 0.280879 0.280935 0.280932 0.280942 0.280946 0.280943 0.280944 0.280949 0.280899 0.280861 0.280835 0.280827 0.280811 0.000000 0.000000
0.000000 0.000000 0.275248 0.275257 0.275260 0.275275 0.275330 0.275380 0.275375 0.275382 0.275389 0.275381 0.275375 0.275382 0.275344 0.275300 0.275273 0.275269 0.275258 0.000000 0.000000
0.000000 0.000000 0.269531 0.269537 0.269536 0.269575 0.269613 0.269668 0.269655 0.269682 0.269681 0.269678 0.269685 0.269672 0.269641 0.269614 0.269585 0.269568 0.269544 0.000000 0.000000
0.000000 0.000000 0.263549 0.263563 0.263576 0.263603 0.263636 0.263701 0.263698 0.263714 0.263697 0.263712 0.263710 0.263706 0.263650 0.263625 0.263605 0.263596 0.263534 0.000000 0.000000
0.000000 0.000000 0.257427 0.257439 0.257442 0.257473 0.257503 0.257632 0.257631 0.257643 0.257669 0.257655 0.257645 0.257636 0.257544 0.257521 0.257475 0.257471 0.257426 0.000000 0.000000
0.000000 0.000000 0.250806 0.250814 0.250829 0.250848 0.250970 0.251005 0.251033 0.251035 0.251045 0.251040 0.251039 0.251044 0.251030 0.250910 0.250870 0.250839 0.250794 0.000000 0.000000
0.000000 0.000000 0.243545 0.243555 0.243580 0.243704 0.243746 0.243819 0.243869 0.243877 0.243901 0.243914 0.243899 0.243911 0.243859 0.243800 0.243619 0.243633 0.243605 0.000000 0.000000
0.000000 0.000000 0.235887 0.235896 0.236056 0.236087 0.236096 0.236145 0.236114 0.236134 0.236121 0.236139 0.236159 0.236127 0.236100 0.236085 0.236092 0.235885 0.235879 0.000000 0.000000
0.000000 0.000000 0.227174 0.227392 0.227472 0.227535 0.227638 0.227691 0.227707 0.227711 0.227758 0.227766 0.227747 0.227755 0.227698 0.227622 0.227499 0.227442 0.227223 0.000000 0.000000
0.000000 0.000000 0.220720 0.220721 0.220528 0.220582 0.220668 0.220873 0.220878 0.220924 0.220896 0.220909 0.220895 0.220891 0.220706 0.220647 0.220506 0.220705 0.220691 0.000000 0.000000
0.000000 0.000000 0.300000 0.300000 0.300000 0.300000 0.300000 0.300000 0.300000 0.300000 0.300000 0.300000 0.300000 0.300000 0.300000 0.300000 0.300000 0.300000 0.300000 0.000000 0.000000
0.000000 0.000000 0.000000 0.000000 0.000000 0.000000 0.000000 0.000000 0.000000 0.000000 0.000000 0.000000 0.000000 0.000000 0.000000 0.000000 0.000000 0.000000 0.000000 0.000000 0.000000