geotop/1.0zi/1.0Montebello/Templates/testdem/maps/_Eocclay3814.asc
ncols         21
nrows         20
xllcorner     100.000000
yllcorner     100.000000
cellsize      50.000000
NODATA_value  -9999.0
0.000000 0.000000 0.000000 0.000000 0.000000 0.000000 0.000000 0.000000 0.000000 0.000000 0.000000 0.000000 0.000000 0.000000 0.000000 0.000000 0.000000 0.000000 0.000000 0.000000 0.000000
0.000000 0.000000 0.349827 0.349828 0.349828 0.349828 0.349828 0.349828 0.349828 0.349828 0.349828 0.349828 0.349828 0.349828 0.349828 0.349828 0.349827 0.349828 0.349827 0.000000 0.000000
0.000000 0.000000 0.349994 0.349994 0.349994 0.349994 0.349994 0.349994 0.349994 0.349994 0.349994 0.349994 0.349994 0.349994 0.349994 0.349994 0.349994 0.349994 0.349994 0.000000 0.000000
0.000000 0.000000 0.349996 0.349996 0.349995 0.349997 0.349998 0.349999 0.349999 0.349998 0.349999 0.349998 0.349997 0.349996 0.349997 0.349998 0.349997 0.349997 0.349996 0.000000 0.000000
0.000000 0.000000 0.350337 0.350339 0.350338 0.350335 0.350328 0.350324 0.350324 0.350324 0.350324 0.350325 0.350323 0.350324 0.350331 0.350331 0.350332 0.350331 0.350335 0.000000 0.000000
0.000000 0.000000 0.351471 0.351473 0.351468 0.351460 0.351454 0.351446 0.351446 0.351441 0.351445 0.351445 0.351449 0.351449 0.351448 0.351454 0.351458 0.351462 0.351465 0.000000 0.000000
0.000000 0.000000 0.353094 0.353091 0.353086 0.353074 0.353058 0.353037 0.353037 0.353033 0.353037 0.353037 0.353038 0.353044 0.353062 0.353077 0.353082 0.353084 0.353088 0.000000 0.000000
0.000000 0.000000 0.354883 0.354883 0.354878 0.354860 0.354843 0.354823 0.354824 0.354821 0.354822 0.354822 0.354823 0.354828 0.354849 0.354863 0.354869 0.354871 0.354877 0.000000 0.000000
0.000000 0.000000 0.356675 0.356673 0.356665 0.356652 0.356635 0.356613 0.356614 0.356610 0.356611 0.356612 0.356613 0.356619 0.356638 0.356655 0.356660 0.356662 0.356668 0.000000 0.000000
0.000000 0.000000 0.358455 0.358452 0.358446 0.358432 0.358411 0.358391 0.358393 0.358391 0.358391 0.358392 0.358393 0.358397 0.358419 0.358436 0.358441 0.358443 0.358448 0.000000 0.000000
0.000000 0.000000 0.360259 0.360257 0.360250 0.360239 0.360222 0.360199 0.360200 0.360195 0.360196 0.360197 0.360198 0.360203 0.360222 0.360234 0.360242 0.360244 0.360250 0.000000 0.000000
0.000000 0.000000 0.362114 0.362111 0.362103 0.362088 0.362070 0.362048 0.362047 0.362044 0.362044 0.362044 0.362046 0.362050 0.362074 0.362089 0.362095 0.362097 0.362118 0.000000 0.000000
0.000000 0.000000 0.363979 0.363976 0.363967 0.363955 0.363934 0.363893 0.363892 0.363889 0.363889 0.363890 0.363891 0.363897 0.363935 0.363952 0.363958 0.363961 0.363974 0.000000 0.000000
0.000000 0.000000 0.365938 0.365932 0.365925 0.365912 0.365868 0.365854 0.365847 0.365844 0.365845 0.365846 0.365847 0.365852 0.365868 0.365907 0.365914 0.365921 0.365929 0.000000 0.000000
0.000000 0.000000 0.368032 0.368028 0.368013 0.367977 0.367952 0.367925 0.367911 0.367907 0.367902 0.367902 0.367907 0.367908 0.367931 0.367960 0.367999 0.367997 0.368003 0.000000 0.000000
0.000000 0.000000 0.370175 0.370170 0.370128 0.370117 0.370099 0.370083 0.370079 0.370078 0.370080 0.370079 0.370078 0.370090 0.370101 0.370114 0.370115 0.370154 0.370165 0.000000 0.000000
0.000000 0.000000 0.372531 0.372483 0.372444 0.372425 0.372392 0.372375 0.372370 0.372368 0.372363 0.372363 0.372367 0.372370 0.372384 0.372416 0.372433 0.372455 0.372504 0.000000 0.000000
0.000000 0.000000 0.374405 0.374391 0.374416 0.374392 0.374361 0.374309 0.374303 0.374297 0.374299 0.374299 0.374300 0.374309 0.374357 0.374386 0.374415 0.374372 0.374395 0.000000 0.000000
0.000000 0.000000 0.350000 0.350000 0.350000 0.350000 0.350000 0.350000 0.350000 0.350000 0.350000 0.350000 0.350000 0.350000 0.350000 0.350000 0.350000 0.350000 0.350000 0.000000 0.000000
0.000000 0.000000 0.000000 0.000000 0.000000 0.000000 0.000000 0.000000 0.000000 0.000000 0.000000 0.000000 0.000000 0.000000 0.000000 0.000000 0.000000 0.000000 0.000000 0.000000 0.000000