geotop/1.0zi/1.0Montebello/Templates/testdem/maps/_Eocclay2712.asc
ncols         21
nrows         20
xllcorner     100.000000
yllcorner     100.000000
cellsize      50.000000
NODATA_value  -9999.0
0.000000 0.000000 0.000000 0.000000 0.000000 0.000000 0.000000 0.000000 0.000000 0.000000 0.000000 0.000000 0.000000 0.000000 0.000000 0.000000 0.000000 0.000000 0.000000 0.000000 0.000000
0.000000 0.000000 0.349852 0.349852 0.349852 0.349852 0.349852 0.349852 0.349852 0.349852 0.349852 0.349852 0.349852 0.349852 0.349852 0.349852 0.349852 0.349852 0.349852 0.000000 0.000000
0.000000 0.000000 0.349990 0.349990 0.349989 0.349990 0.349990 0.349990 0.349990 0.349990 0.349990 0.349990 0.349990 0.349990 0.349990 0.349990 0.349989 0.349990 0.349990 0.000000 0.000000
0.000000 0.000000 0.350841 0.350840 0.350838 0.350839 0.350841 0.350840 0.350840 0.350841 0.350841 0.350841 0.350840 0.350840 0.350841 0.350839 0.350838 0.350840 0.350841 0.000000 0.000000
0.000000 0.000000 0.354744 0.354743 0.354741 0.354741 0.354745 0.354744 0.354744 0.354745 0.354745 0.354745 0.354744 0.354744 0.354745 0.354741 0.354741 0.354743 0.354744 0.000000 0.000000
0.000000 0.000000 0.359253 0.359252 0.359251 0.359251 0.359253 0.359253 0.359253 0.359254 0.359254 0.359254 0.359253 0.359253 0.359253 0.359251 0.359251 0.359252 0.359253 0.000000 0.000000
0.000000 0.000000 0.363535 0.363534 0.363533 0.363533 0.363535 0.363534 0.363534 0.363535 0.363535 0.363535 0.363534 0.363534 0.363535 0.363533 0.363533 0.363534 0.363535 0.000000 0.000000
0.000000 0.000000 0.367461 0.367461 0.367459 0.367460 0.367461 0.367461 0.367461 0.367462 0.367462 0.367462 0.367461 0.367461 0.367461 0.367460 0.367459 0.367461 0.367461 0.000000 0.000000
0.000000 0.000000 0.371116 0.371116 0.371115 0.371115 0.371117 0.371116 0.371116 0.371117 0.371117 0.371117 0.371116 0.371116 0.371117 0.371115 0.371115 0.371116 0.371116 0.000000 0.000000
0.000000 0.000000 0.374583 0.374583 0.374582 0.374582 0.374583 0.374583 0.374583 0.374584 0.374584 0.374584 0.374583 0.374583 0.374583 0.374582 0.374582 0.374583 0.374583 0.000000 0.000000
0.000000 0.000000 0.377903 0.377902 0.377901 0.377902 0.377903 0.377902 0.377902 0.377903 0.377903 0.377903 0.377902 0.377902 0.377903 0.377902 0.377901 0.377902 0.377903 0.000000 0.000000
0.000000 0.000000 0.381107 0.381106 0.381105 0.381106 0.381107 0.381106 0.381107 0.381107 0.381107 0.381107 0.381107 0.381106 0.381107 0.381106 0.381105 0.381106 0.381107 0.000000 0.000000
0.000000 0.000000 0.384219 0.384219 0.384218 0.384218 0.384219 0.384219 0.384219 0.384220 0.384220 0.384220 0.384219 0.384219 0.384219 0.384218 0.384218 0.384219 0.384219 0.000000 0.000000
0.000000 0.000000 0.387256 0.387255 0.387254 0.387255 0.387256 0.387255 0.387255 0.387256 0.387256 0.387256 0.387255 0.387255 0.387256 0.387255 0.387254 0.387255 0.387256 0.000000 0.000000
0.000000 0.000000 0.390224 0.390224 0.390223 0.390223 0.390224 0.390224 0.390224 0.390225 0.390225 0.390225 0.390224 0.390224 0.390224 0.390223 0.390223 0.390224 0.390224 0.000000 0.000000
0.000000 0.000000 0.393131 0.393131 0.393130 0.393130 0.393131 0.393131 0.393131 0.393131 0.393132 0.393131 0.393131 0.393131 0.393131 0.393130 0.393130 0.393131 0.393131 0.000000 0.000000
0.000000 0.000000 0.395980 0.395980 0.395979 0.395979 0.395980 0.395980 0.395980 0.395980 0.395981 0.395980 0.395980 0.395980 0.395980 0.395979 0.395979 0.395980 0.395980 0.000000 0.000000
0.000000 0.000000 0.398813 0.398813 0.398812 0.398812 0.398813 0.398813 0.398813 0.398813 0.398814 0.398813 0.398813 0.398813 0.398813 0.398812 0.398812 0.398813 0.398813 0.000000 0.000000
0.000000 0.000000 0.350000 0.350000 0.350000 0.350000 0.350000 0.350000 0.350000 0.350000 0.350000 0.350000 0.350000 0.350000 0.350000 0.350000 0.350000 0.350000 0.350000 0.000000 0.000000
0.000000 0.000000 0.000000 0.000000 0.000000 0.000000 0.000000 0.000000 0.000000 0.000000 0.000000 0.000000 0.000000 0.000000 0.000000 0.000000 0.000000 0.000000 0.000000 0.000000 0.000000