geotop/1.0zi/1.0Montebello/Templates/testdem/maps/_Eocsand2273.asc
ncols         21
nrows         20
xllcorner     100.000000
yllcorner     100.000000
cellsize      50.000000
NODATA_value  -9999.0
0.000000 0.000000 0.000000 0.000000 0.000000 0.000000 0.000000 0.000000 0.000000 0.000000 0.000000 0.000000 0.000000 0.000000 0.000000 0.000000 0.000000 0.000000 0.000000 0.000000 0.000000
0.000000 0.000000 0.300069 0.300069 0.300068 0.300069 0.300069 0.300069 0.300069 0.300069 0.300069 0.300069 0.300069 0.300069 0.300069 0.300069 0.300068 0.300069 0.300069 0.000000 0.000000
0.000000 0.000000 0.300011 0.300011 0.300011 0.300011 0.300011 0.300011 0.300011 0.300011 0.300011 0.300011 0.300011 0.300011 0.300011 0.300011 0.300011 0.300011 0.300011 0.000000 0.000000
0.000000 0.000000 0.298542 0.298543 0.298547 0.298545 0.298541 0.298542 0.298542 0.298542 0.298542 0.298542 0.298542 0.298542 0.298541 0.298545 0.298547 0.298543 0.298542 0.000000 0.000000
0.000000 0.000000 0.292397 0.292398 0.292402 0.292401 0.292395 0.292397 0.292397 0.292395 0.292394 0.292395 0.292397 0.292397 0.292395 0.292401 0.292402 0.292398 0.292397 0.000000 0.000000
0.000000 0.000000 0.284811 0.284812 0.284815 0.284815 0.284810 0.284811 0.284811 0.284809 0.284809 0.284809 0.284811 0.284811 0.284810 0.284815 0.284815 0.284812 0.284811 0.000000 0.000000
0.000000 0.000000 0.277739 0.277740 0.277742 0.277742 0.277738 0.277739 0.277739 0.277738 0.277737 0.277738 0.277739 0.277739 0.277738 0.277742 0.277742 0.277740 0.277739 0.000000 0.000000
0.000000 0.000000 0.271257 0.271258 0.271260 0.271260 0.271256 0.271257 0.271257 0.271256 0.271255 0.271256 0.271257 0.271257 0.271256 0.271260 0.271260 0.271258 0.271257 0.000000 0.000000
0.000000 0.000000 0.265206 0.265206 0.265209 0.265208 0.265205 0.265206 0.265206 0.265205 0.265204 0.265205 0.265206 0.265206 0.265205 0.265208 0.265209 0.265206 0.265206 0.000000 0.000000
0.000000 0.000000 0.259442 0.259443 0.259446 0.259445 0.259442 0.259443 0.259443 0.259442 0.259441 0.259442 0.259443 0.259443 0.259442 0.259445 0.259446 0.259443 0.259442 0.000000 0.000000
0.000000 0.000000 0.253900 0.253901 0.253903 0.253902 0.253900 0.253901 0.253901 0.253900 0.253899 0.253900 0.253901 0.253901 0.253900 0.253902 0.253903 0.253901 0.253900 0.000000 0.000000
0.000000 0.000000 0.248524 0.248524 0.248527 0.248526 0.248523 0.248524 0.248524 0.248523 0.248522 0.248523 0.248524 0.248524 0.248523 0.248526 0.248527 0.248524 0.248524 0.000000 0.000000
0.000000 0.000000 0.243278 0.243279 0.243281 0.243280 0.243278 0.243279 0.243278 0.243277 0.243277 0.243277 0.243278 0.243279 0.243278 0.243280 0.243281 0.243279 0.243278 0.000000 0.000000
0.000000 0.000000 0.238150 0.238151 0.238153 0.238152 0.238149 0.238150 0.238150 0.238149 0.238149 0.238149 0.238150 0.238150 0.238149 0.238152 0.238153 0.238151 0.238150 0.000000 0.000000
0.000000 0.000000 0.233116 0.233117 0.233119 0.233118 0.233116 0.233117 0.233117 0.233116 0.233115 0.233116 0.233117 0.233117 0.233116 0.233118 0.233119 0.233117 0.233116 0.000000 0.000000
0.000000 0.000000 0.228171 0.228171 0.228173 0.228172 0.228170 0.228171 0.228171 0.228170 0.228169 0.228170 0.228171 0.228171 0.228170 0.228172 0.228173 0.228171 0.228171 0.000000 0.000000
0.000000 0.000000 0.223307 0.223308 0.223310 0.223309 0.223307 0.223308 0.223308 0.223306 0.223306 0.223306 0.223308 0.223308 0.223307 0.223309 0.223310 0.223308 0.223307 0.000000 0.000000
0.000000 0.000000 0.218453 0.218453 0.218455 0.218454 0.218452 0.218453 0.218453 0.218452 0.218451 0.218452 0.218453 0.218453 0.218452 0.218454 0.218455 0.218453 0.218453 0.000000 0.000000
0.000000 0.000000 0.300000 0.300000 0.300000 0.300000 0.300000 0.300000 0.300000 0.300000 0.300000 0.300000 0.300000 0.300000 0.300000 0.300000 0.300000 0.300000 0.300000 0.000000 0.000000
0.000000 0.000000 0.000000 0.000000 0.000000 0.000000 0.000000 0.000000 0.000000 0.000000 0.000000 0.000000 0.000000 0.000000 0.000000 0.000000 0.000000 0.000000 0.000000 0.000000 0.000000