geotop/1.0zi/1.0Montebello/Templates/testdem/maps/_Eocsand3950.asc
ncols         21
nrows         20
xllcorner     100.000000
yllcorner     100.000000
cellsize      50.000000
NODATA_value  -9999.0
0.000000 0.000000 0.000000 0.000000 0.000000 0.000000 0.000000 0.000000 0.000000 0.000000 0.000000 0.000000 0.000000 0.000000 0.000000 0.000000 0.000000 0.000000 0.000000 0.000000 0.000000
0.000000 0.000000 0.300100 0.300099 0.300099 0.300099 0.300099 0.300099 0.300099 0.300099 0.300099 0.300099 0.300099 0.300099 0.300099 0.300099 0.300099 0.300099 0.300100 0.000000 0.000000
0.000000 0.000000 0.300005 0.300004 0.300004 0.300004 0.300004 0.300003 0.300003 0.300003 0.300004 0.300004 0.300003 0.300003 0.300004 0.300004 0.300006 0.300006 0.300005 0.000000 0.000000
0.000000 0.000000 0.299974 0.299973 0.299975 0.299979 0.299976 0.299979 0.299976 0.299977 0.299977 0.299978 0.299978 0.299980 0.299976 0.299973 0.299973 0.299971 0.299973 0.000000 0.000000
0.000000 0.000000 0.299290 0.299285 0.299289 0.299289 0.299298 0.299304 0.299305 0.299308 0.299307 0.299306 0.299306 0.299305 0.299298 0.299299 0.299299 0.299295 0.299290 0.000000 0.000000
0.000000 0.000000 0.297108 0.297105 0.297114 0.297128 0.297138 0.297161 0.297161 0.297171 0.297163 0.297161 0.297158 0.297155 0.297152 0.297140 0.297134 0.297130 0.297125 0.000000 0.000000
0.000000 0.000000 0.293887 0.293889 0.293897 0.293922 0.293953 0.293989 0.293988 0.293995 0.293987 0.293989 0.293988 0.293980 0.293949 0.293919 0.293911 0.293906 0.293896 0.000000 0.000000
0.000000 0.000000 0.290201 0.290203 0.290214 0.290245 0.290278 0.290315 0.290313 0.290319 0.290317 0.290319 0.290319 0.290312 0.290271 0.290240 0.290225 0.290223 0.290213 0.000000 0.000000
0.000000 0.000000 0.286508 0.286514 0.286530 0.286553 0.286586 0.286629 0.286627 0.286635 0.286633 0.286632 0.286631 0.286622 0.286585 0.286550 0.286538 0.286534 0.286520 0.000000 0.000000
0.000000 0.000000 0.282844 0.282850 0.282863 0.282888 0.282927 0.282965 0.282961 0.282967 0.282965 0.282965 0.282965 0.282960 0.282917 0.282883 0.282872 0.282868 0.282857 0.000000 0.000000
0.000000 0.000000 0.279151 0.279157 0.279170 0.279190 0.279221 0.279267 0.279263 0.279273 0.279271 0.279270 0.279269 0.279263 0.279226 0.279201 0.279185 0.279180 0.279168 0.000000 0.000000
0.000000 0.000000 0.275352 0.275358 0.275373 0.275402 0.275435 0.275479 0.275480 0.275487 0.275485 0.275486 0.275484 0.275478 0.275432 0.275401 0.275387 0.275384 0.275341 0.000000 0.000000
0.000000 0.000000 0.271525 0.271532 0.271548 0.271571 0.271609 0.271693 0.271693 0.271701 0.271700 0.271700 0.271700 0.271690 0.271615 0.271579 0.271565 0.271561 0.271534 0.000000 0.000000
0.000000 0.000000 0.267504 0.267516 0.267530 0.267554 0.267640 0.267668 0.267681 0.267688 0.267685 0.267685 0.267686 0.267678 0.267646 0.267566 0.267552 0.267537 0.267522 0.000000 0.000000
0.000000 0.000000 0.263199 0.263209 0.263238 0.263310 0.263357 0.263411 0.263437 0.263447 0.263457 0.263458 0.263450 0.263451 0.263405 0.263346 0.263265 0.263270 0.263258 0.000000 0.000000
0.000000 0.000000 0.258788 0.258798 0.258885 0.258906 0.258939 0.258970 0.258976 0.258980 0.258975 0.258977 0.258983 0.258961 0.258940 0.258912 0.258911 0.258829 0.258807 0.000000 0.000000
0.000000 0.000000 0.253930 0.254030 0.254111 0.254146 0.254209 0.254244 0.254252 0.254257 0.254267 0.254267 0.254262 0.254261 0.254232 0.254167 0.254131 0.254085 0.253984 0.000000 0.000000
0.000000 0.000000 0.250077 0.250106 0.250054 0.250100 0.250160 0.250265 0.250277 0.250289 0.250284 0.250286 0.250286 0.250272 0.250175 0.250115 0.250054 0.250144 0.250096 0.000000 0.000000
0.000000 0.000000 0.300000 0.300000 0.300000 0.300000 0.300000 0.300000 0.300000 0.300000 0.300000 0.300000 0.300000 0.300000 0.300000 0.300000 0.300000 0.300000 0.300000 0.000000 0.000000
0.000000 0.000000 0.000000 0.000000 0.000000 0.000000 0.000000 0.000000 0.000000 0.000000 0.000000 0.000000 0.000000 0.000000 0.000000 0.000000 0.000000 0.000000 0.000000 0.000000 0.000000