geotop/1.0zi/1.0Montebello/Templates/testdem/maps/_Eocclay3346.asc
ncols         21
nrows         20
xllcorner     100.000000
yllcorner     100.000000
cellsize      50.000000
NODATA_value  -9999.0
0.000000 0.000000 0.000000 0.000000 0.000000 0.000000 0.000000 0.000000 0.000000 0.000000 0.000000 0.000000 0.000000 0.000000 0.000000 0.000000 0.000000 0.000000 0.000000 0.000000 0.000000
0.000000 0.000000 0.349819 0.349819 0.349820 0.349819 0.349820 0.349819 0.349819 0.349820 0.349819 0.349820 0.349819 0.349819 0.349820 0.349819 0.349820 0.349819 0.349819 0.000000 0.000000
0.000000 0.000000 0.349995 0.349995 0.349995 0.349995 0.349995 0.349995 0.349995 0.349995 0.349996 0.349995 0.349995 0.349995 0.349995 0.349995 0.349995 0.349995 0.349995 0.000000 0.000000
0.000000 0.000000 0.351286 0.351286 0.351284 0.351285 0.351285 0.351286 0.351286 0.351286 0.351286 0.351286 0.351286 0.351286 0.351285 0.351285 0.351284 0.351286 0.351286 0.000000 0.000000
0.000000 0.000000 0.356453 0.356453 0.356451 0.356451 0.356455 0.356453 0.356453 0.356455 0.356455 0.356455 0.356453 0.356453 0.356455 0.356451 0.356451 0.356453 0.356453 0.000000 0.000000
0.000000 0.000000 0.362165 0.362164 0.362163 0.362163 0.362166 0.362164 0.362165 0.362165 0.362166 0.362165 0.362165 0.362164 0.362166 0.362163 0.362163 0.362164 0.362165 0.000000 0.000000
0.000000 0.000000 0.367512 0.367511 0.367510 0.367510 0.367512 0.367511 0.367511 0.367512 0.367513 0.367512 0.367511 0.367511 0.367512 0.367510 0.367510 0.367511 0.367512 0.000000 0.000000
0.000000 0.000000 0.372377 0.372377 0.372376 0.372376 0.372378 0.372377 0.372377 0.372378 0.372378 0.372378 0.372377 0.372377 0.372378 0.372376 0.372376 0.372377 0.372377 0.000000 0.000000
0.000000 0.000000 0.376875 0.376875 0.376873 0.376874 0.376876 0.376875 0.376875 0.376875 0.376876 0.376875 0.376875 0.376875 0.376876 0.376874 0.376873 0.376875 0.376875 0.000000 0.000000
0.000000 0.000000 0.381109 0.381109 0.381108 0.381108 0.381110 0.381109 0.381109 0.381110 0.381110 0.381110 0.381109 0.381109 0.381110 0.381108 0.381108 0.381109 0.381109 0.000000 0.000000
0.000000 0.000000 0.385133 0.385133 0.385132 0.385132 0.385133 0.385133 0.385133 0.385133 0.385134 0.385133 0.385133 0.385133 0.385133 0.385132 0.385132 0.385133 0.385133 0.000000 0.000000
0.000000 0.000000 0.388984 0.388984 0.388983 0.388983 0.388984 0.388984 0.388984 0.388984 0.388985 0.388984 0.388984 0.388984 0.388984 0.388983 0.388983 0.388984 0.388984 0.000000 0.000000
0.000000 0.000000 0.392691 0.392691 0.392690 0.392690 0.392692 0.392691 0.392691 0.392692 0.392692 0.392692 0.392691 0.392691 0.392692 0.392690 0.392690 0.392691 0.392691 0.000000 0.000000
0.000000 0.000000 0.396284 0.396284 0.396282 0.396283 0.396284 0.396284 0.396284 0.396284 0.396285 0.396284 0.396284 0.396284 0.396284 0.396283 0.396282 0.396284 0.396284 0.000000 0.000000
0.000000 0.000000 0.399772 0.399772 0.399771 0.399771 0.399772 0.399772 0.399772 0.399772 0.399773 0.399772 0.399772 0.399772 0.399772 0.399771 0.399771 0.399772 0.399772 0.000000 0.000000
0.000000 0.000000 0.403161 0.403161 0.403159 0.403160 0.403161 0.403161 0.403161 0.403161 0.403161 0.403161 0.403161 0.403161 0.403161 0.403160 0.403159 0.403161 0.403161 0.000000 0.000000
0.000000 0.000000 0.406462 0.406462 0.406461 0.406461 0.406462 0.406462 0.406462 0.406462 0.406463 0.406462 0.406462 0.406462 0.406462 0.406461 0.406461 0.406462 0.406462 0.000000 0.000000
0.000000 0.000000 0.409740 0.409740 0.409739 0.409739 0.409740 0.409740 0.409740 0.409740 0.409741 0.409740 0.409740 0.409740 0.409740 0.409739 0.409739 0.409740 0.409740 0.000000 0.000000
0.000000 0.000000 0.350000 0.350000 0.350000 0.350000 0.350000 0.350000 0.350000 0.350000 0.350000 0.350000 0.350000 0.350000 0.350000 0.350000 0.350000 0.350000 0.350000 0.000000 0.000000
0.000000 0.000000 0.000000 0.000000 0.000000 0.000000 0.000000 0.000000 0.000000 0.000000 0.000000 0.000000 0.000000 0.000000 0.000000 0.000000 0.000000 0.000000 0.000000 0.000000 0.000000