geotop/1.0zi/1.0Montebello/Templates/testdem/maps/_Eocsand060 .asc
ncols         21
nrows         20
xllcorner     100.000000
yllcorner     100.000000
cellsize      50.000000
NODATA_value  -9999.0
0.000000 0.000000 0.000000 0.000000 0.000000 0.000000 0.000000 0.000000 0.000000 0.000000 0.000000 0.000000 0.000000 0.000000 0.000000 0.000000 0.000000 0.000000 0.000000 0.000000 0.000000
0.000000 0.000000 0.300272 0.300269 0.300269 0.300270 0.300269 0.300269 0.300269 0.300269 0.300270 0.300270 0.300270 0.300270 0.300269 0.300269 0.300270 0.300270 0.300270 0.000000 0.000000
0.000000 0.000000 0.300012 0.300014 0.300014 0.300012 0.300014 0.300014 0.300013 0.300013 0.300014 0.300013 0.300013 0.300013 0.300013 0.300013 0.300014 0.300015 0.300015 0.000000 0.000000
0.000000 0.000000 0.299722 0.299717 0.299728 0.299736 0.299735 0.299741 0.299734 0.299736 0.299735 0.299734 0.299732 0.299734 0.299728 0.299722 0.299720 0.299717 0.299718 0.000000 0.000000
0.000000 0.000000 0.296274 0.296282 0.296299 0.296339 0.296371 0.296383 0.296382 0.296382 0.296385 0.296378 0.296372 0.296373 0.296350 0.296334 0.296314 0.296300 0.296287 0.000000 0.000000
0.000000 0.000000 0.287408 0.287422 0.287465 0.287541 0.287613 0.287677 0.287671 0.287679 0.287683 0.287681 0.287670 0.287676 0.287640 0.287579 0.287545 0.287520 0.287508 0.000000 0.000000
0.000000 0.000000 0.275349 0.275375 0.275412 0.275502 0.275594 0.275722 0.275717 0.275723 0.275736 0.275736 0.275738 0.275734 0.275634 0.275559 0.275509 0.275475 0.275460 0.000000 0.000000
0.000000 0.000000 0.260909 0.260942 0.260984 0.261102 0.261204 0.261324 0.261320 0.261330 0.261346 0.261352 0.261356 0.261338 0.261246 0.261161 0.261082 0.261063 0.261033 0.000000 0.000000
0.000000 0.000000 0.244736 0.244783 0.244850 0.244943 0.245062 0.245206 0.245191 0.245211 0.245234 0.245238 0.245232 0.245241 0.245107 0.245003 0.244941 0.244912 0.244886 0.000000 0.000000
0.000000 0.000000 0.226373 0.226438 0.226498 0.226602 0.226736 0.226891 0.226886 0.226898 0.226933 0.226920 0.226904 0.226912 0.226805 0.226667 0.226590 0.226557 0.226547 0.000000 0.000000
0.000000 0.000000 0.204809 0.204866 0.204921 0.205149 0.205212 0.205427 0.205379 0.205475 0.205471 0.205488 0.205526 0.205468 0.205341 0.205256 0.205145 0.205103 0.205010 0.000000 0.000000
0.000000 0.000000 0.178829 0.178954 0.179106 0.179211 0.179337 0.179615 0.179637 0.179625 0.179603 0.179683 0.179643 0.179676 0.179431 0.179282 0.179225 0.179184 0.179002 0.000000 0.000000
0.000000 0.000000 0.149289 0.149407 0.149445 0.149687 0.149840 0.150614 0.150633 0.150674 0.150975 0.150770 0.150772 0.150704 0.150146 0.150031 0.149733 0.149714 0.149710 0.000000 0.000000
0.000000 0.000000 0.114048 0.114100 0.114373 0.114510 0.115551 0.115038 0.115258 0.115249 0.115061 0.115248 0.115275 0.115412 0.115868 0.114723 0.114733 0.114459 0.114311 0.000000 0.000000
0.000000 0.000000 0.082163 0.082263 0.082389 0.083359 0.082852 0.083516 0.083617 0.083680 0.083935 0.083978 0.083876 0.083850 0.083281 0.083787 0.082532 0.082845 0.082912 0.000000 0.000000
0.000000 0.000000 0.061567 0.061615 0.062196 0.062060 0.062097 0.062172 0.061945 0.062012 0.061922 0.061949 0.062038 0.061910 0.061915 0.061888 0.062318 0.061527 0.061549 0.000000 0.000000
0.000000 0.000000 0.047107 0.047319 0.047537 0.047520 0.047654 0.047694 0.047643 0.047659 0.047671 0.047680 0.047690 0.047665 0.047643 0.047542 0.047618 0.047350 0.047161 0.000000 0.000000
0.000000 0.000000 0.037794 0.037920 0.037965 0.037979 0.038096 0.038173 0.038160 0.038177 0.038182 0.038187 0.038183 0.038176 0.038101 0.038022 0.038010 0.037960 0.037833 0.000000 0.000000
0.000000 0.000000 0.300000 0.300000 0.300000 0.300000 0.300000 0.300000 0.300000 0.300000 0.300000 0.300000 0.300000 0.300000 0.300000 0.300000 0.300000 0.300000 0.300000 0.000000 0.000000
0.000000 0.000000 0.000000 0.000000 0.000000 0.000000 0.000000 0.000000 0.000000 0.000000 0.000000 0.000000 0.000000 0.000000 0.000000 0.000000 0.000000 0.000000 0.000000 0.000000 0.000000