geotop/1.0zi/1.0Montebello/Templates/testdem/maps/_Eocclay5170.asc
ncols         21
nrows         20
xllcorner     100.000000
yllcorner     100.000000
cellsize      50.000000
NODATA_value  -9999.0
0.000000 0.000000 0.000000 0.000000 0.000000 0.000000 0.000000 0.000000 0.000000 0.000000 0.000000 0.000000 0.000000 0.000000 0.000000 0.000000 0.000000 0.000000 0.000000 0.000000 0.000000
0.000000 0.000000 0.349769 0.349769 0.349770 0.349770 0.349770 0.349770 0.349770 0.349770 0.349770 0.349770 0.349770 0.349769 0.349770 0.349770 0.349769 0.349769 0.349769 0.000000 0.000000
0.000000 0.000000 0.349991 0.349991 0.349991 0.349991 0.349990 0.349990 0.349991 0.349991 0.349990 0.349990 0.349991 0.349991 0.349991 0.349991 0.349991 0.349990 0.349990 0.000000 0.000000
0.000000 0.000000 0.349989 0.349991 0.349989 0.349989 0.349991 0.349991 0.349991 0.349990 0.349991 0.349990 0.349990 0.349989 0.349991 0.349993 0.349991 0.349992 0.349990 0.000000 0.000000
0.000000 0.000000 0.350382 0.350380 0.350380 0.350375 0.350367 0.350365 0.350366 0.350366 0.350364 0.350366 0.350363 0.350364 0.350368 0.350367 0.350372 0.350373 0.350376 0.000000 0.000000
0.000000 0.000000 0.351782 0.351786 0.351780 0.351764 0.351759 0.351745 0.351743 0.351739 0.351743 0.351743 0.351746 0.351747 0.351749 0.351759 0.351764 0.351774 0.351779 0.000000 0.000000
0.000000 0.000000 0.353852 0.353851 0.353848 0.353833 0.353816 0.353793 0.353793 0.353789 0.353791 0.353793 0.353794 0.353793 0.353810 0.353829 0.353838 0.353845 0.353852 0.000000 0.000000
0.000000 0.000000 0.356352 0.356351 0.356349 0.356332 0.356314 0.356290 0.356290 0.356287 0.356288 0.356288 0.356287 0.356291 0.356309 0.356324 0.356338 0.356343 0.356351 0.000000 0.000000
0.000000 0.000000 0.358876 0.358874 0.358867 0.358858 0.358840 0.358817 0.358819 0.358814 0.358812 0.358814 0.358814 0.358812 0.358834 0.358852 0.358863 0.358866 0.358874 0.000000 0.000000
0.000000 0.000000 0.361421 0.361415 0.361414 0.361406 0.361380 0.361360 0.361361 0.361358 0.361355 0.361359 0.361362 0.361359 0.361377 0.361398 0.361409 0.361412 0.361418 0.000000 0.000000
0.000000 0.000000 0.364039 0.364035 0.364035 0.364018 0.364000 0.363976 0.363982 0.363969 0.363971 0.363972 0.363969 0.363975 0.363989 0.364003 0.364014 0.364024 0.364035 0.000000 0.000000
0.000000 0.000000 0.366762 0.366757 0.366751 0.366737 0.366722 0.366694 0.366695 0.366689 0.366697 0.366690 0.366689 0.366691 0.366718 0.366730 0.366737 0.366744 0.366773 0.000000 0.000000
0.000000 0.000000 0.369539 0.369534 0.369533 0.369516 0.369503 0.369447 0.369446 0.369442 0.369431 0.369438 0.369442 0.369445 0.369487 0.369500 0.369518 0.369523 0.369544 0.000000 0.000000
0.000000 0.000000 0.372521 0.372517 0.372511 0.372501 0.372442 0.372431 0.372416 0.372418 0.372413 0.372416 0.372416 0.372411 0.372420 0.372477 0.372492 0.372509 0.372529 0.000000 0.000000
0.000000 0.000000 0.375767 0.375764 0.375752 0.375696 0.375676 0.375645 0.375620 0.375620 0.375610 0.375606 0.375609 0.375601 0.375628 0.375662 0.375735 0.375734 0.375743 0.000000 0.000000
0.000000 0.000000 0.379169 0.379164 0.379097 0.379079 0.379069 0.379050 0.379060 0.379055 0.379062 0.379053 0.379042 0.379054 0.379070 0.379086 0.379080 0.379170 0.379170 0.000000 0.000000
0.000000 0.000000 0.382996 0.382905 0.382866 0.382836 0.382788 0.382766 0.382760 0.382760 0.382745 0.382742 0.382744 0.382740 0.382769 0.382810 0.382853 0.382888 0.382974 0.000000 0.000000
0.000000 0.000000 0.385904 0.385894 0.385971 0.385944 0.385902 0.385817 0.385814 0.385797 0.385809 0.385806 0.385808 0.385808 0.385891 0.385922 0.385977 0.385899 0.385911 0.000000 0.000000
0.000000 0.000000 0.350000 0.350000 0.350000 0.350000 0.350000 0.350000 0.350000 0.350000 0.350000 0.350000 0.350000 0.350000 0.350000 0.350000 0.350000 0.350000 0.350000 0.000000 0.000000
0.000000 0.000000 0.000000 0.000000 0.000000 0.000000 0.000000 0.000000 0.000000 0.000000 0.000000 0.000000 0.000000 0.000000 0.000000 0.000000 0.000000 0.000000 0.000000 0.000000 0.000000