geotop/1.0zi/1.0Montebello/Templates/testdem/maps/_Eocsilt5423.asc
ncols         21
nrows         20
xllcorner     100.000000
yllcorner     100.000000
cellsize      50.000000
NODATA_value  -9999.0
0.000000 0.000000 0.000000 0.000000 0.000000 0.000000 0.000000 0.000000 0.000000 0.000000 0.000000 0.000000 0.000000 0.000000 0.000000 0.000000 0.000000 0.000000 0.000000 0.000000 0.000000
0.000000 0.000000 0.350108 0.350108 0.350108 0.350108 0.350108 0.350108 0.350108 0.350108 0.350108 0.350108 0.350108 0.350108 0.350108 0.350108 0.350108 0.350108 0.350108 0.000000 0.000000
0.000000 0.000000 0.350002 0.350002 0.350002 0.350003 0.350003 0.350003 0.350003 0.350003 0.350003 0.350003 0.350004 0.350003 0.350003 0.350003 0.350001 0.350001 0.350002 0.000000 0.000000
0.000000 0.000000 0.350038 0.350037 0.350037 0.350032 0.350033 0.350031 0.350033 0.350034 0.350033 0.350032 0.350033 0.350032 0.350033 0.350036 0.350036 0.350038 0.350037 0.000000 0.000000
0.000000 0.000000 0.350439 0.350442 0.350441 0.350437 0.350435 0.350430 0.350429 0.350427 0.350424 0.350427 0.350428 0.350428 0.350434 0.350436 0.350435 0.350444 0.350447 0.000000 0.000000
0.000000 0.000000 0.351769 0.351772 0.351769 0.351756 0.351747 0.351730 0.351728 0.351725 0.351729 0.351731 0.351732 0.351729 0.351734 0.351739 0.351747 0.351750 0.351754 0.000000 0.000000
0.000000 0.000000 0.353843 0.353841 0.353838 0.353821 0.353802 0.353780 0.353781 0.353779 0.353781 0.353782 0.353778 0.353781 0.353796 0.353812 0.353818 0.353827 0.353832 0.000000 0.000000
0.000000 0.000000 0.356368 0.356369 0.356371 0.356354 0.356335 0.356311 0.356312 0.356310 0.356310 0.356310 0.356308 0.356310 0.356327 0.356344 0.356359 0.356361 0.356369 0.000000 0.000000
0.000000 0.000000 0.359016 0.359012 0.359006 0.358996 0.358977 0.358949 0.358950 0.358946 0.358944 0.358945 0.358945 0.358943 0.358967 0.358985 0.358998 0.359003 0.359010 0.000000 0.000000
0.000000 0.000000 0.361652 0.361648 0.361647 0.361640 0.361614 0.361590 0.361592 0.361589 0.361586 0.361590 0.361592 0.361589 0.361607 0.361628 0.361641 0.361642 0.361647 0.000000 0.000000
0.000000 0.000000 0.364340 0.364338 0.364339 0.364320 0.364302 0.364276 0.364282 0.364270 0.364270 0.364272 0.364268 0.364274 0.364288 0.364302 0.364315 0.364323 0.364334 0.000000 0.000000
0.000000 0.000000 0.367148 0.367142 0.367136 0.367123 0.367108 0.367077 0.367078 0.367071 0.367079 0.367072 0.367073 0.367075 0.367101 0.367113 0.367122 0.367126 0.367155 0.000000 0.000000
0.000000 0.000000 0.370009 0.370003 0.370002 0.369988 0.369974 0.369914 0.369914 0.369908 0.369896 0.369903 0.369907 0.369911 0.369954 0.369965 0.369986 0.369988 0.370009 0.000000 0.000000
0.000000 0.000000 0.373088 0.373084 0.373078 0.373070 0.373014 0.372997 0.372983 0.372983 0.372977 0.372980 0.372981 0.372978 0.372985 0.373040 0.373059 0.373073 0.373094 0.000000 0.000000
0.000000 0.000000 0.376450 0.376448 0.376435 0.376379 0.376360 0.376325 0.376302 0.376299 0.376287 0.376281 0.376288 0.376282 0.376306 0.376334 0.376418 0.376411 0.376424 0.000000 0.000000
0.000000 0.000000 0.379990 0.379985 0.379914 0.379898 0.379893 0.379870 0.379881 0.379872 0.379877 0.379869 0.379861 0.379875 0.379888 0.379897 0.379897 0.379988 0.379991 0.000000 0.000000
0.000000 0.000000 0.383984 0.383888 0.383849 0.383820 0.383775 0.383750 0.383744 0.383741 0.383721 0.383717 0.383725 0.383722 0.383748 0.383782 0.383836 0.383867 0.383962 0.000000 0.000000
0.000000 0.000000 0.386992 0.386986 0.387068 0.387043 0.387008 0.386917 0.386913 0.386894 0.386904 0.386899 0.386905 0.386906 0.386989 0.387012 0.387078 0.386991 0.387003 0.000000 0.000000
0.000000 0.000000 0.350000 0.350000 0.350000 0.350000 0.350000 0.350000 0.350000 0.350000 0.350000 0.350000 0.350000 0.350000 0.350000 0.350000 0.350000 0.350000 0.350000 0.000000 0.000000
0.000000 0.000000 0.000000 0.000000 0.000000 0.000000 0.000000 0.000000 0.000000 0.000000 0.000000 0.000000 0.000000 0.000000 0.000000 0.000000 0.000000 0.000000 0.000000 0.000000 0.000000