geotop/1.0zi/1.0Montebello/Templates/testdem/maps/_Eocsilt6187.asc
ncols         21
nrows         20
xllcorner     100.000000
yllcorner     100.000000
cellsize      50.000000
NODATA_value  -9999.0
0.000000 0.000000 0.000000 0.000000 0.000000 0.000000 0.000000 0.000000 0.000000 0.000000 0.000000 0.000000 0.000000 0.000000 0.000000 0.000000 0.000000 0.000000 0.000000 0.000000 0.000000
0.000000 0.000000 0.350121 0.350121 0.350121 0.350121 0.350121 0.350121 0.350121 0.350121 0.350121 0.350121 0.350121 0.350121 0.350121 0.350121 0.350121 0.350121 0.350121 0.000000 0.000000
0.000000 0.000000 0.350002 0.350002 0.350002 0.350003 0.350003 0.350003 0.350003 0.350003 0.350003 0.350003 0.350004 0.350004 0.350003 0.350002 0.350001 0.350001 0.350002 0.000000 0.000000
0.000000 0.000000 0.350047 0.350046 0.350045 0.350040 0.350041 0.350039 0.350041 0.350042 0.350040 0.350040 0.350040 0.350039 0.350042 0.350045 0.350046 0.350048 0.350047 0.000000 0.000000
0.000000 0.000000 0.350550 0.350553 0.350552 0.350548 0.350545 0.350540 0.350539 0.350536 0.350535 0.350536 0.350539 0.350539 0.350544 0.350547 0.350546 0.350555 0.350559 0.000000 0.000000
0.000000 0.000000 0.352147 0.352150 0.352144 0.352129 0.352118 0.352101 0.352099 0.352095 0.352100 0.352102 0.352103 0.352100 0.352106 0.352113 0.352122 0.352126 0.352131 0.000000 0.000000
0.000000 0.000000 0.354609 0.354607 0.354600 0.354581 0.354559 0.354535 0.354536 0.354533 0.354535 0.354535 0.354531 0.354535 0.354554 0.354574 0.354584 0.354594 0.354601 0.000000 0.000000
0.000000 0.000000 0.357632 0.357632 0.357631 0.357612 0.357590 0.357563 0.357563 0.357560 0.357560 0.357559 0.357557 0.357561 0.357583 0.357604 0.357621 0.357624 0.357634 0.000000 0.000000
0.000000 0.000000 0.360813 0.360807 0.360799 0.360786 0.360765 0.360734 0.360735 0.360729 0.360727 0.360728 0.360728 0.360726 0.360755 0.360778 0.360793 0.360799 0.360808 0.000000 0.000000
0.000000 0.000000 0.364029 0.364024 0.364020 0.364011 0.363981 0.363953 0.363955 0.363951 0.363947 0.363951 0.363954 0.363951 0.363974 0.364000 0.364015 0.364018 0.364025 0.000000 0.000000
0.000000 0.000000 0.367349 0.367346 0.367344 0.367321 0.367300 0.367270 0.367276 0.367262 0.367262 0.367263 0.367259 0.367267 0.367287 0.367304 0.367320 0.367330 0.367344 0.000000 0.000000
0.000000 0.000000 0.370863 0.370855 0.370845 0.370829 0.370810 0.370774 0.370775 0.370767 0.370775 0.370766 0.370768 0.370771 0.370805 0.370821 0.370833 0.370839 0.370873 0.000000 0.000000
0.000000 0.000000 0.374491 0.374484 0.374481 0.374462 0.374445 0.374369 0.374369 0.374363 0.374346 0.374355 0.374360 0.374366 0.374423 0.374438 0.374466 0.374468 0.374493 0.000000 0.000000
0.000000 0.000000 0.378466 0.378461 0.378450 0.378439 0.378363 0.378346 0.378329 0.378328 0.378323 0.378325 0.378325 0.378323 0.378332 0.378408 0.378431 0.378450 0.378475 0.000000 0.000000
0.000000 0.000000 0.382880 0.382874 0.382857 0.382776 0.382754 0.382709 0.382681 0.382676 0.382661 0.382651 0.382661 0.382655 0.382692 0.382725 0.382839 0.382829 0.382844 0.000000 0.000000
0.000000 0.000000 0.387589 0.387584 0.387475 0.387462 0.387456 0.387429 0.387452 0.387440 0.387450 0.387439 0.387426 0.387448 0.387466 0.387476 0.387460 0.387599 0.387603 0.000000 0.000000
0.000000 0.000000 0.393053 0.392901 0.392860 0.392817 0.392746 0.392711 0.392695 0.392694 0.392660 0.392657 0.392672 0.392665 0.392707 0.392761 0.392850 0.392867 0.393022 0.000000 0.000000
0.000000 0.000000 0.396882 0.396907 0.397045 0.397012 0.396964 0.396826 0.396824 0.396792 0.396818 0.396809 0.396817 0.396822 0.396948 0.396984 0.397067 0.396927 0.396912 0.000000 0.000000
0.000000 0.000000 0.350000 0.350000 0.350000 0.350000 0.350000 0.350000 0.350000 0.350000 0.350000 0.350000 0.350000 0.350000 0.350000 0.350000 0.350000 0.350000 0.350000 0.000000 0.000000
0.000000 0.000000 0.000000 0.000000 0.000000 0.000000 0.000000 0.000000 0.000000 0.000000 0.000000 0.000000 0.000000 0.000000 0.000000 0.000000 0.000000 0.000000 0.000000 0.000000 0.000000