geotop/1.0zi/1.0Montebello/Templates/testdem/maps/_Eocsand3281.asc
ncols         21
nrows         20
xllcorner     100.000000
yllcorner     100.000000
cellsize      50.000000
NODATA_value  -9999.0
0.000000 0.000000 0.000000 0.000000 0.000000 0.000000 0.000000 0.000000 0.000000 0.000000 0.000000 0.000000 0.000000 0.000000 0.000000 0.000000 0.000000 0.000000 0.000000 0.000000 0.000000
0.000000 0.000000 0.300089 0.300089 0.300089 0.300090 0.300089 0.300089 0.300089 0.300089 0.300091 0.300089 0.300089 0.300089 0.300089 0.300090 0.300089 0.300089 0.300089 0.000000 0.000000
0.000000 0.000000 0.300011 0.300011 0.300011 0.300011 0.300011 0.300011 0.300011 0.300011 0.300009 0.300011 0.300011 0.300011 0.300011 0.300011 0.300011 0.300011 0.300011 0.000000 0.000000
0.000000 0.000000 0.297431 0.297432 0.297437 0.297435 0.297431 0.297432 0.297432 0.297431 0.297431 0.297431 0.297432 0.297432 0.297431 0.297435 0.297437 0.297432 0.297431 0.000000 0.000000
0.000000 0.000000 0.287721 0.287722 0.287725 0.287725 0.287719 0.287721 0.287721 0.287718 0.287718 0.287718 0.287721 0.287721 0.287719 0.287725 0.287725 0.287722 0.287721 0.000000 0.000000
0.000000 0.000000 0.276424 0.276425 0.276428 0.276428 0.276422 0.276424 0.276424 0.276422 0.276421 0.276422 0.276424 0.276424 0.276422 0.276428 0.276428 0.276425 0.276424 0.000000 0.000000
0.000000 0.000000 0.266019 0.266020 0.266023 0.266023 0.266018 0.266020 0.266020 0.266019 0.266017 0.266019 0.266020 0.266020 0.266018 0.266023 0.266023 0.266020 0.266019 0.000000 0.000000
0.000000 0.000000 0.256580 0.256581 0.256584 0.256583 0.256579 0.256581 0.256581 0.256579 0.256578 0.256579 0.256581 0.256581 0.256579 0.256583 0.256584 0.256581 0.256580 0.000000 0.000000
0.000000 0.000000 0.247857 0.247857 0.247860 0.247859 0.247856 0.247857 0.247857 0.247856 0.247855 0.247856 0.247857 0.247857 0.247856 0.247859 0.247860 0.247857 0.247857 0.000000 0.000000
0.000000 0.000000 0.239643 0.239644 0.239646 0.239646 0.239643 0.239644 0.239644 0.239643 0.239642 0.239643 0.239644 0.239644 0.239643 0.239646 0.239646 0.239644 0.239643 0.000000 0.000000
0.000000 0.000000 0.231838 0.231839 0.231841 0.231840 0.231837 0.231839 0.231839 0.231838 0.231837 0.231838 0.231839 0.231839 0.231837 0.231840 0.231841 0.231839 0.231838 0.000000 0.000000
0.000000 0.000000 0.224366 0.224367 0.224369 0.224368 0.224366 0.224367 0.224367 0.224366 0.224365 0.224366 0.224367 0.224367 0.224366 0.224368 0.224369 0.224367 0.224366 0.000000 0.000000
0.000000 0.000000 0.217176 0.217177 0.217179 0.217178 0.217176 0.217177 0.217177 0.217176 0.217175 0.217176 0.217177 0.217177 0.217176 0.217178 0.217179 0.217177 0.217176 0.000000 0.000000
0.000000 0.000000 0.210208 0.210209 0.210211 0.210210 0.210207 0.210209 0.210208 0.210207 0.210207 0.210207 0.210208 0.210209 0.210207 0.210210 0.210211 0.210209 0.210208 0.000000 0.000000
0.000000 0.000000 0.203444 0.203445 0.203447 0.203446 0.203444 0.203445 0.203445 0.203444 0.203443 0.203444 0.203445 0.203445 0.203444 0.203446 0.203447 0.203445 0.203444 0.000000 0.000000
0.000000 0.000000 0.196872 0.196872 0.196875 0.196874 0.196871 0.196872 0.196872 0.196871 0.196871 0.196871 0.196872 0.196872 0.196871 0.196874 0.196875 0.196872 0.196872 0.000000 0.000000
0.000000 0.000000 0.190472 0.190472 0.190474 0.190473 0.190471 0.190472 0.190472 0.190471 0.190470 0.190471 0.190472 0.190472 0.190471 0.190473 0.190474 0.190472 0.190472 0.000000 0.000000
0.000000 0.000000 0.184123 0.184122 0.184124 0.184124 0.184121 0.184122 0.184122 0.184121 0.184121 0.184121 0.184122 0.184122 0.184121 0.184124 0.184124 0.184122 0.184122 0.000000 0.000000
0.000000 0.000000 0.300000 0.300000 0.300000 0.300000 0.300000 0.300000 0.300000 0.300000 0.300000 0.300000 0.300000 0.300000 0.300000 0.300000 0.300000 0.300000 0.300000 0.000000 0.000000
0.000000 0.000000 0.000000 0.000000 0.000000 0.000000 0.000000 0.000000 0.000000 0.000000 0.000000 0.000000 0.000000 0.000000 0.000000 0.000000 0.000000 0.000000 0.000000 0.000000 0.000000