geotop/1.0zi/1.0Montebello/Templates/testdem/maps/_Eocsilt0893.asc
ncols         21
nrows         20
xllcorner     100.000000
yllcorner     100.000000
cellsize      50.000000
NODATA_value  -9999.0
0.000000 0.000000 0.000000 0.000000 0.000000 0.000000 0.000000 0.000000 0.000000 0.000000 0.000000 0.000000 0.000000 0.000000 0.000000 0.000000 0.000000 0.000000 0.000000 0.000000 0.000000
0.000000 0.000000 0.350018 0.350018 0.350018 0.350018 0.350018 0.350018 0.350018 0.350018 0.350018 0.350018 0.350018 0.350018 0.350018 0.350018 0.350018 0.350018 0.350018 0.000000 0.000000
0.000000 0.000000 0.349999 0.349999 0.349999 0.349999 0.349999 0.349999 0.349999 0.349999 0.349999 0.349999 0.349999 0.349999 0.349999 0.349999 0.349999 0.349999 0.349999 0.000000 0.000000
0.000000 0.000000 0.350388 0.350387 0.350385 0.350386 0.350388 0.350388 0.350387 0.350388 0.350388 0.350388 0.350387 0.350388 0.350388 0.350386 0.350385 0.350387 0.350388 0.000000 0.000000
0.000000 0.000000 0.351693 0.351693 0.351691 0.351690 0.351693 0.351693 0.351693 0.351693 0.351693 0.351693 0.351693 0.351693 0.351693 0.351690 0.351691 0.351693 0.351693 0.000000 0.000000
0.000000 0.000000 0.353264 0.353264 0.353262 0.353262 0.353265 0.353264 0.353264 0.353264 0.353264 0.353264 0.353264 0.353264 0.353265 0.353262 0.353262 0.353264 0.353264 0.000000 0.000000
0.000000 0.000000 0.354702 0.354701 0.354700 0.354700 0.354702 0.354702 0.354702 0.354702 0.354702 0.354702 0.354702 0.354702 0.354702 0.354700 0.354700 0.354701 0.354702 0.000000 0.000000
0.000000 0.000000 0.356019 0.356018 0.356017 0.356017 0.356019 0.356019 0.356019 0.356019 0.356019 0.356019 0.356019 0.356019 0.356019 0.356017 0.356017 0.356018 0.356019 0.000000 0.000000
0.000000 0.000000 0.357251 0.357251 0.357249 0.357250 0.357251 0.357251 0.357251 0.357251 0.357251 0.357251 0.357251 0.357251 0.357251 0.357250 0.357249 0.357251 0.357251 0.000000 0.000000
0.000000 0.000000 0.358433 0.358432 0.358431 0.358431 0.358433 0.358433 0.358433 0.358433 0.358433 0.358433 0.358433 0.358433 0.358433 0.358431 0.358431 0.358432 0.358433 0.000000 0.000000
0.000000 0.000000 0.359574 0.359574 0.359573 0.359573 0.359574 0.359574 0.359574 0.359574 0.359574 0.359574 0.359574 0.359574 0.359574 0.359573 0.359573 0.359574 0.359574 0.000000 0.000000
0.000000 0.000000 0.360690 0.360690 0.360688 0.360689 0.360690 0.360690 0.360690 0.360690 0.360690 0.360690 0.360690 0.360690 0.360690 0.360689 0.360688 0.360690 0.360690 0.000000 0.000000
0.000000 0.000000 0.361787 0.361787 0.361785 0.361786 0.361787 0.361787 0.361787 0.361787 0.361787 0.361787 0.361787 0.361787 0.361787 0.361786 0.361785 0.361787 0.361787 0.000000 0.000000
0.000000 0.000000 0.362865 0.362865 0.362863 0.362864 0.362865 0.362865 0.362865 0.362865 0.362865 0.362865 0.362865 0.362865 0.362865 0.362864 0.362863 0.362865 0.362865 0.000000 0.000000
0.000000 0.000000 0.363931 0.363931 0.363929 0.363930 0.363931 0.363931 0.363931 0.363931 0.363931 0.363931 0.363931 0.363931 0.363931 0.363930 0.363929 0.363931 0.363931 0.000000 0.000000
0.000000 0.000000 0.364990 0.364989 0.364988 0.364988 0.364990 0.364990 0.364990 0.364990 0.364990 0.364990 0.364990 0.364990 0.364990 0.364988 0.364988 0.364989 0.364990 0.000000 0.000000
0.000000 0.000000 0.366039 0.366038 0.366037 0.366037 0.366039 0.366039 0.366039 0.366039 0.366039 0.366039 0.366039 0.366039 0.366039 0.366037 0.366037 0.366038 0.366039 0.000000 0.000000
0.000000 0.000000 0.367115 0.367115 0.367113 0.367114 0.367115 0.367115 0.367115 0.367115 0.367115 0.367115 0.367115 0.367115 0.367115 0.367114 0.367113 0.367115 0.367115 0.000000 0.000000
0.000000 0.000000 0.350000 0.350000 0.350000 0.350000 0.350000 0.350000 0.350000 0.350000 0.350000 0.350000 0.350000 0.350000 0.350000 0.350000 0.350000 0.350000 0.350000 0.000000 0.000000
0.000000 0.000000 0.000000 0.000000 0.000000 0.000000 0.000000 0.000000 0.000000 0.000000 0.000000 0.000000 0.000000 0.000000 0.000000 0.000000 0.000000 0.000000 0.000000 0.000000 0.000000