geotop/1.0zi/1.0Montebello/Templates/testdem/maps/_Eocsilt2412.asc
ncols         21
nrows         20
xllcorner     100.000000
yllcorner     100.000000
cellsize      50.000000
NODATA_value  -9999.0
0.000000 0.000000 0.000000 0.000000 0.000000 0.000000 0.000000 0.000000 0.000000 0.000000 0.000000 0.000000 0.000000 0.000000 0.000000 0.000000 0.000000 0.000000 0.000000 0.000000 0.000000
0.000000 0.000000 0.350058 0.350058 0.350058 0.350058 0.350058 0.350058 0.350058 0.350058 0.350057 0.350058 0.350058 0.350058 0.350058 0.350058 0.350058 0.350058 0.350058 0.000000 0.000000
0.000000 0.000000 0.349998 0.349998 0.349998 0.349998 0.349998 0.349998 0.349998 0.349998 0.349999 0.349998 0.349998 0.349998 0.349998 0.349998 0.349998 0.349998 0.349998 0.000000 0.000000
0.000000 0.000000 0.350792 0.350791 0.350789 0.350790 0.350792 0.350792 0.350792 0.350792 0.350792 0.350792 0.350792 0.350792 0.350792 0.350790 0.350789 0.350791 0.350792 0.000000 0.000000
0.000000 0.000000 0.353887 0.353886 0.353884 0.353885 0.353887 0.353886 0.353886 0.353888 0.353888 0.353888 0.353886 0.353886 0.353887 0.353885 0.353884 0.353886 0.353887 0.000000 0.000000
0.000000 0.000000 0.357932 0.357931 0.357930 0.357930 0.357932 0.357931 0.357931 0.357932 0.357933 0.357932 0.357931 0.357931 0.357932 0.357930 0.357930 0.357931 0.357932 0.000000 0.000000
0.000000 0.000000 0.361644 0.361644 0.361642 0.361643 0.361645 0.361644 0.361644 0.361645 0.361645 0.361645 0.361644 0.361644 0.361645 0.361643 0.361642 0.361644 0.361644 0.000000 0.000000
0.000000 0.000000 0.365038 0.365037 0.365036 0.365037 0.365038 0.365038 0.365038 0.365038 0.365039 0.365038 0.365038 0.365038 0.365038 0.365037 0.365036 0.365037 0.365038 0.000000 0.000000
0.000000 0.000000 0.368203 0.368202 0.368201 0.368202 0.368203 0.368203 0.368203 0.368203 0.368204 0.368203 0.368203 0.368203 0.368203 0.368202 0.368201 0.368202 0.368203 0.000000 0.000000
0.000000 0.000000 0.371212 0.371211 0.371210 0.371211 0.371212 0.371212 0.371212 0.371212 0.371212 0.371212 0.371212 0.371212 0.371212 0.371211 0.371210 0.371211 0.371212 0.000000 0.000000
0.000000 0.000000 0.374100 0.374100 0.374099 0.374099 0.374100 0.374100 0.374100 0.374101 0.374101 0.374101 0.374100 0.374100 0.374100 0.374099 0.374099 0.374100 0.374100 0.000000 0.000000
0.000000 0.000000 0.376895 0.376895 0.376894 0.376894 0.376895 0.376895 0.376895 0.376895 0.376896 0.376895 0.376895 0.376895 0.376895 0.376894 0.376894 0.376895 0.376895 0.000000 0.000000
0.000000 0.000000 0.379617 0.379617 0.379615 0.379616 0.379617 0.379617 0.379617 0.379617 0.379617 0.379617 0.379617 0.379617 0.379617 0.379616 0.379615 0.379617 0.379617 0.000000 0.000000
0.000000 0.000000 0.382278 0.382277 0.382276 0.382277 0.382278 0.382277 0.382278 0.382278 0.382278 0.382278 0.382278 0.382277 0.382278 0.382277 0.382276 0.382277 0.382278 0.000000 0.000000
0.000000 0.000000 0.384887 0.384887 0.384886 0.384886 0.384887 0.384887 0.384887 0.384887 0.384888 0.384887 0.384887 0.384887 0.384887 0.384886 0.384886 0.384887 0.384887 0.000000 0.000000
0.000000 0.000000 0.387448 0.387448 0.387447 0.387447 0.387448 0.387448 0.387448 0.387448 0.387449 0.387448 0.387448 0.387448 0.387448 0.387447 0.387447 0.387448 0.387448 0.000000 0.000000
0.000000 0.000000 0.389963 0.389962 0.389961 0.389962 0.389963 0.389962 0.389962 0.389963 0.389963 0.389963 0.389962 0.389962 0.389963 0.389962 0.389961 0.389962 0.389963 0.000000 0.000000
0.000000 0.000000 0.392465 0.392465 0.392464 0.392465 0.392466 0.392465 0.392465 0.392466 0.392466 0.392466 0.392465 0.392465 0.392466 0.392465 0.392464 0.392465 0.392465 0.000000 0.000000
0.000000 0.000000 0.350000 0.350000 0.350000 0.350000 0.350000 0.350000 0.350000 0.350000 0.350000 0.350000 0.350000 0.350000 0.350000 0.350000 0.350000 0.350000 0.350000 0.000000 0.000000
0.000000 0.000000 0.000000 0.000000 0.000000 0.000000 0.000000 0.000000 0.000000 0.000000 0.000000 0.000000 0.000000 0.000000 0.000000 0.000000 0.000000 0.000000 0.000000 0.000000 0.000000