geotop/1.0zi/1.0Montebello/Templates/testdem/maps/_Eocsand8602.asc
ncols         21
nrows         20
xllcorner     100.000000
yllcorner     100.000000
cellsize      50.000000
NODATA_value  -9999.0
0.000000 0.000000 0.000000 0.000000 0.000000 0.000000 0.000000 0.000000 0.000000 0.000000 0.000000 0.000000 0.000000 0.000000 0.000000 0.000000 0.000000 0.000000 0.000000 0.000000 0.000000
0.000000 0.000000 0.300215 0.300213 0.300213 0.300213 0.300212 0.300212 0.300212 0.300212 0.300213 0.300212 0.300212 0.300213 0.300212 0.300212 0.300214 0.300214 0.300214 0.000000 0.000000
0.000000 0.000000 0.300011 0.300013 0.300012 0.300011 0.300012 0.300013 0.300012 0.300012 0.300012 0.300013 0.300012 0.300012 0.300012 0.300012 0.300013 0.300013 0.300014 0.000000 0.000000
0.000000 0.000000 0.299893 0.299892 0.299898 0.299906 0.299902 0.299910 0.299905 0.299907 0.299907 0.299907 0.299908 0.299909 0.299903 0.299898 0.299896 0.299892 0.299893 0.000000 0.000000
0.000000 0.000000 0.297862 0.297863 0.297877 0.297894 0.297921 0.297929 0.297933 0.297935 0.297936 0.297932 0.297930 0.297929 0.297907 0.297901 0.297888 0.297876 0.297864 0.000000 0.000000
0.000000 0.000000 0.291853 0.291858 0.291885 0.291935 0.291974 0.292020 0.292020 0.292034 0.292024 0.292024 0.292015 0.292018 0.291992 0.291959 0.291930 0.291909 0.291897 0.000000 0.000000
0.000000 0.000000 0.283420 0.283434 0.283454 0.283509 0.283580 0.283659 0.283659 0.283668 0.283666 0.283664 0.283666 0.283661 0.283592 0.283534 0.283498 0.283470 0.283454 0.000000 0.000000
0.000000 0.000000 0.273433 0.273444 0.273460 0.273524 0.273589 0.273676 0.273676 0.273688 0.273688 0.273692 0.273697 0.273680 0.273606 0.273551 0.273494 0.273480 0.273453 0.000000 0.000000
0.000000 0.000000 0.262678 0.262702 0.262732 0.262774 0.262849 0.262942 0.262936 0.262956 0.262961 0.262964 0.262961 0.262964 0.262872 0.262800 0.262756 0.262734 0.262711 0.000000 0.000000
0.000000 0.000000 0.251194 0.251220 0.251238 0.251279 0.251386 0.251470 0.251469 0.251480 0.251493 0.251483 0.251471 0.251476 0.251399 0.251313 0.251261 0.251242 0.251227 0.000000 0.000000
0.000000 0.000000 0.238586 0.238601 0.238621 0.238719 0.238789 0.238896 0.238868 0.238929 0.238916 0.238921 0.238940 0.238905 0.238828 0.238777 0.238707 0.238672 0.238624 0.000000 0.000000
0.000000 0.000000 0.224428 0.224475 0.224518 0.224571 0.224664 0.224788 0.224801 0.224811 0.224783 0.224828 0.224808 0.224807 0.224670 0.224599 0.224555 0.224527 0.224414 0.000000 0.000000
0.000000 0.000000 0.208943 0.208990 0.208995 0.209094 0.209166 0.209518 0.209525 0.209541 0.209640 0.209580 0.209565 0.209533 0.209262 0.209197 0.209060 0.209050 0.208997 0.000000 0.000000
0.000000 0.000000 0.190505 0.190519 0.190595 0.190659 0.191118 0.191059 0.191150 0.191149 0.191110 0.191147 0.191155 0.191189 0.191245 0.190763 0.190703 0.190576 0.190492 0.000000 0.000000
0.000000 0.000000 0.168583 0.168634 0.168727 0.169322 0.169235 0.169540 0.169665 0.169695 0.169802 0.169864 0.169797 0.169808 0.169509 0.169572 0.168785 0.168921 0.168916 0.000000 0.000000
0.000000 0.000000 0.144753 0.144796 0.145650 0.145362 0.145449 0.145500 0.145163 0.145265 0.145082 0.145133 0.145279 0.145069 0.145077 0.145017 0.145727 0.144466 0.144485 0.000000 0.000000
0.000000 0.000000 0.115982 0.117265 0.116913 0.117435 0.118077 0.118273 0.118658 0.118569 0.118968 0.118922 0.118690 0.118929 0.118588 0.118115 0.116959 0.117783 0.116449 0.000000 0.000000
0.000000 0.000000 0.107100 0.105924 0.104935 0.104922 0.104847 0.105819 0.105635 0.105925 0.105435 0.105531 0.105613 0.105447 0.104642 0.104699 0.104752 0.105492 0.106653 0.000000 0.000000
0.000000 0.000000 0.300000 0.300000 0.300000 0.300000 0.300000 0.300000 0.300000 0.300000 0.300000 0.300000 0.300000 0.300000 0.300000 0.300000 0.300000 0.300000 0.300000 0.000000 0.000000
0.000000 0.000000 0.000000 0.000000 0.000000 0.000000 0.000000 0.000000 0.000000 0.000000 0.000000 0.000000 0.000000 0.000000 0.000000 0.000000 0.000000 0.000000 0.000000 0.000000 0.000000