geotop/1.0zi/1.0Montebello/Templates/testdem/maps/_Eocsand079r.asc
ncols         21
nrows         20
xllcorner     100.000000
yllcorner     100.000000
cellsize      50.000000
NODATA_value  -9999.0
0.000000 0.000000 0.000000 0.000000 0.000000 0.000000 0.000000 0.000000 0.000000 0.000000 0.000000 0.000000 0.000000 0.000000 0.000000 0.000000 0.000000 0.000000 0.000000 0.000000 0.000000
0.000000 0.000000 0.300274 0.300272 0.300272 0.300273 0.300272 0.300271 0.300272 0.300272 0.300273 0.300272 0.300272 0.300272 0.300272 0.300272 0.300273 0.300272 0.300272 0.000000 0.000000
0.000000 0.000000 0.300012 0.300014 0.300014 0.300012 0.300014 0.300014 0.300013 0.300014 0.300014 0.300014 0.300013 0.300013 0.300013 0.300013 0.300014 0.300015 0.300015 0.000000 0.000000
0.000000 0.000000 0.299719 0.299714 0.299724 0.299733 0.299733 0.299738 0.299732 0.299734 0.299733 0.299731 0.299730 0.299732 0.299726 0.299718 0.299715 0.299713 0.299714 0.000000 0.000000
0.000000 0.000000 0.296112 0.296121 0.296139 0.296181 0.296212 0.296226 0.296223 0.296223 0.296227 0.296220 0.296214 0.296215 0.296191 0.296175 0.296154 0.296140 0.296127 0.000000 0.000000
0.000000 0.000000 0.286959 0.286973 0.287017 0.287096 0.287168 0.287233 0.287227 0.287235 0.287239 0.287238 0.287227 0.287233 0.287195 0.287133 0.287098 0.287072 0.287059 0.000000 0.000000
0.000000 0.000000 0.274540 0.274568 0.274605 0.274699 0.274791 0.274922 0.274917 0.274924 0.274937 0.274937 0.274939 0.274935 0.274832 0.274755 0.274704 0.274669 0.274654 0.000000 0.000000
0.000000 0.000000 0.259638 0.259672 0.259715 0.259837 0.259940 0.260063 0.260060 0.260070 0.260086 0.260093 0.260097 0.260079 0.259983 0.259896 0.259814 0.259795 0.259764 0.000000 0.000000
0.000000 0.000000 0.242861 0.242909 0.242977 0.243075 0.243196 0.243345 0.243329 0.243350 0.243374 0.243379 0.243372 0.243382 0.243243 0.243135 0.243070 0.243040 0.243013 0.000000 0.000000
0.000000 0.000000 0.223689 0.223758 0.223820 0.223928 0.224067 0.224227 0.224224 0.224234 0.224271 0.224258 0.224241 0.224249 0.224138 0.223994 0.223913 0.223879 0.223868 0.000000 0.000000
0.000000 0.000000 0.201016 0.201075 0.201133 0.201374 0.201437 0.201662 0.201612 0.201713 0.201708 0.201728 0.201769 0.201707 0.201573 0.201484 0.201366 0.201322 0.201225 0.000000 0.000000
0.000000 0.000000 0.173535 0.173668 0.173831 0.173938 0.174071 0.174362 0.174389 0.174371 0.174348 0.174434 0.174389 0.174428 0.174167 0.174008 0.173948 0.173905 0.173714 0.000000 0.000000
0.000000 0.000000 0.142389 0.142511 0.142546 0.142804 0.142963 0.143780 0.143800 0.143844 0.144168 0.143946 0.143951 0.143876 0.143285 0.143166 0.142847 0.142828 0.142833 0.000000 0.000000
0.000000 0.000000 0.106142 0.106192 0.106470 0.106603 0.107662 0.107110 0.107334 0.107323 0.107118 0.107319 0.107347 0.107489 0.107973 0.106803 0.106824 0.106545 0.106394 0.000000 0.000000
0.000000 0.000000 0.075745 0.075836 0.075951 0.076828 0.076379 0.076979 0.077071 0.077127 0.077358 0.077396 0.077305 0.077282 0.076764 0.077214 0.076079 0.076358 0.076418 0.000000 0.000000
0.000000 0.000000 0.056911 0.056958 0.057420 0.057408 0.057397 0.057516 0.057351 0.057407 0.057361 0.057385 0.057445 0.057345 0.057295 0.057313 0.057528 0.056943 0.056966 0.000000 0.000000
0.000000 0.000000 0.043777 0.043934 0.044169 0.044162 0.044253 0.044307 0.044245 0.044265 0.044266 0.044277 0.044294 0.044259 0.044229 0.044163 0.044243 0.043956 0.043828 0.000000 0.000000
0.000000 0.000000 0.035076 0.035178 0.035279 0.035277 0.035367 0.035433 0.035399 0.035417 0.035412 0.035419 0.035426 0.035407 0.035353 0.035289 0.035325 0.035195 0.035102 0.000000 0.000000
0.000000 0.000000 0.300000 0.300000 0.300000 0.300000 0.300000 0.300000 0.300000 0.300000 0.300000 0.300000 0.300000 0.300000 0.300000 0.300000 0.300000 0.300000 0.300000 0.000000 0.000000
0.000000 0.000000 0.000000 0.000000 0.000000 0.000000 0.000000 0.000000 0.000000 0.000000 0.000000 0.000000 0.000000 0.000000 0.000000 0.000000 0.000000 0.000000 0.000000 0.000000 0.000000