geotop/1.0zi/1.0Montebello/Templates/testdem/maps/_Eocsand185..asc
ncols         21
nrows         20
xllcorner     100.000000
yllcorner     100.000000
cellsize      50.000000
NODATA_value  -9999.0
0.000000 0.000000 0.000000 0.000000 0.000000 0.000000 0.000000 0.000000 0.000000 0.000000 0.000000 0.000000 0.000000 0.000000 0.000000 0.000000 0.000000 0.000000 0.000000 0.000000 0.000000
0.000000 0.000000 0.300308 0.300305 0.300305 0.300306 0.300305 0.300305 0.300305 0.300305 0.300306 0.300305 0.300305 0.300305 0.300305 0.300305 0.300306 0.300306 0.300306 0.000000 0.000000
0.000000 0.000000 0.300011 0.300012 0.300012 0.300010 0.300012 0.300012 0.300011 0.300012 0.300011 0.300011 0.300011 0.300011 0.300011 0.300011 0.300012 0.300013 0.300012 0.000000 0.000000
0.000000 0.000000 0.299622 0.299615 0.299630 0.299637 0.299632 0.299643 0.299639 0.299642 0.299643 0.299641 0.299641 0.299636 0.299639 0.299630 0.299626 0.299622 0.299622 0.000000 0.000000
0.000000 0.000000 0.295400 0.295415 0.295438 0.295480 0.295518 0.295534 0.295541 0.295545 0.295551 0.295537 0.295530 0.295537 0.295515 0.295495 0.295472 0.295451 0.295441 0.000000 0.000000
0.000000 0.000000 0.284833 0.284855 0.284907 0.284991 0.285064 0.285137 0.285141 0.285157 0.285162 0.285158 0.285145 0.285156 0.285120 0.285047 0.285014 0.284980 0.284972 0.000000 0.000000
0.000000 0.000000 0.270454 0.270489 0.270541 0.270642 0.270741 0.270898 0.270911 0.270928 0.270930 0.270930 0.270933 0.270933 0.270821 0.270732 0.270678 0.270632 0.270622 0.000000 0.000000
0.000000 0.000000 0.252946 0.252989 0.253044 0.253183 0.253294 0.253439 0.253458 0.253479 0.253491 0.253493 0.253501 0.253484 0.253387 0.253286 0.253195 0.253169 0.253142 0.000000 0.000000
0.000000 0.000000 0.232675 0.232739 0.232826 0.232939 0.233074 0.233265 0.233276 0.233321 0.233327 0.233341 0.233336 0.233352 0.233199 0.233069 0.232997 0.232947 0.232925 0.000000 0.000000
0.000000 0.000000 0.208668 0.208768 0.208867 0.208981 0.209147 0.209350 0.209389 0.209417 0.209443 0.209432 0.209402 0.209420 0.209301 0.209124 0.209029 0.208976 0.208974 0.000000 0.000000
0.000000 0.000000 0.179236 0.179338 0.179413 0.179736 0.179801 0.180103 0.180052 0.180220 0.180169 0.180207 0.180281 0.180204 0.180045 0.179946 0.179800 0.179733 0.179615 0.000000 0.000000
0.000000 0.000000 0.142920 0.143126 0.143360 0.143462 0.143624 0.144016 0.144093 0.144073 0.144017 0.144149 0.144089 0.144149 0.143829 0.143619 0.143565 0.143492 0.143268 0.000000 0.000000
0.000000 0.000000 0.104904 0.105058 0.105062 0.105360 0.105548 0.106507 0.106591 0.106680 0.107048 0.106765 0.106780 0.106703 0.106026 0.105892 0.105514 0.105451 0.105555 0.000000 0.000000
0.000000 0.000000 0.071319 0.071346 0.071571 0.071662 0.072462 0.071988 0.072186 0.072194 0.071996 0.072178 0.072204 0.072324 0.072722 0.071829 0.071857 0.071643 0.071548 0.000000 0.000000
0.000000 0.000000 0.051757 0.051794 0.051903 0.052226 0.052279 0.052355 0.052440 0.052453 0.052494 0.052543 0.052512 0.052534 0.052476 0.052405 0.052023 0.052064 0.052058 0.000000 0.000000
0.000000 0.000000 0.039324 0.039353 0.039495 0.039676 0.039657 0.039756 0.039768 0.039787 0.039814 0.039841 0.039832 0.039820 0.039747 0.039759 0.039562 0.039503 0.039502 0.000000 0.000000
0.000000 0.000000 0.030632 0.030685 0.030780 0.030918 0.030900 0.030989 0.030995 0.031009 0.031040 0.031055 0.031045 0.031036 0.030962 0.030983 0.030831 0.030793 0.030764 0.000000 0.000000
0.000000 0.000000 0.024597 0.024612 0.024698 0.024776 0.024756 0.024832 0.024815 0.024831 0.024839 0.024850 0.024853 0.024834 0.024775 0.024797 0.024734 0.024663 0.024667 0.000000 0.000000
0.000000 0.000000 0.300000 0.300000 0.300000 0.300000 0.300000 0.300000 0.300000 0.300000 0.300000 0.300000 0.300000 0.300000 0.300000 0.300000 0.300000 0.300000 0.300000 0.000000 0.000000
0.000000 0.000000 0.000000 0.000000 0.000000 0.000000 0.000000 0.000000 0.000000 0.000000 0.000000 0.000000 0.000000 0.000000 0.000000 0.000000 0.000000 0.000000 0.000000 0.000000 0.000000