geotop/1.0zi/1.0Montebello/Templates/testdem/maps/_Eocsand6068.asc
ncols         21
nrows         20
xllcorner     100.000000
yllcorner     100.000000
cellsize      50.000000
NODATA_value  -9999.0
0.000000 0.000000 0.000000 0.000000 0.000000 0.000000 0.000000 0.000000 0.000000 0.000000 0.000000 0.000000 0.000000 0.000000 0.000000 0.000000 0.000000 0.000000 0.000000 0.000000 0.000000
0.000000 0.000000 0.300150 0.300150 0.300150 0.300149 0.300149 0.300149 0.300150 0.300150 0.300150 0.300150 0.300150 0.300150 0.300150 0.300150 0.300150 0.300150 0.300150 0.000000 0.000000
0.000000 0.000000 0.300009 0.300008 0.300008 0.300008 0.300008 0.300008 0.300008 0.300008 0.300008 0.300008 0.300007 0.300007 0.300008 0.300008 0.300010 0.300010 0.300009 0.000000 0.000000
0.000000 0.000000 0.299970 0.299968 0.299972 0.299976 0.299973 0.299975 0.299972 0.299974 0.299973 0.299975 0.299974 0.299976 0.299972 0.299967 0.299968 0.299965 0.299967 0.000000 0.000000
0.000000 0.000000 0.298943 0.298941 0.298943 0.298951 0.298965 0.298974 0.298974 0.298975 0.298978 0.298977 0.298979 0.298977 0.298967 0.298965 0.298960 0.298949 0.298940 0.000000 0.000000
0.000000 0.000000 0.295663 0.295659 0.295672 0.295706 0.295724 0.295758 0.295760 0.295768 0.295761 0.295758 0.295754 0.295758 0.295746 0.295725 0.295710 0.295694 0.295684 0.000000 0.000000
0.000000 0.000000 0.290771 0.290775 0.290785 0.290822 0.290865 0.290917 0.290916 0.290923 0.290919 0.290917 0.290919 0.290917 0.290879 0.290837 0.290818 0.290798 0.290784 0.000000 0.000000
0.000000 0.000000 0.284828 0.284828 0.284833 0.284872 0.284915 0.284971 0.284970 0.284977 0.284976 0.284978 0.284981 0.284973 0.284929 0.284889 0.284857 0.284849 0.284829 0.000000 0.000000
0.000000 0.000000 0.278672 0.278681 0.278697 0.278721 0.278763 0.278823 0.278820 0.278831 0.278836 0.278833 0.278833 0.278837 0.278782 0.278738 0.278709 0.278700 0.278682 0.000000 0.000000
0.000000 0.000000 0.272440 0.272450 0.272457 0.272475 0.272535 0.272589 0.272585 0.272592 0.272601 0.272592 0.272585 0.272592 0.272548 0.272496 0.272467 0.272461 0.272449 0.000000 0.000000
0.000000 0.000000 0.265982 0.265989 0.265993 0.266037 0.266078 0.266137 0.266125 0.266153 0.266152 0.266150 0.266157 0.266142 0.266105 0.266073 0.266040 0.266021 0.265995 0.000000 0.000000
0.000000 0.000000 0.259170 0.259185 0.259204 0.259235 0.259271 0.259343 0.259341 0.259357 0.259340 0.259357 0.259354 0.259348 0.259284 0.259252 0.259229 0.259219 0.259151 0.000000 0.000000
0.000000 0.000000 0.252142 0.252156 0.252163 0.252199 0.252233 0.252381 0.252381 0.252393 0.252425 0.252407 0.252396 0.252385 0.252277 0.252246 0.252194 0.252188 0.252141 0.000000 0.000000
0.000000 0.000000 0.244464 0.244473 0.244495 0.244518 0.244664 0.244699 0.244732 0.244733 0.244743 0.244739 0.244738 0.244743 0.244727 0.244579 0.244535 0.244498 0.244449 0.000000 0.000000
0.000000 0.000000 0.235959 0.235971 0.236005 0.236159 0.236202 0.236289 0.236346 0.236355 0.236383 0.236399 0.236381 0.236393 0.236326 0.236259 0.236041 0.236060 0.236030 0.000000 0.000000
0.000000 0.000000 0.226912 0.226923 0.227129 0.227158 0.227168 0.227222 0.227178 0.227202 0.227183 0.227204 0.227229 0.227187 0.227154 0.227135 0.227162 0.226898 0.226891 0.000000 0.000000
0.000000 0.000000 0.216455 0.216739 0.216824 0.216905 0.217040 0.217106 0.217134 0.217136 0.217199 0.217205 0.217177 0.217190 0.217113 0.217011 0.216846 0.216805 0.216516 0.000000 0.000000
0.000000 0.000000 0.209033 0.208996 0.208740 0.208803 0.208899 0.209160 0.209164 0.209224 0.209179 0.209195 0.209179 0.209170 0.208933 0.208861 0.208699 0.208964 0.208983 0.000000 0.000000
0.000000 0.000000 0.300000 0.300000 0.300000 0.300000 0.300000 0.300000 0.300000 0.300000 0.300000 0.300000 0.300000 0.300000 0.300000 0.300000 0.300000 0.300000 0.300000 0.000000 0.000000
0.000000 0.000000 0.000000 0.000000 0.000000 0.000000 0.000000 0.000000 0.000000 0.000000 0.000000 0.000000 0.000000 0.000000 0.000000 0.000000 0.000000 0.000000 0.000000 0.000000 0.000000