geotop/1.0zi/1.0Montebello/Templates/testdem/maps/_Eocsand0322.asc
ncols         21
nrows         20
xllcorner     100.000000
yllcorner     100.000000
cellsize      50.000000
NODATA_value  -9999.0
0.000000 0.000000 0.000000 0.000000 0.000000 0.000000 0.000000 0.000000 0.000000 0.000000 0.000000 0.000000 0.000000 0.000000 0.000000 0.000000 0.000000 0.000000 0.000000 0.000000 0.000000
0.000000 0.000000 0.300013 0.300013 0.300013 0.300013 0.300013 0.300013 0.300013 0.300013 0.300013 0.300013 0.300013 0.300013 0.300013 0.300013 0.300013 0.300013 0.300013 0.000000 0.000000
0.000000 0.000000 0.300001 0.300001 0.300002 0.300001 0.300001 0.300001 0.300001 0.300001 0.300001 0.300001 0.300001 0.300001 0.300001 0.300001 0.300002 0.300001 0.300001 0.000000 0.000000
0.000000 0.000000 0.299505 0.299505 0.299510 0.299505 0.299505 0.299505 0.299505 0.299505 0.299505 0.299505 0.299505 0.299505 0.299505 0.299505 0.299510 0.299505 0.299505 0.000000 0.000000
0.000000 0.000000 0.298230 0.298230 0.298235 0.298231 0.298230 0.298230 0.298230 0.298230 0.298230 0.298230 0.298230 0.298230 0.298230 0.298231 0.298235 0.298230 0.298230 0.000000 0.000000
0.000000 0.000000 0.297050 0.297050 0.297054 0.297050 0.297050 0.297050 0.297050 0.297050 0.297050 0.297050 0.297050 0.297050 0.297050 0.297050 0.297054 0.297050 0.297050 0.000000 0.000000
0.000000 0.000000 0.295983 0.295983 0.295987 0.295984 0.295983 0.295983 0.295983 0.295983 0.295983 0.295983 0.295983 0.295983 0.295983 0.295984 0.295987 0.295983 0.295983 0.000000 0.000000
0.000000 0.000000 0.295000 0.295000 0.295003 0.295001 0.295000 0.295000 0.295000 0.295000 0.295000 0.295000 0.295000 0.295000 0.295000 0.295001 0.295003 0.295000 0.295000 0.000000 0.000000
0.000000 0.000000 0.294075 0.294075 0.294078 0.294075 0.294075 0.294075 0.294075 0.294075 0.294075 0.294075 0.294075 0.294075 0.294075 0.294075 0.294078 0.294075 0.294075 0.000000 0.000000
0.000000 0.000000 0.293183 0.293183 0.293186 0.293183 0.293183 0.293183 0.293183 0.293183 0.293183 0.293183 0.293183 0.293183 0.293183 0.293183 0.293186 0.293183 0.293183 0.000000 0.000000
0.000000 0.000000 0.292318 0.292318 0.292321 0.292318 0.292318 0.292318 0.292318 0.292318 0.292318 0.292318 0.292318 0.292318 0.292318 0.292318 0.292321 0.292318 0.292318 0.000000 0.000000
0.000000 0.000000 0.291472 0.291472 0.291475 0.291472 0.291472 0.291472 0.291472 0.291472 0.291472 0.291472 0.291472 0.291472 0.291472 0.291472 0.291475 0.291472 0.291472 0.000000 0.000000
0.000000 0.000000 0.290641 0.290641 0.290643 0.290641 0.290641 0.290641 0.290641 0.290641 0.290641 0.290641 0.290641 0.290641 0.290641 0.290641 0.290643 0.290641 0.290641 0.000000 0.000000
0.000000 0.000000 0.289825 0.289825 0.289828 0.289826 0.289825 0.289825 0.289825 0.289825 0.289825 0.289825 0.289825 0.289825 0.289825 0.289826 0.289828 0.289825 0.289825 0.000000 0.000000
0.000000 0.000000 0.289019 0.289019 0.289022 0.289019 0.289019 0.289019 0.289019 0.289019 0.289019 0.289019 0.289019 0.289019 0.289019 0.289019 0.289022 0.289019 0.289019 0.000000 0.000000
0.000000 0.000000 0.288217 0.288217 0.288220 0.288217 0.288217 0.288217 0.288217 0.288217 0.288217 0.288217 0.288217 0.288217 0.288217 0.288217 0.288220 0.288217 0.288217 0.000000 0.000000
0.000000 0.000000 0.287426 0.287426 0.287429 0.287426 0.287426 0.287426 0.287426 0.287426 0.287426 0.287426 0.287426 0.287426 0.287426 0.287426 0.287429 0.287426 0.287426 0.000000 0.000000
0.000000 0.000000 0.286601 0.286601 0.286604 0.286601 0.286601 0.286601 0.286601 0.286601 0.286601 0.286601 0.286601 0.286601 0.286601 0.286601 0.286604 0.286601 0.286601 0.000000 0.000000
0.000000 0.000000 0.300000 0.300000 0.300000 0.300000 0.300000 0.300000 0.300000 0.300000 0.300000 0.300000 0.300000 0.300000 0.300000 0.300000 0.300000 0.300000 0.300000 0.000000 0.000000
0.000000 0.000000 0.000000 0.000000 0.000000 0.000000 0.000000 0.000000 0.000000 0.000000 0.000000 0.000000 0.000000 0.000000 0.000000 0.000000 0.000000 0.000000 0.000000 0.000000 0.000000