geotop/1.0zi/1.0Montebello/Templates/testdem/maps/_Eocsilt7079.asc
ncols         21
nrows         20
xllcorner     100.000000
yllcorner     100.000000
cellsize      50.000000
NODATA_value  -9999.0
0.000000 0.000000 0.000000 0.000000 0.000000 0.000000 0.000000 0.000000 0.000000 0.000000 0.000000 0.000000 0.000000 0.000000 0.000000 0.000000 0.000000 0.000000 0.000000 0.000000 0.000000
0.000000 0.000000 0.350143 0.350144 0.350144 0.350144 0.350144 0.350144 0.350144 0.350144 0.350144 0.350144 0.350144 0.350144 0.350144 0.350144 0.350144 0.350144 0.350143 0.000000 0.000000
0.000000 0.000000 0.350003 0.350003 0.350003 0.350003 0.350003 0.350003 0.350003 0.350003 0.350003 0.350004 0.350004 0.350004 0.350003 0.350003 0.350001 0.350001 0.350003 0.000000 0.000000
0.000000 0.000000 0.350062 0.350059 0.350057 0.350052 0.350053 0.350050 0.350053 0.350052 0.350050 0.350052 0.350052 0.350052 0.350053 0.350056 0.350060 0.350061 0.350061 0.000000 0.000000
0.000000 0.000000 0.350768 0.350774 0.350770 0.350761 0.350756 0.350750 0.350748 0.350746 0.350747 0.350747 0.350748 0.350749 0.350760 0.350764 0.350763 0.350771 0.350776 0.000000 0.000000
0.000000 0.000000 0.352858 0.352859 0.352850 0.352836 0.352819 0.352799 0.352800 0.352794 0.352798 0.352799 0.352799 0.352798 0.352808 0.352818 0.352828 0.352834 0.352840 0.000000 0.000000
0.000000 0.000000 0.355942 0.355939 0.355929 0.355906 0.355878 0.355850 0.355851 0.355848 0.355849 0.355847 0.355844 0.355849 0.355872 0.355896 0.355910 0.355923 0.355931 0.000000 0.000000
0.000000 0.000000 0.359641 0.359640 0.359634 0.359611 0.359584 0.359553 0.359553 0.359549 0.359549 0.359546 0.359544 0.359550 0.359577 0.359601 0.359622 0.359627 0.359639 0.000000 0.000000
0.000000 0.000000 0.363562 0.363555 0.363542 0.363527 0.363499 0.363462 0.363465 0.363456 0.363454 0.363453 0.363454 0.363453 0.363488 0.363517 0.363534 0.363542 0.363553 0.000000 0.000000
0.000000 0.000000 0.367596 0.367589 0.367582 0.367568 0.367529 0.367497 0.367499 0.367494 0.367489 0.367492 0.367496 0.367494 0.367523 0.367555 0.367574 0.367579 0.367587 0.000000 0.000000
0.000000 0.000000 0.371841 0.371836 0.371829 0.371799 0.371773 0.371736 0.371745 0.371724 0.371727 0.371726 0.371719 0.371732 0.371757 0.371777 0.371800 0.371812 0.371830 0.000000 0.000000
0.000000 0.000000 0.376420 0.376408 0.376393 0.376373 0.376345 0.376300 0.376300 0.376292 0.376302 0.376288 0.376291 0.376295 0.376339 0.376361 0.376377 0.376386 0.376428 0.000000 0.000000
0.000000 0.000000 0.381239 0.381226 0.381219 0.381193 0.381169 0.381066 0.381065 0.381057 0.381033 0.381044 0.381050 0.381060 0.381138 0.381161 0.381199 0.381203 0.381230 0.000000 0.000000
0.000000 0.000000 0.386659 0.386653 0.386633 0.386615 0.386500 0.386488 0.386465 0.386463 0.386464 0.386460 0.386458 0.386455 0.386457 0.386576 0.386603 0.386634 0.386664 0.000000 0.000000
0.000000 0.000000 0.392837 0.392827 0.392800 0.392668 0.392650 0.392583 0.392546 0.392538 0.392517 0.392498 0.392513 0.392508 0.392569 0.392597 0.392775 0.392756 0.392770 0.000000 0.000000
0.000000 0.000000 0.399542 0.399531 0.399346 0.399355 0.399345 0.399307 0.399362 0.399337 0.399365 0.399346 0.399320 0.399365 0.399386 0.399398 0.399323 0.399569 0.399571 0.000000 0.000000
0.000000 0.000000 0.407640 0.407362 0.407343 0.407256 0.407117 0.407070 0.407024 0.407031 0.406961 0.406961 0.406996 0.406969 0.407037 0.407141 0.407326 0.407281 0.407567 0.000000 0.000000
0.000000 0.000000 0.412390 0.412541 0.412798 0.412762 0.412717 0.412469 0.412482 0.412419 0.412495 0.412474 0.412475 0.412497 0.412717 0.412749 0.412840 0.412598 0.412460 0.000000 0.000000
0.000000 0.000000 0.350000 0.350000 0.350000 0.350000 0.350000 0.350000 0.350000 0.350000 0.350000 0.350000 0.350000 0.350000 0.350000 0.350000 0.350000 0.350000 0.350000 0.000000 0.000000
0.000000 0.000000 0.000000 0.000000 0.000000 0.000000 0.000000 0.000000 0.000000 0.000000 0.000000 0.000000 0.000000 0.000000 0.000000 0.000000 0.000000 0.000000 0.000000 0.000000 0.000000