geotop/1.0zi/1.0Montebello/Templates/testdem/maps/_Eocclay0375.asc
ncols         21
nrows         20
xllcorner     100.000000
yllcorner     100.000000
cellsize      50.000000
NODATA_value  -9999.0
0.000000 0.000000 0.000000 0.000000 0.000000 0.000000 0.000000 0.000000 0.000000 0.000000 0.000000 0.000000 0.000000 0.000000 0.000000 0.000000 0.000000 0.000000 0.000000 0.000000 0.000000
0.000000 0.000000 0.349975 0.349975 0.349975 0.349975 0.349975 0.349975 0.349975 0.349975 0.349975 0.349975 0.349975 0.349975 0.349975 0.349975 0.349975 0.349975 0.349975 0.000000 0.000000
0.000000 0.000000 0.349998 0.349997 0.349997 0.349997 0.349997 0.349998 0.349998 0.349998 0.349998 0.349998 0.349998 0.349998 0.349997 0.349997 0.349997 0.349997 0.349998 0.000000 0.000000
0.000000 0.000000 0.350267 0.350267 0.350265 0.350267 0.350267 0.350267 0.350267 0.350267 0.350267 0.350267 0.350267 0.350267 0.350267 0.350267 0.350265 0.350267 0.350267 0.000000 0.000000
0.000000 0.000000 0.350994 0.350994 0.350992 0.350994 0.350994 0.350994 0.350994 0.350994 0.350994 0.350994 0.350994 0.350994 0.350994 0.350994 0.350992 0.350994 0.350994 0.000000 0.000000
0.000000 0.000000 0.351665 0.351665 0.351663 0.351665 0.351665 0.351665 0.351665 0.351665 0.351665 0.351665 0.351665 0.351665 0.351665 0.351665 0.351663 0.351665 0.351665 0.000000 0.000000
0.000000 0.000000 0.352284 0.352284 0.352282 0.352284 0.352284 0.352284 0.352284 0.352284 0.352284 0.352284 0.352284 0.352284 0.352284 0.352284 0.352282 0.352284 0.352284 0.000000 0.000000
0.000000 0.000000 0.352855 0.352856 0.352854 0.352855 0.352856 0.352856 0.352856 0.352856 0.352856 0.352856 0.352856 0.352856 0.352856 0.352855 0.352854 0.352856 0.352855 0.000000 0.000000
0.000000 0.000000 0.353394 0.353394 0.353392 0.353394 0.353394 0.353394 0.353394 0.353394 0.353394 0.353394 0.353394 0.353394 0.353394 0.353394 0.353392 0.353394 0.353394 0.000000 0.000000
0.000000 0.000000 0.353913 0.353913 0.353911 0.353912 0.353913 0.353913 0.353913 0.353913 0.353913 0.353913 0.353913 0.353913 0.353913 0.353912 0.353911 0.353913 0.353913 0.000000 0.000000
0.000000 0.000000 0.354416 0.354416 0.354415 0.354416 0.354416 0.354416 0.354416 0.354416 0.354416 0.354416 0.354416 0.354416 0.354416 0.354416 0.354415 0.354416 0.354416 0.000000 0.000000
0.000000 0.000000 0.354909 0.354909 0.354908 0.354909 0.354909 0.354909 0.354909 0.354909 0.354909 0.354909 0.354909 0.354909 0.354909 0.354909 0.354908 0.354909 0.354909 0.000000 0.000000
0.000000 0.000000 0.355393 0.355393 0.355391 0.355393 0.355393 0.355393 0.355393 0.355393 0.355393 0.355393 0.355393 0.355393 0.355393 0.355393 0.355391 0.355393 0.355393 0.000000 0.000000
0.000000 0.000000 0.355867 0.355867 0.355865 0.355867 0.355867 0.355867 0.355867 0.355867 0.355867 0.355867 0.355867 0.355867 0.355867 0.355867 0.355865 0.355867 0.355867 0.000000 0.000000
0.000000 0.000000 0.356335 0.356335 0.356334 0.356335 0.356335 0.356335 0.356335 0.356335 0.356335 0.356335 0.356335 0.356335 0.356335 0.356335 0.356334 0.356335 0.356335 0.000000 0.000000
0.000000 0.000000 0.356803 0.356803 0.356802 0.356803 0.356803 0.356803 0.356803 0.356803 0.356803 0.356803 0.356803 0.356803 0.356803 0.356803 0.356802 0.356803 0.356803 0.000000 0.000000
0.000000 0.000000 0.357265 0.357265 0.357264 0.357265 0.357265 0.357265 0.357265 0.357265 0.357265 0.357265 0.357265 0.357265 0.357265 0.357265 0.357264 0.357265 0.357265 0.000000 0.000000
0.000000 0.000000 0.357744 0.357744 0.357743 0.357744 0.357744 0.357744 0.357744 0.357744 0.357744 0.357744 0.357744 0.357744 0.357744 0.357744 0.357743 0.357744 0.357744 0.000000 0.000000
0.000000 0.000000 0.350000 0.350000 0.350000 0.350000 0.350000 0.350000 0.350000 0.350000 0.350000 0.350000 0.350000 0.350000 0.350000 0.350000 0.350000 0.350000 0.350000 0.000000 0.000000
0.000000 0.000000 0.000000 0.000000 0.000000 0.000000 0.000000 0.000000 0.000000 0.000000 0.000000 0.000000 0.000000 0.000000 0.000000 0.000000 0.000000 0.000000 0.000000 0.000000 0.000000