geotop/1.0zi/1.0Montebello/Templates/testdem/maps/_Eocsilt139a.asc
ncols         21
nrows         20
xllcorner     100.000000
yllcorner     100.000000
cellsize      50.000000
NODATA_value  -9999.0
0.000000 0.000000 0.000000 0.000000 0.000000 0.000000 0.000000 0.000000 0.000000 0.000000 0.000000 0.000000 0.000000 0.000000 0.000000 0.000000 0.000000 0.000000 0.000000 0.000000 0.000000
0.000000 0.000000 0.350252 0.350252 0.350252 0.350252 0.350252 0.350251 0.350252 0.350252 0.350252 0.350251 0.350251 0.350251 0.350252 0.350252 0.350253 0.350253 0.350252 0.000000 0.000000
0.000000 0.000000 0.350013 0.350013 0.350013 0.350012 0.350013 0.350013 0.350013 0.350014 0.350014 0.350014 0.350014 0.350014 0.350013 0.350012 0.350011 0.350011 0.350013 0.000000 0.000000
0.000000 0.000000 0.350249 0.350247 0.350237 0.350233 0.350234 0.350224 0.350227 0.350229 0.350225 0.350229 0.350228 0.350232 0.350229 0.350234 0.350239 0.350243 0.350245 0.000000 0.000000
0.000000 0.000000 0.352155 0.352159 0.352148 0.352127 0.352114 0.352107 0.352106 0.352103 0.352098 0.352104 0.352109 0.352105 0.352120 0.352131 0.352138 0.352146 0.352151 0.000000 0.000000
0.000000 0.000000 0.356969 0.356962 0.356943 0.356911 0.356874 0.356844 0.356839 0.356833 0.356830 0.356831 0.356837 0.356832 0.356851 0.356881 0.356895 0.356908 0.356915 0.000000 0.000000
0.000000 0.000000 0.363708 0.363695 0.363673 0.363626 0.363578 0.363509 0.363507 0.363502 0.363493 0.363493 0.363490 0.363494 0.363545 0.363586 0.363612 0.363635 0.363641 0.000000 0.000000
0.000000 0.000000 0.371837 0.371822 0.371799 0.371739 0.371686 0.371620 0.371614 0.371606 0.371595 0.371594 0.371590 0.371598 0.371646 0.371695 0.371737 0.371748 0.371763 0.000000 0.000000
0.000000 0.000000 0.381145 0.381121 0.381084 0.381035 0.380973 0.380887 0.380885 0.380871 0.380857 0.380854 0.380857 0.380851 0.380925 0.380984 0.381018 0.381038 0.381051 0.000000 0.000000
0.000000 0.000000 0.391956 0.391920 0.391884 0.391832 0.391759 0.391668 0.391656 0.391648 0.391624 0.391632 0.391645 0.391640 0.391697 0.391777 0.391819 0.391841 0.391845 0.000000 0.000000
0.000000 0.000000 0.404963 0.404928 0.404898 0.404765 0.404736 0.404605 0.404625 0.404562 0.404566 0.404554 0.404529 0.404565 0.404635 0.404685 0.404748 0.404776 0.404830 0.000000 0.000000
0.000000 0.000000 0.420870 0.420793 0.420700 0.420655 0.420587 0.420416 0.420386 0.420401 0.420406 0.420355 0.420383 0.420364 0.420506 0.420600 0.420626 0.420654 0.420759 0.000000 0.000000
0.000000 0.000000 0.438195 0.438132 0.438126 0.437994 0.437916 0.437467 0.437437 0.437408 0.437223 0.437353 0.437347 0.437390 0.437705 0.437769 0.437941 0.437964 0.437938 0.000000 0.000000
0.000000 0.000000 0.455393 0.455385 0.455262 0.455217 0.454778 0.455030 0.454927 0.454931 0.455024 0.454931 0.454919 0.454857 0.454646 0.455142 0.455124 0.455238 0.455298 0.000000 0.000000
0.000000 0.000000 0.466015 0.465997 0.465948 0.465760 0.465765 0.465685 0.465648 0.465636 0.465602 0.465578 0.465598 0.465590 0.465663 0.465657 0.465893 0.465858 0.465855 0.000000 0.000000
0.000000 0.000000 0.472072 0.472055 0.472036 0.471860 0.471930 0.471827 0.471800 0.471790 0.471749 0.471737 0.471756 0.471755 0.471846 0.471777 0.472008 0.471942 0.471933 0.000000 0.000000
0.000000 0.000000 0.475513 0.475588 0.475434 0.475450 0.475512 0.475481 0.475550 0.475526 0.475564 0.475549 0.475520 0.475565 0.475569 0.475517 0.475412 0.475624 0.475524 0.000000 0.000000
0.000000 0.000000 0.479119 0.478959 0.478821 0.478789 0.478766 0.478812 0.478807 0.478824 0.478775 0.478778 0.478786 0.478779 0.478742 0.478754 0.478788 0.478904 0.479053 0.000000 0.000000
0.000000 0.000000 0.350000 0.350000 0.350000 0.350000 0.350000 0.350000 0.350000 0.350000 0.350000 0.350000 0.350000 0.350000 0.350000 0.350000 0.350000 0.350000 0.350000 0.000000 0.000000
0.000000 0.000000 0.000000 0.000000 0.000000 0.000000 0.000000 0.000000 0.000000 0.000000 0.000000 0.000000 0.000000 0.000000 0.000000 0.000000 0.000000 0.000000 0.000000 0.000000 0.000000