geotop/1.0zi/1.0Montebello/Templates/testdem/maps/_Eocsand1868.asc
ncols         21
nrows         20
xllcorner     100.000000
yllcorner     100.000000
cellsize      50.000000
NODATA_value  -9999.0
0.000000 0.000000 0.000000 0.000000 0.000000 0.000000 0.000000 0.000000 0.000000 0.000000 0.000000 0.000000 0.000000 0.000000 0.000000 0.000000 0.000000 0.000000 0.000000 0.000000 0.000000
0.000000 0.000000 0.300055 0.300055 0.300055 0.300055 0.300055 0.300055 0.300055 0.300055 0.300055 0.300055 0.300055 0.300055 0.300055 0.300055 0.300055 0.300055 0.300055 0.000000 0.000000
0.000000 0.000000 0.300008 0.300009 0.300009 0.300008 0.300008 0.300008 0.300008 0.300008 0.300008 0.300008 0.300008 0.300008 0.300008 0.300008 0.300009 0.300009 0.300008 0.000000 0.000000
0.000000 0.000000 0.298667 0.298668 0.298672 0.298670 0.298667 0.298667 0.298667 0.298667 0.298667 0.298667 0.298667 0.298667 0.298667 0.298670 0.298672 0.298668 0.298667 0.000000 0.000000
0.000000 0.000000 0.293443 0.293445 0.293449 0.293449 0.293442 0.293444 0.293444 0.293441 0.293441 0.293441 0.293444 0.293444 0.293442 0.293449 0.293449 0.293445 0.293443 0.000000 0.000000
0.000000 0.000000 0.287155 0.287156 0.287159 0.287159 0.287154 0.287155 0.287155 0.287153 0.287153 0.287153 0.287155 0.287155 0.287154 0.287159 0.287159 0.287156 0.287155 0.000000 0.000000
0.000000 0.000000 0.281284 0.281285 0.281288 0.281287 0.281283 0.281284 0.281284 0.281283 0.281282 0.281283 0.281284 0.281284 0.281283 0.281287 0.281288 0.281285 0.281284 0.000000 0.000000
0.000000 0.000000 0.275893 0.275894 0.275896 0.275896 0.275892 0.275893 0.275893 0.275892 0.275891 0.275892 0.275893 0.275893 0.275892 0.275896 0.275896 0.275894 0.275893 0.000000 0.000000
0.000000 0.000000 0.270850 0.270851 0.270854 0.270853 0.270850 0.270851 0.270850 0.270849 0.270849 0.270849 0.270850 0.270851 0.270850 0.270853 0.270854 0.270851 0.270850 0.000000 0.000000
0.000000 0.000000 0.266032 0.266033 0.266036 0.266035 0.266032 0.266033 0.266033 0.266031 0.266031 0.266031 0.266033 0.266033 0.266032 0.266035 0.266036 0.266033 0.266032 0.000000 0.000000
0.000000 0.000000 0.261387 0.261388 0.261390 0.261390 0.261387 0.261388 0.261387 0.261386 0.261386 0.261386 0.261387 0.261388 0.261387 0.261390 0.261390 0.261388 0.261387 0.000000 0.000000
0.000000 0.000000 0.256871 0.256871 0.256874 0.256873 0.256870 0.256871 0.256871 0.256870 0.256869 0.256870 0.256871 0.256871 0.256870 0.256873 0.256874 0.256871 0.256871 0.000000 0.000000
0.000000 0.000000 0.252449 0.252449 0.252452 0.252451 0.252448 0.252449 0.252449 0.252448 0.252447 0.252448 0.252449 0.252449 0.252448 0.252451 0.252452 0.252449 0.252449 0.000000 0.000000
0.000000 0.000000 0.248116 0.248116 0.248118 0.248118 0.248115 0.248116 0.248116 0.248115 0.248114 0.248115 0.248116 0.248116 0.248115 0.248118 0.248118 0.248116 0.248116 0.000000 0.000000
0.000000 0.000000 0.243853 0.243853 0.243856 0.243855 0.243852 0.243853 0.243853 0.243852 0.243852 0.243852 0.243853 0.243853 0.243852 0.243855 0.243856 0.243853 0.243853 0.000000 0.000000
0.000000 0.000000 0.239648 0.239648 0.239651 0.239650 0.239647 0.239648 0.239648 0.239647 0.239647 0.239647 0.239648 0.239648 0.239647 0.239650 0.239651 0.239648 0.239648 0.000000 0.000000
0.000000 0.000000 0.235502 0.235502 0.235505 0.235504 0.235501 0.235502 0.235502 0.235501 0.235501 0.235501 0.235502 0.235502 0.235501 0.235504 0.235505 0.235502 0.235502 0.000000 0.000000
0.000000 0.000000 0.231336 0.231336 0.231339 0.231338 0.231335 0.231336 0.231336 0.231335 0.231335 0.231335 0.231336 0.231336 0.231335 0.231338 0.231339 0.231336 0.231336 0.000000 0.000000
0.000000 0.000000 0.300000 0.300000 0.300000 0.300000 0.300000 0.300000 0.300000 0.300000 0.300000 0.300000 0.300000 0.300000 0.300000 0.300000 0.300000 0.300000 0.300000 0.000000 0.000000
0.000000 0.000000 0.000000 0.000000 0.000000 0.000000 0.000000 0.000000 0.000000 0.000000 0.000000 0.000000 0.000000 0.000000 0.000000 0.000000 0.000000 0.000000 0.000000 0.000000 0.000000