geotop/1.0zi/1.0Montebello/Templates/testdem/maps/_Eocsand190s.asc
ncols         21
nrows         20
xllcorner     100.000000
yllcorner     100.000000
cellsize      50.000000
NODATA_value  -9999.0
0.000000 0.000000 0.000000 0.000000 0.000000 0.000000 0.000000 0.000000 0.000000 0.000000 0.000000 0.000000 0.000000 0.000000 0.000000 0.000000 0.000000 0.000000 0.000000 0.000000 0.000000
0.000000 0.000000 0.300310 0.300307 0.300307 0.300308 0.300306 0.300306 0.300307 0.300306 0.300307 0.300307 0.300307 0.300307 0.300307 0.300307 0.300308 0.300307 0.300307 0.000000 0.000000
0.000000 0.000000 0.300011 0.300012 0.300012 0.300010 0.300012 0.300012 0.300011 0.300012 0.300011 0.300011 0.300011 0.300011 0.300011 0.300011 0.300012 0.300013 0.300012 0.000000 0.000000
0.000000 0.000000 0.299622 0.299615 0.299630 0.299637 0.299632 0.299643 0.299639 0.299642 0.299643 0.299641 0.299641 0.299636 0.299639 0.299629 0.299626 0.299622 0.299622 0.000000 0.000000
0.000000 0.000000 0.295385 0.295400 0.295424 0.295465 0.295503 0.295520 0.295526 0.295530 0.295536 0.295522 0.295516 0.295522 0.295500 0.295480 0.295457 0.295436 0.295426 0.000000 0.000000
0.000000 0.000000 0.284725 0.284747 0.284799 0.284884 0.284957 0.285031 0.285035 0.285051 0.285055 0.285051 0.285039 0.285049 0.285013 0.284940 0.284906 0.284872 0.284864 0.000000 0.000000
0.000000 0.000000 0.270221 0.270256 0.270308 0.270410 0.270510 0.270668 0.270680 0.270698 0.270699 0.270700 0.270703 0.270702 0.270590 0.270501 0.270446 0.270400 0.270390 0.000000 0.000000
0.000000 0.000000 0.252548 0.252591 0.252647 0.252787 0.252898 0.253045 0.253064 0.253085 0.253097 0.253098 0.253107 0.253090 0.252992 0.252890 0.252799 0.252773 0.252745 0.000000 0.000000
0.000000 0.000000 0.232053 0.232117 0.232205 0.232319 0.232455 0.232648 0.232659 0.232704 0.232709 0.232724 0.232719 0.232735 0.232580 0.232449 0.232376 0.232327 0.232304 0.000000 0.000000
0.000000 0.000000 0.207730 0.207830 0.207930 0.208046 0.208214 0.208419 0.208458 0.208486 0.208512 0.208501 0.208471 0.208488 0.208369 0.208190 0.208094 0.208040 0.208038 0.000000 0.000000
0.000000 0.000000 0.177851 0.177953 0.178029 0.178357 0.178422 0.178728 0.178676 0.178846 0.178794 0.178832 0.178908 0.178829 0.178668 0.178568 0.178420 0.178352 0.178233 0.000000 0.000000
0.000000 0.000000 0.140991 0.141199 0.141435 0.141536 0.141701 0.142096 0.142175 0.142153 0.142097 0.142230 0.142169 0.142230 0.141905 0.141693 0.141639 0.141566 0.141340 0.000000 0.000000
0.000000 0.000000 0.102768 0.102920 0.102922 0.103220 0.103407 0.104365 0.104449 0.104537 0.104907 0.104622 0.104637 0.104559 0.103883 0.103751 0.103372 0.103309 0.103416 0.000000 0.000000
0.000000 0.000000 0.069772 0.069798 0.070014 0.070103 0.070874 0.070425 0.070615 0.070623 0.070434 0.070608 0.070633 0.070748 0.071125 0.070265 0.070290 0.070085 0.069995 0.000000 0.000000
0.000000 0.000000 0.050740 0.050775 0.050882 0.051182 0.051261 0.051315 0.051400 0.051412 0.051443 0.051494 0.051466 0.051491 0.051451 0.051352 0.051003 0.051033 0.051024 0.000000 0.000000
0.000000 0.000000 0.038583 0.038610 0.038745 0.038923 0.038916 0.039003 0.039019 0.039037 0.039061 0.039089 0.039079 0.039071 0.039007 0.039006 0.038813 0.038758 0.038755 0.000000 0.000000
0.000000 0.000000 0.030070 0.030121 0.030213 0.030351 0.030336 0.030422 0.030432 0.030444 0.030475 0.030490 0.030480 0.030473 0.030402 0.030418 0.030262 0.030231 0.030202 0.000000 0.000000
0.000000 0.000000 0.024158 0.024173 0.024255 0.024336 0.024317 0.024393 0.024380 0.024395 0.024403 0.024415 0.024417 0.024400 0.024340 0.024361 0.024290 0.024228 0.024231 0.000000 0.000000
0.000000 0.000000 0.300000 0.300000 0.300000 0.300000 0.300000 0.300000 0.300000 0.300000 0.300000 0.300000 0.300000 0.300000 0.300000 0.300000 0.300000 0.300000 0.300000 0.000000 0.000000
0.000000 0.000000 0.000000 0.000000 0.000000 0.000000 0.000000 0.000000 0.000000 0.000000 0.000000 0.000000 0.000000 0.000000 0.000000 0.000000 0.000000 0.000000 0.000000 0.000000 0.000000