geotop/1.0zi/1.0Montebello/Templates/testdem/maps/_Eocsand3584.asc
ncols         21
nrows         20
xllcorner     100.000000
yllcorner     100.000000
cellsize      50.000000
NODATA_value  -9999.0
0.000000 0.000000 0.000000 0.000000 0.000000 0.000000 0.000000 0.000000 0.000000 0.000000 0.000000 0.000000 0.000000 0.000000 0.000000 0.000000 0.000000 0.000000 0.000000 0.000000 0.000000
0.000000 0.000000 0.300096 0.300096 0.300096 0.300096 0.300096 0.300096 0.300096 0.300096 0.300097 0.300096 0.300096 0.300096 0.300096 0.300096 0.300096 0.300096 0.300096 0.000000 0.000000
0.000000 0.000000 0.300011 0.300011 0.300011 0.300010 0.300011 0.300011 0.300011 0.300011 0.300009 0.300011 0.300011 0.300011 0.300011 0.300010 0.300011 0.300011 0.300011 0.000000 0.000000
0.000000 0.000000 0.297317 0.297318 0.297323 0.297321 0.297318 0.297318 0.297318 0.297318 0.297317 0.297318 0.297318 0.297318 0.297318 0.297321 0.297323 0.297318 0.297317 0.000000 0.000000
0.000000 0.000000 0.286887 0.286889 0.286892 0.286892 0.286887 0.286889 0.286890 0.286887 0.286887 0.286887 0.286890 0.286889 0.286887 0.286892 0.286892 0.286889 0.286887 0.000000 0.000000
0.000000 0.000000 0.274636 0.274638 0.274641 0.274641 0.274636 0.274638 0.274639 0.274637 0.274636 0.274637 0.274639 0.274638 0.274636 0.274641 0.274641 0.274638 0.274636 0.000000 0.000000
0.000000 0.000000 0.263353 0.263355 0.263357 0.263357 0.263353 0.263355 0.263355 0.263354 0.263353 0.263354 0.263355 0.263355 0.263353 0.263357 0.263357 0.263355 0.263353 0.000000 0.000000
0.000000 0.000000 0.253135 0.253136 0.253138 0.253138 0.253135 0.253136 0.253137 0.253135 0.253134 0.253135 0.253137 0.253136 0.253135 0.253138 0.253138 0.253136 0.253135 0.000000 0.000000
0.000000 0.000000 0.243715 0.243716 0.243718 0.243717 0.243714 0.243716 0.243716 0.243715 0.243714 0.243715 0.243716 0.243716 0.243714 0.243717 0.243718 0.243716 0.243715 0.000000 0.000000
0.000000 0.000000 0.234871 0.234872 0.234874 0.234873 0.234871 0.234872 0.234872 0.234871 0.234870 0.234871 0.234872 0.234872 0.234871 0.234873 0.234874 0.234872 0.234871 0.000000 0.000000
0.000000 0.000000 0.226488 0.226489 0.226491 0.226490 0.226488 0.226489 0.226489 0.226488 0.226487 0.226488 0.226489 0.226489 0.226488 0.226490 0.226491 0.226489 0.226488 0.000000 0.000000
0.000000 0.000000 0.218483 0.218484 0.218486 0.218485 0.218483 0.218484 0.218484 0.218483 0.218482 0.218483 0.218484 0.218484 0.218483 0.218485 0.218486 0.218484 0.218483 0.000000 0.000000
0.000000 0.000000 0.210796 0.210796 0.210798 0.210797 0.210795 0.210796 0.210797 0.210796 0.210795 0.210796 0.210797 0.210796 0.210795 0.210797 0.210798 0.210796 0.210796 0.000000 0.000000
0.000000 0.000000 0.203368 0.203369 0.203371 0.203370 0.203368 0.203369 0.203369 0.203368 0.203367 0.203368 0.203369 0.203369 0.203368 0.203370 0.203371 0.203369 0.203368 0.000000 0.000000
0.000000 0.000000 0.196178 0.196178 0.196180 0.196179 0.196177 0.196178 0.196178 0.196177 0.196177 0.196177 0.196178 0.196178 0.196177 0.196179 0.196180 0.196178 0.196178 0.000000 0.000000
0.000000 0.000000 0.189214 0.189215 0.189217 0.189216 0.189214 0.189215 0.189215 0.189214 0.189213 0.189214 0.189215 0.189215 0.189214 0.189216 0.189217 0.189215 0.189214 0.000000 0.000000
0.000000 0.000000 0.182453 0.182453 0.182455 0.182455 0.182453 0.182454 0.182454 0.182453 0.182452 0.182453 0.182454 0.182454 0.182453 0.182455 0.182455 0.182453 0.182453 0.000000 0.000000
0.000000 0.000000 0.175794 0.175794 0.175796 0.175795 0.175793 0.175794 0.175794 0.175793 0.175793 0.175793 0.175794 0.175794 0.175793 0.175795 0.175796 0.175794 0.175794 0.000000 0.000000
0.000000 0.000000 0.300000 0.300000 0.300000 0.300000 0.300000 0.300000 0.300000 0.300000 0.300000 0.300000 0.300000 0.300000 0.300000 0.300000 0.300000 0.300000 0.300000 0.000000 0.000000
0.000000 0.000000 0.000000 0.000000 0.000000 0.000000 0.000000 0.000000 0.000000 0.000000 0.000000 0.000000 0.000000 0.000000 0.000000 0.000000 0.000000 0.000000 0.000000 0.000000 0.000000