geotop/1.0zi/1.0Montebello/Templates/testdem/maps/_Eocsand4234.asc
ncols         21
nrows         20
xllcorner     100.000000
yllcorner     100.000000
cellsize      50.000000
NODATA_value  -9999.0
0.000000 0.000000 0.000000 0.000000 0.000000 0.000000 0.000000 0.000000 0.000000 0.000000 0.000000 0.000000 0.000000 0.000000 0.000000 0.000000 0.000000 0.000000 0.000000 0.000000 0.000000
0.000000 0.000000 0.300107 0.300107 0.300106 0.300106 0.300106 0.300106 0.300106 0.300106 0.300106 0.300106 0.300106 0.300106 0.300106 0.300106 0.300106 0.300107 0.300107 0.000000 0.000000
0.000000 0.000000 0.300005 0.300004 0.300004 0.300004 0.300004 0.300004 0.300004 0.300004 0.300004 0.300004 0.300004 0.300004 0.300004 0.300004 0.300006 0.300006 0.300005 0.000000 0.000000
0.000000 0.000000 0.299975 0.299973 0.299976 0.299979 0.299977 0.299979 0.299977 0.299978 0.299978 0.299979 0.299979 0.299981 0.299976 0.299973 0.299973 0.299972 0.299974 0.000000 0.000000
0.000000 0.000000 0.299285 0.299284 0.299289 0.299288 0.299295 0.299299 0.299300 0.299304 0.299306 0.299301 0.299304 0.299304 0.299299 0.299300 0.299300 0.299296 0.299290 0.000000 0.000000
0.000000 0.000000 0.296981 0.296979 0.296989 0.297003 0.297009 0.297031 0.297032 0.297042 0.297034 0.297032 0.297029 0.297035 0.297035 0.297025 0.297016 0.297011 0.297004 0.000000 0.000000
0.000000 0.000000 0.293492 0.293500 0.293511 0.293537 0.293562 0.293596 0.293594 0.293601 0.293595 0.293596 0.293600 0.293600 0.293577 0.293548 0.293536 0.293527 0.293515 0.000000 0.000000
0.000000 0.000000 0.289510 0.289519 0.289530 0.289561 0.289588 0.289622 0.289619 0.289625 0.289624 0.289624 0.289630 0.289634 0.289601 0.289571 0.289553 0.289547 0.289535 0.000000 0.000000
0.000000 0.000000 0.285511 0.285522 0.285540 0.285563 0.285589 0.285630 0.285626 0.285635 0.285633 0.285631 0.285637 0.285637 0.285608 0.285574 0.285559 0.285551 0.285535 0.000000 0.000000
0.000000 0.000000 0.281530 0.281542 0.281556 0.281581 0.281614 0.281649 0.281644 0.281650 0.281649 0.281647 0.281654 0.281659 0.281625 0.281590 0.281576 0.281569 0.281556 0.000000 0.000000
0.000000 0.000000 0.277502 0.277514 0.277529 0.277549 0.277573 0.277616 0.277611 0.277621 0.277620 0.277617 0.277624 0.277628 0.277600 0.277574 0.277555 0.277547 0.277532 0.000000 0.000000
0.000000 0.000000 0.273342 0.273355 0.273373 0.273402 0.273428 0.273469 0.273469 0.273476 0.273474 0.273475 0.273480 0.273485 0.273447 0.273416 0.273398 0.273391 0.273344 0.000000 0.000000
0.000000 0.000000 0.269137 0.269151 0.269170 0.269193 0.269224 0.269309 0.269307 0.269316 0.269316 0.269314 0.269322 0.269324 0.269252 0.269216 0.269198 0.269191 0.269161 0.000000 0.000000
0.000000 0.000000 0.264699 0.264719 0.264735 0.264759 0.264845 0.264868 0.264881 0.264888 0.264886 0.264885 0.264894 0.264897 0.264874 0.264788 0.264770 0.264751 0.264733 0.000000 0.000000
0.000000 0.000000 0.259928 0.259946 0.259980 0.260059 0.260100 0.260154 0.260181 0.260190 0.260202 0.260202 0.260202 0.260215 0.260176 0.260114 0.260020 0.260023 0.260007 0.000000 0.000000
0.000000 0.000000 0.255019 0.255037 0.255138 0.255160 0.255185 0.255213 0.255217 0.255220 0.255215 0.255216 0.255232 0.255220 0.255209 0.255181 0.255177 0.255080 0.255053 0.000000 0.000000
0.000000 0.000000 0.249586 0.249710 0.249800 0.249840 0.249901 0.249935 0.249942 0.249947 0.249959 0.249958 0.249961 0.249974 0.249953 0.249881 0.249834 0.249781 0.249661 0.000000 0.000000
0.000000 0.000000 0.245319 0.245356 0.245297 0.245348 0.245403 0.245518 0.245528 0.245540 0.245536 0.245537 0.245547 0.245544 0.245445 0.245380 0.245308 0.245407 0.245353 0.000000 0.000000
0.000000 0.000000 0.300000 0.300000 0.300000 0.300000 0.300000 0.300000 0.300000 0.300000 0.300000 0.300000 0.300000 0.300000 0.300000 0.300000 0.300000 0.300000 0.300000 0.000000 0.000000
0.000000 0.000000 0.000000 0.000000 0.000000 0.000000 0.000000 0.000000 0.000000 0.000000 0.000000 0.000000 0.000000 0.000000 0.000000 0.000000 0.000000 0.000000 0.000000 0.000000 0.000000