geotop/1.0zi/1.0Montebello/Templates/testdem/maps/_Eocsand4310.asc
ncols         21
nrows         20
xllcorner     100.000000
yllcorner     100.000000
cellsize      50.000000
NODATA_value  -9999.0
0.000000 0.000000 0.000000 0.000000 0.000000 0.000000 0.000000 0.000000 0.000000 0.000000 0.000000 0.000000 0.000000 0.000000 0.000000 0.000000 0.000000 0.000000 0.000000 0.000000 0.000000
0.000000 0.000000 0.300107 0.300107 0.300106 0.300106 0.300106 0.300106 0.300106 0.300106 0.300106 0.300106 0.300106 0.300106 0.300106 0.300106 0.300106 0.300107 0.300107 0.000000 0.000000
0.000000 0.000000 0.300005 0.300004 0.300004 0.300004 0.300004 0.300004 0.300004 0.300004 0.300004 0.300004 0.300004 0.300004 0.300004 0.300004 0.300006 0.300006 0.300005 0.000000 0.000000
0.000000 0.000000 0.299975 0.299973 0.299976 0.299979 0.299977 0.299979 0.299977 0.299978 0.299978 0.299979 0.299979 0.299981 0.299976 0.299973 0.299973 0.299972 0.299974 0.000000 0.000000
0.000000 0.000000 0.299285 0.299284 0.299289 0.299288 0.299295 0.299299 0.299300 0.299304 0.299306 0.299301 0.299304 0.299304 0.299299 0.299300 0.299300 0.299296 0.299290 0.000000 0.000000
0.000000 0.000000 0.296981 0.296980 0.296990 0.297004 0.297010 0.297031 0.297033 0.297042 0.297034 0.297032 0.297029 0.297035 0.297036 0.297025 0.297016 0.297011 0.297004 0.000000 0.000000
0.000000 0.000000 0.293492 0.293500 0.293511 0.293537 0.293562 0.293596 0.293594 0.293601 0.293595 0.293596 0.293600 0.293600 0.293577 0.293548 0.293536 0.293527 0.293515 0.000000 0.000000
0.000000 0.000000 0.289494 0.289502 0.289513 0.289543 0.289570 0.289604 0.289600 0.289606 0.289605 0.289605 0.289612 0.289615 0.289583 0.289553 0.289535 0.289530 0.289518 0.000000 0.000000
0.000000 0.000000 0.285464 0.285476 0.285493 0.285515 0.285541 0.285582 0.285579 0.285587 0.285586 0.285584 0.285589 0.285590 0.285561 0.285526 0.285512 0.285504 0.285488 0.000000 0.000000
0.000000 0.000000 0.281455 0.281467 0.281480 0.281504 0.281537 0.281572 0.281566 0.281573 0.281572 0.281570 0.281578 0.281582 0.281548 0.281513 0.281499 0.281493 0.281480 0.000000 0.000000
0.000000 0.000000 0.277396 0.277408 0.277423 0.277442 0.277465 0.277508 0.277503 0.277513 0.277512 0.277510 0.277517 0.277520 0.277493 0.277467 0.277449 0.277441 0.277426 0.000000 0.000000
0.000000 0.000000 0.273204 0.273217 0.273234 0.273262 0.273288 0.273329 0.273329 0.273336 0.273335 0.273335 0.273340 0.273345 0.273307 0.273276 0.273259 0.273252 0.273206 0.000000 0.000000
0.000000 0.000000 0.268966 0.268979 0.268997 0.269020 0.269050 0.269136 0.269134 0.269143 0.269143 0.269141 0.269149 0.269151 0.269079 0.269043 0.269026 0.269018 0.268988 0.000000 0.000000
0.000000 0.000000 0.264490 0.264510 0.264526 0.264549 0.264635 0.264659 0.264672 0.264679 0.264677 0.264676 0.264685 0.264688 0.264665 0.264578 0.264560 0.264542 0.264524 0.000000 0.000000
0.000000 0.000000 0.259678 0.259695 0.259729 0.259808 0.259850 0.259903 0.259930 0.259940 0.259952 0.259952 0.259952 0.259965 0.259926 0.259863 0.259769 0.259772 0.259756 0.000000 0.000000
0.000000 0.000000 0.254723 0.254741 0.254843 0.254864 0.254890 0.254918 0.254921 0.254924 0.254919 0.254921 0.254937 0.254924 0.254913 0.254886 0.254881 0.254783 0.254756 0.000000 0.000000
0.000000 0.000000 0.249236 0.249362 0.249452 0.249493 0.249554 0.249588 0.249595 0.249600 0.249613 0.249612 0.249615 0.249628 0.249607 0.249533 0.249486 0.249433 0.249312 0.000000 0.000000
0.000000 0.000000 0.244929 0.244967 0.244906 0.244958 0.245014 0.245129 0.245139 0.245152 0.245147 0.245148 0.245159 0.245156 0.245055 0.244990 0.244918 0.245018 0.244963 0.000000 0.000000
0.000000 0.000000 0.300000 0.300000 0.300000 0.300000 0.300000 0.300000 0.300000 0.300000 0.300000 0.300000 0.300000 0.300000 0.300000 0.300000 0.300000 0.300000 0.300000 0.000000 0.000000
0.000000 0.000000 0.000000 0.000000 0.000000 0.000000 0.000000 0.000000 0.000000 0.000000 0.000000 0.000000 0.000000 0.000000 0.000000 0.000000 0.000000 0.000000 0.000000 0.000000 0.000000