geotop/1.0zi/1.0Montebello/Templates/testdem/maps/_Eocclay8525.asc
ncols         21
nrows         20
xllcorner     100.000000
yllcorner     100.000000
cellsize      50.000000
NODATA_value  -9999.0
0.000000 0.000000 0.000000 0.000000 0.000000 0.000000 0.000000 0.000000 0.000000 0.000000 0.000000 0.000000 0.000000 0.000000 0.000000 0.000000 0.000000 0.000000 0.000000 0.000000 0.000000
0.000000 0.000000 0.349608 0.349609 0.349609 0.349608 0.349610 0.349610 0.349610 0.349610 0.349609 0.349610 0.349610 0.349610 0.349610 0.349610 0.349608 0.349608 0.349609 0.000000 0.000000
0.000000 0.000000 0.349982 0.349981 0.349981 0.349984 0.349981 0.349981 0.349981 0.349981 0.349981 0.349981 0.349981 0.349981 0.349982 0.349982 0.349983 0.349982 0.349980 0.000000 0.000000
0.000000 0.000000 0.350005 0.350010 0.350007 0.350005 0.350008 0.350005 0.350007 0.350004 0.350007 0.350005 0.350005 0.350004 0.350006 0.350007 0.350006 0.350010 0.350007 0.000000 0.000000
0.000000 0.000000 0.351050 0.351043 0.351040 0.351034 0.351017 0.351016 0.351013 0.351014 0.351012 0.351014 0.351012 0.351015 0.351024 0.351025 0.351035 0.351037 0.351046 0.000000 0.000000
0.000000 0.000000 0.354139 0.354137 0.354119 0.354089 0.354071 0.354046 0.354048 0.354041 0.354046 0.354046 0.354051 0.354050 0.354062 0.354083 0.354098 0.354111 0.354117 0.000000 0.000000
0.000000 0.000000 0.358363 0.358356 0.358348 0.358321 0.358287 0.358245 0.358245 0.358239 0.358240 0.358242 0.358243 0.358243 0.358279 0.358309 0.358326 0.358339 0.358347 0.000000 0.000000
0.000000 0.000000 0.363367 0.363362 0.363353 0.363320 0.363288 0.363243 0.363243 0.363237 0.363237 0.363235 0.363233 0.363242 0.363280 0.363306 0.363334 0.363343 0.363356 0.000000 0.000000
0.000000 0.000000 0.368723 0.368712 0.368697 0.368677 0.368640 0.368594 0.368597 0.368587 0.368585 0.368583 0.368584 0.368583 0.368628 0.368664 0.368685 0.368695 0.368706 0.000000 0.000000
0.000000 0.000000 0.374454 0.374440 0.374432 0.374411 0.374358 0.374316 0.374317 0.374311 0.374305 0.374310 0.374316 0.374313 0.374352 0.374395 0.374420 0.374429 0.374437 0.000000 0.000000
0.000000 0.000000 0.380766 0.380758 0.380749 0.380700 0.380665 0.380611 0.380625 0.380594 0.380601 0.380599 0.380589 0.380607 0.380645 0.380670 0.380705 0.380722 0.380746 0.000000 0.000000
0.000000 0.000000 0.387848 0.387825 0.387804 0.387777 0.387731 0.387669 0.387663 0.387658 0.387672 0.387649 0.387659 0.387659 0.387727 0.387763 0.387784 0.387798 0.387855 0.000000 0.000000
0.000000 0.000000 0.395599 0.395576 0.395574 0.395524 0.395489 0.395313 0.395309 0.395301 0.395251 0.395281 0.395289 0.395305 0.395440 0.395473 0.395541 0.395545 0.395572 0.000000 0.000000
0.000000 0.000000 0.404835 0.404828 0.404790 0.404758 0.404528 0.404558 0.404512 0.404513 0.404531 0.404514 0.404510 0.404493 0.404464 0.404705 0.404735 0.404799 0.404841 0.000000 0.000000
0.000000 0.000000 0.415841 0.415816 0.415769 0.415470 0.415514 0.415362 0.415298 0.415283 0.415230 0.415199 0.415232 0.415226 0.415375 0.415344 0.415738 0.415670 0.415673 0.000000 0.000000
0.000000 0.000000 0.427874 0.427852 0.427420 0.427566 0.427524 0.427498 0.427669 0.427618 0.427710 0.427683 0.427610 0.427716 0.427711 0.427740 0.427380 0.428018 0.428008 0.000000 0.000000
0.000000 0.000000 0.442622 0.441955 0.442139 0.441870 0.441538 0.441438 0.441239 0.441286 0.441079 0.441103 0.441223 0.441099 0.441273 0.441517 0.442114 0.441686 0.442379 0.000000 0.000000
0.000000 0.000000 0.447109 0.447750 0.448281 0.448294 0.448343 0.447827 0.447928 0.447772 0.448036 0.447985 0.447940 0.448030 0.448454 0.448417 0.448379 0.447983 0.447351 0.000000 0.000000
0.000000 0.000000 0.350000 0.350000 0.350000 0.350000 0.350000 0.350000 0.350000 0.350000 0.350000 0.350000 0.350000 0.350000 0.350000 0.350000 0.350000 0.350000 0.350000 0.000000 0.000000
0.000000 0.000000 0.000000 0.000000 0.000000 0.000000 0.000000 0.000000 0.000000 0.000000 0.000000 0.000000 0.000000 0.000000 0.000000 0.000000 0.000000 0.000000 0.000000 0.000000 0.000000