geotop/1.0zi/1.0Montebello/Templates/testdem/maps/_Eocsilt0571.asc
ncols         21
nrows         20
xllcorner     100.000000
yllcorner     100.000000
cellsize      50.000000
NODATA_value  -9999.0
0.000000 0.000000 0.000000 0.000000 0.000000 0.000000 0.000000 0.000000 0.000000 0.000000 0.000000 0.000000 0.000000 0.000000 0.000000 0.000000 0.000000 0.000000 0.000000 0.000000 0.000000
0.000000 0.000000 0.350011 0.350011 0.350011 0.350011 0.350011 0.350011 0.350011 0.350011 0.350011 0.350011 0.350011 0.350011 0.350011 0.350011 0.350011 0.350011 0.350011 0.000000 0.000000
0.000000 0.000000 0.349998 0.349997 0.349997 0.349997 0.349998 0.349998 0.349998 0.349998 0.349998 0.349998 0.349998 0.349998 0.349998 0.349997 0.349997 0.349997 0.349998 0.000000 0.000000
0.000000 0.000000 0.350283 0.350283 0.350281 0.350283 0.350283 0.350283 0.350283 0.350283 0.350283 0.350283 0.350283 0.350283 0.350283 0.350283 0.350281 0.350283 0.350283 0.000000 0.000000
0.000000 0.000000 0.351172 0.351173 0.351170 0.351172 0.351173 0.351173 0.351173 0.351173 0.351173 0.351173 0.351173 0.351173 0.351173 0.351172 0.351170 0.351173 0.351172 0.000000 0.000000
0.000000 0.000000 0.352154 0.352154 0.352153 0.352154 0.352154 0.352155 0.352155 0.352155 0.352154 0.352155 0.352155 0.352155 0.352154 0.352154 0.352153 0.352154 0.352154 0.000000 0.000000
0.000000 0.000000 0.353053 0.353053 0.353051 0.353053 0.353053 0.353053 0.353053 0.353053 0.353053 0.353053 0.353053 0.353053 0.353053 0.353053 0.353051 0.353053 0.353053 0.000000 0.000000
0.000000 0.000000 0.353887 0.353887 0.353886 0.353887 0.353887 0.353888 0.353888 0.353888 0.353887 0.353888 0.353888 0.353888 0.353887 0.353887 0.353886 0.353887 0.353887 0.000000 0.000000
0.000000 0.000000 0.354677 0.354677 0.354675 0.354676 0.354677 0.354677 0.354677 0.354677 0.354677 0.354677 0.354677 0.354677 0.354677 0.354676 0.354675 0.354677 0.354677 0.000000 0.000000
0.000000 0.000000 0.355438 0.355438 0.355437 0.355438 0.355438 0.355438 0.355438 0.355438 0.355438 0.355438 0.355438 0.355438 0.355438 0.355438 0.355437 0.355438 0.355438 0.000000 0.000000
0.000000 0.000000 0.356179 0.356180 0.356178 0.356179 0.356180 0.356180 0.356180 0.356180 0.356180 0.356180 0.356180 0.356180 0.356180 0.356179 0.356178 0.356180 0.356179 0.000000 0.000000
0.000000 0.000000 0.356907 0.356907 0.356905 0.356907 0.356907 0.356907 0.356907 0.356907 0.356907 0.356907 0.356907 0.356907 0.356907 0.356907 0.356905 0.356907 0.356907 0.000000 0.000000
0.000000 0.000000 0.357621 0.357621 0.357620 0.357621 0.357622 0.357622 0.357622 0.357622 0.357622 0.357622 0.357622 0.357622 0.357622 0.357621 0.357620 0.357621 0.357621 0.000000 0.000000
0.000000 0.000000 0.358326 0.358326 0.358325 0.358326 0.358326 0.358326 0.358326 0.358326 0.358326 0.358326 0.358326 0.358326 0.358326 0.358326 0.358325 0.358326 0.358326 0.000000 0.000000
0.000000 0.000000 0.359023 0.359023 0.359022 0.359023 0.359024 0.359024 0.359024 0.359024 0.359024 0.359024 0.359024 0.359024 0.359024 0.359023 0.359022 0.359023 0.359023 0.000000 0.000000
0.000000 0.000000 0.359718 0.359718 0.359717 0.359718 0.359718 0.359718 0.359719 0.359718 0.359718 0.359718 0.359719 0.359718 0.359718 0.359718 0.359717 0.359718 0.359718 0.000000 0.000000
0.000000 0.000000 0.360406 0.360406 0.360405 0.360406 0.360406 0.360406 0.360406 0.360406 0.360406 0.360406 0.360406 0.360406 0.360406 0.360406 0.360405 0.360406 0.360406 0.000000 0.000000
0.000000 0.000000 0.361102 0.361102 0.361101 0.361102 0.361103 0.361103 0.361103 0.361103 0.361103 0.361103 0.361103 0.361103 0.361103 0.361102 0.361101 0.361102 0.361102 0.000000 0.000000
0.000000 0.000000 0.350000 0.350000 0.350000 0.350000 0.350000 0.350000 0.350000 0.350000 0.350000 0.350000 0.350000 0.350000 0.350000 0.350000 0.350000 0.350000 0.350000 0.000000 0.000000
0.000000 0.000000 0.000000 0.000000 0.000000 0.000000 0.000000 0.000000 0.000000 0.000000 0.000000 0.000000 0.000000 0.000000 0.000000 0.000000 0.000000 0.000000 0.000000 0.000000 0.000000