geotop/1.0zi/1.0Montebello/Templates/testdem/maps/_Eocclay4284.asc
ncols         21
nrows         20
xllcorner     100.000000
yllcorner     100.000000
cellsize      50.000000
NODATA_value  -9999.0
0.000000 0.000000 0.000000 0.000000 0.000000 0.000000 0.000000 0.000000 0.000000 0.000000 0.000000 0.000000 0.000000 0.000000 0.000000 0.000000 0.000000 0.000000 0.000000 0.000000 0.000000
0.000000 0.000000 0.349805 0.349805 0.349805 0.349806 0.349806 0.349806 0.349805 0.349805 0.349805 0.349805 0.349805 0.349805 0.349806 0.349806 0.349805 0.349805 0.349805 0.000000 0.000000
0.000000 0.000000 0.349993 0.349994 0.349993 0.349993 0.349993 0.349993 0.349993 0.349993 0.349993 0.349993 0.349993 0.349993 0.349993 0.349993 0.349993 0.349993 0.349993 0.000000 0.000000
0.000000 0.000000 0.349994 0.349995 0.349993 0.349994 0.349995 0.349995 0.349996 0.349995 0.349995 0.349994 0.349994 0.349993 0.349996 0.349997 0.349996 0.349996 0.349995 0.000000 0.000000
0.000000 0.000000 0.350335 0.350335 0.350333 0.350333 0.350326 0.350325 0.350325 0.350325 0.350324 0.350326 0.350323 0.350323 0.350326 0.350326 0.350327 0.350326 0.350329 0.000000 0.000000
0.000000 0.000000 0.351536 0.351536 0.351530 0.351521 0.351518 0.351509 0.351509 0.351504 0.351508 0.351508 0.351510 0.351507 0.351505 0.351510 0.351515 0.351520 0.351525 0.000000 0.000000
0.000000 0.000000 0.353321 0.353315 0.353309 0.353298 0.353285 0.353266 0.353265 0.353261 0.353264 0.353265 0.353265 0.353264 0.353277 0.353293 0.353301 0.353305 0.353309 0.000000 0.000000
0.000000 0.000000 0.355325 0.355322 0.355316 0.355300 0.355288 0.355269 0.355271 0.355268 0.355269 0.355269 0.355265 0.355264 0.355280 0.355294 0.355302 0.355306 0.355313 0.000000 0.000000
0.000000 0.000000 0.357332 0.357327 0.357318 0.357307 0.357294 0.357274 0.357276 0.357272 0.357272 0.357273 0.357270 0.357270 0.357284 0.357302 0.357309 0.357312 0.357320 0.000000 0.000000
0.000000 0.000000 0.359332 0.359326 0.359319 0.359306 0.359290 0.359272 0.359274 0.359271 0.359272 0.359273 0.359269 0.359267 0.359284 0.359302 0.359309 0.359313 0.359319 0.000000 0.000000
0.000000 0.000000 0.361370 0.361364 0.361356 0.361346 0.361334 0.361312 0.361315 0.361310 0.361310 0.361312 0.361308 0.361306 0.361320 0.361333 0.361343 0.361347 0.361355 0.000000 0.000000
0.000000 0.000000 0.363477 0.363471 0.363462 0.363447 0.363434 0.363413 0.363413 0.363410 0.363410 0.363410 0.363407 0.363405 0.363424 0.363439 0.363448 0.363452 0.363475 0.000000 0.000000
0.000000 0.000000 0.365607 0.365600 0.365590 0.365579 0.365563 0.365520 0.365520 0.365516 0.365516 0.365517 0.365513 0.365513 0.365549 0.365567 0.365576 0.365580 0.365595 0.000000 0.000000
0.000000 0.000000 0.367857 0.367847 0.367838 0.367826 0.367783 0.367771 0.367764 0.367761 0.367762 0.367762 0.367758 0.367756 0.367768 0.367812 0.367821 0.367830 0.367840 0.000000 0.000000
0.000000 0.000000 0.370278 0.370269 0.370252 0.370212 0.370190 0.370163 0.370150 0.370145 0.370139 0.370139 0.370139 0.370133 0.370152 0.370184 0.370232 0.370230 0.370238 0.000000 0.000000
0.000000 0.000000 0.372771 0.372761 0.372710 0.372698 0.372685 0.372671 0.372670 0.372668 0.372670 0.372670 0.372662 0.372668 0.372674 0.372688 0.372690 0.372740 0.372753 0.000000 0.000000
0.000000 0.000000 0.375531 0.375467 0.375421 0.375401 0.375369 0.375352 0.375349 0.375346 0.375339 0.375340 0.375339 0.375332 0.375343 0.375380 0.375404 0.375431 0.375492 0.000000 0.000000
0.000000 0.000000 0.377697 0.377678 0.377708 0.377682 0.377654 0.377595 0.377590 0.377583 0.377586 0.377585 0.377580 0.377582 0.377633 0.377665 0.377702 0.377652 0.377680 0.000000 0.000000
0.000000 0.000000 0.350000 0.350000 0.350000 0.350000 0.350000 0.350000 0.350000 0.350000 0.350000 0.350000 0.350000 0.350000 0.350000 0.350000 0.350000 0.350000 0.350000 0.000000 0.000000
0.000000 0.000000 0.000000 0.000000 0.000000 0.000000 0.000000 0.000000 0.000000 0.000000 0.000000 0.000000 0.000000 0.000000 0.000000 0.000000 0.000000 0.000000 0.000000 0.000000 0.000000