geotop/1.0zi/1.0Montebello/Templates/testdem/maps/_Eocclay1802.asc
ncols         21
nrows         20
xllcorner     100.000000
yllcorner     100.000000
cellsize      50.000000
NODATA_value  -9999.0
0.000000 0.000000 0.000000 0.000000 0.000000 0.000000 0.000000 0.000000 0.000000 0.000000 0.000000 0.000000 0.000000 0.000000 0.000000 0.000000 0.000000 0.000000 0.000000 0.000000 0.000000
0.000000 0.000000 0.349905 0.349905 0.349905 0.349905 0.349905 0.349905 0.349905 0.349905 0.349905 0.349905 0.349905 0.349905 0.349905 0.349905 0.349905 0.349905 0.349905 0.000000 0.000000
0.000000 0.000000 0.349993 0.349993 0.349993 0.349993 0.349993 0.349993 0.349993 0.349993 0.349993 0.349993 0.349993 0.349993 0.349993 0.349993 0.349993 0.349993 0.349993 0.000000 0.000000
0.000000 0.000000 0.350650 0.350650 0.350648 0.350649 0.350650 0.350650 0.350650 0.350651 0.350651 0.350651 0.350650 0.350650 0.350650 0.350649 0.350648 0.350650 0.350650 0.000000 0.000000
0.000000 0.000000 0.353349 0.353348 0.353346 0.353347 0.353350 0.353349 0.353349 0.353350 0.353350 0.353350 0.353349 0.353349 0.353350 0.353347 0.353346 0.353348 0.353349 0.000000 0.000000
0.000000 0.000000 0.356389 0.356388 0.356387 0.356387 0.356389 0.356389 0.356389 0.356389 0.356389 0.356389 0.356389 0.356389 0.356389 0.356387 0.356387 0.356388 0.356389 0.000000 0.000000
0.000000 0.000000 0.359259 0.359258 0.359257 0.359257 0.359259 0.359259 0.359259 0.359259 0.359259 0.359259 0.359259 0.359259 0.359259 0.359257 0.359257 0.359258 0.359259 0.000000 0.000000
0.000000 0.000000 0.361896 0.361896 0.361895 0.361895 0.361897 0.361896 0.361896 0.361897 0.361897 0.361897 0.361896 0.361896 0.361897 0.361895 0.361895 0.361896 0.361896 0.000000 0.000000
0.000000 0.000000 0.364364 0.364364 0.364362 0.364363 0.364365 0.364364 0.364364 0.364365 0.364365 0.364365 0.364364 0.364364 0.364365 0.364363 0.364362 0.364364 0.364364 0.000000 0.000000
0.000000 0.000000 0.366723 0.366723 0.366721 0.366722 0.366724 0.366723 0.366723 0.366723 0.366723 0.366723 0.366723 0.366723 0.366724 0.366722 0.366721 0.366723 0.366723 0.000000 0.000000
0.000000 0.000000 0.368998 0.368998 0.368997 0.368997 0.368999 0.368998 0.368998 0.368999 0.368999 0.368999 0.368998 0.368998 0.368999 0.368997 0.368997 0.368998 0.368998 0.000000 0.000000
0.000000 0.000000 0.371211 0.371211 0.371210 0.371210 0.371212 0.371211 0.371211 0.371212 0.371212 0.371212 0.371211 0.371211 0.371212 0.371210 0.371210 0.371211 0.371211 0.000000 0.000000
0.000000 0.000000 0.373379 0.373378 0.373377 0.373378 0.373379 0.373379 0.373379 0.373379 0.373379 0.373379 0.373379 0.373379 0.373379 0.373378 0.373377 0.373378 0.373379 0.000000 0.000000
0.000000 0.000000 0.375503 0.375503 0.375501 0.375502 0.375503 0.375503 0.375503 0.375503 0.375503 0.375503 0.375503 0.375503 0.375503 0.375502 0.375501 0.375503 0.375503 0.000000 0.000000
0.000000 0.000000 0.377593 0.377593 0.377592 0.377593 0.377594 0.377594 0.377594 0.377594 0.377594 0.377594 0.377594 0.377594 0.377594 0.377593 0.377592 0.377593 0.377593 0.000000 0.000000
0.000000 0.000000 0.379657 0.379656 0.379655 0.379656 0.379657 0.379657 0.379657 0.379657 0.379657 0.379657 0.379657 0.379657 0.379657 0.379656 0.379655 0.379656 0.379657 0.000000 0.000000
0.000000 0.000000 0.381691 0.381691 0.381690 0.381690 0.381692 0.381691 0.381691 0.381692 0.381692 0.381692 0.381691 0.381691 0.381692 0.381690 0.381690 0.381691 0.381691 0.000000 0.000000
0.000000 0.000000 0.383743 0.383743 0.383742 0.383742 0.383744 0.383743 0.383743 0.383744 0.383743 0.383744 0.383743 0.383743 0.383744 0.383742 0.383742 0.383743 0.383743 0.000000 0.000000
0.000000 0.000000 0.350000 0.350000 0.350000 0.350000 0.350000 0.350000 0.350000 0.350000 0.350000 0.350000 0.350000 0.350000 0.350000 0.350000 0.350000 0.350000 0.350000 0.000000 0.000000
0.000000 0.000000 0.000000 0.000000 0.000000 0.000000 0.000000 0.000000 0.000000 0.000000 0.000000 0.000000 0.000000 0.000000 0.000000 0.000000 0.000000 0.000000 0.000000 0.000000 0.000000