geotop/1.0zi/1.0Montebello/Templates/testdem/maps/_Eocclay059€.asc
ncols         21
nrows         20
xllcorner     100.000000
yllcorner     100.000000
cellsize      50.000000
NODATA_value  -9999.0
0.000000 0.000000 0.000000 0.000000 0.000000 0.000000 0.000000 0.000000 0.000000 0.000000 0.000000 0.000000 0.000000 0.000000 0.000000 0.000000 0.000000 0.000000 0.000000 0.000000 0.000000
0.000000 0.000000 0.349496 0.349499 0.349498 0.349497 0.349499 0.349499 0.349499 0.349499 0.349498 0.349499 0.349499 0.349499 0.349499 0.349499 0.349497 0.349498 0.349498 0.000000 0.000000
0.000000 0.000000 0.349980 0.349978 0.349977 0.349980 0.349977 0.349977 0.349977 0.349977 0.349977 0.349977 0.349977 0.349977 0.349978 0.349979 0.349979 0.349978 0.349977 0.000000 0.000000
0.000000 0.000000 0.350081 0.350091 0.350087 0.350083 0.350084 0.350084 0.350089 0.350086 0.350089 0.350086 0.350087 0.350086 0.350089 0.350092 0.350091 0.350090 0.350088 0.000000 0.000000
0.000000 0.000000 0.351875 0.351862 0.351855 0.351839 0.351819 0.351815 0.351812 0.351815 0.351813 0.351817 0.351818 0.351818 0.351828 0.351834 0.351847 0.351854 0.351863 0.000000 0.000000
0.000000 0.000000 0.356442 0.356436 0.356410 0.356366 0.356331 0.356298 0.356303 0.356299 0.356297 0.356297 0.356303 0.356301 0.356318 0.356352 0.356371 0.356386 0.356391 0.000000 0.000000
0.000000 0.000000 0.362516 0.362502 0.362485 0.362440 0.362395 0.362328 0.362330 0.362326 0.362320 0.362321 0.362322 0.362322 0.362374 0.362413 0.362437 0.362453 0.362461 0.000000 0.000000
0.000000 0.000000 0.369802 0.369786 0.369764 0.369703 0.369652 0.369590 0.369592 0.369587 0.369579 0.369576 0.369574 0.369584 0.369632 0.369673 0.369713 0.369724 0.369739 0.000000 0.000000
0.000000 0.000000 0.377951 0.377928 0.377895 0.377848 0.377788 0.377716 0.377724 0.377713 0.377701 0.377699 0.377702 0.377698 0.377765 0.377818 0.377849 0.377862 0.377875 0.000000 0.000000
0.000000 0.000000 0.387236 0.387202 0.387173 0.387120 0.387052 0.386974 0.386976 0.386970 0.386952 0.386959 0.386967 0.386963 0.387017 0.387087 0.387126 0.387143 0.387148 0.000000 0.000000
0.000000 0.000000 0.398187 0.398158 0.398130 0.398014 0.397983 0.397873 0.397897 0.397848 0.397850 0.397841 0.397822 0.397852 0.397916 0.397959 0.398016 0.398037 0.398084 0.000000 0.000000
0.000000 0.000000 0.411421 0.411357 0.411279 0.411226 0.411162 0.411020 0.411008 0.411015 0.411026 0.410985 0.411005 0.410988 0.411113 0.411190 0.411219 0.411239 0.411333 0.000000 0.000000
0.000000 0.000000 0.426552 0.426491 0.426472 0.426347 0.426269 0.425870 0.425860 0.425839 0.425683 0.425790 0.425789 0.425824 0.426111 0.426170 0.426324 0.426334 0.426335 0.000000 0.000000
0.000000 0.000000 0.444812 0.444786 0.444642 0.444570 0.444023 0.444296 0.444180 0.444185 0.444286 0.444186 0.444172 0.444100 0.443858 0.444460 0.444453 0.444597 0.444675 0.000000 0.000000
0.000000 0.000000 0.461742 0.461687 0.461619 0.461083 0.461375 0.461003 0.460948 0.460913 0.460770 0.460749 0.460805 0.460820 0.461140 0.460849 0.461544 0.461368 0.461329 0.000000 0.000000
0.000000 0.000000 0.473104 0.473078 0.472712 0.472847 0.472802 0.472784 0.472936 0.472896 0.472965 0.472950 0.472887 0.472969 0.472941 0.472979 0.472640 0.473165 0.473153 0.000000 0.000000
0.000000 0.000000 0.481790 0.481575 0.481541 0.481482 0.481365 0.481328 0.481302 0.481307 0.481255 0.481257 0.481280 0.481261 0.481302 0.481388 0.481495 0.481488 0.481696 0.000000 0.000000
0.000000 0.000000 0.486192 0.486273 0.486327 0.486336 0.486306 0.486187 0.486221 0.486186 0.486237 0.486225 0.486213 0.486237 0.486335 0.486353 0.486316 0.486297 0.486215 0.000000 0.000000
0.000000 0.000000 0.350000 0.350000 0.350000 0.350000 0.350000 0.350000 0.350000 0.350000 0.350000 0.350000 0.350000 0.350000 0.350000 0.350000 0.350000 0.350000 0.350000 0.000000 0.000000
0.000000 0.000000 0.000000 0.000000 0.000000 0.000000 0.000000 0.000000 0.000000 0.000000 0.000000 0.000000 0.000000 0.000000 0.000000 0.000000 0.000000 0.000000 0.000000 0.000000 0.000000