geotop/1.0zi/1.0Montebello/Templates/testdem/maps/_Eocsand5812.asc
ncols         21
nrows         20
xllcorner     100.000000
yllcorner     100.000000
cellsize      50.000000
NODATA_value  -9999.0
0.000000 0.000000 0.000000 0.000000 0.000000 0.000000 0.000000 0.000000 0.000000 0.000000 0.000000 0.000000 0.000000 0.000000 0.000000 0.000000 0.000000 0.000000 0.000000 0.000000 0.000000
0.000000 0.000000 0.300144 0.300143 0.300143 0.300143 0.300143 0.300143 0.300143 0.300143 0.300143 0.300143 0.300143 0.300143 0.300143 0.300143 0.300143 0.300143 0.300144 0.000000 0.000000
0.000000 0.000000 0.300009 0.300008 0.300008 0.300008 0.300008 0.300008 0.300008 0.300008 0.300008 0.300008 0.300007 0.300007 0.300008 0.300008 0.300010 0.300010 0.300009 0.000000 0.000000
0.000000 0.000000 0.299968 0.299967 0.299970 0.299974 0.299971 0.299973 0.299971 0.299972 0.299971 0.299974 0.299973 0.299974 0.299970 0.299965 0.299966 0.299963 0.299965 0.000000 0.000000
0.000000 0.000000 0.298997 0.298994 0.298996 0.299004 0.299018 0.299026 0.299026 0.299027 0.299030 0.299028 0.299031 0.299029 0.299020 0.299018 0.299014 0.299003 0.298995 0.000000 0.000000
0.000000 0.000000 0.295911 0.295907 0.295916 0.295948 0.295965 0.295999 0.296000 0.296008 0.296001 0.295998 0.295994 0.295999 0.295989 0.295971 0.295956 0.295941 0.295932 0.000000 0.000000
0.000000 0.000000 0.291301 0.291305 0.291311 0.291345 0.291386 0.291437 0.291436 0.291442 0.291437 0.291435 0.291438 0.291437 0.291402 0.291364 0.291347 0.291328 0.291316 0.000000 0.000000
0.000000 0.000000 0.285664 0.285663 0.285665 0.285701 0.285742 0.285796 0.285795 0.285801 0.285800 0.285801 0.285804 0.285798 0.285758 0.285722 0.285692 0.285684 0.285666 0.000000 0.000000
0.000000 0.000000 0.279839 0.279847 0.279859 0.279881 0.279921 0.279979 0.279976 0.279986 0.279990 0.279987 0.279988 0.279993 0.279941 0.279901 0.279875 0.279866 0.279850 0.000000 0.000000
0.000000 0.000000 0.273965 0.273974 0.273978 0.273993 0.274051 0.274102 0.274098 0.274104 0.274112 0.274103 0.274097 0.274105 0.274064 0.274018 0.273991 0.273986 0.273975 0.000000 0.000000
0.000000 0.000000 0.267897 0.267903 0.267903 0.267944 0.267983 0.268041 0.268028 0.268055 0.268054 0.268051 0.268058 0.268045 0.268012 0.267983 0.267953 0.267935 0.267911 0.000000 0.000000
0.000000 0.000000 0.261524 0.261538 0.261553 0.261581 0.261616 0.261684 0.261681 0.261697 0.261679 0.261696 0.261693 0.261689 0.261630 0.261602 0.261581 0.261572 0.261509 0.000000 0.000000
0.000000 0.000000 0.254976 0.254988 0.254991 0.255024 0.255056 0.255194 0.255194 0.255206 0.255234 0.255218 0.255208 0.255199 0.255099 0.255073 0.255025 0.255020 0.254975 0.000000 0.000000
0.000000 0.000000 0.247858 0.247866 0.247882 0.247903 0.248037 0.248071 0.248102 0.248103 0.248113 0.248108 0.248107 0.248113 0.248098 0.247965 0.247925 0.247891 0.247846 0.000000 0.000000
0.000000 0.000000 0.240012 0.240022 0.240049 0.240187 0.240231 0.240311 0.240363 0.240371 0.240397 0.240411 0.240395 0.240408 0.240349 0.240286 0.240089 0.240105 0.240078 0.000000 0.000000
0.000000 0.000000 0.231704 0.231714 0.231893 0.231924 0.231935 0.231986 0.231950 0.231972 0.231956 0.231975 0.231997 0.231962 0.231932 0.231914 0.231929 0.231697 0.231692 0.000000 0.000000
0.000000 0.000000 0.222182 0.222428 0.222511 0.222583 0.222701 0.222762 0.222783 0.222786 0.222839 0.222846 0.222823 0.222835 0.222768 0.222679 0.222538 0.222486 0.222236 0.000000 0.000000
0.000000 0.000000 0.215254 0.215241 0.215021 0.215081 0.215174 0.215406 0.215410 0.215462 0.215427 0.215440 0.215425 0.215421 0.215211 0.215144 0.214993 0.215219 0.215218 0.000000 0.000000
0.000000 0.000000 0.300000 0.300000 0.300000 0.300000 0.300000 0.300000 0.300000 0.300000 0.300000 0.300000 0.300000 0.300000 0.300000 0.300000 0.300000 0.300000 0.300000 0.000000 0.000000
0.000000 0.000000 0.000000 0.000000 0.000000 0.000000 0.000000 0.000000 0.000000 0.000000 0.000000 0.000000 0.000000 0.000000 0.000000 0.000000 0.000000 0.000000 0.000000 0.000000 0.000000