geotop/1.0zi/1.0Montebello/Templates/testdem/maps/_Eocclay190k.asc
ncols         21
nrows         20
xllcorner     100.000000
yllcorner     100.000000
cellsize      50.000000
NODATA_value  -9999.0
0.000000 0.000000 0.000000 0.000000 0.000000 0.000000 0.000000 0.000000 0.000000 0.000000 0.000000 0.000000 0.000000 0.000000 0.000000 0.000000 0.000000 0.000000 0.000000 0.000000 0.000000
0.000000 0.000000 0.349429 0.349432 0.349432 0.349431 0.349433 0.349434 0.349433 0.349433 0.349432 0.349433 0.349433 0.349433 0.349433 0.349433 0.349431 0.349431 0.349432 0.000000 0.000000
0.000000 0.000000 0.349973 0.349972 0.349972 0.349974 0.349971 0.349971 0.349972 0.349971 0.349971 0.349972 0.349972 0.349971 0.349972 0.349973 0.349973 0.349973 0.349972 0.000000 0.000000
0.000000 0.000000 0.350126 0.350136 0.350130 0.350127 0.350132 0.350132 0.350133 0.350129 0.350131 0.350128 0.350128 0.350130 0.350131 0.350135 0.350133 0.350132 0.350132 0.000000 0.000000
0.000000 0.000000 0.352329 0.352313 0.352304 0.352285 0.352261 0.352253 0.352248 0.352248 0.352245 0.352253 0.352254 0.352252 0.352260 0.352268 0.352283 0.352295 0.352301 0.000000 0.000000
0.000000 0.000000 0.357801 0.357790 0.357760 0.357713 0.357676 0.357637 0.357638 0.357630 0.357627 0.357629 0.357636 0.357631 0.357648 0.357689 0.357708 0.357727 0.357731 0.000000 0.000000
0.000000 0.000000 0.365071 0.365053 0.365028 0.364978 0.364929 0.364847 0.364840 0.364830 0.364830 0.364830 0.364830 0.364828 0.364887 0.364933 0.364959 0.364982 0.364987 0.000000 0.000000
0.000000 0.000000 0.373966 0.373944 0.373915 0.373844 0.373788 0.373713 0.373703 0.373692 0.373687 0.373686 0.373682 0.373691 0.373741 0.373792 0.373837 0.373852 0.373866 0.000000 0.000000
0.000000 0.000000 0.384279 0.384247 0.384203 0.384145 0.384077 0.383980 0.383975 0.383952 0.383949 0.383942 0.383944 0.383936 0.384014 0.384080 0.384116 0.384140 0.384151 0.000000 0.000000
0.000000 0.000000 0.396561 0.396509 0.396459 0.396401 0.396316 0.396212 0.396192 0.396178 0.396165 0.396170 0.396186 0.396177 0.396237 0.396328 0.396376 0.396403 0.396404 0.000000 0.000000
0.000000 0.000000 0.411721 0.411669 0.411630 0.411464 0.411431 0.411275 0.411301 0.411215 0.411241 0.411222 0.411183 0.411224 0.411305 0.411356 0.411431 0.411466 0.411526 0.000000 0.000000
0.000000 0.000000 0.430553 0.430446 0.430324 0.430273 0.430188 0.429985 0.429944 0.429956 0.429985 0.429916 0.429947 0.429915 0.430082 0.430191 0.430219 0.430256 0.430373 0.000000 0.000000
0.000000 0.000000 0.450419 0.450339 0.450338 0.450180 0.450082 0.449575 0.449531 0.449484 0.449288 0.449440 0.449431 0.449473 0.449830 0.449899 0.450100 0.450132 0.450076 0.000000 0.000000
0.000000 0.000000 0.468325 0.468312 0.468185 0.468138 0.467691 0.467967 0.467856 0.467853 0.467968 0.467864 0.467849 0.467781 0.467551 0.468050 0.468030 0.468149 0.468203 0.000000 0.000000
0.000000 0.000000 0.479369 0.479343 0.479284 0.479054 0.479089 0.478989 0.478942 0.478930 0.478888 0.478865 0.478889 0.478882 0.478964 0.478935 0.479218 0.479169 0.479162 0.000000 0.000000
0.000000 0.000000 0.486790 0.486772 0.486614 0.486604 0.486579 0.486556 0.486592 0.486573 0.486591 0.486575 0.486558 0.486584 0.486587 0.486615 0.486565 0.486745 0.486745 0.000000 0.000000
0.000000 0.000000 0.492780 0.492638 0.492665 0.492529 0.492481 0.492420 0.492362 0.492368 0.492308 0.492306 0.492339 0.492310 0.492377 0.492409 0.492628 0.492507 0.492641 0.000000 0.000000
0.000000 0.000000 0.495685 0.495819 0.495857 0.495830 0.495865 0.495743 0.495776 0.495739 0.495790 0.495775 0.495759 0.495789 0.495880 0.495851 0.495846 0.495831 0.495686 0.000000 0.000000
0.000000 0.000000 0.350000 0.350000 0.350000 0.350000 0.350000 0.350000 0.350000 0.350000 0.350000 0.350000 0.350000 0.350000 0.350000 0.350000 0.350000 0.350000 0.350000 0.000000 0.000000
0.000000 0.000000 0.000000 0.000000 0.000000 0.000000 0.000000 0.000000 0.000000 0.000000 0.000000 0.000000 0.000000 0.000000 0.000000 0.000000 0.000000 0.000000 0.000000 0.000000 0.000000