geotop/1.0zi/1.0Montebello/Templates/testdem/maps/_Eocsand8542.asc
ncols         21
nrows         20
xllcorner     100.000000
yllcorner     100.000000
cellsize      50.000000
NODATA_value  -9999.0
0.000000 0.000000 0.000000 0.000000 0.000000 0.000000 0.000000 0.000000 0.000000 0.000000 0.000000 0.000000 0.000000 0.000000 0.000000 0.000000 0.000000 0.000000 0.000000 0.000000 0.000000
0.000000 0.000000 0.300214 0.300212 0.300212 0.300212 0.300211 0.300211 0.300211 0.300211 0.300212 0.300211 0.300212 0.300212 0.300211 0.300212 0.300213 0.300213 0.300213 0.000000 0.000000
0.000000 0.000000 0.300012 0.300013 0.300013 0.300011 0.300012 0.300013 0.300012 0.300012 0.300013 0.300013 0.300012 0.300012 0.300012 0.300012 0.300013 0.300014 0.300014 0.000000 0.000000
0.000000 0.000000 0.299893 0.299892 0.299897 0.299905 0.299900 0.299908 0.299903 0.299906 0.299906 0.299906 0.299906 0.299907 0.299903 0.299898 0.299896 0.299892 0.299893 0.000000 0.000000
0.000000 0.000000 0.297872 0.297874 0.297888 0.297905 0.297931 0.297939 0.297943 0.297945 0.297946 0.297942 0.297941 0.297939 0.297917 0.297911 0.297898 0.297886 0.297875 0.000000 0.000000
0.000000 0.000000 0.291902 0.291907 0.291934 0.291984 0.292022 0.292069 0.292069 0.292083 0.292072 0.292072 0.292063 0.292067 0.292041 0.292008 0.291979 0.291959 0.291946 0.000000 0.000000
0.000000 0.000000 0.283522 0.283536 0.283555 0.283610 0.283680 0.283759 0.283758 0.283767 0.283766 0.283764 0.283766 0.283761 0.283693 0.283635 0.283600 0.283572 0.283556 0.000000 0.000000
0.000000 0.000000 0.273596 0.273606 0.273621 0.273685 0.273749 0.273836 0.273836 0.273848 0.273848 0.273852 0.273857 0.273841 0.273767 0.273712 0.273657 0.273642 0.273615 0.000000 0.000000
0.000000 0.000000 0.262916 0.262939 0.262969 0.263011 0.263084 0.263177 0.263171 0.263191 0.263196 0.263198 0.263195 0.263198 0.263107 0.263036 0.262993 0.262971 0.262949 0.000000 0.000000
0.000000 0.000000 0.251522 0.251548 0.251565 0.251606 0.251711 0.251795 0.251794 0.251805 0.251818 0.251808 0.251796 0.251801 0.251725 0.251639 0.251589 0.251570 0.251555 0.000000 0.000000
0.000000 0.000000 0.239026 0.239041 0.239059 0.239157 0.239226 0.239332 0.239304 0.239365 0.239352 0.239356 0.239375 0.239341 0.239265 0.239215 0.239146 0.239111 0.239064 0.000000 0.000000
0.000000 0.000000 0.225010 0.225055 0.225097 0.225151 0.225242 0.225365 0.225377 0.225387 0.225359 0.225404 0.225384 0.225383 0.225249 0.225178 0.225136 0.225108 0.224996 0.000000 0.000000
0.000000 0.000000 0.209696 0.209741 0.209747 0.209844 0.209915 0.210261 0.210268 0.210284 0.210383 0.210323 0.210308 0.210277 0.210010 0.209946 0.209812 0.209803 0.209749 0.000000 0.000000
0.000000 0.000000 0.191487 0.191500 0.191575 0.191638 0.192089 0.192032 0.192122 0.192121 0.192084 0.192119 0.192126 0.192161 0.192216 0.191742 0.191683 0.191558 0.191475 0.000000 0.000000
0.000000 0.000000 0.169852 0.169901 0.169994 0.170578 0.170494 0.170792 0.170916 0.170946 0.171050 0.171112 0.171045 0.171058 0.170766 0.170825 0.170053 0.170186 0.170180 0.000000 0.000000
0.000000 0.000000 0.146306 0.146348 0.147187 0.146908 0.146989 0.147042 0.146711 0.146811 0.146633 0.146684 0.146826 0.146620 0.146628 0.146571 0.147264 0.146028 0.146046 0.000000 0.000000
0.000000 0.000000 0.117768 0.119038 0.118695 0.119207 0.119841 0.120034 0.120412 0.120324 0.120718 0.120673 0.120443 0.120679 0.120345 0.119879 0.118742 0.119550 0.118229 0.000000 0.000000
0.000000 0.000000 0.108837 0.107662 0.106670 0.106656 0.106578 0.107546 0.107363 0.107653 0.107165 0.107260 0.107340 0.107176 0.106376 0.106435 0.106488 0.107233 0.108392 0.000000 0.000000
0.000000 0.000000 0.300000 0.300000 0.300000 0.300000 0.300000 0.300000 0.300000 0.300000 0.300000 0.300000 0.300000 0.300000 0.300000 0.300000 0.300000 0.300000 0.300000 0.000000 0.000000
0.000000 0.000000 0.000000 0.000000 0.000000 0.000000 0.000000 0.000000 0.000000 0.000000 0.000000 0.000000 0.000000 0.000000 0.000000 0.000000 0.000000 0.000000 0.000000 0.000000 0.000000