geotop/1.0zi/1.0Montebello/Templates/testdem/maps/_Eocsilt9569.asc
ncols         21
nrows         20
xllcorner     100.000000
yllcorner     100.000000
cellsize      50.000000
NODATA_value  -9999.0
0.000000 0.000000 0.000000 0.000000 0.000000 0.000000 0.000000 0.000000 0.000000 0.000000 0.000000 0.000000 0.000000 0.000000 0.000000 0.000000 0.000000 0.000000 0.000000 0.000000 0.000000
0.000000 0.000000 0.350204 0.350204 0.350204 0.350204 0.350203 0.350203 0.350204 0.350203 0.350204 0.350203 0.350203 0.350203 0.350203 0.350204 0.350204 0.350204 0.350204 0.000000 0.000000
0.000000 0.000000 0.350008 0.350008 0.350008 0.350007 0.350008 0.350008 0.350008 0.350008 0.350008 0.350008 0.350009 0.350009 0.350008 0.350007 0.350006 0.350006 0.350007 0.000000 0.000000
0.000000 0.000000 0.350146 0.350143 0.350137 0.350132 0.350132 0.350126 0.350129 0.350130 0.350127 0.350131 0.350132 0.350131 0.350134 0.350138 0.350143 0.350144 0.350146 0.000000 0.000000
0.000000 0.000000 0.351430 0.351435 0.351424 0.351407 0.351397 0.351391 0.351394 0.351391 0.351392 0.351394 0.351399 0.351398 0.351411 0.351418 0.351422 0.351428 0.351432 0.000000 0.000000
0.000000 0.000000 0.354959 0.354954 0.354939 0.354918 0.354887 0.354862 0.354860 0.354855 0.354858 0.354860 0.354864 0.354862 0.354878 0.354899 0.354911 0.354918 0.354926 0.000000 0.000000
0.000000 0.000000 0.359944 0.359935 0.359918 0.359885 0.359844 0.359792 0.359797 0.359794 0.359792 0.359792 0.359790 0.359796 0.359835 0.359867 0.359887 0.359902 0.359910 0.000000 0.000000
0.000000 0.000000 0.365851 0.365841 0.365828 0.365791 0.365749 0.365701 0.365705 0.365699 0.365696 0.365694 0.365693 0.365701 0.365739 0.365776 0.365808 0.365814 0.365828 0.000000 0.000000
0.000000 0.000000 0.372344 0.372328 0.372307 0.372279 0.372231 0.372172 0.372179 0.372168 0.372163 0.372162 0.372165 0.372163 0.372219 0.372261 0.372287 0.372298 0.372311 0.000000 0.000000
0.000000 0.000000 0.379452 0.379433 0.379416 0.379386 0.379321 0.379267 0.379271 0.379264 0.379255 0.379260 0.379268 0.379267 0.379310 0.379365 0.379395 0.379406 0.379413 0.000000 0.000000
0.000000 0.000000 0.387456 0.387443 0.387428 0.387357 0.387315 0.387244 0.387264 0.387226 0.387232 0.387228 0.387216 0.387239 0.387287 0.387321 0.387362 0.387380 0.387413 0.000000 0.000000
0.000000 0.000000 0.396726 0.396694 0.396652 0.396619 0.396557 0.396469 0.396471 0.396467 0.396482 0.396450 0.396468 0.396466 0.396553 0.396604 0.396626 0.396640 0.396710 0.000000 0.000000
0.000000 0.000000 0.407105 0.407078 0.407070 0.406989 0.406938 0.406684 0.406686 0.406673 0.406592 0.406643 0.406652 0.406677 0.406866 0.406912 0.407003 0.407011 0.407032 0.000000 0.000000
0.000000 0.000000 0.419848 0.419841 0.419768 0.419723 0.419365 0.419471 0.419404 0.419407 0.419454 0.419411 0.419405 0.419373 0.419275 0.419660 0.419679 0.419771 0.419827 0.000000 0.000000
0.000000 0.000000 0.434488 0.434447 0.434378 0.433926 0.434086 0.433814 0.433748 0.433723 0.433627 0.433590 0.433644 0.433648 0.433897 0.433749 0.434343 0.434209 0.434193 0.000000 0.000000
0.000000 0.000000 0.448113 0.448089 0.447570 0.447827 0.447734 0.447749 0.447979 0.447919 0.448042 0.448021 0.447926 0.448052 0.447991 0.448072 0.447508 0.448299 0.448288 0.000000 0.000000
0.000000 0.000000 0.460193 0.459782 0.459893 0.459716 0.459501 0.459430 0.459301 0.459331 0.459193 0.459209 0.459289 0.459208 0.459324 0.459485 0.459866 0.459592 0.460021 0.000000 0.000000
0.000000 0.000000 0.465198 0.465220 0.465466 0.465377 0.465292 0.465079 0.465057 0.465015 0.465047 0.465036 0.465056 0.465052 0.465248 0.465311 0.465479 0.465200 0.465184 0.000000 0.000000
0.000000 0.000000 0.350000 0.350000 0.350000 0.350000 0.350000 0.350000 0.350000 0.350000 0.350000 0.350000 0.350000 0.350000 0.350000 0.350000 0.350000 0.350000 0.350000 0.000000 0.000000
0.000000 0.000000 0.000000 0.000000 0.000000 0.000000 0.000000 0.000000 0.000000 0.000000 0.000000 0.000000 0.000000 0.000000 0.000000 0.000000 0.000000 0.000000 0.000000 0.000000 0.000000