geotop/1.0zi/1.0Montebello/Templates/testdem/maps/_Eocsilt1639.asc
ncols         21
nrows         20
xllcorner     100.000000
yllcorner     100.000000
cellsize      50.000000
NODATA_value  -9999.0
0.000000 0.000000 0.000000 0.000000 0.000000 0.000000 0.000000 0.000000 0.000000 0.000000 0.000000 0.000000 0.000000 0.000000 0.000000 0.000000 0.000000 0.000000 0.000000 0.000000 0.000000
0.000000 0.000000 0.350037 0.350037 0.350037 0.350037 0.350037 0.350037 0.350037 0.350037 0.350037 0.350037 0.350037 0.350037 0.350037 0.350037 0.350037 0.350037 0.350037 0.000000 0.000000
0.000000 0.000000 0.349999 0.349998 0.349998 0.349999 0.349999 0.349999 0.349999 0.349999 0.349999 0.349999 0.349999 0.349999 0.349999 0.349999 0.349998 0.349998 0.349999 0.000000 0.000000
0.000000 0.000000 0.350650 0.350649 0.350647 0.350648 0.350650 0.350650 0.350650 0.350650 0.350650 0.350650 0.350650 0.350650 0.350650 0.350648 0.350647 0.350649 0.350650 0.000000 0.000000
0.000000 0.000000 0.352937 0.352936 0.352934 0.352934 0.352937 0.352937 0.352937 0.352938 0.352937 0.352938 0.352937 0.352937 0.352937 0.352934 0.352934 0.352936 0.352937 0.000000 0.000000
0.000000 0.000000 0.355762 0.355762 0.355760 0.355761 0.355763 0.355763 0.355763 0.355763 0.355763 0.355763 0.355763 0.355763 0.355763 0.355761 0.355760 0.355762 0.355762 0.000000 0.000000
0.000000 0.000000 0.358352 0.358352 0.358350 0.358351 0.358353 0.358352 0.358352 0.358353 0.358353 0.358353 0.358352 0.358352 0.358353 0.358351 0.358350 0.358352 0.358352 0.000000 0.000000
0.000000 0.000000 0.360728 0.360727 0.360726 0.360726 0.360728 0.360728 0.360728 0.360728 0.360728 0.360728 0.360728 0.360728 0.360728 0.360726 0.360726 0.360727 0.360728 0.000000 0.000000
0.000000 0.000000 0.362951 0.362951 0.362949 0.362950 0.362952 0.362951 0.362951 0.362952 0.362952 0.362952 0.362951 0.362951 0.362952 0.362950 0.362949 0.362951 0.362951 0.000000 0.000000
0.000000 0.000000 0.365078 0.365078 0.365076 0.365077 0.365078 0.365078 0.365078 0.365078 0.365078 0.365078 0.365078 0.365078 0.365078 0.365077 0.365076 0.365078 0.365078 0.000000 0.000000
0.000000 0.000000 0.367131 0.367130 0.367129 0.367130 0.367131 0.367131 0.367131 0.367131 0.367131 0.367131 0.367131 0.367131 0.367131 0.367130 0.367129 0.367130 0.367131 0.000000 0.000000
0.000000 0.000000 0.369129 0.369128 0.369127 0.369128 0.369129 0.369129 0.369129 0.369129 0.369129 0.369129 0.369129 0.369129 0.369129 0.369128 0.369127 0.369128 0.369129 0.000000 0.000000
0.000000 0.000000 0.371087 0.371086 0.371085 0.371086 0.371087 0.371087 0.371087 0.371087 0.371087 0.371087 0.371087 0.371087 0.371087 0.371086 0.371085 0.371086 0.371087 0.000000 0.000000
0.000000 0.000000 0.373005 0.373004 0.373003 0.373004 0.373005 0.373005 0.373005 0.373005 0.373005 0.373005 0.373005 0.373005 0.373005 0.373004 0.373003 0.373004 0.373005 0.000000 0.000000
0.000000 0.000000 0.374892 0.374892 0.374891 0.374891 0.374892 0.374892 0.374892 0.374892 0.374892 0.374892 0.374892 0.374892 0.374892 0.374891 0.374891 0.374892 0.374892 0.000000 0.000000
0.000000 0.000000 0.376756 0.376755 0.376754 0.376755 0.376756 0.376756 0.376756 0.376756 0.376756 0.376756 0.376756 0.376756 0.376756 0.376755 0.376754 0.376755 0.376756 0.000000 0.000000
0.000000 0.000000 0.378596 0.378596 0.378595 0.378595 0.378597 0.378596 0.378596 0.378597 0.378596 0.378597 0.378596 0.378596 0.378597 0.378595 0.378595 0.378596 0.378596 0.000000 0.000000
0.000000 0.000000 0.380453 0.380453 0.380452 0.380452 0.380453 0.380453 0.380453 0.380453 0.380453 0.380453 0.380453 0.380453 0.380453 0.380452 0.380452 0.380453 0.380453 0.000000 0.000000
0.000000 0.000000 0.350000 0.350000 0.350000 0.350000 0.350000 0.350000 0.350000 0.350000 0.350000 0.350000 0.350000 0.350000 0.350000 0.350000 0.350000 0.350000 0.350000 0.000000 0.000000
0.000000 0.000000 0.000000 0.000000 0.000000 0.000000 0.000000 0.000000 0.000000 0.000000 0.000000 0.000000 0.000000 0.000000 0.000000 0.000000 0.000000 0.000000 0.000000 0.000000 0.000000