geotop/1.0zi/1.0Montebello/Templates/testdem/maps/_Eocsand1468.asc
ncols         21
nrows         20
xllcorner     100.000000
yllcorner     100.000000
cellsize      50.000000
NODATA_value  -9999.0
0.000000 0.000000 0.000000 0.000000 0.000000 0.000000 0.000000 0.000000 0.000000 0.000000 0.000000 0.000000 0.000000 0.000000 0.000000 0.000000 0.000000 0.000000 0.000000 0.000000 0.000000
0.000000 0.000000 0.300044 0.300044 0.300044 0.300044 0.300044 0.300044 0.300044 0.300044 0.300044 0.300044 0.300044 0.300044 0.300044 0.300044 0.300044 0.300044 0.300044 0.000000 0.000000
0.000000 0.000000 0.300006 0.300007 0.300007 0.300006 0.300006 0.300006 0.300006 0.300006 0.300006 0.300006 0.300006 0.300006 0.300006 0.300006 0.300007 0.300007 0.300006 0.000000 0.000000
0.000000 0.000000 0.298814 0.298815 0.298820 0.298818 0.298814 0.298815 0.298815 0.298814 0.298814 0.298814 0.298815 0.298815 0.298814 0.298818 0.298820 0.298815 0.298814 0.000000 0.000000
0.000000 0.000000 0.294595 0.294596 0.294601 0.294601 0.294594 0.294596 0.294596 0.294594 0.294594 0.294594 0.294596 0.294596 0.294594 0.294601 0.294601 0.294596 0.294595 0.000000 0.000000
0.000000 0.000000 0.289658 0.289659 0.289663 0.289663 0.289657 0.289659 0.289659 0.289658 0.289658 0.289658 0.289659 0.289659 0.289657 0.289663 0.289663 0.289659 0.289658 0.000000 0.000000
0.000000 0.000000 0.285035 0.285035 0.285039 0.285038 0.285034 0.285035 0.285035 0.285034 0.285034 0.285034 0.285035 0.285035 0.285034 0.285038 0.285039 0.285035 0.285035 0.000000 0.000000
0.000000 0.000000 0.280779 0.280780 0.280783 0.280782 0.280779 0.280780 0.280780 0.280779 0.280779 0.280779 0.280780 0.280780 0.280779 0.280782 0.280783 0.280780 0.280779 0.000000 0.000000
0.000000 0.000000 0.276790 0.276791 0.276794 0.276793 0.276790 0.276791 0.276791 0.276790 0.276790 0.276790 0.276791 0.276791 0.276790 0.276793 0.276794 0.276791 0.276790 0.000000 0.000000
0.000000 0.000000 0.272969 0.272969 0.272973 0.272972 0.272968 0.272969 0.272969 0.272968 0.272969 0.272968 0.272969 0.272969 0.272968 0.272972 0.272973 0.272969 0.272969 0.000000 0.000000
0.000000 0.000000 0.269276 0.269277 0.269280 0.269279 0.269276 0.269277 0.269277 0.269276 0.269276 0.269276 0.269277 0.269277 0.269276 0.269279 0.269280 0.269277 0.269276 0.000000 0.000000
0.000000 0.000000 0.265677 0.265678 0.265681 0.265680 0.265677 0.265678 0.265678 0.265677 0.265677 0.265677 0.265678 0.265678 0.265677 0.265680 0.265681 0.265678 0.265677 0.000000 0.000000
0.000000 0.000000 0.262142 0.262142 0.262145 0.262144 0.262141 0.262142 0.262142 0.262141 0.262141 0.262141 0.262142 0.262142 0.262141 0.262144 0.262145 0.262142 0.262142 0.000000 0.000000
0.000000 0.000000 0.258670 0.258670 0.258673 0.258672 0.258669 0.258670 0.258670 0.258669 0.258669 0.258669 0.258670 0.258670 0.258669 0.258672 0.258673 0.258670 0.258670 0.000000 0.000000
0.000000 0.000000 0.255245 0.255246 0.255249 0.255248 0.255245 0.255246 0.255246 0.255245 0.255245 0.255245 0.255246 0.255246 0.255245 0.255248 0.255249 0.255246 0.255245 0.000000 0.000000
0.000000 0.000000 0.251856 0.251856 0.251859 0.251858 0.251855 0.251856 0.251856 0.251855 0.251855 0.251855 0.251856 0.251856 0.251855 0.251858 0.251859 0.251856 0.251856 0.000000 0.000000
0.000000 0.000000 0.248502 0.248503 0.248506 0.248505 0.248502 0.248503 0.248503 0.248502 0.248502 0.248502 0.248503 0.248503 0.248502 0.248505 0.248506 0.248503 0.248502 0.000000 0.000000
0.000000 0.000000 0.245106 0.245105 0.245108 0.245107 0.245104 0.245105 0.245105 0.245104 0.245105 0.245104 0.245105 0.245105 0.245104 0.245107 0.245108 0.245105 0.245105 0.000000 0.000000
0.000000 0.000000 0.300000 0.300000 0.300000 0.300000 0.300000 0.300000 0.300000 0.300000 0.300000 0.300000 0.300000 0.300000 0.300000 0.300000 0.300000 0.300000 0.300000 0.000000 0.000000
0.000000 0.000000 0.000000 0.000000 0.000000 0.000000 0.000000 0.000000 0.000000 0.000000 0.000000 0.000000 0.000000 0.000000 0.000000 0.000000 0.000000 0.000000 0.000000 0.000000 0.000000