geotop/1.0zi/1.0Montebello/Templates/testdem/maps/_Eocsand9382.asc
ncols         21
nrows         20
xllcorner     100.000000
yllcorner     100.000000
cellsize      50.000000
NODATA_value  -9999.0
0.000000 0.000000 0.000000 0.000000 0.000000 0.000000 0.000000 0.000000 0.000000 0.000000 0.000000 0.000000 0.000000 0.000000 0.000000 0.000000 0.000000 0.000000 0.000000 0.000000 0.000000
0.000000 0.000000 0.300240 0.300238 0.300238 0.300238 0.300237 0.300237 0.300237 0.300237 0.300238 0.300237 0.300237 0.300238 0.300237 0.300237 0.300239 0.300238 0.300238 0.000000 0.000000
0.000000 0.000000 0.300012 0.300013 0.300013 0.300011 0.300013 0.300013 0.300013 0.300013 0.300013 0.300013 0.300012 0.300012 0.300012 0.300012 0.300013 0.300014 0.300014 0.000000 0.000000
0.000000 0.000000 0.299851 0.299850 0.299857 0.299865 0.299863 0.299867 0.299861 0.299863 0.299863 0.299861 0.299860 0.299862 0.299857 0.299851 0.299848 0.299847 0.299847 0.000000 0.000000
0.000000 0.000000 0.297390 0.297392 0.297409 0.297436 0.297464 0.297469 0.297471 0.297472 0.297473 0.297466 0.297462 0.297462 0.297439 0.297428 0.297414 0.297404 0.297391 0.000000 0.000000
0.000000 0.000000 0.290364 0.290375 0.290412 0.290465 0.290524 0.290575 0.290574 0.290585 0.290580 0.290578 0.290568 0.290571 0.290541 0.290492 0.290466 0.290446 0.290433 0.000000 0.000000
0.000000 0.000000 0.280656 0.280675 0.280706 0.280769 0.280848 0.280954 0.280946 0.280954 0.280957 0.280955 0.280956 0.280948 0.280868 0.280804 0.280765 0.280737 0.280720 0.000000 0.000000
0.000000 0.000000 0.269146 0.269167 0.269194 0.269269 0.269350 0.269446 0.269441 0.269452 0.269457 0.269461 0.269464 0.269445 0.269369 0.269300 0.269236 0.269223 0.269193 0.000000 0.000000
0.000000 0.000000 0.256594 0.256625 0.256665 0.256720 0.256814 0.256926 0.256913 0.256935 0.256945 0.256948 0.256942 0.256944 0.256836 0.256754 0.256705 0.256685 0.256659 0.000000 0.000000
0.000000 0.000000 0.242886 0.242925 0.242956 0.243015 0.243142 0.243246 0.243240 0.243254 0.243273 0.243261 0.243246 0.243248 0.243163 0.243057 0.242998 0.242977 0.242962 0.000000 0.000000
0.000000 0.000000 0.227487 0.227515 0.227543 0.227680 0.227761 0.227898 0.227863 0.227935 0.227924 0.227932 0.227954 0.227909 0.227816 0.227750 0.227669 0.227635 0.227571 0.000000 0.000000
0.000000 0.000000 0.209751 0.209814 0.209893 0.209959 0.210078 0.210246 0.210242 0.210253 0.210224 0.210286 0.210253 0.210254 0.210088 0.209992 0.209946 0.209920 0.209783 0.000000 0.000000
0.000000 0.000000 0.189933 0.189990 0.190007 0.190159 0.190259 0.190739 0.190736 0.190760 0.190911 0.190820 0.190801 0.190753 0.190395 0.190305 0.190132 0.190118 0.190071 0.000000 0.000000
0.000000 0.000000 0.165606 0.165626 0.165762 0.165854 0.166526 0.166349 0.166477 0.166473 0.166394 0.166469 0.166479 0.166534 0.166701 0.165979 0.165934 0.165762 0.165653 0.000000 0.000000
0.000000 0.000000 0.137015 0.137099 0.137239 0.138117 0.137841 0.138352 0.138491 0.138540 0.138721 0.138796 0.138692 0.138688 0.138219 0.138467 0.137317 0.137568 0.137591 0.000000 0.000000
0.000000 0.000000 0.108662 0.108718 0.109836 0.109303 0.109486 0.109465 0.108975 0.109106 0.108847 0.108895 0.109099 0.108825 0.108941 0.108786 0.109967 0.108276 0.108301 0.000000 0.000000
0.000000 0.000000 0.080374 0.081523 0.081120 0.081652 0.082234 0.082426 0.082821 0.082728 0.083126 0.083078 0.082844 0.083085 0.082762 0.082331 0.081184 0.082086 0.080890 0.000000 0.000000
0.000000 0.000000 0.071477 0.070893 0.070181 0.070282 0.070343 0.071041 0.070970 0.071156 0.070887 0.070947 0.070964 0.070886 0.070297 0.070248 0.070098 0.070737 0.071312 0.000000 0.000000
0.000000 0.000000 0.300000 0.300000 0.300000 0.300000 0.300000 0.300000 0.300000 0.300000 0.300000 0.300000 0.300000 0.300000 0.300000 0.300000 0.300000 0.300000 0.300000 0.000000 0.000000
0.000000 0.000000 0.000000 0.000000 0.000000 0.000000 0.000000 0.000000 0.000000 0.000000 0.000000 0.000000 0.000000 0.000000 0.000000 0.000000 0.000000 0.000000 0.000000 0.000000 0.000000