geotop/1.0zi/1.0Montebello/Templates/testdem/maps/_Eocsilt2939.asc
ncols         21
nrows         20
xllcorner     100.000000
yllcorner     100.000000
cellsize      50.000000
NODATA_value  -9999.0
0.000000 0.000000 0.000000 0.000000 0.000000 0.000000 0.000000 0.000000 0.000000 0.000000 0.000000 0.000000 0.000000 0.000000 0.000000 0.000000 0.000000 0.000000 0.000000 0.000000 0.000000
0.000000 0.000000 0.350075 0.350075 0.350075 0.350075 0.350075 0.350075 0.350075 0.350075 0.350074 0.350075 0.350075 0.350075 0.350075 0.350075 0.350075 0.350075 0.350075 0.000000 0.000000
0.000000 0.000000 0.349997 0.349997 0.349997 0.349997 0.349997 0.349997 0.349997 0.349997 0.349998 0.349997 0.349997 0.349997 0.349997 0.349997 0.349997 0.349997 0.349997 0.000000 0.000000
0.000000 0.000000 0.351083 0.351082 0.351080 0.351081 0.351083 0.351083 0.351082 0.351083 0.351083 0.351083 0.351082 0.351083 0.351083 0.351081 0.351080 0.351082 0.351083 0.000000 0.000000
0.000000 0.000000 0.355179 0.355178 0.355176 0.355177 0.355179 0.355178 0.355178 0.355180 0.355180 0.355180 0.355178 0.355178 0.355179 0.355177 0.355176 0.355178 0.355179 0.000000 0.000000
0.000000 0.000000 0.360319 0.360318 0.360317 0.360317 0.360320 0.360319 0.360319 0.360320 0.360320 0.360320 0.360319 0.360319 0.360320 0.360317 0.360317 0.360318 0.360319 0.000000 0.000000
0.000000 0.000000 0.364992 0.364991 0.364990 0.364990 0.364992 0.364991 0.364991 0.364992 0.364993 0.364992 0.364991 0.364991 0.364992 0.364990 0.364990 0.364991 0.364992 0.000000 0.000000
0.000000 0.000000 0.369226 0.369225 0.369224 0.369225 0.369226 0.369226 0.369226 0.369226 0.369227 0.369226 0.369226 0.369226 0.369226 0.369225 0.369224 0.369225 0.369226 0.000000 0.000000
0.000000 0.000000 0.373144 0.373144 0.373143 0.373143 0.373145 0.373144 0.373144 0.373145 0.373145 0.373145 0.373144 0.373144 0.373145 0.373143 0.373143 0.373144 0.373144 0.000000 0.000000
0.000000 0.000000 0.376842 0.376842 0.376841 0.376841 0.376843 0.376842 0.376842 0.376843 0.376843 0.376843 0.376842 0.376842 0.376843 0.376841 0.376841 0.376842 0.376842 0.000000 0.000000
0.000000 0.000000 0.380365 0.380364 0.380363 0.380364 0.380365 0.380364 0.380365 0.380365 0.380365 0.380365 0.380365 0.380364 0.380365 0.380364 0.380363 0.380364 0.380365 0.000000 0.000000
0.000000 0.000000 0.383745 0.383745 0.383743 0.383744 0.383745 0.383745 0.383745 0.383745 0.383746 0.383745 0.383745 0.383745 0.383745 0.383744 0.383743 0.383745 0.383745 0.000000 0.000000
0.000000 0.000000 0.387009 0.387009 0.387008 0.387008 0.387009 0.387009 0.387009 0.387009 0.387010 0.387009 0.387009 0.387009 0.387009 0.387008 0.387008 0.387009 0.387009 0.000000 0.000000
0.000000 0.000000 0.390181 0.390181 0.390180 0.390180 0.390181 0.390181 0.390181 0.390182 0.390182 0.390182 0.390181 0.390181 0.390181 0.390180 0.390180 0.390181 0.390181 0.000000 0.000000
0.000000 0.000000 0.393269 0.393269 0.393267 0.393268 0.393269 0.393269 0.393269 0.393269 0.393270 0.393269 0.393269 0.393269 0.393269 0.393268 0.393267 0.393269 0.393269 0.000000 0.000000
0.000000 0.000000 0.396278 0.396277 0.396276 0.396277 0.396278 0.396277 0.396277 0.396278 0.396278 0.396278 0.396277 0.396277 0.396278 0.396277 0.396276 0.396277 0.396278 0.000000 0.000000
0.000000 0.000000 0.399214 0.399214 0.399213 0.399213 0.399214 0.399214 0.399214 0.399214 0.399214 0.399214 0.399214 0.399214 0.399214 0.399213 0.399213 0.399214 0.399214 0.000000 0.000000
0.000000 0.000000 0.402133 0.402133 0.402132 0.402132 0.402133 0.402133 0.402133 0.402134 0.402134 0.402134 0.402133 0.402133 0.402133 0.402132 0.402132 0.402133 0.402133 0.000000 0.000000
0.000000 0.000000 0.350000 0.350000 0.350000 0.350000 0.350000 0.350000 0.350000 0.350000 0.350000 0.350000 0.350000 0.350000 0.350000 0.350000 0.350000 0.350000 0.350000 0.000000 0.000000
0.000000 0.000000 0.000000 0.000000 0.000000 0.000000 0.000000 0.000000 0.000000 0.000000 0.000000 0.000000 0.000000 0.000000 0.000000 0.000000 0.000000 0.000000 0.000000 0.000000 0.000000