geotop/1.0zi/1.0Montebello/Templates/testdem/maps/_Eocclay7648.asc
ncols         21
nrows         20
xllcorner     100.000000
yllcorner     100.000000
cellsize      50.000000
NODATA_value  -9999.0
0.000000 0.000000 0.000000 0.000000 0.000000 0.000000 0.000000 0.000000 0.000000 0.000000 0.000000 0.000000 0.000000 0.000000 0.000000 0.000000 0.000000 0.000000 0.000000 0.000000 0.000000
0.000000 0.000000 0.349648 0.349649 0.349650 0.349648 0.349650 0.349650 0.349650 0.349650 0.349648 0.349650 0.349650 0.349649 0.349650 0.349650 0.349648 0.349648 0.349649 0.000000 0.000000
0.000000 0.000000 0.349985 0.349985 0.349985 0.349986 0.349985 0.349985 0.349985 0.349985 0.349984 0.349984 0.349985 0.349984 0.349985 0.349985 0.349986 0.349986 0.349983 0.000000 0.000000
0.000000 0.000000 0.350003 0.350008 0.350005 0.350004 0.350006 0.350004 0.350006 0.350003 0.350006 0.350004 0.350004 0.350003 0.350005 0.350007 0.350006 0.350009 0.350007 0.000000 0.000000
0.000000 0.000000 0.350955 0.350952 0.350948 0.350943 0.350927 0.350925 0.350922 0.350926 0.350922 0.350923 0.350919 0.350923 0.350932 0.350934 0.350942 0.350943 0.350950 0.000000 0.000000
0.000000 0.000000 0.353562 0.353560 0.353549 0.353522 0.353509 0.353486 0.353487 0.353479 0.353483 0.353482 0.353485 0.353487 0.353497 0.353516 0.353530 0.353545 0.353551 0.000000 0.000000
0.000000 0.000000 0.357159 0.357156 0.357148 0.357125 0.357096 0.357059 0.357058 0.357052 0.357054 0.357054 0.357054 0.357055 0.357087 0.357115 0.357131 0.357144 0.357151 0.000000 0.000000
0.000000 0.000000 0.361450 0.361448 0.361440 0.361412 0.361384 0.361344 0.361344 0.361339 0.361339 0.361336 0.361334 0.361342 0.361376 0.361401 0.361425 0.361435 0.361446 0.000000 0.000000
0.000000 0.000000 0.365966 0.365959 0.365946 0.365929 0.365899 0.365858 0.365861 0.365851 0.365849 0.365847 0.365848 0.365847 0.365887 0.365919 0.365938 0.365948 0.365957 0.000000 0.000000
0.000000 0.000000 0.370711 0.370701 0.370695 0.370678 0.370634 0.370597 0.370597 0.370592 0.370586 0.370589 0.370595 0.370593 0.370627 0.370664 0.370687 0.370695 0.370702 0.000000 0.000000
0.000000 0.000000 0.375830 0.375824 0.375816 0.375780 0.375749 0.375706 0.375715 0.375692 0.375695 0.375694 0.375686 0.375701 0.375732 0.375755 0.375784 0.375800 0.375819 0.000000 0.000000
0.000000 0.000000 0.381446 0.381432 0.381415 0.381390 0.381357 0.381304 0.381301 0.381293 0.381306 0.381287 0.381292 0.381296 0.381351 0.381378 0.381398 0.381410 0.381458 0.000000 0.000000
0.000000 0.000000 0.387460 0.387446 0.387439 0.387406 0.387376 0.387244 0.387242 0.387233 0.387200 0.387216 0.387225 0.387237 0.387339 0.387367 0.387417 0.387424 0.387450 0.000000 0.000000
0.000000 0.000000 0.394403 0.394398 0.394371 0.394348 0.394189 0.394190 0.394156 0.394156 0.394162 0.394154 0.394151 0.394145 0.394139 0.394304 0.394336 0.394380 0.394414 0.000000 0.000000
0.000000 0.000000 0.402491 0.402478 0.402444 0.402250 0.402250 0.402155 0.402105 0.402094 0.402062 0.402038 0.402059 0.402054 0.402147 0.402161 0.402420 0.402387 0.402396 0.000000 0.000000
0.000000 0.000000 0.411380 0.411367 0.411089 0.411138 0.411121 0.411084 0.411179 0.411145 0.411193 0.411169 0.411127 0.411197 0.411214 0.411228 0.411065 0.411455 0.411450 0.000000 0.000000
0.000000 0.000000 0.422453 0.422011 0.422053 0.421902 0.421681 0.421615 0.421514 0.421535 0.421413 0.421420 0.421487 0.421427 0.421537 0.421701 0.422038 0.421871 0.422328 0.000000 0.000000
0.000000 0.000000 0.427578 0.427940 0.428350 0.428329 0.428316 0.427932 0.427975 0.427869 0.428026 0.427991 0.427977 0.428027 0.428357 0.428365 0.428426 0.428079 0.427729 0.000000 0.000000
0.000000 0.000000 0.350000 0.350000 0.350000 0.350000 0.350000 0.350000 0.350000 0.350000 0.350000 0.350000 0.350000 0.350000 0.350000 0.350000 0.350000 0.350000 0.350000 0.000000 0.000000
0.000000 0.000000 0.000000 0.000000 0.000000 0.000000 0.000000 0.000000 0.000000 0.000000 0.000000 0.000000 0.000000 0.000000 0.000000 0.000000 0.000000 0.000000 0.000000 0.000000 0.000000