geotop/1.0zi/1.0Montebello/Templates/testdem/maps/_Eocsilt7412.asc
ncols         21
nrows         20
xllcorner     100.000000
yllcorner     100.000000
cellsize      50.000000
NODATA_value  -9999.0
0.000000 0.000000 0.000000 0.000000 0.000000 0.000000 0.000000 0.000000 0.000000 0.000000 0.000000 0.000000 0.000000 0.000000 0.000000 0.000000 0.000000 0.000000 0.000000 0.000000 0.000000
0.000000 0.000000 0.350151 0.350152 0.350152 0.350153 0.350152 0.350153 0.350152 0.350152 0.350153 0.350152 0.350152 0.350152 0.350152 0.350152 0.350153 0.350153 0.350152 0.000000 0.000000
0.000000 0.000000 0.350005 0.350004 0.350004 0.350004 0.350004 0.350004 0.350004 0.350004 0.350005 0.350005 0.350005 0.350005 0.350004 0.350004 0.350002 0.350002 0.350004 0.000000 0.000000
0.000000 0.000000 0.350101 0.350097 0.350095 0.350089 0.350091 0.350086 0.350089 0.350089 0.350086 0.350088 0.350088 0.350088 0.350090 0.350093 0.350097 0.350096 0.350097 0.000000 0.000000
0.000000 0.000000 0.350951 0.350957 0.350953 0.350943 0.350937 0.350930 0.350927 0.350926 0.350925 0.350926 0.350926 0.350928 0.350941 0.350946 0.350948 0.350958 0.350960 0.000000 0.000000
0.000000 0.000000 0.353301 0.353302 0.353293 0.353277 0.353259 0.353239 0.353238 0.353232 0.353236 0.353237 0.353238 0.353237 0.353248 0.353260 0.353271 0.353279 0.353284 0.000000 0.000000
0.000000 0.000000 0.356674 0.356671 0.356661 0.356636 0.356607 0.356576 0.356576 0.356573 0.356574 0.356572 0.356569 0.356574 0.356601 0.356626 0.356642 0.356656 0.356664 0.000000 0.000000
0.000000 0.000000 0.360694 0.360693 0.360688 0.360662 0.360634 0.360600 0.360599 0.360596 0.360594 0.360591 0.360590 0.360596 0.360626 0.360652 0.360676 0.360682 0.360693 0.000000 0.000000
0.000000 0.000000 0.364978 0.364970 0.364957 0.364940 0.364911 0.364871 0.364873 0.364865 0.364862 0.364860 0.364862 0.364860 0.364899 0.364930 0.364949 0.364959 0.364969 0.000000 0.000000
0.000000 0.000000 0.369422 0.369415 0.369407 0.369392 0.369350 0.369316 0.369316 0.369312 0.369306 0.369309 0.369314 0.369311 0.369343 0.369379 0.369400 0.369407 0.369414 0.000000 0.000000
0.000000 0.000000 0.374146 0.374141 0.374134 0.374099 0.374070 0.374031 0.374040 0.374018 0.374020 0.374020 0.374012 0.374026 0.374054 0.374076 0.374103 0.374118 0.374136 0.000000 0.000000
0.000000 0.000000 0.379297 0.379283 0.379267 0.379245 0.379214 0.379164 0.379163 0.379156 0.379166 0.379150 0.379154 0.379158 0.379209 0.379234 0.379252 0.379263 0.379308 0.000000 0.000000
0.000000 0.000000 0.384763 0.384749 0.384742 0.384713 0.384685 0.384566 0.384565 0.384557 0.384527 0.384541 0.384548 0.384560 0.384651 0.384676 0.384722 0.384728 0.384753 0.000000 0.000000
0.000000 0.000000 0.391002 0.390996 0.390973 0.390952 0.390813 0.390810 0.390780 0.390780 0.390783 0.390777 0.390774 0.390769 0.390767 0.390911 0.390941 0.390979 0.391010 0.000000 0.000000
0.000000 0.000000 0.398196 0.398184 0.398154 0.397988 0.397980 0.397898 0.397855 0.397846 0.397818 0.397796 0.397814 0.397809 0.397888 0.397908 0.398131 0.398104 0.398114 0.000000 0.000000
0.000000 0.000000 0.406048 0.406036 0.405802 0.405833 0.405819 0.405782 0.405858 0.405830 0.405867 0.405846 0.405812 0.405869 0.405889 0.405902 0.405780 0.406103 0.406100 0.000000 0.000000
0.000000 0.000000 0.415689 0.415324 0.415339 0.415219 0.415035 0.414979 0.414903 0.414919 0.414821 0.414825 0.414877 0.414832 0.414923 0.415058 0.415324 0.415214 0.415589 0.000000 0.000000
0.000000 0.000000 0.420605 0.420867 0.421205 0.421177 0.421149 0.420832 0.420860 0.420775 0.420893 0.420865 0.420858 0.420894 0.421171 0.421190 0.421265 0.420969 0.420718 0.000000 0.000000
0.000000 0.000000 0.350000 0.350000 0.350000 0.350000 0.350000 0.350000 0.350000 0.350000 0.350000 0.350000 0.350000 0.350000 0.350000 0.350000 0.350000 0.350000 0.350000 0.000000 0.000000
0.000000 0.000000 0.000000 0.000000 0.000000 0.000000 0.000000 0.000000 0.000000 0.000000 0.000000 0.000000 0.000000 0.000000 0.000000 0.000000 0.000000 0.000000 0.000000 0.000000 0.000000