geotop/1.0zi/1.0Montebello/Templates/testdem/maps/_Eocclay0709.asc
ncols         21
nrows         20
xllcorner     100.000000
yllcorner     100.000000
cellsize      50.000000
NODATA_value  -9999.0
0.000000 0.000000 0.000000 0.000000 0.000000 0.000000 0.000000 0.000000 0.000000 0.000000 0.000000 0.000000 0.000000 0.000000 0.000000 0.000000 0.000000 0.000000 0.000000 0.000000 0.000000
0.000000 0.000000 0.349961 0.349961 0.349961 0.349961 0.349961 0.349961 0.349961 0.349961 0.349961 0.349961 0.349961 0.349961 0.349961 0.349961 0.349961 0.349961 0.349961 0.000000 0.000000
0.000000 0.000000 0.349995 0.349995 0.349995 0.349995 0.349995 0.349995 0.349995 0.349995 0.349995 0.349995 0.349995 0.349995 0.349995 0.349995 0.349995 0.349995 0.349995 0.000000 0.000000
0.000000 0.000000 0.350294 0.350294 0.350291 0.350292 0.350294 0.350294 0.350294 0.350294 0.350294 0.350294 0.350294 0.350294 0.350294 0.350292 0.350291 0.350294 0.350294 0.000000 0.000000
0.000000 0.000000 0.351405 0.351404 0.351402 0.351402 0.351406 0.351405 0.351405 0.351406 0.351405 0.351406 0.351405 0.351405 0.351406 0.351402 0.351402 0.351404 0.351405 0.000000 0.000000
0.000000 0.000000 0.352595 0.352594 0.352593 0.352593 0.352595 0.352595 0.352595 0.352595 0.352595 0.352595 0.352595 0.352595 0.352595 0.352593 0.352593 0.352594 0.352595 0.000000 0.000000
0.000000 0.000000 0.353727 0.353726 0.353725 0.353725 0.353727 0.353727 0.353727 0.353727 0.353727 0.353727 0.353727 0.353727 0.353727 0.353725 0.353725 0.353726 0.353727 0.000000 0.000000
0.000000 0.000000 0.354779 0.354778 0.354777 0.354777 0.354779 0.354779 0.354778 0.354779 0.354779 0.354779 0.354778 0.354779 0.354779 0.354777 0.354777 0.354778 0.354779 0.000000 0.000000
0.000000 0.000000 0.355771 0.355771 0.355769 0.355770 0.355771 0.355771 0.355771 0.355771 0.355771 0.355771 0.355771 0.355771 0.355771 0.355770 0.355769 0.355771 0.355771 0.000000 0.000000
0.000000 0.000000 0.356727 0.356727 0.356725 0.356726 0.356727 0.356727 0.356727 0.356727 0.356727 0.356727 0.356727 0.356727 0.356727 0.356726 0.356725 0.356727 0.356727 0.000000 0.000000
0.000000 0.000000 0.357656 0.357655 0.357654 0.357654 0.357656 0.357656 0.357656 0.357656 0.357656 0.357656 0.357656 0.357656 0.357656 0.357654 0.357654 0.357655 0.357656 0.000000 0.000000
0.000000 0.000000 0.358566 0.358565 0.358564 0.358564 0.358566 0.358566 0.358566 0.358566 0.358566 0.358566 0.358566 0.358566 0.358566 0.358564 0.358564 0.358565 0.358566 0.000000 0.000000
0.000000 0.000000 0.359460 0.359460 0.359458 0.359459 0.359460 0.359460 0.359460 0.359460 0.359460 0.359460 0.359460 0.359460 0.359460 0.359459 0.359458 0.359460 0.359460 0.000000 0.000000
0.000000 0.000000 0.360341 0.360341 0.360339 0.360340 0.360341 0.360341 0.360341 0.360341 0.360341 0.360341 0.360341 0.360341 0.360341 0.360340 0.360339 0.360341 0.360341 0.000000 0.000000
0.000000 0.000000 0.361212 0.361212 0.361210 0.361211 0.361212 0.361212 0.361212 0.361212 0.361212 0.361212 0.361212 0.361212 0.361212 0.361211 0.361210 0.361212 0.361212 0.000000 0.000000
0.000000 0.000000 0.362077 0.362077 0.362076 0.362076 0.362077 0.362077 0.362077 0.362077 0.362077 0.362077 0.362077 0.362077 0.362077 0.362076 0.362076 0.362077 0.362077 0.000000 0.000000
0.000000 0.000000 0.362936 0.362935 0.362934 0.362934 0.362936 0.362936 0.362935 0.362936 0.362936 0.362936 0.362935 0.362936 0.362936 0.362934 0.362934 0.362935 0.362936 0.000000 0.000000
0.000000 0.000000 0.363804 0.363803 0.363802 0.363803 0.363804 0.363804 0.363804 0.363804 0.363804 0.363804 0.363804 0.363804 0.363804 0.363803 0.363802 0.363803 0.363804 0.000000 0.000000
0.000000 0.000000 0.350000 0.350000 0.350000 0.350000 0.350000 0.350000 0.350000 0.350000 0.350000 0.350000 0.350000 0.350000 0.350000 0.350000 0.350000 0.350000 0.350000 0.000000 0.000000
0.000000 0.000000 0.000000 0.000000 0.000000 0.000000 0.000000 0.000000 0.000000 0.000000 0.000000 0.000000 0.000000 0.000000 0.000000 0.000000 0.000000 0.000000 0.000000 0.000000 0.000000