geotop/1.0zi/1.0Montebello/Templates/testdem/maps/_Eocsand7908.asc
ncols         21
nrows         20
xllcorner     100.000000
yllcorner     100.000000
cellsize      50.000000
NODATA_value  -9999.0
0.000000 0.000000 0.000000 0.000000 0.000000 0.000000 0.000000 0.000000 0.000000 0.000000 0.000000 0.000000 0.000000 0.000000 0.000000 0.000000 0.000000 0.000000 0.000000 0.000000 0.000000
0.000000 0.000000 0.300201 0.300199 0.300199 0.300199 0.300198 0.300198 0.300198 0.300198 0.300199 0.300198 0.300198 0.300199 0.300198 0.300198 0.300200 0.300200 0.300200 0.000000 0.000000
0.000000 0.000000 0.300010 0.300012 0.300011 0.300010 0.300011 0.300012 0.300011 0.300011 0.300011 0.300012 0.300010 0.300011 0.300011 0.300011 0.300012 0.300012 0.300013 0.000000 0.000000
0.000000 0.000000 0.299894 0.299893 0.299898 0.299906 0.299901 0.299909 0.299904 0.299907 0.299907 0.299907 0.299907 0.299908 0.299903 0.299899 0.299896 0.299893 0.299893 0.000000 0.000000
0.000000 0.000000 0.298002 0.297999 0.298008 0.298023 0.298046 0.298055 0.298062 0.298060 0.298064 0.298064 0.298067 0.298061 0.298037 0.298031 0.298019 0.298007 0.297999 0.000000 0.000000
0.000000 0.000000 0.292647 0.292650 0.292672 0.292718 0.292750 0.292797 0.292797 0.292810 0.292802 0.292803 0.292798 0.292798 0.292775 0.292743 0.292716 0.292693 0.292682 0.000000 0.000000
0.000000 0.000000 0.285156 0.285165 0.285185 0.285236 0.285298 0.285370 0.285371 0.285380 0.285378 0.285379 0.285382 0.285376 0.285313 0.285258 0.285224 0.285196 0.285181 0.000000 0.000000
0.000000 0.000000 0.276276 0.276282 0.276297 0.276355 0.276414 0.276493 0.276494 0.276503 0.276504 0.276511 0.276514 0.276500 0.276432 0.276379 0.276327 0.276312 0.276287 0.000000 0.000000
0.000000 0.000000 0.266822 0.266839 0.266868 0.266906 0.266970 0.267054 0.267050 0.267069 0.267074 0.267078 0.267076 0.267078 0.266995 0.266928 0.266887 0.266867 0.266847 0.000000 0.000000
0.000000 0.000000 0.256881 0.256901 0.256916 0.256954 0.257045 0.257122 0.257121 0.257131 0.257143 0.257138 0.257126 0.257131 0.257061 0.256984 0.256936 0.256920 0.256905 0.000000 0.000000
0.000000 0.000000 0.246146 0.246160 0.246179 0.246258 0.246321 0.246410 0.246392 0.246440 0.246434 0.246437 0.246454 0.246422 0.246358 0.246310 0.246250 0.246217 0.246177 0.000000 0.000000
0.000000 0.000000 0.234305 0.234339 0.234377 0.234429 0.234500 0.234611 0.234618 0.234632 0.234607 0.234646 0.234635 0.234628 0.234513 0.234455 0.234413 0.234390 0.234290 0.000000 0.000000
0.000000 0.000000 0.221578 0.221612 0.221628 0.221700 0.221763 0.222046 0.222050 0.222068 0.222141 0.222104 0.222088 0.222061 0.221845 0.221786 0.221678 0.221666 0.221614 0.000000 0.000000
0.000000 0.000000 0.206791 0.206804 0.206864 0.206916 0.207262 0.207249 0.207321 0.207321 0.207305 0.207324 0.207332 0.207346 0.207368 0.207009 0.206946 0.206851 0.206780 0.000000 0.000000
0.000000 0.000000 0.189479 0.189513 0.189588 0.190020 0.190002 0.190218 0.190321 0.190345 0.190417 0.190470 0.190423 0.190433 0.190224 0.190213 0.189643 0.189722 0.189707 0.000000 0.000000
0.000000 0.000000 0.170467 0.170500 0.171121 0.170986 0.171029 0.171102 0.170881 0.170956 0.170843 0.170892 0.170989 0.170835 0.170808 0.170773 0.171179 0.170301 0.170313 0.000000 0.000000
0.000000 0.000000 0.146824 0.147809 0.147668 0.148025 0.148518 0.148664 0.148907 0.148853 0.149133 0.149113 0.148957 0.149104 0.148858 0.148494 0.147708 0.148151 0.147136 0.000000 0.000000
0.000000 0.000000 0.136930 0.136074 0.135204 0.135229 0.135226 0.136057 0.135944 0.136179 0.135815 0.135893 0.135937 0.135818 0.135113 0.135116 0.135047 0.135759 0.136596 0.000000 0.000000
0.000000 0.000000 0.300000 0.300000 0.300000 0.300000 0.300000 0.300000 0.300000 0.300000 0.300000 0.300000 0.300000 0.300000 0.300000 0.300000 0.300000 0.300000 0.300000 0.000000 0.000000
0.000000 0.000000 0.000000 0.000000 0.000000 0.000000 0.000000 0.000000 0.000000 0.000000 0.000000 0.000000 0.000000 0.000000 0.000000 0.000000 0.000000 0.000000 0.000000 0.000000 0.000000