geotop/1.0zi/1.0Montebello/Templates/testdem/maps/_Eocsand040).asc
ncols         21
nrows         20
xllcorner     100.000000
yllcorner     100.000000
cellsize      50.000000
NODATA_value  -9999.0
0.000000 0.000000 0.000000 0.000000 0.000000 0.000000 0.000000 0.000000 0.000000 0.000000 0.000000 0.000000 0.000000 0.000000 0.000000 0.000000 0.000000 0.000000 0.000000 0.000000 0.000000
0.000000 0.000000 0.300261 0.300259 0.300259 0.300260 0.300259 0.300258 0.300259 0.300259 0.300260 0.300259 0.300259 0.300259 0.300259 0.300259 0.300260 0.300259 0.300259 0.000000 0.000000
0.000000 0.000000 0.300012 0.300014 0.300013 0.300012 0.300013 0.300014 0.300013 0.300013 0.300013 0.300013 0.300013 0.300013 0.300013 0.300013 0.300014 0.300014 0.300015 0.000000 0.000000
0.000000 0.000000 0.299731 0.299725 0.299736 0.299744 0.299744 0.299749 0.299742 0.299744 0.299743 0.299741 0.299740 0.299742 0.299736 0.299730 0.299728 0.299726 0.299727 0.000000 0.000000
0.000000 0.000000 0.296443 0.296443 0.296463 0.296502 0.296532 0.296544 0.296543 0.296543 0.296546 0.296538 0.296532 0.296534 0.296511 0.296495 0.296475 0.296462 0.296449 0.000000 0.000000
0.000000 0.000000 0.287897 0.287906 0.287948 0.288023 0.288093 0.288156 0.288151 0.288158 0.288162 0.288161 0.288149 0.288155 0.288120 0.288060 0.288027 0.288002 0.287991 0.000000 0.000000
0.000000 0.000000 0.276206 0.276227 0.276263 0.276351 0.276440 0.276566 0.276561 0.276568 0.276581 0.276580 0.276582 0.276578 0.276480 0.276407 0.276359 0.276325 0.276311 0.000000 0.000000
0.000000 0.000000 0.262248 0.262274 0.262312 0.262422 0.262522 0.262636 0.262631 0.262641 0.262657 0.262663 0.262667 0.262650 0.262560 0.262476 0.262400 0.262381 0.262352 0.000000 0.000000
0.000000 0.000000 0.246666 0.246705 0.246769 0.246856 0.246972 0.247111 0.247096 0.247116 0.247139 0.247143 0.247136 0.247145 0.247016 0.246914 0.246853 0.246825 0.246800 0.000000 0.000000
0.000000 0.000000 0.229088 0.229144 0.229201 0.229298 0.229428 0.229578 0.229573 0.229584 0.229620 0.229607 0.229591 0.229599 0.229495 0.229362 0.229288 0.229256 0.229246 0.000000 0.000000
0.000000 0.000000 0.208597 0.208643 0.208696 0.208909 0.208970 0.209177 0.209130 0.209222 0.209220 0.209236 0.209270 0.209216 0.209095 0.209012 0.208905 0.208865 0.208778 0.000000 0.000000
0.000000 0.000000 0.184085 0.184190 0.184327 0.184426 0.184545 0.184808 0.184814 0.184804 0.184784 0.184878 0.184828 0.184856 0.184624 0.184483 0.184427 0.184388 0.184215 0.000000 0.000000
0.000000 0.000000 0.156176 0.156267 0.156295 0.156513 0.156659 0.157388 0.157396 0.157432 0.157712 0.157535 0.157529 0.157465 0.156940 0.156828 0.156549 0.156531 0.156519 0.000000 0.000000
0.000000 0.000000 0.122277 0.122303 0.122555 0.122689 0.123692 0.123231 0.123438 0.123416 0.123241 0.123417 0.123439 0.123567 0.123985 0.122884 0.122881 0.122617 0.122474 0.000000 0.000000
0.000000 0.000000 0.089347 0.089435 0.089571 0.090605 0.090062 0.090770 0.090879 0.090937 0.091204 0.091254 0.091143 0.091119 0.090514 0.091052 0.089708 0.090041 0.090112 0.000000 0.000000
0.000000 0.000000 0.066726 0.066766 0.067468 0.067204 0.067302 0.067329 0.067035 0.067114 0.066978 0.067007 0.067128 0.066970 0.067026 0.066936 0.067604 0.066581 0.066603 0.000000 0.000000
0.000000 0.000000 0.050639 0.050927 0.051111 0.051123 0.051308 0.051346 0.051324 0.051331 0.051370 0.051370 0.051364 0.051359 0.051323 0.051175 0.051184 0.050983 0.050703 0.000000 0.000000
0.000000 0.000000 0.040783 0.040946 0.040913 0.040956 0.041101 0.041216 0.041227 0.041245 0.041262 0.041265 0.041247 0.041255 0.041128 0.041036 0.040945 0.041001 0.040837 0.000000 0.000000
0.000000 0.000000 0.300000 0.300000 0.300000 0.300000 0.300000 0.300000 0.300000 0.300000 0.300000 0.300000 0.300000 0.300000 0.300000 0.300000 0.300000 0.300000 0.300000 0.000000 0.000000
0.000000 0.000000 0.000000 0.000000 0.000000 0.000000 0.000000 0.000000 0.000000 0.000000 0.000000 0.000000 0.000000 0.000000 0.000000 0.000000 0.000000 0.000000 0.000000 0.000000 0.000000