geotop/1.0zi/1.0Montebello/Templates/testdem/maps/_Eocsand7317.asc
ncols         21
nrows         20
xllcorner     100.000000
yllcorner     100.000000
cellsize      50.000000
NODATA_value  -9999.0
0.000000 0.000000 0.000000 0.000000 0.000000 0.000000 0.000000 0.000000 0.000000 0.000000 0.000000 0.000000 0.000000 0.000000 0.000000 0.000000 0.000000 0.000000 0.000000 0.000000 0.000000
0.000000 0.000000 0.300186 0.300183 0.300183 0.300184 0.300183 0.300183 0.300183 0.300183 0.300184 0.300183 0.300183 0.300183 0.300183 0.300183 0.300184 0.300184 0.300184 0.000000 0.000000
0.000000 0.000000 0.300010 0.300011 0.300010 0.300009 0.300010 0.300011 0.300010 0.300010 0.300010 0.300011 0.300010 0.300010 0.300010 0.300010 0.300011 0.300011 0.300012 0.000000 0.000000
0.000000 0.000000 0.299926 0.299925 0.299930 0.299937 0.299933 0.299938 0.299933 0.299935 0.299936 0.299935 0.299936 0.299937 0.299935 0.299930 0.299928 0.299925 0.299925 0.000000 0.000000
0.000000 0.000000 0.298298 0.298295 0.298303 0.298319 0.298339 0.298347 0.298353 0.298351 0.298355 0.298354 0.298357 0.298351 0.298330 0.298325 0.298315 0.298304 0.298295 0.000000 0.000000
0.000000 0.000000 0.293617 0.293617 0.293637 0.293678 0.293708 0.293751 0.293751 0.293762 0.293755 0.293755 0.293752 0.293752 0.293731 0.293702 0.293677 0.293656 0.293645 0.000000 0.000000
0.000000 0.000000 0.286963 0.286969 0.286987 0.287033 0.287091 0.287155 0.287156 0.287164 0.287163 0.287163 0.287167 0.287161 0.287104 0.287053 0.287022 0.286996 0.286982 0.000000 0.000000
0.000000 0.000000 0.279022 0.279025 0.279037 0.279089 0.279144 0.279215 0.279215 0.279223 0.279225 0.279230 0.279234 0.279221 0.279160 0.279111 0.279064 0.279049 0.279026 0.000000 0.000000
0.000000 0.000000 0.270650 0.270663 0.270689 0.270721 0.270779 0.270855 0.270851 0.270868 0.270873 0.270877 0.270875 0.270876 0.270802 0.270740 0.270704 0.270685 0.270666 0.000000 0.000000
0.000000 0.000000 0.261952 0.261968 0.261981 0.262012 0.262095 0.262162 0.262161 0.262170 0.262182 0.262176 0.262166 0.262171 0.262108 0.262038 0.261996 0.261982 0.261968 0.000000 0.000000
0.000000 0.000000 0.252689 0.252700 0.252714 0.252781 0.252839 0.252915 0.252899 0.252941 0.252937 0.252938 0.252953 0.252925 0.252870 0.252827 0.252774 0.252745 0.252709 0.000000 0.000000
0.000000 0.000000 0.242618 0.242644 0.242675 0.242720 0.242781 0.242877 0.242880 0.242895 0.242874 0.242906 0.242899 0.242890 0.242793 0.242743 0.242706 0.242686 0.242597 0.000000 0.000000
0.000000 0.000000 0.231941 0.231968 0.231981 0.232040 0.232094 0.232325 0.232328 0.232343 0.232401 0.232374 0.232360 0.232338 0.232160 0.232110 0.232021 0.232010 0.231959 0.000000 0.000000
0.000000 0.000000 0.219791 0.219802 0.219847 0.219890 0.220158 0.220170 0.220226 0.220227 0.220223 0.220233 0.220239 0.220247 0.220248 0.219970 0.219911 0.219837 0.219775 0.000000 0.000000
0.000000 0.000000 0.205807 0.205829 0.205889 0.206207 0.206231 0.206385 0.206471 0.206488 0.206542 0.206583 0.206549 0.206559 0.206410 0.206362 0.205937 0.205985 0.205963 0.000000 0.000000
0.000000 0.000000 0.190537 0.190560 0.191007 0.190962 0.190989 0.191063 0.190921 0.190977 0.190907 0.190951 0.191015 0.190905 0.190863 0.190837 0.191051 0.190440 0.190445 0.000000 0.000000
0.000000 0.000000 0.171807 0.172498 0.172493 0.172719 0.173069 0.173177 0.173313 0.173286 0.173470 0.173465 0.173369 0.173449 0.173275 0.173017 0.172524 0.172701 0.171991 0.000000 0.000000
0.000000 0.000000 0.161830 0.161364 0.160717 0.160784 0.160856 0.161466 0.161421 0.161580 0.161366 0.161419 0.161427 0.161363 0.160825 0.160775 0.160604 0.161181 0.161623 0.000000 0.000000
0.000000 0.000000 0.300000 0.300000 0.300000 0.300000 0.300000 0.300000 0.300000 0.300000 0.300000 0.300000 0.300000 0.300000 0.300000 0.300000 0.300000 0.300000 0.300000 0.000000 0.000000
0.000000 0.000000 0.000000 0.000000 0.000000 0.000000 0.000000 0.000000 0.000000 0.000000 0.000000 0.000000 0.000000 0.000000 0.000000 0.000000 0.000000 0.000000 0.000000 0.000000 0.000000