geotop/1.0zi/1.0Montebello/Templates/testdem/maps/_Eocclay9921.asc
ncols         21
nrows         20
xllcorner     100.000000
yllcorner     100.000000
cellsize      50.000000
NODATA_value  -9999.0
0.000000 0.000000 0.000000 0.000000 0.000000 0.000000 0.000000 0.000000 0.000000 0.000000 0.000000 0.000000 0.000000 0.000000 0.000000 0.000000 0.000000 0.000000 0.000000 0.000000 0.000000
0.000000 0.000000 0.349543 0.349546 0.349546 0.349544 0.349547 0.349547 0.349546 0.349546 0.349545 0.349546 0.349546 0.349546 0.349546 0.349546 0.349544 0.349545 0.349546 0.000000 0.000000
0.000000 0.000000 0.349981 0.349980 0.349980 0.349982 0.349979 0.349979 0.349980 0.349979 0.349979 0.349980 0.349979 0.349979 0.349980 0.349981 0.349981 0.349981 0.349979 0.000000 0.000000
0.000000 0.000000 0.350039 0.350044 0.350042 0.350037 0.350039 0.350038 0.350043 0.350040 0.350043 0.350041 0.350041 0.350040 0.350043 0.350046 0.350044 0.350046 0.350043 0.000000 0.000000
0.000000 0.000000 0.351498 0.351492 0.351485 0.351472 0.351454 0.351451 0.351448 0.351451 0.351448 0.351452 0.351452 0.351454 0.351464 0.351469 0.351480 0.351483 0.351492 0.000000 0.000000
0.000000 0.000000 0.355504 0.355499 0.355475 0.355435 0.355404 0.355372 0.355377 0.355372 0.355370 0.355370 0.355376 0.355374 0.355391 0.355423 0.355438 0.355451 0.355456 0.000000 0.000000
0.000000 0.000000 0.360904 0.360892 0.360877 0.360838 0.360797 0.360737 0.360737 0.360733 0.360727 0.360728 0.360729 0.360729 0.360778 0.360814 0.360834 0.360847 0.360855 0.000000 0.000000
0.000000 0.000000 0.367323 0.367309 0.367292 0.367243 0.367196 0.367143 0.367144 0.367138 0.367131 0.367128 0.367126 0.367135 0.367181 0.367218 0.367252 0.367260 0.367275 0.000000 0.000000
0.000000 0.000000 0.374383 0.374364 0.374339 0.374300 0.374248 0.374186 0.374192 0.374181 0.374170 0.374168 0.374171 0.374167 0.374230 0.374275 0.374301 0.374312 0.374324 0.000000 0.000000
0.000000 0.000000 0.382246 0.382218 0.382198 0.382156 0.382097 0.382031 0.382032 0.382025 0.382009 0.382014 0.382022 0.382018 0.382070 0.382130 0.382161 0.382173 0.382179 0.000000 0.000000
0.000000 0.000000 0.391279 0.391255 0.391235 0.391145 0.391117 0.391027 0.391046 0.391004 0.391004 0.390997 0.390983 0.391007 0.391065 0.391103 0.391147 0.391163 0.391202 0.000000 0.000000
0.000000 0.000000 0.401906 0.401858 0.401803 0.401758 0.401710 0.401597 0.401594 0.401592 0.401601 0.401561 0.401580 0.401572 0.401677 0.401737 0.401760 0.401774 0.401852 0.000000 0.000000
0.000000 0.000000 0.413981 0.413936 0.413923 0.413834 0.413774 0.413469 0.413464 0.413447 0.413333 0.413401 0.413406 0.413432 0.413662 0.413712 0.413824 0.413829 0.413845 0.000000 0.000000
0.000000 0.000000 0.429029 0.429009 0.428906 0.428843 0.428409 0.428574 0.428481 0.428485 0.428544 0.428479 0.428470 0.428420 0.428275 0.428750 0.428762 0.428872 0.428937 0.000000 0.000000
0.000000 0.000000 0.445922 0.445869 0.445790 0.445232 0.445490 0.445136 0.445063 0.445030 0.444894 0.444859 0.444918 0.444926 0.445238 0.444993 0.445712 0.445537 0.445507 0.000000 0.000000
0.000000 0.000000 0.460456 0.460428 0.459861 0.460172 0.460061 0.460096 0.460349 0.460286 0.460419 0.460398 0.460288 0.460422 0.460334 0.460438 0.459772 0.460645 0.460633 0.000000 0.000000
0.000000 0.000000 0.472726 0.472300 0.472416 0.472236 0.472013 0.471959 0.471828 0.471859 0.471717 0.471734 0.471813 0.471730 0.471829 0.471997 0.472378 0.472096 0.472538 0.000000 0.000000
0.000000 0.000000 0.477597 0.477711 0.477972 0.477910 0.477854 0.477618 0.477621 0.477566 0.477629 0.477612 0.477618 0.477630 0.477837 0.477882 0.477985 0.477721 0.477610 0.000000 0.000000
0.000000 0.000000 0.350000 0.350000 0.350000 0.350000 0.350000 0.350000 0.350000 0.350000 0.350000 0.350000 0.350000 0.350000 0.350000 0.350000 0.350000 0.350000 0.350000 0.000000 0.000000
0.000000 0.000000 0.000000 0.000000 0.000000 0.000000 0.000000 0.000000 0.000000 0.000000 0.000000 0.000000 0.000000 0.000000 0.000000 0.000000 0.000000 0.000000 0.000000 0.000000 0.000000