geotop/1.0zi/1.0Montebello/Templates/testdem/maps/_Eocsilt1891.asc
ncols         21
nrows         20
xllcorner     100.000000
yllcorner     100.000000
cellsize      50.000000
NODATA_value  -9999.0
0.000000 0.000000 0.000000 0.000000 0.000000 0.000000 0.000000 0.000000 0.000000 0.000000 0.000000 0.000000 0.000000 0.000000 0.000000 0.000000 0.000000 0.000000 0.000000 0.000000 0.000000
0.000000 0.000000 0.350043 0.350043 0.350043 0.350043 0.350043 0.350043 0.350043 0.350043 0.350043 0.350043 0.350043 0.350043 0.350043 0.350043 0.350043 0.350043 0.350043 0.000000 0.000000
0.000000 0.000000 0.349998 0.349998 0.349998 0.349998 0.349998 0.349998 0.349998 0.349998 0.349998 0.349998 0.349998 0.349998 0.349998 0.349998 0.349998 0.349998 0.349998 0.000000 0.000000
0.000000 0.000000 0.350690 0.350690 0.350688 0.350689 0.350691 0.350691 0.350690 0.350691 0.350691 0.350691 0.350690 0.350691 0.350691 0.350689 0.350688 0.350690 0.350690 0.000000 0.000000
0.000000 0.000000 0.353220 0.353219 0.353217 0.353217 0.353220 0.353220 0.353220 0.353221 0.353221 0.353221 0.353220 0.353220 0.353220 0.353217 0.353217 0.353219 0.353220 0.000000 0.000000
0.000000 0.000000 0.356427 0.356426 0.356425 0.356425 0.356427 0.356427 0.356427 0.356428 0.356428 0.356428 0.356427 0.356427 0.356427 0.356425 0.356425 0.356426 0.356427 0.000000 0.000000
0.000000 0.000000 0.359372 0.359371 0.359370 0.359370 0.359372 0.359371 0.359372 0.359372 0.359372 0.359372 0.359372 0.359371 0.359372 0.359370 0.359370 0.359371 0.359372 0.000000 0.000000
0.000000 0.000000 0.362069 0.362069 0.362068 0.362068 0.362070 0.362069 0.362069 0.362070 0.362070 0.362070 0.362069 0.362069 0.362070 0.362068 0.362068 0.362069 0.362069 0.000000 0.000000
0.000000 0.000000 0.364591 0.364591 0.364590 0.364590 0.364592 0.364591 0.364591 0.364592 0.364592 0.364592 0.364591 0.364591 0.364592 0.364590 0.364590 0.364591 0.364591 0.000000 0.000000
0.000000 0.000000 0.367000 0.367000 0.366998 0.366999 0.367000 0.367000 0.367000 0.367000 0.367000 0.367000 0.367000 0.367000 0.367000 0.366999 0.366998 0.367000 0.367000 0.000000 0.000000
0.000000 0.000000 0.369321 0.369321 0.369320 0.369320 0.369322 0.369321 0.369321 0.369322 0.369322 0.369322 0.369321 0.369321 0.369322 0.369320 0.369320 0.369321 0.369321 0.000000 0.000000
0.000000 0.000000 0.371577 0.371577 0.371576 0.371576 0.371578 0.371577 0.371577 0.371578 0.371578 0.371578 0.371577 0.371577 0.371578 0.371576 0.371576 0.371577 0.371577 0.000000 0.000000
0.000000 0.000000 0.373784 0.373784 0.373782 0.373783 0.373784 0.373784 0.373784 0.373784 0.373784 0.373784 0.373784 0.373784 0.373784 0.373783 0.373782 0.373784 0.373784 0.000000 0.000000
0.000000 0.000000 0.375944 0.375944 0.375943 0.375943 0.375945 0.375944 0.375944 0.375945 0.375945 0.375945 0.375944 0.375944 0.375945 0.375943 0.375943 0.375944 0.375944 0.000000 0.000000
0.000000 0.000000 0.378070 0.378069 0.378068 0.378068 0.378070 0.378069 0.378069 0.378070 0.378070 0.378070 0.378069 0.378069 0.378070 0.378068 0.378068 0.378069 0.378070 0.000000 0.000000
0.000000 0.000000 0.380165 0.380165 0.380164 0.380164 0.380166 0.380165 0.380165 0.380166 0.380166 0.380166 0.380165 0.380165 0.380166 0.380164 0.380164 0.380165 0.380165 0.000000 0.000000
0.000000 0.000000 0.382232 0.382231 0.382230 0.382230 0.382232 0.382231 0.382231 0.382232 0.382232 0.382232 0.382231 0.382231 0.382232 0.382230 0.382230 0.382231 0.382232 0.000000 0.000000
0.000000 0.000000 0.384306 0.384306 0.384305 0.384305 0.384307 0.384306 0.384306 0.384307 0.384307 0.384307 0.384306 0.384306 0.384307 0.384305 0.384305 0.384306 0.384306 0.000000 0.000000
0.000000 0.000000 0.350000 0.350000 0.350000 0.350000 0.350000 0.350000 0.350000 0.350000 0.350000 0.350000 0.350000 0.350000 0.350000 0.350000 0.350000 0.350000 0.350000 0.000000 0.000000
0.000000 0.000000 0.000000 0.000000 0.000000 0.000000 0.000000 0.000000 0.000000 0.000000 0.000000 0.000000 0.000000 0.000000 0.000000 0.000000 0.000000 0.000000 0.000000 0.000000 0.000000