geotop/1.0zi/1.0Montebello/Templates/testdem/maps/_Eocsand7166.asc
ncols         21
nrows         20
xllcorner     100.000000
yllcorner     100.000000
cellsize      50.000000
NODATA_value  -9999.0
0.000000 0.000000 0.000000 0.000000 0.000000 0.000000 0.000000 0.000000 0.000000 0.000000 0.000000 0.000000 0.000000 0.000000 0.000000 0.000000 0.000000 0.000000 0.000000 0.000000 0.000000
0.000000 0.000000 0.300178 0.300176 0.300175 0.300176 0.300175 0.300175 0.300175 0.300175 0.300176 0.300175 0.300175 0.300176 0.300175 0.300175 0.300177 0.300177 0.300176 0.000000 0.000000
0.000000 0.000000 0.300010 0.300011 0.300010 0.300009 0.300010 0.300010 0.300010 0.300010 0.300010 0.300010 0.300009 0.300010 0.300010 0.300010 0.300011 0.300011 0.300012 0.000000 0.000000
0.000000 0.000000 0.299959 0.299957 0.299962 0.299967 0.299965 0.299968 0.299963 0.299967 0.299966 0.299966 0.299966 0.299967 0.299965 0.299960 0.299959 0.299955 0.299956 0.000000 0.000000
0.000000 0.000000 0.298474 0.298470 0.298479 0.298491 0.298510 0.298519 0.298522 0.298522 0.298523 0.298523 0.298526 0.298520 0.298502 0.298498 0.298492 0.298483 0.298470 0.000000 0.000000
0.000000 0.000000 0.294078 0.294078 0.294098 0.294137 0.294165 0.294207 0.294205 0.294218 0.294209 0.294209 0.294207 0.294206 0.294189 0.294161 0.294139 0.294120 0.294106 0.000000 0.000000
0.000000 0.000000 0.287741 0.287747 0.287765 0.287809 0.287865 0.287927 0.287926 0.287935 0.287932 0.287933 0.287936 0.287930 0.287879 0.287829 0.287802 0.287778 0.287761 0.000000 0.000000
0.000000 0.000000 0.280159 0.280162 0.280175 0.280224 0.280278 0.280346 0.280344 0.280353 0.280354 0.280359 0.280363 0.280350 0.280293 0.280246 0.280203 0.280191 0.280165 0.000000 0.000000
0.000000 0.000000 0.272188 0.272201 0.272226 0.272257 0.272313 0.272386 0.272380 0.272398 0.272402 0.272405 0.272404 0.272405 0.272335 0.272276 0.272243 0.272227 0.272205 0.000000 0.000000
0.000000 0.000000 0.263941 0.263957 0.263970 0.263998 0.264078 0.264143 0.264140 0.264150 0.264160 0.264155 0.264145 0.264150 0.264091 0.264024 0.263986 0.263975 0.263958 0.000000 0.000000
0.000000 0.000000 0.255201 0.255211 0.255226 0.255287 0.255340 0.255418 0.255400 0.255441 0.255437 0.255438 0.255452 0.255425 0.255375 0.255333 0.255285 0.255260 0.255223 0.000000 0.000000
0.000000 0.000000 0.245759 0.245784 0.245814 0.245856 0.245913 0.246006 0.246006 0.246023 0.246001 0.246032 0.246026 0.246017 0.245927 0.245880 0.245848 0.245830 0.245743 0.000000 0.000000
0.000000 0.000000 0.235792 0.235817 0.235832 0.235884 0.235935 0.236151 0.236152 0.236168 0.236219 0.236195 0.236182 0.236161 0.235999 0.235951 0.235873 0.235864 0.235809 0.000000 0.000000
0.000000 0.000000 0.224538 0.224550 0.224592 0.224630 0.224872 0.224895 0.224944 0.224946 0.224945 0.224953 0.224957 0.224964 0.224960 0.224709 0.224655 0.224589 0.224526 0.000000 0.000000
0.000000 0.000000 0.211670 0.211691 0.211747 0.212026 0.212061 0.212200 0.212279 0.212296 0.212341 0.212379 0.212348 0.212359 0.212230 0.212172 0.211798 0.211839 0.211811 0.000000 0.000000
0.000000 0.000000 0.197668 0.197691 0.198084 0.198061 0.198084 0.198162 0.198041 0.198093 0.198034 0.198075 0.198129 0.198035 0.197991 0.197965 0.198130 0.197605 0.197603 0.000000 0.000000
0.000000 0.000000 0.180660 0.181255 0.181287 0.181475 0.181777 0.181877 0.181979 0.181963 0.182113 0.182113 0.182036 0.182096 0.181948 0.181724 0.181322 0.181430 0.180817 0.000000 0.000000
0.000000 0.000000 0.170886 0.170546 0.169993 0.170067 0.170157 0.170693 0.170663 0.170799 0.170630 0.170675 0.170674 0.170626 0.170153 0.170088 0.169902 0.170416 0.170729 0.000000 0.000000
0.000000 0.000000 0.300000 0.300000 0.300000 0.300000 0.300000 0.300000 0.300000 0.300000 0.300000 0.300000 0.300000 0.300000 0.300000 0.300000 0.300000 0.300000 0.300000 0.000000 0.000000
0.000000 0.000000 0.000000 0.000000 0.000000 0.000000 0.000000 0.000000 0.000000 0.000000 0.000000 0.000000 0.000000 0.000000 0.000000 0.000000 0.000000 0.000000 0.000000 0.000000 0.000000