geotop/1.0zi/1.0Montebello/Templates/testdem/maps/_Eocsilt1845.asc
ncols         21
nrows         20
xllcorner     100.000000
yllcorner     100.000000
cellsize      50.000000
NODATA_value  -9999.0
0.000000 0.000000 0.000000 0.000000 0.000000 0.000000 0.000000 0.000000 0.000000 0.000000 0.000000 0.000000 0.000000 0.000000 0.000000 0.000000 0.000000 0.000000 0.000000 0.000000 0.000000
0.000000 0.000000 0.350041 0.350041 0.350041 0.350041 0.350041 0.350041 0.350041 0.350041 0.350041 0.350041 0.350041 0.350041 0.350041 0.350041 0.350041 0.350041 0.350041 0.000000 0.000000
0.000000 0.000000 0.349998 0.349998 0.349998 0.349998 0.349998 0.349998 0.349998 0.349998 0.349998 0.349998 0.349998 0.349998 0.349998 0.349998 0.349998 0.349998 0.349998 0.000000 0.000000
0.000000 0.000000 0.350683 0.350682 0.350680 0.350681 0.350683 0.350683 0.350683 0.350683 0.350683 0.350683 0.350683 0.350683 0.350683 0.350681 0.350680 0.350682 0.350683 0.000000 0.000000
0.000000 0.000000 0.353160 0.353160 0.353158 0.353158 0.353161 0.353160 0.353160 0.353161 0.353161 0.353161 0.353160 0.353160 0.353161 0.353158 0.353158 0.353160 0.353160 0.000000 0.000000
0.000000 0.000000 0.356278 0.356277 0.356276 0.356276 0.356279 0.356278 0.356278 0.356279 0.356279 0.356279 0.356278 0.356278 0.356279 0.356276 0.356276 0.356277 0.356278 0.000000 0.000000
0.000000 0.000000 0.359138 0.359138 0.359137 0.359137 0.359139 0.359138 0.359138 0.359139 0.359139 0.359139 0.359138 0.359138 0.359139 0.359137 0.359137 0.359138 0.359138 0.000000 0.000000
0.000000 0.000000 0.361761 0.361761 0.361759 0.361760 0.361762 0.361761 0.361761 0.361762 0.361762 0.361762 0.361761 0.361761 0.361762 0.361760 0.361759 0.361761 0.361761 0.000000 0.000000
0.000000 0.000000 0.364215 0.364215 0.364213 0.364214 0.364215 0.364215 0.364215 0.364215 0.364216 0.364215 0.364215 0.364215 0.364215 0.364214 0.364213 0.364215 0.364215 0.000000 0.000000
0.000000 0.000000 0.366560 0.366560 0.366558 0.366559 0.366560 0.366560 0.366560 0.366560 0.366561 0.366560 0.366560 0.366560 0.366560 0.366559 0.366558 0.366560 0.366560 0.000000 0.000000
0.000000 0.000000 0.368821 0.368821 0.368820 0.368820 0.368822 0.368821 0.368821 0.368822 0.368822 0.368822 0.368821 0.368821 0.368822 0.368820 0.368820 0.368821 0.368821 0.000000 0.000000
0.000000 0.000000 0.371020 0.371020 0.371019 0.371019 0.371021 0.371020 0.371020 0.371021 0.371021 0.371021 0.371020 0.371020 0.371021 0.371019 0.371019 0.371020 0.371020 0.000000 0.000000
0.000000 0.000000 0.373173 0.373172 0.373171 0.373172 0.373173 0.373173 0.373173 0.373173 0.373173 0.373173 0.373173 0.373173 0.373173 0.373172 0.373171 0.373172 0.373173 0.000000 0.000000
0.000000 0.000000 0.375282 0.375281 0.375280 0.375281 0.375282 0.375282 0.375282 0.375282 0.375282 0.375282 0.375282 0.375282 0.375282 0.375281 0.375280 0.375281 0.375282 0.000000 0.000000
0.000000 0.000000 0.377356 0.377356 0.377355 0.377355 0.377357 0.377356 0.377356 0.377357 0.377357 0.377357 0.377356 0.377356 0.377357 0.377355 0.377355 0.377356 0.377356 0.000000 0.000000
0.000000 0.000000 0.379402 0.379402 0.379401 0.379401 0.379403 0.379402 0.379402 0.379403 0.379403 0.379403 0.379402 0.379402 0.379403 0.379401 0.379401 0.379402 0.379402 0.000000 0.000000
0.000000 0.000000 0.381419 0.381419 0.381418 0.381418 0.381420 0.381419 0.381419 0.381420 0.381420 0.381420 0.381419 0.381419 0.381420 0.381418 0.381418 0.381419 0.381419 0.000000 0.000000
0.000000 0.000000 0.383446 0.383447 0.383445 0.383446 0.383447 0.383447 0.383447 0.383447 0.383447 0.383447 0.383447 0.383447 0.383447 0.383446 0.383445 0.383447 0.383447 0.000000 0.000000
0.000000 0.000000 0.350000 0.350000 0.350000 0.350000 0.350000 0.350000 0.350000 0.350000 0.350000 0.350000 0.350000 0.350000 0.350000 0.350000 0.350000 0.350000 0.350000 0.000000 0.000000
0.000000 0.000000 0.000000 0.000000 0.000000 0.000000 0.000000 0.000000 0.000000 0.000000 0.000000 0.000000 0.000000 0.000000 0.000000 0.000000 0.000000 0.000000 0.000000 0.000000 0.000000