geotop/1.0zi/1.0Montebello/Templates/testdem/maps/_Eocclay8910.asc
ncols         21
nrows         20
xllcorner     100.000000
yllcorner     100.000000
cellsize      50.000000
NODATA_value  -9999.0
0.000000 0.000000 0.000000 0.000000 0.000000 0.000000 0.000000 0.000000 0.000000 0.000000 0.000000 0.000000 0.000000 0.000000 0.000000 0.000000 0.000000 0.000000 0.000000 0.000000 0.000000
0.000000 0.000000 0.349583 0.349586 0.349586 0.349585 0.349586 0.349587 0.349586 0.349586 0.349585 0.349586 0.349586 0.349586 0.349586 0.349586 0.349584 0.349584 0.349585 0.000000 0.000000
0.000000 0.000000 0.349983 0.349981 0.349981 0.349983 0.349981 0.349981 0.349981 0.349981 0.349981 0.349981 0.349981 0.349981 0.349982 0.349982 0.349983 0.349982 0.349980 0.000000 0.000000
0.000000 0.000000 0.350023 0.350028 0.350026 0.350023 0.350025 0.350025 0.350029 0.350026 0.350029 0.350027 0.350028 0.350026 0.350029 0.350030 0.350028 0.350028 0.350026 0.000000 0.000000
0.000000 0.000000 0.351209 0.351201 0.351196 0.351186 0.351169 0.351169 0.351165 0.351166 0.351164 0.351166 0.351165 0.351167 0.351176 0.351180 0.351191 0.351191 0.351201 0.000000 0.000000
0.000000 0.000000 0.354563 0.354560 0.354542 0.354512 0.354488 0.354464 0.354468 0.354461 0.354465 0.354465 0.354470 0.354470 0.354483 0.354508 0.354520 0.354530 0.354536 0.000000 0.000000
0.000000 0.000000 0.359080 0.359071 0.359061 0.359032 0.358998 0.358948 0.358950 0.358945 0.358945 0.358947 0.358947 0.358948 0.358989 0.359020 0.359036 0.359046 0.359054 0.000000 0.000000
0.000000 0.000000 0.364438 0.364428 0.364419 0.364383 0.364347 0.364302 0.364305 0.364299 0.364299 0.364296 0.364294 0.364304 0.364341 0.364372 0.364400 0.364404 0.364418 0.000000 0.000000
0.000000 0.000000 0.370210 0.370198 0.370182 0.370158 0.370117 0.370068 0.370074 0.370064 0.370061 0.370059 0.370060 0.370059 0.370109 0.370146 0.370167 0.370172 0.370185 0.000000 0.000000
0.000000 0.000000 0.376461 0.376444 0.376435 0.376409 0.376351 0.376308 0.376310 0.376304 0.376296 0.376301 0.376308 0.376306 0.376346 0.376394 0.376419 0.376425 0.376432 0.000000 0.000000
0.000000 0.000000 0.383420 0.383408 0.383398 0.383341 0.383303 0.383246 0.383262 0.383228 0.383235 0.383231 0.383220 0.383241 0.383283 0.383312 0.383348 0.383359 0.383387 0.000000 0.000000
0.000000 0.000000 0.391329 0.391305 0.391275 0.391244 0.391193 0.391124 0.391125 0.391120 0.391134 0.391107 0.391119 0.391119 0.391194 0.391234 0.391253 0.391260 0.391322 0.000000 0.000000
0.000000 0.000000 0.400079 0.400052 0.400048 0.399987 0.399946 0.399743 0.399745 0.399735 0.399674 0.399710 0.399718 0.399737 0.399894 0.399931 0.400005 0.400003 0.400028 0.000000 0.000000
0.000000 0.000000 0.410690 0.410681 0.410632 0.410593 0.410314 0.410373 0.410322 0.410323 0.410351 0.410324 0.410319 0.410297 0.410245 0.410542 0.410566 0.410631 0.410678 0.000000 0.000000
0.000000 0.000000 0.423369 0.423334 0.423277 0.422909 0.422996 0.422804 0.422738 0.422719 0.422649 0.422613 0.422654 0.422652 0.422837 0.422767 0.423247 0.423140 0.423136 0.000000 0.000000
0.000000 0.000000 0.436896 0.436869 0.436351 0.436564 0.436500 0.436495 0.436718 0.436656 0.436771 0.436743 0.436650 0.436779 0.436748 0.436802 0.436303 0.437069 0.437055 0.000000 0.000000
0.000000 0.000000 0.452554 0.451839 0.452085 0.451771 0.451416 0.451311 0.451078 0.451135 0.450898 0.450926 0.451065 0.450920 0.451110 0.451372 0.452059 0.451515 0.452254 0.000000 0.000000
0.000000 0.000000 0.456637 0.457266 0.457777 0.457782 0.457831 0.457331 0.457437 0.457284 0.457545 0.457493 0.457448 0.457538 0.457945 0.457912 0.457865 0.457480 0.456856 0.000000 0.000000
0.000000 0.000000 0.350000 0.350000 0.350000 0.350000 0.350000 0.350000 0.350000 0.350000 0.350000 0.350000 0.350000 0.350000 0.350000 0.350000 0.350000 0.350000 0.350000 0.000000 0.000000
0.000000 0.000000 0.000000 0.000000 0.000000 0.000000 0.000000 0.000000 0.000000 0.000000 0.000000 0.000000 0.000000 0.000000 0.000000 0.000000 0.000000 0.000000 0.000000 0.000000 0.000000