geotop/1.0zi/1.0Montebello/Templates/testdem/maps/_Eocsand076.asc
ncols         21
nrows         20
xllcorner     100.000000
yllcorner     100.000000
cellsize      50.000000
NODATA_value  -9999.0
0.000000 0.000000 0.000000 0.000000 0.000000 0.000000 0.000000 0.000000 0.000000 0.000000 0.000000 0.000000 0.000000 0.000000 0.000000 0.000000 0.000000 0.000000 0.000000 0.000000 0.000000
0.000000 0.000000 0.300274 0.300271 0.300271 0.300272 0.300271 0.300271 0.300271 0.300271 0.300272 0.300271 0.300271 0.300272 0.300271 0.300271 0.300272 0.300272 0.300272 0.000000 0.000000
0.000000 0.000000 0.300012 0.300014 0.300014 0.300012 0.300014 0.300014 0.300013 0.300013 0.300014 0.300013 0.300013 0.300013 0.300013 0.300013 0.300014 0.300015 0.300015 0.000000 0.000000
0.000000 0.000000 0.299720 0.299715 0.299724 0.299734 0.299733 0.299738 0.299732 0.299734 0.299733 0.299732 0.299731 0.299732 0.299726 0.299718 0.299716 0.299714 0.299715 0.000000 0.000000
0.000000 0.000000 0.296119 0.296128 0.296147 0.296188 0.296219 0.296233 0.296230 0.296230 0.296234 0.296227 0.296221 0.296222 0.296198 0.296182 0.296161 0.296148 0.296134 0.000000 0.000000
0.000000 0.000000 0.286994 0.287008 0.287051 0.287130 0.287202 0.287267 0.287262 0.287270 0.287273 0.287272 0.287261 0.287267 0.287230 0.287167 0.287132 0.287107 0.287094 0.000000 0.000000
0.000000 0.000000 0.274608 0.274636 0.274673 0.274766 0.274859 0.274989 0.274984 0.274991 0.275004 0.275004 0.275006 0.275002 0.274899 0.274822 0.274772 0.274737 0.274722 0.000000 0.000000
0.000000 0.000000 0.259751 0.259785 0.259827 0.259950 0.260053 0.260175 0.260171 0.260182 0.260198 0.260204 0.260209 0.260191 0.260095 0.260008 0.259927 0.259908 0.259877 0.000000 0.000000
0.000000 0.000000 0.243033 0.243082 0.243150 0.243247 0.243368 0.243516 0.243500 0.243522 0.243545 0.243550 0.243544 0.243553 0.243415 0.243307 0.243243 0.243213 0.243186 0.000000 0.000000
0.000000 0.000000 0.223943 0.224011 0.224074 0.224181 0.224319 0.224479 0.224476 0.224486 0.224523 0.224509 0.224493 0.224501 0.224390 0.224247 0.224167 0.224132 0.224122 0.000000 0.000000
0.000000 0.000000 0.201382 0.201441 0.201498 0.201739 0.201801 0.202025 0.201975 0.202076 0.202071 0.202090 0.202131 0.202070 0.201936 0.201849 0.201731 0.201687 0.201590 0.000000 0.000000
0.000000 0.000000 0.174053 0.174186 0.174348 0.174455 0.174587 0.174876 0.174903 0.174886 0.174863 0.174948 0.174904 0.174942 0.174683 0.174525 0.174466 0.174423 0.174232 0.000000 0.000000
0.000000 0.000000 0.143071 0.143194 0.143228 0.143485 0.143643 0.144456 0.144476 0.144519 0.144842 0.144621 0.144625 0.144551 0.143964 0.143845 0.143528 0.143510 0.143513 0.000000 0.000000
0.000000 0.000000 0.106920 0.106970 0.107248 0.107382 0.108438 0.107889 0.108113 0.108102 0.107898 0.108099 0.108127 0.108269 0.108751 0.107582 0.107603 0.107324 0.107173 0.000000 0.000000
0.000000 0.000000 0.076378 0.076470 0.076586 0.077473 0.077016 0.077623 0.077716 0.077773 0.078006 0.078045 0.077952 0.077929 0.077406 0.077863 0.076716 0.076998 0.077059 0.000000 0.000000
0.000000 0.000000 0.057395 0.057442 0.057915 0.057891 0.057883 0.057998 0.057828 0.057885 0.057834 0.057859 0.057921 0.057819 0.057775 0.057789 0.058023 0.057421 0.057444 0.000000 0.000000
0.000000 0.000000 0.044148 0.044309 0.044544 0.044534 0.044628 0.044681 0.044619 0.044639 0.044640 0.044651 0.044667 0.044633 0.044605 0.044536 0.044618 0.044331 0.044199 0.000000 0.000000
0.000000 0.000000 0.035384 0.035488 0.035585 0.035583 0.035675 0.035741 0.035708 0.035726 0.035722 0.035729 0.035735 0.035717 0.035662 0.035597 0.035631 0.035507 0.035411 0.000000 0.000000
0.000000 0.000000 0.300000 0.300000 0.300000 0.300000 0.300000 0.300000 0.300000 0.300000 0.300000 0.300000 0.300000 0.300000 0.300000 0.300000 0.300000 0.300000 0.300000 0.000000 0.000000
0.000000 0.000000 0.000000 0.000000 0.000000 0.000000 0.000000 0.000000 0.000000 0.000000 0.000000 0.000000 0.000000 0.000000 0.000000 0.000000 0.000000 0.000000 0.000000 0.000000 0.000000