geotop/1.0zi/1.0Montebello/Templates/testdem/maps/_Eocclay8732.asc
ncols         21
nrows         20
xllcorner     100.000000
yllcorner     100.000000
cellsize      50.000000
NODATA_value  -9999.0
0.000000 0.000000 0.000000 0.000000 0.000000 0.000000 0.000000 0.000000 0.000000 0.000000 0.000000 0.000000 0.000000 0.000000 0.000000 0.000000 0.000000 0.000000 0.000000 0.000000 0.000000
0.000000 0.000000 0.349594 0.349596 0.349596 0.349595 0.349597 0.349597 0.349597 0.349597 0.349596 0.349597 0.349597 0.349597 0.349597 0.349597 0.349595 0.349595 0.349596 0.000000 0.000000
0.000000 0.000000 0.349983 0.349982 0.349982 0.349984 0.349982 0.349981 0.349982 0.349981 0.349981 0.349981 0.349982 0.349981 0.349982 0.349983 0.349983 0.349982 0.349981 0.000000 0.000000
0.000000 0.000000 0.350024 0.350029 0.350026 0.350022 0.350023 0.350024 0.350026 0.350024 0.350027 0.350025 0.350025 0.350023 0.350026 0.350028 0.350027 0.350029 0.350027 0.000000 0.000000
0.000000 0.000000 0.351174 0.351167 0.351164 0.351158 0.351140 0.351139 0.351136 0.351138 0.351136 0.351138 0.351136 0.351138 0.351147 0.351149 0.351160 0.351162 0.351172 0.000000 0.000000
0.000000 0.000000 0.354436 0.354433 0.354415 0.354382 0.354363 0.354340 0.354342 0.354336 0.354341 0.354340 0.354346 0.354344 0.354357 0.354378 0.354395 0.354407 0.354414 0.000000 0.000000
0.000000 0.000000 0.358845 0.358837 0.358828 0.358799 0.358764 0.358723 0.358722 0.358717 0.358718 0.358720 0.358721 0.358721 0.358758 0.358790 0.358808 0.358820 0.358829 0.000000 0.000000
0.000000 0.000000 0.364068 0.364062 0.364052 0.364017 0.363983 0.363939 0.363939 0.363933 0.363933 0.363931 0.363929 0.363938 0.363977 0.364005 0.364034 0.364042 0.364057 0.000000 0.000000
0.000000 0.000000 0.369684 0.369672 0.369656 0.369633 0.369594 0.369549 0.369553 0.369543 0.369540 0.369539 0.369540 0.369539 0.369586 0.369623 0.369646 0.369656 0.369668 0.000000 0.000000
0.000000 0.000000 0.375729 0.375715 0.375706 0.375682 0.375626 0.375585 0.375585 0.375580 0.375574 0.375579 0.375586 0.375583 0.375623 0.375668 0.375695 0.375704 0.375713 0.000000 0.000000
0.000000 0.000000 0.382432 0.382424 0.382412 0.382358 0.382322 0.382268 0.382283 0.382251 0.382259 0.382256 0.382246 0.382264 0.382305 0.382331 0.382369 0.382386 0.382412 0.000000 0.000000
0.000000 0.000000 0.390008 0.389983 0.389958 0.389928 0.389878 0.389817 0.389809 0.389806 0.389821 0.389796 0.389808 0.389807 0.389880 0.389919 0.389942 0.389955 0.390016 0.000000 0.000000
0.000000 0.000000 0.398352 0.398327 0.398323 0.398267 0.398228 0.398040 0.398037 0.398029 0.397974 0.398008 0.398016 0.398033 0.398181 0.398216 0.398291 0.398295 0.398323 0.000000 0.000000
0.000000 0.000000 0.408391 0.408384 0.408339 0.408302 0.408043 0.408092 0.408041 0.408043 0.408069 0.408046 0.408042 0.408021 0.407981 0.408254 0.408284 0.408353 0.408400 0.000000 0.000000
0.000000 0.000000 0.420387 0.420357 0.420304 0.419961 0.420027 0.419856 0.419787 0.419771 0.419710 0.419676 0.419715 0.419710 0.419884 0.419831 0.420280 0.420195 0.420197 0.000000 0.000000
0.000000 0.000000 0.433323 0.433299 0.432813 0.432997 0.432941 0.432931 0.433129 0.433074 0.433184 0.433157 0.433072 0.433191 0.433174 0.433214 0.432776 0.433501 0.433492 0.000000 0.000000
0.000000 0.000000 0.448698 0.447993 0.448216 0.447913 0.447560 0.447459 0.447233 0.447288 0.447062 0.447089 0.447224 0.447083 0.447272 0.447533 0.448199 0.447695 0.448432 0.000000 0.000000
0.000000 0.000000 0.452855 0.453505 0.454027 0.454037 0.454088 0.453576 0.453681 0.453526 0.453796 0.453744 0.453697 0.453789 0.454212 0.454175 0.454128 0.453745 0.453103 0.000000 0.000000
0.000000 0.000000 0.350000 0.350000 0.350000 0.350000 0.350000 0.350000 0.350000 0.350000 0.350000 0.350000 0.350000 0.350000 0.350000 0.350000 0.350000 0.350000 0.350000 0.000000 0.000000
0.000000 0.000000 0.000000 0.000000 0.000000 0.000000 0.000000 0.000000 0.000000 0.000000 0.000000 0.000000 0.000000 0.000000 0.000000 0.000000 0.000000 0.000000 0.000000 0.000000 0.000000