geotop/1.0zi/1.0Montebello/Templates/testdem/maps/_Eocsilt8063.asc
ncols         21
nrows         20
xllcorner     100.000000
yllcorner     100.000000
cellsize      50.000000
NODATA_value  -9999.0
0.000000 0.000000 0.000000 0.000000 0.000000 0.000000 0.000000 0.000000 0.000000 0.000000 0.000000 0.000000 0.000000 0.000000 0.000000 0.000000 0.000000 0.000000 0.000000 0.000000 0.000000
0.000000 0.000000 0.350168 0.350169 0.350169 0.350170 0.350169 0.350169 0.350169 0.350169 0.350169 0.350169 0.350169 0.350169 0.350169 0.350169 0.350170 0.350169 0.350169 0.000000 0.000000
0.000000 0.000000 0.350005 0.350005 0.350005 0.350005 0.350006 0.350005 0.350005 0.350006 0.350006 0.350006 0.350006 0.350006 0.350006 0.350005 0.350003 0.350004 0.350005 0.000000 0.000000
0.000000 0.000000 0.350103 0.350099 0.350097 0.350091 0.350092 0.350087 0.350090 0.350090 0.350087 0.350089 0.350089 0.350089 0.350092 0.350095 0.350099 0.350099 0.350100 0.000000 0.000000
0.000000 0.000000 0.351019 0.351025 0.351020 0.351009 0.351003 0.350995 0.350991 0.350990 0.350989 0.350990 0.350991 0.350992 0.351006 0.351011 0.351014 0.351024 0.351026 0.000000 0.000000
0.000000 0.000000 0.353700 0.353700 0.353690 0.353674 0.353654 0.353632 0.353631 0.353625 0.353629 0.353629 0.353631 0.353630 0.353642 0.353655 0.353667 0.353676 0.353681 0.000000 0.000000
0.000000 0.000000 0.357542 0.357538 0.357526 0.357500 0.357467 0.357432 0.357433 0.357429 0.357430 0.357428 0.357425 0.357430 0.357460 0.357487 0.357506 0.357520 0.357528 0.000000 0.000000
0.000000 0.000000 0.362086 0.362084 0.362077 0.362049 0.362018 0.361979 0.361979 0.361974 0.361973 0.361970 0.361968 0.361975 0.362008 0.362036 0.362063 0.362069 0.362082 0.000000 0.000000
0.000000 0.000000 0.366971 0.366962 0.366947 0.366928 0.366895 0.366851 0.366853 0.366843 0.366841 0.366839 0.366840 0.366839 0.366882 0.366916 0.366938 0.366948 0.366959 0.000000 0.000000
0.000000 0.000000 0.372108 0.372099 0.372090 0.372072 0.372025 0.371985 0.371985 0.371980 0.371974 0.371977 0.371983 0.371981 0.372016 0.372056 0.372080 0.372088 0.372095 0.000000 0.000000
0.000000 0.000000 0.377653 0.377647 0.377638 0.377597 0.377564 0.377519 0.377528 0.377503 0.377507 0.377505 0.377496 0.377513 0.377545 0.377570 0.377601 0.377617 0.377638 0.000000 0.000000
0.000000 0.000000 0.383796 0.383779 0.383760 0.383734 0.383697 0.383639 0.383636 0.383629 0.383642 0.383622 0.383628 0.383631 0.383691 0.383721 0.383742 0.383754 0.383805 0.000000 0.000000
0.000000 0.000000 0.390416 0.390400 0.390392 0.390355 0.390323 0.390175 0.390173 0.390163 0.390125 0.390145 0.390153 0.390167 0.390279 0.390310 0.390366 0.390372 0.390397 0.000000 0.000000
0.000000 0.000000 0.398141 0.398136 0.398104 0.398079 0.397895 0.397906 0.397868 0.397868 0.397879 0.397868 0.397863 0.397855 0.397840 0.398030 0.398062 0.398112 0.398148 0.000000 0.000000
0.000000 0.000000 0.407209 0.407192 0.407154 0.406923 0.406937 0.406822 0.406769 0.406756 0.406718 0.406689 0.406715 0.406710 0.406821 0.406821 0.407126 0.407081 0.407087 0.000000 0.000000
0.000000 0.000000 0.417128 0.417113 0.416782 0.416862 0.416838 0.416802 0.416923 0.416883 0.416946 0.416922 0.416869 0.416951 0.416962 0.416981 0.416752 0.417225 0.417218 0.000000 0.000000
0.000000 0.000000 0.429358 0.428842 0.428934 0.428745 0.428485 0.428408 0.428273 0.428304 0.428153 0.428165 0.428250 0.428168 0.428298 0.428490 0.428915 0.428655 0.429190 0.000000 0.000000
0.000000 0.000000 0.434127 0.434586 0.435026 0.435021 0.435032 0.434610 0.434675 0.434552 0.434746 0.434706 0.434679 0.434744 0.435098 0.435089 0.435106 0.434755 0.434306 0.000000 0.000000
0.000000 0.000000 0.350000 0.350000 0.350000 0.350000 0.350000 0.350000 0.350000 0.350000 0.350000 0.350000 0.350000 0.350000 0.350000 0.350000 0.350000 0.350000 0.350000 0.000000 0.000000
0.000000 0.000000 0.000000 0.000000 0.000000 0.000000 0.000000 0.000000 0.000000 0.000000 0.000000 0.000000 0.000000 0.000000 0.000000 0.000000 0.000000 0.000000 0.000000 0.000000 0.000000