geotop/1.0zi/1.0Montebello/Templates/testdem/maps/_Eocsand9873.asc
ncols         21
nrows         20
xllcorner     100.000000
yllcorner     100.000000
cellsize      50.000000
NODATA_value  -9999.0
0.000000 0.000000 0.000000 0.000000 0.000000 0.000000 0.000000 0.000000 0.000000 0.000000 0.000000 0.000000 0.000000 0.000000 0.000000 0.000000 0.000000 0.000000 0.000000 0.000000 0.000000
0.000000 0.000000 0.300242 0.300240 0.300240 0.300241 0.300240 0.300240 0.300240 0.300240 0.300241 0.300240 0.300240 0.300241 0.300240 0.300240 0.300241 0.300241 0.300240 0.000000 0.000000
0.000000 0.000000 0.300011 0.300013 0.300013 0.300011 0.300012 0.300013 0.300012 0.300012 0.300013 0.300012 0.300012 0.300012 0.300012 0.300012 0.300013 0.300013 0.300014 0.000000 0.000000
0.000000 0.000000 0.299810 0.299808 0.299817 0.299825 0.299824 0.299830 0.299822 0.299824 0.299824 0.299822 0.299821 0.299823 0.299818 0.299811 0.299808 0.299805 0.299806 0.000000 0.000000
0.000000 0.000000 0.297020 0.297021 0.297037 0.297069 0.297097 0.297107 0.297107 0.297108 0.297111 0.297104 0.297098 0.297098 0.297075 0.297061 0.297046 0.297037 0.297024 0.000000 0.000000
0.000000 0.000000 0.289360 0.289371 0.289409 0.289472 0.289537 0.289596 0.289592 0.289604 0.289604 0.289603 0.289592 0.289597 0.289561 0.289506 0.289479 0.289458 0.289446 0.000000 0.000000
0.000000 0.000000 0.278778 0.278801 0.278832 0.278907 0.278989 0.279103 0.279100 0.279111 0.279120 0.279120 0.279121 0.279117 0.279023 0.278956 0.278914 0.278886 0.278871 0.000000 0.000000
0.000000 0.000000 0.266210 0.266238 0.266270 0.266359 0.266451 0.266553 0.266551 0.266565 0.266576 0.266582 0.266586 0.266569 0.266482 0.266407 0.266340 0.266326 0.266297 0.000000 0.000000
0.000000 0.000000 0.252380 0.252419 0.252469 0.252539 0.252643 0.252766 0.252754 0.252779 0.252795 0.252800 0.252794 0.252800 0.252678 0.252588 0.252536 0.252514 0.252489 0.000000 0.000000
0.000000 0.000000 0.237062 0.237116 0.237156 0.237231 0.237346 0.237475 0.237472 0.237490 0.237517 0.237507 0.237491 0.237499 0.237399 0.237281 0.237220 0.237197 0.237185 0.000000 0.000000
0.000000 0.000000 0.219579 0.219624 0.219663 0.219831 0.219885 0.220059 0.220022 0.220108 0.220102 0.220115 0.220143 0.220097 0.219985 0.219912 0.219825 0.219795 0.219720 0.000000 0.000000
0.000000 0.000000 0.199103 0.199196 0.199300 0.199379 0.199471 0.199690 0.199695 0.199705 0.199681 0.199758 0.199721 0.199735 0.199534 0.199419 0.199373 0.199347 0.199196 0.000000 0.000000
0.000000 0.000000 0.175960 0.176047 0.176072 0.176234 0.176346 0.176927 0.176937 0.176976 0.177183 0.177057 0.177046 0.176997 0.176561 0.176464 0.176250 0.176241 0.176207 0.000000 0.000000
0.000000 0.000000 0.147287 0.147328 0.147516 0.147630 0.148442 0.148145 0.148320 0.148322 0.148211 0.148326 0.148347 0.148435 0.148704 0.147807 0.147779 0.147571 0.147447 0.000000 0.000000
0.000000 0.000000 0.115118 0.115214 0.115373 0.116402 0.115949 0.116601 0.116741 0.116811 0.117048 0.117124 0.117006 0.116999 0.116420 0.116858 0.115513 0.115835 0.115887 0.000000 0.000000
0.000000 0.000000 0.087293 0.087347 0.088405 0.087844 0.088041 0.087990 0.087523 0.087648 0.087398 0.087439 0.087641 0.087393 0.087543 0.087358 0.088565 0.086946 0.086970 0.000000 0.000000
0.000000 0.000000 0.064372 0.065100 0.064946 0.065233 0.065623 0.065709 0.065917 0.065870 0.066102 0.066076 0.065945 0.066078 0.065917 0.065622 0.065012 0.065427 0.064671 0.000000 0.000000
0.000000 0.000000 0.054154 0.054157 0.053716 0.053880 0.054046 0.054418 0.054464 0.054534 0.054493 0.054512 0.054472 0.054487 0.054138 0.054010 0.053705 0.054216 0.054204 0.000000 0.000000
0.000000 0.000000 0.300000 0.300000 0.300000 0.300000 0.300000 0.300000 0.300000 0.300000 0.300000 0.300000 0.300000 0.300000 0.300000 0.300000 0.300000 0.300000 0.300000 0.000000 0.000000
0.000000 0.000000 0.000000 0.000000 0.000000 0.000000 0.000000 0.000000 0.000000 0.000000 0.000000 0.000000 0.000000 0.000000 0.000000 0.000000 0.000000 0.000000 0.000000 0.000000 0.000000