geotop/1.0zi/1.0Montebello/Templates/testdem/maps/_Eocsilt7637.asc
ncols         21
nrows         20
xllcorner     100.000000
yllcorner     100.000000
cellsize      50.000000
NODATA_value  -9999.0
0.000000 0.000000 0.000000 0.000000 0.000000 0.000000 0.000000 0.000000 0.000000 0.000000 0.000000 0.000000 0.000000 0.000000 0.000000 0.000000 0.000000 0.000000 0.000000 0.000000 0.000000
0.000000 0.000000 0.350157 0.350157 0.350158 0.350158 0.350158 0.350158 0.350158 0.350158 0.350158 0.350157 0.350157 0.350157 0.350157 0.350157 0.350158 0.350158 0.350157 0.000000 0.000000
0.000000 0.000000 0.350005 0.350004 0.350004 0.350004 0.350005 0.350004 0.350005 0.350005 0.350005 0.350005 0.350005 0.350005 0.350005 0.350004 0.350003 0.350003 0.350004 0.000000 0.000000
0.000000 0.000000 0.350103 0.350099 0.350097 0.350091 0.350093 0.350087 0.350090 0.350090 0.350087 0.350089 0.350089 0.350089 0.350092 0.350095 0.350098 0.350098 0.350099 0.000000 0.000000
0.000000 0.000000 0.350968 0.350974 0.350969 0.350959 0.350953 0.350946 0.350943 0.350941 0.350941 0.350941 0.350942 0.350944 0.350957 0.350962 0.350964 0.350974 0.350977 0.000000 0.000000
0.000000 0.000000 0.353408 0.353409 0.353399 0.353384 0.353366 0.353344 0.353344 0.353338 0.353342 0.353342 0.353343 0.353342 0.353354 0.353366 0.353378 0.353386 0.353391 0.000000 0.000000
0.000000 0.000000 0.356927 0.356924 0.356913 0.356888 0.356858 0.356826 0.356826 0.356822 0.356824 0.356822 0.356819 0.356824 0.356852 0.356878 0.356895 0.356909 0.356916 0.000000 0.000000
0.000000 0.000000 0.361112 0.361111 0.361105 0.361079 0.361050 0.361014 0.361014 0.361010 0.361009 0.361006 0.361004 0.361010 0.361042 0.361068 0.361093 0.361100 0.361111 0.000000 0.000000
0.000000 0.000000 0.365587 0.365579 0.365565 0.365548 0.365517 0.365476 0.365478 0.365469 0.365467 0.365465 0.365466 0.365465 0.365505 0.365537 0.365557 0.365568 0.365578 0.000000 0.000000
0.000000 0.000000 0.370251 0.370243 0.370235 0.370219 0.370176 0.370140 0.370141 0.370136 0.370130 0.370133 0.370138 0.370136 0.370169 0.370206 0.370228 0.370236 0.370243 0.000000 0.000000
0.000000 0.000000 0.375234 0.375228 0.375221 0.375184 0.375154 0.375113 0.375122 0.375099 0.375102 0.375101 0.375093 0.375108 0.375138 0.375161 0.375189 0.375204 0.375223 0.000000 0.000000
0.000000 0.000000 0.380697 0.380683 0.380666 0.380643 0.380610 0.380558 0.380556 0.380548 0.380560 0.380543 0.380548 0.380552 0.380605 0.380632 0.380651 0.380663 0.380709 0.000000 0.000000
0.000000 0.000000 0.386526 0.386512 0.386505 0.386474 0.386445 0.386317 0.386315 0.386307 0.386274 0.386290 0.386298 0.386310 0.386408 0.386435 0.386484 0.386490 0.386516 0.000000 0.000000
0.000000 0.000000 0.393230 0.393224 0.393199 0.393177 0.393025 0.393025 0.392993 0.392992 0.392998 0.392991 0.392987 0.392982 0.392977 0.393134 0.393165 0.393207 0.393240 0.000000 0.000000
0.000000 0.000000 0.401008 0.400995 0.400963 0.400778 0.400776 0.400685 0.400639 0.400628 0.400598 0.400574 0.400594 0.400589 0.400678 0.400693 0.400939 0.400908 0.400917 0.000000 0.000000
0.000000 0.000000 0.409523 0.409510 0.409247 0.409291 0.409275 0.409238 0.409327 0.409294 0.409340 0.409317 0.409278 0.409343 0.409361 0.409375 0.409224 0.409592 0.409587 0.000000 0.000000
0.000000 0.000000 0.420027 0.419615 0.419650 0.419510 0.419303 0.419241 0.419148 0.419167 0.419054 0.419060 0.419122 0.419067 0.419170 0.419322 0.419635 0.419485 0.419911 0.000000 0.000000
0.000000 0.000000 0.424986 0.425311 0.425687 0.425665 0.425648 0.425295 0.425333 0.425236 0.425378 0.425346 0.425334 0.425379 0.425684 0.425694 0.425756 0.425437 0.425123 0.000000 0.000000
0.000000 0.000000 0.350000 0.350000 0.350000 0.350000 0.350000 0.350000 0.350000 0.350000 0.350000 0.350000 0.350000 0.350000 0.350000 0.350000 0.350000 0.350000 0.350000 0.000000 0.000000
0.000000 0.000000 0.000000 0.000000 0.000000 0.000000 0.000000 0.000000 0.000000 0.000000 0.000000 0.000000 0.000000 0.000000 0.000000 0.000000 0.000000 0.000000 0.000000 0.000000 0.000000