geotop/1.0zi/1.0Montebello/Templates/testdem/maps/_Eocsilt5900.asc
ncols         21
nrows         20
xllcorner     100.000000
yllcorner     100.000000
cellsize      50.000000
NODATA_value  -9999.0
0.000000 0.000000 0.000000 0.000000 0.000000 0.000000 0.000000 0.000000 0.000000 0.000000 0.000000 0.000000 0.000000 0.000000 0.000000 0.000000 0.000000 0.000000 0.000000 0.000000 0.000000
0.000000 0.000000 0.350118 0.350118 0.350118 0.350118 0.350118 0.350118 0.350118 0.350118 0.350118 0.350118 0.350118 0.350118 0.350118 0.350118 0.350118 0.350118 0.350118 0.000000 0.000000
0.000000 0.000000 0.350002 0.350002 0.350002 0.350003 0.350003 0.350003 0.350003 0.350003 0.350003 0.350003 0.350003 0.350003 0.350003 0.350002 0.350001 0.350001 0.350002 0.000000 0.000000
0.000000 0.000000 0.350047 0.350046 0.350045 0.350040 0.350041 0.350039 0.350041 0.350042 0.350041 0.350040 0.350040 0.350040 0.350042 0.350045 0.350046 0.350048 0.350047 0.000000 0.000000
0.000000 0.000000 0.350531 0.350535 0.350534 0.350530 0.350526 0.350522 0.350520 0.350518 0.350516 0.350518 0.350520 0.350520 0.350526 0.350529 0.350528 0.350537 0.350540 0.000000 0.000000
0.000000 0.000000 0.352074 0.352077 0.352071 0.352057 0.352046 0.352029 0.352027 0.352023 0.352027 0.352029 0.352030 0.352027 0.352033 0.352041 0.352051 0.352055 0.352060 0.000000 0.000000
0.000000 0.000000 0.354427 0.354424 0.354418 0.354399 0.354378 0.354355 0.354356 0.354353 0.354356 0.354356 0.354353 0.354356 0.354373 0.354392 0.354400 0.354410 0.354416 0.000000 0.000000
0.000000 0.000000 0.357292 0.357292 0.357291 0.357272 0.357251 0.357225 0.357226 0.357223 0.357223 0.357222 0.357221 0.357223 0.357244 0.357264 0.357280 0.357283 0.357292 0.000000 0.000000
0.000000 0.000000 0.360302 0.360297 0.360288 0.360277 0.360256 0.360226 0.360227 0.360222 0.360219 0.360221 0.360221 0.360219 0.360246 0.360268 0.360282 0.360288 0.360297 0.000000 0.000000
0.000000 0.000000 0.363329 0.363324 0.363320 0.363312 0.363282 0.363257 0.363259 0.363255 0.363251 0.363255 0.363258 0.363255 0.363277 0.363301 0.363315 0.363318 0.363323 0.000000 0.000000
0.000000 0.000000 0.366443 0.366440 0.366438 0.366416 0.366396 0.366368 0.366374 0.366360 0.366361 0.366362 0.366358 0.366365 0.366383 0.366399 0.366415 0.366424 0.366436 0.000000 0.000000
0.000000 0.000000 0.369723 0.369716 0.369707 0.369692 0.369674 0.369639 0.369640 0.369632 0.369641 0.369633 0.369635 0.369637 0.369668 0.369683 0.369694 0.369699 0.369732 0.000000 0.000000
0.000000 0.000000 0.373097 0.373090 0.373087 0.373069 0.373053 0.372983 0.372982 0.372976 0.372961 0.372969 0.372975 0.372980 0.373032 0.373046 0.373071 0.373074 0.373097 0.000000 0.000000
0.000000 0.000000 0.376772 0.376768 0.376757 0.376746 0.376677 0.376660 0.376645 0.376644 0.376639 0.376641 0.376642 0.376639 0.376647 0.376716 0.376738 0.376755 0.376778 0.000000 0.000000
0.000000 0.000000 0.380832 0.380826 0.380810 0.380737 0.380716 0.380674 0.380648 0.380643 0.380630 0.380622 0.380631 0.380625 0.380656 0.380689 0.380792 0.380783 0.380797 0.000000 0.000000
0.000000 0.000000 0.385141 0.385136 0.385039 0.385024 0.385019 0.384993 0.385013 0.385001 0.385010 0.385000 0.384988 0.385008 0.385024 0.385034 0.385023 0.385146 0.385149 0.000000 0.000000
0.000000 0.000000 0.390097 0.389966 0.389924 0.389885 0.389823 0.389792 0.389780 0.389778 0.389750 0.389746 0.389759 0.389753 0.389789 0.389837 0.389912 0.389935 0.390068 0.000000 0.000000
0.000000 0.000000 0.393660 0.393673 0.393790 0.393759 0.393712 0.393591 0.393589 0.393561 0.393581 0.393574 0.393581 0.393585 0.393696 0.393730 0.393808 0.393686 0.393681 0.000000 0.000000
0.000000 0.000000 0.350000 0.350000 0.350000 0.350000 0.350000 0.350000 0.350000 0.350000 0.350000 0.350000 0.350000 0.350000 0.350000 0.350000 0.350000 0.350000 0.350000 0.000000 0.000000
0.000000 0.000000 0.000000 0.000000 0.000000 0.000000 0.000000 0.000000 0.000000 0.000000 0.000000 0.000000 0.000000 0.000000 0.000000 0.000000 0.000000 0.000000 0.000000 0.000000 0.000000