geotop/1.0zi/1.0Montebello/Templates/testdem/maps/_Eocclay3453.asc
ncols         21
nrows         20
xllcorner     100.000000
yllcorner     100.000000
cellsize      50.000000
NODATA_value  -9999.0
0.000000 0.000000 0.000000 0.000000 0.000000 0.000000 0.000000 0.000000 0.000000 0.000000 0.000000 0.000000 0.000000 0.000000 0.000000 0.000000 0.000000 0.000000 0.000000 0.000000 0.000000
0.000000 0.000000 0.349816 0.349816 0.349816 0.349815 0.349816 0.349816 0.349816 0.349816 0.349815 0.349816 0.349816 0.349816 0.349816 0.349815 0.349816 0.349816 0.349816 0.000000 0.000000
0.000000 0.000000 0.349996 0.349996 0.349995 0.349996 0.349996 0.349996 0.349996 0.349996 0.349996 0.349996 0.349996 0.349996 0.349996 0.349996 0.349995 0.349996 0.349996 0.000000 0.000000
0.000000 0.000000 0.351304 0.351304 0.351301 0.351302 0.351303 0.351303 0.351303 0.351304 0.351304 0.351304 0.351303 0.351303 0.351303 0.351302 0.351301 0.351304 0.351304 0.000000 0.000000
0.000000 0.000000 0.356641 0.356641 0.356639 0.356639 0.356643 0.356641 0.356641 0.356642 0.356643 0.356642 0.356641 0.356641 0.356643 0.356639 0.356639 0.356641 0.356641 0.000000 0.000000
0.000000 0.000000 0.362534 0.362533 0.362531 0.362532 0.362534 0.362533 0.362533 0.362534 0.362535 0.362534 0.362533 0.362533 0.362534 0.362532 0.362531 0.362533 0.362534 0.000000 0.000000
0.000000 0.000000 0.368054 0.368053 0.368052 0.368052 0.368054 0.368053 0.368053 0.368054 0.368055 0.368054 0.368053 0.368053 0.368054 0.368052 0.368052 0.368053 0.368054 0.000000 0.000000
0.000000 0.000000 0.373074 0.373074 0.373072 0.373073 0.373075 0.373074 0.373074 0.373075 0.373075 0.373075 0.373074 0.373074 0.373075 0.373073 0.373072 0.373074 0.373074 0.000000 0.000000
0.000000 0.000000 0.377711 0.377711 0.377710 0.377710 0.377712 0.377711 0.377711 0.377711 0.377712 0.377711 0.377711 0.377711 0.377712 0.377710 0.377710 0.377711 0.377711 0.000000 0.000000
0.000000 0.000000 0.382072 0.382072 0.382070 0.382071 0.382072 0.382072 0.382072 0.382072 0.382073 0.382072 0.382072 0.382072 0.382072 0.382071 0.382070 0.382072 0.382072 0.000000 0.000000
0.000000 0.000000 0.386212 0.386212 0.386211 0.386211 0.386212 0.386212 0.386212 0.386212 0.386213 0.386212 0.386212 0.386212 0.386212 0.386211 0.386211 0.386212 0.386212 0.000000 0.000000
0.000000 0.000000 0.390171 0.390171 0.390170 0.390170 0.390172 0.390171 0.390171 0.390172 0.390172 0.390172 0.390171 0.390171 0.390172 0.390170 0.390170 0.390171 0.390171 0.000000 0.000000
0.000000 0.000000 0.393980 0.393980 0.393978 0.393979 0.393980 0.393980 0.393980 0.393980 0.393981 0.393980 0.393980 0.393980 0.393980 0.393979 0.393978 0.393980 0.393980 0.000000 0.000000
0.000000 0.000000 0.397667 0.397666 0.397665 0.397666 0.397667 0.397666 0.397666 0.397667 0.397667 0.397667 0.397666 0.397666 0.397667 0.397666 0.397665 0.397666 0.397667 0.000000 0.000000
0.000000 0.000000 0.401242 0.401242 0.401241 0.401242 0.401243 0.401242 0.401242 0.401243 0.401243 0.401243 0.401242 0.401242 0.401243 0.401242 0.401241 0.401242 0.401242 0.000000 0.000000
0.000000 0.000000 0.404713 0.404712 0.404711 0.404712 0.404713 0.404712 0.404712 0.404713 0.404713 0.404713 0.404712 0.404712 0.404713 0.404712 0.404711 0.404712 0.404713 0.000000 0.000000
0.000000 0.000000 0.408089 0.408089 0.408088 0.408088 0.408090 0.408089 0.408089 0.408090 0.408090 0.408090 0.408089 0.408089 0.408090 0.408088 0.408088 0.408089 0.408089 0.000000 0.000000
0.000000 0.000000 0.411431 0.411431 0.411430 0.411430 0.411431 0.411431 0.411431 0.411431 0.411432 0.411431 0.411431 0.411431 0.411431 0.411430 0.411430 0.411431 0.411431 0.000000 0.000000
0.000000 0.000000 0.350000 0.350000 0.350000 0.350000 0.350000 0.350000 0.350000 0.350000 0.350000 0.350000 0.350000 0.350000 0.350000 0.350000 0.350000 0.350000 0.350000 0.000000 0.000000
0.000000 0.000000 0.000000 0.000000 0.000000 0.000000 0.000000 0.000000 0.000000 0.000000 0.000000 0.000000 0.000000 0.000000 0.000000 0.000000 0.000000 0.000000 0.000000 0.000000 0.000000