geotop/1.0zi/1.0Montebello/Templates/testdem/maps/_Eocsand6148.asc
ncols         21
nrows         20
xllcorner     100.000000
yllcorner     100.000000
cellsize      50.000000
NODATA_value  -9999.0
0.000000 0.000000 0.000000 0.000000 0.000000 0.000000 0.000000 0.000000 0.000000 0.000000 0.000000 0.000000 0.000000 0.000000 0.000000 0.000000 0.000000 0.000000 0.000000 0.000000 0.000000
0.000000 0.000000 0.300151 0.300151 0.300150 0.300151 0.300150 0.300150 0.300150 0.300150 0.300151 0.300150 0.300150 0.300151 0.300150 0.300150 0.300151 0.300152 0.300151 0.000000 0.000000
0.000000 0.000000 0.300009 0.300008 0.300008 0.300007 0.300008 0.300008 0.300008 0.300008 0.300008 0.300008 0.300007 0.300008 0.300008 0.300008 0.300009 0.300009 0.300010 0.000000 0.000000
0.000000 0.000000 0.299971 0.299969 0.299972 0.299977 0.299974 0.299976 0.299972 0.299975 0.299972 0.299975 0.299974 0.299975 0.299973 0.299968 0.299969 0.299965 0.299967 0.000000 0.000000
0.000000 0.000000 0.298943 0.298941 0.298944 0.298950 0.298965 0.298973 0.298974 0.298974 0.298978 0.298978 0.298980 0.298978 0.298966 0.298964 0.298960 0.298949 0.298939 0.000000 0.000000
0.000000 0.000000 0.295668 0.295665 0.295677 0.295712 0.295728 0.295764 0.295765 0.295774 0.295766 0.295763 0.295759 0.295762 0.295752 0.295731 0.295715 0.295700 0.295690 0.000000 0.000000
0.000000 0.000000 0.290711 0.290716 0.290726 0.290763 0.290806 0.290859 0.290858 0.290865 0.290861 0.290860 0.290862 0.290860 0.290820 0.290777 0.290758 0.290739 0.290724 0.000000 0.000000
0.000000 0.000000 0.284664 0.284664 0.284669 0.284709 0.284752 0.284809 0.284808 0.284815 0.284815 0.284816 0.284819 0.284811 0.284766 0.284725 0.284693 0.284684 0.284664 0.000000 0.000000
0.000000 0.000000 0.278382 0.278391 0.278408 0.278432 0.278474 0.278535 0.278532 0.278543 0.278548 0.278546 0.278546 0.278550 0.278493 0.278448 0.278419 0.278410 0.278391 0.000000 0.000000
0.000000 0.000000 0.272011 0.272022 0.272029 0.272047 0.272108 0.272163 0.272159 0.272166 0.272175 0.272167 0.272159 0.272166 0.272120 0.272068 0.272038 0.272032 0.272019 0.000000 0.000000
0.000000 0.000000 0.265399 0.265406 0.265410 0.265455 0.265496 0.265557 0.265545 0.265573 0.265573 0.265571 0.265579 0.265562 0.265524 0.265491 0.265457 0.265438 0.265411 0.000000 0.000000
0.000000 0.000000 0.258413 0.258429 0.258448 0.258480 0.258517 0.258590 0.258588 0.258604 0.258587 0.258605 0.258602 0.258596 0.258529 0.258496 0.258472 0.258462 0.258393 0.000000 0.000000
0.000000 0.000000 0.251195 0.251208 0.251216 0.251253 0.251287 0.251438 0.251439 0.251452 0.251484 0.251467 0.251456 0.251444 0.251331 0.251300 0.251246 0.251241 0.251192 0.000000 0.000000
0.000000 0.000000 0.243292 0.243302 0.243324 0.243348 0.243499 0.243533 0.243567 0.243569 0.243579 0.243576 0.243575 0.243580 0.243561 0.243409 0.243364 0.243326 0.243276 0.000000 0.000000
0.000000 0.000000 0.234521 0.234533 0.234567 0.234728 0.234771 0.234861 0.234919 0.234928 0.234957 0.234975 0.234957 0.234968 0.234897 0.234829 0.234603 0.234622 0.234593 0.000000 0.000000
0.000000 0.000000 0.225171 0.225183 0.225397 0.225425 0.225436 0.225490 0.225444 0.225469 0.225450 0.225472 0.225498 0.225453 0.225419 0.225399 0.225429 0.225153 0.225147 0.000000 0.000000
0.000000 0.000000 0.214331 0.214629 0.214714 0.214800 0.214940 0.215009 0.215039 0.215041 0.215108 0.215115 0.215085 0.215099 0.215017 0.214909 0.214736 0.214697 0.214393 0.000000 0.000000
0.000000 0.000000 0.206695 0.206650 0.206379 0.206445 0.206542 0.206815 0.206819 0.206882 0.206833 0.206850 0.206834 0.206824 0.206574 0.206501 0.206335 0.206612 0.206639 0.000000 0.000000
0.000000 0.000000 0.300000 0.300000 0.300000 0.300000 0.300000 0.300000 0.300000 0.300000 0.300000 0.300000 0.300000 0.300000 0.300000 0.300000 0.300000 0.300000 0.300000 0.000000 0.000000
0.000000 0.000000 0.000000 0.000000 0.000000 0.000000 0.000000 0.000000 0.000000 0.000000 0.000000 0.000000 0.000000 0.000000 0.000000 0.000000 0.000000 0.000000 0.000000 0.000000 0.000000