geotop/1.0zi/1.0Montebello/Templates/testdem/maps/_Eocclay6545.asc
ncols         21
nrows         20
xllcorner     100.000000
yllcorner     100.000000
cellsize      50.000000
NODATA_value  -9999.0
0.000000 0.000000 0.000000 0.000000 0.000000 0.000000 0.000000 0.000000 0.000000 0.000000 0.000000 0.000000 0.000000 0.000000 0.000000 0.000000 0.000000 0.000000 0.000000 0.000000 0.000000
0.000000 0.000000 0.349708 0.349710 0.349710 0.349709 0.349710 0.349710 0.349710 0.349710 0.349709 0.349710 0.349710 0.349710 0.349710 0.349710 0.349708 0.349708 0.349709 0.000000 0.000000
0.000000 0.000000 0.349989 0.349988 0.349988 0.349989 0.349987 0.349987 0.349988 0.349988 0.349987 0.349987 0.349988 0.349987 0.349988 0.349988 0.349989 0.349989 0.349986 0.000000 0.000000
0.000000 0.000000 0.349983 0.349987 0.349984 0.349984 0.349986 0.349986 0.349987 0.349984 0.349989 0.349986 0.349986 0.349986 0.349986 0.349988 0.349986 0.349988 0.349987 0.000000 0.000000
0.000000 0.000000 0.350591 0.350591 0.350589 0.350587 0.350573 0.350571 0.350571 0.350574 0.350571 0.350570 0.350566 0.350568 0.350574 0.350573 0.350580 0.350581 0.350588 0.000000 0.000000
0.000000 0.000000 0.352458 0.352459 0.352451 0.352426 0.352418 0.352399 0.352400 0.352395 0.352398 0.352398 0.352402 0.352401 0.352406 0.352421 0.352432 0.352444 0.352449 0.000000 0.000000
0.000000 0.000000 0.355243 0.355242 0.355236 0.355217 0.355193 0.355164 0.355163 0.355158 0.355160 0.355160 0.355161 0.355161 0.355183 0.355207 0.355220 0.355229 0.355237 0.000000 0.000000
0.000000 0.000000 0.358586 0.358586 0.358581 0.358558 0.358534 0.358502 0.358502 0.358499 0.358498 0.358496 0.358495 0.358501 0.358525 0.358546 0.358566 0.358573 0.358584 0.000000 0.000000
0.000000 0.000000 0.362042 0.362039 0.362029 0.362015 0.361991 0.361959 0.361961 0.361955 0.361952 0.361950 0.361951 0.361950 0.361979 0.362003 0.362022 0.362027 0.362037 0.000000 0.000000
0.000000 0.000000 0.365588 0.365582 0.365577 0.365565 0.365530 0.365501 0.365503 0.365499 0.365494 0.365496 0.365502 0.365498 0.365522 0.365551 0.365571 0.365575 0.365583 0.000000 0.000000
0.000000 0.000000 0.369314 0.369311 0.369306 0.369281 0.369257 0.369224 0.369231 0.369215 0.369214 0.369214 0.369210 0.369220 0.369239 0.369258 0.369280 0.369291 0.369307 0.000000 0.000000
0.000000 0.000000 0.373281 0.373275 0.373263 0.373243 0.373220 0.373180 0.373181 0.373173 0.373181 0.373168 0.373172 0.373175 0.373211 0.373229 0.373246 0.373253 0.373291 0.000000 0.000000
0.000000 0.000000 0.377420 0.377411 0.377405 0.377384 0.377363 0.377275 0.377275 0.377268 0.377248 0.377256 0.377264 0.377271 0.377334 0.377353 0.377388 0.377392 0.377418 0.000000 0.000000
0.000000 0.000000 0.381998 0.381994 0.381979 0.381962 0.381871 0.381854 0.381834 0.381834 0.381828 0.381828 0.381828 0.381825 0.381832 0.381926 0.381955 0.381979 0.382006 0.000000 0.000000
0.000000 0.000000 0.387140 0.387135 0.387114 0.387012 0.386987 0.386935 0.386902 0.386896 0.386877 0.386863 0.386878 0.386871 0.386913 0.386948 0.387091 0.387079 0.387094 0.000000 0.000000
0.000000 0.000000 0.392670 0.392664 0.392527 0.392515 0.392506 0.392476 0.392511 0.392494 0.392509 0.392491 0.392476 0.392507 0.392523 0.392533 0.392507 0.392685 0.392687 0.000000 0.000000
0.000000 0.000000 0.399206 0.399011 0.398971 0.398911 0.398813 0.398774 0.398750 0.398752 0.398703 0.398700 0.398724 0.398709 0.398757 0.398831 0.398955 0.398961 0.399164 0.000000 0.000000
0.000000 0.000000 0.403546 0.403605 0.403789 0.403749 0.403697 0.403517 0.403518 0.403476 0.403515 0.403500 0.403510 0.403518 0.403680 0.403718 0.403817 0.403636 0.403588 0.000000 0.000000
0.000000 0.000000 0.350000 0.350000 0.350000 0.350000 0.350000 0.350000 0.350000 0.350000 0.350000 0.350000 0.350000 0.350000 0.350000 0.350000 0.350000 0.350000 0.350000 0.000000 0.000000
0.000000 0.000000 0.000000 0.000000 0.000000 0.000000 0.000000 0.000000 0.000000 0.000000 0.000000 0.000000 0.000000 0.000000 0.000000 0.000000 0.000000 0.000000 0.000000 0.000000 0.000000