geotop/1.0zi/1.0Montebello/Templates/testdem/maps/_Eocclay5181.asc
ncols         21
nrows         20
xllcorner     100.000000
yllcorner     100.000000
cellsize      50.000000
NODATA_value  -9999.0
0.000000 0.000000 0.000000 0.000000 0.000000 0.000000 0.000000 0.000000 0.000000 0.000000 0.000000 0.000000 0.000000 0.000000 0.000000 0.000000 0.000000 0.000000 0.000000 0.000000 0.000000
0.000000 0.000000 0.349766 0.349767 0.349767 0.349767 0.349767 0.349767 0.349767 0.349767 0.349767 0.349767 0.349767 0.349767 0.349767 0.349767 0.349767 0.349767 0.349767 0.000000 0.000000
0.000000 0.000000 0.349990 0.349991 0.349991 0.349991 0.349990 0.349990 0.349990 0.349990 0.349990 0.349990 0.349990 0.349991 0.349990 0.349991 0.349990 0.349990 0.349990 0.000000 0.000000
0.000000 0.000000 0.349989 0.349991 0.349989 0.349989 0.349991 0.349991 0.349991 0.349990 0.349991 0.349990 0.349990 0.349989 0.349991 0.349993 0.349991 0.349992 0.349991 0.000000 0.000000
0.000000 0.000000 0.350385 0.350383 0.350383 0.350378 0.350370 0.350368 0.350369 0.350369 0.350367 0.350369 0.350365 0.350367 0.350371 0.350370 0.350374 0.350376 0.350379 0.000000 0.000000
0.000000 0.000000 0.351788 0.351791 0.351787 0.351770 0.351765 0.351750 0.351749 0.351745 0.351749 0.351749 0.351752 0.351752 0.351754 0.351764 0.351770 0.351781 0.351785 0.000000 0.000000
0.000000 0.000000 0.353863 0.353862 0.353860 0.353844 0.353827 0.353804 0.353803 0.353799 0.353802 0.353804 0.353805 0.353804 0.353821 0.353840 0.353849 0.353857 0.353864 0.000000 0.000000
0.000000 0.000000 0.356367 0.356367 0.356366 0.356348 0.356330 0.356306 0.356306 0.356303 0.356304 0.356304 0.356302 0.356307 0.356325 0.356341 0.356355 0.356359 0.356368 0.000000 0.000000
0.000000 0.000000 0.358898 0.358896 0.358890 0.358880 0.358863 0.358839 0.358841 0.358836 0.358834 0.358836 0.358836 0.358835 0.358857 0.358875 0.358887 0.358889 0.358897 0.000000 0.000000
0.000000 0.000000 0.361449 0.361444 0.361443 0.361435 0.361410 0.361389 0.361390 0.361387 0.361384 0.361388 0.361391 0.361389 0.361407 0.361428 0.361441 0.361443 0.361449 0.000000 0.000000
0.000000 0.000000 0.364075 0.364072 0.364071 0.364055 0.364038 0.364013 0.364019 0.364006 0.364007 0.364008 0.364007 0.364014 0.364027 0.364040 0.364054 0.364062 0.364073 0.000000 0.000000
0.000000 0.000000 0.366807 0.366802 0.366796 0.366783 0.366769 0.366740 0.366742 0.366733 0.366742 0.366735 0.366736 0.366739 0.366765 0.366776 0.366787 0.366790 0.366820 0.000000 0.000000
0.000000 0.000000 0.369593 0.369588 0.369586 0.369571 0.369559 0.369502 0.369502 0.369496 0.369485 0.369492 0.369497 0.369503 0.369544 0.369555 0.369576 0.369578 0.369600 0.000000 0.000000
0.000000 0.000000 0.372585 0.372581 0.372574 0.372566 0.372509 0.372497 0.372484 0.372482 0.372477 0.372480 0.372483 0.372481 0.372488 0.372541 0.372561 0.372574 0.372596 0.000000 0.000000
0.000000 0.000000 0.375844 0.375840 0.375827 0.375773 0.375755 0.375724 0.375701 0.375697 0.375686 0.375682 0.375690 0.375685 0.375708 0.375737 0.375817 0.375811 0.375824 0.000000 0.000000
0.000000 0.000000 0.379258 0.379253 0.379185 0.379169 0.379164 0.379145 0.379157 0.379147 0.379152 0.379144 0.379138 0.379153 0.379164 0.379174 0.379176 0.379262 0.379266 0.000000 0.000000
0.000000 0.000000 0.383101 0.383010 0.382970 0.382942 0.382900 0.382879 0.382874 0.382871 0.382852 0.382848 0.382857 0.382856 0.382881 0.382914 0.382966 0.382997 0.383089 0.000000 0.000000
0.000000 0.000000 0.386019 0.386011 0.386087 0.386063 0.386029 0.385945 0.385943 0.385922 0.385932 0.385927 0.385935 0.385938 0.386017 0.386040 0.386105 0.386023 0.386038 0.000000 0.000000
0.000000 0.000000 0.350000 0.350000 0.350000 0.350000 0.350000 0.350000 0.350000 0.350000 0.350000 0.350000 0.350000 0.350000 0.350000 0.350000 0.350000 0.350000 0.350000 0.000000 0.000000
0.000000 0.000000 0.000000 0.000000 0.000000 0.000000 0.000000 0.000000 0.000000 0.000000 0.000000 0.000000 0.000000 0.000000 0.000000 0.000000 0.000000 0.000000 0.000000 0.000000 0.000000