geotop/1.0zi/1.0Montebello/Templates/testdem/maps/_Eocclay1708.asc
ncols         21
nrows         20
xllcorner     100.000000
yllcorner     100.000000
cellsize      50.000000
NODATA_value  -9999.0
0.000000 0.000000 0.000000 0.000000 0.000000 0.000000 0.000000 0.000000 0.000000 0.000000 0.000000 0.000000 0.000000 0.000000 0.000000 0.000000 0.000000 0.000000 0.000000 0.000000 0.000000
0.000000 0.000000 0.349909 0.349909 0.349909 0.349909 0.349909 0.349909 0.349909 0.349909 0.349909 0.349909 0.349909 0.349909 0.349909 0.349909 0.349909 0.349909 0.349909 0.000000 0.000000
0.000000 0.000000 0.349993 0.349993 0.349993 0.349993 0.349993 0.349993 0.349993 0.349993 0.349993 0.349993 0.349993 0.349993 0.349993 0.349993 0.349993 0.349993 0.349993 0.000000 0.000000
0.000000 0.000000 0.350623 0.350623 0.350621 0.350622 0.350623 0.350623 0.350623 0.350623 0.350624 0.350623 0.350623 0.350623 0.350623 0.350622 0.350621 0.350623 0.350623 0.000000 0.000000
0.000000 0.000000 0.353191 0.353190 0.353188 0.353189 0.353192 0.353191 0.353191 0.353192 0.353192 0.353192 0.353191 0.353191 0.353192 0.353189 0.353188 0.353190 0.353191 0.000000 0.000000
0.000000 0.000000 0.356065 0.356065 0.356063 0.356064 0.356066 0.356066 0.356065 0.356066 0.356066 0.356066 0.356065 0.356066 0.356066 0.356064 0.356063 0.356065 0.356065 0.000000 0.000000
0.000000 0.000000 0.358795 0.358794 0.358793 0.358793 0.358795 0.358795 0.358795 0.358795 0.358795 0.358795 0.358795 0.358795 0.358795 0.358793 0.358793 0.358794 0.358795 0.000000 0.000000
0.000000 0.000000 0.361310 0.361310 0.361308 0.361309 0.361311 0.361310 0.361310 0.361311 0.361311 0.361311 0.361310 0.361310 0.361311 0.361309 0.361308 0.361310 0.361310 0.000000 0.000000
0.000000 0.000000 0.363667 0.363667 0.363666 0.363666 0.363668 0.363667 0.363667 0.363668 0.363668 0.363668 0.363667 0.363667 0.363668 0.363666 0.363666 0.363667 0.363667 0.000000 0.000000
0.000000 0.000000 0.365924 0.365923 0.365922 0.365923 0.365924 0.365924 0.365924 0.365924 0.365924 0.365924 0.365924 0.365924 0.365924 0.365923 0.365922 0.365923 0.365924 0.000000 0.000000
0.000000 0.000000 0.368102 0.368102 0.368100 0.368101 0.368102 0.368102 0.368102 0.368102 0.368102 0.368102 0.368102 0.368102 0.368102 0.368101 0.368100 0.368102 0.368102 0.000000 0.000000
0.000000 0.000000 0.370223 0.370223 0.370222 0.370222 0.370224 0.370223 0.370223 0.370223 0.370223 0.370223 0.370223 0.370223 0.370224 0.370222 0.370222 0.370223 0.370223 0.000000 0.000000
0.000000 0.000000 0.372302 0.372302 0.372300 0.372301 0.372302 0.372302 0.372302 0.372302 0.372302 0.372302 0.372302 0.372302 0.372302 0.372301 0.372300 0.372302 0.372302 0.000000 0.000000
0.000000 0.000000 0.374339 0.374339 0.374338 0.374338 0.374340 0.374339 0.374339 0.374340 0.374340 0.374340 0.374339 0.374339 0.374340 0.374338 0.374338 0.374339 0.374339 0.000000 0.000000
0.000000 0.000000 0.376346 0.376346 0.376345 0.376345 0.376347 0.376346 0.376346 0.376347 0.376346 0.376347 0.376346 0.376346 0.376347 0.376345 0.376345 0.376346 0.376346 0.000000 0.000000
0.000000 0.000000 0.378328 0.378328 0.378327 0.378327 0.378329 0.378328 0.378328 0.378329 0.378329 0.378329 0.378328 0.378328 0.378329 0.378327 0.378327 0.378328 0.378328 0.000000 0.000000
0.000000 0.000000 0.380287 0.380287 0.380285 0.380286 0.380287 0.380287 0.380287 0.380287 0.380287 0.380287 0.380287 0.380287 0.380287 0.380286 0.380285 0.380287 0.380287 0.000000 0.000000
0.000000 0.000000 0.382260 0.382260 0.382258 0.382259 0.382260 0.382260 0.382260 0.382260 0.382260 0.382260 0.382260 0.382260 0.382260 0.382259 0.382258 0.382260 0.382260 0.000000 0.000000
0.000000 0.000000 0.350000 0.350000 0.350000 0.350000 0.350000 0.350000 0.350000 0.350000 0.350000 0.350000 0.350000 0.350000 0.350000 0.350000 0.350000 0.350000 0.350000 0.000000 0.000000
0.000000 0.000000 0.000000 0.000000 0.000000 0.000000 0.000000 0.000000 0.000000 0.000000 0.000000 0.000000 0.000000 0.000000 0.000000 0.000000 0.000000 0.000000 0.000000 0.000000 0.000000