geotop/1.0zi/1.0Montebello/Templates/testdem/maps/_Eocsilt6099.asc
ncols         21
nrows         20
xllcorner     100.000000
yllcorner     100.000000
cellsize      50.000000
NODATA_value  -9999.0
0.000000 0.000000 0.000000 0.000000 0.000000 0.000000 0.000000 0.000000 0.000000 0.000000 0.000000 0.000000 0.000000 0.000000 0.000000 0.000000 0.000000 0.000000 0.000000 0.000000 0.000000
0.000000 0.000000 0.350120 0.350120 0.350120 0.350120 0.350119 0.350120 0.350120 0.350120 0.350120 0.350119 0.350119 0.350119 0.350119 0.350120 0.350120 0.350120 0.350119 0.000000 0.000000
0.000000 0.000000 0.350002 0.350002 0.350002 0.350003 0.350003 0.350003 0.350003 0.350003 0.350003 0.350003 0.350004 0.350003 0.350003 0.350003 0.350001 0.350001 0.350002 0.000000 0.000000
0.000000 0.000000 0.350047 0.350046 0.350045 0.350040 0.350041 0.350039 0.350041 0.350041 0.350040 0.350039 0.350040 0.350040 0.350042 0.350045 0.350046 0.350048 0.350047 0.000000 0.000000
0.000000 0.000000 0.350550 0.350553 0.350552 0.350549 0.350545 0.350540 0.350539 0.350537 0.350535 0.350536 0.350538 0.350539 0.350545 0.350547 0.350546 0.350555 0.350559 0.000000 0.000000
0.000000 0.000000 0.352134 0.352136 0.352131 0.352116 0.352106 0.352088 0.352086 0.352082 0.352087 0.352089 0.352090 0.352087 0.352093 0.352100 0.352109 0.352113 0.352119 0.000000 0.000000
0.000000 0.000000 0.354538 0.354536 0.354530 0.354510 0.354488 0.354464 0.354466 0.354463 0.354465 0.354465 0.354462 0.354465 0.354484 0.354503 0.354513 0.354523 0.354530 0.000000 0.000000
0.000000 0.000000 0.357471 0.357472 0.357470 0.357452 0.357430 0.357404 0.357404 0.357401 0.357401 0.357400 0.357399 0.357402 0.357423 0.357444 0.357460 0.357463 0.357473 0.000000 0.000000
0.000000 0.000000 0.360557 0.360552 0.360543 0.360531 0.360510 0.360479 0.360481 0.360475 0.360473 0.360474 0.360475 0.360472 0.360500 0.360522 0.360537 0.360543 0.360552 0.000000 0.000000
0.000000 0.000000 0.363670 0.363665 0.363661 0.363653 0.363623 0.363596 0.363598 0.363594 0.363590 0.363594 0.363597 0.363594 0.363616 0.363642 0.363657 0.363659 0.363666 0.000000 0.000000
0.000000 0.000000 0.366877 0.366874 0.366872 0.366849 0.366829 0.366800 0.366806 0.366792 0.366793 0.366794 0.366790 0.366797 0.366816 0.366832 0.366848 0.366858 0.366871 0.000000 0.000000
0.000000 0.000000 0.370264 0.370256 0.370247 0.370231 0.370213 0.370177 0.370179 0.370171 0.370179 0.370171 0.370172 0.370175 0.370207 0.370223 0.370235 0.370240 0.370274 0.000000 0.000000
0.000000 0.000000 0.373754 0.373747 0.373743 0.373726 0.373709 0.373636 0.373635 0.373629 0.373614 0.373622 0.373627 0.373633 0.373687 0.373702 0.373728 0.373731 0.373754 0.000000 0.000000
0.000000 0.000000 0.377566 0.377561 0.377551 0.377539 0.377467 0.377450 0.377434 0.377433 0.377428 0.377430 0.377430 0.377427 0.377436 0.377509 0.377531 0.377549 0.377573 0.000000 0.000000
0.000000 0.000000 0.381787 0.381782 0.381765 0.381688 0.381667 0.381623 0.381596 0.381591 0.381578 0.381569 0.381578 0.381572 0.381605 0.381639 0.381747 0.381738 0.381752 0.000000 0.000000
0.000000 0.000000 0.386280 0.386275 0.386173 0.386158 0.386153 0.386126 0.386148 0.386136 0.386145 0.386134 0.386122 0.386143 0.386160 0.386170 0.386157 0.386288 0.386291 0.000000 0.000000
0.000000 0.000000 0.391468 0.391327 0.391285 0.391245 0.391178 0.391145 0.391132 0.391131 0.391099 0.391096 0.391110 0.391103 0.391142 0.391193 0.391274 0.391295 0.391439 0.000000 0.000000
0.000000 0.000000 0.395152 0.395169 0.395296 0.395264 0.395216 0.395087 0.395086 0.395056 0.395078 0.395070 0.395078 0.395082 0.395200 0.395236 0.395316 0.395186 0.395177 0.000000 0.000000
0.000000 0.000000 0.350000 0.350000 0.350000 0.350000 0.350000 0.350000 0.350000 0.350000 0.350000 0.350000 0.350000 0.350000 0.350000 0.350000 0.350000 0.350000 0.350000 0.000000 0.000000
0.000000 0.000000 0.000000 0.000000 0.000000 0.000000 0.000000 0.000000 0.000000 0.000000 0.000000 0.000000 0.000000 0.000000 0.000000 0.000000 0.000000 0.000000 0.000000 0.000000 0.000000