geotop/1.0zi/1.0Montebello/Templates/testdem/maps/_Eocclay8955.asc
ncols         21
nrows         20
xllcorner     100.000000
yllcorner     100.000000
cellsize      50.000000
NODATA_value  -9999.0
0.000000 0.000000 0.000000 0.000000 0.000000 0.000000 0.000000 0.000000 0.000000 0.000000 0.000000 0.000000 0.000000 0.000000 0.000000 0.000000 0.000000 0.000000 0.000000 0.000000 0.000000
0.000000 0.000000 0.349582 0.349585 0.349585 0.349584 0.349585 0.349586 0.349585 0.349585 0.349584 0.349585 0.349585 0.349585 0.349585 0.349585 0.349583 0.349583 0.349584 0.000000 0.000000
0.000000 0.000000 0.349983 0.349981 0.349981 0.349983 0.349981 0.349981 0.349981 0.349981 0.349981 0.349981 0.349981 0.349981 0.349982 0.349982 0.349983 0.349982 0.349980 0.000000 0.000000
0.000000 0.000000 0.350023 0.350028 0.350026 0.350023 0.350024 0.350025 0.350029 0.350026 0.350029 0.350027 0.350028 0.350026 0.350028 0.350030 0.350028 0.350027 0.350026 0.000000 0.000000
0.000000 0.000000 0.351229 0.351221 0.351215 0.351204 0.351187 0.351186 0.351183 0.351184 0.351182 0.351184 0.351182 0.351184 0.351194 0.351197 0.351208 0.351208 0.351218 0.000000 0.000000
0.000000 0.000000 0.354634 0.354629 0.354610 0.354580 0.354556 0.354532 0.354536 0.354529 0.354533 0.354532 0.354538 0.354537 0.354550 0.354576 0.354588 0.354598 0.354604 0.000000 0.000000
0.000000 0.000000 0.359201 0.359191 0.359180 0.359151 0.359116 0.359066 0.359068 0.359062 0.359063 0.359064 0.359065 0.359065 0.359107 0.359137 0.359154 0.359164 0.359172 0.000000 0.000000
0.000000 0.000000 0.364622 0.364611 0.364600 0.364564 0.364528 0.364482 0.364485 0.364479 0.364478 0.364476 0.364473 0.364483 0.364521 0.364552 0.364580 0.364585 0.364599 0.000000 0.000000
0.000000 0.000000 0.370469 0.370455 0.370438 0.370413 0.370372 0.370322 0.370328 0.370318 0.370314 0.370312 0.370313 0.370312 0.370363 0.370401 0.370422 0.370426 0.370440 0.000000 0.000000
0.000000 0.000000 0.376810 0.376791 0.376780 0.376754 0.376695 0.376651 0.376653 0.376647 0.376639 0.376644 0.376651 0.376648 0.376690 0.376738 0.376763 0.376769 0.376776 0.000000 0.000000
0.000000 0.000000 0.383881 0.383868 0.383856 0.383797 0.383759 0.383701 0.383718 0.383683 0.383690 0.383686 0.383674 0.383695 0.383738 0.383767 0.383803 0.383814 0.383843 0.000000 0.000000
0.000000 0.000000 0.391934 0.391908 0.391876 0.391844 0.391792 0.391722 0.391722 0.391718 0.391732 0.391705 0.391717 0.391716 0.391792 0.391834 0.391852 0.391859 0.391922 0.000000 0.000000
0.000000 0.000000 0.400859 0.400829 0.400824 0.400762 0.400719 0.400512 0.400513 0.400502 0.400439 0.400477 0.400485 0.400504 0.400665 0.400703 0.400778 0.400776 0.400801 0.000000 0.000000
0.000000 0.000000 0.411707 0.411696 0.411643 0.411604 0.411316 0.411379 0.411327 0.411328 0.411358 0.411330 0.411324 0.411300 0.411245 0.411551 0.411574 0.411640 0.411689 0.000000 0.000000
0.000000 0.000000 0.424663 0.424624 0.424563 0.424184 0.424279 0.424078 0.424012 0.423992 0.423919 0.423883 0.423925 0.423922 0.424115 0.424036 0.424532 0.424420 0.424415 0.000000 0.000000
0.000000 0.000000 0.438392 0.438362 0.437830 0.438055 0.437987 0.437985 0.438215 0.438151 0.438271 0.438243 0.438147 0.438278 0.438243 0.438300 0.437778 0.438565 0.438552 0.000000 0.000000
0.000000 0.000000 0.454063 0.453348 0.453599 0.453282 0.452928 0.452823 0.452587 0.452644 0.452406 0.452435 0.452574 0.452427 0.452618 0.452879 0.453571 0.453017 0.453755 0.000000 0.000000
0.000000 0.000000 0.458113 0.458720 0.459220 0.459223 0.459267 0.458777 0.458879 0.458730 0.458984 0.458933 0.458890 0.458976 0.459376 0.459346 0.459304 0.458923 0.458318 0.000000 0.000000
0.000000 0.000000 0.350000 0.350000 0.350000 0.350000 0.350000 0.350000 0.350000 0.350000 0.350000 0.350000 0.350000 0.350000 0.350000 0.350000 0.350000 0.350000 0.350000 0.000000 0.000000
0.000000 0.000000 0.000000 0.000000 0.000000 0.000000 0.000000 0.000000 0.000000 0.000000 0.000000 0.000000 0.000000 0.000000 0.000000 0.000000 0.000000 0.000000 0.000000 0.000000 0.000000