geotop/1.0zi/1.0Montebello/Templates/testdem/maps/_Eocclay1000.asc
ncols         21
nrows         20
xllcorner     100.000000
yllcorner     100.000000
cellsize      50.000000
NODATA_value  -9999.0
0.000000 0.000000 0.000000 0.000000 0.000000 0.000000 0.000000 0.000000 0.000000 0.000000 0.000000 0.000000 0.000000 0.000000 0.000000 0.000000 0.000000 0.000000 0.000000 0.000000 0.000000
0.000000 0.000000 0.349949 0.349949 0.349949 0.349949 0.349949 0.349949 0.349949 0.349949 0.349949 0.349949 0.349949 0.349949 0.349949 0.349949 0.349949 0.349949 0.349949 0.000000 0.000000
0.000000 0.000000 0.349995 0.349995 0.349994 0.349995 0.349995 0.349995 0.349995 0.349995 0.349995 0.349995 0.349995 0.349995 0.349995 0.349995 0.349994 0.349995 0.349995 0.000000 0.000000
0.000000 0.000000 0.350444 0.350444 0.350442 0.350443 0.350444 0.350444 0.350444 0.350444 0.350444 0.350444 0.350444 0.350444 0.350444 0.350443 0.350442 0.350444 0.350444 0.000000 0.000000
0.000000 0.000000 0.352066 0.352065 0.352063 0.352063 0.352066 0.352066 0.352066 0.352066 0.352066 0.352066 0.352066 0.352066 0.352066 0.352063 0.352063 0.352065 0.352066 0.000000 0.000000
0.000000 0.000000 0.353805 0.353804 0.353802 0.353802 0.353805 0.353805 0.353804 0.353805 0.353805 0.353805 0.353804 0.353805 0.353805 0.353802 0.353802 0.353804 0.353805 0.000000 0.000000
0.000000 0.000000 0.355451 0.355450 0.355449 0.355449 0.355451 0.355451 0.355451 0.355451 0.355451 0.355451 0.355451 0.355451 0.355451 0.355449 0.355449 0.355450 0.355451 0.000000 0.000000
0.000000 0.000000 0.356966 0.356966 0.356965 0.356965 0.356966 0.356966 0.356966 0.356967 0.356967 0.356967 0.356966 0.356966 0.356966 0.356965 0.356965 0.356966 0.356966 0.000000 0.000000
0.000000 0.000000 0.358386 0.358385 0.358384 0.358384 0.358386 0.358386 0.358386 0.358386 0.358386 0.358386 0.358386 0.358386 0.358386 0.358384 0.358384 0.358385 0.358386 0.000000 0.000000
0.000000 0.000000 0.359746 0.359746 0.359745 0.359745 0.359746 0.359746 0.359746 0.359746 0.359746 0.359746 0.359746 0.359746 0.359746 0.359745 0.359745 0.359746 0.359746 0.000000 0.000000
0.000000 0.000000 0.361062 0.361061 0.361060 0.361060 0.361062 0.361062 0.361062 0.361062 0.361062 0.361062 0.361062 0.361062 0.361062 0.361060 0.361060 0.361061 0.361062 0.000000 0.000000
0.000000 0.000000 0.362347 0.362346 0.362345 0.362345 0.362347 0.362347 0.362347 0.362347 0.362347 0.362347 0.362347 0.362347 0.362347 0.362345 0.362345 0.362346 0.362347 0.000000 0.000000
0.000000 0.000000 0.363611 0.363610 0.363609 0.363609 0.363611 0.363611 0.363611 0.363611 0.363611 0.363611 0.363611 0.363611 0.363611 0.363609 0.363609 0.363610 0.363611 0.000000 0.000000
0.000000 0.000000 0.364854 0.364854 0.364852 0.364853 0.364854 0.364854 0.364854 0.364854 0.364854 0.364854 0.364854 0.364854 0.364854 0.364853 0.364852 0.364854 0.364854 0.000000 0.000000
0.000000 0.000000 0.366083 0.366083 0.366082 0.366082 0.366083 0.366083 0.366083 0.366083 0.366083 0.366083 0.366083 0.366083 0.366083 0.366082 0.366082 0.366083 0.366083 0.000000 0.000000
0.000000 0.000000 0.367304 0.367303 0.367302 0.367302 0.367304 0.367304 0.367304 0.367304 0.367304 0.367304 0.367304 0.367304 0.367304 0.367302 0.367302 0.367303 0.367304 0.000000 0.000000
0.000000 0.000000 0.368511 0.368510 0.368509 0.368509 0.368511 0.368511 0.368511 0.368511 0.368511 0.368511 0.368511 0.368511 0.368511 0.368509 0.368509 0.368510 0.368511 0.000000 0.000000
0.000000 0.000000 0.369746 0.369746 0.369745 0.369745 0.369747 0.369747 0.369747 0.369747 0.369747 0.369747 0.369747 0.369747 0.369747 0.369745 0.369745 0.369746 0.369747 0.000000 0.000000
0.000000 0.000000 0.350000 0.350000 0.350000 0.350000 0.350000 0.350000 0.350000 0.350000 0.350000 0.350000 0.350000 0.350000 0.350000 0.350000 0.350000 0.350000 0.350000 0.000000 0.000000
0.000000 0.000000 0.000000 0.000000 0.000000 0.000000 0.000000 0.000000 0.000000 0.000000 0.000000 0.000000 0.000000 0.000000 0.000000 0.000000 0.000000 0.000000 0.000000 0.000000 0.000000