geotop/1.0zi/1.0Montebello/Templates/testdem/maps/_Eocsand2264.asc
ncols         21
nrows         20
xllcorner     100.000000
yllcorner     100.000000
cellsize      50.000000
NODATA_value  -9999.0
0.000000 0.000000 0.000000 0.000000 0.000000 0.000000 0.000000 0.000000 0.000000 0.000000 0.000000 0.000000 0.000000 0.000000 0.000000 0.000000 0.000000 0.000000 0.000000 0.000000 0.000000
0.000000 0.000000 0.300069 0.300069 0.300068 0.300069 0.300068 0.300069 0.300069 0.300069 0.300069 0.300069 0.300069 0.300069 0.300068 0.300069 0.300068 0.300069 0.300069 0.000000 0.000000
0.000000 0.000000 0.300011 0.300011 0.300011 0.300011 0.300011 0.300011 0.300011 0.300011 0.300011 0.300011 0.300011 0.300011 0.300011 0.300011 0.300011 0.300011 0.300011 0.000000 0.000000
0.000000 0.000000 0.298571 0.298572 0.298576 0.298574 0.298570 0.298571 0.298571 0.298571 0.298571 0.298571 0.298571 0.298571 0.298570 0.298574 0.298576 0.298572 0.298571 0.000000 0.000000
0.000000 0.000000 0.292463 0.292465 0.292468 0.292468 0.292462 0.292464 0.292464 0.292461 0.292461 0.292461 0.292464 0.292464 0.292462 0.292468 0.292468 0.292465 0.292463 0.000000 0.000000
0.000000 0.000000 0.284901 0.284902 0.284905 0.284905 0.284900 0.284902 0.284902 0.284900 0.284899 0.284900 0.284902 0.284902 0.284900 0.284905 0.284905 0.284902 0.284901 0.000000 0.000000
0.000000 0.000000 0.277852 0.277853 0.277856 0.277855 0.277852 0.277853 0.277853 0.277851 0.277851 0.277851 0.277853 0.277853 0.277852 0.277855 0.277856 0.277853 0.277852 0.000000 0.000000
0.000000 0.000000 0.271393 0.271394 0.271396 0.271395 0.271392 0.271393 0.271393 0.271392 0.271391 0.271392 0.271393 0.271393 0.271392 0.271395 0.271396 0.271394 0.271393 0.000000 0.000000
0.000000 0.000000 0.265362 0.265363 0.265365 0.265364 0.265361 0.265362 0.265362 0.265361 0.265360 0.265361 0.265362 0.265362 0.265361 0.265364 0.265365 0.265363 0.265362 0.000000 0.000000
0.000000 0.000000 0.259614 0.259615 0.259617 0.259617 0.259614 0.259615 0.259615 0.259614 0.259613 0.259614 0.259615 0.259615 0.259614 0.259617 0.259617 0.259615 0.259614 0.000000 0.000000
0.000000 0.000000 0.254085 0.254085 0.254088 0.254087 0.254084 0.254085 0.254085 0.254084 0.254083 0.254084 0.254085 0.254085 0.254084 0.254087 0.254088 0.254085 0.254085 0.000000 0.000000
0.000000 0.000000 0.248725 0.248726 0.248728 0.248727 0.248725 0.248726 0.248726 0.248724 0.248724 0.248724 0.248726 0.248726 0.248725 0.248727 0.248728 0.248726 0.248725 0.000000 0.000000
0.000000 0.000000 0.243498 0.243499 0.243501 0.243500 0.243498 0.243499 0.243499 0.243497 0.243497 0.243497 0.243499 0.243499 0.243498 0.243500 0.243501 0.243499 0.243498 0.000000 0.000000
0.000000 0.000000 0.238389 0.238389 0.238392 0.238391 0.238388 0.238389 0.238389 0.238388 0.238388 0.238388 0.238389 0.238389 0.238388 0.238391 0.238392 0.238389 0.238389 0.000000 0.000000
0.000000 0.000000 0.233374 0.233374 0.233377 0.233376 0.233373 0.233374 0.233374 0.233373 0.233373 0.233373 0.233374 0.233374 0.233373 0.233376 0.233377 0.233374 0.233374 0.000000 0.000000
0.000000 0.000000 0.228446 0.228447 0.228449 0.228448 0.228446 0.228447 0.228447 0.228446 0.228445 0.228446 0.228447 0.228447 0.228446 0.228448 0.228449 0.228447 0.228446 0.000000 0.000000
0.000000 0.000000 0.223601 0.223602 0.223604 0.223603 0.223601 0.223602 0.223602 0.223600 0.223600 0.223600 0.223602 0.223602 0.223601 0.223603 0.223604 0.223602 0.223601 0.000000 0.000000
0.000000 0.000000 0.218766 0.218765 0.218768 0.218767 0.218765 0.218765 0.218765 0.218764 0.218764 0.218764 0.218765 0.218765 0.218765 0.218767 0.218768 0.218765 0.218765 0.000000 0.000000
0.000000 0.000000 0.300000 0.300000 0.300000 0.300000 0.300000 0.300000 0.300000 0.300000 0.300000 0.300000 0.300000 0.300000 0.300000 0.300000 0.300000 0.300000 0.300000 0.000000 0.000000
0.000000 0.000000 0.000000 0.000000 0.000000 0.000000 0.000000 0.000000 0.000000 0.000000 0.000000 0.000000 0.000000 0.000000 0.000000 0.000000 0.000000 0.000000 0.000000 0.000000 0.000000