geotop/1.0zi/1.0Montebello/Templates/testdem/maps/_Eocsilt9997.asc
ncols         21
nrows         20
xllcorner     100.000000
yllcorner     100.000000
cellsize      50.000000
NODATA_value  -9999.0
0.000000 0.000000 0.000000 0.000000 0.000000 0.000000 0.000000 0.000000 0.000000 0.000000 0.000000 0.000000 0.000000 0.000000 0.000000 0.000000 0.000000 0.000000 0.000000 0.000000 0.000000
0.000000 0.000000 0.350213 0.350213 0.350213 0.350214 0.350213 0.350213 0.350213 0.350213 0.350213 0.350213 0.350213 0.350213 0.350213 0.350213 0.350214 0.350214 0.350213 0.000000 0.000000
0.000000 0.000000 0.350008 0.350007 0.350008 0.350007 0.350008 0.350008 0.350008 0.350008 0.350009 0.350008 0.350009 0.350009 0.350008 0.350007 0.350006 0.350006 0.350007 0.000000 0.000000
0.000000 0.000000 0.350154 0.350152 0.350144 0.350141 0.350140 0.350134 0.350138 0.350139 0.350136 0.350140 0.350141 0.350140 0.350143 0.350146 0.350151 0.350153 0.350154 0.000000 0.000000
0.000000 0.000000 0.351544 0.351551 0.351540 0.351517 0.351507 0.351500 0.351503 0.351500 0.351500 0.351502 0.351508 0.351506 0.351520 0.351529 0.351532 0.351539 0.351542 0.000000 0.000000
0.000000 0.000000 0.355345 0.355339 0.355322 0.355293 0.355258 0.355231 0.355229 0.355225 0.355224 0.355225 0.355229 0.355226 0.355246 0.355270 0.355282 0.355291 0.355297 0.000000 0.000000
0.000000 0.000000 0.360724 0.360713 0.360694 0.360652 0.360609 0.360554 0.360556 0.360553 0.360547 0.360546 0.360543 0.360547 0.360593 0.360626 0.360648 0.360664 0.360670 0.000000 0.000000
0.000000 0.000000 0.367113 0.367099 0.367082 0.367034 0.366987 0.366937 0.366938 0.366933 0.366925 0.366922 0.366920 0.366928 0.366971 0.367010 0.367044 0.367051 0.367064 0.000000 0.000000
0.000000 0.000000 0.374183 0.374164 0.374136 0.374096 0.374043 0.373980 0.373986 0.373975 0.373965 0.373963 0.373966 0.373963 0.374025 0.374071 0.374098 0.374110 0.374122 0.000000 0.000000
0.000000 0.000000 0.382020 0.381994 0.381970 0.381928 0.381870 0.381804 0.381805 0.381798 0.381782 0.381788 0.381795 0.381792 0.381842 0.381901 0.381933 0.381945 0.381950 0.000000 0.000000
0.000000 0.000000 0.390968 0.390946 0.390924 0.390831 0.390804 0.390716 0.390735 0.390694 0.390694 0.390687 0.390673 0.390696 0.390754 0.390791 0.390835 0.390851 0.390889 0.000000 0.000000
0.000000 0.000000 0.401479 0.401433 0.401376 0.401330 0.401282 0.401170 0.401167 0.401166 0.401175 0.401136 0.401156 0.401148 0.401251 0.401310 0.401333 0.401348 0.401424 0.000000 0.000000
0.000000 0.000000 0.413351 0.413309 0.413294 0.413204 0.413145 0.412847 0.412841 0.412825 0.412713 0.412780 0.412785 0.412810 0.413035 0.413083 0.413194 0.413199 0.413213 0.000000 0.000000
0.000000 0.000000 0.427946 0.427929 0.427826 0.427764 0.427347 0.427507 0.427418 0.427422 0.427480 0.427417 0.427409 0.427360 0.427219 0.427674 0.427685 0.427792 0.427854 0.000000 0.000000
0.000000 0.000000 0.443718 0.443672 0.443598 0.443094 0.443324 0.443002 0.442938 0.442909 0.442785 0.442754 0.442807 0.442815 0.443098 0.442877 0.443526 0.443370 0.443342 0.000000 0.000000
0.000000 0.000000 0.456346 0.456323 0.455881 0.456094 0.456013 0.456027 0.456217 0.456167 0.456265 0.456249 0.456166 0.456269 0.456213 0.456289 0.455807 0.456473 0.456462 0.000000 0.000000
0.000000 0.000000 0.465625 0.465421 0.465385 0.465341 0.465217 0.465197 0.465172 0.465177 0.465128 0.465132 0.465155 0.465136 0.465171 0.465267 0.465354 0.465359 0.465567 0.000000 0.000000
0.000000 0.000000 0.471120 0.470929 0.471024 0.470929 0.470810 0.470740 0.470683 0.470687 0.470635 0.470639 0.470676 0.470642 0.470727 0.470816 0.471007 0.470838 0.471034 0.000000 0.000000
0.000000 0.000000 0.350000 0.350000 0.350000 0.350000 0.350000 0.350000 0.350000 0.350000 0.350000 0.350000 0.350000 0.350000 0.350000 0.350000 0.350000 0.350000 0.350000 0.000000 0.000000
0.000000 0.000000 0.000000 0.000000 0.000000 0.000000 0.000000 0.000000 0.000000 0.000000 0.000000 0.000000 0.000000 0.000000 0.000000 0.000000 0.000000 0.000000 0.000000 0.000000 0.000000