geotop/1.0zi/1.0Montebello/Templates/testdem/maps/_Eocclay6809.asc
ncols         21
nrows         20
xllcorner     100.000000
yllcorner     100.000000
cellsize      50.000000
NODATA_value  -9999.0
0.000000 0.000000 0.000000 0.000000 0.000000 0.000000 0.000000 0.000000 0.000000 0.000000 0.000000 0.000000 0.000000 0.000000 0.000000 0.000000 0.000000 0.000000 0.000000 0.000000 0.000000
0.000000 0.000000 0.349697 0.349698 0.349698 0.349697 0.349699 0.349699 0.349698 0.349698 0.349697 0.349698 0.349698 0.349698 0.349699 0.349698 0.349697 0.349697 0.349698 0.000000 0.000000
0.000000 0.000000 0.349988 0.349988 0.349988 0.349989 0.349987 0.349987 0.349987 0.349987 0.349987 0.349987 0.349988 0.349986 0.349988 0.349988 0.349989 0.349989 0.349986 0.000000 0.000000
0.000000 0.000000 0.349979 0.349984 0.349981 0.349981 0.349983 0.349983 0.349984 0.349981 0.349986 0.349983 0.349983 0.349983 0.349982 0.349984 0.349982 0.349984 0.349983 0.000000 0.000000
0.000000 0.000000 0.350659 0.350657 0.350654 0.350652 0.350639 0.350637 0.350636 0.350638 0.350636 0.350637 0.350633 0.350635 0.350643 0.350644 0.350648 0.350649 0.350656 0.000000 0.000000
0.000000 0.000000 0.352701 0.352700 0.352691 0.352666 0.352658 0.352637 0.352639 0.352633 0.352637 0.352637 0.352639 0.352639 0.352646 0.352663 0.352674 0.352686 0.352692 0.000000 0.000000
0.000000 0.000000 0.355670 0.355667 0.355660 0.355641 0.355616 0.355585 0.355585 0.355579 0.355582 0.355583 0.355583 0.355583 0.355608 0.355633 0.355645 0.355655 0.355663 0.000000 0.000000
0.000000 0.000000 0.359226 0.359225 0.359218 0.359194 0.359170 0.359137 0.359137 0.359133 0.359133 0.359132 0.359130 0.359136 0.359163 0.359185 0.359204 0.359211 0.359223 0.000000 0.000000
0.000000 0.000000 0.362912 0.362908 0.362897 0.362882 0.362858 0.362824 0.362827 0.362819 0.362817 0.362817 0.362817 0.362815 0.362847 0.362876 0.362890 0.362896 0.362906 0.000000 0.000000
0.000000 0.000000 0.366712 0.366705 0.366700 0.366687 0.366651 0.366621 0.366622 0.366617 0.366613 0.366616 0.366621 0.366618 0.366645 0.366676 0.366694 0.366699 0.366707 0.000000 0.000000
0.000000 0.000000 0.370729 0.370724 0.370718 0.370691 0.370667 0.370631 0.370639 0.370620 0.370622 0.370623 0.370617 0.370629 0.370651 0.370671 0.370693 0.370704 0.370721 0.000000 0.000000
0.000000 0.000000 0.375030 0.375020 0.375007 0.374987 0.374963 0.374921 0.374921 0.374912 0.374923 0.374910 0.374913 0.374916 0.374956 0.374977 0.374993 0.375000 0.375041 0.000000 0.000000
0.000000 0.000000 0.379543 0.379531 0.379525 0.379502 0.379480 0.379384 0.379384 0.379376 0.379355 0.379366 0.379373 0.379381 0.379452 0.379474 0.379510 0.379513 0.379539 0.000000 0.000000
0.000000 0.000000 0.384582 0.384577 0.384560 0.384542 0.384440 0.384425 0.384403 0.384402 0.384401 0.384400 0.384399 0.384395 0.384400 0.384509 0.384534 0.384562 0.384591 0.000000 0.000000
0.000000 0.000000 0.390283 0.390275 0.390251 0.390133 0.390113 0.390056 0.390019 0.390012 0.389993 0.389979 0.389992 0.389985 0.390037 0.390071 0.390230 0.390213 0.390228 0.000000 0.000000
0.000000 0.000000 0.396449 0.396440 0.396278 0.396274 0.396267 0.396235 0.396281 0.396259 0.396282 0.396265 0.396244 0.396281 0.396298 0.396310 0.396260 0.396472 0.396474 0.000000 0.000000
0.000000 0.000000 0.403832 0.403594 0.403562 0.403491 0.403374 0.403332 0.403296 0.403300 0.403243 0.403243 0.403272 0.403250 0.403310 0.403400 0.403550 0.403532 0.403777 0.000000 0.000000
0.000000 0.000000 0.408468 0.408567 0.408794 0.408754 0.408707 0.408492 0.408497 0.408444 0.408502 0.408487 0.408492 0.408506 0.408699 0.408737 0.408832 0.408613 0.408526 0.000000 0.000000
0.000000 0.000000 0.350000 0.350000 0.350000 0.350000 0.350000 0.350000 0.350000 0.350000 0.350000 0.350000 0.350000 0.350000 0.350000 0.350000 0.350000 0.350000 0.350000 0.000000 0.000000
0.000000 0.000000 0.000000 0.000000 0.000000 0.000000 0.000000 0.000000 0.000000 0.000000 0.000000 0.000000 0.000000 0.000000 0.000000 0.000000 0.000000 0.000000 0.000000 0.000000 0.000000