geotop/1.0zi/1.0Montebello/Templates/testdem/maps/_Eocsand1558.asc
ncols         21
nrows         20
xllcorner     100.000000
yllcorner     100.000000
cellsize      50.000000
NODATA_value  -9999.0
0.000000 0.000000 0.000000 0.000000 0.000000 0.000000 0.000000 0.000000 0.000000 0.000000 0.000000 0.000000 0.000000 0.000000 0.000000 0.000000 0.000000 0.000000 0.000000 0.000000 0.000000
0.000000 0.000000 0.300048 0.300048 0.300048 0.300048 0.300048 0.300048 0.300048 0.300048 0.300048 0.300048 0.300048 0.300048 0.300048 0.300048 0.300048 0.300048 0.300048 0.000000 0.000000
0.000000 0.000000 0.300008 0.300009 0.300009 0.300008 0.300008 0.300008 0.300008 0.300008 0.300008 0.300008 0.300008 0.300008 0.300008 0.300008 0.300009 0.300009 0.300008 0.000000 0.000000
0.000000 0.000000 0.298753 0.298753 0.298758 0.298756 0.298752 0.298752 0.298753 0.298752 0.298752 0.298752 0.298753 0.298752 0.298752 0.298756 0.298758 0.298753 0.298753 0.000000 0.000000
0.000000 0.000000 0.294205 0.294206 0.294210 0.294210 0.294203 0.294205 0.294205 0.294203 0.294203 0.294203 0.294205 0.294205 0.294203 0.294210 0.294210 0.294206 0.294205 0.000000 0.000000
0.000000 0.000000 0.288871 0.288872 0.288875 0.288875 0.288869 0.288871 0.288871 0.288869 0.288869 0.288869 0.288871 0.288871 0.288869 0.288875 0.288875 0.288872 0.288871 0.000000 0.000000
0.000000 0.000000 0.283896 0.283897 0.283900 0.283899 0.283895 0.283896 0.283896 0.283895 0.283895 0.283895 0.283896 0.283896 0.283895 0.283899 0.283900 0.283897 0.283896 0.000000 0.000000
0.000000 0.000000 0.279326 0.279327 0.279329 0.279329 0.279325 0.279326 0.279326 0.279325 0.279325 0.279325 0.279326 0.279326 0.279325 0.279329 0.279329 0.279327 0.279326 0.000000 0.000000
0.000000 0.000000 0.275047 0.275048 0.275050 0.275049 0.275046 0.275047 0.275047 0.275046 0.275046 0.275046 0.275047 0.275047 0.275046 0.275049 0.275050 0.275048 0.275047 0.000000 0.000000
0.000000 0.000000 0.270952 0.270953 0.270955 0.270954 0.270951 0.270952 0.270952 0.270951 0.270951 0.270951 0.270952 0.270952 0.270951 0.270954 0.270955 0.270953 0.270952 0.000000 0.000000
0.000000 0.000000 0.266999 0.267000 0.267002 0.267001 0.266998 0.266999 0.266999 0.266998 0.266998 0.266998 0.266999 0.266999 0.266998 0.267001 0.267002 0.267000 0.266999 0.000000 0.000000
0.000000 0.000000 0.263149 0.263150 0.263152 0.263151 0.263148 0.263149 0.263149 0.263148 0.263148 0.263148 0.263149 0.263149 0.263148 0.263151 0.263152 0.263150 0.263149 0.000000 0.000000
0.000000 0.000000 0.259371 0.259372 0.259374 0.259373 0.259370 0.259371 0.259371 0.259370 0.259371 0.259370 0.259371 0.259371 0.259370 0.259373 0.259374 0.259372 0.259371 0.000000 0.000000
0.000000 0.000000 0.255667 0.255668 0.255670 0.255669 0.255666 0.255667 0.255667 0.255666 0.255666 0.255666 0.255667 0.255667 0.255666 0.255669 0.255670 0.255668 0.255667 0.000000 0.000000
0.000000 0.000000 0.252020 0.252021 0.252023 0.252022 0.252020 0.252020 0.252020 0.252020 0.252020 0.252020 0.252020 0.252020 0.252020 0.252022 0.252023 0.252021 0.252020 0.000000 0.000000
0.000000 0.000000 0.248416 0.248417 0.248419 0.248418 0.248415 0.248416 0.248416 0.248416 0.248416 0.248416 0.248416 0.248416 0.248415 0.248418 0.248419 0.248417 0.248416 0.000000 0.000000
0.000000 0.000000 0.244855 0.244855 0.244857 0.244856 0.244854 0.244854 0.244854 0.244854 0.244854 0.244854 0.244854 0.244854 0.244854 0.244856 0.244857 0.244855 0.244855 0.000000 0.000000
0.000000 0.000000 0.241255 0.241254 0.241257 0.241256 0.241253 0.241254 0.241254 0.241253 0.241253 0.241253 0.241254 0.241254 0.241253 0.241256 0.241257 0.241254 0.241254 0.000000 0.000000
0.000000 0.000000 0.300000 0.300000 0.300000 0.300000 0.300000 0.300000 0.300000 0.300000 0.300000 0.300000 0.300000 0.300000 0.300000 0.300000 0.300000 0.300000 0.300000 0.000000 0.000000
0.000000 0.000000 0.000000 0.000000 0.000000 0.000000 0.000000 0.000000 0.000000 0.000000 0.000000 0.000000 0.000000 0.000000 0.000000 0.000000 0.000000 0.000000 0.000000 0.000000 0.000000