geotop/1.0zi/1.0Montebello/Templates/testdem/maps/_Eocclay062n.asc
ncols         21
nrows         20
xllcorner     100.000000
yllcorner     100.000000
cellsize      50.000000
NODATA_value  -9999.0
0.000000 0.000000 0.000000 0.000000 0.000000 0.000000 0.000000 0.000000 0.000000 0.000000 0.000000 0.000000 0.000000 0.000000 0.000000 0.000000 0.000000 0.000000 0.000000 0.000000 0.000000
0.000000 0.000000 0.349496 0.349499 0.349498 0.349497 0.349499 0.349500 0.349499 0.349499 0.349498 0.349499 0.349499 0.349499 0.349499 0.349499 0.349497 0.349498 0.349498 0.000000 0.000000
0.000000 0.000000 0.349979 0.349977 0.349977 0.349980 0.349977 0.349977 0.349977 0.349977 0.349977 0.349977 0.349977 0.349977 0.349978 0.349978 0.349979 0.349978 0.349977 0.000000 0.000000
0.000000 0.000000 0.350080 0.350089 0.350086 0.350081 0.350083 0.350083 0.350087 0.350084 0.350087 0.350085 0.350085 0.350084 0.350088 0.350090 0.350089 0.350088 0.350086 0.000000 0.000000
0.000000 0.000000 0.351902 0.351890 0.351882 0.351866 0.351846 0.351841 0.351839 0.351842 0.351840 0.351844 0.351844 0.351845 0.351855 0.351861 0.351874 0.351881 0.351890 0.000000 0.000000
0.000000 0.000000 0.356503 0.356497 0.356471 0.356427 0.356392 0.356358 0.356364 0.356359 0.356357 0.356357 0.356363 0.356361 0.356378 0.356413 0.356432 0.356446 0.356452 0.000000 0.000000
0.000000 0.000000 0.362618 0.362604 0.362587 0.362542 0.362497 0.362429 0.362431 0.362427 0.362421 0.362422 0.362423 0.362423 0.362475 0.362514 0.362539 0.362555 0.362563 0.000000 0.000000
0.000000 0.000000 0.369957 0.369940 0.369918 0.369857 0.369806 0.369743 0.369745 0.369740 0.369732 0.369729 0.369727 0.369737 0.369785 0.369827 0.369867 0.369877 0.369892 0.000000 0.000000
0.000000 0.000000 0.378171 0.378148 0.378115 0.378067 0.378007 0.377934 0.377942 0.377932 0.377920 0.377918 0.377921 0.377917 0.377984 0.378037 0.378068 0.378082 0.378095 0.000000 0.000000
0.000000 0.000000 0.387545 0.387510 0.387480 0.387427 0.387358 0.387279 0.387281 0.387276 0.387258 0.387265 0.387273 0.387269 0.387323 0.387394 0.387433 0.387450 0.387455 0.000000 0.000000
0.000000 0.000000 0.398615 0.398586 0.398557 0.398440 0.398408 0.398296 0.398322 0.398272 0.398275 0.398265 0.398245 0.398276 0.398341 0.398384 0.398442 0.398463 0.398511 0.000000 0.000000
0.000000 0.000000 0.412011 0.411946 0.411867 0.411813 0.411748 0.411604 0.411592 0.411600 0.411612 0.411569 0.411590 0.411572 0.411699 0.411776 0.411806 0.411826 0.411921 0.000000 0.000000
0.000000 0.000000 0.427315 0.427253 0.427234 0.427108 0.427028 0.426624 0.426614 0.426593 0.426435 0.426543 0.426541 0.426577 0.426868 0.426928 0.427085 0.427093 0.427094 0.000000 0.000000
0.000000 0.000000 0.445699 0.445671 0.445527 0.445456 0.444905 0.445183 0.445067 0.445073 0.445176 0.445074 0.445059 0.444987 0.444740 0.445346 0.445339 0.445484 0.445562 0.000000 0.000000
0.000000 0.000000 0.462480 0.462426 0.462359 0.461831 0.462119 0.461753 0.461700 0.461666 0.461525 0.461504 0.461559 0.461575 0.461889 0.461600 0.462285 0.462111 0.462073 0.000000 0.000000
0.000000 0.000000 0.473631 0.473605 0.473251 0.473374 0.473334 0.473312 0.473458 0.473418 0.473483 0.473469 0.473409 0.473488 0.473465 0.473498 0.473181 0.473683 0.473671 0.000000 0.000000
0.000000 0.000000 0.482162 0.481955 0.481918 0.481859 0.481747 0.481709 0.481684 0.481689 0.481639 0.481640 0.481662 0.481644 0.481686 0.481768 0.481872 0.481869 0.482069 0.000000 0.000000
0.000000 0.000000 0.486509 0.486592 0.486640 0.486651 0.486624 0.486509 0.486546 0.486509 0.486562 0.486550 0.486536 0.486562 0.486655 0.486671 0.486629 0.486620 0.486534 0.000000 0.000000
0.000000 0.000000 0.350000 0.350000 0.350000 0.350000 0.350000 0.350000 0.350000 0.350000 0.350000 0.350000 0.350000 0.350000 0.350000 0.350000 0.350000 0.350000 0.350000 0.000000 0.000000
0.000000 0.000000 0.000000 0.000000 0.000000 0.000000 0.000000 0.000000 0.000000 0.000000 0.000000 0.000000 0.000000 0.000000 0.000000 0.000000 0.000000 0.000000 0.000000 0.000000 0.000000