geotop/1.0zi/1.0Montebello/Templates/testdem/maps/_Eocsand1729.asc
ncols         21
nrows         20
xllcorner     100.000000
yllcorner     100.000000
cellsize      50.000000
NODATA_value  -9999.0
0.000000 0.000000 0.000000 0.000000 0.000000 0.000000 0.000000 0.000000 0.000000 0.000000 0.000000 0.000000 0.000000 0.000000 0.000000 0.000000 0.000000 0.000000 0.000000 0.000000 0.000000
0.000000 0.000000 0.300052 0.300052 0.300052 0.300052 0.300052 0.300052 0.300052 0.300052 0.300052 0.300052 0.300052 0.300052 0.300052 0.300052 0.300052 0.300052 0.300052 0.000000 0.000000
0.000000 0.000000 0.300008 0.300008 0.300009 0.300008 0.300008 0.300008 0.300008 0.300008 0.300008 0.300008 0.300008 0.300008 0.300008 0.300008 0.300009 0.300008 0.300008 0.000000 0.000000
0.000000 0.000000 0.298722 0.298722 0.298727 0.298724 0.298721 0.298721 0.298722 0.298721 0.298721 0.298721 0.298722 0.298721 0.298721 0.298724 0.298727 0.298722 0.298722 0.000000 0.000000
0.000000 0.000000 0.293802 0.293803 0.293807 0.293806 0.293800 0.293801 0.293802 0.293799 0.293800 0.293799 0.293802 0.293801 0.293800 0.293806 0.293807 0.293803 0.293802 0.000000 0.000000
0.000000 0.000000 0.287986 0.287987 0.287990 0.287989 0.287984 0.287986 0.287986 0.287984 0.287984 0.287984 0.287986 0.287986 0.287984 0.287989 0.287990 0.287987 0.287986 0.000000 0.000000
0.000000 0.000000 0.282557 0.282557 0.282560 0.282559 0.282555 0.282556 0.282556 0.282555 0.282555 0.282555 0.282556 0.282556 0.282555 0.282559 0.282560 0.282557 0.282557 0.000000 0.000000
0.000000 0.000000 0.277561 0.277562 0.277565 0.277564 0.277560 0.277561 0.277561 0.277560 0.277560 0.277560 0.277561 0.277561 0.277560 0.277564 0.277565 0.277562 0.277561 0.000000 0.000000
0.000000 0.000000 0.272880 0.272881 0.272883 0.272883 0.272879 0.272880 0.272880 0.272879 0.272879 0.272879 0.272880 0.272880 0.272879 0.272883 0.272883 0.272881 0.272880 0.000000 0.000000
0.000000 0.000000 0.268400 0.268400 0.268403 0.268402 0.268399 0.268400 0.268400 0.268399 0.268399 0.268399 0.268400 0.268400 0.268399 0.268402 0.268403 0.268400 0.268400 0.000000 0.000000
0.000000 0.000000 0.264074 0.264074 0.264077 0.264076 0.264073 0.264073 0.264073 0.264073 0.264073 0.264073 0.264073 0.264073 0.264073 0.264076 0.264077 0.264074 0.264074 0.000000 0.000000
0.000000 0.000000 0.259861 0.259862 0.259864 0.259863 0.259860 0.259861 0.259861 0.259860 0.259860 0.259860 0.259861 0.259861 0.259860 0.259863 0.259864 0.259862 0.259861 0.000000 0.000000
0.000000 0.000000 0.255733 0.255734 0.255736 0.255735 0.255732 0.255733 0.255733 0.255732 0.255733 0.255732 0.255733 0.255733 0.255732 0.255735 0.255736 0.255734 0.255733 0.000000 0.000000
0.000000 0.000000 0.251687 0.251688 0.251690 0.251689 0.251686 0.251687 0.251687 0.251686 0.251686 0.251686 0.251687 0.251687 0.251686 0.251689 0.251690 0.251688 0.251687 0.000000 0.000000
0.000000 0.000000 0.247703 0.247703 0.247706 0.247705 0.247702 0.247703 0.247703 0.247702 0.247702 0.247702 0.247703 0.247703 0.247702 0.247705 0.247706 0.247703 0.247703 0.000000 0.000000
0.000000 0.000000 0.243767 0.243768 0.243770 0.243769 0.243766 0.243767 0.243767 0.243766 0.243767 0.243766 0.243767 0.243767 0.243766 0.243769 0.243770 0.243768 0.243767 0.000000 0.000000
0.000000 0.000000 0.239880 0.239880 0.239883 0.239882 0.239879 0.239880 0.239880 0.239879 0.239879 0.239879 0.239880 0.239880 0.239879 0.239882 0.239883 0.239880 0.239880 0.000000 0.000000
0.000000 0.000000 0.235968 0.235968 0.235970 0.235969 0.235966 0.235967 0.235967 0.235966 0.235967 0.235966 0.235967 0.235967 0.235966 0.235969 0.235970 0.235968 0.235967 0.000000 0.000000
0.000000 0.000000 0.300000 0.300000 0.300000 0.300000 0.300000 0.300000 0.300000 0.300000 0.300000 0.300000 0.300000 0.300000 0.300000 0.300000 0.300000 0.300000 0.300000 0.000000 0.000000
0.000000 0.000000 0.000000 0.000000 0.000000 0.000000 0.000000 0.000000 0.000000 0.000000 0.000000 0.000000 0.000000 0.000000 0.000000 0.000000 0.000000 0.000000 0.000000 0.000000 0.000000