geotop/1.0zi/1.0Montebello/Templates/testdem/maps/_Eocsand2170.asc
ncols         21
nrows         20
xllcorner     100.000000
yllcorner     100.000000
cellsize      50.000000
NODATA_value  -9999.0
0.000000 0.000000 0.000000 0.000000 0.000000 0.000000 0.000000 0.000000 0.000000 0.000000 0.000000 0.000000 0.000000 0.000000 0.000000 0.000000 0.000000 0.000000 0.000000 0.000000 0.000000
0.000000 0.000000 0.300065 0.300065 0.300065 0.300066 0.300065 0.300065 0.300065 0.300065 0.300065 0.300065 0.300065 0.300065 0.300065 0.300066 0.300065 0.300065 0.300065 0.000000 0.000000
0.000000 0.000000 0.300010 0.300010 0.300010 0.300010 0.300010 0.300010 0.300010 0.300010 0.300010 0.300010 0.300010 0.300010 0.300010 0.300010 0.300010 0.300010 0.300010 0.000000 0.000000
0.000000 0.000000 0.298629 0.298630 0.298634 0.298632 0.298629 0.298629 0.298630 0.298629 0.298629 0.298629 0.298630 0.298629 0.298629 0.298632 0.298634 0.298630 0.298629 0.000000 0.000000
0.000000 0.000000 0.292855 0.292857 0.292860 0.292860 0.292854 0.292856 0.292856 0.292853 0.292853 0.292853 0.292856 0.292856 0.292854 0.292860 0.292860 0.292857 0.292855 0.000000 0.000000
0.000000 0.000000 0.285670 0.285672 0.285675 0.285674 0.285669 0.285671 0.285671 0.285669 0.285669 0.285669 0.285671 0.285671 0.285669 0.285674 0.285675 0.285672 0.285670 0.000000 0.000000
0.000000 0.000000 0.278966 0.278967 0.278970 0.278970 0.278966 0.278967 0.278967 0.278965 0.278965 0.278965 0.278967 0.278967 0.278966 0.278970 0.278970 0.278967 0.278966 0.000000 0.000000
0.000000 0.000000 0.272817 0.272818 0.272821 0.272820 0.272816 0.272818 0.272818 0.272816 0.272816 0.272816 0.272818 0.272818 0.272816 0.272820 0.272821 0.272818 0.272817 0.000000 0.000000
0.000000 0.000000 0.267071 0.267072 0.267074 0.267073 0.267070 0.267071 0.267071 0.267070 0.267070 0.267070 0.267071 0.267071 0.267070 0.267073 0.267074 0.267072 0.267071 0.000000 0.000000
0.000000 0.000000 0.261589 0.261590 0.261592 0.261591 0.261589 0.261590 0.261589 0.261588 0.261588 0.261588 0.261589 0.261590 0.261589 0.261591 0.261592 0.261590 0.261589 0.000000 0.000000
0.000000 0.000000 0.256309 0.256310 0.256312 0.256312 0.256309 0.256310 0.256310 0.256309 0.256308 0.256309 0.256310 0.256310 0.256309 0.256312 0.256312 0.256310 0.256309 0.000000 0.000000
0.000000 0.000000 0.251184 0.251185 0.251187 0.251186 0.251184 0.251185 0.251185 0.251184 0.251183 0.251184 0.251185 0.251185 0.251184 0.251186 0.251187 0.251185 0.251184 0.000000 0.000000
0.000000 0.000000 0.246179 0.246180 0.246182 0.246181 0.246179 0.246180 0.246179 0.246178 0.246178 0.246178 0.246179 0.246180 0.246179 0.246181 0.246182 0.246180 0.246179 0.000000 0.000000
0.000000 0.000000 0.241280 0.241280 0.241283 0.241282 0.241279 0.241280 0.241280 0.241279 0.241279 0.241279 0.241280 0.241280 0.241279 0.241282 0.241283 0.241280 0.241280 0.000000 0.000000
0.000000 0.000000 0.236466 0.236467 0.236469 0.236468 0.236466 0.236467 0.236467 0.236465 0.236465 0.236465 0.236467 0.236467 0.236466 0.236468 0.236469 0.236467 0.236466 0.000000 0.000000
0.000000 0.000000 0.231729 0.231729 0.231731 0.231730 0.231728 0.231729 0.231729 0.231728 0.231727 0.231728 0.231729 0.231729 0.231728 0.231730 0.231731 0.231729 0.231729 0.000000 0.000000
0.000000 0.000000 0.227065 0.227065 0.227068 0.227067 0.227064 0.227065 0.227065 0.227064 0.227064 0.227064 0.227065 0.227065 0.227064 0.227067 0.227068 0.227065 0.227065 0.000000 0.000000
0.000000 0.000000 0.222412 0.222412 0.222414 0.222413 0.222411 0.222412 0.222412 0.222410 0.222410 0.222410 0.222412 0.222412 0.222411 0.222413 0.222414 0.222412 0.222411 0.000000 0.000000
0.000000 0.000000 0.300000 0.300000 0.300000 0.300000 0.300000 0.300000 0.300000 0.300000 0.300000 0.300000 0.300000 0.300000 0.300000 0.300000 0.300000 0.300000 0.300000 0.000000 0.000000
0.000000 0.000000 0.000000 0.000000 0.000000 0.000000 0.000000 0.000000 0.000000 0.000000 0.000000 0.000000 0.000000 0.000000 0.000000 0.000000 0.000000 0.000000 0.000000 0.000000 0.000000