geotop/1.0zi/1.0Montebello/Templates/testdem/maps/_Eocclay5838.asc
ncols         21
nrows         20
xllcorner     100.000000
yllcorner     100.000000
cellsize      50.000000
NODATA_value  -9999.0
0.000000 0.000000 0.000000 0.000000 0.000000 0.000000 0.000000 0.000000 0.000000 0.000000 0.000000 0.000000 0.000000 0.000000 0.000000 0.000000 0.000000 0.000000 0.000000 0.000000 0.000000
0.000000 0.000000 0.349739 0.349739 0.349740 0.349740 0.349740 0.349740 0.349740 0.349740 0.349740 0.349740 0.349740 0.349740 0.349740 0.349740 0.349739 0.349739 0.349739 0.000000 0.000000
0.000000 0.000000 0.349989 0.349990 0.349990 0.349989 0.349989 0.349989 0.349989 0.349989 0.349989 0.349989 0.349989 0.349990 0.349989 0.349989 0.349989 0.349989 0.349989 0.000000 0.000000
0.000000 0.000000 0.349987 0.349989 0.349986 0.349988 0.349989 0.349989 0.349989 0.349987 0.349989 0.349988 0.349988 0.349987 0.349989 0.349991 0.349989 0.349990 0.349989 0.000000 0.000000
0.000000 0.000000 0.350479 0.350479 0.350479 0.350474 0.350463 0.350460 0.350461 0.350462 0.350461 0.350462 0.350457 0.350458 0.350462 0.350461 0.350466 0.350468 0.350472 0.000000 0.000000
0.000000 0.000000 0.352083 0.352084 0.352078 0.352060 0.352053 0.352037 0.352037 0.352033 0.352036 0.352036 0.352040 0.352039 0.352042 0.352055 0.352060 0.352072 0.352076 0.000000 0.000000
0.000000 0.000000 0.354445 0.354443 0.354441 0.354424 0.354404 0.354376 0.354376 0.354372 0.354374 0.354376 0.354376 0.354375 0.354394 0.354415 0.354424 0.354433 0.354440 0.000000 0.000000
0.000000 0.000000 0.357329 0.357329 0.357327 0.357308 0.357288 0.357259 0.357259 0.357256 0.357257 0.357257 0.357255 0.357259 0.357280 0.357297 0.357312 0.357317 0.357327 0.000000 0.000000
0.000000 0.000000 0.360265 0.360262 0.360256 0.360245 0.360225 0.360196 0.360198 0.360193 0.360191 0.360192 0.360192 0.360189 0.360215 0.360235 0.360248 0.360251 0.360259 0.000000 0.000000
0.000000 0.000000 0.363242 0.363236 0.363235 0.363227 0.363197 0.363172 0.363174 0.363170 0.363166 0.363171 0.363174 0.363170 0.363191 0.363215 0.363229 0.363231 0.363237 0.000000 0.000000
0.000000 0.000000 0.366337 0.366334 0.366333 0.366313 0.366293 0.366264 0.366270 0.366256 0.366257 0.366258 0.366254 0.366261 0.366278 0.366293 0.366308 0.366317 0.366330 0.000000 0.000000
0.000000 0.000000 0.369588 0.369581 0.369573 0.369559 0.369541 0.369507 0.369508 0.369500 0.369509 0.369500 0.369501 0.369503 0.369534 0.369548 0.369559 0.369563 0.369595 0.000000 0.000000
0.000000 0.000000 0.372936 0.372929 0.372927 0.372910 0.372894 0.372824 0.372824 0.372818 0.372803 0.372812 0.372817 0.372822 0.372873 0.372886 0.372911 0.372913 0.372936 0.000000 0.000000
0.000000 0.000000 0.376579 0.376575 0.376566 0.376555 0.376487 0.376469 0.376453 0.376453 0.376448 0.376450 0.376450 0.376448 0.376456 0.376524 0.376545 0.376562 0.376585 0.000000 0.000000
0.000000 0.000000 0.380601 0.380596 0.380581 0.380510 0.380488 0.380447 0.380420 0.380416 0.380403 0.380396 0.380404 0.380397 0.380428 0.380460 0.380561 0.380553 0.380567 0.000000 0.000000
0.000000 0.000000 0.384862 0.384857 0.384764 0.384748 0.384743 0.384717 0.384736 0.384725 0.384733 0.384723 0.384712 0.384730 0.384745 0.384754 0.384746 0.384866 0.384868 0.000000 0.000000
0.000000 0.000000 0.389758 0.389630 0.389588 0.389551 0.389489 0.389458 0.389447 0.389446 0.389418 0.389414 0.389426 0.389420 0.389455 0.389501 0.389574 0.389600 0.389730 0.000000 0.000000
0.000000 0.000000 0.393306 0.393315 0.393430 0.393399 0.393351 0.393231 0.393229 0.393202 0.393221 0.393214 0.393221 0.393224 0.393333 0.393367 0.393445 0.393327 0.393326 0.000000 0.000000
0.000000 0.000000 0.350000 0.350000 0.350000 0.350000 0.350000 0.350000 0.350000 0.350000 0.350000 0.350000 0.350000 0.350000 0.350000 0.350000 0.350000 0.350000 0.350000 0.000000 0.000000
0.000000 0.000000 0.000000 0.000000 0.000000 0.000000 0.000000 0.000000 0.000000 0.000000 0.000000 0.000000 0.000000 0.000000 0.000000 0.000000 0.000000 0.000000 0.000000 0.000000 0.000000