geotop/1.0zi/1.0Montebello/Templates/testdem/maps/_Eocclay6435.asc
ncols         21
nrows         20
xllcorner     100.000000
yllcorner     100.000000
cellsize      50.000000
NODATA_value  -9999.0
0.000000 0.000000 0.000000 0.000000 0.000000 0.000000 0.000000 0.000000 0.000000 0.000000 0.000000 0.000000 0.000000 0.000000 0.000000 0.000000 0.000000 0.000000 0.000000 0.000000 0.000000
0.000000 0.000000 0.349712 0.349714 0.349714 0.349713 0.349714 0.349714 0.349714 0.349714 0.349712 0.349714 0.349714 0.349713 0.349714 0.349714 0.349712 0.349712 0.349713 0.000000 0.000000
0.000000 0.000000 0.349989 0.349988 0.349988 0.349989 0.349988 0.349988 0.349988 0.349988 0.349988 0.349987 0.349988 0.349987 0.349988 0.349988 0.349989 0.349989 0.349987 0.000000 0.000000
0.000000 0.000000 0.349983 0.349987 0.349984 0.349985 0.349986 0.349986 0.349988 0.349984 0.349989 0.349986 0.349986 0.349986 0.349986 0.349988 0.349986 0.349988 0.349987 0.000000 0.000000
0.000000 0.000000 0.350593 0.350593 0.350590 0.350587 0.350574 0.350571 0.350571 0.350574 0.350571 0.350570 0.350565 0.350567 0.350574 0.350574 0.350579 0.350581 0.350589 0.000000 0.000000
0.000000 0.000000 0.352431 0.352431 0.352424 0.352401 0.352394 0.352375 0.352375 0.352370 0.352373 0.352375 0.352378 0.352378 0.352383 0.352398 0.352408 0.352419 0.352424 0.000000 0.000000
0.000000 0.000000 0.355144 0.355142 0.355137 0.355118 0.355095 0.355065 0.355065 0.355060 0.355062 0.355063 0.355064 0.355063 0.355086 0.355110 0.355121 0.355130 0.355139 0.000000 0.000000
0.000000 0.000000 0.358406 0.358406 0.358401 0.358379 0.358356 0.358324 0.358324 0.358321 0.358321 0.358320 0.358318 0.358324 0.358349 0.358370 0.358388 0.358394 0.358405 0.000000 0.000000
0.000000 0.000000 0.361769 0.361766 0.361756 0.361743 0.361720 0.361688 0.361690 0.361684 0.361681 0.361682 0.361681 0.361681 0.361711 0.361735 0.361751 0.361755 0.361765 0.000000 0.000000
0.000000 0.000000 0.365211 0.365206 0.365202 0.365190 0.365157 0.365128 0.365129 0.365125 0.365121 0.365124 0.365129 0.365126 0.365152 0.365180 0.365197 0.365200 0.365208 0.000000 0.000000
0.000000 0.000000 0.368822 0.368819 0.368815 0.368791 0.368768 0.368735 0.368742 0.368726 0.368726 0.368728 0.368723 0.368733 0.368754 0.368772 0.368791 0.368801 0.368817 0.000000 0.000000
0.000000 0.000000 0.372657 0.372652 0.372640 0.372621 0.372599 0.372560 0.372560 0.372552 0.372561 0.372551 0.372552 0.372556 0.372593 0.372611 0.372625 0.372631 0.372669 0.000000 0.000000
0.000000 0.000000 0.376650 0.376641 0.376636 0.376615 0.376595 0.376511 0.376510 0.376503 0.376485 0.376495 0.376501 0.376508 0.376571 0.376589 0.376621 0.376624 0.376649 0.000000 0.000000
0.000000 0.000000 0.381053 0.381048 0.381034 0.381019 0.380932 0.380914 0.380895 0.380894 0.380890 0.380892 0.380890 0.380888 0.380898 0.380987 0.381013 0.381035 0.381062 0.000000 0.000000
0.000000 0.000000 0.385981 0.385976 0.385956 0.385860 0.385836 0.385786 0.385753 0.385747 0.385731 0.385720 0.385732 0.385726 0.385768 0.385803 0.385936 0.385923 0.385939 0.000000 0.000000
0.000000 0.000000 0.391266 0.391260 0.391131 0.391118 0.391111 0.391081 0.391113 0.391096 0.391111 0.391097 0.391081 0.391110 0.391129 0.391140 0.391114 0.391280 0.391283 0.000000 0.000000
0.000000 0.000000 0.397482 0.397301 0.397258 0.397204 0.397113 0.397075 0.397053 0.397055 0.397011 0.397010 0.397030 0.397018 0.397066 0.397135 0.397246 0.397256 0.397445 0.000000 0.000000
0.000000 0.000000 0.401677 0.401725 0.401894 0.401856 0.401805 0.401636 0.401635 0.401596 0.401632 0.401621 0.401629 0.401637 0.401792 0.401830 0.401923 0.401753 0.401717 0.000000 0.000000
0.000000 0.000000 0.350000 0.350000 0.350000 0.350000 0.350000 0.350000 0.350000 0.350000 0.350000 0.350000 0.350000 0.350000 0.350000 0.350000 0.350000 0.350000 0.350000 0.000000 0.000000
0.000000 0.000000 0.000000 0.000000 0.000000 0.000000 0.000000 0.000000 0.000000 0.000000 0.000000 0.000000 0.000000 0.000000 0.000000 0.000000 0.000000 0.000000 0.000000 0.000000 0.000000