geotop/1.0zi/1.0Montebello/Templates/testdem/maps/_Eocsand8115.asc
ncols         21
nrows         20
xllcorner     100.000000
yllcorner     100.000000
cellsize      50.000000
NODATA_value  -9999.0
0.000000 0.000000 0.000000 0.000000 0.000000 0.000000 0.000000 0.000000 0.000000 0.000000 0.000000 0.000000 0.000000 0.000000 0.000000 0.000000 0.000000 0.000000 0.000000 0.000000 0.000000
0.000000 0.000000 0.300206 0.300204 0.300204 0.300205 0.300204 0.300203 0.300204 0.300204 0.300205 0.300204 0.300204 0.300204 0.300204 0.300204 0.300205 0.300205 0.300205 0.000000 0.000000
0.000000 0.000000 0.300011 0.300012 0.300012 0.300010 0.300011 0.300012 0.300011 0.300011 0.300012 0.300012 0.300011 0.300011 0.300011 0.300011 0.300012 0.300013 0.300013 0.000000 0.000000
0.000000 0.000000 0.299894 0.299893 0.299897 0.299906 0.299901 0.299909 0.299904 0.299906 0.299906 0.299906 0.299906 0.299908 0.299903 0.299898 0.299896 0.299893 0.299894 0.000000 0.000000
0.000000 0.000000 0.297966 0.297963 0.297972 0.297987 0.298010 0.298020 0.298026 0.298025 0.298029 0.298028 0.298031 0.298025 0.298001 0.297995 0.297983 0.297969 0.297959 0.000000 0.000000
0.000000 0.000000 0.292371 0.292372 0.292396 0.292441 0.292476 0.292523 0.292523 0.292536 0.292528 0.292529 0.292525 0.292524 0.292501 0.292468 0.292439 0.292417 0.292405 0.000000 0.000000
0.000000 0.000000 0.284553 0.284560 0.284581 0.284632 0.284696 0.284770 0.284771 0.284781 0.284779 0.284780 0.284783 0.284777 0.284713 0.284655 0.284620 0.284592 0.284576 0.000000 0.000000
0.000000 0.000000 0.275295 0.275299 0.275315 0.275373 0.275435 0.275517 0.275518 0.275527 0.275529 0.275535 0.275538 0.275524 0.275454 0.275399 0.275346 0.275330 0.275304 0.000000 0.000000
0.000000 0.000000 0.265405 0.265421 0.265451 0.265489 0.265556 0.265643 0.265639 0.265659 0.265663 0.265668 0.265665 0.265667 0.265582 0.265513 0.265470 0.265449 0.265428 0.000000 0.000000
0.000000 0.000000 0.254954 0.254973 0.254990 0.255028 0.255124 0.255203 0.255203 0.255213 0.255225 0.255219 0.255208 0.255212 0.255140 0.255060 0.255010 0.254993 0.254977 0.000000 0.000000
0.000000 0.000000 0.243607 0.243619 0.243639 0.243721 0.243788 0.243881 0.243862 0.243912 0.243906 0.243908 0.243926 0.243893 0.243827 0.243777 0.243713 0.243679 0.243636 0.000000 0.000000
0.000000 0.000000 0.231016 0.231050 0.231090 0.231142 0.231219 0.231336 0.231344 0.231358 0.231331 0.231372 0.231360 0.231353 0.231232 0.231170 0.231127 0.231102 0.230996 0.000000 0.000000
0.000000 0.000000 0.217405 0.217438 0.217454 0.217530 0.217597 0.217902 0.217906 0.217925 0.218005 0.217963 0.217946 0.217918 0.217686 0.217623 0.217507 0.217493 0.217441 0.000000 0.000000
0.000000 0.000000 0.201464 0.201474 0.201540 0.201593 0.201974 0.201948 0.202027 0.202027 0.202004 0.202026 0.202037 0.202054 0.202087 0.201692 0.201626 0.201522 0.201446 0.000000 0.000000
0.000000 0.000000 0.182684 0.182718 0.182797 0.183279 0.183245 0.183484 0.183594 0.183621 0.183702 0.183760 0.183707 0.183717 0.183484 0.183491 0.182853 0.182947 0.182933 0.000000 0.000000
0.000000 0.000000 0.162080 0.162110 0.162809 0.162629 0.162680 0.162751 0.162493 0.162576 0.162442 0.162493 0.162606 0.162432 0.162414 0.162375 0.162869 0.161868 0.161881 0.000000 0.000000
0.000000 0.000000 0.136520 0.137615 0.137404 0.137809 0.138359 0.138520 0.138813 0.138745 0.139069 0.139042 0.138858 0.139036 0.138761 0.138356 0.137443 0.138015 0.136874 0.000000 0.000000
0.000000 0.000000 0.126905 0.125896 0.124958 0.124957 0.124918 0.125817 0.125673 0.125936 0.125514 0.125600 0.125662 0.125519 0.124768 0.124798 0.124785 0.125524 0.126509 0.000000 0.000000
0.000000 0.000000 0.300000 0.300000 0.300000 0.300000 0.300000 0.300000 0.300000 0.300000 0.300000 0.300000 0.300000 0.300000 0.300000 0.300000 0.300000 0.300000 0.300000 0.000000 0.000000
0.000000 0.000000 0.000000 0.000000 0.000000 0.000000 0.000000 0.000000 0.000000 0.000000 0.000000 0.000000 0.000000 0.000000 0.000000 0.000000 0.000000 0.000000 0.000000 0.000000 0.000000