geotop/1.0zi/1.0Montebello/Templates/testdem/maps/_Eocsilt5770.asc
ncols         21
nrows         20
xllcorner     100.000000
yllcorner     100.000000
cellsize      50.000000
NODATA_value  -9999.0
0.000000 0.000000 0.000000 0.000000 0.000000 0.000000 0.000000 0.000000 0.000000 0.000000 0.000000 0.000000 0.000000 0.000000 0.000000 0.000000 0.000000 0.000000 0.000000 0.000000 0.000000
0.000000 0.000000 0.350113 0.350113 0.350113 0.350113 0.350113 0.350114 0.350113 0.350113 0.350113 0.350113 0.350113 0.350113 0.350113 0.350113 0.350114 0.350113 0.350113 0.000000 0.000000
0.000000 0.000000 0.350002 0.350002 0.350002 0.350003 0.350003 0.350003 0.350003 0.350003 0.350003 0.350003 0.350003 0.350003 0.350003 0.350002 0.350001 0.350001 0.350002 0.000000 0.000000
0.000000 0.000000 0.350045 0.350045 0.350043 0.350039 0.350040 0.350038 0.350040 0.350040 0.350039 0.350039 0.350039 0.350039 0.350041 0.350044 0.350045 0.350047 0.350046 0.000000 0.000000
0.000000 0.000000 0.350524 0.350527 0.350525 0.350522 0.350519 0.350514 0.350513 0.350511 0.350509 0.350510 0.350512 0.350513 0.350518 0.350520 0.350520 0.350529 0.350533 0.000000 0.000000
0.000000 0.000000 0.352007 0.352011 0.352007 0.351993 0.351983 0.351965 0.351963 0.351960 0.351964 0.351966 0.351967 0.351963 0.351969 0.351976 0.351985 0.351989 0.351993 0.000000 0.000000
0.000000 0.000000 0.354259 0.354257 0.354253 0.354235 0.354214 0.354191 0.354193 0.354191 0.354193 0.354193 0.354190 0.354193 0.354209 0.354226 0.354233 0.354242 0.354248 0.000000 0.000000
0.000000 0.000000 0.356987 0.356988 0.356988 0.356971 0.356950 0.356925 0.356926 0.356923 0.356923 0.356923 0.356921 0.356923 0.356942 0.356961 0.356976 0.356979 0.356988 0.000000 0.000000
0.000000 0.000000 0.359850 0.359845 0.359839 0.359828 0.359808 0.359778 0.359780 0.359775 0.359773 0.359774 0.359774 0.359771 0.359797 0.359818 0.359831 0.359836 0.359845 0.000000 0.000000
0.000000 0.000000 0.362720 0.362716 0.362713 0.362706 0.362678 0.362653 0.362655 0.362652 0.362648 0.362652 0.362655 0.362651 0.362671 0.362694 0.362707 0.362709 0.362715 0.000000 0.000000
0.000000 0.000000 0.365664 0.365661 0.365661 0.365640 0.365621 0.365593 0.365600 0.365586 0.365587 0.365588 0.365585 0.365591 0.365607 0.365622 0.365636 0.365645 0.365657 0.000000 0.000000
0.000000 0.000000 0.368755 0.368748 0.368740 0.368727 0.368710 0.368676 0.368678 0.368670 0.368678 0.368671 0.368672 0.368674 0.368703 0.368717 0.368727 0.368731 0.368762 0.000000 0.000000
0.000000 0.000000 0.371922 0.371916 0.371914 0.371898 0.371883 0.371816 0.371816 0.371810 0.371796 0.371804 0.371809 0.371813 0.371861 0.371874 0.371897 0.371900 0.371922 0.000000 0.000000
0.000000 0.000000 0.375358 0.375354 0.375346 0.375336 0.375272 0.375255 0.375240 0.375240 0.375235 0.375237 0.375238 0.375235 0.375242 0.375305 0.375326 0.375342 0.375364 0.000000 0.000000
0.000000 0.000000 0.379138 0.379133 0.379120 0.379054 0.379032 0.378993 0.378969 0.378965 0.378952 0.378945 0.378953 0.378946 0.378975 0.379006 0.379100 0.379093 0.379106 0.000000 0.000000
0.000000 0.000000 0.383136 0.383131 0.383046 0.383030 0.383025 0.382999 0.383016 0.383005 0.383013 0.383004 0.382993 0.383010 0.383025 0.383034 0.383028 0.383138 0.383141 0.000000 0.000000
0.000000 0.000000 0.387703 0.387586 0.387545 0.387511 0.387455 0.387425 0.387416 0.387414 0.387389 0.387386 0.387396 0.387391 0.387423 0.387465 0.387532 0.387559 0.387677 0.000000 0.000000
0.000000 0.000000 0.391046 0.391050 0.391153 0.391124 0.391078 0.390968 0.390966 0.390941 0.390957 0.390951 0.390958 0.390960 0.391060 0.391092 0.391166 0.391059 0.391063 0.000000 0.000000
0.000000 0.000000 0.350000 0.350000 0.350000 0.350000 0.350000 0.350000 0.350000 0.350000 0.350000 0.350000 0.350000 0.350000 0.350000 0.350000 0.350000 0.350000 0.350000 0.000000 0.000000
0.000000 0.000000 0.000000 0.000000 0.000000 0.000000 0.000000 0.000000 0.000000 0.000000 0.000000 0.000000 0.000000 0.000000 0.000000 0.000000 0.000000 0.000000 0.000000 0.000000 0.000000