geotop/1.0zi/1.0Montebello/Templates/testdem/maps/_Eocsand4420.asc
ncols         21
nrows         20
xllcorner     100.000000
yllcorner     100.000000
cellsize      50.000000
NODATA_value  -9999.0
0.000000 0.000000 0.000000 0.000000 0.000000 0.000000 0.000000 0.000000 0.000000 0.000000 0.000000 0.000000 0.000000 0.000000 0.000000 0.000000 0.000000 0.000000 0.000000 0.000000 0.000000
0.000000 0.000000 0.300108 0.300107 0.300107 0.300107 0.300107 0.300107 0.300107 0.300107 0.300107 0.300107 0.300107 0.300107 0.300107 0.300107 0.300107 0.300107 0.300108 0.000000 0.000000
0.000000 0.000000 0.300005 0.300004 0.300004 0.300004 0.300004 0.300004 0.300004 0.300004 0.300004 0.300004 0.300004 0.300004 0.300004 0.300004 0.300006 0.300006 0.300005 0.000000 0.000000
0.000000 0.000000 0.299974 0.299973 0.299975 0.299979 0.299977 0.299979 0.299977 0.299978 0.299977 0.299979 0.299979 0.299980 0.299976 0.299972 0.299973 0.299971 0.299973 0.000000 0.000000
0.000000 0.000000 0.299274 0.299269 0.299272 0.299282 0.299294 0.299299 0.299301 0.299304 0.299306 0.299301 0.299304 0.299301 0.299292 0.299290 0.299286 0.299277 0.299271 0.000000 0.000000
0.000000 0.000000 0.296883 0.296879 0.296886 0.296912 0.296922 0.296950 0.296953 0.296963 0.296954 0.296951 0.296944 0.296944 0.296939 0.296926 0.296913 0.296904 0.296895 0.000000 0.000000
0.000000 0.000000 0.293249 0.293252 0.293257 0.293282 0.293312 0.293349 0.293348 0.293355 0.293348 0.293349 0.293351 0.293348 0.293321 0.293291 0.293277 0.293264 0.293252 0.000000 0.000000
0.000000 0.000000 0.289062 0.289065 0.289066 0.289093 0.289120 0.289156 0.289152 0.289159 0.289158 0.289158 0.289163 0.289165 0.289131 0.289100 0.289081 0.289075 0.289063 0.000000 0.000000
0.000000 0.000000 0.284839 0.284845 0.284852 0.284871 0.284896 0.284938 0.284935 0.284943 0.284942 0.284940 0.284945 0.284945 0.284912 0.284877 0.284862 0.284854 0.284839 0.000000 0.000000
0.000000 0.000000 0.280629 0.280635 0.280638 0.280658 0.280690 0.280727 0.280720 0.280726 0.280726 0.280725 0.280731 0.280735 0.280698 0.280663 0.280649 0.280641 0.280630 0.000000 0.000000
0.000000 0.000000 0.276363 0.276369 0.276373 0.276387 0.276410 0.276454 0.276448 0.276458 0.276458 0.276455 0.276462 0.276465 0.276435 0.276409 0.276390 0.276381 0.276367 0.000000 0.000000
0.000000 0.000000 0.271954 0.271960 0.271966 0.271989 0.272014 0.272056 0.272056 0.272062 0.272062 0.272063 0.272067 0.272071 0.272030 0.271999 0.271982 0.271974 0.271928 0.000000 0.000000
0.000000 0.000000 0.267487 0.267494 0.267501 0.267517 0.267547 0.267636 0.267634 0.267642 0.267643 0.267642 0.267650 0.267651 0.267574 0.267537 0.267520 0.267512 0.267483 0.000000 0.000000
0.000000 0.000000 0.262762 0.262775 0.262779 0.262795 0.262884 0.262906 0.262919 0.262925 0.262924 0.262924 0.262933 0.262936 0.262912 0.262822 0.262803 0.262784 0.262767 0.000000 0.000000
0.000000 0.000000 0.257669 0.257679 0.257701 0.257777 0.257817 0.257872 0.257899 0.257909 0.257922 0.257923 0.257922 0.257935 0.257893 0.257831 0.257731 0.257735 0.257721 0.000000 0.000000
0.000000 0.000000 0.252415 0.252426 0.252520 0.252533 0.252556 0.252583 0.252585 0.252587 0.252583 0.252584 0.252601 0.252587 0.252575 0.252549 0.252548 0.252441 0.252415 0.000000 0.000000
0.000000 0.000000 0.246576 0.246704 0.246782 0.246815 0.246877 0.246911 0.246917 0.246923 0.246938 0.246937 0.246939 0.246953 0.246930 0.246854 0.246804 0.246750 0.246621 0.000000 0.000000
0.000000 0.000000 0.242010 0.242036 0.241950 0.241994 0.242048 0.242174 0.242184 0.242197 0.242192 0.242194 0.242205 0.242201 0.242087 0.242022 0.241948 0.242059 0.242007 0.000000 0.000000
0.000000 0.000000 0.300000 0.300000 0.300000 0.300000 0.300000 0.300000 0.300000 0.300000 0.300000 0.300000 0.300000 0.300000 0.300000 0.300000 0.300000 0.300000 0.300000 0.000000 0.000000
0.000000 0.000000 0.000000 0.000000 0.000000 0.000000 0.000000 0.000000 0.000000 0.000000 0.000000 0.000000 0.000000 0.000000 0.000000 0.000000 0.000000 0.000000 0.000000 0.000000 0.000000