geotop/1.0zi/1.0Montebello/Templates/testdem/maps/_Eocclay8177.asc
ncols         21
nrows         20
xllcorner     100.000000
yllcorner     100.000000
cellsize      50.000000
NODATA_value  -9999.0
0.000000 0.000000 0.000000 0.000000 0.000000 0.000000 0.000000 0.000000 0.000000 0.000000 0.000000 0.000000 0.000000 0.000000 0.000000 0.000000 0.000000 0.000000 0.000000 0.000000 0.000000
0.000000 0.000000 0.349622 0.349624 0.349624 0.349623 0.349625 0.349625 0.349624 0.349625 0.349623 0.349625 0.349625 0.349624 0.349625 0.349624 0.349622 0.349623 0.349623 0.000000 0.000000
0.000000 0.000000 0.349984 0.349983 0.349983 0.349985 0.349983 0.349983 0.349983 0.349983 0.349982 0.349982 0.349983 0.349982 0.349983 0.349984 0.349984 0.349984 0.349982 0.000000 0.000000
0.000000 0.000000 0.350004 0.350009 0.350006 0.350004 0.350007 0.350004 0.350006 0.350003 0.350007 0.350004 0.350004 0.350003 0.350005 0.350006 0.350005 0.350009 0.350006 0.000000 0.000000
0.000000 0.000000 0.351015 0.351012 0.351008 0.351004 0.350988 0.350986 0.350983 0.350986 0.350982 0.350983 0.350979 0.350983 0.350993 0.350995 0.351003 0.351007 0.351014 0.000000 0.000000
0.000000 0.000000 0.353941 0.353940 0.353927 0.353898 0.353883 0.353858 0.353859 0.353852 0.353856 0.353854 0.353857 0.353859 0.353870 0.353890 0.353906 0.353920 0.353927 0.000000 0.000000
0.000000 0.000000 0.357925 0.357921 0.357912 0.357887 0.357856 0.357816 0.357815 0.357809 0.357811 0.357811 0.357811 0.357812 0.357846 0.357877 0.357894 0.357907 0.357915 0.000000 0.000000
0.000000 0.000000 0.362647 0.362644 0.362635 0.362605 0.362574 0.362531 0.362530 0.362526 0.362525 0.362522 0.362520 0.362529 0.362565 0.362592 0.362618 0.362628 0.362641 0.000000 0.000000
0.000000 0.000000 0.367663 0.367656 0.367641 0.367622 0.367588 0.367545 0.367547 0.367537 0.367535 0.367532 0.367533 0.367532 0.367575 0.367610 0.367631 0.367641 0.367652 0.000000 0.000000
0.000000 0.000000 0.372991 0.372981 0.372973 0.372954 0.372905 0.372865 0.372864 0.372859 0.372853 0.372856 0.372863 0.372860 0.372897 0.372938 0.372963 0.372971 0.372980 0.000000 0.000000
0.000000 0.000000 0.378811 0.378804 0.378794 0.378753 0.378719 0.378671 0.378680 0.378655 0.378658 0.378657 0.378648 0.378665 0.378699 0.378724 0.378756 0.378774 0.378796 0.000000 0.000000
0.000000 0.000000 0.385279 0.385262 0.385242 0.385215 0.385176 0.385116 0.385112 0.385105 0.385119 0.385097 0.385103 0.385107 0.385169 0.385201 0.385223 0.385235 0.385290 0.000000 0.000000
0.000000 0.000000 0.392294 0.392278 0.392269 0.392230 0.392196 0.392038 0.392036 0.392027 0.391985 0.392007 0.392016 0.392031 0.392151 0.392183 0.392243 0.392250 0.392276 0.000000 0.000000
0.000000 0.000000 0.400544 0.400540 0.400506 0.400479 0.400280 0.400295 0.400254 0.400254 0.400267 0.400255 0.400249 0.400240 0.400222 0.400428 0.400461 0.400516 0.400555 0.000000 0.000000
0.000000 0.000000 0.410302 0.410285 0.410244 0.409991 0.410012 0.409886 0.409829 0.409814 0.409772 0.409742 0.409770 0.409765 0.409888 0.409881 0.410215 0.410165 0.410172 0.000000 0.000000
0.000000 0.000000 0.421037 0.421022 0.420652 0.420753 0.420726 0.420691 0.420829 0.420786 0.420858 0.420832 0.420771 0.420864 0.420870 0.420891 0.420622 0.421154 0.421147 0.000000 0.000000
0.000000 0.000000 0.434433 0.433850 0.433971 0.433753 0.433461 0.433376 0.433216 0.433253 0.433079 0.433094 0.433194 0.433096 0.433243 0.433459 0.433952 0.433634 0.434243 0.000000 0.000000
0.000000 0.000000 0.439257 0.439814 0.440315 0.440321 0.440350 0.439870 0.439951 0.439810 0.440040 0.439994 0.439958 0.440037 0.440436 0.440414 0.440409 0.440019 0.439475 0.000000 0.000000
0.000000 0.000000 0.350000 0.350000 0.350000 0.350000 0.350000 0.350000 0.350000 0.350000 0.350000 0.350000 0.350000 0.350000 0.350000 0.350000 0.350000 0.350000 0.350000 0.000000 0.000000
0.000000 0.000000 0.000000 0.000000 0.000000 0.000000 0.000000 0.000000 0.000000 0.000000 0.000000 0.000000 0.000000 0.000000 0.000000 0.000000 0.000000 0.000000 0.000000 0.000000 0.000000