geotop/1.0zi/1.0Montebello/Templates/testdem/maps/_Eocclay1220.asc
ncols         21
nrows         20
xllcorner     100.000000
yllcorner     100.000000
cellsize      50.000000
NODATA_value  -9999.0
0.000000 0.000000 0.000000 0.000000 0.000000 0.000000 0.000000 0.000000 0.000000 0.000000 0.000000 0.000000 0.000000 0.000000 0.000000 0.000000 0.000000 0.000000 0.000000 0.000000 0.000000
0.000000 0.000000 0.349937 0.349937 0.349937 0.349937 0.349937 0.349937 0.349937 0.349937 0.349937 0.349937 0.349937 0.349937 0.349937 0.349937 0.349937 0.349937 0.349937 0.000000 0.000000
0.000000 0.000000 0.349993 0.349993 0.349993 0.349993 0.349993 0.349993 0.349993 0.349993 0.349993 0.349993 0.349993 0.349993 0.349993 0.349993 0.349993 0.349993 0.349993 0.000000 0.000000
0.000000 0.000000 0.350545 0.350545 0.350543 0.350543 0.350545 0.350545 0.350545 0.350545 0.350545 0.350545 0.350545 0.350545 0.350545 0.350543 0.350543 0.350545 0.350545 0.000000 0.000000
0.000000 0.000000 0.352447 0.352446 0.352444 0.352444 0.352448 0.352447 0.352447 0.352448 0.352447 0.352448 0.352447 0.352447 0.352448 0.352444 0.352444 0.352446 0.352447 0.000000 0.000000
0.000000 0.000000 0.354529 0.354528 0.354527 0.354527 0.354529 0.354529 0.354529 0.354529 0.354529 0.354529 0.354529 0.354529 0.354529 0.354527 0.354527 0.354528 0.354529 0.000000 0.000000
0.000000 0.000000 0.356505 0.356504 0.356503 0.356503 0.356505 0.356505 0.356505 0.356505 0.356505 0.356505 0.356505 0.356505 0.356505 0.356503 0.356503 0.356504 0.356505 0.000000 0.000000
0.000000 0.000000 0.358323 0.358323 0.358321 0.358322 0.358323 0.358323 0.358323 0.358323 0.358323 0.358323 0.358323 0.358323 0.358323 0.358322 0.358321 0.358323 0.358323 0.000000 0.000000
0.000000 0.000000 0.360026 0.360026 0.360024 0.360025 0.360026 0.360026 0.360026 0.360026 0.360026 0.360026 0.360026 0.360026 0.360026 0.360025 0.360024 0.360026 0.360026 0.000000 0.000000
0.000000 0.000000 0.361659 0.361658 0.361657 0.361657 0.361659 0.361658 0.361658 0.361659 0.361659 0.361659 0.361658 0.361658 0.361659 0.361657 0.361657 0.361658 0.361659 0.000000 0.000000
0.000000 0.000000 0.363238 0.363237 0.363236 0.363236 0.363238 0.363237 0.363238 0.363238 0.363238 0.363238 0.363238 0.363237 0.363238 0.363236 0.363236 0.363237 0.363238 0.000000 0.000000
0.000000 0.000000 0.364780 0.364780 0.364779 0.364779 0.364780 0.364780 0.364780 0.364781 0.364780 0.364781 0.364780 0.364780 0.364780 0.364779 0.364779 0.364780 0.364780 0.000000 0.000000
0.000000 0.000000 0.366297 0.366297 0.366296 0.366296 0.366297 0.366297 0.366297 0.366298 0.366297 0.366298 0.366297 0.366297 0.366297 0.366296 0.366296 0.366297 0.366297 0.000000 0.000000
0.000000 0.000000 0.367788 0.367788 0.367786 0.367787 0.367788 0.367788 0.367788 0.367788 0.367788 0.367788 0.367788 0.367788 0.367788 0.367787 0.367786 0.367788 0.367788 0.000000 0.000000
0.000000 0.000000 0.369260 0.369260 0.369259 0.369259 0.369260 0.369260 0.369260 0.369260 0.369260 0.369260 0.369260 0.369260 0.369260 0.369259 0.369259 0.369260 0.369260 0.000000 0.000000
0.000000 0.000000 0.370719 0.370719 0.370718 0.370718 0.370720 0.370719 0.370719 0.370720 0.370720 0.370720 0.370719 0.370719 0.370720 0.370718 0.370718 0.370719 0.370719 0.000000 0.000000
0.000000 0.000000 0.372165 0.372165 0.372164 0.372164 0.372165 0.372165 0.372165 0.372165 0.372165 0.372165 0.372165 0.372165 0.372165 0.372164 0.372164 0.372165 0.372165 0.000000 0.000000
0.000000 0.000000 0.373643 0.373644 0.373642 0.373643 0.373644 0.373644 0.373644 0.373644 0.373644 0.373644 0.373644 0.373644 0.373644 0.373643 0.373642 0.373644 0.373644 0.000000 0.000000
0.000000 0.000000 0.350000 0.350000 0.350000 0.350000 0.350000 0.350000 0.350000 0.350000 0.350000 0.350000 0.350000 0.350000 0.350000 0.350000 0.350000 0.350000 0.350000 0.000000 0.000000
0.000000 0.000000 0.000000 0.000000 0.000000 0.000000 0.000000 0.000000 0.000000 0.000000 0.000000 0.000000 0.000000 0.000000 0.000000 0.000000 0.000000 0.000000 0.000000 0.000000 0.000000