geotop/1.0zi/1.0Montebello/Templates/testdem/maps/_Eocclay6659.asc
ncols         21
nrows         20
xllcorner     100.000000
yllcorner     100.000000
cellsize      50.000000
NODATA_value  -9999.0
0.000000 0.000000 0.000000 0.000000 0.000000 0.000000 0.000000 0.000000 0.000000 0.000000 0.000000 0.000000 0.000000 0.000000 0.000000 0.000000 0.000000 0.000000 0.000000 0.000000 0.000000
0.000000 0.000000 0.349701 0.349702 0.349702 0.349701 0.349702 0.349702 0.349702 0.349702 0.349701 0.349702 0.349702 0.349702 0.349702 0.349702 0.349700 0.349700 0.349702 0.000000 0.000000
0.000000 0.000000 0.349988 0.349988 0.349988 0.349989 0.349987 0.349987 0.349988 0.349987 0.349987 0.349987 0.349988 0.349987 0.349988 0.349988 0.349989 0.349989 0.349986 0.000000 0.000000
0.000000 0.000000 0.349982 0.349986 0.349982 0.349983 0.349984 0.349984 0.349986 0.349982 0.349987 0.349985 0.349985 0.349985 0.349984 0.349986 0.349984 0.349986 0.349985 0.000000 0.000000
0.000000 0.000000 0.350599 0.350599 0.350597 0.350595 0.350581 0.350580 0.350580 0.350582 0.350579 0.350579 0.350575 0.350577 0.350583 0.350583 0.350589 0.350590 0.350596 0.000000 0.000000
0.000000 0.000000 0.352530 0.352530 0.352522 0.352497 0.352489 0.352469 0.352470 0.352465 0.352468 0.352468 0.352470 0.352470 0.352476 0.352491 0.352503 0.352515 0.352521 0.000000 0.000000
0.000000 0.000000 0.355386 0.355384 0.355378 0.355359 0.355335 0.355305 0.355304 0.355300 0.355301 0.355302 0.355302 0.355302 0.355325 0.355350 0.355362 0.355372 0.355380 0.000000 0.000000
0.000000 0.000000 0.358814 0.358814 0.358808 0.358785 0.358761 0.358729 0.358729 0.358726 0.358725 0.358723 0.358721 0.358727 0.358752 0.358773 0.358793 0.358800 0.358812 0.000000 0.000000
0.000000 0.000000 0.362362 0.362358 0.362348 0.362334 0.362310 0.362278 0.362280 0.362273 0.362270 0.362269 0.362269 0.362268 0.362298 0.362325 0.362341 0.362347 0.362356 0.000000 0.000000
0.000000 0.000000 0.366009 0.366003 0.365998 0.365986 0.365951 0.365922 0.365923 0.365918 0.365914 0.365916 0.365921 0.365917 0.365942 0.365973 0.365991 0.365996 0.366004 0.000000 0.000000
0.000000 0.000000 0.369850 0.369846 0.369841 0.369815 0.369791 0.369758 0.369765 0.369747 0.369748 0.369748 0.369743 0.369754 0.369773 0.369793 0.369815 0.369826 0.369843 0.000000 0.000000
0.000000 0.000000 0.373950 0.373940 0.373930 0.373910 0.373886 0.373846 0.373846 0.373838 0.373847 0.373834 0.373837 0.373840 0.373877 0.373897 0.373913 0.373920 0.373960 0.000000 0.000000
0.000000 0.000000 0.378236 0.378226 0.378221 0.378198 0.378177 0.378088 0.378087 0.378080 0.378058 0.378067 0.378075 0.378082 0.378148 0.378169 0.378204 0.378207 0.378233 0.000000 0.000000
0.000000 0.000000 0.382998 0.382993 0.382978 0.382961 0.382865 0.382850 0.382829 0.382828 0.382825 0.382824 0.382823 0.382820 0.382824 0.382925 0.382951 0.382978 0.383006 0.000000 0.000000
0.000000 0.000000 0.388359 0.388352 0.388331 0.388222 0.388200 0.388148 0.388112 0.388107 0.388087 0.388073 0.388086 0.388079 0.388124 0.388159 0.388307 0.388294 0.388308 0.000000 0.000000
0.000000 0.000000 0.394139 0.394131 0.393985 0.393976 0.393970 0.393939 0.393978 0.393959 0.393977 0.393959 0.393941 0.393974 0.393989 0.394001 0.393965 0.394156 0.394158 0.000000 0.000000
0.000000 0.000000 0.401005 0.400794 0.400757 0.400693 0.400589 0.400550 0.400521 0.400524 0.400473 0.400469 0.400495 0.400477 0.400528 0.400609 0.400741 0.400739 0.400957 0.000000 0.000000
0.000000 0.000000 0.405478 0.405551 0.405752 0.405712 0.405662 0.405471 0.405472 0.405427 0.405472 0.405456 0.405464 0.405474 0.405646 0.405685 0.405782 0.405586 0.405525 0.000000 0.000000
0.000000 0.000000 0.350000 0.350000 0.350000 0.350000 0.350000 0.350000 0.350000 0.350000 0.350000 0.350000 0.350000 0.350000 0.350000 0.350000 0.350000 0.350000 0.350000 0.000000 0.000000
0.000000 0.000000 0.000000 0.000000 0.000000 0.000000 0.000000 0.000000 0.000000 0.000000 0.000000 0.000000 0.000000 0.000000 0.000000 0.000000 0.000000 0.000000 0.000000 0.000000 0.000000