geotop/1.0zi/1.0Montebello/Templates/testdem/maps/_Eocclay1904.asc
ncols         21
nrows         20
xllcorner     100.000000
yllcorner     100.000000
cellsize      50.000000
NODATA_value  -9999.0
0.000000 0.000000 0.000000 0.000000 0.000000 0.000000 0.000000 0.000000 0.000000 0.000000 0.000000 0.000000 0.000000 0.000000 0.000000 0.000000 0.000000 0.000000 0.000000 0.000000 0.000000
0.000000 0.000000 0.349900 0.349900 0.349900 0.349900 0.349900 0.349900 0.349900 0.349900 0.349900 0.349900 0.349900 0.349900 0.349900 0.349900 0.349900 0.349900 0.349900 0.000000 0.000000
0.000000 0.000000 0.349994 0.349994 0.349993 0.349994 0.349994 0.349994 0.349994 0.349994 0.349994 0.349994 0.349994 0.349994 0.349994 0.349994 0.349993 0.349994 0.349994 0.000000 0.000000
0.000000 0.000000 0.350659 0.350659 0.350657 0.350658 0.350659 0.350659 0.350659 0.350659 0.350659 0.350659 0.350659 0.350659 0.350659 0.350658 0.350657 0.350659 0.350659 0.000000 0.000000
0.000000 0.000000 0.353418 0.353418 0.353416 0.353416 0.353419 0.353418 0.353418 0.353420 0.353420 0.353420 0.353418 0.353418 0.353419 0.353416 0.353416 0.353418 0.353418 0.000000 0.000000
0.000000 0.000000 0.356574 0.356574 0.356572 0.356572 0.356575 0.356574 0.356574 0.356575 0.356575 0.356575 0.356574 0.356574 0.356575 0.356572 0.356572 0.356574 0.356574 0.000000 0.000000
0.000000 0.000000 0.359566 0.359566 0.359564 0.359565 0.359567 0.359566 0.359566 0.359567 0.359567 0.359567 0.359566 0.359566 0.359567 0.359565 0.359564 0.359566 0.359566 0.000000 0.000000
0.000000 0.000000 0.362323 0.362323 0.362322 0.362322 0.362324 0.362323 0.362323 0.362324 0.362324 0.362324 0.362323 0.362323 0.362324 0.362322 0.362322 0.362323 0.362323 0.000000 0.000000
0.000000 0.000000 0.364905 0.364905 0.364904 0.364904 0.364906 0.364905 0.364905 0.364906 0.364906 0.364906 0.364905 0.364905 0.364906 0.364904 0.364904 0.364905 0.364905 0.000000 0.000000
0.000000 0.000000 0.367374 0.367374 0.367372 0.367373 0.367374 0.367374 0.367374 0.367375 0.367375 0.367375 0.367374 0.367374 0.367374 0.367373 0.367372 0.367374 0.367374 0.000000 0.000000
0.000000 0.000000 0.369755 0.369755 0.369754 0.369754 0.369756 0.369755 0.369755 0.369756 0.369756 0.369756 0.369755 0.369755 0.369756 0.369754 0.369754 0.369755 0.369755 0.000000 0.000000
0.000000 0.000000 0.372072 0.372071 0.372070 0.372070 0.372072 0.372071 0.372072 0.372072 0.372072 0.372072 0.372072 0.372071 0.372072 0.372070 0.372070 0.372071 0.372072 0.000000 0.000000
0.000000 0.000000 0.374339 0.374338 0.374337 0.374337 0.374339 0.374338 0.374338 0.374339 0.374339 0.374339 0.374338 0.374338 0.374339 0.374337 0.374337 0.374338 0.374339 0.000000 0.000000
0.000000 0.000000 0.376560 0.376560 0.376559 0.376559 0.376560 0.376560 0.376560 0.376560 0.376561 0.376560 0.376560 0.376560 0.376560 0.376559 0.376559 0.376560 0.376560 0.000000 0.000000
0.000000 0.000000 0.378747 0.378746 0.378745 0.378745 0.378747 0.378746 0.378746 0.378747 0.378747 0.378747 0.378746 0.378746 0.378747 0.378745 0.378745 0.378746 0.378747 0.000000 0.000000
0.000000 0.000000 0.380905 0.380904 0.380903 0.380904 0.380905 0.380904 0.380905 0.380905 0.380905 0.380905 0.380905 0.380904 0.380905 0.380904 0.380903 0.380904 0.380905 0.000000 0.000000
0.000000 0.000000 0.383033 0.383033 0.383032 0.383032 0.383034 0.383033 0.383033 0.383034 0.383034 0.383034 0.383033 0.383033 0.383034 0.383032 0.383032 0.383033 0.383033 0.000000 0.000000
0.000000 0.000000 0.385172 0.385172 0.385171 0.385171 0.385173 0.385172 0.385172 0.385173 0.385173 0.385173 0.385172 0.385172 0.385173 0.385171 0.385171 0.385172 0.385173 0.000000 0.000000
0.000000 0.000000 0.350000 0.350000 0.350000 0.350000 0.350000 0.350000 0.350000 0.350000 0.350000 0.350000 0.350000 0.350000 0.350000 0.350000 0.350000 0.350000 0.350000 0.000000 0.000000
0.000000 0.000000 0.000000 0.000000 0.000000 0.000000 0.000000 0.000000 0.000000 0.000000 0.000000 0.000000 0.000000 0.000000 0.000000 0.000000 0.000000 0.000000 0.000000 0.000000 0.000000