geotop/1.0zi/1.0Montebello/Templates/testdem/maps/_Eocclay8866.asc
ncols         21
nrows         20
xllcorner     100.000000
yllcorner     100.000000
cellsize      50.000000
NODATA_value  -9999.0
0.000000 0.000000 0.000000 0.000000 0.000000 0.000000 0.000000 0.000000 0.000000 0.000000 0.000000 0.000000 0.000000 0.000000 0.000000 0.000000 0.000000 0.000000 0.000000 0.000000 0.000000
0.000000 0.000000 0.349586 0.349588 0.349588 0.349587 0.349589 0.349589 0.349588 0.349588 0.349587 0.349589 0.349588 0.349588 0.349589 0.349588 0.349586 0.349587 0.349587 0.000000 0.000000
0.000000 0.000000 0.349983 0.349982 0.349982 0.349984 0.349981 0.349981 0.349982 0.349981 0.349981 0.349981 0.349982 0.349981 0.349982 0.349982 0.349983 0.349983 0.349981 0.000000 0.000000
0.000000 0.000000 0.350023 0.350027 0.350026 0.350023 0.350024 0.350025 0.350028 0.350026 0.350029 0.350027 0.350028 0.350026 0.350028 0.350030 0.350028 0.350027 0.350025 0.000000 0.000000
0.000000 0.000000 0.351206 0.351200 0.351196 0.351186 0.351169 0.351168 0.351165 0.351166 0.351164 0.351166 0.351165 0.351167 0.351176 0.351180 0.351191 0.351191 0.351201 0.000000 0.000000
0.000000 0.000000 0.354543 0.354539 0.354521 0.354491 0.354467 0.354443 0.354447 0.354440 0.354445 0.354444 0.354450 0.354449 0.354462 0.354487 0.354500 0.354509 0.354515 0.000000 0.000000
0.000000 0.000000 0.359040 0.359032 0.359022 0.358994 0.358960 0.358911 0.358913 0.358908 0.358908 0.358910 0.358910 0.358911 0.358952 0.358982 0.358999 0.359009 0.359016 0.000000 0.000000
0.000000 0.000000 0.364373 0.364364 0.364355 0.364319 0.364284 0.364240 0.364242 0.364237 0.364237 0.364234 0.364232 0.364242 0.364279 0.364309 0.364337 0.364342 0.364356 0.000000 0.000000
0.000000 0.000000 0.370112 0.370101 0.370086 0.370062 0.370022 0.369974 0.369980 0.369969 0.369966 0.369965 0.369966 0.369965 0.370015 0.370052 0.370073 0.370078 0.370091 0.000000 0.000000
0.000000 0.000000 0.376323 0.376306 0.376298 0.376273 0.376216 0.376173 0.376176 0.376169 0.376163 0.376168 0.376174 0.376172 0.376213 0.376260 0.376285 0.376291 0.376297 0.000000 0.000000
0.000000 0.000000 0.383230 0.383220 0.383210 0.383154 0.383118 0.383061 0.383078 0.383044 0.383051 0.383048 0.383037 0.383057 0.383099 0.383128 0.383163 0.383175 0.383202 0.000000 0.000000
0.000000 0.000000 0.391073 0.391050 0.391022 0.390992 0.390942 0.390875 0.390875 0.390871 0.390885 0.390859 0.390871 0.390871 0.390945 0.390985 0.391003 0.391011 0.391072 0.000000 0.000000
0.000000 0.000000 0.399742 0.399716 0.399714 0.399655 0.399614 0.399415 0.399416 0.399407 0.399347 0.399383 0.399391 0.399410 0.399565 0.399602 0.399675 0.399674 0.399699 0.000000 0.000000
0.000000 0.000000 0.410242 0.410235 0.410188 0.410151 0.409877 0.409935 0.409884 0.409886 0.409914 0.409888 0.409883 0.409861 0.409811 0.410104 0.410128 0.410192 0.410239 0.000000 0.000000
0.000000 0.000000 0.422787 0.422754 0.422699 0.422338 0.422423 0.422235 0.422170 0.422152 0.422084 0.422049 0.422090 0.422087 0.422269 0.422202 0.422676 0.422571 0.422567 0.000000 0.000000
0.000000 0.000000 0.436199 0.436174 0.435664 0.435873 0.435813 0.435808 0.436028 0.435967 0.436082 0.436054 0.435963 0.436090 0.436061 0.436114 0.435623 0.436380 0.436366 0.000000 0.000000
0.000000 0.000000 0.451811 0.451099 0.451344 0.451032 0.450678 0.450575 0.450344 0.450401 0.450166 0.450194 0.450333 0.450188 0.450378 0.450640 0.451323 0.450784 0.451522 0.000000 0.000000
0.000000 0.000000 0.455896 0.456534 0.457050 0.457058 0.457109 0.456607 0.456714 0.456561 0.456825 0.456773 0.456727 0.456818 0.457228 0.457194 0.457144 0.456758 0.456127 0.000000 0.000000
0.000000 0.000000 0.350000 0.350000 0.350000 0.350000 0.350000 0.350000 0.350000 0.350000 0.350000 0.350000 0.350000 0.350000 0.350000 0.350000 0.350000 0.350000 0.350000 0.000000 0.000000
0.000000 0.000000 0.000000 0.000000 0.000000 0.000000 0.000000 0.000000 0.000000 0.000000 0.000000 0.000000 0.000000 0.000000 0.000000 0.000000 0.000000 0.000000 0.000000 0.000000 0.000000