geotop/1.0zi/1.0Montebello/Templates/testdem/maps/_Eocclay3202.asc
ncols         21
nrows         20
xllcorner     100.000000
yllcorner     100.000000
cellsize      50.000000
NODATA_value  -9999.0
0.000000 0.000000 0.000000 0.000000 0.000000 0.000000 0.000000 0.000000 0.000000 0.000000 0.000000 0.000000 0.000000 0.000000 0.000000 0.000000 0.000000 0.000000 0.000000 0.000000 0.000000
0.000000 0.000000 0.349824 0.349824 0.349824 0.349823 0.349824 0.349824 0.349824 0.349824 0.349823 0.349824 0.349824 0.349824 0.349824 0.349823 0.349824 0.349824 0.349824 0.000000 0.000000
0.000000 0.000000 0.349995 0.349995 0.349995 0.349995 0.349995 0.349995 0.349995 0.349995 0.349996 0.349995 0.349995 0.349995 0.349995 0.349995 0.349995 0.349995 0.349995 0.000000 0.000000
0.000000 0.000000 0.351261 0.351261 0.351259 0.351260 0.351261 0.351261 0.351261 0.351261 0.351261 0.351261 0.351261 0.351261 0.351261 0.351260 0.351259 0.351261 0.351261 0.000000 0.000000
0.000000 0.000000 0.356272 0.356271 0.356269 0.356269 0.356272 0.356271 0.356271 0.356273 0.356273 0.356273 0.356271 0.356271 0.356272 0.356269 0.356269 0.356271 0.356272 0.000000 0.000000
0.000000 0.000000 0.361793 0.361792 0.361790 0.361790 0.361793 0.361792 0.361792 0.361793 0.361794 0.361793 0.361792 0.361792 0.361793 0.361790 0.361790 0.361792 0.361793 0.000000 0.000000
0.000000 0.000000 0.366951 0.366951 0.366949 0.366950 0.366951 0.366951 0.366951 0.366952 0.366952 0.366952 0.366951 0.366951 0.366951 0.366950 0.366949 0.366951 0.366951 0.000000 0.000000
0.000000 0.000000 0.371645 0.371645 0.371644 0.371644 0.371645 0.371645 0.371645 0.371646 0.371646 0.371646 0.371645 0.371645 0.371645 0.371644 0.371644 0.371645 0.371645 0.000000 0.000000
0.000000 0.000000 0.375987 0.375987 0.375986 0.375986 0.375987 0.375987 0.375987 0.375988 0.375988 0.375988 0.375987 0.375987 0.375987 0.375986 0.375986 0.375987 0.375987 0.000000 0.000000
0.000000 0.000000 0.380080 0.380079 0.380078 0.380078 0.380080 0.380079 0.380079 0.380080 0.380080 0.380080 0.380079 0.380079 0.380080 0.380078 0.380078 0.380079 0.380080 0.000000 0.000000
0.000000 0.000000 0.383972 0.383972 0.383970 0.383971 0.383972 0.383972 0.383972 0.383972 0.383973 0.383972 0.383972 0.383972 0.383972 0.383971 0.383970 0.383972 0.383972 0.000000 0.000000
0.000000 0.000000 0.387701 0.387701 0.387700 0.387700 0.387702 0.387701 0.387701 0.387702 0.387702 0.387702 0.387701 0.387701 0.387702 0.387700 0.387700 0.387701 0.387701 0.000000 0.000000
0.000000 0.000000 0.391295 0.391294 0.391293 0.391293 0.391295 0.391294 0.391294 0.391295 0.391295 0.391295 0.391294 0.391294 0.391295 0.391293 0.391293 0.391294 0.391295 0.000000 0.000000
0.000000 0.000000 0.394782 0.394781 0.394780 0.394781 0.394782 0.394781 0.394781 0.394782 0.394782 0.394782 0.394781 0.394781 0.394782 0.394781 0.394780 0.394781 0.394782 0.000000 0.000000
0.000000 0.000000 0.398170 0.398170 0.398169 0.398169 0.398170 0.398170 0.398170 0.398171 0.398171 0.398171 0.398170 0.398170 0.398170 0.398169 0.398169 0.398170 0.398170 0.000000 0.000000
0.000000 0.000000 0.401467 0.401466 0.401465 0.401466 0.401467 0.401466 0.401466 0.401467 0.401467 0.401467 0.401466 0.401466 0.401467 0.401466 0.401465 0.401466 0.401467 0.000000 0.000000
0.000000 0.000000 0.404681 0.404681 0.404679 0.404680 0.404681 0.404681 0.404681 0.404681 0.404681 0.404681 0.404681 0.404681 0.404681 0.404680 0.404679 0.404681 0.404681 0.000000 0.000000
0.000000 0.000000 0.407880 0.407880 0.407879 0.407879 0.407881 0.407880 0.407880 0.407881 0.407881 0.407881 0.407880 0.407880 0.407881 0.407879 0.407879 0.407880 0.407880 0.000000 0.000000
0.000000 0.000000 0.350000 0.350000 0.350000 0.350000 0.350000 0.350000 0.350000 0.350000 0.350000 0.350000 0.350000 0.350000 0.350000 0.350000 0.350000 0.350000 0.350000 0.000000 0.000000
0.000000 0.000000 0.000000 0.000000 0.000000 0.000000 0.000000 0.000000 0.000000 0.000000 0.000000 0.000000 0.000000 0.000000 0.000000 0.000000 0.000000 0.000000 0.000000 0.000000 0.000000