geotop/1.0zi/1.0Montebello/Templates/testdem/maps/_Eocclay8299.asc
ncols         21
nrows         20
xllcorner     100.000000
yllcorner     100.000000
cellsize      50.000000
NODATA_value  -9999.0
0.000000 0.000000 0.000000 0.000000 0.000000 0.000000 0.000000 0.000000 0.000000 0.000000 0.000000 0.000000 0.000000 0.000000 0.000000 0.000000 0.000000 0.000000 0.000000 0.000000 0.000000
0.000000 0.000000 0.349620 0.349622 0.349621 0.349620 0.349622 0.349622 0.349622 0.349622 0.349621 0.349622 0.349622 0.349622 0.349622 0.349622 0.349620 0.349620 0.349621 0.000000 0.000000
0.000000 0.000000 0.349984 0.349983 0.349983 0.349985 0.349983 0.349982 0.349983 0.349983 0.349982 0.349982 0.349983 0.349982 0.349983 0.349984 0.349984 0.349983 0.349982 0.000000 0.000000
0.000000 0.000000 0.350004 0.350009 0.350006 0.350004 0.350007 0.350004 0.350006 0.350004 0.350007 0.350005 0.350005 0.350003 0.350005 0.350007 0.350006 0.350009 0.350006 0.000000 0.000000
0.000000 0.000000 0.351015 0.351012 0.351010 0.351005 0.350990 0.350988 0.350984 0.350987 0.350983 0.350984 0.350980 0.350984 0.350994 0.350996 0.351005 0.351008 0.351016 0.000000 0.000000
0.000000 0.000000 0.354000 0.353998 0.353985 0.353956 0.353941 0.353915 0.353917 0.353910 0.353914 0.353912 0.353915 0.353917 0.353928 0.353949 0.353964 0.353979 0.353984 0.000000 0.000000
0.000000 0.000000 0.358033 0.358029 0.358021 0.357996 0.357964 0.357925 0.357923 0.357917 0.357919 0.357919 0.357919 0.357920 0.357955 0.357985 0.358003 0.358016 0.358024 0.000000 0.000000
0.000000 0.000000 0.362824 0.362822 0.362814 0.362783 0.362752 0.362708 0.362707 0.362703 0.362703 0.362700 0.362697 0.362706 0.362743 0.362770 0.362797 0.362807 0.362820 0.000000 0.000000
0.000000 0.000000 0.367926 0.367919 0.367904 0.367885 0.367852 0.367807 0.367809 0.367799 0.367797 0.367795 0.367796 0.367795 0.367838 0.367874 0.367895 0.367906 0.367916 0.000000 0.000000
0.000000 0.000000 0.373354 0.373344 0.373338 0.373318 0.373268 0.373227 0.373227 0.373222 0.373216 0.373219 0.373225 0.373223 0.373260 0.373302 0.373328 0.373337 0.373345 0.000000 0.000000
0.000000 0.000000 0.379297 0.379291 0.379281 0.379240 0.379205 0.379156 0.379165 0.379139 0.379143 0.379142 0.379132 0.379150 0.379184 0.379210 0.379244 0.379262 0.379284 0.000000 0.000000
0.000000 0.000000 0.385919 0.385902 0.385882 0.385855 0.385816 0.385754 0.385749 0.385743 0.385757 0.385735 0.385741 0.385744 0.385808 0.385841 0.385864 0.385877 0.385932 0.000000 0.000000
0.000000 0.000000 0.393117 0.393101 0.393094 0.393054 0.393019 0.392857 0.392854 0.392844 0.392802 0.392825 0.392834 0.392849 0.392972 0.393006 0.393067 0.393076 0.393101 0.000000 0.000000
0.000000 0.000000 0.401612 0.401607 0.401574 0.401546 0.401340 0.401358 0.401315 0.401316 0.401330 0.401317 0.401311 0.401301 0.401280 0.401495 0.401529 0.401587 0.401626 0.000000 0.000000
0.000000 0.000000 0.411680 0.411662 0.411621 0.411358 0.411384 0.411252 0.411192 0.411178 0.411133 0.411103 0.411132 0.411127 0.411255 0.411244 0.411594 0.411542 0.411547 0.000000 0.000000
0.000000 0.000000 0.422747 0.422731 0.422348 0.422459 0.422430 0.422396 0.422541 0.422497 0.422574 0.422547 0.422483 0.422579 0.422583 0.422606 0.422317 0.422877 0.422868 0.000000 0.000000
0.000000 0.000000 0.436519 0.435913 0.436051 0.435822 0.435519 0.435430 0.435259 0.435300 0.435117 0.435134 0.435238 0.435135 0.435288 0.435513 0.436033 0.435690 0.436322 0.000000 0.000000
0.000000 0.000000 0.441266 0.441849 0.442362 0.442373 0.442408 0.441915 0.442001 0.441855 0.442096 0.442048 0.442009 0.442093 0.442500 0.442475 0.442460 0.442069 0.441497 0.000000 0.000000
0.000000 0.000000 0.350000 0.350000 0.350000 0.350000 0.350000 0.350000 0.350000 0.350000 0.350000 0.350000 0.350000 0.350000 0.350000 0.350000 0.350000 0.350000 0.350000 0.000000 0.000000
0.000000 0.000000 0.000000 0.000000 0.000000 0.000000 0.000000 0.000000 0.000000 0.000000 0.000000 0.000000 0.000000 0.000000 0.000000 0.000000 0.000000 0.000000 0.000000 0.000000 0.000000