geotop/1.0zi/1.0Montebello/Templates/testdem/maps/_Eocsilt9544.asc
ncols         21
nrows         20
xllcorner     100.000000
yllcorner     100.000000
cellsize      50.000000
NODATA_value  -9999.0
0.000000 0.000000 0.000000 0.000000 0.000000 0.000000 0.000000 0.000000 0.000000 0.000000 0.000000 0.000000 0.000000 0.000000 0.000000 0.000000 0.000000 0.000000 0.000000 0.000000 0.000000
0.000000 0.000000 0.350204 0.350204 0.350204 0.350204 0.350203 0.350203 0.350204 0.350203 0.350204 0.350203 0.350203 0.350203 0.350203 0.350204 0.350204 0.350204 0.350204 0.000000 0.000000
0.000000 0.000000 0.350008 0.350008 0.350008 0.350007 0.350008 0.350008 0.350008 0.350008 0.350008 0.350008 0.350009 0.350009 0.350008 0.350007 0.350006 0.350006 0.350007 0.000000 0.000000
0.000000 0.000000 0.350146 0.350143 0.350137 0.350132 0.350132 0.350126 0.350130 0.350130 0.350127 0.350131 0.350132 0.350131 0.350134 0.350138 0.350143 0.350144 0.350146 0.000000 0.000000
0.000000 0.000000 0.351429 0.351434 0.351423 0.351407 0.351396 0.351390 0.351393 0.351391 0.351391 0.351394 0.351398 0.351397 0.351411 0.351418 0.351421 0.351428 0.351431 0.000000 0.000000
0.000000 0.000000 0.354958 0.354953 0.354938 0.354917 0.354886 0.354862 0.354860 0.354854 0.354858 0.354859 0.354864 0.354862 0.354877 0.354899 0.354910 0.354917 0.354925 0.000000 0.000000
0.000000 0.000000 0.359938 0.359929 0.359912 0.359879 0.359838 0.359786 0.359791 0.359788 0.359786 0.359786 0.359785 0.359790 0.359830 0.359861 0.359881 0.359897 0.359904 0.000000 0.000000
0.000000 0.000000 0.365837 0.365827 0.365814 0.365777 0.365735 0.365688 0.365691 0.365685 0.365683 0.365681 0.365679 0.365688 0.365726 0.365762 0.365795 0.365800 0.365815 0.000000 0.000000
0.000000 0.000000 0.372320 0.372304 0.372282 0.372255 0.372206 0.372148 0.372155 0.372144 0.372139 0.372138 0.372141 0.372140 0.372195 0.372237 0.372262 0.372273 0.372287 0.000000 0.000000
0.000000 0.000000 0.379413 0.379394 0.379377 0.379347 0.379283 0.379229 0.379233 0.379225 0.379216 0.379222 0.379230 0.379228 0.379272 0.379326 0.379356 0.379367 0.379374 0.000000 0.000000
0.000000 0.000000 0.387398 0.387385 0.387370 0.387299 0.387258 0.387187 0.387206 0.387169 0.387175 0.387171 0.387159 0.387182 0.387230 0.387264 0.387305 0.387323 0.387356 0.000000 0.000000
0.000000 0.000000 0.396642 0.396611 0.396569 0.396536 0.396474 0.396386 0.396389 0.396384 0.396400 0.396368 0.396386 0.396384 0.396471 0.396521 0.396543 0.396557 0.396627 0.000000 0.000000
0.000000 0.000000 0.406990 0.406963 0.406954 0.406875 0.406824 0.406570 0.406572 0.406560 0.406479 0.406529 0.406539 0.406563 0.406752 0.406798 0.406889 0.406896 0.406918 0.000000 0.000000
0.000000 0.000000 0.419691 0.419683 0.419610 0.419566 0.419210 0.419314 0.419248 0.419251 0.419297 0.419255 0.419249 0.419218 0.419120 0.419504 0.419523 0.419614 0.419670 0.000000 0.000000
0.000000 0.000000 0.434291 0.434250 0.434181 0.433730 0.433889 0.433618 0.433552 0.433527 0.433431 0.433394 0.433449 0.433453 0.433701 0.433554 0.434146 0.434013 0.433997 0.000000 0.000000
0.000000 0.000000 0.447905 0.447881 0.447361 0.447619 0.447526 0.447541 0.447771 0.447711 0.447834 0.447813 0.447718 0.447844 0.447784 0.447864 0.447300 0.448091 0.448080 0.000000 0.000000
0.000000 0.000000 0.460021 0.459606 0.459719 0.459540 0.459323 0.459252 0.459120 0.459151 0.459011 0.459028 0.459109 0.459027 0.459144 0.459306 0.459693 0.459414 0.459847 0.000000 0.000000
0.000000 0.000000 0.465007 0.465035 0.465284 0.465196 0.465112 0.464895 0.464875 0.464832 0.464866 0.464854 0.464874 0.464871 0.465069 0.465132 0.465298 0.465018 0.464995 0.000000 0.000000
0.000000 0.000000 0.350000 0.350000 0.350000 0.350000 0.350000 0.350000 0.350000 0.350000 0.350000 0.350000 0.350000 0.350000 0.350000 0.350000 0.350000 0.350000 0.350000 0.000000 0.000000
0.000000 0.000000 0.000000 0.000000 0.000000 0.000000 0.000000 0.000000 0.000000 0.000000 0.000000 0.000000 0.000000 0.000000 0.000000 0.000000 0.000000 0.000000 0.000000 0.000000 0.000000