geotop/1.0zi/1.0Montebello/Templates/testdem/maps/_Eocclay1588.asc
ncols         21
nrows         20
xllcorner     100.000000
yllcorner     100.000000
cellsize      50.000000
NODATA_value  -9999.0
0.000000 0.000000 0.000000 0.000000 0.000000 0.000000 0.000000 0.000000 0.000000 0.000000 0.000000 0.000000 0.000000 0.000000 0.000000 0.000000 0.000000 0.000000 0.000000 0.000000 0.000000
0.000000 0.000000 0.349915 0.349915 0.349915 0.349915 0.349915 0.349915 0.349915 0.349915 0.349915 0.349915 0.349915 0.349915 0.349915 0.349915 0.349915 0.349915 0.349915 0.000000 0.000000
0.000000 0.000000 0.349993 0.349993 0.349993 0.349993 0.349993 0.349993 0.349993 0.349993 0.349993 0.349993 0.349993 0.349993 0.349993 0.349993 0.349993 0.349993 0.349993 0.000000 0.000000
0.000000 0.000000 0.350617 0.350617 0.350615 0.350616 0.350617 0.350617 0.350617 0.350617 0.350617 0.350617 0.350617 0.350617 0.350617 0.350616 0.350615 0.350617 0.350617 0.000000 0.000000
0.000000 0.000000 0.353032 0.353031 0.353029 0.353030 0.353033 0.353032 0.353032 0.353033 0.353033 0.353033 0.353032 0.353032 0.353033 0.353030 0.353029 0.353031 0.353032 0.000000 0.000000
0.000000 0.000000 0.355731 0.355731 0.355729 0.355729 0.355732 0.355731 0.355731 0.355732 0.355732 0.355732 0.355731 0.355731 0.355732 0.355729 0.355729 0.355731 0.355731 0.000000 0.000000
0.000000 0.000000 0.358292 0.358292 0.358290 0.358291 0.358293 0.358292 0.358292 0.358293 0.358293 0.358293 0.358292 0.358292 0.358293 0.358291 0.358290 0.358292 0.358292 0.000000 0.000000
0.000000 0.000000 0.360649 0.360649 0.360648 0.360648 0.360650 0.360649 0.360649 0.360650 0.360650 0.360650 0.360649 0.360649 0.360650 0.360648 0.360648 0.360649 0.360649 0.000000 0.000000
0.000000 0.000000 0.362857 0.362857 0.362855 0.362856 0.362857 0.362857 0.362857 0.362857 0.362857 0.362857 0.362857 0.362857 0.362857 0.362856 0.362855 0.362857 0.362857 0.000000 0.000000
0.000000 0.000000 0.364970 0.364970 0.364968 0.364969 0.364970 0.364970 0.364970 0.364970 0.364970 0.364970 0.364970 0.364970 0.364970 0.364969 0.364968 0.364970 0.364970 0.000000 0.000000
0.000000 0.000000 0.367010 0.367010 0.367009 0.367009 0.367011 0.367010 0.367010 0.367011 0.367011 0.367011 0.367010 0.367010 0.367011 0.367009 0.367009 0.367010 0.367010 0.000000 0.000000
0.000000 0.000000 0.368998 0.368997 0.368996 0.368997 0.368998 0.368998 0.368998 0.368998 0.368998 0.368998 0.368998 0.368998 0.368998 0.368997 0.368996 0.368997 0.368998 0.000000 0.000000
0.000000 0.000000 0.370947 0.370947 0.370946 0.370946 0.370948 0.370948 0.370948 0.370948 0.370948 0.370948 0.370948 0.370948 0.370948 0.370946 0.370946 0.370947 0.370947 0.000000 0.000000
0.000000 0.000000 0.372859 0.372859 0.372858 0.372858 0.372860 0.372859 0.372859 0.372860 0.372860 0.372860 0.372859 0.372859 0.372860 0.372858 0.372858 0.372859 0.372859 0.000000 0.000000
0.000000 0.000000 0.374742 0.374741 0.374740 0.374741 0.374742 0.374742 0.374742 0.374742 0.374742 0.374742 0.374742 0.374742 0.374742 0.374741 0.374740 0.374741 0.374742 0.000000 0.000000
0.000000 0.000000 0.376602 0.376602 0.376601 0.376601 0.376603 0.376602 0.376602 0.376603 0.376602 0.376603 0.376602 0.376602 0.376603 0.376601 0.376601 0.376602 0.376602 0.000000 0.000000
0.000000 0.000000 0.378441 0.378441 0.378439 0.378440 0.378441 0.378441 0.378441 0.378441 0.378441 0.378441 0.378441 0.378441 0.378441 0.378440 0.378439 0.378441 0.378441 0.000000 0.000000
0.000000 0.000000 0.380298 0.380298 0.380297 0.380297 0.380299 0.380298 0.380298 0.380299 0.380299 0.380299 0.380298 0.380298 0.380299 0.380297 0.380297 0.380298 0.380298 0.000000 0.000000
0.000000 0.000000 0.350000 0.350000 0.350000 0.350000 0.350000 0.350000 0.350000 0.350000 0.350000 0.350000 0.350000 0.350000 0.350000 0.350000 0.350000 0.350000 0.350000 0.000000 0.000000
0.000000 0.000000 0.000000 0.000000 0.000000 0.000000 0.000000 0.000000 0.000000 0.000000 0.000000 0.000000 0.000000 0.000000 0.000000 0.000000 0.000000 0.000000 0.000000 0.000000 0.000000