geotop/1.0zi/1.0Montebello/Templates/testdem/maps/_Eocsilt3222.asc
ncols         21
nrows         20
xllcorner     100.000000
yllcorner     100.000000
cellsize      50.000000
NODATA_value  -9999.0
0.000000 0.000000 0.000000 0.000000 0.000000 0.000000 0.000000 0.000000 0.000000 0.000000 0.000000 0.000000 0.000000 0.000000 0.000000 0.000000 0.000000 0.000000 0.000000 0.000000 0.000000
0.000000 0.000000 0.350088 0.350088 0.350088 0.350088 0.350088 0.350088 0.350088 0.350088 0.350088 0.350088 0.350088 0.350088 0.350088 0.350088 0.350088 0.350088 0.350088 0.000000 0.000000
0.000000 0.000000 0.349994 0.349994 0.349994 0.349994 0.349994 0.349994 0.349994 0.349994 0.349995 0.349994 0.349994 0.349994 0.349994 0.349994 0.349994 0.349994 0.349994 0.000000 0.000000
0.000000 0.000000 0.351307 0.351306 0.351304 0.351305 0.351307 0.351307 0.351307 0.351307 0.351308 0.351307 0.351307 0.351307 0.351307 0.351305 0.351304 0.351306 0.351307 0.000000 0.000000
0.000000 0.000000 0.355922 0.355922 0.355920 0.355920 0.355922 0.355921 0.355922 0.355923 0.355923 0.355923 0.355922 0.355921 0.355922 0.355920 0.355920 0.355922 0.355922 0.000000 0.000000
0.000000 0.000000 0.361541 0.361540 0.361539 0.361539 0.361541 0.361540 0.361540 0.361541 0.361542 0.361541 0.361540 0.361540 0.361541 0.361539 0.361539 0.361540 0.361541 0.000000 0.000000
0.000000 0.000000 0.366628 0.366628 0.366626 0.366626 0.366628 0.366628 0.366628 0.366628 0.366629 0.366628 0.366628 0.366628 0.366628 0.366626 0.366626 0.366628 0.366628 0.000000 0.000000
0.000000 0.000000 0.371228 0.371227 0.371226 0.371226 0.371228 0.371227 0.371227 0.371228 0.371228 0.371228 0.371227 0.371227 0.371228 0.371226 0.371226 0.371227 0.371228 0.000000 0.000000
0.000000 0.000000 0.375475 0.375475 0.375474 0.375474 0.375475 0.375475 0.375475 0.375475 0.375476 0.375475 0.375475 0.375475 0.375475 0.375474 0.375474 0.375475 0.375475 0.000000 0.000000
0.000000 0.000000 0.379473 0.379472 0.379471 0.379471 0.379473 0.379472 0.379472 0.379473 0.379473 0.379473 0.379472 0.379472 0.379473 0.379471 0.379471 0.379472 0.379473 0.000000 0.000000
0.000000 0.000000 0.383270 0.383269 0.383268 0.383268 0.383270 0.383269 0.383269 0.383270 0.383270 0.383270 0.383269 0.383269 0.383270 0.383268 0.383268 0.383269 0.383270 0.000000 0.000000
0.000000 0.000000 0.386903 0.386903 0.386901 0.386902 0.386903 0.386902 0.386902 0.386903 0.386903 0.386903 0.386902 0.386902 0.386903 0.386902 0.386901 0.386903 0.386903 0.000000 0.000000
0.000000 0.000000 0.390398 0.390398 0.390397 0.390397 0.390398 0.390398 0.390398 0.390398 0.390399 0.390398 0.390398 0.390398 0.390398 0.390397 0.390397 0.390398 0.390398 0.000000 0.000000
0.000000 0.000000 0.393786 0.393785 0.393784 0.393785 0.393786 0.393785 0.393786 0.393786 0.393786 0.393786 0.393786 0.393785 0.393786 0.393785 0.393784 0.393785 0.393786 0.000000 0.000000
0.000000 0.000000 0.397073 0.397073 0.397071 0.397072 0.397073 0.397072 0.397073 0.397073 0.397073 0.397073 0.397073 0.397072 0.397073 0.397072 0.397071 0.397073 0.397073 0.000000 0.000000
0.000000 0.000000 0.400265 0.400265 0.400264 0.400264 0.400266 0.400265 0.400265 0.400266 0.400266 0.400266 0.400265 0.400265 0.400266 0.400264 0.400264 0.400265 0.400265 0.000000 0.000000
0.000000 0.000000 0.403374 0.403374 0.403373 0.403373 0.403374 0.403374 0.403374 0.403374 0.403374 0.403374 0.403374 0.403374 0.403374 0.403373 0.403373 0.403374 0.403374 0.000000 0.000000
0.000000 0.000000 0.406459 0.406459 0.406458 0.406458 0.406459 0.406459 0.406459 0.406460 0.406460 0.406460 0.406459 0.406459 0.406459 0.406458 0.406458 0.406459 0.406459 0.000000 0.000000
0.000000 0.000000 0.350000 0.350000 0.350000 0.350000 0.350000 0.350000 0.350000 0.350000 0.350000 0.350000 0.350000 0.350000 0.350000 0.350000 0.350000 0.350000 0.350000 0.000000 0.000000
0.000000 0.000000 0.000000 0.000000 0.000000 0.000000 0.000000 0.000000 0.000000 0.000000 0.000000 0.000000 0.000000 0.000000 0.000000 0.000000 0.000000 0.000000 0.000000 0.000000 0.000000