geotop/1.0zi/1.0Montebello/Templates/testdem/maps/_Eocclay8361.asc
ncols         21
nrows         20
xllcorner     100.000000
yllcorner     100.000000
cellsize      50.000000
NODATA_value  -9999.0
0.000000 0.000000 0.000000 0.000000 0.000000 0.000000 0.000000 0.000000 0.000000 0.000000 0.000000 0.000000 0.000000 0.000000 0.000000 0.000000 0.000000 0.000000 0.000000 0.000000 0.000000
0.000000 0.000000 0.349618 0.349620 0.349620 0.349619 0.349621 0.349621 0.349621 0.349621 0.349620 0.349621 0.349621 0.349621 0.349621 0.349621 0.349619 0.349619 0.349620 0.000000 0.000000
0.000000 0.000000 0.349984 0.349983 0.349983 0.349985 0.349983 0.349982 0.349983 0.349982 0.349982 0.349982 0.349983 0.349982 0.349983 0.349983 0.349984 0.349983 0.349982 0.000000 0.000000
0.000000 0.000000 0.350004 0.350009 0.350006 0.350004 0.350007 0.350004 0.350006 0.350004 0.350007 0.350004 0.350005 0.350003 0.350005 0.350007 0.350006 0.350009 0.350006 0.000000 0.000000
0.000000 0.000000 0.351016 0.351013 0.351010 0.351006 0.350990 0.350988 0.350984 0.350987 0.350983 0.350985 0.350981 0.350985 0.350994 0.350996 0.351006 0.351009 0.351017 0.000000 0.000000
0.000000 0.000000 0.354006 0.354005 0.353991 0.353962 0.353947 0.353921 0.353923 0.353916 0.353920 0.353918 0.353921 0.353922 0.353934 0.353955 0.353970 0.353985 0.353991 0.000000 0.000000
0.000000 0.000000 0.358070 0.358067 0.358058 0.358034 0.358002 0.357962 0.357960 0.357954 0.357956 0.357956 0.357956 0.357958 0.357992 0.358023 0.358040 0.358054 0.358062 0.000000 0.000000
0.000000 0.000000 0.362901 0.362899 0.362890 0.362860 0.362829 0.362785 0.362784 0.362779 0.362779 0.362776 0.362773 0.362782 0.362819 0.362847 0.362874 0.362884 0.362896 0.000000 0.000000
0.000000 0.000000 0.368053 0.368046 0.368031 0.368012 0.367979 0.367934 0.367935 0.367926 0.367923 0.367921 0.367922 0.367921 0.367965 0.368001 0.368022 0.368033 0.368043 0.000000 0.000000
0.000000 0.000000 0.373542 0.373532 0.373525 0.373505 0.373456 0.373414 0.373414 0.373409 0.373403 0.373406 0.373412 0.373410 0.373447 0.373489 0.373515 0.373525 0.373533 0.000000 0.000000
0.000000 0.000000 0.379559 0.379553 0.379544 0.379502 0.379467 0.379417 0.379427 0.379401 0.379404 0.379403 0.379393 0.379411 0.379446 0.379472 0.379506 0.379525 0.379547 0.000000 0.000000
0.000000 0.000000 0.386275 0.386258 0.386238 0.386211 0.386171 0.386109 0.386103 0.386097 0.386111 0.386089 0.386095 0.386098 0.386163 0.386196 0.386220 0.386233 0.386288 0.000000 0.000000
0.000000 0.000000 0.393587 0.393570 0.393564 0.393523 0.393488 0.393323 0.393319 0.393310 0.393267 0.393290 0.393299 0.393314 0.393440 0.393474 0.393537 0.393545 0.393571 0.000000 0.000000
0.000000 0.000000 0.402232 0.402228 0.402193 0.402166 0.401955 0.401975 0.401930 0.401931 0.401946 0.401932 0.401926 0.401916 0.401894 0.402114 0.402148 0.402207 0.402246 0.000000 0.000000
0.000000 0.000000 0.412493 0.412474 0.412434 0.412163 0.412193 0.412057 0.411996 0.411981 0.411936 0.411904 0.411934 0.411929 0.412061 0.412048 0.412406 0.412352 0.412357 0.000000 0.000000
0.000000 0.000000 0.423769 0.423754 0.423361 0.423479 0.423447 0.423415 0.423564 0.423519 0.423598 0.423571 0.423505 0.423604 0.423606 0.423631 0.423330 0.423906 0.423896 0.000000 0.000000
0.000000 0.000000 0.437775 0.437156 0.437303 0.437067 0.436758 0.436664 0.436486 0.436529 0.436341 0.436358 0.436466 0.436359 0.436519 0.436749 0.437286 0.436927 0.437572 0.000000 0.000000
0.000000 0.000000 0.442495 0.443092 0.443610 0.443619 0.443657 0.443158 0.443247 0.443098 0.443345 0.443296 0.443255 0.443340 0.443753 0.443725 0.443709 0.443318 0.442732 0.000000 0.000000
0.000000 0.000000 0.350000 0.350000 0.350000 0.350000 0.350000 0.350000 0.350000 0.350000 0.350000 0.350000 0.350000 0.350000 0.350000 0.350000 0.350000 0.350000 0.350000 0.000000 0.000000
0.000000 0.000000 0.000000 0.000000 0.000000 0.000000 0.000000 0.000000 0.000000 0.000000 0.000000 0.000000 0.000000 0.000000 0.000000 0.000000 0.000000 0.000000 0.000000 0.000000 0.000000