geotop/1.0zi/1.0Montebello/Templates/testdem/maps/_Eocsand1432.asc
ncols         21
nrows         20
xllcorner     100.000000
yllcorner     100.000000
cellsize      50.000000
NODATA_value  -9999.0
0.000000 0.000000 0.000000 0.000000 0.000000 0.000000 0.000000 0.000000 0.000000 0.000000 0.000000 0.000000 0.000000 0.000000 0.000000 0.000000 0.000000 0.000000 0.000000 0.000000 0.000000
0.000000 0.000000 0.300044 0.300044 0.300044 0.300044 0.300044 0.300044 0.300044 0.300044 0.300044 0.300044 0.300044 0.300044 0.300044 0.300044 0.300044 0.300044 0.300044 0.000000 0.000000
0.000000 0.000000 0.300006 0.300007 0.300007 0.300006 0.300006 0.300006 0.300006 0.300006 0.300006 0.300006 0.300006 0.300006 0.300006 0.300006 0.300007 0.300007 0.300006 0.000000 0.000000
0.000000 0.000000 0.298814 0.298815 0.298820 0.298818 0.298814 0.298815 0.298815 0.298814 0.298814 0.298814 0.298815 0.298815 0.298814 0.298818 0.298820 0.298815 0.298814 0.000000 0.000000
0.000000 0.000000 0.294599 0.294601 0.294606 0.294605 0.294599 0.294600 0.294601 0.294598 0.294599 0.294598 0.294601 0.294600 0.294599 0.294605 0.294606 0.294601 0.294599 0.000000 0.000000
0.000000 0.000000 0.289693 0.289694 0.289698 0.289698 0.289692 0.289694 0.289694 0.289692 0.289693 0.289692 0.289694 0.289694 0.289692 0.289698 0.289698 0.289694 0.289693 0.000000 0.000000
0.000000 0.000000 0.285107 0.285108 0.285111 0.285110 0.285106 0.285107 0.285107 0.285106 0.285106 0.285106 0.285107 0.285107 0.285106 0.285110 0.285111 0.285108 0.285107 0.000000 0.000000
0.000000 0.000000 0.280888 0.280888 0.280892 0.280891 0.280887 0.280888 0.280888 0.280887 0.280887 0.280887 0.280888 0.280888 0.280887 0.280891 0.280892 0.280888 0.280888 0.000000 0.000000
0.000000 0.000000 0.276934 0.276934 0.276937 0.276936 0.276933 0.276934 0.276934 0.276933 0.276933 0.276933 0.276934 0.276934 0.276933 0.276936 0.276937 0.276934 0.276934 0.000000 0.000000
0.000000 0.000000 0.273146 0.273146 0.273149 0.273148 0.273145 0.273146 0.273146 0.273145 0.273145 0.273145 0.273146 0.273146 0.273145 0.273148 0.273149 0.273146 0.273146 0.000000 0.000000
0.000000 0.000000 0.269486 0.269487 0.269490 0.269489 0.269486 0.269487 0.269487 0.269486 0.269486 0.269486 0.269487 0.269487 0.269486 0.269489 0.269490 0.269487 0.269486 0.000000 0.000000
0.000000 0.000000 0.265920 0.265921 0.265924 0.265923 0.265920 0.265920 0.265920 0.265920 0.265920 0.265920 0.265920 0.265920 0.265920 0.265923 0.265924 0.265921 0.265920 0.000000 0.000000
0.000000 0.000000 0.262417 0.262418 0.262421 0.262420 0.262417 0.262418 0.262418 0.262417 0.262417 0.262417 0.262418 0.262418 0.262417 0.262420 0.262421 0.262418 0.262417 0.000000 0.000000
0.000000 0.000000 0.258978 0.258979 0.258982 0.258981 0.258978 0.258979 0.258979 0.258978 0.258978 0.258978 0.258979 0.258979 0.258978 0.258981 0.258982 0.258979 0.258978 0.000000 0.000000
0.000000 0.000000 0.255587 0.255588 0.255591 0.255590 0.255587 0.255588 0.255588 0.255587 0.255587 0.255587 0.255588 0.255588 0.255587 0.255590 0.255591 0.255588 0.255587 0.000000 0.000000
0.000000 0.000000 0.252231 0.252232 0.252234 0.252233 0.252231 0.252231 0.252231 0.252231 0.252231 0.252231 0.252231 0.252231 0.252231 0.252233 0.252234 0.252232 0.252231 0.000000 0.000000
0.000000 0.000000 0.248911 0.248912 0.248915 0.248914 0.248911 0.248912 0.248912 0.248911 0.248911 0.248911 0.248912 0.248912 0.248911 0.248914 0.248915 0.248912 0.248911 0.000000 0.000000
0.000000 0.000000 0.245544 0.245544 0.245547 0.245546 0.245543 0.245544 0.245544 0.245543 0.245543 0.245543 0.245544 0.245544 0.245543 0.245546 0.245547 0.245544 0.245544 0.000000 0.000000
0.000000 0.000000 0.300000 0.300000 0.300000 0.300000 0.300000 0.300000 0.300000 0.300000 0.300000 0.300000 0.300000 0.300000 0.300000 0.300000 0.300000 0.300000 0.300000 0.000000 0.000000
0.000000 0.000000 0.000000 0.000000 0.000000 0.000000 0.000000 0.000000 0.000000 0.000000 0.000000 0.000000 0.000000 0.000000 0.000000 0.000000 0.000000 0.000000 0.000000 0.000000 0.000000