geotop/1.0zi/1.0Montebello/Templates/testdem/maps/_Eocclay4598.asc
ncols         21
nrows         20
xllcorner     100.000000
yllcorner     100.000000
cellsize      50.000000
NODATA_value  -9999.0
0.000000 0.000000 0.000000 0.000000 0.000000 0.000000 0.000000 0.000000 0.000000 0.000000 0.000000 0.000000 0.000000 0.000000 0.000000 0.000000 0.000000 0.000000 0.000000 0.000000 0.000000
0.000000 0.000000 0.349798 0.349798 0.349799 0.349799 0.349799 0.349799 0.349798 0.349799 0.349799 0.349799 0.349799 0.349798 0.349799 0.349799 0.349798 0.349798 0.349798 0.000000 0.000000
0.000000 0.000000 0.349993 0.349993 0.349993 0.349993 0.349993 0.349993 0.349993 0.349993 0.349992 0.349992 0.349993 0.349993 0.349993 0.349993 0.349993 0.349993 0.349993 0.000000 0.000000
0.000000 0.000000 0.349994 0.349996 0.349994 0.349994 0.349996 0.349996 0.349996 0.349995 0.349995 0.349994 0.349994 0.349994 0.349996 0.349997 0.349996 0.349996 0.349995 0.000000 0.000000
0.000000 0.000000 0.350339 0.350338 0.350338 0.350332 0.350324 0.350322 0.350323 0.350322 0.350321 0.350324 0.350320 0.350321 0.350326 0.350325 0.350329 0.350331 0.350334 0.000000 0.000000
0.000000 0.000000 0.351597 0.351601 0.351595 0.351579 0.351575 0.351561 0.351560 0.351555 0.351560 0.351560 0.351564 0.351565 0.351566 0.351576 0.351581 0.351589 0.351594 0.000000 0.000000
0.000000 0.000000 0.353469 0.353465 0.353462 0.353450 0.353435 0.353414 0.353414 0.353409 0.353413 0.353413 0.353414 0.353415 0.353430 0.353446 0.353455 0.353462 0.353468 0.000000 0.000000
0.000000 0.000000 0.355617 0.355617 0.355615 0.355600 0.355586 0.355565 0.355566 0.355563 0.355564 0.355564 0.355561 0.355562 0.355580 0.355596 0.355605 0.355609 0.355616 0.000000 0.000000
0.000000 0.000000 0.357759 0.357756 0.357753 0.357742 0.357729 0.357708 0.357710 0.357705 0.357706 0.357707 0.357705 0.357705 0.357722 0.357740 0.357747 0.357751 0.357759 0.000000 0.000000
0.000000 0.000000 0.359905 0.359902 0.359900 0.359888 0.359871 0.359852 0.359855 0.359852 0.359852 0.359853 0.359850 0.359849 0.359868 0.359886 0.359894 0.359898 0.359904 0.000000 0.000000
0.000000 0.000000 0.362096 0.362093 0.362091 0.362083 0.362070 0.362046 0.362049 0.362043 0.362044 0.362045 0.362042 0.362042 0.362058 0.362072 0.362082 0.362086 0.362094 0.000000 0.000000
0.000000 0.000000 0.364364 0.364362 0.364357 0.364344 0.364331 0.364308 0.364308 0.364305 0.364305 0.364305 0.364303 0.364301 0.364323 0.364339 0.364348 0.364352 0.364376 0.000000 0.000000
0.000000 0.000000 0.366664 0.366661 0.366656 0.366647 0.366630 0.366583 0.366584 0.366580 0.366579 0.366581 0.366577 0.366578 0.366618 0.366638 0.366647 0.366651 0.366666 0.000000 0.000000
0.000000 0.000000 0.369103 0.369096 0.369093 0.369083 0.369036 0.369024 0.369016 0.369013 0.369014 0.369014 0.369010 0.369010 0.369023 0.369071 0.369081 0.369091 0.369100 0.000000 0.000000
0.000000 0.000000 0.371737 0.371731 0.371719 0.371678 0.371656 0.371626 0.371611 0.371606 0.371600 0.371600 0.371601 0.371596 0.371619 0.371652 0.371704 0.371702 0.371710 0.000000 0.000000
0.000000 0.000000 0.374457 0.374452 0.374402 0.374393 0.374380 0.374365 0.374363 0.374362 0.374365 0.374364 0.374356 0.374365 0.374372 0.374386 0.374387 0.374444 0.374457 0.000000 0.000000
0.000000 0.000000 0.377488 0.377422 0.377380 0.377361 0.377327 0.377308 0.377304 0.377301 0.377293 0.377294 0.377294 0.377288 0.377302 0.377343 0.377369 0.377397 0.377465 0.000000 0.000000
0.000000 0.000000 0.379850 0.379837 0.379882 0.379857 0.379828 0.379760 0.379754 0.379747 0.379750 0.379750 0.379745 0.379749 0.379810 0.379844 0.379883 0.379825 0.379852 0.000000 0.000000
0.000000 0.000000 0.350000 0.350000 0.350000 0.350000 0.350000 0.350000 0.350000 0.350000 0.350000 0.350000 0.350000 0.350000 0.350000 0.350000 0.350000 0.350000 0.350000 0.000000 0.000000
0.000000 0.000000 0.000000 0.000000 0.000000 0.000000 0.000000 0.000000 0.000000 0.000000 0.000000 0.000000 0.000000 0.000000 0.000000 0.000000 0.000000 0.000000 0.000000 0.000000 0.000000