geotop/1.0zi/1.0Montebello/Templates/testdem/maps/_Eocsilt1895.asc
ncols         21
nrows         20
xllcorner     100.000000
yllcorner     100.000000
cellsize      50.000000
NODATA_value  -9999.0
0.000000 0.000000 0.000000 0.000000 0.000000 0.000000 0.000000 0.000000 0.000000 0.000000 0.000000 0.000000 0.000000 0.000000 0.000000 0.000000 0.000000 0.000000 0.000000 0.000000 0.000000
0.000000 0.000000 0.350043 0.350043 0.350043 0.350043 0.350043 0.350043 0.350043 0.350043 0.350043 0.350043 0.350043 0.350043 0.350043 0.350043 0.350043 0.350043 0.350043 0.000000 0.000000
0.000000 0.000000 0.349998 0.349998 0.349998 0.349998 0.349998 0.349998 0.349998 0.349998 0.349998 0.349998 0.349998 0.349998 0.349998 0.349998 0.349998 0.349998 0.349998 0.000000 0.000000
0.000000 0.000000 0.350690 0.350690 0.350688 0.350689 0.350691 0.350691 0.350690 0.350691 0.350691 0.350691 0.350690 0.350691 0.350691 0.350689 0.350688 0.350690 0.350690 0.000000 0.000000
0.000000 0.000000 0.353220 0.353220 0.353218 0.353217 0.353221 0.353220 0.353220 0.353221 0.353221 0.353221 0.353220 0.353220 0.353221 0.353217 0.353218 0.353220 0.353220 0.000000 0.000000
0.000000 0.000000 0.356427 0.356426 0.356425 0.356425 0.356427 0.356427 0.356427 0.356428 0.356428 0.356428 0.356427 0.356427 0.356427 0.356425 0.356425 0.356426 0.356427 0.000000 0.000000
0.000000 0.000000 0.359373 0.359372 0.359371 0.359371 0.359373 0.359373 0.359373 0.359373 0.359374 0.359373 0.359373 0.359373 0.359373 0.359371 0.359371 0.359372 0.359373 0.000000 0.000000
0.000000 0.000000 0.362072 0.362072 0.362070 0.362071 0.362072 0.362072 0.362072 0.362073 0.362073 0.362073 0.362072 0.362072 0.362072 0.362071 0.362070 0.362072 0.362072 0.000000 0.000000
0.000000 0.000000 0.364596 0.364595 0.364594 0.364594 0.364596 0.364596 0.364596 0.364596 0.364596 0.364596 0.364596 0.364596 0.364596 0.364594 0.364594 0.364595 0.364596 0.000000 0.000000
0.000000 0.000000 0.367006 0.367006 0.367005 0.367005 0.367006 0.367006 0.367006 0.367007 0.367007 0.367007 0.367006 0.367006 0.367006 0.367005 0.367005 0.367006 0.367006 0.000000 0.000000
0.000000 0.000000 0.369330 0.369329 0.369328 0.369328 0.369330 0.369329 0.369330 0.369330 0.369330 0.369330 0.369330 0.369329 0.369330 0.369328 0.369328 0.369329 0.369330 0.000000 0.000000
0.000000 0.000000 0.371588 0.371587 0.371586 0.371586 0.371588 0.371587 0.371588 0.371588 0.371588 0.371588 0.371588 0.371587 0.371588 0.371586 0.371586 0.371587 0.371588 0.000000 0.000000
0.000000 0.000000 0.373796 0.373796 0.373794 0.373795 0.373796 0.373796 0.373796 0.373796 0.373796 0.373796 0.373796 0.373796 0.373796 0.373795 0.373794 0.373796 0.373796 0.000000 0.000000
0.000000 0.000000 0.375958 0.375958 0.375957 0.375957 0.375959 0.375958 0.375958 0.375959 0.375959 0.375959 0.375958 0.375958 0.375959 0.375957 0.375957 0.375958 0.375958 0.000000 0.000000
0.000000 0.000000 0.378085 0.378085 0.378084 0.378084 0.378086 0.378085 0.378085 0.378086 0.378086 0.378086 0.378085 0.378085 0.378086 0.378084 0.378084 0.378085 0.378085 0.000000 0.000000
0.000000 0.000000 0.380183 0.380183 0.380182 0.380182 0.380183 0.380183 0.380183 0.380184 0.380184 0.380184 0.380183 0.380183 0.380183 0.380182 0.380182 0.380183 0.380183 0.000000 0.000000
0.000000 0.000000 0.382251 0.382251 0.382249 0.382250 0.382251 0.382251 0.382251 0.382251 0.382251 0.382251 0.382251 0.382251 0.382251 0.382250 0.382249 0.382251 0.382251 0.000000 0.000000
0.000000 0.000000 0.384327 0.384327 0.384326 0.384326 0.384328 0.384327 0.384327 0.384328 0.384328 0.384328 0.384327 0.384327 0.384328 0.384326 0.384326 0.384327 0.384327 0.000000 0.000000
0.000000 0.000000 0.350000 0.350000 0.350000 0.350000 0.350000 0.350000 0.350000 0.350000 0.350000 0.350000 0.350000 0.350000 0.350000 0.350000 0.350000 0.350000 0.350000 0.000000 0.000000
0.000000 0.000000 0.000000 0.000000 0.000000 0.000000 0.000000 0.000000 0.000000 0.000000 0.000000 0.000000 0.000000 0.000000 0.000000 0.000000 0.000000 0.000000 0.000000 0.000000 0.000000