geotop/1.0zi/1.0Montebello/Templates/testdem/maps/_Eocsand0561.asc
ncols         21
nrows         20
xllcorner     100.000000
yllcorner     100.000000
cellsize      50.000000
NODATA_value  -9999.0
0.000000 0.000000 0.000000 0.000000 0.000000 0.000000 0.000000 0.000000 0.000000 0.000000 0.000000 0.000000 0.000000 0.000000 0.000000 0.000000 0.000000 0.000000 0.000000 0.000000 0.000000
0.000000 0.000000 0.300021 0.300021 0.300021 0.300021 0.300021 0.300021 0.300021 0.300021 0.300021 0.300021 0.300021 0.300021 0.300021 0.300021 0.300021 0.300021 0.300021 0.000000 0.000000
0.000000 0.000000 0.300005 0.300006 0.300006 0.300006 0.300005 0.300005 0.300005 0.300005 0.300005 0.300005 0.300005 0.300005 0.300005 0.300006 0.300006 0.300006 0.300005 0.000000 0.000000
0.000000 0.000000 0.299436 0.299436 0.299440 0.299436 0.299436 0.299436 0.299436 0.299436 0.299436 0.299436 0.299436 0.299436 0.299436 0.299436 0.299440 0.299436 0.299436 0.000000 0.000000
0.000000 0.000000 0.297597 0.297597 0.297601 0.297597 0.297597 0.297596 0.297596 0.297596 0.297597 0.297596 0.297596 0.297596 0.297597 0.297597 0.297601 0.297597 0.297597 0.000000 0.000000
0.000000 0.000000 0.295661 0.295661 0.295664 0.295661 0.295661 0.295660 0.295660 0.295661 0.295661 0.295661 0.295660 0.295660 0.295661 0.295661 0.295664 0.295661 0.295661 0.000000 0.000000
0.000000 0.000000 0.293862 0.293862 0.293865 0.293862 0.293862 0.293861 0.293861 0.293862 0.293862 0.293862 0.293861 0.293861 0.293862 0.293862 0.293865 0.293862 0.293862 0.000000 0.000000
0.000000 0.000000 0.292192 0.292192 0.292195 0.292192 0.292192 0.292192 0.292192 0.292192 0.292192 0.292192 0.292192 0.292192 0.292192 0.292192 0.292195 0.292192 0.292192 0.000000 0.000000
0.000000 0.000000 0.290615 0.290614 0.290617 0.290615 0.290614 0.290614 0.290614 0.290614 0.290614 0.290614 0.290614 0.290614 0.290614 0.290615 0.290617 0.290614 0.290615 0.000000 0.000000
0.000000 0.000000 0.289093 0.289093 0.289096 0.289094 0.289093 0.289093 0.289093 0.289093 0.289093 0.289093 0.289093 0.289093 0.289093 0.289094 0.289096 0.289093 0.289093 0.000000 0.000000
0.000000 0.000000 0.287614 0.287614 0.287617 0.287614 0.287614 0.287614 0.287614 0.287614 0.287614 0.287614 0.287614 0.287614 0.287614 0.287614 0.287617 0.287614 0.287614 0.000000 0.000000
0.000000 0.000000 0.286164 0.286164 0.286166 0.286164 0.286164 0.286163 0.286163 0.286163 0.286164 0.286163 0.286163 0.286163 0.286164 0.286164 0.286166 0.286164 0.286164 0.000000 0.000000
0.000000 0.000000 0.284739 0.284739 0.284742 0.284739 0.284739 0.284739 0.284739 0.284739 0.284739 0.284739 0.284739 0.284739 0.284739 0.284739 0.284742 0.284739 0.284739 0.000000 0.000000
0.000000 0.000000 0.283336 0.283336 0.283339 0.283336 0.283336 0.283336 0.283336 0.283336 0.283336 0.283336 0.283336 0.283336 0.283336 0.283336 0.283339 0.283336 0.283336 0.000000 0.000000
0.000000 0.000000 0.281947 0.281947 0.281950 0.281947 0.281947 0.281947 0.281947 0.281947 0.281947 0.281947 0.281947 0.281947 0.281947 0.281947 0.281950 0.281947 0.281947 0.000000 0.000000
0.000000 0.000000 0.280564 0.280564 0.280567 0.280565 0.280564 0.280564 0.280564 0.280564 0.280564 0.280564 0.280564 0.280564 0.280564 0.280565 0.280567 0.280564 0.280564 0.000000 0.000000
0.000000 0.000000 0.279197 0.279197 0.279199 0.279197 0.279196 0.279196 0.279196 0.279196 0.279196 0.279196 0.279196 0.279196 0.279196 0.279197 0.279199 0.279197 0.279197 0.000000 0.000000
0.000000 0.000000 0.277810 0.277810 0.277812 0.277810 0.277809 0.277809 0.277809 0.277809 0.277809 0.277809 0.277809 0.277809 0.277809 0.277810 0.277812 0.277810 0.277810 0.000000 0.000000
0.000000 0.000000 0.300000 0.300000 0.300000 0.300000 0.300000 0.300000 0.300000 0.300000 0.300000 0.300000 0.300000 0.300000 0.300000 0.300000 0.300000 0.300000 0.300000 0.000000 0.000000
0.000000 0.000000 0.000000 0.000000 0.000000 0.000000 0.000000 0.000000 0.000000 0.000000 0.000000 0.000000 0.000000 0.000000 0.000000 0.000000 0.000000 0.000000 0.000000 0.000000 0.000000