geotop/1.0zi/1.0Montebello/Templates/testdem/maps/_Eocsand4777.asc
ncols         21
nrows         20
xllcorner     100.000000
yllcorner     100.000000
cellsize      50.000000
NODATA_value  -9999.0
0.000000 0.000000 0.000000 0.000000 0.000000 0.000000 0.000000 0.000000 0.000000 0.000000 0.000000 0.000000 0.000000 0.000000 0.000000 0.000000 0.000000 0.000000 0.000000 0.000000 0.000000
0.000000 0.000000 0.300118 0.300118 0.300117 0.300117 0.300117 0.300118 0.300118 0.300118 0.300118 0.300118 0.300118 0.300118 0.300117 0.300117 0.300118 0.300118 0.300118 0.000000 0.000000
0.000000 0.000000 0.300006 0.300005 0.300005 0.300005 0.300005 0.300005 0.300005 0.300005 0.300005 0.300005 0.300005 0.300005 0.300005 0.300005 0.300007 0.300007 0.300006 0.000000 0.000000
0.000000 0.000000 0.299975 0.299973 0.299975 0.299979 0.299976 0.299979 0.299977 0.299977 0.299977 0.299978 0.299978 0.299980 0.299976 0.299972 0.299973 0.299971 0.299974 0.000000 0.000000
0.000000 0.000000 0.299268 0.299266 0.299267 0.299277 0.299288 0.299293 0.299294 0.299297 0.299299 0.299295 0.299298 0.299296 0.299287 0.299286 0.299281 0.299272 0.299266 0.000000 0.000000
0.000000 0.000000 0.296810 0.296804 0.296814 0.296841 0.296852 0.296881 0.296885 0.296895 0.296885 0.296883 0.296876 0.296875 0.296868 0.296853 0.296841 0.296832 0.296823 0.000000 0.000000
0.000000 0.000000 0.293049 0.293053 0.293063 0.293092 0.293125 0.293164 0.293163 0.293170 0.293163 0.293165 0.293165 0.293159 0.293131 0.293099 0.293083 0.293070 0.293057 0.000000 0.000000
0.000000 0.000000 0.288605 0.288610 0.288614 0.288644 0.288679 0.288719 0.288717 0.288724 0.288722 0.288722 0.288725 0.288721 0.288684 0.288649 0.288630 0.288623 0.288610 0.000000 0.000000
0.000000 0.000000 0.284065 0.284074 0.284085 0.284108 0.284141 0.284186 0.284183 0.284192 0.284191 0.284189 0.284191 0.284187 0.284151 0.284112 0.284097 0.284087 0.284071 0.000000 0.000000
0.000000 0.000000 0.279532 0.279541 0.279548 0.279572 0.279612 0.279652 0.279647 0.279654 0.279653 0.279651 0.279655 0.279654 0.279614 0.279576 0.279560 0.279552 0.279539 0.000000 0.000000
0.000000 0.000000 0.274926 0.274936 0.274943 0.274962 0.274993 0.275041 0.275037 0.275048 0.275047 0.275044 0.275048 0.275046 0.275011 0.274982 0.274962 0.274952 0.274937 0.000000 0.000000
0.000000 0.000000 0.270153 0.270161 0.270173 0.270201 0.270233 0.270280 0.270281 0.270288 0.270287 0.270288 0.270289 0.270289 0.270244 0.270209 0.270190 0.270182 0.270134 0.000000 0.000000
0.000000 0.000000 0.265304 0.265314 0.265326 0.265348 0.265387 0.265485 0.265484 0.265493 0.265493 0.265491 0.265496 0.265492 0.265407 0.265365 0.265346 0.265338 0.265308 0.000000 0.000000
0.000000 0.000000 0.260151 0.260169 0.260177 0.260200 0.260304 0.260331 0.260346 0.260354 0.260352 0.260351 0.260356 0.260354 0.260324 0.260225 0.260204 0.260183 0.260165 0.000000 0.000000
0.000000 0.000000 0.254575 0.254589 0.254618 0.254708 0.254758 0.254821 0.254852 0.254863 0.254876 0.254876 0.254871 0.254879 0.254830 0.254761 0.254649 0.254654 0.254639 0.000000 0.000000
0.000000 0.000000 0.248795 0.248810 0.248921 0.248941 0.248974 0.249006 0.249008 0.249012 0.249005 0.249006 0.249020 0.248997 0.248980 0.248952 0.248952 0.248830 0.248802 0.000000 0.000000
0.000000 0.000000 0.242338 0.242487 0.242576 0.242620 0.242700 0.242741 0.242750 0.242757 0.242773 0.242771 0.242768 0.242778 0.242746 0.242657 0.242600 0.242544 0.242397 0.000000 0.000000
0.000000 0.000000 0.237344 0.237373 0.237277 0.237333 0.237400 0.237546 0.237560 0.237574 0.237566 0.237567 0.237575 0.237562 0.237429 0.237357 0.237275 0.237401 0.237348 0.000000 0.000000
0.000000 0.000000 0.300000 0.300000 0.300000 0.300000 0.300000 0.300000 0.300000 0.300000 0.300000 0.300000 0.300000 0.300000 0.300000 0.300000 0.300000 0.300000 0.300000 0.000000 0.000000
0.000000 0.000000 0.000000 0.000000 0.000000 0.000000 0.000000 0.000000 0.000000 0.000000 0.000000 0.000000 0.000000 0.000000 0.000000 0.000000 0.000000 0.000000 0.000000 0.000000 0.000000