geotop/1.0zi/1.0Montebello/Templates/testdem/maps/_Eocclay4880.asc
ncols         21
nrows         20
xllcorner     100.000000
yllcorner     100.000000
cellsize      50.000000
NODATA_value  -9999.0
0.000000 0.000000 0.000000 0.000000 0.000000 0.000000 0.000000 0.000000 0.000000 0.000000 0.000000 0.000000 0.000000 0.000000 0.000000 0.000000 0.000000 0.000000 0.000000 0.000000 0.000000
0.000000 0.000000 0.349781 0.349781 0.349782 0.349782 0.349782 0.349782 0.349781 0.349782 0.349782 0.349782 0.349782 0.349781 0.349782 0.349782 0.349781 0.349781 0.349781 0.000000 0.000000
0.000000 0.000000 0.349992 0.349992 0.349992 0.349992 0.349992 0.349992 0.349992 0.349992 0.349992 0.349991 0.349992 0.349992 0.349992 0.349992 0.349992 0.349992 0.349992 0.000000 0.000000
0.000000 0.000000 0.349987 0.349989 0.349987 0.349988 0.349989 0.349989 0.349989 0.349988 0.349989 0.349988 0.349988 0.349987 0.349989 0.349991 0.349989 0.349989 0.349988 0.000000 0.000000
0.000000 0.000000 0.350374 0.350373 0.350372 0.350367 0.350359 0.350357 0.350358 0.350358 0.350356 0.350358 0.350355 0.350356 0.350361 0.350359 0.350364 0.350365 0.350368 0.000000 0.000000
0.000000 0.000000 0.351714 0.351717 0.351711 0.351696 0.351691 0.351678 0.351676 0.351673 0.351676 0.351676 0.351679 0.351681 0.351682 0.351692 0.351697 0.351705 0.351710 0.000000 0.000000
0.000000 0.000000 0.353694 0.353691 0.353687 0.353673 0.353658 0.353636 0.353636 0.353632 0.353634 0.353634 0.353636 0.353637 0.353652 0.353670 0.353679 0.353686 0.353692 0.000000 0.000000
0.000000 0.000000 0.356024 0.356022 0.356019 0.356003 0.355985 0.355963 0.355964 0.355961 0.355961 0.355961 0.355960 0.355962 0.355982 0.355998 0.356007 0.356013 0.356020 0.000000 0.000000
0.000000 0.000000 0.358365 0.358361 0.358356 0.358345 0.358328 0.358306 0.358308 0.358304 0.358304 0.358305 0.358303 0.358305 0.358323 0.358342 0.358349 0.358354 0.358362 0.000000 0.000000
0.000000 0.000000 0.360725 0.360720 0.360716 0.360704 0.360684 0.360663 0.360666 0.360663 0.360663 0.360663 0.360662 0.360662 0.360682 0.360702 0.360709 0.360714 0.360721 0.000000 0.000000
0.000000 0.000000 0.363140 0.363135 0.363132 0.363123 0.363107 0.363082 0.363084 0.363079 0.363079 0.363080 0.363078 0.363079 0.363097 0.363111 0.363121 0.363127 0.363135 0.000000 0.000000
0.000000 0.000000 0.365648 0.365644 0.365638 0.365623 0.365607 0.365583 0.365583 0.365580 0.365580 0.365578 0.365577 0.365577 0.365600 0.365618 0.365627 0.365632 0.365657 0.000000 0.000000
0.000000 0.000000 0.368202 0.368197 0.368191 0.368180 0.368160 0.368109 0.368110 0.368105 0.368105 0.368105 0.368103 0.368105 0.368150 0.368171 0.368180 0.368185 0.368200 0.000000 0.000000
0.000000 0.000000 0.370926 0.370917 0.370912 0.370900 0.370845 0.370832 0.370825 0.370821 0.370822 0.370821 0.370819 0.370820 0.370835 0.370887 0.370898 0.370909 0.370918 0.000000 0.000000
0.000000 0.000000 0.373881 0.373874 0.373859 0.373811 0.373785 0.373753 0.373736 0.373731 0.373723 0.373723 0.373726 0.373721 0.373747 0.373782 0.373841 0.373839 0.373847 0.000000 0.000000
0.000000 0.000000 0.376948 0.376940 0.376881 0.376872 0.376855 0.376839 0.376839 0.376838 0.376841 0.376840 0.376832 0.376845 0.376853 0.376866 0.376864 0.376930 0.376945 0.000000 0.000000
0.000000 0.000000 0.380391 0.380310 0.380264 0.380241 0.380198 0.380176 0.380171 0.380169 0.380159 0.380159 0.380162 0.380156 0.380173 0.380220 0.380250 0.380279 0.380359 0.000000 0.000000
0.000000 0.000000 0.383031 0.383019 0.383073 0.383044 0.383009 0.382930 0.382924 0.382917 0.382920 0.382919 0.382915 0.382922 0.382994 0.383031 0.383073 0.383005 0.383030 0.000000 0.000000
0.000000 0.000000 0.350000 0.350000 0.350000 0.350000 0.350000 0.350000 0.350000 0.350000 0.350000 0.350000 0.350000 0.350000 0.350000 0.350000 0.350000 0.350000 0.350000 0.000000 0.000000
0.000000 0.000000 0.000000 0.000000 0.000000 0.000000 0.000000 0.000000 0.000000 0.000000 0.000000 0.000000 0.000000 0.000000 0.000000 0.000000 0.000000 0.000000 0.000000 0.000000 0.000000