geotop/1.0zi/1.0Montebello/Templates/testdem/maps/_Eocsilt3242.asc
ncols         21
nrows         20
xllcorner     100.000000
yllcorner     100.000000
cellsize      50.000000
NODATA_value  -9999.0
0.000000 0.000000 0.000000 0.000000 0.000000 0.000000 0.000000 0.000000 0.000000 0.000000 0.000000 0.000000 0.000000 0.000000 0.000000 0.000000 0.000000 0.000000 0.000000 0.000000 0.000000
0.000000 0.000000 0.350088 0.350088 0.350088 0.350088 0.350088 0.350088 0.350088 0.350088 0.350088 0.350088 0.350088 0.350088 0.350088 0.350088 0.350088 0.350088 0.350088 0.000000 0.000000
0.000000 0.000000 0.349994 0.349994 0.349994 0.349994 0.349994 0.349994 0.349994 0.349994 0.349995 0.349994 0.349994 0.349994 0.349994 0.349994 0.349994 0.349994 0.349994 0.000000 0.000000
0.000000 0.000000 0.351307 0.351306 0.351304 0.351305 0.351307 0.351307 0.351307 0.351307 0.351308 0.351307 0.351307 0.351307 0.351307 0.351305 0.351304 0.351306 0.351307 0.000000 0.000000
0.000000 0.000000 0.355923 0.355922 0.355920 0.355920 0.355923 0.355922 0.355922 0.355923 0.355924 0.355923 0.355922 0.355922 0.355923 0.355920 0.355920 0.355922 0.355923 0.000000 0.000000
0.000000 0.000000 0.361544 0.361543 0.361542 0.361542 0.361544 0.361543 0.361544 0.361544 0.361545 0.361544 0.361544 0.361543 0.361544 0.361542 0.361542 0.361543 0.361544 0.000000 0.000000
0.000000 0.000000 0.366639 0.366639 0.366637 0.366637 0.366639 0.366639 0.366639 0.366639 0.366640 0.366639 0.366639 0.366639 0.366639 0.366637 0.366637 0.366639 0.366639 0.000000 0.000000
0.000000 0.000000 0.371248 0.371248 0.371246 0.371247 0.371248 0.371248 0.371248 0.371248 0.371249 0.371248 0.371248 0.371248 0.371248 0.371247 0.371246 0.371248 0.371248 0.000000 0.000000
0.000000 0.000000 0.375506 0.375505 0.375504 0.375504 0.375506 0.375505 0.375505 0.375506 0.375506 0.375506 0.375505 0.375505 0.375506 0.375504 0.375504 0.375505 0.375506 0.000000 0.000000
0.000000 0.000000 0.379513 0.379513 0.379512 0.379512 0.379513 0.379513 0.379513 0.379513 0.379514 0.379513 0.379513 0.379513 0.379513 0.379512 0.379512 0.379513 0.379513 0.000000 0.000000
0.000000 0.000000 0.383321 0.383320 0.383319 0.383319 0.383321 0.383320 0.383320 0.383321 0.383321 0.383321 0.383320 0.383320 0.383321 0.383319 0.383319 0.383320 0.383321 0.000000 0.000000
0.000000 0.000000 0.386964 0.386964 0.386962 0.386963 0.386964 0.386964 0.386964 0.386964 0.386965 0.386964 0.386964 0.386964 0.386964 0.386963 0.386962 0.386964 0.386964 0.000000 0.000000
0.000000 0.000000 0.390469 0.390469 0.390468 0.390468 0.390469 0.390469 0.390469 0.390470 0.390470 0.390470 0.390469 0.390469 0.390469 0.390468 0.390468 0.390469 0.390469 0.000000 0.000000
0.000000 0.000000 0.393867 0.393866 0.393865 0.393866 0.393867 0.393866 0.393866 0.393867 0.393867 0.393867 0.393866 0.393866 0.393867 0.393866 0.393865 0.393866 0.393867 0.000000 0.000000
0.000000 0.000000 0.397163 0.397163 0.397162 0.397162 0.397163 0.397163 0.397163 0.397163 0.397164 0.397163 0.397163 0.397163 0.397163 0.397162 0.397162 0.397163 0.397163 0.000000 0.000000
0.000000 0.000000 0.400365 0.400365 0.400364 0.400364 0.400365 0.400365 0.400365 0.400365 0.400366 0.400365 0.400365 0.400365 0.400365 0.400364 0.400364 0.400365 0.400365 0.000000 0.000000
0.000000 0.000000 0.403482 0.403482 0.403481 0.403481 0.403483 0.403482 0.403482 0.403483 0.403483 0.403483 0.403482 0.403482 0.403483 0.403481 0.403481 0.403482 0.403482 0.000000 0.000000
0.000000 0.000000 0.406575 0.406575 0.406574 0.406574 0.406575 0.406575 0.406575 0.406575 0.406576 0.406575 0.406575 0.406575 0.406575 0.406574 0.406574 0.406575 0.406575 0.000000 0.000000
0.000000 0.000000 0.350000 0.350000 0.350000 0.350000 0.350000 0.350000 0.350000 0.350000 0.350000 0.350000 0.350000 0.350000 0.350000 0.350000 0.350000 0.350000 0.350000 0.000000 0.000000
0.000000 0.000000 0.000000 0.000000 0.000000 0.000000 0.000000 0.000000 0.000000 0.000000 0.000000 0.000000 0.000000 0.000000 0.000000 0.000000 0.000000 0.000000 0.000000 0.000000 0.000000