geotop/1.0zi/1.0Montebello/Templates/testdem/maps/_Eocsilt9539.asc
ncols         21
nrows         20
xllcorner     100.000000
yllcorner     100.000000
cellsize      50.000000
NODATA_value  -9999.0
0.000000 0.000000 0.000000 0.000000 0.000000 0.000000 0.000000 0.000000 0.000000 0.000000 0.000000 0.000000 0.000000 0.000000 0.000000 0.000000 0.000000 0.000000 0.000000 0.000000 0.000000
0.000000 0.000000 0.350204 0.350204 0.350204 0.350204 0.350203 0.350203 0.350204 0.350203 0.350204 0.350203 0.350203 0.350203 0.350203 0.350204 0.350204 0.350204 0.350204 0.000000 0.000000
0.000000 0.000000 0.350008 0.350008 0.350008 0.350007 0.350008 0.350008 0.350008 0.350008 0.350008 0.350008 0.350009 0.350009 0.350008 0.350007 0.350006 0.350006 0.350007 0.000000 0.000000
0.000000 0.000000 0.350146 0.350143 0.350137 0.350132 0.350132 0.350126 0.350130 0.350130 0.350127 0.350131 0.350132 0.350131 0.350134 0.350138 0.350143 0.350144 0.350146 0.000000 0.000000
0.000000 0.000000 0.351429 0.351434 0.351423 0.351406 0.351396 0.351390 0.351393 0.351390 0.351391 0.351393 0.351398 0.351397 0.351410 0.351417 0.351421 0.351427 0.351431 0.000000 0.000000
0.000000 0.000000 0.354958 0.354953 0.354938 0.354918 0.354886 0.354862 0.354860 0.354855 0.354858 0.354860 0.354864 0.354862 0.354878 0.354899 0.354910 0.354918 0.354925 0.000000 0.000000
0.000000 0.000000 0.359938 0.359929 0.359912 0.359879 0.359838 0.359786 0.359791 0.359788 0.359786 0.359786 0.359784 0.359790 0.359829 0.359861 0.359881 0.359896 0.359904 0.000000 0.000000
0.000000 0.000000 0.365837 0.365827 0.365813 0.365777 0.365735 0.365687 0.365690 0.365685 0.365682 0.365680 0.365679 0.365687 0.365725 0.365761 0.365794 0.365799 0.365814 0.000000 0.000000
0.000000 0.000000 0.372318 0.372302 0.372281 0.372253 0.372205 0.372146 0.372153 0.372142 0.372137 0.372136 0.372140 0.372138 0.372193 0.372235 0.372261 0.372272 0.372285 0.000000 0.000000
0.000000 0.000000 0.379410 0.379391 0.379375 0.379345 0.379280 0.379226 0.379230 0.379223 0.379213 0.379219 0.379227 0.379226 0.379269 0.379324 0.379354 0.379364 0.379372 0.000000 0.000000
0.000000 0.000000 0.387394 0.387380 0.387366 0.387295 0.387253 0.387183 0.387202 0.387164 0.387171 0.387166 0.387155 0.387178 0.387226 0.387260 0.387301 0.387318 0.387351 0.000000 0.000000
0.000000 0.000000 0.396636 0.396604 0.396562 0.396530 0.396468 0.396380 0.396382 0.396378 0.396393 0.396361 0.396379 0.396378 0.396464 0.396514 0.396537 0.396551 0.396621 0.000000 0.000000
0.000000 0.000000 0.406980 0.406953 0.406945 0.406865 0.406814 0.406560 0.406563 0.406550 0.406469 0.406520 0.406529 0.406554 0.406742 0.406788 0.406879 0.406886 0.406908 0.000000 0.000000
0.000000 0.000000 0.419677 0.419669 0.419596 0.419552 0.419196 0.419301 0.419234 0.419237 0.419283 0.419241 0.419236 0.419204 0.419107 0.419490 0.419509 0.419600 0.419656 0.000000 0.000000
0.000000 0.000000 0.434273 0.434231 0.434162 0.433712 0.433871 0.433599 0.433534 0.433509 0.433413 0.433376 0.433431 0.433434 0.433682 0.433535 0.434128 0.433994 0.433979 0.000000 0.000000
0.000000 0.000000 0.447884 0.447861 0.447340 0.447598 0.447505 0.447520 0.447750 0.447690 0.447813 0.447793 0.447697 0.447823 0.447763 0.447844 0.447279 0.448071 0.448060 0.000000 0.000000
0.000000 0.000000 0.460002 0.459586 0.459700 0.459520 0.459304 0.459232 0.459100 0.459131 0.458992 0.459008 0.459089 0.459007 0.459124 0.459287 0.459674 0.459394 0.459828 0.000000 0.000000
0.000000 0.000000 0.464986 0.465014 0.465263 0.465175 0.465091 0.464874 0.464854 0.464811 0.464845 0.464833 0.464853 0.464850 0.465049 0.465112 0.465277 0.464997 0.464974 0.000000 0.000000
0.000000 0.000000 0.350000 0.350000 0.350000 0.350000 0.350000 0.350000 0.350000 0.350000 0.350000 0.350000 0.350000 0.350000 0.350000 0.350000 0.350000 0.350000 0.350000 0.000000 0.000000
0.000000 0.000000 0.000000 0.000000 0.000000 0.000000 0.000000 0.000000 0.000000 0.000000 0.000000 0.000000 0.000000 0.000000 0.000000 0.000000 0.000000 0.000000 0.000000 0.000000 0.000000