geotop/1.0zi/1.0Montebello/Templates/testdem/maps/_Eocsand1573.asc
ncols         21
nrows         20
xllcorner     100.000000
yllcorner     100.000000
cellsize      50.000000
NODATA_value  -9999.0
0.000000 0.000000 0.000000 0.000000 0.000000 0.000000 0.000000 0.000000 0.000000 0.000000 0.000000 0.000000 0.000000 0.000000 0.000000 0.000000 0.000000 0.000000 0.000000 0.000000 0.000000
0.000000 0.000000 0.300049 0.300049 0.300049 0.300049 0.300049 0.300049 0.300049 0.300049 0.300049 0.300049 0.300049 0.300049 0.300049 0.300049 0.300049 0.300049 0.300049 0.000000 0.000000
0.000000 0.000000 0.300008 0.300009 0.300009 0.300008 0.300008 0.300008 0.300008 0.300008 0.300008 0.300008 0.300008 0.300008 0.300008 0.300008 0.300009 0.300009 0.300008 0.000000 0.000000
0.000000 0.000000 0.298753 0.298754 0.298759 0.298756 0.298753 0.298753 0.298754 0.298753 0.298753 0.298753 0.298754 0.298753 0.298753 0.298756 0.298759 0.298754 0.298753 0.000000 0.000000
0.000000 0.000000 0.294175 0.294176 0.294180 0.294180 0.294173 0.294175 0.294175 0.294173 0.294173 0.294173 0.294175 0.294175 0.294173 0.294180 0.294180 0.294176 0.294175 0.000000 0.000000
0.000000 0.000000 0.288793 0.288794 0.288797 0.288797 0.288791 0.288793 0.288793 0.288792 0.288792 0.288792 0.288793 0.288793 0.288791 0.288797 0.288797 0.288794 0.288793 0.000000 0.000000
0.000000 0.000000 0.283775 0.283776 0.283779 0.283778 0.283774 0.283775 0.283775 0.283774 0.283774 0.283774 0.283775 0.283775 0.283774 0.283778 0.283779 0.283776 0.283775 0.000000 0.000000
0.000000 0.000000 0.279167 0.279167 0.279170 0.279169 0.279165 0.279166 0.279167 0.279166 0.279166 0.279166 0.279167 0.279166 0.279165 0.279169 0.279170 0.279167 0.279167 0.000000 0.000000
0.000000 0.000000 0.274852 0.274853 0.274855 0.274855 0.274851 0.274852 0.274852 0.274851 0.274851 0.274851 0.274852 0.274852 0.274851 0.274855 0.274855 0.274853 0.274852 0.000000 0.000000
0.000000 0.000000 0.270724 0.270724 0.270727 0.270726 0.270723 0.270724 0.270724 0.270723 0.270723 0.270723 0.270724 0.270724 0.270723 0.270726 0.270727 0.270724 0.270724 0.000000 0.000000
0.000000 0.000000 0.266739 0.266739 0.266742 0.266741 0.266738 0.266738 0.266738 0.266738 0.266738 0.266738 0.266738 0.266738 0.266738 0.266741 0.266742 0.266739 0.266739 0.000000 0.000000
0.000000 0.000000 0.262857 0.262858 0.262860 0.262859 0.262856 0.262857 0.262857 0.262856 0.262856 0.262856 0.262857 0.262857 0.262856 0.262859 0.262860 0.262858 0.262857 0.000000 0.000000
0.000000 0.000000 0.259049 0.259049 0.259052 0.259051 0.259048 0.259049 0.259049 0.259048 0.259048 0.259048 0.259049 0.259049 0.259048 0.259051 0.259052 0.259049 0.259049 0.000000 0.000000
0.000000 0.000000 0.255314 0.255315 0.255317 0.255316 0.255314 0.255314 0.255314 0.255314 0.255314 0.255314 0.255314 0.255314 0.255314 0.255316 0.255317 0.255315 0.255314 0.000000 0.000000
0.000000 0.000000 0.251638 0.251639 0.251641 0.251640 0.251637 0.251638 0.251638 0.251637 0.251638 0.251637 0.251638 0.251638 0.251637 0.251640 0.251641 0.251639 0.251638 0.000000 0.000000
0.000000 0.000000 0.248005 0.248006 0.248008 0.248007 0.248004 0.248005 0.248005 0.248004 0.248005 0.248004 0.248005 0.248005 0.248004 0.248007 0.248008 0.248006 0.248005 0.000000 0.000000
0.000000 0.000000 0.244415 0.244415 0.244418 0.244417 0.244414 0.244415 0.244415 0.244414 0.244414 0.244414 0.244415 0.244415 0.244414 0.244417 0.244418 0.244415 0.244415 0.000000 0.000000
0.000000 0.000000 0.240789 0.240788 0.240791 0.240790 0.240787 0.240788 0.240788 0.240787 0.240787 0.240787 0.240788 0.240788 0.240787 0.240790 0.240791 0.240788 0.240788 0.000000 0.000000
0.000000 0.000000 0.300000 0.300000 0.300000 0.300000 0.300000 0.300000 0.300000 0.300000 0.300000 0.300000 0.300000 0.300000 0.300000 0.300000 0.300000 0.300000 0.300000 0.000000 0.000000
0.000000 0.000000 0.000000 0.000000 0.000000 0.000000 0.000000 0.000000 0.000000 0.000000 0.000000 0.000000 0.000000 0.000000 0.000000 0.000000 0.000000 0.000000 0.000000 0.000000 0.000000