geotop/1.0zi/1.0Montebello/Templates/testdem/maps/_Eocsilt6082.asc
ncols         21
nrows         20
xllcorner     100.000000
yllcorner     100.000000
cellsize      50.000000
NODATA_value  -9999.0
0.000000 0.000000 0.000000 0.000000 0.000000 0.000000 0.000000 0.000000 0.000000 0.000000 0.000000 0.000000 0.000000 0.000000 0.000000 0.000000 0.000000 0.000000 0.000000 0.000000 0.000000
0.000000 0.000000 0.350120 0.350120 0.350120 0.350120 0.350119 0.350120 0.350120 0.350120 0.350120 0.350119 0.350119 0.350119 0.350119 0.350120 0.350120 0.350120 0.350119 0.000000 0.000000
0.000000 0.000000 0.350002 0.350002 0.350002 0.350003 0.350003 0.350003 0.350003 0.350003 0.350003 0.350003 0.350004 0.350003 0.350003 0.350003 0.350001 0.350001 0.350002 0.000000 0.000000
0.000000 0.000000 0.350047 0.350046 0.350045 0.350040 0.350041 0.350039 0.350041 0.350041 0.350040 0.350039 0.350040 0.350040 0.350042 0.350045 0.350046 0.350048 0.350047 0.000000 0.000000
0.000000 0.000000 0.350550 0.350553 0.350552 0.350549 0.350545 0.350540 0.350539 0.350537 0.350535 0.350536 0.350538 0.350539 0.350545 0.350547 0.350546 0.350555 0.350559 0.000000 0.000000
0.000000 0.000000 0.352134 0.352136 0.352131 0.352116 0.352106 0.352088 0.352086 0.352082 0.352087 0.352089 0.352090 0.352087 0.352093 0.352100 0.352109 0.352113 0.352119 0.000000 0.000000
0.000000 0.000000 0.354538 0.354535 0.354529 0.354510 0.354488 0.354464 0.354465 0.354463 0.354465 0.354464 0.354461 0.354465 0.354483 0.354502 0.354512 0.354522 0.354529 0.000000 0.000000
0.000000 0.000000 0.357470 0.357470 0.357469 0.357451 0.357429 0.357402 0.357403 0.357400 0.357399 0.357399 0.357397 0.357400 0.357421 0.357442 0.357459 0.357461 0.357471 0.000000 0.000000
0.000000 0.000000 0.360551 0.360546 0.360538 0.360526 0.360504 0.360474 0.360475 0.360470 0.360467 0.360469 0.360469 0.360467 0.360495 0.360517 0.360532 0.360537 0.360546 0.000000 0.000000
0.000000 0.000000 0.363660 0.363655 0.363651 0.363643 0.363613 0.363586 0.363588 0.363584 0.363580 0.363584 0.363588 0.363584 0.363606 0.363632 0.363647 0.363649 0.363656 0.000000 0.000000
0.000000 0.000000 0.366861 0.366858 0.366856 0.366834 0.366814 0.366785 0.366791 0.366777 0.366777 0.366778 0.366774 0.366782 0.366800 0.366817 0.366833 0.366842 0.366855 0.000000 0.000000
0.000000 0.000000 0.370241 0.370234 0.370224 0.370209 0.370191 0.370155 0.370156 0.370148 0.370157 0.370148 0.370150 0.370153 0.370185 0.370201 0.370212 0.370218 0.370251 0.000000 0.000000
0.000000 0.000000 0.373723 0.373717 0.373713 0.373695 0.373679 0.373606 0.373605 0.373599 0.373584 0.373592 0.373597 0.373603 0.373657 0.373672 0.373698 0.373701 0.373724 0.000000 0.000000
0.000000 0.000000 0.377526 0.377522 0.377511 0.377500 0.377427 0.377411 0.377394 0.377394 0.377389 0.377390 0.377391 0.377388 0.377397 0.377469 0.377491 0.377510 0.377534 0.000000 0.000000
0.000000 0.000000 0.381736 0.381731 0.381714 0.381638 0.381616 0.381573 0.381546 0.381541 0.381527 0.381518 0.381527 0.381522 0.381555 0.381588 0.381696 0.381687 0.381702 0.000000 0.000000
0.000000 0.000000 0.386216 0.386211 0.386109 0.386095 0.386089 0.386063 0.386084 0.386072 0.386081 0.386071 0.386059 0.386079 0.386096 0.386106 0.386093 0.386223 0.386227 0.000000 0.000000
0.000000 0.000000 0.391387 0.391247 0.391205 0.391165 0.391099 0.391066 0.391052 0.391051 0.391020 0.391017 0.391031 0.391024 0.391062 0.391113 0.391194 0.391215 0.391358 0.000000 0.000000
0.000000 0.000000 0.395061 0.395079 0.395204 0.395173 0.395125 0.394997 0.394995 0.394965 0.394987 0.394979 0.394987 0.394991 0.395109 0.395144 0.395224 0.395095 0.395086 0.000000 0.000000
0.000000 0.000000 0.350000 0.350000 0.350000 0.350000 0.350000 0.350000 0.350000 0.350000 0.350000 0.350000 0.350000 0.350000 0.350000 0.350000 0.350000 0.350000 0.350000 0.000000 0.000000
0.000000 0.000000 0.000000 0.000000 0.000000 0.000000 0.000000 0.000000 0.000000 0.000000 0.000000 0.000000 0.000000 0.000000 0.000000 0.000000 0.000000 0.000000 0.000000 0.000000 0.000000