geotop/1.0zi/1.0Montebello/Templates/testdem/maps/_Eocsilt2457.asc
ncols         21
nrows         20
xllcorner     100.000000
yllcorner     100.000000
cellsize      50.000000
NODATA_value  -9999.0
0.000000 0.000000 0.000000 0.000000 0.000000 0.000000 0.000000 0.000000 0.000000 0.000000 0.000000 0.000000 0.000000 0.000000 0.000000 0.000000 0.000000 0.000000 0.000000 0.000000 0.000000
0.000000 0.000000 0.350059 0.350059 0.350059 0.350059 0.350059 0.350059 0.350059 0.350059 0.350058 0.350059 0.350059 0.350059 0.350059 0.350059 0.350059 0.350059 0.350059 0.000000 0.000000
0.000000 0.000000 0.349998 0.349998 0.349998 0.349998 0.349998 0.349998 0.349998 0.349998 0.349998 0.349998 0.349998 0.349998 0.349998 0.349998 0.349998 0.349998 0.349998 0.000000 0.000000
0.000000 0.000000 0.350834 0.350834 0.350831 0.350832 0.350835 0.350834 0.350834 0.350834 0.350835 0.350834 0.350834 0.350834 0.350835 0.350832 0.350831 0.350834 0.350834 0.000000 0.000000
0.000000 0.000000 0.354065 0.354065 0.354063 0.354063 0.354066 0.354065 0.354065 0.354066 0.354066 0.354066 0.354065 0.354065 0.354066 0.354063 0.354063 0.354065 0.354065 0.000000 0.000000
0.000000 0.000000 0.358237 0.358237 0.358235 0.358235 0.358238 0.358237 0.358237 0.358238 0.358238 0.358238 0.358237 0.358237 0.358238 0.358235 0.358235 0.358237 0.358237 0.000000 0.000000
0.000000 0.000000 0.362050 0.362050 0.362048 0.362049 0.362051 0.362050 0.362050 0.362051 0.362051 0.362051 0.362050 0.362050 0.362051 0.362049 0.362048 0.362050 0.362050 0.000000 0.000000
0.000000 0.000000 0.365529 0.365529 0.365527 0.365528 0.365529 0.365529 0.365529 0.365530 0.365530 0.365530 0.365529 0.365529 0.365529 0.365528 0.365527 0.365529 0.365529 0.000000 0.000000
0.000000 0.000000 0.368769 0.368769 0.368768 0.368768 0.368769 0.368769 0.368769 0.368770 0.368770 0.368770 0.368769 0.368769 0.368769 0.368768 0.368768 0.368769 0.368769 0.000000 0.000000
0.000000 0.000000 0.371846 0.371846 0.371845 0.371845 0.371847 0.371846 0.371846 0.371847 0.371847 0.371847 0.371846 0.371846 0.371847 0.371845 0.371845 0.371846 0.371846 0.000000 0.000000
0.000000 0.000000 0.374796 0.374796 0.374794 0.374795 0.374796 0.374796 0.374796 0.374796 0.374797 0.374796 0.374796 0.374796 0.374796 0.374795 0.374794 0.374796 0.374796 0.000000 0.000000
0.000000 0.000000 0.377646 0.377646 0.377644 0.377645 0.377646 0.377646 0.377646 0.377646 0.377647 0.377646 0.377646 0.377646 0.377646 0.377645 0.377644 0.377646 0.377646 0.000000 0.000000
0.000000 0.000000 0.380418 0.380418 0.380417 0.380417 0.380418 0.380418 0.380418 0.380418 0.380419 0.380418 0.380418 0.380418 0.380418 0.380417 0.380417 0.380418 0.380418 0.000000 0.000000
0.000000 0.000000 0.383125 0.383125 0.383124 0.383124 0.383125 0.383125 0.383125 0.383125 0.383126 0.383125 0.383125 0.383125 0.383125 0.383124 0.383124 0.383125 0.383125 0.000000 0.000000
0.000000 0.000000 0.385776 0.385776 0.385775 0.385775 0.385777 0.385776 0.385776 0.385777 0.385777 0.385777 0.385776 0.385776 0.385777 0.385775 0.385775 0.385776 0.385776 0.000000 0.000000
0.000000 0.000000 0.388376 0.388376 0.388375 0.388376 0.388377 0.388376 0.388376 0.388377 0.388377 0.388377 0.388376 0.388376 0.388377 0.388376 0.388375 0.388376 0.388376 0.000000 0.000000
0.000000 0.000000 0.390928 0.390928 0.390926 0.390927 0.390928 0.390928 0.390928 0.390928 0.390928 0.390928 0.390928 0.390928 0.390928 0.390927 0.390926 0.390928 0.390928 0.000000 0.000000
0.000000 0.000000 0.393473 0.393473 0.393472 0.393472 0.393473 0.393473 0.393473 0.393474 0.393474 0.393474 0.393473 0.393473 0.393473 0.393472 0.393472 0.393473 0.393473 0.000000 0.000000
0.000000 0.000000 0.350000 0.350000 0.350000 0.350000 0.350000 0.350000 0.350000 0.350000 0.350000 0.350000 0.350000 0.350000 0.350000 0.350000 0.350000 0.350000 0.350000 0.000000 0.000000
0.000000 0.000000 0.000000 0.000000 0.000000 0.000000 0.000000 0.000000 0.000000 0.000000 0.000000 0.000000 0.000000 0.000000 0.000000 0.000000 0.000000 0.000000 0.000000 0.000000 0.000000