geotop/1.0zi/1.0Montebello/Templates/testdem/maps/_Eocsilt7008.asc
ncols         21
nrows         20
xllcorner     100.000000
yllcorner     100.000000
cellsize      50.000000
NODATA_value  -9999.0
0.000000 0.000000 0.000000 0.000000 0.000000 0.000000 0.000000 0.000000 0.000000 0.000000 0.000000 0.000000 0.000000 0.000000 0.000000 0.000000 0.000000 0.000000 0.000000 0.000000 0.000000
0.000000 0.000000 0.350140 0.350141 0.350141 0.350141 0.350141 0.350141 0.350141 0.350141 0.350141 0.350141 0.350141 0.350141 0.350141 0.350141 0.350141 0.350141 0.350140 0.000000 0.000000
0.000000 0.000000 0.350003 0.350003 0.350003 0.350003 0.350003 0.350003 0.350003 0.350003 0.350003 0.350003 0.350004 0.350004 0.350003 0.350003 0.350001 0.350001 0.350003 0.000000 0.000000
0.000000 0.000000 0.350060 0.350057 0.350056 0.350050 0.350051 0.350048 0.350051 0.350051 0.350049 0.350051 0.350050 0.350050 0.350052 0.350055 0.350058 0.350059 0.350059 0.000000 0.000000
0.000000 0.000000 0.350738 0.350744 0.350740 0.350732 0.350727 0.350720 0.350719 0.350717 0.350717 0.350717 0.350718 0.350720 0.350731 0.350735 0.350734 0.350741 0.350746 0.000000 0.000000
0.000000 0.000000 0.352782 0.352784 0.352775 0.352762 0.352745 0.352725 0.352726 0.352720 0.352724 0.352725 0.352725 0.352724 0.352734 0.352744 0.352753 0.352759 0.352766 0.000000 0.000000
0.000000 0.000000 0.355819 0.355816 0.355806 0.355783 0.355756 0.355727 0.355729 0.355725 0.355727 0.355725 0.355722 0.355727 0.355750 0.355773 0.355787 0.355799 0.355808 0.000000 0.000000
0.000000 0.000000 0.359463 0.359462 0.359457 0.359435 0.359408 0.359377 0.359378 0.359374 0.359373 0.359370 0.359368 0.359374 0.359400 0.359424 0.359445 0.359450 0.359462 0.000000 0.000000
0.000000 0.000000 0.363324 0.363317 0.363304 0.363289 0.363262 0.363226 0.363228 0.363220 0.363218 0.363216 0.363217 0.363216 0.363251 0.363280 0.363296 0.363304 0.363315 0.000000 0.000000
0.000000 0.000000 0.367290 0.367283 0.367276 0.367263 0.367225 0.367193 0.367195 0.367190 0.367185 0.367187 0.367191 0.367189 0.367218 0.367250 0.367268 0.367273 0.367282 0.000000 0.000000
0.000000 0.000000 0.371457 0.371452 0.371446 0.371416 0.371390 0.371354 0.371362 0.371343 0.371345 0.371344 0.371337 0.371350 0.371374 0.371394 0.371417 0.371429 0.371447 0.000000 0.000000
0.000000 0.000000 0.375945 0.375933 0.375919 0.375899 0.375872 0.375827 0.375828 0.375819 0.375830 0.375816 0.375818 0.375823 0.375866 0.375887 0.375903 0.375911 0.375953 0.000000 0.000000
0.000000 0.000000 0.380661 0.380649 0.380642 0.380617 0.380593 0.380492 0.380492 0.380484 0.380460 0.380471 0.380477 0.380487 0.380563 0.380585 0.380622 0.380626 0.380653 0.000000 0.000000
0.000000 0.000000 0.385952 0.385947 0.385928 0.385910 0.385799 0.385785 0.385763 0.385762 0.385762 0.385758 0.385756 0.385753 0.385756 0.385872 0.385898 0.385928 0.385958 0.000000 0.000000
0.000000 0.000000 0.391970 0.391961 0.391934 0.391807 0.391788 0.391724 0.391688 0.391680 0.391659 0.391641 0.391655 0.391650 0.391709 0.391739 0.391910 0.391892 0.391906 0.000000 0.000000
0.000000 0.000000 0.398493 0.398483 0.398306 0.398311 0.398302 0.398264 0.398317 0.398293 0.398319 0.398300 0.398275 0.398318 0.398340 0.398351 0.398284 0.398519 0.398520 0.000000 0.000000
0.000000 0.000000 0.406347 0.406083 0.406060 0.405978 0.405845 0.405800 0.405758 0.405764 0.405698 0.405697 0.405730 0.405705 0.405770 0.405869 0.406043 0.406007 0.406279 0.000000 0.000000
0.000000 0.000000 0.411043 0.411179 0.411425 0.411389 0.411343 0.411106 0.411117 0.411057 0.411128 0.411108 0.411110 0.411129 0.411340 0.411373 0.411464 0.411232 0.411109 0.000000 0.000000
0.000000 0.000000 0.350000 0.350000 0.350000 0.350000 0.350000 0.350000 0.350000 0.350000 0.350000 0.350000 0.350000 0.350000 0.350000 0.350000 0.350000 0.350000 0.350000 0.000000 0.000000
0.000000 0.000000 0.000000 0.000000 0.000000 0.000000 0.000000 0.000000 0.000000 0.000000 0.000000 0.000000 0.000000 0.000000 0.000000 0.000000 0.000000 0.000000 0.000000 0.000000 0.000000