geotop/1.0zi/1.0Montebello/Templates/testdem/maps/_Eocclay3647.asc
ncols         21
nrows         20
xllcorner     100.000000
yllcorner     100.000000
cellsize      50.000000
NODATA_value  -9999.0
0.000000 0.000000 0.000000 0.000000 0.000000 0.000000 0.000000 0.000000 0.000000 0.000000 0.000000 0.000000 0.000000 0.000000 0.000000 0.000000 0.000000 0.000000 0.000000 0.000000 0.000000
0.000000 0.000000 0.349806 0.349806 0.349806 0.349806 0.349806 0.349806 0.349806 0.349806 0.349805 0.349806 0.349806 0.349806 0.349806 0.349806 0.349806 0.349806 0.349806 0.000000 0.000000
0.000000 0.000000 0.349996 0.349996 0.349995 0.349996 0.349996 0.349996 0.349996 0.349996 0.349996 0.349996 0.349996 0.349996 0.349996 0.349996 0.349995 0.349996 0.349996 0.000000 0.000000
0.000000 0.000000 0.351302 0.351302 0.351299 0.351300 0.351301 0.351301 0.351301 0.351302 0.351302 0.351302 0.351301 0.351301 0.351301 0.351300 0.351299 0.351302 0.351302 0.000000 0.000000
0.000000 0.000000 0.356811 0.356810 0.356808 0.356809 0.356812 0.356810 0.356810 0.356811 0.356811 0.356811 0.356810 0.356810 0.356812 0.356809 0.356808 0.356810 0.356811 0.000000 0.000000
0.000000 0.000000 0.362966 0.362964 0.362963 0.362963 0.362965 0.362964 0.362964 0.362965 0.362965 0.362965 0.362964 0.362964 0.362965 0.362963 0.362963 0.362964 0.362966 0.000000 0.000000
0.000000 0.000000 0.368739 0.368738 0.368737 0.368737 0.368739 0.368738 0.368737 0.368738 0.368739 0.368738 0.368737 0.368738 0.368739 0.368737 0.368737 0.368738 0.368739 0.000000 0.000000
0.000000 0.000000 0.373986 0.373985 0.373984 0.373984 0.373986 0.373985 0.373985 0.373985 0.373986 0.373985 0.373985 0.373985 0.373986 0.373984 0.373984 0.373985 0.373986 0.000000 0.000000
0.000000 0.000000 0.378826 0.378826 0.378825 0.378825 0.378826 0.378826 0.378825 0.378826 0.378826 0.378826 0.378825 0.378826 0.378826 0.378825 0.378825 0.378826 0.378826 0.000000 0.000000
0.000000 0.000000 0.383373 0.383372 0.383371 0.383372 0.383373 0.383372 0.383372 0.383372 0.383373 0.383372 0.383372 0.383372 0.383373 0.383372 0.383371 0.383372 0.383373 0.000000 0.000000
0.000000 0.000000 0.387684 0.387684 0.387683 0.387683 0.387684 0.387684 0.387684 0.387684 0.387684 0.387684 0.387684 0.387684 0.387684 0.387683 0.387683 0.387684 0.387684 0.000000 0.000000
0.000000 0.000000 0.391803 0.391803 0.391802 0.391802 0.391803 0.391803 0.391803 0.391803 0.391803 0.391803 0.391803 0.391803 0.391803 0.391802 0.391802 0.391803 0.391803 0.000000 0.000000
0.000000 0.000000 0.395761 0.395760 0.395759 0.395760 0.395761 0.395760 0.395760 0.395760 0.395761 0.395760 0.395760 0.395760 0.395761 0.395760 0.395759 0.395760 0.395761 0.000000 0.000000
0.000000 0.000000 0.399586 0.399585 0.399584 0.399584 0.399585 0.399585 0.399585 0.399585 0.399586 0.399585 0.399585 0.399585 0.399585 0.399584 0.399584 0.399585 0.399586 0.000000 0.000000
0.000000 0.000000 0.403290 0.403289 0.403288 0.403289 0.403290 0.403289 0.403289 0.403289 0.403290 0.403289 0.403289 0.403289 0.403290 0.403289 0.403288 0.403289 0.403290 0.000000 0.000000
0.000000 0.000000 0.406878 0.406878 0.406877 0.406877 0.406878 0.406878 0.406878 0.406878 0.406878 0.406878 0.406878 0.406878 0.406878 0.406877 0.406877 0.406878 0.406878 0.000000 0.000000
0.000000 0.000000 0.410363 0.410363 0.410362 0.410362 0.410363 0.410363 0.410363 0.410363 0.410363 0.410363 0.410363 0.410363 0.410363 0.410362 0.410362 0.410363 0.410363 0.000000 0.000000
0.000000 0.000000 0.413793 0.413793 0.413792 0.413792 0.413793 0.413793 0.413792 0.413793 0.413793 0.413793 0.413792 0.413793 0.413793 0.413792 0.413792 0.413793 0.413793 0.000000 0.000000
0.000000 0.000000 0.350000 0.350000 0.350000 0.350000 0.350000 0.350000 0.350000 0.350000 0.350000 0.350000 0.350000 0.350000 0.350000 0.350000 0.350000 0.350000 0.350000 0.000000 0.000000
0.000000 0.000000 0.000000 0.000000 0.000000 0.000000 0.000000 0.000000 0.000000 0.000000 0.000000 0.000000 0.000000 0.000000 0.000000 0.000000 0.000000 0.000000 0.000000 0.000000 0.000000