geotop/1.0zi/1.0Montebello/Templates/testdem/maps/_Eocsand9772.asc
ncols         21
nrows         20
xllcorner     100.000000
yllcorner     100.000000
cellsize      50.000000
NODATA_value  -9999.0
0.000000 0.000000 0.000000 0.000000 0.000000 0.000000 0.000000 0.000000 0.000000 0.000000 0.000000 0.000000 0.000000 0.000000 0.000000 0.000000 0.000000 0.000000 0.000000 0.000000 0.000000
0.000000 0.000000 0.300241 0.300238 0.300239 0.300239 0.300238 0.300238 0.300238 0.300239 0.300239 0.300239 0.300239 0.300239 0.300239 0.300238 0.300240 0.300239 0.300239 0.000000 0.000000
0.000000 0.000000 0.300011 0.300013 0.300013 0.300011 0.300012 0.300013 0.300012 0.300012 0.300012 0.300012 0.300011 0.300012 0.300012 0.300012 0.300013 0.300013 0.300014 0.000000 0.000000
0.000000 0.000000 0.299810 0.299808 0.299817 0.299825 0.299824 0.299830 0.299822 0.299824 0.299824 0.299823 0.299821 0.299823 0.299818 0.299811 0.299808 0.299805 0.299806 0.000000 0.000000
0.000000 0.000000 0.297020 0.297021 0.297037 0.297070 0.297097 0.297107 0.297107 0.297108 0.297111 0.297104 0.297098 0.297099 0.297075 0.297061 0.297046 0.297037 0.297024 0.000000 0.000000
0.000000 0.000000 0.289409 0.289421 0.289458 0.289520 0.289584 0.289642 0.289638 0.289651 0.289650 0.289649 0.289638 0.289643 0.289608 0.289553 0.289526 0.289505 0.289493 0.000000 0.000000
0.000000 0.000000 0.279016 0.279039 0.279069 0.279143 0.279225 0.279335 0.279333 0.279344 0.279352 0.279352 0.279352 0.279348 0.279256 0.279189 0.279148 0.279120 0.279104 0.000000 0.000000
0.000000 0.000000 0.266653 0.266680 0.266711 0.266799 0.266890 0.266991 0.266989 0.267003 0.267014 0.267020 0.267022 0.267006 0.266920 0.266845 0.266779 0.266765 0.266736 0.000000 0.000000
0.000000 0.000000 0.253067 0.253105 0.253153 0.253222 0.253325 0.253446 0.253434 0.253459 0.253475 0.253479 0.253472 0.253479 0.253359 0.253269 0.253217 0.253196 0.253170 0.000000 0.000000
0.000000 0.000000 0.238057 0.238110 0.238148 0.238222 0.238335 0.238461 0.238459 0.238477 0.238503 0.238492 0.238476 0.238483 0.238386 0.238270 0.238209 0.238186 0.238174 0.000000 0.000000
0.000000 0.000000 0.220973 0.221016 0.221054 0.221218 0.221271 0.221441 0.221405 0.221489 0.221483 0.221495 0.221522 0.221476 0.221367 0.221295 0.221209 0.221179 0.221105 0.000000 0.000000
0.000000 0.000000 0.201019 0.201109 0.201209 0.201288 0.201377 0.201590 0.201594 0.201606 0.201581 0.201655 0.201619 0.201631 0.201437 0.201324 0.201279 0.201252 0.201103 0.000000 0.000000
0.000000 0.000000 0.178512 0.178596 0.178620 0.178777 0.178886 0.179449 0.179460 0.179497 0.179696 0.179575 0.179562 0.179514 0.179092 0.178996 0.178790 0.178779 0.178743 0.000000 0.000000
0.000000 0.000000 0.150633 0.150674 0.150853 0.150965 0.151751 0.151477 0.151646 0.151648 0.151545 0.151652 0.151671 0.151754 0.152005 0.151138 0.151106 0.150905 0.150783 0.000000 0.000000
0.000000 0.000000 0.118995 0.119089 0.119247 0.120260 0.119832 0.120464 0.120605 0.120674 0.120904 0.120980 0.120864 0.120859 0.120298 0.120708 0.119388 0.119699 0.119746 0.000000 0.000000
0.000000 0.000000 0.090835 0.090890 0.091977 0.091404 0.091604 0.091554 0.091076 0.091205 0.090948 0.090990 0.091197 0.090941 0.091093 0.090907 0.092142 0.090478 0.090503 0.000000 0.000000
0.000000 0.000000 0.066854 0.067661 0.067449 0.067787 0.068212 0.068348 0.068595 0.068539 0.068805 0.068774 0.068622 0.068778 0.068556 0.068238 0.067519 0.068040 0.067200 0.000000 0.000000
0.000000 0.000000 0.056809 0.056734 0.056261 0.056426 0.056583 0.057010 0.057044 0.057131 0.057060 0.057084 0.057050 0.057054 0.056663 0.056543 0.056243 0.056770 0.056838 0.000000 0.000000
0.000000 0.000000 0.300000 0.300000 0.300000 0.300000 0.300000 0.300000 0.300000 0.300000 0.300000 0.300000 0.300000 0.300000 0.300000 0.300000 0.300000 0.300000 0.300000 0.000000 0.000000
0.000000 0.000000 0.000000 0.000000 0.000000 0.000000 0.000000 0.000000 0.000000 0.000000 0.000000 0.000000 0.000000 0.000000 0.000000 0.000000 0.000000 0.000000 0.000000 0.000000 0.000000