geotop/1.0zi/1.0Montebello/Templates/testdem/maps/_Eocclay2150.asc
ncols         21
nrows         20
xllcorner     100.000000
yllcorner     100.000000
cellsize      50.000000
NODATA_value  -9999.0
0.000000 0.000000 0.000000 0.000000 0.000000 0.000000 0.000000 0.000000 0.000000 0.000000 0.000000 0.000000 0.000000 0.000000 0.000000 0.000000 0.000000 0.000000 0.000000 0.000000 0.000000
0.000000 0.000000 0.349886 0.349886 0.349886 0.349886 0.349886 0.349886 0.349886 0.349886 0.349886 0.349886 0.349886 0.349886 0.349886 0.349886 0.349886 0.349886 0.349886 0.000000 0.000000
0.000000 0.000000 0.349993 0.349993 0.349993 0.349993 0.349993 0.349993 0.349993 0.349993 0.349993 0.349993 0.349993 0.349993 0.349993 0.349993 0.349993 0.349993 0.349993 0.000000 0.000000
0.000000 0.000000 0.350657 0.350657 0.350654 0.350655 0.350657 0.350657 0.350656 0.350657 0.350657 0.350657 0.350656 0.350657 0.350657 0.350655 0.350654 0.350657 0.350657 0.000000 0.000000
0.000000 0.000000 0.353637 0.353637 0.353635 0.353635 0.353638 0.353637 0.353637 0.353639 0.353639 0.353639 0.353637 0.353637 0.353638 0.353635 0.353635 0.353637 0.353637 0.000000 0.000000
0.000000 0.000000 0.357152 0.357152 0.357150 0.357150 0.357153 0.357152 0.357152 0.357153 0.357153 0.357153 0.357152 0.357152 0.357153 0.357150 0.357150 0.357152 0.357152 0.000000 0.000000
0.000000 0.000000 0.360488 0.360487 0.360486 0.360486 0.360488 0.360487 0.360487 0.360488 0.360488 0.360488 0.360487 0.360487 0.360488 0.360486 0.360486 0.360487 0.360488 0.000000 0.000000
0.000000 0.000000 0.363558 0.363558 0.363556 0.363557 0.363558 0.363558 0.363558 0.363559 0.363559 0.363559 0.363558 0.363558 0.363558 0.363557 0.363556 0.363558 0.363558 0.000000 0.000000
0.000000 0.000000 0.366430 0.366430 0.366429 0.366429 0.366431 0.366430 0.366430 0.366431 0.366431 0.366431 0.366430 0.366430 0.366431 0.366429 0.366429 0.366430 0.366430 0.000000 0.000000
0.000000 0.000000 0.369173 0.369173 0.369171 0.369172 0.369173 0.369173 0.369173 0.369173 0.369173 0.369173 0.369173 0.369173 0.369173 0.369172 0.369171 0.369173 0.369173 0.000000 0.000000
0.000000 0.000000 0.371816 0.371816 0.371815 0.371815 0.371816 0.371816 0.371816 0.371816 0.371817 0.371816 0.371816 0.371816 0.371816 0.371815 0.371815 0.371816 0.371816 0.000000 0.000000
0.000000 0.000000 0.374384 0.374383 0.374382 0.374383 0.374384 0.374383 0.374383 0.374384 0.374384 0.374384 0.374383 0.374383 0.374384 0.374383 0.374382 0.374383 0.374384 0.000000 0.000000
0.000000 0.000000 0.376893 0.376893 0.376892 0.376892 0.376894 0.376893 0.376893 0.376894 0.376894 0.376894 0.376893 0.376893 0.376894 0.376892 0.376892 0.376893 0.376893 0.000000 0.000000
0.000000 0.000000 0.379352 0.379351 0.379350 0.379351 0.379352 0.379351 0.379351 0.379352 0.379352 0.379352 0.379351 0.379351 0.379352 0.379351 0.379350 0.379351 0.379352 0.000000 0.000000
0.000000 0.000000 0.381768 0.381768 0.381767 0.381767 0.381769 0.381768 0.381768 0.381769 0.381769 0.381769 0.381768 0.381768 0.381769 0.381767 0.381767 0.381768 0.381768 0.000000 0.000000
0.000000 0.000000 0.384149 0.384148 0.384147 0.384148 0.384149 0.384148 0.384148 0.384149 0.384149 0.384149 0.384148 0.384148 0.384149 0.384148 0.384147 0.384148 0.384149 0.000000 0.000000
0.000000 0.000000 0.386493 0.386492 0.386491 0.386492 0.386493 0.386493 0.386493 0.386493 0.386493 0.386493 0.386493 0.386493 0.386493 0.386492 0.386491 0.386492 0.386493 0.000000 0.000000
0.000000 0.000000 0.388834 0.388834 0.388833 0.388833 0.388835 0.388834 0.388834 0.388835 0.388835 0.388835 0.388834 0.388834 0.388835 0.388833 0.388833 0.388834 0.388834 0.000000 0.000000
0.000000 0.000000 0.350000 0.350000 0.350000 0.350000 0.350000 0.350000 0.350000 0.350000 0.350000 0.350000 0.350000 0.350000 0.350000 0.350000 0.350000 0.350000 0.350000 0.000000 0.000000
0.000000 0.000000 0.000000 0.000000 0.000000 0.000000 0.000000 0.000000 0.000000 0.000000 0.000000 0.000000 0.000000 0.000000 0.000000 0.000000 0.000000 0.000000 0.000000 0.000000 0.000000