geotop/1.0zi/1.0Montebello/Templates/testdem/maps/_Eocsand1667.asc
ncols         21
nrows         20
xllcorner     100.000000
yllcorner     100.000000
cellsize      50.000000
NODATA_value  -9999.0
0.000000 0.000000 0.000000 0.000000 0.000000 0.000000 0.000000 0.000000 0.000000 0.000000 0.000000 0.000000 0.000000 0.000000 0.000000 0.000000 0.000000 0.000000 0.000000 0.000000 0.000000
0.000000 0.000000 0.300052 0.300052 0.300052 0.300052 0.300052 0.300052 0.300052 0.300052 0.300052 0.300052 0.300052 0.300052 0.300052 0.300052 0.300052 0.300052 0.300052 0.000000 0.000000
0.000000 0.000000 0.300008 0.300008 0.300009 0.300008 0.300008 0.300008 0.300008 0.300008 0.300008 0.300008 0.300008 0.300008 0.300008 0.300008 0.300009 0.300008 0.300008 0.000000 0.000000
0.000000 0.000000 0.298719 0.298719 0.298724 0.298722 0.298718 0.298719 0.298719 0.298718 0.298718 0.298718 0.298719 0.298719 0.298718 0.298722 0.298724 0.298719 0.298719 0.000000 0.000000
0.000000 0.000000 0.293876 0.293877 0.293881 0.293880 0.293874 0.293875 0.293876 0.293873 0.293874 0.293873 0.293876 0.293875 0.293874 0.293880 0.293881 0.293877 0.293876 0.000000 0.000000
0.000000 0.000000 0.288173 0.288174 0.288177 0.288176 0.288171 0.288172 0.288172 0.288171 0.288171 0.288171 0.288172 0.288172 0.288171 0.288176 0.288177 0.288174 0.288173 0.000000 0.000000
0.000000 0.000000 0.282848 0.282849 0.282852 0.282851 0.282847 0.282848 0.282848 0.282847 0.282847 0.282847 0.282848 0.282848 0.282847 0.282851 0.282852 0.282849 0.282848 0.000000 0.000000
0.000000 0.000000 0.277955 0.277956 0.277959 0.277958 0.277954 0.277955 0.277955 0.277954 0.277954 0.277954 0.277955 0.277955 0.277954 0.277958 0.277959 0.277956 0.277955 0.000000 0.000000
0.000000 0.000000 0.273374 0.273375 0.273377 0.273376 0.273373 0.273374 0.273374 0.273373 0.273373 0.273373 0.273374 0.273374 0.273373 0.273376 0.273377 0.273375 0.273374 0.000000 0.000000
0.000000 0.000000 0.268992 0.268992 0.268995 0.268994 0.268991 0.268992 0.268992 0.268991 0.268991 0.268991 0.268992 0.268992 0.268991 0.268994 0.268995 0.268992 0.268992 0.000000 0.000000
0.000000 0.000000 0.264762 0.264762 0.264765 0.264764 0.264761 0.264761 0.264762 0.264761 0.264761 0.264761 0.264762 0.264761 0.264761 0.264764 0.264765 0.264762 0.264762 0.000000 0.000000
0.000000 0.000000 0.260643 0.260644 0.260646 0.260645 0.260642 0.260643 0.260643 0.260642 0.260642 0.260642 0.260643 0.260643 0.260642 0.260645 0.260646 0.260644 0.260643 0.000000 0.000000
0.000000 0.000000 0.256607 0.256607 0.256610 0.256609 0.256606 0.256607 0.256607 0.256606 0.256606 0.256606 0.256607 0.256607 0.256606 0.256609 0.256610 0.256607 0.256607 0.000000 0.000000
0.000000 0.000000 0.252651 0.252652 0.252654 0.252653 0.252650 0.252651 0.252651 0.252651 0.252651 0.252651 0.252651 0.252651 0.252650 0.252653 0.252654 0.252652 0.252651 0.000000 0.000000
0.000000 0.000000 0.248758 0.248759 0.248761 0.248760 0.248757 0.248758 0.248758 0.248757 0.248757 0.248757 0.248758 0.248758 0.248757 0.248760 0.248761 0.248759 0.248758 0.000000 0.000000
0.000000 0.000000 0.244914 0.244914 0.244917 0.244916 0.244913 0.244914 0.244914 0.244913 0.244913 0.244913 0.244914 0.244914 0.244913 0.244916 0.244917 0.244914 0.244914 0.000000 0.000000
0.000000 0.000000 0.241117 0.241117 0.241120 0.241119 0.241116 0.241117 0.241117 0.241116 0.241116 0.241116 0.241117 0.241117 0.241116 0.241119 0.241120 0.241117 0.241117 0.000000 0.000000
0.000000 0.000000 0.237290 0.237290 0.237293 0.237292 0.237289 0.237290 0.237290 0.237289 0.237289 0.237289 0.237290 0.237290 0.237289 0.237292 0.237293 0.237290 0.237290 0.000000 0.000000
0.000000 0.000000 0.300000 0.300000 0.300000 0.300000 0.300000 0.300000 0.300000 0.300000 0.300000 0.300000 0.300000 0.300000 0.300000 0.300000 0.300000 0.300000 0.300000 0.000000 0.000000
0.000000 0.000000 0.000000 0.000000 0.000000 0.000000 0.000000 0.000000 0.000000 0.000000 0.000000 0.000000 0.000000 0.000000 0.000000 0.000000 0.000000 0.000000 0.000000 0.000000 0.000000