geotop/1.0zi/1.0Montebello/Templates/testdem/maps/_Eocclay7728.asc
ncols         21
nrows         20
xllcorner     100.000000
yllcorner     100.000000
cellsize      50.000000
NODATA_value  -9999.0
0.000000 0.000000 0.000000 0.000000 0.000000 0.000000 0.000000 0.000000 0.000000 0.000000 0.000000 0.000000 0.000000 0.000000 0.000000 0.000000 0.000000 0.000000 0.000000 0.000000 0.000000
0.000000 0.000000 0.349645 0.349647 0.349647 0.349646 0.349648 0.349648 0.349647 0.349648 0.349646 0.349648 0.349648 0.349647 0.349648 0.349647 0.349645 0.349646 0.349646 0.000000 0.000000
0.000000 0.000000 0.349985 0.349984 0.349985 0.349986 0.349984 0.349984 0.349984 0.349984 0.349983 0.349983 0.349984 0.349983 0.349984 0.349985 0.349985 0.349984 0.349983 0.000000 0.000000
0.000000 0.000000 0.350003 0.350008 0.350004 0.350003 0.350007 0.350004 0.350006 0.350003 0.350006 0.350004 0.350004 0.350003 0.350005 0.350007 0.350006 0.350009 0.350007 0.000000 0.000000
0.000000 0.000000 0.350956 0.350953 0.350949 0.350944 0.350928 0.350926 0.350924 0.350927 0.350923 0.350924 0.350920 0.350924 0.350933 0.350935 0.350943 0.350945 0.350951 0.000000 0.000000
0.000000 0.000000 0.353593 0.353591 0.353580 0.353551 0.353538 0.353514 0.353515 0.353508 0.353512 0.353511 0.353513 0.353515 0.353526 0.353545 0.353559 0.353574 0.353580 0.000000 0.000000
0.000000 0.000000 0.357241 0.357237 0.357229 0.357205 0.357175 0.357139 0.357137 0.357132 0.357133 0.357134 0.357134 0.357135 0.357167 0.357195 0.357211 0.357224 0.357231 0.000000 0.000000
0.000000 0.000000 0.361580 0.361578 0.361570 0.361540 0.361512 0.361472 0.361471 0.361467 0.361466 0.361464 0.361462 0.361470 0.361504 0.361529 0.361553 0.361563 0.361575 0.000000 0.000000
0.000000 0.000000 0.366155 0.366148 0.366134 0.366116 0.366086 0.366045 0.366047 0.366038 0.366035 0.366033 0.366034 0.366034 0.366074 0.366106 0.366125 0.366135 0.366144 0.000000 0.000000
0.000000 0.000000 0.370968 0.370958 0.370952 0.370933 0.370889 0.370852 0.370852 0.370847 0.370841 0.370844 0.370850 0.370847 0.370882 0.370919 0.370942 0.370950 0.370958 0.000000 0.000000
0.000000 0.000000 0.376169 0.376162 0.376153 0.376116 0.376085 0.376041 0.376050 0.376027 0.376030 0.376029 0.376020 0.376036 0.376067 0.376090 0.376119 0.376135 0.376155 0.000000 0.000000
0.000000 0.000000 0.381881 0.381865 0.381847 0.381822 0.381788 0.381734 0.381731 0.381724 0.381736 0.381717 0.381722 0.381726 0.381781 0.381809 0.381829 0.381841 0.381890 0.000000 0.000000
0.000000 0.000000 0.388005 0.387989 0.387982 0.387947 0.387917 0.387782 0.387780 0.387771 0.387737 0.387754 0.387762 0.387775 0.387879 0.387907 0.387958 0.387964 0.387990 0.000000 0.000000
0.000000 0.000000 0.395086 0.395080 0.395053 0.395027 0.394865 0.394867 0.394832 0.394832 0.394838 0.394830 0.394827 0.394821 0.394814 0.394983 0.395014 0.395059 0.395093 0.000000 0.000000
0.000000 0.000000 0.403356 0.403341 0.403306 0.403105 0.403107 0.403008 0.402957 0.402946 0.402913 0.402888 0.402910 0.402905 0.403001 0.403013 0.403279 0.403244 0.403253 0.000000 0.000000
0.000000 0.000000 0.412452 0.412437 0.412149 0.412202 0.412185 0.412147 0.412247 0.412212 0.412263 0.412238 0.412194 0.412266 0.412282 0.412297 0.412122 0.412526 0.412521 0.000000 0.000000
0.000000 0.000000 0.423801 0.423341 0.423391 0.423230 0.423001 0.422934 0.422827 0.422850 0.422722 0.422730 0.422800 0.422736 0.422850 0.423019 0.423372 0.423190 0.423663 0.000000 0.000000
0.000000 0.000000 0.428925 0.429309 0.429731 0.429712 0.429703 0.429307 0.429354 0.429244 0.429409 0.429373 0.429356 0.429409 0.429748 0.429754 0.429805 0.429451 0.429079 0.000000 0.000000
0.000000 0.000000 0.350000 0.350000 0.350000 0.350000 0.350000 0.350000 0.350000 0.350000 0.350000 0.350000 0.350000 0.350000 0.350000 0.350000 0.350000 0.350000 0.350000 0.000000 0.000000
0.000000 0.000000 0.000000 0.000000 0.000000 0.000000 0.000000 0.000000 0.000000 0.000000 0.000000 0.000000 0.000000 0.000000 0.000000 0.000000 0.000000 0.000000 0.000000 0.000000 0.000000