geotop/1.0zi/1.0Montebello/Templates/testdem/maps/_Eocsand8324.asc
ncols         21
nrows         20
xllcorner     100.000000
yllcorner     100.000000
cellsize      50.000000
NODATA_value  -9999.0
0.000000 0.000000 0.000000 0.000000 0.000000 0.000000 0.000000 0.000000 0.000000 0.000000 0.000000 0.000000 0.000000 0.000000 0.000000 0.000000 0.000000 0.000000 0.000000 0.000000 0.000000
0.000000 0.000000 0.300209 0.300206 0.300206 0.300207 0.300206 0.300206 0.300206 0.300206 0.300207 0.300206 0.300206 0.300206 0.300206 0.300206 0.300208 0.300207 0.300207 0.000000 0.000000
0.000000 0.000000 0.300011 0.300012 0.300012 0.300010 0.300011 0.300012 0.300012 0.300012 0.300012 0.300012 0.300011 0.300012 0.300011 0.300011 0.300012 0.300013 0.300013 0.000000 0.000000
0.000000 0.000000 0.299893 0.299893 0.299897 0.299905 0.299900 0.299909 0.299904 0.299906 0.299906 0.299906 0.299906 0.299908 0.299903 0.299898 0.299896 0.299893 0.299894 0.000000 0.000000
0.000000 0.000000 0.297936 0.297933 0.297942 0.297957 0.297980 0.297989 0.297996 0.297994 0.297999 0.297997 0.298000 0.297994 0.297971 0.297965 0.297953 0.297939 0.297929 0.000000 0.000000
0.000000 0.000000 0.292181 0.292182 0.292204 0.292249 0.292284 0.292332 0.292333 0.292346 0.292337 0.292339 0.292335 0.292334 0.292311 0.292275 0.292246 0.292224 0.292212 0.000000 0.000000
0.000000 0.000000 0.284161 0.284168 0.284188 0.284239 0.284304 0.284379 0.284381 0.284390 0.284388 0.284389 0.284392 0.284385 0.284321 0.284262 0.284226 0.284197 0.284181 0.000000 0.000000
0.000000 0.000000 0.274649 0.274653 0.274668 0.274727 0.274790 0.274873 0.274875 0.274884 0.274885 0.274892 0.274895 0.274880 0.274809 0.274752 0.274698 0.274681 0.274656 0.000000 0.000000
0.000000 0.000000 0.264455 0.264471 0.264500 0.264538 0.264606 0.264696 0.264693 0.264712 0.264717 0.264721 0.264718 0.264720 0.264633 0.264562 0.264518 0.264495 0.264475 0.000000 0.000000
0.000000 0.000000 0.253639 0.253658 0.253673 0.253711 0.253809 0.253891 0.253892 0.253902 0.253914 0.253908 0.253896 0.253900 0.253826 0.253744 0.253692 0.253674 0.253658 0.000000 0.000000
0.000000 0.000000 0.241848 0.241860 0.241878 0.241962 0.242030 0.242127 0.242108 0.242160 0.242152 0.242155 0.242174 0.242139 0.242071 0.242019 0.241953 0.241916 0.241873 0.000000 0.000000
0.000000 0.000000 0.228708 0.228742 0.228781 0.228834 0.228912 0.229035 0.229045 0.229057 0.229030 0.229072 0.229060 0.229053 0.228927 0.228862 0.228816 0.228789 0.228681 0.000000 0.000000
0.000000 0.000000 0.214443 0.214475 0.214488 0.214567 0.214636 0.214958 0.214964 0.214982 0.215067 0.215022 0.215004 0.214975 0.214731 0.214664 0.214541 0.214525 0.214475 0.000000 0.000000
0.000000 0.000000 0.197635 0.197643 0.197710 0.197763 0.198170 0.198135 0.198221 0.198219 0.198191 0.198217 0.198229 0.198248 0.198289 0.197865 0.197798 0.197684 0.197607 0.000000 0.000000
0.000000 0.000000 0.177757 0.177793 0.177872 0.178391 0.178339 0.178600 0.178717 0.178746 0.178833 0.178895 0.178837 0.178847 0.178593 0.178614 0.177925 0.178029 0.178019 0.000000 0.000000
0.000000 0.000000 0.155984 0.156013 0.156764 0.156546 0.156606 0.156671 0.156390 0.156477 0.156327 0.156379 0.156504 0.156315 0.156307 0.156260 0.156824 0.155728 0.155746 0.000000 0.000000
0.000000 0.000000 0.129125 0.130294 0.130028 0.130471 0.131056 0.131228 0.131559 0.131481 0.131834 0.131802 0.131600 0.131800 0.131504 0.131069 0.130063 0.130723 0.129504 0.000000 0.000000
0.000000 0.000000 0.119750 0.118654 0.117680 0.117664 0.117604 0.118542 0.118381 0.118659 0.118203 0.118295 0.118367 0.118210 0.117433 0.117476 0.117495 0.118238 0.119312 0.000000 0.000000
0.000000 0.000000 0.300000 0.300000 0.300000 0.300000 0.300000 0.300000 0.300000 0.300000 0.300000 0.300000 0.300000 0.300000 0.300000 0.300000 0.300000 0.300000 0.300000 0.000000 0.000000
0.000000 0.000000 0.000000 0.000000 0.000000 0.000000 0.000000 0.000000 0.000000 0.000000 0.000000 0.000000 0.000000 0.000000 0.000000 0.000000 0.000000 0.000000 0.000000 0.000000 0.000000