geotop/1.0zi/1.0Montebello/Templates/testdem/maps/_Eocclay6458.asc
ncols         21
nrows         20
xllcorner     100.000000
yllcorner     100.000000
cellsize      50.000000
NODATA_value  -9999.0
0.000000 0.000000 0.000000 0.000000 0.000000 0.000000 0.000000 0.000000 0.000000 0.000000 0.000000 0.000000 0.000000 0.000000 0.000000 0.000000 0.000000 0.000000 0.000000 0.000000 0.000000
0.000000 0.000000 0.349711 0.349713 0.349713 0.349712 0.349713 0.349713 0.349713 0.349713 0.349711 0.349713 0.349713 0.349712 0.349713 0.349713 0.349711 0.349711 0.349712 0.000000 0.000000
0.000000 0.000000 0.349989 0.349988 0.349988 0.349989 0.349988 0.349988 0.349988 0.349988 0.349987 0.349987 0.349988 0.349987 0.349988 0.349988 0.349989 0.349989 0.349987 0.000000 0.000000
0.000000 0.000000 0.349983 0.349987 0.349984 0.349985 0.349986 0.349986 0.349987 0.349984 0.349989 0.349986 0.349986 0.349986 0.349986 0.349988 0.349986 0.349988 0.349987 0.000000 0.000000
0.000000 0.000000 0.350594 0.350593 0.350591 0.350587 0.350574 0.350572 0.350572 0.350574 0.350571 0.350570 0.350565 0.350568 0.350574 0.350574 0.350580 0.350581 0.350589 0.000000 0.000000
0.000000 0.000000 0.352434 0.352435 0.352428 0.352404 0.352397 0.352378 0.352379 0.352374 0.352376 0.352378 0.352382 0.352381 0.352387 0.352401 0.352411 0.352423 0.352428 0.000000 0.000000
0.000000 0.000000 0.355160 0.355158 0.355153 0.355134 0.355111 0.355082 0.355081 0.355076 0.355078 0.355079 0.355080 0.355079 0.355102 0.355126 0.355138 0.355147 0.355155 0.000000 0.000000
0.000000 0.000000 0.358438 0.358438 0.358433 0.358410 0.358387 0.358356 0.358356 0.358353 0.358352 0.358351 0.358350 0.358355 0.358381 0.358401 0.358419 0.358426 0.358437 0.000000 0.000000
0.000000 0.000000 0.361819 0.361816 0.361806 0.361793 0.361770 0.361738 0.361740 0.361733 0.361731 0.361731 0.361731 0.361730 0.361760 0.361784 0.361800 0.361805 0.361815 0.000000 0.000000
0.000000 0.000000 0.365281 0.365275 0.365271 0.365259 0.365226 0.365197 0.365198 0.365194 0.365190 0.365193 0.365199 0.365195 0.365220 0.365249 0.365266 0.365270 0.365278 0.000000 0.000000
0.000000 0.000000 0.368914 0.368911 0.368907 0.368882 0.368860 0.368827 0.368834 0.368817 0.368818 0.368819 0.368814 0.368825 0.368845 0.368863 0.368883 0.368893 0.368908 0.000000 0.000000
0.000000 0.000000 0.372775 0.372769 0.372757 0.372738 0.372716 0.372677 0.372677 0.372669 0.372678 0.372667 0.372669 0.372672 0.372710 0.372728 0.372743 0.372748 0.372786 0.000000 0.000000
0.000000 0.000000 0.376795 0.376787 0.376781 0.376760 0.376740 0.376655 0.376655 0.376648 0.376629 0.376639 0.376645 0.376652 0.376716 0.376734 0.376766 0.376769 0.376795 0.000000 0.000000
0.000000 0.000000 0.381232 0.381228 0.381214 0.381198 0.381110 0.381093 0.381073 0.381072 0.381068 0.381070 0.381068 0.381066 0.381076 0.381166 0.381192 0.381214 0.381241 0.000000 0.000000
0.000000 0.000000 0.386201 0.386197 0.386176 0.386079 0.386055 0.386004 0.385971 0.385965 0.385949 0.385937 0.385950 0.385944 0.385986 0.386021 0.386155 0.386143 0.386159 0.000000 0.000000
0.000000 0.000000 0.391532 0.391527 0.391396 0.391383 0.391376 0.391346 0.391378 0.391362 0.391377 0.391362 0.391346 0.391376 0.391394 0.391405 0.391379 0.391547 0.391550 0.000000 0.000000
0.000000 0.000000 0.397809 0.397625 0.397583 0.397527 0.397436 0.397397 0.397375 0.397376 0.397332 0.397331 0.397352 0.397339 0.397388 0.397458 0.397571 0.397579 0.397771 0.000000 0.000000
0.000000 0.000000 0.402031 0.402081 0.402253 0.402214 0.402163 0.401992 0.401992 0.401952 0.401988 0.401977 0.401985 0.401993 0.402150 0.402188 0.402282 0.402110 0.402072 0.000000 0.000000
0.000000 0.000000 0.350000 0.350000 0.350000 0.350000 0.350000 0.350000 0.350000 0.350000 0.350000 0.350000 0.350000 0.350000 0.350000 0.350000 0.350000 0.350000 0.350000 0.000000 0.000000
0.000000 0.000000 0.000000 0.000000 0.000000 0.000000 0.000000 0.000000 0.000000 0.000000 0.000000 0.000000 0.000000 0.000000 0.000000 0.000000 0.000000 0.000000 0.000000 0.000000 0.000000