geotop/1.0zi/1.0Montebello/Templates/testdem/maps/_Eocsand8009.asc
ncols         21
nrows         20
xllcorner     100.000000
yllcorner     100.000000
cellsize      50.000000
NODATA_value  -9999.0
0.000000 0.000000 0.000000 0.000000 0.000000 0.000000 0.000000 0.000000 0.000000 0.000000 0.000000 0.000000 0.000000 0.000000 0.000000 0.000000 0.000000 0.000000 0.000000 0.000000 0.000000
0.000000 0.000000 0.300204 0.300202 0.300202 0.300203 0.300202 0.300201 0.300202 0.300202 0.300203 0.300202 0.300202 0.300202 0.300202 0.300202 0.300203 0.300203 0.300203 0.000000 0.000000
0.000000 0.000000 0.300011 0.300012 0.300011 0.300010 0.300011 0.300012 0.300011 0.300011 0.300012 0.300012 0.300011 0.300011 0.300011 0.300011 0.300012 0.300013 0.300013 0.000000 0.000000
0.000000 0.000000 0.299894 0.299893 0.299898 0.299906 0.299901 0.299909 0.299904 0.299906 0.299907 0.299906 0.299907 0.299908 0.299903 0.299899 0.299896 0.299893 0.299893 0.000000 0.000000
0.000000 0.000000 0.297989 0.297987 0.297995 0.298011 0.298033 0.298043 0.298050 0.298048 0.298052 0.298051 0.298055 0.298049 0.298025 0.298018 0.298006 0.297995 0.297986 0.000000 0.000000
0.000000 0.000000 0.292526 0.292527 0.292550 0.292596 0.292630 0.292677 0.292677 0.292690 0.292682 0.292683 0.292679 0.292679 0.292656 0.292622 0.292594 0.292572 0.292561 0.000000 0.000000
0.000000 0.000000 0.284856 0.284864 0.284885 0.284936 0.285000 0.285073 0.285074 0.285083 0.285081 0.285083 0.285085 0.285079 0.285016 0.284959 0.284924 0.284897 0.284882 0.000000 0.000000
0.000000 0.000000 0.275773 0.275778 0.275793 0.275851 0.275913 0.275993 0.275994 0.276003 0.276005 0.276011 0.276015 0.276000 0.275931 0.275877 0.275824 0.275809 0.275784 0.000000 0.000000
0.000000 0.000000 0.266087 0.266104 0.266133 0.266172 0.266237 0.266324 0.266320 0.266339 0.266344 0.266348 0.266346 0.266348 0.266263 0.266195 0.266153 0.266133 0.266113 0.000000 0.000000
0.000000 0.000000 0.255879 0.255899 0.255915 0.255953 0.256047 0.256126 0.256125 0.256135 0.256147 0.256142 0.256130 0.256135 0.256063 0.255984 0.255935 0.255920 0.255905 0.000000 0.000000
0.000000 0.000000 0.244826 0.244839 0.244858 0.244939 0.245005 0.245097 0.245078 0.245127 0.245121 0.245124 0.245141 0.245109 0.245043 0.244994 0.244932 0.244899 0.244858 0.000000 0.000000
0.000000 0.000000 0.232598 0.232632 0.232671 0.232723 0.232798 0.232913 0.232920 0.232934 0.232908 0.232948 0.232937 0.232930 0.232811 0.232751 0.232708 0.232685 0.232583 0.000000 0.000000
0.000000 0.000000 0.219418 0.219451 0.219467 0.219542 0.219608 0.219903 0.219907 0.219925 0.220002 0.219963 0.219946 0.219919 0.219694 0.219632 0.219520 0.219508 0.219457 0.000000 0.000000
0.000000 0.000000 0.204041 0.204052 0.204115 0.204168 0.204533 0.204514 0.204590 0.204590 0.204570 0.204591 0.204601 0.204616 0.204643 0.204265 0.204199 0.204101 0.204029 0.000000 0.000000
0.000000 0.000000 0.185983 0.186017 0.186094 0.186553 0.186526 0.186756 0.186863 0.186889 0.186965 0.187021 0.186971 0.186981 0.186757 0.186756 0.186151 0.186239 0.186226 0.000000 0.000000
0.000000 0.000000 0.166158 0.166189 0.166851 0.166691 0.166742 0.166813 0.166574 0.166653 0.166528 0.166579 0.166684 0.166520 0.166498 0.166459 0.166911 0.165972 0.165986 0.000000 0.000000
0.000000 0.000000 0.141514 0.142557 0.142381 0.142767 0.143293 0.143447 0.143717 0.143655 0.143958 0.143935 0.143764 0.143928 0.143666 0.143278 0.142421 0.142933 0.141853 0.000000 0.000000
0.000000 0.000000 0.131767 0.130826 0.129919 0.129931 0.129912 0.130781 0.130652 0.130902 0.130507 0.130590 0.130643 0.130512 0.129780 0.129795 0.129754 0.130484 0.131404 0.000000 0.000000
0.000000 0.000000 0.300000 0.300000 0.300000 0.300000 0.300000 0.300000 0.300000 0.300000 0.300000 0.300000 0.300000 0.300000 0.300000 0.300000 0.300000 0.300000 0.300000 0.000000 0.000000
0.000000 0.000000 0.000000 0.000000 0.000000 0.000000 0.000000 0.000000 0.000000 0.000000 0.000000 0.000000 0.000000 0.000000 0.000000 0.000000 0.000000 0.000000 0.000000 0.000000 0.000000