geotop/1.0zi/1.0Montebello/Templates/testdem/maps/_Eocsilt6830.asc
ncols         21
nrows         20
xllcorner     100.000000
yllcorner     100.000000
cellsize      50.000000
NODATA_value  -9999.0
0.000000 0.000000 0.000000 0.000000 0.000000 0.000000 0.000000 0.000000 0.000000 0.000000 0.000000 0.000000 0.000000 0.000000 0.000000 0.000000 0.000000 0.000000 0.000000 0.000000 0.000000
0.000000 0.000000 0.350136 0.350137 0.350137 0.350137 0.350137 0.350137 0.350137 0.350137 0.350137 0.350137 0.350137 0.350137 0.350137 0.350137 0.350137 0.350137 0.350136 0.000000 0.000000
0.000000 0.000000 0.350003 0.350002 0.350003 0.350003 0.350003 0.350003 0.350003 0.350003 0.350003 0.350003 0.350004 0.350004 0.350003 0.350003 0.350001 0.350001 0.350002 0.000000 0.000000
0.000000 0.000000 0.350058 0.350054 0.350053 0.350048 0.350049 0.350047 0.350049 0.350049 0.350047 0.350048 0.350048 0.350048 0.350050 0.350053 0.350056 0.350057 0.350057 0.000000 0.000000
0.000000 0.000000 0.350697 0.350703 0.350699 0.350692 0.350688 0.350681 0.350680 0.350677 0.350678 0.350680 0.350681 0.350681 0.350691 0.350695 0.350694 0.350701 0.350706 0.000000 0.000000
0.000000 0.000000 0.352613 0.352615 0.352606 0.352593 0.352579 0.352561 0.352560 0.352555 0.352559 0.352561 0.352562 0.352560 0.352568 0.352577 0.352586 0.352592 0.352598 0.000000 0.000000
0.000000 0.000000 0.355497 0.355495 0.355485 0.355464 0.355438 0.355411 0.355412 0.355409 0.355411 0.355410 0.355407 0.355411 0.355432 0.355455 0.355468 0.355480 0.355488 0.000000 0.000000
0.000000 0.000000 0.358980 0.358980 0.358975 0.358954 0.358929 0.358899 0.358899 0.358896 0.358895 0.358894 0.358892 0.358896 0.358921 0.358945 0.358965 0.358969 0.358981 0.000000 0.000000
0.000000 0.000000 0.362663 0.362657 0.362645 0.362631 0.362605 0.362571 0.362573 0.362565 0.362563 0.362563 0.362564 0.362562 0.362595 0.362623 0.362639 0.362646 0.362657 0.000000 0.000000
0.000000 0.000000 0.366431 0.366424 0.366418 0.366406 0.366370 0.366340 0.366342 0.366337 0.366333 0.366336 0.366341 0.366337 0.366364 0.366395 0.366413 0.366417 0.366425 0.000000 0.000000
0.000000 0.000000 0.370371 0.370366 0.370360 0.370332 0.370309 0.370275 0.370283 0.370264 0.370266 0.370267 0.370261 0.370272 0.370294 0.370314 0.370335 0.370346 0.370363 0.000000 0.000000
0.000000 0.000000 0.374594 0.374583 0.374571 0.374552 0.374528 0.374486 0.374486 0.374478 0.374488 0.374477 0.374479 0.374482 0.374522 0.374543 0.374558 0.374565 0.374605 0.000000 0.000000
0.000000 0.000000 0.379012 0.379002 0.378995 0.378973 0.378951 0.378858 0.378857 0.378850 0.378829 0.378839 0.378846 0.378854 0.378924 0.378945 0.378980 0.378983 0.379009 0.000000 0.000000
0.000000 0.000000 0.383939 0.383933 0.383916 0.383899 0.383800 0.383786 0.383764 0.383763 0.383762 0.383762 0.383760 0.383756 0.383761 0.383866 0.383891 0.383918 0.383947 0.000000 0.000000
0.000000 0.000000 0.389502 0.389494 0.389471 0.389356 0.389336 0.389280 0.389245 0.389239 0.389220 0.389205 0.389218 0.389212 0.389263 0.389296 0.389450 0.389434 0.389448 0.000000 0.000000
0.000000 0.000000 0.395513 0.395505 0.395347 0.395343 0.395337 0.395305 0.395348 0.395327 0.395349 0.395333 0.395313 0.395349 0.395366 0.395378 0.395330 0.395535 0.395537 0.000000 0.000000
0.000000 0.000000 0.402683 0.402453 0.402422 0.402353 0.402241 0.402199 0.402165 0.402169 0.402114 0.402114 0.402141 0.402121 0.402179 0.402266 0.402410 0.402394 0.402630 0.000000 0.000000
0.000000 0.000000 0.407195 0.407289 0.407504 0.407465 0.407419 0.407214 0.407219 0.407168 0.407224 0.407209 0.407214 0.407227 0.407412 0.407449 0.407541 0.407332 0.407250 0.000000 0.000000
0.000000 0.000000 0.350000 0.350000 0.350000 0.350000 0.350000 0.350000 0.350000 0.350000 0.350000 0.350000 0.350000 0.350000 0.350000 0.350000 0.350000 0.350000 0.350000 0.000000 0.000000
0.000000 0.000000 0.000000 0.000000 0.000000 0.000000 0.000000 0.000000 0.000000 0.000000 0.000000 0.000000 0.000000 0.000000 0.000000 0.000000 0.000000 0.000000 0.000000 0.000000 0.000000