geotop/1.0zi/1.0Montebello/Templates/testdem/maps/_Eocclay8939.asc
ncols         21
nrows         20
xllcorner     100.000000
yllcorner     100.000000
cellsize      50.000000
NODATA_value  -9999.0
0.000000 0.000000 0.000000 0.000000 0.000000 0.000000 0.000000 0.000000 0.000000 0.000000 0.000000 0.000000 0.000000 0.000000 0.000000 0.000000 0.000000 0.000000 0.000000 0.000000 0.000000
0.000000 0.000000 0.349582 0.349585 0.349585 0.349584 0.349585 0.349586 0.349585 0.349585 0.349584 0.349585 0.349585 0.349585 0.349585 0.349585 0.349583 0.349583 0.349584 0.000000 0.000000
0.000000 0.000000 0.349983 0.349981 0.349981 0.349983 0.349981 0.349981 0.349981 0.349981 0.349981 0.349981 0.349981 0.349981 0.349982 0.349982 0.349983 0.349982 0.349980 0.000000 0.000000
0.000000 0.000000 0.350023 0.350028 0.350026 0.350023 0.350024 0.350025 0.350029 0.350026 0.350029 0.350027 0.350028 0.350026 0.350028 0.350030 0.350028 0.350027 0.350026 0.000000 0.000000
0.000000 0.000000 0.351225 0.351217 0.351211 0.351200 0.351183 0.351183 0.351179 0.351180 0.351178 0.351180 0.351178 0.351181 0.351190 0.351194 0.351205 0.351205 0.351215 0.000000 0.000000
0.000000 0.000000 0.354614 0.354610 0.354591 0.354561 0.354538 0.354513 0.354517 0.354510 0.354514 0.354514 0.354519 0.354519 0.354532 0.354557 0.354570 0.354579 0.354585 0.000000 0.000000
0.000000 0.000000 0.359168 0.359158 0.359148 0.359119 0.359084 0.359034 0.359036 0.359031 0.359031 0.359033 0.359033 0.359034 0.359075 0.359106 0.359123 0.359132 0.359140 0.000000 0.000000
0.000000 0.000000 0.364571 0.364561 0.364550 0.364514 0.364479 0.364433 0.364435 0.364430 0.364429 0.364427 0.364424 0.364434 0.364472 0.364502 0.364531 0.364535 0.364549 0.000000 0.000000
0.000000 0.000000 0.370397 0.370384 0.370367 0.370342 0.370301 0.370252 0.370258 0.370247 0.370244 0.370242 0.370243 0.370242 0.370292 0.370330 0.370351 0.370356 0.370369 0.000000 0.000000
0.000000 0.000000 0.376712 0.376693 0.376683 0.376657 0.376599 0.376555 0.376557 0.376551 0.376543 0.376548 0.376555 0.376553 0.376594 0.376642 0.376667 0.376673 0.376679 0.000000 0.000000
0.000000 0.000000 0.383751 0.383738 0.383726 0.383669 0.383631 0.383573 0.383589 0.383555 0.383562 0.383558 0.383546 0.383567 0.383610 0.383639 0.383675 0.383686 0.383714 0.000000 0.000000
0.000000 0.000000 0.391762 0.391737 0.391705 0.391674 0.391622 0.391553 0.391553 0.391548 0.391562 0.391535 0.391547 0.391547 0.391623 0.391664 0.391682 0.391690 0.391752 0.000000 0.000000
0.000000 0.000000 0.400637 0.400607 0.400603 0.400541 0.400499 0.400293 0.400294 0.400284 0.400221 0.400259 0.400266 0.400286 0.400445 0.400483 0.400558 0.400556 0.400581 0.000000 0.000000
0.000000 0.000000 0.411417 0.411406 0.411354 0.411315 0.411030 0.411092 0.411040 0.411041 0.411071 0.411043 0.411037 0.411014 0.410959 0.411263 0.411286 0.411352 0.411400 0.000000 0.000000
0.000000 0.000000 0.424292 0.424254 0.424194 0.423818 0.423911 0.423713 0.423647 0.423627 0.423555 0.423519 0.423561 0.423559 0.423749 0.423672 0.424164 0.424053 0.424048 0.000000 0.000000
0.000000 0.000000 0.437963 0.437933 0.437405 0.437627 0.437560 0.437558 0.437786 0.437723 0.437841 0.437814 0.437718 0.437849 0.437814 0.437871 0.437355 0.438136 0.438122 0.000000 0.000000
0.000000 0.000000 0.453629 0.452915 0.453164 0.452848 0.452493 0.452389 0.452154 0.452211 0.451973 0.452001 0.452141 0.451994 0.452185 0.452446 0.453137 0.452586 0.453324 0.000000 0.000000
0.000000 0.000000 0.457686 0.458300 0.458803 0.458807 0.458853 0.458360 0.458463 0.458313 0.458569 0.458518 0.458474 0.458561 0.458964 0.458932 0.458888 0.458506 0.457895 0.000000 0.000000
0.000000 0.000000 0.350000 0.350000 0.350000 0.350000 0.350000 0.350000 0.350000 0.350000 0.350000 0.350000 0.350000 0.350000 0.350000 0.350000 0.350000 0.350000 0.350000 0.000000 0.000000
0.000000 0.000000 0.000000 0.000000 0.000000 0.000000 0.000000 0.000000 0.000000 0.000000 0.000000 0.000000 0.000000 0.000000 0.000000 0.000000 0.000000 0.000000 0.000000 0.000000 0.000000