geotop/1.0zi/1.0Montebello/Templates/testdem/maps/_Eocsilt7573.asc
ncols         21
nrows         20
xllcorner     100.000000
yllcorner     100.000000
cellsize      50.000000
NODATA_value  -9999.0
0.000000 0.000000 0.000000 0.000000 0.000000 0.000000 0.000000 0.000000 0.000000 0.000000 0.000000 0.000000 0.000000 0.000000 0.000000 0.000000 0.000000 0.000000 0.000000 0.000000 0.000000
0.000000 0.000000 0.350154 0.350154 0.350155 0.350155 0.350154 0.350155 0.350155 0.350155 0.350155 0.350154 0.350154 0.350154 0.350154 0.350154 0.350155 0.350155 0.350154 0.000000 0.000000
0.000000 0.000000 0.350005 0.350004 0.350004 0.350004 0.350005 0.350004 0.350004 0.350005 0.350005 0.350005 0.350005 0.350005 0.350004 0.350004 0.350003 0.350003 0.350004 0.000000 0.000000
0.000000 0.000000 0.350103 0.350099 0.350097 0.350090 0.350093 0.350087 0.350090 0.350090 0.350087 0.350089 0.350089 0.350089 0.350092 0.350095 0.350098 0.350098 0.350099 0.000000 0.000000
0.000000 0.000000 0.350961 0.350967 0.350963 0.350953 0.350947 0.350940 0.350936 0.350935 0.350935 0.350936 0.350936 0.350938 0.350951 0.350955 0.350958 0.350968 0.350970 0.000000 0.000000
0.000000 0.000000 0.353362 0.353363 0.353354 0.353339 0.353320 0.353299 0.353299 0.353293 0.353297 0.353297 0.353298 0.353297 0.353309 0.353321 0.353333 0.353341 0.353346 0.000000 0.000000
0.000000 0.000000 0.356821 0.356817 0.356807 0.356782 0.356752 0.356720 0.356721 0.356717 0.356718 0.356717 0.356713 0.356718 0.356746 0.356771 0.356788 0.356803 0.356810 0.000000 0.000000
0.000000 0.000000 0.360936 0.360935 0.360930 0.360904 0.360875 0.360840 0.360839 0.360836 0.360834 0.360832 0.360830 0.360836 0.360867 0.360893 0.360918 0.360924 0.360936 0.000000 0.000000
0.000000 0.000000 0.365332 0.365324 0.365310 0.365293 0.365263 0.365223 0.365224 0.365216 0.365213 0.365212 0.365213 0.365212 0.365252 0.365283 0.365303 0.365313 0.365323 0.000000 0.000000
0.000000 0.000000 0.369905 0.369897 0.369890 0.369874 0.369832 0.369796 0.369796 0.369792 0.369786 0.369789 0.369794 0.369792 0.369825 0.369861 0.369883 0.369890 0.369897 0.000000 0.000000
0.000000 0.000000 0.374782 0.374776 0.374769 0.374733 0.374703 0.374663 0.374672 0.374650 0.374652 0.374652 0.374644 0.374658 0.374687 0.374710 0.374738 0.374753 0.374771 0.000000 0.000000
0.000000 0.000000 0.380118 0.380104 0.380088 0.380065 0.380033 0.379981 0.379979 0.379972 0.379983 0.379967 0.379971 0.379975 0.380028 0.380053 0.380073 0.380084 0.380130 0.000000 0.000000
0.000000 0.000000 0.385799 0.385785 0.385779 0.385748 0.385720 0.385595 0.385593 0.385585 0.385554 0.385569 0.385576 0.385588 0.385684 0.385710 0.385758 0.385764 0.385790 0.000000 0.000000
0.000000 0.000000 0.392314 0.392309 0.392285 0.392262 0.392116 0.392114 0.392083 0.392083 0.392087 0.392081 0.392077 0.392072 0.392068 0.392220 0.392251 0.392292 0.392324 0.000000 0.000000
0.000000 0.000000 0.399855 0.399843 0.399811 0.399634 0.399630 0.399542 0.399497 0.399488 0.399458 0.399435 0.399454 0.399449 0.399534 0.399551 0.399788 0.399759 0.399769 0.000000 0.000000
0.000000 0.000000 0.408104 0.408092 0.407841 0.407879 0.407864 0.407826 0.407910 0.407879 0.407921 0.407900 0.407862 0.407924 0.407943 0.407957 0.407818 0.408168 0.408164 0.000000 0.000000
0.000000 0.000000 0.418266 0.417873 0.417900 0.417767 0.417571 0.417511 0.417425 0.417443 0.417336 0.417342 0.417399 0.417348 0.417446 0.417592 0.417884 0.417752 0.418157 0.000000 0.000000
0.000000 0.000000 0.423228 0.423526 0.423887 0.423861 0.423840 0.423500 0.423534 0.423443 0.423574 0.423544 0.423534 0.423575 0.423869 0.423884 0.423952 0.423642 0.423356 0.000000 0.000000
0.000000 0.000000 0.350000 0.350000 0.350000 0.350000 0.350000 0.350000 0.350000 0.350000 0.350000 0.350000 0.350000 0.350000 0.350000 0.350000 0.350000 0.350000 0.350000 0.000000 0.000000
0.000000 0.000000 0.000000 0.000000 0.000000 0.000000 0.000000 0.000000 0.000000 0.000000 0.000000 0.000000 0.000000 0.000000 0.000000 0.000000 0.000000 0.000000 0.000000 0.000000 0.000000