geotop/1.0zi/1.0Montebello/Templates/testdem/maps/_Eocclay5383.asc
ncols         21
nrows         20
xllcorner     100.000000
yllcorner     100.000000
cellsize      50.000000
NODATA_value  -9999.0
0.000000 0.000000 0.000000 0.000000 0.000000 0.000000 0.000000 0.000000 0.000000 0.000000 0.000000 0.000000 0.000000 0.000000 0.000000 0.000000 0.000000 0.000000 0.000000 0.000000 0.000000
0.000000 0.000000 0.349758 0.349758 0.349758 0.349758 0.349759 0.349759 0.349758 0.349758 0.349758 0.349758 0.349758 0.349758 0.349758 0.349758 0.349758 0.349758 0.349758 0.000000 0.000000
0.000000 0.000000 0.349990 0.349990 0.349990 0.349990 0.349990 0.349990 0.349990 0.349990 0.349989 0.349989 0.349990 0.349990 0.349990 0.349990 0.349990 0.349990 0.349990 0.000000 0.000000
0.000000 0.000000 0.349988 0.349990 0.349988 0.349989 0.349991 0.349991 0.349991 0.349989 0.349991 0.349989 0.349989 0.349988 0.349991 0.349992 0.349990 0.349991 0.349990 0.000000 0.000000
0.000000 0.000000 0.350389 0.350389 0.350390 0.350385 0.350375 0.350371 0.350372 0.350375 0.350373 0.350374 0.350369 0.350369 0.350373 0.350371 0.350376 0.350378 0.350380 0.000000 0.000000
0.000000 0.000000 0.351828 0.351830 0.351825 0.351807 0.351803 0.351788 0.351787 0.351783 0.351787 0.351787 0.351791 0.351791 0.351793 0.351804 0.351809 0.351820 0.351824 0.000000 0.000000
0.000000 0.000000 0.353945 0.353944 0.353943 0.353927 0.353909 0.353885 0.353884 0.353881 0.353883 0.353885 0.353886 0.353884 0.353901 0.353920 0.353929 0.353937 0.353944 0.000000 0.000000
0.000000 0.000000 0.356525 0.356525 0.356524 0.356506 0.356488 0.356462 0.356462 0.356459 0.356460 0.356460 0.356458 0.356462 0.356481 0.356497 0.356510 0.356516 0.356524 0.000000 0.000000
0.000000 0.000000 0.359129 0.359127 0.359122 0.359112 0.359094 0.359069 0.359070 0.359066 0.359063 0.359065 0.359065 0.359063 0.359085 0.359103 0.359116 0.359119 0.359125 0.000000 0.000000
0.000000 0.000000 0.361752 0.361747 0.361747 0.361740 0.361713 0.361690 0.361692 0.361689 0.361685 0.361690 0.361693 0.361689 0.361708 0.361729 0.361742 0.361744 0.361749 0.000000 0.000000
0.000000 0.000000 0.364460 0.364457 0.364458 0.364440 0.364422 0.364396 0.364402 0.364389 0.364390 0.364392 0.364388 0.364395 0.364409 0.364422 0.364436 0.364444 0.364455 0.000000 0.000000
0.000000 0.000000 0.367281 0.367275 0.367269 0.367256 0.367241 0.367210 0.367212 0.367204 0.367212 0.367205 0.367206 0.367208 0.367234 0.367246 0.367256 0.367260 0.367289 0.000000 0.000000
0.000000 0.000000 0.370162 0.370156 0.370155 0.370141 0.370127 0.370067 0.370067 0.370061 0.370049 0.370057 0.370061 0.370066 0.370109 0.370119 0.370142 0.370143 0.370165 0.000000 0.000000
0.000000 0.000000 0.373263 0.373259 0.373253 0.373244 0.373188 0.373171 0.373157 0.373156 0.373151 0.373154 0.373155 0.373153 0.373160 0.373216 0.373235 0.373250 0.373271 0.000000 0.000000
0.000000 0.000000 0.376652 0.376649 0.376637 0.376580 0.376561 0.376527 0.376502 0.376499 0.376488 0.376483 0.376490 0.376484 0.376508 0.376536 0.376621 0.376615 0.376628 0.000000 0.000000
0.000000 0.000000 0.380212 0.380207 0.380136 0.380120 0.380115 0.380093 0.380105 0.380096 0.380101 0.380092 0.380085 0.380099 0.380111 0.380120 0.380121 0.380213 0.380216 0.000000 0.000000
0.000000 0.000000 0.384235 0.384139 0.384099 0.384070 0.384024 0.384000 0.383993 0.383991 0.383971 0.383967 0.383975 0.383972 0.383998 0.384032 0.384088 0.384119 0.384216 0.000000 0.000000
0.000000 0.000000 0.387268 0.387261 0.387344 0.387319 0.387284 0.387192 0.387188 0.387169 0.387179 0.387174 0.387180 0.387182 0.387266 0.387288 0.387356 0.387269 0.387282 0.000000 0.000000
0.000000 0.000000 0.350000 0.350000 0.350000 0.350000 0.350000 0.350000 0.350000 0.350000 0.350000 0.350000 0.350000 0.350000 0.350000 0.350000 0.350000 0.350000 0.350000 0.000000 0.000000
0.000000 0.000000 0.000000 0.000000 0.000000 0.000000 0.000000 0.000000 0.000000 0.000000 0.000000 0.000000 0.000000 0.000000 0.000000 0.000000 0.000000 0.000000 0.000000 0.000000 0.000000