geotop/1.0zi/1.0Montebello/Templates/testdem/maps/_Eocsilt7840.asc
ncols         21
nrows         20
xllcorner     100.000000
yllcorner     100.000000
cellsize      50.000000
NODATA_value  -9999.0
0.000000 0.000000 0.000000 0.000000 0.000000 0.000000 0.000000 0.000000 0.000000 0.000000 0.000000 0.000000 0.000000 0.000000 0.000000 0.000000 0.000000 0.000000 0.000000 0.000000 0.000000
0.000000 0.000000 0.350163 0.350163 0.350163 0.350164 0.350163 0.350163 0.350163 0.350163 0.350163 0.350163 0.350163 0.350163 0.350163 0.350163 0.350164 0.350163 0.350163 0.000000 0.000000
0.000000 0.000000 0.350005 0.350005 0.350004 0.350004 0.350005 0.350005 0.350005 0.350005 0.350006 0.350006 0.350006 0.350006 0.350005 0.350005 0.350003 0.350003 0.350005 0.000000 0.000000
0.000000 0.000000 0.350103 0.350099 0.350098 0.350091 0.350093 0.350087 0.350090 0.350090 0.350087 0.350090 0.350089 0.350089 0.350092 0.350095 0.350099 0.350099 0.350100 0.000000 0.000000
0.000000 0.000000 0.350989 0.350995 0.350991 0.350980 0.350974 0.350967 0.350963 0.350961 0.350961 0.350961 0.350962 0.350964 0.350978 0.350982 0.350985 0.350995 0.350998 0.000000 0.000000
0.000000 0.000000 0.353533 0.353533 0.353523 0.353507 0.353488 0.353467 0.353466 0.353460 0.353464 0.353464 0.353466 0.353465 0.353477 0.353489 0.353501 0.353509 0.353514 0.000000 0.000000
0.000000 0.000000 0.357183 0.357179 0.357168 0.357142 0.357111 0.357077 0.357078 0.357074 0.357075 0.357073 0.357070 0.357076 0.357104 0.357131 0.357148 0.357163 0.357170 0.000000 0.000000
0.000000 0.000000 0.361516 0.361514 0.361507 0.361480 0.361450 0.361413 0.361413 0.361408 0.361407 0.361404 0.361402 0.361409 0.361441 0.361468 0.361494 0.361500 0.361512 0.000000 0.000000
0.000000 0.000000 0.366160 0.366150 0.366136 0.366117 0.366086 0.366044 0.366045 0.366036 0.366034 0.366032 0.366033 0.366032 0.366073 0.366106 0.366127 0.366138 0.366148 0.000000 0.000000
0.000000 0.000000 0.371019 0.371009 0.371001 0.370984 0.370939 0.370901 0.370902 0.370897 0.370891 0.370894 0.370899 0.370897 0.370931 0.370969 0.370992 0.371000 0.371007 0.000000 0.000000
0.000000 0.000000 0.376232 0.376225 0.376217 0.376178 0.376147 0.376104 0.376113 0.376089 0.376092 0.376091 0.376083 0.376098 0.376129 0.376153 0.376182 0.376198 0.376217 0.000000 0.000000
0.000000 0.000000 0.381973 0.381956 0.381938 0.381913 0.381878 0.381824 0.381821 0.381814 0.381826 0.381808 0.381813 0.381817 0.381873 0.381901 0.381921 0.381933 0.381981 0.000000 0.000000
0.000000 0.000000 0.388124 0.388107 0.388100 0.388065 0.388035 0.387899 0.387897 0.387888 0.387853 0.387870 0.387878 0.387891 0.387995 0.388023 0.388075 0.388082 0.388107 0.000000 0.000000
0.000000 0.000000 0.395240 0.395234 0.395206 0.395181 0.395016 0.395021 0.394986 0.394986 0.394993 0.394985 0.394980 0.394974 0.394965 0.395135 0.395166 0.395212 0.395246 0.000000 0.000000
0.000000 0.000000 0.403540 0.403525 0.403489 0.403285 0.403290 0.403189 0.403140 0.403128 0.403095 0.403069 0.403091 0.403086 0.403185 0.403193 0.403462 0.403426 0.403434 0.000000 0.000000
0.000000 0.000000 0.412636 0.412621 0.412330 0.412388 0.412368 0.412331 0.412433 0.412397 0.412449 0.412426 0.412381 0.412453 0.412468 0.412484 0.412302 0.412711 0.412706 0.000000 0.000000
0.000000 0.000000 0.423880 0.423423 0.423479 0.423316 0.423086 0.423018 0.422908 0.422932 0.422803 0.422812 0.422883 0.422818 0.422932 0.423101 0.423460 0.423268 0.423738 0.000000 0.000000
0.000000 0.000000 0.428804 0.429185 0.429589 0.429573 0.429566 0.429180 0.429230 0.429121 0.429285 0.429250 0.429231 0.429285 0.429614 0.429618 0.429661 0.429326 0.428954 0.000000 0.000000
0.000000 0.000000 0.350000 0.350000 0.350000 0.350000 0.350000 0.350000 0.350000 0.350000 0.350000 0.350000 0.350000 0.350000 0.350000 0.350000 0.350000 0.350000 0.350000 0.000000 0.000000
0.000000 0.000000 0.000000 0.000000 0.000000 0.000000 0.000000 0.000000 0.000000 0.000000 0.000000 0.000000 0.000000 0.000000 0.000000 0.000000 0.000000 0.000000 0.000000 0.000000 0.000000