geotop/1.0zi/1.0Montebello/Templates/testdem/maps/_Eocsilt6091.asc
ncols         21
nrows         20
xllcorner     100.000000
yllcorner     100.000000
cellsize      50.000000
NODATA_value  -9999.0
0.000000 0.000000 0.000000 0.000000 0.000000 0.000000 0.000000 0.000000 0.000000 0.000000 0.000000 0.000000 0.000000 0.000000 0.000000 0.000000 0.000000 0.000000 0.000000 0.000000 0.000000
0.000000 0.000000 0.350120 0.350120 0.350120 0.350120 0.350119 0.350120 0.350120 0.350120 0.350120 0.350119 0.350119 0.350119 0.350119 0.350120 0.350120 0.350120 0.350119 0.000000 0.000000
0.000000 0.000000 0.350002 0.350002 0.350002 0.350003 0.350003 0.350003 0.350003 0.350003 0.350003 0.350003 0.350004 0.350003 0.350003 0.350003 0.350001 0.350001 0.350002 0.000000 0.000000
0.000000 0.000000 0.350047 0.350046 0.350045 0.350040 0.350041 0.350039 0.350041 0.350041 0.350040 0.350039 0.350040 0.350040 0.350042 0.350045 0.350046 0.350048 0.350047 0.000000 0.000000
0.000000 0.000000 0.350550 0.350553 0.350552 0.350549 0.350545 0.350540 0.350539 0.350537 0.350535 0.350536 0.350538 0.350539 0.350545 0.350547 0.350546 0.350555 0.350559 0.000000 0.000000
0.000000 0.000000 0.352134 0.352136 0.352131 0.352116 0.352106 0.352088 0.352086 0.352082 0.352087 0.352089 0.352090 0.352087 0.352093 0.352100 0.352109 0.352113 0.352119 0.000000 0.000000
0.000000 0.000000 0.354538 0.354535 0.354529 0.354510 0.354488 0.354464 0.354466 0.354463 0.354465 0.354465 0.354462 0.354465 0.354483 0.354503 0.354512 0.354523 0.354529 0.000000 0.000000
0.000000 0.000000 0.357470 0.357471 0.357469 0.357451 0.357429 0.357402 0.357403 0.357400 0.357400 0.357399 0.357398 0.357400 0.357422 0.357443 0.357459 0.357462 0.357472 0.000000 0.000000
0.000000 0.000000 0.360553 0.360548 0.360540 0.360528 0.360506 0.360476 0.360477 0.360472 0.360469 0.360471 0.360471 0.360469 0.360497 0.360519 0.360534 0.360539 0.360548 0.000000 0.000000
0.000000 0.000000 0.363664 0.363659 0.363655 0.363647 0.363617 0.363590 0.363592 0.363588 0.363584 0.363588 0.363591 0.363588 0.363610 0.363636 0.363651 0.363653 0.363660 0.000000 0.000000
0.000000 0.000000 0.366868 0.366864 0.366863 0.366840 0.366820 0.366791 0.366797 0.366783 0.366783 0.366784 0.366780 0.366788 0.366806 0.366823 0.366839 0.366849 0.366862 0.000000 0.000000
0.000000 0.000000 0.370251 0.370243 0.370233 0.370218 0.370200 0.370164 0.370165 0.370157 0.370166 0.370157 0.370159 0.370162 0.370194 0.370210 0.370222 0.370227 0.370260 0.000000 0.000000
0.000000 0.000000 0.373736 0.373729 0.373726 0.373708 0.373691 0.373618 0.373618 0.373612 0.373596 0.373604 0.373610 0.373615 0.373669 0.373684 0.373710 0.373713 0.373737 0.000000 0.000000
0.000000 0.000000 0.377543 0.377538 0.377528 0.377516 0.377444 0.377427 0.377411 0.377410 0.377405 0.377407 0.377407 0.377405 0.377413 0.377486 0.377508 0.377526 0.377550 0.000000 0.000000
0.000000 0.000000 0.381758 0.381752 0.381736 0.381659 0.381638 0.381594 0.381567 0.381563 0.381549 0.381540 0.381549 0.381543 0.381576 0.381610 0.381718 0.381709 0.381723 0.000000 0.000000
0.000000 0.000000 0.386244 0.386238 0.386136 0.386122 0.386117 0.386090 0.386111 0.386099 0.386108 0.386098 0.386086 0.386107 0.386123 0.386133 0.386121 0.386251 0.386254 0.000000 0.000000
0.000000 0.000000 0.391422 0.391282 0.391240 0.391200 0.391133 0.391100 0.391087 0.391086 0.391055 0.391051 0.391065 0.391058 0.391097 0.391148 0.391229 0.391250 0.391393 0.000000 0.000000
0.000000 0.000000 0.395101 0.395118 0.395244 0.395213 0.395165 0.395036 0.395034 0.395005 0.395027 0.395019 0.395027 0.395031 0.395149 0.395184 0.395264 0.395135 0.395126 0.000000 0.000000
0.000000 0.000000 0.350000 0.350000 0.350000 0.350000 0.350000 0.350000 0.350000 0.350000 0.350000 0.350000 0.350000 0.350000 0.350000 0.350000 0.350000 0.350000 0.350000 0.000000 0.000000
0.000000 0.000000 0.000000 0.000000 0.000000 0.000000 0.000000 0.000000 0.000000 0.000000 0.000000 0.000000 0.000000 0.000000 0.000000 0.000000 0.000000 0.000000 0.000000 0.000000 0.000000