geotop/1.0zi/1.0Montebello/Templates/testdem/maps/_Eocsand2296.asc
ncols         21
nrows         20
xllcorner     100.000000
yllcorner     100.000000
cellsize      50.000000
NODATA_value  -9999.0
0.000000 0.000000 0.000000 0.000000 0.000000 0.000000 0.000000 0.000000 0.000000 0.000000 0.000000 0.000000 0.000000 0.000000 0.000000 0.000000 0.000000 0.000000 0.000000 0.000000 0.000000
0.000000 0.000000 0.300069 0.300069 0.300069 0.300069 0.300069 0.300069 0.300069 0.300069 0.300069 0.300069 0.300069 0.300069 0.300069 0.300069 0.300069 0.300069 0.300069 0.000000 0.000000
0.000000 0.000000 0.300011 0.300011 0.300011 0.300011 0.300011 0.300011 0.300011 0.300011 0.300011 0.300011 0.300011 0.300011 0.300011 0.300011 0.300011 0.300011 0.300011 0.000000 0.000000
0.000000 0.000000 0.298526 0.298527 0.298532 0.298530 0.298526 0.298526 0.298527 0.298526 0.298526 0.298526 0.298527 0.298526 0.298526 0.298530 0.298532 0.298527 0.298526 0.000000 0.000000
0.000000 0.000000 0.292304 0.292305 0.292309 0.292309 0.292303 0.292305 0.292304 0.292302 0.292302 0.292302 0.292304 0.292305 0.292303 0.292309 0.292309 0.292305 0.292304 0.000000 0.000000
0.000000 0.000000 0.284640 0.284641 0.284644 0.284644 0.284639 0.284640 0.284640 0.284638 0.284638 0.284638 0.284640 0.284640 0.284639 0.284644 0.284644 0.284641 0.284640 0.000000 0.000000
0.000000 0.000000 0.277496 0.277497 0.277500 0.277499 0.277495 0.277496 0.277496 0.277495 0.277494 0.277495 0.277496 0.277496 0.277495 0.277499 0.277500 0.277497 0.277496 0.000000 0.000000
0.000000 0.000000 0.270948 0.270949 0.270952 0.270951 0.270948 0.270949 0.270949 0.270947 0.270947 0.270947 0.270949 0.270949 0.270948 0.270951 0.270952 0.270949 0.270948 0.000000 0.000000
0.000000 0.000000 0.264836 0.264836 0.264839 0.264838 0.264835 0.264836 0.264836 0.264835 0.264834 0.264835 0.264836 0.264836 0.264835 0.264838 0.264839 0.264836 0.264836 0.000000 0.000000
0.000000 0.000000 0.259012 0.259012 0.259015 0.259014 0.259011 0.259012 0.259012 0.259011 0.259010 0.259011 0.259012 0.259012 0.259011 0.259014 0.259015 0.259012 0.259012 0.000000 0.000000
0.000000 0.000000 0.253411 0.253412 0.253414 0.253413 0.253410 0.253411 0.253411 0.253410 0.253410 0.253410 0.253411 0.253411 0.253410 0.253413 0.253414 0.253412 0.253411 0.000000 0.000000
0.000000 0.000000 0.247988 0.247988 0.247991 0.247990 0.247987 0.247988 0.247988 0.247987 0.247987 0.247987 0.247988 0.247988 0.247987 0.247990 0.247991 0.247988 0.247988 0.000000 0.000000
0.000000 0.000000 0.242700 0.242700 0.242703 0.242702 0.242699 0.242700 0.242700 0.242699 0.242699 0.242699 0.242700 0.242700 0.242699 0.242702 0.242703 0.242700 0.242700 0.000000 0.000000
0.000000 0.000000 0.237527 0.237527 0.237530 0.237529 0.237526 0.237527 0.237527 0.237526 0.237526 0.237526 0.237527 0.237527 0.237526 0.237529 0.237530 0.237527 0.237527 0.000000 0.000000
0.000000 0.000000 0.232449 0.232450 0.232452 0.232451 0.232449 0.232450 0.232450 0.232448 0.232448 0.232448 0.232450 0.232450 0.232449 0.232451 0.232452 0.232450 0.232449 0.000000 0.000000
0.000000 0.000000 0.227460 0.227461 0.227463 0.227462 0.227460 0.227461 0.227461 0.227460 0.227459 0.227460 0.227461 0.227461 0.227460 0.227462 0.227463 0.227461 0.227460 0.000000 0.000000
0.000000 0.000000 0.222555 0.222555 0.222558 0.222557 0.222554 0.222555 0.222555 0.222554 0.222554 0.222554 0.222555 0.222555 0.222554 0.222557 0.222558 0.222555 0.222555 0.000000 0.000000
0.000000 0.000000 0.217658 0.217657 0.217660 0.217659 0.217656 0.217657 0.217657 0.217656 0.217656 0.217656 0.217657 0.217657 0.217656 0.217659 0.217660 0.217657 0.217657 0.000000 0.000000
0.000000 0.000000 0.300000 0.300000 0.300000 0.300000 0.300000 0.300000 0.300000 0.300000 0.300000 0.300000 0.300000 0.300000 0.300000 0.300000 0.300000 0.300000 0.300000 0.000000 0.000000
0.000000 0.000000 0.000000 0.000000 0.000000 0.000000 0.000000 0.000000 0.000000 0.000000 0.000000 0.000000 0.000000 0.000000 0.000000 0.000000 0.000000 0.000000 0.000000 0.000000 0.000000