geotop/1.0zi/1.0Montebello/Templates/testdem/maps/_Eocsilt2086.asc
ncols         21
nrows         20
xllcorner     100.000000
yllcorner     100.000000
cellsize      50.000000
NODATA_value  -9999.0
0.000000 0.000000 0.000000 0.000000 0.000000 0.000000 0.000000 0.000000 0.000000 0.000000 0.000000 0.000000 0.000000 0.000000 0.000000 0.000000 0.000000 0.000000 0.000000 0.000000 0.000000
0.000000 0.000000 0.350047 0.350047 0.350047 0.350047 0.350047 0.350047 0.350047 0.350047 0.350047 0.350047 0.350047 0.350047 0.350047 0.350047 0.350047 0.350047 0.350047 0.000000 0.000000
0.000000 0.000000 0.349999 0.349999 0.349999 0.349999 0.349999 0.349999 0.349999 0.349999 0.349999 0.349999 0.349999 0.349999 0.349999 0.349999 0.349999 0.349999 0.349999 0.000000 0.000000
0.000000 0.000000 0.350700 0.350699 0.350697 0.350698 0.350700 0.350700 0.350700 0.350700 0.350700 0.350700 0.350700 0.350700 0.350700 0.350698 0.350697 0.350699 0.350700 0.000000 0.000000
0.000000 0.000000 0.353359 0.353359 0.353357 0.353357 0.353360 0.353359 0.353359 0.353360 0.353360 0.353360 0.353359 0.353359 0.353360 0.353357 0.353357 0.353359 0.353359 0.000000 0.000000
0.000000 0.000000 0.356835 0.356835 0.356833 0.356833 0.356836 0.356835 0.356835 0.356836 0.356836 0.356836 0.356835 0.356835 0.356836 0.356833 0.356833 0.356835 0.356835 0.000000 0.000000
0.000000 0.000000 0.360030 0.360030 0.360029 0.360029 0.360031 0.360030 0.360030 0.360031 0.360031 0.360031 0.360030 0.360030 0.360031 0.360029 0.360029 0.360030 0.360030 0.000000 0.000000
0.000000 0.000000 0.362956 0.362956 0.362954 0.362955 0.362956 0.362956 0.362956 0.362956 0.362957 0.362956 0.362956 0.362956 0.362956 0.362955 0.362954 0.362956 0.362956 0.000000 0.000000
0.000000 0.000000 0.365690 0.365690 0.365689 0.365689 0.365690 0.365690 0.365690 0.365691 0.365691 0.365691 0.365690 0.365690 0.365690 0.365689 0.365689 0.365690 0.365690 0.000000 0.000000
0.000000 0.000000 0.368300 0.368299 0.368298 0.368299 0.368300 0.368300 0.368300 0.368300 0.368300 0.368300 0.368300 0.368300 0.368300 0.368299 0.368298 0.368299 0.368300 0.000000 0.000000
0.000000 0.000000 0.370814 0.370814 0.370812 0.370813 0.370814 0.370814 0.370814 0.370814 0.370815 0.370814 0.370814 0.370814 0.370814 0.370813 0.370812 0.370814 0.370814 0.000000 0.000000
0.000000 0.000000 0.373256 0.373255 0.373254 0.373255 0.373256 0.373255 0.373256 0.373256 0.373256 0.373256 0.373256 0.373255 0.373256 0.373255 0.373254 0.373255 0.373256 0.000000 0.000000
0.000000 0.000000 0.375641 0.375641 0.375640 0.375640 0.375642 0.375641 0.375641 0.375642 0.375642 0.375642 0.375641 0.375641 0.375642 0.375640 0.375640 0.375641 0.375641 0.000000 0.000000
0.000000 0.000000 0.377977 0.377977 0.377976 0.377976 0.377977 0.377977 0.377977 0.377978 0.377978 0.377978 0.377977 0.377977 0.377977 0.377976 0.377976 0.377977 0.377977 0.000000 0.000000
0.000000 0.000000 0.380273 0.380273 0.380272 0.380272 0.380273 0.380273 0.380273 0.380274 0.380274 0.380274 0.380273 0.380273 0.380273 0.380272 0.380272 0.380273 0.380273 0.000000 0.000000
0.000000 0.000000 0.382534 0.382534 0.382533 0.382533 0.382534 0.382534 0.382534 0.382534 0.382535 0.382534 0.382534 0.382534 0.382534 0.382533 0.382533 0.382534 0.382534 0.000000 0.000000
0.000000 0.000000 0.384759 0.384759 0.384758 0.384758 0.384760 0.384759 0.384759 0.384760 0.384760 0.384760 0.384759 0.384759 0.384760 0.384758 0.384758 0.384759 0.384759 0.000000 0.000000
0.000000 0.000000 0.386981 0.386981 0.386980 0.386980 0.386981 0.386981 0.386981 0.386982 0.386982 0.386982 0.386981 0.386981 0.386981 0.386980 0.386980 0.386981 0.386981 0.000000 0.000000
0.000000 0.000000 0.350000 0.350000 0.350000 0.350000 0.350000 0.350000 0.350000 0.350000 0.350000 0.350000 0.350000 0.350000 0.350000 0.350000 0.350000 0.350000 0.350000 0.000000 0.000000
0.000000 0.000000 0.000000 0.000000 0.000000 0.000000 0.000000 0.000000 0.000000 0.000000 0.000000 0.000000 0.000000 0.000000 0.000000 0.000000 0.000000 0.000000 0.000000 0.000000 0.000000