geotop/1.0zi/1.0Montebello/Templates/testdem/maps/_Eocclay2906.asc
ncols         21
nrows         20
xllcorner     100.000000
yllcorner     100.000000
cellsize      50.000000
NODATA_value  -9999.0
0.000000 0.000000 0.000000 0.000000 0.000000 0.000000 0.000000 0.000000 0.000000 0.000000 0.000000 0.000000 0.000000 0.000000 0.000000 0.000000 0.000000 0.000000 0.000000 0.000000 0.000000
0.000000 0.000000 0.349841 0.349841 0.349841 0.349841 0.349841 0.349841 0.349841 0.349841 0.349841 0.349841 0.349841 0.349841 0.349841 0.349841 0.349841 0.349841 0.349841 0.000000 0.000000
0.000000 0.000000 0.349993 0.349993 0.349992 0.349993 0.349993 0.349993 0.349993 0.349993 0.349993 0.349993 0.349993 0.349993 0.349993 0.349993 0.349992 0.349993 0.349993 0.000000 0.000000
0.000000 0.000000 0.350980 0.350979 0.350977 0.350978 0.350980 0.350979 0.350979 0.350980 0.350980 0.350980 0.350979 0.350979 0.350980 0.350978 0.350977 0.350979 0.350980 0.000000 0.000000
0.000000 0.000000 0.355317 0.355316 0.355315 0.355315 0.355318 0.355317 0.355317 0.355319 0.355319 0.355319 0.355317 0.355317 0.355318 0.355315 0.355315 0.355316 0.355317 0.000000 0.000000
0.000000 0.000000 0.360248 0.360248 0.360246 0.360247 0.360249 0.360248 0.360248 0.360249 0.360250 0.360249 0.360248 0.360248 0.360249 0.360247 0.360246 0.360248 0.360248 0.000000 0.000000
0.000000 0.000000 0.364900 0.364899 0.364898 0.364898 0.364900 0.364899 0.364899 0.364900 0.364901 0.364900 0.364899 0.364899 0.364900 0.364898 0.364898 0.364899 0.364900 0.000000 0.000000
0.000000 0.000000 0.369149 0.369149 0.369147 0.369148 0.369149 0.369149 0.369149 0.369150 0.369150 0.369150 0.369149 0.369149 0.369149 0.369148 0.369147 0.369149 0.369149 0.000000 0.000000
0.000000 0.000000 0.373093 0.373093 0.373092 0.373092 0.373094 0.373093 0.373093 0.373094 0.373094 0.373094 0.373093 0.373093 0.373094 0.373092 0.373092 0.373093 0.373093 0.000000 0.000000
0.000000 0.000000 0.376824 0.376824 0.376823 0.376823 0.376825 0.376824 0.376824 0.376825 0.376825 0.376825 0.376824 0.376824 0.376825 0.376823 0.376823 0.376824 0.376824 0.000000 0.000000
0.000000 0.000000 0.380386 0.380385 0.380384 0.380385 0.380386 0.380386 0.380386 0.380386 0.380387 0.380386 0.380386 0.380386 0.380386 0.380385 0.380384 0.380385 0.380386 0.000000 0.000000
0.000000 0.000000 0.383813 0.383813 0.383811 0.383812 0.383813 0.383813 0.383813 0.383813 0.383814 0.383813 0.383813 0.383813 0.383813 0.383812 0.383811 0.383813 0.383813 0.000000 0.000000
0.000000 0.000000 0.387130 0.387130 0.387129 0.387129 0.387131 0.387130 0.387130 0.387131 0.387131 0.387131 0.387130 0.387130 0.387131 0.387129 0.387129 0.387130 0.387130 0.000000 0.000000
0.000000 0.000000 0.390360 0.390360 0.390359 0.390359 0.390360 0.390360 0.390360 0.390361 0.390361 0.390361 0.390360 0.390360 0.390360 0.390359 0.390359 0.390360 0.390360 0.000000 0.000000
0.000000 0.000000 0.393512 0.393511 0.393510 0.393511 0.393512 0.393511 0.393511 0.393512 0.393512 0.393512 0.393511 0.393511 0.393512 0.393511 0.393510 0.393511 0.393512 0.000000 0.000000
0.000000 0.000000 0.396590 0.396590 0.396589 0.396589 0.396590 0.396590 0.396590 0.396591 0.396591 0.396591 0.396590 0.396590 0.396590 0.396589 0.396589 0.396590 0.396590 0.000000 0.000000
0.000000 0.000000 0.399600 0.399600 0.399599 0.399599 0.399600 0.399600 0.399600 0.399600 0.399601 0.399600 0.399600 0.399600 0.399600 0.399599 0.399599 0.399600 0.399600 0.000000 0.000000
0.000000 0.000000 0.402593 0.402593 0.402592 0.402592 0.402593 0.402593 0.402593 0.402594 0.402594 0.402594 0.402593 0.402593 0.402593 0.402592 0.402592 0.402593 0.402593 0.000000 0.000000
0.000000 0.000000 0.350000 0.350000 0.350000 0.350000 0.350000 0.350000 0.350000 0.350000 0.350000 0.350000 0.350000 0.350000 0.350000 0.350000 0.350000 0.350000 0.350000 0.000000 0.000000
0.000000 0.000000 0.000000 0.000000 0.000000 0.000000 0.000000 0.000000 0.000000 0.000000 0.000000 0.000000 0.000000 0.000000 0.000000 0.000000 0.000000 0.000000 0.000000 0.000000 0.000000