geotop/1.0zi/1.0Montebello/Templates/testdem/maps/_Eocsand7841.asc
ncols         21
nrows         20
xllcorner     100.000000
yllcorner     100.000000
cellsize      50.000000
NODATA_value  -9999.0
0.000000 0.000000 0.000000 0.000000 0.000000 0.000000 0.000000 0.000000 0.000000 0.000000 0.000000 0.000000 0.000000 0.000000 0.000000 0.000000 0.000000 0.000000 0.000000 0.000000 0.000000
0.000000 0.000000 0.300200 0.300198 0.300198 0.300198 0.300198 0.300197 0.300197 0.300197 0.300198 0.300197 0.300198 0.300198 0.300197 0.300198 0.300199 0.300199 0.300199 0.000000 0.000000
0.000000 0.000000 0.300010 0.300012 0.300011 0.300010 0.300011 0.300012 0.300011 0.300011 0.300011 0.300012 0.300010 0.300011 0.300011 0.300011 0.300012 0.300012 0.300013 0.000000 0.000000
0.000000 0.000000 0.299894 0.299893 0.299898 0.299906 0.299901 0.299909 0.299904 0.299906 0.299906 0.299906 0.299906 0.299908 0.299903 0.299899 0.299896 0.299893 0.299893 0.000000 0.000000
0.000000 0.000000 0.298032 0.298029 0.298038 0.298053 0.298075 0.298085 0.298091 0.298090 0.298094 0.298093 0.298096 0.298090 0.298066 0.298060 0.298049 0.298037 0.298028 0.000000 0.000000
0.000000 0.000000 0.292778 0.292780 0.292803 0.292847 0.292879 0.292925 0.292925 0.292938 0.292930 0.292931 0.292927 0.292926 0.292904 0.292872 0.292846 0.292822 0.292812 0.000000 0.000000
0.000000 0.000000 0.285394 0.285403 0.285423 0.285473 0.285534 0.285605 0.285606 0.285616 0.285613 0.285614 0.285617 0.285611 0.285549 0.285494 0.285461 0.285433 0.285418 0.000000 0.000000
0.000000 0.000000 0.276629 0.276634 0.276649 0.276706 0.276765 0.276843 0.276843 0.276852 0.276854 0.276860 0.276864 0.276849 0.276782 0.276730 0.276679 0.276663 0.276639 0.000000 0.000000
0.000000 0.000000 0.267305 0.267322 0.267350 0.267388 0.267450 0.267534 0.267530 0.267549 0.267554 0.267558 0.267556 0.267557 0.267475 0.267409 0.267369 0.267349 0.267329 0.000000 0.000000
0.000000 0.000000 0.257509 0.257529 0.257544 0.257581 0.257671 0.257747 0.257746 0.257756 0.257768 0.257762 0.257751 0.257755 0.257686 0.257610 0.257564 0.257547 0.257533 0.000000 0.000000
0.000000 0.000000 0.246948 0.246962 0.246979 0.247057 0.247120 0.247208 0.247189 0.247237 0.247231 0.247233 0.247250 0.247219 0.247156 0.247109 0.247050 0.247017 0.246978 0.000000 0.000000
0.000000 0.000000 0.235316 0.235349 0.235386 0.235436 0.235507 0.235616 0.235622 0.235637 0.235612 0.235650 0.235640 0.235632 0.235519 0.235462 0.235422 0.235398 0.235300 0.000000 0.000000
0.000000 0.000000 0.222829 0.222862 0.222878 0.222948 0.223010 0.223287 0.223291 0.223308 0.223379 0.223344 0.223327 0.223301 0.223090 0.223032 0.222927 0.222914 0.222863 0.000000 0.000000
0.000000 0.000000 0.208355 0.208367 0.208425 0.208476 0.208812 0.208802 0.208873 0.208873 0.208858 0.208876 0.208884 0.208897 0.208916 0.208567 0.208505 0.208412 0.208343 0.000000 0.000000
0.000000 0.000000 0.191436 0.191468 0.191541 0.191958 0.191947 0.192154 0.192255 0.192279 0.192348 0.192399 0.192354 0.192364 0.192163 0.192147 0.191596 0.191670 0.191654 0.000000 0.000000
0.000000 0.000000 0.172853 0.172884 0.173483 0.173361 0.173402 0.173475 0.173265 0.173338 0.173230 0.173279 0.173372 0.173223 0.173193 0.173161 0.173539 0.172696 0.172708 0.000000 0.000000
0.000000 0.000000 0.149750 0.150699 0.150578 0.150917 0.151393 0.151533 0.151762 0.151712 0.151980 0.151961 0.151813 0.151951 0.151714 0.151363 0.150617 0.151022 0.150045 0.000000 0.000000
0.000000 0.000000 0.139750 0.138941 0.138094 0.138125 0.138133 0.138940 0.138835 0.139062 0.138717 0.138791 0.138831 0.138718 0.138031 0.138026 0.137943 0.138643 0.139432 0.000000 0.000000
0.000000 0.000000 0.300000 0.300000 0.300000 0.300000 0.300000 0.300000 0.300000 0.300000 0.300000 0.300000 0.300000 0.300000 0.300000 0.300000 0.300000 0.300000 0.300000 0.000000 0.000000
0.000000 0.000000 0.000000 0.000000 0.000000 0.000000 0.000000 0.000000 0.000000 0.000000 0.000000 0.000000 0.000000 0.000000 0.000000 0.000000 0.000000 0.000000 0.000000 0.000000 0.000000