geotop/1.0zi/1.0Montebello/Templates/testdem/maps/_Eocsilt7677.asc
ncols         21
nrows         20
xllcorner     100.000000
yllcorner     100.000000
cellsize      50.000000
NODATA_value  -9999.0
0.000000 0.000000 0.000000 0.000000 0.000000 0.000000 0.000000 0.000000 0.000000 0.000000 0.000000 0.000000 0.000000 0.000000 0.000000 0.000000 0.000000 0.000000 0.000000 0.000000 0.000000
0.000000 0.000000 0.350157 0.350158 0.350158 0.350158 0.350158 0.350158 0.350158 0.350158 0.350158 0.350158 0.350158 0.350158 0.350158 0.350158 0.350158 0.350158 0.350158 0.000000 0.000000
0.000000 0.000000 0.350005 0.350005 0.350004 0.350004 0.350005 0.350005 0.350005 0.350005 0.350005 0.350005 0.350006 0.350006 0.350005 0.350004 0.350003 0.350003 0.350004 0.000000 0.000000
0.000000 0.000000 0.350103 0.350099 0.350098 0.350091 0.350092 0.350087 0.350090 0.350090 0.350087 0.350089 0.350089 0.350089 0.350092 0.350095 0.350098 0.350098 0.350099 0.000000 0.000000
0.000000 0.000000 0.350968 0.350974 0.350970 0.350960 0.350954 0.350947 0.350943 0.350942 0.350942 0.350942 0.350943 0.350945 0.350958 0.350963 0.350965 0.350975 0.350978 0.000000 0.000000
0.000000 0.000000 0.353408 0.353410 0.353400 0.353384 0.353366 0.353345 0.353344 0.353338 0.353342 0.353343 0.353344 0.353343 0.353355 0.353367 0.353379 0.353387 0.353392 0.000000 0.000000
0.000000 0.000000 0.356934 0.356930 0.356920 0.356895 0.356864 0.356832 0.356833 0.356829 0.356830 0.356828 0.356825 0.356831 0.356859 0.356884 0.356901 0.356916 0.356923 0.000000 0.000000
0.000000 0.000000 0.361128 0.361127 0.361121 0.361095 0.361066 0.361030 0.361030 0.361026 0.361025 0.361022 0.361020 0.361026 0.361058 0.361084 0.361109 0.361116 0.361127 0.000000 0.000000
0.000000 0.000000 0.365616 0.365608 0.365594 0.365576 0.365546 0.365505 0.365507 0.365498 0.365495 0.365494 0.365495 0.365494 0.365534 0.365566 0.365586 0.365597 0.365607 0.000000 0.000000
0.000000 0.000000 0.370296 0.370288 0.370281 0.370264 0.370221 0.370185 0.370185 0.370180 0.370175 0.370178 0.370183 0.370181 0.370214 0.370251 0.370273 0.370281 0.370288 0.000000 0.000000
0.000000 0.000000 0.375299 0.375294 0.375286 0.375249 0.375219 0.375178 0.375187 0.375164 0.375167 0.375166 0.375158 0.375173 0.375203 0.375226 0.375254 0.375270 0.375288 0.000000 0.000000
0.000000 0.000000 0.380788 0.380773 0.380757 0.380733 0.380700 0.380648 0.380646 0.380638 0.380650 0.380633 0.380638 0.380642 0.380695 0.380722 0.380741 0.380753 0.380800 0.000000 0.000000
0.000000 0.000000 0.386647 0.386633 0.386626 0.386594 0.386565 0.386436 0.386435 0.386426 0.386394 0.386409 0.386417 0.386430 0.386528 0.386555 0.386604 0.386611 0.386636 0.000000 0.000000
0.000000 0.000000 0.393389 0.393384 0.393358 0.393335 0.393183 0.393183 0.393150 0.393150 0.393155 0.393148 0.393145 0.393139 0.393134 0.393293 0.393323 0.393366 0.393399 0.000000 0.000000
0.000000 0.000000 0.401217 0.401204 0.401171 0.400985 0.400983 0.400891 0.400844 0.400834 0.400803 0.400779 0.400800 0.400795 0.400884 0.400899 0.401147 0.401116 0.401125 0.000000 0.000000
0.000000 0.000000 0.409789 0.409776 0.409510 0.409555 0.409539 0.409502 0.409592 0.409559 0.409605 0.409582 0.409543 0.409608 0.409626 0.409640 0.409487 0.409858 0.409853 0.000000 0.000000
0.000000 0.000000 0.420367 0.419951 0.419988 0.419845 0.419636 0.419574 0.419480 0.419499 0.419385 0.419391 0.419454 0.419398 0.419502 0.419656 0.419973 0.419820 0.420249 0.000000 0.000000
0.000000 0.000000 0.425342 0.425670 0.426049 0.426028 0.426012 0.425656 0.425695 0.425596 0.425740 0.425708 0.425695 0.425741 0.426048 0.426059 0.426118 0.425797 0.425479 0.000000 0.000000
0.000000 0.000000 0.350000 0.350000 0.350000 0.350000 0.350000 0.350000 0.350000 0.350000 0.350000 0.350000 0.350000 0.350000 0.350000 0.350000 0.350000 0.350000 0.350000 0.000000 0.000000
0.000000 0.000000 0.000000 0.000000 0.000000 0.000000 0.000000 0.000000 0.000000 0.000000 0.000000 0.000000 0.000000 0.000000 0.000000 0.000000 0.000000 0.000000 0.000000 0.000000 0.000000