geotop/1.0zi/1.0Montebello/Templates/testdem/maps/_Eocclay1970.asc
ncols         21
nrows         20
xllcorner     100.000000
yllcorner     100.000000
cellsize      50.000000
NODATA_value  -9999.0
0.000000 0.000000 0.000000 0.000000 0.000000 0.000000 0.000000 0.000000 0.000000 0.000000 0.000000 0.000000 0.000000 0.000000 0.000000 0.000000 0.000000 0.000000 0.000000 0.000000 0.000000
0.000000 0.000000 0.349896 0.349896 0.349896 0.349896 0.349896 0.349896 0.349896 0.349896 0.349896 0.349896 0.349896 0.349896 0.349896 0.349896 0.349896 0.349896 0.349896 0.000000 0.000000
0.000000 0.000000 0.349993 0.349993 0.349993 0.349993 0.349993 0.349993 0.349993 0.349993 0.349993 0.349993 0.349993 0.349993 0.349993 0.349993 0.349993 0.349993 0.349993 0.000000 0.000000
0.000000 0.000000 0.350658 0.350658 0.350656 0.350657 0.350658 0.350658 0.350658 0.350658 0.350658 0.350658 0.350658 0.350658 0.350658 0.350657 0.350656 0.350658 0.350658 0.000000 0.000000
0.000000 0.000000 0.353475 0.353474 0.353473 0.353473 0.353476 0.353475 0.353475 0.353477 0.353477 0.353477 0.353475 0.353475 0.353476 0.353473 0.353473 0.353474 0.353475 0.000000 0.000000
0.000000 0.000000 0.356740 0.356740 0.356738 0.356738 0.356741 0.356740 0.356740 0.356741 0.356741 0.356741 0.356740 0.356740 0.356741 0.356738 0.356738 0.356740 0.356740 0.000000 0.000000
0.000000 0.000000 0.359833 0.359833 0.359832 0.359832 0.359834 0.359833 0.359833 0.359834 0.359834 0.359834 0.359833 0.359833 0.359834 0.359832 0.359832 0.359833 0.359833 0.000000 0.000000
0.000000 0.000000 0.362682 0.362682 0.362680 0.362681 0.362682 0.362682 0.362682 0.362683 0.362683 0.362683 0.362682 0.362682 0.362682 0.362681 0.362680 0.362682 0.362682 0.000000 0.000000
0.000000 0.000000 0.365348 0.365347 0.365346 0.365346 0.365348 0.365347 0.365347 0.365348 0.365348 0.365348 0.365347 0.365347 0.365348 0.365346 0.365346 0.365347 0.365348 0.000000 0.000000
0.000000 0.000000 0.367894 0.367894 0.367893 0.367893 0.367895 0.367894 0.367894 0.367895 0.367895 0.367895 0.367894 0.367894 0.367895 0.367893 0.367893 0.367894 0.367894 0.000000 0.000000
0.000000 0.000000 0.370350 0.370349 0.370348 0.370349 0.370350 0.370350 0.370350 0.370350 0.370350 0.370350 0.370350 0.370350 0.370350 0.370349 0.370348 0.370349 0.370350 0.000000 0.000000
0.000000 0.000000 0.372736 0.372736 0.372735 0.372735 0.372736 0.372736 0.372736 0.372737 0.372737 0.372737 0.372736 0.372736 0.372736 0.372735 0.372735 0.372736 0.372736 0.000000 0.000000
0.000000 0.000000 0.375070 0.375069 0.375068 0.375069 0.375070 0.375070 0.375070 0.375070 0.375070 0.375070 0.375070 0.375070 0.375070 0.375069 0.375068 0.375069 0.375070 0.000000 0.000000
0.000000 0.000000 0.377356 0.377356 0.377354 0.377355 0.377356 0.377356 0.377356 0.377356 0.377356 0.377356 0.377356 0.377356 0.377356 0.377355 0.377354 0.377356 0.377356 0.000000 0.000000
0.000000 0.000000 0.379606 0.379606 0.379604 0.379605 0.379606 0.379606 0.379606 0.379606 0.379606 0.379606 0.379606 0.379606 0.379606 0.379605 0.379604 0.379606 0.379606 0.000000 0.000000
0.000000 0.000000 0.381826 0.381826 0.381824 0.381825 0.381826 0.381826 0.381826 0.381826 0.381826 0.381826 0.381826 0.381826 0.381826 0.381825 0.381824 0.381826 0.381826 0.000000 0.000000
0.000000 0.000000 0.384015 0.384015 0.384013 0.384014 0.384015 0.384015 0.384015 0.384015 0.384015 0.384015 0.384015 0.384015 0.384015 0.384014 0.384013 0.384015 0.384015 0.000000 0.000000
0.000000 0.000000 0.386210 0.386210 0.386209 0.386209 0.386211 0.386210 0.386210 0.386211 0.386211 0.386211 0.386210 0.386210 0.386211 0.386209 0.386209 0.386210 0.386210 0.000000 0.000000
0.000000 0.000000 0.350000 0.350000 0.350000 0.350000 0.350000 0.350000 0.350000 0.350000 0.350000 0.350000 0.350000 0.350000 0.350000 0.350000 0.350000 0.350000 0.350000 0.000000 0.000000
0.000000 0.000000 0.000000 0.000000 0.000000 0.000000 0.000000 0.000000 0.000000 0.000000 0.000000 0.000000 0.000000 0.000000 0.000000 0.000000 0.000000 0.000000 0.000000 0.000000 0.000000