geotop/1.0zi/1.0Montebello/Templates/testdem/maps/_Eocsand8477.asc
ncols         21
nrows         20
xllcorner     100.000000
yllcorner     100.000000
cellsize      50.000000
NODATA_value  -9999.0
0.000000 0.000000 0.000000 0.000000 0.000000 0.000000 0.000000 0.000000 0.000000 0.000000 0.000000 0.000000 0.000000 0.000000 0.000000 0.000000 0.000000 0.000000 0.000000 0.000000 0.000000
0.000000 0.000000 0.300213 0.300211 0.300211 0.300211 0.300211 0.300210 0.300210 0.300210 0.300211 0.300210 0.300211 0.300211 0.300210 0.300211 0.300212 0.300212 0.300212 0.000000 0.000000
0.000000 0.000000 0.300012 0.300013 0.300013 0.300011 0.300012 0.300013 0.300013 0.300013 0.300013 0.300013 0.300012 0.300012 0.300012 0.300012 0.300013 0.300014 0.300014 0.000000 0.000000
0.000000 0.000000 0.299893 0.299892 0.299897 0.299905 0.299900 0.299908 0.299903 0.299905 0.299906 0.299906 0.299906 0.299907 0.299902 0.299898 0.299895 0.299892 0.299893 0.000000 0.000000
0.000000 0.000000 0.297883 0.297884 0.297898 0.297916 0.297941 0.297949 0.297953 0.297955 0.297956 0.297952 0.297951 0.297949 0.297927 0.297922 0.297909 0.297897 0.297886 0.000000 0.000000
0.000000 0.000000 0.291984 0.291989 0.292015 0.292064 0.292102 0.292149 0.292149 0.292163 0.292152 0.292152 0.292144 0.292147 0.292121 0.292089 0.292060 0.292040 0.292027 0.000000 0.000000
0.000000 0.000000 0.283703 0.283717 0.283736 0.283790 0.283859 0.283938 0.283937 0.283946 0.283945 0.283943 0.283945 0.283940 0.283873 0.283815 0.283781 0.283753 0.283737 0.000000 0.000000
0.000000 0.000000 0.273903 0.273912 0.273927 0.273990 0.274054 0.274139 0.274139 0.274152 0.274152 0.274156 0.274161 0.274145 0.274072 0.274018 0.273963 0.273949 0.273922 0.000000 0.000000
0.000000 0.000000 0.263373 0.263396 0.263425 0.263466 0.263539 0.263631 0.263625 0.263645 0.263650 0.263652 0.263649 0.263653 0.263562 0.263492 0.263449 0.263428 0.263406 0.000000 0.000000
0.000000 0.000000 0.252160 0.252185 0.252201 0.252242 0.252345 0.252428 0.252428 0.252438 0.252451 0.252442 0.252430 0.252435 0.252360 0.252276 0.252225 0.252208 0.252192 0.000000 0.000000
0.000000 0.000000 0.239885 0.239899 0.239917 0.240013 0.240081 0.240185 0.240158 0.240218 0.240205 0.240210 0.240229 0.240195 0.240120 0.240072 0.240003 0.239969 0.239923 0.000000 0.000000
0.000000 0.000000 0.226146 0.226190 0.226230 0.226283 0.226372 0.226493 0.226506 0.226516 0.226489 0.226533 0.226514 0.226513 0.226381 0.226312 0.226270 0.226243 0.226133 0.000000 0.000000
0.000000 0.000000 0.211166 0.211210 0.211215 0.211310 0.211379 0.211718 0.211725 0.211741 0.211836 0.211779 0.211765 0.211734 0.211473 0.211411 0.211280 0.211271 0.211217 0.000000 0.000000
0.000000 0.000000 0.193401 0.193414 0.193485 0.193548 0.193985 0.193933 0.194021 0.194021 0.193986 0.194020 0.194027 0.194060 0.194111 0.193652 0.193593 0.193472 0.193390 0.000000 0.000000
0.000000 0.000000 0.172322 0.172369 0.172458 0.173022 0.172948 0.173233 0.173356 0.173385 0.173485 0.173546 0.173482 0.173495 0.173216 0.173265 0.172519 0.172646 0.172639 0.000000 0.000000
0.000000 0.000000 0.149327 0.149368 0.150179 0.149920 0.149994 0.150049 0.149733 0.149831 0.149660 0.149712 0.149848 0.149649 0.149652 0.149602 0.150257 0.149065 0.149083 0.000000 0.000000
0.000000 0.000000 0.121273 0.122518 0.122195 0.122689 0.123309 0.123495 0.123859 0.123775 0.124158 0.124115 0.123894 0.124121 0.123797 0.123343 0.122245 0.123013 0.121720 0.000000 0.000000
0.000000 0.000000 0.112220 0.111059 0.110065 0.110052 0.109976 0.110936 0.110759 0.111046 0.110564 0.110659 0.110737 0.110577 0.109782 0.109841 0.109886 0.110638 0.111781 0.000000 0.000000
0.000000 0.000000 0.300000 0.300000 0.300000 0.300000 0.300000 0.300000 0.300000 0.300000 0.300000 0.300000 0.300000 0.300000 0.300000 0.300000 0.300000 0.300000 0.300000 0.000000 0.000000
0.000000 0.000000 0.000000 0.000000 0.000000 0.000000 0.000000 0.000000 0.000000 0.000000 0.000000 0.000000 0.000000 0.000000 0.000000 0.000000 0.000000 0.000000 0.000000 0.000000 0.000000