geotop/1.0zi/1.0Montebello/Templates/testdem/maps/_Eocsilt7761.asc
ncols         21
nrows         20
xllcorner     100.000000
yllcorner     100.000000
cellsize      50.000000
NODATA_value  -9999.0
0.000000 0.000000 0.000000 0.000000 0.000000 0.000000 0.000000 0.000000 0.000000 0.000000 0.000000 0.000000 0.000000 0.000000 0.000000 0.000000 0.000000 0.000000 0.000000 0.000000 0.000000
0.000000 0.000000 0.350160 0.350160 0.350160 0.350161 0.350160 0.350160 0.350160 0.350160 0.350160 0.350160 0.350160 0.350160 0.350160 0.350160 0.350161 0.350160 0.350160 0.000000 0.000000
0.000000 0.000000 0.350005 0.350005 0.350004 0.350004 0.350005 0.350005 0.350005 0.350005 0.350005 0.350005 0.350006 0.350006 0.350005 0.350004 0.350003 0.350003 0.350004 0.000000 0.000000
0.000000 0.000000 0.350103 0.350099 0.350097 0.350091 0.350092 0.350087 0.350090 0.350090 0.350087 0.350089 0.350089 0.350089 0.350092 0.350095 0.350098 0.350098 0.350099 0.000000 0.000000
0.000000 0.000000 0.350979 0.350985 0.350981 0.350970 0.350964 0.350957 0.350953 0.350952 0.350952 0.350952 0.350953 0.350955 0.350968 0.350973 0.350975 0.350985 0.350988 0.000000 0.000000
0.000000 0.000000 0.353476 0.353477 0.353467 0.353451 0.353432 0.353411 0.353410 0.353404 0.353408 0.353408 0.353410 0.353409 0.353421 0.353433 0.353445 0.353453 0.353458 0.000000 0.000000
0.000000 0.000000 0.357077 0.357073 0.357062 0.357036 0.357005 0.356972 0.356973 0.356969 0.356970 0.356968 0.356965 0.356971 0.356999 0.357025 0.357042 0.357057 0.357064 0.000000 0.000000
0.000000 0.000000 0.361354 0.361352 0.361346 0.361319 0.361289 0.361253 0.361253 0.361248 0.361247 0.361244 0.361242 0.361249 0.361281 0.361308 0.361333 0.361339 0.361351 0.000000 0.000000
0.000000 0.000000 0.365934 0.365925 0.365911 0.365892 0.365861 0.365819 0.365821 0.365812 0.365810 0.365808 0.365809 0.365808 0.365849 0.365881 0.365902 0.365912 0.365922 0.000000 0.000000
0.000000 0.000000 0.370719 0.370710 0.370703 0.370685 0.370641 0.370604 0.370605 0.370600 0.370594 0.370597 0.370602 0.370600 0.370634 0.370671 0.370693 0.370701 0.370708 0.000000 0.000000
0.000000 0.000000 0.375845 0.375839 0.375831 0.375793 0.375762 0.375720 0.375729 0.375705 0.375708 0.375707 0.375699 0.375714 0.375745 0.375768 0.375797 0.375812 0.375831 0.000000 0.000000
0.000000 0.000000 0.381480 0.381464 0.381447 0.381422 0.381388 0.381335 0.381332 0.381324 0.381337 0.381319 0.381324 0.381328 0.381382 0.381410 0.381429 0.381441 0.381489 0.000000 0.000000
0.000000 0.000000 0.387507 0.387491 0.387484 0.387450 0.387420 0.387287 0.387285 0.387277 0.387243 0.387260 0.387267 0.387280 0.387382 0.387409 0.387460 0.387466 0.387491 0.000000 0.000000
0.000000 0.000000 0.394463 0.394457 0.394430 0.394406 0.394247 0.394249 0.394216 0.394215 0.394222 0.394214 0.394210 0.394204 0.394196 0.394362 0.394392 0.394436 0.394470 0.000000 0.000000
0.000000 0.000000 0.402562 0.402547 0.402513 0.402316 0.402318 0.402221 0.402173 0.402162 0.402130 0.402104 0.402126 0.402121 0.402216 0.402227 0.402486 0.402452 0.402461 0.000000 0.000000
0.000000 0.000000 0.411434 0.411419 0.411139 0.411191 0.411174 0.411137 0.411234 0.411199 0.411249 0.411226 0.411183 0.411252 0.411268 0.411283 0.411113 0.411505 0.411500 0.000000 0.000000
0.000000 0.000000 0.422397 0.421957 0.422006 0.421851 0.421631 0.421566 0.421463 0.421485 0.421362 0.421370 0.421438 0.421376 0.421485 0.421647 0.421987 0.421811 0.422264 0.000000 0.000000
0.000000 0.000000 0.427343 0.427703 0.428098 0.428080 0.428070 0.427697 0.427742 0.427638 0.427794 0.427760 0.427743 0.427794 0.428113 0.428119 0.428167 0.427837 0.427487 0.000000 0.000000
0.000000 0.000000 0.350000 0.350000 0.350000 0.350000 0.350000 0.350000 0.350000 0.350000 0.350000 0.350000 0.350000 0.350000 0.350000 0.350000 0.350000 0.350000 0.350000 0.000000 0.000000
0.000000 0.000000 0.000000 0.000000 0.000000 0.000000 0.000000 0.000000 0.000000 0.000000 0.000000 0.000000 0.000000 0.000000 0.000000 0.000000 0.000000 0.000000 0.000000 0.000000 0.000000