geotop/1.0zi/1.0Montebello/Templates/testdem/maps/_Eocsand4759.asc
ncols         21
nrows         20
xllcorner     100.000000
yllcorner     100.000000
cellsize      50.000000
NODATA_value  -9999.0
0.000000 0.000000 0.000000 0.000000 0.000000 0.000000 0.000000 0.000000 0.000000 0.000000 0.000000 0.000000 0.000000 0.000000 0.000000 0.000000 0.000000 0.000000 0.000000 0.000000 0.000000
0.000000 0.000000 0.300117 0.300117 0.300116 0.300116 0.300116 0.300116 0.300116 0.300116 0.300116 0.300116 0.300116 0.300116 0.300116 0.300116 0.300116 0.300117 0.300117 0.000000 0.000000
0.000000 0.000000 0.300006 0.300005 0.300005 0.300005 0.300005 0.300005 0.300005 0.300005 0.300005 0.300005 0.300005 0.300005 0.300005 0.300005 0.300007 0.300007 0.300006 0.000000 0.000000
0.000000 0.000000 0.299974 0.299973 0.299975 0.299979 0.299976 0.299979 0.299977 0.299977 0.299977 0.299978 0.299978 0.299980 0.299976 0.299972 0.299973 0.299971 0.299973 0.000000 0.000000
0.000000 0.000000 0.299276 0.299274 0.299276 0.299286 0.299297 0.299302 0.299303 0.299307 0.299308 0.299304 0.299307 0.299305 0.299295 0.299295 0.299290 0.299281 0.299275 0.000000 0.000000
0.000000 0.000000 0.296852 0.296846 0.296856 0.296883 0.296894 0.296923 0.296927 0.296937 0.296927 0.296924 0.296917 0.296917 0.296910 0.296895 0.296883 0.296873 0.296865 0.000000 0.000000
0.000000 0.000000 0.293129 0.293133 0.293143 0.293172 0.293205 0.293244 0.293243 0.293250 0.293243 0.293244 0.293244 0.293239 0.293211 0.293178 0.293163 0.293150 0.293137 0.000000 0.000000
0.000000 0.000000 0.288724 0.288729 0.288733 0.288763 0.288799 0.288838 0.288836 0.288843 0.288842 0.288841 0.288844 0.288840 0.288804 0.288769 0.288749 0.288742 0.288729 0.000000 0.000000
0.000000 0.000000 0.284224 0.284233 0.284244 0.284267 0.284300 0.284345 0.284342 0.284351 0.284350 0.284347 0.284350 0.284346 0.284310 0.284271 0.284256 0.284247 0.284230 0.000000 0.000000
0.000000 0.000000 0.279732 0.279741 0.279749 0.279772 0.279812 0.279852 0.279846 0.279854 0.279852 0.279851 0.279855 0.279854 0.279814 0.279776 0.279760 0.279752 0.279739 0.000000 0.000000
0.000000 0.000000 0.275170 0.275180 0.275186 0.275206 0.275236 0.275284 0.275280 0.275291 0.275290 0.275287 0.275291 0.275289 0.275254 0.275225 0.275205 0.275195 0.275180 0.000000 0.000000
0.000000 0.000000 0.270443 0.270450 0.270463 0.270491 0.270522 0.270569 0.270570 0.270577 0.270575 0.270576 0.270578 0.270577 0.270533 0.270498 0.270479 0.270472 0.270423 0.000000 0.000000
0.000000 0.000000 0.265642 0.265652 0.265664 0.265686 0.265724 0.265822 0.265821 0.265830 0.265830 0.265828 0.265833 0.265829 0.265744 0.265703 0.265684 0.265675 0.265646 0.000000 0.000000
0.000000 0.000000 0.260543 0.260562 0.260570 0.260592 0.260696 0.260722 0.260738 0.260745 0.260743 0.260742 0.260748 0.260745 0.260716 0.260616 0.260596 0.260576 0.260558 0.000000 0.000000
0.000000 0.000000 0.255030 0.255044 0.255072 0.255161 0.255212 0.255274 0.255305 0.255315 0.255328 0.255328 0.255323 0.255331 0.255282 0.255213 0.255103 0.255108 0.255092 0.000000 0.000000
0.000000 0.000000 0.249316 0.249331 0.249440 0.249460 0.249495 0.249527 0.249529 0.249533 0.249526 0.249527 0.249541 0.249518 0.249501 0.249471 0.249470 0.249351 0.249322 0.000000 0.000000
0.000000 0.000000 0.242936 0.243083 0.243172 0.243216 0.243293 0.243335 0.243344 0.243351 0.243366 0.243364 0.243361 0.243370 0.243338 0.243253 0.243196 0.243139 0.242994 0.000000 0.000000
0.000000 0.000000 0.237993 0.238023 0.237930 0.237986 0.238052 0.238197 0.238210 0.238225 0.238217 0.238218 0.238225 0.238212 0.238081 0.238009 0.237928 0.238051 0.237997 0.000000 0.000000
0.000000 0.000000 0.300000 0.300000 0.300000 0.300000 0.300000 0.300000 0.300000 0.300000 0.300000 0.300000 0.300000 0.300000 0.300000 0.300000 0.300000 0.300000 0.300000 0.000000 0.000000
0.000000 0.000000 0.000000 0.000000 0.000000 0.000000 0.000000 0.000000 0.000000 0.000000 0.000000 0.000000 0.000000 0.000000 0.000000 0.000000 0.000000 0.000000 0.000000 0.000000 0.000000