geotop/1.0zi/1.0Montebello/Templates/testdem/maps/_Eocclay8886.asc
ncols         21
nrows         20
xllcorner     100.000000
yllcorner     100.000000
cellsize      50.000000
NODATA_value  -9999.0
0.000000 0.000000 0.000000 0.000000 0.000000 0.000000 0.000000 0.000000 0.000000 0.000000 0.000000 0.000000 0.000000 0.000000 0.000000 0.000000 0.000000 0.000000 0.000000 0.000000 0.000000
0.000000 0.000000 0.349583 0.349586 0.349586 0.349585 0.349587 0.349587 0.349586 0.349586 0.349585 0.349587 0.349586 0.349586 0.349587 0.349586 0.349584 0.349585 0.349585 0.000000 0.000000
0.000000 0.000000 0.349983 0.349981 0.349981 0.349983 0.349981 0.349981 0.349982 0.349981 0.349981 0.349981 0.349981 0.349981 0.349982 0.349982 0.349983 0.349982 0.349980 0.000000 0.000000
0.000000 0.000000 0.350023 0.350028 0.350026 0.350023 0.350025 0.350025 0.350029 0.350026 0.350029 0.350028 0.350028 0.350026 0.350029 0.350030 0.350028 0.350028 0.350026 0.000000 0.000000
0.000000 0.000000 0.351210 0.351203 0.351198 0.351188 0.351171 0.351171 0.351167 0.351169 0.351167 0.351168 0.351167 0.351169 0.351178 0.351182 0.351193 0.351193 0.351203 0.000000 0.000000
0.000000 0.000000 0.354560 0.354556 0.354538 0.354508 0.354485 0.354461 0.354465 0.354458 0.354462 0.354461 0.354467 0.354466 0.354479 0.354505 0.354517 0.354527 0.354532 0.000000 0.000000
0.000000 0.000000 0.359072 0.359064 0.359054 0.359025 0.358991 0.358942 0.358943 0.358938 0.358938 0.358940 0.358941 0.358941 0.358982 0.359013 0.359030 0.359039 0.359047 0.000000 0.000000
0.000000 0.000000 0.364423 0.364414 0.364404 0.364368 0.364333 0.364288 0.364290 0.364285 0.364284 0.364282 0.364279 0.364289 0.364327 0.364357 0.364386 0.364390 0.364404 0.000000 0.000000
0.000000 0.000000 0.370184 0.370172 0.370156 0.370133 0.370092 0.370043 0.370049 0.370039 0.370035 0.370033 0.370035 0.370034 0.370084 0.370121 0.370142 0.370147 0.370160 0.000000 0.000000
0.000000 0.000000 0.376421 0.376404 0.376395 0.376370 0.376312 0.376269 0.376271 0.376265 0.376257 0.376262 0.376269 0.376267 0.376307 0.376355 0.376380 0.376386 0.376392 0.000000 0.000000
0.000000 0.000000 0.383361 0.383350 0.383340 0.383284 0.383246 0.383189 0.383205 0.383171 0.383178 0.383174 0.383163 0.383184 0.383226 0.383255 0.383291 0.383302 0.383329 0.000000 0.000000
0.000000 0.000000 0.391246 0.391223 0.391194 0.391163 0.391112 0.391044 0.391044 0.391040 0.391054 0.391027 0.391039 0.391039 0.391113 0.391154 0.391172 0.391180 0.391241 0.000000 0.000000
0.000000 0.000000 0.399966 0.399940 0.399937 0.399877 0.399836 0.399634 0.399636 0.399625 0.399565 0.399601 0.399608 0.399628 0.399784 0.399821 0.399894 0.399893 0.399918 0.000000 0.000000
0.000000 0.000000 0.410537 0.410529 0.410481 0.410443 0.410165 0.410223 0.410173 0.410174 0.410202 0.410175 0.410170 0.410148 0.410097 0.410392 0.410416 0.410481 0.410528 0.000000 0.000000
0.000000 0.000000 0.423166 0.423132 0.423076 0.422710 0.422797 0.422605 0.422540 0.422521 0.422451 0.422415 0.422457 0.422454 0.422638 0.422569 0.423047 0.422941 0.422937 0.000000 0.000000
0.000000 0.000000 0.436647 0.436621 0.436107 0.436318 0.436255 0.436250 0.436471 0.436409 0.436525 0.436497 0.436404 0.436532 0.436502 0.436556 0.436059 0.436822 0.436808 0.000000 0.000000
0.000000 0.000000 0.452281 0.451568 0.451814 0.451501 0.451145 0.451041 0.450809 0.450865 0.450629 0.450657 0.450795 0.450651 0.450841 0.451103 0.451788 0.451246 0.451984 0.000000 0.000000
0.000000 0.000000 0.456359 0.456992 0.457505 0.457511 0.457560 0.457059 0.457165 0.457013 0.457274 0.457222 0.457177 0.457267 0.457675 0.457642 0.457593 0.457209 0.456582 0.000000 0.000000
0.000000 0.000000 0.350000 0.350000 0.350000 0.350000 0.350000 0.350000 0.350000 0.350000 0.350000 0.350000 0.350000 0.350000 0.350000 0.350000 0.350000 0.350000 0.350000 0.000000 0.000000
0.000000 0.000000 0.000000 0.000000 0.000000 0.000000 0.000000 0.000000 0.000000 0.000000 0.000000 0.000000 0.000000 0.000000 0.000000 0.000000 0.000000 0.000000 0.000000 0.000000 0.000000