geotop/1.0zi/1.0Montebello/Templates/testdem/maps/_Eocsand9160.asc
ncols         21
nrows         20
xllcorner     100.000000
yllcorner     100.000000
cellsize      50.000000
NODATA_value  -9999.0
0.000000 0.000000 0.000000 0.000000 0.000000 0.000000 0.000000 0.000000 0.000000 0.000000 0.000000 0.000000 0.000000 0.000000 0.000000 0.000000 0.000000 0.000000 0.000000 0.000000 0.000000
0.000000 0.000000 0.300233 0.300230 0.300230 0.300231 0.300230 0.300229 0.300230 0.300230 0.300231 0.300230 0.300230 0.300230 0.300230 0.300230 0.300232 0.300231 0.300231 0.000000 0.000000
0.000000 0.000000 0.300012 0.300014 0.300014 0.300012 0.300013 0.300014 0.300013 0.300013 0.300014 0.300014 0.300013 0.300013 0.300013 0.300013 0.300014 0.300015 0.300015 0.000000 0.000000
0.000000 0.000000 0.299855 0.299854 0.299861 0.299869 0.299868 0.299872 0.299865 0.299867 0.299867 0.299867 0.299866 0.299868 0.299863 0.299857 0.299854 0.299855 0.299854 0.000000 0.000000
0.000000 0.000000 0.297492 0.297494 0.297512 0.297538 0.297565 0.297569 0.297572 0.297574 0.297575 0.297572 0.297569 0.297569 0.297546 0.297536 0.297522 0.297518 0.297506 0.000000 0.000000
0.000000 0.000000 0.290727 0.290739 0.290776 0.290826 0.290883 0.290930 0.290929 0.290941 0.290936 0.290937 0.290928 0.290932 0.290903 0.290858 0.290835 0.290822 0.290809 0.000000 0.000000
0.000000 0.000000 0.281372 0.281393 0.281423 0.281484 0.281559 0.281660 0.281653 0.281662 0.281665 0.281665 0.281667 0.281660 0.281582 0.281523 0.281486 0.281465 0.281449 0.000000 0.000000
0.000000 0.000000 0.270293 0.270316 0.270343 0.270414 0.270491 0.270582 0.270578 0.270590 0.270594 0.270601 0.270606 0.270587 0.270513 0.270449 0.270389 0.270382 0.270354 0.000000 0.000000
0.000000 0.000000 0.258268 0.258300 0.258340 0.258391 0.258480 0.258586 0.258575 0.258597 0.258606 0.258612 0.258608 0.258611 0.258507 0.258430 0.258385 0.258372 0.258347 0.000000 0.000000
0.000000 0.000000 0.245213 0.245252 0.245283 0.245338 0.245458 0.245555 0.245550 0.245565 0.245583 0.245575 0.245562 0.245565 0.245483 0.245384 0.245330 0.245317 0.245304 0.000000 0.000000
0.000000 0.000000 0.230643 0.230673 0.230700 0.230828 0.230904 0.231031 0.230999 0.231069 0.231058 0.231069 0.231092 0.231050 0.230961 0.230901 0.230827 0.230803 0.230743 0.000000 0.000000
0.000000 0.000000 0.213979 0.214041 0.214116 0.214179 0.214289 0.214444 0.214441 0.214455 0.214426 0.214488 0.214461 0.214462 0.214305 0.214219 0.214179 0.214163 0.214035 0.000000 0.000000
0.000000 0.000000 0.195473 0.195531 0.195551 0.195690 0.195781 0.196220 0.196219 0.196243 0.196380 0.196303 0.196288 0.196246 0.195913 0.195834 0.195678 0.195676 0.195628 0.000000 0.000000
0.000000 0.000000 0.172905 0.172931 0.173055 0.173143 0.173750 0.173603 0.173722 0.173721 0.173658 0.173725 0.173737 0.173787 0.173923 0.173274 0.173230 0.173087 0.172987 0.000000 0.000000
0.000000 0.000000 0.146168 0.146250 0.146388 0.147188 0.146966 0.147412 0.147550 0.147595 0.147756 0.147834 0.147745 0.147746 0.147333 0.147527 0.146483 0.146717 0.146733 0.000000 0.000000
0.000000 0.000000 0.118639 0.118701 0.119782 0.119304 0.119456 0.119451 0.118988 0.119118 0.118877 0.118932 0.119129 0.118865 0.118960 0.118834 0.119925 0.118325 0.118351 0.000000 0.000000
0.000000 0.000000 0.089106 0.090383 0.089935 0.090513 0.091149 0.091347 0.091780 0.091678 0.092114 0.092065 0.091812 0.092077 0.091732 0.091266 0.090015 0.091020 0.089700 0.000000 0.000000
0.000000 0.000000 0.080694 0.079825 0.078993 0.079039 0.079028 0.079845 0.079715 0.079951 0.079575 0.079656 0.079708 0.079586 0.078913 0.078918 0.078888 0.079577 0.080444 0.000000 0.000000
0.000000 0.000000 0.300000 0.300000 0.300000 0.300000 0.300000 0.300000 0.300000 0.300000 0.300000 0.300000 0.300000 0.300000 0.300000 0.300000 0.300000 0.300000 0.300000 0.000000 0.000000
0.000000 0.000000 0.000000 0.000000 0.000000 0.000000 0.000000 0.000000 0.000000 0.000000 0.000000 0.000000 0.000000 0.000000 0.000000 0.000000 0.000000 0.000000 0.000000 0.000000 0.000000