geotop/1.0zi/1.0Montebello/Templates/testdem/maps/_Eocsilt9178.asc
ncols         21
nrows         20
xllcorner     100.000000
yllcorner     100.000000
cellsize      50.000000
NODATA_value  -9999.0
0.000000 0.000000 0.000000 0.000000 0.000000 0.000000 0.000000 0.000000 0.000000 0.000000 0.000000 0.000000 0.000000 0.000000 0.000000 0.000000 0.000000 0.000000 0.000000 0.000000 0.000000
0.000000 0.000000 0.350194 0.350194 0.350195 0.350195 0.350194 0.350194 0.350195 0.350194 0.350195 0.350194 0.350194 0.350194 0.350194 0.350194 0.350195 0.350195 0.350194 0.000000 0.000000
0.000000 0.000000 0.350005 0.350005 0.350006 0.350005 0.350006 0.350006 0.350006 0.350006 0.350006 0.350006 0.350007 0.350007 0.350006 0.350005 0.350004 0.350004 0.350005 0.000000 0.000000
0.000000 0.000000 0.350123 0.350119 0.350114 0.350109 0.350109 0.350104 0.350107 0.350108 0.350104 0.350107 0.350107 0.350107 0.350110 0.350114 0.350119 0.350119 0.350122 0.000000 0.000000
0.000000 0.000000 0.351266 0.351270 0.351260 0.351244 0.351234 0.351229 0.351231 0.351228 0.351228 0.351230 0.351234 0.351232 0.351245 0.351252 0.351255 0.351259 0.351261 0.000000 0.000000
0.000000 0.000000 0.354524 0.354518 0.354504 0.354485 0.354455 0.354434 0.354431 0.354425 0.354429 0.354429 0.354432 0.354430 0.354445 0.354463 0.354473 0.354477 0.354485 0.000000 0.000000
0.000000 0.000000 0.359166 0.359156 0.359140 0.359108 0.359070 0.359022 0.359026 0.359022 0.359021 0.359019 0.359016 0.359022 0.359059 0.359088 0.359107 0.359119 0.359126 0.000000 0.000000
0.000000 0.000000 0.364656 0.364645 0.364632 0.364598 0.364559 0.364515 0.364517 0.364512 0.364509 0.364506 0.364503 0.364512 0.364547 0.364581 0.364611 0.364613 0.364627 0.000000 0.000000
0.000000 0.000000 0.370640 0.370624 0.370603 0.370578 0.370533 0.370480 0.370485 0.370474 0.370470 0.370467 0.370469 0.370468 0.370520 0.370558 0.370581 0.370588 0.370601 0.000000 0.000000
0.000000 0.000000 0.377116 0.377097 0.377081 0.377055 0.376995 0.376947 0.376949 0.376942 0.376933 0.376937 0.376943 0.376941 0.376982 0.377031 0.377058 0.377065 0.377071 0.000000 0.000000
0.000000 0.000000 0.384314 0.384300 0.384286 0.384223 0.384185 0.384122 0.384138 0.384104 0.384109 0.384103 0.384092 0.384112 0.384157 0.384186 0.384223 0.384235 0.384265 0.000000 0.000000
0.000000 0.000000 0.392538 0.392508 0.392471 0.392440 0.392386 0.392308 0.392310 0.392303 0.392317 0.392287 0.392300 0.392300 0.392377 0.392420 0.392440 0.392448 0.392512 0.000000 0.000000
0.000000 0.000000 0.401651 0.401623 0.401613 0.401545 0.401500 0.401284 0.401284 0.401272 0.401205 0.401242 0.401250 0.401271 0.401434 0.401473 0.401550 0.401552 0.401575 0.000000 0.000000
0.000000 0.000000 0.412725 0.412713 0.412653 0.412610 0.412314 0.412384 0.412326 0.412326 0.412357 0.412324 0.412318 0.412294 0.412228 0.412544 0.412567 0.412637 0.412686 0.000000 0.000000
0.000000 0.000000 0.425772 0.425733 0.425666 0.425279 0.425385 0.425168 0.425102 0.425080 0.425002 0.424963 0.425006 0.425006 0.425206 0.425114 0.425619 0.425507 0.425500 0.000000 0.000000
0.000000 0.000000 0.439079 0.439050 0.438536 0.438759 0.438687 0.438687 0.438906 0.438844 0.438957 0.438930 0.438838 0.438963 0.438920 0.438980 0.438468 0.439226 0.439214 0.000000 0.000000
0.000000 0.000000 0.453007 0.452431 0.452623 0.452365 0.452077 0.451986 0.451793 0.451838 0.451642 0.451663 0.451776 0.451659 0.451815 0.452027 0.452586 0.452146 0.452742 0.000000 0.000000
0.000000 0.000000 0.457364 0.457695 0.458059 0.458022 0.458006 0.457650 0.457695 0.457596 0.457744 0.457710 0.457695 0.457740 0.458038 0.458051 0.458100 0.457782 0.457453 0.000000 0.000000
0.000000 0.000000 0.350000 0.350000 0.350000 0.350000 0.350000 0.350000 0.350000 0.350000 0.350000 0.350000 0.350000 0.350000 0.350000 0.350000 0.350000 0.350000 0.350000 0.000000 0.000000
0.000000 0.000000 0.000000 0.000000 0.000000 0.000000 0.000000 0.000000 0.000000 0.000000 0.000000 0.000000 0.000000 0.000000 0.000000 0.000000 0.000000 0.000000 0.000000 0.000000 0.000000