geotop/1.0zi/1.0Montebello/Templates/testdem/maps/_Eocsilt5084.asc
ncols         21
nrows         20
xllcorner     100.000000
yllcorner     100.000000
cellsize      50.000000
NODATA_value  -9999.0
0.000000 0.000000 0.000000 0.000000 0.000000 0.000000 0.000000 0.000000 0.000000 0.000000 0.000000 0.000000 0.000000 0.000000 0.000000 0.000000 0.000000 0.000000 0.000000 0.000000 0.000000
0.000000 0.000000 0.350102 0.350102 0.350102 0.350102 0.350102 0.350102 0.350102 0.350102 0.350102 0.350102 0.350102 0.350102 0.350102 0.350102 0.350102 0.350102 0.350102 0.000000 0.000000
0.000000 0.000000 0.350001 0.350001 0.350002 0.350002 0.350002 0.350002 0.350003 0.350002 0.350003 0.350002 0.350003 0.350003 0.350002 0.350002 0.350001 0.350000 0.350001 0.000000 0.000000
0.000000 0.000000 0.350038 0.350037 0.350037 0.350032 0.350033 0.350031 0.350033 0.350034 0.350033 0.350033 0.350033 0.350032 0.350033 0.350036 0.350036 0.350038 0.350037 0.000000 0.000000
0.000000 0.000000 0.350427 0.350431 0.350430 0.350426 0.350423 0.350420 0.350418 0.350416 0.350414 0.350416 0.350416 0.350417 0.350422 0.350423 0.350423 0.350431 0.350435 0.000000 0.000000
0.000000 0.000000 0.351700 0.351703 0.351698 0.351687 0.351680 0.351665 0.351663 0.351658 0.351662 0.351664 0.351668 0.351667 0.351672 0.351678 0.351684 0.351687 0.351691 0.000000 0.000000
0.000000 0.000000 0.353673 0.353672 0.353666 0.353651 0.353633 0.353614 0.353615 0.353613 0.353616 0.353614 0.353612 0.353617 0.353630 0.353645 0.353652 0.353660 0.353666 0.000000 0.000000
0.000000 0.000000 0.356055 0.356053 0.356053 0.356039 0.356020 0.356001 0.356001 0.355999 0.355998 0.355998 0.355998 0.355998 0.356016 0.356034 0.356045 0.356048 0.356056 0.000000 0.000000
0.000000 0.000000 0.358543 0.358539 0.358534 0.358521 0.358503 0.358479 0.358479 0.358476 0.358475 0.358477 0.358476 0.358477 0.358496 0.358516 0.358525 0.358532 0.358541 0.000000 0.000000
0.000000 0.000000 0.361011 0.361009 0.361005 0.360996 0.360976 0.360953 0.360956 0.360953 0.360953 0.360953 0.360952 0.360951 0.360973 0.360991 0.360996 0.361002 0.361009 0.000000 0.000000
0.000000 0.000000 0.363519 0.363516 0.363515 0.363499 0.363484 0.363459 0.363461 0.363456 0.363456 0.363457 0.363455 0.363456 0.363473 0.363489 0.363501 0.363507 0.363516 0.000000 0.000000
0.000000 0.000000 0.366126 0.366124 0.366119 0.366105 0.366088 0.366063 0.366062 0.366060 0.366059 0.366059 0.366059 0.366059 0.366082 0.366100 0.366107 0.366112 0.366138 0.000000 0.000000
0.000000 0.000000 0.368776 0.368772 0.368767 0.368756 0.368735 0.368682 0.368682 0.368678 0.368677 0.368678 0.368675 0.368677 0.368723 0.368744 0.368754 0.368759 0.368775 0.000000 0.000000
0.000000 0.000000 0.371612 0.371604 0.371601 0.371589 0.371534 0.371520 0.371511 0.371508 0.371508 0.371508 0.371506 0.371506 0.371520 0.371573 0.371584 0.371596 0.371606 0.000000 0.000000
0.000000 0.000000 0.374689 0.374683 0.374669 0.374618 0.374593 0.374559 0.374543 0.374538 0.374530 0.374528 0.374532 0.374528 0.374553 0.374587 0.374649 0.374647 0.374656 0.000000 0.000000
0.000000 0.000000 0.377898 0.377892 0.377831 0.377816 0.377799 0.377782 0.377781 0.377780 0.377784 0.377783 0.377775 0.377788 0.377798 0.377810 0.377811 0.377883 0.377899 0.000000 0.000000
0.000000 0.000000 0.381505 0.381420 0.381373 0.381348 0.381302 0.381277 0.381272 0.381269 0.381259 0.381259 0.381262 0.381255 0.381275 0.381324 0.381358 0.381387 0.381474 0.000000 0.000000
0.000000 0.000000 0.384247 0.384239 0.384301 0.384270 0.384236 0.384150 0.384143 0.384136 0.384140 0.384139 0.384134 0.384143 0.384220 0.384256 0.384299 0.384225 0.384251 0.000000 0.000000
0.000000 0.000000 0.350000 0.350000 0.350000 0.350000 0.350000 0.350000 0.350000 0.350000 0.350000 0.350000 0.350000 0.350000 0.350000 0.350000 0.350000 0.350000 0.350000 0.000000 0.000000
0.000000 0.000000 0.000000 0.000000 0.000000 0.000000 0.000000 0.000000 0.000000 0.000000 0.000000 0.000000 0.000000 0.000000 0.000000 0.000000 0.000000 0.000000 0.000000 0.000000 0.000000