geotop/1.0zi/1.0Montebello/Templates/testdem/maps/_Eocclay5534.asc
ncols         21
nrows         20
xllcorner     100.000000
yllcorner     100.000000
cellsize      50.000000
NODATA_value  -9999.0
0.000000 0.000000 0.000000 0.000000 0.000000 0.000000 0.000000 0.000000 0.000000 0.000000 0.000000 0.000000 0.000000 0.000000 0.000000 0.000000 0.000000 0.000000 0.000000 0.000000 0.000000
0.000000 0.000000 0.349751 0.349751 0.349751 0.349752 0.349752 0.349752 0.349751 0.349752 0.349752 0.349752 0.349752 0.349751 0.349752 0.349752 0.349751 0.349751 0.349751 0.000000 0.000000
0.000000 0.000000 0.349990 0.349990 0.349990 0.349990 0.349989 0.349989 0.349990 0.349990 0.349989 0.349989 0.349990 0.349990 0.349990 0.349990 0.349990 0.349990 0.349990 0.000000 0.000000
0.000000 0.000000 0.349990 0.349992 0.349990 0.349991 0.349993 0.349993 0.349993 0.349991 0.349993 0.349991 0.349991 0.349991 0.349993 0.349994 0.349992 0.349993 0.349992 0.000000 0.000000
0.000000 0.000000 0.350441 0.350441 0.350441 0.350436 0.350425 0.350422 0.350423 0.350425 0.350423 0.350424 0.350419 0.350420 0.350424 0.350423 0.350429 0.350431 0.350434 0.000000 0.000000
0.000000 0.000000 0.351970 0.351971 0.351966 0.351948 0.351942 0.351926 0.351925 0.351921 0.351925 0.351924 0.351928 0.351928 0.351931 0.351942 0.351947 0.351959 0.351964 0.000000 0.000000
0.000000 0.000000 0.354208 0.354206 0.354205 0.354189 0.354169 0.354143 0.354143 0.354139 0.354141 0.354143 0.354143 0.354141 0.354159 0.354179 0.354188 0.354197 0.354204 0.000000 0.000000
0.000000 0.000000 0.356938 0.356937 0.356936 0.356917 0.356898 0.356870 0.356871 0.356868 0.356869 0.356868 0.356866 0.356870 0.356890 0.356906 0.356921 0.356926 0.356935 0.000000 0.000000
0.000000 0.000000 0.359695 0.359692 0.359687 0.359677 0.359658 0.359630 0.359632 0.359627 0.359625 0.359627 0.359626 0.359624 0.359648 0.359666 0.359679 0.359682 0.359690 0.000000 0.000000
0.000000 0.000000 0.362482 0.362476 0.362475 0.362468 0.362440 0.362415 0.362417 0.362414 0.362410 0.362414 0.362417 0.362414 0.362433 0.362455 0.362469 0.362471 0.362477 0.000000 0.000000
0.000000 0.000000 0.365367 0.365364 0.365364 0.365345 0.365326 0.365298 0.365305 0.365291 0.365292 0.365293 0.365290 0.365296 0.365312 0.365325 0.365340 0.365349 0.365361 0.000000 0.000000
0.000000 0.000000 0.368384 0.368377 0.368371 0.368357 0.368340 0.368308 0.368309 0.368301 0.368310 0.368301 0.368302 0.368304 0.368332 0.368345 0.368355 0.368360 0.368391 0.000000 0.000000
0.000000 0.000000 0.371476 0.371469 0.371468 0.371452 0.371437 0.371372 0.371372 0.371366 0.371353 0.371361 0.371366 0.371370 0.371417 0.371428 0.371451 0.371454 0.371476 0.000000 0.000000
0.000000 0.000000 0.374820 0.374816 0.374809 0.374799 0.374737 0.374720 0.374705 0.374704 0.374699 0.374702 0.374702 0.374700 0.374707 0.374768 0.374788 0.374804 0.374826 0.000000 0.000000
0.000000 0.000000 0.378492 0.378487 0.378474 0.378411 0.378390 0.378353 0.378327 0.378323 0.378311 0.378305 0.378313 0.378306 0.378333 0.378363 0.378454 0.378447 0.378461 0.000000 0.000000
0.000000 0.000000 0.382362 0.382357 0.382276 0.382261 0.382256 0.382231 0.382247 0.382237 0.382244 0.382234 0.382224 0.382240 0.382254 0.382262 0.382258 0.382362 0.382366 0.000000 0.000000
0.000000 0.000000 0.386770 0.386659 0.386619 0.386587 0.386535 0.386507 0.386499 0.386497 0.386473 0.386469 0.386479 0.386475 0.386504 0.386543 0.386605 0.386634 0.386745 0.000000 0.000000
0.000000 0.000000 0.390033 0.390033 0.390131 0.390103 0.390060 0.389956 0.389953 0.389930 0.389944 0.389937 0.389945 0.389946 0.390040 0.390070 0.390142 0.390041 0.390047 0.000000 0.000000
0.000000 0.000000 0.350000 0.350000 0.350000 0.350000 0.350000 0.350000 0.350000 0.350000 0.350000 0.350000 0.350000 0.350000 0.350000 0.350000 0.350000 0.350000 0.350000 0.000000 0.000000
0.000000 0.000000 0.000000 0.000000 0.000000 0.000000 0.000000 0.000000 0.000000 0.000000 0.000000 0.000000 0.000000 0.000000 0.000000 0.000000 0.000000 0.000000 0.000000 0.000000 0.000000