geotop/1.0zi/1.0Montebello/Templates/testdem/maps/_Eocsand5372.asc
ncols         21
nrows         20
xllcorner     100.000000
yllcorner     100.000000
cellsize      50.000000
NODATA_value  -9999.0
0.000000 0.000000 0.000000 0.000000 0.000000 0.000000 0.000000 0.000000 0.000000 0.000000 0.000000 0.000000 0.000000 0.000000 0.000000 0.000000 0.000000 0.000000 0.000000 0.000000 0.000000
0.000000 0.000000 0.300133 0.300132 0.300132 0.300132 0.300132 0.300131 0.300132 0.300132 0.300132 0.300132 0.300132 0.300132 0.300132 0.300132 0.300132 0.300132 0.300133 0.000000 0.000000
0.000000 0.000000 0.300008 0.300007 0.300007 0.300007 0.300007 0.300007 0.300007 0.300007 0.300007 0.300007 0.300007 0.300006 0.300007 0.300007 0.300009 0.300009 0.300008 0.000000 0.000000
0.000000 0.000000 0.299974 0.299973 0.299975 0.299980 0.299976 0.299979 0.299977 0.299977 0.299977 0.299979 0.299978 0.299980 0.299976 0.299972 0.299973 0.299971 0.299973 0.000000 0.000000
0.000000 0.000000 0.299171 0.299167 0.299168 0.299176 0.299189 0.299197 0.299197 0.299196 0.299201 0.299197 0.299202 0.299202 0.299192 0.299192 0.299187 0.299176 0.299171 0.000000 0.000000
0.000000 0.000000 0.296408 0.296403 0.296411 0.296441 0.296455 0.296485 0.296489 0.296495 0.296487 0.296485 0.296480 0.296483 0.296476 0.296461 0.296447 0.296432 0.296424 0.000000 0.000000
0.000000 0.000000 0.292249 0.292252 0.292257 0.292289 0.292326 0.292371 0.292370 0.292375 0.292371 0.292368 0.292371 0.292369 0.292338 0.292303 0.292287 0.292270 0.292259 0.000000 0.000000
0.000000 0.000000 0.287202 0.287201 0.287201 0.287235 0.287272 0.287321 0.287320 0.287325 0.287324 0.287324 0.287327 0.287321 0.287286 0.287253 0.287224 0.287217 0.287201 0.000000 0.000000
0.000000 0.000000 0.282014 0.282021 0.282031 0.282051 0.282087 0.282140 0.282137 0.282146 0.282150 0.282147 0.282147 0.282152 0.282105 0.282069 0.282043 0.282036 0.282022 0.000000 0.000000
0.000000 0.000000 0.276816 0.276825 0.276827 0.276841 0.276893 0.276939 0.276935 0.276941 0.276948 0.276939 0.276933 0.276940 0.276904 0.276862 0.276836 0.276833 0.276823 0.000000 0.000000
0.000000 0.000000 0.271483 0.271488 0.271487 0.271524 0.271559 0.271609 0.271598 0.271623 0.271622 0.271618 0.271625 0.271612 0.271584 0.271558 0.271530 0.271514 0.271493 0.000000 0.000000
0.000000 0.000000 0.265922 0.265934 0.265945 0.265972 0.266001 0.266062 0.266058 0.266074 0.266057 0.266071 0.266070 0.266065 0.266013 0.265990 0.265970 0.265962 0.265905 0.000000 0.000000
0.000000 0.000000 0.260251 0.260262 0.260264 0.260293 0.260319 0.260438 0.260438 0.260449 0.260473 0.260459 0.260449 0.260441 0.260356 0.260335 0.260291 0.260288 0.260246 0.000000 0.000000
0.000000 0.000000 0.254151 0.254159 0.254171 0.254189 0.254299 0.254332 0.254358 0.254360 0.254370 0.254364 0.254362 0.254367 0.254353 0.254245 0.254206 0.254178 0.254136 0.000000 0.000000
0.000000 0.000000 0.247493 0.247498 0.247524 0.247635 0.247673 0.247739 0.247787 0.247793 0.247815 0.247825 0.247812 0.247823 0.247776 0.247720 0.247554 0.247566 0.247540 0.000000 0.000000
0.000000 0.000000 0.240496 0.240506 0.240645 0.240677 0.240688 0.240732 0.240709 0.240726 0.240716 0.240733 0.240748 0.240720 0.240696 0.240677 0.240675 0.240495 0.240489 0.000000 0.000000
0.000000 0.000000 0.232603 0.232791 0.232870 0.232927 0.233016 0.233064 0.233076 0.233080 0.233120 0.233127 0.233112 0.233117 0.233066 0.232999 0.232891 0.232828 0.232640 0.000000 0.000000
0.000000 0.000000 0.226638 0.226653 0.226492 0.226543 0.226612 0.226791 0.226797 0.226836 0.226817 0.226827 0.226813 0.226810 0.226646 0.226602 0.226469 0.226638 0.226611 0.000000 0.000000
0.000000 0.000000 0.300000 0.300000 0.300000 0.300000 0.300000 0.300000 0.300000 0.300000 0.300000 0.300000 0.300000 0.300000 0.300000 0.300000 0.300000 0.300000 0.300000 0.000000 0.000000
0.000000 0.000000 0.000000 0.000000 0.000000 0.000000 0.000000 0.000000 0.000000 0.000000 0.000000 0.000000 0.000000 0.000000 0.000000 0.000000 0.000000 0.000000 0.000000 0.000000 0.000000