geotop/1.0zi/1.0Montebello/Templates/testdem/maps/_Eocclay2945.asc
ncols         21
nrows         20
xllcorner     100.000000
yllcorner     100.000000
cellsize      50.000000
NODATA_value  -9999.0
0.000000 0.000000 0.000000 0.000000 0.000000 0.000000 0.000000 0.000000 0.000000 0.000000 0.000000 0.000000 0.000000 0.000000 0.000000 0.000000 0.000000 0.000000 0.000000 0.000000 0.000000
0.000000 0.000000 0.349837 0.349837 0.349837 0.349836 0.349837 0.349837 0.349837 0.349837 0.349836 0.349837 0.349837 0.349837 0.349837 0.349836 0.349837 0.349837 0.349837 0.000000 0.000000
0.000000 0.000000 0.349993 0.349993 0.349993 0.349993 0.349993 0.349993 0.349993 0.349993 0.349994 0.349993 0.349993 0.349993 0.349993 0.349993 0.349993 0.349993 0.349993 0.000000 0.000000
0.000000 0.000000 0.351030 0.351029 0.351027 0.351028 0.351030 0.351029 0.351029 0.351030 0.351030 0.351030 0.351029 0.351029 0.351030 0.351028 0.351027 0.351029 0.351030 0.000000 0.000000
0.000000 0.000000 0.355510 0.355509 0.355508 0.355508 0.355511 0.355510 0.355510 0.355512 0.355512 0.355512 0.355510 0.355510 0.355511 0.355508 0.355508 0.355509 0.355510 0.000000 0.000000
0.000000 0.000000 0.360571 0.360571 0.360569 0.360569 0.360572 0.360571 0.360571 0.360572 0.360572 0.360572 0.360571 0.360571 0.360572 0.360569 0.360569 0.360571 0.360571 0.000000 0.000000
0.000000 0.000000 0.365330 0.365330 0.365328 0.365329 0.365331 0.365330 0.365330 0.365331 0.365331 0.365331 0.365330 0.365330 0.365331 0.365329 0.365328 0.365330 0.365330 0.000000 0.000000
0.000000 0.000000 0.369671 0.369671 0.369669 0.369670 0.369671 0.369671 0.369671 0.369672 0.369672 0.369672 0.369671 0.369671 0.369671 0.369670 0.369669 0.369671 0.369671 0.000000 0.000000
0.000000 0.000000 0.373695 0.373694 0.373693 0.373694 0.373695 0.373695 0.373695 0.373695 0.373696 0.373695 0.373695 0.373695 0.373695 0.373694 0.373693 0.373694 0.373695 0.000000 0.000000
0.000000 0.000000 0.377497 0.377497 0.377495 0.377496 0.377497 0.377497 0.377497 0.377497 0.377498 0.377497 0.377497 0.377497 0.377497 0.377496 0.377495 0.377497 0.377497 0.000000 0.000000
0.000000 0.000000 0.381123 0.381122 0.381121 0.381122 0.381123 0.381123 0.381123 0.381123 0.381124 0.381123 0.381123 0.381123 0.381123 0.381122 0.381121 0.381122 0.381123 0.000000 0.000000
0.000000 0.000000 0.384606 0.384606 0.384605 0.384605 0.384607 0.384606 0.384606 0.384607 0.384607 0.384607 0.384606 0.384606 0.384607 0.384605 0.384605 0.384606 0.384606 0.000000 0.000000
0.000000 0.000000 0.387975 0.387974 0.387973 0.387974 0.387975 0.387974 0.387974 0.387975 0.387975 0.387975 0.387974 0.387974 0.387975 0.387974 0.387973 0.387974 0.387975 0.000000 0.000000
0.000000 0.000000 0.391252 0.391251 0.391250 0.391251 0.391252 0.391251 0.391251 0.391252 0.391252 0.391252 0.391251 0.391251 0.391252 0.391251 0.391250 0.391251 0.391252 0.000000 0.000000
0.000000 0.000000 0.394445 0.394445 0.394444 0.394444 0.394445 0.394445 0.394445 0.394446 0.394446 0.394446 0.394445 0.394445 0.394445 0.394444 0.394444 0.394445 0.394445 0.000000 0.000000
0.000000 0.000000 0.397561 0.397561 0.397560 0.397560 0.397561 0.397561 0.397561 0.397562 0.397562 0.397562 0.397561 0.397561 0.397561 0.397560 0.397560 0.397561 0.397561 0.000000 0.000000
0.000000 0.000000 0.400606 0.400606 0.400605 0.400605 0.400606 0.400606 0.400606 0.400606 0.400607 0.400606 0.400606 0.400606 0.400606 0.400605 0.400605 0.400606 0.400606 0.000000 0.000000
0.000000 0.000000 0.403638 0.403638 0.403637 0.403637 0.403638 0.403638 0.403638 0.403638 0.403639 0.403638 0.403638 0.403638 0.403638 0.403637 0.403637 0.403638 0.403638 0.000000 0.000000
0.000000 0.000000 0.350000 0.350000 0.350000 0.350000 0.350000 0.350000 0.350000 0.350000 0.350000 0.350000 0.350000 0.350000 0.350000 0.350000 0.350000 0.350000 0.350000 0.000000 0.000000
0.000000 0.000000 0.000000 0.000000 0.000000 0.000000 0.000000 0.000000 0.000000 0.000000 0.000000 0.000000 0.000000 0.000000 0.000000 0.000000 0.000000 0.000000 0.000000 0.000000 0.000000