geotop/1.0zi/1.0Montebello/Templates/testdem/maps/_Eocclay9666.asc
ncols         21
nrows         20
xllcorner     100.000000
yllcorner     100.000000
cellsize      50.000000
NODATA_value  -9999.0
0.000000 0.000000 0.000000 0.000000 0.000000 0.000000 0.000000 0.000000 0.000000 0.000000 0.000000 0.000000 0.000000 0.000000 0.000000 0.000000 0.000000 0.000000 0.000000 0.000000 0.000000
0.000000 0.000000 0.349553 0.349555 0.349555 0.349554 0.349556 0.349556 0.349555 0.349555 0.349554 0.349555 0.349555 0.349555 0.349555 0.349555 0.349553 0.349554 0.349555 0.000000 0.000000
0.000000 0.000000 0.349981 0.349979 0.349980 0.349982 0.349979 0.349979 0.349980 0.349979 0.349979 0.349980 0.349980 0.349979 0.349980 0.349981 0.349981 0.349981 0.349979 0.000000 0.000000
0.000000 0.000000 0.350040 0.350045 0.350042 0.350038 0.350039 0.350039 0.350043 0.350040 0.350043 0.350041 0.350041 0.350040 0.350043 0.350046 0.350045 0.350046 0.350043 0.000000 0.000000
0.000000 0.000000 0.351491 0.351485 0.351479 0.351467 0.351448 0.351446 0.351443 0.351445 0.351443 0.351447 0.351447 0.351448 0.351458 0.351463 0.351474 0.351477 0.351486 0.000000 0.000000
0.000000 0.000000 0.355403 0.355397 0.355375 0.355338 0.355308 0.355276 0.355281 0.355275 0.355275 0.355274 0.355281 0.355279 0.355295 0.355327 0.355342 0.355354 0.355360 0.000000 0.000000
0.000000 0.000000 0.360608 0.360597 0.360583 0.360547 0.360507 0.360450 0.360450 0.360444 0.360440 0.360441 0.360443 0.360443 0.360490 0.360525 0.360544 0.360558 0.360566 0.000000 0.000000
0.000000 0.000000 0.366809 0.366796 0.366780 0.366735 0.366690 0.366638 0.366638 0.366631 0.366627 0.366624 0.366622 0.366632 0.366675 0.366711 0.366744 0.366753 0.366767 0.000000 0.000000
0.000000 0.000000 0.373593 0.373575 0.373551 0.373517 0.373466 0.373406 0.373412 0.373400 0.373392 0.373390 0.373392 0.373390 0.373449 0.373493 0.373519 0.373529 0.373541 0.000000 0.000000
0.000000 0.000000 0.381103 0.381076 0.381058 0.381021 0.380964 0.380901 0.380902 0.380893 0.380880 0.380885 0.380894 0.380891 0.380938 0.380996 0.381027 0.381038 0.381044 0.000000 0.000000
0.000000 0.000000 0.389673 0.389651 0.389632 0.389551 0.389524 0.389438 0.389456 0.389414 0.389417 0.389411 0.389398 0.389422 0.389475 0.389511 0.389554 0.389569 0.389606 0.000000 0.000000
0.000000 0.000000 0.399682 0.399638 0.399588 0.399548 0.399503 0.399396 0.399394 0.399389 0.399401 0.399364 0.399382 0.399377 0.399473 0.399529 0.399551 0.399565 0.399640 0.000000 0.000000
0.000000 0.000000 0.410994 0.410952 0.410940 0.410861 0.410806 0.410522 0.410517 0.410499 0.410398 0.410459 0.410466 0.410491 0.410702 0.410750 0.410854 0.410859 0.410877 0.000000 0.000000
0.000000 0.000000 0.425069 0.425050 0.424959 0.424902 0.424503 0.424642 0.424556 0.424556 0.424608 0.424554 0.424544 0.424504 0.424374 0.424813 0.424829 0.424932 0.424993 0.000000 0.000000
0.000000 0.000000 0.441254 0.441207 0.441125 0.440600 0.440823 0.440496 0.440422 0.440387 0.440268 0.440229 0.440289 0.440293 0.440580 0.440366 0.441050 0.440889 0.440864 0.000000 0.000000
0.000000 0.000000 0.456057 0.456029 0.455435 0.455758 0.455649 0.455680 0.455944 0.455875 0.456017 0.455994 0.455880 0.456022 0.455932 0.456033 0.455345 0.456258 0.456245 0.000000 0.000000
0.000000 0.000000 0.469390 0.468884 0.469059 0.468829 0.468569 0.468485 0.468314 0.468354 0.468179 0.468200 0.468302 0.468196 0.468335 0.468528 0.469019 0.468630 0.469157 0.000000 0.000000
0.000000 0.000000 0.474082 0.474277 0.474591 0.474530 0.474484 0.474192 0.474206 0.474133 0.474227 0.474205 0.474206 0.474228 0.474480 0.474516 0.474615 0.474311 0.474120 0.000000 0.000000
0.000000 0.000000 0.350000 0.350000 0.350000 0.350000 0.350000 0.350000 0.350000 0.350000 0.350000 0.350000 0.350000 0.350000 0.350000 0.350000 0.350000 0.350000 0.350000 0.000000 0.000000
0.000000 0.000000 0.000000 0.000000 0.000000 0.000000 0.000000 0.000000 0.000000 0.000000 0.000000 0.000000 0.000000 0.000000 0.000000 0.000000 0.000000 0.000000 0.000000 0.000000 0.000000