geotop/1.0zi/1.0Montebello/Templates/testdem/maps/_Eocsand3469.asc
ncols         21
nrows         20
xllcorner     100.000000
yllcorner     100.000000
cellsize      50.000000
NODATA_value  -9999.0
0.000000 0.000000 0.000000 0.000000 0.000000 0.000000 0.000000 0.000000 0.000000 0.000000 0.000000 0.000000 0.000000 0.000000 0.000000 0.000000 0.000000 0.000000 0.000000 0.000000 0.000000
0.000000 0.000000 0.300092 0.300092 0.300092 0.300092 0.300092 0.300092 0.300092 0.300092 0.300094 0.300092 0.300092 0.300092 0.300092 0.300092 0.300092 0.300092 0.300092 0.000000 0.000000
0.000000 0.000000 0.300010 0.300011 0.300011 0.300010 0.300011 0.300010 0.300010 0.300011 0.300009 0.300011 0.300010 0.300010 0.300011 0.300010 0.300011 0.300011 0.300010 0.000000 0.000000
0.000000 0.000000 0.297326 0.297327 0.297331 0.297329 0.297326 0.297326 0.297326 0.297326 0.297325 0.297326 0.297326 0.297326 0.297326 0.297329 0.297331 0.297327 0.297326 0.000000 0.000000
0.000000 0.000000 0.287092 0.287093 0.287097 0.287097 0.287091 0.287093 0.287093 0.287091 0.287090 0.287091 0.287093 0.287093 0.287091 0.287097 0.287097 0.287093 0.287092 0.000000 0.000000
0.000000 0.000000 0.275175 0.275176 0.275180 0.275179 0.275174 0.275176 0.275176 0.275174 0.275173 0.275174 0.275176 0.275176 0.275174 0.275179 0.275180 0.275176 0.275175 0.000000 0.000000
0.000000 0.000000 0.264205 0.264206 0.264209 0.264209 0.264205 0.264206 0.264206 0.264205 0.264204 0.264205 0.264206 0.264206 0.264205 0.264209 0.264209 0.264206 0.264205 0.000000 0.000000
0.000000 0.000000 0.254264 0.254265 0.254267 0.254267 0.254263 0.254265 0.254265 0.254263 0.254262 0.254263 0.254265 0.254265 0.254263 0.254267 0.254267 0.254265 0.254264 0.000000 0.000000
0.000000 0.000000 0.245092 0.245092 0.245095 0.245094 0.245091 0.245092 0.245092 0.245091 0.245090 0.245091 0.245092 0.245092 0.245091 0.245094 0.245095 0.245092 0.245092 0.000000 0.000000
0.000000 0.000000 0.236473 0.236474 0.236476 0.236475 0.236472 0.236474 0.236474 0.236473 0.236472 0.236473 0.236474 0.236474 0.236472 0.236475 0.236476 0.236474 0.236473 0.000000 0.000000
0.000000 0.000000 0.228297 0.228297 0.228300 0.228299 0.228296 0.228297 0.228297 0.228296 0.228295 0.228296 0.228297 0.228297 0.228296 0.228299 0.228300 0.228297 0.228297 0.000000 0.000000
0.000000 0.000000 0.220483 0.220484 0.220486 0.220485 0.220482 0.220484 0.220484 0.220483 0.220482 0.220483 0.220484 0.220484 0.220482 0.220485 0.220486 0.220484 0.220483 0.000000 0.000000
0.000000 0.000000 0.212973 0.212974 0.212976 0.212975 0.212973 0.212974 0.212974 0.212973 0.212972 0.212973 0.212974 0.212974 0.212973 0.212975 0.212976 0.212974 0.212973 0.000000 0.000000
0.000000 0.000000 0.205709 0.205710 0.205712 0.205711 0.205708 0.205710 0.205709 0.205708 0.205708 0.205708 0.205709 0.205710 0.205708 0.205711 0.205712 0.205710 0.205709 0.000000 0.000000
0.000000 0.000000 0.198669 0.198669 0.198671 0.198671 0.198668 0.198669 0.198669 0.198668 0.198667 0.198668 0.198669 0.198669 0.198668 0.198671 0.198671 0.198669 0.198669 0.000000 0.000000
0.000000 0.000000 0.191842 0.191842 0.191845 0.191844 0.191841 0.191842 0.191842 0.191841 0.191841 0.191841 0.191842 0.191842 0.191841 0.191844 0.191845 0.191842 0.191842 0.000000 0.000000
0.000000 0.000000 0.185205 0.185206 0.185208 0.185207 0.185205 0.185206 0.185206 0.185205 0.185204 0.185205 0.185206 0.185206 0.185205 0.185207 0.185208 0.185206 0.185205 0.000000 0.000000
0.000000 0.000000 0.178648 0.178647 0.178649 0.178648 0.178646 0.178647 0.178647 0.178646 0.178646 0.178646 0.178647 0.178647 0.178646 0.178648 0.178649 0.178647 0.178647 0.000000 0.000000
0.000000 0.000000 0.300000 0.300000 0.300000 0.300000 0.300000 0.300000 0.300000 0.300000 0.300000 0.300000 0.300000 0.300000 0.300000 0.300000 0.300000 0.300000 0.300000 0.000000 0.000000
0.000000 0.000000 0.000000 0.000000 0.000000 0.000000 0.000000 0.000000 0.000000 0.000000 0.000000 0.000000 0.000000 0.000000 0.000000 0.000000 0.000000 0.000000 0.000000 0.000000 0.000000