geotop/1.0zi/1.0Montebello/Templates/testdem/maps/_Eocclay2040.asc
ncols         21
nrows         20
xllcorner     100.000000
yllcorner     100.000000
cellsize      50.000000
NODATA_value  -9999.0
0.000000 0.000000 0.000000 0.000000 0.000000 0.000000 0.000000 0.000000 0.000000 0.000000 0.000000 0.000000 0.000000 0.000000 0.000000 0.000000 0.000000 0.000000 0.000000 0.000000 0.000000
0.000000 0.000000 0.349894 0.349894 0.349894 0.349894 0.349894 0.349894 0.349894 0.349894 0.349894 0.349894 0.349894 0.349894 0.349894 0.349894 0.349894 0.349894 0.349894 0.000000 0.000000
0.000000 0.000000 0.349993 0.349993 0.349993 0.349993 0.349993 0.349993 0.349993 0.349993 0.349993 0.349993 0.349993 0.349993 0.349993 0.349993 0.349993 0.349993 0.349993 0.000000 0.000000
0.000000 0.000000 0.350662 0.350661 0.350659 0.350660 0.350662 0.350662 0.350661 0.350662 0.350662 0.350662 0.350661 0.350662 0.350662 0.350660 0.350659 0.350661 0.350662 0.000000 0.000000
0.000000 0.000000 0.353549 0.353548 0.353547 0.353547 0.353550 0.353549 0.353549 0.353551 0.353551 0.353551 0.353549 0.353549 0.353550 0.353547 0.353547 0.353548 0.353549 0.000000 0.000000
0.000000 0.000000 0.356913 0.356912 0.356911 0.356911 0.356914 0.356913 0.356913 0.356914 0.356914 0.356914 0.356913 0.356913 0.356914 0.356911 0.356911 0.356912 0.356913 0.000000 0.000000
0.000000 0.000000 0.360108 0.360108 0.360106 0.360106 0.360108 0.360108 0.360108 0.360109 0.360109 0.360109 0.360108 0.360108 0.360108 0.360106 0.360106 0.360108 0.360108 0.000000 0.000000
0.000000 0.000000 0.363051 0.363051 0.363049 0.363050 0.363051 0.363051 0.363051 0.363052 0.363052 0.363052 0.363051 0.363051 0.363051 0.363050 0.363049 0.363051 0.363051 0.000000 0.000000
0.000000 0.000000 0.365805 0.365805 0.365803 0.365804 0.365805 0.365805 0.365805 0.365806 0.365806 0.365806 0.365805 0.365805 0.365805 0.365804 0.365803 0.365805 0.365805 0.000000 0.000000
0.000000 0.000000 0.368436 0.368435 0.368434 0.368434 0.368436 0.368435 0.368436 0.368436 0.368436 0.368436 0.368436 0.368435 0.368436 0.368434 0.368434 0.368435 0.368436 0.000000 0.000000
0.000000 0.000000 0.370972 0.370972 0.370970 0.370971 0.370972 0.370972 0.370972 0.370972 0.370972 0.370972 0.370972 0.370972 0.370972 0.370971 0.370970 0.370972 0.370972 0.000000 0.000000
0.000000 0.000000 0.373437 0.373436 0.373435 0.373435 0.373437 0.373436 0.373436 0.373437 0.373437 0.373437 0.373436 0.373436 0.373437 0.373435 0.373435 0.373436 0.373437 0.000000 0.000000
0.000000 0.000000 0.375846 0.375846 0.375845 0.375845 0.375847 0.375846 0.375846 0.375847 0.375847 0.375847 0.375846 0.375846 0.375847 0.375845 0.375845 0.375846 0.375846 0.000000 0.000000
0.000000 0.000000 0.378207 0.378207 0.378206 0.378206 0.378207 0.378207 0.378207 0.378208 0.378208 0.378208 0.378207 0.378207 0.378207 0.378206 0.378206 0.378207 0.378207 0.000000 0.000000
0.000000 0.000000 0.380530 0.380529 0.380528 0.380528 0.380530 0.380529 0.380529 0.380530 0.380530 0.380530 0.380529 0.380529 0.380530 0.380528 0.380528 0.380529 0.380530 0.000000 0.000000
0.000000 0.000000 0.382819 0.382819 0.382817 0.382818 0.382819 0.382819 0.382819 0.382819 0.382820 0.382819 0.382819 0.382819 0.382819 0.382818 0.382817 0.382819 0.382819 0.000000 0.000000
0.000000 0.000000 0.385075 0.385075 0.385074 0.385074 0.385075 0.385075 0.385075 0.385076 0.385076 0.385076 0.385075 0.385075 0.385075 0.385074 0.385074 0.385075 0.385075 0.000000 0.000000
0.000000 0.000000 0.387333 0.387333 0.387332 0.387332 0.387333 0.387333 0.387333 0.387333 0.387334 0.387333 0.387333 0.387333 0.387333 0.387332 0.387332 0.387333 0.387333 0.000000 0.000000
0.000000 0.000000 0.350000 0.350000 0.350000 0.350000 0.350000 0.350000 0.350000 0.350000 0.350000 0.350000 0.350000 0.350000 0.350000 0.350000 0.350000 0.350000 0.350000 0.000000 0.000000
0.000000 0.000000 0.000000 0.000000 0.000000 0.000000 0.000000 0.000000 0.000000 0.000000 0.000000 0.000000 0.000000 0.000000 0.000000 0.000000 0.000000 0.000000 0.000000 0.000000 0.000000