geotop/1.0zi/1.0Montebello/Templates/testdem/maps/_Eocclay1601.asc
ncols         21
nrows         20
xllcorner     100.000000
yllcorner     100.000000
cellsize      50.000000
NODATA_value  -9999.0
0.000000 0.000000 0.000000 0.000000 0.000000 0.000000 0.000000 0.000000 0.000000 0.000000 0.000000 0.000000 0.000000 0.000000 0.000000 0.000000 0.000000 0.000000 0.000000 0.000000 0.000000
0.000000 0.000000 0.349915 0.349915 0.349915 0.349915 0.349915 0.349915 0.349915 0.349915 0.349915 0.349915 0.349915 0.349915 0.349915 0.349915 0.349915 0.349915 0.349915 0.000000 0.000000
0.000000 0.000000 0.349993 0.349993 0.349993 0.349993 0.349993 0.349993 0.349993 0.349993 0.349993 0.349993 0.349993 0.349993 0.349993 0.349993 0.349993 0.349993 0.349993 0.000000 0.000000
0.000000 0.000000 0.350626 0.350626 0.350624 0.350625 0.350626 0.350626 0.350626 0.350626 0.350626 0.350626 0.350626 0.350626 0.350626 0.350625 0.350624 0.350626 0.350626 0.000000 0.000000
0.000000 0.000000 0.353087 0.353086 0.353085 0.353085 0.353089 0.353088 0.353088 0.353089 0.353088 0.353089 0.353088 0.353088 0.353089 0.353085 0.353085 0.353086 0.353087 0.000000 0.000000
0.000000 0.000000 0.355821 0.355821 0.355819 0.355819 0.355822 0.355821 0.355821 0.355822 0.355822 0.355822 0.355821 0.355821 0.355822 0.355819 0.355819 0.355821 0.355821 0.000000 0.000000
0.000000 0.000000 0.358409 0.358409 0.358407 0.358408 0.358410 0.358409 0.358409 0.358410 0.358410 0.358410 0.358409 0.358409 0.358410 0.358408 0.358407 0.358409 0.358409 0.000000 0.000000
0.000000 0.000000 0.360788 0.360788 0.360787 0.360787 0.360789 0.360788 0.360788 0.360789 0.360789 0.360789 0.360788 0.360788 0.360789 0.360787 0.360787 0.360788 0.360788 0.000000 0.000000
0.000000 0.000000 0.363015 0.363015 0.363013 0.363014 0.363016 0.363015 0.363015 0.363016 0.363015 0.363016 0.363015 0.363015 0.363016 0.363014 0.363013 0.363015 0.363015 0.000000 0.000000
0.000000 0.000000 0.365146 0.365145 0.365144 0.365144 0.365146 0.365146 0.365146 0.365146 0.365146 0.365146 0.365146 0.365146 0.365146 0.365144 0.365144 0.365145 0.365146 0.000000 0.000000
0.000000 0.000000 0.367202 0.367202 0.367201 0.367201 0.367203 0.367202 0.367202 0.367203 0.367202 0.367203 0.367202 0.367202 0.367203 0.367201 0.367201 0.367202 0.367202 0.000000 0.000000
0.000000 0.000000 0.369205 0.369204 0.369203 0.369204 0.369205 0.369205 0.369205 0.369205 0.369205 0.369205 0.369205 0.369205 0.369205 0.369204 0.369203 0.369204 0.369205 0.000000 0.000000
0.000000 0.000000 0.371168 0.371167 0.371166 0.371167 0.371168 0.371168 0.371168 0.371168 0.371168 0.371168 0.371168 0.371168 0.371168 0.371167 0.371166 0.371167 0.371168 0.000000 0.000000
0.000000 0.000000 0.373091 0.373091 0.373090 0.373090 0.373092 0.373091 0.373091 0.373092 0.373092 0.373092 0.373091 0.373091 0.373092 0.373090 0.373090 0.373091 0.373091 0.000000 0.000000
0.000000 0.000000 0.374984 0.374984 0.374983 0.374983 0.374985 0.374985 0.374985 0.374985 0.374985 0.374985 0.374985 0.374985 0.374985 0.374983 0.374983 0.374984 0.374984 0.000000 0.000000
0.000000 0.000000 0.376854 0.376854 0.376853 0.376853 0.376855 0.376854 0.376854 0.376855 0.376854 0.376855 0.376854 0.376854 0.376855 0.376853 0.376853 0.376854 0.376854 0.000000 0.000000
0.000000 0.000000 0.378700 0.378699 0.378698 0.378699 0.378700 0.378700 0.378700 0.378700 0.378700 0.378700 0.378700 0.378700 0.378700 0.378699 0.378698 0.378699 0.378700 0.000000 0.000000
0.000000 0.000000 0.380563 0.380564 0.380562 0.380563 0.380564 0.380564 0.380564 0.380564 0.380564 0.380564 0.380564 0.380564 0.380564 0.380563 0.380562 0.380564 0.380564 0.000000 0.000000
0.000000 0.000000 0.350000 0.350000 0.350000 0.350000 0.350000 0.350000 0.350000 0.350000 0.350000 0.350000 0.350000 0.350000 0.350000 0.350000 0.350000 0.350000 0.350000 0.000000 0.000000
0.000000 0.000000 0.000000 0.000000 0.000000 0.000000 0.000000 0.000000 0.000000 0.000000 0.000000 0.000000 0.000000 0.000000 0.000000 0.000000 0.000000 0.000000 0.000000 0.000000 0.000000