geotop/1.0zi/1.0Montebello/Templates/testdem/maps/_Eocsand5111.asc
ncols         21
nrows         20
xllcorner     100.000000
yllcorner     100.000000
cellsize      50.000000
NODATA_value  -9999.0
0.000000 0.000000 0.000000 0.000000 0.000000 0.000000 0.000000 0.000000 0.000000 0.000000 0.000000 0.000000 0.000000 0.000000 0.000000 0.000000 0.000000 0.000000 0.000000 0.000000 0.000000
0.000000 0.000000 0.300125 0.300125 0.300125 0.300124 0.300124 0.300124 0.300125 0.300125 0.300125 0.300125 0.300125 0.300125 0.300124 0.300124 0.300125 0.300125 0.300125 0.000000 0.000000
0.000000 0.000000 0.300008 0.300007 0.300007 0.300006 0.300007 0.300007 0.300006 0.300006 0.300007 0.300007 0.300006 0.300006 0.300006 0.300007 0.300008 0.300009 0.300008 0.000000 0.000000
0.000000 0.000000 0.299974 0.299973 0.299975 0.299980 0.299977 0.299979 0.299977 0.299977 0.299977 0.299978 0.299978 0.299980 0.299976 0.299972 0.299974 0.299971 0.299973 0.000000 0.000000
0.000000 0.000000 0.299192 0.299189 0.299190 0.299200 0.299211 0.299216 0.299217 0.299219 0.299223 0.299219 0.299222 0.299220 0.299211 0.299211 0.299206 0.299197 0.299190 0.000000 0.000000
0.000000 0.000000 0.296534 0.296528 0.296538 0.296566 0.296578 0.296607 0.296611 0.296619 0.296612 0.296609 0.296602 0.296603 0.296596 0.296581 0.296568 0.296555 0.296546 0.000000 0.000000
0.000000 0.000000 0.292506 0.292509 0.292518 0.292548 0.292583 0.292624 0.292624 0.292629 0.292624 0.292625 0.292625 0.292621 0.292593 0.292560 0.292543 0.292526 0.292512 0.000000 0.000000
0.000000 0.000000 0.287643 0.287646 0.287647 0.287679 0.287716 0.287759 0.287758 0.287764 0.287764 0.287763 0.287765 0.287763 0.287726 0.287691 0.287669 0.287658 0.287644 0.000000 0.000000
0.000000 0.000000 0.282651 0.282657 0.282666 0.282692 0.282728 0.282775 0.282773 0.282780 0.282782 0.282778 0.282780 0.282778 0.282742 0.282703 0.282684 0.282671 0.282652 0.000000 0.000000
0.000000 0.000000 0.277658 0.277663 0.277668 0.277689 0.277731 0.277775 0.277771 0.277776 0.277777 0.277776 0.277779 0.277780 0.277736 0.277700 0.277688 0.277674 0.277661 0.000000 0.000000
0.000000 0.000000 0.272552 0.272558 0.272560 0.272591 0.272624 0.272674 0.272671 0.272680 0.272682 0.272678 0.272682 0.272681 0.272647 0.272616 0.272589 0.272576 0.272558 0.000000 0.000000
0.000000 0.000000 0.267244 0.267249 0.267256 0.267286 0.267321 0.267371 0.267374 0.267379 0.267380 0.267381 0.267381 0.267382 0.267336 0.267301 0.267284 0.267272 0.267219 0.000000 0.000000
0.000000 0.000000 0.261840 0.261846 0.261855 0.261879 0.261922 0.262031 0.262031 0.262038 0.262041 0.262038 0.262043 0.262040 0.261947 0.261905 0.261884 0.261871 0.261839 0.000000 0.000000
0.000000 0.000000 0.256047 0.256062 0.256067 0.256093 0.256208 0.256236 0.256255 0.256260 0.256260 0.256259 0.256264 0.256264 0.256236 0.256127 0.256104 0.256078 0.256057 0.000000 0.000000
0.000000 0.000000 0.249754 0.249764 0.249792 0.249897 0.249949 0.250019 0.250053 0.250063 0.250080 0.250080 0.250073 0.250083 0.250032 0.249962 0.249834 0.249836 0.249818 0.000000 0.000000
0.000000 0.000000 0.243187 0.243198 0.243323 0.243355 0.243389 0.243425 0.243426 0.243426 0.243420 0.243421 0.243437 0.243410 0.243394 0.243368 0.243364 0.243215 0.243182 0.000000 0.000000
0.000000 0.000000 0.235794 0.235967 0.236061 0.236114 0.236209 0.236260 0.236272 0.236278 0.236299 0.236297 0.236291 0.236307 0.236268 0.236166 0.236094 0.236033 0.235855 0.000000 0.000000
0.000000 0.000000 0.230181 0.230195 0.230065 0.230128 0.230200 0.230375 0.230391 0.230406 0.230397 0.230398 0.230407 0.230391 0.230234 0.230160 0.230071 0.230221 0.230170 0.000000 0.000000
0.000000 0.000000 0.300000 0.300000 0.300000 0.300000 0.300000 0.300000 0.300000 0.300000 0.300000 0.300000 0.300000 0.300000 0.300000 0.300000 0.300000 0.300000 0.300000 0.000000 0.000000
0.000000 0.000000 0.000000 0.000000 0.000000 0.000000 0.000000 0.000000 0.000000 0.000000 0.000000 0.000000 0.000000 0.000000 0.000000 0.000000 0.000000 0.000000 0.000000 0.000000 0.000000