geotop/1.0zi/1.0Montebello/Templates/testdem/maps/_Eocsand7983.asc
ncols         21
nrows         20
xllcorner     100.000000
yllcorner     100.000000
cellsize      50.000000
NODATA_value  -9999.0
0.000000 0.000000 0.000000 0.000000 0.000000 0.000000 0.000000 0.000000 0.000000 0.000000 0.000000 0.000000 0.000000 0.000000 0.000000 0.000000 0.000000 0.000000 0.000000 0.000000 0.000000
0.000000 0.000000 0.300204 0.300201 0.300201 0.300202 0.300201 0.300201 0.300201 0.300201 0.300202 0.300201 0.300201 0.300201 0.300201 0.300201 0.300202 0.300202 0.300202 0.000000 0.000000
0.000000 0.000000 0.300011 0.300012 0.300011 0.300010 0.300011 0.300012 0.300011 0.300011 0.300012 0.300012 0.300011 0.300011 0.300011 0.300011 0.300012 0.300013 0.300013 0.000000 0.000000
0.000000 0.000000 0.299894 0.299893 0.299898 0.299906 0.299901 0.299909 0.299904 0.299907 0.299907 0.299907 0.299907 0.299908 0.299903 0.299899 0.299896 0.299893 0.299893 0.000000 0.000000
0.000000 0.000000 0.297991 0.297988 0.297997 0.298012 0.298035 0.298044 0.298051 0.298050 0.298054 0.298053 0.298056 0.298050 0.298026 0.298020 0.298008 0.297996 0.297988 0.000000 0.000000
0.000000 0.000000 0.292559 0.292561 0.292584 0.292629 0.292663 0.292710 0.292710 0.292723 0.292715 0.292716 0.292712 0.292712 0.292689 0.292656 0.292627 0.292605 0.292594 0.000000 0.000000
0.000000 0.000000 0.284948 0.284956 0.284977 0.285028 0.285091 0.285164 0.285164 0.285174 0.285172 0.285173 0.285176 0.285170 0.285107 0.285050 0.285016 0.284988 0.284973 0.000000 0.000000
0.000000 0.000000 0.275935 0.275940 0.275956 0.276014 0.276075 0.276155 0.276156 0.276164 0.276166 0.276173 0.276176 0.276161 0.276093 0.276039 0.275987 0.275971 0.275947 0.000000 0.000000
0.000000 0.000000 0.266332 0.266349 0.266379 0.266417 0.266482 0.266568 0.266564 0.266583 0.266588 0.266592 0.266590 0.266591 0.266507 0.266439 0.266398 0.266378 0.266357 0.000000 0.000000
0.000000 0.000000 0.256221 0.256241 0.256257 0.256295 0.256388 0.256466 0.256466 0.256476 0.256488 0.256482 0.256471 0.256475 0.256404 0.256326 0.256277 0.256261 0.256246 0.000000 0.000000
0.000000 0.000000 0.245283 0.245297 0.245316 0.245397 0.245462 0.245553 0.245534 0.245583 0.245577 0.245579 0.245597 0.245564 0.245499 0.245450 0.245389 0.245356 0.245316 0.000000 0.000000
0.000000 0.000000 0.233198 0.233232 0.233271 0.233323 0.233397 0.233510 0.233517 0.233532 0.233506 0.233545 0.233535 0.233527 0.233410 0.233350 0.233308 0.233285 0.233183 0.000000 0.000000
0.000000 0.000000 0.220187 0.220221 0.220237 0.220312 0.220376 0.220667 0.220671 0.220689 0.220765 0.220726 0.220710 0.220683 0.220460 0.220400 0.220289 0.220277 0.220225 0.000000 0.000000
0.000000 0.000000 0.205037 0.205049 0.205111 0.205164 0.205522 0.205505 0.205580 0.205580 0.205561 0.205582 0.205591 0.205606 0.205631 0.205259 0.205195 0.205097 0.205026 0.000000 0.000000
0.000000 0.000000 0.187268 0.187302 0.187379 0.187829 0.187805 0.188029 0.188135 0.188160 0.188234 0.188290 0.188241 0.188251 0.188032 0.188028 0.187435 0.187520 0.187505 0.000000 0.000000
0.000000 0.000000 0.167753 0.167786 0.168433 0.168284 0.168331 0.168402 0.168170 0.168248 0.168127 0.168178 0.168280 0.168119 0.168096 0.168058 0.168493 0.167576 0.167589 0.000000 0.000000
0.000000 0.000000 0.143489 0.144512 0.144350 0.144726 0.145239 0.145390 0.145650 0.145591 0.145885 0.145863 0.145698 0.145855 0.145599 0.145220 0.144390 0.144876 0.143818 0.000000 0.000000
0.000000 0.000000 0.133698 0.132790 0.131896 0.131914 0.131900 0.132756 0.132632 0.132877 0.132493 0.132574 0.132624 0.132497 0.131775 0.131786 0.131735 0.132458 0.133346 0.000000 0.000000
0.000000 0.000000 0.300000 0.300000 0.300000 0.300000 0.300000 0.300000 0.300000 0.300000 0.300000 0.300000 0.300000 0.300000 0.300000 0.300000 0.300000 0.300000 0.300000 0.000000 0.000000
0.000000 0.000000 0.000000 0.000000 0.000000 0.000000 0.000000 0.000000 0.000000 0.000000 0.000000 0.000000 0.000000 0.000000 0.000000 0.000000 0.000000 0.000000 0.000000 0.000000 0.000000