geotop/1.0zi/1.0Montebello/Templates/testdem/maps/_Eocclay1252.asc
ncols         21
nrows         20
xllcorner     100.000000
yllcorner     100.000000
cellsize      50.000000
NODATA_value  -9999.0
0.000000 0.000000 0.000000 0.000000 0.000000 0.000000 0.000000 0.000000 0.000000 0.000000 0.000000 0.000000 0.000000 0.000000 0.000000 0.000000 0.000000 0.000000 0.000000 0.000000 0.000000
0.000000 0.000000 0.349935 0.349935 0.349935 0.349935 0.349935 0.349935 0.349935 0.349935 0.349935 0.349935 0.349935 0.349935 0.349935 0.349935 0.349935 0.349935 0.349935 0.000000 0.000000
0.000000 0.000000 0.349994 0.349994 0.349993 0.349994 0.349994 0.349994 0.349994 0.349994 0.349994 0.349994 0.349994 0.349994 0.349994 0.349994 0.349993 0.349994 0.349994 0.000000 0.000000
0.000000 0.000000 0.350549 0.350549 0.350547 0.350547 0.350549 0.350549 0.350549 0.350549 0.350549 0.350549 0.350549 0.350549 0.350549 0.350547 0.350547 0.350549 0.350549 0.000000 0.000000
0.000000 0.000000 0.352491 0.352490 0.352488 0.352488 0.352492 0.352491 0.352491 0.352492 0.352492 0.352492 0.352491 0.352491 0.352492 0.352488 0.352488 0.352490 0.352491 0.000000 0.000000
0.000000 0.000000 0.354624 0.354623 0.354621 0.354622 0.354624 0.354624 0.354624 0.354624 0.354624 0.354624 0.354624 0.354624 0.354624 0.354622 0.354621 0.354623 0.354624 0.000000 0.000000
0.000000 0.000000 0.356652 0.356651 0.356650 0.356650 0.356652 0.356652 0.356652 0.356652 0.356652 0.356652 0.356652 0.356652 0.356652 0.356650 0.356650 0.356651 0.356652 0.000000 0.000000
0.000000 0.000000 0.358519 0.358519 0.358517 0.358518 0.358520 0.358519 0.358519 0.358520 0.358520 0.358520 0.358519 0.358519 0.358520 0.358518 0.358517 0.358519 0.358519 0.000000 0.000000
0.000000 0.000000 0.360269 0.360268 0.360267 0.360267 0.360269 0.360269 0.360269 0.360269 0.360269 0.360269 0.360269 0.360269 0.360269 0.360267 0.360267 0.360268 0.360269 0.000000 0.000000
0.000000 0.000000 0.361946 0.361946 0.361944 0.361945 0.361946 0.361946 0.361946 0.361946 0.361946 0.361946 0.361946 0.361946 0.361946 0.361945 0.361944 0.361946 0.361946 0.000000 0.000000
0.000000 0.000000 0.363568 0.363568 0.363567 0.363567 0.363568 0.363568 0.363568 0.363569 0.363569 0.363569 0.363568 0.363568 0.363568 0.363567 0.363567 0.363568 0.363568 0.000000 0.000000
0.000000 0.000000 0.365153 0.365153 0.365152 0.365152 0.365153 0.365153 0.365153 0.365153 0.365153 0.365153 0.365153 0.365153 0.365153 0.365152 0.365152 0.365153 0.365153 0.000000 0.000000
0.000000 0.000000 0.366712 0.366712 0.366710 0.366711 0.366712 0.366712 0.366712 0.366712 0.366712 0.366712 0.366712 0.366712 0.366712 0.366711 0.366710 0.366712 0.366712 0.000000 0.000000
0.000000 0.000000 0.368244 0.368243 0.368242 0.368242 0.368244 0.368243 0.368243 0.368244 0.368244 0.368244 0.368243 0.368243 0.368244 0.368242 0.368242 0.368243 0.368244 0.000000 0.000000
0.000000 0.000000 0.369756 0.369756 0.369754 0.369755 0.369756 0.369756 0.369756 0.369756 0.369756 0.369756 0.369756 0.369756 0.369756 0.369755 0.369754 0.369756 0.369756 0.000000 0.000000
0.000000 0.000000 0.371255 0.371255 0.371254 0.371254 0.371255 0.371255 0.371255 0.371256 0.371256 0.371256 0.371255 0.371255 0.371255 0.371254 0.371254 0.371255 0.371255 0.000000 0.000000
0.000000 0.000000 0.372740 0.372740 0.372739 0.372739 0.372740 0.372740 0.372740 0.372741 0.372741 0.372741 0.372740 0.372740 0.372740 0.372739 0.372739 0.372740 0.372740 0.000000 0.000000
0.000000 0.000000 0.374256 0.374256 0.374254 0.374255 0.374256 0.374256 0.374256 0.374256 0.374256 0.374256 0.374256 0.374256 0.374256 0.374255 0.374254 0.374256 0.374256 0.000000 0.000000
0.000000 0.000000 0.350000 0.350000 0.350000 0.350000 0.350000 0.350000 0.350000 0.350000 0.350000 0.350000 0.350000 0.350000 0.350000 0.350000 0.350000 0.350000 0.350000 0.000000 0.000000
0.000000 0.000000 0.000000 0.000000 0.000000 0.000000 0.000000 0.000000 0.000000 0.000000 0.000000 0.000000 0.000000 0.000000 0.000000 0.000000 0.000000 0.000000 0.000000 0.000000 0.000000