geotop/1.0zi/1.0Montebello/Templates/testdem/maps/_Eocsilt9640.asc
ncols         21
nrows         20
xllcorner     100.000000
yllcorner     100.000000
cellsize      50.000000
NODATA_value  -9999.0
0.000000 0.000000 0.000000 0.000000 0.000000 0.000000 0.000000 0.000000 0.000000 0.000000 0.000000 0.000000 0.000000 0.000000 0.000000 0.000000 0.000000 0.000000 0.000000 0.000000 0.000000
0.000000 0.000000 0.350206 0.350206 0.350206 0.350207 0.350206 0.350206 0.350206 0.350206 0.350206 0.350206 0.350206 0.350206 0.350206 0.350206 0.350207 0.350207 0.350206 0.000000 0.000000
0.000000 0.000000 0.350008 0.350008 0.350008 0.350007 0.350008 0.350008 0.350008 0.350008 0.350009 0.350008 0.350009 0.350009 0.350008 0.350007 0.350006 0.350006 0.350007 0.000000 0.000000
0.000000 0.000000 0.350146 0.350143 0.350137 0.350133 0.350133 0.350127 0.350131 0.350132 0.350129 0.350133 0.350134 0.350133 0.350135 0.350139 0.350144 0.350145 0.350146 0.000000 0.000000
0.000000 0.000000 0.351466 0.351471 0.351461 0.351441 0.351431 0.351424 0.351428 0.351425 0.351424 0.351427 0.351432 0.351430 0.351444 0.351453 0.351457 0.351463 0.351467 0.000000 0.000000
0.000000 0.000000 0.355094 0.355088 0.355074 0.355049 0.355017 0.354990 0.354988 0.354983 0.354984 0.354985 0.354990 0.354987 0.355004 0.355027 0.355039 0.355047 0.355054 0.000000 0.000000
0.000000 0.000000 0.360192 0.360181 0.360165 0.360128 0.360086 0.360034 0.360036 0.360032 0.360027 0.360026 0.360025 0.360029 0.360072 0.360104 0.360124 0.360140 0.360147 0.000000 0.000000
0.000000 0.000000 0.366234 0.366221 0.366207 0.366164 0.366119 0.366071 0.366073 0.366066 0.366060 0.366057 0.366056 0.366064 0.366104 0.366141 0.366174 0.366180 0.366194 0.000000 0.000000
0.000000 0.000000 0.372880 0.372861 0.372838 0.372804 0.372753 0.372694 0.372699 0.372687 0.372679 0.372677 0.372681 0.372678 0.372736 0.372780 0.372806 0.372817 0.372830 0.000000 0.000000
0.000000 0.000000 0.380180 0.380156 0.380136 0.380101 0.380046 0.379985 0.379986 0.379977 0.379964 0.379969 0.379977 0.379974 0.380021 0.380077 0.380106 0.380118 0.380124 0.000000 0.000000
0.000000 0.000000 0.388430 0.388409 0.388392 0.388312 0.388286 0.388205 0.388222 0.388182 0.388184 0.388179 0.388166 0.388188 0.388240 0.388275 0.388316 0.388331 0.388366 0.000000 0.000000
0.000000 0.000000 0.398019 0.397977 0.397929 0.397891 0.397848 0.397745 0.397744 0.397738 0.397750 0.397715 0.397732 0.397728 0.397819 0.397873 0.397895 0.397908 0.397979 0.000000 0.000000
0.000000 0.000000 0.408778 0.408738 0.408726 0.408652 0.408599 0.408332 0.408327 0.408310 0.408216 0.408273 0.408279 0.408303 0.408501 0.408546 0.408644 0.408649 0.408668 0.000000 0.000000
0.000000 0.000000 0.422017 0.421998 0.421914 0.421860 0.421492 0.421615 0.421536 0.421535 0.421581 0.421532 0.421523 0.421486 0.421370 0.421775 0.421792 0.421887 0.421944 0.000000 0.000000
0.000000 0.000000 0.437027 0.436985 0.436909 0.436437 0.436627 0.436335 0.436268 0.436236 0.436130 0.436093 0.436147 0.436150 0.436405 0.436223 0.436839 0.436696 0.436675 0.000000 0.000000
0.000000 0.000000 0.450479 0.450453 0.449945 0.450203 0.450113 0.450131 0.450352 0.450292 0.450409 0.450389 0.450293 0.450414 0.450346 0.450430 0.449866 0.450639 0.450627 0.000000 0.000000
0.000000 0.000000 0.461768 0.461416 0.461494 0.461352 0.461163 0.461104 0.461001 0.461024 0.460910 0.460923 0.460988 0.460923 0.461019 0.461160 0.461462 0.461256 0.461623 0.000000 0.000000
0.000000 0.000000 0.466958 0.466906 0.467108 0.467011 0.466911 0.466741 0.466703 0.466676 0.466678 0.466671 0.466699 0.466683 0.466847 0.466922 0.467109 0.466854 0.466912 0.000000 0.000000
0.000000 0.000000 0.350000 0.350000 0.350000 0.350000 0.350000 0.350000 0.350000 0.350000 0.350000 0.350000 0.350000 0.350000 0.350000 0.350000 0.350000 0.350000 0.350000 0.000000 0.000000
0.000000 0.000000 0.000000 0.000000 0.000000 0.000000 0.000000 0.000000 0.000000 0.000000 0.000000 0.000000 0.000000 0.000000 0.000000 0.000000 0.000000 0.000000 0.000000 0.000000 0.000000