geotop/1.0zi/1.0Montebello/Templates/testdem/maps/_Eocsilt7944.asc
ncols         21
nrows         20
xllcorner     100.000000
yllcorner     100.000000
cellsize      50.000000
NODATA_value  -9999.0
0.000000 0.000000 0.000000 0.000000 0.000000 0.000000 0.000000 0.000000 0.000000 0.000000 0.000000 0.000000 0.000000 0.000000 0.000000 0.000000 0.000000 0.000000 0.000000 0.000000 0.000000
0.000000 0.000000 0.350165 0.350165 0.350166 0.350166 0.350165 0.350166 0.350166 0.350165 0.350166 0.350165 0.350165 0.350165 0.350165 0.350165 0.350166 0.350166 0.350165 0.000000 0.000000
0.000000 0.000000 0.350005 0.350005 0.350004 0.350004 0.350005 0.350005 0.350005 0.350005 0.350006 0.350006 0.350006 0.350006 0.350005 0.350005 0.350003 0.350003 0.350005 0.000000 0.000000
0.000000 0.000000 0.350103 0.350099 0.350098 0.350091 0.350093 0.350088 0.350091 0.350091 0.350088 0.350090 0.350090 0.350090 0.350092 0.350096 0.350099 0.350099 0.350100 0.000000 0.000000
0.000000 0.000000 0.351009 0.351014 0.351009 0.350998 0.350992 0.350985 0.350981 0.350979 0.350979 0.350979 0.350980 0.350982 0.350996 0.351000 0.351003 0.351013 0.351016 0.000000 0.000000
0.000000 0.000000 0.353620 0.353620 0.353609 0.353593 0.353574 0.353552 0.353551 0.353545 0.353549 0.353549 0.353551 0.353550 0.353562 0.353574 0.353587 0.353595 0.353600 0.000000 0.000000
0.000000 0.000000 0.357350 0.357345 0.357334 0.357307 0.357275 0.357242 0.357242 0.357238 0.357239 0.357237 0.357234 0.357239 0.357269 0.357296 0.357313 0.357328 0.357335 0.000000 0.000000
0.000000 0.000000 0.361770 0.361767 0.361761 0.361733 0.361702 0.361665 0.361664 0.361660 0.361659 0.361655 0.361654 0.361660 0.361693 0.361721 0.361747 0.361753 0.361765 0.000000 0.000000
0.000000 0.000000 0.366514 0.366505 0.366490 0.366471 0.366439 0.366396 0.366397 0.366388 0.366386 0.366383 0.366385 0.366384 0.366426 0.366459 0.366480 0.366491 0.366502 0.000000 0.000000
0.000000 0.000000 0.371488 0.371478 0.371470 0.371451 0.371406 0.371367 0.371367 0.371363 0.371357 0.371359 0.371365 0.371363 0.371398 0.371436 0.371460 0.371468 0.371475 0.000000 0.000000
0.000000 0.000000 0.376837 0.376830 0.376821 0.376781 0.376749 0.376705 0.376714 0.376690 0.376693 0.376692 0.376684 0.376699 0.376731 0.376755 0.376785 0.376801 0.376821 0.000000 0.000000
0.000000 0.000000 0.382742 0.382725 0.382707 0.382681 0.382645 0.382589 0.382586 0.382579 0.382591 0.382572 0.382578 0.382582 0.382639 0.382668 0.382689 0.382700 0.382750 0.000000 0.000000
0.000000 0.000000 0.389084 0.389067 0.389060 0.389023 0.388992 0.388851 0.388849 0.388840 0.388804 0.388822 0.388830 0.388843 0.388951 0.388980 0.389034 0.389040 0.389066 0.000000 0.000000
0.000000 0.000000 0.396448 0.396442 0.396412 0.396386 0.396214 0.396221 0.396184 0.396184 0.396193 0.396183 0.396179 0.396172 0.396161 0.396339 0.396371 0.396418 0.396453 0.000000 0.000000
0.000000 0.000000 0.405059 0.405042 0.405006 0.404790 0.404799 0.404691 0.404641 0.404629 0.404593 0.404566 0.404590 0.404585 0.404689 0.404694 0.404978 0.404938 0.404946 0.000000 0.000000
0.000000 0.000000 0.414493 0.414477 0.414169 0.414236 0.414214 0.414178 0.414287 0.414250 0.414307 0.414283 0.414235 0.414311 0.414324 0.414342 0.414140 0.414575 0.414570 0.000000 0.000000
0.000000 0.000000 0.426153 0.425669 0.425740 0.425563 0.425321 0.425249 0.425128 0.425155 0.425017 0.425027 0.425104 0.425031 0.425152 0.425332 0.425720 0.425500 0.425999 0.000000 0.000000
0.000000 0.000000 0.431011 0.431426 0.431847 0.431834 0.431835 0.431432 0.431487 0.431373 0.431550 0.431512 0.431490 0.431548 0.431890 0.431889 0.431921 0.431579 0.431173 0.000000 0.000000
0.000000 0.000000 0.350000 0.350000 0.350000 0.350000 0.350000 0.350000 0.350000 0.350000 0.350000 0.350000 0.350000 0.350000 0.350000 0.350000 0.350000 0.350000 0.350000 0.000000 0.000000
0.000000 0.000000 0.000000 0.000000 0.000000 0.000000 0.000000 0.000000 0.000000 0.000000 0.000000 0.000000 0.000000 0.000000 0.000000 0.000000 0.000000 0.000000 0.000000 0.000000 0.000000