geotop/1.0zi/1.0Montebello/Templates/testdem/maps/_Eocclay1040.asc
ncols         21
nrows         20
xllcorner     100.000000
yllcorner     100.000000
cellsize      50.000000
NODATA_value  -9999.0
0.000000 0.000000 0.000000 0.000000 0.000000 0.000000 0.000000 0.000000 0.000000 0.000000 0.000000 0.000000 0.000000 0.000000 0.000000 0.000000 0.000000 0.000000 0.000000 0.000000 0.000000
0.000000 0.000000 0.349949 0.349949 0.349949 0.349949 0.349949 0.349949 0.349949 0.349949 0.349949 0.349949 0.349949 0.349949 0.349949 0.349949 0.349949 0.349949 0.349949 0.000000 0.000000
0.000000 0.000000 0.349995 0.349995 0.349994 0.349995 0.349995 0.349995 0.349995 0.349995 0.349995 0.349995 0.349995 0.349995 0.349995 0.349995 0.349994 0.349995 0.349995 0.000000 0.000000
0.000000 0.000000 0.350442 0.350442 0.350440 0.350441 0.350442 0.350442 0.350442 0.350442 0.350442 0.350442 0.350442 0.350442 0.350442 0.350441 0.350440 0.350442 0.350442 0.000000 0.000000
0.000000 0.000000 0.352069 0.352067 0.352066 0.352065 0.352069 0.352069 0.352068 0.352069 0.352069 0.352069 0.352068 0.352069 0.352069 0.352065 0.352066 0.352067 0.352069 0.000000 0.000000
0.000000 0.000000 0.353818 0.353817 0.353816 0.353815 0.353818 0.353818 0.353818 0.353818 0.353818 0.353818 0.353818 0.353818 0.353818 0.353815 0.353816 0.353817 0.353818 0.000000 0.000000
0.000000 0.000000 0.355483 0.355483 0.355481 0.355481 0.355483 0.355483 0.355483 0.355483 0.355483 0.355483 0.355483 0.355483 0.355483 0.355481 0.355481 0.355483 0.355483 0.000000 0.000000
0.000000 0.000000 0.357021 0.357020 0.357019 0.357019 0.357021 0.357021 0.357021 0.357021 0.357021 0.357021 0.357021 0.357021 0.357021 0.357019 0.357019 0.357020 0.357021 0.000000 0.000000
0.000000 0.000000 0.358464 0.358463 0.358462 0.358462 0.358464 0.358464 0.358464 0.358464 0.358464 0.358464 0.358464 0.358464 0.358464 0.358462 0.358462 0.358463 0.358464 0.000000 0.000000
0.000000 0.000000 0.359849 0.359848 0.359847 0.359847 0.359849 0.359849 0.359849 0.359849 0.359849 0.359849 0.359849 0.359849 0.359849 0.359847 0.359847 0.359848 0.359849 0.000000 0.000000
0.000000 0.000000 0.361189 0.361189 0.361187 0.361188 0.361189 0.361189 0.361189 0.361189 0.361189 0.361189 0.361189 0.361189 0.361189 0.361188 0.361187 0.361189 0.361189 0.000000 0.000000
0.000000 0.000000 0.362499 0.362499 0.362498 0.362498 0.362499 0.362499 0.362499 0.362499 0.362499 0.362499 0.362499 0.362499 0.362499 0.362498 0.362498 0.362499 0.362499 0.000000 0.000000
0.000000 0.000000 0.363789 0.363789 0.363788 0.363788 0.363789 0.363789 0.363789 0.363789 0.363789 0.363789 0.363789 0.363789 0.363789 0.363788 0.363788 0.363789 0.363789 0.000000 0.000000
0.000000 0.000000 0.365059 0.365058 0.365057 0.365057 0.365059 0.365059 0.365059 0.365059 0.365059 0.365059 0.365059 0.365059 0.365059 0.365057 0.365057 0.365058 0.365059 0.000000 0.000000
0.000000 0.000000 0.366315 0.366314 0.366313 0.366313 0.366315 0.366315 0.366315 0.366315 0.366315 0.366315 0.366315 0.366315 0.366315 0.366313 0.366313 0.366314 0.366315 0.000000 0.000000
0.000000 0.000000 0.367562 0.367562 0.367560 0.367561 0.367562 0.367562 0.367562 0.367562 0.367562 0.367562 0.367562 0.367562 0.367562 0.367561 0.367560 0.367562 0.367562 0.000000 0.000000
0.000000 0.000000 0.368797 0.368796 0.368795 0.368795 0.368797 0.368796 0.368796 0.368797 0.368797 0.368797 0.368796 0.368796 0.368797 0.368795 0.368795 0.368796 0.368797 0.000000 0.000000
0.000000 0.000000 0.370057 0.370057 0.370056 0.370056 0.370057 0.370057 0.370057 0.370057 0.370057 0.370057 0.370057 0.370057 0.370057 0.370056 0.370056 0.370057 0.370057 0.000000 0.000000
0.000000 0.000000 0.350000 0.350000 0.350000 0.350000 0.350000 0.350000 0.350000 0.350000 0.350000 0.350000 0.350000 0.350000 0.350000 0.350000 0.350000 0.350000 0.350000 0.000000 0.000000
0.000000 0.000000 0.000000 0.000000 0.000000 0.000000 0.000000 0.000000 0.000000 0.000000 0.000000 0.000000 0.000000 0.000000 0.000000 0.000000 0.000000 0.000000 0.000000 0.000000 0.000000