geotop/1.0zi/1.0Montebello/Templates/testdem/maps/_Eocclay3091.asc
ncols         21
nrows         20
xllcorner     100.000000
yllcorner     100.000000
cellsize      50.000000
NODATA_value  -9999.0
0.000000 0.000000 0.000000 0.000000 0.000000 0.000000 0.000000 0.000000 0.000000 0.000000 0.000000 0.000000 0.000000 0.000000 0.000000 0.000000 0.000000 0.000000 0.000000 0.000000 0.000000
0.000000 0.000000 0.349828 0.349828 0.349828 0.349828 0.349828 0.349828 0.349828 0.349828 0.349827 0.349828 0.349828 0.349828 0.349828 0.349828 0.349828 0.349828 0.349828 0.000000 0.000000
0.000000 0.000000 0.349995 0.349995 0.349994 0.349995 0.349995 0.349995 0.349995 0.349995 0.349995 0.349995 0.349995 0.349995 0.349995 0.349995 0.349994 0.349995 0.349995 0.000000 0.000000
0.000000 0.000000 0.351224 0.351224 0.351222 0.351222 0.351224 0.351224 0.351223 0.351224 0.351224 0.351224 0.351223 0.351224 0.351224 0.351222 0.351222 0.351224 0.351224 0.000000 0.000000
0.000000 0.000000 0.356103 0.356102 0.356100 0.356100 0.356104 0.356102 0.356103 0.356104 0.356104 0.356104 0.356103 0.356102 0.356104 0.356100 0.356100 0.356102 0.356103 0.000000 0.000000
0.000000 0.000000 0.361475 0.361474 0.361472 0.361472 0.361475 0.361474 0.361474 0.361475 0.361476 0.361475 0.361474 0.361474 0.361475 0.361472 0.361472 0.361474 0.361475 0.000000 0.000000
0.000000 0.000000 0.366489 0.366488 0.366487 0.366487 0.366489 0.366488 0.366488 0.366489 0.366490 0.366489 0.366488 0.366488 0.366489 0.366487 0.366487 0.366488 0.366489 0.000000 0.000000
0.000000 0.000000 0.371051 0.371050 0.371049 0.371049 0.371051 0.371050 0.371050 0.371051 0.371051 0.371051 0.371050 0.371050 0.371051 0.371049 0.371049 0.371050 0.371051 0.000000 0.000000
0.000000 0.000000 0.375272 0.375271 0.375270 0.375270 0.375272 0.375271 0.375272 0.375272 0.375273 0.375272 0.375272 0.375271 0.375272 0.375270 0.375270 0.375271 0.375272 0.000000 0.000000
0.000000 0.000000 0.379253 0.379252 0.379251 0.379251 0.379253 0.379252 0.379252 0.379253 0.379253 0.379253 0.379252 0.379252 0.379253 0.379251 0.379251 0.379252 0.379253 0.000000 0.000000
0.000000 0.000000 0.383040 0.383040 0.383039 0.383039 0.383040 0.383040 0.383040 0.383041 0.383041 0.383041 0.383040 0.383040 0.383040 0.383039 0.383039 0.383040 0.383040 0.000000 0.000000
0.000000 0.000000 0.386672 0.386671 0.386670 0.386671 0.386672 0.386671 0.386671 0.386672 0.386672 0.386672 0.386671 0.386671 0.386672 0.386671 0.386670 0.386671 0.386672 0.000000 0.000000
0.000000 0.000000 0.390173 0.390172 0.390171 0.390171 0.390173 0.390172 0.390172 0.390173 0.390173 0.390173 0.390172 0.390172 0.390173 0.390171 0.390171 0.390172 0.390173 0.000000 0.000000
0.000000 0.000000 0.393572 0.393572 0.393571 0.393571 0.393572 0.393572 0.393572 0.393572 0.393573 0.393572 0.393572 0.393572 0.393572 0.393571 0.393571 0.393572 0.393572 0.000000 0.000000
0.000000 0.000000 0.396877 0.396877 0.396876 0.396876 0.396878 0.396877 0.396877 0.396878 0.396878 0.396878 0.396877 0.396877 0.396878 0.396876 0.396876 0.396877 0.396877 0.000000 0.000000
0.000000 0.000000 0.400095 0.400095 0.400094 0.400094 0.400095 0.400095 0.400095 0.400095 0.400096 0.400095 0.400095 0.400095 0.400095 0.400094 0.400094 0.400095 0.400095 0.000000 0.000000
0.000000 0.000000 0.403236 0.403236 0.403234 0.403235 0.403236 0.403236 0.403236 0.403236 0.403237 0.403236 0.403236 0.403236 0.403236 0.403235 0.403234 0.403236 0.403236 0.000000 0.000000
0.000000 0.000000 0.406372 0.406372 0.406371 0.406372 0.406373 0.406372 0.406372 0.406373 0.406373 0.406373 0.406372 0.406372 0.406373 0.406372 0.406371 0.406372 0.406373 0.000000 0.000000
0.000000 0.000000 0.350000 0.350000 0.350000 0.350000 0.350000 0.350000 0.350000 0.350000 0.350000 0.350000 0.350000 0.350000 0.350000 0.350000 0.350000 0.350000 0.350000 0.000000 0.000000
0.000000 0.000000 0.000000 0.000000 0.000000 0.000000 0.000000 0.000000 0.000000 0.000000 0.000000 0.000000 0.000000 0.000000 0.000000 0.000000 0.000000 0.000000 0.000000 0.000000 0.000000