geotop/1.0zi/1.0Montebello/Templates/testdem/maps/_Eocsand2551.asc
ncols         21
nrows         20
xllcorner     100.000000
yllcorner     100.000000
cellsize      50.000000
NODATA_value  -9999.0
0.000000 0.000000 0.000000 0.000000 0.000000 0.000000 0.000000 0.000000 0.000000 0.000000 0.000000 0.000000 0.000000 0.000000 0.000000 0.000000 0.000000 0.000000 0.000000 0.000000 0.000000
0.000000 0.000000 0.300074 0.300074 0.300074 0.300075 0.300074 0.300074 0.300074 0.300074 0.300076 0.300074 0.300074 0.300074 0.300074 0.300075 0.300074 0.300074 0.300074 0.000000 0.000000
0.000000 0.000000 0.300012 0.300013 0.300013 0.300012 0.300013 0.300012 0.300013 0.300013 0.300011 0.300013 0.300013 0.300012 0.300013 0.300012 0.300013 0.300013 0.300012 0.000000 0.000000
0.000000 0.000000 0.298378 0.298379 0.298383 0.298381 0.298378 0.298378 0.298378 0.298378 0.298378 0.298378 0.298378 0.298378 0.298378 0.298381 0.298383 0.298379 0.298378 0.000000 0.000000
0.000000 0.000000 0.291447 0.291449 0.291452 0.291452 0.291446 0.291448 0.291448 0.291445 0.291445 0.291445 0.291448 0.291448 0.291446 0.291452 0.291452 0.291449 0.291447 0.000000 0.000000
0.000000 0.000000 0.282952 0.282953 0.282956 0.282956 0.282951 0.282953 0.282953 0.282951 0.282950 0.282951 0.282953 0.282953 0.282951 0.282956 0.282956 0.282953 0.282952 0.000000 0.000000
0.000000 0.000000 0.275026 0.275027 0.275030 0.275029 0.275025 0.275027 0.275026 0.275025 0.275024 0.275025 0.275026 0.275027 0.275025 0.275029 0.275030 0.275027 0.275026 0.000000 0.000000
0.000000 0.000000 0.267768 0.267769 0.267771 0.267771 0.267767 0.267768 0.267768 0.267767 0.267766 0.267767 0.267768 0.267768 0.267767 0.267771 0.267771 0.267769 0.267768 0.000000 0.000000
0.000000 0.000000 0.261004 0.261004 0.261007 0.261006 0.261003 0.261004 0.261004 0.261003 0.261002 0.261003 0.261004 0.261004 0.261003 0.261006 0.261007 0.261004 0.261004 0.000000 0.000000
0.000000 0.000000 0.254578 0.254579 0.254581 0.254581 0.254578 0.254579 0.254579 0.254577 0.254577 0.254577 0.254579 0.254579 0.254578 0.254581 0.254581 0.254579 0.254578 0.000000 0.000000
0.000000 0.000000 0.248417 0.248417 0.248420 0.248419 0.248416 0.248417 0.248417 0.248416 0.248415 0.248416 0.248417 0.248417 0.248416 0.248419 0.248420 0.248417 0.248417 0.000000 0.000000
0.000000 0.000000 0.242462 0.242462 0.242464 0.242464 0.242461 0.242462 0.242462 0.242461 0.242460 0.242461 0.242462 0.242462 0.242461 0.242464 0.242464 0.242462 0.242462 0.000000 0.000000
0.000000 0.000000 0.236671 0.236672 0.236674 0.236673 0.236671 0.236672 0.236671 0.236670 0.236670 0.236670 0.236671 0.236672 0.236671 0.236673 0.236674 0.236672 0.236671 0.000000 0.000000
0.000000 0.000000 0.231017 0.231017 0.231020 0.231019 0.231016 0.231017 0.231017 0.231016 0.231015 0.231016 0.231017 0.231017 0.231016 0.231019 0.231020 0.231017 0.231017 0.000000 0.000000
0.000000 0.000000 0.225478 0.225478 0.225480 0.225479 0.225477 0.225478 0.225478 0.225477 0.225476 0.225477 0.225478 0.225478 0.225477 0.225479 0.225480 0.225478 0.225478 0.000000 0.000000
0.000000 0.000000 0.220044 0.220045 0.220047 0.220046 0.220044 0.220045 0.220045 0.220043 0.220043 0.220043 0.220045 0.220045 0.220044 0.220046 0.220047 0.220045 0.220044 0.000000 0.000000
0.000000 0.000000 0.214711 0.214712 0.214714 0.214713 0.214711 0.214712 0.214712 0.214710 0.214710 0.214710 0.214712 0.214712 0.214711 0.214713 0.214714 0.214712 0.214711 0.000000 0.000000
0.000000 0.000000 0.209403 0.209403 0.209405 0.209404 0.209402 0.209403 0.209403 0.209402 0.209401 0.209402 0.209403 0.209403 0.209402 0.209404 0.209405 0.209403 0.209403 0.000000 0.000000
0.000000 0.000000 0.300000 0.300000 0.300000 0.300000 0.300000 0.300000 0.300000 0.300000 0.300000 0.300000 0.300000 0.300000 0.300000 0.300000 0.300000 0.300000 0.300000 0.000000 0.000000
0.000000 0.000000 0.000000 0.000000 0.000000 0.000000 0.000000 0.000000 0.000000 0.000000 0.000000 0.000000 0.000000 0.000000 0.000000 0.000000 0.000000 0.000000 0.000000 0.000000 0.000000