geotop/1.0zi/1.0Montebello/Templates/testdem/maps/_Eocsilt1587.asc
ncols         21
nrows         20
xllcorner     100.000000
yllcorner     100.000000
cellsize      50.000000
NODATA_value  -9999.0
0.000000 0.000000 0.000000 0.000000 0.000000 0.000000 0.000000 0.000000 0.000000 0.000000 0.000000 0.000000 0.000000 0.000000 0.000000 0.000000 0.000000 0.000000 0.000000 0.000000 0.000000
0.000000 0.000000 0.350035 0.350035 0.350035 0.350035 0.350035 0.350035 0.350035 0.350035 0.350035 0.350035 0.350035 0.350035 0.350035 0.350035 0.350035 0.350035 0.350035 0.000000 0.000000
0.000000 0.000000 0.349999 0.349998 0.349999 0.349999 0.349999 0.349999 0.349999 0.349999 0.349999 0.349999 0.349999 0.349999 0.349999 0.349999 0.349999 0.349998 0.349999 0.000000 0.000000
0.000000 0.000000 0.350640 0.350640 0.350638 0.350639 0.350641 0.350641 0.350640 0.350641 0.350641 0.350641 0.350640 0.350641 0.350641 0.350639 0.350638 0.350640 0.350640 0.000000 0.000000
0.000000 0.000000 0.352862 0.352861 0.352859 0.352860 0.352863 0.352862 0.352862 0.352863 0.352863 0.352863 0.352862 0.352862 0.352863 0.352860 0.352859 0.352861 0.352862 0.000000 0.000000
0.000000 0.000000 0.355612 0.355611 0.355610 0.355610 0.355613 0.355612 0.355612 0.355613 0.355613 0.355613 0.355612 0.355612 0.355613 0.355610 0.355610 0.355611 0.355612 0.000000 0.000000
0.000000 0.000000 0.358131 0.358131 0.358129 0.358130 0.358132 0.358131 0.358131 0.358132 0.358132 0.358132 0.358131 0.358131 0.358132 0.358130 0.358129 0.358131 0.358131 0.000000 0.000000
0.000000 0.000000 0.360440 0.360440 0.360439 0.360439 0.360441 0.360441 0.360441 0.360441 0.360441 0.360441 0.360441 0.360441 0.360441 0.360439 0.360439 0.360440 0.360440 0.000000 0.000000
0.000000 0.000000 0.362601 0.362601 0.362599 0.362600 0.362602 0.362601 0.362601 0.362602 0.362602 0.362602 0.362601 0.362601 0.362602 0.362600 0.362599 0.362601 0.362601 0.000000 0.000000
0.000000 0.000000 0.364667 0.364667 0.364666 0.364666 0.364668 0.364668 0.364667 0.364668 0.364668 0.364668 0.364667 0.364668 0.364668 0.364666 0.364666 0.364667 0.364667 0.000000 0.000000
0.000000 0.000000 0.366661 0.366661 0.366660 0.366660 0.366662 0.366662 0.366661 0.366662 0.366662 0.366662 0.366661 0.366662 0.366662 0.366660 0.366660 0.366661 0.366661 0.000000 0.000000
0.000000 0.000000 0.368603 0.368602 0.368601 0.368602 0.368603 0.368603 0.368603 0.368603 0.368603 0.368603 0.368603 0.368603 0.368603 0.368602 0.368601 0.368602 0.368603 0.000000 0.000000
0.000000 0.000000 0.370506 0.370506 0.370505 0.370505 0.370507 0.370506 0.370506 0.370507 0.370506 0.370507 0.370506 0.370506 0.370507 0.370505 0.370505 0.370506 0.370506 0.000000 0.000000
0.000000 0.000000 0.372371 0.372371 0.372370 0.372370 0.372372 0.372371 0.372371 0.372372 0.372372 0.372372 0.372371 0.372371 0.372372 0.372370 0.372370 0.372371 0.372371 0.000000 0.000000
0.000000 0.000000 0.374207 0.374207 0.374205 0.374206 0.374207 0.374207 0.374207 0.374207 0.374207 0.374207 0.374207 0.374207 0.374207 0.374206 0.374205 0.374207 0.374207 0.000000 0.000000
0.000000 0.000000 0.376020 0.376020 0.376019 0.376019 0.376020 0.376020 0.376020 0.376020 0.376020 0.376020 0.376020 0.376020 0.376020 0.376019 0.376019 0.376020 0.376020 0.000000 0.000000
0.000000 0.000000 0.377811 0.377811 0.377810 0.377810 0.377812 0.377811 0.377811 0.377811 0.377811 0.377811 0.377811 0.377811 0.377812 0.377810 0.377810 0.377811 0.377811 0.000000 0.000000
0.000000 0.000000 0.379619 0.379619 0.379618 0.379618 0.379619 0.379619 0.379619 0.379619 0.379619 0.379619 0.379619 0.379619 0.379619 0.379618 0.379618 0.379619 0.379619 0.000000 0.000000
0.000000 0.000000 0.350000 0.350000 0.350000 0.350000 0.350000 0.350000 0.350000 0.350000 0.350000 0.350000 0.350000 0.350000 0.350000 0.350000 0.350000 0.350000 0.350000 0.000000 0.000000
0.000000 0.000000 0.000000 0.000000 0.000000 0.000000 0.000000 0.000000 0.000000 0.000000 0.000000 0.000000 0.000000 0.000000 0.000000 0.000000 0.000000 0.000000 0.000000 0.000000 0.000000