geotop/1.0zi/1.0Montebello/Templates/testdem/maps/_Eocsilt4461.asc
ncols         21
nrows         20
xllcorner     100.000000
yllcorner     100.000000
cellsize      50.000000
NODATA_value  -9999.0
0.000000 0.000000 0.000000 0.000000 0.000000 0.000000 0.000000 0.000000 0.000000 0.000000 0.000000 0.000000 0.000000 0.000000 0.000000 0.000000 0.000000 0.000000 0.000000 0.000000 0.000000
0.000000 0.000000 0.350090 0.350090 0.350090 0.350090 0.350090 0.350090 0.350090 0.350090 0.350090 0.350090 0.350090 0.350090 0.350090 0.350090 0.350090 0.350090 0.350090 0.000000 0.000000
0.000000 0.000000 0.350002 0.350002 0.350002 0.350003 0.350003 0.350003 0.350003 0.350003 0.350003 0.350003 0.350003 0.350003 0.350003 0.350002 0.350001 0.350001 0.350002 0.000000 0.000000
0.000000 0.000000 0.350031 0.350031 0.350030 0.350026 0.350027 0.350025 0.350027 0.350027 0.350027 0.350027 0.350027 0.350026 0.350027 0.350030 0.350031 0.350032 0.350031 0.000000 0.000000
0.000000 0.000000 0.350387 0.350389 0.350388 0.350384 0.350381 0.350377 0.350375 0.350373 0.350371 0.350374 0.350375 0.350377 0.350381 0.350381 0.350382 0.350389 0.350392 0.000000 0.000000
0.000000 0.000000 0.351534 0.351537 0.351535 0.351523 0.351516 0.351502 0.351499 0.351494 0.351499 0.351501 0.351505 0.351503 0.351508 0.351515 0.351521 0.351523 0.351527 0.000000 0.000000
0.000000 0.000000 0.353320 0.353320 0.353318 0.353304 0.353289 0.353272 0.353273 0.353270 0.353274 0.353272 0.353270 0.353273 0.353285 0.353299 0.353305 0.353311 0.353317 0.000000 0.000000
0.000000 0.000000 0.355400 0.355398 0.355397 0.355385 0.355371 0.355354 0.355356 0.355352 0.355353 0.355353 0.355350 0.355349 0.355366 0.355382 0.355392 0.355394 0.355400 0.000000 0.000000
0.000000 0.000000 0.357521 0.357518 0.357514 0.357504 0.357491 0.357469 0.357470 0.357466 0.357467 0.357468 0.357465 0.357466 0.357483 0.357500 0.357508 0.357513 0.357521 0.000000 0.000000
0.000000 0.000000 0.359629 0.359625 0.359624 0.359614 0.359597 0.359579 0.359582 0.359579 0.359579 0.359580 0.359577 0.359575 0.359594 0.359611 0.359618 0.359622 0.359628 0.000000 0.000000
0.000000 0.000000 0.361751 0.361749 0.361747 0.361739 0.361728 0.361705 0.361708 0.361703 0.361703 0.361705 0.361701 0.361701 0.361716 0.361728 0.361738 0.361743 0.361750 0.000000 0.000000
0.000000 0.000000 0.363945 0.363942 0.363939 0.363927 0.363914 0.363892 0.363893 0.363889 0.363890 0.363890 0.363888 0.363887 0.363907 0.363923 0.363932 0.363936 0.363958 0.000000 0.000000
0.000000 0.000000 0.366169 0.366166 0.366162 0.366154 0.366138 0.366093 0.366094 0.366090 0.366090 0.366090 0.366086 0.366087 0.366125 0.366144 0.366153 0.366157 0.366171 0.000000 0.000000
0.000000 0.000000 0.368521 0.368514 0.368513 0.368504 0.368459 0.368447 0.368441 0.368437 0.368438 0.368438 0.368434 0.368434 0.368446 0.368491 0.368500 0.368510 0.368518 0.000000 0.000000
0.000000 0.000000 0.371056 0.371051 0.371040 0.371001 0.370981 0.370952 0.370939 0.370934 0.370928 0.370927 0.370928 0.370923 0.370944 0.370975 0.371025 0.371023 0.371030 0.000000 0.000000
0.000000 0.000000 0.373672 0.373667 0.373619 0.373612 0.373600 0.373586 0.373584 0.373583 0.373586 0.373585 0.373577 0.373585 0.373592 0.373605 0.373605 0.373659 0.373672 0.000000 0.000000
0.000000 0.000000 0.376579 0.376516 0.376477 0.376460 0.376428 0.376410 0.376407 0.376404 0.376397 0.376397 0.376397 0.376391 0.376403 0.376441 0.376466 0.376493 0.376557 0.000000 0.000000
0.000000 0.000000 0.378854 0.378841 0.378884 0.378861 0.378833 0.378769 0.378764 0.378758 0.378760 0.378760 0.378755 0.378758 0.378815 0.378848 0.378885 0.378830 0.378855 0.000000 0.000000
0.000000 0.000000 0.350000 0.350000 0.350000 0.350000 0.350000 0.350000 0.350000 0.350000 0.350000 0.350000 0.350000 0.350000 0.350000 0.350000 0.350000 0.350000 0.350000 0.000000 0.000000
0.000000 0.000000 0.000000 0.000000 0.000000 0.000000 0.000000 0.000000 0.000000 0.000000 0.000000 0.000000 0.000000 0.000000 0.000000 0.000000 0.000000 0.000000 0.000000 0.000000 0.000000