geotop/1.0zi/1.0Montebello/Templates/testdem/maps/_Eocsand1194.asc
ncols         21
nrows         20
xllcorner     100.000000
yllcorner     100.000000
cellsize      50.000000
NODATA_value  -9999.0
0.000000 0.000000 0.000000 0.000000 0.000000 0.000000 0.000000 0.000000 0.000000 0.000000 0.000000 0.000000 0.000000 0.000000 0.000000 0.000000 0.000000 0.000000 0.000000 0.000000 0.000000
0.000000 0.000000 0.300039 0.300039 0.300039 0.300039 0.300039 0.300039 0.300039 0.300039 0.300039 0.300039 0.300039 0.300039 0.300039 0.300039 0.300039 0.300039 0.300039 0.000000 0.000000
0.000000 0.000000 0.300004 0.300004 0.300005 0.300004 0.300004 0.300004 0.300004 0.300004 0.300004 0.300004 0.300004 0.300004 0.300004 0.300004 0.300005 0.300004 0.300004 0.000000 0.000000
0.000000 0.000000 0.299081 0.299082 0.299086 0.299084 0.299081 0.299081 0.299081 0.299081 0.299081 0.299081 0.299081 0.299081 0.299081 0.299084 0.299086 0.299082 0.299081 0.000000 0.000000
0.000000 0.000000 0.295692 0.295694 0.295698 0.295698 0.295692 0.295693 0.295693 0.295691 0.295692 0.295691 0.295693 0.295693 0.295692 0.295698 0.295698 0.295694 0.295692 0.000000 0.000000
0.000000 0.000000 0.291674 0.291675 0.291679 0.291679 0.291674 0.291675 0.291675 0.291674 0.291674 0.291674 0.291675 0.291675 0.291674 0.291679 0.291679 0.291675 0.291674 0.000000 0.000000
0.000000 0.000000 0.287902 0.287903 0.287906 0.287906 0.287902 0.287902 0.287903 0.287902 0.287902 0.287902 0.287903 0.287902 0.287902 0.287906 0.287906 0.287903 0.287902 0.000000 0.000000
0.000000 0.000000 0.284425 0.284426 0.284429 0.284428 0.284425 0.284426 0.284426 0.284425 0.284425 0.284425 0.284426 0.284426 0.284425 0.284428 0.284429 0.284426 0.284425 0.000000 0.000000
0.000000 0.000000 0.281164 0.281165 0.281168 0.281167 0.281164 0.281165 0.281165 0.281164 0.281164 0.281164 0.281165 0.281165 0.281164 0.281167 0.281168 0.281165 0.281164 0.000000 0.000000
0.000000 0.000000 0.278037 0.278038 0.278041 0.278040 0.278037 0.278038 0.278038 0.278037 0.278037 0.278037 0.278038 0.278038 0.278037 0.278040 0.278041 0.278038 0.278037 0.000000 0.000000
0.000000 0.000000 0.275012 0.275013 0.275016 0.275015 0.275012 0.275013 0.275013 0.275012 0.275012 0.275012 0.275013 0.275013 0.275012 0.275015 0.275016 0.275013 0.275012 0.000000 0.000000
0.000000 0.000000 0.272057 0.272058 0.272060 0.272060 0.272057 0.272057 0.272057 0.272057 0.272057 0.272057 0.272057 0.272057 0.272057 0.272060 0.272060 0.272058 0.272057 0.000000 0.000000
0.000000 0.000000 0.269151 0.269151 0.269154 0.269153 0.269151 0.269151 0.269151 0.269150 0.269150 0.269150 0.269151 0.269151 0.269151 0.269153 0.269154 0.269151 0.269151 0.000000 0.000000
0.000000 0.000000 0.266295 0.266296 0.266299 0.266298 0.266295 0.266296 0.266296 0.266295 0.266295 0.266295 0.266296 0.266296 0.266295 0.266298 0.266299 0.266296 0.266295 0.000000 0.000000
0.000000 0.000000 0.263472 0.263472 0.263475 0.263474 0.263471 0.263472 0.263472 0.263471 0.263471 0.263471 0.263472 0.263472 0.263471 0.263474 0.263475 0.263472 0.263472 0.000000 0.000000
0.000000 0.000000 0.260669 0.260669 0.260672 0.260671 0.260669 0.260669 0.260669 0.260668 0.260668 0.260668 0.260669 0.260669 0.260669 0.260671 0.260672 0.260669 0.260669 0.000000 0.000000
0.000000 0.000000 0.257896 0.257896 0.257899 0.257898 0.257896 0.257896 0.257896 0.257895 0.257896 0.257895 0.257896 0.257896 0.257896 0.257898 0.257899 0.257896 0.257896 0.000000 0.000000
0.000000 0.000000 0.255082 0.255082 0.255085 0.255084 0.255081 0.255082 0.255082 0.255081 0.255081 0.255081 0.255082 0.255082 0.255081 0.255084 0.255085 0.255082 0.255081 0.000000 0.000000
0.000000 0.000000 0.300000 0.300000 0.300000 0.300000 0.300000 0.300000 0.300000 0.300000 0.300000 0.300000 0.300000 0.300000 0.300000 0.300000 0.300000 0.300000 0.300000 0.000000 0.000000
0.000000 0.000000 0.000000 0.000000 0.000000 0.000000 0.000000 0.000000 0.000000 0.000000 0.000000 0.000000 0.000000 0.000000 0.000000 0.000000 0.000000 0.000000 0.000000 0.000000 0.000000