geotop/1.0zi/1.0Montebello/Templates/testdem/maps/_Eocsand1341.asc
ncols         21
nrows         20
xllcorner     100.000000
yllcorner     100.000000
cellsize      50.000000
NODATA_value  -9999.0
0.000000 0.000000 0.000000 0.000000 0.000000 0.000000 0.000000 0.000000 0.000000 0.000000 0.000000 0.000000 0.000000 0.000000 0.000000 0.000000 0.000000 0.000000 0.000000 0.000000 0.000000
0.000000 0.000000 0.300043 0.300043 0.300043 0.300043 0.300043 0.300043 0.300043 0.300043 0.300043 0.300043 0.300043 0.300043 0.300043 0.300043 0.300043 0.300043 0.300043 0.000000 0.000000
0.000000 0.000000 0.300006 0.300007 0.300007 0.300006 0.300007 0.300006 0.300006 0.300007 0.300007 0.300007 0.300006 0.300006 0.300007 0.300006 0.300007 0.300007 0.300006 0.000000 0.000000
0.000000 0.000000 0.298864 0.298865 0.298869 0.298867 0.298864 0.298864 0.298864 0.298864 0.298864 0.298864 0.298864 0.298864 0.298864 0.298867 0.298869 0.298865 0.298864 0.000000 0.000000
0.000000 0.000000 0.294922 0.294923 0.294928 0.294928 0.294921 0.294923 0.294923 0.294921 0.294921 0.294921 0.294923 0.294923 0.294921 0.294928 0.294928 0.294923 0.294922 0.000000 0.000000
0.000000 0.000000 0.290317 0.290318 0.290322 0.290322 0.290316 0.290318 0.290318 0.290316 0.290317 0.290316 0.290318 0.290318 0.290316 0.290322 0.290322 0.290318 0.290317 0.000000 0.000000
0.000000 0.000000 0.286009 0.286010 0.286014 0.286013 0.286008 0.286010 0.286010 0.286009 0.286009 0.286009 0.286010 0.286010 0.286008 0.286013 0.286014 0.286010 0.286009 0.000000 0.000000
0.000000 0.000000 0.282048 0.282048 0.282052 0.282051 0.282047 0.282048 0.282048 0.282047 0.282047 0.282047 0.282048 0.282048 0.282047 0.282051 0.282052 0.282048 0.282048 0.000000 0.000000
0.000000 0.000000 0.278336 0.278337 0.278340 0.278339 0.278336 0.278337 0.278337 0.278336 0.278336 0.278336 0.278337 0.278337 0.278336 0.278339 0.278340 0.278337 0.278336 0.000000 0.000000
0.000000 0.000000 0.274780 0.274781 0.274784 0.274783 0.274780 0.274780 0.274781 0.274780 0.274780 0.274780 0.274781 0.274780 0.274780 0.274783 0.274784 0.274781 0.274780 0.000000 0.000000
0.000000 0.000000 0.271341 0.271341 0.271344 0.271343 0.271340 0.271341 0.271341 0.271340 0.271341 0.271340 0.271341 0.271341 0.271340 0.271343 0.271344 0.271341 0.271341 0.000000 0.000000
0.000000 0.000000 0.267982 0.267983 0.267986 0.267985 0.267982 0.267982 0.267982 0.267982 0.267982 0.267982 0.267982 0.267982 0.267982 0.267985 0.267986 0.267983 0.267982 0.000000 0.000000
0.000000 0.000000 0.264681 0.264681 0.264684 0.264683 0.264680 0.264681 0.264681 0.264680 0.264681 0.264680 0.264681 0.264681 0.264680 0.264683 0.264684 0.264681 0.264681 0.000000 0.000000
0.000000 0.000000 0.261437 0.261438 0.261441 0.261440 0.261437 0.261438 0.261438 0.261437 0.261437 0.261437 0.261438 0.261438 0.261437 0.261440 0.261441 0.261438 0.261437 0.000000 0.000000
0.000000 0.000000 0.258237 0.258238 0.258241 0.258240 0.258237 0.258238 0.258238 0.258237 0.258237 0.258237 0.258238 0.258238 0.258237 0.258240 0.258241 0.258238 0.258237 0.000000 0.000000
0.000000 0.000000 0.255068 0.255069 0.255072 0.255071 0.255068 0.255069 0.255069 0.255068 0.255068 0.255068 0.255069 0.255069 0.255068 0.255071 0.255072 0.255069 0.255068 0.000000 0.000000
0.000000 0.000000 0.251933 0.251934 0.251937 0.251936 0.251933 0.251934 0.251934 0.251933 0.251933 0.251933 0.251934 0.251934 0.251933 0.251936 0.251937 0.251934 0.251933 0.000000 0.000000
0.000000 0.000000 0.248752 0.248752 0.248755 0.248754 0.248751 0.248752 0.248752 0.248751 0.248751 0.248751 0.248752 0.248752 0.248751 0.248754 0.248755 0.248752 0.248752 0.000000 0.000000
0.000000 0.000000 0.300000 0.300000 0.300000 0.300000 0.300000 0.300000 0.300000 0.300000 0.300000 0.300000 0.300000 0.300000 0.300000 0.300000 0.300000 0.300000 0.300000 0.000000 0.000000
0.000000 0.000000 0.000000 0.000000 0.000000 0.000000 0.000000 0.000000 0.000000 0.000000 0.000000 0.000000 0.000000 0.000000 0.000000 0.000000 0.000000 0.000000 0.000000 0.000000 0.000000