geotop/1.0zi/1.0Montebello/Templates/testdem/maps/_Eocsand3890.asc
ncols         21
nrows         20
xllcorner     100.000000
yllcorner     100.000000
cellsize      50.000000
NODATA_value  -9999.0
0.000000 0.000000 0.000000 0.000000 0.000000 0.000000 0.000000 0.000000 0.000000 0.000000 0.000000 0.000000 0.000000 0.000000 0.000000 0.000000 0.000000 0.000000 0.000000 0.000000 0.000000
0.000000 0.000000 0.300098 0.300097 0.300097 0.300097 0.300097 0.300097 0.300097 0.300097 0.300097 0.300097 0.300097 0.300097 0.300097 0.300097 0.300097 0.300097 0.300098 0.000000 0.000000
0.000000 0.000000 0.300005 0.300004 0.300004 0.300004 0.300004 0.300003 0.300003 0.300003 0.300004 0.300004 0.300003 0.300003 0.300004 0.300004 0.300006 0.300006 0.300005 0.000000 0.000000
0.000000 0.000000 0.299972 0.299973 0.299974 0.299976 0.299973 0.299975 0.299973 0.299974 0.299973 0.299975 0.299975 0.299977 0.299976 0.299972 0.299972 0.299971 0.299972 0.000000 0.000000
0.000000 0.000000 0.299290 0.299283 0.299288 0.299289 0.299297 0.299303 0.299304 0.299308 0.299307 0.299305 0.299305 0.299305 0.299297 0.299299 0.299298 0.299294 0.299289 0.000000 0.000000
0.000000 0.000000 0.297108 0.297105 0.297114 0.297129 0.297139 0.297161 0.297162 0.297171 0.297163 0.297162 0.297159 0.297156 0.297151 0.297139 0.297133 0.297130 0.297125 0.000000 0.000000
0.000000 0.000000 0.293915 0.293916 0.293924 0.293951 0.293984 0.294021 0.294020 0.294028 0.294020 0.294021 0.294018 0.294009 0.293976 0.293947 0.293939 0.293934 0.293925 0.000000 0.000000
0.000000 0.000000 0.290310 0.290312 0.290323 0.290356 0.290392 0.290430 0.290428 0.290434 0.290432 0.290433 0.290431 0.290422 0.290380 0.290350 0.290335 0.290333 0.290323 0.000000 0.000000
0.000000 0.000000 0.286708 0.286713 0.286729 0.286754 0.286789 0.286833 0.286831 0.286839 0.286837 0.286836 0.286833 0.286822 0.286783 0.286749 0.286738 0.286734 0.286720 0.000000 0.000000
0.000000 0.000000 0.283131 0.283137 0.283149 0.283176 0.283218 0.283257 0.283253 0.283259 0.283258 0.283257 0.283255 0.283247 0.283204 0.283169 0.283159 0.283156 0.283145 0.000000 0.000000
0.000000 0.000000 0.279531 0.279536 0.279549 0.279572 0.279605 0.279651 0.279648 0.279658 0.279656 0.279654 0.279652 0.279643 0.279605 0.279581 0.279566 0.279561 0.279549 0.000000 0.000000
0.000000 0.000000 0.275830 0.275836 0.275851 0.275882 0.275917 0.275962 0.275963 0.275970 0.275968 0.275969 0.275964 0.275956 0.275909 0.275879 0.275866 0.275863 0.275821 0.000000 0.000000
0.000000 0.000000 0.272107 0.272113 0.272129 0.272154 0.272195 0.272278 0.272278 0.272286 0.272286 0.272284 0.272282 0.272271 0.272195 0.272160 0.272147 0.272143 0.272116 0.000000 0.000000
0.000000 0.000000 0.268198 0.268210 0.268223 0.268249 0.268336 0.268365 0.268378 0.268385 0.268382 0.268382 0.268380 0.268370 0.268337 0.268259 0.268246 0.268232 0.268217 0.000000 0.000000
0.000000 0.000000 0.264017 0.264026 0.264056 0.264127 0.264177 0.264231 0.264257 0.264267 0.264277 0.264277 0.264267 0.264265 0.264218 0.264161 0.264083 0.264088 0.264076 0.000000 0.000000
0.000000 0.000000 0.259738 0.259748 0.259833 0.259856 0.259891 0.259924 0.259930 0.259934 0.259930 0.259931 0.259934 0.259910 0.259887 0.259860 0.259859 0.259780 0.259759 0.000000 0.000000
0.000000 0.000000 0.255032 0.255128 0.255206 0.255244 0.255309 0.255344 0.255353 0.255358 0.255368 0.255367 0.255359 0.255355 0.255325 0.255262 0.255228 0.255183 0.255085 0.000000 0.000000
0.000000 0.000000 0.251291 0.251320 0.251271 0.251319 0.251381 0.251485 0.251497 0.251508 0.251504 0.251505 0.251503 0.251486 0.251390 0.251331 0.251272 0.251359 0.251311 0.000000 0.000000
0.000000 0.000000 0.300000 0.300000 0.300000 0.300000 0.300000 0.300000 0.300000 0.300000 0.300000 0.300000 0.300000 0.300000 0.300000 0.300000 0.300000 0.300000 0.300000 0.000000 0.000000
0.000000 0.000000 0.000000 0.000000 0.000000 0.000000 0.000000 0.000000 0.000000 0.000000 0.000000 0.000000 0.000000 0.000000 0.000000 0.000000 0.000000 0.000000 0.000000 0.000000 0.000000