geotop/1.0zi/1.0Montebello/Templates/testdem/maps/_Eocsilt2816.asc
ncols         21
nrows         20
xllcorner     100.000000
yllcorner     100.000000
cellsize      50.000000
NODATA_value  -9999.0
0.000000 0.000000 0.000000 0.000000 0.000000 0.000000 0.000000 0.000000 0.000000 0.000000 0.000000 0.000000 0.000000 0.000000 0.000000 0.000000 0.000000 0.000000 0.000000 0.000000 0.000000
0.000000 0.000000 0.350072 0.350072 0.350072 0.350072 0.350072 0.350072 0.350072 0.350072 0.350072 0.350072 0.350072 0.350072 0.350072 0.350072 0.350072 0.350072 0.350072 0.000000 0.000000
0.000000 0.000000 0.349998 0.349998 0.349998 0.349998 0.349998 0.349998 0.349998 0.349998 0.349999 0.349998 0.349998 0.349998 0.349998 0.349998 0.349998 0.349998 0.349998 0.000000 0.000000
0.000000 0.000000 0.351025 0.351024 0.351022 0.351023 0.351025 0.351025 0.351025 0.351025 0.351025 0.351025 0.351025 0.351025 0.351025 0.351023 0.351022 0.351024 0.351025 0.000000 0.000000
0.000000 0.000000 0.354885 0.354885 0.354883 0.354883 0.354886 0.354885 0.354885 0.354886 0.354886 0.354886 0.354885 0.354885 0.354886 0.354883 0.354883 0.354885 0.354885 0.000000 0.000000
0.000000 0.000000 0.359764 0.359763 0.359762 0.359762 0.359764 0.359763 0.359764 0.359765 0.359765 0.359765 0.359764 0.359763 0.359764 0.359762 0.359762 0.359763 0.359764 0.000000 0.000000
0.000000 0.000000 0.364209 0.364208 0.364207 0.364207 0.364209 0.364209 0.364209 0.364210 0.364210 0.364210 0.364209 0.364209 0.364209 0.364207 0.364207 0.364208 0.364209 0.000000 0.000000
0.000000 0.000000 0.368245 0.368244 0.368243 0.368243 0.368245 0.368244 0.368244 0.368245 0.368245 0.368245 0.368244 0.368244 0.368245 0.368243 0.368243 0.368244 0.368245 0.000000 0.000000
0.000000 0.000000 0.371986 0.371986 0.371984 0.371985 0.371986 0.371986 0.371986 0.371987 0.371987 0.371987 0.371986 0.371986 0.371986 0.371985 0.371984 0.371986 0.371986 0.000000 0.000000
0.000000 0.000000 0.375522 0.375522 0.375521 0.375521 0.375523 0.375522 0.375522 0.375523 0.375523 0.375523 0.375522 0.375522 0.375523 0.375521 0.375521 0.375522 0.375522 0.000000 0.000000
0.000000 0.000000 0.378896 0.378896 0.378894 0.378895 0.378896 0.378896 0.378896 0.378896 0.378897 0.378896 0.378896 0.378896 0.378896 0.378895 0.378894 0.378896 0.378896 0.000000 0.000000
0.000000 0.000000 0.382139 0.382139 0.382138 0.382138 0.382140 0.382139 0.382139 0.382140 0.382140 0.382140 0.382139 0.382139 0.382140 0.382138 0.382138 0.382139 0.382139 0.000000 0.000000
0.000000 0.000000 0.385278 0.385277 0.385276 0.385277 0.385278 0.385277 0.385278 0.385278 0.385278 0.385278 0.385278 0.385277 0.385278 0.385277 0.385276 0.385277 0.385278 0.000000 0.000000
0.000000 0.000000 0.388332 0.388332 0.388331 0.388331 0.388332 0.388332 0.388332 0.388332 0.388333 0.388332 0.388332 0.388332 0.388332 0.388331 0.388331 0.388332 0.388332 0.000000 0.000000
0.000000 0.000000 0.391311 0.391310 0.391309 0.391310 0.391311 0.391310 0.391311 0.391311 0.391311 0.391311 0.391311 0.391310 0.391311 0.391310 0.391309 0.391310 0.391311 0.000000 0.000000
0.000000 0.000000 0.394220 0.394219 0.394218 0.394219 0.394220 0.394219 0.394219 0.394220 0.394220 0.394220 0.394219 0.394219 0.394220 0.394219 0.394218 0.394219 0.394220 0.000000 0.000000
0.000000 0.000000 0.397063 0.397063 0.397062 0.397062 0.397063 0.397063 0.397063 0.397063 0.397064 0.397063 0.397063 0.397063 0.397063 0.397062 0.397062 0.397063 0.397063 0.000000 0.000000
0.000000 0.000000 0.399893 0.399893 0.399892 0.399893 0.399894 0.399893 0.399893 0.399894 0.399894 0.399894 0.399893 0.399893 0.399894 0.399893 0.399892 0.399893 0.399893 0.000000 0.000000
0.000000 0.000000 0.350000 0.350000 0.350000 0.350000 0.350000 0.350000 0.350000 0.350000 0.350000 0.350000 0.350000 0.350000 0.350000 0.350000 0.350000 0.350000 0.350000 0.000000 0.000000
0.000000 0.000000 0.000000 0.000000 0.000000 0.000000 0.000000 0.000000 0.000000 0.000000 0.000000 0.000000 0.000000 0.000000 0.000000 0.000000 0.000000 0.000000 0.000000 0.000000 0.000000