geotop/1.0zi/1.0Montebello/Templates/testdem/maps/_Eocsilt3821.asc
ncols         21
nrows         20
xllcorner     100.000000
yllcorner     100.000000
cellsize      50.000000
NODATA_value  -9999.0
0.000000 0.000000 0.000000 0.000000 0.000000 0.000000 0.000000 0.000000 0.000000 0.000000 0.000000 0.000000 0.000000 0.000000 0.000000 0.000000 0.000000 0.000000 0.000000 0.000000 0.000000
0.000000 0.000000 0.350076 0.350076 0.350076 0.350076 0.350076 0.350076 0.350076 0.350076 0.350076 0.350076 0.350076 0.350076 0.350076 0.350076 0.350077 0.350076 0.350076 0.000000 0.000000
0.000000 0.000000 0.350001 0.350002 0.350002 0.350002 0.350003 0.350003 0.350003 0.350003 0.350003 0.350003 0.350003 0.350002 0.350002 0.350002 0.350001 0.350001 0.350001 0.000000 0.000000
0.000000 0.000000 0.350032 0.350031 0.350031 0.350027 0.350029 0.350026 0.350028 0.350028 0.350028 0.350028 0.350028 0.350027 0.350027 0.350030 0.350031 0.350032 0.350032 0.000000 0.000000
0.000000 0.000000 0.350374 0.350378 0.350374 0.350377 0.350375 0.350373 0.350372 0.350369 0.350369 0.350370 0.350372 0.350372 0.350372 0.350371 0.350370 0.350375 0.350377 0.000000 0.000000
0.000000 0.000000 0.351425 0.351426 0.351422 0.351415 0.351409 0.351396 0.351395 0.351391 0.351395 0.351396 0.351397 0.351399 0.351405 0.351411 0.351413 0.351412 0.351414 0.000000 0.000000
0.000000 0.000000 0.352966 0.352967 0.352964 0.352949 0.352933 0.352917 0.352918 0.352914 0.352918 0.352917 0.352918 0.352923 0.352938 0.352951 0.352954 0.352956 0.352962 0.000000 0.000000
0.000000 0.000000 0.354743 0.354741 0.354735 0.354720 0.354701 0.354683 0.354684 0.354680 0.354681 0.354681 0.354682 0.354687 0.354708 0.354723 0.354732 0.354732 0.354736 0.000000 0.000000
0.000000 0.000000 0.356526 0.356523 0.356515 0.356502 0.356484 0.356462 0.356463 0.356459 0.356460 0.356461 0.356462 0.356468 0.356488 0.356504 0.356510 0.356513 0.356520 0.000000 0.000000
0.000000 0.000000 0.358293 0.358291 0.358285 0.358271 0.358251 0.358232 0.358234 0.358231 0.358231 0.358232 0.358233 0.358237 0.358258 0.358275 0.358280 0.358281 0.358287 0.000000 0.000000
0.000000 0.000000 0.360063 0.360060 0.360054 0.360043 0.360026 0.360004 0.360005 0.360000 0.360001 0.360002 0.360003 0.360008 0.360026 0.360039 0.360046 0.360048 0.360054 0.000000 0.000000
0.000000 0.000000 0.361881 0.361878 0.361870 0.361855 0.361838 0.361816 0.361815 0.361812 0.361813 0.361812 0.361815 0.361819 0.361842 0.361857 0.361863 0.361865 0.361886 0.000000 0.000000
0.000000 0.000000 0.363708 0.363705 0.363697 0.363685 0.363665 0.363624 0.363624 0.363620 0.363620 0.363621 0.363622 0.363628 0.363665 0.363682 0.363688 0.363690 0.363704 0.000000 0.000000
0.000000 0.000000 0.365626 0.365620 0.365614 0.365601 0.365558 0.365545 0.365538 0.365535 0.365536 0.365536 0.365537 0.365542 0.365558 0.365596 0.365602 0.365609 0.365617 0.000000 0.000000
0.000000 0.000000 0.367676 0.367671 0.367657 0.367622 0.367597 0.367571 0.367558 0.367553 0.367548 0.367548 0.367554 0.367555 0.367577 0.367605 0.367643 0.367641 0.367647 0.000000 0.000000
0.000000 0.000000 0.369770 0.369765 0.369724 0.369713 0.369695 0.369679 0.369676 0.369674 0.369676 0.369676 0.369674 0.369686 0.369697 0.369710 0.369711 0.369749 0.369760 0.000000 0.000000
0.000000 0.000000 0.372073 0.372027 0.371988 0.371970 0.371938 0.371921 0.371917 0.371915 0.371910 0.371910 0.371914 0.371917 0.371930 0.371961 0.371978 0.372000 0.372047 0.000000 0.000000
0.000000 0.000000 0.373907 0.373893 0.373917 0.373894 0.373863 0.373813 0.373807 0.373801 0.373803 0.373803 0.373804 0.373813 0.373859 0.373888 0.373916 0.373874 0.373897 0.000000 0.000000
0.000000 0.000000 0.350000 0.350000 0.350000 0.350000 0.350000 0.350000 0.350000 0.350000 0.350000 0.350000 0.350000 0.350000 0.350000 0.350000 0.350000 0.350000 0.350000 0.000000 0.000000
0.000000 0.000000 0.000000 0.000000 0.000000 0.000000 0.000000 0.000000 0.000000 0.000000 0.000000 0.000000 0.000000 0.000000 0.000000 0.000000 0.000000 0.000000 0.000000 0.000000 0.000000