geotop/1.0zi/1.0Montebello/Templates/testdem/maps/_Eocsilt3188.asc
ncols         21
nrows         20
xllcorner     100.000000
yllcorner     100.000000
cellsize      50.000000
NODATA_value  -9999.0
0.000000 0.000000 0.000000 0.000000 0.000000 0.000000 0.000000 0.000000 0.000000 0.000000 0.000000 0.000000 0.000000 0.000000 0.000000 0.000000 0.000000 0.000000 0.000000 0.000000 0.000000
0.000000 0.000000 0.350087 0.350087 0.350087 0.350087 0.350087 0.350087 0.350087 0.350087 0.350087 0.350087 0.350087 0.350087 0.350087 0.350087 0.350087 0.350087 0.350087 0.000000 0.000000
0.000000 0.000000 0.349994 0.349994 0.349994 0.349994 0.349994 0.349994 0.349994 0.349994 0.349995 0.349994 0.349994 0.349994 0.349994 0.349994 0.349994 0.349994 0.349994 0.000000 0.000000
0.000000 0.000000 0.351306 0.351305 0.351303 0.351304 0.351306 0.351306 0.351306 0.351306 0.351307 0.351306 0.351306 0.351306 0.351306 0.351304 0.351303 0.351305 0.351306 0.000000 0.000000
0.000000 0.000000 0.355908 0.355908 0.355906 0.355906 0.355908 0.355907 0.355908 0.355909 0.355909 0.355909 0.355908 0.355907 0.355908 0.355906 0.355906 0.355908 0.355908 0.000000 0.000000
0.000000 0.000000 0.361499 0.361499 0.361497 0.361497 0.361499 0.361499 0.361499 0.361500 0.361500 0.361500 0.361499 0.361499 0.361499 0.361497 0.361497 0.361499 0.361499 0.000000 0.000000
0.000000 0.000000 0.366557 0.366556 0.366555 0.366555 0.366557 0.366556 0.366556 0.366557 0.366558 0.366557 0.366556 0.366556 0.366557 0.366555 0.366555 0.366556 0.366557 0.000000 0.000000
0.000000 0.000000 0.371128 0.371127 0.371126 0.371126 0.371128 0.371127 0.371127 0.371128 0.371128 0.371128 0.371127 0.371127 0.371128 0.371126 0.371126 0.371127 0.371128 0.000000 0.000000
0.000000 0.000000 0.375348 0.375348 0.375346 0.375347 0.375348 0.375347 0.375348 0.375348 0.375349 0.375348 0.375348 0.375347 0.375348 0.375347 0.375346 0.375348 0.375348 0.000000 0.000000
0.000000 0.000000 0.379319 0.379319 0.379318 0.379318 0.379319 0.379319 0.379319 0.379319 0.379320 0.379319 0.379319 0.379319 0.379319 0.379318 0.379318 0.379319 0.379319 0.000000 0.000000
0.000000 0.000000 0.383091 0.383091 0.383090 0.383090 0.383091 0.383091 0.383091 0.383092 0.383092 0.383092 0.383091 0.383091 0.383091 0.383090 0.383090 0.383091 0.383091 0.000000 0.000000
0.000000 0.000000 0.386701 0.386700 0.386699 0.386700 0.386701 0.386700 0.386700 0.386701 0.386701 0.386701 0.386700 0.386700 0.386701 0.386700 0.386699 0.386700 0.386701 0.000000 0.000000
0.000000 0.000000 0.390173 0.390173 0.390172 0.390172 0.390173 0.390173 0.390173 0.390173 0.390174 0.390173 0.390173 0.390173 0.390173 0.390172 0.390172 0.390173 0.390173 0.000000 0.000000
0.000000 0.000000 0.393539 0.393538 0.393537 0.393538 0.393539 0.393538 0.393538 0.393539 0.393539 0.393539 0.393538 0.393538 0.393539 0.393538 0.393537 0.393538 0.393539 0.000000 0.000000
0.000000 0.000000 0.396805 0.396804 0.396803 0.396804 0.396805 0.396804 0.396804 0.396805 0.396805 0.396805 0.396804 0.396804 0.396805 0.396804 0.396803 0.396804 0.396805 0.000000 0.000000
0.000000 0.000000 0.399977 0.399977 0.399976 0.399976 0.399977 0.399977 0.399977 0.399977 0.399978 0.399977 0.399977 0.399977 0.399977 0.399976 0.399976 0.399977 0.399977 0.000000 0.000000
0.000000 0.000000 0.403066 0.403066 0.403065 0.403065 0.403066 0.403066 0.403066 0.403066 0.403067 0.403066 0.403066 0.403066 0.403066 0.403065 0.403065 0.403066 0.403066 0.000000 0.000000
0.000000 0.000000 0.406136 0.406136 0.406135 0.406135 0.406136 0.406136 0.406136 0.406136 0.406137 0.406136 0.406136 0.406136 0.406136 0.406135 0.406135 0.406136 0.406136 0.000000 0.000000
0.000000 0.000000 0.350000 0.350000 0.350000 0.350000 0.350000 0.350000 0.350000 0.350000 0.350000 0.350000 0.350000 0.350000 0.350000 0.350000 0.350000 0.350000 0.350000 0.000000 0.000000
0.000000 0.000000 0.000000 0.000000 0.000000 0.000000 0.000000 0.000000 0.000000 0.000000 0.000000 0.000000 0.000000 0.000000 0.000000 0.000000 0.000000 0.000000 0.000000 0.000000 0.000000