geotop/1.0zi/1.0Montebello/Templates/testdem/maps/_Eocclay5362.asc
ncols         21
nrows         20
xllcorner     100.000000
yllcorner     100.000000
cellsize      50.000000
NODATA_value  -9999.0
0.000000 0.000000 0.000000 0.000000 0.000000 0.000000 0.000000 0.000000 0.000000 0.000000 0.000000 0.000000 0.000000 0.000000 0.000000 0.000000 0.000000 0.000000 0.000000 0.000000 0.000000
0.000000 0.000000 0.349759 0.349760 0.349760 0.349760 0.349760 0.349760 0.349760 0.349760 0.349760 0.349760 0.349760 0.349760 0.349760 0.349760 0.349760 0.349760 0.349760 0.000000 0.000000
0.000000 0.000000 0.349990 0.349990 0.349990 0.349990 0.349990 0.349990 0.349990 0.349990 0.349990 0.349989 0.349990 0.349990 0.349990 0.349990 0.349990 0.349990 0.349990 0.000000 0.000000
0.000000 0.000000 0.349989 0.349991 0.349988 0.349989 0.349991 0.349991 0.349991 0.349989 0.349991 0.349989 0.349989 0.349989 0.349991 0.349992 0.349990 0.349991 0.349990 0.000000 0.000000
0.000000 0.000000 0.350389 0.350389 0.350390 0.350385 0.350375 0.350371 0.350372 0.350375 0.350373 0.350374 0.350369 0.350369 0.350373 0.350371 0.350376 0.350378 0.350381 0.000000 0.000000
0.000000 0.000000 0.351828 0.351830 0.351825 0.351807 0.351803 0.351788 0.351787 0.351783 0.351787 0.351787 0.351791 0.351791 0.351793 0.351804 0.351809 0.351820 0.351824 0.000000 0.000000
0.000000 0.000000 0.353941 0.353940 0.353938 0.353923 0.353905 0.353880 0.353880 0.353877 0.353879 0.353881 0.353882 0.353880 0.353897 0.353916 0.353925 0.353933 0.353939 0.000000 0.000000
0.000000 0.000000 0.356506 0.356506 0.356505 0.356487 0.356469 0.356443 0.356443 0.356441 0.356441 0.356441 0.356439 0.356444 0.356462 0.356478 0.356492 0.356497 0.356505 0.000000 0.000000
0.000000 0.000000 0.359096 0.359094 0.359089 0.359079 0.359061 0.359036 0.359038 0.359033 0.359031 0.359033 0.359032 0.359030 0.359053 0.359071 0.359083 0.359086 0.359093 0.000000 0.000000
0.000000 0.000000 0.361707 0.361702 0.361701 0.361694 0.361668 0.361645 0.361646 0.361643 0.361640 0.361644 0.361647 0.361644 0.361663 0.361683 0.361697 0.361698 0.361703 0.000000 0.000000
0.000000 0.000000 0.364401 0.364399 0.364399 0.364381 0.364363 0.364337 0.364343 0.364331 0.364331 0.364333 0.364330 0.364336 0.364350 0.364363 0.364377 0.364385 0.364396 0.000000 0.000000
0.000000 0.000000 0.367208 0.367202 0.367196 0.367183 0.367168 0.367137 0.367139 0.367131 0.367139 0.367132 0.367133 0.367135 0.367161 0.367173 0.367183 0.367187 0.367216 0.000000 0.000000
0.000000 0.000000 0.370074 0.370068 0.370067 0.370052 0.370039 0.369979 0.369979 0.369973 0.369961 0.369969 0.369973 0.369978 0.370021 0.370031 0.370053 0.370055 0.370076 0.000000 0.000000
0.000000 0.000000 0.373157 0.373154 0.373147 0.373138 0.373082 0.373066 0.373052 0.373051 0.373046 0.373049 0.373050 0.373048 0.373055 0.373110 0.373129 0.373144 0.373165 0.000000 0.000000
0.000000 0.000000 0.376526 0.376523 0.376510 0.376454 0.376435 0.376402 0.376377 0.376374 0.376363 0.376358 0.376365 0.376359 0.376383 0.376411 0.376495 0.376489 0.376502 0.000000 0.000000
0.000000 0.000000 0.380064 0.380059 0.379988 0.379972 0.379967 0.379945 0.379957 0.379948 0.379953 0.379944 0.379937 0.379951 0.379963 0.379972 0.379973 0.380065 0.380068 0.000000 0.000000
0.000000 0.000000 0.384060 0.383964 0.383924 0.383895 0.383850 0.383826 0.383820 0.383817 0.383797 0.383793 0.383801 0.383799 0.383824 0.383858 0.383913 0.383945 0.384040 0.000000 0.000000
0.000000 0.000000 0.387076 0.387069 0.387151 0.387125 0.387090 0.386999 0.386996 0.386976 0.386986 0.386981 0.386988 0.386989 0.387073 0.387095 0.387163 0.387076 0.387090 0.000000 0.000000
0.000000 0.000000 0.350000 0.350000 0.350000 0.350000 0.350000 0.350000 0.350000 0.350000 0.350000 0.350000 0.350000 0.350000 0.350000 0.350000 0.350000 0.350000 0.350000 0.000000 0.000000
0.000000 0.000000 0.000000 0.000000 0.000000 0.000000 0.000000 0.000000 0.000000 0.000000 0.000000 0.000000 0.000000 0.000000 0.000000 0.000000 0.000000 0.000000 0.000000 0.000000 0.000000