geotop/1.0zi/1.0Montebello/Templates/testdem/maps/_Eocsilt2667.asc
ncols         21
nrows         20
xllcorner     100.000000
yllcorner     100.000000
cellsize      50.000000
NODATA_value  -9999.0
0.000000 0.000000 0.000000 0.000000 0.000000 0.000000 0.000000 0.000000 0.000000 0.000000 0.000000 0.000000 0.000000 0.000000 0.000000 0.000000 0.000000 0.000000 0.000000 0.000000 0.000000
0.000000 0.000000 0.350063 0.350063 0.350063 0.350063 0.350063 0.350063 0.350063 0.350063 0.350063 0.350063 0.350063 0.350063 0.350063 0.350063 0.350063 0.350063 0.350063 0.000000 0.000000
0.000000 0.000000 0.349998 0.349997 0.349998 0.349998 0.349998 0.349998 0.349998 0.349998 0.349998 0.349998 0.349998 0.349998 0.349998 0.349998 0.349998 0.349997 0.349998 0.000000 0.000000
0.000000 0.000000 0.350877 0.350876 0.350874 0.350875 0.350877 0.350877 0.350877 0.350877 0.350877 0.350877 0.350877 0.350877 0.350877 0.350875 0.350874 0.350876 0.350877 0.000000 0.000000
0.000000 0.000000 0.354311 0.354311 0.354309 0.354309 0.354312 0.354311 0.354311 0.354312 0.354312 0.354312 0.354311 0.354311 0.354312 0.354309 0.354309 0.354311 0.354311 0.000000 0.000000
0.000000 0.000000 0.358797 0.358796 0.358795 0.358795 0.358797 0.358797 0.358797 0.358798 0.358798 0.358798 0.358797 0.358797 0.358797 0.358795 0.358795 0.358796 0.358797 0.000000 0.000000
0.000000 0.000000 0.362913 0.362913 0.362911 0.362912 0.362913 0.362913 0.362913 0.362914 0.362914 0.362914 0.362913 0.362913 0.362913 0.362912 0.362911 0.362913 0.362913 0.000000 0.000000
0.000000 0.000000 0.366667 0.366666 0.366665 0.366665 0.366667 0.366666 0.366666 0.366667 0.366667 0.366667 0.366666 0.366666 0.366667 0.366665 0.366665 0.366666 0.366667 0.000000 0.000000
0.000000 0.000000 0.370158 0.370158 0.370157 0.370157 0.370158 0.370158 0.370158 0.370159 0.370159 0.370159 0.370158 0.370158 0.370158 0.370157 0.370157 0.370158 0.370158 0.000000 0.000000
0.000000 0.000000 0.373469 0.373468 0.373467 0.373467 0.373469 0.373468 0.373468 0.373469 0.373469 0.373469 0.373468 0.373468 0.373469 0.373467 0.373467 0.373468 0.373469 0.000000 0.000000
0.000000 0.000000 0.376638 0.376638 0.376637 0.376637 0.376639 0.376638 0.376638 0.376639 0.376639 0.376639 0.376638 0.376638 0.376639 0.376637 0.376637 0.376638 0.376638 0.000000 0.000000
0.000000 0.000000 0.379697 0.379697 0.379696 0.379696 0.379698 0.379697 0.379697 0.379698 0.379698 0.379698 0.379697 0.379697 0.379698 0.379696 0.379696 0.379697 0.379697 0.000000 0.000000
0.000000 0.000000 0.382668 0.382667 0.382666 0.382667 0.382668 0.382667 0.382667 0.382668 0.382668 0.382668 0.382667 0.382667 0.382668 0.382667 0.382666 0.382667 0.382668 0.000000 0.000000
0.000000 0.000000 0.385564 0.385564 0.385563 0.385563 0.385564 0.385564 0.385564 0.385564 0.385565 0.385564 0.385564 0.385564 0.385564 0.385563 0.385563 0.385564 0.385564 0.000000 0.000000
0.000000 0.000000 0.388396 0.388395 0.388394 0.388395 0.388396 0.388395 0.388396 0.388396 0.388396 0.388396 0.388396 0.388395 0.388396 0.388395 0.388394 0.388395 0.388396 0.000000 0.000000
0.000000 0.000000 0.391169 0.391168 0.391167 0.391168 0.391169 0.391168 0.391168 0.391169 0.391169 0.391169 0.391168 0.391168 0.391169 0.391168 0.391167 0.391168 0.391169 0.000000 0.000000
0.000000 0.000000 0.393885 0.393885 0.393884 0.393885 0.393886 0.393885 0.393885 0.393886 0.393886 0.393886 0.393885 0.393885 0.393886 0.393885 0.393884 0.393885 0.393885 0.000000 0.000000
0.000000 0.000000 0.396582 0.396582 0.396581 0.396581 0.396582 0.396582 0.396582 0.396582 0.396583 0.396582 0.396582 0.396582 0.396582 0.396581 0.396581 0.396582 0.396582 0.000000 0.000000
0.000000 0.000000 0.350000 0.350000 0.350000 0.350000 0.350000 0.350000 0.350000 0.350000 0.350000 0.350000 0.350000 0.350000 0.350000 0.350000 0.350000 0.350000 0.350000 0.000000 0.000000
0.000000 0.000000 0.000000 0.000000 0.000000 0.000000 0.000000 0.000000 0.000000 0.000000 0.000000 0.000000 0.000000 0.000000 0.000000 0.000000 0.000000 0.000000 0.000000 0.000000 0.000000