geotop/1.0zi/1.0Montebello/Templates/testdem/maps/_Eocclay3412.asc
ncols         21
nrows         20
xllcorner     100.000000
yllcorner     100.000000
cellsize      50.000000
NODATA_value  -9999.0
0.000000 0.000000 0.000000 0.000000 0.000000 0.000000 0.000000 0.000000 0.000000 0.000000 0.000000 0.000000 0.000000 0.000000 0.000000 0.000000 0.000000 0.000000 0.000000 0.000000 0.000000
0.000000 0.000000 0.349818 0.349818 0.349818 0.349817 0.349818 0.349818 0.349818 0.349818 0.349817 0.349818 0.349818 0.349818 0.349818 0.349817 0.349818 0.349818 0.349818 0.000000 0.000000
0.000000 0.000000 0.349996 0.349996 0.349995 0.349996 0.349996 0.349996 0.349996 0.349996 0.349996 0.349996 0.349996 0.349996 0.349996 0.349996 0.349995 0.349996 0.349996 0.000000 0.000000
0.000000 0.000000 0.351302 0.351302 0.351299 0.351300 0.351301 0.351301 0.351301 0.351301 0.351302 0.351301 0.351301 0.351301 0.351301 0.351300 0.351299 0.351302 0.351302 0.000000 0.000000
0.000000 0.000000 0.356591 0.356590 0.356588 0.356588 0.356592 0.356591 0.356591 0.356592 0.356592 0.356592 0.356591 0.356591 0.356592 0.356588 0.356588 0.356590 0.356591 0.000000 0.000000
0.000000 0.000000 0.362428 0.362427 0.362426 0.362426 0.362429 0.362428 0.362428 0.362428 0.362429 0.362428 0.362428 0.362428 0.362429 0.362426 0.362426 0.362427 0.362428 0.000000 0.000000
0.000000 0.000000 0.367891 0.367891 0.367890 0.367890 0.367892 0.367891 0.367891 0.367892 0.367892 0.367892 0.367891 0.367891 0.367892 0.367890 0.367890 0.367891 0.367891 0.000000 0.000000
0.000000 0.000000 0.372860 0.372859 0.372858 0.372858 0.372860 0.372859 0.372859 0.372860 0.372861 0.372860 0.372859 0.372859 0.372860 0.372858 0.372858 0.372859 0.372860 0.000000 0.000000
0.000000 0.000000 0.377449 0.377448 0.377447 0.377447 0.377449 0.377448 0.377448 0.377449 0.377449 0.377449 0.377448 0.377448 0.377449 0.377447 0.377447 0.377448 0.377449 0.000000 0.000000
0.000000 0.000000 0.381765 0.381765 0.381763 0.381764 0.381765 0.381765 0.381765 0.381765 0.381766 0.381765 0.381765 0.381765 0.381765 0.381764 0.381763 0.381765 0.381765 0.000000 0.000000
0.000000 0.000000 0.385864 0.385864 0.385862 0.385863 0.385864 0.385864 0.385864 0.385864 0.385865 0.385864 0.385864 0.385864 0.385864 0.385863 0.385862 0.385864 0.385864 0.000000 0.000000
0.000000 0.000000 0.389784 0.389784 0.389783 0.389783 0.389785 0.389784 0.389784 0.389785 0.389785 0.389785 0.389784 0.389784 0.389785 0.389783 0.389783 0.389784 0.389784 0.000000 0.000000
0.000000 0.000000 0.393556 0.393556 0.393555 0.393555 0.393557 0.393556 0.393556 0.393557 0.393557 0.393557 0.393556 0.393556 0.393557 0.393555 0.393555 0.393556 0.393556 0.000000 0.000000
0.000000 0.000000 0.397209 0.397209 0.397208 0.397208 0.397209 0.397209 0.397209 0.397209 0.397210 0.397209 0.397209 0.397209 0.397209 0.397208 0.397208 0.397209 0.397209 0.000000 0.000000
0.000000 0.000000 0.400753 0.400753 0.400751 0.400752 0.400753 0.400753 0.400753 0.400753 0.400753 0.400753 0.400753 0.400753 0.400753 0.400752 0.400751 0.400753 0.400753 0.000000 0.000000
0.000000 0.000000 0.404193 0.404193 0.404192 0.404192 0.404193 0.404193 0.404193 0.404193 0.404194 0.404193 0.404193 0.404193 0.404193 0.404192 0.404192 0.404193 0.404193 0.000000 0.000000
0.000000 0.000000 0.407542 0.407542 0.407541 0.407541 0.407542 0.407542 0.407542 0.407542 0.407543 0.407542 0.407542 0.407542 0.407542 0.407541 0.407541 0.407542 0.407542 0.000000 0.000000
0.000000 0.000000 0.410861 0.410861 0.410860 0.410860 0.410862 0.410861 0.410861 0.410862 0.410862 0.410862 0.410861 0.410861 0.410862 0.410860 0.410860 0.410861 0.410861 0.000000 0.000000
0.000000 0.000000 0.350000 0.350000 0.350000 0.350000 0.350000 0.350000 0.350000 0.350000 0.350000 0.350000 0.350000 0.350000 0.350000 0.350000 0.350000 0.350000 0.350000 0.000000 0.000000
0.000000 0.000000 0.000000 0.000000 0.000000 0.000000 0.000000 0.000000 0.000000 0.000000 0.000000 0.000000 0.000000 0.000000 0.000000 0.000000 0.000000 0.000000 0.000000 0.000000 0.000000