geotop/1.0zi/1.0Montebello/Templates/testdem/maps/_Eocsilt3737.asc
ncols         21
nrows         20
xllcorner     100.000000
yllcorner     100.000000
cellsize      50.000000
NODATA_value  -9999.0
0.000000 0.000000 0.000000 0.000000 0.000000 0.000000 0.000000 0.000000 0.000000 0.000000 0.000000 0.000000 0.000000 0.000000 0.000000 0.000000 0.000000 0.000000 0.000000 0.000000 0.000000
0.000000 0.000000 0.350077 0.350077 0.350077 0.350077 0.350077 0.350077 0.350077 0.350077 0.350077 0.350077 0.350077 0.350077 0.350077 0.350077 0.350077 0.350077 0.350077 0.000000 0.000000
0.000000 0.000000 0.350001 0.350002 0.350002 0.350002 0.350003 0.350003 0.350003 0.350003 0.350003 0.350003 0.350003 0.350003 0.350002 0.350002 0.350001 0.350001 0.350001 0.000000 0.000000
0.000000 0.000000 0.350033 0.350031 0.350032 0.350028 0.350029 0.350026 0.350028 0.350029 0.350028 0.350028 0.350029 0.350027 0.350028 0.350031 0.350032 0.350033 0.350032 0.000000 0.000000
0.000000 0.000000 0.350367 0.350372 0.350369 0.350371 0.350369 0.350368 0.350366 0.350364 0.350364 0.350365 0.350367 0.350366 0.350366 0.350365 0.350364 0.350369 0.350371 0.000000 0.000000
0.000000 0.000000 0.351407 0.351409 0.351405 0.351398 0.351392 0.351378 0.351378 0.351374 0.351377 0.351379 0.351380 0.351382 0.351388 0.351393 0.351395 0.351394 0.351395 0.000000 0.000000
0.000000 0.000000 0.352920 0.352923 0.352920 0.352906 0.352889 0.352873 0.352874 0.352871 0.352875 0.352874 0.352876 0.352881 0.352895 0.352906 0.352908 0.352911 0.352916 0.000000 0.000000
0.000000 0.000000 0.354672 0.354671 0.354665 0.354650 0.354631 0.354613 0.354614 0.354610 0.354611 0.354611 0.354613 0.354618 0.354638 0.354652 0.354660 0.354660 0.354664 0.000000 0.000000
0.000000 0.000000 0.356427 0.356425 0.356417 0.356405 0.356387 0.356365 0.356366 0.356362 0.356363 0.356364 0.356366 0.356372 0.356390 0.356405 0.356411 0.356414 0.356421 0.000000 0.000000
0.000000 0.000000 0.358166 0.358165 0.358159 0.358146 0.358125 0.358106 0.358108 0.358105 0.358106 0.358107 0.358108 0.358112 0.358132 0.358148 0.358153 0.358154 0.358159 0.000000 0.000000
0.000000 0.000000 0.359907 0.359905 0.359899 0.359888 0.359872 0.359849 0.359851 0.359846 0.359847 0.359848 0.359850 0.359854 0.359872 0.359882 0.359890 0.359892 0.359898 0.000000 0.000000
0.000000 0.000000 0.361693 0.361692 0.361684 0.361670 0.361652 0.361630 0.361630 0.361627 0.361628 0.361627 0.361631 0.361634 0.361657 0.361670 0.361676 0.361678 0.361698 0.000000 0.000000
0.000000 0.000000 0.363488 0.363486 0.363479 0.363467 0.363447 0.363407 0.363407 0.363403 0.363403 0.363404 0.363406 0.363411 0.363446 0.363462 0.363468 0.363470 0.363483 0.000000 0.000000
0.000000 0.000000 0.365370 0.365365 0.365359 0.365347 0.365305 0.365291 0.365285 0.365282 0.365283 0.365283 0.365285 0.365290 0.365304 0.365340 0.365346 0.365353 0.365360 0.000000 0.000000
0.000000 0.000000 0.367379 0.367376 0.367362 0.367328 0.367304 0.367278 0.367265 0.367261 0.367256 0.367256 0.367262 0.367263 0.367284 0.367310 0.367347 0.367344 0.367350 0.000000 0.000000
0.000000 0.000000 0.369431 0.369427 0.369387 0.369377 0.369359 0.369344 0.369340 0.369339 0.369341 0.369340 0.369340 0.369351 0.369361 0.369372 0.369373 0.369410 0.369420 0.000000 0.000000
0.000000 0.000000 0.371684 0.371640 0.371602 0.371585 0.371554 0.371537 0.371533 0.371531 0.371526 0.371527 0.371531 0.371533 0.371546 0.371574 0.371590 0.371612 0.371657 0.000000 0.000000
0.000000 0.000000 0.373482 0.373470 0.373493 0.373471 0.373441 0.373391 0.373386 0.373381 0.373382 0.373382 0.373384 0.373392 0.373436 0.373463 0.373491 0.373449 0.373472 0.000000 0.000000
0.000000 0.000000 0.350000 0.350000 0.350000 0.350000 0.350000 0.350000 0.350000 0.350000 0.350000 0.350000 0.350000 0.350000 0.350000 0.350000 0.350000 0.350000 0.350000 0.000000 0.000000
0.000000 0.000000 0.000000 0.000000 0.000000 0.000000 0.000000 0.000000 0.000000 0.000000 0.000000 0.000000 0.000000 0.000000 0.000000 0.000000 0.000000 0.000000 0.000000 0.000000 0.000000