geotop/1.0zi/1.0Montebello/Templates/testdem/maps/_Eocsilt6810.asc
ncols         21
nrows         20
xllcorner     100.000000
yllcorner     100.000000
cellsize      50.000000
NODATA_value  -9999.0
0.000000 0.000000 0.000000 0.000000 0.000000 0.000000 0.000000 0.000000 0.000000 0.000000 0.000000 0.000000 0.000000 0.000000 0.000000 0.000000 0.000000 0.000000 0.000000 0.000000 0.000000
0.000000 0.000000 0.350136 0.350137 0.350137 0.350137 0.350137 0.350137 0.350137 0.350137 0.350137 0.350137 0.350137 0.350137 0.350137 0.350137 0.350137 0.350137 0.350136 0.000000 0.000000
0.000000 0.000000 0.350003 0.350002 0.350003 0.350003 0.350003 0.350003 0.350003 0.350003 0.350003 0.350003 0.350004 0.350004 0.350003 0.350003 0.350001 0.350001 0.350002 0.000000 0.000000
0.000000 0.000000 0.350058 0.350054 0.350053 0.350048 0.350049 0.350047 0.350049 0.350049 0.350047 0.350048 0.350048 0.350048 0.350050 0.350053 0.350056 0.350057 0.350057 0.000000 0.000000
0.000000 0.000000 0.350696 0.350702 0.350698 0.350691 0.350687 0.350680 0.350679 0.350676 0.350677 0.350679 0.350680 0.350680 0.350690 0.350694 0.350693 0.350700 0.350705 0.000000 0.000000
0.000000 0.000000 0.352605 0.352607 0.352598 0.352585 0.352571 0.352553 0.352552 0.352547 0.352551 0.352553 0.352554 0.352552 0.352560 0.352569 0.352578 0.352583 0.352589 0.000000 0.000000
0.000000 0.000000 0.355478 0.355475 0.355466 0.355444 0.355419 0.355392 0.355393 0.355390 0.355392 0.355391 0.355388 0.355392 0.355413 0.355436 0.355449 0.355461 0.355469 0.000000 0.000000
0.000000 0.000000 0.358949 0.358949 0.358945 0.358923 0.358898 0.358868 0.358869 0.358865 0.358864 0.358863 0.358861 0.358865 0.358890 0.358914 0.358934 0.358938 0.358950 0.000000 0.000000
0.000000 0.000000 0.362620 0.362613 0.362601 0.362587 0.362562 0.362528 0.362530 0.362522 0.362520 0.362520 0.362521 0.362519 0.362552 0.362580 0.362595 0.362603 0.362613 0.000000 0.000000
0.000000 0.000000 0.366373 0.366366 0.366360 0.366348 0.366313 0.366283 0.366284 0.366280 0.366275 0.366279 0.366283 0.366280 0.366306 0.366337 0.366355 0.366359 0.366367 0.000000 0.000000
0.000000 0.000000 0.370296 0.370292 0.370286 0.370258 0.370235 0.370201 0.370209 0.370191 0.370193 0.370193 0.370187 0.370198 0.370220 0.370240 0.370261 0.370272 0.370289 0.000000 0.000000
0.000000 0.000000 0.374501 0.374490 0.374478 0.374458 0.374435 0.374393 0.374393 0.374385 0.374395 0.374384 0.374386 0.374389 0.374429 0.374450 0.374465 0.374472 0.374512 0.000000 0.000000
0.000000 0.000000 0.378897 0.378886 0.378880 0.378858 0.378836 0.378744 0.378743 0.378736 0.378715 0.378725 0.378732 0.378739 0.378809 0.378830 0.378865 0.378868 0.378894 0.000000 0.000000
0.000000 0.000000 0.383797 0.383791 0.383775 0.383758 0.383659 0.383645 0.383623 0.383622 0.383621 0.383621 0.383619 0.383616 0.383620 0.383725 0.383750 0.383776 0.383805 0.000000 0.000000
0.000000 0.000000 0.389327 0.389320 0.389296 0.389183 0.389163 0.389107 0.389072 0.389065 0.389047 0.389032 0.389045 0.389039 0.389089 0.389122 0.389276 0.389260 0.389274 0.000000 0.000000
0.000000 0.000000 0.395301 0.395292 0.395136 0.395132 0.395125 0.395094 0.395136 0.395115 0.395137 0.395121 0.395101 0.395137 0.395154 0.395166 0.395119 0.395322 0.395324 0.000000 0.000000
0.000000 0.000000 0.402420 0.402193 0.402161 0.402093 0.401982 0.401941 0.401907 0.401911 0.401857 0.401856 0.401883 0.401863 0.401921 0.402007 0.402149 0.402134 0.402368 0.000000 0.000000
0.000000 0.000000 0.406916 0.407007 0.407221 0.407182 0.407135 0.406932 0.406936 0.406886 0.406941 0.406926 0.406931 0.406944 0.407127 0.407165 0.407257 0.407050 0.406970 0.000000 0.000000
0.000000 0.000000 0.350000 0.350000 0.350000 0.350000 0.350000 0.350000 0.350000 0.350000 0.350000 0.350000 0.350000 0.350000 0.350000 0.350000 0.350000 0.350000 0.350000 0.000000 0.000000
0.000000 0.000000 0.000000 0.000000 0.000000 0.000000 0.000000 0.000000 0.000000 0.000000 0.000000 0.000000 0.000000 0.000000 0.000000 0.000000 0.000000 0.000000 0.000000 0.000000 0.000000