geotop/1.0zi/1.0Montebello/Templates/testdem/maps/_Eocsilt2339.asc
ncols         21
nrows         20
xllcorner     100.000000
yllcorner     100.000000
cellsize      50.000000
NODATA_value  -9999.0
0.000000 0.000000 0.000000 0.000000 0.000000 0.000000 0.000000 0.000000 0.000000 0.000000 0.000000 0.000000 0.000000 0.000000 0.000000 0.000000 0.000000 0.000000 0.000000 0.000000 0.000000
0.000000 0.000000 0.350056 0.350056 0.350056 0.350056 0.350056 0.350056 0.350056 0.350056 0.350056 0.350056 0.350056 0.350056 0.350056 0.350056 0.350056 0.350056 0.350056 0.000000 0.000000
0.000000 0.000000 0.349998 0.349998 0.349998 0.349998 0.349998 0.349998 0.349998 0.349998 0.349998 0.349998 0.349998 0.349998 0.349998 0.349998 0.349998 0.349998 0.349998 0.000000 0.000000
0.000000 0.000000 0.350765 0.350765 0.350762 0.350763 0.350766 0.350765 0.350765 0.350765 0.350766 0.350765 0.350765 0.350765 0.350766 0.350763 0.350762 0.350765 0.350765 0.000000 0.000000
0.000000 0.000000 0.353771 0.353770 0.353768 0.353769 0.353771 0.353770 0.353771 0.353772 0.353772 0.353772 0.353771 0.353770 0.353771 0.353769 0.353768 0.353770 0.353771 0.000000 0.000000
0.000000 0.000000 0.357705 0.357704 0.357703 0.357703 0.357706 0.357705 0.357705 0.357706 0.357706 0.357706 0.357705 0.357705 0.357706 0.357703 0.357703 0.357704 0.357705 0.000000 0.000000
0.000000 0.000000 0.361312 0.361312 0.361310 0.361311 0.361313 0.361312 0.361312 0.361313 0.361313 0.361313 0.361312 0.361312 0.361313 0.361311 0.361310 0.361312 0.361312 0.000000 0.000000
0.000000 0.000000 0.364608 0.364608 0.364606 0.364607 0.364608 0.364608 0.364608 0.364609 0.364609 0.364609 0.364608 0.364608 0.364608 0.364607 0.364606 0.364608 0.364608 0.000000 0.000000
0.000000 0.000000 0.367683 0.367682 0.367681 0.367681 0.367683 0.367682 0.367682 0.367683 0.367683 0.367683 0.367682 0.367682 0.367683 0.367681 0.367681 0.367682 0.367683 0.000000 0.000000
0.000000 0.000000 0.370610 0.370609 0.370608 0.370609 0.370610 0.370609 0.370609 0.370610 0.370610 0.370610 0.370609 0.370609 0.370610 0.370609 0.370608 0.370609 0.370610 0.000000 0.000000
0.000000 0.000000 0.373423 0.373422 0.373421 0.373422 0.373423 0.373422 0.373422 0.373423 0.373423 0.373423 0.373422 0.373422 0.373423 0.373422 0.373421 0.373422 0.373423 0.000000 0.000000
0.000000 0.000000 0.376145 0.376145 0.376143 0.376144 0.376145 0.376145 0.376145 0.376145 0.376145 0.376145 0.376145 0.376145 0.376145 0.376144 0.376143 0.376145 0.376145 0.000000 0.000000
0.000000 0.000000 0.378798 0.378797 0.378796 0.378797 0.378798 0.378797 0.378797 0.378798 0.378798 0.378798 0.378797 0.378797 0.378798 0.378797 0.378796 0.378797 0.378798 0.000000 0.000000
0.000000 0.000000 0.381391 0.381391 0.381390 0.381390 0.381391 0.381391 0.381391 0.381391 0.381392 0.381391 0.381391 0.381391 0.381391 0.381390 0.381390 0.381391 0.381391 0.000000 0.000000
0.000000 0.000000 0.383935 0.383935 0.383934 0.383934 0.383935 0.383935 0.383935 0.383935 0.383936 0.383935 0.383935 0.383935 0.383935 0.383934 0.383934 0.383935 0.383935 0.000000 0.000000
0.000000 0.000000 0.386433 0.386432 0.386431 0.386432 0.386433 0.386432 0.386432 0.386433 0.386433 0.386433 0.386432 0.386432 0.386433 0.386432 0.386431 0.386432 0.386433 0.000000 0.000000
0.000000 0.000000 0.388887 0.388886 0.388885 0.388886 0.388887 0.388886 0.388886 0.388887 0.388887 0.388887 0.388886 0.388886 0.388887 0.388886 0.388885 0.388886 0.388887 0.000000 0.000000
0.000000 0.000000 0.391331 0.391331 0.391330 0.391330 0.391332 0.391331 0.391331 0.391332 0.391332 0.391332 0.391331 0.391331 0.391332 0.391330 0.391330 0.391331 0.391331 0.000000 0.000000
0.000000 0.000000 0.350000 0.350000 0.350000 0.350000 0.350000 0.350000 0.350000 0.350000 0.350000 0.350000 0.350000 0.350000 0.350000 0.350000 0.350000 0.350000 0.350000 0.000000 0.000000
0.000000 0.000000 0.000000 0.000000 0.000000 0.000000 0.000000 0.000000 0.000000 0.000000 0.000000 0.000000 0.000000 0.000000 0.000000 0.000000 0.000000 0.000000 0.000000 0.000000 0.000000