geotop/1.0zi/1.0Montebello/Templates/testdem/maps/_Eocsand5902.asc
ncols         21
nrows         20
xllcorner     100.000000
yllcorner     100.000000
cellsize      50.000000
NODATA_value  -9999.0
0.000000 0.000000 0.000000 0.000000 0.000000 0.000000 0.000000 0.000000 0.000000 0.000000 0.000000 0.000000 0.000000 0.000000 0.000000 0.000000 0.000000 0.000000 0.000000 0.000000 0.000000
0.000000 0.000000 0.300146 0.300146 0.300145 0.300145 0.300145 0.300145 0.300145 0.300145 0.300145 0.300145 0.300145 0.300145 0.300145 0.300145 0.300145 0.300146 0.300146 0.000000 0.000000
0.000000 0.000000 0.300009 0.300008 0.300008 0.300008 0.300008 0.300008 0.300008 0.300008 0.300008 0.300008 0.300007 0.300007 0.300008 0.300008 0.300009 0.300010 0.300009 0.000000 0.000000
0.000000 0.000000 0.299969 0.299968 0.299971 0.299975 0.299972 0.299974 0.299972 0.299973 0.299972 0.299974 0.299974 0.299975 0.299971 0.299966 0.299967 0.299964 0.299966 0.000000 0.000000
0.000000 0.000000 0.298976 0.298974 0.298976 0.298985 0.298999 0.299007 0.299007 0.299008 0.299011 0.299010 0.299012 0.299010 0.299000 0.298998 0.298994 0.298982 0.298975 0.000000 0.000000
0.000000 0.000000 0.295779 0.295776 0.295788 0.295822 0.295840 0.295874 0.295875 0.295884 0.295877 0.295874 0.295870 0.295874 0.295862 0.295842 0.295826 0.295810 0.295801 0.000000 0.000000
0.000000 0.000000 0.290996 0.291001 0.291011 0.291047 0.291089 0.291140 0.291139 0.291146 0.291142 0.291140 0.291142 0.291140 0.291103 0.291062 0.291044 0.291025 0.291011 0.000000 0.000000
0.000000 0.000000 0.285176 0.285176 0.285180 0.285219 0.285261 0.285316 0.285315 0.285321 0.285321 0.285322 0.285325 0.285318 0.285275 0.285236 0.285205 0.285196 0.285178 0.000000 0.000000
0.000000 0.000000 0.279153 0.279161 0.279177 0.279201 0.279242 0.279301 0.279298 0.279309 0.279313 0.279311 0.279311 0.279315 0.279261 0.279218 0.279190 0.279181 0.279164 0.000000 0.000000
0.000000 0.000000 0.273066 0.273077 0.273084 0.273101 0.273160 0.273212 0.273208 0.273215 0.273223 0.273215 0.273208 0.273214 0.273171 0.273122 0.273093 0.273088 0.273076 0.000000 0.000000
0.000000 0.000000 0.266765 0.266772 0.266775 0.266819 0.266859 0.266918 0.266905 0.266933 0.266932 0.266930 0.266937 0.266922 0.266887 0.266855 0.266823 0.266804 0.266779 0.000000 0.000000
0.000000 0.000000 0.260131 0.260146 0.260165 0.260195 0.260231 0.260301 0.260298 0.260315 0.260297 0.260315 0.260311 0.260306 0.260243 0.260213 0.260190 0.260180 0.260115 0.000000 0.000000
0.000000 0.000000 0.253298 0.253311 0.253318 0.253353 0.253386 0.253529 0.253530 0.253542 0.253572 0.253555 0.253545 0.253534 0.253429 0.253400 0.253349 0.253344 0.253297 0.000000 0.000000
0.000000 0.000000 0.245847 0.245856 0.245877 0.245900 0.246041 0.246075 0.246107 0.246108 0.246118 0.246114 0.246113 0.246118 0.246101 0.245960 0.245917 0.245881 0.245834 0.000000 0.000000
0.000000 0.000000 0.237611 0.237622 0.237655 0.237803 0.237846 0.237930 0.237984 0.237993 0.238020 0.238036 0.238019 0.238031 0.237967 0.237901 0.237691 0.237709 0.237681 0.000000 0.000000
0.000000 0.000000 0.228867 0.228878 0.229074 0.229104 0.229115 0.229167 0.229126 0.229150 0.229132 0.229153 0.229176 0.229137 0.229105 0.229085 0.229107 0.228857 0.228851 0.000000 0.000000
0.000000 0.000000 0.218794 0.219063 0.219149 0.219227 0.219354 0.219418 0.219442 0.219445 0.219503 0.219510 0.219484 0.219497 0.219423 0.219326 0.219171 0.219125 0.218853 0.000000 0.000000
0.000000 0.000000 0.211564 0.211538 0.211298 0.211361 0.211456 0.211704 0.211708 0.211764 0.211723 0.211738 0.211723 0.211716 0.211489 0.211419 0.211261 0.211510 0.211521 0.000000 0.000000
0.000000 0.000000 0.300000 0.300000 0.300000 0.300000 0.300000 0.300000 0.300000 0.300000 0.300000 0.300000 0.300000 0.300000 0.300000 0.300000 0.300000 0.300000 0.300000 0.000000 0.000000
0.000000 0.000000 0.000000 0.000000 0.000000 0.000000 0.000000 0.000000 0.000000 0.000000 0.000000 0.000000 0.000000 0.000000 0.000000 0.000000 0.000000 0.000000 0.000000 0.000000 0.000000