geotop/1.0zi/1.0Montebello/Templates/testdem/maps/_Eocsand9038.asc
ncols         21
nrows         20
xllcorner     100.000000
yllcorner     100.000000
cellsize      50.000000
NODATA_value  -9999.0
0.000000 0.000000 0.000000 0.000000 0.000000 0.000000 0.000000 0.000000 0.000000 0.000000 0.000000 0.000000 0.000000 0.000000 0.000000 0.000000 0.000000 0.000000 0.000000 0.000000 0.000000
0.000000 0.000000 0.300227 0.300224 0.300224 0.300225 0.300224 0.300224 0.300224 0.300224 0.300225 0.300224 0.300224 0.300224 0.300224 0.300224 0.300226 0.300225 0.300225 0.000000 0.000000
0.000000 0.000000 0.300012 0.300014 0.300014 0.300012 0.300013 0.300014 0.300013 0.300013 0.300013 0.300013 0.300012 0.300013 0.300013 0.300013 0.300014 0.300014 0.300015 0.000000 0.000000
0.000000 0.000000 0.299856 0.299856 0.299862 0.299870 0.299869 0.299873 0.299867 0.299868 0.299869 0.299868 0.299867 0.299869 0.299864 0.299858 0.299855 0.299856 0.299855 0.000000 0.000000
0.000000 0.000000 0.297526 0.297529 0.297544 0.297571 0.297597 0.297601 0.297604 0.297606 0.297607 0.297603 0.297601 0.297600 0.297578 0.297567 0.297554 0.297550 0.297538 0.000000 0.000000
0.000000 0.000000 0.290929 0.290941 0.290973 0.291024 0.291075 0.291121 0.291119 0.291132 0.291124 0.291124 0.291115 0.291119 0.291090 0.291047 0.291024 0.291012 0.290998 0.000000 0.000000
0.000000 0.000000 0.281816 0.281837 0.281862 0.281923 0.281995 0.282090 0.282085 0.282094 0.282095 0.282094 0.282097 0.282091 0.282012 0.281953 0.281918 0.281897 0.281881 0.000000 0.000000
0.000000 0.000000 0.271012 0.271035 0.271056 0.271128 0.271200 0.271288 0.271285 0.271296 0.271298 0.271304 0.271309 0.271291 0.271217 0.271154 0.271096 0.271090 0.271062 0.000000 0.000000
0.000000 0.000000 0.259303 0.259334 0.259371 0.259422 0.259505 0.259605 0.259595 0.259616 0.259624 0.259628 0.259625 0.259628 0.259526 0.259450 0.259407 0.259396 0.259369 0.000000 0.000000
0.000000 0.000000 0.246633 0.246672 0.246696 0.246749 0.246866 0.246955 0.246951 0.246965 0.246980 0.246971 0.246959 0.246963 0.246881 0.246785 0.246734 0.246723 0.246709 0.000000 0.000000
0.000000 0.000000 0.232549 0.232577 0.232604 0.232723 0.232799 0.232914 0.232883 0.232952 0.232939 0.232948 0.232971 0.232931 0.232843 0.232786 0.232714 0.232692 0.232635 0.000000 0.000000
0.000000 0.000000 0.216507 0.216562 0.216629 0.216693 0.216798 0.216938 0.216940 0.216949 0.216922 0.216975 0.216952 0.216953 0.216801 0.216718 0.216682 0.216668 0.216542 0.000000 0.000000
0.000000 0.000000 0.198748 0.198811 0.198825 0.198951 0.199036 0.199448 0.199449 0.199470 0.199596 0.199522 0.199508 0.199469 0.199150 0.199074 0.198925 0.198929 0.198879 0.000000 0.000000
0.000000 0.000000 0.177204 0.177230 0.177340 0.177421 0.177992 0.177866 0.177974 0.177971 0.177913 0.177970 0.177982 0.178030 0.178139 0.177532 0.177486 0.177356 0.177259 0.000000 0.000000
0.000000 0.000000 0.151596 0.151678 0.151803 0.152553 0.152368 0.152765 0.152897 0.152937 0.153083 0.153156 0.153073 0.153078 0.152696 0.152851 0.151875 0.152097 0.152106 0.000000 0.000000
0.000000 0.000000 0.124735 0.124799 0.125835 0.125405 0.125541 0.125547 0.125108 0.125231 0.125002 0.125055 0.125241 0.124989 0.125055 0.124939 0.125946 0.124425 0.124450 0.000000 0.000000
0.000000 0.000000 0.094847 0.096171 0.095727 0.096315 0.096972 0.097170 0.097607 0.097502 0.097943 0.097891 0.097635 0.097906 0.097548 0.097064 0.095790 0.096796 0.095433 0.000000 0.000000
0.000000 0.000000 0.086537 0.085536 0.084647 0.084674 0.084631 0.085509 0.085348 0.085608 0.085179 0.085267 0.085334 0.085192 0.084468 0.084495 0.084511 0.085218 0.086219 0.000000 0.000000
0.000000 0.000000 0.300000 0.300000 0.300000 0.300000 0.300000 0.300000 0.300000 0.300000 0.300000 0.300000 0.300000 0.300000 0.300000 0.300000 0.300000 0.300000 0.300000 0.000000 0.000000
0.000000 0.000000 0.000000 0.000000 0.000000 0.000000 0.000000 0.000000 0.000000 0.000000 0.000000 0.000000 0.000000 0.000000 0.000000 0.000000 0.000000 0.000000 0.000000 0.000000 0.000000