geotop/1.0zi/1.0Montebello/Templates/testdem/maps/_Eocclay4490.asc
ncols         21
nrows         20
xllcorner     100.000000
yllcorner     100.000000
cellsize      50.000000
NODATA_value  -9999.0
0.000000 0.000000 0.000000 0.000000 0.000000 0.000000 0.000000 0.000000 0.000000 0.000000 0.000000 0.000000 0.000000 0.000000 0.000000 0.000000 0.000000 0.000000 0.000000 0.000000 0.000000
0.000000 0.000000 0.349802 0.349803 0.349803 0.349803 0.349803 0.349803 0.349803 0.349803 0.349803 0.349803 0.349803 0.349803 0.349803 0.349803 0.349802 0.349803 0.349802 0.000000 0.000000
0.000000 0.000000 0.349993 0.349993 0.349993 0.349993 0.349993 0.349993 0.349993 0.349993 0.349993 0.349993 0.349993 0.349993 0.349993 0.349993 0.349993 0.349993 0.349993 0.000000 0.000000
0.000000 0.000000 0.349994 0.349996 0.349994 0.349995 0.349996 0.349996 0.349996 0.349995 0.349996 0.349995 0.349995 0.349994 0.349997 0.349998 0.349996 0.349997 0.349996 0.000000 0.000000
0.000000 0.000000 0.350337 0.350339 0.350338 0.350331 0.350323 0.350321 0.350322 0.350321 0.350320 0.350322 0.350319 0.350320 0.350325 0.350327 0.350330 0.350332 0.350335 0.000000 0.000000
0.000000 0.000000 0.351587 0.351588 0.351584 0.351570 0.351567 0.351553 0.351552 0.351547 0.351552 0.351552 0.351556 0.351557 0.351557 0.351564 0.351571 0.351578 0.351582 0.000000 0.000000
0.000000 0.000000 0.353452 0.353448 0.353446 0.353434 0.353420 0.353399 0.353399 0.353394 0.353398 0.353398 0.353399 0.353399 0.353414 0.353430 0.353439 0.353445 0.353451 0.000000 0.000000
0.000000 0.000000 0.355579 0.355579 0.355578 0.355563 0.355549 0.355529 0.355531 0.355527 0.355528 0.355528 0.355526 0.355526 0.355544 0.355559 0.355567 0.355572 0.355578 0.000000 0.000000
0.000000 0.000000 0.357702 0.357699 0.357696 0.357686 0.357673 0.357653 0.357655 0.357651 0.357651 0.357652 0.357650 0.357650 0.357666 0.357684 0.357691 0.357695 0.357702 0.000000 0.000000
0.000000 0.000000 0.359829 0.359826 0.359824 0.359814 0.359797 0.359778 0.359781 0.359778 0.359778 0.359779 0.359776 0.359775 0.359793 0.359811 0.359819 0.359823 0.359829 0.000000 0.000000
0.000000 0.000000 0.361999 0.361996 0.361993 0.361986 0.361974 0.361951 0.361953 0.361948 0.361948 0.361950 0.361947 0.361946 0.361962 0.361975 0.361984 0.361989 0.361996 0.000000 0.000000
0.000000 0.000000 0.364245 0.364242 0.364239 0.364226 0.364213 0.364191 0.364191 0.364188 0.364188 0.364188 0.364186 0.364184 0.364205 0.364221 0.364230 0.364234 0.364258 0.000000 0.000000
0.000000 0.000000 0.366522 0.366518 0.366515 0.366506 0.366490 0.366444 0.366444 0.366440 0.366440 0.366441 0.366437 0.366438 0.366477 0.366496 0.366505 0.366510 0.366524 0.000000 0.000000
0.000000 0.000000 0.368934 0.368928 0.368926 0.368916 0.368870 0.368858 0.368851 0.368848 0.368848 0.368849 0.368845 0.368844 0.368857 0.368903 0.368913 0.368923 0.368932 0.000000 0.000000
0.000000 0.000000 0.371537 0.371532 0.371521 0.371481 0.371460 0.371431 0.371417 0.371412 0.371405 0.371405 0.371406 0.371400 0.371422 0.371454 0.371506 0.371504 0.371511 0.000000 0.000000
0.000000 0.000000 0.374226 0.374220 0.374172 0.374164 0.374151 0.374137 0.374135 0.374134 0.374137 0.374136 0.374128 0.374137 0.374143 0.374156 0.374157 0.374212 0.374226 0.000000 0.000000
0.000000 0.000000 0.377217 0.377151 0.377111 0.377093 0.377060 0.377042 0.377038 0.377035 0.377028 0.377029 0.377028 0.377022 0.377035 0.377074 0.377100 0.377127 0.377194 0.000000 0.000000
0.000000 0.000000 0.379552 0.379539 0.379584 0.379560 0.379532 0.379465 0.379460 0.379453 0.379456 0.379455 0.379450 0.379454 0.379513 0.379546 0.379585 0.379528 0.379554 0.000000 0.000000
0.000000 0.000000 0.350000 0.350000 0.350000 0.350000 0.350000 0.350000 0.350000 0.350000 0.350000 0.350000 0.350000 0.350000 0.350000 0.350000 0.350000 0.350000 0.350000 0.000000 0.000000
0.000000 0.000000 0.000000 0.000000 0.000000 0.000000 0.000000 0.000000 0.000000 0.000000 0.000000 0.000000 0.000000 0.000000 0.000000 0.000000 0.000000 0.000000 0.000000 0.000000 0.000000