geotop/1.0zi/1.0Montebello/Templates/testdem/maps/_Eocsand6114.asc
ncols         21
nrows         20
xllcorner     100.000000
yllcorner     100.000000
cellsize      50.000000
NODATA_value  -9999.0
0.000000 0.000000 0.000000 0.000000 0.000000 0.000000 0.000000 0.000000 0.000000 0.000000 0.000000 0.000000 0.000000 0.000000 0.000000 0.000000 0.000000 0.000000 0.000000 0.000000 0.000000
0.000000 0.000000 0.300151 0.300150 0.300150 0.300150 0.300150 0.300150 0.300150 0.300150 0.300150 0.300150 0.300150 0.300150 0.300150 0.300150 0.300150 0.300150 0.300151 0.000000 0.000000
0.000000 0.000000 0.300009 0.300008 0.300008 0.300008 0.300008 0.300008 0.300008 0.300008 0.300008 0.300008 0.300007 0.300007 0.300008 0.300008 0.300010 0.300010 0.300009 0.000000 0.000000
0.000000 0.000000 0.299970 0.299969 0.299972 0.299976 0.299973 0.299975 0.299972 0.299974 0.299973 0.299975 0.299974 0.299976 0.299972 0.299967 0.299968 0.299965 0.299967 0.000000 0.000000
0.000000 0.000000 0.298943 0.298941 0.298943 0.298951 0.298965 0.298974 0.298974 0.298975 0.298978 0.298977 0.298979 0.298977 0.298967 0.298965 0.298960 0.298949 0.298940 0.000000 0.000000
0.000000 0.000000 0.295668 0.295664 0.295676 0.295711 0.295728 0.295763 0.295764 0.295773 0.295765 0.295763 0.295759 0.295762 0.295751 0.295730 0.295715 0.295699 0.295689 0.000000 0.000000
0.000000 0.000000 0.290743 0.290748 0.290758 0.290795 0.290838 0.290890 0.290889 0.290896 0.290892 0.290890 0.290893 0.290891 0.290852 0.290809 0.290790 0.290771 0.290757 0.000000 0.000000
0.000000 0.000000 0.284754 0.284754 0.284759 0.284798 0.284840 0.284897 0.284896 0.284902 0.284902 0.284904 0.284907 0.284899 0.284855 0.284815 0.284783 0.284774 0.284754 0.000000 0.000000
0.000000 0.000000 0.278542 0.278550 0.278566 0.278590 0.278632 0.278693 0.278690 0.278700 0.278706 0.278703 0.278703 0.278707 0.278651 0.278607 0.278579 0.278569 0.278551 0.000000 0.000000
0.000000 0.000000 0.272245 0.272256 0.272263 0.272281 0.272341 0.272396 0.272392 0.272399 0.272407 0.272399 0.272392 0.272399 0.272354 0.272302 0.272272 0.272267 0.272254 0.000000 0.000000
0.000000 0.000000 0.265716 0.265723 0.265726 0.265771 0.265812 0.265872 0.265859 0.265888 0.265887 0.265885 0.265893 0.265877 0.265840 0.265807 0.265774 0.265755 0.265728 0.000000 0.000000
0.000000 0.000000 0.258822 0.258837 0.258856 0.258887 0.258924 0.258997 0.258994 0.259011 0.258993 0.259011 0.259008 0.259002 0.258937 0.258905 0.258881 0.258871 0.258803 0.000000 0.000000
0.000000 0.000000 0.251705 0.251718 0.251726 0.251762 0.251796 0.251945 0.251946 0.251958 0.251990 0.251973 0.251962 0.251951 0.251840 0.251809 0.251756 0.251750 0.251703 0.000000 0.000000
0.000000 0.000000 0.243921 0.243930 0.243952 0.243975 0.244124 0.244158 0.244192 0.244193 0.244203 0.244200 0.244199 0.244204 0.244187 0.244036 0.243992 0.243954 0.243906 0.000000 0.000000
0.000000 0.000000 0.235290 0.235302 0.235336 0.235493 0.235537 0.235625 0.235682 0.235691 0.235720 0.235737 0.235719 0.235731 0.235662 0.235594 0.235372 0.235391 0.235362 0.000000 0.000000
0.000000 0.000000 0.226101 0.226112 0.226322 0.226350 0.226361 0.226415 0.226369 0.226394 0.226375 0.226397 0.226422 0.226379 0.226346 0.226326 0.226354 0.226085 0.226078 0.000000 0.000000
0.000000 0.000000 0.215464 0.215754 0.215839 0.215922 0.216059 0.216127 0.216155 0.216157 0.216222 0.216229 0.216200 0.216214 0.216135 0.216029 0.215861 0.215821 0.215524 0.000000 0.000000
0.000000 0.000000 0.207939 0.207898 0.207635 0.207700 0.207796 0.208063 0.208067 0.208128 0.208082 0.208098 0.208082 0.208073 0.207830 0.207758 0.207593 0.207863 0.207886 0.000000 0.000000
0.000000 0.000000 0.300000 0.300000 0.300000 0.300000 0.300000 0.300000 0.300000 0.300000 0.300000 0.300000 0.300000 0.300000 0.300000 0.300000 0.300000 0.300000 0.300000 0.000000 0.000000
0.000000 0.000000 0.000000 0.000000 0.000000 0.000000 0.000000 0.000000 0.000000 0.000000 0.000000 0.000000 0.000000 0.000000 0.000000 0.000000 0.000000 0.000000 0.000000 0.000000 0.000000