geotop/1.0zi/1.0Montebello/Templates/testdem/maps/_Eocclay9505.asc
ncols         21
nrows         20
xllcorner     100.000000
yllcorner     100.000000
cellsize      50.000000
NODATA_value  -9999.0
0.000000 0.000000 0.000000 0.000000 0.000000 0.000000 0.000000 0.000000 0.000000 0.000000 0.000000 0.000000 0.000000 0.000000 0.000000 0.000000 0.000000 0.000000 0.000000 0.000000 0.000000
0.000000 0.000000 0.349558 0.349561 0.349561 0.349560 0.349561 0.349561 0.349561 0.349561 0.349560 0.349561 0.349561 0.349561 0.349561 0.349561 0.349559 0.349559 0.349560 0.000000 0.000000
0.000000 0.000000 0.349981 0.349979 0.349979 0.349982 0.349979 0.349979 0.349980 0.349979 0.349979 0.349979 0.349980 0.349979 0.349980 0.349981 0.349981 0.349981 0.349979 0.000000 0.000000
0.000000 0.000000 0.350039 0.350044 0.350042 0.350039 0.350040 0.350040 0.350044 0.350042 0.350045 0.350043 0.350043 0.350042 0.350045 0.350047 0.350044 0.350045 0.350043 0.000000 0.000000
0.000000 0.000000 0.351419 0.351413 0.351406 0.351395 0.351376 0.351375 0.351372 0.351373 0.351372 0.351376 0.351376 0.351378 0.351388 0.351392 0.351403 0.351406 0.351416 0.000000 0.000000
0.000000 0.000000 0.355179 0.355174 0.355150 0.355118 0.355089 0.355060 0.355065 0.355059 0.355061 0.355061 0.355067 0.355066 0.355080 0.355110 0.355124 0.355137 0.355143 0.000000 0.000000
0.000000 0.000000 0.360221 0.360212 0.360197 0.360166 0.360127 0.360069 0.360073 0.360068 0.360067 0.360069 0.360071 0.360072 0.360115 0.360149 0.360168 0.360181 0.360190 0.000000 0.000000
0.000000 0.000000 0.366214 0.366204 0.366188 0.366149 0.366108 0.366056 0.366059 0.366054 0.366052 0.366050 0.366048 0.366059 0.366099 0.366134 0.366166 0.366174 0.366189 0.000000 0.000000
0.000000 0.000000 0.372750 0.372736 0.372715 0.372687 0.372639 0.372581 0.372588 0.372577 0.372572 0.372571 0.372573 0.372572 0.372627 0.372670 0.372694 0.372704 0.372717 0.000000 0.000000
0.000000 0.000000 0.379948 0.379928 0.379912 0.379881 0.379815 0.379760 0.379764 0.379757 0.379747 0.379753 0.379762 0.379760 0.379805 0.379860 0.379890 0.379901 0.379909 0.000000 0.000000
0.000000 0.000000 0.388114 0.388100 0.388085 0.388013 0.387970 0.387897 0.387917 0.387878 0.387885 0.387880 0.387868 0.387893 0.387942 0.387976 0.388018 0.388036 0.388070 0.000000 0.000000
0.000000 0.000000 0.397589 0.397556 0.397513 0.397480 0.397416 0.397326 0.397328 0.397324 0.397340 0.397306 0.397324 0.397322 0.397411 0.397463 0.397486 0.397500 0.397572 0.000000 0.000000
0.000000 0.000000 0.408251 0.408222 0.408214 0.408131 0.408079 0.407815 0.407818 0.407805 0.407721 0.407773 0.407783 0.407809 0.408004 0.408052 0.408146 0.408154 0.408176 0.000000 0.000000
0.000000 0.000000 0.421456 0.421448 0.421371 0.421324 0.420949 0.421061 0.420990 0.420994 0.421043 0.420998 0.420992 0.420960 0.420856 0.421260 0.421280 0.421376 0.421434 0.000000 0.000000
0.000000 0.000000 0.436904 0.436858 0.436784 0.436296 0.436472 0.436179 0.436107 0.436080 0.435976 0.435938 0.435996 0.436000 0.436269 0.436106 0.436747 0.436602 0.436585 0.000000 0.000000
0.000000 0.000000 0.451781 0.451754 0.451154 0.451466 0.451356 0.451380 0.451650 0.451581 0.451726 0.451702 0.451590 0.451737 0.451662 0.451755 0.451086 0.452005 0.451992 0.000000 0.000000
0.000000 0.000000 0.466120 0.465538 0.465751 0.465478 0.465183 0.465085 0.464881 0.464930 0.464726 0.464751 0.464872 0.464746 0.464911 0.465131 0.465721 0.465250 0.465857 0.000000 0.000000
0.000000 0.000000 0.470576 0.470873 0.471248 0.471197 0.471169 0.470817 0.470853 0.470759 0.470895 0.470866 0.470857 0.470896 0.471192 0.471215 0.471290 0.470953 0.470660 0.000000 0.000000
0.000000 0.000000 0.350000 0.350000 0.350000 0.350000 0.350000 0.350000 0.350000 0.350000 0.350000 0.350000 0.350000 0.350000 0.350000 0.350000 0.350000 0.350000 0.350000 0.000000 0.000000
0.000000 0.000000 0.000000 0.000000 0.000000 0.000000 0.000000 0.000000 0.000000 0.000000 0.000000 0.000000 0.000000 0.000000 0.000000 0.000000 0.000000 0.000000 0.000000 0.000000 0.000000