geotop/1.0zi/1.0Montebello/Templates/testdem/maps/_Eocsilt9932.asc
ncols         21
nrows         20
xllcorner     100.000000
yllcorner     100.000000
cellsize      50.000000
NODATA_value  -9999.0
0.000000 0.000000 0.000000 0.000000 0.000000 0.000000 0.000000 0.000000 0.000000 0.000000 0.000000 0.000000 0.000000 0.000000 0.000000 0.000000 0.000000 0.000000 0.000000 0.000000 0.000000
0.000000 0.000000 0.350212 0.350212 0.350212 0.350212 0.350211 0.350211 0.350212 0.350211 0.350212 0.350211 0.350211 0.350211 0.350211 0.350212 0.350212 0.350212 0.350212 0.000000 0.000000
0.000000 0.000000 0.350008 0.350008 0.350008 0.350007 0.350009 0.350008 0.350008 0.350008 0.350009 0.350008 0.350009 0.350009 0.350008 0.350007 0.350006 0.350006 0.350007 0.000000 0.000000
0.000000 0.000000 0.350151 0.350148 0.350141 0.350139 0.350138 0.350132 0.350136 0.350137 0.350133 0.350137 0.350138 0.350138 0.350140 0.350144 0.350149 0.350150 0.350152 0.000000 0.000000
0.000000 0.000000 0.351514 0.351520 0.351510 0.351487 0.351477 0.351470 0.351473 0.351471 0.351470 0.351473 0.351478 0.351476 0.351490 0.351499 0.351503 0.351509 0.351512 0.000000 0.000000
0.000000 0.000000 0.355265 0.355259 0.355243 0.355214 0.355179 0.355152 0.355150 0.355146 0.355145 0.355146 0.355151 0.355148 0.355167 0.355191 0.355203 0.355212 0.355218 0.000000 0.000000
0.000000 0.000000 0.360587 0.360575 0.360557 0.360515 0.360473 0.360418 0.360420 0.360418 0.360411 0.360410 0.360408 0.360412 0.360457 0.360490 0.360511 0.360527 0.360534 0.000000 0.000000
0.000000 0.000000 0.366905 0.366891 0.366875 0.366828 0.366782 0.366732 0.366733 0.366728 0.366720 0.366717 0.366715 0.366722 0.366765 0.366804 0.366838 0.366844 0.366858 0.000000 0.000000
0.000000 0.000000 0.373887 0.373867 0.373841 0.373802 0.373749 0.373687 0.373693 0.373682 0.373672 0.373669 0.373673 0.373669 0.373731 0.373777 0.373803 0.373815 0.373828 0.000000 0.000000
0.000000 0.000000 0.381612 0.381585 0.381563 0.381522 0.381465 0.381400 0.381401 0.381394 0.381378 0.381383 0.381391 0.381387 0.381437 0.381496 0.381527 0.381539 0.381544 0.000000 0.000000
0.000000 0.000000 0.390413 0.390391 0.390371 0.390281 0.390254 0.390167 0.390185 0.390145 0.390145 0.390138 0.390124 0.390147 0.390204 0.390241 0.390284 0.390299 0.390337 0.000000 0.000000
0.000000 0.000000 0.400732 0.400685 0.400631 0.400587 0.400540 0.400430 0.400427 0.400425 0.400434 0.400396 0.400414 0.400408 0.400509 0.400566 0.400589 0.400603 0.400678 0.000000 0.000000
0.000000 0.000000 0.412373 0.412330 0.412316 0.412230 0.412173 0.411881 0.411875 0.411859 0.411751 0.411815 0.411820 0.411845 0.412064 0.412112 0.412220 0.412225 0.412241 0.000000 0.000000
0.000000 0.000000 0.426697 0.426678 0.426580 0.426520 0.426113 0.426266 0.426178 0.426182 0.426237 0.426176 0.426168 0.426121 0.425987 0.426431 0.426443 0.426547 0.426608 0.000000 0.000000
0.000000 0.000000 0.442373 0.442327 0.442254 0.441753 0.441977 0.441661 0.441596 0.441566 0.441444 0.441411 0.441465 0.441472 0.441750 0.441536 0.442181 0.442027 0.442001 0.000000 0.000000
0.000000 0.000000 0.455251 0.455227 0.454768 0.454996 0.454912 0.454929 0.455128 0.455076 0.455179 0.455161 0.455075 0.455181 0.455122 0.455200 0.454693 0.455388 0.455378 0.000000 0.000000
0.000000 0.000000 0.464956 0.464722 0.464711 0.464648 0.464513 0.464489 0.464448 0.464457 0.464395 0.464401 0.464432 0.464403 0.464446 0.464550 0.464681 0.464641 0.464882 0.000000 0.000000
0.000000 0.000000 0.470420 0.470249 0.470370 0.470273 0.470157 0.470069 0.470014 0.470012 0.469968 0.469970 0.470006 0.469974 0.470075 0.470162 0.470358 0.470163 0.470339 0.000000 0.000000
0.000000 0.000000 0.350000 0.350000 0.350000 0.350000 0.350000 0.350000 0.350000 0.350000 0.350000 0.350000 0.350000 0.350000 0.350000 0.350000 0.350000 0.350000 0.350000 0.000000 0.000000
0.000000 0.000000 0.000000 0.000000 0.000000 0.000000 0.000000 0.000000 0.000000 0.000000 0.000000 0.000000 0.000000 0.000000 0.000000 0.000000 0.000000 0.000000 0.000000 0.000000 0.000000