geotop/1.0zi/1.0Montebello/Templates/testdem/maps/_Eocsand9757.asc
ncols         21
nrows         20
xllcorner     100.000000
yllcorner     100.000000
cellsize      50.000000
NODATA_value  -9999.0
0.000000 0.000000 0.000000 0.000000 0.000000 0.000000 0.000000 0.000000 0.000000 0.000000 0.000000 0.000000 0.000000 0.000000 0.000000 0.000000 0.000000 0.000000 0.000000 0.000000 0.000000
0.000000 0.000000 0.300241 0.300238 0.300239 0.300239 0.300238 0.300238 0.300238 0.300239 0.300239 0.300239 0.300239 0.300239 0.300239 0.300238 0.300240 0.300239 0.300239 0.000000 0.000000
0.000000 0.000000 0.300011 0.300013 0.300013 0.300011 0.300012 0.300013 0.300012 0.300012 0.300012 0.300012 0.300011 0.300012 0.300012 0.300012 0.300013 0.300013 0.300014 0.000000 0.000000
0.000000 0.000000 0.299810 0.299808 0.299817 0.299825 0.299824 0.299830 0.299822 0.299824 0.299824 0.299823 0.299821 0.299823 0.299818 0.299811 0.299808 0.299805 0.299806 0.000000 0.000000
0.000000 0.000000 0.297020 0.297021 0.297037 0.297070 0.297097 0.297107 0.297107 0.297108 0.297111 0.297104 0.297098 0.297099 0.297075 0.297061 0.297046 0.297037 0.297024 0.000000 0.000000
0.000000 0.000000 0.289408 0.289420 0.289457 0.289520 0.289583 0.289641 0.289638 0.289650 0.289649 0.289649 0.289637 0.289642 0.289608 0.289552 0.289525 0.289505 0.289492 0.000000 0.000000
0.000000 0.000000 0.279017 0.279040 0.279070 0.279144 0.279226 0.279336 0.279334 0.279345 0.279353 0.279353 0.279353 0.279349 0.279257 0.279190 0.279149 0.279121 0.279105 0.000000 0.000000
0.000000 0.000000 0.266655 0.266682 0.266712 0.266801 0.266891 0.266993 0.266990 0.267005 0.267015 0.267021 0.267024 0.267007 0.266922 0.266847 0.266780 0.266766 0.266738 0.000000 0.000000
0.000000 0.000000 0.253071 0.253109 0.253157 0.253226 0.253329 0.253449 0.253438 0.253463 0.253479 0.253483 0.253476 0.253482 0.253362 0.253273 0.253221 0.253200 0.253174 0.000000 0.000000
0.000000 0.000000 0.238065 0.238117 0.238156 0.238229 0.238342 0.238468 0.238466 0.238484 0.238510 0.238500 0.238483 0.238490 0.238393 0.238277 0.238216 0.238194 0.238181 0.000000 0.000000
0.000000 0.000000 0.220985 0.221029 0.221067 0.221230 0.221284 0.221453 0.221418 0.221502 0.221495 0.221507 0.221534 0.221488 0.221380 0.221307 0.221222 0.221192 0.221118 0.000000 0.000000
0.000000 0.000000 0.201040 0.201130 0.201230 0.201308 0.201398 0.201611 0.201615 0.201626 0.201602 0.201676 0.201640 0.201652 0.201458 0.201345 0.201300 0.201273 0.201124 0.000000 0.000000
0.000000 0.000000 0.178544 0.178628 0.178653 0.178810 0.178918 0.179482 0.179492 0.179529 0.179728 0.179607 0.179595 0.179546 0.179125 0.179029 0.178822 0.178812 0.178775 0.000000 0.000000
0.000000 0.000000 0.150682 0.150722 0.150902 0.151014 0.151800 0.151525 0.151694 0.151696 0.151593 0.151700 0.151719 0.151802 0.152053 0.151187 0.151155 0.150953 0.150832 0.000000 0.000000
0.000000 0.000000 0.119062 0.119156 0.119313 0.120326 0.119898 0.120530 0.120671 0.120739 0.120969 0.121045 0.120929 0.120924 0.120364 0.120774 0.119454 0.119766 0.119813 0.000000 0.000000
0.000000 0.000000 0.090911 0.090966 0.092053 0.091479 0.091679 0.091629 0.091151 0.091279 0.091023 0.091065 0.091272 0.091015 0.091168 0.090982 0.092218 0.090554 0.090578 0.000000 0.000000
0.000000 0.000000 0.066927 0.067734 0.067522 0.067860 0.068286 0.068421 0.068669 0.068613 0.068879 0.068848 0.068696 0.068852 0.068631 0.068312 0.067591 0.068114 0.067273 0.000000 0.000000
0.000000 0.000000 0.056889 0.056812 0.056338 0.056503 0.056660 0.057087 0.057121 0.057209 0.057137 0.057161 0.057127 0.057131 0.056740 0.056619 0.056320 0.056848 0.056917 0.000000 0.000000
0.000000 0.000000 0.300000 0.300000 0.300000 0.300000 0.300000 0.300000 0.300000 0.300000 0.300000 0.300000 0.300000 0.300000 0.300000 0.300000 0.300000 0.300000 0.300000 0.000000 0.000000
0.000000 0.000000 0.000000 0.000000 0.000000 0.000000 0.000000 0.000000 0.000000 0.000000 0.000000 0.000000 0.000000 0.000000 0.000000 0.000000 0.000000 0.000000 0.000000 0.000000 0.000000