geotop/1.0zi/1.0Montebello/Templates/testdem/maps/_Eocsilt5384.asc
ncols         21
nrows         20
xllcorner     100.000000
yllcorner     100.000000
cellsize      50.000000
NODATA_value  -9999.0
0.000000 0.000000 0.000000 0.000000 0.000000 0.000000 0.000000 0.000000 0.000000 0.000000 0.000000 0.000000 0.000000 0.000000 0.000000 0.000000 0.000000 0.000000 0.000000 0.000000 0.000000
0.000000 0.000000 0.350109 0.350109 0.350109 0.350109 0.350109 0.350109 0.350109 0.350109 0.350109 0.350109 0.350109 0.350109 0.350109 0.350109 0.350109 0.350109 0.350109 0.000000 0.000000
0.000000 0.000000 0.350002 0.350002 0.350003 0.350003 0.350003 0.350003 0.350003 0.350003 0.350003 0.350003 0.350004 0.350003 0.350003 0.350003 0.350002 0.350001 0.350002 0.000000 0.000000
0.000000 0.000000 0.350037 0.350037 0.350036 0.350031 0.350033 0.350031 0.350033 0.350034 0.350033 0.350032 0.350032 0.350031 0.350033 0.350036 0.350036 0.350038 0.350037 0.000000 0.000000
0.000000 0.000000 0.350440 0.350444 0.350442 0.350439 0.350436 0.350431 0.350430 0.350429 0.350426 0.350428 0.350429 0.350430 0.350435 0.350437 0.350437 0.350446 0.350449 0.000000 0.000000
0.000000 0.000000 0.351764 0.351768 0.351764 0.351751 0.351742 0.351727 0.351724 0.351721 0.351726 0.351728 0.351729 0.351726 0.351731 0.351736 0.351744 0.351747 0.351751 0.000000 0.000000
0.000000 0.000000 0.353815 0.353814 0.353810 0.353794 0.353775 0.353754 0.353755 0.353753 0.353756 0.353756 0.353753 0.353756 0.353771 0.353786 0.353793 0.353802 0.353807 0.000000 0.000000
0.000000 0.000000 0.356309 0.356310 0.356311 0.356295 0.356276 0.356254 0.356254 0.356252 0.356252 0.356252 0.356251 0.356253 0.356269 0.356287 0.356301 0.356303 0.356312 0.000000 0.000000
0.000000 0.000000 0.358921 0.358917 0.358911 0.358901 0.358883 0.358856 0.358857 0.358853 0.358851 0.358852 0.358852 0.358850 0.358874 0.358892 0.358905 0.358910 0.358917 0.000000 0.000000
0.000000 0.000000 0.361521 0.361517 0.361516 0.361509 0.361484 0.361461 0.361463 0.361460 0.361456 0.361460 0.361463 0.361460 0.361478 0.361498 0.361511 0.361513 0.361518 0.000000 0.000000
0.000000 0.000000 0.364171 0.364169 0.364169 0.364151 0.364133 0.364108 0.364114 0.364102 0.364102 0.364104 0.364101 0.364107 0.364121 0.364134 0.364148 0.364156 0.364166 0.000000 0.000000
0.000000 0.000000 0.366937 0.366931 0.366925 0.366912 0.366898 0.366867 0.366869 0.366861 0.366869 0.366863 0.366864 0.366866 0.366892 0.366903 0.366913 0.366917 0.366946 0.000000 0.000000
0.000000 0.000000 0.369753 0.369747 0.369746 0.369732 0.369719 0.369660 0.369660 0.369655 0.369643 0.369649 0.369654 0.369658 0.369700 0.369711 0.369732 0.369734 0.369755 0.000000 0.000000
0.000000 0.000000 0.372781 0.372777 0.372771 0.372763 0.372708 0.372692 0.372679 0.372678 0.372673 0.372676 0.372676 0.372674 0.372681 0.372734 0.372753 0.372768 0.372788 0.000000 0.000000
0.000000 0.000000 0.376083 0.376081 0.376068 0.376013 0.375994 0.375961 0.375938 0.375935 0.375924 0.375918 0.375925 0.375920 0.375943 0.375971 0.376053 0.376047 0.376060 0.000000 0.000000
0.000000 0.000000 0.379557 0.379552 0.379483 0.379467 0.379462 0.379440 0.379451 0.379442 0.379447 0.379439 0.379432 0.379445 0.379458 0.379467 0.379468 0.379557 0.379560 0.000000 0.000000
0.000000 0.000000 0.383471 0.383378 0.383339 0.383311 0.383267 0.383243 0.383237 0.383235 0.383216 0.383212 0.383219 0.383217 0.383242 0.383275 0.383329 0.383360 0.383453 0.000000 0.000000
0.000000 0.000000 0.386429 0.386422 0.386501 0.386476 0.386442 0.386354 0.386350 0.386331 0.386341 0.386336 0.386343 0.386344 0.386425 0.386447 0.386513 0.386429 0.386442 0.000000 0.000000
0.000000 0.000000 0.350000 0.350000 0.350000 0.350000 0.350000 0.350000 0.350000 0.350000 0.350000 0.350000 0.350000 0.350000 0.350000 0.350000 0.350000 0.350000 0.350000 0.000000 0.000000
0.000000 0.000000 0.000000 0.000000 0.000000 0.000000 0.000000 0.000000 0.000000 0.000000 0.000000 0.000000 0.000000 0.000000 0.000000 0.000000 0.000000 0.000000 0.000000 0.000000 0.000000