geotop/1.0zi/1.0Montebello/Templates/testdem/maps/_Eocclay3010.asc
ncols         21
nrows         20
xllcorner     100.000000
yllcorner     100.000000
cellsize      50.000000
NODATA_value  -9999.0
0.000000 0.000000 0.000000 0.000000 0.000000 0.000000 0.000000 0.000000 0.000000 0.000000 0.000000 0.000000 0.000000 0.000000 0.000000 0.000000 0.000000 0.000000 0.000000 0.000000 0.000000
0.000000 0.000000 0.349827 0.349827 0.349827 0.349827 0.349827 0.349827 0.349827 0.349827 0.349826 0.349827 0.349827 0.349827 0.349827 0.349827 0.349827 0.349827 0.349827 0.000000 0.000000
0.000000 0.000000 0.349995 0.349995 0.349995 0.349995 0.349995 0.349995 0.349995 0.349995 0.349996 0.349995 0.349995 0.349995 0.349995 0.349995 0.349995 0.349995 0.349995 0.000000 0.000000
0.000000 0.000000 0.351090 0.351090 0.351088 0.351089 0.351090 0.351090 0.351090 0.351090 0.351090 0.351090 0.351090 0.351090 0.351090 0.351089 0.351088 0.351090 0.351090 0.000000 0.000000
0.000000 0.000000 0.355742 0.355741 0.355739 0.355739 0.355742 0.355741 0.355741 0.355743 0.355743 0.355743 0.355741 0.355741 0.355742 0.355739 0.355739 0.355741 0.355742 0.000000 0.000000
0.000000 0.000000 0.360945 0.360945 0.360943 0.360943 0.360946 0.360945 0.360945 0.360946 0.360947 0.360946 0.360945 0.360945 0.360946 0.360943 0.360943 0.360945 0.360945 0.000000 0.000000
0.000000 0.000000 0.365825 0.365825 0.365824 0.365824 0.365826 0.365825 0.365825 0.365826 0.365827 0.365826 0.365825 0.365825 0.365826 0.365824 0.365824 0.365825 0.365825 0.000000 0.000000
0.000000 0.000000 0.370272 0.370272 0.370271 0.370271 0.370273 0.370272 0.370272 0.370273 0.370273 0.370273 0.370272 0.370272 0.370273 0.370271 0.370271 0.370272 0.370272 0.000000 0.000000
0.000000 0.000000 0.374392 0.374391 0.374390 0.374391 0.374392 0.374392 0.374392 0.374392 0.374393 0.374392 0.374392 0.374392 0.374392 0.374391 0.374390 0.374391 0.374392 0.000000 0.000000
0.000000 0.000000 0.378280 0.378280 0.378279 0.378279 0.378281 0.378280 0.378280 0.378281 0.378281 0.378281 0.378280 0.378280 0.378281 0.378279 0.378279 0.378280 0.378280 0.000000 0.000000
0.000000 0.000000 0.381984 0.381983 0.381982 0.381983 0.381984 0.381983 0.381983 0.381984 0.381984 0.381984 0.381983 0.381983 0.381984 0.381983 0.381982 0.381983 0.381984 0.000000 0.000000
0.000000 0.000000 0.385537 0.385537 0.385536 0.385536 0.385537 0.385537 0.385537 0.385538 0.385538 0.385538 0.385537 0.385537 0.385537 0.385536 0.385536 0.385537 0.385537 0.000000 0.000000
0.000000 0.000000 0.388969 0.388969 0.388968 0.388968 0.388970 0.388969 0.388969 0.388970 0.388970 0.388970 0.388969 0.388969 0.388970 0.388968 0.388968 0.388969 0.388969 0.000000 0.000000
0.000000 0.000000 0.392306 0.392306 0.392305 0.392305 0.392306 0.392306 0.392306 0.392307 0.392307 0.392307 0.392306 0.392306 0.392306 0.392305 0.392305 0.392306 0.392306 0.000000 0.000000
0.000000 0.000000 0.395554 0.395554 0.395553 0.395553 0.395554 0.395554 0.395554 0.395554 0.395555 0.395554 0.395554 0.395554 0.395554 0.395553 0.395553 0.395554 0.395554 0.000000 0.000000
0.000000 0.000000 0.398719 0.398718 0.398717 0.398718 0.398719 0.398719 0.398719 0.398719 0.398719 0.398719 0.398719 0.398719 0.398719 0.398718 0.398717 0.398718 0.398719 0.000000 0.000000
0.000000 0.000000 0.401811 0.401811 0.401809 0.401810 0.401811 0.401811 0.401811 0.401811 0.401812 0.401811 0.401811 0.401811 0.401811 0.401810 0.401809 0.401811 0.401811 0.000000 0.000000
0.000000 0.000000 0.404893 0.404893 0.404892 0.404892 0.404893 0.404893 0.404893 0.404893 0.404894 0.404893 0.404893 0.404893 0.404893 0.404892 0.404892 0.404893 0.404893 0.000000 0.000000
0.000000 0.000000 0.350000 0.350000 0.350000 0.350000 0.350000 0.350000 0.350000 0.350000 0.350000 0.350000 0.350000 0.350000 0.350000 0.350000 0.350000 0.350000 0.350000 0.000000 0.000000
0.000000 0.000000 0.000000 0.000000 0.000000 0.000000 0.000000 0.000000 0.000000 0.000000 0.000000 0.000000 0.000000 0.000000 0.000000 0.000000 0.000000 0.000000 0.000000 0.000000 0.000000