geotop/1.0zi/1.0Montebello/Templates/testdem/maps/_Eocclay0681.asc
ncols         21
nrows         20
xllcorner     100.000000
yllcorner     100.000000
cellsize      50.000000
NODATA_value  -9999.0
0.000000 0.000000 0.000000 0.000000 0.000000 0.000000 0.000000 0.000000 0.000000 0.000000 0.000000 0.000000 0.000000 0.000000 0.000000 0.000000 0.000000 0.000000 0.000000 0.000000 0.000000
0.000000 0.000000 0.349963 0.349963 0.349963 0.349963 0.349963 0.349963 0.349963 0.349963 0.349963 0.349963 0.349963 0.349963 0.349963 0.349963 0.349963 0.349963 0.349963 0.000000 0.000000
0.000000 0.000000 0.349996 0.349996 0.349995 0.349996 0.349996 0.349996 0.349996 0.349996 0.349996 0.349996 0.349996 0.349996 0.349996 0.349996 0.349995 0.349996 0.349996 0.000000 0.000000
0.000000 0.000000 0.350285 0.350285 0.350283 0.350285 0.350285 0.350285 0.350285 0.350285 0.350285 0.350285 0.350285 0.350285 0.350285 0.350285 0.350283 0.350285 0.350285 0.000000 0.000000
0.000000 0.000000 0.351332 0.351332 0.351329 0.351331 0.351332 0.351332 0.351332 0.351332 0.351332 0.351332 0.351332 0.351332 0.351332 0.351331 0.351329 0.351332 0.351332 0.000000 0.000000
0.000000 0.000000 0.352437 0.352437 0.352435 0.352437 0.352437 0.352437 0.352437 0.352437 0.352437 0.352437 0.352437 0.352437 0.352437 0.352437 0.352435 0.352437 0.352437 0.000000 0.000000
0.000000 0.000000 0.353499 0.353499 0.353498 0.353499 0.353499 0.353499 0.353500 0.353499 0.353499 0.353499 0.353500 0.353499 0.353499 0.353499 0.353498 0.353499 0.353499 0.000000 0.000000
0.000000 0.000000 0.354493 0.354493 0.354491 0.354493 0.354493 0.354493 0.354493 0.354493 0.354493 0.354493 0.354493 0.354493 0.354493 0.354493 0.354491 0.354493 0.354493 0.000000 0.000000
0.000000 0.000000 0.355434 0.355434 0.355432 0.355434 0.355434 0.355434 0.355434 0.355434 0.355434 0.355434 0.355434 0.355434 0.355434 0.355434 0.355432 0.355434 0.355434 0.000000 0.000000
0.000000 0.000000 0.356343 0.356343 0.356341 0.356343 0.356343 0.356343 0.356343 0.356343 0.356343 0.356343 0.356343 0.356343 0.356343 0.356343 0.356341 0.356343 0.356343 0.000000 0.000000
0.000000 0.000000 0.357228 0.357228 0.357227 0.357228 0.357228 0.357228 0.357228 0.357228 0.357228 0.357228 0.357228 0.357228 0.357228 0.357228 0.357227 0.357228 0.357228 0.000000 0.000000
0.000000 0.000000 0.358098 0.358098 0.358096 0.358097 0.358098 0.358098 0.358098 0.358098 0.358098 0.358098 0.358098 0.358098 0.358098 0.358097 0.358096 0.358098 0.358098 0.000000 0.000000
0.000000 0.000000 0.358953 0.358953 0.358951 0.358953 0.358953 0.358953 0.358953 0.358953 0.358953 0.358953 0.358953 0.358953 0.358953 0.358953 0.358951 0.358953 0.358953 0.000000 0.000000
0.000000 0.000000 0.359797 0.359797 0.359795 0.359797 0.359797 0.359797 0.359797 0.359797 0.359797 0.359797 0.359797 0.359797 0.359797 0.359797 0.359795 0.359797 0.359797 0.000000 0.000000
0.000000 0.000000 0.360634 0.360634 0.360632 0.360634 0.360634 0.360634 0.360634 0.360634 0.360634 0.360634 0.360634 0.360634 0.360634 0.360634 0.360632 0.360634 0.360634 0.000000 0.000000
0.000000 0.000000 0.361467 0.361467 0.361466 0.361467 0.361467 0.361468 0.361468 0.361467 0.361467 0.361467 0.361468 0.361468 0.361467 0.361467 0.361466 0.361467 0.361467 0.000000 0.000000
0.000000 0.000000 0.362293 0.362293 0.362292 0.362293 0.362293 0.362293 0.362293 0.362293 0.362293 0.362293 0.362293 0.362293 0.362293 0.362293 0.362292 0.362293 0.362293 0.000000 0.000000
0.000000 0.000000 0.363124 0.363124 0.363123 0.363124 0.363124 0.363124 0.363124 0.363124 0.363124 0.363124 0.363124 0.363124 0.363124 0.363124 0.363123 0.363124 0.363124 0.000000 0.000000
0.000000 0.000000 0.350000 0.350000 0.350000 0.350000 0.350000 0.350000 0.350000 0.350000 0.350000 0.350000 0.350000 0.350000 0.350000 0.350000 0.350000 0.350000 0.350000 0.000000 0.000000
0.000000 0.000000 0.000000 0.000000 0.000000 0.000000 0.000000 0.000000 0.000000 0.000000 0.000000 0.000000 0.000000 0.000000 0.000000 0.000000 0.000000 0.000000 0.000000 0.000000 0.000000