geotop/1.0zi/1.0Montebello/Templates/testdem/maps/_Eocsand2293.asc
ncols         21
nrows         20
xllcorner     100.000000
yllcorner     100.000000
cellsize      50.000000
NODATA_value  -9999.0
0.000000 0.000000 0.000000 0.000000 0.000000 0.000000 0.000000 0.000000 0.000000 0.000000 0.000000 0.000000 0.000000 0.000000 0.000000 0.000000 0.000000 0.000000 0.000000 0.000000 0.000000
0.000000 0.000000 0.300069 0.300069 0.300069 0.300069 0.300069 0.300069 0.300069 0.300069 0.300069 0.300069 0.300069 0.300069 0.300069 0.300069 0.300069 0.300069 0.300069 0.000000 0.000000
0.000000 0.000000 0.300011 0.300011 0.300011 0.300011 0.300011 0.300011 0.300011 0.300011 0.300011 0.300011 0.300011 0.300011 0.300011 0.300011 0.300011 0.300011 0.300011 0.000000 0.000000
0.000000 0.000000 0.298526 0.298527 0.298531 0.298529 0.298526 0.298526 0.298527 0.298526 0.298526 0.298526 0.298527 0.298526 0.298526 0.298529 0.298531 0.298527 0.298526 0.000000 0.000000
0.000000 0.000000 0.292304 0.292306 0.292309 0.292309 0.292303 0.292305 0.292305 0.292302 0.292302 0.292302 0.292305 0.292305 0.292303 0.292309 0.292309 0.292306 0.292304 0.000000 0.000000
0.000000 0.000000 0.284642 0.284643 0.284646 0.284645 0.284641 0.284642 0.284642 0.284640 0.284640 0.284640 0.284642 0.284642 0.284641 0.284645 0.284646 0.284643 0.284642 0.000000 0.000000
0.000000 0.000000 0.277501 0.277502 0.277504 0.277504 0.277500 0.277501 0.277501 0.277500 0.277499 0.277500 0.277501 0.277501 0.277500 0.277504 0.277504 0.277502 0.277501 0.000000 0.000000
0.000000 0.000000 0.270956 0.270957 0.270959 0.270959 0.270955 0.270957 0.270957 0.270955 0.270955 0.270955 0.270957 0.270957 0.270955 0.270959 0.270959 0.270957 0.270956 0.000000 0.000000
0.000000 0.000000 0.264846 0.264847 0.264850 0.264849 0.264846 0.264847 0.264847 0.264846 0.264845 0.264846 0.264847 0.264847 0.264846 0.264849 0.264850 0.264847 0.264846 0.000000 0.000000
0.000000 0.000000 0.259026 0.259026 0.259029 0.259028 0.259025 0.259026 0.259026 0.259025 0.259024 0.259025 0.259026 0.259026 0.259025 0.259028 0.259029 0.259026 0.259026 0.000000 0.000000
0.000000 0.000000 0.253428 0.253429 0.253431 0.253430 0.253427 0.253428 0.253428 0.253427 0.253427 0.253427 0.253428 0.253428 0.253427 0.253430 0.253431 0.253429 0.253428 0.000000 0.000000
0.000000 0.000000 0.248008 0.248009 0.248011 0.248010 0.248008 0.248009 0.248008 0.248007 0.248007 0.248007 0.248008 0.248009 0.248008 0.248010 0.248011 0.248009 0.248008 0.000000 0.000000
0.000000 0.000000 0.242723 0.242724 0.242726 0.242725 0.242722 0.242723 0.242723 0.242722 0.242722 0.242722 0.242723 0.242723 0.242722 0.242725 0.242726 0.242724 0.242723 0.000000 0.000000
0.000000 0.000000 0.237553 0.237554 0.237556 0.237555 0.237553 0.237554 0.237554 0.237553 0.237552 0.237553 0.237554 0.237554 0.237553 0.237555 0.237556 0.237554 0.237553 0.000000 0.000000
0.000000 0.000000 0.232479 0.232479 0.232482 0.232481 0.232478 0.232479 0.232479 0.232478 0.232478 0.232478 0.232479 0.232479 0.232478 0.232481 0.232482 0.232479 0.232479 0.000000 0.000000
0.000000 0.000000 0.227493 0.227494 0.227496 0.227495 0.227493 0.227494 0.227494 0.227492 0.227492 0.227492 0.227494 0.227494 0.227493 0.227495 0.227496 0.227494 0.227493 0.000000 0.000000
0.000000 0.000000 0.222591 0.222591 0.222594 0.222593 0.222590 0.222591 0.222591 0.222590 0.222590 0.222590 0.222591 0.222591 0.222590 0.222593 0.222594 0.222591 0.222591 0.000000 0.000000
0.000000 0.000000 0.217696 0.217696 0.217699 0.217698 0.217695 0.217696 0.217696 0.217695 0.217695 0.217695 0.217696 0.217696 0.217695 0.217698 0.217699 0.217696 0.217696 0.000000 0.000000
0.000000 0.000000 0.300000 0.300000 0.300000 0.300000 0.300000 0.300000 0.300000 0.300000 0.300000 0.300000 0.300000 0.300000 0.300000 0.300000 0.300000 0.300000 0.300000 0.000000 0.000000
0.000000 0.000000 0.000000 0.000000 0.000000 0.000000 0.000000 0.000000 0.000000 0.000000 0.000000 0.000000 0.000000 0.000000 0.000000 0.000000 0.000000 0.000000 0.000000 0.000000 0.000000