geotop/1.0zi/1.0Montebello/Templates/testdem/maps/_Eocclay3877.asc
ncols         21
nrows         20
xllcorner     100.000000
yllcorner     100.000000
cellsize      50.000000
NODATA_value  -9999.0
0.000000 0.000000 0.000000 0.000000 0.000000 0.000000 0.000000 0.000000 0.000000 0.000000 0.000000 0.000000 0.000000 0.000000 0.000000 0.000000 0.000000 0.000000 0.000000 0.000000 0.000000
0.000000 0.000000 0.349824 0.349825 0.349825 0.349825 0.349825 0.349825 0.349825 0.349825 0.349825 0.349825 0.349825 0.349825 0.349825 0.349825 0.349825 0.349825 0.349824 0.000000 0.000000
0.000000 0.000000 0.349994 0.349994 0.349994 0.349994 0.349994 0.349994 0.349994 0.349994 0.349993 0.349993 0.349994 0.349994 0.349994 0.349994 0.349994 0.349994 0.349994 0.000000 0.000000
0.000000 0.000000 0.349996 0.349996 0.349995 0.349996 0.349998 0.349999 0.349999 0.349998 0.349999 0.349997 0.349997 0.349996 0.349996 0.349997 0.349997 0.349996 0.349996 0.000000 0.000000
0.000000 0.000000 0.350336 0.350339 0.350337 0.350334 0.350328 0.350323 0.350324 0.350323 0.350324 0.350325 0.350323 0.350324 0.350330 0.350331 0.350332 0.350331 0.350334 0.000000 0.000000
0.000000 0.000000 0.351468 0.351470 0.351466 0.351458 0.351452 0.351443 0.351444 0.351438 0.351442 0.351443 0.351446 0.351447 0.351445 0.351452 0.351455 0.351460 0.351463 0.000000 0.000000
0.000000 0.000000 0.353101 0.353098 0.353094 0.353081 0.353066 0.353045 0.353044 0.353041 0.353044 0.353044 0.353045 0.353051 0.353069 0.353084 0.353089 0.353091 0.353095 0.000000 0.000000
0.000000 0.000000 0.354905 0.354905 0.354900 0.354883 0.354865 0.354846 0.354847 0.354843 0.354844 0.354844 0.354845 0.354850 0.354871 0.354885 0.354891 0.354894 0.354899 0.000000 0.000000
0.000000 0.000000 0.356705 0.356703 0.356695 0.356682 0.356665 0.356643 0.356644 0.356640 0.356641 0.356642 0.356643 0.356649 0.356668 0.356685 0.356690 0.356692 0.356698 0.000000 0.000000
0.000000 0.000000 0.358496 0.358493 0.358487 0.358473 0.358452 0.358432 0.358434 0.358431 0.358432 0.358432 0.358433 0.358438 0.358459 0.358476 0.358482 0.358484 0.358489 0.000000 0.000000
0.000000 0.000000 0.360311 0.360308 0.360301 0.360290 0.360273 0.360250 0.360251 0.360246 0.360247 0.360248 0.360249 0.360254 0.360273 0.360285 0.360293 0.360295 0.360301 0.000000 0.000000
0.000000 0.000000 0.362177 0.362174 0.362167 0.362151 0.362133 0.362111 0.362110 0.362107 0.362108 0.362107 0.362109 0.362113 0.362137 0.362152 0.362158 0.362160 0.362181 0.000000 0.000000
0.000000 0.000000 0.364055 0.364052 0.364043 0.364031 0.364010 0.363968 0.363968 0.363964 0.363964 0.363965 0.363966 0.363972 0.364011 0.364028 0.364034 0.364037 0.364050 0.000000 0.000000
0.000000 0.000000 0.366027 0.366021 0.366014 0.366001 0.365957 0.365943 0.365936 0.365933 0.365934 0.365934 0.365935 0.365940 0.365957 0.365996 0.366003 0.366010 0.366018 0.000000 0.000000
0.000000 0.000000 0.368137 0.368132 0.368117 0.368081 0.368056 0.368028 0.368015 0.368010 0.368005 0.368005 0.368010 0.368011 0.368035 0.368064 0.368103 0.368100 0.368107 0.000000 0.000000
0.000000 0.000000 0.370297 0.370292 0.370249 0.370238 0.370220 0.370203 0.370200 0.370198 0.370200 0.370200 0.370198 0.370210 0.370222 0.370235 0.370236 0.370275 0.370286 0.000000 0.000000
0.000000 0.000000 0.372672 0.372624 0.372584 0.372565 0.372532 0.372514 0.372510 0.372508 0.372502 0.372503 0.372507 0.372509 0.372524 0.372556 0.372573 0.372596 0.372645 0.000000 0.000000
0.000000 0.000000 0.374560 0.374546 0.374571 0.374547 0.374516 0.374463 0.374457 0.374452 0.374454 0.374453 0.374454 0.374463 0.374511 0.374541 0.374570 0.374526 0.374550 0.000000 0.000000
0.000000 0.000000 0.350000 0.350000 0.350000 0.350000 0.350000 0.350000 0.350000 0.350000 0.350000 0.350000 0.350000 0.350000 0.350000 0.350000 0.350000 0.350000 0.350000 0.000000 0.000000
0.000000 0.000000 0.000000 0.000000 0.000000 0.000000 0.000000 0.000000 0.000000 0.000000 0.000000 0.000000 0.000000 0.000000 0.000000 0.000000 0.000000 0.000000 0.000000 0.000000 0.000000