geotop/1.0zi/1.0Montebello/Templates/testdem/maps/_Eocsilt3629.asc
ncols         21
nrows         20
xllcorner     100.000000
yllcorner     100.000000
cellsize      50.000000
NODATA_value  -9999.0
0.000000 0.000000 0.000000 0.000000 0.000000 0.000000 0.000000 0.000000 0.000000 0.000000 0.000000 0.000000 0.000000 0.000000 0.000000 0.000000 0.000000 0.000000 0.000000 0.000000 0.000000
0.000000 0.000000 0.350095 0.350095 0.350095 0.350095 0.350095 0.350095 0.350095 0.350095 0.350094 0.350095 0.350095 0.350095 0.350095 0.350095 0.350095 0.350095 0.350095 0.000000 0.000000
0.000000 0.000000 0.349993 0.349993 0.349993 0.349993 0.349993 0.349993 0.349993 0.349993 0.349994 0.349993 0.349993 0.349993 0.349993 0.349993 0.349993 0.349993 0.349993 0.000000 0.000000
0.000000 0.000000 0.351381 0.351381 0.351378 0.351379 0.351382 0.351381 0.351381 0.351381 0.351381 0.351381 0.351381 0.351381 0.351382 0.351379 0.351378 0.351381 0.351381 0.000000 0.000000
0.000000 0.000000 0.356391 0.356390 0.356388 0.356389 0.356390 0.356390 0.356389 0.356391 0.356391 0.356391 0.356389 0.356390 0.356390 0.356389 0.356388 0.356390 0.356391 0.000000 0.000000
0.000000 0.000000 0.362625 0.362624 0.362622 0.362622 0.362624 0.362624 0.362623 0.362624 0.362624 0.362624 0.362623 0.362624 0.362624 0.362622 0.362622 0.362624 0.362625 0.000000 0.000000
0.000000 0.000000 0.368272 0.368271 0.368270 0.368270 0.368272 0.368271 0.368271 0.368271 0.368272 0.368271 0.368271 0.368271 0.368272 0.368270 0.368270 0.368271 0.368272 0.000000 0.000000
0.000000 0.000000 0.373368 0.373368 0.373367 0.373367 0.373368 0.373368 0.373367 0.373368 0.373368 0.373368 0.373367 0.373368 0.373368 0.373367 0.373367 0.373368 0.373368 0.000000 0.000000
0.000000 0.000000 0.378062 0.378062 0.378061 0.378061 0.378062 0.378062 0.378061 0.378062 0.378062 0.378062 0.378061 0.378062 0.378062 0.378061 0.378061 0.378062 0.378062 0.000000 0.000000
0.000000 0.000000 0.382465 0.382464 0.382463 0.382464 0.382465 0.382464 0.382464 0.382464 0.382465 0.382464 0.382464 0.382464 0.382465 0.382464 0.382463 0.382464 0.382465 0.000000 0.000000
0.000000 0.000000 0.386634 0.386634 0.386633 0.386633 0.386634 0.386634 0.386633 0.386634 0.386634 0.386634 0.386633 0.386634 0.386634 0.386633 0.386633 0.386634 0.386634 0.000000 0.000000
0.000000 0.000000 0.390612 0.390611 0.390610 0.390611 0.390612 0.390611 0.390611 0.390611 0.390612 0.390611 0.390611 0.390611 0.390612 0.390611 0.390610 0.390611 0.390612 0.000000 0.000000
0.000000 0.000000 0.394427 0.394427 0.394426 0.394426 0.394427 0.394427 0.394427 0.394427 0.394427 0.394427 0.394427 0.394427 0.394427 0.394426 0.394426 0.394427 0.394427 0.000000 0.000000
0.000000 0.000000 0.398110 0.398110 0.398109 0.398109 0.398110 0.398110 0.398109 0.398110 0.398110 0.398110 0.398109 0.398110 0.398110 0.398109 0.398109 0.398110 0.398110 0.000000 0.000000
0.000000 0.000000 0.401671 0.401671 0.401670 0.401670 0.401671 0.401671 0.401670 0.401671 0.401671 0.401671 0.401670 0.401671 0.401671 0.401670 0.401670 0.401671 0.401671 0.000000 0.000000
0.000000 0.000000 0.405116 0.405115 0.405114 0.405115 0.405116 0.405115 0.405115 0.405115 0.405116 0.405115 0.405115 0.405115 0.405116 0.405115 0.405114 0.405115 0.405116 0.000000 0.000000
0.000000 0.000000 0.408456 0.408456 0.408455 0.408455 0.408456 0.408456 0.408455 0.408456 0.408456 0.408456 0.408455 0.408456 0.408456 0.408455 0.408455 0.408456 0.408456 0.000000 0.000000
0.000000 0.000000 0.411736 0.411736 0.411736 0.411736 0.411737 0.411736 0.411736 0.411736 0.411737 0.411736 0.411736 0.411736 0.411737 0.411736 0.411736 0.411736 0.411737 0.000000 0.000000
0.000000 0.000000 0.350000 0.350000 0.350000 0.350000 0.350000 0.350000 0.350000 0.350000 0.350000 0.350000 0.350000 0.350000 0.350000 0.350000 0.350000 0.350000 0.350000 0.000000 0.000000
0.000000 0.000000 0.000000 0.000000 0.000000 0.000000 0.000000 0.000000 0.000000 0.000000 0.000000 0.000000 0.000000 0.000000 0.000000 0.000000 0.000000 0.000000 0.000000 0.000000 0.000000