geotop/1.0zi/1.0Montebello/Templates/testdem/maps/_Eocsand0732.asc
ncols         21
nrows         20
xllcorner     100.000000
yllcorner     100.000000
cellsize      50.000000
NODATA_value  -9999.0
0.000000 0.000000 0.000000 0.000000 0.000000 0.000000 0.000000 0.000000 0.000000 0.000000 0.000000 0.000000 0.000000 0.000000 0.000000 0.000000 0.000000 0.000000 0.000000 0.000000 0.000000
0.000000 0.000000 0.300029 0.300029 0.300029 0.300029 0.300029 0.300029 0.300029 0.300029 0.300029 0.300029 0.300029 0.300029 0.300029 0.300029 0.300029 0.300029 0.300029 0.000000 0.000000
0.000000 0.000000 0.300005 0.300005 0.300006 0.300005 0.300005 0.300005 0.300005 0.300005 0.300005 0.300005 0.300005 0.300005 0.300005 0.300005 0.300006 0.300005 0.300005 0.000000 0.000000
0.000000 0.000000 0.299349 0.299350 0.299354 0.299352 0.299349 0.299349 0.299349 0.299349 0.299349 0.299349 0.299349 0.299349 0.299349 0.299352 0.299354 0.299350 0.299349 0.000000 0.000000
0.000000 0.000000 0.297073 0.297075 0.297079 0.297080 0.297073 0.297074 0.297074 0.297073 0.297073 0.297073 0.297074 0.297074 0.297073 0.297080 0.297079 0.297075 0.297073 0.000000 0.000000
0.000000 0.000000 0.294540 0.294541 0.294544 0.294545 0.294540 0.294540 0.294540 0.294540 0.294540 0.294540 0.294540 0.294540 0.294540 0.294545 0.294544 0.294541 0.294540 0.000000 0.000000
0.000000 0.000000 0.292179 0.292180 0.292183 0.292183 0.292179 0.292179 0.292179 0.292179 0.292179 0.292179 0.292179 0.292179 0.292179 0.292183 0.292183 0.292180 0.292179 0.000000 0.000000
0.000000 0.000000 0.289994 0.289995 0.289998 0.289997 0.289994 0.289994 0.289994 0.289994 0.289994 0.289994 0.289994 0.289994 0.289994 0.289997 0.289998 0.289995 0.289994 0.000000 0.000000
0.000000 0.000000 0.287935 0.287936 0.287938 0.287938 0.287935 0.287935 0.287935 0.287935 0.287935 0.287935 0.287935 0.287935 0.287935 0.287938 0.287938 0.287936 0.287935 0.000000 0.000000
0.000000 0.000000 0.285954 0.285955 0.285957 0.285957 0.285954 0.285954 0.285954 0.285954 0.285954 0.285954 0.285954 0.285954 0.285954 0.285957 0.285957 0.285955 0.285954 0.000000 0.000000
0.000000 0.000000 0.284033 0.284034 0.284036 0.284036 0.284033 0.284033 0.284033 0.284033 0.284033 0.284033 0.284033 0.284033 0.284033 0.284036 0.284036 0.284034 0.284033 0.000000 0.000000
0.000000 0.000000 0.282152 0.282152 0.282155 0.282154 0.282152 0.282152 0.282152 0.282152 0.282152 0.282152 0.282152 0.282152 0.282152 0.282154 0.282155 0.282152 0.282152 0.000000 0.000000
0.000000 0.000000 0.280304 0.280305 0.280308 0.280307 0.280304 0.280305 0.280305 0.280304 0.280304 0.280304 0.280305 0.280305 0.280304 0.280307 0.280308 0.280305 0.280304 0.000000 0.000000
0.000000 0.000000 0.278486 0.278486 0.278489 0.278488 0.278486 0.278486 0.278486 0.278485 0.278486 0.278485 0.278486 0.278486 0.278486 0.278488 0.278489 0.278486 0.278486 0.000000 0.000000
0.000000 0.000000 0.276685 0.276686 0.276688 0.276688 0.276685 0.276685 0.276685 0.276685 0.276685 0.276685 0.276685 0.276685 0.276685 0.276688 0.276688 0.276686 0.276685 0.000000 0.000000
0.000000 0.000000 0.274897 0.274897 0.274900 0.274899 0.274897 0.274897 0.274897 0.274897 0.274897 0.274897 0.274897 0.274897 0.274897 0.274899 0.274900 0.274897 0.274897 0.000000 0.000000
0.000000 0.000000 0.273126 0.273127 0.273129 0.273129 0.273126 0.273126 0.273126 0.273126 0.273126 0.273126 0.273126 0.273126 0.273126 0.273129 0.273129 0.273127 0.273126 0.000000 0.000000
0.000000 0.000000 0.271325 0.271325 0.271327 0.271327 0.271324 0.271324 0.271324 0.271324 0.271324 0.271324 0.271324 0.271324 0.271324 0.271327 0.271327 0.271325 0.271324 0.000000 0.000000
0.000000 0.000000 0.300000 0.300000 0.300000 0.300000 0.300000 0.300000 0.300000 0.300000 0.300000 0.300000 0.300000 0.300000 0.300000 0.300000 0.300000 0.300000 0.300000 0.000000 0.000000
0.000000 0.000000 0.000000 0.000000 0.000000 0.000000 0.000000 0.000000 0.000000 0.000000 0.000000 0.000000 0.000000 0.000000 0.000000 0.000000 0.000000 0.000000 0.000000 0.000000 0.000000