geotop/1.0zi/1.0Montebello/Templates/testdem/maps/_Eocsand8025.asc
ncols         21
nrows         20
xllcorner     100.000000
yllcorner     100.000000
cellsize      50.000000
NODATA_value  -9999.0
0.000000 0.000000 0.000000 0.000000 0.000000 0.000000 0.000000 0.000000 0.000000 0.000000 0.000000 0.000000 0.000000 0.000000 0.000000 0.000000 0.000000 0.000000 0.000000 0.000000 0.000000
0.000000 0.000000 0.300205 0.300203 0.300203 0.300203 0.300202 0.300202 0.300202 0.300202 0.300203 0.300202 0.300203 0.300203 0.300202 0.300203 0.300204 0.300204 0.300204 0.000000 0.000000
0.000000 0.000000 0.300011 0.300012 0.300011 0.300010 0.300011 0.300012 0.300011 0.300011 0.300012 0.300012 0.300011 0.300011 0.300011 0.300011 0.300012 0.300013 0.300013 0.000000 0.000000
0.000000 0.000000 0.299894 0.299893 0.299898 0.299906 0.299901 0.299909 0.299904 0.299906 0.299906 0.299906 0.299906 0.299908 0.299903 0.299898 0.299896 0.299893 0.299893 0.000000 0.000000
0.000000 0.000000 0.297978 0.297976 0.297984 0.298000 0.298023 0.298032 0.298039 0.298037 0.298041 0.298040 0.298044 0.298038 0.298014 0.298007 0.297996 0.297984 0.297975 0.000000 0.000000
0.000000 0.000000 0.292463 0.292464 0.292487 0.292532 0.292567 0.292614 0.292614 0.292627 0.292619 0.292620 0.292616 0.292616 0.292593 0.292559 0.292531 0.292508 0.292497 0.000000 0.000000
0.000000 0.000000 0.284739 0.284747 0.284768 0.284818 0.284883 0.284956 0.284957 0.284966 0.284964 0.284966 0.284968 0.284962 0.284899 0.284841 0.284806 0.284779 0.284764 0.000000 0.000000
0.000000 0.000000 0.275601 0.275605 0.275621 0.275679 0.275741 0.275822 0.275822 0.275831 0.275833 0.275839 0.275843 0.275828 0.275759 0.275705 0.275652 0.275636 0.275612 0.000000 0.000000
0.000000 0.000000 0.265854 0.265870 0.265900 0.265938 0.266004 0.266091 0.266087 0.266106 0.266111 0.266115 0.266113 0.266115 0.266030 0.265961 0.265919 0.265899 0.265879 0.000000 0.000000
0.000000 0.000000 0.255575 0.255594 0.255611 0.255649 0.255744 0.255822 0.255822 0.255832 0.255844 0.255838 0.255827 0.255831 0.255760 0.255680 0.255631 0.255615 0.255600 0.000000 0.000000
0.000000 0.000000 0.244438 0.244451 0.244470 0.244551 0.244617 0.244710 0.244690 0.244740 0.244734 0.244736 0.244754 0.244721 0.244656 0.244606 0.244544 0.244511 0.244470 0.000000 0.000000
0.000000 0.000000 0.232108 0.232141 0.232181 0.232233 0.232309 0.232424 0.232432 0.232445 0.232419 0.232460 0.232448 0.232441 0.232322 0.232261 0.232218 0.232195 0.232092 0.000000 0.000000
0.000000 0.000000 0.218809 0.218842 0.218858 0.218933 0.219000 0.219298 0.219302 0.219320 0.219398 0.219358 0.219341 0.219313 0.219086 0.219025 0.218911 0.218899 0.218848 0.000000 0.000000
0.000000 0.000000 0.203276 0.203287 0.203351 0.203403 0.203774 0.203752 0.203829 0.203829 0.203808 0.203830 0.203840 0.203856 0.203885 0.203501 0.203436 0.203336 0.203264 0.000000 0.000000
0.000000 0.000000 0.185019 0.185053 0.185131 0.185596 0.185570 0.185800 0.185908 0.185934 0.186011 0.186068 0.186017 0.186027 0.185804 0.185802 0.185187 0.185278 0.185265 0.000000 0.000000
0.000000 0.000000 0.164990 0.165021 0.165694 0.165531 0.165579 0.165652 0.165408 0.165488 0.165360 0.165411 0.165519 0.165352 0.165328 0.165292 0.165754 0.164797 0.164812 0.000000 0.000000
0.000000 0.000000 0.140107 0.141166 0.140980 0.141369 0.141903 0.142058 0.142335 0.142271 0.142580 0.142556 0.142382 0.142549 0.142284 0.141891 0.141020 0.141550 0.140453 0.000000 0.000000
0.000000 0.000000 0.130429 0.129469 0.128552 0.128559 0.128534 0.129413 0.129279 0.129533 0.129129 0.129213 0.129270 0.129135 0.128396 0.128416 0.128384 0.129119 0.130057 0.000000 0.000000
0.000000 0.000000 0.300000 0.300000 0.300000 0.300000 0.300000 0.300000 0.300000 0.300000 0.300000 0.300000 0.300000 0.300000 0.300000 0.300000 0.300000 0.300000 0.300000 0.000000 0.000000
0.000000 0.000000 0.000000 0.000000 0.000000 0.000000 0.000000 0.000000 0.000000 0.000000 0.000000 0.000000 0.000000 0.000000 0.000000 0.000000 0.000000 0.000000 0.000000 0.000000 0.000000