geotop/1.0zi/1.0Montebello/Templates/testdem/maps/_Eocsilt2320.asc
ncols         21
nrows         20
xllcorner     100.000000
yllcorner     100.000000
cellsize      50.000000
NODATA_value  -9999.0
0.000000 0.000000 0.000000 0.000000 0.000000 0.000000 0.000000 0.000000 0.000000 0.000000 0.000000 0.000000 0.000000 0.000000 0.000000 0.000000 0.000000 0.000000 0.000000 0.000000 0.000000
0.000000 0.000000 0.350056 0.350056 0.350056 0.350056 0.350056 0.350056 0.350056 0.350056 0.350056 0.350056 0.350056 0.350056 0.350056 0.350056 0.350056 0.350056 0.350056 0.000000 0.000000
0.000000 0.000000 0.349998 0.349998 0.349998 0.349998 0.349998 0.349998 0.349998 0.349998 0.349998 0.349998 0.349998 0.349998 0.349998 0.349998 0.349998 0.349998 0.349998 0.000000 0.000000
0.000000 0.000000 0.350762 0.350761 0.350759 0.350760 0.350762 0.350762 0.350762 0.350762 0.350762 0.350762 0.350762 0.350762 0.350762 0.350760 0.350759 0.350761 0.350762 0.000000 0.000000
0.000000 0.000000 0.353750 0.353749 0.353747 0.353748 0.353750 0.353749 0.353749 0.353751 0.353751 0.353751 0.353749 0.353749 0.353750 0.353748 0.353747 0.353749 0.353750 0.000000 0.000000
0.000000 0.000000 0.357651 0.357651 0.357649 0.357650 0.357652 0.357651 0.357651 0.357652 0.357652 0.357652 0.357651 0.357651 0.357652 0.357650 0.357649 0.357651 0.357651 0.000000 0.000000
0.000000 0.000000 0.361228 0.361227 0.361226 0.361226 0.361228 0.361228 0.361228 0.361228 0.361229 0.361228 0.361228 0.361228 0.361228 0.361226 0.361226 0.361227 0.361228 0.000000 0.000000
0.000000 0.000000 0.364496 0.364496 0.364494 0.364495 0.364496 0.364496 0.364496 0.364496 0.364497 0.364496 0.364496 0.364496 0.364496 0.364495 0.364494 0.364496 0.364496 0.000000 0.000000
0.000000 0.000000 0.367545 0.367545 0.367543 0.367544 0.367545 0.367545 0.367545 0.367545 0.367546 0.367545 0.367545 0.367545 0.367545 0.367544 0.367543 0.367545 0.367545 0.000000 0.000000
0.000000 0.000000 0.370448 0.370448 0.370447 0.370447 0.370448 0.370448 0.370448 0.370449 0.370449 0.370449 0.370448 0.370448 0.370448 0.370447 0.370447 0.370448 0.370448 0.000000 0.000000
0.000000 0.000000 0.373239 0.373238 0.373237 0.373238 0.373239 0.373238 0.373238 0.373239 0.373239 0.373239 0.373238 0.373238 0.373239 0.373238 0.373237 0.373238 0.373239 0.000000 0.000000
0.000000 0.000000 0.375939 0.375939 0.375938 0.375938 0.375940 0.375939 0.375939 0.375940 0.375940 0.375940 0.375939 0.375939 0.375940 0.375938 0.375938 0.375939 0.375939 0.000000 0.000000
0.000000 0.000000 0.378571 0.378571 0.378570 0.378571 0.378572 0.378571 0.378571 0.378572 0.378572 0.378572 0.378571 0.378571 0.378572 0.378571 0.378570 0.378571 0.378571 0.000000 0.000000
0.000000 0.000000 0.381145 0.381145 0.381144 0.381144 0.381145 0.381145 0.381145 0.381145 0.381146 0.381145 0.381145 0.381145 0.381145 0.381144 0.381144 0.381145 0.381145 0.000000 0.000000
0.000000 0.000000 0.383670 0.383669 0.383668 0.383669 0.383670 0.383669 0.383670 0.383670 0.383670 0.383670 0.383670 0.383669 0.383670 0.383669 0.383668 0.383669 0.383670 0.000000 0.000000
0.000000 0.000000 0.386149 0.386149 0.386148 0.386148 0.386149 0.386149 0.386149 0.386149 0.386150 0.386149 0.386149 0.386149 0.386149 0.386148 0.386148 0.386149 0.386149 0.000000 0.000000
0.000000 0.000000 0.388585 0.388585 0.388584 0.388585 0.388586 0.388585 0.388585 0.388586 0.388586 0.388586 0.388585 0.388585 0.388586 0.388585 0.388584 0.388585 0.388585 0.000000 0.000000
0.000000 0.000000 0.391014 0.391014 0.391013 0.391013 0.391015 0.391014 0.391014 0.391015 0.391015 0.391015 0.391014 0.391014 0.391015 0.391013 0.391013 0.391014 0.391014 0.000000 0.000000
0.000000 0.000000 0.350000 0.350000 0.350000 0.350000 0.350000 0.350000 0.350000 0.350000 0.350000 0.350000 0.350000 0.350000 0.350000 0.350000 0.350000 0.350000 0.350000 0.000000 0.000000
0.000000 0.000000 0.000000 0.000000 0.000000 0.000000 0.000000 0.000000 0.000000 0.000000 0.000000 0.000000 0.000000 0.000000 0.000000 0.000000 0.000000 0.000000 0.000000 0.000000 0.000000