geotop/1.0zi/1.0Montebello/Templates/testdem/maps/_Eocsand8501.asc
ncols         21
nrows         20
xllcorner     100.000000
yllcorner     100.000000
cellsize      50.000000
NODATA_value  -9999.0
0.000000 0.000000 0.000000 0.000000 0.000000 0.000000 0.000000 0.000000 0.000000 0.000000 0.000000 0.000000 0.000000 0.000000 0.000000 0.000000 0.000000 0.000000 0.000000 0.000000 0.000000
0.000000 0.000000 0.300213 0.300211 0.300211 0.300212 0.300211 0.300210 0.300210 0.300211 0.300211 0.300211 0.300211 0.300211 0.300211 0.300211 0.300212 0.300212 0.300212 0.000000 0.000000
0.000000 0.000000 0.300012 0.300013 0.300013 0.300011 0.300012 0.300013 0.300013 0.300013 0.300013 0.300013 0.300012 0.300012 0.300012 0.300012 0.300013 0.300014 0.300014 0.000000 0.000000
0.000000 0.000000 0.299893 0.299892 0.299897 0.299905 0.299900 0.299908 0.299903 0.299906 0.299906 0.299906 0.299906 0.299907 0.299902 0.299898 0.299895 0.299892 0.299893 0.000000 0.000000
0.000000 0.000000 0.297880 0.297881 0.297895 0.297913 0.297938 0.297946 0.297951 0.297952 0.297954 0.297949 0.297948 0.297946 0.297924 0.297919 0.297906 0.297894 0.297883 0.000000 0.000000
0.000000 0.000000 0.291951 0.291956 0.291982 0.292032 0.292070 0.292116 0.292116 0.292130 0.292120 0.292120 0.292111 0.292115 0.292089 0.292056 0.292027 0.292007 0.291994 0.000000 0.000000
0.000000 0.000000 0.283620 0.283634 0.283653 0.283708 0.283777 0.283856 0.283855 0.283865 0.283863 0.283861 0.283863 0.283858 0.283791 0.283733 0.283698 0.283670 0.283655 0.000000 0.000000
0.000000 0.000000 0.273759 0.273769 0.273784 0.273847 0.273911 0.273997 0.273997 0.274009 0.274010 0.274013 0.274018 0.274002 0.273929 0.273875 0.273820 0.273805 0.273779 0.000000 0.000000
0.000000 0.000000 0.263158 0.263180 0.263210 0.263251 0.263324 0.263417 0.263410 0.263431 0.263436 0.263438 0.263435 0.263438 0.263348 0.263277 0.263234 0.263213 0.263190 0.000000 0.000000
0.000000 0.000000 0.251859 0.251884 0.251901 0.251942 0.252046 0.252129 0.252128 0.252139 0.252152 0.252142 0.252130 0.252136 0.252060 0.251975 0.251925 0.251907 0.251892 0.000000 0.000000
0.000000 0.000000 0.239480 0.239495 0.239513 0.239609 0.239677 0.239783 0.239755 0.239816 0.239803 0.239807 0.239827 0.239792 0.239717 0.239668 0.239599 0.239565 0.239519 0.000000 0.000000
0.000000 0.000000 0.225612 0.225656 0.225698 0.225750 0.225840 0.225962 0.225974 0.225985 0.225957 0.226001 0.225982 0.225981 0.225848 0.225779 0.225737 0.225709 0.225598 0.000000 0.000000
0.000000 0.000000 0.210476 0.210521 0.210526 0.210622 0.210692 0.211034 0.211041 0.211057 0.211153 0.211096 0.211081 0.211050 0.210786 0.210724 0.210591 0.210582 0.210528 0.000000 0.000000
0.000000 0.000000 0.192505 0.192518 0.192591 0.192653 0.193097 0.193042 0.193131 0.193130 0.193095 0.193129 0.193136 0.193170 0.193223 0.192758 0.192699 0.192576 0.192494 0.000000 0.000000
0.000000 0.000000 0.171168 0.171216 0.171306 0.171879 0.171800 0.172091 0.172214 0.172244 0.172346 0.172407 0.172342 0.172355 0.172070 0.172124 0.171367 0.171497 0.171490 0.000000 0.000000
0.000000 0.000000 0.147916 0.147958 0.148781 0.148512 0.148589 0.148642 0.148319 0.148418 0.148244 0.148295 0.148434 0.148232 0.148238 0.148185 0.148859 0.147647 0.147665 0.000000 0.000000
0.000000 0.000000 0.119632 0.120889 0.120555 0.121058 0.121683 0.121871 0.122242 0.122156 0.122545 0.122501 0.122275 0.122507 0.122180 0.121721 0.120605 0.121393 0.120086 0.000000 0.000000
0.000000 0.000000 0.110643 0.109473 0.108478 0.108463 0.108384 0.109347 0.109167 0.109456 0.108970 0.109065 0.109145 0.108982 0.108186 0.108247 0.108298 0.109047 0.110200 0.000000 0.000000
0.000000 0.000000 0.300000 0.300000 0.300000 0.300000 0.300000 0.300000 0.300000 0.300000 0.300000 0.300000 0.300000 0.300000 0.300000 0.300000 0.300000 0.300000 0.300000 0.000000 0.000000
0.000000 0.000000 0.000000 0.000000 0.000000 0.000000 0.000000 0.000000 0.000000 0.000000 0.000000 0.000000 0.000000 0.000000 0.000000 0.000000 0.000000 0.000000 0.000000 0.000000 0.000000