geotop/1.0zi/1.0Montebello/Templates/testdem/maps/_Eocsand8384.asc
ncols         21
nrows         20
xllcorner     100.000000
yllcorner     100.000000
cellsize      50.000000
NODATA_value  -9999.0
0.000000 0.000000 0.000000 0.000000 0.000000 0.000000 0.000000 0.000000 0.000000 0.000000 0.000000 0.000000 0.000000 0.000000 0.000000 0.000000 0.000000 0.000000 0.000000 0.000000 0.000000
0.000000 0.000000 0.300210 0.300207 0.300207 0.300208 0.300207 0.300207 0.300207 0.300207 0.300208 0.300207 0.300207 0.300207 0.300207 0.300207 0.300208 0.300208 0.300208 0.000000 0.000000
0.000000 0.000000 0.300011 0.300012 0.300012 0.300010 0.300012 0.300012 0.300012 0.300012 0.300012 0.300012 0.300011 0.300012 0.300011 0.300012 0.300012 0.300013 0.300013 0.000000 0.000000
0.000000 0.000000 0.299893 0.299893 0.299897 0.299905 0.299901 0.299909 0.299904 0.299906 0.299906 0.299906 0.299906 0.299908 0.299903 0.299898 0.299896 0.299893 0.299894 0.000000 0.000000
0.000000 0.000000 0.297936 0.297933 0.297942 0.297957 0.297979 0.297989 0.297995 0.297994 0.297999 0.297997 0.298000 0.297994 0.297970 0.297964 0.297952 0.297938 0.297929 0.000000 0.000000
0.000000 0.000000 0.292164 0.292165 0.292187 0.292233 0.292268 0.292316 0.292317 0.292330 0.292321 0.292323 0.292319 0.292318 0.292294 0.292259 0.292231 0.292208 0.292196 0.000000 0.000000
0.000000 0.000000 0.284075 0.284084 0.284101 0.284153 0.284220 0.284298 0.284299 0.284307 0.284306 0.284306 0.284310 0.284303 0.284237 0.284179 0.284144 0.284115 0.284099 0.000000 0.000000
0.000000 0.000000 0.274483 0.274489 0.274503 0.274563 0.274623 0.274708 0.274710 0.274721 0.274721 0.274727 0.274733 0.274716 0.274646 0.274590 0.274534 0.274518 0.274492 0.000000 0.000000
0.000000 0.000000 0.264193 0.264210 0.264240 0.264277 0.264346 0.264436 0.264432 0.264451 0.264456 0.264462 0.264459 0.264461 0.264374 0.264302 0.264258 0.264235 0.264213 0.000000 0.000000
0.000000 0.000000 0.253263 0.253282 0.253298 0.253334 0.253433 0.253514 0.253516 0.253525 0.253539 0.253532 0.253521 0.253525 0.253452 0.253366 0.253316 0.253296 0.253281 0.000000 0.000000
0.000000 0.000000 0.241331 0.241338 0.241356 0.241446 0.241509 0.241612 0.241588 0.241645 0.241633 0.241641 0.241659 0.241625 0.241553 0.241502 0.241433 0.241398 0.241353 0.000000 0.000000
0.000000 0.000000 0.228014 0.228050 0.228089 0.228137 0.228220 0.228339 0.228353 0.228362 0.228336 0.228382 0.228364 0.228362 0.228235 0.228164 0.228121 0.228091 0.227985 0.000000 0.000000
0.000000 0.000000 0.213533 0.213569 0.213574 0.213661 0.213725 0.214051 0.214062 0.214075 0.214167 0.214116 0.214102 0.214072 0.213821 0.213757 0.213629 0.213616 0.213563 0.000000 0.000000
0.000000 0.000000 0.196432 0.196437 0.196504 0.196560 0.196971 0.196931 0.197019 0.197016 0.196988 0.197021 0.197029 0.197057 0.197101 0.196660 0.196598 0.196480 0.196401 0.000000 0.000000
0.000000 0.000000 0.176186 0.176221 0.176307 0.176834 0.176773 0.177039 0.177163 0.177187 0.177282 0.177345 0.177286 0.177297 0.177038 0.177064 0.176357 0.176468 0.176459 0.000000 0.000000
0.000000 0.000000 0.154023 0.154052 0.154820 0.154590 0.154650 0.154712 0.154424 0.154514 0.154359 0.154413 0.154542 0.154351 0.154347 0.154296 0.154883 0.153760 0.153777 0.000000 0.000000
0.000000 0.000000 0.126757 0.127944 0.127663 0.128119 0.128713 0.128892 0.129236 0.129156 0.129517 0.129483 0.129276 0.129485 0.129177 0.128733 0.127700 0.128390 0.127148 0.000000 0.000000
0.000000 0.000000 0.117431 0.116307 0.115329 0.115318 0.115252 0.116198 0.116033 0.116315 0.115850 0.115944 0.116020 0.115861 0.115077 0.115122 0.115143 0.115889 0.116985 0.000000 0.000000
0.000000 0.000000 0.300000 0.300000 0.300000 0.300000 0.300000 0.300000 0.300000 0.300000 0.300000 0.300000 0.300000 0.300000 0.300000 0.300000 0.300000 0.300000 0.300000 0.000000 0.000000
0.000000 0.000000 0.000000 0.000000 0.000000 0.000000 0.000000 0.000000 0.000000 0.000000 0.000000 0.000000 0.000000 0.000000 0.000000 0.000000 0.000000 0.000000 0.000000 0.000000 0.000000