geotop/1.0zi/1.0Montebello/Templates/testdem/maps/_Eocsand7629.asc
ncols         21
nrows         20
xllcorner     100.000000
yllcorner     100.000000
cellsize      50.000000
NODATA_value  -9999.0
0.000000 0.000000 0.000000 0.000000 0.000000 0.000000 0.000000 0.000000 0.000000 0.000000 0.000000 0.000000 0.000000 0.000000 0.000000 0.000000 0.000000 0.000000 0.000000 0.000000 0.000000
0.000000 0.000000 0.300195 0.300193 0.300193 0.300194 0.300193 0.300192 0.300193 0.300193 0.300194 0.300193 0.300193 0.300193 0.300193 0.300193 0.300194 0.300194 0.300194 0.000000 0.000000
0.000000 0.000000 0.300010 0.300011 0.300011 0.300010 0.300010 0.300011 0.300011 0.300011 0.300011 0.300011 0.300010 0.300011 0.300010 0.300011 0.300011 0.300012 0.300013 0.000000 0.000000
0.000000 0.000000 0.299894 0.299893 0.299898 0.299905 0.299901 0.299909 0.299904 0.299906 0.299907 0.299906 0.299906 0.299908 0.299903 0.299898 0.299896 0.299893 0.299893 0.000000 0.000000
0.000000 0.000000 0.298076 0.298072 0.298080 0.298097 0.298118 0.298127 0.298133 0.298132 0.298135 0.298134 0.298137 0.298131 0.298108 0.298102 0.298092 0.298080 0.298071 0.000000 0.000000
0.000000 0.000000 0.293032 0.293033 0.293054 0.293096 0.293128 0.293172 0.293172 0.293185 0.293177 0.293178 0.293174 0.293173 0.293151 0.293120 0.293094 0.293071 0.293061 0.000000 0.000000
0.000000 0.000000 0.285921 0.285928 0.285946 0.285994 0.286054 0.286122 0.286123 0.286133 0.286130 0.286131 0.286134 0.286128 0.286068 0.286014 0.285982 0.285954 0.285940 0.000000 0.000000
0.000000 0.000000 0.277455 0.277458 0.277472 0.277526 0.277583 0.277659 0.277659 0.277668 0.277670 0.277675 0.277679 0.277664 0.277599 0.277548 0.277499 0.277483 0.277459 0.000000 0.000000
0.000000 0.000000 0.268479 0.268493 0.268520 0.268555 0.268615 0.268696 0.268692 0.268711 0.268716 0.268719 0.268717 0.268718 0.268639 0.268575 0.268535 0.268516 0.268496 0.000000 0.000000
0.000000 0.000000 0.259088 0.259105 0.259119 0.259152 0.259239 0.259312 0.259311 0.259321 0.259333 0.259327 0.259316 0.259320 0.259253 0.259179 0.259134 0.259118 0.259104 0.000000 0.000000
0.000000 0.000000 0.249008 0.249019 0.249035 0.249107 0.249168 0.249251 0.249234 0.249280 0.249274 0.249276 0.249292 0.249261 0.249201 0.249155 0.249098 0.249067 0.249029 0.000000 0.000000
0.000000 0.000000 0.237956 0.237984 0.238018 0.238065 0.238131 0.238236 0.238241 0.238256 0.238232 0.238268 0.238258 0.238250 0.238142 0.238089 0.238049 0.238026 0.237932 0.000000 0.000000
0.000000 0.000000 0.226145 0.226174 0.226188 0.226252 0.226310 0.226570 0.226573 0.226591 0.226656 0.226624 0.226608 0.226583 0.226383 0.226329 0.226230 0.226217 0.226166 0.000000 0.000000
0.000000 0.000000 0.212542 0.212552 0.212603 0.212649 0.212959 0.212958 0.213023 0.213025 0.213014 0.213028 0.213035 0.213046 0.213057 0.212735 0.212673 0.212587 0.212521 0.000000 0.000000
0.000000 0.000000 0.196729 0.196755 0.196822 0.197198 0.197201 0.197387 0.197482 0.197504 0.197566 0.197614 0.197572 0.197582 0.197401 0.197373 0.196869 0.196933 0.196914 0.000000 0.000000
0.000000 0.000000 0.179390 0.179416 0.179954 0.179861 0.179895 0.179969 0.179785 0.179853 0.179759 0.179806 0.179886 0.179753 0.179717 0.179689 0.180001 0.179247 0.179256 0.000000 0.000000
0.000000 0.000000 0.157898 0.158748 0.158671 0.158961 0.159387 0.159515 0.159707 0.159667 0.159901 0.159888 0.159760 0.159874 0.159662 0.159348 0.158701 0.159015 0.158138 0.000000 0.000000
0.000000 0.000000 0.147828 0.147146 0.146363 0.146408 0.146438 0.147172 0.147091 0.147294 0.146997 0.147063 0.147090 0.146995 0.146362 0.146343 0.146219 0.146884 0.147542 0.000000 0.000000
0.000000 0.000000 0.300000 0.300000 0.300000 0.300000 0.300000 0.300000 0.300000 0.300000 0.300000 0.300000 0.300000 0.300000 0.300000 0.300000 0.300000 0.300000 0.300000 0.000000 0.000000
0.000000 0.000000 0.000000 0.000000 0.000000 0.000000 0.000000 0.000000 0.000000 0.000000 0.000000 0.000000 0.000000 0.000000 0.000000 0.000000 0.000000 0.000000 0.000000 0.000000 0.000000