geotop/1.0zi/1.0Montebello/Templates/testdem/maps/_Eocsilt3636.asc
ncols         21
nrows         20
xllcorner     100.000000
yllcorner     100.000000
cellsize      50.000000
NODATA_value  -9999.0
0.000000 0.000000 0.000000 0.000000 0.000000 0.000000 0.000000 0.000000 0.000000 0.000000 0.000000 0.000000 0.000000 0.000000 0.000000 0.000000 0.000000 0.000000 0.000000 0.000000 0.000000
0.000000 0.000000 0.350095 0.350095 0.350095 0.350095 0.350095 0.350095 0.350095 0.350095 0.350094 0.350095 0.350095 0.350095 0.350095 0.350095 0.350095 0.350095 0.350095 0.000000 0.000000
0.000000 0.000000 0.349993 0.349993 0.349993 0.349993 0.349993 0.349993 0.349993 0.349993 0.349994 0.349993 0.349993 0.349993 0.349993 0.349993 0.349993 0.349993 0.349993 0.000000 0.000000
0.000000 0.000000 0.351382 0.351381 0.351379 0.351380 0.351382 0.351382 0.351382 0.351381 0.351382 0.351381 0.351382 0.351382 0.351382 0.351380 0.351379 0.351381 0.351382 0.000000 0.000000
0.000000 0.000000 0.356395 0.356394 0.356392 0.356392 0.356394 0.356393 0.356393 0.356395 0.356395 0.356395 0.356393 0.356393 0.356394 0.356392 0.356392 0.356394 0.356395 0.000000 0.000000
0.000000 0.000000 0.362642 0.362641 0.362640 0.362640 0.362642 0.362641 0.362641 0.362641 0.362642 0.362641 0.362641 0.362641 0.362642 0.362640 0.362640 0.362641 0.362642 0.000000 0.000000
0.000000 0.000000 0.368300 0.368299 0.368298 0.368298 0.368300 0.368299 0.368299 0.368299 0.368300 0.368299 0.368299 0.368299 0.368300 0.368298 0.368298 0.368299 0.368300 0.000000 0.000000
0.000000 0.000000 0.373405 0.373404 0.373403 0.373403 0.373405 0.373404 0.373404 0.373404 0.373405 0.373404 0.373404 0.373404 0.373405 0.373403 0.373403 0.373404 0.373405 0.000000 0.000000
0.000000 0.000000 0.378105 0.378105 0.378104 0.378104 0.378105 0.378105 0.378104 0.378105 0.378105 0.378105 0.378104 0.378105 0.378105 0.378104 0.378104 0.378105 0.378105 0.000000 0.000000
0.000000 0.000000 0.382513 0.382512 0.382511 0.382512 0.382513 0.382512 0.382512 0.382513 0.382513 0.382513 0.382512 0.382512 0.382513 0.382512 0.382511 0.382512 0.382513 0.000000 0.000000
0.000000 0.000000 0.386687 0.386687 0.386686 0.386686 0.386687 0.386687 0.386686 0.386687 0.386687 0.386687 0.386686 0.386687 0.386687 0.386686 0.386686 0.386687 0.386687 0.000000 0.000000
0.000000 0.000000 0.390669 0.390668 0.390667 0.390668 0.390669 0.390668 0.390668 0.390668 0.390669 0.390668 0.390668 0.390668 0.390669 0.390668 0.390667 0.390668 0.390669 0.000000 0.000000
0.000000 0.000000 0.394488 0.394488 0.394487 0.394487 0.394488 0.394488 0.394487 0.394488 0.394488 0.394488 0.394487 0.394488 0.394488 0.394487 0.394487 0.394488 0.394488 0.000000 0.000000
0.000000 0.000000 0.398174 0.398174 0.398173 0.398173 0.398174 0.398174 0.398173 0.398174 0.398174 0.398174 0.398173 0.398174 0.398174 0.398173 0.398173 0.398174 0.398174 0.000000 0.000000
0.000000 0.000000 0.401738 0.401738 0.401737 0.401737 0.401738 0.401738 0.401738 0.401738 0.401738 0.401738 0.401738 0.401738 0.401738 0.401737 0.401737 0.401738 0.401738 0.000000 0.000000
0.000000 0.000000 0.405186 0.405185 0.405184 0.405185 0.405186 0.405185 0.405185 0.405185 0.405186 0.405185 0.405185 0.405185 0.405186 0.405185 0.405184 0.405185 0.405186 0.000000 0.000000
0.000000 0.000000 0.408529 0.408528 0.408527 0.408528 0.408529 0.408528 0.408528 0.408528 0.408529 0.408528 0.408528 0.408528 0.408529 0.408528 0.408527 0.408528 0.408529 0.000000 0.000000
0.000000 0.000000 0.411811 0.411811 0.411810 0.411811 0.411811 0.411811 0.411811 0.411811 0.411811 0.411811 0.411811 0.411811 0.411811 0.411811 0.411810 0.411811 0.411811 0.000000 0.000000
0.000000 0.000000 0.350000 0.350000 0.350000 0.350000 0.350000 0.350000 0.350000 0.350000 0.350000 0.350000 0.350000 0.350000 0.350000 0.350000 0.350000 0.350000 0.350000 0.000000 0.000000
0.000000 0.000000 0.000000 0.000000 0.000000 0.000000 0.000000 0.000000 0.000000 0.000000 0.000000 0.000000 0.000000 0.000000 0.000000 0.000000 0.000000 0.000000 0.000000 0.000000 0.000000