geotop/1.0zi/1.0Montebello/Templates/testdem/maps/_Eocclay0280.asc
ncols         21
nrows         20
xllcorner     100.000000
yllcorner     100.000000
cellsize      50.000000
NODATA_value  -9999.0
0.000000 0.000000 0.000000 0.000000 0.000000 0.000000 0.000000 0.000000 0.000000 0.000000 0.000000 0.000000 0.000000 0.000000 0.000000 0.000000 0.000000 0.000000 0.000000 0.000000 0.000000
0.000000 0.000000 0.349980 0.349980 0.349980 0.349980 0.349980 0.349980 0.349980 0.349980 0.349980 0.349980 0.349980 0.349980 0.349980 0.349980 0.349980 0.349980 0.349980 0.000000 0.000000
0.000000 0.000000 0.349999 0.349998 0.349998 0.349998 0.349999 0.349999 0.349999 0.349999 0.349999 0.349999 0.349999 0.349999 0.349999 0.349998 0.349998 0.349998 0.349999 0.000000 0.000000
0.000000 0.000000 0.350255 0.350255 0.350253 0.350255 0.350255 0.350255 0.350255 0.350255 0.350255 0.350255 0.350255 0.350255 0.350255 0.350255 0.350253 0.350255 0.350255 0.000000 0.000000
0.000000 0.000000 0.350878 0.350878 0.350876 0.350878 0.350878 0.350878 0.350878 0.350878 0.350878 0.350878 0.350878 0.350878 0.350878 0.350878 0.350876 0.350878 0.350878 0.000000 0.000000
0.000000 0.000000 0.351441 0.351441 0.351439 0.351441 0.351441 0.351441 0.351441 0.351441 0.351441 0.351441 0.351441 0.351441 0.351441 0.351441 0.351439 0.351441 0.351441 0.000000 0.000000
0.000000 0.000000 0.351949 0.351949 0.351947 0.351949 0.351949 0.351949 0.351949 0.351949 0.351949 0.351949 0.351949 0.351949 0.351949 0.351949 0.351947 0.351949 0.351949 0.000000 0.000000
0.000000 0.000000 0.352413 0.352413 0.352412 0.352413 0.352413 0.352413 0.352413 0.352413 0.352413 0.352413 0.352413 0.352413 0.352413 0.352413 0.352412 0.352413 0.352413 0.000000 0.000000
0.000000 0.000000 0.352849 0.352849 0.352847 0.352849 0.352849 0.352849 0.352849 0.352849 0.352849 0.352849 0.352849 0.352849 0.352849 0.352849 0.352847 0.352849 0.352849 0.000000 0.000000
0.000000 0.000000 0.353267 0.353267 0.353266 0.353267 0.353267 0.353267 0.353267 0.353267 0.353267 0.353267 0.353267 0.353267 0.353267 0.353267 0.353266 0.353267 0.353267 0.000000 0.000000
0.000000 0.000000 0.353672 0.353672 0.353670 0.353672 0.353672 0.353672 0.353672 0.353672 0.353672 0.353672 0.353672 0.353672 0.353672 0.353672 0.353670 0.353672 0.353672 0.000000 0.000000
0.000000 0.000000 0.354066 0.354066 0.354065 0.354066 0.354066 0.354066 0.354066 0.354066 0.354066 0.354066 0.354066 0.354066 0.354066 0.354066 0.354065 0.354066 0.354066 0.000000 0.000000
0.000000 0.000000 0.354453 0.354453 0.354452 0.354453 0.354453 0.354453 0.354453 0.354453 0.354453 0.354453 0.354453 0.354453 0.354453 0.354453 0.354452 0.354453 0.354453 0.000000 0.000000
0.000000 0.000000 0.354831 0.354831 0.354830 0.354831 0.354831 0.354831 0.354831 0.354831 0.354831 0.354831 0.354831 0.354831 0.354831 0.354831 0.354830 0.354831 0.354831 0.000000 0.000000
0.000000 0.000000 0.355204 0.355204 0.355203 0.355204 0.355204 0.355204 0.355204 0.355204 0.355204 0.355204 0.355204 0.355204 0.355204 0.355204 0.355203 0.355204 0.355204 0.000000 0.000000
0.000000 0.000000 0.355575 0.355574 0.355573 0.355574 0.355575 0.355575 0.355575 0.355575 0.355575 0.355575 0.355575 0.355575 0.355575 0.355574 0.355573 0.355574 0.355575 0.000000 0.000000
0.000000 0.000000 0.355939 0.355939 0.355938 0.355939 0.355939 0.355939 0.355939 0.355939 0.355939 0.355939 0.355939 0.355939 0.355939 0.355939 0.355938 0.355939 0.355939 0.000000 0.000000
0.000000 0.000000 0.356323 0.356323 0.356321 0.356323 0.356323 0.356323 0.356323 0.356323 0.356323 0.356323 0.356323 0.356323 0.356323 0.356323 0.356321 0.356323 0.356323 0.000000 0.000000
0.000000 0.000000 0.350000 0.350000 0.350000 0.350000 0.350000 0.350000 0.350000 0.350000 0.350000 0.350000 0.350000 0.350000 0.350000 0.350000 0.350000 0.350000 0.350000 0.000000 0.000000
0.000000 0.000000 0.000000 0.000000 0.000000 0.000000 0.000000 0.000000 0.000000 0.000000 0.000000 0.000000 0.000000 0.000000 0.000000 0.000000 0.000000 0.000000 0.000000 0.000000 0.000000