geotop/1.0zi/1.0Montebello/Templates/testdem/maps/_Eocsilt7156.asc
ncols         21
nrows         20
xllcorner     100.000000
yllcorner     100.000000
cellsize      50.000000
NODATA_value  -9999.0
0.000000 0.000000 0.000000 0.000000 0.000000 0.000000 0.000000 0.000000 0.000000 0.000000 0.000000 0.000000 0.000000 0.000000 0.000000 0.000000 0.000000 0.000000 0.000000 0.000000 0.000000
0.000000 0.000000 0.350144 0.350145 0.350145 0.350145 0.350145 0.350145 0.350145 0.350145 0.350145 0.350145 0.350145 0.350145 0.350145 0.350145 0.350145 0.350145 0.350144 0.000000 0.000000
0.000000 0.000000 0.350004 0.350003 0.350003 0.350003 0.350004 0.350003 0.350003 0.350003 0.350004 0.350004 0.350004 0.350004 0.350003 0.350003 0.350001 0.350002 0.350003 0.000000 0.000000
0.000000 0.000000 0.350063 0.350060 0.350058 0.350053 0.350054 0.350051 0.350054 0.350053 0.350051 0.350053 0.350053 0.350053 0.350054 0.350057 0.350060 0.350062 0.350062 0.000000 0.000000
0.000000 0.000000 0.350776 0.350782 0.350777 0.350769 0.350764 0.350757 0.350755 0.350753 0.350754 0.350754 0.350755 0.350757 0.350768 0.350772 0.350771 0.350779 0.350784 0.000000 0.000000
0.000000 0.000000 0.352885 0.352886 0.352877 0.352863 0.352846 0.352826 0.352826 0.352820 0.352825 0.352825 0.352826 0.352825 0.352835 0.352845 0.352855 0.352861 0.352868 0.000000 0.000000
0.000000 0.000000 0.355998 0.355995 0.355985 0.355962 0.355934 0.355905 0.355906 0.355903 0.355904 0.355902 0.355899 0.355904 0.355928 0.355951 0.355965 0.355978 0.355987 0.000000 0.000000
0.000000 0.000000 0.359730 0.359728 0.359723 0.359700 0.359673 0.359640 0.359641 0.359637 0.359636 0.359634 0.359632 0.359637 0.359665 0.359689 0.359711 0.359716 0.359728 0.000000 0.000000
0.000000 0.000000 0.363690 0.363683 0.363670 0.363655 0.363627 0.363590 0.363592 0.363584 0.363582 0.363580 0.363581 0.363580 0.363615 0.363645 0.363662 0.363670 0.363681 0.000000 0.000000
0.000000 0.000000 0.367770 0.367763 0.367756 0.367742 0.367703 0.367670 0.367672 0.367667 0.367662 0.367665 0.367669 0.367667 0.367696 0.367729 0.367748 0.367753 0.367761 0.000000 0.000000
0.000000 0.000000 0.372070 0.372064 0.372058 0.372027 0.372000 0.371963 0.371972 0.371951 0.371954 0.371953 0.371946 0.371959 0.371984 0.372005 0.372028 0.372040 0.372059 0.000000 0.000000
0.000000 0.000000 0.376713 0.376700 0.376686 0.376665 0.376637 0.376591 0.376591 0.376583 0.376594 0.376579 0.376582 0.376586 0.376631 0.376653 0.376669 0.376678 0.376721 0.000000 0.000000
0.000000 0.000000 0.381605 0.381593 0.381586 0.381560 0.381535 0.381429 0.381429 0.381421 0.381396 0.381407 0.381414 0.381424 0.381503 0.381527 0.381565 0.381569 0.381597 0.000000 0.000000
0.000000 0.000000 0.387119 0.387113 0.387093 0.387074 0.386956 0.386944 0.386921 0.386919 0.386920 0.386916 0.386914 0.386911 0.386913 0.387035 0.387061 0.387093 0.387124 0.000000 0.000000
0.000000 0.000000 0.393412 0.393402 0.393375 0.393239 0.393221 0.393153 0.393115 0.393107 0.393085 0.393066 0.393081 0.393076 0.393139 0.393168 0.393350 0.393330 0.393344 0.000000 0.000000
0.000000 0.000000 0.400251 0.400240 0.400050 0.400060 0.400049 0.400010 0.400068 0.400043 0.400071 0.400051 0.400025 0.400071 0.400093 0.400105 0.400027 0.400281 0.400282 0.000000 0.000000
0.000000 0.000000 0.408527 0.408240 0.408223 0.408133 0.407988 0.407939 0.407891 0.407898 0.407827 0.407826 0.407863 0.407835 0.407905 0.408013 0.408206 0.408156 0.408452 0.000000 0.000000
0.000000 0.000000 0.413327 0.413486 0.413751 0.413715 0.413670 0.413413 0.413427 0.413362 0.413442 0.413420 0.413421 0.413444 0.413671 0.413703 0.413794 0.413548 0.413401 0.000000 0.000000
0.000000 0.000000 0.350000 0.350000 0.350000 0.350000 0.350000 0.350000 0.350000 0.350000 0.350000 0.350000 0.350000 0.350000 0.350000 0.350000 0.350000 0.350000 0.350000 0.000000 0.000000
0.000000 0.000000 0.000000 0.000000 0.000000 0.000000 0.000000 0.000000 0.000000 0.000000 0.000000 0.000000 0.000000 0.000000 0.000000 0.000000 0.000000 0.000000 0.000000 0.000000 0.000000