geotop/1.0zi/1.0Montebello/Templates/testdem/maps/_Eocsand6134.asc
ncols         21
nrows         20
xllcorner     100.000000
yllcorner     100.000000
cellsize      50.000000
NODATA_value  -9999.0
0.000000 0.000000 0.000000 0.000000 0.000000 0.000000 0.000000 0.000000 0.000000 0.000000 0.000000 0.000000 0.000000 0.000000 0.000000 0.000000 0.000000 0.000000 0.000000 0.000000 0.000000
0.000000 0.000000 0.300151 0.300151 0.300150 0.300151 0.300150 0.300150 0.300150 0.300150 0.300151 0.300150 0.300150 0.300151 0.300150 0.300150 0.300151 0.300152 0.300151 0.000000 0.000000
0.000000 0.000000 0.300009 0.300008 0.300008 0.300007 0.300008 0.300008 0.300008 0.300008 0.300008 0.300008 0.300007 0.300008 0.300008 0.300008 0.300009 0.300009 0.300010 0.000000 0.000000
0.000000 0.000000 0.299971 0.299969 0.299972 0.299977 0.299974 0.299976 0.299972 0.299975 0.299972 0.299975 0.299974 0.299975 0.299973 0.299968 0.299969 0.299965 0.299967 0.000000 0.000000
0.000000 0.000000 0.298943 0.298941 0.298944 0.298950 0.298965 0.298973 0.298974 0.298974 0.298978 0.298978 0.298980 0.298978 0.298966 0.298964 0.298960 0.298949 0.298939 0.000000 0.000000
0.000000 0.000000 0.295669 0.295666 0.295677 0.295713 0.295729 0.295765 0.295766 0.295775 0.295767 0.295764 0.295759 0.295763 0.295753 0.295732 0.295716 0.295700 0.295691 0.000000 0.000000
0.000000 0.000000 0.290726 0.290730 0.290741 0.290777 0.290821 0.290873 0.290872 0.290879 0.290876 0.290874 0.290876 0.290874 0.290834 0.290792 0.290773 0.290754 0.290739 0.000000 0.000000
0.000000 0.000000 0.284698 0.284698 0.284703 0.284742 0.284785 0.284842 0.284842 0.284848 0.284848 0.284849 0.284852 0.284845 0.284800 0.284759 0.284727 0.284718 0.284698 0.000000 0.000000
0.000000 0.000000 0.278438 0.278446 0.278463 0.278487 0.278529 0.278590 0.278587 0.278598 0.278603 0.278601 0.278600 0.278604 0.278548 0.278504 0.278475 0.278465 0.278447 0.000000 0.000000
0.000000 0.000000 0.272090 0.272101 0.272108 0.272126 0.272186 0.272242 0.272238 0.272245 0.272253 0.272245 0.272238 0.272244 0.272199 0.272147 0.272117 0.272112 0.272098 0.000000 0.000000
0.000000 0.000000 0.265505 0.265512 0.265516 0.265561 0.265602 0.265662 0.265650 0.265678 0.265678 0.265675 0.265683 0.265667 0.265629 0.265596 0.265563 0.265544 0.265517 0.000000 0.000000
0.000000 0.000000 0.258549 0.258565 0.258584 0.258615 0.258652 0.258725 0.258723 0.258739 0.258722 0.258740 0.258737 0.258731 0.258665 0.258632 0.258609 0.258599 0.258530 0.000000 0.000000
0.000000 0.000000 0.251365 0.251378 0.251386 0.251422 0.251457 0.251607 0.251608 0.251620 0.251653 0.251635 0.251624 0.251613 0.251501 0.251470 0.251416 0.251411 0.251363 0.000000 0.000000
0.000000 0.000000 0.243503 0.243512 0.243534 0.243557 0.243707 0.243742 0.243776 0.243777 0.243787 0.243784 0.243783 0.243788 0.243770 0.243618 0.243574 0.243536 0.243487 0.000000 0.000000
0.000000 0.000000 0.234779 0.234791 0.234825 0.234984 0.235028 0.235117 0.235174 0.235184 0.235213 0.235230 0.235212 0.235224 0.235153 0.235085 0.234861 0.234880 0.234851 0.000000 0.000000
0.000000 0.000000 0.225484 0.225496 0.225708 0.225736 0.225747 0.225801 0.225755 0.225780 0.225761 0.225783 0.225808 0.225765 0.225731 0.225711 0.225740 0.225467 0.225461 0.000000 0.000000
0.000000 0.000000 0.214714 0.215009 0.215094 0.215178 0.215318 0.215386 0.215416 0.215418 0.215484 0.215490 0.215461 0.215475 0.215394 0.215287 0.215116 0.215077 0.214775 0.000000 0.000000
0.000000 0.000000 0.207116 0.207073 0.206804 0.206870 0.206966 0.207237 0.207241 0.207303 0.207256 0.207272 0.207256 0.207247 0.206999 0.206927 0.206761 0.207036 0.207061 0.000000 0.000000
0.000000 0.000000 0.300000 0.300000 0.300000 0.300000 0.300000 0.300000 0.300000 0.300000 0.300000 0.300000 0.300000 0.300000 0.300000 0.300000 0.300000 0.300000 0.300000 0.000000 0.000000
0.000000 0.000000 0.000000 0.000000 0.000000 0.000000 0.000000 0.000000 0.000000 0.000000 0.000000 0.000000 0.000000 0.000000 0.000000 0.000000 0.000000 0.000000 0.000000 0.000000 0.000000