geotop/1.0zi/1.0Montebello/Templates/testdem/maps/_Eocclay3177.asc
ncols         21
nrows         20
xllcorner     100.000000
yllcorner     100.000000
cellsize      50.000000
NODATA_value  -9999.0
0.000000 0.000000 0.000000 0.000000 0.000000 0.000000 0.000000 0.000000 0.000000 0.000000 0.000000 0.000000 0.000000 0.000000 0.000000 0.000000 0.000000 0.000000 0.000000 0.000000 0.000000
0.000000 0.000000 0.349826 0.349826 0.349826 0.349825 0.349826 0.349826 0.349826 0.349826 0.349825 0.349826 0.349826 0.349826 0.349826 0.349825 0.349826 0.349826 0.349826 0.000000 0.000000
0.000000 0.000000 0.349995 0.349995 0.349995 0.349995 0.349995 0.349995 0.349995 0.349995 0.349996 0.349995 0.349995 0.349995 0.349995 0.349995 0.349995 0.349995 0.349995 0.000000 0.000000
0.000000 0.000000 0.351261 0.351261 0.351259 0.351260 0.351261 0.351261 0.351261 0.351261 0.351261 0.351261 0.351261 0.351261 0.351261 0.351260 0.351259 0.351261 0.351261 0.000000 0.000000
0.000000 0.000000 0.356245 0.356244 0.356242 0.356242 0.356245 0.356244 0.356244 0.356246 0.356246 0.356246 0.356244 0.356244 0.356245 0.356242 0.356242 0.356244 0.356245 0.000000 0.000000
0.000000 0.000000 0.361724 0.361724 0.361722 0.361722 0.361725 0.361724 0.361724 0.361725 0.361725 0.361725 0.361724 0.361724 0.361725 0.361722 0.361722 0.361724 0.361724 0.000000 0.000000
0.000000 0.000000 0.366840 0.366839 0.366838 0.366838 0.366840 0.366839 0.366839 0.366840 0.366841 0.366840 0.366839 0.366839 0.366840 0.366838 0.366838 0.366839 0.366840 0.000000 0.000000
0.000000 0.000000 0.371495 0.371494 0.371493 0.371493 0.371495 0.371494 0.371494 0.371495 0.371495 0.371495 0.371494 0.371494 0.371495 0.371493 0.371493 0.371494 0.371495 0.000000 0.000000
0.000000 0.000000 0.375801 0.375801 0.375800 0.375800 0.375801 0.375801 0.375801 0.375801 0.375802 0.375801 0.375801 0.375801 0.375801 0.375800 0.375800 0.375801 0.375801 0.000000 0.000000
0.000000 0.000000 0.379861 0.379861 0.379859 0.379860 0.379861 0.379861 0.379861 0.379861 0.379862 0.379861 0.379861 0.379861 0.379861 0.379860 0.379859 0.379861 0.379861 0.000000 0.000000
0.000000 0.000000 0.383723 0.383723 0.383722 0.383722 0.383723 0.383723 0.383723 0.383724 0.383724 0.383724 0.383723 0.383723 0.383723 0.383722 0.383722 0.383723 0.383723 0.000000 0.000000
0.000000 0.000000 0.387425 0.387425 0.387423 0.387424 0.387425 0.387424 0.387424 0.387425 0.387425 0.387425 0.387424 0.387424 0.387425 0.387424 0.387423 0.387425 0.387425 0.000000 0.000000
0.000000 0.000000 0.390992 0.390991 0.390990 0.390990 0.390992 0.390991 0.390991 0.390992 0.390992 0.390992 0.390991 0.390991 0.390992 0.390990 0.390990 0.390991 0.390992 0.000000 0.000000
0.000000 0.000000 0.394454 0.394454 0.394453 0.394453 0.394454 0.394454 0.394454 0.394454 0.394455 0.394454 0.394454 0.394454 0.394454 0.394453 0.394453 0.394454 0.394454 0.000000 0.000000
0.000000 0.000000 0.397820 0.397819 0.397818 0.397819 0.397820 0.397819 0.397819 0.397820 0.397820 0.397820 0.397819 0.397819 0.397820 0.397819 0.397818 0.397819 0.397820 0.000000 0.000000
0.000000 0.000000 0.401094 0.401094 0.401093 0.401093 0.401094 0.401094 0.401094 0.401095 0.401095 0.401095 0.401094 0.401094 0.401094 0.401093 0.401093 0.401094 0.401094 0.000000 0.000000
0.000000 0.000000 0.404288 0.404288 0.404287 0.404287 0.404288 0.404288 0.404288 0.404288 0.404289 0.404288 0.404288 0.404288 0.404288 0.404287 0.404287 0.404288 0.404288 0.000000 0.000000
0.000000 0.000000 0.407470 0.407471 0.407470 0.407470 0.407471 0.407471 0.407471 0.407471 0.407472 0.407471 0.407471 0.407471 0.407471 0.407470 0.407470 0.407471 0.407471 0.000000 0.000000
0.000000 0.000000 0.350000 0.350000 0.350000 0.350000 0.350000 0.350000 0.350000 0.350000 0.350000 0.350000 0.350000 0.350000 0.350000 0.350000 0.350000 0.350000 0.350000 0.000000 0.000000
0.000000 0.000000 0.000000 0.000000 0.000000 0.000000 0.000000 0.000000 0.000000 0.000000 0.000000 0.000000 0.000000 0.000000 0.000000 0.000000 0.000000 0.000000 0.000000 0.000000 0.000000