geotop/1.0zi/1.0Montebello/Templates/testdem/maps/_Eocsand2981.asc
ncols         21
nrows         20
xllcorner     100.000000
yllcorner     100.000000
cellsize      50.000000
NODATA_value  -9999.0
0.000000 0.000000 0.000000 0.000000 0.000000 0.000000 0.000000 0.000000 0.000000 0.000000 0.000000 0.000000 0.000000 0.000000 0.000000 0.000000 0.000000 0.000000 0.000000 0.000000 0.000000
0.000000 0.000000 0.300093 0.300093 0.300093 0.300093 0.300093 0.300093 0.300093 0.300093 0.300094 0.300093 0.300093 0.300093 0.300093 0.300093 0.300093 0.300093 0.300093 0.000000 0.000000
0.000000 0.000000 0.300009 0.300009 0.300009 0.300008 0.300009 0.300009 0.300009 0.300009 0.300007 0.300009 0.300009 0.300009 0.300009 0.300008 0.300009 0.300009 0.300009 0.000000 0.000000
0.000000 0.000000 0.297782 0.297783 0.297787 0.297785 0.297782 0.297782 0.297782 0.297782 0.297782 0.297782 0.297782 0.297782 0.297782 0.297785 0.297787 0.297783 0.297782 0.000000 0.000000
0.000000 0.000000 0.288909 0.288911 0.288915 0.288914 0.288908 0.288910 0.288910 0.288907 0.288907 0.288907 0.288910 0.288910 0.288908 0.288914 0.288915 0.288911 0.288909 0.000000 0.000000
0.000000 0.000000 0.278466 0.278467 0.278470 0.278470 0.278465 0.278467 0.278466 0.278464 0.278464 0.278464 0.278466 0.278467 0.278465 0.278470 0.278470 0.278467 0.278466 0.000000 0.000000
0.000000 0.000000 0.268839 0.268840 0.268843 0.268842 0.268838 0.268839 0.268839 0.268838 0.268837 0.268838 0.268839 0.268839 0.268838 0.268842 0.268843 0.268840 0.268839 0.000000 0.000000
0.000000 0.000000 0.260098 0.260098 0.260101 0.260100 0.260097 0.260098 0.260098 0.260096 0.260096 0.260096 0.260098 0.260098 0.260097 0.260100 0.260101 0.260098 0.260098 0.000000 0.000000
0.000000 0.000000 0.252008 0.252009 0.252012 0.252011 0.252008 0.252009 0.252009 0.252007 0.252007 0.252007 0.252009 0.252009 0.252008 0.252011 0.252012 0.252009 0.252008 0.000000 0.000000
0.000000 0.000000 0.244379 0.244379 0.244382 0.244381 0.244378 0.244379 0.244379 0.244378 0.244377 0.244378 0.244379 0.244379 0.244378 0.244381 0.244382 0.244379 0.244379 0.000000 0.000000
0.000000 0.000000 0.237118 0.237118 0.237121 0.237120 0.237117 0.237118 0.237118 0.237117 0.237116 0.237117 0.237118 0.237118 0.237117 0.237120 0.237121 0.237118 0.237118 0.000000 0.000000
0.000000 0.000000 0.230155 0.230155 0.230158 0.230157 0.230154 0.230155 0.230155 0.230154 0.230153 0.230154 0.230155 0.230155 0.230154 0.230157 0.230158 0.230155 0.230155 0.000000 0.000000
0.000000 0.000000 0.223434 0.223434 0.223437 0.223436 0.223433 0.223434 0.223434 0.223433 0.223432 0.223433 0.223434 0.223434 0.223433 0.223436 0.223437 0.223434 0.223434 0.000000 0.000000
0.000000 0.000000 0.216904 0.216904 0.216906 0.216906 0.216903 0.216904 0.216904 0.216903 0.216902 0.216903 0.216904 0.216904 0.216903 0.216906 0.216906 0.216904 0.216904 0.000000 0.000000
0.000000 0.000000 0.210552 0.210552 0.210554 0.210553 0.210551 0.210552 0.210552 0.210551 0.210550 0.210551 0.210552 0.210552 0.210551 0.210553 0.210554 0.210552 0.210552 0.000000 0.000000
0.000000 0.000000 0.204365 0.204366 0.204368 0.204367 0.204365 0.204366 0.204366 0.204365 0.204364 0.204365 0.204366 0.204366 0.204365 0.204367 0.204368 0.204366 0.204365 0.000000 0.000000
0.000000 0.000000 0.198325 0.198325 0.198327 0.198326 0.198324 0.198325 0.198325 0.198324 0.198323 0.198324 0.198325 0.198325 0.198324 0.198326 0.198327 0.198325 0.198325 0.000000 0.000000
0.000000 0.000000 0.192303 0.192303 0.192305 0.192304 0.192302 0.192303 0.192303 0.192301 0.192301 0.192301 0.192303 0.192303 0.192302 0.192304 0.192305 0.192303 0.192302 0.000000 0.000000
0.000000 0.000000 0.300000 0.300000 0.300000 0.300000 0.300000 0.300000 0.300000 0.300000 0.300000 0.300000 0.300000 0.300000 0.300000 0.300000 0.300000 0.300000 0.300000 0.000000 0.000000
0.000000 0.000000 0.000000 0.000000 0.000000 0.000000 0.000000 0.000000 0.000000 0.000000 0.000000 0.000000 0.000000 0.000000 0.000000 0.000000 0.000000 0.000000 0.000000 0.000000 0.000000