geotop/1.0zi/1.0Montebello/Templates/testdem/maps/_Eocsilt051M.asc
ncols         21
nrows         20
xllcorner     100.000000
yllcorner     100.000000
cellsize      50.000000
NODATA_value  -9999.0
0.000000 0.000000 0.000000 0.000000 0.000000 0.000000 0.000000 0.000000 0.000000 0.000000 0.000000 0.000000 0.000000 0.000000 0.000000 0.000000 0.000000 0.000000 0.000000 0.000000 0.000000
0.000000 0.000000 0.350231 0.350231 0.350231 0.350231 0.350230 0.350230 0.350231 0.350230 0.350231 0.350230 0.350230 0.350230 0.350230 0.350231 0.350231 0.350231 0.350231 0.000000 0.000000
0.000000 0.000000 0.350008 0.350008 0.350008 0.350007 0.350008 0.350008 0.350008 0.350008 0.350008 0.350008 0.350009 0.350009 0.350008 0.350007 0.350006 0.350006 0.350007 0.000000 0.000000
0.000000 0.000000 0.350195 0.350191 0.350184 0.350180 0.350179 0.350173 0.350176 0.350177 0.350175 0.350179 0.350180 0.350179 0.350181 0.350185 0.350188 0.350191 0.350192 0.000000 0.000000
0.000000 0.000000 0.351807 0.351815 0.351803 0.351780 0.351769 0.351761 0.351765 0.351762 0.351761 0.351764 0.351770 0.351768 0.351782 0.351791 0.351798 0.351804 0.351809 0.000000 0.000000
0.000000 0.000000 0.356016 0.356010 0.355992 0.355961 0.355924 0.355895 0.355894 0.355890 0.355889 0.355890 0.355895 0.355892 0.355910 0.355937 0.355952 0.355962 0.355969 0.000000 0.000000
0.000000 0.000000 0.361901 0.361889 0.361870 0.361825 0.361779 0.361718 0.361721 0.361719 0.361712 0.361711 0.361709 0.361713 0.361760 0.361796 0.361821 0.361839 0.361846 0.000000 0.000000
0.000000 0.000000 0.368920 0.368906 0.368888 0.368834 0.368783 0.368728 0.368730 0.368725 0.368717 0.368714 0.368712 0.368720 0.368764 0.368807 0.368846 0.368854 0.368868 0.000000 0.000000
0.000000 0.000000 0.376786 0.376764 0.376732 0.376688 0.376630 0.376559 0.376566 0.376556 0.376545 0.376543 0.376547 0.376542 0.376608 0.376659 0.376690 0.376705 0.376717 0.000000 0.000000
0.000000 0.000000 0.385650 0.385621 0.385592 0.385543 0.385478 0.385403 0.385405 0.385399 0.385382 0.385388 0.385396 0.385392 0.385444 0.385511 0.385548 0.385564 0.385569 0.000000 0.000000
0.000000 0.000000 0.395970 0.395946 0.395920 0.395812 0.395781 0.395678 0.395701 0.395655 0.395657 0.395648 0.395631 0.395658 0.395719 0.395761 0.395814 0.395834 0.395878 0.000000 0.000000
0.000000 0.000000 0.408316 0.408262 0.408193 0.408144 0.408083 0.407952 0.407948 0.407954 0.407964 0.407917 0.407943 0.407929 0.408045 0.408116 0.408144 0.408164 0.408251 0.000000 0.000000
0.000000 0.000000 0.422294 0.422248 0.422235 0.422126 0.422053 0.421689 0.421685 0.421667 0.421526 0.421616 0.421618 0.421650 0.421913 0.421968 0.422108 0.422117 0.422122 0.000000 0.000000
0.000000 0.000000 0.438964 0.438950 0.438828 0.438764 0.438277 0.438505 0.438404 0.438415 0.438502 0.438416 0.438405 0.438343 0.438137 0.438672 0.438671 0.438799 0.438869 0.000000 0.000000
0.000000 0.000000 0.454309 0.454269 0.454209 0.453753 0.453985 0.453674 0.453625 0.453600 0.453483 0.453460 0.453509 0.453520 0.453786 0.453555 0.454147 0.454003 0.453973 0.000000 0.000000
0.000000 0.000000 0.464130 0.464112 0.463863 0.463900 0.463888 0.463846 0.463940 0.463910 0.463945 0.463932 0.463896 0.463951 0.463960 0.463970 0.463809 0.464144 0.464134 0.000000 0.000000
0.000000 0.000000 0.470360 0.470342 0.470163 0.470232 0.470200 0.470197 0.470269 0.470250 0.470282 0.470275 0.470246 0.470285 0.470269 0.470299 0.470132 0.470394 0.470400 0.000000 0.000000
0.000000 0.000000 0.475430 0.475209 0.475128 0.475098 0.475002 0.475032 0.475005 0.475023 0.474963 0.474971 0.474991 0.474969 0.474963 0.475029 0.475099 0.475142 0.475364 0.000000 0.000000
0.000000 0.000000 0.350000 0.350000 0.350000 0.350000 0.350000 0.350000 0.350000 0.350000 0.350000 0.350000 0.350000 0.350000 0.350000 0.350000 0.350000 0.350000 0.350000 0.000000 0.000000
0.000000 0.000000 0.000000 0.000000 0.000000 0.000000 0.000000 0.000000 0.000000 0.000000 0.000000 0.000000 0.000000 0.000000 0.000000 0.000000 0.000000 0.000000 0.000000 0.000000 0.000000