geotop/1.0zi/1.0Montebello/Templates/testdem/maps/_Eocclay9528.asc
ncols         21
nrows         20
xllcorner     100.000000
yllcorner     100.000000
cellsize      50.000000
NODATA_value  -9999.0
0.000000 0.000000 0.000000 0.000000 0.000000 0.000000 0.000000 0.000000 0.000000 0.000000 0.000000 0.000000 0.000000 0.000000 0.000000 0.000000 0.000000 0.000000 0.000000 0.000000 0.000000
0.000000 0.000000 0.349557 0.349560 0.349560 0.349559 0.349561 0.349561 0.349560 0.349560 0.349559 0.349561 0.349560 0.349560 0.349561 0.349560 0.349558 0.349559 0.349560 0.000000 0.000000
0.000000 0.000000 0.349981 0.349979 0.349979 0.349981 0.349979 0.349979 0.349980 0.349979 0.349979 0.349979 0.349979 0.349979 0.349980 0.349980 0.349981 0.349981 0.349979 0.000000 0.000000
0.000000 0.000000 0.350039 0.350044 0.350042 0.350039 0.350040 0.350040 0.350044 0.350042 0.350045 0.350043 0.350043 0.350042 0.350045 0.350046 0.350044 0.350045 0.350043 0.000000 0.000000
0.000000 0.000000 0.351423 0.351417 0.351410 0.351399 0.351380 0.351379 0.351376 0.351377 0.351376 0.351380 0.351380 0.351382 0.351391 0.351396 0.351407 0.351410 0.351419 0.000000 0.000000
0.000000 0.000000 0.355200 0.355195 0.355171 0.355139 0.355110 0.355081 0.355086 0.355080 0.355082 0.355082 0.355088 0.355087 0.355101 0.355131 0.355145 0.355158 0.355164 0.000000 0.000000
0.000000 0.000000 0.360260 0.360251 0.360236 0.360204 0.360165 0.360108 0.360112 0.360107 0.360105 0.360108 0.360109 0.360111 0.360154 0.360188 0.360207 0.360220 0.360229 0.000000 0.000000
0.000000 0.000000 0.366276 0.366265 0.366250 0.366210 0.366169 0.366117 0.366120 0.366115 0.366113 0.366111 0.366109 0.366120 0.366160 0.366195 0.366227 0.366235 0.366250 0.000000 0.000000
0.000000 0.000000 0.372839 0.372825 0.372803 0.372776 0.372727 0.372669 0.372676 0.372665 0.372660 0.372658 0.372661 0.372660 0.372715 0.372758 0.372783 0.372792 0.372806 0.000000 0.000000
0.000000 0.000000 0.380070 0.380050 0.380034 0.380003 0.379936 0.379882 0.379885 0.379878 0.379868 0.379874 0.379883 0.379881 0.379926 0.379982 0.380012 0.380023 0.380031 0.000000 0.000000
0.000000 0.000000 0.388278 0.388265 0.388249 0.388177 0.388135 0.388061 0.388081 0.388042 0.388048 0.388044 0.388032 0.388057 0.388106 0.388140 0.388182 0.388201 0.388235 0.000000 0.000000
0.000000 0.000000 0.397810 0.397777 0.397734 0.397700 0.397636 0.397546 0.397548 0.397544 0.397559 0.397526 0.397544 0.397542 0.397631 0.397684 0.397707 0.397721 0.397794 0.000000 0.000000
0.000000 0.000000 0.408541 0.408512 0.408504 0.408421 0.408368 0.408102 0.408105 0.408092 0.408007 0.408060 0.408070 0.408096 0.408293 0.408341 0.408436 0.408443 0.408465 0.000000 0.000000
0.000000 0.000000 0.421837 0.421830 0.421752 0.421705 0.421327 0.421441 0.421370 0.421373 0.421423 0.421378 0.421372 0.421339 0.421233 0.421641 0.421660 0.421757 0.421816 0.000000 0.000000
0.000000 0.000000 0.437369 0.437323 0.437249 0.436758 0.436937 0.436641 0.436569 0.436542 0.436437 0.436399 0.436458 0.436462 0.436733 0.436567 0.437213 0.437066 0.437048 0.000000 0.000000
0.000000 0.000000 0.452254 0.452228 0.451629 0.451942 0.451832 0.451856 0.452127 0.452058 0.452203 0.452180 0.452067 0.452214 0.452138 0.452232 0.451560 0.452480 0.452467 0.000000 0.000000
0.000000 0.000000 0.466501 0.465927 0.466137 0.465868 0.465576 0.465480 0.465279 0.465327 0.465126 0.465151 0.465270 0.465147 0.465309 0.465526 0.466106 0.465644 0.466243 0.000000 0.000000
0.000000 0.000000 0.470985 0.471270 0.471638 0.471586 0.471556 0.471210 0.471244 0.471153 0.471284 0.471255 0.471248 0.471285 0.471576 0.471601 0.471679 0.471345 0.471064 0.000000 0.000000
0.000000 0.000000 0.350000 0.350000 0.350000 0.350000 0.350000 0.350000 0.350000 0.350000 0.350000 0.350000 0.350000 0.350000 0.350000 0.350000 0.350000 0.350000 0.350000 0.000000 0.000000
0.000000 0.000000 0.000000 0.000000 0.000000 0.000000 0.000000 0.000000 0.000000 0.000000 0.000000 0.000000 0.000000 0.000000 0.000000 0.000000 0.000000 0.000000 0.000000 0.000000 0.000000