geotop/1.0zi/1.0Montebello/Templates/testdem/maps/_Eocsilt096y.asc
ncols         21
nrows         20
xllcorner     100.000000
yllcorner     100.000000
cellsize      50.000000
NODATA_value  -9999.0
0.000000 0.000000 0.000000 0.000000 0.000000 0.000000 0.000000 0.000000 0.000000 0.000000 0.000000 0.000000 0.000000 0.000000 0.000000 0.000000 0.000000 0.000000 0.000000 0.000000 0.000000
0.000000 0.000000 0.350240 0.350240 0.350240 0.350240 0.350240 0.350239 0.350240 0.350240 0.350240 0.350239 0.350239 0.350239 0.350240 0.350240 0.350241 0.350241 0.350240 0.000000 0.000000
0.000000 0.000000 0.350009 0.350010 0.350010 0.350009 0.350010 0.350010 0.350010 0.350010 0.350011 0.350011 0.350011 0.350011 0.350010 0.350009 0.350008 0.350008 0.350009 0.000000 0.000000
0.000000 0.000000 0.350216 0.350215 0.350204 0.350201 0.350200 0.350191 0.350194 0.350197 0.350194 0.350197 0.350197 0.350201 0.350198 0.350203 0.350208 0.350212 0.350214 0.000000 0.000000
0.000000 0.000000 0.352012 0.352017 0.352006 0.351983 0.351970 0.351960 0.351967 0.351964 0.351960 0.351965 0.351971 0.351967 0.351982 0.351992 0.351999 0.352006 0.352011 0.000000 0.000000
0.000000 0.000000 0.356600 0.356594 0.356575 0.356542 0.356503 0.356472 0.356474 0.356470 0.356465 0.356467 0.356473 0.356468 0.356487 0.356516 0.356531 0.356544 0.356551 0.000000 0.000000
0.000000 0.000000 0.362957 0.362947 0.362924 0.362878 0.362829 0.362763 0.362766 0.362763 0.362754 0.362754 0.362751 0.362755 0.362805 0.362843 0.362869 0.362891 0.362897 0.000000 0.000000
0.000000 0.000000 0.370585 0.370572 0.370550 0.370492 0.370437 0.370374 0.370376 0.370371 0.370359 0.370358 0.370354 0.370362 0.370408 0.370454 0.370495 0.370505 0.370520 0.000000 0.000000
0.000000 0.000000 0.379229 0.379208 0.379172 0.379125 0.379061 0.378980 0.378987 0.378976 0.378962 0.378960 0.378962 0.378957 0.379027 0.379082 0.379115 0.379133 0.379146 0.000000 0.000000
0.000000 0.000000 0.389136 0.389104 0.389069 0.389020 0.388945 0.388859 0.388860 0.388855 0.388832 0.388839 0.388851 0.388846 0.388901 0.388974 0.389014 0.389034 0.389038 0.000000 0.000000
0.000000 0.000000 0.400880 0.400850 0.400820 0.400698 0.400663 0.400542 0.400574 0.400519 0.400521 0.400511 0.400489 0.400520 0.400586 0.400632 0.400691 0.400716 0.400765 0.000000 0.000000
0.000000 0.000000 0.415133 0.415065 0.414980 0.414931 0.414863 0.414704 0.414696 0.414707 0.414712 0.414666 0.414689 0.414674 0.414804 0.414888 0.414914 0.414940 0.415036 0.000000 0.000000
0.000000 0.000000 0.431060 0.431000 0.430985 0.430861 0.430779 0.430357 0.430344 0.430321 0.430152 0.430267 0.430263 0.430301 0.430597 0.430660 0.430819 0.430841 0.430825 0.000000 0.000000
0.000000 0.000000 0.448624 0.448613 0.448474 0.448419 0.447925 0.448191 0.448085 0.448091 0.448187 0.448089 0.448075 0.448008 0.447783 0.448332 0.448318 0.448447 0.448513 0.000000 0.000000
0.000000 0.000000 0.461604 0.461573 0.461519 0.461208 0.461336 0.461142 0.461102 0.461081 0.461003 0.460982 0.461019 0.461020 0.461189 0.461053 0.461458 0.461367 0.461348 0.000000 0.000000
0.000000 0.000000 0.469032 0.469008 0.468915 0.468797 0.468858 0.468762 0.468770 0.468751 0.468732 0.468718 0.468719 0.468739 0.468813 0.468756 0.468876 0.468932 0.468919 0.000000 0.000000
0.000000 0.000000 0.473467 0.473519 0.473339 0.473392 0.473423 0.473405 0.473487 0.473462 0.473508 0.473495 0.473459 0.473509 0.473497 0.473470 0.473301 0.473570 0.473492 0.000000 0.000000
0.000000 0.000000 0.477715 0.477539 0.477397 0.477383 0.477329 0.477380 0.477374 0.477392 0.477344 0.477349 0.477356 0.477349 0.477309 0.477347 0.477359 0.477488 0.477659 0.000000 0.000000
0.000000 0.000000 0.350000 0.350000 0.350000 0.350000 0.350000 0.350000 0.350000 0.350000 0.350000 0.350000 0.350000 0.350000 0.350000 0.350000 0.350000 0.350000 0.350000 0.000000 0.000000
0.000000 0.000000 0.000000 0.000000 0.000000 0.000000 0.000000 0.000000 0.000000 0.000000 0.000000 0.000000 0.000000 0.000000 0.000000 0.000000 0.000000 0.000000 0.000000 0.000000 0.000000