geotop/1.0zi/1.0Montebello/Templates/testdem/maps/_Eocsand0836.asc
ncols         21
nrows         20
xllcorner     100.000000
yllcorner     100.000000
cellsize      50.000000
NODATA_value  -9999.0
0.000000 0.000000 0.000000 0.000000 0.000000 0.000000 0.000000 0.000000 0.000000 0.000000 0.000000 0.000000 0.000000 0.000000 0.000000 0.000000 0.000000 0.000000 0.000000 0.000000 0.000000
0.000000 0.000000 0.300030 0.300030 0.300030 0.300030 0.300030 0.300030 0.300030 0.300030 0.300030 0.300030 0.300030 0.300030 0.300030 0.300030 0.300030 0.300030 0.300030 0.000000 0.000000
0.000000 0.000000 0.300005 0.300005 0.300006 0.300005 0.300005 0.300005 0.300005 0.300005 0.300005 0.300005 0.300005 0.300005 0.300005 0.300005 0.300006 0.300005 0.300005 0.000000 0.000000
0.000000 0.000000 0.299350 0.299351 0.299355 0.299354 0.299350 0.299350 0.299350 0.299350 0.299350 0.299350 0.299350 0.299350 0.299350 0.299354 0.299355 0.299351 0.299350 0.000000 0.000000
0.000000 0.000000 0.296936 0.296938 0.296942 0.296943 0.296936 0.296936 0.296937 0.296936 0.296936 0.296936 0.296937 0.296936 0.296936 0.296943 0.296942 0.296938 0.296936 0.000000 0.000000
0.000000 0.000000 0.294111 0.294112 0.294116 0.294116 0.294111 0.294111 0.294111 0.294111 0.294111 0.294111 0.294111 0.294111 0.294111 0.294116 0.294116 0.294112 0.294111 0.000000 0.000000
0.000000 0.000000 0.291472 0.291473 0.291476 0.291476 0.291472 0.291472 0.291472 0.291472 0.291472 0.291472 0.291472 0.291472 0.291472 0.291476 0.291476 0.291473 0.291472 0.000000 0.000000
0.000000 0.000000 0.289034 0.289035 0.289038 0.289038 0.289034 0.289034 0.289034 0.289034 0.289034 0.289034 0.289034 0.289034 0.289034 0.289038 0.289038 0.289035 0.289034 0.000000 0.000000
0.000000 0.000000 0.286743 0.286744 0.286747 0.286746 0.286743 0.286743 0.286743 0.286743 0.286743 0.286743 0.286743 0.286743 0.286743 0.286746 0.286747 0.286744 0.286743 0.000000 0.000000
0.000000 0.000000 0.284547 0.284547 0.284550 0.284550 0.284547 0.284547 0.284547 0.284547 0.284547 0.284547 0.284547 0.284547 0.284547 0.284550 0.284550 0.284547 0.284547 0.000000 0.000000
0.000000 0.000000 0.282416 0.282417 0.282420 0.282419 0.282416 0.282416 0.282417 0.282416 0.282416 0.282416 0.282417 0.282416 0.282416 0.282419 0.282420 0.282417 0.282416 0.000000 0.000000
0.000000 0.000000 0.280334 0.280335 0.280338 0.280337 0.280334 0.280334 0.280335 0.280334 0.280334 0.280334 0.280335 0.280334 0.280334 0.280337 0.280338 0.280335 0.280334 0.000000 0.000000
0.000000 0.000000 0.278295 0.278296 0.278298 0.278298 0.278295 0.278295 0.278295 0.278295 0.278295 0.278295 0.278295 0.278295 0.278295 0.278298 0.278298 0.278296 0.278295 0.000000 0.000000
0.000000 0.000000 0.276296 0.276297 0.276299 0.276299 0.276296 0.276296 0.276296 0.276296 0.276296 0.276296 0.276296 0.276296 0.276296 0.276299 0.276299 0.276297 0.276296 0.000000 0.000000
0.000000 0.000000 0.274318 0.274319 0.274321 0.274321 0.274318 0.274318 0.274318 0.274318 0.274318 0.274318 0.274318 0.274318 0.274318 0.274321 0.274321 0.274319 0.274318 0.000000 0.000000
0.000000 0.000000 0.272348 0.272349 0.272351 0.272351 0.272348 0.272348 0.272348 0.272348 0.272348 0.272348 0.272348 0.272348 0.272348 0.272351 0.272351 0.272349 0.272348 0.000000 0.000000
0.000000 0.000000 0.270395 0.270396 0.270398 0.270398 0.270395 0.270395 0.270395 0.270395 0.270395 0.270395 0.270395 0.270395 0.270395 0.270398 0.270398 0.270396 0.270395 0.000000 0.000000
0.000000 0.000000 0.268408 0.268408 0.268411 0.268410 0.268407 0.268407 0.268408 0.268407 0.268407 0.268407 0.268408 0.268407 0.268407 0.268410 0.268411 0.268408 0.268407 0.000000 0.000000
0.000000 0.000000 0.300000 0.300000 0.300000 0.300000 0.300000 0.300000 0.300000 0.300000 0.300000 0.300000 0.300000 0.300000 0.300000 0.300000 0.300000 0.300000 0.300000 0.000000 0.000000
0.000000 0.000000 0.000000 0.000000 0.000000 0.000000 0.000000 0.000000 0.000000 0.000000 0.000000 0.000000 0.000000 0.000000 0.000000 0.000000 0.000000 0.000000 0.000000 0.000000 0.000000