geotop/1.0zi/1.0Montebello/Templates/testdem/maps/_Eocsand2435.asc
ncols         21
nrows         20
xllcorner     100.000000
yllcorner     100.000000
cellsize      50.000000
NODATA_value  -9999.0
0.000000 0.000000 0.000000 0.000000 0.000000 0.000000 0.000000 0.000000 0.000000 0.000000 0.000000 0.000000 0.000000 0.000000 0.000000 0.000000 0.000000 0.000000 0.000000 0.000000 0.000000
0.000000 0.000000 0.300074 0.300074 0.300074 0.300074 0.300074 0.300074 0.300074 0.300074 0.300075 0.300074 0.300074 0.300074 0.300074 0.300074 0.300074 0.300074 0.300074 0.000000 0.000000
0.000000 0.000000 0.300013 0.300013 0.300013 0.300012 0.300013 0.300013 0.300013 0.300013 0.300011 0.300013 0.300013 0.300013 0.300013 0.300012 0.300013 0.300013 0.300013 0.000000 0.000000
0.000000 0.000000 0.298447 0.298448 0.298452 0.298450 0.298447 0.298447 0.298447 0.298447 0.298447 0.298447 0.298447 0.298447 0.298447 0.298450 0.298452 0.298448 0.298447 0.000000 0.000000
0.000000 0.000000 0.291808 0.291809 0.291813 0.291812 0.291806 0.291808 0.291808 0.291805 0.291805 0.291805 0.291808 0.291808 0.291806 0.291812 0.291813 0.291809 0.291808 0.000000 0.000000
0.000000 0.000000 0.283669 0.283670 0.283673 0.283673 0.283668 0.283670 0.283670 0.283667 0.283667 0.283667 0.283670 0.283670 0.283668 0.283673 0.283673 0.283670 0.283669 0.000000 0.000000
0.000000 0.000000 0.276083 0.276084 0.276087 0.276086 0.276082 0.276083 0.276083 0.276082 0.276081 0.276082 0.276083 0.276083 0.276082 0.276086 0.276087 0.276084 0.276083 0.000000 0.000000
0.000000 0.000000 0.269134 0.269135 0.269138 0.269137 0.269134 0.269135 0.269135 0.269133 0.269133 0.269133 0.269135 0.269135 0.269134 0.269137 0.269138 0.269135 0.269134 0.000000 0.000000
0.000000 0.000000 0.262654 0.262655 0.262657 0.262657 0.262653 0.262655 0.262654 0.262653 0.262653 0.262653 0.262654 0.262655 0.262653 0.262657 0.262657 0.262655 0.262654 0.000000 0.000000
0.000000 0.000000 0.256493 0.256494 0.256496 0.256495 0.256493 0.256494 0.256494 0.256492 0.256492 0.256492 0.256494 0.256494 0.256493 0.256495 0.256496 0.256494 0.256493 0.000000 0.000000
0.000000 0.000000 0.250581 0.250581 0.250584 0.250583 0.250580 0.250581 0.250581 0.250580 0.250579 0.250580 0.250581 0.250581 0.250580 0.250583 0.250584 0.250581 0.250581 0.000000 0.000000
0.000000 0.000000 0.244863 0.244863 0.244866 0.244865 0.244862 0.244863 0.244863 0.244862 0.244862 0.244862 0.244863 0.244863 0.244862 0.244865 0.244866 0.244863 0.244863 0.000000 0.000000
0.000000 0.000000 0.239299 0.239299 0.239301 0.239301 0.239298 0.239299 0.239299 0.239298 0.239297 0.239298 0.239299 0.239299 0.239298 0.239301 0.239301 0.239299 0.239299 0.000000 0.000000
0.000000 0.000000 0.233857 0.233858 0.233860 0.233859 0.233857 0.233858 0.233857 0.233856 0.233856 0.233856 0.233857 0.233858 0.233857 0.233859 0.233860 0.233858 0.233857 0.000000 0.000000
0.000000 0.000000 0.228519 0.228519 0.228522 0.228521 0.228518 0.228519 0.228519 0.228518 0.228518 0.228518 0.228519 0.228519 0.228518 0.228521 0.228522 0.228519 0.228519 0.000000 0.000000
0.000000 0.000000 0.223278 0.223278 0.223281 0.223280 0.223277 0.223278 0.223278 0.223277 0.223277 0.223277 0.223278 0.223278 0.223277 0.223280 0.223281 0.223278 0.223278 0.000000 0.000000
0.000000 0.000000 0.218127 0.218128 0.218130 0.218129 0.218127 0.218128 0.218128 0.218127 0.218126 0.218127 0.218128 0.218128 0.218127 0.218129 0.218130 0.218128 0.218127 0.000000 0.000000
0.000000 0.000000 0.212996 0.212996 0.212998 0.212997 0.212995 0.212996 0.212996 0.212995 0.212994 0.212995 0.212996 0.212996 0.212995 0.212997 0.212998 0.212996 0.212996 0.000000 0.000000
0.000000 0.000000 0.300000 0.300000 0.300000 0.300000 0.300000 0.300000 0.300000 0.300000 0.300000 0.300000 0.300000 0.300000 0.300000 0.300000 0.300000 0.300000 0.300000 0.000000 0.000000
0.000000 0.000000 0.000000 0.000000 0.000000 0.000000 0.000000 0.000000 0.000000 0.000000 0.000000 0.000000 0.000000 0.000000 0.000000 0.000000 0.000000 0.000000 0.000000 0.000000 0.000000