geotop/1.0zi/1.0Montebello/Templates/testdem/maps/_Eocsilt8622.asc
ncols         21
nrows         20
xllcorner     100.000000
yllcorner     100.000000
cellsize      50.000000
NODATA_value  -9999.0
0.000000 0.000000 0.000000 0.000000 0.000000 0.000000 0.000000 0.000000 0.000000 0.000000 0.000000 0.000000 0.000000 0.000000 0.000000 0.000000 0.000000 0.000000 0.000000 0.000000 0.000000
0.000000 0.000000 0.350180 0.350181 0.350181 0.350181 0.350180 0.350181 0.350181 0.350180 0.350181 0.350180 0.350180 0.350180 0.350180 0.350180 0.350181 0.350181 0.350180 0.000000 0.000000
0.000000 0.000000 0.350006 0.350006 0.350006 0.350006 0.350007 0.350006 0.350006 0.350007 0.350007 0.350007 0.350007 0.350007 0.350006 0.350006 0.350004 0.350005 0.350006 0.000000 0.000000
0.000000 0.000000 0.350103 0.350099 0.350096 0.350090 0.350092 0.350086 0.350089 0.350090 0.350086 0.350089 0.350088 0.350089 0.350091 0.350095 0.350099 0.350099 0.350101 0.000000 0.000000
0.000000 0.000000 0.351093 0.351098 0.351088 0.351076 0.351066 0.351060 0.351059 0.351056 0.351057 0.351059 0.351063 0.351062 0.351074 0.351079 0.351082 0.351092 0.351094 0.000000 0.000000
0.000000 0.000000 0.354016 0.354012 0.354003 0.353984 0.353962 0.353941 0.353939 0.353933 0.353938 0.353939 0.353942 0.353940 0.353953 0.353966 0.353980 0.353987 0.353994 0.000000 0.000000
0.000000 0.000000 0.358222 0.358215 0.358204 0.358175 0.358138 0.358101 0.358103 0.358099 0.358100 0.358099 0.358097 0.358102 0.358134 0.358162 0.358181 0.358196 0.358204 0.000000 0.000000
0.000000 0.000000 0.363200 0.363194 0.363188 0.363156 0.363123 0.363082 0.363082 0.363076 0.363076 0.363074 0.363072 0.363079 0.363115 0.363144 0.363172 0.363178 0.363191 0.000000 0.000000
0.000000 0.000000 0.368590 0.368577 0.368562 0.368540 0.368502 0.368456 0.368459 0.368449 0.368446 0.368445 0.368447 0.368445 0.368492 0.368528 0.368550 0.368562 0.368573 0.000000 0.000000
0.000000 0.000000 0.374330 0.374318 0.374308 0.374288 0.374234 0.374193 0.374193 0.374188 0.374182 0.374187 0.374192 0.374190 0.374228 0.374271 0.374297 0.374306 0.374314 0.000000 0.000000
0.000000 0.000000 0.380610 0.380602 0.380592 0.380543 0.380508 0.380455 0.380469 0.380439 0.380446 0.380443 0.380434 0.380451 0.380489 0.380515 0.380550 0.380567 0.380591 0.000000 0.000000
0.000000 0.000000 0.387662 0.387639 0.387617 0.387591 0.387544 0.387483 0.387477 0.387472 0.387486 0.387464 0.387474 0.387475 0.387542 0.387578 0.387600 0.387614 0.387670 0.000000 0.000000
0.000000 0.000000 0.395367 0.395344 0.395341 0.395291 0.395255 0.395081 0.395078 0.395070 0.395021 0.395050 0.395058 0.395074 0.395208 0.395241 0.395309 0.395313 0.395340 0.000000 0.000000
0.000000 0.000000 0.404529 0.404521 0.404483 0.404451 0.404223 0.404254 0.404209 0.404210 0.404229 0.404211 0.404207 0.404190 0.404161 0.404401 0.404430 0.404493 0.404535 0.000000 0.000000
0.000000 0.000000 0.415385 0.415359 0.415313 0.415018 0.415061 0.414911 0.414850 0.414835 0.414782 0.414751 0.414784 0.414779 0.414927 0.414896 0.415285 0.415217 0.415220 0.000000 0.000000
0.000000 0.000000 0.427104 0.427082 0.426664 0.426805 0.426761 0.426738 0.426903 0.426853 0.426943 0.426918 0.426847 0.426950 0.426945 0.426976 0.426627 0.427245 0.427236 0.000000 0.000000
0.000000 0.000000 0.441021 0.440411 0.440578 0.440327 0.440021 0.439927 0.439744 0.439787 0.439596 0.439618 0.439729 0.439615 0.439778 0.440004 0.440556 0.440164 0.440799 0.000000 0.000000
0.000000 0.000000 0.445408 0.445938 0.446395 0.446395 0.446421 0.445970 0.446053 0.445919 0.446143 0.446099 0.446063 0.446138 0.446513 0.446492 0.446480 0.446134 0.445611 0.000000 0.000000
0.000000 0.000000 0.350000 0.350000 0.350000 0.350000 0.350000 0.350000 0.350000 0.350000 0.350000 0.350000 0.350000 0.350000 0.350000 0.350000 0.350000 0.350000 0.350000 0.000000 0.000000
0.000000 0.000000 0.000000 0.000000 0.000000 0.000000 0.000000 0.000000 0.000000 0.000000 0.000000 0.000000 0.000000 0.000000 0.000000 0.000000 0.000000 0.000000 0.000000 0.000000 0.000000