geotop/1.0zi/1.0Montebello/Templates/testdem/maps/_Eocsilt2351.asc
ncols         21
nrows         20
xllcorner     100.000000
yllcorner     100.000000
cellsize      50.000000
NODATA_value  -9999.0
0.000000 0.000000 0.000000 0.000000 0.000000 0.000000 0.000000 0.000000 0.000000 0.000000 0.000000 0.000000 0.000000 0.000000 0.000000 0.000000 0.000000 0.000000 0.000000 0.000000 0.000000
0.000000 0.000000 0.350056 0.350056 0.350056 0.350056 0.350056 0.350056 0.350056 0.350056 0.350055 0.350056 0.350056 0.350056 0.350056 0.350056 0.350056 0.350056 0.350056 0.000000 0.000000
0.000000 0.000000 0.349997 0.349997 0.349997 0.349998 0.349997 0.349997 0.349997 0.349997 0.349998 0.349997 0.349997 0.349997 0.349997 0.349998 0.349997 0.349997 0.349997 0.000000 0.000000
0.000000 0.000000 0.350788 0.350787 0.350785 0.350786 0.350788 0.350788 0.350788 0.350788 0.350788 0.350788 0.350788 0.350788 0.350788 0.350786 0.350785 0.350787 0.350788 0.000000 0.000000
0.000000 0.000000 0.353849 0.353849 0.353847 0.353847 0.353850 0.353849 0.353849 0.353850 0.353850 0.353850 0.353849 0.353849 0.353850 0.353847 0.353847 0.353849 0.353849 0.000000 0.000000
0.000000 0.000000 0.357825 0.357824 0.357823 0.357823 0.357825 0.357824 0.357824 0.357825 0.357826 0.357825 0.357824 0.357824 0.357825 0.357823 0.357823 0.357824 0.357825 0.000000 0.000000
0.000000 0.000000 0.361465 0.361465 0.361464 0.361464 0.361466 0.361465 0.361465 0.361466 0.361466 0.361466 0.361465 0.361465 0.361466 0.361464 0.361464 0.361465 0.361465 0.000000 0.000000
0.000000 0.000000 0.364791 0.364790 0.364789 0.364789 0.364791 0.364790 0.364790 0.364791 0.364791 0.364791 0.364790 0.364790 0.364791 0.364789 0.364789 0.364790 0.364791 0.000000 0.000000
0.000000 0.000000 0.367891 0.367890 0.367889 0.367890 0.367891 0.367891 0.367891 0.367891 0.367892 0.367891 0.367891 0.367891 0.367891 0.367890 0.367889 0.367890 0.367891 0.000000 0.000000
0.000000 0.000000 0.370838 0.370838 0.370837 0.370837 0.370839 0.370838 0.370838 0.370839 0.370839 0.370839 0.370838 0.370838 0.370839 0.370837 0.370837 0.370838 0.370838 0.000000 0.000000
0.000000 0.000000 0.373668 0.373668 0.373667 0.373667 0.373668 0.373668 0.373668 0.373668 0.373669 0.373668 0.373668 0.373668 0.373668 0.373667 0.373667 0.373668 0.373668 0.000000 0.000000
0.000000 0.000000 0.376406 0.376406 0.376405 0.376405 0.376407 0.376406 0.376406 0.376407 0.376407 0.376407 0.376406 0.376406 0.376407 0.376405 0.376405 0.376406 0.376406 0.000000 0.000000
0.000000 0.000000 0.379073 0.379073 0.379072 0.379072 0.379074 0.379073 0.379073 0.379074 0.379074 0.379074 0.379073 0.379073 0.379074 0.379072 0.379072 0.379073 0.379073 0.000000 0.000000
0.000000 0.000000 0.381681 0.381681 0.381680 0.381681 0.381682 0.381681 0.381681 0.381682 0.381682 0.381682 0.381681 0.381681 0.381682 0.381681 0.381680 0.381681 0.381681 0.000000 0.000000
0.000000 0.000000 0.384240 0.384240 0.384239 0.384239 0.384240 0.384240 0.384240 0.384240 0.384241 0.384240 0.384240 0.384240 0.384240 0.384239 0.384239 0.384240 0.384240 0.000000 0.000000
0.000000 0.000000 0.386752 0.386751 0.386750 0.386751 0.386752 0.386751 0.386751 0.386752 0.386752 0.386752 0.386751 0.386751 0.386752 0.386751 0.386750 0.386751 0.386752 0.000000 0.000000
0.000000 0.000000 0.389218 0.389218 0.389217 0.389217 0.389218 0.389218 0.389218 0.389219 0.389219 0.389219 0.389218 0.389218 0.389218 0.389217 0.389217 0.389218 0.389218 0.000000 0.000000
0.000000 0.000000 0.391678 0.391678 0.391677 0.391678 0.391679 0.391678 0.391678 0.391679 0.391679 0.391679 0.391678 0.391678 0.391679 0.391678 0.391677 0.391678 0.391679 0.000000 0.000000
0.000000 0.000000 0.350000 0.350000 0.350000 0.350000 0.350000 0.350000 0.350000 0.350000 0.350000 0.350000 0.350000 0.350000 0.350000 0.350000 0.350000 0.350000 0.350000 0.000000 0.000000
0.000000 0.000000 0.000000 0.000000 0.000000 0.000000 0.000000 0.000000 0.000000 0.000000 0.000000 0.000000 0.000000 0.000000 0.000000 0.000000 0.000000 0.000000 0.000000 0.000000 0.000000