geotop/1.0zi/1.0Montebello/Templates/testdem/maps/_Eocclay131).asc
ncols         21
nrows         20
xllcorner     100.000000
yllcorner     100.000000
cellsize      50.000000
NODATA_value  -9999.0
0.000000 0.000000 0.000000 0.000000 0.000000 0.000000 0.000000 0.000000 0.000000 0.000000 0.000000 0.000000 0.000000 0.000000 0.000000 0.000000 0.000000 0.000000 0.000000 0.000000 0.000000
0.000000 0.000000 0.349459 0.349462 0.349461 0.349460 0.349462 0.349463 0.349462 0.349462 0.349461 0.349462 0.349462 0.349462 0.349462 0.349462 0.349460 0.349461 0.349461 0.000000 0.000000
0.000000 0.000000 0.349976 0.349975 0.349974 0.349977 0.349974 0.349974 0.349974 0.349974 0.349974 0.349975 0.349974 0.349974 0.349975 0.349976 0.349976 0.349975 0.349975 0.000000 0.000000
0.000000 0.000000 0.350125 0.350137 0.350131 0.350127 0.350132 0.350132 0.350132 0.350130 0.350130 0.350128 0.350128 0.350130 0.350130 0.350134 0.350134 0.350133 0.350132 0.000000 0.000000
0.000000 0.000000 0.352205 0.352191 0.352185 0.352171 0.352148 0.352142 0.352138 0.352139 0.352135 0.352141 0.352141 0.352140 0.352150 0.352157 0.352170 0.352180 0.352189 0.000000 0.000000
0.000000 0.000000 0.357284 0.357279 0.357252 0.357208 0.357172 0.357136 0.357139 0.357133 0.357127 0.357129 0.357136 0.357132 0.357150 0.357188 0.357205 0.357224 0.357229 0.000000 0.000000
0.000000 0.000000 0.364055 0.364043 0.364023 0.363979 0.363933 0.363858 0.363854 0.363848 0.363839 0.363841 0.363841 0.363841 0.363897 0.363939 0.363964 0.363985 0.363992 0.000000 0.000000
0.000000 0.000000 0.372255 0.372241 0.372217 0.372155 0.372103 0.372032 0.372025 0.372018 0.372007 0.372006 0.372002 0.372012 0.372062 0.372109 0.372151 0.372165 0.372179 0.000000 0.000000
0.000000 0.000000 0.381613 0.381592 0.381556 0.381507 0.381445 0.381359 0.381357 0.381343 0.381328 0.381326 0.381328 0.381322 0.381396 0.381456 0.381489 0.381507 0.381520 0.000000 0.000000
0.000000 0.000000 0.392540 0.392503 0.392469 0.392416 0.392341 0.392249 0.392236 0.392229 0.392204 0.392212 0.392226 0.392220 0.392279 0.392359 0.392402 0.392425 0.392428 0.000000 0.000000
0.000000 0.000000 0.405777 0.405743 0.405713 0.405578 0.405549 0.405413 0.405434 0.405369 0.405373 0.405362 0.405335 0.405372 0.405444 0.405493 0.405559 0.405587 0.405643 0.000000 0.000000
0.000000 0.000000 0.422101 0.422023 0.421928 0.421881 0.421812 0.421633 0.421603 0.421619 0.421624 0.421570 0.421599 0.421578 0.421726 0.421823 0.421850 0.421878 0.421987 0.000000 0.000000
0.000000 0.000000 0.440303 0.440237 0.440232 0.440090 0.440007 0.439521 0.439489 0.439459 0.439257 0.439400 0.439392 0.439438 0.439779 0.439846 0.440032 0.440057 0.440027 0.000000 0.000000
0.000000 0.000000 0.459605 0.459598 0.459448 0.459397 0.458859 0.459183 0.459055 0.459062 0.459181 0.459065 0.459049 0.458972 0.458701 0.459308 0.459280 0.459423 0.459496 0.000000 0.000000
0.000000 0.000000 0.473182 0.473148 0.473091 0.472745 0.472891 0.472673 0.472626 0.472603 0.472516 0.472496 0.472535 0.472537 0.472729 0.472577 0.473026 0.472923 0.472900 0.000000 0.000000
0.000000 0.000000 0.481836 0.481813 0.481613 0.481600 0.481609 0.481552 0.481615 0.481587 0.481605 0.481589 0.481564 0.481607 0.481635 0.481626 0.481557 0.481802 0.481790 0.000000 0.000000
0.000000 0.000000 0.488631 0.488478 0.488470 0.488358 0.488309 0.488244 0.488209 0.488210 0.488157 0.488156 0.488181 0.488163 0.488226 0.488256 0.488428 0.488369 0.488507 0.000000 0.000000
0.000000 0.000000 0.492049 0.492174 0.492190 0.492191 0.492212 0.492095 0.492144 0.492105 0.492164 0.492148 0.492127 0.492162 0.492246 0.492226 0.492174 0.492204 0.492067 0.000000 0.000000
0.000000 0.000000 0.350000 0.350000 0.350000 0.350000 0.350000 0.350000 0.350000 0.350000 0.350000 0.350000 0.350000 0.350000 0.350000 0.350000 0.350000 0.350000 0.350000 0.000000 0.000000
0.000000 0.000000 0.000000 0.000000 0.000000 0.000000 0.000000 0.000000 0.000000 0.000000 0.000000 0.000000 0.000000 0.000000 0.000000 0.000000 0.000000 0.000000 0.000000 0.000000 0.000000