geotop/1.0zi/1.0Montebello/Templates/testdem/maps/_Eocclay7146.asc
ncols         21
nrows         20
xllcorner     100.000000
yllcorner     100.000000
cellsize      50.000000
NODATA_value  -9999.0
0.000000 0.000000 0.000000 0.000000 0.000000 0.000000 0.000000 0.000000 0.000000 0.000000 0.000000 0.000000 0.000000 0.000000 0.000000 0.000000 0.000000 0.000000 0.000000 0.000000 0.000000
0.000000 0.000000 0.349680 0.349681 0.349682 0.349680 0.349682 0.349682 0.349682 0.349682 0.349680 0.349682 0.349682 0.349681 0.349682 0.349682 0.349680 0.349680 0.349681 0.000000 0.000000
0.000000 0.000000 0.349987 0.349987 0.349987 0.349988 0.349987 0.349987 0.349987 0.349987 0.349986 0.349986 0.349987 0.349986 0.349987 0.349987 0.349988 0.349988 0.349985 0.000000 0.000000
0.000000 0.000000 0.349979 0.349983 0.349980 0.349980 0.349982 0.349981 0.349983 0.349980 0.349984 0.349981 0.349982 0.349980 0.349981 0.349983 0.349981 0.349983 0.349983 0.000000 0.000000
0.000000 0.000000 0.350741 0.350738 0.350734 0.350731 0.350717 0.350714 0.350713 0.350716 0.350713 0.350714 0.350710 0.350714 0.350721 0.350721 0.350727 0.350729 0.350736 0.000000 0.000000
0.000000 0.000000 0.353000 0.352998 0.352988 0.352963 0.352951 0.352929 0.352931 0.352925 0.352929 0.352928 0.352930 0.352931 0.352939 0.352957 0.352968 0.352981 0.352988 0.000000 0.000000
0.000000 0.000000 0.356197 0.356194 0.356186 0.356165 0.356138 0.356105 0.356105 0.356099 0.356101 0.356102 0.356101 0.356102 0.356130 0.356156 0.356169 0.356180 0.356189 0.000000 0.000000
0.000000 0.000000 0.360019 0.360017 0.360010 0.359984 0.359958 0.359922 0.359923 0.359918 0.359918 0.359916 0.359913 0.359921 0.359950 0.359973 0.359994 0.360002 0.360014 0.000000 0.000000
0.000000 0.000000 0.363998 0.363992 0.363980 0.363965 0.363937 0.363901 0.363904 0.363895 0.363893 0.363891 0.363891 0.363891 0.363926 0.363955 0.363971 0.363978 0.363989 0.000000 0.000000
0.000000 0.000000 0.368128 0.368120 0.368114 0.368099 0.368059 0.368027 0.368028 0.368023 0.368018 0.368021 0.368026 0.368023 0.368053 0.368086 0.368105 0.368111 0.368120 0.000000 0.000000
0.000000 0.000000 0.372526 0.372521 0.372513 0.372483 0.372456 0.372417 0.372426 0.372405 0.372407 0.372407 0.372400 0.372413 0.372438 0.372459 0.372483 0.372496 0.372515 0.000000 0.000000
0.000000 0.000000 0.377274 0.377262 0.377247 0.377225 0.377197 0.377150 0.377150 0.377141 0.377152 0.377137 0.377140 0.377144 0.377189 0.377213 0.377229 0.377238 0.377282 0.000000 0.000000
0.000000 0.000000 0.382292 0.382279 0.382272 0.382245 0.382219 0.382111 0.382110 0.382102 0.382077 0.382089 0.382095 0.382106 0.382188 0.382212 0.382251 0.382256 0.382283 0.000000 0.000000
0.000000 0.000000 0.387960 0.387955 0.387934 0.387914 0.387792 0.387780 0.387755 0.387754 0.387755 0.387751 0.387749 0.387745 0.387748 0.387874 0.387902 0.387935 0.387967 0.000000 0.000000
0.000000 0.000000 0.394446 0.394436 0.394407 0.394266 0.394249 0.394179 0.394139 0.394130 0.394107 0.394089 0.394104 0.394099 0.394163 0.394192 0.394381 0.394361 0.394375 0.000000 0.000000
0.000000 0.000000 0.401508 0.401497 0.401298 0.401310 0.401298 0.401259 0.401320 0.401294 0.401324 0.401303 0.401276 0.401323 0.401345 0.401358 0.401275 0.401540 0.401541 0.000000 0.000000
0.000000 0.000000 0.410103 0.409802 0.409785 0.409691 0.409539 0.409488 0.409437 0.409445 0.409369 0.409369 0.409408 0.409378 0.409452 0.409565 0.409768 0.409714 0.410024 0.000000 0.000000
0.000000 0.000000 0.415053 0.415225 0.415507 0.415470 0.415424 0.415153 0.415168 0.415099 0.415184 0.415161 0.415162 0.415186 0.415426 0.415459 0.415553 0.415291 0.415132 0.000000 0.000000
0.000000 0.000000 0.350000 0.350000 0.350000 0.350000 0.350000 0.350000 0.350000 0.350000 0.350000 0.350000 0.350000 0.350000 0.350000 0.350000 0.350000 0.350000 0.350000 0.000000 0.000000
0.000000 0.000000 0.000000 0.000000 0.000000 0.000000 0.000000 0.000000 0.000000 0.000000 0.000000 0.000000 0.000000 0.000000 0.000000 0.000000 0.000000 0.000000 0.000000 0.000000 0.000000