geotop/1.0zi/1.0Montebello/Templates/testdem/maps/_Eocclay068W.asc
ncols         21
nrows         20
xllcorner     100.000000
yllcorner     100.000000
cellsize      50.000000
NODATA_value  -9999.0
0.000000 0.000000 0.000000 0.000000 0.000000 0.000000 0.000000 0.000000 0.000000 0.000000 0.000000 0.000000 0.000000 0.000000 0.000000 0.000000 0.000000 0.000000 0.000000 0.000000 0.000000
0.000000 0.000000 0.349494 0.349497 0.349496 0.349495 0.349497 0.349498 0.349497 0.349497 0.349496 0.349497 0.349497 0.349497 0.349497 0.349497 0.349495 0.349496 0.349496 0.000000 0.000000
0.000000 0.000000 0.349980 0.349978 0.349977 0.349980 0.349977 0.349977 0.349977 0.349977 0.349977 0.349977 0.349977 0.349977 0.349978 0.349979 0.349979 0.349978 0.349977 0.000000 0.000000
0.000000 0.000000 0.350082 0.350091 0.350088 0.350082 0.350085 0.350085 0.350089 0.350086 0.350088 0.350086 0.350087 0.350085 0.350089 0.350093 0.350092 0.350091 0.350089 0.000000 0.000000
0.000000 0.000000 0.351933 0.351920 0.351913 0.351897 0.351876 0.351871 0.351870 0.351872 0.351870 0.351875 0.351875 0.351876 0.351885 0.351891 0.351904 0.351911 0.351920 0.000000 0.000000
0.000000 0.000000 0.356592 0.356585 0.356560 0.356515 0.356479 0.356445 0.356451 0.356447 0.356444 0.356444 0.356451 0.356448 0.356466 0.356501 0.356520 0.356535 0.356540 0.000000 0.000000
0.000000 0.000000 0.362780 0.362766 0.362748 0.362703 0.362658 0.362590 0.362592 0.362587 0.362581 0.362582 0.362583 0.362583 0.362636 0.362676 0.362700 0.362716 0.362724 0.000000 0.000000
0.000000 0.000000 0.370213 0.370196 0.370174 0.370112 0.370061 0.369998 0.370000 0.369994 0.369987 0.369984 0.369981 0.369991 0.370040 0.370083 0.370123 0.370134 0.370149 0.000000 0.000000
0.000000 0.000000 0.378551 0.378528 0.378494 0.378446 0.378385 0.378312 0.378320 0.378309 0.378297 0.378295 0.378298 0.378293 0.378362 0.378416 0.378448 0.378462 0.378475 0.000000 0.000000
0.000000 0.000000 0.388089 0.388054 0.388023 0.387969 0.387900 0.387820 0.387821 0.387816 0.387798 0.387805 0.387813 0.387809 0.387864 0.387936 0.387976 0.387993 0.387998 0.000000 0.000000
0.000000 0.000000 0.399384 0.399355 0.399326 0.399206 0.399174 0.399061 0.399087 0.399036 0.399038 0.399029 0.399008 0.399039 0.399106 0.399150 0.399209 0.399231 0.399279 0.000000 0.000000
0.000000 0.000000 0.413088 0.413021 0.412940 0.412886 0.412820 0.412674 0.412661 0.412669 0.412681 0.412637 0.412659 0.412640 0.412770 0.412850 0.412880 0.412901 0.412997 0.000000 0.000000
0.000000 0.000000 0.428729 0.428666 0.428649 0.428518 0.428438 0.428025 0.428015 0.427993 0.427829 0.427941 0.427939 0.427977 0.428275 0.428336 0.428496 0.428505 0.428504 0.000000 0.000000
0.000000 0.000000 0.447352 0.447326 0.447181 0.447110 0.446554 0.446843 0.446725 0.446731 0.446838 0.446733 0.446718 0.446644 0.446390 0.447004 0.446994 0.447140 0.447219 0.000000 0.000000
0.000000 0.000000 0.463881 0.463828 0.463764 0.463252 0.463533 0.463177 0.463125 0.463092 0.462956 0.462936 0.462989 0.463004 0.463311 0.463030 0.463693 0.463525 0.463487 0.000000 0.000000
0.000000 0.000000 0.474696 0.474669 0.474339 0.474439 0.474409 0.474380 0.474513 0.474476 0.474533 0.474519 0.474465 0.474538 0.474525 0.474549 0.474272 0.474735 0.474723 0.000000 0.000000
0.000000 0.000000 0.482971 0.482775 0.482735 0.482675 0.482572 0.482532 0.482510 0.482513 0.482466 0.482467 0.482487 0.482471 0.482514 0.482589 0.482691 0.482691 0.482879 0.000000 0.000000
0.000000 0.000000 0.487204 0.487293 0.487330 0.487345 0.487324 0.487212 0.487253 0.487216 0.487271 0.487259 0.487242 0.487271 0.487359 0.487372 0.487319 0.487325 0.487232 0.000000 0.000000
0.000000 0.000000 0.350000 0.350000 0.350000 0.350000 0.350000 0.350000 0.350000 0.350000 0.350000 0.350000 0.350000 0.350000 0.350000 0.350000 0.350000 0.350000 0.350000 0.000000 0.000000
0.000000 0.000000 0.000000 0.000000 0.000000 0.000000 0.000000 0.000000 0.000000 0.000000 0.000000 0.000000 0.000000 0.000000 0.000000 0.000000 0.000000 0.000000 0.000000 0.000000 0.000000