geotop/1.0zi/1.0Montebello/Templates/testdem/maps/_Eocclay7667.asc
ncols         21
nrows         20
xllcorner     100.000000
yllcorner     100.000000
cellsize      50.000000
NODATA_value  -9999.0
0.000000 0.000000 0.000000 0.000000 0.000000 0.000000 0.000000 0.000000 0.000000 0.000000 0.000000 0.000000 0.000000 0.000000 0.000000 0.000000 0.000000 0.000000 0.000000 0.000000 0.000000
0.000000 0.000000 0.349647 0.349649 0.349649 0.349648 0.349649 0.349650 0.349649 0.349649 0.349648 0.349650 0.349649 0.349649 0.349650 0.349649 0.349647 0.349648 0.349649 0.000000 0.000000
0.000000 0.000000 0.349985 0.349984 0.349985 0.349986 0.349984 0.349984 0.349984 0.349984 0.349984 0.349984 0.349984 0.349984 0.349985 0.349985 0.349986 0.349985 0.349983 0.000000 0.000000
0.000000 0.000000 0.350003 0.350008 0.350004 0.350004 0.350007 0.350004 0.350006 0.350003 0.350006 0.350004 0.350004 0.350003 0.350005 0.350007 0.350006 0.350009 0.350007 0.000000 0.000000
0.000000 0.000000 0.350955 0.350953 0.350949 0.350943 0.350927 0.350925 0.350923 0.350925 0.350922 0.350923 0.350919 0.350923 0.350932 0.350934 0.350942 0.350944 0.350950 0.000000 0.000000
0.000000 0.000000 0.353562 0.353560 0.353549 0.353522 0.353509 0.353485 0.353486 0.353479 0.353483 0.353482 0.353485 0.353486 0.353497 0.353516 0.353530 0.353545 0.353550 0.000000 0.000000
0.000000 0.000000 0.357162 0.357158 0.357150 0.357127 0.357098 0.357061 0.357060 0.357054 0.357056 0.357056 0.357057 0.357058 0.357090 0.357118 0.357133 0.357146 0.357154 0.000000 0.000000
0.000000 0.000000 0.361454 0.361452 0.361444 0.361416 0.361387 0.361348 0.361347 0.361343 0.361342 0.361340 0.361338 0.361346 0.361380 0.361404 0.361429 0.361438 0.361450 0.000000 0.000000
0.000000 0.000000 0.365973 0.365966 0.365953 0.365936 0.365906 0.365865 0.365868 0.365858 0.365856 0.365854 0.365855 0.365854 0.365894 0.365926 0.365945 0.365955 0.365964 0.000000 0.000000
0.000000 0.000000 0.370722 0.370713 0.370707 0.370689 0.370645 0.370608 0.370609 0.370604 0.370598 0.370601 0.370607 0.370604 0.370639 0.370676 0.370699 0.370706 0.370714 0.000000 0.000000
0.000000 0.000000 0.375848 0.375842 0.375834 0.375798 0.375767 0.375724 0.375733 0.375709 0.375712 0.375711 0.375703 0.375719 0.375749 0.375772 0.375801 0.375817 0.375837 0.000000 0.000000
0.000000 0.000000 0.381472 0.381457 0.381440 0.381416 0.381382 0.381329 0.381327 0.381319 0.381331 0.381313 0.381317 0.381321 0.381376 0.381403 0.381424 0.381435 0.381483 0.000000 0.000000
0.000000 0.000000 0.387496 0.387481 0.387474 0.387441 0.387412 0.387279 0.387277 0.387268 0.387235 0.387251 0.387260 0.387272 0.387374 0.387402 0.387453 0.387459 0.387485 0.000000 0.000000
0.000000 0.000000 0.394451 0.394446 0.394420 0.394396 0.394237 0.394238 0.394204 0.394203 0.394210 0.394202 0.394199 0.394193 0.394187 0.394352 0.394384 0.394428 0.394462 0.000000 0.000000
0.000000 0.000000 0.402557 0.402543 0.402509 0.402315 0.402315 0.402219 0.402170 0.402158 0.402126 0.402102 0.402124 0.402119 0.402212 0.402225 0.402485 0.402452 0.402461 0.000000 0.000000
0.000000 0.000000 0.411467 0.411453 0.411174 0.411224 0.411206 0.411169 0.411265 0.411230 0.411279 0.411254 0.411213 0.411282 0.411300 0.411314 0.411150 0.411541 0.411536 0.000000 0.000000
0.000000 0.000000 0.422567 0.422123 0.422166 0.422014 0.421792 0.421726 0.421624 0.421646 0.421523 0.421530 0.421598 0.421537 0.421648 0.421812 0.422150 0.421983 0.422440 0.000000 0.000000
0.000000 0.000000 0.427699 0.428063 0.428474 0.428452 0.428439 0.428055 0.428098 0.427992 0.428149 0.428114 0.428100 0.428150 0.428481 0.428489 0.428549 0.428202 0.427851 0.000000 0.000000
0.000000 0.000000 0.350000 0.350000 0.350000 0.350000 0.350000 0.350000 0.350000 0.350000 0.350000 0.350000 0.350000 0.350000 0.350000 0.350000 0.350000 0.350000 0.350000 0.000000 0.000000
0.000000 0.000000 0.000000 0.000000 0.000000 0.000000 0.000000 0.000000 0.000000 0.000000 0.000000 0.000000 0.000000 0.000000 0.000000 0.000000 0.000000 0.000000 0.000000 0.000000 0.000000