geotop/1.0zi/1.0Montebello/Templates/testdem/maps/_Eocclay7288.asc
ncols         21
nrows         20
xllcorner     100.000000
yllcorner     100.000000
cellsize      50.000000
NODATA_value  -9999.0
0.000000 0.000000 0.000000 0.000000 0.000000 0.000000 0.000000 0.000000 0.000000 0.000000 0.000000 0.000000 0.000000 0.000000 0.000000 0.000000 0.000000 0.000000 0.000000 0.000000 0.000000
0.000000 0.000000 0.349665 0.349667 0.349667 0.349666 0.349667 0.349667 0.349667 0.349667 0.349666 0.349667 0.349667 0.349667 0.349667 0.349667 0.349665 0.349665 0.349666 0.000000 0.000000
0.000000 0.000000 0.349986 0.349986 0.349987 0.349988 0.349986 0.349986 0.349986 0.349986 0.349986 0.349986 0.349986 0.349985 0.349987 0.349986 0.349988 0.349987 0.349985 0.000000 0.000000
0.000000 0.000000 0.349978 0.349983 0.349979 0.349980 0.349981 0.349981 0.349983 0.349979 0.349983 0.349981 0.349981 0.349980 0.349981 0.349982 0.349980 0.349984 0.349983 0.000000 0.000000
0.000000 0.000000 0.350792 0.350790 0.350786 0.350782 0.350768 0.350766 0.350764 0.350766 0.350764 0.350764 0.350761 0.350765 0.350772 0.350773 0.350779 0.350781 0.350789 0.000000 0.000000
0.000000 0.000000 0.353179 0.353177 0.353167 0.353141 0.353129 0.353107 0.353109 0.353102 0.353106 0.353105 0.353107 0.353109 0.353117 0.353135 0.353148 0.353162 0.353169 0.000000 0.000000
0.000000 0.000000 0.356512 0.356509 0.356502 0.356480 0.356452 0.356418 0.356418 0.356412 0.356414 0.356414 0.356414 0.356415 0.356444 0.356471 0.356485 0.356497 0.356506 0.000000 0.000000
0.000000 0.000000 0.360492 0.360491 0.360483 0.360457 0.360430 0.360393 0.360394 0.360389 0.360389 0.360386 0.360384 0.360392 0.360423 0.360446 0.360468 0.360477 0.360490 0.000000 0.000000
0.000000 0.000000 0.364649 0.364643 0.364631 0.364615 0.364587 0.364549 0.364552 0.364543 0.364541 0.364539 0.364539 0.364539 0.364575 0.364606 0.364623 0.364631 0.364642 0.000000 0.000000
0.000000 0.000000 0.368980 0.368971 0.368965 0.368950 0.368909 0.368875 0.368876 0.368871 0.368866 0.368868 0.368874 0.368871 0.368902 0.368937 0.368957 0.368964 0.368973 0.000000 0.000000
0.000000 0.000000 0.373610 0.373604 0.373597 0.373565 0.373537 0.373497 0.373506 0.373484 0.373487 0.373486 0.373479 0.373493 0.373519 0.373541 0.373567 0.373581 0.373600 0.000000 0.000000
0.000000 0.000000 0.378632 0.378619 0.378604 0.378582 0.378552 0.378504 0.378503 0.378495 0.378506 0.378489 0.378493 0.378497 0.378545 0.378570 0.378587 0.378597 0.378643 0.000000 0.000000
0.000000 0.000000 0.383964 0.383951 0.383944 0.383916 0.383889 0.383773 0.383773 0.383764 0.383736 0.383750 0.383757 0.383768 0.383856 0.383881 0.383924 0.383929 0.383957 0.000000 0.000000
0.000000 0.000000 0.390028 0.390022 0.390000 0.389979 0.389847 0.389838 0.389811 0.389810 0.389812 0.389807 0.389804 0.389801 0.389800 0.389939 0.389968 0.390005 0.390037 0.000000 0.000000
0.000000 0.000000 0.397007 0.396996 0.396966 0.396810 0.396797 0.396720 0.396677 0.396667 0.396642 0.396622 0.396639 0.396633 0.396706 0.396732 0.396941 0.396918 0.396931 0.000000 0.000000
0.000000 0.000000 0.404634 0.404622 0.404400 0.404423 0.404410 0.404371 0.404442 0.404413 0.404449 0.404426 0.404395 0.404449 0.404470 0.404483 0.404378 0.404680 0.404680 0.000000 0.000000
0.000000 0.000000 0.414000 0.413657 0.413656 0.413546 0.413373 0.413318 0.413253 0.413265 0.413176 0.413177 0.413224 0.413186 0.413271 0.413399 0.413640 0.413556 0.413911 0.000000 0.000000
0.000000 0.000000 0.419061 0.419288 0.419612 0.419578 0.419541 0.419234 0.419257 0.419177 0.419283 0.419256 0.419253 0.419284 0.419553 0.419580 0.419668 0.419376 0.419164 0.000000 0.000000
0.000000 0.000000 0.350000 0.350000 0.350000 0.350000 0.350000 0.350000 0.350000 0.350000 0.350000 0.350000 0.350000 0.350000 0.350000 0.350000 0.350000 0.350000 0.350000 0.000000 0.000000
0.000000 0.000000 0.000000 0.000000 0.000000 0.000000 0.000000 0.000000 0.000000 0.000000 0.000000 0.000000 0.000000 0.000000 0.000000 0.000000 0.000000 0.000000 0.000000 0.000000 0.000000