geotop/1.0zi/1.0Montebello/Templates/testdem/maps/_Eocclay6386.asc
ncols         21
nrows         20
xllcorner     100.000000
yllcorner     100.000000
cellsize      50.000000
NODATA_value  -9999.0
0.000000 0.000000 0.000000 0.000000 0.000000 0.000000 0.000000 0.000000 0.000000 0.000000 0.000000 0.000000 0.000000 0.000000 0.000000 0.000000 0.000000 0.000000 0.000000 0.000000 0.000000
0.000000 0.000000 0.349715 0.349716 0.349716 0.349715 0.349716 0.349716 0.349716 0.349716 0.349715 0.349716 0.349716 0.349716 0.349716 0.349716 0.349714 0.349714 0.349716 0.000000 0.000000
0.000000 0.000000 0.349989 0.349989 0.349989 0.349990 0.349988 0.349988 0.349988 0.349988 0.349988 0.349987 0.349988 0.349987 0.349988 0.349988 0.349989 0.349989 0.349987 0.000000 0.000000
0.000000 0.000000 0.349983 0.349988 0.349984 0.349985 0.349986 0.349986 0.349988 0.349984 0.349989 0.349986 0.349987 0.349986 0.349986 0.349988 0.349986 0.349988 0.349987 0.000000 0.000000
0.000000 0.000000 0.350598 0.350597 0.350595 0.350591 0.350578 0.350575 0.350575 0.350578 0.350575 0.350574 0.350569 0.350571 0.350578 0.350578 0.350584 0.350585 0.350593 0.000000 0.000000
0.000000 0.000000 0.352421 0.352422 0.352415 0.352392 0.352385 0.352366 0.352367 0.352362 0.352364 0.352366 0.352369 0.352369 0.352374 0.352389 0.352398 0.352410 0.352414 0.000000 0.000000
0.000000 0.000000 0.355118 0.355117 0.355111 0.355093 0.355070 0.355041 0.355040 0.355035 0.355037 0.355039 0.355039 0.355038 0.355061 0.355085 0.355096 0.355105 0.355113 0.000000 0.000000
0.000000 0.000000 0.358361 0.358361 0.358356 0.358334 0.358311 0.358280 0.358280 0.358277 0.358276 0.358276 0.358274 0.358280 0.358305 0.358325 0.358343 0.358349 0.358360 0.000000 0.000000
0.000000 0.000000 0.361701 0.361698 0.361688 0.361675 0.361652 0.361621 0.361623 0.361616 0.361614 0.361615 0.361614 0.361613 0.361643 0.361667 0.361682 0.361687 0.361697 0.000000 0.000000
0.000000 0.000000 0.365119 0.365113 0.365109 0.365097 0.365064 0.365036 0.365037 0.365033 0.365029 0.365033 0.365037 0.365034 0.365059 0.365087 0.365104 0.365107 0.365115 0.000000 0.000000
0.000000 0.000000 0.368702 0.368699 0.368694 0.368670 0.368648 0.368616 0.368622 0.368606 0.368607 0.368608 0.368603 0.368613 0.368634 0.368651 0.368670 0.368681 0.368696 0.000000 0.000000
0.000000 0.000000 0.372504 0.372498 0.372487 0.372468 0.372447 0.372408 0.372409 0.372401 0.372409 0.372399 0.372400 0.372404 0.372441 0.372458 0.372472 0.372478 0.372516 0.000000 0.000000
0.000000 0.000000 0.376460 0.376452 0.376446 0.376426 0.376407 0.376323 0.376323 0.376316 0.376297 0.376307 0.376313 0.376320 0.376383 0.376400 0.376432 0.376434 0.376460 0.000000 0.000000
0.000000 0.000000 0.380820 0.380815 0.380801 0.380786 0.380701 0.380684 0.380665 0.380664 0.380659 0.380661 0.380660 0.380657 0.380667 0.380755 0.380780 0.380801 0.380829 0.000000 0.000000
0.000000 0.000000 0.385695 0.385690 0.385670 0.385576 0.385552 0.385503 0.385471 0.385465 0.385448 0.385437 0.385449 0.385444 0.385485 0.385519 0.385649 0.385637 0.385654 0.000000 0.000000
0.000000 0.000000 0.390918 0.390913 0.390786 0.390773 0.390767 0.390738 0.390768 0.390752 0.390767 0.390752 0.390737 0.390765 0.390784 0.390794 0.390769 0.390932 0.390935 0.000000 0.000000
0.000000 0.000000 0.397055 0.396877 0.396835 0.396782 0.396694 0.396657 0.396636 0.396637 0.396594 0.396593 0.396613 0.396601 0.396648 0.396715 0.396823 0.396833 0.397019 0.000000 0.000000
0.000000 0.000000 0.401212 0.401259 0.401426 0.401388 0.401338 0.401173 0.401172 0.401133 0.401168 0.401157 0.401165 0.401173 0.401325 0.401361 0.401453 0.401286 0.401251 0.000000 0.000000
0.000000 0.000000 0.350000 0.350000 0.350000 0.350000 0.350000 0.350000 0.350000 0.350000 0.350000 0.350000 0.350000 0.350000 0.350000 0.350000 0.350000 0.350000 0.350000 0.000000 0.000000
0.000000 0.000000 0.000000 0.000000 0.000000 0.000000 0.000000 0.000000 0.000000 0.000000 0.000000 0.000000 0.000000 0.000000 0.000000 0.000000 0.000000 0.000000 0.000000 0.000000 0.000000