geotop/1.0zi/1.0Montebello/Templates/testdem/maps/_Eocclay8430.asc
ncols         21
nrows         20
xllcorner     100.000000
yllcorner     100.000000
cellsize      50.000000
NODATA_value  -9999.0
0.000000 0.000000 0.000000 0.000000 0.000000 0.000000 0.000000 0.000000 0.000000 0.000000 0.000000 0.000000 0.000000 0.000000 0.000000 0.000000 0.000000 0.000000 0.000000 0.000000 0.000000
0.000000 0.000000 0.349616 0.349618 0.349618 0.349617 0.349619 0.349619 0.349619 0.349619 0.349617 0.349619 0.349619 0.349618 0.349619 0.349618 0.349616 0.349617 0.349617 0.000000 0.000000
0.000000 0.000000 0.349983 0.349982 0.349982 0.349984 0.349982 0.349982 0.349982 0.349982 0.349982 0.349982 0.349982 0.349982 0.349982 0.349983 0.349984 0.349983 0.349981 0.000000 0.000000
0.000000 0.000000 0.350004 0.350009 0.350006 0.350004 0.350007 0.350004 0.350006 0.350004 0.350007 0.350004 0.350005 0.350003 0.350005 0.350006 0.350005 0.350009 0.350006 0.000000 0.000000
0.000000 0.000000 0.351015 0.351011 0.351010 0.351005 0.350991 0.350988 0.350984 0.350987 0.350983 0.350984 0.350980 0.350984 0.350993 0.350995 0.351005 0.351008 0.351017 0.000000 0.000000
0.000000 0.000000 0.354013 0.354013 0.353998 0.353969 0.353952 0.353927 0.353929 0.353922 0.353927 0.353925 0.353928 0.353929 0.353941 0.353962 0.353977 0.353991 0.353996 0.000000 0.000000
0.000000 0.000000 0.358117 0.358111 0.358104 0.358079 0.358046 0.358004 0.358003 0.357998 0.357998 0.358000 0.358000 0.358001 0.358036 0.358067 0.358083 0.358096 0.358104 0.000000 0.000000
0.000000 0.000000 0.362984 0.362980 0.362973 0.362941 0.362910 0.362865 0.362865 0.362859 0.362859 0.362856 0.362853 0.362862 0.362900 0.362926 0.362953 0.362962 0.362975 0.000000 0.000000
0.000000 0.000000 0.368184 0.368175 0.368162 0.368142 0.368107 0.368061 0.368064 0.368054 0.368051 0.368049 0.368049 0.368049 0.368094 0.368129 0.368150 0.368160 0.368171 0.000000 0.000000
0.000000 0.000000 0.373732 0.373720 0.373714 0.373694 0.373643 0.373602 0.373601 0.373596 0.373589 0.373593 0.373599 0.373597 0.373635 0.373677 0.373702 0.373711 0.373719 0.000000 0.000000
0.000000 0.000000 0.379822 0.379816 0.379808 0.379762 0.379729 0.379675 0.379688 0.379659 0.379665 0.379662 0.379651 0.379669 0.379707 0.379732 0.379766 0.379783 0.379806 0.000000 0.000000
0.000000 0.000000 0.386629 0.386609 0.386590 0.386564 0.386521 0.386460 0.386454 0.386449 0.386462 0.386439 0.386446 0.386448 0.386514 0.386549 0.386570 0.386584 0.386639 0.000000 0.000000
0.000000 0.000000 0.394054 0.394033 0.394032 0.393986 0.393953 0.393784 0.393780 0.393773 0.393725 0.393752 0.393758 0.393774 0.393904 0.393936 0.394000 0.394006 0.394033 0.000000 0.000000
0.000000 0.000000 0.402853 0.402848 0.402815 0.402784 0.402571 0.402592 0.402548 0.402549 0.402563 0.402546 0.402541 0.402527 0.402505 0.402732 0.402762 0.402822 0.402863 0.000000 0.000000
0.000000 0.000000 0.413309 0.413288 0.413245 0.412970 0.413003 0.412863 0.412800 0.412787 0.412736 0.412705 0.412734 0.412729 0.412866 0.412848 0.413215 0.413155 0.413159 0.000000 0.000000
0.000000 0.000000 0.424795 0.424776 0.424377 0.424499 0.424466 0.424434 0.424588 0.424541 0.424622 0.424594 0.424525 0.424625 0.424628 0.424653 0.424338 0.424927 0.424918 0.000000 0.000000
0.000000 0.000000 0.439027 0.438394 0.438552 0.438306 0.437991 0.437895 0.437713 0.437756 0.437561 0.437581 0.437689 0.437578 0.437743 0.437976 0.438526 0.438150 0.438808 0.000000 0.000000
0.000000 0.000000 0.443718 0.444327 0.444853 0.444861 0.444903 0.444398 0.444490 0.444341 0.444590 0.444540 0.444497 0.444582 0.445001 0.444970 0.444948 0.444551 0.443953 0.000000 0.000000
0.000000 0.000000 0.350000 0.350000 0.350000 0.350000 0.350000 0.350000 0.350000 0.350000 0.350000 0.350000 0.350000 0.350000 0.350000 0.350000 0.350000 0.350000 0.350000 0.000000 0.000000
0.000000 0.000000 0.000000 0.000000 0.000000 0.000000 0.000000 0.000000 0.000000 0.000000 0.000000 0.000000 0.000000 0.000000 0.000000 0.000000 0.000000 0.000000 0.000000 0.000000 0.000000