geotop/1.0zi/1.0Montebello/Templates/testdem/maps/_Eocsilt8534.asc
ncols         21
nrows         20
xllcorner     100.000000
yllcorner     100.000000
cellsize      50.000000
NODATA_value  -9999.0
0.000000 0.000000 0.000000 0.000000 0.000000 0.000000 0.000000 0.000000 0.000000 0.000000 0.000000 0.000000 0.000000 0.000000 0.000000 0.000000 0.000000 0.000000 0.000000 0.000000 0.000000
0.000000 0.000000 0.350178 0.350179 0.350179 0.350179 0.350178 0.350179 0.350179 0.350179 0.350179 0.350178 0.350178 0.350178 0.350178 0.350179 0.350179 0.350179 0.350179 0.000000 0.000000
0.000000 0.000000 0.350006 0.350006 0.350006 0.350005 0.350006 0.350006 0.350006 0.350006 0.350007 0.350006 0.350007 0.350007 0.350006 0.350005 0.350004 0.350004 0.350005 0.000000 0.000000
0.000000 0.000000 0.350102 0.350099 0.350097 0.350091 0.350092 0.350087 0.350090 0.350090 0.350087 0.350089 0.350089 0.350089 0.350092 0.350095 0.350098 0.350099 0.350100 0.000000 0.000000
0.000000 0.000000 0.351077 0.351083 0.351072 0.351060 0.351052 0.351045 0.351043 0.351041 0.351041 0.351043 0.351047 0.351046 0.351059 0.351063 0.351067 0.351076 0.351078 0.000000 0.000000
0.000000 0.000000 0.353951 0.353948 0.353939 0.353920 0.353899 0.353878 0.353876 0.353869 0.353874 0.353875 0.353878 0.353876 0.353890 0.353902 0.353916 0.353923 0.353930 0.000000 0.000000
0.000000 0.000000 0.358097 0.358090 0.358079 0.358051 0.358015 0.357978 0.357979 0.357975 0.357976 0.357976 0.357973 0.357978 0.358010 0.358038 0.358056 0.358071 0.358078 0.000000 0.000000
0.000000 0.000000 0.363003 0.362998 0.362992 0.362961 0.362929 0.362888 0.362888 0.362882 0.362881 0.362879 0.362877 0.362884 0.362920 0.362948 0.362976 0.362982 0.362995 0.000000 0.000000
0.000000 0.000000 0.368309 0.368296 0.368281 0.368260 0.368223 0.368177 0.368180 0.368169 0.368167 0.368166 0.368168 0.368166 0.368212 0.368247 0.368269 0.368281 0.368292 0.000000 0.000000
0.000000 0.000000 0.373948 0.373935 0.373926 0.373906 0.373855 0.373813 0.373814 0.373808 0.373802 0.373807 0.373812 0.373810 0.373848 0.373890 0.373915 0.373924 0.373931 0.000000 0.000000
0.000000 0.000000 0.380103 0.380095 0.380086 0.380038 0.380004 0.379952 0.379966 0.379936 0.379942 0.379940 0.379931 0.379947 0.379985 0.380010 0.380044 0.380061 0.380084 0.000000 0.000000
0.000000 0.000000 0.387000 0.386977 0.386957 0.386931 0.386886 0.386825 0.386819 0.386814 0.386828 0.386806 0.386816 0.386817 0.386883 0.386917 0.386938 0.386952 0.387007 0.000000 0.000000
0.000000 0.000000 0.394518 0.394496 0.394493 0.394445 0.394411 0.394241 0.394238 0.394230 0.394182 0.394211 0.394218 0.394233 0.394364 0.394395 0.394461 0.394465 0.394492 0.000000 0.000000
0.000000 0.000000 0.403432 0.403425 0.403389 0.403358 0.403139 0.403166 0.403122 0.403123 0.403140 0.403123 0.403120 0.403103 0.403077 0.403307 0.403336 0.403397 0.403438 0.000000 0.000000
0.000000 0.000000 0.413986 0.413962 0.413917 0.413634 0.413673 0.413529 0.413469 0.413455 0.413404 0.413374 0.413406 0.413400 0.413541 0.413514 0.413888 0.413824 0.413827 0.000000 0.000000
0.000000 0.000000 0.425423 0.425403 0.425000 0.425131 0.425092 0.425066 0.425224 0.425175 0.425261 0.425236 0.425168 0.425267 0.425265 0.425292 0.424962 0.425555 0.425547 0.000000 0.000000
0.000000 0.000000 0.439146 0.438546 0.438704 0.438462 0.438163 0.438071 0.437894 0.437935 0.437749 0.437770 0.437878 0.437768 0.437926 0.438146 0.438680 0.438305 0.438929 0.000000 0.000000
0.000000 0.000000 0.443599 0.444132 0.444595 0.444597 0.444626 0.444175 0.444257 0.444123 0.444346 0.444302 0.444267 0.444341 0.444716 0.444693 0.444679 0.444328 0.443802 0.000000 0.000000
0.000000 0.000000 0.350000 0.350000 0.350000 0.350000 0.350000 0.350000 0.350000 0.350000 0.350000 0.350000 0.350000 0.350000 0.350000 0.350000 0.350000 0.350000 0.350000 0.000000 0.000000
0.000000 0.000000 0.000000 0.000000 0.000000 0.000000 0.000000 0.000000 0.000000 0.000000 0.000000 0.000000 0.000000 0.000000 0.000000 0.000000 0.000000 0.000000 0.000000 0.000000 0.000000