geotop/1.0zi/1.0Montebello/Templates/testdem/maps/_Eocsilt0271.asc
ncols         21
nrows         20
xllcorner     100.000000
yllcorner     100.000000
cellsize      50.000000
NODATA_value  -9999.0
0.000000 0.000000 0.000000 0.000000 0.000000 0.000000 0.000000 0.000000 0.000000 0.000000 0.000000 0.000000 0.000000 0.000000 0.000000 0.000000 0.000000 0.000000 0.000000 0.000000 0.000000
0.000000 0.000000 0.350007 0.350007 0.350007 0.350007 0.350007 0.350007 0.350007 0.350007 0.350007 0.350007 0.350007 0.350007 0.350007 0.350007 0.350007 0.350007 0.350007 0.000000 0.000000
0.000000 0.000000 0.350001 0.350001 0.350001 0.350000 0.350001 0.350001 0.350001 0.350001 0.350001 0.350001 0.350001 0.350001 0.350001 0.350000 0.350001 0.350001 0.350001 0.000000 0.000000
0.000000 0.000000 0.350235 0.350235 0.350232 0.350235 0.350235 0.350235 0.350235 0.350235 0.350235 0.350235 0.350235 0.350235 0.350235 0.350235 0.350232 0.350235 0.350235 0.000000 0.000000
0.000000 0.000000 0.350842 0.350842 0.350840 0.350841 0.350842 0.350842 0.350842 0.350842 0.350842 0.350842 0.350842 0.350842 0.350842 0.350841 0.350840 0.350842 0.350842 0.000000 0.000000
0.000000 0.000000 0.351396 0.351395 0.351394 0.351395 0.351396 0.351396 0.351396 0.351396 0.351396 0.351396 0.351396 0.351396 0.351396 0.351395 0.351394 0.351395 0.351396 0.000000 0.000000
0.000000 0.000000 0.351885 0.351885 0.351883 0.351885 0.351885 0.351885 0.351885 0.351885 0.351885 0.351885 0.351885 0.351885 0.351885 0.351885 0.351883 0.351885 0.351885 0.000000 0.000000
0.000000 0.000000 0.352332 0.352332 0.352330 0.352331 0.352332 0.352332 0.352332 0.352332 0.352332 0.352332 0.352332 0.352332 0.352332 0.352331 0.352330 0.352332 0.352332 0.000000 0.000000
0.000000 0.000000 0.352749 0.352749 0.352748 0.352749 0.352749 0.352749 0.352749 0.352749 0.352749 0.352749 0.352749 0.352749 0.352749 0.352749 0.352748 0.352749 0.352749 0.000000 0.000000
0.000000 0.000000 0.353150 0.353150 0.353149 0.353150 0.353150 0.353150 0.353150 0.353150 0.353150 0.353150 0.353150 0.353150 0.353150 0.353150 0.353149 0.353150 0.353150 0.000000 0.000000
0.000000 0.000000 0.353538 0.353538 0.353536 0.353538 0.353538 0.353538 0.353538 0.353538 0.353538 0.353538 0.353538 0.353538 0.353538 0.353538 0.353536 0.353538 0.353538 0.000000 0.000000
0.000000 0.000000 0.353915 0.353915 0.353914 0.353915 0.353915 0.353915 0.353915 0.353915 0.353915 0.353915 0.353915 0.353915 0.353915 0.353915 0.353914 0.353915 0.353915 0.000000 0.000000
0.000000 0.000000 0.354284 0.354284 0.354283 0.354284 0.354284 0.354284 0.354284 0.354284 0.354284 0.354284 0.354284 0.354284 0.354284 0.354284 0.354283 0.354284 0.354284 0.000000 0.000000
0.000000 0.000000 0.354645 0.354645 0.354644 0.354645 0.354645 0.354645 0.354645 0.354645 0.354645 0.354645 0.354645 0.354645 0.354645 0.354645 0.354644 0.354645 0.354645 0.000000 0.000000
0.000000 0.000000 0.355001 0.355001 0.354999 0.355001 0.355001 0.355001 0.355001 0.355001 0.355001 0.355001 0.355001 0.355001 0.355001 0.355001 0.354999 0.355001 0.355001 0.000000 0.000000
0.000000 0.000000 0.355354 0.355353 0.355352 0.355353 0.355354 0.355354 0.355354 0.355354 0.355354 0.355354 0.355354 0.355354 0.355354 0.355353 0.355352 0.355353 0.355354 0.000000 0.000000
0.000000 0.000000 0.355700 0.355700 0.355699 0.355700 0.355700 0.355700 0.355700 0.355700 0.355700 0.355700 0.355700 0.355700 0.355700 0.355700 0.355699 0.355700 0.355700 0.000000 0.000000
0.000000 0.000000 0.356067 0.356067 0.356065 0.356067 0.356067 0.356067 0.356067 0.356067 0.356067 0.356067 0.356067 0.356067 0.356067 0.356067 0.356065 0.356067 0.356067 0.000000 0.000000
0.000000 0.000000 0.350000 0.350000 0.350000 0.350000 0.350000 0.350000 0.350000 0.350000 0.350000 0.350000 0.350000 0.350000 0.350000 0.350000 0.350000 0.350000 0.350000 0.000000 0.000000
0.000000 0.000000 0.000000 0.000000 0.000000 0.000000 0.000000 0.000000 0.000000 0.000000 0.000000 0.000000 0.000000 0.000000 0.000000 0.000000 0.000000 0.000000 0.000000 0.000000 0.000000