geotop/1.0zi/1.0Montebello/Templates/testdem/maps/_Eocsand2563.asc
ncols         21
nrows         20
xllcorner     100.000000
yllcorner     100.000000
cellsize      50.000000
NODATA_value  -9999.0
0.000000 0.000000 0.000000 0.000000 0.000000 0.000000 0.000000 0.000000 0.000000 0.000000 0.000000 0.000000 0.000000 0.000000 0.000000 0.000000 0.000000 0.000000 0.000000 0.000000 0.000000
0.000000 0.000000 0.300076 0.300076 0.300076 0.300076 0.300076 0.300076 0.300076 0.300076 0.300077 0.300076 0.300076 0.300076 0.300076 0.300076 0.300076 0.300076 0.300076 0.000000 0.000000
0.000000 0.000000 0.300012 0.300013 0.300013 0.300012 0.300013 0.300012 0.300012 0.300013 0.300011 0.300013 0.300012 0.300012 0.300013 0.300012 0.300013 0.300013 0.300012 0.000000 0.000000
0.000000 0.000000 0.298341 0.298342 0.298347 0.298344 0.298341 0.298341 0.298342 0.298341 0.298341 0.298341 0.298342 0.298341 0.298341 0.298344 0.298347 0.298342 0.298341 0.000000 0.000000
0.000000 0.000000 0.291317 0.291319 0.291322 0.291322 0.291316 0.291318 0.291318 0.291315 0.291315 0.291315 0.291318 0.291318 0.291316 0.291322 0.291322 0.291319 0.291317 0.000000 0.000000
0.000000 0.000000 0.282741 0.282742 0.282745 0.282745 0.282740 0.282742 0.282742 0.282740 0.282739 0.282740 0.282742 0.282742 0.282740 0.282745 0.282745 0.282742 0.282741 0.000000 0.000000
0.000000 0.000000 0.274749 0.274750 0.274753 0.274752 0.274748 0.274749 0.274749 0.274748 0.274747 0.274748 0.274749 0.274749 0.274748 0.274752 0.274753 0.274750 0.274749 0.000000 0.000000
0.000000 0.000000 0.267434 0.267435 0.267437 0.267436 0.267433 0.267434 0.267434 0.267433 0.267432 0.267433 0.267434 0.267434 0.267433 0.267436 0.267437 0.267435 0.267434 0.000000 0.000000
0.000000 0.000000 0.260620 0.260620 0.260623 0.260622 0.260619 0.260620 0.260620 0.260619 0.260618 0.260619 0.260620 0.260620 0.260619 0.260622 0.260623 0.260620 0.260620 0.000000 0.000000
0.000000 0.000000 0.254150 0.254151 0.254153 0.254152 0.254149 0.254150 0.254150 0.254149 0.254149 0.254149 0.254150 0.254150 0.254149 0.254152 0.254153 0.254151 0.254150 0.000000 0.000000
0.000000 0.000000 0.247947 0.247948 0.247950 0.247949 0.247947 0.247948 0.247948 0.247946 0.247946 0.247946 0.247948 0.247948 0.247947 0.247949 0.247950 0.247948 0.247947 0.000000 0.000000
0.000000 0.000000 0.241954 0.241955 0.241957 0.241956 0.241954 0.241955 0.241955 0.241953 0.241953 0.241953 0.241955 0.241955 0.241954 0.241956 0.241957 0.241955 0.241954 0.000000 0.000000
0.000000 0.000000 0.236128 0.236129 0.236131 0.236130 0.236128 0.236129 0.236129 0.236128 0.236127 0.236128 0.236129 0.236129 0.236128 0.236130 0.236131 0.236129 0.236128 0.000000 0.000000
0.000000 0.000000 0.230441 0.230441 0.230443 0.230442 0.230440 0.230441 0.230441 0.230440 0.230439 0.230440 0.230441 0.230441 0.230440 0.230442 0.230443 0.230441 0.230441 0.000000 0.000000
0.000000 0.000000 0.224872 0.224872 0.224874 0.224873 0.224871 0.224872 0.224872 0.224871 0.224870 0.224871 0.224872 0.224872 0.224871 0.224873 0.224874 0.224872 0.224872 0.000000 0.000000
0.000000 0.000000 0.219414 0.219414 0.219416 0.219415 0.219413 0.219414 0.219414 0.219413 0.219412 0.219413 0.219414 0.219414 0.219413 0.219415 0.219416 0.219414 0.219414 0.000000 0.000000
0.000000 0.000000 0.214057 0.214058 0.214060 0.214059 0.214057 0.214058 0.214058 0.214056 0.214056 0.214056 0.214058 0.214058 0.214057 0.214059 0.214060 0.214058 0.214057 0.000000 0.000000
0.000000 0.000000 0.208720 0.208720 0.208722 0.208721 0.208719 0.208720 0.208720 0.208718 0.208718 0.208718 0.208720 0.208720 0.208719 0.208721 0.208722 0.208720 0.208719 0.000000 0.000000
0.000000 0.000000 0.300000 0.300000 0.300000 0.300000 0.300000 0.300000 0.300000 0.300000 0.300000 0.300000 0.300000 0.300000 0.300000 0.300000 0.300000 0.300000 0.300000 0.000000 0.000000
0.000000 0.000000 0.000000 0.000000 0.000000 0.000000 0.000000 0.000000 0.000000 0.000000 0.000000 0.000000 0.000000 0.000000 0.000000 0.000000 0.000000 0.000000 0.000000 0.000000 0.000000