geotop/1.0zi/1.0Montebello/Templates/testdem/maps/_Eocclay6297.asc
ncols         21
nrows         20
xllcorner     100.000000
yllcorner     100.000000
cellsize      50.000000
NODATA_value  -9999.0
0.000000 0.000000 0.000000 0.000000 0.000000 0.000000 0.000000 0.000000 0.000000 0.000000 0.000000 0.000000 0.000000 0.000000 0.000000 0.000000 0.000000 0.000000 0.000000 0.000000 0.000000
0.000000 0.000000 0.349718 0.349719 0.349719 0.349718 0.349720 0.349720 0.349719 0.349719 0.349718 0.349720 0.349719 0.349719 0.349720 0.349720 0.349718 0.349718 0.349719 0.000000 0.000000
0.000000 0.000000 0.349989 0.349989 0.349989 0.349990 0.349988 0.349988 0.349988 0.349988 0.349988 0.349988 0.349989 0.349987 0.349989 0.349988 0.349990 0.349989 0.349987 0.000000 0.000000
0.000000 0.000000 0.349983 0.349987 0.349984 0.349985 0.349986 0.349986 0.349987 0.349984 0.349989 0.349986 0.349986 0.349986 0.349986 0.349988 0.349986 0.349988 0.349987 0.000000 0.000000
0.000000 0.000000 0.350573 0.350572 0.350570 0.350567 0.350554 0.350551 0.350551 0.350554 0.350551 0.350550 0.350545 0.350547 0.350554 0.350554 0.350559 0.350561 0.350568 0.000000 0.000000
0.000000 0.000000 0.352359 0.352360 0.352353 0.352331 0.352324 0.352305 0.352306 0.352301 0.352303 0.352305 0.352308 0.352308 0.352313 0.352327 0.352336 0.352348 0.352353 0.000000 0.000000
0.000000 0.000000 0.355017 0.355016 0.355011 0.354992 0.354970 0.354941 0.354940 0.354936 0.354937 0.354939 0.354939 0.354939 0.354961 0.354984 0.354995 0.355004 0.355012 0.000000 0.000000
0.000000 0.000000 0.358217 0.358217 0.358212 0.358190 0.358168 0.358136 0.358136 0.358134 0.358133 0.358133 0.358131 0.358136 0.358161 0.358181 0.358198 0.358205 0.358216 0.000000 0.000000
0.000000 0.000000 0.361508 0.361505 0.361496 0.361483 0.361461 0.361430 0.361432 0.361425 0.361423 0.361423 0.361423 0.361422 0.361451 0.361474 0.361490 0.361494 0.361504 0.000000 0.000000
0.000000 0.000000 0.364871 0.364865 0.364861 0.364850 0.364818 0.364790 0.364791 0.364787 0.364783 0.364787 0.364791 0.364787 0.364813 0.364840 0.364856 0.364860 0.364868 0.000000 0.000000
0.000000 0.000000 0.368393 0.368390 0.368385 0.368362 0.368340 0.368308 0.368315 0.368299 0.368299 0.368301 0.368296 0.368306 0.368326 0.368343 0.368362 0.368372 0.368387 0.000000 0.000000
0.000000 0.000000 0.372126 0.372120 0.372109 0.372091 0.372070 0.372032 0.372032 0.372025 0.372033 0.372023 0.372024 0.372027 0.372064 0.372081 0.372094 0.372100 0.372137 0.000000 0.000000
0.000000 0.000000 0.376007 0.375998 0.375993 0.375973 0.375954 0.375873 0.375872 0.375865 0.375847 0.375857 0.375863 0.375869 0.375931 0.375948 0.375978 0.375981 0.376006 0.000000 0.000000
0.000000 0.000000 0.380274 0.380269 0.380256 0.380241 0.380158 0.380141 0.380122 0.380121 0.380116 0.380119 0.380117 0.380115 0.380125 0.380210 0.380235 0.380255 0.380282 0.000000 0.000000
0.000000 0.000000 0.385038 0.385034 0.385013 0.384923 0.384900 0.384851 0.384820 0.384814 0.384798 0.384787 0.384799 0.384793 0.384833 0.384867 0.384993 0.384982 0.384998 0.000000 0.000000
0.000000 0.000000 0.390138 0.390132 0.390010 0.389997 0.389991 0.389962 0.389991 0.389975 0.389989 0.389975 0.389960 0.389987 0.390006 0.390015 0.389993 0.390150 0.390153 0.000000 0.000000
0.000000 0.000000 0.396110 0.395939 0.395896 0.395846 0.395762 0.395727 0.395707 0.395708 0.395667 0.395666 0.395684 0.395673 0.395718 0.395782 0.395884 0.395897 0.396075 0.000000 0.000000
0.000000 0.000000 0.400195 0.400235 0.400394 0.400358 0.400310 0.400151 0.400150 0.400113 0.400145 0.400135 0.400143 0.400150 0.400296 0.400331 0.400421 0.400260 0.400231 0.000000 0.000000
0.000000 0.000000 0.350000 0.350000 0.350000 0.350000 0.350000 0.350000 0.350000 0.350000 0.350000 0.350000 0.350000 0.350000 0.350000 0.350000 0.350000 0.350000 0.350000 0.000000 0.000000
0.000000 0.000000 0.000000 0.000000 0.000000 0.000000 0.000000 0.000000 0.000000 0.000000 0.000000 0.000000 0.000000 0.000000 0.000000 0.000000 0.000000 0.000000 0.000000 0.000000 0.000000