geotop/1.0zi/1.0Montebello/Templates/testdem/maps/_Eocsilt2118.asc
ncols         21
nrows         20
xllcorner     100.000000
yllcorner     100.000000
cellsize      50.000000
NODATA_value  -9999.0
0.000000 0.000000 0.000000 0.000000 0.000000 0.000000 0.000000 0.000000 0.000000 0.000000 0.000000 0.000000 0.000000 0.000000 0.000000 0.000000 0.000000 0.000000 0.000000 0.000000 0.000000
0.000000 0.000000 0.350049 0.350049 0.350049 0.350049 0.350049 0.350049 0.350049 0.350049 0.350049 0.350049 0.350049 0.350049 0.350049 0.350049 0.350049 0.350049 0.350049 0.000000 0.000000
0.000000 0.000000 0.349997 0.349997 0.349997 0.349997 0.349997 0.349997 0.349997 0.349997 0.349997 0.349997 0.349997 0.349997 0.349997 0.349997 0.349997 0.349997 0.349997 0.000000 0.000000
0.000000 0.000000 0.350701 0.350701 0.350698 0.350699 0.350702 0.350701 0.350701 0.350701 0.350701 0.350701 0.350701 0.350701 0.350702 0.350699 0.350698 0.350701 0.350701 0.000000 0.000000
0.000000 0.000000 0.353381 0.353380 0.353378 0.353378 0.353381 0.353380 0.353380 0.353381 0.353381 0.353381 0.353380 0.353380 0.353381 0.353378 0.353378 0.353380 0.353381 0.000000 0.000000
0.000000 0.000000 0.356908 0.356908 0.356906 0.356906 0.356909 0.356908 0.356908 0.356909 0.356909 0.356909 0.356908 0.356908 0.356909 0.356906 0.356906 0.356908 0.356908 0.000000 0.000000
0.000000 0.000000 0.360150 0.360149 0.360148 0.360148 0.360150 0.360150 0.360150 0.360150 0.360151 0.360150 0.360150 0.360150 0.360150 0.360148 0.360148 0.360149 0.360150 0.000000 0.000000
0.000000 0.000000 0.363116 0.363115 0.363114 0.363114 0.363116 0.363115 0.363115 0.363116 0.363116 0.363116 0.363115 0.363115 0.363116 0.363114 0.363114 0.363115 0.363116 0.000000 0.000000
0.000000 0.000000 0.365887 0.365886 0.365885 0.365885 0.365887 0.365886 0.365886 0.365887 0.365887 0.365887 0.365886 0.365886 0.365887 0.365885 0.365885 0.365886 0.365887 0.000000 0.000000
0.000000 0.000000 0.368530 0.368530 0.368529 0.368529 0.368530 0.368530 0.368530 0.368530 0.368531 0.368530 0.368530 0.368530 0.368530 0.368529 0.368529 0.368530 0.368530 0.000000 0.000000
0.000000 0.000000 0.371076 0.371076 0.371075 0.371075 0.371076 0.371076 0.371076 0.371076 0.371077 0.371076 0.371076 0.371076 0.371076 0.371075 0.371075 0.371076 0.371076 0.000000 0.000000
0.000000 0.000000 0.373547 0.373547 0.373546 0.373546 0.373548 0.373547 0.373547 0.373548 0.373548 0.373548 0.373547 0.373547 0.373548 0.373546 0.373546 0.373547 0.373547 0.000000 0.000000
0.000000 0.000000 0.375962 0.375961 0.375960 0.375961 0.375962 0.375961 0.375961 0.375962 0.375962 0.375962 0.375961 0.375961 0.375962 0.375961 0.375960 0.375961 0.375962 0.000000 0.000000
0.000000 0.000000 0.378325 0.378324 0.378323 0.378324 0.378325 0.378325 0.378325 0.378325 0.378325 0.378325 0.378325 0.378325 0.378325 0.378324 0.378323 0.378324 0.378325 0.000000 0.000000
0.000000 0.000000 0.380647 0.380647 0.380646 0.380646 0.380647 0.380647 0.380647 0.380647 0.380648 0.380647 0.380647 0.380647 0.380647 0.380646 0.380646 0.380647 0.380647 0.000000 0.000000
0.000000 0.000000 0.382932 0.382932 0.382931 0.382931 0.382933 0.382932 0.382932 0.382933 0.382933 0.382933 0.382932 0.382932 0.382933 0.382931 0.382931 0.382932 0.382932 0.000000 0.000000
0.000000 0.000000 0.385182 0.385181 0.385180 0.385181 0.385182 0.385181 0.385182 0.385182 0.385182 0.385182 0.385182 0.385181 0.385182 0.385181 0.385180 0.385181 0.385182 0.000000 0.000000
0.000000 0.000000 0.387427 0.387427 0.387426 0.387427 0.387428 0.387427 0.387427 0.387428 0.387428 0.387428 0.387427 0.387427 0.387428 0.387427 0.387426 0.387427 0.387428 0.000000 0.000000
0.000000 0.000000 0.350000 0.350000 0.350000 0.350000 0.350000 0.350000 0.350000 0.350000 0.350000 0.350000 0.350000 0.350000 0.350000 0.350000 0.350000 0.350000 0.350000 0.000000 0.000000
0.000000 0.000000 0.000000 0.000000 0.000000 0.000000 0.000000 0.000000 0.000000 0.000000 0.000000 0.000000 0.000000 0.000000 0.000000 0.000000 0.000000 0.000000 0.000000 0.000000 0.000000