geotop/1.0zi/1.0Montebello/Templates/testdem/maps/_Eocsilt9152.asc
ncols         21
nrows         20
xllcorner     100.000000
yllcorner     100.000000
cellsize      50.000000
NODATA_value  -9999.0
0.000000 0.000000 0.000000 0.000000 0.000000 0.000000 0.000000 0.000000 0.000000 0.000000 0.000000 0.000000 0.000000 0.000000 0.000000 0.000000 0.000000 0.000000 0.000000 0.000000 0.000000
0.000000 0.000000 0.350194 0.350194 0.350194 0.350195 0.350194 0.350194 0.350194 0.350194 0.350194 0.350194 0.350194 0.350194 0.350194 0.350194 0.350195 0.350195 0.350194 0.000000 0.000000
0.000000 0.000000 0.350005 0.350005 0.350006 0.350005 0.350006 0.350006 0.350006 0.350006 0.350006 0.350006 0.350007 0.350007 0.350006 0.350005 0.350004 0.350004 0.350005 0.000000 0.000000
0.000000 0.000000 0.350123 0.350119 0.350114 0.350109 0.350109 0.350104 0.350107 0.350108 0.350104 0.350107 0.350107 0.350107 0.350110 0.350114 0.350119 0.350119 0.350122 0.000000 0.000000
0.000000 0.000000 0.351266 0.351271 0.351260 0.351244 0.351234 0.351230 0.351231 0.351228 0.351228 0.351230 0.351234 0.351232 0.351246 0.351252 0.351255 0.351259 0.351261 0.000000 0.000000
0.000000 0.000000 0.354523 0.354517 0.354503 0.354484 0.354454 0.354433 0.354430 0.354425 0.354428 0.354429 0.354432 0.354430 0.354445 0.354463 0.354473 0.354477 0.354484 0.000000 0.000000
0.000000 0.000000 0.359160 0.359150 0.359134 0.359103 0.359064 0.359016 0.359020 0.359017 0.359015 0.359014 0.359011 0.359017 0.359054 0.359082 0.359101 0.359113 0.359120 0.000000 0.000000
0.000000 0.000000 0.364640 0.364628 0.364616 0.364582 0.364543 0.364500 0.364502 0.364496 0.364494 0.364490 0.364488 0.364496 0.364532 0.364565 0.364595 0.364597 0.364611 0.000000 0.000000
0.000000 0.000000 0.370610 0.370593 0.370573 0.370548 0.370503 0.370450 0.370456 0.370445 0.370440 0.370438 0.370440 0.370438 0.370491 0.370528 0.370551 0.370558 0.370571 0.000000 0.000000
0.000000 0.000000 0.377068 0.377049 0.377033 0.377006 0.376947 0.376899 0.376901 0.376894 0.376886 0.376890 0.376896 0.376894 0.376935 0.376984 0.377010 0.377016 0.377023 0.000000 0.000000
0.000000 0.000000 0.384242 0.384227 0.384214 0.384151 0.384113 0.384051 0.384067 0.384033 0.384038 0.384033 0.384021 0.384042 0.384086 0.384115 0.384151 0.384163 0.384193 0.000000 0.000000
0.000000 0.000000 0.392435 0.392404 0.392368 0.392337 0.392283 0.392207 0.392208 0.392202 0.392216 0.392186 0.392199 0.392199 0.392276 0.392318 0.392338 0.392345 0.392409 0.000000 0.000000
0.000000 0.000000 0.401509 0.401481 0.401471 0.401403 0.401359 0.401144 0.401144 0.401133 0.401066 0.401104 0.401111 0.401132 0.401294 0.401333 0.401409 0.401410 0.401434 0.000000 0.000000
0.000000 0.000000 0.412532 0.412519 0.412458 0.412416 0.412121 0.412192 0.412134 0.412135 0.412165 0.412133 0.412127 0.412102 0.412037 0.412352 0.412373 0.412443 0.412491 0.000000 0.000000
0.000000 0.000000 0.425518 0.425478 0.425411 0.425026 0.425131 0.424918 0.424850 0.424829 0.424752 0.424714 0.424757 0.424756 0.424955 0.424863 0.425365 0.425253 0.425246 0.000000 0.000000
0.000000 0.000000 0.438783 0.438753 0.438240 0.438462 0.438391 0.438392 0.438609 0.438548 0.438661 0.438635 0.438542 0.438667 0.438624 0.438683 0.438172 0.438928 0.438917 0.000000 0.000000
0.000000 0.000000 0.452719 0.452139 0.452332 0.452074 0.451784 0.451693 0.451500 0.451545 0.451349 0.451371 0.451484 0.451366 0.451523 0.451735 0.452295 0.451854 0.452453 0.000000 0.000000
0.000000 0.000000 0.457053 0.457391 0.457759 0.457723 0.457709 0.457350 0.457396 0.457296 0.457448 0.457414 0.457398 0.457444 0.457744 0.457756 0.457801 0.457481 0.457145 0.000000 0.000000
0.000000 0.000000 0.350000 0.350000 0.350000 0.350000 0.350000 0.350000 0.350000 0.350000 0.350000 0.350000 0.350000 0.350000 0.350000 0.350000 0.350000 0.350000 0.350000 0.000000 0.000000
0.000000 0.000000 0.000000 0.000000 0.000000 0.000000 0.000000 0.000000 0.000000 0.000000 0.000000 0.000000 0.000000 0.000000 0.000000 0.000000 0.000000 0.000000 0.000000 0.000000 0.000000