geotop/1.0zi/1.0Montebello/Templates/testdem/maps/_Eocclay1942.asc
ncols         21
nrows         20
xllcorner     100.000000
yllcorner     100.000000
cellsize      50.000000
NODATA_value  -9999.0
0.000000 0.000000 0.000000 0.000000 0.000000 0.000000 0.000000 0.000000 0.000000 0.000000 0.000000 0.000000 0.000000 0.000000 0.000000 0.000000 0.000000 0.000000 0.000000 0.000000 0.000000
0.000000 0.000000 0.349898 0.349898 0.349899 0.349898 0.349898 0.349898 0.349898 0.349898 0.349898 0.349898 0.349898 0.349898 0.349898 0.349898 0.349899 0.349898 0.349898 0.000000 0.000000
0.000000 0.000000 0.349994 0.349993 0.349993 0.349994 0.349993 0.349994 0.349994 0.349993 0.349993 0.349993 0.349994 0.349994 0.349993 0.349994 0.349993 0.349993 0.349994 0.000000 0.000000
0.000000 0.000000 0.350657 0.350657 0.350655 0.350656 0.350657 0.350657 0.350657 0.350657 0.350657 0.350657 0.350657 0.350657 0.350657 0.350656 0.350655 0.350657 0.350657 0.000000 0.000000
0.000000 0.000000 0.353449 0.353448 0.353447 0.353447 0.353450 0.353449 0.353449 0.353451 0.353451 0.353451 0.353449 0.353449 0.353450 0.353447 0.353447 0.353448 0.353449 0.000000 0.000000
0.000000 0.000000 0.356673 0.356672 0.356670 0.356670 0.356673 0.356672 0.356672 0.356673 0.356674 0.356673 0.356672 0.356672 0.356673 0.356670 0.356670 0.356672 0.356673 0.000000 0.000000
0.000000 0.000000 0.359732 0.359731 0.359730 0.359730 0.359732 0.359731 0.359732 0.359732 0.359733 0.359732 0.359732 0.359731 0.359732 0.359730 0.359730 0.359731 0.359732 0.000000 0.000000
0.000000 0.000000 0.362550 0.362549 0.362548 0.362548 0.362550 0.362549 0.362549 0.362550 0.362550 0.362550 0.362549 0.362549 0.362550 0.362548 0.362548 0.362549 0.362550 0.000000 0.000000
0.000000 0.000000 0.365187 0.365187 0.365186 0.365186 0.365187 0.365187 0.365187 0.365188 0.365188 0.365188 0.365187 0.365187 0.365187 0.365186 0.365186 0.365187 0.365187 0.000000 0.000000
0.000000 0.000000 0.367708 0.367707 0.367706 0.367706 0.367708 0.367708 0.367708 0.367708 0.367708 0.367708 0.367708 0.367708 0.367708 0.367706 0.367706 0.367707 0.367708 0.000000 0.000000
0.000000 0.000000 0.370138 0.370138 0.370137 0.370137 0.370139 0.370138 0.370138 0.370139 0.370139 0.370139 0.370138 0.370138 0.370139 0.370137 0.370137 0.370138 0.370138 0.000000 0.000000
0.000000 0.000000 0.372502 0.372502 0.372500 0.372501 0.372502 0.372502 0.372502 0.372502 0.372503 0.372502 0.372502 0.372502 0.372502 0.372501 0.372500 0.372502 0.372502 0.000000 0.000000
0.000000 0.000000 0.374815 0.374814 0.374813 0.374813 0.374815 0.374814 0.374814 0.374815 0.374815 0.374815 0.374814 0.374814 0.374815 0.374813 0.374813 0.374814 0.374815 0.000000 0.000000
0.000000 0.000000 0.377080 0.377080 0.377079 0.377079 0.377081 0.377080 0.377080 0.377081 0.377081 0.377081 0.377080 0.377080 0.377081 0.377079 0.377079 0.377080 0.377080 0.000000 0.000000
0.000000 0.000000 0.379310 0.379310 0.379309 0.379309 0.379310 0.379310 0.379310 0.379311 0.379311 0.379311 0.379310 0.379310 0.379310 0.379309 0.379309 0.379310 0.379310 0.000000 0.000000
0.000000 0.000000 0.381510 0.381510 0.381509 0.381509 0.381510 0.381510 0.381510 0.381511 0.381511 0.381511 0.381510 0.381510 0.381510 0.381509 0.381509 0.381510 0.381510 0.000000 0.000000
0.000000 0.000000 0.383680 0.383680 0.383678 0.383679 0.383680 0.383680 0.383680 0.383680 0.383680 0.383680 0.383680 0.383680 0.383680 0.383679 0.383678 0.383680 0.383680 0.000000 0.000000
0.000000 0.000000 0.385856 0.385856 0.385855 0.385855 0.385857 0.385856 0.385856 0.385857 0.385857 0.385857 0.385856 0.385856 0.385857 0.385855 0.385855 0.385856 0.385856 0.000000 0.000000
0.000000 0.000000 0.350000 0.350000 0.350000 0.350000 0.350000 0.350000 0.350000 0.350000 0.350000 0.350000 0.350000 0.350000 0.350000 0.350000 0.350000 0.350000 0.350000 0.000000 0.000000
0.000000 0.000000 0.000000 0.000000 0.000000 0.000000 0.000000 0.000000 0.000000 0.000000 0.000000 0.000000 0.000000 0.000000 0.000000 0.000000 0.000000 0.000000 0.000000 0.000000 0.000000