geotop/1.0zi/1.0Montebello/Templates/testdem/maps/_Eocsilt0396.asc
ncols         21
nrows         20
xllcorner     100.000000
yllcorner     100.000000
cellsize      50.000000
NODATA_value  -9999.0
0.000000 0.000000 0.000000 0.000000 0.000000 0.000000 0.000000 0.000000 0.000000 0.000000 0.000000 0.000000 0.000000 0.000000 0.000000 0.000000 0.000000 0.000000 0.000000 0.000000 0.000000
0.000000 0.000000 0.350009 0.350009 0.350009 0.350009 0.350009 0.350009 0.350009 0.350009 0.350009 0.350009 0.350009 0.350009 0.350009 0.350009 0.350009 0.350009 0.350009 0.000000 0.000000
0.000000 0.000000 0.349999 0.349999 0.349999 0.349999 0.349999 0.349999 0.349999 0.349999 0.349999 0.349999 0.349999 0.349999 0.349999 0.349999 0.349999 0.349999 0.349999 0.000000 0.000000
0.000000 0.000000 0.350256 0.350256 0.350254 0.350256 0.350256 0.350256 0.350256 0.350256 0.350256 0.350256 0.350256 0.350256 0.350256 0.350256 0.350254 0.350256 0.350256 0.000000 0.000000
0.000000 0.000000 0.350962 0.350963 0.350960 0.350962 0.350963 0.350963 0.350963 0.350963 0.350963 0.350963 0.350963 0.350963 0.350963 0.350962 0.350960 0.350963 0.350962 0.000000 0.000000
0.000000 0.000000 0.351660 0.351660 0.351658 0.351660 0.351660 0.351660 0.351660 0.351660 0.351660 0.351660 0.351660 0.351660 0.351660 0.351660 0.351658 0.351660 0.351660 0.000000 0.000000
0.000000 0.000000 0.352286 0.352286 0.352285 0.352286 0.352286 0.352286 0.352286 0.352286 0.352286 0.352286 0.352286 0.352286 0.352286 0.352286 0.352285 0.352286 0.352286 0.000000 0.000000
0.000000 0.000000 0.352866 0.352866 0.352864 0.352866 0.352866 0.352866 0.352866 0.352866 0.352866 0.352866 0.352866 0.352866 0.352866 0.352866 0.352864 0.352866 0.352866 0.000000 0.000000
0.000000 0.000000 0.353413 0.353413 0.353412 0.353413 0.353413 0.353413 0.353413 0.353413 0.353413 0.353413 0.353413 0.353413 0.353413 0.353413 0.353412 0.353413 0.353413 0.000000 0.000000
0.000000 0.000000 0.353942 0.353942 0.353940 0.353942 0.353942 0.353942 0.353942 0.353942 0.353942 0.353942 0.353942 0.353942 0.353942 0.353942 0.353940 0.353942 0.353942 0.000000 0.000000
0.000000 0.000000 0.354456 0.354456 0.354454 0.354456 0.354456 0.354456 0.354456 0.354456 0.354456 0.354456 0.354456 0.354456 0.354456 0.354456 0.354454 0.354456 0.354456 0.000000 0.000000
0.000000 0.000000 0.354960 0.354960 0.354958 0.354959 0.354960 0.354960 0.354960 0.354960 0.354960 0.354960 0.354960 0.354960 0.354960 0.354959 0.354958 0.354960 0.354960 0.000000 0.000000
0.000000 0.000000 0.355454 0.355454 0.355453 0.355454 0.355454 0.355454 0.355454 0.355454 0.355454 0.355454 0.355454 0.355454 0.355454 0.355454 0.355453 0.355454 0.355454 0.000000 0.000000
0.000000 0.000000 0.355940 0.355940 0.355938 0.355940 0.355940 0.355940 0.355940 0.355940 0.355940 0.355940 0.355940 0.355940 0.355940 0.355940 0.355938 0.355940 0.355940 0.000000 0.000000
0.000000 0.000000 0.356420 0.356420 0.356419 0.356420 0.356420 0.356420 0.356420 0.356420 0.356420 0.356420 0.356420 0.356420 0.356420 0.356420 0.356419 0.356420 0.356420 0.000000 0.000000
0.000000 0.000000 0.356900 0.356900 0.356899 0.356900 0.356900 0.356900 0.356900 0.356900 0.356900 0.356900 0.356900 0.356900 0.356900 0.356900 0.356899 0.356900 0.356900 0.000000 0.000000
0.000000 0.000000 0.357374 0.357374 0.357373 0.357374 0.357374 0.357374 0.357374 0.357374 0.357374 0.357374 0.357374 0.357374 0.357374 0.357374 0.357373 0.357374 0.357374 0.000000 0.000000
0.000000 0.000000 0.357864 0.357864 0.357863 0.357864 0.357864 0.357864 0.357864 0.357864 0.357864 0.357864 0.357864 0.357864 0.357864 0.357864 0.357863 0.357864 0.357864 0.000000 0.000000
0.000000 0.000000 0.350000 0.350000 0.350000 0.350000 0.350000 0.350000 0.350000 0.350000 0.350000 0.350000 0.350000 0.350000 0.350000 0.350000 0.350000 0.350000 0.350000 0.000000 0.000000
0.000000 0.000000 0.000000 0.000000 0.000000 0.000000 0.000000 0.000000 0.000000 0.000000 0.000000 0.000000 0.000000 0.000000 0.000000 0.000000 0.000000 0.000000 0.000000 0.000000 0.000000