geotop/1.0zi/1.0Montebello/Templates/testdem/maps/_Eocsilt9756.asc
ncols         21
nrows         20
xllcorner     100.000000
yllcorner     100.000000
cellsize      50.000000
NODATA_value  -9999.0
0.000000 0.000000 0.000000 0.000000 0.000000 0.000000 0.000000 0.000000 0.000000 0.000000 0.000000 0.000000 0.000000 0.000000 0.000000 0.000000 0.000000 0.000000 0.000000 0.000000 0.000000
0.000000 0.000000 0.350207 0.350207 0.350207 0.350207 0.350206 0.350207 0.350207 0.350207 0.350207 0.350206 0.350206 0.350206 0.350207 0.350207 0.350208 0.350208 0.350207 0.000000 0.000000
0.000000 0.000000 0.350008 0.350008 0.350008 0.350007 0.350009 0.350008 0.350008 0.350008 0.350009 0.350008 0.350009 0.350009 0.350008 0.350007 0.350006 0.350006 0.350007 0.000000 0.000000
0.000000 0.000000 0.350150 0.350147 0.350141 0.350137 0.350137 0.350131 0.350135 0.350136 0.350133 0.350136 0.350137 0.350137 0.350139 0.350142 0.350147 0.350149 0.350150 0.000000 0.000000
0.000000 0.000000 0.351497 0.351503 0.351493 0.351473 0.351463 0.351456 0.351460 0.351457 0.351456 0.351459 0.351464 0.351462 0.351476 0.351485 0.351489 0.351495 0.351498 0.000000 0.000000
0.000000 0.000000 0.355165 0.355159 0.355144 0.355119 0.355086 0.355059 0.355057 0.355052 0.355053 0.355054 0.355059 0.355055 0.355074 0.355097 0.355109 0.355117 0.355124 0.000000 0.000000
0.000000 0.000000 0.360325 0.360314 0.360297 0.360260 0.360218 0.360165 0.360167 0.360163 0.360158 0.360157 0.360155 0.360159 0.360203 0.360236 0.360257 0.360272 0.360279 0.000000 0.000000
0.000000 0.000000 0.366444 0.366431 0.366416 0.366373 0.366328 0.366279 0.366281 0.366273 0.366268 0.366265 0.366264 0.366271 0.366313 0.366351 0.366384 0.366390 0.366404 0.000000 0.000000
0.000000 0.000000 0.373188 0.373169 0.373145 0.373110 0.373059 0.372999 0.373004 0.372992 0.372984 0.372982 0.372986 0.372982 0.373042 0.373087 0.373113 0.373124 0.373137 0.000000 0.000000
0.000000 0.000000 0.380613 0.380587 0.380568 0.380532 0.380476 0.380414 0.380415 0.380406 0.380393 0.380398 0.380406 0.380403 0.380450 0.380508 0.380538 0.380549 0.380555 0.000000 0.000000
0.000000 0.000000 0.389026 0.389005 0.388986 0.388905 0.388879 0.388796 0.388813 0.388772 0.388775 0.388769 0.388756 0.388778 0.388832 0.388868 0.388910 0.388925 0.388961 0.000000 0.000000
0.000000 0.000000 0.398832 0.398788 0.398739 0.398700 0.398656 0.398551 0.398550 0.398544 0.398556 0.398520 0.398538 0.398532 0.398627 0.398683 0.398705 0.398718 0.398791 0.000000 0.000000
0.000000 0.000000 0.409854 0.409813 0.409801 0.409724 0.409671 0.409396 0.409391 0.409373 0.409276 0.409335 0.409341 0.409364 0.409570 0.409617 0.409718 0.409723 0.409741 0.000000 0.000000
0.000000 0.000000 0.423427 0.423407 0.423321 0.423266 0.422887 0.423018 0.422936 0.422935 0.422984 0.422933 0.422924 0.422884 0.422763 0.423182 0.423198 0.423295 0.423354 0.000000 0.000000
0.000000 0.000000 0.438679 0.438634 0.438559 0.438078 0.438277 0.437977 0.437911 0.437878 0.437769 0.437732 0.437788 0.437790 0.438055 0.437864 0.438491 0.438344 0.438322 0.000000 0.000000
0.000000 0.000000 0.452021 0.451995 0.451499 0.451751 0.451662 0.451680 0.451896 0.451837 0.451952 0.451932 0.451839 0.451955 0.451890 0.451974 0.451422 0.452178 0.452167 0.000000 0.000000
0.000000 0.000000 0.462852 0.462536 0.462587 0.462468 0.462296 0.462242 0.462158 0.462176 0.462078 0.462089 0.462143 0.462090 0.462175 0.462305 0.462556 0.462400 0.462729 0.000000 0.000000
0.000000 0.000000 0.468150 0.468053 0.468227 0.468126 0.468019 0.467873 0.467828 0.467810 0.467795 0.467792 0.467823 0.467800 0.467947 0.468027 0.468223 0.467988 0.468090 0.000000 0.000000
0.000000 0.000000 0.350000 0.350000 0.350000 0.350000 0.350000 0.350000 0.350000 0.350000 0.350000 0.350000 0.350000 0.350000 0.350000 0.350000 0.350000 0.350000 0.350000 0.000000 0.000000
0.000000 0.000000 0.000000 0.000000 0.000000 0.000000 0.000000 0.000000 0.000000 0.000000 0.000000 0.000000 0.000000 0.000000 0.000000 0.000000 0.000000 0.000000 0.000000 0.000000 0.000000