geotop/1.0zi/1.0Montebello/Templates/testdem/maps/_Eocsilt8836.asc
ncols         21
nrows         20
xllcorner     100.000000
yllcorner     100.000000
cellsize      50.000000
NODATA_value  -9999.0
0.000000 0.000000 0.000000 0.000000 0.000000 0.000000 0.000000 0.000000 0.000000 0.000000 0.000000 0.000000 0.000000 0.000000 0.000000 0.000000 0.000000 0.000000 0.000000 0.000000 0.000000
0.000000 0.000000 0.350189 0.350189 0.350189 0.350190 0.350189 0.350189 0.350189 0.350189 0.350189 0.350189 0.350189 0.350189 0.350189 0.350189 0.350190 0.350189 0.350189 0.000000 0.000000
0.000000 0.000000 0.350005 0.350005 0.350005 0.350005 0.350006 0.350005 0.350005 0.350006 0.350006 0.350006 0.350006 0.350006 0.350005 0.350005 0.350003 0.350003 0.350005 0.000000 0.000000
0.000000 0.000000 0.350121 0.350117 0.350112 0.350107 0.350107 0.350102 0.350105 0.350106 0.350103 0.350105 0.350105 0.350105 0.350108 0.350112 0.350117 0.350117 0.350120 0.000000 0.000000
0.000000 0.000000 0.351222 0.351228 0.351219 0.351202 0.351194 0.351190 0.351190 0.351187 0.351188 0.351190 0.351194 0.351192 0.351205 0.351212 0.351215 0.351218 0.351221 0.000000 0.000000
0.000000 0.000000 0.354327 0.354323 0.354313 0.354295 0.354269 0.354248 0.354247 0.354241 0.354246 0.354247 0.354250 0.354248 0.354263 0.354280 0.354290 0.354294 0.354300 0.000000 0.000000
0.000000 0.000000 0.358737 0.358728 0.358717 0.358686 0.358651 0.358607 0.358611 0.358607 0.358608 0.358607 0.358604 0.358609 0.358646 0.358674 0.358692 0.358704 0.358710 0.000000 0.000000
0.000000 0.000000 0.363948 0.363940 0.363933 0.363900 0.363865 0.363825 0.363827 0.363822 0.363821 0.363819 0.363817 0.363825 0.363859 0.363891 0.363920 0.363921 0.363935 0.000000 0.000000
0.000000 0.000000 0.369606 0.369593 0.369577 0.369554 0.369514 0.369465 0.369471 0.369461 0.369458 0.369456 0.369459 0.369457 0.369507 0.369544 0.369565 0.369571 0.369585 0.000000 0.000000
0.000000 0.000000 0.375683 0.375667 0.375659 0.375635 0.375580 0.375537 0.375540 0.375534 0.375527 0.375532 0.375538 0.375536 0.375576 0.375622 0.375647 0.375652 0.375659 0.000000 0.000000
0.000000 0.000000 0.382378 0.382368 0.382360 0.382304 0.382269 0.382215 0.382231 0.382199 0.382206 0.382202 0.382192 0.382211 0.382252 0.382280 0.382314 0.382325 0.382352 0.000000 0.000000
0.000000 0.000000 0.389961 0.389939 0.389912 0.389883 0.389835 0.389769 0.389770 0.389766 0.389780 0.389755 0.389767 0.389767 0.389839 0.389877 0.389895 0.389903 0.389962 0.000000 0.000000
0.000000 0.000000 0.398298 0.398274 0.398272 0.398215 0.398177 0.397987 0.397988 0.397978 0.397922 0.397956 0.397964 0.397982 0.398130 0.398166 0.398235 0.398235 0.398259 0.000000 0.000000
0.000000 0.000000 0.408328 0.408322 0.408277 0.408242 0.407983 0.408036 0.407988 0.407990 0.408016 0.407992 0.407988 0.407967 0.407921 0.408198 0.408221 0.408282 0.408327 0.000000 0.000000
0.000000 0.000000 0.420205 0.420175 0.420123 0.419787 0.419863 0.419687 0.419627 0.419610 0.419548 0.419513 0.419552 0.419549 0.419719 0.419660 0.420102 0.420005 0.420002 0.000000 0.000000
0.000000 0.000000 0.432759 0.432736 0.432271 0.432454 0.432400 0.432392 0.432590 0.432534 0.432637 0.432613 0.432530 0.432646 0.432623 0.432671 0.432233 0.432921 0.432909 0.000000 0.000000
0.000000 0.000000 0.446966 0.446350 0.446549 0.446282 0.445974 0.445883 0.445687 0.445735 0.445533 0.445557 0.445675 0.445553 0.445719 0.445947 0.446530 0.446083 0.446722 0.000000 0.000000
0.000000 0.000000 0.451171 0.451654 0.452086 0.452076 0.452096 0.451677 0.451755 0.451631 0.451837 0.451795 0.451765 0.451833 0.452180 0.452168 0.452162 0.451824 0.451347 0.000000 0.000000
0.000000 0.000000 0.350000 0.350000 0.350000 0.350000 0.350000 0.350000 0.350000 0.350000 0.350000 0.350000 0.350000 0.350000 0.350000 0.350000 0.350000 0.350000 0.350000 0.000000 0.000000
0.000000 0.000000 0.000000 0.000000 0.000000 0.000000 0.000000 0.000000 0.000000 0.000000 0.000000 0.000000 0.000000 0.000000 0.000000 0.000000 0.000000 0.000000 0.000000 0.000000 0.000000