geotop/1.0zi/1.0Montebello/Templates/testdem/maps/_Eocclay5103.asc
ncols         21
nrows         20
xllcorner     100.000000
yllcorner     100.000000
cellsize      50.000000
NODATA_value  -9999.0
0.000000 0.000000 0.000000 0.000000 0.000000 0.000000 0.000000 0.000000 0.000000 0.000000 0.000000 0.000000 0.000000 0.000000 0.000000 0.000000 0.000000 0.000000 0.000000 0.000000 0.000000
0.000000 0.000000 0.349772 0.349772 0.349772 0.349772 0.349773 0.349773 0.349772 0.349772 0.349772 0.349772 0.349772 0.349772 0.349773 0.349772 0.349772 0.349772 0.349772 0.000000 0.000000
0.000000 0.000000 0.349991 0.349991 0.349991 0.349991 0.349991 0.349991 0.349991 0.349991 0.349991 0.349990 0.349991 0.349991 0.349991 0.349991 0.349991 0.349991 0.349991 0.000000 0.000000
0.000000 0.000000 0.349988 0.349990 0.349988 0.349989 0.349991 0.349991 0.349991 0.349989 0.349990 0.349989 0.349989 0.349988 0.349991 0.349992 0.349990 0.349991 0.349990 0.000000 0.000000
0.000000 0.000000 0.350381 0.350380 0.350379 0.350374 0.350366 0.350364 0.350365 0.350365 0.350363 0.350365 0.350362 0.350363 0.350367 0.350366 0.350371 0.350372 0.350375 0.000000 0.000000
0.000000 0.000000 0.351765 0.351768 0.351763 0.351747 0.351742 0.351728 0.351727 0.351723 0.351727 0.351727 0.351730 0.351731 0.351732 0.351742 0.351748 0.351757 0.351762 0.000000 0.000000
0.000000 0.000000 0.353810 0.353808 0.353805 0.353791 0.353773 0.353751 0.353751 0.353747 0.353749 0.353750 0.353752 0.353752 0.353767 0.353785 0.353795 0.353803 0.353810 0.000000 0.000000
0.000000 0.000000 0.356282 0.356280 0.356279 0.356262 0.356243 0.356220 0.356220 0.356217 0.356218 0.356218 0.356217 0.356219 0.356238 0.356255 0.356265 0.356272 0.356280 0.000000 0.000000
0.000000 0.000000 0.358771 0.358770 0.358765 0.358753 0.358735 0.358712 0.358713 0.358710 0.358709 0.358711 0.358709 0.358711 0.358728 0.358748 0.358756 0.358762 0.358771 0.000000 0.000000
0.000000 0.000000 0.361280 0.361277 0.361275 0.361264 0.361243 0.361221 0.361223 0.361220 0.361219 0.361220 0.361219 0.361218 0.361241 0.361259 0.361265 0.361272 0.361279 0.000000 0.000000
0.000000 0.000000 0.363859 0.363855 0.363854 0.363839 0.363823 0.363797 0.363798 0.363794 0.363793 0.363795 0.363793 0.363794 0.363811 0.363826 0.363840 0.363846 0.363855 0.000000 0.000000
0.000000 0.000000 0.366537 0.366535 0.366531 0.366516 0.366498 0.366473 0.366472 0.366469 0.366469 0.366468 0.366467 0.366467 0.366491 0.366508 0.366517 0.366522 0.366549 0.000000 0.000000
0.000000 0.000000 0.369267 0.369264 0.369259 0.369247 0.369226 0.369170 0.369171 0.369167 0.369165 0.369167 0.369164 0.369166 0.369213 0.369234 0.369245 0.369251 0.369267 0.000000 0.000000
0.000000 0.000000 0.372194 0.372186 0.372184 0.372170 0.372113 0.372098 0.372089 0.372086 0.372086 0.372086 0.372084 0.372085 0.372099 0.372154 0.372166 0.372178 0.372189 0.000000 0.000000
0.000000 0.000000 0.375376 0.375371 0.375357 0.375304 0.375278 0.375243 0.375225 0.375220 0.375211 0.375212 0.375215 0.375210 0.375236 0.375271 0.375336 0.375335 0.375344 0.000000 0.000000
0.000000 0.000000 0.378695 0.378690 0.378626 0.378611 0.378593 0.378575 0.378575 0.378575 0.378579 0.378578 0.378570 0.378583 0.378592 0.378605 0.378606 0.378681 0.378698 0.000000 0.000000
0.000000 0.000000 0.382436 0.382348 0.382300 0.382273 0.382225 0.382199 0.382193 0.382190 0.382179 0.382181 0.382183 0.382176 0.382196 0.382248 0.382284 0.382314 0.382404 0.000000 0.000000
0.000000 0.000000 0.385272 0.385265 0.385331 0.385299 0.385263 0.385174 0.385166 0.385159 0.385163 0.385163 0.385158 0.385166 0.385247 0.385284 0.385328 0.385252 0.385277 0.000000 0.000000
0.000000 0.000000 0.350000 0.350000 0.350000 0.350000 0.350000 0.350000 0.350000 0.350000 0.350000 0.350000 0.350000 0.350000 0.350000 0.350000 0.350000 0.350000 0.350000 0.000000 0.000000
0.000000 0.000000 0.000000 0.000000 0.000000 0.000000 0.000000 0.000000 0.000000 0.000000 0.000000 0.000000 0.000000 0.000000 0.000000 0.000000 0.000000 0.000000 0.000000 0.000000 0.000000