geotop/1.0zi/1.0Montebello/Templates/testdem/maps/_Eocclay3737.asc
ncols         21
nrows         20
xllcorner     100.000000
yllcorner     100.000000
cellsize      50.000000
NODATA_value  -9999.0
0.000000 0.000000 0.000000 0.000000 0.000000 0.000000 0.000000 0.000000 0.000000 0.000000 0.000000 0.000000 0.000000 0.000000 0.000000 0.000000 0.000000 0.000000 0.000000 0.000000 0.000000
0.000000 0.000000 0.349830 0.349831 0.349831 0.349831 0.349831 0.349831 0.349831 0.349831 0.349831 0.349831 0.349831 0.349831 0.349831 0.349831 0.349831 0.349831 0.349831 0.000000 0.000000
0.000000 0.000000 0.349994 0.349995 0.349995 0.349994 0.349994 0.349995 0.349994 0.349994 0.349994 0.349994 0.349994 0.349995 0.349994 0.349995 0.349994 0.349994 0.349994 0.000000 0.000000
0.000000 0.000000 0.349997 0.349997 0.349996 0.349997 0.349999 0.349999 0.349999 0.349998 0.349999 0.349998 0.349998 0.349996 0.349997 0.349998 0.349997 0.349997 0.349997 0.000000 0.000000
0.000000 0.000000 0.350340 0.350342 0.350341 0.350337 0.350331 0.350326 0.350327 0.350326 0.350327 0.350328 0.350325 0.350326 0.350333 0.350333 0.350335 0.350334 0.350337 0.000000 0.000000
0.000000 0.000000 0.351451 0.351454 0.351450 0.351442 0.351436 0.351427 0.351428 0.351422 0.351427 0.351427 0.351432 0.351432 0.351430 0.351435 0.351438 0.351442 0.351445 0.000000 0.000000
0.000000 0.000000 0.353046 0.353045 0.353040 0.353028 0.353013 0.352992 0.352991 0.352988 0.352991 0.352991 0.352993 0.352999 0.353016 0.353029 0.353035 0.353037 0.353040 0.000000 0.000000
0.000000 0.000000 0.354808 0.354809 0.354804 0.354787 0.354770 0.354750 0.354751 0.354748 0.354749 0.354749 0.354751 0.354756 0.354776 0.354788 0.354794 0.354796 0.354801 0.000000 0.000000
0.000000 0.000000 0.356574 0.356573 0.356566 0.356553 0.356536 0.356514 0.356515 0.356511 0.356512 0.356513 0.356515 0.356521 0.356539 0.356554 0.356560 0.356561 0.356567 0.000000 0.000000
0.000000 0.000000 0.358329 0.358327 0.358321 0.358307 0.358286 0.358267 0.358269 0.358266 0.358267 0.358267 0.358269 0.358273 0.358294 0.358309 0.358315 0.358316 0.358321 0.000000 0.000000
0.000000 0.000000 0.360105 0.360103 0.360097 0.360086 0.360069 0.360046 0.360048 0.360043 0.360044 0.360045 0.360047 0.360051 0.360069 0.360080 0.360087 0.360089 0.360095 0.000000 0.000000
0.000000 0.000000 0.361929 0.361927 0.361920 0.361905 0.361887 0.361865 0.361864 0.361861 0.361862 0.361861 0.361864 0.361868 0.361890 0.361904 0.361910 0.361912 0.361933 0.000000 0.000000
0.000000 0.000000 0.363762 0.363760 0.363752 0.363740 0.363719 0.363678 0.363678 0.363674 0.363675 0.363676 0.363678 0.363683 0.363719 0.363735 0.363742 0.363744 0.363757 0.000000 0.000000
0.000000 0.000000 0.365686 0.365681 0.365674 0.365662 0.365619 0.365605 0.365598 0.365595 0.365596 0.365597 0.365598 0.365604 0.365618 0.365655 0.365661 0.365668 0.365676 0.000000 0.000000
0.000000 0.000000 0.367740 0.367737 0.367722 0.367688 0.367663 0.367637 0.367623 0.367619 0.367614 0.367614 0.367620 0.367621 0.367642 0.367669 0.367707 0.367705 0.367711 0.000000 0.000000
0.000000 0.000000 0.369841 0.369837 0.369796 0.369785 0.369768 0.369752 0.369748 0.369747 0.369749 0.369748 0.369748 0.369760 0.369769 0.369781 0.369781 0.369819 0.369830 0.000000 0.000000
0.000000 0.000000 0.372147 0.372102 0.372064 0.372046 0.372013 0.371996 0.371992 0.371990 0.371985 0.371986 0.371991 0.371993 0.372005 0.372034 0.372051 0.372073 0.372120 0.000000 0.000000
0.000000 0.000000 0.373987 0.373974 0.373999 0.373976 0.373945 0.373894 0.373888 0.373883 0.373885 0.373885 0.373887 0.373895 0.373940 0.373967 0.373996 0.373953 0.373976 0.000000 0.000000
0.000000 0.000000 0.350000 0.350000 0.350000 0.350000 0.350000 0.350000 0.350000 0.350000 0.350000 0.350000 0.350000 0.350000 0.350000 0.350000 0.350000 0.350000 0.350000 0.000000 0.000000
0.000000 0.000000 0.000000 0.000000 0.000000 0.000000 0.000000 0.000000 0.000000 0.000000 0.000000 0.000000 0.000000 0.000000 0.000000 0.000000 0.000000 0.000000 0.000000 0.000000 0.000000