geotop/1.0zi/1.0Montebello/Templates/testdem/maps/_Eocclay3156.asc
ncols         21
nrows         20
xllcorner     100.000000
yllcorner     100.000000
cellsize      50.000000
NODATA_value  -9999.0
0.000000 0.000000 0.000000 0.000000 0.000000 0.000000 0.000000 0.000000 0.000000 0.000000 0.000000 0.000000 0.000000 0.000000 0.000000 0.000000 0.000000 0.000000 0.000000 0.000000 0.000000
0.000000 0.000000 0.349826 0.349826 0.349826 0.349825 0.349826 0.349826 0.349826 0.349826 0.349825 0.349826 0.349826 0.349826 0.349826 0.349825 0.349826 0.349826 0.349826 0.000000 0.000000
0.000000 0.000000 0.349995 0.349995 0.349995 0.349995 0.349995 0.349995 0.349995 0.349995 0.349996 0.349995 0.349995 0.349995 0.349995 0.349995 0.349995 0.349995 0.349995 0.000000 0.000000
0.000000 0.000000 0.351261 0.351261 0.351259 0.351260 0.351261 0.351261 0.351261 0.351261 0.351261 0.351261 0.351261 0.351261 0.351261 0.351260 0.351259 0.351261 0.351261 0.000000 0.000000
0.000000 0.000000 0.356243 0.356242 0.356240 0.356240 0.356244 0.356243 0.356243 0.356244 0.356245 0.356244 0.356243 0.356243 0.356244 0.356240 0.356240 0.356242 0.356243 0.000000 0.000000
0.000000 0.000000 0.361715 0.361715 0.361713 0.361713 0.361716 0.361715 0.361715 0.361716 0.361716 0.361716 0.361715 0.361715 0.361716 0.361713 0.361713 0.361715 0.361715 0.000000 0.000000
0.000000 0.000000 0.366821 0.366820 0.366819 0.366819 0.366821 0.366820 0.366820 0.366821 0.366822 0.366821 0.366820 0.366820 0.366821 0.366819 0.366819 0.366820 0.366821 0.000000 0.000000
0.000000 0.000000 0.371465 0.371465 0.371463 0.371464 0.371465 0.371465 0.371465 0.371465 0.371466 0.371465 0.371465 0.371465 0.371465 0.371464 0.371463 0.371465 0.371465 0.000000 0.000000
0.000000 0.000000 0.375762 0.375761 0.375760 0.375760 0.375762 0.375761 0.375761 0.375762 0.375762 0.375762 0.375761 0.375761 0.375762 0.375760 0.375760 0.375761 0.375762 0.000000 0.000000
0.000000 0.000000 0.379812 0.379811 0.379810 0.379810 0.379812 0.379811 0.379811 0.379812 0.379812 0.379812 0.379811 0.379811 0.379812 0.379810 0.379810 0.379811 0.379812 0.000000 0.000000
0.000000 0.000000 0.383665 0.383664 0.383663 0.383664 0.383665 0.383664 0.383664 0.383665 0.383665 0.383665 0.383664 0.383664 0.383665 0.383664 0.383663 0.383664 0.383665 0.000000 0.000000
0.000000 0.000000 0.387357 0.387357 0.387356 0.387356 0.387357 0.387357 0.387357 0.387357 0.387358 0.387357 0.387357 0.387357 0.387357 0.387356 0.387356 0.387357 0.387357 0.000000 0.000000
0.000000 0.000000 0.390915 0.390915 0.390914 0.390914 0.390915 0.390915 0.390915 0.390916 0.390916 0.390916 0.390915 0.390915 0.390915 0.390914 0.390914 0.390915 0.390915 0.000000 0.000000
0.000000 0.000000 0.394370 0.394369 0.394368 0.394369 0.394370 0.394369 0.394369 0.394370 0.394370 0.394370 0.394369 0.394369 0.394370 0.394369 0.394368 0.394369 0.394370 0.000000 0.000000
0.000000 0.000000 0.397727 0.397727 0.397726 0.397726 0.397727 0.397727 0.397727 0.397727 0.397728 0.397727 0.397727 0.397727 0.397727 0.397726 0.397726 0.397727 0.397727 0.000000 0.000000
0.000000 0.000000 0.400994 0.400994 0.400992 0.400993 0.400994 0.400993 0.400994 0.400994 0.400994 0.400994 0.400994 0.400993 0.400994 0.400993 0.400992 0.400994 0.400994 0.000000 0.000000
0.000000 0.000000 0.404180 0.404180 0.404179 0.404179 0.404180 0.404180 0.404180 0.404180 0.404181 0.404180 0.404180 0.404180 0.404180 0.404179 0.404179 0.404180 0.404180 0.000000 0.000000
0.000000 0.000000 0.407357 0.407357 0.407356 0.407356 0.407357 0.407357 0.407357 0.407357 0.407358 0.407357 0.407357 0.407357 0.407357 0.407356 0.407356 0.407357 0.407357 0.000000 0.000000
0.000000 0.000000 0.350000 0.350000 0.350000 0.350000 0.350000 0.350000 0.350000 0.350000 0.350000 0.350000 0.350000 0.350000 0.350000 0.350000 0.350000 0.350000 0.350000 0.000000 0.000000
0.000000 0.000000 0.000000 0.000000 0.000000 0.000000 0.000000 0.000000 0.000000 0.000000 0.000000 0.000000 0.000000 0.000000 0.000000 0.000000 0.000000 0.000000 0.000000 0.000000 0.000000