geotop/1.0zi/1.0Montebello/Templates/testdem/maps/_Eocclay1757.asc
ncols         21
nrows         20
xllcorner     100.000000
yllcorner     100.000000
cellsize      50.000000
NODATA_value  -9999.0
0.000000 0.000000 0.000000 0.000000 0.000000 0.000000 0.000000 0.000000 0.000000 0.000000 0.000000 0.000000 0.000000 0.000000 0.000000 0.000000 0.000000 0.000000 0.000000 0.000000 0.000000
0.000000 0.000000 0.349905 0.349905 0.349905 0.349905 0.349905 0.349905 0.349905 0.349905 0.349905 0.349905 0.349905 0.349905 0.349905 0.349905 0.349905 0.349905 0.349905 0.000000 0.000000
0.000000 0.000000 0.349993 0.349993 0.349993 0.349993 0.349993 0.349993 0.349993 0.349993 0.349993 0.349993 0.349993 0.349993 0.349993 0.349993 0.349993 0.349993 0.349993 0.000000 0.000000
0.000000 0.000000 0.350648 0.350648 0.350646 0.350646 0.350648 0.350648 0.350648 0.350648 0.350648 0.350648 0.350648 0.350648 0.350648 0.350646 0.350646 0.350648 0.350648 0.000000 0.000000
0.000000 0.000000 0.353303 0.353302 0.353301 0.353301 0.353305 0.353304 0.353304 0.353305 0.353304 0.353305 0.353304 0.353304 0.353305 0.353301 0.353301 0.353302 0.353303 0.000000 0.000000
0.000000 0.000000 0.356288 0.356287 0.356286 0.356286 0.356289 0.356288 0.356288 0.356289 0.356289 0.356289 0.356288 0.356288 0.356289 0.356286 0.356286 0.356287 0.356288 0.000000 0.000000
0.000000 0.000000 0.359111 0.359111 0.359110 0.359110 0.359112 0.359112 0.359111 0.359112 0.359112 0.359112 0.359111 0.359112 0.359112 0.359110 0.359110 0.359111 0.359111 0.000000 0.000000
0.000000 0.000000 0.361706 0.361706 0.361704 0.361705 0.361706 0.361706 0.361706 0.361706 0.361706 0.361706 0.361706 0.361706 0.361706 0.361705 0.361704 0.361706 0.361706 0.000000 0.000000
0.000000 0.000000 0.364133 0.364133 0.364132 0.364132 0.364134 0.364133 0.364133 0.364134 0.364134 0.364134 0.364133 0.364133 0.364134 0.364132 0.364132 0.364133 0.364133 0.000000 0.000000
0.000000 0.000000 0.366454 0.366453 0.366452 0.366453 0.366454 0.366454 0.366454 0.366454 0.366454 0.366454 0.366454 0.366454 0.366454 0.366453 0.366452 0.366453 0.366454 0.000000 0.000000
0.000000 0.000000 0.368692 0.368691 0.368690 0.368691 0.368692 0.368692 0.368692 0.368692 0.368692 0.368692 0.368692 0.368692 0.368692 0.368691 0.368690 0.368691 0.368692 0.000000 0.000000
0.000000 0.000000 0.370868 0.370868 0.370867 0.370867 0.370869 0.370868 0.370868 0.370869 0.370869 0.370869 0.370868 0.370868 0.370869 0.370867 0.370867 0.370868 0.370868 0.000000 0.000000
0.000000 0.000000 0.373001 0.373000 0.372999 0.373000 0.373001 0.373001 0.373001 0.373001 0.373001 0.373001 0.373001 0.373001 0.373001 0.373000 0.372999 0.373000 0.373001 0.000000 0.000000
0.000000 0.000000 0.375091 0.375090 0.375089 0.375090 0.375091 0.375091 0.375091 0.375091 0.375091 0.375091 0.375091 0.375091 0.375091 0.375090 0.375089 0.375090 0.375091 0.000000 0.000000
0.000000 0.000000 0.377148 0.377147 0.377146 0.377147 0.377148 0.377148 0.377148 0.377148 0.377148 0.377148 0.377148 0.377148 0.377148 0.377147 0.377146 0.377147 0.377148 0.000000 0.000000
0.000000 0.000000 0.379178 0.379177 0.379176 0.379177 0.379178 0.379178 0.379178 0.379178 0.379178 0.379178 0.379178 0.379178 0.379178 0.379177 0.379176 0.379177 0.379178 0.000000 0.000000
0.000000 0.000000 0.381180 0.381180 0.381179 0.381179 0.381181 0.381180 0.381180 0.381181 0.381181 0.381181 0.381180 0.381180 0.381181 0.381179 0.381179 0.381180 0.381180 0.000000 0.000000
0.000000 0.000000 0.383200 0.383200 0.383199 0.383199 0.383201 0.383200 0.383200 0.383201 0.383201 0.383201 0.383200 0.383200 0.383201 0.383199 0.383199 0.383200 0.383200 0.000000 0.000000
0.000000 0.000000 0.350000 0.350000 0.350000 0.350000 0.350000 0.350000 0.350000 0.350000 0.350000 0.350000 0.350000 0.350000 0.350000 0.350000 0.350000 0.350000 0.350000 0.000000 0.000000
0.000000 0.000000 0.000000 0.000000 0.000000 0.000000 0.000000 0.000000 0.000000 0.000000 0.000000 0.000000 0.000000 0.000000 0.000000 0.000000 0.000000 0.000000 0.000000 0.000000 0.000000