geotop/1.0zi/1.0Montebello/Templates/testdem/maps/_Eocsand2526.asc
ncols         21
nrows         20
xllcorner     100.000000
yllcorner     100.000000
cellsize      50.000000
NODATA_value  -9999.0
0.000000 0.000000 0.000000 0.000000 0.000000 0.000000 0.000000 0.000000 0.000000 0.000000 0.000000 0.000000 0.000000 0.000000 0.000000 0.000000 0.000000 0.000000 0.000000 0.000000 0.000000
0.000000 0.000000 0.300074 0.300074 0.300074 0.300074 0.300074 0.300074 0.300074 0.300074 0.300076 0.300074 0.300074 0.300074 0.300074 0.300074 0.300074 0.300074 0.300074 0.000000 0.000000
0.000000 0.000000 0.300012 0.300013 0.300013 0.300012 0.300013 0.300012 0.300012 0.300013 0.300011 0.300013 0.300012 0.300012 0.300013 0.300012 0.300013 0.300013 0.300012 0.000000 0.000000
0.000000 0.000000 0.298377 0.298378 0.298382 0.298380 0.298377 0.298377 0.298377 0.298377 0.298377 0.298377 0.298377 0.298377 0.298377 0.298380 0.298382 0.298378 0.298377 0.000000 0.000000
0.000000 0.000000 0.291475 0.291477 0.291480 0.291480 0.291474 0.291476 0.291476 0.291473 0.291473 0.291473 0.291476 0.291476 0.291474 0.291480 0.291480 0.291477 0.291475 0.000000 0.000000
0.000000 0.000000 0.283069 0.283070 0.283073 0.283073 0.283068 0.283070 0.283070 0.283068 0.283067 0.283068 0.283070 0.283070 0.283068 0.283073 0.283073 0.283070 0.283069 0.000000 0.000000
0.000000 0.000000 0.275228 0.275229 0.275232 0.275231 0.275227 0.275229 0.275229 0.275227 0.275226 0.275227 0.275229 0.275229 0.275227 0.275231 0.275232 0.275229 0.275228 0.000000 0.000000
0.000000 0.000000 0.268044 0.268044 0.268047 0.268046 0.268043 0.268044 0.268044 0.268042 0.268042 0.268042 0.268044 0.268044 0.268043 0.268046 0.268047 0.268044 0.268044 0.000000 0.000000
0.000000 0.000000 0.261345 0.261346 0.261348 0.261347 0.261344 0.261345 0.261345 0.261344 0.261343 0.261344 0.261345 0.261345 0.261344 0.261347 0.261348 0.261346 0.261345 0.000000 0.000000
0.000000 0.000000 0.254980 0.254980 0.254983 0.254982 0.254979 0.254980 0.254980 0.254979 0.254978 0.254979 0.254980 0.254980 0.254979 0.254982 0.254983 0.254980 0.254980 0.000000 0.000000
0.000000 0.000000 0.248874 0.248874 0.248877 0.248876 0.248873 0.248874 0.248874 0.248873 0.248872 0.248873 0.248874 0.248874 0.248873 0.248876 0.248877 0.248874 0.248874 0.000000 0.000000
0.000000 0.000000 0.242972 0.242973 0.242975 0.242974 0.242971 0.242972 0.242972 0.242971 0.242971 0.242971 0.242972 0.242972 0.242971 0.242974 0.242975 0.242973 0.242972 0.000000 0.000000
0.000000 0.000000 0.237232 0.237233 0.237235 0.237234 0.237232 0.237233 0.237232 0.237231 0.237231 0.237231 0.237232 0.237233 0.237232 0.237234 0.237235 0.237233 0.237232 0.000000 0.000000
0.000000 0.000000 0.231626 0.231627 0.231629 0.231628 0.231626 0.231627 0.231626 0.231625 0.231625 0.231625 0.231626 0.231627 0.231626 0.231628 0.231629 0.231627 0.231626 0.000000 0.000000
0.000000 0.000000 0.226133 0.226134 0.226136 0.226135 0.226133 0.226134 0.226134 0.226132 0.226132 0.226132 0.226134 0.226134 0.226133 0.226135 0.226136 0.226134 0.226133 0.000000 0.000000
0.000000 0.000000 0.220744 0.220745 0.220747 0.220746 0.220744 0.220745 0.220745 0.220744 0.220743 0.220744 0.220745 0.220745 0.220744 0.220746 0.220747 0.220745 0.220744 0.000000 0.000000
0.000000 0.000000 0.215454 0.215455 0.215457 0.215456 0.215454 0.215455 0.215455 0.215453 0.215453 0.215453 0.215455 0.215455 0.215454 0.215456 0.215457 0.215455 0.215454 0.000000 0.000000
0.000000 0.000000 0.210184 0.210184 0.210186 0.210185 0.210183 0.210184 0.210184 0.210183 0.210182 0.210183 0.210184 0.210184 0.210183 0.210185 0.210186 0.210184 0.210184 0.000000 0.000000
0.000000 0.000000 0.300000 0.300000 0.300000 0.300000 0.300000 0.300000 0.300000 0.300000 0.300000 0.300000 0.300000 0.300000 0.300000 0.300000 0.300000 0.300000 0.300000 0.000000 0.000000
0.000000 0.000000 0.000000 0.000000 0.000000 0.000000 0.000000 0.000000 0.000000 0.000000 0.000000 0.000000 0.000000 0.000000 0.000000 0.000000 0.000000 0.000000 0.000000 0.000000 0.000000