geotop/1.0zi/1.0Montebello/Templates/testdem/maps/_Eocsand6154.asc
ncols         21
nrows         20
xllcorner     100.000000
yllcorner     100.000000
cellsize      50.000000
NODATA_value  -9999.0
0.000000 0.000000 0.000000 0.000000 0.000000 0.000000 0.000000 0.000000 0.000000 0.000000 0.000000 0.000000 0.000000 0.000000 0.000000 0.000000 0.000000 0.000000 0.000000 0.000000 0.000000
0.000000 0.000000 0.300151 0.300151 0.300150 0.300151 0.300150 0.300150 0.300150 0.300150 0.300151 0.300150 0.300150 0.300151 0.300150 0.300150 0.300151 0.300152 0.300151 0.000000 0.000000
0.000000 0.000000 0.300009 0.300008 0.300008 0.300007 0.300008 0.300008 0.300008 0.300008 0.300008 0.300008 0.300007 0.300008 0.300008 0.300008 0.300009 0.300009 0.300010 0.000000 0.000000
0.000000 0.000000 0.299971 0.299969 0.299972 0.299977 0.299974 0.299976 0.299972 0.299975 0.299972 0.299975 0.299974 0.299975 0.299973 0.299968 0.299969 0.299965 0.299967 0.000000 0.000000
0.000000 0.000000 0.298943 0.298941 0.298944 0.298950 0.298965 0.298973 0.298974 0.298974 0.298978 0.298978 0.298980 0.298978 0.298966 0.298964 0.298960 0.298949 0.298939 0.000000 0.000000
0.000000 0.000000 0.295667 0.295664 0.295676 0.295711 0.295728 0.295763 0.295764 0.295773 0.295766 0.295762 0.295758 0.295761 0.295751 0.295731 0.295714 0.295699 0.295689 0.000000 0.000000
0.000000 0.000000 0.290702 0.290707 0.290717 0.290754 0.290797 0.290850 0.290849 0.290856 0.290853 0.290851 0.290854 0.290851 0.290811 0.290768 0.290749 0.290730 0.290715 0.000000 0.000000
0.000000 0.000000 0.284640 0.284641 0.284646 0.284685 0.284728 0.284785 0.284785 0.284791 0.284791 0.284793 0.284796 0.284788 0.284742 0.284702 0.284669 0.284661 0.284640 0.000000 0.000000
0.000000 0.000000 0.278342 0.278350 0.278367 0.278391 0.278434 0.278495 0.278492 0.278503 0.278508 0.278506 0.278506 0.278509 0.278452 0.278408 0.278379 0.278369 0.278350 0.000000 0.000000
0.000000 0.000000 0.271952 0.271963 0.271970 0.271988 0.272049 0.272104 0.272101 0.272108 0.272116 0.272109 0.272101 0.272107 0.272062 0.272009 0.271979 0.271973 0.271960 0.000000 0.000000
0.000000 0.000000 0.265321 0.265327 0.265331 0.265377 0.265418 0.265478 0.265466 0.265495 0.265494 0.265492 0.265500 0.265484 0.265445 0.265412 0.265379 0.265359 0.265332 0.000000 0.000000
0.000000 0.000000 0.258312 0.258328 0.258348 0.258379 0.258416 0.258489 0.258488 0.258504 0.258487 0.258505 0.258502 0.258496 0.258428 0.258396 0.258372 0.258362 0.258292 0.000000 0.000000
0.000000 0.000000 0.251070 0.251084 0.251091 0.251128 0.251163 0.251315 0.251315 0.251328 0.251361 0.251343 0.251332 0.251320 0.251207 0.251176 0.251122 0.251116 0.251067 0.000000 0.000000
0.000000 0.000000 0.243140 0.243149 0.243171 0.243195 0.243347 0.243381 0.243416 0.243417 0.243427 0.243424 0.243423 0.243428 0.243410 0.243256 0.243211 0.243173 0.243123 0.000000 0.000000
0.000000 0.000000 0.234335 0.234348 0.234382 0.234543 0.234587 0.234677 0.234735 0.234744 0.234774 0.234791 0.234773 0.234784 0.234713 0.234645 0.234418 0.234437 0.234407 0.000000 0.000000
0.000000 0.000000 0.224949 0.224961 0.225176 0.225204 0.225215 0.225269 0.225223 0.225248 0.225228 0.225251 0.225277 0.225232 0.225197 0.225177 0.225208 0.224931 0.224924 0.000000 0.000000
0.000000 0.000000 0.214062 0.214362 0.214447 0.214533 0.214674 0.214743 0.214774 0.214776 0.214843 0.214850 0.214820 0.214834 0.214751 0.214643 0.214468 0.214431 0.214124 0.000000 0.000000
0.000000 0.000000 0.206402 0.206356 0.206083 0.206149 0.206246 0.206521 0.206525 0.206588 0.206539 0.206556 0.206540 0.206530 0.206278 0.206205 0.206039 0.206318 0.206345 0.000000 0.000000
0.000000 0.000000 0.300000 0.300000 0.300000 0.300000 0.300000 0.300000 0.300000 0.300000 0.300000 0.300000 0.300000 0.300000 0.300000 0.300000 0.300000 0.300000 0.300000 0.000000 0.000000
0.000000 0.000000 0.000000 0.000000 0.000000 0.000000 0.000000 0.000000 0.000000 0.000000 0.000000 0.000000 0.000000 0.000000 0.000000 0.000000 0.000000 0.000000 0.000000 0.000000 0.000000