geotop/1.0zi/1.0Montebello/Templates/testdem/maps/_Eocsand5161.asc
ncols         21
nrows         20
xllcorner     100.000000
yllcorner     100.000000
cellsize      50.000000
NODATA_value  -9999.0
0.000000 0.000000 0.000000 0.000000 0.000000 0.000000 0.000000 0.000000 0.000000 0.000000 0.000000 0.000000 0.000000 0.000000 0.000000 0.000000 0.000000 0.000000 0.000000 0.000000 0.000000
0.000000 0.000000 0.300127 0.300126 0.300126 0.300126 0.300126 0.300125 0.300126 0.300126 0.300126 0.300126 0.300126 0.300126 0.300126 0.300126 0.300126 0.300126 0.300126 0.000000 0.000000
0.000000 0.000000 0.300008 0.300007 0.300007 0.300007 0.300007 0.300007 0.300006 0.300007 0.300007 0.300007 0.300006 0.300006 0.300006 0.300007 0.300008 0.300009 0.300008 0.000000 0.000000
0.000000 0.000000 0.299974 0.299973 0.299975 0.299979 0.299976 0.299978 0.299976 0.299977 0.299976 0.299978 0.299978 0.299980 0.299976 0.299972 0.299973 0.299971 0.299973 0.000000 0.000000
0.000000 0.000000 0.299190 0.299187 0.299188 0.299197 0.299208 0.299214 0.299215 0.299216 0.299220 0.299216 0.299219 0.299217 0.299208 0.299208 0.299203 0.299194 0.299188 0.000000 0.000000
0.000000 0.000000 0.296508 0.296503 0.296512 0.296540 0.296553 0.296582 0.296586 0.296595 0.296587 0.296584 0.296577 0.296579 0.296572 0.296556 0.296543 0.296530 0.296521 0.000000 0.000000
0.000000 0.000000 0.292447 0.292450 0.292459 0.292489 0.292525 0.292566 0.292566 0.292572 0.292567 0.292567 0.292567 0.292564 0.292535 0.292501 0.292484 0.292467 0.292454 0.000000 0.000000
0.000000 0.000000 0.287545 0.287548 0.287549 0.287581 0.287619 0.287662 0.287661 0.287667 0.287667 0.287666 0.287668 0.287667 0.287629 0.287593 0.287572 0.287561 0.287546 0.000000 0.000000
0.000000 0.000000 0.282509 0.282515 0.282524 0.282550 0.282587 0.282634 0.282633 0.282640 0.282641 0.282637 0.282640 0.282638 0.282601 0.282562 0.282543 0.282530 0.282511 0.000000 0.000000
0.000000 0.000000 0.277468 0.277473 0.277478 0.277499 0.277542 0.277587 0.277582 0.277588 0.277589 0.277587 0.277590 0.277592 0.277547 0.277511 0.277498 0.277484 0.277471 0.000000 0.000000
0.000000 0.000000 0.272307 0.272314 0.272316 0.272347 0.272381 0.272432 0.272429 0.272438 0.272440 0.272435 0.272439 0.272439 0.272404 0.272373 0.272345 0.272332 0.272314 0.000000 0.000000
0.000000 0.000000 0.266939 0.266944 0.266952 0.266983 0.267018 0.267069 0.267072 0.267077 0.267078 0.267078 0.267079 0.267081 0.267033 0.266998 0.266980 0.266968 0.266915 0.000000 0.000000
0.000000 0.000000 0.261470 0.261477 0.261486 0.261510 0.261554 0.261664 0.261664 0.261672 0.261674 0.261671 0.261677 0.261675 0.261580 0.261537 0.261515 0.261502 0.261470 0.000000 0.000000
0.000000 0.000000 0.255602 0.255618 0.255623 0.255650 0.255766 0.255795 0.255813 0.255820 0.255819 0.255818 0.255823 0.255823 0.255795 0.255684 0.255661 0.255634 0.255613 0.000000 0.000000
0.000000 0.000000 0.249223 0.249233 0.249261 0.249368 0.249421 0.249492 0.249527 0.249536 0.249554 0.249553 0.249547 0.249558 0.249506 0.249435 0.249304 0.249306 0.249288 0.000000 0.000000
0.000000 0.000000 0.242560 0.242571 0.242698 0.242730 0.242765 0.242801 0.242802 0.242803 0.242796 0.242796 0.242813 0.242787 0.242770 0.242744 0.242741 0.242589 0.242554 0.000000 0.000000
0.000000 0.000000 0.235050 0.235227 0.235322 0.235376 0.235473 0.235525 0.235537 0.235543 0.235565 0.235562 0.235556 0.235573 0.235534 0.235429 0.235356 0.235295 0.235113 0.000000 0.000000
0.000000 0.000000 0.229359 0.229373 0.229240 0.229303 0.229377 0.229554 0.229571 0.229586 0.229576 0.229577 0.229586 0.229571 0.229411 0.229337 0.229247 0.229400 0.229349 0.000000 0.000000
0.000000 0.000000 0.300000 0.300000 0.300000 0.300000 0.300000 0.300000 0.300000 0.300000 0.300000 0.300000 0.300000 0.300000 0.300000 0.300000 0.300000 0.300000 0.300000 0.000000 0.000000
0.000000 0.000000 0.000000 0.000000 0.000000 0.000000 0.000000 0.000000 0.000000 0.000000 0.000000 0.000000 0.000000 0.000000 0.000000 0.000000 0.000000 0.000000 0.000000 0.000000 0.000000