geotop/1.0zi/1.0Montebello/Templates/testdem/maps/_Eocsilt6946.asc
ncols         21
nrows         20
xllcorner     100.000000
yllcorner     100.000000
cellsize      50.000000
NODATA_value  -9999.0
0.000000 0.000000 0.000000 0.000000 0.000000 0.000000 0.000000 0.000000 0.000000 0.000000 0.000000 0.000000 0.000000 0.000000 0.000000 0.000000 0.000000 0.000000 0.000000 0.000000 0.000000
0.000000 0.000000 0.350138 0.350139 0.350139 0.350140 0.350139 0.350140 0.350140 0.350139 0.350140 0.350139 0.350139 0.350139 0.350139 0.350139 0.350140 0.350140 0.350139 0.000000 0.000000
0.000000 0.000000 0.350003 0.350002 0.350003 0.350003 0.350003 0.350003 0.350003 0.350003 0.350003 0.350003 0.350004 0.350004 0.350003 0.350003 0.350001 0.350001 0.350002 0.000000 0.000000
0.000000 0.000000 0.350060 0.350057 0.350055 0.350050 0.350051 0.350049 0.350051 0.350052 0.350050 0.350050 0.350050 0.350050 0.350052 0.350055 0.350058 0.350059 0.350059 0.000000 0.000000
0.000000 0.000000 0.350723 0.350729 0.350725 0.350717 0.350713 0.350706 0.350705 0.350702 0.350703 0.350705 0.350706 0.350707 0.350717 0.350720 0.350719 0.350727 0.350732 0.000000 0.000000
0.000000 0.000000 0.352727 0.352729 0.352721 0.352707 0.352693 0.352674 0.352673 0.352668 0.352672 0.352674 0.352675 0.352673 0.352681 0.352691 0.352700 0.352706 0.352712 0.000000 0.000000
0.000000 0.000000 0.355718 0.355715 0.355706 0.355684 0.355657 0.355630 0.355631 0.355628 0.355630 0.355629 0.355626 0.355630 0.355652 0.355675 0.355688 0.355700 0.355708 0.000000 0.000000
0.000000 0.000000 0.359312 0.359312 0.359307 0.359285 0.359259 0.359229 0.359229 0.359225 0.359225 0.359223 0.359222 0.359226 0.359252 0.359275 0.359296 0.359300 0.359312 0.000000 0.000000
0.000000 0.000000 0.363116 0.363109 0.363097 0.363082 0.363056 0.363021 0.363023 0.363015 0.363013 0.363013 0.363014 0.363012 0.363046 0.363074 0.363090 0.363098 0.363108 0.000000 0.000000
0.000000 0.000000 0.367016 0.367010 0.367004 0.366991 0.366954 0.366924 0.366925 0.366921 0.366916 0.366919 0.366924 0.366921 0.366948 0.366980 0.366998 0.367002 0.367010 0.000000 0.000000
0.000000 0.000000 0.371108 0.371104 0.371098 0.371069 0.371045 0.371010 0.371018 0.370999 0.371001 0.371002 0.370995 0.371006 0.371029 0.371049 0.371071 0.371083 0.371100 0.000000 0.000000
0.000000 0.000000 0.375508 0.375496 0.375484 0.375464 0.375439 0.375396 0.375396 0.375387 0.375398 0.375386 0.375388 0.375392 0.375433 0.375454 0.375470 0.375477 0.375518 0.000000 0.000000
0.000000 0.000000 0.380123 0.380111 0.380105 0.380081 0.380059 0.379962 0.379961 0.379953 0.379931 0.379942 0.379949 0.379957 0.380030 0.380052 0.380088 0.380091 0.380117 0.000000 0.000000
0.000000 0.000000 0.385288 0.385283 0.385265 0.385247 0.385141 0.385129 0.385106 0.385105 0.385105 0.385104 0.385102 0.385098 0.385101 0.385213 0.385238 0.385266 0.385296 0.000000 0.000000
0.000000 0.000000 0.391146 0.391137 0.391112 0.390989 0.390971 0.390910 0.390874 0.390867 0.390847 0.390831 0.390845 0.390839 0.390894 0.390925 0.391091 0.391072 0.391086 0.000000 0.000000
0.000000 0.000000 0.397491 0.397482 0.397312 0.397315 0.397307 0.397272 0.397320 0.397298 0.397323 0.397306 0.397283 0.397322 0.397343 0.397355 0.397293 0.397517 0.397519 0.000000 0.000000
0.000000 0.000000 0.405108 0.404856 0.404830 0.404752 0.404627 0.404585 0.404545 0.404551 0.404489 0.404490 0.404521 0.404496 0.404557 0.404652 0.404816 0.404786 0.405046 0.000000 0.000000
0.000000 0.000000 0.409739 0.409861 0.410096 0.410059 0.410014 0.409789 0.409796 0.409740 0.409806 0.409789 0.409793 0.409809 0.410010 0.410044 0.410136 0.409912 0.409802 0.000000 0.000000
0.000000 0.000000 0.350000 0.350000 0.350000 0.350000 0.350000 0.350000 0.350000 0.350000 0.350000 0.350000 0.350000 0.350000 0.350000 0.350000 0.350000 0.350000 0.350000 0.000000 0.000000
0.000000 0.000000 0.000000 0.000000 0.000000 0.000000 0.000000 0.000000 0.000000 0.000000 0.000000 0.000000 0.000000 0.000000 0.000000 0.000000 0.000000 0.000000 0.000000 0.000000 0.000000