geotop/1.0zi/1.0Montebello/Templates/testdem/maps/_Eocsand1041.asc
ncols         21
nrows         20
xllcorner     100.000000
yllcorner     100.000000
cellsize      50.000000
NODATA_value  -9999.0
0.000000 0.000000 0.000000 0.000000 0.000000 0.000000 0.000000 0.000000 0.000000 0.000000 0.000000 0.000000 0.000000 0.000000 0.000000 0.000000 0.000000 0.000000 0.000000 0.000000 0.000000
0.000000 0.000000 0.300032 0.300032 0.300032 0.300032 0.300032 0.300032 0.300032 0.300032 0.300032 0.300032 0.300032 0.300032 0.300032 0.300032 0.300032 0.300032 0.300032 0.000000 0.000000
0.000000 0.000000 0.300004 0.300004 0.300004 0.300004 0.300004 0.300004 0.300004 0.300004 0.300004 0.300004 0.300004 0.300004 0.300004 0.300004 0.300004 0.300004 0.300004 0.000000 0.000000
0.000000 0.000000 0.299098 0.299098 0.299103 0.299101 0.299097 0.299098 0.299098 0.299097 0.299097 0.299097 0.299098 0.299098 0.299097 0.299101 0.299103 0.299098 0.299098 0.000000 0.000000
0.000000 0.000000 0.295974 0.295977 0.295980 0.295981 0.295974 0.295975 0.295975 0.295974 0.295974 0.295974 0.295975 0.295975 0.295974 0.295981 0.295980 0.295977 0.295974 0.000000 0.000000
0.000000 0.000000 0.292439 0.292440 0.292444 0.292444 0.292439 0.292439 0.292440 0.292439 0.292439 0.292439 0.292440 0.292439 0.292439 0.292444 0.292444 0.292440 0.292439 0.000000 0.000000
0.000000 0.000000 0.289132 0.289133 0.289136 0.289135 0.289131 0.289132 0.289132 0.289131 0.289131 0.289131 0.289132 0.289132 0.289131 0.289135 0.289136 0.289133 0.289132 0.000000 0.000000
0.000000 0.000000 0.286084 0.286085 0.286088 0.286087 0.286084 0.286084 0.286084 0.286084 0.286084 0.286084 0.286084 0.286084 0.286084 0.286087 0.286088 0.286085 0.286084 0.000000 0.000000
0.000000 0.000000 0.283225 0.283226 0.283229 0.283229 0.283225 0.283226 0.283226 0.283225 0.283225 0.283225 0.283226 0.283226 0.283225 0.283229 0.283229 0.283226 0.283225 0.000000 0.000000
0.000000 0.000000 0.280482 0.280483 0.280485 0.280485 0.280482 0.280482 0.280482 0.280482 0.280482 0.280482 0.280482 0.280482 0.280482 0.280485 0.280485 0.280483 0.280482 0.000000 0.000000
0.000000 0.000000 0.277827 0.277828 0.277831 0.277830 0.277827 0.277827 0.277827 0.277827 0.277827 0.277827 0.277827 0.277827 0.277827 0.277830 0.277831 0.277828 0.277827 0.000000 0.000000
0.000000 0.000000 0.275233 0.275233 0.275236 0.275235 0.275233 0.275233 0.275233 0.275233 0.275233 0.275233 0.275233 0.275233 0.275233 0.275235 0.275236 0.275233 0.275233 0.000000 0.000000
0.000000 0.000000 0.272679 0.272679 0.272682 0.272681 0.272679 0.272679 0.272679 0.272679 0.272679 0.272679 0.272679 0.272679 0.272679 0.272681 0.272682 0.272679 0.272679 0.000000 0.000000
0.000000 0.000000 0.270165 0.270166 0.270169 0.270168 0.270165 0.270166 0.270166 0.270165 0.270165 0.270165 0.270166 0.270166 0.270165 0.270168 0.270169 0.270166 0.270165 0.000000 0.000000
0.000000 0.000000 0.267679 0.267680 0.267682 0.267682 0.267679 0.267679 0.267679 0.267679 0.267679 0.267679 0.267679 0.267679 0.267679 0.267682 0.267682 0.267680 0.267679 0.000000 0.000000
0.000000 0.000000 0.265210 0.265211 0.265214 0.265213 0.265210 0.265210 0.265211 0.265210 0.265210 0.265210 0.265211 0.265210 0.265210 0.265213 0.265214 0.265211 0.265210 0.000000 0.000000
0.000000 0.000000 0.262767 0.262768 0.262771 0.262770 0.262767 0.262768 0.262768 0.262767 0.262767 0.262767 0.262768 0.262768 0.262767 0.262770 0.262771 0.262768 0.262767 0.000000 0.000000
0.000000 0.000000 0.260274 0.260274 0.260277 0.260276 0.260273 0.260274 0.260274 0.260273 0.260273 0.260273 0.260274 0.260274 0.260273 0.260276 0.260277 0.260274 0.260273 0.000000 0.000000
0.000000 0.000000 0.300000 0.300000 0.300000 0.300000 0.300000 0.300000 0.300000 0.300000 0.300000 0.300000 0.300000 0.300000 0.300000 0.300000 0.300000 0.300000 0.300000 0.000000 0.000000
0.000000 0.000000 0.000000 0.000000 0.000000 0.000000 0.000000 0.000000 0.000000 0.000000 0.000000 0.000000 0.000000 0.000000 0.000000 0.000000 0.000000 0.000000 0.000000 0.000000 0.000000