geotop/1.0zi/1.0Montebello/Templates/testdem/maps/_Eocclay1269.asc
ncols         21
nrows         20
xllcorner     100.000000
yllcorner     100.000000
cellsize      50.000000
NODATA_value  -9999.0
0.000000 0.000000 0.000000 0.000000 0.000000 0.000000 0.000000 0.000000 0.000000 0.000000 0.000000 0.000000 0.000000 0.000000 0.000000 0.000000 0.000000 0.000000 0.000000 0.000000 0.000000
0.000000 0.000000 0.349935 0.349935 0.349935 0.349935 0.349935 0.349935 0.349935 0.349935 0.349935 0.349935 0.349935 0.349935 0.349935 0.349935 0.349935 0.349935 0.349935 0.000000 0.000000
0.000000 0.000000 0.349994 0.349994 0.349993 0.349994 0.349994 0.349994 0.349994 0.349994 0.349994 0.349994 0.349994 0.349994 0.349994 0.349994 0.349993 0.349994 0.349994 0.000000 0.000000
0.000000 0.000000 0.350549 0.350548 0.350546 0.350547 0.350549 0.350549 0.350548 0.350549 0.350549 0.350549 0.350548 0.350549 0.350549 0.350547 0.350546 0.350548 0.350549 0.000000 0.000000
0.000000 0.000000 0.352507 0.352506 0.352504 0.352504 0.352508 0.352507 0.352507 0.352508 0.352508 0.352508 0.352507 0.352507 0.352508 0.352504 0.352504 0.352506 0.352507 0.000000 0.000000
0.000000 0.000000 0.354662 0.354662 0.354660 0.354660 0.354663 0.354662 0.354662 0.354663 0.354663 0.354663 0.354662 0.354662 0.354663 0.354660 0.354660 0.354662 0.354662 0.000000 0.000000
0.000000 0.000000 0.356715 0.356715 0.356713 0.356713 0.356715 0.356715 0.356715 0.356715 0.356715 0.356715 0.356715 0.356715 0.356715 0.356713 0.356713 0.356715 0.356715 0.000000 0.000000
0.000000 0.000000 0.358606 0.358606 0.358604 0.358604 0.358606 0.358606 0.358606 0.358606 0.358606 0.358606 0.358606 0.358606 0.358606 0.358604 0.358604 0.358606 0.358606 0.000000 0.000000
0.000000 0.000000 0.360378 0.360377 0.360376 0.360376 0.360378 0.360377 0.360377 0.360378 0.360378 0.360378 0.360377 0.360377 0.360378 0.360376 0.360376 0.360377 0.360378 0.000000 0.000000
0.000000 0.000000 0.362076 0.362076 0.362074 0.362075 0.362076 0.362076 0.362076 0.362076 0.362076 0.362076 0.362076 0.362076 0.362076 0.362075 0.362074 0.362076 0.362076 0.000000 0.000000
0.000000 0.000000 0.363719 0.363719 0.363718 0.363718 0.363720 0.363719 0.363719 0.363720 0.363720 0.363720 0.363719 0.363719 0.363720 0.363718 0.363718 0.363719 0.363719 0.000000 0.000000
0.000000 0.000000 0.365325 0.365324 0.365323 0.365323 0.365325 0.365325 0.365325 0.365325 0.365325 0.365325 0.365325 0.365325 0.365325 0.365323 0.365323 0.365324 0.365325 0.000000 0.000000
0.000000 0.000000 0.366903 0.366903 0.366902 0.366902 0.366903 0.366903 0.366903 0.366904 0.366903 0.366904 0.366903 0.366903 0.366903 0.366902 0.366902 0.366903 0.366903 0.000000 0.000000
0.000000 0.000000 0.368455 0.368455 0.368453 0.368454 0.368455 0.368455 0.368455 0.368455 0.368455 0.368455 0.368455 0.368455 0.368455 0.368454 0.368453 0.368455 0.368455 0.000000 0.000000
0.000000 0.000000 0.369988 0.369987 0.369986 0.369986 0.369988 0.369987 0.369987 0.369988 0.369988 0.369988 0.369987 0.369987 0.369988 0.369986 0.369986 0.369987 0.369988 0.000000 0.000000
0.000000 0.000000 0.371507 0.371506 0.371505 0.371505 0.371507 0.371506 0.371507 0.371507 0.371507 0.371507 0.371507 0.371506 0.371507 0.371505 0.371505 0.371506 0.371507 0.000000 0.000000
0.000000 0.000000 0.373011 0.373011 0.373010 0.373010 0.373011 0.373011 0.373011 0.373012 0.373012 0.373012 0.373011 0.373011 0.373011 0.373010 0.373010 0.373011 0.373011 0.000000 0.000000
0.000000 0.000000 0.374545 0.374545 0.374543 0.374544 0.374545 0.374545 0.374545 0.374545 0.374545 0.374545 0.374545 0.374545 0.374545 0.374544 0.374543 0.374545 0.374545 0.000000 0.000000
0.000000 0.000000 0.350000 0.350000 0.350000 0.350000 0.350000 0.350000 0.350000 0.350000 0.350000 0.350000 0.350000 0.350000 0.350000 0.350000 0.350000 0.350000 0.350000 0.000000 0.000000
0.000000 0.000000 0.000000 0.000000 0.000000 0.000000 0.000000 0.000000 0.000000 0.000000 0.000000 0.000000 0.000000 0.000000 0.000000 0.000000 0.000000 0.000000 0.000000 0.000000 0.000000