geotop/1.0zi/1.0Montebello/Templates/testdem/maps/_Eocclay2384.asc
ncols         21
nrows         20
xllcorner     100.000000
yllcorner     100.000000
cellsize      50.000000
NODATA_value  -9999.0
0.000000 0.000000 0.000000 0.000000 0.000000 0.000000 0.000000 0.000000 0.000000 0.000000 0.000000 0.000000 0.000000 0.000000 0.000000 0.000000 0.000000 0.000000 0.000000 0.000000 0.000000
0.000000 0.000000 0.349874 0.349874 0.349874 0.349874 0.349874 0.349874 0.349874 0.349874 0.349873 0.349874 0.349874 0.349874 0.349874 0.349874 0.349874 0.349874 0.349874 0.000000 0.000000
0.000000 0.000000 0.349990 0.349990 0.349989 0.349990 0.349990 0.349990 0.349990 0.349990 0.349990 0.349990 0.349990 0.349990 0.349990 0.349990 0.349989 0.349990 0.349990 0.000000 0.000000
0.000000 0.000000 0.350732 0.350731 0.350729 0.350730 0.350732 0.350731 0.350731 0.350732 0.350732 0.350732 0.350731 0.350731 0.350732 0.350730 0.350729 0.350731 0.350732 0.000000 0.000000
0.000000 0.000000 0.354115 0.354114 0.354112 0.354112 0.354116 0.354115 0.354115 0.354116 0.354116 0.354116 0.354115 0.354115 0.354116 0.354112 0.354112 0.354114 0.354115 0.000000 0.000000
0.000000 0.000000 0.358033 0.358032 0.358031 0.358031 0.358033 0.358033 0.358033 0.358034 0.358034 0.358034 0.358033 0.358033 0.358033 0.358031 0.358031 0.358032 0.358033 0.000000 0.000000
0.000000 0.000000 0.361759 0.361758 0.361757 0.361757 0.361759 0.361758 0.361758 0.361759 0.361759 0.361759 0.361758 0.361758 0.361759 0.361757 0.361757 0.361758 0.361759 0.000000 0.000000
0.000000 0.000000 0.365185 0.365185 0.365184 0.365184 0.365186 0.365185 0.365185 0.365186 0.365186 0.365186 0.365185 0.365185 0.365186 0.365184 0.365184 0.365185 0.365185 0.000000 0.000000
0.000000 0.000000 0.368386 0.368385 0.368384 0.368385 0.368386 0.368386 0.368386 0.368386 0.368387 0.368386 0.368386 0.368386 0.368386 0.368385 0.368384 0.368385 0.368386 0.000000 0.000000
0.000000 0.000000 0.371432 0.371431 0.371430 0.371431 0.371432 0.371432 0.371432 0.371432 0.371432 0.371432 0.371432 0.371432 0.371432 0.371431 0.371430 0.371431 0.371432 0.000000 0.000000
0.000000 0.000000 0.374359 0.374358 0.374357 0.374357 0.374359 0.374358 0.374358 0.374359 0.374359 0.374359 0.374358 0.374358 0.374359 0.374357 0.374357 0.374358 0.374359 0.000000 0.000000
0.000000 0.000000 0.377193 0.377193 0.377192 0.377192 0.377194 0.377193 0.377193 0.377194 0.377194 0.377194 0.377193 0.377193 0.377194 0.377192 0.377192 0.377193 0.377193 0.000000 0.000000
0.000000 0.000000 0.379957 0.379957 0.379955 0.379956 0.379957 0.379957 0.379957 0.379957 0.379958 0.379957 0.379957 0.379957 0.379957 0.379956 0.379955 0.379957 0.379957 0.000000 0.000000
0.000000 0.000000 0.382662 0.382661 0.382660 0.382661 0.382662 0.382661 0.382662 0.382662 0.382662 0.382662 0.382662 0.382661 0.382662 0.382661 0.382660 0.382661 0.382662 0.000000 0.000000
0.000000 0.000000 0.385317 0.385317 0.385316 0.385316 0.385318 0.385317 0.385317 0.385318 0.385318 0.385318 0.385317 0.385317 0.385318 0.385316 0.385316 0.385317 0.385317 0.000000 0.000000
0.000000 0.000000 0.387927 0.387926 0.387925 0.387926 0.387927 0.387926 0.387927 0.387927 0.387927 0.387927 0.387927 0.387926 0.387927 0.387926 0.387925 0.387926 0.387927 0.000000 0.000000
0.000000 0.000000 0.390491 0.390491 0.390490 0.390491 0.390492 0.390491 0.390491 0.390492 0.390492 0.390492 0.390491 0.390491 0.390492 0.390491 0.390490 0.390491 0.390491 0.000000 0.000000
0.000000 0.000000 0.393050 0.393050 0.393049 0.393049 0.393050 0.393050 0.393050 0.393050 0.393051 0.393050 0.393050 0.393050 0.393050 0.393049 0.393049 0.393050 0.393050 0.000000 0.000000
0.000000 0.000000 0.350000 0.350000 0.350000 0.350000 0.350000 0.350000 0.350000 0.350000 0.350000 0.350000 0.350000 0.350000 0.350000 0.350000 0.350000 0.350000 0.350000 0.000000 0.000000
0.000000 0.000000 0.000000 0.000000 0.000000 0.000000 0.000000 0.000000 0.000000 0.000000 0.000000 0.000000 0.000000 0.000000 0.000000 0.000000 0.000000 0.000000 0.000000 0.000000 0.000000