geotop/1.0zi/1.0Montebello/Templates/testdem/maps/_Eocsand4580.asc
ncols         21
nrows         20
xllcorner     100.000000
yllcorner     100.000000
cellsize      50.000000
NODATA_value  -9999.0
0.000000 0.000000 0.000000 0.000000 0.000000 0.000000 0.000000 0.000000 0.000000 0.000000 0.000000 0.000000 0.000000 0.000000 0.000000 0.000000 0.000000 0.000000 0.000000 0.000000 0.000000
0.000000 0.000000 0.300110 0.300110 0.300109 0.300109 0.300109 0.300109 0.300109 0.300109 0.300109 0.300109 0.300109 0.300109 0.300109 0.300109 0.300109 0.300110 0.300110 0.000000 0.000000
0.000000 0.000000 0.300006 0.300005 0.300005 0.300004 0.300004 0.300004 0.300004 0.300004 0.300004 0.300004 0.300004 0.300004 0.300004 0.300005 0.300006 0.300006 0.300006 0.000000 0.000000
0.000000 0.000000 0.299974 0.299973 0.299976 0.299979 0.299977 0.299979 0.299977 0.299978 0.299978 0.299979 0.299979 0.299980 0.299976 0.299972 0.299973 0.299971 0.299974 0.000000 0.000000
0.000000 0.000000 0.299275 0.299273 0.299274 0.299285 0.299295 0.299301 0.299302 0.299305 0.299307 0.299302 0.299305 0.299303 0.299294 0.299294 0.299289 0.299280 0.299273 0.000000 0.000000
0.000000 0.000000 0.296861 0.296855 0.296865 0.296892 0.296903 0.296931 0.296935 0.296945 0.296936 0.296933 0.296926 0.296925 0.296919 0.296903 0.296891 0.296882 0.296873 0.000000 0.000000
0.000000 0.000000 0.293184 0.293188 0.293194 0.293221 0.293252 0.293290 0.293289 0.293297 0.293290 0.293291 0.293292 0.293288 0.293260 0.293229 0.293214 0.293201 0.293189 0.000000 0.000000
0.000000 0.000000 0.288941 0.288943 0.288946 0.288975 0.289003 0.289041 0.289038 0.289045 0.289043 0.289043 0.289048 0.289049 0.289013 0.288981 0.288962 0.288955 0.288942 0.000000 0.000000
0.000000 0.000000 0.284659 0.284665 0.284673 0.284694 0.284722 0.284765 0.284761 0.284770 0.284769 0.284767 0.284771 0.284770 0.284736 0.284700 0.284685 0.284675 0.284660 0.000000 0.000000
0.000000 0.000000 0.280384 0.280390 0.280395 0.280417 0.280450 0.280489 0.280483 0.280489 0.280489 0.280487 0.280493 0.280495 0.280457 0.280421 0.280406 0.280398 0.280385 0.000000 0.000000
0.000000 0.000000 0.276048 0.276055 0.276059 0.276076 0.276102 0.276148 0.276143 0.276154 0.276153 0.276150 0.276155 0.276157 0.276124 0.276097 0.276077 0.276068 0.276053 0.000000 0.000000
0.000000 0.000000 0.271561 0.271566 0.271575 0.271600 0.271626 0.271671 0.271672 0.271678 0.271677 0.271678 0.271681 0.271684 0.271642 0.271609 0.271591 0.271583 0.271536 0.000000 0.000000
0.000000 0.000000 0.267012 0.267019 0.267028 0.267047 0.267079 0.267172 0.267171 0.267179 0.267179 0.267177 0.267184 0.267184 0.267104 0.267065 0.267047 0.267038 0.267009 0.000000 0.000000
0.000000 0.000000 0.262192 0.262206 0.262211 0.262231 0.262324 0.262348 0.262363 0.262370 0.262368 0.262367 0.262375 0.262376 0.262349 0.262256 0.262236 0.262216 0.262199 0.000000 0.000000
0.000000 0.000000 0.256991 0.257001 0.257025 0.257106 0.257149 0.257208 0.257237 0.257247 0.257259 0.257260 0.257258 0.257268 0.257223 0.257158 0.257055 0.257059 0.257044 0.000000 0.000000
0.000000 0.000000 0.251615 0.251626 0.251724 0.251741 0.251768 0.251798 0.251801 0.251804 0.251798 0.251799 0.251814 0.251797 0.251783 0.251755 0.251753 0.251642 0.251615 0.000000 0.000000
0.000000 0.000000 0.245631 0.245763 0.245844 0.245882 0.245949 0.245987 0.245995 0.246001 0.246015 0.246013 0.246014 0.246026 0.245998 0.245919 0.245867 0.245812 0.245678 0.000000 0.000000
0.000000 0.000000 0.240964 0.240990 0.240903 0.240952 0.241010 0.241143 0.241155 0.241168 0.241162 0.241163 0.241172 0.241165 0.241045 0.240977 0.240901 0.241015 0.240962 0.000000 0.000000
0.000000 0.000000 0.300000 0.300000 0.300000 0.300000 0.300000 0.300000 0.300000 0.300000 0.300000 0.300000 0.300000 0.300000 0.300000 0.300000 0.300000 0.300000 0.300000 0.000000 0.000000
0.000000 0.000000 0.000000 0.000000 0.000000 0.000000 0.000000 0.000000 0.000000 0.000000 0.000000 0.000000 0.000000 0.000000 0.000000 0.000000 0.000000 0.000000 0.000000 0.000000 0.000000