geotop/1.0zi/1.0Montebello/Templates/testdem/maps/_Eocsand9201.asc
ncols         21
nrows         20
xllcorner     100.000000
yllcorner     100.000000
cellsize      50.000000
NODATA_value  -9999.0
0.000000 0.000000 0.000000 0.000000 0.000000 0.000000 0.000000 0.000000 0.000000 0.000000 0.000000 0.000000 0.000000 0.000000 0.000000 0.000000 0.000000 0.000000 0.000000 0.000000 0.000000
0.000000 0.000000 0.300234 0.300231 0.300231 0.300232 0.300231 0.300230 0.300231 0.300231 0.300231 0.300231 0.300231 0.300231 0.300231 0.300231 0.300232 0.300232 0.300232 0.000000 0.000000
0.000000 0.000000 0.300012 0.300014 0.300014 0.300012 0.300014 0.300014 0.300014 0.300014 0.300014 0.300014 0.300013 0.300013 0.300013 0.300013 0.300014 0.300015 0.300015 0.000000 0.000000
0.000000 0.000000 0.299855 0.299855 0.299861 0.299869 0.299868 0.299872 0.299865 0.299867 0.299867 0.299867 0.299866 0.299868 0.299863 0.299857 0.299854 0.299855 0.299854 0.000000 0.000000
0.000000 0.000000 0.297491 0.297494 0.297512 0.297537 0.297565 0.297569 0.297572 0.297574 0.297575 0.297572 0.297569 0.297569 0.297546 0.297536 0.297522 0.297518 0.297505 0.000000 0.000000
0.000000 0.000000 0.290723 0.290734 0.290772 0.290822 0.290878 0.290926 0.290925 0.290937 0.290931 0.290933 0.290924 0.290927 0.290899 0.290854 0.290831 0.290817 0.290804 0.000000 0.000000
0.000000 0.000000 0.281345 0.281365 0.281395 0.281456 0.281531 0.281633 0.281626 0.281635 0.281638 0.281639 0.281641 0.281634 0.281555 0.281496 0.281459 0.281437 0.281421 0.000000 0.000000
0.000000 0.000000 0.270230 0.270252 0.270279 0.270350 0.270428 0.270519 0.270515 0.270527 0.270532 0.270539 0.270543 0.270525 0.270451 0.270386 0.270325 0.270318 0.270290 0.000000 0.000000
0.000000 0.000000 0.258157 0.258189 0.258229 0.258280 0.258369 0.258476 0.258465 0.258487 0.258497 0.258503 0.258499 0.258501 0.258397 0.258320 0.258274 0.258261 0.258235 0.000000 0.000000
0.000000 0.000000 0.245040 0.245080 0.245111 0.245165 0.245286 0.245384 0.245379 0.245394 0.245413 0.245405 0.245392 0.245395 0.245312 0.245212 0.245158 0.245145 0.245131 0.000000 0.000000
0.000000 0.000000 0.230391 0.230420 0.230447 0.230576 0.230653 0.230782 0.230749 0.230820 0.230810 0.230820 0.230844 0.230801 0.230712 0.230651 0.230576 0.230551 0.230491 0.000000 0.000000
0.000000 0.000000 0.213623 0.213685 0.213760 0.213823 0.213934 0.214091 0.214088 0.214102 0.214074 0.214136 0.214109 0.214110 0.213952 0.213865 0.213823 0.213807 0.213678 0.000000 0.000000
0.000000 0.000000 0.194986 0.195044 0.195063 0.195203 0.195295 0.195739 0.195737 0.195762 0.195901 0.195824 0.195808 0.195765 0.195430 0.195349 0.195192 0.195188 0.195140 0.000000 0.000000
0.000000 0.000000 0.172241 0.172265 0.172390 0.172478 0.173091 0.172944 0.173063 0.173062 0.172999 0.173068 0.173080 0.173129 0.173268 0.172613 0.172567 0.172421 0.172321 0.000000 0.000000
0.000000 0.000000 0.145298 0.145379 0.145517 0.146324 0.146098 0.146551 0.146689 0.146735 0.146899 0.146979 0.146887 0.146888 0.146470 0.146668 0.145613 0.145848 0.145865 0.000000 0.000000
0.000000 0.000000 0.117622 0.117683 0.118769 0.118285 0.118440 0.118435 0.117969 0.118100 0.117859 0.117915 0.118112 0.117846 0.117943 0.117815 0.118913 0.117303 0.117329 0.000000 0.000000
0.000000 0.000000 0.088109 0.089377 0.088930 0.089505 0.090137 0.090337 0.090767 0.090667 0.091102 0.091053 0.090801 0.091064 0.090721 0.090257 0.089011 0.090010 0.088699 0.000000 0.000000
0.000000 0.000000 0.079633 0.078786 0.077964 0.078014 0.078008 0.078817 0.078690 0.078924 0.078558 0.078638 0.078687 0.078568 0.077902 0.077903 0.077863 0.078547 0.079391 0.000000 0.000000
0.000000 0.000000 0.300000 0.300000 0.300000 0.300000 0.300000 0.300000 0.300000 0.300000 0.300000 0.300000 0.300000 0.300000 0.300000 0.300000 0.300000 0.300000 0.300000 0.000000 0.000000
0.000000 0.000000 0.000000 0.000000 0.000000 0.000000 0.000000 0.000000 0.000000 0.000000 0.000000 0.000000 0.000000 0.000000 0.000000 0.000000 0.000000 0.000000 0.000000 0.000000 0.000000