geotop/1.0zi/1.0Montebello/Templates/testdem/maps/_Eocsilt2717.asc
ncols         21
nrows         20
xllcorner     100.000000
yllcorner     100.000000
cellsize      50.000000
NODATA_value  -9999.0
0.000000 0.000000 0.000000 0.000000 0.000000 0.000000 0.000000 0.000000 0.000000 0.000000 0.000000 0.000000 0.000000 0.000000 0.000000 0.000000 0.000000 0.000000 0.000000 0.000000 0.000000
0.000000 0.000000 0.350066 0.350066 0.350066 0.350066 0.350066 0.350066 0.350066 0.350066 0.350065 0.350066 0.350066 0.350066 0.350066 0.350066 0.350066 0.350066 0.350066 0.000000 0.000000
0.000000 0.000000 0.349999 0.349999 0.349999 0.349999 0.349999 0.349999 0.349999 0.349999 0.349999 0.349999 0.349999 0.349999 0.349999 0.349999 0.349999 0.349999 0.349999 0.000000 0.000000
0.000000 0.000000 0.350906 0.350905 0.350903 0.350904 0.350906 0.350906 0.350906 0.350906 0.350906 0.350906 0.350906 0.350906 0.350906 0.350904 0.350903 0.350905 0.350906 0.000000 0.000000
0.000000 0.000000 0.354477 0.354477 0.354475 0.354475 0.354477 0.354477 0.354477 0.354478 0.354478 0.354478 0.354477 0.354477 0.354477 0.354475 0.354475 0.354477 0.354477 0.000000 0.000000
0.000000 0.000000 0.359100 0.359100 0.359098 0.359098 0.359101 0.359100 0.359100 0.359101 0.359101 0.359101 0.359100 0.359100 0.359101 0.359098 0.359098 0.359100 0.359100 0.000000 0.000000
0.000000 0.000000 0.363334 0.363334 0.363332 0.363333 0.363335 0.363334 0.363334 0.363335 0.363335 0.363335 0.363334 0.363334 0.363335 0.363333 0.363332 0.363334 0.363334 0.000000 0.000000
0.000000 0.000000 0.367190 0.367190 0.367189 0.367189 0.367191 0.367190 0.367190 0.367191 0.367191 0.367191 0.367190 0.367190 0.367191 0.367189 0.367189 0.367190 0.367190 0.000000 0.000000
0.000000 0.000000 0.370774 0.370773 0.370772 0.370772 0.370774 0.370773 0.370773 0.370774 0.370774 0.370774 0.370773 0.370773 0.370774 0.370772 0.370772 0.370773 0.370774 0.000000 0.000000
0.000000 0.000000 0.374167 0.374167 0.374166 0.374166 0.374167 0.374167 0.374167 0.374168 0.374168 0.374168 0.374167 0.374167 0.374167 0.374166 0.374166 0.374167 0.374167 0.000000 0.000000
0.000000 0.000000 0.377413 0.377412 0.377411 0.377412 0.377413 0.377412 0.377412 0.377413 0.377413 0.377413 0.377412 0.377412 0.377413 0.377412 0.377411 0.377412 0.377413 0.000000 0.000000
0.000000 0.000000 0.380541 0.380541 0.380539 0.380540 0.380541 0.380541 0.380541 0.380541 0.380542 0.380541 0.380541 0.380541 0.380541 0.380540 0.380539 0.380541 0.380541 0.000000 0.000000
0.000000 0.000000 0.383575 0.383575 0.383574 0.383574 0.383575 0.383575 0.383575 0.383575 0.383576 0.383575 0.383575 0.383575 0.383575 0.383574 0.383574 0.383575 0.383575 0.000000 0.000000
0.000000 0.000000 0.386531 0.386531 0.386530 0.386531 0.386532 0.386531 0.386531 0.386532 0.386532 0.386532 0.386531 0.386531 0.386532 0.386531 0.386530 0.386531 0.386531 0.000000 0.000000
0.000000 0.000000 0.389418 0.389418 0.389417 0.389417 0.389419 0.389418 0.389418 0.389419 0.389419 0.389419 0.389418 0.389418 0.389419 0.389417 0.389417 0.389418 0.389418 0.000000 0.000000
0.000000 0.000000 0.392242 0.392241 0.392240 0.392241 0.392242 0.392241 0.392241 0.392242 0.392242 0.392242 0.392241 0.392241 0.392242 0.392241 0.392240 0.392241 0.392242 0.000000 0.000000
0.000000 0.000000 0.395005 0.395004 0.395003 0.395004 0.395005 0.395004 0.395004 0.395005 0.395005 0.395005 0.395004 0.395004 0.395005 0.395004 0.395003 0.395004 0.395005 0.000000 0.000000
0.000000 0.000000 0.397748 0.397748 0.397747 0.397748 0.397749 0.397748 0.397748 0.397749 0.397749 0.397749 0.397748 0.397748 0.397749 0.397748 0.397747 0.397748 0.397748 0.000000 0.000000
0.000000 0.000000 0.350000 0.350000 0.350000 0.350000 0.350000 0.350000 0.350000 0.350000 0.350000 0.350000 0.350000 0.350000 0.350000 0.350000 0.350000 0.350000 0.350000 0.000000 0.000000
0.000000 0.000000 0.000000 0.000000 0.000000 0.000000 0.000000 0.000000 0.000000 0.000000 0.000000 0.000000 0.000000 0.000000 0.000000 0.000000 0.000000 0.000000 0.000000 0.000000 0.000000