geotop/1.0zi/1.0Montebello/Templates/testdem/maps/_Eocclay1081.asc
ncols         21
nrows         20
xllcorner     100.000000
yllcorner     100.000000
cellsize      50.000000
NODATA_value  -9999.0
0.000000 0.000000 0.000000 0.000000 0.000000 0.000000 0.000000 0.000000 0.000000 0.000000 0.000000 0.000000 0.000000 0.000000 0.000000 0.000000 0.000000 0.000000 0.000000 0.000000 0.000000
0.000000 0.000000 0.349946 0.349946 0.349946 0.349946 0.349946 0.349946 0.349946 0.349946 0.349946 0.349946 0.349946 0.349946 0.349946 0.349946 0.349946 0.349946 0.349946 0.000000 0.000000
0.000000 0.000000 0.349995 0.349995 0.349994 0.349995 0.349995 0.349995 0.349995 0.349995 0.349995 0.349995 0.349995 0.349995 0.349995 0.349995 0.349994 0.349995 0.349995 0.000000 0.000000
0.000000 0.000000 0.350442 0.350442 0.350440 0.350441 0.350442 0.350442 0.350442 0.350442 0.350442 0.350442 0.350442 0.350442 0.350442 0.350441 0.350440 0.350442 0.350442 0.000000 0.000000
0.000000 0.000000 0.352116 0.352115 0.352113 0.352113 0.352117 0.352116 0.352116 0.352117 0.352116 0.352117 0.352116 0.352116 0.352117 0.352113 0.352113 0.352115 0.352116 0.000000 0.000000
0.000000 0.000000 0.353943 0.353943 0.353941 0.353941 0.353944 0.353943 0.353943 0.353944 0.353944 0.353944 0.353943 0.353943 0.353944 0.353941 0.353941 0.353943 0.353943 0.000000 0.000000
0.000000 0.000000 0.355679 0.355678 0.355677 0.355677 0.355679 0.355679 0.355679 0.355679 0.355679 0.355679 0.355679 0.355679 0.355679 0.355677 0.355677 0.355678 0.355679 0.000000 0.000000
0.000000 0.000000 0.357279 0.357279 0.357277 0.357278 0.357279 0.357279 0.357279 0.357279 0.357279 0.357279 0.357279 0.357279 0.357279 0.357278 0.357277 0.357279 0.357279 0.000000 0.000000
0.000000 0.000000 0.358780 0.358779 0.358778 0.358778 0.358780 0.358779 0.358779 0.358780 0.358780 0.358780 0.358779 0.358779 0.358780 0.358778 0.358778 0.358779 0.358780 0.000000 0.000000
0.000000 0.000000 0.360219 0.360219 0.360217 0.360218 0.360219 0.360219 0.360219 0.360219 0.360219 0.360219 0.360219 0.360219 0.360219 0.360218 0.360217 0.360219 0.360219 0.000000 0.000000
0.000000 0.000000 0.361611 0.361611 0.361609 0.361610 0.361611 0.361611 0.361611 0.361611 0.361611 0.361611 0.361611 0.361611 0.361611 0.361610 0.361609 0.361611 0.361611 0.000000 0.000000
0.000000 0.000000 0.362971 0.362971 0.362970 0.362970 0.362972 0.362971 0.362971 0.362972 0.362972 0.362972 0.362971 0.362971 0.362972 0.362970 0.362970 0.362971 0.362971 0.000000 0.000000
0.000000 0.000000 0.364309 0.364309 0.364308 0.364308 0.364310 0.364309 0.364309 0.364310 0.364310 0.364310 0.364309 0.364309 0.364310 0.364308 0.364308 0.364309 0.364309 0.000000 0.000000
0.000000 0.000000 0.365624 0.365624 0.365622 0.365623 0.365624 0.365624 0.365624 0.365624 0.365624 0.365624 0.365624 0.365624 0.365624 0.365623 0.365622 0.365624 0.365624 0.000000 0.000000
0.000000 0.000000 0.366926 0.366925 0.366924 0.366924 0.366926 0.366925 0.366925 0.366926 0.366926 0.366926 0.366925 0.366925 0.366926 0.366924 0.366924 0.366925 0.366926 0.000000 0.000000
0.000000 0.000000 0.368219 0.368219 0.368217 0.368218 0.368219 0.368219 0.368219 0.368219 0.368219 0.368219 0.368219 0.368219 0.368219 0.368218 0.368217 0.368219 0.368219 0.000000 0.000000
0.000000 0.000000 0.369499 0.369498 0.369497 0.369497 0.369499 0.369499 0.369499 0.369499 0.369499 0.369499 0.369499 0.369499 0.369499 0.369497 0.369497 0.369498 0.369499 0.000000 0.000000
0.000000 0.000000 0.370806 0.370806 0.370804 0.370805 0.370806 0.370806 0.370806 0.370806 0.370806 0.370806 0.370806 0.370806 0.370806 0.370805 0.370804 0.370806 0.370806 0.000000 0.000000
0.000000 0.000000 0.350000 0.350000 0.350000 0.350000 0.350000 0.350000 0.350000 0.350000 0.350000 0.350000 0.350000 0.350000 0.350000 0.350000 0.350000 0.350000 0.350000 0.000000 0.000000
0.000000 0.000000 0.000000 0.000000 0.000000 0.000000 0.000000 0.000000 0.000000 0.000000 0.000000 0.000000 0.000000 0.000000 0.000000 0.000000 0.000000 0.000000 0.000000 0.000000 0.000000