geotop/1.0zi/1.0Montebello/Templates/testdem/maps/_Eocsand9467.asc
ncols         21
nrows         20
xllcorner     100.000000
yllcorner     100.000000
cellsize      50.000000
NODATA_value  -9999.0
0.000000 0.000000 0.000000 0.000000 0.000000 0.000000 0.000000 0.000000 0.000000 0.000000 0.000000 0.000000 0.000000 0.000000 0.000000 0.000000 0.000000 0.000000 0.000000 0.000000 0.000000
0.000000 0.000000 0.300238 0.300235 0.300235 0.300236 0.300235 0.300235 0.300235 0.300236 0.300236 0.300236 0.300236 0.300236 0.300235 0.300235 0.300237 0.300236 0.300236 0.000000 0.000000
0.000000 0.000000 0.300011 0.300013 0.300013 0.300011 0.300012 0.300013 0.300012 0.300012 0.300012 0.300013 0.300012 0.300012 0.300012 0.300012 0.300013 0.300013 0.300014 0.000000 0.000000
0.000000 0.000000 0.299814 0.299812 0.299820 0.299828 0.299827 0.299833 0.299825 0.299827 0.299827 0.299825 0.299824 0.299826 0.299820 0.299814 0.299812 0.299810 0.299810 0.000000 0.000000
0.000000 0.000000 0.297169 0.297170 0.297189 0.297216 0.297245 0.297252 0.297253 0.297254 0.297254 0.297248 0.297244 0.297243 0.297220 0.297208 0.297193 0.297184 0.297171 0.000000 0.000000
0.000000 0.000000 0.289936 0.289946 0.289984 0.290037 0.290098 0.290150 0.290148 0.290159 0.290154 0.290152 0.290142 0.290145 0.290115 0.290065 0.290039 0.290018 0.290004 0.000000 0.000000
0.000000 0.000000 0.279986 0.280005 0.280036 0.280101 0.280180 0.280290 0.280281 0.280289 0.280292 0.280290 0.280290 0.280283 0.280201 0.280136 0.280096 0.280067 0.280051 0.000000 0.000000
0.000000 0.000000 0.268183 0.268204 0.268233 0.268309 0.268392 0.268490 0.268484 0.268495 0.268500 0.268504 0.268507 0.268488 0.268410 0.268339 0.268275 0.268261 0.268231 0.000000 0.000000
0.000000 0.000000 0.255277 0.255307 0.255349 0.255404 0.255501 0.255617 0.255602 0.255624 0.255634 0.255637 0.255631 0.255634 0.255524 0.255440 0.255390 0.255369 0.255342 0.000000 0.000000
0.000000 0.000000 0.241127 0.241166 0.241199 0.241259 0.241389 0.241497 0.241490 0.241504 0.241523 0.241511 0.241495 0.241498 0.241410 0.241301 0.241242 0.241220 0.241205 0.000000 0.000000
0.000000 0.000000 0.225161 0.225188 0.225218 0.225360 0.225443 0.225586 0.225547 0.225623 0.225610 0.225619 0.225643 0.225595 0.225499 0.225432 0.225349 0.225313 0.225246 0.000000 0.000000
0.000000 0.000000 0.206685 0.206749 0.206834 0.206900 0.207024 0.207200 0.207196 0.207204 0.207173 0.207238 0.207203 0.207206 0.207033 0.206932 0.206886 0.206858 0.206717 0.000000 0.000000
0.000000 0.000000 0.185977 0.186033 0.186050 0.186210 0.186313 0.186822 0.186817 0.186842 0.187004 0.186904 0.186886 0.186835 0.186457 0.186364 0.186181 0.186167 0.186122 0.000000 0.000000
0.000000 0.000000 0.160468 0.160485 0.160633 0.160725 0.161443 0.161235 0.161369 0.161363 0.161272 0.161356 0.161368 0.161429 0.161622 0.160851 0.160810 0.160626 0.160512 0.000000 0.000000
0.000000 0.000000 0.130788 0.130874 0.131018 0.131943 0.131620 0.132175 0.132312 0.132363 0.132559 0.132634 0.132524 0.132516 0.132009 0.132306 0.131091 0.131363 0.131393 0.000000 0.000000
0.000000 0.000000 0.102344 0.102396 0.103519 0.102955 0.103151 0.103117 0.102616 0.102746 0.102479 0.102524 0.102733 0.102458 0.102590 0.102422 0.103649 0.101937 0.101961 0.000000 0.000000
0.000000 0.000000 0.075473 0.076508 0.076159 0.076634 0.077163 0.077338 0.077689 0.077606 0.077964 0.077921 0.077711 0.077927 0.077634 0.077240 0.076218 0.077010 0.075930 0.000000 0.000000
0.000000 0.000000 0.066186 0.065802 0.065177 0.065307 0.065408 0.066009 0.065981 0.066128 0.065935 0.065981 0.065977 0.065931 0.065413 0.065335 0.065114 0.065719 0.066093 0.000000 0.000000
0.000000 0.000000 0.300000 0.300000 0.300000 0.300000 0.300000 0.300000 0.300000 0.300000 0.300000 0.300000 0.300000 0.300000 0.300000 0.300000 0.300000 0.300000 0.300000 0.000000 0.000000
0.000000 0.000000 0.000000 0.000000 0.000000 0.000000 0.000000 0.000000 0.000000 0.000000 0.000000 0.000000 0.000000 0.000000 0.000000 0.000000 0.000000 0.000000 0.000000 0.000000 0.000000