geotop/1.0zi/1.0Montebello/Templates/testdem/maps/_Eocsilt7671.asc
ncols         21
nrows         20
xllcorner     100.000000
yllcorner     100.000000
cellsize      50.000000
NODATA_value  -9999.0
0.000000 0.000000 0.000000 0.000000 0.000000 0.000000 0.000000 0.000000 0.000000 0.000000 0.000000 0.000000 0.000000 0.000000 0.000000 0.000000 0.000000 0.000000 0.000000 0.000000 0.000000
0.000000 0.000000 0.350157 0.350158 0.350158 0.350158 0.350158 0.350158 0.350158 0.350158 0.350158 0.350158 0.350158 0.350158 0.350157 0.350158 0.350158 0.350158 0.350158 0.000000 0.000000
0.000000 0.000000 0.350005 0.350005 0.350004 0.350004 0.350005 0.350005 0.350005 0.350005 0.350005 0.350005 0.350006 0.350006 0.350005 0.350004 0.350003 0.350003 0.350004 0.000000 0.000000
0.000000 0.000000 0.350103 0.350099 0.350098 0.350091 0.350092 0.350087 0.350090 0.350090 0.350087 0.350089 0.350089 0.350089 0.350092 0.350095 0.350098 0.350098 0.350099 0.000000 0.000000
0.000000 0.000000 0.350968 0.350974 0.350970 0.350960 0.350954 0.350947 0.350943 0.350942 0.350942 0.350942 0.350943 0.350945 0.350958 0.350963 0.350965 0.350975 0.350978 0.000000 0.000000
0.000000 0.000000 0.353408 0.353409 0.353400 0.353384 0.353366 0.353345 0.353344 0.353338 0.353342 0.353342 0.353344 0.353343 0.353355 0.353366 0.353378 0.353386 0.353391 0.000000 0.000000
0.000000 0.000000 0.356934 0.356930 0.356920 0.356895 0.356864 0.356832 0.356833 0.356829 0.356830 0.356828 0.356825 0.356831 0.356859 0.356884 0.356901 0.356916 0.356923 0.000000 0.000000
0.000000 0.000000 0.361127 0.361125 0.361120 0.361094 0.361065 0.361029 0.361029 0.361024 0.361023 0.361020 0.361019 0.361025 0.361057 0.361083 0.361108 0.361114 0.361126 0.000000 0.000000
0.000000 0.000000 0.365613 0.365604 0.365591 0.365573 0.365543 0.365502 0.365504 0.365494 0.365492 0.365490 0.365492 0.365491 0.365531 0.365563 0.365583 0.365594 0.365604 0.000000 0.000000
0.000000 0.000000 0.370291 0.370282 0.370275 0.370259 0.370215 0.370179 0.370180 0.370175 0.370169 0.370172 0.370177 0.370175 0.370208 0.370245 0.370267 0.370275 0.370282 0.000000 0.000000
0.000000 0.000000 0.375290 0.375285 0.375277 0.375241 0.375210 0.375169 0.375178 0.375155 0.375158 0.375157 0.375149 0.375164 0.375194 0.375217 0.375245 0.375261 0.375279 0.000000 0.000000
0.000000 0.000000 0.380775 0.380760 0.380744 0.380720 0.380687 0.380635 0.380633 0.380625 0.380637 0.380620 0.380625 0.380629 0.380682 0.380709 0.380728 0.380740 0.380787 0.000000 0.000000
0.000000 0.000000 0.386629 0.386615 0.386608 0.386576 0.386547 0.386419 0.386417 0.386409 0.386376 0.386392 0.386400 0.386412 0.386511 0.386538 0.386587 0.386593 0.386619 0.000000 0.000000
0.000000 0.000000 0.393366 0.393360 0.393335 0.393312 0.393160 0.393160 0.393128 0.393127 0.393132 0.393125 0.393122 0.393116 0.393111 0.393270 0.393300 0.393343 0.393375 0.000000 0.000000
0.000000 0.000000 0.401186 0.401173 0.401140 0.400955 0.400953 0.400861 0.400814 0.400804 0.400773 0.400749 0.400770 0.400765 0.400854 0.400869 0.401117 0.401085 0.401095 0.000000 0.000000
0.000000 0.000000 0.409750 0.409737 0.409472 0.409517 0.409501 0.409464 0.409554 0.409520 0.409566 0.409544 0.409504 0.409570 0.409588 0.409602 0.409449 0.409819 0.409815 0.000000 0.000000
0.000000 0.000000 0.420318 0.419902 0.419939 0.419797 0.419588 0.419526 0.419432 0.419452 0.419337 0.419344 0.419406 0.419351 0.419454 0.419608 0.419924 0.419772 0.420200 0.000000 0.000000
0.000000 0.000000 0.425290 0.425618 0.425996 0.425975 0.425959 0.425603 0.425642 0.425544 0.425687 0.425655 0.425643 0.425688 0.425995 0.426005 0.426065 0.425745 0.425427 0.000000 0.000000
0.000000 0.000000 0.350000 0.350000 0.350000 0.350000 0.350000 0.350000 0.350000 0.350000 0.350000 0.350000 0.350000 0.350000 0.350000 0.350000 0.350000 0.350000 0.350000 0.000000 0.000000
0.000000 0.000000 0.000000 0.000000 0.000000 0.000000 0.000000 0.000000 0.000000 0.000000 0.000000 0.000000 0.000000 0.000000 0.000000 0.000000 0.000000 0.000000 0.000000 0.000000 0.000000