geotop/1.0zi/1.0Montebello/Templates/testdem/maps/_Eocsilt3257.asc
ncols         21
nrows         20
xllcorner     100.000000
yllcorner     100.000000
cellsize      50.000000
NODATA_value  -9999.0
0.000000 0.000000 0.000000 0.000000 0.000000 0.000000 0.000000 0.000000 0.000000 0.000000 0.000000 0.000000 0.000000 0.000000 0.000000 0.000000 0.000000 0.000000 0.000000 0.000000 0.000000
0.000000 0.000000 0.350089 0.350089 0.350089 0.350089 0.350089 0.350089 0.350089 0.350089 0.350088 0.350089 0.350089 0.350089 0.350089 0.350089 0.350089 0.350089 0.350089 0.000000 0.000000
0.000000 0.000000 0.349994 0.349994 0.349994 0.349994 0.349994 0.349994 0.349994 0.349994 0.349995 0.349994 0.349994 0.349994 0.349994 0.349994 0.349994 0.349994 0.349994 0.000000 0.000000
0.000000 0.000000 0.351307 0.351306 0.351304 0.351305 0.351307 0.351307 0.351307 0.351307 0.351307 0.351307 0.351307 0.351307 0.351307 0.351305 0.351304 0.351306 0.351307 0.000000 0.000000
0.000000 0.000000 0.355926 0.355925 0.355923 0.355923 0.355926 0.355925 0.355925 0.355926 0.355927 0.355926 0.355925 0.355925 0.355926 0.355923 0.355923 0.355925 0.355926 0.000000 0.000000
0.000000 0.000000 0.361564 0.361563 0.361562 0.361562 0.361564 0.361563 0.361563 0.361564 0.361565 0.361564 0.361563 0.361563 0.361564 0.361562 0.361562 0.361563 0.361564 0.000000 0.000000
0.000000 0.000000 0.366677 0.366677 0.366675 0.366676 0.366678 0.366677 0.366677 0.366678 0.366678 0.366678 0.366677 0.366677 0.366678 0.366676 0.366675 0.366677 0.366677 0.000000 0.000000
0.000000 0.000000 0.371302 0.371302 0.371301 0.371301 0.371302 0.371302 0.371302 0.371303 0.371303 0.371303 0.371302 0.371302 0.371302 0.371301 0.371301 0.371302 0.371302 0.000000 0.000000
0.000000 0.000000 0.375574 0.375574 0.375572 0.375573 0.375574 0.375574 0.375574 0.375574 0.375575 0.375574 0.375574 0.375574 0.375574 0.375573 0.375572 0.375574 0.375574 0.000000 0.000000
0.000000 0.000000 0.379594 0.379594 0.379592 0.379593 0.379594 0.379594 0.379594 0.379594 0.379595 0.379594 0.379594 0.379594 0.379594 0.379593 0.379592 0.379594 0.379594 0.000000 0.000000
0.000000 0.000000 0.383413 0.383412 0.383411 0.383411 0.383413 0.383412 0.383412 0.383413 0.383413 0.383413 0.383412 0.383412 0.383413 0.383411 0.383411 0.383412 0.383413 0.000000 0.000000
0.000000 0.000000 0.387066 0.387066 0.387064 0.387065 0.387066 0.387066 0.387066 0.387066 0.387067 0.387066 0.387066 0.387066 0.387066 0.387065 0.387064 0.387066 0.387066 0.000000 0.000000
0.000000 0.000000 0.390581 0.390580 0.390579 0.390580 0.390581 0.390580 0.390580 0.390581 0.390581 0.390581 0.390580 0.390580 0.390581 0.390580 0.390579 0.390580 0.390581 0.000000 0.000000
0.000000 0.000000 0.393987 0.393986 0.393985 0.393986 0.393987 0.393986 0.393986 0.393987 0.393987 0.393987 0.393986 0.393986 0.393987 0.393986 0.393985 0.393986 0.393987 0.000000 0.000000
0.000000 0.000000 0.397291 0.397291 0.397290 0.397290 0.397291 0.397291 0.397291 0.397291 0.397292 0.397291 0.397291 0.397291 0.397291 0.397290 0.397290 0.397291 0.397291 0.000000 0.000000
0.000000 0.000000 0.400500 0.400500 0.400499 0.400499 0.400500 0.400500 0.400500 0.400501 0.400501 0.400501 0.400500 0.400500 0.400500 0.400499 0.400499 0.400500 0.400500 0.000000 0.000000
0.000000 0.000000 0.403624 0.403624 0.403623 0.403623 0.403624 0.403624 0.403624 0.403625 0.403625 0.403625 0.403624 0.403624 0.403624 0.403623 0.403623 0.403624 0.403624 0.000000 0.000000
0.000000 0.000000 0.406722 0.406722 0.406721 0.406721 0.406722 0.406722 0.406722 0.406722 0.406723 0.406722 0.406722 0.406722 0.406722 0.406721 0.406721 0.406722 0.406722 0.000000 0.000000
0.000000 0.000000 0.350000 0.350000 0.350000 0.350000 0.350000 0.350000 0.350000 0.350000 0.350000 0.350000 0.350000 0.350000 0.350000 0.350000 0.350000 0.350000 0.350000 0.000000 0.000000
0.000000 0.000000 0.000000 0.000000 0.000000 0.000000 0.000000 0.000000 0.000000 0.000000 0.000000 0.000000 0.000000 0.000000 0.000000 0.000000 0.000000 0.000000 0.000000 0.000000 0.000000