geotop/1.0zi/1.0Montebello/Templates/testdem/maps/_Eocsilt9772.asc
ncols         21
nrows         20
xllcorner     100.000000
yllcorner     100.000000
cellsize      50.000000
NODATA_value  -9999.0
0.000000 0.000000 0.000000 0.000000 0.000000 0.000000 0.000000 0.000000 0.000000 0.000000 0.000000 0.000000 0.000000 0.000000 0.000000 0.000000 0.000000 0.000000 0.000000 0.000000 0.000000
0.000000 0.000000 0.350207 0.350207 0.350207 0.350207 0.350206 0.350207 0.350207 0.350207 0.350207 0.350206 0.350206 0.350206 0.350207 0.350207 0.350208 0.350208 0.350207 0.000000 0.000000
0.000000 0.000000 0.350008 0.350008 0.350008 0.350007 0.350009 0.350008 0.350008 0.350008 0.350009 0.350008 0.350009 0.350009 0.350008 0.350007 0.350006 0.350006 0.350007 0.000000 0.000000
0.000000 0.000000 0.350150 0.350147 0.350141 0.350137 0.350137 0.350131 0.350135 0.350136 0.350133 0.350136 0.350137 0.350137 0.350139 0.350142 0.350147 0.350149 0.350150 0.000000 0.000000
0.000000 0.000000 0.351497 0.351503 0.351493 0.351473 0.351463 0.351456 0.351460 0.351457 0.351456 0.351459 0.351464 0.351462 0.351476 0.351485 0.351489 0.351495 0.351498 0.000000 0.000000
0.000000 0.000000 0.355165 0.355159 0.355144 0.355118 0.355086 0.355059 0.355057 0.355051 0.355052 0.355054 0.355058 0.355055 0.355073 0.355097 0.355109 0.355117 0.355124 0.000000 0.000000
0.000000 0.000000 0.360325 0.360314 0.360298 0.360260 0.360218 0.360166 0.360168 0.360163 0.360159 0.360158 0.360156 0.360160 0.360204 0.360236 0.360257 0.360273 0.360280 0.000000 0.000000
0.000000 0.000000 0.366445 0.366431 0.366417 0.366374 0.366329 0.366280 0.366281 0.366274 0.366269 0.366266 0.366264 0.366272 0.366313 0.366352 0.366385 0.366390 0.366405 0.000000 0.000000
0.000000 0.000000 0.373190 0.373171 0.373147 0.373112 0.373061 0.373001 0.373006 0.372994 0.372986 0.372984 0.372988 0.372984 0.373044 0.373089 0.373115 0.373126 0.373139 0.000000 0.000000
0.000000 0.000000 0.380617 0.380591 0.380572 0.380536 0.380480 0.380417 0.380419 0.380410 0.380397 0.380402 0.380410 0.380406 0.380454 0.380512 0.380542 0.380553 0.380559 0.000000 0.000000
0.000000 0.000000 0.389033 0.389011 0.388993 0.388912 0.388886 0.388803 0.388820 0.388779 0.388782 0.388776 0.388763 0.388785 0.388839 0.388875 0.388917 0.388931 0.388968 0.000000 0.000000
0.000000 0.000000 0.398844 0.398799 0.398750 0.398712 0.398668 0.398563 0.398561 0.398555 0.398567 0.398531 0.398549 0.398543 0.398639 0.398694 0.398716 0.398730 0.398803 0.000000 0.000000
0.000000 0.000000 0.409872 0.409831 0.409819 0.409742 0.409689 0.409414 0.409409 0.409391 0.409294 0.409353 0.409359 0.409382 0.409588 0.409635 0.409736 0.409741 0.409759 0.000000 0.000000
0.000000 0.000000 0.423454 0.423434 0.423347 0.423293 0.422913 0.423044 0.422963 0.422962 0.423011 0.422959 0.422950 0.422910 0.422790 0.423209 0.423225 0.423322 0.423381 0.000000 0.000000
0.000000 0.000000 0.438715 0.438671 0.438595 0.438114 0.438313 0.438013 0.437947 0.437914 0.437805 0.437768 0.437823 0.437826 0.438091 0.437900 0.438527 0.438380 0.438358 0.000000 0.000000
0.000000 0.000000 0.452062 0.452036 0.451540 0.451792 0.451702 0.451720 0.451936 0.451877 0.451992 0.451972 0.451879 0.451996 0.451931 0.452014 0.451463 0.452218 0.452207 0.000000 0.000000
0.000000 0.000000 0.462891 0.462574 0.462624 0.462507 0.462334 0.462281 0.462197 0.462215 0.462117 0.462128 0.462182 0.462129 0.462214 0.462344 0.462594 0.462439 0.462768 0.000000 0.000000
0.000000 0.000000 0.468191 0.468094 0.468267 0.468166 0.468059 0.467914 0.467869 0.467851 0.467835 0.467832 0.467864 0.467841 0.467987 0.468067 0.468264 0.468029 0.468131 0.000000 0.000000
0.000000 0.000000 0.350000 0.350000 0.350000 0.350000 0.350000 0.350000 0.350000 0.350000 0.350000 0.350000 0.350000 0.350000 0.350000 0.350000 0.350000 0.350000 0.350000 0.000000 0.000000
0.000000 0.000000 0.000000 0.000000 0.000000 0.000000 0.000000 0.000000 0.000000 0.000000 0.000000 0.000000 0.000000 0.000000 0.000000 0.000000 0.000000 0.000000 0.000000 0.000000 0.000000