geotop/1.0zi/1.0Montebello/Templates/testdem/maps/_Eocsand6780.asc
ncols         21
nrows         20
xllcorner     100.000000
yllcorner     100.000000
cellsize      50.000000
NODATA_value  -9999.0
0.000000 0.000000 0.000000 0.000000 0.000000 0.000000 0.000000 0.000000 0.000000 0.000000 0.000000 0.000000 0.000000 0.000000 0.000000 0.000000 0.000000 0.000000 0.000000 0.000000 0.000000
0.000000 0.000000 0.300167 0.300165 0.300165 0.300165 0.300164 0.300164 0.300165 0.300165 0.300166 0.300165 0.300165 0.300165 0.300165 0.300165 0.300166 0.300166 0.300166 0.000000 0.000000
0.000000 0.000000 0.300009 0.300010 0.300009 0.300009 0.300010 0.300010 0.300009 0.300009 0.300010 0.300010 0.300009 0.300010 0.300009 0.300010 0.300010 0.300010 0.300011 0.000000 0.000000
0.000000 0.000000 0.299963 0.299962 0.299966 0.299971 0.299969 0.299971 0.299967 0.299970 0.299967 0.299970 0.299969 0.299970 0.299969 0.299964 0.299963 0.299960 0.299960 0.000000 0.000000
0.000000 0.000000 0.298653 0.298649 0.298655 0.298666 0.298682 0.298691 0.298693 0.298693 0.298695 0.298692 0.298695 0.298692 0.298674 0.298670 0.298667 0.298658 0.298647 0.000000 0.000000
0.000000 0.000000 0.294757 0.294756 0.294774 0.294811 0.294834 0.294873 0.294872 0.294883 0.294875 0.294873 0.294870 0.294872 0.294857 0.294831 0.294811 0.294794 0.294782 0.000000 0.000000
0.000000 0.000000 0.288986 0.288991 0.289007 0.289048 0.289098 0.289155 0.289155 0.289163 0.289159 0.289159 0.289162 0.289158 0.289112 0.289064 0.289039 0.289017 0.289001 0.000000 0.000000
0.000000 0.000000 0.282036 0.282038 0.282048 0.282094 0.282143 0.282205 0.282205 0.282212 0.282213 0.282215 0.282219 0.282209 0.282157 0.282112 0.282072 0.282062 0.282038 0.000000 0.000000
0.000000 0.000000 0.274765 0.274776 0.274799 0.274827 0.274877 0.274944 0.274940 0.274955 0.274959 0.274959 0.274959 0.274961 0.274898 0.274842 0.274811 0.274798 0.274778 0.000000 0.000000
0.000000 0.000000 0.267308 0.267321 0.267332 0.267357 0.267428 0.267488 0.267485 0.267494 0.267503 0.267496 0.267487 0.267494 0.267440 0.267378 0.267343 0.267334 0.267319 0.000000 0.000000
0.000000 0.000000 0.259476 0.259485 0.259496 0.259551 0.259598 0.259666 0.259651 0.259688 0.259684 0.259682 0.259694 0.259672 0.259629 0.259589 0.259546 0.259524 0.259491 0.000000 0.000000
0.000000 0.000000 0.251095 0.251116 0.251140 0.251179 0.251227 0.251309 0.251309 0.251326 0.251305 0.251329 0.251325 0.251318 0.251239 0.251198 0.251167 0.251153 0.251073 0.000000 0.000000
0.000000 0.000000 0.242326 0.242348 0.242361 0.242405 0.242448 0.242633 0.242635 0.242650 0.242691 0.242670 0.242657 0.242642 0.242502 0.242459 0.242391 0.242385 0.242332 0.000000 0.000000
0.000000 0.000000 0.232556 0.232567 0.232600 0.232634 0.232832 0.232861 0.232904 0.232906 0.232909 0.232910 0.232912 0.232919 0.232910 0.232700 0.232649 0.232597 0.232539 0.000000 0.000000
0.000000 0.000000 0.221530 0.221546 0.221593 0.221818 0.221859 0.221970 0.222041 0.222053 0.222090 0.222118 0.222093 0.222105 0.222006 0.221939 0.221633 0.221665 0.221636 0.000000 0.000000
0.000000 0.000000 0.209624 0.209642 0.209951 0.209961 0.209975 0.210037 0.209953 0.209994 0.209952 0.209985 0.210024 0.209954 0.209919 0.209896 0.209985 0.209583 0.209579 0.000000 0.000000
0.000000 0.000000 0.195431 0.195882 0.195949 0.196082 0.196304 0.196385 0.196450 0.196443 0.196550 0.196551 0.196499 0.196537 0.196424 0.196254 0.195973 0.195997 0.195535 0.000000 0.000000
0.000000 0.000000 0.186394 0.186219 0.185794 0.185873 0.185967 0.186373 0.186365 0.186464 0.186357 0.186387 0.186376 0.186350 0.185985 0.185909 0.185722 0.186136 0.186287 0.000000 0.000000
0.000000 0.000000 0.300000 0.300000 0.300000 0.300000 0.300000 0.300000 0.300000 0.300000 0.300000 0.300000 0.300000 0.300000 0.300000 0.300000 0.300000 0.300000 0.300000 0.000000 0.000000
0.000000 0.000000 0.000000 0.000000 0.000000 0.000000 0.000000 0.000000 0.000000 0.000000 0.000000 0.000000 0.000000 0.000000 0.000000 0.000000 0.000000 0.000000 0.000000 0.000000 0.000000