geotop/1.0zi/1.0Montebello/Templates/testdem/maps/_Eocclay4916.asc
ncols         21
nrows         20
xllcorner     100.000000
yllcorner     100.000000
cellsize      50.000000
NODATA_value  -9999.0
0.000000 0.000000 0.000000 0.000000 0.000000 0.000000 0.000000 0.000000 0.000000 0.000000 0.000000 0.000000 0.000000 0.000000 0.000000 0.000000 0.000000 0.000000 0.000000 0.000000 0.000000
0.000000 0.000000 0.349779 0.349780 0.349780 0.349780 0.349781 0.349780 0.349780 0.349780 0.349780 0.349780 0.349780 0.349780 0.349780 0.349780 0.349780 0.349780 0.349780 0.000000 0.000000
0.000000 0.000000 0.349992 0.349992 0.349992 0.349992 0.349991 0.349992 0.349992 0.349992 0.349991 0.349991 0.349992 0.349992 0.349992 0.349992 0.349992 0.349992 0.349992 0.000000 0.000000
0.000000 0.000000 0.349987 0.349989 0.349987 0.349988 0.349990 0.349990 0.349990 0.349988 0.349989 0.349988 0.349988 0.349987 0.349990 0.349991 0.349989 0.349990 0.349989 0.000000 0.000000
0.000000 0.000000 0.350383 0.350381 0.350381 0.350376 0.350367 0.350365 0.350366 0.350367 0.350365 0.350367 0.350363 0.350365 0.350369 0.350368 0.350372 0.350374 0.350377 0.000000 0.000000
0.000000 0.000000 0.351758 0.351760 0.351755 0.351739 0.351734 0.351721 0.351720 0.351716 0.351720 0.351719 0.351722 0.351724 0.351725 0.351735 0.351740 0.351749 0.351753 0.000000 0.000000
0.000000 0.000000 0.353760 0.353757 0.353753 0.353739 0.353723 0.353701 0.353701 0.353697 0.353699 0.353699 0.353701 0.353702 0.353717 0.353736 0.353744 0.353752 0.353758 0.000000 0.000000
0.000000 0.000000 0.356115 0.356113 0.356111 0.356094 0.356076 0.356054 0.356055 0.356052 0.356053 0.356052 0.356051 0.356053 0.356073 0.356090 0.356099 0.356104 0.356111 0.000000 0.000000
0.000000 0.000000 0.358483 0.358480 0.358475 0.358463 0.358446 0.358424 0.358426 0.358422 0.358422 0.358423 0.358421 0.358423 0.358441 0.358461 0.358468 0.358473 0.358480 0.000000 0.000000
0.000000 0.000000 0.360871 0.360866 0.360863 0.360850 0.360830 0.360809 0.360812 0.360809 0.360809 0.360809 0.360807 0.360807 0.360828 0.360848 0.360856 0.360861 0.360868 0.000000 0.000000
0.000000 0.000000 0.363316 0.363311 0.363308 0.363298 0.363282 0.363257 0.363259 0.363254 0.363254 0.363255 0.363253 0.363254 0.363272 0.363287 0.363297 0.363303 0.363311 0.000000 0.000000
0.000000 0.000000 0.365855 0.365852 0.365845 0.365830 0.365814 0.365790 0.365789 0.365787 0.365786 0.365785 0.365784 0.365784 0.365807 0.365825 0.365835 0.365839 0.365865 0.000000 0.000000
0.000000 0.000000 0.368443 0.368438 0.368432 0.368421 0.368401 0.368349 0.368349 0.368345 0.368344 0.368345 0.368342 0.368344 0.368390 0.368411 0.368421 0.368426 0.368441 0.000000 0.000000
0.000000 0.000000 0.371204 0.371195 0.371191 0.371179 0.371123 0.371109 0.371102 0.371098 0.371099 0.371098 0.371096 0.371097 0.371112 0.371165 0.371176 0.371187 0.371196 0.000000 0.000000
0.000000 0.000000 0.374202 0.374195 0.374180 0.374130 0.374105 0.374071 0.374054 0.374050 0.374041 0.374041 0.374044 0.374040 0.374066 0.374102 0.374162 0.374160 0.374168 0.000000 0.000000
0.000000 0.000000 0.377314 0.377306 0.377245 0.377236 0.377219 0.377203 0.377203 0.377202 0.377205 0.377204 0.377196 0.377208 0.377217 0.377231 0.377228 0.377297 0.377312 0.000000 0.000000
0.000000 0.000000 0.380812 0.380729 0.380682 0.380658 0.380614 0.380591 0.380586 0.380584 0.380574 0.380574 0.380576 0.380570 0.380588 0.380637 0.380669 0.380698 0.380780 0.000000 0.000000
0.000000 0.000000 0.383486 0.383474 0.383530 0.383499 0.383464 0.383382 0.383375 0.383368 0.383372 0.383371 0.383366 0.383374 0.383449 0.383486 0.383530 0.383460 0.383486 0.000000 0.000000
0.000000 0.000000 0.350000 0.350000 0.350000 0.350000 0.350000 0.350000 0.350000 0.350000 0.350000 0.350000 0.350000 0.350000 0.350000 0.350000 0.350000 0.350000 0.350000 0.000000 0.000000
0.000000 0.000000 0.000000 0.000000 0.000000 0.000000 0.000000 0.000000 0.000000 0.000000 0.000000 0.000000 0.000000 0.000000 0.000000 0.000000 0.000000 0.000000 0.000000 0.000000 0.000000