geotop/1.0zi/1.0Montebello/Templates/testdem/maps/_Eocsand9378.asc
ncols         21
nrows         20
xllcorner     100.000000
yllcorner     100.000000
cellsize      50.000000
NODATA_value  -9999.0
0.000000 0.000000 0.000000 0.000000 0.000000 0.000000 0.000000 0.000000 0.000000 0.000000 0.000000 0.000000 0.000000 0.000000 0.000000 0.000000 0.000000 0.000000 0.000000 0.000000 0.000000
0.000000 0.000000 0.300240 0.300238 0.300238 0.300238 0.300237 0.300237 0.300237 0.300237 0.300238 0.300237 0.300237 0.300238 0.300237 0.300237 0.300239 0.300238 0.300238 0.000000 0.000000
0.000000 0.000000 0.300012 0.300013 0.300013 0.300011 0.300013 0.300013 0.300013 0.300013 0.300013 0.300013 0.300012 0.300012 0.300012 0.300012 0.300013 0.300014 0.300014 0.000000 0.000000
0.000000 0.000000 0.299851 0.299850 0.299857 0.299865 0.299863 0.299867 0.299861 0.299863 0.299863 0.299861 0.299860 0.299862 0.299857 0.299851 0.299848 0.299847 0.299847 0.000000 0.000000
0.000000 0.000000 0.297390 0.297391 0.297409 0.297436 0.297464 0.297469 0.297471 0.297472 0.297473 0.297466 0.297462 0.297461 0.297439 0.297428 0.297413 0.297404 0.297391 0.000000 0.000000
0.000000 0.000000 0.290365 0.290375 0.290413 0.290465 0.290525 0.290576 0.290574 0.290586 0.290580 0.290579 0.290568 0.290571 0.290542 0.290493 0.290467 0.290447 0.290433 0.000000 0.000000
0.000000 0.000000 0.280658 0.280677 0.280708 0.280772 0.280850 0.280956 0.280948 0.280957 0.280959 0.280957 0.280958 0.280951 0.280870 0.280807 0.280767 0.280739 0.280723 0.000000 0.000000
0.000000 0.000000 0.269151 0.269173 0.269200 0.269275 0.269356 0.269452 0.269447 0.269458 0.269463 0.269467 0.269470 0.269451 0.269375 0.269305 0.269242 0.269229 0.269199 0.000000 0.000000
0.000000 0.000000 0.256605 0.256635 0.256676 0.256730 0.256824 0.256936 0.256924 0.256945 0.256955 0.256958 0.256952 0.256954 0.256847 0.256765 0.256716 0.256696 0.256669 0.000000 0.000000
0.000000 0.000000 0.242903 0.242942 0.242973 0.243033 0.243159 0.243263 0.243257 0.243271 0.243290 0.243278 0.243263 0.243265 0.243180 0.243074 0.243016 0.242995 0.242980 0.000000 0.000000
0.000000 0.000000 0.227513 0.227541 0.227569 0.227706 0.227787 0.227924 0.227888 0.227961 0.227950 0.227958 0.227980 0.227934 0.227842 0.227776 0.227695 0.227661 0.227597 0.000000 0.000000
0.000000 0.000000 0.209789 0.209852 0.209931 0.209997 0.210116 0.210284 0.210280 0.210291 0.210261 0.210323 0.210291 0.210292 0.210126 0.210029 0.209984 0.209957 0.209821 0.000000 0.000000
0.000000 0.000000 0.189986 0.190042 0.190060 0.190212 0.190311 0.190791 0.190788 0.190813 0.190963 0.190872 0.190853 0.190806 0.190447 0.190358 0.190185 0.190171 0.190124 0.000000 0.000000
0.000000 0.000000 0.165679 0.165699 0.165834 0.165927 0.166598 0.166421 0.166549 0.166545 0.166467 0.166541 0.166551 0.166607 0.166773 0.166052 0.166006 0.165835 0.165726 0.000000 0.000000
0.000000 0.000000 0.137110 0.137194 0.137334 0.138211 0.137936 0.138446 0.138585 0.138634 0.138815 0.138890 0.138786 0.138782 0.138314 0.138561 0.137412 0.137663 0.137686 0.000000 0.000000
0.000000 0.000000 0.108770 0.108826 0.109943 0.109411 0.109593 0.109573 0.109083 0.109214 0.108955 0.109003 0.109207 0.108933 0.109049 0.108894 0.110075 0.108385 0.108409 0.000000 0.000000
0.000000 0.000000 0.080474 0.081625 0.081220 0.081753 0.082336 0.082528 0.082923 0.082830 0.083229 0.083181 0.082947 0.083188 0.082865 0.082433 0.081285 0.082187 0.080990 0.000000 0.000000
0.000000 0.000000 0.071585 0.070999 0.070285 0.070386 0.070446 0.071145 0.071074 0.071260 0.070990 0.071050 0.071068 0.070989 0.070399 0.070351 0.070202 0.070841 0.071419 0.000000 0.000000
0.000000 0.000000 0.300000 0.300000 0.300000 0.300000 0.300000 0.300000 0.300000 0.300000 0.300000 0.300000 0.300000 0.300000 0.300000 0.300000 0.300000 0.300000 0.300000 0.000000 0.000000
0.000000 0.000000 0.000000 0.000000 0.000000 0.000000 0.000000 0.000000 0.000000 0.000000 0.000000 0.000000 0.000000 0.000000 0.000000 0.000000 0.000000 0.000000 0.000000 0.000000 0.000000