geotop/1.0zi/1.0Montebello/Templates/testdem/maps/_Eocclay0492.asc
ncols         21
nrows         20
xllcorner     100.000000
yllcorner     100.000000
cellsize      50.000000
NODATA_value  -9999.0
0.000000 0.000000 0.000000 0.000000 0.000000 0.000000 0.000000 0.000000 0.000000 0.000000 0.000000 0.000000 0.000000 0.000000 0.000000 0.000000 0.000000 0.000000 0.000000 0.000000 0.000000
0.000000 0.000000 0.349972 0.349972 0.349972 0.349972 0.349972 0.349972 0.349972 0.349972 0.349972 0.349972 0.349972 0.349972 0.349972 0.349972 0.349972 0.349972 0.349972 0.000000 0.000000
0.000000 0.000000 0.349997 0.349997 0.349996 0.349997 0.349997 0.349997 0.349997 0.349997 0.349997 0.349997 0.349997 0.349997 0.349997 0.349997 0.349996 0.349997 0.349997 0.000000 0.000000
0.000000 0.000000 0.350283 0.350283 0.350281 0.350283 0.350283 0.350283 0.350283 0.350283 0.350283 0.350283 0.350283 0.350283 0.350283 0.350283 0.350281 0.350283 0.350283 0.000000 0.000000
0.000000 0.000000 0.351182 0.351182 0.351180 0.351182 0.351182 0.351182 0.351182 0.351182 0.351182 0.351182 0.351182 0.351182 0.351182 0.351182 0.351180 0.351182 0.351182 0.000000 0.000000
0.000000 0.000000 0.352062 0.352062 0.352060 0.352062 0.352062 0.352062 0.352062 0.352062 0.352062 0.352062 0.352062 0.352062 0.352062 0.352062 0.352060 0.352062 0.352062 0.000000 0.000000
0.000000 0.000000 0.352882 0.352882 0.352881 0.352882 0.352882 0.352882 0.352882 0.352882 0.352882 0.352882 0.352882 0.352882 0.352882 0.352882 0.352881 0.352882 0.352882 0.000000 0.000000
0.000000 0.000000 0.353640 0.353640 0.353639 0.353640 0.353640 0.353640 0.353640 0.353640 0.353640 0.353640 0.353640 0.353640 0.353640 0.353640 0.353639 0.353640 0.353640 0.000000 0.000000
0.000000 0.000000 0.354354 0.354354 0.354353 0.354354 0.354354 0.354355 0.354355 0.354354 0.354354 0.354354 0.354355 0.354355 0.354354 0.354354 0.354353 0.354354 0.354354 0.000000 0.000000
0.000000 0.000000 0.355042 0.355042 0.355041 0.355042 0.355043 0.355043 0.355043 0.355043 0.355043 0.355043 0.355043 0.355043 0.355043 0.355042 0.355041 0.355042 0.355042 0.000000 0.000000
0.000000 0.000000 0.355711 0.355711 0.355710 0.355711 0.355711 0.355711 0.355711 0.355711 0.355711 0.355711 0.355711 0.355711 0.355711 0.355711 0.355710 0.355711 0.355711 0.000000 0.000000
0.000000 0.000000 0.356366 0.356366 0.356364 0.356366 0.356366 0.356366 0.356366 0.356366 0.356366 0.356366 0.356366 0.356366 0.356366 0.356366 0.356364 0.356366 0.356366 0.000000 0.000000
0.000000 0.000000 0.357008 0.357008 0.357007 0.357008 0.357008 0.357008 0.357008 0.357008 0.357008 0.357008 0.357008 0.357008 0.357008 0.357008 0.357007 0.357008 0.357008 0.000000 0.000000
0.000000 0.000000 0.357639 0.357639 0.357638 0.357639 0.357639 0.357639 0.357639 0.357639 0.357639 0.357639 0.357639 0.357639 0.357639 0.357639 0.357638 0.357639 0.357639 0.000000 0.000000
0.000000 0.000000 0.358264 0.358264 0.358262 0.358264 0.358264 0.358264 0.358264 0.358264 0.358264 0.358264 0.358264 0.358264 0.358264 0.358264 0.358262 0.358264 0.358264 0.000000 0.000000
0.000000 0.000000 0.358885 0.358885 0.358884 0.358885 0.358885 0.358886 0.358886 0.358885 0.358885 0.358885 0.358886 0.358886 0.358885 0.358885 0.358884 0.358885 0.358885 0.000000 0.000000
0.000000 0.000000 0.359499 0.359499 0.359498 0.359499 0.359499 0.359500 0.359500 0.359500 0.359500 0.359500 0.359500 0.359500 0.359499 0.359499 0.359498 0.359499 0.359499 0.000000 0.000000
0.000000 0.000000 0.360127 0.360127 0.360126 0.360127 0.360127 0.360127 0.360127 0.360127 0.360127 0.360127 0.360127 0.360127 0.360127 0.360127 0.360126 0.360127 0.360127 0.000000 0.000000
0.000000 0.000000 0.350000 0.350000 0.350000 0.350000 0.350000 0.350000 0.350000 0.350000 0.350000 0.350000 0.350000 0.350000 0.350000 0.350000 0.350000 0.350000 0.350000 0.000000 0.000000
0.000000 0.000000 0.000000 0.000000 0.000000 0.000000 0.000000 0.000000 0.000000 0.000000 0.000000 0.000000 0.000000 0.000000 0.000000 0.000000 0.000000 0.000000 0.000000 0.000000 0.000000