geotop/1.0zi/1.0Montebello/Templates/testdem/maps/_Eocsilt8442.asc
ncols         21
nrows         20
xllcorner     100.000000
yllcorner     100.000000
cellsize      50.000000
NODATA_value  -9999.0
0.000000 0.000000 0.000000 0.000000 0.000000 0.000000 0.000000 0.000000 0.000000 0.000000 0.000000 0.000000 0.000000 0.000000 0.000000 0.000000 0.000000 0.000000 0.000000 0.000000 0.000000
0.000000 0.000000 0.350174 0.350174 0.350175 0.350175 0.350174 0.350174 0.350174 0.350174 0.350175 0.350174 0.350174 0.350174 0.350174 0.350174 0.350175 0.350175 0.350174 0.000000 0.000000
0.000000 0.000000 0.350006 0.350006 0.350006 0.350005 0.350006 0.350006 0.350006 0.350006 0.350006 0.350006 0.350007 0.350007 0.350006 0.350005 0.350004 0.350004 0.350005 0.000000 0.000000
0.000000 0.000000 0.350102 0.350099 0.350097 0.350091 0.350092 0.350087 0.350090 0.350090 0.350087 0.350089 0.350089 0.350089 0.350092 0.350095 0.350099 0.350098 0.350100 0.000000 0.000000
0.000000 0.000000 0.351048 0.351055 0.351047 0.351037 0.351030 0.351023 0.351020 0.351019 0.351018 0.351019 0.351020 0.351021 0.351034 0.351039 0.351042 0.351053 0.351054 0.000000 0.000000
0.000000 0.000000 0.353833 0.353832 0.353825 0.353807 0.353788 0.353765 0.353763 0.353757 0.353762 0.353761 0.353763 0.353762 0.353776 0.353789 0.353802 0.353809 0.353816 0.000000 0.000000
0.000000 0.000000 0.357868 0.357862 0.357853 0.357825 0.357790 0.357754 0.357754 0.357751 0.357751 0.357750 0.357747 0.357752 0.357784 0.357812 0.357829 0.357845 0.357852 0.000000 0.000000
0.000000 0.000000 0.362656 0.362652 0.362647 0.362617 0.362586 0.362545 0.362545 0.362539 0.362538 0.362536 0.362533 0.362540 0.362575 0.362603 0.362631 0.362637 0.362650 0.000000 0.000000
0.000000 0.000000 0.367826 0.367815 0.367801 0.367781 0.367746 0.367699 0.367702 0.367692 0.367689 0.367688 0.367689 0.367688 0.367733 0.367768 0.367789 0.367801 0.367812 0.000000 0.000000
0.000000 0.000000 0.373305 0.373294 0.373287 0.373268 0.373218 0.373176 0.373176 0.373172 0.373165 0.373169 0.373173 0.373172 0.373209 0.373251 0.373275 0.373284 0.373291 0.000000 0.000000
0.000000 0.000000 0.379266 0.379260 0.379252 0.379206 0.379173 0.379122 0.379135 0.379106 0.379112 0.379109 0.379099 0.379116 0.379153 0.379177 0.379210 0.379227 0.379250 0.000000 0.000000
0.000000 0.000000 0.385923 0.385902 0.385884 0.385859 0.385816 0.385756 0.385750 0.385746 0.385758 0.385737 0.385744 0.385746 0.385811 0.385844 0.385865 0.385879 0.385932 0.000000 0.000000
0.000000 0.000000 0.393158 0.393137 0.393136 0.393091 0.393059 0.392895 0.392891 0.392884 0.392838 0.392864 0.392870 0.392886 0.393011 0.393042 0.393105 0.393110 0.393137 0.000000 0.000000
0.000000 0.000000 0.401696 0.401691 0.401659 0.401630 0.401424 0.401444 0.401401 0.401402 0.401416 0.401400 0.401395 0.401381 0.401361 0.401579 0.401608 0.401666 0.401705 0.000000 0.000000
0.000000 0.000000 0.411786 0.411765 0.411724 0.411460 0.411491 0.411356 0.411297 0.411284 0.411237 0.411206 0.411234 0.411229 0.411360 0.411344 0.411695 0.411638 0.411642 0.000000 0.000000
0.000000 0.000000 0.422780 0.422762 0.422385 0.422498 0.422466 0.422435 0.422579 0.422534 0.422610 0.422585 0.422520 0.422614 0.422618 0.422642 0.422348 0.422902 0.422894 0.000000 0.000000
0.000000 0.000000 0.436142 0.435563 0.435703 0.435478 0.435190 0.435101 0.434936 0.434974 0.434797 0.434815 0.434914 0.434813 0.434964 0.435178 0.435679 0.435341 0.435942 0.000000 0.000000
0.000000 0.000000 0.440736 0.441258 0.441723 0.441724 0.441752 0.441302 0.441380 0.441248 0.441466 0.441421 0.441386 0.441459 0.441833 0.441813 0.441806 0.441451 0.440938 0.000000 0.000000
0.000000 0.000000 0.350000 0.350000 0.350000 0.350000 0.350000 0.350000 0.350000 0.350000 0.350000 0.350000 0.350000 0.350000 0.350000 0.350000 0.350000 0.350000 0.350000 0.000000 0.000000
0.000000 0.000000 0.000000 0.000000 0.000000 0.000000 0.000000 0.000000 0.000000 0.000000 0.000000 0.000000 0.000000 0.000000 0.000000 0.000000 0.000000 0.000000 0.000000 0.000000 0.000000