geotop/1.0zi/1.0Montebello/Templates/testdem/maps/_Eocsilt2293.asc
ncols         21
nrows         20
xllcorner     100.000000
yllcorner     100.000000
cellsize      50.000000
NODATA_value  -9999.0
0.000000 0.000000 0.000000 0.000000 0.000000 0.000000 0.000000 0.000000 0.000000 0.000000 0.000000 0.000000 0.000000 0.000000 0.000000 0.000000 0.000000 0.000000 0.000000 0.000000 0.000000
0.000000 0.000000 0.350055 0.350055 0.350055 0.350055 0.350055 0.350055 0.350055 0.350055 0.350055 0.350055 0.350055 0.350055 0.350055 0.350055 0.350055 0.350055 0.350055 0.000000 0.000000
0.000000 0.000000 0.349998 0.349998 0.349998 0.349999 0.349998 0.349998 0.349998 0.349998 0.349998 0.349998 0.349998 0.349998 0.349998 0.349999 0.349998 0.349998 0.349998 0.000000 0.000000
0.000000 0.000000 0.350760 0.350759 0.350757 0.350758 0.350760 0.350760 0.350759 0.350760 0.350760 0.350760 0.350759 0.350760 0.350760 0.350758 0.350757 0.350759 0.350760 0.000000 0.000000
0.000000 0.000000 0.353726 0.353725 0.353723 0.353724 0.353726 0.353725 0.353726 0.353727 0.353727 0.353727 0.353726 0.353725 0.353726 0.353724 0.353723 0.353725 0.353726 0.000000 0.000000
0.000000 0.000000 0.357593 0.357593 0.357591 0.357591 0.357594 0.357593 0.357593 0.357594 0.357594 0.357594 0.357593 0.357593 0.357594 0.357591 0.357591 0.357593 0.357593 0.000000 0.000000
0.000000 0.000000 0.361137 0.361137 0.361136 0.361136 0.361138 0.361137 0.361137 0.361138 0.361138 0.361138 0.361137 0.361137 0.361138 0.361136 0.361136 0.361137 0.361137 0.000000 0.000000
0.000000 0.000000 0.364375 0.364375 0.364374 0.364374 0.364376 0.364375 0.364375 0.364376 0.364376 0.364376 0.364375 0.364375 0.364376 0.364374 0.364374 0.364375 0.364375 0.000000 0.000000
0.000000 0.000000 0.367396 0.367395 0.367394 0.367395 0.367396 0.367396 0.367396 0.367396 0.367396 0.367396 0.367396 0.367396 0.367396 0.367395 0.367394 0.367395 0.367396 0.000000 0.000000
0.000000 0.000000 0.370272 0.370272 0.370271 0.370271 0.370272 0.370272 0.370272 0.370273 0.370273 0.370273 0.370272 0.370272 0.370272 0.370271 0.370271 0.370272 0.370272 0.000000 0.000000
0.000000 0.000000 0.373037 0.373037 0.373035 0.373036 0.373037 0.373037 0.373037 0.373037 0.373037 0.373037 0.373037 0.373037 0.373037 0.373036 0.373035 0.373037 0.373037 0.000000 0.000000
0.000000 0.000000 0.375713 0.375713 0.375711 0.375712 0.375713 0.375713 0.375713 0.375713 0.375713 0.375713 0.375713 0.375713 0.375713 0.375712 0.375711 0.375713 0.375713 0.000000 0.000000
0.000000 0.000000 0.378321 0.378321 0.378320 0.378320 0.378321 0.378321 0.378321 0.378321 0.378322 0.378321 0.378321 0.378321 0.378321 0.378320 0.378320 0.378321 0.378321 0.000000 0.000000
0.000000 0.000000 0.380871 0.380871 0.380870 0.380870 0.380871 0.380871 0.380871 0.380872 0.380872 0.380872 0.380871 0.380871 0.380871 0.380870 0.380870 0.380871 0.380871 0.000000 0.000000
0.000000 0.000000 0.383373 0.383373 0.383372 0.383372 0.383374 0.383373 0.383373 0.383374 0.383374 0.383374 0.383373 0.383373 0.383374 0.383372 0.383372 0.383373 0.383373 0.000000 0.000000
0.000000 0.000000 0.385831 0.385830 0.385829 0.385830 0.385831 0.385830 0.385830 0.385831 0.385831 0.385831 0.385830 0.385830 0.385831 0.385830 0.385829 0.385830 0.385831 0.000000 0.000000
0.000000 0.000000 0.388246 0.388245 0.388244 0.388245 0.388246 0.388245 0.388246 0.388246 0.388246 0.388246 0.388246 0.388245 0.388246 0.388245 0.388244 0.388245 0.388246 0.000000 0.000000
0.000000 0.000000 0.390655 0.390656 0.390654 0.390655 0.390656 0.390656 0.390656 0.390656 0.390656 0.390656 0.390656 0.390656 0.390656 0.390655 0.390654 0.390656 0.390656 0.000000 0.000000
0.000000 0.000000 0.350000 0.350000 0.350000 0.350000 0.350000 0.350000 0.350000 0.350000 0.350000 0.350000 0.350000 0.350000 0.350000 0.350000 0.350000 0.350000 0.350000 0.000000 0.000000
0.000000 0.000000 0.000000 0.000000 0.000000 0.000000 0.000000 0.000000 0.000000 0.000000 0.000000 0.000000 0.000000 0.000000 0.000000 0.000000 0.000000 0.000000 0.000000 0.000000 0.000000