geotop/1.0zi/1.0Montebello/Templates/testdem/maps/_Eocclay2909.asc
ncols         21
nrows         20
xllcorner     100.000000
yllcorner     100.000000
cellsize      50.000000
NODATA_value  -9999.0
0.000000 0.000000 0.000000 0.000000 0.000000 0.000000 0.000000 0.000000 0.000000 0.000000 0.000000 0.000000 0.000000 0.000000 0.000000 0.000000 0.000000 0.000000 0.000000 0.000000 0.000000
0.000000 0.000000 0.349841 0.349841 0.349841 0.349841 0.349841 0.349841 0.349841 0.349841 0.349841 0.349841 0.349841 0.349841 0.349841 0.349841 0.349841 0.349841 0.349841 0.000000 0.000000
0.000000 0.000000 0.349993 0.349993 0.349992 0.349993 0.349993 0.349993 0.349993 0.349993 0.349993 0.349993 0.349993 0.349993 0.349993 0.349993 0.349992 0.349993 0.349993 0.000000 0.000000
0.000000 0.000000 0.350979 0.350979 0.350977 0.350978 0.350979 0.350979 0.350979 0.350979 0.350979 0.350979 0.350979 0.350979 0.350979 0.350978 0.350977 0.350979 0.350979 0.000000 0.000000
0.000000 0.000000 0.355319 0.355318 0.355316 0.355316 0.355320 0.355319 0.355319 0.355320 0.355320 0.355320 0.355319 0.355319 0.355320 0.355316 0.355316 0.355318 0.355319 0.000000 0.000000
0.000000 0.000000 0.360252 0.360252 0.360250 0.360250 0.360253 0.360252 0.360252 0.360253 0.360253 0.360253 0.360252 0.360252 0.360253 0.360250 0.360250 0.360252 0.360252 0.000000 0.000000
0.000000 0.000000 0.364907 0.364907 0.364906 0.364906 0.364908 0.364907 0.364907 0.364908 0.364908 0.364908 0.364907 0.364907 0.364908 0.364906 0.364906 0.364907 0.364907 0.000000 0.000000
0.000000 0.000000 0.369161 0.369160 0.369159 0.369160 0.369161 0.369161 0.369161 0.369161 0.369162 0.369161 0.369161 0.369161 0.369161 0.369160 0.369159 0.369160 0.369161 0.000000 0.000000
0.000000 0.000000 0.373109 0.373109 0.373108 0.373108 0.373109 0.373109 0.373109 0.373110 0.373110 0.373110 0.373109 0.373109 0.373109 0.373108 0.373108 0.373109 0.373109 0.000000 0.000000
0.000000 0.000000 0.376844 0.376844 0.376842 0.376843 0.376844 0.376844 0.376844 0.376845 0.376845 0.376845 0.376844 0.376844 0.376844 0.376843 0.376842 0.376844 0.376844 0.000000 0.000000
0.000000 0.000000 0.380409 0.380409 0.380408 0.380408 0.380410 0.380409 0.380409 0.380410 0.380410 0.380410 0.380409 0.380409 0.380410 0.380408 0.380408 0.380409 0.380409 0.000000 0.000000
0.000000 0.000000 0.383840 0.383840 0.383839 0.383839 0.383840 0.383840 0.383840 0.383840 0.383841 0.383840 0.383840 0.383840 0.383840 0.383839 0.383839 0.383840 0.383840 0.000000 0.000000
0.000000 0.000000 0.387161 0.387161 0.387160 0.387160 0.387161 0.387161 0.387161 0.387161 0.387162 0.387161 0.387161 0.387161 0.387161 0.387160 0.387160 0.387161 0.387161 0.000000 0.000000
0.000000 0.000000 0.390394 0.390394 0.390393 0.390393 0.390394 0.390394 0.390394 0.390394 0.390395 0.390394 0.390394 0.390394 0.390394 0.390393 0.390393 0.390394 0.390394 0.000000 0.000000
0.000000 0.000000 0.393549 0.393548 0.393547 0.393548 0.393549 0.393548 0.393549 0.393549 0.393549 0.393549 0.393549 0.393548 0.393549 0.393548 0.393547 0.393548 0.393549 0.000000 0.000000
0.000000 0.000000 0.396630 0.396630 0.396629 0.396629 0.396631 0.396630 0.396630 0.396631 0.396631 0.396631 0.396630 0.396630 0.396631 0.396629 0.396629 0.396630 0.396630 0.000000 0.000000
0.000000 0.000000 0.399643 0.399643 0.399642 0.399642 0.399643 0.399643 0.399643 0.399643 0.399644 0.399643 0.399643 0.399643 0.399643 0.399642 0.399642 0.399643 0.399643 0.000000 0.000000
0.000000 0.000000 0.402638 0.402638 0.402637 0.402638 0.402639 0.402638 0.402639 0.402639 0.402639 0.402639 0.402639 0.402638 0.402639 0.402638 0.402637 0.402638 0.402639 0.000000 0.000000
0.000000 0.000000 0.350000 0.350000 0.350000 0.350000 0.350000 0.350000 0.350000 0.350000 0.350000 0.350000 0.350000 0.350000 0.350000 0.350000 0.350000 0.350000 0.350000 0.000000 0.000000
0.000000 0.000000 0.000000 0.000000 0.000000 0.000000 0.000000 0.000000 0.000000 0.000000 0.000000 0.000000 0.000000 0.000000 0.000000 0.000000 0.000000 0.000000 0.000000 0.000000 0.000000