geotop/1.0zi/1.0Montebello/Templates/testdem/maps/_Eocclay6304.asc
ncols         21
nrows         20
xllcorner     100.000000
yllcorner     100.000000
cellsize      50.000000
NODATA_value  -9999.0
0.000000 0.000000 0.000000 0.000000 0.000000 0.000000 0.000000 0.000000 0.000000 0.000000 0.000000 0.000000 0.000000 0.000000 0.000000 0.000000 0.000000 0.000000 0.000000 0.000000 0.000000
0.000000 0.000000 0.349717 0.349719 0.349719 0.349718 0.349719 0.349719 0.349719 0.349719 0.349717 0.349719 0.349719 0.349719 0.349719 0.349719 0.349717 0.349717 0.349718 0.000000 0.000000
0.000000 0.000000 0.349989 0.349989 0.349989 0.349990 0.349988 0.349988 0.349988 0.349988 0.349988 0.349988 0.349988 0.349987 0.349988 0.349988 0.349990 0.349989 0.349987 0.000000 0.000000
0.000000 0.000000 0.349984 0.349988 0.349985 0.349985 0.349986 0.349987 0.349988 0.349984 0.349989 0.349987 0.349987 0.349987 0.349986 0.349988 0.349986 0.349988 0.349988 0.000000 0.000000
0.000000 0.000000 0.350589 0.350588 0.350585 0.350582 0.350569 0.350566 0.350566 0.350569 0.350566 0.350565 0.350560 0.350562 0.350569 0.350569 0.350575 0.350576 0.350584 0.000000 0.000000
0.000000 0.000000 0.352387 0.352387 0.352381 0.352358 0.352351 0.352332 0.352333 0.352328 0.352330 0.352332 0.352336 0.352336 0.352340 0.352355 0.352364 0.352375 0.352380 0.000000 0.000000
0.000000 0.000000 0.355057 0.355055 0.355050 0.355031 0.355009 0.354980 0.354979 0.354974 0.354976 0.354978 0.354978 0.354978 0.355000 0.355023 0.355035 0.355043 0.355052 0.000000 0.000000
0.000000 0.000000 0.358268 0.358268 0.358263 0.358241 0.358218 0.358187 0.358187 0.358184 0.358184 0.358184 0.358182 0.358187 0.358212 0.358232 0.358249 0.358255 0.358267 0.000000 0.000000
0.000000 0.000000 0.361571 0.361568 0.361559 0.361546 0.361524 0.361493 0.361494 0.361488 0.361486 0.361486 0.361486 0.361485 0.361514 0.361537 0.361553 0.361557 0.361567 0.000000 0.000000
0.000000 0.000000 0.364947 0.364942 0.364938 0.364927 0.364894 0.364866 0.364867 0.364863 0.364859 0.364863 0.364867 0.364864 0.364889 0.364916 0.364933 0.364936 0.364944 0.000000 0.000000
0.000000 0.000000 0.368484 0.368481 0.368476 0.368453 0.368431 0.368399 0.368406 0.368390 0.368390 0.368391 0.368387 0.368397 0.368417 0.368434 0.368453 0.368463 0.368478 0.000000 0.000000
0.000000 0.000000 0.372233 0.372228 0.372216 0.372198 0.372177 0.372138 0.372139 0.372131 0.372140 0.372129 0.372131 0.372134 0.372171 0.372188 0.372201 0.372207 0.372245 0.000000 0.000000
0.000000 0.000000 0.376130 0.376122 0.376117 0.376097 0.376078 0.375996 0.375995 0.375988 0.375970 0.375980 0.375986 0.375993 0.376054 0.376071 0.376102 0.376104 0.376130 0.000000 0.000000
0.000000 0.000000 0.380417 0.380412 0.380399 0.380384 0.380301 0.380284 0.380265 0.380264 0.380259 0.380262 0.380260 0.380257 0.380267 0.380353 0.380378 0.380399 0.380426 0.000000 0.000000
0.000000 0.000000 0.385203 0.385199 0.385178 0.385087 0.385064 0.385016 0.384984 0.384978 0.384962 0.384951 0.384963 0.384957 0.384997 0.385031 0.385158 0.385147 0.385163 0.000000 0.000000
0.000000 0.000000 0.390325 0.390320 0.390196 0.390183 0.390177 0.390149 0.390178 0.390162 0.390176 0.390162 0.390147 0.390175 0.390193 0.390202 0.390179 0.390337 0.390340 0.000000 0.000000
0.000000 0.000000 0.396328 0.396155 0.396113 0.396062 0.395977 0.395942 0.395922 0.395923 0.395882 0.395880 0.395899 0.395887 0.395933 0.395997 0.396101 0.396113 0.396292 0.000000 0.000000
0.000000 0.000000 0.400422 0.400464 0.400625 0.400589 0.400540 0.400381 0.400380 0.400342 0.400375 0.400364 0.400372 0.400379 0.400527 0.400562 0.400652 0.400489 0.400458 0.000000 0.000000
0.000000 0.000000 0.350000 0.350000 0.350000 0.350000 0.350000 0.350000 0.350000 0.350000 0.350000 0.350000 0.350000 0.350000 0.350000 0.350000 0.350000 0.350000 0.350000 0.000000 0.000000
0.000000 0.000000 0.000000 0.000000 0.000000 0.000000 0.000000 0.000000 0.000000 0.000000 0.000000 0.000000 0.000000 0.000000 0.000000 0.000000 0.000000 0.000000 0.000000 0.000000 0.000000