geotop/1.0zi/1.0Montebello/Templates/testdem/maps/_Eocclay6581.asc
ncols         21
nrows         20
xllcorner     100.000000
yllcorner     100.000000
cellsize      50.000000
NODATA_value  -9999.0
0.000000 0.000000 0.000000 0.000000 0.000000 0.000000 0.000000 0.000000 0.000000 0.000000 0.000000 0.000000 0.000000 0.000000 0.000000 0.000000 0.000000 0.000000 0.000000 0.000000 0.000000
0.000000 0.000000 0.349707 0.349709 0.349709 0.349708 0.349709 0.349709 0.349709 0.349709 0.349707 0.349709 0.349709 0.349709 0.349709 0.349709 0.349707 0.349707 0.349708 0.000000 0.000000
0.000000 0.000000 0.349988 0.349988 0.349988 0.349989 0.349987 0.349987 0.349988 0.349987 0.349987 0.349987 0.349988 0.349987 0.349988 0.349988 0.349989 0.349989 0.349986 0.000000 0.000000
0.000000 0.000000 0.349983 0.349987 0.349984 0.349984 0.349986 0.349986 0.349987 0.349984 0.349989 0.349986 0.349986 0.349986 0.349986 0.349988 0.349986 0.349988 0.349987 0.000000 0.000000
0.000000 0.000000 0.350589 0.350589 0.350587 0.350585 0.350572 0.350570 0.350570 0.350572 0.350569 0.350569 0.350565 0.350567 0.350573 0.350573 0.350579 0.350580 0.350586 0.000000 0.000000
0.000000 0.000000 0.352464 0.352464 0.352456 0.352432 0.352424 0.352404 0.352405 0.352400 0.352403 0.352402 0.352406 0.352406 0.352410 0.352425 0.352437 0.352449 0.352455 0.000000 0.000000
0.000000 0.000000 0.355264 0.355262 0.355257 0.355238 0.355214 0.355184 0.355184 0.355179 0.355180 0.355181 0.355182 0.355181 0.355203 0.355227 0.355240 0.355250 0.355258 0.000000 0.000000
0.000000 0.000000 0.358628 0.358628 0.358623 0.358599 0.358576 0.358544 0.358544 0.358541 0.358540 0.358538 0.358537 0.358543 0.358566 0.358587 0.358607 0.358614 0.358626 0.000000 0.000000
0.000000 0.000000 0.362108 0.362105 0.362095 0.362081 0.362057 0.362026 0.362028 0.362020 0.362018 0.362016 0.362017 0.362016 0.362044 0.362071 0.362087 0.362093 0.362102 0.000000 0.000000
0.000000 0.000000 0.365681 0.365675 0.365671 0.365658 0.365624 0.365595 0.365596 0.365592 0.365587 0.365589 0.365595 0.365591 0.365615 0.365645 0.365663 0.365668 0.365676 0.000000 0.000000
0.000000 0.000000 0.369439 0.369435 0.369431 0.369405 0.369382 0.369349 0.369356 0.369338 0.369339 0.369339 0.369334 0.369344 0.369363 0.369382 0.369405 0.369416 0.369432 0.000000 0.000000
0.000000 0.000000 0.373444 0.373435 0.373424 0.373404 0.373381 0.373342 0.373342 0.373334 0.373343 0.373330 0.373333 0.373335 0.373371 0.373391 0.373407 0.373415 0.373453 0.000000 0.000000
0.000000 0.000000 0.377623 0.377613 0.377608 0.377586 0.377565 0.377478 0.377477 0.377470 0.377450 0.377458 0.377466 0.377472 0.377536 0.377557 0.377591 0.377595 0.377621 0.000000 0.000000
0.000000 0.000000 0.382255 0.382251 0.382236 0.382219 0.382127 0.382111 0.382090 0.382089 0.382086 0.382084 0.382085 0.382081 0.382085 0.382183 0.382210 0.382235 0.382263 0.000000 0.000000
0.000000 0.000000 0.387462 0.387456 0.387434 0.387331 0.387307 0.387257 0.387222 0.387216 0.387198 0.387183 0.387197 0.387190 0.387232 0.387268 0.387411 0.387399 0.387413 0.000000 0.000000
0.000000 0.000000 0.393065 0.393058 0.392918 0.392907 0.392900 0.392870 0.392906 0.392887 0.392904 0.392886 0.392871 0.392901 0.392916 0.392928 0.392898 0.393079 0.393082 0.000000 0.000000
0.000000 0.000000 0.399697 0.399497 0.399458 0.399397 0.399297 0.399260 0.399233 0.399235 0.399187 0.399183 0.399207 0.399191 0.399239 0.399316 0.399441 0.399445 0.399651 0.000000 0.000000
0.000000 0.000000 0.404082 0.404144 0.404332 0.404292 0.404241 0.404059 0.404059 0.404016 0.404057 0.404042 0.404051 0.404059 0.404223 0.404263 0.404359 0.404175 0.404125 0.000000 0.000000
0.000000 0.000000 0.350000 0.350000 0.350000 0.350000 0.350000 0.350000 0.350000 0.350000 0.350000 0.350000 0.350000 0.350000 0.350000 0.350000 0.350000 0.350000 0.350000 0.000000 0.000000
0.000000 0.000000 0.000000 0.000000 0.000000 0.000000 0.000000 0.000000 0.000000 0.000000 0.000000 0.000000 0.000000 0.000000 0.000000 0.000000 0.000000 0.000000 0.000000 0.000000 0.000000