geotop/1.0zi/1.0Montebello/Templates/testdem/maps/_Eocclay9000.asc
ncols         21
nrows         20
xllcorner     100.000000
yllcorner     100.000000
cellsize      50.000000
NODATA_value  -9999.0
0.000000 0.000000 0.000000 0.000000 0.000000 0.000000 0.000000 0.000000 0.000000 0.000000 0.000000 0.000000 0.000000 0.000000 0.000000 0.000000 0.000000 0.000000 0.000000 0.000000 0.000000
0.000000 0.000000 0.349582 0.349584 0.349584 0.349583 0.349585 0.349585 0.349585 0.349585 0.349584 0.349585 0.349585 0.349584 0.349585 0.349584 0.349583 0.349583 0.349584 0.000000 0.000000
0.000000 0.000000 0.349983 0.349981 0.349981 0.349983 0.349981 0.349981 0.349981 0.349981 0.349981 0.349981 0.349981 0.349981 0.349982 0.349982 0.349983 0.349982 0.349980 0.000000 0.000000
0.000000 0.000000 0.350023 0.350028 0.350026 0.350023 0.350024 0.350025 0.350029 0.350026 0.350029 0.350027 0.350028 0.350026 0.350028 0.350030 0.350028 0.350027 0.350026 0.000000 0.000000
0.000000 0.000000 0.351226 0.351218 0.351212 0.351201 0.351183 0.351184 0.351179 0.351180 0.351178 0.351180 0.351179 0.351181 0.351190 0.351194 0.351205 0.351205 0.351215 0.000000 0.000000
0.000000 0.000000 0.354638 0.354633 0.354614 0.354584 0.354561 0.354535 0.354540 0.354533 0.354536 0.354536 0.354541 0.354540 0.354553 0.354579 0.354592 0.354601 0.354607 0.000000 0.000000
0.000000 0.000000 0.359212 0.359202 0.359191 0.359161 0.359127 0.359077 0.359078 0.359073 0.359073 0.359075 0.359075 0.359076 0.359117 0.359148 0.359165 0.359174 0.359182 0.000000 0.000000
0.000000 0.000000 0.364645 0.364634 0.364623 0.364586 0.364550 0.364505 0.364507 0.364501 0.364500 0.364498 0.364495 0.364505 0.364543 0.364574 0.364602 0.364607 0.364621 0.000000 0.000000
0.000000 0.000000 0.370505 0.370491 0.370473 0.370448 0.370406 0.370357 0.370363 0.370352 0.370348 0.370346 0.370347 0.370346 0.370397 0.370435 0.370456 0.370461 0.370474 0.000000 0.000000
0.000000 0.000000 0.376864 0.376844 0.376833 0.376807 0.376748 0.376703 0.376705 0.376699 0.376691 0.376696 0.376702 0.376700 0.376742 0.376790 0.376815 0.376821 0.376828 0.000000 0.000000
0.000000 0.000000 0.383958 0.383944 0.383931 0.383873 0.383834 0.383776 0.383792 0.383757 0.383764 0.383760 0.383748 0.383769 0.383812 0.383841 0.383878 0.383889 0.383917 0.000000 0.000000
0.000000 0.000000 0.392041 0.392014 0.391981 0.391949 0.391897 0.391826 0.391826 0.391822 0.391835 0.391808 0.391820 0.391819 0.391896 0.391938 0.391956 0.391963 0.392027 0.000000 0.000000
0.000000 0.000000 0.401004 0.400973 0.400967 0.400904 0.400861 0.400653 0.400653 0.400643 0.400579 0.400617 0.400625 0.400644 0.400805 0.400844 0.400919 0.400917 0.400942 0.000000 0.000000
0.000000 0.000000 0.411903 0.411891 0.411837 0.411797 0.411507 0.411571 0.411517 0.411519 0.411549 0.411520 0.411514 0.411490 0.411435 0.411743 0.411766 0.411832 0.411881 0.000000 0.000000
0.000000 0.000000 0.424922 0.424881 0.424819 0.424437 0.424532 0.424330 0.424263 0.424242 0.424169 0.424132 0.424175 0.424172 0.424367 0.424287 0.424786 0.424673 0.424668 0.000000 0.000000
0.000000 0.000000 0.438704 0.438672 0.438136 0.438362 0.438293 0.438291 0.438521 0.438458 0.438578 0.438550 0.438453 0.438585 0.438549 0.438608 0.438083 0.438874 0.438861 0.000000 0.000000
0.000000 0.000000 0.454394 0.453678 0.453927 0.453610 0.453255 0.453149 0.452913 0.452970 0.452731 0.452760 0.452900 0.452752 0.452944 0.453205 0.453898 0.453344 0.454082 0.000000 0.000000
0.000000 0.000000 0.458451 0.459051 0.459548 0.459548 0.459591 0.459102 0.459202 0.459054 0.459306 0.459256 0.459213 0.459298 0.459698 0.459670 0.459630 0.459251 0.458651 0.000000 0.000000
0.000000 0.000000 0.350000 0.350000 0.350000 0.350000 0.350000 0.350000 0.350000 0.350000 0.350000 0.350000 0.350000 0.350000 0.350000 0.350000 0.350000 0.350000 0.350000 0.000000 0.000000
0.000000 0.000000 0.000000 0.000000 0.000000 0.000000 0.000000 0.000000 0.000000 0.000000 0.000000 0.000000 0.000000 0.000000 0.000000 0.000000 0.000000 0.000000 0.000000 0.000000 0.000000