geotop/1.0zi/1.0Montebello/Templates/testdem/maps/_Eocsilt2817.asc
ncols         21
nrows         20
xllcorner     100.000000
yllcorner     100.000000
cellsize      50.000000
NODATA_value  -9999.0
0.000000 0.000000 0.000000 0.000000 0.000000 0.000000 0.000000 0.000000 0.000000 0.000000 0.000000 0.000000 0.000000 0.000000 0.000000 0.000000 0.000000 0.000000 0.000000 0.000000 0.000000
0.000000 0.000000 0.350072 0.350072 0.350072 0.350072 0.350072 0.350072 0.350072 0.350072 0.350072 0.350072 0.350072 0.350072 0.350072 0.350072 0.350072 0.350072 0.350072 0.000000 0.000000
0.000000 0.000000 0.349998 0.349998 0.349998 0.349998 0.349998 0.349998 0.349998 0.349998 0.349999 0.349998 0.349998 0.349998 0.349998 0.349998 0.349998 0.349998 0.349998 0.000000 0.000000
0.000000 0.000000 0.351025 0.351024 0.351022 0.351023 0.351025 0.351025 0.351025 0.351025 0.351025 0.351025 0.351025 0.351025 0.351025 0.351023 0.351022 0.351024 0.351025 0.000000 0.000000
0.000000 0.000000 0.354886 0.354885 0.354883 0.354884 0.354886 0.354885 0.354885 0.354887 0.354887 0.354887 0.354885 0.354885 0.354886 0.354884 0.354883 0.354885 0.354886 0.000000 0.000000
0.000000 0.000000 0.359765 0.359765 0.359763 0.359763 0.359766 0.359765 0.359765 0.359766 0.359766 0.359766 0.359765 0.359765 0.359766 0.359763 0.359763 0.359765 0.359765 0.000000 0.000000
0.000000 0.000000 0.364211 0.364211 0.364210 0.364210 0.364212 0.364211 0.364211 0.364212 0.364212 0.364212 0.364211 0.364211 0.364212 0.364210 0.364210 0.364211 0.364211 0.000000 0.000000
0.000000 0.000000 0.368248 0.368248 0.368247 0.368247 0.368249 0.368248 0.368248 0.368249 0.368249 0.368249 0.368248 0.368248 0.368249 0.368247 0.368247 0.368248 0.368248 0.000000 0.000000
0.000000 0.000000 0.371991 0.371991 0.371989 0.371990 0.371991 0.371991 0.371991 0.371992 0.371992 0.371992 0.371991 0.371991 0.371991 0.371990 0.371989 0.371991 0.371991 0.000000 0.000000
0.000000 0.000000 0.375529 0.375528 0.375527 0.375528 0.375529 0.375528 0.375529 0.375529 0.375529 0.375529 0.375529 0.375528 0.375529 0.375528 0.375527 0.375528 0.375529 0.000000 0.000000
0.000000 0.000000 0.378903 0.378903 0.378902 0.378902 0.378904 0.378903 0.378903 0.378904 0.378904 0.378904 0.378903 0.378903 0.378904 0.378902 0.378902 0.378903 0.378903 0.000000 0.000000
0.000000 0.000000 0.382148 0.382148 0.382147 0.382147 0.382148 0.382148 0.382148 0.382149 0.382149 0.382149 0.382148 0.382148 0.382148 0.382147 0.382147 0.382148 0.382148 0.000000 0.000000
0.000000 0.000000 0.385288 0.385287 0.385286 0.385287 0.385288 0.385287 0.385287 0.385288 0.385288 0.385288 0.385287 0.385287 0.385288 0.385287 0.385286 0.385287 0.385288 0.000000 0.000000
0.000000 0.000000 0.388343 0.388343 0.388342 0.388342 0.388343 0.388343 0.388343 0.388344 0.388344 0.388344 0.388343 0.388343 0.388343 0.388342 0.388342 0.388343 0.388343 0.000000 0.000000
0.000000 0.000000 0.391323 0.391323 0.391322 0.391322 0.391323 0.391323 0.391323 0.391324 0.391324 0.391324 0.391323 0.391323 0.391323 0.391322 0.391322 0.391323 0.391323 0.000000 0.000000
0.000000 0.000000 0.394233 0.394233 0.394232 0.394232 0.394233 0.394233 0.394233 0.394233 0.394234 0.394233 0.394233 0.394233 0.394233 0.394232 0.394232 0.394233 0.394233 0.000000 0.000000
0.000000 0.000000 0.397078 0.397077 0.397076 0.397077 0.397078 0.397077 0.397077 0.397078 0.397078 0.397078 0.397077 0.397077 0.397078 0.397077 0.397076 0.397077 0.397078 0.000000 0.000000
0.000000 0.000000 0.399909 0.399909 0.399908 0.399908 0.399909 0.399909 0.399909 0.399909 0.399910 0.399909 0.399909 0.399909 0.399909 0.399908 0.399908 0.399909 0.399909 0.000000 0.000000
0.000000 0.000000 0.350000 0.350000 0.350000 0.350000 0.350000 0.350000 0.350000 0.350000 0.350000 0.350000 0.350000 0.350000 0.350000 0.350000 0.350000 0.350000 0.350000 0.000000 0.000000
0.000000 0.000000 0.000000 0.000000 0.000000 0.000000 0.000000 0.000000 0.000000 0.000000 0.000000 0.000000 0.000000 0.000000 0.000000 0.000000 0.000000 0.000000 0.000000 0.000000 0.000000