geotop/1.0zi/1.0Montebello/Templates/testdem/maps/_Eocsilt7069.asc
ncols         21
nrows         20
xllcorner     100.000000
yllcorner     100.000000
cellsize      50.000000
NODATA_value  -9999.0
0.000000 0.000000 0.000000 0.000000 0.000000 0.000000 0.000000 0.000000 0.000000 0.000000 0.000000 0.000000 0.000000 0.000000 0.000000 0.000000 0.000000 0.000000 0.000000 0.000000 0.000000
0.000000 0.000000 0.350143 0.350143 0.350144 0.350144 0.350143 0.350144 0.350144 0.350144 0.350144 0.350143 0.350143 0.350143 0.350143 0.350143 0.350144 0.350144 0.350143 0.000000 0.000000
0.000000 0.000000 0.350003 0.350003 0.350003 0.350003 0.350003 0.350003 0.350003 0.350003 0.350003 0.350003 0.350004 0.350004 0.350003 0.350003 0.350001 0.350001 0.350003 0.000000 0.000000
0.000000 0.000000 0.350063 0.350059 0.350058 0.350052 0.350053 0.350050 0.350053 0.350053 0.350050 0.350052 0.350052 0.350052 0.350054 0.350056 0.350060 0.350061 0.350061 0.000000 0.000000
0.000000 0.000000 0.350767 0.350773 0.350768 0.350760 0.350755 0.350748 0.350747 0.350744 0.350745 0.350745 0.350746 0.350748 0.350758 0.350763 0.350762 0.350769 0.350775 0.000000 0.000000
0.000000 0.000000 0.352855 0.352857 0.352847 0.352834 0.352817 0.352797 0.352797 0.352791 0.352796 0.352797 0.352797 0.352796 0.352806 0.352816 0.352825 0.352832 0.352838 0.000000 0.000000
0.000000 0.000000 0.355937 0.355934 0.355923 0.355901 0.355873 0.355844 0.355846 0.355842 0.355843 0.355842 0.355838 0.355843 0.355867 0.355890 0.355904 0.355917 0.355925 0.000000 0.000000
0.000000 0.000000 0.359632 0.359631 0.359626 0.359603 0.359576 0.359544 0.359545 0.359541 0.359540 0.359538 0.359536 0.359541 0.359568 0.359592 0.359614 0.359618 0.359631 0.000000 0.000000
0.000000 0.000000 0.363551 0.363543 0.363530 0.363515 0.363488 0.363451 0.363453 0.363445 0.363443 0.363442 0.363442 0.363442 0.363476 0.363505 0.363522 0.363531 0.363542 0.000000 0.000000
0.000000 0.000000 0.367581 0.367574 0.367567 0.367554 0.367515 0.367483 0.367484 0.367480 0.367475 0.367477 0.367481 0.367479 0.367508 0.367541 0.367559 0.367564 0.367573 0.000000 0.000000
0.000000 0.000000 0.371823 0.371818 0.371811 0.371780 0.371755 0.371717 0.371726 0.371706 0.371708 0.371708 0.371701 0.371713 0.371738 0.371759 0.371782 0.371794 0.371812 0.000000 0.000000
0.000000 0.000000 0.376397 0.376384 0.376370 0.376350 0.376322 0.376277 0.376277 0.376268 0.376279 0.376265 0.376268 0.376272 0.376316 0.376338 0.376354 0.376362 0.376405 0.000000 0.000000
0.000000 0.000000 0.381210 0.381198 0.381190 0.381165 0.381141 0.381037 0.381037 0.381029 0.381005 0.381016 0.381022 0.381032 0.381110 0.381133 0.381170 0.381174 0.381201 0.000000 0.000000
0.000000 0.000000 0.386624 0.386618 0.386598 0.386580 0.386465 0.386453 0.386430 0.386429 0.386429 0.386426 0.386423 0.386420 0.386422 0.386541 0.386568 0.386599 0.386629 0.000000 0.000000
0.000000 0.000000 0.392793 0.392784 0.392756 0.392625 0.392607 0.392541 0.392504 0.392495 0.392474 0.392455 0.392470 0.392465 0.392526 0.392554 0.392732 0.392712 0.392726 0.000000 0.000000
0.000000 0.000000 0.399489 0.399478 0.399293 0.399302 0.399292 0.399254 0.399310 0.399285 0.399313 0.399293 0.399268 0.399312 0.399334 0.399345 0.399271 0.399516 0.399518 0.000000 0.000000
0.000000 0.000000 0.407574 0.407297 0.407278 0.407192 0.407052 0.407006 0.406960 0.406967 0.406897 0.406897 0.406932 0.406905 0.406973 0.407077 0.407261 0.407216 0.407501 0.000000 0.000000
0.000000 0.000000 0.412321 0.412471 0.412728 0.412692 0.412648 0.412400 0.412413 0.412349 0.412426 0.412405 0.412406 0.412428 0.412647 0.412679 0.412770 0.412529 0.412391 0.000000 0.000000
0.000000 0.000000 0.350000 0.350000 0.350000 0.350000 0.350000 0.350000 0.350000 0.350000 0.350000 0.350000 0.350000 0.350000 0.350000 0.350000 0.350000 0.350000 0.350000 0.000000 0.000000
0.000000 0.000000 0.000000 0.000000 0.000000 0.000000 0.000000 0.000000 0.000000 0.000000 0.000000 0.000000 0.000000 0.000000 0.000000 0.000000 0.000000 0.000000 0.000000 0.000000 0.000000