geotop/1.0zi/1.0Montebello/Templates/testdem/maps/_Eocclay7284.asc
ncols         21
nrows         20
xllcorner     100.000000
yllcorner     100.000000
cellsize      50.000000
NODATA_value  -9999.0
0.000000 0.000000 0.000000 0.000000 0.000000 0.000000 0.000000 0.000000 0.000000 0.000000 0.000000 0.000000 0.000000 0.000000 0.000000 0.000000 0.000000 0.000000 0.000000 0.000000 0.000000
0.000000 0.000000 0.349665 0.349667 0.349667 0.349666 0.349667 0.349667 0.349667 0.349667 0.349666 0.349667 0.349667 0.349667 0.349667 0.349667 0.349665 0.349665 0.349666 0.000000 0.000000
0.000000 0.000000 0.349986 0.349986 0.349987 0.349988 0.349986 0.349986 0.349986 0.349986 0.349986 0.349986 0.349986 0.349985 0.349987 0.349986 0.349988 0.349987 0.349985 0.000000 0.000000
0.000000 0.000000 0.349978 0.349983 0.349979 0.349980 0.349981 0.349981 0.349983 0.349979 0.349983 0.349981 0.349981 0.349980 0.349981 0.349983 0.349980 0.349984 0.349983 0.000000 0.000000
0.000000 0.000000 0.350792 0.350790 0.350786 0.350782 0.350768 0.350766 0.350764 0.350766 0.350764 0.350764 0.350761 0.350765 0.350772 0.350773 0.350779 0.350781 0.350789 0.000000 0.000000
0.000000 0.000000 0.353178 0.353176 0.353166 0.353141 0.353128 0.353106 0.353108 0.353101 0.353105 0.353105 0.353107 0.353108 0.353117 0.353135 0.353147 0.353161 0.353168 0.000000 0.000000
0.000000 0.000000 0.356510 0.356507 0.356499 0.356478 0.356450 0.356416 0.356415 0.356410 0.356411 0.356412 0.356412 0.356413 0.356442 0.356469 0.356483 0.356495 0.356503 0.000000 0.000000
0.000000 0.000000 0.360488 0.360486 0.360479 0.360453 0.360426 0.360389 0.360389 0.360385 0.360384 0.360382 0.360380 0.360387 0.360418 0.360441 0.360464 0.360472 0.360485 0.000000 0.000000
0.000000 0.000000 0.364641 0.364635 0.364623 0.364607 0.364579 0.364541 0.364545 0.364536 0.364533 0.364531 0.364532 0.364531 0.364568 0.364598 0.364615 0.364623 0.364634 0.000000 0.000000
0.000000 0.000000 0.368968 0.368960 0.368954 0.368939 0.368897 0.368863 0.368865 0.368860 0.368854 0.368857 0.368862 0.368860 0.368891 0.368925 0.368946 0.368953 0.368961 0.000000 0.000000
0.000000 0.000000 0.373593 0.373588 0.373580 0.373549 0.373521 0.373480 0.373490 0.373468 0.373470 0.373470 0.373462 0.373477 0.373503 0.373525 0.373550 0.373564 0.373583 0.000000 0.000000
0.000000 0.000000 0.378610 0.378597 0.378582 0.378560 0.378530 0.378481 0.378481 0.378473 0.378484 0.378467 0.378471 0.378475 0.378523 0.378547 0.378565 0.378575 0.378621 0.000000 0.000000
0.000000 0.000000 0.383935 0.383922 0.383914 0.383887 0.383860 0.383744 0.383744 0.383735 0.383707 0.383721 0.383728 0.383739 0.383827 0.383852 0.383894 0.383900 0.383927 0.000000 0.000000
0.000000 0.000000 0.389990 0.389984 0.389962 0.389941 0.389809 0.389800 0.389774 0.389772 0.389774 0.389769 0.389767 0.389763 0.389763 0.389901 0.389929 0.389966 0.389999 0.000000 0.000000
0.000000 0.000000 0.396958 0.396947 0.396917 0.396761 0.396748 0.396671 0.396628 0.396619 0.396593 0.396573 0.396590 0.396585 0.396657 0.396683 0.396892 0.396868 0.396882 0.000000 0.000000
0.000000 0.000000 0.404571 0.404560 0.404338 0.404360 0.404348 0.404308 0.404380 0.404351 0.404387 0.404364 0.404333 0.404387 0.404407 0.404420 0.404315 0.404617 0.404617 0.000000 0.000000
0.000000 0.000000 0.413920 0.413577 0.413576 0.413466 0.413294 0.413238 0.413175 0.413186 0.413097 0.413099 0.413146 0.413107 0.413192 0.413320 0.413559 0.413477 0.413830 0.000000 0.000000
0.000000 0.000000 0.418976 0.419201 0.419524 0.419491 0.419453 0.419147 0.419170 0.419090 0.419195 0.419169 0.419166 0.419197 0.419465 0.419492 0.419580 0.419289 0.419078 0.000000 0.000000
0.000000 0.000000 0.350000 0.350000 0.350000 0.350000 0.350000 0.350000 0.350000 0.350000 0.350000 0.350000 0.350000 0.350000 0.350000 0.350000 0.350000 0.350000 0.350000 0.000000 0.000000
0.000000 0.000000 0.000000 0.000000 0.000000 0.000000 0.000000 0.000000 0.000000 0.000000 0.000000 0.000000 0.000000 0.000000 0.000000 0.000000 0.000000 0.000000 0.000000 0.000000 0.000000