geotop/1.0zi/1.0Montebello/Templates/testdem/maps/_Eocsand3951.asc
ncols         21
nrows         20
xllcorner     100.000000
yllcorner     100.000000
cellsize      50.000000
NODATA_value  -9999.0
0.000000 0.000000 0.000000 0.000000 0.000000 0.000000 0.000000 0.000000 0.000000 0.000000 0.000000 0.000000 0.000000 0.000000 0.000000 0.000000 0.000000 0.000000 0.000000 0.000000 0.000000
0.000000 0.000000 0.300100 0.300099 0.300099 0.300099 0.300099 0.300099 0.300099 0.300099 0.300099 0.300099 0.300099 0.300099 0.300099 0.300099 0.300099 0.300099 0.300100 0.000000 0.000000
0.000000 0.000000 0.300005 0.300004 0.300004 0.300004 0.300004 0.300003 0.300003 0.300003 0.300004 0.300004 0.300003 0.300003 0.300004 0.300004 0.300006 0.300006 0.300005 0.000000 0.000000
0.000000 0.000000 0.299974 0.299973 0.299975 0.299979 0.299976 0.299979 0.299976 0.299977 0.299977 0.299978 0.299978 0.299980 0.299976 0.299973 0.299973 0.299971 0.299973 0.000000 0.000000
0.000000 0.000000 0.299290 0.299285 0.299289 0.299289 0.299298 0.299304 0.299305 0.299308 0.299307 0.299306 0.299306 0.299305 0.299298 0.299299 0.299299 0.299295 0.299290 0.000000 0.000000
0.000000 0.000000 0.297108 0.297105 0.297114 0.297128 0.297138 0.297161 0.297161 0.297171 0.297163 0.297161 0.297158 0.297155 0.297152 0.297140 0.297134 0.297130 0.297125 0.000000 0.000000
0.000000 0.000000 0.293887 0.293888 0.293897 0.293922 0.293952 0.293989 0.293987 0.293994 0.293987 0.293989 0.293987 0.293980 0.293948 0.293919 0.293910 0.293905 0.293896 0.000000 0.000000
0.000000 0.000000 0.290198 0.290200 0.290211 0.290241 0.290275 0.290312 0.290309 0.290316 0.290314 0.290315 0.290315 0.290309 0.290268 0.290237 0.290222 0.290220 0.290210 0.000000 0.000000
0.000000 0.000000 0.286503 0.286508 0.286524 0.286547 0.286580 0.286623 0.286621 0.286629 0.286627 0.286626 0.286625 0.286617 0.286579 0.286544 0.286533 0.286528 0.286514 0.000000 0.000000
0.000000 0.000000 0.282836 0.282842 0.282855 0.282880 0.282919 0.282957 0.282953 0.282959 0.282957 0.282957 0.282957 0.282952 0.282910 0.282875 0.282864 0.282860 0.282849 0.000000 0.000000
0.000000 0.000000 0.279141 0.279147 0.279160 0.279180 0.279211 0.279257 0.279253 0.279263 0.279261 0.279260 0.279259 0.279253 0.279217 0.279191 0.279176 0.279171 0.279158 0.000000 0.000000
0.000000 0.000000 0.275340 0.275346 0.275361 0.275390 0.275423 0.275467 0.275468 0.275475 0.275473 0.275474 0.275472 0.275466 0.275420 0.275390 0.275376 0.275372 0.275329 0.000000 0.000000
0.000000 0.000000 0.271511 0.271518 0.271534 0.271557 0.271595 0.271679 0.271679 0.271687 0.271686 0.271685 0.271685 0.271676 0.271601 0.271565 0.271551 0.271547 0.271520 0.000000 0.000000
0.000000 0.000000 0.267487 0.267500 0.267514 0.267538 0.267623 0.267651 0.267664 0.267671 0.267668 0.267669 0.267669 0.267661 0.267629 0.267550 0.267535 0.267521 0.267506 0.000000 0.000000
0.000000 0.000000 0.263179 0.263189 0.263219 0.263291 0.263338 0.263391 0.263418 0.263428 0.263437 0.263439 0.263431 0.263432 0.263386 0.263327 0.263246 0.263251 0.263239 0.000000 0.000000
0.000000 0.000000 0.258765 0.258776 0.258863 0.258884 0.258917 0.258948 0.258954 0.258958 0.258953 0.258955 0.258961 0.258939 0.258918 0.258890 0.258889 0.258807 0.258785 0.000000 0.000000
0.000000 0.000000 0.253905 0.254005 0.254085 0.254121 0.254184 0.254218 0.254227 0.254232 0.254242 0.254241 0.254236 0.254235 0.254207 0.254142 0.254105 0.254060 0.253959 0.000000 0.000000
0.000000 0.000000 0.250049 0.250079 0.250027 0.250072 0.250132 0.250237 0.250249 0.250260 0.250256 0.250257 0.250258 0.250244 0.250147 0.250087 0.250026 0.250116 0.250068 0.000000 0.000000
0.000000 0.000000 0.300000 0.300000 0.300000 0.300000 0.300000 0.300000 0.300000 0.300000 0.300000 0.300000 0.300000 0.300000 0.300000 0.300000 0.300000 0.300000 0.300000 0.000000 0.000000
0.000000 0.000000 0.000000 0.000000 0.000000 0.000000 0.000000 0.000000 0.000000 0.000000 0.000000 0.000000 0.000000 0.000000 0.000000 0.000000 0.000000 0.000000 0.000000 0.000000 0.000000