geotop/1.0zi/1.0Montebello/Templates/testdem/maps/_Eocclay4309.asc
ncols         21
nrows         20
xllcorner     100.000000
yllcorner     100.000000
cellsize      50.000000
NODATA_value  -9999.0
0.000000 0.000000 0.000000 0.000000 0.000000 0.000000 0.000000 0.000000 0.000000 0.000000 0.000000 0.000000 0.000000 0.000000 0.000000 0.000000 0.000000 0.000000 0.000000 0.000000 0.000000
0.000000 0.000000 0.349805 0.349805 0.349805 0.349805 0.349806 0.349805 0.349805 0.349805 0.349805 0.349805 0.349805 0.349805 0.349805 0.349805 0.349805 0.349805 0.349805 0.000000 0.000000
0.000000 0.000000 0.349993 0.349994 0.349993 0.349993 0.349993 0.349993 0.349993 0.349993 0.349993 0.349993 0.349993 0.349993 0.349993 0.349993 0.349993 0.349993 0.349993 0.000000 0.000000
0.000000 0.000000 0.349994 0.349995 0.349993 0.349994 0.349995 0.349995 0.349996 0.349995 0.349995 0.349994 0.349994 0.349993 0.349996 0.349997 0.349996 0.349996 0.349995 0.000000 0.000000
0.000000 0.000000 0.350335 0.350335 0.350333 0.350333 0.350326 0.350325 0.350325 0.350325 0.350324 0.350326 0.350323 0.350322 0.350326 0.350326 0.350327 0.350326 0.350329 0.000000 0.000000
0.000000 0.000000 0.351536 0.351536 0.351530 0.351521 0.351518 0.351509 0.351509 0.351504 0.351508 0.351508 0.351510 0.351507 0.351505 0.351510 0.351515 0.351520 0.351525 0.000000 0.000000
0.000000 0.000000 0.353320 0.353315 0.353309 0.353297 0.353284 0.353264 0.353264 0.353260 0.353263 0.353264 0.353264 0.353263 0.353276 0.353292 0.353300 0.353304 0.353309 0.000000 0.000000
0.000000 0.000000 0.355333 0.355330 0.355325 0.355309 0.355297 0.355279 0.355281 0.355278 0.355279 0.355279 0.355275 0.355273 0.355289 0.355304 0.355311 0.355315 0.355322 0.000000 0.000000
0.000000 0.000000 0.357350 0.357345 0.357337 0.357326 0.357313 0.357293 0.357295 0.357291 0.357291 0.357292 0.357289 0.357289 0.357303 0.357321 0.357327 0.357330 0.357338 0.000000 0.000000
0.000000 0.000000 0.359360 0.359354 0.359348 0.359335 0.359319 0.359301 0.359304 0.359301 0.359301 0.359302 0.359298 0.359296 0.359313 0.359331 0.359338 0.359341 0.359348 0.000000 0.000000
0.000000 0.000000 0.361409 0.361403 0.361395 0.361386 0.361374 0.361352 0.361355 0.361349 0.361350 0.361351 0.361348 0.361346 0.361360 0.361373 0.361382 0.361386 0.361394 0.000000 0.000000
0.000000 0.000000 0.363526 0.363520 0.363511 0.363497 0.363484 0.363463 0.363463 0.363460 0.363460 0.363460 0.363457 0.363454 0.363474 0.363489 0.363498 0.363501 0.363525 0.000000 0.000000
0.000000 0.000000 0.365666 0.365660 0.365650 0.365639 0.365623 0.365580 0.365581 0.365577 0.365577 0.365578 0.365574 0.365573 0.365609 0.365628 0.365636 0.365640 0.365655 0.000000 0.000000
0.000000 0.000000 0.367928 0.367918 0.367910 0.367898 0.367855 0.367842 0.367836 0.367832 0.367833 0.367834 0.367829 0.367828 0.367840 0.367884 0.367893 0.367902 0.367911 0.000000 0.000000
0.000000 0.000000 0.370361 0.370352 0.370335 0.370295 0.370274 0.370247 0.370233 0.370228 0.370222 0.370222 0.370222 0.370216 0.370236 0.370267 0.370315 0.370314 0.370321 0.000000 0.000000
0.000000 0.000000 0.372867 0.372857 0.372806 0.372795 0.372782 0.372768 0.372766 0.372765 0.372767 0.372766 0.372758 0.372765 0.372770 0.372784 0.372786 0.372836 0.372850 0.000000 0.000000
0.000000 0.000000 0.375642 0.375578 0.375532 0.375512 0.375480 0.375463 0.375460 0.375457 0.375450 0.375451 0.375449 0.375443 0.375454 0.375491 0.375515 0.375542 0.375603 0.000000 0.000000
0.000000 0.000000 0.377819 0.377799 0.377830 0.377804 0.377776 0.377717 0.377712 0.377705 0.377708 0.377707 0.377702 0.377704 0.377755 0.377787 0.377824 0.377773 0.377801 0.000000 0.000000
0.000000 0.000000 0.350000 0.350000 0.350000 0.350000 0.350000 0.350000 0.350000 0.350000 0.350000 0.350000 0.350000 0.350000 0.350000 0.350000 0.350000 0.350000 0.350000 0.000000 0.000000
0.000000 0.000000 0.000000 0.000000 0.000000 0.000000 0.000000 0.000000 0.000000 0.000000 0.000000 0.000000 0.000000 0.000000 0.000000 0.000000 0.000000 0.000000 0.000000 0.000000 0.000000