geotop/1.0zi/1.0Montebello/Templates/testdem/maps/_Eocclay6185.asc
ncols         21
nrows         20
xllcorner     100.000000
yllcorner     100.000000
cellsize      50.000000
NODATA_value  -9999.0
0.000000 0.000000 0.000000 0.000000 0.000000 0.000000 0.000000 0.000000 0.000000 0.000000 0.000000 0.000000 0.000000 0.000000 0.000000 0.000000 0.000000 0.000000 0.000000 0.000000 0.000000
0.000000 0.000000 0.349728 0.349728 0.349729 0.349728 0.349729 0.349729 0.349729 0.349729 0.349727 0.349729 0.349729 0.349728 0.349729 0.349729 0.349727 0.349727 0.349728 0.000000 0.000000
0.000000 0.000000 0.349989 0.349990 0.349989 0.349990 0.349989 0.349989 0.349989 0.349989 0.349989 0.349988 0.349989 0.349988 0.349989 0.349989 0.349990 0.349990 0.349988 0.000000 0.000000
0.000000 0.000000 0.349982 0.349985 0.349983 0.349983 0.349985 0.349985 0.349986 0.349983 0.349988 0.349985 0.349985 0.349986 0.349985 0.349987 0.349985 0.349987 0.349986 0.000000 0.000000
0.000000 0.000000 0.350507 0.350506 0.350504 0.350502 0.350490 0.350487 0.350487 0.350490 0.350487 0.350486 0.350481 0.350483 0.350490 0.350489 0.350493 0.350495 0.350502 0.000000 0.000000
0.000000 0.000000 0.352209 0.352209 0.352203 0.352182 0.352176 0.352158 0.352158 0.352154 0.352157 0.352158 0.352162 0.352161 0.352165 0.352179 0.352187 0.352198 0.352202 0.000000 0.000000
0.000000 0.000000 0.354776 0.354774 0.354769 0.354752 0.354731 0.354702 0.354702 0.354697 0.354699 0.354701 0.354701 0.354700 0.354722 0.354745 0.354755 0.354763 0.354771 0.000000 0.000000
0.000000 0.000000 0.357880 0.357879 0.357875 0.357855 0.357833 0.357803 0.357803 0.357800 0.357800 0.357799 0.357797 0.357803 0.357826 0.357846 0.357862 0.357868 0.357878 0.000000 0.000000
0.000000 0.000000 0.361067 0.361064 0.361056 0.361044 0.361022 0.360992 0.360994 0.360988 0.360986 0.360987 0.360986 0.360985 0.361013 0.361036 0.361050 0.361054 0.361063 0.000000 0.000000
0.000000 0.000000 0.364317 0.364311 0.364307 0.364298 0.364267 0.364239 0.364241 0.364237 0.364233 0.364237 0.364241 0.364238 0.364261 0.364287 0.364303 0.364306 0.364313 0.000000 0.000000
0.000000 0.000000 0.367713 0.367709 0.367707 0.367684 0.367663 0.367632 0.367638 0.367624 0.367624 0.367625 0.367621 0.367629 0.367649 0.367666 0.367683 0.367693 0.367707 0.000000 0.000000
0.000000 0.000000 0.371303 0.371295 0.371285 0.371269 0.371250 0.371213 0.371214 0.371206 0.371214 0.371205 0.371206 0.371209 0.371244 0.371260 0.371273 0.371278 0.371313 0.000000 0.000000
0.000000 0.000000 0.375023 0.375016 0.375012 0.374993 0.374976 0.374898 0.374897 0.374891 0.374874 0.374883 0.374889 0.374895 0.374953 0.374969 0.374997 0.375000 0.375025 0.000000 0.000000
0.000000 0.000000 0.379104 0.379099 0.379088 0.379075 0.378997 0.378980 0.378962 0.378961 0.378956 0.378958 0.378958 0.378956 0.378965 0.379044 0.379067 0.379087 0.379113 0.000000 0.000000
0.000000 0.000000 0.383643 0.383636 0.383619 0.383535 0.383513 0.383467 0.383437 0.383432 0.383417 0.383408 0.383417 0.383411 0.383449 0.383483 0.383601 0.383590 0.383606 0.000000 0.000000
0.000000 0.000000 0.388487 0.388481 0.388369 0.388356 0.388350 0.388323 0.388348 0.388335 0.388345 0.388333 0.388319 0.388343 0.388361 0.388371 0.388353 0.388498 0.388501 0.000000 0.000000
0.000000 0.000000 0.394126 0.393969 0.393926 0.393881 0.393807 0.393772 0.393755 0.393754 0.393719 0.393715 0.393732 0.393724 0.393767 0.393824 0.393916 0.393933 0.394094 0.000000 0.000000
0.000000 0.000000 0.398066 0.398093 0.398238 0.398204 0.398155 0.398011 0.398009 0.397976 0.398002 0.397993 0.398001 0.398007 0.398139 0.398176 0.398262 0.398114 0.398097 0.000000 0.000000
0.000000 0.000000 0.350000 0.350000 0.350000 0.350000 0.350000 0.350000 0.350000 0.350000 0.350000 0.350000 0.350000 0.350000 0.350000 0.350000 0.350000 0.350000 0.350000 0.000000 0.000000
0.000000 0.000000 0.000000 0.000000 0.000000 0.000000 0.000000 0.000000 0.000000 0.000000 0.000000 0.000000 0.000000 0.000000 0.000000 0.000000 0.000000 0.000000 0.000000 0.000000 0.000000