geotop/1.0zi/1.0Montebello/Templates/testdem/maps/_Eocsand4107.asc
ncols         21
nrows         20
xllcorner     100.000000
yllcorner     100.000000
cellsize      50.000000
NODATA_value  -9999.0
0.000000 0.000000 0.000000 0.000000 0.000000 0.000000 0.000000 0.000000 0.000000 0.000000 0.000000 0.000000 0.000000 0.000000 0.000000 0.000000 0.000000 0.000000 0.000000 0.000000 0.000000
0.000000 0.000000 0.300105 0.300104 0.300104 0.300104 0.300104 0.300104 0.300104 0.300104 0.300104 0.300104 0.300104 0.300104 0.300104 0.300104 0.300104 0.300104 0.300105 0.000000 0.000000
0.000000 0.000000 0.300005 0.300004 0.300004 0.300004 0.300004 0.300003 0.300003 0.300004 0.300004 0.300004 0.300003 0.300003 0.300004 0.300004 0.300006 0.300006 0.300005 0.000000 0.000000
0.000000 0.000000 0.299974 0.299973 0.299976 0.299979 0.299977 0.299979 0.299977 0.299978 0.299977 0.299979 0.299979 0.299980 0.299976 0.299972 0.299973 0.299971 0.299974 0.000000 0.000000
0.000000 0.000000 0.299286 0.299282 0.299286 0.299285 0.299293 0.299297 0.299298 0.299301 0.299303 0.299298 0.299302 0.299302 0.299297 0.299297 0.299298 0.299293 0.299288 0.000000 0.000000
0.000000 0.000000 0.297015 0.297014 0.297021 0.297032 0.297037 0.297058 0.297059 0.297068 0.297060 0.297058 0.297055 0.297061 0.297063 0.297053 0.297044 0.297040 0.297033 0.000000 0.000000
0.000000 0.000000 0.293650 0.293655 0.293660 0.293679 0.293699 0.293732 0.293729 0.293735 0.293729 0.293731 0.293735 0.293739 0.293718 0.293691 0.293679 0.293672 0.293660 0.000000 0.000000
0.000000 0.000000 0.289785 0.289791 0.289799 0.289824 0.289846 0.289879 0.289875 0.289881 0.289881 0.289881 0.289888 0.289894 0.289863 0.289834 0.289816 0.289811 0.289800 0.000000 0.000000
0.000000 0.000000 0.285903 0.285912 0.285926 0.285943 0.285964 0.286003 0.286000 0.286007 0.286007 0.286005 0.286011 0.286015 0.285987 0.285954 0.285939 0.285932 0.285917 0.000000 0.000000
0.000000 0.000000 0.282041 0.282050 0.282060 0.282079 0.282107 0.282141 0.282135 0.282141 0.282141 0.282140 0.282147 0.282154 0.282122 0.282088 0.282074 0.282068 0.282056 0.000000 0.000000
0.000000 0.000000 0.278138 0.278147 0.278158 0.278172 0.278191 0.278232 0.278227 0.278237 0.278236 0.278234 0.278242 0.278248 0.278221 0.278197 0.278179 0.278171 0.278157 0.000000 0.000000
0.000000 0.000000 0.274113 0.274122 0.274136 0.274158 0.274179 0.274219 0.274219 0.274224 0.274224 0.274225 0.274230 0.274238 0.274201 0.274172 0.274155 0.274149 0.274104 0.000000 0.000000
0.000000 0.000000 0.270049 0.270059 0.270074 0.270090 0.270116 0.270197 0.270196 0.270203 0.270204 0.270203 0.270211 0.270216 0.270148 0.270113 0.270096 0.270089 0.270061 0.000000 0.000000
0.000000 0.000000 0.265766 0.265782 0.265794 0.265811 0.265888 0.265910 0.265922 0.265928 0.265927 0.265927 0.265936 0.265942 0.265921 0.265839 0.265821 0.265804 0.265787 0.000000 0.000000
0.000000 0.000000 0.261169 0.261183 0.261212 0.261280 0.261315 0.261364 0.261390 0.261399 0.261411 0.261412 0.261412 0.261428 0.261392 0.261333 0.261244 0.261247 0.261234 0.000000 0.000000
0.000000 0.000000 0.256449 0.256463 0.256554 0.256567 0.256586 0.256610 0.256614 0.256616 0.256613 0.256615 0.256631 0.256622 0.256614 0.256589 0.256585 0.256494 0.256470 0.000000 0.000000
0.000000 0.000000 0.251233 0.251346 0.251427 0.251456 0.251508 0.251536 0.251542 0.251547 0.251560 0.251559 0.251563 0.251579 0.251562 0.251495 0.251453 0.251404 0.251292 0.000000 0.000000
0.000000 0.000000 0.247122 0.247154 0.247092 0.247131 0.247177 0.247282 0.247291 0.247302 0.247299 0.247301 0.247312 0.247313 0.247222 0.247163 0.247096 0.247192 0.247143 0.000000 0.000000
0.000000 0.000000 0.300000 0.300000 0.300000 0.300000 0.300000 0.300000 0.300000 0.300000 0.300000 0.300000 0.300000 0.300000 0.300000 0.300000 0.300000 0.300000 0.300000 0.000000 0.000000
0.000000 0.000000 0.000000 0.000000 0.000000 0.000000 0.000000 0.000000 0.000000 0.000000 0.000000 0.000000 0.000000 0.000000 0.000000 0.000000 0.000000 0.000000 0.000000 0.000000 0.000000