geotop/1.0zi/1.0Montebello/Templates/testdem/maps/_Eocsand5733.asc
ncols         21
nrows         20
xllcorner     100.000000
yllcorner     100.000000
cellsize      50.000000
NODATA_value  -9999.0
0.000000 0.000000 0.000000 0.000000 0.000000 0.000000 0.000000 0.000000 0.000000 0.000000 0.000000 0.000000 0.000000 0.000000 0.000000 0.000000 0.000000 0.000000 0.000000 0.000000 0.000000
0.000000 0.000000 0.300142 0.300141 0.300141 0.300141 0.300141 0.300140 0.300141 0.300141 0.300141 0.300141 0.300141 0.300141 0.300141 0.300141 0.300141 0.300141 0.300142 0.000000 0.000000
0.000000 0.000000 0.300009 0.300008 0.300008 0.300008 0.300008 0.300008 0.300008 0.300008 0.300008 0.300008 0.300007 0.300007 0.300008 0.300008 0.300009 0.300010 0.300009 0.000000 0.000000
0.000000 0.000000 0.299967 0.299966 0.299969 0.299973 0.299971 0.299973 0.299970 0.299972 0.299971 0.299973 0.299973 0.299974 0.299970 0.299965 0.299966 0.299963 0.299965 0.000000 0.000000
0.000000 0.000000 0.298997 0.298994 0.298996 0.299004 0.299018 0.299026 0.299026 0.299027 0.299030 0.299028 0.299031 0.299029 0.299020 0.299018 0.299014 0.299003 0.298995 0.000000 0.000000
0.000000 0.000000 0.295912 0.295907 0.295917 0.295949 0.295966 0.296000 0.296002 0.296010 0.296002 0.296000 0.295996 0.296000 0.295990 0.295972 0.295957 0.295942 0.295933 0.000000 0.000000
0.000000 0.000000 0.291348 0.291353 0.291358 0.291392 0.291433 0.291483 0.291482 0.291488 0.291483 0.291481 0.291484 0.291483 0.291449 0.291411 0.291394 0.291376 0.291364 0.000000 0.000000
0.000000 0.000000 0.285828 0.285827 0.285828 0.285865 0.285905 0.285959 0.285957 0.285963 0.285962 0.285963 0.285966 0.285960 0.285921 0.285885 0.285856 0.285848 0.285830 0.000000 0.000000
0.000000 0.000000 0.280135 0.280143 0.280155 0.280177 0.280216 0.280274 0.280270 0.280280 0.280284 0.280282 0.280282 0.280287 0.280237 0.280197 0.280171 0.280162 0.280146 0.000000 0.000000
0.000000 0.000000 0.274402 0.274411 0.274415 0.274430 0.274487 0.274537 0.274533 0.274539 0.274547 0.274538 0.274533 0.274540 0.274500 0.274455 0.274427 0.274423 0.274412 0.000000 0.000000
0.000000 0.000000 0.268486 0.268492 0.268492 0.268533 0.268571 0.268627 0.268615 0.268642 0.268640 0.268637 0.268645 0.268632 0.268600 0.268571 0.268541 0.268524 0.268500 0.000000 0.000000
0.000000 0.000000 0.262280 0.262294 0.262308 0.262336 0.262370 0.262437 0.262434 0.262450 0.262433 0.262449 0.262446 0.262442 0.262385 0.262358 0.262337 0.262328 0.262265 0.000000 0.000000
0.000000 0.000000 0.255913 0.255925 0.255929 0.255961 0.255992 0.256127 0.256126 0.256138 0.256165 0.256150 0.256140 0.256131 0.256035 0.256010 0.255962 0.255958 0.255913 0.000000 0.000000
0.000000 0.000000 0.249005 0.249013 0.249028 0.249049 0.249179 0.249213 0.249242 0.249244 0.249254 0.249249 0.249248 0.249254 0.249239 0.249111 0.249071 0.249038 0.248993 0.000000 0.000000
0.000000 0.000000 0.241404 0.241414 0.241441 0.241574 0.241617 0.241695 0.241746 0.241753 0.241778 0.241792 0.241777 0.241790 0.241733 0.241671 0.241480 0.241495 0.241468 0.000000 0.000000
0.000000 0.000000 0.233371 0.233381 0.233553 0.233584 0.233595 0.233646 0.233611 0.233632 0.233617 0.233636 0.233657 0.233624 0.233595 0.233577 0.233589 0.233367 0.233361 0.000000 0.000000
0.000000 0.000000 0.224189 0.224424 0.224506 0.224575 0.224689 0.224748 0.224766 0.224769 0.224820 0.224827 0.224806 0.224816 0.224753 0.224668 0.224534 0.224479 0.224241 0.000000 0.000000
0.000000 0.000000 0.217464 0.217457 0.217249 0.217308 0.217400 0.217622 0.217627 0.217676 0.217644 0.217657 0.217643 0.217639 0.217437 0.217372 0.217223 0.217438 0.217430 0.000000 0.000000
0.000000 0.000000 0.300000 0.300000 0.300000 0.300000 0.300000 0.300000 0.300000 0.300000 0.300000 0.300000 0.300000 0.300000 0.300000 0.300000 0.300000 0.300000 0.300000 0.000000 0.000000
0.000000 0.000000 0.000000 0.000000 0.000000 0.000000 0.000000 0.000000 0.000000 0.000000 0.000000 0.000000 0.000000 0.000000 0.000000 0.000000 0.000000 0.000000 0.000000 0.000000 0.000000