geotop/1.0zi/1.0Montebello/Templates/testdem/maps/_Eocsilt077$.asc
ncols         21
nrows         20
xllcorner     100.000000
yllcorner     100.000000
cellsize      50.000000
NODATA_value  -9999.0
0.000000 0.000000 0.000000 0.000000 0.000000 0.000000 0.000000 0.000000 0.000000 0.000000 0.000000 0.000000 0.000000 0.000000 0.000000 0.000000 0.000000 0.000000 0.000000 0.000000 0.000000
0.000000 0.000000 0.350235 0.350235 0.350235 0.350236 0.350235 0.350235 0.350235 0.350235 0.350235 0.350234 0.350234 0.350234 0.350235 0.350235 0.350236 0.350236 0.350235 0.000000 0.000000
0.000000 0.000000 0.350009 0.350009 0.350009 0.350008 0.350010 0.350010 0.350009 0.350010 0.350010 0.350010 0.350010 0.350010 0.350009 0.350009 0.350007 0.350007 0.350008 0.000000 0.000000
0.000000 0.000000 0.350203 0.350199 0.350192 0.350188 0.350186 0.350181 0.350183 0.350184 0.350183 0.350186 0.350186 0.350187 0.350188 0.350193 0.350196 0.350200 0.350201 0.000000 0.000000
0.000000 0.000000 0.351922 0.351927 0.351916 0.351890 0.351880 0.351871 0.351876 0.351873 0.351872 0.351874 0.351880 0.351878 0.351893 0.351902 0.351910 0.351916 0.351920 0.000000 0.000000
0.000000 0.000000 0.356354 0.356347 0.356329 0.356295 0.356258 0.356228 0.356228 0.356224 0.356223 0.356224 0.356229 0.356225 0.356245 0.356272 0.356288 0.356299 0.356305 0.000000 0.000000
0.000000 0.000000 0.362503 0.362490 0.362470 0.362423 0.362376 0.362313 0.362317 0.362314 0.362307 0.362306 0.362304 0.362308 0.362357 0.362394 0.362420 0.362438 0.362446 0.000000 0.000000
0.000000 0.000000 0.369863 0.369846 0.369826 0.369766 0.369715 0.369656 0.369658 0.369653 0.369644 0.369641 0.369639 0.369647 0.369693 0.369738 0.369778 0.369786 0.369802 0.000000 0.000000
0.000000 0.000000 0.378156 0.378131 0.378097 0.378049 0.377989 0.377915 0.377922 0.377912 0.377900 0.377898 0.377902 0.377897 0.377966 0.378019 0.378052 0.378067 0.378080 0.000000 0.000000
0.000000 0.000000 0.387591 0.387558 0.387526 0.387474 0.387406 0.387327 0.387328 0.387324 0.387305 0.387312 0.387320 0.387316 0.387370 0.387441 0.387481 0.387498 0.387503 0.000000 0.000000
0.000000 0.000000 0.398692 0.398663 0.398635 0.398516 0.398485 0.398376 0.398400 0.398351 0.398353 0.398344 0.398324 0.398354 0.398419 0.398463 0.398520 0.398542 0.398590 0.000000 0.000000
0.000000 0.000000 0.412090 0.412025 0.411946 0.411894 0.411829 0.411688 0.411675 0.411683 0.411694 0.411653 0.411674 0.411656 0.411783 0.411860 0.411889 0.411910 0.412003 0.000000 0.000000
0.000000 0.000000 0.427181 0.427122 0.427104 0.426981 0.426904 0.426511 0.426501 0.426480 0.426324 0.426430 0.426428 0.426464 0.426748 0.426806 0.426959 0.426968 0.426967 0.000000 0.000000
0.000000 0.000000 0.444535 0.444511 0.444380 0.444316 0.443819 0.444073 0.443968 0.443973 0.444067 0.443974 0.443961 0.443894 0.443670 0.444220 0.444212 0.444343 0.444414 0.000000 0.000000
0.000000 0.000000 0.458725 0.458686 0.458632 0.458246 0.458430 0.458171 0.458129 0.458104 0.458005 0.457985 0.458025 0.458034 0.458256 0.458073 0.458572 0.458453 0.458428 0.000000 0.000000
0.000000 0.000000 0.467111 0.467090 0.466933 0.466872 0.466905 0.466826 0.466870 0.466849 0.466849 0.466838 0.466826 0.466858 0.466908 0.466874 0.466889 0.467055 0.467044 0.000000 0.000000
0.000000 0.000000 0.472240 0.472269 0.472076 0.472149 0.472153 0.472144 0.472228 0.472204 0.472249 0.472238 0.472201 0.472251 0.472233 0.472231 0.472045 0.472330 0.472281 0.000000 0.000000
0.000000 0.000000 0.476851 0.476656 0.476529 0.476516 0.476442 0.476489 0.476478 0.476496 0.476445 0.476450 0.476462 0.476450 0.476417 0.476471 0.476495 0.476602 0.476795 0.000000 0.000000
0.000000 0.000000 0.350000 0.350000 0.350000 0.350000 0.350000 0.350000 0.350000 0.350000 0.350000 0.350000 0.350000 0.350000 0.350000 0.350000 0.350000 0.350000 0.350000 0.000000 0.000000
0.000000 0.000000 0.000000 0.000000 0.000000 0.000000 0.000000 0.000000 0.000000 0.000000 0.000000 0.000000 0.000000 0.000000 0.000000 0.000000 0.000000 0.000000 0.000000 0.000000 0.000000