geotop/1.0zi/1.0Montebello/Templates/testdem/maps/_Eocclay2425.asc
ncols         21
nrows         20
xllcorner     100.000000
yllcorner     100.000000
cellsize      50.000000
NODATA_value  -9999.0
0.000000 0.000000 0.000000 0.000000 0.000000 0.000000 0.000000 0.000000 0.000000 0.000000 0.000000 0.000000 0.000000 0.000000 0.000000 0.000000 0.000000 0.000000 0.000000 0.000000 0.000000
0.000000 0.000000 0.349867 0.349867 0.349867 0.349867 0.349867 0.349867 0.349867 0.349867 0.349866 0.349867 0.349867 0.349867 0.349867 0.349867 0.349867 0.349867 0.349867 0.000000 0.000000
0.000000 0.000000 0.349990 0.349989 0.349989 0.349990 0.349989 0.349990 0.349990 0.349989 0.349990 0.349989 0.349990 0.349990 0.349989 0.349990 0.349989 0.349989 0.349990 0.000000 0.000000
0.000000 0.000000 0.350750 0.350750 0.350748 0.350749 0.350750 0.350750 0.350750 0.350750 0.350750 0.350750 0.350750 0.350750 0.350750 0.350749 0.350748 0.350750 0.350750 0.000000 0.000000
0.000000 0.000000 0.354226 0.354225 0.354223 0.354223 0.354227 0.354225 0.354226 0.354227 0.354227 0.354227 0.354226 0.354225 0.354227 0.354223 0.354223 0.354225 0.354226 0.000000 0.000000
0.000000 0.000000 0.358243 0.358242 0.358241 0.358241 0.358244 0.358243 0.358243 0.358244 0.358244 0.358244 0.358243 0.358243 0.358244 0.358241 0.358241 0.358242 0.358243 0.000000 0.000000
0.000000 0.000000 0.362054 0.362054 0.362053 0.362053 0.362055 0.362054 0.362054 0.362055 0.362055 0.362055 0.362054 0.362054 0.362055 0.362053 0.362053 0.362054 0.362054 0.000000 0.000000
0.000000 0.000000 0.365556 0.365556 0.365555 0.365555 0.365557 0.365556 0.365556 0.365557 0.365557 0.365557 0.365556 0.365556 0.365557 0.365555 0.365555 0.365556 0.365556 0.000000 0.000000
0.000000 0.000000 0.368824 0.368824 0.368823 0.368823 0.368825 0.368824 0.368824 0.368825 0.368825 0.368825 0.368824 0.368824 0.368825 0.368823 0.368823 0.368824 0.368824 0.000000 0.000000
0.000000 0.000000 0.371933 0.371932 0.371931 0.371932 0.371933 0.371932 0.371933 0.371933 0.371933 0.371933 0.371933 0.371932 0.371933 0.371932 0.371931 0.371932 0.371933 0.000000 0.000000
0.000000 0.000000 0.374917 0.374917 0.374916 0.374916 0.374917 0.374917 0.374917 0.374918 0.374918 0.374918 0.374917 0.374917 0.374917 0.374916 0.374916 0.374917 0.374917 0.000000 0.000000
0.000000 0.000000 0.377804 0.377804 0.377803 0.377803 0.377805 0.377804 0.377804 0.377805 0.377805 0.377805 0.377804 0.377804 0.377805 0.377803 0.377803 0.377804 0.377804 0.000000 0.000000
0.000000 0.000000 0.380615 0.380615 0.380614 0.380614 0.380615 0.380615 0.380615 0.380616 0.380616 0.380616 0.380615 0.380615 0.380615 0.380614 0.380614 0.380615 0.380615 0.000000 0.000000
0.000000 0.000000 0.383365 0.383365 0.383364 0.383364 0.383365 0.383365 0.383365 0.383365 0.383366 0.383365 0.383365 0.383365 0.383365 0.383364 0.383364 0.383365 0.383365 0.000000 0.000000
0.000000 0.000000 0.386064 0.386064 0.386063 0.386063 0.386064 0.386064 0.386064 0.386064 0.386065 0.386064 0.386064 0.386064 0.386064 0.386063 0.386063 0.386064 0.386064 0.000000 0.000000
0.000000 0.000000 0.388715 0.388715 0.388713 0.388714 0.388715 0.388715 0.388715 0.388715 0.388715 0.388715 0.388715 0.388715 0.388715 0.388714 0.388713 0.388715 0.388715 0.000000 0.000000
0.000000 0.000000 0.391321 0.391321 0.391320 0.391320 0.391321 0.391321 0.391321 0.391321 0.391322 0.391321 0.391321 0.391321 0.391321 0.391320 0.391320 0.391321 0.391321 0.000000 0.000000
0.000000 0.000000 0.393920 0.393920 0.393919 0.393919 0.393921 0.393920 0.393920 0.393921 0.393921 0.393921 0.393920 0.393920 0.393921 0.393919 0.393919 0.393920 0.393920 0.000000 0.000000
0.000000 0.000000 0.350000 0.350000 0.350000 0.350000 0.350000 0.350000 0.350000 0.350000 0.350000 0.350000 0.350000 0.350000 0.350000 0.350000 0.350000 0.350000 0.350000 0.000000 0.000000
0.000000 0.000000 0.000000 0.000000 0.000000 0.000000 0.000000 0.000000 0.000000 0.000000 0.000000 0.000000 0.000000 0.000000 0.000000 0.000000 0.000000 0.000000 0.000000 0.000000 0.000000