geotop/1.0zi/1.0Montebello/Templates/testdem/maps/_Eocsand145B.asc
ncols         21
nrows         20
xllcorner     100.000000
yllcorner     100.000000
cellsize      50.000000
NODATA_value  -9999.0
0.000000 0.000000 0.000000 0.000000 0.000000 0.000000 0.000000 0.000000 0.000000 0.000000 0.000000 0.000000 0.000000 0.000000 0.000000 0.000000 0.000000 0.000000 0.000000 0.000000 0.000000
0.000000 0.000000 0.300294 0.300291 0.300291 0.300292 0.300291 0.300291 0.300291 0.300291 0.300292 0.300291 0.300292 0.300292 0.300291 0.300291 0.300292 0.300292 0.300292 0.000000 0.000000
0.000000 0.000000 0.300011 0.300013 0.300014 0.300011 0.300013 0.300014 0.300013 0.300013 0.300013 0.300012 0.300012 0.300013 0.300012 0.300013 0.300014 0.300014 0.300014 0.000000 0.000000
0.000000 0.000000 0.299626 0.299616 0.299631 0.299639 0.299634 0.299644 0.299641 0.299641 0.299645 0.299643 0.299643 0.299638 0.299640 0.299632 0.299628 0.299624 0.299624 0.000000 0.000000
0.000000 0.000000 0.295643 0.295653 0.295672 0.295706 0.295743 0.295756 0.295761 0.295763 0.295771 0.295760 0.295753 0.295758 0.295735 0.295717 0.295697 0.295680 0.295664 0.000000 0.000000
0.000000 0.000000 0.285681 0.285696 0.285742 0.285820 0.285894 0.285960 0.285962 0.285973 0.285983 0.285980 0.285967 0.285976 0.285939 0.285871 0.285839 0.285808 0.285796 0.000000 0.000000
0.000000 0.000000 0.272066 0.272093 0.272139 0.272231 0.272327 0.272469 0.272477 0.272488 0.272504 0.272502 0.272505 0.272501 0.272395 0.272310 0.272260 0.272217 0.272203 0.000000 0.000000
0.000000 0.000000 0.255579 0.255612 0.255661 0.255786 0.255893 0.256029 0.256043 0.256057 0.256079 0.256082 0.256088 0.256070 0.255973 0.255876 0.255792 0.255768 0.255737 0.000000 0.000000
0.000000 0.000000 0.236688 0.236738 0.236816 0.236916 0.237042 0.237214 0.237219 0.237247 0.237275 0.237280 0.237274 0.237286 0.237139 0.237018 0.236951 0.236914 0.236887 0.000000 0.000000
0.000000 0.000000 0.214634 0.214713 0.214788 0.214897 0.215049 0.215231 0.215258 0.215273 0.215319 0.215305 0.215276 0.215287 0.215173 0.215009 0.214923 0.214880 0.214871 0.000000 0.000000
0.000000 0.000000 0.187935 0.188013 0.188081 0.188355 0.188416 0.188683 0.188643 0.188772 0.188762 0.188786 0.188837 0.188763 0.188623 0.188520 0.188390 0.188336 0.188221 0.000000 0.000000
0.000000 0.000000 0.155090 0.155258 0.155457 0.155551 0.155694 0.156045 0.156108 0.156076 0.156063 0.156170 0.156110 0.156151 0.155861 0.155664 0.155612 0.155557 0.155338 0.000000 0.000000
0.000000 0.000000 0.119025 0.119165 0.119183 0.119462 0.119628 0.120569 0.120633 0.120693 0.121081 0.120805 0.120817 0.120727 0.120068 0.119935 0.119574 0.119528 0.119584 0.000000 0.000000
0.000000 0.000000 0.082605 0.082627 0.082900 0.082996 0.083958 0.083387 0.083615 0.083605 0.083392 0.083600 0.083625 0.083762 0.084240 0.083154 0.083201 0.082951 0.082819 0.000000 0.000000
0.000000 0.000000 0.059008 0.059060 0.059168 0.059670 0.059553 0.059820 0.059904 0.059937 0.060043 0.060090 0.060035 0.060043 0.059806 0.059927 0.059287 0.059411 0.059430 0.000000 0.000000
0.000000 0.000000 0.044617 0.044657 0.044861 0.045058 0.044985 0.045141 0.045114 0.045150 0.045175 0.045203 0.045204 0.045168 0.045050 0.045123 0.044943 0.044788 0.044807 0.000000 0.000000
0.000000 0.000000 0.034613 0.034687 0.034841 0.034948 0.034931 0.035029 0.035002 0.035024 0.035042 0.035057 0.035060 0.035036 0.034963 0.034989 0.034903 0.034767 0.034731 0.000000 0.000000
0.000000 0.000000 0.027760 0.027793 0.027910 0.027948 0.027941 0.028015 0.027974 0.027996 0.027988 0.028000 0.028012 0.027985 0.027935 0.027951 0.027956 0.027820 0.027812 0.000000 0.000000
0.000000 0.000000 0.300000 0.300000 0.300000 0.300000 0.300000 0.300000 0.300000 0.300000 0.300000 0.300000 0.300000 0.300000 0.300000 0.300000 0.300000 0.300000 0.300000 0.000000 0.000000
0.000000 0.000000 0.000000 0.000000 0.000000 0.000000 0.000000 0.000000 0.000000 0.000000 0.000000 0.000000 0.000000 0.000000 0.000000 0.000000 0.000000 0.000000 0.000000 0.000000 0.000000