geotop/1.0zi/1.0Montebello/Templates/testdem/maps/_Eocsilt3560.asc
ncols         21
nrows         20
xllcorner     100.000000
yllcorner     100.000000
cellsize      50.000000
NODATA_value  -9999.0
0.000000 0.000000 0.000000 0.000000 0.000000 0.000000 0.000000 0.000000 0.000000 0.000000 0.000000 0.000000 0.000000 0.000000 0.000000 0.000000 0.000000 0.000000 0.000000 0.000000 0.000000
0.000000 0.000000 0.350094 0.350094 0.350094 0.350094 0.350094 0.350094 0.350094 0.350094 0.350094 0.350094 0.350094 0.350094 0.350094 0.350094 0.350094 0.350094 0.350094 0.000000 0.000000
0.000000 0.000000 0.349994 0.349993 0.349994 0.349994 0.349994 0.349994 0.349994 0.349994 0.349994 0.349994 0.349994 0.349994 0.349994 0.349994 0.349994 0.349993 0.349994 0.000000 0.000000
0.000000 0.000000 0.351378 0.351377 0.351375 0.351376 0.351378 0.351378 0.351378 0.351378 0.351378 0.351378 0.351378 0.351378 0.351378 0.351376 0.351375 0.351377 0.351378 0.000000 0.000000
0.000000 0.000000 0.356335 0.356335 0.356333 0.356333 0.356336 0.356334 0.356334 0.356335 0.356336 0.356335 0.356334 0.356334 0.356336 0.356333 0.356333 0.356335 0.356335 0.000000 0.000000
0.000000 0.000000 0.362456 0.362456 0.362454 0.362454 0.362457 0.362455 0.362455 0.362456 0.362457 0.362456 0.362455 0.362455 0.362457 0.362454 0.362454 0.362456 0.362456 0.000000 0.000000
0.000000 0.000000 0.367998 0.367998 0.367997 0.367997 0.367999 0.367998 0.367998 0.367998 0.367999 0.367998 0.367998 0.367998 0.367999 0.367997 0.367997 0.367998 0.367998 0.000000 0.000000
0.000000 0.000000 0.373003 0.373003 0.373001 0.373002 0.373003 0.373003 0.373003 0.373003 0.373004 0.373003 0.373003 0.373003 0.373003 0.373002 0.373001 0.373003 0.373003 0.000000 0.000000
0.000000 0.000000 0.377615 0.377615 0.377614 0.377614 0.377615 0.377615 0.377615 0.377615 0.377616 0.377615 0.377615 0.377615 0.377615 0.377614 0.377614 0.377615 0.377615 0.000000 0.000000
0.000000 0.000000 0.381944 0.381943 0.381942 0.381943 0.381944 0.381943 0.381943 0.381944 0.381944 0.381944 0.381943 0.381943 0.381944 0.381943 0.381942 0.381943 0.381944 0.000000 0.000000
0.000000 0.000000 0.386045 0.386045 0.386044 0.386044 0.386046 0.386045 0.386045 0.386045 0.386046 0.386045 0.386045 0.386045 0.386046 0.386044 0.386044 0.386045 0.386045 0.000000 0.000000
0.000000 0.000000 0.389960 0.389960 0.389959 0.389959 0.389961 0.389960 0.389960 0.389960 0.389961 0.389960 0.389960 0.389960 0.389961 0.389959 0.389959 0.389960 0.389960 0.000000 0.000000
0.000000 0.000000 0.393719 0.393718 0.393717 0.393718 0.393719 0.393718 0.393718 0.393719 0.393719 0.393719 0.393718 0.393718 0.393719 0.393718 0.393717 0.393718 0.393719 0.000000 0.000000
0.000000 0.000000 0.397348 0.397348 0.397347 0.397347 0.397348 0.397348 0.397348 0.397348 0.397349 0.397348 0.397348 0.397348 0.397348 0.397347 0.397347 0.397348 0.397348 0.000000 0.000000
0.000000 0.000000 0.400860 0.400860 0.400859 0.400859 0.400860 0.400860 0.400860 0.400860 0.400860 0.400860 0.400860 0.400860 0.400860 0.400859 0.400859 0.400860 0.400860 0.000000 0.000000
0.000000 0.000000 0.404259 0.404259 0.404258 0.404258 0.404259 0.404259 0.404259 0.404259 0.404260 0.404259 0.404259 0.404259 0.404259 0.404258 0.404258 0.404259 0.404259 0.000000 0.000000
0.000000 0.000000 0.407559 0.407559 0.407558 0.407558 0.407559 0.407559 0.407559 0.407559 0.407559 0.407559 0.407559 0.407559 0.407559 0.407558 0.407558 0.407559 0.407559 0.000000 0.000000
0.000000 0.000000 0.410807 0.410807 0.410806 0.410807 0.410808 0.410807 0.410807 0.410807 0.410808 0.410807 0.410807 0.410807 0.410808 0.410807 0.410806 0.410807 0.410807 0.000000 0.000000
0.000000 0.000000 0.350000 0.350000 0.350000 0.350000 0.350000 0.350000 0.350000 0.350000 0.350000 0.350000 0.350000 0.350000 0.350000 0.350000 0.350000 0.350000 0.350000 0.000000 0.000000
0.000000 0.000000 0.000000 0.000000 0.000000 0.000000 0.000000 0.000000 0.000000 0.000000 0.000000 0.000000 0.000000 0.000000 0.000000 0.000000 0.000000 0.000000 0.000000 0.000000 0.000000