geotop/1.0zi/1.0Montebello/Templates/testdem/maps/_Eocclay2490.asc
ncols         21
nrows         20
xllcorner     100.000000
yllcorner     100.000000
cellsize      50.000000
NODATA_value  -9999.0
0.000000 0.000000 0.000000 0.000000 0.000000 0.000000 0.000000 0.000000 0.000000 0.000000 0.000000 0.000000 0.000000 0.000000 0.000000 0.000000 0.000000 0.000000 0.000000 0.000000 0.000000
0.000000 0.000000 0.349866 0.349866 0.349867 0.349866 0.349867 0.349866 0.349866 0.349867 0.349866 0.349867 0.349866 0.349866 0.349867 0.349866 0.349867 0.349866 0.349866 0.000000 0.000000
0.000000 0.000000 0.349990 0.349990 0.349989 0.349990 0.349990 0.349990 0.349990 0.349990 0.349990 0.349990 0.349990 0.349990 0.349990 0.349990 0.349989 0.349990 0.349990 0.000000 0.000000
0.000000 0.000000 0.350782 0.350782 0.350780 0.350781 0.350782 0.350782 0.350782 0.350782 0.350782 0.350782 0.350782 0.350782 0.350782 0.350781 0.350780 0.350782 0.350782 0.000000 0.000000
0.000000 0.000000 0.354391 0.354390 0.354388 0.354388 0.354392 0.354391 0.354391 0.354392 0.354393 0.354392 0.354391 0.354391 0.354392 0.354388 0.354388 0.354390 0.354391 0.000000 0.000000
0.000000 0.000000 0.358525 0.358524 0.358523 0.358523 0.358525 0.358524 0.358524 0.358525 0.358526 0.358525 0.358524 0.358524 0.358525 0.358523 0.358523 0.358524 0.358525 0.000000 0.000000
0.000000 0.000000 0.362445 0.362444 0.362443 0.362443 0.362445 0.362444 0.362444 0.362445 0.362446 0.362445 0.362444 0.362444 0.362445 0.362443 0.362443 0.362444 0.362445 0.000000 0.000000
0.000000 0.000000 0.366045 0.366045 0.366044 0.366044 0.366046 0.366045 0.366045 0.366046 0.366046 0.366046 0.366045 0.366045 0.366046 0.366044 0.366044 0.366045 0.366045 0.000000 0.000000
0.000000 0.000000 0.369404 0.369403 0.369402 0.369402 0.369404 0.369403 0.369403 0.369404 0.369404 0.369404 0.369403 0.369403 0.369404 0.369402 0.369402 0.369403 0.369404 0.000000 0.000000
0.000000 0.000000 0.372596 0.372596 0.372595 0.372595 0.372597 0.372596 0.372596 0.372597 0.372597 0.372597 0.372596 0.372596 0.372597 0.372595 0.372595 0.372596 0.372596 0.000000 0.000000
0.000000 0.000000 0.375660 0.375660 0.375658 0.375659 0.375660 0.375660 0.375660 0.375660 0.375661 0.375660 0.375660 0.375660 0.375660 0.375659 0.375658 0.375660 0.375660 0.000000 0.000000
0.000000 0.000000 0.378623 0.378622 0.378621 0.378622 0.378623 0.378622 0.378622 0.378623 0.378623 0.378623 0.378622 0.378622 0.378623 0.378622 0.378621 0.378622 0.378623 0.000000 0.000000
0.000000 0.000000 0.381505 0.381505 0.381504 0.381504 0.381505 0.381505 0.381505 0.381506 0.381506 0.381506 0.381505 0.381505 0.381505 0.381504 0.381504 0.381505 0.381505 0.000000 0.000000
0.000000 0.000000 0.384322 0.384322 0.384320 0.384321 0.384322 0.384322 0.384322 0.384322 0.384323 0.384322 0.384322 0.384322 0.384322 0.384321 0.384320 0.384322 0.384322 0.000000 0.000000
0.000000 0.000000 0.387083 0.387083 0.387082 0.387082 0.387083 0.387083 0.387083 0.387084 0.387084 0.387084 0.387083 0.387083 0.387083 0.387082 0.387082 0.387083 0.387083 0.000000 0.000000
0.000000 0.000000 0.389794 0.389793 0.389792 0.389793 0.389794 0.389793 0.389793 0.389794 0.389794 0.389794 0.389793 0.389793 0.389794 0.389793 0.389792 0.389793 0.389794 0.000000 0.000000
0.000000 0.000000 0.392456 0.392455 0.392454 0.392455 0.392456 0.392455 0.392455 0.392456 0.392456 0.392456 0.392455 0.392455 0.392456 0.392455 0.392454 0.392455 0.392456 0.000000 0.000000
0.000000 0.000000 0.395113 0.395113 0.395112 0.395112 0.395113 0.395113 0.395113 0.395113 0.395114 0.395113 0.395113 0.395113 0.395113 0.395112 0.395112 0.395113 0.395113 0.000000 0.000000
0.000000 0.000000 0.350000 0.350000 0.350000 0.350000 0.350000 0.350000 0.350000 0.350000 0.350000 0.350000 0.350000 0.350000 0.350000 0.350000 0.350000 0.350000 0.350000 0.000000 0.000000
0.000000 0.000000 0.000000 0.000000 0.000000 0.000000 0.000000 0.000000 0.000000 0.000000 0.000000 0.000000 0.000000 0.000000 0.000000 0.000000 0.000000 0.000000 0.000000 0.000000 0.000000