geotop/1.0zi/1.0Montebello/Templates/testdem/maps/_Eocclay5479.asc
ncols         21
nrows         20
xllcorner     100.000000
yllcorner     100.000000
cellsize      50.000000
NODATA_value  -9999.0
0.000000 0.000000 0.000000 0.000000 0.000000 0.000000 0.000000 0.000000 0.000000 0.000000 0.000000 0.000000 0.000000 0.000000 0.000000 0.000000 0.000000 0.000000 0.000000 0.000000 0.000000
0.000000 0.000000 0.349753 0.349753 0.349753 0.349754 0.349754 0.349754 0.349753 0.349753 0.349753 0.349753 0.349753 0.349753 0.349754 0.349753 0.349753 0.349753 0.349753 0.000000 0.000000
0.000000 0.000000 0.349990 0.349990 0.349990 0.349990 0.349989 0.349989 0.349990 0.349990 0.349989 0.349989 0.349990 0.349990 0.349990 0.349990 0.349990 0.349990 0.349990 0.000000 0.000000
0.000000 0.000000 0.349987 0.349989 0.349987 0.349988 0.349990 0.349990 0.349990 0.349988 0.349990 0.349988 0.349988 0.349988 0.349990 0.349991 0.349989 0.349990 0.349989 0.000000 0.000000
0.000000 0.000000 0.350405 0.350405 0.350405 0.350400 0.350390 0.350386 0.350387 0.350390 0.350387 0.350389 0.350384 0.350384 0.350388 0.350387 0.350392 0.350394 0.350397 0.000000 0.000000
0.000000 0.000000 0.351898 0.351899 0.351894 0.351876 0.351871 0.351855 0.351854 0.351850 0.351854 0.351854 0.351857 0.351857 0.351859 0.351870 0.351876 0.351887 0.351892 0.000000 0.000000
0.000000 0.000000 0.354099 0.354097 0.354096 0.354080 0.354061 0.354035 0.354035 0.354031 0.354033 0.354035 0.354035 0.354033 0.354051 0.354070 0.354079 0.354088 0.354095 0.000000 0.000000
0.000000 0.000000 0.356787 0.356787 0.356786 0.356767 0.356748 0.356720 0.356721 0.356718 0.356719 0.356719 0.356716 0.356720 0.356740 0.356756 0.356770 0.356775 0.356784 0.000000 0.000000
0.000000 0.000000 0.359500 0.359497 0.359492 0.359482 0.359463 0.359436 0.359438 0.359433 0.359431 0.359433 0.359432 0.359429 0.359453 0.359471 0.359483 0.359487 0.359494 0.000000 0.000000
0.000000 0.000000 0.362239 0.362234 0.362233 0.362226 0.362198 0.362173 0.362175 0.362172 0.362169 0.362173 0.362176 0.362172 0.362191 0.362213 0.362226 0.362228 0.362234 0.000000 0.000000
0.000000 0.000000 0.365072 0.365069 0.365069 0.365051 0.365032 0.365004 0.365010 0.364998 0.364998 0.365000 0.364996 0.365002 0.365017 0.365031 0.365045 0.365053 0.365065 0.000000 0.000000
0.000000 0.000000 0.368030 0.368024 0.368017 0.368004 0.367988 0.367955 0.367957 0.367949 0.367957 0.367950 0.367950 0.367952 0.367979 0.367992 0.368002 0.368006 0.368036 0.000000 0.000000
0.000000 0.000000 0.371059 0.371052 0.371051 0.371036 0.371022 0.370957 0.370958 0.370952 0.370939 0.370947 0.370951 0.370955 0.371000 0.371012 0.371035 0.371037 0.371059 0.000000 0.000000
0.000000 0.000000 0.374328 0.374324 0.374317 0.374308 0.374247 0.374230 0.374216 0.374215 0.374210 0.374213 0.374213 0.374210 0.374217 0.374276 0.374296 0.374312 0.374334 0.000000 0.000000
0.000000 0.000000 0.377912 0.377908 0.377895 0.377834 0.377814 0.377777 0.377752 0.377749 0.377736 0.377731 0.377738 0.377731 0.377757 0.377786 0.377876 0.377869 0.377883 0.000000 0.000000
0.000000 0.000000 0.381686 0.381681 0.381604 0.381588 0.381582 0.381558 0.381573 0.381563 0.381569 0.381560 0.381551 0.381566 0.381578 0.381587 0.381585 0.381685 0.381688 0.000000 0.000000
0.000000 0.000000 0.385972 0.385867 0.385826 0.385795 0.385745 0.385717 0.385710 0.385708 0.385686 0.385682 0.385690 0.385686 0.385714 0.385752 0.385812 0.385841 0.385948 0.000000 0.000000
0.000000 0.000000 0.389164 0.389162 0.389255 0.389228 0.389185 0.389084 0.389081 0.389059 0.389072 0.389066 0.389073 0.389074 0.389165 0.389194 0.389264 0.389167 0.389177 0.000000 0.000000
0.000000 0.000000 0.350000 0.350000 0.350000 0.350000 0.350000 0.350000 0.350000 0.350000 0.350000 0.350000 0.350000 0.350000 0.350000 0.350000 0.350000 0.350000 0.350000 0.000000 0.000000
0.000000 0.000000 0.000000 0.000000 0.000000 0.000000 0.000000 0.000000 0.000000 0.000000 0.000000 0.000000 0.000000 0.000000 0.000000 0.000000 0.000000 0.000000 0.000000 0.000000 0.000000