geotop/1.0zi/1.0Montebello/Templates/testdem/maps/_Eocsand6219.asc
ncols         21
nrows         20
xllcorner     100.000000
yllcorner     100.000000
cellsize      50.000000
NODATA_value  -9999.0
0.000000 0.000000 0.000000 0.000000 0.000000 0.000000 0.000000 0.000000 0.000000 0.000000 0.000000 0.000000 0.000000 0.000000 0.000000 0.000000 0.000000 0.000000 0.000000 0.000000 0.000000
0.000000 0.000000 0.300152 0.300150 0.300150 0.300150 0.300150 0.300149 0.300150 0.300150 0.300151 0.300150 0.300150 0.300150 0.300150 0.300150 0.300151 0.300151 0.300151 0.000000 0.000000
0.000000 0.000000 0.300008 0.300009 0.300009 0.300008 0.300009 0.300009 0.300009 0.300009 0.300009 0.300009 0.300008 0.300009 0.300009 0.300009 0.300010 0.300010 0.300011 0.000000 0.000000
0.000000 0.000000 0.299968 0.299966 0.299970 0.299975 0.299973 0.299975 0.299971 0.299974 0.299971 0.299974 0.299973 0.299974 0.299972 0.299967 0.299967 0.299964 0.299965 0.000000 0.000000
0.000000 0.000000 0.298872 0.298869 0.298873 0.298881 0.298897 0.298905 0.298906 0.298906 0.298910 0.298910 0.298912 0.298910 0.298898 0.298895 0.298890 0.298880 0.298868 0.000000 0.000000
0.000000 0.000000 0.295482 0.295480 0.295493 0.295529 0.295548 0.295584 0.295585 0.295594 0.295587 0.295583 0.295579 0.295582 0.295571 0.295549 0.295531 0.295516 0.295506 0.000000 0.000000
0.000000 0.000000 0.290373 0.290378 0.290390 0.290427 0.290472 0.290525 0.290525 0.290532 0.290529 0.290527 0.290530 0.290527 0.290485 0.290442 0.290422 0.290402 0.290387 0.000000 0.000000
0.000000 0.000000 0.284168 0.284169 0.284175 0.284215 0.284260 0.284318 0.284318 0.284323 0.284324 0.284326 0.284329 0.284320 0.284273 0.284232 0.284198 0.284189 0.284168 0.000000 0.000000
0.000000 0.000000 0.277718 0.277727 0.277745 0.277770 0.277813 0.277875 0.277872 0.277885 0.277889 0.277888 0.277888 0.277891 0.277832 0.277787 0.277756 0.277746 0.277727 0.000000 0.000000
0.000000 0.000000 0.271165 0.271177 0.271185 0.271205 0.271267 0.271323 0.271319 0.271327 0.271335 0.271328 0.271320 0.271327 0.271277 0.271224 0.271193 0.271186 0.271172 0.000000 0.000000
0.000000 0.000000 0.264356 0.264364 0.264370 0.264415 0.264458 0.264518 0.264506 0.264537 0.264536 0.264533 0.264542 0.264524 0.264485 0.264451 0.264416 0.264396 0.264368 0.000000 0.000000
0.000000 0.000000 0.257149 0.257163 0.257183 0.257217 0.257256 0.257331 0.257330 0.257345 0.257329 0.257348 0.257344 0.257338 0.257267 0.257234 0.257210 0.257198 0.257127 0.000000 0.000000
0.000000 0.000000 0.249685 0.249703 0.249710 0.249749 0.249784 0.249941 0.249942 0.249955 0.249990 0.249971 0.249960 0.249947 0.249830 0.249798 0.249740 0.249734 0.249685 0.000000 0.000000
0.000000 0.000000 0.241501 0.241513 0.241537 0.241563 0.241718 0.241754 0.241790 0.241791 0.241801 0.241796 0.241799 0.241804 0.241784 0.241622 0.241575 0.241535 0.241484 0.000000 0.000000
0.000000 0.000000 0.232395 0.232406 0.232442 0.232612 0.232657 0.232750 0.232810 0.232820 0.232851 0.232872 0.232849 0.232860 0.232785 0.232717 0.232480 0.232500 0.232470 0.000000 0.000000
0.000000 0.000000 0.222667 0.222680 0.222908 0.222934 0.222945 0.223001 0.222950 0.222979 0.222954 0.222981 0.223008 0.222957 0.222921 0.222901 0.222938 0.222645 0.222639 0.000000 0.000000
0.000000 0.000000 0.211337 0.211657 0.211741 0.211833 0.211987 0.212056 0.212091 0.212090 0.212165 0.212169 0.212135 0.212155 0.212069 0.211949 0.211762 0.211727 0.211399 0.000000 0.000000
0.000000 0.000000 0.203481 0.203421 0.203126 0.203194 0.203289 0.203582 0.203586 0.203654 0.203598 0.203617 0.203601 0.203588 0.203318 0.203247 0.203076 0.203371 0.203414 0.000000 0.000000
0.000000 0.000000 0.300000 0.300000 0.300000 0.300000 0.300000 0.300000 0.300000 0.300000 0.300000 0.300000 0.300000 0.300000 0.300000 0.300000 0.300000 0.300000 0.300000 0.000000 0.000000
0.000000 0.000000 0.000000 0.000000 0.000000 0.000000 0.000000 0.000000 0.000000 0.000000 0.000000 0.000000 0.000000 0.000000 0.000000 0.000000 0.000000 0.000000 0.000000 0.000000 0.000000