geotop/1.0zi/1.0Montebello/Templates/testdem/maps/_Eocclay6986.asc
ncols         21
nrows         20
xllcorner     100.000000
yllcorner     100.000000
cellsize      50.000000
NODATA_value  -9999.0
0.000000 0.000000 0.000000 0.000000 0.000000 0.000000 0.000000 0.000000 0.000000 0.000000 0.000000 0.000000 0.000000 0.000000 0.000000 0.000000 0.000000 0.000000 0.000000 0.000000 0.000000
0.000000 0.000000 0.349687 0.349688 0.349688 0.349687 0.349689 0.349689 0.349688 0.349688 0.349687 0.349688 0.349688 0.349688 0.349689 0.349688 0.349686 0.349687 0.349688 0.000000 0.000000
0.000000 0.000000 0.349987 0.349987 0.349988 0.349988 0.349987 0.349987 0.349987 0.349987 0.349987 0.349986 0.349987 0.349986 0.349987 0.349987 0.349988 0.349988 0.349985 0.000000 0.000000
0.000000 0.000000 0.349976 0.349981 0.349977 0.349977 0.349979 0.349978 0.349980 0.349976 0.349981 0.349978 0.349978 0.349977 0.349978 0.349980 0.349978 0.349980 0.349979 0.000000 0.000000
0.000000 0.000000 0.350705 0.350703 0.350700 0.350696 0.350682 0.350680 0.350679 0.350682 0.350680 0.350680 0.350675 0.350679 0.350687 0.350687 0.350693 0.350694 0.350701 0.000000 0.000000
0.000000 0.000000 0.352885 0.352884 0.352873 0.352849 0.352838 0.352816 0.352818 0.352812 0.352815 0.352815 0.352816 0.352818 0.352826 0.352843 0.352854 0.352867 0.352874 0.000000 0.000000
0.000000 0.000000 0.356004 0.356001 0.355994 0.355974 0.355947 0.355914 0.355914 0.355909 0.355911 0.355911 0.355911 0.355912 0.355939 0.355964 0.355977 0.355988 0.355996 0.000000 0.000000
0.000000 0.000000 0.359728 0.359727 0.359720 0.359695 0.359669 0.359634 0.359635 0.359631 0.359630 0.359628 0.359625 0.359633 0.359661 0.359684 0.359704 0.359712 0.359724 0.000000 0.000000
0.000000 0.000000 0.363599 0.363594 0.363582 0.363568 0.363541 0.363505 0.363509 0.363500 0.363498 0.363496 0.363496 0.363496 0.363530 0.363559 0.363574 0.363581 0.363591 0.000000 0.000000
0.000000 0.000000 0.367606 0.367598 0.367592 0.367578 0.367539 0.367507 0.367509 0.367504 0.367499 0.367502 0.367506 0.367504 0.367533 0.367565 0.367584 0.367589 0.367598 0.000000 0.000000
0.000000 0.000000 0.371859 0.371854 0.371847 0.371818 0.371792 0.371753 0.371762 0.371742 0.371744 0.371744 0.371737 0.371750 0.371775 0.371795 0.371818 0.371830 0.371849 0.000000 0.000000
0.000000 0.000000 0.376437 0.376426 0.376411 0.376391 0.376363 0.376318 0.376318 0.376309 0.376320 0.376305 0.376307 0.376312 0.376355 0.376378 0.376394 0.376402 0.376445 0.000000 0.000000
0.000000 0.000000 0.381261 0.381249 0.381242 0.381216 0.381192 0.381088 0.381088 0.381080 0.381056 0.381067 0.381073 0.381083 0.381162 0.381184 0.381222 0.381226 0.381254 0.000000 0.000000
0.000000 0.000000 0.386686 0.386680 0.386660 0.386641 0.386527 0.386513 0.386490 0.386489 0.386489 0.386486 0.386483 0.386480 0.386484 0.386603 0.386630 0.386661 0.386692 0.000000 0.000000
0.000000 0.000000 0.392866 0.392857 0.392829 0.392698 0.392679 0.392614 0.392575 0.392567 0.392546 0.392528 0.392542 0.392537 0.392597 0.392627 0.392804 0.392785 0.392800 0.000000 0.000000
0.000000 0.000000 0.399576 0.399566 0.399382 0.399389 0.399379 0.399340 0.399396 0.399372 0.399399 0.399378 0.399353 0.399397 0.399419 0.399430 0.399359 0.399603 0.399605 0.000000 0.000000
0.000000 0.000000 0.407695 0.407419 0.407396 0.407311 0.407172 0.407126 0.407082 0.407088 0.407019 0.407019 0.407052 0.407027 0.407094 0.407198 0.407379 0.407340 0.407624 0.000000 0.000000
0.000000 0.000000 0.412528 0.412673 0.412933 0.412896 0.412849 0.412600 0.412611 0.412548 0.412623 0.412602 0.412604 0.412625 0.412847 0.412880 0.412975 0.412729 0.412598 0.000000 0.000000
0.000000 0.000000 0.350000 0.350000 0.350000 0.350000 0.350000 0.350000 0.350000 0.350000 0.350000 0.350000 0.350000 0.350000 0.350000 0.350000 0.350000 0.350000 0.350000 0.000000 0.000000
0.000000 0.000000 0.000000 0.000000 0.000000 0.000000 0.000000 0.000000 0.000000 0.000000 0.000000 0.000000 0.000000 0.000000 0.000000 0.000000 0.000000 0.000000 0.000000 0.000000 0.000000