geotop/1.0zi/1.0Montebello/Templates/testdem/maps/_Eocclay7677.asc
ncols         21
nrows         20
xllcorner     100.000000
yllcorner     100.000000
cellsize      50.000000
NODATA_value  -9999.0
0.000000 0.000000 0.000000 0.000000 0.000000 0.000000 0.000000 0.000000 0.000000 0.000000 0.000000 0.000000 0.000000 0.000000 0.000000 0.000000 0.000000 0.000000 0.000000 0.000000 0.000000
0.000000 0.000000 0.349647 0.349649 0.349649 0.349648 0.349649 0.349649 0.349649 0.349649 0.349648 0.349649 0.349649 0.349649 0.349650 0.349649 0.349647 0.349648 0.349648 0.000000 0.000000
0.000000 0.000000 0.349985 0.349984 0.349985 0.349986 0.349984 0.349984 0.349984 0.349984 0.349984 0.349984 0.349984 0.349984 0.349985 0.349985 0.349986 0.349985 0.349983 0.000000 0.000000
0.000000 0.000000 0.350003 0.350008 0.350004 0.350004 0.350007 0.350004 0.350006 0.350003 0.350006 0.350004 0.350004 0.350003 0.350005 0.350007 0.350006 0.350009 0.350007 0.000000 0.000000
0.000000 0.000000 0.350955 0.350953 0.350949 0.350943 0.350927 0.350925 0.350922 0.350925 0.350922 0.350923 0.350919 0.350923 0.350932 0.350934 0.350942 0.350944 0.350950 0.000000 0.000000
0.000000 0.000000 0.353561 0.353559 0.353548 0.353521 0.353508 0.353485 0.353486 0.353478 0.353483 0.353481 0.353484 0.353486 0.353496 0.353515 0.353529 0.353544 0.353550 0.000000 0.000000
0.000000 0.000000 0.357163 0.357159 0.357151 0.357128 0.357099 0.357062 0.357061 0.357055 0.357057 0.357058 0.357058 0.357059 0.357091 0.357119 0.357135 0.357147 0.357155 0.000000 0.000000
0.000000 0.000000 0.361457 0.361455 0.361447 0.361418 0.361390 0.361350 0.361350 0.361346 0.361345 0.361342 0.361340 0.361349 0.361382 0.361407 0.361432 0.361441 0.361453 0.000000 0.000000
0.000000 0.000000 0.365979 0.365972 0.365959 0.365942 0.365911 0.365871 0.365873 0.365864 0.365862 0.365860 0.365860 0.365860 0.365900 0.365932 0.365951 0.365960 0.365970 0.000000 0.000000
0.000000 0.000000 0.370732 0.370723 0.370716 0.370699 0.370655 0.370618 0.370618 0.370613 0.370608 0.370611 0.370616 0.370614 0.370648 0.370685 0.370708 0.370716 0.370724 0.000000 0.000000
0.000000 0.000000 0.375863 0.375857 0.375848 0.375812 0.375781 0.375738 0.375747 0.375724 0.375727 0.375726 0.375718 0.375734 0.375764 0.375787 0.375816 0.375832 0.375851 0.000000 0.000000
0.000000 0.000000 0.381493 0.381478 0.381461 0.381437 0.381403 0.381350 0.381347 0.381340 0.381352 0.381333 0.381338 0.381342 0.381397 0.381424 0.381444 0.381456 0.381504 0.000000 0.000000
0.000000 0.000000 0.387524 0.387509 0.387502 0.387469 0.387440 0.387307 0.387305 0.387296 0.387263 0.387279 0.387288 0.387300 0.387402 0.387430 0.387481 0.387487 0.387513 0.000000 0.000000
0.000000 0.000000 0.394489 0.394483 0.394457 0.394433 0.394274 0.394274 0.394241 0.394240 0.394246 0.394239 0.394235 0.394230 0.394224 0.394389 0.394421 0.394465 0.394499 0.000000 0.000000
0.000000 0.000000 0.402606 0.402592 0.402558 0.402363 0.402363 0.402267 0.402217 0.402206 0.402174 0.402150 0.402172 0.402166 0.402260 0.402274 0.402533 0.402500 0.402510 0.000000 0.000000
0.000000 0.000000 0.411529 0.411515 0.411236 0.411285 0.411268 0.411231 0.411327 0.411292 0.411341 0.411317 0.411275 0.411344 0.411362 0.411376 0.411212 0.411603 0.411598 0.000000 0.000000
0.000000 0.000000 0.422647 0.422203 0.422245 0.422092 0.421870 0.421803 0.421702 0.421723 0.421600 0.421608 0.421675 0.421615 0.421725 0.421890 0.422229 0.422062 0.422520 0.000000 0.000000
0.000000 0.000000 0.427783 0.428148 0.428559 0.428539 0.428526 0.428141 0.428185 0.428078 0.428236 0.428201 0.428186 0.428236 0.428568 0.428576 0.428634 0.428287 0.427935 0.000000 0.000000
0.000000 0.000000 0.350000 0.350000 0.350000 0.350000 0.350000 0.350000 0.350000 0.350000 0.350000 0.350000 0.350000 0.350000 0.350000 0.350000 0.350000 0.350000 0.350000 0.000000 0.000000
0.000000 0.000000 0.000000 0.000000 0.000000 0.000000 0.000000 0.000000 0.000000 0.000000 0.000000 0.000000 0.000000 0.000000 0.000000 0.000000 0.000000 0.000000 0.000000 0.000000 0.000000