geotop/1.0zi/1.0Montebello/Templates/testdem/maps/_Eocclay170x.asc
ncols         21
nrows         20
xllcorner     100.000000
yllcorner     100.000000
cellsize      50.000000
NODATA_value  -9999.0
0.000000 0.000000 0.000000 0.000000 0.000000 0.000000 0.000000 0.000000 0.000000 0.000000 0.000000 0.000000 0.000000 0.000000 0.000000 0.000000 0.000000 0.000000 0.000000 0.000000 0.000000
0.000000 0.000000 0.349439 0.349441 0.349441 0.349440 0.349442 0.349442 0.349441 0.349442 0.349441 0.349442 0.349442 0.349442 0.349442 0.349441 0.349440 0.349440 0.349441 0.000000 0.000000
0.000000 0.000000 0.349974 0.349972 0.349972 0.349974 0.349971 0.349971 0.349972 0.349971 0.349971 0.349972 0.349972 0.349971 0.349973 0.349973 0.349973 0.349973 0.349972 0.000000 0.000000
0.000000 0.000000 0.350127 0.350139 0.350133 0.350129 0.350134 0.350134 0.350135 0.350132 0.350133 0.350130 0.350131 0.350132 0.350133 0.350137 0.350136 0.350135 0.350134 0.000000 0.000000
0.000000 0.000000 0.352275 0.352261 0.352252 0.352238 0.352215 0.352207 0.352202 0.352202 0.352200 0.352207 0.352208 0.352206 0.352214 0.352222 0.352235 0.352246 0.352254 0.000000 0.000000
0.000000 0.000000 0.357612 0.357604 0.357575 0.357531 0.357494 0.357456 0.357458 0.357450 0.357447 0.357449 0.357456 0.357452 0.357468 0.357509 0.357526 0.357545 0.357550 0.000000 0.000000
0.000000 0.000000 0.364719 0.364705 0.364680 0.364634 0.364586 0.364508 0.364502 0.364494 0.364489 0.364491 0.364492 0.364491 0.364548 0.364593 0.364618 0.364639 0.364646 0.000000 0.000000
0.000000 0.000000 0.373386 0.373369 0.373341 0.373275 0.373221 0.373149 0.373140 0.373130 0.373123 0.373123 0.373119 0.373129 0.373177 0.373227 0.373270 0.373284 0.373299 0.000000 0.000000
0.000000 0.000000 0.383385 0.383359 0.383317 0.383265 0.383199 0.383108 0.383103 0.383082 0.383077 0.383070 0.383073 0.383066 0.383141 0.383205 0.383239 0.383262 0.383275 0.000000 0.000000
0.000000 0.000000 0.395219 0.395176 0.395129 0.395078 0.394995 0.394899 0.394881 0.394869 0.394852 0.394859 0.394875 0.394867 0.394925 0.395013 0.395058 0.395083 0.395087 0.000000 0.000000
0.000000 0.000000 0.409741 0.409698 0.409663 0.409511 0.409479 0.409334 0.409360 0.409280 0.409299 0.409283 0.409248 0.409288 0.409366 0.409414 0.409485 0.409517 0.409578 0.000000 0.000000
0.000000 0.000000 0.427767 0.427674 0.427561 0.427516 0.427436 0.427246 0.427211 0.427222 0.427244 0.427180 0.427211 0.427184 0.427344 0.427447 0.427472 0.427507 0.427624 0.000000 0.000000
0.000000 0.000000 0.447220 0.447148 0.447148 0.447000 0.446903 0.446406 0.446364 0.446322 0.446123 0.446273 0.446267 0.446310 0.446664 0.446733 0.446929 0.446960 0.446911 0.000000 0.000000
0.000000 0.000000 0.465806 0.465797 0.465662 0.465615 0.465133 0.465438 0.465323 0.465322 0.465445 0.465333 0.465319 0.465246 0.464996 0.465534 0.465509 0.465638 0.465699 0.000000 0.000000
0.000000 0.000000 0.477605 0.477577 0.477519 0.477257 0.477328 0.477197 0.477151 0.477139 0.477080 0.477061 0.477090 0.477087 0.477196 0.477129 0.477457 0.477391 0.477382 0.000000 0.000000
0.000000 0.000000 0.485391 0.485372 0.485204 0.485189 0.485180 0.485141 0.485184 0.485163 0.485177 0.485162 0.485144 0.485175 0.485192 0.485205 0.485155 0.485345 0.485342 0.000000 0.000000
0.000000 0.000000 0.491602 0.491456 0.491477 0.491342 0.491299 0.491232 0.491180 0.491185 0.491125 0.491124 0.491155 0.491130 0.491201 0.491228 0.491441 0.491331 0.491465 0.000000 0.000000
0.000000 0.000000 0.494650 0.494782 0.494812 0.494791 0.494826 0.494703 0.494742 0.494705 0.494757 0.494742 0.494725 0.494756 0.494848 0.494817 0.494801 0.494801 0.494656 0.000000 0.000000
0.000000 0.000000 0.350000 0.350000 0.350000 0.350000 0.350000 0.350000 0.350000 0.350000 0.350000 0.350000 0.350000 0.350000 0.350000 0.350000 0.350000 0.350000 0.350000 0.000000 0.000000
0.000000 0.000000 0.000000 0.000000 0.000000 0.000000 0.000000 0.000000 0.000000 0.000000 0.000000 0.000000 0.000000 0.000000 0.000000 0.000000 0.000000 0.000000 0.000000 0.000000 0.000000