geotop/1.0zi/1.0Montebello/Templates/testdem/maps/_Eocclay1479.asc
ncols         21
nrows         20
xllcorner     100.000000
yllcorner     100.000000
cellsize      50.000000
NODATA_value  -9999.0
0.000000 0.000000 0.000000 0.000000 0.000000 0.000000 0.000000 0.000000 0.000000 0.000000 0.000000 0.000000 0.000000 0.000000 0.000000 0.000000 0.000000 0.000000 0.000000 0.000000 0.000000
0.000000 0.000000 0.349927 0.349927 0.349927 0.349927 0.349927 0.349927 0.349927 0.349927 0.349927 0.349927 0.349927 0.349927 0.349927 0.349927 0.349927 0.349927 0.349927 0.000000 0.000000
0.000000 0.000000 0.349994 0.349994 0.349994 0.349994 0.349994 0.349994 0.349994 0.349994 0.349994 0.349994 0.349994 0.349994 0.349994 0.349994 0.349994 0.349994 0.349994 0.000000 0.000000
0.000000 0.000000 0.350579 0.350579 0.350577 0.350578 0.350579 0.350579 0.350579 0.350579 0.350580 0.350579 0.350579 0.350579 0.350579 0.350578 0.350577 0.350579 0.350579 0.000000 0.000000
0.000000 0.000000 0.352793 0.352792 0.352790 0.352790 0.352793 0.352792 0.352792 0.352794 0.352793 0.352794 0.352792 0.352792 0.352793 0.352790 0.352790 0.352792 0.352793 0.000000 0.000000
0.000000 0.000000 0.355256 0.355255 0.355253 0.355254 0.355256 0.355256 0.355256 0.355256 0.355256 0.355256 0.355256 0.355256 0.355256 0.355254 0.355253 0.355255 0.355256 0.000000 0.000000
0.000000 0.000000 0.357600 0.357599 0.357597 0.357598 0.357600 0.357599 0.357599 0.357600 0.357600 0.357600 0.357599 0.357599 0.357600 0.357598 0.357597 0.357599 0.357600 0.000000 0.000000
0.000000 0.000000 0.359761 0.359761 0.359759 0.359760 0.359762 0.359761 0.359761 0.359761 0.359761 0.359761 0.359761 0.359761 0.359762 0.359760 0.359759 0.359761 0.359761 0.000000 0.000000
0.000000 0.000000 0.361789 0.361789 0.361787 0.361788 0.361789 0.361789 0.361789 0.361789 0.361789 0.361789 0.361789 0.361789 0.361789 0.361788 0.361787 0.361789 0.361789 0.000000 0.000000
0.000000 0.000000 0.363733 0.363733 0.363731 0.363731 0.363733 0.363733 0.363733 0.363733 0.363733 0.363733 0.363733 0.363733 0.363733 0.363731 0.363731 0.363733 0.363733 0.000000 0.000000
0.000000 0.000000 0.365612 0.365611 0.365610 0.365610 0.365612 0.365612 0.365612 0.365612 0.365612 0.365612 0.365612 0.365612 0.365612 0.365610 0.365610 0.365611 0.365612 0.000000 0.000000
0.000000 0.000000 0.367444 0.367444 0.367442 0.367443 0.367444 0.367444 0.367444 0.367444 0.367444 0.367444 0.367444 0.367444 0.367444 0.367443 0.367442 0.367444 0.367444 0.000000 0.000000
0.000000 0.000000 0.369244 0.369244 0.369242 0.369243 0.369244 0.369244 0.369244 0.369244 0.369244 0.369244 0.369244 0.369244 0.369244 0.369243 0.369242 0.369244 0.369244 0.000000 0.000000
0.000000 0.000000 0.371012 0.371012 0.371011 0.371011 0.371013 0.371012 0.371012 0.371013 0.371013 0.371013 0.371012 0.371012 0.371013 0.371011 0.371011 0.371012 0.371012 0.000000 0.000000
0.000000 0.000000 0.372757 0.372757 0.372755 0.372756 0.372757 0.372757 0.372757 0.372757 0.372757 0.372757 0.372757 0.372757 0.372757 0.372756 0.372755 0.372757 0.372757 0.000000 0.000000
0.000000 0.000000 0.374484 0.374484 0.374482 0.374483 0.374484 0.374484 0.374484 0.374484 0.374484 0.374484 0.374484 0.374484 0.374484 0.374483 0.374482 0.374484 0.374484 0.000000 0.000000
0.000000 0.000000 0.376193 0.376193 0.376191 0.376192 0.376193 0.376193 0.376193 0.376193 0.376193 0.376193 0.376193 0.376193 0.376193 0.376192 0.376191 0.376193 0.376193 0.000000 0.000000
0.000000 0.000000 0.377923 0.377924 0.377922 0.377923 0.377924 0.377924 0.377924 0.377924 0.377924 0.377924 0.377924 0.377924 0.377924 0.377923 0.377922 0.377924 0.377924 0.000000 0.000000
0.000000 0.000000 0.350000 0.350000 0.350000 0.350000 0.350000 0.350000 0.350000 0.350000 0.350000 0.350000 0.350000 0.350000 0.350000 0.350000 0.350000 0.350000 0.350000 0.000000 0.000000
0.000000 0.000000 0.000000 0.000000 0.000000 0.000000 0.000000 0.000000 0.000000 0.000000 0.000000 0.000000 0.000000 0.000000 0.000000 0.000000 0.000000 0.000000 0.000000 0.000000 0.000000