geotop/1.0zi/1.0Montebello/Templates/testdem/maps/_Eocclay4194.asc
ncols         21
nrows         20
xllcorner     100.000000
yllcorner     100.000000
cellsize      50.000000
NODATA_value  -9999.0
0.000000 0.000000 0.000000 0.000000 0.000000 0.000000 0.000000 0.000000 0.000000 0.000000 0.000000 0.000000 0.000000 0.000000 0.000000 0.000000 0.000000 0.000000 0.000000 0.000000 0.000000
0.000000 0.000000 0.349807 0.349808 0.349808 0.349808 0.349808 0.349808 0.349808 0.349808 0.349808 0.349808 0.349808 0.349808 0.349808 0.349808 0.349808 0.349808 0.349808 0.000000 0.000000
0.000000 0.000000 0.349993 0.349994 0.349994 0.349994 0.349993 0.349994 0.349993 0.349993 0.349993 0.349993 0.349993 0.349994 0.349993 0.349994 0.349993 0.349993 0.349993 0.000000 0.000000
0.000000 0.000000 0.349994 0.349995 0.349993 0.349994 0.349995 0.349995 0.349996 0.349995 0.349995 0.349994 0.349994 0.349993 0.349996 0.349997 0.349996 0.349996 0.349995 0.000000 0.000000
0.000000 0.000000 0.350334 0.350334 0.350333 0.350333 0.350326 0.350325 0.350325 0.350325 0.350324 0.350326 0.350322 0.350322 0.350325 0.350326 0.350326 0.350326 0.350329 0.000000 0.000000
0.000000 0.000000 0.351536 0.351536 0.351531 0.351522 0.351520 0.351509 0.351510 0.351505 0.351509 0.351508 0.351510 0.351509 0.351506 0.351512 0.351517 0.351522 0.351527 0.000000 0.000000
0.000000 0.000000 0.353296 0.353290 0.353285 0.353276 0.353266 0.353246 0.353247 0.353242 0.353246 0.353245 0.353245 0.353242 0.353255 0.353271 0.353278 0.353282 0.353287 0.000000 0.000000
0.000000 0.000000 0.355276 0.355273 0.355269 0.355255 0.355244 0.355226 0.355229 0.355226 0.355226 0.355226 0.355222 0.355219 0.355235 0.355249 0.355257 0.355261 0.355268 0.000000 0.000000
0.000000 0.000000 0.357253 0.357248 0.357240 0.357231 0.357220 0.357200 0.357202 0.357198 0.357198 0.357199 0.357196 0.357194 0.357209 0.357226 0.357233 0.357236 0.357244 0.000000 0.000000
0.000000 0.000000 0.359224 0.359218 0.359212 0.359202 0.359187 0.359168 0.359172 0.359169 0.359169 0.359170 0.359166 0.359162 0.359179 0.359197 0.359204 0.359207 0.359214 0.000000 0.000000
0.000000 0.000000 0.361229 0.361223 0.361216 0.361209 0.361198 0.361176 0.361179 0.361174 0.361175 0.361176 0.361172 0.361169 0.361183 0.361196 0.361205 0.361209 0.361216 0.000000 0.000000
0.000000 0.000000 0.363299 0.363293 0.363286 0.363274 0.363262 0.363242 0.363242 0.363239 0.363239 0.363238 0.363235 0.363231 0.363251 0.363266 0.363275 0.363278 0.363301 0.000000 0.000000
0.000000 0.000000 0.365391 0.365384 0.365376 0.365367 0.365353 0.365311 0.365312 0.365308 0.365308 0.365309 0.365304 0.365302 0.365338 0.365356 0.365364 0.365368 0.365383 0.000000 0.000000
0.000000 0.000000 0.367598 0.367589 0.367582 0.367573 0.367532 0.367520 0.367514 0.367510 0.367511 0.367511 0.367507 0.367504 0.367515 0.367558 0.367567 0.367576 0.367585 0.000000 0.000000
0.000000 0.000000 0.369971 0.369963 0.369947 0.369911 0.369892 0.369865 0.369852 0.369847 0.369842 0.369841 0.369841 0.369833 0.369852 0.369883 0.369930 0.369928 0.369936 0.000000 0.000000
0.000000 0.000000 0.372411 0.372402 0.372353 0.372346 0.372335 0.372321 0.372320 0.372318 0.372321 0.372319 0.372311 0.372316 0.372321 0.372334 0.372336 0.372384 0.372397 0.000000 0.000000
0.000000 0.000000 0.375108 0.375047 0.375004 0.374988 0.374959 0.374943 0.374940 0.374937 0.374931 0.374931 0.374929 0.374921 0.374931 0.374967 0.374990 0.375016 0.375075 0.000000 0.000000
0.000000 0.000000 0.377229 0.377211 0.377242 0.377220 0.377195 0.377138 0.377133 0.377127 0.377129 0.377129 0.377123 0.377122 0.377172 0.377203 0.377239 0.377189 0.377216 0.000000 0.000000
0.000000 0.000000 0.350000 0.350000 0.350000 0.350000 0.350000 0.350000 0.350000 0.350000 0.350000 0.350000 0.350000 0.350000 0.350000 0.350000 0.350000 0.350000 0.350000 0.000000 0.000000
0.000000 0.000000 0.000000 0.000000 0.000000 0.000000 0.000000 0.000000 0.000000 0.000000 0.000000 0.000000 0.000000 0.000000 0.000000 0.000000 0.000000 0.000000 0.000000 0.000000 0.000000