geotop/1.0zi/1.0Montebello/Templates/testdem/maps/_Eocsilt0835.asc
ncols         21
nrows         20
xllcorner     100.000000
yllcorner     100.000000
cellsize      50.000000
NODATA_value  -9999.0
0.000000 0.000000 0.000000 0.000000 0.000000 0.000000 0.000000 0.000000 0.000000 0.000000 0.000000 0.000000 0.000000 0.000000 0.000000 0.000000 0.000000 0.000000 0.000000 0.000000 0.000000
0.000000 0.000000 0.350015 0.350015 0.350015 0.350015 0.350015 0.350015 0.350015 0.350015 0.350015 0.350015 0.350015 0.350015 0.350015 0.350015 0.350015 0.350015 0.350015 0.000000 0.000000
0.000000 0.000000 0.350000 0.349999 0.350000 0.350000 0.350000 0.350000 0.350000 0.350000 0.350000 0.350000 0.350000 0.350000 0.350000 0.350000 0.350000 0.349999 0.350000 0.000000 0.000000
0.000000 0.000000 0.350330 0.350330 0.350327 0.350329 0.350331 0.350330 0.350330 0.350331 0.350331 0.350331 0.350330 0.350330 0.350331 0.350329 0.350327 0.350330 0.350330 0.000000 0.000000
0.000000 0.000000 0.351479 0.351478 0.351476 0.351476 0.351479 0.351479 0.351479 0.351479 0.351479 0.351479 0.351479 0.351479 0.351479 0.351476 0.351476 0.351478 0.351479 0.000000 0.000000
0.000000 0.000000 0.352890 0.352889 0.352887 0.352887 0.352890 0.352889 0.352889 0.352890 0.352890 0.352890 0.352889 0.352889 0.352890 0.352887 0.352887 0.352889 0.352890 0.000000 0.000000
0.000000 0.000000 0.354191 0.354190 0.354189 0.354189 0.354191 0.354191 0.354191 0.354191 0.354191 0.354191 0.354191 0.354191 0.354191 0.354189 0.354189 0.354190 0.354191 0.000000 0.000000
0.000000 0.000000 0.355392 0.355391 0.355390 0.355390 0.355392 0.355392 0.355392 0.355392 0.355392 0.355392 0.355392 0.355392 0.355392 0.355390 0.355390 0.355391 0.355392 0.000000 0.000000
0.000000 0.000000 0.356521 0.356521 0.356519 0.356520 0.356521 0.356521 0.356521 0.356521 0.356521 0.356521 0.356521 0.356521 0.356521 0.356520 0.356519 0.356521 0.356521 0.000000 0.000000
0.000000 0.000000 0.357604 0.357604 0.357602 0.357603 0.357604 0.357604 0.357604 0.357604 0.357604 0.357604 0.357604 0.357604 0.357604 0.357603 0.357602 0.357604 0.357604 0.000000 0.000000
0.000000 0.000000 0.358654 0.358654 0.358652 0.358653 0.358654 0.358654 0.358654 0.358654 0.358654 0.358654 0.358654 0.358654 0.358654 0.358653 0.358652 0.358654 0.358654 0.000000 0.000000
0.000000 0.000000 0.359681 0.359680 0.359679 0.359679 0.359680 0.359680 0.359680 0.359681 0.359681 0.359681 0.359680 0.359680 0.359680 0.359679 0.359679 0.359680 0.359681 0.000000 0.000000
0.000000 0.000000 0.360689 0.360689 0.360688 0.360688 0.360689 0.360689 0.360689 0.360689 0.360689 0.360689 0.360689 0.360689 0.360689 0.360688 0.360688 0.360689 0.360689 0.000000 0.000000
0.000000 0.000000 0.361682 0.361682 0.361680 0.361681 0.361682 0.361682 0.361682 0.361682 0.361682 0.361682 0.361682 0.361682 0.361682 0.361681 0.361680 0.361682 0.361682 0.000000 0.000000
0.000000 0.000000 0.362664 0.362663 0.362662 0.362662 0.362663 0.362663 0.362663 0.362664 0.362664 0.362664 0.362663 0.362663 0.362663 0.362662 0.362662 0.362663 0.362664 0.000000 0.000000
0.000000 0.000000 0.363638 0.363637 0.363636 0.363636 0.363638 0.363638 0.363638 0.363638 0.363638 0.363638 0.363638 0.363638 0.363638 0.363636 0.363636 0.363637 0.363638 0.000000 0.000000
0.000000 0.000000 0.364599 0.364599 0.364597 0.364598 0.364599 0.364599 0.364599 0.364599 0.364599 0.364599 0.364599 0.364599 0.364599 0.364598 0.364597 0.364599 0.364599 0.000000 0.000000
0.000000 0.000000 0.365574 0.365573 0.365572 0.365572 0.365574 0.365574 0.365574 0.365574 0.365574 0.365574 0.365574 0.365574 0.365574 0.365572 0.365572 0.365573 0.365574 0.000000 0.000000
0.000000 0.000000 0.350000 0.350000 0.350000 0.350000 0.350000 0.350000 0.350000 0.350000 0.350000 0.350000 0.350000 0.350000 0.350000 0.350000 0.350000 0.350000 0.350000 0.000000 0.000000
0.000000 0.000000 0.000000 0.000000 0.000000 0.000000 0.000000 0.000000 0.000000 0.000000 0.000000 0.000000 0.000000 0.000000 0.000000 0.000000 0.000000 0.000000 0.000000 0.000000 0.000000