geotop/1.0zi/1.0Montebello/Templates/testdem/maps/_Eocclay153l.asc
ncols         21
nrows         20
xllcorner     100.000000
yllcorner     100.000000
cellsize      50.000000
NODATA_value  -9999.0
0.000000 0.000000 0.000000 0.000000 0.000000 0.000000 0.000000 0.000000 0.000000 0.000000 0.000000 0.000000 0.000000 0.000000 0.000000 0.000000 0.000000 0.000000 0.000000 0.000000 0.000000
0.000000 0.000000 0.349451 0.349454 0.349454 0.349452 0.349455 0.349455 0.349454 0.349455 0.349453 0.349454 0.349454 0.349454 0.349454 0.349454 0.349452 0.349453 0.349453 0.000000 0.000000
0.000000 0.000000 0.349976 0.349974 0.349974 0.349976 0.349973 0.349973 0.349974 0.349973 0.349973 0.349974 0.349974 0.349973 0.349974 0.349975 0.349975 0.349975 0.349974 0.000000 0.000000
0.000000 0.000000 0.350125 0.350137 0.350131 0.350127 0.350132 0.350132 0.350132 0.350130 0.350130 0.350128 0.350128 0.350130 0.350130 0.350134 0.350133 0.350133 0.350132 0.000000 0.000000
0.000000 0.000000 0.352215 0.352201 0.352193 0.352179 0.352156 0.352150 0.352146 0.352147 0.352143 0.352149 0.352150 0.352149 0.352158 0.352165 0.352177 0.352187 0.352197 0.000000 0.000000
0.000000 0.000000 0.357405 0.357397 0.357369 0.357324 0.357287 0.357251 0.357254 0.357248 0.357242 0.357244 0.357251 0.357247 0.357264 0.357304 0.357321 0.357339 0.357345 0.000000 0.000000
0.000000 0.000000 0.364314 0.364300 0.364277 0.364231 0.364183 0.364109 0.364104 0.364098 0.364090 0.364092 0.364092 0.364092 0.364147 0.364191 0.364216 0.364236 0.364244 0.000000 0.000000
0.000000 0.000000 0.372719 0.372702 0.372676 0.372611 0.372556 0.372485 0.372478 0.372471 0.372461 0.372459 0.372456 0.372466 0.372516 0.372565 0.372607 0.372620 0.372636 0.000000 0.000000
0.000000 0.000000 0.382366 0.382341 0.382300 0.382249 0.382184 0.382097 0.382095 0.382081 0.382067 0.382064 0.382067 0.382061 0.382135 0.382197 0.382230 0.382248 0.382262 0.000000 0.000000
0.000000 0.000000 0.393698 0.393656 0.393617 0.393560 0.393482 0.393388 0.393374 0.393367 0.393343 0.393351 0.393367 0.393360 0.393419 0.393502 0.393546 0.393568 0.393573 0.000000 0.000000
0.000000 0.000000 0.407515 0.407474 0.407438 0.407296 0.407264 0.407125 0.407146 0.407079 0.407085 0.407073 0.407047 0.407085 0.407157 0.407209 0.407277 0.407304 0.407363 0.000000 0.000000
0.000000 0.000000 0.424620 0.424532 0.424426 0.424377 0.424301 0.424119 0.424086 0.424104 0.424111 0.424055 0.424087 0.424064 0.424216 0.424318 0.424344 0.424372 0.424486 0.000000 0.000000
0.000000 0.000000 0.443482 0.443409 0.443399 0.443251 0.443163 0.442667 0.442634 0.442602 0.442397 0.442545 0.442538 0.442586 0.442932 0.443001 0.443192 0.443214 0.443182 0.000000 0.000000
0.000000 0.000000 0.462631 0.462619 0.462471 0.462421 0.461903 0.462219 0.462096 0.462103 0.462222 0.462107 0.462094 0.462019 0.461755 0.462340 0.462311 0.462445 0.462516 0.000000 0.000000
0.000000 0.000000 0.475419 0.475387 0.475328 0.475022 0.475126 0.474946 0.474899 0.474880 0.474809 0.474787 0.474820 0.474820 0.474979 0.474872 0.475264 0.475180 0.475163 0.000000 0.000000
0.000000 0.000000 0.483670 0.483648 0.483465 0.483443 0.483444 0.483391 0.483444 0.483419 0.483434 0.483418 0.483398 0.483434 0.483462 0.483460 0.483411 0.483628 0.483618 0.000000 0.000000
0.000000 0.000000 0.490189 0.490039 0.490040 0.489915 0.489870 0.489802 0.489758 0.489761 0.489705 0.489704 0.489732 0.489710 0.489779 0.489806 0.490001 0.489922 0.490057 0.000000 0.000000
0.000000 0.000000 0.493419 0.493547 0.493568 0.493558 0.493589 0.493468 0.493512 0.493473 0.493530 0.493514 0.493495 0.493529 0.493617 0.493590 0.493555 0.493572 0.493431 0.000000 0.000000
0.000000 0.000000 0.350000 0.350000 0.350000 0.350000 0.350000 0.350000 0.350000 0.350000 0.350000 0.350000 0.350000 0.350000 0.350000 0.350000 0.350000 0.350000 0.350000 0.000000 0.000000
0.000000 0.000000 0.000000 0.000000 0.000000 0.000000 0.000000 0.000000 0.000000 0.000000 0.000000 0.000000 0.000000 0.000000 0.000000 0.000000 0.000000 0.000000 0.000000 0.000000 0.000000