geotop/1.0zi/1.0Montebello/Templates/testdem/maps/_Eocsand1326.asc
ncols         21
nrows         20
xllcorner     100.000000
yllcorner     100.000000
cellsize      50.000000
NODATA_value  -9999.0
0.000000 0.000000 0.000000 0.000000 0.000000 0.000000 0.000000 0.000000 0.000000 0.000000 0.000000 0.000000 0.000000 0.000000 0.000000 0.000000 0.000000 0.000000 0.000000 0.000000 0.000000
0.000000 0.000000 0.300042 0.300042 0.300042 0.300042 0.300042 0.300042 0.300042 0.300042 0.300042 0.300042 0.300042 0.300042 0.300042 0.300042 0.300042 0.300042 0.300042 0.000000 0.000000
0.000000 0.000000 0.300007 0.300007 0.300007 0.300006 0.300007 0.300007 0.300007 0.300007 0.300007 0.300007 0.300007 0.300007 0.300007 0.300006 0.300007 0.300007 0.300007 0.000000 0.000000
0.000000 0.000000 0.298880 0.298881 0.298885 0.298883 0.298880 0.298880 0.298880 0.298880 0.298880 0.298880 0.298880 0.298880 0.298880 0.298883 0.298885 0.298881 0.298880 0.000000 0.000000
0.000000 0.000000 0.295030 0.295032 0.295037 0.295036 0.295029 0.295031 0.295031 0.295029 0.295030 0.295029 0.295031 0.295031 0.295029 0.295036 0.295037 0.295032 0.295030 0.000000 0.000000
0.000000 0.000000 0.290529 0.290530 0.290534 0.290534 0.290528 0.290530 0.290530 0.290529 0.290529 0.290529 0.290530 0.290530 0.290528 0.290534 0.290534 0.290530 0.290529 0.000000 0.000000
0.000000 0.000000 0.286312 0.286313 0.286316 0.286315 0.286311 0.286312 0.286312 0.286311 0.286311 0.286311 0.286312 0.286312 0.286311 0.286315 0.286316 0.286313 0.286312 0.000000 0.000000
0.000000 0.000000 0.282430 0.282431 0.282434 0.282433 0.282429 0.282430 0.282430 0.282429 0.282430 0.282429 0.282430 0.282430 0.282429 0.282433 0.282434 0.282431 0.282430 0.000000 0.000000
0.000000 0.000000 0.278791 0.278792 0.278795 0.278794 0.278790 0.278791 0.278791 0.278791 0.278791 0.278791 0.278791 0.278791 0.278790 0.278794 0.278795 0.278792 0.278791 0.000000 0.000000
0.000000 0.000000 0.275302 0.275302 0.275305 0.275304 0.275301 0.275302 0.275302 0.275301 0.275301 0.275301 0.275302 0.275302 0.275301 0.275304 0.275305 0.275302 0.275302 0.000000 0.000000
0.000000 0.000000 0.271925 0.271926 0.271929 0.271928 0.271925 0.271926 0.271926 0.271925 0.271925 0.271925 0.271926 0.271926 0.271925 0.271928 0.271929 0.271926 0.271925 0.000000 0.000000
0.000000 0.000000 0.268627 0.268627 0.268630 0.268629 0.268626 0.268627 0.268627 0.268626 0.268626 0.268626 0.268627 0.268627 0.268626 0.268629 0.268630 0.268627 0.268627 0.000000 0.000000
0.000000 0.000000 0.265383 0.265384 0.265387 0.265386 0.265383 0.265383 0.265383 0.265383 0.265383 0.265383 0.265383 0.265383 0.265383 0.265386 0.265387 0.265384 0.265383 0.000000 0.000000
0.000000 0.000000 0.262194 0.262194 0.262197 0.262196 0.262193 0.262194 0.262194 0.262193 0.262194 0.262193 0.262194 0.262194 0.262193 0.262196 0.262197 0.262194 0.262194 0.000000 0.000000
0.000000 0.000000 0.259044 0.259045 0.259048 0.259047 0.259044 0.259045 0.259045 0.259044 0.259044 0.259044 0.259045 0.259045 0.259044 0.259047 0.259048 0.259045 0.259044 0.000000 0.000000
0.000000 0.000000 0.255923 0.255924 0.255927 0.255926 0.255923 0.255924 0.255924 0.255923 0.255923 0.255923 0.255924 0.255924 0.255923 0.255926 0.255927 0.255924 0.255923 0.000000 0.000000
0.000000 0.000000 0.252834 0.252835 0.252838 0.252837 0.252834 0.252834 0.252835 0.252834 0.252834 0.252834 0.252835 0.252834 0.252834 0.252837 0.252838 0.252835 0.252834 0.000000 0.000000
0.000000 0.000000 0.249698 0.249698 0.249701 0.249700 0.249697 0.249698 0.249698 0.249697 0.249697 0.249697 0.249698 0.249698 0.249697 0.249700 0.249701 0.249698 0.249698 0.000000 0.000000
0.000000 0.000000 0.300000 0.300000 0.300000 0.300000 0.300000 0.300000 0.300000 0.300000 0.300000 0.300000 0.300000 0.300000 0.300000 0.300000 0.300000 0.300000 0.300000 0.000000 0.000000
0.000000 0.000000 0.000000 0.000000 0.000000 0.000000 0.000000 0.000000 0.000000 0.000000 0.000000 0.000000 0.000000 0.000000 0.000000 0.000000 0.000000 0.000000 0.000000 0.000000 0.000000