geotop/1.0zi/1.0Montebello/Templates/testdem/maps/_Eocsilt5448.asc
ncols         21
nrows         20
xllcorner     100.000000
yllcorner     100.000000
cellsize      50.000000
NODATA_value  -9999.0
0.000000 0.000000 0.000000 0.000000 0.000000 0.000000 0.000000 0.000000 0.000000 0.000000 0.000000 0.000000 0.000000 0.000000 0.000000 0.000000 0.000000 0.000000 0.000000 0.000000 0.000000
0.000000 0.000000 0.350109 0.350109 0.350109 0.350109 0.350109 0.350109 0.350109 0.350109 0.350109 0.350109 0.350109 0.350109 0.350109 0.350109 0.350109 0.350109 0.350109 0.000000 0.000000
0.000000 0.000000 0.350002 0.350002 0.350002 0.350003 0.350003 0.350003 0.350003 0.350003 0.350003 0.350003 0.350004 0.350003 0.350003 0.350003 0.350001 0.350001 0.350002 0.000000 0.000000
0.000000 0.000000 0.350038 0.350037 0.350037 0.350032 0.350033 0.350031 0.350033 0.350034 0.350033 0.350032 0.350033 0.350032 0.350033 0.350036 0.350037 0.350038 0.350037 0.000000 0.000000
0.000000 0.000000 0.350439 0.350442 0.350441 0.350438 0.350435 0.350430 0.350429 0.350427 0.350425 0.350427 0.350428 0.350428 0.350434 0.350436 0.350436 0.350445 0.350448 0.000000 0.000000
0.000000 0.000000 0.351776 0.351780 0.351777 0.351764 0.351754 0.351738 0.351736 0.351732 0.351737 0.351739 0.351740 0.351736 0.351741 0.351746 0.351755 0.351758 0.351762 0.000000 0.000000
0.000000 0.000000 0.353883 0.353881 0.353878 0.353861 0.353841 0.353819 0.353820 0.353818 0.353821 0.353821 0.353818 0.353821 0.353835 0.353851 0.353858 0.353867 0.353872 0.000000 0.000000
0.000000 0.000000 0.356443 0.356444 0.356445 0.356429 0.356409 0.356385 0.356386 0.356384 0.356384 0.356384 0.356382 0.356384 0.356401 0.356419 0.356433 0.356435 0.356443 0.000000 0.000000
0.000000 0.000000 0.359126 0.359122 0.359116 0.359106 0.359087 0.359059 0.359060 0.359056 0.359054 0.359055 0.359055 0.359053 0.359077 0.359096 0.359109 0.359113 0.359121 0.000000 0.000000
0.000000 0.000000 0.361800 0.361796 0.361794 0.361788 0.361761 0.361737 0.361739 0.361736 0.361733 0.361737 0.361739 0.361736 0.361754 0.361775 0.361788 0.361789 0.361794 0.000000 0.000000
0.000000 0.000000 0.364527 0.364525 0.364526 0.364507 0.364489 0.364463 0.364469 0.364456 0.364456 0.364458 0.364455 0.364460 0.364475 0.364488 0.364502 0.364510 0.364521 0.000000 0.000000
0.000000 0.000000 0.367378 0.367372 0.367366 0.367353 0.367338 0.367306 0.367308 0.367300 0.367308 0.367301 0.367302 0.367304 0.367331 0.367343 0.367352 0.367356 0.367385 0.000000 0.000000
0.000000 0.000000 0.370285 0.370279 0.370278 0.370264 0.370250 0.370188 0.370189 0.370183 0.370171 0.370178 0.370182 0.370186 0.370229 0.370240 0.370262 0.370264 0.370284 0.000000 0.000000
0.000000 0.000000 0.373417 0.373413 0.373407 0.373398 0.373341 0.373324 0.373310 0.373310 0.373304 0.373307 0.373308 0.373305 0.373312 0.373367 0.373386 0.373401 0.373422 0.000000 0.000000
0.000000 0.000000 0.376838 0.376836 0.376823 0.376765 0.376746 0.376711 0.376687 0.376684 0.376673 0.376667 0.376673 0.376667 0.376692 0.376720 0.376805 0.376798 0.376811 0.000000 0.000000
0.000000 0.000000 0.380443 0.380438 0.380366 0.380350 0.380344 0.380321 0.380333 0.380324 0.380329 0.380321 0.380313 0.380327 0.380339 0.380348 0.380347 0.380441 0.380444 0.000000 0.000000
0.000000 0.000000 0.384516 0.384418 0.384378 0.384349 0.384302 0.384276 0.384270 0.384268 0.384247 0.384243 0.384251 0.384247 0.384274 0.384309 0.384365 0.384395 0.384493 0.000000 0.000000
0.000000 0.000000 0.387571 0.387566 0.387652 0.387626 0.387585 0.387491 0.387488 0.387468 0.387478 0.387473 0.387480 0.387481 0.387566 0.387594 0.387661 0.387571 0.387582 0.000000 0.000000
0.000000 0.000000 0.350000 0.350000 0.350000 0.350000 0.350000 0.350000 0.350000 0.350000 0.350000 0.350000 0.350000 0.350000 0.350000 0.350000 0.350000 0.350000 0.350000 0.000000 0.000000
0.000000 0.000000 0.000000 0.000000 0.000000 0.000000 0.000000 0.000000 0.000000 0.000000 0.000000 0.000000 0.000000 0.000000 0.000000 0.000000 0.000000 0.000000 0.000000 0.000000 0.000000