geotop/1.0zi/1.0Montebello/Templates/testdem/maps/_Eocclay9036.asc
ncols         21
nrows         20
xllcorner     100.000000
yllcorner     100.000000
cellsize      50.000000
NODATA_value  -9999.0
0.000000 0.000000 0.000000 0.000000 0.000000 0.000000 0.000000 0.000000 0.000000 0.000000 0.000000 0.000000 0.000000 0.000000 0.000000 0.000000 0.000000 0.000000 0.000000 0.000000 0.000000
0.000000 0.000000 0.349581 0.349583 0.349583 0.349582 0.349584 0.349584 0.349584 0.349584 0.349583 0.349584 0.349584 0.349584 0.349584 0.349584 0.349582 0.349582 0.349583 0.000000 0.000000
0.000000 0.000000 0.349983 0.349981 0.349981 0.349983 0.349981 0.349981 0.349981 0.349981 0.349981 0.349981 0.349981 0.349981 0.349982 0.349982 0.349983 0.349982 0.349980 0.000000 0.000000
0.000000 0.000000 0.350023 0.350028 0.350026 0.350023 0.350024 0.350025 0.350029 0.350026 0.350029 0.350027 0.350028 0.350026 0.350028 0.350030 0.350028 0.350027 0.350026 0.000000 0.000000
0.000000 0.000000 0.351224 0.351217 0.351212 0.351201 0.351183 0.351184 0.351179 0.351180 0.351179 0.351181 0.351179 0.351181 0.351191 0.351194 0.351205 0.351206 0.351215 0.000000 0.000000
0.000000 0.000000 0.354645 0.354639 0.354618 0.354588 0.354564 0.354538 0.354543 0.354536 0.354539 0.354539 0.354544 0.354543 0.354556 0.354582 0.354595 0.354604 0.354610 0.000000 0.000000
0.000000 0.000000 0.359239 0.359229 0.359217 0.359187 0.359153 0.359103 0.359104 0.359099 0.359099 0.359100 0.359101 0.359101 0.359143 0.359174 0.359191 0.359200 0.359208 0.000000 0.000000
0.000000 0.000000 0.364695 0.364684 0.364672 0.364635 0.364599 0.364553 0.364555 0.364549 0.364548 0.364546 0.364543 0.364553 0.364591 0.364622 0.364651 0.364655 0.364669 0.000000 0.000000
0.000000 0.000000 0.370582 0.370567 0.370549 0.370524 0.370482 0.370432 0.370438 0.370427 0.370423 0.370421 0.370422 0.370421 0.370472 0.370510 0.370531 0.370536 0.370549 0.000000 0.000000
0.000000 0.000000 0.376974 0.376953 0.376942 0.376915 0.376856 0.376811 0.376813 0.376806 0.376798 0.376803 0.376809 0.376807 0.376848 0.376897 0.376923 0.376928 0.376935 0.000000 0.000000
0.000000 0.000000 0.384109 0.384094 0.384080 0.384021 0.383982 0.383923 0.383939 0.383904 0.383911 0.383906 0.383895 0.383915 0.383959 0.383988 0.384025 0.384036 0.384065 0.000000 0.000000
0.000000 0.000000 0.392243 0.392216 0.392182 0.392149 0.392096 0.392025 0.392024 0.392020 0.392033 0.392006 0.392018 0.392017 0.392094 0.392136 0.392155 0.392162 0.392225 0.000000 0.000000
0.000000 0.000000 0.401270 0.401238 0.401231 0.401167 0.401123 0.400913 0.400913 0.400902 0.400838 0.400876 0.400883 0.400903 0.401066 0.401104 0.401180 0.401178 0.401203 0.000000 0.000000
0.000000 0.000000 0.412256 0.412243 0.412186 0.412145 0.411852 0.411917 0.411862 0.411864 0.411894 0.411864 0.411858 0.411833 0.411777 0.412088 0.412112 0.412178 0.412228 0.000000 0.000000
0.000000 0.000000 0.425376 0.425333 0.425269 0.424882 0.424979 0.424774 0.424706 0.424685 0.424610 0.424573 0.424616 0.424613 0.424810 0.424729 0.425233 0.425118 0.425112 0.000000 0.000000
0.000000 0.000000 0.439236 0.439203 0.438661 0.438889 0.438818 0.438817 0.439048 0.438984 0.439104 0.439077 0.438979 0.439111 0.439075 0.439135 0.438603 0.439401 0.439388 0.000000 0.000000
0.000000 0.000000 0.454936 0.454220 0.454469 0.454149 0.453794 0.453688 0.453450 0.453507 0.453268 0.453296 0.453436 0.453288 0.453481 0.453741 0.454436 0.453880 0.454617 0.000000 0.000000
0.000000 0.000000 0.458992 0.459583 0.460074 0.460072 0.460111 0.459626 0.459723 0.459577 0.459825 0.459775 0.459732 0.459817 0.460214 0.460188 0.460152 0.459774 0.459183 0.000000 0.000000
0.000000 0.000000 0.350000 0.350000 0.350000 0.350000 0.350000 0.350000 0.350000 0.350000 0.350000 0.350000 0.350000 0.350000 0.350000 0.350000 0.350000 0.350000 0.350000 0.000000 0.000000
0.000000 0.000000 0.000000 0.000000 0.000000 0.000000 0.000000 0.000000 0.000000 0.000000 0.000000 0.000000 0.000000 0.000000 0.000000 0.000000 0.000000 0.000000 0.000000 0.000000 0.000000