geotop/1.0zi/1.0Montebello/Templates/testdem/maps/_Eocclay4950.asc
ncols         21
nrows         20
xllcorner     100.000000
yllcorner     100.000000
cellsize      50.000000
NODATA_value  -9999.0
0.000000 0.000000 0.000000 0.000000 0.000000 0.000000 0.000000 0.000000 0.000000 0.000000 0.000000 0.000000 0.000000 0.000000 0.000000 0.000000 0.000000 0.000000 0.000000 0.000000 0.000000
0.000000 0.000000 0.349779 0.349780 0.349780 0.349780 0.349780 0.349780 0.349780 0.349780 0.349780 0.349780 0.349780 0.349780 0.349780 0.349780 0.349780 0.349780 0.349779 0.000000 0.000000
0.000000 0.000000 0.349992 0.349992 0.349992 0.349992 0.349991 0.349992 0.349992 0.349992 0.349991 0.349991 0.349992 0.349992 0.349992 0.349992 0.349992 0.349992 0.349992 0.000000 0.000000
0.000000 0.000000 0.349987 0.349989 0.349987 0.349988 0.349990 0.349990 0.349990 0.349988 0.349990 0.349988 0.349988 0.349987 0.349990 0.349991 0.349989 0.349990 0.349989 0.000000 0.000000
0.000000 0.000000 0.350382 0.350381 0.350381 0.350376 0.350367 0.350365 0.350366 0.350367 0.350364 0.350366 0.350363 0.350364 0.350369 0.350368 0.350372 0.350374 0.350377 0.000000 0.000000
0.000000 0.000000 0.351764 0.351766 0.351761 0.351745 0.351740 0.351727 0.351726 0.351722 0.351725 0.351725 0.351728 0.351730 0.351731 0.351741 0.351746 0.351755 0.351759 0.000000 0.000000
0.000000 0.000000 0.353775 0.353772 0.353768 0.353754 0.353738 0.353716 0.353715 0.353712 0.353714 0.353714 0.353716 0.353716 0.353732 0.353750 0.353759 0.353766 0.353773 0.000000 0.000000
0.000000 0.000000 0.356141 0.356139 0.356136 0.356120 0.356101 0.356079 0.356080 0.356077 0.356078 0.356077 0.356076 0.356078 0.356098 0.356115 0.356124 0.356130 0.356137 0.000000 0.000000
0.000000 0.000000 0.358522 0.358519 0.358514 0.358502 0.358485 0.358463 0.358465 0.358461 0.358461 0.358461 0.358460 0.358462 0.358480 0.358500 0.358507 0.358511 0.358519 0.000000 0.000000
0.000000 0.000000 0.360923 0.360918 0.360915 0.360902 0.360882 0.360861 0.360864 0.360861 0.360861 0.360861 0.360859 0.360859 0.360880 0.360900 0.360908 0.360913 0.360919 0.000000 0.000000
0.000000 0.000000 0.363383 0.363378 0.363375 0.363365 0.363349 0.363324 0.363326 0.363321 0.363321 0.363322 0.363320 0.363321 0.363339 0.363354 0.363364 0.363370 0.363378 0.000000 0.000000
0.000000 0.000000 0.365940 0.365936 0.365930 0.365915 0.365898 0.365874 0.365874 0.365871 0.365871 0.365869 0.365868 0.365868 0.365892 0.365910 0.365919 0.365924 0.365949 0.000000 0.000000
0.000000 0.000000 0.368547 0.368542 0.368536 0.368524 0.368504 0.368451 0.368452 0.368448 0.368447 0.368448 0.368445 0.368447 0.368493 0.368515 0.368524 0.368530 0.368545 0.000000 0.000000
0.000000 0.000000 0.371330 0.371320 0.371316 0.371304 0.371247 0.371234 0.371226 0.371223 0.371223 0.371223 0.371220 0.371221 0.371236 0.371290 0.371301 0.371313 0.371322 0.000000 0.000000
0.000000 0.000000 0.374353 0.374346 0.374331 0.374281 0.374255 0.374221 0.374204 0.374199 0.374191 0.374191 0.374194 0.374189 0.374216 0.374252 0.374313 0.374311 0.374319 0.000000 0.000000
0.000000 0.000000 0.377493 0.377485 0.377424 0.377414 0.377397 0.377380 0.377380 0.377380 0.377383 0.377381 0.377374 0.377386 0.377395 0.377409 0.377407 0.377476 0.377491 0.000000 0.000000
0.000000 0.000000 0.381025 0.380941 0.380894 0.380869 0.380824 0.380801 0.380796 0.380793 0.380784 0.380784 0.380786 0.380780 0.380798 0.380848 0.380880 0.380910 0.380993 0.000000 0.000000
0.000000 0.000000 0.383723 0.383711 0.383767 0.383736 0.383700 0.383618 0.383611 0.383604 0.383608 0.383606 0.383602 0.383610 0.383685 0.383723 0.383768 0.383697 0.383723 0.000000 0.000000
0.000000 0.000000 0.350000 0.350000 0.350000 0.350000 0.350000 0.350000 0.350000 0.350000 0.350000 0.350000 0.350000 0.350000 0.350000 0.350000 0.350000 0.350000 0.350000 0.000000 0.000000
0.000000 0.000000 0.000000 0.000000 0.000000 0.000000 0.000000 0.000000 0.000000 0.000000 0.000000 0.000000 0.000000 0.000000 0.000000 0.000000 0.000000 0.000000 0.000000 0.000000 0.000000