geotop/1.0zi/1.0Montebello/Templates/testdem/maps/_Eocsilt3708.asc
ncols         21
nrows         20
xllcorner     100.000000
yllcorner     100.000000
cellsize      50.000000
NODATA_value  -9999.0
0.000000 0.000000 0.000000 0.000000 0.000000 0.000000 0.000000 0.000000 0.000000 0.000000 0.000000 0.000000 0.000000 0.000000 0.000000 0.000000 0.000000 0.000000 0.000000 0.000000 0.000000
0.000000 0.000000 0.350077 0.350077 0.350077 0.350077 0.350076 0.350077 0.350077 0.350077 0.350077 0.350077 0.350077 0.350077 0.350077 0.350077 0.350077 0.350077 0.350077 0.000000 0.000000
0.000000 0.000000 0.350001 0.350002 0.350002 0.350002 0.350003 0.350003 0.350003 0.350003 0.350003 0.350003 0.350003 0.350003 0.350002 0.350002 0.350001 0.350001 0.350001 0.000000 0.000000
0.000000 0.000000 0.350033 0.350031 0.350032 0.350028 0.350029 0.350026 0.350028 0.350029 0.350028 0.350028 0.350029 0.350027 0.350028 0.350031 0.350032 0.350033 0.350032 0.000000 0.000000
0.000000 0.000000 0.350367 0.350371 0.350367 0.350369 0.350367 0.350366 0.350364 0.350361 0.350361 0.350362 0.350364 0.350364 0.350365 0.350364 0.350364 0.350369 0.350370 0.000000 0.000000
0.000000 0.000000 0.351407 0.351409 0.351406 0.351399 0.351393 0.351380 0.351379 0.351375 0.351379 0.351381 0.351382 0.351384 0.351389 0.351392 0.351394 0.351393 0.351396 0.000000 0.000000
0.000000 0.000000 0.352919 0.352922 0.352919 0.352904 0.352888 0.352872 0.352873 0.352870 0.352873 0.352873 0.352875 0.352879 0.352893 0.352904 0.352907 0.352909 0.352915 0.000000 0.000000
0.000000 0.000000 0.354668 0.354667 0.354662 0.354646 0.354627 0.354609 0.354610 0.354607 0.354608 0.354608 0.354610 0.354614 0.354634 0.354648 0.354657 0.354657 0.354662 0.000000 0.000000
0.000000 0.000000 0.356420 0.356417 0.356409 0.356397 0.356380 0.356358 0.356359 0.356355 0.356356 0.356357 0.356359 0.356364 0.356382 0.356398 0.356404 0.356408 0.356415 0.000000 0.000000
0.000000 0.000000 0.358155 0.358153 0.358147 0.358134 0.358114 0.358095 0.358097 0.358095 0.358095 0.358096 0.358097 0.358101 0.358121 0.358136 0.358142 0.358144 0.358149 0.000000 0.000000
0.000000 0.000000 0.359891 0.359889 0.359882 0.359872 0.359856 0.359833 0.359835 0.359831 0.359832 0.359833 0.359834 0.359838 0.359855 0.359866 0.359875 0.359878 0.359884 0.000000 0.000000
0.000000 0.000000 0.361673 0.361670 0.361662 0.361648 0.361631 0.361609 0.361608 0.361605 0.361606 0.361606 0.361609 0.361613 0.361635 0.361648 0.361656 0.361658 0.361679 0.000000 0.000000
0.000000 0.000000 0.363462 0.363458 0.363450 0.363438 0.363419 0.363379 0.363379 0.363376 0.363376 0.363377 0.363378 0.363383 0.363418 0.363434 0.363442 0.363445 0.363459 0.000000 0.000000
0.000000 0.000000 0.365336 0.365330 0.365324 0.365311 0.365270 0.365257 0.365250 0.365247 0.365249 0.365249 0.365250 0.365255 0.365269 0.365305 0.365313 0.365321 0.365329 0.000000 0.000000
0.000000 0.000000 0.367338 0.367333 0.367318 0.367284 0.367261 0.367235 0.367222 0.367218 0.367213 0.367213 0.367219 0.367219 0.367240 0.367267 0.367306 0.367305 0.367311 0.000000 0.000000
0.000000 0.000000 0.369380 0.369375 0.369334 0.369324 0.369307 0.369291 0.369288 0.369287 0.369289 0.369288 0.369287 0.369298 0.369308 0.369320 0.369323 0.369361 0.369372 0.000000 0.000000
0.000000 0.000000 0.371622 0.371577 0.371539 0.371521 0.371490 0.371474 0.371470 0.371468 0.371463 0.371464 0.371468 0.371469 0.371482 0.371511 0.371530 0.371553 0.371599 0.000000 0.000000
0.000000 0.000000 0.373413 0.373398 0.373420 0.373398 0.373368 0.373319 0.373314 0.373309 0.373310 0.373310 0.373312 0.373319 0.373363 0.373391 0.373422 0.373382 0.373405 0.000000 0.000000
0.000000 0.000000 0.350000 0.350000 0.350000 0.350000 0.350000 0.350000 0.350000 0.350000 0.350000 0.350000 0.350000 0.350000 0.350000 0.350000 0.350000 0.350000 0.350000 0.000000 0.000000
0.000000 0.000000 0.000000 0.000000 0.000000 0.000000 0.000000 0.000000 0.000000 0.000000 0.000000 0.000000 0.000000 0.000000 0.000000 0.000000 0.000000 0.000000 0.000000 0.000000 0.000000