geotop/1.0zi/1.0Montebello/Templates/testdem/maps/_Eocclay9421.asc
ncols         21
nrows         20
xllcorner     100.000000
yllcorner     100.000000
cellsize      50.000000
NODATA_value  -9999.0
0.000000 0.000000 0.000000 0.000000 0.000000 0.000000 0.000000 0.000000 0.000000 0.000000 0.000000 0.000000 0.000000 0.000000 0.000000 0.000000 0.000000 0.000000 0.000000 0.000000 0.000000
0.000000 0.000000 0.349558 0.349561 0.349560 0.349560 0.349561 0.349562 0.349561 0.349561 0.349560 0.349561 0.349561 0.349561 0.349561 0.349561 0.349559 0.349559 0.349560 0.000000 0.000000
0.000000 0.000000 0.349981 0.349979 0.349979 0.349981 0.349979 0.349979 0.349979 0.349979 0.349979 0.349979 0.349979 0.349979 0.349980 0.349980 0.349981 0.349980 0.349978 0.000000 0.000000
0.000000 0.000000 0.350030 0.350035 0.350033 0.350031 0.350032 0.350032 0.350036 0.350034 0.350037 0.350035 0.350036 0.350034 0.350036 0.350038 0.350035 0.350036 0.350034 0.000000 0.000000
0.000000 0.000000 0.351346 0.351340 0.351332 0.351322 0.351304 0.351302 0.351299 0.351301 0.351300 0.351304 0.351303 0.351305 0.351315 0.351319 0.351330 0.351333 0.351343 0.000000 0.000000
0.000000 0.000000 0.355040 0.355035 0.355011 0.354979 0.354950 0.354922 0.354926 0.354920 0.354923 0.354922 0.354928 0.354928 0.354942 0.354970 0.354985 0.354998 0.355004 0.000000 0.000000
0.000000 0.000000 0.359994 0.359984 0.359969 0.359938 0.359900 0.359843 0.359847 0.359842 0.359841 0.359843 0.359844 0.359846 0.359888 0.359922 0.359941 0.359954 0.359963 0.000000 0.000000
0.000000 0.000000 0.365878 0.365868 0.365853 0.365814 0.365773 0.365722 0.365725 0.365720 0.365718 0.365716 0.365714 0.365725 0.365764 0.365798 0.365830 0.365838 0.365853 0.000000 0.000000
0.000000 0.000000 0.372281 0.372267 0.372246 0.372219 0.372171 0.372114 0.372122 0.372111 0.372105 0.372104 0.372106 0.372106 0.372160 0.372202 0.372226 0.372235 0.372249 0.000000 0.000000
0.000000 0.000000 0.379311 0.379291 0.379276 0.379245 0.379180 0.379127 0.379130 0.379123 0.379114 0.379120 0.379128 0.379126 0.379170 0.379224 0.379254 0.379265 0.379273 0.000000 0.000000
0.000000 0.000000 0.387259 0.387245 0.387231 0.387161 0.387119 0.387047 0.387066 0.387029 0.387035 0.387031 0.387019 0.387043 0.387091 0.387124 0.387166 0.387183 0.387216 0.000000 0.000000
0.000000 0.000000 0.396448 0.396416 0.396374 0.396341 0.396279 0.396192 0.396194 0.396189 0.396205 0.396172 0.396189 0.396188 0.396274 0.396324 0.396347 0.396361 0.396431 0.000000 0.000000
0.000000 0.000000 0.406759 0.406731 0.406722 0.406642 0.406591 0.406338 0.406341 0.406328 0.406248 0.406297 0.406307 0.406332 0.406520 0.406566 0.406657 0.406664 0.406687 0.000000 0.000000
0.000000 0.000000 0.419493 0.419484 0.419411 0.419364 0.419007 0.419106 0.419039 0.419042 0.419086 0.419045 0.419039 0.419009 0.418916 0.419300 0.419322 0.419413 0.419470 0.000000 0.000000
0.000000 0.000000 0.434494 0.434450 0.434376 0.433908 0.434065 0.433788 0.433716 0.433690 0.433592 0.433554 0.433609 0.433613 0.433866 0.433722 0.434338 0.434201 0.434187 0.000000 0.000000
0.000000 0.000000 0.449295 0.449268 0.448670 0.448969 0.448867 0.448884 0.449151 0.449082 0.449223 0.449198 0.449088 0.449235 0.449165 0.449252 0.448601 0.449511 0.449498 0.000000 0.000000
0.000000 0.000000 0.464097 0.463476 0.463708 0.463415 0.463102 0.462998 0.462781 0.462833 0.462615 0.462642 0.462770 0.462637 0.462812 0.463044 0.463675 0.463167 0.463814 0.000000 0.000000
0.000000 0.000000 0.468420 0.468782 0.469173 0.469132 0.469116 0.468730 0.468780 0.468674 0.468835 0.468801 0.468785 0.468834 0.469156 0.469169 0.469222 0.468885 0.468527 0.000000 0.000000
0.000000 0.000000 0.350000 0.350000 0.350000 0.350000 0.350000 0.350000 0.350000 0.350000 0.350000 0.350000 0.350000 0.350000 0.350000 0.350000 0.350000 0.350000 0.350000 0.000000 0.000000
0.000000 0.000000 0.000000 0.000000 0.000000 0.000000 0.000000 0.000000 0.000000 0.000000 0.000000 0.000000 0.000000 0.000000 0.000000 0.000000 0.000000 0.000000 0.000000 0.000000 0.000000