geotop/1.0zi/1.0Montebello/Templates/testdem/maps/_Eocclay156e.asc
ncols         21
nrows         20
xllcorner     100.000000
yllcorner     100.000000
cellsize      50.000000
NODATA_value  -9999.0
0.000000 0.000000 0.000000 0.000000 0.000000 0.000000 0.000000 0.000000 0.000000 0.000000 0.000000 0.000000 0.000000 0.000000 0.000000 0.000000 0.000000 0.000000 0.000000 0.000000 0.000000
0.000000 0.000000 0.349450 0.349452 0.349452 0.349451 0.349453 0.349453 0.349453 0.349453 0.349452 0.349453 0.349453 0.349453 0.349453 0.349453 0.349451 0.349451 0.349452 0.000000 0.000000
0.000000 0.000000 0.349976 0.349974 0.349974 0.349976 0.349973 0.349973 0.349974 0.349973 0.349973 0.349974 0.349974 0.349973 0.349974 0.349975 0.349975 0.349975 0.349974 0.000000 0.000000
0.000000 0.000000 0.350125 0.350137 0.350131 0.350127 0.350132 0.350132 0.350131 0.350130 0.350130 0.350128 0.350128 0.350130 0.350130 0.350134 0.350133 0.350132 0.350131 0.000000 0.000000
0.000000 0.000000 0.352219 0.352205 0.352197 0.352183 0.352159 0.352153 0.352150 0.352150 0.352147 0.352153 0.352154 0.352153 0.352161 0.352168 0.352181 0.352191 0.352200 0.000000 0.000000
0.000000 0.000000 0.357423 0.357415 0.357387 0.357342 0.357305 0.357269 0.357272 0.357266 0.357260 0.357262 0.357269 0.357265 0.357282 0.357321 0.357339 0.357357 0.357363 0.000000 0.000000
0.000000 0.000000 0.364348 0.364334 0.364311 0.364265 0.364217 0.364142 0.364137 0.364131 0.364123 0.364125 0.364126 0.364125 0.364181 0.364225 0.364250 0.364270 0.364278 0.000000 0.000000
0.000000 0.000000 0.372777 0.372760 0.372733 0.372668 0.372614 0.372543 0.372535 0.372528 0.372518 0.372516 0.372513 0.372523 0.372573 0.372622 0.372664 0.372677 0.372693 0.000000 0.000000
0.000000 0.000000 0.382457 0.382432 0.382391 0.382340 0.382275 0.382187 0.382185 0.382171 0.382157 0.382154 0.382157 0.382151 0.382226 0.382287 0.382321 0.382339 0.382352 0.000000 0.000000
0.000000 0.000000 0.393837 0.393795 0.393756 0.393699 0.393620 0.393526 0.393512 0.393505 0.393481 0.393489 0.393504 0.393498 0.393556 0.393640 0.393685 0.393706 0.393711 0.000000 0.000000
0.000000 0.000000 0.407724 0.407683 0.407647 0.407503 0.407471 0.407332 0.407353 0.407286 0.407292 0.407279 0.407253 0.407292 0.407364 0.407416 0.407484 0.407511 0.407571 0.000000 0.000000
0.000000 0.000000 0.424922 0.424833 0.424727 0.424678 0.424602 0.424419 0.424385 0.424403 0.424411 0.424354 0.424387 0.424364 0.424516 0.424619 0.424645 0.424672 0.424787 0.000000 0.000000
0.000000 0.000000 0.443858 0.443785 0.443775 0.443626 0.443538 0.443041 0.443008 0.442976 0.442770 0.442918 0.442912 0.442960 0.443307 0.443376 0.443567 0.443590 0.443557 0.000000 0.000000
0.000000 0.000000 0.462977 0.462965 0.462819 0.462769 0.462253 0.462566 0.462445 0.462451 0.462570 0.462456 0.462443 0.462369 0.462107 0.462688 0.462659 0.462792 0.462863 0.000000 0.000000
0.000000 0.000000 0.475677 0.475645 0.475587 0.475285 0.475384 0.475207 0.475161 0.475141 0.475073 0.475050 0.475083 0.475082 0.475237 0.475136 0.475523 0.475440 0.475424 0.000000 0.000000
0.000000 0.000000 0.483885 0.483863 0.483683 0.483659 0.483659 0.483606 0.483658 0.483633 0.483648 0.483633 0.483613 0.483649 0.483676 0.483675 0.483629 0.483843 0.483833 0.000000 0.000000
0.000000 0.000000 0.490375 0.490226 0.490228 0.490101 0.490056 0.489987 0.489943 0.489946 0.489889 0.489888 0.489916 0.489894 0.489964 0.489991 0.490189 0.490108 0.490243 0.000000 0.000000
0.000000 0.000000 0.493584 0.493711 0.493733 0.493721 0.493752 0.493630 0.493673 0.493635 0.493691 0.493676 0.493656 0.493690 0.493779 0.493752 0.493719 0.493735 0.493595 0.000000 0.000000
0.000000 0.000000 0.350000 0.350000 0.350000 0.350000 0.350000 0.350000 0.350000 0.350000 0.350000 0.350000 0.350000 0.350000 0.350000 0.350000 0.350000 0.350000 0.350000 0.000000 0.000000
0.000000 0.000000 0.000000 0.000000 0.000000 0.000000 0.000000 0.000000 0.000000 0.000000 0.000000 0.000000 0.000000 0.000000 0.000000 0.000000 0.000000 0.000000 0.000000 0.000000 0.000000