geotop/1.0zi/1.0Montebello/Templates/testdem/maps/_Eocclay037=.asc
ncols         21
nrows         20
xllcorner     100.000000
yllcorner     100.000000
cellsize      50.000000
NODATA_value  -9999.0
0.000000 0.000000 0.000000 0.000000 0.000000 0.000000 0.000000 0.000000 0.000000 0.000000 0.000000 0.000000 0.000000 0.000000 0.000000 0.000000 0.000000 0.000000 0.000000 0.000000 0.000000
0.000000 0.000000 0.349511 0.349513 0.349513 0.349512 0.349514 0.349514 0.349513 0.349514 0.349513 0.349514 0.349514 0.349514 0.349514 0.349514 0.349512 0.349512 0.349513 0.000000 0.000000
0.000000 0.000000 0.349981 0.349979 0.349979 0.349981 0.349978 0.349978 0.349979 0.349979 0.349978 0.349979 0.349979 0.349978 0.349980 0.349980 0.349980 0.349980 0.349979 0.000000 0.000000
0.000000 0.000000 0.350076 0.350086 0.350082 0.350077 0.350079 0.350079 0.350083 0.350080 0.350083 0.350081 0.350081 0.350080 0.350084 0.350087 0.350086 0.350085 0.350083 0.000000 0.000000
0.000000 0.000000 0.351788 0.351780 0.351771 0.351757 0.351737 0.351733 0.351730 0.351733 0.351731 0.351735 0.351736 0.351736 0.351745 0.351752 0.351764 0.351771 0.351780 0.000000 0.000000
0.000000 0.000000 0.356188 0.356184 0.356159 0.356116 0.356082 0.356048 0.356054 0.356050 0.356047 0.356047 0.356054 0.356052 0.356068 0.356102 0.356120 0.356135 0.356140 0.000000 0.000000
0.000000 0.000000 0.362075 0.362064 0.362047 0.362004 0.361960 0.361894 0.361896 0.361892 0.361885 0.361887 0.361888 0.361887 0.361938 0.361977 0.362000 0.362016 0.362023 0.000000 0.000000
0.000000 0.000000 0.369111 0.369098 0.369078 0.369021 0.368972 0.368913 0.368915 0.368910 0.368902 0.368899 0.368897 0.368907 0.368953 0.368994 0.369032 0.369043 0.369058 0.000000 0.000000
0.000000 0.000000 0.376950 0.376931 0.376899 0.376855 0.376797 0.376728 0.376736 0.376725 0.376714 0.376712 0.376714 0.376710 0.376775 0.376826 0.376856 0.376870 0.376882 0.000000 0.000000
0.000000 0.000000 0.385821 0.385792 0.385764 0.385715 0.385649 0.385574 0.385576 0.385570 0.385552 0.385559 0.385567 0.385563 0.385615 0.385683 0.385720 0.385736 0.385741 0.000000 0.000000
0.000000 0.000000 0.396203 0.396180 0.396153 0.396045 0.396014 0.395909 0.395933 0.395886 0.395887 0.395879 0.395862 0.395889 0.395950 0.395992 0.396047 0.396067 0.396111 0.000000 0.000000
0.000000 0.000000 0.408652 0.408599 0.408529 0.408478 0.408418 0.408284 0.408281 0.408286 0.408296 0.408248 0.408274 0.408259 0.408377 0.408449 0.408478 0.408497 0.408586 0.000000 0.000000
0.000000 0.000000 0.422892 0.422845 0.422831 0.422719 0.422645 0.422270 0.422266 0.422248 0.422104 0.422195 0.422198 0.422231 0.422500 0.422558 0.422701 0.422710 0.422716 0.000000 0.000000
0.000000 0.000000 0.440360 0.440347 0.440216 0.440146 0.439623 0.439865 0.439758 0.439769 0.439861 0.439769 0.439757 0.439691 0.439471 0.440045 0.440046 0.440184 0.440258 0.000000 0.000000
0.000000 0.000000 0.457700 0.457652 0.457579 0.457017 0.457320 0.456933 0.456874 0.456842 0.456696 0.456670 0.456731 0.456745 0.457076 0.456776 0.457507 0.457323 0.457284 0.000000 0.000000
0.000000 0.000000 0.470039 0.470018 0.469595 0.469789 0.469716 0.469720 0.469905 0.469858 0.469949 0.469933 0.469855 0.469952 0.469900 0.469968 0.469517 0.470151 0.470139 0.000000 0.000000
0.000000 0.000000 0.479513 0.479263 0.479245 0.479172 0.479030 0.478993 0.478953 0.478963 0.478898 0.478904 0.478935 0.478906 0.478955 0.479065 0.479204 0.479165 0.479417 0.000000 0.000000
0.000000 0.000000 0.484174 0.484236 0.484329 0.484323 0.484279 0.484142 0.484165 0.484129 0.484174 0.484163 0.484158 0.484175 0.484297 0.484322 0.484326 0.484255 0.484192 0.000000 0.000000
0.000000 0.000000 0.350000 0.350000 0.350000 0.350000 0.350000 0.350000 0.350000 0.350000 0.350000 0.350000 0.350000 0.350000 0.350000 0.350000 0.350000 0.350000 0.350000 0.000000 0.000000
0.000000 0.000000 0.000000 0.000000 0.000000 0.000000 0.000000 0.000000 0.000000 0.000000 0.000000 0.000000 0.000000 0.000000 0.000000 0.000000 0.000000 0.000000 0.000000 0.000000 0.000000