geotop/1.0zi/1.0Montebello/Templates/testdem/maps/_Eocsilt2813.asc
ncols         21
nrows         20
xllcorner     100.000000
yllcorner     100.000000
cellsize      50.000000
NODATA_value  -9999.0
0.000000 0.000000 0.000000 0.000000 0.000000 0.000000 0.000000 0.000000 0.000000 0.000000 0.000000 0.000000 0.000000 0.000000 0.000000 0.000000 0.000000 0.000000 0.000000 0.000000 0.000000
0.000000 0.000000 0.350072 0.350072 0.350072 0.350072 0.350072 0.350072 0.350072 0.350072 0.350072 0.350072 0.350072 0.350072 0.350072 0.350072 0.350072 0.350072 0.350072 0.000000 0.000000
0.000000 0.000000 0.349998 0.349998 0.349998 0.349998 0.349998 0.349998 0.349998 0.349998 0.349999 0.349998 0.349998 0.349998 0.349998 0.349998 0.349998 0.349998 0.349998 0.000000 0.000000
0.000000 0.000000 0.351025 0.351024 0.351022 0.351023 0.351025 0.351025 0.351025 0.351025 0.351025 0.351025 0.351025 0.351025 0.351025 0.351023 0.351022 0.351024 0.351025 0.000000 0.000000
0.000000 0.000000 0.354884 0.354884 0.354882 0.354882 0.354885 0.354884 0.354884 0.354885 0.354885 0.354885 0.354884 0.354884 0.354885 0.354882 0.354882 0.354884 0.354884 0.000000 0.000000
0.000000 0.000000 0.359759 0.359759 0.359757 0.359757 0.359760 0.359759 0.359759 0.359760 0.359760 0.359760 0.359759 0.359759 0.359760 0.359757 0.359757 0.359759 0.359759 0.000000 0.000000
0.000000 0.000000 0.364199 0.364198 0.364197 0.364197 0.364199 0.364199 0.364199 0.364200 0.364200 0.364200 0.364199 0.364199 0.364199 0.364197 0.364197 0.364198 0.364199 0.000000 0.000000
0.000000 0.000000 0.368229 0.368229 0.368227 0.368228 0.368229 0.368229 0.368229 0.368230 0.368230 0.368230 0.368229 0.368229 0.368229 0.368228 0.368227 0.368229 0.368229 0.000000 0.000000
0.000000 0.000000 0.371965 0.371964 0.371963 0.371964 0.371965 0.371965 0.371965 0.371965 0.371966 0.371965 0.371965 0.371965 0.371965 0.371964 0.371963 0.371964 0.371965 0.000000 0.000000
0.000000 0.000000 0.375496 0.375495 0.375494 0.375495 0.375496 0.375496 0.375496 0.375496 0.375497 0.375496 0.375496 0.375496 0.375496 0.375495 0.375494 0.375495 0.375496 0.000000 0.000000
0.000000 0.000000 0.378864 0.378864 0.378863 0.378863 0.378864 0.378864 0.378864 0.378864 0.378865 0.378864 0.378864 0.378864 0.378864 0.378863 0.378863 0.378864 0.378864 0.000000 0.000000
0.000000 0.000000 0.382103 0.382102 0.382101 0.382102 0.382103 0.382102 0.382102 0.382103 0.382103 0.382103 0.382102 0.382102 0.382103 0.382102 0.382101 0.382102 0.382103 0.000000 0.000000
0.000000 0.000000 0.385236 0.385236 0.385235 0.385235 0.385236 0.385236 0.385236 0.385237 0.385237 0.385237 0.385236 0.385236 0.385236 0.385235 0.385235 0.385236 0.385236 0.000000 0.000000
0.000000 0.000000 0.388286 0.388286 0.388285 0.388285 0.388286 0.388286 0.388286 0.388286 0.388287 0.388286 0.388286 0.388286 0.388286 0.388285 0.388285 0.388286 0.388286 0.000000 0.000000
0.000000 0.000000 0.391260 0.391260 0.391259 0.391259 0.391261 0.391260 0.391260 0.391261 0.391261 0.391261 0.391260 0.391260 0.391261 0.391259 0.391259 0.391260 0.391260 0.000000 0.000000
0.000000 0.000000 0.394165 0.394165 0.394164 0.394164 0.394165 0.394165 0.394165 0.394165 0.394166 0.394165 0.394165 0.394165 0.394165 0.394164 0.394164 0.394165 0.394165 0.000000 0.000000
0.000000 0.000000 0.397004 0.397004 0.397003 0.397003 0.397004 0.397004 0.397004 0.397005 0.397005 0.397005 0.397004 0.397004 0.397004 0.397003 0.397003 0.397004 0.397004 0.000000 0.000000
0.000000 0.000000 0.399830 0.399830 0.399829 0.399829 0.399831 0.399830 0.399830 0.399831 0.399831 0.399831 0.399830 0.399830 0.399831 0.399829 0.399829 0.399830 0.399830 0.000000 0.000000
0.000000 0.000000 0.350000 0.350000 0.350000 0.350000 0.350000 0.350000 0.350000 0.350000 0.350000 0.350000 0.350000 0.350000 0.350000 0.350000 0.350000 0.350000 0.350000 0.000000 0.000000
0.000000 0.000000 0.000000 0.000000 0.000000 0.000000 0.000000 0.000000 0.000000 0.000000 0.000000 0.000000 0.000000 0.000000 0.000000 0.000000 0.000000 0.000000 0.000000 0.000000 0.000000