geotop/1.0zi/1.0Montebello/Templates/testdem/maps/_Eocsilt4140.asc
ncols         21
nrows         20
xllcorner     100.000000
yllcorner     100.000000
cellsize      50.000000
NODATA_value  -9999.0
0.000000 0.000000 0.000000 0.000000 0.000000 0.000000 0.000000 0.000000 0.000000 0.000000 0.000000 0.000000 0.000000 0.000000 0.000000 0.000000 0.000000 0.000000 0.000000 0.000000 0.000000
0.000000 0.000000 0.350086 0.350086 0.350086 0.350086 0.350085 0.350086 0.350086 0.350086 0.350086 0.350086 0.350086 0.350086 0.350085 0.350086 0.350086 0.350086 0.350085 0.000000 0.000000
0.000000 0.000000 0.350001 0.350002 0.350002 0.350002 0.350003 0.350003 0.350003 0.350003 0.350003 0.350003 0.350003 0.350003 0.350003 0.350002 0.350001 0.350001 0.350001 0.000000 0.000000
0.000000 0.000000 0.350032 0.350031 0.350031 0.350026 0.350027 0.350025 0.350027 0.350027 0.350027 0.350027 0.350027 0.350026 0.350028 0.350030 0.350031 0.350032 0.350031 0.000000 0.000000
0.000000 0.000000 0.350380 0.350382 0.350380 0.350381 0.350380 0.350377 0.350375 0.350373 0.350372 0.350374 0.350374 0.350375 0.350376 0.350375 0.350375 0.350379 0.350382 0.000000 0.000000
0.000000 0.000000 0.351468 0.351469 0.351465 0.351461 0.351459 0.351448 0.351446 0.351441 0.351446 0.351448 0.351449 0.351444 0.351446 0.351451 0.351454 0.351454 0.351456 0.000000 0.000000
0.000000 0.000000 0.353124 0.353123 0.353120 0.353109 0.353098 0.353084 0.353086 0.353084 0.353087 0.353084 0.353081 0.353080 0.353089 0.353102 0.353107 0.353111 0.353118 0.000000 0.000000
0.000000 0.000000 0.355050 0.355046 0.355042 0.355030 0.355018 0.355001 0.355003 0.355000 0.355000 0.355000 0.354997 0.354994 0.355010 0.355025 0.355036 0.355037 0.355042 0.000000 0.000000
0.000000 0.000000 0.356996 0.356991 0.356984 0.356975 0.356964 0.356944 0.356945 0.356942 0.356942 0.356943 0.356940 0.356938 0.356952 0.356969 0.356977 0.356981 0.356989 0.000000 0.000000
0.000000 0.000000 0.358927 0.358922 0.358917 0.358907 0.358893 0.358876 0.358879 0.358876 0.358876 0.358877 0.358873 0.358869 0.358886 0.358903 0.358909 0.358912 0.358919 0.000000 0.000000
0.000000 0.000000 0.360866 0.360861 0.360855 0.360848 0.360838 0.360818 0.360820 0.360816 0.360816 0.360817 0.360813 0.360810 0.360824 0.360835 0.360845 0.360849 0.360856 0.000000 0.000000
0.000000 0.000000 0.362865 0.362859 0.362852 0.362841 0.362830 0.362810 0.362810 0.362808 0.362808 0.362808 0.362805 0.362801 0.362820 0.362834 0.362843 0.362846 0.362868 0.000000 0.000000
0.000000 0.000000 0.364883 0.364877 0.364870 0.364862 0.364848 0.364808 0.364809 0.364805 0.364805 0.364805 0.364801 0.364798 0.364832 0.364850 0.364858 0.364862 0.364876 0.000000 0.000000
0.000000 0.000000 0.367010 0.367001 0.366995 0.366986 0.366948 0.366937 0.366931 0.366928 0.366928 0.366928 0.366924 0.366920 0.366931 0.366972 0.366981 0.366989 0.366998 0.000000 0.000000
0.000000 0.000000 0.369291 0.369284 0.369269 0.369235 0.369217 0.369192 0.369180 0.369176 0.369170 0.369169 0.369169 0.369161 0.369179 0.369208 0.369253 0.369251 0.369258 0.000000 0.000000
0.000000 0.000000 0.371634 0.371627 0.371581 0.371574 0.371564 0.371552 0.371550 0.371549 0.371551 0.371550 0.371542 0.371546 0.371551 0.371563 0.371565 0.371611 0.371623 0.000000 0.000000
0.000000 0.000000 0.374224 0.374167 0.374126 0.374112 0.374086 0.374071 0.374068 0.374066 0.374060 0.374060 0.374058 0.374050 0.374059 0.374092 0.374113 0.374138 0.374194 0.000000 0.000000
0.000000 0.000000 0.376264 0.376248 0.376278 0.376258 0.376235 0.376182 0.376178 0.376172 0.376174 0.376173 0.376168 0.376167 0.376212 0.376242 0.376275 0.376228 0.376253 0.000000 0.000000
0.000000 0.000000 0.350000 0.350000 0.350000 0.350000 0.350000 0.350000 0.350000 0.350000 0.350000 0.350000 0.350000 0.350000 0.350000 0.350000 0.350000 0.350000 0.350000 0.000000 0.000000
0.000000 0.000000 0.000000 0.000000 0.000000 0.000000 0.000000 0.000000 0.000000 0.000000 0.000000 0.000000 0.000000 0.000000 0.000000 0.000000 0.000000 0.000000 0.000000 0.000000 0.000000