geotop/1.0zi/1.0Montebello/Templates/testdem/maps/_Eocclay8889.asc
ncols         21
nrows         20
xllcorner     100.000000
yllcorner     100.000000
cellsize      50.000000
NODATA_value  -9999.0
0.000000 0.000000 0.000000 0.000000 0.000000 0.000000 0.000000 0.000000 0.000000 0.000000 0.000000 0.000000 0.000000 0.000000 0.000000 0.000000 0.000000 0.000000 0.000000 0.000000 0.000000
0.000000 0.000000 0.349583 0.349586 0.349586 0.349585 0.349587 0.349587 0.349586 0.349586 0.349585 0.349587 0.349586 0.349586 0.349587 0.349586 0.349584 0.349585 0.349585 0.000000 0.000000
0.000000 0.000000 0.349983 0.349981 0.349981 0.349983 0.349981 0.349981 0.349982 0.349981 0.349981 0.349981 0.349981 0.349981 0.349982 0.349982 0.349983 0.349982 0.349980 0.000000 0.000000
0.000000 0.000000 0.350023 0.350028 0.350026 0.350023 0.350025 0.350025 0.350029 0.350026 0.350029 0.350028 0.350028 0.350026 0.350029 0.350030 0.350028 0.350028 0.350026 0.000000 0.000000
0.000000 0.000000 0.351210 0.351203 0.351198 0.351188 0.351171 0.351171 0.351167 0.351168 0.351166 0.351168 0.351167 0.351169 0.351178 0.351182 0.351193 0.351193 0.351203 0.000000 0.000000
0.000000 0.000000 0.354560 0.354557 0.354539 0.354509 0.354485 0.354461 0.354465 0.354458 0.354462 0.354462 0.354467 0.354467 0.354480 0.354505 0.354517 0.354527 0.354533 0.000000 0.000000
0.000000 0.000000 0.359074 0.359065 0.359055 0.359026 0.358992 0.358943 0.358945 0.358939 0.358940 0.358941 0.358942 0.358943 0.358983 0.359014 0.359031 0.359040 0.359048 0.000000 0.000000
0.000000 0.000000 0.364426 0.364417 0.364407 0.364372 0.364336 0.364291 0.364294 0.364288 0.364288 0.364285 0.364283 0.364293 0.364330 0.364360 0.364389 0.364393 0.364407 0.000000 0.000000
0.000000 0.000000 0.370190 0.370178 0.370163 0.370139 0.370098 0.370049 0.370055 0.370045 0.370041 0.370039 0.370041 0.370040 0.370090 0.370127 0.370148 0.370153 0.370166 0.000000 0.000000
0.000000 0.000000 0.376431 0.376414 0.376405 0.376379 0.376322 0.376278 0.376281 0.376274 0.376267 0.376272 0.376278 0.376276 0.376317 0.376364 0.376389 0.376395 0.376402 0.000000 0.000000
0.000000 0.000000 0.383376 0.383365 0.383355 0.383298 0.383260 0.383203 0.383220 0.383185 0.383192 0.383188 0.383177 0.383198 0.383240 0.383269 0.383305 0.383316 0.383343 0.000000 0.000000
0.000000 0.000000 0.391266 0.391243 0.391214 0.391183 0.391132 0.391064 0.391064 0.391059 0.391073 0.391047 0.391058 0.391058 0.391133 0.391173 0.391192 0.391199 0.391261 0.000000 0.000000
0.000000 0.000000 0.399994 0.399967 0.399965 0.399904 0.399863 0.399661 0.399662 0.399652 0.399591 0.399627 0.399635 0.399655 0.399811 0.399848 0.399921 0.399920 0.399945 0.000000 0.000000
0.000000 0.000000 0.410574 0.410566 0.410518 0.410479 0.410201 0.410260 0.410209 0.410210 0.410238 0.410211 0.410206 0.410184 0.410133 0.410429 0.410453 0.410517 0.410564 0.000000 0.000000
0.000000 0.000000 0.423214 0.423180 0.423124 0.422758 0.422844 0.422653 0.422588 0.422568 0.422499 0.422463 0.422504 0.422501 0.422686 0.422616 0.423095 0.422989 0.422984 0.000000 0.000000
0.000000 0.000000 0.436705 0.436680 0.436164 0.436376 0.436313 0.436307 0.436530 0.436467 0.436583 0.436555 0.436462 0.436591 0.436560 0.436614 0.436116 0.436880 0.436866 0.000000 0.000000
0.000000 0.000000 0.452344 0.451631 0.451877 0.451564 0.451208 0.451104 0.450871 0.450928 0.450691 0.450719 0.450858 0.450713 0.450903 0.451165 0.451851 0.451309 0.452047 0.000000 0.000000
0.000000 0.000000 0.456422 0.457054 0.457566 0.457572 0.457621 0.457121 0.457227 0.457074 0.457336 0.457284 0.457238 0.457328 0.457737 0.457703 0.457655 0.457270 0.456644 0.000000 0.000000
0.000000 0.000000 0.350000 0.350000 0.350000 0.350000 0.350000 0.350000 0.350000 0.350000 0.350000 0.350000 0.350000 0.350000 0.350000 0.350000 0.350000 0.350000 0.350000 0.000000 0.000000
0.000000 0.000000 0.000000 0.000000 0.000000 0.000000 0.000000 0.000000 0.000000 0.000000 0.000000 0.000000 0.000000 0.000000 0.000000 0.000000 0.000000 0.000000 0.000000 0.000000 0.000000