geotop/1.0zi/1.0Montebello/Templates/testdem/maps/_Eocsilt8169.asc
ncols         21
nrows         20
xllcorner     100.000000
yllcorner     100.000000
cellsize      50.000000
NODATA_value  -9999.0
0.000000 0.000000 0.000000 0.000000 0.000000 0.000000 0.000000 0.000000 0.000000 0.000000 0.000000 0.000000 0.000000 0.000000 0.000000 0.000000 0.000000 0.000000 0.000000 0.000000 0.000000
0.000000 0.000000 0.350171 0.350171 0.350171 0.350172 0.350171 0.350171 0.350171 0.350171 0.350171 0.350171 0.350171 0.350171 0.350171 0.350171 0.350172 0.350171 0.350171 0.000000 0.000000
0.000000 0.000000 0.350005 0.350005 0.350005 0.350005 0.350006 0.350005 0.350006 0.350006 0.350006 0.350006 0.350006 0.350006 0.350006 0.350005 0.350004 0.350004 0.350005 0.000000 0.000000
0.000000 0.000000 0.350102 0.350099 0.350097 0.350091 0.350092 0.350087 0.350090 0.350090 0.350087 0.350089 0.350089 0.350089 0.350092 0.350095 0.350099 0.350099 0.350100 0.000000 0.000000
0.000000 0.000000 0.351034 0.351041 0.351036 0.351025 0.351018 0.351011 0.351007 0.351005 0.351005 0.351005 0.351006 0.351008 0.351022 0.351026 0.351030 0.351040 0.351042 0.000000 0.000000
0.000000 0.000000 0.353766 0.353767 0.353756 0.353740 0.353721 0.353698 0.353697 0.353691 0.353695 0.353695 0.353697 0.353696 0.353708 0.353721 0.353734 0.353742 0.353748 0.000000 0.000000
0.000000 0.000000 0.357670 0.357667 0.357655 0.357629 0.357596 0.357561 0.357561 0.357557 0.357558 0.357556 0.357553 0.357559 0.357589 0.357616 0.357635 0.357650 0.357657 0.000000 0.000000
0.000000 0.000000 0.362288 0.362286 0.362280 0.362252 0.362220 0.362181 0.362181 0.362176 0.362175 0.362172 0.362170 0.362177 0.362211 0.362239 0.362266 0.362273 0.362285 0.000000 0.000000
0.000000 0.000000 0.367260 0.367251 0.367236 0.367217 0.367183 0.367139 0.367141 0.367131 0.367129 0.367127 0.367128 0.367127 0.367170 0.367205 0.367227 0.367238 0.367249 0.000000 0.000000
0.000000 0.000000 0.372499 0.372490 0.372481 0.372463 0.372415 0.372375 0.372375 0.372371 0.372364 0.372367 0.372373 0.372371 0.372407 0.372447 0.372472 0.372480 0.372488 0.000000 0.000000
0.000000 0.000000 0.378169 0.378163 0.378153 0.378112 0.378079 0.378033 0.378042 0.378017 0.378021 0.378019 0.378010 0.378027 0.378060 0.378085 0.378116 0.378133 0.378155 0.000000 0.000000
0.000000 0.000000 0.384464 0.384448 0.384428 0.384402 0.384364 0.384305 0.384301 0.384295 0.384308 0.384288 0.384294 0.384298 0.384358 0.384389 0.384410 0.384423 0.384476 0.000000 0.000000
0.000000 0.000000 0.391265 0.391249 0.391241 0.391203 0.391170 0.391018 0.391016 0.391006 0.390967 0.390987 0.390996 0.391010 0.391126 0.391157 0.391215 0.391221 0.391247 0.000000 0.000000
0.000000 0.000000 0.399227 0.399223 0.399190 0.399164 0.398974 0.398988 0.398948 0.398949 0.398961 0.398949 0.398944 0.398935 0.398918 0.399115 0.399147 0.399199 0.399237 0.000000 0.000000
0.000000 0.000000 0.408595 0.408578 0.408539 0.408298 0.408317 0.408197 0.408143 0.408129 0.408089 0.408060 0.408086 0.408082 0.408198 0.408194 0.408512 0.408464 0.408471 0.000000 0.000000
0.000000 0.000000 0.418835 0.418820 0.418473 0.418565 0.418539 0.418505 0.418633 0.418592 0.418659 0.418635 0.418578 0.418664 0.418673 0.418693 0.418444 0.418942 0.418936 0.000000 0.000000
0.000000 0.000000 0.431424 0.430888 0.430994 0.430795 0.430526 0.430447 0.430302 0.430335 0.430176 0.430190 0.430280 0.430192 0.430327 0.430526 0.430976 0.430691 0.431250 0.000000 0.000000
0.000000 0.000000 0.436133 0.436618 0.437067 0.437068 0.437086 0.436653 0.436723 0.436597 0.436800 0.436758 0.436728 0.436797 0.437158 0.437145 0.437151 0.436798 0.436325 0.000000 0.000000
0.000000 0.000000 0.350000 0.350000 0.350000 0.350000 0.350000 0.350000 0.350000 0.350000 0.350000 0.350000 0.350000 0.350000 0.350000 0.350000 0.350000 0.350000 0.350000 0.000000 0.000000
0.000000 0.000000 0.000000 0.000000 0.000000 0.000000 0.000000 0.000000 0.000000 0.000000 0.000000 0.000000 0.000000 0.000000 0.000000 0.000000 0.000000 0.000000 0.000000 0.000000 0.000000