geotop/1.0zi/1.0Montebello/Templates/testdem/maps/_Eocclay3378.asc
ncols         21
nrows         20
xllcorner     100.000000
yllcorner     100.000000
cellsize      50.000000
NODATA_value  -9999.0
0.000000 0.000000 0.000000 0.000000 0.000000 0.000000 0.000000 0.000000 0.000000 0.000000 0.000000 0.000000 0.000000 0.000000 0.000000 0.000000 0.000000 0.000000 0.000000 0.000000 0.000000
0.000000 0.000000 0.349818 0.349818 0.349818 0.349818 0.349818 0.349818 0.349818 0.349818 0.349817 0.349818 0.349818 0.349818 0.349818 0.349818 0.349818 0.349818 0.349818 0.000000 0.000000
0.000000 0.000000 0.349996 0.349996 0.349995 0.349996 0.349996 0.349996 0.349996 0.349996 0.349996 0.349996 0.349996 0.349996 0.349996 0.349996 0.349995 0.349996 0.349996 0.000000 0.000000
0.000000 0.000000 0.351303 0.351302 0.351300 0.351301 0.351302 0.351302 0.351302 0.351302 0.351302 0.351302 0.351302 0.351302 0.351302 0.351301 0.351300 0.351302 0.351303 0.000000 0.000000
0.000000 0.000000 0.356554 0.356554 0.356552 0.356552 0.356556 0.356554 0.356554 0.356556 0.356556 0.356556 0.356554 0.356554 0.356556 0.356552 0.356552 0.356554 0.356554 0.000000 0.000000
0.000000 0.000000 0.362336 0.362336 0.362334 0.362334 0.362337 0.362336 0.362336 0.362337 0.362337 0.362337 0.362336 0.362336 0.362337 0.362334 0.362334 0.362336 0.362336 0.000000 0.000000
0.000000 0.000000 0.367743 0.367742 0.367741 0.367741 0.367743 0.367742 0.367742 0.367743 0.367744 0.367743 0.367742 0.367742 0.367743 0.367741 0.367741 0.367742 0.367743 0.000000 0.000000
0.000000 0.000000 0.372659 0.372659 0.372657 0.372657 0.372659 0.372659 0.372659 0.372659 0.372660 0.372659 0.372659 0.372659 0.372659 0.372657 0.372657 0.372659 0.372659 0.000000 0.000000
0.000000 0.000000 0.377201 0.377200 0.377199 0.377199 0.377201 0.377200 0.377200 0.377201 0.377201 0.377201 0.377200 0.377200 0.377201 0.377199 0.377199 0.377200 0.377201 0.000000 0.000000
0.000000 0.000000 0.381474 0.381473 0.381472 0.381472 0.381474 0.381473 0.381473 0.381474 0.381474 0.381474 0.381473 0.381473 0.381474 0.381472 0.381472 0.381473 0.381474 0.000000 0.000000
0.000000 0.000000 0.385532 0.385532 0.385531 0.385531 0.385533 0.385532 0.385532 0.385532 0.385533 0.385532 0.385532 0.385532 0.385533 0.385531 0.385531 0.385532 0.385532 0.000000 0.000000
0.000000 0.000000 0.389415 0.389415 0.389414 0.389414 0.389416 0.389415 0.389415 0.389415 0.389416 0.389415 0.389415 0.389415 0.389416 0.389414 0.389414 0.389415 0.389415 0.000000 0.000000
0.000000 0.000000 0.393152 0.393152 0.393150 0.393151 0.393152 0.393152 0.393152 0.393152 0.393153 0.393152 0.393152 0.393152 0.393152 0.393151 0.393150 0.393152 0.393152 0.000000 0.000000
0.000000 0.000000 0.396771 0.396771 0.396770 0.396770 0.396772 0.396771 0.396771 0.396772 0.396772 0.396772 0.396771 0.396771 0.396772 0.396770 0.396770 0.396771 0.396771 0.000000 0.000000
0.000000 0.000000 0.400284 0.400284 0.400283 0.400283 0.400284 0.400284 0.400284 0.400284 0.400285 0.400284 0.400284 0.400284 0.400284 0.400283 0.400283 0.400284 0.400284 0.000000 0.000000
0.000000 0.000000 0.403695 0.403695 0.403694 0.403694 0.403695 0.403695 0.403695 0.403695 0.403696 0.403695 0.403695 0.403695 0.403695 0.403694 0.403694 0.403695 0.403695 0.000000 0.000000
0.000000 0.000000 0.407017 0.407016 0.407015 0.407016 0.407017 0.407016 0.407016 0.407017 0.407017 0.407017 0.407016 0.407016 0.407017 0.407016 0.407015 0.407016 0.407017 0.000000 0.000000
0.000000 0.000000 0.410313 0.410313 0.410312 0.410312 0.410314 0.410313 0.410313 0.410314 0.410314 0.410314 0.410313 0.410313 0.410314 0.410312 0.410312 0.410313 0.410313 0.000000 0.000000
0.000000 0.000000 0.350000 0.350000 0.350000 0.350000 0.350000 0.350000 0.350000 0.350000 0.350000 0.350000 0.350000 0.350000 0.350000 0.350000 0.350000 0.350000 0.350000 0.000000 0.000000
0.000000 0.000000 0.000000 0.000000 0.000000 0.000000 0.000000 0.000000 0.000000 0.000000 0.000000 0.000000 0.000000 0.000000 0.000000 0.000000 0.000000 0.000000 0.000000 0.000000 0.000000