geotop/1.0zi/1.0Montebello/Templates/testdem/maps/_Eocclay9141.asc
ncols         21
nrows         20
xllcorner     100.000000
yllcorner     100.000000
cellsize      50.000000
NODATA_value  -9999.0
0.000000 0.000000 0.000000 0.000000 0.000000 0.000000 0.000000 0.000000 0.000000 0.000000 0.000000 0.000000 0.000000 0.000000 0.000000 0.000000 0.000000 0.000000 0.000000 0.000000 0.000000
0.000000 0.000000 0.349573 0.349576 0.349575 0.349575 0.349576 0.349577 0.349576 0.349576 0.349575 0.349576 0.349576 0.349576 0.349576 0.349576 0.349574 0.349574 0.349575 0.000000 0.000000
0.000000 0.000000 0.349982 0.349981 0.349980 0.349983 0.349980 0.349980 0.349981 0.349980 0.349980 0.349980 0.349981 0.349980 0.349981 0.349981 0.349982 0.349981 0.349980 0.000000 0.000000
0.000000 0.000000 0.350022 0.350027 0.350025 0.350022 0.350023 0.350024 0.350028 0.350025 0.350028 0.350026 0.350027 0.350025 0.350027 0.350029 0.350027 0.350026 0.350024 0.000000 0.000000
0.000000 0.000000 0.351242 0.351235 0.351228 0.351219 0.351201 0.351201 0.351196 0.351198 0.351196 0.351198 0.351197 0.351199 0.351208 0.351212 0.351222 0.351223 0.351233 0.000000 0.000000
0.000000 0.000000 0.354750 0.354744 0.354721 0.354690 0.354663 0.354637 0.354641 0.354634 0.354636 0.354635 0.354640 0.354639 0.354653 0.354679 0.354692 0.354701 0.354707 0.000000 0.000000
0.000000 0.000000 0.359459 0.359449 0.359435 0.359405 0.359369 0.359316 0.359318 0.359313 0.359312 0.359314 0.359314 0.359315 0.359356 0.359387 0.359404 0.359414 0.359422 0.000000 0.000000
0.000000 0.000000 0.365043 0.365032 0.365017 0.364981 0.364942 0.364896 0.364897 0.364891 0.364890 0.364887 0.364884 0.364894 0.364932 0.364963 0.364993 0.364997 0.365012 0.000000 0.000000
0.000000 0.000000 0.371076 0.371060 0.371041 0.371015 0.370971 0.370919 0.370924 0.370914 0.370909 0.370906 0.370908 0.370907 0.370958 0.370997 0.371018 0.371024 0.371037 0.000000 0.000000
0.000000 0.000000 0.377644 0.377623 0.377608 0.377581 0.377520 0.377473 0.377474 0.377467 0.377458 0.377463 0.377469 0.377467 0.377509 0.377559 0.377585 0.377591 0.377599 0.000000 0.000000
0.000000 0.000000 0.385002 0.384986 0.384972 0.384909 0.384870 0.384806 0.384822 0.384787 0.384793 0.384788 0.384776 0.384798 0.384842 0.384872 0.384909 0.384921 0.384951 0.000000 0.000000
0.000000 0.000000 0.393422 0.393390 0.393352 0.393321 0.393266 0.393188 0.393189 0.393183 0.393198 0.393166 0.393179 0.393179 0.393258 0.393301 0.393321 0.393329 0.393394 0.000000 0.000000
0.000000 0.000000 0.402790 0.402760 0.402750 0.402680 0.402634 0.402413 0.402412 0.402401 0.402332 0.402371 0.402379 0.402400 0.402569 0.402609 0.402687 0.402688 0.402713 0.000000 0.000000
0.000000 0.000000 0.414249 0.414235 0.414172 0.414128 0.413818 0.413895 0.413834 0.413835 0.413868 0.413834 0.413827 0.413802 0.413732 0.414063 0.414084 0.414157 0.414209 0.000000 0.000000
0.000000 0.000000 0.427896 0.427853 0.427783 0.427372 0.427488 0.427262 0.427189 0.427166 0.427084 0.427044 0.427090 0.427089 0.427301 0.427200 0.427736 0.427615 0.427607 0.000000 0.000000
0.000000 0.000000 0.442084 0.442050 0.441485 0.441738 0.441659 0.441665 0.441908 0.441841 0.441968 0.441939 0.441836 0.441974 0.441923 0.441988 0.441412 0.442251 0.442238 0.000000 0.000000
0.000000 0.000000 0.457674 0.456973 0.457227 0.456909 0.456562 0.456455 0.456215 0.456272 0.456032 0.456061 0.456200 0.456053 0.456241 0.456495 0.457186 0.456623 0.457347 0.000000 0.000000
0.000000 0.000000 0.461723 0.462264 0.462733 0.462724 0.462752 0.462290 0.462376 0.462239 0.462467 0.462420 0.462383 0.462460 0.462837 0.462818 0.462797 0.462427 0.461887 0.000000 0.000000
0.000000 0.000000 0.350000 0.350000 0.350000 0.350000 0.350000 0.350000 0.350000 0.350000 0.350000 0.350000 0.350000 0.350000 0.350000 0.350000 0.350000 0.350000 0.350000 0.000000 0.000000
0.000000 0.000000 0.000000 0.000000 0.000000 0.000000 0.000000 0.000000 0.000000 0.000000 0.000000 0.000000 0.000000 0.000000 0.000000 0.000000 0.000000 0.000000 0.000000 0.000000 0.000000