geotop/1.0zi/1.0Montebello/Templates/testdem/maps/_Eocsand8075.asc
ncols         21
nrows         20
xllcorner     100.000000
yllcorner     100.000000
cellsize      50.000000
NODATA_value  -9999.0
0.000000 0.000000 0.000000 0.000000 0.000000 0.000000 0.000000 0.000000 0.000000 0.000000 0.000000 0.000000 0.000000 0.000000 0.000000 0.000000 0.000000 0.000000 0.000000 0.000000 0.000000
0.000000 0.000000 0.300206 0.300203 0.300203 0.300204 0.300203 0.300202 0.300203 0.300203 0.300204 0.300203 0.300203 0.300203 0.300203 0.300203 0.300204 0.300204 0.300204 0.000000 0.000000
0.000000 0.000000 0.300011 0.300012 0.300012 0.300010 0.300011 0.300012 0.300011 0.300011 0.300012 0.300012 0.300011 0.300011 0.300011 0.300011 0.300012 0.300012 0.300013 0.000000 0.000000
0.000000 0.000000 0.299894 0.299893 0.299897 0.299905 0.299901 0.299909 0.299904 0.299906 0.299906 0.299906 0.299906 0.299908 0.299903 0.299898 0.299896 0.299893 0.299894 0.000000 0.000000
0.000000 0.000000 0.297969 0.297967 0.297975 0.297991 0.298013 0.298023 0.298030 0.298028 0.298032 0.298032 0.298035 0.298029 0.298005 0.297999 0.297987 0.297975 0.297965 0.000000 0.000000
0.000000 0.000000 0.292406 0.292407 0.292431 0.292476 0.292511 0.292558 0.292558 0.292571 0.292563 0.292564 0.292560 0.292559 0.292536 0.292503 0.292474 0.292452 0.292440 0.000000 0.000000
0.000000 0.000000 0.284622 0.284630 0.284650 0.284701 0.284766 0.284839 0.284840 0.284850 0.284848 0.284849 0.284852 0.284846 0.284782 0.284724 0.284689 0.284662 0.284647 0.000000 0.000000
0.000000 0.000000 0.275403 0.275408 0.275423 0.275482 0.275544 0.275625 0.275626 0.275635 0.275637 0.275643 0.275646 0.275632 0.275562 0.275507 0.275454 0.275439 0.275414 0.000000 0.000000
0.000000 0.000000 0.265559 0.265575 0.265605 0.265643 0.265709 0.265797 0.265792 0.265812 0.265817 0.265821 0.265818 0.265820 0.265735 0.265666 0.265624 0.265604 0.265583 0.000000 0.000000
0.000000 0.000000 0.255163 0.255182 0.255198 0.255236 0.255332 0.255411 0.255411 0.255421 0.255433 0.255427 0.255415 0.255420 0.255348 0.255268 0.255219 0.255203 0.255187 0.000000 0.000000
0.000000 0.000000 0.243882 0.243895 0.243914 0.243996 0.244062 0.244156 0.244136 0.244187 0.244180 0.244183 0.244201 0.244167 0.244101 0.244051 0.243988 0.243955 0.243913 0.000000 0.000000
0.000000 0.000000 0.231375 0.231408 0.231449 0.231501 0.231577 0.231694 0.231701 0.231715 0.231689 0.231729 0.231718 0.231711 0.231590 0.231529 0.231485 0.231462 0.231357 0.000000 0.000000
0.000000 0.000000 0.217864 0.217897 0.217913 0.217989 0.218056 0.218358 0.218363 0.218381 0.218460 0.218419 0.218402 0.218374 0.218144 0.218081 0.217966 0.217954 0.217903 0.000000 0.000000
0.000000 0.000000 0.202057 0.202067 0.202132 0.202185 0.202562 0.202538 0.202616 0.202616 0.202594 0.202616 0.202626 0.202643 0.202675 0.202283 0.202218 0.202116 0.202042 0.000000 0.000000
0.000000 0.000000 0.183446 0.183480 0.183560 0.184036 0.184004 0.184241 0.184350 0.184377 0.184457 0.184514 0.184462 0.184472 0.184242 0.184246 0.183616 0.183710 0.183697 0.000000 0.000000
0.000000 0.000000 0.163029 0.163060 0.163750 0.163576 0.163627 0.163699 0.163445 0.163527 0.163395 0.163446 0.163557 0.163386 0.163366 0.163327 0.163810 0.162825 0.162840 0.000000 0.000000
0.000000 0.000000 0.137688 0.138772 0.138569 0.138969 0.139514 0.139674 0.139962 0.139895 0.140214 0.140188 0.140007 0.140182 0.139909 0.139508 0.138609 0.139168 0.138044 0.000000 0.000000
0.000000 0.000000 0.128052 0.127059 0.126127 0.126130 0.126096 0.126989 0.126847 0.127107 0.126691 0.126777 0.126837 0.126697 0.125950 0.125976 0.125956 0.126695 0.127667 0.000000 0.000000
0.000000 0.000000 0.300000 0.300000 0.300000 0.300000 0.300000 0.300000 0.300000 0.300000 0.300000 0.300000 0.300000 0.300000 0.300000 0.300000 0.300000 0.300000 0.300000 0.000000 0.000000
0.000000 0.000000 0.000000 0.000000 0.000000 0.000000 0.000000 0.000000 0.000000 0.000000 0.000000 0.000000 0.000000 0.000000 0.000000 0.000000 0.000000 0.000000 0.000000 0.000000 0.000000