geotop/1.0zi/1.0Montebello/Templates/testdem/maps/_Eocclay1483.asc
ncols         21
nrows         20
xllcorner     100.000000
yllcorner     100.000000
cellsize      50.000000
NODATA_value  -9999.0
0.000000 0.000000 0.000000 0.000000 0.000000 0.000000 0.000000 0.000000 0.000000 0.000000 0.000000 0.000000 0.000000 0.000000 0.000000 0.000000 0.000000 0.000000 0.000000 0.000000 0.000000
0.000000 0.000000 0.349927 0.349927 0.349927 0.349927 0.349927 0.349927 0.349927 0.349927 0.349927 0.349927 0.349927 0.349927 0.349927 0.349927 0.349927 0.349927 0.349927 0.000000 0.000000
0.000000 0.000000 0.349994 0.349994 0.349994 0.349994 0.349994 0.349994 0.349994 0.349994 0.349994 0.349994 0.349994 0.349994 0.349994 0.349994 0.349994 0.349994 0.349994 0.000000 0.000000
0.000000 0.000000 0.350579 0.350579 0.350577 0.350578 0.350579 0.350579 0.350579 0.350579 0.350580 0.350579 0.350579 0.350579 0.350579 0.350578 0.350577 0.350579 0.350579 0.000000 0.000000
0.000000 0.000000 0.352793 0.352792 0.352790 0.352790 0.352794 0.352793 0.352793 0.352794 0.352794 0.352794 0.352793 0.352793 0.352794 0.352790 0.352790 0.352792 0.352793 0.000000 0.000000
0.000000 0.000000 0.355259 0.355259 0.355257 0.355257 0.355260 0.355259 0.355259 0.355259 0.355259 0.355259 0.355259 0.355259 0.355260 0.355257 0.355257 0.355259 0.355259 0.000000 0.000000
0.000000 0.000000 0.357606 0.357606 0.357604 0.357604 0.357607 0.357606 0.357606 0.357606 0.357606 0.357606 0.357606 0.357606 0.357607 0.357604 0.357604 0.357606 0.357606 0.000000 0.000000
0.000000 0.000000 0.359771 0.359771 0.359769 0.359769 0.359771 0.359771 0.359771 0.359771 0.359771 0.359771 0.359771 0.359771 0.359771 0.359769 0.359769 0.359771 0.359771 0.000000 0.000000
0.000000 0.000000 0.361802 0.361801 0.361800 0.361800 0.361802 0.361802 0.361801 0.361802 0.361802 0.361802 0.361801 0.361802 0.361802 0.361800 0.361800 0.361801 0.361802 0.000000 0.000000
0.000000 0.000000 0.363749 0.363748 0.363747 0.363747 0.363749 0.363748 0.363748 0.363749 0.363749 0.363749 0.363748 0.363748 0.363749 0.363747 0.363747 0.363748 0.363749 0.000000 0.000000
0.000000 0.000000 0.365631 0.365630 0.365629 0.365629 0.365631 0.365631 0.365630 0.365631 0.365631 0.365631 0.365630 0.365631 0.365631 0.365629 0.365629 0.365630 0.365631 0.000000 0.000000
0.000000 0.000000 0.367466 0.367466 0.367464 0.367465 0.367466 0.367466 0.367466 0.367466 0.367466 0.367466 0.367466 0.367466 0.367466 0.367465 0.367464 0.367466 0.367466 0.000000 0.000000
0.000000 0.000000 0.369270 0.369270 0.369268 0.369269 0.369270 0.369270 0.369270 0.369270 0.369270 0.369270 0.369270 0.369270 0.369270 0.369269 0.369268 0.369270 0.369270 0.000000 0.000000
0.000000 0.000000 0.371042 0.371041 0.371040 0.371040 0.371042 0.371041 0.371041 0.371042 0.371042 0.371042 0.371041 0.371041 0.371042 0.371040 0.371040 0.371041 0.371042 0.000000 0.000000
0.000000 0.000000 0.372790 0.372790 0.372788 0.372789 0.372790 0.372790 0.372790 0.372790 0.372790 0.372790 0.372790 0.372790 0.372790 0.372789 0.372788 0.372790 0.372790 0.000000 0.000000
0.000000 0.000000 0.374521 0.374520 0.374519 0.374519 0.374521 0.374521 0.374521 0.374521 0.374521 0.374521 0.374521 0.374521 0.374521 0.374519 0.374519 0.374520 0.374521 0.000000 0.000000
0.000000 0.000000 0.376233 0.376233 0.376232 0.376232 0.376233 0.376233 0.376233 0.376233 0.376233 0.376233 0.376233 0.376233 0.376233 0.376232 0.376232 0.376233 0.376233 0.000000 0.000000
0.000000 0.000000 0.377967 0.377967 0.377966 0.377966 0.377968 0.377968 0.377967 0.377968 0.377968 0.377968 0.377967 0.377968 0.377968 0.377966 0.377966 0.377967 0.377968 0.000000 0.000000
0.000000 0.000000 0.350000 0.350000 0.350000 0.350000 0.350000 0.350000 0.350000 0.350000 0.350000 0.350000 0.350000 0.350000 0.350000 0.350000 0.350000 0.350000 0.350000 0.000000 0.000000
0.000000 0.000000 0.000000 0.000000 0.000000 0.000000 0.000000 0.000000 0.000000 0.000000 0.000000 0.000000 0.000000 0.000000 0.000000 0.000000 0.000000 0.000000 0.000000 0.000000 0.000000