geotop/1.0zi/1.0Montebello/Templates/testdem/maps/_Eocsand4600.asc
ncols         21
nrows         20
xllcorner     100.000000
yllcorner     100.000000
cellsize      50.000000
NODATA_value  -9999.0
0.000000 0.000000 0.000000 0.000000 0.000000 0.000000 0.000000 0.000000 0.000000 0.000000 0.000000 0.000000 0.000000 0.000000 0.000000 0.000000 0.000000 0.000000 0.000000 0.000000 0.000000
0.000000 0.000000 0.300110 0.300110 0.300109 0.300109 0.300109 0.300109 0.300109 0.300109 0.300109 0.300109 0.300109 0.300109 0.300109 0.300109 0.300109 0.300110 0.300110 0.000000 0.000000
0.000000 0.000000 0.300006 0.300005 0.300005 0.300004 0.300004 0.300004 0.300004 0.300004 0.300004 0.300004 0.300004 0.300004 0.300004 0.300005 0.300006 0.300006 0.300006 0.000000 0.000000
0.000000 0.000000 0.299974 0.299973 0.299976 0.299979 0.299977 0.299979 0.299977 0.299978 0.299978 0.299979 0.299979 0.299980 0.299976 0.299972 0.299973 0.299971 0.299974 0.000000 0.000000
0.000000 0.000000 0.299275 0.299273 0.299274 0.299285 0.299295 0.299301 0.299302 0.299305 0.299307 0.299302 0.299305 0.299303 0.299294 0.299294 0.299289 0.299280 0.299273 0.000000 0.000000
0.000000 0.000000 0.296861 0.296855 0.296865 0.296892 0.296903 0.296931 0.296935 0.296945 0.296936 0.296933 0.296926 0.296925 0.296919 0.296903 0.296891 0.296882 0.296873 0.000000 0.000000
0.000000 0.000000 0.293185 0.293188 0.293195 0.293222 0.293252 0.293291 0.293290 0.293297 0.293290 0.293291 0.293292 0.293288 0.293261 0.293229 0.293215 0.293201 0.293189 0.000000 0.000000
0.000000 0.000000 0.288942 0.288945 0.288948 0.288977 0.289005 0.289043 0.289040 0.289047 0.289045 0.289045 0.289050 0.289051 0.289015 0.288983 0.288964 0.288957 0.288944 0.000000 0.000000
0.000000 0.000000 0.284657 0.284663 0.284672 0.284693 0.284720 0.284763 0.284760 0.284768 0.284768 0.284765 0.284769 0.284768 0.284734 0.284698 0.284683 0.284674 0.284658 0.000000 0.000000
0.000000 0.000000 0.280383 0.280389 0.280394 0.280415 0.280449 0.280487 0.280482 0.280488 0.280488 0.280486 0.280491 0.280494 0.280456 0.280420 0.280404 0.280396 0.280384 0.000000 0.000000
0.000000 0.000000 0.276046 0.276053 0.276057 0.276074 0.276099 0.276145 0.276141 0.276151 0.276150 0.276147 0.276153 0.276155 0.276122 0.276094 0.276075 0.276065 0.276051 0.000000 0.000000
0.000000 0.000000 0.271557 0.271562 0.271571 0.271597 0.271622 0.271667 0.271668 0.271674 0.271673 0.271674 0.271677 0.271680 0.271638 0.271605 0.271587 0.271579 0.271532 0.000000 0.000000
0.000000 0.000000 0.267006 0.267014 0.267022 0.267041 0.267074 0.267166 0.267165 0.267174 0.267174 0.267172 0.267179 0.267178 0.267098 0.267059 0.267041 0.267032 0.267004 0.000000 0.000000
0.000000 0.000000 0.262184 0.262197 0.262202 0.262222 0.262315 0.262340 0.262355 0.262361 0.262360 0.262359 0.262366 0.262367 0.262341 0.262247 0.262227 0.262208 0.262190 0.000000 0.000000
0.000000 0.000000 0.256981 0.256991 0.257015 0.257096 0.257139 0.257198 0.257227 0.257237 0.257250 0.257250 0.257248 0.257258 0.257213 0.257148 0.257045 0.257048 0.257034 0.000000 0.000000
0.000000 0.000000 0.251602 0.251613 0.251712 0.251729 0.251756 0.251786 0.251789 0.251792 0.251786 0.251787 0.251802 0.251785 0.251770 0.251742 0.251740 0.251629 0.251603 0.000000 0.000000
0.000000 0.000000 0.245615 0.245747 0.245829 0.245867 0.245934 0.245972 0.245980 0.245986 0.246000 0.245998 0.245998 0.246010 0.245983 0.245903 0.245851 0.245796 0.245663 0.000000 0.000000
0.000000 0.000000 0.240947 0.240973 0.240885 0.240934 0.240993 0.241126 0.241138 0.241152 0.241145 0.241146 0.241155 0.241148 0.241028 0.240960 0.240883 0.240997 0.240944 0.000000 0.000000
0.000000 0.000000 0.300000 0.300000 0.300000 0.300000 0.300000 0.300000 0.300000 0.300000 0.300000 0.300000 0.300000 0.300000 0.300000 0.300000 0.300000 0.300000 0.300000 0.000000 0.000000
0.000000 0.000000 0.000000 0.000000 0.000000 0.000000 0.000000 0.000000 0.000000 0.000000 0.000000 0.000000 0.000000 0.000000 0.000000 0.000000 0.000000 0.000000 0.000000 0.000000 0.000000