geotop/1.0zi/1.0Montebello/Templates/testdem/maps/_Eocsand6065.asc
ncols         21
nrows         20
xllcorner     100.000000
yllcorner     100.000000
cellsize      50.000000
NODATA_value  -9999.0
0.000000 0.000000 0.000000 0.000000 0.000000 0.000000 0.000000 0.000000 0.000000 0.000000 0.000000 0.000000 0.000000 0.000000 0.000000 0.000000 0.000000 0.000000 0.000000 0.000000 0.000000
0.000000 0.000000 0.300150 0.300150 0.300150 0.300149 0.300149 0.300149 0.300150 0.300150 0.300150 0.300150 0.300150 0.300150 0.300150 0.300150 0.300150 0.300150 0.300150 0.000000 0.000000
0.000000 0.000000 0.300009 0.300008 0.300008 0.300008 0.300008 0.300008 0.300008 0.300008 0.300008 0.300008 0.300007 0.300007 0.300008 0.300008 0.300010 0.300010 0.300009 0.000000 0.000000
0.000000 0.000000 0.299970 0.299968 0.299972 0.299976 0.299973 0.299975 0.299972 0.299974 0.299973 0.299975 0.299974 0.299976 0.299972 0.299967 0.299968 0.299965 0.299967 0.000000 0.000000
0.000000 0.000000 0.298943 0.298941 0.298943 0.298951 0.298965 0.298974 0.298974 0.298975 0.298978 0.298977 0.298979 0.298977 0.298967 0.298965 0.298960 0.298949 0.298940 0.000000 0.000000
0.000000 0.000000 0.295662 0.295659 0.295671 0.295705 0.295723 0.295758 0.295759 0.295768 0.295760 0.295758 0.295754 0.295757 0.295746 0.295725 0.295709 0.295694 0.295684 0.000000 0.000000
0.000000 0.000000 0.290772 0.290776 0.290786 0.290823 0.290866 0.290918 0.290917 0.290924 0.290920 0.290918 0.290920 0.290918 0.290880 0.290838 0.290818 0.290799 0.290785 0.000000 0.000000
0.000000 0.000000 0.284832 0.284832 0.284837 0.284876 0.284919 0.284975 0.284974 0.284980 0.284980 0.284981 0.284984 0.284977 0.284933 0.284893 0.284861 0.284853 0.284833 0.000000 0.000000
0.000000 0.000000 0.278681 0.278689 0.278706 0.278729 0.278771 0.278831 0.278828 0.278839 0.278844 0.278841 0.278841 0.278845 0.278790 0.278747 0.278718 0.278709 0.278691 0.000000 0.000000
0.000000 0.000000 0.272454 0.272464 0.272471 0.272488 0.272549 0.272603 0.272599 0.272606 0.272614 0.272606 0.272598 0.272605 0.272561 0.272510 0.272481 0.272475 0.272462 0.000000 0.000000
0.000000 0.000000 0.266002 0.266008 0.266012 0.266056 0.266097 0.266157 0.266144 0.266173 0.266172 0.266169 0.266177 0.266161 0.266125 0.266092 0.266060 0.266041 0.266014 0.000000 0.000000
0.000000 0.000000 0.259196 0.259211 0.259230 0.259261 0.259298 0.259369 0.259367 0.259383 0.259366 0.259383 0.259380 0.259375 0.259310 0.259278 0.259255 0.259245 0.259178 0.000000 0.000000
0.000000 0.000000 0.252176 0.252190 0.252197 0.252233 0.252267 0.252414 0.252415 0.252427 0.252458 0.252441 0.252430 0.252419 0.252310 0.252280 0.252228 0.252222 0.252175 0.000000 0.000000
0.000000 0.000000 0.244507 0.244516 0.244538 0.244561 0.244707 0.244741 0.244774 0.244776 0.244786 0.244782 0.244781 0.244786 0.244769 0.244622 0.244578 0.244541 0.244492 0.000000 0.000000
0.000000 0.000000 0.236013 0.236025 0.236058 0.236212 0.236256 0.236343 0.236399 0.236408 0.236436 0.236452 0.236435 0.236446 0.236379 0.236312 0.236095 0.236113 0.236084 0.000000 0.000000
0.000000 0.000000 0.226979 0.226989 0.227195 0.227223 0.227234 0.227287 0.227244 0.227268 0.227249 0.227270 0.227295 0.227253 0.227220 0.227201 0.227228 0.226964 0.226958 0.000000 0.000000
0.000000 0.000000 0.216537 0.216821 0.216906 0.216987 0.217121 0.217187 0.217215 0.217217 0.217279 0.217286 0.217258 0.217271 0.217195 0.217092 0.216928 0.216886 0.216598 0.000000 0.000000
0.000000 0.000000 0.209125 0.209088 0.208832 0.208896 0.208992 0.209252 0.209257 0.209316 0.209272 0.209287 0.209271 0.209263 0.209025 0.208954 0.208792 0.209056 0.209075 0.000000 0.000000
0.000000 0.000000 0.300000 0.300000 0.300000 0.300000 0.300000 0.300000 0.300000 0.300000 0.300000 0.300000 0.300000 0.300000 0.300000 0.300000 0.300000 0.300000 0.300000 0.000000 0.000000
0.000000 0.000000 0.000000 0.000000 0.000000 0.000000 0.000000 0.000000 0.000000 0.000000 0.000000 0.000000 0.000000 0.000000 0.000000 0.000000 0.000000 0.000000 0.000000 0.000000 0.000000