geotop/1.0zi/1.0Montebello/Templates/testdem/maps/_Eocsand4008.asc
ncols         21
nrows         20
xllcorner     100.000000
yllcorner     100.000000
cellsize      50.000000
NODATA_value  -9999.0
0.000000 0.000000 0.000000 0.000000 0.000000 0.000000 0.000000 0.000000 0.000000 0.000000 0.000000 0.000000 0.000000 0.000000 0.000000 0.000000 0.000000 0.000000 0.000000 0.000000 0.000000
0.000000 0.000000 0.300103 0.300102 0.300102 0.300102 0.300102 0.300102 0.300102 0.300102 0.300102 0.300102 0.300102 0.300102 0.300102 0.300102 0.300102 0.300102 0.300103 0.000000 0.000000
0.000000 0.000000 0.300005 0.300004 0.300004 0.300004 0.300003 0.300003 0.300003 0.300003 0.300004 0.300004 0.300003 0.300003 0.300004 0.300004 0.300005 0.300005 0.300005 0.000000 0.000000
0.000000 0.000000 0.299974 0.299974 0.299976 0.299980 0.299977 0.299979 0.299977 0.299978 0.299978 0.299979 0.299979 0.299981 0.299976 0.299973 0.299973 0.299972 0.299974 0.000000 0.000000
0.000000 0.000000 0.299290 0.299285 0.299288 0.299287 0.299295 0.299299 0.299300 0.299303 0.299305 0.299300 0.299304 0.299303 0.299299 0.299299 0.299300 0.299295 0.299290 0.000000 0.000000
0.000000 0.000000 0.297069 0.297067 0.297074 0.297084 0.297088 0.297109 0.297109 0.297119 0.297111 0.297109 0.297105 0.297112 0.297114 0.297104 0.297095 0.297091 0.297086 0.000000 0.000000
0.000000 0.000000 0.293769 0.293772 0.293777 0.293795 0.293814 0.293845 0.293843 0.293849 0.293843 0.293845 0.293849 0.293853 0.293832 0.293806 0.293794 0.293787 0.293777 0.000000 0.000000
0.000000 0.000000 0.289980 0.289984 0.289992 0.290016 0.290037 0.290069 0.290065 0.290071 0.290071 0.290072 0.290078 0.290084 0.290053 0.290025 0.290007 0.290003 0.289992 0.000000 0.000000
0.000000 0.000000 0.286182 0.286189 0.286202 0.286218 0.286240 0.286277 0.286274 0.286281 0.286280 0.286279 0.286285 0.286288 0.286261 0.286229 0.286214 0.286208 0.286193 0.000000 0.000000
0.000000 0.000000 0.282410 0.282417 0.282427 0.282445 0.282472 0.282505 0.282499 0.282504 0.282504 0.282504 0.282510 0.282517 0.282485 0.282453 0.282439 0.282434 0.282422 0.000000 0.000000
0.000000 0.000000 0.278604 0.278611 0.278622 0.278635 0.278653 0.278693 0.278688 0.278697 0.278697 0.278695 0.278702 0.278708 0.278682 0.278659 0.278640 0.278634 0.278620 0.000000 0.000000
0.000000 0.000000 0.274685 0.274693 0.274706 0.274727 0.274747 0.274785 0.274785 0.274791 0.274791 0.274792 0.274797 0.274804 0.274768 0.274740 0.274723 0.274717 0.274674 0.000000 0.000000
0.000000 0.000000 0.270734 0.270743 0.270756 0.270772 0.270797 0.270875 0.270874 0.270881 0.270882 0.270881 0.270889 0.270893 0.270827 0.270793 0.270776 0.270770 0.270743 0.000000 0.000000
0.000000 0.000000 0.266577 0.266591 0.266602 0.266619 0.266693 0.266714 0.266726 0.266732 0.266731 0.266731 0.266739 0.266745 0.266724 0.266645 0.266627 0.266611 0.266595 0.000000 0.000000
0.000000 0.000000 0.262123 0.262135 0.262162 0.262228 0.262262 0.262309 0.262335 0.262343 0.262355 0.262357 0.262356 0.262372 0.262336 0.262279 0.262192 0.262196 0.262183 0.000000 0.000000
0.000000 0.000000 0.257556 0.257568 0.257655 0.257668 0.257686 0.257709 0.257714 0.257716 0.257713 0.257715 0.257730 0.257722 0.257713 0.257688 0.257684 0.257597 0.257574 0.000000 0.000000
0.000000 0.000000 0.252519 0.252626 0.252704 0.252732 0.252782 0.252808 0.252815 0.252819 0.252832 0.252832 0.252835 0.252850 0.252833 0.252769 0.252728 0.252680 0.252573 0.000000 0.000000
0.000000 0.000000 0.248537 0.248568 0.248508 0.248546 0.248591 0.248691 0.248701 0.248712 0.248709 0.248711 0.248721 0.248722 0.248634 0.248576 0.248511 0.248604 0.248554 0.000000 0.000000
0.000000 0.000000 0.300000 0.300000 0.300000 0.300000 0.300000 0.300000 0.300000 0.300000 0.300000 0.300000 0.300000 0.300000 0.300000 0.300000 0.300000 0.300000 0.300000 0.000000 0.000000
0.000000 0.000000 0.000000 0.000000 0.000000 0.000000 0.000000 0.000000 0.000000 0.000000 0.000000 0.000000 0.000000 0.000000 0.000000 0.000000 0.000000 0.000000 0.000000 0.000000 0.000000