geotop/1.0zi/1.0Montebello/Templates/testdem/maps/_Eocclay1339.asc
ncols         21
nrows         20
xllcorner     100.000000
yllcorner     100.000000
cellsize      50.000000
NODATA_value  -9999.0
0.000000 0.000000 0.000000 0.000000 0.000000 0.000000 0.000000 0.000000 0.000000 0.000000 0.000000 0.000000 0.000000 0.000000 0.000000 0.000000 0.000000 0.000000 0.000000 0.000000 0.000000
0.000000 0.000000 0.349928 0.349928 0.349928 0.349928 0.349928 0.349928 0.349928 0.349928 0.349928 0.349928 0.349928 0.349928 0.349928 0.349928 0.349928 0.349928 0.349928 0.000000 0.000000
0.000000 0.000000 0.349994 0.349994 0.349993 0.349994 0.349994 0.349994 0.349994 0.349994 0.349994 0.349994 0.349994 0.349994 0.349994 0.349994 0.349993 0.349994 0.349994 0.000000 0.000000
0.000000 0.000000 0.350558 0.350558 0.350556 0.350557 0.350558 0.350558 0.350558 0.350558 0.350558 0.350558 0.350558 0.350558 0.350558 0.350557 0.350556 0.350558 0.350558 0.000000 0.000000
0.000000 0.000000 0.352611 0.352610 0.352608 0.352608 0.352612 0.352611 0.352611 0.352612 0.352612 0.352612 0.352611 0.352611 0.352612 0.352608 0.352608 0.352610 0.352611 0.000000 0.000000
0.000000 0.000000 0.354887 0.354886 0.354884 0.354885 0.354887 0.354887 0.354886 0.354887 0.354887 0.354887 0.354886 0.354887 0.354887 0.354885 0.354884 0.354886 0.354887 0.000000 0.000000
0.000000 0.000000 0.357053 0.357053 0.357051 0.357052 0.357054 0.357053 0.357053 0.357054 0.357054 0.357054 0.357053 0.357053 0.357054 0.357052 0.357051 0.357053 0.357053 0.000000 0.000000
0.000000 0.000000 0.359050 0.359050 0.359048 0.359048 0.359050 0.359050 0.359050 0.359050 0.359050 0.359050 0.359050 0.359050 0.359050 0.359048 0.359048 0.359050 0.359050 0.000000 0.000000
0.000000 0.000000 0.360921 0.360920 0.360919 0.360919 0.360921 0.360921 0.360921 0.360921 0.360921 0.360921 0.360921 0.360921 0.360921 0.360919 0.360919 0.360920 0.360921 0.000000 0.000000
0.000000 0.000000 0.362714 0.362714 0.362712 0.362713 0.362714 0.362714 0.362714 0.362714 0.362714 0.362714 0.362714 0.362714 0.362714 0.362713 0.362712 0.362714 0.362714 0.000000 0.000000
0.000000 0.000000 0.364448 0.364448 0.364447 0.364447 0.364449 0.364448 0.364448 0.364449 0.364449 0.364449 0.364448 0.364448 0.364449 0.364447 0.364447 0.364448 0.364448 0.000000 0.000000
0.000000 0.000000 0.366143 0.366142 0.366141 0.366141 0.366143 0.366142 0.366142 0.366143 0.366143 0.366143 0.366142 0.366142 0.366143 0.366141 0.366141 0.366142 0.366143 0.000000 0.000000
0.000000 0.000000 0.367808 0.367808 0.367806 0.367807 0.367808 0.367808 0.367808 0.367808 0.367808 0.367808 0.367808 0.367808 0.367808 0.367807 0.367806 0.367808 0.367808 0.000000 0.000000
0.000000 0.000000 0.369445 0.369445 0.369443 0.369444 0.369445 0.369445 0.369445 0.369445 0.369445 0.369445 0.369445 0.369445 0.369445 0.369444 0.369443 0.369445 0.369445 0.000000 0.000000
0.000000 0.000000 0.371060 0.371060 0.371058 0.371059 0.371060 0.371060 0.371060 0.371060 0.371060 0.371060 0.371060 0.371060 0.371060 0.371059 0.371058 0.371060 0.371060 0.000000 0.000000
0.000000 0.000000 0.372660 0.372660 0.372658 0.372659 0.372660 0.372660 0.372660 0.372660 0.372660 0.372660 0.372660 0.372660 0.372660 0.372659 0.372658 0.372660 0.372660 0.000000 0.000000
0.000000 0.000000 0.374243 0.374242 0.374241 0.374241 0.374243 0.374243 0.374242 0.374243 0.374243 0.374243 0.374242 0.374243 0.374243 0.374241 0.374241 0.374242 0.374243 0.000000 0.000000
0.000000 0.000000 0.375850 0.375850 0.375848 0.375849 0.375850 0.375850 0.375850 0.375850 0.375850 0.375850 0.375850 0.375850 0.375850 0.375849 0.375848 0.375850 0.375850 0.000000 0.000000
0.000000 0.000000 0.350000 0.350000 0.350000 0.350000 0.350000 0.350000 0.350000 0.350000 0.350000 0.350000 0.350000 0.350000 0.350000 0.350000 0.350000 0.350000 0.350000 0.000000 0.000000
0.000000 0.000000 0.000000 0.000000 0.000000 0.000000 0.000000 0.000000 0.000000 0.000000 0.000000 0.000000 0.000000 0.000000 0.000000 0.000000 0.000000 0.000000 0.000000 0.000000 0.000000