geotop/1.0zi/1.0Montebello/Templates/testdem/maps/_Eocclay6702.asc
ncols         21
nrows         20
xllcorner     100.000000
yllcorner     100.000000
cellsize      50.000000
NODATA_value  -9999.0
0.000000 0.000000 0.000000 0.000000 0.000000 0.000000 0.000000 0.000000 0.000000 0.000000 0.000000 0.000000 0.000000 0.000000 0.000000 0.000000 0.000000 0.000000 0.000000 0.000000 0.000000
0.000000 0.000000 0.349697 0.349698 0.349698 0.349697 0.349698 0.349698 0.349698 0.349698 0.349697 0.349698 0.349698 0.349698 0.349698 0.349698 0.349696 0.349697 0.349698 0.000000 0.000000
0.000000 0.000000 0.349988 0.349988 0.349988 0.349989 0.349987 0.349987 0.349987 0.349987 0.349987 0.349987 0.349988 0.349986 0.349988 0.349988 0.349989 0.349988 0.349986 0.000000 0.000000
0.000000 0.000000 0.349981 0.349986 0.349983 0.349983 0.349984 0.349985 0.349986 0.349982 0.349987 0.349984 0.349985 0.349985 0.349984 0.349986 0.349984 0.349986 0.349985 0.000000 0.000000
0.000000 0.000000 0.350606 0.350605 0.350603 0.350601 0.350588 0.350586 0.350586 0.350588 0.350585 0.350585 0.350581 0.350583 0.350590 0.350590 0.350595 0.350596 0.350603 0.000000 0.000000
0.000000 0.000000 0.352568 0.352568 0.352559 0.352534 0.352526 0.352506 0.352507 0.352502 0.352505 0.352505 0.352507 0.352508 0.352514 0.352529 0.352540 0.352553 0.352559 0.000000 0.000000
0.000000 0.000000 0.355460 0.355458 0.355452 0.355433 0.355408 0.355378 0.355378 0.355373 0.355374 0.355375 0.355376 0.355375 0.355399 0.355424 0.355436 0.355446 0.355454 0.000000 0.000000
0.000000 0.000000 0.358931 0.358930 0.358925 0.358900 0.358877 0.358844 0.358844 0.358841 0.358841 0.358839 0.358837 0.358843 0.358868 0.358889 0.358909 0.358916 0.358928 0.000000 0.000000
0.000000 0.000000 0.362525 0.362521 0.362511 0.362497 0.362473 0.362440 0.362442 0.362435 0.362433 0.362432 0.362432 0.362430 0.362461 0.362489 0.362504 0.362510 0.362520 0.000000 0.000000
0.000000 0.000000 0.366224 0.366217 0.366213 0.366200 0.366165 0.366135 0.366136 0.366132 0.366127 0.366130 0.366135 0.366131 0.366157 0.366188 0.366206 0.366211 0.366219 0.000000 0.000000
0.000000 0.000000 0.370124 0.370119 0.370115 0.370088 0.370064 0.370030 0.370037 0.370019 0.370021 0.370021 0.370015 0.370026 0.370047 0.370066 0.370089 0.370100 0.370116 0.000000 0.000000
0.000000 0.000000 0.374291 0.374281 0.374270 0.374250 0.374226 0.374186 0.374186 0.374177 0.374187 0.374174 0.374176 0.374179 0.374218 0.374238 0.374254 0.374261 0.374301 0.000000 0.000000
0.000000 0.000000 0.378653 0.378643 0.378637 0.378614 0.378593 0.378502 0.378501 0.378494 0.378472 0.378482 0.378489 0.378496 0.378564 0.378586 0.378620 0.378624 0.378650 0.000000 0.000000
0.000000 0.000000 0.383507 0.383503 0.383487 0.383469 0.383372 0.383357 0.383336 0.383335 0.383332 0.383331 0.383330 0.383327 0.383331 0.383435 0.383461 0.383487 0.383516 0.000000 0.000000
0.000000 0.000000 0.388982 0.388975 0.388952 0.388841 0.388820 0.388766 0.388730 0.388724 0.388705 0.388691 0.388703 0.388697 0.388744 0.388778 0.388930 0.388915 0.388930 0.000000 0.000000
0.000000 0.000000 0.394891 0.394883 0.394732 0.394725 0.394718 0.394687 0.394728 0.394708 0.394728 0.394710 0.394691 0.394725 0.394741 0.394753 0.394713 0.394910 0.394912 0.000000 0.000000
0.000000 0.000000 0.401929 0.401709 0.401674 0.401608 0.401500 0.401460 0.401430 0.401433 0.401380 0.401377 0.401404 0.401385 0.401438 0.401522 0.401659 0.401653 0.401878 0.000000 0.000000
0.000000 0.000000 0.406464 0.406545 0.406754 0.406714 0.406665 0.406466 0.406469 0.406421 0.406470 0.406455 0.406462 0.406473 0.406651 0.406690 0.406786 0.406583 0.406514 0.000000 0.000000
0.000000 0.000000 0.350000 0.350000 0.350000 0.350000 0.350000 0.350000 0.350000 0.350000 0.350000 0.350000 0.350000 0.350000 0.350000 0.350000 0.350000 0.350000 0.350000 0.000000 0.000000
0.000000 0.000000 0.000000 0.000000 0.000000 0.000000 0.000000 0.000000 0.000000 0.000000 0.000000 0.000000 0.000000 0.000000 0.000000 0.000000 0.000000 0.000000 0.000000 0.000000 0.000000