geotop/1.0zi/1.0Montebello/Templates/testdem/maps/_Eocclay1759.asc
ncols         21
nrows         20
xllcorner     100.000000
yllcorner     100.000000
cellsize      50.000000
NODATA_value  -9999.0
0.000000 0.000000 0.000000 0.000000 0.000000 0.000000 0.000000 0.000000 0.000000 0.000000 0.000000 0.000000 0.000000 0.000000 0.000000 0.000000 0.000000 0.000000 0.000000 0.000000 0.000000
0.000000 0.000000 0.349905 0.349905 0.349905 0.349905 0.349905 0.349905 0.349905 0.349905 0.349905 0.349905 0.349905 0.349905 0.349905 0.349905 0.349905 0.349905 0.349905 0.000000 0.000000
0.000000 0.000000 0.349993 0.349993 0.349993 0.349993 0.349993 0.349993 0.349993 0.349993 0.349993 0.349993 0.349993 0.349993 0.349993 0.349993 0.349993 0.349993 0.349993 0.000000 0.000000
0.000000 0.000000 0.350653 0.350653 0.350650 0.350651 0.350653 0.350653 0.350653 0.350653 0.350653 0.350653 0.350653 0.350653 0.350653 0.350651 0.350650 0.350653 0.350653 0.000000 0.000000
0.000000 0.000000 0.353323 0.353322 0.353320 0.353320 0.353324 0.353323 0.353323 0.353324 0.353324 0.353324 0.353323 0.353323 0.353324 0.353320 0.353320 0.353322 0.353323 0.000000 0.000000
0.000000 0.000000 0.356319 0.356319 0.356317 0.356318 0.356320 0.356320 0.356320 0.356320 0.356320 0.356320 0.356320 0.356320 0.356320 0.356318 0.356317 0.356319 0.356319 0.000000 0.000000
0.000000 0.000000 0.359152 0.359152 0.359150 0.359151 0.359153 0.359152 0.359152 0.359153 0.359153 0.359153 0.359152 0.359152 0.359153 0.359151 0.359150 0.359152 0.359152 0.000000 0.000000
0.000000 0.000000 0.361754 0.361753 0.361752 0.361753 0.361754 0.361754 0.361754 0.361754 0.361754 0.361754 0.361754 0.361754 0.361754 0.361753 0.361752 0.361753 0.361754 0.000000 0.000000
0.000000 0.000000 0.364187 0.364187 0.364186 0.364186 0.364188 0.364187 0.364187 0.364188 0.364188 0.364188 0.364187 0.364187 0.364188 0.364186 0.364186 0.364187 0.364187 0.000000 0.000000
0.000000 0.000000 0.366513 0.366513 0.366512 0.366512 0.366514 0.366513 0.366513 0.366514 0.366514 0.366514 0.366513 0.366513 0.366514 0.366512 0.366512 0.366513 0.366513 0.000000 0.000000
0.000000 0.000000 0.368756 0.368756 0.368755 0.368755 0.368757 0.368757 0.368757 0.368757 0.368757 0.368757 0.368757 0.368757 0.368757 0.368755 0.368755 0.368756 0.368756 0.000000 0.000000
0.000000 0.000000 0.370938 0.370938 0.370937 0.370937 0.370939 0.370938 0.370938 0.370939 0.370938 0.370939 0.370938 0.370938 0.370939 0.370937 0.370937 0.370938 0.370938 0.000000 0.000000
0.000000 0.000000 0.373075 0.373074 0.373073 0.373074 0.373075 0.373075 0.373075 0.373075 0.373075 0.373075 0.373075 0.373075 0.373075 0.373074 0.373073 0.373074 0.373075 0.000000 0.000000
0.000000 0.000000 0.375168 0.375168 0.375167 0.375167 0.375169 0.375168 0.375168 0.375168 0.375168 0.375168 0.375168 0.375168 0.375169 0.375167 0.375167 0.375168 0.375168 0.000000 0.000000
0.000000 0.000000 0.377228 0.377228 0.377227 0.377227 0.377229 0.377228 0.377228 0.377229 0.377229 0.377229 0.377228 0.377228 0.377229 0.377227 0.377227 0.377228 0.377228 0.000000 0.000000
0.000000 0.000000 0.379261 0.379261 0.379260 0.379260 0.379262 0.379261 0.379261 0.379261 0.379261 0.379261 0.379261 0.379261 0.379262 0.379260 0.379260 0.379261 0.379261 0.000000 0.000000
0.000000 0.000000 0.381266 0.381265 0.381264 0.381265 0.381266 0.381266 0.381266 0.381266 0.381266 0.381266 0.381266 0.381266 0.381266 0.381265 0.381264 0.381265 0.381266 0.000000 0.000000
0.000000 0.000000 0.383287 0.383287 0.383285 0.383286 0.383287 0.383287 0.383287 0.383287 0.383287 0.383287 0.383287 0.383287 0.383287 0.383286 0.383285 0.383287 0.383287 0.000000 0.000000
0.000000 0.000000 0.350000 0.350000 0.350000 0.350000 0.350000 0.350000 0.350000 0.350000 0.350000 0.350000 0.350000 0.350000 0.350000 0.350000 0.350000 0.350000 0.350000 0.000000 0.000000
0.000000 0.000000 0.000000 0.000000 0.000000 0.000000 0.000000 0.000000 0.000000 0.000000 0.000000 0.000000 0.000000 0.000000 0.000000 0.000000 0.000000 0.000000 0.000000 0.000000 0.000000