geotop/1.0zi/1.0Montebello/Templates/testdem/maps/_Eocsilt8195.asc
ncols         21
nrows         20
xllcorner     100.000000
yllcorner     100.000000
cellsize      50.000000
NODATA_value  -9999.0
0.000000 0.000000 0.000000 0.000000 0.000000 0.000000 0.000000 0.000000 0.000000 0.000000 0.000000 0.000000 0.000000 0.000000 0.000000 0.000000 0.000000 0.000000 0.000000 0.000000 0.000000
0.000000 0.000000 0.350171 0.350171 0.350171 0.350172 0.350171 0.350171 0.350171 0.350171 0.350171 0.350171 0.350171 0.350171 0.350171 0.350171 0.350172 0.350171 0.350171 0.000000 0.000000
0.000000 0.000000 0.350005 0.350005 0.350005 0.350005 0.350006 0.350005 0.350006 0.350006 0.350006 0.350006 0.350006 0.350006 0.350006 0.350005 0.350004 0.350004 0.350005 0.000000 0.000000
0.000000 0.000000 0.350102 0.350099 0.350097 0.350091 0.350092 0.350087 0.350090 0.350090 0.350087 0.350089 0.350089 0.350089 0.350092 0.350095 0.350099 0.350099 0.350100 0.000000 0.000000
0.000000 0.000000 0.351035 0.351041 0.351036 0.351025 0.351018 0.351011 0.351007 0.351006 0.351005 0.351005 0.351006 0.351008 0.351022 0.351026 0.351030 0.351040 0.351042 0.000000 0.000000
0.000000 0.000000 0.353767 0.353767 0.353757 0.353741 0.353722 0.353699 0.353698 0.353692 0.353696 0.353696 0.353698 0.353697 0.353709 0.353723 0.353735 0.353744 0.353750 0.000000 0.000000
0.000000 0.000000 0.357671 0.357667 0.357656 0.357629 0.357597 0.357562 0.357562 0.357558 0.357559 0.357557 0.357554 0.357560 0.357590 0.357617 0.357635 0.357651 0.357658 0.000000 0.000000
0.000000 0.000000 0.362290 0.362289 0.362282 0.362254 0.362222 0.362183 0.362183 0.362179 0.362177 0.362174 0.362173 0.362179 0.362213 0.362242 0.362268 0.362275 0.362288 0.000000 0.000000
0.000000 0.000000 0.367262 0.367254 0.367238 0.367219 0.367186 0.367141 0.367143 0.367133 0.367131 0.367129 0.367131 0.367129 0.367172 0.367207 0.367229 0.367240 0.367251 0.000000 0.000000
0.000000 0.000000 0.372505 0.372496 0.372487 0.372468 0.372421 0.372381 0.372381 0.372376 0.372370 0.372373 0.372379 0.372377 0.372413 0.372453 0.372477 0.372486 0.372494 0.000000 0.000000
0.000000 0.000000 0.378177 0.378171 0.378161 0.378120 0.378087 0.378041 0.378050 0.378025 0.378028 0.378027 0.378018 0.378034 0.378068 0.378093 0.378124 0.378141 0.378163 0.000000 0.000000
0.000000 0.000000 0.384475 0.384459 0.384439 0.384413 0.384375 0.384316 0.384312 0.384306 0.384319 0.384299 0.384305 0.384308 0.384369 0.384400 0.384421 0.384434 0.384487 0.000000 0.000000
0.000000 0.000000 0.391280 0.391264 0.391256 0.391218 0.391185 0.391033 0.391030 0.391021 0.390981 0.391002 0.391011 0.391025 0.391141 0.391172 0.391230 0.391236 0.391262 0.000000 0.000000
0.000000 0.000000 0.399248 0.399244 0.399211 0.399185 0.398995 0.399009 0.398969 0.398969 0.398981 0.398970 0.398964 0.398956 0.398938 0.399136 0.399168 0.399220 0.399258 0.000000 0.000000
0.000000 0.000000 0.408623 0.408606 0.408567 0.408326 0.408345 0.408225 0.408171 0.408157 0.408117 0.408088 0.408115 0.408110 0.408226 0.408222 0.408540 0.408492 0.408499 0.000000 0.000000
0.000000 0.000000 0.418873 0.418858 0.418511 0.418602 0.418576 0.418542 0.418670 0.418629 0.418697 0.418672 0.418616 0.418702 0.418710 0.418730 0.418481 0.418980 0.418974 0.000000 0.000000
0.000000 0.000000 0.431472 0.430936 0.431042 0.430843 0.430574 0.430495 0.430350 0.430384 0.430224 0.430238 0.430328 0.430240 0.430375 0.430574 0.431024 0.430739 0.431298 0.000000 0.000000
0.000000 0.000000 0.436185 0.436670 0.437119 0.437120 0.437138 0.436706 0.436776 0.436649 0.436853 0.436811 0.436781 0.436850 0.437211 0.437197 0.437203 0.436850 0.436377 0.000000 0.000000
0.000000 0.000000 0.350000 0.350000 0.350000 0.350000 0.350000 0.350000 0.350000 0.350000 0.350000 0.350000 0.350000 0.350000 0.350000 0.350000 0.350000 0.350000 0.350000 0.000000 0.000000
0.000000 0.000000 0.000000 0.000000 0.000000 0.000000 0.000000 0.000000 0.000000 0.000000 0.000000 0.000000 0.000000 0.000000 0.000000 0.000000 0.000000 0.000000 0.000000 0.000000 0.000000