geotop/1.0zi/1.0Montebello/Templates/testdem/maps/_Eocsand1487.asc
ncols         21
nrows         20
xllcorner     100.000000
yllcorner     100.000000
cellsize      50.000000
NODATA_value  -9999.0
0.000000 0.000000 0.000000 0.000000 0.000000 0.000000 0.000000 0.000000 0.000000 0.000000 0.000000 0.000000 0.000000 0.000000 0.000000 0.000000 0.000000 0.000000 0.000000 0.000000 0.000000
0.000000 0.000000 0.300044 0.300044 0.300044 0.300044 0.300044 0.300044 0.300044 0.300044 0.300044 0.300044 0.300044 0.300044 0.300044 0.300044 0.300044 0.300044 0.300044 0.000000 0.000000
0.000000 0.000000 0.300006 0.300007 0.300007 0.300006 0.300006 0.300006 0.300006 0.300006 0.300006 0.300006 0.300006 0.300006 0.300006 0.300006 0.300007 0.300007 0.300006 0.000000 0.000000
0.000000 0.000000 0.298815 0.298815 0.298820 0.298818 0.298815 0.298815 0.298815 0.298815 0.298815 0.298815 0.298815 0.298815 0.298815 0.298818 0.298820 0.298815 0.298815 0.000000 0.000000
0.000000 0.000000 0.294556 0.294557 0.294562 0.294562 0.294555 0.294557 0.294557 0.294555 0.294555 0.294555 0.294557 0.294557 0.294555 0.294562 0.294562 0.294557 0.294556 0.000000 0.000000
0.000000 0.000000 0.289552 0.289553 0.289557 0.289556 0.289551 0.289552 0.289553 0.289551 0.289551 0.289551 0.289553 0.289552 0.289551 0.289556 0.289557 0.289553 0.289552 0.000000 0.000000
0.000000 0.000000 0.284874 0.284875 0.284879 0.284878 0.284874 0.284875 0.284875 0.284874 0.284874 0.284874 0.284875 0.284875 0.284874 0.284878 0.284879 0.284875 0.284874 0.000000 0.000000
0.000000 0.000000 0.280571 0.280572 0.280575 0.280574 0.280571 0.280572 0.280572 0.280571 0.280571 0.280571 0.280572 0.280572 0.280571 0.280574 0.280575 0.280572 0.280571 0.000000 0.000000
0.000000 0.000000 0.276539 0.276539 0.276542 0.276541 0.276538 0.276539 0.276539 0.276538 0.276538 0.276538 0.276539 0.276539 0.276538 0.276541 0.276542 0.276539 0.276539 0.000000 0.000000
0.000000 0.000000 0.272675 0.272675 0.272678 0.272678 0.272674 0.272675 0.272675 0.272674 0.272675 0.272674 0.272675 0.272675 0.272674 0.272678 0.272678 0.272675 0.272675 0.000000 0.000000
0.000000 0.000000 0.268941 0.268942 0.268945 0.268944 0.268941 0.268942 0.268942 0.268941 0.268941 0.268941 0.268942 0.268942 0.268941 0.268944 0.268945 0.268942 0.268941 0.000000 0.000000
0.000000 0.000000 0.265302 0.265303 0.265306 0.265305 0.265302 0.265302 0.265302 0.265302 0.265302 0.265302 0.265302 0.265302 0.265302 0.265305 0.265306 0.265303 0.265302 0.000000 0.000000
0.000000 0.000000 0.261727 0.261727 0.261730 0.261729 0.261726 0.261727 0.261727 0.261726 0.261726 0.261726 0.261727 0.261727 0.261726 0.261729 0.261730 0.261727 0.261727 0.000000 0.000000
0.000000 0.000000 0.258215 0.258216 0.258219 0.258218 0.258215 0.258216 0.258216 0.258215 0.258215 0.258215 0.258216 0.258216 0.258215 0.258218 0.258219 0.258216 0.258215 0.000000 0.000000
0.000000 0.000000 0.254754 0.254754 0.254757 0.254756 0.254753 0.254754 0.254754 0.254753 0.254753 0.254753 0.254754 0.254754 0.254753 0.254756 0.254757 0.254754 0.254754 0.000000 0.000000
0.000000 0.000000 0.251326 0.251327 0.251330 0.251329 0.251326 0.251327 0.251327 0.251326 0.251326 0.251326 0.251327 0.251327 0.251326 0.251329 0.251330 0.251327 0.251326 0.000000 0.000000
0.000000 0.000000 0.247935 0.247936 0.247939 0.247938 0.247935 0.247936 0.247936 0.247935 0.247935 0.247935 0.247936 0.247936 0.247935 0.247938 0.247939 0.247936 0.247935 0.000000 0.000000
0.000000 0.000000 0.244503 0.244503 0.244506 0.244505 0.244502 0.244503 0.244503 0.244502 0.244502 0.244502 0.244503 0.244503 0.244502 0.244505 0.244506 0.244503 0.244502 0.000000 0.000000
0.000000 0.000000 0.300000 0.300000 0.300000 0.300000 0.300000 0.300000 0.300000 0.300000 0.300000 0.300000 0.300000 0.300000 0.300000 0.300000 0.300000 0.300000 0.300000 0.000000 0.000000
0.000000 0.000000 0.000000 0.000000 0.000000 0.000000 0.000000 0.000000 0.000000 0.000000 0.000000 0.000000 0.000000 0.000000 0.000000 0.000000 0.000000 0.000000 0.000000 0.000000 0.000000