geotop/1.0zi/1.0Montebello/Templates/testdem/maps/_Eocsilt1427.asc
ncols         21
nrows         20
xllcorner     100.000000
yllcorner     100.000000
cellsize      50.000000
NODATA_value  -9999.0
0.000000 0.000000 0.000000 0.000000 0.000000 0.000000 0.000000 0.000000 0.000000 0.000000 0.000000 0.000000 0.000000 0.000000 0.000000 0.000000 0.000000 0.000000 0.000000 0.000000 0.000000
0.000000 0.000000 0.350030 0.350030 0.350030 0.350030 0.350030 0.350030 0.350030 0.350030 0.350030 0.350030 0.350030 0.350030 0.350030 0.350030 0.350030 0.350030 0.350030 0.000000 0.000000
0.000000 0.000000 0.349999 0.349999 0.349999 0.350000 0.349999 0.349999 0.349999 0.349999 0.349999 0.349999 0.349999 0.349999 0.349999 0.350000 0.349999 0.349999 0.349999 0.000000 0.000000
0.000000 0.000000 0.350606 0.350606 0.350603 0.350604 0.350606 0.350606 0.350606 0.350606 0.350606 0.350606 0.350606 0.350606 0.350606 0.350604 0.350603 0.350606 0.350606 0.000000 0.000000
0.000000 0.000000 0.352621 0.352621 0.352619 0.352619 0.352622 0.352621 0.352621 0.352622 0.352622 0.352622 0.352621 0.352621 0.352622 0.352619 0.352619 0.352621 0.352621 0.000000 0.000000
0.000000 0.000000 0.355100 0.355099 0.355097 0.355097 0.355100 0.355099 0.355099 0.355100 0.355100 0.355100 0.355099 0.355099 0.355100 0.355097 0.355097 0.355099 0.355100 0.000000 0.000000
0.000000 0.000000 0.357374 0.357374 0.357372 0.357372 0.357374 0.357374 0.357374 0.357374 0.357374 0.357374 0.357374 0.357374 0.357374 0.357372 0.357372 0.357374 0.357374 0.000000 0.000000
0.000000 0.000000 0.359461 0.359461 0.359459 0.359460 0.359461 0.359461 0.359461 0.359461 0.359461 0.359461 0.359461 0.359461 0.359461 0.359460 0.359459 0.359461 0.359461 0.000000 0.000000
0.000000 0.000000 0.361416 0.361416 0.361414 0.361414 0.361416 0.361416 0.361416 0.361416 0.361416 0.361416 0.361416 0.361416 0.361416 0.361414 0.361414 0.361416 0.361416 0.000000 0.000000
0.000000 0.000000 0.363287 0.363287 0.363285 0.363286 0.363287 0.363287 0.363287 0.363287 0.363287 0.363287 0.363287 0.363287 0.363287 0.363286 0.363285 0.363287 0.363287 0.000000 0.000000
0.000000 0.000000 0.365094 0.365094 0.365092 0.365093 0.365094 0.365094 0.365094 0.365094 0.365094 0.365094 0.365094 0.365094 0.365094 0.365093 0.365092 0.365094 0.365094 0.000000 0.000000
0.000000 0.000000 0.366854 0.366854 0.366852 0.366853 0.366854 0.366854 0.366854 0.366854 0.366854 0.366854 0.366854 0.366854 0.366854 0.366853 0.366852 0.366854 0.366854 0.000000 0.000000
0.000000 0.000000 0.368582 0.368582 0.368581 0.368581 0.368582 0.368582 0.368582 0.368582 0.368582 0.368582 0.368582 0.368582 0.368582 0.368581 0.368581 0.368582 0.368582 0.000000 0.000000
0.000000 0.000000 0.370278 0.370278 0.370276 0.370277 0.370278 0.370278 0.370278 0.370278 0.370278 0.370278 0.370278 0.370278 0.370278 0.370277 0.370276 0.370278 0.370278 0.000000 0.000000
0.000000 0.000000 0.371950 0.371949 0.371948 0.371948 0.371950 0.371949 0.371949 0.371950 0.371950 0.371950 0.371949 0.371949 0.371950 0.371948 0.371948 0.371949 0.371950 0.000000 0.000000
0.000000 0.000000 0.373603 0.373603 0.373602 0.373602 0.373603 0.373603 0.373603 0.373603 0.373603 0.373603 0.373603 0.373603 0.373603 0.373602 0.373602 0.373603 0.373603 0.000000 0.000000
0.000000 0.000000 0.375238 0.375238 0.375237 0.375237 0.375239 0.375238 0.375238 0.375239 0.375239 0.375239 0.375238 0.375238 0.375239 0.375237 0.375237 0.375238 0.375238 0.000000 0.000000
0.000000 0.000000 0.376896 0.376897 0.376895 0.376896 0.376897 0.376897 0.376897 0.376897 0.376897 0.376897 0.376897 0.376897 0.376897 0.376896 0.376895 0.376897 0.376897 0.000000 0.000000
0.000000 0.000000 0.350000 0.350000 0.350000 0.350000 0.350000 0.350000 0.350000 0.350000 0.350000 0.350000 0.350000 0.350000 0.350000 0.350000 0.350000 0.350000 0.350000 0.000000 0.000000
0.000000 0.000000 0.000000 0.000000 0.000000 0.000000 0.000000 0.000000 0.000000 0.000000 0.000000 0.000000 0.000000 0.000000 0.000000 0.000000 0.000000 0.000000 0.000000 0.000000 0.000000