geotop/1.0zi/1.0Montebello/Templates/testdem/maps/_Eocclay025m.asc
ncols         21
nrows         20
xllcorner     100.000000
yllcorner     100.000000
cellsize      50.000000
NODATA_value  -9999.0
0.000000 0.000000 0.000000 0.000000 0.000000 0.000000 0.000000 0.000000 0.000000 0.000000 0.000000 0.000000 0.000000 0.000000 0.000000 0.000000 0.000000 0.000000 0.000000 0.000000 0.000000
0.000000 0.000000 0.349524 0.349527 0.349526 0.349525 0.349527 0.349527 0.349527 0.349527 0.349526 0.349527 0.349527 0.349527 0.349527 0.349527 0.349525 0.349525 0.349526 0.000000 0.000000
0.000000 0.000000 0.349981 0.349979 0.349979 0.349981 0.349979 0.349978 0.349979 0.349979 0.349978 0.349979 0.349979 0.349979 0.349980 0.349980 0.349981 0.349980 0.349979 0.000000 0.000000
0.000000 0.000000 0.350058 0.350067 0.350063 0.350058 0.350060 0.350060 0.350064 0.350061 0.350064 0.350062 0.350062 0.350061 0.350065 0.350067 0.350065 0.350065 0.350063 0.000000 0.000000
0.000000 0.000000 0.351663 0.351657 0.351649 0.351635 0.351616 0.351612 0.351610 0.351613 0.351610 0.351615 0.351616 0.351616 0.351625 0.351631 0.351644 0.351650 0.351659 0.000000 0.000000
0.000000 0.000000 0.355941 0.355939 0.355914 0.355872 0.355838 0.355806 0.355812 0.355807 0.355805 0.355805 0.355812 0.355809 0.355826 0.355858 0.355876 0.355891 0.355896 0.000000 0.000000
0.000000 0.000000 0.361670 0.361662 0.361645 0.361604 0.361561 0.361498 0.361500 0.361496 0.361489 0.361491 0.361492 0.361492 0.361542 0.361579 0.361602 0.361618 0.361625 0.000000 0.000000
0.000000 0.000000 0.368506 0.368496 0.368477 0.368425 0.368376 0.368319 0.368321 0.368317 0.368309 0.368306 0.368305 0.368314 0.368359 0.368399 0.368437 0.368448 0.368462 0.000000 0.000000
0.000000 0.000000 0.376092 0.376077 0.376049 0.376008 0.375951 0.375885 0.375893 0.375883 0.375871 0.375869 0.375873 0.375869 0.375932 0.375981 0.376011 0.376025 0.376037 0.000000 0.000000
0.000000 0.000000 0.384631 0.384608 0.384585 0.384539 0.384475 0.384404 0.384406 0.384400 0.384383 0.384390 0.384399 0.384395 0.384446 0.384511 0.384547 0.384563 0.384569 0.000000 0.000000
0.000000 0.000000 0.394564 0.394547 0.394523 0.394423 0.394393 0.394295 0.394317 0.394273 0.394274 0.394266 0.394251 0.394277 0.394336 0.394377 0.394429 0.394449 0.394492 0.000000 0.000000
0.000000 0.000000 0.406404 0.406359 0.406296 0.406249 0.406193 0.406068 0.406066 0.406069 0.406079 0.406034 0.406058 0.406047 0.406159 0.406227 0.406256 0.406275 0.406360 0.000000 0.000000
0.000000 0.000000 0.419934 0.419897 0.419886 0.419783 0.419715 0.419365 0.419362 0.419345 0.419211 0.419295 0.419300 0.419331 0.419586 0.419642 0.419776 0.419786 0.419796 0.000000 0.000000
0.000000 0.000000 0.436684 0.436679 0.436559 0.436494 0.435996 0.436215 0.436112 0.436121 0.436203 0.436121 0.436112 0.436051 0.435855 0.436401 0.436408 0.436540 0.436612 0.000000 0.000000
0.000000 0.000000 0.454131 0.454089 0.454015 0.453444 0.453740 0.453356 0.453293 0.453261 0.453115 0.453087 0.453149 0.453162 0.453495 0.453206 0.453951 0.453768 0.453730 0.000000 0.000000
0.000000 0.000000 0.467296 0.467278 0.466804 0.467047 0.466954 0.466975 0.467185 0.467133 0.467242 0.467225 0.467135 0.467245 0.467177 0.467263 0.466728 0.467454 0.467442 0.000000 0.000000
0.000000 0.000000 0.477557 0.477263 0.477277 0.477180 0.477014 0.476975 0.476913 0.476928 0.476845 0.476855 0.476897 0.476855 0.476916 0.477044 0.477240 0.477147 0.477448 0.000000 0.000000
0.000000 0.000000 0.482385 0.482444 0.482582 0.482549 0.482496 0.482337 0.482349 0.482310 0.482353 0.482342 0.482344 0.482355 0.482492 0.482536 0.482585 0.482457 0.482400 0.000000 0.000000
0.000000 0.000000 0.350000 0.350000 0.350000 0.350000 0.350000 0.350000 0.350000 0.350000 0.350000 0.350000 0.350000 0.350000 0.350000 0.350000 0.350000 0.350000 0.350000 0.000000 0.000000
0.000000 0.000000 0.000000 0.000000 0.000000 0.000000 0.000000 0.000000 0.000000 0.000000 0.000000 0.000000 0.000000 0.000000 0.000000 0.000000 0.000000 0.000000 0.000000 0.000000 0.000000