geotop/1.0zi/1.0Montebello/Templates/testdem/maps/_Eocsand8226.asc
ncols         21
nrows         20
xllcorner     100.000000
yllcorner     100.000000
cellsize      50.000000
NODATA_value  -9999.0
0.000000 0.000000 0.000000 0.000000 0.000000 0.000000 0.000000 0.000000 0.000000 0.000000 0.000000 0.000000 0.000000 0.000000 0.000000 0.000000 0.000000 0.000000 0.000000 0.000000 0.000000
0.000000 0.000000 0.300208 0.300206 0.300206 0.300207 0.300206 0.300205 0.300205 0.300206 0.300206 0.300206 0.300206 0.300206 0.300206 0.300206 0.300207 0.300207 0.300207 0.000000 0.000000
0.000000 0.000000 0.300011 0.300012 0.300012 0.300010 0.300011 0.300012 0.300012 0.300012 0.300012 0.300012 0.300011 0.300012 0.300011 0.300011 0.300012 0.300013 0.300013 0.000000 0.000000
0.000000 0.000000 0.299893 0.299893 0.299897 0.299905 0.299900 0.299909 0.299904 0.299906 0.299906 0.299906 0.299906 0.299908 0.299903 0.299898 0.299896 0.299893 0.299894 0.000000 0.000000
0.000000 0.000000 0.297933 0.297930 0.297939 0.297954 0.297976 0.297986 0.297992 0.297991 0.297995 0.297994 0.297997 0.297991 0.297968 0.297961 0.297949 0.297936 0.297926 0.000000 0.000000
0.000000 0.000000 0.292197 0.292198 0.292220 0.292265 0.292300 0.292348 0.292349 0.292361 0.292353 0.292354 0.292349 0.292349 0.292326 0.292291 0.292263 0.292240 0.292228 0.000000 0.000000
0.000000 0.000000 0.284229 0.284237 0.284257 0.284307 0.284372 0.284447 0.284449 0.284458 0.284455 0.284457 0.284459 0.284453 0.284388 0.284330 0.284295 0.284266 0.284250 0.000000 0.000000
0.000000 0.000000 0.274794 0.274798 0.274813 0.274871 0.274933 0.275016 0.275018 0.275026 0.275028 0.275034 0.275038 0.275023 0.274952 0.274896 0.274843 0.274826 0.274800 0.000000 0.000000
0.000000 0.000000 0.264696 0.264711 0.264741 0.264779 0.264846 0.264935 0.264932 0.264951 0.264955 0.264959 0.264957 0.264959 0.264872 0.264802 0.264759 0.264738 0.264716 0.000000 0.000000
0.000000 0.000000 0.253998 0.254017 0.254033 0.254071 0.254168 0.254249 0.254249 0.254259 0.254271 0.254264 0.254253 0.254257 0.254184 0.254102 0.254052 0.254035 0.254018 0.000000 0.000000
0.000000 0.000000 0.242355 0.242367 0.242386 0.242469 0.242536 0.242632 0.242613 0.242664 0.242656 0.242659 0.242678 0.242643 0.242576 0.242525 0.242461 0.242425 0.242381 0.000000 0.000000
0.000000 0.000000 0.229402 0.229436 0.229476 0.229528 0.229605 0.229726 0.229735 0.229748 0.229720 0.229762 0.229749 0.229742 0.229618 0.229555 0.229511 0.229486 0.229376 0.000000 0.000000
0.000000 0.000000 0.215364 0.215396 0.215411 0.215488 0.215556 0.215872 0.215878 0.215895 0.215978 0.215934 0.215916 0.215887 0.215648 0.215583 0.215463 0.215449 0.215397 0.000000 0.000000
0.000000 0.000000 0.198857 0.198865 0.198932 0.198985 0.199383 0.199349 0.199433 0.199431 0.199404 0.199429 0.199441 0.199459 0.199499 0.199085 0.199019 0.198910 0.198832 0.000000 0.000000
0.000000 0.000000 0.179365 0.179400 0.179480 0.179987 0.179938 0.180192 0.180307 0.180334 0.180419 0.180479 0.180423 0.180433 0.180186 0.180204 0.179534 0.179636 0.179623 0.000000 0.000000
0.000000 0.000000 0.158016 0.158045 0.158780 0.158572 0.158627 0.158693 0.158419 0.158503 0.158358 0.158409 0.158530 0.158346 0.158336 0.158293 0.158839 0.157776 0.157789 0.000000 0.000000
0.000000 0.000000 0.131626 0.132770 0.132521 0.132951 0.133524 0.133690 0.134010 0.133934 0.134278 0.134246 0.134050 0.134243 0.133955 0.133531 0.132556 0.133194 0.131997 0.000000 0.000000
0.000000 0.000000 0.122230 0.121155 0.120191 0.120177 0.120121 0.121046 0.120889 0.121162 0.120715 0.120805 0.120874 0.120721 0.119954 0.119995 0.120009 0.120755 0.121803 0.000000 0.000000
0.000000 0.000000 0.300000 0.300000 0.300000 0.300000 0.300000 0.300000 0.300000 0.300000 0.300000 0.300000 0.300000 0.300000 0.300000 0.300000 0.300000 0.300000 0.300000 0.000000 0.000000
0.000000 0.000000 0.000000 0.000000 0.000000 0.000000 0.000000 0.000000 0.000000 0.000000 0.000000 0.000000 0.000000 0.000000 0.000000 0.000000 0.000000 0.000000 0.000000 0.000000 0.000000