geotop/1.0zi/1.0Montebello/Templates/testdem/maps/_Eocsilt4048.asc
ncols         21
nrows         20
xllcorner     100.000000
yllcorner     100.000000
cellsize      50.000000
NODATA_value  -9999.0
0.000000 0.000000 0.000000 0.000000 0.000000 0.000000 0.000000 0.000000 0.000000 0.000000 0.000000 0.000000 0.000000 0.000000 0.000000 0.000000 0.000000 0.000000 0.000000 0.000000 0.000000
0.000000 0.000000 0.350083 0.350083 0.350084 0.350083 0.350083 0.350083 0.350084 0.350083 0.350083 0.350083 0.350083 0.350084 0.350083 0.350084 0.350084 0.350083 0.350083 0.000000 0.000000
0.000000 0.000000 0.350001 0.350002 0.350002 0.350002 0.350003 0.350003 0.350003 0.350003 0.350003 0.350003 0.350003 0.350003 0.350002 0.350002 0.350001 0.350001 0.350001 0.000000 0.000000
0.000000 0.000000 0.350032 0.350031 0.350031 0.350027 0.350028 0.350025 0.350027 0.350028 0.350027 0.350027 0.350027 0.350026 0.350028 0.350031 0.350031 0.350033 0.350032 0.000000 0.000000
0.000000 0.000000 0.350377 0.350380 0.350378 0.350379 0.350378 0.350376 0.350374 0.350371 0.350370 0.350373 0.350373 0.350374 0.350375 0.350374 0.350373 0.350378 0.350380 0.000000 0.000000
0.000000 0.000000 0.351446 0.351447 0.351443 0.351440 0.351438 0.351427 0.351426 0.351421 0.351425 0.351427 0.351429 0.351424 0.351425 0.351430 0.351433 0.351433 0.351435 0.000000 0.000000
0.000000 0.000000 0.353068 0.353068 0.353066 0.353056 0.353046 0.353032 0.353035 0.353032 0.353035 0.353033 0.353030 0.353029 0.353037 0.353050 0.353055 0.353058 0.353065 0.000000 0.000000
0.000000 0.000000 0.354961 0.354958 0.354954 0.354942 0.354930 0.354915 0.354917 0.354914 0.354914 0.354913 0.354910 0.354907 0.354923 0.354938 0.354948 0.354949 0.354954 0.000000 0.000000
0.000000 0.000000 0.356870 0.356866 0.356860 0.356851 0.356841 0.356822 0.356823 0.356819 0.356820 0.356821 0.356818 0.356816 0.356830 0.356846 0.356853 0.356858 0.356865 0.000000 0.000000
0.000000 0.000000 0.358764 0.358760 0.358755 0.358746 0.358733 0.358717 0.358719 0.358717 0.358717 0.358717 0.358713 0.358710 0.358726 0.358742 0.358749 0.358752 0.358757 0.000000 0.000000
0.000000 0.000000 0.360663 0.360659 0.360654 0.360647 0.360638 0.360618 0.360621 0.360616 0.360616 0.360617 0.360614 0.360611 0.360624 0.360635 0.360644 0.360648 0.360654 0.000000 0.000000
0.000000 0.000000 0.362618 0.362614 0.362608 0.362597 0.362587 0.362568 0.362568 0.362565 0.362565 0.362565 0.362563 0.362559 0.362577 0.362591 0.362599 0.362602 0.362624 0.000000 0.000000
0.000000 0.000000 0.364591 0.364586 0.364580 0.364572 0.364559 0.364520 0.364521 0.364517 0.364517 0.364517 0.364513 0.364511 0.364544 0.364561 0.364569 0.364573 0.364586 0.000000 0.000000
0.000000 0.000000 0.366667 0.366659 0.366654 0.366646 0.366609 0.366599 0.366592 0.366589 0.366590 0.366590 0.366585 0.366582 0.366593 0.366632 0.366641 0.366650 0.366657 0.000000 0.000000
0.000000 0.000000 0.368891 0.368885 0.368872 0.368839 0.368822 0.368798 0.368785 0.368781 0.368775 0.368775 0.368775 0.368767 0.368785 0.368813 0.368856 0.368855 0.368861 0.000000 0.000000
0.000000 0.000000 0.371172 0.371166 0.371122 0.371116 0.371107 0.371095 0.371093 0.371092 0.371093 0.371092 0.371085 0.371089 0.371093 0.371106 0.371107 0.371151 0.371162 0.000000 0.000000
0.000000 0.000000 0.373689 0.373635 0.373597 0.373583 0.373558 0.373545 0.373541 0.373539 0.373533 0.373533 0.373531 0.373524 0.373532 0.373564 0.373584 0.373609 0.373661 0.000000 0.000000
0.000000 0.000000 0.375678 0.375663 0.375692 0.375673 0.375651 0.375601 0.375596 0.375591 0.375592 0.375591 0.375586 0.375586 0.375629 0.375658 0.375691 0.375645 0.375669 0.000000 0.000000
0.000000 0.000000 0.350000 0.350000 0.350000 0.350000 0.350000 0.350000 0.350000 0.350000 0.350000 0.350000 0.350000 0.350000 0.350000 0.350000 0.350000 0.350000 0.350000 0.000000 0.000000
0.000000 0.000000 0.000000 0.000000 0.000000 0.000000 0.000000 0.000000 0.000000 0.000000 0.000000 0.000000 0.000000 0.000000 0.000000 0.000000 0.000000 0.000000 0.000000 0.000000 0.000000