geotop/1.0zi/1.0Montebello/Templates/testdem/maps/_Eocsand7480.asc
ncols         21
nrows         20
xllcorner     100.000000
yllcorner     100.000000
cellsize      50.000000
NODATA_value  -9999.0
0.000000 0.000000 0.000000 0.000000 0.000000 0.000000 0.000000 0.000000 0.000000 0.000000 0.000000 0.000000 0.000000 0.000000 0.000000 0.000000 0.000000 0.000000 0.000000 0.000000 0.000000
0.000000 0.000000 0.300189 0.300187 0.300187 0.300188 0.300187 0.300186 0.300187 0.300187 0.300188 0.300187 0.300187 0.300187 0.300187 0.300187 0.300188 0.300188 0.300188 0.000000 0.000000
0.000000 0.000000 0.300010 0.300011 0.300010 0.300009 0.300010 0.300011 0.300010 0.300010 0.300010 0.300010 0.300009 0.300010 0.300010 0.300010 0.300011 0.300011 0.300012 0.000000 0.000000
0.000000 0.000000 0.299893 0.299892 0.299897 0.299904 0.299900 0.299908 0.299903 0.299905 0.299905 0.299905 0.299905 0.299907 0.299902 0.299897 0.299895 0.299892 0.299892 0.000000 0.000000
0.000000 0.000000 0.298091 0.298088 0.298096 0.298111 0.298132 0.298141 0.298148 0.298146 0.298150 0.298148 0.298152 0.298146 0.298123 0.298117 0.298107 0.298096 0.298087 0.000000 0.000000
0.000000 0.000000 0.293189 0.293189 0.293210 0.293252 0.293283 0.293327 0.293327 0.293338 0.293332 0.293331 0.293329 0.293328 0.293306 0.293275 0.293250 0.293227 0.293217 0.000000 0.000000
0.000000 0.000000 0.286286 0.286293 0.286311 0.286358 0.286417 0.286485 0.286485 0.286493 0.286492 0.286492 0.286496 0.286490 0.286431 0.286378 0.286346 0.286320 0.286305 0.000000 0.000000
0.000000 0.000000 0.278065 0.278069 0.278082 0.278135 0.278192 0.278265 0.278266 0.278273 0.278276 0.278281 0.278285 0.278271 0.278207 0.278157 0.278108 0.278094 0.278070 0.000000 0.000000
0.000000 0.000000 0.269373 0.269387 0.269413 0.269447 0.269507 0.269586 0.269582 0.269599 0.269604 0.269607 0.269606 0.269608 0.269530 0.269466 0.269428 0.269409 0.269390 0.000000 0.000000
0.000000 0.000000 0.260309 0.260326 0.260339 0.260372 0.260457 0.260528 0.260527 0.260535 0.260548 0.260542 0.260532 0.260536 0.260471 0.260398 0.260355 0.260340 0.260325 0.000000 0.000000
0.000000 0.000000 0.250615 0.250627 0.250642 0.250711 0.250771 0.250852 0.250835 0.250878 0.250874 0.250875 0.250891 0.250862 0.250804 0.250759 0.250704 0.250674 0.250636 0.000000 0.000000
0.000000 0.000000 0.240028 0.240056 0.240088 0.240134 0.240198 0.240300 0.240304 0.240318 0.240296 0.240329 0.240322 0.240314 0.240210 0.240158 0.240119 0.240098 0.240005 0.000000 0.000000
0.000000 0.000000 0.228759 0.228787 0.228801 0.228862 0.228919 0.229166 0.229169 0.229185 0.229248 0.229217 0.229203 0.229179 0.228989 0.228936 0.228842 0.228830 0.228779 0.000000 0.000000
0.000000 0.000000 0.215851 0.215862 0.215910 0.215955 0.216245 0.216251 0.216311 0.216311 0.216305 0.216316 0.216324 0.216334 0.216340 0.216038 0.215978 0.215897 0.215833 0.000000 0.000000
0.000000 0.000000 0.200918 0.200943 0.201006 0.201355 0.201367 0.201539 0.201630 0.201648 0.201707 0.201752 0.201714 0.201725 0.201558 0.201521 0.201054 0.201111 0.201090 0.000000 0.000000
0.000000 0.000000 0.184578 0.184603 0.185099 0.185027 0.185057 0.185132 0.184967 0.185028 0.184947 0.184991 0.185065 0.184943 0.184904 0.184876 0.185144 0.184458 0.184465 0.000000 0.000000
0.000000 0.000000 0.164402 0.165178 0.165134 0.165394 0.165785 0.165903 0.166068 0.166033 0.166245 0.166234 0.166123 0.166221 0.166027 0.165738 0.165165 0.165416 0.164617 0.000000 0.000000
0.000000 0.000000 0.154378 0.153795 0.153071 0.153126 0.153174 0.153852 0.153787 0.153968 0.153711 0.153771 0.153789 0.153710 0.153120 0.153087 0.152941 0.153570 0.154129 0.000000 0.000000
0.000000 0.000000 0.300000 0.300000 0.300000 0.300000 0.300000 0.300000 0.300000 0.300000 0.300000 0.300000 0.300000 0.300000 0.300000 0.300000 0.300000 0.300000 0.300000 0.000000 0.000000
0.000000 0.000000 0.000000 0.000000 0.000000 0.000000 0.000000 0.000000 0.000000 0.000000 0.000000 0.000000 0.000000 0.000000 0.000000 0.000000 0.000000 0.000000 0.000000 0.000000 0.000000