geotop/1.0zi/1.0Montebello/Templates/testdem/maps/_Eocclay3385.asc
ncols         21
nrows         20
xllcorner     100.000000
yllcorner     100.000000
cellsize      50.000000
NODATA_value  -9999.0
0.000000 0.000000 0.000000 0.000000 0.000000 0.000000 0.000000 0.000000 0.000000 0.000000 0.000000 0.000000 0.000000 0.000000 0.000000 0.000000 0.000000 0.000000 0.000000 0.000000 0.000000
0.000000 0.000000 0.349818 0.349818 0.349818 0.349818 0.349818 0.349818 0.349818 0.349818 0.349817 0.349818 0.349818 0.349818 0.349818 0.349818 0.349818 0.349818 0.349818 0.000000 0.000000
0.000000 0.000000 0.349996 0.349996 0.349995 0.349996 0.349996 0.349996 0.349996 0.349996 0.349996 0.349996 0.349996 0.349996 0.349996 0.349996 0.349995 0.349996 0.349996 0.000000 0.000000
0.000000 0.000000 0.351302 0.351302 0.351300 0.351301 0.351301 0.351302 0.351302 0.351302 0.351302 0.351302 0.351302 0.351302 0.351301 0.351301 0.351300 0.351302 0.351302 0.000000 0.000000
0.000000 0.000000 0.356558 0.356557 0.356555 0.356555 0.356559 0.356557 0.356557 0.356559 0.356559 0.356559 0.356557 0.356557 0.356559 0.356555 0.356555 0.356557 0.356558 0.000000 0.000000
0.000000 0.000000 0.362349 0.362348 0.362347 0.362347 0.362349 0.362348 0.362348 0.362349 0.362350 0.362349 0.362348 0.362348 0.362349 0.362347 0.362347 0.362348 0.362349 0.000000 0.000000
0.000000 0.000000 0.367767 0.367766 0.367765 0.367765 0.367767 0.367766 0.367766 0.367767 0.367768 0.367767 0.367766 0.367766 0.367767 0.367765 0.367765 0.367766 0.367767 0.000000 0.000000
0.000000 0.000000 0.372694 0.372694 0.372692 0.372693 0.372694 0.372694 0.372694 0.372694 0.372695 0.372694 0.372694 0.372694 0.372694 0.372693 0.372692 0.372694 0.372694 0.000000 0.000000
0.000000 0.000000 0.377246 0.377246 0.377245 0.377245 0.377247 0.377246 0.377246 0.377247 0.377247 0.377247 0.377246 0.377246 0.377247 0.377245 0.377245 0.377246 0.377246 0.000000 0.000000
0.000000 0.000000 0.381530 0.381529 0.381528 0.381528 0.381530 0.381529 0.381529 0.381530 0.381530 0.381530 0.381529 0.381529 0.381530 0.381528 0.381528 0.381529 0.381530 0.000000 0.000000
0.000000 0.000000 0.385598 0.385597 0.385596 0.385597 0.385598 0.385597 0.385597 0.385598 0.385598 0.385598 0.385597 0.385597 0.385598 0.385597 0.385596 0.385597 0.385598 0.000000 0.000000
0.000000 0.000000 0.389490 0.389490 0.389488 0.389489 0.389490 0.389490 0.389490 0.389490 0.389491 0.389490 0.389490 0.389490 0.389490 0.389489 0.389488 0.389490 0.389490 0.000000 0.000000
0.000000 0.000000 0.393235 0.393235 0.393234 0.393234 0.393235 0.393235 0.393235 0.393235 0.393236 0.393235 0.393235 0.393235 0.393235 0.393234 0.393234 0.393235 0.393235 0.000000 0.000000
0.000000 0.000000 0.396863 0.396862 0.396861 0.396862 0.396863 0.396862 0.396862 0.396863 0.396863 0.396863 0.396862 0.396862 0.396863 0.396862 0.396861 0.396862 0.396863 0.000000 0.000000
0.000000 0.000000 0.400383 0.400383 0.400382 0.400382 0.400383 0.400383 0.400383 0.400383 0.400384 0.400383 0.400383 0.400383 0.400383 0.400382 0.400382 0.400383 0.400383 0.000000 0.000000
0.000000 0.000000 0.403801 0.403801 0.403800 0.403800 0.403802 0.403801 0.403801 0.403802 0.403802 0.403802 0.403801 0.403801 0.403802 0.403800 0.403800 0.403801 0.403801 0.000000 0.000000
0.000000 0.000000 0.407130 0.407130 0.407129 0.407129 0.407130 0.407130 0.407130 0.407130 0.407130 0.407130 0.407130 0.407130 0.407130 0.407129 0.407129 0.407130 0.407130 0.000000 0.000000
0.000000 0.000000 0.410432 0.410432 0.410431 0.410432 0.410433 0.410432 0.410432 0.410433 0.410433 0.410433 0.410432 0.410432 0.410433 0.410432 0.410431 0.410432 0.410432 0.000000 0.000000
0.000000 0.000000 0.350000 0.350000 0.350000 0.350000 0.350000 0.350000 0.350000 0.350000 0.350000 0.350000 0.350000 0.350000 0.350000 0.350000 0.350000 0.350000 0.350000 0.000000 0.000000
0.000000 0.000000 0.000000 0.000000 0.000000 0.000000 0.000000 0.000000 0.000000 0.000000 0.000000 0.000000 0.000000 0.000000 0.000000 0.000000 0.000000 0.000000 0.000000 0.000000 0.000000