geotop/1.0zi/1.0Montebello/Templates/testdem/maps/_Eocsand8529.asc
ncols         21
nrows         20
xllcorner     100.000000
yllcorner     100.000000
cellsize      50.000000
NODATA_value  -9999.0
0.000000 0.000000 0.000000 0.000000 0.000000 0.000000 0.000000 0.000000 0.000000 0.000000 0.000000 0.000000 0.000000 0.000000 0.000000 0.000000 0.000000 0.000000 0.000000 0.000000 0.000000
0.000000 0.000000 0.300214 0.300212 0.300212 0.300212 0.300211 0.300211 0.300211 0.300211 0.300212 0.300211 0.300212 0.300212 0.300211 0.300212 0.300213 0.300213 0.300213 0.000000 0.000000
0.000000 0.000000 0.300012 0.300013 0.300013 0.300011 0.300012 0.300013 0.300012 0.300012 0.300013 0.300013 0.300012 0.300012 0.300012 0.300012 0.300013 0.300014 0.300014 0.000000 0.000000
0.000000 0.000000 0.299893 0.299892 0.299897 0.299905 0.299900 0.299908 0.299903 0.299906 0.299906 0.299906 0.299906 0.299907 0.299902 0.299898 0.299895 0.299892 0.299893 0.000000 0.000000
0.000000 0.000000 0.297873 0.297874 0.297888 0.297906 0.297931 0.297939 0.297944 0.297945 0.297947 0.297942 0.297941 0.297939 0.297917 0.297912 0.297898 0.297886 0.297875 0.000000 0.000000
0.000000 0.000000 0.291910 0.291915 0.291942 0.291991 0.292030 0.292076 0.292076 0.292090 0.292080 0.292080 0.292071 0.292075 0.292048 0.292016 0.291987 0.291967 0.291954 0.000000 0.000000
0.000000 0.000000 0.283541 0.283555 0.283574 0.283629 0.283699 0.283778 0.283777 0.283786 0.283785 0.283783 0.283785 0.283780 0.283712 0.283654 0.283619 0.283591 0.283576 0.000000 0.000000
0.000000 0.000000 0.273632 0.273642 0.273657 0.273720 0.273785 0.273871 0.273871 0.273883 0.273883 0.273887 0.273892 0.273876 0.273803 0.273748 0.273692 0.273678 0.273651 0.000000 0.000000
0.000000 0.000000 0.262971 0.262994 0.263024 0.263066 0.263140 0.263232 0.263226 0.263246 0.263251 0.263253 0.263250 0.263253 0.263162 0.263092 0.263048 0.263027 0.263004 0.000000 0.000000
0.000000 0.000000 0.251602 0.251628 0.251645 0.251686 0.251791 0.251874 0.251874 0.251884 0.251897 0.251887 0.251875 0.251880 0.251804 0.251719 0.251669 0.251651 0.251635 0.000000 0.000000
0.000000 0.000000 0.239136 0.239151 0.239169 0.239267 0.239335 0.239441 0.239414 0.239474 0.239461 0.239466 0.239485 0.239450 0.239375 0.239325 0.239256 0.239222 0.239175 0.000000 0.000000
0.000000 0.000000 0.225158 0.225203 0.225245 0.225298 0.225389 0.225512 0.225524 0.225534 0.225506 0.225551 0.225531 0.225530 0.225396 0.225326 0.225284 0.225256 0.225145 0.000000 0.000000
0.000000 0.000000 0.209890 0.209935 0.209940 0.210038 0.210108 0.210453 0.210460 0.210476 0.210574 0.210515 0.210500 0.210469 0.210203 0.210139 0.210006 0.209997 0.209943 0.000000 0.000000
0.000000 0.000000 0.191742 0.191755 0.191829 0.191893 0.192341 0.192285 0.192374 0.192374 0.192337 0.192372 0.192379 0.192413 0.192468 0.191997 0.191937 0.191814 0.191730 0.000000 0.000000
0.000000 0.000000 0.170184 0.170233 0.170325 0.170906 0.170823 0.171119 0.171244 0.171273 0.171377 0.171439 0.171372 0.171385 0.171095 0.171153 0.170384 0.170517 0.170511 0.000000 0.000000
0.000000 0.000000 0.146715 0.146757 0.147592 0.147315 0.147395 0.147448 0.147119 0.147219 0.147042 0.147092 0.147233 0.147029 0.147036 0.146981 0.147669 0.146439 0.146457 0.000000 0.000000
0.000000 0.000000 0.118243 0.119510 0.119169 0.119679 0.120311 0.120502 0.120878 0.120790 0.121184 0.121139 0.120910 0.121145 0.120813 0.120348 0.119217 0.120020 0.118703 0.000000 0.000000
0.000000 0.000000 0.109302 0.108128 0.107134 0.107120 0.107041 0.108008 0.107826 0.108115 0.107628 0.107723 0.107803 0.107639 0.106840 0.106900 0.106953 0.107699 0.108857 0.000000 0.000000
0.000000 0.000000 0.300000 0.300000 0.300000 0.300000 0.300000 0.300000 0.300000 0.300000 0.300000 0.300000 0.300000 0.300000 0.300000 0.300000 0.300000 0.300000 0.300000 0.000000 0.000000
0.000000 0.000000 0.000000 0.000000 0.000000 0.000000 0.000000 0.000000 0.000000 0.000000 0.000000 0.000000 0.000000 0.000000 0.000000 0.000000 0.000000 0.000000 0.000000 0.000000 0.000000