geotop/1.0zi/1.0Montebello/Templates/testdem/maps/_Eocclay6866.asc
ncols         21
nrows         20
xllcorner     100.000000
yllcorner     100.000000
cellsize      50.000000
NODATA_value  -9999.0
0.000000 0.000000 0.000000 0.000000 0.000000 0.000000 0.000000 0.000000 0.000000 0.000000 0.000000 0.000000 0.000000 0.000000 0.000000 0.000000 0.000000 0.000000 0.000000 0.000000 0.000000
0.000000 0.000000 0.349693 0.349694 0.349694 0.349693 0.349695 0.349695 0.349694 0.349694 0.349693 0.349695 0.349694 0.349694 0.349695 0.349695 0.349693 0.349693 0.349694 0.000000 0.000000
0.000000 0.000000 0.349988 0.349987 0.349988 0.349988 0.349987 0.349987 0.349987 0.349987 0.349987 0.349986 0.349987 0.349986 0.349987 0.349987 0.349988 0.349988 0.349986 0.000000 0.000000
0.000000 0.000000 0.349977 0.349982 0.349979 0.349979 0.349980 0.349980 0.349982 0.349978 0.349983 0.349981 0.349981 0.349980 0.349979 0.349981 0.349979 0.349981 0.349981 0.000000 0.000000
0.000000 0.000000 0.350677 0.350675 0.350672 0.350669 0.350657 0.350655 0.350654 0.350656 0.350654 0.350655 0.350651 0.350653 0.350661 0.350661 0.350666 0.350667 0.350674 0.000000 0.000000
0.000000 0.000000 0.352775 0.352774 0.352765 0.352740 0.352731 0.352711 0.352712 0.352706 0.352710 0.352710 0.352712 0.352713 0.352720 0.352736 0.352747 0.352759 0.352766 0.000000 0.000000
0.000000 0.000000 0.355805 0.355802 0.355795 0.355776 0.355751 0.355720 0.355719 0.355714 0.355716 0.355717 0.355717 0.355717 0.355743 0.355768 0.355780 0.355790 0.355799 0.000000 0.000000
0.000000 0.000000 0.359422 0.359421 0.359414 0.359390 0.359365 0.359332 0.359332 0.359328 0.359328 0.359327 0.359325 0.359331 0.359358 0.359380 0.359400 0.359407 0.359419 0.000000 0.000000
0.000000 0.000000 0.363171 0.363167 0.363155 0.363141 0.363116 0.363082 0.363085 0.363077 0.363075 0.363074 0.363074 0.363073 0.363106 0.363134 0.363149 0.363155 0.363165 0.000000 0.000000
0.000000 0.000000 0.367039 0.367032 0.367027 0.367013 0.366977 0.366946 0.366948 0.366943 0.366939 0.366942 0.366947 0.366944 0.366971 0.367003 0.367021 0.367026 0.367034 0.000000 0.000000
0.000000 0.000000 0.371133 0.371128 0.371121 0.371094 0.371069 0.371034 0.371041 0.371022 0.371025 0.371026 0.371019 0.371031 0.371053 0.371074 0.371096 0.371107 0.371124 0.000000 0.000000
0.000000 0.000000 0.375522 0.375511 0.375499 0.375478 0.375454 0.375411 0.375411 0.375402 0.375413 0.375400 0.375403 0.375406 0.375447 0.375468 0.375484 0.375491 0.375533 0.000000 0.000000
0.000000 0.000000 0.380131 0.380120 0.380113 0.380090 0.380068 0.379970 0.379969 0.379961 0.379939 0.379951 0.379958 0.379966 0.380040 0.380062 0.380098 0.380101 0.380128 0.000000 0.000000
0.000000 0.000000 0.385289 0.385283 0.385265 0.385247 0.385141 0.385128 0.385105 0.385104 0.385104 0.385103 0.385101 0.385097 0.385101 0.385214 0.385239 0.385268 0.385298 0.000000 0.000000
0.000000 0.000000 0.391134 0.391125 0.391100 0.390978 0.390959 0.390900 0.390862 0.390855 0.390835 0.390821 0.390834 0.390828 0.390882 0.390914 0.391079 0.391061 0.391076 0.000000 0.000000
0.000000 0.000000 0.397462 0.397453 0.397284 0.397283 0.397276 0.397244 0.397292 0.397270 0.397294 0.397277 0.397255 0.397293 0.397310 0.397322 0.397266 0.397488 0.397490 0.000000 0.000000
0.000000 0.000000 0.405064 0.404814 0.404785 0.404711 0.404587 0.404543 0.404505 0.404510 0.404449 0.404450 0.404480 0.404457 0.404519 0.404614 0.404773 0.404748 0.405005 0.000000 0.000000
0.000000 0.000000 0.409748 0.409861 0.410100 0.410061 0.410015 0.409789 0.409796 0.409740 0.409804 0.409788 0.409792 0.409807 0.410009 0.410046 0.410141 0.409911 0.409812 0.000000 0.000000
0.000000 0.000000 0.350000 0.350000 0.350000 0.350000 0.350000 0.350000 0.350000 0.350000 0.350000 0.350000 0.350000 0.350000 0.350000 0.350000 0.350000 0.350000 0.350000 0.000000 0.000000
0.000000 0.000000 0.000000 0.000000 0.000000 0.000000 0.000000 0.000000 0.000000 0.000000 0.000000 0.000000 0.000000 0.000000 0.000000 0.000000 0.000000 0.000000 0.000000 0.000000 0.000000