geotop/1.0zi/1.0Montebello/Templates/testdem/maps/_Eocclay8671.asc
ncols         21
nrows         20
xllcorner     100.000000
yllcorner     100.000000
cellsize      50.000000
NODATA_value  -9999.0
0.000000 0.000000 0.000000 0.000000 0.000000 0.000000 0.000000 0.000000 0.000000 0.000000 0.000000 0.000000 0.000000 0.000000 0.000000 0.000000 0.000000 0.000000 0.000000 0.000000 0.000000
0.000000 0.000000 0.349600 0.349601 0.349601 0.349600 0.349602 0.349602 0.349602 0.349602 0.349601 0.349602 0.349602 0.349602 0.349602 0.349602 0.349600 0.349600 0.349601 0.000000 0.000000
0.000000 0.000000 0.349983 0.349982 0.349982 0.349984 0.349981 0.349981 0.349981 0.349981 0.349981 0.349981 0.349981 0.349981 0.349982 0.349982 0.349983 0.349982 0.349981 0.000000 0.000000
0.000000 0.000000 0.350006 0.350011 0.350008 0.350003 0.350007 0.350006 0.350008 0.350005 0.350008 0.350006 0.350006 0.350005 0.350007 0.350009 0.350007 0.350011 0.350008 0.000000 0.000000
0.000000 0.000000 0.351086 0.351079 0.351076 0.351070 0.351053 0.351051 0.351048 0.351049 0.351047 0.351049 0.351047 0.351050 0.351059 0.351061 0.351071 0.351073 0.351083 0.000000 0.000000
0.000000 0.000000 0.354263 0.354260 0.354242 0.354210 0.354192 0.354168 0.354170 0.354163 0.354168 0.354168 0.354173 0.354172 0.354184 0.354206 0.354222 0.354235 0.354241 0.000000 0.000000
0.000000 0.000000 0.358584 0.358577 0.358567 0.358539 0.358504 0.358463 0.358463 0.358458 0.358459 0.358461 0.358461 0.358462 0.358498 0.358530 0.358547 0.358560 0.358568 0.000000 0.000000
0.000000 0.000000 0.363706 0.363700 0.363691 0.363656 0.363623 0.363579 0.363578 0.363573 0.363573 0.363571 0.363568 0.363578 0.363616 0.363644 0.363672 0.363681 0.363695 0.000000 0.000000
0.000000 0.000000 0.369204 0.369193 0.369177 0.369154 0.369116 0.369071 0.369075 0.369065 0.369062 0.369061 0.369062 0.369061 0.369107 0.369144 0.369166 0.369176 0.369188 0.000000 0.000000
0.000000 0.000000 0.375107 0.375093 0.375084 0.375060 0.375005 0.374965 0.374965 0.374960 0.374953 0.374958 0.374965 0.374962 0.375002 0.375046 0.375073 0.375082 0.375090 0.000000 0.000000
0.000000 0.000000 0.381633 0.381624 0.381613 0.381561 0.381525 0.381472 0.381486 0.381455 0.381462 0.381459 0.381450 0.381468 0.381507 0.381533 0.381570 0.381588 0.381613 0.000000 0.000000
0.000000 0.000000 0.388985 0.388961 0.388937 0.388907 0.388859 0.388798 0.388791 0.388787 0.388802 0.388778 0.388788 0.388789 0.388859 0.388897 0.388919 0.388933 0.388992 0.000000 0.000000
0.000000 0.000000 0.397063 0.397038 0.397035 0.396980 0.396942 0.396761 0.396758 0.396750 0.396698 0.396730 0.396738 0.396754 0.396897 0.396931 0.397003 0.397007 0.397035 0.000000 0.000000
0.000000 0.000000 0.406740 0.406732 0.406690 0.406654 0.406408 0.406449 0.406400 0.406402 0.406424 0.406403 0.406399 0.406381 0.406347 0.406605 0.406636 0.406703 0.406748 0.000000 0.000000
0.000000 0.000000 0.418297 0.418268 0.418217 0.417893 0.417947 0.417787 0.417720 0.417705 0.417647 0.417614 0.417651 0.417645 0.417807 0.417767 0.418191 0.418115 0.418117 0.000000 0.000000
0.000000 0.000000 0.430859 0.430835 0.430373 0.430534 0.430484 0.430467 0.430652 0.430599 0.430700 0.430673 0.430594 0.430708 0.430698 0.430733 0.430335 0.431020 0.431010 0.000000 0.000000
0.000000 0.000000 0.446036 0.445343 0.445546 0.445255 0.444908 0.444808 0.444594 0.444646 0.444427 0.444453 0.444582 0.444448 0.444633 0.444888 0.445526 0.445058 0.445779 0.000000 0.000000
0.000000 0.000000 0.450371 0.451021 0.451547 0.451557 0.451606 0.451089 0.451193 0.451037 0.451306 0.451254 0.451207 0.451300 0.451728 0.451692 0.451649 0.451260 0.450618 0.000000 0.000000
0.000000 0.000000 0.350000 0.350000 0.350000 0.350000 0.350000 0.350000 0.350000 0.350000 0.350000 0.350000 0.350000 0.350000 0.350000 0.350000 0.350000 0.350000 0.350000 0.000000 0.000000
0.000000 0.000000 0.000000 0.000000 0.000000 0.000000 0.000000 0.000000 0.000000 0.000000 0.000000 0.000000 0.000000 0.000000 0.000000 0.000000 0.000000 0.000000 0.000000 0.000000 0.000000