geotop/1.0zi/1.0Montebello/Templates/testdem/maps/_Eocsand0789.asc
ncols         21
nrows         20
xllcorner     100.000000
yllcorner     100.000000
cellsize      50.000000
NODATA_value  -9999.0
0.000000 0.000000 0.000000 0.000000 0.000000 0.000000 0.000000 0.000000 0.000000 0.000000 0.000000 0.000000 0.000000 0.000000 0.000000 0.000000 0.000000 0.000000 0.000000 0.000000 0.000000
0.000000 0.000000 0.300029 0.300029 0.300029 0.300029 0.300029 0.300029 0.300029 0.300029 0.300029 0.300029 0.300029 0.300029 0.300029 0.300029 0.300029 0.300029 0.300029 0.000000 0.000000
0.000000 0.000000 0.300005 0.300005 0.300006 0.300005 0.300005 0.300005 0.300005 0.300005 0.300005 0.300005 0.300005 0.300005 0.300005 0.300005 0.300006 0.300005 0.300005 0.000000 0.000000
0.000000 0.000000 0.299351 0.299352 0.299356 0.299354 0.299351 0.299351 0.299351 0.299351 0.299351 0.299351 0.299351 0.299351 0.299351 0.299354 0.299356 0.299352 0.299351 0.000000 0.000000
0.000000 0.000000 0.297056 0.297059 0.297062 0.297063 0.297056 0.297057 0.297057 0.297056 0.297056 0.297056 0.297057 0.297057 0.297056 0.297063 0.297062 0.297059 0.297056 0.000000 0.000000
0.000000 0.000000 0.294453 0.294455 0.294458 0.294458 0.294453 0.294454 0.294454 0.294453 0.294453 0.294453 0.294454 0.294454 0.294453 0.294458 0.294458 0.294455 0.294453 0.000000 0.000000
0.000000 0.000000 0.291998 0.291999 0.292002 0.292002 0.291998 0.291998 0.291998 0.291998 0.291998 0.291998 0.291998 0.291998 0.291998 0.292002 0.292002 0.291999 0.291998 0.000000 0.000000
0.000000 0.000000 0.289715 0.289716 0.289719 0.289718 0.289715 0.289715 0.289715 0.289715 0.289715 0.289715 0.289715 0.289715 0.289715 0.289718 0.289719 0.289716 0.289715 0.000000 0.000000
0.000000 0.000000 0.287558 0.287559 0.287561 0.287561 0.287558 0.287558 0.287558 0.287558 0.287558 0.287558 0.287558 0.287558 0.287558 0.287561 0.287561 0.287559 0.287558 0.000000 0.000000
0.000000 0.000000 0.285480 0.285481 0.285484 0.285483 0.285480 0.285480 0.285481 0.285480 0.285480 0.285480 0.285481 0.285480 0.285480 0.285483 0.285484 0.285481 0.285480 0.000000 0.000000
0.000000 0.000000 0.283463 0.283464 0.283467 0.283466 0.283463 0.283463 0.283463 0.283463 0.283463 0.283463 0.283463 0.283463 0.283463 0.283466 0.283467 0.283464 0.283463 0.000000 0.000000
0.000000 0.000000 0.281486 0.281487 0.281489 0.281489 0.281486 0.281486 0.281486 0.281486 0.281486 0.281486 0.281486 0.281486 0.281486 0.281489 0.281489 0.281487 0.281486 0.000000 0.000000
0.000000 0.000000 0.279543 0.279543 0.279546 0.279546 0.279543 0.279543 0.279543 0.279543 0.279543 0.279543 0.279543 0.279543 0.279543 0.279546 0.279546 0.279543 0.279543 0.000000 0.000000
0.000000 0.000000 0.277627 0.277628 0.277630 0.277630 0.277627 0.277627 0.277627 0.277627 0.277627 0.277627 0.277627 0.277627 0.277627 0.277630 0.277630 0.277628 0.277627 0.000000 0.000000
0.000000 0.000000 0.275729 0.275730 0.275732 0.275732 0.275729 0.275729 0.275729 0.275729 0.275729 0.275729 0.275729 0.275729 0.275729 0.275732 0.275732 0.275730 0.275729 0.000000 0.000000
0.000000 0.000000 0.273843 0.273844 0.273846 0.273846 0.273843 0.273843 0.273843 0.273843 0.273843 0.273843 0.273843 0.273843 0.273843 0.273846 0.273846 0.273844 0.273843 0.000000 0.000000
0.000000 0.000000 0.271973 0.271974 0.271976 0.271976 0.271973 0.271973 0.271973 0.271973 0.271973 0.271973 0.271973 0.271973 0.271973 0.271976 0.271976 0.271974 0.271973 0.000000 0.000000
0.000000 0.000000 0.270081 0.270081 0.270084 0.270083 0.270081 0.270081 0.270081 0.270080 0.270080 0.270080 0.270081 0.270081 0.270081 0.270083 0.270084 0.270081 0.270080 0.000000 0.000000
0.000000 0.000000 0.300000 0.300000 0.300000 0.300000 0.300000 0.300000 0.300000 0.300000 0.300000 0.300000 0.300000 0.300000 0.300000 0.300000 0.300000 0.300000 0.300000 0.000000 0.000000
0.000000 0.000000 0.000000 0.000000 0.000000 0.000000 0.000000 0.000000 0.000000 0.000000 0.000000 0.000000 0.000000 0.000000 0.000000 0.000000 0.000000 0.000000 0.000000 0.000000 0.000000