geotop/1.0zi/1.0Montebello/Templates/testdem/maps/_Eocsilt1091.asc
ncols         21
nrows         20
xllcorner     100.000000
yllcorner     100.000000
cellsize      50.000000
NODATA_value  -9999.0
0.000000 0.000000 0.000000 0.000000 0.000000 0.000000 0.000000 0.000000 0.000000 0.000000 0.000000 0.000000 0.000000 0.000000 0.000000 0.000000 0.000000 0.000000 0.000000 0.000000 0.000000
0.000000 0.000000 0.350019 0.350019 0.350019 0.350019 0.350019 0.350019 0.350019 0.350019 0.350019 0.350019 0.350019 0.350019 0.350019 0.350019 0.350019 0.350019 0.350019 0.000000 0.000000
0.000000 0.000000 0.350001 0.350001 0.350001 0.350001 0.350001 0.350001 0.350001 0.350001 0.350001 0.350001 0.350001 0.350001 0.350001 0.350001 0.350001 0.350001 0.350001 0.000000 0.000000
0.000000 0.000000 0.350462 0.350462 0.350459 0.350460 0.350462 0.350462 0.350462 0.350462 0.350462 0.350462 0.350462 0.350462 0.350462 0.350460 0.350459 0.350462 0.350462 0.000000 0.000000
0.000000 0.000000 0.352002 0.352001 0.351999 0.351999 0.352002 0.352001 0.352001 0.352002 0.352002 0.352002 0.352001 0.352001 0.352002 0.351999 0.351999 0.352001 0.352002 0.000000 0.000000
0.000000 0.000000 0.353872 0.353872 0.353870 0.353870 0.353873 0.353872 0.353872 0.353873 0.353873 0.353873 0.353872 0.353872 0.353873 0.353870 0.353870 0.353872 0.353872 0.000000 0.000000
0.000000 0.000000 0.355588 0.355587 0.355585 0.355586 0.355588 0.355587 0.355587 0.355588 0.355588 0.355588 0.355587 0.355587 0.355588 0.355586 0.355585 0.355587 0.355588 0.000000 0.000000
0.000000 0.000000 0.357162 0.357161 0.357160 0.357160 0.357162 0.357162 0.357162 0.357162 0.357162 0.357162 0.357162 0.357162 0.357162 0.357160 0.357160 0.357161 0.357162 0.000000 0.000000
0.000000 0.000000 0.358637 0.358637 0.358635 0.358635 0.358637 0.358637 0.358637 0.358637 0.358637 0.358637 0.358637 0.358637 0.358637 0.358635 0.358635 0.358637 0.358637 0.000000 0.000000
0.000000 0.000000 0.360051 0.360051 0.360049 0.360050 0.360051 0.360051 0.360051 0.360051 0.360051 0.360051 0.360051 0.360051 0.360051 0.360050 0.360049 0.360051 0.360051 0.000000 0.000000
0.000000 0.000000 0.361418 0.361418 0.361417 0.361417 0.361419 0.361418 0.361418 0.361419 0.361419 0.361419 0.361418 0.361418 0.361419 0.361417 0.361417 0.361418 0.361418 0.000000 0.000000
0.000000 0.000000 0.362754 0.362754 0.362752 0.362753 0.362754 0.362754 0.362754 0.362754 0.362754 0.362754 0.362754 0.362754 0.362754 0.362753 0.362752 0.362754 0.362754 0.000000 0.000000
0.000000 0.000000 0.364068 0.364067 0.364066 0.364066 0.364068 0.364067 0.364067 0.364068 0.364068 0.364068 0.364067 0.364067 0.364068 0.364066 0.364066 0.364067 0.364068 0.000000 0.000000
0.000000 0.000000 0.365358 0.365358 0.365356 0.365357 0.365358 0.365358 0.365358 0.365358 0.365358 0.365358 0.365358 0.365358 0.365358 0.365357 0.365356 0.365358 0.365358 0.000000 0.000000
0.000000 0.000000 0.366635 0.366635 0.366633 0.366634 0.366635 0.366635 0.366635 0.366635 0.366635 0.366635 0.366635 0.366635 0.366635 0.366634 0.366633 0.366635 0.366635 0.000000 0.000000
0.000000 0.000000 0.367904 0.367904 0.367902 0.367903 0.367904 0.367904 0.367904 0.367904 0.367904 0.367904 0.367904 0.367904 0.367904 0.367903 0.367902 0.367904 0.367904 0.000000 0.000000
0.000000 0.000000 0.369160 0.369159 0.369158 0.369158 0.369160 0.369159 0.369159 0.369160 0.369160 0.369160 0.369159 0.369159 0.369160 0.369158 0.369158 0.369159 0.369160 0.000000 0.000000
0.000000 0.000000 0.370441 0.370441 0.370439 0.370440 0.370441 0.370441 0.370441 0.370441 0.370441 0.370441 0.370441 0.370441 0.370441 0.370440 0.370439 0.370441 0.370441 0.000000 0.000000
0.000000 0.000000 0.350000 0.350000 0.350000 0.350000 0.350000 0.350000 0.350000 0.350000 0.350000 0.350000 0.350000 0.350000 0.350000 0.350000 0.350000 0.350000 0.350000 0.000000 0.000000
0.000000 0.000000 0.000000 0.000000 0.000000 0.000000 0.000000 0.000000 0.000000 0.000000 0.000000 0.000000 0.000000 0.000000 0.000000 0.000000 0.000000 0.000000 0.000000 0.000000 0.000000