geotop/1.0zi/1.0Montebello/Templates/testdem/maps/_Eocsand2837.asc
ncols         21
nrows         20
xllcorner     100.000000
yllcorner     100.000000
cellsize      50.000000
NODATA_value  -9999.0
0.000000 0.000000 0.000000 0.000000 0.000000 0.000000 0.000000 0.000000 0.000000 0.000000 0.000000 0.000000 0.000000 0.000000 0.000000 0.000000 0.000000 0.000000 0.000000 0.000000 0.000000
0.000000 0.000000 0.300083 0.300083 0.300083 0.300083 0.300083 0.300083 0.300083 0.300083 0.300085 0.300083 0.300083 0.300083 0.300083 0.300083 0.300083 0.300083 0.300083 0.000000 0.000000
0.000000 0.000000 0.300009 0.300010 0.300010 0.300009 0.300010 0.300009 0.300010 0.300010 0.300008 0.300010 0.300010 0.300009 0.300010 0.300009 0.300010 0.300010 0.300009 0.000000 0.000000
0.000000 0.000000 0.297999 0.297999 0.298004 0.298002 0.297998 0.297999 0.297999 0.297998 0.297998 0.297998 0.297999 0.297999 0.297998 0.298002 0.298004 0.297999 0.297999 0.000000 0.000000
0.000000 0.000000 0.289864 0.289865 0.289869 0.289868 0.289862 0.289864 0.289864 0.289861 0.289861 0.289861 0.289864 0.289864 0.289862 0.289868 0.289869 0.289865 0.289864 0.000000 0.000000
0.000000 0.000000 0.280117 0.280118 0.280121 0.280121 0.280116 0.280117 0.280117 0.280115 0.280115 0.280115 0.280117 0.280117 0.280116 0.280121 0.280121 0.280118 0.280117 0.000000 0.000000
0.000000 0.000000 0.271083 0.271084 0.271086 0.271086 0.271082 0.271083 0.271083 0.271082 0.271081 0.271082 0.271083 0.271083 0.271082 0.271086 0.271086 0.271084 0.271083 0.000000 0.000000
0.000000 0.000000 0.262855 0.262856 0.262858 0.262858 0.262854 0.262856 0.262856 0.262854 0.262853 0.262854 0.262856 0.262856 0.262854 0.262858 0.262858 0.262856 0.262855 0.000000 0.000000
0.000000 0.000000 0.255223 0.255223 0.255226 0.255225 0.255222 0.255223 0.255223 0.255221 0.255221 0.255221 0.255223 0.255223 0.255222 0.255225 0.255226 0.255223 0.255223 0.000000 0.000000
0.000000 0.000000 0.248005 0.248006 0.248008 0.248007 0.248004 0.248005 0.248005 0.248004 0.248003 0.248004 0.248005 0.248005 0.248004 0.248007 0.248008 0.248006 0.248005 0.000000 0.000000
0.000000 0.000000 0.241117 0.241118 0.241120 0.241119 0.241117 0.241118 0.241117 0.241116 0.241116 0.241116 0.241117 0.241118 0.241117 0.241119 0.241120 0.241118 0.241117 0.000000 0.000000
0.000000 0.000000 0.234491 0.234492 0.234494 0.234493 0.234491 0.234492 0.234492 0.234490 0.234490 0.234490 0.234492 0.234492 0.234491 0.234493 0.234494 0.234492 0.234491 0.000000 0.000000
0.000000 0.000000 0.228078 0.228078 0.228081 0.228080 0.228077 0.228078 0.228078 0.228077 0.228076 0.228077 0.228078 0.228078 0.228077 0.228080 0.228081 0.228078 0.228078 0.000000 0.000000
0.000000 0.000000 0.221833 0.221834 0.221836 0.221835 0.221833 0.221834 0.221834 0.221833 0.221832 0.221833 0.221834 0.221834 0.221833 0.221835 0.221836 0.221834 0.221833 0.000000 0.000000
0.000000 0.000000 0.215741 0.215741 0.215744 0.215743 0.215740 0.215741 0.215741 0.215740 0.215739 0.215740 0.215741 0.215741 0.215740 0.215743 0.215744 0.215741 0.215741 0.000000 0.000000
0.000000 0.000000 0.209789 0.209789 0.209791 0.209790 0.209788 0.209789 0.209789 0.209788 0.209787 0.209788 0.209789 0.209789 0.209788 0.209790 0.209791 0.209789 0.209789 0.000000 0.000000
0.000000 0.000000 0.203967 0.203968 0.203970 0.203969 0.203967 0.203968 0.203968 0.203967 0.203966 0.203967 0.203968 0.203968 0.203967 0.203969 0.203970 0.203968 0.203967 0.000000 0.000000
0.000000 0.000000 0.198174 0.198173 0.198175 0.198175 0.198172 0.198173 0.198173 0.198172 0.198172 0.198172 0.198173 0.198173 0.198172 0.198175 0.198175 0.198173 0.198173 0.000000 0.000000
0.000000 0.000000 0.300000 0.300000 0.300000 0.300000 0.300000 0.300000 0.300000 0.300000 0.300000 0.300000 0.300000 0.300000 0.300000 0.300000 0.300000 0.300000 0.300000 0.000000 0.000000
0.000000 0.000000 0.000000 0.000000 0.000000 0.000000 0.000000 0.000000 0.000000 0.000000 0.000000 0.000000 0.000000 0.000000 0.000000 0.000000 0.000000 0.000000 0.000000 0.000000 0.000000