geotop/1.0zi/1.0Montebello/Templates/testdem/maps/_Eocsilt3219.asc
ncols         21
nrows         20
xllcorner     100.000000
yllcorner     100.000000
cellsize      50.000000
NODATA_value  -9999.0
0.000000 0.000000 0.000000 0.000000 0.000000 0.000000 0.000000 0.000000 0.000000 0.000000 0.000000 0.000000 0.000000 0.000000 0.000000 0.000000 0.000000 0.000000 0.000000 0.000000 0.000000
0.000000 0.000000 0.350088 0.350088 0.350088 0.350088 0.350088 0.350088 0.350088 0.350088 0.350088 0.350088 0.350088 0.350088 0.350088 0.350088 0.350088 0.350088 0.350088 0.000000 0.000000
0.000000 0.000000 0.349994 0.349994 0.349994 0.349994 0.349994 0.349994 0.349994 0.349994 0.349995 0.349994 0.349994 0.349994 0.349994 0.349994 0.349994 0.349994 0.349994 0.000000 0.000000
0.000000 0.000000 0.351307 0.351306 0.351304 0.351305 0.351307 0.351307 0.351307 0.351307 0.351308 0.351307 0.351307 0.351307 0.351307 0.351305 0.351304 0.351306 0.351307 0.000000 0.000000
0.000000 0.000000 0.355922 0.355921 0.355919 0.355919 0.355922 0.355921 0.355921 0.355922 0.355923 0.355922 0.355921 0.355921 0.355922 0.355919 0.355919 0.355921 0.355922 0.000000 0.000000
0.000000 0.000000 0.361537 0.361536 0.361534 0.361534 0.361537 0.361536 0.361536 0.361537 0.361538 0.361537 0.361536 0.361536 0.361537 0.361534 0.361534 0.361536 0.361537 0.000000 0.000000
0.000000 0.000000 0.366619 0.366618 0.366617 0.366617 0.366619 0.366618 0.366618 0.366619 0.366620 0.366619 0.366618 0.366618 0.366619 0.366617 0.366617 0.366618 0.366619 0.000000 0.000000
0.000000 0.000000 0.371214 0.371214 0.371212 0.371213 0.371214 0.371214 0.371214 0.371214 0.371215 0.371214 0.371214 0.371214 0.371214 0.371213 0.371212 0.371214 0.371214 0.000000 0.000000
0.000000 0.000000 0.375458 0.375458 0.375456 0.375457 0.375458 0.375458 0.375458 0.375458 0.375459 0.375458 0.375458 0.375458 0.375458 0.375457 0.375456 0.375458 0.375458 0.000000 0.000000
0.000000 0.000000 0.379452 0.379452 0.379451 0.379451 0.379452 0.379452 0.379452 0.379453 0.379453 0.379453 0.379452 0.379452 0.379452 0.379451 0.379451 0.379452 0.379452 0.000000 0.000000
0.000000 0.000000 0.383247 0.383246 0.383245 0.383245 0.383247 0.383246 0.383246 0.383247 0.383247 0.383247 0.383246 0.383246 0.383247 0.383245 0.383245 0.383246 0.383247 0.000000 0.000000
0.000000 0.000000 0.386877 0.386877 0.386876 0.386876 0.386877 0.386877 0.386877 0.386878 0.386878 0.386878 0.386877 0.386877 0.386877 0.386876 0.386876 0.386877 0.386877 0.000000 0.000000
0.000000 0.000000 0.390371 0.390370 0.390369 0.390369 0.390371 0.390370 0.390370 0.390371 0.390371 0.390371 0.390370 0.390370 0.390371 0.390369 0.390369 0.390370 0.390371 0.000000 0.000000
0.000000 0.000000 0.393756 0.393756 0.393755 0.393755 0.393756 0.393756 0.393756 0.393756 0.393757 0.393756 0.393756 0.393756 0.393756 0.393755 0.393755 0.393756 0.393756 0.000000 0.000000
0.000000 0.000000 0.397041 0.397041 0.397040 0.397040 0.397041 0.397041 0.397041 0.397041 0.397042 0.397041 0.397041 0.397041 0.397041 0.397040 0.397040 0.397041 0.397041 0.000000 0.000000
0.000000 0.000000 0.400232 0.400232 0.400231 0.400231 0.400232 0.400232 0.400232 0.400232 0.400233 0.400232 0.400232 0.400232 0.400232 0.400231 0.400231 0.400232 0.400232 0.000000 0.000000
0.000000 0.000000 0.403339 0.403338 0.403337 0.403338 0.403339 0.403338 0.403338 0.403339 0.403339 0.403339 0.403338 0.403338 0.403339 0.403338 0.403337 0.403338 0.403339 0.000000 0.000000
0.000000 0.000000 0.406422 0.406423 0.406422 0.406422 0.406423 0.406423 0.406423 0.406423 0.406423 0.406423 0.406423 0.406423 0.406423 0.406422 0.406422 0.406423 0.406423 0.000000 0.000000
0.000000 0.000000 0.350000 0.350000 0.350000 0.350000 0.350000 0.350000 0.350000 0.350000 0.350000 0.350000 0.350000 0.350000 0.350000 0.350000 0.350000 0.350000 0.350000 0.000000 0.000000
0.000000 0.000000 0.000000 0.000000 0.000000 0.000000 0.000000 0.000000 0.000000 0.000000 0.000000 0.000000 0.000000 0.000000 0.000000 0.000000 0.000000 0.000000 0.000000 0.000000 0.000000