geotop/1.0zi/1.0Montebello/Templates/testdem/maps/_Eocsilt3705.asc
ncols         21
nrows         20
xllcorner     100.000000
yllcorner     100.000000
cellsize      50.000000
NODATA_value  -9999.0
0.000000 0.000000 0.000000 0.000000 0.000000 0.000000 0.000000 0.000000 0.000000 0.000000 0.000000 0.000000 0.000000 0.000000 0.000000 0.000000 0.000000 0.000000 0.000000 0.000000 0.000000
0.000000 0.000000 0.350077 0.350077 0.350077 0.350077 0.350076 0.350077 0.350077 0.350077 0.350077 0.350077 0.350077 0.350077 0.350077 0.350077 0.350077 0.350077 0.350077 0.000000 0.000000
0.000000 0.000000 0.350001 0.350002 0.350002 0.350002 0.350003 0.350003 0.350003 0.350003 0.350003 0.350003 0.350003 0.350003 0.350002 0.350002 0.350001 0.350001 0.350001 0.000000 0.000000
0.000000 0.000000 0.350033 0.350031 0.350032 0.350028 0.350029 0.350026 0.350028 0.350029 0.350028 0.350028 0.350028 0.350027 0.350028 0.350031 0.350032 0.350033 0.350032 0.000000 0.000000
0.000000 0.000000 0.350367 0.350371 0.350367 0.350369 0.350367 0.350366 0.350364 0.350361 0.350361 0.350362 0.350364 0.350364 0.350365 0.350364 0.350364 0.350368 0.350369 0.000000 0.000000
0.000000 0.000000 0.351406 0.351409 0.351405 0.351398 0.351393 0.351379 0.351379 0.351374 0.351378 0.351380 0.351381 0.351383 0.351388 0.351391 0.351394 0.351394 0.351395 0.000000 0.000000
0.000000 0.000000 0.352917 0.352920 0.352916 0.352902 0.352886 0.352870 0.352871 0.352867 0.352871 0.352871 0.352873 0.352877 0.352891 0.352902 0.352905 0.352908 0.352914 0.000000 0.000000
0.000000 0.000000 0.354665 0.354664 0.354658 0.354642 0.354623 0.354605 0.354606 0.354603 0.354604 0.354604 0.354606 0.354610 0.354630 0.354644 0.354654 0.354655 0.354659 0.000000 0.000000
0.000000 0.000000 0.356415 0.356412 0.356404 0.356391 0.356374 0.356352 0.356353 0.356350 0.356351 0.356352 0.356353 0.356359 0.356377 0.356392 0.356399 0.356403 0.356410 0.000000 0.000000
0.000000 0.000000 0.358149 0.358146 0.358140 0.358127 0.358106 0.358088 0.358090 0.358087 0.358088 0.358088 0.358090 0.358093 0.358113 0.358129 0.358136 0.358138 0.358143 0.000000 0.000000
0.000000 0.000000 0.359882 0.359880 0.359873 0.359862 0.359846 0.359824 0.359825 0.359821 0.359822 0.359823 0.359824 0.359828 0.359845 0.359857 0.359866 0.359870 0.359876 0.000000 0.000000
0.000000 0.000000 0.361662 0.361658 0.361650 0.361635 0.361618 0.361596 0.361596 0.361593 0.361594 0.361594 0.361597 0.361600 0.361622 0.361636 0.361645 0.361648 0.361668 0.000000 0.000000
0.000000 0.000000 0.363448 0.363444 0.363436 0.363423 0.363404 0.363364 0.363364 0.363361 0.363361 0.363361 0.363363 0.363368 0.363403 0.363420 0.363429 0.363432 0.363445 0.000000 0.000000
0.000000 0.000000 0.365320 0.365313 0.365306 0.365293 0.365252 0.365238 0.365232 0.365229 0.365230 0.365231 0.365232 0.365236 0.365251 0.365287 0.365297 0.365305 0.365313 0.000000 0.000000
0.000000 0.000000 0.367318 0.367312 0.367297 0.367262 0.367238 0.367213 0.367200 0.367196 0.367192 0.367191 0.367197 0.367197 0.367218 0.367246 0.367286 0.367285 0.367292 0.000000 0.000000
0.000000 0.000000 0.369356 0.369350 0.369309 0.369298 0.369280 0.369265 0.369262 0.369261 0.369263 0.369262 0.369261 0.369272 0.369282 0.369295 0.369300 0.369338 0.369348 0.000000 0.000000
0.000000 0.000000 0.371594 0.371548 0.371509 0.371491 0.371459 0.371443 0.371440 0.371438 0.371433 0.371433 0.371437 0.371439 0.371451 0.371482 0.371502 0.371525 0.371571 0.000000 0.000000
0.000000 0.000000 0.373381 0.373365 0.373387 0.373363 0.373333 0.373284 0.373279 0.373274 0.373276 0.373276 0.373277 0.373284 0.373329 0.373357 0.373390 0.373351 0.373374 0.000000 0.000000
0.000000 0.000000 0.350000 0.350000 0.350000 0.350000 0.350000 0.350000 0.350000 0.350000 0.350000 0.350000 0.350000 0.350000 0.350000 0.350000 0.350000 0.350000 0.350000 0.000000 0.000000
0.000000 0.000000 0.000000 0.000000 0.000000 0.000000 0.000000 0.000000 0.000000 0.000000 0.000000 0.000000 0.000000 0.000000 0.000000 0.000000 0.000000 0.000000 0.000000 0.000000 0.000000