geotop/1.0zi/1.0Montebello/Templates/testdem/maps/_Eocsand3253.asc
ncols         21
nrows         20
xllcorner     100.000000
yllcorner     100.000000
cellsize      50.000000
NODATA_value  -9999.0
0.000000 0.000000 0.000000 0.000000 0.000000 0.000000 0.000000 0.000000 0.000000 0.000000 0.000000 0.000000 0.000000 0.000000 0.000000 0.000000 0.000000 0.000000 0.000000 0.000000 0.000000
0.000000 0.000000 0.300089 0.300089 0.300089 0.300089 0.300089 0.300089 0.300089 0.300089 0.300090 0.300089 0.300089 0.300089 0.300089 0.300089 0.300089 0.300089 0.300089 0.000000 0.000000
0.000000 0.000000 0.300011 0.300011 0.300011 0.300011 0.300011 0.300011 0.300011 0.300011 0.300009 0.300011 0.300011 0.300011 0.300011 0.300011 0.300011 0.300011 0.300011 0.000000 0.000000
0.000000 0.000000 0.297432 0.297433 0.297438 0.297436 0.297432 0.297433 0.297433 0.297432 0.297432 0.297432 0.297433 0.297433 0.297432 0.297436 0.297438 0.297433 0.297432 0.000000 0.000000
0.000000 0.000000 0.287799 0.287801 0.287805 0.287804 0.287799 0.287800 0.287800 0.287798 0.287797 0.287798 0.287800 0.287800 0.287799 0.287804 0.287805 0.287801 0.287799 0.000000 0.000000
0.000000 0.000000 0.276625 0.276626 0.276629 0.276629 0.276624 0.276626 0.276626 0.276624 0.276623 0.276624 0.276626 0.276626 0.276624 0.276629 0.276629 0.276626 0.276625 0.000000 0.000000
0.000000 0.000000 0.266334 0.266335 0.266338 0.266338 0.266334 0.266335 0.266335 0.266333 0.266332 0.266333 0.266335 0.266335 0.266334 0.266338 0.266338 0.266335 0.266334 0.000000 0.000000
0.000000 0.000000 0.256994 0.256995 0.256997 0.256997 0.256994 0.256995 0.256995 0.256993 0.256992 0.256993 0.256995 0.256995 0.256994 0.256997 0.256997 0.256995 0.256994 0.000000 0.000000
0.000000 0.000000 0.248358 0.248359 0.248362 0.248361 0.248358 0.248359 0.248359 0.248358 0.248357 0.248358 0.248359 0.248359 0.248358 0.248361 0.248362 0.248359 0.248358 0.000000 0.000000
0.000000 0.000000 0.240224 0.240225 0.240228 0.240227 0.240224 0.240225 0.240225 0.240224 0.240223 0.240224 0.240225 0.240225 0.240224 0.240227 0.240228 0.240225 0.240224 0.000000 0.000000
0.000000 0.000000 0.232491 0.232492 0.232495 0.232494 0.232491 0.232492 0.232492 0.232491 0.232490 0.232491 0.232492 0.232492 0.232491 0.232494 0.232495 0.232492 0.232491 0.000000 0.000000
0.000000 0.000000 0.225087 0.225087 0.225090 0.225089 0.225087 0.225087 0.225087 0.225086 0.225085 0.225086 0.225087 0.225087 0.225087 0.225089 0.225090 0.225087 0.225087 0.000000 0.000000
0.000000 0.000000 0.217957 0.217958 0.217960 0.217959 0.217957 0.217958 0.217958 0.217957 0.217956 0.217957 0.217958 0.217958 0.217957 0.217959 0.217960 0.217958 0.217957 0.000000 0.000000
0.000000 0.000000 0.211042 0.211043 0.211045 0.211044 0.211042 0.211043 0.211043 0.211042 0.211041 0.211042 0.211043 0.211043 0.211042 0.211044 0.211045 0.211043 0.211042 0.000000 0.000000
0.000000 0.000000 0.204328 0.204329 0.204331 0.204330 0.204328 0.204329 0.204328 0.204327 0.204327 0.204327 0.204328 0.204329 0.204328 0.204330 0.204331 0.204329 0.204328 0.000000 0.000000
0.000000 0.000000 0.197801 0.197802 0.197804 0.197803 0.197801 0.197802 0.197802 0.197801 0.197800 0.197801 0.197802 0.197802 0.197801 0.197803 0.197804 0.197802 0.197801 0.000000 0.000000
0.000000 0.000000 0.191442 0.191443 0.191445 0.191444 0.191442 0.191443 0.191443 0.191442 0.191441 0.191442 0.191443 0.191443 0.191442 0.191444 0.191445 0.191443 0.191442 0.000000 0.000000
0.000000 0.000000 0.185130 0.185129 0.185131 0.185131 0.185129 0.185129 0.185129 0.185128 0.185128 0.185128 0.185129 0.185129 0.185129 0.185131 0.185131 0.185129 0.185129 0.000000 0.000000
0.000000 0.000000 0.300000 0.300000 0.300000 0.300000 0.300000 0.300000 0.300000 0.300000 0.300000 0.300000 0.300000 0.300000 0.300000 0.300000 0.300000 0.300000 0.300000 0.000000 0.000000
0.000000 0.000000 0.000000 0.000000 0.000000 0.000000 0.000000 0.000000 0.000000 0.000000 0.000000 0.000000 0.000000 0.000000 0.000000 0.000000 0.000000 0.000000 0.000000 0.000000 0.000000