geotop/1.0zi/1.0Montebello/Templates/testdem/maps/_Eocsand0505.asc
ncols         21
nrows         20
xllcorner     100.000000
yllcorner     100.000000
cellsize      50.000000
NODATA_value  -9999.0
0.000000 0.000000 0.000000 0.000000 0.000000 0.000000 0.000000 0.000000 0.000000 0.000000 0.000000 0.000000 0.000000 0.000000 0.000000 0.000000 0.000000 0.000000 0.000000 0.000000 0.000000
0.000000 0.000000 0.300020 0.300020 0.300020 0.300020 0.300020 0.300020 0.300020 0.300020 0.300020 0.300020 0.300020 0.300020 0.300020 0.300020 0.300020 0.300020 0.300020 0.000000 0.000000
0.000000 0.000000 0.300005 0.300006 0.300006 0.300006 0.300005 0.300005 0.300005 0.300005 0.300005 0.300005 0.300005 0.300005 0.300005 0.300006 0.300006 0.300006 0.300005 0.000000 0.000000
0.000000 0.000000 0.299438 0.299438 0.299442 0.299438 0.299438 0.299438 0.299438 0.299438 0.299438 0.299438 0.299438 0.299438 0.299438 0.299438 0.299442 0.299438 0.299438 0.000000 0.000000
0.000000 0.000000 0.297675 0.297675 0.297679 0.297675 0.297675 0.297675 0.297675 0.297675 0.297675 0.297675 0.297675 0.297675 0.297675 0.297675 0.297679 0.297675 0.297675 0.000000 0.000000
0.000000 0.000000 0.295878 0.295878 0.295881 0.295878 0.295877 0.295877 0.295877 0.295877 0.295877 0.295877 0.295877 0.295877 0.295877 0.295878 0.295881 0.295878 0.295878 0.000000 0.000000
0.000000 0.000000 0.294226 0.294226 0.294229 0.294226 0.294226 0.294226 0.294226 0.294226 0.294226 0.294226 0.294226 0.294226 0.294226 0.294226 0.294229 0.294226 0.294226 0.000000 0.000000
0.000000 0.000000 0.292698 0.292698 0.292701 0.292698 0.292698 0.292698 0.292698 0.292698 0.292698 0.292698 0.292698 0.292698 0.292698 0.292698 0.292701 0.292698 0.292698 0.000000 0.000000
0.000000 0.000000 0.291256 0.291256 0.291259 0.291256 0.291256 0.291256 0.291256 0.291256 0.291256 0.291256 0.291256 0.291256 0.291256 0.291256 0.291259 0.291256 0.291256 0.000000 0.000000
0.000000 0.000000 0.289866 0.289866 0.289869 0.289866 0.289866 0.289866 0.289866 0.289866 0.289866 0.289866 0.289866 0.289866 0.289866 0.289866 0.289869 0.289866 0.289866 0.000000 0.000000
0.000000 0.000000 0.288515 0.288515 0.288518 0.288515 0.288515 0.288515 0.288515 0.288515 0.288515 0.288515 0.288515 0.288515 0.288515 0.288515 0.288518 0.288515 0.288515 0.000000 0.000000
0.000000 0.000000 0.287191 0.287191 0.287194 0.287191 0.287191 0.287191 0.287191 0.287191 0.287191 0.287191 0.287191 0.287191 0.287191 0.287191 0.287194 0.287191 0.287191 0.000000 0.000000
0.000000 0.000000 0.285892 0.285892 0.285894 0.285892 0.285892 0.285892 0.285891 0.285892 0.285892 0.285892 0.285891 0.285892 0.285892 0.285892 0.285894 0.285892 0.285892 0.000000 0.000000
0.000000 0.000000 0.284614 0.284614 0.284616 0.284614 0.284613 0.284613 0.284613 0.284613 0.284613 0.284613 0.284613 0.284613 0.284613 0.284614 0.284616 0.284614 0.284614 0.000000 0.000000
0.000000 0.000000 0.283349 0.283349 0.283351 0.283349 0.283349 0.283348 0.283348 0.283348 0.283348 0.283348 0.283348 0.283348 0.283349 0.283349 0.283351 0.283349 0.283349 0.000000 0.000000
0.000000 0.000000 0.282089 0.282089 0.282091 0.282089 0.282088 0.282088 0.282088 0.282088 0.282088 0.282088 0.282088 0.282088 0.282088 0.282089 0.282091 0.282089 0.282089 0.000000 0.000000
0.000000 0.000000 0.280843 0.280843 0.280846 0.280843 0.280843 0.280843 0.280843 0.280843 0.280843 0.280843 0.280843 0.280843 0.280843 0.280843 0.280846 0.280843 0.280843 0.000000 0.000000
0.000000 0.000000 0.279573 0.279573 0.279575 0.279573 0.279573 0.279572 0.279572 0.279573 0.279573 0.279573 0.279572 0.279572 0.279573 0.279573 0.279575 0.279573 0.279573 0.000000 0.000000
0.000000 0.000000 0.300000 0.300000 0.300000 0.300000 0.300000 0.300000 0.300000 0.300000 0.300000 0.300000 0.300000 0.300000 0.300000 0.300000 0.300000 0.300000 0.300000 0.000000 0.000000
0.000000 0.000000 0.000000 0.000000 0.000000 0.000000 0.000000 0.000000 0.000000 0.000000 0.000000 0.000000 0.000000 0.000000 0.000000 0.000000 0.000000 0.000000 0.000000 0.000000 0.000000