geotop/1.0zi/1.0Montebello/Templates/testdem/maps/_Eocclay5856.asc
ncols         21
nrows         20
xllcorner     100.000000
yllcorner     100.000000
cellsize      50.000000
NODATA_value  -9999.0
0.000000 0.000000 0.000000 0.000000 0.000000 0.000000 0.000000 0.000000 0.000000 0.000000 0.000000 0.000000 0.000000 0.000000 0.000000 0.000000 0.000000 0.000000 0.000000 0.000000 0.000000
0.000000 0.000000 0.349737 0.349737 0.349737 0.349738 0.349738 0.349738 0.349737 0.349738 0.349738 0.349738 0.349738 0.349737 0.349738 0.349738 0.349737 0.349737 0.349737 0.000000 0.000000
0.000000 0.000000 0.349989 0.349990 0.349990 0.349989 0.349989 0.349989 0.349989 0.349989 0.349989 0.349989 0.349989 0.349989 0.349989 0.349989 0.349989 0.349989 0.349989 0.000000 0.000000
0.000000 0.000000 0.349987 0.349989 0.349986 0.349988 0.349989 0.349989 0.349989 0.349987 0.349989 0.349988 0.349988 0.349987 0.349989 0.349991 0.349989 0.349990 0.349989 0.000000 0.000000
0.000000 0.000000 0.350480 0.350479 0.350479 0.350475 0.350464 0.350461 0.350462 0.350464 0.350462 0.350463 0.350458 0.350459 0.350463 0.350461 0.350466 0.350468 0.350473 0.000000 0.000000
0.000000 0.000000 0.352106 0.352107 0.352101 0.352082 0.352075 0.352058 0.352059 0.352054 0.352057 0.352058 0.352061 0.352060 0.352065 0.352078 0.352083 0.352095 0.352099 0.000000 0.000000
0.000000 0.000000 0.354497 0.354496 0.354493 0.354476 0.354456 0.354429 0.354428 0.354424 0.354426 0.354428 0.354429 0.354427 0.354446 0.354468 0.354477 0.354486 0.354493 0.000000 0.000000
0.000000 0.000000 0.357408 0.357408 0.357406 0.357386 0.357366 0.357337 0.357338 0.357335 0.357336 0.357335 0.357333 0.357337 0.357359 0.357376 0.357391 0.357396 0.357405 0.000000 0.000000
0.000000 0.000000 0.360370 0.360367 0.360361 0.360350 0.360330 0.360301 0.360303 0.360298 0.360296 0.360297 0.360297 0.360294 0.360320 0.360340 0.360353 0.360357 0.360365 0.000000 0.000000
0.000000 0.000000 0.363375 0.363369 0.363368 0.363359 0.363330 0.363304 0.363306 0.363303 0.363299 0.363303 0.363306 0.363303 0.363324 0.363347 0.363361 0.363364 0.363370 0.000000 0.000000
0.000000 0.000000 0.366499 0.366496 0.366495 0.366475 0.366455 0.366425 0.366432 0.366418 0.366419 0.366420 0.366416 0.366423 0.366440 0.366455 0.366471 0.366480 0.366492 0.000000 0.000000
0.000000 0.000000 0.369783 0.369776 0.369768 0.369753 0.369736 0.369701 0.369702 0.369695 0.369703 0.369695 0.369696 0.369698 0.369728 0.369743 0.369754 0.369758 0.369791 0.000000 0.000000
0.000000 0.000000 0.373166 0.373160 0.373158 0.373141 0.373125 0.373053 0.373053 0.373048 0.373033 0.373041 0.373046 0.373051 0.373103 0.373116 0.373141 0.373144 0.373167 0.000000 0.000000
0.000000 0.000000 0.376851 0.376847 0.376838 0.376827 0.376757 0.376740 0.376724 0.376724 0.376719 0.376721 0.376721 0.376718 0.376727 0.376796 0.376817 0.376834 0.376857 0.000000 0.000000
0.000000 0.000000 0.380922 0.380916 0.380902 0.380829 0.380807 0.380766 0.380738 0.380734 0.380721 0.380714 0.380722 0.380715 0.380746 0.380779 0.380882 0.380873 0.380887 0.000000 0.000000
0.000000 0.000000 0.385236 0.385231 0.385136 0.385121 0.385116 0.385089 0.385109 0.385098 0.385107 0.385096 0.385085 0.385104 0.385119 0.385128 0.385118 0.385241 0.385243 0.000000 0.000000
0.000000 0.000000 0.390200 0.390070 0.390027 0.389990 0.389927 0.389895 0.389884 0.389883 0.389854 0.389851 0.389863 0.389857 0.389892 0.389939 0.390014 0.390039 0.390172 0.000000 0.000000
0.000000 0.000000 0.393784 0.393794 0.393912 0.393881 0.393833 0.393711 0.393709 0.393682 0.393701 0.393694 0.393701 0.393704 0.393815 0.393849 0.393928 0.393807 0.393804 0.000000 0.000000
0.000000 0.000000 0.350000 0.350000 0.350000 0.350000 0.350000 0.350000 0.350000 0.350000 0.350000 0.350000 0.350000 0.350000 0.350000 0.350000 0.350000 0.350000 0.350000 0.000000 0.000000
0.000000 0.000000 0.000000 0.000000 0.000000 0.000000 0.000000 0.000000 0.000000 0.000000 0.000000 0.000000 0.000000 0.000000 0.000000 0.000000 0.000000 0.000000 0.000000 0.000000 0.000000