geotop/1.0zi/1.0Montebello/Templates/testdem/maps/_Eocclay6176.asc
ncols         21
nrows         20
xllcorner     100.000000
yllcorner     100.000000
cellsize      50.000000
NODATA_value  -9999.0
0.000000 0.000000 0.000000 0.000000 0.000000 0.000000 0.000000 0.000000 0.000000 0.000000 0.000000 0.000000 0.000000 0.000000 0.000000 0.000000 0.000000 0.000000 0.000000 0.000000 0.000000
0.000000 0.000000 0.349728 0.349728 0.349729 0.349728 0.349729 0.349729 0.349729 0.349729 0.349727 0.349729 0.349729 0.349728 0.349729 0.349729 0.349727 0.349727 0.349728 0.000000 0.000000
0.000000 0.000000 0.349989 0.349990 0.349989 0.349990 0.349989 0.349989 0.349989 0.349989 0.349989 0.349988 0.349989 0.349988 0.349989 0.349989 0.349990 0.349990 0.349988 0.000000 0.000000
0.000000 0.000000 0.349982 0.349985 0.349983 0.349983 0.349985 0.349985 0.349986 0.349983 0.349988 0.349985 0.349985 0.349986 0.349985 0.349987 0.349985 0.349987 0.349986 0.000000 0.000000
0.000000 0.000000 0.350507 0.350506 0.350504 0.350502 0.350490 0.350487 0.350487 0.350490 0.350487 0.350486 0.350481 0.350483 0.350490 0.350489 0.350493 0.350495 0.350502 0.000000 0.000000
0.000000 0.000000 0.352209 0.352209 0.352204 0.352182 0.352176 0.352159 0.352159 0.352154 0.352157 0.352158 0.352162 0.352162 0.352165 0.352179 0.352187 0.352198 0.352202 0.000000 0.000000
0.000000 0.000000 0.354775 0.354773 0.354769 0.354751 0.354730 0.354701 0.354701 0.354696 0.354698 0.354700 0.354700 0.354699 0.354721 0.354744 0.354754 0.354762 0.354770 0.000000 0.000000
0.000000 0.000000 0.357877 0.357876 0.357872 0.357852 0.357830 0.357800 0.357800 0.357797 0.357797 0.357796 0.357795 0.357800 0.357823 0.357843 0.357859 0.357865 0.357875 0.000000 0.000000
0.000000 0.000000 0.361060 0.361057 0.361049 0.361037 0.361015 0.360985 0.360987 0.360981 0.360979 0.360980 0.360979 0.360978 0.361006 0.361029 0.361043 0.361047 0.361056 0.000000 0.000000
0.000000 0.000000 0.364304 0.364298 0.364295 0.364286 0.364255 0.364227 0.364228 0.364225 0.364220 0.364224 0.364229 0.364225 0.364249 0.364275 0.364290 0.364293 0.364300 0.000000 0.000000
0.000000 0.000000 0.367693 0.367690 0.367688 0.367665 0.367644 0.367613 0.367619 0.367605 0.367605 0.367606 0.367602 0.367610 0.367630 0.367647 0.367664 0.367674 0.367688 0.000000 0.000000
0.000000 0.000000 0.371276 0.371268 0.371258 0.371242 0.371223 0.371186 0.371187 0.371178 0.371187 0.371177 0.371179 0.371182 0.371216 0.371233 0.371245 0.371251 0.371286 0.000000 0.000000
0.000000 0.000000 0.374986 0.374979 0.374975 0.374956 0.374939 0.374861 0.374861 0.374854 0.374837 0.374847 0.374852 0.374858 0.374917 0.374933 0.374960 0.374963 0.374988 0.000000 0.000000
0.000000 0.000000 0.379056 0.379051 0.379039 0.379027 0.378949 0.378932 0.378914 0.378913 0.378908 0.378910 0.378910 0.378908 0.378917 0.378996 0.379019 0.379039 0.379064 0.000000 0.000000
0.000000 0.000000 0.383581 0.383574 0.383556 0.383473 0.383451 0.383405 0.383375 0.383370 0.383355 0.383346 0.383355 0.383350 0.383387 0.383421 0.383538 0.383528 0.383543 0.000000 0.000000
0.000000 0.000000 0.388409 0.388403 0.388291 0.388277 0.388272 0.388244 0.388269 0.388256 0.388267 0.388255 0.388241 0.388265 0.388282 0.388292 0.388275 0.388419 0.388422 0.000000 0.000000
0.000000 0.000000 0.394026 0.393870 0.393827 0.393783 0.393709 0.393673 0.393656 0.393656 0.393621 0.393617 0.393633 0.393625 0.393669 0.393725 0.393817 0.393834 0.393994 0.000000 0.000000
0.000000 0.000000 0.397952 0.397979 0.398123 0.398089 0.398040 0.397897 0.397895 0.397862 0.397888 0.397879 0.397887 0.397893 0.398024 0.398061 0.398147 0.398000 0.397983 0.000000 0.000000
0.000000 0.000000 0.350000 0.350000 0.350000 0.350000 0.350000 0.350000 0.350000 0.350000 0.350000 0.350000 0.350000 0.350000 0.350000 0.350000 0.350000 0.350000 0.350000 0.000000 0.000000
0.000000 0.000000 0.000000 0.000000 0.000000 0.000000 0.000000 0.000000 0.000000 0.000000 0.000000 0.000000 0.000000 0.000000 0.000000 0.000000 0.000000 0.000000 0.000000 0.000000 0.000000