geotop/1.0zi/1.0Montebello/Templates/testdem/maps/_Eocclay7389.asc
ncols         21
nrows         20
xllcorner     100.000000
yllcorner     100.000000
cellsize      50.000000
NODATA_value  -9999.0
0.000000 0.000000 0.000000 0.000000 0.000000 0.000000 0.000000 0.000000 0.000000 0.000000 0.000000 0.000000 0.000000 0.000000 0.000000 0.000000 0.000000 0.000000 0.000000 0.000000 0.000000
0.000000 0.000000 0.349660 0.349661 0.349662 0.349660 0.349662 0.349662 0.349662 0.349662 0.349660 0.349662 0.349662 0.349661 0.349662 0.349662 0.349660 0.349660 0.349661 0.000000 0.000000
0.000000 0.000000 0.349986 0.349986 0.349986 0.349987 0.349986 0.349985 0.349986 0.349986 0.349985 0.349985 0.349986 0.349985 0.349986 0.349986 0.349987 0.349986 0.349984 0.000000 0.000000
0.000000 0.000000 0.350006 0.350011 0.350007 0.350007 0.350009 0.350006 0.350008 0.350006 0.350009 0.350007 0.350007 0.350005 0.350007 0.350009 0.350008 0.350012 0.350010 0.000000 0.000000
0.000000 0.000000 0.350922 0.350919 0.350915 0.350910 0.350895 0.350893 0.350890 0.350893 0.350890 0.350890 0.350886 0.350890 0.350900 0.350901 0.350909 0.350910 0.350917 0.000000 0.000000
0.000000 0.000000 0.353398 0.353396 0.353386 0.353359 0.353347 0.353324 0.353325 0.353319 0.353322 0.353322 0.353323 0.353325 0.353335 0.353353 0.353367 0.353381 0.353387 0.000000 0.000000
0.000000 0.000000 0.356835 0.356831 0.356824 0.356801 0.356773 0.356738 0.356736 0.356731 0.356732 0.356733 0.356733 0.356734 0.356765 0.356792 0.356807 0.356819 0.356827 0.000000 0.000000
0.000000 0.000000 0.360931 0.360929 0.360921 0.360894 0.360867 0.360829 0.360828 0.360824 0.360823 0.360821 0.360819 0.360827 0.360859 0.360883 0.360906 0.360915 0.360927 0.000000 0.000000
0.000000 0.000000 0.365218 0.365212 0.365199 0.365182 0.365153 0.365115 0.365117 0.365109 0.365106 0.365104 0.365104 0.365104 0.365142 0.365173 0.365191 0.365200 0.365210 0.000000 0.000000
0.000000 0.000000 0.369697 0.369688 0.369682 0.369666 0.369624 0.369589 0.369589 0.369585 0.369579 0.369582 0.369587 0.369585 0.369617 0.369653 0.369675 0.369682 0.369689 0.000000 0.000000
0.000000 0.000000 0.374502 0.374496 0.374489 0.374455 0.374425 0.374385 0.374393 0.374372 0.374374 0.374373 0.374365 0.374380 0.374409 0.374431 0.374458 0.374473 0.374492 0.000000 0.000000
0.000000 0.000000 0.379739 0.379726 0.379710 0.379687 0.379655 0.379605 0.379603 0.379596 0.379607 0.379590 0.379594 0.379598 0.379649 0.379675 0.379694 0.379704 0.379750 0.000000 0.000000
0.000000 0.000000 0.385312 0.385298 0.385291 0.385261 0.385233 0.385111 0.385109 0.385102 0.385070 0.385085 0.385093 0.385104 0.385198 0.385224 0.385271 0.385276 0.385302 0.000000 0.000000
0.000000 0.000000 0.391685 0.391679 0.391656 0.391633 0.391491 0.391487 0.391457 0.391457 0.391460 0.391454 0.391451 0.391446 0.391443 0.391592 0.391622 0.391662 0.391694 0.000000 0.000000
0.000000 0.000000 0.399051 0.399039 0.399008 0.398837 0.398829 0.398746 0.398700 0.398691 0.398662 0.398641 0.398659 0.398654 0.398735 0.398755 0.398984 0.398956 0.398967 0.000000 0.000000
0.000000 0.000000 0.407114 0.407102 0.406860 0.406891 0.406877 0.406839 0.406919 0.406889 0.406928 0.406905 0.406870 0.406930 0.406950 0.406963 0.406837 0.407171 0.407168 0.000000 0.000000
0.000000 0.000000 0.417080 0.416700 0.416715 0.416590 0.416399 0.416341 0.416262 0.416279 0.416176 0.416180 0.416234 0.416188 0.416282 0.416424 0.416700 0.416586 0.416976 0.000000 0.000000
0.000000 0.000000 0.422155 0.422432 0.422790 0.422761 0.422732 0.422397 0.422427 0.422338 0.422461 0.422432 0.422425 0.422463 0.422755 0.422775 0.422854 0.422539 0.422274 0.000000 0.000000
0.000000 0.000000 0.350000 0.350000 0.350000 0.350000 0.350000 0.350000 0.350000 0.350000 0.350000 0.350000 0.350000 0.350000 0.350000 0.350000 0.350000 0.350000 0.350000 0.000000 0.000000
0.000000 0.000000 0.000000 0.000000 0.000000 0.000000 0.000000 0.000000 0.000000 0.000000 0.000000 0.000000 0.000000 0.000000 0.000000 0.000000 0.000000 0.000000 0.000000 0.000000 0.000000