geotop/1.0zi/1.0Montebello/Templates/testdem/maps/_Eocclay6603.asc
ncols         21
nrows         20
xllcorner     100.000000
yllcorner     100.000000
cellsize      50.000000
NODATA_value  -9999.0
0.000000 0.000000 0.000000 0.000000 0.000000 0.000000 0.000000 0.000000 0.000000 0.000000 0.000000 0.000000 0.000000 0.000000 0.000000 0.000000 0.000000 0.000000 0.000000 0.000000 0.000000
0.000000 0.000000 0.349703 0.349705 0.349705 0.349703 0.349705 0.349705 0.349704 0.349705 0.349703 0.349705 0.349705 0.349704 0.349705 0.349705 0.349703 0.349703 0.349704 0.000000 0.000000
0.000000 0.000000 0.349989 0.349988 0.349988 0.349989 0.349988 0.349988 0.349988 0.349988 0.349987 0.349987 0.349988 0.349987 0.349988 0.349988 0.349989 0.349989 0.349987 0.000000 0.000000
0.000000 0.000000 0.349981 0.349985 0.349982 0.349983 0.349984 0.349984 0.349986 0.349982 0.349987 0.349984 0.349985 0.349984 0.349984 0.349986 0.349984 0.349986 0.349985 0.000000 0.000000
0.000000 0.000000 0.350599 0.350598 0.350597 0.350594 0.350581 0.350579 0.350579 0.350582 0.350578 0.350578 0.350575 0.350577 0.350583 0.350582 0.350588 0.350589 0.350596 0.000000 0.000000
0.000000 0.000000 0.352508 0.352508 0.352500 0.352475 0.352467 0.352447 0.352449 0.352443 0.352446 0.352445 0.352448 0.352448 0.352454 0.352469 0.352480 0.352493 0.352499 0.000000 0.000000
0.000000 0.000000 0.355341 0.355339 0.355334 0.355314 0.355290 0.355261 0.355260 0.355255 0.355257 0.355257 0.355258 0.355257 0.355280 0.355305 0.355317 0.355327 0.355335 0.000000 0.000000
0.000000 0.000000 0.358740 0.358739 0.358734 0.358710 0.358687 0.358655 0.358655 0.358652 0.358651 0.358648 0.358647 0.358653 0.358677 0.358698 0.358718 0.358725 0.358737 0.000000 0.000000
0.000000 0.000000 0.362255 0.362251 0.362241 0.362227 0.362203 0.362171 0.362173 0.362166 0.362163 0.362162 0.362162 0.362161 0.362190 0.362217 0.362233 0.362239 0.362249 0.000000 0.000000
0.000000 0.000000 0.365863 0.365856 0.365852 0.365840 0.365805 0.365776 0.365777 0.365773 0.365768 0.365770 0.365776 0.365772 0.365796 0.365827 0.365845 0.365850 0.365857 0.000000 0.000000
0.000000 0.000000 0.369659 0.369655 0.369650 0.369624 0.369601 0.369568 0.369575 0.369557 0.369558 0.369557 0.369553 0.369563 0.369582 0.369602 0.369624 0.369635 0.369651 0.000000 0.000000
0.000000 0.000000 0.373705 0.373696 0.373686 0.373666 0.373643 0.373603 0.373603 0.373595 0.373604 0.373590 0.373593 0.373596 0.373633 0.373652 0.373669 0.373676 0.373715 0.000000 0.000000
0.000000 0.000000 0.377931 0.377921 0.377916 0.377894 0.377873 0.377784 0.377784 0.377776 0.377756 0.377764 0.377771 0.377778 0.377843 0.377864 0.377898 0.377902 0.377928 0.000000 0.000000
0.000000 0.000000 0.382618 0.382613 0.382599 0.382581 0.382487 0.382472 0.382451 0.382450 0.382447 0.382445 0.382446 0.382442 0.382445 0.382545 0.382572 0.382598 0.382626 0.000000 0.000000
0.000000 0.000000 0.387887 0.387880 0.387859 0.387753 0.387730 0.387679 0.387644 0.387638 0.387619 0.387604 0.387618 0.387611 0.387654 0.387689 0.387835 0.387822 0.387837 0.000000 0.000000
0.000000 0.000000 0.393557 0.393549 0.393407 0.393397 0.393391 0.393360 0.393398 0.393379 0.393396 0.393377 0.393362 0.393393 0.393408 0.393419 0.393386 0.393573 0.393575 0.000000 0.000000
0.000000 0.000000 0.400274 0.400069 0.400032 0.399969 0.399867 0.399830 0.399802 0.399804 0.399754 0.399750 0.399776 0.399759 0.399808 0.399886 0.400015 0.400016 0.400227 0.000000 0.000000
0.000000 0.000000 0.404676 0.404744 0.404939 0.404898 0.404848 0.404662 0.404663 0.404618 0.404662 0.404645 0.404654 0.404664 0.404830 0.404870 0.404967 0.404777 0.404722 0.000000 0.000000
0.000000 0.000000 0.350000 0.350000 0.350000 0.350000 0.350000 0.350000 0.350000 0.350000 0.350000 0.350000 0.350000 0.350000 0.350000 0.350000 0.350000 0.350000 0.350000 0.000000 0.000000
0.000000 0.000000 0.000000 0.000000 0.000000 0.000000 0.000000 0.000000 0.000000 0.000000 0.000000 0.000000 0.000000 0.000000 0.000000 0.000000 0.000000 0.000000 0.000000 0.000000 0.000000