geotop/1.0zi/1.0Montebello/Templates/testdem/maps/_Eocsand2681.asc
ncols         21
nrows         20
xllcorner     100.000000
yllcorner     100.000000
cellsize      50.000000
NODATA_value  -9999.0
0.000000 0.000000 0.000000 0.000000 0.000000 0.000000 0.000000 0.000000 0.000000 0.000000 0.000000 0.000000 0.000000 0.000000 0.000000 0.000000 0.000000 0.000000 0.000000 0.000000 0.000000
0.000000 0.000000 0.300079 0.300079 0.300079 0.300079 0.300079 0.300079 0.300079 0.300079 0.300081 0.300079 0.300079 0.300079 0.300079 0.300079 0.300079 0.300079 0.300079 0.000000 0.000000
0.000000 0.000000 0.300012 0.300013 0.300013 0.300012 0.300012 0.300012 0.300012 0.300012 0.300011 0.300012 0.300012 0.300012 0.300012 0.300012 0.300013 0.300013 0.300012 0.000000 0.000000
0.000000 0.000000 0.298277 0.298278 0.298283 0.298280 0.298277 0.298277 0.298278 0.298277 0.298277 0.298277 0.298278 0.298277 0.298277 0.298280 0.298283 0.298278 0.298277 0.000000 0.000000
0.000000 0.000000 0.290931 0.290932 0.290936 0.290935 0.290929 0.290931 0.290931 0.290928 0.290928 0.290928 0.290931 0.290931 0.290929 0.290935 0.290936 0.290932 0.290931 0.000000 0.000000
0.000000 0.000000 0.281945 0.281947 0.281950 0.281949 0.281944 0.281946 0.281946 0.281944 0.281943 0.281944 0.281946 0.281946 0.281944 0.281949 0.281950 0.281947 0.281945 0.000000 0.000000
0.000000 0.000000 0.273563 0.273564 0.273566 0.273566 0.273562 0.273563 0.273563 0.273562 0.273561 0.273562 0.273563 0.273563 0.273562 0.273566 0.273566 0.273564 0.273563 0.000000 0.000000
0.000000 0.000000 0.265898 0.265899 0.265902 0.265901 0.265898 0.265899 0.265899 0.265897 0.265897 0.265897 0.265899 0.265899 0.265898 0.265901 0.265902 0.265899 0.265898 0.000000 0.000000
0.000000 0.000000 0.258767 0.258767 0.258770 0.258769 0.258766 0.258767 0.258767 0.258766 0.258765 0.258766 0.258767 0.258767 0.258766 0.258769 0.258770 0.258767 0.258767 0.000000 0.000000
0.000000 0.000000 0.252005 0.252005 0.252008 0.252007 0.252004 0.252005 0.252005 0.252004 0.252003 0.252004 0.252005 0.252005 0.252004 0.252007 0.252008 0.252005 0.252005 0.000000 0.000000
0.000000 0.000000 0.245532 0.245533 0.245535 0.245534 0.245532 0.245533 0.245533 0.245531 0.245531 0.245531 0.245533 0.245533 0.245532 0.245534 0.245535 0.245533 0.245532 0.000000 0.000000
0.000000 0.000000 0.239287 0.239288 0.239290 0.239289 0.239286 0.239287 0.239287 0.239286 0.239286 0.239286 0.239287 0.239287 0.239286 0.239289 0.239290 0.239288 0.239287 0.000000 0.000000
0.000000 0.000000 0.233222 0.233222 0.233225 0.233224 0.233221 0.233222 0.233222 0.233221 0.233221 0.233221 0.233222 0.233222 0.233221 0.233224 0.233225 0.233222 0.233222 0.000000 0.000000
0.000000 0.000000 0.227307 0.227307 0.227310 0.227309 0.227306 0.227307 0.227307 0.227306 0.227305 0.227306 0.227307 0.227307 0.227306 0.227309 0.227310 0.227307 0.227307 0.000000 0.000000
0.000000 0.000000 0.221526 0.221526 0.221528 0.221527 0.221525 0.221526 0.221526 0.221525 0.221524 0.221525 0.221526 0.221526 0.221525 0.221527 0.221528 0.221526 0.221526 0.000000 0.000000
0.000000 0.000000 0.215866 0.215866 0.215868 0.215867 0.215865 0.215866 0.215866 0.215865 0.215864 0.215865 0.215866 0.215866 0.215865 0.215867 0.215868 0.215866 0.215866 0.000000 0.000000
0.000000 0.000000 0.210317 0.210318 0.210320 0.210319 0.210317 0.210318 0.210318 0.210317 0.210316 0.210317 0.210318 0.210318 0.210317 0.210319 0.210320 0.210318 0.210317 0.000000 0.000000
0.000000 0.000000 0.204800 0.204800 0.204802 0.204801 0.204799 0.204800 0.204800 0.204799 0.204798 0.204799 0.204800 0.204800 0.204799 0.204801 0.204802 0.204800 0.204799 0.000000 0.000000
0.000000 0.000000 0.300000 0.300000 0.300000 0.300000 0.300000 0.300000 0.300000 0.300000 0.300000 0.300000 0.300000 0.300000 0.300000 0.300000 0.300000 0.300000 0.300000 0.000000 0.000000
0.000000 0.000000 0.000000 0.000000 0.000000 0.000000 0.000000 0.000000 0.000000 0.000000 0.000000 0.000000 0.000000 0.000000 0.000000 0.000000 0.000000 0.000000 0.000000 0.000000 0.000000