geotop/1.0zi/1.0Montebello/Templates/testdem/maps/_Eocsilt5438.asc
ncols         21
nrows         20
xllcorner     100.000000
yllcorner     100.000000
cellsize      50.000000
NODATA_value  -9999.0
0.000000 0.000000 0.000000 0.000000 0.000000 0.000000 0.000000 0.000000 0.000000 0.000000 0.000000 0.000000 0.000000 0.000000 0.000000 0.000000 0.000000 0.000000 0.000000 0.000000 0.000000
0.000000 0.000000 0.350109 0.350109 0.350109 0.350109 0.350109 0.350109 0.350109 0.350109 0.350109 0.350109 0.350109 0.350109 0.350109 0.350109 0.350109 0.350109 0.350108 0.000000 0.000000
0.000000 0.000000 0.350002 0.350002 0.350002 0.350003 0.350003 0.350003 0.350003 0.350003 0.350003 0.350003 0.350004 0.350003 0.350003 0.350003 0.350001 0.350001 0.350002 0.000000 0.000000
0.000000 0.000000 0.350038 0.350037 0.350037 0.350032 0.350033 0.350031 0.350033 0.350034 0.350033 0.350032 0.350032 0.350032 0.350033 0.350036 0.350036 0.350038 0.350037 0.000000 0.000000
0.000000 0.000000 0.350439 0.350442 0.350441 0.350438 0.350435 0.350430 0.350429 0.350427 0.350425 0.350427 0.350428 0.350428 0.350434 0.350436 0.350436 0.350445 0.350447 0.000000 0.000000
0.000000 0.000000 0.351772 0.351776 0.351773 0.351760 0.351750 0.351733 0.351731 0.351728 0.351732 0.351735 0.351736 0.351732 0.351737 0.351742 0.351750 0.351754 0.351757 0.000000 0.000000
0.000000 0.000000 0.353863 0.353861 0.353858 0.353841 0.353821 0.353799 0.353800 0.353798 0.353801 0.353801 0.353798 0.353801 0.353815 0.353831 0.353838 0.353847 0.353852 0.000000 0.000000
0.000000 0.000000 0.356405 0.356406 0.356408 0.356391 0.356372 0.356348 0.356349 0.356346 0.356346 0.356346 0.356345 0.356346 0.356364 0.356381 0.356396 0.356398 0.356406 0.000000 0.000000
0.000000 0.000000 0.359071 0.359066 0.359061 0.359051 0.359032 0.359004 0.359005 0.359000 0.358998 0.359000 0.359000 0.358997 0.359021 0.359040 0.359053 0.359057 0.359065 0.000000 0.000000
0.000000 0.000000 0.361725 0.361721 0.361720 0.361713 0.361687 0.361663 0.361665 0.361662 0.361658 0.361663 0.361665 0.361662 0.361680 0.361701 0.361713 0.361715 0.361720 0.000000 0.000000
0.000000 0.000000 0.364432 0.364430 0.364431 0.364412 0.364394 0.364368 0.364374 0.364362 0.364362 0.364364 0.364360 0.364366 0.364380 0.364394 0.364407 0.364415 0.364426 0.000000 0.000000
0.000000 0.000000 0.367261 0.367255 0.367249 0.367236 0.367221 0.367189 0.367191 0.367184 0.367192 0.367185 0.367186 0.367188 0.367214 0.367226 0.367235 0.367239 0.367268 0.000000 0.000000
0.000000 0.000000 0.370144 0.370138 0.370138 0.370123 0.370109 0.370048 0.370048 0.370043 0.370030 0.370038 0.370042 0.370046 0.370089 0.370100 0.370121 0.370123 0.370144 0.000000 0.000000
0.000000 0.000000 0.373249 0.373245 0.373239 0.373231 0.373174 0.373157 0.373143 0.373143 0.373138 0.373140 0.373141 0.373138 0.373145 0.373200 0.373219 0.373234 0.373254 0.000000 0.000000
0.000000 0.000000 0.376640 0.376638 0.376625 0.376568 0.376549 0.376514 0.376491 0.376488 0.376476 0.376470 0.376477 0.376471 0.376495 0.376523 0.376608 0.376601 0.376613 0.000000 0.000000
0.000000 0.000000 0.380212 0.380207 0.380136 0.380120 0.380114 0.380091 0.380103 0.380094 0.380099 0.380091 0.380083 0.380096 0.380109 0.380118 0.380118 0.380210 0.380213 0.000000 0.000000
0.000000 0.000000 0.384245 0.384148 0.384109 0.384080 0.384034 0.384008 0.384002 0.383999 0.383979 0.383975 0.383983 0.383979 0.384005 0.384040 0.384095 0.384126 0.384223 0.000000 0.000000
0.000000 0.000000 0.387276 0.387270 0.387354 0.387328 0.387288 0.387195 0.387192 0.387172 0.387182 0.387177 0.387183 0.387185 0.387269 0.387296 0.387363 0.387275 0.387287 0.000000 0.000000
0.000000 0.000000 0.350000 0.350000 0.350000 0.350000 0.350000 0.350000 0.350000 0.350000 0.350000 0.350000 0.350000 0.350000 0.350000 0.350000 0.350000 0.350000 0.350000 0.000000 0.000000
0.000000 0.000000 0.000000 0.000000 0.000000 0.000000 0.000000 0.000000 0.000000 0.000000 0.000000 0.000000 0.000000 0.000000 0.000000 0.000000 0.000000 0.000000 0.000000 0.000000 0.000000