geotop/1.0zi/1.0Montebello/Templates/testdem/maps/_Eocclay0454.asc
ncols         21
nrows         20
xllcorner     100.000000
yllcorner     100.000000
cellsize      50.000000
NODATA_value  -9999.0
0.000000 0.000000 0.000000 0.000000 0.000000 0.000000 0.000000 0.000000 0.000000 0.000000 0.000000 0.000000 0.000000 0.000000 0.000000 0.000000 0.000000 0.000000 0.000000 0.000000 0.000000
0.000000 0.000000 0.349972 0.349972 0.349973 0.349972 0.349972 0.349972 0.349972 0.349972 0.349972 0.349972 0.349972 0.349972 0.349972 0.349972 0.349973 0.349972 0.349972 0.000000 0.000000
0.000000 0.000000 0.349997 0.349997 0.349996 0.349997 0.349997 0.349997 0.349997 0.349997 0.349997 0.349997 0.349997 0.349997 0.349997 0.349997 0.349996 0.349997 0.349997 0.000000 0.000000
0.000000 0.000000 0.350279 0.350279 0.350277 0.350279 0.350279 0.350279 0.350279 0.350279 0.350279 0.350279 0.350279 0.350279 0.350279 0.350279 0.350277 0.350279 0.350279 0.000000 0.000000
0.000000 0.000000 0.351115 0.351115 0.351113 0.351115 0.351115 0.351115 0.351115 0.351115 0.351115 0.351115 0.351115 0.351115 0.351115 0.351115 0.351113 0.351115 0.351115 0.000000 0.000000
0.000000 0.000000 0.351925 0.351925 0.351923 0.351925 0.351925 0.351925 0.351925 0.351925 0.351925 0.351925 0.351925 0.351925 0.351925 0.351925 0.351923 0.351925 0.351925 0.000000 0.000000
0.000000 0.000000 0.352678 0.352678 0.352677 0.352678 0.352678 0.352678 0.352679 0.352678 0.352678 0.352678 0.352679 0.352678 0.352678 0.352678 0.352677 0.352678 0.352678 0.000000 0.000000
0.000000 0.000000 0.353375 0.353375 0.353374 0.353375 0.353375 0.353375 0.353375 0.353375 0.353375 0.353375 0.353375 0.353375 0.353375 0.353375 0.353374 0.353375 0.353375 0.000000 0.000000
0.000000 0.000000 0.354033 0.354033 0.354031 0.354033 0.354033 0.354033 0.354033 0.354033 0.354033 0.354033 0.354033 0.354033 0.354033 0.354033 0.354031 0.354033 0.354033 0.000000 0.000000
0.000000 0.000000 0.354667 0.354667 0.354666 0.354667 0.354667 0.354667 0.354667 0.354667 0.354667 0.354667 0.354667 0.354667 0.354667 0.354667 0.354666 0.354667 0.354667 0.000000 0.000000
0.000000 0.000000 0.355283 0.355283 0.355282 0.355283 0.355283 0.355283 0.355283 0.355283 0.355283 0.355283 0.355283 0.355283 0.355283 0.355283 0.355282 0.355283 0.355283 0.000000 0.000000
0.000000 0.000000 0.355887 0.355887 0.355886 0.355887 0.355887 0.355887 0.355887 0.355887 0.355887 0.355887 0.355887 0.355887 0.355887 0.355887 0.355886 0.355887 0.355887 0.000000 0.000000
0.000000 0.000000 0.356480 0.356480 0.356479 0.356480 0.356480 0.356480 0.356480 0.356480 0.356480 0.356480 0.356480 0.356480 0.356480 0.356480 0.356479 0.356480 0.356480 0.000000 0.000000
0.000000 0.000000 0.357063 0.357063 0.357061 0.357062 0.357063 0.357063 0.357063 0.357063 0.357063 0.357063 0.357063 0.357063 0.357063 0.357062 0.357061 0.357063 0.357063 0.000000 0.000000
0.000000 0.000000 0.357639 0.357639 0.357638 0.357639 0.357639 0.357639 0.357639 0.357639 0.357639 0.357639 0.357639 0.357639 0.357639 0.357639 0.357638 0.357639 0.357639 0.000000 0.000000
0.000000 0.000000 0.358213 0.358213 0.358212 0.358213 0.358213 0.358213 0.358213 0.358213 0.358213 0.358213 0.358213 0.358213 0.358213 0.358213 0.358212 0.358213 0.358213 0.000000 0.000000
0.000000 0.000000 0.358781 0.358781 0.358780 0.358781 0.358781 0.358781 0.358781 0.358781 0.358781 0.358781 0.358781 0.358781 0.358781 0.358781 0.358780 0.358781 0.358781 0.000000 0.000000
0.000000 0.000000 0.359364 0.359364 0.359363 0.359364 0.359364 0.359364 0.359364 0.359364 0.359364 0.359364 0.359364 0.359364 0.359364 0.359364 0.359363 0.359364 0.359364 0.000000 0.000000
0.000000 0.000000 0.350000 0.350000 0.350000 0.350000 0.350000 0.350000 0.350000 0.350000 0.350000 0.350000 0.350000 0.350000 0.350000 0.350000 0.350000 0.350000 0.350000 0.000000 0.000000
0.000000 0.000000 0.000000 0.000000 0.000000 0.000000 0.000000 0.000000 0.000000 0.000000 0.000000 0.000000 0.000000 0.000000 0.000000 0.000000 0.000000 0.000000 0.000000 0.000000 0.000000