geotop/1.0zi/1.0Montebello/Templates/testdem/maps/_Eocsand6652.asc
ncols         21
nrows         20
xllcorner     100.000000
yllcorner     100.000000
cellsize      50.000000
NODATA_value  -9999.0
0.000000 0.000000 0.000000 0.000000 0.000000 0.000000 0.000000 0.000000 0.000000 0.000000 0.000000 0.000000 0.000000 0.000000 0.000000 0.000000 0.000000 0.000000 0.000000 0.000000 0.000000
0.000000 0.000000 0.300167 0.300164 0.300164 0.300165 0.300164 0.300164 0.300164 0.300164 0.300165 0.300164 0.300164 0.300165 0.300164 0.300164 0.300165 0.300166 0.300165 0.000000 0.000000
0.000000 0.000000 0.300009 0.300010 0.300010 0.300009 0.300010 0.300010 0.300010 0.300010 0.300010 0.300010 0.300009 0.300010 0.300010 0.300010 0.300010 0.300011 0.300012 0.000000 0.000000
0.000000 0.000000 0.299962 0.299961 0.299965 0.299970 0.299968 0.299970 0.299966 0.299969 0.299966 0.299969 0.299968 0.299969 0.299967 0.299962 0.299962 0.299959 0.299959 0.000000 0.000000
0.000000 0.000000 0.298762 0.298756 0.298761 0.298771 0.298788 0.298795 0.298797 0.298797 0.298801 0.298799 0.298801 0.298798 0.298785 0.298782 0.298776 0.298767 0.298756 0.000000 0.000000
0.000000 0.000000 0.295028 0.295026 0.295042 0.295080 0.295101 0.295139 0.295139 0.295149 0.295142 0.295141 0.295138 0.295140 0.295128 0.295103 0.295083 0.295065 0.295053 0.000000 0.000000
0.000000 0.000000 0.289415 0.289420 0.289433 0.289474 0.289524 0.289579 0.289579 0.289586 0.289584 0.289585 0.289587 0.289583 0.289541 0.289494 0.289468 0.289446 0.289431 0.000000 0.000000
0.000000 0.000000 0.282640 0.282641 0.282649 0.282695 0.282742 0.282803 0.282803 0.282809 0.282811 0.282815 0.282818 0.282809 0.282761 0.282717 0.282676 0.282665 0.282643 0.000000 0.000000
0.000000 0.000000 0.275563 0.275572 0.275593 0.275621 0.275670 0.275735 0.275731 0.275746 0.275751 0.275753 0.275752 0.275755 0.275695 0.275640 0.275608 0.275595 0.275575 0.000000 0.000000
0.000000 0.000000 0.268317 0.268330 0.268339 0.268364 0.268433 0.268490 0.268488 0.268496 0.268507 0.268502 0.268492 0.268499 0.268450 0.268389 0.268353 0.268344 0.268329 0.000000 0.000000
0.000000 0.000000 0.260729 0.260738 0.260746 0.260800 0.260846 0.260911 0.260897 0.260932 0.260930 0.260931 0.260941 0.260921 0.260881 0.260842 0.260799 0.260777 0.260744 0.000000 0.000000
0.000000 0.000000 0.252629 0.252648 0.252669 0.252708 0.252755 0.252834 0.252834 0.252850 0.252832 0.252858 0.252852 0.252846 0.252772 0.252733 0.252701 0.252686 0.252608 0.000000 0.000000
0.000000 0.000000 0.244174 0.244194 0.244204 0.244249 0.244290 0.244466 0.244468 0.244482 0.244524 0.244507 0.244493 0.244479 0.244348 0.244307 0.244239 0.244232 0.244179 0.000000 0.000000
0.000000 0.000000 0.234793 0.234802 0.234831 0.234865 0.235053 0.235083 0.235124 0.235126 0.235132 0.235135 0.235135 0.235143 0.235135 0.234936 0.234884 0.234833 0.234777 0.000000 0.000000
0.000000 0.000000 0.224241 0.224254 0.224297 0.224509 0.224554 0.224656 0.224725 0.224736 0.224774 0.224804 0.224778 0.224791 0.224702 0.224633 0.224343 0.224369 0.224340 0.000000 0.000000
0.000000 0.000000 0.212873 0.212888 0.213174 0.213192 0.213205 0.213265 0.213190 0.213228 0.213193 0.213229 0.213262 0.213198 0.213168 0.213144 0.213214 0.212840 0.212835 0.000000 0.000000
0.000000 0.000000 0.199398 0.199812 0.199884 0.200009 0.200213 0.200288 0.200344 0.200339 0.200440 0.200447 0.200397 0.200431 0.200331 0.200174 0.199915 0.199918 0.199493 0.000000 0.000000
0.000000 0.000000 0.190599 0.190459 0.190068 0.190148 0.190245 0.190618 0.190615 0.190705 0.190616 0.190648 0.190632 0.190613 0.190277 0.190200 0.190011 0.190391 0.190507 0.000000 0.000000
0.000000 0.000000 0.300000 0.300000 0.300000 0.300000 0.300000 0.300000 0.300000 0.300000 0.300000 0.300000 0.300000 0.300000 0.300000 0.300000 0.300000 0.300000 0.300000 0.000000 0.000000
0.000000 0.000000 0.000000 0.000000 0.000000 0.000000 0.000000 0.000000 0.000000 0.000000 0.000000 0.000000 0.000000 0.000000 0.000000 0.000000 0.000000 0.000000 0.000000 0.000000 0.000000