geotop/1.0zi/1.0Montebello/Templates/testdem/maps/_Eocclay3646.asc
ncols         21
nrows         20
xllcorner     100.000000
yllcorner     100.000000
cellsize      50.000000
NODATA_value  -9999.0
0.000000 0.000000 0.000000 0.000000 0.000000 0.000000 0.000000 0.000000 0.000000 0.000000 0.000000 0.000000 0.000000 0.000000 0.000000 0.000000 0.000000 0.000000 0.000000 0.000000 0.000000
0.000000 0.000000 0.349806 0.349806 0.349806 0.349806 0.349806 0.349806 0.349806 0.349806 0.349805 0.349806 0.349806 0.349806 0.349806 0.349806 0.349806 0.349806 0.349806 0.000000 0.000000
0.000000 0.000000 0.349996 0.349996 0.349995 0.349996 0.349996 0.349996 0.349996 0.349996 0.349996 0.349996 0.349996 0.349996 0.349996 0.349996 0.349995 0.349996 0.349996 0.000000 0.000000
0.000000 0.000000 0.351302 0.351302 0.351299 0.351300 0.351301 0.351301 0.351301 0.351302 0.351302 0.351302 0.351301 0.351301 0.351301 0.351300 0.351299 0.351302 0.351302 0.000000 0.000000
0.000000 0.000000 0.356811 0.356810 0.356808 0.356809 0.356812 0.356810 0.356810 0.356811 0.356811 0.356811 0.356810 0.356810 0.356812 0.356809 0.356808 0.356810 0.356811 0.000000 0.000000
0.000000 0.000000 0.362965 0.362964 0.362963 0.362963 0.362965 0.362964 0.362964 0.362965 0.362965 0.362965 0.362964 0.362964 0.362965 0.362963 0.362963 0.362964 0.362965 0.000000 0.000000
0.000000 0.000000 0.368738 0.368737 0.368736 0.368736 0.368738 0.368737 0.368737 0.368737 0.368738 0.368737 0.368737 0.368737 0.368738 0.368736 0.368736 0.368737 0.368738 0.000000 0.000000
0.000000 0.000000 0.373984 0.373983 0.373982 0.373983 0.373984 0.373983 0.373983 0.373983 0.373984 0.373983 0.373983 0.373983 0.373984 0.373983 0.373982 0.373983 0.373984 0.000000 0.000000
0.000000 0.000000 0.378824 0.378823 0.378822 0.378823 0.378824 0.378823 0.378823 0.378823 0.378824 0.378823 0.378823 0.378823 0.378824 0.378823 0.378822 0.378823 0.378824 0.000000 0.000000
0.000000 0.000000 0.383370 0.383369 0.383368 0.383368 0.383369 0.383369 0.383369 0.383369 0.383370 0.383369 0.383369 0.383369 0.383369 0.383368 0.383368 0.383369 0.383370 0.000000 0.000000
0.000000 0.000000 0.387680 0.387680 0.387679 0.387679 0.387680 0.387680 0.387679 0.387680 0.387680 0.387680 0.387679 0.387680 0.387680 0.387679 0.387679 0.387680 0.387680 0.000000 0.000000
0.000000 0.000000 0.391799 0.391798 0.391797 0.391797 0.391798 0.391798 0.391798 0.391798 0.391799 0.391798 0.391798 0.391798 0.391798 0.391797 0.391797 0.391798 0.391799 0.000000 0.000000
0.000000 0.000000 0.395755 0.395755 0.395754 0.395754 0.395755 0.395755 0.395754 0.395755 0.395755 0.395755 0.395754 0.395755 0.395755 0.395754 0.395754 0.395755 0.395755 0.000000 0.000000
0.000000 0.000000 0.399579 0.399579 0.399578 0.399578 0.399579 0.399579 0.399578 0.399579 0.399579 0.399579 0.399578 0.399579 0.399579 0.399578 0.399578 0.399579 0.399579 0.000000 0.000000
0.000000 0.000000 0.403283 0.403282 0.403281 0.403282 0.403283 0.403282 0.403282 0.403282 0.403283 0.403282 0.403282 0.403282 0.403283 0.403282 0.403281 0.403282 0.403283 0.000000 0.000000
0.000000 0.000000 0.406871 0.406870 0.406869 0.406870 0.406871 0.406870 0.406870 0.406870 0.406871 0.406870 0.406870 0.406870 0.406871 0.406870 0.406869 0.406870 0.406871 0.000000 0.000000
0.000000 0.000000 0.410355 0.410354 0.410354 0.410354 0.410355 0.410354 0.410354 0.410355 0.410355 0.410355 0.410354 0.410354 0.410355 0.410354 0.410354 0.410354 0.410355 0.000000 0.000000
0.000000 0.000000 0.413784 0.413784 0.413783 0.413783 0.413784 0.413784 0.413784 0.413784 0.413784 0.413784 0.413784 0.413784 0.413784 0.413783 0.413783 0.413784 0.413784 0.000000 0.000000
0.000000 0.000000 0.350000 0.350000 0.350000 0.350000 0.350000 0.350000 0.350000 0.350000 0.350000 0.350000 0.350000 0.350000 0.350000 0.350000 0.350000 0.350000 0.350000 0.000000 0.000000
0.000000 0.000000 0.000000 0.000000 0.000000 0.000000 0.000000 0.000000 0.000000 0.000000 0.000000 0.000000 0.000000 0.000000 0.000000 0.000000 0.000000 0.000000 0.000000 0.000000 0.000000