geotop/1.0zi/1.0Montebello/Templates/testdem/maps/_Eocclay1827.asc
ncols         21
nrows         20
xllcorner     100.000000
yllcorner     100.000000
cellsize      50.000000
NODATA_value  -9999.0
0.000000 0.000000 0.000000 0.000000 0.000000 0.000000 0.000000 0.000000 0.000000 0.000000 0.000000 0.000000 0.000000 0.000000 0.000000 0.000000 0.000000 0.000000 0.000000 0.000000 0.000000
0.000000 0.000000 0.349905 0.349905 0.349905 0.349905 0.349905 0.349905 0.349905 0.349905 0.349905 0.349905 0.349905 0.349905 0.349905 0.349905 0.349905 0.349905 0.349905 0.000000 0.000000
0.000000 0.000000 0.349993 0.349993 0.349993 0.349993 0.349993 0.349993 0.349993 0.349993 0.349993 0.349993 0.349993 0.349993 0.349993 0.349993 0.349993 0.349993 0.349993 0.000000 0.000000
0.000000 0.000000 0.350650 0.350650 0.350648 0.350649 0.350650 0.350650 0.350650 0.350650 0.350650 0.350650 0.350650 0.350650 0.350650 0.350649 0.350648 0.350650 0.350650 0.000000 0.000000
0.000000 0.000000 0.353350 0.353349 0.353347 0.353347 0.353351 0.353350 0.353350 0.353351 0.353351 0.353351 0.353350 0.353350 0.353351 0.353347 0.353347 0.353349 0.353350 0.000000 0.000000
0.000000 0.000000 0.356400 0.356400 0.356398 0.356399 0.356401 0.356401 0.356400 0.356401 0.356401 0.356401 0.356400 0.356401 0.356401 0.356399 0.356398 0.356400 0.356400 0.000000 0.000000
0.000000 0.000000 0.359288 0.359287 0.359286 0.359286 0.359288 0.359288 0.359288 0.359288 0.359288 0.359288 0.359288 0.359288 0.359288 0.359286 0.359286 0.359287 0.359288 0.000000 0.000000
0.000000 0.000000 0.361946 0.361946 0.361944 0.361945 0.361947 0.361946 0.361946 0.361947 0.361947 0.361947 0.361946 0.361946 0.361947 0.361945 0.361944 0.361946 0.361946 0.000000 0.000000
0.000000 0.000000 0.364436 0.364435 0.364434 0.364435 0.364436 0.364436 0.364436 0.364436 0.364436 0.364436 0.364436 0.364436 0.364436 0.364435 0.364434 0.364435 0.364436 0.000000 0.000000
0.000000 0.000000 0.366817 0.366817 0.366816 0.366816 0.366818 0.366817 0.366817 0.366818 0.366818 0.366818 0.366817 0.366817 0.366818 0.366816 0.366816 0.366817 0.366817 0.000000 0.000000
0.000000 0.000000 0.369115 0.369115 0.369114 0.369114 0.369116 0.369115 0.369115 0.369116 0.369116 0.369116 0.369115 0.369115 0.369116 0.369114 0.369114 0.369115 0.369115 0.000000 0.000000
0.000000 0.000000 0.371351 0.371351 0.371350 0.371350 0.371352 0.371351 0.371351 0.371352 0.371352 0.371352 0.371351 0.371351 0.371352 0.371350 0.371350 0.371351 0.371351 0.000000 0.000000
0.000000 0.000000 0.373542 0.373542 0.373540 0.373541 0.373542 0.373542 0.373542 0.373542 0.373542 0.373542 0.373542 0.373542 0.373542 0.373541 0.373540 0.373542 0.373542 0.000000 0.000000
0.000000 0.000000 0.375689 0.375689 0.375688 0.375688 0.375690 0.375689 0.375689 0.375690 0.375690 0.375690 0.375689 0.375689 0.375690 0.375688 0.375688 0.375689 0.375689 0.000000 0.000000
0.000000 0.000000 0.377803 0.377803 0.377801 0.377802 0.377803 0.377803 0.377803 0.377803 0.377803 0.377803 0.377803 0.377803 0.377803 0.377802 0.377801 0.377803 0.377803 0.000000 0.000000
0.000000 0.000000 0.379889 0.379889 0.379887 0.379888 0.379889 0.379889 0.379889 0.379889 0.379889 0.379889 0.379889 0.379889 0.379889 0.379888 0.379887 0.379889 0.379889 0.000000 0.000000
0.000000 0.000000 0.381946 0.381946 0.381945 0.381946 0.381947 0.381947 0.381947 0.381947 0.381947 0.381947 0.381947 0.381947 0.381947 0.381946 0.381945 0.381946 0.381946 0.000000 0.000000
0.000000 0.000000 0.384018 0.384019 0.384017 0.384018 0.384019 0.384019 0.384019 0.384019 0.384019 0.384019 0.384019 0.384019 0.384019 0.384018 0.384017 0.384019 0.384019 0.000000 0.000000
0.000000 0.000000 0.350000 0.350000 0.350000 0.350000 0.350000 0.350000 0.350000 0.350000 0.350000 0.350000 0.350000 0.350000 0.350000 0.350000 0.350000 0.350000 0.350000 0.000000 0.000000
0.000000 0.000000 0.000000 0.000000 0.000000 0.000000 0.000000 0.000000 0.000000 0.000000 0.000000 0.000000 0.000000 0.000000 0.000000 0.000000 0.000000 0.000000 0.000000 0.000000 0.000000