geotop/1.0zi/1.0Montebello/Templates/testdem/maps/_Eocsand8790.asc
ncols         21
nrows         20
xllcorner     100.000000
yllcorner     100.000000
cellsize      50.000000
NODATA_value  -9999.0
0.000000 0.000000 0.000000 0.000000 0.000000 0.000000 0.000000 0.000000 0.000000 0.000000 0.000000 0.000000 0.000000 0.000000 0.000000 0.000000 0.000000 0.000000 0.000000 0.000000 0.000000
0.000000 0.000000 0.300223 0.300220 0.300220 0.300221 0.300220 0.300219 0.300220 0.300220 0.300220 0.300220 0.300220 0.300220 0.300220 0.300220 0.300221 0.300221 0.300221 0.000000 0.000000
0.000000 0.000000 0.300012 0.300014 0.300013 0.300012 0.300013 0.300013 0.300013 0.300013 0.300013 0.300013 0.300012 0.300013 0.300013 0.300013 0.300014 0.300014 0.300015 0.000000 0.000000
0.000000 0.000000 0.299857 0.299856 0.299861 0.299871 0.299870 0.299873 0.299867 0.299869 0.299869 0.299869 0.299868 0.299871 0.299865 0.299859 0.299857 0.299856 0.299855 0.000000 0.000000
0.000000 0.000000 0.297599 0.297601 0.297615 0.297641 0.297667 0.297671 0.297675 0.297677 0.297678 0.297675 0.297672 0.297672 0.297649 0.297639 0.297624 0.297619 0.297607 0.000000 0.000000
0.000000 0.000000 0.291221 0.291230 0.291259 0.291308 0.291358 0.291403 0.291400 0.291413 0.291403 0.291403 0.291394 0.291399 0.291370 0.291327 0.291304 0.291289 0.291277 0.000000 0.000000
0.000000 0.000000 0.282391 0.282409 0.282431 0.282491 0.282560 0.282652 0.282647 0.282656 0.282655 0.282654 0.282656 0.282652 0.282574 0.282515 0.282480 0.282457 0.282442 0.000000 0.000000
0.000000 0.000000 0.271948 0.271966 0.271983 0.272052 0.272122 0.272207 0.272203 0.272213 0.272214 0.272219 0.272223 0.272207 0.272134 0.272072 0.272014 0.272006 0.271979 0.000000 0.000000
0.000000 0.000000 0.260675 0.260701 0.260733 0.260781 0.260861 0.260957 0.260946 0.260966 0.260972 0.260975 0.260971 0.260976 0.260876 0.260802 0.260758 0.260745 0.260718 0.000000 0.000000
0.000000 0.000000 0.248542 0.248575 0.248593 0.248643 0.248755 0.248839 0.248835 0.248847 0.248860 0.248851 0.248838 0.248844 0.248763 0.248670 0.248619 0.248605 0.248592 0.000000 0.000000
0.000000 0.000000 0.235133 0.235155 0.235174 0.235286 0.235359 0.235468 0.235436 0.235502 0.235488 0.235495 0.235516 0.235480 0.235394 0.235338 0.235267 0.235242 0.235188 0.000000 0.000000
0.000000 0.000000 0.219957 0.220003 0.220058 0.220119 0.220217 0.220349 0.220348 0.220357 0.220329 0.220379 0.220356 0.220358 0.220212 0.220134 0.220096 0.220077 0.219957 0.000000 0.000000
0.000000 0.000000 0.203257 0.203309 0.203315 0.203431 0.203510 0.203892 0.203890 0.203910 0.204022 0.203955 0.203939 0.203905 0.203605 0.203532 0.203390 0.203388 0.203339 0.000000 0.000000
0.000000 0.000000 0.183138 0.183156 0.183247 0.183321 0.183843 0.183740 0.183837 0.183834 0.183783 0.183831 0.183840 0.183884 0.183970 0.183414 0.183362 0.183237 0.183146 0.000000 0.000000
0.000000 0.000000 0.159215 0.159281 0.159387 0.160070 0.159923 0.160274 0.160398 0.160433 0.160559 0.160628 0.160550 0.160562 0.160217 0.160330 0.159435 0.159624 0.159628 0.000000 0.000000
0.000000 0.000000 0.133666 0.133716 0.134673 0.134304 0.134418 0.134438 0.134033 0.134148 0.133936 0.133989 0.134158 0.133925 0.133965 0.133866 0.134755 0.133339 0.133363 0.000000 0.000000
0.000000 0.000000 0.104005 0.105337 0.104907 0.105483 0.106146 0.106341 0.106765 0.106662 0.107094 0.107043 0.106789 0.107056 0.106696 0.106207 0.104949 0.105911 0.104535 0.000000 0.000000
0.000000 0.000000 0.095694 0.094550 0.093592 0.093593 0.093521 0.094456 0.094266 0.094547 0.094069 0.094163 0.094244 0.094085 0.093313 0.093359 0.093420 0.094145 0.095278 0.000000 0.000000
0.000000 0.000000 0.300000 0.300000 0.300000 0.300000 0.300000 0.300000 0.300000 0.300000 0.300000 0.300000 0.300000 0.300000 0.300000 0.300000 0.300000 0.300000 0.300000 0.000000 0.000000
0.000000 0.000000 0.000000 0.000000 0.000000 0.000000 0.000000 0.000000 0.000000 0.000000 0.000000 0.000000 0.000000 0.000000 0.000000 0.000000 0.000000 0.000000 0.000000 0.000000 0.000000