geotop/1.0zi/1.0Montebello/Templates/testdem/maps/_Eocsand9807.asc
ncols         21
nrows         20
xllcorner     100.000000
yllcorner     100.000000
cellsize      50.000000
NODATA_value  -9999.0
0.000000 0.000000 0.000000 0.000000 0.000000 0.000000 0.000000 0.000000 0.000000 0.000000 0.000000 0.000000 0.000000 0.000000 0.000000 0.000000 0.000000 0.000000 0.000000 0.000000 0.000000
0.000000 0.000000 0.300241 0.300238 0.300239 0.300239 0.300238 0.300238 0.300238 0.300239 0.300239 0.300239 0.300239 0.300239 0.300239 0.300238 0.300240 0.300239 0.300239 0.000000 0.000000
0.000000 0.000000 0.300011 0.300013 0.300013 0.300011 0.300012 0.300013 0.300012 0.300012 0.300012 0.300012 0.300011 0.300012 0.300012 0.300012 0.300013 0.300013 0.300014 0.000000 0.000000
0.000000 0.000000 0.299810 0.299808 0.299817 0.299825 0.299824 0.299830 0.299822 0.299824 0.299824 0.299823 0.299821 0.299823 0.299818 0.299811 0.299808 0.299805 0.299806 0.000000 0.000000
0.000000 0.000000 0.297020 0.297021 0.297037 0.297070 0.297097 0.297107 0.297107 0.297108 0.297111 0.297104 0.297098 0.297099 0.297075 0.297061 0.297046 0.297037 0.297024 0.000000 0.000000
0.000000 0.000000 0.289411 0.289423 0.289460 0.289522 0.289585 0.289643 0.289640 0.289652 0.289652 0.289651 0.289639 0.289645 0.289610 0.289555 0.289528 0.289507 0.289494 0.000000 0.000000
0.000000 0.000000 0.279015 0.279037 0.279067 0.279141 0.279223 0.279334 0.279332 0.279342 0.279350 0.279350 0.279351 0.279347 0.279255 0.279188 0.279147 0.279118 0.279103 0.000000 0.000000
0.000000 0.000000 0.266649 0.266675 0.266706 0.266795 0.266885 0.266987 0.266985 0.266999 0.267009 0.267015 0.267018 0.267001 0.266916 0.266841 0.266774 0.266760 0.266731 0.000000 0.000000
0.000000 0.000000 0.253058 0.253096 0.253144 0.253213 0.253315 0.253436 0.253425 0.253450 0.253465 0.253470 0.253463 0.253469 0.253349 0.253260 0.253208 0.253187 0.253161 0.000000 0.000000
0.000000 0.000000 0.238039 0.238091 0.238130 0.238203 0.238316 0.238442 0.238440 0.238458 0.238484 0.238474 0.238458 0.238465 0.238367 0.238251 0.238190 0.238167 0.238155 0.000000 0.000000
0.000000 0.000000 0.220939 0.220983 0.221021 0.221184 0.221238 0.221408 0.221372 0.221456 0.221450 0.221462 0.221488 0.221443 0.221334 0.221262 0.221176 0.221146 0.221072 0.000000 0.000000
0.000000 0.000000 0.200964 0.201054 0.201154 0.201233 0.201323 0.201536 0.201540 0.201551 0.201527 0.201601 0.201565 0.201577 0.201382 0.201270 0.201224 0.201197 0.201048 0.000000 0.000000
0.000000 0.000000 0.178428 0.178512 0.178537 0.178694 0.178803 0.179367 0.179377 0.179414 0.179614 0.179493 0.179480 0.179432 0.179009 0.178913 0.178706 0.178696 0.178659 0.000000 0.000000
0.000000 0.000000 0.150511 0.150552 0.150732 0.150844 0.151631 0.151356 0.151526 0.151527 0.151424 0.151532 0.151551 0.151634 0.151885 0.151017 0.150985 0.150783 0.150661 0.000000 0.000000
0.000000 0.000000 0.118835 0.118929 0.119087 0.120100 0.119672 0.120306 0.120447 0.120515 0.120745 0.120822 0.120705 0.120700 0.120139 0.120549 0.119227 0.119539 0.119586 0.000000 0.000000
0.000000 0.000000 0.090659 0.090714 0.091801 0.091229 0.091429 0.091379 0.090901 0.091030 0.090774 0.090816 0.091023 0.090766 0.090918 0.090732 0.091965 0.090303 0.090327 0.000000 0.000000
0.000000 0.000000 0.066693 0.067498 0.067289 0.067626 0.068049 0.068185 0.068430 0.068374 0.068640 0.068608 0.068458 0.068613 0.068392 0.068074 0.067359 0.067875 0.067038 0.000000 0.000000
0.000000 0.000000 0.056637 0.056565 0.056096 0.056261 0.056418 0.056843 0.056878 0.056964 0.056894 0.056918 0.056884 0.056889 0.056499 0.056378 0.056077 0.056603 0.056667 0.000000 0.000000
0.000000 0.000000 0.300000 0.300000 0.300000 0.300000 0.300000 0.300000 0.300000 0.300000 0.300000 0.300000 0.300000 0.300000 0.300000 0.300000 0.300000 0.300000 0.300000 0.000000 0.000000
0.000000 0.000000 0.000000 0.000000 0.000000 0.000000 0.000000 0.000000 0.000000 0.000000 0.000000 0.000000 0.000000 0.000000 0.000000 0.000000 0.000000 0.000000 0.000000 0.000000 0.000000