geotop/1.0zi/1.0Montebello/Templates/testdem/maps/_Eocsilt0954.asc
ncols         21
nrows         20
xllcorner     100.000000
yllcorner     100.000000
cellsize      50.000000
NODATA_value  -9999.0
0.000000 0.000000 0.000000 0.000000 0.000000 0.000000 0.000000 0.000000 0.000000 0.000000 0.000000 0.000000 0.000000 0.000000 0.000000 0.000000 0.000000 0.000000 0.000000 0.000000 0.000000
0.000000 0.000000 0.350018 0.350018 0.350018 0.350018 0.350018 0.350018 0.350018 0.350018 0.350018 0.350018 0.350018 0.350018 0.350018 0.350018 0.350018 0.350018 0.350018 0.000000 0.000000
0.000000 0.000000 0.349999 0.349999 0.349999 0.349999 0.349999 0.349999 0.349999 0.349999 0.349999 0.349999 0.349999 0.349999 0.349999 0.349999 0.349999 0.349999 0.349999 0.000000 0.000000
0.000000 0.000000 0.350419 0.350419 0.350416 0.350418 0.350420 0.350419 0.350419 0.350420 0.350420 0.350420 0.350419 0.350419 0.350420 0.350418 0.350416 0.350419 0.350419 0.000000 0.000000
0.000000 0.000000 0.351816 0.351815 0.351813 0.351812 0.351816 0.351815 0.351815 0.351815 0.351815 0.351815 0.351815 0.351815 0.351816 0.351812 0.351813 0.351815 0.351816 0.000000 0.000000
0.000000 0.000000 0.353490 0.353489 0.353487 0.353487 0.353490 0.353489 0.353489 0.353490 0.353490 0.353490 0.353489 0.353489 0.353490 0.353487 0.353487 0.353489 0.353490 0.000000 0.000000
0.000000 0.000000 0.355021 0.355021 0.355019 0.355019 0.355021 0.355021 0.355021 0.355021 0.355021 0.355021 0.355021 0.355021 0.355021 0.355019 0.355019 0.355021 0.355021 0.000000 0.000000
0.000000 0.000000 0.356425 0.356425 0.356423 0.356423 0.356425 0.356425 0.356425 0.356425 0.356425 0.356425 0.356425 0.356425 0.356425 0.356423 0.356423 0.356425 0.356425 0.000000 0.000000
0.000000 0.000000 0.357740 0.357739 0.357738 0.357738 0.357740 0.357739 0.357739 0.357740 0.357740 0.357740 0.357739 0.357739 0.357740 0.357738 0.357738 0.357739 0.357740 0.000000 0.000000
0.000000 0.000000 0.358999 0.358999 0.358998 0.358998 0.358999 0.358999 0.358999 0.358999 0.358999 0.358999 0.358999 0.358999 0.358999 0.358998 0.358998 0.358999 0.358999 0.000000 0.000000
0.000000 0.000000 0.360217 0.360217 0.360216 0.360216 0.360217 0.360217 0.360217 0.360217 0.360217 0.360217 0.360217 0.360217 0.360217 0.360216 0.360216 0.360217 0.360217 0.000000 0.000000
0.000000 0.000000 0.361407 0.361406 0.361405 0.361405 0.361407 0.361407 0.361407 0.361407 0.361407 0.361407 0.361407 0.361407 0.361407 0.361405 0.361405 0.361406 0.361407 0.000000 0.000000
0.000000 0.000000 0.362577 0.362577 0.362576 0.362576 0.362577 0.362577 0.362577 0.362577 0.362577 0.362577 0.362577 0.362577 0.362577 0.362576 0.362576 0.362577 0.362577 0.000000 0.000000
0.000000 0.000000 0.363728 0.363728 0.363727 0.363727 0.363728 0.363728 0.363728 0.363728 0.363728 0.363728 0.363728 0.363728 0.363728 0.363727 0.363727 0.363728 0.363728 0.000000 0.000000
0.000000 0.000000 0.364866 0.364866 0.364865 0.364865 0.364866 0.364866 0.364866 0.364866 0.364866 0.364866 0.364866 0.364866 0.364866 0.364865 0.364865 0.364866 0.364866 0.000000 0.000000
0.000000 0.000000 0.365996 0.365995 0.365994 0.365994 0.365996 0.365996 0.365996 0.365996 0.365996 0.365996 0.365996 0.365996 0.365996 0.365994 0.365994 0.365995 0.365996 0.000000 0.000000
0.000000 0.000000 0.367113 0.367113 0.367112 0.367112 0.367113 0.367113 0.367113 0.367113 0.367113 0.367113 0.367113 0.367113 0.367113 0.367112 0.367112 0.367113 0.367113 0.000000 0.000000
0.000000 0.000000 0.368257 0.368257 0.368256 0.368256 0.368257 0.368257 0.368257 0.368258 0.368257 0.368258 0.368257 0.368257 0.368257 0.368256 0.368256 0.368257 0.368258 0.000000 0.000000
0.000000 0.000000 0.350000 0.350000 0.350000 0.350000 0.350000 0.350000 0.350000 0.350000 0.350000 0.350000 0.350000 0.350000 0.350000 0.350000 0.350000 0.350000 0.350000 0.000000 0.000000
0.000000 0.000000 0.000000 0.000000 0.000000 0.000000 0.000000 0.000000 0.000000 0.000000 0.000000 0.000000 0.000000 0.000000 0.000000 0.000000 0.000000 0.000000 0.000000 0.000000 0.000000