geotop/1.0zi/1.0Montebello/Templates/testdem/maps/_Eocsand2638.asc
ncols         21
nrows         20
xllcorner     100.000000
yllcorner     100.000000
cellsize      50.000000
NODATA_value  -9999.0
0.000000 0.000000 0.000000 0.000000 0.000000 0.000000 0.000000 0.000000 0.000000 0.000000 0.000000 0.000000 0.000000 0.000000 0.000000 0.000000 0.000000 0.000000 0.000000 0.000000 0.000000
0.000000 0.000000 0.300078 0.300078 0.300077 0.300078 0.300077 0.300078 0.300078 0.300077 0.300079 0.300077 0.300078 0.300078 0.300077 0.300078 0.300077 0.300078 0.300078 0.000000 0.000000
0.000000 0.000000 0.300012 0.300013 0.300013 0.300012 0.300012 0.300012 0.300012 0.300012 0.300011 0.300012 0.300012 0.300012 0.300012 0.300012 0.300013 0.300013 0.300012 0.000000 0.000000
0.000000 0.000000 0.298311 0.298312 0.298316 0.298314 0.298310 0.298311 0.298311 0.298311 0.298310 0.298311 0.298311 0.298311 0.298310 0.298314 0.298316 0.298312 0.298311 0.000000 0.000000
0.000000 0.000000 0.291106 0.291108 0.291111 0.291111 0.291105 0.291107 0.291107 0.291104 0.291104 0.291104 0.291107 0.291107 0.291105 0.291111 0.291111 0.291108 0.291106 0.000000 0.000000
0.000000 0.000000 0.282299 0.282300 0.282303 0.282303 0.282298 0.282299 0.282299 0.282297 0.282297 0.282297 0.282299 0.282299 0.282298 0.282303 0.282303 0.282300 0.282299 0.000000 0.000000
0.000000 0.000000 0.274086 0.274087 0.274089 0.274089 0.274085 0.274086 0.274086 0.274084 0.274084 0.274084 0.274086 0.274086 0.274085 0.274089 0.274089 0.274087 0.274086 0.000000 0.000000
0.000000 0.000000 0.266574 0.266574 0.266577 0.266576 0.266573 0.266574 0.266574 0.266572 0.266572 0.266572 0.266574 0.266574 0.266573 0.266576 0.266577 0.266574 0.266574 0.000000 0.000000
0.000000 0.000000 0.259580 0.259580 0.259583 0.259582 0.259579 0.259580 0.259580 0.259579 0.259578 0.259579 0.259580 0.259580 0.259579 0.259582 0.259583 0.259580 0.259580 0.000000 0.000000
0.000000 0.000000 0.252943 0.252944 0.252946 0.252946 0.252943 0.252944 0.252944 0.252942 0.252942 0.252942 0.252944 0.252944 0.252943 0.252946 0.252946 0.252944 0.252943 0.000000 0.000000
0.000000 0.000000 0.246584 0.246585 0.246587 0.246586 0.246584 0.246585 0.246584 0.246583 0.246583 0.246583 0.246584 0.246585 0.246584 0.246586 0.246587 0.246585 0.246584 0.000000 0.000000
0.000000 0.000000 0.240443 0.240444 0.240446 0.240445 0.240443 0.240444 0.240444 0.240442 0.240442 0.240442 0.240444 0.240444 0.240443 0.240445 0.240446 0.240444 0.240443 0.000000 0.000000
0.000000 0.000000 0.234476 0.234476 0.234479 0.234478 0.234475 0.234476 0.234476 0.234475 0.234474 0.234475 0.234476 0.234476 0.234475 0.234478 0.234479 0.234476 0.234476 0.000000 0.000000
0.000000 0.000000 0.228653 0.228653 0.228656 0.228655 0.228652 0.228653 0.228653 0.228652 0.228651 0.228652 0.228653 0.228653 0.228652 0.228655 0.228656 0.228653 0.228653 0.000000 0.000000
0.000000 0.000000 0.222956 0.222956 0.222958 0.222957 0.222955 0.222956 0.222956 0.222955 0.222954 0.222955 0.222956 0.222956 0.222955 0.222957 0.222958 0.222956 0.222956 0.000000 0.000000
0.000000 0.000000 0.217373 0.217373 0.217375 0.217374 0.217372 0.217373 0.217373 0.217372 0.217371 0.217372 0.217373 0.217373 0.217372 0.217374 0.217375 0.217373 0.217373 0.000000 0.000000
0.000000 0.000000 0.211898 0.211899 0.211901 0.211900 0.211898 0.211899 0.211899 0.211898 0.211897 0.211898 0.211899 0.211899 0.211898 0.211900 0.211901 0.211899 0.211898 0.000000 0.000000
0.000000 0.000000 0.206456 0.206456 0.206458 0.206457 0.206455 0.206456 0.206456 0.206455 0.206454 0.206455 0.206456 0.206456 0.206455 0.206457 0.206458 0.206456 0.206455 0.000000 0.000000
0.000000 0.000000 0.300000 0.300000 0.300000 0.300000 0.300000 0.300000 0.300000 0.300000 0.300000 0.300000 0.300000 0.300000 0.300000 0.300000 0.300000 0.300000 0.300000 0.000000 0.000000
0.000000 0.000000 0.000000 0.000000 0.000000 0.000000 0.000000 0.000000 0.000000 0.000000 0.000000 0.000000 0.000000 0.000000 0.000000 0.000000 0.000000 0.000000 0.000000 0.000000 0.000000