geotop/1.0zi/1.0Montebello/Templates/testdem/maps/_Eocsilt4200.asc
ncols         21
nrows         20
xllcorner     100.000000
yllcorner     100.000000
cellsize      50.000000
NODATA_value  -9999.0
0.000000 0.000000 0.000000 0.000000 0.000000 0.000000 0.000000 0.000000 0.000000 0.000000 0.000000 0.000000 0.000000 0.000000 0.000000 0.000000 0.000000 0.000000 0.000000 0.000000 0.000000
0.000000 0.000000 0.350087 0.350087 0.350087 0.350087 0.350087 0.350087 0.350087 0.350087 0.350087 0.350087 0.350087 0.350087 0.350087 0.350087 0.350087 0.350087 0.350087 0.000000 0.000000
0.000000 0.000000 0.350002 0.350002 0.350002 0.350003 0.350003 0.350003 0.350003 0.350003 0.350003 0.350003 0.350003 0.350003 0.350003 0.350002 0.350001 0.350001 0.350001 0.000000 0.000000
0.000000 0.000000 0.350032 0.350031 0.350031 0.350027 0.350028 0.350025 0.350027 0.350028 0.350027 0.350027 0.350027 0.350026 0.350028 0.350030 0.350031 0.350033 0.350032 0.000000 0.000000
0.000000 0.000000 0.350380 0.350381 0.350378 0.350380 0.350378 0.350376 0.350374 0.350371 0.350370 0.350373 0.350373 0.350374 0.350375 0.350374 0.350373 0.350378 0.350381 0.000000 0.000000
0.000000 0.000000 0.351479 0.351481 0.351477 0.351473 0.351470 0.351458 0.351457 0.351452 0.351456 0.351458 0.351459 0.351454 0.351457 0.351462 0.351465 0.351465 0.351468 0.000000 0.000000
0.000000 0.000000 0.353164 0.353162 0.353157 0.353146 0.353134 0.353119 0.353122 0.353119 0.353123 0.353120 0.353116 0.353116 0.353125 0.353139 0.353144 0.353148 0.353156 0.000000 0.000000
0.000000 0.000000 0.355120 0.355115 0.355109 0.355097 0.355084 0.355067 0.355069 0.355066 0.355066 0.355066 0.355063 0.355060 0.355076 0.355092 0.355103 0.355104 0.355109 0.000000 0.000000
0.000000 0.000000 0.357091 0.357085 0.357077 0.357068 0.357057 0.357036 0.357038 0.357034 0.357035 0.357035 0.357032 0.357030 0.357045 0.357062 0.357070 0.357074 0.357082 0.000000 0.000000
0.000000 0.000000 0.359050 0.359044 0.359038 0.359028 0.359013 0.358996 0.358999 0.358996 0.358996 0.358996 0.358993 0.358989 0.359006 0.359023 0.359030 0.359033 0.359039 0.000000 0.000000
0.000000 0.000000 0.361017 0.361011 0.361005 0.360997 0.360987 0.360966 0.360969 0.360964 0.360964 0.360965 0.360961 0.360958 0.360972 0.360985 0.360994 0.360998 0.361005 0.000000 0.000000
0.000000 0.000000 0.363046 0.363040 0.363032 0.363021 0.363010 0.362989 0.362989 0.362986 0.362987 0.362986 0.362984 0.362980 0.362999 0.363014 0.363023 0.363026 0.363049 0.000000 0.000000
0.000000 0.000000 0.365098 0.365091 0.365083 0.365075 0.365061 0.365019 0.365020 0.365016 0.365016 0.365016 0.365012 0.365010 0.365045 0.365063 0.365071 0.365075 0.365089 0.000000 0.000000
0.000000 0.000000 0.367260 0.367250 0.367243 0.367235 0.367195 0.367183 0.367177 0.367174 0.367175 0.367174 0.367170 0.367167 0.367178 0.367220 0.367229 0.367238 0.367247 0.000000 0.000000
0.000000 0.000000 0.369581 0.369572 0.369557 0.369522 0.369503 0.369477 0.369464 0.369460 0.369454 0.369453 0.369453 0.369445 0.369464 0.369494 0.369540 0.369538 0.369546 0.000000 0.000000
0.000000 0.000000 0.371969 0.371960 0.371912 0.371904 0.371894 0.371880 0.371879 0.371877 0.371879 0.371878 0.371870 0.371874 0.371880 0.371894 0.371896 0.371942 0.371955 0.000000 0.000000
0.000000 0.000000 0.374608 0.374548 0.374506 0.374490 0.374462 0.374446 0.374443 0.374440 0.374434 0.374434 0.374432 0.374424 0.374434 0.374469 0.374492 0.374517 0.374575 0.000000 0.000000
0.000000 0.000000 0.376684 0.376666 0.376696 0.376675 0.376649 0.376594 0.376590 0.376584 0.376586 0.376585 0.376579 0.376579 0.376627 0.376658 0.376693 0.376645 0.376671 0.000000 0.000000
0.000000 0.000000 0.350000 0.350000 0.350000 0.350000 0.350000 0.350000 0.350000 0.350000 0.350000 0.350000 0.350000 0.350000 0.350000 0.350000 0.350000 0.350000 0.350000 0.000000 0.000000
0.000000 0.000000 0.000000 0.000000 0.000000 0.000000 0.000000 0.000000 0.000000 0.000000 0.000000 0.000000 0.000000 0.000000 0.000000 0.000000 0.000000 0.000000 0.000000 0.000000 0.000000