geotop/1.0zi/1.0Montebello/Templates/testdem/maps/_Eocclay5638.asc
ncols         21
nrows         20
xllcorner     100.000000
yllcorner     100.000000
cellsize      50.000000
NODATA_value  -9999.0
0.000000 0.000000 0.000000 0.000000 0.000000 0.000000 0.000000 0.000000 0.000000 0.000000 0.000000 0.000000 0.000000 0.000000 0.000000 0.000000 0.000000 0.000000 0.000000 0.000000 0.000000
0.000000 0.000000 0.349746 0.349747 0.349747 0.349747 0.349747 0.349747 0.349747 0.349747 0.349747 0.349747 0.349747 0.349747 0.349747 0.349747 0.349746 0.349747 0.349746 0.000000 0.000000
0.000000 0.000000 0.349989 0.349990 0.349990 0.349989 0.349989 0.349989 0.349989 0.349989 0.349989 0.349989 0.349989 0.349990 0.349989 0.349989 0.349989 0.349989 0.349989 0.000000 0.000000
0.000000 0.000000 0.349988 0.349990 0.349987 0.349988 0.349990 0.349990 0.349990 0.349988 0.349990 0.349988 0.349988 0.349988 0.349990 0.349992 0.349990 0.349991 0.349990 0.000000 0.000000
0.000000 0.000000 0.350473 0.350473 0.350473 0.350469 0.350458 0.350454 0.350456 0.350457 0.350455 0.350456 0.350452 0.350452 0.350457 0.350456 0.350461 0.350463 0.350466 0.000000 0.000000
0.000000 0.000000 0.352055 0.352056 0.352050 0.352032 0.352026 0.352010 0.352009 0.352005 0.352009 0.352008 0.352012 0.352012 0.352015 0.352027 0.352032 0.352044 0.352049 0.000000 0.000000
0.000000 0.000000 0.354346 0.354344 0.354342 0.354326 0.354306 0.354279 0.354279 0.354275 0.354277 0.354279 0.354279 0.354277 0.354296 0.354316 0.354326 0.354334 0.354341 0.000000 0.000000
0.000000 0.000000 0.357131 0.357131 0.357129 0.357110 0.357091 0.357062 0.357063 0.357060 0.357061 0.357060 0.357058 0.357063 0.357083 0.357099 0.357114 0.357119 0.357128 0.000000 0.000000
0.000000 0.000000 0.359950 0.359947 0.359942 0.359931 0.359912 0.359884 0.359886 0.359881 0.359879 0.359880 0.359880 0.359877 0.359902 0.359921 0.359934 0.359937 0.359945 0.000000 0.000000
0.000000 0.000000 0.362803 0.362798 0.362797 0.362789 0.362761 0.362735 0.362738 0.362734 0.362731 0.362735 0.362738 0.362734 0.362754 0.362777 0.362791 0.362793 0.362799 0.000000 0.000000
0.000000 0.000000 0.365764 0.365761 0.365761 0.365741 0.365722 0.365693 0.365700 0.365686 0.365687 0.365688 0.365685 0.365691 0.365707 0.365721 0.365736 0.365745 0.365757 0.000000 0.000000
0.000000 0.000000 0.368864 0.368858 0.368850 0.368836 0.368819 0.368786 0.368788 0.368780 0.368788 0.368780 0.368781 0.368783 0.368812 0.368825 0.368836 0.368840 0.368872 0.000000 0.000000
0.000000 0.000000 0.372048 0.372042 0.372040 0.372024 0.372008 0.371941 0.371941 0.371935 0.371922 0.371930 0.371935 0.371939 0.371987 0.371999 0.372023 0.372026 0.372048 0.000000 0.000000
0.000000 0.000000 0.375500 0.375496 0.375489 0.375478 0.375414 0.375396 0.375382 0.375381 0.375376 0.375378 0.375379 0.375376 0.375383 0.375447 0.375468 0.375484 0.375507 0.000000 0.000000
0.000000 0.000000 0.379299 0.379294 0.379280 0.379214 0.379193 0.379155 0.379129 0.379125 0.379112 0.379106 0.379113 0.379107 0.379135 0.379165 0.379261 0.379253 0.379267 0.000000 0.000000
0.000000 0.000000 0.383310 0.383305 0.383220 0.383205 0.383200 0.383174 0.383192 0.383181 0.383189 0.383179 0.383168 0.383185 0.383199 0.383207 0.383202 0.383312 0.383315 0.000000 0.000000
0.000000 0.000000 0.387895 0.387778 0.387737 0.387703 0.387647 0.387618 0.387609 0.387607 0.387582 0.387579 0.387589 0.387584 0.387615 0.387657 0.387723 0.387751 0.387869 0.000000 0.000000
0.000000 0.000000 0.391259 0.391262 0.391367 0.391338 0.391292 0.391182 0.391180 0.391155 0.391171 0.391164 0.391172 0.391174 0.391274 0.391305 0.391379 0.391272 0.391276 0.000000 0.000000
0.000000 0.000000 0.350000 0.350000 0.350000 0.350000 0.350000 0.350000 0.350000 0.350000 0.350000 0.350000 0.350000 0.350000 0.350000 0.350000 0.350000 0.350000 0.350000 0.000000 0.000000
0.000000 0.000000 0.000000 0.000000 0.000000 0.000000 0.000000 0.000000 0.000000 0.000000 0.000000 0.000000 0.000000 0.000000 0.000000 0.000000 0.000000 0.000000 0.000000 0.000000 0.000000