geotop/1.0zi/1.0Montebello/Templates/testdem/maps/_Eocsand4888.asc
ncols         21
nrows         20
xllcorner     100.000000
yllcorner     100.000000
cellsize      50.000000
NODATA_value  -9999.0
0.000000 0.000000 0.000000 0.000000 0.000000 0.000000 0.000000 0.000000 0.000000 0.000000 0.000000 0.000000 0.000000 0.000000 0.000000 0.000000 0.000000 0.000000 0.000000 0.000000 0.000000
0.000000 0.000000 0.300120 0.300120 0.300119 0.300119 0.300119 0.300119 0.300120 0.300119 0.300119 0.300119 0.300119 0.300119 0.300119 0.300119 0.300120 0.300120 0.300120 0.000000 0.000000
0.000000 0.000000 0.300006 0.300005 0.300005 0.300005 0.300005 0.300005 0.300005 0.300005 0.300005 0.300005 0.300005 0.300004 0.300005 0.300005 0.300007 0.300007 0.300006 0.000000 0.000000
0.000000 0.000000 0.299976 0.299975 0.299977 0.299981 0.299978 0.299981 0.299979 0.299979 0.299979 0.299980 0.299980 0.299982 0.299978 0.299974 0.299976 0.299973 0.299975 0.000000 0.000000
0.000000 0.000000 0.299211 0.299209 0.299210 0.299220 0.299231 0.299236 0.299237 0.299239 0.299243 0.299239 0.299242 0.299239 0.299230 0.299230 0.299226 0.299216 0.299210 0.000000 0.000000
0.000000 0.000000 0.296626 0.296621 0.296631 0.296658 0.296669 0.296698 0.296702 0.296710 0.296702 0.296701 0.296693 0.296693 0.296686 0.296671 0.296660 0.296649 0.296640 0.000000 0.000000
0.000000 0.000000 0.292726 0.292730 0.292740 0.292770 0.292803 0.292843 0.292841 0.292848 0.292842 0.292844 0.292844 0.292839 0.292811 0.292778 0.292763 0.292748 0.292735 0.000000 0.000000
0.000000 0.000000 0.288130 0.288135 0.288139 0.288169 0.288205 0.288245 0.288243 0.288249 0.288249 0.288249 0.288252 0.288249 0.288211 0.288176 0.288157 0.288149 0.288136 0.000000 0.000000
0.000000 0.000000 0.283430 0.283439 0.283450 0.283473 0.283507 0.283552 0.283549 0.283557 0.283557 0.283556 0.283558 0.283554 0.283518 0.283479 0.283464 0.283453 0.283436 0.000000 0.000000
0.000000 0.000000 0.278727 0.278736 0.278744 0.278768 0.278808 0.278849 0.278843 0.278849 0.278849 0.278849 0.278852 0.278852 0.278811 0.278773 0.278758 0.278748 0.278735 0.000000 0.000000
0.000000 0.000000 0.273938 0.273948 0.273955 0.273974 0.274006 0.274055 0.274050 0.274060 0.274061 0.274058 0.274062 0.274061 0.274025 0.273995 0.273976 0.273965 0.273949 0.000000 0.000000
0.000000 0.000000 0.268966 0.268974 0.268987 0.269016 0.269048 0.269096 0.269097 0.269102 0.269102 0.269104 0.269106 0.269106 0.269060 0.269024 0.269006 0.268997 0.268947 0.000000 0.000000
0.000000 0.000000 0.263906 0.263916 0.263928 0.263950 0.263990 0.264092 0.264090 0.264098 0.264100 0.264099 0.264104 0.264100 0.264011 0.263969 0.263951 0.263940 0.263911 0.000000 0.000000
0.000000 0.000000 0.258513 0.258532 0.258540 0.258563 0.258672 0.258698 0.258714 0.258720 0.258719 0.258720 0.258725 0.258723 0.258694 0.258590 0.258570 0.258547 0.258529 0.000000 0.000000
0.000000 0.000000 0.252668 0.252682 0.252712 0.252807 0.252857 0.252923 0.252954 0.252963 0.252979 0.252981 0.252975 0.252983 0.252933 0.252863 0.252747 0.252750 0.252734 0.000000 0.000000
0.000000 0.000000 0.246599 0.246613 0.246731 0.246750 0.246783 0.246815 0.246816 0.246817 0.246811 0.246814 0.246829 0.246804 0.246788 0.246761 0.246765 0.246633 0.246603 0.000000 0.000000
0.000000 0.000000 0.239791 0.239950 0.240042 0.240088 0.240172 0.240216 0.240225 0.240230 0.240249 0.240249 0.240245 0.240256 0.240222 0.240129 0.240068 0.240012 0.239854 0.000000 0.000000
0.000000 0.000000 0.234569 0.234594 0.234487 0.234545 0.234614 0.234769 0.234783 0.234796 0.234789 0.234792 0.234800 0.234786 0.234643 0.234571 0.234486 0.234622 0.234570 0.000000 0.000000
0.000000 0.000000 0.300000 0.300000 0.300000 0.300000 0.300000 0.300000 0.300000 0.300000 0.300000 0.300000 0.300000 0.300000 0.300000 0.300000 0.300000 0.300000 0.300000 0.000000 0.000000
0.000000 0.000000 0.000000 0.000000 0.000000 0.000000 0.000000 0.000000 0.000000 0.000000 0.000000 0.000000 0.000000 0.000000 0.000000 0.000000 0.000000 0.000000 0.000000 0.000000 0.000000