geotop/1.0zi/1.0Montebello/Templates/testdem/maps/_Eocsilt5337.asc
ncols         21
nrows         20
xllcorner     100.000000
yllcorner     100.000000
cellsize      50.000000
NODATA_value  -9999.0
0.000000 0.000000 0.000000 0.000000 0.000000 0.000000 0.000000 0.000000 0.000000 0.000000 0.000000 0.000000 0.000000 0.000000 0.000000 0.000000 0.000000 0.000000 0.000000 0.000000 0.000000
0.000000 0.000000 0.350108 0.350108 0.350108 0.350108 0.350108 0.350108 0.350108 0.350108 0.350108 0.350108 0.350108 0.350108 0.350108 0.350108 0.350108 0.350108 0.350107 0.000000 0.000000
0.000000 0.000000 0.350002 0.350002 0.350002 0.350003 0.350003 0.350003 0.350003 0.350003 0.350003 0.350003 0.350003 0.350003 0.350003 0.350003 0.350001 0.350001 0.350002 0.000000 0.000000
0.000000 0.000000 0.350037 0.350037 0.350036 0.350031 0.350033 0.350031 0.350033 0.350034 0.350033 0.350032 0.350032 0.350031 0.350033 0.350036 0.350036 0.350038 0.350037 0.000000 0.000000
0.000000 0.000000 0.350440 0.350444 0.350442 0.350439 0.350437 0.350432 0.350431 0.350429 0.350426 0.350429 0.350429 0.350430 0.350436 0.350437 0.350437 0.350446 0.350449 0.000000 0.000000
0.000000 0.000000 0.351763 0.351766 0.351763 0.351750 0.351741 0.351725 0.351723 0.351720 0.351724 0.351727 0.351728 0.351724 0.351729 0.351734 0.351743 0.351746 0.351750 0.000000 0.000000
0.000000 0.000000 0.353798 0.353796 0.353793 0.353777 0.353757 0.353737 0.353738 0.353736 0.353739 0.353739 0.353736 0.353739 0.353753 0.353769 0.353776 0.353785 0.353790 0.000000 0.000000
0.000000 0.000000 0.356254 0.356255 0.356256 0.356240 0.356221 0.356199 0.356200 0.356197 0.356197 0.356197 0.356196 0.356198 0.356215 0.356232 0.356247 0.356249 0.356257 0.000000 0.000000
0.000000 0.000000 0.358831 0.358827 0.358821 0.358811 0.358793 0.358766 0.358767 0.358763 0.358761 0.358763 0.358763 0.358760 0.358784 0.358802 0.358815 0.358820 0.358827 0.000000 0.000000
0.000000 0.000000 0.361397 0.361394 0.361392 0.361385 0.361360 0.361337 0.361339 0.361336 0.361333 0.361337 0.361340 0.361337 0.361354 0.361375 0.361388 0.361389 0.361394 0.000000 0.000000
0.000000 0.000000 0.364013 0.364010 0.364011 0.363992 0.363975 0.363951 0.363956 0.363944 0.363945 0.363946 0.363943 0.363949 0.363963 0.363976 0.363990 0.363998 0.364008 0.000000 0.000000
0.000000 0.000000 0.366742 0.366736 0.366730 0.366717 0.366703 0.366673 0.366674 0.366667 0.366675 0.366668 0.366669 0.366672 0.366698 0.366709 0.366719 0.366723 0.366751 0.000000 0.000000
0.000000 0.000000 0.369518 0.369513 0.369512 0.369497 0.369485 0.369426 0.369427 0.369421 0.369409 0.369416 0.369421 0.369425 0.369466 0.369476 0.369498 0.369500 0.369521 0.000000 0.000000
0.000000 0.000000 0.372501 0.372497 0.372491 0.372483 0.372429 0.372413 0.372400 0.372399 0.372394 0.372397 0.372398 0.372396 0.372402 0.372455 0.372474 0.372488 0.372509 0.000000 0.000000
0.000000 0.000000 0.375751 0.375749 0.375736 0.375682 0.375664 0.375631 0.375608 0.375605 0.375595 0.375589 0.375596 0.375590 0.375613 0.375640 0.375722 0.375716 0.375728 0.000000 0.000000
0.000000 0.000000 0.379167 0.379162 0.379094 0.379078 0.379073 0.379052 0.379062 0.379054 0.379059 0.379051 0.379044 0.379057 0.379069 0.379078 0.379080 0.379167 0.379170 0.000000 0.000000
0.000000 0.000000 0.383011 0.382920 0.382881 0.382853 0.382810 0.382787 0.382782 0.382779 0.382760 0.382756 0.382764 0.382762 0.382786 0.382818 0.382871 0.382902 0.382992 0.000000 0.000000
0.000000 0.000000 0.385923 0.385915 0.385992 0.385967 0.385934 0.385848 0.385845 0.385826 0.385835 0.385830 0.385837 0.385838 0.385917 0.385939 0.386004 0.385922 0.385936 0.000000 0.000000
0.000000 0.000000 0.350000 0.350000 0.350000 0.350000 0.350000 0.350000 0.350000 0.350000 0.350000 0.350000 0.350000 0.350000 0.350000 0.350000 0.350000 0.350000 0.350000 0.000000 0.000000
0.000000 0.000000 0.000000 0.000000 0.000000 0.000000 0.000000 0.000000 0.000000 0.000000 0.000000 0.000000 0.000000 0.000000 0.000000 0.000000 0.000000 0.000000 0.000000 0.000000 0.000000