geotop/1.0zi/1.0Montebello/Templates/testdem/maps/_Eocsilt2972.asc
ncols         21
nrows         20
xllcorner     100.000000
yllcorner     100.000000
cellsize      50.000000
NODATA_value  -9999.0
0.000000 0.000000 0.000000 0.000000 0.000000 0.000000 0.000000 0.000000 0.000000 0.000000 0.000000 0.000000 0.000000 0.000000 0.000000 0.000000 0.000000 0.000000 0.000000 0.000000 0.000000
0.000000 0.000000 0.350080 0.350080 0.350080 0.350080 0.350080 0.350080 0.350080 0.350080 0.350079 0.350080 0.350080 0.350080 0.350080 0.350080 0.350080 0.350080 0.350080 0.000000 0.000000
0.000000 0.000000 0.349996 0.349996 0.349996 0.349996 0.349996 0.349996 0.349996 0.349996 0.349997 0.349996 0.349996 0.349996 0.349996 0.349996 0.349996 0.349996 0.349996 0.000000 0.000000
0.000000 0.000000 0.351123 0.351122 0.351120 0.351121 0.351123 0.351123 0.351123 0.351123 0.351123 0.351123 0.351123 0.351123 0.351123 0.351121 0.351120 0.351122 0.351123 0.000000 0.000000
0.000000 0.000000 0.355349 0.355348 0.355346 0.355347 0.355349 0.355348 0.355348 0.355350 0.355350 0.355350 0.355348 0.355348 0.355349 0.355347 0.355346 0.355348 0.355349 0.000000 0.000000
0.000000 0.000000 0.360591 0.360591 0.360589 0.360590 0.360592 0.360591 0.360591 0.360592 0.360593 0.360592 0.360591 0.360591 0.360592 0.360590 0.360589 0.360591 0.360591 0.000000 0.000000
0.000000 0.000000 0.365346 0.365345 0.365344 0.365344 0.365346 0.365345 0.365345 0.365346 0.365347 0.365346 0.365345 0.365345 0.365346 0.365344 0.365344 0.365345 0.365346 0.000000 0.000000
0.000000 0.000000 0.369649 0.369649 0.369648 0.369648 0.369650 0.369649 0.369649 0.369650 0.369650 0.369650 0.369649 0.369649 0.369650 0.369648 0.369648 0.369649 0.369649 0.000000 0.000000
0.000000 0.000000 0.373629 0.373629 0.373627 0.373628 0.373629 0.373629 0.373629 0.373629 0.373630 0.373629 0.373629 0.373629 0.373629 0.373628 0.373627 0.373629 0.373629 0.000000 0.000000
0.000000 0.000000 0.377381 0.377380 0.377379 0.377380 0.377381 0.377380 0.377380 0.377381 0.377381 0.377381 0.377380 0.377380 0.377381 0.377380 0.377379 0.377380 0.377381 0.000000 0.000000
0.000000 0.000000 0.380949 0.380949 0.380948 0.380948 0.380950 0.380949 0.380949 0.380950 0.380950 0.380950 0.380949 0.380949 0.380950 0.380948 0.380948 0.380949 0.380949 0.000000 0.000000
0.000000 0.000000 0.384371 0.384370 0.384369 0.384370 0.384371 0.384370 0.384370 0.384371 0.384371 0.384371 0.384370 0.384370 0.384371 0.384370 0.384369 0.384370 0.384371 0.000000 0.000000
0.000000 0.000000 0.387671 0.387671 0.387670 0.387670 0.387671 0.387671 0.387671 0.387672 0.387672 0.387672 0.387671 0.387671 0.387671 0.387670 0.387670 0.387671 0.387671 0.000000 0.000000
0.000000 0.000000 0.390877 0.390876 0.390875 0.390876 0.390877 0.390877 0.390877 0.390877 0.390877 0.390877 0.390877 0.390877 0.390877 0.390876 0.390875 0.390876 0.390877 0.000000 0.000000
0.000000 0.000000 0.393993 0.393993 0.393992 0.393992 0.393993 0.393993 0.393993 0.393994 0.393994 0.393994 0.393993 0.393993 0.393993 0.393992 0.393992 0.393993 0.393993 0.000000 0.000000
0.000000 0.000000 0.397026 0.397026 0.397025 0.397026 0.397027 0.397026 0.397026 0.397027 0.397027 0.397027 0.397026 0.397026 0.397027 0.397026 0.397025 0.397026 0.397026 0.000000 0.000000
0.000000 0.000000 0.399987 0.399987 0.399986 0.399986 0.399987 0.399987 0.399987 0.399987 0.399988 0.399987 0.399987 0.399987 0.399987 0.399986 0.399986 0.399987 0.399987 0.000000 0.000000
0.000000 0.000000 0.402935 0.402935 0.402934 0.402935 0.402936 0.402935 0.402935 0.402936 0.402936 0.402936 0.402935 0.402935 0.402936 0.402935 0.402934 0.402935 0.402936 0.000000 0.000000
0.000000 0.000000 0.350000 0.350000 0.350000 0.350000 0.350000 0.350000 0.350000 0.350000 0.350000 0.350000 0.350000 0.350000 0.350000 0.350000 0.350000 0.350000 0.350000 0.000000 0.000000
0.000000 0.000000 0.000000 0.000000 0.000000 0.000000 0.000000 0.000000 0.000000 0.000000 0.000000 0.000000 0.000000 0.000000 0.000000 0.000000 0.000000 0.000000 0.000000 0.000000 0.000000