geotop/1.0zi/1.0Montebello/Templates/testdem/maps/_Eocclay1785.asc
ncols         21
nrows         20
xllcorner     100.000000
yllcorner     100.000000
cellsize      50.000000
NODATA_value  -9999.0
0.000000 0.000000 0.000000 0.000000 0.000000 0.000000 0.000000 0.000000 0.000000 0.000000 0.000000 0.000000 0.000000 0.000000 0.000000 0.000000 0.000000 0.000000 0.000000 0.000000 0.000000
0.000000 0.000000 0.349905 0.349905 0.349905 0.349905 0.349905 0.349905 0.349905 0.349905 0.349905 0.349905 0.349905 0.349905 0.349905 0.349905 0.349905 0.349905 0.349905 0.000000 0.000000
0.000000 0.000000 0.349993 0.349993 0.349993 0.349993 0.349993 0.349993 0.349993 0.349993 0.349993 0.349993 0.349993 0.349993 0.349993 0.349993 0.349993 0.349993 0.349993 0.000000 0.000000
0.000000 0.000000 0.350652 0.350652 0.350650 0.350651 0.350652 0.350652 0.350652 0.350652 0.350652 0.350652 0.350652 0.350652 0.350652 0.350651 0.350650 0.350652 0.350652 0.000000 0.000000
0.000000 0.000000 0.353333 0.353332 0.353330 0.353330 0.353334 0.353333 0.353333 0.353334 0.353334 0.353334 0.353333 0.353333 0.353334 0.353330 0.353330 0.353332 0.353333 0.000000 0.000000
0.000000 0.000000 0.356349 0.356348 0.356346 0.356347 0.356349 0.356349 0.356349 0.356349 0.356349 0.356349 0.356349 0.356349 0.356349 0.356347 0.356346 0.356348 0.356349 0.000000 0.000000
0.000000 0.000000 0.359202 0.359201 0.359200 0.359200 0.359202 0.359202 0.359202 0.359202 0.359202 0.359202 0.359202 0.359202 0.359202 0.359200 0.359200 0.359201 0.359202 0.000000 0.000000
0.000000 0.000000 0.361826 0.361825 0.361824 0.361824 0.361826 0.361826 0.361826 0.361826 0.361826 0.361826 0.361826 0.361826 0.361826 0.361824 0.361824 0.361825 0.361826 0.000000 0.000000
0.000000 0.000000 0.364282 0.364282 0.364280 0.364281 0.364282 0.364282 0.364282 0.364282 0.364282 0.364282 0.364282 0.364282 0.364282 0.364281 0.364280 0.364282 0.364282 0.000000 0.000000
0.000000 0.000000 0.366631 0.366630 0.366629 0.366630 0.366631 0.366631 0.366631 0.366631 0.366631 0.366631 0.366631 0.366631 0.366631 0.366630 0.366629 0.366630 0.366631 0.000000 0.000000
0.000000 0.000000 0.368897 0.368896 0.368895 0.368896 0.368897 0.368897 0.368897 0.368897 0.368897 0.368897 0.368897 0.368897 0.368897 0.368896 0.368895 0.368896 0.368897 0.000000 0.000000
0.000000 0.000000 0.371101 0.371101 0.371100 0.371100 0.371102 0.371101 0.371101 0.371101 0.371101 0.371101 0.371101 0.371101 0.371102 0.371100 0.371100 0.371101 0.371101 0.000000 0.000000
0.000000 0.000000 0.373260 0.373260 0.373259 0.373259 0.373261 0.373261 0.373261 0.373261 0.373261 0.373261 0.373261 0.373261 0.373261 0.373259 0.373259 0.373260 0.373260 0.000000 0.000000
0.000000 0.000000 0.375377 0.375377 0.375376 0.375376 0.375378 0.375377 0.375377 0.375378 0.375377 0.375378 0.375377 0.375377 0.375378 0.375376 0.375376 0.375377 0.375377 0.000000 0.000000
0.000000 0.000000 0.377461 0.377460 0.377459 0.377460 0.377461 0.377461 0.377461 0.377461 0.377461 0.377461 0.377461 0.377461 0.377461 0.377460 0.377459 0.377460 0.377461 0.000000 0.000000
0.000000 0.000000 0.379517 0.379517 0.379515 0.379516 0.379517 0.379517 0.379517 0.379517 0.379517 0.379517 0.379517 0.379517 0.379517 0.379516 0.379515 0.379517 0.379517 0.000000 0.000000
0.000000 0.000000 0.381545 0.381545 0.381544 0.381544 0.381546 0.381545 0.381545 0.381546 0.381546 0.381546 0.381545 0.381545 0.381546 0.381544 0.381544 0.381545 0.381545 0.000000 0.000000
0.000000 0.000000 0.383590 0.383591 0.383589 0.383590 0.383591 0.383591 0.383591 0.383591 0.383591 0.383591 0.383591 0.383591 0.383591 0.383590 0.383589 0.383591 0.383591 0.000000 0.000000
0.000000 0.000000 0.350000 0.350000 0.350000 0.350000 0.350000 0.350000 0.350000 0.350000 0.350000 0.350000 0.350000 0.350000 0.350000 0.350000 0.350000 0.350000 0.350000 0.000000 0.000000
0.000000 0.000000 0.000000 0.000000 0.000000 0.000000 0.000000 0.000000 0.000000 0.000000 0.000000 0.000000 0.000000 0.000000 0.000000 0.000000 0.000000 0.000000 0.000000 0.000000 0.000000