geotop/1.0zi/1.0Montebello/Templates/testdem/maps/_Eocclay8381.asc
ncols         21
nrows         20
xllcorner     100.000000
yllcorner     100.000000
cellsize      50.000000
NODATA_value  -9999.0
0.000000 0.000000 0.000000 0.000000 0.000000 0.000000 0.000000 0.000000 0.000000 0.000000 0.000000 0.000000 0.000000 0.000000 0.000000 0.000000 0.000000 0.000000 0.000000 0.000000 0.000000
0.000000 0.000000 0.349617 0.349619 0.349619 0.349618 0.349620 0.349620 0.349620 0.349620 0.349619 0.349620 0.349620 0.349620 0.349620 0.349620 0.349618 0.349618 0.349619 0.000000 0.000000
0.000000 0.000000 0.349984 0.349983 0.349983 0.349985 0.349983 0.349982 0.349982 0.349982 0.349982 0.349982 0.349982 0.349982 0.349983 0.349983 0.349984 0.349983 0.349982 0.000000 0.000000
0.000000 0.000000 0.350004 0.350009 0.350006 0.350004 0.350007 0.350004 0.350006 0.350004 0.350007 0.350004 0.350005 0.350003 0.350005 0.350006 0.350005 0.350009 0.350006 0.000000 0.000000
0.000000 0.000000 0.351016 0.351013 0.351011 0.351007 0.350991 0.350989 0.350985 0.350988 0.350984 0.350985 0.350981 0.350985 0.350995 0.350997 0.351006 0.351009 0.351018 0.000000 0.000000
0.000000 0.000000 0.354008 0.354006 0.353993 0.353964 0.353948 0.353923 0.353924 0.353917 0.353922 0.353920 0.353922 0.353924 0.353935 0.353956 0.353972 0.353986 0.353992 0.000000 0.000000
0.000000 0.000000 0.358083 0.358079 0.358070 0.358046 0.358014 0.357974 0.357972 0.357966 0.357968 0.357968 0.357968 0.357970 0.358004 0.358035 0.358052 0.358066 0.358074 0.000000 0.000000
0.000000 0.000000 0.362924 0.362921 0.362913 0.362882 0.362851 0.362807 0.362806 0.362802 0.362801 0.362798 0.362796 0.362805 0.362841 0.362869 0.362896 0.362906 0.362919 0.000000 0.000000
0.000000 0.000000 0.368088 0.368081 0.368067 0.368048 0.368014 0.367969 0.367971 0.367961 0.367959 0.367956 0.367957 0.367956 0.368000 0.368036 0.368058 0.368069 0.368079 0.000000 0.000000
0.000000 0.000000 0.373594 0.373584 0.373577 0.373557 0.373507 0.373466 0.373465 0.373460 0.373454 0.373457 0.373464 0.373461 0.373499 0.373541 0.373567 0.373577 0.373584 0.000000 0.000000
0.000000 0.000000 0.379631 0.379625 0.379616 0.379574 0.379539 0.379489 0.379498 0.379472 0.379476 0.379474 0.379465 0.379483 0.379517 0.379544 0.379578 0.379597 0.379618 0.000000 0.000000
0.000000 0.000000 0.386372 0.386355 0.386335 0.386307 0.386268 0.386206 0.386200 0.386194 0.386208 0.386186 0.386192 0.386195 0.386260 0.386293 0.386317 0.386330 0.386386 0.000000 0.000000
0.000000 0.000000 0.393714 0.393699 0.393691 0.393651 0.393615 0.393450 0.393447 0.393437 0.393394 0.393417 0.393426 0.393441 0.393567 0.393602 0.393665 0.393673 0.393698 0.000000 0.000000
0.000000 0.000000 0.402399 0.402396 0.402362 0.402334 0.402123 0.402143 0.402098 0.402099 0.402114 0.402101 0.402093 0.402083 0.402061 0.402283 0.402317 0.402375 0.402415 0.000000 0.000000
0.000000 0.000000 0.412714 0.412696 0.412654 0.412383 0.412414 0.412277 0.412215 0.412201 0.412154 0.412123 0.412152 0.412147 0.412280 0.412266 0.412627 0.412571 0.412576 0.000000 0.000000
0.000000 0.000000 0.424047 0.424033 0.423636 0.423757 0.423725 0.423693 0.423843 0.423797 0.423877 0.423850 0.423783 0.423883 0.423884 0.423910 0.423606 0.424184 0.424175 0.000000 0.000000
0.000000 0.000000 0.438115 0.437494 0.437643 0.437406 0.437096 0.437001 0.436822 0.436864 0.436675 0.436693 0.436801 0.436693 0.436854 0.437085 0.437626 0.437262 0.437911 0.000000 0.000000
0.000000 0.000000 0.442829 0.443431 0.443949 0.443960 0.443999 0.443498 0.443587 0.443438 0.443686 0.443637 0.443595 0.443681 0.444094 0.444067 0.444049 0.443656 0.443067 0.000000 0.000000
0.000000 0.000000 0.350000 0.350000 0.350000 0.350000 0.350000 0.350000 0.350000 0.350000 0.350000 0.350000 0.350000 0.350000 0.350000 0.350000 0.350000 0.350000 0.350000 0.000000 0.000000
0.000000 0.000000 0.000000 0.000000 0.000000 0.000000 0.000000 0.000000 0.000000 0.000000 0.000000 0.000000 0.000000 0.000000 0.000000 0.000000 0.000000 0.000000 0.000000 0.000000 0.000000