geotop/1.0zi/1.0Montebello/Templates/testdem/maps/_Eocsilt1582.asc
ncols         21
nrows         20
xllcorner     100.000000
yllcorner     100.000000
cellsize      50.000000
NODATA_value  -9999.0
0.000000 0.000000 0.000000 0.000000 0.000000 0.000000 0.000000 0.000000 0.000000 0.000000 0.000000 0.000000 0.000000 0.000000 0.000000 0.000000 0.000000 0.000000 0.000000 0.000000 0.000000
0.000000 0.000000 0.350035 0.350035 0.350035 0.350035 0.350035 0.350035 0.350035 0.350035 0.350035 0.350035 0.350035 0.350035 0.350035 0.350035 0.350035 0.350035 0.350035 0.000000 0.000000
0.000000 0.000000 0.349999 0.349998 0.349999 0.349999 0.349999 0.349999 0.349999 0.349999 0.349999 0.349999 0.349999 0.349999 0.349999 0.349999 0.349999 0.349998 0.349999 0.000000 0.000000
0.000000 0.000000 0.350639 0.350638 0.350636 0.350637 0.350639 0.350639 0.350639 0.350639 0.350639 0.350639 0.350639 0.350639 0.350639 0.350637 0.350636 0.350638 0.350639 0.000000 0.000000
0.000000 0.000000 0.352849 0.352848 0.352846 0.352847 0.352850 0.352849 0.352849 0.352850 0.352850 0.352850 0.352849 0.352849 0.352850 0.352847 0.352846 0.352848 0.352849 0.000000 0.000000
0.000000 0.000000 0.355586 0.355586 0.355584 0.355584 0.355587 0.355586 0.355586 0.355587 0.355587 0.355587 0.355586 0.355586 0.355587 0.355584 0.355584 0.355586 0.355586 0.000000 0.000000
0.000000 0.000000 0.358094 0.358094 0.358092 0.358093 0.358095 0.358094 0.358094 0.358095 0.358095 0.358095 0.358094 0.358094 0.358095 0.358093 0.358092 0.358094 0.358094 0.000000 0.000000
0.000000 0.000000 0.360393 0.360393 0.360391 0.360392 0.360394 0.360393 0.360393 0.360394 0.360393 0.360394 0.360393 0.360393 0.360394 0.360392 0.360391 0.360393 0.360393 0.000000 0.000000
0.000000 0.000000 0.362544 0.362544 0.362543 0.362543 0.362545 0.362545 0.362545 0.362545 0.362545 0.362545 0.362545 0.362545 0.362545 0.362543 0.362543 0.362544 0.362544 0.000000 0.000000
0.000000 0.000000 0.364602 0.364602 0.364601 0.364601 0.364603 0.364603 0.364603 0.364603 0.364603 0.364603 0.364603 0.364603 0.364603 0.364601 0.364601 0.364602 0.364602 0.000000 0.000000
0.000000 0.000000 0.366589 0.366588 0.366587 0.366588 0.366589 0.366589 0.366589 0.366589 0.366589 0.366589 0.366589 0.366589 0.366589 0.366588 0.366587 0.366588 0.366589 0.000000 0.000000
0.000000 0.000000 0.368522 0.368522 0.368521 0.368521 0.368523 0.368523 0.368523 0.368523 0.368523 0.368523 0.368523 0.368523 0.368523 0.368521 0.368521 0.368522 0.368522 0.000000 0.000000
0.000000 0.000000 0.370419 0.370419 0.370417 0.370418 0.370419 0.370419 0.370419 0.370419 0.370419 0.370419 0.370419 0.370419 0.370419 0.370418 0.370417 0.370419 0.370419 0.000000 0.000000
0.000000 0.000000 0.372277 0.372277 0.372276 0.372276 0.372278 0.372277 0.372277 0.372278 0.372277 0.372278 0.372277 0.372277 0.372278 0.372276 0.372276 0.372277 0.372277 0.000000 0.000000
0.000000 0.000000 0.374106 0.374106 0.374104 0.374105 0.374106 0.374106 0.374106 0.374106 0.374106 0.374106 0.374106 0.374106 0.374106 0.374105 0.374104 0.374106 0.374106 0.000000 0.000000
0.000000 0.000000 0.375912 0.375912 0.375911 0.375911 0.375913 0.375912 0.375912 0.375913 0.375913 0.375913 0.375912 0.375912 0.375913 0.375911 0.375911 0.375912 0.375912 0.000000 0.000000
0.000000 0.000000 0.377697 0.377697 0.377696 0.377696 0.377698 0.377697 0.377697 0.377697 0.377697 0.377697 0.377697 0.377697 0.377698 0.377696 0.377696 0.377697 0.377697 0.000000 0.000000
0.000000 0.000000 0.379499 0.379499 0.379498 0.379498 0.379500 0.379499 0.379499 0.379500 0.379500 0.379500 0.379499 0.379499 0.379500 0.379498 0.379498 0.379499 0.379499 0.000000 0.000000
0.000000 0.000000 0.350000 0.350000 0.350000 0.350000 0.350000 0.350000 0.350000 0.350000 0.350000 0.350000 0.350000 0.350000 0.350000 0.350000 0.350000 0.350000 0.350000 0.000000 0.000000
0.000000 0.000000 0.000000 0.000000 0.000000 0.000000 0.000000 0.000000 0.000000 0.000000 0.000000 0.000000 0.000000 0.000000 0.000000 0.000000 0.000000 0.000000 0.000000 0.000000 0.000000