geotop/1.0zi/1.0Montebello/Templates/testdem/maps/_Eocclay3192.asc
ncols         21
nrows         20
xllcorner     100.000000
yllcorner     100.000000
cellsize      50.000000
NODATA_value  -9999.0
0.000000 0.000000 0.000000 0.000000 0.000000 0.000000 0.000000 0.000000 0.000000 0.000000 0.000000 0.000000 0.000000 0.000000 0.000000 0.000000 0.000000 0.000000 0.000000 0.000000 0.000000
0.000000 0.000000 0.349825 0.349825 0.349825 0.349825 0.349825 0.349825 0.349825 0.349825 0.349824 0.349825 0.349825 0.349825 0.349825 0.349825 0.349825 0.349825 0.349825 0.000000 0.000000
0.000000 0.000000 0.349995 0.349995 0.349995 0.349995 0.349995 0.349995 0.349995 0.349995 0.349996 0.349995 0.349995 0.349995 0.349995 0.349995 0.349995 0.349995 0.349995 0.000000 0.000000
0.000000 0.000000 0.351260 0.351260 0.351258 0.351259 0.351260 0.351260 0.351259 0.351260 0.351260 0.351260 0.351259 0.351260 0.351260 0.351259 0.351258 0.351260 0.351260 0.000000 0.000000
0.000000 0.000000 0.356258 0.356257 0.356255 0.356255 0.356258 0.356257 0.356257 0.356259 0.356259 0.356259 0.356257 0.356257 0.356258 0.356255 0.356255 0.356257 0.356258 0.000000 0.000000
0.000000 0.000000 0.361762 0.361761 0.361760 0.361760 0.361762 0.361761 0.361761 0.361762 0.361763 0.361762 0.361761 0.361761 0.361762 0.361760 0.361760 0.361761 0.361762 0.000000 0.000000
0.000000 0.000000 0.366905 0.366904 0.366903 0.366903 0.366905 0.366904 0.366905 0.366905 0.366906 0.366905 0.366905 0.366904 0.366905 0.366903 0.366903 0.366904 0.366905 0.000000 0.000000
0.000000 0.000000 0.371585 0.371585 0.371583 0.371584 0.371585 0.371585 0.371585 0.371586 0.371586 0.371586 0.371585 0.371585 0.371585 0.371584 0.371583 0.371585 0.371585 0.000000 0.000000
0.000000 0.000000 0.375915 0.375915 0.375913 0.375914 0.375915 0.375914 0.375915 0.375915 0.375916 0.375915 0.375915 0.375914 0.375915 0.375914 0.375913 0.375915 0.375915 0.000000 0.000000
0.000000 0.000000 0.379996 0.379995 0.379994 0.379995 0.379996 0.379995 0.379995 0.379996 0.379996 0.379996 0.379995 0.379995 0.379996 0.379995 0.379994 0.379995 0.379996 0.000000 0.000000
0.000000 0.000000 0.383878 0.383877 0.383876 0.383876 0.383878 0.383877 0.383877 0.383878 0.383878 0.383878 0.383877 0.383877 0.383878 0.383876 0.383876 0.383877 0.383878 0.000000 0.000000
0.000000 0.000000 0.387597 0.387597 0.387595 0.387596 0.387597 0.387597 0.387597 0.387597 0.387598 0.387597 0.387597 0.387597 0.387597 0.387596 0.387595 0.387597 0.387597 0.000000 0.000000
0.000000 0.000000 0.391180 0.391180 0.391179 0.391179 0.391181 0.391180 0.391180 0.391181 0.391181 0.391181 0.391180 0.391180 0.391181 0.391179 0.391179 0.391180 0.391180 0.000000 0.000000
0.000000 0.000000 0.394659 0.394658 0.394657 0.394658 0.394659 0.394658 0.394658 0.394659 0.394659 0.394659 0.394658 0.394658 0.394659 0.394658 0.394657 0.394658 0.394659 0.000000 0.000000
0.000000 0.000000 0.398039 0.398039 0.398037 0.398038 0.398039 0.398038 0.398039 0.398039 0.398039 0.398039 0.398039 0.398038 0.398039 0.398038 0.398037 0.398039 0.398039 0.000000 0.000000
0.000000 0.000000 0.401327 0.401327 0.401326 0.401326 0.401327 0.401327 0.401327 0.401327 0.401328 0.401327 0.401327 0.401327 0.401327 0.401326 0.401326 0.401327 0.401327 0.000000 0.000000
0.000000 0.000000 0.404534 0.404533 0.404532 0.404533 0.404534 0.404533 0.404533 0.404534 0.404534 0.404534 0.404533 0.404533 0.404534 0.404533 0.404532 0.404533 0.404534 0.000000 0.000000
0.000000 0.000000 0.407726 0.407727 0.407725 0.407726 0.407727 0.407727 0.407727 0.407727 0.407727 0.407727 0.407727 0.407727 0.407727 0.407726 0.407725 0.407727 0.407727 0.000000 0.000000
0.000000 0.000000 0.350000 0.350000 0.350000 0.350000 0.350000 0.350000 0.350000 0.350000 0.350000 0.350000 0.350000 0.350000 0.350000 0.350000 0.350000 0.350000 0.350000 0.000000 0.000000
0.000000 0.000000 0.000000 0.000000 0.000000 0.000000 0.000000 0.000000 0.000000 0.000000 0.000000 0.000000 0.000000 0.000000 0.000000 0.000000 0.000000 0.000000 0.000000 0.000000 0.000000