geotop/1.0zi/1.0Montebello/Templates/testdem/maps/_Eocsilt2466.asc
ncols         21
nrows         20
xllcorner     100.000000
yllcorner     100.000000
cellsize      50.000000
NODATA_value  -9999.0
0.000000 0.000000 0.000000 0.000000 0.000000 0.000000 0.000000 0.000000 0.000000 0.000000 0.000000 0.000000 0.000000 0.000000 0.000000 0.000000 0.000000 0.000000 0.000000 0.000000 0.000000
0.000000 0.000000 0.350059 0.350059 0.350059 0.350059 0.350059 0.350059 0.350059 0.350059 0.350058 0.350059 0.350059 0.350059 0.350059 0.350059 0.350059 0.350059 0.350059 0.000000 0.000000
0.000000 0.000000 0.349998 0.349998 0.349998 0.349998 0.349998 0.349998 0.349998 0.349998 0.349998 0.349998 0.349998 0.349998 0.349998 0.349998 0.349998 0.349998 0.349998 0.000000 0.000000
0.000000 0.000000 0.350842 0.350841 0.350839 0.350840 0.350842 0.350842 0.350842 0.350842 0.350842 0.350842 0.350842 0.350842 0.350842 0.350840 0.350839 0.350841 0.350842 0.000000 0.000000
0.000000 0.000000 0.354101 0.354100 0.354098 0.354099 0.354101 0.354100 0.354100 0.354102 0.354102 0.354102 0.354100 0.354100 0.354101 0.354099 0.354098 0.354100 0.354101 0.000000 0.000000
0.000000 0.000000 0.358295 0.358294 0.358293 0.358293 0.358296 0.358295 0.358295 0.358296 0.358296 0.358296 0.358295 0.358295 0.358296 0.358293 0.358293 0.358294 0.358295 0.000000 0.000000
0.000000 0.000000 0.362127 0.362126 0.362125 0.362125 0.362127 0.362126 0.362126 0.362127 0.362128 0.362127 0.362126 0.362126 0.362127 0.362125 0.362125 0.362126 0.362127 0.000000 0.000000
0.000000 0.000000 0.365622 0.365622 0.365620 0.365621 0.365622 0.365622 0.365622 0.365622 0.365623 0.365622 0.365622 0.365622 0.365622 0.365621 0.365620 0.365622 0.365622 0.000000 0.000000
0.000000 0.000000 0.368877 0.368877 0.368875 0.368876 0.368877 0.368877 0.368877 0.368878 0.368878 0.368878 0.368877 0.368877 0.368877 0.368876 0.368875 0.368877 0.368877 0.000000 0.000000
0.000000 0.000000 0.371968 0.371968 0.371967 0.371967 0.371968 0.371968 0.371968 0.371969 0.371969 0.371969 0.371968 0.371968 0.371968 0.371967 0.371967 0.371968 0.371968 0.000000 0.000000
0.000000 0.000000 0.374932 0.374932 0.374930 0.374931 0.374932 0.374932 0.374932 0.374932 0.374933 0.374932 0.374932 0.374932 0.374932 0.374931 0.374930 0.374932 0.374932 0.000000 0.000000
0.000000 0.000000 0.377795 0.377795 0.377794 0.377794 0.377795 0.377795 0.377795 0.377796 0.377796 0.377796 0.377795 0.377795 0.377795 0.377794 0.377794 0.377795 0.377795 0.000000 0.000000
0.000000 0.000000 0.380579 0.380578 0.380577 0.380578 0.380579 0.380579 0.380579 0.380579 0.380579 0.380579 0.380579 0.380579 0.380579 0.380578 0.380577 0.380578 0.380579 0.000000 0.000000
0.000000 0.000000 0.383296 0.383296 0.383295 0.383295 0.383297 0.383296 0.383296 0.383297 0.383297 0.383297 0.383296 0.383296 0.383297 0.383295 0.383295 0.383296 0.383296 0.000000 0.000000
0.000000 0.000000 0.385958 0.385958 0.385957 0.385957 0.385958 0.385958 0.385958 0.385958 0.385959 0.385958 0.385958 0.385958 0.385958 0.385957 0.385957 0.385958 0.385958 0.000000 0.000000
0.000000 0.000000 0.388568 0.388568 0.388567 0.388567 0.388569 0.388568 0.388568 0.388569 0.388569 0.388569 0.388568 0.388568 0.388569 0.388567 0.388567 0.388568 0.388568 0.000000 0.000000
0.000000 0.000000 0.391130 0.391130 0.391129 0.391129 0.391130 0.391130 0.391130 0.391130 0.391131 0.391130 0.391130 0.391130 0.391130 0.391129 0.391129 0.391130 0.391130 0.000000 0.000000
0.000000 0.000000 0.393685 0.393685 0.393684 0.393685 0.393686 0.393685 0.393685 0.393686 0.393686 0.393686 0.393685 0.393685 0.393686 0.393685 0.393684 0.393685 0.393686 0.000000 0.000000
0.000000 0.000000 0.350000 0.350000 0.350000 0.350000 0.350000 0.350000 0.350000 0.350000 0.350000 0.350000 0.350000 0.350000 0.350000 0.350000 0.350000 0.350000 0.350000 0.000000 0.000000
0.000000 0.000000 0.000000 0.000000 0.000000 0.000000 0.000000 0.000000 0.000000 0.000000 0.000000 0.000000 0.000000 0.000000 0.000000 0.000000 0.000000 0.000000 0.000000 0.000000 0.000000