geotop/1.0zi/1.0Montebello/Templates/testdem/maps/_Eocsand9968.asc
ncols         21
nrows         20
xllcorner     100.000000
yllcorner     100.000000
cellsize      50.000000
NODATA_value  -9999.0
0.000000 0.000000 0.000000 0.000000 0.000000 0.000000 0.000000 0.000000 0.000000 0.000000 0.000000 0.000000 0.000000 0.000000 0.000000 0.000000 0.000000 0.000000 0.000000 0.000000 0.000000
0.000000 0.000000 0.300245 0.300243 0.300243 0.300244 0.300243 0.300242 0.300243 0.300243 0.300244 0.300243 0.300243 0.300243 0.300243 0.300243 0.300244 0.300243 0.300243 0.000000 0.000000
0.000000 0.000000 0.300011 0.300013 0.300012 0.300011 0.300012 0.300013 0.300012 0.300012 0.300012 0.300012 0.300012 0.300012 0.300012 0.300012 0.300013 0.300013 0.300014 0.000000 0.000000
0.000000 0.000000 0.299810 0.299809 0.299819 0.299826 0.299825 0.299831 0.299823 0.299825 0.299825 0.299824 0.299822 0.299824 0.299819 0.299812 0.299809 0.299806 0.299808 0.000000 0.000000
0.000000 0.000000 0.296978 0.296978 0.296995 0.297031 0.297059 0.297069 0.297069 0.297070 0.297073 0.297066 0.297060 0.297061 0.297037 0.297023 0.297008 0.296998 0.296986 0.000000 0.000000
0.000000 0.000000 0.289191 0.289203 0.289243 0.289314 0.289380 0.289439 0.289436 0.289444 0.289449 0.289447 0.289436 0.289442 0.289405 0.289350 0.289322 0.289300 0.289288 0.000000 0.000000
0.000000 0.000000 0.278431 0.278455 0.278488 0.278571 0.278654 0.278770 0.278767 0.278774 0.278787 0.278787 0.278788 0.278784 0.278689 0.278621 0.278579 0.278549 0.278535 0.000000 0.000000
0.000000 0.000000 0.265644 0.265672 0.265707 0.265805 0.265898 0.266002 0.266000 0.266011 0.266026 0.266032 0.266035 0.266019 0.265930 0.265854 0.265786 0.265771 0.265743 0.000000 0.000000
0.000000 0.000000 0.251540 0.251579 0.251632 0.251711 0.251817 0.251942 0.251930 0.251952 0.251973 0.251977 0.251971 0.251978 0.251853 0.251762 0.251709 0.251686 0.251662 0.000000 0.000000
0.000000 0.000000 0.235871 0.235926 0.235969 0.236055 0.236172 0.236304 0.236302 0.236316 0.236349 0.236337 0.236322 0.236329 0.236227 0.236108 0.236045 0.236020 0.236010 0.000000 0.000000
0.000000 0.000000 0.217928 0.217974 0.218016 0.218200 0.218256 0.218433 0.218396 0.218478 0.218479 0.218492 0.218520 0.218473 0.218358 0.218283 0.218194 0.218163 0.218087 0.000000 0.000000
0.000000 0.000000 0.196834 0.196930 0.197041 0.197134 0.197230 0.197455 0.197461 0.197464 0.197448 0.197525 0.197487 0.197502 0.197294 0.197177 0.197130 0.197100 0.196948 0.000000 0.000000
0.000000 0.000000 0.172935 0.173025 0.173052 0.173232 0.173352 0.173954 0.173966 0.173998 0.174224 0.174089 0.174079 0.174027 0.173575 0.173476 0.173254 0.173243 0.173213 0.000000 0.000000
0.000000 0.000000 0.143336 0.143375 0.143579 0.143707 0.144557 0.144235 0.144417 0.144409 0.144294 0.144420 0.144437 0.144535 0.144819 0.143892 0.143868 0.143650 0.143525 0.000000 0.000000
0.000000 0.000000 0.110627 0.110727 0.110881 0.111948 0.111462 0.112137 0.112275 0.112338 0.112599 0.112665 0.112551 0.112536 0.111942 0.112406 0.111037 0.111366 0.111426 0.000000 0.000000
0.000000 0.000000 0.083313 0.083365 0.084383 0.083853 0.084048 0.083997 0.083550 0.083664 0.083431 0.083468 0.083663 0.083425 0.083570 0.083389 0.084550 0.082995 0.083019 0.000000 0.000000
0.000000 0.000000 0.061586 0.062226 0.062138 0.062370 0.062721 0.062796 0.062958 0.062921 0.063117 0.063095 0.062989 0.063095 0.062959 0.062692 0.062208 0.062501 0.061840 0.000000 0.000000
0.000000 0.000000 0.051222 0.051294 0.050930 0.051089 0.051263 0.051574 0.051628 0.051681 0.051668 0.051681 0.051638 0.051660 0.051362 0.051230 0.050934 0.051375 0.051297 0.000000 0.000000
0.000000 0.000000 0.300000 0.300000 0.300000 0.300000 0.300000 0.300000 0.300000 0.300000 0.300000 0.300000 0.300000 0.300000 0.300000 0.300000 0.300000 0.300000 0.300000 0.000000 0.000000
0.000000 0.000000 0.000000 0.000000 0.000000 0.000000 0.000000 0.000000 0.000000 0.000000 0.000000 0.000000 0.000000 0.000000 0.000000 0.000000 0.000000 0.000000 0.000000 0.000000 0.000000