geotop/1.0zi/1.0Montebello/Templates/testdem/maps/_Eocsand4238.asc
ncols         21
nrows         20
xllcorner     100.000000
yllcorner     100.000000
cellsize      50.000000
NODATA_value  -9999.0
0.000000 0.000000 0.000000 0.000000 0.000000 0.000000 0.000000 0.000000 0.000000 0.000000 0.000000 0.000000 0.000000 0.000000 0.000000 0.000000 0.000000 0.000000 0.000000 0.000000 0.000000
0.000000 0.000000 0.300107 0.300107 0.300106 0.300106 0.300106 0.300106 0.300106 0.300106 0.300106 0.300106 0.300106 0.300106 0.300106 0.300106 0.300106 0.300107 0.300107 0.000000 0.000000
0.000000 0.000000 0.300005 0.300004 0.300004 0.300004 0.300004 0.300004 0.300004 0.300004 0.300004 0.300004 0.300004 0.300004 0.300004 0.300004 0.300006 0.300006 0.300005 0.000000 0.000000
0.000000 0.000000 0.299975 0.299973 0.299976 0.299979 0.299977 0.299979 0.299977 0.299978 0.299978 0.299979 0.299979 0.299981 0.299976 0.299973 0.299973 0.299972 0.299974 0.000000 0.000000
0.000000 0.000000 0.299285 0.299284 0.299289 0.299288 0.299295 0.299299 0.299300 0.299304 0.299306 0.299301 0.299304 0.299304 0.299299 0.299300 0.299300 0.299296 0.299290 0.000000 0.000000
0.000000 0.000000 0.296981 0.296979 0.296989 0.297003 0.297010 0.297031 0.297033 0.297042 0.297034 0.297032 0.297029 0.297035 0.297035 0.297025 0.297016 0.297011 0.297004 0.000000 0.000000
0.000000 0.000000 0.293492 0.293500 0.293511 0.293536 0.293562 0.293596 0.293594 0.293601 0.293594 0.293596 0.293599 0.293599 0.293577 0.293548 0.293535 0.293527 0.293514 0.000000 0.000000
0.000000 0.000000 0.289510 0.289518 0.289530 0.289561 0.289587 0.289622 0.289618 0.289625 0.289623 0.289623 0.289630 0.289633 0.289601 0.289571 0.289552 0.289546 0.289534 0.000000 0.000000
0.000000 0.000000 0.285509 0.285520 0.285538 0.285561 0.285587 0.285628 0.285625 0.285633 0.285631 0.285629 0.285635 0.285635 0.285606 0.285572 0.285557 0.285549 0.285533 0.000000 0.000000
0.000000 0.000000 0.281526 0.281538 0.281552 0.281577 0.281610 0.281645 0.281640 0.281646 0.281645 0.281643 0.281650 0.281655 0.281621 0.281586 0.281572 0.281565 0.281552 0.000000 0.000000
0.000000 0.000000 0.277495 0.277507 0.277523 0.277542 0.277566 0.277609 0.277604 0.277614 0.277613 0.277610 0.277617 0.277621 0.277593 0.277568 0.277549 0.277540 0.277525 0.000000 0.000000
0.000000 0.000000 0.273332 0.273345 0.273363 0.273392 0.273418 0.273459 0.273459 0.273466 0.273464 0.273465 0.273470 0.273474 0.273436 0.273406 0.273388 0.273381 0.273334 0.000000 0.000000
0.000000 0.000000 0.269123 0.269137 0.269155 0.269178 0.269209 0.269295 0.269293 0.269301 0.269302 0.269300 0.269308 0.269309 0.269238 0.269202 0.269184 0.269176 0.269146 0.000000 0.000000
0.000000 0.000000 0.264680 0.264700 0.264716 0.264740 0.264826 0.264849 0.264862 0.264869 0.264867 0.264866 0.264875 0.264878 0.264855 0.264769 0.264750 0.264732 0.264713 0.000000 0.000000
0.000000 0.000000 0.259903 0.259921 0.259955 0.260034 0.260076 0.260129 0.260156 0.260165 0.260177 0.260177 0.260177 0.260190 0.260151 0.260089 0.259995 0.259998 0.259982 0.000000 0.000000
0.000000 0.000000 0.254987 0.255005 0.255106 0.255128 0.255154 0.255182 0.255185 0.255188 0.255183 0.255185 0.255201 0.255188 0.255177 0.255150 0.255145 0.255048 0.255021 0.000000 0.000000
0.000000 0.000000 0.249545 0.249670 0.249760 0.249800 0.249862 0.249896 0.249903 0.249908 0.249920 0.249919 0.249922 0.249935 0.249914 0.249841 0.249794 0.249741 0.249621 0.000000 0.000000
0.000000 0.000000 0.245271 0.245309 0.245249 0.245301 0.245357 0.245472 0.245482 0.245494 0.245489 0.245490 0.245501 0.245498 0.245398 0.245333 0.245261 0.245360 0.245305 0.000000 0.000000
0.000000 0.000000 0.300000 0.300000 0.300000 0.300000 0.300000 0.300000 0.300000 0.300000 0.300000 0.300000 0.300000 0.300000 0.300000 0.300000 0.300000 0.300000 0.300000 0.000000 0.000000
0.000000 0.000000 0.000000 0.000000 0.000000 0.000000 0.000000 0.000000 0.000000 0.000000 0.000000 0.000000 0.000000 0.000000 0.000000 0.000000 0.000000 0.000000 0.000000 0.000000 0.000000