geotop/1.0zi/1.0Montebello/Templates/testdem/maps/_Eocclay2645.asc
ncols         21
nrows         20
xllcorner     100.000000
yllcorner     100.000000
cellsize      50.000000
NODATA_value  -9999.0
0.000000 0.000000 0.000000 0.000000 0.000000 0.000000 0.000000 0.000000 0.000000 0.000000 0.000000 0.000000 0.000000 0.000000 0.000000 0.000000 0.000000 0.000000 0.000000 0.000000 0.000000
0.000000 0.000000 0.349859 0.349859 0.349859 0.349859 0.349859 0.349859 0.349859 0.349859 0.349859 0.349859 0.349859 0.349859 0.349859 0.349859 0.349859 0.349859 0.349859 0.000000 0.000000
0.000000 0.000000 0.349990 0.349990 0.349989 0.349990 0.349990 0.349990 0.349990 0.349990 0.349991 0.349990 0.349990 0.349990 0.349990 0.349990 0.349989 0.349990 0.349990 0.000000 0.000000
0.000000 0.000000 0.350813 0.350813 0.350811 0.350812 0.350813 0.350813 0.350813 0.350813 0.350813 0.350813 0.350813 0.350813 0.350813 0.350812 0.350811 0.350813 0.350813 0.000000 0.000000
0.000000 0.000000 0.354592 0.354591 0.354589 0.354589 0.354593 0.354592 0.354592 0.354593 0.354594 0.354593 0.354592 0.354592 0.354593 0.354589 0.354589 0.354591 0.354592 0.000000 0.000000
0.000000 0.000000 0.358954 0.358954 0.358952 0.358952 0.358955 0.358954 0.358954 0.358955 0.358955 0.358955 0.358954 0.358954 0.358955 0.358952 0.358952 0.358954 0.358954 0.000000 0.000000
0.000000 0.000000 0.363100 0.363099 0.363098 0.363098 0.363100 0.363100 0.363100 0.363100 0.363101 0.363100 0.363100 0.363100 0.363100 0.363098 0.363098 0.363099 0.363100 0.000000 0.000000
0.000000 0.000000 0.366906 0.366906 0.366904 0.366905 0.366906 0.366906 0.366906 0.366907 0.366907 0.366907 0.366906 0.366906 0.366906 0.366905 0.366904 0.366906 0.366906 0.000000 0.000000
0.000000 0.000000 0.370453 0.370453 0.370452 0.370452 0.370453 0.370453 0.370453 0.370454 0.370454 0.370454 0.370453 0.370453 0.370453 0.370452 0.370452 0.370453 0.370453 0.000000 0.000000
0.000000 0.000000 0.373821 0.373821 0.373820 0.373820 0.373821 0.373821 0.373821 0.373822 0.373822 0.373822 0.373821 0.373821 0.373821 0.373820 0.373820 0.373821 0.373821 0.000000 0.000000
0.000000 0.000000 0.377050 0.377050 0.377049 0.377049 0.377050 0.377050 0.377050 0.377051 0.377051 0.377051 0.377050 0.377050 0.377050 0.377049 0.377049 0.377050 0.377050 0.000000 0.000000
0.000000 0.000000 0.380170 0.380170 0.380169 0.380169 0.380170 0.380170 0.380170 0.380170 0.380171 0.380170 0.380170 0.380170 0.380170 0.380169 0.380169 0.380170 0.380170 0.000000 0.000000
0.000000 0.000000 0.383203 0.383203 0.383202 0.383202 0.383203 0.383203 0.383203 0.383204 0.383204 0.383204 0.383203 0.383203 0.383203 0.383202 0.383202 0.383203 0.383203 0.000000 0.000000
0.000000 0.000000 0.386164 0.386164 0.386163 0.386163 0.386165 0.386164 0.386164 0.386165 0.386165 0.386165 0.386164 0.386164 0.386165 0.386163 0.386163 0.386164 0.386164 0.000000 0.000000
0.000000 0.000000 0.389063 0.389063 0.389061 0.389062 0.389063 0.389063 0.389063 0.389063 0.389064 0.389063 0.389063 0.389063 0.389063 0.389062 0.389061 0.389063 0.389063 0.000000 0.000000
0.000000 0.000000 0.391905 0.391904 0.391903 0.391904 0.391905 0.391904 0.391904 0.391905 0.391905 0.391905 0.391904 0.391904 0.391905 0.391904 0.391903 0.391904 0.391905 0.000000 0.000000
0.000000 0.000000 0.394692 0.394692 0.394691 0.394691 0.394693 0.394692 0.394692 0.394693 0.394693 0.394693 0.394692 0.394692 0.394693 0.394691 0.394691 0.394692 0.394692 0.000000 0.000000
0.000000 0.000000 0.397465 0.397465 0.397464 0.397464 0.397466 0.397465 0.397465 0.397466 0.397466 0.397466 0.397465 0.397465 0.397466 0.397464 0.397464 0.397465 0.397465 0.000000 0.000000
0.000000 0.000000 0.350000 0.350000 0.350000 0.350000 0.350000 0.350000 0.350000 0.350000 0.350000 0.350000 0.350000 0.350000 0.350000 0.350000 0.350000 0.350000 0.350000 0.000000 0.000000
0.000000 0.000000 0.000000 0.000000 0.000000 0.000000 0.000000 0.000000 0.000000 0.000000 0.000000 0.000000 0.000000 0.000000 0.000000 0.000000 0.000000 0.000000 0.000000 0.000000 0.000000