geotop/1.0zi/1.0Montebello/Templates/testdem/maps/_Eocsilt3557.asc
ncols         21
nrows         20
xllcorner     100.000000
yllcorner     100.000000
cellsize      50.000000
NODATA_value  -9999.0
0.000000 0.000000 0.000000 0.000000 0.000000 0.000000 0.000000 0.000000 0.000000 0.000000 0.000000 0.000000 0.000000 0.000000 0.000000 0.000000 0.000000 0.000000 0.000000 0.000000 0.000000
0.000000 0.000000 0.350094 0.350094 0.350094 0.350094 0.350094 0.350094 0.350094 0.350094 0.350094 0.350094 0.350094 0.350094 0.350094 0.350094 0.350094 0.350094 0.350094 0.000000 0.000000
0.000000 0.000000 0.349994 0.349993 0.349994 0.349994 0.349994 0.349994 0.349994 0.349994 0.349994 0.349994 0.349994 0.349994 0.349994 0.349994 0.349994 0.349993 0.349994 0.000000 0.000000
0.000000 0.000000 0.351378 0.351377 0.351375 0.351376 0.351378 0.351378 0.351378 0.351378 0.351378 0.351378 0.351378 0.351378 0.351378 0.351376 0.351375 0.351377 0.351378 0.000000 0.000000
0.000000 0.000000 0.356335 0.356335 0.356333 0.356333 0.356335 0.356334 0.356334 0.356335 0.356336 0.356335 0.356334 0.356334 0.356335 0.356333 0.356333 0.356335 0.356335 0.000000 0.000000
0.000000 0.000000 0.362456 0.362456 0.362454 0.362454 0.362456 0.362455 0.362455 0.362456 0.362457 0.362456 0.362455 0.362455 0.362456 0.362454 0.362454 0.362456 0.362456 0.000000 0.000000
0.000000 0.000000 0.367998 0.367998 0.367996 0.367996 0.367998 0.367997 0.367997 0.367998 0.367999 0.367998 0.367997 0.367997 0.367998 0.367996 0.367996 0.367998 0.367998 0.000000 0.000000
0.000000 0.000000 0.373003 0.373002 0.373001 0.373001 0.373003 0.373002 0.373002 0.373003 0.373003 0.373003 0.373002 0.373002 0.373003 0.373001 0.373001 0.373002 0.373003 0.000000 0.000000
0.000000 0.000000 0.377615 0.377614 0.377613 0.377613 0.377615 0.377614 0.377614 0.377615 0.377615 0.377615 0.377614 0.377614 0.377615 0.377613 0.377613 0.377614 0.377615 0.000000 0.000000
0.000000 0.000000 0.381943 0.381942 0.381941 0.381942 0.381943 0.381942 0.381942 0.381943 0.381943 0.381943 0.381942 0.381942 0.381943 0.381942 0.381941 0.381942 0.381943 0.000000 0.000000
0.000000 0.000000 0.386044 0.386044 0.386043 0.386043 0.386044 0.386044 0.386044 0.386044 0.386045 0.386044 0.386044 0.386044 0.386044 0.386043 0.386043 0.386044 0.386044 0.000000 0.000000
0.000000 0.000000 0.389959 0.389958 0.389957 0.389958 0.389959 0.389958 0.389958 0.389959 0.389959 0.389959 0.389958 0.389958 0.389959 0.389958 0.389957 0.389958 0.389959 0.000000 0.000000
0.000000 0.000000 0.393716 0.393716 0.393715 0.393715 0.393716 0.393716 0.393716 0.393716 0.393717 0.393716 0.393716 0.393716 0.393716 0.393715 0.393715 0.393716 0.393716 0.000000 0.000000
0.000000 0.000000 0.397345 0.397345 0.397344 0.397344 0.397345 0.397345 0.397345 0.397345 0.397346 0.397345 0.397345 0.397345 0.397345 0.397344 0.397344 0.397345 0.397345 0.000000 0.000000
0.000000 0.000000 0.400856 0.400856 0.400855 0.400855 0.400857 0.400856 0.400856 0.400856 0.400857 0.400856 0.400856 0.400856 0.400857 0.400855 0.400855 0.400856 0.400856 0.000000 0.000000
0.000000 0.000000 0.404255 0.404255 0.404254 0.404254 0.404255 0.404255 0.404255 0.404255 0.404255 0.404255 0.404255 0.404255 0.404255 0.404254 0.404254 0.404255 0.404255 0.000000 0.000000
0.000000 0.000000 0.407554 0.407554 0.407553 0.407553 0.407554 0.407553 0.407553 0.407554 0.407554 0.407554 0.407553 0.407553 0.407554 0.407553 0.407553 0.407554 0.407554 0.000000 0.000000
0.000000 0.000000 0.410801 0.410801 0.410800 0.410801 0.410802 0.410801 0.410801 0.410802 0.410802 0.410802 0.410801 0.410801 0.410802 0.410801 0.410800 0.410801 0.410802 0.000000 0.000000
0.000000 0.000000 0.350000 0.350000 0.350000 0.350000 0.350000 0.350000 0.350000 0.350000 0.350000 0.350000 0.350000 0.350000 0.350000 0.350000 0.350000 0.350000 0.350000 0.000000 0.000000
0.000000 0.000000 0.000000 0.000000 0.000000 0.000000 0.000000 0.000000 0.000000 0.000000 0.000000 0.000000 0.000000 0.000000 0.000000 0.000000 0.000000 0.000000 0.000000 0.000000 0.000000