geotop/1.0zi/1.0Montebello/Templates/testdem/maps/_Eocsilt3634.asc
ncols         21
nrows         20
xllcorner     100.000000
yllcorner     100.000000
cellsize      50.000000
NODATA_value  -9999.0
0.000000 0.000000 0.000000 0.000000 0.000000 0.000000 0.000000 0.000000 0.000000 0.000000 0.000000 0.000000 0.000000 0.000000 0.000000 0.000000 0.000000 0.000000 0.000000 0.000000 0.000000
0.000000 0.000000 0.350095 0.350095 0.350095 0.350095 0.350095 0.350095 0.350095 0.350095 0.350094 0.350095 0.350095 0.350095 0.350095 0.350095 0.350095 0.350095 0.350095 0.000000 0.000000
0.000000 0.000000 0.349993 0.349993 0.349993 0.349993 0.349993 0.349993 0.349993 0.349993 0.349994 0.349993 0.349993 0.349993 0.349993 0.349993 0.349993 0.349993 0.349993 0.000000 0.000000
0.000000 0.000000 0.351381 0.351381 0.351378 0.351379 0.351382 0.351381 0.351381 0.351381 0.351381 0.351381 0.351381 0.351381 0.351382 0.351379 0.351378 0.351381 0.351381 0.000000 0.000000
0.000000 0.000000 0.356391 0.356390 0.356388 0.356389 0.356391 0.356390 0.356389 0.356391 0.356391 0.356391 0.356389 0.356390 0.356391 0.356389 0.356388 0.356390 0.356391 0.000000 0.000000
0.000000 0.000000 0.362628 0.362627 0.362625 0.362626 0.362628 0.362627 0.362626 0.362627 0.362628 0.362627 0.362626 0.362627 0.362628 0.362626 0.362625 0.362627 0.362628 0.000000 0.000000
0.000000 0.000000 0.368280 0.368279 0.368278 0.368278 0.368279 0.368279 0.368278 0.368279 0.368280 0.368279 0.368278 0.368279 0.368279 0.368278 0.368278 0.368279 0.368280 0.000000 0.000000
0.000000 0.000000 0.373381 0.373380 0.373379 0.373379 0.373381 0.373380 0.373380 0.373380 0.373381 0.373380 0.373380 0.373380 0.373381 0.373379 0.373379 0.373380 0.373381 0.000000 0.000000
0.000000 0.000000 0.378078 0.378078 0.378077 0.378077 0.378078 0.378078 0.378077 0.378078 0.378078 0.378078 0.378077 0.378078 0.378078 0.378077 0.378077 0.378078 0.378078 0.000000 0.000000
0.000000 0.000000 0.382484 0.382484 0.382483 0.382483 0.382484 0.382484 0.382483 0.382484 0.382484 0.382484 0.382483 0.382484 0.382484 0.382483 0.382483 0.382484 0.382484 0.000000 0.000000
0.000000 0.000000 0.386657 0.386656 0.386655 0.386655 0.386656 0.386656 0.386656 0.386656 0.386656 0.386656 0.386656 0.386656 0.386656 0.386655 0.386655 0.386656 0.386657 0.000000 0.000000
0.000000 0.000000 0.390637 0.390636 0.390635 0.390636 0.390637 0.390636 0.390636 0.390636 0.390637 0.390636 0.390636 0.390636 0.390637 0.390636 0.390635 0.390636 0.390637 0.000000 0.000000
0.000000 0.000000 0.394455 0.394455 0.394454 0.394454 0.394455 0.394455 0.394454 0.394455 0.394455 0.394455 0.394454 0.394455 0.394455 0.394454 0.394454 0.394455 0.394455 0.000000 0.000000
0.000000 0.000000 0.398140 0.398140 0.398139 0.398139 0.398140 0.398140 0.398139 0.398140 0.398140 0.398140 0.398139 0.398140 0.398140 0.398139 0.398139 0.398140 0.398140 0.000000 0.000000
0.000000 0.000000 0.401703 0.401703 0.401702 0.401702 0.401703 0.401703 0.401703 0.401703 0.401703 0.401703 0.401703 0.401703 0.401703 0.401702 0.401702 0.401703 0.401703 0.000000 0.000000
0.000000 0.000000 0.405150 0.405150 0.405149 0.405149 0.405150 0.405150 0.405149 0.405150 0.405150 0.405150 0.405149 0.405150 0.405150 0.405149 0.405149 0.405150 0.405150 0.000000 0.000000
0.000000 0.000000 0.408492 0.408492 0.408491 0.408492 0.408492 0.408492 0.408492 0.408492 0.408492 0.408492 0.408492 0.408492 0.408492 0.408492 0.408491 0.408492 0.408492 0.000000 0.000000
0.000000 0.000000 0.411774 0.411774 0.411773 0.411774 0.411775 0.411774 0.411774 0.411774 0.411775 0.411774 0.411774 0.411774 0.411775 0.411774 0.411773 0.411774 0.411775 0.000000 0.000000
0.000000 0.000000 0.350000 0.350000 0.350000 0.350000 0.350000 0.350000 0.350000 0.350000 0.350000 0.350000 0.350000 0.350000 0.350000 0.350000 0.350000 0.350000 0.350000 0.000000 0.000000
0.000000 0.000000 0.000000 0.000000 0.000000 0.000000 0.000000 0.000000 0.000000 0.000000 0.000000 0.000000 0.000000 0.000000 0.000000 0.000000 0.000000 0.000000 0.000000 0.000000 0.000000