geotop/1.0zi/1.0Montebello/Templates/testdem/maps/_Eocsand8819.asc
ncols         21
nrows         20
xllcorner     100.000000
yllcorner     100.000000
cellsize      50.000000
NODATA_value  -9999.0
0.000000 0.000000 0.000000 0.000000 0.000000 0.000000 0.000000 0.000000 0.000000 0.000000 0.000000 0.000000 0.000000 0.000000 0.000000 0.000000 0.000000 0.000000 0.000000 0.000000 0.000000
0.000000 0.000000 0.300225 0.300222 0.300222 0.300223 0.300222 0.300221 0.300222 0.300222 0.300222 0.300222 0.300222 0.300222 0.300222 0.300222 0.300223 0.300223 0.300223 0.000000 0.000000
0.000000 0.000000 0.300012 0.300014 0.300013 0.300012 0.300013 0.300013 0.300013 0.300013 0.300013 0.300013 0.300012 0.300013 0.300012 0.300013 0.300014 0.300014 0.300015 0.000000 0.000000
0.000000 0.000000 0.299856 0.299856 0.299863 0.299870 0.299869 0.299873 0.299867 0.299869 0.299869 0.299868 0.299867 0.299869 0.299864 0.299859 0.299856 0.299856 0.299855 0.000000 0.000000
0.000000 0.000000 0.297571 0.297571 0.297584 0.297610 0.297636 0.297640 0.297643 0.297645 0.297646 0.297643 0.297640 0.297639 0.297617 0.297606 0.297593 0.297589 0.297577 0.000000 0.000000
0.000000 0.000000 0.291141 0.291149 0.291177 0.291225 0.291275 0.291320 0.291316 0.291329 0.291320 0.291320 0.291311 0.291314 0.291286 0.291244 0.291221 0.291208 0.291196 0.000000 0.000000
0.000000 0.000000 0.282247 0.282264 0.282285 0.282344 0.282413 0.282506 0.282500 0.282509 0.282508 0.282507 0.282509 0.282503 0.282426 0.282368 0.282333 0.282312 0.282297 0.000000 0.000000
0.000000 0.000000 0.271727 0.271743 0.271760 0.271828 0.271897 0.271982 0.271978 0.271988 0.271989 0.271994 0.271998 0.271980 0.271908 0.271847 0.271790 0.271783 0.271756 0.000000 0.000000
0.000000 0.000000 0.260360 0.260384 0.260415 0.260462 0.260542 0.260638 0.260627 0.260647 0.260653 0.260656 0.260652 0.260655 0.260556 0.260482 0.260440 0.260428 0.260402 0.000000 0.000000
0.000000 0.000000 0.248112 0.248144 0.248160 0.248209 0.248321 0.248406 0.248401 0.248413 0.248427 0.248417 0.248404 0.248408 0.248328 0.248235 0.248185 0.248174 0.248160 0.000000 0.000000
0.000000 0.000000 0.234560 0.234580 0.234598 0.234709 0.234781 0.234891 0.234858 0.234924 0.234910 0.234917 0.234938 0.234899 0.234816 0.234760 0.234690 0.234667 0.234613 0.000000 0.000000
0.000000 0.000000 0.219201 0.219245 0.219299 0.219358 0.219456 0.219588 0.219587 0.219596 0.219567 0.219618 0.219594 0.219594 0.219449 0.219370 0.219335 0.219319 0.219199 0.000000 0.000000
0.000000 0.000000 0.202277 0.202327 0.202331 0.202446 0.202524 0.202912 0.202909 0.202928 0.203043 0.202974 0.202958 0.202920 0.202619 0.202546 0.202405 0.202406 0.202357 0.000000 0.000000
0.000000 0.000000 0.181858 0.181872 0.181963 0.182035 0.182565 0.182455 0.182553 0.182549 0.182496 0.182545 0.182555 0.182597 0.182692 0.182126 0.182078 0.181954 0.181862 0.000000 0.000000
0.000000 0.000000 0.157576 0.157639 0.157744 0.158437 0.158279 0.158639 0.158764 0.158799 0.158928 0.158997 0.158918 0.158924 0.158575 0.158699 0.157789 0.157988 0.157994 0.000000 0.000000
0.000000 0.000000 0.131737 0.131785 0.132755 0.132366 0.132479 0.132494 0.132079 0.132195 0.131978 0.132030 0.132202 0.131961 0.132012 0.131912 0.132833 0.131396 0.131421 0.000000 0.000000
0.000000 0.000000 0.101986 0.103314 0.102873 0.103449 0.104112 0.104306 0.104732 0.104627 0.105063 0.105011 0.104754 0.105020 0.104665 0.104175 0.102911 0.103893 0.102516 0.000000 0.000000
0.000000 0.000000 0.093712 0.092584 0.091633 0.091635 0.091562 0.092486 0.092300 0.092578 0.092105 0.092200 0.092276 0.092117 0.091357 0.091403 0.091461 0.092186 0.093301 0.000000 0.000000
0.000000 0.000000 0.300000 0.300000 0.300000 0.300000 0.300000 0.300000 0.300000 0.300000 0.300000 0.300000 0.300000 0.300000 0.300000 0.300000 0.300000 0.300000 0.300000 0.000000 0.000000
0.000000 0.000000 0.000000 0.000000 0.000000 0.000000 0.000000 0.000000 0.000000 0.000000 0.000000 0.000000 0.000000 0.000000 0.000000 0.000000 0.000000 0.000000 0.000000 0.000000 0.000000