geotop/1.0zi/1.0Montebello/Templates/testdem/maps/_Eocsilt2569.asc
ncols         21
nrows         20
xllcorner     100.000000
yllcorner     100.000000
cellsize      50.000000
NODATA_value  -9999.0
0.000000 0.000000 0.000000 0.000000 0.000000 0.000000 0.000000 0.000000 0.000000 0.000000 0.000000 0.000000 0.000000 0.000000 0.000000 0.000000 0.000000 0.000000 0.000000 0.000000 0.000000
0.000000 0.000000 0.350061 0.350061 0.350061 0.350061 0.350061 0.350061 0.350061 0.350061 0.350061 0.350061 0.350061 0.350061 0.350061 0.350061 0.350061 0.350061 0.350061 0.000000 0.000000
0.000000 0.000000 0.349998 0.349998 0.349998 0.349998 0.349998 0.349998 0.349998 0.349998 0.349998 0.349998 0.349998 0.349998 0.349998 0.349998 0.349998 0.349998 0.349998 0.000000 0.000000
0.000000 0.000000 0.350860 0.350860 0.350857 0.350858 0.350861 0.350860 0.350860 0.350861 0.350861 0.350861 0.350860 0.350860 0.350861 0.350858 0.350857 0.350860 0.350860 0.000000 0.000000
0.000000 0.000000 0.354212 0.354211 0.354209 0.354210 0.354212 0.354211 0.354212 0.354213 0.354213 0.354213 0.354212 0.354211 0.354212 0.354210 0.354209 0.354211 0.354212 0.000000 0.000000
0.000000 0.000000 0.358560 0.358559 0.358558 0.358558 0.358561 0.358560 0.358560 0.358561 0.358561 0.358561 0.358560 0.358560 0.358561 0.358558 0.358558 0.358559 0.358560 0.000000 0.000000
0.000000 0.000000 0.362541 0.362541 0.362539 0.362539 0.362541 0.362541 0.362541 0.362542 0.362542 0.362542 0.362541 0.362541 0.362541 0.362539 0.362539 0.362541 0.362541 0.000000 0.000000
0.000000 0.000000 0.366172 0.366172 0.366171 0.366171 0.366173 0.366172 0.366172 0.366173 0.366173 0.366173 0.366172 0.366172 0.366173 0.366171 0.366171 0.366172 0.366172 0.000000 0.000000
0.000000 0.000000 0.369552 0.369552 0.369550 0.369551 0.369552 0.369552 0.369552 0.369553 0.369553 0.369553 0.369552 0.369552 0.369552 0.369551 0.369550 0.369552 0.369552 0.000000 0.000000
0.000000 0.000000 0.372759 0.372758 0.372757 0.372758 0.372759 0.372758 0.372758 0.372759 0.372759 0.372759 0.372758 0.372758 0.372759 0.372758 0.372757 0.372758 0.372759 0.000000 0.000000
0.000000 0.000000 0.375831 0.375831 0.375830 0.375830 0.375831 0.375831 0.375831 0.375832 0.375832 0.375832 0.375831 0.375831 0.375831 0.375830 0.375830 0.375831 0.375831 0.000000 0.000000
0.000000 0.000000 0.378798 0.378798 0.378797 0.378797 0.378798 0.378798 0.378798 0.378798 0.378799 0.378798 0.378798 0.378798 0.378798 0.378797 0.378797 0.378798 0.378798 0.000000 0.000000
0.000000 0.000000 0.381681 0.381680 0.381679 0.381680 0.381681 0.381680 0.381680 0.381681 0.381681 0.381681 0.381680 0.381680 0.381681 0.381680 0.381679 0.381680 0.381681 0.000000 0.000000
0.000000 0.000000 0.384493 0.384493 0.384492 0.384492 0.384494 0.384493 0.384493 0.384494 0.384494 0.384494 0.384493 0.384493 0.384494 0.384492 0.384492 0.384493 0.384493 0.000000 0.000000
0.000000 0.000000 0.387246 0.387246 0.387245 0.387245 0.387246 0.387246 0.387246 0.387246 0.387247 0.387246 0.387246 0.387246 0.387246 0.387245 0.387245 0.387246 0.387246 0.000000 0.000000
0.000000 0.000000 0.389943 0.389943 0.389942 0.389943 0.389944 0.389943 0.389943 0.389944 0.389944 0.389944 0.389943 0.389943 0.389944 0.389943 0.389942 0.389943 0.389943 0.000000 0.000000
0.000000 0.000000 0.392589 0.392589 0.392588 0.392588 0.392589 0.392589 0.392589 0.392589 0.392590 0.392589 0.392589 0.392589 0.392589 0.392588 0.392588 0.392589 0.392589 0.000000 0.000000
0.000000 0.000000 0.395221 0.395221 0.395220 0.395221 0.395222 0.395221 0.395221 0.395222 0.395222 0.395222 0.395221 0.395221 0.395222 0.395221 0.395220 0.395221 0.395222 0.000000 0.000000
0.000000 0.000000 0.350000 0.350000 0.350000 0.350000 0.350000 0.350000 0.350000 0.350000 0.350000 0.350000 0.350000 0.350000 0.350000 0.350000 0.350000 0.350000 0.350000 0.000000 0.000000
0.000000 0.000000 0.000000 0.000000 0.000000 0.000000 0.000000 0.000000 0.000000 0.000000 0.000000 0.000000 0.000000 0.000000 0.000000 0.000000 0.000000 0.000000 0.000000 0.000000 0.000000