geotop/1.0zi/1.0Montebello/Templates/testdem/maps/_Eocclay077$.asc
ncols         21
nrows         20
xllcorner     100.000000
yllcorner     100.000000
cellsize      50.000000
NODATA_value  -9999.0
0.000000 0.000000 0.000000 0.000000 0.000000 0.000000 0.000000 0.000000 0.000000 0.000000 0.000000 0.000000 0.000000 0.000000 0.000000 0.000000 0.000000 0.000000 0.000000 0.000000 0.000000
0.000000 0.000000 0.349491 0.349494 0.349493 0.349492 0.349494 0.349495 0.349494 0.349494 0.349493 0.349494 0.349494 0.349494 0.349494 0.349494 0.349492 0.349493 0.349493 0.000000 0.000000
0.000000 0.000000 0.349979 0.349977 0.349977 0.349979 0.349977 0.349976 0.349977 0.349977 0.349977 0.349977 0.349977 0.349977 0.349978 0.349978 0.349979 0.349978 0.349977 0.000000 0.000000
0.000000 0.000000 0.350077 0.350087 0.350084 0.350078 0.350081 0.350081 0.350085 0.350082 0.350084 0.350082 0.350083 0.350081 0.350086 0.350089 0.350088 0.350086 0.350084 0.000000 0.000000
0.000000 0.000000 0.351960 0.351947 0.351939 0.351923 0.351902 0.351897 0.351895 0.351898 0.351896 0.351900 0.351900 0.351901 0.351911 0.351917 0.351930 0.351938 0.351947 0.000000 0.000000
0.000000 0.000000 0.356658 0.356651 0.356625 0.356580 0.356545 0.356510 0.356516 0.356512 0.356509 0.356509 0.356516 0.356513 0.356531 0.356566 0.356585 0.356601 0.356606 0.000000 0.000000
0.000000 0.000000 0.362901 0.362887 0.362869 0.362823 0.362778 0.362709 0.362711 0.362707 0.362701 0.362702 0.362702 0.362702 0.362756 0.362796 0.362820 0.362837 0.362845 0.000000 0.000000
0.000000 0.000000 0.370407 0.370389 0.370367 0.370304 0.370253 0.370189 0.370191 0.370186 0.370178 0.370175 0.370172 0.370182 0.370231 0.370274 0.370315 0.370326 0.370342 0.000000 0.000000
0.000000 0.000000 0.378841 0.378818 0.378783 0.378734 0.378673 0.378599 0.378607 0.378597 0.378584 0.378582 0.378585 0.378580 0.378650 0.378704 0.378736 0.378751 0.378764 0.000000 0.000000
0.000000 0.000000 0.388510 0.388475 0.388444 0.388389 0.388319 0.388238 0.388239 0.388234 0.388215 0.388222 0.388231 0.388227 0.388283 0.388355 0.388396 0.388414 0.388419 0.000000 0.000000
0.000000 0.000000 0.399988 0.399958 0.399929 0.399807 0.399775 0.399660 0.399686 0.399635 0.399637 0.399627 0.399606 0.399638 0.399706 0.399750 0.399810 0.399833 0.399882 0.000000 0.000000
0.000000 0.000000 0.413942 0.413875 0.413792 0.413737 0.413669 0.413522 0.413508 0.413517 0.413529 0.413484 0.413507 0.413487 0.413620 0.413701 0.413731 0.413753 0.413851 0.000000 0.000000
0.000000 0.000000 0.429860 0.429796 0.429779 0.429646 0.429565 0.429144 0.429134 0.429111 0.428944 0.429059 0.429057 0.429095 0.429399 0.429460 0.429624 0.429634 0.429631 0.000000 0.000000
0.000000 0.000000 0.448670 0.448644 0.448497 0.448427 0.447868 0.448163 0.448044 0.448050 0.448160 0.448053 0.448038 0.447963 0.447705 0.448323 0.448311 0.448459 0.448539 0.000000 0.000000
0.000000 0.000000 0.464998 0.464946 0.464883 0.464385 0.464656 0.464309 0.464258 0.464226 0.464093 0.464074 0.464126 0.464140 0.464440 0.464168 0.464815 0.464652 0.464615 0.000000 0.000000
0.000000 0.000000 0.475573 0.475547 0.475233 0.475315 0.475290 0.475253 0.475378 0.475343 0.475393 0.475380 0.475330 0.475400 0.475394 0.475414 0.475168 0.475602 0.475590 0.000000 0.000000
0.000000 0.000000 0.483674 0.483484 0.483442 0.483378 0.483280 0.483236 0.483215 0.483218 0.483171 0.483172 0.483192 0.483177 0.483223 0.483294 0.483399 0.483401 0.483581 0.000000 0.000000
0.000000 0.000000 0.487816 0.487907 0.487937 0.487952 0.487934 0.487821 0.487865 0.487828 0.487884 0.487871 0.487854 0.487884 0.487971 0.487983 0.487925 0.487943 0.487845 0.000000 0.000000
0.000000 0.000000 0.350000 0.350000 0.350000 0.350000 0.350000 0.350000 0.350000 0.350000 0.350000 0.350000 0.350000 0.350000 0.350000 0.350000 0.350000 0.350000 0.350000 0.000000 0.000000
0.000000 0.000000 0.000000 0.000000 0.000000 0.000000 0.000000 0.000000 0.000000 0.000000 0.000000 0.000000 0.000000 0.000000 0.000000 0.000000 0.000000 0.000000 0.000000 0.000000 0.000000