geotop/1.0zi/1.0Montebello/Templates/testdem/maps/_Eocsand6184.asc
ncols         21
nrows         20
xllcorner     100.000000
yllcorner     100.000000
cellsize      50.000000
NODATA_value  -9999.0
0.000000 0.000000 0.000000 0.000000 0.000000 0.000000 0.000000 0.000000 0.000000 0.000000 0.000000 0.000000 0.000000 0.000000 0.000000 0.000000 0.000000 0.000000 0.000000 0.000000 0.000000
0.000000 0.000000 0.300151 0.300151 0.300151 0.300151 0.300150 0.300150 0.300151 0.300151 0.300152 0.300151 0.300151 0.300151 0.300150 0.300151 0.300152 0.300152 0.300151 0.000000 0.000000
0.000000 0.000000 0.300009 0.300008 0.300008 0.300007 0.300008 0.300008 0.300008 0.300008 0.300008 0.300008 0.300007 0.300008 0.300008 0.300008 0.300009 0.300009 0.300010 0.000000 0.000000
0.000000 0.000000 0.299971 0.299969 0.299972 0.299977 0.299974 0.299976 0.299972 0.299975 0.299972 0.299975 0.299974 0.299975 0.299973 0.299968 0.299969 0.299965 0.299967 0.000000 0.000000
0.000000 0.000000 0.298944 0.298941 0.298944 0.298950 0.298965 0.298973 0.298974 0.298974 0.298978 0.298978 0.298980 0.298978 0.298966 0.298964 0.298960 0.298949 0.298939 0.000000 0.000000
0.000000 0.000000 0.295644 0.295641 0.295653 0.295688 0.295705 0.295741 0.295742 0.295751 0.295743 0.295740 0.295735 0.295739 0.295729 0.295708 0.295691 0.295676 0.295666 0.000000 0.000000
0.000000 0.000000 0.290615 0.290620 0.290630 0.290667 0.290711 0.290763 0.290763 0.290770 0.290766 0.290765 0.290767 0.290765 0.290724 0.290681 0.290662 0.290643 0.290628 0.000000 0.000000
0.000000 0.000000 0.284489 0.284489 0.284494 0.284534 0.284577 0.284635 0.284634 0.284640 0.284640 0.284642 0.284645 0.284637 0.284591 0.284550 0.284518 0.284509 0.284488 0.000000 0.000000
0.000000 0.000000 0.278121 0.278130 0.278146 0.278171 0.278214 0.278275 0.278272 0.278283 0.278288 0.278286 0.278286 0.278290 0.278232 0.278187 0.278158 0.278148 0.278129 0.000000 0.000000
0.000000 0.000000 0.271656 0.271667 0.271674 0.271692 0.271754 0.271809 0.271806 0.271813 0.271822 0.271814 0.271806 0.271812 0.271766 0.271714 0.271683 0.271677 0.271663 0.000000 0.000000
0.000000 0.000000 0.264941 0.264947 0.264952 0.264997 0.265039 0.265100 0.265088 0.265116 0.265116 0.265114 0.265122 0.265105 0.265066 0.265033 0.264999 0.264980 0.264952 0.000000 0.000000
0.000000 0.000000 0.257838 0.257854 0.257874 0.257905 0.257943 0.258017 0.258015 0.258031 0.258014 0.258033 0.258029 0.258023 0.257955 0.257922 0.257897 0.257887 0.257817 0.000000 0.000000
0.000000 0.000000 0.250491 0.250505 0.250512 0.250550 0.250584 0.250738 0.250739 0.250751 0.250785 0.250767 0.250756 0.250744 0.250629 0.250597 0.250542 0.250536 0.250488 0.000000 0.000000
0.000000 0.000000 0.242437 0.242446 0.242469 0.242493 0.242647 0.242681 0.242716 0.242718 0.242728 0.242725 0.242724 0.242729 0.242710 0.242554 0.242509 0.242470 0.242420 0.000000 0.000000
0.000000 0.000000 0.233486 0.233499 0.233534 0.233699 0.233742 0.233834 0.233892 0.233902 0.233932 0.233950 0.233931 0.233942 0.233869 0.233801 0.233569 0.233590 0.233560 0.000000 0.000000
0.000000 0.000000 0.223936 0.223947 0.224168 0.224195 0.224206 0.224261 0.224212 0.224238 0.224217 0.224240 0.224267 0.224221 0.224185 0.224166 0.224199 0.223915 0.223909 0.000000 0.000000
0.000000 0.000000 0.212837 0.213146 0.213230 0.213318 0.213463 0.213533 0.213566 0.213567 0.213637 0.213643 0.213612 0.213627 0.213542 0.213431 0.213251 0.213216 0.212901 0.000000 0.000000
0.000000 0.000000 0.205071 0.205018 0.204737 0.204803 0.204901 0.205182 0.205186 0.205251 0.205199 0.205217 0.205201 0.205190 0.204932 0.204859 0.204690 0.204977 0.205011 0.000000 0.000000
0.000000 0.000000 0.300000 0.300000 0.300000 0.300000 0.300000 0.300000 0.300000 0.300000 0.300000 0.300000 0.300000 0.300000 0.300000 0.300000 0.300000 0.300000 0.300000 0.000000 0.000000
0.000000 0.000000 0.000000 0.000000 0.000000 0.000000 0.000000 0.000000 0.000000 0.000000 0.000000 0.000000 0.000000 0.000000 0.000000 0.000000 0.000000 0.000000 0.000000 0.000000 0.000000