geotop/1.0zi/1.0Montebello/Templates/testdem/maps/_Eocsand4283.asc
ncols         21
nrows         20
xllcorner     100.000000
yllcorner     100.000000
cellsize      50.000000
NODATA_value  -9999.0
0.000000 0.000000 0.000000 0.000000 0.000000 0.000000 0.000000 0.000000 0.000000 0.000000 0.000000 0.000000 0.000000 0.000000 0.000000 0.000000 0.000000 0.000000 0.000000 0.000000 0.000000
0.000000 0.000000 0.300107 0.300107 0.300106 0.300106 0.300106 0.300106 0.300106 0.300106 0.300106 0.300106 0.300106 0.300106 0.300106 0.300106 0.300106 0.300107 0.300107 0.000000 0.000000
0.000000 0.000000 0.300005 0.300004 0.300004 0.300004 0.300004 0.300004 0.300004 0.300004 0.300004 0.300004 0.300004 0.300004 0.300004 0.300004 0.300006 0.300006 0.300005 0.000000 0.000000
0.000000 0.000000 0.299975 0.299973 0.299976 0.299979 0.299977 0.299979 0.299977 0.299978 0.299978 0.299979 0.299979 0.299981 0.299976 0.299973 0.299973 0.299972 0.299974 0.000000 0.000000
0.000000 0.000000 0.299285 0.299284 0.299289 0.299288 0.299295 0.299299 0.299300 0.299304 0.299306 0.299301 0.299304 0.299304 0.299299 0.299300 0.299300 0.299296 0.299290 0.000000 0.000000
0.000000 0.000000 0.296981 0.296980 0.296990 0.297004 0.297010 0.297031 0.297033 0.297042 0.297034 0.297032 0.297029 0.297035 0.297036 0.297025 0.297016 0.297011 0.297004 0.000000 0.000000
0.000000 0.000000 0.293493 0.293501 0.293512 0.293537 0.293563 0.293597 0.293595 0.293602 0.293596 0.293597 0.293601 0.293601 0.293578 0.293549 0.293536 0.293528 0.293516 0.000000 0.000000
0.000000 0.000000 0.289510 0.289518 0.289530 0.289561 0.289587 0.289622 0.289618 0.289624 0.289623 0.289623 0.289629 0.289633 0.289601 0.289571 0.289552 0.289547 0.289534 0.000000 0.000000
0.000000 0.000000 0.285503 0.285515 0.285532 0.285556 0.285582 0.285623 0.285620 0.285628 0.285627 0.285624 0.285630 0.285631 0.285601 0.285566 0.285552 0.285544 0.285528 0.000000 0.000000
0.000000 0.000000 0.281517 0.281530 0.281544 0.281569 0.281602 0.281637 0.281632 0.281638 0.281637 0.281635 0.281642 0.281647 0.281613 0.281578 0.281564 0.281557 0.281544 0.000000 0.000000
0.000000 0.000000 0.277483 0.277495 0.277510 0.277530 0.277554 0.277597 0.277592 0.277602 0.277601 0.277598 0.277605 0.277609 0.277581 0.277556 0.277537 0.277528 0.277513 0.000000 0.000000
0.000000 0.000000 0.273315 0.273328 0.273345 0.273375 0.273401 0.273442 0.273442 0.273449 0.273447 0.273448 0.273453 0.273457 0.273419 0.273388 0.273371 0.273364 0.273317 0.000000 0.000000
0.000000 0.000000 0.269100 0.269114 0.269133 0.269156 0.269187 0.269273 0.269271 0.269279 0.269280 0.269278 0.269286 0.269287 0.269216 0.269179 0.269162 0.269154 0.269124 0.000000 0.000000
0.000000 0.000000 0.264651 0.264671 0.264687 0.264712 0.264797 0.264821 0.264834 0.264841 0.264839 0.264838 0.264847 0.264850 0.264826 0.264740 0.264722 0.264703 0.264685 0.000000 0.000000
0.000000 0.000000 0.259867 0.259884 0.259919 0.259998 0.260040 0.260094 0.260121 0.260130 0.260142 0.260142 0.260142 0.260154 0.260115 0.260053 0.259959 0.259962 0.259946 0.000000 0.000000
0.000000 0.000000 0.254942 0.254960 0.255062 0.255084 0.255110 0.255138 0.255141 0.255145 0.255140 0.255141 0.255157 0.255144 0.255133 0.255105 0.255101 0.255003 0.254976 0.000000 0.000000
0.000000 0.000000 0.249490 0.249615 0.249705 0.249746 0.249808 0.249842 0.249849 0.249854 0.249867 0.249865 0.249868 0.249881 0.249860 0.249787 0.249740 0.249687 0.249566 0.000000 0.000000
0.000000 0.000000 0.245206 0.245245 0.245186 0.245238 0.245294 0.245409 0.245419 0.245431 0.245427 0.245428 0.245438 0.245435 0.245335 0.245270 0.245198 0.245296 0.245241 0.000000 0.000000
0.000000 0.000000 0.300000 0.300000 0.300000 0.300000 0.300000 0.300000 0.300000 0.300000 0.300000 0.300000 0.300000 0.300000 0.300000 0.300000 0.300000 0.300000 0.300000 0.000000 0.000000
0.000000 0.000000 0.000000 0.000000 0.000000 0.000000 0.000000 0.000000 0.000000 0.000000 0.000000 0.000000 0.000000 0.000000 0.000000 0.000000 0.000000 0.000000 0.000000 0.000000 0.000000