geotop/1.0zi/1.0Montebello/Templates/testdem/maps/_Eocclay1546.asc
ncols         21
nrows         20
xllcorner     100.000000
yllcorner     100.000000
cellsize      50.000000
NODATA_value  -9999.0
0.000000 0.000000 0.000000 0.000000 0.000000 0.000000 0.000000 0.000000 0.000000 0.000000 0.000000 0.000000 0.000000 0.000000 0.000000 0.000000 0.000000 0.000000 0.000000 0.000000 0.000000
0.000000 0.000000 0.349918 0.349918 0.349918 0.349918 0.349918 0.349918 0.349918 0.349918 0.349918 0.349918 0.349918 0.349918 0.349918 0.349918 0.349918 0.349918 0.349918 0.000000 0.000000
0.000000 0.000000 0.349993 0.349993 0.349992 0.349993 0.349993 0.349993 0.349993 0.349993 0.349993 0.349993 0.349993 0.349993 0.349993 0.349993 0.349992 0.349993 0.349993 0.000000 0.000000
0.000000 0.000000 0.350613 0.350613 0.350611 0.350611 0.350613 0.350613 0.350613 0.350613 0.350613 0.350613 0.350613 0.350613 0.350613 0.350611 0.350611 0.350613 0.350613 0.000000 0.000000
0.000000 0.000000 0.352972 0.352971 0.352969 0.352970 0.352973 0.352972 0.352972 0.352973 0.352973 0.352973 0.352972 0.352972 0.352973 0.352970 0.352969 0.352971 0.352972 0.000000 0.000000
0.000000 0.000000 0.355603 0.355603 0.355601 0.355602 0.355604 0.355604 0.355604 0.355604 0.355604 0.355604 0.355604 0.355604 0.355604 0.355602 0.355601 0.355603 0.355603 0.000000 0.000000
0.000000 0.000000 0.358101 0.358101 0.358099 0.358100 0.358102 0.358101 0.358101 0.358102 0.358102 0.358102 0.358101 0.358101 0.358102 0.358100 0.358099 0.358101 0.358101 0.000000 0.000000
0.000000 0.000000 0.360400 0.360399 0.360398 0.360398 0.360400 0.360400 0.360400 0.360400 0.360400 0.360400 0.360400 0.360400 0.360400 0.360398 0.360398 0.360399 0.360400 0.000000 0.000000
0.000000 0.000000 0.362553 0.362552 0.362551 0.362551 0.362553 0.362553 0.362553 0.362553 0.362553 0.362553 0.362553 0.362553 0.362553 0.362551 0.362551 0.362552 0.362553 0.000000 0.000000
0.000000 0.000000 0.364614 0.364613 0.364612 0.364613 0.364614 0.364614 0.364614 0.364614 0.364614 0.364614 0.364614 0.364614 0.364614 0.364613 0.364612 0.364613 0.364614 0.000000 0.000000
0.000000 0.000000 0.366604 0.366603 0.366602 0.366603 0.366604 0.366604 0.366604 0.366604 0.366604 0.366604 0.366604 0.366604 0.366604 0.366603 0.366602 0.366603 0.366604 0.000000 0.000000
0.000000 0.000000 0.368542 0.368542 0.368541 0.368541 0.368543 0.368542 0.368542 0.368543 0.368542 0.368543 0.368542 0.368542 0.368543 0.368541 0.368541 0.368542 0.368542 0.000000 0.000000
0.000000 0.000000 0.370445 0.370444 0.370443 0.370444 0.370445 0.370445 0.370445 0.370445 0.370445 0.370445 0.370445 0.370445 0.370445 0.370444 0.370443 0.370444 0.370445 0.000000 0.000000
0.000000 0.000000 0.372310 0.372310 0.372309 0.372309 0.372311 0.372310 0.372310 0.372311 0.372311 0.372311 0.372310 0.372310 0.372311 0.372309 0.372309 0.372310 0.372310 0.000000 0.000000
0.000000 0.000000 0.374148 0.374147 0.374146 0.374147 0.374148 0.374148 0.374148 0.374148 0.374148 0.374148 0.374148 0.374148 0.374148 0.374147 0.374146 0.374147 0.374148 0.000000 0.000000
0.000000 0.000000 0.375963 0.375963 0.375962 0.375963 0.375964 0.375964 0.375964 0.375964 0.375964 0.375964 0.375964 0.375964 0.375964 0.375963 0.375962 0.375963 0.375963 0.000000 0.000000
0.000000 0.000000 0.377758 0.377758 0.377757 0.377757 0.377759 0.377758 0.377758 0.377759 0.377759 0.377759 0.377758 0.377758 0.377759 0.377757 0.377757 0.377758 0.377758 0.000000 0.000000
0.000000 0.000000 0.379574 0.379574 0.379573 0.379574 0.379575 0.379575 0.379575 0.379575 0.379575 0.379575 0.379575 0.379575 0.379575 0.379574 0.379573 0.379574 0.379574 0.000000 0.000000
0.000000 0.000000 0.350000 0.350000 0.350000 0.350000 0.350000 0.350000 0.350000 0.350000 0.350000 0.350000 0.350000 0.350000 0.350000 0.350000 0.350000 0.350000 0.350000 0.000000 0.000000
0.000000 0.000000 0.000000 0.000000 0.000000 0.000000 0.000000 0.000000 0.000000 0.000000 0.000000 0.000000 0.000000 0.000000 0.000000 0.000000 0.000000 0.000000 0.000000 0.000000 0.000000