geotop/1.0zi/1.0Montebello/Templates/testdem/maps/_Eocsilt0303.asc
ncols         21
nrows         20
xllcorner     100.000000
yllcorner     100.000000
cellsize      50.000000
NODATA_value  -9999.0
0.000000 0.000000 0.000000 0.000000 0.000000 0.000000 0.000000 0.000000 0.000000 0.000000 0.000000 0.000000 0.000000 0.000000 0.000000 0.000000 0.000000 0.000000 0.000000 0.000000 0.000000
0.000000 0.000000 0.350008 0.350008 0.350008 0.350008 0.350008 0.350008 0.350008 0.350008 0.350008 0.350008 0.350008 0.350008 0.350008 0.350008 0.350008 0.350008 0.350008 0.000000 0.000000
0.000000 0.000000 0.350001 0.350000 0.350001 0.350000 0.350001 0.350001 0.350001 0.350001 0.350001 0.350001 0.350001 0.350001 0.350001 0.350000 0.350001 0.350000 0.350001 0.000000 0.000000
0.000000 0.000000 0.350239 0.350239 0.350237 0.350239 0.350239 0.350239 0.350239 0.350239 0.350239 0.350239 0.350239 0.350239 0.350239 0.350239 0.350237 0.350239 0.350239 0.000000 0.000000
0.000000 0.000000 0.350871 0.350870 0.350868 0.350870 0.350870 0.350871 0.350871 0.350871 0.350871 0.350871 0.350871 0.350871 0.350870 0.350870 0.350868 0.350870 0.350871 0.000000 0.000000
0.000000 0.000000 0.351459 0.351459 0.351457 0.351459 0.351459 0.351459 0.351459 0.351459 0.351459 0.351459 0.351459 0.351459 0.351459 0.351459 0.351457 0.351459 0.351459 0.000000 0.000000
0.000000 0.000000 0.351984 0.351984 0.351982 0.351984 0.351984 0.351984 0.351984 0.351984 0.351984 0.351984 0.351984 0.351984 0.351984 0.351984 0.351982 0.351984 0.351984 0.000000 0.000000
0.000000 0.000000 0.352466 0.352466 0.352464 0.352466 0.352466 0.352466 0.352466 0.352466 0.352466 0.352466 0.352466 0.352466 0.352466 0.352466 0.352464 0.352466 0.352466 0.000000 0.000000
0.000000 0.000000 0.352918 0.352918 0.352917 0.352918 0.352918 0.352918 0.352918 0.352918 0.352918 0.352918 0.352918 0.352918 0.352918 0.352918 0.352917 0.352918 0.352918 0.000000 0.000000
0.000000 0.000000 0.353353 0.353353 0.353352 0.353353 0.353353 0.353353 0.353353 0.353353 0.353353 0.353353 0.353353 0.353353 0.353353 0.353353 0.353352 0.353353 0.353353 0.000000 0.000000
0.000000 0.000000 0.353774 0.353774 0.353773 0.353774 0.353774 0.353774 0.353774 0.353774 0.353774 0.353774 0.353774 0.353774 0.353774 0.353774 0.353773 0.353774 0.353774 0.000000 0.000000
0.000000 0.000000 0.354185 0.354185 0.354184 0.354185 0.354185 0.354186 0.354185 0.354185 0.354185 0.354185 0.354185 0.354186 0.354185 0.354185 0.354184 0.354185 0.354185 0.000000 0.000000
0.000000 0.000000 0.354589 0.354589 0.354587 0.354589 0.354589 0.354589 0.354589 0.354589 0.354589 0.354589 0.354589 0.354589 0.354589 0.354589 0.354587 0.354589 0.354589 0.000000 0.000000
0.000000 0.000000 0.354984 0.354984 0.354982 0.354983 0.354984 0.354984 0.354984 0.354984 0.354984 0.354984 0.354984 0.354984 0.354984 0.354983 0.354982 0.354984 0.354984 0.000000 0.000000
0.000000 0.000000 0.355373 0.355373 0.355372 0.355373 0.355373 0.355373 0.355373 0.355373 0.355373 0.355373 0.355373 0.355373 0.355373 0.355373 0.355372 0.355373 0.355373 0.000000 0.000000
0.000000 0.000000 0.355761 0.355761 0.355760 0.355761 0.355761 0.355761 0.355761 0.355761 0.355761 0.355761 0.355761 0.355761 0.355761 0.355761 0.355760 0.355761 0.355761 0.000000 0.000000
0.000000 0.000000 0.356142 0.356142 0.356141 0.356142 0.356142 0.356142 0.356142 0.356142 0.356142 0.356142 0.356142 0.356142 0.356142 0.356142 0.356141 0.356142 0.356142 0.000000 0.000000
0.000000 0.000000 0.356541 0.356542 0.356540 0.356541 0.356542 0.356542 0.356542 0.356542 0.356542 0.356542 0.356542 0.356542 0.356542 0.356541 0.356540 0.356542 0.356542 0.000000 0.000000
0.000000 0.000000 0.350000 0.350000 0.350000 0.350000 0.350000 0.350000 0.350000 0.350000 0.350000 0.350000 0.350000 0.350000 0.350000 0.350000 0.350000 0.350000 0.350000 0.000000 0.000000
0.000000 0.000000 0.000000 0.000000 0.000000 0.000000 0.000000 0.000000 0.000000 0.000000 0.000000 0.000000 0.000000 0.000000 0.000000 0.000000 0.000000 0.000000 0.000000 0.000000 0.000000