geotop/1.0zi/1.0Montebello/Templates/testdem/maps/_Eocsilt6591.asc
ncols         21
nrows         20
xllcorner     100.000000
yllcorner     100.000000
cellsize      50.000000
NODATA_value  -9999.0
0.000000 0.000000 0.000000 0.000000 0.000000 0.000000 0.000000 0.000000 0.000000 0.000000 0.000000 0.000000 0.000000 0.000000 0.000000 0.000000 0.000000 0.000000 0.000000 0.000000 0.000000
0.000000 0.000000 0.350132 0.350132 0.350132 0.350133 0.350132 0.350132 0.350132 0.350132 0.350133 0.350132 0.350132 0.350132 0.350132 0.350132 0.350133 0.350133 0.350132 0.000000 0.000000
0.000000 0.000000 0.350003 0.350002 0.350002 0.350003 0.350003 0.350003 0.350003 0.350003 0.350003 0.350003 0.350004 0.350004 0.350003 0.350002 0.350001 0.350001 0.350002 0.000000 0.000000
0.000000 0.000000 0.350054 0.350051 0.350050 0.350044 0.350045 0.350043 0.350045 0.350046 0.350044 0.350044 0.350044 0.350044 0.350047 0.350050 0.350052 0.350053 0.350053 0.000000 0.000000
0.000000 0.000000 0.350629 0.350635 0.350632 0.350624 0.350621 0.350615 0.350613 0.350611 0.350610 0.350612 0.350614 0.350615 0.350621 0.350624 0.350625 0.350633 0.350637 0.000000 0.000000
0.000000 0.000000 0.352385 0.352387 0.352380 0.352367 0.352354 0.352336 0.352335 0.352330 0.352334 0.352335 0.352336 0.352334 0.352340 0.352348 0.352358 0.352364 0.352369 0.000000 0.000000
0.000000 0.000000 0.355080 0.355078 0.355070 0.355049 0.355024 0.354999 0.355000 0.354997 0.354998 0.354996 0.354994 0.354997 0.355016 0.355037 0.355052 0.355064 0.355071 0.000000 0.000000
0.000000 0.000000 0.358367 0.358368 0.358365 0.358343 0.358319 0.358291 0.358291 0.358288 0.358287 0.358284 0.358284 0.358287 0.358309 0.358331 0.358352 0.358357 0.358368 0.000000 0.000000
0.000000 0.000000 0.361834 0.361828 0.361818 0.361804 0.361779 0.361747 0.361749 0.361742 0.361739 0.361738 0.361739 0.361737 0.361767 0.361793 0.361810 0.361818 0.361827 0.000000 0.000000
0.000000 0.000000 0.365366 0.365361 0.365356 0.365344 0.365310 0.365282 0.365283 0.365279 0.365274 0.365276 0.365281 0.365277 0.365301 0.365331 0.365349 0.365353 0.365360 0.000000 0.000000
0.000000 0.000000 0.369040 0.369037 0.369033 0.369006 0.368983 0.368952 0.368959 0.368942 0.368943 0.368942 0.368938 0.368947 0.368966 0.368985 0.369007 0.369017 0.369033 0.000000 0.000000
0.000000 0.000000 0.372959 0.372949 0.372939 0.372920 0.372898 0.372859 0.372859 0.372851 0.372860 0.372847 0.372851 0.372854 0.372889 0.372908 0.372924 0.372931 0.372969 0.000000 0.000000
0.000000 0.000000 0.377036 0.377027 0.377022 0.377000 0.376980 0.376895 0.376894 0.376888 0.376868 0.376875 0.376883 0.376889 0.376951 0.376971 0.377004 0.377008 0.377033 0.000000 0.000000
0.000000 0.000000 0.381546 0.381542 0.381528 0.381512 0.381422 0.381407 0.381387 0.381386 0.381383 0.381381 0.381382 0.381378 0.381382 0.381476 0.381502 0.381527 0.381554 0.000000 0.000000
0.000000 0.000000 0.386608 0.386602 0.386582 0.386481 0.386458 0.386408 0.386376 0.386370 0.386352 0.386337 0.386351 0.386344 0.386386 0.386420 0.386559 0.386547 0.386561 0.000000 0.000000
0.000000 0.000000 0.392051 0.392044 0.391909 0.391898 0.391891 0.391862 0.391895 0.391877 0.391893 0.391876 0.391861 0.391891 0.391906 0.391918 0.391889 0.392064 0.392067 0.000000 0.000000
0.000000 0.000000 0.398467 0.398275 0.398237 0.398179 0.398083 0.398047 0.398022 0.398024 0.397977 0.397973 0.397997 0.397982 0.398027 0.398101 0.398221 0.398226 0.398424 0.000000 0.000000
0.000000 0.000000 0.402729 0.402786 0.402965 0.402926 0.402877 0.402703 0.402703 0.402662 0.402700 0.402685 0.402695 0.402703 0.402858 0.402897 0.402990 0.402816 0.402770 0.000000 0.000000
0.000000 0.000000 0.350000 0.350000 0.350000 0.350000 0.350000 0.350000 0.350000 0.350000 0.350000 0.350000 0.350000 0.350000 0.350000 0.350000 0.350000 0.350000 0.350000 0.000000 0.000000
0.000000 0.000000 0.000000 0.000000 0.000000 0.000000 0.000000 0.000000 0.000000 0.000000 0.000000 0.000000 0.000000 0.000000 0.000000 0.000000 0.000000 0.000000 0.000000 0.000000 0.000000