geotop/1.0zi/1.0Montebello/Templates/testdem/maps/_Eocclay8719.asc
ncols         21
nrows         20
xllcorner     100.000000
yllcorner     100.000000
cellsize      50.000000
NODATA_value  -9999.0
0.000000 0.000000 0.000000 0.000000 0.000000 0.000000 0.000000 0.000000 0.000000 0.000000 0.000000 0.000000 0.000000 0.000000 0.000000 0.000000 0.000000 0.000000 0.000000 0.000000 0.000000
0.000000 0.000000 0.349594 0.349596 0.349596 0.349595 0.349597 0.349597 0.349597 0.349597 0.349596 0.349597 0.349597 0.349597 0.349597 0.349597 0.349595 0.349595 0.349596 0.000000 0.000000
0.000000 0.000000 0.349983 0.349982 0.349982 0.349984 0.349982 0.349981 0.349982 0.349981 0.349981 0.349981 0.349982 0.349981 0.349982 0.349983 0.349983 0.349982 0.349981 0.000000 0.000000
0.000000 0.000000 0.350024 0.350029 0.350026 0.350022 0.350023 0.350024 0.350026 0.350024 0.350027 0.350025 0.350025 0.350023 0.350026 0.350028 0.350027 0.350029 0.350027 0.000000 0.000000
0.000000 0.000000 0.351175 0.351168 0.351165 0.351159 0.351141 0.351140 0.351137 0.351139 0.351137 0.351139 0.351137 0.351139 0.351148 0.351150 0.351161 0.351163 0.351173 0.000000 0.000000
0.000000 0.000000 0.354435 0.354432 0.354413 0.354381 0.354362 0.354339 0.354341 0.354334 0.354339 0.354339 0.354345 0.354343 0.354355 0.354377 0.354393 0.354406 0.354413 0.000000 0.000000
0.000000 0.000000 0.358842 0.358834 0.358825 0.358797 0.358761 0.358720 0.358719 0.358714 0.358715 0.358717 0.358718 0.358718 0.358756 0.358787 0.358805 0.358818 0.358827 0.000000 0.000000
0.000000 0.000000 0.364063 0.364056 0.364047 0.364011 0.363978 0.363934 0.363933 0.363928 0.363928 0.363926 0.363924 0.363933 0.363972 0.364000 0.364029 0.364037 0.364051 0.000000 0.000000
0.000000 0.000000 0.369675 0.369663 0.369647 0.369624 0.369585 0.369540 0.369544 0.369533 0.369531 0.369530 0.369531 0.369529 0.369576 0.369614 0.369636 0.369646 0.369658 0.000000 0.000000
0.000000 0.000000 0.375715 0.375701 0.375691 0.375667 0.375611 0.375570 0.375571 0.375566 0.375559 0.375564 0.375571 0.375568 0.375608 0.375654 0.375681 0.375690 0.375698 0.000000 0.000000
0.000000 0.000000 0.382411 0.382402 0.382391 0.382337 0.382300 0.382247 0.382261 0.382230 0.382237 0.382234 0.382225 0.382243 0.382283 0.382310 0.382347 0.382365 0.382391 0.000000 0.000000
0.000000 0.000000 0.389977 0.389952 0.389928 0.389898 0.389848 0.389786 0.389779 0.389776 0.389791 0.389766 0.389778 0.389777 0.389849 0.389888 0.389911 0.389925 0.389986 0.000000 0.000000
0.000000 0.000000 0.398310 0.398285 0.398281 0.398225 0.398186 0.397998 0.397995 0.397987 0.397932 0.397966 0.397975 0.397992 0.398139 0.398174 0.398249 0.398253 0.398281 0.000000 0.000000
0.000000 0.000000 0.408332 0.408325 0.408281 0.408244 0.407985 0.408034 0.407983 0.407985 0.408011 0.407988 0.407984 0.407963 0.407924 0.408196 0.408226 0.408295 0.408342 0.000000 0.000000
0.000000 0.000000 0.420308 0.420278 0.420226 0.419884 0.419949 0.419779 0.419710 0.419694 0.419633 0.419599 0.419638 0.419632 0.419806 0.419754 0.420202 0.420117 0.420119 0.000000 0.000000
0.000000 0.000000 0.433224 0.433200 0.432715 0.432898 0.432842 0.432832 0.433030 0.432975 0.433084 0.433057 0.432973 0.433092 0.433075 0.433115 0.432678 0.433401 0.433392 0.000000 0.000000
0.000000 0.000000 0.448582 0.447877 0.448101 0.447798 0.447445 0.447344 0.447119 0.447174 0.446947 0.446974 0.447109 0.446968 0.447158 0.447418 0.448083 0.447581 0.448317 0.000000 0.000000
0.000000 0.000000 0.452737 0.453388 0.453909 0.453920 0.453971 0.453459 0.453564 0.453409 0.453679 0.453627 0.453580 0.453672 0.454096 0.454058 0.454011 0.453628 0.452985 0.000000 0.000000
0.000000 0.000000 0.350000 0.350000 0.350000 0.350000 0.350000 0.350000 0.350000 0.350000 0.350000 0.350000 0.350000 0.350000 0.350000 0.350000 0.350000 0.350000 0.350000 0.000000 0.000000
0.000000 0.000000 0.000000 0.000000 0.000000 0.000000 0.000000 0.000000 0.000000 0.000000 0.000000 0.000000 0.000000 0.000000 0.000000 0.000000 0.000000 0.000000 0.000000 0.000000 0.000000