geotop/1.0zi/1.0Montebello/Templates/testdem/maps/_Eocclay7524.asc
ncols         21
nrows         20
xllcorner     100.000000
yllcorner     100.000000
cellsize      50.000000
NODATA_value  -9999.0
0.000000 0.000000 0.000000 0.000000 0.000000 0.000000 0.000000 0.000000 0.000000 0.000000 0.000000 0.000000 0.000000 0.000000 0.000000 0.000000 0.000000 0.000000 0.000000 0.000000 0.000000
0.000000 0.000000 0.349659 0.349660 0.349660 0.349659 0.349660 0.349660 0.349660 0.349660 0.349659 0.349660 0.349660 0.349660 0.349661 0.349660 0.349658 0.349659 0.349660 0.000000 0.000000
0.000000 0.000000 0.349986 0.349985 0.349986 0.349987 0.349986 0.349985 0.349985 0.349985 0.349985 0.349985 0.349986 0.349985 0.349986 0.349986 0.349987 0.349986 0.349984 0.000000 0.000000
0.000000 0.000000 0.350004 0.350008 0.350005 0.350004 0.350007 0.350004 0.350006 0.350003 0.350006 0.350005 0.350004 0.350003 0.350005 0.350007 0.350006 0.350009 0.350008 0.000000 0.000000
0.000000 0.000000 0.350950 0.350947 0.350943 0.350938 0.350923 0.350920 0.350917 0.350920 0.350917 0.350917 0.350914 0.350918 0.350928 0.350929 0.350937 0.350938 0.350945 0.000000 0.000000
0.000000 0.000000 0.353486 0.353485 0.353474 0.353447 0.353434 0.353411 0.353412 0.353406 0.353409 0.353409 0.353411 0.353412 0.353423 0.353442 0.353455 0.353470 0.353475 0.000000 0.000000
0.000000 0.000000 0.356991 0.356988 0.356980 0.356957 0.356928 0.356892 0.356891 0.356886 0.356887 0.356888 0.356887 0.356888 0.356920 0.356948 0.356963 0.356975 0.356983 0.000000 0.000000
0.000000 0.000000 0.361168 0.361166 0.361158 0.361130 0.361102 0.361063 0.361063 0.361059 0.361058 0.361056 0.361054 0.361062 0.361095 0.361119 0.361143 0.361152 0.361164 0.000000 0.000000
0.000000 0.000000 0.365550 0.365544 0.365531 0.365514 0.365484 0.365445 0.365447 0.365439 0.365436 0.365434 0.365434 0.365434 0.365473 0.365505 0.365523 0.365532 0.365542 0.000000 0.000000
0.000000 0.000000 0.370141 0.370133 0.370126 0.370110 0.370066 0.370030 0.370031 0.370026 0.370020 0.370023 0.370029 0.370026 0.370060 0.370096 0.370119 0.370126 0.370133 0.000000 0.000000
0.000000 0.000000 0.375080 0.375075 0.375067 0.375032 0.375001 0.374960 0.374969 0.374946 0.374949 0.374948 0.374940 0.374955 0.374985 0.375007 0.375035 0.375051 0.375070 0.000000 0.000000
0.000000 0.000000 0.380479 0.380465 0.380449 0.380425 0.380392 0.380341 0.380339 0.380332 0.380343 0.380325 0.380329 0.380333 0.380386 0.380413 0.380432 0.380443 0.380490 0.000000 0.000000
0.000000 0.000000 0.386240 0.386225 0.386218 0.386187 0.386158 0.386031 0.386030 0.386022 0.385990 0.386005 0.386013 0.386025 0.386122 0.386149 0.386198 0.386204 0.386230 0.000000 0.000000
0.000000 0.000000 0.392855 0.392850 0.392825 0.392802 0.392652 0.392650 0.392619 0.392619 0.392623 0.392617 0.392613 0.392608 0.392604 0.392760 0.392791 0.392832 0.392865 0.000000 0.000000
0.000000 0.000000 0.400529 0.400516 0.400484 0.400303 0.400298 0.400210 0.400163 0.400153 0.400123 0.400100 0.400119 0.400114 0.400200 0.400218 0.400460 0.400430 0.400440 0.000000 0.000000
0.000000 0.000000 0.408945 0.408932 0.408675 0.408714 0.408698 0.408660 0.408747 0.408716 0.408758 0.408735 0.408697 0.408760 0.408780 0.408794 0.408652 0.409009 0.409005 0.000000 0.000000
0.000000 0.000000 0.419389 0.418983 0.419009 0.418873 0.418669 0.418607 0.418520 0.418539 0.418427 0.418433 0.418492 0.418440 0.418541 0.418692 0.418994 0.418858 0.419277 0.000000 0.000000
0.000000 0.000000 0.424502 0.424815 0.425196 0.425170 0.425147 0.424791 0.424826 0.424731 0.424868 0.424837 0.424826 0.424868 0.425178 0.425193 0.425265 0.424935 0.424635 0.000000 0.000000
0.000000 0.000000 0.350000 0.350000 0.350000 0.350000 0.350000 0.350000 0.350000 0.350000 0.350000 0.350000 0.350000 0.350000 0.350000 0.350000 0.350000 0.350000 0.350000 0.000000 0.000000
0.000000 0.000000 0.000000 0.000000 0.000000 0.000000 0.000000 0.000000 0.000000 0.000000 0.000000 0.000000 0.000000 0.000000 0.000000 0.000000 0.000000 0.000000 0.000000 0.000000 0.000000