geotop/1.0zi/1.0Montebello/Templates/testdem/maps/_Eocclay7139.asc
ncols         21
nrows         20
xllcorner     100.000000
yllcorner     100.000000
cellsize      50.000000
NODATA_value  -9999.0
0.000000 0.000000 0.000000 0.000000 0.000000 0.000000 0.000000 0.000000 0.000000 0.000000 0.000000 0.000000 0.000000 0.000000 0.000000 0.000000 0.000000 0.000000 0.000000 0.000000 0.000000
0.000000 0.000000 0.349680 0.349681 0.349682 0.349681 0.349682 0.349682 0.349682 0.349682 0.349680 0.349682 0.349682 0.349682 0.349682 0.349682 0.349680 0.349680 0.349681 0.000000 0.000000
0.000000 0.000000 0.349987 0.349987 0.349987 0.349988 0.349987 0.349987 0.349987 0.349987 0.349986 0.349986 0.349987 0.349986 0.349987 0.349987 0.349988 0.349988 0.349985 0.000000 0.000000
0.000000 0.000000 0.349979 0.349983 0.349980 0.349980 0.349982 0.349981 0.349983 0.349980 0.349984 0.349981 0.349982 0.349980 0.349981 0.349983 0.349981 0.349983 0.349983 0.000000 0.000000
0.000000 0.000000 0.350741 0.350739 0.350735 0.350731 0.350717 0.350715 0.350714 0.350716 0.350714 0.350714 0.350710 0.350714 0.350721 0.350722 0.350728 0.350729 0.350737 0.000000 0.000000
0.000000 0.000000 0.352998 0.352996 0.352986 0.352961 0.352949 0.352927 0.352929 0.352923 0.352927 0.352926 0.352928 0.352929 0.352937 0.352955 0.352966 0.352979 0.352986 0.000000 0.000000
0.000000 0.000000 0.356191 0.356188 0.356180 0.356159 0.356132 0.356099 0.356098 0.356093 0.356095 0.356095 0.356095 0.356096 0.356123 0.356150 0.356162 0.356174 0.356182 0.000000 0.000000
0.000000 0.000000 0.360006 0.360004 0.359997 0.359971 0.359945 0.359909 0.359910 0.359906 0.359905 0.359903 0.359900 0.359908 0.359937 0.359960 0.359981 0.359989 0.360001 0.000000 0.000000
0.000000 0.000000 0.363980 0.363975 0.363963 0.363947 0.363920 0.363883 0.363887 0.363878 0.363876 0.363874 0.363874 0.363874 0.363908 0.363938 0.363954 0.363961 0.363972 0.000000 0.000000
0.000000 0.000000 0.368106 0.368097 0.368091 0.368077 0.368036 0.368004 0.368005 0.368000 0.367995 0.367998 0.368003 0.368000 0.368030 0.368063 0.368083 0.368088 0.368097 0.000000 0.000000
0.000000 0.000000 0.372497 0.372492 0.372484 0.372454 0.372427 0.372388 0.372397 0.372376 0.372378 0.372378 0.372371 0.372384 0.372410 0.372431 0.372455 0.372467 0.372486 0.000000 0.000000
0.000000 0.000000 0.377238 0.377226 0.377211 0.377190 0.377161 0.377115 0.377114 0.377106 0.377117 0.377101 0.377104 0.377108 0.377153 0.377177 0.377193 0.377202 0.377246 0.000000 0.000000
0.000000 0.000000 0.382249 0.382236 0.382228 0.382202 0.382176 0.382068 0.382067 0.382059 0.382034 0.382046 0.382052 0.382063 0.382145 0.382168 0.382208 0.382212 0.382240 0.000000 0.000000
0.000000 0.000000 0.387908 0.387902 0.387881 0.387861 0.387740 0.387728 0.387703 0.387702 0.387703 0.387699 0.387696 0.387693 0.387695 0.387822 0.387849 0.387882 0.387914 0.000000 0.000000
0.000000 0.000000 0.394382 0.394371 0.394343 0.394202 0.394185 0.394115 0.394075 0.394067 0.394044 0.394025 0.394040 0.394035 0.394100 0.394129 0.394317 0.394297 0.394311 0.000000 0.000000
0.000000 0.000000 0.401430 0.401419 0.401221 0.401232 0.401221 0.401182 0.401243 0.401217 0.401247 0.401225 0.401198 0.401246 0.401268 0.401280 0.401198 0.401462 0.401463 0.000000 0.000000
0.000000 0.000000 0.410007 0.409707 0.409691 0.409596 0.409445 0.409394 0.409344 0.409352 0.409276 0.409276 0.409315 0.409285 0.409358 0.409471 0.409673 0.409619 0.409928 0.000000 0.000000
0.000000 0.000000 0.414954 0.415125 0.415407 0.415369 0.415324 0.415053 0.415068 0.414999 0.415084 0.415061 0.415062 0.415086 0.415326 0.415358 0.415453 0.415190 0.415033 0.000000 0.000000
0.000000 0.000000 0.350000 0.350000 0.350000 0.350000 0.350000 0.350000 0.350000 0.350000 0.350000 0.350000 0.350000 0.350000 0.350000 0.350000 0.350000 0.350000 0.350000 0.000000 0.000000
0.000000 0.000000 0.000000 0.000000 0.000000 0.000000 0.000000 0.000000 0.000000 0.000000 0.000000 0.000000 0.000000 0.000000 0.000000 0.000000 0.000000 0.000000 0.000000 0.000000 0.000000