geotop/1.0zi/1.0Montebello/Templates/testdem/maps/_Eocclay8501.asc
ncols         21
nrows         20
xllcorner     100.000000
yllcorner     100.000000
cellsize      50.000000
NODATA_value  -9999.0
0.000000 0.000000 0.000000 0.000000 0.000000 0.000000 0.000000 0.000000 0.000000 0.000000 0.000000 0.000000 0.000000 0.000000 0.000000 0.000000 0.000000 0.000000 0.000000 0.000000 0.000000
0.000000 0.000000 0.349609 0.349611 0.349611 0.349610 0.349612 0.349612 0.349612 0.349612 0.349611 0.349612 0.349612 0.349612 0.349612 0.349612 0.349610 0.349610 0.349611 0.000000 0.000000
0.000000 0.000000 0.349982 0.349981 0.349981 0.349983 0.349981 0.349981 0.349981 0.349981 0.349981 0.349981 0.349981 0.349981 0.349981 0.349982 0.349983 0.349982 0.349980 0.000000 0.000000
0.000000 0.000000 0.350005 0.350009 0.350007 0.350005 0.350008 0.350005 0.350007 0.350004 0.350008 0.350005 0.350005 0.350004 0.350006 0.350007 0.350006 0.350010 0.350007 0.000000 0.000000
0.000000 0.000000 0.351045 0.351039 0.351036 0.351030 0.351013 0.351012 0.351009 0.351010 0.351008 0.351010 0.351007 0.351010 0.351019 0.351021 0.351030 0.351033 0.351042 0.000000 0.000000
0.000000 0.000000 0.354120 0.354118 0.354100 0.354069 0.354052 0.354027 0.354029 0.354022 0.354027 0.354026 0.354032 0.354031 0.354043 0.354063 0.354079 0.354092 0.354098 0.000000 0.000000
0.000000 0.000000 0.358325 0.358318 0.358310 0.358284 0.358250 0.358208 0.358207 0.358202 0.358203 0.358205 0.358206 0.358206 0.358242 0.358272 0.358289 0.358301 0.358310 0.000000 0.000000
0.000000 0.000000 0.363307 0.363301 0.363293 0.363260 0.363228 0.363183 0.363183 0.363177 0.363177 0.363175 0.363173 0.363182 0.363219 0.363246 0.363273 0.363282 0.363295 0.000000 0.000000
0.000000 0.000000 0.368635 0.368624 0.368610 0.368589 0.368552 0.368507 0.368510 0.368500 0.368497 0.368496 0.368497 0.368496 0.368541 0.368576 0.368597 0.368607 0.368618 0.000000 0.000000
0.000000 0.000000 0.374332 0.374319 0.374312 0.374291 0.374238 0.374196 0.374196 0.374191 0.374184 0.374189 0.374196 0.374193 0.374231 0.374274 0.374299 0.374308 0.374316 0.000000 0.000000
0.000000 0.000000 0.380604 0.380596 0.380587 0.380539 0.380504 0.380450 0.380464 0.380434 0.380440 0.380438 0.380428 0.380446 0.380484 0.380508 0.380543 0.380561 0.380584 0.000000 0.000000
0.000000 0.000000 0.387635 0.387612 0.387591 0.387564 0.387519 0.387457 0.387451 0.387446 0.387460 0.387437 0.387447 0.387447 0.387514 0.387549 0.387571 0.387585 0.387641 0.000000 0.000000
0.000000 0.000000 0.395324 0.395301 0.395298 0.395249 0.395214 0.395040 0.395036 0.395028 0.394979 0.395008 0.395016 0.395032 0.395166 0.395198 0.395265 0.395270 0.395297 0.000000 0.000000
0.000000 0.000000 0.404476 0.404469 0.404432 0.404400 0.404173 0.404202 0.404156 0.404157 0.404175 0.404157 0.404154 0.404137 0.404109 0.404347 0.404377 0.404440 0.404482 0.000000 0.000000
0.000000 0.000000 0.415377 0.415353 0.415306 0.415012 0.415054 0.414905 0.414841 0.414825 0.414773 0.414742 0.414775 0.414769 0.414915 0.414886 0.415275 0.415208 0.415212 0.000000 0.000000
0.000000 0.000000 0.427305 0.427284 0.426858 0.426999 0.426959 0.426933 0.427101 0.427050 0.427141 0.427114 0.427042 0.427147 0.427142 0.427169 0.426818 0.427446 0.427437 0.000000 0.000000
0.000000 0.000000 0.441958 0.441297 0.441476 0.441212 0.440883 0.440785 0.440588 0.440634 0.440429 0.440453 0.440572 0.440449 0.440621 0.440862 0.441451 0.441031 0.441718 0.000000 0.000000
0.000000 0.000000 0.446473 0.447110 0.447641 0.447654 0.447702 0.447190 0.447289 0.447134 0.447396 0.447345 0.447301 0.447390 0.447812 0.447775 0.447738 0.447342 0.446714 0.000000 0.000000
0.000000 0.000000 0.350000 0.350000 0.350000 0.350000 0.350000 0.350000 0.350000 0.350000 0.350000 0.350000 0.350000 0.350000 0.350000 0.350000 0.350000 0.350000 0.350000 0.000000 0.000000
0.000000 0.000000 0.000000 0.000000 0.000000 0.000000 0.000000 0.000000 0.000000 0.000000 0.000000 0.000000 0.000000 0.000000 0.000000 0.000000 0.000000 0.000000 0.000000 0.000000 0.000000