geotop/1.0zi/1.0Montebello/Templates/testdem/maps/_Eocclay0278.asc
ncols         21
nrows         20
xllcorner     100.000000
yllcorner     100.000000
cellsize      50.000000
NODATA_value  -9999.0
0.000000 0.000000 0.000000 0.000000 0.000000 0.000000 0.000000 0.000000 0.000000 0.000000 0.000000 0.000000 0.000000 0.000000 0.000000 0.000000 0.000000 0.000000 0.000000 0.000000 0.000000
0.000000 0.000000 0.349980 0.349980 0.349980 0.349980 0.349980 0.349980 0.349980 0.349980 0.349980 0.349980 0.349980 0.349980 0.349980 0.349980 0.349980 0.349980 0.349980 0.000000 0.000000
0.000000 0.000000 0.349999 0.349998 0.349998 0.349998 0.349999 0.349999 0.349999 0.349999 0.349999 0.349999 0.349999 0.349999 0.349999 0.349998 0.349998 0.349998 0.349999 0.000000 0.000000
0.000000 0.000000 0.350256 0.350256 0.350254 0.350256 0.350256 0.350256 0.350256 0.350256 0.350256 0.350256 0.350256 0.350256 0.350256 0.350256 0.350254 0.350256 0.350256 0.000000 0.000000
0.000000 0.000000 0.350878 0.350877 0.350875 0.350877 0.350878 0.350878 0.350878 0.350878 0.350878 0.350878 0.350878 0.350878 0.350878 0.350877 0.350875 0.350877 0.350878 0.000000 0.000000
0.000000 0.000000 0.351441 0.351441 0.351439 0.351440 0.351441 0.351441 0.351441 0.351441 0.351441 0.351441 0.351441 0.351441 0.351441 0.351440 0.351439 0.351441 0.351441 0.000000 0.000000
0.000000 0.000000 0.351947 0.351947 0.351946 0.351947 0.351947 0.351947 0.351947 0.351947 0.351947 0.351947 0.351947 0.351947 0.351947 0.351947 0.351946 0.351947 0.351947 0.000000 0.000000
0.000000 0.000000 0.352411 0.352411 0.352410 0.352411 0.352411 0.352411 0.352411 0.352411 0.352411 0.352411 0.352411 0.352411 0.352411 0.352411 0.352410 0.352411 0.352411 0.000000 0.000000
0.000000 0.000000 0.352845 0.352845 0.352844 0.352845 0.352845 0.352845 0.352845 0.352845 0.352845 0.352845 0.352845 0.352845 0.352845 0.352845 0.352844 0.352845 0.352845 0.000000 0.000000
0.000000 0.000000 0.353262 0.353262 0.353261 0.353262 0.353262 0.353262 0.353262 0.353262 0.353262 0.353262 0.353262 0.353262 0.353262 0.353262 0.353261 0.353262 0.353262 0.000000 0.000000
0.000000 0.000000 0.353665 0.353665 0.353664 0.353665 0.353665 0.353665 0.353665 0.353665 0.353665 0.353665 0.353665 0.353665 0.353665 0.353665 0.353664 0.353665 0.353665 0.000000 0.000000
0.000000 0.000000 0.354058 0.354058 0.354057 0.354058 0.354058 0.354058 0.354058 0.354058 0.354058 0.354058 0.354058 0.354058 0.354058 0.354058 0.354057 0.354058 0.354058 0.000000 0.000000
0.000000 0.000000 0.354443 0.354443 0.354442 0.354443 0.354443 0.354443 0.354443 0.354443 0.354443 0.354443 0.354443 0.354443 0.354443 0.354443 0.354442 0.354443 0.354443 0.000000 0.000000
0.000000 0.000000 0.354820 0.354820 0.354819 0.354820 0.354820 0.354820 0.354820 0.354820 0.354820 0.354820 0.354820 0.354820 0.354820 0.354820 0.354819 0.354820 0.354820 0.000000 0.000000
0.000000 0.000000 0.355191 0.355191 0.355190 0.355191 0.355191 0.355191 0.355191 0.355191 0.355191 0.355191 0.355191 0.355191 0.355191 0.355191 0.355190 0.355191 0.355191 0.000000 0.000000
0.000000 0.000000 0.355560 0.355560 0.355558 0.355560 0.355560 0.355560 0.355560 0.355560 0.355560 0.355560 0.355560 0.355560 0.355560 0.355560 0.355558 0.355560 0.355560 0.000000 0.000000
0.000000 0.000000 0.355922 0.355922 0.355921 0.355922 0.355922 0.355922 0.355922 0.355922 0.355922 0.355922 0.355922 0.355922 0.355922 0.355922 0.355921 0.355922 0.355922 0.000000 0.000000
0.000000 0.000000 0.356304 0.356304 0.356303 0.356304 0.356305 0.356305 0.356305 0.356305 0.356305 0.356305 0.356305 0.356305 0.356305 0.356304 0.356303 0.356304 0.356305 0.000000 0.000000
0.000000 0.000000 0.350000 0.350000 0.350000 0.350000 0.350000 0.350000 0.350000 0.350000 0.350000 0.350000 0.350000 0.350000 0.350000 0.350000 0.350000 0.350000 0.350000 0.000000 0.000000
0.000000 0.000000 0.000000 0.000000 0.000000 0.000000 0.000000 0.000000 0.000000 0.000000 0.000000 0.000000 0.000000 0.000000 0.000000 0.000000 0.000000 0.000000 0.000000 0.000000 0.000000