geotop/1.0zi/1.0Montebello/Templates/testdem/maps/_Eocsilt4167.asc
ncols         21
nrows         20
xllcorner     100.000000
yllcorner     100.000000
cellsize      50.000000
NODATA_value  -9999.0
0.000000 0.000000 0.000000 0.000000 0.000000 0.000000 0.000000 0.000000 0.000000 0.000000 0.000000 0.000000 0.000000 0.000000 0.000000 0.000000 0.000000 0.000000 0.000000 0.000000 0.000000
0.000000 0.000000 0.350087 0.350087 0.350087 0.350087 0.350087 0.350087 0.350087 0.350087 0.350087 0.350087 0.350087 0.350087 0.350087 0.350087 0.350087 0.350087 0.350087 0.000000 0.000000
0.000000 0.000000 0.350002 0.350002 0.350002 0.350002 0.350003 0.350003 0.350003 0.350003 0.350003 0.350003 0.350003 0.350003 0.350003 0.350002 0.350001 0.350001 0.350001 0.000000 0.000000
0.000000 0.000000 0.350032 0.350031 0.350031 0.350027 0.350028 0.350025 0.350027 0.350028 0.350027 0.350027 0.350027 0.350026 0.350028 0.350030 0.350031 0.350033 0.350032 0.000000 0.000000
0.000000 0.000000 0.350380 0.350382 0.350380 0.350381 0.350380 0.350377 0.350376 0.350373 0.350372 0.350374 0.350375 0.350375 0.350376 0.350375 0.350375 0.350379 0.350382 0.000000 0.000000
0.000000 0.000000 0.351468 0.351469 0.351465 0.351461 0.351459 0.351447 0.351446 0.351441 0.351445 0.351447 0.351449 0.351444 0.351445 0.351450 0.351454 0.351454 0.351456 0.000000 0.000000
0.000000 0.000000 0.353131 0.353129 0.353126 0.353115 0.353104 0.353090 0.353092 0.353090 0.353093 0.353091 0.353087 0.353086 0.353095 0.353109 0.353113 0.353117 0.353125 0.000000 0.000000
0.000000 0.000000 0.355064 0.355059 0.355054 0.355043 0.355030 0.355014 0.355015 0.355012 0.355013 0.355012 0.355009 0.355006 0.355022 0.355038 0.355048 0.355049 0.355055 0.000000 0.000000
0.000000 0.000000 0.357014 0.357008 0.357001 0.356992 0.356981 0.356961 0.356963 0.356959 0.356959 0.356960 0.356957 0.356955 0.356969 0.356986 0.356994 0.356998 0.357006 0.000000 0.000000
0.000000 0.000000 0.358951 0.358945 0.358939 0.358930 0.358916 0.358899 0.358902 0.358899 0.358899 0.358900 0.358896 0.358892 0.358909 0.358926 0.358932 0.358935 0.358941 0.000000 0.000000
0.000000 0.000000 0.360894 0.360889 0.360883 0.360876 0.360867 0.360846 0.360848 0.360844 0.360844 0.360845 0.360841 0.360838 0.360852 0.360864 0.360873 0.360877 0.360884 0.000000 0.000000
0.000000 0.000000 0.362899 0.362893 0.362886 0.362875 0.362864 0.362844 0.362844 0.362841 0.362841 0.362841 0.362838 0.362835 0.362853 0.362868 0.362876 0.362879 0.362902 0.000000 0.000000
0.000000 0.000000 0.364923 0.364917 0.364909 0.364901 0.364888 0.364847 0.364848 0.364844 0.364844 0.364844 0.364840 0.364838 0.364872 0.364889 0.364898 0.364901 0.364916 0.000000 0.000000
0.000000 0.000000 0.367055 0.367046 0.367040 0.367032 0.366993 0.366982 0.366976 0.366973 0.366973 0.366973 0.366968 0.366965 0.366976 0.367017 0.367026 0.367034 0.367043 0.000000 0.000000
0.000000 0.000000 0.369342 0.369335 0.369320 0.369286 0.369268 0.369243 0.369230 0.369226 0.369220 0.369219 0.369219 0.369211 0.369230 0.369259 0.369304 0.369302 0.369309 0.000000 0.000000
0.000000 0.000000 0.371694 0.371686 0.371640 0.371633 0.371623 0.371611 0.371609 0.371607 0.371609 0.371608 0.371600 0.371604 0.371609 0.371622 0.371624 0.371670 0.371682 0.000000 0.000000
0.000000 0.000000 0.374291 0.374234 0.374193 0.374178 0.374152 0.374137 0.374133 0.374131 0.374125 0.374125 0.374123 0.374115 0.374124 0.374158 0.374179 0.374204 0.374260 0.000000 0.000000
0.000000 0.000000 0.376337 0.376320 0.376350 0.376330 0.376306 0.376253 0.376248 0.376243 0.376244 0.376243 0.376238 0.376238 0.376283 0.376313 0.376347 0.376299 0.376325 0.000000 0.000000
0.000000 0.000000 0.350000 0.350000 0.350000 0.350000 0.350000 0.350000 0.350000 0.350000 0.350000 0.350000 0.350000 0.350000 0.350000 0.350000 0.350000 0.350000 0.350000 0.000000 0.000000
0.000000 0.000000 0.000000 0.000000 0.000000 0.000000 0.000000 0.000000 0.000000 0.000000 0.000000 0.000000 0.000000 0.000000 0.000000 0.000000 0.000000 0.000000 0.000000 0.000000 0.000000