geotop/1.0zi/1.0Montebello/Templates/testdem/maps/_Eocsand2743.asc
ncols         21
nrows         20
xllcorner     100.000000
yllcorner     100.000000
cellsize      50.000000
NODATA_value  -9999.0
0.000000 0.000000 0.000000 0.000000 0.000000 0.000000 0.000000 0.000000 0.000000 0.000000 0.000000 0.000000 0.000000 0.000000 0.000000 0.000000 0.000000 0.000000 0.000000 0.000000 0.000000
0.000000 0.000000 0.300082 0.300082 0.300082 0.300082 0.300082 0.300082 0.300082 0.300082 0.300084 0.300082 0.300082 0.300082 0.300082 0.300082 0.300082 0.300082 0.300082 0.000000 0.000000
0.000000 0.000000 0.300011 0.300012 0.300012 0.300011 0.300011 0.300011 0.300011 0.300011 0.300010 0.300011 0.300011 0.300011 0.300011 0.300011 0.300012 0.300012 0.300011 0.000000 0.000000
0.000000 0.000000 0.298225 0.298226 0.298230 0.298228 0.298225 0.298225 0.298226 0.298225 0.298225 0.298225 0.298226 0.298225 0.298225 0.298228 0.298230 0.298226 0.298225 0.000000 0.000000
0.000000 0.000000 0.290592 0.290593 0.290597 0.290597 0.290591 0.290593 0.290592 0.290590 0.290589 0.290590 0.290592 0.290593 0.290591 0.290597 0.290597 0.290593 0.290592 0.000000 0.000000
0.000000 0.000000 0.281287 0.281288 0.281291 0.281291 0.281286 0.281288 0.281288 0.281286 0.281285 0.281286 0.281288 0.281288 0.281286 0.281291 0.281291 0.281288 0.281287 0.000000 0.000000
0.000000 0.000000 0.272624 0.272625 0.272628 0.272628 0.272624 0.272625 0.272625 0.272623 0.272623 0.272623 0.272625 0.272625 0.272624 0.272628 0.272628 0.272625 0.272624 0.000000 0.000000
0.000000 0.000000 0.264715 0.264716 0.264718 0.264717 0.264714 0.264715 0.264715 0.264714 0.264713 0.264714 0.264715 0.264715 0.264714 0.264717 0.264718 0.264716 0.264715 0.000000 0.000000
0.000000 0.000000 0.257363 0.257363 0.257366 0.257365 0.257362 0.257363 0.257363 0.257362 0.257361 0.257362 0.257363 0.257363 0.257362 0.257365 0.257366 0.257363 0.257363 0.000000 0.000000
0.000000 0.000000 0.250399 0.250400 0.250402 0.250401 0.250399 0.250400 0.250400 0.250398 0.250398 0.250398 0.250400 0.250400 0.250399 0.250401 0.250402 0.250400 0.250399 0.000000 0.000000
0.000000 0.000000 0.243739 0.243739 0.243742 0.243741 0.243738 0.243739 0.243739 0.243738 0.243737 0.243738 0.243739 0.243739 0.243738 0.243741 0.243742 0.243739 0.243739 0.000000 0.000000
0.000000 0.000000 0.237317 0.237318 0.237320 0.237319 0.237317 0.237318 0.237317 0.237316 0.237316 0.237316 0.237317 0.237318 0.237317 0.237319 0.237320 0.237318 0.237317 0.000000 0.000000
0.000000 0.000000 0.231088 0.231089 0.231091 0.231090 0.231088 0.231089 0.231089 0.231087 0.231087 0.231087 0.231089 0.231089 0.231088 0.231090 0.231091 0.231089 0.231088 0.000000 0.000000
0.000000 0.000000 0.225019 0.225020 0.225022 0.225021 0.225019 0.225020 0.225020 0.225019 0.225018 0.225019 0.225020 0.225020 0.225019 0.225021 0.225022 0.225020 0.225019 0.000000 0.000000
0.000000 0.000000 0.219094 0.219095 0.219097 0.219096 0.219094 0.219095 0.219095 0.219093 0.219093 0.219093 0.219095 0.219095 0.219094 0.219096 0.219097 0.219095 0.219094 0.000000 0.000000
0.000000 0.000000 0.213299 0.213300 0.213302 0.213301 0.213299 0.213300 0.213300 0.213299 0.213298 0.213299 0.213300 0.213300 0.213299 0.213301 0.213302 0.213300 0.213299 0.000000 0.000000
0.000000 0.000000 0.207626 0.207626 0.207628 0.207627 0.207625 0.207626 0.207626 0.207625 0.207624 0.207625 0.207626 0.207626 0.207625 0.207627 0.207628 0.207626 0.207626 0.000000 0.000000
0.000000 0.000000 0.201989 0.201989 0.201991 0.201990 0.201988 0.201989 0.201989 0.201988 0.201987 0.201988 0.201989 0.201989 0.201988 0.201990 0.201991 0.201989 0.201989 0.000000 0.000000
0.000000 0.000000 0.300000 0.300000 0.300000 0.300000 0.300000 0.300000 0.300000 0.300000 0.300000 0.300000 0.300000 0.300000 0.300000 0.300000 0.300000 0.300000 0.300000 0.000000 0.000000
0.000000 0.000000 0.000000 0.000000 0.000000 0.000000 0.000000 0.000000 0.000000 0.000000 0.000000 0.000000 0.000000 0.000000 0.000000 0.000000 0.000000 0.000000 0.000000 0.000000 0.000000