geotop/1.0zi/1.0Montebello/Templates/testdem/maps/_Eocsilt5335.asc
ncols         21
nrows         20
xllcorner     100.000000
yllcorner     100.000000
cellsize      50.000000
NODATA_value  -9999.0
0.000000 0.000000 0.000000 0.000000 0.000000 0.000000 0.000000 0.000000 0.000000 0.000000 0.000000 0.000000 0.000000 0.000000 0.000000 0.000000 0.000000 0.000000 0.000000 0.000000 0.000000
0.000000 0.000000 0.350108 0.350108 0.350108 0.350108 0.350108 0.350108 0.350108 0.350108 0.350108 0.350108 0.350108 0.350108 0.350108 0.350108 0.350108 0.350108 0.350107 0.000000 0.000000
0.000000 0.000000 0.350002 0.350002 0.350002 0.350003 0.350003 0.350003 0.350003 0.350003 0.350003 0.350003 0.350003 0.350003 0.350003 0.350003 0.350001 0.350001 0.350002 0.000000 0.000000
0.000000 0.000000 0.350037 0.350037 0.350036 0.350031 0.350033 0.350031 0.350033 0.350034 0.350033 0.350032 0.350032 0.350031 0.350033 0.350036 0.350036 0.350038 0.350037 0.000000 0.000000
0.000000 0.000000 0.350440 0.350444 0.350442 0.350439 0.350437 0.350432 0.350431 0.350429 0.350426 0.350429 0.350429 0.350430 0.350436 0.350437 0.350437 0.350446 0.350449 0.000000 0.000000
0.000000 0.000000 0.351763 0.351766 0.351763 0.351750 0.351741 0.351725 0.351723 0.351720 0.351724 0.351727 0.351728 0.351724 0.351729 0.351734 0.351743 0.351746 0.351750 0.000000 0.000000
0.000000 0.000000 0.353798 0.353796 0.353793 0.353777 0.353757 0.353737 0.353738 0.353736 0.353739 0.353739 0.353736 0.353739 0.353753 0.353769 0.353776 0.353785 0.353790 0.000000 0.000000
0.000000 0.000000 0.356254 0.356255 0.356256 0.356240 0.356221 0.356199 0.356200 0.356197 0.356197 0.356197 0.356196 0.356198 0.356215 0.356232 0.356247 0.356249 0.356257 0.000000 0.000000
0.000000 0.000000 0.358831 0.358827 0.358821 0.358811 0.358793 0.358766 0.358767 0.358763 0.358761 0.358763 0.358763 0.358760 0.358784 0.358802 0.358815 0.358820 0.358827 0.000000 0.000000
0.000000 0.000000 0.361397 0.361393 0.361391 0.361385 0.361360 0.361337 0.361339 0.361336 0.361333 0.361337 0.361340 0.361336 0.361354 0.361374 0.361387 0.361389 0.361394 0.000000 0.000000
0.000000 0.000000 0.364012 0.364010 0.364011 0.363992 0.363975 0.363950 0.363956 0.363943 0.363944 0.363946 0.363943 0.363949 0.363962 0.363975 0.363989 0.363997 0.364007 0.000000 0.000000
0.000000 0.000000 0.366741 0.366735 0.366729 0.366716 0.366702 0.366671 0.366673 0.366666 0.366674 0.366667 0.366668 0.366671 0.366696 0.366707 0.366717 0.366721 0.366750 0.000000 0.000000
0.000000 0.000000 0.369516 0.369511 0.369510 0.369495 0.369483 0.369424 0.369425 0.369419 0.369407 0.369414 0.369419 0.369423 0.369464 0.369475 0.369496 0.369498 0.369519 0.000000 0.000000
0.000000 0.000000 0.372498 0.372495 0.372489 0.372480 0.372426 0.372410 0.372397 0.372397 0.372392 0.372395 0.372395 0.372393 0.372400 0.372452 0.372471 0.372485 0.372506 0.000000 0.000000
0.000000 0.000000 0.375748 0.375745 0.375733 0.375678 0.375660 0.375627 0.375605 0.375602 0.375591 0.375585 0.375592 0.375587 0.375610 0.375637 0.375718 0.375712 0.375725 0.000000 0.000000
0.000000 0.000000 0.379162 0.379157 0.379090 0.379074 0.379069 0.379047 0.379058 0.379049 0.379054 0.379046 0.379039 0.379053 0.379065 0.379074 0.379075 0.379162 0.379166 0.000000 0.000000
0.000000 0.000000 0.383005 0.382914 0.382875 0.382847 0.382805 0.382781 0.382776 0.382773 0.382754 0.382751 0.382758 0.382756 0.382780 0.382812 0.382865 0.382896 0.382987 0.000000 0.000000
0.000000 0.000000 0.385916 0.385908 0.385986 0.385961 0.385927 0.385841 0.385838 0.385819 0.385828 0.385824 0.385830 0.385832 0.385911 0.385932 0.385997 0.385915 0.385929 0.000000 0.000000
0.000000 0.000000 0.350000 0.350000 0.350000 0.350000 0.350000 0.350000 0.350000 0.350000 0.350000 0.350000 0.350000 0.350000 0.350000 0.350000 0.350000 0.350000 0.350000 0.000000 0.000000
0.000000 0.000000 0.000000 0.000000 0.000000 0.000000 0.000000 0.000000 0.000000 0.000000 0.000000 0.000000 0.000000 0.000000 0.000000 0.000000 0.000000 0.000000 0.000000 0.000000 0.000000