geotop/1.0zi/1.0Montebello/Templates/testdem/maps/_Eocclay9892.asc
ncols         21
nrows         20
xllcorner     100.000000
yllcorner     100.000000
cellsize      50.000000
NODATA_value  -9999.0
0.000000 0.000000 0.000000 0.000000 0.000000 0.000000 0.000000 0.000000 0.000000 0.000000 0.000000 0.000000 0.000000 0.000000 0.000000 0.000000 0.000000 0.000000 0.000000 0.000000 0.000000
0.000000 0.000000 0.349546 0.349549 0.349548 0.349547 0.349549 0.349549 0.349549 0.349549 0.349548 0.349549 0.349549 0.349549 0.349549 0.349549 0.349547 0.349548 0.349548 0.000000 0.000000
0.000000 0.000000 0.349981 0.349979 0.349979 0.349981 0.349979 0.349979 0.349979 0.349979 0.349979 0.349979 0.349979 0.349979 0.349980 0.349980 0.349981 0.349980 0.349979 0.000000 0.000000
0.000000 0.000000 0.350040 0.350045 0.350042 0.350038 0.350039 0.350039 0.350043 0.350041 0.350044 0.350041 0.350042 0.350040 0.350043 0.350047 0.350045 0.350046 0.350043 0.000000 0.000000
0.000000 0.000000 0.351484 0.351478 0.351471 0.351458 0.351440 0.351437 0.351434 0.351437 0.351434 0.351438 0.351438 0.351440 0.351450 0.351455 0.351466 0.351469 0.351478 0.000000 0.000000
0.000000 0.000000 0.355452 0.355447 0.355424 0.355387 0.355356 0.355324 0.355329 0.355323 0.355322 0.355322 0.355329 0.355326 0.355343 0.355375 0.355390 0.355403 0.355408 0.000000 0.000000
0.000000 0.000000 0.360805 0.360794 0.360779 0.360743 0.360702 0.360642 0.360643 0.360637 0.360632 0.360633 0.360635 0.360634 0.360684 0.360719 0.360739 0.360752 0.360760 0.000000 0.000000
0.000000 0.000000 0.367167 0.367153 0.367136 0.367090 0.367044 0.366990 0.366991 0.366984 0.366979 0.366976 0.366974 0.366983 0.367028 0.367065 0.367099 0.367107 0.367122 0.000000 0.000000
0.000000 0.000000 0.374155 0.374136 0.374111 0.374076 0.374023 0.373961 0.373968 0.373956 0.373947 0.373944 0.373947 0.373944 0.374005 0.374051 0.374077 0.374087 0.374099 0.000000 0.000000
0.000000 0.000000 0.381926 0.381899 0.381878 0.381840 0.381782 0.381716 0.381717 0.381708 0.381695 0.381700 0.381708 0.381704 0.381755 0.381814 0.381845 0.381857 0.381863 0.000000 0.000000
0.000000 0.000000 0.390838 0.390815 0.390795 0.390710 0.390682 0.390593 0.390612 0.390569 0.390571 0.390564 0.390550 0.390574 0.390631 0.390668 0.390712 0.390727 0.390766 0.000000 0.000000
0.000000 0.000000 0.401305 0.401257 0.401203 0.401163 0.401116 0.401003 0.401001 0.400996 0.401008 0.400968 0.400987 0.400980 0.401083 0.401142 0.401165 0.401179 0.401256 0.000000 0.000000
0.000000 0.000000 0.413183 0.413138 0.413125 0.413042 0.412984 0.412684 0.412679 0.412660 0.412552 0.412617 0.412622 0.412648 0.412873 0.412923 0.413033 0.413038 0.413055 0.000000 0.000000
0.000000 0.000000 0.427984 0.427964 0.427862 0.427806 0.427380 0.427536 0.427446 0.427446 0.427506 0.427443 0.427435 0.427386 0.427247 0.427713 0.427726 0.427833 0.427898 0.000000 0.000000
0.000000 0.000000 0.444727 0.444675 0.444595 0.444048 0.444296 0.443949 0.443875 0.443839 0.443710 0.443673 0.443733 0.443739 0.444045 0.443810 0.444521 0.444349 0.444321 0.000000 0.000000
0.000000 0.000000 0.459385 0.459356 0.458779 0.459097 0.458986 0.459019 0.459276 0.459209 0.459347 0.459325 0.459213 0.459350 0.459263 0.459366 0.458692 0.459579 0.459567 0.000000 0.000000
0.000000 0.000000 0.471960 0.471512 0.471643 0.471450 0.471217 0.471160 0.471018 0.471051 0.470901 0.470919 0.471004 0.470915 0.471020 0.471195 0.471605 0.471296 0.471760 0.000000 0.000000
0.000000 0.000000 0.476799 0.476929 0.477209 0.477146 0.477091 0.476840 0.476845 0.476785 0.476855 0.476837 0.476843 0.476856 0.477076 0.477120 0.477226 0.476945 0.476817 0.000000 0.000000
0.000000 0.000000 0.350000 0.350000 0.350000 0.350000 0.350000 0.350000 0.350000 0.350000 0.350000 0.350000 0.350000 0.350000 0.350000 0.350000 0.350000 0.350000 0.350000 0.000000 0.000000
0.000000 0.000000 0.000000 0.000000 0.000000 0.000000 0.000000 0.000000 0.000000 0.000000 0.000000 0.000000 0.000000 0.000000 0.000000 0.000000 0.000000 0.000000 0.000000 0.000000 0.000000