geotop/1.0zi/1.0Montebello/Templates/testdem/maps/_Eocclay8786.asc
ncols         21
nrows         20
xllcorner     100.000000
yllcorner     100.000000
cellsize      50.000000
NODATA_value  -9999.0
0.000000 0.000000 0.000000 0.000000 0.000000 0.000000 0.000000 0.000000 0.000000 0.000000 0.000000 0.000000 0.000000 0.000000 0.000000 0.000000 0.000000 0.000000 0.000000 0.000000 0.000000
0.000000 0.000000 0.349591 0.349593 0.349593 0.349592 0.349594 0.349594 0.349593 0.349593 0.349592 0.349594 0.349593 0.349593 0.349594 0.349593 0.349591 0.349592 0.349593 0.000000 0.000000
0.000000 0.000000 0.349983 0.349982 0.349982 0.349984 0.349982 0.349981 0.349982 0.349982 0.349981 0.349981 0.349982 0.349981 0.349982 0.349983 0.349983 0.349983 0.349981 0.000000 0.000000
0.000000 0.000000 0.350023 0.350028 0.350026 0.350021 0.350022 0.350023 0.350026 0.350024 0.350027 0.350025 0.350025 0.350023 0.350026 0.350028 0.350026 0.350028 0.350026 0.000000 0.000000
0.000000 0.000000 0.351190 0.351182 0.351179 0.351170 0.351153 0.351152 0.351149 0.351150 0.351148 0.351150 0.351148 0.351150 0.351160 0.351163 0.351174 0.351173 0.351183 0.000000 0.000000
0.000000 0.000000 0.354484 0.354480 0.354461 0.354431 0.354408 0.354383 0.354387 0.354380 0.354385 0.354384 0.354390 0.354388 0.354402 0.354427 0.354440 0.354450 0.354456 0.000000 0.000000
0.000000 0.000000 0.358932 0.358923 0.358914 0.358885 0.358851 0.358802 0.358804 0.358799 0.358799 0.358801 0.358801 0.358801 0.358842 0.358873 0.358890 0.358901 0.358908 0.000000 0.000000
0.000000 0.000000 0.364200 0.364190 0.364181 0.364145 0.364110 0.364066 0.364068 0.364063 0.364062 0.364060 0.364058 0.364067 0.364104 0.364135 0.364163 0.364169 0.364183 0.000000 0.000000
0.000000 0.000000 0.369859 0.369847 0.369832 0.369807 0.369767 0.369720 0.369725 0.369715 0.369712 0.369710 0.369712 0.369710 0.369760 0.369797 0.369819 0.369824 0.369838 0.000000 0.000000
0.000000 0.000000 0.375971 0.375953 0.375945 0.375919 0.375863 0.375820 0.375822 0.375816 0.375809 0.375814 0.375821 0.375818 0.375859 0.375906 0.375931 0.375938 0.375946 0.000000 0.000000
0.000000 0.000000 0.382753 0.382742 0.382732 0.382676 0.382639 0.382584 0.382599 0.382566 0.382574 0.382570 0.382559 0.382578 0.382621 0.382649 0.382685 0.382698 0.382725 0.000000 0.000000
0.000000 0.000000 0.390436 0.390413 0.390384 0.390353 0.390304 0.390237 0.390237 0.390233 0.390247 0.390222 0.390233 0.390232 0.390306 0.390346 0.390365 0.390374 0.390435 0.000000 0.000000
0.000000 0.000000 0.398907 0.398880 0.398877 0.398818 0.398778 0.398584 0.398585 0.398575 0.398518 0.398552 0.398560 0.398577 0.398730 0.398767 0.398840 0.398841 0.398866 0.000000 0.000000
0.000000 0.000000 0.409140 0.409131 0.409085 0.409046 0.408780 0.408833 0.408783 0.408785 0.408811 0.408786 0.408782 0.408759 0.408715 0.408999 0.409026 0.409090 0.409136 0.000000 0.000000
0.000000 0.000000 0.421358 0.421325 0.421270 0.420919 0.420995 0.420816 0.420751 0.420733 0.420668 0.420634 0.420673 0.420667 0.420844 0.420785 0.421245 0.421148 0.421146 0.000000 0.000000
0.000000 0.000000 0.434490 0.434464 0.433967 0.434160 0.434102 0.434092 0.434303 0.434243 0.434353 0.434326 0.434238 0.434359 0.434338 0.434388 0.433925 0.434661 0.434648 0.000000 0.000000
0.000000 0.000000 0.449970 0.449259 0.449494 0.449185 0.448832 0.448728 0.448501 0.448556 0.448325 0.448352 0.448489 0.448345 0.448537 0.448798 0.449471 0.448951 0.449685 0.000000 0.000000
0.000000 0.000000 0.454085 0.454732 0.455253 0.455262 0.455312 0.454803 0.454913 0.454757 0.455025 0.454973 0.454925 0.455016 0.455434 0.455400 0.455349 0.454962 0.454320 0.000000 0.000000
0.000000 0.000000 0.350000 0.350000 0.350000 0.350000 0.350000 0.350000 0.350000 0.350000 0.350000 0.350000 0.350000 0.350000 0.350000 0.350000 0.350000 0.350000 0.350000 0.000000 0.000000
0.000000 0.000000 0.000000 0.000000 0.000000 0.000000 0.000000 0.000000 0.000000 0.000000 0.000000 0.000000 0.000000 0.000000 0.000000 0.000000 0.000000 0.000000 0.000000 0.000000 0.000000