geotop/1.0zi/1.0Montebello/Templates/testdem/maps/_Eocclay1840.asc
ncols         21
nrows         20
xllcorner     100.000000
yllcorner     100.000000
cellsize      50.000000
NODATA_value  -9999.0
0.000000 0.000000 0.000000 0.000000 0.000000 0.000000 0.000000 0.000000 0.000000 0.000000 0.000000 0.000000 0.000000 0.000000 0.000000 0.000000 0.000000 0.000000 0.000000 0.000000 0.000000
0.000000 0.000000 0.349905 0.349905 0.349905 0.349905 0.349905 0.349905 0.349905 0.349905 0.349905 0.349905 0.349905 0.349905 0.349905 0.349905 0.349905 0.349905 0.349905 0.000000 0.000000
0.000000 0.000000 0.349993 0.349993 0.349993 0.349993 0.349993 0.349993 0.349993 0.349993 0.349993 0.349993 0.349993 0.349993 0.349993 0.349993 0.349993 0.349993 0.349993 0.000000 0.000000
0.000000 0.000000 0.350650 0.350650 0.350648 0.350649 0.350650 0.350650 0.350650 0.350650 0.350650 0.350650 0.350650 0.350650 0.350650 0.350649 0.350648 0.350650 0.350650 0.000000 0.000000
0.000000 0.000000 0.353351 0.353350 0.353348 0.353348 0.353352 0.353351 0.353351 0.353352 0.353352 0.353352 0.353351 0.353351 0.353352 0.353348 0.353348 0.353350 0.353351 0.000000 0.000000
0.000000 0.000000 0.356415 0.356414 0.356413 0.356413 0.356416 0.356415 0.356415 0.356416 0.356416 0.356416 0.356415 0.356415 0.356416 0.356413 0.356413 0.356414 0.356415 0.000000 0.000000
0.000000 0.000000 0.359318 0.359318 0.359316 0.359317 0.359319 0.359318 0.359318 0.359319 0.359319 0.359319 0.359318 0.359318 0.359319 0.359317 0.359316 0.359318 0.359318 0.000000 0.000000
0.000000 0.000000 0.361992 0.361992 0.361990 0.361991 0.361993 0.361992 0.361992 0.361993 0.361993 0.361993 0.361992 0.361992 0.361993 0.361991 0.361990 0.361992 0.361992 0.000000 0.000000
0.000000 0.000000 0.364496 0.364496 0.364494 0.364495 0.364497 0.364496 0.364496 0.364497 0.364497 0.364497 0.364496 0.364496 0.364497 0.364495 0.364494 0.364496 0.364496 0.000000 0.000000
0.000000 0.000000 0.366891 0.366890 0.366889 0.366890 0.366891 0.366891 0.366891 0.366891 0.366891 0.366891 0.366891 0.366891 0.366891 0.366890 0.366889 0.366890 0.366891 0.000000 0.000000
0.000000 0.000000 0.369201 0.369201 0.369200 0.369200 0.369202 0.369201 0.369201 0.369202 0.369202 0.369202 0.369201 0.369201 0.369202 0.369200 0.369200 0.369201 0.369201 0.000000 0.000000
0.000000 0.000000 0.371449 0.371449 0.371448 0.371448 0.371449 0.371449 0.371449 0.371450 0.371450 0.371450 0.371449 0.371449 0.371449 0.371448 0.371448 0.371449 0.371449 0.000000 0.000000
0.000000 0.000000 0.373651 0.373651 0.373649 0.373650 0.373651 0.373651 0.373651 0.373651 0.373652 0.373651 0.373651 0.373651 0.373651 0.373650 0.373649 0.373651 0.373651 0.000000 0.000000
0.000000 0.000000 0.375809 0.375809 0.375808 0.375808 0.375810 0.375809 0.375809 0.375810 0.375810 0.375810 0.375809 0.375809 0.375810 0.375808 0.375808 0.375809 0.375809 0.000000 0.000000
0.000000 0.000000 0.377934 0.377934 0.377932 0.377933 0.377934 0.377934 0.377934 0.377934 0.377934 0.377934 0.377934 0.377934 0.377934 0.377933 0.377932 0.377934 0.377934 0.000000 0.000000
0.000000 0.000000 0.380030 0.380030 0.380029 0.380029 0.380031 0.380030 0.380030 0.380031 0.380031 0.380031 0.380030 0.380030 0.380031 0.380029 0.380029 0.380030 0.380030 0.000000 0.000000
0.000000 0.000000 0.382098 0.382098 0.382097 0.382097 0.382099 0.382098 0.382098 0.382099 0.382099 0.382099 0.382098 0.382098 0.382099 0.382097 0.382097 0.382098 0.382098 0.000000 0.000000
0.000000 0.000000 0.384179 0.384179 0.384178 0.384179 0.384180 0.384180 0.384180 0.384180 0.384180 0.384180 0.384180 0.384180 0.384180 0.384179 0.384178 0.384179 0.384180 0.000000 0.000000
0.000000 0.000000 0.350000 0.350000 0.350000 0.350000 0.350000 0.350000 0.350000 0.350000 0.350000 0.350000 0.350000 0.350000 0.350000 0.350000 0.350000 0.350000 0.350000 0.000000 0.000000
0.000000 0.000000 0.000000 0.000000 0.000000 0.000000 0.000000 0.000000 0.000000 0.000000 0.000000 0.000000 0.000000 0.000000 0.000000 0.000000 0.000000 0.000000 0.000000 0.000000 0.000000