geotop/1.0zi/1.0Montebello/Templates/testdem/maps/_Eocsilt2137.asc
ncols         21
nrows         20
xllcorner     100.000000
yllcorner     100.000000
cellsize      50.000000
NODATA_value  -9999.0
0.000000 0.000000 0.000000 0.000000 0.000000 0.000000 0.000000 0.000000 0.000000 0.000000 0.000000 0.000000 0.000000 0.000000 0.000000 0.000000 0.000000 0.000000 0.000000 0.000000 0.000000
0.000000 0.000000 0.350049 0.350049 0.350049 0.350049 0.350049 0.350049 0.350049 0.350049 0.350049 0.350049 0.350049 0.350049 0.350049 0.350049 0.350049 0.350049 0.350049 0.000000 0.000000
0.000000 0.000000 0.349997 0.349997 0.349997 0.349997 0.349997 0.349997 0.349997 0.349997 0.349997 0.349997 0.349997 0.349997 0.349997 0.349997 0.349997 0.349997 0.349997 0.000000 0.000000
0.000000 0.000000 0.350702 0.350701 0.350699 0.350700 0.350702 0.350702 0.350701 0.350702 0.350702 0.350702 0.350701 0.350702 0.350702 0.350700 0.350699 0.350701 0.350702 0.000000 0.000000
0.000000 0.000000 0.353391 0.353390 0.353389 0.353389 0.353391 0.353391 0.353391 0.353392 0.353392 0.353392 0.353391 0.353391 0.353391 0.353389 0.353389 0.353390 0.353391 0.000000 0.000000
0.000000 0.000000 0.356937 0.356936 0.356935 0.356935 0.356937 0.356936 0.356936 0.356937 0.356938 0.356937 0.356936 0.356936 0.356937 0.356935 0.356935 0.356936 0.356937 0.000000 0.000000
0.000000 0.000000 0.360198 0.360198 0.360196 0.360196 0.360198 0.360198 0.360198 0.360199 0.360199 0.360199 0.360198 0.360198 0.360198 0.360196 0.360196 0.360198 0.360198 0.000000 0.000000
0.000000 0.000000 0.363183 0.363183 0.363181 0.363182 0.363183 0.363183 0.363183 0.363183 0.363184 0.363183 0.363183 0.363183 0.363183 0.363182 0.363181 0.363183 0.363183 0.000000 0.000000
0.000000 0.000000 0.365973 0.365972 0.365971 0.365972 0.365973 0.365973 0.365973 0.365973 0.365973 0.365973 0.365973 0.365973 0.365973 0.365972 0.365971 0.365972 0.365973 0.000000 0.000000
0.000000 0.000000 0.368635 0.368634 0.368633 0.368633 0.368635 0.368634 0.368634 0.368635 0.368635 0.368635 0.368634 0.368634 0.368635 0.368633 0.368633 0.368634 0.368635 0.000000 0.000000
0.000000 0.000000 0.371199 0.371198 0.371197 0.371197 0.371199 0.371198 0.371198 0.371199 0.371199 0.371199 0.371198 0.371198 0.371199 0.371197 0.371197 0.371198 0.371199 0.000000 0.000000
0.000000 0.000000 0.373687 0.373687 0.373686 0.373686 0.373688 0.373687 0.373687 0.373688 0.373688 0.373688 0.373687 0.373687 0.373688 0.373686 0.373686 0.373687 0.373687 0.000000 0.000000
0.000000 0.000000 0.376119 0.376118 0.376117 0.376118 0.376119 0.376119 0.376119 0.376119 0.376119 0.376119 0.376119 0.376119 0.376119 0.376118 0.376117 0.376118 0.376119 0.000000 0.000000
0.000000 0.000000 0.378499 0.378499 0.378498 0.378498 0.378499 0.378499 0.378499 0.378499 0.378500 0.378499 0.378499 0.378499 0.378499 0.378498 0.378498 0.378499 0.378499 0.000000 0.000000
0.000000 0.000000 0.380838 0.380838 0.380837 0.380837 0.380838 0.380838 0.380838 0.380838 0.380839 0.380838 0.380838 0.380838 0.380838 0.380837 0.380837 0.380838 0.380838 0.000000 0.000000
0.000000 0.000000 0.383140 0.383140 0.383138 0.383139 0.383140 0.383140 0.383140 0.383140 0.383140 0.383140 0.383140 0.383140 0.383140 0.383139 0.383138 0.383140 0.383140 0.000000 0.000000
0.000000 0.000000 0.385406 0.385405 0.385404 0.385405 0.385406 0.385405 0.385405 0.385406 0.385406 0.385406 0.385405 0.385405 0.385406 0.385405 0.385404 0.385405 0.385406 0.000000 0.000000
0.000000 0.000000 0.387666 0.387666 0.387665 0.387665 0.387667 0.387666 0.387666 0.387667 0.387667 0.387667 0.387666 0.387666 0.387667 0.387665 0.387665 0.387666 0.387666 0.000000 0.000000
0.000000 0.000000 0.350000 0.350000 0.350000 0.350000 0.350000 0.350000 0.350000 0.350000 0.350000 0.350000 0.350000 0.350000 0.350000 0.350000 0.350000 0.350000 0.350000 0.000000 0.000000
0.000000 0.000000 0.000000 0.000000 0.000000 0.000000 0.000000 0.000000 0.000000 0.000000 0.000000 0.000000 0.000000 0.000000 0.000000 0.000000 0.000000 0.000000 0.000000 0.000000 0.000000