geotop/1.0zi/1.0Montebello/Templates/testdem/maps/_Eocsilt1835.asc
ncols         21
nrows         20
xllcorner     100.000000
yllcorner     100.000000
cellsize      50.000000
NODATA_value  -9999.0
0.000000 0.000000 0.000000 0.000000 0.000000 0.000000 0.000000 0.000000 0.000000 0.000000 0.000000 0.000000 0.000000 0.000000 0.000000 0.000000 0.000000 0.000000 0.000000 0.000000 0.000000
0.000000 0.000000 0.350041 0.350041 0.350041 0.350041 0.350041 0.350041 0.350041 0.350041 0.350041 0.350041 0.350041 0.350041 0.350041 0.350041 0.350041 0.350041 0.350041 0.000000 0.000000
0.000000 0.000000 0.349998 0.349998 0.349998 0.349998 0.349998 0.349998 0.349998 0.349998 0.349998 0.349998 0.349998 0.349998 0.349998 0.349998 0.349998 0.349998 0.349998 0.000000 0.000000
0.000000 0.000000 0.350683 0.350682 0.350680 0.350681 0.350683 0.350683 0.350683 0.350683 0.350683 0.350683 0.350683 0.350683 0.350683 0.350681 0.350680 0.350682 0.350683 0.000000 0.000000
0.000000 0.000000 0.353160 0.353159 0.353158 0.353158 0.353161 0.353160 0.353160 0.353161 0.353161 0.353161 0.353160 0.353160 0.353161 0.353158 0.353158 0.353159 0.353160 0.000000 0.000000
0.000000 0.000000 0.356275 0.356275 0.356273 0.356273 0.356276 0.356275 0.356275 0.356276 0.356276 0.356276 0.356275 0.356275 0.356276 0.356273 0.356273 0.356275 0.356275 0.000000 0.000000
0.000000 0.000000 0.359130 0.359129 0.359128 0.359128 0.359130 0.359130 0.359130 0.359130 0.359130 0.359130 0.359130 0.359130 0.359130 0.359128 0.359128 0.359129 0.359130 0.000000 0.000000
0.000000 0.000000 0.361744 0.361744 0.361743 0.361743 0.361745 0.361744 0.361744 0.361745 0.361745 0.361745 0.361744 0.361744 0.361745 0.361743 0.361743 0.361744 0.361744 0.000000 0.000000
0.000000 0.000000 0.364189 0.364189 0.364188 0.364188 0.364190 0.364189 0.364189 0.364190 0.364190 0.364190 0.364189 0.364189 0.364190 0.364188 0.364188 0.364189 0.364189 0.000000 0.000000
0.000000 0.000000 0.366525 0.366525 0.366524 0.366524 0.366526 0.366525 0.366525 0.366526 0.366526 0.366526 0.366525 0.366525 0.366526 0.366524 0.366524 0.366525 0.366525 0.000000 0.000000
0.000000 0.000000 0.368778 0.368777 0.368776 0.368777 0.368778 0.368778 0.368778 0.368778 0.368778 0.368778 0.368778 0.368778 0.368778 0.368777 0.368776 0.368777 0.368778 0.000000 0.000000
0.000000 0.000000 0.370967 0.370967 0.370966 0.370966 0.370968 0.370967 0.370967 0.370968 0.370968 0.370968 0.370967 0.370967 0.370968 0.370966 0.370966 0.370967 0.370967 0.000000 0.000000
0.000000 0.000000 0.373111 0.373110 0.373109 0.373110 0.373111 0.373111 0.373111 0.373111 0.373111 0.373111 0.373111 0.373111 0.373111 0.373110 0.373109 0.373110 0.373111 0.000000 0.000000
0.000000 0.000000 0.375211 0.375210 0.375209 0.375210 0.375211 0.375211 0.375211 0.375211 0.375211 0.375211 0.375211 0.375211 0.375211 0.375210 0.375209 0.375210 0.375211 0.000000 0.000000
0.000000 0.000000 0.377276 0.377276 0.377275 0.377275 0.377277 0.377276 0.377276 0.377277 0.377277 0.377277 0.377276 0.377276 0.377277 0.377275 0.377275 0.377276 0.377276 0.000000 0.000000
0.000000 0.000000 0.379313 0.379313 0.379312 0.379312 0.379314 0.379313 0.379313 0.379314 0.379314 0.379314 0.379313 0.379313 0.379314 0.379312 0.379312 0.379313 0.379313 0.000000 0.000000
0.000000 0.000000 0.381321 0.381321 0.381320 0.381320 0.381322 0.381321 0.381321 0.381322 0.381322 0.381322 0.381321 0.381321 0.381322 0.381320 0.381320 0.381321 0.381321 0.000000 0.000000
0.000000 0.000000 0.383341 0.383341 0.383340 0.383340 0.383342 0.383341 0.383341 0.383342 0.383342 0.383342 0.383341 0.383341 0.383342 0.383340 0.383340 0.383341 0.383341 0.000000 0.000000
0.000000 0.000000 0.350000 0.350000 0.350000 0.350000 0.350000 0.350000 0.350000 0.350000 0.350000 0.350000 0.350000 0.350000 0.350000 0.350000 0.350000 0.350000 0.350000 0.000000 0.000000
0.000000 0.000000 0.000000 0.000000 0.000000 0.000000 0.000000 0.000000 0.000000 0.000000 0.000000 0.000000 0.000000 0.000000 0.000000 0.000000 0.000000 0.000000 0.000000 0.000000 0.000000