geotop/1.0zi/1.0Montebello/Templates/testdem/maps/_Eocsand2759.asc
ncols         21
nrows         20
xllcorner     100.000000
yllcorner     100.000000
cellsize      50.000000
NODATA_value  -9999.0
0.000000 0.000000 0.000000 0.000000 0.000000 0.000000 0.000000 0.000000 0.000000 0.000000 0.000000 0.000000 0.000000 0.000000 0.000000 0.000000 0.000000 0.000000 0.000000 0.000000 0.000000
0.000000 0.000000 0.300082 0.300082 0.300082 0.300082 0.300082 0.300082 0.300082 0.300082 0.300084 0.300082 0.300082 0.300082 0.300082 0.300082 0.300082 0.300082 0.300082 0.000000 0.000000
0.000000 0.000000 0.300011 0.300012 0.300012 0.300011 0.300011 0.300011 0.300011 0.300011 0.300010 0.300011 0.300011 0.300011 0.300011 0.300011 0.300012 0.300012 0.300011 0.000000 0.000000
0.000000 0.000000 0.298226 0.298227 0.298231 0.298229 0.298225 0.298226 0.298226 0.298226 0.298225 0.298226 0.298226 0.298226 0.298225 0.298229 0.298231 0.298227 0.298226 0.000000 0.000000
0.000000 0.000000 0.290587 0.290588 0.290592 0.290592 0.290586 0.290588 0.290587 0.290585 0.290584 0.290585 0.290587 0.290588 0.290586 0.290592 0.290592 0.290588 0.290587 0.000000 0.000000
0.000000 0.000000 0.281267 0.281268 0.281271 0.281271 0.281266 0.281267 0.281267 0.281265 0.281265 0.281265 0.281267 0.281267 0.281266 0.281271 0.281271 0.281268 0.281267 0.000000 0.000000
0.000000 0.000000 0.272581 0.272582 0.272585 0.272584 0.272580 0.272582 0.272582 0.272580 0.272579 0.272580 0.272582 0.272582 0.272580 0.272584 0.272585 0.272582 0.272581 0.000000 0.000000
0.000000 0.000000 0.264647 0.264647 0.264650 0.264649 0.264646 0.264647 0.264647 0.264645 0.264645 0.264645 0.264647 0.264647 0.264646 0.264649 0.264650 0.264647 0.264647 0.000000 0.000000
0.000000 0.000000 0.257269 0.257270 0.257273 0.257272 0.257269 0.257270 0.257270 0.257268 0.257268 0.257268 0.257270 0.257270 0.257269 0.257272 0.257273 0.257270 0.257269 0.000000 0.000000
0.000000 0.000000 0.250281 0.250281 0.250284 0.250283 0.250280 0.250281 0.250281 0.250280 0.250279 0.250280 0.250281 0.250281 0.250280 0.250283 0.250284 0.250281 0.250281 0.000000 0.000000
0.000000 0.000000 0.243596 0.243596 0.243599 0.243598 0.243595 0.243596 0.243596 0.243595 0.243594 0.243595 0.243596 0.243596 0.243595 0.243598 0.243599 0.243596 0.243596 0.000000 0.000000
0.000000 0.000000 0.237150 0.237151 0.237153 0.237152 0.237150 0.237151 0.237150 0.237149 0.237149 0.237149 0.237150 0.237151 0.237150 0.237152 0.237153 0.237151 0.237150 0.000000 0.000000
0.000000 0.000000 0.230898 0.230898 0.230900 0.230900 0.230897 0.230898 0.230898 0.230897 0.230896 0.230897 0.230898 0.230898 0.230897 0.230900 0.230900 0.230898 0.230898 0.000000 0.000000
0.000000 0.000000 0.224805 0.224806 0.224808 0.224807 0.224805 0.224806 0.224806 0.224805 0.224804 0.224805 0.224806 0.224806 0.224805 0.224807 0.224808 0.224806 0.224805 0.000000 0.000000
0.000000 0.000000 0.218858 0.218858 0.218860 0.218860 0.218857 0.218858 0.218858 0.218857 0.218856 0.218857 0.218858 0.218858 0.218857 0.218860 0.218860 0.218858 0.218858 0.000000 0.000000
0.000000 0.000000 0.213041 0.213041 0.213043 0.213042 0.213040 0.213041 0.213041 0.213040 0.213039 0.213040 0.213041 0.213041 0.213040 0.213042 0.213043 0.213041 0.213041 0.000000 0.000000
0.000000 0.000000 0.207345 0.207346 0.207348 0.207347 0.207345 0.207345 0.207345 0.207344 0.207344 0.207344 0.207345 0.207345 0.207345 0.207347 0.207348 0.207346 0.207345 0.000000 0.000000
0.000000 0.000000 0.201690 0.201690 0.201692 0.201691 0.201689 0.201690 0.201690 0.201689 0.201688 0.201689 0.201690 0.201690 0.201689 0.201691 0.201692 0.201690 0.201690 0.000000 0.000000
0.000000 0.000000 0.300000 0.300000 0.300000 0.300000 0.300000 0.300000 0.300000 0.300000 0.300000 0.300000 0.300000 0.300000 0.300000 0.300000 0.300000 0.300000 0.300000 0.000000 0.000000
0.000000 0.000000 0.000000 0.000000 0.000000 0.000000 0.000000 0.000000 0.000000 0.000000 0.000000 0.000000 0.000000 0.000000 0.000000 0.000000 0.000000 0.000000 0.000000 0.000000 0.000000