geotop/1.0zi/1.0Montebello/Templates/testdem/maps/_Eocsilt7664.asc
ncols         21
nrows         20
xllcorner     100.000000
yllcorner     100.000000
cellsize      50.000000
NODATA_value  -9999.0
0.000000 0.000000 0.000000 0.000000 0.000000 0.000000 0.000000 0.000000 0.000000 0.000000 0.000000 0.000000 0.000000 0.000000 0.000000 0.000000 0.000000 0.000000 0.000000 0.000000 0.000000
0.000000 0.000000 0.350157 0.350158 0.350158 0.350158 0.350158 0.350158 0.350158 0.350158 0.350158 0.350158 0.350158 0.350158 0.350157 0.350158 0.350158 0.350158 0.350158 0.000000 0.000000
0.000000 0.000000 0.350005 0.350005 0.350004 0.350004 0.350005 0.350005 0.350005 0.350005 0.350005 0.350005 0.350006 0.350006 0.350005 0.350004 0.350003 0.350003 0.350004 0.000000 0.000000
0.000000 0.000000 0.350103 0.350099 0.350098 0.350091 0.350092 0.350087 0.350090 0.350090 0.350087 0.350089 0.350089 0.350089 0.350092 0.350095 0.350098 0.350098 0.350099 0.000000 0.000000
0.000000 0.000000 0.350968 0.350974 0.350970 0.350960 0.350954 0.350947 0.350943 0.350942 0.350942 0.350942 0.350943 0.350945 0.350958 0.350963 0.350965 0.350975 0.350978 0.000000 0.000000
0.000000 0.000000 0.353408 0.353409 0.353399 0.353384 0.353366 0.353344 0.353344 0.353338 0.353342 0.353342 0.353343 0.353343 0.353354 0.353366 0.353378 0.353386 0.353391 0.000000 0.000000
0.000000 0.000000 0.356934 0.356930 0.356920 0.356894 0.356864 0.356832 0.356832 0.356828 0.356830 0.356828 0.356825 0.356830 0.356858 0.356884 0.356901 0.356915 0.356923 0.000000 0.000000
0.000000 0.000000 0.361126 0.361124 0.361119 0.361092 0.361063 0.361028 0.361027 0.361023 0.361022 0.361019 0.361018 0.361024 0.361055 0.361082 0.361107 0.361113 0.361125 0.000000 0.000000
0.000000 0.000000 0.365610 0.365602 0.365588 0.365571 0.365540 0.365499 0.365501 0.365492 0.365490 0.365488 0.365489 0.365488 0.365529 0.365560 0.365580 0.365591 0.365601 0.000000 0.000000
0.000000 0.000000 0.370286 0.370278 0.370271 0.370254 0.370211 0.370175 0.370175 0.370170 0.370165 0.370168 0.370173 0.370171 0.370204 0.370241 0.370263 0.370271 0.370278 0.000000 0.000000
0.000000 0.000000 0.375284 0.375278 0.375271 0.375234 0.375204 0.375163 0.375172 0.375149 0.375152 0.375151 0.375143 0.375158 0.375188 0.375211 0.375239 0.375254 0.375273 0.000000 0.000000
0.000000 0.000000 0.380766 0.380751 0.380735 0.380711 0.380679 0.380626 0.380624 0.380616 0.380628 0.380611 0.380616 0.380620 0.380674 0.380700 0.380720 0.380731 0.380778 0.000000 0.000000
0.000000 0.000000 0.386617 0.386603 0.386596 0.386564 0.386535 0.386407 0.386405 0.386397 0.386365 0.386380 0.386388 0.386400 0.386499 0.386526 0.386575 0.386581 0.386607 0.000000 0.000000
0.000000 0.000000 0.393350 0.393344 0.393319 0.393296 0.393144 0.393144 0.393112 0.393111 0.393117 0.393109 0.393106 0.393101 0.393095 0.393254 0.393284 0.393327 0.393360 0.000000 0.000000
0.000000 0.000000 0.401165 0.401152 0.401119 0.400934 0.400932 0.400840 0.400794 0.400783 0.400752 0.400728 0.400749 0.400744 0.400833 0.400848 0.401096 0.401064 0.401074 0.000000 0.000000
0.000000 0.000000 0.409723 0.409710 0.409445 0.409490 0.409473 0.409437 0.409526 0.409493 0.409539 0.409516 0.409477 0.409542 0.409560 0.409575 0.409422 0.409792 0.409787 0.000000 0.000000
0.000000 0.000000 0.420283 0.419868 0.419904 0.419762 0.419554 0.419492 0.419398 0.419417 0.419303 0.419310 0.419372 0.419317 0.419420 0.419574 0.419889 0.419737 0.420165 0.000000 0.000000
0.000000 0.000000 0.425252 0.425581 0.425958 0.425936 0.425920 0.425564 0.425603 0.425505 0.425649 0.425616 0.425604 0.425649 0.425956 0.425966 0.426027 0.425707 0.425390 0.000000 0.000000
0.000000 0.000000 0.350000 0.350000 0.350000 0.350000 0.350000 0.350000 0.350000 0.350000 0.350000 0.350000 0.350000 0.350000 0.350000 0.350000 0.350000 0.350000 0.350000 0.000000 0.000000
0.000000 0.000000 0.000000 0.000000 0.000000 0.000000 0.000000 0.000000 0.000000 0.000000 0.000000 0.000000 0.000000 0.000000 0.000000 0.000000 0.000000 0.000000 0.000000 0.000000 0.000000