geotop/1.0zi/1.0Montebello/Templates/testdem/maps/_Eocclay8407.asc
ncols         21
nrows         20
xllcorner     100.000000
yllcorner     100.000000
cellsize      50.000000
NODATA_value  -9999.0
0.000000 0.000000 0.000000 0.000000 0.000000 0.000000 0.000000 0.000000 0.000000 0.000000 0.000000 0.000000 0.000000 0.000000 0.000000 0.000000 0.000000 0.000000 0.000000 0.000000 0.000000
0.000000 0.000000 0.349616 0.349618 0.349618 0.349617 0.349619 0.349619 0.349619 0.349619 0.349617 0.349619 0.349619 0.349618 0.349619 0.349618 0.349616 0.349617 0.349617 0.000000 0.000000
0.000000 0.000000 0.349983 0.349982 0.349982 0.349984 0.349982 0.349982 0.349982 0.349982 0.349982 0.349982 0.349982 0.349982 0.349982 0.349983 0.349984 0.349983 0.349981 0.000000 0.000000
0.000000 0.000000 0.350004 0.350009 0.350006 0.350004 0.350007 0.350004 0.350006 0.350004 0.350007 0.350004 0.350005 0.350003 0.350005 0.350006 0.350005 0.350009 0.350006 0.000000 0.000000
0.000000 0.000000 0.351015 0.351011 0.351010 0.351005 0.350991 0.350988 0.350984 0.350987 0.350983 0.350984 0.350980 0.350984 0.350993 0.350995 0.351005 0.351008 0.351017 0.000000 0.000000
0.000000 0.000000 0.354017 0.354016 0.354001 0.353973 0.353955 0.353930 0.353932 0.353925 0.353930 0.353928 0.353931 0.353932 0.353944 0.353965 0.353980 0.353995 0.354000 0.000000 0.000000
0.000000 0.000000 0.358114 0.358108 0.358101 0.358076 0.358043 0.358001 0.358000 0.357995 0.357995 0.357997 0.357997 0.357998 0.358033 0.358064 0.358080 0.358093 0.358101 0.000000 0.000000
0.000000 0.000000 0.362983 0.362979 0.362971 0.362939 0.362909 0.362864 0.362863 0.362858 0.362857 0.362855 0.362852 0.362861 0.362898 0.362925 0.362952 0.362961 0.362974 0.000000 0.000000
0.000000 0.000000 0.368180 0.368171 0.368158 0.368138 0.368103 0.368057 0.368060 0.368050 0.368047 0.368045 0.368045 0.368045 0.368090 0.368125 0.368146 0.368156 0.368167 0.000000 0.000000
0.000000 0.000000 0.373724 0.373712 0.373706 0.373686 0.373635 0.373593 0.373593 0.373588 0.373581 0.373585 0.373590 0.373588 0.373627 0.373669 0.373694 0.373703 0.373711 0.000000 0.000000
0.000000 0.000000 0.379808 0.379802 0.379794 0.379748 0.379715 0.379662 0.379675 0.379645 0.379651 0.379648 0.379637 0.379655 0.379693 0.379718 0.379752 0.379769 0.379792 0.000000 0.000000
0.000000 0.000000 0.386607 0.386587 0.386568 0.386542 0.386499 0.386438 0.386432 0.386427 0.386440 0.386417 0.386424 0.386426 0.386492 0.386527 0.386548 0.386562 0.386616 0.000000 0.000000
0.000000 0.000000 0.394021 0.394000 0.393999 0.393953 0.393920 0.393752 0.393748 0.393741 0.393693 0.393719 0.393725 0.393742 0.393871 0.393903 0.393968 0.393973 0.394000 0.000000 0.000000
0.000000 0.000000 0.402805 0.402800 0.402768 0.402737 0.402524 0.402545 0.402501 0.402502 0.402516 0.402500 0.402494 0.402480 0.402458 0.402685 0.402715 0.402775 0.402816 0.000000 0.000000
0.000000 0.000000 0.413242 0.413221 0.413179 0.412904 0.412938 0.412798 0.412735 0.412721 0.412671 0.412640 0.412669 0.412664 0.412800 0.412783 0.413149 0.413089 0.413093 0.000000 0.000000
0.000000 0.000000 0.424705 0.424687 0.424288 0.424411 0.424378 0.424346 0.424500 0.424453 0.424533 0.424505 0.424437 0.424537 0.424539 0.424564 0.424250 0.424838 0.424829 0.000000 0.000000
0.000000 0.000000 0.438911 0.438280 0.438437 0.438192 0.437878 0.437782 0.437600 0.437643 0.437449 0.437468 0.437577 0.437465 0.437630 0.437863 0.438412 0.438037 0.438694 0.000000 0.000000
0.000000 0.000000 0.443596 0.444205 0.444730 0.444739 0.444781 0.444277 0.444368 0.444219 0.444468 0.444417 0.444375 0.444460 0.444878 0.444848 0.444825 0.444429 0.443831 0.000000 0.000000
0.000000 0.000000 0.350000 0.350000 0.350000 0.350000 0.350000 0.350000 0.350000 0.350000 0.350000 0.350000 0.350000 0.350000 0.350000 0.350000 0.350000 0.350000 0.350000 0.000000 0.000000
0.000000 0.000000 0.000000 0.000000 0.000000 0.000000 0.000000 0.000000 0.000000 0.000000 0.000000 0.000000 0.000000 0.000000 0.000000 0.000000 0.000000 0.000000 0.000000 0.000000 0.000000