geotop/1.0zi/1.0Montebello/Templates/testdem/maps/_Eocsilt4393.asc
ncols         21
nrows         20
xllcorner     100.000000
yllcorner     100.000000
cellsize      50.000000
NODATA_value  -9999.0
0.000000 0.000000 0.000000 0.000000 0.000000 0.000000 0.000000 0.000000 0.000000 0.000000 0.000000 0.000000 0.000000 0.000000 0.000000 0.000000 0.000000 0.000000 0.000000 0.000000 0.000000
0.000000 0.000000 0.350089 0.350089 0.350089 0.350089 0.350089 0.350089 0.350089 0.350089 0.350089 0.350089 0.350089 0.350089 0.350089 0.350089 0.350089 0.350089 0.350089 0.000000 0.000000
0.000000 0.000000 0.350002 0.350002 0.350002 0.350003 0.350003 0.350003 0.350003 0.350003 0.350003 0.350003 0.350003 0.350003 0.350003 0.350002 0.350001 0.350001 0.350001 0.000000 0.000000
0.000000 0.000000 0.350032 0.350031 0.350031 0.350027 0.350028 0.350025 0.350027 0.350028 0.350027 0.350027 0.350027 0.350026 0.350028 0.350030 0.350031 0.350033 0.350031 0.000000 0.000000
0.000000 0.000000 0.350380 0.350381 0.350378 0.350379 0.350378 0.350376 0.350374 0.350371 0.350370 0.350373 0.350373 0.350373 0.350375 0.350374 0.350373 0.350378 0.350380 0.000000 0.000000
0.000000 0.000000 0.351484 0.351485 0.351482 0.351476 0.351473 0.351461 0.351460 0.351455 0.351459 0.351461 0.351463 0.351459 0.351461 0.351466 0.351470 0.351469 0.351473 0.000000 0.000000
0.000000 0.000000 0.353206 0.353205 0.353201 0.353191 0.353178 0.353163 0.353165 0.353163 0.353166 0.353164 0.353161 0.353162 0.353171 0.353185 0.353189 0.353194 0.353199 0.000000 0.000000
0.000000 0.000000 0.355232 0.355228 0.355226 0.355216 0.355204 0.355190 0.355192 0.355189 0.355189 0.355188 0.355185 0.355182 0.355197 0.355212 0.355221 0.355222 0.355227 0.000000 0.000000
0.000000 0.000000 0.357298 0.357294 0.357288 0.357281 0.357269 0.357250 0.357252 0.357248 0.357248 0.357249 0.357245 0.357244 0.357259 0.357276 0.357282 0.357287 0.357294 0.000000 0.000000
0.000000 0.000000 0.359352 0.359348 0.359344 0.359336 0.359322 0.359306 0.359309 0.359306 0.359306 0.359306 0.359302 0.359299 0.359316 0.359332 0.359338 0.359341 0.359347 0.000000 0.000000
0.000000 0.000000 0.361420 0.361416 0.361411 0.361406 0.361397 0.361376 0.361379 0.361375 0.361374 0.361376 0.361371 0.361369 0.361382 0.361394 0.361403 0.361406 0.361413 0.000000 0.000000
0.000000 0.000000 0.363555 0.363551 0.363545 0.363536 0.363525 0.363505 0.363506 0.363503 0.363503 0.363502 0.363500 0.363496 0.363515 0.363530 0.363537 0.363540 0.363562 0.000000 0.000000
0.000000 0.000000 0.365719 0.365714 0.365707 0.365701 0.365688 0.365646 0.365647 0.365643 0.365642 0.365643 0.365638 0.365636 0.365672 0.365690 0.365697 0.365700 0.365714 0.000000 0.000000
0.000000 0.000000 0.368002 0.367994 0.367989 0.367983 0.367941 0.367931 0.367925 0.367922 0.367922 0.367922 0.367917 0.367915 0.367925 0.367968 0.367976 0.367985 0.367993 0.000000 0.000000
0.000000 0.000000 0.370460 0.370454 0.370439 0.370404 0.370386 0.370360 0.370347 0.370343 0.370336 0.370336 0.370335 0.370328 0.370347 0.370377 0.370424 0.370421 0.370428 0.000000 0.000000
0.000000 0.000000 0.372994 0.372987 0.372938 0.372932 0.372922 0.372909 0.372909 0.372907 0.372909 0.372908 0.372899 0.372905 0.372910 0.372922 0.372923 0.372973 0.372985 0.000000 0.000000
0.000000 0.000000 0.375802 0.375740 0.375697 0.375683 0.375654 0.375638 0.375636 0.375633 0.375626 0.375626 0.375624 0.375616 0.375626 0.375662 0.375685 0.375711 0.375772 0.000000 0.000000
0.000000 0.000000 0.378006 0.377989 0.378025 0.378005 0.377979 0.377920 0.377915 0.377909 0.377911 0.377910 0.377904 0.377905 0.377957 0.377989 0.378024 0.377971 0.377997 0.000000 0.000000
0.000000 0.000000 0.350000 0.350000 0.350000 0.350000 0.350000 0.350000 0.350000 0.350000 0.350000 0.350000 0.350000 0.350000 0.350000 0.350000 0.350000 0.350000 0.350000 0.000000 0.000000
0.000000 0.000000 0.000000 0.000000 0.000000 0.000000 0.000000 0.000000 0.000000 0.000000 0.000000 0.000000 0.000000 0.000000 0.000000 0.000000 0.000000 0.000000 0.000000 0.000000 0.000000