geotop/1.0zi/1.0Montebello/Templates/testdem/maps/_Eocclay4302.asc
ncols         21
nrows         20
xllcorner     100.000000
yllcorner     100.000000
cellsize      50.000000
NODATA_value  -9999.0
0.000000 0.000000 0.000000 0.000000 0.000000 0.000000 0.000000 0.000000 0.000000 0.000000 0.000000 0.000000 0.000000 0.000000 0.000000 0.000000 0.000000 0.000000 0.000000 0.000000 0.000000
0.000000 0.000000 0.349805 0.349805 0.349805 0.349806 0.349806 0.349805 0.349805 0.349805 0.349805 0.349805 0.349805 0.349805 0.349806 0.349805 0.349805 0.349805 0.349805 0.000000 0.000000
0.000000 0.000000 0.349993 0.349994 0.349993 0.349993 0.349993 0.349993 0.349993 0.349993 0.349993 0.349993 0.349993 0.349993 0.349993 0.349993 0.349993 0.349993 0.349993 0.000000 0.000000
0.000000 0.000000 0.349994 0.349995 0.349993 0.349994 0.349995 0.349995 0.349996 0.349995 0.349995 0.349994 0.349994 0.349993 0.349996 0.349997 0.349996 0.349996 0.349995 0.000000 0.000000
0.000000 0.000000 0.350335 0.350335 0.350333 0.350333 0.350326 0.350325 0.350325 0.350325 0.350324 0.350326 0.350323 0.350323 0.350326 0.350326 0.350327 0.350326 0.350329 0.000000 0.000000
0.000000 0.000000 0.351536 0.351536 0.351530 0.351521 0.351518 0.351509 0.351509 0.351504 0.351508 0.351508 0.351510 0.351507 0.351505 0.351510 0.351515 0.351520 0.351525 0.000000 0.000000
0.000000 0.000000 0.353320 0.353314 0.353308 0.353296 0.353284 0.353264 0.353263 0.353259 0.353262 0.353263 0.353263 0.353262 0.353276 0.353291 0.353299 0.353303 0.353308 0.000000 0.000000
0.000000 0.000000 0.355327 0.355323 0.355318 0.355302 0.355290 0.355272 0.355274 0.355271 0.355272 0.355272 0.355268 0.355266 0.355282 0.355297 0.355305 0.355308 0.355315 0.000000 0.000000
0.000000 0.000000 0.357335 0.357329 0.357321 0.357310 0.357297 0.357277 0.357279 0.357274 0.357275 0.357276 0.357273 0.357273 0.357287 0.357305 0.357312 0.357315 0.357323 0.000000 0.000000
0.000000 0.000000 0.359337 0.359330 0.359323 0.359311 0.359294 0.359276 0.359279 0.359276 0.359276 0.359277 0.359274 0.359272 0.359289 0.359306 0.359313 0.359317 0.359323 0.000000 0.000000
0.000000 0.000000 0.361376 0.361370 0.361362 0.361352 0.361340 0.361318 0.361321 0.361316 0.361316 0.361318 0.361314 0.361312 0.361326 0.361339 0.361349 0.361353 0.361361 0.000000 0.000000
0.000000 0.000000 0.363485 0.363478 0.363469 0.363454 0.363442 0.363421 0.363421 0.363417 0.363418 0.363417 0.363415 0.363412 0.363431 0.363447 0.363456 0.363459 0.363483 0.000000 0.000000
0.000000 0.000000 0.365616 0.365609 0.365600 0.365588 0.365572 0.365529 0.365530 0.365526 0.365526 0.365527 0.365523 0.365522 0.365558 0.365577 0.365585 0.365589 0.365604 0.000000 0.000000
0.000000 0.000000 0.367869 0.367859 0.367850 0.367838 0.367795 0.367782 0.367776 0.367772 0.367773 0.367774 0.367769 0.367768 0.367780 0.367824 0.367833 0.367842 0.367852 0.000000 0.000000
0.000000 0.000000 0.370292 0.370283 0.370266 0.370225 0.370204 0.370177 0.370163 0.370159 0.370153 0.370152 0.370153 0.370146 0.370166 0.370198 0.370246 0.370244 0.370252 0.000000 0.000000
0.000000 0.000000 0.372787 0.372778 0.372726 0.372715 0.372702 0.372688 0.372686 0.372684 0.372687 0.372686 0.372678 0.372685 0.372690 0.372704 0.372706 0.372756 0.372770 0.000000 0.000000
0.000000 0.000000 0.375551 0.375487 0.375441 0.375420 0.375389 0.375372 0.375368 0.375366 0.375359 0.375360 0.375358 0.375352 0.375363 0.375400 0.375424 0.375451 0.375512 0.000000 0.000000
0.000000 0.000000 0.377720 0.377700 0.377731 0.377704 0.377676 0.377617 0.377612 0.377606 0.377608 0.377608 0.377602 0.377604 0.377655 0.377688 0.377724 0.377674 0.377702 0.000000 0.000000
0.000000 0.000000 0.350000 0.350000 0.350000 0.350000 0.350000 0.350000 0.350000 0.350000 0.350000 0.350000 0.350000 0.350000 0.350000 0.350000 0.350000 0.350000 0.350000 0.000000 0.000000
0.000000 0.000000 0.000000 0.000000 0.000000 0.000000 0.000000 0.000000 0.000000 0.000000 0.000000 0.000000 0.000000 0.000000 0.000000 0.000000 0.000000 0.000000 0.000000 0.000000 0.000000