geotop/1.0zi/1.0Montebello/Templates/testdem/maps/_Eocsand8649.asc
ncols         21
nrows         20
xllcorner     100.000000
yllcorner     100.000000
cellsize      50.000000
NODATA_value  -9999.0
0.000000 0.000000 0.000000 0.000000 0.000000 0.000000 0.000000 0.000000 0.000000 0.000000 0.000000 0.000000 0.000000 0.000000 0.000000 0.000000 0.000000 0.000000 0.000000 0.000000 0.000000
0.000000 0.000000 0.300218 0.300216 0.300216 0.300217 0.300216 0.300215 0.300215 0.300215 0.300216 0.300215 0.300216 0.300216 0.300215 0.300216 0.300217 0.300217 0.300217 0.000000 0.000000
0.000000 0.000000 0.300012 0.300014 0.300013 0.300012 0.300013 0.300013 0.300013 0.300013 0.300013 0.300013 0.300012 0.300013 0.300013 0.300013 0.300014 0.300014 0.300015 0.000000 0.000000
0.000000 0.000000 0.299891 0.299890 0.299896 0.299905 0.299900 0.299907 0.299903 0.299905 0.299905 0.299905 0.299905 0.299906 0.299901 0.299896 0.299893 0.299890 0.299891 0.000000 0.000000
0.000000 0.000000 0.297802 0.297804 0.297819 0.297838 0.297865 0.297870 0.297875 0.297876 0.297877 0.297873 0.297872 0.297870 0.297849 0.297842 0.297828 0.297816 0.297804 0.000000 0.000000
0.000000 0.000000 0.291681 0.291687 0.291715 0.291768 0.291807 0.291850 0.291851 0.291864 0.291854 0.291854 0.291845 0.291848 0.291822 0.291788 0.291758 0.291738 0.291724 0.000000 0.000000
0.000000 0.000000 0.283127 0.283142 0.283163 0.283221 0.283293 0.283369 0.283369 0.283377 0.283376 0.283374 0.283376 0.283371 0.283301 0.283242 0.283206 0.283178 0.283161 0.000000 0.000000
0.000000 0.000000 0.272997 0.273009 0.273026 0.273093 0.273159 0.273243 0.273243 0.273255 0.273255 0.273259 0.273264 0.273247 0.273173 0.273116 0.273059 0.273045 0.273017 0.000000 0.000000
0.000000 0.000000 0.262073 0.262098 0.262130 0.262175 0.262251 0.262341 0.262335 0.262355 0.262360 0.262363 0.262359 0.262362 0.262270 0.262196 0.262151 0.262130 0.262106 0.000000 0.000000
0.000000 0.000000 0.250387 0.250414 0.250433 0.250479 0.250587 0.250668 0.250667 0.250677 0.250690 0.250680 0.250668 0.250673 0.250595 0.250507 0.250454 0.250436 0.250420 0.000000 0.000000
0.000000 0.000000 0.237528 0.237545 0.237566 0.237670 0.237742 0.237845 0.237817 0.237878 0.237864 0.237870 0.237889 0.237853 0.237775 0.237724 0.237652 0.237617 0.237567 0.000000 0.000000
0.000000 0.000000 0.223056 0.223104 0.223151 0.223209 0.223305 0.223424 0.223438 0.223446 0.223417 0.223464 0.223443 0.223442 0.223304 0.223229 0.223185 0.223157 0.223041 0.000000 0.000000
0.000000 0.000000 0.207193 0.207242 0.207249 0.207356 0.207430 0.207784 0.207791 0.207806 0.207909 0.207847 0.207831 0.207798 0.207520 0.207453 0.207312 0.207303 0.207248 0.000000 0.000000
0.000000 0.000000 0.188247 0.188262 0.188344 0.188415 0.188893 0.188816 0.188911 0.188908 0.188865 0.188905 0.188912 0.188949 0.189013 0.188511 0.188451 0.188320 0.188233 0.000000 0.000000
0.000000 0.000000 0.165706 0.165761 0.165860 0.166487 0.166386 0.166696 0.166825 0.166855 0.166966 0.167031 0.166960 0.166970 0.166657 0.166732 0.165912 0.166058 0.166053 0.000000 0.000000
0.000000 0.000000 0.141314 0.141360 0.142248 0.141943 0.142038 0.142074 0.141720 0.141823 0.141629 0.141682 0.141833 0.141615 0.141632 0.141564 0.142321 0.141009 0.141026 0.000000 0.000000
0.000000 0.000000 0.112163 0.113469 0.113095 0.113642 0.114297 0.114487 0.114888 0.114792 0.115202 0.115155 0.114914 0.115163 0.114814 0.114331 0.113135 0.114003 0.112644 0.000000 0.000000
0.000000 0.000000 0.103477 0.102301 0.101320 0.101314 0.101238 0.102201 0.102015 0.102304 0.101811 0.101908 0.101990 0.101823 0.101022 0.101078 0.101134 0.101866 0.103028 0.000000 0.000000
0.000000 0.000000 0.300000 0.300000 0.300000 0.300000 0.300000 0.300000 0.300000 0.300000 0.300000 0.300000 0.300000 0.300000 0.300000 0.300000 0.300000 0.300000 0.300000 0.000000 0.000000
0.000000 0.000000 0.000000 0.000000 0.000000 0.000000 0.000000 0.000000 0.000000 0.000000 0.000000 0.000000 0.000000 0.000000 0.000000 0.000000 0.000000 0.000000 0.000000 0.000000 0.000000