geotop/1.0zi/1.0Montebello/Templates/testdem/maps/_Eocsilt2066.asc
ncols         21
nrows         20
xllcorner     100.000000
yllcorner     100.000000
cellsize      50.000000
NODATA_value  -9999.0
0.000000 0.000000 0.000000 0.000000 0.000000 0.000000 0.000000 0.000000 0.000000 0.000000 0.000000 0.000000 0.000000 0.000000 0.000000 0.000000 0.000000 0.000000 0.000000 0.000000 0.000000
0.000000 0.000000 0.350046 0.350046 0.350046 0.350046 0.350046 0.350046 0.350046 0.350046 0.350046 0.350046 0.350046 0.350046 0.350046 0.350046 0.350046 0.350046 0.350046 0.000000 0.000000
0.000000 0.000000 0.349999 0.349998 0.349999 0.349999 0.349999 0.349999 0.349999 0.349999 0.349999 0.349999 0.349999 0.349999 0.349999 0.349999 0.349999 0.349998 0.349999 0.000000 0.000000
0.000000 0.000000 0.350700 0.350699 0.350697 0.350698 0.350700 0.350700 0.350700 0.350700 0.350700 0.350700 0.350700 0.350700 0.350700 0.350698 0.350697 0.350699 0.350700 0.000000 0.000000
0.000000 0.000000 0.353341 0.353341 0.353339 0.353339 0.353342 0.353341 0.353341 0.353342 0.353342 0.353342 0.353341 0.353341 0.353342 0.353339 0.353339 0.353341 0.353341 0.000000 0.000000
0.000000 0.000000 0.356769 0.356769 0.356767 0.356767 0.356770 0.356769 0.356769 0.356770 0.356770 0.356770 0.356769 0.356769 0.356770 0.356767 0.356767 0.356769 0.356769 0.000000 0.000000
0.000000 0.000000 0.359928 0.359927 0.359926 0.359926 0.359928 0.359927 0.359927 0.359928 0.359928 0.359928 0.359927 0.359927 0.359928 0.359926 0.359926 0.359927 0.359928 0.000000 0.000000
0.000000 0.000000 0.362823 0.362822 0.362821 0.362821 0.362823 0.362822 0.362822 0.362823 0.362823 0.362823 0.362822 0.362822 0.362823 0.362821 0.362821 0.362822 0.362823 0.000000 0.000000
0.000000 0.000000 0.365530 0.365530 0.365529 0.365529 0.365530 0.365530 0.365530 0.365531 0.365531 0.365531 0.365530 0.365530 0.365530 0.365529 0.365529 0.365530 0.365530 0.000000 0.000000
0.000000 0.000000 0.368115 0.368115 0.368114 0.368114 0.368115 0.368115 0.368115 0.368116 0.368116 0.368116 0.368115 0.368115 0.368115 0.368114 0.368114 0.368115 0.368115 0.000000 0.000000
0.000000 0.000000 0.370606 0.370606 0.370605 0.370605 0.370606 0.370606 0.370606 0.370607 0.370607 0.370607 0.370606 0.370606 0.370606 0.370605 0.370605 0.370606 0.370606 0.000000 0.000000
0.000000 0.000000 0.373026 0.373026 0.373024 0.373025 0.373026 0.373026 0.373026 0.373026 0.373027 0.373026 0.373026 0.373026 0.373026 0.373025 0.373024 0.373026 0.373026 0.000000 0.000000
0.000000 0.000000 0.375391 0.375390 0.375389 0.375389 0.375391 0.375390 0.375390 0.375391 0.375391 0.375391 0.375390 0.375390 0.375391 0.375389 0.375389 0.375390 0.375391 0.000000 0.000000
0.000000 0.000000 0.377706 0.377706 0.377704 0.377705 0.377706 0.377706 0.377706 0.377706 0.377706 0.377706 0.377706 0.377706 0.377706 0.377705 0.377704 0.377706 0.377706 0.000000 0.000000
0.000000 0.000000 0.379982 0.379982 0.379981 0.379981 0.379982 0.379982 0.379982 0.379982 0.379983 0.379982 0.379982 0.379982 0.379982 0.379981 0.379981 0.379982 0.379982 0.000000 0.000000
0.000000 0.000000 0.382225 0.382224 0.382223 0.382224 0.382225 0.382224 0.382225 0.382225 0.382225 0.382225 0.382225 0.382224 0.382225 0.382224 0.382223 0.382224 0.382225 0.000000 0.000000
0.000000 0.000000 0.384433 0.384433 0.384432 0.384432 0.384434 0.384433 0.384433 0.384434 0.384434 0.384434 0.384433 0.384433 0.384434 0.384432 0.384432 0.384433 0.384433 0.000000 0.000000
0.000000 0.000000 0.386639 0.386639 0.386638 0.386638 0.386640 0.386639 0.386639 0.386640 0.386640 0.386640 0.386639 0.386639 0.386640 0.386638 0.386638 0.386639 0.386640 0.000000 0.000000
0.000000 0.000000 0.350000 0.350000 0.350000 0.350000 0.350000 0.350000 0.350000 0.350000 0.350000 0.350000 0.350000 0.350000 0.350000 0.350000 0.350000 0.350000 0.350000 0.000000 0.000000
0.000000 0.000000 0.000000 0.000000 0.000000 0.000000 0.000000 0.000000 0.000000 0.000000 0.000000 0.000000 0.000000 0.000000 0.000000 0.000000 0.000000 0.000000 0.000000 0.000000 0.000000