geotop/1.0zi/1.0Montebello/Templates/testdem/maps/_Eocclay5539.asc
ncols         21
nrows         20
xllcorner     100.000000
yllcorner     100.000000
cellsize      50.000000
NODATA_value  -9999.0
0.000000 0.000000 0.000000 0.000000 0.000000 0.000000 0.000000 0.000000 0.000000 0.000000 0.000000 0.000000 0.000000 0.000000 0.000000 0.000000 0.000000 0.000000 0.000000 0.000000 0.000000
0.000000 0.000000 0.349751 0.349751 0.349751 0.349752 0.349752 0.349752 0.349751 0.349752 0.349752 0.349752 0.349752 0.349751 0.349752 0.349752 0.349751 0.349751 0.349751 0.000000 0.000000
0.000000 0.000000 0.349990 0.349990 0.349990 0.349990 0.349989 0.349989 0.349990 0.349990 0.349989 0.349989 0.349990 0.349990 0.349990 0.349990 0.349990 0.349990 0.349990 0.000000 0.000000
0.000000 0.000000 0.349990 0.349992 0.349990 0.349991 0.349993 0.349993 0.349993 0.349991 0.349993 0.349991 0.349991 0.349991 0.349993 0.349994 0.349992 0.349993 0.349992 0.000000 0.000000
0.000000 0.000000 0.350441 0.350441 0.350441 0.350436 0.350425 0.350422 0.350423 0.350424 0.350423 0.350424 0.350419 0.350420 0.350424 0.350423 0.350428 0.350430 0.350434 0.000000 0.000000
0.000000 0.000000 0.351970 0.351971 0.351966 0.351948 0.351942 0.351926 0.351925 0.351921 0.351925 0.351924 0.351928 0.351928 0.351931 0.351942 0.351948 0.351959 0.351964 0.000000 0.000000
0.000000 0.000000 0.354209 0.354207 0.354205 0.354189 0.354170 0.354143 0.354143 0.354140 0.354141 0.354144 0.354144 0.354142 0.354160 0.354180 0.354189 0.354198 0.354204 0.000000 0.000000
0.000000 0.000000 0.356939 0.356939 0.356938 0.356919 0.356899 0.356872 0.356872 0.356869 0.356870 0.356870 0.356867 0.356872 0.356891 0.356908 0.356922 0.356927 0.356936 0.000000 0.000000
0.000000 0.000000 0.359698 0.359695 0.359690 0.359680 0.359660 0.359633 0.359635 0.359630 0.359628 0.359629 0.359629 0.359626 0.359650 0.359669 0.359682 0.359685 0.359693 0.000000 0.000000
0.000000 0.000000 0.362486 0.362480 0.362480 0.362472 0.362444 0.362419 0.362421 0.362418 0.362414 0.362418 0.362421 0.362418 0.362437 0.362459 0.362473 0.362475 0.362481 0.000000 0.000000
0.000000 0.000000 0.365373 0.365370 0.365370 0.365351 0.365332 0.365304 0.365310 0.365297 0.365298 0.365299 0.365295 0.365302 0.365317 0.365331 0.365346 0.365354 0.365366 0.000000 0.000000
0.000000 0.000000 0.368392 0.368385 0.368378 0.368364 0.368348 0.368315 0.368317 0.368309 0.368317 0.368309 0.368310 0.368312 0.368340 0.368353 0.368363 0.368368 0.368399 0.000000 0.000000
0.000000 0.000000 0.371486 0.371479 0.371478 0.371462 0.371447 0.371382 0.371382 0.371376 0.371363 0.371371 0.371375 0.371380 0.371427 0.371438 0.371461 0.371464 0.371486 0.000000 0.000000
0.000000 0.000000 0.374833 0.374829 0.374821 0.374811 0.374749 0.374732 0.374718 0.374717 0.374712 0.374714 0.374715 0.374712 0.374719 0.374780 0.374800 0.374816 0.374839 0.000000 0.000000
0.000000 0.000000 0.378507 0.378502 0.378489 0.378427 0.378405 0.378369 0.378343 0.378339 0.378327 0.378321 0.378328 0.378322 0.378348 0.378378 0.378470 0.378463 0.378477 0.000000 0.000000
0.000000 0.000000 0.382381 0.382376 0.382295 0.382280 0.382275 0.382250 0.382266 0.382256 0.382263 0.382253 0.382243 0.382259 0.382273 0.382281 0.382277 0.382382 0.382385 0.000000 0.000000
0.000000 0.000000 0.386793 0.386682 0.386642 0.386610 0.386558 0.386530 0.386522 0.386520 0.386497 0.386493 0.386502 0.386498 0.386527 0.386566 0.386628 0.386657 0.386768 0.000000 0.000000
0.000000 0.000000 0.390059 0.390059 0.390157 0.390130 0.390086 0.389982 0.389979 0.389956 0.389970 0.389964 0.389971 0.389973 0.390067 0.390097 0.390168 0.390067 0.390074 0.000000 0.000000
0.000000 0.000000 0.350000 0.350000 0.350000 0.350000 0.350000 0.350000 0.350000 0.350000 0.350000 0.350000 0.350000 0.350000 0.350000 0.350000 0.350000 0.350000 0.350000 0.000000 0.000000
0.000000 0.000000 0.000000 0.000000 0.000000 0.000000 0.000000 0.000000 0.000000 0.000000 0.000000 0.000000 0.000000 0.000000 0.000000 0.000000 0.000000 0.000000 0.000000 0.000000 0.000000