geotop/1.0zi/1.0Montebello/Templates/testdem/maps/_Eocsand2069.asc
ncols         21
nrows         20
xllcorner     100.000000
yllcorner     100.000000
cellsize      50.000000
NODATA_value  -9999.0
0.000000 0.000000 0.000000 0.000000 0.000000 0.000000 0.000000 0.000000 0.000000 0.000000 0.000000 0.000000 0.000000 0.000000 0.000000 0.000000 0.000000 0.000000 0.000000 0.000000 0.000000
0.000000 0.000000 0.300060 0.300060 0.300060 0.300060 0.300060 0.300060 0.300060 0.300060 0.300060 0.300060 0.300060 0.300060 0.300060 0.300060 0.300060 0.300060 0.300060 0.000000 0.000000
0.000000 0.000000 0.300008 0.300009 0.300009 0.300008 0.300008 0.300008 0.300008 0.300008 0.300008 0.300008 0.300008 0.300008 0.300008 0.300008 0.300009 0.300009 0.300008 0.000000 0.000000
0.000000 0.000000 0.298639 0.298640 0.298644 0.298642 0.298639 0.298639 0.298639 0.298639 0.298639 0.298639 0.298639 0.298639 0.298639 0.298642 0.298644 0.298640 0.298639 0.000000 0.000000
0.000000 0.000000 0.293109 0.293110 0.293114 0.293114 0.293107 0.293109 0.293109 0.293107 0.293107 0.293107 0.293109 0.293109 0.293107 0.293114 0.293114 0.293110 0.293109 0.000000 0.000000
0.000000 0.000000 0.286309 0.286310 0.286313 0.286313 0.286308 0.286309 0.286309 0.286307 0.286307 0.286307 0.286309 0.286309 0.286308 0.286313 0.286313 0.286310 0.286309 0.000000 0.000000
0.000000 0.000000 0.279946 0.279947 0.279950 0.279949 0.279945 0.279946 0.279946 0.279945 0.279944 0.279945 0.279946 0.279946 0.279945 0.279949 0.279950 0.279947 0.279946 0.000000 0.000000
0.000000 0.000000 0.274095 0.274096 0.274098 0.274098 0.274094 0.274095 0.274095 0.274094 0.274094 0.274094 0.274095 0.274095 0.274094 0.274098 0.274098 0.274096 0.274095 0.000000 0.000000
0.000000 0.000000 0.268619 0.268620 0.268623 0.268622 0.268619 0.268620 0.268620 0.268618 0.268618 0.268618 0.268620 0.268620 0.268619 0.268622 0.268623 0.268620 0.268619 0.000000 0.000000
0.000000 0.000000 0.263389 0.263389 0.263392 0.263391 0.263388 0.263389 0.263389 0.263388 0.263388 0.263388 0.263389 0.263389 0.263388 0.263391 0.263392 0.263389 0.263389 0.000000 0.000000
0.000000 0.000000 0.258346 0.258347 0.258349 0.258349 0.258346 0.258347 0.258346 0.258345 0.258345 0.258345 0.258346 0.258347 0.258346 0.258349 0.258349 0.258347 0.258346 0.000000 0.000000
0.000000 0.000000 0.253446 0.253447 0.253449 0.253448 0.253446 0.253446 0.253446 0.253445 0.253445 0.253445 0.253446 0.253446 0.253446 0.253448 0.253449 0.253447 0.253446 0.000000 0.000000
0.000000 0.000000 0.248656 0.248656 0.248659 0.248658 0.248655 0.248656 0.248656 0.248655 0.248654 0.248655 0.248656 0.248656 0.248655 0.248658 0.248659 0.248656 0.248656 0.000000 0.000000
0.000000 0.000000 0.243963 0.243964 0.243966 0.243966 0.243963 0.243964 0.243964 0.243962 0.243962 0.243962 0.243964 0.243964 0.243963 0.243966 0.243966 0.243964 0.243963 0.000000 0.000000
0.000000 0.000000 0.239349 0.239349 0.239351 0.239351 0.239348 0.239349 0.239349 0.239348 0.239347 0.239348 0.239349 0.239349 0.239348 0.239351 0.239351 0.239349 0.239349 0.000000 0.000000
0.000000 0.000000 0.234800 0.234800 0.234803 0.234802 0.234799 0.234800 0.234800 0.234799 0.234799 0.234799 0.234800 0.234800 0.234799 0.234802 0.234803 0.234800 0.234800 0.000000 0.000000
0.000000 0.000000 0.230318 0.230319 0.230321 0.230320 0.230318 0.230319 0.230319 0.230317 0.230317 0.230317 0.230319 0.230319 0.230318 0.230320 0.230321 0.230319 0.230318 0.000000 0.000000
0.000000 0.000000 0.225840 0.225840 0.225843 0.225842 0.225839 0.225840 0.225840 0.225839 0.225839 0.225839 0.225840 0.225840 0.225839 0.225842 0.225843 0.225840 0.225840 0.000000 0.000000
0.000000 0.000000 0.300000 0.300000 0.300000 0.300000 0.300000 0.300000 0.300000 0.300000 0.300000 0.300000 0.300000 0.300000 0.300000 0.300000 0.300000 0.300000 0.300000 0.000000 0.000000
0.000000 0.000000 0.000000 0.000000 0.000000 0.000000 0.000000 0.000000 0.000000 0.000000 0.000000 0.000000 0.000000 0.000000 0.000000 0.000000 0.000000 0.000000 0.000000 0.000000 0.000000