geotop/1.0zi/1.0Montebello/Templates/testdem/maps/_Eocsilt8244.asc
ncols         21
nrows         20
xllcorner     100.000000
yllcorner     100.000000
cellsize      50.000000
NODATA_value  -9999.0
0.000000 0.000000 0.000000 0.000000 0.000000 0.000000 0.000000 0.000000 0.000000 0.000000 0.000000 0.000000 0.000000 0.000000 0.000000 0.000000 0.000000 0.000000 0.000000 0.000000 0.000000
0.000000 0.000000 0.350172 0.350172 0.350172 0.350173 0.350172 0.350172 0.350172 0.350172 0.350173 0.350172 0.350172 0.350172 0.350172 0.350172 0.350173 0.350173 0.350172 0.000000 0.000000
0.000000 0.000000 0.350005 0.350005 0.350005 0.350005 0.350006 0.350006 0.350006 0.350006 0.350006 0.350006 0.350006 0.350006 0.350006 0.350005 0.350004 0.350004 0.350005 0.000000 0.000000
0.000000 0.000000 0.350102 0.350099 0.350097 0.350091 0.350092 0.350087 0.350090 0.350090 0.350087 0.350089 0.350089 0.350089 0.350092 0.350095 0.350098 0.350098 0.350100 0.000000 0.000000
0.000000 0.000000 0.351046 0.351052 0.351047 0.351036 0.351029 0.351022 0.351018 0.351017 0.351016 0.351016 0.351017 0.351019 0.351033 0.351037 0.351041 0.351051 0.351053 0.000000 0.000000
0.000000 0.000000 0.353812 0.353813 0.353803 0.353787 0.353768 0.353745 0.353743 0.353738 0.353742 0.353743 0.353744 0.353743 0.353755 0.353769 0.353782 0.353790 0.353796 0.000000 0.000000
0.000000 0.000000 0.357765 0.357761 0.357750 0.357723 0.357691 0.357655 0.357655 0.357651 0.357653 0.357651 0.357648 0.357653 0.357684 0.357711 0.357730 0.357745 0.357753 0.000000 0.000000
0.000000 0.000000 0.362439 0.362437 0.362431 0.362403 0.362371 0.362332 0.362331 0.362327 0.362326 0.362323 0.362321 0.362328 0.362362 0.362391 0.362418 0.362424 0.362437 0.000000 0.000000
0.000000 0.000000 0.367475 0.367466 0.367451 0.367432 0.367399 0.367354 0.367355 0.367346 0.367343 0.367341 0.367343 0.367342 0.367385 0.367420 0.367442 0.367454 0.367465 0.000000 0.000000
0.000000 0.000000 0.372793 0.372784 0.372776 0.372757 0.372709 0.372669 0.372669 0.372664 0.372658 0.372661 0.372667 0.372665 0.372701 0.372741 0.372766 0.372775 0.372783 0.000000 0.000000
0.000000 0.000000 0.378556 0.378550 0.378541 0.378499 0.378466 0.378419 0.378428 0.378403 0.378407 0.378406 0.378396 0.378413 0.378447 0.378472 0.378504 0.378521 0.378543 0.000000 0.000000
0.000000 0.000000 0.384966 0.384949 0.384930 0.384904 0.384866 0.384806 0.384801 0.384795 0.384809 0.384789 0.384795 0.384798 0.384860 0.384891 0.384913 0.384926 0.384979 0.000000 0.000000
0.000000 0.000000 0.391903 0.391887 0.391880 0.391842 0.391808 0.391653 0.391650 0.391641 0.391600 0.391622 0.391630 0.391645 0.391763 0.391795 0.391854 0.391861 0.391887 0.000000 0.000000
0.000000 0.000000 0.400045 0.400040 0.400008 0.399982 0.399786 0.399803 0.399761 0.399763 0.399776 0.399763 0.399758 0.399749 0.399729 0.399933 0.399965 0.400019 0.400057 0.000000 0.000000
0.000000 0.000000 0.409635 0.409618 0.409579 0.409331 0.409354 0.409229 0.409174 0.409160 0.409119 0.409089 0.409117 0.409112 0.409233 0.409224 0.409553 0.409503 0.409509 0.000000 0.000000
0.000000 0.000000 0.420105 0.420090 0.419733 0.419833 0.419806 0.419773 0.419906 0.419865 0.419935 0.419911 0.419852 0.419941 0.419947 0.419968 0.419704 0.420221 0.420215 0.000000 0.000000
0.000000 0.000000 0.432935 0.432385 0.432503 0.432297 0.432022 0.431941 0.431788 0.431824 0.431660 0.431674 0.431769 0.431676 0.431815 0.432018 0.432486 0.432183 0.432757 0.000000 0.000000
0.000000 0.000000 0.437584 0.438085 0.438541 0.438545 0.438567 0.438128 0.438201 0.438072 0.438282 0.438240 0.438208 0.438280 0.438644 0.438628 0.438627 0.438273 0.437784 0.000000 0.000000
0.000000 0.000000 0.350000 0.350000 0.350000 0.350000 0.350000 0.350000 0.350000 0.350000 0.350000 0.350000 0.350000 0.350000 0.350000 0.350000 0.350000 0.350000 0.350000 0.000000 0.000000
0.000000 0.000000 0.000000 0.000000 0.000000 0.000000 0.000000 0.000000 0.000000 0.000000 0.000000 0.000000 0.000000 0.000000 0.000000 0.000000 0.000000 0.000000 0.000000 0.000000 0.000000