geotop/1.0zi/1.0Montebello/Templates/testdem/maps/_Eocclay7939.asc
ncols         21
nrows         20
xllcorner     100.000000
yllcorner     100.000000
cellsize      50.000000
NODATA_value  -9999.0
0.000000 0.000000 0.000000 0.000000 0.000000 0.000000 0.000000 0.000000 0.000000 0.000000 0.000000 0.000000 0.000000 0.000000 0.000000 0.000000 0.000000 0.000000 0.000000 0.000000 0.000000
0.000000 0.000000 0.349633 0.349635 0.349634 0.349633 0.349635 0.349635 0.349635 0.349635 0.349634 0.349635 0.349635 0.349635 0.349635 0.349635 0.349633 0.349633 0.349634 0.000000 0.000000
0.000000 0.000000 0.349985 0.349983 0.349985 0.349986 0.349984 0.349983 0.349983 0.349983 0.349983 0.349983 0.349983 0.349983 0.349984 0.349984 0.349985 0.349984 0.349983 0.000000 0.000000
0.000000 0.000000 0.350003 0.350008 0.350004 0.350003 0.350006 0.350003 0.350005 0.350003 0.350006 0.350003 0.350004 0.350002 0.350004 0.350006 0.350005 0.350008 0.350006 0.000000 0.000000
0.000000 0.000000 0.350998 0.350994 0.350990 0.350986 0.350970 0.350968 0.350965 0.350968 0.350964 0.350965 0.350961 0.350965 0.350975 0.350977 0.350985 0.350987 0.350993 0.000000 0.000000
0.000000 0.000000 0.353779 0.353776 0.353764 0.353734 0.353720 0.353696 0.353697 0.353689 0.353694 0.353692 0.353695 0.353697 0.353708 0.353728 0.353742 0.353757 0.353763 0.000000 0.000000
0.000000 0.000000 0.357593 0.357589 0.357580 0.357555 0.357525 0.357486 0.357485 0.357479 0.357481 0.357481 0.357481 0.357482 0.357515 0.357545 0.357561 0.357574 0.357582 0.000000 0.000000
0.000000 0.000000 0.362116 0.362113 0.362104 0.362074 0.362044 0.362002 0.362001 0.361997 0.361996 0.361993 0.361991 0.362000 0.362035 0.362061 0.362087 0.362096 0.362108 0.000000 0.000000
0.000000 0.000000 0.366898 0.366890 0.366875 0.366856 0.366824 0.366782 0.366784 0.366775 0.366772 0.366770 0.366771 0.366770 0.366812 0.366846 0.366865 0.366875 0.366885 0.000000 0.000000
0.000000 0.000000 0.371951 0.371940 0.371933 0.371913 0.371866 0.371827 0.371827 0.371822 0.371816 0.371819 0.371825 0.371823 0.371859 0.371898 0.371922 0.371930 0.371938 0.000000 0.000000
0.000000 0.000000 0.377437 0.377430 0.377420 0.377380 0.377347 0.377301 0.377311 0.377286 0.377289 0.377288 0.377279 0.377296 0.377328 0.377353 0.377384 0.377400 0.377421 0.000000 0.000000
0.000000 0.000000 0.383497 0.383480 0.383460 0.383434 0.383397 0.383340 0.383336 0.383329 0.383342 0.383322 0.383327 0.383331 0.383390 0.383420 0.383441 0.383453 0.383504 0.000000 0.000000
0.000000 0.000000 0.390028 0.390011 0.390003 0.389965 0.389933 0.389787 0.389785 0.389776 0.389738 0.389757 0.389766 0.389779 0.389891 0.389921 0.389977 0.389983 0.390009 0.000000 0.000000
0.000000 0.000000 0.397642 0.397635 0.397604 0.397577 0.397397 0.397405 0.397368 0.397368 0.397377 0.397367 0.397362 0.397355 0.397343 0.397530 0.397562 0.397611 0.397647 0.000000 0.000000
0.000000 0.000000 0.406585 0.406567 0.406528 0.406302 0.406313 0.406201 0.406147 0.406135 0.406097 0.406070 0.406095 0.406089 0.406199 0.406202 0.406499 0.406457 0.406465 0.000000 0.000000
0.000000 0.000000 0.416430 0.416413 0.416087 0.416161 0.416138 0.416101 0.416219 0.416180 0.416240 0.416214 0.416163 0.416244 0.416256 0.416274 0.416057 0.416519 0.416512 0.000000 0.000000
0.000000 0.000000 0.428746 0.428225 0.428306 0.428115 0.427854 0.427778 0.427646 0.427676 0.427527 0.427538 0.427621 0.427542 0.427672 0.427865 0.428285 0.428041 0.428579 0.000000 0.000000
0.000000 0.000000 0.433745 0.434212 0.434674 0.434664 0.434672 0.434231 0.434294 0.434168 0.434365 0.434324 0.434298 0.434363 0.434736 0.434730 0.434757 0.434382 0.433925 0.000000 0.000000
0.000000 0.000000 0.350000 0.350000 0.350000 0.350000 0.350000 0.350000 0.350000 0.350000 0.350000 0.350000 0.350000 0.350000 0.350000 0.350000 0.350000 0.350000 0.350000 0.000000 0.000000
0.000000 0.000000 0.000000 0.000000 0.000000 0.000000 0.000000 0.000000 0.000000 0.000000 0.000000 0.000000 0.000000 0.000000 0.000000 0.000000 0.000000 0.000000 0.000000 0.000000 0.000000