geotop/1.0zi/1.0Montebello/Templates/testdem/maps/_Eocsand9701.asc
ncols         21
nrows         20
xllcorner     100.000000
yllcorner     100.000000
cellsize      50.000000
NODATA_value  -9999.0
0.000000 0.000000 0.000000 0.000000 0.000000 0.000000 0.000000 0.000000 0.000000 0.000000 0.000000 0.000000 0.000000 0.000000 0.000000 0.000000 0.000000 0.000000 0.000000 0.000000 0.000000
0.000000 0.000000 0.300241 0.300238 0.300238 0.300239 0.300238 0.300238 0.300238 0.300239 0.300239 0.300238 0.300239 0.300239 0.300238 0.300238 0.300239 0.300239 0.300239 0.000000 0.000000
0.000000 0.000000 0.300011 0.300013 0.300013 0.300011 0.300012 0.300013 0.300012 0.300012 0.300012 0.300012 0.300011 0.300012 0.300012 0.300012 0.300013 0.300013 0.300014 0.000000 0.000000
0.000000 0.000000 0.299810 0.299808 0.299817 0.299825 0.299824 0.299830 0.299822 0.299824 0.299824 0.299823 0.299821 0.299823 0.299818 0.299811 0.299808 0.299805 0.299806 0.000000 0.000000
0.000000 0.000000 0.297016 0.297016 0.297033 0.297065 0.297093 0.297103 0.297103 0.297104 0.297107 0.297100 0.297094 0.297094 0.297070 0.297056 0.297042 0.297033 0.297020 0.000000 0.000000
0.000000 0.000000 0.289437 0.289448 0.289485 0.289547 0.289610 0.289668 0.289665 0.289677 0.289676 0.289675 0.289663 0.289668 0.289635 0.289580 0.289553 0.289532 0.289520 0.000000 0.000000
0.000000 0.000000 0.279091 0.279112 0.279142 0.279216 0.279298 0.279408 0.279406 0.279416 0.279424 0.279424 0.279424 0.279420 0.279329 0.279263 0.279222 0.279193 0.279178 0.000000 0.000000
0.000000 0.000000 0.266793 0.266819 0.266849 0.266937 0.267028 0.267129 0.267126 0.267140 0.267151 0.267156 0.267159 0.267142 0.267058 0.266984 0.266918 0.266904 0.266875 0.000000 0.000000
0.000000 0.000000 0.253293 0.253330 0.253378 0.253446 0.253548 0.253669 0.253657 0.253681 0.253697 0.253701 0.253695 0.253700 0.253582 0.253493 0.253442 0.253421 0.253395 0.000000 0.000000
0.000000 0.000000 0.238395 0.238446 0.238484 0.238557 0.238670 0.238795 0.238792 0.238810 0.238836 0.238825 0.238809 0.238815 0.238720 0.238605 0.238545 0.238522 0.238510 0.000000 0.000000
0.000000 0.000000 0.221458 0.221500 0.221537 0.221699 0.221753 0.221921 0.221886 0.221968 0.221962 0.221974 0.222000 0.221954 0.221848 0.221777 0.221692 0.221662 0.221589 0.000000 0.000000
0.000000 0.000000 0.201703 0.201791 0.201890 0.201967 0.202056 0.202267 0.202271 0.202282 0.202258 0.202331 0.202295 0.202305 0.202116 0.202005 0.201960 0.201933 0.201786 0.000000 0.000000
0.000000 0.000000 0.179444 0.179526 0.179550 0.179704 0.179813 0.180370 0.180380 0.180415 0.180612 0.180493 0.180480 0.180430 0.180017 0.179923 0.179719 0.179709 0.179672 0.000000 0.000000
0.000000 0.000000 0.151887 0.151925 0.152102 0.152213 0.152989 0.152720 0.152888 0.152888 0.152788 0.152893 0.152911 0.152990 0.153241 0.152387 0.152355 0.152155 0.152035 0.000000 0.000000
0.000000 0.000000 0.120512 0.120604 0.120761 0.121764 0.121344 0.121969 0.122110 0.122176 0.122404 0.122480 0.122365 0.122358 0.121809 0.122213 0.120904 0.121211 0.121258 0.000000 0.000000
0.000000 0.000000 0.092329 0.092383 0.093477 0.092898 0.093098 0.093048 0.092566 0.092695 0.092437 0.092480 0.092688 0.092427 0.092584 0.092400 0.093644 0.091969 0.091994 0.000000 0.000000
0.000000 0.000000 0.068029 0.068862 0.068628 0.068983 0.069420 0.069559 0.069820 0.069760 0.070039 0.070006 0.069847 0.070009 0.069783 0.069457 0.068699 0.069260 0.068392 0.000000 0.000000
0.000000 0.000000 0.058067 0.057957 0.057460 0.057621 0.057772 0.058217 0.058246 0.058339 0.058256 0.058282 0.058250 0.058249 0.057846 0.057731 0.057438 0.057983 0.058085 0.000000 0.000000
0.000000 0.000000 0.300000 0.300000 0.300000 0.300000 0.300000 0.300000 0.300000 0.300000 0.300000 0.300000 0.300000 0.300000 0.300000 0.300000 0.300000 0.300000 0.300000 0.000000 0.000000
0.000000 0.000000 0.000000 0.000000 0.000000 0.000000 0.000000 0.000000 0.000000 0.000000 0.000000 0.000000 0.000000 0.000000 0.000000 0.000000 0.000000 0.000000 0.000000 0.000000 0.000000