geotop/1.0zi/1.0Montebello/Templates/testdem/maps/_Eocsilt0719.asc
ncols         21
nrows         20
xllcorner     100.000000
yllcorner     100.000000
cellsize      50.000000
NODATA_value  -9999.0
0.000000 0.000000 0.000000 0.000000 0.000000 0.000000 0.000000 0.000000 0.000000 0.000000 0.000000 0.000000 0.000000 0.000000 0.000000 0.000000 0.000000 0.000000 0.000000 0.000000 0.000000
0.000000 0.000000 0.350013 0.350013 0.350013 0.350013 0.350013 0.350013 0.350013 0.350013 0.350013 0.350013 0.350013 0.350013 0.350013 0.350013 0.350013 0.350013 0.350013 0.000000 0.000000
0.000000 0.000000 0.350000 0.350000 0.350000 0.350000 0.350000 0.350000 0.350000 0.350000 0.350000 0.350000 0.350000 0.350000 0.350000 0.350000 0.350000 0.350000 0.350000 0.000000 0.000000
0.000000 0.000000 0.350328 0.350327 0.350325 0.350326 0.350328 0.350328 0.350328 0.350328 0.350328 0.350328 0.350328 0.350328 0.350328 0.350326 0.350325 0.350327 0.350328 0.000000 0.000000
0.000000 0.000000 0.351414 0.351413 0.351412 0.351411 0.351414 0.351414 0.351414 0.351414 0.351414 0.351414 0.351414 0.351414 0.351414 0.351411 0.351412 0.351413 0.351414 0.000000 0.000000
0.000000 0.000000 0.352678 0.352677 0.352676 0.352676 0.352678 0.352678 0.352678 0.352678 0.352678 0.352678 0.352678 0.352678 0.352678 0.352676 0.352676 0.352677 0.352678 0.000000 0.000000
0.000000 0.000000 0.353833 0.353833 0.353831 0.353831 0.353833 0.353833 0.353833 0.353833 0.353833 0.353833 0.353833 0.353833 0.353833 0.353831 0.353831 0.353833 0.353833 0.000000 0.000000
0.000000 0.000000 0.354899 0.354899 0.354897 0.354897 0.354899 0.354899 0.354899 0.354899 0.354899 0.354899 0.354899 0.354899 0.354899 0.354897 0.354897 0.354899 0.354899 0.000000 0.000000
0.000000 0.000000 0.355903 0.355902 0.355901 0.355901 0.355903 0.355903 0.355903 0.355903 0.355903 0.355903 0.355903 0.355903 0.355903 0.355901 0.355901 0.355902 0.355903 0.000000 0.000000
0.000000 0.000000 0.356868 0.356867 0.356866 0.356866 0.356868 0.356867 0.356867 0.356868 0.356868 0.356868 0.356867 0.356867 0.356868 0.356866 0.356866 0.356867 0.356868 0.000000 0.000000
0.000000 0.000000 0.357803 0.357802 0.357801 0.357801 0.357803 0.357803 0.357803 0.357803 0.357803 0.357803 0.357803 0.357803 0.357803 0.357801 0.357801 0.357802 0.357803 0.000000 0.000000
0.000000 0.000000 0.358718 0.358718 0.358716 0.358717 0.358718 0.358718 0.358718 0.358718 0.358718 0.358718 0.358718 0.358718 0.358718 0.358717 0.358716 0.358718 0.358718 0.000000 0.000000
0.000000 0.000000 0.359616 0.359616 0.359615 0.359615 0.359616 0.359616 0.359616 0.359616 0.359616 0.359616 0.359616 0.359616 0.359616 0.359615 0.359615 0.359616 0.359616 0.000000 0.000000
0.000000 0.000000 0.360500 0.360500 0.360499 0.360499 0.360501 0.360500 0.360500 0.360501 0.360500 0.360501 0.360500 0.360500 0.360501 0.360499 0.360499 0.360500 0.360500 0.000000 0.000000
0.000000 0.000000 0.361375 0.361375 0.361374 0.361374 0.361375 0.361375 0.361375 0.361375 0.361375 0.361375 0.361375 0.361375 0.361375 0.361374 0.361374 0.361375 0.361375 0.000000 0.000000
0.000000 0.000000 0.362244 0.362244 0.362242 0.362243 0.362244 0.362244 0.362244 0.362244 0.362244 0.362244 0.362244 0.362244 0.362244 0.362243 0.362242 0.362244 0.362244 0.000000 0.000000
0.000000 0.000000 0.363104 0.363103 0.363102 0.363102 0.363104 0.363104 0.363103 0.363104 0.363104 0.363104 0.363103 0.363104 0.363104 0.363102 0.363102 0.363103 0.363104 0.000000 0.000000
0.000000 0.000000 0.363979 0.363979 0.363978 0.363978 0.363979 0.363979 0.363979 0.363979 0.363979 0.363979 0.363979 0.363979 0.363979 0.363978 0.363978 0.363979 0.363979 0.000000 0.000000
0.000000 0.000000 0.350000 0.350000 0.350000 0.350000 0.350000 0.350000 0.350000 0.350000 0.350000 0.350000 0.350000 0.350000 0.350000 0.350000 0.350000 0.350000 0.350000 0.000000 0.000000
0.000000 0.000000 0.000000 0.000000 0.000000 0.000000 0.000000 0.000000 0.000000 0.000000 0.000000 0.000000 0.000000 0.000000 0.000000 0.000000 0.000000 0.000000 0.000000 0.000000 0.000000