geotop/1.0zi/1.0Montebello/Templates/testdem/maps/_Eocsilt8402.asc
ncols         21
nrows         20
xllcorner     100.000000
yllcorner     100.000000
cellsize      50.000000
NODATA_value  -9999.0
0.000000 0.000000 0.000000 0.000000 0.000000 0.000000 0.000000 0.000000 0.000000 0.000000 0.000000 0.000000 0.000000 0.000000 0.000000 0.000000 0.000000 0.000000 0.000000 0.000000 0.000000
0.000000 0.000000 0.350174 0.350174 0.350174 0.350175 0.350174 0.350174 0.350174 0.350174 0.350174 0.350174 0.350174 0.350174 0.350174 0.350174 0.350175 0.350175 0.350174 0.000000 0.000000
0.000000 0.000000 0.350006 0.350006 0.350006 0.350005 0.350006 0.350006 0.350006 0.350006 0.350006 0.350006 0.350007 0.350007 0.350006 0.350005 0.350004 0.350004 0.350005 0.000000 0.000000
0.000000 0.000000 0.350102 0.350099 0.350097 0.350091 0.350092 0.350087 0.350090 0.350090 0.350087 0.350089 0.350089 0.350089 0.350092 0.350095 0.350099 0.350098 0.350100 0.000000 0.000000
0.000000 0.000000 0.351048 0.351055 0.351047 0.351037 0.351030 0.351023 0.351020 0.351019 0.351018 0.351019 0.351020 0.351021 0.351034 0.351039 0.351042 0.351053 0.351054 0.000000 0.000000
0.000000 0.000000 0.353828 0.353828 0.353821 0.353803 0.353784 0.353761 0.353759 0.353753 0.353757 0.353757 0.353759 0.353758 0.353772 0.353785 0.353797 0.353805 0.353812 0.000000 0.000000
0.000000 0.000000 0.357851 0.357846 0.357836 0.357809 0.357774 0.357738 0.357738 0.357735 0.357735 0.357734 0.357731 0.357736 0.357768 0.357795 0.357813 0.357828 0.357835 0.000000 0.000000
0.000000 0.000000 0.362617 0.362613 0.362608 0.362578 0.362547 0.362506 0.362506 0.362500 0.362499 0.362497 0.362494 0.362501 0.362536 0.362564 0.362592 0.362598 0.362611 0.000000 0.000000
0.000000 0.000000 0.367762 0.367750 0.367737 0.367717 0.367682 0.367636 0.367638 0.367628 0.367626 0.367624 0.367625 0.367624 0.367669 0.367704 0.367725 0.367737 0.367748 0.000000 0.000000
0.000000 0.000000 0.373210 0.373200 0.373192 0.373174 0.373124 0.373083 0.373083 0.373078 0.373071 0.373075 0.373079 0.373078 0.373115 0.373156 0.373181 0.373190 0.373197 0.000000 0.000000
0.000000 0.000000 0.379134 0.379128 0.379121 0.379075 0.379043 0.378992 0.379005 0.378976 0.378981 0.378979 0.378968 0.378985 0.379022 0.379047 0.379080 0.379097 0.379119 0.000000 0.000000
0.000000 0.000000 0.385745 0.385725 0.385707 0.385683 0.385641 0.385581 0.385575 0.385570 0.385582 0.385561 0.385569 0.385571 0.385634 0.385668 0.385688 0.385703 0.385755 0.000000 0.000000
0.000000 0.000000 0.392925 0.392905 0.392904 0.392860 0.392828 0.392666 0.392662 0.392655 0.392609 0.392634 0.392640 0.392655 0.392780 0.392811 0.392873 0.392878 0.392905 0.000000 0.000000
0.000000 0.000000 0.401390 0.401385 0.401354 0.401326 0.401122 0.401141 0.401099 0.401100 0.401113 0.401097 0.401092 0.401078 0.401058 0.401274 0.401304 0.401361 0.401400 0.000000 0.000000
0.000000 0.000000 0.411388 0.411368 0.411328 0.411067 0.411097 0.410964 0.410905 0.410893 0.410845 0.410814 0.410842 0.410837 0.410966 0.410952 0.411299 0.411243 0.411247 0.000000 0.000000
0.000000 0.000000 0.422286 0.422270 0.421897 0.422008 0.421977 0.421945 0.422087 0.422043 0.422117 0.422092 0.422028 0.422121 0.422125 0.422149 0.421861 0.422408 0.422400 0.000000 0.000000
0.000000 0.000000 0.435557 0.434984 0.435120 0.434898 0.434613 0.434525 0.434361 0.434399 0.434224 0.434241 0.434338 0.434239 0.434389 0.434601 0.435096 0.434765 0.435362 0.000000 0.000000
0.000000 0.000000 0.440160 0.440680 0.441145 0.441145 0.441173 0.440724 0.440801 0.440670 0.440885 0.440841 0.440806 0.440879 0.441252 0.441233 0.441228 0.440872 0.440363 0.000000 0.000000
0.000000 0.000000 0.350000 0.350000 0.350000 0.350000 0.350000 0.350000 0.350000 0.350000 0.350000 0.350000 0.350000 0.350000 0.350000 0.350000 0.350000 0.350000 0.350000 0.000000 0.000000
0.000000 0.000000 0.000000 0.000000 0.000000 0.000000 0.000000 0.000000 0.000000 0.000000 0.000000 0.000000 0.000000 0.000000 0.000000 0.000000 0.000000 0.000000 0.000000 0.000000 0.000000