geotop/1.0zi/1.0Montebello/Templates/testdem/maps/_Eocsand8557.asc
ncols         21
nrows         20
xllcorner     100.000000
yllcorner     100.000000
cellsize      50.000000
NODATA_value  -9999.0
0.000000 0.000000 0.000000 0.000000 0.000000 0.000000 0.000000 0.000000 0.000000 0.000000 0.000000 0.000000 0.000000 0.000000 0.000000 0.000000 0.000000 0.000000 0.000000 0.000000 0.000000
0.000000 0.000000 0.300214 0.300212 0.300212 0.300212 0.300211 0.300211 0.300211 0.300211 0.300212 0.300211 0.300212 0.300212 0.300211 0.300212 0.300213 0.300213 0.300213 0.000000 0.000000
0.000000 0.000000 0.300012 0.300013 0.300013 0.300011 0.300012 0.300013 0.300013 0.300012 0.300013 0.300013 0.300012 0.300012 0.300012 0.300012 0.300013 0.300014 0.300014 0.000000 0.000000
0.000000 0.000000 0.299893 0.299892 0.299897 0.299905 0.299900 0.299908 0.299903 0.299906 0.299906 0.299906 0.299906 0.299907 0.299903 0.299898 0.299896 0.299892 0.299893 0.000000 0.000000
0.000000 0.000000 0.297872 0.297873 0.297887 0.297905 0.297931 0.297939 0.297944 0.297945 0.297947 0.297943 0.297941 0.297939 0.297917 0.297911 0.297898 0.297886 0.297874 0.000000 0.000000
0.000000 0.000000 0.291897 0.291902 0.291929 0.291979 0.292017 0.292063 0.292063 0.292077 0.292067 0.292067 0.292058 0.292061 0.292036 0.292003 0.291974 0.291953 0.291941 0.000000 0.000000
0.000000 0.000000 0.283510 0.283524 0.283543 0.283598 0.283668 0.283747 0.283747 0.283756 0.283754 0.283753 0.283754 0.283749 0.283681 0.283623 0.283588 0.283560 0.283544 0.000000 0.000000
0.000000 0.000000 0.273576 0.273586 0.273601 0.273665 0.273729 0.273816 0.273816 0.273828 0.273828 0.273832 0.273837 0.273821 0.273747 0.273692 0.273636 0.273622 0.273595 0.000000 0.000000
0.000000 0.000000 0.262885 0.262908 0.262938 0.262980 0.263054 0.263147 0.263140 0.263161 0.263165 0.263168 0.263165 0.263168 0.263077 0.263005 0.262962 0.262940 0.262918 0.000000 0.000000
0.000000 0.000000 0.251478 0.251504 0.251521 0.251562 0.251668 0.251751 0.251751 0.251761 0.251774 0.251764 0.251752 0.251757 0.251681 0.251595 0.251545 0.251526 0.251511 0.000000 0.000000
0.000000 0.000000 0.238965 0.238980 0.238998 0.239096 0.239165 0.239272 0.239244 0.239305 0.239291 0.239296 0.239315 0.239280 0.239204 0.239155 0.239085 0.239050 0.239003 0.000000 0.000000
0.000000 0.000000 0.224927 0.224972 0.225015 0.225068 0.225159 0.225282 0.225295 0.225305 0.225277 0.225322 0.225302 0.225301 0.225166 0.225096 0.225053 0.225025 0.224913 0.000000 0.000000
0.000000 0.000000 0.209586 0.209631 0.209637 0.209735 0.209805 0.210153 0.210160 0.210176 0.210274 0.210215 0.210200 0.210168 0.209900 0.209836 0.209702 0.209692 0.209639 0.000000 0.000000
0.000000 0.000000 0.191340 0.191354 0.191429 0.191492 0.191944 0.191887 0.191977 0.191976 0.191939 0.191974 0.191981 0.192016 0.192071 0.191596 0.191536 0.191412 0.191328 0.000000 0.000000
0.000000 0.000000 0.169659 0.169708 0.169801 0.170387 0.170302 0.170602 0.170726 0.170756 0.170861 0.170922 0.170856 0.170868 0.170575 0.170634 0.169860 0.169994 0.169988 0.000000 0.000000
0.000000 0.000000 0.146064 0.146106 0.146948 0.146668 0.146750 0.146803 0.146472 0.146572 0.146393 0.146444 0.146586 0.146380 0.146387 0.146330 0.147025 0.145785 0.145803 0.000000 0.000000
0.000000 0.000000 0.117482 0.118755 0.118411 0.118925 0.119561 0.119754 0.120134 0.120045 0.120441 0.120395 0.120165 0.120402 0.120066 0.119598 0.118458 0.119267 0.117944 0.000000 0.000000
0.000000 0.000000 0.108552 0.107377 0.106386 0.106373 0.106296 0.107266 0.107083 0.107372 0.106884 0.106979 0.107060 0.106895 0.106093 0.106152 0.106203 0.106947 0.108106 0.000000 0.000000
0.000000 0.000000 0.300000 0.300000 0.300000 0.300000 0.300000 0.300000 0.300000 0.300000 0.300000 0.300000 0.300000 0.300000 0.300000 0.300000 0.300000 0.300000 0.300000 0.000000 0.000000
0.000000 0.000000 0.000000 0.000000 0.000000 0.000000 0.000000 0.000000 0.000000 0.000000 0.000000 0.000000 0.000000 0.000000 0.000000 0.000000 0.000000 0.000000 0.000000 0.000000 0.000000