geotop/1.0zi/1.0Montebello/Templates/testdem/maps/_Eocsilt1403.asc
ncols         21
nrows         20
xllcorner     100.000000
yllcorner     100.000000
cellsize      50.000000
NODATA_value  -9999.0
0.000000 0.000000 0.000000 0.000000 0.000000 0.000000 0.000000 0.000000 0.000000 0.000000 0.000000 0.000000 0.000000 0.000000 0.000000 0.000000 0.000000 0.000000 0.000000 0.000000 0.000000
0.000000 0.000000 0.350029 0.350029 0.350029 0.350029 0.350029 0.350029 0.350029 0.350029 0.350029 0.350029 0.350029 0.350029 0.350029 0.350029 0.350029 0.350029 0.350029 0.000000 0.000000
0.000000 0.000000 0.350000 0.350000 0.350000 0.350000 0.350000 0.350000 0.350000 0.350000 0.350000 0.350000 0.350000 0.350000 0.350000 0.350000 0.350000 0.350000 0.350000 0.000000 0.000000
0.000000 0.000000 0.350583 0.350582 0.350579 0.350581 0.350583 0.350582 0.350582 0.350583 0.350583 0.350583 0.350582 0.350582 0.350583 0.350581 0.350579 0.350582 0.350583 0.000000 0.000000
0.000000 0.000000 0.352522 0.352521 0.352519 0.352519 0.352522 0.352521 0.352521 0.352522 0.352522 0.352522 0.352521 0.352521 0.352522 0.352519 0.352519 0.352521 0.352522 0.000000 0.000000
0.000000 0.000000 0.354928 0.354927 0.354925 0.354926 0.354928 0.354928 0.354927 0.354928 0.354928 0.354928 0.354927 0.354928 0.354928 0.354926 0.354925 0.354927 0.354928 0.000000 0.000000
0.000000 0.000000 0.357141 0.357141 0.357139 0.357140 0.357142 0.357141 0.357141 0.357142 0.357142 0.357142 0.357141 0.357141 0.357142 0.357140 0.357139 0.357141 0.357141 0.000000 0.000000
0.000000 0.000000 0.359175 0.359174 0.359173 0.359173 0.359175 0.359174 0.359174 0.359175 0.359175 0.359175 0.359174 0.359174 0.359175 0.359173 0.359173 0.359174 0.359175 0.000000 0.000000
0.000000 0.000000 0.361080 0.361080 0.361078 0.361079 0.361080 0.361080 0.361080 0.361080 0.361080 0.361080 0.361080 0.361080 0.361080 0.361079 0.361078 0.361080 0.361080 0.000000 0.000000
0.000000 0.000000 0.362906 0.362906 0.362904 0.362905 0.362906 0.362906 0.362906 0.362906 0.362906 0.362906 0.362906 0.362906 0.362906 0.362905 0.362904 0.362906 0.362906 0.000000 0.000000
0.000000 0.000000 0.364672 0.364672 0.364670 0.364671 0.364672 0.364672 0.364672 0.364672 0.364672 0.364672 0.364672 0.364672 0.364672 0.364671 0.364670 0.364672 0.364672 0.000000 0.000000
0.000000 0.000000 0.366396 0.366396 0.366394 0.366395 0.366396 0.366396 0.366396 0.366396 0.366396 0.366396 0.366396 0.366396 0.366396 0.366395 0.366394 0.366396 0.366396 0.000000 0.000000
0.000000 0.000000 0.368090 0.368090 0.368089 0.368089 0.368091 0.368090 0.368090 0.368091 0.368091 0.368091 0.368090 0.368090 0.368091 0.368089 0.368089 0.368090 0.368090 0.000000 0.000000
0.000000 0.000000 0.369754 0.369754 0.369753 0.369753 0.369755 0.369754 0.369754 0.369755 0.369755 0.369755 0.369754 0.369754 0.369755 0.369753 0.369753 0.369754 0.369754 0.000000 0.000000
0.000000 0.000000 0.371395 0.371395 0.371393 0.371394 0.371395 0.371395 0.371395 0.371395 0.371395 0.371395 0.371395 0.371395 0.371395 0.371394 0.371393 0.371395 0.371395 0.000000 0.000000
0.000000 0.000000 0.373019 0.373018 0.373017 0.373018 0.373019 0.373019 0.373019 0.373019 0.373019 0.373019 0.373019 0.373019 0.373019 0.373018 0.373017 0.373018 0.373019 0.000000 0.000000
0.000000 0.000000 0.374624 0.374624 0.374622 0.374623 0.374624 0.374624 0.374624 0.374624 0.374624 0.374624 0.374624 0.374624 0.374624 0.374623 0.374622 0.374624 0.374624 0.000000 0.000000
0.000000 0.000000 0.376248 0.376248 0.376247 0.376247 0.376248 0.376248 0.376248 0.376248 0.376248 0.376248 0.376248 0.376248 0.376248 0.376247 0.376247 0.376248 0.376248 0.000000 0.000000
0.000000 0.000000 0.350000 0.350000 0.350000 0.350000 0.350000 0.350000 0.350000 0.350000 0.350000 0.350000 0.350000 0.350000 0.350000 0.350000 0.350000 0.350000 0.350000 0.000000 0.000000
0.000000 0.000000 0.000000 0.000000 0.000000 0.000000 0.000000 0.000000 0.000000 0.000000 0.000000 0.000000 0.000000 0.000000 0.000000 0.000000 0.000000 0.000000 0.000000 0.000000 0.000000