geotop/1.0zi/1.0Montebello/Templates/testdem/maps/_Eocsilt8797.asc
ncols         21
nrows         20
xllcorner     100.000000
yllcorner     100.000000
cellsize      50.000000
NODATA_value  -9999.0
0.000000 0.000000 0.000000 0.000000 0.000000 0.000000 0.000000 0.000000 0.000000 0.000000 0.000000 0.000000 0.000000 0.000000 0.000000 0.000000 0.000000 0.000000 0.000000 0.000000 0.000000
0.000000 0.000000 0.350188 0.350188 0.350188 0.350188 0.350188 0.350188 0.350188 0.350188 0.350188 0.350188 0.350188 0.350188 0.350188 0.350188 0.350189 0.350188 0.350188 0.000000 0.000000
0.000000 0.000000 0.350005 0.350005 0.350005 0.350005 0.350006 0.350005 0.350005 0.350006 0.350006 0.350006 0.350006 0.350006 0.350005 0.350005 0.350003 0.350003 0.350005 0.000000 0.000000
0.000000 0.000000 0.350121 0.350116 0.350111 0.350107 0.350107 0.350103 0.350106 0.350106 0.350103 0.350106 0.350106 0.350105 0.350108 0.350112 0.350116 0.350116 0.350119 0.000000 0.000000
0.000000 0.000000 0.351214 0.351219 0.351211 0.351193 0.351184 0.351180 0.351180 0.351177 0.351178 0.351179 0.351184 0.351182 0.351195 0.351202 0.351206 0.351210 0.351213 0.000000 0.000000
0.000000 0.000000 0.354302 0.354298 0.354288 0.354269 0.354243 0.354222 0.354221 0.354215 0.354220 0.354221 0.354224 0.354221 0.354236 0.354254 0.354264 0.354268 0.354275 0.000000 0.000000
0.000000 0.000000 0.358689 0.358680 0.358668 0.358637 0.358602 0.358558 0.358562 0.358558 0.358559 0.358558 0.358555 0.358560 0.358597 0.358625 0.358643 0.358655 0.358662 0.000000 0.000000
0.000000 0.000000 0.363871 0.363862 0.363855 0.363821 0.363786 0.363746 0.363748 0.363743 0.363742 0.363740 0.363738 0.363745 0.363780 0.363812 0.363841 0.363843 0.363857 0.000000 0.000000
0.000000 0.000000 0.369491 0.369477 0.369461 0.369437 0.369397 0.369349 0.369354 0.369344 0.369341 0.369340 0.369342 0.369339 0.369390 0.369427 0.369449 0.369456 0.369469 0.000000 0.000000
0.000000 0.000000 0.375521 0.375505 0.375496 0.375471 0.375416 0.375374 0.375376 0.375370 0.375364 0.375368 0.375374 0.375371 0.375412 0.375458 0.375483 0.375490 0.375496 0.000000 0.000000
0.000000 0.000000 0.382157 0.382146 0.382137 0.382081 0.382046 0.381992 0.382008 0.381975 0.381982 0.381979 0.381968 0.381986 0.382028 0.382056 0.382091 0.382104 0.382130 0.000000 0.000000
0.000000 0.000000 0.389663 0.389641 0.389614 0.389584 0.389535 0.389470 0.389470 0.389466 0.389480 0.389456 0.389467 0.389466 0.389539 0.389577 0.389596 0.389605 0.389664 0.000000 0.000000
0.000000 0.000000 0.397907 0.397882 0.397879 0.397822 0.397783 0.397595 0.397596 0.397586 0.397531 0.397564 0.397572 0.397588 0.397736 0.397772 0.397842 0.397843 0.397867 0.000000 0.000000
0.000000 0.000000 0.407813 0.407804 0.407760 0.407723 0.407468 0.407518 0.407471 0.407472 0.407497 0.407474 0.407469 0.407447 0.407405 0.407678 0.407703 0.407765 0.407809 0.000000 0.000000
0.000000 0.000000 0.419539 0.419507 0.419456 0.419123 0.419194 0.419023 0.418963 0.418946 0.418884 0.418850 0.418888 0.418883 0.419051 0.418996 0.419432 0.419340 0.419338 0.000000 0.000000
0.000000 0.000000 0.431970 0.431945 0.431485 0.431661 0.431607 0.431596 0.431790 0.431735 0.431837 0.431812 0.431731 0.431842 0.431824 0.431872 0.431446 0.432126 0.432115 0.000000 0.000000
0.000000 0.000000 0.446142 0.445522 0.445718 0.445450 0.445142 0.445050 0.444854 0.444901 0.444701 0.444724 0.444842 0.444718 0.444887 0.445115 0.445698 0.445256 0.445897 0.000000 0.000000
0.000000 0.000000 0.450339 0.450832 0.451267 0.451258 0.451278 0.450854 0.450935 0.450809 0.451018 0.450976 0.450944 0.451012 0.451364 0.451352 0.451344 0.451006 0.450518 0.000000 0.000000
0.000000 0.000000 0.350000 0.350000 0.350000 0.350000 0.350000 0.350000 0.350000 0.350000 0.350000 0.350000 0.350000 0.350000 0.350000 0.350000 0.350000 0.350000 0.350000 0.000000 0.000000
0.000000 0.000000 0.000000 0.000000 0.000000 0.000000 0.000000 0.000000 0.000000 0.000000 0.000000 0.000000 0.000000 0.000000 0.000000 0.000000 0.000000 0.000000 0.000000 0.000000 0.000000