geotop/1.0zi/1.0Montebello/Templates/testdem/maps/_Eocsand1130.asc
ncols         21
nrows         20
xllcorner     100.000000
yllcorner     100.000000
cellsize      50.000000
NODATA_value  -9999.0
0.000000 0.000000 0.000000 0.000000 0.000000 0.000000 0.000000 0.000000 0.000000 0.000000 0.000000 0.000000 0.000000 0.000000 0.000000 0.000000 0.000000 0.000000 0.000000 0.000000 0.000000
0.000000 0.000000 0.300036 0.300036 0.300036 0.300036 0.300036 0.300036 0.300036 0.300036 0.300036 0.300036 0.300036 0.300036 0.300036 0.300036 0.300036 0.300036 0.300036 0.000000 0.000000
0.000000 0.000000 0.300004 0.300004 0.300005 0.300004 0.300004 0.300004 0.300004 0.300004 0.300004 0.300004 0.300004 0.300004 0.300004 0.300004 0.300005 0.300004 0.300004 0.000000 0.000000
0.000000 0.000000 0.299095 0.299096 0.299101 0.299099 0.299095 0.299095 0.299096 0.299095 0.299095 0.299095 0.299096 0.299095 0.299095 0.299099 0.299101 0.299096 0.299095 0.000000 0.000000
0.000000 0.000000 0.295871 0.295872 0.295877 0.295877 0.295870 0.295872 0.295872 0.295870 0.295870 0.295870 0.295872 0.295872 0.295870 0.295877 0.295877 0.295872 0.295871 0.000000 0.000000
0.000000 0.000000 0.292113 0.292114 0.292118 0.292118 0.292113 0.292114 0.292114 0.292113 0.292113 0.292113 0.292114 0.292114 0.292113 0.292118 0.292118 0.292114 0.292113 0.000000 0.000000
0.000000 0.000000 0.288586 0.288586 0.288590 0.288589 0.288585 0.288586 0.288586 0.288585 0.288585 0.288585 0.288586 0.288586 0.288585 0.288589 0.288590 0.288586 0.288586 0.000000 0.000000
0.000000 0.000000 0.285331 0.285332 0.285335 0.285334 0.285331 0.285332 0.285332 0.285331 0.285331 0.285331 0.285332 0.285332 0.285331 0.285334 0.285335 0.285332 0.285331 0.000000 0.000000
0.000000 0.000000 0.282277 0.282278 0.282281 0.282280 0.282277 0.282277 0.282277 0.282276 0.282277 0.282276 0.282277 0.282277 0.282277 0.282280 0.282281 0.282278 0.282277 0.000000 0.000000
0.000000 0.000000 0.279346 0.279346 0.279349 0.279348 0.279345 0.279346 0.279346 0.279345 0.279345 0.279345 0.279346 0.279346 0.279345 0.279348 0.279349 0.279346 0.279346 0.000000 0.000000
0.000000 0.000000 0.276509 0.276510 0.276512 0.276512 0.276509 0.276509 0.276509 0.276509 0.276509 0.276509 0.276509 0.276509 0.276509 0.276512 0.276512 0.276510 0.276509 0.000000 0.000000
0.000000 0.000000 0.273737 0.273737 0.273740 0.273739 0.273736 0.273737 0.273737 0.273736 0.273736 0.273736 0.273737 0.273737 0.273736 0.273739 0.273740 0.273737 0.273737 0.000000 0.000000
0.000000 0.000000 0.271009 0.271009 0.271012 0.271011 0.271009 0.271009 0.271009 0.271009 0.271009 0.271009 0.271009 0.271009 0.271009 0.271011 0.271012 0.271009 0.271009 0.000000 0.000000
0.000000 0.000000 0.268328 0.268328 0.268331 0.268330 0.268328 0.268328 0.268328 0.268327 0.268327 0.268327 0.268328 0.268328 0.268328 0.268330 0.268331 0.268328 0.268328 0.000000 0.000000
0.000000 0.000000 0.265673 0.265673 0.265676 0.265675 0.265673 0.265673 0.265673 0.265672 0.265673 0.265672 0.265673 0.265673 0.265673 0.265675 0.265676 0.265673 0.265673 0.000000 0.000000
0.000000 0.000000 0.263034 0.263035 0.263038 0.263037 0.263034 0.263035 0.263035 0.263034 0.263034 0.263034 0.263035 0.263035 0.263034 0.263037 0.263038 0.263035 0.263034 0.000000 0.000000
0.000000 0.000000 0.260422 0.260423 0.260426 0.260425 0.260422 0.260423 0.260423 0.260422 0.260422 0.260422 0.260423 0.260423 0.260422 0.260425 0.260426 0.260423 0.260422 0.000000 0.000000
0.000000 0.000000 0.257764 0.257764 0.257767 0.257766 0.257764 0.257764 0.257764 0.257763 0.257764 0.257763 0.257764 0.257764 0.257764 0.257766 0.257767 0.257764 0.257764 0.000000 0.000000
0.000000 0.000000 0.300000 0.300000 0.300000 0.300000 0.300000 0.300000 0.300000 0.300000 0.300000 0.300000 0.300000 0.300000 0.300000 0.300000 0.300000 0.300000 0.300000 0.000000 0.000000
0.000000 0.000000 0.000000 0.000000 0.000000 0.000000 0.000000 0.000000 0.000000 0.000000 0.000000 0.000000 0.000000 0.000000 0.000000 0.000000 0.000000 0.000000 0.000000 0.000000 0.000000