geotop/1.0zi/1.0Montebello/Templates/testdem/maps/_Eocsand2700.asc
ncols         21
nrows         20
xllcorner     100.000000
yllcorner     100.000000
cellsize      50.000000
NODATA_value  -9999.0
0.000000 0.000000 0.000000 0.000000 0.000000 0.000000 0.000000 0.000000 0.000000 0.000000 0.000000 0.000000 0.000000 0.000000 0.000000 0.000000 0.000000 0.000000 0.000000 0.000000 0.000000
0.000000 0.000000 0.300082 0.300082 0.300082 0.300082 0.300082 0.300082 0.300082 0.300082 0.300083 0.300082 0.300082 0.300082 0.300082 0.300082 0.300082 0.300082 0.300082 0.000000 0.000000
0.000000 0.000000 0.300012 0.300012 0.300012 0.300011 0.300012 0.300012 0.300012 0.300012 0.300010 0.300012 0.300012 0.300012 0.300012 0.300011 0.300012 0.300012 0.300012 0.000000 0.000000
0.000000 0.000000 0.298262 0.298263 0.298267 0.298265 0.298262 0.298262 0.298263 0.298262 0.298262 0.298262 0.298263 0.298262 0.298262 0.298265 0.298267 0.298263 0.298262 0.000000 0.000000
0.000000 0.000000 0.290845 0.290847 0.290850 0.290850 0.290844 0.290846 0.290846 0.290843 0.290843 0.290843 0.290846 0.290846 0.290844 0.290850 0.290850 0.290847 0.290845 0.000000 0.000000
0.000000 0.000000 0.281782 0.281783 0.281786 0.281786 0.281781 0.281783 0.281783 0.281781 0.281780 0.281781 0.281783 0.281783 0.281781 0.281786 0.281786 0.281783 0.281782 0.000000 0.000000
0.000000 0.000000 0.273329 0.273330 0.273332 0.273332 0.273328 0.273329 0.273329 0.273327 0.273327 0.273327 0.273329 0.273329 0.273328 0.273332 0.273332 0.273330 0.273329 0.000000 0.000000
0.000000 0.000000 0.265600 0.265601 0.265603 0.265603 0.265599 0.265601 0.265601 0.265599 0.265598 0.265599 0.265601 0.265601 0.265599 0.265603 0.265603 0.265601 0.265600 0.000000 0.000000
0.000000 0.000000 0.258410 0.258410 0.258413 0.258412 0.258409 0.258410 0.258410 0.258409 0.258408 0.258409 0.258410 0.258410 0.258409 0.258412 0.258413 0.258410 0.258410 0.000000 0.000000
0.000000 0.000000 0.251593 0.251594 0.251596 0.251595 0.251593 0.251594 0.251594 0.251592 0.251592 0.251592 0.251594 0.251594 0.251593 0.251595 0.251596 0.251594 0.251593 0.000000 0.000000
0.000000 0.000000 0.245069 0.245070 0.245072 0.245071 0.245068 0.245069 0.245069 0.245068 0.245068 0.245068 0.245069 0.245069 0.245068 0.245071 0.245072 0.245070 0.245069 0.000000 0.000000
0.000000 0.000000 0.238774 0.238775 0.238777 0.238776 0.238774 0.238775 0.238775 0.238773 0.238773 0.238773 0.238775 0.238775 0.238774 0.238776 0.238777 0.238775 0.238774 0.000000 0.000000
0.000000 0.000000 0.232662 0.232663 0.232665 0.232664 0.232662 0.232663 0.232662 0.232661 0.232661 0.232661 0.232662 0.232663 0.232662 0.232664 0.232665 0.232663 0.232662 0.000000 0.000000
0.000000 0.000000 0.226702 0.226702 0.226705 0.226704 0.226701 0.226702 0.226702 0.226701 0.226700 0.226701 0.226702 0.226702 0.226701 0.226704 0.226705 0.226702 0.226702 0.000000 0.000000
0.000000 0.000000 0.220877 0.220878 0.220880 0.220879 0.220877 0.220877 0.220877 0.220876 0.220876 0.220876 0.220877 0.220877 0.220877 0.220879 0.220880 0.220878 0.220877 0.000000 0.000000
0.000000 0.000000 0.215176 0.215177 0.215179 0.215178 0.215176 0.215176 0.215176 0.215175 0.215175 0.215175 0.215176 0.215176 0.215176 0.215178 0.215179 0.215177 0.215176 0.000000 0.000000
0.000000 0.000000 0.209591 0.209591 0.209594 0.209593 0.209590 0.209591 0.209591 0.209590 0.209590 0.209590 0.209591 0.209591 0.209590 0.209593 0.209594 0.209591 0.209591 0.000000 0.000000
0.000000 0.000000 0.204040 0.204040 0.204042 0.204041 0.204039 0.204040 0.204040 0.204038 0.204038 0.204038 0.204040 0.204040 0.204039 0.204041 0.204042 0.204040 0.204039 0.000000 0.000000
0.000000 0.000000 0.300000 0.300000 0.300000 0.300000 0.300000 0.300000 0.300000 0.300000 0.300000 0.300000 0.300000 0.300000 0.300000 0.300000 0.300000 0.300000 0.300000 0.000000 0.000000
0.000000 0.000000 0.000000 0.000000 0.000000 0.000000 0.000000 0.000000 0.000000 0.000000 0.000000 0.000000 0.000000 0.000000 0.000000 0.000000 0.000000 0.000000 0.000000 0.000000 0.000000