geotop/1.0zi/1.0Montebello/Templates/testdem/maps/_Eocsilt1434.asc
ncols         21
nrows         20
xllcorner     100.000000
yllcorner     100.000000
cellsize      50.000000
NODATA_value  -9999.0
0.000000 0.000000 0.000000 0.000000 0.000000 0.000000 0.000000 0.000000 0.000000 0.000000 0.000000 0.000000 0.000000 0.000000 0.000000 0.000000 0.000000 0.000000 0.000000 0.000000 0.000000
0.000000 0.000000 0.350030 0.350030 0.350030 0.350030 0.350030 0.350030 0.350030 0.350030 0.350030 0.350030 0.350030 0.350030 0.350030 0.350030 0.350030 0.350030 0.350030 0.000000 0.000000
0.000000 0.000000 0.349999 0.349999 0.349999 0.350000 0.349999 0.349999 0.349999 0.349999 0.349999 0.349999 0.349999 0.349999 0.349999 0.350000 0.349999 0.349999 0.349999 0.000000 0.000000
0.000000 0.000000 0.350606 0.350606 0.350603 0.350604 0.350606 0.350606 0.350606 0.350606 0.350606 0.350606 0.350606 0.350606 0.350606 0.350604 0.350603 0.350606 0.350606 0.000000 0.000000
0.000000 0.000000 0.352621 0.352621 0.352619 0.352619 0.352622 0.352621 0.352621 0.352622 0.352622 0.352622 0.352621 0.352621 0.352622 0.352619 0.352619 0.352621 0.352621 0.000000 0.000000
0.000000 0.000000 0.355100 0.355099 0.355097 0.355097 0.355100 0.355099 0.355099 0.355100 0.355100 0.355100 0.355099 0.355099 0.355100 0.355097 0.355097 0.355099 0.355100 0.000000 0.000000
0.000000 0.000000 0.357375 0.357374 0.357372 0.357373 0.357375 0.357374 0.357374 0.357375 0.357375 0.357375 0.357374 0.357374 0.357375 0.357373 0.357372 0.357374 0.357375 0.000000 0.000000
0.000000 0.000000 0.359463 0.359462 0.359461 0.359461 0.359463 0.359463 0.359462 0.359463 0.359463 0.359463 0.359462 0.359463 0.359463 0.359461 0.359461 0.359462 0.359463 0.000000 0.000000
0.000000 0.000000 0.361419 0.361419 0.361417 0.361418 0.361419 0.361419 0.361419 0.361419 0.361419 0.361419 0.361419 0.361419 0.361419 0.361418 0.361417 0.361419 0.361419 0.000000 0.000000
0.000000 0.000000 0.363293 0.363293 0.363291 0.363292 0.363293 0.363293 0.363293 0.363293 0.363293 0.363293 0.363293 0.363293 0.363293 0.363292 0.363291 0.363293 0.363293 0.000000 0.000000
0.000000 0.000000 0.365103 0.365102 0.365101 0.365101 0.365103 0.365102 0.365102 0.365103 0.365103 0.365103 0.365102 0.365102 0.365103 0.365101 0.365101 0.365102 0.365103 0.000000 0.000000
0.000000 0.000000 0.366866 0.366866 0.366864 0.366865 0.366866 0.366866 0.366866 0.366866 0.366866 0.366866 0.366866 0.366866 0.366866 0.366865 0.366864 0.366866 0.366866 0.000000 0.000000
0.000000 0.000000 0.368598 0.368598 0.368596 0.368597 0.368598 0.368598 0.368598 0.368598 0.368598 0.368598 0.368598 0.368598 0.368598 0.368597 0.368596 0.368598 0.368598 0.000000 0.000000
0.000000 0.000000 0.370298 0.370297 0.370296 0.370296 0.370298 0.370297 0.370297 0.370298 0.370298 0.370298 0.370297 0.370297 0.370298 0.370296 0.370296 0.370297 0.370298 0.000000 0.000000
0.000000 0.000000 0.371974 0.371973 0.371972 0.371972 0.371974 0.371973 0.371973 0.371974 0.371974 0.371974 0.371973 0.371973 0.371974 0.371972 0.371972 0.371973 0.371974 0.000000 0.000000
0.000000 0.000000 0.373632 0.373632 0.373630 0.373631 0.373632 0.373632 0.373632 0.373632 0.373632 0.373632 0.373632 0.373632 0.373632 0.373631 0.373630 0.373632 0.373632 0.000000 0.000000
0.000000 0.000000 0.375272 0.375272 0.375270 0.375271 0.375272 0.375272 0.375272 0.375272 0.375272 0.375272 0.375272 0.375272 0.375272 0.375271 0.375270 0.375272 0.375272 0.000000 0.000000
0.000000 0.000000 0.376934 0.376935 0.376933 0.376934 0.376935 0.376935 0.376935 0.376935 0.376935 0.376935 0.376935 0.376935 0.376935 0.376934 0.376933 0.376935 0.376935 0.000000 0.000000
0.000000 0.000000 0.350000 0.350000 0.350000 0.350000 0.350000 0.350000 0.350000 0.350000 0.350000 0.350000 0.350000 0.350000 0.350000 0.350000 0.350000 0.350000 0.350000 0.000000 0.000000
0.000000 0.000000 0.000000 0.000000 0.000000 0.000000 0.000000 0.000000 0.000000 0.000000 0.000000 0.000000 0.000000 0.000000 0.000000 0.000000 0.000000 0.000000 0.000000 0.000000 0.000000