geotop/1.0zi/1.0Montebello/Templates/testdem/maps/_Eocsilt6715.asc
ncols         21
nrows         20
xllcorner     100.000000
yllcorner     100.000000
cellsize      50.000000
NODATA_value  -9999.0
0.000000 0.000000 0.000000 0.000000 0.000000 0.000000 0.000000 0.000000 0.000000 0.000000 0.000000 0.000000 0.000000 0.000000 0.000000 0.000000 0.000000 0.000000 0.000000 0.000000 0.000000
0.000000 0.000000 0.350136 0.350136 0.350136 0.350137 0.350136 0.350137 0.350137 0.350137 0.350137 0.350136 0.350136 0.350136 0.350136 0.350136 0.350137 0.350137 0.350136 0.000000 0.000000
0.000000 0.000000 0.350003 0.350002 0.350003 0.350003 0.350003 0.350003 0.350003 0.350003 0.350003 0.350003 0.350004 0.350004 0.350003 0.350003 0.350001 0.350001 0.350002 0.000000 0.000000
0.000000 0.000000 0.350057 0.350054 0.350053 0.350048 0.350049 0.350046 0.350049 0.350049 0.350048 0.350047 0.350048 0.350048 0.350049 0.350052 0.350055 0.350056 0.350057 0.000000 0.000000
0.000000 0.000000 0.350686 0.350692 0.350689 0.350681 0.350677 0.350671 0.350670 0.350667 0.350667 0.350669 0.350670 0.350671 0.350681 0.350684 0.350683 0.350691 0.350695 0.000000 0.000000
0.000000 0.000000 0.352546 0.352548 0.352540 0.352526 0.352513 0.352494 0.352494 0.352489 0.352493 0.352495 0.352495 0.352493 0.352501 0.352510 0.352519 0.352525 0.352530 0.000000 0.000000
0.000000 0.000000 0.355362 0.355359 0.355351 0.355329 0.355303 0.355277 0.355278 0.355275 0.355277 0.355275 0.355272 0.355277 0.355297 0.355320 0.355333 0.355345 0.355352 0.000000 0.000000
0.000000 0.000000 0.358773 0.358773 0.358770 0.358748 0.358723 0.358694 0.358694 0.358691 0.358690 0.358689 0.358687 0.358691 0.358715 0.358738 0.358759 0.358763 0.358774 0.000000 0.000000
0.000000 0.000000 0.362376 0.362369 0.362358 0.362344 0.362319 0.362286 0.362287 0.362280 0.362278 0.362277 0.362278 0.362276 0.362308 0.362336 0.362352 0.362359 0.362369 0.000000 0.000000
0.000000 0.000000 0.366056 0.366050 0.366044 0.366032 0.365997 0.365968 0.365969 0.365965 0.365960 0.365963 0.365968 0.365964 0.365990 0.366021 0.366038 0.366043 0.366050 0.000000 0.000000
0.000000 0.000000 0.369896 0.369892 0.369888 0.369860 0.369837 0.369804 0.369811 0.369794 0.369795 0.369796 0.369790 0.369800 0.369821 0.369841 0.369862 0.369873 0.369889 0.000000 0.000000
0.000000 0.000000 0.374005 0.373995 0.373984 0.373965 0.373941 0.373901 0.373901 0.373893 0.373902 0.373891 0.373893 0.373896 0.373935 0.373955 0.373970 0.373977 0.374016 0.000000 0.000000
0.000000 0.000000 0.378295 0.378285 0.378279 0.378257 0.378236 0.378147 0.378146 0.378139 0.378118 0.378127 0.378134 0.378142 0.378209 0.378230 0.378263 0.378267 0.378292 0.000000 0.000000
0.000000 0.000000 0.383065 0.383060 0.383045 0.383028 0.382932 0.382918 0.382897 0.382896 0.382894 0.382893 0.382892 0.382889 0.382893 0.382994 0.383019 0.383045 0.383073 0.000000 0.000000
0.000000 0.000000 0.388438 0.388431 0.388409 0.388300 0.388279 0.388226 0.388192 0.388186 0.388167 0.388153 0.388166 0.388159 0.388207 0.388240 0.388388 0.388374 0.388387 0.000000 0.000000
0.000000 0.000000 0.394235 0.394226 0.394078 0.394072 0.394065 0.394035 0.394075 0.394055 0.394074 0.394058 0.394040 0.394073 0.394089 0.394101 0.394060 0.394254 0.394256 0.000000 0.000000
0.000000 0.000000 0.401119 0.400904 0.400871 0.400806 0.400700 0.400662 0.400631 0.400635 0.400582 0.400581 0.400606 0.400588 0.400641 0.400723 0.400857 0.400849 0.401070 0.000000 0.000000
0.000000 0.000000 0.405544 0.405624 0.405827 0.405788 0.405742 0.405548 0.405551 0.405505 0.405554 0.405539 0.405545 0.405556 0.405730 0.405768 0.405860 0.405663 0.405594 0.000000 0.000000
0.000000 0.000000 0.350000 0.350000 0.350000 0.350000 0.350000 0.350000 0.350000 0.350000 0.350000 0.350000 0.350000 0.350000 0.350000 0.350000 0.350000 0.350000 0.350000 0.000000 0.000000
0.000000 0.000000 0.000000 0.000000 0.000000 0.000000 0.000000 0.000000 0.000000 0.000000 0.000000 0.000000 0.000000 0.000000 0.000000 0.000000 0.000000 0.000000 0.000000 0.000000 0.000000