geotop/1.0zi/1.0Montebello/Templates/testdem/maps/_Eocsilt9890.asc
ncols         21
nrows         20
xllcorner     100.000000
yllcorner     100.000000
cellsize      50.000000
NODATA_value  -9999.0
0.000000 0.000000 0.000000 0.000000 0.000000 0.000000 0.000000 0.000000 0.000000 0.000000 0.000000 0.000000 0.000000 0.000000 0.000000 0.000000 0.000000 0.000000 0.000000 0.000000 0.000000
0.000000 0.000000 0.350210 0.350210 0.350210 0.350211 0.350210 0.350210 0.350210 0.350210 0.350210 0.350210 0.350210 0.350210 0.350210 0.350210 0.350211 0.350211 0.350210 0.000000 0.000000
0.000000 0.000000 0.350008 0.350008 0.350008 0.350007 0.350009 0.350008 0.350008 0.350009 0.350009 0.350008 0.350009 0.350009 0.350008 0.350008 0.350006 0.350006 0.350007 0.000000 0.000000
0.000000 0.000000 0.350150 0.350147 0.350141 0.350137 0.350137 0.350131 0.350135 0.350136 0.350133 0.350136 0.350137 0.350137 0.350139 0.350142 0.350147 0.350149 0.350150 0.000000 0.000000
0.000000 0.000000 0.351496 0.351502 0.351493 0.351472 0.351463 0.351456 0.351459 0.351456 0.351456 0.351458 0.351464 0.351462 0.351476 0.351485 0.351488 0.351494 0.351498 0.000000 0.000000
0.000000 0.000000 0.355198 0.355192 0.355177 0.355151 0.355118 0.355090 0.355089 0.355083 0.355084 0.355085 0.355089 0.355086 0.355105 0.355129 0.355141 0.355149 0.355156 0.000000 0.000000
0.000000 0.000000 0.360453 0.360442 0.360425 0.360387 0.360345 0.360291 0.360293 0.360289 0.360284 0.360283 0.360280 0.360284 0.360329 0.360362 0.360383 0.360398 0.360405 0.000000 0.000000
0.000000 0.000000 0.366691 0.366678 0.366662 0.366619 0.366573 0.366524 0.366525 0.366518 0.366512 0.366509 0.366507 0.366515 0.366557 0.366595 0.366629 0.366635 0.366649 0.000000 0.000000
0.000000 0.000000 0.373574 0.373554 0.373528 0.373494 0.373441 0.373380 0.373386 0.373373 0.373365 0.373363 0.373366 0.373363 0.373424 0.373469 0.373495 0.373506 0.373519 0.000000 0.000000
0.000000 0.000000 0.381173 0.381146 0.381126 0.381089 0.381032 0.380968 0.380969 0.380961 0.380947 0.380952 0.380960 0.380956 0.381005 0.381064 0.381094 0.381105 0.381111 0.000000 0.000000
0.000000 0.000000 0.389812 0.389790 0.389771 0.389687 0.389661 0.389575 0.389593 0.389551 0.389554 0.389547 0.389533 0.389556 0.389611 0.389648 0.389690 0.389705 0.389742 0.000000 0.000000
0.000000 0.000000 0.399916 0.399870 0.399818 0.399779 0.399734 0.399625 0.399623 0.399618 0.399630 0.399592 0.399610 0.399604 0.399703 0.399760 0.399782 0.399795 0.399870 0.000000 0.000000
0.000000 0.000000 0.411299 0.411256 0.411244 0.411164 0.411109 0.410824 0.410819 0.410800 0.410698 0.410760 0.410765 0.410789 0.411003 0.411051 0.411155 0.411160 0.411177 0.000000 0.000000
0.000000 0.000000 0.425317 0.425297 0.425206 0.425151 0.424756 0.424898 0.424813 0.424814 0.424866 0.424810 0.424800 0.424758 0.424628 0.425063 0.425077 0.425177 0.425238 0.000000 0.000000
0.000000 0.000000 0.440849 0.440802 0.440727 0.440238 0.440450 0.440140 0.440074 0.440042 0.439929 0.439892 0.439948 0.439951 0.440226 0.440021 0.440659 0.440507 0.440483 0.000000 0.000000
0.000000 0.000000 0.453968 0.453943 0.453466 0.453708 0.453621 0.453638 0.453845 0.453788 0.453898 0.453879 0.453790 0.453901 0.453839 0.453920 0.453392 0.454115 0.454104 0.000000 0.000000
0.000000 0.000000 0.464154 0.463886 0.463899 0.463814 0.463663 0.463634 0.463575 0.463588 0.463511 0.463519 0.463560 0.463521 0.463574 0.463689 0.463870 0.463782 0.464059 0.000000 0.000000
0.000000 0.000000 0.469564 0.469419 0.469570 0.469469 0.469356 0.469244 0.469191 0.469183 0.469150 0.469150 0.469185 0.469156 0.469276 0.469361 0.469561 0.469340 0.469490 0.000000 0.000000
0.000000 0.000000 0.350000 0.350000 0.350000 0.350000 0.350000 0.350000 0.350000 0.350000 0.350000 0.350000 0.350000 0.350000 0.350000 0.350000 0.350000 0.350000 0.350000 0.000000 0.000000
0.000000 0.000000 0.000000 0.000000 0.000000 0.000000 0.000000 0.000000 0.000000 0.000000 0.000000 0.000000 0.000000 0.000000 0.000000 0.000000 0.000000 0.000000 0.000000 0.000000 0.000000