geotop/1.0zi/1.0Montebello/Templates/testdem/maps/_Eocclay7748.asc
ncols         21
nrows         20
xllcorner     100.000000
yllcorner     100.000000
cellsize      50.000000
NODATA_value  -9999.0
0.000000 0.000000 0.000000 0.000000 0.000000 0.000000 0.000000 0.000000 0.000000 0.000000 0.000000 0.000000 0.000000 0.000000 0.000000 0.000000 0.000000 0.000000 0.000000 0.000000 0.000000
0.000000 0.000000 0.349645 0.349647 0.349647 0.349646 0.349648 0.349648 0.349647 0.349648 0.349646 0.349648 0.349648 0.349647 0.349648 0.349647 0.349645 0.349646 0.349646 0.000000 0.000000
0.000000 0.000000 0.349985 0.349984 0.349985 0.349986 0.349984 0.349984 0.349984 0.349984 0.349983 0.349983 0.349984 0.349983 0.349984 0.349985 0.349985 0.349984 0.349983 0.000000 0.000000
0.000000 0.000000 0.350003 0.350008 0.350004 0.350004 0.350007 0.350004 0.350006 0.350003 0.350006 0.350004 0.350004 0.350003 0.350005 0.350007 0.350006 0.350009 0.350008 0.000000 0.000000
0.000000 0.000000 0.350958 0.350954 0.350951 0.350946 0.350930 0.350928 0.350926 0.350929 0.350925 0.350926 0.350922 0.350926 0.350935 0.350937 0.350945 0.350947 0.350953 0.000000 0.000000
0.000000 0.000000 0.353607 0.353605 0.353594 0.353565 0.353552 0.353528 0.353529 0.353522 0.353526 0.353524 0.353527 0.353529 0.353539 0.353559 0.353573 0.353588 0.353594 0.000000 0.000000
0.000000 0.000000 0.357274 0.357270 0.357262 0.357238 0.357208 0.357171 0.357170 0.357164 0.357166 0.357166 0.357166 0.357167 0.357200 0.357228 0.357244 0.357257 0.357264 0.000000 0.000000
0.000000 0.000000 0.361633 0.361630 0.361622 0.361593 0.361564 0.361524 0.361524 0.361519 0.361519 0.361516 0.361514 0.361522 0.361556 0.361581 0.361606 0.361615 0.361627 0.000000 0.000000
0.000000 0.000000 0.366231 0.366224 0.366210 0.366192 0.366161 0.366121 0.366123 0.366113 0.366111 0.366109 0.366110 0.366109 0.366149 0.366182 0.366201 0.366211 0.366220 0.000000 0.000000
0.000000 0.000000 0.371073 0.371062 0.371056 0.371037 0.370992 0.370955 0.370955 0.370950 0.370945 0.370948 0.370953 0.370951 0.370986 0.371023 0.371046 0.371054 0.371062 0.000000 0.000000
0.000000 0.000000 0.376307 0.376300 0.376292 0.376254 0.376222 0.376179 0.376188 0.376164 0.376167 0.376166 0.376158 0.376174 0.376205 0.376228 0.376257 0.376273 0.376293 0.000000 0.000000
0.000000 0.000000 0.382061 0.382045 0.382028 0.382002 0.381968 0.381914 0.381911 0.381903 0.381915 0.381896 0.381901 0.381905 0.381961 0.381989 0.382009 0.382021 0.382070 0.000000 0.000000
0.000000 0.000000 0.388236 0.388220 0.388213 0.388178 0.388147 0.388011 0.388009 0.388000 0.387965 0.387983 0.387991 0.388004 0.388109 0.388137 0.388189 0.388195 0.388221 0.000000 0.000000
0.000000 0.000000 0.395385 0.395379 0.395351 0.395326 0.395161 0.395164 0.395130 0.395129 0.395136 0.395128 0.395124 0.395118 0.395110 0.395281 0.395312 0.395358 0.395392 0.000000 0.000000
0.000000 0.000000 0.403739 0.403723 0.403688 0.403484 0.403487 0.403387 0.403336 0.403324 0.403291 0.403266 0.403288 0.403283 0.403380 0.403391 0.403661 0.403625 0.403634 0.000000 0.000000
0.000000 0.000000 0.412929 0.412914 0.412622 0.412677 0.412659 0.412622 0.412724 0.412688 0.412740 0.412715 0.412670 0.412743 0.412759 0.412774 0.412594 0.413005 0.412999 0.000000 0.000000
0.000000 0.000000 0.424402 0.423935 0.423989 0.423825 0.423592 0.423524 0.423414 0.423438 0.423308 0.423316 0.423388 0.423322 0.423437 0.423609 0.423970 0.423780 0.424261 0.000000 0.000000
0.000000 0.000000 0.429523 0.429917 0.430344 0.430327 0.430320 0.429919 0.429968 0.429856 0.430025 0.429988 0.429970 0.430025 0.430368 0.430372 0.430420 0.430063 0.429680 0.000000 0.000000
0.000000 0.000000 0.350000 0.350000 0.350000 0.350000 0.350000 0.350000 0.350000 0.350000 0.350000 0.350000 0.350000 0.350000 0.350000 0.350000 0.350000 0.350000 0.350000 0.000000 0.000000
0.000000 0.000000 0.000000 0.000000 0.000000 0.000000 0.000000 0.000000 0.000000 0.000000 0.000000 0.000000 0.000000 0.000000 0.000000 0.000000 0.000000 0.000000 0.000000 0.000000 0.000000