geotop/1.0zi/1.0Montebello/Templates/testdem/maps/_Eocsilt4010.asc
ncols         21
nrows         20
xllcorner     100.000000
yllcorner     100.000000
cellsize      50.000000
NODATA_value  -9999.0
0.000000 0.000000 0.000000 0.000000 0.000000 0.000000 0.000000 0.000000 0.000000 0.000000 0.000000 0.000000 0.000000 0.000000 0.000000 0.000000 0.000000 0.000000 0.000000 0.000000 0.000000
0.000000 0.000000 0.350083 0.350083 0.350083 0.350083 0.350083 0.350083 0.350083 0.350083 0.350083 0.350083 0.350083 0.350083 0.350083 0.350083 0.350083 0.350083 0.350083 0.000000 0.000000
0.000000 0.000000 0.350001 0.350002 0.350002 0.350002 0.350003 0.350003 0.350003 0.350003 0.350003 0.350003 0.350003 0.350003 0.350002 0.350002 0.350001 0.350001 0.350001 0.000000 0.000000
0.000000 0.000000 0.350032 0.350031 0.350031 0.350027 0.350028 0.350025 0.350027 0.350028 0.350027 0.350027 0.350027 0.350026 0.350028 0.350031 0.350031 0.350033 0.350032 0.000000 0.000000
0.000000 0.000000 0.350376 0.350379 0.350377 0.350378 0.350377 0.350375 0.350373 0.350370 0.350369 0.350372 0.350372 0.350372 0.350374 0.350373 0.350372 0.350377 0.350379 0.000000 0.000000
0.000000 0.000000 0.351440 0.351441 0.351438 0.351434 0.351432 0.351421 0.351420 0.351415 0.351419 0.351422 0.351423 0.351418 0.351419 0.351424 0.351428 0.351427 0.351429 0.000000 0.000000
0.000000 0.000000 0.353052 0.353052 0.353050 0.353040 0.353030 0.353017 0.353019 0.353016 0.353019 0.353017 0.353014 0.353013 0.353022 0.353034 0.353039 0.353042 0.353049 0.000000 0.000000
0.000000 0.000000 0.354933 0.354930 0.354926 0.354914 0.354902 0.354887 0.354889 0.354886 0.354886 0.354885 0.354883 0.354880 0.354896 0.354911 0.354921 0.354922 0.354926 0.000000 0.000000
0.000000 0.000000 0.356830 0.356825 0.356819 0.356811 0.356800 0.356781 0.356783 0.356779 0.356779 0.356780 0.356777 0.356776 0.356789 0.356805 0.356813 0.356817 0.356824 0.000000 0.000000
0.000000 0.000000 0.358709 0.358705 0.358700 0.358692 0.358678 0.358662 0.358665 0.358662 0.358662 0.358662 0.358659 0.358656 0.358672 0.358688 0.358694 0.358697 0.358703 0.000000 0.000000
0.000000 0.000000 0.360593 0.360589 0.360584 0.360577 0.360569 0.360549 0.360551 0.360547 0.360547 0.360548 0.360544 0.360541 0.360554 0.360566 0.360575 0.360578 0.360585 0.000000 0.000000
0.000000 0.000000 0.362532 0.362528 0.362521 0.362511 0.362501 0.362482 0.362482 0.362479 0.362479 0.362479 0.362477 0.362473 0.362491 0.362505 0.362513 0.362516 0.362538 0.000000 0.000000
0.000000 0.000000 0.364487 0.364483 0.364476 0.364468 0.364456 0.364417 0.364418 0.364414 0.364414 0.364414 0.364410 0.364408 0.364441 0.364457 0.364466 0.364469 0.364482 0.000000 0.000000
0.000000 0.000000 0.366543 0.366536 0.366530 0.366522 0.366485 0.366475 0.366469 0.366466 0.366467 0.366467 0.366463 0.366460 0.366470 0.366509 0.366518 0.366526 0.366534 0.000000 0.000000
0.000000 0.000000 0.368745 0.368739 0.368726 0.368693 0.368677 0.368653 0.368641 0.368636 0.368630 0.368630 0.368630 0.368622 0.368640 0.368668 0.368711 0.368709 0.368715 0.000000 0.000000
0.000000 0.000000 0.371002 0.370996 0.370952 0.370946 0.370937 0.370926 0.370924 0.370922 0.370924 0.370923 0.370915 0.370919 0.370924 0.370936 0.370938 0.370981 0.370993 0.000000 0.000000
0.000000 0.000000 0.373491 0.373438 0.373399 0.373386 0.373361 0.373348 0.373345 0.373343 0.373337 0.373337 0.373335 0.373328 0.373336 0.373367 0.373388 0.373411 0.373464 0.000000 0.000000
0.000000 0.000000 0.375460 0.375444 0.375473 0.375455 0.375432 0.375383 0.375378 0.375373 0.375374 0.375373 0.375368 0.375368 0.375411 0.375440 0.375472 0.375426 0.375451 0.000000 0.000000
0.000000 0.000000 0.350000 0.350000 0.350000 0.350000 0.350000 0.350000 0.350000 0.350000 0.350000 0.350000 0.350000 0.350000 0.350000 0.350000 0.350000 0.350000 0.350000 0.000000 0.000000
0.000000 0.000000 0.000000 0.000000 0.000000 0.000000 0.000000 0.000000 0.000000 0.000000 0.000000 0.000000 0.000000 0.000000 0.000000 0.000000 0.000000 0.000000 0.000000 0.000000 0.000000