geotop/1.0zi/1.0Montebello/Templates/testdem/maps/_Eocsilt0522.asc
ncols         21
nrows         20
xllcorner     100.000000
yllcorner     100.000000
cellsize      50.000000
NODATA_value  -9999.0
0.000000 0.000000 0.000000 0.000000 0.000000 0.000000 0.000000 0.000000 0.000000 0.000000 0.000000 0.000000 0.000000 0.000000 0.000000 0.000000 0.000000 0.000000 0.000000 0.000000 0.000000
0.000000 0.000000 0.350010 0.350010 0.350010 0.350010 0.350010 0.350010 0.350010 0.350010 0.350010 0.350010 0.350010 0.350010 0.350010 0.350010 0.350010 0.350010 0.350010 0.000000 0.000000
0.000000 0.000000 0.349998 0.349997 0.349997 0.349997 0.349998 0.349998 0.349998 0.349998 0.349998 0.349998 0.349998 0.349998 0.349998 0.349997 0.349997 0.349997 0.349998 0.000000 0.000000
0.000000 0.000000 0.350282 0.350282 0.350280 0.350282 0.350282 0.350282 0.350282 0.350282 0.350282 0.350282 0.350282 0.350282 0.350282 0.350282 0.350280 0.350282 0.350282 0.000000 0.000000
0.000000 0.000000 0.351159 0.351159 0.351157 0.351159 0.351159 0.351160 0.351160 0.351159 0.351159 0.351159 0.351160 0.351160 0.351159 0.351159 0.351157 0.351159 0.351159 0.000000 0.000000
0.000000 0.000000 0.352097 0.352097 0.352095 0.352097 0.352097 0.352097 0.352097 0.352097 0.352097 0.352097 0.352097 0.352097 0.352097 0.352097 0.352095 0.352097 0.352097 0.000000 0.000000
0.000000 0.000000 0.352947 0.352947 0.352945 0.352947 0.352947 0.352947 0.352947 0.352947 0.352947 0.352947 0.352947 0.352947 0.352947 0.352947 0.352945 0.352947 0.352947 0.000000 0.000000
0.000000 0.000000 0.353733 0.353733 0.353731 0.353733 0.353733 0.353733 0.353733 0.353733 0.353733 0.353733 0.353733 0.353733 0.353733 0.353733 0.353731 0.353733 0.353733 0.000000 0.000000
0.000000 0.000000 0.354475 0.354475 0.354473 0.354475 0.354475 0.354475 0.354475 0.354475 0.354475 0.354475 0.354475 0.354475 0.354475 0.354475 0.354473 0.354475 0.354475 0.000000 0.000000
0.000000 0.000000 0.355190 0.355190 0.355188 0.355189 0.355190 0.355190 0.355190 0.355190 0.355190 0.355190 0.355190 0.355190 0.355190 0.355189 0.355188 0.355190 0.355190 0.000000 0.000000
0.000000 0.000000 0.355885 0.355885 0.355883 0.355885 0.355885 0.355885 0.355885 0.355885 0.355885 0.355885 0.355885 0.355885 0.355885 0.355885 0.355883 0.355885 0.355885 0.000000 0.000000
0.000000 0.000000 0.356566 0.356566 0.356564 0.356566 0.356566 0.356566 0.356566 0.356566 0.356566 0.356566 0.356566 0.356566 0.356566 0.356566 0.356564 0.356566 0.356566 0.000000 0.000000
0.000000 0.000000 0.357234 0.357234 0.357233 0.357234 0.357234 0.357234 0.357234 0.357234 0.357234 0.357234 0.357234 0.357234 0.357234 0.357234 0.357233 0.357234 0.357234 0.000000 0.000000
0.000000 0.000000 0.357892 0.357892 0.357891 0.357892 0.357892 0.357892 0.357892 0.357892 0.357892 0.357892 0.357892 0.357892 0.357892 0.357892 0.357891 0.357892 0.357892 0.000000 0.000000
0.000000 0.000000 0.358543 0.358543 0.358542 0.358543 0.358543 0.358543 0.358543 0.358543 0.358543 0.358543 0.358543 0.358543 0.358543 0.358543 0.358542 0.358543 0.358543 0.000000 0.000000
0.000000 0.000000 0.359191 0.359191 0.359190 0.359191 0.359191 0.359191 0.359191 0.359191 0.359191 0.359191 0.359191 0.359191 0.359191 0.359191 0.359190 0.359191 0.359191 0.000000 0.000000
0.000000 0.000000 0.359832 0.359832 0.359830 0.359832 0.359832 0.359832 0.359832 0.359832 0.359832 0.359832 0.359832 0.359832 0.359832 0.359832 0.359830 0.359832 0.359832 0.000000 0.000000
0.000000 0.000000 0.360484 0.360484 0.360483 0.360484 0.360484 0.360484 0.360484 0.360484 0.360484 0.360484 0.360484 0.360484 0.360484 0.360484 0.360483 0.360484 0.360484 0.000000 0.000000
0.000000 0.000000 0.350000 0.350000 0.350000 0.350000 0.350000 0.350000 0.350000 0.350000 0.350000 0.350000 0.350000 0.350000 0.350000 0.350000 0.350000 0.350000 0.350000 0.000000 0.000000
0.000000 0.000000 0.000000 0.000000 0.000000 0.000000 0.000000 0.000000 0.000000 0.000000 0.000000 0.000000 0.000000 0.000000 0.000000 0.000000 0.000000 0.000000 0.000000 0.000000 0.000000