geotop/1.0zi/1.0Montebello/Templates/testdem/maps/_Eocsilt9450.asc
ncols         21
nrows         20
xllcorner     100.000000
yllcorner     100.000000
cellsize      50.000000
NODATA_value  -9999.0
0.000000 0.000000 0.000000 0.000000 0.000000 0.000000 0.000000 0.000000 0.000000 0.000000 0.000000 0.000000 0.000000 0.000000 0.000000 0.000000 0.000000 0.000000 0.000000 0.000000 0.000000
0.000000 0.000000 0.350203 0.350203 0.350203 0.350203 0.350202 0.350202 0.350203 0.350202 0.350203 0.350202 0.350202 0.350202 0.350202 0.350203 0.350203 0.350203 0.350203 0.000000 0.000000
0.000000 0.000000 0.350008 0.350008 0.350008 0.350007 0.350008 0.350008 0.350008 0.350008 0.350009 0.350008 0.350009 0.350009 0.350008 0.350007 0.350006 0.350006 0.350007 0.000000 0.000000
0.000000 0.000000 0.350143 0.350140 0.350134 0.350130 0.350129 0.350124 0.350127 0.350128 0.350125 0.350129 0.350129 0.350129 0.350131 0.350136 0.350141 0.350142 0.350144 0.000000 0.000000
0.000000 0.000000 0.351417 0.351422 0.351411 0.351394 0.351384 0.351378 0.351381 0.351378 0.351379 0.351381 0.351387 0.351385 0.351398 0.351406 0.351409 0.351415 0.351418 0.000000 0.000000
0.000000 0.000000 0.354897 0.354893 0.354877 0.354857 0.354826 0.354802 0.354800 0.354794 0.354798 0.354799 0.354803 0.354802 0.354817 0.354838 0.354849 0.354857 0.354865 0.000000 0.000000
0.000000 0.000000 0.359816 0.359807 0.359790 0.359757 0.359716 0.359664 0.359670 0.359666 0.359665 0.359665 0.359663 0.359669 0.359708 0.359739 0.359759 0.359774 0.359782 0.000000 0.000000
0.000000 0.000000 0.365639 0.365629 0.365615 0.365579 0.365537 0.365490 0.365493 0.365488 0.365485 0.365483 0.365481 0.365490 0.365528 0.365564 0.365596 0.365601 0.365616 0.000000 0.000000
0.000000 0.000000 0.372026 0.372010 0.371989 0.371962 0.371914 0.371856 0.371863 0.371852 0.371847 0.371846 0.371849 0.371848 0.371902 0.371944 0.371969 0.371980 0.371994 0.000000 0.000000
0.000000 0.000000 0.379000 0.378981 0.378964 0.378935 0.378871 0.378817 0.378821 0.378814 0.378805 0.378811 0.378818 0.378817 0.378860 0.378914 0.378943 0.378954 0.378961 0.000000 0.000000
0.000000 0.000000 0.386829 0.386816 0.386802 0.386731 0.386691 0.386621 0.386640 0.386603 0.386609 0.386605 0.386593 0.386616 0.386663 0.386697 0.386737 0.386755 0.386787 0.000000 0.000000
0.000000 0.000000 0.395869 0.395837 0.395796 0.395764 0.395703 0.395617 0.395619 0.395615 0.395630 0.395598 0.395615 0.395614 0.395699 0.395748 0.395771 0.395785 0.395854 0.000000 0.000000
0.000000 0.000000 0.405965 0.405938 0.405929 0.405852 0.405802 0.405554 0.405557 0.405544 0.405466 0.405514 0.405523 0.405548 0.405731 0.405777 0.405865 0.405872 0.405895 0.000000 0.000000
0.000000 0.000000 0.418338 0.418330 0.418259 0.418214 0.417869 0.417967 0.417902 0.417905 0.417948 0.417908 0.417902 0.417873 0.417782 0.418152 0.418173 0.418262 0.418316 0.000000 0.000000
0.000000 0.000000 0.432644 0.432603 0.432533 0.432093 0.432242 0.431979 0.431914 0.431890 0.431797 0.431760 0.431813 0.431816 0.432056 0.431919 0.432498 0.432369 0.432356 0.000000 0.000000
0.000000 0.000000 0.446239 0.446214 0.445690 0.445945 0.445856 0.445868 0.446099 0.446038 0.446161 0.446140 0.446043 0.446171 0.446113 0.446190 0.445628 0.446423 0.446412 0.000000 0.000000
0.000000 0.000000 0.458738 0.458288 0.458422 0.458223 0.457990 0.457913 0.457767 0.457801 0.457648 0.457666 0.457755 0.457665 0.457792 0.457965 0.458394 0.458076 0.458544 0.000000 0.000000
0.000000 0.000000 0.463582 0.463663 0.463925 0.463844 0.463770 0.463525 0.463516 0.463463 0.463518 0.463502 0.463516 0.463521 0.463740 0.463796 0.463944 0.463665 0.463589 0.000000 0.000000
0.000000 0.000000 0.350000 0.350000 0.350000 0.350000 0.350000 0.350000 0.350000 0.350000 0.350000 0.350000 0.350000 0.350000 0.350000 0.350000 0.350000 0.350000 0.350000 0.000000 0.000000
0.000000 0.000000 0.000000 0.000000 0.000000 0.000000 0.000000 0.000000 0.000000 0.000000 0.000000 0.000000 0.000000 0.000000 0.000000 0.000000 0.000000 0.000000 0.000000 0.000000 0.000000