geotop/1.0zi/1.0Montebello/Templates/testdem/maps/_Eocsand5847.asc
ncols         21
nrows         20
xllcorner     100.000000
yllcorner     100.000000
cellsize      50.000000
NODATA_value  -9999.0
0.000000 0.000000 0.000000 0.000000 0.000000 0.000000 0.000000 0.000000 0.000000 0.000000 0.000000 0.000000 0.000000 0.000000 0.000000 0.000000 0.000000 0.000000 0.000000 0.000000 0.000000
0.000000 0.000000 0.300145 0.300144 0.300144 0.300143 0.300143 0.300143 0.300144 0.300144 0.300144 0.300144 0.300144 0.300144 0.300144 0.300144 0.300144 0.300144 0.300144 0.000000 0.000000
0.000000 0.000000 0.300009 0.300008 0.300008 0.300008 0.300008 0.300008 0.300008 0.300008 0.300008 0.300008 0.300007 0.300007 0.300008 0.300008 0.300009 0.300010 0.300009 0.000000 0.000000
0.000000 0.000000 0.299968 0.299967 0.299970 0.299974 0.299971 0.299973 0.299971 0.299972 0.299971 0.299974 0.299973 0.299974 0.299970 0.299965 0.299966 0.299963 0.299965 0.000000 0.000000
0.000000 0.000000 0.298997 0.298994 0.298996 0.299004 0.299018 0.299026 0.299026 0.299027 0.299030 0.299028 0.299031 0.299029 0.299020 0.299018 0.299014 0.299003 0.298995 0.000000 0.000000
0.000000 0.000000 0.295875 0.295871 0.295880 0.295913 0.295930 0.295964 0.295965 0.295973 0.295966 0.295963 0.295959 0.295964 0.295954 0.295935 0.295921 0.295905 0.295896 0.000000 0.000000
0.000000 0.000000 0.291191 0.291195 0.291202 0.291237 0.291278 0.291328 0.291327 0.291333 0.291329 0.291327 0.291330 0.291329 0.291293 0.291254 0.291237 0.291219 0.291206 0.000000 0.000000
0.000000 0.000000 0.285480 0.285480 0.285481 0.285518 0.285560 0.285614 0.285613 0.285618 0.285618 0.285619 0.285622 0.285616 0.285575 0.285538 0.285509 0.285500 0.285482 0.000000 0.000000
0.000000 0.000000 0.279579 0.279586 0.279600 0.279622 0.279662 0.279721 0.279717 0.279727 0.279732 0.279729 0.279729 0.279734 0.279682 0.279642 0.279615 0.279606 0.279590 0.000000 0.000000
0.000000 0.000000 0.273626 0.273635 0.273639 0.273655 0.273713 0.273765 0.273761 0.273767 0.273775 0.273767 0.273760 0.273767 0.273726 0.273679 0.273652 0.273647 0.273636 0.000000 0.000000
0.000000 0.000000 0.267474 0.267479 0.267480 0.267522 0.267561 0.267619 0.267607 0.267634 0.267633 0.267630 0.267637 0.267624 0.267590 0.267560 0.267530 0.267512 0.267487 0.000000 0.000000
0.000000 0.000000 0.261008 0.261022 0.261037 0.261066 0.261101 0.261170 0.261167 0.261183 0.261165 0.261182 0.261179 0.261175 0.261115 0.261087 0.261065 0.261056 0.260992 0.000000 0.000000
0.000000 0.000000 0.254360 0.254372 0.254376 0.254409 0.254441 0.254581 0.254582 0.254593 0.254622 0.254606 0.254596 0.254586 0.254485 0.254459 0.254410 0.254405 0.254359 0.000000 0.000000
0.000000 0.000000 0.247127 0.247136 0.247153 0.247174 0.247310 0.247345 0.247376 0.247377 0.247387 0.247382 0.247381 0.247387 0.247371 0.247236 0.247195 0.247161 0.247115 0.000000 0.000000
0.000000 0.000000 0.239149 0.239159 0.239187 0.239329 0.239372 0.239454 0.239507 0.239515 0.239541 0.239556 0.239540 0.239553 0.239492 0.239428 0.239227 0.239243 0.239216 0.000000 0.000000
0.000000 0.000000 0.230696 0.230706 0.230890 0.230921 0.230932 0.230984 0.230946 0.230968 0.230951 0.230971 0.230994 0.230957 0.230926 0.230908 0.230926 0.230688 0.230682 0.000000 0.000000
0.000000 0.000000 0.220995 0.221249 0.221332 0.221406 0.221528 0.221590 0.221612 0.221614 0.221669 0.221676 0.221653 0.221665 0.221596 0.221504 0.221359 0.221308 0.221051 0.000000 0.000000
0.000000 0.000000 0.213984 0.213966 0.213738 0.213799 0.213893 0.214130 0.214135 0.214188 0.214151 0.214165 0.214150 0.214145 0.213929 0.213862 0.213708 0.213942 0.213945 0.000000 0.000000
0.000000 0.000000 0.300000 0.300000 0.300000 0.300000 0.300000 0.300000 0.300000 0.300000 0.300000 0.300000 0.300000 0.300000 0.300000 0.300000 0.300000 0.300000 0.300000 0.000000 0.000000
0.000000 0.000000 0.000000 0.000000 0.000000 0.000000 0.000000 0.000000 0.000000 0.000000 0.000000 0.000000 0.000000 0.000000 0.000000 0.000000 0.000000 0.000000 0.000000 0.000000 0.000000