geotop/1.0zi/1.0Montebello/Templates/testdem/maps/_Eocsilt2731.asc
ncols         21
nrows         20
xllcorner     100.000000
yllcorner     100.000000
cellsize      50.000000
NODATA_value  -9999.0
0.000000 0.000000 0.000000 0.000000 0.000000 0.000000 0.000000 0.000000 0.000000 0.000000 0.000000 0.000000 0.000000 0.000000 0.000000 0.000000 0.000000 0.000000 0.000000 0.000000 0.000000
0.000000 0.000000 0.350066 0.350066 0.350066 0.350066 0.350066 0.350066 0.350066 0.350066 0.350065 0.350066 0.350066 0.350066 0.350066 0.350066 0.350066 0.350066 0.350066 0.000000 0.000000
0.000000 0.000000 0.349999 0.349998 0.349999 0.349999 0.349999 0.349999 0.349999 0.349999 0.349999 0.349999 0.349999 0.349999 0.349999 0.349999 0.349999 0.349998 0.349999 0.000000 0.000000
0.000000 0.000000 0.350910 0.350909 0.350907 0.350908 0.350910 0.350910 0.350910 0.350910 0.350910 0.350910 0.350910 0.350910 0.350910 0.350908 0.350907 0.350909 0.350910 0.000000 0.000000
0.000000 0.000000 0.354515 0.354515 0.354513 0.354513 0.354516 0.354515 0.354515 0.354516 0.354516 0.354516 0.354515 0.354515 0.354516 0.354513 0.354513 0.354515 0.354515 0.000000 0.000000
0.000000 0.000000 0.359179 0.359178 0.359177 0.359177 0.359179 0.359179 0.359179 0.359180 0.359180 0.359180 0.359179 0.359179 0.359179 0.359177 0.359177 0.359178 0.359179 0.000000 0.000000
0.000000 0.000000 0.363447 0.363447 0.363445 0.363446 0.363448 0.363447 0.363447 0.363448 0.363448 0.363448 0.363447 0.363447 0.363448 0.363446 0.363445 0.363447 0.363447 0.000000 0.000000
0.000000 0.000000 0.367333 0.367332 0.367331 0.367331 0.367333 0.367332 0.367332 0.367333 0.367333 0.367333 0.367332 0.367332 0.367333 0.367331 0.367331 0.367332 0.367333 0.000000 0.000000
0.000000 0.000000 0.370942 0.370942 0.370940 0.370941 0.370942 0.370942 0.370942 0.370943 0.370943 0.370943 0.370942 0.370942 0.370942 0.370941 0.370940 0.370942 0.370942 0.000000 0.000000
0.000000 0.000000 0.374359 0.374359 0.374358 0.374358 0.374360 0.374359 0.374359 0.374360 0.374360 0.374360 0.374359 0.374359 0.374360 0.374358 0.374358 0.374359 0.374359 0.000000 0.000000
0.000000 0.000000 0.377627 0.377627 0.377625 0.377626 0.377627 0.377627 0.377627 0.377627 0.377628 0.377627 0.377627 0.377627 0.377627 0.377626 0.377625 0.377627 0.377627 0.000000 0.000000
0.000000 0.000000 0.380776 0.380776 0.380775 0.380775 0.380776 0.380776 0.380776 0.380776 0.380777 0.380776 0.380776 0.380776 0.380776 0.380775 0.380775 0.380776 0.380776 0.000000 0.000000
0.000000 0.000000 0.383830 0.383829 0.383828 0.383829 0.383830 0.383829 0.383829 0.383830 0.383830 0.383830 0.383829 0.383829 0.383830 0.383829 0.383828 0.383829 0.383830 0.000000 0.000000
0.000000 0.000000 0.386805 0.386804 0.386803 0.386804 0.386805 0.386804 0.386804 0.386805 0.386805 0.386805 0.386804 0.386804 0.386805 0.386804 0.386803 0.386804 0.386805 0.000000 0.000000
0.000000 0.000000 0.389709 0.389709 0.389708 0.389708 0.389709 0.389709 0.389709 0.389709 0.389710 0.389709 0.389709 0.389709 0.389709 0.389708 0.389708 0.389709 0.389709 0.000000 0.000000
0.000000 0.000000 0.392549 0.392549 0.392547 0.392548 0.392549 0.392549 0.392549 0.392549 0.392549 0.392549 0.392549 0.392549 0.392549 0.392548 0.392547 0.392549 0.392549 0.000000 0.000000
0.000000 0.000000 0.395327 0.395327 0.395326 0.395326 0.395328 0.395327 0.395327 0.395328 0.395328 0.395328 0.395327 0.395327 0.395328 0.395326 0.395326 0.395327 0.395327 0.000000 0.000000
0.000000 0.000000 0.398085 0.398085 0.398084 0.398084 0.398085 0.398085 0.398085 0.398086 0.398086 0.398086 0.398085 0.398085 0.398085 0.398084 0.398084 0.398085 0.398085 0.000000 0.000000
0.000000 0.000000 0.350000 0.350000 0.350000 0.350000 0.350000 0.350000 0.350000 0.350000 0.350000 0.350000 0.350000 0.350000 0.350000 0.350000 0.350000 0.350000 0.350000 0.000000 0.000000
0.000000 0.000000 0.000000 0.000000 0.000000 0.000000 0.000000 0.000000 0.000000 0.000000 0.000000 0.000000 0.000000 0.000000 0.000000 0.000000 0.000000 0.000000 0.000000 0.000000 0.000000