geotop/1.0zi/1.0Montebello/Templates/testdem/maps/_Eocsilt6952.asc
ncols         21
nrows         20
xllcorner     100.000000
yllcorner     100.000000
cellsize      50.000000
NODATA_value  -9999.0
0.000000 0.000000 0.000000 0.000000 0.000000 0.000000 0.000000 0.000000 0.000000 0.000000 0.000000 0.000000 0.000000 0.000000 0.000000 0.000000 0.000000 0.000000 0.000000 0.000000 0.000000
0.000000 0.000000 0.350139 0.350139 0.350139 0.350140 0.350139 0.350140 0.350140 0.350139 0.350140 0.350139 0.350139 0.350139 0.350139 0.350139 0.350140 0.350140 0.350139 0.000000 0.000000
0.000000 0.000000 0.350003 0.350003 0.350003 0.350003 0.350003 0.350003 0.350003 0.350003 0.350003 0.350003 0.350004 0.350004 0.350003 0.350003 0.350001 0.350001 0.350003 0.000000 0.000000
0.000000 0.000000 0.350060 0.350057 0.350056 0.350050 0.350051 0.350049 0.350051 0.350052 0.350050 0.350050 0.350050 0.350050 0.350052 0.350055 0.350058 0.350059 0.350059 0.000000 0.000000
0.000000 0.000000 0.350728 0.350734 0.350730 0.350722 0.350718 0.350711 0.350709 0.350707 0.350707 0.350710 0.350710 0.350711 0.350721 0.350725 0.350724 0.350731 0.350736 0.000000 0.000000
0.000000 0.000000 0.352745 0.352747 0.352738 0.352725 0.352709 0.352690 0.352690 0.352684 0.352689 0.352691 0.352691 0.352689 0.352698 0.352708 0.352717 0.352722 0.352728 0.000000 0.000000
0.000000 0.000000 0.355747 0.355744 0.355735 0.355712 0.355686 0.355658 0.355659 0.355656 0.355657 0.355657 0.355653 0.355658 0.355680 0.355703 0.355716 0.355728 0.355736 0.000000 0.000000
0.000000 0.000000 0.359352 0.359351 0.359347 0.359324 0.359299 0.359268 0.359269 0.359265 0.359264 0.359263 0.359261 0.359265 0.359291 0.359315 0.359335 0.359339 0.359351 0.000000 0.000000
0.000000 0.000000 0.363167 0.363160 0.363148 0.363133 0.363107 0.363072 0.363074 0.363066 0.363064 0.363064 0.363065 0.363063 0.363096 0.363124 0.363141 0.363148 0.363159 0.000000 0.000000
0.000000 0.000000 0.367080 0.367073 0.367067 0.367054 0.367017 0.366987 0.366988 0.366983 0.366979 0.366982 0.366987 0.366983 0.367011 0.367042 0.367060 0.367065 0.367072 0.000000 0.000000
0.000000 0.000000 0.371186 0.371181 0.371176 0.371146 0.371122 0.371087 0.371095 0.371075 0.371078 0.371078 0.371072 0.371083 0.371106 0.371126 0.371148 0.371159 0.371176 0.000000 0.000000
0.000000 0.000000 0.375601 0.375590 0.375577 0.375557 0.375532 0.375489 0.375488 0.375480 0.375491 0.375478 0.375481 0.375484 0.375525 0.375547 0.375562 0.375570 0.375611 0.000000 0.000000
0.000000 0.000000 0.380234 0.380222 0.380217 0.380192 0.380170 0.380072 0.380071 0.380063 0.380040 0.380052 0.380058 0.380067 0.380140 0.380162 0.380198 0.380201 0.380228 0.000000 0.000000
0.000000 0.000000 0.385423 0.385418 0.385399 0.385381 0.385275 0.385262 0.385239 0.385238 0.385238 0.385237 0.385235 0.385231 0.385233 0.385346 0.385371 0.385400 0.385430 0.000000 0.000000
0.000000 0.000000 0.391307 0.391298 0.391273 0.391149 0.391132 0.391071 0.391034 0.391027 0.391007 0.390991 0.391005 0.390999 0.391054 0.391084 0.391251 0.391232 0.391246 0.000000 0.000000
0.000000 0.000000 0.397682 0.397673 0.397501 0.397505 0.397498 0.397462 0.397511 0.397489 0.397514 0.397497 0.397474 0.397514 0.397534 0.397545 0.397482 0.397708 0.397709 0.000000 0.000000
0.000000 0.000000 0.405339 0.405084 0.405060 0.404981 0.404855 0.404813 0.404772 0.404778 0.404716 0.404717 0.404748 0.404723 0.404784 0.404879 0.405046 0.405014 0.405276 0.000000 0.000000
0.000000 0.000000 0.409975 0.410100 0.410338 0.410302 0.410257 0.410030 0.410038 0.409981 0.410048 0.410031 0.410034 0.410051 0.410253 0.410286 0.410378 0.410152 0.410039 0.000000 0.000000
0.000000 0.000000 0.350000 0.350000 0.350000 0.350000 0.350000 0.350000 0.350000 0.350000 0.350000 0.350000 0.350000 0.350000 0.350000 0.350000 0.350000 0.350000 0.350000 0.000000 0.000000
0.000000 0.000000 0.000000 0.000000 0.000000 0.000000 0.000000 0.000000 0.000000 0.000000 0.000000 0.000000 0.000000 0.000000 0.000000 0.000000 0.000000 0.000000 0.000000 0.000000 0.000000