geotop/1.0zi/1.0Montebello/Templates/testdem/maps/_Eocsand2483.asc
ncols         21
nrows         20
xllcorner     100.000000
yllcorner     100.000000
cellsize      50.000000
NODATA_value  -9999.0
0.000000 0.000000 0.000000 0.000000 0.000000 0.000000 0.000000 0.000000 0.000000 0.000000 0.000000 0.000000 0.000000 0.000000 0.000000 0.000000 0.000000 0.000000 0.000000 0.000000 0.000000
0.000000 0.000000 0.300074 0.300074 0.300074 0.300074 0.300074 0.300074 0.300074 0.300074 0.300076 0.300074 0.300074 0.300074 0.300074 0.300074 0.300074 0.300074 0.300074 0.000000 0.000000
0.000000 0.000000 0.300012 0.300013 0.300013 0.300012 0.300013 0.300012 0.300013 0.300013 0.300011 0.300013 0.300013 0.300012 0.300013 0.300012 0.300013 0.300013 0.300012 0.000000 0.000000
0.000000 0.000000 0.298375 0.298375 0.298380 0.298378 0.298374 0.298375 0.298375 0.298374 0.298374 0.298374 0.298375 0.298375 0.298374 0.298378 0.298380 0.298375 0.298375 0.000000 0.000000
0.000000 0.000000 0.291496 0.291498 0.291501 0.291501 0.291495 0.291497 0.291497 0.291494 0.291494 0.291494 0.291497 0.291497 0.291495 0.291501 0.291501 0.291498 0.291496 0.000000 0.000000
0.000000 0.000000 0.283145 0.283147 0.283150 0.283149 0.283144 0.283146 0.283146 0.283144 0.283143 0.283144 0.283146 0.283146 0.283144 0.283149 0.283150 0.283147 0.283145 0.000000 0.000000
0.000000 0.000000 0.275373 0.275374 0.275376 0.275376 0.275372 0.275373 0.275373 0.275372 0.275371 0.275372 0.275373 0.275373 0.275372 0.275376 0.275376 0.275374 0.275373 0.000000 0.000000
0.000000 0.000000 0.268259 0.268260 0.268262 0.268261 0.268258 0.268259 0.268259 0.268258 0.268257 0.268258 0.268259 0.268259 0.268258 0.268261 0.268262 0.268260 0.268259 0.000000 0.000000
0.000000 0.000000 0.261629 0.261630 0.261632 0.261632 0.261629 0.261630 0.261630 0.261628 0.261628 0.261628 0.261630 0.261630 0.261629 0.261632 0.261632 0.261630 0.261629 0.000000 0.000000
0.000000 0.000000 0.255331 0.255332 0.255334 0.255333 0.255330 0.255331 0.255331 0.255330 0.255330 0.255330 0.255331 0.255331 0.255330 0.255333 0.255334 0.255332 0.255331 0.000000 0.000000
0.000000 0.000000 0.249291 0.249291 0.249294 0.249293 0.249290 0.249291 0.249291 0.249290 0.249289 0.249290 0.249291 0.249291 0.249290 0.249293 0.249294 0.249291 0.249291 0.000000 0.000000
0.000000 0.000000 0.243452 0.243453 0.243455 0.243454 0.243452 0.243453 0.243453 0.243451 0.243451 0.243451 0.243453 0.243453 0.243452 0.243454 0.243455 0.243453 0.243452 0.000000 0.000000
0.000000 0.000000 0.237775 0.237775 0.237778 0.237777 0.237774 0.237775 0.237775 0.237774 0.237773 0.237774 0.237775 0.237775 0.237774 0.237777 0.237778 0.237775 0.237775 0.000000 0.000000
0.000000 0.000000 0.232229 0.232230 0.232232 0.232231 0.232229 0.232230 0.232230 0.232228 0.232228 0.232228 0.232230 0.232230 0.232229 0.232231 0.232232 0.232230 0.232229 0.000000 0.000000
0.000000 0.000000 0.226796 0.226796 0.226799 0.226798 0.226795 0.226796 0.226796 0.226795 0.226795 0.226795 0.226796 0.226796 0.226795 0.226798 0.226799 0.226796 0.226796 0.000000 0.000000
0.000000 0.000000 0.221465 0.221465 0.221468 0.221467 0.221464 0.221465 0.221465 0.221464 0.221464 0.221464 0.221465 0.221465 0.221464 0.221467 0.221468 0.221465 0.221465 0.000000 0.000000
0.000000 0.000000 0.216231 0.216232 0.216234 0.216233 0.216231 0.216232 0.216232 0.216230 0.216230 0.216230 0.216232 0.216232 0.216231 0.216233 0.216234 0.216232 0.216231 0.000000 0.000000
0.000000 0.000000 0.211010 0.211010 0.211012 0.211011 0.211009 0.211010 0.211009 0.211008 0.211008 0.211008 0.211009 0.211010 0.211009 0.211011 0.211012 0.211010 0.211009 0.000000 0.000000
0.000000 0.000000 0.300000 0.300000 0.300000 0.300000 0.300000 0.300000 0.300000 0.300000 0.300000 0.300000 0.300000 0.300000 0.300000 0.300000 0.300000 0.300000 0.300000 0.000000 0.000000
0.000000 0.000000 0.000000 0.000000 0.000000 0.000000 0.000000 0.000000 0.000000 0.000000 0.000000 0.000000 0.000000 0.000000 0.000000 0.000000 0.000000 0.000000 0.000000 0.000000 0.000000