geotop/1.0zi/1.0Montebello/Templates/testdem/maps/_Eocsand5564.asc
ncols         21
nrows         20
xllcorner     100.000000
yllcorner     100.000000
cellsize      50.000000
NODATA_value  -9999.0
0.000000 0.000000 0.000000 0.000000 0.000000 0.000000 0.000000 0.000000 0.000000 0.000000 0.000000 0.000000 0.000000 0.000000 0.000000 0.000000 0.000000 0.000000 0.000000 0.000000 0.000000
0.000000 0.000000 0.300140 0.300139 0.300139 0.300139 0.300139 0.300138 0.300139 0.300139 0.300139 0.300139 0.300139 0.300139 0.300139 0.300139 0.300139 0.300139 0.300139 0.000000 0.000000
0.000000 0.000000 0.300009 0.300008 0.300008 0.300008 0.300008 0.300008 0.300007 0.300008 0.300008 0.300008 0.300007 0.300007 0.300007 0.300008 0.300009 0.300009 0.300009 0.000000 0.000000
0.000000 0.000000 0.299967 0.299966 0.299969 0.299973 0.299971 0.299972 0.299970 0.299972 0.299971 0.299973 0.299972 0.299974 0.299969 0.299965 0.299965 0.299963 0.299965 0.000000 0.000000
0.000000 0.000000 0.299020 0.299018 0.299019 0.299027 0.299041 0.299050 0.299050 0.299050 0.299054 0.299052 0.299055 0.299054 0.299043 0.299042 0.299037 0.299026 0.299019 0.000000 0.000000
0.000000 0.000000 0.296025 0.296020 0.296030 0.296061 0.296077 0.296111 0.296113 0.296121 0.296113 0.296111 0.296107 0.296110 0.296101 0.296084 0.296070 0.296054 0.296045 0.000000 0.000000
0.000000 0.000000 0.291554 0.291559 0.291564 0.291598 0.291638 0.291687 0.291686 0.291692 0.291687 0.291685 0.291688 0.291687 0.291653 0.291617 0.291600 0.291582 0.291569 0.000000 0.000000
0.000000 0.000000 0.286134 0.286134 0.286135 0.286171 0.286210 0.286263 0.286261 0.286267 0.286266 0.286267 0.286271 0.286264 0.286226 0.286192 0.286162 0.286154 0.286136 0.000000 0.000000
0.000000 0.000000 0.280555 0.280563 0.280575 0.280596 0.280635 0.280691 0.280688 0.280698 0.280702 0.280699 0.280700 0.280705 0.280655 0.280617 0.280590 0.280582 0.280566 0.000000 0.000000
0.000000 0.000000 0.274950 0.274959 0.274962 0.274977 0.275033 0.275082 0.275078 0.275085 0.275092 0.275084 0.275078 0.275085 0.275046 0.275002 0.274975 0.274971 0.274959 0.000000 0.000000
0.000000 0.000000 0.269175 0.269181 0.269181 0.269220 0.269258 0.269313 0.269301 0.269327 0.269326 0.269323 0.269330 0.269317 0.269286 0.269259 0.269229 0.269212 0.269188 0.000000 0.000000
0.000000 0.000000 0.263131 0.263144 0.263158 0.263185 0.263218 0.263284 0.263280 0.263296 0.263279 0.263295 0.263293 0.263288 0.263232 0.263207 0.263186 0.263177 0.263115 0.000000 0.000000
0.000000 0.000000 0.256941 0.256953 0.256956 0.256987 0.257017 0.257148 0.257147 0.257159 0.257186 0.257171 0.257161 0.257152 0.257059 0.257036 0.256989 0.256985 0.256940 0.000000 0.000000
0.000000 0.000000 0.250240 0.250249 0.250263 0.250283 0.250407 0.250441 0.250470 0.250471 0.250481 0.250476 0.250475 0.250480 0.250467 0.250345 0.250305 0.250273 0.250228 0.000000 0.000000
0.000000 0.000000 0.242887 0.242897 0.242922 0.243049 0.243090 0.243164 0.243215 0.243222 0.243247 0.243260 0.243245 0.243257 0.243204 0.243145 0.242961 0.242976 0.242948 0.000000 0.000000
0.000000 0.000000 0.235128 0.235137 0.235300 0.235330 0.235339 0.235388 0.235356 0.235376 0.235362 0.235381 0.235401 0.235369 0.235342 0.235326 0.235336 0.235125 0.235118 0.000000 0.000000
0.000000 0.000000 0.226288 0.226510 0.226590 0.226654 0.226759 0.226813 0.226830 0.226834 0.226881 0.226889 0.226870 0.226878 0.226820 0.226743 0.226617 0.226562 0.226337 0.000000 0.000000
0.000000 0.000000 0.219765 0.219762 0.219563 0.219618 0.219704 0.219913 0.219918 0.219965 0.219936 0.219949 0.219934 0.219931 0.219742 0.219683 0.219540 0.219745 0.219734 0.000000 0.000000
0.000000 0.000000 0.300000 0.300000 0.300000 0.300000 0.300000 0.300000 0.300000 0.300000 0.300000 0.300000 0.300000 0.300000 0.300000 0.300000 0.300000 0.300000 0.300000 0.000000 0.000000
0.000000 0.000000 0.000000 0.000000 0.000000 0.000000 0.000000 0.000000 0.000000 0.000000 0.000000 0.000000 0.000000 0.000000 0.000000 0.000000 0.000000 0.000000 0.000000 0.000000 0.000000