geotop/1.0zi/1.0Montebello/Templates/testdem/maps/_Eocsilt159Q.asc
ncols         21
nrows         20
xllcorner     100.000000
yllcorner     100.000000
cellsize      50.000000
NODATA_value  -9999.0
0.000000 0.000000 0.000000 0.000000 0.000000 0.000000 0.000000 0.000000 0.000000 0.000000 0.000000 0.000000 0.000000 0.000000 0.000000 0.000000 0.000000 0.000000 0.000000 0.000000 0.000000
0.000000 0.000000 0.350255 0.350256 0.350256 0.350256 0.350255 0.350255 0.350255 0.350255 0.350255 0.350255 0.350255 0.350255 0.350255 0.350255 0.350256 0.350256 0.350255 0.000000 0.000000
0.000000 0.000000 0.350013 0.350013 0.350013 0.350013 0.350014 0.350013 0.350014 0.350014 0.350014 0.350014 0.350014 0.350014 0.350013 0.350013 0.350011 0.350011 0.350013 0.000000 0.000000
0.000000 0.000000 0.350249 0.350247 0.350238 0.350234 0.350234 0.350224 0.350227 0.350229 0.350225 0.350229 0.350229 0.350232 0.350230 0.350234 0.350239 0.350244 0.350245 0.000000 0.000000
0.000000 0.000000 0.352183 0.352187 0.352175 0.352155 0.352141 0.352134 0.352133 0.352129 0.352125 0.352131 0.352136 0.352132 0.352147 0.352158 0.352165 0.352172 0.352179 0.000000 0.000000
0.000000 0.000000 0.357088 0.357080 0.357060 0.357026 0.356988 0.356958 0.356954 0.356948 0.356944 0.356946 0.356952 0.356947 0.356966 0.356996 0.357010 0.357023 0.357029 0.000000 0.000000
0.000000 0.000000 0.363951 0.363938 0.363913 0.363865 0.363816 0.363747 0.363743 0.363739 0.363731 0.363731 0.363728 0.363732 0.363783 0.363824 0.363850 0.363873 0.363879 0.000000 0.000000
0.000000 0.000000 0.372247 0.372230 0.372206 0.372144 0.372089 0.372022 0.372015 0.372009 0.371998 0.371996 0.371993 0.372002 0.372049 0.372099 0.372141 0.372151 0.372167 0.000000 0.000000
0.000000 0.000000 0.381785 0.381758 0.381718 0.381667 0.381603 0.381516 0.381513 0.381499 0.381486 0.381483 0.381487 0.381481 0.381555 0.381615 0.381649 0.381668 0.381682 0.000000 0.000000
0.000000 0.000000 0.392916 0.392876 0.392837 0.392782 0.392705 0.392613 0.392600 0.392593 0.392570 0.392577 0.392592 0.392586 0.392643 0.392725 0.392768 0.392789 0.392793 0.000000 0.000000
0.000000 0.000000 0.406376 0.406336 0.406302 0.406162 0.406131 0.405998 0.406018 0.405953 0.405959 0.405947 0.405922 0.405959 0.406029 0.406080 0.406145 0.406171 0.406228 0.000000 0.000000
0.000000 0.000000 0.422868 0.422783 0.422682 0.422635 0.422562 0.422388 0.422356 0.422374 0.422381 0.422328 0.422359 0.422338 0.422482 0.422580 0.422605 0.422631 0.422739 0.000000 0.000000
0.000000 0.000000 0.440599 0.440531 0.440522 0.440386 0.440304 0.439851 0.439820 0.439791 0.439604 0.439739 0.439733 0.439776 0.440094 0.440157 0.440331 0.440352 0.440324 0.000000 0.000000
0.000000 0.000000 0.457424 0.457413 0.457295 0.457251 0.456837 0.457072 0.456975 0.456979 0.457068 0.456981 0.456970 0.456912 0.456715 0.457181 0.457164 0.457269 0.457325 0.000000 0.000000
0.000000 0.000000 0.467288 0.467272 0.467223 0.467070 0.467033 0.466991 0.466954 0.466945 0.466927 0.466900 0.466915 0.466904 0.466944 0.466983 0.467168 0.467150 0.467153 0.000000 0.000000
0.000000 0.000000 0.472961 0.472946 0.472943 0.472759 0.472820 0.472723 0.472687 0.472679 0.472637 0.472624 0.472647 0.472640 0.472729 0.472669 0.472916 0.472828 0.472821 0.000000 0.000000
0.000000 0.000000 0.476124 0.476203 0.476059 0.476064 0.476129 0.476094 0.476157 0.476133 0.476169 0.476154 0.476127 0.476169 0.476178 0.476124 0.476040 0.476234 0.476131 0.000000 0.000000
0.000000 0.000000 0.479541 0.479382 0.479247 0.479206 0.479185 0.479228 0.479220 0.479237 0.479185 0.479189 0.479198 0.479190 0.479157 0.479168 0.479216 0.479325 0.479471 0.000000 0.000000
0.000000 0.000000 0.350000 0.350000 0.350000 0.350000 0.350000 0.350000 0.350000 0.350000 0.350000 0.350000 0.350000 0.350000 0.350000 0.350000 0.350000 0.350000 0.350000 0.000000 0.000000
0.000000 0.000000 0.000000 0.000000 0.000000 0.000000 0.000000 0.000000 0.000000 0.000000 0.000000 0.000000 0.000000 0.000000 0.000000 0.000000 0.000000 0.000000 0.000000 0.000000 0.000000