geotop/1.0zi/1.0Montebello/Templates/testdem/maps/_Eocsilt7693.asc
ncols         21
nrows         20
xllcorner     100.000000
yllcorner     100.000000
cellsize      50.000000
NODATA_value  -9999.0
0.000000 0.000000 0.000000 0.000000 0.000000 0.000000 0.000000 0.000000 0.000000 0.000000 0.000000 0.000000 0.000000 0.000000 0.000000 0.000000 0.000000 0.000000 0.000000 0.000000 0.000000
0.000000 0.000000 0.350158 0.350158 0.350159 0.350159 0.350158 0.350159 0.350159 0.350158 0.350159 0.350158 0.350158 0.350158 0.350158 0.350158 0.350159 0.350159 0.350158 0.000000 0.000000
0.000000 0.000000 0.350005 0.350005 0.350004 0.350004 0.350005 0.350005 0.350005 0.350005 0.350005 0.350005 0.350006 0.350006 0.350005 0.350004 0.350003 0.350003 0.350004 0.000000 0.000000
0.000000 0.000000 0.350103 0.350099 0.350098 0.350091 0.350093 0.350087 0.350090 0.350090 0.350087 0.350089 0.350089 0.350089 0.350092 0.350095 0.350099 0.350098 0.350099 0.000000 0.000000
0.000000 0.000000 0.350968 0.350974 0.350970 0.350959 0.350954 0.350947 0.350943 0.350942 0.350942 0.350942 0.350943 0.350945 0.350958 0.350963 0.350965 0.350975 0.350978 0.000000 0.000000
0.000000 0.000000 0.353411 0.353413 0.353403 0.353387 0.353369 0.353348 0.353347 0.353341 0.353345 0.353345 0.353347 0.353346 0.353358 0.353369 0.353381 0.353389 0.353395 0.000000 0.000000
0.000000 0.000000 0.356949 0.356945 0.356934 0.356909 0.356879 0.356846 0.356847 0.356843 0.356844 0.356842 0.356839 0.356845 0.356873 0.356898 0.356915 0.356930 0.356937 0.000000 0.000000
0.000000 0.000000 0.361157 0.361156 0.361150 0.361124 0.361095 0.361059 0.361058 0.361054 0.361053 0.361050 0.361048 0.361055 0.361086 0.361113 0.361138 0.361144 0.361156 0.000000 0.000000
0.000000 0.000000 0.365661 0.365653 0.365639 0.365621 0.365591 0.365550 0.365552 0.365542 0.365540 0.365538 0.365540 0.365539 0.365579 0.365611 0.365631 0.365642 0.365652 0.000000 0.000000
0.000000 0.000000 0.370361 0.370352 0.370345 0.370328 0.370285 0.370248 0.370249 0.370244 0.370238 0.370241 0.370246 0.370244 0.370278 0.370314 0.370337 0.370344 0.370351 0.000000 0.000000
0.000000 0.000000 0.375386 0.375380 0.375372 0.375335 0.375305 0.375264 0.375273 0.375250 0.375253 0.375252 0.375244 0.375259 0.375289 0.375312 0.375340 0.375355 0.375374 0.000000 0.000000
0.000000 0.000000 0.380901 0.380886 0.380870 0.380846 0.380813 0.380760 0.380758 0.380750 0.380762 0.380745 0.380750 0.380754 0.380807 0.380834 0.380854 0.380865 0.380912 0.000000 0.000000
0.000000 0.000000 0.386792 0.386777 0.386770 0.386738 0.386709 0.386580 0.386578 0.386569 0.386537 0.386553 0.386560 0.386573 0.386672 0.386699 0.386748 0.386754 0.386780 0.000000 0.000000
0.000000 0.000000 0.393575 0.393569 0.393544 0.393520 0.393367 0.393367 0.393335 0.393334 0.393340 0.393332 0.393329 0.393323 0.393318 0.393477 0.393508 0.393551 0.393583 0.000000 0.000000
0.000000 0.000000 0.401454 0.401441 0.401408 0.401220 0.401219 0.401126 0.401079 0.401068 0.401037 0.401013 0.401034 0.401029 0.401119 0.401133 0.401383 0.401351 0.401360 0.000000 0.000000
0.000000 0.000000 0.410085 0.410071 0.409803 0.409849 0.409833 0.409796 0.409887 0.409853 0.409900 0.409877 0.409837 0.409903 0.409921 0.409935 0.409779 0.410153 0.410149 0.000000 0.000000
0.000000 0.000000 0.420738 0.420318 0.420356 0.420212 0.420001 0.419938 0.419842 0.419862 0.419746 0.419753 0.419816 0.419760 0.419864 0.420020 0.420340 0.420183 0.420616 0.000000 0.000000
0.000000 0.000000 0.425716 0.426050 0.426432 0.426411 0.426396 0.426038 0.426078 0.425978 0.426124 0.426092 0.426078 0.426125 0.426434 0.426443 0.426500 0.426178 0.425854 0.000000 0.000000
0.000000 0.000000 0.350000 0.350000 0.350000 0.350000 0.350000 0.350000 0.350000 0.350000 0.350000 0.350000 0.350000 0.350000 0.350000 0.350000 0.350000 0.350000 0.350000 0.000000 0.000000
0.000000 0.000000 0.000000 0.000000 0.000000 0.000000 0.000000 0.000000 0.000000 0.000000 0.000000 0.000000 0.000000 0.000000 0.000000 0.000000 0.000000 0.000000 0.000000 0.000000 0.000000