geotop/1.0zi/1.0Montebello/Templates/testdem/maps/_Eocclay2699.asc
ncols         21
nrows         20
xllcorner     100.000000
yllcorner     100.000000
cellsize      50.000000
NODATA_value  -9999.0
0.000000 0.000000 0.000000 0.000000 0.000000 0.000000 0.000000 0.000000 0.000000 0.000000 0.000000 0.000000 0.000000 0.000000 0.000000 0.000000 0.000000 0.000000 0.000000 0.000000 0.000000
0.000000 0.000000 0.349853 0.349853 0.349853 0.349852 0.349853 0.349853 0.349853 0.349853 0.349852 0.349853 0.349853 0.349853 0.349853 0.349852 0.349853 0.349853 0.349853 0.000000 0.000000
0.000000 0.000000 0.349990 0.349990 0.349989 0.349990 0.349990 0.349990 0.349990 0.349990 0.349990 0.349990 0.349990 0.349990 0.349990 0.349990 0.349989 0.349990 0.349990 0.000000 0.000000
0.000000 0.000000 0.350840 0.350840 0.350838 0.350839 0.350840 0.350840 0.350840 0.350840 0.350840 0.350840 0.350840 0.350840 0.350840 0.350839 0.350838 0.350840 0.350840 0.000000 0.000000
0.000000 0.000000 0.354725 0.354724 0.354722 0.354723 0.354726 0.354725 0.354725 0.354727 0.354727 0.354727 0.354725 0.354725 0.354726 0.354723 0.354722 0.354724 0.354725 0.000000 0.000000
0.000000 0.000000 0.359210 0.359210 0.359208 0.359208 0.359211 0.359210 0.359210 0.359211 0.359211 0.359211 0.359210 0.359210 0.359211 0.359208 0.359208 0.359210 0.359210 0.000000 0.000000
0.000000 0.000000 0.363468 0.363468 0.363466 0.363467 0.363469 0.363468 0.363468 0.363469 0.363469 0.363469 0.363468 0.363468 0.363469 0.363467 0.363466 0.363468 0.363468 0.000000 0.000000
0.000000 0.000000 0.367373 0.367373 0.367372 0.367372 0.367374 0.367373 0.367373 0.367374 0.367374 0.367374 0.367373 0.367373 0.367374 0.367372 0.367372 0.367373 0.367373 0.000000 0.000000
0.000000 0.000000 0.371009 0.371009 0.371007 0.371008 0.371009 0.371009 0.371009 0.371009 0.371010 0.371009 0.371009 0.371009 0.371009 0.371008 0.371007 0.371009 0.371009 0.000000 0.000000
0.000000 0.000000 0.374458 0.374457 0.374456 0.374457 0.374458 0.374457 0.374457 0.374458 0.374458 0.374458 0.374457 0.374457 0.374458 0.374457 0.374456 0.374457 0.374458 0.000000 0.000000
0.000000 0.000000 0.377760 0.377760 0.377759 0.377759 0.377760 0.377760 0.377760 0.377761 0.377761 0.377761 0.377760 0.377760 0.377760 0.377759 0.377759 0.377760 0.377760 0.000000 0.000000
0.000000 0.000000 0.380948 0.380948 0.380947 0.380947 0.380948 0.380948 0.380948 0.380949 0.380949 0.380949 0.380948 0.380948 0.380948 0.380947 0.380947 0.380948 0.380948 0.000000 0.000000
0.000000 0.000000 0.384045 0.384045 0.384044 0.384044 0.384046 0.384045 0.384045 0.384046 0.384046 0.384046 0.384045 0.384045 0.384046 0.384044 0.384044 0.384045 0.384045 0.000000 0.000000
0.000000 0.000000 0.387067 0.387067 0.387066 0.387066 0.387067 0.387067 0.387067 0.387068 0.387068 0.387068 0.387067 0.387067 0.387067 0.387066 0.387066 0.387067 0.387067 0.000000 0.000000
0.000000 0.000000 0.390022 0.390022 0.390021 0.390021 0.390022 0.390022 0.390022 0.390022 0.390023 0.390022 0.390022 0.390022 0.390022 0.390021 0.390021 0.390022 0.390022 0.000000 0.000000
0.000000 0.000000 0.392916 0.392915 0.392914 0.392915 0.392916 0.392915 0.392915 0.392916 0.392916 0.392916 0.392915 0.392915 0.392916 0.392915 0.392914 0.392915 0.392916 0.000000 0.000000
0.000000 0.000000 0.395752 0.395752 0.395750 0.395751 0.395752 0.395752 0.395752 0.395752 0.395753 0.395752 0.395752 0.395752 0.395752 0.395751 0.395750 0.395752 0.395752 0.000000 0.000000
0.000000 0.000000 0.398573 0.398573 0.398572 0.398573 0.398574 0.398573 0.398573 0.398574 0.398574 0.398574 0.398573 0.398573 0.398574 0.398573 0.398572 0.398573 0.398574 0.000000 0.000000
0.000000 0.000000 0.350000 0.350000 0.350000 0.350000 0.350000 0.350000 0.350000 0.350000 0.350000 0.350000 0.350000 0.350000 0.350000 0.350000 0.350000 0.350000 0.350000 0.000000 0.000000
0.000000 0.000000 0.000000 0.000000 0.000000 0.000000 0.000000 0.000000 0.000000 0.000000 0.000000 0.000000 0.000000 0.000000 0.000000 0.000000 0.000000 0.000000 0.000000 0.000000 0.000000