geotop/1.0zi/1.0Montebello/Templates/testdem/maps/_Eocsand5090.asc
ncols         21
nrows         20
xllcorner     100.000000
yllcorner     100.000000
cellsize      50.000000
NODATA_value  -9999.0
0.000000 0.000000 0.000000 0.000000 0.000000 0.000000 0.000000 0.000000 0.000000 0.000000 0.000000 0.000000 0.000000 0.000000 0.000000 0.000000 0.000000 0.000000 0.000000 0.000000 0.000000
0.000000 0.000000 0.300124 0.300123 0.300123 0.300123 0.300123 0.300122 0.300123 0.300123 0.300123 0.300123 0.300123 0.300123 0.300123 0.300123 0.300123 0.300123 0.300123 0.000000 0.000000
0.000000 0.000000 0.300008 0.300007 0.300007 0.300007 0.300007 0.300007 0.300006 0.300007 0.300007 0.300007 0.300006 0.300006 0.300007 0.300007 0.300008 0.300009 0.300008 0.000000 0.000000
0.000000 0.000000 0.299974 0.299973 0.299975 0.299979 0.299976 0.299978 0.299976 0.299977 0.299976 0.299978 0.299978 0.299980 0.299976 0.299972 0.299973 0.299970 0.299973 0.000000 0.000000
0.000000 0.000000 0.299191 0.299189 0.299190 0.299200 0.299211 0.299216 0.299217 0.299219 0.299223 0.299219 0.299222 0.299220 0.299211 0.299211 0.299205 0.299197 0.299190 0.000000 0.000000
0.000000 0.000000 0.296538 0.296533 0.296543 0.296570 0.296582 0.296610 0.296614 0.296622 0.296615 0.296613 0.296606 0.296606 0.296599 0.296583 0.296571 0.296560 0.296551 0.000000 0.000000
0.000000 0.000000 0.292527 0.292530 0.292540 0.292569 0.292604 0.292644 0.292644 0.292650 0.292645 0.292646 0.292646 0.292641 0.292612 0.292579 0.292564 0.292548 0.292535 0.000000 0.000000
0.000000 0.000000 0.287684 0.287687 0.287689 0.287720 0.287757 0.287800 0.287798 0.287804 0.287804 0.287804 0.287806 0.287803 0.287766 0.287730 0.287710 0.287700 0.287686 0.000000 0.000000
0.000000 0.000000 0.282716 0.282723 0.282732 0.282758 0.282792 0.282840 0.282838 0.282845 0.282846 0.282843 0.282845 0.282842 0.282806 0.282767 0.282749 0.282737 0.282719 0.000000 0.000000
0.000000 0.000000 0.277751 0.277756 0.277762 0.277782 0.277823 0.277868 0.277863 0.277869 0.277869 0.277868 0.277871 0.277872 0.277828 0.277792 0.277781 0.277769 0.277755 0.000000 0.000000
0.000000 0.000000 0.272675 0.272682 0.272685 0.272715 0.272747 0.272797 0.272794 0.272803 0.272805 0.272801 0.272805 0.272804 0.272768 0.272738 0.272712 0.272701 0.272683 0.000000 0.000000
0.000000 0.000000 0.267402 0.267407 0.267415 0.267445 0.267478 0.267529 0.267531 0.267536 0.267537 0.267538 0.267539 0.267539 0.267492 0.267457 0.267441 0.267431 0.267378 0.000000 0.000000
0.000000 0.000000 0.262034 0.262042 0.262052 0.262075 0.262116 0.262225 0.262224 0.262232 0.262234 0.262232 0.262237 0.262234 0.262140 0.262098 0.262079 0.262067 0.262036 0.000000 0.000000
0.000000 0.000000 0.256284 0.256300 0.256306 0.256331 0.256444 0.256473 0.256490 0.256496 0.256496 0.256496 0.256501 0.256499 0.256471 0.256362 0.256341 0.256317 0.256297 0.000000 0.000000
0.000000 0.000000 0.250040 0.250051 0.250080 0.250183 0.250234 0.250304 0.250338 0.250347 0.250364 0.250365 0.250358 0.250367 0.250315 0.250246 0.250120 0.250124 0.250106 0.000000 0.000000
0.000000 0.000000 0.243528 0.243540 0.243665 0.243695 0.243728 0.243764 0.243765 0.243766 0.243759 0.243761 0.243777 0.243749 0.243732 0.243706 0.243704 0.243558 0.243525 0.000000 0.000000
0.000000 0.000000 0.236200 0.236372 0.236467 0.236519 0.236612 0.236663 0.236674 0.236680 0.236701 0.236699 0.236694 0.236708 0.236668 0.236567 0.236498 0.236439 0.236263 0.000000 0.000000
0.000000 0.000000 0.230632 0.230648 0.230521 0.230583 0.230653 0.230827 0.230843 0.230857 0.230848 0.230850 0.230859 0.230842 0.230685 0.230611 0.230525 0.230675 0.230624 0.000000 0.000000
0.000000 0.000000 0.300000 0.300000 0.300000 0.300000 0.300000 0.300000 0.300000 0.300000 0.300000 0.300000 0.300000 0.300000 0.300000 0.300000 0.300000 0.300000 0.300000 0.000000 0.000000
0.000000 0.000000 0.000000 0.000000 0.000000 0.000000 0.000000 0.000000 0.000000 0.000000 0.000000 0.000000 0.000000 0.000000 0.000000 0.000000 0.000000 0.000000 0.000000 0.000000 0.000000