geotop/1.0zi/1.0Montebello/Templates/testdem/maps/_Eocsilt7345.asc
ncols         21
nrows         20
xllcorner     100.000000
yllcorner     100.000000
cellsize      50.000000
NODATA_value  -9999.0
0.000000 0.000000 0.000000 0.000000 0.000000 0.000000 0.000000 0.000000 0.000000 0.000000 0.000000 0.000000 0.000000 0.000000 0.000000 0.000000 0.000000 0.000000 0.000000 0.000000 0.000000
0.000000 0.000000 0.350152 0.350153 0.350153 0.350153 0.350153 0.350153 0.350153 0.350153 0.350153 0.350152 0.350152 0.350152 0.350152 0.350153 0.350153 0.350153 0.350152 0.000000 0.000000
0.000000 0.000000 0.350004 0.350003 0.350003 0.350003 0.350004 0.350004 0.350004 0.350004 0.350004 0.350004 0.350005 0.350004 0.350004 0.350003 0.350002 0.350002 0.350004 0.000000 0.000000
0.000000 0.000000 0.350093 0.350090 0.350088 0.350082 0.350084 0.350079 0.350082 0.350082 0.350079 0.350081 0.350081 0.350081 0.350083 0.350086 0.350089 0.350089 0.350090 0.000000 0.000000
0.000000 0.000000 0.350913 0.350919 0.350914 0.350904 0.350899 0.350892 0.350888 0.350887 0.350887 0.350887 0.350888 0.350890 0.350903 0.350907 0.350909 0.350919 0.350921 0.000000 0.000000
0.000000 0.000000 0.353209 0.353211 0.353201 0.353186 0.353168 0.353148 0.353147 0.353142 0.353145 0.353146 0.353147 0.353146 0.353157 0.353168 0.353180 0.353188 0.353193 0.000000 0.000000
0.000000 0.000000 0.356525 0.356522 0.356511 0.356487 0.356458 0.356427 0.356428 0.356425 0.356425 0.356424 0.356421 0.356426 0.356452 0.356477 0.356493 0.356507 0.356514 0.000000 0.000000
0.000000 0.000000 0.360480 0.360479 0.360474 0.360449 0.360421 0.360387 0.360387 0.360383 0.360382 0.360379 0.360377 0.360383 0.360413 0.360438 0.360462 0.360468 0.360480 0.000000 0.000000
0.000000 0.000000 0.364691 0.364684 0.364670 0.364654 0.364625 0.364586 0.364588 0.364579 0.364577 0.364575 0.364576 0.364575 0.364613 0.364644 0.364663 0.364673 0.364683 0.000000 0.000000
0.000000 0.000000 0.369052 0.369045 0.369038 0.369023 0.368981 0.368947 0.368948 0.368944 0.368938 0.368940 0.368945 0.368943 0.368975 0.369009 0.369031 0.369037 0.369044 0.000000 0.000000
0.000000 0.000000 0.373679 0.373673 0.373666 0.373632 0.373603 0.373565 0.373574 0.373553 0.373555 0.373554 0.373547 0.373560 0.373588 0.373610 0.373636 0.373650 0.373668 0.000000 0.000000
0.000000 0.000000 0.378713 0.378699 0.378684 0.378662 0.378631 0.378583 0.378581 0.378574 0.378585 0.378569 0.378573 0.378577 0.378626 0.378651 0.378669 0.378679 0.378724 0.000000 0.000000
0.000000 0.000000 0.384046 0.384032 0.384026 0.383997 0.383970 0.383854 0.383852 0.383845 0.383816 0.383829 0.383836 0.383847 0.383936 0.383961 0.384006 0.384011 0.384037 0.000000 0.000000
0.000000 0.000000 0.390115 0.390110 0.390087 0.390066 0.389932 0.389927 0.389899 0.389898 0.389900 0.389895 0.389892 0.389888 0.389887 0.390026 0.390055 0.390092 0.390123 0.000000 0.000000
0.000000 0.000000 0.397098 0.397087 0.397057 0.396898 0.396887 0.396809 0.396767 0.396758 0.396731 0.396710 0.396727 0.396722 0.396798 0.396820 0.397034 0.397009 0.397020 0.000000 0.000000
0.000000 0.000000 0.404714 0.404702 0.404478 0.404503 0.404489 0.404452 0.404524 0.404496 0.404531 0.404510 0.404478 0.404532 0.404553 0.404567 0.404456 0.404763 0.404761 0.000000 0.000000
0.000000 0.000000 0.414037 0.413691 0.413697 0.413583 0.413408 0.413354 0.413285 0.413299 0.413206 0.413209 0.413257 0.413217 0.413304 0.413433 0.413682 0.413588 0.413944 0.000000 0.000000
0.000000 0.000000 0.418939 0.419176 0.419497 0.419465 0.419432 0.419129 0.419153 0.419073 0.419181 0.419155 0.419150 0.419183 0.419449 0.419472 0.419554 0.419269 0.419043 0.000000 0.000000
0.000000 0.000000 0.350000 0.350000 0.350000 0.350000 0.350000 0.350000 0.350000 0.350000 0.350000 0.350000 0.350000 0.350000 0.350000 0.350000 0.350000 0.350000 0.350000 0.000000 0.000000
0.000000 0.000000 0.000000 0.000000 0.000000 0.000000 0.000000 0.000000 0.000000 0.000000 0.000000 0.000000 0.000000 0.000000 0.000000 0.000000 0.000000 0.000000 0.000000 0.000000 0.000000