geotop/1.0zi/1.0Montebello/Templates/testdem/maps/_Eocsand7201.asc
ncols         21
nrows         20
xllcorner     100.000000
yllcorner     100.000000
cellsize      50.000000
NODATA_value  -9999.0
0.000000 0.000000 0.000000 0.000000 0.000000 0.000000 0.000000 0.000000 0.000000 0.000000 0.000000 0.000000 0.000000 0.000000 0.000000 0.000000 0.000000 0.000000 0.000000 0.000000 0.000000
0.000000 0.000000 0.300179 0.300177 0.300177 0.300178 0.300177 0.300177 0.300177 0.300177 0.300178 0.300177 0.300177 0.300177 0.300177 0.300177 0.300178 0.300178 0.300178 0.000000 0.000000
0.000000 0.000000 0.300010 0.300011 0.300010 0.300009 0.300010 0.300011 0.300010 0.300010 0.300010 0.300011 0.300009 0.300010 0.300010 0.300010 0.300011 0.300011 0.300012 0.000000 0.000000
0.000000 0.000000 0.299959 0.299957 0.299962 0.299967 0.299965 0.299969 0.299964 0.299968 0.299966 0.299966 0.299966 0.299967 0.299965 0.299960 0.299959 0.299956 0.299956 0.000000 0.000000
0.000000 0.000000 0.298454 0.298450 0.298459 0.298471 0.298490 0.298499 0.298502 0.298502 0.298503 0.298503 0.298506 0.298500 0.298482 0.298478 0.298472 0.298463 0.298450 0.000000 0.000000
0.000000 0.000000 0.293992 0.293992 0.294012 0.294051 0.294080 0.294122 0.294120 0.294133 0.294124 0.294124 0.294122 0.294121 0.294103 0.294075 0.294053 0.294033 0.294020 0.000000 0.000000
0.000000 0.000000 0.287588 0.287594 0.287612 0.287656 0.287712 0.287775 0.287773 0.287783 0.287780 0.287781 0.287784 0.287778 0.287726 0.287676 0.287648 0.287624 0.287607 0.000000 0.000000
0.000000 0.000000 0.279928 0.279931 0.279944 0.279993 0.280047 0.280116 0.280114 0.280122 0.280123 0.280129 0.280133 0.280120 0.280062 0.280015 0.279971 0.279958 0.279933 0.000000 0.000000
0.000000 0.000000 0.271870 0.271884 0.271909 0.271939 0.271996 0.272070 0.272064 0.272082 0.272086 0.272089 0.272088 0.272089 0.272018 0.271959 0.271925 0.271909 0.271888 0.000000 0.000000
0.000000 0.000000 0.263528 0.263544 0.263557 0.263585 0.263666 0.263732 0.263729 0.263738 0.263748 0.263743 0.263734 0.263738 0.263679 0.263612 0.263573 0.263561 0.263545 0.000000 0.000000
0.000000 0.000000 0.254679 0.254690 0.254704 0.254766 0.254819 0.254898 0.254880 0.254921 0.254917 0.254918 0.254932 0.254905 0.254854 0.254812 0.254764 0.254738 0.254701 0.000000 0.000000
0.000000 0.000000 0.245109 0.245134 0.245164 0.245206 0.245264 0.245358 0.245358 0.245375 0.245353 0.245384 0.245378 0.245369 0.245277 0.245231 0.245198 0.245179 0.245091 0.000000 0.000000
0.000000 0.000000 0.234996 0.235022 0.235036 0.235089 0.235140 0.235359 0.235360 0.235377 0.235429 0.235404 0.235391 0.235370 0.235204 0.235156 0.235077 0.235067 0.235013 0.000000 0.000000
0.000000 0.000000 0.223558 0.223570 0.223612 0.223651 0.223898 0.223919 0.223969 0.223972 0.223969 0.223978 0.223983 0.223990 0.223986 0.223730 0.223675 0.223608 0.223545 0.000000 0.000000
0.000000 0.000000 0.210461 0.210482 0.210539 0.210825 0.210857 0.211000 0.211079 0.211097 0.211143 0.211182 0.211151 0.211161 0.211029 0.210973 0.210589 0.210631 0.210604 0.000000 0.000000
0.000000 0.000000 0.196197 0.196220 0.196624 0.196596 0.196619 0.196697 0.196572 0.196625 0.196562 0.196605 0.196661 0.196563 0.196520 0.196495 0.196670 0.196128 0.196127 0.000000 0.000000
0.000000 0.000000 0.178836 0.179450 0.179475 0.179669 0.179980 0.180082 0.180189 0.180172 0.180327 0.180327 0.180246 0.180310 0.180158 0.179927 0.179510 0.179631 0.178997 0.000000 0.000000
0.000000 0.000000 0.169005 0.168640 0.168067 0.168139 0.168225 0.168776 0.168743 0.168884 0.168705 0.168752 0.168753 0.168702 0.168216 0.168154 0.167972 0.168500 0.168838 0.000000 0.000000
0.000000 0.000000 0.300000 0.300000 0.300000 0.300000 0.300000 0.300000 0.300000 0.300000 0.300000 0.300000 0.300000 0.300000 0.300000 0.300000 0.300000 0.300000 0.300000 0.000000 0.000000
0.000000 0.000000 0.000000 0.000000 0.000000 0.000000 0.000000 0.000000 0.000000 0.000000 0.000000 0.000000 0.000000 0.000000 0.000000 0.000000 0.000000 0.000000 0.000000 0.000000 0.000000