geotop/1.0zi/1.0Montebello/Templates/testdem/maps/_Eocclay2274.asc
ncols         21
nrows         20
xllcorner     100.000000
yllcorner     100.000000
cellsize      50.000000
NODATA_value  -9999.0
0.000000 0.000000 0.000000 0.000000 0.000000 0.000000 0.000000 0.000000 0.000000 0.000000 0.000000 0.000000 0.000000 0.000000 0.000000 0.000000 0.000000 0.000000 0.000000 0.000000 0.000000
0.000000 0.000000 0.349876 0.349876 0.349876 0.349876 0.349876 0.349876 0.349876 0.349876 0.349876 0.349876 0.349876 0.349876 0.349876 0.349876 0.349876 0.349876 0.349876 0.000000 0.000000
0.000000 0.000000 0.349991 0.349991 0.349990 0.349991 0.349991 0.349991 0.349991 0.349991 0.349991 0.349991 0.349991 0.349991 0.349991 0.349991 0.349990 0.349991 0.349991 0.000000 0.000000
0.000000 0.000000 0.350711 0.350711 0.350708 0.350710 0.350711 0.350711 0.350710 0.350711 0.350711 0.350711 0.350710 0.350711 0.350711 0.350710 0.350708 0.350711 0.350711 0.000000 0.000000
0.000000 0.000000 0.353944 0.353943 0.353942 0.353942 0.353945 0.353944 0.353944 0.353946 0.353946 0.353946 0.353944 0.353944 0.353945 0.353942 0.353942 0.353943 0.353944 0.000000 0.000000
0.000000 0.000000 0.357713 0.357712 0.357711 0.357711 0.357713 0.357712 0.357712 0.357713 0.357714 0.357713 0.357712 0.357712 0.357713 0.357711 0.357711 0.357712 0.357713 0.000000 0.000000
0.000000 0.000000 0.361282 0.361281 0.361280 0.361280 0.361282 0.361282 0.361282 0.361282 0.361283 0.361282 0.361282 0.361282 0.361282 0.361280 0.361280 0.361281 0.361282 0.000000 0.000000
0.000000 0.000000 0.364561 0.364561 0.364560 0.364560 0.364562 0.364561 0.364561 0.364562 0.364562 0.364562 0.364561 0.364561 0.364562 0.364560 0.364560 0.364561 0.364561 0.000000 0.000000
0.000000 0.000000 0.367624 0.367623 0.367622 0.367622 0.367624 0.367623 0.367623 0.367624 0.367624 0.367624 0.367623 0.367623 0.367624 0.367622 0.367622 0.367623 0.367624 0.000000 0.000000
0.000000 0.000000 0.370542 0.370542 0.370541 0.370541 0.370543 0.370542 0.370542 0.370543 0.370543 0.370543 0.370542 0.370542 0.370543 0.370541 0.370541 0.370542 0.370542 0.000000 0.000000
0.000000 0.000000 0.373350 0.373350 0.373349 0.373349 0.373351 0.373350 0.373350 0.373351 0.373351 0.373351 0.373350 0.373350 0.373351 0.373349 0.373349 0.373350 0.373350 0.000000 0.000000
0.000000 0.000000 0.376070 0.376070 0.376069 0.376069 0.376070 0.376070 0.376070 0.376070 0.376071 0.376070 0.376070 0.376070 0.376070 0.376069 0.376069 0.376070 0.376070 0.000000 0.000000
0.000000 0.000000 0.378720 0.378720 0.378719 0.378719 0.378720 0.378720 0.378720 0.378720 0.378721 0.378720 0.378720 0.378720 0.378720 0.378719 0.378719 0.378720 0.378720 0.000000 0.000000
0.000000 0.000000 0.381314 0.381313 0.381312 0.381313 0.381314 0.381314 0.381314 0.381314 0.381314 0.381314 0.381314 0.381314 0.381314 0.381313 0.381312 0.381313 0.381314 0.000000 0.000000
0.000000 0.000000 0.383863 0.383862 0.383861 0.383862 0.383863 0.383862 0.383862 0.383863 0.383863 0.383863 0.383862 0.383862 0.383863 0.383862 0.383861 0.383862 0.383863 0.000000 0.000000
0.000000 0.000000 0.386369 0.386369 0.386368 0.386368 0.386369 0.386369 0.386369 0.386369 0.386370 0.386369 0.386369 0.386369 0.386369 0.386368 0.386368 0.386369 0.386369 0.000000 0.000000
0.000000 0.000000 0.388835 0.388835 0.388834 0.388834 0.388835 0.388835 0.388835 0.388836 0.388836 0.388836 0.388835 0.388835 0.388835 0.388834 0.388834 0.388835 0.388835 0.000000 0.000000
0.000000 0.000000 0.391300 0.391300 0.391299 0.391299 0.391300 0.391300 0.391300 0.391300 0.391301 0.391300 0.391300 0.391300 0.391300 0.391299 0.391299 0.391300 0.391300 0.000000 0.000000
0.000000 0.000000 0.350000 0.350000 0.350000 0.350000 0.350000 0.350000 0.350000 0.350000 0.350000 0.350000 0.350000 0.350000 0.350000 0.350000 0.350000 0.350000 0.350000 0.000000 0.000000
0.000000 0.000000 0.000000 0.000000 0.000000 0.000000 0.000000 0.000000 0.000000 0.000000 0.000000 0.000000 0.000000 0.000000 0.000000 0.000000 0.000000 0.000000 0.000000 0.000000 0.000000