geotop/1.0zi/1.0Montebello/Templates/testdem/maps/_Eocsilt8266.asc
ncols         21
nrows         20
xllcorner     100.000000
yllcorner     100.000000
cellsize      50.000000
NODATA_value  -9999.0
0.000000 0.000000 0.000000 0.000000 0.000000 0.000000 0.000000 0.000000 0.000000 0.000000 0.000000 0.000000 0.000000 0.000000 0.000000 0.000000 0.000000 0.000000 0.000000 0.000000 0.000000
0.000000 0.000000 0.350172 0.350172 0.350172 0.350173 0.350172 0.350172 0.350172 0.350172 0.350173 0.350172 0.350172 0.350172 0.350172 0.350172 0.350173 0.350173 0.350172 0.000000 0.000000
0.000000 0.000000 0.350005 0.350005 0.350005 0.350005 0.350006 0.350006 0.350006 0.350006 0.350006 0.350006 0.350006 0.350006 0.350006 0.350005 0.350004 0.350004 0.350005 0.000000 0.000000
0.000000 0.000000 0.350102 0.350099 0.350097 0.350091 0.350092 0.350087 0.350090 0.350090 0.350087 0.350089 0.350089 0.350089 0.350092 0.350095 0.350098 0.350098 0.350100 0.000000 0.000000
0.000000 0.000000 0.351047 0.351053 0.351048 0.351037 0.351030 0.351023 0.351019 0.351017 0.351017 0.351017 0.351018 0.351020 0.351033 0.351038 0.351041 0.351052 0.351054 0.000000 0.000000
0.000000 0.000000 0.353812 0.353813 0.353803 0.353787 0.353768 0.353745 0.353743 0.353738 0.353742 0.353743 0.353744 0.353743 0.353755 0.353769 0.353782 0.353790 0.353796 0.000000 0.000000
0.000000 0.000000 0.357768 0.357764 0.357753 0.357726 0.357693 0.357658 0.357658 0.357654 0.357655 0.357654 0.357651 0.357656 0.357686 0.357714 0.357733 0.357748 0.357756 0.000000 0.000000
0.000000 0.000000 0.362445 0.362443 0.362437 0.362409 0.362377 0.362338 0.362337 0.362333 0.362332 0.362329 0.362327 0.362334 0.362368 0.362397 0.362424 0.362430 0.362443 0.000000 0.000000
0.000000 0.000000 0.367486 0.367477 0.367462 0.367443 0.367410 0.367365 0.367366 0.367357 0.367355 0.367352 0.367354 0.367353 0.367396 0.367432 0.367453 0.367465 0.367476 0.000000 0.000000
0.000000 0.000000 0.372811 0.372802 0.372794 0.372775 0.372727 0.372687 0.372687 0.372682 0.372676 0.372679 0.372685 0.372682 0.372719 0.372759 0.372784 0.372793 0.372801 0.000000 0.000000
0.000000 0.000000 0.378583 0.378577 0.378568 0.378526 0.378493 0.378446 0.378455 0.378430 0.378434 0.378432 0.378423 0.378440 0.378473 0.378499 0.378531 0.378548 0.378570 0.000000 0.000000
0.000000 0.000000 0.385004 0.384988 0.384968 0.384942 0.384904 0.384844 0.384839 0.384833 0.384847 0.384827 0.384833 0.384836 0.384898 0.384929 0.384951 0.384964 0.385018 0.000000 0.000000
0.000000 0.000000 0.391955 0.391939 0.391932 0.391894 0.391860 0.391704 0.391702 0.391693 0.391652 0.391673 0.391682 0.391697 0.391815 0.391847 0.391906 0.391913 0.391939 0.000000 0.000000
0.000000 0.000000 0.400116 0.400112 0.400079 0.400053 0.399857 0.399873 0.399832 0.399833 0.399846 0.399834 0.399828 0.399819 0.399800 0.400004 0.400036 0.400090 0.400128 0.000000 0.000000
0.000000 0.000000 0.409731 0.409714 0.409675 0.409426 0.409449 0.409324 0.409268 0.409255 0.409213 0.409183 0.409211 0.409206 0.409327 0.409319 0.409649 0.409598 0.409605 0.000000 0.000000
0.000000 0.000000 0.420228 0.420214 0.419855 0.419956 0.419928 0.419896 0.420029 0.419987 0.420058 0.420034 0.419975 0.420064 0.420070 0.420091 0.419827 0.420345 0.420339 0.000000 0.000000
0.000000 0.000000 0.433089 0.432538 0.432657 0.432449 0.432174 0.432093 0.431939 0.431975 0.431810 0.431825 0.431919 0.431827 0.431966 0.432170 0.432640 0.432335 0.432911 0.000000 0.000000
0.000000 0.000000 0.437741 0.438243 0.438699 0.438702 0.438725 0.438285 0.438359 0.438229 0.438440 0.438397 0.438365 0.438437 0.438802 0.438786 0.438785 0.438431 0.437942 0.000000 0.000000
0.000000 0.000000 0.350000 0.350000 0.350000 0.350000 0.350000 0.350000 0.350000 0.350000 0.350000 0.350000 0.350000 0.350000 0.350000 0.350000 0.350000 0.350000 0.350000 0.000000 0.000000
0.000000 0.000000 0.000000 0.000000 0.000000 0.000000 0.000000 0.000000 0.000000 0.000000 0.000000 0.000000 0.000000 0.000000 0.000000 0.000000 0.000000 0.000000 0.000000 0.000000 0.000000