geotop/1.0zi/1.0Montebello/Templates/testdem/maps/_Eocsand9971.asc
ncols         21
nrows         20
xllcorner     100.000000
yllcorner     100.000000
cellsize      50.000000
NODATA_value  -9999.0
0.000000 0.000000 0.000000 0.000000 0.000000 0.000000 0.000000 0.000000 0.000000 0.000000 0.000000 0.000000 0.000000 0.000000 0.000000 0.000000 0.000000 0.000000 0.000000 0.000000 0.000000
0.000000 0.000000 0.300245 0.300243 0.300243 0.300244 0.300243 0.300242 0.300243 0.300243 0.300244 0.300243 0.300243 0.300243 0.300243 0.300243 0.300244 0.300243 0.300243 0.000000 0.000000
0.000000 0.000000 0.300011 0.300013 0.300012 0.300011 0.300012 0.300013 0.300012 0.300012 0.300012 0.300012 0.300012 0.300012 0.300012 0.300012 0.300013 0.300013 0.300014 0.000000 0.000000
0.000000 0.000000 0.299810 0.299809 0.299819 0.299826 0.299825 0.299831 0.299823 0.299825 0.299825 0.299824 0.299822 0.299824 0.299819 0.299812 0.299809 0.299806 0.299808 0.000000 0.000000
0.000000 0.000000 0.296978 0.296978 0.296995 0.297031 0.297059 0.297069 0.297069 0.297070 0.297073 0.297066 0.297061 0.297061 0.297037 0.297023 0.297008 0.296998 0.296986 0.000000 0.000000
0.000000 0.000000 0.289190 0.289202 0.289241 0.289312 0.289378 0.289438 0.289435 0.289443 0.289447 0.289446 0.289435 0.289440 0.289404 0.289348 0.289320 0.289298 0.289287 0.000000 0.000000
0.000000 0.000000 0.278426 0.278450 0.278483 0.278566 0.278649 0.278765 0.278762 0.278769 0.278782 0.278782 0.278783 0.278779 0.278684 0.278616 0.278574 0.278544 0.278530 0.000000 0.000000
0.000000 0.000000 0.265634 0.265662 0.265696 0.265795 0.265888 0.265992 0.265990 0.266001 0.266016 0.266022 0.266025 0.266008 0.265920 0.265844 0.265776 0.265761 0.265733 0.000000 0.000000
0.000000 0.000000 0.251523 0.251562 0.251616 0.251695 0.251801 0.251926 0.251914 0.251935 0.251957 0.251961 0.251955 0.251962 0.251837 0.251746 0.251692 0.251669 0.251645 0.000000 0.000000
0.000000 0.000000 0.235847 0.235902 0.235945 0.236031 0.236148 0.236280 0.236278 0.236292 0.236325 0.236313 0.236298 0.236305 0.236203 0.236084 0.236021 0.235996 0.235986 0.000000 0.000000
0.000000 0.000000 0.217894 0.217940 0.217982 0.218166 0.218222 0.218399 0.218362 0.218444 0.218445 0.218458 0.218486 0.218440 0.218324 0.218250 0.218160 0.218129 0.218053 0.000000 0.000000
0.000000 0.000000 0.196788 0.196884 0.196995 0.197087 0.197184 0.197409 0.197415 0.197418 0.197401 0.197479 0.197441 0.197456 0.197248 0.197130 0.197083 0.197054 0.196901 0.000000 0.000000
0.000000 0.000000 0.172873 0.172962 0.172990 0.173170 0.173290 0.173893 0.173904 0.173937 0.174162 0.174028 0.174018 0.173966 0.173513 0.173415 0.173192 0.173181 0.173151 0.000000 0.000000
0.000000 0.000000 0.143255 0.143294 0.143499 0.143626 0.144477 0.144154 0.144337 0.144328 0.144213 0.144340 0.144356 0.144455 0.144739 0.143812 0.143787 0.143570 0.143444 0.000000 0.000000
0.000000 0.000000 0.110536 0.110636 0.110790 0.111856 0.111371 0.112046 0.112184 0.112247 0.112508 0.112573 0.112460 0.112444 0.111850 0.112315 0.110945 0.111275 0.111334 0.000000 0.000000
0.000000 0.000000 0.083231 0.083283 0.084300 0.083771 0.083966 0.083915 0.083468 0.083583 0.083350 0.083387 0.083581 0.083343 0.083489 0.083308 0.084467 0.082914 0.082938 0.000000 0.000000
0.000000 0.000000 0.061526 0.062165 0.062078 0.062309 0.062660 0.062734 0.062896 0.062859 0.063054 0.063032 0.062927 0.063032 0.062897 0.062630 0.062148 0.062439 0.061780 0.000000 0.000000
0.000000 0.000000 0.051161 0.051234 0.050872 0.051030 0.051205 0.051515 0.051569 0.051622 0.051609 0.051622 0.051579 0.051602 0.051304 0.051171 0.050876 0.051316 0.051236 0.000000 0.000000
0.000000 0.000000 0.300000 0.300000 0.300000 0.300000 0.300000 0.300000 0.300000 0.300000 0.300000 0.300000 0.300000 0.300000 0.300000 0.300000 0.300000 0.300000 0.300000 0.000000 0.000000
0.000000 0.000000 0.000000 0.000000 0.000000 0.000000 0.000000 0.000000 0.000000 0.000000 0.000000 0.000000 0.000000 0.000000 0.000000 0.000000 0.000000 0.000000 0.000000 0.000000 0.000000