geotop/1.0zi/1.0Montebello/Templates/testdem/maps/_Eocclay0272.asc
ncols         21
nrows         20
xllcorner     100.000000
yllcorner     100.000000
cellsize      50.000000
NODATA_value  -9999.0
0.000000 0.000000 0.000000 0.000000 0.000000 0.000000 0.000000 0.000000 0.000000 0.000000 0.000000 0.000000 0.000000 0.000000 0.000000 0.000000 0.000000 0.000000 0.000000 0.000000 0.000000
0.000000 0.000000 0.349980 0.349980 0.349980 0.349980 0.349980 0.349980 0.349980 0.349980 0.349980 0.349980 0.349980 0.349980 0.349980 0.349980 0.349980 0.349980 0.349980 0.000000 0.000000
0.000000 0.000000 0.349999 0.349998 0.349998 0.349998 0.349999 0.349999 0.349999 0.349999 0.349999 0.349999 0.349999 0.349999 0.349999 0.349998 0.349998 0.349998 0.349999 0.000000 0.000000
0.000000 0.000000 0.350255 0.350254 0.350252 0.350254 0.350255 0.350255 0.350255 0.350255 0.350255 0.350255 0.350255 0.350255 0.350255 0.350254 0.350252 0.350254 0.350255 0.000000 0.000000
0.000000 0.000000 0.350869 0.350869 0.350867 0.350869 0.350869 0.350869 0.350869 0.350869 0.350869 0.350869 0.350869 0.350869 0.350869 0.350869 0.350867 0.350869 0.350869 0.000000 0.000000
0.000000 0.000000 0.351425 0.351425 0.351423 0.351425 0.351425 0.351425 0.351425 0.351425 0.351425 0.351425 0.351425 0.351425 0.351425 0.351425 0.351423 0.351425 0.351425 0.000000 0.000000
0.000000 0.000000 0.351924 0.351924 0.351922 0.351924 0.351924 0.351924 0.351924 0.351924 0.351924 0.351924 0.351924 0.351924 0.351924 0.351924 0.351922 0.351924 0.351924 0.000000 0.000000
0.000000 0.000000 0.352380 0.352380 0.352378 0.352380 0.352380 0.352380 0.352380 0.352380 0.352380 0.352380 0.352380 0.352380 0.352380 0.352380 0.352378 0.352380 0.352380 0.000000 0.000000
0.000000 0.000000 0.352807 0.352807 0.352805 0.352807 0.352807 0.352807 0.352807 0.352807 0.352807 0.352807 0.352807 0.352807 0.352807 0.352807 0.352805 0.352807 0.352807 0.000000 0.000000
0.000000 0.000000 0.353217 0.353216 0.353215 0.353216 0.353216 0.353217 0.353217 0.353217 0.353217 0.353217 0.353217 0.353217 0.353216 0.353216 0.353215 0.353216 0.353217 0.000000 0.000000
0.000000 0.000000 0.353612 0.353612 0.353611 0.353612 0.353612 0.353612 0.353612 0.353612 0.353612 0.353612 0.353612 0.353612 0.353612 0.353612 0.353611 0.353612 0.353612 0.000000 0.000000
0.000000 0.000000 0.353998 0.353998 0.353997 0.353998 0.353998 0.353998 0.353998 0.353998 0.353998 0.353998 0.353998 0.353998 0.353998 0.353998 0.353997 0.353998 0.353998 0.000000 0.000000
0.000000 0.000000 0.354376 0.354376 0.354374 0.354376 0.354376 0.354376 0.354376 0.354376 0.354376 0.354376 0.354376 0.354376 0.354376 0.354376 0.354374 0.354376 0.354376 0.000000 0.000000
0.000000 0.000000 0.354745 0.354745 0.354743 0.354745 0.354745 0.354745 0.354745 0.354745 0.354745 0.354745 0.354745 0.354745 0.354745 0.354745 0.354743 0.354745 0.354745 0.000000 0.000000
0.000000 0.000000 0.355109 0.355109 0.355107 0.355108 0.355109 0.355109 0.355109 0.355109 0.355109 0.355109 0.355109 0.355109 0.355109 0.355108 0.355107 0.355109 0.355109 0.000000 0.000000
0.000000 0.000000 0.355470 0.355470 0.355468 0.355470 0.355470 0.355470 0.355470 0.355470 0.355470 0.355470 0.355470 0.355470 0.355470 0.355470 0.355468 0.355470 0.355470 0.000000 0.000000
0.000000 0.000000 0.355825 0.355825 0.355823 0.355825 0.355825 0.355825 0.355825 0.355825 0.355825 0.355825 0.355825 0.355825 0.355825 0.355825 0.355823 0.355825 0.355825 0.000000 0.000000
0.000000 0.000000 0.356200 0.356200 0.356198 0.356200 0.356200 0.356200 0.356200 0.356200 0.356200 0.356200 0.356200 0.356200 0.356200 0.356200 0.356198 0.356200 0.356200 0.000000 0.000000
0.000000 0.000000 0.350000 0.350000 0.350000 0.350000 0.350000 0.350000 0.350000 0.350000 0.350000 0.350000 0.350000 0.350000 0.350000 0.350000 0.350000 0.350000 0.350000 0.000000 0.000000
0.000000 0.000000 0.000000 0.000000 0.000000 0.000000 0.000000 0.000000 0.000000 0.000000 0.000000 0.000000 0.000000 0.000000 0.000000 0.000000 0.000000 0.000000 0.000000 0.000000 0.000000