geotop/1.0zi/1.0Montebello/Templates/testdem/maps/_Eocsand2835.asc
ncols         21
nrows         20
xllcorner     100.000000
yllcorner     100.000000
cellsize      50.000000
NODATA_value  -9999.0
0.000000 0.000000 0.000000 0.000000 0.000000 0.000000 0.000000 0.000000 0.000000 0.000000 0.000000 0.000000 0.000000 0.000000 0.000000 0.000000 0.000000 0.000000 0.000000 0.000000 0.000000
0.000000 0.000000 0.300083 0.300083 0.300083 0.300083 0.300083 0.300083 0.300083 0.300083 0.300085 0.300083 0.300083 0.300083 0.300083 0.300083 0.300083 0.300083 0.300083 0.000000 0.000000
0.000000 0.000000 0.300009 0.300010 0.300010 0.300009 0.300010 0.300009 0.300010 0.300010 0.300008 0.300010 0.300010 0.300009 0.300010 0.300009 0.300010 0.300010 0.300009 0.000000 0.000000
0.000000 0.000000 0.297999 0.298000 0.298004 0.298002 0.297998 0.297999 0.297999 0.297998 0.297998 0.297998 0.297999 0.297999 0.297998 0.298002 0.298004 0.298000 0.297999 0.000000 0.000000
0.000000 0.000000 0.289869 0.289871 0.289874 0.289874 0.289868 0.289870 0.289869 0.289867 0.289866 0.289867 0.289869 0.289870 0.289868 0.289874 0.289874 0.289871 0.289869 0.000000 0.000000
0.000000 0.000000 0.280132 0.280133 0.280136 0.280136 0.280131 0.280132 0.280132 0.280130 0.280130 0.280130 0.280132 0.280132 0.280131 0.280136 0.280136 0.280133 0.280132 0.000000 0.000000
0.000000 0.000000 0.271107 0.271108 0.271110 0.271110 0.271106 0.271107 0.271107 0.271105 0.271105 0.271105 0.271107 0.271107 0.271106 0.271110 0.271110 0.271108 0.271107 0.000000 0.000000
0.000000 0.000000 0.262887 0.262888 0.262890 0.262890 0.262886 0.262887 0.262887 0.262886 0.262885 0.262886 0.262887 0.262887 0.262886 0.262890 0.262890 0.262888 0.262887 0.000000 0.000000
0.000000 0.000000 0.255261 0.255262 0.255265 0.255264 0.255261 0.255262 0.255262 0.255260 0.255260 0.255260 0.255262 0.255262 0.255261 0.255264 0.255265 0.255262 0.255261 0.000000 0.000000
0.000000 0.000000 0.248050 0.248051 0.248053 0.248053 0.248050 0.248051 0.248051 0.248049 0.248049 0.248049 0.248051 0.248051 0.248050 0.248053 0.248053 0.248051 0.248050 0.000000 0.000000
0.000000 0.000000 0.241169 0.241169 0.241172 0.241171 0.241168 0.241169 0.241169 0.241168 0.241167 0.241168 0.241169 0.241169 0.241168 0.241171 0.241172 0.241169 0.241169 0.000000 0.000000
0.000000 0.000000 0.234549 0.234549 0.234551 0.234551 0.234548 0.234549 0.234549 0.234548 0.234547 0.234548 0.234549 0.234549 0.234548 0.234551 0.234551 0.234549 0.234549 0.000000 0.000000
0.000000 0.000000 0.228140 0.228141 0.228143 0.228142 0.228140 0.228141 0.228141 0.228140 0.228139 0.228140 0.228141 0.228141 0.228140 0.228142 0.228143 0.228141 0.228140 0.000000 0.000000
0.000000 0.000000 0.221901 0.221901 0.221904 0.221903 0.221900 0.221901 0.221901 0.221900 0.221899 0.221900 0.221901 0.221901 0.221900 0.221903 0.221904 0.221901 0.221901 0.000000 0.000000
0.000000 0.000000 0.215813 0.215813 0.215816 0.215815 0.215812 0.215813 0.215813 0.215812 0.215811 0.215812 0.215813 0.215813 0.215812 0.215815 0.215816 0.215813 0.215813 0.000000 0.000000
0.000000 0.000000 0.209865 0.209865 0.209867 0.209867 0.209864 0.209865 0.209865 0.209864 0.209863 0.209864 0.209865 0.209865 0.209864 0.209867 0.209867 0.209865 0.209865 0.000000 0.000000
0.000000 0.000000 0.204048 0.204048 0.204050 0.204049 0.204047 0.204048 0.204048 0.204047 0.204046 0.204047 0.204048 0.204048 0.204047 0.204049 0.204050 0.204048 0.204048 0.000000 0.000000
0.000000 0.000000 0.198257 0.198257 0.198259 0.198258 0.198256 0.198257 0.198257 0.198256 0.198255 0.198256 0.198257 0.198257 0.198256 0.198258 0.198259 0.198257 0.198256 0.000000 0.000000
0.000000 0.000000 0.300000 0.300000 0.300000 0.300000 0.300000 0.300000 0.300000 0.300000 0.300000 0.300000 0.300000 0.300000 0.300000 0.300000 0.300000 0.300000 0.300000 0.000000 0.000000
0.000000 0.000000 0.000000 0.000000 0.000000 0.000000 0.000000 0.000000 0.000000 0.000000 0.000000 0.000000 0.000000 0.000000 0.000000 0.000000 0.000000 0.000000 0.000000 0.000000 0.000000