geotop/1.0zi/1.0Montebello/Templates/testdem/maps/_Eocsand9071.asc
ncols         21
nrows         20
xllcorner     100.000000
yllcorner     100.000000
cellsize      50.000000
NODATA_value  -9999.0
0.000000 0.000000 0.000000 0.000000 0.000000 0.000000 0.000000 0.000000 0.000000 0.000000 0.000000 0.000000 0.000000 0.000000 0.000000 0.000000 0.000000 0.000000 0.000000 0.000000 0.000000
0.000000 0.000000 0.300232 0.300229 0.300229 0.300229 0.300228 0.300228 0.300228 0.300229 0.300229 0.300228 0.300229 0.300229 0.300229 0.300229 0.300230 0.300230 0.300230 0.000000 0.000000
0.000000 0.000000 0.300012 0.300014 0.300014 0.300012 0.300013 0.300014 0.300013 0.300013 0.300013 0.300014 0.300013 0.300013 0.300013 0.300013 0.300014 0.300015 0.300015 0.000000 0.000000
0.000000 0.000000 0.299856 0.299855 0.299861 0.299869 0.299868 0.299872 0.299866 0.299868 0.299868 0.299867 0.299866 0.299868 0.299864 0.299858 0.299855 0.299855 0.299854 0.000000 0.000000
0.000000 0.000000 0.297507 0.297509 0.297527 0.297552 0.297580 0.297584 0.297587 0.297589 0.297590 0.297586 0.297584 0.297583 0.297561 0.297550 0.297537 0.297533 0.297521 0.000000 0.000000
0.000000 0.000000 0.290821 0.290834 0.290870 0.290920 0.290974 0.291022 0.291020 0.291031 0.291025 0.291026 0.291018 0.291021 0.290993 0.290950 0.290927 0.290914 0.290901 0.000000 0.000000
0.000000 0.000000 0.281593 0.281615 0.281645 0.281705 0.281779 0.281875 0.281870 0.281879 0.281881 0.281880 0.281883 0.281877 0.281798 0.281739 0.281703 0.281682 0.281667 0.000000 0.000000
0.000000 0.000000 0.270668 0.270692 0.270718 0.270789 0.270864 0.270953 0.270949 0.270960 0.270964 0.270970 0.270975 0.270957 0.270883 0.270819 0.270761 0.270755 0.270727 0.000000 0.000000
0.000000 0.000000 0.258821 0.258853 0.258895 0.258945 0.259032 0.259133 0.259123 0.259143 0.259152 0.259157 0.259154 0.259157 0.259055 0.258978 0.258935 0.258924 0.258896 0.000000 0.000000
0.000000 0.000000 0.245988 0.246028 0.246057 0.246110 0.246230 0.246321 0.246317 0.246329 0.246347 0.246338 0.246326 0.246330 0.246248 0.246151 0.246100 0.246089 0.246075 0.000000 0.000000
0.000000 0.000000 0.231707 0.231737 0.231768 0.231888 0.231967 0.232085 0.232053 0.232122 0.232111 0.232120 0.232144 0.232103 0.232015 0.231957 0.231884 0.231863 0.231805 0.000000 0.000000
0.000000 0.000000 0.215417 0.215474 0.215548 0.215612 0.215720 0.215863 0.215865 0.215872 0.215847 0.215903 0.215879 0.215880 0.215726 0.215643 0.215606 0.215592 0.215465 0.000000 0.000000
0.000000 0.000000 0.197360 0.197425 0.197445 0.197573 0.197662 0.198083 0.198084 0.198104 0.198236 0.198160 0.198146 0.198106 0.197782 0.197705 0.197553 0.197557 0.197508 0.000000 0.000000
0.000000 0.000000 0.175418 0.175446 0.175567 0.175647 0.176236 0.176102 0.176212 0.176207 0.176148 0.176210 0.176222 0.176272 0.176389 0.175767 0.175722 0.175588 0.175490 0.000000 0.000000
0.000000 0.000000 0.149375 0.149462 0.149596 0.150365 0.150167 0.150580 0.150713 0.150753 0.150907 0.150982 0.150896 0.150901 0.150505 0.150676 0.149674 0.149905 0.149917 0.000000 0.000000
0.000000 0.000000 0.122273 0.122338 0.123398 0.122948 0.123094 0.123093 0.122645 0.122768 0.122535 0.122588 0.122780 0.122523 0.122597 0.122476 0.123518 0.121966 0.121991 0.000000 0.000000
0.000000 0.000000 0.092571 0.093879 0.093436 0.094022 0.094672 0.094869 0.095306 0.095199 0.095641 0.095590 0.095334 0.095604 0.095249 0.094772 0.093503 0.094510 0.093163 0.000000 0.000000
0.000000 0.000000 0.084285 0.083340 0.082477 0.082514 0.082484 0.083336 0.083187 0.083437 0.083029 0.083114 0.083176 0.083042 0.082337 0.082355 0.082351 0.083049 0.083996 0.000000 0.000000
0.000000 0.000000 0.300000 0.300000 0.300000 0.300000 0.300000 0.300000 0.300000 0.300000 0.300000 0.300000 0.300000 0.300000 0.300000 0.300000 0.300000 0.300000 0.300000 0.000000 0.000000
0.000000 0.000000 0.000000 0.000000 0.000000 0.000000 0.000000 0.000000 0.000000 0.000000 0.000000 0.000000 0.000000 0.000000 0.000000 0.000000 0.000000 0.000000 0.000000 0.000000 0.000000