geotop/1.0zi/1.0Montebello/Templates/testdem/maps/_Eocclay0807.asc
ncols         21
nrows         20
xllcorner     100.000000
yllcorner     100.000000
cellsize      50.000000
NODATA_value  -9999.0
0.000000 0.000000 0.000000 0.000000 0.000000 0.000000 0.000000 0.000000 0.000000 0.000000 0.000000 0.000000 0.000000 0.000000 0.000000 0.000000 0.000000 0.000000 0.000000 0.000000 0.000000
0.000000 0.000000 0.349957 0.349957 0.349957 0.349957 0.349957 0.349957 0.349957 0.349957 0.349957 0.349957 0.349957 0.349957 0.349957 0.349957 0.349957 0.349957 0.349957 0.000000 0.000000
0.000000 0.000000 0.349995 0.349995 0.349995 0.349995 0.349995 0.349995 0.349995 0.349995 0.349995 0.349995 0.349995 0.349995 0.349995 0.349995 0.349995 0.349995 0.349995 0.000000 0.000000
0.000000 0.000000 0.350319 0.350318 0.350316 0.350317 0.350319 0.350319 0.350318 0.350319 0.350319 0.350319 0.350318 0.350319 0.350319 0.350317 0.350316 0.350318 0.350319 0.000000 0.000000
0.000000 0.000000 0.351517 0.351516 0.351514 0.351514 0.351517 0.351517 0.351517 0.351517 0.351517 0.351517 0.351517 0.351517 0.351517 0.351514 0.351514 0.351516 0.351517 0.000000 0.000000
0.000000 0.000000 0.352814 0.352813 0.352811 0.352811 0.352814 0.352814 0.352813 0.352814 0.352814 0.352814 0.352813 0.352814 0.352814 0.352811 0.352811 0.352813 0.352814 0.000000 0.000000
0.000000 0.000000 0.354060 0.354059 0.354058 0.354058 0.354060 0.354060 0.354059 0.354060 0.354060 0.354060 0.354059 0.354060 0.354060 0.354058 0.354058 0.354059 0.354060 0.000000 0.000000
0.000000 0.000000 0.355221 0.355221 0.355219 0.355220 0.355221 0.355221 0.355221 0.355221 0.355221 0.355221 0.355221 0.355221 0.355221 0.355220 0.355219 0.355221 0.355221 0.000000 0.000000
0.000000 0.000000 0.356320 0.356319 0.356318 0.356318 0.356319 0.356319 0.356319 0.356320 0.356320 0.356320 0.356319 0.356319 0.356319 0.356318 0.356318 0.356319 0.356320 0.000000 0.000000
0.000000 0.000000 0.357378 0.357378 0.357376 0.357376 0.357378 0.357378 0.357378 0.357378 0.357378 0.357378 0.357378 0.357378 0.357378 0.357376 0.357376 0.357378 0.357378 0.000000 0.000000
0.000000 0.000000 0.358406 0.358406 0.358405 0.358405 0.358406 0.358406 0.358406 0.358406 0.358406 0.358406 0.358406 0.358406 0.358406 0.358405 0.358405 0.358406 0.358406 0.000000 0.000000
0.000000 0.000000 0.359415 0.359415 0.359413 0.359414 0.359415 0.359415 0.359415 0.359415 0.359415 0.359415 0.359415 0.359415 0.359415 0.359414 0.359413 0.359415 0.359415 0.000000 0.000000
0.000000 0.000000 0.360407 0.360407 0.360405 0.360406 0.360407 0.360407 0.360407 0.360407 0.360407 0.360407 0.360407 0.360407 0.360407 0.360406 0.360405 0.360407 0.360407 0.000000 0.000000
0.000000 0.000000 0.361385 0.361385 0.361384 0.361384 0.361385 0.361385 0.361385 0.361385 0.361385 0.361385 0.361385 0.361385 0.361385 0.361384 0.361384 0.361385 0.361385 0.000000 0.000000
0.000000 0.000000 0.362355 0.362355 0.362353 0.362354 0.362355 0.362355 0.362355 0.362355 0.362355 0.362355 0.362355 0.362355 0.362355 0.362354 0.362353 0.362355 0.362355 0.000000 0.000000
0.000000 0.000000 0.363319 0.363319 0.363318 0.363318 0.363319 0.363319 0.363319 0.363319 0.363319 0.363319 0.363319 0.363319 0.363319 0.363318 0.363318 0.363319 0.363319 0.000000 0.000000
0.000000 0.000000 0.364275 0.364275 0.364274 0.364274 0.364275 0.364275 0.364275 0.364275 0.364275 0.364275 0.364275 0.364275 0.364275 0.364274 0.364274 0.364275 0.364275 0.000000 0.000000
0.000000 0.000000 0.365242 0.365242 0.365241 0.365241 0.365242 0.365242 0.365242 0.365242 0.365242 0.365242 0.365242 0.365242 0.365242 0.365241 0.365241 0.365242 0.365242 0.000000 0.000000
0.000000 0.000000 0.350000 0.350000 0.350000 0.350000 0.350000 0.350000 0.350000 0.350000 0.350000 0.350000 0.350000 0.350000 0.350000 0.350000 0.350000 0.350000 0.350000 0.000000 0.000000
0.000000 0.000000 0.000000 0.000000 0.000000 0.000000 0.000000 0.000000 0.000000 0.000000 0.000000 0.000000 0.000000 0.000000 0.000000 0.000000 0.000000 0.000000 0.000000 0.000000 0.000000