geotop/1.0zi/1.0Montebello/Templates/testdem/maps/_Eocsilt8395.asc
ncols         21
nrows         20
xllcorner     100.000000
yllcorner     100.000000
cellsize      50.000000
NODATA_value  -9999.0
0.000000 0.000000 0.000000 0.000000 0.000000 0.000000 0.000000 0.000000 0.000000 0.000000 0.000000 0.000000 0.000000 0.000000 0.000000 0.000000 0.000000 0.000000 0.000000 0.000000 0.000000
0.000000 0.000000 0.350174 0.350174 0.350174 0.350175 0.350174 0.350174 0.350174 0.350174 0.350174 0.350174 0.350174 0.350174 0.350174 0.350174 0.350175 0.350174 0.350174 0.000000 0.000000
0.000000 0.000000 0.350006 0.350005 0.350006 0.350005 0.350006 0.350006 0.350006 0.350006 0.350006 0.350006 0.350007 0.350007 0.350006 0.350005 0.350004 0.350004 0.350005 0.000000 0.000000
0.000000 0.000000 0.350102 0.350099 0.350097 0.350091 0.350092 0.350087 0.350090 0.350090 0.350087 0.350089 0.350089 0.350089 0.350092 0.350095 0.350099 0.350098 0.350100 0.000000 0.000000
0.000000 0.000000 0.351048 0.351055 0.351046 0.351037 0.351030 0.351022 0.351020 0.351019 0.351018 0.351018 0.351019 0.351021 0.351033 0.351039 0.351042 0.351053 0.351054 0.000000 0.000000
0.000000 0.000000 0.353829 0.353828 0.353821 0.353803 0.353784 0.353761 0.353759 0.353753 0.353757 0.353757 0.353759 0.353758 0.353772 0.353785 0.353797 0.353805 0.353812 0.000000 0.000000
0.000000 0.000000 0.357849 0.357843 0.357834 0.357807 0.357772 0.357736 0.357736 0.357733 0.357733 0.357732 0.357729 0.357734 0.357766 0.357793 0.357811 0.357826 0.357833 0.000000 0.000000
0.000000 0.000000 0.362611 0.362608 0.362603 0.362573 0.362542 0.362502 0.362501 0.362496 0.362495 0.362492 0.362489 0.362497 0.362531 0.362560 0.362587 0.362593 0.362606 0.000000 0.000000
0.000000 0.000000 0.367753 0.367742 0.367728 0.367708 0.367673 0.367627 0.367629 0.367620 0.367617 0.367615 0.367616 0.367615 0.367660 0.367695 0.367716 0.367728 0.367739 0.000000 0.000000
0.000000 0.000000 0.373196 0.373186 0.373178 0.373160 0.373110 0.373069 0.373069 0.373064 0.373057 0.373061 0.373066 0.373064 0.373101 0.373143 0.373167 0.373176 0.373183 0.000000 0.000000
0.000000 0.000000 0.379113 0.379108 0.379100 0.379055 0.379023 0.378972 0.378985 0.378956 0.378961 0.378958 0.378948 0.378965 0.379002 0.379026 0.379059 0.379076 0.379099 0.000000 0.000000
0.000000 0.000000 0.385716 0.385696 0.385678 0.385654 0.385612 0.385553 0.385547 0.385542 0.385554 0.385532 0.385540 0.385542 0.385605 0.385639 0.385660 0.385674 0.385727 0.000000 0.000000
0.000000 0.000000 0.392885 0.392866 0.392865 0.392821 0.392789 0.392627 0.392623 0.392616 0.392570 0.392595 0.392601 0.392616 0.392741 0.392772 0.392834 0.392839 0.392866 0.000000 0.000000
0.000000 0.000000 0.401336 0.401332 0.401301 0.401273 0.401070 0.401089 0.401046 0.401047 0.401060 0.401045 0.401040 0.401026 0.401005 0.401221 0.401251 0.401308 0.401347 0.000000 0.000000
0.000000 0.000000 0.411316 0.411297 0.411257 0.410997 0.411027 0.410894 0.410835 0.410823 0.410775 0.410744 0.410772 0.410767 0.410896 0.410882 0.411228 0.411172 0.411177 0.000000 0.000000
0.000000 0.000000 0.422195 0.422179 0.421807 0.421918 0.421888 0.421856 0.421997 0.421953 0.422027 0.422001 0.421938 0.422030 0.422034 0.422059 0.421771 0.422318 0.422310 0.000000 0.000000
0.000000 0.000000 0.435445 0.434873 0.435009 0.434789 0.434505 0.434416 0.434252 0.434291 0.434116 0.434132 0.434230 0.434130 0.434280 0.434492 0.434986 0.434656 0.435251 0.000000 0.000000
0.000000 0.000000 0.440048 0.440568 0.441031 0.441032 0.441059 0.440611 0.440688 0.440556 0.440771 0.440728 0.440692 0.440766 0.441138 0.441119 0.441114 0.440760 0.440252 0.000000 0.000000
0.000000 0.000000 0.350000 0.350000 0.350000 0.350000 0.350000 0.350000 0.350000 0.350000 0.350000 0.350000 0.350000 0.350000 0.350000 0.350000 0.350000 0.350000 0.350000 0.000000 0.000000
0.000000 0.000000 0.000000 0.000000 0.000000 0.000000 0.000000 0.000000 0.000000 0.000000 0.000000 0.000000 0.000000 0.000000 0.000000 0.000000 0.000000 0.000000 0.000000 0.000000 0.000000