geotop/1.0zi/1.0Montebello/Templates/testdem/maps/_Eocsilt077%.asc
ncols         21
nrows         20
xllcorner     100.000000
yllcorner     100.000000
cellsize      50.000000
NODATA_value  -9999.0
0.000000 0.000000 0.000000 0.000000 0.000000 0.000000 0.000000 0.000000 0.000000 0.000000 0.000000 0.000000 0.000000 0.000000 0.000000 0.000000 0.000000 0.000000 0.000000 0.000000 0.000000
0.000000 0.000000 0.350235 0.350235 0.350235 0.350236 0.350235 0.350235 0.350235 0.350235 0.350235 0.350234 0.350234 0.350234 0.350235 0.350235 0.350236 0.350236 0.350235 0.000000 0.000000
0.000000 0.000000 0.350009 0.350009 0.350009 0.350008 0.350010 0.350010 0.350009 0.350010 0.350010 0.350010 0.350010 0.350010 0.350009 0.350009 0.350007 0.350007 0.350008 0.000000 0.000000
0.000000 0.000000 0.350203 0.350199 0.350192 0.350188 0.350186 0.350181 0.350183 0.350184 0.350183 0.350186 0.350186 0.350187 0.350188 0.350193 0.350196 0.350200 0.350201 0.000000 0.000000
0.000000 0.000000 0.351922 0.351927 0.351916 0.351890 0.351880 0.351871 0.351876 0.351873 0.351872 0.351874 0.351880 0.351878 0.351893 0.351902 0.351910 0.351916 0.351920 0.000000 0.000000
0.000000 0.000000 0.356355 0.356347 0.356329 0.356296 0.356259 0.356229 0.356228 0.356225 0.356223 0.356224 0.356229 0.356226 0.356245 0.356273 0.356288 0.356299 0.356306 0.000000 0.000000
0.000000 0.000000 0.362504 0.362491 0.362471 0.362424 0.362377 0.362314 0.362318 0.362315 0.362308 0.362307 0.362305 0.362309 0.362358 0.362395 0.362421 0.362440 0.362447 0.000000 0.000000
0.000000 0.000000 0.369865 0.369848 0.369828 0.369768 0.369717 0.369658 0.369660 0.369655 0.369647 0.369643 0.369641 0.369649 0.369696 0.369740 0.369780 0.369789 0.369804 0.000000 0.000000
0.000000 0.000000 0.378160 0.378135 0.378101 0.378053 0.377992 0.377919 0.377926 0.377916 0.377904 0.377902 0.377905 0.377900 0.377969 0.378023 0.378055 0.378071 0.378084 0.000000 0.000000
0.000000 0.000000 0.387597 0.387563 0.387532 0.387479 0.387411 0.387332 0.387334 0.387329 0.387311 0.387317 0.387325 0.387321 0.387376 0.387447 0.387487 0.387503 0.387508 0.000000 0.000000
0.000000 0.000000 0.398700 0.398671 0.398643 0.398524 0.398493 0.398384 0.398408 0.398359 0.398361 0.398352 0.398332 0.398362 0.398427 0.398471 0.398528 0.398550 0.398598 0.000000 0.000000
0.000000 0.000000 0.412102 0.412037 0.411958 0.411905 0.411841 0.411699 0.411686 0.411694 0.411706 0.411664 0.411686 0.411667 0.411794 0.411871 0.411901 0.411922 0.412015 0.000000 0.000000
0.000000 0.000000 0.427196 0.427136 0.427119 0.426995 0.426918 0.426525 0.426515 0.426494 0.426339 0.426445 0.426443 0.426479 0.426763 0.426821 0.426974 0.426983 0.426982 0.000000 0.000000
0.000000 0.000000 0.444551 0.444527 0.444396 0.444333 0.443835 0.444090 0.443985 0.443989 0.444084 0.443990 0.443977 0.443910 0.443686 0.444236 0.444228 0.444359 0.444431 0.000000 0.000000
0.000000 0.000000 0.458738 0.458698 0.458645 0.458259 0.458442 0.458184 0.458142 0.458117 0.458017 0.457998 0.458038 0.458047 0.458269 0.458086 0.458584 0.458465 0.458441 0.000000 0.000000
0.000000 0.000000 0.467119 0.467098 0.466942 0.466881 0.466914 0.466835 0.466879 0.466858 0.466857 0.466846 0.466834 0.466867 0.466917 0.466883 0.466898 0.467063 0.467053 0.000000 0.000000
0.000000 0.000000 0.472246 0.472275 0.472082 0.472155 0.472159 0.472149 0.472234 0.472210 0.472255 0.472244 0.472207 0.472256 0.472239 0.472237 0.472051 0.472336 0.472287 0.000000 0.000000
0.000000 0.000000 0.476856 0.476660 0.476533 0.476520 0.476446 0.476493 0.476482 0.476500 0.476449 0.476455 0.476466 0.476454 0.476421 0.476475 0.476499 0.476606 0.476799 0.000000 0.000000
0.000000 0.000000 0.350000 0.350000 0.350000 0.350000 0.350000 0.350000 0.350000 0.350000 0.350000 0.350000 0.350000 0.350000 0.350000 0.350000 0.350000 0.350000 0.350000 0.000000 0.000000
0.000000 0.000000 0.000000 0.000000 0.000000 0.000000 0.000000 0.000000 0.000000 0.000000 0.000000 0.000000 0.000000 0.000000 0.000000 0.000000 0.000000 0.000000 0.000000 0.000000 0.000000