geotop/1.0zi/1.0Montebello/Templates/testdem/maps/_Eocclay7088.asc
ncols         21
nrows         20
xllcorner     100.000000
yllcorner     100.000000
cellsize      50.000000
NODATA_value  -9999.0
0.000000 0.000000 0.000000 0.000000 0.000000 0.000000 0.000000 0.000000 0.000000 0.000000 0.000000 0.000000 0.000000 0.000000 0.000000 0.000000 0.000000 0.000000 0.000000 0.000000 0.000000
0.000000 0.000000 0.349681 0.349682 0.349682 0.349681 0.349682 0.349682 0.349682 0.349682 0.349681 0.349682 0.349682 0.349682 0.349682 0.349682 0.349680 0.349680 0.349682 0.000000 0.000000
0.000000 0.000000 0.349987 0.349987 0.349987 0.349988 0.349987 0.349987 0.349987 0.349987 0.349986 0.349986 0.349987 0.349986 0.349987 0.349987 0.349988 0.349988 0.349985 0.000000 0.000000
0.000000 0.000000 0.349978 0.349983 0.349980 0.349980 0.349981 0.349981 0.349983 0.349979 0.349983 0.349981 0.349981 0.349980 0.349981 0.349983 0.349981 0.349983 0.349983 0.000000 0.000000
0.000000 0.000000 0.350744 0.350742 0.350737 0.350734 0.350720 0.350718 0.350717 0.350719 0.350717 0.350717 0.350713 0.350717 0.350724 0.350725 0.350730 0.350732 0.350739 0.000000 0.000000
0.000000 0.000000 0.352984 0.352983 0.352972 0.352947 0.352936 0.352914 0.352916 0.352909 0.352913 0.352912 0.352914 0.352915 0.352924 0.352941 0.352953 0.352966 0.352973 0.000000 0.000000
0.000000 0.000000 0.356168 0.356165 0.356157 0.356136 0.356109 0.356076 0.356076 0.356071 0.356072 0.356073 0.356073 0.356074 0.356101 0.356127 0.356140 0.356151 0.356160 0.000000 0.000000
0.000000 0.000000 0.359968 0.359966 0.359959 0.359933 0.359907 0.359871 0.359872 0.359868 0.359868 0.359865 0.359863 0.359871 0.359899 0.359922 0.359943 0.359951 0.359963 0.000000 0.000000
0.000000 0.000000 0.363924 0.363918 0.363906 0.363891 0.363863 0.363827 0.363830 0.363822 0.363819 0.363818 0.363818 0.363817 0.363852 0.363881 0.363897 0.363904 0.363915 0.000000 0.000000
0.000000 0.000000 0.368026 0.368018 0.368012 0.367997 0.367957 0.367925 0.367926 0.367921 0.367916 0.367919 0.367924 0.367922 0.367951 0.367984 0.368003 0.368009 0.368017 0.000000 0.000000
0.000000 0.000000 0.372390 0.372385 0.372377 0.372347 0.372321 0.372281 0.372290 0.372270 0.372272 0.372272 0.372265 0.372278 0.372303 0.372324 0.372347 0.372360 0.372379 0.000000 0.000000
0.000000 0.000000 0.377097 0.377085 0.377070 0.377049 0.377021 0.376974 0.376974 0.376966 0.376977 0.376961 0.376964 0.376968 0.377013 0.377036 0.377053 0.377061 0.377105 0.000000 0.000000
0.000000 0.000000 0.382068 0.382055 0.382048 0.382022 0.381997 0.381889 0.381889 0.381881 0.381855 0.381867 0.381874 0.381884 0.381965 0.381989 0.382028 0.382032 0.382060 0.000000 0.000000
0.000000 0.000000 0.387677 0.387672 0.387651 0.387631 0.387511 0.387499 0.387475 0.387473 0.387474 0.387470 0.387468 0.387465 0.387467 0.387592 0.387619 0.387651 0.387683 0.000000 0.000000
0.000000 0.000000 0.394088 0.394078 0.394049 0.393911 0.393894 0.393825 0.393785 0.393776 0.393754 0.393736 0.393751 0.393745 0.393809 0.393838 0.394024 0.394003 0.394018 0.000000 0.000000
0.000000 0.000000 0.401061 0.401050 0.400855 0.400866 0.400856 0.400817 0.400877 0.400851 0.400880 0.400859 0.400832 0.400880 0.400901 0.400913 0.400832 0.401092 0.401093 0.000000 0.000000
0.000000 0.000000 0.409538 0.409243 0.409225 0.409133 0.408984 0.408935 0.408886 0.408893 0.408819 0.408819 0.408857 0.408827 0.408900 0.409010 0.409208 0.409156 0.409460 0.000000 0.000000
0.000000 0.000000 0.414450 0.414617 0.414894 0.414858 0.414813 0.414546 0.414560 0.414493 0.414576 0.414554 0.414554 0.414578 0.414813 0.414845 0.414939 0.414680 0.414527 0.000000 0.000000
0.000000 0.000000 0.350000 0.350000 0.350000 0.350000 0.350000 0.350000 0.350000 0.350000 0.350000 0.350000 0.350000 0.350000 0.350000 0.350000 0.350000 0.350000 0.350000 0.000000 0.000000
0.000000 0.000000 0.000000 0.000000 0.000000 0.000000 0.000000 0.000000 0.000000 0.000000 0.000000 0.000000 0.000000 0.000000 0.000000 0.000000 0.000000 0.000000 0.000000 0.000000 0.000000