geotop/1.0zi/1.0Montebello/Templates/testdem/maps/_Eocsand8483.asc
ncols         21
nrows         20
xllcorner     100.000000
yllcorner     100.000000
cellsize      50.000000
NODATA_value  -9999.0
0.000000 0.000000 0.000000 0.000000 0.000000 0.000000 0.000000 0.000000 0.000000 0.000000 0.000000 0.000000 0.000000 0.000000 0.000000 0.000000 0.000000 0.000000 0.000000 0.000000 0.000000
0.000000 0.000000 0.300213 0.300211 0.300211 0.300212 0.300211 0.300210 0.300210 0.300211 0.300211 0.300211 0.300211 0.300211 0.300211 0.300211 0.300212 0.300212 0.300212 0.000000 0.000000
0.000000 0.000000 0.300012 0.300013 0.300013 0.300011 0.300012 0.300013 0.300013 0.300013 0.300013 0.300013 0.300012 0.300012 0.300012 0.300012 0.300013 0.300014 0.300014 0.000000 0.000000
0.000000 0.000000 0.299893 0.299892 0.299897 0.299905 0.299900 0.299908 0.299903 0.299906 0.299906 0.299906 0.299906 0.299907 0.299902 0.299898 0.299895 0.299892 0.299893 0.000000 0.000000
0.000000 0.000000 0.297881 0.297882 0.297896 0.297914 0.297939 0.297947 0.297952 0.297953 0.297955 0.297951 0.297949 0.297947 0.297926 0.297920 0.297907 0.297895 0.297884 0.000000 0.000000
0.000000 0.000000 0.291967 0.291972 0.291998 0.292047 0.292086 0.292132 0.292132 0.292146 0.292136 0.292135 0.292127 0.292131 0.292104 0.292072 0.292043 0.292023 0.292010 0.000000 0.000000
0.000000 0.000000 0.283663 0.283676 0.283695 0.283750 0.283819 0.283898 0.283897 0.283906 0.283905 0.283903 0.283905 0.283900 0.283832 0.283775 0.283740 0.283713 0.283697 0.000000 0.000000
0.000000 0.000000 0.273836 0.273846 0.273860 0.273924 0.273987 0.274073 0.274073 0.274085 0.274086 0.274090 0.274094 0.274078 0.274006 0.273951 0.273896 0.273882 0.273855 0.000000 0.000000
0.000000 0.000000 0.263276 0.263299 0.263328 0.263370 0.263443 0.263535 0.263528 0.263549 0.263554 0.263556 0.263553 0.263556 0.263466 0.263396 0.263353 0.263332 0.263309 0.000000 0.000000
0.000000 0.000000 0.252029 0.252054 0.252071 0.252111 0.252216 0.252298 0.252298 0.252308 0.252322 0.252312 0.252300 0.252305 0.252229 0.252145 0.252095 0.252077 0.252062 0.000000 0.000000
0.000000 0.000000 0.239714 0.239728 0.239746 0.239842 0.239910 0.240016 0.239988 0.240049 0.240035 0.240040 0.240059 0.240025 0.239950 0.239901 0.239833 0.239799 0.239752 0.000000 0.000000
0.000000 0.000000 0.225926 0.225970 0.226011 0.226064 0.226153 0.226275 0.226287 0.226297 0.226270 0.226314 0.226295 0.226294 0.226162 0.226093 0.226051 0.226023 0.225913 0.000000 0.000000
0.000000 0.000000 0.210888 0.210933 0.210937 0.211033 0.211102 0.211442 0.211450 0.211465 0.211561 0.211504 0.211489 0.211459 0.211197 0.211134 0.211003 0.210994 0.210940 0.000000 0.000000
0.000000 0.000000 0.193048 0.193061 0.193132 0.193195 0.193634 0.193582 0.193670 0.193669 0.193634 0.193668 0.193675 0.193709 0.193761 0.193299 0.193240 0.193119 0.193036 0.000000 0.000000
0.000000 0.000000 0.171875 0.171922 0.172012 0.172580 0.172503 0.172791 0.172914 0.172943 0.173044 0.173105 0.173040 0.173053 0.172772 0.172823 0.172073 0.172201 0.172193 0.000000 0.000000
0.000000 0.000000 0.148791 0.148832 0.149648 0.149385 0.149460 0.149514 0.149195 0.149293 0.149121 0.149172 0.149310 0.149110 0.149114 0.149063 0.149726 0.148526 0.148544 0.000000 0.000000
0.000000 0.000000 0.120661 0.121911 0.121583 0.122080 0.122702 0.122889 0.123256 0.123171 0.123556 0.123513 0.123290 0.123519 0.123194 0.122738 0.121633 0.122409 0.121111 0.000000 0.000000
0.000000 0.000000 0.111648 0.110484 0.109489 0.109475 0.109398 0.110359 0.110180 0.110468 0.109985 0.110080 0.110159 0.109997 0.109202 0.109262 0.109310 0.110060 0.111208 0.000000 0.000000
0.000000 0.000000 0.300000 0.300000 0.300000 0.300000 0.300000 0.300000 0.300000 0.300000 0.300000 0.300000 0.300000 0.300000 0.300000 0.300000 0.300000 0.300000 0.300000 0.000000 0.000000
0.000000 0.000000 0.000000 0.000000 0.000000 0.000000 0.000000 0.000000 0.000000 0.000000 0.000000 0.000000 0.000000 0.000000 0.000000 0.000000 0.000000 0.000000 0.000000 0.000000 0.000000