geotop/1.0zi/1.0Montebello/Templates/testdem/maps/_Eocsilt1478.asc
ncols         21
nrows         20
xllcorner     100.000000
yllcorner     100.000000
cellsize      50.000000
NODATA_value  -9999.0
0.000000 0.000000 0.000000 0.000000 0.000000 0.000000 0.000000 0.000000 0.000000 0.000000 0.000000 0.000000 0.000000 0.000000 0.000000 0.000000 0.000000 0.000000 0.000000 0.000000 0.000000
0.000000 0.000000 0.350030 0.350030 0.350030 0.350030 0.350030 0.350030 0.350030 0.350030 0.350030 0.350030 0.350030 0.350030 0.350030 0.350030 0.350030 0.350030 0.350030 0.000000 0.000000
0.000000 0.000000 0.349999 0.349999 0.349999 0.350000 0.349999 0.349999 0.349999 0.349999 0.349999 0.349999 0.349999 0.349999 0.349999 0.350000 0.349999 0.349999 0.349999 0.000000 0.000000
0.000000 0.000000 0.350606 0.350606 0.350603 0.350604 0.350606 0.350606 0.350606 0.350606 0.350606 0.350606 0.350606 0.350606 0.350606 0.350604 0.350603 0.350606 0.350606 0.000000 0.000000
0.000000 0.000000 0.352637 0.352637 0.352634 0.352634 0.352638 0.352637 0.352637 0.352638 0.352638 0.352638 0.352637 0.352637 0.352638 0.352634 0.352634 0.352637 0.352637 0.000000 0.000000
0.000000 0.000000 0.355147 0.355146 0.355144 0.355144 0.355147 0.355146 0.355146 0.355147 0.355147 0.355147 0.355146 0.355146 0.355147 0.355144 0.355144 0.355146 0.355147 0.000000 0.000000
0.000000 0.000000 0.357453 0.357452 0.357450 0.357451 0.357453 0.357452 0.357452 0.357453 0.357453 0.357453 0.357452 0.357452 0.357453 0.357451 0.357450 0.357452 0.357453 0.000000 0.000000
0.000000 0.000000 0.359571 0.359571 0.359569 0.359570 0.359571 0.359571 0.359571 0.359571 0.359571 0.359571 0.359571 0.359571 0.359571 0.359570 0.359569 0.359571 0.359571 0.000000 0.000000
0.000000 0.000000 0.361556 0.361556 0.361555 0.361555 0.361557 0.361556 0.361556 0.361557 0.361557 0.361557 0.361556 0.361556 0.361557 0.361555 0.361555 0.361556 0.361556 0.000000 0.000000
0.000000 0.000000 0.363458 0.363458 0.363456 0.363457 0.363458 0.363458 0.363458 0.363458 0.363458 0.363458 0.363458 0.363458 0.363458 0.363457 0.363456 0.363458 0.363458 0.000000 0.000000
0.000000 0.000000 0.365295 0.365295 0.365294 0.365294 0.365296 0.365295 0.365295 0.365296 0.365296 0.365296 0.365295 0.365295 0.365296 0.365294 0.365294 0.365295 0.365295 0.000000 0.000000
0.000000 0.000000 0.367086 0.367086 0.367084 0.367085 0.367086 0.367086 0.367086 0.367086 0.367086 0.367086 0.367086 0.367086 0.367086 0.367085 0.367084 0.367086 0.367086 0.000000 0.000000
0.000000 0.000000 0.368844 0.368844 0.368843 0.368843 0.368844 0.368844 0.368844 0.368844 0.368844 0.368844 0.368844 0.368844 0.368844 0.368843 0.368843 0.368844 0.368844 0.000000 0.000000
0.000000 0.000000 0.370571 0.370570 0.370569 0.370569 0.370571 0.370570 0.370570 0.370571 0.370571 0.370571 0.370570 0.370570 0.370571 0.370569 0.370569 0.370570 0.370571 0.000000 0.000000
0.000000 0.000000 0.372273 0.372273 0.372271 0.372272 0.372273 0.372273 0.372273 0.372273 0.372273 0.372273 0.372273 0.372273 0.372273 0.372272 0.372271 0.372273 0.372273 0.000000 0.000000
0.000000 0.000000 0.373957 0.373957 0.373956 0.373956 0.373957 0.373957 0.373957 0.373957 0.373957 0.373957 0.373957 0.373957 0.373957 0.373956 0.373956 0.373957 0.373957 0.000000 0.000000
0.000000 0.000000 0.375623 0.375623 0.375621 0.375622 0.375623 0.375623 0.375623 0.375623 0.375623 0.375623 0.375623 0.375623 0.375623 0.375622 0.375621 0.375623 0.375623 0.000000 0.000000
0.000000 0.000000 0.377309 0.377309 0.377307 0.377308 0.377309 0.377309 0.377309 0.377309 0.377309 0.377309 0.377309 0.377309 0.377309 0.377308 0.377307 0.377309 0.377309 0.000000 0.000000
0.000000 0.000000 0.350000 0.350000 0.350000 0.350000 0.350000 0.350000 0.350000 0.350000 0.350000 0.350000 0.350000 0.350000 0.350000 0.350000 0.350000 0.350000 0.350000 0.000000 0.000000
0.000000 0.000000 0.000000 0.000000 0.000000 0.000000 0.000000 0.000000 0.000000 0.000000 0.000000 0.000000 0.000000 0.000000 0.000000 0.000000 0.000000 0.000000 0.000000 0.000000 0.000000