geotop/1.0zi/1.0Montebello/Templates/testdem/maps/_Eocsilt2134.asc
ncols         21
nrows         20
xllcorner     100.000000
yllcorner     100.000000
cellsize      50.000000
NODATA_value  -9999.0
0.000000 0.000000 0.000000 0.000000 0.000000 0.000000 0.000000 0.000000 0.000000 0.000000 0.000000 0.000000 0.000000 0.000000 0.000000 0.000000 0.000000 0.000000 0.000000 0.000000 0.000000
0.000000 0.000000 0.350049 0.350049 0.350049 0.350049 0.350049 0.350049 0.350049 0.350049 0.350049 0.350049 0.350049 0.350049 0.350049 0.350049 0.350049 0.350049 0.350049 0.000000 0.000000
0.000000 0.000000 0.349997 0.349997 0.349997 0.349997 0.349997 0.349997 0.349997 0.349997 0.349997 0.349997 0.349997 0.349997 0.349997 0.349997 0.349997 0.349997 0.349997 0.000000 0.000000
0.000000 0.000000 0.350702 0.350701 0.350699 0.350700 0.350702 0.350702 0.350701 0.350702 0.350702 0.350702 0.350701 0.350702 0.350702 0.350700 0.350699 0.350701 0.350702 0.000000 0.000000
0.000000 0.000000 0.353391 0.353390 0.353389 0.353389 0.353391 0.353391 0.353391 0.353392 0.353392 0.353392 0.353391 0.353391 0.353391 0.353389 0.353389 0.353390 0.353391 0.000000 0.000000
0.000000 0.000000 0.356937 0.356936 0.356935 0.356935 0.356937 0.356937 0.356937 0.356938 0.356938 0.356938 0.356937 0.356937 0.356937 0.356935 0.356935 0.356936 0.356937 0.000000 0.000000
0.000000 0.000000 0.360198 0.360197 0.360196 0.360196 0.360198 0.360198 0.360198 0.360198 0.360199 0.360198 0.360198 0.360198 0.360198 0.360196 0.360196 0.360197 0.360198 0.000000 0.000000
0.000000 0.000000 0.363183 0.363182 0.363181 0.363181 0.363183 0.363182 0.363182 0.363183 0.363183 0.363183 0.363182 0.363182 0.363183 0.363181 0.363181 0.363182 0.363183 0.000000 0.000000
0.000000 0.000000 0.365972 0.365972 0.365970 0.365971 0.365972 0.365972 0.365972 0.365972 0.365973 0.365972 0.365972 0.365972 0.365972 0.365971 0.365970 0.365972 0.365972 0.000000 0.000000
0.000000 0.000000 0.368633 0.368633 0.368632 0.368632 0.368633 0.368633 0.368633 0.368634 0.368634 0.368634 0.368633 0.368633 0.368633 0.368632 0.368632 0.368633 0.368633 0.000000 0.000000
0.000000 0.000000 0.371196 0.371196 0.371195 0.371195 0.371197 0.371196 0.371196 0.371197 0.371197 0.371197 0.371196 0.371196 0.371197 0.371195 0.371195 0.371196 0.371196 0.000000 0.000000
0.000000 0.000000 0.373684 0.373684 0.373683 0.373683 0.373685 0.373684 0.373684 0.373685 0.373685 0.373685 0.373684 0.373684 0.373685 0.373683 0.373683 0.373684 0.373684 0.000000 0.000000
0.000000 0.000000 0.376115 0.376115 0.376113 0.376114 0.376115 0.376115 0.376115 0.376115 0.376115 0.376115 0.376115 0.376115 0.376115 0.376114 0.376113 0.376115 0.376115 0.000000 0.000000
0.000000 0.000000 0.378494 0.378494 0.378493 0.378493 0.378494 0.378494 0.378494 0.378494 0.378495 0.378494 0.378494 0.378494 0.378494 0.378493 0.378493 0.378494 0.378494 0.000000 0.000000
0.000000 0.000000 0.380832 0.380832 0.380831 0.380831 0.380832 0.380832 0.380832 0.380832 0.380833 0.380832 0.380832 0.380832 0.380832 0.380831 0.380831 0.380832 0.380832 0.000000 0.000000
0.000000 0.000000 0.383133 0.383133 0.383131 0.383132 0.383133 0.383133 0.383133 0.383133 0.383133 0.383133 0.383133 0.383133 0.383133 0.383132 0.383131 0.383133 0.383133 0.000000 0.000000
0.000000 0.000000 0.385397 0.385397 0.385396 0.385396 0.385398 0.385397 0.385397 0.385398 0.385398 0.385398 0.385397 0.385397 0.385398 0.385396 0.385396 0.385397 0.385397 0.000000 0.000000
0.000000 0.000000 0.387657 0.387657 0.387656 0.387656 0.387657 0.387657 0.387657 0.387657 0.387658 0.387657 0.387657 0.387657 0.387657 0.387656 0.387656 0.387657 0.387657 0.000000 0.000000
0.000000 0.000000 0.350000 0.350000 0.350000 0.350000 0.350000 0.350000 0.350000 0.350000 0.350000 0.350000 0.350000 0.350000 0.350000 0.350000 0.350000 0.350000 0.350000 0.000000 0.000000
0.000000 0.000000 0.000000 0.000000 0.000000 0.000000 0.000000 0.000000 0.000000 0.000000 0.000000 0.000000 0.000000 0.000000 0.000000 0.000000 0.000000 0.000000 0.000000 0.000000 0.000000