geotop/1.0zi/1.0Montebello/Templates/testdem/maps/_Eocsand3017.asc
ncols         21
nrows         20
xllcorner     100.000000
yllcorner     100.000000
cellsize      50.000000
NODATA_value  -9999.0
0.000000 0.000000 0.000000 0.000000 0.000000 0.000000 0.000000 0.000000 0.000000 0.000000 0.000000 0.000000 0.000000 0.000000 0.000000 0.000000 0.000000 0.000000 0.000000 0.000000 0.000000
0.000000 0.000000 0.300093 0.300093 0.300093 0.300093 0.300093 0.300093 0.300093 0.300093 0.300095 0.300093 0.300093 0.300093 0.300093 0.300093 0.300093 0.300093 0.300093 0.000000 0.000000
0.000000 0.000000 0.300009 0.300009 0.300009 0.300009 0.300009 0.300009 0.300009 0.300009 0.300007 0.300009 0.300009 0.300009 0.300009 0.300009 0.300009 0.300009 0.300009 0.000000 0.000000
0.000000 0.000000 0.297749 0.297750 0.297754 0.297752 0.297748 0.297749 0.297749 0.297749 0.297748 0.297749 0.297749 0.297749 0.297748 0.297752 0.297754 0.297750 0.297749 0.000000 0.000000
0.000000 0.000000 0.288807 0.288809 0.288812 0.288812 0.288806 0.288808 0.288808 0.288805 0.288805 0.288805 0.288808 0.288808 0.288806 0.288812 0.288812 0.288809 0.288807 0.000000 0.000000
0.000000 0.000000 0.278304 0.278305 0.278308 0.278308 0.278303 0.278305 0.278305 0.278303 0.278302 0.278303 0.278305 0.278305 0.278303 0.278308 0.278308 0.278305 0.278304 0.000000 0.000000
0.000000 0.000000 0.268617 0.268618 0.268621 0.268620 0.268616 0.268617 0.268617 0.268616 0.268615 0.268616 0.268617 0.268617 0.268616 0.268620 0.268621 0.268618 0.268617 0.000000 0.000000
0.000000 0.000000 0.259817 0.259817 0.259820 0.259819 0.259816 0.259817 0.259817 0.259816 0.259815 0.259816 0.259817 0.259817 0.259816 0.259819 0.259820 0.259817 0.259817 0.000000 0.000000
0.000000 0.000000 0.251674 0.251674 0.251677 0.251676 0.251673 0.251674 0.251674 0.251673 0.251672 0.251673 0.251674 0.251674 0.251673 0.251676 0.251677 0.251674 0.251674 0.000000 0.000000
0.000000 0.000000 0.243994 0.243994 0.243997 0.243996 0.243993 0.243994 0.243994 0.243993 0.243992 0.243993 0.243994 0.243994 0.243993 0.243996 0.243997 0.243994 0.243994 0.000000 0.000000
0.000000 0.000000 0.236680 0.236681 0.236683 0.236682 0.236679 0.236680 0.236680 0.236679 0.236678 0.236679 0.236680 0.236680 0.236679 0.236682 0.236683 0.236681 0.236680 0.000000 0.000000
0.000000 0.000000 0.229665 0.229666 0.229668 0.229667 0.229664 0.229665 0.229665 0.229664 0.229663 0.229664 0.229665 0.229665 0.229664 0.229667 0.229668 0.229666 0.229665 0.000000 0.000000
0.000000 0.000000 0.222894 0.222894 0.222896 0.222896 0.222893 0.222894 0.222894 0.222893 0.222892 0.222893 0.222894 0.222894 0.222893 0.222896 0.222896 0.222894 0.222894 0.000000 0.000000
0.000000 0.000000 0.216315 0.216315 0.216317 0.216316 0.216314 0.216315 0.216315 0.216314 0.216313 0.216314 0.216315 0.216315 0.216314 0.216316 0.216317 0.216315 0.216315 0.000000 0.000000
0.000000 0.000000 0.209915 0.209916 0.209918 0.209917 0.209915 0.209916 0.209915 0.209914 0.209914 0.209914 0.209915 0.209916 0.209915 0.209917 0.209918 0.209916 0.209915 0.000000 0.000000
0.000000 0.000000 0.203683 0.203684 0.203686 0.203685 0.203683 0.203684 0.203684 0.203682 0.203682 0.203682 0.203684 0.203684 0.203683 0.203685 0.203686 0.203684 0.203683 0.000000 0.000000
0.000000 0.000000 0.197599 0.197599 0.197601 0.197600 0.197598 0.197599 0.197599 0.197598 0.197597 0.197598 0.197599 0.197599 0.197598 0.197600 0.197601 0.197599 0.197599 0.000000 0.000000
0.000000 0.000000 0.191540 0.191540 0.191542 0.191541 0.191539 0.191540 0.191540 0.191539 0.191538 0.191539 0.191540 0.191540 0.191539 0.191541 0.191542 0.191540 0.191539 0.000000 0.000000
0.000000 0.000000 0.300000 0.300000 0.300000 0.300000 0.300000 0.300000 0.300000 0.300000 0.300000 0.300000 0.300000 0.300000 0.300000 0.300000 0.300000 0.300000 0.300000 0.000000 0.000000
0.000000 0.000000 0.000000 0.000000 0.000000 0.000000 0.000000 0.000000 0.000000 0.000000 0.000000 0.000000 0.000000 0.000000 0.000000 0.000000 0.000000 0.000000 0.000000 0.000000 0.000000