geotop/1.0zi/1.0Montebello/Templates/testdem/maps/_Eocsilt3320.asc
ncols         21
nrows         20
xllcorner     100.000000
yllcorner     100.000000
cellsize      50.000000
NODATA_value  -9999.0
0.000000 0.000000 0.000000 0.000000 0.000000 0.000000 0.000000 0.000000 0.000000 0.000000 0.000000 0.000000 0.000000 0.000000 0.000000 0.000000 0.000000 0.000000 0.000000 0.000000 0.000000
0.000000 0.000000 0.350090 0.350090 0.350090 0.350090 0.350090 0.350090 0.350090 0.350090 0.350089 0.350090 0.350090 0.350090 0.350090 0.350090 0.350090 0.350090 0.350090 0.000000 0.000000
0.000000 0.000000 0.349994 0.349994 0.349994 0.349994 0.349994 0.349994 0.349994 0.349994 0.349995 0.349994 0.349994 0.349994 0.349994 0.349994 0.349994 0.349994 0.349994 0.000000 0.000000
0.000000 0.000000 0.351313 0.351312 0.351310 0.351311 0.351313 0.351313 0.351312 0.351313 0.351313 0.351313 0.351312 0.351313 0.351313 0.351311 0.351310 0.351312 0.351313 0.000000 0.000000
0.000000 0.000000 0.355971 0.355970 0.355968 0.355969 0.355971 0.355970 0.355970 0.355971 0.355972 0.355971 0.355970 0.355970 0.355971 0.355969 0.355968 0.355970 0.355971 0.000000 0.000000
0.000000 0.000000 0.361704 0.361704 0.361702 0.361702 0.361705 0.361704 0.361704 0.361705 0.361705 0.361705 0.361704 0.361704 0.361705 0.361702 0.361702 0.361704 0.361704 0.000000 0.000000
0.000000 0.000000 0.366905 0.366904 0.366903 0.366903 0.366905 0.366904 0.366904 0.366905 0.366906 0.366905 0.366904 0.366904 0.366905 0.366903 0.366903 0.366904 0.366905 0.000000 0.000000
0.000000 0.000000 0.371609 0.371609 0.371608 0.371608 0.371610 0.371609 0.371609 0.371610 0.371610 0.371610 0.371609 0.371609 0.371610 0.371608 0.371608 0.371609 0.371609 0.000000 0.000000
0.000000 0.000000 0.375954 0.375954 0.375952 0.375953 0.375954 0.375954 0.375954 0.375954 0.375955 0.375954 0.375954 0.375954 0.375954 0.375953 0.375952 0.375954 0.375954 0.000000 0.000000
0.000000 0.000000 0.380041 0.380041 0.380040 0.380040 0.380041 0.380041 0.380041 0.380041 0.380042 0.380041 0.380041 0.380041 0.380041 0.380040 0.380040 0.380041 0.380041 0.000000 0.000000
0.000000 0.000000 0.383922 0.383922 0.383921 0.383921 0.383922 0.383922 0.383922 0.383922 0.383923 0.383922 0.383922 0.383922 0.383922 0.383921 0.383921 0.383922 0.383922 0.000000 0.000000
0.000000 0.000000 0.387634 0.387634 0.387633 0.387633 0.387634 0.387634 0.387634 0.387634 0.387635 0.387634 0.387634 0.387634 0.387634 0.387633 0.387633 0.387634 0.387634 0.000000 0.000000
0.000000 0.000000 0.391203 0.391203 0.391202 0.391202 0.391204 0.391203 0.391203 0.391203 0.391204 0.391203 0.391203 0.391203 0.391204 0.391202 0.391202 0.391203 0.391203 0.000000 0.000000
0.000000 0.000000 0.394659 0.394659 0.394658 0.394658 0.394659 0.394659 0.394659 0.394659 0.394660 0.394659 0.394659 0.394659 0.394659 0.394658 0.394658 0.394659 0.394659 0.000000 0.000000
0.000000 0.000000 0.398010 0.398010 0.398009 0.398010 0.398011 0.398010 0.398010 0.398011 0.398011 0.398011 0.398010 0.398010 0.398011 0.398010 0.398009 0.398010 0.398010 0.000000 0.000000
0.000000 0.000000 0.401264 0.401264 0.401263 0.401263 0.401264 0.401264 0.401264 0.401264 0.401265 0.401264 0.401264 0.401264 0.401264 0.401263 0.401263 0.401264 0.401264 0.000000 0.000000
0.000000 0.000000 0.404429 0.404429 0.404428 0.404428 0.404429 0.404429 0.404429 0.404429 0.404430 0.404429 0.404429 0.404429 0.404429 0.404428 0.404428 0.404429 0.404429 0.000000 0.000000
0.000000 0.000000 0.407560 0.407561 0.407560 0.407560 0.407561 0.407561 0.407561 0.407561 0.407561 0.407561 0.407561 0.407561 0.407561 0.407560 0.407560 0.407561 0.407561 0.000000 0.000000
0.000000 0.000000 0.350000 0.350000 0.350000 0.350000 0.350000 0.350000 0.350000 0.350000 0.350000 0.350000 0.350000 0.350000 0.350000 0.350000 0.350000 0.350000 0.350000 0.000000 0.000000
0.000000 0.000000 0.000000 0.000000 0.000000 0.000000 0.000000 0.000000 0.000000 0.000000 0.000000 0.000000 0.000000 0.000000 0.000000 0.000000 0.000000 0.000000 0.000000 0.000000 0.000000