geotop/1.0zi/1.0Montebello/Templates/testdem/maps/_Eocsand1108.asc
ncols         21
nrows         20
xllcorner     100.000000
yllcorner     100.000000
cellsize      50.000000
NODATA_value  -9999.0
0.000000 0.000000 0.000000 0.000000 0.000000 0.000000 0.000000 0.000000 0.000000 0.000000 0.000000 0.000000 0.000000 0.000000 0.000000 0.000000 0.000000 0.000000 0.000000 0.000000 0.000000
0.000000 0.000000 0.300036 0.300036 0.300036 0.300036 0.300036 0.300036 0.300036 0.300036 0.300036 0.300036 0.300036 0.300036 0.300036 0.300036 0.300036 0.300036 0.300036 0.000000 0.000000
0.000000 0.000000 0.300004 0.300004 0.300005 0.300004 0.300004 0.300004 0.300004 0.300004 0.300004 0.300004 0.300004 0.300004 0.300004 0.300004 0.300005 0.300004 0.300004 0.000000 0.000000
0.000000 0.000000 0.299095 0.299096 0.299101 0.299099 0.299095 0.299096 0.299096 0.299095 0.299095 0.299095 0.299096 0.299096 0.299095 0.299099 0.299101 0.299096 0.299095 0.000000 0.000000
0.000000 0.000000 0.295876 0.295878 0.295882 0.295882 0.295876 0.295877 0.295877 0.295875 0.295876 0.295875 0.295877 0.295877 0.295876 0.295882 0.295882 0.295878 0.295876 0.000000 0.000000
0.000000 0.000000 0.292142 0.292143 0.292147 0.292146 0.292141 0.292142 0.292142 0.292141 0.292141 0.292141 0.292142 0.292142 0.292141 0.292146 0.292147 0.292143 0.292142 0.000000 0.000000
0.000000 0.000000 0.288644 0.288644 0.288648 0.288647 0.288643 0.288644 0.288644 0.288643 0.288643 0.288643 0.288644 0.288644 0.288643 0.288647 0.288648 0.288644 0.288644 0.000000 0.000000
0.000000 0.000000 0.285422 0.285422 0.285426 0.285425 0.285422 0.285422 0.285422 0.285421 0.285421 0.285421 0.285422 0.285422 0.285422 0.285425 0.285426 0.285422 0.285422 0.000000 0.000000
0.000000 0.000000 0.282401 0.282401 0.282404 0.282404 0.282401 0.282401 0.282401 0.282400 0.282400 0.282400 0.282401 0.282401 0.282401 0.282404 0.282404 0.282401 0.282401 0.000000 0.000000
0.000000 0.000000 0.279503 0.279504 0.279507 0.279506 0.279503 0.279504 0.279504 0.279503 0.279503 0.279503 0.279504 0.279504 0.279503 0.279506 0.279507 0.279504 0.279503 0.000000 0.000000
0.000000 0.000000 0.276701 0.276702 0.276705 0.276704 0.276701 0.276702 0.276702 0.276701 0.276701 0.276701 0.276702 0.276702 0.276701 0.276704 0.276705 0.276702 0.276701 0.000000 0.000000
0.000000 0.000000 0.273964 0.273964 0.273967 0.273966 0.273963 0.273964 0.273964 0.273963 0.273963 0.273963 0.273964 0.273964 0.273963 0.273966 0.273967 0.273964 0.273964 0.000000 0.000000
0.000000 0.000000 0.271271 0.271272 0.271275 0.271274 0.271271 0.271271 0.271271 0.271271 0.271271 0.271271 0.271271 0.271271 0.271271 0.271274 0.271275 0.271272 0.271271 0.000000 0.000000
0.000000 0.000000 0.268626 0.268626 0.268629 0.268628 0.268625 0.268626 0.268626 0.268625 0.268625 0.268625 0.268626 0.268626 0.268625 0.268628 0.268629 0.268626 0.268626 0.000000 0.000000
0.000000 0.000000 0.266007 0.266007 0.266010 0.266009 0.266007 0.266007 0.266007 0.266006 0.266007 0.266006 0.266007 0.266007 0.266007 0.266009 0.266010 0.266007 0.266007 0.000000 0.000000
0.000000 0.000000 0.263405 0.263405 0.263408 0.263407 0.263405 0.263405 0.263405 0.263404 0.263404 0.263404 0.263405 0.263405 0.263405 0.263407 0.263408 0.263405 0.263405 0.000000 0.000000
0.000000 0.000000 0.260830 0.260830 0.260833 0.260832 0.260830 0.260830 0.260830 0.260829 0.260829 0.260829 0.260830 0.260830 0.260830 0.260832 0.260833 0.260830 0.260830 0.000000 0.000000
0.000000 0.000000 0.258205 0.258205 0.258208 0.258207 0.258204 0.258205 0.258205 0.258204 0.258204 0.258204 0.258205 0.258205 0.258204 0.258207 0.258208 0.258205 0.258205 0.000000 0.000000
0.000000 0.000000 0.300000 0.300000 0.300000 0.300000 0.300000 0.300000 0.300000 0.300000 0.300000 0.300000 0.300000 0.300000 0.300000 0.300000 0.300000 0.300000 0.300000 0.000000 0.000000
0.000000 0.000000 0.000000 0.000000 0.000000 0.000000 0.000000 0.000000 0.000000 0.000000 0.000000 0.000000 0.000000 0.000000 0.000000 0.000000 0.000000 0.000000 0.000000 0.000000 0.000000