geotop/1.0zi/1.0Montebello/Templates/testdem/maps/_Eocsand9428.asc
ncols         21
nrows         20
xllcorner     100.000000
yllcorner     100.000000
cellsize      50.000000
NODATA_value  -9999.0
0.000000 0.000000 0.000000 0.000000 0.000000 0.000000 0.000000 0.000000 0.000000 0.000000 0.000000 0.000000 0.000000 0.000000 0.000000 0.000000 0.000000 0.000000 0.000000 0.000000 0.000000
0.000000 0.000000 0.300238 0.300235 0.300235 0.300236 0.300235 0.300235 0.300235 0.300235 0.300236 0.300235 0.300235 0.300236 0.300235 0.300235 0.300236 0.300236 0.300235 0.000000 0.000000
0.000000 0.000000 0.300011 0.300013 0.300013 0.300011 0.300012 0.300013 0.300012 0.300012 0.300013 0.300013 0.300012 0.300012 0.300012 0.300012 0.300013 0.300013 0.300014 0.000000 0.000000
0.000000 0.000000 0.299814 0.299812 0.299820 0.299828 0.299827 0.299833 0.299825 0.299827 0.299827 0.299825 0.299824 0.299826 0.299820 0.299814 0.299812 0.299810 0.299810 0.000000 0.000000
0.000000 0.000000 0.297207 0.297208 0.297226 0.297253 0.297282 0.297289 0.297289 0.297290 0.297291 0.297284 0.297280 0.297279 0.297256 0.297245 0.297230 0.297221 0.297208 0.000000 0.000000
0.000000 0.000000 0.290040 0.290050 0.290088 0.290140 0.290201 0.290253 0.290251 0.290262 0.290257 0.290255 0.290245 0.290248 0.290218 0.290168 0.290142 0.290122 0.290108 0.000000 0.000000
0.000000 0.000000 0.280176 0.280195 0.280227 0.280290 0.280370 0.280478 0.280469 0.280477 0.280480 0.280478 0.280479 0.280471 0.280390 0.280325 0.280286 0.280258 0.280241 0.000000 0.000000
0.000000 0.000000 0.268480 0.268501 0.268530 0.268605 0.268687 0.268785 0.268779 0.268790 0.268794 0.268799 0.268802 0.268782 0.268706 0.268635 0.268571 0.268558 0.268528 0.000000 0.000000
0.000000 0.000000 0.255705 0.255735 0.255777 0.255832 0.255928 0.256043 0.256028 0.256050 0.256060 0.256063 0.256057 0.256059 0.255950 0.255867 0.255818 0.255797 0.255771 0.000000 0.000000
0.000000 0.000000 0.241721 0.241760 0.241792 0.241852 0.241980 0.242087 0.242080 0.242094 0.242113 0.242101 0.242086 0.242088 0.242001 0.241894 0.241835 0.241813 0.241798 0.000000 0.000000
0.000000 0.000000 0.225968 0.225995 0.226024 0.226164 0.226247 0.226388 0.226350 0.226424 0.226412 0.226421 0.226444 0.226397 0.226302 0.226236 0.226154 0.226119 0.226053 0.000000 0.000000
0.000000 0.000000 0.207773 0.207836 0.207919 0.207984 0.208107 0.208281 0.208276 0.208285 0.208254 0.208318 0.208284 0.208287 0.208116 0.208017 0.207972 0.207944 0.207805 0.000000 0.000000
0.000000 0.000000 0.187407 0.187463 0.187480 0.187637 0.187738 0.188238 0.188233 0.188258 0.188416 0.188319 0.188300 0.188250 0.187880 0.187788 0.187609 0.187595 0.187550 0.000000 0.000000
0.000000 0.000000 0.162352 0.162370 0.162513 0.162605 0.163306 0.163109 0.163241 0.163235 0.163148 0.163229 0.163240 0.163300 0.163484 0.162731 0.162689 0.162509 0.162397 0.000000 0.000000
0.000000 0.000000 0.133099 0.133184 0.133327 0.134235 0.133928 0.134468 0.134604 0.134655 0.134845 0.134921 0.134813 0.134806 0.134313 0.134594 0.133402 0.133667 0.133694 0.000000 0.000000
0.000000 0.000000 0.104726 0.104778 0.105901 0.105346 0.105537 0.105508 0.105008 0.105139 0.104874 0.104920 0.105128 0.104852 0.104980 0.104817 0.106032 0.104325 0.104349 0.000000 0.000000
0.000000 0.000000 0.077386 0.078462 0.078092 0.078588 0.079136 0.079318 0.079685 0.079597 0.079971 0.079926 0.079707 0.079932 0.079629 0.079222 0.078153 0.078987 0.077865 0.000000 0.000000
0.000000 0.000000 0.068259 0.067805 0.067148 0.067269 0.067356 0.067992 0.067949 0.068109 0.067890 0.067941 0.067944 0.067887 0.067344 0.067276 0.067078 0.067696 0.068140 0.000000 0.000000
0.000000 0.000000 0.300000 0.300000 0.300000 0.300000 0.300000 0.300000 0.300000 0.300000 0.300000 0.300000 0.300000 0.300000 0.300000 0.300000 0.300000 0.300000 0.300000 0.000000 0.000000
0.000000 0.000000 0.000000 0.000000 0.000000 0.000000 0.000000 0.000000 0.000000 0.000000 0.000000 0.000000 0.000000 0.000000 0.000000 0.000000 0.000000 0.000000 0.000000 0.000000 0.000000