geotop/1.0zi/1.0Montebello/Templates/testdem/maps/_Eocsand2941.asc
ncols         21
nrows         20
xllcorner     100.000000
yllcorner     100.000000
cellsize      50.000000
NODATA_value  -9999.0
0.000000 0.000000 0.000000 0.000000 0.000000 0.000000 0.000000 0.000000 0.000000 0.000000 0.000000 0.000000 0.000000 0.000000 0.000000 0.000000 0.000000 0.000000 0.000000 0.000000 0.000000
0.000000 0.000000 0.300089 0.300089 0.300088 0.300089 0.300088 0.300089 0.300089 0.300088 0.300090 0.300088 0.300089 0.300089 0.300088 0.300089 0.300088 0.300089 0.300089 0.000000 0.000000
0.000000 0.000000 0.300010 0.300010 0.300010 0.300010 0.300010 0.300010 0.300010 0.300010 0.300009 0.300010 0.300010 0.300010 0.300010 0.300010 0.300010 0.300010 0.300010 0.000000 0.000000
0.000000 0.000000 0.297888 0.297888 0.297893 0.297891 0.297887 0.297888 0.297888 0.297887 0.297887 0.297887 0.297888 0.297888 0.297887 0.297891 0.297893 0.297888 0.297888 0.000000 0.000000
0.000000 0.000000 0.289309 0.289310 0.289314 0.289313 0.289307 0.289309 0.289309 0.289306 0.289306 0.289306 0.289309 0.289309 0.289307 0.289313 0.289314 0.289310 0.289309 0.000000 0.000000
0.000000 0.000000 0.279107 0.279109 0.279112 0.279111 0.279106 0.279108 0.279108 0.279106 0.279105 0.279106 0.279108 0.279108 0.279106 0.279111 0.279112 0.279109 0.279107 0.000000 0.000000
0.000000 0.000000 0.269678 0.269679 0.269681 0.269681 0.269677 0.269678 0.269678 0.269676 0.269676 0.269676 0.269678 0.269678 0.269677 0.269681 0.269681 0.269679 0.269678 0.000000 0.000000
0.000000 0.000000 0.261105 0.261106 0.261108 0.261108 0.261104 0.261105 0.261105 0.261104 0.261103 0.261104 0.261105 0.261105 0.261104 0.261108 0.261108 0.261106 0.261105 0.000000 0.000000
0.000000 0.000000 0.253165 0.253166 0.253168 0.253167 0.253164 0.253165 0.253165 0.253164 0.253163 0.253164 0.253165 0.253165 0.253164 0.253167 0.253168 0.253166 0.253165 0.000000 0.000000
0.000000 0.000000 0.245667 0.245668 0.245670 0.245670 0.245667 0.245668 0.245668 0.245666 0.245666 0.245666 0.245668 0.245668 0.245667 0.245670 0.245670 0.245668 0.245667 0.000000 0.000000
0.000000 0.000000 0.238522 0.238522 0.238525 0.238524 0.238521 0.238522 0.238522 0.238521 0.238520 0.238521 0.238522 0.238522 0.238521 0.238524 0.238525 0.238522 0.238522 0.000000 0.000000
0.000000 0.000000 0.231660 0.231661 0.231663 0.231662 0.231660 0.231661 0.231660 0.231659 0.231659 0.231659 0.231660 0.231661 0.231660 0.231662 0.231663 0.231661 0.231660 0.000000 0.000000
0.000000 0.000000 0.225030 0.225031 0.225033 0.225032 0.225030 0.225031 0.225030 0.225029 0.225029 0.225029 0.225030 0.225031 0.225030 0.225032 0.225033 0.225031 0.225030 0.000000 0.000000
0.000000 0.000000 0.218583 0.218584 0.218586 0.218585 0.218583 0.218584 0.218583 0.218582 0.218582 0.218582 0.218583 0.218584 0.218583 0.218585 0.218586 0.218584 0.218583 0.000000 0.000000
0.000000 0.000000 0.212304 0.212304 0.212306 0.212306 0.212303 0.212304 0.212304 0.212303 0.212302 0.212303 0.212304 0.212304 0.212303 0.212306 0.212306 0.212304 0.212304 0.000000 0.000000
0.000000 0.000000 0.206181 0.206182 0.206184 0.206183 0.206181 0.206182 0.206181 0.206180 0.206180 0.206180 0.206181 0.206182 0.206181 0.206183 0.206184 0.206182 0.206181 0.000000 0.000000
0.000000 0.000000 0.200202 0.200202 0.200205 0.200204 0.200201 0.200202 0.200202 0.200201 0.200201 0.200201 0.200202 0.200202 0.200201 0.200204 0.200205 0.200202 0.200202 0.000000 0.000000
0.000000 0.000000 0.194253 0.194252 0.194255 0.194254 0.194251 0.194252 0.194252 0.194251 0.194251 0.194251 0.194252 0.194252 0.194251 0.194254 0.194255 0.194252 0.194252 0.000000 0.000000
0.000000 0.000000 0.300000 0.300000 0.300000 0.300000 0.300000 0.300000 0.300000 0.300000 0.300000 0.300000 0.300000 0.300000 0.300000 0.300000 0.300000 0.300000 0.300000 0.000000 0.000000
0.000000 0.000000 0.000000 0.000000 0.000000 0.000000 0.000000 0.000000 0.000000 0.000000 0.000000 0.000000 0.000000 0.000000 0.000000 0.000000 0.000000 0.000000 0.000000 0.000000 0.000000