geotop/1.0zi/1.0Montebello/Templates/testdem/maps/_Eocclay9594.asc
ncols         21
nrows         20
xllcorner     100.000000
yllcorner     100.000000
cellsize      50.000000
NODATA_value  -9999.0
0.000000 0.000000 0.000000 0.000000 0.000000 0.000000 0.000000 0.000000 0.000000 0.000000 0.000000 0.000000 0.000000 0.000000 0.000000 0.000000 0.000000 0.000000 0.000000 0.000000 0.000000
0.000000 0.000000 0.349554 0.349557 0.349556 0.349555 0.349557 0.349557 0.349557 0.349557 0.349556 0.349557 0.349557 0.349556 0.349557 0.349557 0.349555 0.349555 0.349556 0.000000 0.000000
0.000000 0.000000 0.349981 0.349979 0.349979 0.349981 0.349979 0.349979 0.349979 0.349979 0.349979 0.349979 0.349979 0.349979 0.349980 0.349981 0.349981 0.349980 0.349979 0.000000 0.000000
0.000000 0.000000 0.350038 0.350043 0.350041 0.350039 0.350040 0.350039 0.350044 0.350041 0.350044 0.350042 0.350042 0.350041 0.350044 0.350045 0.350043 0.350044 0.350042 0.000000 0.000000
0.000000 0.000000 0.351448 0.351442 0.351435 0.351423 0.351404 0.351402 0.351399 0.351401 0.351399 0.351403 0.351403 0.351405 0.351414 0.351420 0.351431 0.351434 0.351443 0.000000 0.000000
0.000000 0.000000 0.355294 0.355288 0.355266 0.355231 0.355200 0.355169 0.355174 0.355168 0.355168 0.355167 0.355174 0.355172 0.355188 0.355218 0.355233 0.355246 0.355251 0.000000 0.000000
0.000000 0.000000 0.360427 0.360416 0.360403 0.360368 0.360328 0.360271 0.360271 0.360266 0.360262 0.360263 0.360265 0.360265 0.360311 0.360345 0.360364 0.360377 0.360385 0.000000 0.000000
0.000000 0.000000 0.366538 0.366525 0.366509 0.366465 0.366420 0.366368 0.366369 0.366362 0.366358 0.366355 0.366353 0.366363 0.366405 0.366441 0.366473 0.366481 0.366496 0.000000 0.000000
0.000000 0.000000 0.373207 0.373190 0.373167 0.373134 0.373083 0.373024 0.373030 0.373018 0.373010 0.373008 0.373011 0.373009 0.373066 0.373110 0.373134 0.373144 0.373157 0.000000 0.000000
0.000000 0.000000 0.380573 0.380547 0.380529 0.380494 0.380437 0.380375 0.380376 0.380368 0.380355 0.380360 0.380369 0.380366 0.380412 0.380469 0.380498 0.380509 0.380516 0.000000 0.000000
0.000000 0.000000 0.388954 0.388933 0.388914 0.388836 0.388809 0.388725 0.388742 0.388701 0.388705 0.388699 0.388686 0.388710 0.388761 0.388796 0.388837 0.388852 0.388889 0.000000 0.000000
0.000000 0.000000 0.398711 0.398668 0.398619 0.398582 0.398538 0.398433 0.398431 0.398426 0.398438 0.398402 0.398419 0.398415 0.398508 0.398561 0.398583 0.398596 0.398670 0.000000 0.000000
0.000000 0.000000 0.409713 0.409672 0.409659 0.409585 0.409531 0.409257 0.409252 0.409234 0.409139 0.409197 0.409203 0.409228 0.409432 0.409477 0.409577 0.409582 0.409602 0.000000 0.000000
0.000000 0.000000 0.423380 0.423359 0.423272 0.423220 0.422834 0.422964 0.422880 0.422880 0.422929 0.422878 0.422869 0.422831 0.422710 0.423130 0.423148 0.423246 0.423307 0.000000 0.000000
0.000000 0.000000 0.439224 0.439177 0.439095 0.438588 0.438794 0.438483 0.438407 0.438374 0.438262 0.438223 0.438280 0.438284 0.438558 0.438359 0.439023 0.438868 0.438847 0.000000 0.000000
0.000000 0.000000 0.454079 0.454049 0.453450 0.453773 0.453665 0.453694 0.453960 0.453889 0.454033 0.454009 0.453894 0.454039 0.453952 0.454048 0.453362 0.454281 0.454268 0.000000 0.000000
0.000000 0.000000 0.467878 0.467336 0.467532 0.467284 0.467007 0.466918 0.466730 0.466775 0.466587 0.466610 0.466720 0.466605 0.466754 0.466958 0.467495 0.467063 0.467629 0.000000 0.000000
0.000000 0.000000 0.472463 0.472704 0.473046 0.472990 0.472952 0.472634 0.472656 0.472574 0.472688 0.472663 0.472659 0.472689 0.472960 0.472990 0.473079 0.472757 0.472520 0.000000 0.000000
0.000000 0.000000 0.350000 0.350000 0.350000 0.350000 0.350000 0.350000 0.350000 0.350000 0.350000 0.350000 0.350000 0.350000 0.350000 0.350000 0.350000 0.350000 0.350000 0.000000 0.000000
0.000000 0.000000 0.000000 0.000000 0.000000 0.000000 0.000000 0.000000 0.000000 0.000000 0.000000 0.000000 0.000000 0.000000 0.000000 0.000000 0.000000 0.000000 0.000000 0.000000 0.000000