geotop/1.0zi/1.0Montebello/Templates/testdem/maps/_Eocclay7859.asc
ncols         21
nrows         20
xllcorner     100.000000
yllcorner     100.000000
cellsize      50.000000
NODATA_value  -9999.0
0.000000 0.000000 0.000000 0.000000 0.000000 0.000000 0.000000 0.000000 0.000000 0.000000 0.000000 0.000000 0.000000 0.000000 0.000000 0.000000 0.000000 0.000000 0.000000 0.000000 0.000000
0.000000 0.000000 0.349636 0.349638 0.349638 0.349637 0.349639 0.349639 0.349638 0.349639 0.349637 0.349639 0.349639 0.349638 0.349639 0.349638 0.349636 0.349637 0.349637 0.000000 0.000000
0.000000 0.000000 0.349985 0.349984 0.349985 0.349986 0.349984 0.349983 0.349984 0.349983 0.349983 0.349983 0.349983 0.349983 0.349984 0.349984 0.349985 0.349984 0.349983 0.000000 0.000000
0.000000 0.000000 0.350003 0.350008 0.350004 0.350003 0.350006 0.350003 0.350005 0.350003 0.350006 0.350004 0.350004 0.350003 0.350005 0.350006 0.350005 0.350008 0.350007 0.000000 0.000000
0.000000 0.000000 0.350986 0.350983 0.350979 0.350974 0.350958 0.350956 0.350953 0.350956 0.350953 0.350953 0.350949 0.350953 0.350963 0.350965 0.350974 0.350975 0.350981 0.000000 0.000000
0.000000 0.000000 0.353725 0.353723 0.353711 0.353682 0.353668 0.353644 0.353645 0.353638 0.353642 0.353641 0.353643 0.353645 0.353656 0.353675 0.353690 0.353705 0.353711 0.000000 0.000000
0.000000 0.000000 0.357489 0.357485 0.357476 0.357452 0.357422 0.357384 0.357383 0.357377 0.357378 0.357379 0.357379 0.357380 0.357413 0.357442 0.357458 0.357471 0.357479 0.000000 0.000000
0.000000 0.000000 0.361952 0.361949 0.361941 0.361911 0.361882 0.361841 0.361840 0.361836 0.361835 0.361832 0.361830 0.361838 0.361873 0.361899 0.361924 0.361933 0.361945 0.000000 0.000000
0.000000 0.000000 0.366664 0.366657 0.366643 0.366624 0.366593 0.366551 0.366553 0.366543 0.366541 0.366539 0.366539 0.366539 0.366580 0.366614 0.366633 0.366643 0.366653 0.000000 0.000000
0.000000 0.000000 0.371637 0.371626 0.371619 0.371600 0.371554 0.371516 0.371516 0.371511 0.371505 0.371508 0.371514 0.371512 0.371547 0.371585 0.371609 0.371617 0.371625 0.000000 0.000000
0.000000 0.000000 0.377026 0.377019 0.377010 0.376971 0.376939 0.376893 0.376903 0.376878 0.376881 0.376880 0.376872 0.376888 0.376920 0.376944 0.376974 0.376991 0.377011 0.000000 0.000000
0.000000 0.000000 0.382967 0.382951 0.382932 0.382906 0.382870 0.382814 0.382811 0.382803 0.382816 0.382796 0.382801 0.382805 0.382863 0.382892 0.382913 0.382925 0.382975 0.000000 0.000000
0.000000 0.000000 0.389359 0.389343 0.389335 0.389298 0.389267 0.389125 0.389123 0.389114 0.389077 0.389096 0.389104 0.389117 0.389226 0.389256 0.389310 0.389316 0.389342 0.000000 0.000000
0.000000 0.000000 0.396791 0.396785 0.396755 0.396728 0.396555 0.396561 0.396524 0.396524 0.396532 0.396523 0.396519 0.396512 0.396501 0.396682 0.396714 0.396762 0.396797 0.000000 0.000000
0.000000 0.000000 0.405502 0.405485 0.405448 0.405231 0.405239 0.405131 0.405079 0.405066 0.405030 0.405004 0.405028 0.405022 0.405127 0.405133 0.405420 0.405380 0.405388 0.000000 0.000000
0.000000 0.000000 0.415090 0.415074 0.414760 0.414828 0.414807 0.414770 0.414881 0.414843 0.414900 0.414875 0.414826 0.414904 0.414918 0.414935 0.414731 0.415174 0.415167 0.000000 0.000000
0.000000 0.000000 0.427077 0.426576 0.426646 0.426466 0.426215 0.426141 0.426018 0.426046 0.425903 0.425914 0.425993 0.425919 0.426043 0.426229 0.426626 0.426403 0.426919 0.000000 0.000000
0.000000 0.000000 0.432114 0.432554 0.433003 0.432991 0.432992 0.432565 0.432623 0.432502 0.432689 0.432649 0.432626 0.432687 0.433050 0.433048 0.433084 0.432716 0.432286 0.000000 0.000000
0.000000 0.000000 0.350000 0.350000 0.350000 0.350000 0.350000 0.350000 0.350000 0.350000 0.350000 0.350000 0.350000 0.350000 0.350000 0.350000 0.350000 0.350000 0.350000 0.000000 0.000000
0.000000 0.000000 0.000000 0.000000 0.000000 0.000000 0.000000 0.000000 0.000000 0.000000 0.000000 0.000000 0.000000 0.000000 0.000000 0.000000 0.000000 0.000000 0.000000 0.000000 0.000000