geotop/1.0zi/1.0Montebello/Templates/testdem/maps/_Eocclay4547.asc
ncols         21
nrows         20
xllcorner     100.000000
yllcorner     100.000000
cellsize      50.000000
NODATA_value  -9999.0
0.000000 0.000000 0.000000 0.000000 0.000000 0.000000 0.000000 0.000000 0.000000 0.000000 0.000000 0.000000 0.000000 0.000000 0.000000 0.000000 0.000000 0.000000 0.000000 0.000000 0.000000
0.000000 0.000000 0.349798 0.349799 0.349799 0.349799 0.349799 0.349799 0.349799 0.349799 0.349799 0.349799 0.349799 0.349799 0.349799 0.349799 0.349799 0.349799 0.349799 0.000000 0.000000
0.000000 0.000000 0.349993 0.349993 0.349993 0.349993 0.349993 0.349993 0.349993 0.349993 0.349992 0.349992 0.349993 0.349993 0.349993 0.349993 0.349993 0.349993 0.349993 0.000000 0.000000
0.000000 0.000000 0.349994 0.349996 0.349994 0.349995 0.349996 0.349996 0.349996 0.349995 0.349996 0.349994 0.349994 0.349994 0.349996 0.349997 0.349996 0.349996 0.349995 0.000000 0.000000
0.000000 0.000000 0.350339 0.350338 0.350338 0.350332 0.350324 0.350322 0.350323 0.350322 0.350321 0.350324 0.350320 0.350321 0.350326 0.350325 0.350329 0.350331 0.350334 0.000000 0.000000
0.000000 0.000000 0.351597 0.351600 0.351595 0.351579 0.351575 0.351561 0.351560 0.351555 0.351560 0.351560 0.351564 0.351565 0.351566 0.351576 0.351581 0.351589 0.351594 0.000000 0.000000
0.000000 0.000000 0.353471 0.353467 0.353465 0.353452 0.353437 0.353417 0.353416 0.353412 0.353415 0.353416 0.353417 0.353417 0.353432 0.353448 0.353457 0.353464 0.353470 0.000000 0.000000
0.000000 0.000000 0.355611 0.355611 0.355610 0.355594 0.355580 0.355560 0.355561 0.355558 0.355559 0.355559 0.355556 0.355557 0.355575 0.355590 0.355599 0.355604 0.355610 0.000000 0.000000
0.000000 0.000000 0.357744 0.357742 0.357738 0.357728 0.357714 0.357694 0.357696 0.357691 0.357692 0.357693 0.357691 0.357691 0.357708 0.357726 0.357733 0.357737 0.357744 0.000000 0.000000
0.000000 0.000000 0.359883 0.359879 0.359878 0.359866 0.359849 0.359830 0.359833 0.359830 0.359830 0.359831 0.359828 0.359827 0.359846 0.359864 0.359872 0.359876 0.359882 0.000000 0.000000
0.000000 0.000000 0.362065 0.362061 0.362059 0.362051 0.362039 0.362015 0.362018 0.362012 0.362013 0.362014 0.362011 0.362011 0.362027 0.362041 0.362050 0.362055 0.362062 0.000000 0.000000
0.000000 0.000000 0.364322 0.364320 0.364315 0.364302 0.364289 0.364267 0.364267 0.364264 0.364264 0.364264 0.364262 0.364260 0.364281 0.364297 0.364307 0.364310 0.364334 0.000000 0.000000
0.000000 0.000000 0.366611 0.366607 0.366603 0.366593 0.366577 0.366531 0.366532 0.366527 0.366527 0.366528 0.366525 0.366525 0.366565 0.366584 0.366594 0.366598 0.366612 0.000000 0.000000
0.000000 0.000000 0.369037 0.369030 0.369028 0.369018 0.368971 0.368959 0.368952 0.368948 0.368949 0.368949 0.368946 0.368945 0.368958 0.369005 0.369015 0.369025 0.369034 0.000000 0.000000
0.000000 0.000000 0.371657 0.371651 0.371640 0.371599 0.371577 0.371548 0.371533 0.371528 0.371521 0.371522 0.371522 0.371517 0.371539 0.371572 0.371624 0.371623 0.371630 0.000000 0.000000
0.000000 0.000000 0.374361 0.374356 0.374306 0.374298 0.374284 0.374270 0.374269 0.374267 0.374270 0.374269 0.374262 0.374270 0.374277 0.374290 0.374291 0.374347 0.374361 0.000000 0.000000
0.000000 0.000000 0.377373 0.377306 0.377265 0.377247 0.377213 0.377194 0.377190 0.377187 0.377180 0.377181 0.377181 0.377175 0.377188 0.377228 0.377254 0.377282 0.377349 0.000000 0.000000
0.000000 0.000000 0.379720 0.379707 0.379752 0.379727 0.379699 0.379632 0.379626 0.379619 0.379622 0.379622 0.379617 0.379621 0.379680 0.379714 0.379753 0.379695 0.379722 0.000000 0.000000
0.000000 0.000000 0.350000 0.350000 0.350000 0.350000 0.350000 0.350000 0.350000 0.350000 0.350000 0.350000 0.350000 0.350000 0.350000 0.350000 0.350000 0.350000 0.350000 0.000000 0.000000
0.000000 0.000000 0.000000 0.000000 0.000000 0.000000 0.000000 0.000000 0.000000 0.000000 0.000000 0.000000 0.000000 0.000000 0.000000 0.000000 0.000000 0.000000 0.000000 0.000000 0.000000