geotop/1.0zi/1.0Montebello/Templates/testdem/maps/_Eocsilt3527.asc
ncols         21
nrows         20
xllcorner     100.000000
yllcorner     100.000000
cellsize      50.000000
NODATA_value  -9999.0
0.000000 0.000000 0.000000 0.000000 0.000000 0.000000 0.000000 0.000000 0.000000 0.000000 0.000000 0.000000 0.000000 0.000000 0.000000 0.000000 0.000000 0.000000 0.000000 0.000000 0.000000
0.000000 0.000000 0.350094 0.350094 0.350094 0.350094 0.350094 0.350094 0.350094 0.350094 0.350093 0.350094 0.350094 0.350094 0.350094 0.350094 0.350094 0.350094 0.350094 0.000000 0.000000
0.000000 0.000000 0.349994 0.349993 0.349993 0.349994 0.349994 0.349994 0.349994 0.349994 0.349994 0.349994 0.349994 0.349994 0.349994 0.349994 0.349993 0.349993 0.349994 0.000000 0.000000
0.000000 0.000000 0.351378 0.351377 0.351375 0.351376 0.351378 0.351378 0.351378 0.351378 0.351378 0.351378 0.351378 0.351378 0.351378 0.351376 0.351375 0.351377 0.351378 0.000000 0.000000
0.000000 0.000000 0.356326 0.356325 0.356323 0.356324 0.356326 0.356325 0.356325 0.356326 0.356326 0.356326 0.356325 0.356325 0.356326 0.356324 0.356323 0.356325 0.356326 0.000000 0.000000
0.000000 0.000000 0.362422 0.362422 0.362420 0.362420 0.362423 0.362421 0.362421 0.362422 0.362423 0.362422 0.362421 0.362421 0.362423 0.362420 0.362420 0.362422 0.362422 0.000000 0.000000
0.000000 0.000000 0.367944 0.367943 0.367942 0.367942 0.367944 0.367943 0.367943 0.367943 0.367944 0.367943 0.367943 0.367943 0.367944 0.367942 0.367942 0.367943 0.367944 0.000000 0.000000
0.000000 0.000000 0.372930 0.372930 0.372928 0.372929 0.372930 0.372930 0.372930 0.372930 0.372931 0.372930 0.372930 0.372930 0.372930 0.372929 0.372928 0.372930 0.372930 0.000000 0.000000
0.000000 0.000000 0.377526 0.377525 0.377524 0.377524 0.377526 0.377525 0.377525 0.377526 0.377526 0.377526 0.377525 0.377525 0.377526 0.377524 0.377524 0.377525 0.377526 0.000000 0.000000
0.000000 0.000000 0.381838 0.381838 0.381837 0.381837 0.381839 0.381838 0.381838 0.381838 0.381839 0.381838 0.381838 0.381838 0.381839 0.381837 0.381837 0.381838 0.381838 0.000000 0.000000
0.000000 0.000000 0.385925 0.385925 0.385924 0.385924 0.385925 0.385925 0.385925 0.385925 0.385926 0.385925 0.385925 0.385925 0.385925 0.385924 0.385924 0.385925 0.385925 0.000000 0.000000
0.000000 0.000000 0.389826 0.389826 0.389824 0.389825 0.389826 0.389825 0.389825 0.389826 0.389826 0.389826 0.389825 0.389825 0.389826 0.389825 0.389824 0.389826 0.389826 0.000000 0.000000
0.000000 0.000000 0.393570 0.393570 0.393569 0.393569 0.393570 0.393570 0.393570 0.393570 0.393571 0.393570 0.393570 0.393570 0.393570 0.393569 0.393569 0.393570 0.393570 0.000000 0.000000
0.000000 0.000000 0.397187 0.397186 0.397185 0.397186 0.397187 0.397186 0.397186 0.397187 0.397187 0.397187 0.397186 0.397186 0.397187 0.397186 0.397185 0.397186 0.397187 0.000000 0.000000
0.000000 0.000000 0.400686 0.400686 0.400685 0.400685 0.400686 0.400686 0.400686 0.400686 0.400686 0.400686 0.400686 0.400686 0.400686 0.400685 0.400685 0.400686 0.400686 0.000000 0.000000
0.000000 0.000000 0.404073 0.404073 0.404072 0.404072 0.404074 0.404073 0.404073 0.404073 0.404074 0.404073 0.404073 0.404073 0.404074 0.404072 0.404072 0.404073 0.404073 0.000000 0.000000
0.000000 0.000000 0.407362 0.407362 0.407361 0.407361 0.407362 0.407361 0.407361 0.407362 0.407362 0.407362 0.407361 0.407361 0.407362 0.407361 0.407361 0.407362 0.407362 0.000000 0.000000
0.000000 0.000000 0.410601 0.410601 0.410600 0.410601 0.410602 0.410601 0.410601 0.410602 0.410602 0.410602 0.410601 0.410601 0.410602 0.410601 0.410600 0.410601 0.410602 0.000000 0.000000
0.000000 0.000000 0.350000 0.350000 0.350000 0.350000 0.350000 0.350000 0.350000 0.350000 0.350000 0.350000 0.350000 0.350000 0.350000 0.350000 0.350000 0.350000 0.350000 0.000000 0.000000
0.000000 0.000000 0.000000 0.000000 0.000000 0.000000 0.000000 0.000000 0.000000 0.000000 0.000000 0.000000 0.000000 0.000000 0.000000 0.000000 0.000000 0.000000 0.000000 0.000000 0.000000