geotop/1.0zi/1.0Montebello/Templates/testdem/maps/_Eocclay5356.asc
ncols         21
nrows         20
xllcorner     100.000000
yllcorner     100.000000
cellsize      50.000000
NODATA_value  -9999.0
0.000000 0.000000 0.000000 0.000000 0.000000 0.000000 0.000000 0.000000 0.000000 0.000000 0.000000 0.000000 0.000000 0.000000 0.000000 0.000000 0.000000 0.000000 0.000000 0.000000 0.000000
0.000000 0.000000 0.349759 0.349760 0.349760 0.349760 0.349760 0.349760 0.349760 0.349760 0.349760 0.349760 0.349760 0.349760 0.349760 0.349760 0.349760 0.349760 0.349760 0.000000 0.000000
0.000000 0.000000 0.349990 0.349990 0.349990 0.349990 0.349990 0.349990 0.349990 0.349990 0.349990 0.349989 0.349990 0.349990 0.349990 0.349990 0.349990 0.349990 0.349990 0.000000 0.000000
0.000000 0.000000 0.349989 0.349991 0.349988 0.349989 0.349991 0.349991 0.349991 0.349989 0.349991 0.349989 0.349989 0.349989 0.349991 0.349992 0.349990 0.349991 0.349990 0.000000 0.000000
0.000000 0.000000 0.350389 0.350389 0.350390 0.350385 0.350375 0.350371 0.350372 0.350375 0.350373 0.350374 0.350369 0.350369 0.350373 0.350371 0.350376 0.350378 0.350381 0.000000 0.000000
0.000000 0.000000 0.351828 0.351830 0.351825 0.351807 0.351803 0.351788 0.351787 0.351783 0.351787 0.351787 0.351791 0.351791 0.351793 0.351804 0.351809 0.351820 0.351824 0.000000 0.000000
0.000000 0.000000 0.353942 0.353940 0.353939 0.353923 0.353905 0.353881 0.353881 0.353877 0.353879 0.353882 0.353882 0.353880 0.353898 0.353916 0.353926 0.353934 0.353940 0.000000 0.000000
0.000000 0.000000 0.356504 0.356505 0.356504 0.356485 0.356467 0.356441 0.356441 0.356439 0.356440 0.356440 0.356438 0.356442 0.356461 0.356476 0.356490 0.356495 0.356503 0.000000 0.000000
0.000000 0.000000 0.359093 0.359091 0.359086 0.359076 0.359058 0.359033 0.359035 0.359030 0.359028 0.359030 0.359029 0.359027 0.359050 0.359068 0.359080 0.359083 0.359090 0.000000 0.000000
0.000000 0.000000 0.361701 0.361696 0.361695 0.361688 0.361662 0.361639 0.361641 0.361638 0.361634 0.361638 0.361642 0.361638 0.361657 0.361678 0.361691 0.361693 0.361698 0.000000 0.000000
0.000000 0.000000 0.364392 0.364389 0.364389 0.364371 0.364354 0.364328 0.364334 0.364321 0.364322 0.364323 0.364320 0.364327 0.364341 0.364354 0.364368 0.364376 0.364386 0.000000 0.000000
0.000000 0.000000 0.367194 0.367188 0.367182 0.367169 0.367154 0.367124 0.367125 0.367117 0.367126 0.367118 0.367119 0.367121 0.367147 0.367159 0.367169 0.367173 0.367202 0.000000 0.000000
0.000000 0.000000 0.370055 0.370049 0.370048 0.370034 0.370020 0.369960 0.369960 0.369955 0.369943 0.369950 0.369955 0.369959 0.370002 0.370013 0.370035 0.370037 0.370058 0.000000 0.000000
0.000000 0.000000 0.373133 0.373129 0.373123 0.373114 0.373058 0.373042 0.373028 0.373027 0.373022 0.373025 0.373026 0.373024 0.373031 0.373086 0.373105 0.373120 0.373141 0.000000 0.000000
0.000000 0.000000 0.376496 0.376493 0.376480 0.376424 0.376405 0.376372 0.376347 0.376344 0.376333 0.376328 0.376335 0.376329 0.376353 0.376381 0.376465 0.376459 0.376472 0.000000 0.000000
0.000000 0.000000 0.380027 0.380022 0.379951 0.379935 0.379930 0.379908 0.379920 0.379911 0.379916 0.379907 0.379900 0.379914 0.379926 0.379935 0.379936 0.380027 0.380030 0.000000 0.000000
0.000000 0.000000 0.384014 0.383919 0.383878 0.383850 0.383805 0.383780 0.383774 0.383772 0.383752 0.383748 0.383756 0.383754 0.383779 0.383813 0.383868 0.383900 0.383995 0.000000 0.000000
0.000000 0.000000 0.387025 0.387018 0.387099 0.387073 0.387039 0.386948 0.386945 0.386925 0.386935 0.386930 0.386937 0.386938 0.387021 0.387044 0.387111 0.387025 0.387038 0.000000 0.000000
0.000000 0.000000 0.350000 0.350000 0.350000 0.350000 0.350000 0.350000 0.350000 0.350000 0.350000 0.350000 0.350000 0.350000 0.350000 0.350000 0.350000 0.350000 0.350000 0.000000 0.000000
0.000000 0.000000 0.000000 0.000000 0.000000 0.000000 0.000000 0.000000 0.000000 0.000000 0.000000 0.000000 0.000000 0.000000 0.000000 0.000000 0.000000 0.000000 0.000000 0.000000 0.000000