geotop/1.0zi/1.0Montebello/Templates/testdem/maps/_Eocsand8967.asc
ncols         21
nrows         20
xllcorner     100.000000
yllcorner     100.000000
cellsize      50.000000
NODATA_value  -9999.0
0.000000 0.000000 0.000000 0.000000 0.000000 0.000000 0.000000 0.000000 0.000000 0.000000 0.000000 0.000000 0.000000 0.000000 0.000000 0.000000 0.000000 0.000000 0.000000 0.000000 0.000000
0.000000 0.000000 0.300226 0.300224 0.300224 0.300224 0.300223 0.300223 0.300223 0.300223 0.300224 0.300223 0.300224 0.300224 0.300223 0.300224 0.300225 0.300225 0.300225 0.000000 0.000000
0.000000 0.000000 0.300012 0.300014 0.300014 0.300012 0.300013 0.300014 0.300013 0.300013 0.300013 0.300013 0.300012 0.300013 0.300013 0.300013 0.300014 0.300014 0.300015 0.000000 0.000000
0.000000 0.000000 0.299856 0.299856 0.299862 0.299870 0.299869 0.299873 0.299867 0.299868 0.299869 0.299868 0.299867 0.299869 0.299864 0.299858 0.299855 0.299856 0.299855 0.000000 0.000000
0.000000 0.000000 0.297525 0.297528 0.297542 0.297569 0.297595 0.297599 0.297603 0.297605 0.297606 0.297603 0.297600 0.297600 0.297577 0.297566 0.297553 0.297549 0.297537 0.000000 0.000000
0.000000 0.000000 0.290947 0.290958 0.290989 0.291039 0.291090 0.291136 0.291133 0.291146 0.291137 0.291137 0.291128 0.291132 0.291104 0.291060 0.291038 0.291025 0.291012 0.000000 0.000000
0.000000 0.000000 0.281889 0.281909 0.281934 0.281994 0.282065 0.282160 0.282154 0.282163 0.282163 0.282162 0.282165 0.282159 0.282081 0.282022 0.281986 0.281965 0.281950 0.000000 0.000000
0.000000 0.000000 0.271154 0.271175 0.271195 0.271265 0.271337 0.271425 0.271420 0.271431 0.271433 0.271438 0.271443 0.271425 0.271352 0.271289 0.271231 0.271226 0.271198 0.000000 0.000000
0.000000 0.000000 0.259524 0.259554 0.259589 0.259638 0.259721 0.259820 0.259809 0.259830 0.259837 0.259840 0.259837 0.259840 0.259739 0.259663 0.259620 0.259610 0.259582 0.000000 0.000000
0.000000 0.000000 0.246951 0.246989 0.247010 0.247062 0.247177 0.247266 0.247261 0.247274 0.247289 0.247279 0.247267 0.247271 0.247190 0.247094 0.247044 0.247033 0.247019 0.000000 0.000000
0.000000 0.000000 0.232989 0.233015 0.233039 0.233155 0.233230 0.233345 0.233312 0.233381 0.233367 0.233375 0.233398 0.233358 0.233272 0.233215 0.233143 0.233121 0.233065 0.000000 0.000000
0.000000 0.000000 0.217103 0.217155 0.217218 0.217280 0.217383 0.217522 0.217521 0.217530 0.217503 0.217556 0.217532 0.217533 0.217382 0.217301 0.217265 0.217250 0.217126 0.000000 0.000000
0.000000 0.000000 0.199534 0.199594 0.199604 0.199727 0.199810 0.200217 0.200215 0.200236 0.200359 0.200286 0.200271 0.200232 0.199918 0.199843 0.199696 0.199699 0.199650 0.000000 0.000000
0.000000 0.000000 0.178245 0.178268 0.178372 0.178450 0.179011 0.178889 0.178992 0.178989 0.178932 0.178987 0.178998 0.179045 0.179151 0.178554 0.178508 0.178379 0.178283 0.000000 0.000000
0.000000 0.000000 0.152937 0.153014 0.153132 0.153868 0.153687 0.154077 0.154204 0.154243 0.154385 0.154457 0.154374 0.154379 0.154006 0.154155 0.153194 0.153411 0.153420 0.000000 0.000000
0.000000 0.000000 0.126301 0.126360 0.127379 0.126955 0.127085 0.127092 0.126655 0.126777 0.126550 0.126602 0.126785 0.126535 0.126600 0.126489 0.127479 0.125976 0.126001 0.000000 0.000000
0.000000 0.000000 0.096422 0.097747 0.097298 0.097882 0.098540 0.098737 0.099170 0.099065 0.099506 0.099453 0.099196 0.099466 0.099110 0.098626 0.097352 0.098357 0.096989 0.000000 0.000000
0.000000 0.000000 0.088131 0.087094 0.086186 0.086205 0.086152 0.087041 0.086871 0.087136 0.086695 0.086784 0.086854 0.086707 0.085976 0.086010 0.086039 0.086751 0.087783 0.000000 0.000000
0.000000 0.000000 0.300000 0.300000 0.300000 0.300000 0.300000 0.300000 0.300000 0.300000 0.300000 0.300000 0.300000 0.300000 0.300000 0.300000 0.300000 0.300000 0.300000 0.000000 0.000000
0.000000 0.000000 0.000000 0.000000 0.000000 0.000000 0.000000 0.000000 0.000000 0.000000 0.000000 0.000000 0.000000 0.000000 0.000000 0.000000 0.000000 0.000000 0.000000 0.000000 0.000000