geotop/1.0zi/1.0Montebello/Templates/testdem/maps/_Eocsand2511.asc
ncols         21
nrows         20
xllcorner     100.000000
yllcorner     100.000000
cellsize      50.000000
NODATA_value  -9999.0
0.000000 0.000000 0.000000 0.000000 0.000000 0.000000 0.000000 0.000000 0.000000 0.000000 0.000000 0.000000 0.000000 0.000000 0.000000 0.000000 0.000000 0.000000 0.000000 0.000000 0.000000
0.000000 0.000000 0.300074 0.300074 0.300074 0.300074 0.300074 0.300074 0.300074 0.300074 0.300076 0.300074 0.300074 0.300074 0.300074 0.300074 0.300074 0.300074 0.300074 0.000000 0.000000
0.000000 0.000000 0.300012 0.300013 0.300013 0.300012 0.300013 0.300012 0.300012 0.300013 0.300011 0.300013 0.300012 0.300012 0.300013 0.300012 0.300013 0.300013 0.300012 0.000000 0.000000
0.000000 0.000000 0.298377 0.298378 0.298382 0.298380 0.298377 0.298377 0.298377 0.298377 0.298377 0.298377 0.298377 0.298377 0.298377 0.298380 0.298382 0.298378 0.298377 0.000000 0.000000
0.000000 0.000000 0.291475 0.291476 0.291480 0.291480 0.291474 0.291476 0.291475 0.291473 0.291473 0.291473 0.291475 0.291476 0.291474 0.291480 0.291480 0.291476 0.291475 0.000000 0.000000
0.000000 0.000000 0.283077 0.283078 0.283081 0.283081 0.283076 0.283077 0.283077 0.283075 0.283075 0.283075 0.283077 0.283077 0.283076 0.283081 0.283081 0.283078 0.283077 0.000000 0.000000
0.000000 0.000000 0.275247 0.275248 0.275251 0.275250 0.275246 0.275248 0.275248 0.275246 0.275245 0.275246 0.275248 0.275248 0.275246 0.275250 0.275251 0.275248 0.275247 0.000000 0.000000
0.000000 0.000000 0.268076 0.268077 0.268079 0.268079 0.268075 0.268077 0.268077 0.268075 0.268075 0.268075 0.268077 0.268077 0.268075 0.268079 0.268079 0.268077 0.268076 0.000000 0.000000
0.000000 0.000000 0.261391 0.261392 0.261395 0.261394 0.261391 0.261392 0.261392 0.261390 0.261390 0.261390 0.261392 0.261392 0.261391 0.261394 0.261395 0.261392 0.261391 0.000000 0.000000
0.000000 0.000000 0.255040 0.255041 0.255043 0.255042 0.255039 0.255040 0.255040 0.255039 0.255038 0.255039 0.255040 0.255040 0.255039 0.255042 0.255043 0.255041 0.255040 0.000000 0.000000
0.000000 0.000000 0.248948 0.248948 0.248951 0.248950 0.248947 0.248948 0.248948 0.248947 0.248946 0.248947 0.248948 0.248948 0.248947 0.248950 0.248951 0.248948 0.248948 0.000000 0.000000
0.000000 0.000000 0.243059 0.243060 0.243062 0.243061 0.243059 0.243060 0.243060 0.243058 0.243058 0.243058 0.243060 0.243060 0.243059 0.243061 0.243062 0.243060 0.243059 0.000000 0.000000
0.000000 0.000000 0.237333 0.237333 0.237336 0.237335 0.237332 0.237333 0.237333 0.237332 0.237331 0.237332 0.237333 0.237333 0.237332 0.237335 0.237336 0.237333 0.237333 0.000000 0.000000
0.000000 0.000000 0.231740 0.231741 0.231743 0.231742 0.231739 0.231740 0.231740 0.231739 0.231739 0.231739 0.231740 0.231740 0.231739 0.231742 0.231743 0.231741 0.231740 0.000000 0.000000
0.000000 0.000000 0.226260 0.226261 0.226263 0.226262 0.226260 0.226261 0.226261 0.226259 0.226259 0.226259 0.226261 0.226261 0.226260 0.226262 0.226263 0.226261 0.226260 0.000000 0.000000
0.000000 0.000000 0.220884 0.220885 0.220887 0.220886 0.220884 0.220885 0.220885 0.220883 0.220883 0.220883 0.220885 0.220885 0.220884 0.220886 0.220887 0.220885 0.220884 0.000000 0.000000
0.000000 0.000000 0.215607 0.215607 0.215610 0.215609 0.215606 0.215607 0.215607 0.215606 0.215606 0.215606 0.215607 0.215607 0.215606 0.215609 0.215610 0.215607 0.215607 0.000000 0.000000
0.000000 0.000000 0.210348 0.210347 0.210350 0.210349 0.210346 0.210347 0.210347 0.210346 0.210346 0.210346 0.210347 0.210347 0.210346 0.210349 0.210350 0.210347 0.210347 0.000000 0.000000
0.000000 0.000000 0.300000 0.300000 0.300000 0.300000 0.300000 0.300000 0.300000 0.300000 0.300000 0.300000 0.300000 0.300000 0.300000 0.300000 0.300000 0.300000 0.300000 0.000000 0.000000
0.000000 0.000000 0.000000 0.000000 0.000000 0.000000 0.000000 0.000000 0.000000 0.000000 0.000000 0.000000 0.000000 0.000000 0.000000 0.000000 0.000000 0.000000 0.000000 0.000000 0.000000