geotop/1.0zi/1.0Montebello/Templates/testdem/maps/_Eocclay7479.asc
ncols         21
nrows         20
xllcorner     100.000000
yllcorner     100.000000
cellsize      50.000000
NODATA_value  -9999.0
0.000000 0.000000 0.000000 0.000000 0.000000 0.000000 0.000000 0.000000 0.000000 0.000000 0.000000 0.000000 0.000000 0.000000 0.000000 0.000000 0.000000 0.000000 0.000000 0.000000 0.000000
0.000000 0.000000 0.349659 0.349660 0.349660 0.349659 0.349660 0.349660 0.349660 0.349660 0.349659 0.349660 0.349660 0.349660 0.349661 0.349660 0.349658 0.349659 0.349660 0.000000 0.000000
0.000000 0.000000 0.349986 0.349985 0.349986 0.349987 0.349986 0.349985 0.349985 0.349985 0.349985 0.349985 0.349986 0.349985 0.349986 0.349986 0.349987 0.349986 0.349984 0.000000 0.000000
0.000000 0.000000 0.350004 0.350009 0.350005 0.350005 0.350007 0.350005 0.350007 0.350004 0.350007 0.350005 0.350005 0.350004 0.350005 0.350008 0.350006 0.350010 0.350008 0.000000 0.000000
0.000000 0.000000 0.350952 0.350949 0.350946 0.350940 0.350925 0.350923 0.350920 0.350923 0.350919 0.350920 0.350916 0.350920 0.350930 0.350931 0.350939 0.350940 0.350947 0.000000 0.000000
0.000000 0.000000 0.353474 0.353472 0.353462 0.353435 0.353422 0.353399 0.353400 0.353394 0.353397 0.353397 0.353398 0.353400 0.353410 0.353429 0.353443 0.353457 0.353463 0.000000 0.000000
0.000000 0.000000 0.356967 0.356964 0.356956 0.356933 0.356904 0.356868 0.356867 0.356862 0.356863 0.356864 0.356864 0.356864 0.356896 0.356924 0.356939 0.356951 0.356959 0.000000 0.000000
0.000000 0.000000 0.361128 0.361126 0.361118 0.361090 0.361062 0.361024 0.361023 0.361020 0.361018 0.361016 0.361014 0.361022 0.361055 0.361079 0.361103 0.361112 0.361124 0.000000 0.000000
0.000000 0.000000 0.365489 0.365483 0.365470 0.365453 0.365424 0.365384 0.365387 0.365378 0.365375 0.365374 0.365374 0.365373 0.365412 0.365444 0.365463 0.365471 0.365481 0.000000 0.000000
0.000000 0.000000 0.370055 0.370046 0.370040 0.370023 0.369980 0.369944 0.369945 0.369940 0.369934 0.369937 0.369943 0.369940 0.369973 0.370010 0.370032 0.370039 0.370047 0.000000 0.000000
0.000000 0.000000 0.374962 0.374956 0.374949 0.374914 0.374884 0.374842 0.374851 0.374829 0.374831 0.374830 0.374822 0.374837 0.374867 0.374889 0.374917 0.374932 0.374951 0.000000 0.000000
0.000000 0.000000 0.380322 0.380308 0.380291 0.380268 0.380235 0.380184 0.380182 0.380175 0.380186 0.380169 0.380173 0.380177 0.380229 0.380256 0.380275 0.380286 0.380333 0.000000 0.000000
0.000000 0.000000 0.386036 0.386021 0.386014 0.385983 0.385954 0.385829 0.385827 0.385820 0.385787 0.385803 0.385811 0.385822 0.385919 0.385946 0.385994 0.386000 0.386026 0.000000 0.000000
0.000000 0.000000 0.392591 0.392586 0.392561 0.392538 0.392390 0.392388 0.392357 0.392357 0.392360 0.392354 0.392351 0.392346 0.392342 0.392496 0.392527 0.392568 0.392601 0.000000 0.000000
0.000000 0.000000 0.400188 0.400175 0.400143 0.399965 0.399959 0.399872 0.399825 0.399816 0.399785 0.399763 0.399782 0.399777 0.399862 0.399880 0.400119 0.400089 0.400100 0.000000 0.000000
0.000000 0.000000 0.408513 0.408500 0.408247 0.408284 0.408269 0.408231 0.408316 0.408285 0.408327 0.408304 0.408266 0.408329 0.408348 0.408362 0.408223 0.408576 0.408572 0.000000 0.000000
0.000000 0.000000 0.418835 0.418435 0.418459 0.418325 0.418124 0.418063 0.417978 0.417996 0.417887 0.417892 0.417950 0.417899 0.417999 0.418148 0.418443 0.418312 0.418724 0.000000 0.000000
0.000000 0.000000 0.423928 0.424233 0.424609 0.424582 0.424558 0.424207 0.424241 0.424147 0.424281 0.424250 0.424240 0.424282 0.424587 0.424603 0.424676 0.424350 0.424057 0.000000 0.000000
0.000000 0.000000 0.350000 0.350000 0.350000 0.350000 0.350000 0.350000 0.350000 0.350000 0.350000 0.350000 0.350000 0.350000 0.350000 0.350000 0.350000 0.350000 0.350000 0.000000 0.000000
0.000000 0.000000 0.000000 0.000000 0.000000 0.000000 0.000000 0.000000 0.000000 0.000000 0.000000 0.000000 0.000000 0.000000 0.000000 0.000000 0.000000 0.000000 0.000000 0.000000 0.000000