geotop/1.0zi/1.0Montebello/Templates/testdem/maps/_Eocsand8272.asc
ncols         21
nrows         20
xllcorner     100.000000
yllcorner     100.000000
cellsize      50.000000
NODATA_value  -9999.0
0.000000 0.000000 0.000000 0.000000 0.000000 0.000000 0.000000 0.000000 0.000000 0.000000 0.000000 0.000000 0.000000 0.000000 0.000000 0.000000 0.000000 0.000000 0.000000 0.000000 0.000000
0.000000 0.000000 0.300208 0.300206 0.300206 0.300207 0.300206 0.300205 0.300205 0.300206 0.300206 0.300206 0.300206 0.300206 0.300206 0.300206 0.300207 0.300207 0.300207 0.000000 0.000000
0.000000 0.000000 0.300011 0.300012 0.300012 0.300010 0.300011 0.300012 0.300012 0.300012 0.300012 0.300012 0.300011 0.300012 0.300011 0.300011 0.300012 0.300013 0.300013 0.000000 0.000000
0.000000 0.000000 0.299893 0.299893 0.299897 0.299905 0.299900 0.299909 0.299904 0.299906 0.299906 0.299906 0.299906 0.299908 0.299903 0.299898 0.299896 0.299893 0.299894 0.000000 0.000000
0.000000 0.000000 0.297935 0.297932 0.297941 0.297956 0.297978 0.297988 0.297994 0.297993 0.297997 0.297996 0.297999 0.297993 0.297970 0.297963 0.297951 0.297938 0.297928 0.000000 0.000000
0.000000 0.000000 0.292191 0.292192 0.292214 0.292259 0.292294 0.292342 0.292343 0.292356 0.292347 0.292348 0.292344 0.292343 0.292320 0.292285 0.292257 0.292233 0.292222 0.000000 0.000000
0.000000 0.000000 0.284206 0.284214 0.284234 0.284285 0.284349 0.284425 0.284426 0.284436 0.284433 0.284434 0.284437 0.284430 0.284366 0.284307 0.284272 0.284243 0.284227 0.000000 0.000000
0.000000 0.000000 0.274745 0.274749 0.274764 0.274823 0.274885 0.274968 0.274970 0.274979 0.274980 0.274986 0.274990 0.274975 0.274904 0.274848 0.274794 0.274777 0.274752 0.000000 0.000000
0.000000 0.000000 0.264612 0.264628 0.264657 0.264695 0.264762 0.264852 0.264849 0.264868 0.264872 0.264876 0.264874 0.264876 0.264789 0.264718 0.264675 0.264653 0.264632 0.000000 0.000000
0.000000 0.000000 0.253870 0.253888 0.253904 0.253942 0.254039 0.254121 0.254121 0.254131 0.254143 0.254136 0.254125 0.254129 0.254056 0.253974 0.253923 0.253905 0.253889 0.000000 0.000000
0.000000 0.000000 0.242169 0.242181 0.242200 0.242283 0.242351 0.242447 0.242428 0.242479 0.242471 0.242474 0.242493 0.242458 0.242390 0.242339 0.242274 0.242238 0.242195 0.000000 0.000000
0.000000 0.000000 0.229142 0.229176 0.229216 0.229268 0.229346 0.229467 0.229477 0.229489 0.229462 0.229504 0.229491 0.229484 0.229360 0.229295 0.229251 0.229225 0.229116 0.000000 0.000000
0.000000 0.000000 0.215014 0.215046 0.215060 0.215138 0.215207 0.215525 0.215530 0.215548 0.215632 0.215587 0.215570 0.215540 0.215299 0.215234 0.215113 0.215099 0.215047 0.000000 0.000000
0.000000 0.000000 0.198387 0.198395 0.198462 0.198515 0.198917 0.198882 0.198967 0.198965 0.198937 0.198963 0.198974 0.198993 0.199033 0.198615 0.198549 0.198439 0.198361 0.000000 0.000000
0.000000 0.000000 0.178740 0.178775 0.178854 0.179366 0.179316 0.179573 0.179688 0.179716 0.179802 0.179862 0.179805 0.179815 0.179566 0.179585 0.178908 0.179011 0.178999 0.000000 0.000000
0.000000 0.000000 0.157215 0.157245 0.157986 0.157775 0.157832 0.157898 0.157620 0.157706 0.157558 0.157610 0.157732 0.157546 0.157537 0.157493 0.158046 0.156971 0.156985 0.000000 0.000000
0.000000 0.000000 0.130628 0.131783 0.131528 0.131963 0.132541 0.132710 0.133034 0.132957 0.133304 0.133272 0.133074 0.133269 0.132978 0.132550 0.131563 0.132209 0.131003 0.000000 0.000000
0.000000 0.000000 0.121227 0.120144 0.119177 0.119163 0.119106 0.120037 0.119878 0.120152 0.119702 0.119792 0.119863 0.119708 0.118936 0.118978 0.118994 0.119739 0.120796 0.000000 0.000000
0.000000 0.000000 0.300000 0.300000 0.300000 0.300000 0.300000 0.300000 0.300000 0.300000 0.300000 0.300000 0.300000 0.300000 0.300000 0.300000 0.300000 0.300000 0.300000 0.000000 0.000000
0.000000 0.000000 0.000000 0.000000 0.000000 0.000000 0.000000 0.000000 0.000000 0.000000 0.000000 0.000000 0.000000 0.000000 0.000000 0.000000 0.000000 0.000000 0.000000 0.000000 0.000000