geotop/1.0zi/1.0Montebello/Templates/testdem/maps/_Eocsand7544.asc
ncols         21
nrows         20
xllcorner     100.000000
yllcorner     100.000000
cellsize      50.000000
NODATA_value  -9999.0
0.000000 0.000000 0.000000 0.000000 0.000000 0.000000 0.000000 0.000000 0.000000 0.000000 0.000000 0.000000 0.000000 0.000000 0.000000 0.000000 0.000000 0.000000 0.000000 0.000000 0.000000
0.000000 0.000000 0.300189 0.300187 0.300187 0.300188 0.300187 0.300187 0.300187 0.300187 0.300188 0.300187 0.300187 0.300187 0.300187 0.300187 0.300188 0.300188 0.300188 0.000000 0.000000
0.000000 0.000000 0.300010 0.300011 0.300010 0.300009 0.300010 0.300011 0.300010 0.300010 0.300010 0.300011 0.300009 0.300010 0.300010 0.300010 0.300011 0.300011 0.300012 0.000000 0.000000
0.000000 0.000000 0.299894 0.299893 0.299898 0.299905 0.299901 0.299909 0.299904 0.299906 0.299906 0.299906 0.299906 0.299908 0.299903 0.299898 0.299896 0.299893 0.299893 0.000000 0.000000
0.000000 0.000000 0.298090 0.298086 0.298095 0.298111 0.298132 0.298141 0.298147 0.298145 0.298149 0.298148 0.298151 0.298145 0.298122 0.298116 0.298106 0.298095 0.298086 0.000000 0.000000
0.000000 0.000000 0.293164 0.293164 0.293185 0.293227 0.293258 0.293302 0.293302 0.293313 0.293307 0.293306 0.293304 0.293303 0.293281 0.293250 0.293225 0.293202 0.293191 0.000000 0.000000
0.000000 0.000000 0.286225 0.286232 0.286250 0.286298 0.286357 0.286425 0.286425 0.286433 0.286432 0.286432 0.286436 0.286430 0.286371 0.286317 0.286285 0.286259 0.286244 0.000000 0.000000
0.000000 0.000000 0.277958 0.277962 0.277975 0.278028 0.278085 0.278159 0.278160 0.278167 0.278170 0.278174 0.278179 0.278165 0.278101 0.278050 0.278001 0.277986 0.277963 0.000000 0.000000
0.000000 0.000000 0.269207 0.269221 0.269247 0.269281 0.269341 0.269421 0.269417 0.269434 0.269439 0.269442 0.269441 0.269443 0.269364 0.269300 0.269262 0.269243 0.269223 0.000000 0.000000
0.000000 0.000000 0.260071 0.260088 0.260101 0.260134 0.260219 0.260291 0.260290 0.260299 0.260311 0.260304 0.260295 0.260299 0.260233 0.260160 0.260116 0.260101 0.260087 0.000000 0.000000
0.000000 0.000000 0.250288 0.250300 0.250315 0.250385 0.250445 0.250527 0.250509 0.250553 0.250549 0.250550 0.250566 0.250537 0.250478 0.250432 0.250377 0.250346 0.250309 0.000000 0.000000
0.000000 0.000000 0.239592 0.239620 0.239652 0.239699 0.239764 0.239866 0.239870 0.239884 0.239862 0.239896 0.239888 0.239880 0.239775 0.239722 0.239683 0.239662 0.239569 0.000000 0.000000
0.000000 0.000000 0.228195 0.228223 0.228236 0.228298 0.228355 0.228606 0.228609 0.228624 0.228688 0.228657 0.228643 0.228619 0.228426 0.228373 0.228277 0.228265 0.228214 0.000000 0.000000
0.000000 0.000000 0.215121 0.215131 0.215180 0.215225 0.215520 0.215525 0.215586 0.215586 0.215579 0.215591 0.215598 0.215609 0.215615 0.215308 0.215247 0.215166 0.215101 0.000000 0.000000
0.000000 0.000000 0.199976 0.200001 0.200065 0.200420 0.200431 0.200605 0.200697 0.200716 0.200776 0.200821 0.200783 0.200793 0.200624 0.200587 0.200112 0.200170 0.200150 0.000000 0.000000
0.000000 0.000000 0.183388 0.183414 0.183919 0.183844 0.183874 0.183950 0.183781 0.183843 0.183759 0.183804 0.183880 0.183755 0.183716 0.183688 0.183964 0.183263 0.183271 0.000000 0.000000
0.000000 0.000000 0.162884 0.163677 0.163627 0.163893 0.164292 0.164413 0.164584 0.164547 0.164764 0.164752 0.164638 0.164739 0.164541 0.164246 0.163657 0.163920 0.163103 0.000000 0.000000
0.000000 0.000000 0.152805 0.152202 0.151465 0.151519 0.151565 0.152256 0.152188 0.152374 0.152109 0.152169 0.152190 0.152107 0.151507 0.151475 0.151332 0.151969 0.152547 0.000000 0.000000
0.000000 0.000000 0.300000 0.300000 0.300000 0.300000 0.300000 0.300000 0.300000 0.300000 0.300000 0.300000 0.300000 0.300000 0.300000 0.300000 0.300000 0.300000 0.300000 0.000000 0.000000
0.000000 0.000000 0.000000 0.000000 0.000000 0.000000 0.000000 0.000000 0.000000 0.000000 0.000000 0.000000 0.000000 0.000000 0.000000 0.000000 0.000000 0.000000 0.000000 0.000000 0.000000