geotop/1.0zi/1.0Montebello/Templates/testdem/maps/_Eocclay5897.asc
ncols         21
nrows         20
xllcorner     100.000000
yllcorner     100.000000
cellsize      50.000000
NODATA_value  -9999.0
0.000000 0.000000 0.000000 0.000000 0.000000 0.000000 0.000000 0.000000 0.000000 0.000000 0.000000 0.000000 0.000000 0.000000 0.000000 0.000000 0.000000 0.000000 0.000000 0.000000 0.000000
0.000000 0.000000 0.349736 0.349737 0.349737 0.349737 0.349737 0.349737 0.349737 0.349737 0.349737 0.349737 0.349737 0.349737 0.349737 0.349737 0.349737 0.349737 0.349737 0.000000 0.000000
0.000000 0.000000 0.349989 0.349990 0.349990 0.349989 0.349989 0.349989 0.349989 0.349989 0.349989 0.349989 0.349989 0.349990 0.349989 0.349989 0.349989 0.349989 0.349989 0.000000 0.000000
0.000000 0.000000 0.349984 0.349986 0.349984 0.349985 0.349987 0.349987 0.349987 0.349985 0.349987 0.349986 0.349986 0.349985 0.349987 0.349989 0.349987 0.349988 0.349987 0.000000 0.000000
0.000000 0.000000 0.350492 0.350491 0.350490 0.350486 0.350475 0.350471 0.350473 0.350474 0.350473 0.350473 0.350468 0.350470 0.350474 0.350473 0.350479 0.350481 0.350485 0.000000 0.000000
0.000000 0.000000 0.352146 0.352147 0.352140 0.352121 0.352114 0.352097 0.352097 0.352093 0.352096 0.352096 0.352100 0.352099 0.352104 0.352117 0.352123 0.352135 0.352139 0.000000 0.000000
0.000000 0.000000 0.354575 0.354573 0.354569 0.354552 0.354531 0.354504 0.354503 0.354499 0.354501 0.354503 0.354504 0.354502 0.354522 0.354545 0.354555 0.354564 0.354571 0.000000 0.000000
0.000000 0.000000 0.357530 0.357529 0.357526 0.357505 0.357485 0.357456 0.357456 0.357453 0.357454 0.357453 0.357451 0.357456 0.357478 0.357497 0.357512 0.357517 0.357527 0.000000 0.000000
0.000000 0.000000 0.360539 0.360536 0.360528 0.360517 0.360496 0.360467 0.360469 0.360464 0.360461 0.360463 0.360463 0.360460 0.360487 0.360508 0.360522 0.360526 0.360534 0.000000 0.000000
0.000000 0.000000 0.363596 0.363590 0.363587 0.363578 0.363549 0.363522 0.363524 0.363521 0.363517 0.363521 0.363524 0.363521 0.363543 0.363568 0.363582 0.363585 0.363591 0.000000 0.000000
0.000000 0.000000 0.366779 0.366775 0.366773 0.366752 0.366732 0.366702 0.366708 0.366694 0.366694 0.366696 0.366692 0.366700 0.366717 0.366733 0.366750 0.366759 0.366772 0.000000 0.000000
0.000000 0.000000 0.370128 0.370120 0.370111 0.370095 0.370077 0.370042 0.370044 0.370035 0.370044 0.370035 0.370037 0.370039 0.370071 0.370086 0.370098 0.370102 0.370136 0.000000 0.000000
0.000000 0.000000 0.373583 0.373576 0.373572 0.373554 0.373538 0.373465 0.373465 0.373459 0.373444 0.373452 0.373458 0.373463 0.373517 0.373531 0.373557 0.373559 0.373583 0.000000 0.000000
0.000000 0.000000 0.377351 0.377347 0.377336 0.377324 0.377253 0.377236 0.377219 0.377218 0.377214 0.377216 0.377216 0.377214 0.377222 0.377294 0.377316 0.377334 0.377358 0.000000 0.000000
0.000000 0.000000 0.381520 0.381514 0.381498 0.381423 0.381401 0.381359 0.381331 0.381326 0.381312 0.381305 0.381314 0.381307 0.381340 0.381373 0.381480 0.381471 0.381485 0.000000 0.000000
0.000000 0.000000 0.385945 0.385940 0.385840 0.385825 0.385820 0.385793 0.385815 0.385803 0.385812 0.385801 0.385789 0.385809 0.385825 0.385835 0.385823 0.385951 0.385953 0.000000 0.000000
0.000000 0.000000 0.391050 0.390913 0.390870 0.390830 0.390765 0.390733 0.390721 0.390719 0.390690 0.390686 0.390699 0.390693 0.390730 0.390780 0.390858 0.390882 0.391020 0.000000 0.000000
0.000000 0.000000 0.394709 0.394723 0.394846 0.394814 0.394766 0.394639 0.394637 0.394609 0.394629 0.394622 0.394630 0.394633 0.394749 0.394784 0.394864 0.394737 0.394731 0.000000 0.000000
0.000000 0.000000 0.350000 0.350000 0.350000 0.350000 0.350000 0.350000 0.350000 0.350000 0.350000 0.350000 0.350000 0.350000 0.350000 0.350000 0.350000 0.350000 0.350000 0.000000 0.000000
0.000000 0.000000 0.000000 0.000000 0.000000 0.000000 0.000000 0.000000 0.000000 0.000000 0.000000 0.000000 0.000000 0.000000 0.000000 0.000000 0.000000 0.000000 0.000000 0.000000 0.000000