geotop/1.0zi/1.0Montebello/Templates/testdem/maps/_Eocclay6208.asc
ncols         21
nrows         20
xllcorner     100.000000
yllcorner     100.000000
cellsize      50.000000
NODATA_value  -9999.0
0.000000 0.000000 0.000000 0.000000 0.000000 0.000000 0.000000 0.000000 0.000000 0.000000 0.000000 0.000000 0.000000 0.000000 0.000000 0.000000 0.000000 0.000000 0.000000 0.000000 0.000000
0.000000 0.000000 0.349727 0.349727 0.349727 0.349726 0.349728 0.349728 0.349727 0.349727 0.349726 0.349727 0.349727 0.349727 0.349728 0.349727 0.349726 0.349726 0.349727 0.000000 0.000000
0.000000 0.000000 0.349989 0.349989 0.349989 0.349990 0.349989 0.349989 0.349989 0.349989 0.349989 0.349988 0.349989 0.349988 0.349989 0.349989 0.349990 0.349990 0.349988 0.000000 0.000000
0.000000 0.000000 0.349979 0.349983 0.349980 0.349981 0.349982 0.349983 0.349984 0.349980 0.349985 0.349983 0.349983 0.349983 0.349982 0.349984 0.349982 0.349984 0.349983 0.000000 0.000000
0.000000 0.000000 0.350531 0.350530 0.350528 0.350526 0.350513 0.350511 0.350511 0.350514 0.350511 0.350510 0.350505 0.350507 0.350514 0.350513 0.350518 0.350520 0.350526 0.000000 0.000000
0.000000 0.000000 0.352266 0.352266 0.352260 0.352238 0.352232 0.352214 0.352214 0.352209 0.352212 0.352213 0.352217 0.352217 0.352221 0.352235 0.352244 0.352255 0.352260 0.000000 0.000000
0.000000 0.000000 0.354864 0.354862 0.354857 0.354840 0.354818 0.354790 0.354789 0.354785 0.354786 0.354788 0.354788 0.354788 0.354810 0.354833 0.354843 0.354852 0.354860 0.000000 0.000000
0.000000 0.000000 0.357997 0.357997 0.357993 0.357971 0.357950 0.357919 0.357919 0.357916 0.357916 0.357916 0.357914 0.357919 0.357943 0.357963 0.357980 0.357986 0.357997 0.000000 0.000000
0.000000 0.000000 0.361215 0.361211 0.361202 0.361190 0.361169 0.361138 0.361140 0.361134 0.361131 0.361132 0.361132 0.361131 0.361160 0.361182 0.361197 0.361202 0.361211 0.000000 0.000000
0.000000 0.000000 0.364495 0.364488 0.364485 0.364475 0.364444 0.364416 0.364417 0.364414 0.364409 0.364413 0.364417 0.364414 0.364438 0.364465 0.364481 0.364484 0.364491 0.000000 0.000000
0.000000 0.000000 0.367923 0.367920 0.367917 0.367894 0.367873 0.367841 0.367847 0.367833 0.367833 0.367834 0.367830 0.367839 0.367859 0.367876 0.367893 0.367904 0.367918 0.000000 0.000000
0.000000 0.000000 0.371550 0.371542 0.371531 0.371515 0.371496 0.371458 0.371459 0.371451 0.371459 0.371449 0.371451 0.371454 0.371490 0.371507 0.371519 0.371525 0.371561 0.000000 0.000000
0.000000 0.000000 0.375308 0.375300 0.375296 0.375277 0.375259 0.375180 0.375180 0.375173 0.375156 0.375165 0.375171 0.375177 0.375237 0.375253 0.375282 0.375285 0.375310 0.000000 0.000000
0.000000 0.000000 0.379432 0.379427 0.379415 0.379402 0.379322 0.379305 0.379287 0.379287 0.379282 0.379283 0.379283 0.379281 0.379291 0.379372 0.379395 0.379416 0.379441 0.000000 0.000000
0.000000 0.000000 0.384022 0.384015 0.383996 0.383911 0.383889 0.383842 0.383811 0.383806 0.383791 0.383782 0.383791 0.383786 0.383824 0.383859 0.383979 0.383969 0.383984 0.000000 0.000000
0.000000 0.000000 0.388919 0.388913 0.388798 0.388785 0.388779 0.388751 0.388778 0.388764 0.388775 0.388763 0.388749 0.388774 0.388792 0.388802 0.388782 0.388931 0.388934 0.000000 0.000000
0.000000 0.000000 0.394625 0.394464 0.394421 0.394375 0.394299 0.394262 0.394245 0.394244 0.394208 0.394205 0.394221 0.394213 0.394258 0.394316 0.394411 0.394427 0.394592 0.000000 0.000000
0.000000 0.000000 0.398580 0.398611 0.398760 0.398725 0.398675 0.398528 0.398527 0.398493 0.398520 0.398511 0.398519 0.398525 0.398661 0.398698 0.398785 0.398634 0.398613 0.000000 0.000000
0.000000 0.000000 0.350000 0.350000 0.350000 0.350000 0.350000 0.350000 0.350000 0.350000 0.350000 0.350000 0.350000 0.350000 0.350000 0.350000 0.350000 0.350000 0.350000 0.000000 0.000000
0.000000 0.000000 0.000000 0.000000 0.000000 0.000000 0.000000 0.000000 0.000000 0.000000 0.000000 0.000000 0.000000 0.000000 0.000000 0.000000 0.000000 0.000000 0.000000 0.000000 0.000000