geotop/1.0zi/1.0Montebello/Templates/testdem/maps/_Eocclay5739.asc
ncols         21
nrows         20
xllcorner     100.000000
yllcorner     100.000000
cellsize      50.000000
NODATA_value  -9999.0
0.000000 0.000000 0.000000 0.000000 0.000000 0.000000 0.000000 0.000000 0.000000 0.000000 0.000000 0.000000 0.000000 0.000000 0.000000 0.000000 0.000000 0.000000 0.000000 0.000000 0.000000
0.000000 0.000000 0.349745 0.349746 0.349746 0.349746 0.349746 0.349746 0.349746 0.349746 0.349746 0.349746 0.349746 0.349746 0.349746 0.349746 0.349746 0.349746 0.349746 0.000000 0.000000
0.000000 0.000000 0.349989 0.349990 0.349990 0.349989 0.349989 0.349989 0.349989 0.349989 0.349989 0.349989 0.349989 0.349989 0.349989 0.349989 0.349989 0.349989 0.349989 0.000000 0.000000
0.000000 0.000000 0.349988 0.349990 0.349987 0.349988 0.349990 0.349990 0.349990 0.349988 0.349990 0.349988 0.349988 0.349988 0.349990 0.349992 0.349990 0.349991 0.349990 0.000000 0.000000
0.000000 0.000000 0.350479 0.350479 0.350479 0.350474 0.350463 0.350460 0.350461 0.350462 0.350461 0.350462 0.350457 0.350458 0.350462 0.350461 0.350466 0.350468 0.350472 0.000000 0.000000
0.000000 0.000000 0.352081 0.352082 0.352077 0.352058 0.352052 0.352035 0.352035 0.352031 0.352034 0.352034 0.352037 0.352037 0.352041 0.352053 0.352058 0.352070 0.352074 0.000000 0.000000
0.000000 0.000000 0.354394 0.354393 0.354391 0.354374 0.354354 0.354327 0.354327 0.354324 0.354325 0.354327 0.354328 0.354326 0.354345 0.354365 0.354374 0.354383 0.354390 0.000000 0.000000
0.000000 0.000000 0.357204 0.357204 0.357202 0.357183 0.357163 0.357135 0.357135 0.357132 0.357133 0.357133 0.357131 0.357135 0.357155 0.357173 0.357187 0.357192 0.357201 0.000000 0.000000
0.000000 0.000000 0.360052 0.360049 0.360043 0.360033 0.360013 0.359985 0.359987 0.359982 0.359980 0.359981 0.359981 0.359978 0.360003 0.360023 0.360035 0.360039 0.360047 0.000000 0.000000
0.000000 0.000000 0.362935 0.362930 0.362929 0.362921 0.362892 0.362866 0.362869 0.362865 0.362862 0.362866 0.362869 0.362865 0.362885 0.362908 0.362922 0.362924 0.362930 0.000000 0.000000
0.000000 0.000000 0.365928 0.365925 0.365925 0.365905 0.365885 0.365856 0.365863 0.365849 0.365850 0.365851 0.365848 0.365855 0.365870 0.365885 0.365900 0.365909 0.365921 0.000000 0.000000
0.000000 0.000000 0.369066 0.369059 0.369052 0.369038 0.369020 0.368987 0.368988 0.368980 0.368989 0.368981 0.368982 0.368984 0.369013 0.369026 0.369037 0.369041 0.369073 0.000000 0.000000
0.000000 0.000000 0.372290 0.372284 0.372282 0.372266 0.372250 0.372182 0.372182 0.372176 0.372162 0.372170 0.372175 0.372180 0.372229 0.372242 0.372266 0.372268 0.372291 0.000000 0.000000
0.000000 0.000000 0.375791 0.375787 0.375779 0.375768 0.375702 0.375685 0.375670 0.375669 0.375664 0.375667 0.375667 0.375664 0.375672 0.375737 0.375758 0.375774 0.375797 0.000000 0.000000
0.000000 0.000000 0.379645 0.379640 0.379626 0.379559 0.379537 0.379498 0.379471 0.379467 0.379455 0.379449 0.379456 0.379449 0.379478 0.379510 0.379607 0.379599 0.379613 0.000000 0.000000
0.000000 0.000000 0.383718 0.383713 0.383626 0.383610 0.383604 0.383579 0.383597 0.383586 0.383594 0.383584 0.383573 0.383590 0.383605 0.383614 0.383607 0.383720 0.383723 0.000000 0.000000
0.000000 0.000000 0.388380 0.388260 0.388218 0.388183 0.388125 0.388095 0.388086 0.388084 0.388059 0.388055 0.388066 0.388060 0.388093 0.388136 0.388205 0.388232 0.388353 0.000000 0.000000
0.000000 0.000000 0.391789 0.391793 0.391900 0.391870 0.391823 0.391709 0.391707 0.391682 0.391698 0.391692 0.391699 0.391701 0.391804 0.391837 0.391913 0.391803 0.391806 0.000000 0.000000
0.000000 0.000000 0.350000 0.350000 0.350000 0.350000 0.350000 0.350000 0.350000 0.350000 0.350000 0.350000 0.350000 0.350000 0.350000 0.350000 0.350000 0.350000 0.350000 0.000000 0.000000
0.000000 0.000000 0.000000 0.000000 0.000000 0.000000 0.000000 0.000000 0.000000 0.000000 0.000000 0.000000 0.000000 0.000000 0.000000 0.000000 0.000000 0.000000 0.000000 0.000000 0.000000