geotop/1.0zi/1.0Montebello/Templates/testdem/maps/_Eocclay9058.asc
ncols         21
nrows         20
xllcorner     100.000000
yllcorner     100.000000
cellsize      50.000000
NODATA_value  -9999.0
0.000000 0.000000 0.000000 0.000000 0.000000 0.000000 0.000000 0.000000 0.000000 0.000000 0.000000 0.000000 0.000000 0.000000 0.000000 0.000000 0.000000 0.000000 0.000000 0.000000 0.000000
0.000000 0.000000 0.349580 0.349583 0.349583 0.349582 0.349584 0.349584 0.349583 0.349583 0.349582 0.349584 0.349583 0.349583 0.349583 0.349583 0.349581 0.349582 0.349582 0.000000 0.000000
0.000000 0.000000 0.349982 0.349981 0.349981 0.349983 0.349981 0.349981 0.349981 0.349981 0.349981 0.349981 0.349981 0.349981 0.349982 0.349982 0.349983 0.349982 0.349980 0.000000 0.000000
0.000000 0.000000 0.350023 0.350028 0.350026 0.350023 0.350024 0.350025 0.350029 0.350026 0.350029 0.350027 0.350028 0.350026 0.350028 0.350030 0.350028 0.350027 0.350026 0.000000 0.000000
0.000000 0.000000 0.351222 0.351216 0.351210 0.351199 0.351182 0.351183 0.351178 0.351179 0.351178 0.351180 0.351179 0.351181 0.351190 0.351194 0.351205 0.351205 0.351215 0.000000 0.000000
0.000000 0.000000 0.354651 0.354644 0.354624 0.354593 0.354568 0.354542 0.354547 0.354540 0.354543 0.354542 0.354547 0.354546 0.354560 0.354585 0.354598 0.354607 0.354613 0.000000 0.000000
0.000000 0.000000 0.359252 0.359241 0.359229 0.359199 0.359164 0.359114 0.359116 0.359110 0.359110 0.359112 0.359112 0.359113 0.359154 0.359185 0.359202 0.359212 0.359220 0.000000 0.000000
0.000000 0.000000 0.364722 0.364711 0.364698 0.364661 0.364625 0.364579 0.364580 0.364575 0.364574 0.364571 0.364568 0.364578 0.364616 0.364647 0.364676 0.364680 0.364694 0.000000 0.000000
0.000000 0.000000 0.370629 0.370613 0.370594 0.370569 0.370527 0.370477 0.370482 0.370471 0.370467 0.370465 0.370466 0.370465 0.370516 0.370554 0.370575 0.370580 0.370594 0.000000 0.000000
0.000000 0.000000 0.377045 0.377024 0.377012 0.376985 0.376925 0.376880 0.376882 0.376875 0.376867 0.376872 0.376878 0.376876 0.376917 0.376966 0.376992 0.376997 0.377004 0.000000 0.000000
0.000000 0.000000 0.384213 0.384197 0.384183 0.384123 0.384084 0.384025 0.384041 0.384006 0.384012 0.384007 0.383996 0.384016 0.384060 0.384089 0.384126 0.384137 0.384166 0.000000 0.000000
0.000000 0.000000 0.392391 0.392362 0.392327 0.392294 0.392240 0.392169 0.392168 0.392164 0.392177 0.392149 0.392161 0.392160 0.392238 0.392280 0.392298 0.392305 0.392369 0.000000 0.000000
0.000000 0.000000 0.401471 0.401438 0.401430 0.401365 0.401321 0.401110 0.401110 0.401099 0.401034 0.401072 0.401079 0.401099 0.401263 0.401302 0.401378 0.401376 0.401401 0.000000 0.000000
0.000000 0.000000 0.412531 0.412517 0.412459 0.412417 0.412122 0.412188 0.412132 0.412134 0.412164 0.412134 0.412127 0.412103 0.412046 0.412359 0.412382 0.412449 0.412499 0.000000 0.000000
0.000000 0.000000 0.425742 0.425698 0.425632 0.425241 0.425339 0.425132 0.425063 0.425043 0.424966 0.424929 0.424972 0.424969 0.425169 0.425085 0.425593 0.425477 0.425471 0.000000 0.000000
0.000000 0.000000 0.439677 0.439643 0.439097 0.439327 0.439254 0.439254 0.439486 0.439422 0.439543 0.439515 0.439416 0.439549 0.439512 0.439573 0.439037 0.439839 0.439826 0.000000 0.000000
0.000000 0.000000 0.455401 0.454685 0.454933 0.454612 0.454258 0.454151 0.453912 0.453970 0.453730 0.453758 0.453898 0.453750 0.453943 0.454203 0.454898 0.454342 0.455078 0.000000 0.000000
0.000000 0.000000 0.459470 0.460054 0.460540 0.460537 0.460574 0.460091 0.460188 0.460042 0.460288 0.460238 0.460196 0.460280 0.460675 0.460649 0.460616 0.460239 0.459655 0.000000 0.000000
0.000000 0.000000 0.350000 0.350000 0.350000 0.350000 0.350000 0.350000 0.350000 0.350000 0.350000 0.350000 0.350000 0.350000 0.350000 0.350000 0.350000 0.350000 0.350000 0.000000 0.000000
0.000000 0.000000 0.000000 0.000000 0.000000 0.000000 0.000000 0.000000 0.000000 0.000000 0.000000 0.000000 0.000000 0.000000 0.000000 0.000000 0.000000 0.000000 0.000000 0.000000 0.000000