geotop/1.0zi/1.0Montebello/Templates/testdem/maps/_Eocsand1961.asc
ncols         21
nrows         20
xllcorner     100.000000
yllcorner     100.000000
cellsize      50.000000
NODATA_value  -9999.0
0.000000 0.000000 0.000000 0.000000 0.000000 0.000000 0.000000 0.000000 0.000000 0.000000 0.000000 0.000000 0.000000 0.000000 0.000000 0.000000 0.000000 0.000000 0.000000 0.000000 0.000000
0.000000 0.000000 0.300058 0.300058 0.300058 0.300058 0.300058 0.300058 0.300058 0.300058 0.300058 0.300058 0.300058 0.300058 0.300058 0.300058 0.300058 0.300058 0.300058 0.000000 0.000000
0.000000 0.000000 0.300008 0.300008 0.300009 0.300008 0.300008 0.300008 0.300008 0.300008 0.300008 0.300008 0.300008 0.300008 0.300008 0.300008 0.300009 0.300008 0.300008 0.000000 0.000000
0.000000 0.000000 0.298652 0.298652 0.298657 0.298654 0.298651 0.298651 0.298652 0.298651 0.298651 0.298651 0.298652 0.298651 0.298651 0.298654 0.298657 0.298652 0.298652 0.000000 0.000000
0.000000 0.000000 0.293301 0.293302 0.293306 0.293306 0.293299 0.293301 0.293301 0.293299 0.293299 0.293299 0.293301 0.293301 0.293299 0.293306 0.293306 0.293302 0.293301 0.000000 0.000000
0.000000 0.000000 0.286790 0.286791 0.286795 0.286794 0.286789 0.286791 0.286791 0.286789 0.286789 0.286789 0.286791 0.286791 0.286789 0.286794 0.286795 0.286791 0.286790 0.000000 0.000000
0.000000 0.000000 0.280706 0.280707 0.280710 0.280710 0.280705 0.280707 0.280706 0.280705 0.280705 0.280705 0.280706 0.280707 0.280705 0.280710 0.280710 0.280707 0.280706 0.000000 0.000000
0.000000 0.000000 0.275113 0.275113 0.275116 0.275115 0.275112 0.275113 0.275113 0.275112 0.275111 0.275112 0.275113 0.275113 0.275112 0.275115 0.275116 0.275113 0.275113 0.000000 0.000000
0.000000 0.000000 0.269878 0.269878 0.269881 0.269880 0.269877 0.269878 0.269878 0.269877 0.269876 0.269877 0.269878 0.269878 0.269877 0.269880 0.269881 0.269878 0.269878 0.000000 0.000000
0.000000 0.000000 0.264875 0.264876 0.264879 0.264878 0.264875 0.264876 0.264876 0.264874 0.264874 0.264874 0.264876 0.264876 0.264875 0.264878 0.264879 0.264876 0.264875 0.000000 0.000000
0.000000 0.000000 0.260052 0.260052 0.260055 0.260054 0.260051 0.260052 0.260052 0.260051 0.260051 0.260051 0.260052 0.260052 0.260051 0.260054 0.260055 0.260052 0.260052 0.000000 0.000000
0.000000 0.000000 0.255363 0.255363 0.255366 0.255365 0.255362 0.255363 0.255363 0.255362 0.255361 0.255362 0.255363 0.255363 0.255362 0.255365 0.255366 0.255363 0.255363 0.000000 0.000000
0.000000 0.000000 0.250775 0.250776 0.250778 0.250777 0.250775 0.250775 0.250775 0.250774 0.250774 0.250774 0.250775 0.250775 0.250775 0.250777 0.250778 0.250776 0.250775 0.000000 0.000000
0.000000 0.000000 0.246281 0.246282 0.246284 0.246283 0.246281 0.246281 0.246281 0.246280 0.246280 0.246280 0.246281 0.246281 0.246281 0.246283 0.246284 0.246282 0.246281 0.000000 0.000000
0.000000 0.000000 0.241860 0.241860 0.241863 0.241862 0.241859 0.241860 0.241860 0.241859 0.241858 0.241859 0.241860 0.241860 0.241859 0.241862 0.241863 0.241860 0.241860 0.000000 0.000000
0.000000 0.000000 0.237497 0.237498 0.237500 0.237500 0.237497 0.237498 0.237498 0.237497 0.237496 0.237497 0.237498 0.237498 0.237497 0.237500 0.237500 0.237498 0.237497 0.000000 0.000000
0.000000 0.000000 0.233197 0.233197 0.233200 0.233199 0.233196 0.233197 0.233197 0.233196 0.233196 0.233196 0.233197 0.233197 0.233196 0.233199 0.233200 0.233197 0.233197 0.000000 0.000000
0.000000 0.000000 0.228888 0.228888 0.228890 0.228889 0.228887 0.228887 0.228887 0.228886 0.228886 0.228886 0.228887 0.228887 0.228887 0.228889 0.228890 0.228888 0.228887 0.000000 0.000000
0.000000 0.000000 0.300000 0.300000 0.300000 0.300000 0.300000 0.300000 0.300000 0.300000 0.300000 0.300000 0.300000 0.300000 0.300000 0.300000 0.300000 0.300000 0.300000 0.000000 0.000000
0.000000 0.000000 0.000000 0.000000 0.000000 0.000000 0.000000 0.000000 0.000000 0.000000 0.000000 0.000000 0.000000 0.000000 0.000000 0.000000 0.000000 0.000000 0.000000 0.000000 0.000000