geotop/1.0zi/1.0Montebello/Templates/testdem/maps/_Eocsand6881.asc
ncols         21
nrows         20
xllcorner     100.000000
yllcorner     100.000000
cellsize      50.000000
NODATA_value  -9999.0
0.000000 0.000000 0.000000 0.000000 0.000000 0.000000 0.000000 0.000000 0.000000 0.000000 0.000000 0.000000 0.000000 0.000000 0.000000 0.000000 0.000000 0.000000 0.000000 0.000000 0.000000
0.000000 0.000000 0.300171 0.300169 0.300168 0.300169 0.300168 0.300168 0.300168 0.300168 0.300169 0.300168 0.300169 0.300169 0.300168 0.300168 0.300170 0.300170 0.300169 0.000000 0.000000
0.000000 0.000000 0.300009 0.300010 0.300010 0.300009 0.300010 0.300010 0.300010 0.300010 0.300010 0.300010 0.300009 0.300010 0.300010 0.300010 0.300010 0.300011 0.300012 0.000000 0.000000
0.000000 0.000000 0.299963 0.299962 0.299966 0.299971 0.299969 0.299971 0.299967 0.299970 0.299967 0.299970 0.299970 0.299970 0.299969 0.299964 0.299963 0.299960 0.299960 0.000000 0.000000
0.000000 0.000000 0.298610 0.298606 0.298613 0.298623 0.298640 0.298649 0.298651 0.298651 0.298653 0.298650 0.298653 0.298650 0.298632 0.298628 0.298625 0.298616 0.298604 0.000000 0.000000
0.000000 0.000000 0.294536 0.294535 0.294554 0.294592 0.294615 0.294654 0.294653 0.294664 0.294656 0.294654 0.294651 0.294653 0.294637 0.294611 0.294591 0.294574 0.294561 0.000000 0.000000
0.000000 0.000000 0.288550 0.288555 0.288572 0.288613 0.288664 0.288722 0.288722 0.288730 0.288726 0.288726 0.288729 0.288724 0.288678 0.288629 0.288604 0.288582 0.288566 0.000000 0.000000
0.000000 0.000000 0.281375 0.281377 0.281387 0.281434 0.281484 0.281547 0.281547 0.281554 0.281555 0.281557 0.281561 0.281550 0.281498 0.281452 0.281412 0.281401 0.281377 0.000000 0.000000
0.000000 0.000000 0.273861 0.273872 0.273896 0.273925 0.273975 0.274043 0.274039 0.274055 0.274059 0.274059 0.274058 0.274061 0.273996 0.273939 0.273908 0.273895 0.273874 0.000000 0.000000
0.000000 0.000000 0.266136 0.266150 0.266162 0.266187 0.266260 0.266321 0.266318 0.266327 0.266336 0.266329 0.266319 0.266326 0.266272 0.266208 0.266173 0.266164 0.266148 0.000000 0.000000
0.000000 0.000000 0.258001 0.258011 0.258023 0.258079 0.258127 0.258197 0.258182 0.258219 0.258215 0.258213 0.258226 0.258203 0.258158 0.258118 0.258074 0.258052 0.258017 0.000000 0.000000
0.000000 0.000000 0.249271 0.249292 0.249318 0.249358 0.249407 0.249492 0.249493 0.249509 0.249488 0.249513 0.249508 0.249501 0.249419 0.249377 0.249346 0.249331 0.249249 0.000000 0.000000
0.000000 0.000000 0.240113 0.240135 0.240148 0.240195 0.240239 0.240433 0.240434 0.240449 0.240494 0.240470 0.240457 0.240441 0.240295 0.240251 0.240180 0.240173 0.240120 0.000000 0.000000
0.000000 0.000000 0.229870 0.229880 0.229916 0.229951 0.230161 0.230188 0.230233 0.230235 0.230236 0.230237 0.230240 0.230248 0.230241 0.230019 0.229968 0.229912 0.229852 0.000000 0.000000
0.000000 0.000000 0.218265 0.218281 0.218331 0.218572 0.218610 0.218729 0.218803 0.218816 0.218855 0.218885 0.218858 0.218871 0.218763 0.218699 0.218372 0.218408 0.218380 0.000000 0.000000
0.000000 0.000000 0.205698 0.205716 0.206051 0.206053 0.206066 0.206130 0.206035 0.206079 0.206031 0.206065 0.206108 0.206032 0.205998 0.205975 0.206087 0.205647 0.205643 0.000000 0.000000
0.000000 0.000000 0.190616 0.191111 0.191168 0.191315 0.191559 0.191646 0.191723 0.191712 0.191832 0.191831 0.191771 0.191817 0.191694 0.191507 0.191192 0.191242 0.190733 0.000000 0.000000
0.000000 0.000000 0.181328 0.181105 0.180634 0.180712 0.180802 0.181246 0.181233 0.181343 0.181216 0.181249 0.181240 0.181210 0.180813 0.180739 0.180553 0.181005 0.181204 0.000000 0.000000
0.000000 0.000000 0.300000 0.300000 0.300000 0.300000 0.300000 0.300000 0.300000 0.300000 0.300000 0.300000 0.300000 0.300000 0.300000 0.300000 0.300000 0.300000 0.300000 0.000000 0.000000
0.000000 0.000000 0.000000 0.000000 0.000000 0.000000 0.000000 0.000000 0.000000 0.000000 0.000000 0.000000 0.000000 0.000000 0.000000 0.000000 0.000000 0.000000 0.000000 0.000000 0.000000