geotop/1.0zi/1.0Montebello/Templates/testdem/maps/_Eocclay6158.asc
ncols         21
nrows         20
xllcorner     100.000000
yllcorner     100.000000
cellsize      50.000000
NODATA_value  -9999.0
0.000000 0.000000 0.000000 0.000000 0.000000 0.000000 0.000000 0.000000 0.000000 0.000000 0.000000 0.000000 0.000000 0.000000 0.000000 0.000000 0.000000 0.000000 0.000000 0.000000 0.000000
0.000000 0.000000 0.349729 0.349729 0.349729 0.349728 0.349730 0.349730 0.349729 0.349729 0.349728 0.349730 0.349730 0.349729 0.349730 0.349730 0.349728 0.349728 0.349729 0.000000 0.000000
0.000000 0.000000 0.349989 0.349989 0.349989 0.349990 0.349989 0.349989 0.349989 0.349989 0.349989 0.349988 0.349989 0.349988 0.349989 0.349989 0.349990 0.349990 0.349988 0.000000 0.000000
0.000000 0.000000 0.349982 0.349985 0.349983 0.349983 0.349985 0.349985 0.349986 0.349983 0.349988 0.349985 0.349985 0.349985 0.349985 0.349987 0.349985 0.349987 0.349986 0.000000 0.000000
0.000000 0.000000 0.350507 0.350506 0.350504 0.350502 0.350489 0.350487 0.350487 0.350490 0.350487 0.350486 0.350481 0.350483 0.350490 0.350489 0.350493 0.350496 0.350502 0.000000 0.000000
0.000000 0.000000 0.352198 0.352198 0.352192 0.352171 0.352165 0.352147 0.352147 0.352143 0.352146 0.352147 0.352151 0.352150 0.352154 0.352168 0.352176 0.352187 0.352191 0.000000 0.000000
0.000000 0.000000 0.354731 0.354729 0.354725 0.354708 0.354686 0.354658 0.354657 0.354653 0.354655 0.354657 0.354657 0.354656 0.354677 0.354700 0.354710 0.354719 0.354726 0.000000 0.000000
0.000000 0.000000 0.357803 0.357803 0.357799 0.357778 0.357757 0.357727 0.357727 0.357724 0.357724 0.357723 0.357722 0.357727 0.357750 0.357770 0.357785 0.357791 0.357802 0.000000 0.000000
0.000000 0.000000 0.360956 0.360953 0.360945 0.360933 0.360912 0.360882 0.360884 0.360878 0.360875 0.360877 0.360876 0.360875 0.360903 0.360925 0.360939 0.360943 0.360952 0.000000 0.000000
0.000000 0.000000 0.364169 0.364163 0.364160 0.364150 0.364120 0.364092 0.364094 0.364090 0.364086 0.364090 0.364094 0.364090 0.364114 0.364140 0.364155 0.364158 0.364165 0.000000 0.000000
0.000000 0.000000 0.367524 0.367520 0.367518 0.367496 0.367475 0.367444 0.367450 0.367436 0.367436 0.367437 0.367433 0.367441 0.367461 0.367477 0.367494 0.367504 0.367518 0.000000 0.000000
0.000000 0.000000 0.371068 0.371061 0.371051 0.371035 0.371016 0.370979 0.370980 0.370972 0.370980 0.370971 0.370972 0.370975 0.371009 0.371026 0.371038 0.371043 0.371078 0.000000 0.000000
0.000000 0.000000 0.374737 0.374730 0.374726 0.374708 0.374690 0.374613 0.374613 0.374607 0.374590 0.374599 0.374605 0.374611 0.374668 0.374684 0.374711 0.374714 0.374739 0.000000 0.000000
0.000000 0.000000 0.378758 0.378753 0.378742 0.378730 0.378653 0.378635 0.378618 0.378617 0.378612 0.378613 0.378614 0.378612 0.378621 0.378699 0.378722 0.378741 0.378767 0.000000 0.000000
0.000000 0.000000 0.383226 0.383220 0.383202 0.383120 0.383099 0.383053 0.383023 0.383018 0.383003 0.382995 0.383004 0.382998 0.383034 0.383069 0.383184 0.383174 0.383190 0.000000 0.000000
0.000000 0.000000 0.387991 0.387985 0.387875 0.387861 0.387856 0.387828 0.387853 0.387840 0.387850 0.387838 0.387825 0.387848 0.387865 0.387875 0.387859 0.388000 0.388004 0.000000 0.000000
0.000000 0.000000 0.393527 0.393373 0.393330 0.393287 0.393215 0.393179 0.393164 0.393163 0.393129 0.393125 0.393140 0.393133 0.393175 0.393231 0.393320 0.393339 0.393495 0.000000 0.000000
0.000000 0.000000 0.397416 0.397440 0.397580 0.397546 0.397497 0.397357 0.397355 0.397322 0.397348 0.397339 0.397347 0.397352 0.397481 0.397518 0.397603 0.397460 0.397445 0.000000 0.000000
0.000000 0.000000 0.350000 0.350000 0.350000 0.350000 0.350000 0.350000 0.350000 0.350000 0.350000 0.350000 0.350000 0.350000 0.350000 0.350000 0.350000 0.350000 0.350000 0.000000 0.000000
0.000000 0.000000 0.000000 0.000000 0.000000 0.000000 0.000000 0.000000 0.000000 0.000000 0.000000 0.000000 0.000000 0.000000 0.000000 0.000000 0.000000 0.000000 0.000000 0.000000 0.000000