geotop/1.0zi/1.0Montebello/Templates/testdem/maps/_Eocsilt2680.asc
ncols         21
nrows         20
xllcorner     100.000000
yllcorner     100.000000
cellsize      50.000000
NODATA_value  -9999.0
0.000000 0.000000 0.000000 0.000000 0.000000 0.000000 0.000000 0.000000 0.000000 0.000000 0.000000 0.000000 0.000000 0.000000 0.000000 0.000000 0.000000 0.000000 0.000000 0.000000 0.000000
0.000000 0.000000 0.350065 0.350065 0.350065 0.350065 0.350065 0.350065 0.350065 0.350065 0.350064 0.350065 0.350065 0.350065 0.350065 0.350065 0.350065 0.350065 0.350065 0.000000 0.000000
0.000000 0.000000 0.349998 0.349997 0.349997 0.349998 0.349998 0.349998 0.349998 0.349998 0.349998 0.349998 0.349998 0.349998 0.349998 0.349998 0.349997 0.349997 0.349998 0.000000 0.000000
0.000000 0.000000 0.350892 0.350892 0.350890 0.350891 0.350893 0.350893 0.350892 0.350893 0.350893 0.350893 0.350892 0.350893 0.350893 0.350891 0.350890 0.350892 0.350892 0.000000 0.000000
0.000000 0.000000 0.354387 0.354386 0.354385 0.354385 0.354387 0.354387 0.354387 0.354388 0.354388 0.354388 0.354387 0.354387 0.354387 0.354385 0.354385 0.354386 0.354387 0.000000 0.000000
0.000000 0.000000 0.358924 0.358923 0.358922 0.358922 0.358925 0.358924 0.358924 0.358925 0.358925 0.358925 0.358924 0.358924 0.358925 0.358922 0.358922 0.358923 0.358924 0.000000 0.000000
0.000000 0.000000 0.363082 0.363081 0.363080 0.363080 0.363082 0.363081 0.363081 0.363082 0.363083 0.363082 0.363081 0.363081 0.363082 0.363080 0.363080 0.363081 0.363082 0.000000 0.000000
0.000000 0.000000 0.366870 0.366870 0.366869 0.366869 0.366871 0.366870 0.366870 0.366871 0.366871 0.366871 0.366870 0.366870 0.366871 0.366869 0.366869 0.366870 0.366870 0.000000 0.000000
0.000000 0.000000 0.370393 0.370392 0.370391 0.370392 0.370393 0.370392 0.370393 0.370393 0.370394 0.370393 0.370393 0.370392 0.370393 0.370392 0.370391 0.370392 0.370393 0.000000 0.000000
0.000000 0.000000 0.373730 0.373730 0.373729 0.373729 0.373731 0.373730 0.373730 0.373731 0.373731 0.373731 0.373730 0.373730 0.373731 0.373729 0.373729 0.373730 0.373730 0.000000 0.000000
0.000000 0.000000 0.376923 0.376923 0.376922 0.376922 0.376924 0.376923 0.376923 0.376924 0.376924 0.376924 0.376923 0.376923 0.376924 0.376922 0.376922 0.376923 0.376923 0.000000 0.000000
0.000000 0.000000 0.380003 0.380003 0.380001 0.380002 0.380003 0.380003 0.380003 0.380003 0.380004 0.380003 0.380003 0.380003 0.380003 0.380002 0.380001 0.380003 0.380003 0.000000 0.000000
0.000000 0.000000 0.382992 0.382991 0.382990 0.382991 0.382992 0.382991 0.382992 0.382992 0.382992 0.382992 0.382992 0.382991 0.382992 0.382991 0.382990 0.382991 0.382992 0.000000 0.000000
0.000000 0.000000 0.385905 0.385905 0.385904 0.385904 0.385905 0.385905 0.385905 0.385906 0.385906 0.385906 0.385905 0.385905 0.385905 0.385904 0.385904 0.385905 0.385905 0.000000 0.000000
0.000000 0.000000 0.388751 0.388751 0.388750 0.388750 0.388751 0.388751 0.388751 0.388752 0.388752 0.388752 0.388751 0.388751 0.388751 0.388750 0.388750 0.388751 0.388751 0.000000 0.000000
0.000000 0.000000 0.391536 0.391536 0.391534 0.391535 0.391536 0.391536 0.391536 0.391536 0.391536 0.391536 0.391536 0.391536 0.391536 0.391535 0.391534 0.391536 0.391536 0.000000 0.000000
0.000000 0.000000 0.394264 0.394264 0.394263 0.394263 0.394264 0.394264 0.394264 0.394264 0.394265 0.394264 0.394264 0.394264 0.394264 0.394263 0.394263 0.394264 0.394264 0.000000 0.000000
0.000000 0.000000 0.396975 0.396975 0.396974 0.396974 0.396975 0.396975 0.396975 0.396975 0.396976 0.396975 0.396975 0.396975 0.396975 0.396974 0.396974 0.396975 0.396975 0.000000 0.000000
0.000000 0.000000 0.350000 0.350000 0.350000 0.350000 0.350000 0.350000 0.350000 0.350000 0.350000 0.350000 0.350000 0.350000 0.350000 0.350000 0.350000 0.350000 0.350000 0.000000 0.000000
0.000000 0.000000 0.000000 0.000000 0.000000 0.000000 0.000000 0.000000 0.000000 0.000000 0.000000 0.000000 0.000000 0.000000 0.000000 0.000000 0.000000 0.000000 0.000000 0.000000 0.000000