geotop/1.0zi/1.0Montebello/Templates/testdem/maps/_Eocclay6868.asc
ncols         21
nrows         20
xllcorner     100.000000
yllcorner     100.000000
cellsize      50.000000
NODATA_value  -9999.0
0.000000 0.000000 0.000000 0.000000 0.000000 0.000000 0.000000 0.000000 0.000000 0.000000 0.000000 0.000000 0.000000 0.000000 0.000000 0.000000 0.000000 0.000000 0.000000 0.000000 0.000000
0.000000 0.000000 0.349693 0.349694 0.349694 0.349693 0.349695 0.349695 0.349694 0.349694 0.349693 0.349695 0.349694 0.349694 0.349695 0.349695 0.349693 0.349693 0.349694 0.000000 0.000000
0.000000 0.000000 0.349988 0.349987 0.349988 0.349988 0.349987 0.349987 0.349987 0.349987 0.349987 0.349986 0.349987 0.349986 0.349987 0.349987 0.349988 0.349988 0.349986 0.000000 0.000000
0.000000 0.000000 0.349977 0.349982 0.349979 0.349979 0.349980 0.349980 0.349982 0.349978 0.349983 0.349981 0.349981 0.349980 0.349979 0.349981 0.349979 0.349981 0.349981 0.000000 0.000000
0.000000 0.000000 0.350677 0.350675 0.350672 0.350670 0.350657 0.350655 0.350654 0.350656 0.350654 0.350655 0.350651 0.350653 0.350661 0.350661 0.350666 0.350667 0.350674 0.000000 0.000000
0.000000 0.000000 0.352776 0.352775 0.352766 0.352741 0.352732 0.352712 0.352713 0.352707 0.352711 0.352711 0.352713 0.352714 0.352721 0.352737 0.352748 0.352760 0.352767 0.000000 0.000000
0.000000 0.000000 0.355810 0.355807 0.355800 0.355780 0.355755 0.355724 0.355723 0.355718 0.355720 0.355722 0.355722 0.355722 0.355747 0.355773 0.355785 0.355795 0.355803 0.000000 0.000000
0.000000 0.000000 0.359431 0.359429 0.359423 0.359399 0.359374 0.359341 0.359341 0.359337 0.359337 0.359336 0.359334 0.359340 0.359367 0.359389 0.359409 0.359416 0.359428 0.000000 0.000000
0.000000 0.000000 0.363185 0.363180 0.363169 0.363155 0.363130 0.363096 0.363098 0.363091 0.363088 0.363088 0.363088 0.363087 0.363119 0.363148 0.363163 0.363169 0.363179 0.000000 0.000000
0.000000 0.000000 0.367059 0.367051 0.367046 0.367033 0.366996 0.366965 0.366967 0.366962 0.366958 0.366961 0.366966 0.366963 0.366990 0.367022 0.367040 0.367045 0.367053 0.000000 0.000000
0.000000 0.000000 0.371158 0.371153 0.371147 0.371119 0.371095 0.371059 0.371067 0.371048 0.371050 0.371051 0.371045 0.371056 0.371079 0.371099 0.371121 0.371132 0.371150 0.000000 0.000000
0.000000 0.000000 0.375554 0.375544 0.375531 0.375511 0.375486 0.375443 0.375443 0.375434 0.375445 0.375432 0.375435 0.375438 0.375479 0.375501 0.375516 0.375524 0.375565 0.000000 0.000000
0.000000 0.000000 0.380172 0.380160 0.380153 0.380130 0.380108 0.380010 0.380009 0.380001 0.379979 0.379991 0.379998 0.380006 0.380080 0.380102 0.380138 0.380141 0.380168 0.000000 0.000000
0.000000 0.000000 0.385339 0.385334 0.385316 0.385298 0.385191 0.385178 0.385155 0.385154 0.385154 0.385153 0.385151 0.385147 0.385151 0.385264 0.385290 0.385318 0.385348 0.000000 0.000000
0.000000 0.000000 0.391197 0.391188 0.391163 0.391041 0.391022 0.390963 0.390924 0.390917 0.390898 0.390883 0.390897 0.390890 0.390944 0.390977 0.391142 0.391124 0.391139 0.000000 0.000000
0.000000 0.000000 0.397542 0.397533 0.397363 0.397362 0.397356 0.397323 0.397372 0.397350 0.397374 0.397356 0.397335 0.397373 0.397390 0.397402 0.397345 0.397568 0.397570 0.000000 0.000000
0.000000 0.000000 0.405171 0.404919 0.404890 0.404816 0.404692 0.404648 0.404609 0.404614 0.404554 0.404554 0.404585 0.404561 0.404624 0.404719 0.404878 0.404853 0.405111 0.000000 0.000000
0.000000 0.000000 0.409866 0.409980 0.410220 0.410180 0.410135 0.409908 0.409915 0.409859 0.409923 0.409907 0.409911 0.409927 0.410129 0.410166 0.410261 0.410030 0.409930 0.000000 0.000000
0.000000 0.000000 0.350000 0.350000 0.350000 0.350000 0.350000 0.350000 0.350000 0.350000 0.350000 0.350000 0.350000 0.350000 0.350000 0.350000 0.350000 0.350000 0.350000 0.000000 0.000000
0.000000 0.000000 0.000000 0.000000 0.000000 0.000000 0.000000 0.000000 0.000000 0.000000 0.000000 0.000000 0.000000 0.000000 0.000000 0.000000 0.000000 0.000000 0.000000 0.000000 0.000000