geotop/1.0zi/1.0Montebello/Templates/testdem/maps/_Eocclay2137.asc
ncols         21
nrows         20
xllcorner     100.000000
yllcorner     100.000000
cellsize      50.000000
NODATA_value  -9999.0
0.000000 0.000000 0.000000 0.000000 0.000000 0.000000 0.000000 0.000000 0.000000 0.000000 0.000000 0.000000 0.000000 0.000000 0.000000 0.000000 0.000000 0.000000 0.000000 0.000000 0.000000
0.000000 0.000000 0.349887 0.349887 0.349887 0.349887 0.349887 0.349887 0.349887 0.349887 0.349887 0.349887 0.349887 0.349887 0.349887 0.349887 0.349887 0.349887 0.349887 0.000000 0.000000
0.000000 0.000000 0.349993 0.349993 0.349993 0.349993 0.349993 0.349993 0.349993 0.349993 0.349993 0.349993 0.349993 0.349993 0.349993 0.349993 0.349993 0.349993 0.349993 0.000000 0.000000
0.000000 0.000000 0.350658 0.350658 0.350656 0.350657 0.350658 0.350658 0.350658 0.350658 0.350658 0.350658 0.350658 0.350658 0.350658 0.350657 0.350656 0.350658 0.350658 0.000000 0.000000
0.000000 0.000000 0.353610 0.353609 0.353607 0.353607 0.353610 0.353609 0.353609 0.353611 0.353611 0.353611 0.353609 0.353609 0.353610 0.353607 0.353607 0.353609 0.353610 0.000000 0.000000
0.000000 0.000000 0.357094 0.357093 0.357092 0.357092 0.357095 0.357094 0.357094 0.357095 0.357095 0.357095 0.357094 0.357094 0.357095 0.357092 0.357092 0.357093 0.357094 0.000000 0.000000
0.000000 0.000000 0.360402 0.360402 0.360401 0.360401 0.360403 0.360402 0.360402 0.360403 0.360403 0.360403 0.360402 0.360402 0.360403 0.360401 0.360401 0.360402 0.360402 0.000000 0.000000
0.000000 0.000000 0.363450 0.363450 0.363448 0.363449 0.363450 0.363450 0.363450 0.363450 0.363451 0.363450 0.363450 0.363450 0.363450 0.363449 0.363448 0.363450 0.363450 0.000000 0.000000
0.000000 0.000000 0.366302 0.366302 0.366300 0.366301 0.366302 0.366302 0.366302 0.366302 0.366303 0.366302 0.366302 0.366302 0.366302 0.366301 0.366300 0.366302 0.366302 0.000000 0.000000
0.000000 0.000000 0.369026 0.369025 0.369024 0.369024 0.369026 0.369025 0.369025 0.369026 0.369026 0.369026 0.369025 0.369025 0.369026 0.369024 0.369024 0.369025 0.369026 0.000000 0.000000
0.000000 0.000000 0.371651 0.371651 0.371650 0.371650 0.371651 0.371651 0.371651 0.371651 0.371652 0.371651 0.371651 0.371651 0.371651 0.371650 0.371650 0.371651 0.371651 0.000000 0.000000
0.000000 0.000000 0.374202 0.374201 0.374200 0.374201 0.374202 0.374201 0.374201 0.374202 0.374202 0.374202 0.374201 0.374201 0.374202 0.374201 0.374200 0.374201 0.374202 0.000000 0.000000
0.000000 0.000000 0.376695 0.376695 0.376694 0.376694 0.376695 0.376695 0.376695 0.376696 0.376696 0.376696 0.376695 0.376695 0.376695 0.376694 0.376694 0.376695 0.376695 0.000000 0.000000
0.000000 0.000000 0.379138 0.379138 0.379137 0.379137 0.379138 0.379138 0.379138 0.379138 0.379139 0.379138 0.379138 0.379138 0.379138 0.379137 0.379137 0.379138 0.379138 0.000000 0.000000
0.000000 0.000000 0.381541 0.381540 0.381539 0.381540 0.381541 0.381540 0.381540 0.381541 0.381541 0.381541 0.381540 0.381540 0.381541 0.381540 0.381539 0.381540 0.381541 0.000000 0.000000
0.000000 0.000000 0.383907 0.383906 0.383905 0.383906 0.383907 0.383906 0.383906 0.383907 0.383907 0.383907 0.383906 0.383906 0.383907 0.383906 0.383905 0.383906 0.383907 0.000000 0.000000
0.000000 0.000000 0.386237 0.386237 0.386236 0.386236 0.386237 0.386237 0.386237 0.386238 0.386238 0.386238 0.386237 0.386237 0.386237 0.386236 0.386236 0.386237 0.386237 0.000000 0.000000
0.000000 0.000000 0.388565 0.388565 0.388564 0.388565 0.388566 0.388565 0.388565 0.388566 0.388566 0.388566 0.388565 0.388565 0.388566 0.388565 0.388564 0.388565 0.388566 0.000000 0.000000
0.000000 0.000000 0.350000 0.350000 0.350000 0.350000 0.350000 0.350000 0.350000 0.350000 0.350000 0.350000 0.350000 0.350000 0.350000 0.350000 0.350000 0.350000 0.350000 0.000000 0.000000
0.000000 0.000000 0.000000 0.000000 0.000000 0.000000 0.000000 0.000000 0.000000 0.000000 0.000000 0.000000 0.000000 0.000000 0.000000 0.000000 0.000000 0.000000 0.000000 0.000000 0.000000