geotop/1.0zi/1.0Montebello/Templates/testdem/maps/_Eocsand2686.asc
ncols         21
nrows         20
xllcorner     100.000000
yllcorner     100.000000
cellsize      50.000000
NODATA_value  -9999.0
0.000000 0.000000 0.000000 0.000000 0.000000 0.000000 0.000000 0.000000 0.000000 0.000000 0.000000 0.000000 0.000000 0.000000 0.000000 0.000000 0.000000 0.000000 0.000000 0.000000 0.000000
0.000000 0.000000 0.300080 0.300080 0.300079 0.300080 0.300080 0.300080 0.300080 0.300080 0.300081 0.300080 0.300080 0.300080 0.300080 0.300080 0.300079 0.300080 0.300080 0.000000 0.000000
0.000000 0.000000 0.300012 0.300013 0.300013 0.300012 0.300012 0.300012 0.300012 0.300012 0.300011 0.300012 0.300012 0.300012 0.300012 0.300012 0.300013 0.300013 0.300012 0.000000 0.000000
0.000000 0.000000 0.298271 0.298272 0.298276 0.298274 0.298270 0.298271 0.298271 0.298270 0.298270 0.298270 0.298271 0.298271 0.298270 0.298274 0.298276 0.298272 0.298271 0.000000 0.000000
0.000000 0.000000 0.290906 0.290907 0.290911 0.290910 0.290904 0.290906 0.290906 0.290903 0.290903 0.290903 0.290906 0.290906 0.290904 0.290910 0.290911 0.290907 0.290906 0.000000 0.000000
0.000000 0.000000 0.281907 0.281908 0.281911 0.281910 0.281905 0.281907 0.281907 0.281905 0.281904 0.281905 0.281907 0.281907 0.281905 0.281910 0.281911 0.281908 0.281907 0.000000 0.000000
0.000000 0.000000 0.273511 0.273512 0.273515 0.273515 0.273511 0.273512 0.273512 0.273510 0.273510 0.273510 0.273512 0.273512 0.273511 0.273515 0.273515 0.273512 0.273511 0.000000 0.000000
0.000000 0.000000 0.265835 0.265836 0.265838 0.265837 0.265834 0.265835 0.265835 0.265834 0.265833 0.265834 0.265835 0.265835 0.265834 0.265837 0.265838 0.265836 0.265835 0.000000 0.000000
0.000000 0.000000 0.258691 0.258692 0.258694 0.258693 0.258690 0.258691 0.258691 0.258690 0.258689 0.258690 0.258691 0.258691 0.258690 0.258693 0.258694 0.258692 0.258691 0.000000 0.000000
0.000000 0.000000 0.251917 0.251918 0.251920 0.251919 0.251916 0.251917 0.251917 0.251916 0.251915 0.251916 0.251917 0.251917 0.251916 0.251919 0.251920 0.251918 0.251917 0.000000 0.000000
0.000000 0.000000 0.245432 0.245433 0.245435 0.245434 0.245432 0.245433 0.245433 0.245431 0.245431 0.245431 0.245433 0.245433 0.245432 0.245434 0.245435 0.245433 0.245432 0.000000 0.000000
0.000000 0.000000 0.239175 0.239175 0.239177 0.239177 0.239174 0.239175 0.239175 0.239174 0.239173 0.239174 0.239175 0.239175 0.239174 0.239177 0.239177 0.239175 0.239175 0.000000 0.000000
0.000000 0.000000 0.233097 0.233098 0.233100 0.233099 0.233097 0.233098 0.233098 0.233096 0.233096 0.233096 0.233098 0.233098 0.233097 0.233099 0.233100 0.233098 0.233097 0.000000 0.000000
0.000000 0.000000 0.227170 0.227171 0.227173 0.227172 0.227170 0.227171 0.227170 0.227169 0.227169 0.227169 0.227170 0.227171 0.227170 0.227172 0.227173 0.227171 0.227170 0.000000 0.000000
0.000000 0.000000 0.221377 0.221377 0.221380 0.221379 0.221376 0.221377 0.221377 0.221376 0.221376 0.221376 0.221377 0.221377 0.221376 0.221379 0.221380 0.221377 0.221377 0.000000 0.000000
0.000000 0.000000 0.215707 0.215708 0.215710 0.215709 0.215707 0.215708 0.215707 0.215706 0.215706 0.215706 0.215707 0.215708 0.215707 0.215709 0.215710 0.215708 0.215707 0.000000 0.000000
0.000000 0.000000 0.210150 0.210150 0.210152 0.210151 0.210149 0.210150 0.210150 0.210149 0.210148 0.210149 0.210150 0.210150 0.210149 0.210151 0.210152 0.210150 0.210150 0.000000 0.000000
0.000000 0.000000 0.204625 0.204624 0.204627 0.204626 0.204623 0.204624 0.204624 0.204623 0.204623 0.204623 0.204624 0.204624 0.204623 0.204626 0.204627 0.204624 0.204624 0.000000 0.000000
0.000000 0.000000 0.300000 0.300000 0.300000 0.300000 0.300000 0.300000 0.300000 0.300000 0.300000 0.300000 0.300000 0.300000 0.300000 0.300000 0.300000 0.300000 0.300000 0.000000 0.000000
0.000000 0.000000 0.000000 0.000000 0.000000 0.000000 0.000000 0.000000 0.000000 0.000000 0.000000 0.000000 0.000000 0.000000 0.000000 0.000000 0.000000 0.000000 0.000000 0.000000 0.000000