geotop/1.0zi/1.0Montebello/Templates/testdem/maps/_Eocsilt9467.asc
ncols         21
nrows         20
xllcorner     100.000000
yllcorner     100.000000
cellsize      50.000000
NODATA_value  -9999.0
0.000000 0.000000 0.000000 0.000000 0.000000 0.000000 0.000000 0.000000 0.000000 0.000000 0.000000 0.000000 0.000000 0.000000 0.000000 0.000000 0.000000 0.000000 0.000000 0.000000 0.000000
0.000000 0.000000 0.350203 0.350203 0.350203 0.350203 0.350202 0.350203 0.350203 0.350202 0.350203 0.350202 0.350202 0.350202 0.350202 0.350203 0.350203 0.350203 0.350203 0.000000 0.000000
0.000000 0.000000 0.350008 0.350008 0.350008 0.350007 0.350008 0.350008 0.350008 0.350008 0.350008 0.350008 0.350009 0.350009 0.350008 0.350007 0.350006 0.350006 0.350007 0.000000 0.000000
0.000000 0.000000 0.350144 0.350141 0.350135 0.350131 0.350130 0.350125 0.350128 0.350129 0.350126 0.350130 0.350130 0.350130 0.350133 0.350137 0.350142 0.350143 0.350145 0.000000 0.000000
0.000000 0.000000 0.351420 0.351425 0.351414 0.351397 0.351387 0.351381 0.351384 0.351381 0.351382 0.351384 0.351389 0.351387 0.351401 0.351408 0.351412 0.351418 0.351421 0.000000 0.000000
0.000000 0.000000 0.354913 0.354908 0.354892 0.354872 0.354841 0.354817 0.354814 0.354809 0.354813 0.354814 0.354818 0.354817 0.354832 0.354853 0.354864 0.354872 0.354880 0.000000 0.000000
0.000000 0.000000 0.359847 0.359838 0.359821 0.359787 0.359747 0.359695 0.359700 0.359697 0.359695 0.359695 0.359693 0.359699 0.359738 0.359769 0.359790 0.359805 0.359813 0.000000 0.000000
0.000000 0.000000 0.365689 0.365678 0.365665 0.365628 0.365587 0.365540 0.365543 0.365537 0.365535 0.365532 0.365531 0.365540 0.365577 0.365613 0.365646 0.365651 0.365666 0.000000 0.000000
0.000000 0.000000 0.372100 0.372084 0.372062 0.372035 0.371987 0.371929 0.371936 0.371925 0.371920 0.371919 0.371922 0.371921 0.371976 0.372017 0.372043 0.372054 0.372067 0.000000 0.000000
0.000000 0.000000 0.379103 0.379084 0.379067 0.379038 0.378974 0.378920 0.378924 0.378917 0.378908 0.378913 0.378921 0.378920 0.378963 0.379017 0.379046 0.379057 0.379065 0.000000 0.000000
0.000000 0.000000 0.386971 0.386958 0.386943 0.386873 0.386832 0.386762 0.386781 0.386744 0.386750 0.386746 0.386734 0.386757 0.386805 0.386838 0.386879 0.386896 0.386929 0.000000 0.000000
0.000000 0.000000 0.396061 0.396030 0.395988 0.395956 0.395895 0.395808 0.395810 0.395806 0.395821 0.395790 0.395807 0.395806 0.395891 0.395940 0.395963 0.395977 0.396046 0.000000 0.000000
0.000000 0.000000 0.406219 0.406192 0.406183 0.406105 0.406055 0.405806 0.405808 0.405796 0.405717 0.405765 0.405774 0.405799 0.405984 0.406029 0.406119 0.406126 0.406148 0.000000 0.000000
0.000000 0.000000 0.418672 0.418663 0.418592 0.418547 0.418199 0.418299 0.418234 0.418236 0.418280 0.418240 0.418234 0.418204 0.418112 0.418485 0.418506 0.418595 0.418650 0.000000 0.000000
0.000000 0.000000 0.433049 0.433008 0.432939 0.432496 0.432648 0.432383 0.432317 0.432293 0.432199 0.432162 0.432215 0.432219 0.432461 0.432322 0.432904 0.432774 0.432760 0.000000 0.000000
0.000000 0.000000 0.446651 0.446626 0.446102 0.446359 0.446268 0.446281 0.446512 0.446452 0.446575 0.446553 0.446457 0.446585 0.446526 0.446604 0.446041 0.446836 0.446825 0.000000 0.000000
0.000000 0.000000 0.459056 0.458615 0.458744 0.458549 0.458321 0.458245 0.458102 0.458135 0.457985 0.458003 0.458090 0.458002 0.458127 0.458297 0.458716 0.458407 0.458867 0.000000 0.000000
0.000000 0.000000 0.463933 0.464002 0.464257 0.464174 0.464098 0.463860 0.463848 0.463797 0.463847 0.463832 0.463847 0.463851 0.464065 0.464122 0.464275 0.463998 0.463936 0.000000 0.000000
0.000000 0.000000 0.350000 0.350000 0.350000 0.350000 0.350000 0.350000 0.350000 0.350000 0.350000 0.350000 0.350000 0.350000 0.350000 0.350000 0.350000 0.350000 0.350000 0.000000 0.000000
0.000000 0.000000 0.000000 0.000000 0.000000 0.000000 0.000000 0.000000 0.000000 0.000000 0.000000 0.000000 0.000000 0.000000 0.000000 0.000000 0.000000 0.000000 0.000000 0.000000 0.000000