geotop/1.0zi/1.0Montebello/Templates/testdem/maps/_Eocsilt0521.asc
ncols         21
nrows         20
xllcorner     100.000000
yllcorner     100.000000
cellsize      50.000000
NODATA_value  -9999.0
0.000000 0.000000 0.000000 0.000000 0.000000 0.000000 0.000000 0.000000 0.000000 0.000000 0.000000 0.000000 0.000000 0.000000 0.000000 0.000000 0.000000 0.000000 0.000000 0.000000 0.000000
0.000000 0.000000 0.350010 0.350010 0.350010 0.350010 0.350010 0.350010 0.350010 0.350010 0.350010 0.350010 0.350010 0.350010 0.350010 0.350010 0.350010 0.350010 0.350010 0.000000 0.000000
0.000000 0.000000 0.349998 0.349997 0.349997 0.349997 0.349998 0.349998 0.349998 0.349998 0.349998 0.349998 0.349998 0.349998 0.349998 0.349997 0.349997 0.349997 0.349998 0.000000 0.000000
0.000000 0.000000 0.350282 0.350282 0.350280 0.350282 0.350282 0.350282 0.350282 0.350282 0.350282 0.350282 0.350282 0.350282 0.350282 0.350282 0.350280 0.350282 0.350282 0.000000 0.000000
0.000000 0.000000 0.351159 0.351159 0.351157 0.351159 0.351159 0.351160 0.351160 0.351159 0.351159 0.351159 0.351160 0.351160 0.351159 0.351159 0.351157 0.351159 0.351159 0.000000 0.000000
0.000000 0.000000 0.352097 0.352097 0.352095 0.352097 0.352097 0.352097 0.352097 0.352097 0.352097 0.352097 0.352097 0.352097 0.352097 0.352097 0.352095 0.352097 0.352097 0.000000 0.000000
0.000000 0.000000 0.352946 0.352946 0.352944 0.352945 0.352946 0.352946 0.352946 0.352946 0.352946 0.352946 0.352946 0.352946 0.352946 0.352945 0.352944 0.352946 0.352946 0.000000 0.000000
0.000000 0.000000 0.353731 0.353731 0.353729 0.353731 0.353731 0.353731 0.353731 0.353731 0.353731 0.353731 0.353731 0.353731 0.353731 0.353731 0.353729 0.353731 0.353731 0.000000 0.000000
0.000000 0.000000 0.354472 0.354472 0.354470 0.354472 0.354472 0.354472 0.354472 0.354472 0.354472 0.354472 0.354472 0.354472 0.354472 0.354472 0.354470 0.354472 0.354472 0.000000 0.000000
0.000000 0.000000 0.355186 0.355186 0.355184 0.355186 0.355186 0.355186 0.355186 0.355186 0.355186 0.355186 0.355186 0.355186 0.355186 0.355186 0.355184 0.355186 0.355186 0.000000 0.000000
0.000000 0.000000 0.355880 0.355880 0.355879 0.355880 0.355880 0.355880 0.355880 0.355880 0.355880 0.355880 0.355880 0.355880 0.355880 0.355880 0.355879 0.355880 0.355880 0.000000 0.000000
0.000000 0.000000 0.356560 0.356560 0.356559 0.356560 0.356560 0.356560 0.356560 0.356560 0.356560 0.356560 0.356560 0.356560 0.356560 0.356560 0.356559 0.356560 0.356560 0.000000 0.000000
0.000000 0.000000 0.357228 0.357228 0.357226 0.357227 0.357228 0.357228 0.357228 0.357228 0.357228 0.357228 0.357228 0.357228 0.357228 0.357227 0.357226 0.357228 0.357228 0.000000 0.000000
0.000000 0.000000 0.357885 0.357885 0.357883 0.357884 0.357885 0.357885 0.357885 0.357885 0.357885 0.357885 0.357885 0.357885 0.357885 0.357884 0.357883 0.357885 0.357885 0.000000 0.000000
0.000000 0.000000 0.358535 0.358535 0.358533 0.358535 0.358535 0.358535 0.358535 0.358535 0.358535 0.358535 0.358535 0.358535 0.358535 0.358535 0.358533 0.358535 0.358535 0.000000 0.000000
0.000000 0.000000 0.359182 0.359182 0.359180 0.359182 0.359182 0.359182 0.359182 0.359182 0.359182 0.359182 0.359182 0.359182 0.359182 0.359182 0.359180 0.359182 0.359182 0.000000 0.000000
0.000000 0.000000 0.359821 0.359821 0.359820 0.359821 0.359821 0.359821 0.359821 0.359821 0.359821 0.359821 0.359821 0.359821 0.359821 0.359821 0.359820 0.359821 0.359821 0.000000 0.000000
0.000000 0.000000 0.360473 0.360473 0.360472 0.360473 0.360473 0.360473 0.360473 0.360473 0.360473 0.360473 0.360473 0.360473 0.360473 0.360473 0.360472 0.360473 0.360473 0.000000 0.000000
0.000000 0.000000 0.350000 0.350000 0.350000 0.350000 0.350000 0.350000 0.350000 0.350000 0.350000 0.350000 0.350000 0.350000 0.350000 0.350000 0.350000 0.350000 0.350000 0.000000 0.000000
0.000000 0.000000 0.000000 0.000000 0.000000 0.000000 0.000000 0.000000 0.000000 0.000000 0.000000 0.000000 0.000000 0.000000 0.000000 0.000000 0.000000 0.000000 0.000000 0.000000 0.000000