geotop/1.0zi/1.0Montebello/Templates/testdem/maps/_Eocsand3321.asc
ncols         21
nrows         20
xllcorner     100.000000
yllcorner     100.000000
cellsize      50.000000
NODATA_value  -9999.0
0.000000 0.000000 0.000000 0.000000 0.000000 0.000000 0.000000 0.000000 0.000000 0.000000 0.000000 0.000000 0.000000 0.000000 0.000000 0.000000 0.000000 0.000000 0.000000 0.000000 0.000000
0.000000 0.000000 0.300090 0.300090 0.300090 0.300090 0.300090 0.300090 0.300090 0.300090 0.300091 0.300090 0.300090 0.300090 0.300090 0.300090 0.300090 0.300090 0.300090 0.000000 0.000000
0.000000 0.000000 0.300011 0.300011 0.300011 0.300010 0.300011 0.300011 0.300011 0.300011 0.300009 0.300011 0.300011 0.300011 0.300011 0.300010 0.300011 0.300011 0.300011 0.000000 0.000000
0.000000 0.000000 0.297433 0.297434 0.297438 0.297436 0.297433 0.297433 0.297434 0.297433 0.297432 0.297433 0.297434 0.297433 0.297433 0.297436 0.297438 0.297434 0.297433 0.000000 0.000000
0.000000 0.000000 0.287693 0.287694 0.287698 0.287697 0.287691 0.287693 0.287693 0.287691 0.287690 0.287691 0.287693 0.287693 0.287691 0.287697 0.287698 0.287694 0.287693 0.000000 0.000000
0.000000 0.000000 0.276324 0.276325 0.276328 0.276328 0.276323 0.276325 0.276325 0.276323 0.276321 0.276323 0.276325 0.276325 0.276323 0.276328 0.276328 0.276325 0.276324 0.000000 0.000000
0.000000 0.000000 0.265837 0.265837 0.265840 0.265840 0.265835 0.265837 0.265837 0.265836 0.265834 0.265836 0.265837 0.265837 0.265835 0.265840 0.265840 0.265837 0.265837 0.000000 0.000000
0.000000 0.000000 0.256316 0.256317 0.256319 0.256319 0.256315 0.256317 0.256317 0.256315 0.256314 0.256315 0.256317 0.256317 0.256315 0.256319 0.256319 0.256317 0.256316 0.000000 0.000000
0.000000 0.000000 0.247516 0.247517 0.247519 0.247519 0.247515 0.247517 0.247517 0.247515 0.247514 0.247515 0.247517 0.247517 0.247515 0.247519 0.247519 0.247517 0.247516 0.000000 0.000000
0.000000 0.000000 0.239231 0.239231 0.239234 0.239233 0.239230 0.239231 0.239231 0.239230 0.239229 0.239230 0.239231 0.239231 0.239230 0.239233 0.239234 0.239231 0.239231 0.000000 0.000000
0.000000 0.000000 0.231357 0.231358 0.231360 0.231360 0.231357 0.231358 0.231358 0.231357 0.231356 0.231357 0.231358 0.231358 0.231357 0.231360 0.231360 0.231358 0.231357 0.000000 0.000000
0.000000 0.000000 0.223821 0.223822 0.223824 0.223823 0.223820 0.223822 0.223822 0.223820 0.223820 0.223820 0.223822 0.223822 0.223820 0.223823 0.223824 0.223822 0.223821 0.000000 0.000000
0.000000 0.000000 0.216570 0.216570 0.216572 0.216572 0.216569 0.216570 0.216570 0.216569 0.216568 0.216569 0.216570 0.216570 0.216569 0.216572 0.216572 0.216570 0.216570 0.000000 0.000000
0.000000 0.000000 0.209543 0.209544 0.209546 0.209545 0.209542 0.209543 0.209543 0.209542 0.209542 0.209542 0.209543 0.209543 0.209542 0.209545 0.209546 0.209544 0.209543 0.000000 0.000000
0.000000 0.000000 0.202724 0.202724 0.202726 0.202725 0.202723 0.202724 0.202724 0.202723 0.202722 0.202723 0.202724 0.202724 0.202723 0.202725 0.202726 0.202724 0.202724 0.000000 0.000000
0.000000 0.000000 0.196098 0.196099 0.196101 0.196100 0.196098 0.196099 0.196099 0.196098 0.196097 0.196098 0.196099 0.196099 0.196098 0.196100 0.196101 0.196099 0.196098 0.000000 0.000000
0.000000 0.000000 0.189648 0.189648 0.189650 0.189649 0.189647 0.189648 0.189648 0.189647 0.189646 0.189647 0.189648 0.189648 0.189647 0.189649 0.189650 0.189648 0.189648 0.000000 0.000000
0.000000 0.000000 0.183259 0.183258 0.183260 0.183259 0.183257 0.183258 0.183258 0.183257 0.183256 0.183257 0.183258 0.183258 0.183257 0.183259 0.183260 0.183258 0.183258 0.000000 0.000000
0.000000 0.000000 0.300000 0.300000 0.300000 0.300000 0.300000 0.300000 0.300000 0.300000 0.300000 0.300000 0.300000 0.300000 0.300000 0.300000 0.300000 0.300000 0.300000 0.000000 0.000000
0.000000 0.000000 0.000000 0.000000 0.000000 0.000000 0.000000 0.000000 0.000000 0.000000 0.000000 0.000000 0.000000 0.000000 0.000000 0.000000 0.000000 0.000000 0.000000 0.000000 0.000000