geotop/1.0zi/1.0Montebello/Templates/testdem/maps/_Eocsand2814.asc
ncols         21
nrows         20
xllcorner     100.000000
yllcorner     100.000000
cellsize      50.000000
NODATA_value  -9999.0
0.000000 0.000000 0.000000 0.000000 0.000000 0.000000 0.000000 0.000000 0.000000 0.000000 0.000000 0.000000 0.000000 0.000000 0.000000 0.000000 0.000000 0.000000 0.000000 0.000000 0.000000
0.000000 0.000000 0.300083 0.300083 0.300083 0.300083 0.300083 0.300083 0.300083 0.300083 0.300085 0.300083 0.300083 0.300083 0.300083 0.300083 0.300083 0.300083 0.300083 0.000000 0.000000
0.000000 0.000000 0.300009 0.300010 0.300010 0.300009 0.300010 0.300010 0.300010 0.300010 0.300008 0.300010 0.300010 0.300010 0.300010 0.300009 0.300010 0.300010 0.300009 0.000000 0.000000
0.000000 0.000000 0.298002 0.298002 0.298007 0.298005 0.298001 0.298002 0.298002 0.298001 0.298001 0.298001 0.298002 0.298002 0.298001 0.298005 0.298007 0.298002 0.298002 0.000000 0.000000
0.000000 0.000000 0.289920 0.289922 0.289925 0.289925 0.289919 0.289921 0.289921 0.289918 0.289918 0.289918 0.289921 0.289921 0.289919 0.289925 0.289925 0.289922 0.289920 0.000000 0.000000
0.000000 0.000000 0.280255 0.280256 0.280259 0.280259 0.280254 0.280255 0.280255 0.280253 0.280253 0.280253 0.280255 0.280255 0.280254 0.280259 0.280259 0.280256 0.280255 0.000000 0.000000
0.000000 0.000000 0.271300 0.271301 0.271303 0.271303 0.271299 0.271300 0.271300 0.271298 0.271298 0.271298 0.271300 0.271300 0.271299 0.271303 0.271303 0.271301 0.271300 0.000000 0.000000
0.000000 0.000000 0.263144 0.263145 0.263147 0.263147 0.263143 0.263144 0.263144 0.263143 0.263142 0.263143 0.263144 0.263144 0.263143 0.263147 0.263147 0.263145 0.263144 0.000000 0.000000
0.000000 0.000000 0.255577 0.255578 0.255581 0.255580 0.255577 0.255578 0.255578 0.255576 0.255576 0.255576 0.255578 0.255578 0.255577 0.255580 0.255581 0.255578 0.255577 0.000000 0.000000
0.000000 0.000000 0.248421 0.248422 0.248424 0.248423 0.248421 0.248422 0.248422 0.248420 0.248420 0.248420 0.248422 0.248422 0.248421 0.248423 0.248424 0.248422 0.248421 0.000000 0.000000
0.000000 0.000000 0.241591 0.241592 0.241594 0.241593 0.241591 0.241592 0.241592 0.241590 0.241590 0.241590 0.241592 0.241592 0.241591 0.241593 0.241594 0.241592 0.241591 0.000000 0.000000
0.000000 0.000000 0.235020 0.235021 0.235023 0.235022 0.235020 0.235021 0.235021 0.235019 0.235019 0.235019 0.235021 0.235021 0.235020 0.235022 0.235023 0.235021 0.235020 0.000000 0.000000
0.000000 0.000000 0.228659 0.228660 0.228662 0.228661 0.228659 0.228660 0.228659 0.228658 0.228658 0.228658 0.228659 0.228660 0.228659 0.228661 0.228662 0.228660 0.228659 0.000000 0.000000
0.000000 0.000000 0.222464 0.222465 0.222467 0.222466 0.222464 0.222465 0.222465 0.222463 0.222463 0.222463 0.222465 0.222465 0.222464 0.222466 0.222467 0.222465 0.222464 0.000000 0.000000
0.000000 0.000000 0.216419 0.216420 0.216422 0.216421 0.216419 0.216420 0.216420 0.216418 0.216418 0.216418 0.216420 0.216420 0.216419 0.216421 0.216422 0.216420 0.216419 0.000000 0.000000
0.000000 0.000000 0.210512 0.210513 0.210515 0.210514 0.210512 0.210513 0.210513 0.210511 0.210511 0.210511 0.210513 0.210513 0.210512 0.210514 0.210515 0.210513 0.210512 0.000000 0.000000
0.000000 0.000000 0.204735 0.204735 0.204737 0.204736 0.204734 0.204735 0.204735 0.204734 0.204733 0.204734 0.204735 0.204735 0.204734 0.204736 0.204737 0.204735 0.204735 0.000000 0.000000
0.000000 0.000000 0.198978 0.198978 0.198980 0.198979 0.198977 0.198978 0.198978 0.198977 0.198976 0.198977 0.198978 0.198978 0.198977 0.198979 0.198980 0.198978 0.198978 0.000000 0.000000
0.000000 0.000000 0.300000 0.300000 0.300000 0.300000 0.300000 0.300000 0.300000 0.300000 0.300000 0.300000 0.300000 0.300000 0.300000 0.300000 0.300000 0.300000 0.300000 0.000000 0.000000
0.000000 0.000000 0.000000 0.000000 0.000000 0.000000 0.000000 0.000000 0.000000 0.000000 0.000000 0.000000 0.000000 0.000000 0.000000 0.000000 0.000000 0.000000 0.000000 0.000000 0.000000