geotop/1.0zi/1.0Montebello/Templates/testdem/maps/_Eocsilt3009.asc
ncols         21
nrows         20
xllcorner     100.000000
yllcorner     100.000000
cellsize      50.000000
NODATA_value  -9999.0
0.000000 0.000000 0.000000 0.000000 0.000000 0.000000 0.000000 0.000000 0.000000 0.000000 0.000000 0.000000 0.000000 0.000000 0.000000 0.000000 0.000000 0.000000 0.000000 0.000000 0.000000
0.000000 0.000000 0.350080 0.350080 0.350080 0.350080 0.350080 0.350080 0.350080 0.350080 0.350079 0.350080 0.350080 0.350080 0.350080 0.350080 0.350080 0.350080 0.350080 0.000000 0.000000
0.000000 0.000000 0.349996 0.349996 0.349996 0.349996 0.349996 0.349996 0.349996 0.349996 0.349997 0.349996 0.349996 0.349996 0.349996 0.349996 0.349996 0.349996 0.349996 0.000000 0.000000
0.000000 0.000000 0.351136 0.351135 0.351133 0.351134 0.351136 0.351136 0.351136 0.351136 0.351136 0.351136 0.351136 0.351136 0.351136 0.351134 0.351133 0.351135 0.351136 0.000000 0.000000
0.000000 0.000000 0.355409 0.355409 0.355407 0.355407 0.355409 0.355409 0.355409 0.355410 0.355410 0.355410 0.355409 0.355409 0.355409 0.355407 0.355407 0.355409 0.355409 0.000000 0.000000
0.000000 0.000000 0.360702 0.360702 0.360700 0.360700 0.360703 0.360702 0.360702 0.360703 0.360703 0.360703 0.360702 0.360702 0.360703 0.360700 0.360700 0.360702 0.360702 0.000000 0.000000
0.000000 0.000000 0.365503 0.365503 0.365502 0.365502 0.365504 0.365503 0.365503 0.365504 0.365504 0.365504 0.365503 0.365503 0.365504 0.365502 0.365502 0.365503 0.365503 0.000000 0.000000
0.000000 0.000000 0.369850 0.369850 0.369849 0.369849 0.369851 0.369850 0.369850 0.369851 0.369851 0.369851 0.369850 0.369850 0.369851 0.369849 0.369849 0.369850 0.369850 0.000000 0.000000
0.000000 0.000000 0.373870 0.373870 0.373868 0.373869 0.373870 0.373870 0.373870 0.373871 0.373871 0.373871 0.373870 0.373870 0.373870 0.373869 0.373868 0.373870 0.373870 0.000000 0.000000
0.000000 0.000000 0.377659 0.377659 0.377658 0.377658 0.377659 0.377659 0.377659 0.377660 0.377660 0.377660 0.377659 0.377659 0.377659 0.377658 0.377658 0.377659 0.377659 0.000000 0.000000
0.000000 0.000000 0.381263 0.381263 0.381262 0.381262 0.381263 0.381263 0.381263 0.381264 0.381264 0.381264 0.381263 0.381263 0.381263 0.381262 0.381262 0.381263 0.381263 0.000000 0.000000
0.000000 0.000000 0.384717 0.384717 0.384715 0.384716 0.384717 0.384717 0.384717 0.384717 0.384718 0.384717 0.384717 0.384717 0.384717 0.384716 0.384715 0.384717 0.384717 0.000000 0.000000
0.000000 0.000000 0.388048 0.388048 0.388047 0.388047 0.388049 0.388048 0.388048 0.388049 0.388049 0.388049 0.388048 0.388048 0.388049 0.388047 0.388047 0.388048 0.388048 0.000000 0.000000
0.000000 0.000000 0.391283 0.391283 0.391282 0.391282 0.391283 0.391283 0.391283 0.391283 0.391284 0.391283 0.391283 0.391283 0.391283 0.391282 0.391282 0.391283 0.391283 0.000000 0.000000
0.000000 0.000000 0.394427 0.394427 0.394426 0.394426 0.394427 0.394427 0.394427 0.394428 0.394428 0.394428 0.394427 0.394427 0.394427 0.394426 0.394426 0.394427 0.394427 0.000000 0.000000
0.000000 0.000000 0.397487 0.397487 0.397486 0.397486 0.397487 0.397487 0.397487 0.397487 0.397488 0.397487 0.397487 0.397487 0.397487 0.397486 0.397486 0.397487 0.397487 0.000000 0.000000
0.000000 0.000000 0.400472 0.400472 0.400471 0.400472 0.400473 0.400472 0.400472 0.400473 0.400473 0.400473 0.400472 0.400472 0.400473 0.400472 0.400471 0.400472 0.400472 0.000000 0.000000
0.000000 0.000000 0.403442 0.403442 0.403441 0.403442 0.403443 0.403442 0.403442 0.403443 0.403443 0.403443 0.403442 0.403442 0.403443 0.403442 0.403441 0.403442 0.403442 0.000000 0.000000
0.000000 0.000000 0.350000 0.350000 0.350000 0.350000 0.350000 0.350000 0.350000 0.350000 0.350000 0.350000 0.350000 0.350000 0.350000 0.350000 0.350000 0.350000 0.350000 0.000000 0.000000
0.000000 0.000000 0.000000 0.000000 0.000000 0.000000 0.000000 0.000000 0.000000 0.000000 0.000000 0.000000 0.000000 0.000000 0.000000 0.000000 0.000000 0.000000 0.000000 0.000000 0.000000