geotop/1.0zi/1.0Montebello/Templates/testdem/maps/_Eocsilt2716.asc
ncols         21
nrows         20
xllcorner     100.000000
yllcorner     100.000000
cellsize      50.000000
NODATA_value  -9999.0
0.000000 0.000000 0.000000 0.000000 0.000000 0.000000 0.000000 0.000000 0.000000 0.000000 0.000000 0.000000 0.000000 0.000000 0.000000 0.000000 0.000000 0.000000 0.000000 0.000000 0.000000
0.000000 0.000000 0.350066 0.350066 0.350066 0.350066 0.350066 0.350066 0.350066 0.350066 0.350065 0.350066 0.350066 0.350066 0.350066 0.350066 0.350066 0.350066 0.350066 0.000000 0.000000
0.000000 0.000000 0.349999 0.349999 0.349999 0.349999 0.349999 0.349999 0.349999 0.349999 0.349999 0.349999 0.349999 0.349999 0.349999 0.349999 0.349999 0.349999 0.349999 0.000000 0.000000
0.000000 0.000000 0.350906 0.350905 0.350903 0.350904 0.350906 0.350906 0.350906 0.350906 0.350906 0.350906 0.350906 0.350906 0.350906 0.350904 0.350903 0.350905 0.350906 0.000000 0.000000
0.000000 0.000000 0.354476 0.354475 0.354473 0.354474 0.354476 0.354475 0.354475 0.354477 0.354477 0.354477 0.354475 0.354475 0.354476 0.354474 0.354473 0.354475 0.354476 0.000000 0.000000
0.000000 0.000000 0.359096 0.359096 0.359094 0.359094 0.359097 0.359096 0.359096 0.359097 0.359097 0.359097 0.359096 0.359096 0.359097 0.359094 0.359094 0.359096 0.359096 0.000000 0.000000
0.000000 0.000000 0.363328 0.363327 0.363326 0.363326 0.363328 0.363328 0.363328 0.363328 0.363329 0.363328 0.363328 0.363328 0.363328 0.363326 0.363326 0.363327 0.363328 0.000000 0.000000
0.000000 0.000000 0.367182 0.367181 0.367180 0.367180 0.367182 0.367181 0.367181 0.367182 0.367182 0.367182 0.367181 0.367181 0.367182 0.367180 0.367180 0.367181 0.367182 0.000000 0.000000
0.000000 0.000000 0.370763 0.370762 0.370761 0.370761 0.370763 0.370762 0.370762 0.370763 0.370763 0.370763 0.370762 0.370762 0.370763 0.370761 0.370761 0.370762 0.370763 0.000000 0.000000
0.000000 0.000000 0.374154 0.374154 0.374153 0.374153 0.374154 0.374154 0.374154 0.374155 0.374155 0.374155 0.374154 0.374154 0.374154 0.374153 0.374153 0.374154 0.374154 0.000000 0.000000
0.000000 0.000000 0.377397 0.377397 0.377396 0.377396 0.377398 0.377397 0.377397 0.377398 0.377398 0.377398 0.377397 0.377397 0.377398 0.377396 0.377396 0.377397 0.377397 0.000000 0.000000
0.000000 0.000000 0.380524 0.380523 0.380522 0.380523 0.380524 0.380524 0.380524 0.380524 0.380524 0.380524 0.380524 0.380524 0.380524 0.380523 0.380522 0.380523 0.380524 0.000000 0.000000
0.000000 0.000000 0.383556 0.383556 0.383555 0.383555 0.383556 0.383556 0.383556 0.383557 0.383557 0.383557 0.383556 0.383556 0.383556 0.383555 0.383555 0.383556 0.383556 0.000000 0.000000
0.000000 0.000000 0.386511 0.386511 0.386509 0.386510 0.386511 0.386511 0.386511 0.386511 0.386511 0.386511 0.386511 0.386511 0.386511 0.386510 0.386509 0.386511 0.386511 0.000000 0.000000
0.000000 0.000000 0.389396 0.389396 0.389395 0.389395 0.389396 0.389396 0.389396 0.389396 0.389397 0.389396 0.389396 0.389396 0.389396 0.389395 0.389395 0.389396 0.389396 0.000000 0.000000
0.000000 0.000000 0.392218 0.392217 0.392216 0.392217 0.392218 0.392217 0.392217 0.392218 0.392218 0.392218 0.392217 0.392217 0.392218 0.392217 0.392216 0.392217 0.392218 0.000000 0.000000
0.000000 0.000000 0.394979 0.394979 0.394978 0.394978 0.394979 0.394979 0.394979 0.394980 0.394980 0.394980 0.394979 0.394979 0.394979 0.394978 0.394978 0.394979 0.394979 0.000000 0.000000
0.000000 0.000000 0.397721 0.397721 0.397720 0.397721 0.397722 0.397721 0.397721 0.397722 0.397722 0.397722 0.397721 0.397721 0.397722 0.397721 0.397720 0.397721 0.397722 0.000000 0.000000
0.000000 0.000000 0.350000 0.350000 0.350000 0.350000 0.350000 0.350000 0.350000 0.350000 0.350000 0.350000 0.350000 0.350000 0.350000 0.350000 0.350000 0.350000 0.350000 0.000000 0.000000
0.000000 0.000000 0.000000 0.000000 0.000000 0.000000 0.000000 0.000000 0.000000 0.000000 0.000000 0.000000 0.000000 0.000000 0.000000 0.000000 0.000000 0.000000 0.000000 0.000000 0.000000