geotop/1.0zi/1.0Montebello/Templates/testdem/maps/_Eocsilt0386.asc
ncols         21
nrows         20
xllcorner     100.000000
yllcorner     100.000000
cellsize      50.000000
NODATA_value  -9999.0
0.000000 0.000000 0.000000 0.000000 0.000000 0.000000 0.000000 0.000000 0.000000 0.000000 0.000000 0.000000 0.000000 0.000000 0.000000 0.000000 0.000000 0.000000 0.000000 0.000000 0.000000
0.000000 0.000000 0.350009 0.350009 0.350009 0.350009 0.350009 0.350009 0.350009 0.350009 0.350009 0.350009 0.350009 0.350009 0.350009 0.350009 0.350009 0.350009 0.350009 0.000000 0.000000
0.000000 0.000000 0.349999 0.349999 0.349999 0.349999 0.349999 0.349999 0.349999 0.349999 0.349999 0.349999 0.349999 0.349999 0.349999 0.349999 0.349999 0.349999 0.349999 0.000000 0.000000
0.000000 0.000000 0.350255 0.350255 0.350253 0.350255 0.350255 0.350255 0.350255 0.350255 0.350255 0.350255 0.350255 0.350255 0.350255 0.350255 0.350253 0.350255 0.350255 0.000000 0.000000
0.000000 0.000000 0.350962 0.350962 0.350960 0.350962 0.350962 0.350962 0.350962 0.350962 0.350962 0.350962 0.350962 0.350962 0.350962 0.350962 0.350960 0.350962 0.350962 0.000000 0.000000
0.000000 0.000000 0.351653 0.351653 0.351651 0.351653 0.351653 0.351653 0.351653 0.351653 0.351653 0.351653 0.351653 0.351653 0.351653 0.351653 0.351651 0.351653 0.351653 0.000000 0.000000
0.000000 0.000000 0.352273 0.352273 0.352271 0.352272 0.352273 0.352273 0.352273 0.352273 0.352273 0.352273 0.352273 0.352273 0.352273 0.352272 0.352271 0.352273 0.352273 0.000000 0.000000
0.000000 0.000000 0.352845 0.352845 0.352843 0.352845 0.352845 0.352845 0.352845 0.352845 0.352845 0.352845 0.352845 0.352845 0.352845 0.352845 0.352843 0.352845 0.352845 0.000000 0.000000
0.000000 0.000000 0.353384 0.353384 0.353383 0.353384 0.353384 0.353384 0.353384 0.353384 0.353384 0.353384 0.353384 0.353384 0.353384 0.353384 0.353383 0.353384 0.353384 0.000000 0.000000
0.000000 0.000000 0.353905 0.353905 0.353903 0.353905 0.353905 0.353905 0.353905 0.353905 0.353905 0.353905 0.353905 0.353905 0.353905 0.353905 0.353903 0.353905 0.353905 0.000000 0.000000
0.000000 0.000000 0.354410 0.354410 0.354409 0.354410 0.354410 0.354410 0.354410 0.354410 0.354410 0.354410 0.354410 0.354410 0.354410 0.354410 0.354409 0.354410 0.354410 0.000000 0.000000
0.000000 0.000000 0.354905 0.354905 0.354904 0.354905 0.354905 0.354905 0.354905 0.354905 0.354905 0.354905 0.354905 0.354905 0.354905 0.354905 0.354904 0.354905 0.354905 0.000000 0.000000
0.000000 0.000000 0.355391 0.355391 0.355389 0.355390 0.355391 0.355391 0.355391 0.355391 0.355391 0.355391 0.355391 0.355391 0.355391 0.355390 0.355389 0.355391 0.355391 0.000000 0.000000
0.000000 0.000000 0.355867 0.355867 0.355866 0.355867 0.355867 0.355867 0.355867 0.355867 0.355867 0.355867 0.355867 0.355867 0.355867 0.355867 0.355866 0.355867 0.355867 0.000000 0.000000
0.000000 0.000000 0.356338 0.356338 0.356337 0.356338 0.356338 0.356338 0.356338 0.356338 0.356338 0.356338 0.356338 0.356338 0.356338 0.356338 0.356337 0.356338 0.356338 0.000000 0.000000
0.000000 0.000000 0.356808 0.356808 0.356807 0.356808 0.356808 0.356808 0.356808 0.356808 0.356808 0.356808 0.356808 0.356808 0.356808 0.356808 0.356807 0.356808 0.356808 0.000000 0.000000
0.000000 0.000000 0.357273 0.357273 0.357271 0.357273 0.357273 0.357273 0.357273 0.357273 0.357273 0.357273 0.357273 0.357273 0.357273 0.357273 0.357271 0.357273 0.357273 0.000000 0.000000
0.000000 0.000000 0.357753 0.357753 0.357752 0.357753 0.357753 0.357754 0.357754 0.357754 0.357753 0.357754 0.357754 0.357754 0.357753 0.357753 0.357752 0.357753 0.357753 0.000000 0.000000
0.000000 0.000000 0.350000 0.350000 0.350000 0.350000 0.350000 0.350000 0.350000 0.350000 0.350000 0.350000 0.350000 0.350000 0.350000 0.350000 0.350000 0.350000 0.350000 0.000000 0.000000
0.000000 0.000000 0.000000 0.000000 0.000000 0.000000 0.000000 0.000000 0.000000 0.000000 0.000000 0.000000 0.000000 0.000000 0.000000 0.000000 0.000000 0.000000 0.000000 0.000000 0.000000