geotop/1.0zi/1.0Montebello/Templates/testdem/maps/_Eocclay1305.asc
ncols         21
nrows         20
xllcorner     100.000000
yllcorner     100.000000
cellsize      50.000000
NODATA_value  -9999.0
0.000000 0.000000 0.000000 0.000000 0.000000 0.000000 0.000000 0.000000 0.000000 0.000000 0.000000 0.000000 0.000000 0.000000 0.000000 0.000000 0.000000 0.000000 0.000000 0.000000 0.000000
0.000000 0.000000 0.349934 0.349934 0.349934 0.349934 0.349934 0.349934 0.349934 0.349934 0.349934 0.349934 0.349934 0.349934 0.349934 0.349934 0.349934 0.349934 0.349934 0.000000 0.000000
0.000000 0.000000 0.349994 0.349994 0.349993 0.349994 0.349994 0.349994 0.349994 0.349994 0.349994 0.349994 0.349994 0.349994 0.349994 0.349994 0.349993 0.349994 0.349994 0.000000 0.000000
0.000000 0.000000 0.350546 0.350546 0.350544 0.350545 0.350546 0.350546 0.350546 0.350546 0.350546 0.350546 0.350546 0.350546 0.350546 0.350545 0.350544 0.350546 0.350546 0.000000 0.000000
0.000000 0.000000 0.352522 0.352521 0.352518 0.352519 0.352522 0.352521 0.352521 0.352522 0.352522 0.352522 0.352521 0.352521 0.352522 0.352519 0.352518 0.352521 0.352522 0.000000 0.000000
0.000000 0.000000 0.354704 0.354703 0.354701 0.354701 0.354704 0.354703 0.354703 0.354704 0.354704 0.354704 0.354703 0.354703 0.354704 0.354701 0.354701 0.354703 0.354704 0.000000 0.000000
0.000000 0.000000 0.356790 0.356790 0.356788 0.356789 0.356791 0.356790 0.356790 0.356791 0.356790 0.356791 0.356790 0.356790 0.356791 0.356789 0.356788 0.356790 0.356790 0.000000 0.000000
0.000000 0.000000 0.358716 0.358716 0.358714 0.358715 0.358717 0.358716 0.358716 0.358716 0.358716 0.358716 0.358716 0.358716 0.358717 0.358715 0.358714 0.358716 0.358716 0.000000 0.000000
0.000000 0.000000 0.360522 0.360522 0.360520 0.360521 0.360523 0.360522 0.360522 0.360522 0.360522 0.360522 0.360522 0.360522 0.360523 0.360521 0.360520 0.360522 0.360522 0.000000 0.000000
0.000000 0.000000 0.362255 0.362254 0.362253 0.362253 0.362255 0.362255 0.362255 0.362255 0.362255 0.362255 0.362255 0.362255 0.362255 0.362253 0.362253 0.362254 0.362255 0.000000 0.000000
0.000000 0.000000 0.363931 0.363931 0.363930 0.363930 0.363932 0.363931 0.363931 0.363932 0.363932 0.363932 0.363931 0.363931 0.363932 0.363930 0.363930 0.363931 0.363931 0.000000 0.000000
0.000000 0.000000 0.365570 0.365570 0.365568 0.365569 0.365570 0.365570 0.365570 0.365570 0.365570 0.365570 0.365570 0.365570 0.365570 0.365569 0.365568 0.365570 0.365570 0.000000 0.000000
0.000000 0.000000 0.367181 0.367181 0.367180 0.367180 0.367182 0.367181 0.367181 0.367182 0.367182 0.367182 0.367181 0.367181 0.367182 0.367180 0.367180 0.367181 0.367181 0.000000 0.000000
0.000000 0.000000 0.368766 0.368766 0.368764 0.368765 0.368766 0.368766 0.368766 0.368766 0.368766 0.368766 0.368766 0.368766 0.368766 0.368765 0.368764 0.368766 0.368766 0.000000 0.000000
0.000000 0.000000 0.370331 0.370331 0.370329 0.370330 0.370331 0.370331 0.370331 0.370331 0.370331 0.370331 0.370331 0.370331 0.370331 0.370330 0.370329 0.370331 0.370331 0.000000 0.000000
0.000000 0.000000 0.371883 0.371883 0.371881 0.371882 0.371883 0.371883 0.371883 0.371883 0.371883 0.371883 0.371883 0.371883 0.371883 0.371882 0.371881 0.371883 0.371883 0.000000 0.000000
0.000000 0.000000 0.373420 0.373420 0.373418 0.373419 0.373420 0.373420 0.373420 0.373420 0.373420 0.373420 0.373420 0.373420 0.373420 0.373419 0.373418 0.373420 0.373420 0.000000 0.000000
0.000000 0.000000 0.374983 0.374983 0.374982 0.374982 0.374984 0.374983 0.374983 0.374984 0.374983 0.374984 0.374983 0.374983 0.374984 0.374982 0.374982 0.374983 0.374983 0.000000 0.000000
0.000000 0.000000 0.350000 0.350000 0.350000 0.350000 0.350000 0.350000 0.350000 0.350000 0.350000 0.350000 0.350000 0.350000 0.350000 0.350000 0.350000 0.350000 0.350000 0.000000 0.000000
0.000000 0.000000 0.000000 0.000000 0.000000 0.000000 0.000000 0.000000 0.000000 0.000000 0.000000 0.000000 0.000000 0.000000 0.000000 0.000000 0.000000 0.000000 0.000000 0.000000 0.000000