geotop/1.0zi/1.0Montebello/Templates/testdem/maps/_Eocsilt2681.asc
ncols         21
nrows         20
xllcorner     100.000000
yllcorner     100.000000
cellsize      50.000000
NODATA_value  -9999.0
0.000000 0.000000 0.000000 0.000000 0.000000 0.000000 0.000000 0.000000 0.000000 0.000000 0.000000 0.000000 0.000000 0.000000 0.000000 0.000000 0.000000 0.000000 0.000000 0.000000 0.000000
0.000000 0.000000 0.350065 0.350065 0.350065 0.350065 0.350065 0.350065 0.350065 0.350065 0.350064 0.350065 0.350065 0.350065 0.350065 0.350065 0.350065 0.350065 0.350065 0.000000 0.000000
0.000000 0.000000 0.349998 0.349997 0.349997 0.349998 0.349998 0.349998 0.349998 0.349998 0.349998 0.349998 0.349998 0.349998 0.349998 0.349998 0.349997 0.349997 0.349998 0.000000 0.000000
0.000000 0.000000 0.350892 0.350892 0.350890 0.350891 0.350893 0.350893 0.350892 0.350893 0.350893 0.350893 0.350892 0.350893 0.350893 0.350891 0.350890 0.350892 0.350892 0.000000 0.000000
0.000000 0.000000 0.354387 0.354387 0.354385 0.354385 0.354388 0.354387 0.354387 0.354388 0.354388 0.354388 0.354387 0.354387 0.354388 0.354385 0.354385 0.354387 0.354387 0.000000 0.000000
0.000000 0.000000 0.358926 0.358925 0.358924 0.358924 0.358926 0.358925 0.358925 0.358926 0.358927 0.358926 0.358925 0.358925 0.358926 0.358924 0.358924 0.358925 0.358926 0.000000 0.000000
0.000000 0.000000 0.363085 0.363085 0.363083 0.363084 0.363086 0.363085 0.363085 0.363086 0.363086 0.363086 0.363085 0.363085 0.363086 0.363084 0.363083 0.363085 0.363085 0.000000 0.000000
0.000000 0.000000 0.366876 0.366875 0.366874 0.366874 0.366876 0.366875 0.366875 0.366876 0.366876 0.366876 0.366875 0.366875 0.366876 0.366874 0.366874 0.366875 0.366876 0.000000 0.000000
0.000000 0.000000 0.370400 0.370400 0.370398 0.370399 0.370400 0.370400 0.370400 0.370400 0.370401 0.370400 0.370400 0.370400 0.370400 0.370399 0.370398 0.370400 0.370400 0.000000 0.000000
0.000000 0.000000 0.373739 0.373739 0.373738 0.373738 0.373740 0.373739 0.373739 0.373740 0.373740 0.373740 0.373739 0.373739 0.373740 0.373738 0.373738 0.373739 0.373739 0.000000 0.000000
0.000000 0.000000 0.376934 0.376934 0.376933 0.376933 0.376935 0.376934 0.376934 0.376935 0.376935 0.376935 0.376934 0.376934 0.376935 0.376933 0.376933 0.376934 0.376934 0.000000 0.000000
0.000000 0.000000 0.380016 0.380015 0.380014 0.380015 0.380016 0.380015 0.380015 0.380016 0.380016 0.380016 0.380015 0.380015 0.380016 0.380015 0.380014 0.380015 0.380016 0.000000 0.000000
0.000000 0.000000 0.383006 0.383006 0.383005 0.383005 0.383006 0.383006 0.383006 0.383007 0.383007 0.383007 0.383006 0.383006 0.383006 0.383005 0.383005 0.383006 0.383006 0.000000 0.000000
0.000000 0.000000 0.385921 0.385921 0.385920 0.385920 0.385922 0.385921 0.385921 0.385922 0.385922 0.385922 0.385921 0.385921 0.385922 0.385920 0.385920 0.385921 0.385921 0.000000 0.000000
0.000000 0.000000 0.388769 0.388769 0.388768 0.388768 0.388769 0.388769 0.388769 0.388770 0.388770 0.388770 0.388769 0.388769 0.388769 0.388768 0.388768 0.388769 0.388769 0.000000 0.000000
0.000000 0.000000 0.391555 0.391555 0.391554 0.391555 0.391556 0.391555 0.391555 0.391556 0.391556 0.391556 0.391555 0.391555 0.391556 0.391555 0.391554 0.391555 0.391555 0.000000 0.000000
0.000000 0.000000 0.394285 0.394285 0.394284 0.394284 0.394286 0.394285 0.394285 0.394286 0.394286 0.394286 0.394285 0.394285 0.394286 0.394284 0.394284 0.394285 0.394285 0.000000 0.000000
0.000000 0.000000 0.396998 0.396998 0.396997 0.396997 0.396998 0.396998 0.396998 0.396998 0.396999 0.396998 0.396998 0.396998 0.396998 0.396997 0.396997 0.396998 0.396998 0.000000 0.000000
0.000000 0.000000 0.350000 0.350000 0.350000 0.350000 0.350000 0.350000 0.350000 0.350000 0.350000 0.350000 0.350000 0.350000 0.350000 0.350000 0.350000 0.350000 0.350000 0.000000 0.000000
0.000000 0.000000 0.000000 0.000000 0.000000 0.000000 0.000000 0.000000 0.000000 0.000000 0.000000 0.000000 0.000000 0.000000 0.000000 0.000000 0.000000 0.000000 0.000000 0.000000 0.000000