geotop/1.0zi/1.0Montebello/Templates/testdem/maps/_Eocsand9320.asc
ncols         21
nrows         20
xllcorner     100.000000
yllcorner     100.000000
cellsize      50.000000
NODATA_value  -9999.0
0.000000 0.000000 0.000000 0.000000 0.000000 0.000000 0.000000 0.000000 0.000000 0.000000 0.000000 0.000000 0.000000 0.000000 0.000000 0.000000 0.000000 0.000000 0.000000 0.000000 0.000000
0.000000 0.000000 0.300239 0.300237 0.300237 0.300237 0.300236 0.300236 0.300236 0.300236 0.300237 0.300236 0.300236 0.300237 0.300236 0.300236 0.300238 0.300237 0.300237 0.000000 0.000000
0.000000 0.000000 0.300012 0.300013 0.300013 0.300012 0.300013 0.300013 0.300013 0.300013 0.300013 0.300013 0.300012 0.300013 0.300012 0.300013 0.300013 0.300014 0.300015 0.000000 0.000000
0.000000 0.000000 0.299852 0.299851 0.299858 0.299866 0.299864 0.299868 0.299862 0.299864 0.299864 0.299862 0.299861 0.299863 0.299858 0.299852 0.299849 0.299848 0.299848 0.000000 0.000000
0.000000 0.000000 0.297411 0.297413 0.297431 0.297458 0.297486 0.297490 0.297492 0.297493 0.297494 0.297488 0.297483 0.297483 0.297460 0.297449 0.297435 0.297426 0.297413 0.000000 0.000000
0.000000 0.000000 0.290428 0.290439 0.290476 0.290528 0.290587 0.290638 0.290636 0.290648 0.290642 0.290641 0.290631 0.290634 0.290605 0.290556 0.290530 0.290510 0.290497 0.000000 0.000000
0.000000 0.000000 0.280773 0.280793 0.280823 0.280886 0.280964 0.281070 0.281062 0.281070 0.281073 0.281071 0.281072 0.281065 0.280985 0.280922 0.280882 0.280855 0.280839 0.000000 0.000000
0.000000 0.000000 0.269337 0.269358 0.269385 0.269459 0.269540 0.269635 0.269630 0.269642 0.269646 0.269651 0.269654 0.269635 0.269560 0.269491 0.269428 0.269415 0.269386 0.000000 0.000000
0.000000 0.000000 0.256881 0.256911 0.256952 0.257006 0.257099 0.257210 0.257198 0.257219 0.257230 0.257233 0.257228 0.257230 0.257123 0.257042 0.256993 0.256974 0.256947 0.000000 0.000000
0.000000 0.000000 0.243296 0.243335 0.243366 0.243424 0.243550 0.243653 0.243647 0.243661 0.243680 0.243669 0.243654 0.243657 0.243572 0.243467 0.243409 0.243390 0.243375 0.000000 0.000000
0.000000 0.000000 0.228058 0.228086 0.228113 0.228248 0.228329 0.228465 0.228429 0.228502 0.228491 0.228500 0.228522 0.228477 0.228385 0.228320 0.228241 0.228208 0.228145 0.000000 0.000000
0.000000 0.000000 0.210533 0.210596 0.210674 0.210739 0.210857 0.211023 0.211019 0.211031 0.211002 0.211065 0.211033 0.211034 0.210870 0.210775 0.210731 0.210706 0.210571 0.000000 0.000000
0.000000 0.000000 0.190979 0.191035 0.191053 0.191202 0.191300 0.191773 0.191770 0.191795 0.191943 0.191856 0.191838 0.191792 0.191439 0.191351 0.191181 0.191169 0.191122 0.000000 0.000000
0.000000 0.000000 0.167006 0.167026 0.167160 0.167251 0.167911 0.167739 0.167865 0.167862 0.167787 0.167862 0.167873 0.167927 0.168089 0.167381 0.167335 0.167169 0.167062 0.000000 0.000000
0.000000 0.000000 0.138791 0.138874 0.139013 0.139876 0.139610 0.140109 0.140247 0.140296 0.140474 0.140552 0.140452 0.140448 0.139990 0.140229 0.139098 0.139347 0.139368 0.000000 0.000000
0.000000 0.000000 0.110611 0.110667 0.111779 0.111253 0.111431 0.111413 0.110926 0.111057 0.110802 0.110854 0.111058 0.110785 0.110899 0.110748 0.111917 0.110242 0.110266 0.000000 0.000000
0.000000 0.000000 0.082098 0.083273 0.082856 0.083399 0.083993 0.084187 0.084590 0.084495 0.084903 0.084857 0.084620 0.084866 0.084539 0.084100 0.082927 0.083858 0.082636 0.000000 0.000000
0.000000 0.000000 0.073336 0.072695 0.071959 0.072049 0.072096 0.072818 0.072735 0.072931 0.072642 0.072708 0.072733 0.072646 0.072041 0.072003 0.071876 0.072527 0.073160 0.000000 0.000000
0.000000 0.000000 0.300000 0.300000 0.300000 0.300000 0.300000 0.300000 0.300000 0.300000 0.300000 0.300000 0.300000 0.300000 0.300000 0.300000 0.300000 0.300000 0.300000 0.000000 0.000000
0.000000 0.000000 0.000000 0.000000 0.000000 0.000000 0.000000 0.000000 0.000000 0.000000 0.000000 0.000000 0.000000 0.000000 0.000000 0.000000 0.000000 0.000000 0.000000 0.000000 0.000000