geotop/1.0zi/1.0Montebello/Templates/testdem/maps/_Eocsilt1666.asc
ncols         21
nrows         20
xllcorner     100.000000
yllcorner     100.000000
cellsize      50.000000
NODATA_value  -9999.0
0.000000 0.000000 0.000000 0.000000 0.000000 0.000000 0.000000 0.000000 0.000000 0.000000 0.000000 0.000000 0.000000 0.000000 0.000000 0.000000 0.000000 0.000000 0.000000 0.000000 0.000000
0.000000 0.000000 0.350038 0.350038 0.350038 0.350038 0.350038 0.350038 0.350038 0.350038 0.350038 0.350038 0.350038 0.350038 0.350038 0.350038 0.350038 0.350038 0.350038 0.000000 0.000000
0.000000 0.000000 0.349998 0.349998 0.349998 0.349998 0.349998 0.349998 0.349998 0.349998 0.349998 0.349998 0.349998 0.349998 0.349998 0.349998 0.349998 0.349998 0.349998 0.000000 0.000000
0.000000 0.000000 0.350653 0.350653 0.350650 0.350652 0.350653 0.350653 0.350653 0.350653 0.350653 0.350653 0.350653 0.350653 0.350653 0.350652 0.350650 0.350653 0.350653 0.000000 0.000000
0.000000 0.000000 0.352972 0.352972 0.352970 0.352970 0.352973 0.352972 0.352972 0.352973 0.352973 0.352973 0.352972 0.352972 0.352973 0.352970 0.352970 0.352972 0.352972 0.000000 0.000000
0.000000 0.000000 0.355851 0.355851 0.355849 0.355850 0.355852 0.355852 0.355852 0.355852 0.355852 0.355852 0.355852 0.355852 0.355852 0.355850 0.355849 0.355851 0.355851 0.000000 0.000000
0.000000 0.000000 0.358491 0.358491 0.358490 0.358490 0.358492 0.358491 0.358491 0.358492 0.358492 0.358492 0.358491 0.358491 0.358492 0.358490 0.358490 0.358491 0.358491 0.000000 0.000000
0.000000 0.000000 0.360912 0.360912 0.360911 0.360911 0.360913 0.360912 0.360912 0.360913 0.360913 0.360913 0.360912 0.360912 0.360913 0.360911 0.360911 0.360912 0.360912 0.000000 0.000000
0.000000 0.000000 0.363178 0.363177 0.363176 0.363177 0.363178 0.363178 0.363178 0.363178 0.363178 0.363178 0.363178 0.363178 0.363178 0.363177 0.363176 0.363177 0.363178 0.000000 0.000000
0.000000 0.000000 0.365344 0.365344 0.365343 0.365343 0.365345 0.365344 0.365344 0.365345 0.365345 0.365345 0.365344 0.365344 0.365345 0.365343 0.365343 0.365344 0.365344 0.000000 0.000000
0.000000 0.000000 0.367434 0.367434 0.367433 0.367434 0.367435 0.367435 0.367435 0.367435 0.367435 0.367435 0.367435 0.367435 0.367435 0.367434 0.367433 0.367434 0.367434 0.000000 0.000000
0.000000 0.000000 0.369469 0.369469 0.369468 0.369468 0.369470 0.369469 0.369469 0.369470 0.369469 0.369470 0.369469 0.369469 0.369470 0.369468 0.369468 0.369469 0.369469 0.000000 0.000000
0.000000 0.000000 0.371463 0.371462 0.371461 0.371462 0.371463 0.371463 0.371463 0.371463 0.371463 0.371463 0.371463 0.371463 0.371463 0.371462 0.371461 0.371462 0.371463 0.000000 0.000000
0.000000 0.000000 0.373416 0.373415 0.373414 0.373415 0.373416 0.373416 0.373416 0.373416 0.373416 0.373416 0.373416 0.373416 0.373416 0.373415 0.373414 0.373415 0.373416 0.000000 0.000000
0.000000 0.000000 0.375337 0.375337 0.375336 0.375336 0.375338 0.375337 0.375337 0.375338 0.375338 0.375338 0.375337 0.375337 0.375338 0.375336 0.375336 0.375337 0.375337 0.000000 0.000000
0.000000 0.000000 0.377234 0.377234 0.377233 0.377233 0.377235 0.377234 0.377234 0.377235 0.377234 0.377235 0.377234 0.377234 0.377235 0.377233 0.377233 0.377234 0.377234 0.000000 0.000000
0.000000 0.000000 0.379107 0.379107 0.379106 0.379106 0.379108 0.379107 0.379107 0.379108 0.379107 0.379108 0.379107 0.379107 0.379108 0.379106 0.379106 0.379107 0.379107 0.000000 0.000000
0.000000 0.000000 0.380994 0.380994 0.380993 0.380993 0.380995 0.380994 0.380994 0.380995 0.380995 0.380995 0.380994 0.380994 0.380995 0.380993 0.380993 0.380994 0.380994 0.000000 0.000000
0.000000 0.000000 0.350000 0.350000 0.350000 0.350000 0.350000 0.350000 0.350000 0.350000 0.350000 0.350000 0.350000 0.350000 0.350000 0.350000 0.350000 0.350000 0.350000 0.000000 0.000000
0.000000 0.000000 0.000000 0.000000 0.000000 0.000000 0.000000 0.000000 0.000000 0.000000 0.000000 0.000000 0.000000 0.000000 0.000000 0.000000 0.000000 0.000000 0.000000 0.000000 0.000000