geotop/1.0zi/1.0Montebello/Templates/testdem/maps/_Eocclay3170.asc
ncols         21
nrows         20
xllcorner     100.000000
yllcorner     100.000000
cellsize      50.000000
NODATA_value  -9999.0
0.000000 0.000000 0.000000 0.000000 0.000000 0.000000 0.000000 0.000000 0.000000 0.000000 0.000000 0.000000 0.000000 0.000000 0.000000 0.000000 0.000000 0.000000 0.000000 0.000000 0.000000
0.000000 0.000000 0.349826 0.349826 0.349826 0.349825 0.349826 0.349826 0.349826 0.349826 0.349825 0.349826 0.349826 0.349826 0.349826 0.349825 0.349826 0.349826 0.349826 0.000000 0.000000
0.000000 0.000000 0.349995 0.349995 0.349995 0.349995 0.349995 0.349995 0.349995 0.349995 0.349996 0.349995 0.349995 0.349995 0.349995 0.349995 0.349995 0.349995 0.349995 0.000000 0.000000
0.000000 0.000000 0.351261 0.351261 0.351259 0.351260 0.351261 0.351261 0.351261 0.351261 0.351261 0.351261 0.351261 0.351261 0.351261 0.351260 0.351259 0.351261 0.351261 0.000000 0.000000
0.000000 0.000000 0.356243 0.356242 0.356240 0.356240 0.356244 0.356243 0.356243 0.356244 0.356244 0.356244 0.356243 0.356243 0.356244 0.356240 0.356240 0.356242 0.356243 0.000000 0.000000
0.000000 0.000000 0.361716 0.361716 0.361714 0.361714 0.361716 0.361716 0.361716 0.361717 0.361717 0.361717 0.361716 0.361716 0.361716 0.361714 0.361714 0.361716 0.361716 0.000000 0.000000
0.000000 0.000000 0.366824 0.366823 0.366822 0.366822 0.366824 0.366823 0.366823 0.366824 0.366825 0.366824 0.366823 0.366823 0.366824 0.366822 0.366822 0.366823 0.366824 0.000000 0.000000
0.000000 0.000000 0.371472 0.371471 0.371470 0.371470 0.371472 0.371471 0.371471 0.371472 0.371473 0.371472 0.371471 0.371471 0.371472 0.371470 0.371470 0.371471 0.371472 0.000000 0.000000
0.000000 0.000000 0.375773 0.375772 0.375771 0.375771 0.375773 0.375772 0.375772 0.375773 0.375773 0.375773 0.375772 0.375772 0.375773 0.375771 0.375771 0.375772 0.375773 0.000000 0.000000
0.000000 0.000000 0.379827 0.379827 0.379826 0.379826 0.379827 0.379827 0.379827 0.379827 0.379828 0.379827 0.379827 0.379827 0.379827 0.379826 0.379826 0.379827 0.379827 0.000000 0.000000
0.000000 0.000000 0.383685 0.383685 0.383683 0.383684 0.383685 0.383685 0.383685 0.383685 0.383686 0.383685 0.383685 0.383685 0.383685 0.383684 0.383683 0.383685 0.383685 0.000000 0.000000
0.000000 0.000000 0.387382 0.387382 0.387381 0.387381 0.387382 0.387382 0.387382 0.387383 0.387383 0.387383 0.387382 0.387382 0.387382 0.387381 0.387381 0.387382 0.387382 0.000000 0.000000
0.000000 0.000000 0.390945 0.390945 0.390944 0.390944 0.390945 0.390945 0.390945 0.390946 0.390946 0.390946 0.390945 0.390945 0.390945 0.390944 0.390944 0.390945 0.390945 0.000000 0.000000
0.000000 0.000000 0.394404 0.394404 0.394403 0.394403 0.394404 0.394404 0.394404 0.394405 0.394405 0.394405 0.394404 0.394404 0.394404 0.394403 0.394403 0.394404 0.394404 0.000000 0.000000
0.000000 0.000000 0.397767 0.397766 0.397765 0.397766 0.397767 0.397766 0.397766 0.397767 0.397767 0.397767 0.397766 0.397766 0.397767 0.397766 0.397765 0.397766 0.397767 0.000000 0.000000
0.000000 0.000000 0.401038 0.401038 0.401037 0.401037 0.401038 0.401038 0.401038 0.401038 0.401039 0.401038 0.401038 0.401038 0.401038 0.401037 0.401037 0.401038 0.401038 0.000000 0.000000
0.000000 0.000000 0.404229 0.404229 0.404228 0.404228 0.404229 0.404229 0.404229 0.404229 0.404230 0.404229 0.404229 0.404229 0.404229 0.404228 0.404228 0.404229 0.404229 0.000000 0.000000
0.000000 0.000000 0.407409 0.407409 0.407408 0.407409 0.407410 0.407409 0.407409 0.407410 0.407410 0.407410 0.407409 0.407409 0.407410 0.407409 0.407408 0.407409 0.407410 0.000000 0.000000
0.000000 0.000000 0.350000 0.350000 0.350000 0.350000 0.350000 0.350000 0.350000 0.350000 0.350000 0.350000 0.350000 0.350000 0.350000 0.350000 0.350000 0.350000 0.350000 0.000000 0.000000
0.000000 0.000000 0.000000 0.000000 0.000000 0.000000 0.000000 0.000000 0.000000 0.000000 0.000000 0.000000 0.000000 0.000000 0.000000 0.000000 0.000000 0.000000 0.000000 0.000000 0.000000