geotop/1.0zi/1.0Montebello/Templates/testdem/maps/_Eocsand3140.asc
ncols         21
nrows         20
xllcorner     100.000000
yllcorner     100.000000
cellsize      50.000000
NODATA_value  -9999.0
0.000000 0.000000 0.000000 0.000000 0.000000 0.000000 0.000000 0.000000 0.000000 0.000000 0.000000 0.000000 0.000000 0.000000 0.000000 0.000000 0.000000 0.000000 0.000000 0.000000 0.000000
0.000000 0.000000 0.300087 0.300087 0.300087 0.300088 0.300087 0.300087 0.300087 0.300087 0.300089 0.300087 0.300087 0.300087 0.300087 0.300088 0.300087 0.300087 0.300087 0.000000 0.000000
0.000000 0.000000 0.300011 0.300011 0.300011 0.300011 0.300011 0.300011 0.300011 0.300011 0.300009 0.300011 0.300011 0.300011 0.300011 0.300011 0.300011 0.300011 0.300011 0.000000 0.000000
0.000000 0.000000 0.297434 0.297435 0.297440 0.297438 0.297435 0.297435 0.297435 0.297435 0.297434 0.297435 0.297435 0.297435 0.297435 0.297438 0.297440 0.297435 0.297434 0.000000 0.000000
0.000000 0.000000 0.287883 0.287884 0.287888 0.287888 0.287882 0.287884 0.287884 0.287881 0.287880 0.287881 0.287884 0.287884 0.287882 0.287888 0.287888 0.287884 0.287883 0.000000 0.000000
0.000000 0.000000 0.276884 0.276886 0.276889 0.276889 0.276884 0.276885 0.276885 0.276883 0.276882 0.276883 0.276885 0.276885 0.276884 0.276889 0.276889 0.276886 0.276884 0.000000 0.000000
0.000000 0.000000 0.266787 0.266788 0.266791 0.266791 0.266787 0.266788 0.266788 0.266786 0.266785 0.266786 0.266788 0.266788 0.266787 0.266791 0.266791 0.266788 0.266787 0.000000 0.000000
0.000000 0.000000 0.257632 0.257633 0.257636 0.257635 0.257632 0.257633 0.257633 0.257632 0.257630 0.257632 0.257633 0.257633 0.257632 0.257635 0.257636 0.257633 0.257632 0.000000 0.000000
0.000000 0.000000 0.249171 0.249172 0.249174 0.249174 0.249171 0.249172 0.249172 0.249171 0.249169 0.249171 0.249172 0.249172 0.249171 0.249174 0.249174 0.249172 0.249171 0.000000 0.000000
0.000000 0.000000 0.241201 0.241202 0.241204 0.241204 0.241201 0.241202 0.241202 0.241201 0.241200 0.241201 0.241202 0.241202 0.241201 0.241204 0.241204 0.241202 0.241201 0.000000 0.000000
0.000000 0.000000 0.233624 0.233625 0.233627 0.233627 0.233624 0.233625 0.233625 0.233624 0.233623 0.233624 0.233625 0.233625 0.233624 0.233627 0.233627 0.233625 0.233624 0.000000 0.000000
0.000000 0.000000 0.226368 0.226369 0.226371 0.226370 0.226368 0.226369 0.226369 0.226368 0.226367 0.226368 0.226369 0.226369 0.226368 0.226370 0.226371 0.226369 0.226368 0.000000 0.000000
0.000000 0.000000 0.219381 0.219382 0.219384 0.219383 0.219381 0.219382 0.219382 0.219381 0.219380 0.219381 0.219382 0.219382 0.219381 0.219383 0.219384 0.219382 0.219381 0.000000 0.000000
0.000000 0.000000 0.212602 0.212603 0.212605 0.212604 0.212602 0.212603 0.212603 0.212602 0.212601 0.212602 0.212603 0.212603 0.212602 0.212604 0.212605 0.212603 0.212602 0.000000 0.000000
0.000000 0.000000 0.206018 0.206019 0.206021 0.206020 0.206018 0.206019 0.206019 0.206018 0.206017 0.206018 0.206019 0.206019 0.206018 0.206020 0.206021 0.206019 0.206018 0.000000 0.000000
0.000000 0.000000 0.199616 0.199617 0.199619 0.199618 0.199616 0.199617 0.199617 0.199616 0.199615 0.199616 0.199617 0.199617 0.199616 0.199618 0.199619 0.199617 0.199616 0.000000 0.000000
0.000000 0.000000 0.193376 0.193377 0.193379 0.193378 0.193376 0.193377 0.193376 0.193375 0.193375 0.193375 0.193376 0.193377 0.193376 0.193378 0.193379 0.193377 0.193376 0.000000 0.000000
0.000000 0.000000 0.187158 0.187158 0.187160 0.187159 0.187157 0.187158 0.187158 0.187157 0.187156 0.187157 0.187158 0.187158 0.187157 0.187159 0.187160 0.187158 0.187157 0.000000 0.000000
0.000000 0.000000 0.300000 0.300000 0.300000 0.300000 0.300000 0.300000 0.300000 0.300000 0.300000 0.300000 0.300000 0.300000 0.300000 0.300000 0.300000 0.300000 0.300000 0.000000 0.000000
0.000000 0.000000 0.000000 0.000000 0.000000 0.000000 0.000000 0.000000 0.000000 0.000000 0.000000 0.000000 0.000000 0.000000 0.000000 0.000000 0.000000 0.000000 0.000000 0.000000 0.000000