geotop/1.0zi/1.0Montebello/Templates/testdem/maps/_Eocsilt0272.asc
ncols         21
nrows         20
xllcorner     100.000000
yllcorner     100.000000
cellsize      50.000000
NODATA_value  -9999.0
0.000000 0.000000 0.000000 0.000000 0.000000 0.000000 0.000000 0.000000 0.000000 0.000000 0.000000 0.000000 0.000000 0.000000 0.000000 0.000000 0.000000 0.000000 0.000000 0.000000 0.000000
0.000000 0.000000 0.350007 0.350007 0.350007 0.350007 0.350007 0.350007 0.350007 0.350007 0.350007 0.350007 0.350007 0.350007 0.350007 0.350007 0.350007 0.350007 0.350007 0.000000 0.000000
0.000000 0.000000 0.350001 0.350000 0.350001 0.350000 0.350001 0.350001 0.350001 0.350001 0.350001 0.350001 0.350001 0.350001 0.350001 0.350000 0.350001 0.350000 0.350001 0.000000 0.000000
0.000000 0.000000 0.350236 0.350236 0.350233 0.350236 0.350236 0.350236 0.350236 0.350236 0.350236 0.350236 0.350236 0.350236 0.350236 0.350236 0.350233 0.350236 0.350236 0.000000 0.000000
0.000000 0.000000 0.350844 0.350844 0.350842 0.350844 0.350844 0.350844 0.350844 0.350844 0.350844 0.350844 0.350844 0.350844 0.350844 0.350844 0.350842 0.350844 0.350844 0.000000 0.000000
0.000000 0.000000 0.351398 0.351398 0.351397 0.351398 0.351398 0.351398 0.351398 0.351398 0.351398 0.351398 0.351398 0.351398 0.351398 0.351398 0.351397 0.351398 0.351398 0.000000 0.000000
0.000000 0.000000 0.351888 0.351888 0.351887 0.351888 0.351888 0.351888 0.351888 0.351888 0.351888 0.351888 0.351888 0.351888 0.351888 0.351888 0.351887 0.351888 0.351888 0.000000 0.000000
0.000000 0.000000 0.352336 0.352336 0.352334 0.352336 0.352336 0.352336 0.352336 0.352336 0.352336 0.352336 0.352336 0.352336 0.352336 0.352336 0.352334 0.352336 0.352336 0.000000 0.000000
0.000000 0.000000 0.352755 0.352755 0.352753 0.352754 0.352755 0.352755 0.352755 0.352755 0.352755 0.352755 0.352755 0.352755 0.352755 0.352754 0.352753 0.352755 0.352755 0.000000 0.000000
0.000000 0.000000 0.353157 0.353157 0.353155 0.353156 0.353157 0.353157 0.353157 0.353157 0.353157 0.353157 0.353157 0.353157 0.353157 0.353156 0.353155 0.353157 0.353157 0.000000 0.000000
0.000000 0.000000 0.353545 0.353545 0.353544 0.353545 0.353545 0.353545 0.353545 0.353545 0.353545 0.353545 0.353545 0.353545 0.353545 0.353545 0.353544 0.353545 0.353545 0.000000 0.000000
0.000000 0.000000 0.353923 0.353923 0.353922 0.353923 0.353923 0.353923 0.353923 0.353923 0.353923 0.353923 0.353923 0.353923 0.353923 0.353923 0.353922 0.353923 0.353923 0.000000 0.000000
0.000000 0.000000 0.354294 0.354294 0.354292 0.354294 0.354294 0.354294 0.354294 0.354294 0.354294 0.354294 0.354294 0.354294 0.354294 0.354294 0.354292 0.354294 0.354294 0.000000 0.000000
0.000000 0.000000 0.354656 0.354656 0.354654 0.354656 0.354656 0.354656 0.354656 0.354656 0.354656 0.354656 0.354656 0.354656 0.354656 0.354656 0.354654 0.354656 0.354656 0.000000 0.000000
0.000000 0.000000 0.355012 0.355012 0.355011 0.355012 0.355012 0.355013 0.355013 0.355013 0.355013 0.355013 0.355013 0.355013 0.355012 0.355012 0.355011 0.355012 0.355012 0.000000 0.000000
0.000000 0.000000 0.355367 0.355367 0.355365 0.355366 0.355367 0.355367 0.355367 0.355367 0.355367 0.355367 0.355367 0.355367 0.355367 0.355366 0.355365 0.355367 0.355367 0.000000 0.000000
0.000000 0.000000 0.355715 0.355715 0.355713 0.355715 0.355715 0.355715 0.355715 0.355715 0.355715 0.355715 0.355715 0.355715 0.355715 0.355715 0.355713 0.355715 0.355715 0.000000 0.000000
0.000000 0.000000 0.356082 0.356082 0.356081 0.356082 0.356082 0.356082 0.356082 0.356082 0.356082 0.356082 0.356082 0.356082 0.356082 0.356082 0.356081 0.356082 0.356082 0.000000 0.000000
0.000000 0.000000 0.350000 0.350000 0.350000 0.350000 0.350000 0.350000 0.350000 0.350000 0.350000 0.350000 0.350000 0.350000 0.350000 0.350000 0.350000 0.350000 0.350000 0.000000 0.000000
0.000000 0.000000 0.000000 0.000000 0.000000 0.000000 0.000000 0.000000 0.000000 0.000000 0.000000 0.000000 0.000000 0.000000 0.000000 0.000000 0.000000 0.000000 0.000000 0.000000 0.000000