geotop/1.0zi/1.0Montebello/Templates/testdem/maps/_Eocsilt3497.asc
ncols         21
nrows         20
xllcorner     100.000000
yllcorner     100.000000
cellsize      50.000000
NODATA_value  -9999.0
0.000000 0.000000 0.000000 0.000000 0.000000 0.000000 0.000000 0.000000 0.000000 0.000000 0.000000 0.000000 0.000000 0.000000 0.000000 0.000000 0.000000 0.000000 0.000000 0.000000 0.000000
0.000000 0.000000 0.350093 0.350093 0.350093 0.350093 0.350093 0.350093 0.350093 0.350093 0.350093 0.350093 0.350093 0.350093 0.350093 0.350093 0.350093 0.350093 0.350093 0.000000 0.000000
0.000000 0.000000 0.349994 0.349993 0.349994 0.349994 0.349994 0.349994 0.349994 0.349994 0.349994 0.349994 0.349994 0.349994 0.349994 0.349994 0.349994 0.349993 0.349994 0.000000 0.000000
0.000000 0.000000 0.351375 0.351374 0.351372 0.351373 0.351375 0.351375 0.351375 0.351375 0.351375 0.351375 0.351375 0.351375 0.351375 0.351373 0.351372 0.351374 0.351375 0.000000 0.000000
0.000000 0.000000 0.356294 0.356294 0.356292 0.356292 0.356295 0.356293 0.356293 0.356294 0.356295 0.356294 0.356293 0.356293 0.356295 0.356292 0.356292 0.356294 0.356294 0.000000 0.000000
0.000000 0.000000 0.362356 0.362355 0.362354 0.362354 0.362356 0.362355 0.362355 0.362356 0.362356 0.362356 0.362355 0.362355 0.362356 0.362354 0.362354 0.362355 0.362356 0.000000 0.000000
0.000000 0.000000 0.367843 0.367843 0.367841 0.367842 0.367844 0.367843 0.367842 0.367843 0.367844 0.367843 0.367842 0.367843 0.367844 0.367842 0.367841 0.367843 0.367843 0.000000 0.000000
0.000000 0.000000 0.372799 0.372798 0.372797 0.372797 0.372799 0.372798 0.372798 0.372799 0.372799 0.372799 0.372798 0.372798 0.372799 0.372797 0.372797 0.372798 0.372799 0.000000 0.000000
0.000000 0.000000 0.377365 0.377365 0.377364 0.377364 0.377366 0.377365 0.377365 0.377365 0.377366 0.377365 0.377365 0.377365 0.377366 0.377364 0.377364 0.377365 0.377365 0.000000 0.000000
0.000000 0.000000 0.381652 0.381651 0.381650 0.381650 0.381652 0.381651 0.381651 0.381652 0.381652 0.381652 0.381651 0.381651 0.381652 0.381650 0.381650 0.381651 0.381652 0.000000 0.000000
0.000000 0.000000 0.385714 0.385713 0.385712 0.385712 0.385714 0.385713 0.385713 0.385714 0.385714 0.385714 0.385713 0.385713 0.385714 0.385712 0.385712 0.385713 0.385714 0.000000 0.000000
0.000000 0.000000 0.389591 0.389591 0.389590 0.389590 0.389591 0.389591 0.389591 0.389591 0.389592 0.389591 0.389591 0.389591 0.389591 0.389590 0.389590 0.389591 0.389591 0.000000 0.000000
0.000000 0.000000 0.393314 0.393314 0.393313 0.393313 0.393314 0.393314 0.393314 0.393314 0.393314 0.393314 0.393314 0.393314 0.393314 0.393313 0.393313 0.393314 0.393314 0.000000 0.000000
0.000000 0.000000 0.396910 0.396910 0.396909 0.396909 0.396910 0.396910 0.396910 0.396910 0.396911 0.396910 0.396910 0.396910 0.396910 0.396909 0.396909 0.396910 0.396910 0.000000 0.000000
0.000000 0.000000 0.400391 0.400391 0.400390 0.400390 0.400391 0.400390 0.400390 0.400391 0.400391 0.400391 0.400390 0.400390 0.400391 0.400390 0.400390 0.400391 0.400391 0.000000 0.000000
0.000000 0.000000 0.403761 0.403761 0.403760 0.403760 0.403761 0.403761 0.403761 0.403761 0.403762 0.403761 0.403761 0.403761 0.403761 0.403760 0.403760 0.403761 0.403761 0.000000 0.000000
0.000000 0.000000 0.407034 0.407034 0.407033 0.407033 0.407034 0.407034 0.407034 0.407034 0.407035 0.407034 0.407034 0.407034 0.407034 0.407033 0.407033 0.407034 0.407034 0.000000 0.000000
0.000000 0.000000 0.410262 0.410262 0.410261 0.410261 0.410262 0.410262 0.410262 0.410262 0.410262 0.410262 0.410262 0.410262 0.410262 0.410261 0.410261 0.410262 0.410262 0.000000 0.000000
0.000000 0.000000 0.350000 0.350000 0.350000 0.350000 0.350000 0.350000 0.350000 0.350000 0.350000 0.350000 0.350000 0.350000 0.350000 0.350000 0.350000 0.350000 0.350000 0.000000 0.000000
0.000000 0.000000 0.000000 0.000000 0.000000 0.000000 0.000000 0.000000 0.000000 0.000000 0.000000 0.000000 0.000000 0.000000 0.000000 0.000000 0.000000 0.000000 0.000000 0.000000 0.000000