geotop/1.0zi/1.0Montebello/Templates/testdem/maps/_Eocclay6727.asc
ncols         21
nrows         20
xllcorner     100.000000
yllcorner     100.000000
cellsize      50.000000
NODATA_value  -9999.0
0.000000 0.000000 0.000000 0.000000 0.000000 0.000000 0.000000 0.000000 0.000000 0.000000 0.000000 0.000000 0.000000 0.000000 0.000000 0.000000 0.000000 0.000000 0.000000 0.000000 0.000000
0.000000 0.000000 0.349698 0.349699 0.349699 0.349698 0.349699 0.349699 0.349699 0.349699 0.349698 0.349699 0.349699 0.349699 0.349699 0.349699 0.349697 0.349697 0.349698 0.000000 0.000000
0.000000 0.000000 0.349988 0.349988 0.349988 0.349989 0.349987 0.349987 0.349988 0.349987 0.349987 0.349987 0.349988 0.349987 0.349988 0.349988 0.349989 0.349989 0.349986 0.000000 0.000000
0.000000 0.000000 0.349979 0.349984 0.349981 0.349981 0.349982 0.349982 0.349984 0.349980 0.349985 0.349983 0.349983 0.349982 0.349981 0.349983 0.349981 0.349983 0.349983 0.000000 0.000000
0.000000 0.000000 0.350652 0.350650 0.350648 0.350645 0.350632 0.350630 0.350630 0.350632 0.350629 0.350630 0.350626 0.350629 0.350637 0.350637 0.350642 0.350643 0.350650 0.000000 0.000000
0.000000 0.000000 0.352643 0.352642 0.352634 0.352608 0.352600 0.352580 0.352581 0.352576 0.352579 0.352580 0.352582 0.352582 0.352589 0.352605 0.352616 0.352628 0.352634 0.000000 0.000000
0.000000 0.000000 0.355559 0.355556 0.355550 0.355530 0.355506 0.355475 0.355475 0.355470 0.355472 0.355473 0.355473 0.355473 0.355498 0.355523 0.355535 0.355545 0.355553 0.000000 0.000000
0.000000 0.000000 0.359056 0.359055 0.359049 0.359025 0.359001 0.358968 0.358968 0.358965 0.358965 0.358963 0.358961 0.358968 0.358994 0.359016 0.359035 0.359042 0.359054 0.000000 0.000000
0.000000 0.000000 0.362681 0.362677 0.362666 0.362652 0.362627 0.362595 0.362597 0.362590 0.362587 0.362587 0.362587 0.362586 0.362617 0.362645 0.362660 0.362666 0.362676 0.000000 0.000000
0.000000 0.000000 0.366415 0.366407 0.366403 0.366389 0.366354 0.366324 0.366325 0.366321 0.366317 0.366320 0.366325 0.366322 0.366348 0.366380 0.366397 0.366402 0.366409 0.000000 0.000000
0.000000 0.000000 0.370355 0.370350 0.370344 0.370317 0.370293 0.370259 0.370267 0.370248 0.370250 0.370251 0.370245 0.370256 0.370278 0.370298 0.370319 0.370330 0.370347 0.000000 0.000000
0.000000 0.000000 0.374568 0.374558 0.374546 0.374526 0.374502 0.374461 0.374461 0.374453 0.374463 0.374450 0.374452 0.374456 0.374496 0.374516 0.374532 0.374539 0.374579 0.000000 0.000000
0.000000 0.000000 0.378983 0.378972 0.378966 0.378943 0.378921 0.378828 0.378827 0.378820 0.378799 0.378810 0.378816 0.378824 0.378894 0.378916 0.378950 0.378954 0.378980 0.000000 0.000000
0.000000 0.000000 0.383903 0.383898 0.383881 0.383863 0.383764 0.383750 0.383728 0.383727 0.383725 0.383725 0.383723 0.383720 0.383725 0.383831 0.383856 0.383883 0.383912 0.000000 0.000000
0.000000 0.000000 0.389458 0.389450 0.389427 0.389314 0.389293 0.389238 0.389201 0.389196 0.389176 0.389162 0.389175 0.389169 0.389219 0.389253 0.389406 0.389391 0.389405 0.000000 0.000000
0.000000 0.000000 0.395459 0.395451 0.395296 0.395290 0.395283 0.395252 0.395295 0.395274 0.395295 0.395278 0.395258 0.395294 0.395311 0.395323 0.395278 0.395480 0.395483 0.000000 0.000000
0.000000 0.000000 0.402623 0.402396 0.402362 0.402295 0.402183 0.402143 0.402110 0.402114 0.402059 0.402058 0.402085 0.402066 0.402123 0.402209 0.402350 0.402339 0.402571 0.000000 0.000000
0.000000 0.000000 0.407197 0.407284 0.407500 0.407460 0.407412 0.407208 0.407211 0.407162 0.407214 0.407199 0.407205 0.407218 0.407403 0.407441 0.407536 0.407327 0.407251 0.000000 0.000000
0.000000 0.000000 0.350000 0.350000 0.350000 0.350000 0.350000 0.350000 0.350000 0.350000 0.350000 0.350000 0.350000 0.350000 0.350000 0.350000 0.350000 0.350000 0.350000 0.000000 0.000000
0.000000 0.000000 0.000000 0.000000 0.000000 0.000000 0.000000 0.000000 0.000000 0.000000 0.000000 0.000000 0.000000 0.000000 0.000000 0.000000 0.000000 0.000000 0.000000 0.000000 0.000000