geotop/1.0zi/1.0Montebello/Templates/testdem/maps/_Eocclay9653.asc
ncols         21
nrows         20
xllcorner     100.000000
yllcorner     100.000000
cellsize      50.000000
NODATA_value  -9999.0
0.000000 0.000000 0.000000 0.000000 0.000000 0.000000 0.000000 0.000000 0.000000 0.000000 0.000000 0.000000 0.000000 0.000000 0.000000 0.000000 0.000000 0.000000 0.000000 0.000000 0.000000
0.000000 0.000000 0.349553 0.349555 0.349555 0.349554 0.349556 0.349556 0.349555 0.349555 0.349554 0.349555 0.349555 0.349555 0.349555 0.349555 0.349553 0.349554 0.349555 0.000000 0.000000
0.000000 0.000000 0.349981 0.349979 0.349980 0.349982 0.349979 0.349979 0.349980 0.349979 0.349979 0.349980 0.349980 0.349979 0.349980 0.349981 0.349981 0.349981 0.349979 0.000000 0.000000
0.000000 0.000000 0.350040 0.350045 0.350042 0.350038 0.350039 0.350039 0.350043 0.350040 0.350043 0.350041 0.350041 0.350040 0.350043 0.350046 0.350045 0.350046 0.350043 0.000000 0.000000
0.000000 0.000000 0.351490 0.351485 0.351478 0.351466 0.351448 0.351445 0.351442 0.351444 0.351442 0.351446 0.351447 0.351448 0.351458 0.351462 0.351473 0.351476 0.351486 0.000000 0.000000
0.000000 0.000000 0.355397 0.355391 0.355369 0.355332 0.355301 0.355270 0.355275 0.355269 0.355269 0.355268 0.355275 0.355273 0.355289 0.355320 0.355335 0.355348 0.355354 0.000000 0.000000
0.000000 0.000000 0.360597 0.360586 0.360572 0.360536 0.360496 0.360438 0.360439 0.360433 0.360429 0.360430 0.360432 0.360432 0.360479 0.360513 0.360533 0.360546 0.360554 0.000000 0.000000
0.000000 0.000000 0.366790 0.366777 0.366761 0.366715 0.366670 0.366618 0.366619 0.366612 0.366607 0.366604 0.366603 0.366613 0.366655 0.366692 0.366725 0.366733 0.366747 0.000000 0.000000
0.000000 0.000000 0.373562 0.373544 0.373520 0.373486 0.373435 0.373375 0.373381 0.373369 0.373361 0.373359 0.373362 0.373360 0.373418 0.373463 0.373488 0.373498 0.373510 0.000000 0.000000
0.000000 0.000000 0.381056 0.381030 0.381012 0.380975 0.380918 0.380855 0.380856 0.380847 0.380834 0.380839 0.380848 0.380845 0.380892 0.380950 0.380980 0.380992 0.380998 0.000000 0.000000
0.000000 0.000000 0.389606 0.389584 0.389565 0.389484 0.389457 0.389372 0.389389 0.389348 0.389351 0.389345 0.389332 0.389356 0.389408 0.389444 0.389487 0.389502 0.389539 0.000000 0.000000
0.000000 0.000000 0.399587 0.399543 0.399493 0.399453 0.399408 0.399302 0.399300 0.399294 0.399306 0.399269 0.399287 0.399282 0.399378 0.399433 0.399456 0.399470 0.399544 0.000000 0.000000
0.000000 0.000000 0.410862 0.410820 0.410808 0.410729 0.410674 0.410391 0.410386 0.410368 0.410268 0.410329 0.410335 0.410361 0.410571 0.410618 0.410722 0.410727 0.410746 0.000000 0.000000
0.000000 0.000000 0.424888 0.424868 0.424778 0.424721 0.424324 0.424462 0.424376 0.424376 0.424427 0.424374 0.424364 0.424324 0.424194 0.424632 0.424649 0.424751 0.424812 0.000000 0.000000
0.000000 0.000000 0.441028 0.440980 0.440899 0.440376 0.440597 0.440272 0.440197 0.440162 0.440044 0.440004 0.440065 0.440068 0.440354 0.440142 0.440824 0.440663 0.440639 0.000000 0.000000
0.000000 0.000000 0.455824 0.455795 0.455201 0.455524 0.455415 0.455446 0.455710 0.455641 0.455782 0.455759 0.455645 0.455788 0.455698 0.455799 0.455111 0.456025 0.456011 0.000000 0.000000
0.000000 0.000000 0.469193 0.468683 0.468860 0.468628 0.468366 0.468282 0.468109 0.468149 0.467972 0.467994 0.468096 0.467989 0.468130 0.468323 0.468820 0.468426 0.468958 0.000000 0.000000
0.000000 0.000000 0.473867 0.474067 0.474384 0.474323 0.474278 0.473982 0.473997 0.473923 0.474019 0.473997 0.473997 0.474020 0.474274 0.474310 0.474408 0.474103 0.473906 0.000000 0.000000
0.000000 0.000000 0.350000 0.350000 0.350000 0.350000 0.350000 0.350000 0.350000 0.350000 0.350000 0.350000 0.350000 0.350000 0.350000 0.350000 0.350000 0.350000 0.350000 0.000000 0.000000
0.000000 0.000000 0.000000 0.000000 0.000000 0.000000 0.000000 0.000000 0.000000 0.000000 0.000000 0.000000 0.000000 0.000000 0.000000 0.000000 0.000000 0.000000 0.000000 0.000000 0.000000