geotop/1.0zi/1.0Montebello/Templates/testdem/maps/_Eocclay7355.asc
ncols         21
nrows         20
xllcorner     100.000000
yllcorner     100.000000
cellsize      50.000000
NODATA_value  -9999.0
0.000000 0.000000 0.000000 0.000000 0.000000 0.000000 0.000000 0.000000 0.000000 0.000000 0.000000 0.000000 0.000000 0.000000 0.000000 0.000000 0.000000 0.000000 0.000000 0.000000 0.000000
0.000000 0.000000 0.349663 0.349664 0.349664 0.349663 0.349665 0.349665 0.349664 0.349664 0.349663 0.349665 0.349665 0.349664 0.349665 0.349665 0.349663 0.349663 0.349664 0.000000 0.000000
0.000000 0.000000 0.349986 0.349986 0.349987 0.349988 0.349986 0.349986 0.349986 0.349986 0.349986 0.349986 0.349986 0.349985 0.349987 0.349987 0.349988 0.349987 0.349985 0.000000 0.000000
0.000000 0.000000 0.350006 0.350010 0.350007 0.350007 0.350009 0.350006 0.350008 0.350005 0.350009 0.350007 0.350007 0.350005 0.350007 0.350009 0.350008 0.350011 0.350010 0.000000 0.000000
0.000000 0.000000 0.350897 0.350894 0.350890 0.350885 0.350870 0.350868 0.350865 0.350868 0.350865 0.350865 0.350862 0.350866 0.350875 0.350876 0.350884 0.350885 0.350891 0.000000 0.000000
0.000000 0.000000 0.353343 0.353341 0.353331 0.353304 0.353292 0.353269 0.353270 0.353265 0.353267 0.353267 0.353269 0.353270 0.353280 0.353299 0.353312 0.353326 0.353332 0.000000 0.000000
0.000000 0.000000 0.356745 0.356741 0.356733 0.356711 0.356683 0.356648 0.356647 0.356642 0.356643 0.356643 0.356643 0.356644 0.356675 0.356702 0.356717 0.356729 0.356737 0.000000 0.000000
0.000000 0.000000 0.360802 0.360800 0.360793 0.360766 0.360738 0.360701 0.360700 0.360697 0.360695 0.360693 0.360691 0.360699 0.360731 0.360754 0.360778 0.360787 0.360798 0.000000 0.000000
0.000000 0.000000 0.365046 0.365040 0.365028 0.365011 0.364982 0.364944 0.364947 0.364938 0.364935 0.364933 0.364934 0.364933 0.364971 0.365002 0.365020 0.365029 0.365038 0.000000 0.000000
0.000000 0.000000 0.369478 0.369469 0.369463 0.369447 0.369405 0.369370 0.369371 0.369366 0.369360 0.369363 0.369368 0.369366 0.369398 0.369434 0.369455 0.369462 0.369470 0.000000 0.000000
0.000000 0.000000 0.374226 0.374221 0.374213 0.374180 0.374150 0.374110 0.374119 0.374097 0.374099 0.374099 0.374091 0.374105 0.374134 0.374156 0.374183 0.374197 0.374216 0.000000 0.000000
0.000000 0.000000 0.379397 0.379383 0.379368 0.379345 0.379313 0.379264 0.379262 0.379255 0.379266 0.379249 0.379252 0.379256 0.379307 0.379332 0.379351 0.379362 0.379407 0.000000 0.000000
0.000000 0.000000 0.384893 0.384879 0.384872 0.384842 0.384815 0.384695 0.384693 0.384686 0.384655 0.384670 0.384677 0.384688 0.384781 0.384806 0.384852 0.384858 0.384884 0.000000 0.000000
0.000000 0.000000 0.391169 0.391164 0.391140 0.391118 0.390979 0.390974 0.390944 0.390944 0.390946 0.390941 0.390938 0.390933 0.390932 0.391077 0.391108 0.391146 0.391178 0.000000 0.000000
0.000000 0.000000 0.398415 0.398403 0.398372 0.398206 0.398196 0.398115 0.398069 0.398061 0.398032 0.398011 0.398029 0.398024 0.398102 0.398125 0.398348 0.398322 0.398333 0.000000 0.000000
0.000000 0.000000 0.406342 0.406330 0.406094 0.406122 0.406108 0.406070 0.406147 0.406118 0.406155 0.406132 0.406098 0.406156 0.406177 0.406190 0.406072 0.406396 0.406393 0.000000 0.000000
0.000000 0.000000 0.416123 0.415755 0.415765 0.415643 0.415457 0.415400 0.415325 0.415341 0.415242 0.415245 0.415297 0.415253 0.415345 0.415483 0.415749 0.415645 0.416024 0.000000 0.000000
0.000000 0.000000 0.421198 0.421459 0.421807 0.421775 0.421743 0.421417 0.421443 0.421358 0.421475 0.421447 0.421441 0.421477 0.421763 0.421785 0.421868 0.421561 0.421312 0.000000 0.000000
0.000000 0.000000 0.350000 0.350000 0.350000 0.350000 0.350000 0.350000 0.350000 0.350000 0.350000 0.350000 0.350000 0.350000 0.350000 0.350000 0.350000 0.350000 0.350000 0.000000 0.000000
0.000000 0.000000 0.000000 0.000000 0.000000 0.000000 0.000000 0.000000 0.000000 0.000000 0.000000 0.000000 0.000000 0.000000 0.000000 0.000000 0.000000 0.000000 0.000000 0.000000 0.000000