geotop/1.0zi/1.0Montebello/Templates/testdem/maps/_Eocsand4303.asc
ncols         21
nrows         20
xllcorner     100.000000
yllcorner     100.000000
cellsize      50.000000
NODATA_value  -9999.0
0.000000 0.000000 0.000000 0.000000 0.000000 0.000000 0.000000 0.000000 0.000000 0.000000 0.000000 0.000000 0.000000 0.000000 0.000000 0.000000 0.000000 0.000000 0.000000 0.000000 0.000000
0.000000 0.000000 0.300107 0.300107 0.300106 0.300106 0.300106 0.300106 0.300106 0.300106 0.300106 0.300106 0.300106 0.300106 0.300106 0.300106 0.300106 0.300107 0.300107 0.000000 0.000000
0.000000 0.000000 0.300005 0.300004 0.300004 0.300004 0.300004 0.300004 0.300004 0.300004 0.300004 0.300004 0.300004 0.300004 0.300004 0.300004 0.300006 0.300006 0.300005 0.000000 0.000000
0.000000 0.000000 0.299975 0.299973 0.299976 0.299979 0.299977 0.299979 0.299977 0.299978 0.299978 0.299979 0.299979 0.299981 0.299976 0.299973 0.299973 0.299972 0.299974 0.000000 0.000000
0.000000 0.000000 0.299285 0.299284 0.299289 0.299288 0.299295 0.299299 0.299300 0.299304 0.299306 0.299301 0.299304 0.299304 0.299299 0.299300 0.299300 0.299296 0.299290 0.000000 0.000000
0.000000 0.000000 0.296981 0.296980 0.296990 0.297004 0.297010 0.297031 0.297033 0.297042 0.297034 0.297032 0.297029 0.297035 0.297036 0.297025 0.297016 0.297011 0.297004 0.000000 0.000000
0.000000 0.000000 0.293493 0.293501 0.293513 0.293538 0.293563 0.293598 0.293596 0.293603 0.293596 0.293598 0.293601 0.293601 0.293579 0.293550 0.293537 0.293528 0.293516 0.000000 0.000000
0.000000 0.000000 0.289507 0.289515 0.289526 0.289556 0.289583 0.289617 0.289613 0.289619 0.289618 0.289618 0.289625 0.289628 0.289596 0.289566 0.289548 0.289543 0.289530 0.000000 0.000000
0.000000 0.000000 0.285493 0.285505 0.285522 0.285545 0.285572 0.285612 0.285609 0.285618 0.285616 0.285614 0.285620 0.285620 0.285591 0.285556 0.285542 0.285534 0.285518 0.000000 0.000000
0.000000 0.000000 0.281501 0.281514 0.281528 0.281553 0.281585 0.281621 0.281615 0.281621 0.281621 0.281619 0.281626 0.281630 0.281596 0.281561 0.281547 0.281540 0.281527 0.000000 0.000000
0.000000 0.000000 0.277461 0.277473 0.277488 0.277508 0.277531 0.277575 0.277570 0.277580 0.277579 0.277576 0.277583 0.277586 0.277559 0.277533 0.277514 0.277506 0.277491 0.000000 0.000000
0.000000 0.000000 0.273287 0.273300 0.273318 0.273346 0.273372 0.273414 0.273414 0.273421 0.273419 0.273420 0.273425 0.273429 0.273391 0.273360 0.273343 0.273336 0.273289 0.000000 0.000000
0.000000 0.000000 0.269067 0.269080 0.269099 0.269122 0.269153 0.269239 0.269238 0.269246 0.269246 0.269244 0.269252 0.269254 0.269182 0.269145 0.269128 0.269120 0.269090 0.000000 0.000000
0.000000 0.000000 0.264611 0.264631 0.264648 0.264672 0.264757 0.264781 0.264794 0.264801 0.264799 0.264799 0.264807 0.264810 0.264787 0.264700 0.264682 0.264664 0.264645 0.000000 0.000000
0.000000 0.000000 0.259820 0.259838 0.259872 0.259952 0.259993 0.260047 0.260074 0.260084 0.260095 0.260096 0.260095 0.260108 0.260069 0.260007 0.259912 0.259915 0.259899 0.000000 0.000000
0.000000 0.000000 0.254887 0.254906 0.255007 0.255030 0.255056 0.255084 0.255087 0.255091 0.255086 0.255087 0.255103 0.255090 0.255079 0.255051 0.255047 0.254948 0.254922 0.000000 0.000000
0.000000 0.000000 0.249426 0.249551 0.249642 0.249683 0.249745 0.249779 0.249786 0.249791 0.249804 0.249803 0.249806 0.249818 0.249797 0.249724 0.249677 0.249623 0.249502 0.000000 0.000000
0.000000 0.000000 0.245136 0.245175 0.245116 0.245168 0.245224 0.245339 0.245349 0.245362 0.245357 0.245358 0.245368 0.245365 0.245265 0.245200 0.245128 0.245227 0.245171 0.000000 0.000000
0.000000 0.000000 0.300000 0.300000 0.300000 0.300000 0.300000 0.300000 0.300000 0.300000 0.300000 0.300000 0.300000 0.300000 0.300000 0.300000 0.300000 0.300000 0.300000 0.000000 0.000000
0.000000 0.000000 0.000000 0.000000 0.000000 0.000000 0.000000 0.000000 0.000000 0.000000 0.000000 0.000000 0.000000 0.000000 0.000000 0.000000 0.000000 0.000000 0.000000 0.000000 0.000000