geotop/1.0zi/1.0Montebello/Templates/testdem/maps/_Eocsilt5484.asc
ncols         21
nrows         20
xllcorner     100.000000
yllcorner     100.000000
cellsize      50.000000
NODATA_value  -9999.0
0.000000 0.000000 0.000000 0.000000 0.000000 0.000000 0.000000 0.000000 0.000000 0.000000 0.000000 0.000000 0.000000 0.000000 0.000000 0.000000 0.000000 0.000000 0.000000 0.000000 0.000000
0.000000 0.000000 0.350110 0.350110 0.350110 0.350110 0.350110 0.350110 0.350110 0.350110 0.350110 0.350110 0.350110 0.350110 0.350110 0.350110 0.350110 0.350110 0.350110 0.000000 0.000000
0.000000 0.000000 0.350002 0.350002 0.350002 0.350003 0.350003 0.350003 0.350003 0.350003 0.350003 0.350003 0.350003 0.350003 0.350003 0.350002 0.350001 0.350001 0.350002 0.000000 0.000000
0.000000 0.000000 0.350038 0.350038 0.350037 0.350032 0.350033 0.350031 0.350033 0.350034 0.350033 0.350033 0.350033 0.350032 0.350034 0.350036 0.350037 0.350039 0.350038 0.000000 0.000000
0.000000 0.000000 0.350456 0.350459 0.350457 0.350453 0.350451 0.350446 0.350445 0.350443 0.350440 0.350442 0.350443 0.350444 0.350449 0.350452 0.350451 0.350461 0.350464 0.000000 0.000000
0.000000 0.000000 0.351830 0.351833 0.351830 0.351817 0.351807 0.351790 0.351788 0.351784 0.351789 0.351791 0.351792 0.351788 0.351793 0.351799 0.351807 0.351811 0.351816 0.000000 0.000000
0.000000 0.000000 0.353973 0.353971 0.353968 0.353950 0.353930 0.353908 0.353909 0.353907 0.353910 0.353910 0.353906 0.353910 0.353924 0.353941 0.353948 0.353957 0.353963 0.000000 0.000000
0.000000 0.000000 0.356572 0.356572 0.356573 0.356557 0.356537 0.356513 0.356514 0.356511 0.356511 0.356511 0.356509 0.356511 0.356528 0.356546 0.356561 0.356564 0.356572 0.000000 0.000000
0.000000 0.000000 0.359296 0.359291 0.359285 0.359275 0.359256 0.359227 0.359229 0.359224 0.359222 0.359223 0.359223 0.359221 0.359245 0.359264 0.359277 0.359282 0.359290 0.000000 0.000000
0.000000 0.000000 0.362013 0.362009 0.362007 0.362001 0.361974 0.361949 0.361952 0.361949 0.361945 0.361949 0.361951 0.361948 0.361966 0.361988 0.362001 0.362003 0.362008 0.000000 0.000000
0.000000 0.000000 0.364790 0.364787 0.364788 0.364768 0.364750 0.364723 0.364729 0.364717 0.364717 0.364719 0.364715 0.364721 0.364736 0.364749 0.364763 0.364771 0.364783 0.000000 0.000000
0.000000 0.000000 0.367694 0.367687 0.367681 0.367668 0.367652 0.367620 0.367622 0.367614 0.367622 0.367615 0.367616 0.367618 0.367645 0.367657 0.367667 0.367671 0.367701 0.000000 0.000000
0.000000 0.000000 0.370658 0.370652 0.370651 0.370636 0.370622 0.370559 0.370559 0.370554 0.370541 0.370548 0.370553 0.370557 0.370601 0.370612 0.370634 0.370636 0.370658 0.000000 0.000000
0.000000 0.000000 0.373856 0.373852 0.373846 0.373836 0.373778 0.373761 0.373747 0.373747 0.373741 0.373744 0.373744 0.373742 0.373748 0.373805 0.373825 0.373840 0.373862 0.000000 0.000000
0.000000 0.000000 0.377355 0.377350 0.377338 0.377279 0.377258 0.377222 0.377199 0.377196 0.377184 0.377177 0.377184 0.377178 0.377203 0.377233 0.377319 0.377312 0.377326 0.000000 0.000000
0.000000 0.000000 0.381041 0.381036 0.380961 0.380945 0.380940 0.380917 0.380930 0.380921 0.380927 0.380918 0.380909 0.380924 0.380936 0.380945 0.380943 0.381040 0.381044 0.000000 0.000000
0.000000 0.000000 0.385219 0.385117 0.385077 0.385047 0.384999 0.384973 0.384965 0.384964 0.384942 0.384938 0.384946 0.384942 0.384969 0.385005 0.385063 0.385093 0.385196 0.000000 0.000000
0.000000 0.000000 0.388336 0.388333 0.388423 0.388397 0.388355 0.388258 0.388255 0.388234 0.388246 0.388240 0.388247 0.388248 0.388336 0.388364 0.388432 0.388339 0.388349 0.000000 0.000000
0.000000 0.000000 0.350000 0.350000 0.350000 0.350000 0.350000 0.350000 0.350000 0.350000 0.350000 0.350000 0.350000 0.350000 0.350000 0.350000 0.350000 0.350000 0.350000 0.000000 0.000000
0.000000 0.000000 0.000000 0.000000 0.000000 0.000000 0.000000 0.000000 0.000000 0.000000 0.000000 0.000000 0.000000 0.000000 0.000000 0.000000 0.000000 0.000000 0.000000 0.000000 0.000000