geotop/1.0zi/1.0Montebello/Templates/testdem/maps/_Eocclay6955.asc
ncols         21
nrows         20
xllcorner     100.000000
yllcorner     100.000000
cellsize      50.000000
NODATA_value  -9999.0
0.000000 0.000000 0.000000 0.000000 0.000000 0.000000 0.000000 0.000000 0.000000 0.000000 0.000000 0.000000 0.000000 0.000000 0.000000 0.000000 0.000000 0.000000 0.000000 0.000000 0.000000
0.000000 0.000000 0.349688 0.349689 0.349690 0.349689 0.349690 0.349690 0.349690 0.349690 0.349688 0.349690 0.349690 0.349690 0.349690 0.349690 0.349688 0.349688 0.349689 0.000000 0.000000
0.000000 0.000000 0.349987 0.349987 0.349987 0.349988 0.349987 0.349987 0.349987 0.349987 0.349987 0.349986 0.349987 0.349986 0.349987 0.349987 0.349988 0.349988 0.349985 0.000000 0.000000
0.000000 0.000000 0.349976 0.349981 0.349978 0.349978 0.349980 0.349981 0.349982 0.349979 0.349983 0.349981 0.349981 0.349980 0.349979 0.349981 0.349979 0.349981 0.349980 0.000000 0.000000
0.000000 0.000000 0.350698 0.350696 0.350693 0.350689 0.350675 0.350673 0.350673 0.350674 0.350672 0.350673 0.350668 0.350671 0.350680 0.350680 0.350686 0.350687 0.350694 0.000000 0.000000
0.000000 0.000000 0.352862 0.352861 0.352851 0.352827 0.352816 0.352795 0.352797 0.352791 0.352795 0.352795 0.352796 0.352797 0.352804 0.352822 0.352833 0.352845 0.352852 0.000000 0.000000
0.000000 0.000000 0.355961 0.355958 0.355951 0.355930 0.355905 0.355873 0.355872 0.355867 0.355869 0.355871 0.355870 0.355870 0.355896 0.355922 0.355934 0.355944 0.355953 0.000000 0.000000
0.000000 0.000000 0.359658 0.359657 0.359651 0.359625 0.359601 0.359566 0.359567 0.359563 0.359563 0.359561 0.359559 0.359565 0.359593 0.359615 0.359635 0.359642 0.359655 0.000000 0.000000
0.000000 0.000000 0.363499 0.363494 0.363483 0.363468 0.363442 0.363407 0.363410 0.363402 0.363400 0.363399 0.363399 0.363398 0.363431 0.363460 0.363475 0.363481 0.363491 0.000000 0.000000
0.000000 0.000000 0.367470 0.367462 0.367457 0.367443 0.367405 0.367374 0.367375 0.367371 0.367366 0.367370 0.367375 0.367371 0.367399 0.367431 0.367450 0.367454 0.367462 0.000000 0.000000
0.000000 0.000000 0.371683 0.371678 0.371671 0.371642 0.371617 0.371580 0.371588 0.371569 0.371571 0.371572 0.371565 0.371577 0.371600 0.371620 0.371643 0.371654 0.371672 0.000000 0.000000
0.000000 0.000000 0.376212 0.376201 0.376187 0.376166 0.376140 0.376096 0.376096 0.376088 0.376099 0.376085 0.376087 0.376090 0.376133 0.376155 0.376171 0.376178 0.376220 0.000000 0.000000
0.000000 0.000000 0.380981 0.380968 0.380962 0.380937 0.380914 0.380812 0.380811 0.380804 0.380780 0.380792 0.380799 0.380807 0.380884 0.380906 0.380944 0.380947 0.380974 0.000000 0.000000
0.000000 0.000000 0.386336 0.386331 0.386312 0.386292 0.386181 0.386168 0.386145 0.386144 0.386144 0.386142 0.386140 0.386136 0.386138 0.386256 0.386282 0.386312 0.386342 0.000000 0.000000
0.000000 0.000000 0.392424 0.392415 0.392389 0.392260 0.392242 0.392179 0.392140 0.392133 0.392112 0.392096 0.392110 0.392103 0.392161 0.392191 0.392365 0.392346 0.392360 0.000000 0.000000
0.000000 0.000000 0.399033 0.399023 0.398843 0.398848 0.398841 0.398804 0.398857 0.398833 0.398860 0.398842 0.398817 0.398859 0.398879 0.398890 0.398822 0.399060 0.399061 0.000000 0.000000
0.000000 0.000000 0.407014 0.406745 0.406722 0.406638 0.406505 0.406461 0.406417 0.406424 0.406357 0.406359 0.406392 0.406365 0.406429 0.406530 0.406706 0.406670 0.406946 0.000000 0.000000
0.000000 0.000000 0.411804 0.411941 0.412196 0.412159 0.412114 0.411871 0.411880 0.411820 0.411892 0.411874 0.411876 0.411894 0.412110 0.412143 0.412238 0.411996 0.411872 0.000000 0.000000
0.000000 0.000000 0.350000 0.350000 0.350000 0.350000 0.350000 0.350000 0.350000 0.350000 0.350000 0.350000 0.350000 0.350000 0.350000 0.350000 0.350000 0.350000 0.350000 0.000000 0.000000
0.000000 0.000000 0.000000 0.000000 0.000000 0.000000 0.000000 0.000000 0.000000 0.000000 0.000000 0.000000 0.000000 0.000000 0.000000 0.000000 0.000000 0.000000 0.000000 0.000000 0.000000