geotop/1.0zi/1.0Montebello/Templates/testdem/maps/_Eocsand2954.asc
ncols         21
nrows         20
xllcorner     100.000000
yllcorner     100.000000
cellsize      50.000000
NODATA_value  -9999.0
0.000000 0.000000 0.000000 0.000000 0.000000 0.000000 0.000000 0.000000 0.000000 0.000000 0.000000 0.000000 0.000000 0.000000 0.000000 0.000000 0.000000 0.000000 0.000000 0.000000 0.000000
0.000000 0.000000 0.300090 0.300090 0.300090 0.300090 0.300090 0.300090 0.300090 0.300090 0.300092 0.300090 0.300090 0.300090 0.300090 0.300090 0.300090 0.300090 0.300090 0.000000 0.000000
0.000000 0.000000 0.300009 0.300010 0.300010 0.300009 0.300009 0.300009 0.300009 0.300009 0.300008 0.300009 0.300009 0.300009 0.300009 0.300009 0.300010 0.300010 0.300009 0.000000 0.000000
0.000000 0.000000 0.297849 0.297850 0.297854 0.297852 0.297849 0.297849 0.297849 0.297849 0.297849 0.297849 0.297849 0.297849 0.297849 0.297852 0.297854 0.297850 0.297849 0.000000 0.000000
0.000000 0.000000 0.289163 0.289164 0.289168 0.289167 0.289161 0.289163 0.289163 0.289160 0.289160 0.289160 0.289163 0.289163 0.289161 0.289167 0.289168 0.289164 0.289163 0.000000 0.000000
0.000000 0.000000 0.278878 0.278879 0.278882 0.278881 0.278877 0.278878 0.278878 0.278876 0.278875 0.278876 0.278878 0.278878 0.278877 0.278881 0.278882 0.278879 0.278878 0.000000 0.000000
0.000000 0.000000 0.269383 0.269384 0.269386 0.269386 0.269382 0.269383 0.269383 0.269381 0.269381 0.269381 0.269383 0.269383 0.269382 0.269386 0.269386 0.269384 0.269383 0.000000 0.000000
0.000000 0.000000 0.260756 0.260757 0.260759 0.260759 0.260755 0.260756 0.260756 0.260755 0.260754 0.260755 0.260756 0.260756 0.260755 0.260759 0.260759 0.260757 0.260756 0.000000 0.000000
0.000000 0.000000 0.252770 0.252770 0.252773 0.252772 0.252769 0.252770 0.252770 0.252769 0.252768 0.252769 0.252770 0.252770 0.252769 0.252772 0.252773 0.252770 0.252770 0.000000 0.000000
0.000000 0.000000 0.245231 0.245232 0.245234 0.245233 0.245231 0.245232 0.245232 0.245230 0.245230 0.245230 0.245232 0.245232 0.245231 0.245233 0.245234 0.245232 0.245231 0.000000 0.000000
0.000000 0.000000 0.238050 0.238051 0.238053 0.238052 0.238050 0.238051 0.238051 0.238049 0.238049 0.238049 0.238051 0.238051 0.238050 0.238052 0.238053 0.238051 0.238050 0.000000 0.000000
0.000000 0.000000 0.231160 0.231160 0.231163 0.231162 0.231159 0.231160 0.231160 0.231159 0.231158 0.231159 0.231160 0.231160 0.231159 0.231162 0.231163 0.231160 0.231160 0.000000 0.000000
0.000000 0.000000 0.224506 0.224507 0.224509 0.224508 0.224506 0.224507 0.224507 0.224505 0.224505 0.224505 0.224507 0.224507 0.224506 0.224508 0.224509 0.224507 0.224506 0.000000 0.000000
0.000000 0.000000 0.218038 0.218039 0.218041 0.218040 0.218038 0.218039 0.218039 0.218037 0.218037 0.218037 0.218039 0.218039 0.218038 0.218040 0.218041 0.218039 0.218038 0.000000 0.000000
0.000000 0.000000 0.211747 0.211748 0.211750 0.211749 0.211747 0.211747 0.211747 0.211746 0.211746 0.211746 0.211747 0.211747 0.211747 0.211749 0.211750 0.211748 0.211747 0.000000 0.000000
0.000000 0.000000 0.205618 0.205619 0.205621 0.205620 0.205618 0.205619 0.205619 0.205618 0.205617 0.205618 0.205619 0.205619 0.205618 0.205620 0.205621 0.205619 0.205618 0.000000 0.000000
0.000000 0.000000 0.199633 0.199634 0.199636 0.199635 0.199633 0.199634 0.199634 0.199633 0.199632 0.199633 0.199634 0.199634 0.199633 0.199635 0.199636 0.199634 0.199633 0.000000 0.000000
0.000000 0.000000 0.193672 0.193671 0.193674 0.193673 0.193671 0.193671 0.193671 0.193670 0.193670 0.193670 0.193671 0.193671 0.193671 0.193673 0.193674 0.193671 0.193671 0.000000 0.000000
0.000000 0.000000 0.300000 0.300000 0.300000 0.300000 0.300000 0.300000 0.300000 0.300000 0.300000 0.300000 0.300000 0.300000 0.300000 0.300000 0.300000 0.300000 0.300000 0.000000 0.000000
0.000000 0.000000 0.000000 0.000000 0.000000 0.000000 0.000000 0.000000 0.000000 0.000000 0.000000 0.000000 0.000000 0.000000 0.000000 0.000000 0.000000 0.000000 0.000000 0.000000 0.000000