geotop/1.0zi/1.0Montebello/Templates/testdem/maps/_Eocsand3240.asc
ncols         21
nrows         20
xllcorner     100.000000
yllcorner     100.000000
cellsize      50.000000
NODATA_value  -9999.0
0.000000 0.000000 0.000000 0.000000 0.000000 0.000000 0.000000 0.000000 0.000000 0.000000 0.000000 0.000000 0.000000 0.000000 0.000000 0.000000 0.000000 0.000000 0.000000 0.000000 0.000000
0.000000 0.000000 0.300089 0.300089 0.300089 0.300089 0.300089 0.300089 0.300089 0.300089 0.300090 0.300089 0.300089 0.300089 0.300089 0.300089 0.300089 0.300089 0.300089 0.000000 0.000000
0.000000 0.000000 0.300011 0.300011 0.300011 0.300011 0.300011 0.300011 0.300011 0.300011 0.300009 0.300011 0.300011 0.300011 0.300011 0.300011 0.300011 0.300011 0.300011 0.000000 0.000000
0.000000 0.000000 0.297432 0.297433 0.297438 0.297436 0.297432 0.297433 0.297433 0.297432 0.297432 0.297432 0.297433 0.297433 0.297432 0.297436 0.297438 0.297433 0.297432 0.000000 0.000000
0.000000 0.000000 0.287803 0.287805 0.287809 0.287808 0.287803 0.287805 0.287804 0.287802 0.287801 0.287802 0.287804 0.287805 0.287803 0.287808 0.287809 0.287805 0.287803 0.000000 0.000000
0.000000 0.000000 0.276649 0.276651 0.276654 0.276654 0.276649 0.276651 0.276650 0.276649 0.276647 0.276649 0.276650 0.276651 0.276649 0.276654 0.276654 0.276651 0.276649 0.000000 0.000000
0.000000 0.000000 0.266379 0.266380 0.266383 0.266383 0.266379 0.266380 0.266380 0.266378 0.266377 0.266378 0.266380 0.266380 0.266379 0.266383 0.266383 0.266380 0.266379 0.000000 0.000000
0.000000 0.000000 0.257056 0.257057 0.257060 0.257060 0.257056 0.257058 0.257057 0.257056 0.257055 0.257056 0.257057 0.257058 0.257056 0.257060 0.257060 0.257057 0.257056 0.000000 0.000000
0.000000 0.000000 0.248437 0.248438 0.248440 0.248440 0.248437 0.248438 0.248438 0.248436 0.248435 0.248436 0.248438 0.248438 0.248437 0.248440 0.248440 0.248438 0.248437 0.000000 0.000000
0.000000 0.000000 0.240317 0.240317 0.240320 0.240319 0.240317 0.240318 0.240317 0.240316 0.240315 0.240316 0.240317 0.240318 0.240317 0.240319 0.240320 0.240317 0.240317 0.000000 0.000000
0.000000 0.000000 0.232597 0.232598 0.232600 0.232600 0.232597 0.232598 0.232598 0.232597 0.232596 0.232597 0.232598 0.232598 0.232597 0.232600 0.232600 0.232598 0.232597 0.000000 0.000000
0.000000 0.000000 0.225205 0.225205 0.225208 0.225207 0.225205 0.225205 0.225205 0.225204 0.225203 0.225204 0.225205 0.225205 0.225205 0.225207 0.225208 0.225205 0.225205 0.000000 0.000000
0.000000 0.000000 0.218087 0.218087 0.218090 0.218089 0.218087 0.218088 0.218087 0.218086 0.218086 0.218086 0.218087 0.218088 0.218087 0.218089 0.218090 0.218087 0.218087 0.000000 0.000000
0.000000 0.000000 0.211183 0.211184 0.211186 0.211186 0.211183 0.211184 0.211184 0.211183 0.211182 0.211183 0.211184 0.211184 0.211183 0.211186 0.211186 0.211184 0.211183 0.000000 0.000000
0.000000 0.000000 0.204480 0.204480 0.204483 0.204482 0.204480 0.204481 0.204480 0.204479 0.204479 0.204479 0.204480 0.204481 0.204480 0.204482 0.204483 0.204480 0.204480 0.000000 0.000000
0.000000 0.000000 0.197964 0.197964 0.197966 0.197966 0.197964 0.197964 0.197964 0.197963 0.197962 0.197963 0.197964 0.197964 0.197964 0.197966 0.197966 0.197964 0.197964 0.000000 0.000000
0.000000 0.000000 0.191615 0.191615 0.191617 0.191617 0.191615 0.191615 0.191615 0.191614 0.191613 0.191614 0.191615 0.191615 0.191615 0.191617 0.191617 0.191615 0.191615 0.000000 0.000000
0.000000 0.000000 0.185309 0.185309 0.185311 0.185310 0.185308 0.185309 0.185309 0.185308 0.185307 0.185308 0.185309 0.185309 0.185308 0.185310 0.185311 0.185309 0.185308 0.000000 0.000000
0.000000 0.000000 0.300000 0.300000 0.300000 0.300000 0.300000 0.300000 0.300000 0.300000 0.300000 0.300000 0.300000 0.300000 0.300000 0.300000 0.300000 0.300000 0.300000 0.000000 0.000000
0.000000 0.000000 0.000000 0.000000 0.000000 0.000000 0.000000 0.000000 0.000000 0.000000 0.000000 0.000000 0.000000 0.000000 0.000000 0.000000 0.000000 0.000000 0.000000 0.000000 0.000000