geotop/1.0zi/1.0Montebello/Templates/testdem/maps/_Eocsilt7485.asc
ncols         21
nrows         20
xllcorner     100.000000
yllcorner     100.000000
cellsize      50.000000
NODATA_value  -9999.0
0.000000 0.000000 0.000000 0.000000 0.000000 0.000000 0.000000 0.000000 0.000000 0.000000 0.000000 0.000000 0.000000 0.000000 0.000000 0.000000 0.000000 0.000000 0.000000 0.000000 0.000000
0.000000 0.000000 0.350152 0.350153 0.350153 0.350153 0.350153 0.350153 0.350153 0.350153 0.350153 0.350153 0.350153 0.350153 0.350153 0.350153 0.350153 0.350153 0.350153 0.000000 0.000000
0.000000 0.000000 0.350005 0.350004 0.350004 0.350004 0.350004 0.350004 0.350004 0.350004 0.350005 0.350005 0.350005 0.350005 0.350004 0.350004 0.350002 0.350002 0.350004 0.000000 0.000000
0.000000 0.000000 0.350103 0.350099 0.350098 0.350091 0.350093 0.350088 0.350090 0.350091 0.350088 0.350090 0.350090 0.350090 0.350092 0.350095 0.350099 0.350099 0.350100 0.000000 0.000000
0.000000 0.000000 0.350957 0.350963 0.350959 0.350949 0.350943 0.350936 0.350933 0.350932 0.350931 0.350932 0.350932 0.350934 0.350947 0.350952 0.350954 0.350964 0.350966 0.000000 0.000000
0.000000 0.000000 0.353340 0.353341 0.353331 0.353316 0.353298 0.353277 0.353276 0.353270 0.353274 0.353275 0.353276 0.353275 0.353287 0.353298 0.353310 0.353318 0.353323 0.000000 0.000000
0.000000 0.000000 0.356753 0.356749 0.356739 0.356714 0.356684 0.356653 0.356653 0.356650 0.356651 0.356649 0.356646 0.356651 0.356679 0.356704 0.356720 0.356735 0.356742 0.000000 0.000000
0.000000 0.000000 0.360815 0.360814 0.360808 0.360783 0.360754 0.360719 0.360719 0.360716 0.360714 0.360711 0.360709 0.360715 0.360746 0.360772 0.360797 0.360803 0.360814 0.000000 0.000000
0.000000 0.000000 0.365149 0.365141 0.365128 0.365110 0.365081 0.365041 0.365042 0.365034 0.365031 0.365030 0.365031 0.365030 0.365069 0.365101 0.365120 0.365130 0.365140 0.000000 0.000000
0.000000 0.000000 0.369650 0.369642 0.369635 0.369619 0.369577 0.369541 0.369542 0.369538 0.369532 0.369535 0.369539 0.369537 0.369570 0.369606 0.369627 0.369635 0.369642 0.000000 0.000000
0.000000 0.000000 0.374440 0.374434 0.374427 0.374392 0.374363 0.374323 0.374332 0.374310 0.374312 0.374312 0.374304 0.374318 0.374347 0.374369 0.374396 0.374411 0.374430 0.000000 0.000000
0.000000 0.000000 0.379672 0.379658 0.379642 0.379620 0.379588 0.379538 0.379536 0.379529 0.379540 0.379523 0.379527 0.379531 0.379583 0.379608 0.379627 0.379638 0.379684 0.000000 0.000000
0.000000 0.000000 0.385232 0.385218 0.385211 0.385181 0.385153 0.385031 0.385030 0.385022 0.384991 0.385006 0.385013 0.385025 0.385118 0.385144 0.385191 0.385196 0.385222 0.000000 0.000000
0.000000 0.000000 0.391591 0.391585 0.391562 0.391540 0.391397 0.391395 0.391365 0.391365 0.391368 0.391362 0.391359 0.391354 0.391351 0.391499 0.391528 0.391568 0.391600 0.000000 0.000000
0.000000 0.000000 0.398936 0.398924 0.398893 0.398721 0.398715 0.398631 0.398587 0.398578 0.398549 0.398526 0.398545 0.398540 0.398621 0.398640 0.398869 0.398841 0.398851 0.000000 0.000000
0.000000 0.000000 0.406960 0.406947 0.406706 0.406740 0.406725 0.406688 0.406768 0.406738 0.406778 0.406756 0.406720 0.406780 0.406799 0.406813 0.406683 0.407018 0.407015 0.000000 0.000000
0.000000 0.000000 0.416827 0.416450 0.416470 0.416344 0.416155 0.416097 0.416017 0.416034 0.415931 0.415936 0.415990 0.415943 0.416037 0.416177 0.416455 0.416335 0.416723 0.000000 0.000000
0.000000 0.000000 0.421760 0.422039 0.422387 0.422360 0.422335 0.422008 0.422039 0.421952 0.422075 0.422046 0.422038 0.422076 0.422360 0.422377 0.422449 0.422146 0.421879 0.000000 0.000000
0.000000 0.000000 0.350000 0.350000 0.350000 0.350000 0.350000 0.350000 0.350000 0.350000 0.350000 0.350000 0.350000 0.350000 0.350000 0.350000 0.350000 0.350000 0.350000 0.000000 0.000000
0.000000 0.000000 0.000000 0.000000 0.000000 0.000000 0.000000 0.000000 0.000000 0.000000 0.000000 0.000000 0.000000 0.000000 0.000000 0.000000 0.000000 0.000000 0.000000 0.000000 0.000000