geotop/1.0zi/1.0Montebello/Templates/testdem/maps/_Eocsilt7091.asc
ncols         21
nrows         20
xllcorner     100.000000
yllcorner     100.000000
cellsize      50.000000
NODATA_value  -9999.0
0.000000 0.000000 0.000000 0.000000 0.000000 0.000000 0.000000 0.000000 0.000000 0.000000 0.000000 0.000000 0.000000 0.000000 0.000000 0.000000 0.000000 0.000000 0.000000 0.000000 0.000000
0.000000 0.000000 0.350143 0.350144 0.350144 0.350144 0.350143 0.350144 0.350144 0.350144 0.350144 0.350143 0.350143 0.350143 0.350143 0.350143 0.350144 0.350144 0.350143 0.000000 0.000000
0.000000 0.000000 0.350004 0.350003 0.350003 0.350003 0.350003 0.350003 0.350003 0.350003 0.350004 0.350004 0.350004 0.350004 0.350003 0.350003 0.350001 0.350001 0.350003 0.000000 0.000000
0.000000 0.000000 0.350063 0.350060 0.350058 0.350053 0.350054 0.350051 0.350054 0.350053 0.350051 0.350053 0.350053 0.350053 0.350054 0.350057 0.350060 0.350062 0.350062 0.000000 0.000000
0.000000 0.000000 0.350772 0.350778 0.350773 0.350765 0.350760 0.350753 0.350751 0.350749 0.350750 0.350750 0.350751 0.350753 0.350763 0.350767 0.350767 0.350775 0.350780 0.000000 0.000000
0.000000 0.000000 0.352871 0.352872 0.352863 0.352849 0.352832 0.352812 0.352812 0.352807 0.352811 0.352812 0.352812 0.352811 0.352821 0.352831 0.352841 0.352847 0.352853 0.000000 0.000000
0.000000 0.000000 0.355965 0.355962 0.355952 0.355929 0.355901 0.355872 0.355874 0.355870 0.355871 0.355870 0.355866 0.355871 0.355895 0.355918 0.355932 0.355945 0.355954 0.000000 0.000000
0.000000 0.000000 0.359674 0.359673 0.359668 0.359645 0.359618 0.359586 0.359587 0.359583 0.359582 0.359579 0.359577 0.359583 0.359610 0.359634 0.359656 0.359660 0.359673 0.000000 0.000000
0.000000 0.000000 0.363608 0.363601 0.363588 0.363573 0.363545 0.363508 0.363511 0.363502 0.363500 0.363499 0.363500 0.363499 0.363534 0.363563 0.363580 0.363588 0.363599 0.000000 0.000000
0.000000 0.000000 0.367657 0.367650 0.367643 0.367629 0.367590 0.367558 0.367560 0.367555 0.367550 0.367552 0.367557 0.367554 0.367583 0.367616 0.367635 0.367640 0.367648 0.000000 0.000000
0.000000 0.000000 0.371919 0.371914 0.371907 0.371876 0.371851 0.371813 0.371822 0.371802 0.371804 0.371804 0.371797 0.371809 0.371834 0.371855 0.371878 0.371890 0.371908 0.000000 0.000000
0.000000 0.000000 0.376518 0.376505 0.376491 0.376470 0.376442 0.376397 0.376397 0.376389 0.376399 0.376385 0.376388 0.376392 0.376436 0.376459 0.376474 0.376483 0.376526 0.000000 0.000000
0.000000 0.000000 0.381359 0.381346 0.381339 0.381313 0.381289 0.381185 0.381184 0.381176 0.381152 0.381163 0.381169 0.381179 0.381258 0.381281 0.381319 0.381323 0.381350 0.000000 0.000000
0.000000 0.000000 0.386807 0.386801 0.386781 0.386762 0.386647 0.386635 0.386612 0.386610 0.386610 0.386607 0.386605 0.386601 0.386604 0.386724 0.386750 0.386781 0.386812 0.000000 0.000000
0.000000 0.000000 0.393019 0.393009 0.392981 0.392848 0.392831 0.392764 0.392726 0.392718 0.392696 0.392678 0.392693 0.392688 0.392749 0.392778 0.392957 0.392937 0.392951 0.000000 0.000000
0.000000 0.000000 0.399762 0.399752 0.399565 0.399574 0.399564 0.399526 0.399582 0.399557 0.399585 0.399565 0.399540 0.399585 0.399606 0.399618 0.399542 0.399791 0.399792 0.000000 0.000000
0.000000 0.000000 0.407912 0.407632 0.407613 0.407525 0.407384 0.407337 0.407290 0.407297 0.407227 0.407227 0.407262 0.407235 0.407304 0.407409 0.407596 0.407549 0.407838 0.000000 0.000000
0.000000 0.000000 0.412672 0.412826 0.413086 0.413050 0.413005 0.412754 0.412767 0.412703 0.412781 0.412760 0.412761 0.412783 0.413005 0.413037 0.413128 0.412885 0.412744 0.000000 0.000000
0.000000 0.000000 0.350000 0.350000 0.350000 0.350000 0.350000 0.350000 0.350000 0.350000 0.350000 0.350000 0.350000 0.350000 0.350000 0.350000 0.350000 0.350000 0.350000 0.000000 0.000000
0.000000 0.000000 0.000000 0.000000 0.000000 0.000000 0.000000 0.000000 0.000000 0.000000 0.000000 0.000000 0.000000 0.000000 0.000000 0.000000 0.000000 0.000000 0.000000 0.000000 0.000000