geotop/1.0zi/1.0Montebello/Templates/testdem/maps/_Eocclay1489.asc
ncols         21
nrows         20
xllcorner     100.000000
yllcorner     100.000000
cellsize      50.000000
NODATA_value  -9999.0
0.000000 0.000000 0.000000 0.000000 0.000000 0.000000 0.000000 0.000000 0.000000 0.000000 0.000000 0.000000 0.000000 0.000000 0.000000 0.000000 0.000000 0.000000 0.000000 0.000000 0.000000
0.000000 0.000000 0.349925 0.349925 0.349925 0.349925 0.349925 0.349925 0.349925 0.349925 0.349925 0.349925 0.349925 0.349925 0.349925 0.349925 0.349925 0.349925 0.349925 0.000000 0.000000
0.000000 0.000000 0.349994 0.349994 0.349994 0.349994 0.349994 0.349994 0.349994 0.349994 0.349994 0.349994 0.349994 0.349994 0.349994 0.349994 0.349994 0.349994 0.349994 0.000000 0.000000
0.000000 0.000000 0.350579 0.350579 0.350576 0.350577 0.350579 0.350578 0.350578 0.350579 0.350579 0.350579 0.350578 0.350578 0.350579 0.350577 0.350576 0.350579 0.350579 0.000000 0.000000
0.000000 0.000000 0.352811 0.352810 0.352808 0.352808 0.352812 0.352811 0.352811 0.352812 0.352812 0.352812 0.352811 0.352811 0.352812 0.352808 0.352808 0.352810 0.352811 0.000000 0.000000
0.000000 0.000000 0.355306 0.355306 0.355304 0.355304 0.355307 0.355306 0.355306 0.355307 0.355307 0.355307 0.355306 0.355306 0.355307 0.355304 0.355304 0.355306 0.355306 0.000000 0.000000
0.000000 0.000000 0.357677 0.357677 0.357675 0.357675 0.357678 0.357677 0.357677 0.357678 0.357678 0.357678 0.357677 0.357677 0.357678 0.357675 0.357675 0.357677 0.357677 0.000000 0.000000
0.000000 0.000000 0.359860 0.359860 0.359858 0.359858 0.359860 0.359860 0.359860 0.359860 0.359860 0.359860 0.359860 0.359860 0.359860 0.359858 0.359858 0.359860 0.359860 0.000000 0.000000
0.000000 0.000000 0.361905 0.361905 0.361903 0.361904 0.361905 0.361905 0.361905 0.361905 0.361905 0.361905 0.361905 0.361905 0.361905 0.361904 0.361903 0.361905 0.361905 0.000000 0.000000
0.000000 0.000000 0.363864 0.363864 0.363862 0.363863 0.363864 0.363864 0.363864 0.363864 0.363864 0.363864 0.363864 0.363864 0.363864 0.363863 0.363862 0.363864 0.363864 0.000000 0.000000
0.000000 0.000000 0.365757 0.365756 0.365755 0.365755 0.365757 0.365756 0.365756 0.365757 0.365757 0.365757 0.365756 0.365756 0.365757 0.365755 0.365755 0.365756 0.365757 0.000000 0.000000
0.000000 0.000000 0.367602 0.367601 0.367600 0.367600 0.367602 0.367601 0.367601 0.367602 0.367602 0.367602 0.367601 0.367601 0.367602 0.367600 0.367600 0.367601 0.367602 0.000000 0.000000
0.000000 0.000000 0.369414 0.369414 0.369412 0.369413 0.369414 0.369414 0.369414 0.369414 0.369414 0.369414 0.369414 0.369414 0.369414 0.369413 0.369412 0.369414 0.369414 0.000000 0.000000
0.000000 0.000000 0.371193 0.371193 0.371191 0.371192 0.371193 0.371193 0.371193 0.371193 0.371193 0.371193 0.371193 0.371193 0.371193 0.371192 0.371191 0.371193 0.371193 0.000000 0.000000
0.000000 0.000000 0.372945 0.372945 0.372943 0.372944 0.372945 0.372945 0.372945 0.372945 0.372945 0.372945 0.372945 0.372945 0.372945 0.372944 0.372943 0.372945 0.372945 0.000000 0.000000
0.000000 0.000000 0.374679 0.374679 0.374677 0.374678 0.374679 0.374679 0.374679 0.374679 0.374679 0.374679 0.374679 0.374679 0.374679 0.374678 0.374677 0.374679 0.374679 0.000000 0.000000
0.000000 0.000000 0.376396 0.376396 0.376395 0.376395 0.376396 0.376396 0.376396 0.376396 0.376396 0.376396 0.376396 0.376396 0.376396 0.376395 0.376395 0.376396 0.376396 0.000000 0.000000
0.000000 0.000000 0.378136 0.378136 0.378134 0.378135 0.378136 0.378136 0.378136 0.378136 0.378136 0.378136 0.378136 0.378136 0.378136 0.378135 0.378134 0.378136 0.378136 0.000000 0.000000
0.000000 0.000000 0.350000 0.350000 0.350000 0.350000 0.350000 0.350000 0.350000 0.350000 0.350000 0.350000 0.350000 0.350000 0.350000 0.350000 0.350000 0.350000 0.350000 0.000000 0.000000
0.000000 0.000000 0.000000 0.000000 0.000000 0.000000 0.000000 0.000000 0.000000 0.000000 0.000000 0.000000 0.000000 0.000000 0.000000 0.000000 0.000000 0.000000 0.000000 0.000000 0.000000