geotop/1.0zi/1.0Montebello/Templates/testdem/maps/_Eocsand0481.asc
ncols         21
nrows         20
xllcorner     100.000000
yllcorner     100.000000
cellsize      50.000000
NODATA_value  -9999.0
0.000000 0.000000 0.000000 0.000000 0.000000 0.000000 0.000000 0.000000 0.000000 0.000000 0.000000 0.000000 0.000000 0.000000 0.000000 0.000000 0.000000 0.000000 0.000000 0.000000 0.000000
0.000000 0.000000 0.300019 0.300019 0.300019 0.300019 0.300019 0.300019 0.300019 0.300019 0.300019 0.300019 0.300019 0.300019 0.300019 0.300019 0.300019 0.300019 0.300019 0.000000 0.000000
0.000000 0.000000 0.300005 0.300006 0.300006 0.300006 0.300005 0.300005 0.300005 0.300005 0.300005 0.300005 0.300005 0.300005 0.300005 0.300006 0.300006 0.300006 0.300005 0.000000 0.000000
0.000000 0.000000 0.299440 0.299440 0.299445 0.299440 0.299440 0.299440 0.299440 0.299440 0.299440 0.299440 0.299440 0.299440 0.299440 0.299440 0.299445 0.299440 0.299440 0.000000 0.000000
0.000000 0.000000 0.297733 0.297732 0.297737 0.297733 0.297732 0.297732 0.297732 0.297732 0.297732 0.297732 0.297732 0.297732 0.297732 0.297733 0.297737 0.297732 0.297733 0.000000 0.000000
0.000000 0.000000 0.296016 0.296016 0.296020 0.296016 0.296016 0.296016 0.296016 0.296016 0.296016 0.296016 0.296016 0.296016 0.296016 0.296016 0.296020 0.296016 0.296016 0.000000 0.000000
0.000000 0.000000 0.294442 0.294442 0.294446 0.294443 0.294442 0.294442 0.294442 0.294442 0.294442 0.294442 0.294442 0.294442 0.294442 0.294443 0.294446 0.294442 0.294442 0.000000 0.000000
0.000000 0.000000 0.292986 0.292986 0.292989 0.292986 0.292986 0.292986 0.292986 0.292986 0.292986 0.292986 0.292986 0.292986 0.292986 0.292986 0.292989 0.292986 0.292986 0.000000 0.000000
0.000000 0.000000 0.291611 0.291611 0.291614 0.291612 0.291611 0.291611 0.291611 0.291611 0.291611 0.291611 0.291611 0.291611 0.291611 0.291612 0.291614 0.291611 0.291611 0.000000 0.000000
0.000000 0.000000 0.290286 0.290286 0.290289 0.290286 0.290286 0.290286 0.290286 0.290286 0.290286 0.290286 0.290286 0.290286 0.290286 0.290286 0.290289 0.290286 0.290286 0.000000 0.000000
0.000000 0.000000 0.288997 0.288997 0.289000 0.288997 0.288997 0.288997 0.288997 0.288997 0.288997 0.288997 0.288997 0.288997 0.288997 0.288997 0.289000 0.288997 0.288997 0.000000 0.000000
0.000000 0.000000 0.287734 0.287734 0.287737 0.287734 0.287734 0.287734 0.287734 0.287734 0.287734 0.287734 0.287734 0.287734 0.287734 0.287734 0.287737 0.287734 0.287734 0.000000 0.000000
0.000000 0.000000 0.286495 0.286495 0.286498 0.286495 0.286495 0.286495 0.286495 0.286495 0.286495 0.286495 0.286495 0.286495 0.286495 0.286495 0.286498 0.286495 0.286495 0.000000 0.000000
0.000000 0.000000 0.285277 0.285277 0.285279 0.285277 0.285277 0.285277 0.285277 0.285277 0.285277 0.285277 0.285277 0.285277 0.285277 0.285277 0.285279 0.285277 0.285277 0.000000 0.000000
0.000000 0.000000 0.284072 0.284072 0.284074 0.284072 0.284071 0.284071 0.284071 0.284071 0.284071 0.284071 0.284071 0.284071 0.284071 0.284072 0.284074 0.284072 0.284072 0.000000 0.000000
0.000000 0.000000 0.282871 0.282871 0.282874 0.282871 0.282871 0.282871 0.282871 0.282871 0.282871 0.282871 0.282871 0.282871 0.282871 0.282871 0.282874 0.282871 0.282871 0.000000 0.000000
0.000000 0.000000 0.281686 0.281686 0.281688 0.281686 0.281686 0.281686 0.281685 0.281686 0.281686 0.281686 0.281685 0.281686 0.281686 0.281686 0.281688 0.281686 0.281686 0.000000 0.000000
0.000000 0.000000 0.280473 0.280473 0.280475 0.280473 0.280472 0.280472 0.280472 0.280472 0.280472 0.280472 0.280472 0.280472 0.280472 0.280473 0.280475 0.280473 0.280473 0.000000 0.000000
0.000000 0.000000 0.300000 0.300000 0.300000 0.300000 0.300000 0.300000 0.300000 0.300000 0.300000 0.300000 0.300000 0.300000 0.300000 0.300000 0.300000 0.300000 0.300000 0.000000 0.000000
0.000000 0.000000 0.000000 0.000000 0.000000 0.000000 0.000000 0.000000 0.000000 0.000000 0.000000 0.000000 0.000000 0.000000 0.000000 0.000000 0.000000 0.000000 0.000000 0.000000 0.000000