geotop/1.0zi/1.0Montebello/Templates/testdem/maps/_Eocsand4368.asc
ncols         21
nrows         20
xllcorner     100.000000
yllcorner     100.000000
cellsize      50.000000
NODATA_value  -9999.0
0.000000 0.000000 0.000000 0.000000 0.000000 0.000000 0.000000 0.000000 0.000000 0.000000 0.000000 0.000000 0.000000 0.000000 0.000000 0.000000 0.000000 0.000000 0.000000 0.000000 0.000000
0.000000 0.000000 0.300107 0.300107 0.300106 0.300106 0.300106 0.300106 0.300107 0.300106 0.300107 0.300107 0.300107 0.300107 0.300106 0.300106 0.300107 0.300107 0.300107 0.000000 0.000000
0.000000 0.000000 0.300005 0.300004 0.300004 0.300004 0.300004 0.300004 0.300004 0.300004 0.300004 0.300004 0.300004 0.300004 0.300004 0.300004 0.300006 0.300006 0.300005 0.000000 0.000000
0.000000 0.000000 0.299975 0.299973 0.299976 0.299979 0.299977 0.299979 0.299977 0.299978 0.299978 0.299979 0.299979 0.299981 0.299976 0.299973 0.299973 0.299972 0.299974 0.000000 0.000000
0.000000 0.000000 0.299285 0.299284 0.299289 0.299288 0.299295 0.299299 0.299300 0.299304 0.299306 0.299301 0.299304 0.299304 0.299300 0.299300 0.299300 0.299296 0.299290 0.000000 0.000000
0.000000 0.000000 0.296981 0.296980 0.296990 0.297004 0.297010 0.297031 0.297033 0.297042 0.297034 0.297032 0.297029 0.297035 0.297036 0.297025 0.297016 0.297011 0.297004 0.000000 0.000000
0.000000 0.000000 0.293467 0.293474 0.293485 0.293509 0.293533 0.293567 0.293565 0.293572 0.293566 0.293567 0.293571 0.293572 0.293550 0.293520 0.293508 0.293499 0.293488 0.000000 0.000000
0.000000 0.000000 0.289398 0.289404 0.289413 0.289440 0.289464 0.289497 0.289492 0.289498 0.289498 0.289498 0.289506 0.289512 0.289480 0.289451 0.289433 0.289428 0.289416 0.000000 0.000000
0.000000 0.000000 0.285291 0.285300 0.285315 0.285335 0.285359 0.285399 0.285394 0.285402 0.285402 0.285401 0.285407 0.285410 0.285381 0.285346 0.285333 0.285325 0.285310 0.000000 0.000000
0.000000 0.000000 0.281199 0.281209 0.281221 0.281243 0.281273 0.281307 0.281300 0.281306 0.281306 0.281305 0.281313 0.281320 0.281286 0.281252 0.281238 0.281232 0.281220 0.000000 0.000000
0.000000 0.000000 0.277054 0.277064 0.277077 0.277094 0.277115 0.277156 0.277150 0.277160 0.277160 0.277158 0.277167 0.277172 0.277144 0.277119 0.277101 0.277094 0.277079 0.000000 0.000000
0.000000 0.000000 0.272771 0.272781 0.272797 0.272823 0.272846 0.272886 0.272885 0.272891 0.272891 0.272893 0.272899 0.272905 0.272868 0.272837 0.272820 0.272814 0.272768 0.000000 0.000000
0.000000 0.000000 0.268435 0.268447 0.268463 0.268483 0.268512 0.268597 0.268594 0.268602 0.268604 0.268603 0.268612 0.268615 0.268543 0.268506 0.268490 0.268483 0.268453 0.000000 0.000000
0.000000 0.000000 0.263857 0.263874 0.263888 0.263909 0.263994 0.264017 0.264028 0.264035 0.264034 0.264035 0.264045 0.264049 0.264026 0.263938 0.263921 0.263903 0.263885 0.000000 0.000000
0.000000 0.000000 0.258928 0.258943 0.258975 0.259053 0.259093 0.259146 0.259172 0.259181 0.259194 0.259195 0.259196 0.259211 0.259172 0.259109 0.259013 0.259017 0.259002 0.000000 0.000000
0.000000 0.000000 0.253848 0.253864 0.253965 0.253985 0.254008 0.254034 0.254036 0.254039 0.254035 0.254037 0.254055 0.254043 0.254033 0.254006 0.254003 0.253902 0.253875 0.000000 0.000000
0.000000 0.000000 0.248216 0.248343 0.248433 0.248471 0.248531 0.248563 0.248569 0.248574 0.248589 0.248588 0.248593 0.248608 0.248587 0.248512 0.248465 0.248411 0.248287 0.000000 0.000000
0.000000 0.000000 0.243798 0.243833 0.243767 0.243816 0.243869 0.243990 0.244000 0.244012 0.244008 0.244010 0.244023 0.244021 0.243914 0.243848 0.243776 0.243880 0.243826 0.000000 0.000000
0.000000 0.000000 0.300000 0.300000 0.300000 0.300000 0.300000 0.300000 0.300000 0.300000 0.300000 0.300000 0.300000 0.300000 0.300000 0.300000 0.300000 0.300000 0.300000 0.000000 0.000000
0.000000 0.000000 0.000000 0.000000 0.000000 0.000000 0.000000 0.000000 0.000000 0.000000 0.000000 0.000000 0.000000 0.000000 0.000000 0.000000 0.000000 0.000000 0.000000 0.000000 0.000000