geotop/1.0zi/1.0Montebello/Templates/testdem/maps/_Eocclay6681.asc
ncols         21
nrows         20
xllcorner     100.000000
yllcorner     100.000000
cellsize      50.000000
NODATA_value  -9999.0
0.000000 0.000000 0.000000 0.000000 0.000000 0.000000 0.000000 0.000000 0.000000 0.000000 0.000000 0.000000 0.000000 0.000000 0.000000 0.000000 0.000000 0.000000 0.000000 0.000000 0.000000
0.000000 0.000000 0.349698 0.349699 0.349699 0.349698 0.349699 0.349699 0.349699 0.349699 0.349698 0.349699 0.349699 0.349699 0.349699 0.349699 0.349697 0.349697 0.349698 0.000000 0.000000
0.000000 0.000000 0.349988 0.349988 0.349988 0.349989 0.349987 0.349987 0.349987 0.349987 0.349987 0.349987 0.349987 0.349986 0.349987 0.349988 0.349989 0.349988 0.349986 0.000000 0.000000
0.000000 0.000000 0.349982 0.349986 0.349983 0.349983 0.349984 0.349985 0.349986 0.349983 0.349987 0.349985 0.349985 0.349985 0.349984 0.349986 0.349984 0.349986 0.349985 0.000000 0.000000
0.000000 0.000000 0.350603 0.350603 0.350601 0.350599 0.350585 0.350584 0.350583 0.350586 0.350583 0.350583 0.350579 0.350581 0.350587 0.350587 0.350593 0.350594 0.350601 0.000000 0.000000
0.000000 0.000000 0.352551 0.352550 0.352542 0.352517 0.352509 0.352489 0.352490 0.352485 0.352488 0.352488 0.352490 0.352490 0.352496 0.352512 0.352523 0.352535 0.352541 0.000000 0.000000
0.000000 0.000000 0.355425 0.355423 0.355417 0.355397 0.355373 0.355343 0.355343 0.355338 0.355339 0.355340 0.355341 0.355340 0.355364 0.355388 0.355401 0.355411 0.355419 0.000000 0.000000
0.000000 0.000000 0.358874 0.358874 0.358868 0.358844 0.358821 0.358789 0.358789 0.358785 0.358785 0.358783 0.358781 0.358787 0.358812 0.358833 0.358853 0.358860 0.358872 0.000000 0.000000
0.000000 0.000000 0.362446 0.362442 0.362432 0.362418 0.362393 0.362361 0.362363 0.362356 0.362353 0.362352 0.362353 0.362351 0.362381 0.362409 0.362424 0.362430 0.362440 0.000000 0.000000
0.000000 0.000000 0.366118 0.366112 0.366108 0.366094 0.366059 0.366030 0.366031 0.366027 0.366022 0.366025 0.366030 0.366026 0.366052 0.366082 0.366101 0.366105 0.366113 0.000000 0.000000
0.000000 0.000000 0.369988 0.369984 0.369979 0.369953 0.369929 0.369895 0.369903 0.369885 0.369886 0.369886 0.369881 0.369891 0.369911 0.369931 0.369953 0.369964 0.369981 0.000000 0.000000
0.000000 0.000000 0.374121 0.374112 0.374101 0.374080 0.374057 0.374017 0.374017 0.374008 0.374018 0.374005 0.374007 0.374010 0.374048 0.374068 0.374084 0.374092 0.374131 0.000000 0.000000
0.000000 0.000000 0.378444 0.378434 0.378429 0.378406 0.378385 0.378294 0.378293 0.378286 0.378265 0.378275 0.378282 0.378289 0.378356 0.378377 0.378412 0.378416 0.378442 0.000000 0.000000
0.000000 0.000000 0.383251 0.383247 0.383231 0.383214 0.383117 0.383102 0.383081 0.383080 0.383077 0.383076 0.383076 0.383072 0.383076 0.383179 0.383205 0.383231 0.383260 0.000000 0.000000
0.000000 0.000000 0.388668 0.388661 0.388639 0.388529 0.388507 0.388454 0.388418 0.388413 0.388394 0.388379 0.388392 0.388385 0.388432 0.388466 0.388616 0.388602 0.388616 0.000000 0.000000
0.000000 0.000000 0.394510 0.394503 0.394354 0.394346 0.394340 0.394309 0.394349 0.394329 0.394348 0.394330 0.394312 0.394346 0.394361 0.394373 0.394334 0.394529 0.394531 0.000000 0.000000
0.000000 0.000000 0.401461 0.401245 0.401210 0.401145 0.401038 0.400999 0.400969 0.400972 0.400920 0.400918 0.400943 0.400925 0.400977 0.401059 0.401194 0.401190 0.401411 0.000000 0.000000
0.000000 0.000000 0.405963 0.406041 0.406246 0.406205 0.406156 0.405961 0.405963 0.405916 0.405964 0.405948 0.405955 0.405966 0.406141 0.406180 0.406277 0.406078 0.406013 0.000000 0.000000
0.000000 0.000000 0.350000 0.350000 0.350000 0.350000 0.350000 0.350000 0.350000 0.350000 0.350000 0.350000 0.350000 0.350000 0.350000 0.350000 0.350000 0.350000 0.350000 0.000000 0.000000
0.000000 0.000000 0.000000 0.000000 0.000000 0.000000 0.000000 0.000000 0.000000 0.000000 0.000000 0.000000 0.000000 0.000000 0.000000 0.000000 0.000000 0.000000 0.000000 0.000000 0.000000