geotop/1.0zi/1.0Montebello/Templates/testdem/maps/_Eocclay2078.asc
ncols         21
nrows         20
xllcorner     100.000000
yllcorner     100.000000
cellsize      50.000000
NODATA_value  -9999.0
0.000000 0.000000 0.000000 0.000000 0.000000 0.000000 0.000000 0.000000 0.000000 0.000000 0.000000 0.000000 0.000000 0.000000 0.000000 0.000000 0.000000 0.000000 0.000000 0.000000 0.000000
0.000000 0.000000 0.349892 0.349892 0.349892 0.349892 0.349892 0.349892 0.349892 0.349892 0.349892 0.349892 0.349892 0.349892 0.349892 0.349892 0.349892 0.349892 0.349892 0.000000 0.000000
0.000000 0.000000 0.349993 0.349993 0.349992 0.349993 0.349993 0.349993 0.349993 0.349993 0.349993 0.349993 0.349993 0.349993 0.349993 0.349993 0.349992 0.349993 0.349993 0.000000 0.000000
0.000000 0.000000 0.350660 0.350660 0.350658 0.350659 0.350660 0.350660 0.350660 0.350660 0.350660 0.350660 0.350660 0.350660 0.350660 0.350659 0.350658 0.350660 0.350660 0.000000 0.000000
0.000000 0.000000 0.353571 0.353570 0.353569 0.353569 0.353572 0.353571 0.353571 0.353573 0.353573 0.353573 0.353571 0.353571 0.353572 0.353569 0.353569 0.353570 0.353571 0.000000 0.000000
0.000000 0.000000 0.356989 0.356988 0.356987 0.356987 0.356989 0.356989 0.356989 0.356990 0.356990 0.356990 0.356989 0.356989 0.356989 0.356987 0.356987 0.356988 0.356989 0.000000 0.000000
0.000000 0.000000 0.360230 0.360229 0.360228 0.360228 0.360230 0.360229 0.360230 0.360230 0.360230 0.360230 0.360230 0.360229 0.360230 0.360228 0.360228 0.360229 0.360230 0.000000 0.000000
0.000000 0.000000 0.363214 0.363213 0.363212 0.363212 0.363214 0.363213 0.363213 0.363214 0.363214 0.363214 0.363213 0.363213 0.363214 0.363212 0.363212 0.363213 0.363214 0.000000 0.000000
0.000000 0.000000 0.366005 0.366004 0.366003 0.366003 0.366005 0.366005 0.366005 0.366005 0.366005 0.366005 0.366005 0.366005 0.366005 0.366003 0.366003 0.366004 0.366005 0.000000 0.000000
0.000000 0.000000 0.368670 0.368670 0.368668 0.368669 0.368670 0.368670 0.368670 0.368670 0.368671 0.368670 0.368670 0.368670 0.368670 0.368669 0.368668 0.368670 0.368670 0.000000 0.000000
0.000000 0.000000 0.371239 0.371239 0.371237 0.371238 0.371239 0.371239 0.371239 0.371239 0.371240 0.371239 0.371239 0.371239 0.371239 0.371238 0.371237 0.371239 0.371239 0.000000 0.000000
0.000000 0.000000 0.373735 0.373735 0.373734 0.373734 0.373735 0.373735 0.373735 0.373736 0.373736 0.373736 0.373735 0.373735 0.373735 0.373734 0.373734 0.373735 0.373735 0.000000 0.000000
0.000000 0.000000 0.376175 0.376175 0.376174 0.376174 0.376176 0.376175 0.376175 0.376176 0.376176 0.376176 0.376175 0.376175 0.376176 0.376174 0.376174 0.376175 0.376175 0.000000 0.000000
0.000000 0.000000 0.378566 0.378566 0.378564 0.378565 0.378566 0.378566 0.378566 0.378566 0.378566 0.378566 0.378566 0.378566 0.378566 0.378565 0.378564 0.378566 0.378566 0.000000 0.000000
0.000000 0.000000 0.380917 0.380917 0.380915 0.380916 0.380917 0.380917 0.380917 0.380917 0.380917 0.380917 0.380917 0.380917 0.380917 0.380916 0.380915 0.380917 0.380917 0.000000 0.000000
0.000000 0.000000 0.383234 0.383233 0.383232 0.383232 0.383234 0.383233 0.383233 0.383234 0.383234 0.383234 0.383233 0.383233 0.383234 0.383232 0.383232 0.383233 0.383234 0.000000 0.000000
0.000000 0.000000 0.385515 0.385515 0.385514 0.385514 0.385515 0.385515 0.385515 0.385516 0.385516 0.385516 0.385515 0.385515 0.385515 0.385514 0.385514 0.385515 0.385515 0.000000 0.000000
0.000000 0.000000 0.387796 0.387796 0.387795 0.387795 0.387797 0.387796 0.387796 0.387797 0.387797 0.387797 0.387796 0.387796 0.387797 0.387795 0.387795 0.387796 0.387796 0.000000 0.000000
0.000000 0.000000 0.350000 0.350000 0.350000 0.350000 0.350000 0.350000 0.350000 0.350000 0.350000 0.350000 0.350000 0.350000 0.350000 0.350000 0.350000 0.350000 0.350000 0.000000 0.000000
0.000000 0.000000 0.000000 0.000000 0.000000 0.000000 0.000000 0.000000 0.000000 0.000000 0.000000 0.000000 0.000000 0.000000 0.000000 0.000000 0.000000 0.000000 0.000000 0.000000 0.000000