geotop/1.0zi/1.0Montebello/Templates/testdem/maps/_Eocclay7255.asc
ncols         21
nrows         20
xllcorner     100.000000
yllcorner     100.000000
cellsize      50.000000
NODATA_value  -9999.0
0.000000 0.000000 0.000000 0.000000 0.000000 0.000000 0.000000 0.000000 0.000000 0.000000 0.000000 0.000000 0.000000 0.000000 0.000000 0.000000 0.000000 0.000000 0.000000 0.000000 0.000000
0.000000 0.000000 0.349671 0.349673 0.349673 0.349672 0.349673 0.349673 0.349673 0.349673 0.349672 0.349673 0.349673 0.349673 0.349673 0.349673 0.349671 0.349671 0.349672 0.000000 0.000000
0.000000 0.000000 0.349986 0.349986 0.349987 0.349988 0.349986 0.349986 0.349986 0.349986 0.349986 0.349986 0.349986 0.349985 0.349987 0.349987 0.349988 0.349987 0.349985 0.000000 0.000000
0.000000 0.000000 0.349979 0.349984 0.349980 0.349981 0.349982 0.349982 0.349984 0.349980 0.349984 0.349982 0.349982 0.349981 0.349981 0.349983 0.349981 0.349984 0.349983 0.000000 0.000000
0.000000 0.000000 0.350773 0.350771 0.350767 0.350763 0.350749 0.350747 0.350746 0.350748 0.350746 0.350746 0.350742 0.350746 0.350753 0.350754 0.350760 0.350762 0.350769 0.000000 0.000000
0.000000 0.000000 0.353126 0.353125 0.353114 0.353089 0.353077 0.353055 0.353057 0.353051 0.353054 0.353054 0.353056 0.353057 0.353066 0.353083 0.353095 0.353109 0.353116 0.000000 0.000000
0.000000 0.000000 0.356418 0.356415 0.356407 0.356386 0.356359 0.356325 0.356324 0.356319 0.356321 0.356321 0.356321 0.356322 0.356350 0.356377 0.356390 0.356402 0.356411 0.000000 0.000000
0.000000 0.000000 0.360352 0.360350 0.360343 0.360317 0.360290 0.360253 0.360254 0.360249 0.360249 0.360247 0.360244 0.360252 0.360282 0.360305 0.360327 0.360335 0.360348 0.000000 0.000000
0.000000 0.000000 0.364456 0.364450 0.364438 0.364422 0.364394 0.364357 0.364360 0.364351 0.364349 0.364347 0.364347 0.364347 0.364383 0.364413 0.364430 0.364437 0.364448 0.000000 0.000000
0.000000 0.000000 0.368728 0.368719 0.368713 0.368699 0.368658 0.368624 0.368625 0.368620 0.368615 0.368618 0.368623 0.368621 0.368651 0.368685 0.368705 0.368712 0.368720 0.000000 0.000000
0.000000 0.000000 0.373290 0.373284 0.373276 0.373245 0.373218 0.373177 0.373187 0.373165 0.373168 0.373167 0.373160 0.373174 0.373200 0.373221 0.373246 0.373260 0.373279 0.000000 0.000000
0.000000 0.000000 0.378231 0.378218 0.378203 0.378181 0.378152 0.378103 0.378103 0.378095 0.378106 0.378089 0.378093 0.378097 0.378144 0.378168 0.378186 0.378195 0.378240 0.000000 0.000000
0.000000 0.000000 0.383470 0.383456 0.383449 0.383422 0.383395 0.383281 0.383281 0.383272 0.383245 0.383258 0.383265 0.383276 0.383362 0.383387 0.383429 0.383434 0.383461 0.000000 0.000000
0.000000 0.000000 0.389416 0.389410 0.389388 0.389368 0.389239 0.389229 0.389203 0.389201 0.389203 0.389198 0.389196 0.389192 0.389193 0.389328 0.389356 0.389392 0.389424 0.000000 0.000000
0.000000 0.000000 0.396250 0.396239 0.396209 0.396058 0.396043 0.395968 0.395926 0.395917 0.395892 0.395872 0.395889 0.395884 0.395954 0.395981 0.396184 0.396161 0.396175 0.000000 0.000000
0.000000 0.000000 0.403710 0.403698 0.403483 0.403502 0.403490 0.403450 0.403519 0.403491 0.403524 0.403502 0.403472 0.403524 0.403545 0.403558 0.403460 0.403751 0.403751 0.000000 0.000000
0.000000 0.000000 0.412848 0.412517 0.412511 0.412406 0.412239 0.412185 0.412125 0.412135 0.412050 0.412051 0.412096 0.412060 0.412141 0.412265 0.412494 0.412420 0.412761 0.000000 0.000000
0.000000 0.000000 0.417885 0.418094 0.418406 0.418371 0.418331 0.418034 0.418054 0.417978 0.418077 0.418052 0.418050 0.418079 0.418339 0.418368 0.418458 0.418175 0.417979 0.000000 0.000000
0.000000 0.000000 0.350000 0.350000 0.350000 0.350000 0.350000 0.350000 0.350000 0.350000 0.350000 0.350000 0.350000 0.350000 0.350000 0.350000 0.350000 0.350000 0.350000 0.000000 0.000000
0.000000 0.000000 0.000000 0.000000 0.000000 0.000000 0.000000 0.000000 0.000000 0.000000 0.000000 0.000000 0.000000 0.000000 0.000000 0.000000 0.000000 0.000000 0.000000 0.000000 0.000000