geotop/1.0zi/1.0Montebello/Templates/testdem/maps/_Eocsilt7407.asc
ncols         21
nrows         20
xllcorner     100.000000
yllcorner     100.000000
cellsize      50.000000
NODATA_value  -9999.0
0.000000 0.000000 0.000000 0.000000 0.000000 0.000000 0.000000 0.000000 0.000000 0.000000 0.000000 0.000000 0.000000 0.000000 0.000000 0.000000 0.000000 0.000000 0.000000 0.000000 0.000000
0.000000 0.000000 0.350151 0.350152 0.350152 0.350153 0.350152 0.350152 0.350152 0.350152 0.350153 0.350152 0.350152 0.350152 0.350152 0.350152 0.350153 0.350153 0.350152 0.000000 0.000000
0.000000 0.000000 0.350005 0.350004 0.350004 0.350004 0.350004 0.350004 0.350004 0.350004 0.350005 0.350005 0.350005 0.350005 0.350004 0.350004 0.350002 0.350002 0.350004 0.000000 0.000000
0.000000 0.000000 0.350100 0.350097 0.350095 0.350089 0.350091 0.350086 0.350089 0.350089 0.350086 0.350088 0.350088 0.350088 0.350090 0.350093 0.350097 0.350096 0.350097 0.000000 0.000000
0.000000 0.000000 0.350948 0.350954 0.350950 0.350940 0.350934 0.350927 0.350924 0.350923 0.350922 0.350923 0.350924 0.350925 0.350938 0.350943 0.350945 0.350955 0.350957 0.000000 0.000000
0.000000 0.000000 0.353290 0.353291 0.353282 0.353267 0.353249 0.353228 0.353227 0.353222 0.353225 0.353226 0.353227 0.353226 0.353237 0.353249 0.353261 0.353268 0.353273 0.000000 0.000000
0.000000 0.000000 0.356655 0.356652 0.356642 0.356617 0.356588 0.356557 0.356558 0.356554 0.356555 0.356553 0.356550 0.356555 0.356582 0.356607 0.356623 0.356637 0.356645 0.000000 0.000000
0.000000 0.000000 0.360667 0.360665 0.360660 0.360635 0.360606 0.360572 0.360572 0.360568 0.360567 0.360564 0.360562 0.360568 0.360598 0.360624 0.360649 0.360654 0.360666 0.000000 0.000000
0.000000 0.000000 0.364941 0.364933 0.364920 0.364904 0.364874 0.364835 0.364837 0.364828 0.364826 0.364824 0.364825 0.364824 0.364863 0.364894 0.364913 0.364923 0.364933 0.000000 0.000000
0.000000 0.000000 0.369376 0.369368 0.369361 0.369346 0.369304 0.369269 0.369270 0.369266 0.369260 0.369263 0.369267 0.369265 0.369297 0.369332 0.369354 0.369361 0.369368 0.000000 0.000000
0.000000 0.000000 0.374088 0.374083 0.374076 0.374041 0.374012 0.373974 0.373982 0.373961 0.373963 0.373962 0.373954 0.373968 0.373997 0.374019 0.374045 0.374060 0.374078 0.000000 0.000000
0.000000 0.000000 0.379226 0.379212 0.379197 0.379174 0.379143 0.379094 0.379092 0.379085 0.379096 0.379080 0.379084 0.379088 0.379138 0.379163 0.379182 0.379192 0.379237 0.000000 0.000000
0.000000 0.000000 0.384677 0.384664 0.384657 0.384627 0.384600 0.384482 0.384480 0.384472 0.384442 0.384456 0.384463 0.384475 0.384566 0.384591 0.384637 0.384642 0.384668 0.000000 0.000000
0.000000 0.000000 0.390898 0.390892 0.390869 0.390848 0.390710 0.390706 0.390677 0.390677 0.390680 0.390674 0.390671 0.390666 0.390664 0.390807 0.390837 0.390875 0.390906 0.000000 0.000000
0.000000 0.000000 0.398069 0.398057 0.398027 0.397862 0.397854 0.397773 0.397729 0.397721 0.397693 0.397670 0.397689 0.397684 0.397762 0.397782 0.398004 0.397977 0.397987 0.000000 0.000000
0.000000 0.000000 0.405896 0.405884 0.405651 0.405681 0.405667 0.405631 0.405706 0.405678 0.405715 0.405694 0.405660 0.405717 0.405737 0.405750 0.405629 0.405951 0.405947 0.000000 0.000000
0.000000 0.000000 0.415503 0.415141 0.415155 0.415035 0.414852 0.414797 0.414722 0.414738 0.414640 0.414643 0.414695 0.414651 0.414741 0.414876 0.415140 0.415032 0.415404 0.000000 0.000000
0.000000 0.000000 0.420422 0.420681 0.421018 0.420989 0.420960 0.420645 0.420672 0.420589 0.420705 0.420677 0.420670 0.420706 0.420982 0.421001 0.421078 0.420782 0.420535 0.000000 0.000000
0.000000 0.000000 0.350000 0.350000 0.350000 0.350000 0.350000 0.350000 0.350000 0.350000 0.350000 0.350000 0.350000 0.350000 0.350000 0.350000 0.350000 0.350000 0.350000 0.000000 0.000000
0.000000 0.000000 0.000000 0.000000 0.000000 0.000000 0.000000 0.000000 0.000000 0.000000 0.000000 0.000000 0.000000 0.000000 0.000000 0.000000 0.000000 0.000000 0.000000 0.000000 0.000000