geotop/1.0zi/1.0Montebello/Templates/testdem/maps/_Eocsilt0357.asc
ncols         21
nrows         20
xllcorner     100.000000
yllcorner     100.000000
cellsize      50.000000
NODATA_value  -9999.0
0.000000 0.000000 0.000000 0.000000 0.000000 0.000000 0.000000 0.000000 0.000000 0.000000 0.000000 0.000000 0.000000 0.000000 0.000000 0.000000 0.000000 0.000000 0.000000 0.000000 0.000000
0.000000 0.000000 0.350009 0.350009 0.350009 0.350009 0.350009 0.350009 0.350009 0.350009 0.350009 0.350009 0.350009 0.350009 0.350009 0.350009 0.350009 0.350009 0.350009 0.000000 0.000000
0.000000 0.000000 0.350001 0.350000 0.350000 0.350000 0.350001 0.350001 0.350001 0.350001 0.350001 0.350001 0.350001 0.350001 0.350001 0.350000 0.350000 0.350000 0.350001 0.000000 0.000000
0.000000 0.000000 0.350252 0.350252 0.350250 0.350252 0.350252 0.350252 0.350252 0.350252 0.350252 0.350252 0.350252 0.350252 0.350252 0.350252 0.350250 0.350252 0.350252 0.000000 0.000000
0.000000 0.000000 0.350936 0.350936 0.350933 0.350935 0.350936 0.350936 0.350936 0.350936 0.350936 0.350936 0.350936 0.350936 0.350936 0.350935 0.350933 0.350936 0.350936 0.000000 0.000000
0.000000 0.000000 0.351589 0.351589 0.351587 0.351589 0.351589 0.351589 0.351589 0.351589 0.351589 0.351589 0.351589 0.351589 0.351589 0.351589 0.351587 0.351589 0.351589 0.000000 0.000000
0.000000 0.000000 0.352173 0.352173 0.352172 0.352173 0.352173 0.352173 0.352173 0.352173 0.352173 0.352173 0.352173 0.352173 0.352173 0.352173 0.352172 0.352173 0.352173 0.000000 0.000000
0.000000 0.000000 0.352711 0.352711 0.352710 0.352711 0.352711 0.352711 0.352711 0.352711 0.352711 0.352711 0.352711 0.352711 0.352711 0.352711 0.352710 0.352711 0.352711 0.000000 0.000000
0.000000 0.000000 0.353218 0.353218 0.353217 0.353218 0.353218 0.353218 0.353218 0.353218 0.353218 0.353218 0.353218 0.353218 0.353218 0.353218 0.353217 0.353218 0.353218 0.000000 0.000000
0.000000 0.000000 0.353706 0.353706 0.353705 0.353706 0.353706 0.353706 0.353706 0.353706 0.353706 0.353706 0.353706 0.353706 0.353706 0.353706 0.353705 0.353706 0.353706 0.000000 0.000000
0.000000 0.000000 0.354180 0.354180 0.354179 0.354180 0.354180 0.354180 0.354180 0.354180 0.354180 0.354180 0.354180 0.354180 0.354180 0.354180 0.354179 0.354180 0.354180 0.000000 0.000000
0.000000 0.000000 0.354643 0.354643 0.354642 0.354643 0.354643 0.354643 0.354643 0.354643 0.354643 0.354643 0.354643 0.354643 0.354643 0.354643 0.354642 0.354643 0.354643 0.000000 0.000000
0.000000 0.000000 0.355097 0.355097 0.355096 0.355097 0.355097 0.355097 0.355097 0.355097 0.355097 0.355097 0.355097 0.355097 0.355097 0.355097 0.355096 0.355097 0.355097 0.000000 0.000000
0.000000 0.000000 0.355542 0.355542 0.355541 0.355542 0.355542 0.355542 0.355542 0.355542 0.355542 0.355542 0.355542 0.355542 0.355542 0.355542 0.355541 0.355542 0.355542 0.000000 0.000000
0.000000 0.000000 0.355981 0.355981 0.355980 0.355981 0.355981 0.355981 0.355981 0.355981 0.355981 0.355981 0.355981 0.355981 0.355981 0.355981 0.355980 0.355981 0.355981 0.000000 0.000000
0.000000 0.000000 0.356419 0.356419 0.356418 0.356419 0.356419 0.356419 0.356419 0.356419 0.356419 0.356419 0.356419 0.356419 0.356419 0.356419 0.356418 0.356419 0.356419 0.000000 0.000000
0.000000 0.000000 0.356852 0.356852 0.356850 0.356851 0.356852 0.356852 0.356852 0.356852 0.356852 0.356852 0.356852 0.356852 0.356852 0.356851 0.356850 0.356852 0.356852 0.000000 0.000000
0.000000 0.000000 0.357301 0.357302 0.357300 0.357302 0.357302 0.357302 0.357302 0.357302 0.357302 0.357302 0.357302 0.357302 0.357302 0.357302 0.357300 0.357302 0.357302 0.000000 0.000000
0.000000 0.000000 0.350000 0.350000 0.350000 0.350000 0.350000 0.350000 0.350000 0.350000 0.350000 0.350000 0.350000 0.350000 0.350000 0.350000 0.350000 0.350000 0.350000 0.000000 0.000000
0.000000 0.000000 0.000000 0.000000 0.000000 0.000000 0.000000 0.000000 0.000000 0.000000 0.000000 0.000000 0.000000 0.000000 0.000000 0.000000 0.000000 0.000000 0.000000 0.000000 0.000000