geotop/1.0zi/1.0Montebello/Templates/testdem/maps/_Eocsilt9718.asc
ncols         21
nrows         20
xllcorner     100.000000
yllcorner     100.000000
cellsize      50.000000
NODATA_value  -9999.0
0.000000 0.000000 0.000000 0.000000 0.000000 0.000000 0.000000 0.000000 0.000000 0.000000 0.000000 0.000000 0.000000 0.000000 0.000000 0.000000 0.000000 0.000000 0.000000 0.000000 0.000000
0.000000 0.000000 0.350207 0.350207 0.350207 0.350207 0.350206 0.350206 0.350207 0.350206 0.350207 0.350206 0.350206 0.350206 0.350206 0.350207 0.350207 0.350207 0.350207 0.000000 0.000000
0.000000 0.000000 0.350008 0.350008 0.350008 0.350007 0.350009 0.350008 0.350008 0.350008 0.350009 0.350008 0.350009 0.350009 0.350008 0.350007 0.350006 0.350006 0.350007 0.000000 0.000000
0.000000 0.000000 0.350150 0.350147 0.350141 0.350137 0.350137 0.350131 0.350135 0.350136 0.350133 0.350136 0.350137 0.350137 0.350139 0.350142 0.350148 0.350149 0.350150 0.000000 0.000000
0.000000 0.000000 0.351497 0.351502 0.351492 0.351472 0.351462 0.351455 0.351458 0.351456 0.351455 0.351458 0.351463 0.351461 0.351475 0.351484 0.351488 0.351494 0.351498 0.000000 0.000000
0.000000 0.000000 0.355154 0.355149 0.355134 0.355109 0.355076 0.355050 0.355048 0.355042 0.355043 0.355045 0.355049 0.355047 0.355064 0.355087 0.355099 0.355107 0.355114 0.000000 0.000000
0.000000 0.000000 0.360293 0.360282 0.360266 0.360229 0.360187 0.360134 0.360136 0.360132 0.360127 0.360126 0.360125 0.360129 0.360172 0.360204 0.360225 0.360241 0.360248 0.000000 0.000000
0.000000 0.000000 0.366384 0.366372 0.366357 0.366315 0.366269 0.366221 0.366222 0.366215 0.366210 0.366207 0.366206 0.366213 0.366254 0.366292 0.366325 0.366331 0.366345 0.000000 0.000000
0.000000 0.000000 0.373094 0.373075 0.373051 0.373017 0.372966 0.372906 0.372911 0.372899 0.372892 0.372890 0.372893 0.372890 0.372949 0.372993 0.373019 0.373031 0.373044 0.000000 0.000000
0.000000 0.000000 0.380475 0.380450 0.380430 0.380395 0.380339 0.380277 0.380278 0.380270 0.380257 0.380262 0.380270 0.380267 0.380314 0.380371 0.380400 0.380412 0.380418 0.000000 0.000000
0.000000 0.000000 0.388830 0.388809 0.388791 0.388711 0.388685 0.388602 0.388619 0.388579 0.388582 0.388576 0.388563 0.388585 0.388638 0.388673 0.388715 0.388730 0.388766 0.000000 0.000000
0.000000 0.000000 0.398560 0.398517 0.398468 0.398430 0.398386 0.398282 0.398280 0.398275 0.398286 0.398251 0.398269 0.398264 0.398357 0.398412 0.398434 0.398447 0.398520 0.000000 0.000000
0.000000 0.000000 0.409488 0.409448 0.409436 0.409360 0.409307 0.409035 0.409030 0.409013 0.408917 0.408975 0.408981 0.409005 0.409207 0.409254 0.409353 0.409358 0.409377 0.000000 0.000000
0.000000 0.000000 0.422943 0.422924 0.422838 0.422785 0.422409 0.422537 0.422456 0.422456 0.422504 0.422453 0.422444 0.422406 0.422286 0.422700 0.422716 0.422812 0.422871 0.000000 0.000000
0.000000 0.000000 0.438107 0.438064 0.437988 0.437511 0.437707 0.437410 0.437343 0.437311 0.437203 0.437166 0.437221 0.437224 0.437485 0.437296 0.437920 0.437774 0.437753 0.000000 0.000000
0.000000 0.000000 0.451481 0.451456 0.450955 0.451210 0.451121 0.451139 0.451357 0.451297 0.451413 0.451394 0.451300 0.451418 0.451351 0.451434 0.450878 0.451639 0.451628 0.000000 0.000000
0.000000 0.000000 0.462461 0.462133 0.462193 0.462067 0.461889 0.461834 0.461744 0.461764 0.461660 0.461672 0.461730 0.461672 0.461761 0.461894 0.462162 0.461989 0.462331 0.000000 0.000000
0.000000 0.000000 0.467726 0.467644 0.467828 0.467728 0.467623 0.467470 0.467427 0.467406 0.467397 0.467392 0.467423 0.467402 0.467554 0.467632 0.467826 0.467583 0.467671 0.000000 0.000000
0.000000 0.000000 0.350000 0.350000 0.350000 0.350000 0.350000 0.350000 0.350000 0.350000 0.350000 0.350000 0.350000 0.350000 0.350000 0.350000 0.350000 0.350000 0.350000 0.000000 0.000000
0.000000 0.000000 0.000000 0.000000 0.000000 0.000000 0.000000 0.000000 0.000000 0.000000 0.000000 0.000000 0.000000 0.000000 0.000000 0.000000 0.000000 0.000000 0.000000 0.000000 0.000000