geotop/1.0zi/1.0Montebello/Templates/testdem/maps/_Eocclay151#.asc
ncols         21
nrows         20
xllcorner     100.000000
yllcorner     100.000000
cellsize      50.000000
NODATA_value  -9999.0
0.000000 0.000000 0.000000 0.000000 0.000000 0.000000 0.000000 0.000000 0.000000 0.000000 0.000000 0.000000 0.000000 0.000000 0.000000 0.000000 0.000000 0.000000 0.000000 0.000000 0.000000
0.000000 0.000000 0.349451 0.349454 0.349454 0.349453 0.349455 0.349455 0.349454 0.349455 0.349453 0.349455 0.349455 0.349454 0.349454 0.349454 0.349452 0.349453 0.349453 0.000000 0.000000
0.000000 0.000000 0.349976 0.349974 0.349974 0.349976 0.349973 0.349973 0.349974 0.349973 0.349973 0.349974 0.349974 0.349973 0.349974 0.349975 0.349975 0.349975 0.349974 0.000000 0.000000
0.000000 0.000000 0.350125 0.350137 0.350131 0.350127 0.350132 0.350132 0.350132 0.350130 0.350130 0.350128 0.350128 0.350130 0.350130 0.350134 0.350134 0.350133 0.350132 0.000000 0.000000
0.000000 0.000000 0.352215 0.352201 0.352193 0.352179 0.352156 0.352150 0.352146 0.352147 0.352143 0.352149 0.352150 0.352149 0.352158 0.352165 0.352177 0.352187 0.352197 0.000000 0.000000
0.000000 0.000000 0.357397 0.357389 0.357361 0.357317 0.357279 0.357244 0.357246 0.357241 0.357235 0.357236 0.357243 0.357240 0.357257 0.357296 0.357314 0.357332 0.357337 0.000000 0.000000
0.000000 0.000000 0.364294 0.364279 0.364257 0.364211 0.364164 0.364089 0.364085 0.364078 0.364070 0.364072 0.364073 0.364072 0.364128 0.364172 0.364196 0.364217 0.364224 0.000000 0.000000
0.000000 0.000000 0.372683 0.372665 0.372639 0.372575 0.372521 0.372450 0.372442 0.372435 0.372425 0.372424 0.372420 0.372431 0.372480 0.372529 0.372571 0.372584 0.372600 0.000000 0.000000
0.000000 0.000000 0.382307 0.382282 0.382242 0.382191 0.382126 0.382040 0.382037 0.382023 0.382009 0.382006 0.382009 0.382003 0.382077 0.382139 0.382172 0.382190 0.382204 0.000000 0.000000
0.000000 0.000000 0.393607 0.393565 0.393527 0.393470 0.393392 0.393299 0.393285 0.393278 0.393254 0.393262 0.393277 0.393271 0.393329 0.393413 0.393457 0.393478 0.393483 0.000000 0.000000
0.000000 0.000000 0.407379 0.407338 0.407303 0.407161 0.407129 0.406991 0.407012 0.406945 0.406951 0.406939 0.406912 0.406951 0.407023 0.407075 0.407142 0.407169 0.407229 0.000000 0.000000
0.000000 0.000000 0.424423 0.424335 0.424230 0.424182 0.424107 0.423925 0.423892 0.423910 0.423917 0.423861 0.423893 0.423870 0.424021 0.424123 0.424150 0.424177 0.424291 0.000000 0.000000
0.000000 0.000000 0.443237 0.443164 0.443154 0.443007 0.442920 0.442425 0.442392 0.442360 0.442155 0.442302 0.442296 0.442344 0.442689 0.442758 0.442948 0.442971 0.442940 0.000000 0.000000
0.000000 0.000000 0.462405 0.462393 0.462245 0.462195 0.461675 0.461992 0.461869 0.461876 0.461995 0.461880 0.461867 0.461792 0.461527 0.462114 0.462084 0.462219 0.462291 0.000000 0.000000
0.000000 0.000000 0.475252 0.475220 0.475162 0.474853 0.474960 0.474777 0.474731 0.474710 0.474639 0.474617 0.474651 0.474650 0.474812 0.474701 0.475098 0.475012 0.474995 0.000000 0.000000
0.000000 0.000000 0.483533 0.483510 0.483327 0.483306 0.483307 0.483254 0.483308 0.483282 0.483297 0.483282 0.483261 0.483298 0.483326 0.483323 0.483273 0.483491 0.483481 0.000000 0.000000
0.000000 0.000000 0.490072 0.489922 0.489923 0.489799 0.489754 0.489686 0.489643 0.489646 0.489590 0.489588 0.489616 0.489595 0.489663 0.489690 0.489884 0.489806 0.489941 0.000000 0.000000
0.000000 0.000000 0.493317 0.493445 0.493466 0.493457 0.493488 0.493367 0.493411 0.493373 0.493430 0.493414 0.493394 0.493428 0.493516 0.493489 0.493452 0.493470 0.493330 0.000000 0.000000
0.000000 0.000000 0.350000 0.350000 0.350000 0.350000 0.350000 0.350000 0.350000 0.350000 0.350000 0.350000 0.350000 0.350000 0.350000 0.350000 0.350000 0.350000 0.350000 0.000000 0.000000
0.000000 0.000000 0.000000 0.000000 0.000000 0.000000 0.000000 0.000000 0.000000 0.000000 0.000000 0.000000 0.000000 0.000000 0.000000 0.000000 0.000000 0.000000 0.000000 0.000000 0.000000