geotop/1.0zi/1.0Montebello/Templates/testdem/maps/_Eocsand9425.asc
ncols         21
nrows         20
xllcorner     100.000000
yllcorner     100.000000
cellsize      50.000000
NODATA_value  -9999.0
0.000000 0.000000 0.000000 0.000000 0.000000 0.000000 0.000000 0.000000 0.000000 0.000000 0.000000 0.000000 0.000000 0.000000 0.000000 0.000000 0.000000 0.000000 0.000000 0.000000 0.000000
0.000000 0.000000 0.300238 0.300235 0.300235 0.300236 0.300235 0.300235 0.300235 0.300235 0.300236 0.300235 0.300235 0.300236 0.300235 0.300235 0.300236 0.300236 0.300235 0.000000 0.000000
0.000000 0.000000 0.300011 0.300013 0.300013 0.300011 0.300012 0.300013 0.300012 0.300012 0.300013 0.300013 0.300012 0.300012 0.300012 0.300012 0.300013 0.300013 0.300014 0.000000 0.000000
0.000000 0.000000 0.299813 0.299812 0.299819 0.299827 0.299826 0.299832 0.299824 0.299826 0.299826 0.299825 0.299823 0.299825 0.299820 0.299813 0.299811 0.299809 0.299809 0.000000 0.000000
0.000000 0.000000 0.297209 0.297210 0.297228 0.297255 0.297284 0.297291 0.297291 0.297292 0.297293 0.297286 0.297282 0.297281 0.297258 0.297247 0.297232 0.297223 0.297210 0.000000 0.000000
0.000000 0.000000 0.290047 0.290057 0.290096 0.290148 0.290208 0.290260 0.290258 0.290269 0.290264 0.290262 0.290252 0.290255 0.290225 0.290175 0.290150 0.290129 0.290115 0.000000 0.000000
0.000000 0.000000 0.280193 0.280212 0.280243 0.280307 0.280386 0.280495 0.280486 0.280494 0.280497 0.280495 0.280495 0.280488 0.280406 0.280342 0.280303 0.280275 0.280258 0.000000 0.000000
0.000000 0.000000 0.268511 0.268532 0.268560 0.268635 0.268717 0.268815 0.268809 0.268820 0.268824 0.268829 0.268832 0.268812 0.268736 0.268666 0.268602 0.268589 0.268559 0.000000 0.000000
0.000000 0.000000 0.255754 0.255784 0.255826 0.255881 0.255976 0.256091 0.256076 0.256098 0.256108 0.256111 0.256105 0.256107 0.255999 0.255916 0.255866 0.255846 0.255819 0.000000 0.000000
0.000000 0.000000 0.241794 0.241833 0.241865 0.241925 0.242053 0.242160 0.242152 0.242167 0.242186 0.242174 0.242158 0.242161 0.242074 0.241967 0.241908 0.241886 0.241871 0.000000 0.000000
0.000000 0.000000 0.226076 0.226103 0.226132 0.226271 0.226353 0.226495 0.226456 0.226530 0.226518 0.226527 0.226550 0.226503 0.226409 0.226342 0.226261 0.226226 0.226160 0.000000 0.000000
0.000000 0.000000 0.207929 0.207992 0.208075 0.208140 0.208262 0.208435 0.208430 0.208440 0.208409 0.208473 0.208439 0.208441 0.208271 0.208172 0.208128 0.208100 0.207961 0.000000 0.000000
0.000000 0.000000 0.187635 0.187690 0.187708 0.187864 0.187965 0.188463 0.188458 0.188482 0.188640 0.188543 0.188525 0.188475 0.188106 0.188015 0.187837 0.187823 0.187777 0.000000 0.000000
0.000000 0.000000 0.162686 0.162704 0.162847 0.162938 0.163637 0.163441 0.163571 0.163566 0.163480 0.163560 0.163571 0.163630 0.163814 0.163064 0.163022 0.162843 0.162731 0.000000 0.000000
0.000000 0.000000 0.133533 0.133618 0.133761 0.134666 0.134361 0.134898 0.135034 0.135085 0.135274 0.135350 0.135242 0.135236 0.134745 0.135024 0.133835 0.134099 0.134126 0.000000 0.000000
0.000000 0.000000 0.105194 0.105246 0.106369 0.105816 0.106006 0.105978 0.105479 0.105609 0.105345 0.105392 0.105599 0.105323 0.105450 0.105288 0.106500 0.104795 0.104819 0.000000 0.000000
0.000000 0.000000 0.077781 0.078864 0.078490 0.078989 0.079541 0.079724 0.080093 0.080006 0.080382 0.080336 0.080116 0.080343 0.080037 0.079628 0.078551 0.079392 0.078263 0.000000 0.000000
0.000000 0.000000 0.068673 0.068207 0.067544 0.067664 0.067749 0.068391 0.068345 0.068508 0.068284 0.068336 0.068340 0.068282 0.067733 0.067667 0.067474 0.068094 0.068550 0.000000 0.000000
0.000000 0.000000 0.300000 0.300000 0.300000 0.300000 0.300000 0.300000 0.300000 0.300000 0.300000 0.300000 0.300000 0.300000 0.300000 0.300000 0.300000 0.300000 0.300000 0.000000 0.000000
0.000000 0.000000 0.000000 0.000000 0.000000 0.000000 0.000000 0.000000 0.000000 0.000000 0.000000 0.000000 0.000000 0.000000 0.000000 0.000000 0.000000 0.000000 0.000000 0.000000 0.000000