geotop/1.0zi/1.0Montebello/Templates/testdem/maps/_Eocclay9755.asc
ncols         21
nrows         20
xllcorner     100.000000
yllcorner     100.000000
cellsize      50.000000
NODATA_value  -9999.0
0.000000 0.000000 0.000000 0.000000 0.000000 0.000000 0.000000 0.000000 0.000000 0.000000 0.000000 0.000000 0.000000 0.000000 0.000000 0.000000 0.000000 0.000000 0.000000 0.000000 0.000000
0.000000 0.000000 0.349552 0.349555 0.349554 0.349553 0.349555 0.349555 0.349555 0.349555 0.349554 0.349555 0.349555 0.349555 0.349555 0.349555 0.349553 0.349553 0.349554 0.000000 0.000000
0.000000 0.000000 0.349981 0.349979 0.349979 0.349981 0.349979 0.349979 0.349979 0.349979 0.349979 0.349979 0.349980 0.349979 0.349980 0.349981 0.349981 0.349980 0.349979 0.000000 0.000000
0.000000 0.000000 0.350040 0.350045 0.350042 0.350038 0.350039 0.350039 0.350043 0.350040 0.350043 0.350041 0.350042 0.350040 0.350043 0.350046 0.350045 0.350046 0.350043 0.000000 0.000000
0.000000 0.000000 0.351482 0.351476 0.351469 0.351457 0.351439 0.351437 0.351434 0.351435 0.351433 0.351437 0.351438 0.351439 0.351449 0.351454 0.351465 0.351468 0.351477 0.000000 0.000000
0.000000 0.000000 0.355427 0.355421 0.355398 0.355362 0.355331 0.355300 0.355305 0.355298 0.355298 0.355298 0.355305 0.355302 0.355319 0.355350 0.355365 0.355378 0.355384 0.000000 0.000000
0.000000 0.000000 0.360658 0.360647 0.360633 0.360597 0.360557 0.360499 0.360499 0.360493 0.360489 0.360490 0.360492 0.360491 0.360539 0.360574 0.360594 0.360607 0.360615 0.000000 0.000000
0.000000 0.000000 0.366901 0.366888 0.366871 0.366826 0.366780 0.366728 0.366729 0.366722 0.366717 0.366714 0.366712 0.366722 0.366765 0.366802 0.366835 0.366844 0.366858 0.000000 0.000000
0.000000 0.000000 0.373740 0.373722 0.373698 0.373663 0.373612 0.373551 0.373557 0.373545 0.373537 0.373535 0.373537 0.373535 0.373595 0.373640 0.373665 0.373675 0.373688 0.000000 0.000000
0.000000 0.000000 0.381321 0.381294 0.381275 0.381238 0.381181 0.381117 0.381118 0.381109 0.381096 0.381101 0.381110 0.381106 0.381155 0.381214 0.381244 0.381256 0.381262 0.000000 0.000000
0.000000 0.000000 0.389986 0.389964 0.389945 0.389862 0.389835 0.389748 0.389766 0.389724 0.389727 0.389721 0.389707 0.389731 0.389786 0.389822 0.389866 0.389881 0.389919 0.000000 0.000000
0.000000 0.000000 0.400123 0.400078 0.400027 0.399987 0.399941 0.399833 0.399831 0.399825 0.399838 0.399800 0.399818 0.399812 0.399910 0.399968 0.399991 0.400004 0.400080 0.000000 0.000000
0.000000 0.000000 0.411594 0.411551 0.411539 0.411459 0.411403 0.411115 0.411110 0.411091 0.410989 0.411051 0.411057 0.411082 0.411298 0.411347 0.411453 0.411458 0.411476 0.000000 0.000000
0.000000 0.000000 0.425879 0.425859 0.425766 0.425708 0.425302 0.425446 0.425358 0.425358 0.425411 0.425356 0.425346 0.425303 0.425172 0.425620 0.425636 0.425740 0.425802 0.000000 0.000000
0.000000 0.000000 0.442244 0.442194 0.442112 0.441581 0.441809 0.441477 0.441402 0.441367 0.441246 0.441207 0.441268 0.441270 0.441565 0.441346 0.442039 0.441875 0.441849 0.000000 0.000000
0.000000 0.000000 0.457049 0.457020 0.456430 0.456751 0.456641 0.456672 0.456935 0.456866 0.457007 0.456984 0.456871 0.457011 0.456923 0.457026 0.456341 0.457250 0.457237 0.000000 0.000000
0.000000 0.000000 0.470203 0.469712 0.469874 0.469653 0.469401 0.469318 0.469155 0.469193 0.469024 0.469045 0.469142 0.469040 0.469176 0.469365 0.469835 0.469468 0.469979 0.000000 0.000000
0.000000 0.000000 0.474942 0.475116 0.475416 0.475352 0.475303 0.475021 0.475031 0.474962 0.475049 0.475028 0.475031 0.475050 0.475295 0.475334 0.475438 0.475145 0.474974 0.000000 0.000000
0.000000 0.000000 0.350000 0.350000 0.350000 0.350000 0.350000 0.350000 0.350000 0.350000 0.350000 0.350000 0.350000 0.350000 0.350000 0.350000 0.350000 0.350000 0.350000 0.000000 0.000000
0.000000 0.000000 0.000000 0.000000 0.000000 0.000000 0.000000 0.000000 0.000000 0.000000 0.000000 0.000000 0.000000 0.000000 0.000000 0.000000 0.000000 0.000000 0.000000 0.000000 0.000000