geotop/1.0zi/1.0Montebello/Templates/testdem/maps/_Eocsilt8243.asc
ncols         21
nrows         20
xllcorner     100.000000
yllcorner     100.000000
cellsize      50.000000
NODATA_value  -9999.0
0.000000 0.000000 0.000000 0.000000 0.000000 0.000000 0.000000 0.000000 0.000000 0.000000 0.000000 0.000000 0.000000 0.000000 0.000000 0.000000 0.000000 0.000000 0.000000 0.000000 0.000000
0.000000 0.000000 0.350172 0.350172 0.350172 0.350173 0.350172 0.350172 0.350172 0.350172 0.350173 0.350172 0.350172 0.350172 0.350172 0.350172 0.350173 0.350173 0.350172 0.000000 0.000000
0.000000 0.000000 0.350005 0.350005 0.350005 0.350005 0.350006 0.350006 0.350006 0.350006 0.350006 0.350006 0.350006 0.350006 0.350006 0.350005 0.350004 0.350004 0.350005 0.000000 0.000000
0.000000 0.000000 0.350102 0.350099 0.350097 0.350091 0.350092 0.350087 0.350090 0.350090 0.350087 0.350089 0.350089 0.350089 0.350092 0.350095 0.350098 0.350098 0.350100 0.000000 0.000000
0.000000 0.000000 0.351046 0.351052 0.351047 0.351036 0.351029 0.351022 0.351018 0.351017 0.351016 0.351016 0.351017 0.351019 0.351033 0.351037 0.351041 0.351051 0.351053 0.000000 0.000000
0.000000 0.000000 0.353812 0.353813 0.353803 0.353787 0.353768 0.353745 0.353743 0.353738 0.353742 0.353742 0.353744 0.353743 0.353755 0.353769 0.353782 0.353790 0.353796 0.000000 0.000000
0.000000 0.000000 0.357764 0.357761 0.357749 0.357723 0.357690 0.357655 0.357655 0.357651 0.357652 0.357650 0.357647 0.357653 0.357683 0.357711 0.357729 0.357745 0.357752 0.000000 0.000000
0.000000 0.000000 0.362438 0.362436 0.362430 0.362402 0.362370 0.362331 0.362330 0.362326 0.362325 0.362322 0.362320 0.362327 0.362361 0.362390 0.362417 0.362423 0.362436 0.000000 0.000000
0.000000 0.000000 0.367473 0.367465 0.367450 0.367431 0.367397 0.367352 0.367353 0.367344 0.367342 0.367340 0.367342 0.367340 0.367384 0.367419 0.367441 0.367452 0.367463 0.000000 0.000000
0.000000 0.000000 0.372790 0.372782 0.372773 0.372755 0.372707 0.372666 0.372666 0.372662 0.372656 0.372659 0.372664 0.372662 0.372698 0.372739 0.372764 0.372772 0.372780 0.000000 0.000000
0.000000 0.000000 0.378552 0.378546 0.378537 0.378496 0.378463 0.378416 0.378425 0.378400 0.378404 0.378402 0.378393 0.378410 0.378443 0.378469 0.378501 0.378518 0.378540 0.000000 0.000000
0.000000 0.000000 0.384962 0.384945 0.384925 0.384900 0.384861 0.384801 0.384797 0.384791 0.384804 0.384784 0.384790 0.384794 0.384855 0.384887 0.384908 0.384921 0.384975 0.000000 0.000000
0.000000 0.000000 0.391897 0.391881 0.391874 0.391836 0.391802 0.391647 0.391644 0.391635 0.391594 0.391616 0.391624 0.391639 0.391757 0.391789 0.391848 0.391855 0.391881 0.000000 0.000000
0.000000 0.000000 0.400037 0.400032 0.400000 0.399974 0.399778 0.399795 0.399754 0.399755 0.399768 0.399755 0.399750 0.399741 0.399722 0.399925 0.399957 0.400011 0.400049 0.000000 0.000000
0.000000 0.000000 0.409625 0.409608 0.409569 0.409321 0.409344 0.409219 0.409164 0.409150 0.409109 0.409079 0.409106 0.409102 0.409222 0.409214 0.409542 0.409493 0.409499 0.000000 0.000000
0.000000 0.000000 0.420092 0.420077 0.419720 0.419820 0.419793 0.419760 0.419893 0.419852 0.419922 0.419898 0.419839 0.419928 0.419934 0.419955 0.419691 0.420208 0.420202 0.000000 0.000000
0.000000 0.000000 0.432919 0.432370 0.432488 0.432281 0.432006 0.431926 0.431772 0.431809 0.431644 0.431659 0.431753 0.431661 0.431799 0.432003 0.432471 0.432167 0.432742 0.000000 0.000000
0.000000 0.000000 0.437568 0.438069 0.438525 0.438528 0.438551 0.438112 0.438185 0.438056 0.438266 0.438224 0.438192 0.438263 0.438628 0.438611 0.438611 0.438257 0.437768 0.000000 0.000000
0.000000 0.000000 0.350000 0.350000 0.350000 0.350000 0.350000 0.350000 0.350000 0.350000 0.350000 0.350000 0.350000 0.350000 0.350000 0.350000 0.350000 0.350000 0.350000 0.000000 0.000000
0.000000 0.000000 0.000000 0.000000 0.000000 0.000000 0.000000 0.000000 0.000000 0.000000 0.000000 0.000000 0.000000 0.000000 0.000000 0.000000 0.000000 0.000000 0.000000 0.000000 0.000000