geotop/1.0zi/1.0Montebello/Templates/testdem/maps/_Eocsand9668.asc
ncols         21
nrows         20
xllcorner     100.000000
yllcorner     100.000000
cellsize      50.000000
NODATA_value  -9999.0
0.000000 0.000000 0.000000 0.000000 0.000000 0.000000 0.000000 0.000000 0.000000 0.000000 0.000000 0.000000 0.000000 0.000000 0.000000 0.000000 0.000000 0.000000 0.000000 0.000000 0.000000
0.000000 0.000000 0.300241 0.300238 0.300238 0.300239 0.300238 0.300238 0.300238 0.300238 0.300239 0.300238 0.300239 0.300239 0.300238 0.300238 0.300239 0.300239 0.300239 0.000000 0.000000
0.000000 0.000000 0.300011 0.300013 0.300013 0.300011 0.300012 0.300013 0.300012 0.300012 0.300012 0.300012 0.300011 0.300012 0.300012 0.300012 0.300013 0.300013 0.300014 0.000000 0.000000
0.000000 0.000000 0.299810 0.299808 0.299817 0.299825 0.299824 0.299830 0.299822 0.299824 0.299824 0.299823 0.299821 0.299823 0.299818 0.299811 0.299808 0.299805 0.299806 0.000000 0.000000
0.000000 0.000000 0.297015 0.297015 0.297032 0.297064 0.297092 0.297102 0.297102 0.297103 0.297106 0.297099 0.297093 0.297094 0.297070 0.297055 0.297041 0.297032 0.297019 0.000000 0.000000
0.000000 0.000000 0.289447 0.289458 0.289495 0.289556 0.289620 0.289677 0.289674 0.289686 0.289685 0.289685 0.289673 0.289677 0.289644 0.289590 0.289563 0.289542 0.289530 0.000000 0.000000
0.000000 0.000000 0.279114 0.279135 0.279165 0.279238 0.279320 0.279430 0.279428 0.279438 0.279446 0.279446 0.279446 0.279442 0.279352 0.279285 0.279245 0.279216 0.279201 0.000000 0.000000
0.000000 0.000000 0.266834 0.266860 0.266890 0.266978 0.267068 0.267169 0.267166 0.267180 0.267191 0.267196 0.267199 0.267181 0.267099 0.267024 0.266958 0.266944 0.266916 0.000000 0.000000
0.000000 0.000000 0.253359 0.253395 0.253443 0.253511 0.253613 0.253733 0.253722 0.253746 0.253762 0.253766 0.253759 0.253764 0.253647 0.253558 0.253507 0.253486 0.253461 0.000000 0.000000
0.000000 0.000000 0.238492 0.238543 0.238581 0.238653 0.238766 0.238891 0.238888 0.238905 0.238932 0.238921 0.238905 0.238910 0.238816 0.238701 0.238642 0.238619 0.238607 0.000000 0.000000
0.000000 0.000000 0.221597 0.221639 0.221676 0.221838 0.221891 0.222059 0.222024 0.222106 0.222100 0.222112 0.222138 0.222091 0.221987 0.221916 0.221831 0.221801 0.221728 0.000000 0.000000
0.000000 0.000000 0.201900 0.201987 0.202086 0.202163 0.202252 0.202463 0.202466 0.202477 0.202453 0.202526 0.202490 0.202500 0.202311 0.202201 0.202157 0.202130 0.201983 0.000000 0.000000
0.000000 0.000000 0.179713 0.179795 0.179818 0.179972 0.180080 0.180635 0.180645 0.180680 0.180876 0.180758 0.180745 0.180695 0.180284 0.180190 0.179987 0.179977 0.179940 0.000000 0.000000
0.000000 0.000000 0.152250 0.152288 0.152464 0.152574 0.153347 0.153080 0.153247 0.153247 0.153148 0.153252 0.153270 0.153349 0.153599 0.152748 0.152716 0.152517 0.152398 0.000000 0.000000
0.000000 0.000000 0.120955 0.121046 0.121204 0.122204 0.121786 0.122408 0.122550 0.122616 0.122843 0.122919 0.122803 0.122796 0.122250 0.122652 0.121347 0.121654 0.121700 0.000000 0.000000
0.000000 0.000000 0.092775 0.092829 0.093924 0.093345 0.093544 0.093494 0.093011 0.093140 0.092882 0.092924 0.093133 0.092871 0.093029 0.092845 0.094093 0.092415 0.092440 0.000000 0.000000
0.000000 0.000000 0.068393 0.069233 0.068993 0.069353 0.069793 0.069933 0.070198 0.070137 0.070419 0.070386 0.070224 0.070389 0.070160 0.069833 0.069064 0.069636 0.068760 0.000000 0.000000
0.000000 0.000000 0.058457 0.058335 0.057831 0.057992 0.058140 0.058590 0.058618 0.058713 0.058626 0.058653 0.058622 0.058619 0.058213 0.058100 0.057809 0.058359 0.058472 0.000000 0.000000
0.000000 0.000000 0.300000 0.300000 0.300000 0.300000 0.300000 0.300000 0.300000 0.300000 0.300000 0.300000 0.300000 0.300000 0.300000 0.300000 0.300000 0.300000 0.300000 0.000000 0.000000
0.000000 0.000000 0.000000 0.000000 0.000000 0.000000 0.000000 0.000000 0.000000 0.000000 0.000000 0.000000 0.000000 0.000000 0.000000 0.000000 0.000000 0.000000 0.000000 0.000000 0.000000