geotop/1.0zi/1.0Montebello/Templates/testdem/maps/_Eocclay028_.asc
ncols         21
nrows         20
xllcorner     100.000000
yllcorner     100.000000
cellsize      50.000000
NODATA_value  -9999.0
0.000000 0.000000 0.000000 0.000000 0.000000 0.000000 0.000000 0.000000 0.000000 0.000000 0.000000 0.000000 0.000000 0.000000 0.000000 0.000000 0.000000 0.000000 0.000000 0.000000 0.000000
0.000000 0.000000 0.349520 0.349523 0.349522 0.349521 0.349523 0.349523 0.349523 0.349523 0.349522 0.349523 0.349523 0.349523 0.349523 0.349523 0.349521 0.349521 0.349522 0.000000 0.000000
0.000000 0.000000 0.349981 0.349979 0.349979 0.349982 0.349979 0.349979 0.349979 0.349979 0.349979 0.349979 0.349979 0.349979 0.349980 0.349980 0.349981 0.349980 0.349979 0.000000 0.000000
0.000000 0.000000 0.350075 0.350083 0.350079 0.350074 0.350075 0.350075 0.350080 0.350077 0.350080 0.350078 0.350078 0.350077 0.350080 0.350083 0.350081 0.350081 0.350079 0.000000 0.000000
0.000000 0.000000 0.351722 0.351716 0.351708 0.351695 0.351675 0.351671 0.351669 0.351672 0.351669 0.351674 0.351675 0.351675 0.351684 0.351690 0.351703 0.351710 0.351718 0.000000 0.000000
0.000000 0.000000 0.356041 0.356039 0.356014 0.355971 0.355938 0.355905 0.355911 0.355907 0.355904 0.355904 0.355911 0.355909 0.355925 0.355958 0.355976 0.355991 0.355996 0.000000 0.000000
0.000000 0.000000 0.361821 0.361813 0.361796 0.361754 0.361711 0.361648 0.361650 0.361646 0.361639 0.361641 0.361642 0.361642 0.361692 0.361729 0.361752 0.361768 0.361776 0.000000 0.000000
0.000000 0.000000 0.368720 0.368710 0.368691 0.368638 0.368589 0.368532 0.368534 0.368529 0.368522 0.368519 0.368517 0.368527 0.368572 0.368612 0.368650 0.368661 0.368676 0.000000 0.000000
0.000000 0.000000 0.376383 0.376368 0.376340 0.376298 0.376242 0.376175 0.376183 0.376172 0.376161 0.376159 0.376162 0.376159 0.376222 0.376272 0.376302 0.376315 0.376328 0.000000 0.000000
0.000000 0.000000 0.385024 0.385000 0.384977 0.384931 0.384867 0.384795 0.384797 0.384791 0.384774 0.384781 0.384790 0.384786 0.384837 0.384903 0.384939 0.384956 0.384961 0.000000 0.000000
0.000000 0.000000 0.395095 0.395077 0.395053 0.394951 0.394921 0.394822 0.394845 0.394800 0.394801 0.394793 0.394777 0.394804 0.394864 0.394905 0.394958 0.394978 0.395021 0.000000 0.000000
0.000000 0.000000 0.407120 0.407075 0.407010 0.406963 0.406907 0.406780 0.406777 0.406781 0.406791 0.406746 0.406770 0.406759 0.406872 0.406942 0.406970 0.406990 0.407076 0.000000 0.000000
0.000000 0.000000 0.420866 0.420828 0.420817 0.420712 0.420643 0.420287 0.420284 0.420266 0.420130 0.420216 0.420221 0.420253 0.420512 0.420568 0.420706 0.420716 0.420724 0.000000 0.000000
0.000000 0.000000 0.437836 0.437831 0.437708 0.437644 0.437138 0.437367 0.437263 0.437272 0.437358 0.437273 0.437263 0.437200 0.436997 0.437552 0.437557 0.437691 0.437764 0.000000 0.000000
0.000000 0.000000 0.455246 0.455204 0.455132 0.454564 0.454865 0.454480 0.454419 0.454386 0.454240 0.454213 0.454275 0.454289 0.454623 0.454328 0.455070 0.454886 0.454848 0.000000 0.000000
0.000000 0.000000 0.468126 0.468108 0.467651 0.467881 0.467795 0.467811 0.468013 0.467963 0.468066 0.468050 0.467964 0.468070 0.468007 0.468087 0.467579 0.468275 0.468263 0.000000 0.000000
0.000000 0.000000 0.478111 0.477833 0.477836 0.477749 0.477591 0.477554 0.477500 0.477513 0.477437 0.477445 0.477484 0.477446 0.477503 0.477625 0.477799 0.477726 0.478010 0.000000 0.000000
0.000000 0.000000 0.482898 0.482958 0.483081 0.483066 0.483015 0.482865 0.482880 0.482843 0.482886 0.482875 0.482874 0.482887 0.483029 0.483054 0.483085 0.482973 0.482916 0.000000 0.000000
0.000000 0.000000 0.350000 0.350000 0.350000 0.350000 0.350000 0.350000 0.350000 0.350000 0.350000 0.350000 0.350000 0.350000 0.350000 0.350000 0.350000 0.350000 0.350000 0.000000 0.000000
0.000000 0.000000 0.000000 0.000000 0.000000 0.000000 0.000000 0.000000 0.000000 0.000000 0.000000 0.000000 0.000000 0.000000 0.000000 0.000000 0.000000 0.000000 0.000000 0.000000 0.000000