geotop/1.0zi/1.0Montebello/Templates/testdem/maps/_Eocsilt9671.asc
ncols         21
nrows         20
xllcorner     100.000000
yllcorner     100.000000
cellsize      50.000000
NODATA_value  -9999.0
0.000000 0.000000 0.000000 0.000000 0.000000 0.000000 0.000000 0.000000 0.000000 0.000000 0.000000 0.000000 0.000000 0.000000 0.000000 0.000000 0.000000 0.000000 0.000000 0.000000 0.000000
0.000000 0.000000 0.350207 0.350207 0.350207 0.350207 0.350206 0.350206 0.350206 0.350206 0.350206 0.350206 0.350206 0.350206 0.350206 0.350206 0.350207 0.350207 0.350207 0.000000 0.000000
0.000000 0.000000 0.350008 0.350008 0.350008 0.350007 0.350009 0.350008 0.350008 0.350008 0.350009 0.350008 0.350009 0.350009 0.350008 0.350007 0.350006 0.350006 0.350007 0.000000 0.000000
0.000000 0.000000 0.350150 0.350147 0.350141 0.350137 0.350137 0.350131 0.350135 0.350136 0.350133 0.350137 0.350138 0.350137 0.350139 0.350143 0.350148 0.350149 0.350150 0.000000 0.000000
0.000000 0.000000 0.351494 0.351499 0.351490 0.351469 0.351460 0.351452 0.351456 0.351453 0.351452 0.351455 0.351460 0.351458 0.351472 0.351482 0.351486 0.351492 0.351495 0.000000 0.000000
0.000000 0.000000 0.355150 0.355145 0.355130 0.355105 0.355072 0.355046 0.355044 0.355039 0.355040 0.355041 0.355046 0.355043 0.355060 0.355083 0.355095 0.355103 0.355110 0.000000 0.000000
0.000000 0.000000 0.360278 0.360267 0.360251 0.360214 0.360172 0.360120 0.360122 0.360117 0.360113 0.360112 0.360110 0.360115 0.360158 0.360190 0.360210 0.360226 0.360233 0.000000 0.000000
0.000000 0.000000 0.366356 0.366343 0.366329 0.366287 0.366241 0.366193 0.366194 0.366187 0.366182 0.366179 0.366178 0.366186 0.366226 0.366264 0.366297 0.366302 0.366317 0.000000 0.000000
0.000000 0.000000 0.373048 0.373029 0.373005 0.372971 0.372920 0.372860 0.372865 0.372853 0.372846 0.372844 0.372847 0.372845 0.372903 0.372947 0.372973 0.372984 0.372997 0.000000 0.000000
0.000000 0.000000 0.380404 0.380380 0.380360 0.380325 0.380269 0.380207 0.380209 0.380200 0.380187 0.380192 0.380200 0.380197 0.380244 0.380301 0.380330 0.380342 0.380348 0.000000 0.000000
0.000000 0.000000 0.388728 0.388708 0.388690 0.388610 0.388583 0.388501 0.388519 0.388478 0.388481 0.388475 0.388462 0.388485 0.388537 0.388572 0.388613 0.388628 0.388664 0.000000 0.000000
0.000000 0.000000 0.398416 0.398373 0.398324 0.398286 0.398243 0.398139 0.398137 0.398132 0.398144 0.398108 0.398126 0.398121 0.398214 0.398268 0.398290 0.398303 0.398375 0.000000 0.000000
0.000000 0.000000 0.409291 0.409251 0.409239 0.409164 0.409111 0.408841 0.408835 0.408818 0.408723 0.408780 0.408786 0.408811 0.409011 0.409057 0.409156 0.409162 0.409180 0.000000 0.000000
0.000000 0.000000 0.422678 0.422659 0.422574 0.422520 0.422146 0.422274 0.422194 0.422193 0.422241 0.422191 0.422182 0.422144 0.422024 0.422435 0.422451 0.422547 0.422605 0.000000 0.000000
0.000000 0.000000 0.437786 0.437743 0.437668 0.437192 0.437387 0.437091 0.437024 0.436993 0.436885 0.436848 0.436903 0.436906 0.437165 0.436977 0.437598 0.437454 0.437432 0.000000 0.000000
0.000000 0.000000 0.451163 0.451138 0.450636 0.450893 0.450803 0.450822 0.451041 0.450981 0.451098 0.451078 0.450983 0.451103 0.451034 0.451117 0.450558 0.451322 0.451311 0.000000 0.000000
0.000000 0.000000 0.462213 0.461879 0.461944 0.461814 0.461634 0.461578 0.461484 0.461505 0.461399 0.461411 0.461470 0.461411 0.461501 0.461636 0.461913 0.461730 0.462079 0.000000 0.000000
0.000000 0.000000 0.467458 0.467384 0.467574 0.467475 0.467372 0.467215 0.467173 0.467151 0.467144 0.467139 0.467169 0.467149 0.467304 0.467381 0.467572 0.467326 0.467405 0.000000 0.000000
0.000000 0.000000 0.350000 0.350000 0.350000 0.350000 0.350000 0.350000 0.350000 0.350000 0.350000 0.350000 0.350000 0.350000 0.350000 0.350000 0.350000 0.350000 0.350000 0.000000 0.000000
0.000000 0.000000 0.000000 0.000000 0.000000 0.000000 0.000000 0.000000 0.000000 0.000000 0.000000 0.000000 0.000000 0.000000 0.000000 0.000000 0.000000 0.000000 0.000000 0.000000 0.000000