geotop/1.0zi/1.0Montebello/Templates/testdem/maps/_Eocsilt6005.asc
ncols         21
nrows         20
xllcorner     100.000000
yllcorner     100.000000
cellsize      50.000000
NODATA_value  -9999.0
0.000000 0.000000 0.000000 0.000000 0.000000 0.000000 0.000000 0.000000 0.000000 0.000000 0.000000 0.000000 0.000000 0.000000 0.000000 0.000000 0.000000 0.000000 0.000000 0.000000 0.000000
0.000000 0.000000 0.350119 0.350119 0.350119 0.350119 0.350119 0.350119 0.350119 0.350119 0.350119 0.350119 0.350119 0.350119 0.350119 0.350119 0.350119 0.350119 0.350118 0.000000 0.000000
0.000000 0.000000 0.350002 0.350002 0.350002 0.350003 0.350003 0.350003 0.350003 0.350003 0.350003 0.350003 0.350004 0.350003 0.350003 0.350002 0.350001 0.350001 0.350002 0.000000 0.000000
0.000000 0.000000 0.350047 0.350046 0.350045 0.350040 0.350041 0.350039 0.350041 0.350041 0.350040 0.350039 0.350040 0.350040 0.350042 0.350045 0.350046 0.350048 0.350047 0.000000 0.000000
0.000000 0.000000 0.350550 0.350553 0.350552 0.350549 0.350545 0.350540 0.350539 0.350537 0.350535 0.350536 0.350538 0.350539 0.350545 0.350547 0.350546 0.350555 0.350559 0.000000 0.000000
0.000000 0.000000 0.352132 0.352135 0.352129 0.352114 0.352104 0.352086 0.352084 0.352080 0.352084 0.352087 0.352087 0.352084 0.352091 0.352098 0.352108 0.352112 0.352118 0.000000 0.000000
0.000000 0.000000 0.354529 0.354526 0.354520 0.354501 0.354479 0.354456 0.354457 0.354454 0.354457 0.354457 0.354454 0.354457 0.354475 0.354494 0.354502 0.354512 0.354519 0.000000 0.000000
0.000000 0.000000 0.357442 0.357442 0.357441 0.357423 0.357401 0.357375 0.357375 0.357372 0.357372 0.357372 0.357370 0.357373 0.357394 0.357415 0.357431 0.357433 0.357443 0.000000 0.000000
0.000000 0.000000 0.360504 0.360499 0.360491 0.360479 0.360458 0.360427 0.360428 0.360423 0.360421 0.360422 0.360422 0.360420 0.360448 0.360470 0.360485 0.360490 0.360499 0.000000 0.000000
0.000000 0.000000 0.363586 0.363581 0.363577 0.363569 0.363539 0.363513 0.363515 0.363512 0.363508 0.363512 0.363515 0.363512 0.363533 0.363558 0.363573 0.363575 0.363581 0.000000 0.000000
0.000000 0.000000 0.366762 0.366759 0.366757 0.366735 0.366715 0.366686 0.366692 0.366678 0.366678 0.366679 0.366676 0.366683 0.366701 0.366717 0.366733 0.366743 0.366756 0.000000 0.000000
0.000000 0.000000 0.370112 0.370104 0.370095 0.370080 0.370062 0.370026 0.370028 0.370020 0.370028 0.370020 0.370022 0.370025 0.370056 0.370072 0.370083 0.370088 0.370121 0.000000 0.000000
0.000000 0.000000 0.373561 0.373555 0.373551 0.373533 0.373517 0.373445 0.373444 0.373438 0.373423 0.373431 0.373437 0.373442 0.373495 0.373509 0.373535 0.373538 0.373561 0.000000 0.000000
0.000000 0.000000 0.377326 0.377322 0.377311 0.377300 0.377229 0.377212 0.377196 0.377195 0.377190 0.377192 0.377193 0.377190 0.377198 0.377270 0.377291 0.377309 0.377333 0.000000 0.000000
0.000000 0.000000 0.381492 0.381486 0.381469 0.381394 0.381373 0.381330 0.381303 0.381299 0.381285 0.381276 0.381285 0.381280 0.381312 0.381345 0.381451 0.381442 0.381456 0.000000 0.000000
0.000000 0.000000 0.385921 0.385916 0.385816 0.385801 0.385796 0.385770 0.385791 0.385779 0.385788 0.385778 0.385766 0.385786 0.385802 0.385812 0.385799 0.385928 0.385931 0.000000 0.000000
0.000000 0.000000 0.391029 0.390892 0.390850 0.390811 0.390745 0.390713 0.390700 0.390699 0.390669 0.390666 0.390679 0.390673 0.390710 0.390759 0.390839 0.390860 0.391000 0.000000 0.000000
0.000000 0.000000 0.394670 0.394686 0.394810 0.394779 0.394732 0.394606 0.394604 0.394575 0.394597 0.394589 0.394597 0.394600 0.394715 0.394750 0.394829 0.394701 0.394693 0.000000 0.000000
0.000000 0.000000 0.350000 0.350000 0.350000 0.350000 0.350000 0.350000 0.350000 0.350000 0.350000 0.350000 0.350000 0.350000 0.350000 0.350000 0.350000 0.350000 0.350000 0.000000 0.000000
0.000000 0.000000 0.000000 0.000000 0.000000 0.000000 0.000000 0.000000 0.000000 0.000000 0.000000 0.000000 0.000000 0.000000 0.000000 0.000000 0.000000 0.000000 0.000000 0.000000 0.000000