geotop/1.0zi/1.0Montebello/Templates/testdem/maps/_Eocsilt4404.asc
ncols         21
nrows         20
xllcorner     100.000000
yllcorner     100.000000
cellsize      50.000000
NODATA_value  -9999.0
0.000000 0.000000 0.000000 0.000000 0.000000 0.000000 0.000000 0.000000 0.000000 0.000000 0.000000 0.000000 0.000000 0.000000 0.000000 0.000000 0.000000 0.000000 0.000000 0.000000 0.000000
0.000000 0.000000 0.350089 0.350089 0.350089 0.350089 0.350089 0.350089 0.350089 0.350089 0.350089 0.350089 0.350089 0.350089 0.350089 0.350089 0.350090 0.350089 0.350089 0.000000 0.000000
0.000000 0.000000 0.350002 0.350002 0.350002 0.350003 0.350003 0.350003 0.350003 0.350003 0.350003 0.350003 0.350003 0.350003 0.350003 0.350002 0.350001 0.350001 0.350002 0.000000 0.000000
0.000000 0.000000 0.350032 0.350031 0.350031 0.350026 0.350027 0.350025 0.350027 0.350027 0.350027 0.350027 0.350027 0.350026 0.350028 0.350030 0.350031 0.350032 0.350031 0.000000 0.000000
0.000000 0.000000 0.350380 0.350381 0.350378 0.350380 0.350378 0.350376 0.350374 0.350371 0.350370 0.350373 0.350373 0.350374 0.350375 0.350374 0.350373 0.350378 0.350381 0.000000 0.000000
0.000000 0.000000 0.351485 0.351487 0.351484 0.351478 0.351475 0.351464 0.351462 0.351457 0.351461 0.351463 0.351465 0.351461 0.351463 0.351468 0.351472 0.351472 0.351475 0.000000 0.000000
0.000000 0.000000 0.353221 0.353220 0.353217 0.353207 0.353193 0.353178 0.353180 0.353178 0.353181 0.353179 0.353176 0.353177 0.353187 0.353200 0.353205 0.353210 0.353215 0.000000 0.000000
0.000000 0.000000 0.355260 0.355257 0.355256 0.355247 0.355235 0.355220 0.355222 0.355219 0.355219 0.355219 0.355215 0.355212 0.355227 0.355242 0.355252 0.355253 0.355258 0.000000 0.000000
0.000000 0.000000 0.357342 0.357338 0.357333 0.357326 0.357315 0.357295 0.357297 0.357293 0.357293 0.357294 0.357291 0.357290 0.357305 0.357321 0.357328 0.357332 0.357340 0.000000 0.000000
0.000000 0.000000 0.359410 0.359406 0.359404 0.359397 0.359383 0.359367 0.359370 0.359367 0.359367 0.359367 0.359363 0.359360 0.359377 0.359393 0.359400 0.359402 0.359408 0.000000 0.000000
0.000000 0.000000 0.361493 0.361490 0.361488 0.361483 0.361473 0.361453 0.361456 0.361451 0.361451 0.361452 0.361448 0.361446 0.361459 0.361471 0.361480 0.361483 0.361490 0.000000 0.000000
0.000000 0.000000 0.363646 0.363642 0.363639 0.363630 0.363619 0.363599 0.363600 0.363597 0.363597 0.363596 0.363594 0.363590 0.363609 0.363624 0.363632 0.363635 0.363657 0.000000 0.000000
0.000000 0.000000 0.365826 0.365822 0.365819 0.365813 0.365799 0.365757 0.365759 0.365755 0.365754 0.365754 0.365750 0.365748 0.365784 0.365802 0.365809 0.365813 0.365826 0.000000 0.000000
0.000000 0.000000 0.368130 0.368122 0.368120 0.368114 0.368073 0.368063 0.368057 0.368053 0.368054 0.368054 0.368049 0.368046 0.368057 0.368100 0.368108 0.368117 0.368125 0.000000 0.000000
0.000000 0.000000 0.370609 0.370603 0.370592 0.370558 0.370539 0.370513 0.370501 0.370496 0.370489 0.370489 0.370488 0.370481 0.370500 0.370530 0.370578 0.370575 0.370582 0.000000 0.000000
0.000000 0.000000 0.373165 0.373159 0.373113 0.373109 0.373099 0.373087 0.373086 0.373085 0.373087 0.373086 0.373077 0.373082 0.373087 0.373100 0.373100 0.373151 0.373163 0.000000 0.000000
0.000000 0.000000 0.376001 0.375939 0.375900 0.375887 0.375858 0.375842 0.375840 0.375837 0.375830 0.375830 0.375828 0.375820 0.375830 0.375867 0.375890 0.375915 0.375977 0.000000 0.000000
0.000000 0.000000 0.378224 0.378209 0.378249 0.378230 0.378205 0.378145 0.378140 0.378134 0.378136 0.378135 0.378129 0.378130 0.378183 0.378215 0.378250 0.378197 0.378222 0.000000 0.000000
0.000000 0.000000 0.350000 0.350000 0.350000 0.350000 0.350000 0.350000 0.350000 0.350000 0.350000 0.350000 0.350000 0.350000 0.350000 0.350000 0.350000 0.350000 0.350000 0.000000 0.000000
0.000000 0.000000 0.000000 0.000000 0.000000 0.000000 0.000000 0.000000 0.000000 0.000000 0.000000 0.000000 0.000000 0.000000 0.000000 0.000000 0.000000 0.000000 0.000000 0.000000 0.000000