geotop/1.0zi/1.0Montebello/Templates/testdem/maps/_Eocsilt6323.asc
ncols         21
nrows         20
xllcorner     100.000000
yllcorner     100.000000
cellsize      50.000000
NODATA_value  -9999.0
0.000000 0.000000 0.000000 0.000000 0.000000 0.000000 0.000000 0.000000 0.000000 0.000000 0.000000 0.000000 0.000000 0.000000 0.000000 0.000000 0.000000 0.000000 0.000000 0.000000 0.000000
0.000000 0.000000 0.350126 0.350127 0.350127 0.350127 0.350127 0.350127 0.350127 0.350127 0.350127 0.350127 0.350127 0.350127 0.350127 0.350127 0.350128 0.350127 0.350127 0.000000 0.000000
0.000000 0.000000 0.350002 0.350002 0.350002 0.350002 0.350003 0.350002 0.350003 0.350003 0.350003 0.350003 0.350003 0.350003 0.350003 0.350002 0.350001 0.350001 0.350002 0.000000 0.000000
0.000000 0.000000 0.350053 0.350050 0.350050 0.350044 0.350045 0.350043 0.350045 0.350046 0.350044 0.350044 0.350044 0.350044 0.350047 0.350050 0.350051 0.350052 0.350053 0.000000 0.000000
0.000000 0.000000 0.350619 0.350625 0.350621 0.350616 0.350612 0.350607 0.350606 0.350603 0.350602 0.350603 0.350605 0.350606 0.350611 0.350615 0.350615 0.350624 0.350628 0.000000 0.000000
0.000000 0.000000 0.352330 0.352333 0.352326 0.352311 0.352299 0.352281 0.352280 0.352275 0.352279 0.352282 0.352282 0.352280 0.352286 0.352294 0.352304 0.352308 0.352314 0.000000 0.000000
0.000000 0.000000 0.354902 0.354900 0.354892 0.354872 0.354848 0.354823 0.354824 0.354821 0.354823 0.354823 0.354819 0.354824 0.354844 0.354864 0.354875 0.354886 0.354894 0.000000 0.000000
0.000000 0.000000 0.358041 0.358042 0.358039 0.358019 0.357996 0.357967 0.357968 0.357965 0.357964 0.357963 0.357962 0.357965 0.357989 0.358011 0.358029 0.358032 0.358043 0.000000 0.000000
0.000000 0.000000 0.361347 0.361342 0.361332 0.361319 0.361296 0.361264 0.361265 0.361259 0.361257 0.361257 0.361258 0.361256 0.361287 0.361310 0.361327 0.361333 0.361343 0.000000 0.000000
0.000000 0.000000 0.364701 0.364696 0.364691 0.364681 0.364649 0.364621 0.364622 0.364618 0.364614 0.364618 0.364622 0.364618 0.364643 0.364670 0.364687 0.364690 0.364697 0.000000 0.000000
0.000000 0.000000 0.368174 0.368171 0.368168 0.368143 0.368122 0.368091 0.368097 0.368082 0.368082 0.368084 0.368079 0.368088 0.368108 0.368125 0.368144 0.368154 0.368169 0.000000 0.000000
0.000000 0.000000 0.371861 0.371855 0.371843 0.371826 0.371805 0.371767 0.371768 0.371760 0.371768 0.371759 0.371761 0.371764 0.371800 0.371817 0.371830 0.371836 0.371873 0.000000 0.000000
0.000000 0.000000 0.375683 0.375674 0.375669 0.375649 0.375631 0.375551 0.375550 0.375543 0.375526 0.375535 0.375541 0.375547 0.375607 0.375624 0.375654 0.375657 0.375682 0.000000 0.000000
0.000000 0.000000 0.379883 0.379878 0.379865 0.379850 0.379769 0.379753 0.379734 0.379734 0.379729 0.379731 0.379730 0.379727 0.379736 0.379820 0.379844 0.379865 0.379891 0.000000 0.000000
0.000000 0.000000 0.384567 0.384563 0.384543 0.384454 0.384431 0.384383 0.384353 0.384348 0.384332 0.384320 0.384332 0.384327 0.384366 0.384399 0.384523 0.384512 0.384528 0.000000 0.000000
0.000000 0.000000 0.389581 0.389576 0.389455 0.389443 0.389437 0.389408 0.389436 0.389421 0.389434 0.389421 0.389406 0.389433 0.389452 0.389461 0.389439 0.389593 0.389596 0.000000 0.000000
0.000000 0.000000 0.395441 0.395274 0.395233 0.395183 0.395101 0.395067 0.395047 0.395048 0.395008 0.395007 0.395025 0.395014 0.395058 0.395120 0.395221 0.395233 0.395407 0.000000 0.000000
0.000000 0.000000 0.399446 0.399486 0.399641 0.399606 0.399559 0.399404 0.399403 0.399367 0.399398 0.399388 0.399396 0.399403 0.399545 0.399580 0.399667 0.399510 0.399481 0.000000 0.000000
0.000000 0.000000 0.350000 0.350000 0.350000 0.350000 0.350000 0.350000 0.350000 0.350000 0.350000 0.350000 0.350000 0.350000 0.350000 0.350000 0.350000 0.350000 0.350000 0.000000 0.000000
0.000000 0.000000 0.000000 0.000000 0.000000 0.000000 0.000000 0.000000 0.000000 0.000000 0.000000 0.000000 0.000000 0.000000 0.000000 0.000000 0.000000 0.000000 0.000000 0.000000 0.000000