geotop/1.0zi/1.0Montebello/Templates/testdem/maps/_Eocsand7780.asc
ncols         21
nrows         20
xllcorner     100.000000
yllcorner     100.000000
cellsize      50.000000
NODATA_value  -9999.0
0.000000 0.000000 0.000000 0.000000 0.000000 0.000000 0.000000 0.000000 0.000000 0.000000 0.000000 0.000000 0.000000 0.000000 0.000000 0.000000 0.000000 0.000000 0.000000 0.000000 0.000000
0.000000 0.000000 0.300199 0.300196 0.300197 0.300197 0.300196 0.300196 0.300196 0.300196 0.300197 0.300196 0.300196 0.300196 0.300196 0.300196 0.300198 0.300197 0.300197 0.000000 0.000000
0.000000 0.000000 0.300010 0.300012 0.300011 0.300010 0.300011 0.300011 0.300011 0.300011 0.300011 0.300011 0.300010 0.300011 0.300011 0.300011 0.300012 0.300012 0.300013 0.000000 0.000000
0.000000 0.000000 0.299894 0.299893 0.299898 0.299906 0.299901 0.299909 0.299904 0.299906 0.299906 0.299906 0.299906 0.299908 0.299903 0.299898 0.299896 0.299893 0.299893 0.000000 0.000000
0.000000 0.000000 0.298037 0.298035 0.298043 0.298059 0.298080 0.298090 0.298096 0.298095 0.298098 0.298097 0.298100 0.298094 0.298071 0.298065 0.298054 0.298043 0.298034 0.000000 0.000000
0.000000 0.000000 0.292814 0.292816 0.292838 0.292882 0.292915 0.292961 0.292960 0.292974 0.292966 0.292967 0.292963 0.292962 0.292939 0.292908 0.292881 0.292858 0.292847 0.000000 0.000000
0.000000 0.000000 0.285469 0.285477 0.285496 0.285546 0.285608 0.285678 0.285678 0.285688 0.285686 0.285687 0.285690 0.285684 0.285622 0.285568 0.285535 0.285507 0.285492 0.000000 0.000000
0.000000 0.000000 0.276750 0.276755 0.276769 0.276826 0.276885 0.276962 0.276963 0.276972 0.276973 0.276979 0.276983 0.276968 0.276902 0.276849 0.276799 0.276783 0.276759 0.000000 0.000000
0.000000 0.000000 0.267480 0.267497 0.267525 0.267562 0.267624 0.267707 0.267703 0.267722 0.267727 0.267731 0.267728 0.267730 0.267648 0.267583 0.267543 0.267523 0.267503 0.000000 0.000000
0.000000 0.000000 0.257749 0.257769 0.257783 0.257819 0.257909 0.257984 0.257983 0.257994 0.258005 0.257999 0.257988 0.257993 0.257924 0.257848 0.257802 0.257786 0.257772 0.000000 0.000000
0.000000 0.000000 0.247268 0.247281 0.247298 0.247375 0.247437 0.247524 0.247506 0.247554 0.247548 0.247550 0.247566 0.247535 0.247473 0.247426 0.247368 0.247335 0.247296 0.000000 0.000000
0.000000 0.000000 0.235734 0.235767 0.235802 0.235853 0.235922 0.236031 0.236037 0.236052 0.236027 0.236064 0.236054 0.236046 0.235934 0.235878 0.235838 0.235815 0.235717 0.000000 0.000000
0.000000 0.000000 0.223366 0.223398 0.223413 0.223483 0.223543 0.223817 0.223821 0.223838 0.223908 0.223873 0.223857 0.223831 0.223622 0.223565 0.223462 0.223449 0.223397 0.000000 0.000000
0.000000 0.000000 0.209046 0.209058 0.209114 0.209165 0.209496 0.209487 0.209556 0.209557 0.209543 0.209560 0.209568 0.209581 0.209599 0.209255 0.209193 0.209102 0.209033 0.000000 0.000000
0.000000 0.000000 0.192326 0.192358 0.192428 0.192839 0.192829 0.193032 0.193132 0.193155 0.193223 0.193274 0.193229 0.193239 0.193042 0.193025 0.192483 0.192556 0.192539 0.000000 0.000000
0.000000 0.000000 0.173970 0.174001 0.174587 0.174470 0.174508 0.174580 0.174374 0.174447 0.174341 0.174389 0.174480 0.174334 0.174304 0.174274 0.174643 0.173816 0.173827 0.000000 0.000000
0.000000 0.000000 0.151157 0.152089 0.151972 0.152303 0.152769 0.152905 0.153127 0.153079 0.153341 0.153323 0.153179 0.153312 0.153082 0.152739 0.152011 0.152403 0.151443 0.000000 0.000000
0.000000 0.000000 0.141165 0.140375 0.139535 0.139566 0.139575 0.140367 0.140266 0.140489 0.140151 0.140224 0.140262 0.140152 0.139476 0.139472 0.139386 0.140083 0.140852 0.000000 0.000000
0.000000 0.000000 0.300000 0.300000 0.300000 0.300000 0.300000 0.300000 0.300000 0.300000 0.300000 0.300000 0.300000 0.300000 0.300000 0.300000 0.300000 0.300000 0.300000 0.000000 0.000000
0.000000 0.000000 0.000000 0.000000 0.000000 0.000000 0.000000 0.000000 0.000000 0.000000 0.000000 0.000000 0.000000 0.000000 0.000000 0.000000 0.000000 0.000000 0.000000 0.000000 0.000000