geotop/1.0zi/1.0Montebello/Templates/testdem/maps/_Eocsand7181.asc
ncols         21
nrows         20
xllcorner     100.000000
yllcorner     100.000000
cellsize      50.000000
NODATA_value  -9999.0
0.000000 0.000000 0.000000 0.000000 0.000000 0.000000 0.000000 0.000000 0.000000 0.000000 0.000000 0.000000 0.000000 0.000000 0.000000 0.000000 0.000000 0.000000 0.000000 0.000000 0.000000
0.000000 0.000000 0.300179 0.300177 0.300177 0.300178 0.300177 0.300177 0.300177 0.300177 0.300178 0.300177 0.300177 0.300177 0.300177 0.300177 0.300178 0.300178 0.300178 0.000000 0.000000
0.000000 0.000000 0.300010 0.300011 0.300010 0.300009 0.300010 0.300011 0.300010 0.300010 0.300010 0.300011 0.300009 0.300010 0.300010 0.300010 0.300011 0.300011 0.300012 0.000000 0.000000
0.000000 0.000000 0.299959 0.299957 0.299962 0.299967 0.299965 0.299969 0.299964 0.299968 0.299966 0.299966 0.299966 0.299967 0.299965 0.299960 0.299959 0.299956 0.299956 0.000000 0.000000
0.000000 0.000000 0.298454 0.298450 0.298459 0.298470 0.298490 0.298498 0.298501 0.298501 0.298503 0.298502 0.298505 0.298500 0.298482 0.298477 0.298472 0.298462 0.298450 0.000000 0.000000
0.000000 0.000000 0.294007 0.294007 0.294027 0.294066 0.294095 0.294137 0.294135 0.294147 0.294139 0.294139 0.294136 0.294136 0.294118 0.294090 0.294068 0.294048 0.294035 0.000000 0.000000
0.000000 0.000000 0.287626 0.287633 0.287651 0.287694 0.287750 0.287813 0.287811 0.287821 0.287818 0.287819 0.287822 0.287816 0.287764 0.287714 0.287687 0.287662 0.287646 0.000000 0.000000
0.000000 0.000000 0.279999 0.280002 0.280015 0.280064 0.280118 0.280186 0.280185 0.280193 0.280194 0.280199 0.280203 0.280190 0.280133 0.280086 0.280042 0.280030 0.280005 0.000000 0.000000
0.000000 0.000000 0.271980 0.271993 0.272019 0.272049 0.272106 0.272179 0.272174 0.272191 0.272195 0.272199 0.272197 0.272199 0.272128 0.272069 0.272035 0.272019 0.271998 0.000000 0.000000
0.000000 0.000000 0.263683 0.263699 0.263712 0.263740 0.263821 0.263886 0.263883 0.263893 0.263903 0.263898 0.263888 0.263893 0.263834 0.263767 0.263728 0.263717 0.263700 0.000000 0.000000
0.000000 0.000000 0.254887 0.254898 0.254913 0.254974 0.255028 0.255105 0.255087 0.255129 0.255124 0.255125 0.255140 0.255113 0.255062 0.255020 0.254972 0.254946 0.254909 0.000000 0.000000
0.000000 0.000000 0.245381 0.245407 0.245436 0.245478 0.245536 0.245629 0.245630 0.245646 0.245624 0.245655 0.245649 0.245640 0.245549 0.245503 0.245470 0.245452 0.245364 0.000000 0.000000
0.000000 0.000000 0.235342 0.235368 0.235382 0.235435 0.235486 0.235703 0.235704 0.235721 0.235772 0.235748 0.235735 0.235714 0.235550 0.235502 0.235423 0.235414 0.235359 0.000000 0.000000
0.000000 0.000000 0.223997 0.224009 0.224051 0.224090 0.224334 0.224356 0.224405 0.224408 0.224406 0.224414 0.224419 0.224426 0.224423 0.224168 0.224114 0.224048 0.223985 0.000000 0.000000
0.000000 0.000000 0.211017 0.211038 0.211095 0.211378 0.211411 0.211552 0.211631 0.211648 0.211694 0.211733 0.211702 0.211712 0.211581 0.211525 0.211145 0.211187 0.211160 0.000000 0.000000
0.000000 0.000000 0.196891 0.196913 0.197312 0.197286 0.197309 0.197387 0.197264 0.197316 0.197255 0.197297 0.197352 0.197256 0.197212 0.197188 0.197359 0.196824 0.196822 0.000000 0.000000
0.000000 0.000000 0.179713 0.180319 0.180346 0.180537 0.180844 0.180945 0.181050 0.181033 0.181186 0.181186 0.181107 0.181169 0.181019 0.180791 0.180381 0.180497 0.179873 0.000000 0.000000
0.000000 0.000000 0.169938 0.169584 0.169019 0.169092 0.169180 0.169725 0.169692 0.169831 0.169657 0.169703 0.169703 0.169653 0.169173 0.169110 0.168927 0.169448 0.169776 0.000000 0.000000
0.000000 0.000000 0.300000 0.300000 0.300000 0.300000 0.300000 0.300000 0.300000 0.300000 0.300000 0.300000 0.300000 0.300000 0.300000 0.300000 0.300000 0.300000 0.300000 0.000000 0.000000
0.000000 0.000000 0.000000 0.000000 0.000000 0.000000 0.000000 0.000000 0.000000 0.000000 0.000000 0.000000 0.000000 0.000000 0.000000 0.000000 0.000000 0.000000 0.000000 0.000000 0.000000