geotop/1.0zi/1.0Montebello/Templates/testdem/maps/_Eocclay9313.asc
ncols         21
nrows         20
xllcorner     100.000000
yllcorner     100.000000
cellsize      50.000000
NODATA_value  -9999.0
0.000000 0.000000 0.000000 0.000000 0.000000 0.000000 0.000000 0.000000 0.000000 0.000000 0.000000 0.000000 0.000000 0.000000 0.000000 0.000000 0.000000 0.000000 0.000000 0.000000 0.000000
0.000000 0.000000 0.349565 0.349568 0.349568 0.349567 0.349569 0.349569 0.349568 0.349568 0.349567 0.349569 0.349568 0.349568 0.349568 0.349568 0.349566 0.349566 0.349567 0.000000 0.000000
0.000000 0.000000 0.349982 0.349980 0.349980 0.349982 0.349980 0.349980 0.349981 0.349980 0.349980 0.349980 0.349981 0.349980 0.349981 0.349981 0.349982 0.349982 0.349980 0.000000 0.000000
0.000000 0.000000 0.350023 0.350027 0.350026 0.350023 0.350024 0.350024 0.350028 0.350025 0.350029 0.350027 0.350027 0.350025 0.350028 0.350029 0.350027 0.350026 0.350024 0.000000 0.000000
0.000000 0.000000 0.351267 0.351260 0.351253 0.351243 0.351225 0.351225 0.351221 0.351223 0.351221 0.351223 0.351222 0.351224 0.351234 0.351238 0.351248 0.351250 0.351259 0.000000 0.000000
0.000000 0.000000 0.354860 0.354855 0.354832 0.354800 0.354772 0.354744 0.354748 0.354742 0.354744 0.354743 0.354748 0.354748 0.354761 0.354790 0.354804 0.354815 0.354822 0.000000 0.000000
0.000000 0.000000 0.359704 0.359694 0.359680 0.359649 0.359611 0.359556 0.359559 0.359554 0.359553 0.359554 0.359555 0.359556 0.359598 0.359631 0.359650 0.359661 0.359670 0.000000 0.000000
0.000000 0.000000 0.365451 0.365440 0.365426 0.365388 0.365347 0.365298 0.365300 0.365295 0.365293 0.365290 0.365287 0.365298 0.365337 0.365370 0.365402 0.365408 0.365423 0.000000 0.000000
0.000000 0.000000 0.371685 0.371671 0.371651 0.371624 0.371577 0.371522 0.371529 0.371518 0.371512 0.371510 0.371512 0.371511 0.371564 0.371605 0.371629 0.371636 0.371650 0.000000 0.000000
0.000000 0.000000 0.378506 0.378486 0.378471 0.378442 0.378378 0.378327 0.378329 0.378322 0.378312 0.378317 0.378325 0.378323 0.378366 0.378419 0.378448 0.378457 0.378464 0.000000 0.000000
0.000000 0.000000 0.386185 0.386171 0.386157 0.386090 0.386048 0.385980 0.385997 0.385961 0.385966 0.385961 0.385949 0.385972 0.386018 0.386051 0.386091 0.386106 0.386139 0.000000 0.000000
0.000000 0.000000 0.395022 0.394991 0.394951 0.394918 0.394859 0.394775 0.394777 0.394771 0.394785 0.394752 0.394768 0.394767 0.394850 0.394898 0.394921 0.394931 0.395000 0.000000 0.000000
0.000000 0.000000 0.404904 0.404876 0.404867 0.404791 0.404741 0.404502 0.404504 0.404491 0.404416 0.404459 0.404468 0.404491 0.404670 0.404715 0.404801 0.404805 0.404829 0.000000 0.000000
0.000000 0.000000 0.417060 0.417050 0.416982 0.416935 0.416600 0.416686 0.416622 0.416623 0.416661 0.416622 0.416616 0.416589 0.416507 0.416867 0.416891 0.416973 0.417028 0.000000 0.000000
0.000000 0.000000 0.431475 0.431433 0.431360 0.430917 0.431053 0.430798 0.430726 0.430701 0.430609 0.430569 0.430620 0.430621 0.430856 0.430734 0.431315 0.431185 0.431175 0.000000 0.000000
0.000000 0.000000 0.446091 0.446061 0.445475 0.445754 0.445661 0.445670 0.445928 0.445859 0.445994 0.445965 0.445857 0.446002 0.445941 0.446020 0.445402 0.446284 0.446271 0.000000 0.000000
0.000000 0.000000 0.461387 0.460724 0.460972 0.460662 0.460328 0.460220 0.459989 0.460044 0.459812 0.459839 0.459974 0.459833 0.460017 0.460262 0.460933 0.460390 0.461079 0.000000 0.000000
0.000000 0.000000 0.465578 0.466026 0.466454 0.466427 0.466431 0.466005 0.466073 0.465951 0.466144 0.466103 0.466077 0.466140 0.466489 0.466489 0.466509 0.466156 0.465711 0.000000 0.000000
0.000000 0.000000 0.350000 0.350000 0.350000 0.350000 0.350000 0.350000 0.350000 0.350000 0.350000 0.350000 0.350000 0.350000 0.350000 0.350000 0.350000 0.350000 0.350000 0.000000 0.000000
0.000000 0.000000 0.000000 0.000000 0.000000 0.000000 0.000000 0.000000 0.000000 0.000000 0.000000 0.000000 0.000000 0.000000 0.000000 0.000000 0.000000 0.000000 0.000000 0.000000 0.000000