geotop/1.0zi/1.0Montebello/Templates/testdem/maps/_Eocsilt2747.asc
ncols         21
nrows         20
xllcorner     100.000000
yllcorner     100.000000
cellsize      50.000000
NODATA_value  -9999.0
0.000000 0.000000 0.000000 0.000000 0.000000 0.000000 0.000000 0.000000 0.000000 0.000000 0.000000 0.000000 0.000000 0.000000 0.000000 0.000000 0.000000 0.000000 0.000000 0.000000 0.000000
0.000000 0.000000 0.350066 0.350066 0.350066 0.350066 0.350066 0.350066 0.350066 0.350066 0.350066 0.350066 0.350066 0.350066 0.350066 0.350066 0.350066 0.350066 0.350066 0.000000 0.000000
0.000000 0.000000 0.349998 0.349998 0.349998 0.349999 0.349998 0.349998 0.349998 0.349998 0.349999 0.349998 0.349998 0.349998 0.349998 0.349999 0.349998 0.349998 0.349998 0.000000 0.000000
0.000000 0.000000 0.350917 0.350916 0.350914 0.350915 0.350917 0.350917 0.350917 0.350917 0.350917 0.350917 0.350917 0.350917 0.350917 0.350915 0.350914 0.350916 0.350917 0.000000 0.000000
0.000000 0.000000 0.354555 0.354554 0.354553 0.354553 0.354555 0.354555 0.354555 0.354556 0.354556 0.354556 0.354555 0.354555 0.354555 0.354553 0.354553 0.354554 0.354555 0.000000 0.000000
0.000000 0.000000 0.359256 0.359256 0.359254 0.359255 0.359257 0.359256 0.359256 0.359257 0.359258 0.359257 0.359256 0.359256 0.359257 0.359255 0.359254 0.359256 0.359256 0.000000 0.000000
0.000000 0.000000 0.363559 0.363559 0.363557 0.363557 0.363559 0.363559 0.363559 0.363560 0.363560 0.363560 0.363559 0.363559 0.363559 0.363557 0.363557 0.363559 0.363559 0.000000 0.000000
0.000000 0.000000 0.367475 0.367475 0.367474 0.367474 0.367476 0.367475 0.367475 0.367476 0.367476 0.367476 0.367475 0.367475 0.367476 0.367474 0.367474 0.367475 0.367475 0.000000 0.000000
0.000000 0.000000 0.371113 0.371112 0.371111 0.371112 0.371113 0.371112 0.371113 0.371113 0.371114 0.371113 0.371113 0.371112 0.371113 0.371112 0.371111 0.371112 0.371113 0.000000 0.000000
0.000000 0.000000 0.374556 0.374556 0.374555 0.374555 0.374556 0.374556 0.374556 0.374557 0.374557 0.374557 0.374556 0.374556 0.374556 0.374555 0.374555 0.374556 0.374556 0.000000 0.000000
0.000000 0.000000 0.377848 0.377847 0.377846 0.377847 0.377848 0.377848 0.377848 0.377848 0.377848 0.377848 0.377848 0.377848 0.377848 0.377847 0.377846 0.377847 0.377848 0.000000 0.000000
0.000000 0.000000 0.381020 0.381019 0.381018 0.381019 0.381020 0.381019 0.381019 0.381020 0.381020 0.381020 0.381019 0.381019 0.381020 0.381019 0.381018 0.381019 0.381020 0.000000 0.000000
0.000000 0.000000 0.384094 0.384094 0.384093 0.384093 0.384095 0.384094 0.384094 0.384095 0.384095 0.384095 0.384094 0.384094 0.384095 0.384093 0.384093 0.384094 0.384094 0.000000 0.000000
0.000000 0.000000 0.387089 0.387088 0.387087 0.387088 0.387089 0.387088 0.387088 0.387089 0.387089 0.387089 0.387088 0.387088 0.387089 0.387088 0.387087 0.387088 0.387089 0.000000 0.000000
0.000000 0.000000 0.390010 0.390010 0.390009 0.390009 0.390010 0.390010 0.390010 0.390011 0.390011 0.390011 0.390010 0.390010 0.390010 0.390009 0.390009 0.390010 0.390010 0.000000 0.000000
0.000000 0.000000 0.392866 0.392866 0.392864 0.392865 0.392866 0.392866 0.392866 0.392866 0.392866 0.392866 0.392866 0.392866 0.392866 0.392865 0.392864 0.392866 0.392866 0.000000 0.000000
0.000000 0.000000 0.395660 0.395660 0.395659 0.395659 0.395660 0.395660 0.395660 0.395661 0.395661 0.395661 0.395660 0.395660 0.395660 0.395659 0.395659 0.395660 0.395660 0.000000 0.000000
0.000000 0.000000 0.398433 0.398433 0.398432 0.398433 0.398434 0.398433 0.398433 0.398434 0.398434 0.398434 0.398433 0.398433 0.398434 0.398433 0.398432 0.398433 0.398433 0.000000 0.000000
0.000000 0.000000 0.350000 0.350000 0.350000 0.350000 0.350000 0.350000 0.350000 0.350000 0.350000 0.350000 0.350000 0.350000 0.350000 0.350000 0.350000 0.350000 0.350000 0.000000 0.000000
0.000000 0.000000 0.000000 0.000000 0.000000 0.000000 0.000000 0.000000 0.000000 0.000000 0.000000 0.000000 0.000000 0.000000 0.000000 0.000000 0.000000 0.000000 0.000000 0.000000 0.000000