geotop/1.0zi/1.0Montebello/Templates/testdem/maps/_Eocclay7771.asc
ncols         21
nrows         20
xllcorner     100.000000
yllcorner     100.000000
cellsize      50.000000
NODATA_value  -9999.0
0.000000 0.000000 0.000000 0.000000 0.000000 0.000000 0.000000 0.000000 0.000000 0.000000 0.000000 0.000000 0.000000 0.000000 0.000000 0.000000 0.000000 0.000000 0.000000 0.000000 0.000000
0.000000 0.000000 0.349642 0.349644 0.349644 0.349643 0.349645 0.349645 0.349645 0.349645 0.349643 0.349645 0.349645 0.349645 0.349645 0.349645 0.349643 0.349643 0.349644 0.000000 0.000000
0.000000 0.000000 0.349985 0.349984 0.349985 0.349986 0.349984 0.349983 0.349984 0.349984 0.349983 0.349983 0.349984 0.349983 0.349984 0.349985 0.349985 0.349984 0.349983 0.000000 0.000000
0.000000 0.000000 0.350003 0.350008 0.350005 0.350004 0.350007 0.350004 0.350006 0.350004 0.350007 0.350005 0.350005 0.350003 0.350005 0.350007 0.350006 0.350009 0.350008 0.000000 0.000000
0.000000 0.000000 0.350967 0.350964 0.350960 0.350955 0.350939 0.350937 0.350935 0.350938 0.350934 0.350935 0.350931 0.350935 0.350944 0.350946 0.350955 0.350956 0.350962 0.000000 0.000000
0.000000 0.000000 0.353637 0.353635 0.353623 0.353594 0.353581 0.353557 0.353558 0.353550 0.353554 0.353553 0.353556 0.353558 0.353568 0.353588 0.353602 0.353617 0.353623 0.000000 0.000000
0.000000 0.000000 0.357324 0.357320 0.357311 0.357288 0.357258 0.357221 0.357219 0.357214 0.357215 0.357216 0.357216 0.357217 0.357249 0.357278 0.357293 0.357306 0.357314 0.000000 0.000000
0.000000 0.000000 0.361706 0.361703 0.361695 0.361665 0.361637 0.361596 0.361596 0.361591 0.361591 0.361588 0.361586 0.361594 0.361628 0.361653 0.361678 0.361688 0.361700 0.000000 0.000000
0.000000 0.000000 0.366331 0.366324 0.366310 0.366292 0.366261 0.366220 0.366222 0.366213 0.366210 0.366208 0.366209 0.366208 0.366249 0.366282 0.366301 0.366310 0.366320 0.000000 0.000000
0.000000 0.000000 0.371204 0.371193 0.371187 0.371168 0.371123 0.371085 0.371086 0.371081 0.371075 0.371078 0.371083 0.371081 0.371116 0.371154 0.371177 0.371185 0.371192 0.000000 0.000000
0.000000 0.000000 0.376474 0.376468 0.376459 0.376421 0.376389 0.376345 0.376354 0.376330 0.376333 0.376332 0.376324 0.376340 0.376371 0.376395 0.376424 0.376440 0.376460 0.000000 0.000000
0.000000 0.000000 0.382272 0.382256 0.382238 0.382213 0.382178 0.382124 0.382121 0.382113 0.382125 0.382106 0.382111 0.382115 0.382171 0.382199 0.382220 0.382231 0.382281 0.000000 0.000000
0.000000 0.000000 0.388498 0.388482 0.388475 0.388439 0.388409 0.388271 0.388269 0.388260 0.388225 0.388243 0.388251 0.388264 0.388370 0.388398 0.388450 0.388457 0.388483 0.000000 0.000000
0.000000 0.000000 0.395715 0.395708 0.395680 0.395654 0.395488 0.395491 0.395456 0.395456 0.395463 0.395454 0.395450 0.395444 0.395436 0.395609 0.395640 0.395687 0.395721 0.000000 0.000000
0.000000 0.000000 0.404153 0.404137 0.404101 0.403894 0.403898 0.403796 0.403745 0.403733 0.403699 0.403674 0.403696 0.403691 0.403790 0.403800 0.404073 0.404037 0.404045 0.000000 0.000000
0.000000 0.000000 0.413437 0.413421 0.413125 0.413183 0.413164 0.413127 0.413231 0.413194 0.413248 0.413223 0.413177 0.413251 0.413266 0.413281 0.413096 0.413514 0.413509 0.000000 0.000000
0.000000 0.000000 0.425033 0.424558 0.424616 0.424448 0.424211 0.424142 0.424029 0.424054 0.423921 0.423930 0.424003 0.423935 0.424052 0.424227 0.424596 0.424399 0.424888 0.000000 0.000000
0.000000 0.000000 0.430139 0.430544 0.430977 0.430961 0.430956 0.430549 0.430600 0.430486 0.430659 0.430621 0.430602 0.430658 0.431006 0.431008 0.431054 0.430693 0.430299 0.000000 0.000000
0.000000 0.000000 0.350000 0.350000 0.350000 0.350000 0.350000 0.350000 0.350000 0.350000 0.350000 0.350000 0.350000 0.350000 0.350000 0.350000 0.350000 0.350000 0.350000 0.000000 0.000000
0.000000 0.000000 0.000000 0.000000 0.000000 0.000000 0.000000 0.000000 0.000000 0.000000 0.000000 0.000000 0.000000 0.000000 0.000000 0.000000 0.000000 0.000000 0.000000 0.000000 0.000000