geotop/1.0zi/1.0Montebello/Templates/testdem/maps/_Eocclay7679.asc
ncols         21
nrows         20
xllcorner     100.000000
yllcorner     100.000000
cellsize      50.000000
NODATA_value  -9999.0
0.000000 0.000000 0.000000 0.000000 0.000000 0.000000 0.000000 0.000000 0.000000 0.000000 0.000000 0.000000 0.000000 0.000000 0.000000 0.000000 0.000000 0.000000 0.000000 0.000000 0.000000
0.000000 0.000000 0.349647 0.349649 0.349648 0.349648 0.349649 0.349649 0.349649 0.349649 0.349648 0.349649 0.349649 0.349649 0.349649 0.349649 0.349647 0.349648 0.349648 0.000000 0.000000
0.000000 0.000000 0.349985 0.349984 0.349985 0.349986 0.349984 0.349984 0.349984 0.349984 0.349984 0.349983 0.349984 0.349983 0.349984 0.349985 0.349986 0.349985 0.349983 0.000000 0.000000
0.000000 0.000000 0.350003 0.350008 0.350004 0.350003 0.350007 0.350004 0.350006 0.350003 0.350006 0.350004 0.350004 0.350003 0.350005 0.350007 0.350006 0.350009 0.350007 0.000000 0.000000
0.000000 0.000000 0.350955 0.350953 0.350949 0.350943 0.350927 0.350925 0.350922 0.350925 0.350922 0.350923 0.350919 0.350923 0.350932 0.350934 0.350942 0.350944 0.350950 0.000000 0.000000
0.000000 0.000000 0.353563 0.353561 0.353549 0.353522 0.353509 0.353486 0.353487 0.353480 0.353484 0.353483 0.353485 0.353487 0.353497 0.353516 0.353530 0.353545 0.353551 0.000000 0.000000
0.000000 0.000000 0.357167 0.357163 0.357155 0.357132 0.357103 0.357066 0.357065 0.357059 0.357061 0.357061 0.357062 0.357063 0.357095 0.357123 0.357138 0.357151 0.357159 0.000000 0.000000
0.000000 0.000000 0.361463 0.361461 0.361453 0.361425 0.361397 0.361357 0.361356 0.361352 0.361351 0.361349 0.361347 0.361355 0.361389 0.361413 0.361438 0.361447 0.361459 0.000000 0.000000
0.000000 0.000000 0.365987 0.365981 0.365968 0.365950 0.365920 0.365880 0.365882 0.365873 0.365870 0.365868 0.365869 0.365869 0.365908 0.365941 0.365960 0.365969 0.365979 0.000000 0.000000
0.000000 0.000000 0.370743 0.370734 0.370728 0.370710 0.370666 0.370629 0.370629 0.370624 0.370619 0.370622 0.370628 0.370625 0.370659 0.370696 0.370719 0.370727 0.370735 0.000000 0.000000
0.000000 0.000000 0.375877 0.375871 0.375862 0.375826 0.375795 0.375752 0.375761 0.375738 0.375741 0.375740 0.375732 0.375747 0.375778 0.375801 0.375830 0.375846 0.375865 0.000000 0.000000
0.000000 0.000000 0.381510 0.381495 0.381478 0.381454 0.381420 0.381367 0.381364 0.381357 0.381369 0.381350 0.381355 0.381359 0.381414 0.381441 0.381462 0.381473 0.381521 0.000000 0.000000
0.000000 0.000000 0.387546 0.387531 0.387523 0.387490 0.387461 0.387328 0.387326 0.387317 0.387284 0.387300 0.387309 0.387321 0.387423 0.387451 0.387502 0.387508 0.387534 0.000000 0.000000
0.000000 0.000000 0.394516 0.394510 0.394484 0.394460 0.394301 0.394301 0.394268 0.394267 0.394273 0.394266 0.394262 0.394257 0.394251 0.394416 0.394448 0.394492 0.394526 0.000000 0.000000
0.000000 0.000000 0.402640 0.402626 0.402592 0.402397 0.402397 0.402301 0.402251 0.402240 0.402208 0.402184 0.402205 0.402200 0.402294 0.402307 0.402567 0.402534 0.402544 0.000000 0.000000
0.000000 0.000000 0.411571 0.411557 0.411277 0.411327 0.411310 0.411273 0.411369 0.411334 0.411383 0.411359 0.411317 0.411386 0.411404 0.411418 0.411253 0.411645 0.411640 0.000000 0.000000
0.000000 0.000000 0.422699 0.422253 0.422296 0.422144 0.421921 0.421854 0.421753 0.421774 0.421651 0.421658 0.421726 0.421665 0.421776 0.421941 0.422281 0.422112 0.422571 0.000000 0.000000
0.000000 0.000000 0.427834 0.428200 0.428611 0.428592 0.428579 0.428194 0.428237 0.428130 0.428288 0.428254 0.428239 0.428289 0.428621 0.428629 0.428687 0.428339 0.427986 0.000000 0.000000
0.000000 0.000000 0.350000 0.350000 0.350000 0.350000 0.350000 0.350000 0.350000 0.350000 0.350000 0.350000 0.350000 0.350000 0.350000 0.350000 0.350000 0.350000 0.350000 0.000000 0.000000
0.000000 0.000000 0.000000 0.000000 0.000000 0.000000 0.000000 0.000000 0.000000 0.000000 0.000000 0.000000 0.000000 0.000000 0.000000 0.000000 0.000000 0.000000 0.000000 0.000000 0.000000