geotop/1.0zi/1.0Montebello/Templates/testdem/maps/_Eocsand6163.asc
ncols         21
nrows         20
xllcorner     100.000000
yllcorner     100.000000
cellsize      50.000000
NODATA_value  -9999.0
0.000000 0.000000 0.000000 0.000000 0.000000 0.000000 0.000000 0.000000 0.000000 0.000000 0.000000 0.000000 0.000000 0.000000 0.000000 0.000000 0.000000 0.000000 0.000000 0.000000 0.000000
0.000000 0.000000 0.300151 0.300151 0.300150 0.300151 0.300150 0.300150 0.300150 0.300150 0.300151 0.300150 0.300151 0.300151 0.300150 0.300150 0.300152 0.300152 0.300151 0.000000 0.000000
0.000000 0.000000 0.300009 0.300008 0.300008 0.300007 0.300008 0.300008 0.300008 0.300008 0.300008 0.300008 0.300007 0.300008 0.300008 0.300008 0.300009 0.300009 0.300010 0.000000 0.000000
0.000000 0.000000 0.299971 0.299969 0.299972 0.299977 0.299974 0.299976 0.299972 0.299975 0.299972 0.299975 0.299974 0.299975 0.299973 0.299968 0.299969 0.299965 0.299967 0.000000 0.000000
0.000000 0.000000 0.298943 0.298941 0.298944 0.298950 0.298965 0.298973 0.298974 0.298974 0.298978 0.298978 0.298980 0.298978 0.298966 0.298964 0.298960 0.298949 0.298939 0.000000 0.000000
0.000000 0.000000 0.295652 0.295650 0.295661 0.295697 0.295713 0.295749 0.295750 0.295759 0.295751 0.295748 0.295744 0.295747 0.295737 0.295716 0.295699 0.295684 0.295675 0.000000 0.000000
0.000000 0.000000 0.290658 0.290663 0.290673 0.290710 0.290753 0.290806 0.290805 0.290812 0.290809 0.290807 0.290810 0.290807 0.290767 0.290724 0.290705 0.290686 0.290671 0.000000 0.000000
0.000000 0.000000 0.284571 0.284572 0.284577 0.284616 0.284659 0.284717 0.284716 0.284722 0.284722 0.284724 0.284727 0.284719 0.284674 0.284633 0.284600 0.284592 0.284571 0.000000 0.000000
0.000000 0.000000 0.278248 0.278257 0.278274 0.278298 0.278340 0.278401 0.278399 0.278409 0.278415 0.278413 0.278412 0.278416 0.278359 0.278315 0.278285 0.278276 0.278257 0.000000 0.000000
0.000000 0.000000 0.271833 0.271844 0.271851 0.271869 0.271930 0.271986 0.271982 0.271989 0.271998 0.271990 0.271982 0.271989 0.271943 0.271890 0.271860 0.271854 0.271841 0.000000 0.000000
0.000000 0.000000 0.265173 0.265180 0.265184 0.265229 0.265270 0.265331 0.265319 0.265348 0.265347 0.265345 0.265353 0.265337 0.265298 0.265265 0.265231 0.265212 0.265184 0.000000 0.000000
0.000000 0.000000 0.258133 0.258149 0.258169 0.258200 0.258238 0.258311 0.258309 0.258326 0.258308 0.258327 0.258323 0.258317 0.258250 0.258217 0.258193 0.258183 0.258113 0.000000 0.000000
0.000000 0.000000 0.250857 0.250870 0.250878 0.250915 0.250949 0.251102 0.251103 0.251115 0.251148 0.251131 0.251120 0.251108 0.250994 0.250963 0.250908 0.250902 0.250854 0.000000 0.000000
0.000000 0.000000 0.242886 0.242896 0.242918 0.242942 0.243094 0.243128 0.243163 0.243165 0.243175 0.243171 0.243171 0.243176 0.243157 0.243003 0.242958 0.242919 0.242869 0.000000 0.000000
0.000000 0.000000 0.234036 0.234048 0.234083 0.234245 0.234288 0.234379 0.234437 0.234447 0.234476 0.234494 0.234476 0.234487 0.234415 0.234347 0.234118 0.234138 0.234108 0.000000 0.000000
0.000000 0.000000 0.224598 0.224610 0.224827 0.224855 0.224865 0.224920 0.224873 0.224898 0.224878 0.224901 0.224927 0.224882 0.224847 0.224827 0.224859 0.224579 0.224573 0.000000 0.000000
0.000000 0.000000 0.213645 0.213948 0.214032 0.214119 0.214261 0.214331 0.214363 0.214364 0.214432 0.214439 0.214408 0.214423 0.214339 0.214230 0.214053 0.214017 0.213707 0.000000 0.000000
0.000000 0.000000 0.205955 0.205906 0.205630 0.205696 0.205793 0.206070 0.206074 0.206138 0.206088 0.206105 0.206090 0.206079 0.205825 0.205752 0.205585 0.205867 0.205896 0.000000 0.000000
0.000000 0.000000 0.300000 0.300000 0.300000 0.300000 0.300000 0.300000 0.300000 0.300000 0.300000 0.300000 0.300000 0.300000 0.300000 0.300000 0.300000 0.300000 0.300000 0.000000 0.000000
0.000000 0.000000 0.000000 0.000000 0.000000 0.000000 0.000000 0.000000 0.000000 0.000000 0.000000 0.000000 0.000000 0.000000 0.000000 0.000000 0.000000 0.000000 0.000000 0.000000 0.000000