geotop/1.0zi/1.0Montebello/Templates/testdem/maps/_Eocsand6613.asc
ncols         21
nrows         20
xllcorner     100.000000
yllcorner     100.000000
cellsize      50.000000
NODATA_value  -9999.0
0.000000 0.000000 0.000000 0.000000 0.000000 0.000000 0.000000 0.000000 0.000000 0.000000 0.000000 0.000000 0.000000 0.000000 0.000000 0.000000 0.000000 0.000000 0.000000 0.000000 0.000000
0.000000 0.000000 0.300166 0.300164 0.300163 0.300164 0.300163 0.300163 0.300163 0.300163 0.300164 0.300163 0.300164 0.300164 0.300163 0.300163 0.300165 0.300165 0.300164 0.000000 0.000000
0.000000 0.000000 0.300009 0.300010 0.300010 0.300009 0.300010 0.300010 0.300010 0.300010 0.300010 0.300010 0.300009 0.300010 0.300009 0.300010 0.300010 0.300011 0.300012 0.000000 0.000000
0.000000 0.000000 0.299962 0.299961 0.299965 0.299970 0.299968 0.299970 0.299966 0.299969 0.299966 0.299969 0.299968 0.299969 0.299967 0.299962 0.299962 0.299959 0.299959 0.000000 0.000000
0.000000 0.000000 0.298761 0.298755 0.298760 0.298770 0.298787 0.298795 0.298796 0.298796 0.298800 0.298798 0.298800 0.298798 0.298785 0.298782 0.298775 0.298766 0.298755 0.000000 0.000000
0.000000 0.000000 0.295043 0.295041 0.295057 0.295094 0.295116 0.295154 0.295153 0.295164 0.295157 0.295156 0.295153 0.295155 0.295142 0.295118 0.295098 0.295080 0.295068 0.000000 0.000000
0.000000 0.000000 0.289447 0.289451 0.289465 0.289506 0.289555 0.289610 0.289610 0.289617 0.289615 0.289616 0.289618 0.289615 0.289572 0.289526 0.289500 0.289478 0.289462 0.000000 0.000000
0.000000 0.000000 0.282694 0.282694 0.282702 0.282748 0.282795 0.282855 0.282855 0.282862 0.282864 0.282869 0.282871 0.282861 0.282814 0.282771 0.282730 0.282719 0.282696 0.000000 0.000000
0.000000 0.000000 0.275640 0.275650 0.275671 0.275699 0.275747 0.275812 0.275808 0.275823 0.275828 0.275831 0.275829 0.275832 0.275773 0.275718 0.275686 0.275673 0.275653 0.000000 0.000000
0.000000 0.000000 0.268425 0.268437 0.268446 0.268471 0.268540 0.268597 0.268594 0.268603 0.268613 0.268609 0.268599 0.268606 0.268557 0.268496 0.268460 0.268451 0.268436 0.000000 0.000000
0.000000 0.000000 0.260872 0.260880 0.260888 0.260942 0.260988 0.261053 0.261039 0.261074 0.261072 0.261073 0.261083 0.261063 0.261024 0.260985 0.260941 0.260919 0.260887 0.000000 0.000000
0.000000 0.000000 0.252814 0.252833 0.252853 0.252892 0.252939 0.253018 0.253017 0.253034 0.253016 0.253042 0.253036 0.253030 0.252957 0.252918 0.252886 0.252871 0.252793 0.000000 0.000000
0.000000 0.000000 0.244407 0.244427 0.244437 0.244481 0.244522 0.244698 0.244700 0.244714 0.244755 0.244739 0.244724 0.244710 0.244581 0.244540 0.244472 0.244465 0.244413 0.000000 0.000000
0.000000 0.000000 0.235086 0.235094 0.235123 0.235158 0.235344 0.235373 0.235414 0.235417 0.235423 0.235426 0.235426 0.235433 0.235426 0.235229 0.235177 0.235126 0.235070 0.000000 0.000000
0.000000 0.000000 0.224607 0.224620 0.224662 0.224873 0.224918 0.225020 0.225088 0.225099 0.225137 0.225167 0.225141 0.225154 0.225067 0.224997 0.224709 0.224735 0.224706 0.000000 0.000000
0.000000 0.000000 0.213325 0.213340 0.213623 0.213642 0.213655 0.213715 0.213641 0.213679 0.213644 0.213680 0.213713 0.213650 0.213620 0.213596 0.213664 0.213294 0.213288 0.000000 0.000000
0.000000 0.000000 0.199964 0.200373 0.200445 0.200569 0.200772 0.200846 0.200901 0.200896 0.200996 0.201004 0.200954 0.200988 0.200890 0.200733 0.200477 0.200478 0.200057 0.000000 0.000000
0.000000 0.000000 0.191218 0.191082 0.190696 0.190775 0.190874 0.191243 0.191241 0.191329 0.191242 0.191274 0.191258 0.191239 0.190908 0.190830 0.190640 0.191016 0.191128 0.000000 0.000000
0.000000 0.000000 0.300000 0.300000 0.300000 0.300000 0.300000 0.300000 0.300000 0.300000 0.300000 0.300000 0.300000 0.300000 0.300000 0.300000 0.300000 0.300000 0.300000 0.000000 0.000000
0.000000 0.000000 0.000000 0.000000 0.000000 0.000000 0.000000 0.000000 0.000000 0.000000 0.000000 0.000000 0.000000 0.000000 0.000000 0.000000 0.000000 0.000000 0.000000 0.000000 0.000000