geotop/1.0zi/1.0Montebello/Templates/testdem/maps/_Eocclay8812.asc
ncols         21
nrows         20
xllcorner     100.000000
yllcorner     100.000000
cellsize      50.000000
NODATA_value  -9999.0
0.000000 0.000000 0.000000 0.000000 0.000000 0.000000 0.000000 0.000000 0.000000 0.000000 0.000000 0.000000 0.000000 0.000000 0.000000 0.000000 0.000000 0.000000 0.000000 0.000000 0.000000
0.000000 0.000000 0.349586 0.349589 0.349589 0.349588 0.349590 0.349590 0.349589 0.349589 0.349588 0.349590 0.349589 0.349589 0.349589 0.349589 0.349587 0.349588 0.349588 0.000000 0.000000
0.000000 0.000000 0.349983 0.349982 0.349982 0.349984 0.349982 0.349981 0.349982 0.349982 0.349981 0.349981 0.349982 0.349981 0.349982 0.349983 0.349983 0.349983 0.349981 0.000000 0.000000
0.000000 0.000000 0.350023 0.350027 0.350026 0.350023 0.350024 0.350025 0.350028 0.350026 0.350029 0.350027 0.350027 0.350026 0.350028 0.350030 0.350028 0.350027 0.350025 0.000000 0.000000
0.000000 0.000000 0.351207 0.351201 0.351197 0.351187 0.351170 0.351170 0.351166 0.351168 0.351165 0.351167 0.351166 0.351168 0.351177 0.351181 0.351192 0.351192 0.351202 0.000000 0.000000
0.000000 0.000000 0.354529 0.354526 0.354507 0.354477 0.354454 0.354430 0.354434 0.354427 0.354432 0.354431 0.354437 0.354436 0.354449 0.354474 0.354486 0.354496 0.354502 0.000000 0.000000
0.000000 0.000000 0.359013 0.359004 0.358995 0.358966 0.358933 0.358884 0.358885 0.358880 0.358881 0.358883 0.358883 0.358884 0.358924 0.358955 0.358972 0.358981 0.358989 0.000000 0.000000
0.000000 0.000000 0.364321 0.364312 0.364303 0.364268 0.364233 0.364189 0.364191 0.364186 0.364185 0.364183 0.364181 0.364191 0.364228 0.364258 0.364286 0.364291 0.364305 0.000000 0.000000
0.000000 0.000000 0.370030 0.370018 0.370003 0.369979 0.369939 0.369891 0.369897 0.369887 0.369884 0.369882 0.369884 0.369883 0.369932 0.369970 0.369990 0.369995 0.370008 0.000000 0.000000
0.000000 0.000000 0.376200 0.376184 0.376176 0.376151 0.376094 0.376051 0.376054 0.376048 0.376041 0.376046 0.376052 0.376050 0.376090 0.376138 0.376163 0.376169 0.376176 0.000000 0.000000
0.000000 0.000000 0.383057 0.383046 0.383037 0.382981 0.382945 0.382889 0.382905 0.382871 0.382879 0.382875 0.382865 0.382884 0.382927 0.382955 0.382990 0.383002 0.383030 0.000000 0.000000
0.000000 0.000000 0.390833 0.390811 0.390783 0.390753 0.390703 0.390636 0.390637 0.390633 0.390647 0.390621 0.390633 0.390633 0.390706 0.390746 0.390765 0.390773 0.390834 0.000000 0.000000
0.000000 0.000000 0.399420 0.399394 0.399392 0.399333 0.399293 0.399096 0.399097 0.399088 0.399029 0.399065 0.399073 0.399092 0.399245 0.399282 0.399354 0.399354 0.399379 0.000000 0.000000
0.000000 0.000000 0.409808 0.409801 0.409754 0.409717 0.409446 0.409502 0.409452 0.409454 0.409482 0.409456 0.409452 0.409430 0.409381 0.409671 0.409695 0.409759 0.409806 0.000000 0.000000
0.000000 0.000000 0.422214 0.422181 0.422126 0.421770 0.421852 0.421667 0.421602 0.421584 0.421518 0.421483 0.421523 0.421520 0.421700 0.421635 0.422104 0.422002 0.421998 0.000000 0.000000
0.000000 0.000000 0.435499 0.435474 0.434969 0.435173 0.435114 0.435108 0.435325 0.435264 0.435377 0.435350 0.435260 0.435386 0.435358 0.435410 0.434929 0.435678 0.435664 0.000000 0.000000
0.000000 0.000000 0.451041 0.450329 0.450571 0.450261 0.449907 0.449803 0.449574 0.449631 0.449397 0.449425 0.449563 0.449419 0.449609 0.449871 0.450551 0.450018 0.450755 0.000000 0.000000
0.000000 0.000000 0.455119 0.455762 0.456280 0.456288 0.456340 0.455835 0.455943 0.455789 0.456055 0.456003 0.455957 0.456048 0.456461 0.456427 0.456376 0.455989 0.455352 0.000000 0.000000
0.000000 0.000000 0.350000 0.350000 0.350000 0.350000 0.350000 0.350000 0.350000 0.350000 0.350000 0.350000 0.350000 0.350000 0.350000 0.350000 0.350000 0.350000 0.350000 0.000000 0.000000
0.000000 0.000000 0.000000 0.000000 0.000000 0.000000 0.000000 0.000000 0.000000 0.000000 0.000000 0.000000 0.000000 0.000000 0.000000 0.000000 0.000000 0.000000 0.000000 0.000000 0.000000