geotop/1.0zi/1.0Montebello/Templates/testdem/maps/_Eocclay3478.asc
ncols         21
nrows         20
xllcorner     100.000000
yllcorner     100.000000
cellsize      50.000000
NODATA_value  -9999.0
0.000000 0.000000 0.000000 0.000000 0.000000 0.000000 0.000000 0.000000 0.000000 0.000000 0.000000 0.000000 0.000000 0.000000 0.000000 0.000000 0.000000 0.000000 0.000000 0.000000 0.000000
0.000000 0.000000 0.349815 0.349815 0.349815 0.349814 0.349815 0.349815 0.349815 0.349815 0.349814 0.349815 0.349815 0.349815 0.349815 0.349814 0.349815 0.349815 0.349815 0.000000 0.000000
0.000000 0.000000 0.349996 0.349996 0.349995 0.349996 0.349996 0.349996 0.349996 0.349996 0.349996 0.349996 0.349996 0.349996 0.349996 0.349996 0.349995 0.349996 0.349996 0.000000 0.000000
0.000000 0.000000 0.351303 0.351303 0.351300 0.351301 0.351302 0.351302 0.351302 0.351302 0.351303 0.351302 0.351302 0.351302 0.351302 0.351301 0.351300 0.351303 0.351303 0.000000 0.000000
0.000000 0.000000 0.356649 0.356649 0.356647 0.356647 0.356651 0.356649 0.356649 0.356650 0.356651 0.356650 0.356649 0.356649 0.356651 0.356647 0.356647 0.356649 0.356649 0.000000 0.000000
0.000000 0.000000 0.362563 0.362563 0.362561 0.362561 0.362564 0.362563 0.362563 0.362564 0.362564 0.362564 0.362563 0.362563 0.362564 0.362561 0.362561 0.362563 0.362563 0.000000 0.000000
0.000000 0.000000 0.368108 0.368108 0.368106 0.368106 0.368108 0.368108 0.368108 0.368108 0.368109 0.368108 0.368108 0.368108 0.368108 0.368106 0.368106 0.368108 0.368108 0.000000 0.000000
0.000000 0.000000 0.373151 0.373151 0.373150 0.373150 0.373152 0.373151 0.373151 0.373152 0.373152 0.373152 0.373151 0.373151 0.373152 0.373150 0.373150 0.373151 0.373151 0.000000 0.000000
0.000000 0.000000 0.377809 0.377809 0.377808 0.377808 0.377810 0.377809 0.377809 0.377810 0.377810 0.377810 0.377809 0.377809 0.377810 0.377808 0.377808 0.377809 0.377809 0.000000 0.000000
0.000000 0.000000 0.382189 0.382189 0.382188 0.382188 0.382190 0.382189 0.382189 0.382189 0.382190 0.382189 0.382189 0.382189 0.382190 0.382188 0.382188 0.382189 0.382189 0.000000 0.000000
0.000000 0.000000 0.386347 0.386347 0.386346 0.386346 0.386348 0.386347 0.386347 0.386347 0.386348 0.386347 0.386347 0.386347 0.386348 0.386346 0.386346 0.386347 0.386347 0.000000 0.000000
0.000000 0.000000 0.390323 0.390323 0.390322 0.390322 0.390324 0.390323 0.390323 0.390324 0.390324 0.390324 0.390323 0.390323 0.390324 0.390322 0.390322 0.390323 0.390323 0.000000 0.000000
0.000000 0.000000 0.394147 0.394147 0.394146 0.394146 0.394148 0.394147 0.394147 0.394148 0.394148 0.394148 0.394147 0.394147 0.394148 0.394146 0.394146 0.394147 0.394147 0.000000 0.000000
0.000000 0.000000 0.397849 0.397848 0.397847 0.397848 0.397849 0.397848 0.397848 0.397849 0.397849 0.397849 0.397848 0.397848 0.397849 0.397848 0.397847 0.397848 0.397849 0.000000 0.000000
0.000000 0.000000 0.401438 0.401438 0.401437 0.401438 0.401439 0.401438 0.401438 0.401439 0.401439 0.401439 0.401438 0.401438 0.401439 0.401438 0.401437 0.401438 0.401438 0.000000 0.000000
0.000000 0.000000 0.404922 0.404922 0.404920 0.404921 0.404922 0.404921 0.404922 0.404922 0.404922 0.404922 0.404922 0.404921 0.404922 0.404921 0.404920 0.404922 0.404922 0.000000 0.000000
0.000000 0.000000 0.408311 0.408310 0.408309 0.408310 0.408311 0.408310 0.408310 0.408311 0.408311 0.408311 0.408310 0.408310 0.408311 0.408310 0.408309 0.408310 0.408311 0.000000 0.000000
0.000000 0.000000 0.411662 0.411662 0.411661 0.411661 0.411662 0.411662 0.411662 0.411662 0.411663 0.411662 0.411662 0.411662 0.411662 0.411661 0.411661 0.411662 0.411662 0.000000 0.000000
0.000000 0.000000 0.350000 0.350000 0.350000 0.350000 0.350000 0.350000 0.350000 0.350000 0.350000 0.350000 0.350000 0.350000 0.350000 0.350000 0.350000 0.350000 0.350000 0.000000 0.000000
0.000000 0.000000 0.000000 0.000000 0.000000 0.000000 0.000000 0.000000 0.000000 0.000000 0.000000 0.000000 0.000000 0.000000 0.000000 0.000000 0.000000 0.000000 0.000000 0.000000 0.000000