geotop/1.0zi/1.0Montebello/Templates/testdem/maps/_Eocsilt9018.asc
ncols         21
nrows         20
xllcorner     100.000000
yllcorner     100.000000
cellsize      50.000000
NODATA_value  -9999.0
0.000000 0.000000 0.000000 0.000000 0.000000 0.000000 0.000000 0.000000 0.000000 0.000000 0.000000 0.000000 0.000000 0.000000 0.000000 0.000000 0.000000 0.000000 0.000000 0.000000 0.000000
0.000000 0.000000 0.350192 0.350192 0.350192 0.350192 0.350192 0.350192 0.350192 0.350192 0.350192 0.350192 0.350192 0.350192 0.350192 0.350192 0.350193 0.350192 0.350192 0.000000 0.000000
0.000000 0.000000 0.350005 0.350005 0.350005 0.350005 0.350006 0.350006 0.350006 0.350006 0.350006 0.350006 0.350007 0.350006 0.350006 0.350005 0.350004 0.350004 0.350005 0.000000 0.000000
0.000000 0.000000 0.350121 0.350117 0.350111 0.350107 0.350106 0.350102 0.350105 0.350105 0.350102 0.350105 0.350105 0.350105 0.350107 0.350111 0.350116 0.350117 0.350119 0.000000 0.000000
0.000000 0.000000 0.351249 0.351254 0.351244 0.351228 0.351220 0.351215 0.351217 0.351214 0.351214 0.351216 0.351220 0.351218 0.351232 0.351238 0.351241 0.351245 0.351247 0.000000 0.000000
0.000000 0.000000 0.354421 0.354416 0.354404 0.354384 0.354357 0.354336 0.354334 0.354328 0.354332 0.354333 0.354336 0.354334 0.354349 0.354366 0.354377 0.354380 0.354387 0.000000 0.000000
0.000000 0.000000 0.358924 0.358914 0.358901 0.358869 0.358833 0.358788 0.358791 0.358787 0.358787 0.358786 0.358783 0.358788 0.358826 0.358854 0.358872 0.358884 0.358891 0.000000 0.000000
0.000000 0.000000 0.364251 0.364240 0.364231 0.364197 0.364160 0.364118 0.364120 0.364115 0.364113 0.364111 0.364108 0.364116 0.364152 0.364184 0.364213 0.364215 0.364229 0.000000 0.000000
0.000000 0.000000 0.370049 0.370033 0.370015 0.369990 0.369948 0.369898 0.369903 0.369893 0.369889 0.369887 0.369889 0.369887 0.369938 0.369976 0.369998 0.370004 0.370018 0.000000 0.000000
0.000000 0.000000 0.376299 0.376280 0.376268 0.376243 0.376185 0.376141 0.376143 0.376137 0.376129 0.376134 0.376139 0.376137 0.376178 0.376225 0.376250 0.376255 0.376262 0.000000 0.000000
0.000000 0.000000 0.383212 0.383198 0.383186 0.383127 0.383090 0.383034 0.383049 0.383015 0.383021 0.383017 0.383006 0.383025 0.383069 0.383097 0.383132 0.383143 0.383171 0.000000 0.000000
0.000000 0.000000 0.391072 0.391046 0.391013 0.390982 0.390931 0.390862 0.390862 0.390857 0.390871 0.390845 0.390856 0.390856 0.390931 0.390971 0.390989 0.390996 0.391057 0.000000 0.000000
0.000000 0.000000 0.399749 0.399719 0.399712 0.399651 0.399609 0.399409 0.399409 0.399399 0.399338 0.399373 0.399380 0.399399 0.399554 0.399592 0.399664 0.399662 0.399687 0.000000 0.000000
0.000000 0.000000 0.410232 0.410219 0.410167 0.410128 0.409853 0.409912 0.409860 0.409862 0.409889 0.409862 0.409856 0.409833 0.409782 0.410074 0.410097 0.410160 0.410207 0.000000 0.000000
0.000000 0.000000 0.422634 0.422595 0.422535 0.422176 0.422262 0.422072 0.422009 0.421990 0.421921 0.421885 0.421925 0.421922 0.422105 0.422034 0.422502 0.422396 0.422392 0.000000 0.000000
0.000000 0.000000 0.435573 0.435543 0.435053 0.435252 0.435188 0.435184 0.435390 0.435332 0.435440 0.435415 0.435327 0.435446 0.435417 0.435472 0.435001 0.435720 0.435708 0.000000 0.000000
0.000000 0.000000 0.449771 0.449161 0.449357 0.449089 0.448785 0.448694 0.448495 0.448543 0.448341 0.448364 0.448481 0.448359 0.448524 0.448748 0.449329 0.448878 0.449506 0.000000 0.000000
0.000000 0.000000 0.454016 0.454437 0.454840 0.454817 0.454823 0.454427 0.454492 0.454377 0.454562 0.454523 0.454497 0.454556 0.454886 0.454884 0.454900 0.454570 0.454150 0.000000 0.000000
0.000000 0.000000 0.350000 0.350000 0.350000 0.350000 0.350000 0.350000 0.350000 0.350000 0.350000 0.350000 0.350000 0.350000 0.350000 0.350000 0.350000 0.350000 0.350000 0.000000 0.000000
0.000000 0.000000 0.000000 0.000000 0.000000 0.000000 0.000000 0.000000 0.000000 0.000000 0.000000 0.000000 0.000000 0.000000 0.000000 0.000000 0.000000 0.000000 0.000000 0.000000 0.000000