geotop/1.0zi/1.0Montebello/Templates/testdem/maps/_Eocsilt1281.asc
ncols         21
nrows         20
xllcorner     100.000000
yllcorner     100.000000
cellsize      50.000000
NODATA_value  -9999.0
0.000000 0.000000 0.000000 0.000000 0.000000 0.000000 0.000000 0.000000 0.000000 0.000000 0.000000 0.000000 0.000000 0.000000 0.000000 0.000000 0.000000 0.000000 0.000000 0.000000 0.000000
0.000000 0.000000 0.350025 0.350025 0.350025 0.350025 0.350025 0.350025 0.350025 0.350025 0.350025 0.350025 0.350025 0.350025 0.350025 0.350025 0.350025 0.350025 0.350025 0.000000 0.000000
0.000000 0.000000 0.350000 0.350000 0.350000 0.350000 0.350000 0.350000 0.350000 0.350000 0.350000 0.350000 0.350000 0.350000 0.350000 0.350000 0.350000 0.350000 0.350000 0.000000 0.000000
0.000000 0.000000 0.350570 0.350569 0.350567 0.350568 0.350570 0.350570 0.350570 0.350570 0.350570 0.350570 0.350570 0.350570 0.350570 0.350568 0.350567 0.350569 0.350570 0.000000 0.000000
0.000000 0.000000 0.352375 0.352375 0.352373 0.352373 0.352376 0.352375 0.352375 0.352376 0.352376 0.352376 0.352375 0.352375 0.352376 0.352373 0.352373 0.352375 0.352375 0.000000 0.000000
0.000000 0.000000 0.354589 0.354588 0.354586 0.354586 0.354589 0.354588 0.354588 0.354589 0.354589 0.354589 0.354588 0.354588 0.354589 0.354586 0.354586 0.354588 0.354589 0.000000 0.000000
0.000000 0.000000 0.356625 0.356625 0.356623 0.356624 0.356626 0.356625 0.356625 0.356626 0.356626 0.356626 0.356625 0.356625 0.356626 0.356624 0.356623 0.356625 0.356625 0.000000 0.000000
0.000000 0.000000 0.358494 0.358494 0.358492 0.358493 0.358494 0.358494 0.358494 0.358494 0.358494 0.358494 0.358494 0.358494 0.358494 0.358493 0.358492 0.358494 0.358494 0.000000 0.000000
0.000000 0.000000 0.360244 0.360244 0.360242 0.360243 0.360244 0.360244 0.360244 0.360244 0.360244 0.360244 0.360244 0.360244 0.360244 0.360243 0.360242 0.360244 0.360244 0.000000 0.000000
0.000000 0.000000 0.361921 0.361921 0.361919 0.361920 0.361921 0.361921 0.361921 0.361921 0.361921 0.361921 0.361921 0.361921 0.361921 0.361920 0.361919 0.361921 0.361921 0.000000 0.000000
0.000000 0.000000 0.363543 0.363543 0.363541 0.363542 0.363543 0.363543 0.363543 0.363543 0.363543 0.363543 0.363543 0.363543 0.363543 0.363542 0.363541 0.363543 0.363543 0.000000 0.000000
0.000000 0.000000 0.365127 0.365126 0.365125 0.365125 0.365127 0.365127 0.365127 0.365127 0.365127 0.365127 0.365127 0.365127 0.365127 0.365125 0.365125 0.365126 0.365127 0.000000 0.000000
0.000000 0.000000 0.366683 0.366683 0.366682 0.366682 0.366684 0.366683 0.366683 0.366684 0.366684 0.366684 0.366683 0.366683 0.366684 0.366682 0.366682 0.366683 0.366683 0.000000 0.000000
0.000000 0.000000 0.368213 0.368213 0.368212 0.368212 0.368214 0.368213 0.368213 0.368214 0.368213 0.368214 0.368213 0.368213 0.368214 0.368212 0.368212 0.368213 0.368213 0.000000 0.000000
0.000000 0.000000 0.369724 0.369723 0.369722 0.369722 0.369724 0.369723 0.369723 0.369724 0.369724 0.369724 0.369723 0.369723 0.369724 0.369722 0.369722 0.369723 0.369724 0.000000 0.000000
0.000000 0.000000 0.371220 0.371220 0.371218 0.371219 0.371220 0.371220 0.371220 0.371220 0.371220 0.371220 0.371220 0.371220 0.371220 0.371219 0.371218 0.371220 0.371220 0.000000 0.000000
0.000000 0.000000 0.372702 0.372701 0.372700 0.372701 0.372702 0.372702 0.372702 0.372702 0.372702 0.372702 0.372702 0.372702 0.372702 0.372701 0.372700 0.372701 0.372702 0.000000 0.000000
0.000000 0.000000 0.374209 0.374210 0.374208 0.374209 0.374210 0.374210 0.374210 0.374210 0.374210 0.374210 0.374210 0.374210 0.374210 0.374209 0.374208 0.374210 0.374210 0.000000 0.000000
0.000000 0.000000 0.350000 0.350000 0.350000 0.350000 0.350000 0.350000 0.350000 0.350000 0.350000 0.350000 0.350000 0.350000 0.350000 0.350000 0.350000 0.350000 0.350000 0.000000 0.000000
0.000000 0.000000 0.000000 0.000000 0.000000 0.000000 0.000000 0.000000 0.000000 0.000000 0.000000 0.000000 0.000000 0.000000 0.000000 0.000000 0.000000 0.000000 0.000000 0.000000 0.000000