geotop/1.0zi/1.0Montebello/Templates/testdem/maps/_Eocsand0277.asc
ncols         21
nrows         20
xllcorner     100.000000
yllcorner     100.000000
cellsize      50.000000
NODATA_value  -9999.0
0.000000 0.000000 0.000000 0.000000 0.000000 0.000000 0.000000 0.000000 0.000000 0.000000 0.000000 0.000000 0.000000 0.000000 0.000000 0.000000 0.000000 0.000000 0.000000 0.000000 0.000000
0.000000 0.000000 0.300013 0.300013 0.300013 0.300013 0.300013 0.300013 0.300013 0.300013 0.300013 0.300013 0.300013 0.300013 0.300013 0.300013 0.300013 0.300013 0.300013 0.000000 0.000000
0.000000 0.000000 0.300001 0.300001 0.300002 0.300001 0.300001 0.300001 0.300001 0.300001 0.300001 0.300001 0.300001 0.300001 0.300001 0.300001 0.300002 0.300001 0.300001 0.000000 0.000000
0.000000 0.000000 0.299507 0.299507 0.299512 0.299507 0.299507 0.299507 0.299507 0.299507 0.299507 0.299507 0.299507 0.299507 0.299507 0.299507 0.299512 0.299507 0.299507 0.000000 0.000000
0.000000 0.000000 0.298270 0.298271 0.298275 0.298271 0.298271 0.298270 0.298270 0.298270 0.298270 0.298270 0.298270 0.298270 0.298271 0.298271 0.298275 0.298271 0.298270 0.000000 0.000000
0.000000 0.000000 0.297146 0.297146 0.297149 0.297146 0.297146 0.297146 0.297146 0.297146 0.297146 0.297146 0.297146 0.297146 0.297146 0.297146 0.297149 0.297146 0.297146 0.000000 0.000000
0.000000 0.000000 0.296142 0.296142 0.296145 0.296143 0.296142 0.296142 0.296142 0.296142 0.296142 0.296142 0.296142 0.296142 0.296142 0.296143 0.296145 0.296142 0.296142 0.000000 0.000000
0.000000 0.000000 0.295225 0.295225 0.295228 0.295225 0.295225 0.295225 0.295225 0.295225 0.295225 0.295225 0.295225 0.295225 0.295225 0.295225 0.295228 0.295225 0.295225 0.000000 0.000000
0.000000 0.000000 0.294366 0.294366 0.294369 0.294366 0.294366 0.294366 0.294366 0.294366 0.294366 0.294366 0.294366 0.294366 0.294366 0.294366 0.294369 0.294366 0.294366 0.000000 0.000000
0.000000 0.000000 0.293541 0.293542 0.293544 0.293542 0.293541 0.293541 0.293541 0.293541 0.293541 0.293541 0.293541 0.293541 0.293541 0.293542 0.293544 0.293542 0.293541 0.000000 0.000000
0.000000 0.000000 0.292745 0.292745 0.292747 0.292745 0.292745 0.292745 0.292745 0.292745 0.292745 0.292745 0.292745 0.292745 0.292745 0.292745 0.292747 0.292745 0.292745 0.000000 0.000000
0.000000 0.000000 0.291968 0.291968 0.291971 0.291968 0.291968 0.291968 0.291968 0.291968 0.291968 0.291968 0.291968 0.291968 0.291968 0.291968 0.291971 0.291968 0.291968 0.000000 0.000000
0.000000 0.000000 0.291207 0.291207 0.291210 0.291208 0.291207 0.291207 0.291207 0.291207 0.291207 0.291207 0.291207 0.291207 0.291207 0.291208 0.291210 0.291207 0.291207 0.000000 0.000000
0.000000 0.000000 0.290463 0.290464 0.290466 0.290464 0.290463 0.290463 0.290463 0.290463 0.290463 0.290463 0.290463 0.290463 0.290463 0.290464 0.290466 0.290464 0.290463 0.000000 0.000000
0.000000 0.000000 0.289730 0.289730 0.289733 0.289730 0.289730 0.289730 0.289730 0.289730 0.289730 0.289730 0.289730 0.289730 0.289730 0.289730 0.289733 0.289730 0.289730 0.000000 0.000000
0.000000 0.000000 0.289002 0.289002 0.289004 0.289002 0.289002 0.289002 0.289002 0.289002 0.289002 0.289002 0.289002 0.289002 0.289002 0.289002 0.289004 0.289002 0.289002 0.000000 0.000000
0.000000 0.000000 0.288286 0.288286 0.288288 0.288286 0.288286 0.288286 0.288286 0.288286 0.288286 0.288286 0.288286 0.288286 0.288286 0.288286 0.288288 0.288286 0.288286 0.000000 0.000000
0.000000 0.000000 0.287531 0.287531 0.287533 0.287531 0.287530 0.287530 0.287530 0.287530 0.287530 0.287530 0.287530 0.287530 0.287530 0.287531 0.287533 0.287531 0.287530 0.000000 0.000000
0.000000 0.000000 0.300000 0.300000 0.300000 0.300000 0.300000 0.300000 0.300000 0.300000 0.300000 0.300000 0.300000 0.300000 0.300000 0.300000 0.300000 0.300000 0.300000 0.000000 0.000000
0.000000 0.000000 0.000000 0.000000 0.000000 0.000000 0.000000 0.000000 0.000000 0.000000 0.000000 0.000000 0.000000 0.000000 0.000000 0.000000 0.000000 0.000000 0.000000 0.000000 0.000000