geotop/1.0zi/1.0Montebello/Templates/testdem/maps/_Eocsilt3908.asc
ncols         21
nrows         20
xllcorner     100.000000
yllcorner     100.000000
cellsize      50.000000
NODATA_value  -9999.0
0.000000 0.000000 0.000000 0.000000 0.000000 0.000000 0.000000 0.000000 0.000000 0.000000 0.000000 0.000000 0.000000 0.000000 0.000000 0.000000 0.000000 0.000000 0.000000 0.000000 0.000000
0.000000 0.000000 0.350078 0.350078 0.350078 0.350078 0.350078 0.350078 0.350078 0.350078 0.350078 0.350078 0.350078 0.350078 0.350078 0.350078 0.350079 0.350078 0.350078 0.000000 0.000000
0.000000 0.000000 0.350001 0.350002 0.350002 0.350002 0.350003 0.350003 0.350003 0.350003 0.350003 0.350003 0.350003 0.350003 0.350002 0.350002 0.350001 0.350001 0.350001 0.000000 0.000000
0.000000 0.000000 0.350032 0.350031 0.350032 0.350027 0.350029 0.350026 0.350028 0.350029 0.350028 0.350028 0.350028 0.350027 0.350028 0.350030 0.350031 0.350032 0.350032 0.000000 0.000000
0.000000 0.000000 0.350374 0.350378 0.350374 0.350377 0.350375 0.350373 0.350372 0.350369 0.350369 0.350370 0.350372 0.350372 0.350372 0.350371 0.350371 0.350375 0.350377 0.000000 0.000000
0.000000 0.000000 0.351426 0.351427 0.351423 0.351416 0.351409 0.351395 0.351395 0.351391 0.351394 0.351396 0.351397 0.351399 0.351406 0.351412 0.351414 0.351413 0.351414 0.000000 0.000000
0.000000 0.000000 0.352980 0.352981 0.352978 0.352964 0.352949 0.352933 0.352934 0.352930 0.352934 0.352933 0.352933 0.352937 0.352951 0.352965 0.352968 0.352971 0.352977 0.000000 0.000000
0.000000 0.000000 0.354771 0.354769 0.354764 0.354748 0.354729 0.354711 0.354712 0.354708 0.354709 0.354709 0.354710 0.354714 0.354736 0.354751 0.354760 0.354760 0.354764 0.000000 0.000000
0.000000 0.000000 0.356573 0.356569 0.356562 0.356549 0.356531 0.356509 0.356510 0.356506 0.356507 0.356508 0.356509 0.356514 0.356534 0.356551 0.356557 0.356560 0.356567 0.000000 0.000000
0.000000 0.000000 0.358357 0.358354 0.358348 0.358335 0.358315 0.358296 0.358298 0.358294 0.358295 0.358296 0.358296 0.358300 0.358321 0.358338 0.358343 0.358345 0.358350 0.000000 0.000000
0.000000 0.000000 0.360143 0.360141 0.360134 0.360123 0.360107 0.360084 0.360086 0.360081 0.360082 0.360083 0.360084 0.360088 0.360107 0.360119 0.360126 0.360129 0.360135 0.000000 0.000000
0.000000 0.000000 0.361979 0.361976 0.361969 0.361954 0.361936 0.361914 0.361913 0.361910 0.361911 0.361911 0.361913 0.361917 0.361941 0.361955 0.361962 0.361964 0.361984 0.000000 0.000000
0.000000 0.000000 0.363827 0.363824 0.363816 0.363804 0.363784 0.363743 0.363743 0.363739 0.363739 0.363739 0.363740 0.363746 0.363783 0.363801 0.363807 0.363809 0.363822 0.000000 0.000000
0.000000 0.000000 0.365767 0.365761 0.365754 0.365742 0.365699 0.365685 0.365678 0.365675 0.365676 0.365676 0.365677 0.365682 0.365698 0.365736 0.365743 0.365750 0.365758 0.000000 0.000000
0.000000 0.000000 0.367842 0.367837 0.367822 0.367787 0.367763 0.367736 0.367723 0.367718 0.367713 0.367713 0.367718 0.367719 0.367742 0.367770 0.367809 0.367806 0.367812 0.000000 0.000000
0.000000 0.000000 0.369964 0.369959 0.369917 0.369906 0.369888 0.369872 0.369869 0.369867 0.369869 0.369869 0.369867 0.369879 0.369890 0.369903 0.369904 0.369943 0.369954 0.000000 0.000000
0.000000 0.000000 0.372299 0.372252 0.372213 0.372194 0.372162 0.372145 0.372141 0.372139 0.372134 0.372134 0.372137 0.372139 0.372154 0.372185 0.372202 0.372225 0.372273 0.000000 0.000000
0.000000 0.000000 0.374156 0.374141 0.374165 0.374142 0.374111 0.374060 0.374054 0.374049 0.374051 0.374050 0.374051 0.374059 0.374107 0.374136 0.374165 0.374122 0.374146 0.000000 0.000000
0.000000 0.000000 0.350000 0.350000 0.350000 0.350000 0.350000 0.350000 0.350000 0.350000 0.350000 0.350000 0.350000 0.350000 0.350000 0.350000 0.350000 0.350000 0.350000 0.000000 0.000000
0.000000 0.000000 0.000000 0.000000 0.000000 0.000000 0.000000 0.000000 0.000000 0.000000 0.000000 0.000000 0.000000 0.000000 0.000000 0.000000 0.000000 0.000000 0.000000 0.000000 0.000000