geotop/1.0zi/1.0Montebello/Templates/testdem/maps/_Eocsand4389.asc
ncols         21
nrows         20
xllcorner     100.000000
yllcorner     100.000000
cellsize      50.000000
NODATA_value  -9999.0
0.000000 0.000000 0.000000 0.000000 0.000000 0.000000 0.000000 0.000000 0.000000 0.000000 0.000000 0.000000 0.000000 0.000000 0.000000 0.000000 0.000000 0.000000 0.000000 0.000000 0.000000
0.000000 0.000000 0.300107 0.300107 0.300107 0.300107 0.300107 0.300107 0.300107 0.300107 0.300107 0.300107 0.300107 0.300107 0.300107 0.300107 0.300107 0.300107 0.300107 0.000000 0.000000
0.000000 0.000000 0.300005 0.300004 0.300004 0.300004 0.300004 0.300004 0.300004 0.300004 0.300004 0.300004 0.300004 0.300004 0.300004 0.300004 0.300006 0.300006 0.300005 0.000000 0.000000
0.000000 0.000000 0.299974 0.299973 0.299976 0.299979 0.299977 0.299979 0.299977 0.299978 0.299978 0.299979 0.299979 0.299980 0.299976 0.299973 0.299973 0.299972 0.299974 0.000000 0.000000
0.000000 0.000000 0.299285 0.299285 0.299289 0.299288 0.299295 0.299299 0.299300 0.299304 0.299306 0.299301 0.299304 0.299304 0.299300 0.299300 0.299300 0.299296 0.299290 0.000000 0.000000
0.000000 0.000000 0.296981 0.296980 0.296990 0.297005 0.297009 0.297030 0.297032 0.297041 0.297033 0.297032 0.297028 0.297034 0.297035 0.297024 0.297015 0.297012 0.297005 0.000000 0.000000
0.000000 0.000000 0.293464 0.293471 0.293481 0.293501 0.293527 0.293560 0.293557 0.293564 0.293558 0.293560 0.293564 0.293564 0.293542 0.293513 0.293502 0.293492 0.293481 0.000000 0.000000
0.000000 0.000000 0.289383 0.289389 0.289397 0.289420 0.289443 0.289476 0.289471 0.289477 0.289477 0.289478 0.289485 0.289490 0.289460 0.289431 0.289414 0.289409 0.289398 0.000000 0.000000
0.000000 0.000000 0.285260 0.285269 0.285282 0.285299 0.285322 0.285360 0.285356 0.285364 0.285363 0.285362 0.285369 0.285371 0.285343 0.285309 0.285296 0.285289 0.285274 0.000000 0.000000
0.000000 0.000000 0.281149 0.281158 0.281168 0.281186 0.281215 0.281249 0.281242 0.281248 0.281248 0.281247 0.281255 0.281262 0.281229 0.281195 0.281182 0.281176 0.281165 0.000000 0.000000
0.000000 0.000000 0.276983 0.276991 0.277002 0.277015 0.277035 0.277077 0.277070 0.277080 0.277080 0.277078 0.277087 0.277092 0.277065 0.277040 0.277023 0.277016 0.277002 0.000000 0.000000
0.000000 0.000000 0.272677 0.272685 0.272699 0.272721 0.272743 0.272783 0.272782 0.272788 0.272788 0.272789 0.272795 0.272802 0.272765 0.272735 0.272719 0.272713 0.272668 0.000000 0.000000
0.000000 0.000000 0.268316 0.268326 0.268340 0.268356 0.268384 0.268469 0.268466 0.268474 0.268475 0.268474 0.268484 0.268487 0.268415 0.268379 0.268363 0.268357 0.268328 0.000000 0.000000
0.000000 0.000000 0.263708 0.263725 0.263736 0.263753 0.263838 0.263858 0.263870 0.263877 0.263876 0.263876 0.263886 0.263892 0.263870 0.263783 0.263765 0.263748 0.263731 0.000000 0.000000
0.000000 0.000000 0.258747 0.258761 0.258790 0.258865 0.258903 0.258955 0.258981 0.258991 0.259004 0.259005 0.259006 0.259021 0.258983 0.258921 0.258825 0.258830 0.258816 0.000000 0.000000
0.000000 0.000000 0.253634 0.253648 0.253748 0.253763 0.253785 0.253810 0.253811 0.253814 0.253810 0.253812 0.253830 0.253819 0.253810 0.253784 0.253782 0.253681 0.253655 0.000000 0.000000
0.000000 0.000000 0.247964 0.248090 0.248176 0.248210 0.248269 0.248301 0.248307 0.248312 0.248326 0.248326 0.248330 0.248346 0.248326 0.248252 0.248205 0.248153 0.248028 0.000000 0.000000
0.000000 0.000000 0.243518 0.243550 0.243480 0.243524 0.243576 0.243697 0.243706 0.243719 0.243715 0.243717 0.243729 0.243728 0.243621 0.243557 0.243485 0.243591 0.243538 0.000000 0.000000
0.000000 0.000000 0.300000 0.300000 0.300000 0.300000 0.300000 0.300000 0.300000 0.300000 0.300000 0.300000 0.300000 0.300000 0.300000 0.300000 0.300000 0.300000 0.300000 0.000000 0.000000
0.000000 0.000000 0.000000 0.000000 0.000000 0.000000 0.000000 0.000000 0.000000 0.000000 0.000000 0.000000 0.000000 0.000000 0.000000 0.000000 0.000000 0.000000 0.000000 0.000000 0.000000