geotop/1.0zi/1.0Montebello/Templates/testdem/maps/_Eocsilt3489.asc
ncols         21
nrows         20
xllcorner     100.000000
yllcorner     100.000000
cellsize      50.000000
NODATA_value  -9999.0
0.000000 0.000000 0.000000 0.000000 0.000000 0.000000 0.000000 0.000000 0.000000 0.000000 0.000000 0.000000 0.000000 0.000000 0.000000 0.000000 0.000000 0.000000 0.000000 0.000000 0.000000
0.000000 0.000000 0.350093 0.350093 0.350093 0.350093 0.350093 0.350093 0.350093 0.350093 0.350092 0.350093 0.350093 0.350093 0.350093 0.350093 0.350093 0.350093 0.350093 0.000000 0.000000
0.000000 0.000000 0.349994 0.349994 0.349994 0.349994 0.349994 0.349994 0.349994 0.349994 0.349994 0.349994 0.349994 0.349994 0.349994 0.349994 0.349994 0.349994 0.349994 0.000000 0.000000
0.000000 0.000000 0.351374 0.351374 0.351371 0.351372 0.351374 0.351374 0.351374 0.351374 0.351375 0.351374 0.351374 0.351374 0.351374 0.351372 0.351371 0.351374 0.351374 0.000000 0.000000
0.000000 0.000000 0.356288 0.356287 0.356285 0.356285 0.356288 0.356286 0.356286 0.356287 0.356288 0.356287 0.356286 0.356286 0.356288 0.356285 0.356285 0.356287 0.356288 0.000000 0.000000
0.000000 0.000000 0.362340 0.362339 0.362338 0.362338 0.362340 0.362339 0.362339 0.362340 0.362340 0.362340 0.362339 0.362339 0.362340 0.362338 0.362338 0.362339 0.362340 0.000000 0.000000
0.000000 0.000000 0.367819 0.367819 0.367818 0.367818 0.367820 0.367819 0.367819 0.367819 0.367820 0.367819 0.367819 0.367819 0.367820 0.367818 0.367818 0.367819 0.367819 0.000000 0.000000
0.000000 0.000000 0.372768 0.372768 0.372766 0.372766 0.372768 0.372767 0.372767 0.372768 0.372768 0.372768 0.372767 0.372767 0.372768 0.372766 0.372766 0.372768 0.372768 0.000000 0.000000
0.000000 0.000000 0.377328 0.377327 0.377326 0.377326 0.377328 0.377327 0.377327 0.377328 0.377328 0.377328 0.377327 0.377327 0.377328 0.377326 0.377326 0.377327 0.377328 0.000000 0.000000
0.000000 0.000000 0.381607 0.381607 0.381606 0.381606 0.381608 0.381607 0.381607 0.381607 0.381608 0.381607 0.381607 0.381607 0.381608 0.381606 0.381606 0.381607 0.381607 0.000000 0.000000
0.000000 0.000000 0.385663 0.385663 0.385662 0.385662 0.385663 0.385663 0.385663 0.385663 0.385664 0.385663 0.385663 0.385663 0.385663 0.385662 0.385662 0.385663 0.385663 0.000000 0.000000
0.000000 0.000000 0.389534 0.389534 0.389533 0.389533 0.389535 0.389534 0.389534 0.389535 0.389535 0.389535 0.389534 0.389534 0.389535 0.389533 0.389533 0.389534 0.389534 0.000000 0.000000
0.000000 0.000000 0.393251 0.393251 0.393250 0.393250 0.393251 0.393251 0.393251 0.393251 0.393252 0.393251 0.393251 0.393251 0.393251 0.393250 0.393250 0.393251 0.393251 0.000000 0.000000
0.000000 0.000000 0.396841 0.396841 0.396840 0.396841 0.396842 0.396841 0.396841 0.396842 0.396842 0.396842 0.396841 0.396841 0.396842 0.396841 0.396840 0.396841 0.396841 0.000000 0.000000
0.000000 0.000000 0.400316 0.400316 0.400315 0.400316 0.400317 0.400316 0.400316 0.400317 0.400317 0.400317 0.400316 0.400316 0.400317 0.400316 0.400315 0.400316 0.400316 0.000000 0.000000
0.000000 0.000000 0.403681 0.403681 0.403680 0.403680 0.403682 0.403681 0.403681 0.403682 0.403682 0.403682 0.403681 0.403681 0.403682 0.403680 0.403680 0.403681 0.403681 0.000000 0.000000
0.000000 0.000000 0.406949 0.406949 0.406948 0.406948 0.406949 0.406949 0.406949 0.406949 0.406950 0.406949 0.406949 0.406949 0.406949 0.406948 0.406948 0.406949 0.406949 0.000000 0.000000
0.000000 0.000000 0.410172 0.410173 0.410172 0.410172 0.410173 0.410172 0.410172 0.410173 0.410173 0.410173 0.410172 0.410172 0.410173 0.410172 0.410172 0.410173 0.410173 0.000000 0.000000
0.000000 0.000000 0.350000 0.350000 0.350000 0.350000 0.350000 0.350000 0.350000 0.350000 0.350000 0.350000 0.350000 0.350000 0.350000 0.350000 0.350000 0.350000 0.350000 0.000000 0.000000
0.000000 0.000000 0.000000 0.000000 0.000000 0.000000 0.000000 0.000000 0.000000 0.000000 0.000000 0.000000 0.000000 0.000000 0.000000 0.000000 0.000000 0.000000 0.000000 0.000000 0.000000