geotop/1.0zi/1.0Montebello/Templates/testdem/maps/_Eocsilt9422.asc
ncols         21
nrows         20
xllcorner     100.000000
yllcorner     100.000000
cellsize      50.000000
NODATA_value  -9999.0
0.000000 0.000000 0.000000 0.000000 0.000000 0.000000 0.000000 0.000000 0.000000 0.000000 0.000000 0.000000 0.000000 0.000000 0.000000 0.000000 0.000000 0.000000 0.000000 0.000000 0.000000
0.000000 0.000000 0.350201 0.350201 0.350201 0.350201 0.350200 0.350201 0.350201 0.350201 0.350201 0.350200 0.350200 0.350200 0.350200 0.350201 0.350201 0.350201 0.350201 0.000000 0.000000
0.000000 0.000000 0.350008 0.350008 0.350008 0.350007 0.350008 0.350008 0.350008 0.350008 0.350009 0.350008 0.350009 0.350009 0.350008 0.350007 0.350006 0.350006 0.350007 0.000000 0.000000
0.000000 0.000000 0.350128 0.350124 0.350119 0.350114 0.350114 0.350109 0.350112 0.350113 0.350110 0.350113 0.350114 0.350114 0.350116 0.350120 0.350125 0.350125 0.350128 0.000000 0.000000
0.000000 0.000000 0.351361 0.351366 0.351355 0.351339 0.351329 0.351323 0.351326 0.351324 0.351324 0.351327 0.351332 0.351330 0.351343 0.351350 0.351353 0.351360 0.351363 0.000000 0.000000
0.000000 0.000000 0.354803 0.354798 0.354783 0.354763 0.354731 0.354708 0.354706 0.354701 0.354704 0.354705 0.354710 0.354708 0.354723 0.354744 0.354755 0.354763 0.354770 0.000000 0.000000
0.000000 0.000000 0.359677 0.359667 0.359651 0.359618 0.359577 0.359526 0.359531 0.359528 0.359526 0.359526 0.359524 0.359530 0.359569 0.359599 0.359620 0.359635 0.359643 0.000000 0.000000
0.000000 0.000000 0.365445 0.365434 0.365421 0.365385 0.365344 0.365297 0.365300 0.365295 0.365292 0.365290 0.365288 0.365297 0.365334 0.365370 0.365402 0.365407 0.365422 0.000000 0.000000
0.000000 0.000000 0.371766 0.371750 0.371729 0.371702 0.371655 0.371597 0.371604 0.371593 0.371588 0.371587 0.371590 0.371589 0.371643 0.371684 0.371709 0.371720 0.371734 0.000000 0.000000
0.000000 0.000000 0.378657 0.378639 0.378622 0.378593 0.378530 0.378477 0.378481 0.378474 0.378464 0.378470 0.378478 0.378477 0.378519 0.378572 0.378601 0.378612 0.378619 0.000000 0.000000
0.000000 0.000000 0.386381 0.386368 0.386354 0.386285 0.386245 0.386176 0.386195 0.386158 0.386164 0.386160 0.386149 0.386171 0.386218 0.386251 0.386291 0.386308 0.386340 0.000000 0.000000
0.000000 0.000000 0.395285 0.395254 0.395213 0.395181 0.395121 0.395036 0.395039 0.395034 0.395049 0.395018 0.395035 0.395034 0.395117 0.395165 0.395187 0.395201 0.395269 0.000000 0.000000
0.000000 0.000000 0.405218 0.405191 0.405182 0.405106 0.405056 0.404814 0.404817 0.404805 0.404729 0.404775 0.404784 0.404808 0.404988 0.405032 0.405119 0.405126 0.405149 0.000000 0.000000
0.000000 0.000000 0.417377 0.417369 0.417300 0.417255 0.416918 0.417010 0.416947 0.416949 0.416990 0.416952 0.416946 0.416918 0.416832 0.417193 0.417214 0.417301 0.417355 0.000000 0.000000
0.000000 0.000000 0.431501 0.431461 0.431392 0.430960 0.431100 0.430845 0.430779 0.430755 0.430665 0.430628 0.430680 0.430683 0.430916 0.430788 0.431355 0.431230 0.431218 0.000000 0.000000
0.000000 0.000000 0.445121 0.445095 0.444569 0.444820 0.444733 0.444742 0.444973 0.444912 0.445034 0.445012 0.444916 0.445044 0.444989 0.445064 0.444507 0.445302 0.445291 0.000000 0.000000
0.000000 0.000000 0.457939 0.457464 0.457611 0.457398 0.457154 0.457073 0.456917 0.456953 0.456791 0.456810 0.456904 0.456808 0.456943 0.457124 0.457582 0.457238 0.457732 0.000000 0.000000
0.000000 0.000000 0.462691 0.462814 0.463094 0.463019 0.462953 0.462688 0.462688 0.462627 0.462698 0.462679 0.462688 0.462700 0.462934 0.462984 0.463118 0.462831 0.462713 0.000000 0.000000
0.000000 0.000000 0.350000 0.350000 0.350000 0.350000 0.350000 0.350000 0.350000 0.350000 0.350000 0.350000 0.350000 0.350000 0.350000 0.350000 0.350000 0.350000 0.350000 0.000000 0.000000
0.000000 0.000000 0.000000 0.000000 0.000000 0.000000 0.000000 0.000000 0.000000 0.000000 0.000000 0.000000 0.000000 0.000000 0.000000 0.000000 0.000000 0.000000 0.000000 0.000000 0.000000