geotop/1.0zi/1.0Montebello/Templates/testdem/maps/_Eocsilt2078.asc
ncols         21
nrows         20
xllcorner     100.000000
yllcorner     100.000000
cellsize      50.000000
NODATA_value  -9999.0
0.000000 0.000000 0.000000 0.000000 0.000000 0.000000 0.000000 0.000000 0.000000 0.000000 0.000000 0.000000 0.000000 0.000000 0.000000 0.000000 0.000000 0.000000 0.000000 0.000000 0.000000
0.000000 0.000000 0.350047 0.350047 0.350047 0.350047 0.350047 0.350047 0.350047 0.350047 0.350047 0.350047 0.350047 0.350047 0.350047 0.350047 0.350047 0.350047 0.350047 0.000000 0.000000
0.000000 0.000000 0.349999 0.349999 0.349999 0.349999 0.349999 0.349999 0.349999 0.349999 0.349999 0.349999 0.349999 0.349999 0.349999 0.349999 0.349999 0.349999 0.349999 0.000000 0.000000
0.000000 0.000000 0.350700 0.350699 0.350697 0.350698 0.350700 0.350700 0.350700 0.350700 0.350700 0.350700 0.350700 0.350700 0.350700 0.350698 0.350697 0.350699 0.350700 0.000000 0.000000
0.000000 0.000000 0.353359 0.353359 0.353357 0.353357 0.353360 0.353359 0.353359 0.353360 0.353360 0.353360 0.353359 0.353359 0.353360 0.353357 0.353357 0.353359 0.353359 0.000000 0.000000
0.000000 0.000000 0.356835 0.356835 0.356833 0.356833 0.356836 0.356835 0.356835 0.356836 0.356836 0.356836 0.356835 0.356835 0.356836 0.356833 0.356833 0.356835 0.356835 0.000000 0.000000
0.000000 0.000000 0.360029 0.360029 0.360027 0.360027 0.360029 0.360029 0.360029 0.360030 0.360030 0.360030 0.360029 0.360029 0.360029 0.360027 0.360027 0.360029 0.360029 0.000000 0.000000
0.000000 0.000000 0.362952 0.362951 0.362950 0.362950 0.362952 0.362951 0.362952 0.362952 0.362952 0.362952 0.362952 0.362951 0.362952 0.362950 0.362950 0.362951 0.362952 0.000000 0.000000
0.000000 0.000000 0.365682 0.365682 0.365681 0.365681 0.365683 0.365682 0.365682 0.365683 0.365683 0.365683 0.365682 0.365682 0.365683 0.365681 0.365681 0.365682 0.365682 0.000000 0.000000
0.000000 0.000000 0.368287 0.368287 0.368286 0.368286 0.368287 0.368287 0.368287 0.368288 0.368288 0.368288 0.368287 0.368287 0.368287 0.368286 0.368286 0.368287 0.368287 0.000000 0.000000
0.000000 0.000000 0.370796 0.370796 0.370795 0.370795 0.370797 0.370796 0.370796 0.370797 0.370797 0.370797 0.370796 0.370796 0.370797 0.370795 0.370795 0.370796 0.370796 0.000000 0.000000
0.000000 0.000000 0.373232 0.373232 0.373231 0.373231 0.373233 0.373232 0.373232 0.373233 0.373233 0.373233 0.373232 0.373232 0.373233 0.373231 0.373231 0.373232 0.373232 0.000000 0.000000
0.000000 0.000000 0.375612 0.375612 0.375611 0.375611 0.375612 0.375612 0.375612 0.375613 0.375613 0.375613 0.375612 0.375612 0.375612 0.375611 0.375611 0.375612 0.375612 0.000000 0.000000
0.000000 0.000000 0.377942 0.377941 0.377940 0.377941 0.377942 0.377941 0.377942 0.377942 0.377942 0.377942 0.377942 0.377941 0.377942 0.377941 0.377940 0.377941 0.377942 0.000000 0.000000
0.000000 0.000000 0.380231 0.380231 0.380230 0.380230 0.380231 0.380231 0.380231 0.380232 0.380232 0.380232 0.380231 0.380231 0.380231 0.380230 0.380230 0.380231 0.380231 0.000000 0.000000
0.000000 0.000000 0.382485 0.382485 0.382484 0.382484 0.382486 0.382485 0.382485 0.382486 0.382486 0.382486 0.382485 0.382485 0.382486 0.382484 0.382484 0.382485 0.382485 0.000000 0.000000
0.000000 0.000000 0.384704 0.384704 0.384703 0.384703 0.384704 0.384704 0.384704 0.384704 0.384705 0.384704 0.384704 0.384704 0.384704 0.384703 0.384703 0.384704 0.384704 0.000000 0.000000
0.000000 0.000000 0.386919 0.386919 0.386918 0.386919 0.386920 0.386920 0.386920 0.386920 0.386920 0.386920 0.386920 0.386920 0.386920 0.386919 0.386918 0.386919 0.386920 0.000000 0.000000
0.000000 0.000000 0.350000 0.350000 0.350000 0.350000 0.350000 0.350000 0.350000 0.350000 0.350000 0.350000 0.350000 0.350000 0.350000 0.350000 0.350000 0.350000 0.350000 0.000000 0.000000
0.000000 0.000000 0.000000 0.000000 0.000000 0.000000 0.000000 0.000000 0.000000 0.000000 0.000000 0.000000 0.000000 0.000000 0.000000 0.000000 0.000000 0.000000 0.000000 0.000000 0.000000