geotop/1.0zi/1.0Montebello/Templates/testdem/maps/_Eocsilt2673.asc
ncols         21
nrows         20
xllcorner     100.000000
yllcorner     100.000000
cellsize      50.000000
NODATA_value  -9999.0
0.000000 0.000000 0.000000 0.000000 0.000000 0.000000 0.000000 0.000000 0.000000 0.000000 0.000000 0.000000 0.000000 0.000000 0.000000 0.000000 0.000000 0.000000 0.000000 0.000000 0.000000
0.000000 0.000000 0.350064 0.350064 0.350064 0.350064 0.350064 0.350064 0.350064 0.350064 0.350063 0.350064 0.350064 0.350064 0.350064 0.350064 0.350064 0.350064 0.350064 0.000000 0.000000
0.000000 0.000000 0.349998 0.349997 0.349998 0.349998 0.349998 0.349998 0.349998 0.349998 0.349998 0.349998 0.349998 0.349998 0.349998 0.349998 0.349998 0.349997 0.349998 0.000000 0.000000
0.000000 0.000000 0.350877 0.350877 0.350875 0.350876 0.350878 0.350878 0.350877 0.350878 0.350878 0.350878 0.350877 0.350878 0.350878 0.350876 0.350875 0.350877 0.350877 0.000000 0.000000
0.000000 0.000000 0.354322 0.354321 0.354319 0.354320 0.354322 0.354321 0.354322 0.354323 0.354323 0.354323 0.354322 0.354321 0.354322 0.354320 0.354319 0.354321 0.354322 0.000000 0.000000
0.000000 0.000000 0.358822 0.358821 0.358820 0.358820 0.358822 0.358822 0.358822 0.358823 0.358823 0.358823 0.358822 0.358822 0.358822 0.358820 0.358820 0.358821 0.358822 0.000000 0.000000
0.000000 0.000000 0.362952 0.362951 0.362950 0.362950 0.362952 0.362952 0.362952 0.362953 0.362953 0.362953 0.362952 0.362952 0.362952 0.362950 0.362950 0.362951 0.362952 0.000000 0.000000
0.000000 0.000000 0.366718 0.366718 0.366716 0.366717 0.366718 0.366718 0.366718 0.366718 0.366719 0.366718 0.366718 0.366718 0.366718 0.366717 0.366716 0.366718 0.366718 0.000000 0.000000
0.000000 0.000000 0.370221 0.370221 0.370219 0.370220 0.370221 0.370221 0.370221 0.370221 0.370222 0.370221 0.370221 0.370221 0.370221 0.370220 0.370219 0.370221 0.370221 0.000000 0.000000
0.000000 0.000000 0.373542 0.373542 0.373541 0.373541 0.373542 0.373542 0.373542 0.373543 0.373543 0.373543 0.373542 0.373542 0.373542 0.373541 0.373541 0.373542 0.373542 0.000000 0.000000
0.000000 0.000000 0.376722 0.376722 0.376720 0.376721 0.376722 0.376722 0.376722 0.376722 0.376723 0.376722 0.376722 0.376722 0.376722 0.376721 0.376720 0.376722 0.376722 0.000000 0.000000
0.000000 0.000000 0.379790 0.379790 0.379789 0.379789 0.379790 0.379790 0.379790 0.379791 0.379791 0.379791 0.379790 0.379790 0.379790 0.379789 0.379789 0.379790 0.379790 0.000000 0.000000
0.000000 0.000000 0.382769 0.382769 0.382768 0.382768 0.382770 0.382769 0.382769 0.382770 0.382770 0.382770 0.382769 0.382769 0.382770 0.382768 0.382768 0.382769 0.382769 0.000000 0.000000
0.000000 0.000000 0.385674 0.385674 0.385673 0.385673 0.385675 0.385674 0.385674 0.385675 0.385675 0.385675 0.385674 0.385674 0.385675 0.385673 0.385673 0.385674 0.385674 0.000000 0.000000
0.000000 0.000000 0.388514 0.388514 0.388513 0.388513 0.388514 0.388514 0.388514 0.388515 0.388515 0.388515 0.388514 0.388514 0.388514 0.388513 0.388513 0.388514 0.388514 0.000000 0.000000
0.000000 0.000000 0.391295 0.391295 0.391294 0.391294 0.391295 0.391295 0.391295 0.391295 0.391296 0.391295 0.391295 0.391295 0.391295 0.391294 0.391294 0.391295 0.391295 0.000000 0.000000
0.000000 0.000000 0.394019 0.394019 0.394018 0.394018 0.394019 0.394019 0.394019 0.394020 0.394020 0.394020 0.394019 0.394019 0.394019 0.394018 0.394018 0.394019 0.394019 0.000000 0.000000
0.000000 0.000000 0.396722 0.396722 0.396721 0.396721 0.396722 0.396722 0.396722 0.396723 0.396723 0.396723 0.396722 0.396722 0.396722 0.396721 0.396721 0.396722 0.396722 0.000000 0.000000
0.000000 0.000000 0.350000 0.350000 0.350000 0.350000 0.350000 0.350000 0.350000 0.350000 0.350000 0.350000 0.350000 0.350000 0.350000 0.350000 0.350000 0.350000 0.350000 0.000000 0.000000
0.000000 0.000000 0.000000 0.000000 0.000000 0.000000 0.000000 0.000000 0.000000 0.000000 0.000000 0.000000 0.000000 0.000000 0.000000 0.000000 0.000000 0.000000 0.000000 0.000000 0.000000