geotop/1.0zi/1.0Montebello/Templates/testdem/maps/_Eocclay4703.asc
ncols         21
nrows         20
xllcorner     100.000000
yllcorner     100.000000
cellsize      50.000000
NODATA_value  -9999.0
0.000000 0.000000 0.000000 0.000000 0.000000 0.000000 0.000000 0.000000 0.000000 0.000000 0.000000 0.000000 0.000000 0.000000 0.000000 0.000000 0.000000 0.000000 0.000000 0.000000 0.000000
0.000000 0.000000 0.349788 0.349789 0.349789 0.349789 0.349789 0.349789 0.349789 0.349789 0.349789 0.349789 0.349789 0.349789 0.349789 0.349789 0.349788 0.349789 0.349788 0.000000 0.000000
0.000000 0.000000 0.349992 0.349992 0.349992 0.349992 0.349992 0.349992 0.349992 0.349992 0.349992 0.349991 0.349992 0.349992 0.349992 0.349992 0.349992 0.349992 0.349992 0.000000 0.000000
0.000000 0.000000 0.349992 0.349994 0.349992 0.349993 0.349994 0.349994 0.349994 0.349993 0.349994 0.349993 0.349993 0.349992 0.349994 0.349996 0.349994 0.349995 0.349993 0.000000 0.000000
0.000000 0.000000 0.350338 0.350337 0.350336 0.350331 0.350323 0.350321 0.350321 0.350320 0.350320 0.350322 0.350319 0.350320 0.350325 0.350324 0.350328 0.350329 0.350332 0.000000 0.000000
0.000000 0.000000 0.351596 0.351600 0.351594 0.351578 0.351574 0.351560 0.351559 0.351554 0.351559 0.351559 0.351563 0.351564 0.351565 0.351575 0.351580 0.351588 0.351593 0.000000 0.000000
0.000000 0.000000 0.353478 0.353474 0.353471 0.353458 0.353443 0.353422 0.353421 0.353417 0.353420 0.353421 0.353422 0.353422 0.353437 0.353455 0.353464 0.353470 0.353476 0.000000 0.000000
0.000000 0.000000 0.355695 0.355693 0.355691 0.355675 0.355658 0.355637 0.355638 0.355634 0.355635 0.355636 0.355634 0.355636 0.355655 0.355671 0.355680 0.355685 0.355692 0.000000 0.000000
0.000000 0.000000 0.357912 0.357910 0.357905 0.357894 0.357879 0.357858 0.357859 0.357855 0.357855 0.357857 0.357855 0.357856 0.357873 0.357893 0.357900 0.357904 0.357912 0.000000 0.000000
0.000000 0.000000 0.360141 0.360136 0.360134 0.360122 0.360103 0.360084 0.360086 0.360083 0.360083 0.360084 0.360082 0.360081 0.360101 0.360121 0.360128 0.360132 0.360139 0.000000 0.000000
0.000000 0.000000 0.362414 0.362410 0.362407 0.362399 0.362384 0.362360 0.362362 0.362357 0.362357 0.362359 0.362356 0.362357 0.362374 0.362388 0.362398 0.362403 0.362411 0.000000 0.000000
0.000000 0.000000 0.364767 0.364764 0.364759 0.364745 0.364731 0.364708 0.364707 0.364704 0.364704 0.364704 0.364702 0.364701 0.364723 0.364741 0.364750 0.364754 0.364778 0.000000 0.000000
0.000000 0.000000 0.367156 0.367151 0.367147 0.367137 0.367119 0.367070 0.367071 0.367066 0.367066 0.367068 0.367064 0.367065 0.367107 0.367128 0.367137 0.367142 0.367156 0.000000 0.000000
0.000000 0.000000 0.369692 0.369684 0.369681 0.369670 0.369620 0.369607 0.369600 0.369596 0.369597 0.369598 0.369594 0.369594 0.369608 0.369658 0.369668 0.369679 0.369688 0.000000 0.000000
0.000000 0.000000 0.372435 0.372429 0.372416 0.372373 0.372349 0.372318 0.372302 0.372297 0.372290 0.372291 0.372292 0.372287 0.372311 0.372346 0.372401 0.372399 0.372406 0.000000 0.000000
0.000000 0.000000 0.375273 0.375266 0.375213 0.375204 0.375189 0.375173 0.375172 0.375171 0.375174 0.375173 0.375166 0.375176 0.375183 0.375198 0.375198 0.375258 0.375272 0.000000 0.000000
0.000000 0.000000 0.378441 0.378369 0.378326 0.378305 0.378268 0.378248 0.378243 0.378240 0.378233 0.378234 0.378234 0.378228 0.378244 0.378287 0.378314 0.378343 0.378415 0.000000 0.000000
0.000000 0.000000 0.380896 0.380883 0.380930 0.380904 0.380872 0.380801 0.380794 0.380787 0.380791 0.380791 0.380786 0.380791 0.380855 0.380891 0.380932 0.380870 0.380897 0.000000 0.000000
0.000000 0.000000 0.350000 0.350000 0.350000 0.350000 0.350000 0.350000 0.350000 0.350000 0.350000 0.350000 0.350000 0.350000 0.350000 0.350000 0.350000 0.350000 0.350000 0.000000 0.000000
0.000000 0.000000 0.000000 0.000000 0.000000 0.000000 0.000000 0.000000 0.000000 0.000000 0.000000 0.000000 0.000000 0.000000 0.000000 0.000000 0.000000 0.000000 0.000000 0.000000 0.000000