geotop/1.0zi/1.0Montebello/Templates/testdem/maps/_Eocclay2914.asc
ncols         21
nrows         20
xllcorner     100.000000
yllcorner     100.000000
cellsize      50.000000
NODATA_value  -9999.0
0.000000 0.000000 0.000000 0.000000 0.000000 0.000000 0.000000 0.000000 0.000000 0.000000 0.000000 0.000000 0.000000 0.000000 0.000000 0.000000 0.000000 0.000000 0.000000 0.000000 0.000000
0.000000 0.000000 0.349840 0.349840 0.349840 0.349840 0.349840 0.349840 0.349840 0.349840 0.349839 0.349840 0.349840 0.349840 0.349840 0.349840 0.349840 0.349840 0.349840 0.000000 0.000000
0.000000 0.000000 0.349992 0.349992 0.349992 0.349992 0.349992 0.349992 0.349992 0.349992 0.349993 0.349992 0.349992 0.349992 0.349992 0.349992 0.349992 0.349992 0.349992 0.000000 0.000000
0.000000 0.000000 0.350985 0.350985 0.350983 0.350984 0.350985 0.350985 0.350985 0.350985 0.350985 0.350985 0.350985 0.350985 0.350985 0.350984 0.350983 0.350985 0.350985 0.000000 0.000000
0.000000 0.000000 0.355341 0.355341 0.355339 0.355339 0.355342 0.355341 0.355341 0.355343 0.355343 0.355343 0.355341 0.355341 0.355342 0.355339 0.355339 0.355341 0.355341 0.000000 0.000000
0.000000 0.000000 0.360291 0.360291 0.360289 0.360289 0.360292 0.360291 0.360291 0.360292 0.360292 0.360292 0.360291 0.360291 0.360292 0.360289 0.360289 0.360291 0.360291 0.000000 0.000000
0.000000 0.000000 0.364959 0.364959 0.364958 0.364958 0.364960 0.364959 0.364959 0.364960 0.364960 0.364960 0.364959 0.364959 0.364960 0.364958 0.364958 0.364959 0.364959 0.000000 0.000000
0.000000 0.000000 0.369224 0.369223 0.369222 0.369222 0.369224 0.369223 0.369223 0.369224 0.369225 0.369224 0.369223 0.369223 0.369224 0.369222 0.369222 0.369223 0.369224 0.000000 0.000000
0.000000 0.000000 0.373181 0.373181 0.373179 0.373180 0.373181 0.373181 0.373181 0.373182 0.373182 0.373182 0.373181 0.373181 0.373181 0.373180 0.373179 0.373181 0.373181 0.000000 0.000000
0.000000 0.000000 0.376924 0.376923 0.376922 0.376923 0.376924 0.376923 0.376924 0.376924 0.376925 0.376924 0.376924 0.376923 0.376924 0.376923 0.376922 0.376923 0.376924 0.000000 0.000000
0.000000 0.000000 0.380496 0.380496 0.380495 0.380495 0.380496 0.380496 0.380496 0.380497 0.380497 0.380497 0.380496 0.380496 0.380496 0.380495 0.380495 0.380496 0.380496 0.000000 0.000000
0.000000 0.000000 0.383933 0.383933 0.383932 0.383932 0.383933 0.383933 0.383933 0.383934 0.383934 0.383934 0.383933 0.383933 0.383933 0.383932 0.383932 0.383933 0.383933 0.000000 0.000000
0.000000 0.000000 0.387260 0.387260 0.387259 0.387259 0.387260 0.387260 0.387260 0.387260 0.387261 0.387260 0.387260 0.387260 0.387260 0.387259 0.387259 0.387260 0.387260 0.000000 0.000000
0.000000 0.000000 0.390498 0.390498 0.390497 0.390498 0.390499 0.390498 0.390498 0.390499 0.390499 0.390499 0.390498 0.390498 0.390499 0.390498 0.390497 0.390498 0.390498 0.000000 0.000000
0.000000 0.000000 0.393658 0.393658 0.393657 0.393657 0.393658 0.393658 0.393658 0.393659 0.393659 0.393659 0.393658 0.393658 0.393658 0.393657 0.393657 0.393658 0.393658 0.000000 0.000000
0.000000 0.000000 0.396744 0.396743 0.396742 0.396743 0.396744 0.396743 0.396743 0.396744 0.396744 0.396744 0.396743 0.396743 0.396744 0.396743 0.396742 0.396743 0.396744 0.000000 0.000000
0.000000 0.000000 0.399760 0.399760 0.399758 0.399759 0.399760 0.399760 0.399760 0.399760 0.399760 0.399760 0.399760 0.399760 0.399760 0.399759 0.399758 0.399760 0.399760 0.000000 0.000000
0.000000 0.000000 0.402759 0.402759 0.402758 0.402758 0.402759 0.402759 0.402759 0.402760 0.402760 0.402760 0.402759 0.402759 0.402759 0.402758 0.402758 0.402759 0.402759 0.000000 0.000000
0.000000 0.000000 0.350000 0.350000 0.350000 0.350000 0.350000 0.350000 0.350000 0.350000 0.350000 0.350000 0.350000 0.350000 0.350000 0.350000 0.350000 0.350000 0.350000 0.000000 0.000000
0.000000 0.000000 0.000000 0.000000 0.000000 0.000000 0.000000 0.000000 0.000000 0.000000 0.000000 0.000000 0.000000 0.000000 0.000000 0.000000 0.000000 0.000000 0.000000 0.000000 0.000000