geotop/1.0zi/1.0Montebello/Templates/testdem/maps/_Eocclay7071.asc
ncols         21
nrows         20
xllcorner     100.000000
yllcorner     100.000000
cellsize      50.000000
NODATA_value  -9999.0
0.000000 0.000000 0.000000 0.000000 0.000000 0.000000 0.000000 0.000000 0.000000 0.000000 0.000000 0.000000 0.000000 0.000000 0.000000 0.000000 0.000000 0.000000 0.000000 0.000000 0.000000
0.000000 0.000000 0.349682 0.349683 0.349683 0.349682 0.349683 0.349683 0.349683 0.349683 0.349682 0.349683 0.349683 0.349683 0.349683 0.349683 0.349681 0.349681 0.349682 0.000000 0.000000
0.000000 0.000000 0.349987 0.349987 0.349987 0.349988 0.349987 0.349987 0.349987 0.349987 0.349986 0.349986 0.349987 0.349986 0.349987 0.349987 0.349988 0.349988 0.349985 0.000000 0.000000
0.000000 0.000000 0.349979 0.349984 0.349981 0.349981 0.349983 0.349982 0.349984 0.349980 0.349984 0.349982 0.349983 0.349981 0.349982 0.349984 0.349982 0.349984 0.349983 0.000000 0.000000
0.000000 0.000000 0.350738 0.350736 0.350732 0.350729 0.350714 0.350712 0.350711 0.350714 0.350711 0.350712 0.350708 0.350711 0.350719 0.350719 0.350725 0.350726 0.350734 0.000000 0.000000
0.000000 0.000000 0.352967 0.352965 0.352955 0.352930 0.352918 0.352896 0.352899 0.352892 0.352896 0.352895 0.352897 0.352898 0.352907 0.352924 0.352935 0.352948 0.352955 0.000000 0.000000
0.000000 0.000000 0.356139 0.356136 0.356128 0.356108 0.356081 0.356048 0.356048 0.356042 0.356044 0.356045 0.356044 0.356045 0.356072 0.356099 0.356111 0.356122 0.356131 0.000000 0.000000
0.000000 0.000000 0.359926 0.359924 0.359917 0.359891 0.359865 0.359830 0.359830 0.359826 0.359826 0.359824 0.359821 0.359829 0.359858 0.359880 0.359901 0.359908 0.359921 0.000000 0.000000
0.000000 0.000000 0.363867 0.363861 0.363849 0.363834 0.363806 0.363770 0.363774 0.363765 0.363763 0.363761 0.363761 0.363761 0.363795 0.363824 0.363840 0.363847 0.363858 0.000000 0.000000
0.000000 0.000000 0.367952 0.367944 0.367938 0.367924 0.367884 0.367852 0.367853 0.367848 0.367843 0.367846 0.367851 0.367848 0.367877 0.367911 0.367929 0.367935 0.367944 0.000000 0.000000
0.000000 0.000000 0.372297 0.372292 0.372284 0.372254 0.372228 0.372189 0.372198 0.372177 0.372180 0.372179 0.372172 0.372186 0.372210 0.372231 0.372255 0.372267 0.372286 0.000000 0.000000
0.000000 0.000000 0.376982 0.376970 0.376955 0.376934 0.376906 0.376860 0.376860 0.376851 0.376862 0.376847 0.376849 0.376854 0.376898 0.376921 0.376938 0.376946 0.376990 0.000000 0.000000
0.000000 0.000000 0.381928 0.381915 0.381908 0.381882 0.381857 0.381750 0.381749 0.381741 0.381716 0.381728 0.381735 0.381745 0.381825 0.381849 0.381888 0.381892 0.381919 0.000000 0.000000
0.000000 0.000000 0.387506 0.387500 0.387479 0.387460 0.387341 0.387329 0.387305 0.387303 0.387304 0.387300 0.387298 0.387295 0.387297 0.387421 0.387448 0.387480 0.387512 0.000000 0.000000
0.000000 0.000000 0.393878 0.393868 0.393839 0.393702 0.393685 0.393617 0.393577 0.393568 0.393546 0.393528 0.393543 0.393538 0.393600 0.393629 0.393814 0.393794 0.393808 0.000000 0.000000
0.000000 0.000000 0.400807 0.400796 0.400603 0.400613 0.400603 0.400564 0.400624 0.400598 0.400627 0.400606 0.400579 0.400626 0.400647 0.400659 0.400580 0.400837 0.400838 0.000000 0.000000
0.000000 0.000000 0.409224 0.408933 0.408914 0.408823 0.408676 0.408628 0.408579 0.408586 0.408513 0.408513 0.408550 0.408521 0.408593 0.408702 0.408896 0.408847 0.409147 0.000000 0.000000
0.000000 0.000000 0.414127 0.414290 0.414565 0.414528 0.414483 0.414219 0.414233 0.414166 0.414248 0.414226 0.414227 0.414250 0.414483 0.414515 0.414609 0.414352 0.414202 0.000000 0.000000
0.000000 0.000000 0.350000 0.350000 0.350000 0.350000 0.350000 0.350000 0.350000 0.350000 0.350000 0.350000 0.350000 0.350000 0.350000 0.350000 0.350000 0.350000 0.350000 0.000000 0.000000
0.000000 0.000000 0.000000 0.000000 0.000000 0.000000 0.000000 0.000000 0.000000 0.000000 0.000000 0.000000 0.000000 0.000000 0.000000 0.000000 0.000000 0.000000 0.000000 0.000000 0.000000