geotop/1.0zi/1.0Montebello/Templates/testdem/maps/_Eocclay3300.asc
ncols         21
nrows         20
xllcorner     100.000000
yllcorner     100.000000
cellsize      50.000000
NODATA_value  -9999.0
0.000000 0.000000 0.000000 0.000000 0.000000 0.000000 0.000000 0.000000 0.000000 0.000000 0.000000 0.000000 0.000000 0.000000 0.000000 0.000000 0.000000 0.000000 0.000000 0.000000 0.000000
0.000000 0.000000 0.349821 0.349821 0.349821 0.349821 0.349821 0.349821 0.349821 0.349821 0.349820 0.349821 0.349821 0.349821 0.349821 0.349821 0.349821 0.349821 0.349821 0.000000 0.000000
0.000000 0.000000 0.349995 0.349995 0.349995 0.349995 0.349995 0.349995 0.349995 0.349995 0.349996 0.349995 0.349995 0.349995 0.349995 0.349995 0.349995 0.349995 0.349995 0.000000 0.000000
0.000000 0.000000 0.351257 0.351256 0.351254 0.351255 0.351256 0.351256 0.351256 0.351256 0.351257 0.351256 0.351256 0.351256 0.351256 0.351255 0.351254 0.351256 0.351257 0.000000 0.000000
0.000000 0.000000 0.356330 0.356330 0.356328 0.356328 0.356332 0.356330 0.356330 0.356332 0.356332 0.356332 0.356330 0.356330 0.356332 0.356328 0.356328 0.356330 0.356330 0.000000 0.000000
0.000000 0.000000 0.361952 0.361952 0.361950 0.361950 0.361953 0.361952 0.361952 0.361953 0.361954 0.361953 0.361952 0.361952 0.361953 0.361950 0.361950 0.361952 0.361952 0.000000 0.000000
0.000000 0.000000 0.367220 0.367219 0.367218 0.367218 0.367220 0.367219 0.367220 0.367220 0.367221 0.367220 0.367220 0.367219 0.367220 0.367218 0.367218 0.367219 0.367220 0.000000 0.000000
0.000000 0.000000 0.372015 0.372015 0.372013 0.372014 0.372016 0.372015 0.372015 0.372016 0.372016 0.372016 0.372015 0.372015 0.372016 0.372014 0.372013 0.372015 0.372015 0.000000 0.000000
0.000000 0.000000 0.376451 0.376451 0.376449 0.376450 0.376451 0.376451 0.376451 0.376451 0.376452 0.376451 0.376451 0.376451 0.376451 0.376450 0.376449 0.376451 0.376451 0.000000 0.000000
0.000000 0.000000 0.380630 0.380630 0.380629 0.380629 0.380631 0.380630 0.380630 0.380631 0.380631 0.380631 0.380630 0.380630 0.380631 0.380629 0.380629 0.380630 0.380630 0.000000 0.000000
0.000000 0.000000 0.384604 0.384604 0.384603 0.384603 0.384605 0.384604 0.384604 0.384605 0.384605 0.384605 0.384604 0.384604 0.384605 0.384603 0.384603 0.384604 0.384604 0.000000 0.000000
0.000000 0.000000 0.388411 0.388411 0.388410 0.388410 0.388412 0.388411 0.388411 0.388412 0.388412 0.388412 0.388411 0.388411 0.388412 0.388410 0.388410 0.388411 0.388411 0.000000 0.000000
0.000000 0.000000 0.392077 0.392077 0.392076 0.392076 0.392078 0.392077 0.392077 0.392078 0.392078 0.392078 0.392077 0.392077 0.392078 0.392076 0.392076 0.392077 0.392077 0.000000 0.000000
0.000000 0.000000 0.395632 0.395632 0.395631 0.395631 0.395633 0.395632 0.395632 0.395632 0.395633 0.395632 0.395632 0.395632 0.395633 0.395631 0.395631 0.395632 0.395632 0.000000 0.000000
0.000000 0.000000 0.399085 0.399085 0.399084 0.399084 0.399085 0.399085 0.399085 0.399085 0.399086 0.399085 0.399085 0.399085 0.399085 0.399084 0.399084 0.399085 0.399085 0.000000 0.000000
0.000000 0.000000 0.402443 0.402442 0.402441 0.402442 0.402443 0.402442 0.402442 0.402443 0.402443 0.402443 0.402442 0.402442 0.402443 0.402442 0.402441 0.402442 0.402443 0.000000 0.000000
0.000000 0.000000 0.405714 0.405714 0.405713 0.405713 0.405715 0.405714 0.405714 0.405715 0.405715 0.405715 0.405714 0.405714 0.405715 0.405713 0.405713 0.405714 0.405714 0.000000 0.000000
0.000000 0.000000 0.408961 0.408961 0.408960 0.408961 0.408962 0.408961 0.408961 0.408962 0.408962 0.408962 0.408961 0.408961 0.408962 0.408961 0.408960 0.408961 0.408962 0.000000 0.000000
0.000000 0.000000 0.350000 0.350000 0.350000 0.350000 0.350000 0.350000 0.350000 0.350000 0.350000 0.350000 0.350000 0.350000 0.350000 0.350000 0.350000 0.350000 0.350000 0.000000 0.000000
0.000000 0.000000 0.000000 0.000000 0.000000 0.000000 0.000000 0.000000 0.000000 0.000000 0.000000 0.000000 0.000000 0.000000 0.000000 0.000000 0.000000 0.000000 0.000000 0.000000 0.000000