geotop/1.0zi/1.0Montebello/Templates/testdem/maps/_Eocsilt125E.asc
ncols         21
nrows         20
xllcorner     100.000000
yllcorner     100.000000
cellsize      50.000000
NODATA_value  -9999.0
0.000000 0.000000 0.000000 0.000000 0.000000 0.000000 0.000000 0.000000 0.000000 0.000000 0.000000 0.000000 0.000000 0.000000 0.000000 0.000000 0.000000 0.000000 0.000000 0.000000 0.000000
0.000000 0.000000 0.350247 0.350248 0.350248 0.350248 0.350247 0.350247 0.350247 0.350247 0.350247 0.350247 0.350247 0.350247 0.350247 0.350248 0.350248 0.350248 0.350248 0.000000 0.000000
0.000000 0.000000 0.350013 0.350012 0.350012 0.350012 0.350013 0.350013 0.350013 0.350013 0.350014 0.350014 0.350014 0.350014 0.350013 0.350012 0.350011 0.350010 0.350012 0.000000 0.000000
0.000000 0.000000 0.350248 0.350246 0.350237 0.350233 0.350234 0.350223 0.350226 0.350228 0.350225 0.350228 0.350228 0.350232 0.350229 0.350234 0.350238 0.350243 0.350244 0.000000 0.000000
0.000000 0.000000 0.352151 0.352155 0.352145 0.352125 0.352112 0.352105 0.352104 0.352100 0.352096 0.352101 0.352107 0.352103 0.352118 0.352129 0.352136 0.352143 0.352148 0.000000 0.000000
0.000000 0.000000 0.356925 0.356920 0.356901 0.356869 0.356832 0.356801 0.356797 0.356791 0.356787 0.356789 0.356795 0.356790 0.356809 0.356839 0.356852 0.356866 0.356873 0.000000 0.000000
0.000000 0.000000 0.363546 0.363535 0.363513 0.363467 0.363420 0.363351 0.363349 0.363344 0.363335 0.363336 0.363332 0.363336 0.363387 0.363427 0.363453 0.363476 0.363482 0.000000 0.000000
0.000000 0.000000 0.371512 0.371498 0.371477 0.371417 0.371366 0.371300 0.371293 0.371287 0.371275 0.371274 0.371270 0.371278 0.371326 0.371373 0.371415 0.371426 0.371440 0.000000 0.000000
0.000000 0.000000 0.380597 0.380575 0.380539 0.380491 0.380431 0.380346 0.380343 0.380330 0.380316 0.380314 0.380316 0.380310 0.380383 0.380441 0.380474 0.380494 0.380506 0.000000 0.000000
0.000000 0.000000 0.391100 0.391066 0.391032 0.390981 0.390910 0.390820 0.390808 0.390801 0.390777 0.390785 0.390798 0.390792 0.390849 0.390926 0.390968 0.390989 0.390993 0.000000 0.000000
0.000000 0.000000 0.403670 0.403638 0.403609 0.403480 0.403452 0.403324 0.403344 0.403283 0.403286 0.403275 0.403250 0.403285 0.403353 0.403401 0.403463 0.403490 0.403543 0.000000 0.000000
0.000000 0.000000 0.419003 0.418929 0.418841 0.418795 0.418731 0.418562 0.418535 0.418548 0.418553 0.418504 0.418530 0.418512 0.418650 0.418740 0.418767 0.418794 0.418896 0.000000 0.000000
0.000000 0.000000 0.435847 0.435785 0.435778 0.435649 0.435573 0.435130 0.435100 0.435073 0.434892 0.435019 0.435013 0.435053 0.435364 0.435427 0.435595 0.435619 0.435595 0.000000 0.000000
0.000000 0.000000 0.453199 0.453190 0.453063 0.453015 0.452556 0.452818 0.452709 0.452714 0.452810 0.452714 0.452701 0.452636 0.452416 0.452934 0.452916 0.453036 0.453098 0.000000 0.000000
0.000000 0.000000 0.464522 0.464500 0.464450 0.464224 0.464272 0.464155 0.464118 0.464103 0.464055 0.464032 0.464057 0.464053 0.464156 0.464105 0.464394 0.464341 0.464333 0.000000 0.000000
0.000000 0.000000 0.470976 0.470957 0.470918 0.470752 0.470824 0.470719 0.470702 0.470689 0.470653 0.470640 0.470655 0.470659 0.470749 0.470679 0.470887 0.470852 0.470841 0.000000 0.000000
0.000000 0.000000 0.474719 0.474788 0.474624 0.474650 0.474704 0.474675 0.474751 0.474726 0.474767 0.474753 0.474720 0.474768 0.474768 0.474723 0.474599 0.474829 0.474735 0.000000 0.000000
0.000000 0.000000 0.478542 0.478378 0.478234 0.478209 0.478173 0.478220 0.478218 0.478236 0.478188 0.478191 0.478198 0.478192 0.478153 0.478176 0.478199 0.478326 0.478481 0.000000 0.000000
0.000000 0.000000 0.350000 0.350000 0.350000 0.350000 0.350000 0.350000 0.350000 0.350000 0.350000 0.350000 0.350000 0.350000 0.350000 0.350000 0.350000 0.350000 0.350000 0.000000 0.000000
0.000000 0.000000 0.000000 0.000000 0.000000 0.000000 0.000000 0.000000 0.000000 0.000000 0.000000 0.000000 0.000000 0.000000 0.000000 0.000000 0.000000 0.000000 0.000000 0.000000 0.000000