geotop/1.0zi/1.0Montebello/Templates/testdem/maps/_Eocsilt5427.asc
ncols         21
nrows         20
xllcorner     100.000000
yllcorner     100.000000
cellsize      50.000000
NODATA_value  -9999.0
0.000000 0.000000 0.000000 0.000000 0.000000 0.000000 0.000000 0.000000 0.000000 0.000000 0.000000 0.000000 0.000000 0.000000 0.000000 0.000000 0.000000 0.000000 0.000000 0.000000 0.000000
0.000000 0.000000 0.350108 0.350108 0.350108 0.350108 0.350108 0.350108 0.350108 0.350108 0.350108 0.350108 0.350108 0.350108 0.350108 0.350108 0.350108 0.350108 0.350108 0.000000 0.000000
0.000000 0.000000 0.350002 0.350002 0.350002 0.350003 0.350003 0.350003 0.350003 0.350003 0.350003 0.350003 0.350004 0.350003 0.350003 0.350003 0.350001 0.350001 0.350002 0.000000 0.000000
0.000000 0.000000 0.350038 0.350037 0.350037 0.350032 0.350033 0.350031 0.350033 0.350034 0.350033 0.350032 0.350033 0.350032 0.350033 0.350036 0.350036 0.350038 0.350037 0.000000 0.000000
0.000000 0.000000 0.350439 0.350442 0.350441 0.350437 0.350435 0.350430 0.350429 0.350427 0.350424 0.350427 0.350428 0.350428 0.350434 0.350436 0.350435 0.350444 0.350447 0.000000 0.000000
0.000000 0.000000 0.351769 0.351772 0.351769 0.351756 0.351747 0.351730 0.351728 0.351725 0.351729 0.351731 0.351732 0.351729 0.351734 0.351739 0.351747 0.351750 0.351754 0.000000 0.000000
0.000000 0.000000 0.353843 0.353841 0.353838 0.353822 0.353802 0.353780 0.353781 0.353779 0.353782 0.353782 0.353779 0.353782 0.353796 0.353812 0.353819 0.353828 0.353833 0.000000 0.000000
0.000000 0.000000 0.356370 0.356371 0.356373 0.356356 0.356337 0.356313 0.356314 0.356311 0.356311 0.356311 0.356310 0.356312 0.356329 0.356346 0.356361 0.356363 0.356371 0.000000 0.000000
0.000000 0.000000 0.359020 0.359016 0.359010 0.359000 0.358981 0.358953 0.358955 0.358950 0.358948 0.358950 0.358950 0.358947 0.358971 0.358990 0.359003 0.359007 0.359015 0.000000 0.000000
0.000000 0.000000 0.361659 0.361655 0.361654 0.361647 0.361621 0.361597 0.361599 0.361596 0.361593 0.361597 0.361599 0.361596 0.361614 0.361635 0.361648 0.361649 0.361654 0.000000 0.000000
0.000000 0.000000 0.364350 0.364348 0.364349 0.364330 0.364312 0.364286 0.364292 0.364280 0.364280 0.364282 0.364278 0.364284 0.364299 0.364312 0.364326 0.364333 0.364344 0.000000 0.000000
0.000000 0.000000 0.367162 0.367156 0.367150 0.367137 0.367122 0.367090 0.367092 0.367084 0.367092 0.367086 0.367087 0.367089 0.367115 0.367127 0.367136 0.367140 0.367169 0.000000 0.000000
0.000000 0.000000 0.370026 0.370021 0.370020 0.370005 0.369992 0.369931 0.369931 0.369926 0.369913 0.369920 0.369925 0.369929 0.369971 0.369982 0.370004 0.370005 0.370026 0.000000 0.000000
0.000000 0.000000 0.373110 0.373106 0.373101 0.373092 0.373036 0.373019 0.373005 0.373004 0.372999 0.373002 0.373003 0.373000 0.373007 0.373062 0.373081 0.373095 0.373116 0.000000 0.000000
0.000000 0.000000 0.376477 0.376475 0.376462 0.376406 0.376386 0.376352 0.376329 0.376325 0.376314 0.376308 0.376315 0.376309 0.376333 0.376361 0.376445 0.376438 0.376451 0.000000 0.000000
0.000000 0.000000 0.380022 0.380018 0.379947 0.379931 0.379925 0.379902 0.379914 0.379905 0.379910 0.379902 0.379894 0.379907 0.379920 0.379929 0.379929 0.380021 0.380024 0.000000 0.000000
0.000000 0.000000 0.384023 0.383928 0.383888 0.383860 0.383814 0.383789 0.383782 0.383780 0.383760 0.383756 0.383763 0.383761 0.383786 0.383820 0.383875 0.383906 0.384001 0.000000 0.000000
0.000000 0.000000 0.387036 0.387030 0.387113 0.387087 0.387052 0.386960 0.386957 0.386937 0.386947 0.386943 0.386949 0.386950 0.387033 0.387055 0.387122 0.387035 0.387047 0.000000 0.000000
0.000000 0.000000 0.350000 0.350000 0.350000 0.350000 0.350000 0.350000 0.350000 0.350000 0.350000 0.350000 0.350000 0.350000 0.350000 0.350000 0.350000 0.350000 0.350000 0.000000 0.000000
0.000000 0.000000 0.000000 0.000000 0.000000 0.000000 0.000000 0.000000 0.000000 0.000000 0.000000 0.000000 0.000000 0.000000 0.000000 0.000000 0.000000 0.000000 0.000000 0.000000 0.000000