geotop/1.0zi/1.0Montebello/Templates/testdem/maps/_Eocsilt0613.asc
ncols         21
nrows         20
xllcorner     100.000000
yllcorner     100.000000
cellsize      50.000000
NODATA_value  -9999.0
0.000000 0.000000 0.000000 0.000000 0.000000 0.000000 0.000000 0.000000 0.000000 0.000000 0.000000 0.000000 0.000000 0.000000 0.000000 0.000000 0.000000 0.000000 0.000000 0.000000 0.000000
0.000000 0.000000 0.350011 0.350011 0.350011 0.350011 0.350011 0.350011 0.350011 0.350011 0.350011 0.350011 0.350011 0.350011 0.350011 0.350011 0.350011 0.350011 0.350011 0.000000 0.000000
0.000000 0.000000 0.349998 0.349997 0.349997 0.349997 0.349998 0.349998 0.349998 0.349998 0.349998 0.349998 0.349998 0.349998 0.349998 0.349997 0.349997 0.349997 0.349998 0.000000 0.000000
0.000000 0.000000 0.350285 0.350285 0.350283 0.350285 0.350285 0.350285 0.350285 0.350285 0.350285 0.350285 0.350285 0.350285 0.350285 0.350285 0.350283 0.350285 0.350285 0.000000 0.000000
0.000000 0.000000 0.351192 0.351192 0.351190 0.351192 0.351192 0.351192 0.351192 0.351192 0.351192 0.351192 0.351192 0.351192 0.351192 0.351192 0.351190 0.351192 0.351192 0.000000 0.000000
0.000000 0.000000 0.352228 0.352228 0.352226 0.352228 0.352228 0.352228 0.352228 0.352228 0.352228 0.352228 0.352228 0.352228 0.352228 0.352228 0.352226 0.352228 0.352228 0.000000 0.000000
0.000000 0.000000 0.353180 0.353180 0.353179 0.353180 0.353181 0.353181 0.353181 0.353181 0.353181 0.353181 0.353181 0.353181 0.353181 0.353180 0.353179 0.353180 0.353180 0.000000 0.000000
0.000000 0.000000 0.354066 0.354066 0.354064 0.354066 0.354066 0.354066 0.354066 0.354066 0.354066 0.354066 0.354066 0.354066 0.354066 0.354066 0.354064 0.354066 0.354066 0.000000 0.000000
0.000000 0.000000 0.354903 0.354903 0.354901 0.354903 0.354903 0.354903 0.354903 0.354903 0.354903 0.354903 0.354903 0.354903 0.354903 0.354903 0.354901 0.354903 0.354903 0.000000 0.000000
0.000000 0.000000 0.355710 0.355710 0.355709 0.355710 0.355710 0.355710 0.355710 0.355710 0.355710 0.355710 0.355710 0.355710 0.355710 0.355710 0.355709 0.355710 0.355710 0.000000 0.000000
0.000000 0.000000 0.356496 0.356496 0.356494 0.356496 0.356496 0.356496 0.356496 0.356496 0.356496 0.356496 0.356496 0.356496 0.356496 0.356496 0.356494 0.356496 0.356496 0.000000 0.000000
0.000000 0.000000 0.357266 0.357266 0.357265 0.357266 0.357266 0.357266 0.357266 0.357266 0.357266 0.357266 0.357266 0.357266 0.357266 0.357266 0.357265 0.357266 0.357266 0.000000 0.000000
0.000000 0.000000 0.358024 0.358024 0.358023 0.358024 0.358024 0.358024 0.358024 0.358024 0.358024 0.358024 0.358024 0.358024 0.358024 0.358024 0.358023 0.358024 0.358024 0.000000 0.000000
0.000000 0.000000 0.358771 0.358771 0.358769 0.358771 0.358771 0.358771 0.358771 0.358771 0.358771 0.358771 0.358771 0.358771 0.358771 0.358771 0.358769 0.358771 0.358771 0.000000 0.000000
0.000000 0.000000 0.359510 0.359510 0.359509 0.359510 0.359510 0.359511 0.359511 0.359511 0.359511 0.359511 0.359511 0.359511 0.359510 0.359510 0.359509 0.359510 0.359510 0.000000 0.000000
0.000000 0.000000 0.360247 0.360247 0.360246 0.360247 0.360247 0.360247 0.360247 0.360247 0.360247 0.360247 0.360247 0.360247 0.360247 0.360247 0.360246 0.360247 0.360247 0.000000 0.000000
0.000000 0.000000 0.360976 0.360976 0.360975 0.360976 0.360976 0.360976 0.360976 0.360976 0.360976 0.360976 0.360976 0.360976 0.360976 0.360976 0.360975 0.360976 0.360976 0.000000 0.000000
0.000000 0.000000 0.361712 0.361712 0.361710 0.361712 0.361712 0.361712 0.361712 0.361712 0.361712 0.361712 0.361712 0.361712 0.361712 0.361712 0.361710 0.361712 0.361712 0.000000 0.000000
0.000000 0.000000 0.350000 0.350000 0.350000 0.350000 0.350000 0.350000 0.350000 0.350000 0.350000 0.350000 0.350000 0.350000 0.350000 0.350000 0.350000 0.350000 0.350000 0.000000 0.000000
0.000000 0.000000 0.000000 0.000000 0.000000 0.000000 0.000000 0.000000 0.000000 0.000000 0.000000 0.000000 0.000000 0.000000 0.000000 0.000000 0.000000 0.000000 0.000000 0.000000 0.000000