geotop/1.0zi/1.0Montebello/Templates/testdem/maps/_Eocclay9542.asc
ncols         21
nrows         20
xllcorner     100.000000
yllcorner     100.000000
cellsize      50.000000
NODATA_value  -9999.0
0.000000 0.000000 0.000000 0.000000 0.000000 0.000000 0.000000 0.000000 0.000000 0.000000 0.000000 0.000000 0.000000 0.000000 0.000000 0.000000 0.000000 0.000000 0.000000 0.000000 0.000000
0.000000 0.000000 0.349557 0.349560 0.349560 0.349559 0.349561 0.349561 0.349560 0.349560 0.349559 0.349561 0.349560 0.349560 0.349561 0.349560 0.349558 0.349559 0.349560 0.000000 0.000000
0.000000 0.000000 0.349981 0.349979 0.349979 0.349981 0.349979 0.349979 0.349980 0.349979 0.349979 0.349979 0.349979 0.349979 0.349980 0.349980 0.349981 0.349981 0.349979 0.000000 0.000000
0.000000 0.000000 0.350039 0.350044 0.350042 0.350039 0.350040 0.350040 0.350044 0.350042 0.350045 0.350043 0.350043 0.350042 0.350045 0.350046 0.350044 0.350045 0.350043 0.000000 0.000000
0.000000 0.000000 0.351422 0.351416 0.351409 0.351398 0.351379 0.351378 0.351375 0.351376 0.351375 0.351379 0.351379 0.351381 0.351391 0.351396 0.351406 0.351409 0.351419 0.000000 0.000000
0.000000 0.000000 0.355201 0.355196 0.355172 0.355140 0.355111 0.355082 0.355087 0.355081 0.355083 0.355083 0.355089 0.355088 0.355102 0.355131 0.355146 0.355159 0.355165 0.000000 0.000000
0.000000 0.000000 0.360262 0.360252 0.360237 0.360206 0.360167 0.360109 0.360113 0.360108 0.360107 0.360109 0.360111 0.360112 0.360156 0.360189 0.360209 0.360222 0.360231 0.000000 0.000000
0.000000 0.000000 0.366280 0.366270 0.366254 0.366215 0.366173 0.366122 0.366125 0.366119 0.366117 0.366115 0.366114 0.366124 0.366164 0.366199 0.366232 0.366240 0.366255 0.000000 0.000000
0.000000 0.000000 0.372849 0.372834 0.372813 0.372785 0.372737 0.372678 0.372686 0.372675 0.372669 0.372668 0.372671 0.372670 0.372725 0.372768 0.372792 0.372802 0.372815 0.000000 0.000000
0.000000 0.000000 0.380087 0.380067 0.380051 0.380020 0.379954 0.379899 0.379902 0.379895 0.379885 0.379892 0.379900 0.379899 0.379943 0.379999 0.380029 0.380040 0.380048 0.000000 0.000000
0.000000 0.000000 0.388306 0.388292 0.388277 0.388205 0.388162 0.388088 0.388108 0.388070 0.388076 0.388072 0.388060 0.388084 0.388133 0.388168 0.388210 0.388228 0.388263 0.000000 0.000000
0.000000 0.000000 0.397853 0.397820 0.397776 0.397743 0.397679 0.397588 0.397590 0.397586 0.397602 0.397568 0.397587 0.397585 0.397674 0.397727 0.397750 0.397764 0.397837 0.000000 0.000000
0.000000 0.000000 0.408604 0.408575 0.408567 0.408484 0.408431 0.408165 0.408167 0.408154 0.408070 0.408123 0.408133 0.408159 0.408356 0.408404 0.408499 0.408507 0.408528 0.000000 0.000000
0.000000 0.000000 0.421929 0.421921 0.421843 0.421796 0.421417 0.421531 0.421460 0.421463 0.421514 0.421468 0.421463 0.421429 0.421323 0.421732 0.421751 0.421848 0.421907 0.000000 0.000000
0.000000 0.000000 0.437491 0.437445 0.437371 0.436879 0.437059 0.436762 0.436690 0.436663 0.436558 0.436519 0.436579 0.436583 0.436855 0.436688 0.437335 0.437187 0.437169 0.000000 0.000000
0.000000 0.000000 0.452394 0.452368 0.451768 0.452081 0.451971 0.451996 0.452266 0.452198 0.452343 0.452319 0.452207 0.452354 0.452277 0.452372 0.451700 0.452619 0.452607 0.000000 0.000000
0.000000 0.000000 0.466633 0.466061 0.466269 0.466002 0.465711 0.465614 0.465415 0.465463 0.465262 0.465287 0.465405 0.465282 0.465444 0.465661 0.466239 0.465778 0.466376 0.000000 0.000000
0.000000 0.000000 0.471129 0.471411 0.471778 0.471726 0.471696 0.471352 0.471384 0.471294 0.471424 0.471396 0.471389 0.471425 0.471716 0.471740 0.471819 0.471486 0.471208 0.000000 0.000000
0.000000 0.000000 0.350000 0.350000 0.350000 0.350000 0.350000 0.350000 0.350000 0.350000 0.350000 0.350000 0.350000 0.350000 0.350000 0.350000 0.350000 0.350000 0.350000 0.000000 0.000000
0.000000 0.000000 0.000000 0.000000 0.000000 0.000000 0.000000 0.000000 0.000000 0.000000 0.000000 0.000000 0.000000 0.000000 0.000000 0.000000 0.000000 0.000000 0.000000 0.000000 0.000000