geotop/1.0zi/1.0Montebello/Templates/testdem/maps/_Eocclay3215.asc
ncols         21
nrows         20
xllcorner     100.000000
yllcorner     100.000000
cellsize      50.000000
NODATA_value  -9999.0
0.000000 0.000000 0.000000 0.000000 0.000000 0.000000 0.000000 0.000000 0.000000 0.000000 0.000000 0.000000 0.000000 0.000000 0.000000 0.000000 0.000000 0.000000 0.000000 0.000000 0.000000
0.000000 0.000000 0.349823 0.349823 0.349823 0.349823 0.349823 0.349823 0.349823 0.349823 0.349822 0.349823 0.349823 0.349823 0.349823 0.349823 0.349823 0.349823 0.349823 0.000000 0.000000
0.000000 0.000000 0.349995 0.349995 0.349995 0.349995 0.349995 0.349995 0.349995 0.349995 0.349996 0.349995 0.349995 0.349995 0.349995 0.349995 0.349995 0.349995 0.349995 0.000000 0.000000
0.000000 0.000000 0.351261 0.351261 0.351258 0.351259 0.351260 0.351260 0.351260 0.351260 0.351261 0.351260 0.351260 0.351260 0.351260 0.351259 0.351258 0.351261 0.351261 0.000000 0.000000
0.000000 0.000000 0.356273 0.356272 0.356270 0.356270 0.356274 0.356273 0.356273 0.356274 0.356275 0.356274 0.356273 0.356273 0.356274 0.356270 0.356270 0.356272 0.356273 0.000000 0.000000
0.000000 0.000000 0.361797 0.361796 0.361795 0.361795 0.361797 0.361796 0.361796 0.361797 0.361798 0.361797 0.361796 0.361796 0.361797 0.361795 0.361795 0.361796 0.361797 0.000000 0.000000
0.000000 0.000000 0.366960 0.366960 0.366958 0.366958 0.366960 0.366960 0.366960 0.366960 0.366961 0.366960 0.366960 0.366960 0.366960 0.366958 0.366958 0.366960 0.366960 0.000000 0.000000
0.000000 0.000000 0.371660 0.371659 0.371658 0.371658 0.371660 0.371659 0.371659 0.371660 0.371660 0.371660 0.371659 0.371659 0.371660 0.371658 0.371658 0.371659 0.371660 0.000000 0.000000
0.000000 0.000000 0.376007 0.376007 0.376006 0.376006 0.376007 0.376007 0.376007 0.376008 0.376008 0.376008 0.376007 0.376007 0.376007 0.376006 0.376006 0.376007 0.376007 0.000000 0.000000
0.000000 0.000000 0.380106 0.380105 0.380104 0.380104 0.380106 0.380105 0.380105 0.380106 0.380106 0.380106 0.380105 0.380105 0.380106 0.380104 0.380104 0.380105 0.380106 0.000000 0.000000
0.000000 0.000000 0.384004 0.384003 0.384002 0.384003 0.384004 0.384003 0.384003 0.384004 0.384004 0.384004 0.384003 0.384003 0.384004 0.384003 0.384002 0.384003 0.384004 0.000000 0.000000
0.000000 0.000000 0.387739 0.387739 0.387738 0.387738 0.387739 0.387739 0.387739 0.387739 0.387740 0.387739 0.387739 0.387739 0.387739 0.387738 0.387738 0.387739 0.387739 0.000000 0.000000
0.000000 0.000000 0.391338 0.391338 0.391337 0.391337 0.391338 0.391338 0.391338 0.391339 0.391339 0.391339 0.391338 0.391338 0.391338 0.391337 0.391337 0.391338 0.391338 0.000000 0.000000
0.000000 0.000000 0.394832 0.394831 0.394830 0.394830 0.394832 0.394831 0.394831 0.394832 0.394832 0.394832 0.394831 0.394831 0.394832 0.394830 0.394830 0.394831 0.394832 0.000000 0.000000
0.000000 0.000000 0.398226 0.398226 0.398225 0.398225 0.398226 0.398226 0.398226 0.398226 0.398227 0.398226 0.398226 0.398226 0.398226 0.398225 0.398225 0.398226 0.398226 0.000000 0.000000
0.000000 0.000000 0.401528 0.401528 0.401527 0.401527 0.401529 0.401528 0.401528 0.401529 0.401529 0.401529 0.401528 0.401528 0.401529 0.401527 0.401527 0.401528 0.401528 0.000000 0.000000
0.000000 0.000000 0.404749 0.404748 0.404747 0.404748 0.404749 0.404748 0.404748 0.404749 0.404749 0.404749 0.404748 0.404748 0.404749 0.404748 0.404747 0.404748 0.404749 0.000000 0.000000
0.000000 0.000000 0.407952 0.407953 0.407952 0.407952 0.407953 0.407953 0.407953 0.407953 0.407954 0.407953 0.407953 0.407953 0.407953 0.407952 0.407952 0.407953 0.407953 0.000000 0.000000
0.000000 0.000000 0.350000 0.350000 0.350000 0.350000 0.350000 0.350000 0.350000 0.350000 0.350000 0.350000 0.350000 0.350000 0.350000 0.350000 0.350000 0.350000 0.350000 0.000000 0.000000
0.000000 0.000000 0.000000 0.000000 0.000000 0.000000 0.000000 0.000000 0.000000 0.000000 0.000000 0.000000 0.000000 0.000000 0.000000 0.000000 0.000000 0.000000 0.000000 0.000000 0.000000