geotop/1.0zi/1.0Montebello/Templates/testdem/maps/_Eocclay4118.asc
ncols         21
nrows         20
xllcorner     100.000000
yllcorner     100.000000
cellsize      50.000000
NODATA_value  -9999.0
0.000000 0.000000 0.000000 0.000000 0.000000 0.000000 0.000000 0.000000 0.000000 0.000000 0.000000 0.000000 0.000000 0.000000 0.000000 0.000000 0.000000 0.000000 0.000000 0.000000 0.000000
0.000000 0.000000 0.349810 0.349810 0.349810 0.349811 0.349811 0.349810 0.349810 0.349810 0.349810 0.349810 0.349810 0.349810 0.349811 0.349810 0.349810 0.349810 0.349810 0.000000 0.000000
0.000000 0.000000 0.349993 0.349994 0.349994 0.349994 0.349993 0.349994 0.349994 0.349994 0.349993 0.349993 0.349994 0.349994 0.349994 0.349994 0.349994 0.349994 0.349994 0.000000 0.000000
0.000000 0.000000 0.349994 0.349995 0.349993 0.349994 0.349996 0.349996 0.349996 0.349995 0.349995 0.349994 0.349994 0.349994 0.349996 0.349997 0.349996 0.349996 0.349995 0.000000 0.000000
0.000000 0.000000 0.350334 0.350336 0.350334 0.350334 0.350327 0.350326 0.350327 0.350326 0.350325 0.350327 0.350324 0.350323 0.350327 0.350327 0.350328 0.350327 0.350330 0.000000 0.000000
0.000000 0.000000 0.351524 0.351524 0.351520 0.351512 0.351510 0.351500 0.351500 0.351496 0.351500 0.351499 0.351501 0.351500 0.351497 0.351502 0.351507 0.351512 0.351517 0.000000 0.000000
0.000000 0.000000 0.353245 0.353240 0.353236 0.353228 0.353219 0.353200 0.353200 0.353197 0.353199 0.353200 0.353199 0.353196 0.353208 0.353223 0.353230 0.353234 0.353238 0.000000 0.000000
0.000000 0.000000 0.355194 0.355192 0.355188 0.355175 0.355165 0.355147 0.355149 0.355147 0.355147 0.355147 0.355143 0.355139 0.355155 0.355169 0.355177 0.355180 0.355187 0.000000 0.000000
0.000000 0.000000 0.357142 0.357138 0.357131 0.357122 0.357111 0.357092 0.357094 0.357090 0.357090 0.357091 0.357088 0.357086 0.357100 0.357117 0.357124 0.357126 0.357134 0.000000 0.000000
0.000000 0.000000 0.359085 0.359080 0.359075 0.359065 0.359051 0.359033 0.359036 0.359034 0.359034 0.359034 0.359031 0.359027 0.359044 0.359060 0.359068 0.359071 0.359077 0.000000 0.000000
0.000000 0.000000 0.361062 0.361057 0.361051 0.361044 0.361034 0.361013 0.361015 0.361011 0.361011 0.361012 0.361008 0.361005 0.361019 0.361031 0.361040 0.361044 0.361051 0.000000 0.000000
0.000000 0.000000 0.363102 0.363097 0.363090 0.363078 0.363067 0.363047 0.363047 0.363045 0.363045 0.363044 0.363041 0.363037 0.363056 0.363070 0.363079 0.363082 0.363105 0.000000 0.000000
0.000000 0.000000 0.365162 0.365156 0.365148 0.365140 0.365127 0.365085 0.365086 0.365083 0.365082 0.365083 0.365079 0.365076 0.365111 0.365129 0.365137 0.365141 0.365155 0.000000 0.000000
0.000000 0.000000 0.367334 0.367326 0.367319 0.367311 0.367271 0.367260 0.367254 0.367251 0.367251 0.367251 0.367247 0.367244 0.367255 0.367296 0.367306 0.367314 0.367323 0.000000 0.000000
0.000000 0.000000 0.369667 0.369660 0.369645 0.369610 0.369592 0.369567 0.369554 0.369549 0.369543 0.369543 0.369542 0.369534 0.369553 0.369583 0.369628 0.369626 0.369634 0.000000 0.000000
0.000000 0.000000 0.372065 0.372057 0.372011 0.372004 0.371994 0.371982 0.371980 0.371979 0.371980 0.371980 0.371971 0.371976 0.371980 0.371993 0.371995 0.372041 0.372054 0.000000 0.000000
0.000000 0.000000 0.374715 0.374656 0.374615 0.374600 0.374574 0.374559 0.374556 0.374554 0.374547 0.374547 0.374545 0.374537 0.374546 0.374580 0.374602 0.374627 0.374684 0.000000 0.000000
0.000000 0.000000 0.376802 0.376785 0.376817 0.376797 0.376773 0.376719 0.376714 0.376709 0.376710 0.376710 0.376704 0.376703 0.376750 0.376780 0.376814 0.376765 0.376791 0.000000 0.000000
0.000000 0.000000 0.350000 0.350000 0.350000 0.350000 0.350000 0.350000 0.350000 0.350000 0.350000 0.350000 0.350000 0.350000 0.350000 0.350000 0.350000 0.350000 0.350000 0.000000 0.000000
0.000000 0.000000 0.000000 0.000000 0.000000 0.000000 0.000000 0.000000 0.000000 0.000000 0.000000 0.000000 0.000000 0.000000 0.000000 0.000000 0.000000 0.000000 0.000000 0.000000 0.000000