geotop/1.0zi/1.0Montebello/Templates/testdem/maps/_Eocsand3359.asc
ncols         21
nrows         20
xllcorner     100.000000
yllcorner     100.000000
cellsize      50.000000
NODATA_value  -9999.0
0.000000 0.000000 0.000000 0.000000 0.000000 0.000000 0.000000 0.000000 0.000000 0.000000 0.000000 0.000000 0.000000 0.000000 0.000000 0.000000 0.000000 0.000000 0.000000 0.000000 0.000000
0.000000 0.000000 0.300090 0.300090 0.300090 0.300090 0.300090 0.300090 0.300090 0.300090 0.300092 0.300090 0.300090 0.300090 0.300090 0.300090 0.300090 0.300090 0.300090 0.000000 0.000000
0.000000 0.000000 0.300011 0.300011 0.300011 0.300011 0.300011 0.300011 0.300011 0.300011 0.300009 0.300011 0.300011 0.300011 0.300011 0.300011 0.300011 0.300011 0.300011 0.000000 0.000000
0.000000 0.000000 0.297369 0.297370 0.297375 0.297373 0.297369 0.297370 0.297370 0.297369 0.297369 0.297369 0.297370 0.297370 0.297369 0.297373 0.297375 0.297370 0.297369 0.000000 0.000000
0.000000 0.000000 0.287427 0.287428 0.287432 0.287431 0.287425 0.287428 0.287428 0.287425 0.287424 0.287425 0.287428 0.287428 0.287425 0.287431 0.287432 0.287428 0.287427 0.000000 0.000000
0.000000 0.000000 0.275869 0.275870 0.275874 0.275873 0.275868 0.275870 0.275870 0.275868 0.275867 0.275868 0.275870 0.275870 0.275868 0.275873 0.275874 0.275870 0.275869 0.000000 0.000000
0.000000 0.000000 0.265227 0.265228 0.265231 0.265230 0.265226 0.265228 0.265228 0.265226 0.265225 0.265226 0.265228 0.265228 0.265226 0.265230 0.265231 0.265228 0.265227 0.000000 0.000000
0.000000 0.000000 0.255575 0.255576 0.255579 0.255578 0.255574 0.255576 0.255576 0.255575 0.255573 0.255575 0.255576 0.255576 0.255574 0.255578 0.255579 0.255576 0.255575 0.000000 0.000000
0.000000 0.000000 0.246663 0.246663 0.246666 0.246665 0.246662 0.246663 0.246663 0.246662 0.246661 0.246662 0.246663 0.246663 0.246662 0.246665 0.246666 0.246663 0.246663 0.000000 0.000000
0.000000 0.000000 0.238280 0.238280 0.238283 0.238282 0.238279 0.238280 0.238280 0.238279 0.238278 0.238279 0.238280 0.238280 0.238279 0.238282 0.238283 0.238280 0.238280 0.000000 0.000000
0.000000 0.000000 0.230319 0.230319 0.230322 0.230321 0.230318 0.230319 0.230319 0.230318 0.230317 0.230318 0.230319 0.230319 0.230318 0.230321 0.230322 0.230319 0.230319 0.000000 0.000000
0.000000 0.000000 0.222706 0.222707 0.222709 0.222708 0.222706 0.222707 0.222707 0.222706 0.222705 0.222706 0.222707 0.222707 0.222706 0.222708 0.222709 0.222707 0.222706 0.000000 0.000000
0.000000 0.000000 0.215384 0.215384 0.215387 0.215386 0.215383 0.215384 0.215384 0.215383 0.215382 0.215383 0.215384 0.215384 0.215383 0.215386 0.215387 0.215384 0.215384 0.000000 0.000000
0.000000 0.000000 0.208293 0.208294 0.208296 0.208295 0.208293 0.208294 0.208294 0.208293 0.208292 0.208293 0.208294 0.208294 0.208293 0.208295 0.208296 0.208294 0.208293 0.000000 0.000000
0.000000 0.000000 0.201415 0.201415 0.201417 0.201417 0.201414 0.201415 0.201415 0.201414 0.201413 0.201414 0.201415 0.201415 0.201414 0.201417 0.201417 0.201415 0.201415 0.000000 0.000000
0.000000 0.000000 0.194738 0.194738 0.194741 0.194740 0.194737 0.194738 0.194738 0.194737 0.194737 0.194737 0.194738 0.194738 0.194737 0.194740 0.194741 0.194738 0.194738 0.000000 0.000000
0.000000 0.000000 0.188239 0.188240 0.188242 0.188241 0.188239 0.188240 0.188239 0.188239 0.188238 0.188239 0.188239 0.188240 0.188239 0.188241 0.188242 0.188240 0.188239 0.000000 0.000000
0.000000 0.000000 0.181798 0.181797 0.181799 0.181799 0.181796 0.181797 0.181797 0.181796 0.181796 0.181796 0.181797 0.181797 0.181796 0.181799 0.181799 0.181797 0.181797 0.000000 0.000000
0.000000 0.000000 0.300000 0.300000 0.300000 0.300000 0.300000 0.300000 0.300000 0.300000 0.300000 0.300000 0.300000 0.300000 0.300000 0.300000 0.300000 0.300000 0.300000 0.000000 0.000000
0.000000 0.000000 0.000000 0.000000 0.000000 0.000000 0.000000 0.000000 0.000000 0.000000 0.000000 0.000000 0.000000 0.000000 0.000000 0.000000 0.000000 0.000000 0.000000 0.000000 0.000000