geotop/1.0zi/1.0Montebello/Templates/testdem/maps/_Eocsilt2306.asc
ncols         21
nrows         20
xllcorner     100.000000
yllcorner     100.000000
cellsize      50.000000
NODATA_value  -9999.0
0.000000 0.000000 0.000000 0.000000 0.000000 0.000000 0.000000 0.000000 0.000000 0.000000 0.000000 0.000000 0.000000 0.000000 0.000000 0.000000 0.000000 0.000000 0.000000 0.000000 0.000000
0.000000 0.000000 0.350056 0.350056 0.350055 0.350055 0.350056 0.350056 0.350056 0.350056 0.350056 0.350056 0.350056 0.350056 0.350056 0.350055 0.350055 0.350056 0.350056 0.000000 0.000000
0.000000 0.000000 0.349998 0.349998 0.349998 0.349998 0.349998 0.349998 0.349998 0.349998 0.349998 0.349998 0.349998 0.349998 0.349998 0.349998 0.349998 0.349998 0.349998 0.000000 0.000000
0.000000 0.000000 0.350760 0.350760 0.350758 0.350759 0.350761 0.350761 0.350760 0.350761 0.350761 0.350761 0.350760 0.350761 0.350761 0.350759 0.350758 0.350760 0.350760 0.000000 0.000000
0.000000 0.000000 0.353743 0.353743 0.353741 0.353741 0.353744 0.353743 0.353743 0.353744 0.353744 0.353744 0.353743 0.353743 0.353744 0.353741 0.353741 0.353743 0.353743 0.000000 0.000000
0.000000 0.000000 0.357628 0.357628 0.357626 0.357626 0.357629 0.357628 0.357628 0.357629 0.357629 0.357629 0.357628 0.357628 0.357629 0.357626 0.357626 0.357628 0.357628 0.000000 0.000000
0.000000 0.000000 0.361187 0.361186 0.361185 0.361185 0.361187 0.361187 0.361187 0.361187 0.361188 0.361187 0.361187 0.361187 0.361187 0.361185 0.361185 0.361186 0.361187 0.000000 0.000000
0.000000 0.000000 0.364437 0.364437 0.364436 0.364436 0.364438 0.364437 0.364437 0.364438 0.364438 0.364438 0.364437 0.364437 0.364438 0.364436 0.364436 0.364437 0.364437 0.000000 0.000000
0.000000 0.000000 0.367469 0.367469 0.367468 0.367468 0.367470 0.367469 0.367469 0.367470 0.367470 0.367470 0.367469 0.367469 0.367470 0.367468 0.367468 0.367469 0.367469 0.000000 0.000000
0.000000 0.000000 0.370356 0.370356 0.370354 0.370355 0.370356 0.370356 0.370356 0.370356 0.370357 0.370356 0.370356 0.370356 0.370356 0.370355 0.370354 0.370356 0.370356 0.000000 0.000000
0.000000 0.000000 0.373130 0.373130 0.373129 0.373129 0.373131 0.373130 0.373130 0.373131 0.373131 0.373131 0.373130 0.373130 0.373131 0.373129 0.373129 0.373130 0.373130 0.000000 0.000000
0.000000 0.000000 0.375815 0.375815 0.375814 0.375814 0.375815 0.375815 0.375815 0.375815 0.375816 0.375815 0.375815 0.375815 0.375815 0.375814 0.375814 0.375815 0.375815 0.000000 0.000000
0.000000 0.000000 0.378432 0.378431 0.378430 0.378431 0.378432 0.378431 0.378431 0.378432 0.378432 0.378432 0.378431 0.378431 0.378432 0.378431 0.378430 0.378431 0.378432 0.000000 0.000000
0.000000 0.000000 0.380990 0.380990 0.380988 0.380989 0.380990 0.380990 0.380990 0.380990 0.380990 0.380990 0.380990 0.380990 0.380990 0.380989 0.380988 0.380990 0.380990 0.000000 0.000000
0.000000 0.000000 0.383500 0.383499 0.383498 0.383499 0.383500 0.383499 0.383499 0.383500 0.383500 0.383500 0.383499 0.383499 0.383500 0.383499 0.383498 0.383499 0.383500 0.000000 0.000000
0.000000 0.000000 0.385964 0.385964 0.385963 0.385963 0.385965 0.385964 0.385964 0.385965 0.385965 0.385965 0.385964 0.385964 0.385965 0.385963 0.385963 0.385964 0.385964 0.000000 0.000000
0.000000 0.000000 0.388387 0.388386 0.388385 0.388386 0.388387 0.388386 0.388386 0.388387 0.388387 0.388387 0.388386 0.388386 0.388387 0.388386 0.388385 0.388386 0.388387 0.000000 0.000000
0.000000 0.000000 0.390802 0.390803 0.390801 0.390802 0.390803 0.390803 0.390803 0.390803 0.390803 0.390803 0.390803 0.390803 0.390803 0.390802 0.390801 0.390803 0.390803 0.000000 0.000000
0.000000 0.000000 0.350000 0.350000 0.350000 0.350000 0.350000 0.350000 0.350000 0.350000 0.350000 0.350000 0.350000 0.350000 0.350000 0.350000 0.350000 0.350000 0.350000 0.000000 0.000000
0.000000 0.000000 0.000000 0.000000 0.000000 0.000000 0.000000 0.000000 0.000000 0.000000 0.000000 0.000000 0.000000 0.000000 0.000000 0.000000 0.000000 0.000000 0.000000 0.000000 0.000000