geotop/1.0zi/1.0Montebello/Templates/testdem/maps/_Eocsilt6777.asc
ncols         21
nrows         20
xllcorner     100.000000
yllcorner     100.000000
cellsize      50.000000
NODATA_value  -9999.0
0.000000 0.000000 0.000000 0.000000 0.000000 0.000000 0.000000 0.000000 0.000000 0.000000 0.000000 0.000000 0.000000 0.000000 0.000000 0.000000 0.000000 0.000000 0.000000 0.000000 0.000000
0.000000 0.000000 0.350136 0.350137 0.350137 0.350137 0.350137 0.350137 0.350137 0.350137 0.350137 0.350137 0.350137 0.350137 0.350136 0.350137 0.350137 0.350137 0.350136 0.000000 0.000000
0.000000 0.000000 0.350003 0.350002 0.350003 0.350003 0.350003 0.350003 0.350003 0.350003 0.350003 0.350003 0.350004 0.350004 0.350003 0.350003 0.350001 0.350001 0.350002 0.000000 0.000000
0.000000 0.000000 0.350058 0.350055 0.350053 0.350048 0.350049 0.350047 0.350049 0.350050 0.350048 0.350048 0.350048 0.350048 0.350050 0.350053 0.350056 0.350057 0.350057 0.000000 0.000000
0.000000 0.000000 0.350689 0.350694 0.350691 0.350683 0.350679 0.350673 0.350671 0.350669 0.350669 0.350671 0.350672 0.350673 0.350683 0.350686 0.350685 0.350693 0.350697 0.000000 0.000000
0.000000 0.000000 0.352561 0.352563 0.352555 0.352542 0.352528 0.352509 0.352509 0.352503 0.352508 0.352510 0.352511 0.352508 0.352517 0.352526 0.352535 0.352540 0.352546 0.000000 0.000000
0.000000 0.000000 0.355392 0.355389 0.355380 0.355358 0.355333 0.355306 0.355308 0.355304 0.355306 0.355305 0.355302 0.355306 0.355327 0.355350 0.355363 0.355375 0.355382 0.000000 0.000000
0.000000 0.000000 0.358819 0.358818 0.358814 0.358792 0.358767 0.358738 0.358739 0.358735 0.358734 0.358733 0.358731 0.358736 0.358760 0.358784 0.358804 0.358807 0.358819 0.000000 0.000000
0.000000 0.000000 0.362441 0.362434 0.362423 0.362409 0.362384 0.362350 0.362352 0.362344 0.362342 0.362342 0.362343 0.362341 0.362373 0.362401 0.362417 0.362424 0.362434 0.000000 0.000000
0.000000 0.000000 0.366141 0.366135 0.366129 0.366117 0.366082 0.366052 0.366053 0.366049 0.366044 0.366048 0.366052 0.366049 0.366075 0.366106 0.366124 0.366128 0.366135 0.000000 0.000000
0.000000 0.000000 0.370005 0.370000 0.369995 0.369967 0.369944 0.369911 0.369918 0.369900 0.369902 0.369903 0.369897 0.369908 0.369929 0.369949 0.369970 0.369981 0.369997 0.000000 0.000000
0.000000 0.000000 0.374140 0.374130 0.374118 0.374099 0.374075 0.374034 0.374034 0.374026 0.374036 0.374024 0.374027 0.374030 0.374070 0.374090 0.374105 0.374112 0.374151 0.000000 0.000000
0.000000 0.000000 0.378460 0.378449 0.378443 0.378421 0.378400 0.378309 0.378308 0.378301 0.378280 0.378290 0.378297 0.378304 0.378373 0.378394 0.378427 0.378431 0.378456 0.000000 0.000000
0.000000 0.000000 0.383265 0.383260 0.383244 0.383227 0.383131 0.383116 0.383095 0.383094 0.383093 0.383092 0.383091 0.383088 0.383092 0.383195 0.383220 0.383245 0.383274 0.000000 0.000000
0.000000 0.000000 0.388683 0.388675 0.388653 0.388542 0.388521 0.388467 0.388433 0.388427 0.388408 0.388394 0.388407 0.388401 0.388450 0.388483 0.388632 0.388617 0.388631 0.000000 0.000000
0.000000 0.000000 0.394528 0.394520 0.394369 0.394363 0.394357 0.394326 0.394366 0.394346 0.394366 0.394351 0.394331 0.394366 0.394383 0.394395 0.394352 0.394548 0.394550 0.000000 0.000000
0.000000 0.000000 0.401478 0.401259 0.401226 0.401160 0.401053 0.401013 0.400982 0.400985 0.400933 0.400932 0.400958 0.400940 0.400995 0.401077 0.401214 0.401203 0.401428 0.000000 0.000000
0.000000 0.000000 0.405924 0.406006 0.406212 0.406173 0.406126 0.405930 0.405933 0.405885 0.405936 0.405922 0.405928 0.405940 0.406117 0.406154 0.406246 0.406046 0.405975 0.000000 0.000000
0.000000 0.000000 0.350000 0.350000 0.350000 0.350000 0.350000 0.350000 0.350000 0.350000 0.350000 0.350000 0.350000 0.350000 0.350000 0.350000 0.350000 0.350000 0.350000 0.000000 0.000000
0.000000 0.000000 0.000000 0.000000 0.000000 0.000000 0.000000 0.000000 0.000000 0.000000 0.000000 0.000000 0.000000 0.000000 0.000000 0.000000 0.000000 0.000000 0.000000 0.000000 0.000000