geotop/1.0zi/1.0Montebello/Templates/testdem/maps/_Eocsand0812.asc
ncols         21
nrows         20
xllcorner     100.000000
yllcorner     100.000000
cellsize      50.000000
NODATA_value  -9999.0
0.000000 0.000000 0.000000 0.000000 0.000000 0.000000 0.000000 0.000000 0.000000 0.000000 0.000000 0.000000 0.000000 0.000000 0.000000 0.000000 0.000000 0.000000 0.000000 0.000000 0.000000
0.000000 0.000000 0.300029 0.300029 0.300029 0.300029 0.300029 0.300029 0.300029 0.300029 0.300029 0.300029 0.300029 0.300029 0.300029 0.300029 0.300029 0.300029 0.300029 0.000000 0.000000
0.000000 0.000000 0.300005 0.300006 0.300006 0.300005 0.300005 0.300005 0.300005 0.300005 0.300005 0.300005 0.300005 0.300005 0.300005 0.300005 0.300006 0.300006 0.300005 0.000000 0.000000
0.000000 0.000000 0.299351 0.299351 0.299356 0.299354 0.299350 0.299351 0.299351 0.299350 0.299351 0.299350 0.299351 0.299351 0.299350 0.299354 0.299356 0.299351 0.299351 0.000000 0.000000
0.000000 0.000000 0.297048 0.297051 0.297054 0.297055 0.297048 0.297049 0.297049 0.297048 0.297049 0.297048 0.297049 0.297049 0.297048 0.297055 0.297054 0.297051 0.297048 0.000000 0.000000
0.000000 0.000000 0.294413 0.294414 0.294418 0.294418 0.294413 0.294413 0.294413 0.294413 0.294413 0.294413 0.294413 0.294413 0.294413 0.294418 0.294418 0.294414 0.294413 0.000000 0.000000
0.000000 0.000000 0.291929 0.291930 0.291933 0.291933 0.291929 0.291929 0.291929 0.291929 0.291929 0.291929 0.291929 0.291929 0.291929 0.291933 0.291933 0.291930 0.291929 0.000000 0.000000
0.000000 0.000000 0.289620 0.289621 0.289624 0.289624 0.289620 0.289620 0.289620 0.289620 0.289620 0.289620 0.289620 0.289620 0.289620 0.289624 0.289624 0.289621 0.289620 0.000000 0.000000
0.000000 0.000000 0.287439 0.287440 0.287443 0.287442 0.287439 0.287439 0.287439 0.287439 0.287439 0.287439 0.287439 0.287439 0.287439 0.287442 0.287443 0.287440 0.287439 0.000000 0.000000
0.000000 0.000000 0.285337 0.285338 0.285341 0.285341 0.285338 0.285338 0.285338 0.285337 0.285337 0.285337 0.285338 0.285338 0.285338 0.285341 0.285341 0.285338 0.285337 0.000000 0.000000
0.000000 0.000000 0.283296 0.283297 0.283300 0.283299 0.283296 0.283296 0.283296 0.283296 0.283296 0.283296 0.283296 0.283296 0.283296 0.283299 0.283300 0.283297 0.283296 0.000000 0.000000
0.000000 0.000000 0.281294 0.281295 0.281298 0.281297 0.281294 0.281294 0.281295 0.281294 0.281294 0.281294 0.281295 0.281294 0.281294 0.281297 0.281298 0.281295 0.281294 0.000000 0.000000
0.000000 0.000000 0.279325 0.279326 0.279329 0.279328 0.279326 0.279326 0.279326 0.279325 0.279325 0.279325 0.279326 0.279326 0.279326 0.279328 0.279329 0.279326 0.279325 0.000000 0.000000
0.000000 0.000000 0.277384 0.277385 0.277387 0.277387 0.277384 0.277384 0.277384 0.277384 0.277384 0.277384 0.277384 0.277384 0.277384 0.277387 0.277387 0.277385 0.277384 0.000000 0.000000
0.000000 0.000000 0.275459 0.275460 0.275463 0.275462 0.275460 0.275460 0.275460 0.275459 0.275459 0.275459 0.275460 0.275460 0.275460 0.275462 0.275463 0.275460 0.275459 0.000000 0.000000
0.000000 0.000000 0.273546 0.273547 0.273549 0.273549 0.273546 0.273546 0.273546 0.273546 0.273546 0.273546 0.273546 0.273546 0.273546 0.273549 0.273549 0.273547 0.273546 0.000000 0.000000
0.000000 0.000000 0.271649 0.271649 0.271652 0.271652 0.271649 0.271649 0.271649 0.271649 0.271649 0.271649 0.271649 0.271649 0.271649 0.271652 0.271652 0.271649 0.271649 0.000000 0.000000
0.000000 0.000000 0.269731 0.269731 0.269734 0.269733 0.269731 0.269731 0.269731 0.269730 0.269731 0.269730 0.269731 0.269731 0.269731 0.269733 0.269734 0.269731 0.269730 0.000000 0.000000
0.000000 0.000000 0.300000 0.300000 0.300000 0.300000 0.300000 0.300000 0.300000 0.300000 0.300000 0.300000 0.300000 0.300000 0.300000 0.300000 0.300000 0.300000 0.300000 0.000000 0.000000
0.000000 0.000000 0.000000 0.000000 0.000000 0.000000 0.000000 0.000000 0.000000 0.000000 0.000000 0.000000 0.000000 0.000000 0.000000 0.000000 0.000000 0.000000 0.000000 0.000000 0.000000