geotop/1.0zi/1.0Montebello/Templates/testdem/maps/_Eocclay5681.asc
ncols         21
nrows         20
xllcorner     100.000000
yllcorner     100.000000
cellsize      50.000000
NODATA_value  -9999.0
0.000000 0.000000 0.000000 0.000000 0.000000 0.000000 0.000000 0.000000 0.000000 0.000000 0.000000 0.000000 0.000000 0.000000 0.000000 0.000000 0.000000 0.000000 0.000000 0.000000 0.000000
0.000000 0.000000 0.349746 0.349747 0.349747 0.349747 0.349747 0.349747 0.349747 0.349747 0.349747 0.349747 0.349747 0.349747 0.349747 0.349747 0.349746 0.349746 0.349746 0.000000 0.000000
0.000000 0.000000 0.349989 0.349990 0.349990 0.349989 0.349989 0.349989 0.349989 0.349989 0.349989 0.349989 0.349989 0.349990 0.349989 0.349989 0.349989 0.349989 0.349989 0.000000 0.000000
0.000000 0.000000 0.349988 0.349990 0.349987 0.349988 0.349990 0.349990 0.349989 0.349988 0.349990 0.349988 0.349988 0.349988 0.349990 0.349992 0.349990 0.349991 0.349990 0.000000 0.000000
0.000000 0.000000 0.350479 0.350479 0.350479 0.350474 0.350463 0.350460 0.350461 0.350462 0.350461 0.350462 0.350457 0.350458 0.350462 0.350461 0.350466 0.350468 0.350472 0.000000 0.000000
0.000000 0.000000 0.352080 0.352082 0.352076 0.352058 0.352051 0.352035 0.352035 0.352030 0.352034 0.352034 0.352037 0.352036 0.352040 0.352052 0.352058 0.352069 0.352074 0.000000 0.000000
0.000000 0.000000 0.354391 0.354389 0.354387 0.354371 0.354351 0.354324 0.354324 0.354320 0.354322 0.354324 0.354325 0.354323 0.354341 0.354362 0.354371 0.354380 0.354387 0.000000 0.000000
0.000000 0.000000 0.357195 0.357195 0.357193 0.357174 0.357154 0.357126 0.357126 0.357123 0.357124 0.357124 0.357122 0.357126 0.357146 0.357163 0.357178 0.357183 0.357192 0.000000 0.000000
0.000000 0.000000 0.360032 0.360029 0.360024 0.360013 0.359993 0.359965 0.359968 0.359962 0.359960 0.359962 0.359961 0.359959 0.359983 0.360003 0.360016 0.360019 0.360027 0.000000 0.000000
0.000000 0.000000 0.362906 0.362901 0.362900 0.362892 0.362863 0.362838 0.362840 0.362837 0.362833 0.362837 0.362840 0.362837 0.362857 0.362880 0.362893 0.362896 0.362902 0.000000 0.000000
0.000000 0.000000 0.365889 0.365886 0.365886 0.365866 0.365847 0.365818 0.365824 0.365811 0.365812 0.365813 0.365809 0.365816 0.365832 0.365846 0.365861 0.365870 0.365882 0.000000 0.000000
0.000000 0.000000 0.369015 0.369008 0.369001 0.368987 0.368970 0.368936 0.368938 0.368930 0.368938 0.368930 0.368931 0.368933 0.368962 0.368975 0.368986 0.368990 0.369022 0.000000 0.000000
0.000000 0.000000 0.372226 0.372220 0.372218 0.372202 0.372186 0.372118 0.372118 0.372112 0.372098 0.372106 0.372111 0.372116 0.372165 0.372177 0.372201 0.372203 0.372226 0.000000 0.000000
0.000000 0.000000 0.375710 0.375706 0.375698 0.375688 0.375622 0.375605 0.375590 0.375589 0.375584 0.375587 0.375587 0.375584 0.375592 0.375657 0.375677 0.375694 0.375716 0.000000 0.000000
0.000000 0.000000 0.379546 0.379541 0.379528 0.379461 0.379439 0.379400 0.379374 0.379370 0.379357 0.379351 0.379358 0.379352 0.379380 0.379411 0.379508 0.379500 0.379514 0.000000 0.000000
0.000000 0.000000 0.383599 0.383594 0.383507 0.383492 0.383486 0.383461 0.383479 0.383468 0.383476 0.383466 0.383455 0.383472 0.383486 0.383495 0.383489 0.383601 0.383604 0.000000 0.000000
0.000000 0.000000 0.388236 0.388117 0.388075 0.388040 0.387983 0.387953 0.387944 0.387942 0.387917 0.387913 0.387924 0.387918 0.387951 0.387994 0.388061 0.388089 0.388209 0.000000 0.000000
0.000000 0.000000 0.391629 0.391633 0.391739 0.391709 0.391663 0.391550 0.391548 0.391523 0.391539 0.391532 0.391540 0.391542 0.391644 0.391677 0.391752 0.391643 0.391646 0.000000 0.000000
0.000000 0.000000 0.350000 0.350000 0.350000 0.350000 0.350000 0.350000 0.350000 0.350000 0.350000 0.350000 0.350000 0.350000 0.350000 0.350000 0.350000 0.350000 0.350000 0.000000 0.000000
0.000000 0.000000 0.000000 0.000000 0.000000 0.000000 0.000000 0.000000 0.000000 0.000000 0.000000 0.000000 0.000000 0.000000 0.000000 0.000000 0.000000 0.000000 0.000000 0.000000 0.000000