geotop/1.0zi/1.0Montebello/Templates/testdem/maps/_Eocclay7199.asc
ncols         21
nrows         20
xllcorner     100.000000
yllcorner     100.000000
cellsize      50.000000
NODATA_value  -9999.0
0.000000 0.000000 0.000000 0.000000 0.000000 0.000000 0.000000 0.000000 0.000000 0.000000 0.000000 0.000000 0.000000 0.000000 0.000000 0.000000 0.000000 0.000000 0.000000 0.000000 0.000000
0.000000 0.000000 0.349675 0.349677 0.349677 0.349676 0.349677 0.349677 0.349677 0.349677 0.349675 0.349677 0.349677 0.349677 0.349677 0.349677 0.349675 0.349675 0.349676 0.000000 0.000000
0.000000 0.000000 0.349987 0.349986 0.349987 0.349988 0.349986 0.349986 0.349986 0.349986 0.349986 0.349986 0.349986 0.349986 0.349987 0.349987 0.349988 0.349987 0.349985 0.000000 0.000000
0.000000 0.000000 0.349979 0.349983 0.349980 0.349981 0.349982 0.349981 0.349983 0.349980 0.349984 0.349982 0.349982 0.349980 0.349981 0.349983 0.349981 0.349983 0.349983 0.000000 0.000000
0.000000 0.000000 0.350756 0.350753 0.350749 0.350746 0.350732 0.350730 0.350728 0.350731 0.350728 0.350729 0.350725 0.350729 0.350736 0.350736 0.350743 0.350744 0.350752 0.000000 0.000000
0.000000 0.000000 0.353066 0.353064 0.353054 0.353029 0.353017 0.352995 0.352997 0.352990 0.352994 0.352993 0.352995 0.352997 0.353005 0.353023 0.353034 0.353048 0.353054 0.000000 0.000000
0.000000 0.000000 0.356307 0.356304 0.356296 0.356275 0.356248 0.356214 0.356214 0.356208 0.356210 0.356211 0.356211 0.356211 0.356239 0.356266 0.356279 0.356290 0.356299 0.000000 0.000000
0.000000 0.000000 0.360182 0.360180 0.360173 0.360147 0.360120 0.360084 0.360085 0.360081 0.360080 0.360078 0.360076 0.360083 0.360113 0.360136 0.360157 0.360165 0.360178 0.000000 0.000000
0.000000 0.000000 0.364220 0.364215 0.364202 0.364187 0.364159 0.364122 0.364126 0.364117 0.364115 0.364113 0.364113 0.364113 0.364148 0.364178 0.364194 0.364201 0.364212 0.000000 0.000000
0.000000 0.000000 0.368418 0.368410 0.368404 0.368389 0.368348 0.368315 0.368317 0.368312 0.368307 0.368309 0.368314 0.368312 0.368342 0.368376 0.368395 0.368401 0.368410 0.000000 0.000000
0.000000 0.000000 0.372893 0.372888 0.372880 0.372850 0.372823 0.372783 0.372792 0.372771 0.372773 0.372772 0.372765 0.372779 0.372805 0.372826 0.372850 0.372864 0.372882 0.000000 0.000000
0.000000 0.000000 0.377733 0.377720 0.377705 0.377684 0.377655 0.377607 0.377607 0.377599 0.377610 0.377594 0.377597 0.377601 0.377647 0.377671 0.377688 0.377697 0.377742 0.000000 0.000000
0.000000 0.000000 0.382855 0.382842 0.382835 0.382808 0.382782 0.382671 0.382670 0.382662 0.382636 0.382648 0.382655 0.382666 0.382750 0.382774 0.382814 0.382819 0.382847 0.000000 0.000000
0.000000 0.000000 0.388656 0.388650 0.388628 0.388608 0.388483 0.388472 0.388447 0.388445 0.388447 0.388442 0.388440 0.388436 0.388438 0.388569 0.388596 0.388630 0.388662 0.000000 0.000000
0.000000 0.000000 0.395306 0.395295 0.395266 0.395121 0.395104 0.395032 0.394991 0.394982 0.394959 0.394939 0.394955 0.394950 0.395017 0.395045 0.395241 0.395219 0.395233 0.000000 0.000000
0.000000 0.000000 0.402556 0.402545 0.402339 0.402354 0.402342 0.402302 0.402367 0.402340 0.402372 0.402350 0.402322 0.402371 0.402393 0.402405 0.402315 0.402592 0.402593 0.000000 0.000000
0.000000 0.000000 0.411408 0.411093 0.411081 0.410982 0.410823 0.410771 0.410715 0.410724 0.410644 0.410645 0.410686 0.410653 0.410731 0.410849 0.411064 0.411000 0.411325 0.000000 0.000000
0.000000 0.000000 0.416402 0.416591 0.416887 0.416851 0.416808 0.416524 0.416541 0.416469 0.416561 0.416537 0.416536 0.416563 0.416813 0.416844 0.416936 0.416664 0.416488 0.000000 0.000000
0.000000 0.000000 0.350000 0.350000 0.350000 0.350000 0.350000 0.350000 0.350000 0.350000 0.350000 0.350000 0.350000 0.350000 0.350000 0.350000 0.350000 0.350000 0.350000 0.000000 0.000000
0.000000 0.000000 0.000000 0.000000 0.000000 0.000000 0.000000 0.000000 0.000000 0.000000 0.000000 0.000000 0.000000 0.000000 0.000000 0.000000 0.000000 0.000000 0.000000 0.000000 0.000000