geotop/1.0zi/1.0Montebello/Templates/testdem/maps/_Eocsilt2544.asc
ncols         21
nrows         20
xllcorner     100.000000
yllcorner     100.000000
cellsize      50.000000
NODATA_value  -9999.0
0.000000 0.000000 0.000000 0.000000 0.000000 0.000000 0.000000 0.000000 0.000000 0.000000 0.000000 0.000000 0.000000 0.000000 0.000000 0.000000 0.000000 0.000000 0.000000 0.000000 0.000000
0.000000 0.000000 0.350060 0.350060 0.350060 0.350060 0.350060 0.350060 0.350060 0.350060 0.350059 0.350060 0.350060 0.350060 0.350060 0.350060 0.350060 0.350060 0.350060 0.000000 0.000000
0.000000 0.000000 0.349998 0.349998 0.349998 0.349998 0.349998 0.349998 0.349998 0.349998 0.349998 0.349998 0.349998 0.349998 0.349998 0.349998 0.349998 0.349998 0.349998 0.000000 0.000000
0.000000 0.000000 0.350844 0.350843 0.350841 0.350842 0.350844 0.350844 0.350843 0.350844 0.350844 0.350844 0.350843 0.350844 0.350844 0.350842 0.350841 0.350843 0.350844 0.000000 0.000000
0.000000 0.000000 0.354130 0.354129 0.354128 0.354128 0.354130 0.354130 0.354130 0.354131 0.354131 0.354131 0.354130 0.354130 0.354130 0.354128 0.354128 0.354129 0.354130 0.000000 0.000000
0.000000 0.000000 0.358402 0.358401 0.358400 0.358400 0.358402 0.358402 0.358402 0.358403 0.358403 0.358403 0.358402 0.358402 0.358402 0.358400 0.358400 0.358401 0.358402 0.000000 0.000000
0.000000 0.000000 0.362316 0.362316 0.362314 0.362315 0.362317 0.362316 0.362316 0.362317 0.362317 0.362317 0.362316 0.362316 0.362317 0.362315 0.362314 0.362316 0.362316 0.000000 0.000000
0.000000 0.000000 0.365891 0.365890 0.365889 0.365889 0.365891 0.365891 0.365891 0.365891 0.365892 0.365891 0.365891 0.365891 0.365891 0.365889 0.365889 0.365890 0.365891 0.000000 0.000000
0.000000 0.000000 0.369221 0.369220 0.369219 0.369220 0.369221 0.369221 0.369221 0.369221 0.369222 0.369221 0.369221 0.369221 0.369221 0.369220 0.369219 0.369220 0.369221 0.000000 0.000000
0.000000 0.000000 0.372383 0.372383 0.372382 0.372382 0.372383 0.372383 0.372383 0.372384 0.372384 0.372384 0.372383 0.372383 0.372383 0.372382 0.372382 0.372383 0.372383 0.000000 0.000000
0.000000 0.000000 0.375415 0.375415 0.375413 0.375414 0.375415 0.375415 0.375415 0.375415 0.375416 0.375415 0.375415 0.375415 0.375415 0.375414 0.375413 0.375415 0.375415 0.000000 0.000000
0.000000 0.000000 0.378344 0.378343 0.378342 0.378343 0.378344 0.378344 0.378344 0.378344 0.378344 0.378344 0.378344 0.378344 0.378344 0.378343 0.378342 0.378343 0.378344 0.000000 0.000000
0.000000 0.000000 0.381191 0.381190 0.381189 0.381190 0.381191 0.381190 0.381191 0.381191 0.381191 0.381191 0.381191 0.381190 0.381191 0.381190 0.381189 0.381190 0.381191 0.000000 0.000000
0.000000 0.000000 0.383970 0.383969 0.383968 0.383969 0.383970 0.383970 0.383970 0.383970 0.383970 0.383970 0.383970 0.383970 0.383970 0.383969 0.383968 0.383969 0.383970 0.000000 0.000000
0.000000 0.000000 0.386691 0.386691 0.386690 0.386690 0.386691 0.386691 0.386691 0.386692 0.386692 0.386692 0.386691 0.386691 0.386691 0.386690 0.386690 0.386691 0.386691 0.000000 0.000000
0.000000 0.000000 0.389359 0.389359 0.389358 0.389358 0.389360 0.389359 0.389359 0.389360 0.389360 0.389360 0.389359 0.389359 0.389360 0.389358 0.389358 0.389359 0.389359 0.000000 0.000000
0.000000 0.000000 0.391977 0.391977 0.391976 0.391976 0.391977 0.391977 0.391977 0.391978 0.391978 0.391978 0.391977 0.391977 0.391977 0.391976 0.391976 0.391977 0.391977 0.000000 0.000000
0.000000 0.000000 0.394581 0.394582 0.394580 0.394581 0.394582 0.394582 0.394582 0.394582 0.394582 0.394582 0.394582 0.394582 0.394582 0.394581 0.394580 0.394582 0.394582 0.000000 0.000000
0.000000 0.000000 0.350000 0.350000 0.350000 0.350000 0.350000 0.350000 0.350000 0.350000 0.350000 0.350000 0.350000 0.350000 0.350000 0.350000 0.350000 0.350000 0.350000 0.000000 0.000000
0.000000 0.000000 0.000000 0.000000 0.000000 0.000000 0.000000 0.000000 0.000000 0.000000 0.000000 0.000000 0.000000 0.000000 0.000000 0.000000 0.000000 0.000000 0.000000 0.000000 0.000000