geotop/1.0zi/1.0Montebello/Templates/testdem/maps/_Eocsand1786.asc
ncols         21
nrows         20
xllcorner     100.000000
yllcorner     100.000000
cellsize      50.000000
NODATA_value  -9999.0
0.000000 0.000000 0.000000 0.000000 0.000000 0.000000 0.000000 0.000000 0.000000 0.000000 0.000000 0.000000 0.000000 0.000000 0.000000 0.000000 0.000000 0.000000 0.000000 0.000000 0.000000
0.000000 0.000000 0.300055 0.300055 0.300055 0.300055 0.300055 0.300055 0.300055 0.300055 0.300055 0.300055 0.300055 0.300055 0.300055 0.300055 0.300055 0.300055 0.300055 0.000000 0.000000
0.000000 0.000000 0.300008 0.300009 0.300009 0.300008 0.300008 0.300008 0.300008 0.300008 0.300008 0.300008 0.300008 0.300008 0.300008 0.300008 0.300009 0.300009 0.300008 0.000000 0.000000
0.000000 0.000000 0.298664 0.298664 0.298669 0.298667 0.298663 0.298664 0.298664 0.298663 0.298663 0.298663 0.298664 0.298664 0.298663 0.298667 0.298669 0.298664 0.298664 0.000000 0.000000
0.000000 0.000000 0.293527 0.293528 0.293532 0.293531 0.293525 0.293526 0.293527 0.293525 0.293525 0.293525 0.293527 0.293526 0.293525 0.293531 0.293532 0.293528 0.293527 0.000000 0.000000
0.000000 0.000000 0.287437 0.287438 0.287441 0.287441 0.287436 0.287437 0.287437 0.287436 0.287436 0.287436 0.287437 0.287437 0.287436 0.287441 0.287441 0.287438 0.287437 0.000000 0.000000
0.000000 0.000000 0.281776 0.281777 0.281780 0.281779 0.281774 0.281776 0.281776 0.281775 0.281775 0.281775 0.281776 0.281776 0.281774 0.281779 0.281780 0.281777 0.281776 0.000000 0.000000
0.000000 0.000000 0.276581 0.276581 0.276584 0.276583 0.276580 0.276581 0.276581 0.276580 0.276580 0.276580 0.276581 0.276581 0.276580 0.276583 0.276584 0.276581 0.276581 0.000000 0.000000
0.000000 0.000000 0.271720 0.271721 0.271724 0.271723 0.271719 0.271720 0.271720 0.271720 0.271720 0.271720 0.271720 0.271720 0.271719 0.271723 0.271724 0.271721 0.271720 0.000000 0.000000
0.000000 0.000000 0.267074 0.267075 0.267077 0.267076 0.267073 0.267074 0.267074 0.267074 0.267074 0.267074 0.267074 0.267074 0.267073 0.267076 0.267077 0.267075 0.267074 0.000000 0.000000
0.000000 0.000000 0.262594 0.262594 0.262597 0.262595 0.262593 0.262593 0.262593 0.262593 0.262593 0.262593 0.262593 0.262593 0.262593 0.262595 0.262597 0.262594 0.262594 0.000000 0.000000
0.000000 0.000000 0.258235 0.258236 0.258238 0.258237 0.258235 0.258235 0.258235 0.258235 0.258235 0.258235 0.258235 0.258235 0.258235 0.258237 0.258238 0.258236 0.258235 0.000000 0.000000
0.000000 0.000000 0.253968 0.253968 0.253971 0.253970 0.253967 0.253968 0.253968 0.253967 0.253967 0.253967 0.253968 0.253968 0.253967 0.253970 0.253971 0.253968 0.253968 0.000000 0.000000
0.000000 0.000000 0.249786 0.249786 0.249789 0.249788 0.249785 0.249786 0.249786 0.249785 0.249785 0.249785 0.249786 0.249786 0.249785 0.249788 0.249789 0.249786 0.249786 0.000000 0.000000
0.000000 0.000000 0.245671 0.245671 0.245674 0.245673 0.245670 0.245671 0.245671 0.245670 0.245670 0.245670 0.245671 0.245671 0.245670 0.245673 0.245674 0.245671 0.245671 0.000000 0.000000
0.000000 0.000000 0.241610 0.241611 0.241613 0.241612 0.241610 0.241610 0.241610 0.241610 0.241610 0.241610 0.241610 0.241610 0.241610 0.241612 0.241613 0.241611 0.241610 0.000000 0.000000
0.000000 0.000000 0.237607 0.237607 0.237609 0.237608 0.237606 0.237606 0.237607 0.237606 0.237606 0.237606 0.237607 0.237606 0.237606 0.237608 0.237609 0.237607 0.237607 0.000000 0.000000
0.000000 0.000000 0.233571 0.233571 0.233574 0.233573 0.233570 0.233571 0.233571 0.233570 0.233570 0.233570 0.233571 0.233571 0.233570 0.233573 0.233574 0.233571 0.233571 0.000000 0.000000
0.000000 0.000000 0.300000 0.300000 0.300000 0.300000 0.300000 0.300000 0.300000 0.300000 0.300000 0.300000 0.300000 0.300000 0.300000 0.300000 0.300000 0.300000 0.300000 0.000000 0.000000
0.000000 0.000000 0.000000 0.000000 0.000000 0.000000 0.000000 0.000000 0.000000 0.000000 0.000000 0.000000 0.000000 0.000000 0.000000 0.000000 0.000000 0.000000 0.000000 0.000000 0.000000