geotop/1.0zi/1.0Montebello/Templates/testdem/maps/_Eocsand3627.asc
ncols         21
nrows         20
xllcorner     100.000000
yllcorner     100.000000
cellsize      50.000000
NODATA_value  -9999.0
0.000000 0.000000 0.000000 0.000000 0.000000 0.000000 0.000000 0.000000 0.000000 0.000000 0.000000 0.000000 0.000000 0.000000 0.000000 0.000000 0.000000 0.000000 0.000000 0.000000 0.000000
0.000000 0.000000 0.300098 0.300098 0.300098 0.300098 0.300098 0.300098 0.300098 0.300098 0.300100 0.300098 0.300098 0.300098 0.300098 0.300098 0.300098 0.300098 0.300098 0.000000 0.000000
0.000000 0.000000 0.300011 0.300011 0.300011 0.300011 0.300011 0.300011 0.300011 0.300011 0.300010 0.300011 0.300011 0.300011 0.300011 0.300011 0.300011 0.300011 0.300011 0.000000 0.000000
0.000000 0.000000 0.297315 0.297316 0.297320 0.297318 0.297315 0.297315 0.297315 0.297315 0.297314 0.297315 0.297315 0.297315 0.297315 0.297318 0.297320 0.297316 0.297315 0.000000 0.000000
0.000000 0.000000 0.286817 0.286819 0.286822 0.286822 0.286816 0.286819 0.286820 0.286817 0.286816 0.286817 0.286820 0.286819 0.286816 0.286822 0.286822 0.286819 0.286817 0.000000 0.000000
0.000000 0.000000 0.274460 0.274463 0.274465 0.274465 0.274461 0.274463 0.274464 0.274462 0.274461 0.274462 0.274464 0.274463 0.274461 0.274465 0.274465 0.274463 0.274460 0.000000 0.000000
0.000000 0.000000 0.263074 0.263076 0.263079 0.263078 0.263075 0.263076 0.263077 0.263076 0.263075 0.263076 0.263077 0.263076 0.263075 0.263078 0.263079 0.263076 0.263074 0.000000 0.000000
0.000000 0.000000 0.252761 0.252763 0.252765 0.252764 0.252761 0.252763 0.252763 0.252762 0.252761 0.252762 0.252763 0.252763 0.252761 0.252764 0.252765 0.252763 0.252761 0.000000 0.000000
0.000000 0.000000 0.243253 0.243254 0.243256 0.243256 0.243253 0.243254 0.243255 0.243254 0.243253 0.243254 0.243255 0.243254 0.243253 0.243256 0.243256 0.243254 0.243253 0.000000 0.000000
0.000000 0.000000 0.234328 0.234329 0.234331 0.234330 0.234328 0.234329 0.234330 0.234329 0.234328 0.234329 0.234330 0.234329 0.234328 0.234330 0.234331 0.234329 0.234328 0.000000 0.000000
0.000000 0.000000 0.225868 0.225869 0.225871 0.225871 0.225868 0.225869 0.225870 0.225869 0.225868 0.225869 0.225870 0.225869 0.225868 0.225871 0.225871 0.225869 0.225868 0.000000 0.000000
0.000000 0.000000 0.217792 0.217793 0.217795 0.217794 0.217792 0.217793 0.217793 0.217792 0.217792 0.217792 0.217793 0.217793 0.217792 0.217794 0.217795 0.217793 0.217792 0.000000 0.000000
0.000000 0.000000 0.210037 0.210038 0.210040 0.210039 0.210037 0.210038 0.210038 0.210037 0.210037 0.210037 0.210038 0.210038 0.210037 0.210039 0.210040 0.210038 0.210037 0.000000 0.000000
0.000000 0.000000 0.202546 0.202547 0.202549 0.202548 0.202546 0.202547 0.202548 0.202547 0.202546 0.202547 0.202548 0.202547 0.202546 0.202548 0.202549 0.202547 0.202546 0.000000 0.000000
0.000000 0.000000 0.195296 0.195297 0.195299 0.195298 0.195296 0.195297 0.195298 0.195297 0.195296 0.195297 0.195298 0.195297 0.195296 0.195298 0.195299 0.195297 0.195296 0.000000 0.000000
0.000000 0.000000 0.188277 0.188278 0.188280 0.188279 0.188278 0.188278 0.188279 0.188278 0.188277 0.188278 0.188279 0.188278 0.188278 0.188279 0.188280 0.188278 0.188277 0.000000 0.000000
0.000000 0.000000 0.181465 0.181465 0.181467 0.181466 0.181465 0.181465 0.181466 0.181465 0.181464 0.181465 0.181466 0.181465 0.181465 0.181466 0.181467 0.181465 0.181465 0.000000 0.000000
0.000000 0.000000 0.174764 0.174765 0.174766 0.174765 0.174764 0.174765 0.174765 0.174764 0.174764 0.174764 0.174765 0.174765 0.174764 0.174765 0.174766 0.174765 0.174764 0.000000 0.000000
0.000000 0.000000 0.300000 0.300000 0.300000 0.300000 0.300000 0.300000 0.300000 0.300000 0.300000 0.300000 0.300000 0.300000 0.300000 0.300000 0.300000 0.300000 0.300000 0.000000 0.000000
0.000000 0.000000 0.000000 0.000000 0.000000 0.000000 0.000000 0.000000 0.000000 0.000000 0.000000 0.000000 0.000000 0.000000 0.000000 0.000000 0.000000 0.000000 0.000000 0.000000 0.000000