geotop/1.0zi/1.0Montebello/Templates/testdem/maps/_Eocclay9543.asc
ncols         21
nrows         20
xllcorner     100.000000
yllcorner     100.000000
cellsize      50.000000
NODATA_value  -9999.0
0.000000 0.000000 0.000000 0.000000 0.000000 0.000000 0.000000 0.000000 0.000000 0.000000 0.000000 0.000000 0.000000 0.000000 0.000000 0.000000 0.000000 0.000000 0.000000 0.000000 0.000000
0.000000 0.000000 0.349557 0.349560 0.349560 0.349559 0.349561 0.349561 0.349560 0.349560 0.349559 0.349561 0.349560 0.349560 0.349561 0.349560 0.349558 0.349559 0.349560 0.000000 0.000000
0.000000 0.000000 0.349981 0.349979 0.349979 0.349981 0.349979 0.349979 0.349980 0.349979 0.349979 0.349979 0.349979 0.349979 0.349980 0.349980 0.349981 0.349981 0.349979 0.000000 0.000000
0.000000 0.000000 0.350039 0.350044 0.350042 0.350039 0.350040 0.350040 0.350044 0.350042 0.350045 0.350043 0.350043 0.350042 0.350045 0.350046 0.350044 0.350045 0.350043 0.000000 0.000000
0.000000 0.000000 0.351422 0.351416 0.351409 0.351398 0.351379 0.351378 0.351375 0.351376 0.351375 0.351379 0.351379 0.351381 0.351391 0.351396 0.351406 0.351409 0.351419 0.000000 0.000000
0.000000 0.000000 0.355201 0.355196 0.355172 0.355140 0.355111 0.355082 0.355087 0.355080 0.355083 0.355083 0.355089 0.355088 0.355102 0.355131 0.355146 0.355159 0.355165 0.000000 0.000000
0.000000 0.000000 0.360262 0.360252 0.360237 0.360206 0.360167 0.360109 0.360113 0.360108 0.360107 0.360109 0.360111 0.360112 0.360156 0.360189 0.360209 0.360222 0.360231 0.000000 0.000000
0.000000 0.000000 0.366280 0.366270 0.366254 0.366215 0.366173 0.366122 0.366125 0.366119 0.366117 0.366115 0.366114 0.366124 0.366164 0.366199 0.366232 0.366240 0.366255 0.000000 0.000000
0.000000 0.000000 0.372849 0.372834 0.372813 0.372785 0.372737 0.372678 0.372686 0.372675 0.372670 0.372668 0.372671 0.372670 0.372725 0.372768 0.372792 0.372802 0.372816 0.000000 0.000000
0.000000 0.000000 0.380087 0.380067 0.380051 0.380020 0.379954 0.379899 0.379902 0.379895 0.379886 0.379892 0.379901 0.379899 0.379943 0.379999 0.380029 0.380041 0.380048 0.000000 0.000000
0.000000 0.000000 0.388307 0.388293 0.388278 0.388206 0.388163 0.388089 0.388109 0.388070 0.388077 0.388072 0.388060 0.388085 0.388134 0.388168 0.388211 0.388229 0.388263 0.000000 0.000000
0.000000 0.000000 0.397854 0.397821 0.397777 0.397744 0.397680 0.397589 0.397591 0.397587 0.397603 0.397569 0.397588 0.397585 0.397675 0.397727 0.397750 0.397765 0.397837 0.000000 0.000000
0.000000 0.000000 0.408605 0.408576 0.408568 0.408485 0.408432 0.408166 0.408169 0.408155 0.408071 0.408124 0.408134 0.408160 0.408357 0.408405 0.408500 0.408508 0.408529 0.000000 0.000000
0.000000 0.000000 0.421930 0.421922 0.421845 0.421798 0.421419 0.421533 0.421462 0.421465 0.421515 0.421470 0.421464 0.421431 0.421325 0.421733 0.421753 0.421850 0.421909 0.000000 0.000000
0.000000 0.000000 0.437493 0.437448 0.437373 0.436881 0.437061 0.436765 0.436692 0.436665 0.436560 0.436522 0.436581 0.436585 0.436857 0.436690 0.437337 0.437190 0.437172 0.000000 0.000000
0.000000 0.000000 0.452396 0.452370 0.451771 0.452084 0.451974 0.451999 0.452269 0.452200 0.452346 0.452322 0.452210 0.452357 0.452280 0.452374 0.451702 0.452622 0.452609 0.000000 0.000000
0.000000 0.000000 0.466636 0.466064 0.466272 0.466005 0.465714 0.465617 0.465418 0.465466 0.465265 0.465290 0.465408 0.465285 0.465447 0.465663 0.466242 0.465781 0.466379 0.000000 0.000000
0.000000 0.000000 0.471132 0.471415 0.471781 0.471730 0.471699 0.471355 0.471387 0.471297 0.471427 0.471399 0.471392 0.471428 0.471719 0.471743 0.471822 0.471489 0.471211 0.000000 0.000000
0.000000 0.000000 0.350000 0.350000 0.350000 0.350000 0.350000 0.350000 0.350000 0.350000 0.350000 0.350000 0.350000 0.350000 0.350000 0.350000 0.350000 0.350000 0.350000 0.000000 0.000000
0.000000 0.000000 0.000000 0.000000 0.000000 0.000000 0.000000 0.000000 0.000000 0.000000 0.000000 0.000000 0.000000 0.000000 0.000000 0.000000 0.000000 0.000000 0.000000 0.000000 0.000000