geotop/1.0zi/1.0Montebello/Templates/testdem/maps/_Eocclay9843.asc
ncols         21
nrows         20
xllcorner     100.000000
yllcorner     100.000000
cellsize      50.000000
NODATA_value  -9999.0
0.000000 0.000000 0.000000 0.000000 0.000000 0.000000 0.000000 0.000000 0.000000 0.000000 0.000000 0.000000 0.000000 0.000000 0.000000 0.000000 0.000000 0.000000 0.000000 0.000000 0.000000
0.000000 0.000000 0.349550 0.349553 0.349552 0.349551 0.349553 0.349553 0.349553 0.349553 0.349552 0.349553 0.349553 0.349552 0.349553 0.349553 0.349551 0.349551 0.349552 0.000000 0.000000
0.000000 0.000000 0.349981 0.349979 0.349979 0.349981 0.349979 0.349979 0.349979 0.349979 0.349979 0.349979 0.349979 0.349979 0.349980 0.349980 0.349981 0.349980 0.349979 0.000000 0.000000
0.000000 0.000000 0.350040 0.350045 0.350042 0.350038 0.350039 0.350039 0.350043 0.350040 0.350043 0.350041 0.350041 0.350040 0.350043 0.350046 0.350045 0.350046 0.350043 0.000000 0.000000
0.000000 0.000000 0.351483 0.351477 0.351470 0.351458 0.351440 0.351437 0.351434 0.351436 0.351434 0.351438 0.351438 0.351440 0.351450 0.351454 0.351465 0.351468 0.351478 0.000000 0.000000
0.000000 0.000000 0.355436 0.355430 0.355407 0.355371 0.355340 0.355309 0.355314 0.355307 0.355307 0.355306 0.355313 0.355311 0.355328 0.355359 0.355374 0.355387 0.355393 0.000000 0.000000
0.000000 0.000000 0.360728 0.360716 0.360702 0.360666 0.360626 0.360568 0.360568 0.360562 0.360558 0.360559 0.360560 0.360560 0.360608 0.360644 0.360663 0.360677 0.360685 0.000000 0.000000
0.000000 0.000000 0.367025 0.367012 0.366995 0.366949 0.366904 0.366851 0.366852 0.366845 0.366840 0.366837 0.366835 0.366844 0.366889 0.366926 0.366959 0.366967 0.366982 0.000000 0.000000
0.000000 0.000000 0.373934 0.373916 0.373891 0.373856 0.373805 0.373744 0.373750 0.373737 0.373729 0.373727 0.373729 0.373727 0.373787 0.373833 0.373858 0.373869 0.373881 0.000000 0.000000
0.000000 0.000000 0.381604 0.381577 0.381557 0.381519 0.381462 0.381398 0.381399 0.381390 0.381376 0.381381 0.381390 0.381386 0.381436 0.381495 0.381526 0.381538 0.381544 0.000000 0.000000
0.000000 0.000000 0.390384 0.390361 0.390341 0.390258 0.390231 0.390143 0.390162 0.390119 0.390122 0.390115 0.390102 0.390125 0.390181 0.390218 0.390262 0.390277 0.390315 0.000000 0.000000
0.000000 0.000000 0.400672 0.400626 0.400574 0.400534 0.400488 0.400378 0.400376 0.400370 0.400383 0.400344 0.400363 0.400356 0.400457 0.400515 0.400538 0.400552 0.400628 0.000000 0.000000
0.000000 0.000000 0.412329 0.412286 0.412273 0.412191 0.412135 0.411842 0.411837 0.411817 0.411713 0.411777 0.411783 0.411808 0.412028 0.412078 0.412185 0.412190 0.412208 0.000000 0.000000
0.000000 0.000000 0.426851 0.426831 0.426735 0.426677 0.426264 0.426413 0.426324 0.426324 0.426379 0.426322 0.426311 0.426267 0.426132 0.426589 0.426604 0.426710 0.426773 0.000000 0.000000
0.000000 0.000000 0.443392 0.443342 0.443259 0.442722 0.442958 0.442619 0.442545 0.442509 0.442385 0.442346 0.442408 0.442411 0.442713 0.442486 0.443188 0.443020 0.442993 0.000000 0.000000
0.000000 0.000000 0.458138 0.458109 0.457524 0.457844 0.457733 0.457766 0.458026 0.457957 0.458098 0.458075 0.457963 0.458101 0.458014 0.458117 0.457437 0.458337 0.458324 0.000000 0.000000
0.000000 0.000000 0.471023 0.470552 0.470699 0.470491 0.470248 0.470169 0.470016 0.470051 0.469891 0.469910 0.470002 0.469906 0.470036 0.470219 0.470661 0.470321 0.470811 0.000000 0.000000
0.000000 0.000000 0.475813 0.475964 0.476248 0.476183 0.476131 0.475863 0.475871 0.475806 0.475885 0.475865 0.475869 0.475885 0.476119 0.476161 0.476267 0.475987 0.475838 0.000000 0.000000
0.000000 0.000000 0.350000 0.350000 0.350000 0.350000 0.350000 0.350000 0.350000 0.350000 0.350000 0.350000 0.350000 0.350000 0.350000 0.350000 0.350000 0.350000 0.350000 0.000000 0.000000
0.000000 0.000000 0.000000 0.000000 0.000000 0.000000 0.000000 0.000000 0.000000 0.000000 0.000000 0.000000 0.000000 0.000000 0.000000 0.000000 0.000000 0.000000 0.000000 0.000000 0.000000