geotop/1.0zi/1.0Montebello/Templates/testdem/maps/_Eocsand3793.asc
ncols         21
nrows         20
xllcorner     100.000000
yllcorner     100.000000
cellsize      50.000000
NODATA_value  -9999.0
0.000000 0.000000 0.000000 0.000000 0.000000 0.000000 0.000000 0.000000 0.000000 0.000000 0.000000 0.000000 0.000000 0.000000 0.000000 0.000000 0.000000 0.000000 0.000000 0.000000 0.000000
0.000000 0.000000 0.300097 0.300096 0.300096 0.300096 0.300096 0.300096 0.300096 0.300096 0.300096 0.300096 0.300096 0.300096 0.300096 0.300096 0.300096 0.300096 0.300096 0.000000 0.000000
0.000000 0.000000 0.300005 0.300004 0.300004 0.300004 0.300003 0.300003 0.300003 0.300003 0.300004 0.300004 0.300003 0.300003 0.300004 0.300004 0.300005 0.300006 0.300005 0.000000 0.000000
0.000000 0.000000 0.299972 0.299973 0.299973 0.299976 0.299973 0.299975 0.299973 0.299973 0.299973 0.299975 0.299974 0.299977 0.299976 0.299972 0.299972 0.299971 0.299972 0.000000 0.000000
0.000000 0.000000 0.299290 0.299283 0.299288 0.299288 0.299297 0.299303 0.299304 0.299308 0.299307 0.299305 0.299305 0.299304 0.299297 0.299298 0.299298 0.299293 0.299289 0.000000 0.000000
0.000000 0.000000 0.297103 0.297099 0.297108 0.297123 0.297135 0.297157 0.297157 0.297167 0.297159 0.297157 0.297153 0.297150 0.297145 0.297133 0.297128 0.297124 0.297119 0.000000 0.000000
0.000000 0.000000 0.293941 0.293942 0.293950 0.293977 0.294009 0.294047 0.294046 0.294053 0.294046 0.294047 0.294044 0.294034 0.294001 0.293973 0.293965 0.293960 0.293951 0.000000 0.000000
0.000000 0.000000 0.290379 0.290381 0.290391 0.290425 0.290461 0.290499 0.290497 0.290503 0.290501 0.290502 0.290499 0.290489 0.290448 0.290418 0.290404 0.290402 0.290392 0.000000 0.000000
0.000000 0.000000 0.286807 0.286812 0.286827 0.286853 0.286888 0.286932 0.286930 0.286938 0.286936 0.286934 0.286932 0.286920 0.286881 0.286848 0.286837 0.286832 0.286819 0.000000 0.000000
0.000000 0.000000 0.283264 0.283269 0.283282 0.283309 0.283350 0.283389 0.283385 0.283391 0.283390 0.283389 0.283387 0.283378 0.283336 0.283302 0.283292 0.283288 0.283278 0.000000 0.000000
0.000000 0.000000 0.279695 0.279700 0.279714 0.279736 0.279769 0.279815 0.279812 0.279822 0.279820 0.279818 0.279815 0.279806 0.279769 0.279745 0.279730 0.279725 0.279713 0.000000 0.000000
0.000000 0.000000 0.276030 0.276035 0.276050 0.276081 0.276116 0.276161 0.276162 0.276169 0.276167 0.276168 0.276163 0.276154 0.276108 0.276079 0.276066 0.276062 0.276020 0.000000 0.000000
0.000000 0.000000 0.272345 0.272351 0.272367 0.272392 0.272432 0.272515 0.272515 0.272523 0.272522 0.272521 0.272518 0.272506 0.272432 0.272398 0.272385 0.272381 0.272354 0.000000 0.000000
0.000000 0.000000 0.268477 0.268488 0.268502 0.268528 0.268614 0.268642 0.268655 0.268662 0.268659 0.268659 0.268656 0.268645 0.268614 0.268538 0.268525 0.268511 0.268496 0.000000 0.000000
0.000000 0.000000 0.264343 0.264352 0.264382 0.264453 0.264502 0.264555 0.264582 0.264591 0.264601 0.264601 0.264590 0.264587 0.264542 0.264487 0.264409 0.264415 0.264403 0.000000 0.000000
0.000000 0.000000 0.260119 0.260128 0.260212 0.260234 0.260270 0.260302 0.260309 0.260312 0.260308 0.260309 0.260311 0.260286 0.260265 0.260240 0.260238 0.260161 0.260140 0.000000 0.000000
0.000000 0.000000 0.255476 0.255569 0.255647 0.255684 0.255749 0.255783 0.255792 0.255797 0.255807 0.255805 0.255796 0.255792 0.255764 0.255703 0.255669 0.255625 0.255530 0.000000 0.000000
0.000000 0.000000 0.251780 0.251807 0.251758 0.251806 0.251868 0.251970 0.251982 0.251993 0.251989 0.251989 0.251986 0.251969 0.251875 0.251819 0.251760 0.251847 0.251801 0.000000 0.000000
0.000000 0.000000 0.300000 0.300000 0.300000 0.300000 0.300000 0.300000 0.300000 0.300000 0.300000 0.300000 0.300000 0.300000 0.300000 0.300000 0.300000 0.300000 0.300000 0.000000 0.000000
0.000000 0.000000 0.000000 0.000000 0.000000 0.000000 0.000000 0.000000 0.000000 0.000000 0.000000 0.000000 0.000000 0.000000 0.000000 0.000000 0.000000 0.000000 0.000000 0.000000 0.000000