geotop/1.0zi/1.0Montebello/Templates/testdem/maps/_Eocsand7310.asc
ncols         21
nrows         20
xllcorner     100.000000
yllcorner     100.000000
cellsize      50.000000
NODATA_value  -9999.0
0.000000 0.000000 0.000000 0.000000 0.000000 0.000000 0.000000 0.000000 0.000000 0.000000 0.000000 0.000000 0.000000 0.000000 0.000000 0.000000 0.000000 0.000000 0.000000 0.000000 0.000000
0.000000 0.000000 0.300186 0.300183 0.300183 0.300184 0.300183 0.300183 0.300183 0.300183 0.300184 0.300183 0.300183 0.300183 0.300183 0.300183 0.300184 0.300184 0.300184 0.000000 0.000000
0.000000 0.000000 0.300010 0.300011 0.300010 0.300009 0.300010 0.300011 0.300010 0.300010 0.300010 0.300011 0.300010 0.300010 0.300010 0.300010 0.300011 0.300011 0.300012 0.000000 0.000000
0.000000 0.000000 0.299925 0.299924 0.299929 0.299936 0.299932 0.299938 0.299932 0.299935 0.299935 0.299935 0.299935 0.299936 0.299934 0.299929 0.299927 0.299924 0.299924 0.000000 0.000000
0.000000 0.000000 0.298299 0.298296 0.298304 0.298320 0.298340 0.298348 0.298354 0.298352 0.298356 0.298355 0.298358 0.298352 0.298331 0.298325 0.298316 0.298305 0.298296 0.000000 0.000000
0.000000 0.000000 0.293619 0.293619 0.293640 0.293681 0.293711 0.293753 0.293753 0.293764 0.293758 0.293757 0.293755 0.293754 0.293733 0.293704 0.293679 0.293658 0.293647 0.000000 0.000000
0.000000 0.000000 0.286969 0.286976 0.286994 0.287040 0.287097 0.287162 0.287162 0.287171 0.287169 0.287170 0.287173 0.287167 0.287111 0.287059 0.287029 0.287003 0.286988 0.000000 0.000000
0.000000 0.000000 0.279035 0.279038 0.279050 0.279102 0.279157 0.279228 0.279228 0.279235 0.279238 0.279243 0.279247 0.279233 0.279173 0.279124 0.279076 0.279062 0.279039 0.000000 0.000000
0.000000 0.000000 0.270671 0.270684 0.270710 0.270742 0.270800 0.270876 0.270872 0.270889 0.270894 0.270897 0.270896 0.270897 0.270823 0.270761 0.270725 0.270706 0.270687 0.000000 0.000000
0.000000 0.000000 0.261984 0.262000 0.262013 0.262044 0.262126 0.262194 0.262192 0.262201 0.262213 0.262207 0.262197 0.262202 0.262139 0.262070 0.262027 0.262014 0.261999 0.000000 0.000000
0.000000 0.000000 0.252733 0.252744 0.252758 0.252825 0.252883 0.252960 0.252943 0.252985 0.252981 0.252982 0.252997 0.252969 0.252915 0.252871 0.252818 0.252790 0.252754 0.000000 0.000000
0.000000 0.000000 0.242679 0.242705 0.242735 0.242780 0.242842 0.242937 0.242940 0.242955 0.242934 0.242966 0.242959 0.242951 0.242853 0.242804 0.242767 0.242747 0.242658 0.000000 0.000000
0.000000 0.000000 0.232022 0.232049 0.232062 0.232120 0.232174 0.232405 0.232408 0.232423 0.232481 0.232454 0.232440 0.232417 0.232240 0.232190 0.232102 0.232091 0.232039 0.000000 0.000000
0.000000 0.000000 0.219898 0.219908 0.219953 0.219995 0.220263 0.220275 0.220331 0.220332 0.220328 0.220338 0.220344 0.220352 0.220353 0.220075 0.220017 0.219943 0.219881 0.000000 0.000000
0.000000 0.000000 0.205946 0.205968 0.206028 0.206344 0.206369 0.206522 0.206608 0.206625 0.206679 0.206720 0.206686 0.206696 0.206548 0.206500 0.206075 0.206124 0.206101 0.000000 0.000000
0.000000 0.000000 0.190715 0.190739 0.191184 0.191139 0.191166 0.191240 0.191099 0.191155 0.191085 0.191128 0.191192 0.191083 0.191040 0.191014 0.191228 0.190619 0.190624 0.000000 0.000000
0.000000 0.000000 0.172039 0.172728 0.172723 0.172948 0.173297 0.173405 0.173539 0.173513 0.173695 0.173690 0.173596 0.173674 0.173502 0.173244 0.172754 0.172930 0.172222 0.000000 0.000000
0.000000 0.000000 0.162081 0.161618 0.160974 0.161040 0.161113 0.161721 0.161675 0.161834 0.161621 0.161674 0.161682 0.161618 0.161082 0.161031 0.160861 0.161437 0.161875 0.000000 0.000000
0.000000 0.000000 0.300000 0.300000 0.300000 0.300000 0.300000 0.300000 0.300000 0.300000 0.300000 0.300000 0.300000 0.300000 0.300000 0.300000 0.300000 0.300000 0.300000 0.000000 0.000000
0.000000 0.000000 0.000000 0.000000 0.000000 0.000000 0.000000 0.000000 0.000000 0.000000 0.000000 0.000000 0.000000 0.000000 0.000000 0.000000 0.000000 0.000000 0.000000 0.000000 0.000000