geotop/1.0zi/1.0Montebello/Templates/testdem/maps/_Eocsand3148.asc
ncols         21
nrows         20
xllcorner     100.000000
yllcorner     100.000000
cellsize      50.000000
NODATA_value  -9999.0
0.000000 0.000000 0.000000 0.000000 0.000000 0.000000 0.000000 0.000000 0.000000 0.000000 0.000000 0.000000 0.000000 0.000000 0.000000 0.000000 0.000000 0.000000 0.000000 0.000000 0.000000
0.000000 0.000000 0.300087 0.300087 0.300087 0.300088 0.300087 0.300087 0.300087 0.300087 0.300089 0.300087 0.300087 0.300087 0.300087 0.300088 0.300087 0.300087 0.300087 0.000000 0.000000
0.000000 0.000000 0.300011 0.300011 0.300011 0.300011 0.300011 0.300011 0.300011 0.300011 0.300009 0.300011 0.300011 0.300011 0.300011 0.300011 0.300011 0.300011 0.300011 0.000000 0.000000
0.000000 0.000000 0.297433 0.297434 0.297439 0.297437 0.297433 0.297434 0.297434 0.297433 0.297433 0.297433 0.297434 0.297434 0.297433 0.297437 0.297439 0.297434 0.297433 0.000000 0.000000
0.000000 0.000000 0.287861 0.287862 0.287866 0.287866 0.287860 0.287862 0.287862 0.287859 0.287858 0.287859 0.287862 0.287862 0.287860 0.287866 0.287866 0.287862 0.287861 0.000000 0.000000
0.000000 0.000000 0.276831 0.276833 0.276836 0.276836 0.276831 0.276832 0.276832 0.276831 0.276829 0.276831 0.276832 0.276832 0.276831 0.276836 0.276836 0.276833 0.276831 0.000000 0.000000
0.000000 0.000000 0.266707 0.266708 0.266711 0.266710 0.266706 0.266708 0.266708 0.266706 0.266705 0.266706 0.266708 0.266708 0.266706 0.266710 0.266711 0.266708 0.266707 0.000000 0.000000
0.000000 0.000000 0.257528 0.257529 0.257532 0.257531 0.257528 0.257529 0.257529 0.257528 0.257527 0.257528 0.257529 0.257529 0.257528 0.257531 0.257532 0.257529 0.257528 0.000000 0.000000
0.000000 0.000000 0.249047 0.249047 0.249050 0.249049 0.249047 0.249048 0.249047 0.249046 0.249045 0.249046 0.249047 0.249048 0.249047 0.249049 0.249050 0.249047 0.249047 0.000000 0.000000
0.000000 0.000000 0.241058 0.241059 0.241061 0.241061 0.241058 0.241059 0.241059 0.241058 0.241057 0.241058 0.241059 0.241059 0.241058 0.241061 0.241061 0.241059 0.241058 0.000000 0.000000
0.000000 0.000000 0.233464 0.233465 0.233467 0.233467 0.233464 0.233465 0.233465 0.233464 0.233463 0.233464 0.233465 0.233465 0.233464 0.233467 0.233467 0.233465 0.233464 0.000000 0.000000
0.000000 0.000000 0.226192 0.226193 0.226195 0.226195 0.226192 0.226193 0.226193 0.226192 0.226191 0.226192 0.226193 0.226193 0.226192 0.226195 0.226195 0.226193 0.226192 0.000000 0.000000
0.000000 0.000000 0.219190 0.219191 0.219193 0.219193 0.219190 0.219191 0.219191 0.219190 0.219189 0.219190 0.219191 0.219191 0.219190 0.219193 0.219193 0.219191 0.219190 0.000000 0.000000
0.000000 0.000000 0.212398 0.212398 0.212401 0.212400 0.212398 0.212399 0.212398 0.212397 0.212397 0.212397 0.212398 0.212399 0.212398 0.212400 0.212401 0.212398 0.212398 0.000000 0.000000
0.000000 0.000000 0.205801 0.205801 0.205804 0.205803 0.205801 0.205801 0.205801 0.205800 0.205799 0.205800 0.205801 0.205801 0.205801 0.205803 0.205804 0.205801 0.205801 0.000000 0.000000
0.000000 0.000000 0.199387 0.199387 0.199389 0.199389 0.199386 0.199387 0.199387 0.199386 0.199385 0.199386 0.199387 0.199387 0.199386 0.199389 0.199389 0.199387 0.199387 0.000000 0.000000
0.000000 0.000000 0.193135 0.193136 0.193138 0.193137 0.193135 0.193136 0.193136 0.193135 0.193134 0.193135 0.193136 0.193136 0.193135 0.193137 0.193138 0.193136 0.193135 0.000000 0.000000
0.000000 0.000000 0.186908 0.186908 0.186910 0.186909 0.186907 0.186908 0.186908 0.186907 0.186906 0.186907 0.186908 0.186908 0.186907 0.186909 0.186910 0.186908 0.186907 0.000000 0.000000
0.000000 0.000000 0.300000 0.300000 0.300000 0.300000 0.300000 0.300000 0.300000 0.300000 0.300000 0.300000 0.300000 0.300000 0.300000 0.300000 0.300000 0.300000 0.300000 0.000000 0.000000
0.000000 0.000000 0.000000 0.000000 0.000000 0.000000 0.000000 0.000000 0.000000 0.000000 0.000000 0.000000 0.000000 0.000000 0.000000 0.000000 0.000000 0.000000 0.000000 0.000000 0.000000