geotop/1.0zi/1.0Montebello/Templates/testdem/maps/_Eocsand011Z.asc
ncols         21
nrows         20
xllcorner     100.000000
yllcorner     100.000000
cellsize      50.000000
NODATA_value  -9999.0
0.000000 0.000000 0.000000 0.000000 0.000000 0.000000 0.000000 0.000000 0.000000 0.000000 0.000000 0.000000 0.000000 0.000000 0.000000 0.000000 0.000000 0.000000 0.000000 0.000000 0.000000
0.000000 0.000000 0.300248 0.300245 0.300246 0.300246 0.300245 0.300245 0.300246 0.300246 0.300246 0.300246 0.300246 0.300246 0.300246 0.300245 0.300247 0.300246 0.300246 0.000000 0.000000
0.000000 0.000000 0.300011 0.300013 0.300012 0.300011 0.300012 0.300013 0.300012 0.300012 0.300012 0.300012 0.300012 0.300012 0.300012 0.300012 0.300013 0.300013 0.300014 0.000000 0.000000
0.000000 0.000000 0.299806 0.299803 0.299814 0.299822 0.299822 0.299827 0.299820 0.299821 0.299821 0.299819 0.299818 0.299820 0.299814 0.299808 0.299804 0.299802 0.299803 0.000000 0.000000
0.000000 0.000000 0.296888 0.296887 0.296906 0.296943 0.296971 0.296982 0.296982 0.296982 0.296986 0.296979 0.296973 0.296973 0.296949 0.296935 0.296920 0.296909 0.296897 0.000000 0.000000
0.000000 0.000000 0.288915 0.288926 0.288968 0.289039 0.289107 0.289167 0.289164 0.289172 0.289176 0.289174 0.289163 0.289168 0.289132 0.289075 0.289047 0.289024 0.289013 0.000000 0.000000
0.000000 0.000000 0.277933 0.277955 0.277991 0.278075 0.278160 0.278277 0.278274 0.278281 0.278294 0.278293 0.278295 0.278291 0.278194 0.278125 0.278082 0.278052 0.278038 0.000000 0.000000
0.000000 0.000000 0.264865 0.264891 0.264928 0.265028 0.265123 0.265229 0.265227 0.265238 0.265253 0.265259 0.265262 0.265245 0.265156 0.265078 0.265008 0.264992 0.264965 0.000000 0.000000
0.000000 0.000000 0.250403 0.250441 0.250498 0.250578 0.250687 0.250814 0.250802 0.250823 0.250845 0.250849 0.250843 0.250850 0.250723 0.250629 0.250575 0.250551 0.250527 0.000000 0.000000
0.000000 0.000000 0.234277 0.234330 0.234377 0.234465 0.234585 0.234720 0.234719 0.234732 0.234765 0.234753 0.234737 0.234744 0.234641 0.234519 0.234454 0.234428 0.234417 0.000000 0.000000
0.000000 0.000000 0.215728 0.215773 0.215819 0.216008 0.216066 0.216248 0.216210 0.216295 0.216295 0.216308 0.216337 0.216289 0.216171 0.216094 0.216001 0.215968 0.215890 0.000000 0.000000
0.000000 0.000000 0.193826 0.193921 0.194041 0.194134 0.194235 0.194468 0.194474 0.194475 0.194457 0.194538 0.194497 0.194514 0.194299 0.194176 0.194128 0.194097 0.193940 0.000000 0.000000
0.000000 0.000000 0.168951 0.169038 0.169068 0.169256 0.169381 0.170012 0.170024 0.170058 0.170295 0.170150 0.170141 0.170086 0.169613 0.169511 0.169277 0.169264 0.169238 0.000000 0.000000
0.000000 0.000000 0.138191 0.138224 0.138443 0.138572 0.139464 0.139109 0.139300 0.139289 0.139159 0.139296 0.139314 0.139419 0.139730 0.138756 0.138737 0.138508 0.138378 0.000000 0.000000
0.000000 0.000000 0.105006 0.105102 0.105256 0.106333 0.105824 0.106522 0.106655 0.106718 0.106985 0.107047 0.106932 0.106913 0.106299 0.106791 0.105402 0.105741 0.105805 0.000000 0.000000
0.000000 0.000000 0.078579 0.078626 0.079581 0.079101 0.079285 0.079247 0.078831 0.078938 0.078721 0.078756 0.078936 0.078715 0.078842 0.078671 0.079737 0.078288 0.078311 0.000000 0.000000
0.000000 0.000000 0.058376 0.058913 0.058913 0.059078 0.059387 0.059452 0.059559 0.059535 0.059683 0.059667 0.059592 0.059664 0.059554 0.059315 0.058982 0.059117 0.058567 0.000000 0.000000
0.000000 0.000000 0.047966 0.048102 0.047836 0.047983 0.048164 0.048415 0.048469 0.048507 0.048517 0.048524 0.048482 0.048508 0.048261 0.048120 0.047849 0.048191 0.048048 0.000000 0.000000
0.000000 0.000000 0.300000 0.300000 0.300000 0.300000 0.300000 0.300000 0.300000 0.300000 0.300000 0.300000 0.300000 0.300000 0.300000 0.300000 0.300000 0.300000 0.300000 0.000000 0.000000
0.000000 0.000000 0.000000 0.000000 0.000000 0.000000 0.000000 0.000000 0.000000 0.000000 0.000000 0.000000 0.000000 0.000000 0.000000 0.000000 0.000000 0.000000 0.000000 0.000000 0.000000