geotop/1.0zi/1.0Montebello/Templates/testdem/maps/_Eocclay9590.asc
ncols         21
nrows         20
xllcorner     100.000000
yllcorner     100.000000
cellsize      50.000000
NODATA_value  -9999.0
0.000000 0.000000 0.000000 0.000000 0.000000 0.000000 0.000000 0.000000 0.000000 0.000000 0.000000 0.000000 0.000000 0.000000 0.000000 0.000000 0.000000 0.000000 0.000000 0.000000 0.000000
0.000000 0.000000 0.349555 0.349558 0.349558 0.349557 0.349558 0.349559 0.349558 0.349558 0.349557 0.349558 0.349558 0.349558 0.349558 0.349558 0.349556 0.349557 0.349558 0.000000 0.000000
0.000000 0.000000 0.349981 0.349979 0.349979 0.349981 0.349979 0.349979 0.349979 0.349979 0.349979 0.349979 0.349979 0.349979 0.349980 0.349980 0.349981 0.349980 0.349979 0.000000 0.000000
0.000000 0.000000 0.350039 0.350044 0.350042 0.350039 0.350040 0.350040 0.350044 0.350042 0.350045 0.350042 0.350043 0.350042 0.350045 0.350046 0.350044 0.350045 0.350043 0.000000 0.000000
0.000000 0.000000 0.351436 0.351430 0.351423 0.351411 0.351393 0.351391 0.351388 0.351390 0.351388 0.351392 0.351392 0.351394 0.351403 0.351409 0.351419 0.351423 0.351432 0.000000 0.000000
0.000000 0.000000 0.355262 0.355257 0.355234 0.355200 0.355169 0.355140 0.355144 0.355138 0.355139 0.355139 0.355145 0.355144 0.355159 0.355189 0.355203 0.355216 0.355222 0.000000 0.000000
0.000000 0.000000 0.360375 0.360364 0.360350 0.360317 0.360278 0.360222 0.360222 0.360217 0.360215 0.360216 0.360217 0.360218 0.360264 0.360297 0.360316 0.360329 0.360337 0.000000 0.000000
0.000000 0.000000 0.366463 0.366450 0.366433 0.366392 0.366347 0.366297 0.366298 0.366292 0.366289 0.366287 0.366285 0.366295 0.366336 0.366371 0.366403 0.366411 0.366426 0.000000 0.000000
0.000000 0.000000 0.373105 0.373088 0.373064 0.373034 0.372984 0.372927 0.372933 0.372922 0.372916 0.372915 0.372917 0.372916 0.372972 0.373015 0.373039 0.373049 0.373062 0.000000 0.000000
0.000000 0.000000 0.380437 0.380413 0.380393 0.380362 0.380306 0.380246 0.380248 0.380240 0.380229 0.380235 0.380244 0.380242 0.380287 0.380342 0.380372 0.380383 0.380390 0.000000 0.000000
0.000000 0.000000 0.388776 0.388756 0.388737 0.388663 0.388637 0.388554 0.388573 0.388533 0.388540 0.388534 0.388522 0.388546 0.388596 0.388630 0.388672 0.388687 0.388724 0.000000 0.000000
0.000000 0.000000 0.398480 0.398439 0.398390 0.398357 0.398314 0.398211 0.398211 0.398206 0.398222 0.398186 0.398203 0.398200 0.398291 0.398344 0.398366 0.398380 0.398454 0.000000 0.000000
0.000000 0.000000 0.409421 0.409382 0.409370 0.409300 0.409248 0.408975 0.408973 0.408957 0.408865 0.408924 0.408930 0.408956 0.409156 0.409201 0.409301 0.409306 0.409327 0.000000 0.000000
0.000000 0.000000 0.423012 0.422995 0.422909 0.422861 0.422480 0.422606 0.422527 0.422527 0.422578 0.422530 0.422521 0.422485 0.422363 0.422781 0.422800 0.422898 0.422959 0.000000 0.000000
0.000000 0.000000 0.438812 0.438770 0.438689 0.438189 0.438390 0.438081 0.438010 0.437978 0.437870 0.437831 0.437890 0.437893 0.438163 0.437969 0.438631 0.438478 0.438457 0.000000 0.000000
0.000000 0.000000 0.453708 0.453685 0.453087 0.453411 0.453299 0.453328 0.453597 0.453528 0.453673 0.453650 0.453536 0.453682 0.453594 0.453691 0.453008 0.453929 0.453916 0.000000 0.000000
0.000000 0.000000 0.467633 0.467091 0.467296 0.467042 0.466752 0.466665 0.466478 0.466524 0.466334 0.466357 0.466471 0.466354 0.466506 0.466714 0.467262 0.466823 0.467396 0.000000 0.000000
0.000000 0.000000 0.472197 0.472455 0.472809 0.472752 0.472705 0.472383 0.472411 0.472329 0.472448 0.472422 0.472419 0.472450 0.472728 0.472758 0.472846 0.472523 0.472275 0.000000 0.000000
0.000000 0.000000 0.350000 0.350000 0.350000 0.350000 0.350000 0.350000 0.350000 0.350000 0.350000 0.350000 0.350000 0.350000 0.350000 0.350000 0.350000 0.350000 0.350000 0.000000 0.000000
0.000000 0.000000 0.000000 0.000000 0.000000 0.000000 0.000000 0.000000 0.000000 0.000000 0.000000 0.000000 0.000000 0.000000 0.000000 0.000000 0.000000 0.000000 0.000000 0.000000 0.000000