geotop/1.0zi/1.0Montebello/Templates/testdem/maps/_Eocclay4859.asc
ncols         21
nrows         20
xllcorner     100.000000
yllcorner     100.000000
cellsize      50.000000
NODATA_value  -9999.0
0.000000 0.000000 0.000000 0.000000 0.000000 0.000000 0.000000 0.000000 0.000000 0.000000 0.000000 0.000000 0.000000 0.000000 0.000000 0.000000 0.000000 0.000000 0.000000 0.000000 0.000000
0.000000 0.000000 0.349781 0.349782 0.349782 0.349782 0.349782 0.349782 0.349782 0.349782 0.349782 0.349782 0.349782 0.349782 0.349782 0.349782 0.349782 0.349782 0.349782 0.000000 0.000000
0.000000 0.000000 0.349992 0.349992 0.349992 0.349992 0.349992 0.349992 0.349992 0.349992 0.349992 0.349991 0.349992 0.349992 0.349992 0.349992 0.349992 0.349992 0.349992 0.000000 0.000000
0.000000 0.000000 0.349987 0.349989 0.349987 0.349987 0.349989 0.349989 0.349989 0.349987 0.349989 0.349988 0.349988 0.349987 0.349989 0.349991 0.349989 0.349989 0.349988 0.000000 0.000000
0.000000 0.000000 0.350376 0.350375 0.350374 0.350369 0.350361 0.350359 0.350359 0.350360 0.350358 0.350360 0.350357 0.350358 0.350362 0.350361 0.350366 0.350367 0.350370 0.000000 0.000000
0.000000 0.000000 0.351712 0.351715 0.351709 0.351694 0.351689 0.351676 0.351674 0.351671 0.351674 0.351674 0.351677 0.351679 0.351680 0.351690 0.351695 0.351703 0.351708 0.000000 0.000000
0.000000 0.000000 0.353694 0.353691 0.353687 0.353673 0.353657 0.353635 0.353635 0.353631 0.353634 0.353633 0.353636 0.353636 0.353651 0.353670 0.353678 0.353685 0.353691 0.000000 0.000000
0.000000 0.000000 0.356022 0.356020 0.356017 0.356001 0.355983 0.355961 0.355962 0.355959 0.355960 0.355959 0.355958 0.355960 0.355980 0.355996 0.356005 0.356011 0.356018 0.000000 0.000000
0.000000 0.000000 0.358361 0.358358 0.358353 0.358341 0.358325 0.358303 0.358305 0.358301 0.358301 0.358301 0.358300 0.358302 0.358320 0.358339 0.358346 0.358351 0.358359 0.000000 0.000000
0.000000 0.000000 0.360719 0.360714 0.360711 0.360699 0.360678 0.360658 0.360661 0.360658 0.360658 0.360658 0.360656 0.360656 0.360677 0.360696 0.360704 0.360709 0.360716 0.000000 0.000000
0.000000 0.000000 0.363133 0.363128 0.363124 0.363115 0.363099 0.363074 0.363077 0.363072 0.363071 0.363072 0.363070 0.363071 0.363089 0.363104 0.363114 0.363119 0.363127 0.000000 0.000000
0.000000 0.000000 0.365638 0.365634 0.365628 0.365613 0.365597 0.365573 0.365573 0.365570 0.365570 0.365568 0.365568 0.365568 0.365591 0.365608 0.365618 0.365622 0.365647 0.000000 0.000000
0.000000 0.000000 0.368190 0.368185 0.368179 0.368168 0.368148 0.368096 0.368097 0.368093 0.368092 0.368093 0.368090 0.368092 0.368137 0.368158 0.368167 0.368173 0.368188 0.000000 0.000000
0.000000 0.000000 0.370910 0.370901 0.370896 0.370885 0.370830 0.370817 0.370809 0.370806 0.370806 0.370806 0.370803 0.370804 0.370819 0.370871 0.370882 0.370893 0.370902 0.000000 0.000000
0.000000 0.000000 0.373861 0.373854 0.373839 0.373791 0.373766 0.373733 0.373716 0.373712 0.373704 0.373704 0.373706 0.373702 0.373728 0.373763 0.373822 0.373820 0.373828 0.000000 0.000000
0.000000 0.000000 0.376923 0.376916 0.376857 0.376847 0.376831 0.376815 0.376815 0.376814 0.376817 0.376816 0.376808 0.376821 0.376829 0.376842 0.376840 0.376906 0.376921 0.000000 0.000000
0.000000 0.000000 0.380361 0.380281 0.380235 0.380211 0.380169 0.380147 0.380142 0.380140 0.380130 0.380130 0.380132 0.380127 0.380144 0.380190 0.380221 0.380249 0.380329 0.000000 0.000000
0.000000 0.000000 0.382997 0.382985 0.383039 0.383010 0.382976 0.382897 0.382891 0.382884 0.382887 0.382886 0.382882 0.382889 0.382961 0.382997 0.383040 0.382971 0.382997 0.000000 0.000000
0.000000 0.000000 0.350000 0.350000 0.350000 0.350000 0.350000 0.350000 0.350000 0.350000 0.350000 0.350000 0.350000 0.350000 0.350000 0.350000 0.350000 0.350000 0.350000 0.000000 0.000000
0.000000 0.000000 0.000000 0.000000 0.000000 0.000000 0.000000 0.000000 0.000000 0.000000 0.000000 0.000000 0.000000 0.000000 0.000000 0.000000 0.000000 0.000000 0.000000 0.000000 0.000000