geotop/1.0zi/1.0Montebello/Templates/testdem/maps/_Eocsilt6165.asc
ncols         21
nrows         20
xllcorner     100.000000
yllcorner     100.000000
cellsize      50.000000
NODATA_value  -9999.0
0.000000 0.000000 0.000000 0.000000 0.000000 0.000000 0.000000 0.000000 0.000000 0.000000 0.000000 0.000000 0.000000 0.000000 0.000000 0.000000 0.000000 0.000000 0.000000 0.000000 0.000000
0.000000 0.000000 0.350120 0.350120 0.350121 0.350121 0.350120 0.350121 0.350120 0.350120 0.350121 0.350120 0.350120 0.350120 0.350120 0.350121 0.350121 0.350121 0.350120 0.000000 0.000000
0.000000 0.000000 0.350002 0.350002 0.350002 0.350003 0.350003 0.350003 0.350003 0.350003 0.350003 0.350003 0.350004 0.350004 0.350003 0.350003 0.350001 0.350001 0.350002 0.000000 0.000000
0.000000 0.000000 0.350047 0.350046 0.350045 0.350040 0.350041 0.350039 0.350041 0.350042 0.350040 0.350039 0.350040 0.350039 0.350042 0.350045 0.350046 0.350048 0.350047 0.000000 0.000000
0.000000 0.000000 0.350550 0.350553 0.350553 0.350548 0.350545 0.350540 0.350539 0.350537 0.350535 0.350537 0.350539 0.350539 0.350544 0.350547 0.350546 0.350555 0.350559 0.000000 0.000000
0.000000 0.000000 0.352142 0.352145 0.352139 0.352125 0.352114 0.352096 0.352095 0.352091 0.352096 0.352097 0.352098 0.352095 0.352101 0.352109 0.352118 0.352122 0.352127 0.000000 0.000000
0.000000 0.000000 0.354589 0.354586 0.354580 0.354560 0.354538 0.354514 0.354515 0.354513 0.354514 0.354514 0.354511 0.354515 0.354534 0.354553 0.354563 0.354574 0.354581 0.000000 0.000000
0.000000 0.000000 0.357592 0.357592 0.357590 0.357572 0.357550 0.357523 0.357523 0.357520 0.357520 0.357519 0.357518 0.357521 0.357542 0.357564 0.357580 0.357583 0.357593 0.000000 0.000000
0.000000 0.000000 0.360751 0.360746 0.360737 0.360725 0.360704 0.360673 0.360674 0.360668 0.360666 0.360667 0.360667 0.360665 0.360694 0.360716 0.360732 0.360737 0.360747 0.000000 0.000000
0.000000 0.000000 0.363944 0.363939 0.363935 0.363927 0.363896 0.363869 0.363871 0.363867 0.363863 0.363867 0.363870 0.363867 0.363890 0.363916 0.363931 0.363934 0.363940 0.000000 0.000000
0.000000 0.000000 0.367239 0.367235 0.367234 0.367210 0.367190 0.367160 0.367166 0.367152 0.367153 0.367154 0.367149 0.367157 0.367177 0.367193 0.367210 0.367220 0.367233 0.000000 0.000000
0.000000 0.000000 0.370723 0.370715 0.370705 0.370690 0.370671 0.370635 0.370636 0.370627 0.370636 0.370627 0.370629 0.370632 0.370666 0.370682 0.370694 0.370699 0.370733 0.000000 0.000000
0.000000 0.000000 0.374319 0.374312 0.374308 0.374290 0.374273 0.374198 0.374197 0.374191 0.374175 0.374183 0.374189 0.374195 0.374251 0.374266 0.374293 0.374296 0.374320 0.000000 0.000000
0.000000 0.000000 0.378255 0.378250 0.378239 0.378228 0.378153 0.378136 0.378119 0.378118 0.378113 0.378115 0.378115 0.378112 0.378122 0.378197 0.378220 0.378239 0.378263 0.000000 0.000000
0.000000 0.000000 0.382623 0.382616 0.382599 0.382519 0.382498 0.382453 0.382425 0.382420 0.382406 0.382396 0.382405 0.382400 0.382436 0.382469 0.382582 0.382572 0.382587 0.000000 0.000000
0.000000 0.000000 0.387279 0.387273 0.387167 0.387153 0.387148 0.387120 0.387143 0.387131 0.387141 0.387130 0.387117 0.387139 0.387156 0.387166 0.387151 0.387288 0.387292 0.000000 0.000000
0.000000 0.000000 0.392675 0.392527 0.392485 0.392443 0.392373 0.392339 0.392323 0.392322 0.392289 0.392286 0.392301 0.392294 0.392335 0.392388 0.392475 0.392493 0.392645 0.000000 0.000000
0.000000 0.000000 0.396470 0.396493 0.396628 0.396596 0.396548 0.396412 0.396410 0.396379 0.396403 0.396395 0.396403 0.396408 0.396532 0.396568 0.396650 0.396512 0.396499 0.000000 0.000000
0.000000 0.000000 0.350000 0.350000 0.350000 0.350000 0.350000 0.350000 0.350000 0.350000 0.350000 0.350000 0.350000 0.350000 0.350000 0.350000 0.350000 0.350000 0.350000 0.000000 0.000000
0.000000 0.000000 0.000000 0.000000 0.000000 0.000000 0.000000 0.000000 0.000000 0.000000 0.000000 0.000000 0.000000 0.000000 0.000000 0.000000 0.000000 0.000000 0.000000 0.000000 0.000000