geotop/1.0zi/1.0Montebello/Templates/testdem/maps/_Eocsand7163.asc
ncols         21
nrows         20
xllcorner     100.000000
yllcorner     100.000000
cellsize      50.000000
NODATA_value  -9999.0
0.000000 0.000000 0.000000 0.000000 0.000000 0.000000 0.000000 0.000000 0.000000 0.000000 0.000000 0.000000 0.000000 0.000000 0.000000 0.000000 0.000000 0.000000 0.000000 0.000000 0.000000
0.000000 0.000000 0.300178 0.300176 0.300175 0.300176 0.300175 0.300175 0.300175 0.300175 0.300176 0.300175 0.300175 0.300176 0.300175 0.300175 0.300177 0.300177 0.300176 0.000000 0.000000
0.000000 0.000000 0.300010 0.300011 0.300010 0.300009 0.300010 0.300010 0.300010 0.300010 0.300010 0.300010 0.300009 0.300010 0.300010 0.300010 0.300011 0.300011 0.300012 0.000000 0.000000
0.000000 0.000000 0.299959 0.299957 0.299962 0.299967 0.299965 0.299968 0.299963 0.299967 0.299966 0.299966 0.299966 0.299967 0.299965 0.299960 0.299959 0.299955 0.299956 0.000000 0.000000
0.000000 0.000000 0.298474 0.298470 0.298479 0.298491 0.298510 0.298519 0.298522 0.298522 0.298523 0.298523 0.298526 0.298520 0.298502 0.298498 0.298492 0.298483 0.298470 0.000000 0.000000
0.000000 0.000000 0.294078 0.294078 0.294098 0.294137 0.294165 0.294207 0.294205 0.294218 0.294209 0.294209 0.294207 0.294206 0.294189 0.294161 0.294139 0.294120 0.294106 0.000000 0.000000
0.000000 0.000000 0.287741 0.287747 0.287765 0.287809 0.287865 0.287927 0.287926 0.287935 0.287932 0.287933 0.287936 0.287930 0.287879 0.287829 0.287802 0.287778 0.287761 0.000000 0.000000
0.000000 0.000000 0.280160 0.280163 0.280175 0.280224 0.280278 0.280346 0.280345 0.280353 0.280354 0.280359 0.280363 0.280350 0.280294 0.280246 0.280203 0.280191 0.280166 0.000000 0.000000
0.000000 0.000000 0.272188 0.272202 0.272227 0.272257 0.272313 0.272387 0.272381 0.272398 0.272402 0.272406 0.272405 0.272406 0.272336 0.272277 0.272244 0.272228 0.272206 0.000000 0.000000
0.000000 0.000000 0.263942 0.263958 0.263972 0.264000 0.264079 0.264145 0.264142 0.264151 0.264161 0.264156 0.264147 0.264152 0.264093 0.264026 0.263988 0.263976 0.263960 0.000000 0.000000
0.000000 0.000000 0.255204 0.255215 0.255229 0.255291 0.255344 0.255421 0.255403 0.255445 0.255440 0.255441 0.255455 0.255429 0.255378 0.255336 0.255289 0.255263 0.255226 0.000000 0.000000
0.000000 0.000000 0.245765 0.245790 0.245820 0.245861 0.245919 0.246012 0.246012 0.246029 0.246007 0.246037 0.246031 0.246023 0.245932 0.245886 0.245854 0.245836 0.245748 0.000000 0.000000
0.000000 0.000000 0.235801 0.235826 0.235841 0.235893 0.235944 0.236160 0.236161 0.236177 0.236228 0.236204 0.236191 0.236170 0.236008 0.235960 0.235882 0.235873 0.235818 0.000000 0.000000
0.000000 0.000000 0.224552 0.224563 0.224605 0.224644 0.224885 0.224908 0.224957 0.224960 0.224958 0.224966 0.224970 0.224977 0.224973 0.224722 0.224668 0.224602 0.224539 0.000000 0.000000
0.000000 0.000000 0.211689 0.211709 0.211766 0.212045 0.212080 0.212219 0.212297 0.212314 0.212359 0.212398 0.212367 0.212377 0.212248 0.212191 0.211817 0.211858 0.211830 0.000000 0.000000
0.000000 0.000000 0.197694 0.197717 0.198109 0.198086 0.198109 0.198187 0.198067 0.198118 0.198059 0.198100 0.198154 0.198060 0.198016 0.197991 0.198156 0.197631 0.197629 0.000000 0.000000
0.000000 0.000000 0.180695 0.181290 0.181322 0.181509 0.181811 0.181911 0.182012 0.181996 0.182146 0.182146 0.182070 0.182129 0.181982 0.181758 0.181357 0.181465 0.180852 0.000000 0.000000
0.000000 0.000000 0.170927 0.170587 0.170033 0.170107 0.170197 0.170732 0.170702 0.170838 0.170669 0.170714 0.170713 0.170665 0.170192 0.170128 0.169942 0.170456 0.170770 0.000000 0.000000
0.000000 0.000000 0.300000 0.300000 0.300000 0.300000 0.300000 0.300000 0.300000 0.300000 0.300000 0.300000 0.300000 0.300000 0.300000 0.300000 0.300000 0.300000 0.300000 0.000000 0.000000
0.000000 0.000000 0.000000 0.000000 0.000000 0.000000 0.000000 0.000000 0.000000 0.000000 0.000000 0.000000 0.000000 0.000000 0.000000 0.000000 0.000000 0.000000 0.000000 0.000000 0.000000