geotop/1.0zi/1.0Montebello/Templates/testdem/maps/_Eocclay7317.asc
ncols         21
nrows         20
xllcorner     100.000000
yllcorner     100.000000
cellsize      50.000000
NODATA_value  -9999.0
0.000000 0.000000 0.000000 0.000000 0.000000 0.000000 0.000000 0.000000 0.000000 0.000000 0.000000 0.000000 0.000000 0.000000 0.000000 0.000000 0.000000 0.000000 0.000000 0.000000 0.000000
0.000000 0.000000 0.349664 0.349666 0.349666 0.349665 0.349666 0.349666 0.349666 0.349666 0.349665 0.349666 0.349666 0.349666 0.349666 0.349666 0.349664 0.349665 0.349665 0.000000 0.000000
0.000000 0.000000 0.349986 0.349986 0.349987 0.349988 0.349986 0.349986 0.349986 0.349986 0.349986 0.349986 0.349986 0.349985 0.349986 0.349986 0.349987 0.349987 0.349984 0.000000 0.000000
0.000000 0.000000 0.349993 0.349998 0.349994 0.349994 0.349996 0.349995 0.349997 0.349994 0.349997 0.349995 0.349995 0.349994 0.349994 0.349996 0.349996 0.349999 0.349998 0.000000 0.000000
0.000000 0.000000 0.350841 0.350839 0.350835 0.350829 0.350815 0.350813 0.350810 0.350813 0.350810 0.350810 0.350806 0.350810 0.350819 0.350820 0.350828 0.350829 0.350835 0.000000 0.000000
0.000000 0.000000 0.353256 0.353255 0.353244 0.353218 0.353206 0.353183 0.353185 0.353179 0.353182 0.353181 0.353183 0.353184 0.353194 0.353212 0.353226 0.353240 0.353245 0.000000 0.000000
0.000000 0.000000 0.356625 0.356622 0.356614 0.356592 0.356564 0.356529 0.356528 0.356523 0.356524 0.356525 0.356525 0.356526 0.356556 0.356583 0.356597 0.356610 0.356617 0.000000 0.000000
0.000000 0.000000 0.360644 0.360642 0.360635 0.360608 0.360581 0.360544 0.360543 0.360540 0.360539 0.360536 0.360534 0.360542 0.360573 0.360597 0.360620 0.360629 0.360640 0.000000 0.000000
0.000000 0.000000 0.364844 0.364838 0.364826 0.364809 0.364781 0.364743 0.364745 0.364737 0.364734 0.364732 0.364732 0.364732 0.364769 0.364800 0.364818 0.364826 0.364836 0.000000 0.000000
0.000000 0.000000 0.369224 0.369215 0.369210 0.369193 0.369152 0.369118 0.369118 0.369114 0.369108 0.369111 0.369116 0.369114 0.369145 0.369180 0.369202 0.369209 0.369216 0.000000 0.000000
0.000000 0.000000 0.373912 0.373907 0.373899 0.373866 0.373837 0.373798 0.373806 0.373785 0.373787 0.373786 0.373779 0.373793 0.373821 0.373842 0.373869 0.373884 0.373902 0.000000 0.000000
0.000000 0.000000 0.379010 0.378997 0.378981 0.378958 0.378927 0.378879 0.378877 0.378870 0.378881 0.378864 0.378867 0.378872 0.378921 0.378946 0.378965 0.378975 0.379020 0.000000 0.000000
0.000000 0.000000 0.384423 0.384409 0.384402 0.384373 0.384345 0.384228 0.384226 0.384219 0.384189 0.384203 0.384210 0.384222 0.384312 0.384337 0.384382 0.384388 0.384414 0.000000 0.000000
0.000000 0.000000 0.390591 0.390586 0.390563 0.390541 0.390405 0.390399 0.390370 0.390370 0.390372 0.390367 0.390364 0.390360 0.390359 0.390501 0.390531 0.390569 0.390600 0.000000 0.000000
0.000000 0.000000 0.397702 0.397691 0.397660 0.397498 0.397486 0.397408 0.397363 0.397355 0.397328 0.397307 0.397324 0.397319 0.397395 0.397419 0.397636 0.397611 0.397622 0.000000 0.000000
0.000000 0.000000 0.405477 0.405465 0.405237 0.405261 0.405247 0.405209 0.405283 0.405254 0.405290 0.405267 0.405235 0.405291 0.405312 0.405325 0.405214 0.405527 0.405525 0.000000 0.000000
0.000000 0.000000 0.415048 0.414692 0.414696 0.414580 0.414400 0.414345 0.414274 0.414288 0.414194 0.414197 0.414246 0.414205 0.414294 0.414427 0.414681 0.414588 0.414953 0.000000 0.000000
0.000000 0.000000 0.420118 0.420361 0.420696 0.420663 0.420627 0.420312 0.420336 0.420253 0.420364 0.420337 0.420332 0.420366 0.420644 0.420668 0.420755 0.420456 0.420225 0.000000 0.000000
0.000000 0.000000 0.350000 0.350000 0.350000 0.350000 0.350000 0.350000 0.350000 0.350000 0.350000 0.350000 0.350000 0.350000 0.350000 0.350000 0.350000 0.350000 0.350000 0.000000 0.000000
0.000000 0.000000 0.000000 0.000000 0.000000 0.000000 0.000000 0.000000 0.000000 0.000000 0.000000 0.000000 0.000000 0.000000 0.000000 0.000000 0.000000 0.000000 0.000000 0.000000 0.000000