geotop/1.0zi/1.0Montebello/Templates/testdem/maps/_Eocsilt5571.asc
ncols         21
nrows         20
xllcorner     100.000000
yllcorner     100.000000
cellsize      50.000000
NODATA_value  -9999.0
0.000000 0.000000 0.000000 0.000000 0.000000 0.000000 0.000000 0.000000 0.000000 0.000000 0.000000 0.000000 0.000000 0.000000 0.000000 0.000000 0.000000 0.000000 0.000000 0.000000 0.000000
0.000000 0.000000 0.350110 0.350110 0.350110 0.350110 0.350110 0.350110 0.350110 0.350110 0.350110 0.350110 0.350110 0.350110 0.350110 0.350110 0.350110 0.350110 0.350110 0.000000 0.000000
0.000000 0.000000 0.350002 0.350002 0.350002 0.350003 0.350003 0.350003 0.350003 0.350003 0.350003 0.350003 0.350003 0.350003 0.350003 0.350002 0.350001 0.350001 0.350001 0.000000 0.000000
0.000000 0.000000 0.350045 0.350045 0.350043 0.350039 0.350040 0.350038 0.350040 0.350040 0.350039 0.350039 0.350039 0.350039 0.350040 0.350044 0.350045 0.350046 0.350046 0.000000 0.000000
0.000000 0.000000 0.350513 0.350516 0.350514 0.350511 0.350508 0.350503 0.350502 0.350500 0.350497 0.350499 0.350500 0.350501 0.350507 0.350509 0.350509 0.350518 0.350521 0.000000 0.000000
0.000000 0.000000 0.351956 0.351959 0.351955 0.351942 0.351932 0.351914 0.351913 0.351909 0.351913 0.351915 0.351917 0.351913 0.351919 0.351924 0.351933 0.351937 0.351942 0.000000 0.000000
0.000000 0.000000 0.354165 0.354163 0.354159 0.354142 0.354121 0.354098 0.354100 0.354097 0.354100 0.354100 0.354097 0.354100 0.354115 0.354132 0.354139 0.354149 0.354155 0.000000 0.000000
0.000000 0.000000 0.356833 0.356834 0.356835 0.356818 0.356798 0.356773 0.356774 0.356771 0.356771 0.356771 0.356769 0.356771 0.356789 0.356808 0.356823 0.356825 0.356834 0.000000 0.000000
0.000000 0.000000 0.359631 0.359627 0.359620 0.359610 0.359590 0.359561 0.359563 0.359557 0.359556 0.359557 0.359557 0.359554 0.359580 0.359599 0.359613 0.359618 0.359626 0.000000 0.000000
0.000000 0.000000 0.362427 0.362422 0.362420 0.362413 0.362386 0.362361 0.362363 0.362360 0.362356 0.362360 0.362363 0.362360 0.362379 0.362401 0.362414 0.362416 0.362422 0.000000 0.000000
0.000000 0.000000 0.365289 0.365286 0.365287 0.365266 0.365248 0.365221 0.365227 0.365214 0.365214 0.365216 0.365212 0.365218 0.365234 0.365248 0.365263 0.365271 0.365283 0.000000 0.000000
0.000000 0.000000 0.368289 0.368282 0.368275 0.368261 0.368245 0.368212 0.368214 0.368206 0.368215 0.368207 0.368208 0.368211 0.368238 0.368251 0.368261 0.368266 0.368297 0.000000 0.000000
0.000000 0.000000 0.371356 0.371350 0.371348 0.371333 0.371318 0.371253 0.371254 0.371248 0.371235 0.371242 0.371246 0.371251 0.371297 0.371308 0.371332 0.371334 0.371356 0.000000 0.000000
0.000000 0.000000 0.374675 0.374671 0.374664 0.374654 0.374593 0.374576 0.374562 0.374561 0.374556 0.374559 0.374559 0.374556 0.374563 0.374623 0.374643 0.374659 0.374681 0.000000 0.000000
0.000000 0.000000 0.378315 0.378310 0.378297 0.378235 0.378214 0.378177 0.378153 0.378149 0.378137 0.378130 0.378137 0.378132 0.378158 0.378187 0.378278 0.378271 0.378284 0.000000 0.000000
0.000000 0.000000 0.382157 0.382153 0.382072 0.382057 0.382053 0.382029 0.382044 0.382034 0.382041 0.382032 0.382022 0.382038 0.382051 0.382059 0.382055 0.382159 0.382162 0.000000 0.000000
0.000000 0.000000 0.386531 0.386421 0.386382 0.386350 0.386298 0.386271 0.386263 0.386261 0.386238 0.386234 0.386243 0.386239 0.386268 0.386306 0.386368 0.386396 0.386507 0.000000 0.000000
0.000000 0.000000 0.389759 0.389760 0.389858 0.389831 0.389789 0.389686 0.389683 0.389660 0.389674 0.389668 0.389675 0.389677 0.389770 0.389800 0.389870 0.389769 0.389774 0.000000 0.000000
0.000000 0.000000 0.350000 0.350000 0.350000 0.350000 0.350000 0.350000 0.350000 0.350000 0.350000 0.350000 0.350000 0.350000 0.350000 0.350000 0.350000 0.350000 0.350000 0.000000 0.000000
0.000000 0.000000 0.000000 0.000000 0.000000 0.000000 0.000000 0.000000 0.000000 0.000000 0.000000 0.000000 0.000000 0.000000 0.000000 0.000000 0.000000 0.000000 0.000000 0.000000 0.000000