geotop/1.0zi/1.0Montebello/Templates/testdem/maps/_Eocclay8203.asc
ncols         21
nrows         20
xllcorner     100.000000
yllcorner     100.000000
cellsize      50.000000
NODATA_value  -9999.0
0.000000 0.000000 0.000000 0.000000 0.000000 0.000000 0.000000 0.000000 0.000000 0.000000 0.000000 0.000000 0.000000 0.000000 0.000000 0.000000 0.000000 0.000000 0.000000 0.000000 0.000000
0.000000 0.000000 0.349621 0.349623 0.349622 0.349621 0.349623 0.349623 0.349623 0.349623 0.349622 0.349623 0.349623 0.349623 0.349623 0.349623 0.349621 0.349621 0.349622 0.000000 0.000000
0.000000 0.000000 0.349984 0.349983 0.349983 0.349985 0.349983 0.349983 0.349983 0.349983 0.349982 0.349982 0.349983 0.349982 0.349983 0.349984 0.349984 0.349984 0.349982 0.000000 0.000000
0.000000 0.000000 0.350004 0.350008 0.350006 0.350003 0.350007 0.350004 0.350006 0.350003 0.350006 0.350004 0.350004 0.350003 0.350005 0.350006 0.350005 0.350009 0.350006 0.000000 0.000000
0.000000 0.000000 0.351015 0.351012 0.351009 0.351004 0.350989 0.350986 0.350983 0.350986 0.350983 0.350983 0.350979 0.350983 0.350993 0.350995 0.351004 0.351007 0.351015 0.000000 0.000000
0.000000 0.000000 0.353949 0.353947 0.353934 0.353906 0.353890 0.353865 0.353866 0.353859 0.353863 0.353862 0.353864 0.353866 0.353877 0.353898 0.353913 0.353927 0.353934 0.000000 0.000000
0.000000 0.000000 0.357936 0.357932 0.357923 0.357899 0.357867 0.357828 0.357826 0.357820 0.357822 0.357822 0.357822 0.357823 0.357858 0.357888 0.357905 0.357918 0.357926 0.000000 0.000000
0.000000 0.000000 0.362664 0.362661 0.362652 0.362622 0.362591 0.362548 0.362547 0.362543 0.362542 0.362539 0.362537 0.362546 0.362582 0.362609 0.362635 0.362645 0.362658 0.000000 0.000000
0.000000 0.000000 0.367688 0.367681 0.367666 0.367647 0.367614 0.367570 0.367572 0.367563 0.367560 0.367558 0.367559 0.367558 0.367601 0.367636 0.367657 0.367667 0.367677 0.000000 0.000000
0.000000 0.000000 0.373025 0.373015 0.373008 0.372988 0.372939 0.372899 0.372899 0.372894 0.372888 0.372891 0.372897 0.372894 0.372931 0.372972 0.372997 0.373006 0.373014 0.000000 0.000000
0.000000 0.000000 0.378856 0.378849 0.378839 0.378798 0.378764 0.378715 0.378725 0.378699 0.378703 0.378702 0.378692 0.378710 0.378744 0.378769 0.378801 0.378819 0.378841 0.000000 0.000000
0.000000 0.000000 0.385338 0.385321 0.385300 0.385273 0.385234 0.385174 0.385170 0.385163 0.385177 0.385156 0.385162 0.385165 0.385227 0.385259 0.385281 0.385294 0.385349 0.000000 0.000000
0.000000 0.000000 0.392368 0.392352 0.392344 0.392305 0.392270 0.392112 0.392109 0.392100 0.392059 0.392081 0.392090 0.392104 0.392224 0.392257 0.392317 0.392324 0.392350 0.000000 0.000000
0.000000 0.000000 0.400639 0.400635 0.400601 0.400574 0.400374 0.400390 0.400348 0.400349 0.400362 0.400349 0.400344 0.400335 0.400316 0.400523 0.400556 0.400611 0.400650 0.000000 0.000000
0.000000 0.000000 0.410424 0.410406 0.410365 0.410111 0.410133 0.410007 0.409949 0.409935 0.409892 0.409862 0.409890 0.409885 0.410008 0.410001 0.410337 0.410286 0.410293 0.000000 0.000000
0.000000 0.000000 0.421187 0.421172 0.420801 0.420903 0.420875 0.420841 0.420980 0.420936 0.421009 0.420982 0.420922 0.421014 0.421021 0.421042 0.420771 0.421305 0.421298 0.000000 0.000000
0.000000 0.000000 0.434616 0.434030 0.434153 0.433935 0.433641 0.433556 0.433395 0.433433 0.433258 0.433273 0.433373 0.433275 0.433422 0.433639 0.434134 0.433814 0.434425 0.000000 0.000000
0.000000 0.000000 0.439433 0.439992 0.440494 0.440501 0.440530 0.440050 0.440131 0.439989 0.440221 0.440174 0.440138 0.440217 0.440617 0.440594 0.440588 0.440198 0.439652 0.000000 0.000000
0.000000 0.000000 0.350000 0.350000 0.350000 0.350000 0.350000 0.350000 0.350000 0.350000 0.350000 0.350000 0.350000 0.350000 0.350000 0.350000 0.350000 0.350000 0.350000 0.000000 0.000000
0.000000 0.000000 0.000000 0.000000 0.000000 0.000000 0.000000 0.000000 0.000000 0.000000 0.000000 0.000000 0.000000 0.000000 0.000000 0.000000 0.000000 0.000000 0.000000 0.000000 0.000000