geotop/1.0zi/1.0Montebello/Templates/testdem/maps/_Eocsand2329.asc
ncols         21
nrows         20
xllcorner     100.000000
yllcorner     100.000000
cellsize      50.000000
NODATA_value  -9999.0
0.000000 0.000000 0.000000 0.000000 0.000000 0.000000 0.000000 0.000000 0.000000 0.000000 0.000000 0.000000 0.000000 0.000000 0.000000 0.000000 0.000000 0.000000 0.000000 0.000000 0.000000
0.000000 0.000000 0.300070 0.300070 0.300070 0.300070 0.300070 0.300070 0.300070 0.300070 0.300070 0.300070 0.300070 0.300070 0.300070 0.300070 0.300070 0.300070 0.300070 0.000000 0.000000
0.000000 0.000000 0.300011 0.300011 0.300012 0.300011 0.300011 0.300011 0.300011 0.300011 0.300011 0.300011 0.300011 0.300011 0.300011 0.300011 0.300012 0.300011 0.300011 0.000000 0.000000
0.000000 0.000000 0.298526 0.298526 0.298531 0.298529 0.298525 0.298526 0.298526 0.298525 0.298525 0.298525 0.298526 0.298526 0.298525 0.298529 0.298531 0.298526 0.298526 0.000000 0.000000
0.000000 0.000000 0.292249 0.292251 0.292254 0.292254 0.292248 0.292250 0.292250 0.292247 0.292247 0.292247 0.292250 0.292250 0.292248 0.292254 0.292254 0.292251 0.292249 0.000000 0.000000
0.000000 0.000000 0.284507 0.284509 0.284511 0.284511 0.284506 0.284508 0.284508 0.284506 0.284505 0.284506 0.284508 0.284508 0.284506 0.284511 0.284511 0.284509 0.284507 0.000000 0.000000
0.000000 0.000000 0.277281 0.277282 0.277284 0.277284 0.277280 0.277281 0.277281 0.277279 0.277279 0.277279 0.277281 0.277281 0.277280 0.277284 0.277284 0.277282 0.277281 0.000000 0.000000
0.000000 0.000000 0.270654 0.270655 0.270657 0.270657 0.270653 0.270655 0.270654 0.270653 0.270652 0.270653 0.270654 0.270655 0.270653 0.270657 0.270657 0.270655 0.270654 0.000000 0.000000
0.000000 0.000000 0.264467 0.264468 0.264470 0.264470 0.264466 0.264468 0.264467 0.264466 0.264466 0.264466 0.264467 0.264468 0.264466 0.264470 0.264470 0.264468 0.264467 0.000000 0.000000
0.000000 0.000000 0.258573 0.258574 0.258576 0.258575 0.258573 0.258574 0.258573 0.258572 0.258572 0.258572 0.258573 0.258574 0.258573 0.258575 0.258576 0.258574 0.258573 0.000000 0.000000
0.000000 0.000000 0.252905 0.252906 0.252908 0.252908 0.252905 0.252906 0.252906 0.252905 0.252904 0.252905 0.252906 0.252906 0.252905 0.252908 0.252908 0.252906 0.252905 0.000000 0.000000
0.000000 0.000000 0.247418 0.247419 0.247421 0.247420 0.247417 0.247418 0.247418 0.247417 0.247417 0.247417 0.247418 0.247418 0.247417 0.247420 0.247421 0.247419 0.247418 0.000000 0.000000
0.000000 0.000000 0.242068 0.242068 0.242070 0.242070 0.242067 0.242068 0.242068 0.242067 0.242066 0.242067 0.242068 0.242068 0.242067 0.242070 0.242070 0.242068 0.242068 0.000000 0.000000
0.000000 0.000000 0.236834 0.236835 0.236837 0.236836 0.236834 0.236835 0.236835 0.236834 0.236833 0.236834 0.236835 0.236835 0.236834 0.236836 0.236837 0.236835 0.236834 0.000000 0.000000
0.000000 0.000000 0.231698 0.231699 0.231701 0.231700 0.231698 0.231699 0.231699 0.231697 0.231697 0.231697 0.231699 0.231699 0.231698 0.231700 0.231701 0.231699 0.231698 0.000000 0.000000
0.000000 0.000000 0.226652 0.226653 0.226655 0.226654 0.226652 0.226653 0.226653 0.226651 0.226651 0.226651 0.226653 0.226653 0.226652 0.226654 0.226655 0.226653 0.226652 0.000000 0.000000
0.000000 0.000000 0.221691 0.221692 0.221694 0.221693 0.221691 0.221692 0.221692 0.221691 0.221690 0.221691 0.221692 0.221692 0.221691 0.221693 0.221694 0.221692 0.221691 0.000000 0.000000
0.000000 0.000000 0.216745 0.216745 0.216747 0.216746 0.216744 0.216745 0.216745 0.216744 0.216743 0.216744 0.216745 0.216745 0.216744 0.216746 0.216747 0.216745 0.216745 0.000000 0.000000
0.000000 0.000000 0.300000 0.300000 0.300000 0.300000 0.300000 0.300000 0.300000 0.300000 0.300000 0.300000 0.300000 0.300000 0.300000 0.300000 0.300000 0.300000 0.300000 0.000000 0.000000
0.000000 0.000000 0.000000 0.000000 0.000000 0.000000 0.000000 0.000000 0.000000 0.000000 0.000000 0.000000 0.000000 0.000000 0.000000 0.000000 0.000000 0.000000 0.000000 0.000000 0.000000