geotop/1.0zi/1.0Montebello/Templates/testdem/maps/_Eocsilt1826.asc
ncols         21
nrows         20
xllcorner     100.000000
yllcorner     100.000000
cellsize      50.000000
NODATA_value  -9999.0
0.000000 0.000000 0.000000 0.000000 0.000000 0.000000 0.000000 0.000000 0.000000 0.000000 0.000000 0.000000 0.000000 0.000000 0.000000 0.000000 0.000000 0.000000 0.000000 0.000000 0.000000
0.000000 0.000000 0.350041 0.350041 0.350041 0.350041 0.350041 0.350041 0.350041 0.350041 0.350041 0.350041 0.350041 0.350041 0.350041 0.350041 0.350041 0.350041 0.350041 0.000000 0.000000
0.000000 0.000000 0.349998 0.349998 0.349998 0.349998 0.349998 0.349998 0.349998 0.349998 0.349998 0.349998 0.349998 0.349998 0.349998 0.349998 0.349998 0.349998 0.349998 0.000000 0.000000
0.000000 0.000000 0.350683 0.350682 0.350680 0.350681 0.350683 0.350683 0.350683 0.350683 0.350683 0.350683 0.350683 0.350683 0.350683 0.350681 0.350680 0.350682 0.350683 0.000000 0.000000
0.000000 0.000000 0.353158 0.353158 0.353156 0.353156 0.353159 0.353158 0.353158 0.353159 0.353159 0.353159 0.353158 0.353158 0.353159 0.353156 0.353156 0.353158 0.353158 0.000000 0.000000
0.000000 0.000000 0.356264 0.356264 0.356262 0.356262 0.356265 0.356264 0.356264 0.356265 0.356265 0.356265 0.356264 0.356264 0.356265 0.356262 0.356262 0.356264 0.356264 0.000000 0.000000
0.000000 0.000000 0.359106 0.359106 0.359104 0.359105 0.359107 0.359106 0.359106 0.359107 0.359107 0.359107 0.359106 0.359106 0.359107 0.359105 0.359104 0.359106 0.359106 0.000000 0.000000
0.000000 0.000000 0.361711 0.361711 0.361709 0.361710 0.361711 0.361711 0.361711 0.361711 0.361712 0.361711 0.361711 0.361711 0.361711 0.361710 0.361709 0.361711 0.361711 0.000000 0.000000
0.000000 0.000000 0.364147 0.364147 0.364146 0.364146 0.364148 0.364148 0.364147 0.364148 0.364148 0.364148 0.364147 0.364148 0.364148 0.364146 0.364146 0.364147 0.364147 0.000000 0.000000
0.000000 0.000000 0.366476 0.366476 0.366475 0.366475 0.366477 0.366476 0.366476 0.366477 0.366477 0.366477 0.366476 0.366476 0.366477 0.366475 0.366475 0.366476 0.366476 0.000000 0.000000
0.000000 0.000000 0.368722 0.368721 0.368720 0.368721 0.368722 0.368722 0.368722 0.368722 0.368722 0.368722 0.368722 0.368722 0.368722 0.368721 0.368720 0.368721 0.368722 0.000000 0.000000
0.000000 0.000000 0.370905 0.370905 0.370904 0.370904 0.370905 0.370905 0.370905 0.370905 0.370906 0.370905 0.370905 0.370905 0.370905 0.370904 0.370904 0.370905 0.370905 0.000000 0.000000
0.000000 0.000000 0.373043 0.373042 0.373041 0.373042 0.373043 0.373043 0.373043 0.373043 0.373043 0.373043 0.373043 0.373043 0.373043 0.373042 0.373041 0.373042 0.373043 0.000000 0.000000
0.000000 0.000000 0.375137 0.375137 0.375135 0.375136 0.375137 0.375137 0.375137 0.375137 0.375137 0.375137 0.375137 0.375137 0.375137 0.375136 0.375135 0.375137 0.375137 0.000000 0.000000
0.000000 0.000000 0.377197 0.377197 0.377195 0.377196 0.377197 0.377197 0.377197 0.377197 0.377197 0.377197 0.377197 0.377197 0.377197 0.377196 0.377195 0.377197 0.377197 0.000000 0.000000
0.000000 0.000000 0.379229 0.379228 0.379227 0.379228 0.379229 0.379229 0.379229 0.379229 0.379229 0.379229 0.379229 0.379229 0.379229 0.379228 0.379227 0.379228 0.379229 0.000000 0.000000
0.000000 0.000000 0.381231 0.381231 0.381230 0.381231 0.381232 0.381232 0.381231 0.381232 0.381232 0.381232 0.381231 0.381232 0.381232 0.381231 0.381230 0.381231 0.381231 0.000000 0.000000
0.000000 0.000000 0.383246 0.383247 0.383245 0.383246 0.383247 0.383247 0.383247 0.383247 0.383247 0.383247 0.383247 0.383247 0.383247 0.383246 0.383245 0.383247 0.383247 0.000000 0.000000
0.000000 0.000000 0.350000 0.350000 0.350000 0.350000 0.350000 0.350000 0.350000 0.350000 0.350000 0.350000 0.350000 0.350000 0.350000 0.350000 0.350000 0.350000 0.350000 0.000000 0.000000
0.000000 0.000000 0.000000 0.000000 0.000000 0.000000 0.000000 0.000000 0.000000 0.000000 0.000000 0.000000 0.000000 0.000000 0.000000 0.000000 0.000000 0.000000 0.000000 0.000000 0.000000