geotop/1.0zi/1.0Montebello/Templates/testdem/maps/_Eocsilt7477.asc
ncols         21
nrows         20
xllcorner     100.000000
yllcorner     100.000000
cellsize      50.000000
NODATA_value  -9999.0
0.000000 0.000000 0.000000 0.000000 0.000000 0.000000 0.000000 0.000000 0.000000 0.000000 0.000000 0.000000 0.000000 0.000000 0.000000 0.000000 0.000000 0.000000 0.000000 0.000000 0.000000
0.000000 0.000000 0.350152 0.350153 0.350153 0.350153 0.350153 0.350153 0.350153 0.350153 0.350153 0.350153 0.350153 0.350153 0.350153 0.350153 0.350153 0.350153 0.350153 0.000000 0.000000
0.000000 0.000000 0.350005 0.350004 0.350004 0.350004 0.350004 0.350004 0.350004 0.350004 0.350005 0.350005 0.350005 0.350005 0.350004 0.350004 0.350002 0.350002 0.350004 0.000000 0.000000
0.000000 0.000000 0.350103 0.350099 0.350098 0.350091 0.350093 0.350088 0.350090 0.350091 0.350088 0.350090 0.350090 0.350090 0.350092 0.350095 0.350099 0.350099 0.350100 0.000000 0.000000
0.000000 0.000000 0.350957 0.350963 0.350959 0.350949 0.350943 0.350936 0.350933 0.350932 0.350931 0.350932 0.350932 0.350934 0.350947 0.350952 0.350954 0.350964 0.350966 0.000000 0.000000
0.000000 0.000000 0.353337 0.353338 0.353329 0.353313 0.353295 0.353274 0.353273 0.353268 0.353271 0.353272 0.353273 0.353272 0.353284 0.353296 0.353308 0.353316 0.353321 0.000000 0.000000
0.000000 0.000000 0.356747 0.356743 0.356733 0.356708 0.356679 0.356647 0.356648 0.356644 0.356645 0.356644 0.356640 0.356645 0.356673 0.356698 0.356714 0.356729 0.356736 0.000000 0.000000
0.000000 0.000000 0.360806 0.360805 0.360799 0.360774 0.360745 0.360710 0.360710 0.360707 0.360705 0.360703 0.360701 0.360707 0.360737 0.360763 0.360788 0.360794 0.360805 0.000000 0.000000
0.000000 0.000000 0.365136 0.365128 0.365115 0.365098 0.365068 0.365028 0.365030 0.365021 0.365019 0.365017 0.365018 0.365017 0.365056 0.365088 0.365107 0.365117 0.365127 0.000000 0.000000
0.000000 0.000000 0.369633 0.369625 0.369617 0.369602 0.369560 0.369524 0.369525 0.369521 0.369515 0.369518 0.369522 0.369520 0.369553 0.369588 0.369610 0.369617 0.369624 0.000000 0.000000
0.000000 0.000000 0.374417 0.374411 0.374404 0.374369 0.374340 0.374300 0.374309 0.374287 0.374289 0.374289 0.374281 0.374295 0.374324 0.374346 0.374373 0.374388 0.374407 0.000000 0.000000
0.000000 0.000000 0.379642 0.379628 0.379612 0.379589 0.379558 0.379507 0.379506 0.379499 0.379509 0.379493 0.379497 0.379501 0.379553 0.379578 0.379597 0.379608 0.379653 0.000000 0.000000
0.000000 0.000000 0.385193 0.385179 0.385172 0.385142 0.385114 0.384993 0.384991 0.384984 0.384953 0.384967 0.384974 0.384986 0.385079 0.385105 0.385152 0.385157 0.385183 0.000000 0.000000
0.000000 0.000000 0.391540 0.391535 0.391511 0.391489 0.391347 0.391344 0.391314 0.391314 0.391318 0.391312 0.391308 0.391303 0.391300 0.391448 0.391478 0.391517 0.391549 0.000000 0.000000
0.000000 0.000000 0.398870 0.398858 0.398827 0.398656 0.398650 0.398565 0.398521 0.398513 0.398484 0.398461 0.398480 0.398475 0.398556 0.398575 0.398803 0.398776 0.398786 0.000000 0.000000
0.000000 0.000000 0.406876 0.406864 0.406623 0.406656 0.406642 0.406605 0.406684 0.406655 0.406694 0.406673 0.406637 0.406696 0.406716 0.406729 0.406600 0.406934 0.406931 0.000000 0.000000
0.000000 0.000000 0.416719 0.416343 0.416363 0.416238 0.416048 0.415991 0.415911 0.415928 0.415826 0.415831 0.415885 0.415837 0.415931 0.416071 0.416348 0.416229 0.416616 0.000000 0.000000
0.000000 0.000000 0.421647 0.421924 0.422271 0.422244 0.422219 0.421893 0.421923 0.421836 0.421959 0.421930 0.421922 0.421960 0.422244 0.422261 0.422333 0.422031 0.421766 0.000000 0.000000
0.000000 0.000000 0.350000 0.350000 0.350000 0.350000 0.350000 0.350000 0.350000 0.350000 0.350000 0.350000 0.350000 0.350000 0.350000 0.350000 0.350000 0.350000 0.350000 0.000000 0.000000
0.000000 0.000000 0.000000 0.000000 0.000000 0.000000 0.000000 0.000000 0.000000 0.000000 0.000000 0.000000 0.000000 0.000000 0.000000 0.000000 0.000000 0.000000 0.000000 0.000000 0.000000