geotop/1.0zi/1.0Montebello/Templates/testdem/maps/_Eocclay1967.asc
ncols         21
nrows         20
xllcorner     100.000000
yllcorner     100.000000
cellsize      50.000000
NODATA_value  -9999.0
0.000000 0.000000 0.000000 0.000000 0.000000 0.000000 0.000000 0.000000 0.000000 0.000000 0.000000 0.000000 0.000000 0.000000 0.000000 0.000000 0.000000 0.000000 0.000000 0.000000 0.000000
0.000000 0.000000 0.349896 0.349896 0.349896 0.349896 0.349896 0.349896 0.349896 0.349896 0.349896 0.349896 0.349896 0.349896 0.349896 0.349896 0.349896 0.349896 0.349896 0.000000 0.000000
0.000000 0.000000 0.349993 0.349993 0.349993 0.349993 0.349993 0.349993 0.349993 0.349993 0.349993 0.349993 0.349993 0.349993 0.349993 0.349993 0.349993 0.349993 0.349993 0.000000 0.000000
0.000000 0.000000 0.350658 0.350658 0.350656 0.350657 0.350658 0.350658 0.350658 0.350658 0.350658 0.350658 0.350658 0.350658 0.350658 0.350657 0.350656 0.350658 0.350658 0.000000 0.000000
0.000000 0.000000 0.353474 0.353473 0.353472 0.353472 0.353475 0.353474 0.353474 0.353476 0.353476 0.353476 0.353474 0.353474 0.353475 0.353472 0.353472 0.353473 0.353474 0.000000 0.000000
0.000000 0.000000 0.356734 0.356733 0.356732 0.356732 0.356735 0.356734 0.356734 0.356735 0.356735 0.356735 0.356734 0.356734 0.356735 0.356732 0.356732 0.356733 0.356734 0.000000 0.000000
0.000000 0.000000 0.359820 0.359819 0.359818 0.359818 0.359820 0.359820 0.359820 0.359820 0.359821 0.359820 0.359820 0.359820 0.359820 0.359818 0.359818 0.359819 0.359820 0.000000 0.000000
0.000000 0.000000 0.362660 0.362660 0.362658 0.362659 0.362660 0.362660 0.362660 0.362661 0.362661 0.362661 0.362660 0.362660 0.362660 0.362659 0.362658 0.362660 0.362660 0.000000 0.000000
0.000000 0.000000 0.365317 0.365317 0.365316 0.365316 0.365318 0.365317 0.365317 0.365318 0.365318 0.365318 0.365317 0.365317 0.365318 0.365316 0.365316 0.365317 0.365317 0.000000 0.000000
0.000000 0.000000 0.367856 0.367856 0.367854 0.367855 0.367856 0.367856 0.367856 0.367857 0.367857 0.367857 0.367856 0.367856 0.367856 0.367855 0.367854 0.367856 0.367856 0.000000 0.000000
0.000000 0.000000 0.370304 0.370304 0.370302 0.370303 0.370304 0.370304 0.370304 0.370304 0.370304 0.370304 0.370304 0.370304 0.370304 0.370303 0.370302 0.370304 0.370304 0.000000 0.000000
0.000000 0.000000 0.372683 0.372683 0.372681 0.372682 0.372683 0.372683 0.372683 0.372683 0.372683 0.372683 0.372683 0.372683 0.372683 0.372682 0.372681 0.372683 0.372683 0.000000 0.000000
0.000000 0.000000 0.375009 0.375009 0.375007 0.375008 0.375009 0.375009 0.375009 0.375009 0.375010 0.375009 0.375009 0.375009 0.375009 0.375008 0.375007 0.375009 0.375009 0.000000 0.000000
0.000000 0.000000 0.377287 0.377287 0.377286 0.377286 0.377288 0.377287 0.377287 0.377288 0.377288 0.377288 0.377287 0.377287 0.377288 0.377286 0.377286 0.377287 0.377287 0.000000 0.000000
0.000000 0.000000 0.379528 0.379528 0.379526 0.379527 0.379528 0.379528 0.379528 0.379528 0.379529 0.379528 0.379528 0.379528 0.379528 0.379527 0.379526 0.379528 0.379528 0.000000 0.000000
0.000000 0.000000 0.381736 0.381735 0.381734 0.381735 0.381736 0.381736 0.381736 0.381736 0.381736 0.381736 0.381736 0.381736 0.381736 0.381735 0.381734 0.381735 0.381736 0.000000 0.000000
0.000000 0.000000 0.383915 0.383915 0.383914 0.383914 0.383916 0.383915 0.383915 0.383916 0.383916 0.383916 0.383915 0.383915 0.383916 0.383914 0.383914 0.383915 0.383915 0.000000 0.000000
0.000000 0.000000 0.386104 0.386104 0.386103 0.386103 0.386104 0.386104 0.386104 0.386105 0.386105 0.386105 0.386104 0.386104 0.386104 0.386103 0.386103 0.386104 0.386104 0.000000 0.000000
0.000000 0.000000 0.350000 0.350000 0.350000 0.350000 0.350000 0.350000 0.350000 0.350000 0.350000 0.350000 0.350000 0.350000 0.350000 0.350000 0.350000 0.350000 0.350000 0.000000 0.000000
0.000000 0.000000 0.000000 0.000000 0.000000 0.000000 0.000000 0.000000 0.000000 0.000000 0.000000 0.000000 0.000000 0.000000 0.000000 0.000000 0.000000 0.000000 0.000000 0.000000 0.000000