geotop/1.0zi/1.0Montebello/Templates/testdem/maps/_Eocsand014S.asc
ncols         21
nrows         20
xllcorner     100.000000
yllcorner     100.000000
cellsize      50.000000
NODATA_value  -9999.0
0.000000 0.000000 0.000000 0.000000 0.000000 0.000000 0.000000 0.000000 0.000000 0.000000 0.000000 0.000000 0.000000 0.000000 0.000000 0.000000 0.000000 0.000000 0.000000 0.000000 0.000000
0.000000 0.000000 0.300249 0.300247 0.300247 0.300248 0.300247 0.300247 0.300247 0.300247 0.300248 0.300247 0.300247 0.300247 0.300247 0.300247 0.300248 0.300248 0.300247 0.000000 0.000000
0.000000 0.000000 0.300011 0.300013 0.300013 0.300011 0.300012 0.300013 0.300012 0.300012 0.300013 0.300012 0.300012 0.300012 0.300012 0.300012 0.300013 0.300013 0.300014 0.000000 0.000000
0.000000 0.000000 0.299806 0.299803 0.299814 0.299822 0.299822 0.299827 0.299820 0.299821 0.299821 0.299819 0.299818 0.299819 0.299814 0.299808 0.299804 0.299802 0.299803 0.000000 0.000000
0.000000 0.000000 0.296879 0.296876 0.296896 0.296932 0.296961 0.296971 0.296971 0.296972 0.296975 0.296968 0.296962 0.296963 0.296939 0.296925 0.296909 0.296898 0.296886 0.000000 0.000000
0.000000 0.000000 0.288866 0.288875 0.288917 0.288989 0.289057 0.289117 0.289113 0.289121 0.289125 0.289124 0.289113 0.289118 0.289082 0.289025 0.288995 0.288973 0.288961 0.000000 0.000000
0.000000 0.000000 0.277831 0.277852 0.277887 0.277971 0.278057 0.278174 0.278171 0.278178 0.278191 0.278190 0.278191 0.278187 0.278091 0.278022 0.277978 0.277947 0.277933 0.000000 0.000000
0.000000 0.000000 0.264696 0.264721 0.264758 0.264858 0.264953 0.265060 0.265057 0.265068 0.265083 0.265089 0.265092 0.265075 0.264986 0.264907 0.264836 0.264820 0.264793 0.000000 0.000000
0.000000 0.000000 0.250148 0.250184 0.250240 0.250321 0.250430 0.250559 0.250546 0.250567 0.250589 0.250593 0.250586 0.250593 0.250467 0.250373 0.250317 0.250292 0.250268 0.000000 0.000000
0.000000 0.000000 0.233909 0.233961 0.234008 0.234096 0.234218 0.234354 0.234351 0.234364 0.234398 0.234386 0.234370 0.234376 0.234274 0.234150 0.234084 0.234057 0.234047 0.000000 0.000000
0.000000 0.000000 0.215213 0.215255 0.215301 0.215492 0.215550 0.215734 0.215695 0.215780 0.215779 0.215793 0.215822 0.215773 0.215655 0.215578 0.215483 0.215449 0.215371 0.000000 0.000000
0.000000 0.000000 0.193114 0.193208 0.193328 0.193420 0.193524 0.193758 0.193765 0.193764 0.193746 0.193827 0.193786 0.193803 0.193588 0.193463 0.193413 0.193381 0.193223 0.000000 0.000000
0.000000 0.000000 0.168004 0.168087 0.168117 0.168307 0.168434 0.169072 0.169083 0.169116 0.169356 0.169209 0.169200 0.169144 0.168668 0.168565 0.168325 0.168312 0.168288 0.000000 0.000000
0.000000 0.000000 0.136968 0.136997 0.137218 0.137346 0.138249 0.137887 0.138079 0.138067 0.137933 0.138074 0.138091 0.138197 0.138516 0.137531 0.137510 0.137278 0.137148 0.000000 0.000000
0.000000 0.000000 0.103690 0.103782 0.103934 0.105012 0.104499 0.105200 0.105332 0.105395 0.105662 0.105724 0.105608 0.105588 0.104973 0.105469 0.104076 0.104415 0.104480 0.000000 0.000000
0.000000 0.000000 0.077482 0.077526 0.078464 0.077997 0.078178 0.078143 0.077735 0.077839 0.077628 0.077662 0.077838 0.077621 0.077745 0.077577 0.078615 0.077194 0.077218 0.000000 0.000000
0.000000 0.000000 0.057615 0.058128 0.058148 0.058296 0.058595 0.058657 0.058751 0.058730 0.058867 0.058852 0.058784 0.058849 0.058746 0.058514 0.058216 0.058316 0.057790 0.000000 0.000000
0.000000 0.000000 0.047211 0.047357 0.047112 0.047252 0.047433 0.047670 0.047723 0.047757 0.047770 0.047777 0.047735 0.047761 0.047528 0.047388 0.047126 0.047445 0.047292 0.000000 0.000000
0.000000 0.000000 0.300000 0.300000 0.300000 0.300000 0.300000 0.300000 0.300000 0.300000 0.300000 0.300000 0.300000 0.300000 0.300000 0.300000 0.300000 0.300000 0.300000 0.000000 0.000000
0.000000 0.000000 0.000000 0.000000 0.000000 0.000000 0.000000 0.000000 0.000000 0.000000 0.000000 0.000000 0.000000 0.000000 0.000000 0.000000 0.000000 0.000000 0.000000 0.000000 0.000000