geotop/1.0zi/1.0Montebello/Templates/testdem/maps/_Eocsand4014.asc
ncols         21
nrows         20
xllcorner     100.000000
yllcorner     100.000000
cellsize      50.000000
NODATA_value  -9999.0
0.000000 0.000000 0.000000 0.000000 0.000000 0.000000 0.000000 0.000000 0.000000 0.000000 0.000000 0.000000 0.000000 0.000000 0.000000 0.000000 0.000000 0.000000 0.000000 0.000000 0.000000
0.000000 0.000000 0.300103 0.300102 0.300102 0.300102 0.300102 0.300102 0.300102 0.300102 0.300102 0.300102 0.300102 0.300102 0.300102 0.300102 0.300102 0.300102 0.300103 0.000000 0.000000
0.000000 0.000000 0.300005 0.300004 0.300004 0.300004 0.300003 0.300003 0.300003 0.300003 0.300004 0.300004 0.300003 0.300003 0.300004 0.300004 0.300005 0.300005 0.300005 0.000000 0.000000
0.000000 0.000000 0.299974 0.299974 0.299976 0.299979 0.299977 0.299979 0.299977 0.299978 0.299978 0.299979 0.299979 0.299981 0.299976 0.299973 0.299973 0.299972 0.299974 0.000000 0.000000
0.000000 0.000000 0.299290 0.299285 0.299288 0.299287 0.299295 0.299299 0.299300 0.299303 0.299305 0.299300 0.299304 0.299303 0.299299 0.299299 0.299300 0.299295 0.299290 0.000000 0.000000
0.000000 0.000000 0.297069 0.297067 0.297074 0.297084 0.297088 0.297108 0.297109 0.297119 0.297111 0.297109 0.297105 0.297111 0.297114 0.297104 0.297095 0.297091 0.297086 0.000000 0.000000
0.000000 0.000000 0.293769 0.293772 0.293777 0.293795 0.293814 0.293845 0.293843 0.293849 0.293843 0.293845 0.293849 0.293853 0.293832 0.293805 0.293793 0.293787 0.293777 0.000000 0.000000
0.000000 0.000000 0.289980 0.289984 0.289992 0.290015 0.290037 0.290069 0.290065 0.290071 0.290070 0.290072 0.290077 0.290084 0.290053 0.290024 0.290007 0.290002 0.289992 0.000000 0.000000
0.000000 0.000000 0.286181 0.286189 0.286201 0.286218 0.286239 0.286276 0.286273 0.286280 0.286279 0.286278 0.286284 0.286287 0.286260 0.286228 0.286213 0.286207 0.286192 0.000000 0.000000
0.000000 0.000000 0.282408 0.282415 0.282425 0.282443 0.282470 0.282503 0.282497 0.282503 0.282503 0.282502 0.282509 0.282516 0.282484 0.282451 0.282437 0.282432 0.282421 0.000000 0.000000
0.000000 0.000000 0.278601 0.278608 0.278619 0.278632 0.278650 0.278690 0.278685 0.278694 0.278694 0.278693 0.278699 0.278705 0.278679 0.278656 0.278637 0.278631 0.278617 0.000000 0.000000
0.000000 0.000000 0.274681 0.274688 0.274701 0.274723 0.274743 0.274781 0.274781 0.274787 0.274786 0.274788 0.274792 0.274800 0.274764 0.274735 0.274718 0.274713 0.274669 0.000000 0.000000
0.000000 0.000000 0.270728 0.270736 0.270750 0.270765 0.270790 0.270869 0.270867 0.270875 0.270876 0.270875 0.270883 0.270887 0.270821 0.270787 0.270770 0.270764 0.270736 0.000000 0.000000
0.000000 0.000000 0.266568 0.266583 0.266594 0.266610 0.266685 0.266705 0.266717 0.266723 0.266722 0.266723 0.266731 0.266737 0.266716 0.266637 0.266619 0.266603 0.266587 0.000000 0.000000
0.000000 0.000000 0.262112 0.262124 0.262151 0.262217 0.262251 0.262298 0.262324 0.262332 0.262344 0.262346 0.262345 0.262361 0.262325 0.262268 0.262181 0.262185 0.262172 0.000000 0.000000
0.000000 0.000000 0.257541 0.257554 0.257641 0.257654 0.257672 0.257695 0.257700 0.257702 0.257699 0.257701 0.257716 0.257708 0.257699 0.257674 0.257670 0.257583 0.257560 0.000000 0.000000
0.000000 0.000000 0.252501 0.252608 0.252687 0.252714 0.252764 0.252791 0.252797 0.252802 0.252814 0.252814 0.252817 0.252832 0.252816 0.252752 0.252710 0.252662 0.252556 0.000000 0.000000
0.000000 0.000000 0.248516 0.248547 0.248488 0.248525 0.248570 0.248671 0.248681 0.248692 0.248689 0.248691 0.248700 0.248701 0.248613 0.248555 0.248490 0.248583 0.248534 0.000000 0.000000
0.000000 0.000000 0.300000 0.300000 0.300000 0.300000 0.300000 0.300000 0.300000 0.300000 0.300000 0.300000 0.300000 0.300000 0.300000 0.300000 0.300000 0.300000 0.300000 0.000000 0.000000
0.000000 0.000000 0.000000 0.000000 0.000000 0.000000 0.000000 0.000000 0.000000 0.000000 0.000000 0.000000 0.000000 0.000000 0.000000 0.000000 0.000000 0.000000 0.000000 0.000000 0.000000