geotop/1.0zi/1.0Montebello/Templates/testdem/maps/_Eocsand6493.asc
ncols         21
nrows         20
xllcorner     100.000000
yllcorner     100.000000
cellsize      50.000000
NODATA_value  -9999.0
0.000000 0.000000 0.000000 0.000000 0.000000 0.000000 0.000000 0.000000 0.000000 0.000000 0.000000 0.000000 0.000000 0.000000 0.000000 0.000000 0.000000 0.000000 0.000000 0.000000 0.000000
0.000000 0.000000 0.300160 0.300158 0.300158 0.300158 0.300157 0.300157 0.300158 0.300158 0.300159 0.300158 0.300158 0.300158 0.300157 0.300157 0.300159 0.300159 0.300158 0.000000 0.000000
0.000000 0.000000 0.300009 0.300010 0.300009 0.300008 0.300009 0.300010 0.300009 0.300009 0.300009 0.300010 0.300009 0.300010 0.300009 0.300010 0.300010 0.300010 0.300011 0.000000 0.000000
0.000000 0.000000 0.299963 0.299962 0.299966 0.299971 0.299969 0.299971 0.299967 0.299970 0.299967 0.299970 0.299969 0.299970 0.299968 0.299963 0.299963 0.299960 0.299960 0.000000 0.000000
0.000000 0.000000 0.298778 0.298773 0.298779 0.298787 0.298805 0.298813 0.298814 0.298814 0.298818 0.298818 0.298821 0.298818 0.298806 0.298803 0.298796 0.298785 0.298774 0.000000 0.000000
0.000000 0.000000 0.295201 0.295198 0.295212 0.295250 0.295271 0.295307 0.295308 0.295318 0.295311 0.295308 0.295303 0.295305 0.295295 0.295272 0.295251 0.295235 0.295224 0.000000 0.000000
0.000000 0.000000 0.289824 0.289827 0.289841 0.289881 0.289929 0.289983 0.289983 0.289991 0.289988 0.289988 0.289989 0.289985 0.289944 0.289899 0.289873 0.289853 0.289838 0.000000 0.000000
0.000000 0.000000 0.283311 0.283311 0.283319 0.283362 0.283410 0.283470 0.283469 0.283475 0.283477 0.283480 0.283481 0.283473 0.283426 0.283383 0.283343 0.283333 0.283312 0.000000 0.000000
0.000000 0.000000 0.276517 0.276525 0.276546 0.276573 0.276620 0.276684 0.276681 0.276694 0.276700 0.276701 0.276698 0.276701 0.276643 0.276594 0.276558 0.276547 0.276528 0.000000 0.000000
0.000000 0.000000 0.269583 0.269594 0.269603 0.269626 0.269694 0.269751 0.269748 0.269756 0.269765 0.269760 0.269749 0.269756 0.269708 0.269651 0.269614 0.269606 0.269592 0.000000 0.000000
0.000000 0.000000 0.262344 0.262350 0.262358 0.262409 0.262455 0.262519 0.262505 0.262537 0.262537 0.262537 0.262543 0.262524 0.262486 0.262450 0.262407 0.262386 0.262357 0.000000 0.000000
0.000000 0.000000 0.254644 0.254656 0.254680 0.254718 0.254762 0.254841 0.254839 0.254855 0.254838 0.254861 0.254855 0.254848 0.254776 0.254740 0.254709 0.254696 0.254622 0.000000 0.000000
0.000000 0.000000 0.246632 0.246650 0.246660 0.246702 0.246743 0.246911 0.246913 0.246926 0.246964 0.246947 0.246932 0.246918 0.246795 0.246759 0.246692 0.246686 0.246635 0.000000 0.000000
0.000000 0.000000 0.237793 0.237802 0.237830 0.237861 0.238036 0.238070 0.238109 0.238110 0.238120 0.238119 0.238119 0.238125 0.238109 0.237929 0.237874 0.237830 0.237777 0.000000 0.000000
0.000000 0.000000 0.227893 0.227902 0.227943 0.228137 0.228185 0.228287 0.228350 0.228362 0.228396 0.228423 0.228394 0.228406 0.228325 0.228255 0.227985 0.228009 0.227978 0.000000 0.000000
0.000000 0.000000 0.217266 0.217277 0.217538 0.217563 0.217579 0.217637 0.217575 0.217607 0.217578 0.217609 0.217638 0.217580 0.217546 0.217525 0.217573 0.217237 0.217233 0.000000 0.000000
0.000000 0.000000 0.204764 0.205131 0.205213 0.205325 0.205508 0.205584 0.205628 0.205625 0.205714 0.205720 0.205675 0.205701 0.205608 0.205469 0.205240 0.205223 0.204841 0.000000 0.000000
0.000000 0.000000 0.196367 0.196266 0.195925 0.196002 0.196103 0.196442 0.196442 0.196522 0.196449 0.196475 0.196456 0.196439 0.196133 0.196058 0.195869 0.196209 0.196288 0.000000 0.000000
0.000000 0.000000 0.300000 0.300000 0.300000 0.300000 0.300000 0.300000 0.300000 0.300000 0.300000 0.300000 0.300000 0.300000 0.300000 0.300000 0.300000 0.300000 0.300000 0.000000 0.000000
0.000000 0.000000 0.000000 0.000000 0.000000 0.000000 0.000000 0.000000 0.000000 0.000000 0.000000 0.000000 0.000000 0.000000 0.000000 0.000000 0.000000 0.000000 0.000000 0.000000 0.000000