geotop/1.0zi/1.0Montebello/Templates/testdem/maps/_Eocclay1175.asc
ncols         21
nrows         20
xllcorner     100.000000
yllcorner     100.000000
cellsize      50.000000
NODATA_value  -9999.0
0.000000 0.000000 0.000000 0.000000 0.000000 0.000000 0.000000 0.000000 0.000000 0.000000 0.000000 0.000000 0.000000 0.000000 0.000000 0.000000 0.000000 0.000000 0.000000 0.000000 0.000000
0.000000 0.000000 0.349939 0.349939 0.349940 0.349939 0.349939 0.349939 0.349939 0.349939 0.349939 0.349939 0.349939 0.349939 0.349939 0.349939 0.349940 0.349939 0.349939 0.000000 0.000000
0.000000 0.000000 0.349995 0.349995 0.349994 0.349995 0.349995 0.349995 0.349995 0.349995 0.349995 0.349995 0.349995 0.349995 0.349995 0.349995 0.349994 0.349995 0.349995 0.000000 0.000000
0.000000 0.000000 0.350449 0.350449 0.350447 0.350448 0.350449 0.350449 0.350449 0.350450 0.350450 0.350450 0.350449 0.350449 0.350449 0.350448 0.350447 0.350449 0.350449 0.000000 0.000000
0.000000 0.000000 0.352203 0.352203 0.352200 0.352200 0.352204 0.352203 0.352203 0.352204 0.352204 0.352204 0.352203 0.352203 0.352204 0.352200 0.352200 0.352203 0.352203 0.000000 0.000000
0.000000 0.000000 0.354173 0.354173 0.354171 0.354171 0.354174 0.354173 0.354173 0.354174 0.354174 0.354174 0.354173 0.354173 0.354174 0.354171 0.354171 0.354173 0.354173 0.000000 0.000000
0.000000 0.000000 0.356052 0.356052 0.356050 0.356050 0.356052 0.356052 0.356052 0.356052 0.356052 0.356052 0.356052 0.356052 0.356052 0.356050 0.356050 0.356052 0.356052 0.000000 0.000000
0.000000 0.000000 0.357787 0.357787 0.357785 0.357785 0.357787 0.357787 0.357787 0.357787 0.357787 0.357787 0.357787 0.357787 0.357787 0.357785 0.357785 0.357787 0.357787 0.000000 0.000000
0.000000 0.000000 0.359414 0.359414 0.359412 0.359413 0.359414 0.359414 0.359414 0.359414 0.359414 0.359414 0.359414 0.359414 0.359414 0.359413 0.359412 0.359414 0.359414 0.000000 0.000000
0.000000 0.000000 0.360974 0.360974 0.360972 0.360973 0.360974 0.360974 0.360974 0.360974 0.360974 0.360974 0.360974 0.360974 0.360974 0.360973 0.360972 0.360974 0.360974 0.000000 0.000000
0.000000 0.000000 0.362483 0.362483 0.362482 0.362482 0.362483 0.362483 0.362483 0.362484 0.362484 0.362484 0.362483 0.362483 0.362483 0.362482 0.362482 0.362483 0.362483 0.000000 0.000000
0.000000 0.000000 0.363958 0.363958 0.363956 0.363957 0.363958 0.363958 0.363958 0.363958 0.363958 0.363958 0.363958 0.363958 0.363958 0.363957 0.363956 0.363958 0.363958 0.000000 0.000000
0.000000 0.000000 0.365408 0.365408 0.365406 0.365407 0.365408 0.365408 0.365408 0.365408 0.365408 0.365408 0.365408 0.365408 0.365408 0.365407 0.365406 0.365408 0.365408 0.000000 0.000000
0.000000 0.000000 0.366833 0.366832 0.366831 0.366831 0.366833 0.366833 0.366833 0.366833 0.366833 0.366833 0.366833 0.366833 0.366833 0.366831 0.366831 0.366832 0.366833 0.000000 0.000000
0.000000 0.000000 0.368242 0.368241 0.368240 0.368240 0.368242 0.368241 0.368241 0.368242 0.368242 0.368242 0.368241 0.368241 0.368242 0.368240 0.368240 0.368241 0.368242 0.000000 0.000000
0.000000 0.000000 0.369640 0.369640 0.369638 0.369639 0.369640 0.369640 0.369640 0.369640 0.369640 0.369640 0.369640 0.369640 0.369640 0.369639 0.369638 0.369640 0.369640 0.000000 0.000000
0.000000 0.000000 0.371024 0.371023 0.371022 0.371023 0.371024 0.371024 0.371024 0.371024 0.371024 0.371024 0.371024 0.371024 0.371024 0.371023 0.371022 0.371023 0.371024 0.000000 0.000000
0.000000 0.000000 0.372430 0.372430 0.372429 0.372429 0.372430 0.372430 0.372430 0.372430 0.372430 0.372430 0.372430 0.372430 0.372430 0.372429 0.372429 0.372430 0.372430 0.000000 0.000000
0.000000 0.000000 0.350000 0.350000 0.350000 0.350000 0.350000 0.350000 0.350000 0.350000 0.350000 0.350000 0.350000 0.350000 0.350000 0.350000 0.350000 0.350000 0.350000 0.000000 0.000000
0.000000 0.000000 0.000000 0.000000 0.000000 0.000000 0.000000 0.000000 0.000000 0.000000 0.000000 0.000000 0.000000 0.000000 0.000000 0.000000 0.000000 0.000000 0.000000 0.000000 0.000000