geotop/1.0zi/1.0Montebello/Templates/testdem/maps/_Eocsilt9213.asc
ncols         21
nrows         20
xllcorner     100.000000
yllcorner     100.000000
cellsize      50.000000
NODATA_value  -9999.0
0.000000 0.000000 0.000000 0.000000 0.000000 0.000000 0.000000 0.000000 0.000000 0.000000 0.000000 0.000000 0.000000 0.000000 0.000000 0.000000 0.000000 0.000000 0.000000 0.000000 0.000000
0.000000 0.000000 0.350195 0.350195 0.350195 0.350195 0.350195 0.350195 0.350195 0.350195 0.350195 0.350195 0.350195 0.350195 0.350195 0.350195 0.350195 0.350195 0.350195 0.000000 0.000000
0.000000 0.000000 0.350005 0.350005 0.350006 0.350005 0.350006 0.350006 0.350006 0.350006 0.350006 0.350006 0.350007 0.350007 0.350006 0.350005 0.350004 0.350004 0.350005 0.000000 0.000000
0.000000 0.000000 0.350123 0.350119 0.350114 0.350109 0.350109 0.350104 0.350107 0.350108 0.350105 0.350107 0.350107 0.350107 0.350110 0.350114 0.350119 0.350119 0.350122 0.000000 0.000000
0.000000 0.000000 0.351266 0.351270 0.351259 0.351243 0.351234 0.351229 0.351231 0.351228 0.351228 0.351230 0.351234 0.351232 0.351245 0.351252 0.351255 0.351258 0.351261 0.000000 0.000000
0.000000 0.000000 0.354526 0.354520 0.354506 0.354487 0.354457 0.354436 0.354433 0.354427 0.354431 0.354431 0.354434 0.354432 0.354447 0.354466 0.354475 0.354480 0.354487 0.000000 0.000000
0.000000 0.000000 0.359176 0.359166 0.359150 0.359118 0.359080 0.359031 0.359036 0.359032 0.359030 0.359029 0.359026 0.359032 0.359069 0.359098 0.359117 0.359128 0.359136 0.000000 0.000000
0.000000 0.000000 0.364678 0.364667 0.364655 0.364620 0.364581 0.364538 0.364540 0.364534 0.364531 0.364528 0.364526 0.364534 0.364570 0.364603 0.364633 0.364636 0.364650 0.000000 0.000000
0.000000 0.000000 0.370680 0.370664 0.370644 0.370618 0.370573 0.370520 0.370525 0.370514 0.370509 0.370507 0.370509 0.370508 0.370560 0.370598 0.370621 0.370629 0.370641 0.000000 0.000000
0.000000 0.000000 0.377179 0.377160 0.377144 0.377117 0.377058 0.377009 0.377011 0.377004 0.376995 0.376999 0.377005 0.377003 0.377044 0.377094 0.377121 0.377127 0.377134 0.000000 0.000000
0.000000 0.000000 0.384406 0.384391 0.384378 0.384314 0.384276 0.384213 0.384229 0.384194 0.384199 0.384194 0.384183 0.384203 0.384248 0.384278 0.384315 0.384327 0.384356 0.000000 0.000000
0.000000 0.000000 0.392668 0.392638 0.392601 0.392570 0.392515 0.392438 0.392439 0.392432 0.392446 0.392416 0.392429 0.392429 0.392507 0.392550 0.392570 0.392579 0.392642 0.000000 0.000000
0.000000 0.000000 0.401829 0.401801 0.401792 0.401723 0.401678 0.401461 0.401461 0.401449 0.401381 0.401419 0.401426 0.401447 0.401611 0.401651 0.401728 0.401730 0.401754 0.000000 0.000000
0.000000 0.000000 0.412969 0.412957 0.412896 0.412853 0.412555 0.412626 0.412568 0.412568 0.412599 0.412565 0.412559 0.412535 0.412468 0.412787 0.412810 0.412881 0.412930 0.000000 0.000000
0.000000 0.000000 0.426090 0.426051 0.425984 0.425595 0.425702 0.425483 0.425417 0.425395 0.425316 0.425276 0.425321 0.425321 0.425522 0.425429 0.425937 0.425825 0.425817 0.000000 0.000000
0.000000 0.000000 0.439449 0.439419 0.438904 0.439129 0.439056 0.439057 0.439276 0.439214 0.439327 0.439300 0.439208 0.439333 0.439290 0.439350 0.438835 0.439597 0.439585 0.000000 0.000000
0.000000 0.000000 0.453361 0.452789 0.452980 0.452724 0.452437 0.452346 0.452155 0.452199 0.452004 0.452025 0.452138 0.452021 0.452177 0.452387 0.452943 0.452506 0.453098 0.000000 0.000000
0.000000 0.000000 0.457747 0.458067 0.458428 0.458389 0.458370 0.458019 0.458061 0.457964 0.458108 0.458075 0.458061 0.458105 0.458399 0.458414 0.458468 0.458151 0.457833 0.000000 0.000000
0.000000 0.000000 0.350000 0.350000 0.350000 0.350000 0.350000 0.350000 0.350000 0.350000 0.350000 0.350000 0.350000 0.350000 0.350000 0.350000 0.350000 0.350000 0.350000 0.000000 0.000000
0.000000 0.000000 0.000000 0.000000 0.000000 0.000000 0.000000 0.000000 0.000000 0.000000 0.000000 0.000000 0.000000 0.000000 0.000000 0.000000 0.000000 0.000000 0.000000 0.000000 0.000000