geotop/1.0zi/1.0Montebello/Templates/testdem/maps/_Eocclay1501.asc
ncols         21
nrows         20
xllcorner     100.000000
yllcorner     100.000000
cellsize      50.000000
NODATA_value  -9999.0
0.000000 0.000000 0.000000 0.000000 0.000000 0.000000 0.000000 0.000000 0.000000 0.000000 0.000000 0.000000 0.000000 0.000000 0.000000 0.000000 0.000000 0.000000 0.000000 0.000000 0.000000
0.000000 0.000000 0.349925 0.349925 0.349925 0.349925 0.349925 0.349925 0.349925 0.349925 0.349925 0.349925 0.349925 0.349925 0.349925 0.349925 0.349925 0.349925 0.349925 0.000000 0.000000
0.000000 0.000000 0.349994 0.349994 0.349994 0.349994 0.349994 0.349994 0.349994 0.349994 0.349994 0.349994 0.349994 0.349994 0.349994 0.349994 0.349994 0.349994 0.349994 0.000000 0.000000
0.000000 0.000000 0.350582 0.350582 0.350580 0.350580 0.350582 0.350582 0.350582 0.350582 0.350582 0.350582 0.350582 0.350582 0.350582 0.350580 0.350580 0.350582 0.350582 0.000000 0.000000
0.000000 0.000000 0.352843 0.352842 0.352840 0.352840 0.352844 0.352843 0.352843 0.352844 0.352844 0.352844 0.352843 0.352843 0.352844 0.352840 0.352840 0.352842 0.352843 0.000000 0.000000
0.000000 0.000000 0.355378 0.355378 0.355376 0.355376 0.355379 0.355378 0.355378 0.355379 0.355379 0.355379 0.355378 0.355378 0.355379 0.355376 0.355376 0.355378 0.355378 0.000000 0.000000
0.000000 0.000000 0.357786 0.357786 0.357784 0.357785 0.357787 0.357786 0.357786 0.357787 0.357787 0.357787 0.357786 0.357786 0.357787 0.357785 0.357784 0.357786 0.357786 0.000000 0.000000
0.000000 0.000000 0.360003 0.360002 0.360001 0.360001 0.360003 0.360003 0.360003 0.360003 0.360003 0.360003 0.360003 0.360003 0.360003 0.360001 0.360001 0.360002 0.360003 0.000000 0.000000
0.000000 0.000000 0.362079 0.362079 0.362077 0.362078 0.362079 0.362079 0.362079 0.362079 0.362079 0.362079 0.362079 0.362079 0.362079 0.362078 0.362077 0.362079 0.362079 0.000000 0.000000
0.000000 0.000000 0.364067 0.364067 0.364065 0.364066 0.364067 0.364067 0.364067 0.364067 0.364067 0.364067 0.364067 0.364067 0.364067 0.364066 0.364065 0.364067 0.364067 0.000000 0.000000
0.000000 0.000000 0.365987 0.365987 0.365986 0.365986 0.365988 0.365987 0.365987 0.365988 0.365988 0.365988 0.365987 0.365987 0.365988 0.365986 0.365986 0.365987 0.365987 0.000000 0.000000
0.000000 0.000000 0.367859 0.367859 0.367857 0.367858 0.367859 0.367859 0.367859 0.367859 0.367859 0.367859 0.367859 0.367859 0.367859 0.367858 0.367857 0.367859 0.367859 0.000000 0.000000
0.000000 0.000000 0.369697 0.369697 0.369696 0.369696 0.369698 0.369697 0.369697 0.369698 0.369697 0.369698 0.369697 0.369697 0.369698 0.369696 0.369696 0.369697 0.369697 0.000000 0.000000
0.000000 0.000000 0.371501 0.371501 0.371499 0.371500 0.371501 0.371501 0.371501 0.371501 0.371501 0.371501 0.371501 0.371501 0.371501 0.371500 0.371499 0.371501 0.371501 0.000000 0.000000
0.000000 0.000000 0.373278 0.373278 0.373276 0.373277 0.373278 0.373278 0.373278 0.373278 0.373278 0.373278 0.373278 0.373278 0.373278 0.373277 0.373276 0.373278 0.373278 0.000000 0.000000
0.000000 0.000000 0.375035 0.375035 0.375034 0.375034 0.375035 0.375035 0.375035 0.375035 0.375035 0.375035 0.375035 0.375035 0.375035 0.375034 0.375034 0.375035 0.375035 0.000000 0.000000
0.000000 0.000000 0.376772 0.376772 0.376771 0.376771 0.376773 0.376772 0.376772 0.376773 0.376773 0.376773 0.376772 0.376772 0.376773 0.376771 0.376771 0.376772 0.376772 0.000000 0.000000
0.000000 0.000000 0.378530 0.378531 0.378529 0.378530 0.378531 0.378531 0.378531 0.378531 0.378531 0.378531 0.378531 0.378531 0.378531 0.378530 0.378529 0.378531 0.378531 0.000000 0.000000
0.000000 0.000000 0.350000 0.350000 0.350000 0.350000 0.350000 0.350000 0.350000 0.350000 0.350000 0.350000 0.350000 0.350000 0.350000 0.350000 0.350000 0.350000 0.350000 0.000000 0.000000
0.000000 0.000000 0.000000 0.000000 0.000000 0.000000 0.000000 0.000000 0.000000 0.000000 0.000000 0.000000 0.000000 0.000000 0.000000 0.000000 0.000000 0.000000 0.000000 0.000000 0.000000