geotop/1.0zi/1.0Montebello/Templates/testdem/maps/_Eocclay5464.asc
ncols         21
nrows         20
xllcorner     100.000000
yllcorner     100.000000
cellsize      50.000000
NODATA_value  -9999.0
0.000000 0.000000 0.000000 0.000000 0.000000 0.000000 0.000000 0.000000 0.000000 0.000000 0.000000 0.000000 0.000000 0.000000 0.000000 0.000000 0.000000 0.000000 0.000000 0.000000 0.000000
0.000000 0.000000 0.349754 0.349754 0.349754 0.349755 0.349755 0.349755 0.349754 0.349754 0.349754 0.349754 0.349754 0.349754 0.349755 0.349754 0.349754 0.349754 0.349754 0.000000 0.000000
0.000000 0.000000 0.349990 0.349990 0.349990 0.349990 0.349989 0.349989 0.349990 0.349990 0.349989 0.349989 0.349990 0.349990 0.349990 0.349990 0.349990 0.349990 0.349990 0.000000 0.000000
0.000000 0.000000 0.349987 0.349989 0.349987 0.349987 0.349989 0.349989 0.349989 0.349988 0.349989 0.349988 0.349988 0.349987 0.349989 0.349991 0.349989 0.349990 0.349989 0.000000 0.000000
0.000000 0.000000 0.350400 0.350400 0.350401 0.350396 0.350385 0.350382 0.350383 0.350385 0.350383 0.350385 0.350379 0.350379 0.350383 0.350382 0.350387 0.350389 0.350391 0.000000 0.000000
0.000000 0.000000 0.351879 0.351880 0.351875 0.351857 0.351852 0.351836 0.351835 0.351831 0.351835 0.351835 0.351838 0.351838 0.351840 0.351851 0.351857 0.351868 0.351872 0.000000 0.000000
0.000000 0.000000 0.354065 0.354063 0.354061 0.354046 0.354027 0.354000 0.354000 0.353997 0.353999 0.354001 0.354001 0.353999 0.354016 0.354036 0.354045 0.354053 0.354059 0.000000 0.000000
0.000000 0.000000 0.356736 0.356736 0.356735 0.356717 0.356698 0.356670 0.356671 0.356668 0.356669 0.356669 0.356666 0.356670 0.356689 0.356705 0.356719 0.356724 0.356733 0.000000 0.000000
0.000000 0.000000 0.359433 0.359431 0.359425 0.359415 0.359397 0.359370 0.359371 0.359367 0.359364 0.359366 0.359365 0.359363 0.359386 0.359405 0.359417 0.359420 0.359427 0.000000 0.000000
0.000000 0.000000 0.362155 0.362150 0.362149 0.362142 0.362115 0.362090 0.362092 0.362089 0.362085 0.362090 0.362092 0.362089 0.362108 0.362129 0.362143 0.362144 0.362150 0.000000 0.000000
0.000000 0.000000 0.364970 0.364967 0.364967 0.364949 0.364930 0.364903 0.364908 0.364896 0.364896 0.364898 0.364894 0.364901 0.364915 0.364929 0.364943 0.364951 0.364962 0.000000 0.000000
0.000000 0.000000 0.367907 0.367901 0.367894 0.367881 0.367865 0.367833 0.367834 0.367826 0.367834 0.367827 0.367827 0.367829 0.367856 0.367869 0.367879 0.367883 0.367913 0.000000 0.000000
0.000000 0.000000 0.370911 0.370905 0.370904 0.370889 0.370875 0.370811 0.370811 0.370806 0.370792 0.370800 0.370805 0.370809 0.370854 0.370865 0.370888 0.370889 0.370911 0.000000 0.000000
0.000000 0.000000 0.374154 0.374150 0.374143 0.374134 0.374074 0.374056 0.374042 0.374041 0.374036 0.374039 0.374039 0.374037 0.374043 0.374102 0.374122 0.374137 0.374159 0.000000 0.000000
0.000000 0.000000 0.377706 0.377703 0.377690 0.377629 0.377609 0.377573 0.377548 0.377545 0.377532 0.377527 0.377534 0.377527 0.377553 0.377582 0.377671 0.377664 0.377677 0.000000 0.000000
0.000000 0.000000 0.381447 0.381442 0.381366 0.381350 0.381344 0.381320 0.381334 0.381325 0.381330 0.381321 0.381312 0.381327 0.381339 0.381349 0.381347 0.381445 0.381448 0.000000 0.000000
0.000000 0.000000 0.385691 0.385587 0.385546 0.385515 0.385466 0.385439 0.385432 0.385430 0.385408 0.385404 0.385412 0.385408 0.385436 0.385473 0.385532 0.385562 0.385666 0.000000 0.000000
0.000000 0.000000 0.388859 0.388856 0.388947 0.388920 0.388878 0.388779 0.388775 0.388754 0.388766 0.388761 0.388767 0.388768 0.388858 0.388887 0.388957 0.388861 0.388871 0.000000 0.000000
0.000000 0.000000 0.350000 0.350000 0.350000 0.350000 0.350000 0.350000 0.350000 0.350000 0.350000 0.350000 0.350000 0.350000 0.350000 0.350000 0.350000 0.350000 0.350000 0.000000 0.000000
0.000000 0.000000 0.000000 0.000000 0.000000 0.000000 0.000000 0.000000 0.000000 0.000000 0.000000 0.000000 0.000000 0.000000 0.000000 0.000000 0.000000 0.000000 0.000000 0.000000 0.000000