geotop/1.0zi/1.0Montebello/Templates/testdem/maps/_Eocsand0596.asc
ncols         21
nrows         20
xllcorner     100.000000
yllcorner     100.000000
cellsize      50.000000
NODATA_value  -9999.0
0.000000 0.000000 0.000000 0.000000 0.000000 0.000000 0.000000 0.000000 0.000000 0.000000 0.000000 0.000000 0.000000 0.000000 0.000000 0.000000 0.000000 0.000000 0.000000 0.000000 0.000000
0.000000 0.000000 0.300021 0.300021 0.300021 0.300021 0.300021 0.300021 0.300021 0.300021 0.300021 0.300021 0.300021 0.300021 0.300021 0.300021 0.300021 0.300021 0.300021 0.000000 0.000000
0.000000 0.000000 0.300005 0.300006 0.300006 0.300006 0.300005 0.300005 0.300005 0.300005 0.300005 0.300005 0.300005 0.300005 0.300005 0.300006 0.300006 0.300006 0.300005 0.000000 0.000000
0.000000 0.000000 0.299436 0.299436 0.299441 0.299436 0.299436 0.299436 0.299436 0.299436 0.299436 0.299436 0.299436 0.299436 0.299436 0.299436 0.299441 0.299436 0.299436 0.000000 0.000000
0.000000 0.000000 0.297583 0.297583 0.297587 0.297583 0.297583 0.297582 0.297582 0.297582 0.297583 0.297582 0.297582 0.297582 0.297583 0.297583 0.297587 0.297583 0.297583 0.000000 0.000000
0.000000 0.000000 0.295596 0.295596 0.295600 0.295597 0.295596 0.295596 0.295596 0.295596 0.295596 0.295596 0.295596 0.295596 0.295596 0.295597 0.295600 0.295596 0.295596 0.000000 0.000000
0.000000 0.000000 0.293738 0.293738 0.293741 0.293738 0.293738 0.293738 0.293738 0.293738 0.293738 0.293738 0.293738 0.293738 0.293738 0.293738 0.293741 0.293738 0.293738 0.000000 0.000000
0.000000 0.000000 0.292008 0.292008 0.292011 0.292009 0.292008 0.292008 0.292008 0.292008 0.292008 0.292008 0.292008 0.292008 0.292008 0.292009 0.292011 0.292008 0.292008 0.000000 0.000000
0.000000 0.000000 0.290371 0.290371 0.290374 0.290372 0.290371 0.290371 0.290371 0.290371 0.290371 0.290371 0.290371 0.290371 0.290371 0.290372 0.290374 0.290371 0.290371 0.000000 0.000000
0.000000 0.000000 0.288791 0.288791 0.288793 0.288791 0.288791 0.288790 0.288790 0.288790 0.288791 0.288790 0.288790 0.288790 0.288791 0.288791 0.288793 0.288791 0.288791 0.000000 0.000000
0.000000 0.000000 0.287251 0.287251 0.287254 0.287251 0.287251 0.287251 0.287251 0.287251 0.287251 0.287251 0.287251 0.287251 0.287251 0.287251 0.287254 0.287251 0.287251 0.000000 0.000000
0.000000 0.000000 0.285740 0.285740 0.285743 0.285740 0.285740 0.285740 0.285740 0.285740 0.285740 0.285740 0.285740 0.285740 0.285740 0.285740 0.285743 0.285740 0.285740 0.000000 0.000000
0.000000 0.000000 0.284254 0.284254 0.284256 0.284254 0.284253 0.284253 0.284253 0.284253 0.284253 0.284253 0.284253 0.284253 0.284253 0.284254 0.284256 0.284254 0.284254 0.000000 0.000000
0.000000 0.000000 0.282788 0.282788 0.282790 0.282788 0.282788 0.282787 0.282787 0.282787 0.282788 0.282787 0.282787 0.282787 0.282788 0.282788 0.282790 0.282788 0.282788 0.000000 0.000000
0.000000 0.000000 0.281335 0.281335 0.281337 0.281335 0.281335 0.281334 0.281334 0.281334 0.281335 0.281334 0.281334 0.281334 0.281335 0.281335 0.281337 0.281335 0.281335 0.000000 0.000000
0.000000 0.000000 0.279887 0.279887 0.279889 0.279887 0.279887 0.279887 0.279886 0.279887 0.279887 0.279887 0.279886 0.279887 0.279887 0.279887 0.279889 0.279887 0.279887 0.000000 0.000000
0.000000 0.000000 0.278453 0.278453 0.278455 0.278453 0.278453 0.278452 0.278452 0.278453 0.278453 0.278453 0.278452 0.278452 0.278453 0.278453 0.278455 0.278453 0.278453 0.000000 0.000000
0.000000 0.000000 0.277004 0.277003 0.277006 0.277004 0.277003 0.277003 0.277003 0.277003 0.277003 0.277003 0.277003 0.277003 0.277003 0.277004 0.277006 0.277003 0.277003 0.000000 0.000000
0.000000 0.000000 0.300000 0.300000 0.300000 0.300000 0.300000 0.300000 0.300000 0.300000 0.300000 0.300000 0.300000 0.300000 0.300000 0.300000 0.300000 0.300000 0.300000 0.000000 0.000000
0.000000 0.000000 0.000000 0.000000 0.000000 0.000000 0.000000 0.000000 0.000000 0.000000 0.000000 0.000000 0.000000 0.000000 0.000000 0.000000 0.000000 0.000000 0.000000 0.000000 0.000000