geotop/1.0zi/1.0Montebello/Templates/testdem/maps/_Eocclay7901.asc
ncols         21
nrows         20
xllcorner     100.000000
yllcorner     100.000000
cellsize      50.000000
NODATA_value  -9999.0
0.000000 0.000000 0.000000 0.000000 0.000000 0.000000 0.000000 0.000000 0.000000 0.000000 0.000000 0.000000 0.000000 0.000000 0.000000 0.000000 0.000000 0.000000 0.000000 0.000000 0.000000
0.000000 0.000000 0.349635 0.349637 0.349637 0.349636 0.349638 0.349638 0.349638 0.349638 0.349636 0.349638 0.349638 0.349638 0.349638 0.349638 0.349636 0.349636 0.349637 0.000000 0.000000
0.000000 0.000000 0.349985 0.349984 0.349985 0.349986 0.349984 0.349983 0.349984 0.349983 0.349983 0.349983 0.349984 0.349983 0.349984 0.349985 0.349985 0.349984 0.349983 0.000000 0.000000
0.000000 0.000000 0.350003 0.350008 0.350004 0.350003 0.350006 0.350003 0.350005 0.350003 0.350006 0.350004 0.350004 0.350002 0.350004 0.350006 0.350005 0.350008 0.350007 0.000000 0.000000
0.000000 0.000000 0.350994 0.350991 0.350987 0.350983 0.350966 0.350964 0.350962 0.350965 0.350961 0.350961 0.350957 0.350961 0.350971 0.350973 0.350982 0.350984 0.350990 0.000000 0.000000
0.000000 0.000000 0.353753 0.353751 0.353739 0.353710 0.353696 0.353671 0.353672 0.353665 0.353669 0.353668 0.353671 0.353672 0.353683 0.353703 0.353718 0.353733 0.353739 0.000000 0.000000
0.000000 0.000000 0.357542 0.357538 0.357529 0.357504 0.357474 0.357436 0.357435 0.357429 0.357430 0.357431 0.357431 0.357432 0.357465 0.357494 0.357511 0.357523 0.357531 0.000000 0.000000
0.000000 0.000000 0.362031 0.362028 0.362020 0.361990 0.361960 0.361919 0.361918 0.361914 0.361913 0.361910 0.361908 0.361917 0.361952 0.361977 0.362003 0.362012 0.362024 0.000000 0.000000
0.000000 0.000000 0.366774 0.366767 0.366752 0.366734 0.366702 0.366660 0.366662 0.366653 0.366650 0.366648 0.366649 0.366648 0.366689 0.366723 0.366743 0.366752 0.366762 0.000000 0.000000
0.000000 0.000000 0.371782 0.371771 0.371764 0.371745 0.371699 0.371660 0.371660 0.371655 0.371649 0.371652 0.371658 0.371656 0.371691 0.371730 0.371754 0.371762 0.371770 0.000000 0.000000
0.000000 0.000000 0.377215 0.377207 0.377198 0.377158 0.377126 0.377081 0.377090 0.377066 0.377069 0.377067 0.377059 0.377075 0.377107 0.377131 0.377162 0.377178 0.377199 0.000000 0.000000
0.000000 0.000000 0.383208 0.383191 0.383172 0.383146 0.383110 0.383054 0.383050 0.383043 0.383056 0.383036 0.383041 0.383045 0.383103 0.383132 0.383153 0.383165 0.383216 0.000000 0.000000
0.000000 0.000000 0.389662 0.389645 0.389637 0.389600 0.389569 0.389425 0.389423 0.389414 0.389377 0.389395 0.389404 0.389417 0.389527 0.389557 0.389612 0.389618 0.389644 0.000000 0.000000
0.000000 0.000000 0.397175 0.397168 0.397138 0.397111 0.396935 0.396942 0.396905 0.396905 0.396914 0.396904 0.396900 0.396893 0.396881 0.397064 0.397097 0.397145 0.397181 0.000000 0.000000
0.000000 0.000000 0.405989 0.405971 0.405934 0.405712 0.405723 0.405613 0.405559 0.405547 0.405511 0.405484 0.405508 0.405502 0.405610 0.405614 0.405905 0.405865 0.405873 0.000000 0.000000
0.000000 0.000000 0.415691 0.415674 0.415356 0.415426 0.415404 0.415368 0.415482 0.415443 0.415502 0.415476 0.415426 0.415506 0.415519 0.415536 0.415326 0.415778 0.415771 0.000000 0.000000
0.000000 0.000000 0.427827 0.427316 0.427391 0.427206 0.426951 0.426876 0.426749 0.426778 0.426632 0.426643 0.426724 0.426647 0.426775 0.426963 0.427371 0.427139 0.427665 0.000000 0.000000
0.000000 0.000000 0.432847 0.433300 0.433755 0.433744 0.433748 0.433315 0.433374 0.433252 0.433443 0.433402 0.433378 0.433441 0.433808 0.433805 0.433837 0.433465 0.433023 0.000000 0.000000
0.000000 0.000000 0.350000 0.350000 0.350000 0.350000 0.350000 0.350000 0.350000 0.350000 0.350000 0.350000 0.350000 0.350000 0.350000 0.350000 0.350000 0.350000 0.350000 0.000000 0.000000
0.000000 0.000000 0.000000 0.000000 0.000000 0.000000 0.000000 0.000000 0.000000 0.000000 0.000000 0.000000 0.000000 0.000000 0.000000 0.000000 0.000000 0.000000 0.000000 0.000000 0.000000