geotop/1.0zi/1.0Montebello/Templates/testdem/maps/_Eocclay0484.asc
ncols         21
nrows         20
xllcorner     100.000000
yllcorner     100.000000
cellsize      50.000000
NODATA_value  -9999.0
0.000000 0.000000 0.000000 0.000000 0.000000 0.000000 0.000000 0.000000 0.000000 0.000000 0.000000 0.000000 0.000000 0.000000 0.000000 0.000000 0.000000 0.000000 0.000000 0.000000 0.000000
0.000000 0.000000 0.349972 0.349972 0.349972 0.349972 0.349972 0.349972 0.349972 0.349972 0.349972 0.349972 0.349972 0.349972 0.349972 0.349972 0.349972 0.349972 0.349972 0.000000 0.000000
0.000000 0.000000 0.349997 0.349997 0.349996 0.349997 0.349997 0.349997 0.349997 0.349997 0.349997 0.349997 0.349997 0.349997 0.349997 0.349997 0.349996 0.349997 0.349997 0.000000 0.000000
0.000000 0.000000 0.350281 0.350281 0.350279 0.350281 0.350281 0.350282 0.350282 0.350282 0.350281 0.350282 0.350282 0.350282 0.350281 0.350281 0.350279 0.350281 0.350281 0.000000 0.000000
0.000000 0.000000 0.351160 0.351160 0.351158 0.351160 0.351160 0.351160 0.351160 0.351160 0.351160 0.351160 0.351160 0.351160 0.351160 0.351160 0.351158 0.351160 0.351160 0.000000 0.000000
0.000000 0.000000 0.352015 0.352015 0.352014 0.352015 0.352015 0.352016 0.352016 0.352016 0.352015 0.352016 0.352016 0.352016 0.352015 0.352015 0.352014 0.352015 0.352015 0.000000 0.000000
0.000000 0.000000 0.352814 0.352814 0.352812 0.352814 0.352814 0.352814 0.352814 0.352814 0.352814 0.352814 0.352814 0.352814 0.352814 0.352814 0.352812 0.352814 0.352814 0.000000 0.000000
0.000000 0.000000 0.353552 0.353553 0.353551 0.353552 0.353553 0.353553 0.353553 0.353553 0.353553 0.353553 0.353553 0.353553 0.353553 0.353552 0.353551 0.353553 0.353552 0.000000 0.000000
0.000000 0.000000 0.354250 0.354250 0.354248 0.354250 0.354250 0.354250 0.354250 0.354250 0.354250 0.354250 0.354250 0.354250 0.354250 0.354250 0.354248 0.354250 0.354250 0.000000 0.000000
0.000000 0.000000 0.354922 0.354922 0.354921 0.354922 0.354922 0.354922 0.354922 0.354922 0.354922 0.354922 0.354922 0.354922 0.354922 0.354922 0.354921 0.354922 0.354922 0.000000 0.000000
0.000000 0.000000 0.355575 0.355576 0.355574 0.355575 0.355576 0.355576 0.355576 0.355576 0.355576 0.355576 0.355576 0.355576 0.355576 0.355575 0.355574 0.355576 0.355575 0.000000 0.000000
0.000000 0.000000 0.356216 0.356216 0.356215 0.356216 0.356216 0.356216 0.356216 0.356216 0.356216 0.356216 0.356216 0.356216 0.356216 0.356216 0.356215 0.356216 0.356216 0.000000 0.000000
0.000000 0.000000 0.356844 0.356844 0.356843 0.356844 0.356844 0.356845 0.356845 0.356845 0.356845 0.356845 0.356845 0.356845 0.356844 0.356844 0.356843 0.356844 0.356844 0.000000 0.000000
0.000000 0.000000 0.357462 0.357462 0.357461 0.357462 0.357463 0.357463 0.357463 0.357463 0.357463 0.357463 0.357463 0.357463 0.357463 0.357462 0.357461 0.357462 0.357462 0.000000 0.000000
0.000000 0.000000 0.358074 0.358074 0.358073 0.358074 0.358074 0.358074 0.358074 0.358074 0.358074 0.358074 0.358074 0.358074 0.358074 0.358074 0.358073 0.358074 0.358074 0.000000 0.000000
0.000000 0.000000 0.358683 0.358683 0.358682 0.358683 0.358683 0.358683 0.358683 0.358683 0.358683 0.358683 0.358683 0.358683 0.358683 0.358683 0.358682 0.358683 0.358683 0.000000 0.000000
0.000000 0.000000 0.359285 0.359285 0.359283 0.359285 0.359285 0.359285 0.359285 0.359285 0.359285 0.359285 0.359285 0.359285 0.359285 0.359285 0.359283 0.359285 0.359285 0.000000 0.000000
0.000000 0.000000 0.359900 0.359900 0.359899 0.359900 0.359900 0.359900 0.359900 0.359900 0.359900 0.359900 0.359900 0.359900 0.359900 0.359900 0.359899 0.359900 0.359900 0.000000 0.000000
0.000000 0.000000 0.350000 0.350000 0.350000 0.350000 0.350000 0.350000 0.350000 0.350000 0.350000 0.350000 0.350000 0.350000 0.350000 0.350000 0.350000 0.350000 0.350000 0.000000 0.000000
0.000000 0.000000 0.000000 0.000000 0.000000 0.000000 0.000000 0.000000 0.000000 0.000000 0.000000 0.000000 0.000000 0.000000 0.000000 0.000000 0.000000 0.000000 0.000000 0.000000 0.000000