geotop/1.0zi/1.0Montebello/Templates/testdem/maps/_Eocclay1207.asc
ncols         21
nrows         20
xllcorner     100.000000
yllcorner     100.000000
cellsize      50.000000
NODATA_value  -9999.0
0.000000 0.000000 0.000000 0.000000 0.000000 0.000000 0.000000 0.000000 0.000000 0.000000 0.000000 0.000000 0.000000 0.000000 0.000000 0.000000 0.000000 0.000000 0.000000 0.000000 0.000000
0.000000 0.000000 0.349935 0.349935 0.349935 0.349935 0.349935 0.349935 0.349935 0.349935 0.349935 0.349935 0.349935 0.349935 0.349935 0.349935 0.349935 0.349935 0.349935 0.000000 0.000000
0.000000 0.000000 0.349994 0.349994 0.349993 0.349994 0.349994 0.349994 0.349994 0.349994 0.349994 0.349994 0.349994 0.349994 0.349994 0.349994 0.349993 0.349994 0.349994 0.000000 0.000000
0.000000 0.000000 0.350464 0.350464 0.350462 0.350463 0.350464 0.350464 0.350464 0.350464 0.350464 0.350464 0.350464 0.350464 0.350464 0.350463 0.350462 0.350464 0.350464 0.000000 0.000000
0.000000 0.000000 0.352270 0.352269 0.352266 0.352266 0.352270 0.352269 0.352269 0.352270 0.352270 0.352270 0.352269 0.352269 0.352270 0.352266 0.352266 0.352269 0.352270 0.000000 0.000000
0.000000 0.000000 0.354297 0.354296 0.354295 0.354295 0.354297 0.354297 0.354297 0.354297 0.354297 0.354297 0.354297 0.354297 0.354297 0.354295 0.354295 0.354296 0.354297 0.000000 0.000000
0.000000 0.000000 0.356233 0.356232 0.356230 0.356231 0.356233 0.356232 0.356232 0.356233 0.356233 0.356233 0.356232 0.356232 0.356233 0.356231 0.356230 0.356232 0.356233 0.000000 0.000000
0.000000 0.000000 0.358020 0.358020 0.358018 0.358019 0.358020 0.358020 0.358020 0.358020 0.358020 0.358020 0.358020 0.358020 0.358020 0.358019 0.358018 0.358020 0.358020 0.000000 0.000000
0.000000 0.000000 0.359697 0.359696 0.359695 0.359695 0.359697 0.359697 0.359697 0.359697 0.359697 0.359697 0.359697 0.359697 0.359697 0.359695 0.359695 0.359696 0.359697 0.000000 0.000000
0.000000 0.000000 0.361303 0.361303 0.361301 0.361302 0.361303 0.361303 0.361303 0.361303 0.361303 0.361303 0.361303 0.361303 0.361303 0.361302 0.361301 0.361303 0.361303 0.000000 0.000000
0.000000 0.000000 0.362856 0.362856 0.362855 0.362855 0.362856 0.362856 0.362856 0.362857 0.362856 0.362857 0.362856 0.362856 0.362856 0.362855 0.362855 0.362856 0.362856 0.000000 0.000000
0.000000 0.000000 0.364374 0.364373 0.364372 0.364372 0.364374 0.364373 0.364373 0.364374 0.364374 0.364374 0.364373 0.364373 0.364374 0.364372 0.364372 0.364373 0.364374 0.000000 0.000000
0.000000 0.000000 0.365866 0.365865 0.365864 0.365864 0.365866 0.365865 0.365865 0.365866 0.365866 0.365866 0.365865 0.365865 0.365866 0.365864 0.365864 0.365865 0.365866 0.000000 0.000000
0.000000 0.000000 0.367331 0.367331 0.367330 0.367330 0.367332 0.367331 0.367331 0.367332 0.367332 0.367332 0.367331 0.367331 0.367332 0.367330 0.367330 0.367331 0.367331 0.000000 0.000000
0.000000 0.000000 0.368781 0.368781 0.368779 0.368780 0.368781 0.368781 0.368781 0.368781 0.368781 0.368781 0.368781 0.368781 0.368781 0.368780 0.368779 0.368781 0.368781 0.000000 0.000000
0.000000 0.000000 0.370220 0.370219 0.370218 0.370218 0.370220 0.370219 0.370219 0.370220 0.370220 0.370220 0.370219 0.370219 0.370220 0.370218 0.370218 0.370219 0.370220 0.000000 0.000000
0.000000 0.000000 0.371643 0.371642 0.371641 0.371641 0.371643 0.371643 0.371643 0.371643 0.371643 0.371643 0.371643 0.371643 0.371643 0.371641 0.371641 0.371642 0.371643 0.000000 0.000000
0.000000 0.000000 0.373088 0.373088 0.373087 0.373087 0.373088 0.373088 0.373088 0.373089 0.373088 0.373089 0.373088 0.373088 0.373088 0.373087 0.373087 0.373088 0.373088 0.000000 0.000000
0.000000 0.000000 0.350000 0.350000 0.350000 0.350000 0.350000 0.350000 0.350000 0.350000 0.350000 0.350000 0.350000 0.350000 0.350000 0.350000 0.350000 0.350000 0.350000 0.000000 0.000000
0.000000 0.000000 0.000000 0.000000 0.000000 0.000000 0.000000 0.000000 0.000000 0.000000 0.000000 0.000000 0.000000 0.000000 0.000000 0.000000 0.000000 0.000000 0.000000 0.000000 0.000000