geotop/1.0zi/1.0Montebello/Templates/testdem/maps/_Eocsand7290.asc
ncols         21
nrows         20
xllcorner     100.000000
yllcorner     100.000000
cellsize      50.000000
NODATA_value  -9999.0
0.000000 0.000000 0.000000 0.000000 0.000000 0.000000 0.000000 0.000000 0.000000 0.000000 0.000000 0.000000 0.000000 0.000000 0.000000 0.000000 0.000000 0.000000 0.000000 0.000000 0.000000
0.000000 0.000000 0.300184 0.300182 0.300182 0.300183 0.300182 0.300181 0.300182 0.300182 0.300183 0.300182 0.300182 0.300182 0.300182 0.300182 0.300183 0.300183 0.300183 0.000000 0.000000
0.000000 0.000000 0.300009 0.300010 0.300010 0.300009 0.300010 0.300010 0.300010 0.300010 0.300010 0.300010 0.300009 0.300010 0.300010 0.300010 0.300010 0.300011 0.300012 0.000000 0.000000
0.000000 0.000000 0.299959 0.299958 0.299963 0.299968 0.299965 0.299969 0.299964 0.299968 0.299966 0.299966 0.299966 0.299968 0.299965 0.299961 0.299960 0.299957 0.299957 0.000000 0.000000
0.000000 0.000000 0.298392 0.298388 0.298397 0.298409 0.298429 0.298437 0.298441 0.298441 0.298442 0.298442 0.298445 0.298439 0.298420 0.298415 0.298408 0.298397 0.298385 0.000000 0.000000
0.000000 0.000000 0.293771 0.293771 0.293791 0.293830 0.293860 0.293902 0.293901 0.293913 0.293905 0.293905 0.293902 0.293902 0.293883 0.293854 0.293831 0.293810 0.293797 0.000000 0.000000
0.000000 0.000000 0.287185 0.287192 0.287210 0.287254 0.287311 0.287376 0.287374 0.287384 0.287381 0.287382 0.287385 0.287379 0.287325 0.287273 0.287245 0.287219 0.287202 0.000000 0.000000
0.000000 0.000000 0.279321 0.279324 0.279337 0.279387 0.279442 0.279512 0.279511 0.279520 0.279521 0.279526 0.279530 0.279516 0.279457 0.279408 0.279363 0.279349 0.279324 0.000000 0.000000
0.000000 0.000000 0.271034 0.271047 0.271072 0.271104 0.271161 0.271237 0.271231 0.271249 0.271253 0.271257 0.271255 0.271257 0.271183 0.271123 0.271088 0.271070 0.271048 0.000000 0.000000
0.000000 0.000000 0.262432 0.262448 0.262461 0.262490 0.262572 0.262639 0.262637 0.262647 0.262657 0.262652 0.262642 0.262646 0.262585 0.262516 0.262476 0.262462 0.262446 0.000000 0.000000
0.000000 0.000000 0.253282 0.253292 0.253307 0.253371 0.253425 0.253505 0.253487 0.253530 0.253525 0.253526 0.253541 0.253513 0.253460 0.253417 0.253366 0.253338 0.253301 0.000000 0.000000
0.000000 0.000000 0.243356 0.243382 0.243412 0.243455 0.243514 0.243611 0.243612 0.243628 0.243606 0.243638 0.243631 0.243622 0.243527 0.243479 0.243444 0.243424 0.243334 0.000000 0.000000
0.000000 0.000000 0.232835 0.232861 0.232875 0.232930 0.232983 0.233211 0.233212 0.233229 0.233284 0.233258 0.233244 0.233222 0.233049 0.232999 0.232915 0.232904 0.232850 0.000000 0.000000
0.000000 0.000000 0.220887 0.220898 0.220942 0.220982 0.221243 0.221260 0.221312 0.221315 0.221311 0.221321 0.221326 0.221334 0.221334 0.221062 0.221005 0.220933 0.220868 0.000000 0.000000
0.000000 0.000000 0.207154 0.207175 0.207234 0.207540 0.207567 0.207719 0.207802 0.207820 0.207870 0.207912 0.207877 0.207887 0.207745 0.207694 0.207282 0.207328 0.207302 0.000000 0.000000
0.000000 0.000000 0.192165 0.192188 0.192622 0.192580 0.192604 0.192683 0.192544 0.192600 0.192531 0.192575 0.192636 0.192530 0.192489 0.192463 0.192666 0.192075 0.192076 0.000000 0.000000
0.000000 0.000000 0.173820 0.174488 0.174492 0.174706 0.175043 0.175151 0.175276 0.175254 0.175427 0.175424 0.175333 0.175407 0.175242 0.174991 0.174524 0.174683 0.173993 0.000000 0.000000
0.000000 0.000000 0.163856 0.163422 0.162797 0.162863 0.162938 0.163533 0.163489 0.163644 0.163440 0.163492 0.163497 0.163437 0.162916 0.162862 0.162689 0.163252 0.163659 0.000000 0.000000
0.000000 0.000000 0.300000 0.300000 0.300000 0.300000 0.300000 0.300000 0.300000 0.300000 0.300000 0.300000 0.300000 0.300000 0.300000 0.300000 0.300000 0.300000 0.300000 0.000000 0.000000
0.000000 0.000000 0.000000 0.000000 0.000000 0.000000 0.000000 0.000000 0.000000 0.000000 0.000000 0.000000 0.000000 0.000000 0.000000 0.000000 0.000000 0.000000 0.000000 0.000000 0.000000