geotop/1.0zi/1.0Montebello/Templates/testdem/maps/_Eocsilt7666.asc
ncols         21
nrows         20
xllcorner     100.000000
yllcorner     100.000000
cellsize      50.000000
NODATA_value  -9999.0
0.000000 0.000000 0.000000 0.000000 0.000000 0.000000 0.000000 0.000000 0.000000 0.000000 0.000000 0.000000 0.000000 0.000000 0.000000 0.000000 0.000000 0.000000 0.000000 0.000000 0.000000
0.000000 0.000000 0.350157 0.350158 0.350158 0.350158 0.350158 0.350158 0.350158 0.350158 0.350158 0.350158 0.350158 0.350158 0.350157 0.350158 0.350158 0.350158 0.350158 0.000000 0.000000
0.000000 0.000000 0.350005 0.350005 0.350004 0.350004 0.350005 0.350005 0.350005 0.350005 0.350005 0.350005 0.350006 0.350006 0.350005 0.350004 0.350003 0.350003 0.350004 0.000000 0.000000
0.000000 0.000000 0.350103 0.350099 0.350098 0.350091 0.350092 0.350087 0.350090 0.350090 0.350087 0.350089 0.350089 0.350089 0.350092 0.350095 0.350098 0.350098 0.350099 0.000000 0.000000
0.000000 0.000000 0.350968 0.350974 0.350970 0.350960 0.350954 0.350947 0.350943 0.350942 0.350942 0.350942 0.350943 0.350945 0.350958 0.350963 0.350965 0.350975 0.350978 0.000000 0.000000
0.000000 0.000000 0.353408 0.353409 0.353399 0.353384 0.353366 0.353345 0.353344 0.353338 0.353342 0.353342 0.353343 0.353343 0.353354 0.353366 0.353378 0.353386 0.353391 0.000000 0.000000
0.000000 0.000000 0.356934 0.356930 0.356920 0.356894 0.356864 0.356832 0.356833 0.356828 0.356830 0.356828 0.356825 0.356830 0.356858 0.356884 0.356901 0.356915 0.356923 0.000000 0.000000
0.000000 0.000000 0.361126 0.361124 0.361118 0.361092 0.361063 0.361028 0.361027 0.361023 0.361022 0.361019 0.361017 0.361024 0.361055 0.361082 0.361107 0.361113 0.361125 0.000000 0.000000
0.000000 0.000000 0.365610 0.365602 0.365588 0.365571 0.365540 0.365499 0.365501 0.365492 0.365490 0.365488 0.365489 0.365488 0.365529 0.365561 0.365581 0.365591 0.365601 0.000000 0.000000
0.000000 0.000000 0.370287 0.370278 0.370271 0.370255 0.370211 0.370175 0.370176 0.370171 0.370165 0.370168 0.370173 0.370171 0.370204 0.370241 0.370263 0.370271 0.370278 0.000000 0.000000
0.000000 0.000000 0.375284 0.375279 0.375271 0.375235 0.375205 0.375164 0.375172 0.375149 0.375152 0.375151 0.375144 0.375158 0.375188 0.375211 0.375239 0.375255 0.375274 0.000000 0.000000
0.000000 0.000000 0.380767 0.380752 0.380736 0.380712 0.380679 0.380627 0.380625 0.380617 0.380629 0.380612 0.380617 0.380621 0.380674 0.380701 0.380720 0.380732 0.380779 0.000000 0.000000
0.000000 0.000000 0.386619 0.386604 0.386597 0.386566 0.386537 0.386408 0.386407 0.386398 0.386366 0.386381 0.386389 0.386402 0.386500 0.386527 0.386576 0.386582 0.386608 0.000000 0.000000
0.000000 0.000000 0.393351 0.393346 0.393321 0.393298 0.393146 0.393146 0.393113 0.393113 0.393118 0.393111 0.393108 0.393102 0.393097 0.393255 0.393286 0.393329 0.393361 0.000000 0.000000
0.000000 0.000000 0.401168 0.401155 0.401122 0.400936 0.400934 0.400842 0.400796 0.400785 0.400755 0.400731 0.400751 0.400747 0.400836 0.400850 0.401098 0.401067 0.401076 0.000000 0.000000
0.000000 0.000000 0.409726 0.409713 0.409449 0.409494 0.409477 0.409440 0.409530 0.409496 0.409543 0.409520 0.409480 0.409546 0.409564 0.409578 0.409426 0.409796 0.409791 0.000000 0.000000
0.000000 0.000000 0.420288 0.419873 0.419909 0.419767 0.419559 0.419497 0.419403 0.419422 0.419308 0.419314 0.419377 0.419321 0.419425 0.419578 0.419894 0.419742 0.420170 0.000000 0.000000
0.000000 0.000000 0.425258 0.425586 0.425964 0.425941 0.425925 0.425570 0.425609 0.425511 0.425654 0.425622 0.425609 0.425655 0.425962 0.425972 0.426033 0.425712 0.425396 0.000000 0.000000
0.000000 0.000000 0.350000 0.350000 0.350000 0.350000 0.350000 0.350000 0.350000 0.350000 0.350000 0.350000 0.350000 0.350000 0.350000 0.350000 0.350000 0.350000 0.350000 0.000000 0.000000
0.000000 0.000000 0.000000 0.000000 0.000000 0.000000 0.000000 0.000000 0.000000 0.000000 0.000000 0.000000 0.000000 0.000000 0.000000 0.000000 0.000000 0.000000 0.000000 0.000000 0.000000