geotop/1.0zi/1.0Montebello/Templates/testdem/maps/_Eocclay045j.asc
ncols         21
nrows         20
xllcorner     100.000000
yllcorner     100.000000
cellsize      50.000000
NODATA_value  -9999.0
0.000000 0.000000 0.000000 0.000000 0.000000 0.000000 0.000000 0.000000 0.000000 0.000000 0.000000 0.000000 0.000000 0.000000 0.000000 0.000000 0.000000 0.000000 0.000000 0.000000 0.000000
0.000000 0.000000 0.349505 0.349507 0.349507 0.349506 0.349508 0.349508 0.349507 0.349508 0.349507 0.349508 0.349508 0.349507 0.349508 0.349508 0.349506 0.349506 0.349507 0.000000 0.000000
0.000000 0.000000 0.349981 0.349979 0.349978 0.349981 0.349978 0.349978 0.349978 0.349978 0.349978 0.349978 0.349978 0.349978 0.349979 0.349980 0.349980 0.349979 0.349978 0.000000 0.000000
0.000000 0.000000 0.350082 0.350091 0.350087 0.350082 0.350084 0.350084 0.350088 0.350085 0.350088 0.350086 0.350086 0.350085 0.350089 0.350092 0.350091 0.350090 0.350088 0.000000 0.000000
0.000000 0.000000 0.351825 0.351816 0.351807 0.351792 0.351772 0.351768 0.351765 0.351768 0.351765 0.351770 0.351770 0.351771 0.351780 0.351787 0.351800 0.351807 0.351816 0.000000 0.000000
0.000000 0.000000 0.356282 0.356277 0.356252 0.356209 0.356174 0.356141 0.356146 0.356142 0.356140 0.356139 0.356146 0.356144 0.356161 0.356194 0.356213 0.356228 0.356233 0.000000 0.000000
0.000000 0.000000 0.362232 0.362220 0.362203 0.362160 0.362115 0.362049 0.362051 0.362047 0.362040 0.362041 0.362042 0.362042 0.362094 0.362132 0.362156 0.362172 0.362179 0.000000 0.000000
0.000000 0.000000 0.369348 0.369334 0.369313 0.369256 0.369206 0.369146 0.369149 0.369143 0.369136 0.369133 0.369131 0.369140 0.369187 0.369228 0.369267 0.369278 0.369293 0.000000 0.000000
0.000000 0.000000 0.377286 0.377267 0.377234 0.377190 0.377131 0.377061 0.377069 0.377058 0.377046 0.377044 0.377047 0.377043 0.377109 0.377160 0.377191 0.377205 0.377217 0.000000 0.000000
0.000000 0.000000 0.386289 0.386259 0.386230 0.386180 0.386113 0.386037 0.386039 0.386033 0.386015 0.386022 0.386030 0.386026 0.386079 0.386147 0.386185 0.386202 0.386207 0.000000 0.000000
0.000000 0.000000 0.396850 0.396825 0.396798 0.396688 0.396657 0.396550 0.396574 0.396526 0.396528 0.396519 0.396501 0.396530 0.396592 0.396634 0.396689 0.396710 0.396755 0.000000 0.000000
0.000000 0.000000 0.409543 0.409488 0.409416 0.409365 0.409303 0.409168 0.409164 0.409170 0.409180 0.409130 0.409157 0.409142 0.409262 0.409336 0.409365 0.409385 0.409475 0.000000 0.000000
0.000000 0.000000 0.424063 0.424014 0.424001 0.423886 0.423810 0.423427 0.423423 0.423404 0.423256 0.423350 0.423353 0.423387 0.423663 0.423721 0.423867 0.423877 0.423881 0.000000 0.000000
0.000000 0.000000 0.441790 0.441775 0.441642 0.441573 0.441040 0.441293 0.441183 0.441195 0.441291 0.441196 0.441184 0.441116 0.440888 0.441473 0.441471 0.441612 0.441687 0.000000 0.000000
0.000000 0.000000 0.459022 0.458974 0.458903 0.458349 0.458651 0.458266 0.458209 0.458178 0.458033 0.458008 0.458068 0.458082 0.458412 0.458112 0.458833 0.458652 0.458612 0.000000 0.000000
0.000000 0.000000 0.471034 0.471013 0.470610 0.470785 0.470719 0.470717 0.470890 0.470846 0.470930 0.470914 0.470841 0.470933 0.470890 0.470950 0.470535 0.471133 0.471121 0.000000 0.000000
0.000000 0.000000 0.480231 0.479995 0.479968 0.479900 0.479767 0.479730 0.479696 0.479704 0.479644 0.479650 0.479677 0.479652 0.479699 0.479803 0.479927 0.479904 0.480141 0.000000 0.000000
0.000000 0.000000 0.484811 0.484876 0.484954 0.484953 0.484913 0.484782 0.484809 0.484773 0.484820 0.484809 0.484802 0.484821 0.484935 0.484959 0.484950 0.484900 0.484833 0.000000 0.000000
0.000000 0.000000 0.350000 0.350000 0.350000 0.350000 0.350000 0.350000 0.350000 0.350000 0.350000 0.350000 0.350000 0.350000 0.350000 0.350000 0.350000 0.350000 0.350000 0.000000 0.000000
0.000000 0.000000 0.000000 0.000000 0.000000 0.000000 0.000000 0.000000 0.000000 0.000000 0.000000 0.000000 0.000000 0.000000 0.000000 0.000000 0.000000 0.000000 0.000000 0.000000 0.000000