geotop/1.0zi/1.0Montebello/Templates/testdem/maps/_Eocsilt5396.asc
ncols         21
nrows         20
xllcorner     100.000000
yllcorner     100.000000
cellsize      50.000000
NODATA_value  -9999.0
0.000000 0.000000 0.000000 0.000000 0.000000 0.000000 0.000000 0.000000 0.000000 0.000000 0.000000 0.000000 0.000000 0.000000 0.000000 0.000000 0.000000 0.000000 0.000000 0.000000 0.000000
0.000000 0.000000 0.350109 0.350109 0.350109 0.350109 0.350109 0.350109 0.350109 0.350109 0.350109 0.350109 0.350109 0.350109 0.350109 0.350109 0.350109 0.350109 0.350109 0.000000 0.000000
0.000000 0.000000 0.350002 0.350002 0.350003 0.350003 0.350003 0.350003 0.350003 0.350003 0.350003 0.350003 0.350004 0.350003 0.350003 0.350003 0.350002 0.350001 0.350002 0.000000 0.000000
0.000000 0.000000 0.350037 0.350037 0.350036 0.350031 0.350033 0.350031 0.350033 0.350034 0.350033 0.350032 0.350032 0.350031 0.350033 0.350036 0.350036 0.350038 0.350037 0.000000 0.000000
0.000000 0.000000 0.350440 0.350444 0.350442 0.350439 0.350436 0.350431 0.350430 0.350429 0.350426 0.350428 0.350429 0.350430 0.350435 0.350437 0.350437 0.350446 0.350449 0.000000 0.000000
0.000000 0.000000 0.351764 0.351768 0.351764 0.351751 0.351742 0.351727 0.351724 0.351721 0.351726 0.351728 0.351729 0.351726 0.351731 0.351736 0.351744 0.351747 0.351751 0.000000 0.000000
0.000000 0.000000 0.353817 0.353815 0.353812 0.353795 0.353776 0.353755 0.353756 0.353754 0.353757 0.353757 0.353754 0.353758 0.353772 0.353787 0.353795 0.353803 0.353809 0.000000 0.000000
0.000000 0.000000 0.356313 0.356313 0.356315 0.356299 0.356280 0.356257 0.356258 0.356255 0.356255 0.356255 0.356254 0.356256 0.356273 0.356290 0.356305 0.356307 0.356315 0.000000 0.000000
0.000000 0.000000 0.358930 0.358926 0.358920 0.358910 0.358892 0.358865 0.358866 0.358861 0.358859 0.358861 0.358861 0.358859 0.358883 0.358901 0.358914 0.358918 0.358926 0.000000 0.000000
0.000000 0.000000 0.361536 0.361532 0.361531 0.361524 0.361498 0.361475 0.361478 0.361475 0.361471 0.361475 0.361478 0.361475 0.361493 0.361513 0.361526 0.361528 0.361532 0.000000 0.000000
0.000000 0.000000 0.364193 0.364191 0.364192 0.364173 0.364156 0.364131 0.364136 0.364124 0.364125 0.364126 0.364123 0.364129 0.364143 0.364156 0.364170 0.364178 0.364188 0.000000 0.000000
0.000000 0.000000 0.366968 0.366962 0.366956 0.366943 0.366929 0.366898 0.366900 0.366892 0.366900 0.366894 0.366895 0.366897 0.366923 0.366934 0.366944 0.366948 0.366977 0.000000 0.000000
0.000000 0.000000 0.369794 0.369788 0.369787 0.369773 0.369760 0.369701 0.369701 0.369695 0.369683 0.369690 0.369695 0.369699 0.369741 0.369751 0.369773 0.369775 0.369795 0.000000 0.000000
0.000000 0.000000 0.372833 0.372829 0.372823 0.372815 0.372760 0.372744 0.372730 0.372730 0.372725 0.372728 0.372728 0.372726 0.372733 0.372786 0.372805 0.372820 0.372840 0.000000 0.000000
0.000000 0.000000 0.376149 0.376146 0.376134 0.376078 0.376060 0.376026 0.376003 0.376000 0.375989 0.375983 0.375990 0.375985 0.376008 0.376036 0.376119 0.376113 0.376125 0.000000 0.000000
0.000000 0.000000 0.379638 0.379633 0.379563 0.379548 0.379542 0.379520 0.379531 0.379523 0.379528 0.379520 0.379512 0.379526 0.379538 0.379547 0.379548 0.379638 0.379641 0.000000 0.000000
0.000000 0.000000 0.383571 0.383477 0.383438 0.383410 0.383366 0.383342 0.383336 0.383333 0.383314 0.383310 0.383317 0.383315 0.383340 0.383373 0.383427 0.383458 0.383552 0.000000 0.000000
0.000000 0.000000 0.386541 0.386534 0.386614 0.386589 0.386555 0.386466 0.386463 0.386444 0.386453 0.386448 0.386455 0.386456 0.386538 0.386560 0.386626 0.386541 0.386554 0.000000 0.000000
0.000000 0.000000 0.350000 0.350000 0.350000 0.350000 0.350000 0.350000 0.350000 0.350000 0.350000 0.350000 0.350000 0.350000 0.350000 0.350000 0.350000 0.350000 0.350000 0.000000 0.000000
0.000000 0.000000 0.000000 0.000000 0.000000 0.000000 0.000000 0.000000 0.000000 0.000000 0.000000 0.000000 0.000000 0.000000 0.000000 0.000000 0.000000 0.000000 0.000000 0.000000 0.000000