geotop/1.0zi/1.0Montebello/Templates/testdem/maps/_Eocclay5645.asc
ncols         21
nrows         20
xllcorner     100.000000
yllcorner     100.000000
cellsize      50.000000
NODATA_value  -9999.0
0.000000 0.000000 0.000000 0.000000 0.000000 0.000000 0.000000 0.000000 0.000000 0.000000 0.000000 0.000000 0.000000 0.000000 0.000000 0.000000 0.000000 0.000000 0.000000 0.000000 0.000000
0.000000 0.000000 0.349746 0.349747 0.349747 0.349747 0.349747 0.349747 0.349747 0.349747 0.349747 0.349747 0.349747 0.349747 0.349747 0.349747 0.349746 0.349747 0.349746 0.000000 0.000000
0.000000 0.000000 0.349989 0.349990 0.349990 0.349989 0.349989 0.349989 0.349989 0.349989 0.349989 0.349989 0.349989 0.349990 0.349989 0.349989 0.349989 0.349989 0.349989 0.000000 0.000000
0.000000 0.000000 0.349988 0.349990 0.349987 0.349988 0.349990 0.349990 0.349990 0.349988 0.349990 0.349988 0.349988 0.349988 0.349990 0.349992 0.349990 0.349991 0.349990 0.000000 0.000000
0.000000 0.000000 0.350476 0.350476 0.350476 0.350471 0.350460 0.350456 0.350458 0.350459 0.350458 0.350459 0.350454 0.350454 0.350459 0.350458 0.350463 0.350465 0.350468 0.000000 0.000000
0.000000 0.000000 0.352059 0.352061 0.352055 0.352037 0.352031 0.352014 0.352014 0.352010 0.352013 0.352013 0.352016 0.352017 0.352020 0.352031 0.352037 0.352049 0.352053 0.000000 0.000000
0.000000 0.000000 0.354353 0.354351 0.354349 0.354333 0.354313 0.354286 0.354286 0.354282 0.354284 0.354286 0.354287 0.354285 0.354303 0.354324 0.354333 0.354341 0.354348 0.000000 0.000000
0.000000 0.000000 0.357140 0.357140 0.357138 0.357119 0.357099 0.357071 0.357072 0.357069 0.357070 0.357069 0.357067 0.357071 0.357092 0.357108 0.357123 0.357128 0.357137 0.000000 0.000000
0.000000 0.000000 0.359962 0.359960 0.359954 0.359943 0.359924 0.359896 0.359898 0.359893 0.359891 0.359892 0.359892 0.359889 0.359914 0.359933 0.359946 0.359949 0.359957 0.000000 0.000000
0.000000 0.000000 0.362819 0.362814 0.362813 0.362805 0.362777 0.362751 0.362753 0.362750 0.362747 0.362751 0.362754 0.362750 0.362770 0.362793 0.362807 0.362809 0.362815 0.000000 0.000000
0.000000 0.000000 0.365784 0.365781 0.365781 0.365761 0.365742 0.365713 0.365720 0.365706 0.365707 0.365708 0.365705 0.365712 0.365727 0.365741 0.365757 0.365765 0.365777 0.000000 0.000000
0.000000 0.000000 0.368889 0.368883 0.368875 0.368861 0.368844 0.368811 0.368813 0.368804 0.368813 0.368805 0.368806 0.368808 0.368837 0.368850 0.368861 0.368865 0.368897 0.000000 0.000000
0.000000 0.000000 0.372078 0.372072 0.372070 0.372054 0.372038 0.371971 0.371971 0.371965 0.371952 0.371960 0.371965 0.371969 0.372017 0.372030 0.372054 0.372056 0.372079 0.000000 0.000000
0.000000 0.000000 0.375536 0.375532 0.375524 0.375514 0.375449 0.375432 0.375417 0.375416 0.375411 0.375414 0.375414 0.375411 0.375419 0.375483 0.375503 0.375520 0.375542 0.000000 0.000000
0.000000 0.000000 0.379341 0.379336 0.379323 0.379256 0.379235 0.379197 0.379170 0.379166 0.379154 0.379148 0.379155 0.379149 0.379176 0.379207 0.379303 0.379295 0.379309 0.000000 0.000000
0.000000 0.000000 0.383359 0.383355 0.383269 0.383254 0.383249 0.383223 0.383241 0.383230 0.383238 0.383228 0.383218 0.383234 0.383248 0.383257 0.383251 0.383362 0.383365 0.000000 0.000000
0.000000 0.000000 0.387953 0.387836 0.387795 0.387761 0.387705 0.387676 0.387667 0.387665 0.387640 0.387636 0.387647 0.387642 0.387673 0.387715 0.387781 0.387809 0.387927 0.000000 0.000000
0.000000 0.000000 0.391323 0.391327 0.391431 0.391402 0.391356 0.391246 0.391243 0.391219 0.391234 0.391228 0.391235 0.391237 0.391337 0.391370 0.391444 0.391336 0.391340 0.000000 0.000000
0.000000 0.000000 0.350000 0.350000 0.350000 0.350000 0.350000 0.350000 0.350000 0.350000 0.350000 0.350000 0.350000 0.350000 0.350000 0.350000 0.350000 0.350000 0.350000 0.000000 0.000000
0.000000 0.000000 0.000000 0.000000 0.000000 0.000000 0.000000 0.000000 0.000000 0.000000 0.000000 0.000000 0.000000 0.000000 0.000000 0.000000 0.000000 0.000000 0.000000 0.000000 0.000000