geotop/1.0zi/1.0Montebello/Templates/testdem/maps/_Eocsand2404.asc
ncols         21
nrows         20
xllcorner     100.000000
yllcorner     100.000000
cellsize      50.000000
NODATA_value  -9999.0
0.000000 0.000000 0.000000 0.000000 0.000000 0.000000 0.000000 0.000000 0.000000 0.000000 0.000000 0.000000 0.000000 0.000000 0.000000 0.000000 0.000000 0.000000 0.000000 0.000000 0.000000
0.000000 0.000000 0.300072 0.300072 0.300072 0.300072 0.300072 0.300072 0.300072 0.300072 0.300073 0.300072 0.300072 0.300072 0.300072 0.300072 0.300072 0.300072 0.300072 0.000000 0.000000
0.000000 0.000000 0.300013 0.300013 0.300013 0.300012 0.300013 0.300013 0.300013 0.300013 0.300011 0.300013 0.300013 0.300013 0.300013 0.300012 0.300013 0.300013 0.300013 0.000000 0.000000
0.000000 0.000000 0.298472 0.298473 0.298477 0.298475 0.298472 0.298472 0.298472 0.298472 0.298472 0.298472 0.298472 0.298472 0.298472 0.298475 0.298477 0.298473 0.298472 0.000000 0.000000
0.000000 0.000000 0.291974 0.291975 0.291979 0.291979 0.291973 0.291974 0.291974 0.291972 0.291971 0.291972 0.291974 0.291974 0.291973 0.291979 0.291979 0.291975 0.291974 0.000000 0.000000
0.000000 0.000000 0.283984 0.283985 0.283988 0.283987 0.283982 0.283984 0.283984 0.283982 0.283982 0.283982 0.283984 0.283984 0.283982 0.283987 0.283988 0.283985 0.283984 0.000000 0.000000
0.000000 0.000000 0.276517 0.276518 0.276521 0.276520 0.276516 0.276518 0.276518 0.276516 0.276515 0.276516 0.276518 0.276518 0.276516 0.276520 0.276521 0.276518 0.276517 0.000000 0.000000
0.000000 0.000000 0.269671 0.269672 0.269675 0.269674 0.269671 0.269672 0.269672 0.269670 0.269670 0.269670 0.269672 0.269672 0.269671 0.269674 0.269675 0.269672 0.269671 0.000000 0.000000
0.000000 0.000000 0.263283 0.263284 0.263286 0.263286 0.263282 0.263284 0.263283 0.263282 0.263282 0.263282 0.263283 0.263284 0.263282 0.263286 0.263286 0.263284 0.263283 0.000000 0.000000
0.000000 0.000000 0.257207 0.257208 0.257210 0.257209 0.257206 0.257207 0.257207 0.257206 0.257206 0.257206 0.257207 0.257207 0.257206 0.257209 0.257210 0.257208 0.257207 0.000000 0.000000
0.000000 0.000000 0.251372 0.251373 0.251375 0.251374 0.251371 0.251372 0.251372 0.251371 0.251371 0.251371 0.251372 0.251372 0.251371 0.251374 0.251375 0.251373 0.251372 0.000000 0.000000
0.000000 0.000000 0.245723 0.245724 0.245726 0.245726 0.245723 0.245724 0.245724 0.245723 0.245722 0.245723 0.245724 0.245724 0.245723 0.245726 0.245726 0.245724 0.245723 0.000000 0.000000
0.000000 0.000000 0.240220 0.240221 0.240223 0.240222 0.240220 0.240221 0.240220 0.240219 0.240219 0.240219 0.240220 0.240221 0.240220 0.240222 0.240223 0.240221 0.240220 0.000000 0.000000
0.000000 0.000000 0.234838 0.234838 0.234840 0.234840 0.234837 0.234838 0.234838 0.234837 0.234836 0.234837 0.234838 0.234838 0.234837 0.234840 0.234840 0.234838 0.234838 0.000000 0.000000
0.000000 0.000000 0.229557 0.229557 0.229560 0.229559 0.229556 0.229557 0.229557 0.229556 0.229556 0.229556 0.229557 0.229557 0.229556 0.229559 0.229560 0.229557 0.229557 0.000000 0.000000
0.000000 0.000000 0.224371 0.224372 0.224374 0.224373 0.224371 0.224372 0.224372 0.224370 0.224370 0.224370 0.224372 0.224372 0.224371 0.224373 0.224374 0.224372 0.224371 0.000000 0.000000
0.000000 0.000000 0.219277 0.219278 0.219280 0.219279 0.219277 0.219278 0.219278 0.219276 0.219276 0.219276 0.219278 0.219278 0.219277 0.219279 0.219280 0.219278 0.219277 0.000000 0.000000
0.000000 0.000000 0.214203 0.214203 0.214205 0.214204 0.214202 0.214203 0.214203 0.214201 0.214201 0.214201 0.214203 0.214203 0.214202 0.214204 0.214205 0.214203 0.214202 0.000000 0.000000
0.000000 0.000000 0.300000 0.300000 0.300000 0.300000 0.300000 0.300000 0.300000 0.300000 0.300000 0.300000 0.300000 0.300000 0.300000 0.300000 0.300000 0.300000 0.300000 0.000000 0.000000
0.000000 0.000000 0.000000 0.000000 0.000000 0.000000 0.000000 0.000000 0.000000 0.000000 0.000000 0.000000 0.000000 0.000000 0.000000 0.000000 0.000000 0.000000 0.000000 0.000000 0.000000