geotop/1.0zi/1.0Montebello/Templates/testdem/maps/_Eocsilt8965.asc
ncols         21
nrows         20
xllcorner     100.000000
yllcorner     100.000000
cellsize      50.000000
NODATA_value  -9999.0
0.000000 0.000000 0.000000 0.000000 0.000000 0.000000 0.000000 0.000000 0.000000 0.000000 0.000000 0.000000 0.000000 0.000000 0.000000 0.000000 0.000000 0.000000 0.000000 0.000000 0.000000
0.000000 0.000000 0.350191 0.350191 0.350192 0.350192 0.350191 0.350192 0.350192 0.350191 0.350192 0.350191 0.350191 0.350191 0.350191 0.350191 0.350192 0.350192 0.350191 0.000000 0.000000
0.000000 0.000000 0.350005 0.350005 0.350005 0.350005 0.350006 0.350006 0.350006 0.350006 0.350006 0.350006 0.350006 0.350006 0.350006 0.350005 0.350004 0.350004 0.350005 0.000000 0.000000
0.000000 0.000000 0.350121 0.350117 0.350111 0.350107 0.350107 0.350102 0.350105 0.350105 0.350102 0.350105 0.350105 0.350105 0.350107 0.350111 0.350116 0.350116 0.350119 0.000000 0.000000
0.000000 0.000000 0.351248 0.351253 0.351245 0.351228 0.351220 0.351216 0.351216 0.351213 0.351213 0.351215 0.351219 0.351218 0.351231 0.351238 0.351240 0.351244 0.351246 0.000000 0.000000
0.000000 0.000000 0.354417 0.354411 0.354399 0.354380 0.354353 0.354331 0.354331 0.354324 0.354329 0.354329 0.354333 0.354330 0.354345 0.354363 0.354373 0.354377 0.354384 0.000000 0.000000
0.000000 0.000000 0.358909 0.358899 0.358886 0.358855 0.358818 0.358773 0.358777 0.358774 0.358773 0.358773 0.358770 0.358775 0.358812 0.358840 0.358859 0.358870 0.358877 0.000000 0.000000
0.000000 0.000000 0.364221 0.364211 0.364202 0.364169 0.364133 0.364091 0.364093 0.364088 0.364086 0.364084 0.364082 0.364089 0.364125 0.364157 0.364186 0.364188 0.364201 0.000000 0.000000
0.000000 0.000000 0.370002 0.369986 0.369968 0.369944 0.369902 0.369852 0.369858 0.369847 0.369844 0.369842 0.369845 0.369843 0.369893 0.369931 0.369953 0.369959 0.369973 0.000000 0.000000
0.000000 0.000000 0.376229 0.376211 0.376200 0.376175 0.376117 0.376073 0.376076 0.376070 0.376062 0.376067 0.376073 0.376071 0.376111 0.376158 0.376183 0.376188 0.376195 0.000000 0.000000
0.000000 0.000000 0.383113 0.383100 0.383089 0.383031 0.382994 0.382938 0.382954 0.382921 0.382927 0.382923 0.382912 0.382931 0.382974 0.383002 0.383038 0.383048 0.383076 0.000000 0.000000
0.000000 0.000000 0.390938 0.390912 0.390881 0.390851 0.390800 0.390731 0.390732 0.390727 0.390741 0.390715 0.390727 0.390727 0.390801 0.390841 0.390858 0.390866 0.390927 0.000000 0.000000
0.000000 0.000000 0.399569 0.399540 0.399535 0.399475 0.399434 0.399235 0.399236 0.399225 0.399165 0.399201 0.399208 0.399227 0.399381 0.399418 0.399490 0.399488 0.399513 0.000000 0.000000
0.000000 0.000000 0.409993 0.409982 0.409931 0.409893 0.409620 0.409679 0.409628 0.409630 0.409658 0.409631 0.409625 0.409603 0.409551 0.409842 0.409865 0.409927 0.409974 0.000000 0.000000
0.000000 0.000000 0.422324 0.422287 0.422230 0.421874 0.421960 0.421771 0.421710 0.421691 0.421623 0.421588 0.421628 0.421625 0.421806 0.421735 0.422200 0.422095 0.422091 0.000000 0.000000
0.000000 0.000000 0.435211 0.435182 0.434696 0.434895 0.434833 0.434828 0.435035 0.434977 0.435085 0.435060 0.434973 0.435092 0.435063 0.435116 0.434648 0.435363 0.435352 0.000000 0.000000
0.000000 0.000000 0.449406 0.448796 0.448995 0.448728 0.448424 0.448333 0.448135 0.448183 0.447981 0.448005 0.448122 0.448000 0.448164 0.448388 0.448970 0.448517 0.449147 0.000000 0.000000
0.000000 0.000000 0.453639 0.454071 0.454480 0.454460 0.454468 0.454070 0.454138 0.454022 0.454209 0.454170 0.454144 0.454205 0.454536 0.454532 0.454543 0.454212 0.453783 0.000000 0.000000
0.000000 0.000000 0.350000 0.350000 0.350000 0.350000 0.350000 0.350000 0.350000 0.350000 0.350000 0.350000 0.350000 0.350000 0.350000 0.350000 0.350000 0.350000 0.350000 0.000000 0.000000
0.000000 0.000000 0.000000 0.000000 0.000000 0.000000 0.000000 0.000000 0.000000 0.000000 0.000000 0.000000 0.000000 0.000000 0.000000 0.000000 0.000000 0.000000 0.000000 0.000000 0.000000