geotop/1.0zi/1.0Montebello/Templates/testdem/maps/_Eocsilt0510.asc
ncols         21
nrows         20
xllcorner     100.000000
yllcorner     100.000000
cellsize      50.000000
NODATA_value  -9999.0
0.000000 0.000000 0.000000 0.000000 0.000000 0.000000 0.000000 0.000000 0.000000 0.000000 0.000000 0.000000 0.000000 0.000000 0.000000 0.000000 0.000000 0.000000 0.000000 0.000000 0.000000
0.000000 0.000000 0.350010 0.350010 0.350010 0.350010 0.350010 0.350010 0.350010 0.350010 0.350010 0.350010 0.350010 0.350010 0.350010 0.350010 0.350010 0.350010 0.350010 0.000000 0.000000
0.000000 0.000000 0.349998 0.349997 0.349997 0.349997 0.349998 0.349998 0.349998 0.349998 0.349998 0.349998 0.349998 0.349998 0.349998 0.349997 0.349997 0.349997 0.349998 0.000000 0.000000
0.000000 0.000000 0.350281 0.350281 0.350279 0.350281 0.350281 0.350281 0.350281 0.350281 0.350281 0.350281 0.350281 0.350281 0.350281 0.350281 0.350279 0.350281 0.350281 0.000000 0.000000
0.000000 0.000000 0.351156 0.351156 0.351154 0.351156 0.351156 0.351157 0.351157 0.351156 0.351156 0.351156 0.351157 0.351157 0.351156 0.351156 0.351154 0.351156 0.351156 0.000000 0.000000
0.000000 0.000000 0.352082 0.352082 0.352080 0.352082 0.352082 0.352082 0.352082 0.352082 0.352082 0.352082 0.352082 0.352082 0.352082 0.352082 0.352080 0.352082 0.352082 0.000000 0.000000
0.000000 0.000000 0.352916 0.352916 0.352915 0.352916 0.352916 0.352916 0.352917 0.352916 0.352916 0.352916 0.352917 0.352916 0.352916 0.352916 0.352915 0.352916 0.352916 0.000000 0.000000
0.000000 0.000000 0.353686 0.353686 0.353685 0.353686 0.353686 0.353687 0.353687 0.353687 0.353687 0.353687 0.353687 0.353687 0.353686 0.353686 0.353685 0.353686 0.353686 0.000000 0.000000
0.000000 0.000000 0.354412 0.354412 0.354411 0.354412 0.354412 0.354412 0.354412 0.354412 0.354412 0.354412 0.354412 0.354412 0.354412 0.354412 0.354411 0.354412 0.354412 0.000000 0.000000
0.000000 0.000000 0.355111 0.355111 0.355110 0.355111 0.355111 0.355111 0.355111 0.355111 0.355111 0.355111 0.355111 0.355111 0.355111 0.355111 0.355110 0.355111 0.355111 0.000000 0.000000
0.000000 0.000000 0.355790 0.355790 0.355789 0.355790 0.355790 0.355790 0.355790 0.355790 0.355790 0.355790 0.355790 0.355790 0.355790 0.355790 0.355789 0.355790 0.355790 0.000000 0.000000
0.000000 0.000000 0.356455 0.356455 0.356453 0.356455 0.356455 0.356455 0.356455 0.356455 0.356455 0.356455 0.356455 0.356455 0.356455 0.356455 0.356453 0.356455 0.356455 0.000000 0.000000
0.000000 0.000000 0.357107 0.357107 0.357106 0.357107 0.357107 0.357107 0.357107 0.357107 0.357107 0.357107 0.357107 0.357107 0.357107 0.357107 0.357106 0.357107 0.357107 0.000000 0.000000
0.000000 0.000000 0.357749 0.357749 0.357747 0.357748 0.357749 0.357749 0.357749 0.357749 0.357749 0.357749 0.357749 0.357749 0.357749 0.357748 0.357747 0.357749 0.357749 0.000000 0.000000
0.000000 0.000000 0.358383 0.358383 0.358382 0.358383 0.358383 0.358383 0.358383 0.358383 0.358383 0.358383 0.358383 0.358383 0.358383 0.358383 0.358382 0.358383 0.358383 0.000000 0.000000
0.000000 0.000000 0.359014 0.359014 0.359013 0.359014 0.359014 0.359015 0.359015 0.359015 0.359014 0.359015 0.359015 0.359015 0.359014 0.359014 0.359013 0.359014 0.359014 0.000000 0.000000
0.000000 0.000000 0.359638 0.359638 0.359637 0.359638 0.359638 0.359638 0.359638 0.359638 0.359638 0.359638 0.359638 0.359638 0.359638 0.359638 0.359637 0.359638 0.359638 0.000000 0.000000
0.000000 0.000000 0.360274 0.360275 0.360273 0.360274 0.360275 0.360275 0.360275 0.360275 0.360275 0.360275 0.360275 0.360275 0.360275 0.360274 0.360273 0.360275 0.360275 0.000000 0.000000
0.000000 0.000000 0.350000 0.350000 0.350000 0.350000 0.350000 0.350000 0.350000 0.350000 0.350000 0.350000 0.350000 0.350000 0.350000 0.350000 0.350000 0.350000 0.350000 0.000000 0.000000
0.000000 0.000000 0.000000 0.000000 0.000000 0.000000 0.000000 0.000000 0.000000 0.000000 0.000000 0.000000 0.000000 0.000000 0.000000 0.000000 0.000000 0.000000 0.000000 0.000000 0.000000