geotop/1.0zi/1.0Montebello/Templates/testdem/maps/_Eocsilt9114.asc
ncols         21
nrows         20
xllcorner     100.000000
yllcorner     100.000000
cellsize      50.000000
NODATA_value  -9999.0
0.000000 0.000000 0.000000 0.000000 0.000000 0.000000 0.000000 0.000000 0.000000 0.000000 0.000000 0.000000 0.000000 0.000000 0.000000 0.000000 0.000000 0.000000 0.000000 0.000000 0.000000
0.000000 0.000000 0.350194 0.350194 0.350194 0.350194 0.350194 0.350194 0.350194 0.350194 0.350194 0.350194 0.350194 0.350194 0.350194 0.350194 0.350195 0.350195 0.350194 0.000000 0.000000
0.000000 0.000000 0.350005 0.350005 0.350006 0.350005 0.350006 0.350006 0.350006 0.350006 0.350006 0.350006 0.350007 0.350007 0.350006 0.350005 0.350004 0.350004 0.350005 0.000000 0.000000
0.000000 0.000000 0.350123 0.350119 0.350114 0.350109 0.350109 0.350104 0.350107 0.350108 0.350104 0.350107 0.350107 0.350107 0.350110 0.350114 0.350119 0.350119 0.350122 0.000000 0.000000
0.000000 0.000000 0.351266 0.351270 0.351260 0.351244 0.351234 0.351230 0.351231 0.351228 0.351228 0.351230 0.351234 0.351232 0.351246 0.351252 0.351255 0.351259 0.351261 0.000000 0.000000
0.000000 0.000000 0.354512 0.354506 0.354492 0.354473 0.354443 0.354423 0.354420 0.354414 0.354418 0.354419 0.354422 0.354419 0.354434 0.354452 0.354462 0.354466 0.354473 0.000000 0.000000
0.000000 0.000000 0.359127 0.359117 0.359101 0.359070 0.359032 0.358985 0.358989 0.358986 0.358984 0.358983 0.358980 0.358986 0.359023 0.359051 0.359069 0.359081 0.359089 0.000000 0.000000
0.000000 0.000000 0.364579 0.364568 0.364556 0.364521 0.364484 0.364441 0.364443 0.364438 0.364436 0.364433 0.364430 0.364438 0.364474 0.364507 0.364536 0.364538 0.364552 0.000000 0.000000
0.000000 0.000000 0.370517 0.370500 0.370480 0.370455 0.370412 0.370360 0.370365 0.370355 0.370350 0.370348 0.370350 0.370348 0.370400 0.370438 0.370460 0.370467 0.370480 0.000000 0.000000
0.000000 0.000000 0.376935 0.376916 0.376900 0.376874 0.376816 0.376770 0.376771 0.376765 0.376756 0.376761 0.376767 0.376765 0.376805 0.376854 0.376879 0.376885 0.376892 0.000000 0.000000
0.000000 0.000000 0.384059 0.384044 0.384031 0.383968 0.383931 0.383872 0.383888 0.383854 0.383860 0.383855 0.383843 0.383863 0.383907 0.383936 0.383971 0.383982 0.384012 0.000000 0.000000
0.000000 0.000000 0.392188 0.392158 0.392121 0.392091 0.392038 0.391965 0.391966 0.391960 0.391974 0.391945 0.391958 0.391957 0.392033 0.392075 0.392094 0.392101 0.392164 0.000000 0.000000
0.000000 0.000000 0.401183 0.401155 0.401145 0.401079 0.401034 0.400826 0.400826 0.400815 0.400749 0.400787 0.400794 0.400814 0.400974 0.401013 0.401087 0.401087 0.401111 0.000000 0.000000
0.000000 0.000000 0.412099 0.412086 0.412026 0.411985 0.411694 0.411766 0.411708 0.411711 0.411740 0.411709 0.411703 0.411678 0.411615 0.411925 0.411947 0.412014 0.412062 0.000000 0.000000
0.000000 0.000000 0.424967 0.424927 0.424860 0.424482 0.424582 0.424376 0.424309 0.424290 0.424213 0.424176 0.424219 0.424217 0.424413 0.424324 0.424820 0.424708 0.424701 0.000000 0.000000
0.000000 0.000000 0.438161 0.438129 0.437619 0.437840 0.437768 0.437770 0.437986 0.437927 0.438039 0.438014 0.437921 0.438044 0.438006 0.438063 0.437558 0.438306 0.438294 0.000000 0.000000
0.000000 0.000000 0.452141 0.451553 0.451747 0.451487 0.451192 0.451102 0.450908 0.450955 0.450756 0.450780 0.450893 0.450773 0.450935 0.451150 0.451716 0.451269 0.451874 0.000000 0.000000
0.000000 0.000000 0.456441 0.456794 0.457167 0.457135 0.457123 0.456757 0.456808 0.456706 0.456864 0.456829 0.456811 0.456860 0.457168 0.457178 0.457217 0.456895 0.456542 0.000000 0.000000
0.000000 0.000000 0.350000 0.350000 0.350000 0.350000 0.350000 0.350000 0.350000 0.350000 0.350000 0.350000 0.350000 0.350000 0.350000 0.350000 0.350000 0.350000 0.350000 0.000000 0.000000
0.000000 0.000000 0.000000 0.000000 0.000000 0.000000 0.000000 0.000000 0.000000 0.000000 0.000000 0.000000 0.000000 0.000000 0.000000 0.000000 0.000000 0.000000 0.000000 0.000000 0.000000