geotop/1.0zi/1.0Montebello/Templates/testdem/maps/_Eocsand1406.asc
ncols         21
nrows         20
xllcorner     100.000000
yllcorner     100.000000
cellsize      50.000000
NODATA_value  -9999.0
0.000000 0.000000 0.000000 0.000000 0.000000 0.000000 0.000000 0.000000 0.000000 0.000000 0.000000 0.000000 0.000000 0.000000 0.000000 0.000000 0.000000 0.000000 0.000000 0.000000 0.000000
0.000000 0.000000 0.300043 0.300043 0.300043 0.300043 0.300043 0.300043 0.300043 0.300043 0.300043 0.300043 0.300043 0.300043 0.300043 0.300043 0.300043 0.300043 0.300043 0.000000 0.000000
0.000000 0.000000 0.300006 0.300007 0.300007 0.300006 0.300006 0.300006 0.300006 0.300006 0.300006 0.300006 0.300006 0.300006 0.300006 0.300006 0.300007 0.300007 0.300006 0.000000 0.000000
0.000000 0.000000 0.298860 0.298860 0.298865 0.298863 0.298859 0.298860 0.298860 0.298859 0.298859 0.298859 0.298860 0.298860 0.298859 0.298863 0.298865 0.298860 0.298860 0.000000 0.000000
0.000000 0.000000 0.294792 0.294793 0.294798 0.294798 0.294791 0.294793 0.294793 0.294791 0.294791 0.294791 0.294793 0.294793 0.294791 0.294798 0.294798 0.294793 0.294792 0.000000 0.000000
0.000000 0.000000 0.290007 0.290008 0.290012 0.290012 0.290007 0.290008 0.290008 0.290007 0.290007 0.290007 0.290008 0.290008 0.290007 0.290012 0.290012 0.290008 0.290007 0.000000 0.000000
0.000000 0.000000 0.285527 0.285528 0.285531 0.285530 0.285526 0.285527 0.285527 0.285526 0.285526 0.285526 0.285527 0.285527 0.285526 0.285530 0.285531 0.285528 0.285527 0.000000 0.000000
0.000000 0.000000 0.281403 0.281403 0.281407 0.281406 0.281402 0.281403 0.281403 0.281402 0.281402 0.281402 0.281403 0.281403 0.281402 0.281406 0.281407 0.281403 0.281403 0.000000 0.000000
0.000000 0.000000 0.277537 0.277538 0.277541 0.277540 0.277537 0.277538 0.277538 0.277537 0.277537 0.277537 0.277538 0.277538 0.277537 0.277540 0.277541 0.277538 0.277537 0.000000 0.000000
0.000000 0.000000 0.273833 0.273834 0.273837 0.273836 0.273833 0.273834 0.273834 0.273833 0.273833 0.273833 0.273834 0.273834 0.273833 0.273836 0.273837 0.273834 0.273833 0.000000 0.000000
0.000000 0.000000 0.270251 0.270252 0.270255 0.270254 0.270251 0.270251 0.270251 0.270251 0.270251 0.270251 0.270251 0.270251 0.270251 0.270254 0.270255 0.270252 0.270251 0.000000 0.000000
0.000000 0.000000 0.266753 0.266753 0.266756 0.266755 0.266752 0.266753 0.266753 0.266752 0.266752 0.266752 0.266753 0.266753 0.266752 0.266755 0.266756 0.266753 0.266753 0.000000 0.000000
0.000000 0.000000 0.263314 0.263315 0.263318 0.263317 0.263314 0.263315 0.263315 0.263314 0.263314 0.263314 0.263315 0.263315 0.263314 0.263317 0.263318 0.263315 0.263314 0.000000 0.000000
0.000000 0.000000 0.259937 0.259937 0.259940 0.259939 0.259936 0.259937 0.259937 0.259936 0.259937 0.259936 0.259937 0.259937 0.259936 0.259939 0.259940 0.259937 0.259937 0.000000 0.000000
0.000000 0.000000 0.256606 0.256607 0.256610 0.256609 0.256606 0.256607 0.256607 0.256606 0.256606 0.256606 0.256607 0.256607 0.256606 0.256609 0.256610 0.256607 0.256606 0.000000 0.000000
0.000000 0.000000 0.253309 0.253310 0.253313 0.253312 0.253309 0.253310 0.253310 0.253309 0.253309 0.253309 0.253310 0.253310 0.253309 0.253312 0.253313 0.253310 0.253309 0.000000 0.000000
0.000000 0.000000 0.250050 0.250050 0.250053 0.250052 0.250049 0.250050 0.250050 0.250049 0.250049 0.250049 0.250050 0.250050 0.250049 0.250052 0.250053 0.250050 0.250050 0.000000 0.000000
0.000000 0.000000 0.246750 0.246750 0.246753 0.246752 0.246749 0.246750 0.246750 0.246749 0.246749 0.246749 0.246750 0.246750 0.246749 0.246752 0.246753 0.246750 0.246750 0.000000 0.000000
0.000000 0.000000 0.300000 0.300000 0.300000 0.300000 0.300000 0.300000 0.300000 0.300000 0.300000 0.300000 0.300000 0.300000 0.300000 0.300000 0.300000 0.300000 0.300000 0.000000 0.000000
0.000000 0.000000 0.000000 0.000000 0.000000 0.000000 0.000000 0.000000 0.000000 0.000000 0.000000 0.000000 0.000000 0.000000 0.000000 0.000000 0.000000 0.000000 0.000000 0.000000 0.000000