geotop/1.0zi/1.0Montebello/Templates/testdem/maps/_Eocsilt0874.asc
ncols         21
nrows         20
xllcorner     100.000000
yllcorner     100.000000
cellsize      50.000000
NODATA_value  -9999.0
0.000000 0.000000 0.000000 0.000000 0.000000 0.000000 0.000000 0.000000 0.000000 0.000000 0.000000 0.000000 0.000000 0.000000 0.000000 0.000000 0.000000 0.000000 0.000000 0.000000 0.000000
0.000000 0.000000 0.350017 0.350017 0.350017 0.350017 0.350017 0.350017 0.350017 0.350017 0.350017 0.350017 0.350017 0.350017 0.350017 0.350017 0.350017 0.350017 0.350017 0.000000 0.000000
0.000000 0.000000 0.350000 0.349999 0.350000 0.350000 0.350000 0.350000 0.350000 0.350000 0.350000 0.350000 0.350000 0.350000 0.350000 0.350000 0.350000 0.349999 0.350000 0.000000 0.000000
0.000000 0.000000 0.350332 0.350331 0.350329 0.350330 0.350332 0.350332 0.350332 0.350332 0.350332 0.350332 0.350332 0.350332 0.350332 0.350330 0.350329 0.350331 0.350332 0.000000 0.000000
0.000000 0.000000 0.351520 0.351519 0.351517 0.351517 0.351520 0.351520 0.351520 0.351520 0.351520 0.351520 0.351520 0.351520 0.351520 0.351517 0.351517 0.351519 0.351520 0.000000 0.000000
0.000000 0.000000 0.353002 0.353002 0.353000 0.353000 0.353002 0.353002 0.353002 0.353002 0.353002 0.353002 0.353002 0.353002 0.353002 0.353000 0.353000 0.353002 0.353002 0.000000 0.000000
0.000000 0.000000 0.354372 0.354371 0.354370 0.354370 0.354372 0.354372 0.354372 0.354372 0.354372 0.354372 0.354372 0.354372 0.354372 0.354370 0.354370 0.354371 0.354372 0.000000 0.000000
0.000000 0.000000 0.355637 0.355637 0.355635 0.355636 0.355637 0.355637 0.355637 0.355637 0.355637 0.355637 0.355637 0.355637 0.355637 0.355636 0.355635 0.355637 0.355637 0.000000 0.000000
0.000000 0.000000 0.356828 0.356827 0.356826 0.356826 0.356828 0.356828 0.356828 0.356828 0.356828 0.356828 0.356828 0.356828 0.356828 0.356826 0.356826 0.356827 0.356828 0.000000 0.000000
0.000000 0.000000 0.357969 0.357969 0.357968 0.357968 0.357969 0.357969 0.357969 0.357969 0.357969 0.357969 0.357969 0.357969 0.357969 0.357968 0.357968 0.357969 0.357969 0.000000 0.000000
0.000000 0.000000 0.359077 0.359077 0.359075 0.359076 0.359077 0.359077 0.359077 0.359077 0.359077 0.359077 0.359077 0.359077 0.359077 0.359076 0.359075 0.359077 0.359077 0.000000 0.000000
0.000000 0.000000 0.360160 0.360160 0.360158 0.360159 0.360160 0.360160 0.360160 0.360160 0.360160 0.360160 0.360160 0.360160 0.360160 0.360159 0.360158 0.360160 0.360160 0.000000 0.000000
0.000000 0.000000 0.361223 0.361222 0.361221 0.361221 0.361223 0.361223 0.361222 0.361223 0.361223 0.361223 0.361222 0.361223 0.361223 0.361221 0.361221 0.361222 0.361223 0.000000 0.000000
0.000000 0.000000 0.362268 0.362268 0.362267 0.362267 0.362268 0.362268 0.362268 0.362268 0.362268 0.362268 0.362268 0.362268 0.362268 0.362267 0.362267 0.362268 0.362268 0.000000 0.000000
0.000000 0.000000 0.363302 0.363302 0.363301 0.363301 0.363302 0.363302 0.363302 0.363302 0.363302 0.363302 0.363302 0.363302 0.363302 0.363301 0.363301 0.363302 0.363302 0.000000 0.000000
0.000000 0.000000 0.364330 0.364329 0.364328 0.364328 0.364330 0.364329 0.364329 0.364330 0.364329 0.364330 0.364329 0.364329 0.364330 0.364328 0.364328 0.364329 0.364330 0.000000 0.000000
0.000000 0.000000 0.365347 0.365346 0.365345 0.365345 0.365347 0.365346 0.365346 0.365347 0.365346 0.365347 0.365346 0.365346 0.365347 0.365345 0.365345 0.365346 0.365347 0.000000 0.000000
0.000000 0.000000 0.366379 0.366379 0.366378 0.366378 0.366380 0.366380 0.366380 0.366380 0.366380 0.366380 0.366380 0.366380 0.366380 0.366378 0.366378 0.366379 0.366380 0.000000 0.000000
0.000000 0.000000 0.350000 0.350000 0.350000 0.350000 0.350000 0.350000 0.350000 0.350000 0.350000 0.350000 0.350000 0.350000 0.350000 0.350000 0.350000 0.350000 0.350000 0.000000 0.000000
0.000000 0.000000 0.000000 0.000000 0.000000 0.000000 0.000000 0.000000 0.000000 0.000000 0.000000 0.000000 0.000000 0.000000 0.000000 0.000000 0.000000 0.000000 0.000000 0.000000 0.000000