geotop/1.0zi/1.0Montebello/Templates/testdem/maps/_Eocsand8570.asc
ncols         21
nrows         20
xllcorner     100.000000
yllcorner     100.000000
cellsize      50.000000
NODATA_value  -9999.0
0.000000 0.000000 0.000000 0.000000 0.000000 0.000000 0.000000 0.000000 0.000000 0.000000 0.000000 0.000000 0.000000 0.000000 0.000000 0.000000 0.000000 0.000000 0.000000 0.000000 0.000000
0.000000 0.000000 0.300214 0.300212 0.300212 0.300212 0.300211 0.300211 0.300211 0.300211 0.300212 0.300211 0.300212 0.300212 0.300211 0.300212 0.300213 0.300213 0.300213 0.000000 0.000000
0.000000 0.000000 0.300012 0.300013 0.300013 0.300011 0.300012 0.300013 0.300013 0.300012 0.300013 0.300013 0.300012 0.300012 0.300012 0.300012 0.300013 0.300014 0.300014 0.000000 0.000000
0.000000 0.000000 0.299893 0.299892 0.299897 0.299905 0.299900 0.299908 0.299903 0.299906 0.299906 0.299906 0.299906 0.299907 0.299903 0.299898 0.299896 0.299892 0.299893 0.000000 0.000000
0.000000 0.000000 0.297872 0.297874 0.297888 0.297905 0.297932 0.297940 0.297944 0.297946 0.297947 0.297943 0.297942 0.297940 0.297918 0.297911 0.297898 0.297886 0.297875 0.000000 0.000000
0.000000 0.000000 0.291898 0.291903 0.291930 0.291979 0.292018 0.292064 0.292064 0.292078 0.292068 0.292067 0.292058 0.292062 0.292036 0.292003 0.291974 0.291954 0.291941 0.000000 0.000000
0.000000 0.000000 0.283508 0.283522 0.283542 0.283597 0.283667 0.283746 0.283745 0.283754 0.283753 0.283751 0.283753 0.283748 0.283680 0.283621 0.283587 0.283558 0.283543 0.000000 0.000000
0.000000 0.000000 0.273573 0.273583 0.273599 0.273662 0.273727 0.273813 0.273813 0.273825 0.273826 0.273830 0.273834 0.273818 0.273745 0.273690 0.273634 0.273619 0.273593 0.000000 0.000000
0.000000 0.000000 0.262879 0.262902 0.262933 0.262974 0.263048 0.263141 0.263135 0.263155 0.263160 0.263162 0.263159 0.263162 0.263071 0.263000 0.262956 0.262935 0.262912 0.000000 0.000000
0.000000 0.000000 0.251468 0.251494 0.251511 0.251552 0.251658 0.251741 0.251741 0.251751 0.251765 0.251754 0.251743 0.251748 0.251671 0.251586 0.251535 0.251516 0.251501 0.000000 0.000000
0.000000 0.000000 0.238949 0.238964 0.238983 0.239081 0.239150 0.239256 0.239228 0.239289 0.239276 0.239281 0.239300 0.239265 0.239189 0.239139 0.239070 0.239035 0.238988 0.000000 0.000000
0.000000 0.000000 0.224904 0.224949 0.224992 0.225045 0.225136 0.225260 0.225272 0.225282 0.225254 0.225299 0.225279 0.225278 0.225143 0.225073 0.225030 0.225002 0.224890 0.000000 0.000000
0.000000 0.000000 0.209553 0.209598 0.209604 0.209702 0.209772 0.210120 0.210127 0.210143 0.210242 0.210182 0.210167 0.210136 0.209868 0.209803 0.209669 0.209659 0.209605 0.000000 0.000000
0.000000 0.000000 0.191293 0.191307 0.191382 0.191445 0.191898 0.191841 0.191931 0.191930 0.191893 0.191928 0.191935 0.191970 0.192025 0.191549 0.191490 0.191365 0.191281 0.000000 0.000000
0.000000 0.000000 0.169594 0.169643 0.169736 0.170322 0.170238 0.170538 0.170662 0.170692 0.170797 0.170859 0.170792 0.170804 0.170511 0.170570 0.169795 0.169929 0.169923 0.000000 0.000000
0.000000 0.000000 0.145979 0.146021 0.146863 0.146583 0.146666 0.146719 0.146387 0.146488 0.146309 0.146359 0.146502 0.146296 0.146302 0.146245 0.146940 0.145699 0.145717 0.000000 0.000000
0.000000 0.000000 0.117377 0.118650 0.118306 0.118821 0.119458 0.119651 0.120031 0.119943 0.120338 0.120293 0.120062 0.120299 0.119963 0.119494 0.118353 0.119162 0.117839 0.000000 0.000000
0.000000 0.000000 0.108442 0.107268 0.106276 0.106264 0.106188 0.107159 0.106975 0.107265 0.106777 0.106872 0.106953 0.106788 0.105985 0.106043 0.106094 0.106837 0.107996 0.000000 0.000000
0.000000 0.000000 0.300000 0.300000 0.300000 0.300000 0.300000 0.300000 0.300000 0.300000 0.300000 0.300000 0.300000 0.300000 0.300000 0.300000 0.300000 0.300000 0.300000 0.000000 0.000000
0.000000 0.000000 0.000000 0.000000 0.000000 0.000000 0.000000 0.000000 0.000000 0.000000 0.000000 0.000000 0.000000 0.000000 0.000000 0.000000 0.000000 0.000000 0.000000 0.000000 0.000000