geotop/1.0zi/1.0Montebello/Templates/testdem/maps/_Eocclay7698.asc
ncols         21
nrows         20
xllcorner     100.000000
yllcorner     100.000000
cellsize      50.000000
NODATA_value  -9999.0
0.000000 0.000000 0.000000 0.000000 0.000000 0.000000 0.000000 0.000000 0.000000 0.000000 0.000000 0.000000 0.000000 0.000000 0.000000 0.000000 0.000000 0.000000 0.000000 0.000000 0.000000
0.000000 0.000000 0.349646 0.349648 0.349647 0.349646 0.349648 0.349648 0.349648 0.349648 0.349647 0.349648 0.349648 0.349648 0.349648 0.349648 0.349646 0.349646 0.349647 0.000000 0.000000
0.000000 0.000000 0.349985 0.349984 0.349985 0.349986 0.349984 0.349984 0.349984 0.349984 0.349983 0.349983 0.349984 0.349983 0.349984 0.349985 0.349985 0.349985 0.349983 0.000000 0.000000
0.000000 0.000000 0.350003 0.350008 0.350004 0.350003 0.350007 0.350004 0.350006 0.350003 0.350006 0.350004 0.350004 0.350003 0.350005 0.350006 0.350005 0.350009 0.350007 0.000000 0.000000
0.000000 0.000000 0.350954 0.350952 0.350948 0.350943 0.350927 0.350925 0.350923 0.350926 0.350922 0.350923 0.350919 0.350923 0.350932 0.350934 0.350942 0.350944 0.350950 0.000000 0.000000
0.000000 0.000000 0.353568 0.353565 0.353554 0.353526 0.353513 0.353490 0.353490 0.353483 0.353487 0.353486 0.353489 0.353491 0.353501 0.353520 0.353534 0.353549 0.353555 0.000000 0.000000
0.000000 0.000000 0.357185 0.357181 0.357173 0.357150 0.357120 0.357084 0.357082 0.357077 0.357078 0.357079 0.357079 0.357080 0.357112 0.357140 0.357156 0.357169 0.357176 0.000000 0.000000
0.000000 0.000000 0.361498 0.361496 0.361488 0.361459 0.361431 0.361391 0.361390 0.361386 0.361385 0.361383 0.361381 0.361389 0.361423 0.361447 0.361472 0.361481 0.361493 0.000000 0.000000
0.000000 0.000000 0.366042 0.366035 0.366022 0.366004 0.365974 0.365933 0.365936 0.365926 0.365924 0.365922 0.365922 0.365922 0.365962 0.365994 0.366013 0.366023 0.366032 0.000000 0.000000
0.000000 0.000000 0.370820 0.370811 0.370804 0.370787 0.370742 0.370705 0.370706 0.370701 0.370695 0.370698 0.370703 0.370701 0.370735 0.370773 0.370796 0.370804 0.370811 0.000000 0.000000
0.000000 0.000000 0.375980 0.375974 0.375966 0.375929 0.375898 0.375855 0.375864 0.375840 0.375843 0.375842 0.375834 0.375850 0.375881 0.375904 0.375933 0.375949 0.375968 0.000000 0.000000
0.000000 0.000000 0.381646 0.381631 0.381614 0.381589 0.381555 0.381502 0.381499 0.381491 0.381504 0.381485 0.381490 0.381494 0.381549 0.381576 0.381596 0.381608 0.381656 0.000000 0.000000
0.000000 0.000000 0.387719 0.387704 0.387697 0.387663 0.387633 0.387499 0.387498 0.387489 0.387455 0.387472 0.387480 0.387493 0.387596 0.387623 0.387674 0.387681 0.387707 0.000000 0.000000
0.000000 0.000000 0.394738 0.394733 0.394706 0.394681 0.394521 0.394522 0.394488 0.394487 0.394494 0.394486 0.394482 0.394477 0.394470 0.394637 0.394669 0.394713 0.394747 0.000000 0.000000
0.000000 0.000000 0.402925 0.402910 0.402876 0.402678 0.402679 0.402582 0.402532 0.402521 0.402489 0.402464 0.402486 0.402480 0.402575 0.402588 0.402850 0.402816 0.402825 0.000000 0.000000
0.000000 0.000000 0.411926 0.411912 0.411630 0.411681 0.411663 0.411626 0.411723 0.411688 0.411738 0.411713 0.411671 0.411741 0.411758 0.411772 0.411604 0.412001 0.411995 0.000000 0.000000
0.000000 0.000000 0.423149 0.422698 0.422744 0.422588 0.422363 0.422296 0.422193 0.422215 0.422090 0.422098 0.422166 0.422104 0.422215 0.422382 0.422727 0.422553 0.423017 0.000000 0.000000
0.000000 0.000000 0.428289 0.428661 0.429077 0.429058 0.429047 0.428657 0.428702 0.428594 0.428754 0.428719 0.428703 0.428755 0.429090 0.429097 0.429152 0.428802 0.428441 0.000000 0.000000
0.000000 0.000000 0.350000 0.350000 0.350000 0.350000 0.350000 0.350000 0.350000 0.350000 0.350000 0.350000 0.350000 0.350000 0.350000 0.350000 0.350000 0.350000 0.350000 0.000000 0.000000
0.000000 0.000000 0.000000 0.000000 0.000000 0.000000 0.000000 0.000000 0.000000 0.000000 0.000000 0.000000 0.000000 0.000000 0.000000 0.000000 0.000000 0.000000 0.000000 0.000000 0.000000