geotop/1.0zi/1.0Montebello/Templates/testdem/maps/_Eocsilt168).asc
ncols         21
nrows         20
xllcorner     100.000000
yllcorner     100.000000
cellsize      50.000000
NODATA_value  -9999.0
0.000000 0.000000 0.000000 0.000000 0.000000 0.000000 0.000000 0.000000 0.000000 0.000000 0.000000 0.000000 0.000000 0.000000 0.000000 0.000000 0.000000 0.000000 0.000000 0.000000 0.000000
0.000000 0.000000 0.350259 0.350260 0.350260 0.350260 0.350259 0.350259 0.350259 0.350259 0.350259 0.350259 0.350259 0.350259 0.350259 0.350259 0.350260 0.350260 0.350259 0.000000 0.000000
0.000000 0.000000 0.350013 0.350013 0.350013 0.350013 0.350014 0.350014 0.350014 0.350014 0.350014 0.350014 0.350015 0.350014 0.350014 0.350013 0.350011 0.350011 0.350013 0.000000 0.000000
0.000000 0.000000 0.350249 0.350247 0.350238 0.350234 0.350234 0.350224 0.350227 0.350228 0.350225 0.350229 0.350229 0.350232 0.350230 0.350234 0.350239 0.350244 0.350245 0.000000 0.000000
0.000000 0.000000 0.352200 0.352203 0.352192 0.352171 0.352158 0.352150 0.352149 0.352145 0.352141 0.352148 0.352153 0.352149 0.352163 0.352174 0.352181 0.352188 0.352195 0.000000 0.000000
0.000000 0.000000 0.357182 0.357174 0.357154 0.357120 0.357083 0.357053 0.357048 0.357041 0.357038 0.357040 0.357046 0.357041 0.357060 0.357090 0.357103 0.357116 0.357122 0.000000 0.000000
0.000000 0.000000 0.364151 0.364137 0.364111 0.364063 0.364014 0.363944 0.363939 0.363934 0.363927 0.363928 0.363925 0.363929 0.363981 0.364022 0.364048 0.364070 0.364077 0.000000 0.000000
0.000000 0.000000 0.372584 0.372566 0.372541 0.372478 0.372424 0.372359 0.372350 0.372342 0.372333 0.372332 0.372329 0.372337 0.372384 0.372432 0.372475 0.372485 0.372501 0.000000 0.000000
0.000000 0.000000 0.382302 0.382275 0.382233 0.382182 0.382118 0.382030 0.382025 0.382006 0.381999 0.381993 0.381997 0.381990 0.382064 0.382125 0.382159 0.382182 0.382196 0.000000 0.000000
0.000000 0.000000 0.393695 0.393653 0.393607 0.393558 0.393480 0.393388 0.393371 0.393361 0.393343 0.393348 0.393363 0.393357 0.393414 0.393496 0.393540 0.393563 0.393568 0.000000 0.000000
0.000000 0.000000 0.407508 0.407467 0.407434 0.407288 0.407259 0.407123 0.407149 0.407075 0.407091 0.407075 0.407042 0.407080 0.407155 0.407200 0.407266 0.407296 0.407354 0.000000 0.000000
0.000000 0.000000 0.424454 0.424367 0.424262 0.424217 0.424144 0.423967 0.423936 0.423947 0.423965 0.423906 0.423934 0.423911 0.424061 0.424155 0.424179 0.424211 0.424321 0.000000 0.000000
0.000000 0.000000 0.442432 0.442365 0.442362 0.442228 0.442140 0.441694 0.441655 0.441619 0.441440 0.441572 0.441567 0.441606 0.441927 0.441990 0.442165 0.442193 0.442154 0.000000 0.000000
0.000000 0.000000 0.458870 0.458860 0.458752 0.458708 0.458318 0.458547 0.458454 0.458453 0.458543 0.458457 0.458446 0.458390 0.458202 0.458636 0.458624 0.458727 0.458776 0.000000 0.000000
0.000000 0.000000 0.468161 0.468147 0.468097 0.467972 0.467919 0.467907 0.467870 0.467868 0.467854 0.467832 0.467844 0.467833 0.467838 0.467900 0.468045 0.468037 0.468046 0.000000 0.000000
0.000000 0.000000 0.473554 0.473540 0.473545 0.473369 0.473424 0.473334 0.473292 0.473287 0.473243 0.473232 0.473256 0.473246 0.473329 0.473279 0.473524 0.473417 0.473415 0.000000 0.000000
0.000000 0.000000 0.476507 0.476590 0.476459 0.476458 0.476524 0.476489 0.476547 0.476525 0.476557 0.476544 0.476518 0.476558 0.476569 0.476517 0.476441 0.476616 0.476512 0.000000 0.000000
0.000000 0.000000 0.479788 0.479634 0.479502 0.479455 0.479437 0.479479 0.479467 0.479486 0.479431 0.479435 0.479446 0.479437 0.479404 0.479414 0.479474 0.479573 0.479716 0.000000 0.000000
0.000000 0.000000 0.350000 0.350000 0.350000 0.350000 0.350000 0.350000 0.350000 0.350000 0.350000 0.350000 0.350000 0.350000 0.350000 0.350000 0.350000 0.350000 0.350000 0.000000 0.000000
0.000000 0.000000 0.000000 0.000000 0.000000 0.000000 0.000000 0.000000 0.000000 0.000000 0.000000 0.000000 0.000000 0.000000 0.000000 0.000000 0.000000 0.000000 0.000000 0.000000 0.000000