geotop/1.0zi/1.0Montebello/Templates/testdem/maps/_Eocsilt5739.asc
ncols         21
nrows         20
xllcorner     100.000000
yllcorner     100.000000
cellsize      50.000000
NODATA_value  -9999.0
0.000000 0.000000 0.000000 0.000000 0.000000 0.000000 0.000000 0.000000 0.000000 0.000000 0.000000 0.000000 0.000000 0.000000 0.000000 0.000000 0.000000 0.000000 0.000000 0.000000 0.000000
0.000000 0.000000 0.350113 0.350113 0.350113 0.350113 0.350113 0.350113 0.350113 0.350113 0.350113 0.350113 0.350113 0.350113 0.350113 0.350113 0.350113 0.350113 0.350113 0.000000 0.000000
0.000000 0.000000 0.350002 0.350002 0.350002 0.350003 0.350003 0.350003 0.350003 0.350003 0.350003 0.350003 0.350003 0.350003 0.350003 0.350002 0.350001 0.350001 0.350002 0.000000 0.000000
0.000000 0.000000 0.350045 0.350045 0.350043 0.350039 0.350040 0.350038 0.350040 0.350040 0.350039 0.350039 0.350039 0.350039 0.350040 0.350044 0.350045 0.350047 0.350046 0.000000 0.000000
0.000000 0.000000 0.350524 0.350527 0.350525 0.350522 0.350519 0.350514 0.350513 0.350511 0.350509 0.350510 0.350512 0.350513 0.350518 0.350520 0.350520 0.350529 0.350533 0.000000 0.000000
0.000000 0.000000 0.352007 0.352010 0.352006 0.351993 0.351982 0.351965 0.351963 0.351959 0.351964 0.351966 0.351967 0.351963 0.351969 0.351975 0.351984 0.351988 0.351992 0.000000 0.000000
0.000000 0.000000 0.354258 0.354255 0.354251 0.354234 0.354213 0.354190 0.354191 0.354189 0.354192 0.354192 0.354188 0.354192 0.354207 0.354225 0.354232 0.354241 0.354247 0.000000 0.000000
0.000000 0.000000 0.356972 0.356973 0.356973 0.356956 0.356935 0.356910 0.356911 0.356908 0.356909 0.356908 0.356907 0.356909 0.356927 0.356946 0.356961 0.356964 0.356973 0.000000 0.000000
0.000000 0.000000 0.359821 0.359817 0.359810 0.359799 0.359779 0.359750 0.359752 0.359746 0.359744 0.359746 0.359746 0.359743 0.359769 0.359789 0.359803 0.359808 0.359816 0.000000 0.000000
0.000000 0.000000 0.362677 0.362672 0.362670 0.362663 0.362635 0.362609 0.362612 0.362609 0.362605 0.362609 0.362612 0.362608 0.362628 0.362650 0.362664 0.362666 0.362671 0.000000 0.000000
0.000000 0.000000 0.365604 0.365601 0.365601 0.365580 0.365561 0.365534 0.365540 0.365527 0.365528 0.365529 0.365525 0.365531 0.365547 0.365562 0.365577 0.365585 0.365597 0.000000 0.000000
0.000000 0.000000 0.368676 0.368669 0.368662 0.368648 0.368631 0.368598 0.368600 0.368592 0.368601 0.368593 0.368594 0.368596 0.368625 0.368638 0.368648 0.368653 0.368684 0.000000 0.000000
0.000000 0.000000 0.371823 0.371817 0.371815 0.371799 0.371784 0.371718 0.371718 0.371712 0.371698 0.371706 0.371711 0.371715 0.371763 0.371775 0.371799 0.371801 0.371823 0.000000 0.000000
0.000000 0.000000 0.375235 0.375231 0.375224 0.375214 0.375150 0.375133 0.375118 0.375118 0.375113 0.375115 0.375116 0.375113 0.375120 0.375183 0.375203 0.375219 0.375241 0.000000 0.000000
0.000000 0.000000 0.378987 0.378982 0.378969 0.378903 0.378882 0.378843 0.378818 0.378815 0.378802 0.378795 0.378803 0.378796 0.378824 0.378855 0.378949 0.378942 0.378955 0.000000 0.000000
0.000000 0.000000 0.382952 0.382947 0.382863 0.382847 0.382842 0.382816 0.382833 0.382823 0.382830 0.382821 0.382810 0.382827 0.382842 0.382851 0.382845 0.382954 0.382957 0.000000 0.000000
0.000000 0.000000 0.387479 0.387363 0.387322 0.387288 0.387233 0.387204 0.387195 0.387193 0.387168 0.387165 0.387175 0.387170 0.387201 0.387243 0.387309 0.387336 0.387453 0.000000 0.000000
0.000000 0.000000 0.390797 0.390800 0.390901 0.390872 0.390827 0.390718 0.390716 0.390691 0.390707 0.390700 0.390708 0.390709 0.390808 0.390841 0.390914 0.390809 0.390813 0.000000 0.000000
0.000000 0.000000 0.350000 0.350000 0.350000 0.350000 0.350000 0.350000 0.350000 0.350000 0.350000 0.350000 0.350000 0.350000 0.350000 0.350000 0.350000 0.350000 0.350000 0.000000 0.000000
0.000000 0.000000 0.000000 0.000000 0.000000 0.000000 0.000000 0.000000 0.000000 0.000000 0.000000 0.000000 0.000000 0.000000 0.000000 0.000000 0.000000 0.000000 0.000000 0.000000 0.000000