geotop/1.0zi/1.0Montebello/Templates/testdem/maps/_Eocsilt1781.asc
ncols         21
nrows         20
xllcorner     100.000000
yllcorner     100.000000
cellsize      50.000000
NODATA_value  -9999.0
0.000000 0.000000 0.000000 0.000000 0.000000 0.000000 0.000000 0.000000 0.000000 0.000000 0.000000 0.000000 0.000000 0.000000 0.000000 0.000000 0.000000 0.000000 0.000000 0.000000 0.000000
0.000000 0.000000 0.350041 0.350041 0.350041 0.350041 0.350041 0.350041 0.350041 0.350041 0.350041 0.350041 0.350041 0.350041 0.350041 0.350041 0.350041 0.350041 0.350041 0.000000 0.000000
0.000000 0.000000 0.349998 0.349998 0.349998 0.349998 0.349998 0.349998 0.349998 0.349998 0.349998 0.349998 0.349998 0.349998 0.349998 0.349998 0.349998 0.349998 0.349998 0.000000 0.000000
0.000000 0.000000 0.350684 0.350684 0.350681 0.350683 0.350685 0.350684 0.350684 0.350685 0.350684 0.350685 0.350684 0.350684 0.350685 0.350683 0.350681 0.350684 0.350684 0.000000 0.000000
0.000000 0.000000 0.353141 0.353140 0.353139 0.353139 0.353142 0.353141 0.353141 0.353142 0.353142 0.353142 0.353141 0.353141 0.353142 0.353139 0.353139 0.353140 0.353141 0.000000 0.000000
0.000000 0.000000 0.356214 0.356213 0.356212 0.356212 0.356215 0.356214 0.356214 0.356215 0.356215 0.356215 0.356214 0.356214 0.356215 0.356212 0.356212 0.356213 0.356214 0.000000 0.000000
0.000000 0.000000 0.359022 0.359022 0.359020 0.359021 0.359023 0.359022 0.359022 0.359023 0.359023 0.359023 0.359022 0.359022 0.359023 0.359021 0.359020 0.359022 0.359022 0.000000 0.000000
0.000000 0.000000 0.361592 0.361592 0.361591 0.361591 0.361593 0.361593 0.361593 0.361593 0.361593 0.361593 0.361593 0.361593 0.361593 0.361591 0.361591 0.361592 0.361592 0.000000 0.000000
0.000000 0.000000 0.363996 0.363995 0.363994 0.363995 0.363996 0.363996 0.363996 0.363996 0.363996 0.363996 0.363996 0.363996 0.363996 0.363995 0.363994 0.363995 0.363996 0.000000 0.000000
0.000000 0.000000 0.366292 0.366292 0.366290 0.366291 0.366292 0.366292 0.366292 0.366292 0.366292 0.366292 0.366292 0.366292 0.366292 0.366291 0.366290 0.366292 0.366292 0.000000 0.000000
0.000000 0.000000 0.368505 0.368505 0.368504 0.368504 0.368506 0.368506 0.368506 0.368506 0.368506 0.368506 0.368506 0.368506 0.368506 0.368504 0.368504 0.368505 0.368505 0.000000 0.000000
0.000000 0.000000 0.370658 0.370657 0.370656 0.370657 0.370658 0.370658 0.370658 0.370658 0.370658 0.370658 0.370658 0.370658 0.370658 0.370657 0.370656 0.370657 0.370658 0.000000 0.000000
0.000000 0.000000 0.372764 0.372764 0.372763 0.372763 0.372765 0.372764 0.372764 0.372765 0.372765 0.372765 0.372764 0.372764 0.372765 0.372763 0.372763 0.372764 0.372764 0.000000 0.000000
0.000000 0.000000 0.374828 0.374828 0.374826 0.374827 0.374828 0.374828 0.374828 0.374828 0.374828 0.374828 0.374828 0.374828 0.374828 0.374827 0.374826 0.374828 0.374828 0.000000 0.000000
0.000000 0.000000 0.376858 0.376858 0.376856 0.376857 0.376858 0.376858 0.376858 0.376858 0.376858 0.376858 0.376858 0.376858 0.376858 0.376857 0.376856 0.376858 0.376858 0.000000 0.000000
0.000000 0.000000 0.378860 0.378860 0.378858 0.378859 0.378860 0.378860 0.378860 0.378860 0.378860 0.378860 0.378860 0.378860 0.378860 0.378859 0.378858 0.378860 0.378860 0.000000 0.000000
0.000000 0.000000 0.380833 0.380833 0.380832 0.380832 0.380834 0.380833 0.380833 0.380834 0.380834 0.380834 0.380833 0.380833 0.380834 0.380832 0.380832 0.380833 0.380833 0.000000 0.000000
0.000000 0.000000 0.382822 0.382822 0.382821 0.382821 0.382822 0.382822 0.382822 0.382822 0.382822 0.382822 0.382822 0.382822 0.382822 0.382821 0.382821 0.382822 0.382822 0.000000 0.000000
0.000000 0.000000 0.350000 0.350000 0.350000 0.350000 0.350000 0.350000 0.350000 0.350000 0.350000 0.350000 0.350000 0.350000 0.350000 0.350000 0.350000 0.350000 0.350000 0.000000 0.000000
0.000000 0.000000 0.000000 0.000000 0.000000 0.000000 0.000000 0.000000 0.000000 0.000000 0.000000 0.000000 0.000000 0.000000 0.000000 0.000000 0.000000 0.000000 0.000000 0.000000 0.000000