geotop/1.0zi/1.0Montebello/Templates/testdem/maps/_Eocsand2545.asc
ncols         21
nrows         20
xllcorner     100.000000
yllcorner     100.000000
cellsize      50.000000
NODATA_value  -9999.0
0.000000 0.000000 0.000000 0.000000 0.000000 0.000000 0.000000 0.000000 0.000000 0.000000 0.000000 0.000000 0.000000 0.000000 0.000000 0.000000 0.000000 0.000000 0.000000 0.000000 0.000000
0.000000 0.000000 0.300074 0.300074 0.300074 0.300075 0.300074 0.300074 0.300074 0.300074 0.300076 0.300074 0.300074 0.300074 0.300074 0.300075 0.300074 0.300074 0.300074 0.000000 0.000000
0.000000 0.000000 0.300012 0.300013 0.300013 0.300012 0.300013 0.300012 0.300013 0.300013 0.300011 0.300013 0.300013 0.300012 0.300013 0.300012 0.300013 0.300013 0.300012 0.000000 0.000000
0.000000 0.000000 0.298377 0.298378 0.298382 0.298380 0.298377 0.298377 0.298377 0.298377 0.298377 0.298377 0.298377 0.298377 0.298377 0.298380 0.298382 0.298378 0.298377 0.000000 0.000000
0.000000 0.000000 0.291459 0.291461 0.291464 0.291464 0.291458 0.291460 0.291460 0.291457 0.291457 0.291457 0.291460 0.291460 0.291458 0.291464 0.291464 0.291461 0.291459 0.000000 0.000000
0.000000 0.000000 0.283001 0.283002 0.283005 0.283005 0.283000 0.283001 0.283001 0.282999 0.282999 0.282999 0.283001 0.283001 0.283000 0.283005 0.283005 0.283002 0.283001 0.000000 0.000000
0.000000 0.000000 0.275110 0.275111 0.275114 0.275113 0.275109 0.275110 0.275110 0.275109 0.275108 0.275109 0.275110 0.275110 0.275109 0.275113 0.275114 0.275111 0.275110 0.000000 0.000000
0.000000 0.000000 0.267880 0.267881 0.267884 0.267883 0.267880 0.267881 0.267881 0.267879 0.267879 0.267879 0.267881 0.267881 0.267880 0.267883 0.267884 0.267881 0.267880 0.000000 0.000000
0.000000 0.000000 0.261140 0.261141 0.261144 0.261143 0.261140 0.261141 0.261141 0.261139 0.261139 0.261139 0.261141 0.261141 0.261140 0.261143 0.261144 0.261141 0.261140 0.000000 0.000000
0.000000 0.000000 0.254736 0.254737 0.254739 0.254738 0.254736 0.254737 0.254737 0.254735 0.254735 0.254735 0.254737 0.254737 0.254736 0.254738 0.254739 0.254737 0.254736 0.000000 0.000000
0.000000 0.000000 0.248593 0.248594 0.248596 0.248595 0.248593 0.248594 0.248594 0.248592 0.248592 0.248592 0.248594 0.248594 0.248593 0.248595 0.248596 0.248594 0.248593 0.000000 0.000000
0.000000 0.000000 0.242656 0.242656 0.242659 0.242658 0.242655 0.242656 0.242656 0.242655 0.242654 0.242655 0.242656 0.242656 0.242655 0.242658 0.242659 0.242656 0.242656 0.000000 0.000000
0.000000 0.000000 0.236882 0.236882 0.236885 0.236884 0.236881 0.236882 0.236882 0.236881 0.236880 0.236881 0.236882 0.236882 0.236881 0.236884 0.236885 0.236882 0.236882 0.000000 0.000000
0.000000 0.000000 0.231243 0.231243 0.231245 0.231244 0.231242 0.231243 0.231243 0.231242 0.231241 0.231242 0.231243 0.231243 0.231242 0.231244 0.231245 0.231243 0.231243 0.000000 0.000000
0.000000 0.000000 0.225718 0.225718 0.225721 0.225720 0.225717 0.225718 0.225718 0.225717 0.225717 0.225717 0.225718 0.225718 0.225717 0.225720 0.225721 0.225718 0.225718 0.000000 0.000000
0.000000 0.000000 0.220298 0.220299 0.220301 0.220300 0.220298 0.220299 0.220299 0.220297 0.220297 0.220297 0.220299 0.220299 0.220298 0.220300 0.220301 0.220299 0.220298 0.000000 0.000000
0.000000 0.000000 0.214978 0.214979 0.214981 0.214980 0.214978 0.214979 0.214979 0.214977 0.214977 0.214977 0.214979 0.214979 0.214978 0.214980 0.214981 0.214979 0.214978 0.000000 0.000000
0.000000 0.000000 0.209682 0.209682 0.209684 0.209683 0.209681 0.209682 0.209682 0.209681 0.209680 0.209681 0.209682 0.209682 0.209681 0.209683 0.209684 0.209682 0.209682 0.000000 0.000000
0.000000 0.000000 0.300000 0.300000 0.300000 0.300000 0.300000 0.300000 0.300000 0.300000 0.300000 0.300000 0.300000 0.300000 0.300000 0.300000 0.300000 0.300000 0.300000 0.000000 0.000000
0.000000 0.000000 0.000000 0.000000 0.000000 0.000000 0.000000 0.000000 0.000000 0.000000 0.000000 0.000000 0.000000 0.000000 0.000000 0.000000 0.000000 0.000000 0.000000 0.000000 0.000000