geotop/1.0zi/1.0Montebello/Templates/testdem/maps/_Eocclay0450.asc
ncols         21
nrows         20
xllcorner     100.000000
yllcorner     100.000000
cellsize      50.000000
NODATA_value  -9999.0
0.000000 0.000000 0.000000 0.000000 0.000000 0.000000 0.000000 0.000000 0.000000 0.000000 0.000000 0.000000 0.000000 0.000000 0.000000 0.000000 0.000000 0.000000 0.000000 0.000000 0.000000
0.000000 0.000000 0.349972 0.349972 0.349973 0.349972 0.349972 0.349972 0.349972 0.349972 0.349972 0.349972 0.349972 0.349972 0.349972 0.349972 0.349973 0.349972 0.349972 0.000000 0.000000
0.000000 0.000000 0.349997 0.349997 0.349996 0.349997 0.349997 0.349997 0.349997 0.349997 0.349997 0.349997 0.349997 0.349997 0.349997 0.349997 0.349996 0.349997 0.349997 0.000000 0.000000
0.000000 0.000000 0.350279 0.350280 0.350277 0.350279 0.350280 0.350280 0.350280 0.350280 0.350280 0.350280 0.350280 0.350280 0.350280 0.350279 0.350277 0.350280 0.350279 0.000000 0.000000
0.000000 0.000000 0.351115 0.351115 0.351113 0.351115 0.351115 0.351115 0.351115 0.351115 0.351115 0.351115 0.351115 0.351115 0.351115 0.351115 0.351113 0.351115 0.351115 0.000000 0.000000
0.000000 0.000000 0.351925 0.351925 0.351923 0.351925 0.351925 0.351925 0.351925 0.351925 0.351925 0.351925 0.351925 0.351925 0.351925 0.351925 0.351923 0.351925 0.351925 0.000000 0.000000
0.000000 0.000000 0.352678 0.352678 0.352676 0.352678 0.352678 0.352678 0.352678 0.352678 0.352678 0.352678 0.352678 0.352678 0.352678 0.352678 0.352676 0.352678 0.352678 0.000000 0.000000
0.000000 0.000000 0.353374 0.353374 0.353372 0.353374 0.353374 0.353374 0.353374 0.353374 0.353374 0.353374 0.353374 0.353374 0.353374 0.353374 0.353372 0.353374 0.353374 0.000000 0.000000
0.000000 0.000000 0.354030 0.354030 0.354029 0.354030 0.354030 0.354030 0.354030 0.354030 0.354030 0.354030 0.354030 0.354030 0.354030 0.354030 0.354029 0.354030 0.354030 0.000000 0.000000
0.000000 0.000000 0.354663 0.354663 0.354661 0.354663 0.354663 0.354663 0.354663 0.354663 0.354663 0.354663 0.354663 0.354663 0.354663 0.354663 0.354661 0.354663 0.354663 0.000000 0.000000
0.000000 0.000000 0.355277 0.355277 0.355276 0.355277 0.355277 0.355277 0.355277 0.355277 0.355277 0.355277 0.355277 0.355277 0.355277 0.355277 0.355276 0.355277 0.355277 0.000000 0.000000
0.000000 0.000000 0.355879 0.355879 0.355878 0.355879 0.355879 0.355879 0.355879 0.355879 0.355879 0.355879 0.355879 0.355879 0.355879 0.355879 0.355878 0.355879 0.355879 0.000000 0.000000
0.000000 0.000000 0.356470 0.356470 0.356469 0.356470 0.356470 0.356470 0.356470 0.356470 0.356470 0.356470 0.356470 0.356470 0.356470 0.356470 0.356469 0.356470 0.356470 0.000000 0.000000
0.000000 0.000000 0.357050 0.357050 0.357049 0.357050 0.357050 0.357050 0.357050 0.357050 0.357050 0.357050 0.357050 0.357050 0.357050 0.357050 0.357049 0.357050 0.357050 0.000000 0.000000
0.000000 0.000000 0.357624 0.357624 0.357623 0.357624 0.357624 0.357624 0.357624 0.357624 0.357624 0.357624 0.357624 0.357624 0.357624 0.357624 0.357623 0.357624 0.357624 0.000000 0.000000
0.000000 0.000000 0.358196 0.358196 0.358195 0.358196 0.358196 0.358196 0.358196 0.358196 0.358196 0.358196 0.358196 0.358196 0.358196 0.358196 0.358195 0.358196 0.358196 0.000000 0.000000
0.000000 0.000000 0.358762 0.358762 0.358760 0.358762 0.358762 0.358762 0.358762 0.358762 0.358762 0.358762 0.358762 0.358762 0.358762 0.358762 0.358760 0.358762 0.358762 0.000000 0.000000
0.000000 0.000000 0.359342 0.359342 0.359341 0.359342 0.359342 0.359342 0.359342 0.359342 0.359342 0.359342 0.359342 0.359342 0.359342 0.359342 0.359341 0.359342 0.359342 0.000000 0.000000
0.000000 0.000000 0.350000 0.350000 0.350000 0.350000 0.350000 0.350000 0.350000 0.350000 0.350000 0.350000 0.350000 0.350000 0.350000 0.350000 0.350000 0.350000 0.350000 0.000000 0.000000
0.000000 0.000000 0.000000 0.000000 0.000000 0.000000 0.000000 0.000000 0.000000 0.000000 0.000000 0.000000 0.000000 0.000000 0.000000 0.000000 0.000000 0.000000 0.000000 0.000000 0.000000