geotop/1.0zi/1.0Montebello/Templates/testdem/maps/_Eocclay5892.asc
ncols         21
nrows         20
xllcorner     100.000000
yllcorner     100.000000
cellsize      50.000000
NODATA_value  -9999.0
0.000000 0.000000 0.000000 0.000000 0.000000 0.000000 0.000000 0.000000 0.000000 0.000000 0.000000 0.000000 0.000000 0.000000 0.000000 0.000000 0.000000 0.000000 0.000000 0.000000 0.000000
0.000000 0.000000 0.349736 0.349737 0.349737 0.349737 0.349737 0.349737 0.349737 0.349737 0.349737 0.349737 0.349737 0.349737 0.349737 0.349737 0.349737 0.349737 0.349737 0.000000 0.000000
0.000000 0.000000 0.349989 0.349990 0.349990 0.349989 0.349989 0.349989 0.349989 0.349989 0.349989 0.349989 0.349989 0.349990 0.349989 0.349989 0.349989 0.349989 0.349989 0.000000 0.000000
0.000000 0.000000 0.349985 0.349987 0.349985 0.349987 0.349988 0.349988 0.349988 0.349986 0.349988 0.349987 0.349987 0.349986 0.349988 0.349990 0.349988 0.349989 0.349988 0.000000 0.000000
0.000000 0.000000 0.350490 0.350489 0.350489 0.350484 0.350473 0.350470 0.350471 0.350472 0.350471 0.350471 0.350467 0.350468 0.350472 0.350471 0.350477 0.350479 0.350484 0.000000 0.000000
0.000000 0.000000 0.352142 0.352143 0.352136 0.352117 0.352110 0.352093 0.352093 0.352089 0.352092 0.352092 0.352096 0.352095 0.352100 0.352113 0.352119 0.352131 0.352135 0.000000 0.000000
0.000000 0.000000 0.354566 0.354564 0.354560 0.354543 0.354522 0.354494 0.354494 0.354490 0.354492 0.354494 0.354494 0.354493 0.354513 0.354535 0.354545 0.354554 0.354561 0.000000 0.000000
0.000000 0.000000 0.357514 0.357514 0.357511 0.357490 0.357470 0.357441 0.357441 0.357438 0.357438 0.357438 0.357436 0.357441 0.357463 0.357481 0.357496 0.357502 0.357512 0.000000 0.000000
0.000000 0.000000 0.360518 0.360515 0.360507 0.360495 0.360475 0.360446 0.360448 0.360443 0.360440 0.360441 0.360441 0.360439 0.360466 0.360487 0.360500 0.360504 0.360512 0.000000 0.000000
0.000000 0.000000 0.363568 0.363562 0.363559 0.363550 0.363521 0.363494 0.363496 0.363493 0.363489 0.363493 0.363497 0.363493 0.363515 0.363540 0.363554 0.363557 0.363563 0.000000 0.000000
0.000000 0.000000 0.366743 0.366740 0.366738 0.366717 0.366696 0.366667 0.366673 0.366659 0.366659 0.366661 0.366657 0.366665 0.366682 0.366698 0.366714 0.366724 0.366736 0.000000 0.000000
0.000000 0.000000 0.370084 0.370077 0.370068 0.370052 0.370034 0.369999 0.370001 0.369992 0.370001 0.369992 0.369994 0.369996 0.370028 0.370043 0.370054 0.370059 0.370092 0.000000 0.000000
0.000000 0.000000 0.373531 0.373524 0.373520 0.373503 0.373486 0.373414 0.373413 0.373407 0.373392 0.373401 0.373406 0.373411 0.373465 0.373479 0.373505 0.373508 0.373531 0.000000 0.000000
0.000000 0.000000 0.377289 0.377284 0.377274 0.377262 0.377191 0.377174 0.377157 0.377157 0.377152 0.377154 0.377155 0.377152 0.377160 0.377232 0.377254 0.377272 0.377295 0.000000 0.000000
0.000000 0.000000 0.381446 0.381440 0.381424 0.381349 0.381327 0.381285 0.381257 0.381252 0.381239 0.381232 0.381240 0.381234 0.381266 0.381300 0.381405 0.381396 0.381411 0.000000 0.000000
0.000000 0.000000 0.385857 0.385852 0.385753 0.385738 0.385732 0.385706 0.385727 0.385715 0.385724 0.385713 0.385702 0.385722 0.385738 0.385747 0.385736 0.385863 0.385865 0.000000 0.000000
0.000000 0.000000 0.390945 0.390809 0.390766 0.390726 0.390661 0.390629 0.390617 0.390616 0.390586 0.390583 0.390596 0.390589 0.390626 0.390676 0.390754 0.390777 0.390915 0.000000 0.000000
0.000000 0.000000 0.394596 0.394609 0.394731 0.394699 0.394651 0.394525 0.394523 0.394494 0.394515 0.394507 0.394515 0.394519 0.394634 0.394669 0.394749 0.394623 0.394618 0.000000 0.000000
0.000000 0.000000 0.350000 0.350000 0.350000 0.350000 0.350000 0.350000 0.350000 0.350000 0.350000 0.350000 0.350000 0.350000 0.350000 0.350000 0.350000 0.350000 0.350000 0.000000 0.000000
0.000000 0.000000 0.000000 0.000000 0.000000 0.000000 0.000000 0.000000 0.000000 0.000000 0.000000 0.000000 0.000000 0.000000 0.000000 0.000000 0.000000 0.000000 0.000000 0.000000 0.000000