geotop/1.0zi/1.0Montebello/Templates/testdem/maps/_Eocsand0450.asc
ncols         21
nrows         20
xllcorner     100.000000
yllcorner     100.000000
cellsize      50.000000
NODATA_value  -9999.0
0.000000 0.000000 0.000000 0.000000 0.000000 0.000000 0.000000 0.000000 0.000000 0.000000 0.000000 0.000000 0.000000 0.000000 0.000000 0.000000 0.000000 0.000000 0.000000 0.000000 0.000000
0.000000 0.000000 0.300019 0.300019 0.300019 0.300019 0.300019 0.300019 0.300019 0.300019 0.300019 0.300019 0.300019 0.300019 0.300019 0.300019 0.300019 0.300019 0.300019 0.000000 0.000000
0.000000 0.000000 0.300005 0.300006 0.300006 0.300006 0.300005 0.300005 0.300005 0.300005 0.300005 0.300005 0.300005 0.300005 0.300005 0.300006 0.300006 0.300006 0.300005 0.000000 0.000000
0.000000 0.000000 0.299448 0.299448 0.299453 0.299448 0.299448 0.299448 0.299448 0.299448 0.299448 0.299448 0.299448 0.299448 0.299448 0.299448 0.299453 0.299448 0.299448 0.000000 0.000000
0.000000 0.000000 0.297816 0.297816 0.297821 0.297817 0.297816 0.297816 0.297816 0.297816 0.297816 0.297816 0.297816 0.297816 0.297816 0.297817 0.297821 0.297816 0.297816 0.000000 0.000000
0.000000 0.000000 0.296186 0.296186 0.296189 0.296186 0.296186 0.296185 0.296185 0.296185 0.296186 0.296185 0.296185 0.296185 0.296186 0.296186 0.296189 0.296186 0.296186 0.000000 0.000000
0.000000 0.000000 0.294694 0.294694 0.294697 0.294694 0.294694 0.294694 0.294694 0.294694 0.294694 0.294694 0.294694 0.294694 0.294694 0.294694 0.294697 0.294694 0.294694 0.000000 0.000000
0.000000 0.000000 0.293315 0.293315 0.293318 0.293316 0.293315 0.293315 0.293315 0.293315 0.293315 0.293315 0.293315 0.293315 0.293315 0.293316 0.293318 0.293315 0.293315 0.000000 0.000000
0.000000 0.000000 0.292015 0.292015 0.292018 0.292016 0.292015 0.292015 0.292015 0.292015 0.292015 0.292015 0.292015 0.292015 0.292015 0.292016 0.292018 0.292015 0.292015 0.000000 0.000000
0.000000 0.000000 0.290762 0.290762 0.290765 0.290762 0.290762 0.290762 0.290762 0.290762 0.290762 0.290762 0.290762 0.290762 0.290762 0.290762 0.290765 0.290762 0.290762 0.000000 0.000000
0.000000 0.000000 0.289545 0.289545 0.289547 0.289545 0.289545 0.289545 0.289545 0.289545 0.289545 0.289545 0.289545 0.289545 0.289545 0.289545 0.289547 0.289545 0.289545 0.000000 0.000000
0.000000 0.000000 0.288353 0.288353 0.288355 0.288353 0.288353 0.288353 0.288353 0.288353 0.288353 0.288353 0.288353 0.288353 0.288353 0.288353 0.288355 0.288353 0.288353 0.000000 0.000000
0.000000 0.000000 0.287183 0.287183 0.287186 0.287183 0.287183 0.287183 0.287183 0.287183 0.287183 0.287183 0.287183 0.287183 0.287183 0.287183 0.287186 0.287183 0.287183 0.000000 0.000000
0.000000 0.000000 0.286034 0.286034 0.286036 0.286034 0.286034 0.286033 0.286033 0.286033 0.286033 0.286033 0.286033 0.286033 0.286034 0.286034 0.286036 0.286034 0.286034 0.000000 0.000000
0.000000 0.000000 0.284897 0.284897 0.284900 0.284897 0.284897 0.284897 0.284897 0.284897 0.284897 0.284897 0.284897 0.284897 0.284897 0.284897 0.284900 0.284897 0.284897 0.000000 0.000000
0.000000 0.000000 0.283765 0.283765 0.283768 0.283765 0.283765 0.283765 0.283765 0.283765 0.283765 0.283765 0.283765 0.283765 0.283765 0.283765 0.283768 0.283765 0.283765 0.000000 0.000000
0.000000 0.000000 0.282645 0.282645 0.282648 0.282645 0.282645 0.282645 0.282645 0.282645 0.282645 0.282645 0.282645 0.282645 0.282645 0.282645 0.282648 0.282645 0.282645 0.000000 0.000000
0.000000 0.000000 0.281497 0.281496 0.281499 0.281496 0.281496 0.281496 0.281496 0.281496 0.281496 0.281496 0.281496 0.281496 0.281496 0.281496 0.281499 0.281496 0.281496 0.000000 0.000000
0.000000 0.000000 0.300000 0.300000 0.300000 0.300000 0.300000 0.300000 0.300000 0.300000 0.300000 0.300000 0.300000 0.300000 0.300000 0.300000 0.300000 0.300000 0.300000 0.000000 0.000000
0.000000 0.000000 0.000000 0.000000 0.000000 0.000000 0.000000 0.000000 0.000000 0.000000 0.000000 0.000000 0.000000 0.000000 0.000000 0.000000 0.000000 0.000000 0.000000 0.000000 0.000000