geotop/1.0zi/1.0Montebello/Templates/testdem/maps/_Eocsilt0326.asc
ncols         21
nrows         20
xllcorner     100.000000
yllcorner     100.000000
cellsize      50.000000
NODATA_value  -9999.0
0.000000 0.000000 0.000000 0.000000 0.000000 0.000000 0.000000 0.000000 0.000000 0.000000 0.000000 0.000000 0.000000 0.000000 0.000000 0.000000 0.000000 0.000000 0.000000 0.000000 0.000000
0.000000 0.000000 0.350008 0.350008 0.350008 0.350008 0.350008 0.350008 0.350008 0.350008 0.350008 0.350008 0.350008 0.350008 0.350008 0.350008 0.350008 0.350008 0.350008 0.000000 0.000000
0.000000 0.000000 0.350001 0.350000 0.350001 0.350000 0.350001 0.350001 0.350001 0.350001 0.350001 0.350001 0.350001 0.350001 0.350001 0.350000 0.350001 0.350000 0.350001 0.000000 0.000000
0.000000 0.000000 0.350240 0.350240 0.350238 0.350240 0.350240 0.350240 0.350240 0.350240 0.350240 0.350240 0.350240 0.350240 0.350240 0.350240 0.350238 0.350240 0.350240 0.000000 0.000000
0.000000 0.000000 0.350870 0.350870 0.350868 0.350870 0.350870 0.350870 0.350870 0.350870 0.350870 0.350870 0.350870 0.350870 0.350870 0.350870 0.350868 0.350870 0.350870 0.000000 0.000000
0.000000 0.000000 0.351463 0.351463 0.351462 0.351463 0.351463 0.351463 0.351463 0.351463 0.351463 0.351463 0.351463 0.351463 0.351463 0.351463 0.351462 0.351463 0.351463 0.000000 0.000000
0.000000 0.000000 0.351994 0.351994 0.351992 0.351994 0.351994 0.351994 0.351994 0.351994 0.351994 0.351994 0.351994 0.351994 0.351994 0.351994 0.351992 0.351994 0.351994 0.000000 0.000000
0.000000 0.000000 0.352483 0.352483 0.352481 0.352483 0.352483 0.352483 0.352483 0.352483 0.352483 0.352483 0.352483 0.352483 0.352483 0.352483 0.352481 0.352483 0.352483 0.000000 0.000000
0.000000 0.000000 0.352943 0.352943 0.352942 0.352943 0.352943 0.352943 0.352943 0.352943 0.352943 0.352943 0.352943 0.352943 0.352943 0.352943 0.352942 0.352943 0.352943 0.000000 0.000000
0.000000 0.000000 0.353387 0.353387 0.353386 0.353387 0.353387 0.353387 0.353387 0.353387 0.353387 0.353387 0.353387 0.353387 0.353387 0.353387 0.353386 0.353387 0.353387 0.000000 0.000000
0.000000 0.000000 0.353817 0.353817 0.353816 0.353817 0.353817 0.353817 0.353817 0.353817 0.353817 0.353817 0.353817 0.353817 0.353817 0.353817 0.353816 0.353817 0.353817 0.000000 0.000000
0.000000 0.000000 0.354238 0.354238 0.354237 0.354238 0.354238 0.354238 0.354238 0.354238 0.354238 0.354238 0.354238 0.354238 0.354238 0.354238 0.354237 0.354238 0.354238 0.000000 0.000000
0.000000 0.000000 0.354652 0.354652 0.354651 0.354652 0.354652 0.354652 0.354652 0.354652 0.354652 0.354652 0.354652 0.354652 0.354652 0.354652 0.354651 0.354652 0.354652 0.000000 0.000000
0.000000 0.000000 0.355058 0.355058 0.355056 0.355057 0.355058 0.355058 0.355058 0.355058 0.355058 0.355058 0.355058 0.355058 0.355058 0.355057 0.355056 0.355058 0.355058 0.000000 0.000000
0.000000 0.000000 0.355459 0.355459 0.355457 0.355459 0.355459 0.355459 0.355459 0.355459 0.355459 0.355459 0.355459 0.355459 0.355459 0.355459 0.355457 0.355459 0.355459 0.000000 0.000000
0.000000 0.000000 0.355858 0.355858 0.355857 0.355858 0.355858 0.355858 0.355858 0.355858 0.355858 0.355858 0.355858 0.355858 0.355858 0.355858 0.355857 0.355858 0.355858 0.000000 0.000000
0.000000 0.000000 0.356252 0.356252 0.356250 0.356251 0.356252 0.356252 0.356252 0.356252 0.356252 0.356252 0.356252 0.356252 0.356252 0.356251 0.356250 0.356252 0.356252 0.000000 0.000000
0.000000 0.000000 0.356662 0.356662 0.356661 0.356662 0.356662 0.356662 0.356662 0.356662 0.356662 0.356662 0.356662 0.356662 0.356662 0.356662 0.356661 0.356662 0.356662 0.000000 0.000000
0.000000 0.000000 0.350000 0.350000 0.350000 0.350000 0.350000 0.350000 0.350000 0.350000 0.350000 0.350000 0.350000 0.350000 0.350000 0.350000 0.350000 0.350000 0.350000 0.000000 0.000000
0.000000 0.000000 0.000000 0.000000 0.000000 0.000000 0.000000 0.000000 0.000000 0.000000 0.000000 0.000000 0.000000 0.000000 0.000000 0.000000 0.000000 0.000000 0.000000 0.000000 0.000000