geotop/1.0zi/1.0Montebello/Templates/testdem/maps/_Eocsilt2994.asc
ncols         21
nrows         20
xllcorner     100.000000
yllcorner     100.000000
cellsize      50.000000
NODATA_value  -9999.0
0.000000 0.000000 0.000000 0.000000 0.000000 0.000000 0.000000 0.000000 0.000000 0.000000 0.000000 0.000000 0.000000 0.000000 0.000000 0.000000 0.000000 0.000000 0.000000 0.000000 0.000000
0.000000 0.000000 0.350080 0.350080 0.350080 0.350080 0.350080 0.350080 0.350080 0.350080 0.350079 0.350080 0.350080 0.350080 0.350080 0.350080 0.350080 0.350080 0.350080 0.000000 0.000000
0.000000 0.000000 0.349996 0.349996 0.349996 0.349996 0.349996 0.349996 0.349996 0.349996 0.349997 0.349996 0.349996 0.349996 0.349996 0.349996 0.349996 0.349996 0.349996 0.000000 0.000000
0.000000 0.000000 0.351136 0.351135 0.351133 0.351134 0.351136 0.351136 0.351135 0.351136 0.351136 0.351136 0.351135 0.351136 0.351136 0.351134 0.351133 0.351135 0.351136 0.000000 0.000000
0.000000 0.000000 0.355404 0.355404 0.355402 0.355402 0.355404 0.355404 0.355404 0.355405 0.355405 0.355405 0.355404 0.355404 0.355404 0.355402 0.355402 0.355404 0.355404 0.000000 0.000000
0.000000 0.000000 0.360688 0.360687 0.360686 0.360686 0.360688 0.360688 0.360688 0.360689 0.360689 0.360689 0.360688 0.360688 0.360688 0.360686 0.360686 0.360687 0.360688 0.000000 0.000000
0.000000 0.000000 0.365478 0.365477 0.365476 0.365476 0.365478 0.365478 0.365478 0.365479 0.365479 0.365479 0.365478 0.365478 0.365478 0.365476 0.365476 0.365477 0.365478 0.000000 0.000000
0.000000 0.000000 0.369814 0.369813 0.369812 0.369812 0.369814 0.369813 0.369813 0.369814 0.369815 0.369814 0.369813 0.369813 0.369814 0.369812 0.369812 0.369813 0.369814 0.000000 0.000000
0.000000 0.000000 0.373823 0.373822 0.373821 0.373821 0.373823 0.373822 0.373822 0.373823 0.373823 0.373823 0.373822 0.373822 0.373823 0.373821 0.373821 0.373822 0.373823 0.000000 0.000000
0.000000 0.000000 0.377601 0.377601 0.377600 0.377600 0.377602 0.377601 0.377601 0.377602 0.377602 0.377602 0.377601 0.377601 0.377602 0.377600 0.377600 0.377601 0.377601 0.000000 0.000000
0.000000 0.000000 0.381195 0.381195 0.381194 0.381194 0.381195 0.381195 0.381195 0.381195 0.381196 0.381195 0.381195 0.381195 0.381195 0.381194 0.381194 0.381195 0.381195 0.000000 0.000000
0.000000 0.000000 0.384639 0.384639 0.384637 0.384638 0.384639 0.384639 0.384639 0.384639 0.384640 0.384639 0.384639 0.384639 0.384639 0.384638 0.384637 0.384639 0.384639 0.000000 0.000000
0.000000 0.000000 0.387961 0.387960 0.387959 0.387960 0.387961 0.387961 0.387961 0.387961 0.387961 0.387961 0.387961 0.387961 0.387961 0.387960 0.387959 0.387960 0.387961 0.000000 0.000000
0.000000 0.000000 0.391186 0.391186 0.391185 0.391185 0.391186 0.391186 0.391186 0.391187 0.391187 0.391187 0.391186 0.391186 0.391186 0.391185 0.391185 0.391186 0.391186 0.000000 0.000000
0.000000 0.000000 0.394321 0.394321 0.394320 0.394320 0.394322 0.394321 0.394321 0.394322 0.394322 0.394322 0.394321 0.394321 0.394322 0.394320 0.394320 0.394321 0.394321 0.000000 0.000000
0.000000 0.000000 0.397372 0.397372 0.397371 0.397371 0.397372 0.397372 0.397372 0.397373 0.397373 0.397373 0.397372 0.397372 0.397372 0.397371 0.397371 0.397372 0.397372 0.000000 0.000000
0.000000 0.000000 0.400349 0.400349 0.400348 0.400348 0.400350 0.400349 0.400349 0.400350 0.400350 0.400350 0.400349 0.400349 0.400350 0.400348 0.400348 0.400349 0.400349 0.000000 0.000000
0.000000 0.000000 0.403312 0.403312 0.403311 0.403312 0.403313 0.403312 0.403312 0.403313 0.403313 0.403313 0.403312 0.403312 0.403313 0.403312 0.403311 0.403312 0.403313 0.000000 0.000000
0.000000 0.000000 0.350000 0.350000 0.350000 0.350000 0.350000 0.350000 0.350000 0.350000 0.350000 0.350000 0.350000 0.350000 0.350000 0.350000 0.350000 0.350000 0.350000 0.000000 0.000000
0.000000 0.000000 0.000000 0.000000 0.000000 0.000000 0.000000 0.000000 0.000000 0.000000 0.000000 0.000000 0.000000 0.000000 0.000000 0.000000 0.000000 0.000000 0.000000 0.000000 0.000000