geotop/1.0zi/1.0Montebello/Templates/testdem/maps/_Eocclay3110.asc
ncols         21
nrows         20
xllcorner     100.000000
yllcorner     100.000000
cellsize      50.000000
NODATA_value  -9999.0
0.000000 0.000000 0.000000 0.000000 0.000000 0.000000 0.000000 0.000000 0.000000 0.000000 0.000000 0.000000 0.000000 0.000000 0.000000 0.000000 0.000000 0.000000 0.000000 0.000000 0.000000
0.000000 0.000000 0.349828 0.349828 0.349828 0.349828 0.349828 0.349828 0.349828 0.349828 0.349827 0.349828 0.349828 0.349828 0.349828 0.349828 0.349828 0.349828 0.349828 0.000000 0.000000
0.000000 0.000000 0.349995 0.349995 0.349994 0.349995 0.349995 0.349995 0.349995 0.349995 0.349995 0.349995 0.349995 0.349995 0.349995 0.349995 0.349994 0.349995 0.349995 0.000000 0.000000
0.000000 0.000000 0.351256 0.351256 0.351253 0.351254 0.351255 0.351255 0.351255 0.351255 0.351256 0.351255 0.351255 0.351255 0.351255 0.351254 0.351253 0.351256 0.351256 0.000000 0.000000
0.000000 0.000000 0.356193 0.356192 0.356190 0.356190 0.356194 0.356193 0.356193 0.356194 0.356194 0.356194 0.356193 0.356193 0.356194 0.356190 0.356190 0.356192 0.356193 0.000000 0.000000
0.000000 0.000000 0.361613 0.361613 0.361611 0.361611 0.361614 0.361613 0.361613 0.361614 0.361614 0.361614 0.361613 0.361613 0.361614 0.361611 0.361611 0.361613 0.361613 0.000000 0.000000
0.000000 0.000000 0.366669 0.366669 0.366667 0.366667 0.366669 0.366669 0.366669 0.366669 0.366670 0.366669 0.366669 0.366669 0.366669 0.366667 0.366667 0.366669 0.366669 0.000000 0.000000
0.000000 0.000000 0.371267 0.371267 0.371265 0.371265 0.371267 0.371267 0.371267 0.371267 0.371268 0.371267 0.371267 0.371267 0.371267 0.371265 0.371265 0.371267 0.371267 0.000000 0.000000
0.000000 0.000000 0.375520 0.375519 0.375518 0.375518 0.375520 0.375519 0.375519 0.375520 0.375521 0.375520 0.375519 0.375519 0.375520 0.375518 0.375518 0.375519 0.375520 0.000000 0.000000
0.000000 0.000000 0.379529 0.379528 0.379527 0.379527 0.379529 0.379528 0.379528 0.379529 0.379529 0.379529 0.379528 0.379528 0.379529 0.379527 0.379527 0.379528 0.379529 0.000000 0.000000
0.000000 0.000000 0.383342 0.383342 0.383341 0.383341 0.383342 0.383342 0.383342 0.383342 0.383343 0.383342 0.383342 0.383342 0.383342 0.383341 0.383341 0.383342 0.383342 0.000000 0.000000
0.000000 0.000000 0.386997 0.386996 0.386995 0.386996 0.386997 0.386996 0.386996 0.386997 0.386997 0.386997 0.386996 0.386996 0.386997 0.386996 0.386995 0.386996 0.386997 0.000000 0.000000
0.000000 0.000000 0.390518 0.390518 0.390517 0.390517 0.390518 0.390518 0.390518 0.390519 0.390519 0.390519 0.390518 0.390518 0.390518 0.390517 0.390517 0.390518 0.390518 0.000000 0.000000
0.000000 0.000000 0.393938 0.393937 0.393936 0.393937 0.393938 0.393937 0.393937 0.393938 0.393938 0.393938 0.393937 0.393937 0.393938 0.393937 0.393936 0.393937 0.393938 0.000000 0.000000
0.000000 0.000000 0.397261 0.397261 0.397260 0.397260 0.397262 0.397261 0.397261 0.397262 0.397262 0.397262 0.397261 0.397261 0.397262 0.397260 0.397260 0.397261 0.397261 0.000000 0.000000
0.000000 0.000000 0.400496 0.400496 0.400494 0.400495 0.400496 0.400496 0.400496 0.400496 0.400497 0.400496 0.400496 0.400496 0.400496 0.400495 0.400494 0.400496 0.400496 0.000000 0.000000
0.000000 0.000000 0.403651 0.403651 0.403650 0.403650 0.403651 0.403651 0.403651 0.403652 0.403652 0.403652 0.403651 0.403651 0.403651 0.403650 0.403650 0.403651 0.403651 0.000000 0.000000
0.000000 0.000000 0.406803 0.406803 0.406802 0.406802 0.406803 0.406803 0.406803 0.406803 0.406804 0.406803 0.406803 0.406803 0.406803 0.406802 0.406802 0.406803 0.406803 0.000000 0.000000
0.000000 0.000000 0.350000 0.350000 0.350000 0.350000 0.350000 0.350000 0.350000 0.350000 0.350000 0.350000 0.350000 0.350000 0.350000 0.350000 0.350000 0.350000 0.350000 0.000000 0.000000
0.000000 0.000000 0.000000 0.000000 0.000000 0.000000 0.000000 0.000000 0.000000 0.000000 0.000000 0.000000 0.000000 0.000000 0.000000 0.000000 0.000000 0.000000 0.000000 0.000000 0.000000