geotop/1.0zi/1.0Montebello/Templates/testdem/maps/_Eocsilt1361.asc
ncols         21
nrows         20
xllcorner     100.000000
yllcorner     100.000000
cellsize      50.000000
NODATA_value  -9999.0
0.000000 0.000000 0.000000 0.000000 0.000000 0.000000 0.000000 0.000000 0.000000 0.000000 0.000000 0.000000 0.000000 0.000000 0.000000 0.000000 0.000000 0.000000 0.000000 0.000000 0.000000
0.000000 0.000000 0.350029 0.350029 0.350029 0.350029 0.350029 0.350029 0.350029 0.350029 0.350029 0.350029 0.350029 0.350029 0.350029 0.350029 0.350029 0.350029 0.350029 0.000000 0.000000
0.000000 0.000000 0.350000 0.350000 0.350000 0.350000 0.350000 0.350000 0.350000 0.350000 0.350000 0.350000 0.350000 0.350000 0.350000 0.350000 0.350000 0.350000 0.350000 0.000000 0.000000
0.000000 0.000000 0.350578 0.350577 0.350575 0.350576 0.350578 0.350578 0.350578 0.350578 0.350578 0.350578 0.350578 0.350578 0.350578 0.350576 0.350575 0.350577 0.350578 0.000000 0.000000
0.000000 0.000000 0.352467 0.352467 0.352464 0.352464 0.352467 0.352467 0.352466 0.352467 0.352467 0.352467 0.352466 0.352467 0.352467 0.352464 0.352464 0.352467 0.352467 0.000000 0.000000
0.000000 0.000000 0.354799 0.354799 0.354797 0.354797 0.354800 0.354799 0.354799 0.354800 0.354800 0.354800 0.354799 0.354799 0.354800 0.354797 0.354797 0.354799 0.354799 0.000000 0.000000
0.000000 0.000000 0.356948 0.356947 0.356945 0.356946 0.356948 0.356947 0.356947 0.356948 0.356948 0.356948 0.356947 0.356947 0.356948 0.356946 0.356945 0.356947 0.356948 0.000000 0.000000
0.000000 0.000000 0.358922 0.358921 0.358920 0.358920 0.358922 0.358921 0.358921 0.358922 0.358922 0.358922 0.358921 0.358921 0.358922 0.358920 0.358920 0.358921 0.358922 0.000000 0.000000
0.000000 0.000000 0.360772 0.360772 0.360770 0.360771 0.360773 0.360772 0.360772 0.360773 0.360772 0.360773 0.360772 0.360772 0.360773 0.360771 0.360770 0.360772 0.360772 0.000000 0.000000
0.000000 0.000000 0.362546 0.362546 0.362545 0.362545 0.362547 0.362546 0.362546 0.362547 0.362547 0.362547 0.362546 0.362546 0.362547 0.362545 0.362545 0.362546 0.362546 0.000000 0.000000
0.000000 0.000000 0.364263 0.364262 0.364261 0.364261 0.364263 0.364262 0.364262 0.364263 0.364263 0.364263 0.364262 0.364262 0.364263 0.364261 0.364261 0.364262 0.364263 0.000000 0.000000
0.000000 0.000000 0.365939 0.365938 0.365937 0.365938 0.365939 0.365939 0.365939 0.365939 0.365939 0.365939 0.365939 0.365939 0.365939 0.365938 0.365937 0.365938 0.365939 0.000000 0.000000
0.000000 0.000000 0.367586 0.367586 0.367585 0.367585 0.367587 0.367586 0.367586 0.367587 0.367587 0.367587 0.367586 0.367586 0.367587 0.367585 0.367585 0.367586 0.367586 0.000000 0.000000
0.000000 0.000000 0.369205 0.369205 0.369204 0.369204 0.369206 0.369205 0.369205 0.369206 0.369206 0.369206 0.369205 0.369205 0.369206 0.369204 0.369204 0.369205 0.369205 0.000000 0.000000
0.000000 0.000000 0.370803 0.370803 0.370801 0.370802 0.370803 0.370803 0.370803 0.370803 0.370803 0.370803 0.370803 0.370803 0.370803 0.370802 0.370801 0.370803 0.370803 0.000000 0.000000
0.000000 0.000000 0.372385 0.372384 0.372383 0.372384 0.372385 0.372385 0.372385 0.372385 0.372385 0.372385 0.372385 0.372385 0.372385 0.372384 0.372383 0.372384 0.372385 0.000000 0.000000
0.000000 0.000000 0.373950 0.373949 0.373948 0.373949 0.373950 0.373950 0.373949 0.373950 0.373950 0.373950 0.373949 0.373950 0.373950 0.373949 0.373948 0.373949 0.373950 0.000000 0.000000
0.000000 0.000000 0.375535 0.375535 0.375534 0.375535 0.375536 0.375536 0.375535 0.375536 0.375536 0.375536 0.375535 0.375536 0.375536 0.375535 0.375534 0.375535 0.375536 0.000000 0.000000
0.000000 0.000000 0.350000 0.350000 0.350000 0.350000 0.350000 0.350000 0.350000 0.350000 0.350000 0.350000 0.350000 0.350000 0.350000 0.350000 0.350000 0.350000 0.350000 0.000000 0.000000
0.000000 0.000000 0.000000 0.000000 0.000000 0.000000 0.000000 0.000000 0.000000 0.000000 0.000000 0.000000 0.000000 0.000000 0.000000 0.000000 0.000000 0.000000 0.000000 0.000000 0.000000