geotop/1.0zi/1.0Montebello/Templates/testdem/maps/_Eocclay1523.asc
ncols         21
nrows         20
xllcorner     100.000000
yllcorner     100.000000
cellsize      50.000000
NODATA_value  -9999.0
0.000000 0.000000 0.000000 0.000000 0.000000 0.000000 0.000000 0.000000 0.000000 0.000000 0.000000 0.000000 0.000000 0.000000 0.000000 0.000000 0.000000 0.000000 0.000000 0.000000 0.000000
0.000000 0.000000 0.349921 0.349921 0.349921 0.349921 0.349921 0.349921 0.349921 0.349921 0.349921 0.349921 0.349921 0.349921 0.349921 0.349921 0.349921 0.349921 0.349921 0.000000 0.000000
0.000000 0.000000 0.349994 0.349994 0.349994 0.349994 0.349994 0.349994 0.349994 0.349994 0.349994 0.349994 0.349994 0.349994 0.349994 0.349994 0.349994 0.349994 0.349994 0.000000 0.000000
0.000000 0.000000 0.350595 0.350595 0.350593 0.350594 0.350595 0.350595 0.350595 0.350595 0.350595 0.350595 0.350595 0.350595 0.350595 0.350594 0.350593 0.350595 0.350595 0.000000 0.000000
0.000000 0.000000 0.352909 0.352908 0.352907 0.352907 0.352911 0.352910 0.352909 0.352911 0.352910 0.352911 0.352909 0.352910 0.352911 0.352907 0.352907 0.352908 0.352909 0.000000 0.000000
0.000000 0.000000 0.355494 0.355494 0.355492 0.355492 0.355495 0.355494 0.355494 0.355495 0.355495 0.355495 0.355494 0.355494 0.355495 0.355492 0.355492 0.355494 0.355494 0.000000 0.000000
0.000000 0.000000 0.357948 0.357947 0.357946 0.357946 0.357948 0.357948 0.357948 0.357948 0.357948 0.357948 0.357948 0.357948 0.357948 0.357946 0.357946 0.357947 0.357948 0.000000 0.000000
0.000000 0.000000 0.360205 0.360205 0.360203 0.360204 0.360206 0.360205 0.360205 0.360206 0.360206 0.360206 0.360205 0.360205 0.360206 0.360204 0.360203 0.360205 0.360205 0.000000 0.000000
0.000000 0.000000 0.362320 0.362319 0.362318 0.362318 0.362320 0.362320 0.362320 0.362320 0.362320 0.362320 0.362320 0.362320 0.362320 0.362318 0.362318 0.362319 0.362320 0.000000 0.000000
0.000000 0.000000 0.364344 0.364344 0.364342 0.364343 0.364345 0.364344 0.364344 0.364345 0.364344 0.364345 0.364344 0.364344 0.364345 0.364343 0.364342 0.364344 0.364344 0.000000 0.000000
0.000000 0.000000 0.366300 0.366299 0.366298 0.366299 0.366300 0.366300 0.366300 0.366300 0.366300 0.366300 0.366300 0.366300 0.366300 0.366299 0.366298 0.366299 0.366300 0.000000 0.000000
0.000000 0.000000 0.368205 0.368205 0.368204 0.368204 0.368206 0.368205 0.368205 0.368206 0.368206 0.368206 0.368205 0.368205 0.368206 0.368204 0.368204 0.368205 0.368205 0.000000 0.000000
0.000000 0.000000 0.370076 0.370076 0.370075 0.370075 0.370077 0.370076 0.370076 0.370077 0.370077 0.370077 0.370076 0.370076 0.370077 0.370075 0.370075 0.370076 0.370076 0.000000 0.000000
0.000000 0.000000 0.371911 0.371911 0.371909 0.371910 0.371911 0.371911 0.371911 0.371911 0.371911 0.371911 0.371911 0.371911 0.371911 0.371910 0.371909 0.371911 0.371911 0.000000 0.000000
0.000000 0.000000 0.373718 0.373717 0.373716 0.373717 0.373718 0.373718 0.373718 0.373718 0.373718 0.373718 0.373718 0.373718 0.373718 0.373717 0.373716 0.373717 0.373718 0.000000 0.000000
0.000000 0.000000 0.375504 0.375503 0.375502 0.375503 0.375504 0.375504 0.375504 0.375504 0.375504 0.375504 0.375504 0.375504 0.375504 0.375503 0.375502 0.375503 0.375504 0.000000 0.000000
0.000000 0.000000 0.377270 0.377269 0.377268 0.377269 0.377270 0.377270 0.377270 0.377270 0.377270 0.377270 0.377270 0.377270 0.377270 0.377269 0.377268 0.377269 0.377270 0.000000 0.000000
0.000000 0.000000 0.379056 0.379057 0.379055 0.379056 0.379057 0.379057 0.379057 0.379057 0.379057 0.379057 0.379057 0.379057 0.379057 0.379056 0.379055 0.379057 0.379057 0.000000 0.000000
0.000000 0.000000 0.350000 0.350000 0.350000 0.350000 0.350000 0.350000 0.350000 0.350000 0.350000 0.350000 0.350000 0.350000 0.350000 0.350000 0.350000 0.350000 0.350000 0.000000 0.000000
0.000000 0.000000 0.000000 0.000000 0.000000 0.000000 0.000000 0.000000 0.000000 0.000000 0.000000 0.000000 0.000000 0.000000 0.000000 0.000000 0.000000 0.000000 0.000000 0.000000 0.000000