geotop/1.0zi/1.0Montebello/Templates/testdem/maps/_Eocsilt8908.asc
ncols         21
nrows         20
xllcorner     100.000000
yllcorner     100.000000
cellsize      50.000000
NODATA_value  -9999.0
0.000000 0.000000 0.000000 0.000000 0.000000 0.000000 0.000000 0.000000 0.000000 0.000000 0.000000 0.000000 0.000000 0.000000 0.000000 0.000000 0.000000 0.000000 0.000000 0.000000 0.000000
0.000000 0.000000 0.350191 0.350191 0.350191 0.350191 0.350191 0.350191 0.350191 0.350191 0.350191 0.350191 0.350191 0.350191 0.350191 0.350191 0.350191 0.350191 0.350191 0.000000 0.000000
0.000000 0.000000 0.350005 0.350005 0.350005 0.350005 0.350006 0.350005 0.350006 0.350006 0.350006 0.350006 0.350006 0.350006 0.350006 0.350005 0.350003 0.350004 0.350005 0.000000 0.000000
0.000000 0.000000 0.350121 0.350117 0.350111 0.350107 0.350106 0.350102 0.350105 0.350105 0.350102 0.350105 0.350105 0.350105 0.350107 0.350111 0.350116 0.350116 0.350119 0.000000 0.000000
0.000000 0.000000 0.351225 0.351231 0.351224 0.351207 0.351199 0.351195 0.351195 0.351192 0.351193 0.351195 0.351199 0.351197 0.351210 0.351217 0.351220 0.351223 0.351226 0.000000 0.000000
0.000000 0.000000 0.354351 0.354347 0.354336 0.354317 0.354290 0.354269 0.354268 0.354262 0.354267 0.354268 0.354271 0.354269 0.354284 0.354301 0.354311 0.354315 0.354322 0.000000 0.000000
0.000000 0.000000 0.358790 0.358781 0.358768 0.358738 0.358702 0.358657 0.358661 0.358658 0.358658 0.358657 0.358654 0.358659 0.358696 0.358724 0.358742 0.358754 0.358761 0.000000 0.000000
0.000000 0.000000 0.364039 0.364030 0.364022 0.363989 0.363953 0.363912 0.363915 0.363909 0.363908 0.363906 0.363903 0.363911 0.363947 0.363978 0.364007 0.364009 0.364022 0.000000 0.000000
0.000000 0.000000 0.369743 0.369729 0.369713 0.369689 0.369648 0.369599 0.369604 0.369594 0.369591 0.369589 0.369591 0.369590 0.369640 0.369677 0.369699 0.369705 0.369718 0.000000 0.000000
0.000000 0.000000 0.375879 0.375862 0.375853 0.375828 0.375772 0.375729 0.375731 0.375725 0.375718 0.375722 0.375728 0.375727 0.375766 0.375813 0.375838 0.375843 0.375850 0.000000 0.000000
0.000000 0.000000 0.382648 0.382637 0.382627 0.382571 0.382534 0.382479 0.382495 0.382462 0.382469 0.382465 0.382454 0.382473 0.382515 0.382543 0.382578 0.382589 0.382616 0.000000 0.000000
0.000000 0.000000 0.390325 0.390302 0.390273 0.390243 0.390194 0.390127 0.390127 0.390123 0.390136 0.390111 0.390123 0.390123 0.390195 0.390235 0.390252 0.390260 0.390320 0.000000 0.000000
0.000000 0.000000 0.398779 0.398753 0.398750 0.398691 0.398651 0.398457 0.398458 0.398448 0.398390 0.398424 0.398431 0.398450 0.398601 0.398637 0.398707 0.398706 0.398730 0.000000 0.000000
0.000000 0.000000 0.408965 0.408957 0.408910 0.408873 0.408608 0.408663 0.408614 0.408615 0.408641 0.408616 0.408611 0.408590 0.408542 0.408824 0.408847 0.408909 0.408954 0.000000 0.000000
0.000000 0.000000 0.421027 0.420994 0.420940 0.420596 0.420674 0.420493 0.420433 0.420415 0.420350 0.420314 0.420353 0.420351 0.420524 0.420462 0.420912 0.420813 0.420809 0.000000 0.000000
0.000000 0.000000 0.433731 0.433706 0.433232 0.433420 0.433363 0.433355 0.433556 0.433499 0.433603 0.433578 0.433494 0.433611 0.433585 0.433636 0.433187 0.433885 0.433873 0.000000 0.000000
0.000000 0.000000 0.447972 0.447356 0.447555 0.447287 0.446979 0.446887 0.446690 0.446738 0.446535 0.446559 0.446676 0.446554 0.446719 0.446946 0.447530 0.447080 0.447717 0.000000 0.000000
0.000000 0.000000 0.452195 0.452660 0.453083 0.453068 0.453084 0.452672 0.452746 0.452625 0.452824 0.452783 0.452753 0.452819 0.453161 0.453151 0.453152 0.452816 0.452356 0.000000 0.000000
0.000000 0.000000 0.350000 0.350000 0.350000 0.350000 0.350000 0.350000 0.350000 0.350000 0.350000 0.350000 0.350000 0.350000 0.350000 0.350000 0.350000 0.350000 0.350000 0.000000 0.000000
0.000000 0.000000 0.000000 0.000000 0.000000 0.000000 0.000000 0.000000 0.000000 0.000000 0.000000 0.000000 0.000000 0.000000 0.000000 0.000000 0.000000 0.000000 0.000000 0.000000 0.000000