geotop/1.0zi/1.0Montebello/Templates/testdem/maps/_Eocsand4311.asc
ncols         21
nrows         20
xllcorner     100.000000
yllcorner     100.000000
cellsize      50.000000
NODATA_value  -9999.0
0.000000 0.000000 0.000000 0.000000 0.000000 0.000000 0.000000 0.000000 0.000000 0.000000 0.000000 0.000000 0.000000 0.000000 0.000000 0.000000 0.000000 0.000000 0.000000 0.000000 0.000000
0.000000 0.000000 0.300107 0.300107 0.300106 0.300106 0.300106 0.300106 0.300106 0.300106 0.300106 0.300106 0.300106 0.300106 0.300106 0.300106 0.300106 0.300107 0.300107 0.000000 0.000000
0.000000 0.000000 0.300005 0.300004 0.300004 0.300004 0.300004 0.300004 0.300004 0.300004 0.300004 0.300004 0.300004 0.300004 0.300004 0.300004 0.300006 0.300006 0.300005 0.000000 0.000000
0.000000 0.000000 0.299975 0.299973 0.299976 0.299979 0.299977 0.299979 0.299977 0.299978 0.299978 0.299979 0.299979 0.299981 0.299976 0.299973 0.299973 0.299972 0.299974 0.000000 0.000000
0.000000 0.000000 0.299285 0.299284 0.299289 0.299288 0.299295 0.299299 0.299300 0.299304 0.299306 0.299301 0.299304 0.299304 0.299299 0.299300 0.299300 0.299296 0.299290 0.000000 0.000000
0.000000 0.000000 0.296981 0.296980 0.296990 0.297004 0.297010 0.297031 0.297033 0.297042 0.297034 0.297032 0.297029 0.297035 0.297036 0.297025 0.297016 0.297011 0.297004 0.000000 0.000000
0.000000 0.000000 0.293492 0.293500 0.293511 0.293537 0.293562 0.293596 0.293594 0.293601 0.293595 0.293596 0.293600 0.293600 0.293577 0.293548 0.293536 0.293527 0.293515 0.000000 0.000000
0.000000 0.000000 0.289494 0.289502 0.289513 0.289543 0.289569 0.289603 0.289599 0.289606 0.289605 0.289605 0.289611 0.289615 0.289583 0.289553 0.289535 0.289530 0.289517 0.000000 0.000000
0.000000 0.000000 0.285463 0.285474 0.285491 0.285513 0.285539 0.285580 0.285577 0.285585 0.285584 0.285582 0.285588 0.285588 0.285559 0.285524 0.285510 0.285502 0.285486 0.000000 0.000000
0.000000 0.000000 0.281451 0.281463 0.281476 0.281501 0.281533 0.281568 0.281563 0.281569 0.281568 0.281567 0.281574 0.281578 0.281544 0.281510 0.281496 0.281489 0.281476 0.000000 0.000000
0.000000 0.000000 0.277390 0.277402 0.277417 0.277436 0.277459 0.277502 0.277497 0.277507 0.277506 0.277503 0.277511 0.277514 0.277487 0.277461 0.277442 0.277435 0.277420 0.000000 0.000000
0.000000 0.000000 0.273196 0.273208 0.273225 0.273254 0.273279 0.273321 0.273321 0.273327 0.273326 0.273327 0.273332 0.273337 0.273298 0.273268 0.273250 0.273244 0.273197 0.000000 0.000000
0.000000 0.000000 0.268954 0.268968 0.268986 0.269008 0.269039 0.269125 0.269123 0.269131 0.269132 0.269130 0.269138 0.269140 0.269068 0.269032 0.269014 0.269007 0.268977 0.000000 0.000000
0.000000 0.000000 0.264477 0.264496 0.264512 0.264535 0.264621 0.264645 0.264658 0.264665 0.264663 0.264662 0.264671 0.264674 0.264651 0.264564 0.264546 0.264528 0.264510 0.000000 0.000000
0.000000 0.000000 0.259661 0.259678 0.259712 0.259791 0.259833 0.259886 0.259913 0.259923 0.259935 0.259935 0.259935 0.259948 0.259909 0.259846 0.259752 0.259755 0.259739 0.000000 0.000000
0.000000 0.000000 0.254703 0.254721 0.254822 0.254844 0.254869 0.254897 0.254901 0.254904 0.254899 0.254900 0.254917 0.254904 0.254893 0.254865 0.254861 0.254763 0.254736 0.000000 0.000000
0.000000 0.000000 0.249212 0.249338 0.249428 0.249469 0.249530 0.249564 0.249571 0.249576 0.249589 0.249588 0.249591 0.249604 0.249583 0.249509 0.249462 0.249409 0.249288 0.000000 0.000000
0.000000 0.000000 0.244902 0.244940 0.244879 0.244930 0.244986 0.245102 0.245112 0.245125 0.245120 0.245121 0.245132 0.245129 0.245028 0.244963 0.244891 0.244991 0.244936 0.000000 0.000000
0.000000 0.000000 0.300000 0.300000 0.300000 0.300000 0.300000 0.300000 0.300000 0.300000 0.300000 0.300000 0.300000 0.300000 0.300000 0.300000 0.300000 0.300000 0.300000 0.000000 0.000000
0.000000 0.000000 0.000000 0.000000 0.000000 0.000000 0.000000 0.000000 0.000000 0.000000 0.000000 0.000000 0.000000 0.000000 0.000000 0.000000 0.000000 0.000000 0.000000 0.000000 0.000000