geotop/1.0zi/1.0Montebello/Templates/testdem/maps/_Eocclay0632.asc
ncols         21
nrows         20
xllcorner     100.000000
yllcorner     100.000000
cellsize      50.000000
NODATA_value  -9999.0
0.000000 0.000000 0.000000 0.000000 0.000000 0.000000 0.000000 0.000000 0.000000 0.000000 0.000000 0.000000 0.000000 0.000000 0.000000 0.000000 0.000000 0.000000 0.000000 0.000000 0.000000
0.000000 0.000000 0.349965 0.349965 0.349965 0.349965 0.349965 0.349965 0.349965 0.349965 0.349965 0.349965 0.349965 0.349965 0.349965 0.349965 0.349965 0.349965 0.349965 0.000000 0.000000
0.000000 0.000000 0.349997 0.349997 0.349997 0.349997 0.349997 0.349997 0.349997 0.349997 0.349997 0.349997 0.349997 0.349997 0.349997 0.349997 0.349997 0.349997 0.349997 0.000000 0.000000
0.000000 0.000000 0.350279 0.350279 0.350277 0.350279 0.350279 0.350279 0.350279 0.350279 0.350279 0.350279 0.350279 0.350279 0.350279 0.350279 0.350277 0.350279 0.350279 0.000000 0.000000
0.000000 0.000000 0.351284 0.351284 0.351282 0.351284 0.351284 0.351285 0.351285 0.351285 0.351284 0.351285 0.351285 0.351285 0.351284 0.351284 0.351282 0.351284 0.351284 0.000000 0.000000
0.000000 0.000000 0.352334 0.352334 0.352332 0.352334 0.352334 0.352334 0.352334 0.352334 0.352334 0.352334 0.352334 0.352334 0.352334 0.352334 0.352332 0.352334 0.352334 0.000000 0.000000
0.000000 0.000000 0.353337 0.353337 0.353335 0.353337 0.353337 0.353337 0.353337 0.353337 0.353337 0.353337 0.353337 0.353337 0.353337 0.353337 0.353335 0.353337 0.353337 0.000000 0.000000
0.000000 0.000000 0.354272 0.354272 0.354271 0.354272 0.354272 0.354272 0.354272 0.354272 0.354272 0.354272 0.354272 0.354272 0.354272 0.354272 0.354271 0.354272 0.354272 0.000000 0.000000
0.000000 0.000000 0.355157 0.355157 0.355156 0.355157 0.355158 0.355158 0.355158 0.355158 0.355158 0.355158 0.355158 0.355158 0.355158 0.355157 0.355156 0.355157 0.355157 0.000000 0.000000
0.000000 0.000000 0.356012 0.356012 0.356011 0.356012 0.356012 0.356012 0.356012 0.356012 0.356012 0.356012 0.356012 0.356012 0.356012 0.356012 0.356011 0.356012 0.356012 0.000000 0.000000
0.000000 0.000000 0.356844 0.356844 0.356843 0.356844 0.356844 0.356844 0.356844 0.356844 0.356844 0.356844 0.356844 0.356844 0.356844 0.356844 0.356843 0.356844 0.356844 0.000000 0.000000
0.000000 0.000000 0.357661 0.357661 0.357659 0.357661 0.357661 0.357661 0.357661 0.357661 0.357661 0.357661 0.357661 0.357661 0.357661 0.357661 0.357659 0.357661 0.357661 0.000000 0.000000
0.000000 0.000000 0.358464 0.358464 0.358463 0.358464 0.358464 0.358464 0.358464 0.358464 0.358464 0.358464 0.358464 0.358464 0.358464 0.358464 0.358463 0.358464 0.358464 0.000000 0.000000
0.000000 0.000000 0.359257 0.359257 0.359255 0.359256 0.359257 0.359257 0.359257 0.359257 0.359257 0.359257 0.359257 0.359257 0.359257 0.359256 0.359255 0.359257 0.359257 0.000000 0.000000
0.000000 0.000000 0.360042 0.360042 0.360041 0.360042 0.360042 0.360042 0.360042 0.360042 0.360042 0.360042 0.360042 0.360042 0.360042 0.360042 0.360041 0.360042 0.360042 0.000000 0.000000
0.000000 0.000000 0.360824 0.360824 0.360823 0.360824 0.360824 0.360824 0.360824 0.360824 0.360824 0.360824 0.360824 0.360824 0.360824 0.360824 0.360823 0.360824 0.360824 0.000000 0.000000
0.000000 0.000000 0.361599 0.361599 0.361597 0.361599 0.361599 0.361599 0.361599 0.361599 0.361599 0.361599 0.361599 0.361599 0.361599 0.361599 0.361597 0.361599 0.361599 0.000000 0.000000
0.000000 0.000000 0.362379 0.362380 0.362378 0.362379 0.362380 0.362380 0.362380 0.362380 0.362380 0.362380 0.362380 0.362380 0.362380 0.362379 0.362378 0.362380 0.362380 0.000000 0.000000
0.000000 0.000000 0.350000 0.350000 0.350000 0.350000 0.350000 0.350000 0.350000 0.350000 0.350000 0.350000 0.350000 0.350000 0.350000 0.350000 0.350000 0.350000 0.350000 0.000000 0.000000
0.000000 0.000000 0.000000 0.000000 0.000000 0.000000 0.000000 0.000000 0.000000 0.000000 0.000000 0.000000 0.000000 0.000000 0.000000 0.000000 0.000000 0.000000 0.000000 0.000000 0.000000