geotop/1.0zi/1.0Montebello/Templates/testdem/maps/_Eocclay2385.asc
ncols         21
nrows         20
xllcorner     100.000000
yllcorner     100.000000
cellsize      50.000000
NODATA_value  -9999.0
0.000000 0.000000 0.000000 0.000000 0.000000 0.000000 0.000000 0.000000 0.000000 0.000000 0.000000 0.000000 0.000000 0.000000 0.000000 0.000000 0.000000 0.000000 0.000000 0.000000 0.000000
0.000000 0.000000 0.349874 0.349874 0.349874 0.349874 0.349874 0.349874 0.349874 0.349874 0.349873 0.349874 0.349874 0.349874 0.349874 0.349874 0.349874 0.349874 0.349874 0.000000 0.000000
0.000000 0.000000 0.349990 0.349990 0.349989 0.349990 0.349990 0.349990 0.349990 0.349990 0.349990 0.349990 0.349990 0.349990 0.349990 0.349990 0.349989 0.349990 0.349990 0.000000 0.000000
0.000000 0.000000 0.350731 0.350731 0.350729 0.350730 0.350731 0.350731 0.350731 0.350731 0.350731 0.350731 0.350731 0.350731 0.350731 0.350730 0.350729 0.350731 0.350731 0.000000 0.000000
0.000000 0.000000 0.354115 0.354114 0.354112 0.354113 0.354116 0.354115 0.354115 0.354117 0.354117 0.354117 0.354115 0.354115 0.354116 0.354113 0.354112 0.354114 0.354115 0.000000 0.000000
0.000000 0.000000 0.358033 0.358032 0.358031 0.358031 0.358034 0.358033 0.358033 0.358034 0.358034 0.358034 0.358033 0.358033 0.358034 0.358031 0.358031 0.358032 0.358033 0.000000 0.000000
0.000000 0.000000 0.361759 0.361759 0.361757 0.361758 0.361760 0.361759 0.361759 0.361760 0.361760 0.361760 0.361759 0.361759 0.361760 0.361758 0.361757 0.361759 0.361759 0.000000 0.000000
0.000000 0.000000 0.365187 0.365186 0.365185 0.365185 0.365187 0.365187 0.365187 0.365187 0.365188 0.365187 0.365187 0.365187 0.365187 0.365185 0.365185 0.365186 0.365187 0.000000 0.000000
0.000000 0.000000 0.368388 0.368388 0.368386 0.368387 0.368388 0.368388 0.368388 0.368389 0.368389 0.368389 0.368388 0.368388 0.368388 0.368387 0.368386 0.368388 0.368388 0.000000 0.000000
0.000000 0.000000 0.371435 0.371435 0.371433 0.371434 0.371435 0.371435 0.371435 0.371435 0.371436 0.371435 0.371435 0.371435 0.371435 0.371434 0.371433 0.371435 0.371435 0.000000 0.000000
0.000000 0.000000 0.374363 0.374362 0.374361 0.374362 0.374363 0.374362 0.374362 0.374363 0.374363 0.374363 0.374362 0.374362 0.374363 0.374362 0.374361 0.374362 0.374363 0.000000 0.000000
0.000000 0.000000 0.377198 0.377198 0.377197 0.377197 0.377199 0.377198 0.377198 0.377199 0.377199 0.377199 0.377198 0.377198 0.377199 0.377197 0.377197 0.377198 0.377198 0.000000 0.000000
0.000000 0.000000 0.379963 0.379963 0.379961 0.379962 0.379963 0.379963 0.379963 0.379963 0.379964 0.379963 0.379963 0.379963 0.379963 0.379962 0.379961 0.379963 0.379963 0.000000 0.000000
0.000000 0.000000 0.382669 0.382668 0.382667 0.382668 0.382669 0.382668 0.382668 0.382669 0.382669 0.382669 0.382668 0.382668 0.382669 0.382668 0.382667 0.382668 0.382669 0.000000 0.000000
0.000000 0.000000 0.385325 0.385325 0.385324 0.385324 0.385325 0.385325 0.385325 0.385326 0.385326 0.385326 0.385325 0.385325 0.385325 0.385324 0.385324 0.385325 0.385325 0.000000 0.000000
0.000000 0.000000 0.387935 0.387935 0.387934 0.387934 0.387936 0.387935 0.387935 0.387936 0.387936 0.387936 0.387935 0.387935 0.387936 0.387934 0.387934 0.387935 0.387935 0.000000 0.000000
0.000000 0.000000 0.390501 0.390501 0.390500 0.390500 0.390501 0.390501 0.390501 0.390501 0.390502 0.390501 0.390501 0.390501 0.390501 0.390500 0.390500 0.390501 0.390501 0.000000 0.000000
0.000000 0.000000 0.393060 0.393060 0.393059 0.393059 0.393060 0.393060 0.393060 0.393061 0.393061 0.393061 0.393060 0.393060 0.393060 0.393059 0.393059 0.393060 0.393060 0.000000 0.000000
0.000000 0.000000 0.350000 0.350000 0.350000 0.350000 0.350000 0.350000 0.350000 0.350000 0.350000 0.350000 0.350000 0.350000 0.350000 0.350000 0.350000 0.350000 0.350000 0.000000 0.000000
0.000000 0.000000 0.000000 0.000000 0.000000 0.000000 0.000000 0.000000 0.000000 0.000000 0.000000 0.000000 0.000000 0.000000 0.000000 0.000000 0.000000 0.000000 0.000000 0.000000 0.000000