geotop/1.0zi/1.0Montebello/Templates/testdem/maps/_Eocsand6885.asc
ncols         21
nrows         20
xllcorner     100.000000
yllcorner     100.000000
cellsize      50.000000
NODATA_value  -9999.0
0.000000 0.000000 0.000000 0.000000 0.000000 0.000000 0.000000 0.000000 0.000000 0.000000 0.000000 0.000000 0.000000 0.000000 0.000000 0.000000 0.000000 0.000000 0.000000 0.000000 0.000000
0.000000 0.000000 0.300171 0.300169 0.300168 0.300169 0.300168 0.300168 0.300168 0.300168 0.300169 0.300168 0.300169 0.300169 0.300168 0.300168 0.300170 0.300170 0.300169 0.000000 0.000000
0.000000 0.000000 0.300009 0.300010 0.300010 0.300009 0.300010 0.300010 0.300010 0.300010 0.300010 0.300010 0.300009 0.300010 0.300010 0.300010 0.300010 0.300011 0.300012 0.000000 0.000000
0.000000 0.000000 0.299963 0.299962 0.299966 0.299971 0.299969 0.299971 0.299967 0.299970 0.299967 0.299970 0.299970 0.299970 0.299969 0.299964 0.299963 0.299960 0.299960 0.000000 0.000000
0.000000 0.000000 0.298611 0.298606 0.298613 0.298624 0.298641 0.298649 0.298651 0.298651 0.298654 0.298650 0.298653 0.298650 0.298632 0.298628 0.298625 0.298616 0.298604 0.000000 0.000000
0.000000 0.000000 0.294536 0.294535 0.294553 0.294591 0.294614 0.294654 0.294653 0.294664 0.294656 0.294653 0.294651 0.294652 0.294637 0.294611 0.294591 0.294573 0.294561 0.000000 0.000000
0.000000 0.000000 0.288549 0.288555 0.288571 0.288613 0.288664 0.288722 0.288722 0.288730 0.288726 0.288725 0.288728 0.288724 0.288677 0.288629 0.288604 0.288582 0.288565 0.000000 0.000000
0.000000 0.000000 0.281374 0.281375 0.281386 0.281433 0.281482 0.281546 0.281546 0.281553 0.281554 0.281556 0.281560 0.281549 0.281497 0.281451 0.281411 0.281400 0.281376 0.000000 0.000000
0.000000 0.000000 0.273859 0.273870 0.273894 0.273922 0.273973 0.274041 0.274037 0.274052 0.274056 0.274057 0.274056 0.274059 0.273994 0.273937 0.273906 0.273892 0.273872 0.000000 0.000000
0.000000 0.000000 0.266132 0.266146 0.266158 0.266183 0.266256 0.266317 0.266314 0.266323 0.266332 0.266325 0.266315 0.266322 0.266268 0.266204 0.266169 0.266160 0.266144 0.000000 0.000000
0.000000 0.000000 0.257995 0.258005 0.258017 0.258073 0.258121 0.258191 0.258176 0.258213 0.258209 0.258207 0.258219 0.258197 0.258152 0.258112 0.258068 0.258045 0.258011 0.000000 0.000000
0.000000 0.000000 0.249262 0.249283 0.249309 0.249349 0.249398 0.249483 0.249483 0.249500 0.249479 0.249503 0.249499 0.249492 0.249410 0.249367 0.249337 0.249322 0.249240 0.000000 0.000000
0.000000 0.000000 0.240100 0.240122 0.240136 0.240182 0.240226 0.240420 0.240422 0.240437 0.240481 0.240458 0.240444 0.240428 0.240282 0.240238 0.240167 0.240160 0.240107 0.000000 0.000000
0.000000 0.000000 0.229853 0.229863 0.229899 0.229934 0.230144 0.230170 0.230216 0.230218 0.230218 0.230220 0.230223 0.230231 0.230224 0.230001 0.229950 0.229894 0.229835 0.000000 0.000000
0.000000 0.000000 0.218241 0.218258 0.218308 0.218549 0.218587 0.218706 0.218780 0.218793 0.218832 0.218862 0.218835 0.218848 0.218740 0.218676 0.218349 0.218384 0.218356 0.000000 0.000000
0.000000 0.000000 0.205667 0.205685 0.206021 0.206023 0.206036 0.206100 0.206005 0.206049 0.206000 0.206035 0.206078 0.206001 0.205968 0.205944 0.206056 0.205616 0.205612 0.000000 0.000000
0.000000 0.000000 0.190576 0.191071 0.191128 0.191275 0.191519 0.191607 0.191683 0.191673 0.191793 0.191792 0.191731 0.191778 0.191654 0.191468 0.191152 0.191203 0.190693 0.000000 0.000000
0.000000 0.000000 0.181283 0.181059 0.180588 0.180666 0.180756 0.181200 0.181187 0.181297 0.181170 0.181203 0.181194 0.181164 0.180767 0.180693 0.180507 0.180959 0.181158 0.000000 0.000000
0.000000 0.000000 0.300000 0.300000 0.300000 0.300000 0.300000 0.300000 0.300000 0.300000 0.300000 0.300000 0.300000 0.300000 0.300000 0.300000 0.300000 0.300000 0.300000 0.000000 0.000000
0.000000 0.000000 0.000000 0.000000 0.000000 0.000000 0.000000 0.000000 0.000000 0.000000 0.000000 0.000000 0.000000 0.000000 0.000000 0.000000 0.000000 0.000000 0.000000 0.000000 0.000000