geotop/1.0zi/1.0Montebello/Templates/testdem/maps/_Eocsand4745.asc
ncols         21
nrows         20
xllcorner     100.000000
yllcorner     100.000000
cellsize      50.000000
NODATA_value  -9999.0
0.000000 0.000000 0.000000 0.000000 0.000000 0.000000 0.000000 0.000000 0.000000 0.000000 0.000000 0.000000 0.000000 0.000000 0.000000 0.000000 0.000000 0.000000 0.000000 0.000000 0.000000
0.000000 0.000000 0.300117 0.300116 0.300116 0.300116 0.300116 0.300116 0.300116 0.300116 0.300116 0.300116 0.300116 0.300116 0.300116 0.300116 0.300116 0.300116 0.300117 0.000000 0.000000
0.000000 0.000000 0.300006 0.300005 0.300005 0.300005 0.300005 0.300005 0.300005 0.300005 0.300005 0.300005 0.300005 0.300005 0.300005 0.300005 0.300007 0.300007 0.300006 0.000000 0.000000
0.000000 0.000000 0.299975 0.299973 0.299975 0.299979 0.299976 0.299979 0.299977 0.299977 0.299977 0.299978 0.299978 0.299980 0.299976 0.299972 0.299973 0.299971 0.299973 0.000000 0.000000
0.000000 0.000000 0.299276 0.299274 0.299275 0.299285 0.299296 0.299301 0.299302 0.299306 0.299308 0.299303 0.299306 0.299304 0.299295 0.299294 0.299289 0.299280 0.299274 0.000000 0.000000
0.000000 0.000000 0.296855 0.296849 0.296859 0.296886 0.296897 0.296926 0.296930 0.296940 0.296930 0.296927 0.296920 0.296920 0.296913 0.296898 0.296886 0.296877 0.296868 0.000000 0.000000
0.000000 0.000000 0.293139 0.293143 0.293153 0.293182 0.293215 0.293254 0.293253 0.293261 0.293253 0.293255 0.293255 0.293249 0.293222 0.293189 0.293174 0.293161 0.293148 0.000000 0.000000
0.000000 0.000000 0.288740 0.288746 0.288749 0.288779 0.288815 0.288854 0.288852 0.288859 0.288857 0.288857 0.288859 0.288856 0.288819 0.288784 0.288765 0.288758 0.288745 0.000000 0.000000
0.000000 0.000000 0.284250 0.284258 0.284269 0.284292 0.284325 0.284370 0.284367 0.284376 0.284375 0.284372 0.284375 0.284371 0.284335 0.284296 0.284281 0.284272 0.284255 0.000000 0.000000
0.000000 0.000000 0.279768 0.279777 0.279785 0.279808 0.279848 0.279887 0.279882 0.279889 0.279888 0.279886 0.279890 0.279890 0.279850 0.279812 0.279796 0.279788 0.279775 0.000000 0.000000
0.000000 0.000000 0.275218 0.275228 0.275235 0.275254 0.275284 0.275332 0.275328 0.275339 0.275338 0.275335 0.275339 0.275337 0.275302 0.275273 0.275253 0.275244 0.275228 0.000000 0.000000
0.000000 0.000000 0.270505 0.270513 0.270525 0.270553 0.270584 0.270631 0.270632 0.270639 0.270637 0.270638 0.270640 0.270639 0.270595 0.270560 0.270542 0.270534 0.270485 0.000000 0.000000
0.000000 0.000000 0.265720 0.265730 0.265742 0.265763 0.265802 0.265899 0.265898 0.265907 0.265907 0.265905 0.265910 0.265906 0.265821 0.265781 0.265762 0.265753 0.265723 0.000000 0.000000
0.000000 0.000000 0.260639 0.260657 0.260665 0.260687 0.260790 0.260817 0.260832 0.260840 0.260837 0.260836 0.260842 0.260839 0.260810 0.260711 0.260691 0.260670 0.260653 0.000000 0.000000
0.000000 0.000000 0.255146 0.255160 0.255187 0.255276 0.255327 0.255389 0.255419 0.255430 0.255443 0.255443 0.255438 0.255446 0.255397 0.255328 0.255219 0.255223 0.255207 0.000000 0.000000
0.000000 0.000000 0.249455 0.249469 0.249578 0.249598 0.249632 0.249664 0.249667 0.249670 0.249663 0.249664 0.249678 0.249655 0.249639 0.249609 0.249608 0.249489 0.249461 0.000000 0.000000
0.000000 0.000000 0.243102 0.243248 0.243336 0.243379 0.243457 0.243498 0.243507 0.243514 0.243529 0.243527 0.243524 0.243533 0.243502 0.243416 0.243359 0.243303 0.243159 0.000000 0.000000
0.000000 0.000000 0.238180 0.238209 0.238117 0.238171 0.238238 0.238381 0.238395 0.238410 0.238402 0.238402 0.238410 0.238397 0.238267 0.238195 0.238114 0.238237 0.238183 0.000000 0.000000
0.000000 0.000000 0.300000 0.300000 0.300000 0.300000 0.300000 0.300000 0.300000 0.300000 0.300000 0.300000 0.300000 0.300000 0.300000 0.300000 0.300000 0.300000 0.300000 0.000000 0.000000
0.000000 0.000000 0.000000 0.000000 0.000000 0.000000 0.000000 0.000000 0.000000 0.000000 0.000000 0.000000 0.000000 0.000000 0.000000 0.000000 0.000000 0.000000 0.000000 0.000000 0.000000