geotop/1.0zi/1.0Montebello/Templates/testdem/maps/_Eocsilt6281.asc
ncols         21
nrows         20
xllcorner     100.000000
yllcorner     100.000000
cellsize      50.000000
NODATA_value  -9999.0
0.000000 0.000000 0.000000 0.000000 0.000000 0.000000 0.000000 0.000000 0.000000 0.000000 0.000000 0.000000 0.000000 0.000000 0.000000 0.000000 0.000000 0.000000 0.000000 0.000000 0.000000
0.000000 0.000000 0.350125 0.350126 0.350126 0.350126 0.350125 0.350126 0.350126 0.350125 0.350126 0.350125 0.350125 0.350125 0.350125 0.350126 0.350126 0.350126 0.350125 0.000000 0.000000
0.000000 0.000000 0.350002 0.350002 0.350002 0.350002 0.350003 0.350002 0.350003 0.350003 0.350003 0.350003 0.350003 0.350003 0.350002 0.350002 0.350000 0.350000 0.350002 0.000000 0.000000
0.000000 0.000000 0.350052 0.350049 0.350048 0.350043 0.350044 0.350042 0.350044 0.350045 0.350043 0.350043 0.350043 0.350042 0.350045 0.350048 0.350050 0.350051 0.350051 0.000000 0.000000
0.000000 0.000000 0.350600 0.350606 0.350603 0.350598 0.350594 0.350588 0.350587 0.350585 0.350583 0.350585 0.350587 0.350588 0.350593 0.350596 0.350597 0.350605 0.350609 0.000000 0.000000
0.000000 0.000000 0.352278 0.352282 0.352275 0.352260 0.352248 0.352230 0.352229 0.352224 0.352229 0.352231 0.352232 0.352229 0.352236 0.352243 0.352253 0.352257 0.352263 0.000000 0.000000
0.000000 0.000000 0.354817 0.354815 0.354808 0.354788 0.354764 0.354740 0.354741 0.354738 0.354739 0.354739 0.354736 0.354740 0.354760 0.354780 0.354791 0.354802 0.354809 0.000000 0.000000
0.000000 0.000000 0.357921 0.357922 0.357919 0.357900 0.357877 0.357849 0.357849 0.357846 0.357846 0.357845 0.357843 0.357847 0.357870 0.357891 0.357909 0.357912 0.357923 0.000000 0.000000
0.000000 0.000000 0.361189 0.361185 0.361174 0.361162 0.361139 0.361107 0.361109 0.361102 0.361100 0.361101 0.361101 0.361099 0.361130 0.361153 0.361169 0.361175 0.361185 0.000000 0.000000
0.000000 0.000000 0.364501 0.364496 0.364491 0.364481 0.364450 0.364422 0.364423 0.364419 0.364415 0.364419 0.364423 0.364419 0.364444 0.364471 0.364487 0.364490 0.364497 0.000000 0.000000
0.000000 0.000000 0.367927 0.367924 0.367920 0.367896 0.367875 0.367845 0.367851 0.367835 0.367836 0.367837 0.367833 0.367842 0.367862 0.367878 0.367897 0.367907 0.367921 0.000000 0.000000
0.000000 0.000000 0.371560 0.371554 0.371542 0.371525 0.371505 0.371467 0.371468 0.371460 0.371469 0.371459 0.371461 0.371464 0.371500 0.371516 0.371529 0.371535 0.371571 0.000000 0.000000
0.000000 0.000000 0.375323 0.375315 0.375309 0.375290 0.375272 0.375193 0.375193 0.375186 0.375169 0.375178 0.375183 0.375190 0.375249 0.375265 0.375294 0.375297 0.375322 0.000000 0.000000
0.000000 0.000000 0.379452 0.379448 0.379435 0.379421 0.379342 0.379324 0.379307 0.379306 0.379301 0.379303 0.379302 0.379299 0.379309 0.379390 0.379414 0.379434 0.379460 0.000000 0.000000
0.000000 0.000000 0.384052 0.384048 0.384029 0.383942 0.383919 0.383872 0.383843 0.383837 0.383822 0.383810 0.383822 0.383817 0.383855 0.383888 0.384009 0.383999 0.384014 0.000000 0.000000
0.000000 0.000000 0.388973 0.388967 0.388850 0.388837 0.388831 0.388803 0.388829 0.388814 0.388827 0.388814 0.388800 0.388826 0.388844 0.388854 0.388834 0.388983 0.388986 0.000000 0.000000
0.000000 0.000000 0.394709 0.394547 0.394505 0.394457 0.394378 0.394344 0.394326 0.394326 0.394288 0.394286 0.394303 0.394293 0.394336 0.394396 0.394493 0.394508 0.394676 0.000000 0.000000
0.000000 0.000000 0.398660 0.398695 0.398845 0.398810 0.398763 0.398613 0.398612 0.398577 0.398606 0.398597 0.398604 0.398611 0.398749 0.398783 0.398869 0.398718 0.398693 0.000000 0.000000
0.000000 0.000000 0.350000 0.350000 0.350000 0.350000 0.350000 0.350000 0.350000 0.350000 0.350000 0.350000 0.350000 0.350000 0.350000 0.350000 0.350000 0.350000 0.350000 0.000000 0.000000
0.000000 0.000000 0.000000 0.000000 0.000000 0.000000 0.000000 0.000000 0.000000 0.000000 0.000000 0.000000 0.000000 0.000000 0.000000 0.000000 0.000000 0.000000 0.000000 0.000000 0.000000