geotop/1.0zi/1.0Montebello/Templates/testdem/maps/_Eocclay3357.asc
ncols         21
nrows         20
xllcorner     100.000000
yllcorner     100.000000
cellsize      50.000000
NODATA_value  -9999.0
0.000000 0.000000 0.000000 0.000000 0.000000 0.000000 0.000000 0.000000 0.000000 0.000000 0.000000 0.000000 0.000000 0.000000 0.000000 0.000000 0.000000 0.000000 0.000000 0.000000 0.000000
0.000000 0.000000 0.349819 0.349819 0.349819 0.349819 0.349819 0.349819 0.349819 0.349819 0.349818 0.349819 0.349819 0.349819 0.349819 0.349819 0.349819 0.349819 0.349819 0.000000 0.000000
0.000000 0.000000 0.349995 0.349995 0.349995 0.349996 0.349995 0.349995 0.349995 0.349995 0.349996 0.349995 0.349995 0.349995 0.349995 0.349996 0.349995 0.349995 0.349995 0.000000 0.000000
0.000000 0.000000 0.351287 0.351287 0.351284 0.351285 0.351286 0.351286 0.351286 0.351286 0.351287 0.351286 0.351286 0.351286 0.351286 0.351285 0.351284 0.351287 0.351287 0.000000 0.000000
0.000000 0.000000 0.356471 0.356470 0.356469 0.356469 0.356472 0.356471 0.356471 0.356472 0.356473 0.356472 0.356471 0.356471 0.356472 0.356469 0.356469 0.356470 0.356471 0.000000 0.000000
0.000000 0.000000 0.362201 0.362200 0.362198 0.362199 0.362201 0.362200 0.362200 0.362201 0.362202 0.362201 0.362200 0.362200 0.362201 0.362199 0.362198 0.362200 0.362201 0.000000 0.000000
0.000000 0.000000 0.367564 0.367564 0.367562 0.367562 0.367565 0.367564 0.367564 0.367564 0.367565 0.367564 0.367564 0.367564 0.367565 0.367562 0.367562 0.367564 0.367564 0.000000 0.000000
0.000000 0.000000 0.372444 0.372444 0.372443 0.372443 0.372445 0.372444 0.372444 0.372445 0.372445 0.372445 0.372444 0.372444 0.372445 0.372443 0.372443 0.372444 0.372444 0.000000 0.000000
0.000000 0.000000 0.376955 0.376955 0.376953 0.376954 0.376955 0.376955 0.376955 0.376955 0.376956 0.376955 0.376955 0.376955 0.376955 0.376954 0.376953 0.376955 0.376955 0.000000 0.000000
0.000000 0.000000 0.381201 0.381201 0.381199 0.381200 0.381201 0.381201 0.381201 0.381201 0.381202 0.381201 0.381201 0.381201 0.381201 0.381200 0.381199 0.381201 0.381201 0.000000 0.000000
0.000000 0.000000 0.385236 0.385235 0.385234 0.385235 0.385236 0.385235 0.385235 0.385236 0.385236 0.385236 0.385235 0.385235 0.385236 0.385235 0.385234 0.385235 0.385236 0.000000 0.000000
0.000000 0.000000 0.389097 0.389097 0.389095 0.389096 0.389097 0.389097 0.389097 0.389097 0.389098 0.389097 0.389097 0.389097 0.389097 0.389096 0.389095 0.389097 0.389097 0.000000 0.000000
0.000000 0.000000 0.392813 0.392813 0.392812 0.392813 0.392814 0.392813 0.392813 0.392814 0.392814 0.392814 0.392813 0.392813 0.392814 0.392813 0.392812 0.392813 0.392813 0.000000 0.000000
0.000000 0.000000 0.396415 0.396415 0.396414 0.396414 0.396416 0.396415 0.396415 0.396415 0.396416 0.396415 0.396415 0.396415 0.396416 0.396414 0.396414 0.396415 0.396415 0.000000 0.000000
0.000000 0.000000 0.399912 0.399912 0.399910 0.399911 0.399912 0.399912 0.399912 0.399912 0.399913 0.399912 0.399912 0.399912 0.399912 0.399911 0.399910 0.399912 0.399912 0.000000 0.000000
0.000000 0.000000 0.403308 0.403308 0.403307 0.403308 0.403309 0.403308 0.403308 0.403309 0.403309 0.403309 0.403308 0.403308 0.403309 0.403308 0.403307 0.403308 0.403308 0.000000 0.000000
0.000000 0.000000 0.406617 0.406617 0.406616 0.406616 0.406618 0.406617 0.406617 0.406618 0.406618 0.406618 0.406617 0.406617 0.406618 0.406616 0.406616 0.406617 0.406617 0.000000 0.000000
0.000000 0.000000 0.409901 0.409901 0.409900 0.409900 0.409902 0.409901 0.409901 0.409902 0.409902 0.409902 0.409901 0.409901 0.409902 0.409900 0.409900 0.409901 0.409901 0.000000 0.000000
0.000000 0.000000 0.350000 0.350000 0.350000 0.350000 0.350000 0.350000 0.350000 0.350000 0.350000 0.350000 0.350000 0.350000 0.350000 0.350000 0.350000 0.350000 0.350000 0.000000 0.000000
0.000000 0.000000 0.000000 0.000000 0.000000 0.000000 0.000000 0.000000 0.000000 0.000000 0.000000 0.000000 0.000000 0.000000 0.000000 0.000000 0.000000 0.000000 0.000000 0.000000 0.000000