geotop/1.0zi/1.0Montebello/Templates/testdem/maps/_Eocsilt7107.asc
ncols         21
nrows         20
xllcorner     100.000000
yllcorner     100.000000
cellsize      50.000000
NODATA_value  -9999.0
0.000000 0.000000 0.000000 0.000000 0.000000 0.000000 0.000000 0.000000 0.000000 0.000000 0.000000 0.000000 0.000000 0.000000 0.000000 0.000000 0.000000 0.000000 0.000000 0.000000 0.000000
0.000000 0.000000 0.350143 0.350144 0.350144 0.350144 0.350144 0.350144 0.350144 0.350144 0.350144 0.350144 0.350143 0.350144 0.350143 0.350144 0.350144 0.350144 0.350143 0.000000 0.000000
0.000000 0.000000 0.350004 0.350003 0.350003 0.350003 0.350003 0.350003 0.350003 0.350003 0.350004 0.350004 0.350004 0.350004 0.350003 0.350003 0.350001 0.350001 0.350003 0.000000 0.000000
0.000000 0.000000 0.350063 0.350060 0.350058 0.350053 0.350054 0.350051 0.350054 0.350053 0.350051 0.350053 0.350053 0.350053 0.350054 0.350057 0.350060 0.350062 0.350062 0.000000 0.000000
0.000000 0.000000 0.350773 0.350779 0.350775 0.350766 0.350761 0.350755 0.350753 0.350751 0.350751 0.350752 0.350752 0.350754 0.350765 0.350769 0.350768 0.350776 0.350781 0.000000 0.000000
0.000000 0.000000 0.352874 0.352875 0.352866 0.352852 0.352835 0.352815 0.352815 0.352809 0.352814 0.352815 0.352815 0.352814 0.352824 0.352834 0.352843 0.352850 0.352856 0.000000 0.000000
0.000000 0.000000 0.355971 0.355968 0.355958 0.355935 0.355907 0.355878 0.355880 0.355876 0.355878 0.355876 0.355873 0.355878 0.355901 0.355925 0.355939 0.355952 0.355960 0.000000 0.000000
0.000000 0.000000 0.359685 0.359684 0.359679 0.359655 0.359628 0.359596 0.359597 0.359593 0.359592 0.359590 0.359588 0.359593 0.359620 0.359645 0.359666 0.359671 0.359683 0.000000 0.000000
0.000000 0.000000 0.363623 0.363616 0.363603 0.363588 0.363560 0.363523 0.363525 0.363517 0.363515 0.363513 0.363514 0.363513 0.363549 0.363578 0.363594 0.363603 0.363614 0.000000 0.000000
0.000000 0.000000 0.367677 0.367670 0.367663 0.367649 0.367610 0.367578 0.367579 0.367575 0.367570 0.367572 0.367576 0.367574 0.367603 0.367636 0.367655 0.367660 0.367668 0.000000 0.000000
0.000000 0.000000 0.371946 0.371941 0.371934 0.371903 0.371877 0.371840 0.371848 0.371828 0.371830 0.371830 0.371823 0.371836 0.371860 0.371881 0.371904 0.371917 0.371935 0.000000 0.000000
0.000000 0.000000 0.376552 0.376540 0.376525 0.376505 0.376477 0.376431 0.376431 0.376423 0.376434 0.376419 0.376422 0.376427 0.376471 0.376493 0.376509 0.376518 0.376561 0.000000 0.000000
0.000000 0.000000 0.381403 0.381390 0.381383 0.381358 0.381333 0.381229 0.381228 0.381220 0.381195 0.381207 0.381213 0.381223 0.381302 0.381325 0.381363 0.381367 0.381394 0.000000 0.000000
0.000000 0.000000 0.386863 0.386858 0.386837 0.386819 0.386703 0.386691 0.386667 0.386666 0.386667 0.386663 0.386661 0.386657 0.386660 0.386780 0.386806 0.386838 0.386869 0.000000 0.000000
0.000000 0.000000 0.393091 0.393081 0.393053 0.392920 0.392902 0.392835 0.392798 0.392789 0.392768 0.392749 0.392764 0.392759 0.392820 0.392849 0.393029 0.393009 0.393023 0.000000 0.000000
0.000000 0.000000 0.399853 0.399842 0.399655 0.399664 0.399653 0.399615 0.399671 0.399647 0.399675 0.399655 0.399629 0.399674 0.399696 0.399708 0.399632 0.399881 0.399883 0.000000 0.000000
0.000000 0.000000 0.408027 0.407745 0.407727 0.407639 0.407496 0.407449 0.407402 0.407409 0.407338 0.407338 0.407374 0.407346 0.407416 0.407521 0.407710 0.407663 0.407953 0.000000 0.000000
0.000000 0.000000 0.412796 0.412950 0.413211 0.413175 0.413130 0.412878 0.412891 0.412827 0.412905 0.412884 0.412885 0.412907 0.413130 0.413162 0.413254 0.413010 0.412868 0.000000 0.000000
0.000000 0.000000 0.350000 0.350000 0.350000 0.350000 0.350000 0.350000 0.350000 0.350000 0.350000 0.350000 0.350000 0.350000 0.350000 0.350000 0.350000 0.350000 0.350000 0.000000 0.000000
0.000000 0.000000 0.000000 0.000000 0.000000 0.000000 0.000000 0.000000 0.000000 0.000000 0.000000 0.000000 0.000000 0.000000 0.000000 0.000000 0.000000 0.000000 0.000000 0.000000 0.000000