geotop/1.0zi/1.0Montebello/Templates/testdem/maps/_Eocsand4706.asc
ncols         21
nrows         20
xllcorner     100.000000
yllcorner     100.000000
cellsize      50.000000
NODATA_value  -9999.0
0.000000 0.000000 0.000000 0.000000 0.000000 0.000000 0.000000 0.000000 0.000000 0.000000 0.000000 0.000000 0.000000 0.000000 0.000000 0.000000 0.000000 0.000000 0.000000 0.000000 0.000000
0.000000 0.000000 0.300117 0.300116 0.300116 0.300116 0.300116 0.300116 0.300116 0.300116 0.300116 0.300116 0.300116 0.300116 0.300116 0.300116 0.300116 0.300116 0.300117 0.000000 0.000000
0.000000 0.000000 0.300006 0.300005 0.300005 0.300005 0.300005 0.300005 0.300005 0.300005 0.300005 0.300005 0.300005 0.300004 0.300005 0.300005 0.300007 0.300007 0.300006 0.000000 0.000000
0.000000 0.000000 0.299974 0.299973 0.299975 0.299979 0.299976 0.299979 0.299977 0.299977 0.299977 0.299978 0.299978 0.299980 0.299976 0.299972 0.299973 0.299971 0.299973 0.000000 0.000000
0.000000 0.000000 0.299276 0.299274 0.299275 0.299285 0.299296 0.299301 0.299302 0.299306 0.299308 0.299303 0.299306 0.299304 0.299295 0.299294 0.299289 0.299280 0.299274 0.000000 0.000000
0.000000 0.000000 0.296861 0.296855 0.296865 0.296892 0.296903 0.296932 0.296935 0.296945 0.296936 0.296933 0.296926 0.296925 0.296919 0.296903 0.296891 0.296882 0.296873 0.000000 0.000000
0.000000 0.000000 0.293165 0.293169 0.293178 0.293206 0.293238 0.293276 0.293275 0.293283 0.293275 0.293276 0.293277 0.293272 0.293245 0.293213 0.293198 0.293185 0.293172 0.000000 0.000000
0.000000 0.000000 0.288799 0.288803 0.288805 0.288835 0.288869 0.288908 0.288906 0.288913 0.288911 0.288910 0.288914 0.288911 0.288875 0.288840 0.288821 0.288814 0.288801 0.000000 0.000000
0.000000 0.000000 0.284348 0.284355 0.284365 0.284387 0.284419 0.284462 0.284460 0.284469 0.284467 0.284464 0.284468 0.284465 0.284430 0.284392 0.284376 0.284367 0.284351 0.000000 0.000000
0.000000 0.000000 0.279911 0.279918 0.279924 0.279947 0.279984 0.280023 0.280018 0.280025 0.280024 0.280022 0.280027 0.280027 0.279988 0.279950 0.279935 0.279927 0.279914 0.000000 0.000000
0.000000 0.000000 0.275408 0.275417 0.275422 0.275439 0.275468 0.275515 0.275511 0.275522 0.275520 0.275517 0.275522 0.275522 0.275489 0.275459 0.275440 0.275430 0.275415 0.000000 0.000000
0.000000 0.000000 0.270747 0.270754 0.270764 0.270790 0.270820 0.270865 0.270866 0.270873 0.270872 0.270872 0.270875 0.270876 0.270833 0.270799 0.270780 0.270772 0.270724 0.000000 0.000000
0.000000 0.000000 0.266019 0.266027 0.266037 0.266057 0.266093 0.266188 0.266187 0.266197 0.266196 0.266194 0.266201 0.266198 0.266115 0.266075 0.266056 0.266048 0.266018 0.000000 0.000000
0.000000 0.000000 0.261001 0.261016 0.261022 0.261043 0.261142 0.261168 0.261183 0.261190 0.261188 0.261187 0.261194 0.261193 0.261166 0.261068 0.261047 0.261027 0.261010 0.000000 0.000000
0.000000 0.000000 0.255578 0.255590 0.255615 0.255701 0.255749 0.255810 0.255840 0.255850 0.255863 0.255863 0.255860 0.255869 0.255822 0.255754 0.255646 0.255650 0.255635 0.000000 0.000000
0.000000 0.000000 0.249965 0.249977 0.250082 0.250100 0.250131 0.250162 0.250165 0.250168 0.250161 0.250161 0.250177 0.250157 0.250142 0.250113 0.250111 0.249994 0.249966 0.000000 0.000000
0.000000 0.000000 0.243704 0.243845 0.243930 0.243971 0.244044 0.244084 0.244093 0.244099 0.244114 0.244112 0.244111 0.244122 0.244093 0.244008 0.243953 0.243897 0.243755 0.000000 0.000000
0.000000 0.000000 0.238846 0.238873 0.238780 0.238832 0.238895 0.239035 0.239048 0.239063 0.239055 0.239055 0.239065 0.239055 0.238928 0.238857 0.238777 0.238898 0.238844 0.000000 0.000000
0.000000 0.000000 0.300000 0.300000 0.300000 0.300000 0.300000 0.300000 0.300000 0.300000 0.300000 0.300000 0.300000 0.300000 0.300000 0.300000 0.300000 0.300000 0.300000 0.000000 0.000000
0.000000 0.000000 0.000000 0.000000 0.000000 0.000000 0.000000 0.000000 0.000000 0.000000 0.000000 0.000000 0.000000 0.000000 0.000000 0.000000 0.000000 0.000000 0.000000 0.000000 0.000000