geotop/1.0zi/1.0Montebello/Templates/testdem/maps/_Eocsand7690.asc
ncols         21
nrows         20
xllcorner     100.000000
yllcorner     100.000000
cellsize      50.000000
NODATA_value  -9999.0
0.000000 0.000000 0.000000 0.000000 0.000000 0.000000 0.000000 0.000000 0.000000 0.000000 0.000000 0.000000 0.000000 0.000000 0.000000 0.000000 0.000000 0.000000 0.000000 0.000000 0.000000
0.000000 0.000000 0.300196 0.300194 0.300194 0.300194 0.300193 0.300193 0.300193 0.300193 0.300194 0.300193 0.300194 0.300194 0.300193 0.300193 0.300195 0.300195 0.300194 0.000000 0.000000
0.000000 0.000000 0.300010 0.300011 0.300011 0.300010 0.300011 0.300011 0.300011 0.300011 0.300011 0.300011 0.300010 0.300011 0.300011 0.300011 0.300012 0.300012 0.300013 0.000000 0.000000
0.000000 0.000000 0.299894 0.299893 0.299898 0.299906 0.299901 0.299909 0.299904 0.299906 0.299906 0.299906 0.299906 0.299908 0.299903 0.299898 0.299896 0.299893 0.299893 0.000000 0.000000
0.000000 0.000000 0.298077 0.298073 0.298082 0.298097 0.298119 0.298128 0.298134 0.298133 0.298136 0.298135 0.298138 0.298132 0.298109 0.298103 0.298093 0.298081 0.298073 0.000000 0.000000
0.000000 0.000000 0.293023 0.293024 0.293045 0.293088 0.293119 0.293164 0.293164 0.293177 0.293169 0.293170 0.293166 0.293165 0.293143 0.293112 0.293086 0.293063 0.293052 0.000000 0.000000
0.000000 0.000000 0.285873 0.285880 0.285899 0.285948 0.286008 0.286077 0.286077 0.286087 0.286085 0.286086 0.286088 0.286082 0.286022 0.285968 0.285936 0.285908 0.285893 0.000000 0.000000
0.000000 0.000000 0.277357 0.277361 0.277374 0.277429 0.277487 0.277562 0.277563 0.277572 0.277574 0.277579 0.277583 0.277568 0.277503 0.277452 0.277402 0.277387 0.277363 0.000000 0.000000
0.000000 0.000000 0.268316 0.268330 0.268358 0.268393 0.268454 0.268535 0.268531 0.268550 0.268554 0.268558 0.268556 0.268558 0.268477 0.268413 0.268374 0.268354 0.268334 0.000000 0.000000
0.000000 0.000000 0.258845 0.258863 0.258877 0.258911 0.258999 0.259072 0.259071 0.259081 0.259093 0.259087 0.259076 0.259080 0.259013 0.258939 0.258894 0.258878 0.258863 0.000000 0.000000
0.000000 0.000000 0.248669 0.248681 0.248697 0.248770 0.248831 0.248916 0.248898 0.248945 0.248939 0.248941 0.248957 0.248926 0.248866 0.248820 0.248762 0.248731 0.248693 0.000000 0.000000
0.000000 0.000000 0.237499 0.237529 0.237563 0.237611 0.237678 0.237783 0.237789 0.237804 0.237780 0.237816 0.237807 0.237798 0.237690 0.237636 0.237596 0.237573 0.237478 0.000000 0.000000
0.000000 0.000000 0.225548 0.225578 0.225592 0.225658 0.225717 0.225980 0.225983 0.226001 0.226067 0.226034 0.226018 0.225993 0.225792 0.225737 0.225637 0.225624 0.225573 0.000000 0.000000
0.000000 0.000000 0.211763 0.211774 0.211827 0.211874 0.212188 0.212187 0.212253 0.212254 0.212243 0.212258 0.212265 0.212276 0.212288 0.211962 0.211900 0.211812 0.211746 0.000000 0.000000
0.000000 0.000000 0.195720 0.195747 0.195815 0.196200 0.196200 0.196390 0.196486 0.196509 0.196572 0.196621 0.196578 0.196588 0.196404 0.196377 0.195865 0.195931 0.195913 0.000000 0.000000
0.000000 0.000000 0.178113 0.178141 0.178691 0.178594 0.178627 0.178702 0.178514 0.178582 0.178486 0.178534 0.178616 0.178480 0.178445 0.178417 0.178740 0.177970 0.177980 0.000000 0.000000
0.000000 0.000000 0.156271 0.157141 0.157058 0.157357 0.157792 0.157922 0.158121 0.158079 0.158319 0.158305 0.158173 0.158292 0.158075 0.157754 0.157091 0.157419 0.156524 0.000000 0.000000
0.000000 0.000000 0.146158 0.145453 0.144657 0.144697 0.144724 0.145470 0.145386 0.145593 0.145287 0.145355 0.145384 0.145286 0.144644 0.144627 0.144514 0.145186 0.145868 0.000000 0.000000
0.000000 0.000000 0.300000 0.300000 0.300000 0.300000 0.300000 0.300000 0.300000 0.300000 0.300000 0.300000 0.300000 0.300000 0.300000 0.300000 0.300000 0.300000 0.300000 0.000000 0.000000
0.000000 0.000000 0.000000 0.000000 0.000000 0.000000 0.000000 0.000000 0.000000 0.000000 0.000000 0.000000 0.000000 0.000000 0.000000 0.000000 0.000000 0.000000 0.000000 0.000000 0.000000