geotop/1.0zi/1.0Montebello/Templates/testdem/maps/_Eocsilt8281.asc
ncols         21
nrows         20
xllcorner     100.000000
yllcorner     100.000000
cellsize      50.000000
NODATA_value  -9999.0
0.000000 0.000000 0.000000 0.000000 0.000000 0.000000 0.000000 0.000000 0.000000 0.000000 0.000000 0.000000 0.000000 0.000000 0.000000 0.000000 0.000000 0.000000 0.000000 0.000000 0.000000
0.000000 0.000000 0.350172 0.350172 0.350172 0.350173 0.350172 0.350172 0.350172 0.350172 0.350173 0.350172 0.350172 0.350172 0.350172 0.350172 0.350173 0.350173 0.350172 0.000000 0.000000
0.000000 0.000000 0.350005 0.350005 0.350005 0.350005 0.350006 0.350006 0.350006 0.350006 0.350006 0.350006 0.350006 0.350006 0.350006 0.350005 0.350004 0.350004 0.350005 0.000000 0.000000
0.000000 0.000000 0.350102 0.350099 0.350097 0.350091 0.350092 0.350087 0.350090 0.350090 0.350087 0.350089 0.350089 0.350089 0.350092 0.350095 0.350098 0.350098 0.350100 0.000000 0.000000
0.000000 0.000000 0.351048 0.351054 0.351048 0.351037 0.351030 0.351023 0.351020 0.351019 0.351018 0.351018 0.351019 0.351021 0.351035 0.351039 0.351042 0.351053 0.351054 0.000000 0.000000
0.000000 0.000000 0.353812 0.353813 0.353804 0.353788 0.353769 0.353746 0.353743 0.353738 0.353742 0.353742 0.353744 0.353743 0.353755 0.353769 0.353783 0.353791 0.353797 0.000000 0.000000
0.000000 0.000000 0.357772 0.357768 0.357757 0.357730 0.357697 0.357662 0.357662 0.357658 0.357659 0.357657 0.357654 0.357660 0.357690 0.357718 0.357737 0.357752 0.357760 0.000000 0.000000
0.000000 0.000000 0.362454 0.362453 0.362446 0.362418 0.362387 0.362347 0.362346 0.362342 0.362341 0.362338 0.362336 0.362343 0.362377 0.362406 0.362433 0.362440 0.362453 0.000000 0.000000
0.000000 0.000000 0.367501 0.367493 0.367478 0.367459 0.367425 0.367380 0.367381 0.367372 0.367370 0.367367 0.367369 0.367368 0.367412 0.367447 0.367469 0.367481 0.367491 0.000000 0.000000
0.000000 0.000000 0.372833 0.372824 0.372816 0.372797 0.372749 0.372709 0.372709 0.372704 0.372698 0.372701 0.372707 0.372705 0.372741 0.372781 0.372807 0.372816 0.372823 0.000000 0.000000
0.000000 0.000000 0.378614 0.378607 0.378599 0.378557 0.378524 0.378476 0.378486 0.378461 0.378464 0.378463 0.378454 0.378470 0.378504 0.378530 0.378562 0.378580 0.378601 0.000000 0.000000
0.000000 0.000000 0.385046 0.385029 0.385010 0.384984 0.384945 0.384885 0.384881 0.384875 0.384888 0.384868 0.384874 0.384878 0.384939 0.384971 0.384993 0.385006 0.385059 0.000000 0.000000
0.000000 0.000000 0.392010 0.391994 0.391987 0.391949 0.391915 0.391758 0.391756 0.391747 0.391706 0.391727 0.391736 0.391751 0.391869 0.391901 0.391961 0.391968 0.391994 0.000000 0.000000
0.000000 0.000000 0.400187 0.400183 0.400150 0.400124 0.399928 0.399944 0.399903 0.399904 0.399917 0.399904 0.399899 0.399890 0.399870 0.400075 0.400107 0.400162 0.400200 0.000000 0.000000
0.000000 0.000000 0.409823 0.409806 0.409767 0.409518 0.409541 0.409415 0.409360 0.409346 0.409304 0.409274 0.409302 0.409297 0.409419 0.409411 0.409741 0.409692 0.409697 0.000000 0.000000
0.000000 0.000000 0.420344 0.420329 0.419970 0.420071 0.420043 0.420010 0.420144 0.420102 0.420173 0.420149 0.420089 0.420179 0.420185 0.420207 0.419941 0.420462 0.420455 0.000000 0.000000
0.000000 0.000000 0.433228 0.432676 0.432795 0.432587 0.432311 0.432229 0.432075 0.432112 0.431946 0.431961 0.432056 0.431963 0.432102 0.432307 0.432778 0.432474 0.433050 0.000000 0.000000
0.000000 0.000000 0.437878 0.438380 0.438837 0.438840 0.438863 0.438422 0.438496 0.438366 0.438577 0.438534 0.438502 0.438574 0.438940 0.438924 0.438923 0.438570 0.438079 0.000000 0.000000
0.000000 0.000000 0.350000 0.350000 0.350000 0.350000 0.350000 0.350000 0.350000 0.350000 0.350000 0.350000 0.350000 0.350000 0.350000 0.350000 0.350000 0.350000 0.350000 0.000000 0.000000
0.000000 0.000000 0.000000 0.000000 0.000000 0.000000 0.000000 0.000000 0.000000 0.000000 0.000000 0.000000 0.000000 0.000000 0.000000 0.000000 0.000000 0.000000 0.000000 0.000000 0.000000