geotop/1.0zi/1.0Montebello/Templates/testdem/maps/_Eocsand5972.asc
ncols         21
nrows         20
xllcorner     100.000000
yllcorner     100.000000
cellsize      50.000000
NODATA_value  -9999.0
0.000000 0.000000 0.000000 0.000000 0.000000 0.000000 0.000000 0.000000 0.000000 0.000000 0.000000 0.000000 0.000000 0.000000 0.000000 0.000000 0.000000 0.000000 0.000000 0.000000 0.000000
0.000000 0.000000 0.300149 0.300149 0.300148 0.300148 0.300148 0.300148 0.300148 0.300148 0.300148 0.300148 0.300148 0.300149 0.300148 0.300148 0.300148 0.300149 0.300149 0.000000 0.000000
0.000000 0.000000 0.300009 0.300008 0.300008 0.300008 0.300008 0.300008 0.300008 0.300008 0.300008 0.300008 0.300007 0.300007 0.300008 0.300008 0.300009 0.300010 0.300009 0.000000 0.000000
0.000000 0.000000 0.299969 0.299968 0.299972 0.299975 0.299973 0.299974 0.299972 0.299974 0.299973 0.299975 0.299974 0.299976 0.299972 0.299967 0.299968 0.299965 0.299967 0.000000 0.000000
0.000000 0.000000 0.298942 0.298939 0.298941 0.298949 0.298964 0.298973 0.298973 0.298974 0.298977 0.298975 0.298978 0.298976 0.298966 0.298964 0.298959 0.298948 0.298939 0.000000 0.000000
0.000000 0.000000 0.295688 0.295684 0.295696 0.295731 0.295748 0.295783 0.295784 0.295793 0.295785 0.295783 0.295779 0.295783 0.295771 0.295750 0.295734 0.295718 0.295709 0.000000 0.000000
0.000000 0.000000 0.290848 0.290853 0.290863 0.290899 0.290942 0.290993 0.290992 0.290999 0.290995 0.290993 0.290995 0.290993 0.290956 0.290914 0.290896 0.290877 0.290863 0.000000 0.000000
0.000000 0.000000 0.284968 0.284968 0.284973 0.285012 0.285054 0.285110 0.285109 0.285115 0.285114 0.285115 0.285119 0.285111 0.285068 0.285029 0.284997 0.284989 0.284969 0.000000 0.000000
0.000000 0.000000 0.278882 0.278891 0.278907 0.278930 0.278972 0.279032 0.279028 0.279039 0.279044 0.279041 0.279041 0.279045 0.278991 0.278948 0.278920 0.278910 0.278893 0.000000 0.000000
0.000000 0.000000 0.272727 0.272738 0.272745 0.272762 0.272822 0.272875 0.272870 0.272877 0.272885 0.272877 0.272871 0.272877 0.272833 0.272784 0.272755 0.272750 0.272737 0.000000 0.000000
0.000000 0.000000 0.266351 0.266357 0.266361 0.266405 0.266445 0.266504 0.266492 0.266520 0.266519 0.266517 0.266524 0.266509 0.266473 0.266441 0.266408 0.266390 0.266364 0.000000 0.000000
0.000000 0.000000 0.259631 0.259646 0.259665 0.259696 0.259732 0.259802 0.259800 0.259816 0.259799 0.259816 0.259813 0.259807 0.259744 0.259713 0.259690 0.259680 0.259614 0.000000 0.000000
0.000000 0.000000 0.252704 0.252718 0.252725 0.252761 0.252794 0.252939 0.252940 0.252952 0.252983 0.252966 0.252955 0.252944 0.252837 0.252808 0.252756 0.252751 0.252704 0.000000 0.000000
0.000000 0.000000 0.245145 0.245154 0.245175 0.245198 0.245342 0.245375 0.245408 0.245409 0.245419 0.245415 0.245414 0.245419 0.245403 0.245259 0.245215 0.245179 0.245131 0.000000 0.000000
0.000000 0.000000 0.236780 0.236792 0.236825 0.236976 0.237020 0.237104 0.237159 0.237169 0.237196 0.237212 0.237195 0.237207 0.237141 0.237075 0.236861 0.236880 0.236851 0.000000 0.000000
0.000000 0.000000 0.227891 0.227902 0.228103 0.228133 0.228143 0.228195 0.228152 0.228176 0.228158 0.228179 0.228203 0.228162 0.228130 0.228111 0.228136 0.227879 0.227873 0.000000 0.000000
0.000000 0.000000 0.217636 0.217912 0.217997 0.218077 0.218208 0.218272 0.218297 0.218300 0.218360 0.218367 0.218340 0.218353 0.218279 0.218179 0.218020 0.217977 0.217696 0.000000 0.000000
0.000000 0.000000 0.210320 0.210288 0.210039 0.210103 0.210198 0.210451 0.210455 0.210513 0.210470 0.210485 0.210469 0.210462 0.210231 0.210160 0.210001 0.210258 0.210273 0.000000 0.000000
0.000000 0.000000 0.300000 0.300000 0.300000 0.300000 0.300000 0.300000 0.300000 0.300000 0.300000 0.300000 0.300000 0.300000 0.300000 0.300000 0.300000 0.300000 0.300000 0.000000 0.000000
0.000000 0.000000 0.000000 0.000000 0.000000 0.000000 0.000000 0.000000 0.000000 0.000000 0.000000 0.000000 0.000000 0.000000 0.000000 0.000000 0.000000 0.000000 0.000000 0.000000 0.000000