geotop/1.0zi/1.0Montebello/Templates/testdem/maps/_Eocsilt6789.asc
ncols         21
nrows         20
xllcorner     100.000000
yllcorner     100.000000
cellsize      50.000000
NODATA_value  -9999.0
0.000000 0.000000 0.000000 0.000000 0.000000 0.000000 0.000000 0.000000 0.000000 0.000000 0.000000 0.000000 0.000000 0.000000 0.000000 0.000000 0.000000 0.000000 0.000000 0.000000 0.000000
0.000000 0.000000 0.350136 0.350137 0.350137 0.350137 0.350137 0.350137 0.350137 0.350137 0.350137 0.350137 0.350137 0.350137 0.350137 0.350137 0.350137 0.350137 0.350136 0.000000 0.000000
0.000000 0.000000 0.350003 0.350002 0.350003 0.350003 0.350003 0.350003 0.350003 0.350003 0.350003 0.350003 0.350004 0.350004 0.350003 0.350003 0.350001 0.350001 0.350002 0.000000 0.000000
0.000000 0.000000 0.350058 0.350054 0.350053 0.350048 0.350049 0.350047 0.350049 0.350050 0.350048 0.350048 0.350048 0.350048 0.350050 0.350053 0.350056 0.350057 0.350057 0.000000 0.000000
0.000000 0.000000 0.350694 0.350700 0.350696 0.350688 0.350684 0.350678 0.350676 0.350674 0.350674 0.350676 0.350677 0.350678 0.350688 0.350691 0.350690 0.350698 0.350702 0.000000 0.000000
0.000000 0.000000 0.352589 0.352591 0.352582 0.352569 0.352555 0.352537 0.352536 0.352531 0.352535 0.352537 0.352538 0.352536 0.352544 0.352553 0.352562 0.352567 0.352573 0.000000 0.000000
0.000000 0.000000 0.355442 0.355439 0.355430 0.355409 0.355383 0.355356 0.355358 0.355354 0.355356 0.355355 0.355352 0.355356 0.355377 0.355400 0.355413 0.355425 0.355433 0.000000 0.000000
0.000000 0.000000 0.358892 0.358891 0.358887 0.358865 0.358840 0.358811 0.358811 0.358808 0.358807 0.358806 0.358804 0.358808 0.358833 0.358856 0.358877 0.358880 0.358892 0.000000 0.000000
0.000000 0.000000 0.362538 0.362531 0.362519 0.362505 0.362480 0.362446 0.362448 0.362440 0.362439 0.362438 0.362439 0.362437 0.362470 0.362498 0.362514 0.362521 0.362531 0.000000 0.000000
0.000000 0.000000 0.366264 0.366257 0.366251 0.366239 0.366204 0.366174 0.366176 0.366171 0.366167 0.366170 0.366174 0.366171 0.366198 0.366229 0.366246 0.366250 0.366258 0.000000 0.000000
0.000000 0.000000 0.370156 0.370152 0.370147 0.370119 0.370096 0.370062 0.370070 0.370051 0.370053 0.370054 0.370048 0.370059 0.370081 0.370100 0.370122 0.370132 0.370149 0.000000 0.000000
0.000000 0.000000 0.374325 0.374315 0.374303 0.374283 0.374260 0.374218 0.374218 0.374210 0.374220 0.374209 0.374211 0.374214 0.374254 0.374274 0.374289 0.374296 0.374336 0.000000 0.000000
0.000000 0.000000 0.378682 0.378671 0.378664 0.378642 0.378621 0.378529 0.378529 0.378521 0.378500 0.378511 0.378517 0.378525 0.378594 0.378615 0.378649 0.378652 0.378678 0.000000 0.000000
0.000000 0.000000 0.383532 0.383527 0.383510 0.383493 0.383396 0.383381 0.383360 0.383359 0.383358 0.383357 0.383356 0.383352 0.383357 0.383461 0.383485 0.383512 0.383540 0.000000 0.000000
0.000000 0.000000 0.389003 0.388995 0.388972 0.388860 0.388840 0.388785 0.388750 0.388744 0.388726 0.388711 0.388724 0.388718 0.388767 0.388800 0.388952 0.388936 0.388950 0.000000 0.000000
0.000000 0.000000 0.394909 0.394900 0.394747 0.394742 0.394735 0.394704 0.394745 0.394725 0.394746 0.394730 0.394711 0.394745 0.394763 0.394775 0.394730 0.394929 0.394931 0.000000 0.000000
0.000000 0.000000 0.401939 0.401716 0.401683 0.401617 0.401507 0.401467 0.401435 0.401438 0.401385 0.401384 0.401411 0.401391 0.401447 0.401532 0.401671 0.401659 0.401887 0.000000 0.000000
0.000000 0.000000 0.406406 0.406493 0.406702 0.406664 0.406617 0.406417 0.406421 0.406372 0.406426 0.406411 0.406416 0.406429 0.406609 0.406646 0.406738 0.406535 0.406459 0.000000 0.000000
0.000000 0.000000 0.350000 0.350000 0.350000 0.350000 0.350000 0.350000 0.350000 0.350000 0.350000 0.350000 0.350000 0.350000 0.350000 0.350000 0.350000 0.350000 0.350000 0.000000 0.000000
0.000000 0.000000 0.000000 0.000000 0.000000 0.000000 0.000000 0.000000 0.000000 0.000000 0.000000 0.000000 0.000000 0.000000 0.000000 0.000000 0.000000 0.000000 0.000000 0.000000 0.000000