geotop/1.0zi/1.0Montebello/Templates/testdem/maps/_Eocclay8189.asc
ncols         21
nrows         20
xllcorner     100.000000
yllcorner     100.000000
cellsize      50.000000
NODATA_value  -9999.0
0.000000 0.000000 0.000000 0.000000 0.000000 0.000000 0.000000 0.000000 0.000000 0.000000 0.000000 0.000000 0.000000 0.000000 0.000000 0.000000 0.000000 0.000000 0.000000 0.000000 0.000000
0.000000 0.000000 0.349622 0.349624 0.349624 0.349623 0.349625 0.349625 0.349624 0.349625 0.349623 0.349625 0.349625 0.349624 0.349625 0.349624 0.349622 0.349623 0.349623 0.000000 0.000000
0.000000 0.000000 0.349984 0.349983 0.349983 0.349985 0.349983 0.349983 0.349983 0.349983 0.349982 0.349982 0.349983 0.349982 0.349983 0.349984 0.349984 0.349984 0.349982 0.000000 0.000000
0.000000 0.000000 0.350004 0.350009 0.350006 0.350004 0.350007 0.350004 0.350006 0.350003 0.350007 0.350004 0.350004 0.350003 0.350005 0.350006 0.350005 0.350009 0.350006 0.000000 0.000000
0.000000 0.000000 0.351015 0.351012 0.351008 0.351004 0.350988 0.350986 0.350983 0.350986 0.350982 0.350983 0.350979 0.350983 0.350993 0.350995 0.351003 0.351007 0.351014 0.000000 0.000000
0.000000 0.000000 0.353941 0.353939 0.353926 0.353898 0.353882 0.353857 0.353858 0.353851 0.353855 0.353854 0.353856 0.353858 0.353869 0.353890 0.353905 0.353919 0.353926 0.000000 0.000000
0.000000 0.000000 0.357924 0.357921 0.357912 0.357887 0.357855 0.357816 0.357815 0.357809 0.357810 0.357811 0.357811 0.357812 0.357846 0.357876 0.357893 0.357907 0.357915 0.000000 0.000000
0.000000 0.000000 0.362646 0.362644 0.362635 0.362604 0.362574 0.362531 0.362530 0.362525 0.362525 0.362522 0.362520 0.362528 0.362564 0.362591 0.362618 0.362627 0.362640 0.000000 0.000000
0.000000 0.000000 0.367663 0.367656 0.367641 0.367622 0.367589 0.367545 0.367548 0.367538 0.367535 0.367533 0.367534 0.367533 0.367576 0.367611 0.367632 0.367642 0.367652 0.000000 0.000000
0.000000 0.000000 0.372992 0.372982 0.372974 0.372954 0.372906 0.372865 0.372865 0.372860 0.372854 0.372857 0.372863 0.372861 0.372898 0.372938 0.372964 0.372972 0.372981 0.000000 0.000000
0.000000 0.000000 0.378811 0.378805 0.378795 0.378754 0.378720 0.378671 0.378681 0.378655 0.378659 0.378658 0.378648 0.378666 0.378699 0.378725 0.378757 0.378775 0.378797 0.000000 0.000000
0.000000 0.000000 0.385281 0.385264 0.385243 0.385217 0.385178 0.385118 0.385113 0.385107 0.385120 0.385099 0.385105 0.385108 0.385170 0.385202 0.385224 0.385237 0.385291 0.000000 0.000000
0.000000 0.000000 0.392296 0.392280 0.392272 0.392233 0.392198 0.392040 0.392038 0.392029 0.391987 0.392009 0.392018 0.392033 0.392153 0.392185 0.392245 0.392252 0.392278 0.000000 0.000000
0.000000 0.000000 0.400548 0.400543 0.400509 0.400482 0.400283 0.400299 0.400257 0.400258 0.400270 0.400258 0.400253 0.400244 0.400225 0.400432 0.400465 0.400519 0.400559 0.000000 0.000000
0.000000 0.000000 0.410308 0.410290 0.410249 0.409996 0.410017 0.409891 0.409834 0.409820 0.409777 0.409747 0.409775 0.409770 0.409893 0.409886 0.410221 0.410170 0.410177 0.000000 0.000000
0.000000 0.000000 0.421044 0.421029 0.420660 0.420761 0.420733 0.420699 0.420837 0.420793 0.420866 0.420839 0.420779 0.420871 0.420878 0.420898 0.420629 0.421161 0.421154 0.000000 0.000000
0.000000 0.000000 0.434444 0.433860 0.433981 0.433763 0.433471 0.433386 0.433226 0.433263 0.433089 0.433104 0.433204 0.433106 0.433253 0.433469 0.433962 0.433644 0.434253 0.000000 0.000000
0.000000 0.000000 0.439268 0.439825 0.440326 0.440333 0.440362 0.439882 0.439963 0.439821 0.440052 0.440005 0.439970 0.440048 0.440447 0.440426 0.440420 0.440030 0.439487 0.000000 0.000000
0.000000 0.000000 0.350000 0.350000 0.350000 0.350000 0.350000 0.350000 0.350000 0.350000 0.350000 0.350000 0.350000 0.350000 0.350000 0.350000 0.350000 0.350000 0.350000 0.000000 0.000000
0.000000 0.000000 0.000000 0.000000 0.000000 0.000000 0.000000 0.000000 0.000000 0.000000 0.000000 0.000000 0.000000 0.000000 0.000000 0.000000 0.000000 0.000000 0.000000 0.000000 0.000000