geotop/1.0zi/1.0Montebello/Templates/testdem/maps/_Eocclay3513.asc
ncols         21
nrows         20
xllcorner     100.000000
yllcorner     100.000000
cellsize      50.000000
NODATA_value  -9999.0
0.000000 0.000000 0.000000 0.000000 0.000000 0.000000 0.000000 0.000000 0.000000 0.000000 0.000000 0.000000 0.000000 0.000000 0.000000 0.000000 0.000000 0.000000 0.000000 0.000000 0.000000
0.000000 0.000000 0.349813 0.349813 0.349814 0.349813 0.349814 0.349813 0.349813 0.349814 0.349813 0.349814 0.349813 0.349813 0.349814 0.349813 0.349814 0.349813 0.349813 0.000000 0.000000
0.000000 0.000000 0.349996 0.349996 0.349996 0.349996 0.349996 0.349996 0.349996 0.349996 0.349997 0.349996 0.349996 0.349996 0.349996 0.349996 0.349996 0.349996 0.349996 0.000000 0.000000
0.000000 0.000000 0.351305 0.351305 0.351303 0.351304 0.351304 0.351305 0.351305 0.351305 0.351305 0.351305 0.351305 0.351305 0.351304 0.351304 0.351303 0.351305 0.351305 0.000000 0.000000
0.000000 0.000000 0.356719 0.356718 0.356717 0.356717 0.356720 0.356719 0.356718 0.356720 0.356720 0.356720 0.356718 0.356719 0.356720 0.356717 0.356717 0.356718 0.356719 0.000000 0.000000
0.000000 0.000000 0.362705 0.362705 0.362703 0.362703 0.362706 0.362705 0.362704 0.362705 0.362706 0.362705 0.362704 0.362705 0.362706 0.362703 0.362703 0.362705 0.362705 0.000000 0.000000
0.000000 0.000000 0.368316 0.368316 0.368315 0.368315 0.368317 0.368316 0.368316 0.368316 0.368317 0.368316 0.368316 0.368316 0.368317 0.368315 0.368315 0.368316 0.368316 0.000000 0.000000
0.000000 0.000000 0.373418 0.373418 0.373416 0.373416 0.373418 0.373417 0.373417 0.373418 0.373418 0.373418 0.373417 0.373417 0.373418 0.373416 0.373416 0.373418 0.373418 0.000000 0.000000
0.000000 0.000000 0.378127 0.378127 0.378126 0.378126 0.378128 0.378127 0.378127 0.378127 0.378128 0.378127 0.378127 0.378127 0.378128 0.378126 0.378126 0.378127 0.378127 0.000000 0.000000
0.000000 0.000000 0.382554 0.382554 0.382552 0.382553 0.382554 0.382553 0.382553 0.382554 0.382554 0.382554 0.382553 0.382553 0.382554 0.382553 0.382552 0.382554 0.382554 0.000000 0.000000
0.000000 0.000000 0.386754 0.386754 0.386753 0.386753 0.386755 0.386754 0.386754 0.386754 0.386755 0.386754 0.386754 0.386754 0.386755 0.386753 0.386753 0.386754 0.386754 0.000000 0.000000
0.000000 0.000000 0.390770 0.390770 0.390768 0.390769 0.390770 0.390769 0.390769 0.390770 0.390770 0.390770 0.390769 0.390769 0.390770 0.390769 0.390768 0.390770 0.390770 0.000000 0.000000
0.000000 0.000000 0.394630 0.394630 0.394629 0.394629 0.394631 0.394630 0.394630 0.394630 0.394631 0.394630 0.394630 0.394630 0.394631 0.394629 0.394629 0.394630 0.394630 0.000000 0.000000
0.000000 0.000000 0.398365 0.398364 0.398363 0.398364 0.398365 0.398364 0.398364 0.398365 0.398365 0.398365 0.398364 0.398364 0.398365 0.398364 0.398363 0.398364 0.398365 0.000000 0.000000
0.000000 0.000000 0.401984 0.401984 0.401983 0.401983 0.401984 0.401984 0.401984 0.401984 0.401985 0.401984 0.401984 0.401984 0.401984 0.401983 0.401983 0.401984 0.401984 0.000000 0.000000
0.000000 0.000000 0.405494 0.405493 0.405492 0.405493 0.405494 0.405493 0.405493 0.405494 0.405494 0.405494 0.405493 0.405493 0.405494 0.405493 0.405492 0.405493 0.405494 0.000000 0.000000
0.000000 0.000000 0.408907 0.408906 0.408905 0.408906 0.408907 0.408906 0.408906 0.408907 0.408907 0.408907 0.408906 0.408906 0.408907 0.408906 0.408905 0.408906 0.408907 0.000000 0.000000
0.000000 0.000000 0.412278 0.412279 0.412277 0.412278 0.412279 0.412278 0.412278 0.412279 0.412279 0.412279 0.412278 0.412278 0.412279 0.412278 0.412277 0.412279 0.412279 0.000000 0.000000
0.000000 0.000000 0.350000 0.350000 0.350000 0.350000 0.350000 0.350000 0.350000 0.350000 0.350000 0.350000 0.350000 0.350000 0.350000 0.350000 0.350000 0.350000 0.350000 0.000000 0.000000
0.000000 0.000000 0.000000 0.000000 0.000000 0.000000 0.000000 0.000000 0.000000 0.000000 0.000000 0.000000 0.000000 0.000000 0.000000 0.000000 0.000000 0.000000 0.000000 0.000000 0.000000