geotop/1.0zi/1.0Montebello/Templates/testdem/maps/_Eocsilt2868.asc
ncols         21
nrows         20
xllcorner     100.000000
yllcorner     100.000000
cellsize      50.000000
NODATA_value  -9999.0
0.000000 0.000000 0.000000 0.000000 0.000000 0.000000 0.000000 0.000000 0.000000 0.000000 0.000000 0.000000 0.000000 0.000000 0.000000 0.000000 0.000000 0.000000 0.000000 0.000000 0.000000
0.000000 0.000000 0.350074 0.350074 0.350074 0.350074 0.350074 0.350074 0.350074 0.350074 0.350073 0.350074 0.350074 0.350074 0.350074 0.350074 0.350074 0.350074 0.350074 0.000000 0.000000
0.000000 0.000000 0.349998 0.349998 0.349998 0.349998 0.349998 0.349998 0.349998 0.349998 0.349999 0.349998 0.349998 0.349998 0.349998 0.349998 0.349998 0.349998 0.349998 0.000000 0.000000
0.000000 0.000000 0.351033 0.351032 0.351030 0.351031 0.351033 0.351033 0.351033 0.351033 0.351033 0.351033 0.351033 0.351033 0.351033 0.351031 0.351030 0.351032 0.351033 0.000000 0.000000
0.000000 0.000000 0.354954 0.354953 0.354951 0.354952 0.354954 0.354953 0.354954 0.354955 0.354955 0.354955 0.354954 0.354953 0.354954 0.354952 0.354951 0.354953 0.354954 0.000000 0.000000
0.000000 0.000000 0.359920 0.359919 0.359918 0.359918 0.359920 0.359920 0.359920 0.359921 0.359921 0.359921 0.359920 0.359920 0.359920 0.359918 0.359918 0.359919 0.359920 0.000000 0.000000
0.000000 0.000000 0.364447 0.364447 0.364446 0.364446 0.364448 0.364447 0.364447 0.364448 0.364448 0.364448 0.364447 0.364447 0.364448 0.364446 0.364446 0.364447 0.364447 0.000000 0.000000
0.000000 0.000000 0.368558 0.368557 0.368556 0.368556 0.368558 0.368557 0.368558 0.368558 0.368559 0.368558 0.368558 0.368557 0.368558 0.368556 0.368556 0.368557 0.368558 0.000000 0.000000
0.000000 0.000000 0.372368 0.372367 0.372366 0.372366 0.372368 0.372367 0.372367 0.372368 0.372368 0.372368 0.372367 0.372367 0.372368 0.372366 0.372366 0.372367 0.372368 0.000000 0.000000
0.000000 0.000000 0.375967 0.375967 0.375966 0.375966 0.375968 0.375967 0.375967 0.375968 0.375968 0.375968 0.375967 0.375967 0.375968 0.375966 0.375966 0.375967 0.375967 0.000000 0.000000
0.000000 0.000000 0.379400 0.379400 0.379399 0.379399 0.379400 0.379400 0.379400 0.379401 0.379401 0.379401 0.379400 0.379400 0.379400 0.379399 0.379399 0.379400 0.379400 0.000000 0.000000
0.000000 0.000000 0.382700 0.382700 0.382699 0.382699 0.382700 0.382700 0.382700 0.382700 0.382701 0.382700 0.382700 0.382700 0.382700 0.382699 0.382699 0.382700 0.382700 0.000000 0.000000
0.000000 0.000000 0.385892 0.385891 0.385890 0.385891 0.385892 0.385891 0.385891 0.385892 0.385892 0.385892 0.385891 0.385891 0.385892 0.385891 0.385890 0.385891 0.385892 0.000000 0.000000
0.000000 0.000000 0.388996 0.388996 0.388995 0.388995 0.388996 0.388996 0.388996 0.388996 0.388997 0.388996 0.388996 0.388996 0.388996 0.388995 0.388995 0.388996 0.388996 0.000000 0.000000
0.000000 0.000000 0.392022 0.392022 0.392021 0.392021 0.392023 0.392022 0.392022 0.392023 0.392023 0.392023 0.392022 0.392022 0.392023 0.392021 0.392021 0.392022 0.392022 0.000000 0.000000
0.000000 0.000000 0.394976 0.394976 0.394975 0.394976 0.394977 0.394976 0.394976 0.394977 0.394977 0.394977 0.394976 0.394976 0.394977 0.394976 0.394975 0.394976 0.394976 0.000000 0.000000
0.000000 0.000000 0.397862 0.397862 0.397861 0.397861 0.397862 0.397862 0.397862 0.397863 0.397863 0.397863 0.397862 0.397862 0.397862 0.397861 0.397861 0.397862 0.397862 0.000000 0.000000
0.000000 0.000000 0.400729 0.400729 0.400728 0.400729 0.400730 0.400729 0.400729 0.400730 0.400730 0.400730 0.400729 0.400729 0.400730 0.400729 0.400728 0.400729 0.400730 0.000000 0.000000
0.000000 0.000000 0.350000 0.350000 0.350000 0.350000 0.350000 0.350000 0.350000 0.350000 0.350000 0.350000 0.350000 0.350000 0.350000 0.350000 0.350000 0.350000 0.350000 0.000000 0.000000
0.000000 0.000000 0.000000 0.000000 0.000000 0.000000 0.000000 0.000000 0.000000 0.000000 0.000000 0.000000 0.000000 0.000000 0.000000 0.000000 0.000000 0.000000 0.000000 0.000000 0.000000