geotop/1.0zi/1.0Montebello/Templates/testdem/maps/_Eocsilt2407.asc
ncols         21
nrows         20
xllcorner     100.000000
yllcorner     100.000000
cellsize      50.000000
NODATA_value  -9999.0
0.000000 0.000000 0.000000 0.000000 0.000000 0.000000 0.000000 0.000000 0.000000 0.000000 0.000000 0.000000 0.000000 0.000000 0.000000 0.000000 0.000000 0.000000 0.000000 0.000000 0.000000
0.000000 0.000000 0.350058 0.350058 0.350058 0.350058 0.350058 0.350058 0.350058 0.350058 0.350057 0.350058 0.350058 0.350058 0.350058 0.350058 0.350058 0.350058 0.350058 0.000000 0.000000
0.000000 0.000000 0.349998 0.349998 0.349998 0.349998 0.349998 0.349998 0.349998 0.349998 0.349999 0.349998 0.349998 0.349998 0.349998 0.349998 0.349998 0.349998 0.349998 0.000000 0.000000
0.000000 0.000000 0.350792 0.350791 0.350789 0.350790 0.350792 0.350792 0.350792 0.350792 0.350792 0.350792 0.350792 0.350792 0.350792 0.350790 0.350789 0.350791 0.350792 0.000000 0.000000
0.000000 0.000000 0.353886 0.353886 0.353884 0.353884 0.353887 0.353886 0.353886 0.353887 0.353887 0.353887 0.353886 0.353886 0.353887 0.353884 0.353884 0.353886 0.353886 0.000000 0.000000
0.000000 0.000000 0.357928 0.357928 0.357926 0.357926 0.357929 0.357928 0.357928 0.357929 0.357929 0.357929 0.357928 0.357928 0.357929 0.357926 0.357926 0.357928 0.357928 0.000000 0.000000
0.000000 0.000000 0.361636 0.361635 0.361634 0.361634 0.361636 0.361636 0.361636 0.361637 0.361637 0.361637 0.361636 0.361636 0.361636 0.361634 0.361634 0.361635 0.361636 0.000000 0.000000
0.000000 0.000000 0.365024 0.365024 0.365022 0.365023 0.365024 0.365024 0.365024 0.365025 0.365025 0.365025 0.365024 0.365024 0.365024 0.365023 0.365022 0.365024 0.365024 0.000000 0.000000
0.000000 0.000000 0.368184 0.368183 0.368182 0.368183 0.368184 0.368183 0.368184 0.368184 0.368184 0.368184 0.368184 0.368183 0.368184 0.368183 0.368182 0.368183 0.368184 0.000000 0.000000
0.000000 0.000000 0.371188 0.371187 0.371186 0.371187 0.371188 0.371187 0.371188 0.371188 0.371188 0.371188 0.371188 0.371187 0.371188 0.371187 0.371186 0.371187 0.371188 0.000000 0.000000
0.000000 0.000000 0.374071 0.374071 0.374070 0.374070 0.374072 0.374071 0.374071 0.374072 0.374072 0.374072 0.374071 0.374071 0.374072 0.374070 0.374070 0.374071 0.374071 0.000000 0.000000
0.000000 0.000000 0.376862 0.376861 0.376860 0.376861 0.376862 0.376861 0.376862 0.376862 0.376862 0.376862 0.376862 0.376861 0.376862 0.376861 0.376860 0.376861 0.376862 0.000000 0.000000
0.000000 0.000000 0.379579 0.379579 0.379578 0.379578 0.379579 0.379579 0.379579 0.379580 0.379580 0.379580 0.379579 0.379579 0.379579 0.379578 0.379578 0.379579 0.379579 0.000000 0.000000
0.000000 0.000000 0.382236 0.382236 0.382235 0.382235 0.382236 0.382236 0.382236 0.382236 0.382237 0.382236 0.382236 0.382236 0.382236 0.382235 0.382235 0.382236 0.382236 0.000000 0.000000
0.000000 0.000000 0.384841 0.384841 0.384840 0.384840 0.384841 0.384841 0.384841 0.384842 0.384842 0.384842 0.384841 0.384841 0.384841 0.384840 0.384840 0.384841 0.384841 0.000000 0.000000
0.000000 0.000000 0.387398 0.387398 0.387397 0.387397 0.387399 0.387398 0.387398 0.387399 0.387399 0.387399 0.387398 0.387398 0.387399 0.387397 0.387397 0.387398 0.387398 0.000000 0.000000
0.000000 0.000000 0.389909 0.389909 0.389908 0.389908 0.389909 0.389909 0.389909 0.389910 0.389910 0.389910 0.389909 0.389909 0.389909 0.389908 0.389908 0.389909 0.389909 0.000000 0.000000
0.000000 0.000000 0.392408 0.392409 0.392407 0.392408 0.392409 0.392409 0.392409 0.392409 0.392409 0.392409 0.392409 0.392409 0.392409 0.392408 0.392407 0.392409 0.392409 0.000000 0.000000
0.000000 0.000000 0.350000 0.350000 0.350000 0.350000 0.350000 0.350000 0.350000 0.350000 0.350000 0.350000 0.350000 0.350000 0.350000 0.350000 0.350000 0.350000 0.350000 0.000000 0.000000
0.000000 0.000000 0.000000 0.000000 0.000000 0.000000 0.000000 0.000000 0.000000 0.000000 0.000000 0.000000 0.000000 0.000000 0.000000 0.000000 0.000000 0.000000 0.000000 0.000000 0.000000