geotop/1.0zi/1.0Montebello/Templates/testdem/maps/_Eocsand3020.asc
ncols         21
nrows         20
xllcorner     100.000000
yllcorner     100.000000
cellsize      50.000000
NODATA_value  -9999.0
0.000000 0.000000 0.000000 0.000000 0.000000 0.000000 0.000000 0.000000 0.000000 0.000000 0.000000 0.000000 0.000000 0.000000 0.000000 0.000000 0.000000 0.000000 0.000000 0.000000 0.000000
0.000000 0.000000 0.300093 0.300093 0.300093 0.300093 0.300093 0.300093 0.300093 0.300093 0.300095 0.300093 0.300093 0.300093 0.300093 0.300093 0.300093 0.300093 0.300093 0.000000 0.000000
0.000000 0.000000 0.300009 0.300009 0.300009 0.300009 0.300009 0.300009 0.300009 0.300009 0.300007 0.300009 0.300009 0.300009 0.300009 0.300009 0.300009 0.300009 0.300009 0.000000 0.000000
0.000000 0.000000 0.297736 0.297737 0.297742 0.297740 0.297736 0.297737 0.297737 0.297736 0.297736 0.297736 0.297737 0.297737 0.297736 0.297740 0.297742 0.297737 0.297736 0.000000 0.000000
0.000000 0.000000 0.288746 0.288747 0.288751 0.288750 0.288744 0.288746 0.288746 0.288743 0.288743 0.288743 0.288746 0.288746 0.288744 0.288750 0.288751 0.288747 0.288746 0.000000 0.000000
0.000000 0.000000 0.278201 0.278203 0.278206 0.278205 0.278200 0.278202 0.278202 0.278200 0.278199 0.278200 0.278202 0.278202 0.278200 0.278205 0.278206 0.278203 0.278201 0.000000 0.000000
0.000000 0.000000 0.268485 0.268486 0.268488 0.268488 0.268484 0.268485 0.268485 0.268484 0.268483 0.268484 0.268485 0.268485 0.268484 0.268488 0.268488 0.268486 0.268485 0.000000 0.000000
0.000000 0.000000 0.259663 0.259663 0.259666 0.259665 0.259662 0.259663 0.259663 0.259662 0.259661 0.259662 0.259663 0.259663 0.259662 0.259665 0.259666 0.259663 0.259663 0.000000 0.000000
0.000000 0.000000 0.251501 0.251502 0.251504 0.251503 0.251500 0.251501 0.251501 0.251500 0.251499 0.251500 0.251501 0.251501 0.251500 0.251503 0.251504 0.251502 0.251501 0.000000 0.000000
0.000000 0.000000 0.243805 0.243805 0.243808 0.243807 0.243804 0.243805 0.243805 0.243804 0.243803 0.243804 0.243805 0.243805 0.243804 0.243807 0.243808 0.243805 0.243805 0.000000 0.000000
0.000000 0.000000 0.236482 0.236483 0.236485 0.236484 0.236481 0.236482 0.236482 0.236481 0.236480 0.236481 0.236482 0.236482 0.236481 0.236484 0.236485 0.236483 0.236482 0.000000 0.000000
0.000000 0.000000 0.229461 0.229461 0.229464 0.229463 0.229460 0.229461 0.229461 0.229460 0.229459 0.229460 0.229461 0.229461 0.229460 0.229463 0.229464 0.229461 0.229461 0.000000 0.000000
0.000000 0.000000 0.222685 0.222685 0.222688 0.222687 0.222684 0.222685 0.222685 0.222684 0.222683 0.222684 0.222685 0.222685 0.222684 0.222687 0.222688 0.222685 0.222685 0.000000 0.000000
0.000000 0.000000 0.216103 0.216103 0.216105 0.216105 0.216102 0.216103 0.216103 0.216102 0.216101 0.216102 0.216103 0.216103 0.216102 0.216105 0.216105 0.216103 0.216103 0.000000 0.000000
0.000000 0.000000 0.209701 0.209702 0.209704 0.209703 0.209701 0.209702 0.209702 0.209700 0.209700 0.209700 0.209702 0.209702 0.209701 0.209703 0.209704 0.209702 0.209701 0.000000 0.000000
0.000000 0.000000 0.203468 0.203469 0.203471 0.203470 0.203468 0.203469 0.203469 0.203467 0.203467 0.203467 0.203469 0.203469 0.203468 0.203470 0.203471 0.203469 0.203468 0.000000 0.000000
0.000000 0.000000 0.197384 0.197385 0.197387 0.197386 0.197384 0.197385 0.197384 0.197383 0.197383 0.197383 0.197384 0.197385 0.197384 0.197386 0.197387 0.197385 0.197384 0.000000 0.000000
0.000000 0.000000 0.191329 0.191328 0.191330 0.191330 0.191327 0.191328 0.191328 0.191327 0.191326 0.191327 0.191328 0.191328 0.191327 0.191330 0.191330 0.191328 0.191328 0.000000 0.000000
0.000000 0.000000 0.300000 0.300000 0.300000 0.300000 0.300000 0.300000 0.300000 0.300000 0.300000 0.300000 0.300000 0.300000 0.300000 0.300000 0.300000 0.300000 0.300000 0.000000 0.000000
0.000000 0.000000 0.000000 0.000000 0.000000 0.000000 0.000000 0.000000 0.000000 0.000000 0.000000 0.000000 0.000000 0.000000 0.000000 0.000000 0.000000 0.000000 0.000000 0.000000 0.000000