geotop/1.0zi/1.0Montebello/Templates/testdem/maps/_Eocsand9862.asc
ncols         21
nrows         20
xllcorner     100.000000
yllcorner     100.000000
cellsize      50.000000
NODATA_value  -9999.0
0.000000 0.000000 0.000000 0.000000 0.000000 0.000000 0.000000 0.000000 0.000000 0.000000 0.000000 0.000000 0.000000 0.000000 0.000000 0.000000 0.000000 0.000000 0.000000 0.000000 0.000000
0.000000 0.000000 0.300242 0.300240 0.300240 0.300241 0.300240 0.300239 0.300240 0.300240 0.300241 0.300240 0.300240 0.300240 0.300240 0.300240 0.300241 0.300240 0.300240 0.000000 0.000000
0.000000 0.000000 0.300011 0.300013 0.300013 0.300011 0.300012 0.300013 0.300012 0.300012 0.300013 0.300012 0.300012 0.300012 0.300012 0.300012 0.300013 0.300014 0.300014 0.000000 0.000000
0.000000 0.000000 0.299810 0.299808 0.299817 0.299825 0.299824 0.299830 0.299822 0.299824 0.299824 0.299823 0.299821 0.299823 0.299818 0.299811 0.299808 0.299805 0.299807 0.000000 0.000000
0.000000 0.000000 0.297020 0.297020 0.297037 0.297069 0.297097 0.297107 0.297107 0.297107 0.297111 0.297104 0.297098 0.297098 0.297075 0.297060 0.297046 0.297037 0.297024 0.000000 0.000000
0.000000 0.000000 0.289384 0.289396 0.289433 0.289495 0.289559 0.289617 0.289614 0.289626 0.289625 0.289625 0.289613 0.289619 0.289583 0.289528 0.289501 0.289480 0.289468 0.000000 0.000000
0.000000 0.000000 0.278874 0.278896 0.278927 0.279002 0.279084 0.279195 0.279192 0.279203 0.279211 0.279211 0.279212 0.279208 0.279116 0.279048 0.279007 0.278978 0.278963 0.000000 0.000000
0.000000 0.000000 0.266382 0.266409 0.266440 0.266529 0.266620 0.266722 0.266720 0.266734 0.266745 0.266751 0.266754 0.266737 0.266651 0.266575 0.266508 0.266494 0.266466 0.000000 0.000000
0.000000 0.000000 0.252633 0.252671 0.252720 0.252789 0.252892 0.253014 0.253003 0.253027 0.253044 0.253048 0.253042 0.253048 0.252927 0.252836 0.252784 0.252763 0.252738 0.000000 0.000000
0.000000 0.000000 0.237413 0.237466 0.237506 0.237580 0.237694 0.237821 0.237819 0.237837 0.237863 0.237853 0.237837 0.237844 0.237745 0.237628 0.237567 0.237544 0.237532 0.000000 0.000000
0.000000 0.000000 0.220055 0.220100 0.220138 0.220304 0.220358 0.220529 0.220493 0.220578 0.220572 0.220585 0.220612 0.220566 0.220455 0.220382 0.220295 0.220265 0.220191 0.000000 0.000000
0.000000 0.000000 0.199742 0.199834 0.199937 0.200015 0.200106 0.200322 0.200326 0.200337 0.200313 0.200388 0.200352 0.200365 0.200166 0.200052 0.200006 0.199979 0.199829 0.000000 0.000000
0.000000 0.000000 0.176793 0.176878 0.176903 0.177063 0.177174 0.177748 0.177758 0.177796 0.178000 0.177876 0.177864 0.177815 0.177384 0.177286 0.177075 0.177066 0.177031 0.000000 0.000000
0.000000 0.000000 0.148359 0.148399 0.148584 0.148697 0.149500 0.149213 0.149385 0.149386 0.149279 0.149391 0.149411 0.149497 0.149757 0.148870 0.148840 0.148634 0.148511 0.000000 0.000000
0.000000 0.000000 0.116323 0.116417 0.116576 0.117601 0.117157 0.117804 0.117944 0.118013 0.118248 0.118324 0.118206 0.118200 0.117625 0.118052 0.116714 0.117032 0.117083 0.000000 0.000000
0.000000 0.000000 0.088333 0.088387 0.089456 0.088892 0.089091 0.089042 0.088571 0.088697 0.088445 0.088486 0.088690 0.088438 0.088588 0.088402 0.089617 0.087982 0.088006 0.000000 0.000000
0.000000 0.000000 0.065031 0.065785 0.065614 0.065918 0.066319 0.066446 0.066666 0.066616 0.066860 0.066832 0.066695 0.066835 0.066629 0.066328 0.065682 0.066129 0.065346 0.000000 0.000000
0.000000 0.000000 0.054847 0.054828 0.054399 0.054564 0.054729 0.055118 0.055162 0.055237 0.055187 0.055207 0.055169 0.055181 0.054818 0.054692 0.054386 0.054881 0.054892 0.000000 0.000000
0.000000 0.000000 0.300000 0.300000 0.300000 0.300000 0.300000 0.300000 0.300000 0.300000 0.300000 0.300000 0.300000 0.300000 0.300000 0.300000 0.300000 0.300000 0.300000 0.000000 0.000000
0.000000 0.000000 0.000000 0.000000 0.000000 0.000000 0.000000 0.000000 0.000000 0.000000 0.000000 0.000000 0.000000 0.000000 0.000000 0.000000 0.000000 0.000000 0.000000 0.000000 0.000000