geotop/1.0zi/1.0Montebello/Templates/testdem/maps/_Eocclay6540.asc
ncols         21
nrows         20
xllcorner     100.000000
yllcorner     100.000000
cellsize      50.000000
NODATA_value  -9999.0
0.000000 0.000000 0.000000 0.000000 0.000000 0.000000 0.000000 0.000000 0.000000 0.000000 0.000000 0.000000 0.000000 0.000000 0.000000 0.000000 0.000000 0.000000 0.000000 0.000000 0.000000
0.000000 0.000000 0.349708 0.349710 0.349710 0.349709 0.349710 0.349710 0.349710 0.349710 0.349709 0.349710 0.349710 0.349710 0.349710 0.349710 0.349708 0.349708 0.349709 0.000000 0.000000
0.000000 0.000000 0.349989 0.349988 0.349988 0.349989 0.349987 0.349987 0.349988 0.349988 0.349987 0.349987 0.349988 0.349987 0.349988 0.349988 0.349989 0.349989 0.349986 0.000000 0.000000
0.000000 0.000000 0.349983 0.349987 0.349984 0.349984 0.349986 0.349986 0.349987 0.349984 0.349989 0.349986 0.349986 0.349986 0.349986 0.349988 0.349986 0.349988 0.349987 0.000000 0.000000
0.000000 0.000000 0.350592 0.350591 0.350589 0.350587 0.350573 0.350571 0.350571 0.350574 0.350571 0.350570 0.350566 0.350568 0.350574 0.350573 0.350580 0.350581 0.350588 0.000000 0.000000
0.000000 0.000000 0.352458 0.352458 0.352450 0.352426 0.352418 0.352399 0.352400 0.352395 0.352397 0.352397 0.352401 0.352401 0.352405 0.352420 0.352431 0.352444 0.352449 0.000000 0.000000
0.000000 0.000000 0.355241 0.355239 0.355234 0.355215 0.355191 0.355161 0.355161 0.355156 0.355157 0.355158 0.355159 0.355158 0.355181 0.355205 0.355218 0.355227 0.355235 0.000000 0.000000
0.000000 0.000000 0.358579 0.358580 0.358574 0.358551 0.358527 0.358495 0.358495 0.358493 0.358492 0.358490 0.358489 0.358494 0.358518 0.358539 0.358559 0.358566 0.358577 0.000000 0.000000
0.000000 0.000000 0.362030 0.362027 0.362017 0.362003 0.361979 0.361947 0.361949 0.361943 0.361939 0.361938 0.361939 0.361938 0.361966 0.361991 0.362009 0.362015 0.362024 0.000000 0.000000
0.000000 0.000000 0.365568 0.365562 0.365558 0.365546 0.365511 0.365482 0.365484 0.365480 0.365475 0.365477 0.365483 0.365479 0.365503 0.365532 0.365551 0.365556 0.365563 0.000000 0.000000
0.000000 0.000000 0.369286 0.369283 0.369279 0.369253 0.369230 0.369197 0.369204 0.369187 0.369187 0.369186 0.369183 0.369193 0.369212 0.369230 0.369253 0.369264 0.369279 0.000000 0.000000
0.000000 0.000000 0.373244 0.373238 0.373226 0.373206 0.373183 0.373143 0.373144 0.373136 0.373144 0.373131 0.373135 0.373138 0.373174 0.373193 0.373209 0.373216 0.373254 0.000000 0.000000
0.000000 0.000000 0.377372 0.377363 0.377357 0.377335 0.377314 0.377227 0.377227 0.377220 0.377200 0.377208 0.377216 0.377223 0.377286 0.377305 0.377340 0.377344 0.377369 0.000000 0.000000
0.000000 0.000000 0.381937 0.381932 0.381918 0.381901 0.381809 0.381793 0.381773 0.381772 0.381767 0.381767 0.381766 0.381763 0.381771 0.381864 0.381893 0.381917 0.381944 0.000000 0.000000
0.000000 0.000000 0.387062 0.387057 0.387035 0.386934 0.386909 0.386857 0.386824 0.386818 0.386800 0.386785 0.386800 0.386794 0.386835 0.386870 0.387013 0.387000 0.387016 0.000000 0.000000
0.000000 0.000000 0.392572 0.392566 0.392429 0.392417 0.392409 0.392379 0.392413 0.392397 0.392411 0.392394 0.392379 0.392409 0.392425 0.392435 0.392409 0.392587 0.392589 0.000000 0.000000
0.000000 0.000000 0.399083 0.398889 0.398848 0.398789 0.398691 0.398652 0.398628 0.398630 0.398581 0.398578 0.398602 0.398587 0.398635 0.398709 0.398832 0.398838 0.399040 0.000000 0.000000
0.000000 0.000000 0.403407 0.403466 0.403649 0.403608 0.403557 0.403378 0.403379 0.403336 0.403375 0.403360 0.403370 0.403379 0.403539 0.403577 0.403676 0.403496 0.403449 0.000000 0.000000
0.000000 0.000000 0.350000 0.350000 0.350000 0.350000 0.350000 0.350000 0.350000 0.350000 0.350000 0.350000 0.350000 0.350000 0.350000 0.350000 0.350000 0.350000 0.350000 0.000000 0.000000
0.000000 0.000000 0.000000 0.000000 0.000000 0.000000 0.000000 0.000000 0.000000 0.000000 0.000000 0.000000 0.000000 0.000000 0.000000 0.000000 0.000000 0.000000 0.000000 0.000000 0.000000