geotop/1.0zi/1.0Montebello/Templates/testdem/maps/_Eocclay4678.asc
ncols         21
nrows         20
xllcorner     100.000000
yllcorner     100.000000
cellsize      50.000000
NODATA_value  -9999.0
0.000000 0.000000 0.000000 0.000000 0.000000 0.000000 0.000000 0.000000 0.000000 0.000000 0.000000 0.000000 0.000000 0.000000 0.000000 0.000000 0.000000 0.000000 0.000000 0.000000 0.000000
0.000000 0.000000 0.349789 0.349790 0.349790 0.349790 0.349790 0.349790 0.349790 0.349790 0.349790 0.349790 0.349790 0.349790 0.349790 0.349790 0.349789 0.349790 0.349789 0.000000 0.000000
0.000000 0.000000 0.349992 0.349992 0.349992 0.349992 0.349992 0.349992 0.349992 0.349992 0.349992 0.349991 0.349992 0.349992 0.349992 0.349992 0.349992 0.349992 0.349992 0.000000 0.000000
0.000000 0.000000 0.349992 0.349994 0.349992 0.349993 0.349994 0.349994 0.349994 0.349993 0.349994 0.349993 0.349993 0.349992 0.349994 0.349996 0.349994 0.349995 0.349993 0.000000 0.000000
0.000000 0.000000 0.350338 0.350337 0.350336 0.350331 0.350323 0.350321 0.350321 0.350320 0.350320 0.350322 0.350319 0.350320 0.350325 0.350324 0.350328 0.350329 0.350332 0.000000 0.000000
0.000000 0.000000 0.351596 0.351600 0.351594 0.351578 0.351574 0.351560 0.351559 0.351554 0.351559 0.351559 0.351563 0.351564 0.351566 0.351575 0.351580 0.351588 0.351593 0.000000 0.000000
0.000000 0.000000 0.353477 0.353473 0.353470 0.353457 0.353442 0.353421 0.353421 0.353416 0.353420 0.353420 0.353421 0.353421 0.353436 0.353454 0.353463 0.353469 0.353475 0.000000 0.000000
0.000000 0.000000 0.355684 0.355683 0.355681 0.355665 0.355648 0.355627 0.355628 0.355624 0.355626 0.355626 0.355624 0.355626 0.355645 0.355661 0.355670 0.355675 0.355682 0.000000 0.000000
0.000000 0.000000 0.357893 0.357890 0.357886 0.357876 0.357860 0.357839 0.357841 0.357836 0.357837 0.357838 0.357836 0.357838 0.357854 0.357874 0.357881 0.357885 0.357892 0.000000 0.000000
0.000000 0.000000 0.360109 0.360104 0.360102 0.360091 0.360072 0.360052 0.360055 0.360051 0.360052 0.360053 0.360050 0.360050 0.360069 0.360089 0.360096 0.360100 0.360107 0.000000 0.000000
0.000000 0.000000 0.362367 0.362363 0.362360 0.362352 0.362338 0.362314 0.362316 0.362311 0.362311 0.362313 0.362310 0.362310 0.362327 0.362342 0.362352 0.362356 0.362364 0.000000 0.000000
0.000000 0.000000 0.364703 0.364700 0.364695 0.364682 0.364667 0.364645 0.364644 0.364641 0.364641 0.364641 0.364639 0.364638 0.364660 0.364677 0.364686 0.364690 0.364715 0.000000 0.000000
0.000000 0.000000 0.367073 0.367069 0.367065 0.367055 0.367037 0.366989 0.366989 0.366985 0.366985 0.366986 0.366983 0.366984 0.367025 0.367046 0.367055 0.367060 0.367074 0.000000 0.000000
0.000000 0.000000 0.369589 0.369581 0.369578 0.369568 0.369518 0.369505 0.369497 0.369494 0.369495 0.369495 0.369492 0.369492 0.369506 0.369555 0.369565 0.369576 0.369585 0.000000 0.000000
0.000000 0.000000 0.372308 0.372302 0.372289 0.372246 0.372223 0.372192 0.372176 0.372171 0.372165 0.372165 0.372166 0.372161 0.372185 0.372220 0.372274 0.372272 0.372280 0.000000 0.000000
0.000000 0.000000 0.375119 0.375113 0.375060 0.375051 0.375036 0.375021 0.375020 0.375018 0.375022 0.375021 0.375013 0.375023 0.375030 0.375045 0.375046 0.375104 0.375119 0.000000 0.000000
0.000000 0.000000 0.378256 0.378185 0.378142 0.378122 0.378085 0.378065 0.378061 0.378058 0.378050 0.378051 0.378051 0.378046 0.378061 0.378103 0.378131 0.378159 0.378230 0.000000 0.000000
0.000000 0.000000 0.380688 0.380675 0.380722 0.380695 0.380664 0.380593 0.380587 0.380579 0.380583 0.380583 0.380578 0.380583 0.380647 0.380683 0.380723 0.380662 0.380689 0.000000 0.000000
0.000000 0.000000 0.350000 0.350000 0.350000 0.350000 0.350000 0.350000 0.350000 0.350000 0.350000 0.350000 0.350000 0.350000 0.350000 0.350000 0.350000 0.350000 0.350000 0.000000 0.000000
0.000000 0.000000 0.000000 0.000000 0.000000 0.000000 0.000000 0.000000 0.000000 0.000000 0.000000 0.000000 0.000000 0.000000 0.000000 0.000000 0.000000 0.000000 0.000000 0.000000 0.000000