geotop/1.0zi/1.0Montebello/Templates/testdem/maps/_Eocclay0509.asc
ncols         21
nrows         20
xllcorner     100.000000
yllcorner     100.000000
cellsize      50.000000
NODATA_value  -9999.0
0.000000 0.000000 0.000000 0.000000 0.000000 0.000000 0.000000 0.000000 0.000000 0.000000 0.000000 0.000000 0.000000 0.000000 0.000000 0.000000 0.000000 0.000000 0.000000 0.000000 0.000000
0.000000 0.000000 0.349970 0.349970 0.349970 0.349970 0.349970 0.349970 0.349970 0.349970 0.349970 0.349970 0.349970 0.349970 0.349970 0.349970 0.349970 0.349970 0.349970 0.000000 0.000000
0.000000 0.000000 0.349997 0.349997 0.349997 0.349997 0.349997 0.349997 0.349997 0.349997 0.349997 0.349997 0.349997 0.349997 0.349997 0.349997 0.349997 0.349997 0.349997 0.000000 0.000000
0.000000 0.000000 0.350285 0.350285 0.350283 0.350285 0.350285 0.350285 0.350285 0.350285 0.350285 0.350285 0.350285 0.350285 0.350285 0.350285 0.350283 0.350285 0.350285 0.000000 0.000000
0.000000 0.000000 0.351207 0.351207 0.351205 0.351207 0.351207 0.351207 0.351207 0.351207 0.351207 0.351207 0.351207 0.351207 0.351207 0.351207 0.351205 0.351207 0.351207 0.000000 0.000000
0.000000 0.000000 0.352115 0.352115 0.352113 0.352115 0.352115 0.352115 0.352115 0.352115 0.352115 0.352115 0.352115 0.352115 0.352115 0.352115 0.352113 0.352115 0.352115 0.000000 0.000000
0.000000 0.000000 0.352961 0.352961 0.352959 0.352961 0.352961 0.352961 0.352961 0.352961 0.352961 0.352961 0.352961 0.352961 0.352961 0.352961 0.352959 0.352961 0.352961 0.000000 0.000000
0.000000 0.000000 0.353742 0.353742 0.353741 0.353742 0.353742 0.353743 0.353743 0.353743 0.353743 0.353743 0.353743 0.353743 0.353742 0.353742 0.353741 0.353742 0.353742 0.000000 0.000000
0.000000 0.000000 0.354479 0.354479 0.354478 0.354479 0.354479 0.354479 0.354479 0.354479 0.354479 0.354479 0.354479 0.354479 0.354479 0.354479 0.354478 0.354479 0.354479 0.000000 0.000000
0.000000 0.000000 0.355189 0.355189 0.355187 0.355189 0.355189 0.355189 0.355189 0.355189 0.355189 0.355189 0.355189 0.355189 0.355189 0.355189 0.355187 0.355189 0.355189 0.000000 0.000000
0.000000 0.000000 0.355878 0.355878 0.355877 0.355878 0.355878 0.355878 0.355879 0.355878 0.355878 0.355878 0.355879 0.355878 0.355878 0.355878 0.355877 0.355878 0.355878 0.000000 0.000000
0.000000 0.000000 0.356554 0.356554 0.356553 0.356554 0.356554 0.356554 0.356554 0.356554 0.356554 0.356554 0.356554 0.356554 0.356554 0.356554 0.356553 0.356554 0.356554 0.000000 0.000000
0.000000 0.000000 0.357217 0.357217 0.357216 0.357217 0.357217 0.357217 0.357217 0.357217 0.357217 0.357217 0.357217 0.357217 0.357217 0.357217 0.357216 0.357217 0.357217 0.000000 0.000000
0.000000 0.000000 0.357869 0.357869 0.357868 0.357869 0.357870 0.357870 0.357870 0.357870 0.357870 0.357870 0.357870 0.357870 0.357870 0.357869 0.357868 0.357869 0.357869 0.000000 0.000000
0.000000 0.000000 0.358515 0.358515 0.358514 0.358515 0.358515 0.358515 0.358515 0.358515 0.358515 0.358515 0.358515 0.358515 0.358515 0.358515 0.358514 0.358515 0.358515 0.000000 0.000000
0.000000 0.000000 0.359157 0.359157 0.359156 0.359157 0.359157 0.359157 0.359157 0.359157 0.359157 0.359157 0.359157 0.359157 0.359157 0.359157 0.359156 0.359157 0.359157 0.000000 0.000000
0.000000 0.000000 0.359791 0.359791 0.359790 0.359791 0.359791 0.359791 0.359792 0.359791 0.359791 0.359791 0.359792 0.359791 0.359791 0.359791 0.359790 0.359791 0.359791 0.000000 0.000000
0.000000 0.000000 0.360438 0.360438 0.360437 0.360438 0.360438 0.360438 0.360438 0.360438 0.360438 0.360438 0.360438 0.360438 0.360438 0.360438 0.360437 0.360438 0.360438 0.000000 0.000000
0.000000 0.000000 0.350000 0.350000 0.350000 0.350000 0.350000 0.350000 0.350000 0.350000 0.350000 0.350000 0.350000 0.350000 0.350000 0.350000 0.350000 0.350000 0.350000 0.000000 0.000000
0.000000 0.000000 0.000000 0.000000 0.000000 0.000000 0.000000 0.000000 0.000000 0.000000 0.000000 0.000000 0.000000 0.000000 0.000000 0.000000 0.000000 0.000000 0.000000 0.000000 0.000000