geotop/1.0zi/1.0Montebello/Templates/testdem/maps/_Eocsilt0863.asc
ncols         21
nrows         20
xllcorner     100.000000
yllcorner     100.000000
cellsize      50.000000
NODATA_value  -9999.0
0.000000 0.000000 0.000000 0.000000 0.000000 0.000000 0.000000 0.000000 0.000000 0.000000 0.000000 0.000000 0.000000 0.000000 0.000000 0.000000 0.000000 0.000000 0.000000 0.000000 0.000000
0.000000 0.000000 0.350016 0.350016 0.350016 0.350016 0.350016 0.350016 0.350016 0.350016 0.350016 0.350016 0.350016 0.350016 0.350016 0.350016 0.350016 0.350016 0.350016 0.000000 0.000000
0.000000 0.000000 0.350000 0.349999 0.350000 0.350000 0.350000 0.350000 0.350000 0.350000 0.350000 0.350000 0.350000 0.350000 0.350000 0.350000 0.350000 0.349999 0.350000 0.000000 0.000000
0.000000 0.000000 0.350332 0.350331 0.350329 0.350330 0.350332 0.350332 0.350331 0.350332 0.350332 0.350332 0.350331 0.350332 0.350332 0.350330 0.350329 0.350331 0.350332 0.000000 0.000000
0.000000 0.000000 0.351516 0.351515 0.351513 0.351513 0.351516 0.351516 0.351516 0.351516 0.351516 0.351516 0.351516 0.351516 0.351516 0.351513 0.351513 0.351515 0.351516 0.000000 0.000000
0.000000 0.000000 0.352991 0.352990 0.352988 0.352988 0.352991 0.352991 0.352991 0.352991 0.352991 0.352991 0.352991 0.352991 0.352991 0.352988 0.352988 0.352990 0.352991 0.000000 0.000000
0.000000 0.000000 0.354351 0.354351 0.354349 0.354349 0.354352 0.354351 0.354351 0.354351 0.354351 0.354351 0.354351 0.354351 0.354352 0.354349 0.354349 0.354351 0.354351 0.000000 0.000000
0.000000 0.000000 0.355607 0.355606 0.355605 0.355605 0.355607 0.355607 0.355607 0.355607 0.355607 0.355607 0.355607 0.355607 0.355607 0.355605 0.355605 0.355606 0.355607 0.000000 0.000000
0.000000 0.000000 0.356787 0.356786 0.356785 0.356785 0.356787 0.356787 0.356787 0.356787 0.356787 0.356787 0.356787 0.356787 0.356787 0.356785 0.356785 0.356786 0.356787 0.000000 0.000000
0.000000 0.000000 0.357918 0.357917 0.357916 0.357916 0.357918 0.357917 0.357917 0.357918 0.357918 0.357918 0.357917 0.357917 0.357918 0.357916 0.357916 0.357917 0.357918 0.000000 0.000000
0.000000 0.000000 0.359014 0.359014 0.359012 0.359013 0.359014 0.359014 0.359014 0.359014 0.359014 0.359014 0.359014 0.359014 0.359014 0.359013 0.359012 0.359014 0.359014 0.000000 0.000000
0.000000 0.000000 0.360086 0.360086 0.360084 0.360085 0.360086 0.360086 0.360086 0.360086 0.360086 0.360086 0.360086 0.360086 0.360086 0.360085 0.360084 0.360086 0.360086 0.000000 0.000000
0.000000 0.000000 0.361137 0.361137 0.361136 0.361136 0.361137 0.361137 0.361137 0.361137 0.361137 0.361137 0.361137 0.361137 0.361137 0.361136 0.361136 0.361137 0.361137 0.000000 0.000000
0.000000 0.000000 0.362171 0.362171 0.362170 0.362170 0.362171 0.362171 0.362171 0.362171 0.362171 0.362171 0.362171 0.362171 0.362171 0.362170 0.362170 0.362171 0.362171 0.000000 0.000000
0.000000 0.000000 0.363194 0.363193 0.363192 0.363192 0.363194 0.363194 0.363194 0.363194 0.363194 0.363194 0.363194 0.363194 0.363194 0.363192 0.363192 0.363193 0.363194 0.000000 0.000000
0.000000 0.000000 0.364209 0.364209 0.364207 0.364208 0.364209 0.364209 0.364209 0.364209 0.364209 0.364209 0.364209 0.364209 0.364209 0.364208 0.364207 0.364209 0.364209 0.000000 0.000000
0.000000 0.000000 0.365214 0.365214 0.365212 0.365213 0.365214 0.365214 0.365214 0.365214 0.365214 0.365214 0.365214 0.365214 0.365214 0.365213 0.365212 0.365214 0.365214 0.000000 0.000000
0.000000 0.000000 0.366236 0.366235 0.366234 0.366234 0.366236 0.366236 0.366236 0.366236 0.366236 0.366236 0.366236 0.366236 0.366236 0.366234 0.366234 0.366235 0.366236 0.000000 0.000000
0.000000 0.000000 0.350000 0.350000 0.350000 0.350000 0.350000 0.350000 0.350000 0.350000 0.350000 0.350000 0.350000 0.350000 0.350000 0.350000 0.350000 0.350000 0.350000 0.000000 0.000000
0.000000 0.000000 0.000000 0.000000 0.000000 0.000000 0.000000 0.000000 0.000000 0.000000 0.000000 0.000000 0.000000 0.000000 0.000000 0.000000 0.000000 0.000000 0.000000 0.000000 0.000000