geotop/1.0zi/1.0Montebello/Templates/testdem/maps/_Eocsilt5176.asc
ncols         21
nrows         20
xllcorner     100.000000
yllcorner     100.000000
cellsize      50.000000
NODATA_value  -9999.0
0.000000 0.000000 0.000000 0.000000 0.000000 0.000000 0.000000 0.000000 0.000000 0.000000 0.000000 0.000000 0.000000 0.000000 0.000000 0.000000 0.000000 0.000000 0.000000 0.000000 0.000000
0.000000 0.000000 0.350104 0.350104 0.350105 0.350105 0.350104 0.350105 0.350105 0.350105 0.350105 0.350105 0.350104 0.350104 0.350104 0.350105 0.350105 0.350104 0.350104 0.000000 0.000000
0.000000 0.000000 0.350002 0.350002 0.350002 0.350003 0.350003 0.350003 0.350003 0.350003 0.350003 0.350003 0.350003 0.350003 0.350003 0.350002 0.350001 0.350001 0.350001 0.000000 0.000000
0.000000 0.000000 0.350037 0.350036 0.350036 0.350031 0.350033 0.350031 0.350033 0.350033 0.350033 0.350032 0.350032 0.350031 0.350033 0.350036 0.350036 0.350038 0.350037 0.000000 0.000000
0.000000 0.000000 0.350429 0.350433 0.350432 0.350428 0.350425 0.350422 0.350420 0.350418 0.350417 0.350419 0.350419 0.350419 0.350424 0.350425 0.350426 0.350433 0.350437 0.000000 0.000000
0.000000 0.000000 0.351718 0.351720 0.351716 0.351704 0.351697 0.351681 0.351679 0.351674 0.351678 0.351681 0.351685 0.351683 0.351687 0.351693 0.351701 0.351705 0.351709 0.000000 0.000000
0.000000 0.000000 0.353724 0.353722 0.353717 0.353701 0.353683 0.353664 0.353665 0.353662 0.353665 0.353665 0.353663 0.353666 0.353680 0.353696 0.353703 0.353711 0.353717 0.000000 0.000000
0.000000 0.000000 0.356143 0.356143 0.356144 0.356128 0.356110 0.356089 0.356090 0.356087 0.356087 0.356087 0.356086 0.356089 0.356105 0.356122 0.356137 0.356138 0.356147 0.000000 0.000000
0.000000 0.000000 0.358680 0.358675 0.358669 0.358659 0.358641 0.358616 0.358617 0.358612 0.358610 0.358612 0.358613 0.358611 0.358634 0.358652 0.358665 0.358669 0.358677 0.000000 0.000000
0.000000 0.000000 0.361198 0.361194 0.361191 0.361185 0.361160 0.361140 0.361141 0.361138 0.361135 0.361139 0.361142 0.361140 0.361157 0.361177 0.361190 0.361191 0.361196 0.000000 0.000000
0.000000 0.000000 0.363763 0.363760 0.363759 0.363742 0.363725 0.363703 0.363708 0.363695 0.363696 0.363698 0.363696 0.363702 0.363715 0.363729 0.363742 0.363749 0.363760 0.000000 0.000000
0.000000 0.000000 0.366434 0.366428 0.366422 0.366410 0.366395 0.366367 0.366369 0.366361 0.366369 0.366363 0.366364 0.366367 0.366392 0.366403 0.366413 0.366416 0.366446 0.000000 0.000000
0.000000 0.000000 0.369151 0.369145 0.369143 0.369129 0.369116 0.369061 0.369062 0.369055 0.369045 0.369050 0.369056 0.369061 0.369100 0.369111 0.369132 0.369133 0.369155 0.000000 0.000000
0.000000 0.000000 0.372065 0.372060 0.372053 0.372045 0.371989 0.371979 0.371966 0.371965 0.371960 0.371962 0.371965 0.371962 0.371969 0.372020 0.372038 0.372052 0.372073 0.000000 0.000000
0.000000 0.000000 0.375232 0.375227 0.375214 0.375163 0.375144 0.375115 0.375093 0.375089 0.375079 0.375073 0.375081 0.375076 0.375098 0.375126 0.375203 0.375198 0.375211 0.000000 0.000000
0.000000 0.000000 0.378552 0.378547 0.378481 0.378465 0.378459 0.378442 0.378451 0.378443 0.378448 0.378439 0.378433 0.378447 0.378458 0.378469 0.378469 0.378554 0.378558 0.000000 0.000000
0.000000 0.000000 0.382281 0.382193 0.382153 0.382127 0.382085 0.382065 0.382060 0.382058 0.382040 0.382035 0.382043 0.382041 0.382065 0.382098 0.382146 0.382179 0.382267 0.000000 0.000000
0.000000 0.000000 0.385119 0.385109 0.385182 0.385158 0.385124 0.385044 0.385041 0.385022 0.385032 0.385026 0.385033 0.385035 0.385111 0.385134 0.385195 0.385119 0.385134 0.000000 0.000000
0.000000 0.000000 0.350000 0.350000 0.350000 0.350000 0.350000 0.350000 0.350000 0.350000 0.350000 0.350000 0.350000 0.350000 0.350000 0.350000 0.350000 0.350000 0.350000 0.000000 0.000000
0.000000 0.000000 0.000000 0.000000 0.000000 0.000000 0.000000 0.000000 0.000000 0.000000 0.000000 0.000000 0.000000 0.000000 0.000000 0.000000 0.000000 0.000000 0.000000 0.000000 0.000000