geotop/1.0zi/1.0Montebello/Templates/testdem/maps/_Eocclay4417.asc
ncols         21
nrows         20
xllcorner     100.000000
yllcorner     100.000000
cellsize      50.000000
NODATA_value  -9999.0
0.000000 0.000000 0.000000 0.000000 0.000000 0.000000 0.000000 0.000000 0.000000 0.000000 0.000000 0.000000 0.000000 0.000000 0.000000 0.000000 0.000000 0.000000 0.000000 0.000000 0.000000
0.000000 0.000000 0.349803 0.349803 0.349803 0.349803 0.349804 0.349803 0.349803 0.349803 0.349803 0.349803 0.349803 0.349803 0.349803 0.349803 0.349803 0.349803 0.349803 0.000000 0.000000
0.000000 0.000000 0.349993 0.349993 0.349993 0.349993 0.349993 0.349993 0.349993 0.349993 0.349993 0.349993 0.349993 0.349993 0.349993 0.349993 0.349993 0.349993 0.349993 0.000000 0.000000
0.000000 0.000000 0.349994 0.349996 0.349994 0.349995 0.349996 0.349996 0.349996 0.349995 0.349996 0.349995 0.349995 0.349994 0.349997 0.349998 0.349996 0.349997 0.349995 0.000000 0.000000
0.000000 0.000000 0.350340 0.350342 0.350341 0.350335 0.350327 0.350325 0.350325 0.350325 0.350324 0.350326 0.350323 0.350324 0.350329 0.350330 0.350333 0.350335 0.350338 0.000000 0.000000
0.000000 0.000000 0.351585 0.351586 0.351582 0.351567 0.351563 0.351550 0.351549 0.351544 0.351549 0.351549 0.351553 0.351554 0.351554 0.351561 0.351568 0.351575 0.351579 0.000000 0.000000
0.000000 0.000000 0.353439 0.353435 0.353433 0.353422 0.353408 0.353387 0.353387 0.353383 0.353386 0.353386 0.353387 0.353387 0.353402 0.353418 0.353426 0.353433 0.353438 0.000000 0.000000
0.000000 0.000000 0.355551 0.355551 0.355551 0.355536 0.355523 0.355504 0.355506 0.355502 0.355503 0.355503 0.355500 0.355500 0.355517 0.355532 0.355540 0.355545 0.355551 0.000000 0.000000
0.000000 0.000000 0.357661 0.357659 0.357656 0.357647 0.357634 0.357615 0.357617 0.357613 0.357613 0.357614 0.357611 0.357611 0.357627 0.357644 0.357651 0.357655 0.357662 0.000000 0.000000
0.000000 0.000000 0.359772 0.359769 0.359767 0.359758 0.359742 0.359724 0.359727 0.359724 0.359724 0.359725 0.359721 0.359719 0.359737 0.359755 0.359762 0.359766 0.359772 0.000000 0.000000
0.000000 0.000000 0.361923 0.361920 0.361918 0.361912 0.361901 0.361879 0.361882 0.361877 0.361877 0.361878 0.361874 0.361872 0.361887 0.361900 0.361909 0.361914 0.361921 0.000000 0.000000
0.000000 0.000000 0.364149 0.364146 0.364142 0.364131 0.364119 0.364099 0.364099 0.364096 0.364096 0.364095 0.364092 0.364090 0.364110 0.364125 0.364134 0.364138 0.364161 0.000000 0.000000
0.000000 0.000000 0.366402 0.366398 0.366395 0.366387 0.366373 0.366328 0.366330 0.366325 0.366325 0.366326 0.366321 0.366320 0.366359 0.366377 0.366386 0.366390 0.366404 0.000000 0.000000
0.000000 0.000000 0.368788 0.368781 0.368779 0.368771 0.368727 0.368716 0.368710 0.368707 0.368707 0.368707 0.368703 0.368701 0.368712 0.368757 0.368767 0.368776 0.368785 0.000000 0.000000
0.000000 0.000000 0.371360 0.371354 0.371343 0.371306 0.371286 0.371259 0.371245 0.371241 0.371234 0.371233 0.371233 0.371226 0.371247 0.371278 0.371328 0.371326 0.371333 0.000000 0.000000
0.000000 0.000000 0.374013 0.374007 0.373960 0.373954 0.373943 0.373930 0.373930 0.373928 0.373931 0.373930 0.373921 0.373927 0.373933 0.373945 0.373945 0.374000 0.374012 0.000000 0.000000
0.000000 0.000000 0.376963 0.376898 0.376858 0.376843 0.376812 0.376795 0.376792 0.376790 0.376782 0.376782 0.376781 0.376773 0.376784 0.376823 0.376847 0.376874 0.376939 0.000000 0.000000
0.000000 0.000000 0.379267 0.379254 0.379297 0.379277 0.379250 0.379186 0.379181 0.379175 0.379177 0.379176 0.379170 0.379172 0.379229 0.379261 0.379299 0.379242 0.379268 0.000000 0.000000
0.000000 0.000000 0.350000 0.350000 0.350000 0.350000 0.350000 0.350000 0.350000 0.350000 0.350000 0.350000 0.350000 0.350000 0.350000 0.350000 0.350000 0.350000 0.350000 0.000000 0.000000
0.000000 0.000000 0.000000 0.000000 0.000000 0.000000 0.000000 0.000000 0.000000 0.000000 0.000000 0.000000 0.000000 0.000000 0.000000 0.000000 0.000000 0.000000 0.000000 0.000000 0.000000