geotop/1.0zi/1.0Montebello/Templates/testdem/maps/_Eocclay9156.asc
ncols         21
nrows         20
xllcorner     100.000000
yllcorner     100.000000
cellsize      50.000000
NODATA_value  -9999.0
0.000000 0.000000 0.000000 0.000000 0.000000 0.000000 0.000000 0.000000 0.000000 0.000000 0.000000 0.000000 0.000000 0.000000 0.000000 0.000000 0.000000 0.000000 0.000000 0.000000 0.000000
0.000000 0.000000 0.349573 0.349576 0.349575 0.349575 0.349576 0.349576 0.349576 0.349576 0.349575 0.349576 0.349576 0.349576 0.349576 0.349576 0.349574 0.349574 0.349575 0.000000 0.000000
0.000000 0.000000 0.349982 0.349981 0.349980 0.349983 0.349980 0.349980 0.349981 0.349980 0.349980 0.349980 0.349981 0.349980 0.349981 0.349981 0.349982 0.349981 0.349980 0.000000 0.000000
0.000000 0.000000 0.350022 0.350027 0.350025 0.350022 0.350023 0.350024 0.350028 0.350025 0.350028 0.350026 0.350027 0.350025 0.350027 0.350029 0.350027 0.350026 0.350024 0.000000 0.000000
0.000000 0.000000 0.351242 0.351235 0.351228 0.351218 0.351201 0.351201 0.351196 0.351198 0.351196 0.351198 0.351197 0.351199 0.351208 0.351212 0.351222 0.351223 0.351233 0.000000 0.000000
0.000000 0.000000 0.354750 0.354744 0.354721 0.354690 0.354663 0.354637 0.354641 0.354634 0.354636 0.354635 0.354640 0.354639 0.354653 0.354679 0.354692 0.354702 0.354707 0.000000 0.000000
0.000000 0.000000 0.359465 0.359455 0.359441 0.359411 0.359375 0.359322 0.359324 0.359319 0.359318 0.359319 0.359319 0.359321 0.359362 0.359393 0.359410 0.359420 0.359428 0.000000 0.000000
0.000000 0.000000 0.365059 0.365048 0.365033 0.364996 0.364958 0.364911 0.364912 0.364906 0.364905 0.364902 0.364899 0.364909 0.364947 0.364979 0.365008 0.365013 0.365027 0.000000 0.000000
0.000000 0.000000 0.371106 0.371091 0.371071 0.371045 0.371001 0.370948 0.370954 0.370943 0.370938 0.370935 0.370937 0.370936 0.370988 0.371026 0.371048 0.371054 0.371067 0.000000 0.000000
0.000000 0.000000 0.377693 0.377673 0.377658 0.377630 0.377569 0.377520 0.377522 0.377515 0.377506 0.377510 0.377517 0.377515 0.377557 0.377607 0.377634 0.377640 0.377647 0.000000 0.000000
0.000000 0.000000 0.385076 0.385061 0.385047 0.384982 0.384944 0.384879 0.384895 0.384860 0.384865 0.384860 0.384848 0.384870 0.384915 0.384945 0.384982 0.384994 0.385025 0.000000 0.000000
0.000000 0.000000 0.393529 0.393497 0.393459 0.393427 0.393372 0.393293 0.393295 0.393288 0.393302 0.393271 0.393284 0.393284 0.393363 0.393407 0.393427 0.393435 0.393501 0.000000 0.000000
0.000000 0.000000 0.402939 0.402910 0.402900 0.402829 0.402783 0.402559 0.402559 0.402547 0.402477 0.402517 0.402525 0.402547 0.402716 0.402756 0.402836 0.402837 0.402861 0.000000 0.000000
0.000000 0.000000 0.414456 0.414443 0.414379 0.414335 0.414023 0.414099 0.414038 0.414039 0.414072 0.414037 0.414031 0.414005 0.413935 0.414268 0.414290 0.414363 0.414415 0.000000 0.000000
0.000000 0.000000 0.428173 0.428130 0.428059 0.427646 0.427763 0.427533 0.427460 0.427437 0.427354 0.427314 0.427360 0.427360 0.427574 0.427471 0.428011 0.427889 0.427881 0.000000 0.000000
0.000000 0.000000 0.442414 0.442382 0.441813 0.442068 0.441988 0.441993 0.442237 0.442170 0.442297 0.442268 0.442165 0.442303 0.442252 0.442318 0.441739 0.442581 0.442568 0.000000 0.000000
0.000000 0.000000 0.458012 0.457313 0.457567 0.457249 0.456902 0.456795 0.456555 0.456612 0.456372 0.456400 0.456539 0.456392 0.456580 0.456834 0.457525 0.456962 0.457684 0.000000 0.000000
0.000000 0.000000 0.462079 0.462615 0.463081 0.463071 0.463097 0.462637 0.462722 0.462585 0.462811 0.462764 0.462728 0.462804 0.463179 0.463161 0.463143 0.462773 0.462239 0.000000 0.000000
0.000000 0.000000 0.350000 0.350000 0.350000 0.350000 0.350000 0.350000 0.350000 0.350000 0.350000 0.350000 0.350000 0.350000 0.350000 0.350000 0.350000 0.350000 0.350000 0.000000 0.000000
0.000000 0.000000 0.000000 0.000000 0.000000 0.000000 0.000000 0.000000 0.000000 0.000000 0.000000 0.000000 0.000000 0.000000 0.000000 0.000000 0.000000 0.000000 0.000000 0.000000 0.000000