geotop/1.0zi/1.0Montebello/Templates/testdem/maps/_Eocclay2498.asc
ncols         21
nrows         20
xllcorner     100.000000
yllcorner     100.000000
cellsize      50.000000
NODATA_value  -9999.0
0.000000 0.000000 0.000000 0.000000 0.000000 0.000000 0.000000 0.000000 0.000000 0.000000 0.000000 0.000000 0.000000 0.000000 0.000000 0.000000 0.000000 0.000000 0.000000 0.000000 0.000000
0.000000 0.000000 0.349866 0.349866 0.349866 0.349866 0.349866 0.349866 0.349866 0.349866 0.349866 0.349866 0.349866 0.349866 0.349866 0.349866 0.349866 0.349866 0.349866 0.000000 0.000000
0.000000 0.000000 0.349990 0.349990 0.349989 0.349990 0.349990 0.349990 0.349990 0.349990 0.349990 0.349990 0.349990 0.349990 0.349990 0.349990 0.349989 0.349990 0.349990 0.000000 0.000000
0.000000 0.000000 0.350780 0.350780 0.350778 0.350779 0.350780 0.350780 0.350780 0.350780 0.350780 0.350780 0.350780 0.350780 0.350780 0.350779 0.350778 0.350780 0.350780 0.000000 0.000000
0.000000 0.000000 0.354401 0.354400 0.354398 0.354398 0.354402 0.354401 0.354401 0.354402 0.354402 0.354402 0.354401 0.354401 0.354402 0.354398 0.354398 0.354400 0.354401 0.000000 0.000000
0.000000 0.000000 0.358548 0.358547 0.358546 0.358546 0.358549 0.358548 0.358548 0.358549 0.358549 0.358549 0.358548 0.358548 0.358549 0.358546 0.358546 0.358547 0.358548 0.000000 0.000000
0.000000 0.000000 0.362482 0.362482 0.362480 0.362481 0.362483 0.362482 0.362482 0.362483 0.362483 0.362483 0.362482 0.362482 0.362483 0.362481 0.362480 0.362482 0.362482 0.000000 0.000000
0.000000 0.000000 0.366095 0.366095 0.366094 0.366094 0.366096 0.366095 0.366095 0.366096 0.366096 0.366096 0.366095 0.366095 0.366096 0.366094 0.366094 0.366095 0.366095 0.000000 0.000000
0.000000 0.000000 0.369465 0.369465 0.369464 0.369464 0.369466 0.369465 0.369465 0.369466 0.369466 0.369466 0.369465 0.369465 0.369466 0.369464 0.369464 0.369465 0.369465 0.000000 0.000000
0.000000 0.000000 0.372668 0.372668 0.372667 0.372667 0.372669 0.372668 0.372668 0.372669 0.372669 0.372669 0.372668 0.372668 0.372669 0.372667 0.372667 0.372668 0.372668 0.000000 0.000000
0.000000 0.000000 0.375742 0.375741 0.375740 0.375740 0.375742 0.375741 0.375741 0.375742 0.375742 0.375742 0.375741 0.375741 0.375742 0.375740 0.375740 0.375741 0.375742 0.000000 0.000000
0.000000 0.000000 0.378713 0.378713 0.378712 0.378712 0.378714 0.378713 0.378713 0.378714 0.378714 0.378714 0.378713 0.378713 0.378714 0.378712 0.378712 0.378713 0.378713 0.000000 0.000000
0.000000 0.000000 0.381604 0.381604 0.381603 0.381603 0.381605 0.381604 0.381604 0.381605 0.381605 0.381605 0.381604 0.381604 0.381605 0.381603 0.381603 0.381604 0.381604 0.000000 0.000000
0.000000 0.000000 0.384429 0.384429 0.384428 0.384428 0.384430 0.384429 0.384429 0.384430 0.384430 0.384430 0.384429 0.384429 0.384430 0.384428 0.384428 0.384429 0.384429 0.000000 0.000000
0.000000 0.000000 0.387198 0.387198 0.387197 0.387197 0.387199 0.387198 0.387198 0.387199 0.387199 0.387199 0.387198 0.387198 0.387199 0.387197 0.387197 0.387198 0.387198 0.000000 0.000000
0.000000 0.000000 0.389916 0.389916 0.389915 0.389915 0.389916 0.389916 0.389916 0.389917 0.389917 0.389917 0.389916 0.389916 0.389916 0.389915 0.389915 0.389916 0.389916 0.000000 0.000000
0.000000 0.000000 0.392586 0.392585 0.392584 0.392585 0.392586 0.392585 0.392585 0.392586 0.392586 0.392586 0.392585 0.392585 0.392586 0.392585 0.392584 0.392585 0.392586 0.000000 0.000000
0.000000 0.000000 0.395249 0.395249 0.395248 0.395248 0.395249 0.395249 0.395249 0.395250 0.395250 0.395250 0.395249 0.395249 0.395249 0.395248 0.395248 0.395249 0.395249 0.000000 0.000000
0.000000 0.000000 0.350000 0.350000 0.350000 0.350000 0.350000 0.350000 0.350000 0.350000 0.350000 0.350000 0.350000 0.350000 0.350000 0.350000 0.350000 0.350000 0.350000 0.000000 0.000000
0.000000 0.000000 0.000000 0.000000 0.000000 0.000000 0.000000 0.000000 0.000000 0.000000 0.000000 0.000000 0.000000 0.000000 0.000000 0.000000 0.000000 0.000000 0.000000 0.000000 0.000000