geotop/1.0zi/1.0Montebello/Templates/testdem/maps/_Eocclay2158.asc
ncols         21
nrows         20
xllcorner     100.000000
yllcorner     100.000000
cellsize      50.000000
NODATA_value  -9999.0
0.000000 0.000000 0.000000 0.000000 0.000000 0.000000 0.000000 0.000000 0.000000 0.000000 0.000000 0.000000 0.000000 0.000000 0.000000 0.000000 0.000000 0.000000 0.000000 0.000000 0.000000
0.000000 0.000000 0.349884 0.349884 0.349884 0.349884 0.349884 0.349884 0.349884 0.349884 0.349884 0.349884 0.349884 0.349884 0.349884 0.349884 0.349884 0.349884 0.349884 0.000000 0.000000
0.000000 0.000000 0.349993 0.349993 0.349992 0.349993 0.349993 0.349993 0.349993 0.349993 0.349993 0.349993 0.349993 0.349993 0.349993 0.349993 0.349992 0.349993 0.349993 0.000000 0.000000
0.000000 0.000000 0.350659 0.350659 0.350657 0.350658 0.350659 0.350659 0.350659 0.350659 0.350659 0.350659 0.350659 0.350659 0.350659 0.350658 0.350657 0.350659 0.350659 0.000000 0.000000
0.000000 0.000000 0.353651 0.353650 0.353648 0.353648 0.353652 0.353651 0.353651 0.353652 0.353652 0.353652 0.353651 0.353651 0.353652 0.353648 0.353648 0.353650 0.353651 0.000000 0.000000
0.000000 0.000000 0.357179 0.357179 0.357177 0.357178 0.357180 0.357179 0.357179 0.357180 0.357180 0.357180 0.357179 0.357179 0.357180 0.357178 0.357177 0.357179 0.357179 0.000000 0.000000
0.000000 0.000000 0.360528 0.360527 0.360526 0.360526 0.360528 0.360527 0.360527 0.360528 0.360528 0.360528 0.360527 0.360527 0.360528 0.360526 0.360526 0.360527 0.360528 0.000000 0.000000
0.000000 0.000000 0.363610 0.363609 0.363608 0.363608 0.363610 0.363609 0.363609 0.363610 0.363610 0.363610 0.363609 0.363609 0.363610 0.363608 0.363608 0.363609 0.363610 0.000000 0.000000
0.000000 0.000000 0.366493 0.366492 0.366491 0.366491 0.366493 0.366492 0.366493 0.366493 0.366493 0.366493 0.366493 0.366492 0.366493 0.366491 0.366491 0.366492 0.366493 0.000000 0.000000
0.000000 0.000000 0.369245 0.369245 0.369244 0.369244 0.369246 0.369245 0.369245 0.369246 0.369246 0.369246 0.369245 0.369245 0.369246 0.369244 0.369244 0.369245 0.369245 0.000000 0.000000
0.000000 0.000000 0.371898 0.371898 0.371897 0.371897 0.371899 0.371898 0.371898 0.371899 0.371899 0.371899 0.371898 0.371898 0.371899 0.371897 0.371897 0.371898 0.371898 0.000000 0.000000
0.000000 0.000000 0.374475 0.374475 0.374474 0.374474 0.374476 0.374475 0.374475 0.374476 0.374476 0.374476 0.374475 0.374475 0.374476 0.374474 0.374474 0.374475 0.374475 0.000000 0.000000
0.000000 0.000000 0.376994 0.376994 0.376993 0.376993 0.376994 0.376994 0.376994 0.376995 0.376995 0.376995 0.376994 0.376994 0.376994 0.376993 0.376993 0.376994 0.376994 0.000000 0.000000
0.000000 0.000000 0.379461 0.379461 0.379460 0.379460 0.379462 0.379461 0.379461 0.379462 0.379462 0.379462 0.379461 0.379461 0.379462 0.379460 0.379460 0.379461 0.379461 0.000000 0.000000
0.000000 0.000000 0.381887 0.381886 0.381885 0.381886 0.381887 0.381887 0.381887 0.381887 0.381887 0.381887 0.381887 0.381887 0.381887 0.381886 0.381885 0.381886 0.381887 0.000000 0.000000
0.000000 0.000000 0.384275 0.384275 0.384274 0.384274 0.384275 0.384275 0.384275 0.384276 0.384276 0.384276 0.384275 0.384275 0.384275 0.384274 0.384274 0.384275 0.384275 0.000000 0.000000
0.000000 0.000000 0.386628 0.386627 0.386626 0.386627 0.386628 0.386627 0.386627 0.386628 0.386628 0.386628 0.386627 0.386627 0.386628 0.386627 0.386626 0.386627 0.386628 0.000000 0.000000
0.000000 0.000000 0.388977 0.388977 0.388975 0.388976 0.388977 0.388977 0.388977 0.388977 0.388977 0.388977 0.388977 0.388977 0.388977 0.388976 0.388975 0.388977 0.388977 0.000000 0.000000
0.000000 0.000000 0.350000 0.350000 0.350000 0.350000 0.350000 0.350000 0.350000 0.350000 0.350000 0.350000 0.350000 0.350000 0.350000 0.350000 0.350000 0.350000 0.350000 0.000000 0.000000
0.000000 0.000000 0.000000 0.000000 0.000000 0.000000 0.000000 0.000000 0.000000 0.000000 0.000000 0.000000 0.000000 0.000000 0.000000 0.000000 0.000000 0.000000 0.000000 0.000000 0.000000