geotop/1.0zi/1.0Montebello/Templates/testdem/maps/_Eocsand3208.asc
ncols         21
nrows         20
xllcorner     100.000000
yllcorner     100.000000
cellsize      50.000000
NODATA_value  -9999.0
0.000000 0.000000 0.000000 0.000000 0.000000 0.000000 0.000000 0.000000 0.000000 0.000000 0.000000 0.000000 0.000000 0.000000 0.000000 0.000000 0.000000 0.000000 0.000000 0.000000 0.000000
0.000000 0.000000 0.300088 0.300088 0.300088 0.300089 0.300088 0.300088 0.300088 0.300088 0.300090 0.300088 0.300088 0.300088 0.300088 0.300089 0.300088 0.300088 0.300088 0.000000 0.000000
0.000000 0.000000 0.300011 0.300011 0.300011 0.300011 0.300011 0.300011 0.300011 0.300011 0.300009 0.300011 0.300011 0.300011 0.300011 0.300011 0.300011 0.300011 0.300011 0.000000 0.000000
0.000000 0.000000 0.297432 0.297433 0.297437 0.297435 0.297432 0.297432 0.297433 0.297432 0.297431 0.297432 0.297433 0.297432 0.297432 0.297435 0.297437 0.297433 0.297432 0.000000 0.000000
0.000000 0.000000 0.287807 0.287809 0.287813 0.287813 0.287807 0.287809 0.287808 0.287806 0.287805 0.287806 0.287808 0.287809 0.287807 0.287813 0.287813 0.287809 0.287807 0.000000 0.000000
0.000000 0.000000 0.276677 0.276678 0.276682 0.276681 0.276677 0.276678 0.276678 0.276676 0.276675 0.276676 0.276678 0.276678 0.276677 0.276681 0.276682 0.276678 0.276677 0.000000 0.000000
0.000000 0.000000 0.266442 0.266443 0.266446 0.266445 0.266441 0.266443 0.266443 0.266441 0.266440 0.266441 0.266443 0.266443 0.266441 0.266445 0.266446 0.266443 0.266442 0.000000 0.000000
0.000000 0.000000 0.257157 0.257158 0.257161 0.257160 0.257157 0.257158 0.257158 0.257157 0.257156 0.257157 0.257158 0.257158 0.257157 0.257160 0.257161 0.257158 0.257157 0.000000 0.000000
0.000000 0.000000 0.248575 0.248576 0.248579 0.248578 0.248575 0.248576 0.248576 0.248575 0.248574 0.248575 0.248576 0.248576 0.248575 0.248578 0.248579 0.248576 0.248575 0.000000 0.000000
0.000000 0.000000 0.240492 0.240493 0.240495 0.240495 0.240492 0.240493 0.240493 0.240492 0.240491 0.240492 0.240493 0.240493 0.240492 0.240495 0.240495 0.240493 0.240492 0.000000 0.000000
0.000000 0.000000 0.232808 0.232809 0.232812 0.232811 0.232808 0.232809 0.232809 0.232808 0.232807 0.232808 0.232809 0.232809 0.232808 0.232811 0.232812 0.232809 0.232808 0.000000 0.000000
0.000000 0.000000 0.225451 0.225452 0.225454 0.225453 0.225451 0.225452 0.225452 0.225451 0.225450 0.225451 0.225452 0.225452 0.225451 0.225453 0.225454 0.225452 0.225451 0.000000 0.000000
0.000000 0.000000 0.218367 0.218368 0.218370 0.218369 0.218367 0.218368 0.218368 0.218367 0.218366 0.218367 0.218368 0.218368 0.218367 0.218369 0.218370 0.218368 0.218367 0.000000 0.000000
0.000000 0.000000 0.211496 0.211497 0.211499 0.211498 0.211496 0.211497 0.211497 0.211496 0.211495 0.211496 0.211497 0.211497 0.211496 0.211498 0.211499 0.211497 0.211496 0.000000 0.000000
0.000000 0.000000 0.204824 0.204825 0.204827 0.204826 0.204824 0.204825 0.204825 0.204824 0.204823 0.204824 0.204825 0.204825 0.204824 0.204826 0.204827 0.204825 0.204824 0.000000 0.000000
0.000000 0.000000 0.198339 0.198339 0.198341 0.198341 0.198338 0.198339 0.198339 0.198338 0.198337 0.198338 0.198339 0.198339 0.198338 0.198341 0.198341 0.198339 0.198339 0.000000 0.000000
0.000000 0.000000 0.192019 0.192019 0.192022 0.192021 0.192019 0.192020 0.192019 0.192019 0.192018 0.192019 0.192019 0.192020 0.192019 0.192021 0.192022 0.192019 0.192019 0.000000 0.000000
0.000000 0.000000 0.185737 0.185736 0.185739 0.185738 0.185736 0.185737 0.185736 0.185735 0.185735 0.185735 0.185736 0.185737 0.185736 0.185738 0.185739 0.185736 0.185736 0.000000 0.000000
0.000000 0.000000 0.300000 0.300000 0.300000 0.300000 0.300000 0.300000 0.300000 0.300000 0.300000 0.300000 0.300000 0.300000 0.300000 0.300000 0.300000 0.300000 0.300000 0.000000 0.000000
0.000000 0.000000 0.000000 0.000000 0.000000 0.000000 0.000000 0.000000 0.000000 0.000000 0.000000 0.000000 0.000000 0.000000 0.000000 0.000000 0.000000 0.000000 0.000000 0.000000 0.000000