geotop/1.0zi/1.0Montebello/Templates/testdem/maps/_Eocsilt5083.asc
ncols         21
nrows         20
xllcorner     100.000000
yllcorner     100.000000
cellsize      50.000000
NODATA_value  -9999.0
0.000000 0.000000 0.000000 0.000000 0.000000 0.000000 0.000000 0.000000 0.000000 0.000000 0.000000 0.000000 0.000000 0.000000 0.000000 0.000000 0.000000 0.000000 0.000000 0.000000 0.000000
0.000000 0.000000 0.350102 0.350102 0.350102 0.350102 0.350102 0.350102 0.350102 0.350102 0.350102 0.350102 0.350102 0.350102 0.350102 0.350102 0.350102 0.350102 0.350102 0.000000 0.000000
0.000000 0.000000 0.350001 0.350001 0.350002 0.350002 0.350002 0.350002 0.350003 0.350002 0.350003 0.350002 0.350003 0.350003 0.350002 0.350002 0.350001 0.350000 0.350001 0.000000 0.000000
0.000000 0.000000 0.350038 0.350037 0.350037 0.350032 0.350033 0.350031 0.350033 0.350034 0.350033 0.350033 0.350033 0.350032 0.350033 0.350036 0.350036 0.350038 0.350037 0.000000 0.000000
0.000000 0.000000 0.350427 0.350431 0.350430 0.350426 0.350423 0.350420 0.350418 0.350416 0.350414 0.350416 0.350416 0.350417 0.350422 0.350423 0.350423 0.350431 0.350435 0.000000 0.000000
0.000000 0.000000 0.351700 0.351703 0.351698 0.351687 0.351680 0.351665 0.351663 0.351658 0.351662 0.351664 0.351668 0.351667 0.351672 0.351678 0.351684 0.351687 0.351691 0.000000 0.000000
0.000000 0.000000 0.353673 0.353672 0.353666 0.353651 0.353633 0.353614 0.353615 0.353613 0.353616 0.353614 0.353612 0.353617 0.353630 0.353645 0.353652 0.353660 0.353666 0.000000 0.000000
0.000000 0.000000 0.356055 0.356053 0.356053 0.356039 0.356020 0.356001 0.356001 0.355998 0.355998 0.355998 0.355998 0.355998 0.356016 0.356034 0.356045 0.356048 0.356055 0.000000 0.000000
0.000000 0.000000 0.358543 0.358538 0.358533 0.358520 0.358503 0.358478 0.358479 0.358475 0.358475 0.358476 0.358475 0.358477 0.358496 0.358515 0.358525 0.358531 0.358541 0.000000 0.000000
0.000000 0.000000 0.361010 0.361008 0.361004 0.360995 0.360974 0.360952 0.360955 0.360952 0.360952 0.360952 0.360950 0.360950 0.360972 0.360990 0.360995 0.361001 0.361008 0.000000 0.000000
0.000000 0.000000 0.363517 0.363514 0.363513 0.363497 0.363482 0.363457 0.363459 0.363454 0.363453 0.363455 0.363453 0.363454 0.363471 0.363487 0.363499 0.363505 0.363513 0.000000 0.000000
0.000000 0.000000 0.366123 0.366120 0.366116 0.366102 0.366085 0.366060 0.366059 0.366056 0.366056 0.366056 0.366055 0.366056 0.366079 0.366096 0.366104 0.366109 0.366135 0.000000 0.000000
0.000000 0.000000 0.368771 0.368767 0.368762 0.368751 0.368731 0.368677 0.368677 0.368673 0.368672 0.368673 0.368670 0.368672 0.368719 0.368739 0.368749 0.368754 0.368770 0.000000 0.000000
0.000000 0.000000 0.371606 0.371598 0.371595 0.371582 0.371527 0.371513 0.371504 0.371502 0.371502 0.371502 0.371499 0.371500 0.371514 0.371567 0.371578 0.371589 0.371599 0.000000 0.000000
0.000000 0.000000 0.374680 0.374675 0.374661 0.374610 0.374585 0.374550 0.374534 0.374530 0.374521 0.374520 0.374523 0.374519 0.374545 0.374579 0.374641 0.374639 0.374648 0.000000 0.000000
0.000000 0.000000 0.377887 0.377881 0.377820 0.377805 0.377789 0.377771 0.377770 0.377769 0.377773 0.377772 0.377764 0.377778 0.377787 0.377800 0.377801 0.377872 0.377888 0.000000 0.000000
0.000000 0.000000 0.381491 0.381407 0.381360 0.381335 0.381289 0.381264 0.381258 0.381256 0.381245 0.381246 0.381249 0.381242 0.381261 0.381311 0.381345 0.381374 0.381460 0.000000 0.000000
0.000000 0.000000 0.384231 0.384223 0.384285 0.384255 0.384220 0.384134 0.384127 0.384120 0.384124 0.384123 0.384119 0.384127 0.384204 0.384240 0.384283 0.384209 0.384235 0.000000 0.000000
0.000000 0.000000 0.350000 0.350000 0.350000 0.350000 0.350000 0.350000 0.350000 0.350000 0.350000 0.350000 0.350000 0.350000 0.350000 0.350000 0.350000 0.350000 0.350000 0.000000 0.000000
0.000000 0.000000 0.000000 0.000000 0.000000 0.000000 0.000000 0.000000 0.000000 0.000000 0.000000 0.000000 0.000000 0.000000 0.000000 0.000000 0.000000 0.000000 0.000000 0.000000 0.000000