geotop/1.0zi/1.0Montebello/Templates/testdem/maps/_Eocsilt9124.asc
ncols         21
nrows         20
xllcorner     100.000000
yllcorner     100.000000
cellsize      50.000000
NODATA_value  -9999.0
0.000000 0.000000 0.000000 0.000000 0.000000 0.000000 0.000000 0.000000 0.000000 0.000000 0.000000 0.000000 0.000000 0.000000 0.000000 0.000000 0.000000 0.000000 0.000000 0.000000 0.000000
0.000000 0.000000 0.350194 0.350194 0.350194 0.350194 0.350194 0.350194 0.350194 0.350194 0.350194 0.350194 0.350194 0.350194 0.350194 0.350194 0.350195 0.350195 0.350194 0.000000 0.000000
0.000000 0.000000 0.350005 0.350005 0.350006 0.350005 0.350006 0.350006 0.350006 0.350006 0.350006 0.350006 0.350007 0.350007 0.350006 0.350005 0.350004 0.350004 0.350005 0.000000 0.000000
0.000000 0.000000 0.350123 0.350119 0.350114 0.350109 0.350109 0.350104 0.350107 0.350108 0.350104 0.350107 0.350107 0.350107 0.350110 0.350114 0.350119 0.350119 0.350122 0.000000 0.000000
0.000000 0.000000 0.351266 0.351270 0.351260 0.351244 0.351234 0.351230 0.351231 0.351228 0.351228 0.351230 0.351234 0.351232 0.351246 0.351252 0.351255 0.351259 0.351261 0.000000 0.000000
0.000000 0.000000 0.354512 0.354506 0.354492 0.354473 0.354444 0.354423 0.354420 0.354415 0.354418 0.354419 0.354422 0.354420 0.354434 0.354452 0.354462 0.354466 0.354473 0.000000 0.000000
0.000000 0.000000 0.359129 0.359119 0.359103 0.359072 0.359033 0.358987 0.358990 0.358987 0.358986 0.358985 0.358982 0.358987 0.359024 0.359052 0.359071 0.359083 0.359090 0.000000 0.000000
0.000000 0.000000 0.364586 0.364574 0.364562 0.364528 0.364490 0.364447 0.364449 0.364444 0.364441 0.364438 0.364436 0.364444 0.364480 0.364512 0.364542 0.364544 0.364558 0.000000 0.000000
0.000000 0.000000 0.370530 0.370513 0.370493 0.370468 0.370424 0.370372 0.370377 0.370367 0.370362 0.370360 0.370362 0.370360 0.370412 0.370450 0.370472 0.370479 0.370492 0.000000 0.000000
0.000000 0.000000 0.376957 0.376937 0.376921 0.376895 0.376837 0.376790 0.376792 0.376785 0.376777 0.376781 0.376787 0.376785 0.376826 0.376874 0.376900 0.376906 0.376913 0.000000 0.000000
0.000000 0.000000 0.384091 0.384076 0.384063 0.384000 0.383963 0.383903 0.383918 0.383884 0.383890 0.383885 0.383873 0.383894 0.383937 0.383966 0.384002 0.384014 0.384043 0.000000 0.000000
0.000000 0.000000 0.392232 0.392201 0.392165 0.392135 0.392082 0.392007 0.392008 0.392002 0.392017 0.391987 0.392000 0.392000 0.392076 0.392118 0.392137 0.392145 0.392208 0.000000 0.000000
0.000000 0.000000 0.401243 0.401214 0.401205 0.401138 0.401094 0.400883 0.400883 0.400872 0.400806 0.400844 0.400851 0.400871 0.401032 0.401071 0.401145 0.401146 0.401171 0.000000 0.000000
0.000000 0.000000 0.412181 0.412167 0.412108 0.412066 0.411775 0.411844 0.411787 0.411788 0.411819 0.411787 0.411781 0.411757 0.411693 0.412005 0.412026 0.412095 0.412144 0.000000 0.000000
0.000000 0.000000 0.425074 0.425034 0.424968 0.424587 0.424690 0.424480 0.424413 0.424393 0.424317 0.424279 0.424322 0.424320 0.424517 0.424428 0.424924 0.424814 0.424808 0.000000 0.000000
0.000000 0.000000 0.438288 0.438257 0.437747 0.437967 0.437897 0.437897 0.438112 0.438053 0.438165 0.438139 0.438047 0.438171 0.438131 0.438188 0.437682 0.438434 0.438422 0.000000 0.000000
0.000000 0.000000 0.452271 0.451684 0.451878 0.451617 0.451325 0.451235 0.451040 0.451086 0.450888 0.450911 0.451025 0.450905 0.451064 0.451278 0.451843 0.451399 0.452004 0.000000 0.000000
0.000000 0.000000 0.456582 0.456933 0.457305 0.457272 0.457262 0.456898 0.456947 0.456845 0.457002 0.456967 0.456950 0.456998 0.457302 0.457311 0.457351 0.457031 0.456681 0.000000 0.000000
0.000000 0.000000 0.350000 0.350000 0.350000 0.350000 0.350000 0.350000 0.350000 0.350000 0.350000 0.350000 0.350000 0.350000 0.350000 0.350000 0.350000 0.350000 0.350000 0.000000 0.000000
0.000000 0.000000 0.000000 0.000000 0.000000 0.000000 0.000000 0.000000 0.000000 0.000000 0.000000 0.000000 0.000000 0.000000 0.000000 0.000000 0.000000 0.000000 0.000000 0.000000 0.000000