geotop/1.0zi/1.0Montebello/Templates/testdem/maps/_Eocsilt3168.asc
ncols         21
nrows         20
xllcorner     100.000000
yllcorner     100.000000
cellsize      50.000000
NODATA_value  -9999.0
0.000000 0.000000 0.000000 0.000000 0.000000 0.000000 0.000000 0.000000 0.000000 0.000000 0.000000 0.000000 0.000000 0.000000 0.000000 0.000000 0.000000 0.000000 0.000000 0.000000 0.000000
0.000000 0.000000 0.350087 0.350087 0.350087 0.350087 0.350087 0.350087 0.350087 0.350087 0.350086 0.350087 0.350087 0.350087 0.350087 0.350087 0.350087 0.350087 0.350087 0.000000 0.000000
0.000000 0.000000 0.349994 0.349994 0.349994 0.349994 0.349994 0.349994 0.349994 0.349994 0.349995 0.349994 0.349994 0.349994 0.349994 0.349994 0.349994 0.349994 0.349994 0.000000 0.000000
0.000000 0.000000 0.351305 0.351305 0.351302 0.351303 0.351306 0.351305 0.351305 0.351305 0.351306 0.351305 0.351305 0.351305 0.351306 0.351303 0.351302 0.351305 0.351305 0.000000 0.000000
0.000000 0.000000 0.355896 0.355896 0.355894 0.355894 0.355896 0.355896 0.355896 0.355897 0.355897 0.355897 0.355896 0.355896 0.355896 0.355894 0.355894 0.355896 0.355896 0.000000 0.000000
0.000000 0.000000 0.361455 0.361455 0.361453 0.361453 0.361455 0.361455 0.361455 0.361456 0.361456 0.361456 0.361455 0.361455 0.361455 0.361453 0.361453 0.361455 0.361455 0.000000 0.000000
0.000000 0.000000 0.366480 0.366479 0.366478 0.366478 0.366480 0.366479 0.366479 0.366480 0.366481 0.366480 0.366479 0.366479 0.366480 0.366478 0.366478 0.366479 0.366480 0.000000 0.000000
0.000000 0.000000 0.371022 0.371021 0.371020 0.371020 0.371022 0.371021 0.371021 0.371022 0.371022 0.371022 0.371021 0.371021 0.371022 0.371020 0.371020 0.371021 0.371022 0.000000 0.000000
0.000000 0.000000 0.375217 0.375216 0.375215 0.375215 0.375217 0.375216 0.375216 0.375217 0.375217 0.375217 0.375216 0.375216 0.375217 0.375215 0.375215 0.375216 0.375217 0.000000 0.000000
0.000000 0.000000 0.379166 0.379165 0.379164 0.379164 0.379166 0.379165 0.379165 0.379166 0.379166 0.379166 0.379165 0.379165 0.379166 0.379164 0.379164 0.379165 0.379166 0.000000 0.000000
0.000000 0.000000 0.382918 0.382917 0.382916 0.382916 0.382918 0.382917 0.382917 0.382918 0.382918 0.382918 0.382917 0.382917 0.382918 0.382916 0.382916 0.382917 0.382918 0.000000 0.000000
0.000000 0.000000 0.386508 0.386508 0.386507 0.386507 0.386509 0.386508 0.386508 0.386509 0.386509 0.386509 0.386508 0.386508 0.386509 0.386507 0.386507 0.386508 0.386508 0.000000 0.000000
0.000000 0.000000 0.389964 0.389964 0.389963 0.389963 0.389964 0.389964 0.389964 0.389964 0.389965 0.389964 0.389964 0.389964 0.389964 0.389963 0.389963 0.389964 0.389964 0.000000 0.000000
0.000000 0.000000 0.393314 0.393314 0.393313 0.393313 0.393314 0.393314 0.393314 0.393315 0.393315 0.393315 0.393314 0.393314 0.393314 0.393313 0.393313 0.393314 0.393314 0.000000 0.000000
0.000000 0.000000 0.396566 0.396566 0.396565 0.396565 0.396566 0.396566 0.396566 0.396566 0.396567 0.396566 0.396566 0.396566 0.396566 0.396565 0.396565 0.396566 0.396566 0.000000 0.000000
0.000000 0.000000 0.399725 0.399725 0.399724 0.399724 0.399725 0.399725 0.399725 0.399726 0.399726 0.399726 0.399725 0.399725 0.399725 0.399724 0.399724 0.399725 0.399725 0.000000 0.000000
0.000000 0.000000 0.402802 0.402802 0.402801 0.402802 0.402803 0.402802 0.402802 0.402803 0.402803 0.402803 0.402802 0.402802 0.402803 0.402802 0.402801 0.402802 0.402802 0.000000 0.000000
0.000000 0.000000 0.405863 0.405863 0.405862 0.405862 0.405863 0.405863 0.405863 0.405863 0.405864 0.405863 0.405863 0.405863 0.405863 0.405862 0.405862 0.405863 0.405863 0.000000 0.000000
0.000000 0.000000 0.350000 0.350000 0.350000 0.350000 0.350000 0.350000 0.350000 0.350000 0.350000 0.350000 0.350000 0.350000 0.350000 0.350000 0.350000 0.350000 0.350000 0.000000 0.000000
0.000000 0.000000 0.000000 0.000000 0.000000 0.000000 0.000000 0.000000 0.000000 0.000000 0.000000 0.000000 0.000000 0.000000 0.000000 0.000000 0.000000 0.000000 0.000000 0.000000 0.000000