geotop/1.0zi/1.0Montebello/Templates/testdem/maps/_Eocsilt031Y.asc
ncols         21
nrows         20
xllcorner     100.000000
yllcorner     100.000000
cellsize      50.000000
NODATA_value  -9999.0
0.000000 0.000000 0.000000 0.000000 0.000000 0.000000 0.000000 0.000000 0.000000 0.000000 0.000000 0.000000 0.000000 0.000000 0.000000 0.000000 0.000000 0.000000 0.000000 0.000000 0.000000
0.000000 0.000000 0.350225 0.350225 0.350225 0.350225 0.350224 0.350224 0.350225 0.350224 0.350225 0.350224 0.350224 0.350224 0.350224 0.350225 0.350225 0.350225 0.350225 0.000000 0.000000
0.000000 0.000000 0.350006 0.350006 0.350007 0.350006 0.350007 0.350007 0.350007 0.350007 0.350007 0.350007 0.350008 0.350007 0.350007 0.350006 0.350005 0.350005 0.350006 0.000000 0.000000
0.000000 0.000000 0.350189 0.350186 0.350179 0.350176 0.350175 0.350169 0.350172 0.350173 0.350171 0.350175 0.350176 0.350175 0.350177 0.350181 0.350184 0.350187 0.350188 0.000000 0.000000
0.000000 0.000000 0.351722 0.351731 0.351720 0.351697 0.351687 0.351679 0.351683 0.351680 0.351679 0.351682 0.351688 0.351686 0.351699 0.351709 0.351716 0.351722 0.351726 0.000000 0.000000
0.000000 0.000000 0.355797 0.355794 0.355777 0.355746 0.355710 0.355682 0.355681 0.355678 0.355676 0.355678 0.355682 0.355679 0.355697 0.355723 0.355738 0.355748 0.355754 0.000000 0.000000
0.000000 0.000000 0.361512 0.361503 0.361485 0.361441 0.361396 0.361337 0.361341 0.361339 0.361332 0.361331 0.361329 0.361333 0.361379 0.361414 0.361438 0.361456 0.361463 0.000000 0.000000
0.000000 0.000000 0.368317 0.368307 0.368289 0.368237 0.368188 0.368135 0.368138 0.368133 0.368125 0.368122 0.368121 0.368128 0.368171 0.368213 0.368251 0.368259 0.368273 0.000000 0.000000
0.000000 0.000000 0.375910 0.375893 0.375862 0.375821 0.375765 0.375698 0.375705 0.375695 0.375684 0.375683 0.375687 0.375682 0.375746 0.375795 0.375826 0.375840 0.375852 0.000000 0.000000
0.000000 0.000000 0.384418 0.384395 0.384368 0.384324 0.384262 0.384191 0.384193 0.384188 0.384171 0.384178 0.384185 0.384182 0.384232 0.384296 0.384333 0.384348 0.384353 0.000000 0.000000
0.000000 0.000000 0.394259 0.394241 0.394219 0.394119 0.394090 0.393994 0.394016 0.393972 0.393973 0.393966 0.393950 0.393976 0.394034 0.394074 0.394126 0.394145 0.394187 0.000000 0.000000
0.000000 0.000000 0.405962 0.405917 0.405856 0.405811 0.405755 0.405632 0.405630 0.405634 0.405644 0.405600 0.405624 0.405612 0.405722 0.405789 0.405816 0.405835 0.405918 0.000000 0.000000
0.000000 0.000000 0.419218 0.419180 0.419170 0.419072 0.419004 0.418663 0.418659 0.418643 0.418513 0.418595 0.418599 0.418629 0.418876 0.418930 0.419061 0.419070 0.419078 0.000000 0.000000
0.000000 0.000000 0.435265 0.435258 0.435146 0.435086 0.434619 0.434827 0.434731 0.434741 0.434819 0.434740 0.434731 0.434672 0.434484 0.434998 0.435003 0.435126 0.435193 0.000000 0.000000
0.000000 0.000000 0.451008 0.450972 0.450909 0.450427 0.450672 0.450346 0.450294 0.450267 0.450144 0.450119 0.450171 0.450182 0.450461 0.450221 0.450852 0.450698 0.450667 0.000000 0.000000
0.000000 0.000000 0.461808 0.461792 0.461479 0.461586 0.461546 0.461529 0.461657 0.461621 0.461679 0.461666 0.461614 0.461684 0.461666 0.461703 0.461422 0.461875 0.461865 0.000000 0.000000
0.000000 0.000000 0.468903 0.468838 0.468692 0.468740 0.468681 0.468678 0.468728 0.468714 0.468729 0.468725 0.468707 0.468733 0.468727 0.468777 0.468662 0.468869 0.468927 0.000000 0.000000
0.000000 0.000000 0.474233 0.474003 0.473971 0.473925 0.473817 0.473825 0.473784 0.473802 0.473737 0.473745 0.473773 0.473744 0.473766 0.473835 0.473946 0.473924 0.474157 0.000000 0.000000
0.000000 0.000000 0.350000 0.350000 0.350000 0.350000 0.350000 0.350000 0.350000 0.350000 0.350000 0.350000 0.350000 0.350000 0.350000 0.350000 0.350000 0.350000 0.350000 0.000000 0.000000
0.000000 0.000000 0.000000 0.000000 0.000000 0.000000 0.000000 0.000000 0.000000 0.000000 0.000000 0.000000 0.000000 0.000000 0.000000 0.000000 0.000000 0.000000 0.000000 0.000000 0.000000