geotop/1.0zi/1.0Montebello/Templates/testdem/maps/_Eocclay1268.asc
ncols         21
nrows         20
xllcorner     100.000000
yllcorner     100.000000
cellsize      50.000000
NODATA_value  -9999.0
0.000000 0.000000 0.000000 0.000000 0.000000 0.000000 0.000000 0.000000 0.000000 0.000000 0.000000 0.000000 0.000000 0.000000 0.000000 0.000000 0.000000 0.000000 0.000000 0.000000 0.000000
0.000000 0.000000 0.349935 0.349935 0.349935 0.349935 0.349935 0.349935 0.349935 0.349935 0.349935 0.349935 0.349935 0.349935 0.349935 0.349935 0.349935 0.349935 0.349935 0.000000 0.000000
0.000000 0.000000 0.349994 0.349994 0.349993 0.349994 0.349994 0.349994 0.349994 0.349994 0.349994 0.349994 0.349994 0.349994 0.349994 0.349994 0.349993 0.349994 0.349994 0.000000 0.000000
0.000000 0.000000 0.350549 0.350548 0.350546 0.350547 0.350549 0.350549 0.350548 0.350549 0.350549 0.350549 0.350548 0.350549 0.350549 0.350547 0.350546 0.350548 0.350549 0.000000 0.000000
0.000000 0.000000 0.352507 0.352506 0.352504 0.352504 0.352508 0.352507 0.352507 0.352508 0.352508 0.352508 0.352507 0.352507 0.352508 0.352504 0.352504 0.352506 0.352507 0.000000 0.000000
0.000000 0.000000 0.354662 0.354661 0.354660 0.354660 0.354662 0.354662 0.354662 0.354662 0.354662 0.354662 0.354662 0.354662 0.354662 0.354660 0.354660 0.354661 0.354662 0.000000 0.000000
0.000000 0.000000 0.356714 0.356713 0.356712 0.356712 0.356714 0.356713 0.356713 0.356714 0.356714 0.356714 0.356713 0.356713 0.356714 0.356712 0.356712 0.356713 0.356714 0.000000 0.000000
0.000000 0.000000 0.358604 0.358603 0.358602 0.358602 0.358604 0.358603 0.358603 0.358604 0.358604 0.358604 0.358603 0.358603 0.358604 0.358602 0.358602 0.358603 0.358604 0.000000 0.000000
0.000000 0.000000 0.360374 0.360374 0.360372 0.360373 0.360374 0.360374 0.360374 0.360374 0.360374 0.360374 0.360374 0.360374 0.360374 0.360373 0.360372 0.360374 0.360374 0.000000 0.000000
0.000000 0.000000 0.362071 0.362071 0.362070 0.362070 0.362072 0.362071 0.362071 0.362072 0.362072 0.362072 0.362071 0.362071 0.362072 0.362070 0.362070 0.362071 0.362071 0.000000 0.000000
0.000000 0.000000 0.363713 0.363713 0.363712 0.363712 0.363713 0.363713 0.363713 0.363714 0.363714 0.363714 0.363713 0.363713 0.363713 0.363712 0.363712 0.363713 0.363713 0.000000 0.000000
0.000000 0.000000 0.365317 0.365317 0.365316 0.365316 0.365318 0.365317 0.365317 0.365318 0.365318 0.365318 0.365317 0.365317 0.365318 0.365316 0.365316 0.365317 0.365317 0.000000 0.000000
0.000000 0.000000 0.366895 0.366895 0.366893 0.366894 0.366895 0.366895 0.366895 0.366895 0.366895 0.366895 0.366895 0.366895 0.366895 0.366894 0.366893 0.366895 0.366895 0.000000 0.000000
0.000000 0.000000 0.368446 0.368445 0.368444 0.368444 0.368446 0.368445 0.368445 0.368446 0.368446 0.368446 0.368445 0.368445 0.368446 0.368444 0.368444 0.368445 0.368446 0.000000 0.000000
0.000000 0.000000 0.369977 0.369977 0.369975 0.369976 0.369977 0.369977 0.369977 0.369977 0.369977 0.369977 0.369977 0.369977 0.369977 0.369976 0.369975 0.369977 0.369977 0.000000 0.000000
0.000000 0.000000 0.371495 0.371495 0.371493 0.371494 0.371495 0.371495 0.371495 0.371495 0.371495 0.371495 0.371495 0.371495 0.371495 0.371494 0.371493 0.371495 0.371495 0.000000 0.000000
0.000000 0.000000 0.372998 0.372998 0.372997 0.372997 0.372998 0.372998 0.372998 0.372999 0.372999 0.372999 0.372998 0.372998 0.372998 0.372997 0.372997 0.372998 0.372998 0.000000 0.000000
0.000000 0.000000 0.374531 0.374531 0.374529 0.374530 0.374531 0.374531 0.374531 0.374531 0.374531 0.374531 0.374531 0.374531 0.374531 0.374530 0.374529 0.374531 0.374531 0.000000 0.000000
0.000000 0.000000 0.350000 0.350000 0.350000 0.350000 0.350000 0.350000 0.350000 0.350000 0.350000 0.350000 0.350000 0.350000 0.350000 0.350000 0.350000 0.350000 0.350000 0.000000 0.000000
0.000000 0.000000 0.000000 0.000000 0.000000 0.000000 0.000000 0.000000 0.000000 0.000000 0.000000 0.000000 0.000000 0.000000 0.000000 0.000000 0.000000 0.000000 0.000000 0.000000 0.000000