geotop/1.0zi/1.0Montebello/Templates/testdem/maps/_Eocsilt7054.asc
ncols         21
nrows         20
xllcorner     100.000000
yllcorner     100.000000
cellsize      50.000000
NODATA_value  -9999.0
0.000000 0.000000 0.000000 0.000000 0.000000 0.000000 0.000000 0.000000 0.000000 0.000000 0.000000 0.000000 0.000000 0.000000 0.000000 0.000000 0.000000 0.000000 0.000000 0.000000 0.000000
0.000000 0.000000 0.350143 0.350143 0.350143 0.350144 0.350143 0.350144 0.350144 0.350143 0.350144 0.350143 0.350143 0.350143 0.350143 0.350143 0.350144 0.350144 0.350143 0.000000 0.000000
0.000000 0.000000 0.350003 0.350003 0.350003 0.350003 0.350003 0.350003 0.350003 0.350003 0.350003 0.350003 0.350004 0.350004 0.350003 0.350003 0.350001 0.350001 0.350003 0.000000 0.000000
0.000000 0.000000 0.350062 0.350059 0.350058 0.350052 0.350053 0.350050 0.350053 0.350052 0.350050 0.350052 0.350052 0.350052 0.350053 0.350056 0.350060 0.350061 0.350061 0.000000 0.000000
0.000000 0.000000 0.350767 0.350773 0.350768 0.350760 0.350755 0.350748 0.350747 0.350744 0.350745 0.350745 0.350746 0.350748 0.350758 0.350763 0.350762 0.350769 0.350775 0.000000 0.000000
0.000000 0.000000 0.352854 0.352856 0.352846 0.352832 0.352816 0.352796 0.352796 0.352790 0.352794 0.352795 0.352796 0.352795 0.352804 0.352815 0.352824 0.352830 0.352837 0.000000 0.000000
0.000000 0.000000 0.355933 0.355930 0.355920 0.355897 0.355869 0.355840 0.355842 0.355838 0.355840 0.355838 0.355835 0.355840 0.355863 0.355887 0.355900 0.355913 0.355922 0.000000 0.000000
0.000000 0.000000 0.359625 0.359624 0.359619 0.359596 0.359569 0.359537 0.359538 0.359534 0.359533 0.359531 0.359529 0.359534 0.359561 0.359585 0.359607 0.359611 0.359624 0.000000 0.000000
0.000000 0.000000 0.363538 0.363531 0.363518 0.363503 0.363475 0.363439 0.363441 0.363433 0.363431 0.363429 0.363430 0.363429 0.363464 0.363493 0.363510 0.363518 0.363529 0.000000 0.000000
0.000000 0.000000 0.367563 0.367555 0.367548 0.367535 0.367496 0.367464 0.367466 0.367461 0.367456 0.367459 0.367463 0.367461 0.367489 0.367522 0.367540 0.367546 0.367554 0.000000 0.000000
0.000000 0.000000 0.371796 0.371791 0.371784 0.371753 0.371728 0.371691 0.371699 0.371679 0.371681 0.371681 0.371674 0.371687 0.371711 0.371732 0.371755 0.371767 0.371785 0.000000 0.000000
0.000000 0.000000 0.376359 0.376347 0.376333 0.376313 0.376285 0.376240 0.376240 0.376232 0.376242 0.376228 0.376231 0.376235 0.376279 0.376301 0.376317 0.376325 0.376368 0.000000 0.000000
0.000000 0.000000 0.381160 0.381148 0.381141 0.381115 0.381091 0.380988 0.380987 0.380980 0.380955 0.380966 0.380973 0.380983 0.381060 0.381083 0.381121 0.381125 0.381152 0.000000 0.000000
0.000000 0.000000 0.386558 0.386552 0.386532 0.386514 0.386400 0.386388 0.386365 0.386363 0.386364 0.386360 0.386358 0.386355 0.386357 0.386476 0.386502 0.386533 0.386564 0.000000 0.000000
0.000000 0.000000 0.392706 0.392697 0.392670 0.392538 0.392521 0.392455 0.392418 0.392410 0.392388 0.392370 0.392384 0.392379 0.392440 0.392469 0.392645 0.392626 0.392640 0.000000 0.000000
0.000000 0.000000 0.399376 0.399366 0.399182 0.399190 0.399180 0.399142 0.399198 0.399173 0.399201 0.399181 0.399156 0.399200 0.399221 0.399233 0.399159 0.399403 0.399405 0.000000 0.000000
0.000000 0.000000 0.407425 0.407149 0.407130 0.407044 0.406906 0.406860 0.406814 0.406821 0.406752 0.406752 0.406786 0.406760 0.406827 0.406930 0.407113 0.407069 0.407353 0.000000 0.000000
0.000000 0.000000 0.412149 0.412298 0.412555 0.412519 0.412474 0.412228 0.412241 0.412178 0.412254 0.412233 0.412234 0.412255 0.412474 0.412505 0.412596 0.412355 0.412219 0.000000 0.000000
0.000000 0.000000 0.350000 0.350000 0.350000 0.350000 0.350000 0.350000 0.350000 0.350000 0.350000 0.350000 0.350000 0.350000 0.350000 0.350000 0.350000 0.350000 0.350000 0.000000 0.000000
0.000000 0.000000 0.000000 0.000000 0.000000 0.000000 0.000000 0.000000 0.000000 0.000000 0.000000 0.000000 0.000000 0.000000 0.000000 0.000000 0.000000 0.000000 0.000000 0.000000 0.000000