geotop/1.0zi/1.0Montebello/Templates/testdem/maps/_Eocclay5051.asc
ncols         21
nrows         20
xllcorner     100.000000
yllcorner     100.000000
cellsize      50.000000
NODATA_value  -9999.0
0.000000 0.000000 0.000000 0.000000 0.000000 0.000000 0.000000 0.000000 0.000000 0.000000 0.000000 0.000000 0.000000 0.000000 0.000000 0.000000 0.000000 0.000000 0.000000 0.000000 0.000000
0.000000 0.000000 0.349778 0.349779 0.349779 0.349779 0.349779 0.349779 0.349779 0.349779 0.349779 0.349779 0.349779 0.349779 0.349779 0.349779 0.349778 0.349779 0.349778 0.000000 0.000000
0.000000 0.000000 0.349992 0.349992 0.349992 0.349992 0.349991 0.349992 0.349992 0.349991 0.349991 0.349991 0.349992 0.349992 0.349992 0.349992 0.349992 0.349991 0.349992 0.000000 0.000000
0.000000 0.000000 0.349987 0.349989 0.349987 0.349988 0.349990 0.349990 0.349990 0.349988 0.349990 0.349988 0.349988 0.349987 0.349990 0.349991 0.349989 0.349990 0.349989 0.000000 0.000000
0.000000 0.000000 0.350382 0.350381 0.350381 0.350376 0.350367 0.350365 0.350366 0.350367 0.350364 0.350366 0.350363 0.350364 0.350369 0.350368 0.350372 0.350374 0.350377 0.000000 0.000000
0.000000 0.000000 0.351764 0.351767 0.351761 0.351745 0.351741 0.351727 0.351726 0.351722 0.351726 0.351725 0.351728 0.351730 0.351731 0.351741 0.351746 0.351755 0.351760 0.000000 0.000000
0.000000 0.000000 0.353775 0.353773 0.353769 0.353755 0.353738 0.353716 0.353716 0.353712 0.353714 0.353714 0.353716 0.353717 0.353733 0.353751 0.353759 0.353767 0.353774 0.000000 0.000000
0.000000 0.000000 0.356172 0.356170 0.356167 0.356151 0.356134 0.356110 0.356111 0.356108 0.356108 0.356108 0.356107 0.356110 0.356130 0.356146 0.356155 0.356161 0.356168 0.000000 0.000000
0.000000 0.000000 0.358585 0.358583 0.358578 0.358566 0.358549 0.358526 0.358528 0.358524 0.358524 0.358525 0.358523 0.358525 0.358543 0.358563 0.358570 0.358575 0.358584 0.000000 0.000000
0.000000 0.000000 0.361017 0.361013 0.361011 0.361001 0.360980 0.360958 0.360960 0.360957 0.360957 0.360957 0.360956 0.360956 0.360979 0.360997 0.361001 0.361007 0.361014 0.000000 0.000000
0.000000 0.000000 0.363516 0.363512 0.363510 0.363496 0.363480 0.363454 0.363456 0.363452 0.363451 0.363452 0.363450 0.363452 0.363470 0.363485 0.363497 0.363503 0.363511 0.000000 0.000000
0.000000 0.000000 0.366110 0.366107 0.366102 0.366088 0.366072 0.366046 0.366045 0.366043 0.366042 0.366041 0.366040 0.366041 0.366064 0.366082 0.366089 0.366094 0.366120 0.000000 0.000000
0.000000 0.000000 0.368752 0.368748 0.368742 0.368731 0.368711 0.368656 0.368657 0.368653 0.368652 0.368653 0.368650 0.368652 0.368699 0.368720 0.368730 0.368735 0.368751 0.000000 0.000000
0.000000 0.000000 0.371582 0.371573 0.371570 0.371557 0.371502 0.371487 0.371478 0.371475 0.371476 0.371475 0.371473 0.371474 0.371489 0.371543 0.371553 0.371565 0.371575 0.000000 0.000000
0.000000 0.000000 0.374656 0.374650 0.374636 0.374585 0.374560 0.374525 0.374508 0.374503 0.374495 0.374495 0.374498 0.374494 0.374520 0.374554 0.374616 0.374614 0.374623 0.000000 0.000000
0.000000 0.000000 0.377856 0.377850 0.377788 0.377773 0.377757 0.377738 0.377738 0.377738 0.377741 0.377740 0.377732 0.377745 0.377755 0.377768 0.377769 0.377840 0.377856 0.000000 0.000000
0.000000 0.000000 0.381452 0.381367 0.381319 0.381294 0.381249 0.381223 0.381218 0.381215 0.381205 0.381205 0.381208 0.381201 0.381221 0.381271 0.381304 0.381334 0.381420 0.000000 0.000000
0.000000 0.000000 0.384190 0.384180 0.384240 0.384210 0.384175 0.384089 0.384082 0.384075 0.384079 0.384077 0.384073 0.384081 0.384159 0.384196 0.384239 0.384166 0.384192 0.000000 0.000000
0.000000 0.000000 0.350000 0.350000 0.350000 0.350000 0.350000 0.350000 0.350000 0.350000 0.350000 0.350000 0.350000 0.350000 0.350000 0.350000 0.350000 0.350000 0.350000 0.000000 0.000000
0.000000 0.000000 0.000000 0.000000 0.000000 0.000000 0.000000 0.000000 0.000000 0.000000 0.000000 0.000000 0.000000 0.000000 0.000000 0.000000 0.000000 0.000000 0.000000 0.000000 0.000000