geotop/1.0zi/1.0Montebello/Templates/testdem/maps/_Eocclay0678.asc
ncols         21
nrows         20
xllcorner     100.000000
yllcorner     100.000000
cellsize      50.000000
NODATA_value  -9999.0
0.000000 0.000000 0.000000 0.000000 0.000000 0.000000 0.000000 0.000000 0.000000 0.000000 0.000000 0.000000 0.000000 0.000000 0.000000 0.000000 0.000000 0.000000 0.000000 0.000000 0.000000
0.000000 0.000000 0.349963 0.349963 0.349963 0.349963 0.349963 0.349963 0.349963 0.349963 0.349963 0.349963 0.349963 0.349963 0.349963 0.349963 0.349963 0.349963 0.349963 0.000000 0.000000
0.000000 0.000000 0.349996 0.349996 0.349995 0.349996 0.349996 0.349996 0.349996 0.349996 0.349996 0.349996 0.349996 0.349996 0.349996 0.349996 0.349995 0.349996 0.349996 0.000000 0.000000
0.000000 0.000000 0.350285 0.350285 0.350283 0.350285 0.350285 0.350285 0.350285 0.350285 0.350285 0.350285 0.350285 0.350285 0.350285 0.350285 0.350283 0.350285 0.350285 0.000000 0.000000
0.000000 0.000000 0.351332 0.351332 0.351329 0.351331 0.351332 0.351332 0.351332 0.351332 0.351332 0.351332 0.351332 0.351332 0.351332 0.351331 0.351329 0.351332 0.351332 0.000000 0.000000
0.000000 0.000000 0.352437 0.352437 0.352435 0.352437 0.352437 0.352437 0.352437 0.352437 0.352437 0.352437 0.352437 0.352437 0.352437 0.352437 0.352435 0.352437 0.352437 0.000000 0.000000
0.000000 0.000000 0.353499 0.353499 0.353498 0.353499 0.353499 0.353499 0.353499 0.353499 0.353499 0.353499 0.353499 0.353499 0.353499 0.353499 0.353498 0.353499 0.353499 0.000000 0.000000
0.000000 0.000000 0.354492 0.354492 0.354491 0.354492 0.354492 0.354492 0.354492 0.354492 0.354492 0.354492 0.354492 0.354492 0.354492 0.354492 0.354491 0.354492 0.354492 0.000000 0.000000
0.000000 0.000000 0.355432 0.355432 0.355431 0.355432 0.355432 0.355432 0.355432 0.355432 0.355432 0.355432 0.355432 0.355432 0.355432 0.355432 0.355431 0.355432 0.355432 0.000000 0.000000
0.000000 0.000000 0.356340 0.356340 0.356339 0.356340 0.356340 0.356340 0.356340 0.356340 0.356340 0.356340 0.356340 0.356340 0.356340 0.356340 0.356339 0.356340 0.356340 0.000000 0.000000
0.000000 0.000000 0.357225 0.357225 0.357223 0.357224 0.357225 0.357225 0.357225 0.357225 0.357225 0.357225 0.357225 0.357225 0.357225 0.357224 0.357223 0.357225 0.357225 0.000000 0.000000
0.000000 0.000000 0.358092 0.358092 0.358091 0.358092 0.358092 0.358092 0.358092 0.358092 0.358092 0.358092 0.358092 0.358092 0.358092 0.358092 0.358091 0.358092 0.358092 0.000000 0.000000
0.000000 0.000000 0.358946 0.358946 0.358945 0.358946 0.358946 0.358946 0.358946 0.358946 0.358946 0.358946 0.358946 0.358946 0.358946 0.358946 0.358945 0.358946 0.358946 0.000000 0.000000
0.000000 0.000000 0.359788 0.359788 0.359787 0.359788 0.359788 0.359788 0.359788 0.359788 0.359788 0.359788 0.359788 0.359788 0.359788 0.359788 0.359787 0.359788 0.359788 0.000000 0.000000
0.000000 0.000000 0.360623 0.360623 0.360622 0.360623 0.360623 0.360624 0.360624 0.360623 0.360623 0.360623 0.360624 0.360624 0.360623 0.360623 0.360622 0.360623 0.360623 0.000000 0.000000
0.000000 0.000000 0.361455 0.361455 0.361454 0.361455 0.361455 0.361455 0.361455 0.361455 0.361455 0.361455 0.361455 0.361455 0.361455 0.361455 0.361454 0.361455 0.361455 0.000000 0.000000
0.000000 0.000000 0.362279 0.362279 0.362278 0.362279 0.362279 0.362279 0.362279 0.362279 0.362279 0.362279 0.362279 0.362279 0.362279 0.362279 0.362278 0.362279 0.362279 0.000000 0.000000
0.000000 0.000000 0.363108 0.363108 0.363107 0.363108 0.363108 0.363108 0.363108 0.363108 0.363108 0.363108 0.363108 0.363108 0.363108 0.363108 0.363107 0.363108 0.363108 0.000000 0.000000
0.000000 0.000000 0.350000 0.350000 0.350000 0.350000 0.350000 0.350000 0.350000 0.350000 0.350000 0.350000 0.350000 0.350000 0.350000 0.350000 0.350000 0.350000 0.350000 0.000000 0.000000
0.000000 0.000000 0.000000 0.000000 0.000000 0.000000 0.000000 0.000000 0.000000 0.000000 0.000000 0.000000 0.000000 0.000000 0.000000 0.000000 0.000000 0.000000 0.000000 0.000000 0.000000