geotop/1.0zi/1.0Montebello/Templates/testdem/maps/_Eocsilt7663.asc
ncols         21
nrows         20
xllcorner     100.000000
yllcorner     100.000000
cellsize      50.000000
NODATA_value  -9999.0
0.000000 0.000000 0.000000 0.000000 0.000000 0.000000 0.000000 0.000000 0.000000 0.000000 0.000000 0.000000 0.000000 0.000000 0.000000 0.000000 0.000000 0.000000 0.000000 0.000000 0.000000
0.000000 0.000000 0.350157 0.350158 0.350158 0.350158 0.350158 0.350158 0.350158 0.350158 0.350158 0.350158 0.350158 0.350158 0.350157 0.350158 0.350158 0.350158 0.350158 0.000000 0.000000
0.000000 0.000000 0.350005 0.350005 0.350004 0.350004 0.350005 0.350005 0.350005 0.350005 0.350005 0.350005 0.350006 0.350006 0.350005 0.350004 0.350003 0.350003 0.350004 0.000000 0.000000
0.000000 0.000000 0.350103 0.350099 0.350098 0.350091 0.350092 0.350087 0.350090 0.350090 0.350087 0.350089 0.350089 0.350089 0.350092 0.350095 0.350098 0.350098 0.350099 0.000000 0.000000
0.000000 0.000000 0.350968 0.350974 0.350970 0.350960 0.350954 0.350947 0.350943 0.350942 0.350942 0.350942 0.350943 0.350945 0.350958 0.350963 0.350965 0.350975 0.350978 0.000000 0.000000
0.000000 0.000000 0.353408 0.353409 0.353399 0.353384 0.353366 0.353344 0.353344 0.353338 0.353342 0.353342 0.353343 0.353343 0.353354 0.353366 0.353378 0.353386 0.353391 0.000000 0.000000
0.000000 0.000000 0.356934 0.356930 0.356920 0.356894 0.356864 0.356832 0.356832 0.356828 0.356830 0.356828 0.356825 0.356830 0.356858 0.356884 0.356901 0.356915 0.356923 0.000000 0.000000
0.000000 0.000000 0.361126 0.361124 0.361118 0.361092 0.361063 0.361028 0.361027 0.361023 0.361022 0.361019 0.361017 0.361024 0.361055 0.361082 0.361107 0.361113 0.361125 0.000000 0.000000
0.000000 0.000000 0.365610 0.365602 0.365588 0.365571 0.365540 0.365499 0.365501 0.365492 0.365490 0.365488 0.365489 0.365488 0.365528 0.365560 0.365580 0.365591 0.365601 0.000000 0.000000
0.000000 0.000000 0.370286 0.370278 0.370270 0.370254 0.370211 0.370175 0.370175 0.370170 0.370165 0.370167 0.370173 0.370171 0.370204 0.370240 0.370263 0.370271 0.370278 0.000000 0.000000
0.000000 0.000000 0.375283 0.375278 0.375270 0.375234 0.375204 0.375163 0.375171 0.375149 0.375151 0.375151 0.375143 0.375158 0.375187 0.375210 0.375238 0.375254 0.375273 0.000000 0.000000
0.000000 0.000000 0.380765 0.380751 0.380734 0.380711 0.380678 0.380626 0.380623 0.380616 0.380628 0.380610 0.380615 0.380620 0.380673 0.380699 0.380719 0.380730 0.380777 0.000000 0.000000
0.000000 0.000000 0.386616 0.386602 0.386595 0.386563 0.386534 0.386406 0.386404 0.386396 0.386364 0.386379 0.386387 0.386399 0.386498 0.386525 0.386574 0.386580 0.386606 0.000000 0.000000
0.000000 0.000000 0.393348 0.393343 0.393318 0.393295 0.393142 0.393142 0.393110 0.393110 0.393115 0.393108 0.393105 0.393099 0.393094 0.393252 0.393283 0.393325 0.393358 0.000000 0.000000
0.000000 0.000000 0.401163 0.401150 0.401117 0.400932 0.400930 0.400838 0.400792 0.400781 0.400750 0.400726 0.400747 0.400742 0.400831 0.400846 0.401094 0.401063 0.401072 0.000000 0.000000
0.000000 0.000000 0.409720 0.409707 0.409442 0.409487 0.409471 0.409434 0.409524 0.409490 0.409536 0.409514 0.409474 0.409540 0.409558 0.409572 0.409419 0.409789 0.409785 0.000000 0.000000
0.000000 0.000000 0.420279 0.419864 0.419901 0.419759 0.419551 0.419488 0.419394 0.419414 0.419300 0.419306 0.419369 0.419313 0.419417 0.419570 0.419886 0.419734 0.420161 0.000000 0.000000
0.000000 0.000000 0.425249 0.425577 0.425954 0.425932 0.425916 0.425560 0.425599 0.425501 0.425645 0.425612 0.425600 0.425645 0.425952 0.425962 0.426023 0.425703 0.425386 0.000000 0.000000
0.000000 0.000000 0.350000 0.350000 0.350000 0.350000 0.350000 0.350000 0.350000 0.350000 0.350000 0.350000 0.350000 0.350000 0.350000 0.350000 0.350000 0.350000 0.350000 0.000000 0.000000
0.000000 0.000000 0.000000 0.000000 0.000000 0.000000 0.000000 0.000000 0.000000 0.000000 0.000000 0.000000 0.000000 0.000000 0.000000 0.000000 0.000000 0.000000 0.000000 0.000000 0.000000