geotop/1.0zi/1.0Montebello/Templates/testdem/maps/_Eocsilt5219.asc
ncols         21
nrows         20
xllcorner     100.000000
yllcorner     100.000000
cellsize      50.000000
NODATA_value  -9999.0
0.000000 0.000000 0.000000 0.000000 0.000000 0.000000 0.000000 0.000000 0.000000 0.000000 0.000000 0.000000 0.000000 0.000000 0.000000 0.000000 0.000000 0.000000 0.000000 0.000000 0.000000
0.000000 0.000000 0.350107 0.350107 0.350107 0.350107 0.350107 0.350107 0.350107 0.350107 0.350107 0.350107 0.350107 0.350107 0.350107 0.350107 0.350107 0.350107 0.350106 0.000000 0.000000
0.000000 0.000000 0.350002 0.350002 0.350002 0.350003 0.350003 0.350003 0.350003 0.350003 0.350003 0.350003 0.350003 0.350003 0.350003 0.350003 0.350001 0.350001 0.350002 0.000000 0.000000
0.000000 0.000000 0.350037 0.350037 0.350036 0.350031 0.350033 0.350031 0.350033 0.350034 0.350033 0.350032 0.350032 0.350031 0.350033 0.350036 0.350036 0.350038 0.350037 0.000000 0.000000
0.000000 0.000000 0.350440 0.350444 0.350443 0.350439 0.350436 0.350432 0.350431 0.350429 0.350427 0.350429 0.350430 0.350430 0.350435 0.350436 0.350436 0.350446 0.350448 0.000000 0.000000
0.000000 0.000000 0.351760 0.351764 0.351761 0.351748 0.351739 0.351722 0.351720 0.351717 0.351721 0.351724 0.351725 0.351723 0.351728 0.351734 0.351741 0.351745 0.351749 0.000000 0.000000
0.000000 0.000000 0.353789 0.353787 0.353784 0.353767 0.353748 0.353728 0.353729 0.353727 0.353730 0.353730 0.353727 0.353730 0.353745 0.353760 0.353767 0.353776 0.353782 0.000000 0.000000
0.000000 0.000000 0.356231 0.356232 0.356232 0.356216 0.356198 0.356176 0.356177 0.356174 0.356174 0.356174 0.356173 0.356176 0.356192 0.356209 0.356224 0.356226 0.356234 0.000000 0.000000
0.000000 0.000000 0.358791 0.358786 0.358781 0.358770 0.358752 0.358726 0.358727 0.358723 0.358721 0.358722 0.358723 0.358721 0.358744 0.358762 0.358776 0.358780 0.358788 0.000000 0.000000
0.000000 0.000000 0.361334 0.361330 0.361328 0.361321 0.361296 0.361274 0.361276 0.361273 0.361269 0.361274 0.361276 0.361274 0.361291 0.361311 0.361324 0.361326 0.361331 0.000000 0.000000
0.000000 0.000000 0.363925 0.363922 0.363923 0.363904 0.363887 0.363863 0.363868 0.363856 0.363857 0.363859 0.363856 0.363862 0.363876 0.363889 0.363903 0.363910 0.363921 0.000000 0.000000
0.000000 0.000000 0.366626 0.366619 0.366613 0.366600 0.366586 0.366556 0.366558 0.366551 0.366559 0.366552 0.366553 0.366556 0.366582 0.366593 0.366603 0.366607 0.366635 0.000000 0.000000
0.000000 0.000000 0.369371 0.369365 0.369364 0.369350 0.369337 0.369280 0.369280 0.369275 0.369263 0.369270 0.369275 0.369279 0.369320 0.369330 0.369352 0.369353 0.369374 0.000000 0.000000
0.000000 0.000000 0.372318 0.372314 0.372308 0.372299 0.372246 0.372231 0.372218 0.372218 0.372212 0.372215 0.372216 0.372215 0.372221 0.372273 0.372292 0.372306 0.372327 0.000000 0.000000
0.000000 0.000000 0.375527 0.375524 0.375511 0.375457 0.375439 0.375408 0.375385 0.375383 0.375372 0.375366 0.375373 0.375368 0.375391 0.375417 0.375498 0.375492 0.375505 0.000000 0.000000
0.000000 0.000000 0.378893 0.378887 0.378821 0.378805 0.378800 0.378779 0.378790 0.378781 0.378786 0.378778 0.378771 0.378785 0.378797 0.378806 0.378807 0.378893 0.378897 0.000000 0.000000
0.000000 0.000000 0.382678 0.382588 0.382550 0.382522 0.382480 0.382458 0.382453 0.382451 0.382432 0.382428 0.382435 0.382434 0.382458 0.382490 0.382541 0.382572 0.382661 0.000000 0.000000
0.000000 0.000000 0.385551 0.385543 0.385619 0.385594 0.385561 0.385478 0.385474 0.385456 0.385465 0.385460 0.385467 0.385469 0.385547 0.385568 0.385632 0.385551 0.385565 0.000000 0.000000
0.000000 0.000000 0.350000 0.350000 0.350000 0.350000 0.350000 0.350000 0.350000 0.350000 0.350000 0.350000 0.350000 0.350000 0.350000 0.350000 0.350000 0.350000 0.350000 0.000000 0.000000
0.000000 0.000000 0.000000 0.000000 0.000000 0.000000 0.000000 0.000000 0.000000 0.000000 0.000000 0.000000 0.000000 0.000000 0.000000 0.000000 0.000000 0.000000 0.000000 0.000000 0.000000