geotop/1.0zi/1.0Montebello/Templates/testdem/maps/_Eocsilt6144.asc
ncols         21
nrows         20
xllcorner     100.000000
yllcorner     100.000000
cellsize      50.000000
NODATA_value  -9999.0
0.000000 0.000000 0.000000 0.000000 0.000000 0.000000 0.000000 0.000000 0.000000 0.000000 0.000000 0.000000 0.000000 0.000000 0.000000 0.000000 0.000000 0.000000 0.000000 0.000000 0.000000
0.000000 0.000000 0.350120 0.350120 0.350120 0.350121 0.350120 0.350120 0.350120 0.350120 0.350121 0.350120 0.350120 0.350120 0.350120 0.350120 0.350121 0.350121 0.350120 0.000000 0.000000
0.000000 0.000000 0.350002 0.350002 0.350002 0.350003 0.350003 0.350003 0.350003 0.350003 0.350003 0.350003 0.350004 0.350004 0.350003 0.350003 0.350001 0.350001 0.350002 0.000000 0.000000
0.000000 0.000000 0.350047 0.350046 0.350045 0.350040 0.350041 0.350039 0.350041 0.350042 0.350040 0.350040 0.350040 0.350040 0.350042 0.350045 0.350046 0.350048 0.350047 0.000000 0.000000
0.000000 0.000000 0.350550 0.350553 0.350552 0.350548 0.350545 0.350540 0.350539 0.350536 0.350535 0.350536 0.350539 0.350539 0.350544 0.350547 0.350546 0.350555 0.350559 0.000000 0.000000
0.000000 0.000000 0.352134 0.352137 0.352131 0.352117 0.352106 0.352089 0.352087 0.352083 0.352088 0.352090 0.352090 0.352087 0.352093 0.352101 0.352110 0.352114 0.352119 0.000000 0.000000
0.000000 0.000000 0.354559 0.354556 0.354550 0.354531 0.354508 0.354484 0.354486 0.354483 0.354485 0.354485 0.354481 0.354485 0.354504 0.354524 0.354533 0.354544 0.354551 0.000000 0.000000
0.000000 0.000000 0.357537 0.357537 0.357536 0.357517 0.357495 0.357468 0.357469 0.357466 0.357465 0.357465 0.357463 0.357466 0.357488 0.357509 0.357526 0.357528 0.357539 0.000000 0.000000
0.000000 0.000000 0.360671 0.360665 0.360657 0.360645 0.360623 0.360592 0.360594 0.360588 0.360586 0.360587 0.360587 0.360585 0.360614 0.360636 0.360651 0.360657 0.360666 0.000000 0.000000
0.000000 0.000000 0.363836 0.363831 0.363827 0.363819 0.363789 0.363761 0.363763 0.363759 0.363755 0.363759 0.363762 0.363759 0.363782 0.363808 0.363823 0.363825 0.363832 0.000000 0.000000
0.000000 0.000000 0.367100 0.367097 0.367095 0.367072 0.367052 0.367022 0.367028 0.367014 0.367015 0.367016 0.367012 0.367019 0.367038 0.367055 0.367071 0.367081 0.367095 0.000000 0.000000
0.000000 0.000000 0.370550 0.370542 0.370533 0.370517 0.370499 0.370463 0.370464 0.370456 0.370464 0.370455 0.370457 0.370460 0.370493 0.370509 0.370521 0.370526 0.370560 0.000000 0.000000
0.000000 0.000000 0.374109 0.374102 0.374099 0.374080 0.374063 0.373989 0.373989 0.373982 0.373966 0.373975 0.373980 0.373986 0.374041 0.374057 0.374083 0.374086 0.374110 0.000000 0.000000
0.000000 0.000000 0.378001 0.377997 0.377986 0.377974 0.377900 0.377884 0.377867 0.377866 0.377861 0.377863 0.377863 0.377860 0.377869 0.377944 0.377966 0.377985 0.378009 0.000000 0.000000
0.000000 0.000000 0.382318 0.382312 0.382295 0.382216 0.382195 0.382150 0.382123 0.382118 0.382104 0.382094 0.382104 0.382098 0.382133 0.382167 0.382278 0.382268 0.382283 0.000000 0.000000
0.000000 0.000000 0.386918 0.386912 0.386807 0.386793 0.386788 0.386761 0.386783 0.386770 0.386780 0.386769 0.386757 0.386778 0.386796 0.386806 0.386791 0.386926 0.386930 0.000000 0.000000
0.000000 0.000000 0.392241 0.392095 0.392053 0.392011 0.391943 0.391909 0.391894 0.391893 0.391861 0.391857 0.391872 0.391865 0.391905 0.391958 0.392042 0.392062 0.392211 0.000000 0.000000
0.000000 0.000000 0.395999 0.396020 0.396151 0.396119 0.396071 0.395938 0.395936 0.395905 0.395929 0.395921 0.395928 0.395933 0.396055 0.396091 0.396173 0.396038 0.396026 0.000000 0.000000
0.000000 0.000000 0.350000 0.350000 0.350000 0.350000 0.350000 0.350000 0.350000 0.350000 0.350000 0.350000 0.350000 0.350000 0.350000 0.350000 0.350000 0.350000 0.350000 0.000000 0.000000
0.000000 0.000000 0.000000 0.000000 0.000000 0.000000 0.000000 0.000000 0.000000 0.000000 0.000000 0.000000 0.000000 0.000000 0.000000 0.000000 0.000000 0.000000 0.000000 0.000000 0.000000