geotop/1.0zi/1.0Montebello/Templates/testdem/maps/_Eocclay3779.asc
ncols         21
nrows         20
xllcorner     100.000000
yllcorner     100.000000
cellsize      50.000000
NODATA_value  -9999.0
0.000000 0.000000 0.000000 0.000000 0.000000 0.000000 0.000000 0.000000 0.000000 0.000000 0.000000 0.000000 0.000000 0.000000 0.000000 0.000000 0.000000 0.000000 0.000000 0.000000 0.000000
0.000000 0.000000 0.349829 0.349829 0.349830 0.349830 0.349830 0.349830 0.349829 0.349830 0.349830 0.349830 0.349830 0.349829 0.349830 0.349830 0.349829 0.349829 0.349829 0.000000 0.000000
0.000000 0.000000 0.349994 0.349995 0.349994 0.349994 0.349994 0.349994 0.349994 0.349994 0.349994 0.349994 0.349994 0.349994 0.349994 0.349994 0.349994 0.349994 0.349994 0.000000 0.000000
0.000000 0.000000 0.349996 0.349996 0.349995 0.349997 0.349998 0.349999 0.349999 0.349998 0.349999 0.349998 0.349997 0.349996 0.349997 0.349998 0.349997 0.349997 0.349996 0.000000 0.000000
0.000000 0.000000 0.350337 0.350339 0.350338 0.350335 0.350328 0.350324 0.350324 0.350323 0.350324 0.350325 0.350323 0.350324 0.350331 0.350330 0.350332 0.350331 0.350334 0.000000 0.000000
0.000000 0.000000 0.351460 0.351463 0.351458 0.351450 0.351444 0.351436 0.351436 0.351430 0.351435 0.351435 0.351440 0.351440 0.351438 0.351443 0.351447 0.351451 0.351454 0.000000 0.000000
0.000000 0.000000 0.353063 0.353062 0.353057 0.353045 0.353029 0.353008 0.353007 0.353004 0.353007 0.353007 0.353010 0.353015 0.353032 0.353046 0.353052 0.353054 0.353057 0.000000 0.000000
0.000000 0.000000 0.354833 0.354834 0.354829 0.354812 0.354794 0.354775 0.354776 0.354773 0.354774 0.354774 0.354776 0.354781 0.354801 0.354813 0.354819 0.354821 0.354827 0.000000 0.000000
0.000000 0.000000 0.356610 0.356609 0.356602 0.356589 0.356571 0.356550 0.356551 0.356547 0.356548 0.356549 0.356551 0.356556 0.356575 0.356591 0.356596 0.356597 0.356604 0.000000 0.000000
0.000000 0.000000 0.358373 0.358372 0.358365 0.358352 0.358331 0.358311 0.358313 0.358310 0.358311 0.358311 0.358313 0.358317 0.358338 0.358354 0.358360 0.358361 0.358366 0.000000 0.000000
0.000000 0.000000 0.360160 0.360158 0.360152 0.360141 0.360124 0.360101 0.360102 0.360097 0.360098 0.360099 0.360101 0.360106 0.360124 0.360135 0.360143 0.360145 0.360151 0.000000 0.000000
0.000000 0.000000 0.361996 0.361994 0.361986 0.361971 0.361953 0.361931 0.361930 0.361927 0.361927 0.361927 0.361930 0.361934 0.361957 0.361970 0.361977 0.361979 0.362000 0.000000 0.000000
0.000000 0.000000 0.363840 0.363838 0.363830 0.363817 0.363797 0.363756 0.363755 0.363751 0.363752 0.363753 0.363755 0.363761 0.363797 0.363814 0.363820 0.363822 0.363835 0.000000 0.000000
0.000000 0.000000 0.365777 0.365772 0.365765 0.365752 0.365709 0.365695 0.365688 0.365685 0.365686 0.365686 0.365688 0.365694 0.365709 0.365746 0.365753 0.365760 0.365767 0.000000 0.000000
0.000000 0.000000 0.367847 0.367843 0.367828 0.367793 0.367767 0.367741 0.367727 0.367723 0.367718 0.367718 0.367724 0.367725 0.367747 0.367775 0.367813 0.367811 0.367817 0.000000 0.000000
0.000000 0.000000 0.369963 0.369959 0.369917 0.369906 0.369888 0.369872 0.369868 0.369866 0.369868 0.369868 0.369868 0.369880 0.369890 0.369902 0.369903 0.369941 0.369952 0.000000 0.000000
0.000000 0.000000 0.372287 0.372241 0.372202 0.372184 0.372151 0.372134 0.372129 0.372127 0.372122 0.372123 0.372128 0.372130 0.372144 0.372173 0.372191 0.372212 0.372260 0.000000 0.000000
0.000000 0.000000 0.374139 0.374126 0.374151 0.374127 0.374096 0.374044 0.374038 0.374033 0.374035 0.374035 0.374037 0.374045 0.374092 0.374119 0.374149 0.374105 0.374128 0.000000 0.000000
0.000000 0.000000 0.350000 0.350000 0.350000 0.350000 0.350000 0.350000 0.350000 0.350000 0.350000 0.350000 0.350000 0.350000 0.350000 0.350000 0.350000 0.350000 0.350000 0.000000 0.000000
0.000000 0.000000 0.000000 0.000000 0.000000 0.000000 0.000000 0.000000 0.000000 0.000000 0.000000 0.000000 0.000000 0.000000 0.000000 0.000000 0.000000 0.000000 0.000000 0.000000 0.000000