geotop/1.0zi/1.0Montebello/Templates/testdem/maps/_Eocclay9612.asc
ncols         21
nrows         20
xllcorner     100.000000
yllcorner     100.000000
cellsize      50.000000
NODATA_value  -9999.0
0.000000 0.000000 0.000000 0.000000 0.000000 0.000000 0.000000 0.000000 0.000000 0.000000 0.000000 0.000000 0.000000 0.000000 0.000000 0.000000 0.000000 0.000000 0.000000 0.000000 0.000000
0.000000 0.000000 0.349553 0.349556 0.349555 0.349555 0.349556 0.349556 0.349556 0.349556 0.349555 0.349556 0.349556 0.349556 0.349556 0.349556 0.349554 0.349555 0.349555 0.000000 0.000000
0.000000 0.000000 0.349981 0.349979 0.349979 0.349981 0.349979 0.349979 0.349979 0.349979 0.349979 0.349979 0.349980 0.349979 0.349980 0.349981 0.349981 0.349980 0.349979 0.000000 0.000000
0.000000 0.000000 0.350039 0.350043 0.350041 0.350037 0.350038 0.350037 0.350042 0.350039 0.350042 0.350040 0.350040 0.350039 0.350042 0.350045 0.350043 0.350045 0.350042 0.000000 0.000000
0.000000 0.000000 0.351457 0.351451 0.351445 0.351433 0.351415 0.351413 0.351410 0.351411 0.351409 0.351413 0.351414 0.351415 0.351425 0.351429 0.351440 0.351443 0.351452 0.000000 0.000000
0.000000 0.000000 0.355329 0.355323 0.355301 0.355265 0.355234 0.355203 0.355208 0.355202 0.355202 0.355201 0.355208 0.355207 0.355222 0.355253 0.355268 0.355281 0.355286 0.000000 0.000000
0.000000 0.000000 0.360490 0.360479 0.360466 0.360431 0.360391 0.360334 0.360334 0.360328 0.360324 0.360325 0.360327 0.360327 0.360374 0.360408 0.360427 0.360440 0.360448 0.000000 0.000000
0.000000 0.000000 0.366634 0.366621 0.366605 0.366561 0.366516 0.366464 0.366465 0.366458 0.366454 0.366450 0.366449 0.366459 0.366501 0.366537 0.366569 0.366578 0.366592 0.000000 0.000000
0.000000 0.000000 0.373345 0.373327 0.373304 0.373270 0.373219 0.373160 0.373166 0.373154 0.373146 0.373144 0.373147 0.373145 0.373203 0.373246 0.373271 0.373281 0.373293 0.000000 0.000000
0.000000 0.000000 0.380761 0.380735 0.380716 0.380681 0.380624 0.380562 0.380562 0.380554 0.380541 0.380546 0.380555 0.380552 0.380599 0.380655 0.380685 0.380697 0.380703 0.000000 0.000000
0.000000 0.000000 0.389207 0.389186 0.389167 0.389088 0.389061 0.388976 0.388993 0.388952 0.388956 0.388949 0.388937 0.388960 0.389012 0.389047 0.389089 0.389104 0.389141 0.000000 0.000000
0.000000 0.000000 0.399051 0.399007 0.398958 0.398920 0.398875 0.398770 0.398768 0.398762 0.398775 0.398737 0.398755 0.398751 0.398845 0.398899 0.398921 0.398934 0.399008 0.000000 0.000000
0.000000 0.000000 0.410158 0.410116 0.410104 0.410028 0.409974 0.409696 0.409691 0.409673 0.409576 0.409634 0.409641 0.409666 0.409872 0.409918 0.410019 0.410024 0.410044 0.000000 0.000000
0.000000 0.000000 0.423965 0.423945 0.423856 0.423802 0.423412 0.423544 0.423460 0.423459 0.423508 0.423456 0.423448 0.423408 0.423284 0.423711 0.423728 0.423828 0.423889 0.000000 0.000000
0.000000 0.000000 0.439931 0.439884 0.439802 0.439288 0.439500 0.439182 0.439107 0.439073 0.438957 0.438917 0.438977 0.438980 0.439259 0.439055 0.439727 0.439569 0.439546 0.000000 0.000000
0.000000 0.000000 0.454770 0.454741 0.454143 0.454466 0.454357 0.454386 0.454651 0.454581 0.454723 0.454699 0.454585 0.454729 0.454641 0.454739 0.454052 0.454969 0.454955 0.000000 0.000000
0.000000 0.000000 0.468401 0.467872 0.468061 0.467818 0.467547 0.467459 0.467276 0.467319 0.467135 0.467157 0.467265 0.467152 0.467298 0.467498 0.468020 0.467603 0.468155 0.000000 0.000000
0.000000 0.000000 0.473019 0.473243 0.473576 0.473517 0.473476 0.473166 0.473185 0.473106 0.473212 0.473187 0.473186 0.473212 0.473477 0.473509 0.473603 0.473287 0.473066 0.000000 0.000000
0.000000 0.000000 0.350000 0.350000 0.350000 0.350000 0.350000 0.350000 0.350000 0.350000 0.350000 0.350000 0.350000 0.350000 0.350000 0.350000 0.350000 0.350000 0.350000 0.000000 0.000000
0.000000 0.000000 0.000000 0.000000 0.000000 0.000000 0.000000 0.000000 0.000000 0.000000 0.000000 0.000000 0.000000 0.000000 0.000000 0.000000 0.000000 0.000000 0.000000 0.000000 0.000000