geotop/1.0zi/1.0Montebello/Templates/testdem/maps/_Eocclay6726.asc
ncols         21
nrows         20
xllcorner     100.000000
yllcorner     100.000000
cellsize      50.000000
NODATA_value  -9999.0
0.000000 0.000000 0.000000 0.000000 0.000000 0.000000 0.000000 0.000000 0.000000 0.000000 0.000000 0.000000 0.000000 0.000000 0.000000 0.000000 0.000000 0.000000 0.000000 0.000000 0.000000
0.000000 0.000000 0.349698 0.349699 0.349699 0.349698 0.349699 0.349699 0.349699 0.349699 0.349698 0.349699 0.349699 0.349699 0.349699 0.349699 0.349697 0.349697 0.349698 0.000000 0.000000
0.000000 0.000000 0.349988 0.349988 0.349988 0.349989 0.349987 0.349987 0.349988 0.349987 0.349987 0.349987 0.349988 0.349987 0.349988 0.349988 0.349989 0.349989 0.349986 0.000000 0.000000
0.000000 0.000000 0.349979 0.349984 0.349981 0.349981 0.349982 0.349982 0.349984 0.349980 0.349985 0.349983 0.349983 0.349982 0.349981 0.349983 0.349981 0.349983 0.349983 0.000000 0.000000
0.000000 0.000000 0.350652 0.350650 0.350648 0.350645 0.350632 0.350630 0.350630 0.350632 0.350629 0.350630 0.350626 0.350629 0.350637 0.350637 0.350642 0.350643 0.350650 0.000000 0.000000
0.000000 0.000000 0.352643 0.352642 0.352634 0.352608 0.352600 0.352580 0.352581 0.352576 0.352579 0.352580 0.352582 0.352582 0.352589 0.352605 0.352616 0.352628 0.352634 0.000000 0.000000
0.000000 0.000000 0.355559 0.355556 0.355550 0.355530 0.355506 0.355475 0.355475 0.355470 0.355472 0.355473 0.355473 0.355473 0.355498 0.355523 0.355535 0.355545 0.355553 0.000000 0.000000
0.000000 0.000000 0.359056 0.359055 0.359049 0.359025 0.359001 0.358968 0.358968 0.358965 0.358965 0.358963 0.358961 0.358968 0.358994 0.359016 0.359035 0.359042 0.359054 0.000000 0.000000
0.000000 0.000000 0.362681 0.362677 0.362666 0.362652 0.362627 0.362595 0.362597 0.362590 0.362587 0.362587 0.362587 0.362586 0.362617 0.362645 0.362660 0.362666 0.362676 0.000000 0.000000
0.000000 0.000000 0.366414 0.366407 0.366403 0.366389 0.366354 0.366324 0.366325 0.366321 0.366316 0.366320 0.366325 0.366321 0.366348 0.366379 0.366397 0.366402 0.366409 0.000000 0.000000
0.000000 0.000000 0.370354 0.370349 0.370344 0.370317 0.370293 0.370259 0.370266 0.370248 0.370250 0.370250 0.370245 0.370256 0.370278 0.370298 0.370319 0.370330 0.370347 0.000000 0.000000
0.000000 0.000000 0.374568 0.374558 0.374546 0.374526 0.374502 0.374461 0.374461 0.374453 0.374462 0.374450 0.374452 0.374455 0.374495 0.374516 0.374531 0.374538 0.374579 0.000000 0.000000
0.000000 0.000000 0.378982 0.378971 0.378965 0.378942 0.378920 0.378828 0.378827 0.378820 0.378798 0.378809 0.378815 0.378824 0.378894 0.378915 0.378950 0.378953 0.378979 0.000000 0.000000
0.000000 0.000000 0.383902 0.383897 0.383880 0.383862 0.383763 0.383749 0.383727 0.383726 0.383724 0.383724 0.383722 0.383719 0.383724 0.383830 0.383855 0.383882 0.383911 0.000000 0.000000
0.000000 0.000000 0.389457 0.389449 0.389426 0.389312 0.389291 0.389237 0.389200 0.389194 0.389175 0.389161 0.389174 0.389168 0.389217 0.389251 0.389405 0.389390 0.389404 0.000000 0.000000
0.000000 0.000000 0.395457 0.395449 0.395294 0.395288 0.395281 0.395250 0.395293 0.395272 0.395293 0.395276 0.395256 0.395292 0.395309 0.395321 0.395276 0.395478 0.395481 0.000000 0.000000
0.000000 0.000000 0.402620 0.402393 0.402360 0.402292 0.402180 0.402140 0.402107 0.402111 0.402057 0.402056 0.402082 0.402063 0.402120 0.402206 0.402347 0.402336 0.402569 0.000000 0.000000
0.000000 0.000000 0.407193 0.407281 0.407497 0.407457 0.407409 0.407205 0.407208 0.407159 0.407211 0.407196 0.407202 0.407215 0.407399 0.407438 0.407533 0.407323 0.407247 0.000000 0.000000
0.000000 0.000000 0.350000 0.350000 0.350000 0.350000 0.350000 0.350000 0.350000 0.350000 0.350000 0.350000 0.350000 0.350000 0.350000 0.350000 0.350000 0.350000 0.350000 0.000000 0.000000
0.000000 0.000000 0.000000 0.000000 0.000000 0.000000 0.000000 0.000000 0.000000 0.000000 0.000000 0.000000 0.000000 0.000000 0.000000 0.000000 0.000000 0.000000 0.000000 0.000000 0.000000