geotop/1.0zi/1.0Montebello/Templates/testdem/maps/_Eocsand4594.asc
ncols         21
nrows         20
xllcorner     100.000000
yllcorner     100.000000
cellsize      50.000000
NODATA_value  -9999.0
0.000000 0.000000 0.000000 0.000000 0.000000 0.000000 0.000000 0.000000 0.000000 0.000000 0.000000 0.000000 0.000000 0.000000 0.000000 0.000000 0.000000 0.000000 0.000000 0.000000 0.000000
0.000000 0.000000 0.300110 0.300110 0.300109 0.300109 0.300109 0.300109 0.300109 0.300109 0.300109 0.300109 0.300109 0.300109 0.300109 0.300109 0.300109 0.300110 0.300110 0.000000 0.000000
0.000000 0.000000 0.300006 0.300005 0.300005 0.300004 0.300004 0.300004 0.300004 0.300004 0.300004 0.300004 0.300004 0.300004 0.300004 0.300005 0.300006 0.300006 0.300006 0.000000 0.000000
0.000000 0.000000 0.299974 0.299973 0.299976 0.299979 0.299977 0.299979 0.299977 0.299978 0.299978 0.299979 0.299979 0.299980 0.299976 0.299972 0.299973 0.299971 0.299974 0.000000 0.000000
0.000000 0.000000 0.299275 0.299273 0.299274 0.299285 0.299295 0.299301 0.299302 0.299305 0.299307 0.299302 0.299305 0.299303 0.299294 0.299294 0.299289 0.299280 0.299273 0.000000 0.000000
0.000000 0.000000 0.296861 0.296855 0.296865 0.296892 0.296903 0.296931 0.296935 0.296945 0.296936 0.296933 0.296926 0.296925 0.296919 0.296903 0.296891 0.296882 0.296873 0.000000 0.000000
0.000000 0.000000 0.293185 0.293188 0.293194 0.293222 0.293252 0.293291 0.293290 0.293297 0.293290 0.293291 0.293292 0.293288 0.293261 0.293229 0.293214 0.293201 0.293189 0.000000 0.000000
0.000000 0.000000 0.288942 0.288945 0.288948 0.288977 0.289005 0.289043 0.289040 0.289047 0.289045 0.289045 0.289050 0.289051 0.289015 0.288983 0.288964 0.288957 0.288944 0.000000 0.000000
0.000000 0.000000 0.284658 0.284664 0.284672 0.284693 0.284720 0.284764 0.284760 0.284769 0.284768 0.284765 0.284770 0.284769 0.284735 0.284698 0.284683 0.284674 0.284658 0.000000 0.000000
0.000000 0.000000 0.280383 0.280390 0.280394 0.280416 0.280450 0.280488 0.280483 0.280489 0.280488 0.280487 0.280492 0.280495 0.280457 0.280421 0.280405 0.280397 0.280385 0.000000 0.000000
0.000000 0.000000 0.276048 0.276055 0.276059 0.276076 0.276101 0.276147 0.276142 0.276153 0.276152 0.276149 0.276155 0.276156 0.276123 0.276096 0.276077 0.276067 0.276053 0.000000 0.000000
0.000000 0.000000 0.271560 0.271565 0.271574 0.271599 0.271625 0.271670 0.271671 0.271677 0.271676 0.271677 0.271680 0.271683 0.271641 0.271608 0.271590 0.271582 0.271535 0.000000 0.000000
0.000000 0.000000 0.267010 0.267018 0.267026 0.267045 0.267078 0.267170 0.267169 0.267178 0.267178 0.267176 0.267183 0.267182 0.267102 0.267064 0.267045 0.267037 0.267008 0.000000 0.000000
0.000000 0.000000 0.262189 0.262203 0.262208 0.262228 0.262321 0.262345 0.262360 0.262367 0.262365 0.262364 0.262372 0.262373 0.262346 0.262253 0.262233 0.262213 0.262196 0.000000 0.000000
0.000000 0.000000 0.256987 0.256998 0.257021 0.257103 0.257146 0.257205 0.257234 0.257244 0.257256 0.257257 0.257254 0.257265 0.257220 0.257155 0.257051 0.257055 0.257040 0.000000 0.000000
0.000000 0.000000 0.251611 0.251621 0.251720 0.251737 0.251764 0.251794 0.251797 0.251800 0.251794 0.251795 0.251810 0.251793 0.251778 0.251751 0.251749 0.251638 0.251611 0.000000 0.000000
0.000000 0.000000 0.245626 0.245757 0.245839 0.245877 0.245943 0.245981 0.245990 0.245995 0.246010 0.246008 0.246008 0.246020 0.245993 0.245913 0.245861 0.245806 0.245673 0.000000 0.000000
0.000000 0.000000 0.240958 0.240984 0.240896 0.240945 0.241003 0.241136 0.241148 0.241162 0.241156 0.241156 0.241166 0.241158 0.241038 0.240971 0.240894 0.241008 0.240955 0.000000 0.000000
0.000000 0.000000 0.300000 0.300000 0.300000 0.300000 0.300000 0.300000 0.300000 0.300000 0.300000 0.300000 0.300000 0.300000 0.300000 0.300000 0.300000 0.300000 0.300000 0.000000 0.000000
0.000000 0.000000 0.000000 0.000000 0.000000 0.000000 0.000000 0.000000 0.000000 0.000000 0.000000 0.000000 0.000000 0.000000 0.000000 0.000000 0.000000 0.000000 0.000000 0.000000 0.000000