geotop/1.0zi/1.0Montebello/Templates/testdem/maps/_Eocsilt3926.asc
ncols         21
nrows         20
xllcorner     100.000000
yllcorner     100.000000
cellsize      50.000000
NODATA_value  -9999.0
0.000000 0.000000 0.000000 0.000000 0.000000 0.000000 0.000000 0.000000 0.000000 0.000000 0.000000 0.000000 0.000000 0.000000 0.000000 0.000000 0.000000 0.000000 0.000000 0.000000 0.000000
0.000000 0.000000 0.350080 0.350080 0.350080 0.350080 0.350080 0.350080 0.350080 0.350080 0.350080 0.350080 0.350080 0.350080 0.350080 0.350080 0.350080 0.350080 0.350080 0.000000 0.000000
0.000000 0.000000 0.350001 0.350002 0.350002 0.350002 0.350003 0.350003 0.350003 0.350003 0.350003 0.350003 0.350003 0.350003 0.350003 0.350002 0.350001 0.350001 0.350001 0.000000 0.000000
0.000000 0.000000 0.350033 0.350031 0.350032 0.350028 0.350029 0.350026 0.350028 0.350029 0.350028 0.350028 0.350028 0.350027 0.350028 0.350030 0.350031 0.350033 0.350032 0.000000 0.000000
0.000000 0.000000 0.350374 0.350378 0.350374 0.350377 0.350375 0.350374 0.350372 0.350369 0.350369 0.350370 0.350372 0.350372 0.350372 0.350371 0.350371 0.350375 0.350377 0.000000 0.000000
0.000000 0.000000 0.351425 0.351426 0.351422 0.351415 0.351408 0.351395 0.351394 0.351390 0.351394 0.351395 0.351397 0.351399 0.351405 0.351411 0.351413 0.351412 0.351413 0.000000 0.000000
0.000000 0.000000 0.352988 0.352989 0.352986 0.352972 0.352957 0.352941 0.352942 0.352938 0.352942 0.352941 0.352940 0.352944 0.352959 0.352973 0.352976 0.352978 0.352984 0.000000 0.000000
0.000000 0.000000 0.354804 0.354803 0.354797 0.354782 0.354763 0.354744 0.354746 0.354742 0.354743 0.354742 0.354743 0.354748 0.354769 0.354785 0.354793 0.354793 0.354798 0.000000 0.000000
0.000000 0.000000 0.356630 0.356627 0.356619 0.356606 0.356589 0.356567 0.356568 0.356564 0.356565 0.356566 0.356566 0.356572 0.356591 0.356608 0.356614 0.356617 0.356624 0.000000 0.000000
0.000000 0.000000 0.358436 0.358433 0.358427 0.358414 0.358394 0.358375 0.358377 0.358374 0.358374 0.358375 0.358375 0.358379 0.358400 0.358417 0.358422 0.358424 0.358429 0.000000 0.000000
0.000000 0.000000 0.360243 0.360241 0.360234 0.360223 0.360208 0.360185 0.360186 0.360181 0.360182 0.360183 0.360184 0.360188 0.360206 0.360219 0.360226 0.360229 0.360235 0.000000 0.000000
0.000000 0.000000 0.362101 0.362098 0.362090 0.362076 0.362058 0.362036 0.362035 0.362032 0.362033 0.362033 0.362035 0.362039 0.362062 0.362077 0.362084 0.362085 0.362106 0.000000 0.000000
0.000000 0.000000 0.363971 0.363968 0.363960 0.363948 0.363928 0.363887 0.363887 0.363883 0.363883 0.363883 0.363884 0.363889 0.363927 0.363944 0.363951 0.363953 0.363966 0.000000 0.000000
0.000000 0.000000 0.365935 0.365928 0.365922 0.365909 0.365866 0.365852 0.365846 0.365842 0.365844 0.365844 0.365844 0.365849 0.365865 0.365904 0.365911 0.365918 0.365925 0.000000 0.000000
0.000000 0.000000 0.368035 0.368030 0.368015 0.367980 0.367956 0.367929 0.367916 0.367911 0.367906 0.367906 0.367910 0.367911 0.367934 0.367963 0.368002 0.367999 0.368005 0.000000 0.000000
0.000000 0.000000 0.370184 0.370179 0.370136 0.370125 0.370108 0.370092 0.370089 0.370087 0.370090 0.370089 0.370086 0.370098 0.370109 0.370123 0.370123 0.370163 0.370174 0.000000 0.000000
0.000000 0.000000 0.372550 0.372501 0.372462 0.372444 0.372412 0.372395 0.372391 0.372388 0.372383 0.372384 0.372387 0.372388 0.372403 0.372434 0.372452 0.372474 0.372523 0.000000 0.000000
0.000000 0.000000 0.374429 0.374414 0.374439 0.374416 0.374385 0.374334 0.374328 0.374322 0.374324 0.374324 0.374324 0.374332 0.374380 0.374409 0.374439 0.374395 0.374419 0.000000 0.000000
0.000000 0.000000 0.350000 0.350000 0.350000 0.350000 0.350000 0.350000 0.350000 0.350000 0.350000 0.350000 0.350000 0.350000 0.350000 0.350000 0.350000 0.350000 0.350000 0.000000 0.000000
0.000000 0.000000 0.000000 0.000000 0.000000 0.000000 0.000000 0.000000 0.000000 0.000000 0.000000 0.000000 0.000000 0.000000 0.000000 0.000000 0.000000 0.000000 0.000000 0.000000 0.000000