geotop/1.0zi/1.0Montebello/Templates/testdem/maps/_Eocsilt9698.asc
ncols         21
nrows         20
xllcorner     100.000000
yllcorner     100.000000
cellsize      50.000000
NODATA_value  -9999.0
0.000000 0.000000 0.000000 0.000000 0.000000 0.000000 0.000000 0.000000 0.000000 0.000000 0.000000 0.000000 0.000000 0.000000 0.000000 0.000000 0.000000 0.000000 0.000000 0.000000 0.000000
0.000000 0.000000 0.350207 0.350207 0.350207 0.350207 0.350206 0.350206 0.350207 0.350206 0.350207 0.350206 0.350206 0.350206 0.350206 0.350207 0.350207 0.350207 0.350207 0.000000 0.000000
0.000000 0.000000 0.350008 0.350008 0.350008 0.350007 0.350009 0.350008 0.350008 0.350008 0.350009 0.350008 0.350009 0.350009 0.350008 0.350007 0.350006 0.350006 0.350007 0.000000 0.000000
0.000000 0.000000 0.350150 0.350147 0.350141 0.350137 0.350137 0.350131 0.350135 0.350136 0.350133 0.350136 0.350137 0.350137 0.350139 0.350142 0.350148 0.350149 0.350150 0.000000 0.000000
0.000000 0.000000 0.351495 0.351501 0.351491 0.351470 0.351461 0.351454 0.351457 0.351454 0.351453 0.351456 0.351461 0.351459 0.351474 0.351483 0.351487 0.351493 0.351496 0.000000 0.000000
0.000000 0.000000 0.355154 0.355149 0.355134 0.355109 0.355076 0.355050 0.355048 0.355043 0.355043 0.355045 0.355050 0.355047 0.355064 0.355087 0.355099 0.355107 0.355114 0.000000 0.000000
0.000000 0.000000 0.360288 0.360278 0.360262 0.360224 0.360182 0.360130 0.360132 0.360128 0.360123 0.360122 0.360121 0.360125 0.360168 0.360200 0.360221 0.360236 0.360243 0.000000 0.000000
0.000000 0.000000 0.366375 0.366362 0.366348 0.366306 0.366260 0.366212 0.366213 0.366206 0.366201 0.366198 0.366197 0.366204 0.366245 0.366283 0.366316 0.366321 0.366336 0.000000 0.000000
0.000000 0.000000 0.373078 0.373059 0.373035 0.373001 0.372950 0.372890 0.372895 0.372883 0.372875 0.372873 0.372877 0.372874 0.372933 0.372977 0.373003 0.373014 0.373027 0.000000 0.000000
0.000000 0.000000 0.380448 0.380424 0.380404 0.380369 0.380313 0.380251 0.380252 0.380244 0.380231 0.380236 0.380244 0.380241 0.380288 0.380344 0.380374 0.380385 0.380391 0.000000 0.000000
0.000000 0.000000 0.388790 0.388770 0.388752 0.388671 0.388645 0.388563 0.388580 0.388539 0.388542 0.388537 0.388524 0.388546 0.388598 0.388634 0.388675 0.388690 0.388726 0.000000 0.000000
0.000000 0.000000 0.398502 0.398459 0.398410 0.398372 0.398328 0.398224 0.398223 0.398217 0.398229 0.398194 0.398211 0.398207 0.398300 0.398354 0.398376 0.398389 0.398462 0.000000 0.000000
0.000000 0.000000 0.409407 0.409367 0.409355 0.409280 0.409227 0.408955 0.408950 0.408933 0.408837 0.408895 0.408901 0.408925 0.409127 0.409173 0.409272 0.409277 0.409296 0.000000 0.000000
0.000000 0.000000 0.422832 0.422813 0.422728 0.422674 0.422299 0.422427 0.422346 0.422346 0.422394 0.422344 0.422335 0.422297 0.422176 0.422589 0.422605 0.422702 0.422760 0.000000 0.000000
0.000000 0.000000 0.437970 0.437927 0.437852 0.437375 0.437571 0.437275 0.437208 0.437176 0.437068 0.437031 0.437086 0.437090 0.437349 0.437161 0.437783 0.437638 0.437616 0.000000 0.000000
0.000000 0.000000 0.451343 0.451318 0.450817 0.451073 0.450983 0.451001 0.451220 0.451160 0.451277 0.451257 0.451163 0.451282 0.451214 0.451297 0.450739 0.451502 0.451490 0.000000 0.000000
0.000000 0.000000 0.462351 0.462020 0.462083 0.461955 0.461776 0.461721 0.461629 0.461650 0.461545 0.461556 0.461615 0.461557 0.461646 0.461779 0.462051 0.461874 0.462219 0.000000 0.000000
0.000000 0.000000 0.467607 0.467529 0.467715 0.467616 0.467512 0.467357 0.467314 0.467293 0.467284 0.467280 0.467310 0.467290 0.467443 0.467520 0.467713 0.467469 0.467552 0.000000 0.000000
0.000000 0.000000 0.350000 0.350000 0.350000 0.350000 0.350000 0.350000 0.350000 0.350000 0.350000 0.350000 0.350000 0.350000 0.350000 0.350000 0.350000 0.350000 0.350000 0.000000 0.000000
0.000000 0.000000 0.000000 0.000000 0.000000 0.000000 0.000000 0.000000 0.000000 0.000000 0.000000 0.000000 0.000000 0.000000 0.000000 0.000000 0.000000 0.000000 0.000000 0.000000 0.000000