geotop/1.0zi/1.0Montebello/Templates/testdem/maps/_Eocclay6933.asc
ncols         21
nrows         20
xllcorner     100.000000
yllcorner     100.000000
cellsize      50.000000
NODATA_value  -9999.0
0.000000 0.000000 0.000000 0.000000 0.000000 0.000000 0.000000 0.000000 0.000000 0.000000 0.000000 0.000000 0.000000 0.000000 0.000000 0.000000 0.000000 0.000000 0.000000 0.000000 0.000000
0.000000 0.000000 0.349691 0.349693 0.349693 0.349692 0.349693 0.349693 0.349693 0.349693 0.349691 0.349693 0.349693 0.349693 0.349693 0.349693 0.349691 0.349691 0.349692 0.000000 0.000000
0.000000 0.000000 0.349988 0.349988 0.349988 0.349988 0.349987 0.349987 0.349987 0.349987 0.349987 0.349986 0.349987 0.349986 0.349987 0.349987 0.349988 0.349988 0.349986 0.000000 0.000000
0.000000 0.000000 0.349977 0.349982 0.349978 0.349979 0.349980 0.349980 0.349982 0.349978 0.349983 0.349981 0.349981 0.349980 0.349979 0.349981 0.349979 0.349981 0.349980 0.000000 0.000000
0.000000 0.000000 0.350679 0.350678 0.350675 0.350672 0.350659 0.350657 0.350657 0.350659 0.350656 0.350657 0.350653 0.350656 0.350664 0.350664 0.350669 0.350670 0.350677 0.000000 0.000000
0.000000 0.000000 0.352809 0.352808 0.352798 0.352774 0.352765 0.352744 0.352745 0.352739 0.352743 0.352744 0.352745 0.352746 0.352753 0.352770 0.352781 0.352793 0.352800 0.000000 0.000000
0.000000 0.000000 0.355874 0.355872 0.355865 0.355845 0.355819 0.355788 0.355787 0.355782 0.355784 0.355786 0.355786 0.355786 0.355811 0.355837 0.355849 0.355859 0.355868 0.000000 0.000000
0.000000 0.000000 0.359537 0.359536 0.359529 0.359504 0.359480 0.359446 0.359446 0.359442 0.359442 0.359441 0.359439 0.359445 0.359473 0.359495 0.359515 0.359522 0.359534 0.000000 0.000000
0.000000 0.000000 0.363339 0.363335 0.363323 0.363308 0.363283 0.363249 0.363251 0.363244 0.363241 0.363241 0.363241 0.363240 0.363272 0.363301 0.363316 0.363322 0.363332 0.000000 0.000000
0.000000 0.000000 0.367268 0.367260 0.367255 0.367241 0.367204 0.367174 0.367175 0.367170 0.367166 0.367169 0.367174 0.367171 0.367198 0.367230 0.367249 0.367253 0.367261 0.000000 0.000000
0.000000 0.000000 0.371432 0.371427 0.371420 0.371392 0.371367 0.371331 0.371339 0.371320 0.371322 0.371323 0.371316 0.371328 0.371351 0.371371 0.371394 0.371405 0.371423 0.000000 0.000000
0.000000 0.000000 0.375904 0.375893 0.375880 0.375859 0.375834 0.375790 0.375790 0.375782 0.375793 0.375780 0.375782 0.375785 0.375827 0.375849 0.375865 0.375872 0.375914 0.000000 0.000000
0.000000 0.000000 0.380608 0.380596 0.380590 0.380565 0.380543 0.380443 0.380442 0.380434 0.380411 0.380423 0.380430 0.380439 0.380514 0.380536 0.380573 0.380576 0.380603 0.000000 0.000000
0.000000 0.000000 0.385883 0.385877 0.385859 0.385840 0.385731 0.385718 0.385695 0.385694 0.385694 0.385692 0.385691 0.385687 0.385690 0.385805 0.385831 0.385860 0.385891 0.000000 0.000000
0.000000 0.000000 0.391874 0.391865 0.391839 0.391713 0.391695 0.391633 0.391595 0.391587 0.391567 0.391552 0.391566 0.391559 0.391615 0.391647 0.391817 0.391798 0.391812 0.000000 0.000000
0.000000 0.000000 0.398374 0.398365 0.398189 0.398190 0.398182 0.398149 0.398200 0.398177 0.398202 0.398184 0.398161 0.398201 0.398219 0.398231 0.398170 0.398401 0.398402 0.000000 0.000000
0.000000 0.000000 0.406209 0.405948 0.405922 0.405844 0.405715 0.405669 0.405628 0.405634 0.405570 0.405571 0.405603 0.405578 0.405643 0.405741 0.405908 0.405877 0.406146 0.000000 0.000000
0.000000 0.000000 0.410973 0.411097 0.411347 0.411307 0.411262 0.411027 0.411035 0.410977 0.411045 0.411028 0.411031 0.411048 0.411258 0.411294 0.411388 0.411150 0.411039 0.000000 0.000000
0.000000 0.000000 0.350000 0.350000 0.350000 0.350000 0.350000 0.350000 0.350000 0.350000 0.350000 0.350000 0.350000 0.350000 0.350000 0.350000 0.350000 0.350000 0.350000 0.000000 0.000000
0.000000 0.000000 0.000000 0.000000 0.000000 0.000000 0.000000 0.000000 0.000000 0.000000 0.000000 0.000000 0.000000 0.000000 0.000000 0.000000 0.000000 0.000000 0.000000 0.000000 0.000000