geotop/1.0zi/1.0Montebello/Templates/testdem/maps/_Eocsilt4575.asc
ncols         21
nrows         20
xllcorner     100.000000
yllcorner     100.000000
cellsize      50.000000
NODATA_value  -9999.0
0.000000 0.000000 0.000000 0.000000 0.000000 0.000000 0.000000 0.000000 0.000000 0.000000 0.000000 0.000000 0.000000 0.000000 0.000000 0.000000 0.000000 0.000000 0.000000 0.000000 0.000000
0.000000 0.000000 0.350092 0.350092 0.350092 0.350092 0.350092 0.350092 0.350092 0.350092 0.350092 0.350092 0.350092 0.350092 0.350092 0.350092 0.350092 0.350092 0.350092 0.000000 0.000000
0.000000 0.000000 0.350002 0.350002 0.350003 0.350003 0.350003 0.350003 0.350003 0.350003 0.350003 0.350003 0.350003 0.350003 0.350003 0.350003 0.350001 0.350001 0.350002 0.000000 0.000000
0.000000 0.000000 0.350031 0.350031 0.350031 0.350026 0.350027 0.350025 0.350027 0.350027 0.350027 0.350027 0.350027 0.350026 0.350028 0.350030 0.350031 0.350032 0.350031 0.000000 0.000000
0.000000 0.000000 0.350386 0.350389 0.350388 0.350383 0.350381 0.350377 0.350376 0.350373 0.350372 0.350374 0.350375 0.350375 0.350380 0.350381 0.350382 0.350390 0.350393 0.000000 0.000000
0.000000 0.000000 0.351542 0.351545 0.351540 0.351529 0.351522 0.351508 0.351505 0.351500 0.351504 0.351507 0.351511 0.351510 0.351515 0.351521 0.351527 0.351529 0.351533 0.000000 0.000000
0.000000 0.000000 0.353346 0.353346 0.353342 0.353328 0.353312 0.353294 0.353296 0.353293 0.353297 0.353295 0.353293 0.353297 0.353309 0.353324 0.353330 0.353336 0.353343 0.000000 0.000000
0.000000 0.000000 0.355441 0.355439 0.355437 0.355424 0.355410 0.355392 0.355394 0.355391 0.355391 0.355391 0.355389 0.355388 0.355405 0.355422 0.355432 0.355435 0.355440 0.000000 0.000000
0.000000 0.000000 0.357583 0.357579 0.357575 0.357564 0.357550 0.357528 0.357530 0.357525 0.357526 0.357527 0.357525 0.357526 0.357543 0.357561 0.357569 0.357574 0.357582 0.000000 0.000000
0.000000 0.000000 0.359711 0.359709 0.359706 0.359695 0.359679 0.359660 0.359663 0.359659 0.359660 0.359661 0.359658 0.359656 0.359675 0.359693 0.359701 0.359705 0.359711 0.000000 0.000000
0.000000 0.000000 0.361855 0.361852 0.361850 0.361841 0.361829 0.361806 0.361809 0.361804 0.361804 0.361805 0.361803 0.361802 0.361818 0.361832 0.361841 0.361846 0.361853 0.000000 0.000000
0.000000 0.000000 0.364076 0.364073 0.364069 0.364056 0.364043 0.364021 0.364021 0.364018 0.364018 0.364018 0.364017 0.364016 0.364036 0.364052 0.364061 0.364065 0.364088 0.000000 0.000000
0.000000 0.000000 0.366325 0.366322 0.366318 0.366308 0.366292 0.366246 0.366247 0.366242 0.366242 0.366243 0.366240 0.366240 0.366280 0.366299 0.366308 0.366312 0.366326 0.000000 0.000000
0.000000 0.000000 0.368706 0.368699 0.368697 0.368687 0.368642 0.368629 0.368622 0.368619 0.368620 0.368620 0.368616 0.368616 0.368629 0.368675 0.368685 0.368694 0.368703 0.000000 0.000000
0.000000 0.000000 0.371274 0.371269 0.371257 0.371217 0.371196 0.371167 0.371153 0.371148 0.371142 0.371141 0.371143 0.371137 0.371159 0.371191 0.371242 0.371240 0.371248 0.000000 0.000000
0.000000 0.000000 0.373929 0.373924 0.373875 0.373867 0.373854 0.373839 0.373837 0.373835 0.373838 0.373838 0.373831 0.373839 0.373847 0.373860 0.373861 0.373916 0.373929 0.000000 0.000000
0.000000 0.000000 0.376882 0.376817 0.376777 0.376759 0.376726 0.376707 0.376703 0.376700 0.376693 0.376694 0.376694 0.376688 0.376701 0.376740 0.376766 0.376793 0.376859 0.000000 0.000000
0.000000 0.000000 0.379187 0.379174 0.379217 0.379193 0.379165 0.379099 0.379093 0.379087 0.379090 0.379090 0.379085 0.379089 0.379147 0.379181 0.379218 0.379163 0.379189 0.000000 0.000000
0.000000 0.000000 0.350000 0.350000 0.350000 0.350000 0.350000 0.350000 0.350000 0.350000 0.350000 0.350000 0.350000 0.350000 0.350000 0.350000 0.350000 0.350000 0.350000 0.000000 0.000000
0.000000 0.000000 0.000000 0.000000 0.000000 0.000000 0.000000 0.000000 0.000000 0.000000 0.000000 0.000000 0.000000 0.000000 0.000000 0.000000 0.000000 0.000000 0.000000 0.000000 0.000000