geotop/1.0zi/1.0Montebello/Templates/testdem/maps/_Eocsand077&.asc
ncols         21
nrows         20
xllcorner     100.000000
yllcorner     100.000000
cellsize      50.000000
NODATA_value  -9999.0
0.000000 0.000000 0.000000 0.000000 0.000000 0.000000 0.000000 0.000000 0.000000 0.000000 0.000000 0.000000 0.000000 0.000000 0.000000 0.000000 0.000000 0.000000 0.000000 0.000000 0.000000
0.000000 0.000000 0.300274 0.300271 0.300271 0.300272 0.300271 0.300271 0.300271 0.300271 0.300272 0.300272 0.300272 0.300272 0.300272 0.300271 0.300272 0.300272 0.300272 0.000000 0.000000
0.000000 0.000000 0.300012 0.300014 0.300014 0.300012 0.300014 0.300014 0.300013 0.300013 0.300014 0.300013 0.300013 0.300013 0.300013 0.300013 0.300014 0.300015 0.300015 0.000000 0.000000
0.000000 0.000000 0.299720 0.299715 0.299724 0.299734 0.299733 0.299738 0.299732 0.299734 0.299733 0.299732 0.299731 0.299732 0.299726 0.299718 0.299716 0.299714 0.299715 0.000000 0.000000
0.000000 0.000000 0.296118 0.296127 0.296145 0.296187 0.296218 0.296232 0.296229 0.296229 0.296233 0.296226 0.296220 0.296221 0.296197 0.296181 0.296160 0.296146 0.296133 0.000000 0.000000
0.000000 0.000000 0.286987 0.287002 0.287045 0.287124 0.287196 0.287260 0.287255 0.287263 0.287267 0.287266 0.287255 0.287260 0.287223 0.287161 0.287126 0.287100 0.287087 0.000000 0.000000
0.000000 0.000000 0.274593 0.274621 0.274658 0.274751 0.274844 0.274974 0.274969 0.274975 0.274989 0.274989 0.274990 0.274987 0.274884 0.274807 0.274756 0.274721 0.274706 0.000000 0.000000
0.000000 0.000000 0.259723 0.259758 0.259800 0.259923 0.260026 0.260148 0.260145 0.260155 0.260171 0.260178 0.260182 0.260164 0.260068 0.259981 0.259900 0.259880 0.259850 0.000000 0.000000
0.000000 0.000000 0.242991 0.243039 0.243108 0.243205 0.243326 0.243474 0.243458 0.243480 0.243504 0.243508 0.243502 0.243511 0.243373 0.243265 0.243200 0.243170 0.243144 0.000000 0.000000
0.000000 0.000000 0.223880 0.223949 0.224012 0.224119 0.224257 0.224417 0.224414 0.224424 0.224461 0.224448 0.224431 0.224439 0.224328 0.224185 0.224104 0.224070 0.224060 0.000000 0.000000
0.000000 0.000000 0.201292 0.201351 0.201409 0.201650 0.201712 0.201937 0.201886 0.201987 0.201982 0.202002 0.202043 0.201981 0.201847 0.201759 0.201642 0.201598 0.201501 0.000000 0.000000
0.000000 0.000000 0.173927 0.174060 0.174222 0.174329 0.174462 0.174751 0.174778 0.174761 0.174738 0.174823 0.174779 0.174818 0.174558 0.174399 0.174340 0.174297 0.174106 0.000000 0.000000
0.000000 0.000000 0.142907 0.143029 0.143064 0.143321 0.143479 0.144293 0.144313 0.144357 0.144679 0.144459 0.144463 0.144389 0.143801 0.143681 0.143364 0.143345 0.143349 0.000000 0.000000
0.000000 0.000000 0.106734 0.106784 0.107062 0.107195 0.108252 0.107703 0.107927 0.107916 0.107712 0.107913 0.107940 0.108082 0.108565 0.107396 0.107416 0.107137 0.106986 0.000000 0.000000
0.000000 0.000000 0.076227 0.076318 0.076434 0.077318 0.076864 0.077469 0.077562 0.077618 0.077851 0.077890 0.077798 0.077774 0.077252 0.077707 0.076563 0.076845 0.076906 0.000000 0.000000
0.000000 0.000000 0.057278 0.057325 0.057795 0.057775 0.057766 0.057882 0.057713 0.057770 0.057720 0.057745 0.057807 0.057705 0.057659 0.057674 0.057904 0.057305 0.057328 0.000000 0.000000
0.000000 0.000000 0.044058 0.044218 0.044453 0.044444 0.044538 0.044591 0.044528 0.044549 0.044550 0.044561 0.044577 0.044543 0.044514 0.044446 0.044527 0.044240 0.044109 0.000000 0.000000
0.000000 0.000000 0.035309 0.035414 0.035511 0.035509 0.035601 0.035667 0.035634 0.035653 0.035648 0.035655 0.035661 0.035643 0.035588 0.035523 0.035557 0.035432 0.035336 0.000000 0.000000
0.000000 0.000000 0.300000 0.300000 0.300000 0.300000 0.300000 0.300000 0.300000 0.300000 0.300000 0.300000 0.300000 0.300000 0.300000 0.300000 0.300000 0.300000 0.300000 0.000000 0.000000
0.000000 0.000000 0.000000 0.000000 0.000000 0.000000 0.000000 0.000000 0.000000 0.000000 0.000000 0.000000 0.000000 0.000000 0.000000 0.000000 0.000000 0.000000 0.000000 0.000000 0.000000