geotop/1.0zi/1.0Montebello/Templates/testdem/maps/_Eocsilt0351.asc
ncols         21
nrows         20
xllcorner     100.000000
yllcorner     100.000000
cellsize      50.000000
NODATA_value  -9999.0
0.000000 0.000000 0.000000 0.000000 0.000000 0.000000 0.000000 0.000000 0.000000 0.000000 0.000000 0.000000 0.000000 0.000000 0.000000 0.000000 0.000000 0.000000 0.000000 0.000000 0.000000
0.000000 0.000000 0.350009 0.350009 0.350009 0.350009 0.350009 0.350009 0.350009 0.350009 0.350009 0.350009 0.350009 0.350009 0.350009 0.350009 0.350009 0.350009 0.350009 0.000000 0.000000
0.000000 0.000000 0.350001 0.350000 0.350000 0.350000 0.350001 0.350001 0.350001 0.350001 0.350001 0.350001 0.350001 0.350001 0.350001 0.350000 0.350000 0.350000 0.350001 0.000000 0.000000
0.000000 0.000000 0.350252 0.350252 0.350249 0.350252 0.350252 0.350252 0.350252 0.350252 0.350252 0.350252 0.350252 0.350252 0.350252 0.350252 0.350249 0.350252 0.350252 0.000000 0.000000
0.000000 0.000000 0.350936 0.350936 0.350933 0.350936 0.350936 0.350936 0.350936 0.350936 0.350936 0.350936 0.350936 0.350936 0.350936 0.350936 0.350933 0.350936 0.350936 0.000000 0.000000
0.000000 0.000000 0.351587 0.351587 0.351585 0.351587 0.351587 0.351587 0.351587 0.351587 0.351587 0.351587 0.351587 0.351587 0.351587 0.351587 0.351585 0.351587 0.351587 0.000000 0.000000
0.000000 0.000000 0.352167 0.352167 0.352165 0.352167 0.352167 0.352167 0.352167 0.352167 0.352167 0.352167 0.352167 0.352167 0.352167 0.352167 0.352165 0.352167 0.352167 0.000000 0.000000
0.000000 0.000000 0.352699 0.352699 0.352698 0.352699 0.352699 0.352699 0.352699 0.352699 0.352699 0.352699 0.352699 0.352699 0.352699 0.352699 0.352698 0.352699 0.352699 0.000000 0.000000
0.000000 0.000000 0.353199 0.353199 0.353198 0.353199 0.353199 0.353200 0.353200 0.353200 0.353200 0.353200 0.353200 0.353200 0.353199 0.353199 0.353198 0.353199 0.353199 0.000000 0.000000
0.000000 0.000000 0.353681 0.353681 0.353679 0.353681 0.353681 0.353681 0.353681 0.353681 0.353681 0.353681 0.353681 0.353681 0.353681 0.353681 0.353679 0.353681 0.353681 0.000000 0.000000
0.000000 0.000000 0.354147 0.354147 0.354146 0.354147 0.354147 0.354147 0.354147 0.354147 0.354147 0.354147 0.354147 0.354147 0.354147 0.354147 0.354146 0.354147 0.354147 0.000000 0.000000
0.000000 0.000000 0.354603 0.354603 0.354602 0.354603 0.354603 0.354603 0.354603 0.354603 0.354603 0.354603 0.354603 0.354603 0.354603 0.354603 0.354602 0.354603 0.354603 0.000000 0.000000
0.000000 0.000000 0.355049 0.355049 0.355048 0.355049 0.355049 0.355049 0.355049 0.355049 0.355049 0.355049 0.355049 0.355049 0.355049 0.355049 0.355048 0.355049 0.355049 0.000000 0.000000
0.000000 0.000000 0.355486 0.355486 0.355485 0.355486 0.355486 0.355486 0.355486 0.355486 0.355486 0.355486 0.355486 0.355486 0.355486 0.355486 0.355485 0.355486 0.355486 0.000000 0.000000
0.000000 0.000000 0.355917 0.355917 0.355916 0.355917 0.355917 0.355917 0.355917 0.355917 0.355917 0.355917 0.355917 0.355917 0.355917 0.355917 0.355916 0.355917 0.355917 0.000000 0.000000
0.000000 0.000000 0.356347 0.356347 0.356345 0.356347 0.356347 0.356347 0.356347 0.356347 0.356347 0.356347 0.356347 0.356347 0.356347 0.356347 0.356345 0.356347 0.356347 0.000000 0.000000
0.000000 0.000000 0.356771 0.356771 0.356769 0.356770 0.356771 0.356771 0.356771 0.356771 0.356771 0.356771 0.356771 0.356771 0.356771 0.356770 0.356769 0.356771 0.356771 0.000000 0.000000
0.000000 0.000000 0.357212 0.357213 0.357211 0.357213 0.357213 0.357213 0.357213 0.357213 0.357213 0.357213 0.357213 0.357213 0.357213 0.357213 0.357211 0.357213 0.357213 0.000000 0.000000
0.000000 0.000000 0.350000 0.350000 0.350000 0.350000 0.350000 0.350000 0.350000 0.350000 0.350000 0.350000 0.350000 0.350000 0.350000 0.350000 0.350000 0.350000 0.350000 0.000000 0.000000
0.000000 0.000000 0.000000 0.000000 0.000000 0.000000 0.000000 0.000000 0.000000 0.000000 0.000000 0.000000 0.000000 0.000000 0.000000 0.000000 0.000000 0.000000 0.000000 0.000000 0.000000