geotop/1.0zi/1.0Montebello/Templates/testdem/maps/_Eocsand170w.asc
ncols         21
nrows         20
xllcorner     100.000000
yllcorner     100.000000
cellsize      50.000000
NODATA_value  -9999.0
0.000000 0.000000 0.000000 0.000000 0.000000 0.000000 0.000000 0.000000 0.000000 0.000000 0.000000 0.000000 0.000000 0.000000 0.000000 0.000000 0.000000 0.000000 0.000000 0.000000 0.000000
0.000000 0.000000 0.300300 0.300297 0.300297 0.300298 0.300297 0.300297 0.300297 0.300297 0.300298 0.300297 0.300297 0.300298 0.300297 0.300297 0.300298 0.300298 0.300298 0.000000 0.000000
0.000000 0.000000 0.300011 0.300013 0.300014 0.300012 0.300013 0.300014 0.300013 0.300013 0.300013 0.300012 0.300012 0.300013 0.300012 0.300013 0.300014 0.300014 0.300014 0.000000 0.000000
0.000000 0.000000 0.299627 0.299617 0.299632 0.299640 0.299634 0.299645 0.299642 0.299644 0.299645 0.299644 0.299644 0.299638 0.299641 0.299632 0.299628 0.299624 0.299624 0.000000 0.000000
0.000000 0.000000 0.295510 0.295520 0.295541 0.295576 0.295612 0.295628 0.295634 0.295637 0.295644 0.295631 0.295624 0.295631 0.295608 0.295589 0.295569 0.295550 0.295536 0.000000 0.000000
0.000000 0.000000 0.285150 0.285166 0.285215 0.285293 0.285367 0.285436 0.285440 0.285455 0.285460 0.285456 0.285443 0.285453 0.285417 0.285346 0.285315 0.285283 0.285272 0.000000 0.000000
0.000000 0.000000 0.271026 0.271054 0.271104 0.271198 0.271296 0.271445 0.271456 0.271471 0.271482 0.271478 0.271480 0.271479 0.271369 0.271282 0.271231 0.271186 0.271174 0.000000 0.000000
0.000000 0.000000 0.253864 0.253899 0.253952 0.254082 0.254190 0.254329 0.254347 0.254365 0.254381 0.254381 0.254388 0.254371 0.254276 0.254177 0.254090 0.254065 0.254035 0.000000 0.000000
0.000000 0.000000 0.234068 0.234120 0.234204 0.234306 0.234438 0.234619 0.234628 0.234669 0.234680 0.234693 0.234687 0.234701 0.234551 0.234425 0.234357 0.234310 0.234284 0.000000 0.000000
0.000000 0.000000 0.210730 0.210815 0.210908 0.211008 0.211170 0.211359 0.211395 0.211418 0.211451 0.211439 0.211408 0.211423 0.211307 0.211136 0.211048 0.210997 0.210990 0.000000 0.000000
0.000000 0.000000 0.182242 0.182326 0.182394 0.182692 0.182756 0.183038 0.182986 0.183142 0.183105 0.183137 0.183206 0.183127 0.182974 0.182879 0.182742 0.182680 0.182560 0.000000 0.000000
0.000000 0.000000 0.147085 0.147266 0.147485 0.147572 0.147728 0.148096 0.148165 0.148142 0.148100 0.148224 0.148165 0.148216 0.147905 0.147706 0.147656 0.147589 0.147363 0.000000 0.000000
0.000000 0.000000 0.109580 0.109719 0.109719 0.110001 0.110187 0.111130 0.111211 0.111291 0.111667 0.111384 0.111395 0.111314 0.110639 0.110507 0.110137 0.110077 0.110167 0.000000 0.000000
0.000000 0.000000 0.074786 0.074805 0.075044 0.075133 0.075994 0.075468 0.075674 0.075676 0.075466 0.075660 0.075685 0.075812 0.076244 0.075286 0.075322 0.075093 0.074985 0.000000 0.000000
0.000000 0.000000 0.053958 0.053998 0.054105 0.054481 0.054475 0.054606 0.054689 0.054702 0.054771 0.054813 0.054773 0.054789 0.054684 0.054676 0.054220 0.054288 0.054287 0.000000 0.000000
0.000000 0.000000 0.040904 0.040938 0.041096 0.041287 0.041244 0.041368 0.041369 0.041393 0.041423 0.041451 0.041443 0.041423 0.041326 0.041362 0.041165 0.041087 0.041091 0.000000 0.000000
0.000000 0.000000 0.031820 0.031881 0.031988 0.032126 0.032103 0.032203 0.032199 0.032215 0.032243 0.032259 0.032253 0.032238 0.032157 0.032182 0.032042 0.031982 0.031953 0.000000 0.000000
0.000000 0.000000 0.025536 0.025556 0.025655 0.025726 0.025708 0.025788 0.025762 0.025780 0.025783 0.025796 0.025801 0.025778 0.025719 0.025741 0.025695 0.025601 0.025603 0.000000 0.000000
0.000000 0.000000 0.300000 0.300000 0.300000 0.300000 0.300000 0.300000 0.300000 0.300000 0.300000 0.300000 0.300000 0.300000 0.300000 0.300000 0.300000 0.300000 0.300000 0.000000 0.000000
0.000000 0.000000 0.000000 0.000000 0.000000 0.000000 0.000000 0.000000 0.000000 0.000000 0.000000 0.000000 0.000000 0.000000 0.000000 0.000000 0.000000 0.000000 0.000000 0.000000 0.000000