geotop/1.0zi/1.0Montebello/Templates/testdem/maps/_Eocclay6605.asc
ncols         21
nrows         20
xllcorner     100.000000
yllcorner     100.000000
cellsize      50.000000
NODATA_value  -9999.0
0.000000 0.000000 0.000000 0.000000 0.000000 0.000000 0.000000 0.000000 0.000000 0.000000 0.000000 0.000000 0.000000 0.000000 0.000000 0.000000 0.000000 0.000000 0.000000 0.000000 0.000000
0.000000 0.000000 0.349703 0.349705 0.349705 0.349703 0.349705 0.349705 0.349704 0.349705 0.349703 0.349705 0.349705 0.349704 0.349705 0.349705 0.349703 0.349703 0.349704 0.000000 0.000000
0.000000 0.000000 0.349989 0.349988 0.349988 0.349989 0.349988 0.349988 0.349988 0.349988 0.349987 0.349987 0.349988 0.349987 0.349988 0.349988 0.349989 0.349989 0.349987 0.000000 0.000000
0.000000 0.000000 0.349981 0.349985 0.349982 0.349983 0.349984 0.349984 0.349986 0.349982 0.349987 0.349984 0.349985 0.349984 0.349984 0.349986 0.349984 0.349986 0.349985 0.000000 0.000000
0.000000 0.000000 0.350599 0.350599 0.350597 0.350595 0.350581 0.350580 0.350580 0.350582 0.350579 0.350579 0.350575 0.350577 0.350583 0.350583 0.350588 0.350590 0.350596 0.000000 0.000000
0.000000 0.000000 0.352512 0.352512 0.352504 0.352479 0.352471 0.352451 0.352452 0.352447 0.352450 0.352449 0.352452 0.352452 0.352458 0.352473 0.352484 0.352497 0.352503 0.000000 0.000000
0.000000 0.000000 0.355350 0.355348 0.355343 0.355323 0.355299 0.355270 0.355269 0.355264 0.355266 0.355266 0.355267 0.355266 0.355289 0.355314 0.355326 0.355336 0.355344 0.000000 0.000000
0.000000 0.000000 0.358754 0.358754 0.358749 0.358725 0.358701 0.358670 0.358670 0.358666 0.358666 0.358663 0.358662 0.358668 0.358692 0.358713 0.358733 0.358740 0.358752 0.000000 0.000000
0.000000 0.000000 0.362275 0.362272 0.362262 0.362248 0.362223 0.362192 0.362194 0.362187 0.362184 0.362182 0.362183 0.362182 0.362211 0.362238 0.362254 0.362260 0.362269 0.000000 0.000000
0.000000 0.000000 0.365890 0.365884 0.365880 0.365867 0.365832 0.365804 0.365805 0.365800 0.365795 0.365797 0.365803 0.365799 0.365823 0.365854 0.365872 0.365877 0.365885 0.000000 0.000000
0.000000 0.000000 0.369694 0.369690 0.369685 0.369659 0.369635 0.369602 0.369610 0.369592 0.369593 0.369592 0.369587 0.369598 0.369617 0.369636 0.369659 0.369670 0.369686 0.000000 0.000000
0.000000 0.000000 0.373749 0.373740 0.373729 0.373709 0.373686 0.373647 0.373647 0.373638 0.373647 0.373634 0.373637 0.373640 0.373676 0.373696 0.373712 0.373720 0.373759 0.000000 0.000000
0.000000 0.000000 0.377984 0.377974 0.377969 0.377947 0.377926 0.377838 0.377837 0.377830 0.377809 0.377817 0.377825 0.377832 0.377897 0.377918 0.377952 0.377956 0.377982 0.000000 0.000000
0.000000 0.000000 0.382684 0.382679 0.382665 0.382647 0.382553 0.382538 0.382517 0.382516 0.382513 0.382511 0.382511 0.382508 0.382511 0.382611 0.382638 0.382664 0.382692 0.000000 0.000000
0.000000 0.000000 0.387968 0.387961 0.387940 0.387834 0.387811 0.387760 0.387725 0.387719 0.387700 0.387685 0.387698 0.387692 0.387736 0.387771 0.387917 0.387904 0.387918 0.000000 0.000000
0.000000 0.000000 0.393658 0.393651 0.393508 0.393498 0.393492 0.393461 0.393499 0.393480 0.393497 0.393479 0.393463 0.393495 0.393509 0.393521 0.393487 0.393674 0.393677 0.000000 0.000000
0.000000 0.000000 0.400406 0.400200 0.400163 0.400100 0.399997 0.399960 0.399932 0.399934 0.399884 0.399880 0.399905 0.399888 0.399938 0.400017 0.400146 0.400146 0.400359 0.000000 0.000000
0.000000 0.000000 0.404825 0.404894 0.405090 0.405049 0.404999 0.404812 0.404813 0.404768 0.404812 0.404796 0.404804 0.404814 0.404982 0.405021 0.405118 0.404927 0.404871 0.000000 0.000000
0.000000 0.000000 0.350000 0.350000 0.350000 0.350000 0.350000 0.350000 0.350000 0.350000 0.350000 0.350000 0.350000 0.350000 0.350000 0.350000 0.350000 0.350000 0.350000 0.000000 0.000000
0.000000 0.000000 0.000000 0.000000 0.000000 0.000000 0.000000 0.000000 0.000000 0.000000 0.000000 0.000000 0.000000 0.000000 0.000000 0.000000 0.000000 0.000000 0.000000 0.000000 0.000000