geotop/1.0zi/1.0Montebello/Templates/testdem/maps/_Eocsilt5844.asc
ncols         21
nrows         20
xllcorner     100.000000
yllcorner     100.000000
cellsize      50.000000
NODATA_value  -9999.0
0.000000 0.000000 0.000000 0.000000 0.000000 0.000000 0.000000 0.000000 0.000000 0.000000 0.000000 0.000000 0.000000 0.000000 0.000000 0.000000 0.000000 0.000000 0.000000 0.000000 0.000000
0.000000 0.000000 0.350116 0.350116 0.350116 0.350116 0.350116 0.350116 0.350116 0.350116 0.350116 0.350116 0.350116 0.350116 0.350116 0.350116 0.350116 0.350116 0.350116 0.000000 0.000000
0.000000 0.000000 0.350002 0.350002 0.350002 0.350003 0.350003 0.350003 0.350003 0.350003 0.350003 0.350003 0.350003 0.350003 0.350003 0.350002 0.350001 0.350001 0.350002 0.000000 0.000000
0.000000 0.000000 0.350046 0.350045 0.350044 0.350039 0.350040 0.350038 0.350040 0.350041 0.350040 0.350039 0.350039 0.350039 0.350041 0.350044 0.350045 0.350047 0.350046 0.000000 0.000000
0.000000 0.000000 0.350524 0.350527 0.350525 0.350522 0.350519 0.350514 0.350513 0.350511 0.350509 0.350510 0.350512 0.350513 0.350518 0.350520 0.350520 0.350529 0.350533 0.000000 0.000000
0.000000 0.000000 0.352013 0.352016 0.352013 0.351999 0.351989 0.351971 0.351970 0.351966 0.351970 0.351973 0.351973 0.351969 0.351975 0.351982 0.351991 0.351994 0.351998 0.000000 0.000000
0.000000 0.000000 0.354300 0.354298 0.354293 0.354275 0.354254 0.354231 0.354232 0.354230 0.354232 0.354233 0.354229 0.354232 0.354249 0.354266 0.354274 0.354283 0.354289 0.000000 0.000000
0.000000 0.000000 0.357098 0.357099 0.357099 0.357081 0.357060 0.357035 0.357036 0.357033 0.357033 0.357032 0.357031 0.357033 0.357052 0.357072 0.357087 0.357089 0.357098 0.000000 0.000000
0.000000 0.000000 0.360038 0.360034 0.360027 0.360016 0.359995 0.359965 0.359967 0.359962 0.359959 0.359961 0.359961 0.359958 0.359985 0.360005 0.360019 0.360024 0.360033 0.000000 0.000000
0.000000 0.000000 0.362990 0.362986 0.362983 0.362976 0.362947 0.362921 0.362924 0.362920 0.362917 0.362921 0.362923 0.362920 0.362940 0.362963 0.362977 0.362979 0.362985 0.000000 0.000000
0.000000 0.000000 0.366022 0.366019 0.366019 0.365998 0.365979 0.365951 0.365957 0.365943 0.365944 0.365945 0.365942 0.365948 0.365965 0.365980 0.365995 0.366003 0.366015 0.000000 0.000000
0.000000 0.000000 0.369211 0.369204 0.369196 0.369182 0.369164 0.369130 0.369132 0.369124 0.369133 0.369125 0.369126 0.369129 0.369158 0.369172 0.369183 0.369187 0.369219 0.000000 0.000000
0.000000 0.000000 0.372484 0.372478 0.372476 0.372459 0.372444 0.372375 0.372375 0.372369 0.372355 0.372363 0.372367 0.372372 0.372422 0.372435 0.372459 0.372461 0.372484 0.000000 0.000000
0.000000 0.000000 0.376042 0.376038 0.376030 0.376019 0.375953 0.375935 0.375920 0.375920 0.375915 0.375917 0.375917 0.375914 0.375922 0.375988 0.376009 0.376025 0.376048 0.000000 0.000000
0.000000 0.000000 0.379964 0.379959 0.379945 0.379876 0.379854 0.379814 0.379788 0.379784 0.379772 0.379764 0.379772 0.379766 0.379795 0.379827 0.379926 0.379917 0.379931 0.000000 0.000000
0.000000 0.000000 0.384120 0.384116 0.384026 0.384010 0.384005 0.383979 0.383997 0.383986 0.383994 0.383985 0.383973 0.383991 0.384007 0.384016 0.384008 0.384124 0.384127 0.000000 0.000000
0.000000 0.000000 0.388884 0.388760 0.388719 0.388683 0.388623 0.388593 0.388583 0.388581 0.388554 0.388551 0.388562 0.388557 0.388590 0.388635 0.388706 0.388731 0.388856 0.000000 0.000000
0.000000 0.000000 0.392343 0.392351 0.392461 0.392431 0.392384 0.392269 0.392266 0.392241 0.392258 0.392252 0.392259 0.392261 0.392366 0.392400 0.392475 0.392362 0.392362 0.000000 0.000000
0.000000 0.000000 0.350000 0.350000 0.350000 0.350000 0.350000 0.350000 0.350000 0.350000 0.350000 0.350000 0.350000 0.350000 0.350000 0.350000 0.350000 0.350000 0.350000 0.000000 0.000000
0.000000 0.000000 0.000000 0.000000 0.000000 0.000000 0.000000 0.000000 0.000000 0.000000 0.000000 0.000000 0.000000 0.000000 0.000000 0.000000 0.000000 0.000000 0.000000 0.000000 0.000000