geotop/1.0zi/1.0Montebello/Templates/testdem/maps/_Eocsand2506.asc
ncols         21
nrows         20
xllcorner     100.000000
yllcorner     100.000000
cellsize      50.000000
NODATA_value  -9999.0
0.000000 0.000000 0.000000 0.000000 0.000000 0.000000 0.000000 0.000000 0.000000 0.000000 0.000000 0.000000 0.000000 0.000000 0.000000 0.000000 0.000000 0.000000 0.000000 0.000000 0.000000
0.000000 0.000000 0.300074 0.300074 0.300074 0.300074 0.300074 0.300074 0.300074 0.300074 0.300076 0.300074 0.300074 0.300074 0.300074 0.300074 0.300074 0.300074 0.300074 0.000000 0.000000
0.000000 0.000000 0.300012 0.300013 0.300013 0.300012 0.300013 0.300012 0.300012 0.300013 0.300011 0.300013 0.300012 0.300012 0.300013 0.300012 0.300013 0.300013 0.300012 0.000000 0.000000
0.000000 0.000000 0.298377 0.298378 0.298382 0.298380 0.298377 0.298377 0.298377 0.298377 0.298377 0.298377 0.298377 0.298377 0.298377 0.298380 0.298382 0.298378 0.298377 0.000000 0.000000
0.000000 0.000000 0.291475 0.291476 0.291480 0.291480 0.291474 0.291476 0.291475 0.291473 0.291473 0.291473 0.291475 0.291476 0.291474 0.291480 0.291480 0.291476 0.291475 0.000000 0.000000
0.000000 0.000000 0.283077 0.283078 0.283081 0.283081 0.283076 0.283078 0.283078 0.283076 0.283075 0.283076 0.283078 0.283078 0.283076 0.283081 0.283081 0.283078 0.283077 0.000000 0.000000
0.000000 0.000000 0.275249 0.275250 0.275253 0.275252 0.275248 0.275250 0.275250 0.275248 0.275248 0.275248 0.275250 0.275250 0.275248 0.275252 0.275253 0.275250 0.275249 0.000000 0.000000
0.000000 0.000000 0.268082 0.268082 0.268085 0.268084 0.268081 0.268082 0.268082 0.268080 0.268080 0.268080 0.268082 0.268082 0.268081 0.268084 0.268085 0.268082 0.268082 0.000000 0.000000
0.000000 0.000000 0.261401 0.261401 0.261404 0.261403 0.261400 0.261401 0.261401 0.261400 0.261399 0.261400 0.261401 0.261401 0.261400 0.261403 0.261404 0.261401 0.261401 0.000000 0.000000
0.000000 0.000000 0.255054 0.255054 0.255057 0.255056 0.255053 0.255054 0.255054 0.255053 0.255052 0.255053 0.255054 0.255054 0.255053 0.255056 0.255057 0.255054 0.255054 0.000000 0.000000
0.000000 0.000000 0.248967 0.248967 0.248969 0.248969 0.248966 0.248967 0.248967 0.248966 0.248965 0.248966 0.248967 0.248967 0.248966 0.248969 0.248969 0.248967 0.248967 0.000000 0.000000
0.000000 0.000000 0.243083 0.243084 0.243086 0.243085 0.243083 0.243084 0.243084 0.243082 0.243082 0.243082 0.243084 0.243084 0.243083 0.243085 0.243086 0.243084 0.243083 0.000000 0.000000
0.000000 0.000000 0.237362 0.237363 0.237365 0.237364 0.237361 0.237362 0.237362 0.237361 0.237361 0.237361 0.237362 0.237362 0.237361 0.237364 0.237365 0.237363 0.237362 0.000000 0.000000
0.000000 0.000000 0.231775 0.231775 0.231777 0.231776 0.231774 0.231775 0.231775 0.231774 0.231773 0.231774 0.231775 0.231775 0.231774 0.231776 0.231777 0.231775 0.231775 0.000000 0.000000
0.000000 0.000000 0.226300 0.226301 0.226303 0.226302 0.226300 0.226301 0.226301 0.226299 0.226299 0.226299 0.226301 0.226301 0.226300 0.226302 0.226303 0.226301 0.226300 0.000000 0.000000
0.000000 0.000000 0.220930 0.220931 0.220933 0.220932 0.220930 0.220930 0.220930 0.220929 0.220929 0.220929 0.220930 0.220930 0.220930 0.220932 0.220933 0.220931 0.220930 0.000000 0.000000
0.000000 0.000000 0.215658 0.215659 0.215661 0.215660 0.215658 0.215659 0.215659 0.215657 0.215657 0.215657 0.215659 0.215659 0.215658 0.215660 0.215661 0.215659 0.215658 0.000000 0.000000
0.000000 0.000000 0.210404 0.210403 0.210406 0.210405 0.210402 0.210403 0.210403 0.210402 0.210402 0.210402 0.210403 0.210403 0.210402 0.210405 0.210406 0.210403 0.210403 0.000000 0.000000
0.000000 0.000000 0.300000 0.300000 0.300000 0.300000 0.300000 0.300000 0.300000 0.300000 0.300000 0.300000 0.300000 0.300000 0.300000 0.300000 0.300000 0.300000 0.300000 0.000000 0.000000
0.000000 0.000000 0.000000 0.000000 0.000000 0.000000 0.000000 0.000000 0.000000 0.000000 0.000000 0.000000 0.000000 0.000000 0.000000 0.000000 0.000000 0.000000 0.000000 0.000000 0.000000