geotop/1.0zi/1.0Montebello/Templates/testdem/maps/_Eocsand9680.asc
ncols         21
nrows         20
xllcorner     100.000000
yllcorner     100.000000
cellsize      50.000000
NODATA_value  -9999.0
0.000000 0.000000 0.000000 0.000000 0.000000 0.000000 0.000000 0.000000 0.000000 0.000000 0.000000 0.000000 0.000000 0.000000 0.000000 0.000000 0.000000 0.000000 0.000000 0.000000 0.000000
0.000000 0.000000 0.300241 0.300238 0.300238 0.300239 0.300238 0.300238 0.300238 0.300239 0.300239 0.300238 0.300239 0.300239 0.300238 0.300238 0.300239 0.300239 0.300239 0.000000 0.000000
0.000000 0.000000 0.300011 0.300013 0.300013 0.300011 0.300012 0.300013 0.300012 0.300012 0.300012 0.300012 0.300011 0.300012 0.300012 0.300012 0.300013 0.300013 0.300014 0.000000 0.000000
0.000000 0.000000 0.299810 0.299808 0.299817 0.299825 0.299824 0.299830 0.299822 0.299824 0.299824 0.299823 0.299821 0.299823 0.299818 0.299811 0.299808 0.299805 0.299806 0.000000 0.000000
0.000000 0.000000 0.297016 0.297016 0.297032 0.297065 0.297093 0.297102 0.297102 0.297103 0.297106 0.297099 0.297093 0.297094 0.297070 0.297056 0.297042 0.297032 0.297019 0.000000 0.000000
0.000000 0.000000 0.289442 0.289452 0.289489 0.289551 0.289615 0.289672 0.289669 0.289681 0.289680 0.289679 0.289667 0.289672 0.289639 0.289584 0.289558 0.289537 0.289524 0.000000 0.000000
0.000000 0.000000 0.279104 0.279126 0.279155 0.279229 0.279310 0.279421 0.279418 0.279428 0.279437 0.279437 0.279437 0.279432 0.279342 0.279276 0.279235 0.279206 0.279191 0.000000 0.000000
0.000000 0.000000 0.266818 0.266843 0.266874 0.266962 0.267052 0.267153 0.267151 0.267164 0.267175 0.267181 0.267183 0.267166 0.267083 0.267008 0.266942 0.266928 0.266900 0.000000 0.000000
0.000000 0.000000 0.253334 0.253371 0.253419 0.253487 0.253589 0.253709 0.253698 0.253722 0.253738 0.253742 0.253735 0.253740 0.253623 0.253534 0.253483 0.253462 0.253436 0.000000 0.000000
0.000000 0.000000 0.238457 0.238508 0.238546 0.238618 0.238731 0.238856 0.238854 0.238871 0.238897 0.238887 0.238870 0.238876 0.238782 0.238667 0.238607 0.238584 0.238572 0.000000 0.000000
0.000000 0.000000 0.221549 0.221591 0.221628 0.221789 0.221843 0.222011 0.221975 0.222058 0.222052 0.222064 0.222090 0.222043 0.221938 0.221867 0.221783 0.221752 0.221680 0.000000 0.000000
0.000000 0.000000 0.201832 0.201920 0.202018 0.202096 0.202184 0.202395 0.202399 0.202410 0.202386 0.202459 0.202423 0.202433 0.202244 0.202134 0.202089 0.202062 0.201915 0.000000 0.000000
0.000000 0.000000 0.179622 0.179703 0.179727 0.179881 0.179989 0.180545 0.180555 0.180590 0.180786 0.180668 0.180655 0.180605 0.180193 0.180099 0.179896 0.179886 0.179849 0.000000 0.000000
0.000000 0.000000 0.152128 0.152166 0.152342 0.152452 0.153227 0.152959 0.153126 0.153126 0.153027 0.153131 0.153149 0.153228 0.153479 0.152627 0.152594 0.152395 0.152276 0.000000 0.000000
0.000000 0.000000 0.120808 0.120898 0.121056 0.122057 0.121638 0.122261 0.122403 0.122469 0.122696 0.122772 0.122657 0.122650 0.122103 0.122505 0.121199 0.121506 0.121552 0.000000 0.000000
0.000000 0.000000 0.092627 0.092681 0.093776 0.093197 0.093396 0.093346 0.092863 0.092992 0.092734 0.092777 0.092985 0.092723 0.092882 0.092698 0.093944 0.092267 0.092293 0.000000 0.000000
0.000000 0.000000 0.068274 0.069111 0.068873 0.069231 0.069670 0.069810 0.070073 0.070012 0.070293 0.070260 0.070099 0.070264 0.070036 0.069709 0.068944 0.069513 0.068639 0.000000 0.000000
0.000000 0.000000 0.058327 0.058210 0.057708 0.057869 0.058018 0.058466 0.058494 0.058588 0.058502 0.058529 0.058498 0.058496 0.058091 0.057978 0.057686 0.058235 0.058344 0.000000 0.000000
0.000000 0.000000 0.300000 0.300000 0.300000 0.300000 0.300000 0.300000 0.300000 0.300000 0.300000 0.300000 0.300000 0.300000 0.300000 0.300000 0.300000 0.300000 0.300000 0.000000 0.000000
0.000000 0.000000 0.000000 0.000000 0.000000 0.000000 0.000000 0.000000 0.000000 0.000000 0.000000 0.000000 0.000000 0.000000 0.000000 0.000000 0.000000 0.000000 0.000000 0.000000 0.000000