geotop/1.0zi/1.0Montebello/Templates/testdem/maps/_Eocclay3190.asc
ncols         21
nrows         20
xllcorner     100.000000
yllcorner     100.000000
cellsize      50.000000
NODATA_value  -9999.0
0.000000 0.000000 0.000000 0.000000 0.000000 0.000000 0.000000 0.000000 0.000000 0.000000 0.000000 0.000000 0.000000 0.000000 0.000000 0.000000 0.000000 0.000000 0.000000 0.000000 0.000000
0.000000 0.000000 0.349825 0.349825 0.349825 0.349825 0.349825 0.349825 0.349825 0.349825 0.349824 0.349825 0.349825 0.349825 0.349825 0.349825 0.349825 0.349825 0.349825 0.000000 0.000000
0.000000 0.000000 0.349995 0.349995 0.349995 0.349995 0.349995 0.349995 0.349995 0.349995 0.349996 0.349995 0.349995 0.349995 0.349995 0.349995 0.349995 0.349995 0.349995 0.000000 0.000000
0.000000 0.000000 0.351260 0.351260 0.351258 0.351259 0.351260 0.351260 0.351259 0.351260 0.351260 0.351260 0.351259 0.351260 0.351260 0.351259 0.351258 0.351260 0.351260 0.000000 0.000000
0.000000 0.000000 0.356258 0.356257 0.356255 0.356255 0.356258 0.356257 0.356257 0.356259 0.356259 0.356259 0.356257 0.356257 0.356258 0.356255 0.356255 0.356257 0.356258 0.000000 0.000000
0.000000 0.000000 0.361762 0.361761 0.361759 0.361759 0.361762 0.361761 0.361761 0.361762 0.361763 0.361762 0.361761 0.361761 0.361762 0.361759 0.361759 0.361761 0.361762 0.000000 0.000000
0.000000 0.000000 0.366904 0.366904 0.366902 0.366903 0.366904 0.366904 0.366904 0.366905 0.366905 0.366905 0.366904 0.366904 0.366904 0.366903 0.366902 0.366904 0.366904 0.000000 0.000000
0.000000 0.000000 0.371584 0.371583 0.371582 0.371582 0.371584 0.371583 0.371583 0.371584 0.371584 0.371584 0.371583 0.371583 0.371584 0.371582 0.371582 0.371583 0.371584 0.000000 0.000000
0.000000 0.000000 0.375912 0.375912 0.375910 0.375911 0.375912 0.375912 0.375912 0.375912 0.375913 0.375912 0.375912 0.375912 0.375912 0.375911 0.375910 0.375912 0.375912 0.000000 0.000000
0.000000 0.000000 0.379992 0.379991 0.379990 0.379990 0.379992 0.379991 0.379991 0.379992 0.379992 0.379992 0.379991 0.379991 0.379992 0.379990 0.379990 0.379991 0.379992 0.000000 0.000000
0.000000 0.000000 0.383872 0.383871 0.383870 0.383871 0.383872 0.383871 0.383871 0.383872 0.383872 0.383872 0.383871 0.383871 0.383872 0.383871 0.383870 0.383871 0.383872 0.000000 0.000000
0.000000 0.000000 0.387590 0.387589 0.387588 0.387589 0.387590 0.387589 0.387589 0.387590 0.387590 0.387590 0.387589 0.387589 0.387590 0.387589 0.387588 0.387589 0.387590 0.000000 0.000000
0.000000 0.000000 0.391172 0.391171 0.391170 0.391171 0.391172 0.391171 0.391171 0.391172 0.391172 0.391172 0.391171 0.391171 0.391172 0.391171 0.391170 0.391171 0.391172 0.000000 0.000000
0.000000 0.000000 0.394649 0.394648 0.394647 0.394647 0.394649 0.394648 0.394648 0.394649 0.394649 0.394649 0.394648 0.394648 0.394649 0.394647 0.394647 0.394648 0.394649 0.000000 0.000000
0.000000 0.000000 0.398027 0.398027 0.398026 0.398026 0.398027 0.398027 0.398027 0.398027 0.398028 0.398027 0.398027 0.398027 0.398027 0.398026 0.398026 0.398027 0.398027 0.000000 0.000000
0.000000 0.000000 0.401314 0.401314 0.401312 0.401313 0.401314 0.401314 0.401314 0.401314 0.401314 0.401314 0.401314 0.401314 0.401314 0.401313 0.401312 0.401314 0.401314 0.000000 0.000000
0.000000 0.000000 0.404519 0.404519 0.404518 0.404518 0.404519 0.404519 0.404519 0.404519 0.404520 0.404519 0.404519 0.404519 0.404519 0.404518 0.404518 0.404519 0.404519 0.000000 0.000000
0.000000 0.000000 0.407710 0.407711 0.407710 0.407710 0.407711 0.407711 0.407711 0.407711 0.407712 0.407711 0.407711 0.407711 0.407711 0.407710 0.407710 0.407711 0.407711 0.000000 0.000000
0.000000 0.000000 0.350000 0.350000 0.350000 0.350000 0.350000 0.350000 0.350000 0.350000 0.350000 0.350000 0.350000 0.350000 0.350000 0.350000 0.350000 0.350000 0.350000 0.000000 0.000000
0.000000 0.000000 0.000000 0.000000 0.000000 0.000000 0.000000 0.000000 0.000000 0.000000 0.000000 0.000000 0.000000 0.000000 0.000000 0.000000 0.000000 0.000000 0.000000 0.000000 0.000000