geotop/1.0zi/1.0Montebello/Templates/testdem/maps/_Eocsand1639.asc
ncols         21
nrows         20
xllcorner     100.000000
yllcorner     100.000000
cellsize      50.000000
NODATA_value  -9999.0
0.000000 0.000000 0.000000 0.000000 0.000000 0.000000 0.000000 0.000000 0.000000 0.000000 0.000000 0.000000 0.000000 0.000000 0.000000 0.000000 0.000000 0.000000 0.000000 0.000000 0.000000
0.000000 0.000000 0.300052 0.300052 0.300052 0.300052 0.300052 0.300052 0.300052 0.300052 0.300052 0.300052 0.300052 0.300052 0.300052 0.300052 0.300052 0.300052 0.300052 0.000000 0.000000
0.000000 0.000000 0.300008 0.300008 0.300009 0.300008 0.300008 0.300008 0.300008 0.300008 0.300008 0.300008 0.300008 0.300008 0.300008 0.300008 0.300009 0.300008 0.300008 0.000000 0.000000
0.000000 0.000000 0.298723 0.298724 0.298728 0.298726 0.298723 0.298723 0.298723 0.298722 0.298723 0.298722 0.298723 0.298723 0.298723 0.298726 0.298728 0.298724 0.298723 0.000000 0.000000
0.000000 0.000000 0.293951 0.293952 0.293956 0.293956 0.293949 0.293951 0.293951 0.293949 0.293949 0.293949 0.293951 0.293951 0.293949 0.293956 0.293956 0.293952 0.293951 0.000000 0.000000
0.000000 0.000000 0.288353 0.288354 0.288357 0.288356 0.288351 0.288353 0.288353 0.288351 0.288351 0.288351 0.288353 0.288353 0.288351 0.288356 0.288357 0.288354 0.288353 0.000000 0.000000
0.000000 0.000000 0.283131 0.283131 0.283134 0.283133 0.283129 0.283130 0.283130 0.283129 0.283129 0.283129 0.283130 0.283130 0.283129 0.283133 0.283134 0.283131 0.283131 0.000000 0.000000
0.000000 0.000000 0.278331 0.278332 0.278334 0.278333 0.278330 0.278331 0.278331 0.278330 0.278330 0.278330 0.278331 0.278331 0.278330 0.278333 0.278334 0.278332 0.278331 0.000000 0.000000
0.000000 0.000000 0.273836 0.273837 0.273839 0.273838 0.273835 0.273836 0.273836 0.273835 0.273835 0.273835 0.273836 0.273836 0.273835 0.273838 0.273839 0.273837 0.273836 0.000000 0.000000
0.000000 0.000000 0.269535 0.269536 0.269538 0.269537 0.269534 0.269535 0.269535 0.269534 0.269534 0.269534 0.269535 0.269535 0.269534 0.269537 0.269538 0.269536 0.269535 0.000000 0.000000
0.000000 0.000000 0.265383 0.265384 0.265386 0.265385 0.265382 0.265383 0.265383 0.265382 0.265382 0.265382 0.265383 0.265383 0.265382 0.265385 0.265386 0.265384 0.265383 0.000000 0.000000
0.000000 0.000000 0.261340 0.261341 0.261343 0.261342 0.261339 0.261340 0.261340 0.261339 0.261339 0.261339 0.261340 0.261340 0.261339 0.261342 0.261343 0.261341 0.261340 0.000000 0.000000
0.000000 0.000000 0.257377 0.257378 0.257380 0.257379 0.257376 0.257377 0.257377 0.257376 0.257376 0.257376 0.257377 0.257377 0.257376 0.257379 0.257380 0.257378 0.257377 0.000000 0.000000
0.000000 0.000000 0.253494 0.253495 0.253497 0.253496 0.253493 0.253494 0.253494 0.253493 0.253493 0.253493 0.253494 0.253494 0.253493 0.253496 0.253497 0.253495 0.253494 0.000000 0.000000
0.000000 0.000000 0.249672 0.249672 0.249675 0.249674 0.249671 0.249672 0.249672 0.249671 0.249671 0.249671 0.249672 0.249672 0.249671 0.249674 0.249675 0.249672 0.249672 0.000000 0.000000
0.000000 0.000000 0.245897 0.245897 0.245900 0.245899 0.245896 0.245897 0.245897 0.245896 0.245896 0.245896 0.245897 0.245897 0.245896 0.245899 0.245900 0.245897 0.245897 0.000000 0.000000
0.000000 0.000000 0.242167 0.242168 0.242170 0.242169 0.242166 0.242167 0.242167 0.242166 0.242167 0.242166 0.242167 0.242167 0.242166 0.242169 0.242170 0.242168 0.242167 0.000000 0.000000
0.000000 0.000000 0.238404 0.238404 0.238406 0.238405 0.238402 0.238403 0.238403 0.238402 0.238402 0.238402 0.238403 0.238403 0.238402 0.238405 0.238406 0.238404 0.238403 0.000000 0.000000
0.000000 0.000000 0.300000 0.300000 0.300000 0.300000 0.300000 0.300000 0.300000 0.300000 0.300000 0.300000 0.300000 0.300000 0.300000 0.300000 0.300000 0.300000 0.300000 0.000000 0.000000
0.000000 0.000000 0.000000 0.000000 0.000000 0.000000 0.000000 0.000000 0.000000 0.000000 0.000000 0.000000 0.000000 0.000000 0.000000 0.000000 0.000000 0.000000 0.000000 0.000000 0.000000