geotop/1.0zi/1.0Montebello/Templates/testdem/maps/_Eocsand0784.asc
ncols         21
nrows         20
xllcorner     100.000000
yllcorner     100.000000
cellsize      50.000000
NODATA_value  -9999.0
0.000000 0.000000 0.000000 0.000000 0.000000 0.000000 0.000000 0.000000 0.000000 0.000000 0.000000 0.000000 0.000000 0.000000 0.000000 0.000000 0.000000 0.000000 0.000000 0.000000 0.000000
0.000000 0.000000 0.300029 0.300029 0.300029 0.300029 0.300029 0.300029 0.300029 0.300029 0.300029 0.300029 0.300029 0.300029 0.300029 0.300029 0.300029 0.300029 0.300029 0.000000 0.000000
0.000000 0.000000 0.300005 0.300005 0.300006 0.300005 0.300005 0.300005 0.300005 0.300005 0.300005 0.300005 0.300005 0.300005 0.300005 0.300005 0.300006 0.300005 0.300005 0.000000 0.000000
0.000000 0.000000 0.299351 0.299352 0.299356 0.299354 0.299351 0.299351 0.299351 0.299351 0.299351 0.299351 0.299351 0.299351 0.299351 0.299354 0.299356 0.299352 0.299351 0.000000 0.000000
0.000000 0.000000 0.297056 0.297058 0.297062 0.297063 0.297056 0.297056 0.297057 0.297056 0.297056 0.297056 0.297057 0.297056 0.297056 0.297063 0.297062 0.297058 0.297056 0.000000 0.000000
0.000000 0.000000 0.294454 0.294455 0.294459 0.294459 0.294454 0.294454 0.294454 0.294454 0.294454 0.294454 0.294454 0.294454 0.294454 0.294459 0.294459 0.294455 0.294454 0.000000 0.000000
0.000000 0.000000 0.291998 0.292000 0.292003 0.292002 0.291998 0.291999 0.291999 0.291998 0.291998 0.291998 0.291999 0.291999 0.291998 0.292002 0.292003 0.292000 0.291998 0.000000 0.000000
0.000000 0.000000 0.289716 0.289717 0.289720 0.289720 0.289716 0.289716 0.289717 0.289716 0.289716 0.289716 0.289717 0.289716 0.289716 0.289720 0.289720 0.289717 0.289716 0.000000 0.000000
0.000000 0.000000 0.287561 0.287562 0.287565 0.287564 0.287561 0.287561 0.287561 0.287561 0.287561 0.287561 0.287561 0.287561 0.287561 0.287564 0.287565 0.287562 0.287561 0.000000 0.000000
0.000000 0.000000 0.285486 0.285486 0.285489 0.285489 0.285486 0.285486 0.285486 0.285486 0.285486 0.285486 0.285486 0.285486 0.285486 0.285489 0.285489 0.285486 0.285486 0.000000 0.000000
0.000000 0.000000 0.283471 0.283472 0.283475 0.283474 0.283471 0.283471 0.283471 0.283471 0.283471 0.283471 0.283471 0.283471 0.283471 0.283474 0.283475 0.283472 0.283471 0.000000 0.000000
0.000000 0.000000 0.281497 0.281498 0.281500 0.281500 0.281497 0.281497 0.281497 0.281497 0.281497 0.281497 0.281497 0.281497 0.281497 0.281500 0.281500 0.281498 0.281497 0.000000 0.000000
0.000000 0.000000 0.279557 0.279558 0.279560 0.279560 0.279557 0.279557 0.279557 0.279557 0.279557 0.279557 0.279557 0.279557 0.279557 0.279560 0.279560 0.279558 0.279557 0.000000 0.000000
0.000000 0.000000 0.277645 0.277646 0.277648 0.277648 0.277645 0.277645 0.277645 0.277645 0.277645 0.277645 0.277645 0.277645 0.277645 0.277648 0.277648 0.277646 0.277645 0.000000 0.000000
0.000000 0.000000 0.275751 0.275752 0.275754 0.275754 0.275751 0.275751 0.275751 0.275751 0.275751 0.275751 0.275751 0.275751 0.275751 0.275754 0.275754 0.275752 0.275751 0.000000 0.000000
0.000000 0.000000 0.273869 0.273870 0.273872 0.273872 0.273869 0.273869 0.273869 0.273869 0.273869 0.273869 0.273869 0.273869 0.273869 0.273872 0.273872 0.273870 0.273869 0.000000 0.000000
0.000000 0.000000 0.272004 0.272005 0.272007 0.272007 0.272004 0.272004 0.272004 0.272004 0.272004 0.272004 0.272004 0.272004 0.272004 0.272007 0.272007 0.272005 0.272004 0.000000 0.000000
0.000000 0.000000 0.270116 0.270116 0.270119 0.270118 0.270115 0.270115 0.270116 0.270115 0.270115 0.270115 0.270116 0.270115 0.270115 0.270118 0.270119 0.270116 0.270115 0.000000 0.000000
0.000000 0.000000 0.300000 0.300000 0.300000 0.300000 0.300000 0.300000 0.300000 0.300000 0.300000 0.300000 0.300000 0.300000 0.300000 0.300000 0.300000 0.300000 0.300000 0.000000 0.000000
0.000000 0.000000 0.000000 0.000000 0.000000 0.000000 0.000000 0.000000 0.000000 0.000000 0.000000 0.000000 0.000000 0.000000 0.000000 0.000000 0.000000 0.000000 0.000000 0.000000 0.000000