geotop/1.0zi/1.0Montebello/Templates/testdem/maps/_Eocsilt3492.asc
ncols         21
nrows         20
xllcorner     100.000000
yllcorner     100.000000
cellsize      50.000000
NODATA_value  -9999.0
0.000000 0.000000 0.000000 0.000000 0.000000 0.000000 0.000000 0.000000 0.000000 0.000000 0.000000 0.000000 0.000000 0.000000 0.000000 0.000000 0.000000 0.000000 0.000000 0.000000 0.000000
0.000000 0.000000 0.350093 0.350093 0.350093 0.350093 0.350093 0.350093 0.350093 0.350093 0.350092 0.350093 0.350093 0.350093 0.350093 0.350093 0.350093 0.350093 0.350093 0.000000 0.000000
0.000000 0.000000 0.349994 0.349994 0.349994 0.349994 0.349994 0.349994 0.349994 0.349994 0.349994 0.349994 0.349994 0.349994 0.349994 0.349994 0.349994 0.349994 0.349994 0.000000 0.000000
0.000000 0.000000 0.351375 0.351374 0.351372 0.351373 0.351375 0.351375 0.351374 0.351375 0.351375 0.351375 0.351374 0.351375 0.351375 0.351373 0.351372 0.351374 0.351375 0.000000 0.000000
0.000000 0.000000 0.356287 0.356287 0.356285 0.356285 0.356288 0.356286 0.356286 0.356287 0.356288 0.356287 0.356286 0.356286 0.356288 0.356285 0.356285 0.356287 0.356287 0.000000 0.000000
0.000000 0.000000 0.362343 0.362342 0.362340 0.362341 0.362343 0.362342 0.362342 0.362343 0.362343 0.362343 0.362342 0.362342 0.362343 0.362341 0.362340 0.362342 0.362343 0.000000 0.000000
0.000000 0.000000 0.367826 0.367825 0.367824 0.367824 0.367826 0.367825 0.367825 0.367825 0.367826 0.367825 0.367825 0.367825 0.367826 0.367824 0.367824 0.367825 0.367826 0.000000 0.000000
0.000000 0.000000 0.372777 0.372777 0.372775 0.372776 0.372777 0.372777 0.372777 0.372777 0.372778 0.372777 0.372777 0.372777 0.372777 0.372776 0.372775 0.372777 0.372777 0.000000 0.000000
0.000000 0.000000 0.377340 0.377340 0.377339 0.377339 0.377340 0.377340 0.377340 0.377340 0.377341 0.377340 0.377340 0.377340 0.377340 0.377339 0.377339 0.377340 0.377340 0.000000 0.000000
0.000000 0.000000 0.381623 0.381623 0.381621 0.381622 0.381623 0.381622 0.381622 0.381623 0.381623 0.381623 0.381622 0.381622 0.381623 0.381622 0.381621 0.381623 0.381623 0.000000 0.000000
0.000000 0.000000 0.385681 0.385681 0.385680 0.385680 0.385682 0.385681 0.385681 0.385681 0.385682 0.385681 0.385681 0.385681 0.385682 0.385680 0.385680 0.385681 0.385681 0.000000 0.000000
0.000000 0.000000 0.389556 0.389556 0.389554 0.389555 0.389556 0.389555 0.389555 0.389556 0.389556 0.389556 0.389555 0.389555 0.389556 0.389555 0.389554 0.389556 0.389556 0.000000 0.000000
0.000000 0.000000 0.393275 0.393275 0.393274 0.393274 0.393276 0.393275 0.393275 0.393275 0.393276 0.393275 0.393275 0.393275 0.393276 0.393274 0.393274 0.393275 0.393275 0.000000 0.000000
0.000000 0.000000 0.396868 0.396868 0.396867 0.396867 0.396869 0.396868 0.396868 0.396868 0.396869 0.396868 0.396868 0.396868 0.396869 0.396867 0.396867 0.396868 0.396868 0.000000 0.000000
0.000000 0.000000 0.400346 0.400346 0.400345 0.400345 0.400346 0.400346 0.400346 0.400346 0.400346 0.400346 0.400346 0.400346 0.400346 0.400345 0.400345 0.400346 0.400346 0.000000 0.000000
0.000000 0.000000 0.403713 0.403713 0.403712 0.403713 0.403714 0.403713 0.403713 0.403713 0.403714 0.403713 0.403713 0.403713 0.403714 0.403713 0.403712 0.403713 0.403713 0.000000 0.000000
0.000000 0.000000 0.406984 0.406983 0.406982 0.406983 0.406984 0.406983 0.406983 0.406984 0.406984 0.406984 0.406983 0.406983 0.406984 0.406983 0.406982 0.406983 0.406984 0.000000 0.000000
0.000000 0.000000 0.410209 0.410209 0.410208 0.410208 0.410209 0.410209 0.410209 0.410209 0.410210 0.410209 0.410209 0.410209 0.410209 0.410208 0.410208 0.410209 0.410209 0.000000 0.000000
0.000000 0.000000 0.350000 0.350000 0.350000 0.350000 0.350000 0.350000 0.350000 0.350000 0.350000 0.350000 0.350000 0.350000 0.350000 0.350000 0.350000 0.350000 0.350000 0.000000 0.000000
0.000000 0.000000 0.000000 0.000000 0.000000 0.000000 0.000000 0.000000 0.000000 0.000000 0.000000 0.000000 0.000000 0.000000 0.000000 0.000000 0.000000 0.000000 0.000000 0.000000 0.000000