geotop/1.0zi/1.0Montebello/Templates/testdem/maps/_Eocsilt9076.asc
ncols         21
nrows         20
xllcorner     100.000000
yllcorner     100.000000
cellsize      50.000000
NODATA_value  -9999.0
0.000000 0.000000 0.000000 0.000000 0.000000 0.000000 0.000000 0.000000 0.000000 0.000000 0.000000 0.000000 0.000000 0.000000 0.000000 0.000000 0.000000 0.000000 0.000000 0.000000 0.000000
0.000000 0.000000 0.350194 0.350194 0.350194 0.350194 0.350194 0.350194 0.350194 0.350194 0.350194 0.350194 0.350194 0.350194 0.350194 0.350194 0.350195 0.350194 0.350194 0.000000 0.000000
0.000000 0.000000 0.350005 0.350005 0.350006 0.350005 0.350006 0.350006 0.350006 0.350006 0.350006 0.350006 0.350007 0.350007 0.350006 0.350005 0.350004 0.350004 0.350005 0.000000 0.000000
0.000000 0.000000 0.350123 0.350119 0.350114 0.350109 0.350109 0.350104 0.350107 0.350108 0.350105 0.350107 0.350107 0.350107 0.350110 0.350114 0.350119 0.350119 0.350122 0.000000 0.000000
0.000000 0.000000 0.351265 0.351269 0.351258 0.351242 0.351233 0.351228 0.351230 0.351227 0.351227 0.351229 0.351233 0.351231 0.351244 0.351251 0.351254 0.351257 0.351260 0.000000 0.000000
0.000000 0.000000 0.354509 0.354504 0.354489 0.354470 0.354442 0.354420 0.354418 0.354412 0.354416 0.354416 0.354420 0.354417 0.354432 0.354450 0.354460 0.354464 0.354471 0.000000 0.000000
0.000000 0.000000 0.359110 0.359100 0.359084 0.359052 0.359015 0.358969 0.358972 0.358969 0.358968 0.358966 0.358964 0.358968 0.359006 0.359035 0.359053 0.359065 0.359072 0.000000 0.000000
0.000000 0.000000 0.364541 0.364530 0.364518 0.364484 0.364446 0.364403 0.364405 0.364400 0.364397 0.364394 0.364392 0.364400 0.364436 0.364469 0.364498 0.364499 0.364513 0.000000 0.000000
0.000000 0.000000 0.370457 0.370440 0.370419 0.370394 0.370351 0.370300 0.370305 0.370295 0.370290 0.370288 0.370290 0.370288 0.370339 0.370377 0.370400 0.370406 0.370420 0.000000 0.000000
0.000000 0.000000 0.376846 0.376826 0.376811 0.376786 0.376726 0.376681 0.376683 0.376677 0.376668 0.376672 0.376678 0.376676 0.376717 0.376765 0.376790 0.376796 0.376803 0.000000 0.000000
0.000000 0.000000 0.383928 0.383913 0.383898 0.383838 0.383799 0.383741 0.383757 0.383723 0.383728 0.383724 0.383712 0.383732 0.383775 0.383804 0.383840 0.383851 0.383879 0.000000 0.000000
0.000000 0.000000 0.392000 0.391972 0.391935 0.391904 0.391850 0.391779 0.391778 0.391775 0.391787 0.391760 0.391772 0.391771 0.391848 0.391889 0.391907 0.391914 0.391977 0.000000 0.000000
0.000000 0.000000 0.400927 0.400895 0.400885 0.400822 0.400778 0.400570 0.400570 0.400560 0.400495 0.400532 0.400539 0.400559 0.400719 0.400757 0.400832 0.400829 0.400853 0.000000 0.000000
0.000000 0.000000 0.411740 0.411726 0.411666 0.411628 0.411338 0.411405 0.411350 0.411353 0.411382 0.411351 0.411345 0.411320 0.411263 0.411568 0.411590 0.411656 0.411704 0.000000 0.000000
0.000000 0.000000 0.424492 0.424450 0.424384 0.424010 0.424106 0.423904 0.423840 0.423821 0.423746 0.423709 0.423750 0.423748 0.423941 0.423858 0.424346 0.424234 0.424228 0.000000 0.000000
0.000000 0.000000 0.437605 0.437574 0.437067 0.437281 0.437211 0.437211 0.437424 0.437365 0.437477 0.437451 0.437360 0.437482 0.437447 0.437506 0.437009 0.437750 0.437738 0.000000 0.000000
0.000000 0.000000 0.451585 0.450993 0.451186 0.450922 0.450627 0.450537 0.450341 0.450388 0.450189 0.450212 0.450327 0.450206 0.450367 0.450584 0.451154 0.450709 0.451318 0.000000 0.000000
0.000000 0.000000 0.455839 0.456204 0.456582 0.456550 0.456542 0.456171 0.456224 0.456119 0.456283 0.456247 0.456227 0.456278 0.456590 0.456596 0.456633 0.456310 0.455945 0.000000 0.000000
0.000000 0.000000 0.350000 0.350000 0.350000 0.350000 0.350000 0.350000 0.350000 0.350000 0.350000 0.350000 0.350000 0.350000 0.350000 0.350000 0.350000 0.350000 0.350000 0.000000 0.000000
0.000000 0.000000 0.000000 0.000000 0.000000 0.000000 0.000000 0.000000 0.000000 0.000000 0.000000 0.000000 0.000000 0.000000 0.000000 0.000000 0.000000 0.000000 0.000000 0.000000 0.000000