geotop/1.0zi/1.0Montebello/Templates/testdem/maps/_Eocclay5300.asc
ncols         21
nrows         20
xllcorner     100.000000
yllcorner     100.000000
cellsize      50.000000
NODATA_value  -9999.0
0.000000 0.000000 0.000000 0.000000 0.000000 0.000000 0.000000 0.000000 0.000000 0.000000 0.000000 0.000000 0.000000 0.000000 0.000000 0.000000 0.000000 0.000000 0.000000 0.000000 0.000000
0.000000 0.000000 0.349764 0.349765 0.349765 0.349765 0.349765 0.349765 0.349765 0.349765 0.349765 0.349765 0.349765 0.349765 0.349765 0.349765 0.349765 0.349765 0.349765 0.000000 0.000000
0.000000 0.000000 0.349990 0.349991 0.349991 0.349991 0.349990 0.349990 0.349990 0.349990 0.349990 0.349990 0.349990 0.349991 0.349990 0.349990 0.349990 0.349990 0.349990 0.000000 0.000000
0.000000 0.000000 0.349989 0.349991 0.349989 0.349990 0.349991 0.349991 0.349991 0.349990 0.349991 0.349990 0.349990 0.349989 0.349991 0.349993 0.349991 0.349992 0.349991 0.000000 0.000000
0.000000 0.000000 0.350390 0.350390 0.350391 0.350386 0.350376 0.350372 0.350373 0.350376 0.350373 0.350375 0.350370 0.350369 0.350374 0.350372 0.350377 0.350379 0.350381 0.000000 0.000000
0.000000 0.000000 0.351828 0.351830 0.351825 0.351808 0.351803 0.351788 0.351787 0.351784 0.351787 0.351787 0.351791 0.351791 0.351793 0.351804 0.351809 0.351820 0.351825 0.000000 0.000000
0.000000 0.000000 0.353927 0.353925 0.353924 0.353909 0.353891 0.353866 0.353866 0.353863 0.353865 0.353867 0.353868 0.353866 0.353883 0.353902 0.353911 0.353919 0.353925 0.000000 0.000000
0.000000 0.000000 0.356461 0.356461 0.356460 0.356442 0.356424 0.356398 0.356398 0.356396 0.356397 0.356397 0.356395 0.356399 0.356417 0.356433 0.356447 0.356452 0.356460 0.000000 0.000000
0.000000 0.000000 0.359023 0.359021 0.359016 0.359006 0.358988 0.358963 0.358965 0.358960 0.358958 0.358960 0.358960 0.358957 0.358980 0.358998 0.359010 0.359013 0.359020 0.000000 0.000000
0.000000 0.000000 0.361609 0.361604 0.361604 0.361596 0.361570 0.361547 0.361549 0.361546 0.361543 0.361547 0.361550 0.361547 0.361565 0.361586 0.361599 0.361601 0.361606 0.000000 0.000000
0.000000 0.000000 0.364276 0.364273 0.364274 0.364256 0.364238 0.364213 0.364218 0.364206 0.364206 0.364208 0.364205 0.364212 0.364225 0.364238 0.364253 0.364260 0.364271 0.000000 0.000000
0.000000 0.000000 0.367052 0.367047 0.367041 0.367027 0.367013 0.366982 0.366984 0.366976 0.366984 0.366977 0.366978 0.366980 0.367006 0.367018 0.367028 0.367032 0.367061 0.000000 0.000000
0.000000 0.000000 0.369885 0.369879 0.369878 0.369863 0.369850 0.369791 0.369791 0.369786 0.369774 0.369781 0.369786 0.369790 0.369832 0.369843 0.369865 0.369867 0.369888 0.000000 0.000000
0.000000 0.000000 0.372930 0.372926 0.372920 0.372911 0.372856 0.372839 0.372826 0.372825 0.372820 0.372823 0.372824 0.372822 0.372829 0.372883 0.372903 0.372917 0.372938 0.000000 0.000000
0.000000 0.000000 0.376255 0.376252 0.376239 0.376183 0.376165 0.376132 0.376108 0.376104 0.376093 0.376089 0.376095 0.376090 0.376113 0.376141 0.376224 0.376218 0.376231 0.000000 0.000000
0.000000 0.000000 0.379742 0.379737 0.379668 0.379652 0.379647 0.379625 0.379637 0.379628 0.379633 0.379625 0.379618 0.379631 0.379643 0.379652 0.379653 0.379743 0.379746 0.000000 0.000000
0.000000 0.000000 0.383677 0.383583 0.383543 0.383515 0.383471 0.383448 0.383442 0.383439 0.383420 0.383416 0.383424 0.383422 0.383446 0.383480 0.383533 0.383565 0.383658 0.000000 0.000000
0.000000 0.000000 0.386654 0.386647 0.386727 0.386701 0.386667 0.386579 0.386575 0.386556 0.386566 0.386561 0.386568 0.386569 0.386651 0.386672 0.386739 0.386654 0.386667 0.000000 0.000000
0.000000 0.000000 0.350000 0.350000 0.350000 0.350000 0.350000 0.350000 0.350000 0.350000 0.350000 0.350000 0.350000 0.350000 0.350000 0.350000 0.350000 0.350000 0.350000 0.000000 0.000000
0.000000 0.000000 0.000000 0.000000 0.000000 0.000000 0.000000 0.000000 0.000000 0.000000 0.000000 0.000000 0.000000 0.000000 0.000000 0.000000 0.000000 0.000000 0.000000 0.000000 0.000000