geotop/1.0zi/1.0Montebello/Templates/testdem/maps/_Eocsilt1274.asc
ncols         21
nrows         20
xllcorner     100.000000
yllcorner     100.000000
cellsize      50.000000
NODATA_value  -9999.0
0.000000 0.000000 0.000000 0.000000 0.000000 0.000000 0.000000 0.000000 0.000000 0.000000 0.000000 0.000000 0.000000 0.000000 0.000000 0.000000 0.000000 0.000000 0.000000 0.000000 0.000000
0.000000 0.000000 0.350025 0.350025 0.350025 0.350025 0.350025 0.350025 0.350025 0.350025 0.350025 0.350025 0.350025 0.350025 0.350025 0.350025 0.350025 0.350025 0.350025 0.000000 0.000000
0.000000 0.000000 0.350000 0.350000 0.350000 0.350000 0.350000 0.350000 0.350000 0.350000 0.350000 0.350000 0.350000 0.350000 0.350000 0.350000 0.350000 0.350000 0.350000 0.000000 0.000000
0.000000 0.000000 0.350570 0.350569 0.350567 0.350568 0.350570 0.350570 0.350570 0.350570 0.350570 0.350570 0.350570 0.350570 0.350570 0.350568 0.350567 0.350569 0.350570 0.000000 0.000000
0.000000 0.000000 0.352371 0.352370 0.352368 0.352368 0.352371 0.352370 0.352370 0.352371 0.352371 0.352371 0.352370 0.352370 0.352371 0.352368 0.352368 0.352370 0.352371 0.000000 0.000000
0.000000 0.000000 0.354572 0.354571 0.354569 0.354570 0.354572 0.354572 0.354571 0.354572 0.354572 0.354572 0.354571 0.354572 0.354572 0.354570 0.354569 0.354571 0.354572 0.000000 0.000000
0.000000 0.000000 0.356596 0.356595 0.356594 0.356594 0.356596 0.356596 0.356596 0.356596 0.356596 0.356596 0.356596 0.356596 0.356596 0.356594 0.356594 0.356595 0.356596 0.000000 0.000000
0.000000 0.000000 0.358452 0.358452 0.358450 0.358451 0.358453 0.358452 0.358452 0.358453 0.358453 0.358453 0.358452 0.358452 0.358453 0.358451 0.358450 0.358452 0.358452 0.000000 0.000000
0.000000 0.000000 0.360192 0.360191 0.360190 0.360190 0.360192 0.360191 0.360191 0.360192 0.360192 0.360192 0.360191 0.360191 0.360192 0.360190 0.360190 0.360191 0.360192 0.000000 0.000000
0.000000 0.000000 0.361859 0.361858 0.361857 0.361857 0.361859 0.361858 0.361858 0.361859 0.361859 0.361859 0.361858 0.361858 0.361859 0.361857 0.361857 0.361858 0.361859 0.000000 0.000000
0.000000 0.000000 0.363471 0.363471 0.363469 0.363470 0.363471 0.363471 0.363471 0.363471 0.363471 0.363471 0.363471 0.363471 0.363471 0.363470 0.363469 0.363471 0.363471 0.000000 0.000000
0.000000 0.000000 0.365045 0.365045 0.365044 0.365044 0.365046 0.365045 0.365045 0.365046 0.365046 0.365046 0.365045 0.365045 0.365046 0.365044 0.365044 0.365045 0.365045 0.000000 0.000000
0.000000 0.000000 0.366594 0.366593 0.366592 0.366592 0.366594 0.366593 0.366593 0.366594 0.366594 0.366594 0.366593 0.366593 0.366594 0.366592 0.366592 0.366593 0.366594 0.000000 0.000000
0.000000 0.000000 0.368115 0.368115 0.368113 0.368114 0.368115 0.368115 0.368115 0.368115 0.368115 0.368115 0.368115 0.368115 0.368115 0.368114 0.368113 0.368115 0.368115 0.000000 0.000000
0.000000 0.000000 0.369617 0.369616 0.369615 0.369616 0.369617 0.369617 0.369617 0.369617 0.369617 0.369617 0.369617 0.369617 0.369617 0.369616 0.369615 0.369616 0.369617 0.000000 0.000000
0.000000 0.000000 0.371105 0.371105 0.371103 0.371104 0.371105 0.371105 0.371105 0.371105 0.371105 0.371105 0.371105 0.371105 0.371105 0.371104 0.371103 0.371105 0.371105 0.000000 0.000000
0.000000 0.000000 0.372579 0.372578 0.372577 0.372577 0.372579 0.372578 0.372578 0.372579 0.372579 0.372579 0.372578 0.372578 0.372579 0.372577 0.372577 0.372578 0.372579 0.000000 0.000000
0.000000 0.000000 0.374079 0.374079 0.374078 0.374078 0.374079 0.374079 0.374079 0.374079 0.374079 0.374079 0.374079 0.374079 0.374079 0.374078 0.374078 0.374079 0.374079 0.000000 0.000000
0.000000 0.000000 0.350000 0.350000 0.350000 0.350000 0.350000 0.350000 0.350000 0.350000 0.350000 0.350000 0.350000 0.350000 0.350000 0.350000 0.350000 0.350000 0.350000 0.000000 0.000000
0.000000 0.000000 0.000000 0.000000 0.000000 0.000000 0.000000 0.000000 0.000000 0.000000 0.000000 0.000000 0.000000 0.000000 0.000000 0.000000 0.000000 0.000000 0.000000 0.000000 0.000000