geotop/1.0zi/1.0Montebello/Templates/testdem/maps/_Eocsand9411.asc
ncols         21
nrows         20
xllcorner     100.000000
yllcorner     100.000000
cellsize      50.000000
NODATA_value  -9999.0
0.000000 0.000000 0.000000 0.000000 0.000000 0.000000 0.000000 0.000000 0.000000 0.000000 0.000000 0.000000 0.000000 0.000000 0.000000 0.000000 0.000000 0.000000 0.000000 0.000000 0.000000
0.000000 0.000000 0.300242 0.300239 0.300239 0.300239 0.300238 0.300238 0.300238 0.300238 0.300239 0.300238 0.300238 0.300239 0.300238 0.300238 0.300240 0.300240 0.300239 0.000000 0.000000
0.000000 0.000000 0.300012 0.300013 0.300013 0.300011 0.300013 0.300013 0.300013 0.300013 0.300013 0.300013 0.300012 0.300012 0.300012 0.300012 0.300013 0.300014 0.300014 0.000000 0.000000
0.000000 0.000000 0.299843 0.299842 0.299849 0.299856 0.299855 0.299860 0.299853 0.299854 0.299854 0.299853 0.299851 0.299853 0.299848 0.299843 0.299840 0.299839 0.299839 0.000000 0.000000
0.000000 0.000000 0.297303 0.297303 0.297322 0.297349 0.297377 0.297384 0.297384 0.297385 0.297386 0.297379 0.297375 0.297374 0.297352 0.297340 0.297327 0.297317 0.297304 0.000000 0.000000
0.000000 0.000000 0.290183 0.290193 0.290231 0.290284 0.290344 0.290396 0.290393 0.290404 0.290399 0.290397 0.290387 0.290390 0.290361 0.290311 0.290285 0.290265 0.290251 0.000000 0.000000
0.000000 0.000000 0.280375 0.280393 0.280425 0.280488 0.280568 0.280676 0.280666 0.280675 0.280677 0.280675 0.280676 0.280669 0.280588 0.280523 0.280484 0.280456 0.280439 0.000000 0.000000
0.000000 0.000000 0.268746 0.268767 0.268795 0.268870 0.268952 0.269049 0.269043 0.269054 0.269059 0.269063 0.269066 0.269047 0.268970 0.268900 0.268837 0.268823 0.268794 0.000000 0.000000
0.000000 0.000000 0.256052 0.256082 0.256124 0.256178 0.256273 0.256388 0.256373 0.256395 0.256405 0.256408 0.256402 0.256404 0.256296 0.256213 0.256164 0.256144 0.256117 0.000000 0.000000
0.000000 0.000000 0.242169 0.242207 0.242240 0.242299 0.242427 0.242533 0.242526 0.242540 0.242559 0.242547 0.242531 0.242534 0.242448 0.242341 0.242282 0.242261 0.242246 0.000000 0.000000
0.000000 0.000000 0.226546 0.226573 0.226602 0.226741 0.226823 0.226963 0.226925 0.226999 0.226987 0.226995 0.227018 0.226972 0.226878 0.226812 0.226730 0.226696 0.226631 0.000000 0.000000
0.000000 0.000000 0.208520 0.208583 0.208665 0.208730 0.208851 0.209023 0.209018 0.209028 0.208998 0.209061 0.209028 0.209030 0.208861 0.208763 0.208718 0.208691 0.208552 0.000000 0.000000
0.000000 0.000000 0.188356 0.188411 0.188429 0.188584 0.188685 0.189177 0.189172 0.189197 0.189352 0.189257 0.189239 0.189190 0.188824 0.188734 0.188557 0.188543 0.188497 0.000000 0.000000
0.000000 0.000000 0.163570 0.163588 0.163729 0.163821 0.164512 0.164323 0.164452 0.164448 0.164364 0.164442 0.164453 0.164511 0.164688 0.163947 0.163904 0.163727 0.163616 0.000000 0.000000
0.000000 0.000000 0.134552 0.134636 0.134779 0.135675 0.135381 0.135910 0.136047 0.136097 0.136284 0.136359 0.136252 0.136247 0.135763 0.136031 0.134854 0.135114 0.135140 0.000000 0.000000
0.000000 0.000000 0.106159 0.106213 0.107335 0.106788 0.106977 0.106951 0.106454 0.106585 0.106322 0.106369 0.106576 0.106300 0.106424 0.106263 0.107466 0.105764 0.105788 0.000000 0.000000
0.000000 0.000000 0.078440 0.079545 0.079161 0.079671 0.080233 0.080419 0.080797 0.080707 0.081091 0.081044 0.080819 0.081051 0.080740 0.080323 0.079223 0.080084 0.078933 0.000000 0.000000
0.000000 0.000000 0.069400 0.068898 0.068220 0.068334 0.068412 0.069071 0.069018 0.069188 0.068950 0.069004 0.069012 0.068948 0.068387 0.068326 0.068146 0.068772 0.069264 0.000000 0.000000
0.000000 0.000000 0.300000 0.300000 0.300000 0.300000 0.300000 0.300000 0.300000 0.300000 0.300000 0.300000 0.300000 0.300000 0.300000 0.300000 0.300000 0.300000 0.300000 0.000000 0.000000
0.000000 0.000000 0.000000 0.000000 0.000000 0.000000 0.000000 0.000000 0.000000 0.000000 0.000000 0.000000 0.000000 0.000000 0.000000 0.000000 0.000000 0.000000 0.000000 0.000000 0.000000