geotop/1.0zi/1.0Montebello/Templates/testdem/maps/_Eocsilt9266.asc
ncols         21
nrows         20
xllcorner     100.000000
yllcorner     100.000000
cellsize      50.000000
NODATA_value  -9999.0
0.000000 0.000000 0.000000 0.000000 0.000000 0.000000 0.000000 0.000000 0.000000 0.000000 0.000000 0.000000 0.000000 0.000000 0.000000 0.000000 0.000000 0.000000 0.000000 0.000000 0.000000
0.000000 0.000000 0.350196 0.350196 0.350196 0.350197 0.350196 0.350196 0.350196 0.350196 0.350196 0.350196 0.350196 0.350196 0.350196 0.350196 0.350197 0.350197 0.350196 0.000000 0.000000
0.000000 0.000000 0.350006 0.350005 0.350006 0.350005 0.350006 0.350006 0.350006 0.350006 0.350006 0.350006 0.350007 0.350007 0.350006 0.350005 0.350004 0.350004 0.350005 0.000000 0.000000
0.000000 0.000000 0.350122 0.350119 0.350113 0.350109 0.350109 0.350104 0.350107 0.350107 0.350104 0.350107 0.350107 0.350107 0.350109 0.350113 0.350119 0.350119 0.350121 0.000000 0.000000
0.000000 0.000000 0.351269 0.351274 0.351263 0.351247 0.351237 0.351232 0.351234 0.351231 0.351231 0.351232 0.351237 0.351235 0.351248 0.351255 0.351258 0.351262 0.351265 0.000000 0.000000
0.000000 0.000000 0.354568 0.354563 0.354548 0.354528 0.354498 0.354475 0.354472 0.354467 0.354470 0.354470 0.354474 0.354472 0.354487 0.354507 0.354518 0.354523 0.354531 0.000000 0.000000
0.000000 0.000000 0.359285 0.359276 0.359260 0.359228 0.359188 0.359138 0.359143 0.359139 0.359137 0.359136 0.359133 0.359139 0.359176 0.359206 0.359226 0.359239 0.359247 0.000000 0.000000
0.000000 0.000000 0.364866 0.364855 0.364842 0.364807 0.364767 0.364722 0.364724 0.364718 0.364715 0.364712 0.364710 0.364719 0.364755 0.364790 0.364821 0.364824 0.364839 0.000000 0.000000
0.000000 0.000000 0.370959 0.370943 0.370922 0.370896 0.370850 0.370795 0.370801 0.370790 0.370784 0.370782 0.370784 0.370783 0.370836 0.370876 0.370900 0.370908 0.370922 0.000000 0.000000
0.000000 0.000000 0.377568 0.377549 0.377533 0.377505 0.377444 0.377394 0.377396 0.377389 0.377379 0.377383 0.377390 0.377389 0.377430 0.377481 0.377509 0.377517 0.377525 0.000000 0.000000
0.000000 0.000000 0.384932 0.384918 0.384905 0.384839 0.384800 0.384735 0.384751 0.384716 0.384721 0.384715 0.384704 0.384725 0.384770 0.384802 0.384840 0.384854 0.384885 0.000000 0.000000
0.000000 0.000000 0.393371 0.393340 0.393303 0.393271 0.393214 0.393134 0.393135 0.393129 0.393142 0.393111 0.393126 0.393125 0.393205 0.393250 0.393272 0.393282 0.393347 0.000000 0.000000
0.000000 0.000000 0.402745 0.402717 0.402708 0.402637 0.402590 0.402365 0.402366 0.402354 0.402283 0.402322 0.402330 0.402352 0.402520 0.402562 0.402643 0.402647 0.402671 0.000000 0.000000
0.000000 0.000000 0.414166 0.414155 0.414092 0.414048 0.413739 0.413814 0.413754 0.413754 0.413787 0.413751 0.413746 0.413721 0.413649 0.413980 0.414004 0.414079 0.414131 0.000000 0.000000
0.000000 0.000000 0.427577 0.427537 0.427470 0.427069 0.427184 0.426954 0.426887 0.426864 0.426781 0.426741 0.426788 0.426789 0.426999 0.426898 0.427424 0.427308 0.427300 0.000000 0.000000
0.000000 0.000000 0.441053 0.441025 0.440504 0.440738 0.440660 0.440661 0.440885 0.440822 0.440938 0.440912 0.440818 0.440945 0.440898 0.440964 0.440436 0.441210 0.441200 0.000000 0.000000
0.000000 0.000000 0.454728 0.454179 0.454362 0.454114 0.453837 0.453747 0.453563 0.453605 0.453416 0.453437 0.453546 0.453434 0.453585 0.453790 0.454326 0.453908 0.454478 0.000000 0.000000
0.000000 0.000000 0.459196 0.459464 0.459804 0.459754 0.459722 0.459392 0.459423 0.459335 0.459460 0.459430 0.459422 0.459458 0.459737 0.459762 0.459839 0.459530 0.459265 0.000000 0.000000
0.000000 0.000000 0.350000 0.350000 0.350000 0.350000 0.350000 0.350000 0.350000 0.350000 0.350000 0.350000 0.350000 0.350000 0.350000 0.350000 0.350000 0.350000 0.350000 0.000000 0.000000
0.000000 0.000000 0.000000 0.000000 0.000000 0.000000 0.000000 0.000000 0.000000 0.000000 0.000000 0.000000 0.000000 0.000000 0.000000 0.000000 0.000000 0.000000 0.000000 0.000000 0.000000