geotop/1.0zi/1.0Montebello/Templates/testdem/maps/_Eocsilt6296.asc
ncols         21
nrows         20
xllcorner     100.000000
yllcorner     100.000000
cellsize      50.000000
NODATA_value  -9999.0
0.000000 0.000000 0.000000 0.000000 0.000000 0.000000 0.000000 0.000000 0.000000 0.000000 0.000000 0.000000 0.000000 0.000000 0.000000 0.000000 0.000000 0.000000 0.000000 0.000000 0.000000
0.000000 0.000000 0.350126 0.350127 0.350127 0.350127 0.350126 0.350127 0.350127 0.350127 0.350127 0.350126 0.350126 0.350126 0.350126 0.350127 0.350127 0.350127 0.350126 0.000000 0.000000
0.000000 0.000000 0.350002 0.350002 0.350002 0.350002 0.350003 0.350002 0.350003 0.350003 0.350003 0.350003 0.350003 0.350003 0.350003 0.350002 0.350001 0.350001 0.350002 0.000000 0.000000
0.000000 0.000000 0.350051 0.350048 0.350048 0.350042 0.350043 0.350041 0.350044 0.350044 0.350043 0.350042 0.350042 0.350042 0.350045 0.350048 0.350049 0.350050 0.350050 0.000000 0.000000
0.000000 0.000000 0.350603 0.350609 0.350606 0.350601 0.350597 0.350592 0.350591 0.350588 0.350587 0.350588 0.350590 0.350591 0.350596 0.350599 0.350600 0.350609 0.350613 0.000000 0.000000
0.000000 0.000000 0.352291 0.352295 0.352288 0.352273 0.352261 0.352243 0.352242 0.352237 0.352242 0.352244 0.352244 0.352241 0.352248 0.352256 0.352266 0.352270 0.352276 0.000000 0.000000
0.000000 0.000000 0.354841 0.354839 0.354831 0.354811 0.354787 0.354763 0.354764 0.354761 0.354762 0.354762 0.354759 0.354763 0.354783 0.354804 0.354814 0.354825 0.354833 0.000000 0.000000
0.000000 0.000000 0.357956 0.357956 0.357954 0.357934 0.357911 0.357883 0.357883 0.357880 0.357880 0.357879 0.357877 0.357881 0.357904 0.357926 0.357943 0.357947 0.357957 0.000000 0.000000
0.000000 0.000000 0.361235 0.361231 0.361220 0.361207 0.361185 0.361153 0.361154 0.361148 0.361146 0.361146 0.361147 0.361145 0.361175 0.361198 0.361215 0.361221 0.361231 0.000000 0.000000
0.000000 0.000000 0.364560 0.364555 0.364550 0.364540 0.364508 0.364480 0.364482 0.364478 0.364474 0.364477 0.364481 0.364478 0.364502 0.364529 0.364546 0.364549 0.364556 0.000000 0.000000
0.000000 0.000000 0.367999 0.367997 0.367993 0.367969 0.367948 0.367917 0.367924 0.367908 0.367909 0.367910 0.367905 0.367914 0.367934 0.367951 0.367969 0.367979 0.367994 0.000000 0.000000
0.000000 0.000000 0.371649 0.371643 0.371631 0.371614 0.371594 0.371556 0.371556 0.371549 0.371557 0.371548 0.371550 0.371553 0.371589 0.371605 0.371618 0.371624 0.371660 0.000000 0.000000
0.000000 0.000000 0.375429 0.375421 0.375416 0.375397 0.375378 0.375299 0.375298 0.375292 0.375274 0.375283 0.375289 0.375296 0.375355 0.375371 0.375401 0.375404 0.375429 0.000000 0.000000
0.000000 0.000000 0.379580 0.379575 0.379562 0.379548 0.379468 0.379451 0.379433 0.379432 0.379427 0.379430 0.379428 0.379426 0.379435 0.379517 0.379541 0.379562 0.379588 0.000000 0.000000
0.000000 0.000000 0.384205 0.384201 0.384181 0.384094 0.384071 0.384023 0.383994 0.383989 0.383973 0.383961 0.383973 0.383968 0.384006 0.384040 0.384162 0.384151 0.384166 0.000000 0.000000
0.000000 0.000000 0.389153 0.389148 0.389029 0.389016 0.389010 0.388982 0.389009 0.388994 0.389007 0.388994 0.388980 0.389006 0.389024 0.389034 0.389013 0.389164 0.389167 0.000000 0.000000
0.000000 0.000000 0.394925 0.394762 0.394720 0.394672 0.394591 0.394558 0.394539 0.394540 0.394501 0.394499 0.394516 0.394506 0.394549 0.394610 0.394708 0.394722 0.394892 0.000000 0.000000
0.000000 0.000000 0.398891 0.398928 0.399079 0.399044 0.398997 0.398845 0.398844 0.398809 0.398839 0.398829 0.398837 0.398843 0.398983 0.399017 0.399104 0.398951 0.398925 0.000000 0.000000
0.000000 0.000000 0.350000 0.350000 0.350000 0.350000 0.350000 0.350000 0.350000 0.350000 0.350000 0.350000 0.350000 0.350000 0.350000 0.350000 0.350000 0.350000 0.350000 0.000000 0.000000
0.000000 0.000000 0.000000 0.000000 0.000000 0.000000 0.000000 0.000000 0.000000 0.000000 0.000000 0.000000 0.000000 0.000000 0.000000 0.000000 0.000000 0.000000 0.000000 0.000000 0.000000