geotop/1.0zi/1.0Montebello/Templates/testdem/maps/_Eocsilt9901.asc
ncols         21
nrows         20
xllcorner     100.000000
yllcorner     100.000000
cellsize      50.000000
NODATA_value  -9999.0
0.000000 0.000000 0.000000 0.000000 0.000000 0.000000 0.000000 0.000000 0.000000 0.000000 0.000000 0.000000 0.000000 0.000000 0.000000 0.000000 0.000000 0.000000 0.000000 0.000000 0.000000
0.000000 0.000000 0.350212 0.350211 0.350212 0.350212 0.350211 0.350211 0.350211 0.350211 0.350211 0.350211 0.350211 0.350211 0.350211 0.350211 0.350212 0.350212 0.350211 0.000000 0.000000
0.000000 0.000000 0.350008 0.350008 0.350008 0.350007 0.350009 0.350008 0.350008 0.350009 0.350009 0.350008 0.350009 0.350009 0.350008 0.350007 0.350006 0.350006 0.350007 0.000000 0.000000
0.000000 0.000000 0.350151 0.350148 0.350141 0.350137 0.350137 0.350131 0.350135 0.350136 0.350133 0.350137 0.350138 0.350137 0.350139 0.350143 0.350148 0.350149 0.350151 0.000000 0.000000
0.000000 0.000000 0.351499 0.351505 0.351495 0.351474 0.351465 0.351458 0.351461 0.351458 0.351458 0.351460 0.351466 0.351464 0.351478 0.351487 0.351490 0.351496 0.351500 0.000000 0.000000
0.000000 0.000000 0.355217 0.355211 0.355196 0.355168 0.355134 0.355107 0.355105 0.355101 0.355100 0.355101 0.355106 0.355102 0.355122 0.355146 0.355158 0.355166 0.355172 0.000000 0.000000
0.000000 0.000000 0.360499 0.360487 0.360470 0.360430 0.360388 0.360333 0.360336 0.360333 0.360327 0.360325 0.360323 0.360327 0.360372 0.360405 0.360426 0.360441 0.360448 0.000000 0.000000
0.000000 0.000000 0.366769 0.366755 0.366740 0.366694 0.366648 0.366598 0.366600 0.366594 0.366587 0.366583 0.366582 0.366589 0.366632 0.366670 0.366704 0.366709 0.366724 0.000000 0.000000
0.000000 0.000000 0.373690 0.373670 0.373644 0.373607 0.373555 0.373493 0.373499 0.373488 0.373478 0.373476 0.373480 0.373476 0.373537 0.373583 0.373609 0.373620 0.373633 0.000000 0.000000
0.000000 0.000000 0.381337 0.381311 0.381290 0.381251 0.381194 0.381129 0.381131 0.381124 0.381108 0.381113 0.381121 0.381117 0.381167 0.381225 0.381256 0.381267 0.381273 0.000000 0.000000
0.000000 0.000000 0.390038 0.390015 0.389996 0.389910 0.389883 0.389797 0.389816 0.389775 0.389775 0.389769 0.389755 0.389777 0.389833 0.389871 0.389913 0.389928 0.389965 0.000000 0.000000
0.000000 0.000000 0.400223 0.400176 0.400124 0.400083 0.400037 0.399928 0.399926 0.399923 0.399932 0.399895 0.399913 0.399906 0.400006 0.400063 0.400086 0.400099 0.400174 0.000000 0.000000
0.000000 0.000000 0.411704 0.411661 0.411648 0.411567 0.411510 0.411223 0.411217 0.411201 0.411096 0.411158 0.411163 0.411187 0.411403 0.411451 0.411557 0.411561 0.411578 0.000000 0.000000
0.000000 0.000000 0.425835 0.425816 0.425721 0.425665 0.425265 0.425411 0.425326 0.425328 0.425381 0.425323 0.425314 0.425269 0.425138 0.425577 0.425589 0.425691 0.425752 0.000000 0.000000
0.000000 0.000000 0.441423 0.441376 0.441303 0.440808 0.441027 0.440714 0.440649 0.440618 0.440500 0.440465 0.440519 0.440525 0.440800 0.440593 0.441234 0.441080 0.441056 0.000000 0.000000
0.000000 0.000000 0.454448 0.454424 0.453954 0.454191 0.454106 0.454123 0.454327 0.454272 0.454379 0.454361 0.454272 0.454382 0.454321 0.454401 0.453880 0.454593 0.454583 0.000000 0.000000
0.000000 0.000000 0.464449 0.464194 0.464198 0.464122 0.463977 0.463950 0.463898 0.463909 0.463838 0.463845 0.463882 0.463847 0.463896 0.464008 0.464169 0.464100 0.464363 0.000000 0.000000
0.000000 0.000000 0.469880 0.469725 0.469864 0.469766 0.469651 0.469548 0.469495 0.469489 0.469451 0.469453 0.469488 0.469457 0.469570 0.469656 0.469855 0.469644 0.469804 0.000000 0.000000
0.000000 0.000000 0.350000 0.350000 0.350000 0.350000 0.350000 0.350000 0.350000 0.350000 0.350000 0.350000 0.350000 0.350000 0.350000 0.350000 0.350000 0.350000 0.350000 0.000000 0.000000
0.000000 0.000000 0.000000 0.000000 0.000000 0.000000 0.000000 0.000000 0.000000 0.000000 0.000000 0.000000 0.000000 0.000000 0.000000 0.000000 0.000000 0.000000 0.000000 0.000000 0.000000