geotop/1.0zi/1.0Montebello/Templates/testdem/maps/_Eocsand059{.asc
ncols         21
nrows         20
xllcorner     100.000000
yllcorner     100.000000
cellsize      50.000000
NODATA_value  -9999.0
0.000000 0.000000 0.000000 0.000000 0.000000 0.000000 0.000000 0.000000 0.000000 0.000000 0.000000 0.000000 0.000000 0.000000 0.000000 0.000000 0.000000 0.000000 0.000000 0.000000 0.000000
0.000000 0.000000 0.300271 0.300269 0.300269 0.300270 0.300269 0.300269 0.300269 0.300269 0.300270 0.300269 0.300269 0.300269 0.300269 0.300269 0.300270 0.300270 0.300269 0.000000 0.000000
0.000000 0.000000 0.300012 0.300014 0.300014 0.300012 0.300014 0.300014 0.300013 0.300013 0.300014 0.300014 0.300013 0.300013 0.300013 0.300013 0.300014 0.300015 0.300015 0.000000 0.000000
0.000000 0.000000 0.299722 0.299717 0.299728 0.299736 0.299735 0.299741 0.299734 0.299736 0.299735 0.299733 0.299732 0.299734 0.299728 0.299722 0.299720 0.299717 0.299719 0.000000 0.000000
0.000000 0.000000 0.296275 0.296282 0.296300 0.296340 0.296371 0.296384 0.296382 0.296383 0.296386 0.296378 0.296372 0.296373 0.296350 0.296334 0.296314 0.296301 0.296288 0.000000 0.000000
0.000000 0.000000 0.287413 0.287426 0.287469 0.287546 0.287617 0.287681 0.287675 0.287683 0.287687 0.287685 0.287674 0.287680 0.287644 0.287583 0.287549 0.287524 0.287512 0.000000 0.000000
0.000000 0.000000 0.275359 0.275386 0.275423 0.275513 0.275604 0.275732 0.275727 0.275733 0.275746 0.275746 0.275748 0.275744 0.275644 0.275569 0.275520 0.275486 0.275471 0.000000 0.000000
0.000000 0.000000 0.260929 0.260962 0.261003 0.261122 0.261223 0.261343 0.261340 0.261350 0.261365 0.261371 0.261376 0.261358 0.261265 0.261180 0.261102 0.261083 0.261053 0.000000 0.000000
0.000000 0.000000 0.244769 0.244815 0.244882 0.244975 0.245094 0.245238 0.245223 0.245243 0.245266 0.245270 0.245264 0.245273 0.245139 0.245035 0.244973 0.244944 0.244918 0.000000 0.000000
0.000000 0.000000 0.226422 0.226488 0.226547 0.226650 0.226785 0.226939 0.226935 0.226946 0.226982 0.226969 0.226953 0.226960 0.226853 0.226716 0.226639 0.226606 0.226596 0.000000 0.000000
0.000000 0.000000 0.204881 0.204937 0.204992 0.205220 0.205283 0.205498 0.205450 0.205545 0.205541 0.205559 0.205597 0.205539 0.205412 0.205327 0.205216 0.205174 0.205082 0.000000 0.000000
0.000000 0.000000 0.178932 0.179056 0.179209 0.179313 0.179439 0.179716 0.179739 0.179726 0.179704 0.179785 0.179744 0.179778 0.179533 0.179384 0.179327 0.179286 0.179104 0.000000 0.000000
0.000000 0.000000 0.149428 0.149546 0.149583 0.149825 0.149977 0.150750 0.150769 0.150810 0.151112 0.150906 0.150908 0.150841 0.150283 0.150168 0.149870 0.149852 0.149848 0.000000 0.000000
0.000000 0.000000 0.114216 0.114267 0.114540 0.114678 0.115718 0.115205 0.115425 0.115416 0.115228 0.115416 0.115443 0.115579 0.116035 0.114891 0.114902 0.114628 0.114480 0.000000 0.000000
0.000000 0.000000 0.082317 0.082417 0.082542 0.083511 0.083004 0.083671 0.083772 0.083835 0.084091 0.084134 0.084032 0.084006 0.083434 0.083941 0.082684 0.082997 0.083064 0.000000 0.000000
0.000000 0.000000 0.061690 0.061738 0.062322 0.062183 0.062221 0.062295 0.062068 0.062135 0.062044 0.062071 0.062161 0.062032 0.062038 0.062009 0.062444 0.061648 0.061671 0.000000 0.000000
0.000000 0.000000 0.047205 0.047417 0.047635 0.047619 0.047754 0.047792 0.047741 0.047756 0.047769 0.047778 0.047789 0.047764 0.047742 0.047642 0.047716 0.047449 0.047259 0.000000 0.000000
0.000000 0.000000 0.037879 0.038006 0.038051 0.038064 0.038182 0.038264 0.038248 0.038265 0.038270 0.038275 0.038271 0.038264 0.038188 0.038108 0.038097 0.038047 0.037920 0.000000 0.000000
0.000000 0.000000 0.300000 0.300000 0.300000 0.300000 0.300000 0.300000 0.300000 0.300000 0.300000 0.300000 0.300000 0.300000 0.300000 0.300000 0.300000 0.300000 0.300000 0.000000 0.000000
0.000000 0.000000 0.000000 0.000000 0.000000 0.000000 0.000000 0.000000 0.000000 0.000000 0.000000 0.000000 0.000000 0.000000 0.000000 0.000000 0.000000 0.000000 0.000000 0.000000 0.000000