geotop/1.0zi/1.0Montebello/Templates/testdem/maps/_Eocclay011Z.asc
ncols         21
nrows         20
xllcorner     100.000000
yllcorner     100.000000
cellsize      50.000000
NODATA_value  -9999.0
0.000000 0.000000 0.000000 0.000000 0.000000 0.000000 0.000000 0.000000 0.000000 0.000000 0.000000 0.000000 0.000000 0.000000 0.000000 0.000000 0.000000 0.000000 0.000000 0.000000 0.000000
0.000000 0.000000 0.349537 0.349540 0.349539 0.349538 0.349540 0.349540 0.349540 0.349540 0.349539 0.349540 0.349540 0.349540 0.349540 0.349540 0.349538 0.349539 0.349539 0.000000 0.000000
0.000000 0.000000 0.349982 0.349980 0.349980 0.349982 0.349979 0.349979 0.349980 0.349979 0.349979 0.349979 0.349979 0.349979 0.349980 0.349981 0.349981 0.349981 0.349979 0.000000 0.000000
0.000000 0.000000 0.350040 0.350045 0.350042 0.350037 0.350038 0.350038 0.350042 0.350040 0.350043 0.350041 0.350041 0.350040 0.350043 0.350046 0.350044 0.350045 0.350043 0.000000 0.000000
0.000000 0.000000 0.351552 0.351547 0.351539 0.351525 0.351506 0.351503 0.351500 0.351502 0.351499 0.351504 0.351504 0.351505 0.351516 0.351521 0.351532 0.351537 0.351545 0.000000 0.000000
0.000000 0.000000 0.355674 0.355669 0.355644 0.355603 0.355570 0.355538 0.355543 0.355538 0.355536 0.355536 0.355543 0.355540 0.355558 0.355590 0.355606 0.355619 0.355624 0.000000 0.000000
0.000000 0.000000 0.361212 0.361201 0.361184 0.361143 0.361101 0.361040 0.361041 0.361036 0.361030 0.361031 0.361032 0.361032 0.361083 0.361119 0.361140 0.361154 0.361161 0.000000 0.000000
0.000000 0.000000 0.367808 0.367795 0.367775 0.367724 0.367676 0.367621 0.367622 0.367617 0.367609 0.367607 0.367605 0.367614 0.367660 0.367698 0.367733 0.367743 0.367757 0.000000 0.000000
0.000000 0.000000 0.375091 0.375073 0.375045 0.375004 0.374950 0.374886 0.374892 0.374882 0.374871 0.374869 0.374871 0.374868 0.374932 0.374979 0.375006 0.375017 0.375029 0.000000 0.000000
0.000000 0.000000 0.383243 0.383215 0.383192 0.383147 0.383086 0.383018 0.383019 0.383012 0.382996 0.383002 0.383010 0.383006 0.383058 0.383120 0.383153 0.383167 0.383172 0.000000 0.000000
0.000000 0.000000 0.392659 0.392636 0.392612 0.392517 0.392487 0.392394 0.392414 0.392371 0.392371 0.392364 0.392349 0.392374 0.392434 0.392472 0.392520 0.392537 0.392576 0.000000 0.000000
0.000000 0.000000 0.403802 0.403753 0.403692 0.403645 0.403593 0.403475 0.403471 0.403471 0.403480 0.403439 0.403459 0.403451 0.403560 0.403623 0.403648 0.403663 0.403743 0.000000 0.000000
0.000000 0.000000 0.416506 0.416462 0.416447 0.416350 0.416286 0.415962 0.415956 0.415939 0.415817 0.415892 0.415896 0.415925 0.416167 0.416219 0.416340 0.416346 0.416359 0.000000 0.000000
0.000000 0.000000 0.432326 0.432309 0.432195 0.432129 0.431666 0.431852 0.431753 0.431758 0.431827 0.431755 0.431746 0.431691 0.431529 0.432034 0.432043 0.432162 0.432230 0.000000 0.000000
0.000000 0.000000 0.449612 0.449561 0.449480 0.448908 0.449183 0.448812 0.448741 0.448707 0.448565 0.448533 0.448594 0.448605 0.448932 0.448666 0.449403 0.449222 0.449188 0.000000 0.000000
0.000000 0.000000 0.463693 0.463667 0.463132 0.463418 0.463310 0.463340 0.463577 0.463518 0.463643 0.463624 0.463521 0.463646 0.463566 0.463667 0.463047 0.463867 0.463854 0.000000 0.000000
0.000000 0.000000 0.475086 0.474720 0.474785 0.474643 0.474444 0.474395 0.474296 0.474320 0.474205 0.474219 0.474281 0.474217 0.474301 0.474452 0.474747 0.474555 0.474932 0.000000 0.000000
0.000000 0.000000 0.479995 0.480069 0.480272 0.480216 0.480155 0.479955 0.479957 0.479912 0.479960 0.479947 0.479953 0.479962 0.480139 0.480189 0.480278 0.480073 0.480001 0.000000 0.000000
0.000000 0.000000 0.350000 0.350000 0.350000 0.350000 0.350000 0.350000 0.350000 0.350000 0.350000 0.350000 0.350000 0.350000 0.350000 0.350000 0.350000 0.350000 0.350000 0.000000 0.000000
0.000000 0.000000 0.000000 0.000000 0.000000 0.000000 0.000000 0.000000 0.000000 0.000000 0.000000 0.000000 0.000000 0.000000 0.000000 0.000000 0.000000 0.000000 0.000000 0.000000 0.000000