geotop/1.0zi/1.0Montebello/Templates/testdem/maps/_Eocclay3188.asc
ncols         21
nrows         20
xllcorner     100.000000
yllcorner     100.000000
cellsize      50.000000
NODATA_value  -9999.0
0.000000 0.000000 0.000000 0.000000 0.000000 0.000000 0.000000 0.000000 0.000000 0.000000 0.000000 0.000000 0.000000 0.000000 0.000000 0.000000 0.000000 0.000000 0.000000 0.000000 0.000000
0.000000 0.000000 0.349825 0.349825 0.349825 0.349825 0.349825 0.349825 0.349825 0.349825 0.349824 0.349825 0.349825 0.349825 0.349825 0.349825 0.349825 0.349825 0.349825 0.000000 0.000000
0.000000 0.000000 0.349995 0.349995 0.349995 0.349995 0.349995 0.349995 0.349995 0.349995 0.349996 0.349995 0.349995 0.349995 0.349995 0.349995 0.349995 0.349995 0.349995 0.000000 0.000000
0.000000 0.000000 0.351260 0.351260 0.351258 0.351259 0.351260 0.351260 0.351260 0.351260 0.351260 0.351260 0.351260 0.351260 0.351260 0.351259 0.351258 0.351260 0.351260 0.000000 0.000000
0.000000 0.000000 0.356258 0.356257 0.356255 0.356255 0.356258 0.356257 0.356257 0.356259 0.356259 0.356259 0.356257 0.356257 0.356258 0.356255 0.356255 0.356257 0.356258 0.000000 0.000000
0.000000 0.000000 0.361761 0.361761 0.361759 0.361759 0.361762 0.361761 0.361761 0.361762 0.361762 0.361762 0.361761 0.361761 0.361762 0.361759 0.361759 0.361761 0.361761 0.000000 0.000000
0.000000 0.000000 0.366903 0.366902 0.366901 0.366901 0.366903 0.366902 0.366902 0.366903 0.366903 0.366903 0.366902 0.366902 0.366903 0.366901 0.366901 0.366902 0.366903 0.000000 0.000000
0.000000 0.000000 0.371580 0.371580 0.371578 0.371579 0.371580 0.371580 0.371580 0.371580 0.371581 0.371580 0.371580 0.371580 0.371580 0.371579 0.371578 0.371580 0.371580 0.000000 0.000000
0.000000 0.000000 0.375906 0.375906 0.375905 0.375905 0.375907 0.375906 0.375906 0.375907 0.375907 0.375907 0.375906 0.375906 0.375907 0.375905 0.375905 0.375906 0.375906 0.000000 0.000000
0.000000 0.000000 0.379984 0.379983 0.379982 0.379983 0.379984 0.379983 0.379983 0.379984 0.379984 0.379984 0.379983 0.379983 0.379984 0.379983 0.379982 0.379983 0.379984 0.000000 0.000000
0.000000 0.000000 0.383862 0.383862 0.383860 0.383861 0.383862 0.383861 0.383862 0.383862 0.383863 0.383862 0.383862 0.383861 0.383862 0.383861 0.383860 0.383862 0.383862 0.000000 0.000000
0.000000 0.000000 0.387578 0.387577 0.387576 0.387577 0.387578 0.387577 0.387577 0.387578 0.387578 0.387578 0.387577 0.387577 0.387578 0.387577 0.387576 0.387577 0.387578 0.000000 0.000000
0.000000 0.000000 0.391158 0.391157 0.391156 0.391157 0.391158 0.391157 0.391157 0.391158 0.391158 0.391158 0.391157 0.391157 0.391158 0.391157 0.391156 0.391157 0.391158 0.000000 0.000000
0.000000 0.000000 0.394632 0.394632 0.394631 0.394631 0.394633 0.394632 0.394632 0.394633 0.394633 0.394633 0.394632 0.394632 0.394633 0.394631 0.394631 0.394632 0.394632 0.000000 0.000000
0.000000 0.000000 0.398009 0.398009 0.398008 0.398008 0.398009 0.398009 0.398009 0.398009 0.398010 0.398009 0.398009 0.398009 0.398009 0.398008 0.398008 0.398009 0.398009 0.000000 0.000000
0.000000 0.000000 0.401294 0.401294 0.401293 0.401293 0.401294 0.401294 0.401294 0.401294 0.401295 0.401294 0.401294 0.401294 0.401294 0.401293 0.401293 0.401294 0.401294 0.000000 0.000000
0.000000 0.000000 0.404497 0.404497 0.404496 0.404496 0.404497 0.404497 0.404497 0.404498 0.404498 0.404498 0.404497 0.404497 0.404497 0.404496 0.404496 0.404497 0.404497 0.000000 0.000000
0.000000 0.000000 0.407687 0.407688 0.407686 0.407687 0.407688 0.407687 0.407688 0.407688 0.407688 0.407688 0.407688 0.407687 0.407688 0.407687 0.407686 0.407688 0.407688 0.000000 0.000000
0.000000 0.000000 0.350000 0.350000 0.350000 0.350000 0.350000 0.350000 0.350000 0.350000 0.350000 0.350000 0.350000 0.350000 0.350000 0.350000 0.350000 0.350000 0.350000 0.000000 0.000000
0.000000 0.000000 0.000000 0.000000 0.000000 0.000000 0.000000 0.000000 0.000000 0.000000 0.000000 0.000000 0.000000 0.000000 0.000000 0.000000 0.000000 0.000000 0.000000 0.000000 0.000000