geotop/1.0zi/1.0Montebello/Templates/testdem/maps/_Eocclay5476.asc
ncols         21
nrows         20
xllcorner     100.000000
yllcorner     100.000000
cellsize      50.000000
NODATA_value  -9999.0
0.000000 0.000000 0.000000 0.000000 0.000000 0.000000 0.000000 0.000000 0.000000 0.000000 0.000000 0.000000 0.000000 0.000000 0.000000 0.000000 0.000000 0.000000 0.000000 0.000000 0.000000
0.000000 0.000000 0.349754 0.349754 0.349754 0.349755 0.349755 0.349755 0.349754 0.349754 0.349754 0.349754 0.349754 0.349754 0.349755 0.349754 0.349754 0.349754 0.349754 0.000000 0.000000
0.000000 0.000000 0.349990 0.349990 0.349990 0.349990 0.349989 0.349990 0.349990 0.349990 0.349989 0.349989 0.349990 0.349990 0.349990 0.349990 0.349990 0.349990 0.349990 0.000000 0.000000
0.000000 0.000000 0.349986 0.349988 0.349986 0.349987 0.349989 0.349989 0.349989 0.349987 0.349989 0.349988 0.349988 0.349987 0.349989 0.349990 0.349988 0.349989 0.349988 0.000000 0.000000
0.000000 0.000000 0.350402 0.350402 0.350402 0.350397 0.350387 0.350383 0.350384 0.350387 0.350384 0.350386 0.350381 0.350381 0.350385 0.350383 0.350389 0.350391 0.350394 0.000000 0.000000
0.000000 0.000000 0.351889 0.351890 0.351885 0.351867 0.351861 0.351845 0.351845 0.351841 0.351844 0.351844 0.351847 0.351847 0.351850 0.351861 0.351866 0.351878 0.351882 0.000000 0.000000
0.000000 0.000000 0.354085 0.354083 0.354081 0.354065 0.354046 0.354020 0.354020 0.354017 0.354018 0.354021 0.354020 0.354018 0.354036 0.354056 0.354065 0.354073 0.354080 0.000000 0.000000
0.000000 0.000000 0.356767 0.356767 0.356766 0.356747 0.356728 0.356701 0.356701 0.356699 0.356700 0.356700 0.356697 0.356701 0.356720 0.356736 0.356750 0.356755 0.356764 0.000000 0.000000
0.000000 0.000000 0.359476 0.359474 0.359468 0.359458 0.359440 0.359412 0.359414 0.359410 0.359407 0.359409 0.359408 0.359406 0.359429 0.359448 0.359460 0.359463 0.359470 0.000000 0.000000
0.000000 0.000000 0.362211 0.362206 0.362205 0.362198 0.362170 0.362146 0.362148 0.362145 0.362141 0.362145 0.362148 0.362144 0.362164 0.362185 0.362198 0.362200 0.362206 0.000000 0.000000
0.000000 0.000000 0.365040 0.365037 0.365037 0.365019 0.365000 0.364972 0.364978 0.364966 0.364966 0.364968 0.364964 0.364970 0.364985 0.364998 0.365013 0.365021 0.365032 0.000000 0.000000
0.000000 0.000000 0.367993 0.367987 0.367981 0.367967 0.367951 0.367919 0.367920 0.367912 0.367921 0.367913 0.367913 0.367915 0.367942 0.367955 0.367965 0.367969 0.367999 0.000000 0.000000
0.000000 0.000000 0.371017 0.371010 0.371009 0.370994 0.370980 0.370916 0.370916 0.370910 0.370897 0.370905 0.370909 0.370914 0.370959 0.370970 0.370993 0.370995 0.371016 0.000000 0.000000
0.000000 0.000000 0.374280 0.374276 0.374270 0.374260 0.374200 0.374182 0.374168 0.374167 0.374162 0.374165 0.374165 0.374163 0.374169 0.374229 0.374248 0.374264 0.374286 0.000000 0.000000
0.000000 0.000000 0.377857 0.377854 0.377840 0.377779 0.377759 0.377723 0.377697 0.377694 0.377682 0.377677 0.377683 0.377677 0.377702 0.377732 0.377821 0.377814 0.377828 0.000000 0.000000
0.000000 0.000000 0.381624 0.381618 0.381542 0.381526 0.381520 0.381496 0.381510 0.381501 0.381507 0.381497 0.381488 0.381503 0.381516 0.381525 0.381523 0.381622 0.381625 0.000000 0.000000
0.000000 0.000000 0.385901 0.385795 0.385754 0.385723 0.385673 0.385646 0.385639 0.385637 0.385615 0.385611 0.385619 0.385615 0.385643 0.385680 0.385740 0.385770 0.385876 0.000000 0.000000
0.000000 0.000000 0.389088 0.389085 0.389178 0.389151 0.389108 0.389008 0.389005 0.388983 0.388995 0.388990 0.388996 0.388997 0.389088 0.389117 0.389187 0.389091 0.389100 0.000000 0.000000
0.000000 0.000000 0.350000 0.350000 0.350000 0.350000 0.350000 0.350000 0.350000 0.350000 0.350000 0.350000 0.350000 0.350000 0.350000 0.350000 0.350000 0.350000 0.350000 0.000000 0.000000
0.000000 0.000000 0.000000 0.000000 0.000000 0.000000 0.000000 0.000000 0.000000 0.000000 0.000000 0.000000 0.000000 0.000000 0.000000 0.000000 0.000000 0.000000 0.000000 0.000000 0.000000