geotop/1.0zi/1.0Montebello/Templates/testdem/maps/_Eocsand2544.asc
ncols         21
nrows         20
xllcorner     100.000000
yllcorner     100.000000
cellsize      50.000000
NODATA_value  -9999.0
0.000000 0.000000 0.000000 0.000000 0.000000 0.000000 0.000000 0.000000 0.000000 0.000000 0.000000 0.000000 0.000000 0.000000 0.000000 0.000000 0.000000 0.000000 0.000000 0.000000 0.000000
0.000000 0.000000 0.300074 0.300074 0.300074 0.300075 0.300074 0.300074 0.300074 0.300074 0.300076 0.300074 0.300074 0.300074 0.300074 0.300075 0.300074 0.300074 0.300074 0.000000 0.000000
0.000000 0.000000 0.300012 0.300013 0.300013 0.300012 0.300013 0.300012 0.300013 0.300013 0.300011 0.300013 0.300013 0.300012 0.300013 0.300012 0.300013 0.300013 0.300012 0.000000 0.000000
0.000000 0.000000 0.298377 0.298378 0.298382 0.298380 0.298377 0.298377 0.298377 0.298377 0.298377 0.298377 0.298377 0.298377 0.298377 0.298380 0.298382 0.298378 0.298377 0.000000 0.000000
0.000000 0.000000 0.291460 0.291462 0.291465 0.291465 0.291459 0.291461 0.291461 0.291458 0.291458 0.291458 0.291461 0.291461 0.291459 0.291465 0.291465 0.291462 0.291460 0.000000 0.000000
0.000000 0.000000 0.283005 0.283006 0.283009 0.283009 0.283004 0.283006 0.283006 0.283004 0.283003 0.283004 0.283006 0.283006 0.283004 0.283009 0.283009 0.283006 0.283005 0.000000 0.000000
0.000000 0.000000 0.275117 0.275118 0.275121 0.275121 0.275117 0.275118 0.275118 0.275116 0.275116 0.275116 0.275118 0.275118 0.275117 0.275121 0.275121 0.275118 0.275117 0.000000 0.000000
0.000000 0.000000 0.267891 0.267892 0.267894 0.267893 0.267890 0.267891 0.267891 0.267890 0.267889 0.267890 0.267891 0.267891 0.267890 0.267893 0.267894 0.267892 0.267891 0.000000 0.000000
0.000000 0.000000 0.261153 0.261154 0.261156 0.261156 0.261153 0.261154 0.261154 0.261152 0.261152 0.261152 0.261154 0.261154 0.261153 0.261156 0.261156 0.261154 0.261153 0.000000 0.000000
0.000000 0.000000 0.254752 0.254752 0.254755 0.254754 0.254751 0.254752 0.254752 0.254751 0.254750 0.254751 0.254752 0.254752 0.254751 0.254754 0.254755 0.254752 0.254752 0.000000 0.000000
0.000000 0.000000 0.248611 0.248612 0.248614 0.248613 0.248611 0.248612 0.248612 0.248610 0.248610 0.248610 0.248612 0.248612 0.248611 0.248613 0.248614 0.248612 0.248611 0.000000 0.000000
0.000000 0.000000 0.242676 0.242677 0.242679 0.242678 0.242676 0.242677 0.242677 0.242675 0.242675 0.242675 0.242677 0.242677 0.242676 0.242678 0.242679 0.242677 0.242676 0.000000 0.000000
0.000000 0.000000 0.236905 0.236905 0.236907 0.236907 0.236904 0.236905 0.236905 0.236904 0.236903 0.236904 0.236905 0.236905 0.236904 0.236907 0.236907 0.236905 0.236905 0.000000 0.000000
0.000000 0.000000 0.231268 0.231268 0.231271 0.231270 0.231267 0.231268 0.231268 0.231267 0.231267 0.231267 0.231268 0.231268 0.231267 0.231270 0.231271 0.231268 0.231268 0.000000 0.000000
0.000000 0.000000 0.225745 0.225746 0.225748 0.225747 0.225745 0.225746 0.225746 0.225744 0.225744 0.225744 0.225746 0.225746 0.225745 0.225747 0.225748 0.225746 0.225745 0.000000 0.000000
0.000000 0.000000 0.220328 0.220328 0.220331 0.220330 0.220327 0.220328 0.220328 0.220327 0.220327 0.220327 0.220328 0.220328 0.220327 0.220330 0.220331 0.220328 0.220328 0.000000 0.000000
0.000000 0.000000 0.215010 0.215011 0.215013 0.215012 0.215010 0.215010 0.215010 0.215009 0.215009 0.215009 0.215010 0.215010 0.215010 0.215012 0.215013 0.215011 0.215010 0.000000 0.000000
0.000000 0.000000 0.209716 0.209716 0.209718 0.209717 0.209715 0.209716 0.209716 0.209714 0.209714 0.209714 0.209716 0.209716 0.209715 0.209717 0.209718 0.209716 0.209715 0.000000 0.000000
0.000000 0.000000 0.300000 0.300000 0.300000 0.300000 0.300000 0.300000 0.300000 0.300000 0.300000 0.300000 0.300000 0.300000 0.300000 0.300000 0.300000 0.300000 0.300000 0.000000 0.000000
0.000000 0.000000 0.000000 0.000000 0.000000 0.000000 0.000000 0.000000 0.000000 0.000000 0.000000 0.000000 0.000000 0.000000 0.000000 0.000000 0.000000 0.000000 0.000000 0.000000 0.000000