geotop/1.0zi/1.0Montebello/Templates/testdem/maps/_Eocsilt097%.asc
ncols         21
nrows         20
xllcorner     100.000000
yllcorner     100.000000
cellsize      50.000000
NODATA_value  -9999.0
0.000000 0.000000 0.000000 0.000000 0.000000 0.000000 0.000000 0.000000 0.000000 0.000000 0.000000 0.000000 0.000000 0.000000 0.000000 0.000000 0.000000 0.000000 0.000000 0.000000 0.000000
0.000000 0.000000 0.350239 0.350239 0.350240 0.350240 0.350239 0.350239 0.350239 0.350239 0.350239 0.350239 0.350239 0.350239 0.350239 0.350239 0.350240 0.350240 0.350239 0.000000 0.000000
0.000000 0.000000 0.350011 0.350012 0.350012 0.350011 0.350012 0.350012 0.350012 0.350012 0.350013 0.350013 0.350013 0.350013 0.350012 0.350011 0.350010 0.350010 0.350011 0.000000 0.000000
0.000000 0.000000 0.350219 0.350218 0.350207 0.350204 0.350203 0.350194 0.350197 0.350200 0.350197 0.350200 0.350200 0.350204 0.350201 0.350206 0.350211 0.350215 0.350217 0.000000 0.000000
0.000000 0.000000 0.352032 0.352037 0.352026 0.352003 0.351990 0.351980 0.351986 0.351984 0.351980 0.351985 0.351990 0.351986 0.352002 0.352012 0.352018 0.352025 0.352031 0.000000 0.000000
0.000000 0.000000 0.356641 0.356636 0.356617 0.356584 0.356545 0.356514 0.356515 0.356511 0.356506 0.356509 0.356514 0.356510 0.356528 0.356558 0.356572 0.356585 0.356592 0.000000 0.000000
0.000000 0.000000 0.363025 0.363015 0.362992 0.362946 0.362897 0.362830 0.362834 0.362831 0.362822 0.362822 0.362819 0.362823 0.362873 0.362911 0.362937 0.362959 0.362965 0.000000 0.000000
0.000000 0.000000 0.370687 0.370674 0.370652 0.370594 0.370539 0.370475 0.370477 0.370472 0.370461 0.370459 0.370456 0.370464 0.370510 0.370556 0.370597 0.370607 0.370622 0.000000 0.000000
0.000000 0.000000 0.379376 0.379355 0.379318 0.379271 0.379207 0.379125 0.379133 0.379122 0.379108 0.379106 0.379108 0.379102 0.379173 0.379229 0.379261 0.379280 0.379292 0.000000 0.000000
0.000000 0.000000 0.389342 0.389310 0.389275 0.389226 0.389150 0.389064 0.389065 0.389060 0.389037 0.389044 0.389056 0.389051 0.389106 0.389180 0.389220 0.389240 0.389244 0.000000 0.000000
0.000000 0.000000 0.401169 0.401138 0.401108 0.400985 0.400950 0.400829 0.400861 0.400805 0.400807 0.400798 0.400775 0.400807 0.400872 0.400919 0.400978 0.401003 0.401053 0.000000 0.000000
0.000000 0.000000 0.415529 0.415461 0.415374 0.415326 0.415258 0.415097 0.415089 0.415101 0.415106 0.415060 0.415083 0.415068 0.415198 0.415282 0.415309 0.415335 0.415432 0.000000 0.000000
0.000000 0.000000 0.431551 0.431491 0.431477 0.431352 0.431270 0.430845 0.430832 0.430810 0.430639 0.430756 0.430751 0.430789 0.431087 0.431149 0.431310 0.431332 0.431316 0.000000 0.000000
0.000000 0.000000 0.449108 0.449098 0.448960 0.448906 0.448413 0.448680 0.448575 0.448581 0.448678 0.448579 0.448565 0.448498 0.448273 0.448819 0.448805 0.448933 0.448999 0.000000 0.000000
0.000000 0.000000 0.461910 0.461881 0.461828 0.461526 0.461646 0.461460 0.461420 0.461400 0.461325 0.461304 0.461339 0.461340 0.461503 0.461375 0.461767 0.461680 0.461662 0.000000 0.000000
0.000000 0.000000 0.469225 0.469202 0.469116 0.468991 0.469054 0.468957 0.468961 0.468943 0.468922 0.468908 0.468911 0.468929 0.469006 0.468945 0.469077 0.469121 0.469109 0.000000 0.000000
0.000000 0.000000 0.473582 0.473636 0.473458 0.473508 0.473543 0.473523 0.473605 0.473579 0.473625 0.473612 0.473576 0.473626 0.473615 0.473586 0.473421 0.473686 0.473607 0.000000 0.000000
0.000000 0.000000 0.477789 0.477614 0.477471 0.477457 0.477406 0.477456 0.477451 0.477469 0.477421 0.477426 0.477433 0.477426 0.477385 0.477421 0.477433 0.477563 0.477732 0.000000 0.000000
0.000000 0.000000 0.350000 0.350000 0.350000 0.350000 0.350000 0.350000 0.350000 0.350000 0.350000 0.350000 0.350000 0.350000 0.350000 0.350000 0.350000 0.350000 0.350000 0.000000 0.000000
0.000000 0.000000 0.000000 0.000000 0.000000 0.000000 0.000000 0.000000 0.000000 0.000000 0.000000 0.000000 0.000000 0.000000 0.000000 0.000000 0.000000 0.000000 0.000000 0.000000 0.000000