geotop/1.0zi/1.0Montebello/Templates/testdem/maps/_Eocsand6279.asc
ncols         21
nrows         20
xllcorner     100.000000
yllcorner     100.000000
cellsize      50.000000
NODATA_value  -9999.0
0.000000 0.000000 0.000000 0.000000 0.000000 0.000000 0.000000 0.000000 0.000000 0.000000 0.000000 0.000000 0.000000 0.000000 0.000000 0.000000 0.000000 0.000000 0.000000 0.000000 0.000000
0.000000 0.000000 0.300155 0.300153 0.300153 0.300154 0.300153 0.300152 0.300153 0.300153 0.300154 0.300153 0.300153 0.300153 0.300153 0.300153 0.300154 0.300154 0.300154 0.000000 0.000000
0.000000 0.000000 0.300008 0.300009 0.300009 0.300008 0.300009 0.300009 0.300009 0.300009 0.300009 0.300009 0.300008 0.300009 0.300009 0.300009 0.300010 0.300010 0.300011 0.000000 0.000000
0.000000 0.000000 0.299966 0.299965 0.299969 0.299974 0.299971 0.299973 0.299970 0.299973 0.299969 0.299972 0.299972 0.299972 0.299970 0.299965 0.299965 0.299962 0.299963 0.000000 0.000000
0.000000 0.000000 0.298832 0.298826 0.298832 0.298840 0.298857 0.298865 0.298866 0.298866 0.298870 0.298870 0.298872 0.298870 0.298857 0.298855 0.298849 0.298839 0.298827 0.000000 0.000000
0.000000 0.000000 0.295381 0.295377 0.295391 0.295428 0.295447 0.295484 0.295484 0.295494 0.295487 0.295483 0.295479 0.295482 0.295470 0.295448 0.295430 0.295414 0.295404 0.000000 0.000000
0.000000 0.000000 0.290200 0.290204 0.290216 0.290255 0.290301 0.290354 0.290354 0.290361 0.290358 0.290356 0.290359 0.290356 0.290314 0.290270 0.290249 0.290229 0.290213 0.000000 0.000000
0.000000 0.000000 0.283912 0.283912 0.283919 0.283961 0.284006 0.284065 0.284064 0.284070 0.284071 0.284072 0.284076 0.284067 0.284019 0.283978 0.283943 0.283934 0.283912 0.000000 0.000000
0.000000 0.000000 0.277369 0.277377 0.277397 0.277422 0.277467 0.277529 0.277526 0.277539 0.277544 0.277542 0.277543 0.277545 0.277486 0.277440 0.277408 0.277398 0.277378 0.000000 0.000000
0.000000 0.000000 0.270712 0.270723 0.270732 0.270753 0.270817 0.270873 0.270870 0.270877 0.270886 0.270879 0.270870 0.270877 0.270827 0.270774 0.270741 0.270735 0.270720 0.000000 0.000000
0.000000 0.000000 0.263785 0.263790 0.263798 0.263846 0.263889 0.263951 0.263937 0.263969 0.263968 0.263965 0.263974 0.263956 0.263916 0.263882 0.263845 0.263825 0.263796 0.000000 0.000000
0.000000 0.000000 0.256440 0.256452 0.256475 0.256510 0.256550 0.256627 0.256625 0.256641 0.256624 0.256643 0.256640 0.256634 0.256562 0.256528 0.256502 0.256491 0.256417 0.000000 0.000000
0.000000 0.000000 0.248821 0.248838 0.248848 0.248887 0.248923 0.249084 0.249085 0.249098 0.249133 0.249115 0.249103 0.249090 0.248971 0.248937 0.248878 0.248872 0.248822 0.000000 0.000000
0.000000 0.000000 0.240454 0.240463 0.240489 0.240518 0.240679 0.240713 0.240750 0.240751 0.240761 0.240756 0.240760 0.240765 0.240745 0.240579 0.240531 0.240490 0.240437 0.000000 0.000000
0.000000 0.000000 0.231124 0.231133 0.231172 0.231349 0.231395 0.231490 0.231550 0.231561 0.231593 0.231615 0.231591 0.231603 0.231525 0.231457 0.231212 0.231234 0.231202 0.000000 0.000000
0.000000 0.000000 0.221144 0.221154 0.221393 0.221419 0.221431 0.221488 0.221433 0.221464 0.221437 0.221464 0.221493 0.221440 0.221404 0.221385 0.221426 0.221122 0.221115 0.000000 0.000000
0.000000 0.000000 0.209487 0.209817 0.209902 0.210000 0.210162 0.210231 0.210268 0.210267 0.210346 0.210349 0.210314 0.210335 0.210247 0.210124 0.209927 0.209898 0.209554 0.000000 0.000000
0.000000 0.000000 0.201472 0.201398 0.201092 0.201163 0.201258 0.201564 0.201567 0.201639 0.201578 0.201598 0.201582 0.201569 0.201287 0.201217 0.201042 0.201352 0.201403 0.000000 0.000000
0.000000 0.000000 0.300000 0.300000 0.300000 0.300000 0.300000 0.300000 0.300000 0.300000 0.300000 0.300000 0.300000 0.300000 0.300000 0.300000 0.300000 0.300000 0.300000 0.000000 0.000000
0.000000 0.000000 0.000000 0.000000 0.000000 0.000000 0.000000 0.000000 0.000000 0.000000 0.000000 0.000000 0.000000 0.000000 0.000000 0.000000 0.000000 0.000000 0.000000 0.000000 0.000000