geotop/1.0zi/1.0Montebello/Templates/testdem/maps/_Eocsand8675.asc
ncols         21
nrows         20
xllcorner     100.000000
yllcorner     100.000000
cellsize      50.000000
NODATA_value  -9999.0
0.000000 0.000000 0.000000 0.000000 0.000000 0.000000 0.000000 0.000000 0.000000 0.000000 0.000000 0.000000 0.000000 0.000000 0.000000 0.000000 0.000000 0.000000 0.000000 0.000000 0.000000
0.000000 0.000000 0.300219 0.300216 0.300216 0.300217 0.300216 0.300215 0.300216 0.300216 0.300217 0.300216 0.300216 0.300216 0.300216 0.300216 0.300217 0.300217 0.300217 0.000000 0.000000
0.000000 0.000000 0.300012 0.300014 0.300013 0.300012 0.300013 0.300013 0.300013 0.300013 0.300013 0.300013 0.300012 0.300013 0.300013 0.300013 0.300014 0.300014 0.300015 0.000000 0.000000
0.000000 0.000000 0.299890 0.299890 0.299895 0.299905 0.299900 0.299907 0.299902 0.299905 0.299905 0.299905 0.299905 0.299906 0.299901 0.299895 0.299893 0.299890 0.299891 0.000000 0.000000
0.000000 0.000000 0.297794 0.297796 0.297811 0.297831 0.297857 0.297863 0.297868 0.297868 0.297869 0.297866 0.297864 0.297862 0.297841 0.297835 0.297821 0.297809 0.297797 0.000000 0.000000
0.000000 0.000000 0.291644 0.291650 0.291678 0.291731 0.291771 0.291814 0.291814 0.291827 0.291817 0.291817 0.291808 0.291812 0.291785 0.291751 0.291721 0.291701 0.291688 0.000000 0.000000
0.000000 0.000000 0.283061 0.283076 0.283097 0.283156 0.283227 0.283304 0.283304 0.283312 0.283311 0.283309 0.283311 0.283306 0.283236 0.283176 0.283140 0.283112 0.283096 0.000000 0.000000
0.000000 0.000000 0.272900 0.272912 0.272929 0.272996 0.273063 0.273147 0.273147 0.273158 0.273159 0.273163 0.273167 0.273151 0.273076 0.273019 0.272962 0.272947 0.272920 0.000000 0.000000
0.000000 0.000000 0.261939 0.261963 0.261996 0.262041 0.262118 0.262208 0.262202 0.262222 0.262226 0.262229 0.262225 0.262229 0.262136 0.262062 0.262017 0.261996 0.261972 0.000000 0.000000
0.000000 0.000000 0.250208 0.250236 0.250255 0.250301 0.250409 0.250490 0.250490 0.250499 0.250513 0.250503 0.250490 0.250495 0.250417 0.250329 0.250276 0.250258 0.250241 0.000000 0.000000
0.000000 0.000000 0.237295 0.237312 0.237334 0.237438 0.237510 0.237614 0.237585 0.237647 0.237632 0.237638 0.237658 0.237621 0.237543 0.237492 0.237419 0.237384 0.237335 0.000000 0.000000
0.000000 0.000000 0.222755 0.222804 0.222850 0.222909 0.223005 0.223125 0.223139 0.223147 0.223118 0.223165 0.223144 0.223143 0.223004 0.222929 0.222885 0.222857 0.222740 0.000000 0.000000
0.000000 0.000000 0.206811 0.206860 0.206868 0.206975 0.207049 0.207406 0.207413 0.207428 0.207532 0.207469 0.207453 0.207420 0.207140 0.207072 0.206931 0.206922 0.206867 0.000000 0.000000
0.000000 0.000000 0.187757 0.187772 0.187855 0.187926 0.188407 0.188329 0.188424 0.188421 0.188378 0.188418 0.188426 0.188463 0.188528 0.188022 0.187962 0.187830 0.187742 0.000000 0.000000
0.000000 0.000000 0.165083 0.165138 0.165238 0.165871 0.165768 0.166081 0.166210 0.166240 0.166353 0.166418 0.166346 0.166357 0.166040 0.166117 0.165290 0.165438 0.165434 0.000000 0.000000
0.000000 0.000000 0.140575 0.140620 0.141516 0.141206 0.141303 0.141338 0.140981 0.141084 0.140888 0.140940 0.141094 0.140874 0.140892 0.140822 0.141589 0.140265 0.140283 0.000000 0.000000
0.000000 0.000000 0.111359 0.112669 0.112291 0.112842 0.113498 0.113689 0.114093 0.113996 0.114409 0.114362 0.114118 0.114369 0.114019 0.113534 0.112330 0.113206 0.111842 0.000000 0.000000
0.000000 0.000000 0.102725 0.101551 0.100573 0.100567 0.100492 0.101453 0.101267 0.101555 0.101064 0.101160 0.101242 0.101075 0.100275 0.100331 0.100386 0.101117 0.102276 0.000000 0.000000
0.000000 0.000000 0.300000 0.300000 0.300000 0.300000 0.300000 0.300000 0.300000 0.300000 0.300000 0.300000 0.300000 0.300000 0.300000 0.300000 0.300000 0.300000 0.300000 0.000000 0.000000
0.000000 0.000000 0.000000 0.000000 0.000000 0.000000 0.000000 0.000000 0.000000 0.000000 0.000000 0.000000 0.000000 0.000000 0.000000 0.000000 0.000000 0.000000 0.000000 0.000000 0.000000