geotop/1.0zi/1.0Montebello/Templates/testdem/maps/_Eocclay108B.asc
ncols         21
nrows         20
xllcorner     100.000000
yllcorner     100.000000
cellsize      50.000000
NODATA_value  -9999.0
0.000000 0.000000 0.000000 0.000000 0.000000 0.000000 0.000000 0.000000 0.000000 0.000000 0.000000 0.000000 0.000000 0.000000 0.000000 0.000000 0.000000 0.000000 0.000000 0.000000 0.000000
0.000000 0.000000 0.349472 0.349475 0.349475 0.349474 0.349476 0.349476 0.349475 0.349476 0.349474 0.349476 0.349475 0.349475 0.349475 0.349475 0.349473 0.349474 0.349474 0.000000 0.000000
0.000000 0.000000 0.349977 0.349976 0.349975 0.349978 0.349975 0.349975 0.349976 0.349975 0.349975 0.349976 0.349975 0.349975 0.349976 0.349977 0.349977 0.349977 0.349976 0.000000 0.000000
0.000000 0.000000 0.350125 0.350137 0.350132 0.350128 0.350132 0.350132 0.350132 0.350130 0.350130 0.350128 0.350129 0.350130 0.350131 0.350134 0.350134 0.350133 0.350132 0.000000 0.000000
0.000000 0.000000 0.352202 0.352189 0.352182 0.352169 0.352146 0.352139 0.352136 0.352136 0.352133 0.352138 0.352138 0.352138 0.352147 0.352154 0.352166 0.352176 0.352185 0.000000 0.000000
0.000000 0.000000 0.357194 0.357189 0.357163 0.357118 0.357083 0.357047 0.357050 0.357044 0.357039 0.357040 0.357047 0.357043 0.357060 0.357098 0.357116 0.357134 0.357140 0.000000 0.000000
0.000000 0.000000 0.363812 0.363801 0.363781 0.363736 0.363691 0.363617 0.363613 0.363607 0.363598 0.363600 0.363600 0.363600 0.363655 0.363697 0.363721 0.363742 0.363749 0.000000 0.000000
0.000000 0.000000 0.371805 0.371791 0.371768 0.371706 0.371655 0.371586 0.371579 0.371572 0.371561 0.371560 0.371556 0.371565 0.371615 0.371661 0.371702 0.371716 0.371730 0.000000 0.000000
0.000000 0.000000 0.380881 0.380860 0.380825 0.380776 0.380716 0.380632 0.380630 0.380616 0.380602 0.380599 0.380601 0.380595 0.380668 0.380726 0.380758 0.380776 0.380789 0.000000 0.000000
0.000000 0.000000 0.391414 0.391379 0.391346 0.391294 0.391221 0.391131 0.391119 0.391111 0.391088 0.391095 0.391108 0.391102 0.391159 0.391238 0.391280 0.391301 0.391305 0.000000 0.000000
0.000000 0.000000 0.404092 0.404059 0.404030 0.403900 0.403871 0.403740 0.403760 0.403698 0.403701 0.403690 0.403665 0.403700 0.403769 0.403817 0.403881 0.403908 0.403961 0.000000 0.000000
0.000000 0.000000 0.419659 0.419584 0.419492 0.419445 0.419379 0.419207 0.419179 0.419192 0.419197 0.419145 0.419171 0.419152 0.419294 0.419387 0.419414 0.419442 0.419547 0.000000 0.000000
0.000000 0.000000 0.437150 0.437085 0.437077 0.436939 0.436859 0.436387 0.436356 0.436327 0.436134 0.436269 0.436262 0.436306 0.436635 0.436702 0.436881 0.436906 0.436881 0.000000 0.000000
0.000000 0.000000 0.456396 0.456387 0.456233 0.456178 0.455627 0.455953 0.455821 0.455827 0.455946 0.455829 0.455813 0.455734 0.455460 0.456081 0.456056 0.456203 0.456277 0.000000 0.000000
0.000000 0.000000 0.470729 0.470692 0.470632 0.470245 0.470439 0.470181 0.470133 0.470107 0.470005 0.469985 0.470030 0.470035 0.470260 0.470059 0.470564 0.470443 0.470414 0.000000 0.000000
0.000000 0.000000 0.479825 0.479800 0.479575 0.479580 0.479589 0.479533 0.479609 0.479577 0.479602 0.479585 0.479555 0.479605 0.479629 0.479619 0.479516 0.479799 0.479786 0.000000 0.000000
0.000000 0.000000 0.486933 0.486773 0.486754 0.486657 0.486598 0.486539 0.486511 0.486512 0.486463 0.486462 0.486484 0.486468 0.486525 0.486562 0.486708 0.486672 0.486816 0.000000 0.000000
0.000000 0.000000 0.490580 0.490701 0.490714 0.490724 0.490736 0.490622 0.490674 0.490635 0.490696 0.490680 0.490658 0.490693 0.490774 0.490761 0.490696 0.490734 0.490604 0.000000 0.000000
0.000000 0.000000 0.350000 0.350000 0.350000 0.350000 0.350000 0.350000 0.350000 0.350000 0.350000 0.350000 0.350000 0.350000 0.350000 0.350000 0.350000 0.350000 0.350000 0.000000 0.000000
0.000000 0.000000 0.000000 0.000000 0.000000 0.000000 0.000000 0.000000 0.000000 0.000000 0.000000 0.000000 0.000000 0.000000 0.000000 0.000000 0.000000 0.000000 0.000000 0.000000 0.000000