geotop/1.0zi/1.0Montebello/Templates/testdem/maps/_Eocsilt6225.asc
ncols         21
nrows         20
xllcorner     100.000000
yllcorner     100.000000
cellsize      50.000000
NODATA_value  -9999.0
0.000000 0.000000 0.000000 0.000000 0.000000 0.000000 0.000000 0.000000 0.000000 0.000000 0.000000 0.000000 0.000000 0.000000 0.000000 0.000000 0.000000 0.000000 0.000000 0.000000 0.000000
0.000000 0.000000 0.350121 0.350122 0.350122 0.350123 0.350122 0.350122 0.350122 0.350122 0.350123 0.350122 0.350122 0.350122 0.350122 0.350122 0.350123 0.350122 0.350122 0.000000 0.000000
0.000000 0.000000 0.350002 0.350002 0.350002 0.350002 0.350003 0.350002 0.350003 0.350003 0.350003 0.350003 0.350003 0.350003 0.350003 0.350002 0.350000 0.350000 0.350002 0.000000 0.000000
0.000000 0.000000 0.350051 0.350050 0.350048 0.350043 0.350044 0.350042 0.350044 0.350044 0.350043 0.350042 0.350043 0.350042 0.350045 0.350048 0.350050 0.350051 0.350051 0.000000 0.000000
0.000000 0.000000 0.350583 0.350587 0.350585 0.350580 0.350577 0.350572 0.350570 0.350568 0.350567 0.350568 0.350570 0.350571 0.350576 0.350579 0.350579 0.350588 0.350592 0.000000 0.000000
0.000000 0.000000 0.352228 0.352231 0.352224 0.352210 0.352198 0.352180 0.352179 0.352174 0.352179 0.352181 0.352182 0.352179 0.352185 0.352193 0.352202 0.352206 0.352212 0.000000 0.000000
0.000000 0.000000 0.354733 0.354730 0.354723 0.354703 0.354680 0.354655 0.354656 0.354653 0.354655 0.354655 0.354652 0.354656 0.354675 0.354696 0.354706 0.354717 0.354724 0.000000 0.000000
0.000000 0.000000 0.357798 0.357798 0.357796 0.357777 0.357754 0.357726 0.357727 0.357724 0.357723 0.357722 0.357721 0.357724 0.357747 0.357769 0.357786 0.357789 0.357800 0.000000 0.000000
0.000000 0.000000 0.361024 0.361019 0.361009 0.360996 0.360974 0.360943 0.360944 0.360938 0.360935 0.360936 0.360936 0.360935 0.360965 0.360987 0.361003 0.361009 0.361019 0.000000 0.000000
0.000000 0.000000 0.364289 0.364283 0.364279 0.364269 0.364238 0.364210 0.364212 0.364208 0.364204 0.364207 0.364211 0.364208 0.364232 0.364259 0.364274 0.364278 0.364285 0.000000 0.000000
0.000000 0.000000 0.367661 0.367658 0.367655 0.367631 0.367610 0.367580 0.367586 0.367571 0.367571 0.367573 0.367568 0.367577 0.367597 0.367614 0.367631 0.367641 0.367655 0.000000 0.000000
0.000000 0.000000 0.371233 0.371226 0.371216 0.371199 0.371179 0.371142 0.371143 0.371135 0.371143 0.371134 0.371136 0.371139 0.371174 0.371191 0.371203 0.371209 0.371244 0.000000 0.000000
0.000000 0.000000 0.374928 0.374919 0.374915 0.374896 0.374878 0.374800 0.374800 0.374793 0.374776 0.374785 0.374790 0.374797 0.374855 0.374871 0.374899 0.374902 0.374927 0.000000 0.000000
0.000000 0.000000 0.378976 0.378970 0.378958 0.378945 0.378868 0.378851 0.378833 0.378832 0.378827 0.378830 0.378828 0.378826 0.378836 0.378915 0.378939 0.378958 0.378984 0.000000 0.000000
0.000000 0.000000 0.383478 0.383472 0.383454 0.383370 0.383347 0.383301 0.383272 0.383267 0.383252 0.383241 0.383252 0.383247 0.383284 0.383318 0.383435 0.383425 0.383440 0.000000 0.000000
0.000000 0.000000 0.388287 0.388281 0.388168 0.388155 0.388149 0.388121 0.388146 0.388131 0.388143 0.388131 0.388117 0.388142 0.388161 0.388170 0.388153 0.388297 0.388300 0.000000 0.000000
0.000000 0.000000 0.393881 0.393724 0.393682 0.393636 0.393560 0.393526 0.393509 0.393509 0.393472 0.393470 0.393486 0.393477 0.393520 0.393578 0.393670 0.393688 0.393849 0.000000 0.000000
0.000000 0.000000 0.397767 0.397795 0.397939 0.397905 0.397858 0.397714 0.397712 0.397678 0.397706 0.397697 0.397704 0.397710 0.397843 0.397878 0.397963 0.397818 0.397798 0.000000 0.000000
0.000000 0.000000 0.350000 0.350000 0.350000 0.350000 0.350000 0.350000 0.350000 0.350000 0.350000 0.350000 0.350000 0.350000 0.350000 0.350000 0.350000 0.350000 0.350000 0.000000 0.000000
0.000000 0.000000 0.000000 0.000000 0.000000 0.000000 0.000000 0.000000 0.000000 0.000000 0.000000 0.000000 0.000000 0.000000 0.000000 0.000000 0.000000 0.000000 0.000000 0.000000 0.000000