geotop/1.0zi/1.0Montebello/Templates/testdem/maps/_Eocsand3358.asc
ncols         21
nrows         20
xllcorner     100.000000
yllcorner     100.000000
cellsize      50.000000
NODATA_value  -9999.0
0.000000 0.000000 0.000000 0.000000 0.000000 0.000000 0.000000 0.000000 0.000000 0.000000 0.000000 0.000000 0.000000 0.000000 0.000000 0.000000 0.000000 0.000000 0.000000 0.000000 0.000000
0.000000 0.000000 0.300090 0.300090 0.300090 0.300090 0.300090 0.300090 0.300090 0.300090 0.300092 0.300090 0.300090 0.300090 0.300090 0.300090 0.300090 0.300090 0.300090 0.000000 0.000000
0.000000 0.000000 0.300011 0.300011 0.300011 0.300011 0.300011 0.300011 0.300011 0.300011 0.300009 0.300011 0.300011 0.300011 0.300011 0.300011 0.300011 0.300011 0.300011 0.000000 0.000000
0.000000 0.000000 0.297368 0.297369 0.297374 0.297372 0.297369 0.297369 0.297369 0.297369 0.297368 0.297369 0.297369 0.297369 0.297369 0.297372 0.297374 0.297369 0.297368 0.000000 0.000000
0.000000 0.000000 0.287428 0.287429 0.287433 0.287433 0.287427 0.287429 0.287429 0.287426 0.287426 0.287426 0.287429 0.287429 0.287427 0.287433 0.287433 0.287429 0.287428 0.000000 0.000000
0.000000 0.000000 0.275871 0.275873 0.275876 0.275876 0.275870 0.275872 0.275872 0.275870 0.275869 0.275870 0.275872 0.275872 0.275870 0.275876 0.275876 0.275873 0.275871 0.000000 0.000000
0.000000 0.000000 0.265231 0.265232 0.265235 0.265234 0.265230 0.265232 0.265232 0.265230 0.265229 0.265230 0.265232 0.265232 0.265230 0.265234 0.265235 0.265232 0.265231 0.000000 0.000000
0.000000 0.000000 0.255581 0.255582 0.255585 0.255584 0.255580 0.255582 0.255582 0.255580 0.255579 0.255580 0.255582 0.255582 0.255580 0.255584 0.255585 0.255582 0.255581 0.000000 0.000000
0.000000 0.000000 0.246671 0.246671 0.246674 0.246673 0.246670 0.246671 0.246671 0.246670 0.246669 0.246670 0.246671 0.246671 0.246670 0.246673 0.246674 0.246671 0.246671 0.000000 0.000000
0.000000 0.000000 0.238289 0.238290 0.238292 0.238291 0.238288 0.238290 0.238290 0.238288 0.238287 0.238288 0.238290 0.238290 0.238288 0.238291 0.238292 0.238290 0.238289 0.000000 0.000000
0.000000 0.000000 0.230330 0.230331 0.230333 0.230332 0.230329 0.230331 0.230331 0.230330 0.230329 0.230330 0.230331 0.230331 0.230329 0.230332 0.230333 0.230331 0.230330 0.000000 0.000000
0.000000 0.000000 0.222719 0.222719 0.222722 0.222721 0.222718 0.222719 0.222719 0.222718 0.222717 0.222718 0.222719 0.222719 0.222718 0.222721 0.222722 0.222719 0.222719 0.000000 0.000000
0.000000 0.000000 0.215398 0.215399 0.215401 0.215400 0.215397 0.215399 0.215398 0.215397 0.215397 0.215397 0.215398 0.215399 0.215397 0.215400 0.215401 0.215399 0.215398 0.000000 0.000000
0.000000 0.000000 0.208309 0.208310 0.208312 0.208311 0.208308 0.208309 0.208309 0.208308 0.208308 0.208308 0.208309 0.208309 0.208308 0.208311 0.208312 0.208310 0.208309 0.000000 0.000000
0.000000 0.000000 0.201432 0.201432 0.201435 0.201434 0.201431 0.201432 0.201432 0.201431 0.201430 0.201431 0.201432 0.201432 0.201431 0.201434 0.201435 0.201432 0.201432 0.000000 0.000000
0.000000 0.000000 0.194757 0.194757 0.194759 0.194758 0.194756 0.194757 0.194757 0.194756 0.194755 0.194756 0.194757 0.194757 0.194756 0.194758 0.194759 0.194757 0.194757 0.000000 0.000000
0.000000 0.000000 0.188259 0.188259 0.188262 0.188261 0.188258 0.188259 0.188259 0.188258 0.188258 0.188258 0.188259 0.188259 0.188258 0.188261 0.188262 0.188259 0.188259 0.000000 0.000000
0.000000 0.000000 0.181819 0.181818 0.181820 0.181820 0.181817 0.181818 0.181818 0.181817 0.181817 0.181817 0.181818 0.181818 0.181817 0.181820 0.181820 0.181818 0.181818 0.000000 0.000000
0.000000 0.000000 0.300000 0.300000 0.300000 0.300000 0.300000 0.300000 0.300000 0.300000 0.300000 0.300000 0.300000 0.300000 0.300000 0.300000 0.300000 0.300000 0.300000 0.000000 0.000000
0.000000 0.000000 0.000000 0.000000 0.000000 0.000000 0.000000 0.000000 0.000000 0.000000 0.000000 0.000000 0.000000 0.000000 0.000000 0.000000 0.000000 0.000000 0.000000 0.000000 0.000000