geotop/1.0zi/1.0Montebello/Templates/testdem/maps/_Eocsilt6239.asc
ncols         21
nrows         20
xllcorner     100.000000
yllcorner     100.000000
cellsize      50.000000
NODATA_value  -9999.0
0.000000 0.000000 0.000000 0.000000 0.000000 0.000000 0.000000 0.000000 0.000000 0.000000 0.000000 0.000000 0.000000 0.000000 0.000000 0.000000 0.000000 0.000000 0.000000 0.000000 0.000000
0.000000 0.000000 0.350123 0.350124 0.350124 0.350124 0.350124 0.350124 0.350124 0.350124 0.350124 0.350124 0.350124 0.350124 0.350124 0.350124 0.350125 0.350124 0.350124 0.000000 0.000000
0.000000 0.000000 0.350002 0.350002 0.350002 0.350002 0.350003 0.350002 0.350003 0.350003 0.350003 0.350003 0.350003 0.350003 0.350002 0.350002 0.350000 0.350000 0.350002 0.000000 0.000000
0.000000 0.000000 0.350051 0.350049 0.350048 0.350043 0.350044 0.350042 0.350044 0.350045 0.350043 0.350042 0.350043 0.350042 0.350045 0.350048 0.350049 0.350050 0.350051 0.000000 0.000000
0.000000 0.000000 0.350590 0.350595 0.350593 0.350588 0.350584 0.350579 0.350578 0.350575 0.350574 0.350575 0.350577 0.350578 0.350583 0.350586 0.350587 0.350596 0.350600 0.000000 0.000000
0.000000 0.000000 0.352247 0.352250 0.352243 0.352229 0.352217 0.352199 0.352198 0.352193 0.352198 0.352200 0.352201 0.352198 0.352204 0.352212 0.352222 0.352226 0.352231 0.000000 0.000000
0.000000 0.000000 0.354763 0.354760 0.354753 0.354733 0.354710 0.354685 0.354686 0.354683 0.354685 0.354685 0.354682 0.354686 0.354705 0.354726 0.354736 0.354747 0.354755 0.000000 0.000000
0.000000 0.000000 0.357840 0.357840 0.357838 0.357818 0.357795 0.357768 0.357768 0.357765 0.357765 0.357764 0.357763 0.357766 0.357789 0.357810 0.357828 0.357831 0.357842 0.000000 0.000000
0.000000 0.000000 0.361078 0.361073 0.361063 0.361050 0.361028 0.360996 0.360998 0.360991 0.360989 0.360990 0.360990 0.360989 0.361018 0.361041 0.361057 0.361063 0.361073 0.000000 0.000000
0.000000 0.000000 0.364356 0.364351 0.364346 0.364336 0.364305 0.364277 0.364279 0.364275 0.364271 0.364274 0.364278 0.364275 0.364299 0.364326 0.364342 0.364345 0.364352 0.000000 0.000000
0.000000 0.000000 0.367743 0.367740 0.367737 0.367713 0.367692 0.367662 0.367668 0.367653 0.367653 0.367655 0.367650 0.367659 0.367679 0.367695 0.367713 0.367723 0.367738 0.000000 0.000000
0.000000 0.000000 0.371332 0.371325 0.371315 0.371298 0.371278 0.371240 0.371241 0.371233 0.371242 0.371232 0.371234 0.371237 0.371273 0.371289 0.371302 0.371307 0.371343 0.000000 0.000000
0.000000 0.000000 0.375046 0.375037 0.375032 0.375013 0.374995 0.374917 0.374917 0.374910 0.374893 0.374902 0.374907 0.374914 0.374972 0.374988 0.375017 0.375020 0.375045 0.000000 0.000000
0.000000 0.000000 0.379115 0.379110 0.379098 0.379084 0.379006 0.378989 0.378971 0.378970 0.378965 0.378968 0.378966 0.378964 0.378973 0.379053 0.379077 0.379097 0.379123 0.000000 0.000000
0.000000 0.000000 0.383643 0.383638 0.383620 0.383535 0.383512 0.383465 0.383436 0.383431 0.383416 0.383405 0.383416 0.383411 0.383448 0.383482 0.383601 0.383590 0.383606 0.000000 0.000000
0.000000 0.000000 0.388482 0.388476 0.388361 0.388348 0.388342 0.388314 0.388339 0.388324 0.388337 0.388324 0.388310 0.388336 0.388354 0.388364 0.388346 0.388491 0.388495 0.000000 0.000000
0.000000 0.000000 0.394113 0.393954 0.393912 0.393865 0.393788 0.393755 0.393737 0.393737 0.393700 0.393698 0.393715 0.393705 0.393747 0.393806 0.393900 0.393916 0.394081 0.000000 0.000000
0.000000 0.000000 0.398012 0.398043 0.398188 0.398153 0.398106 0.397960 0.397958 0.397924 0.397952 0.397943 0.397951 0.397957 0.398092 0.398126 0.398212 0.398065 0.398044 0.000000 0.000000
0.000000 0.000000 0.350000 0.350000 0.350000 0.350000 0.350000 0.350000 0.350000 0.350000 0.350000 0.350000 0.350000 0.350000 0.350000 0.350000 0.350000 0.350000 0.350000 0.000000 0.000000
0.000000 0.000000 0.000000 0.000000 0.000000 0.000000 0.000000 0.000000 0.000000 0.000000 0.000000 0.000000 0.000000 0.000000 0.000000 0.000000 0.000000 0.000000 0.000000 0.000000 0.000000