geotop/1.0zi/1.0Montebello/Templates/testdem/maps/_Eocsand6253.asc
ncols         21
nrows         20
xllcorner     100.000000
yllcorner     100.000000
cellsize      50.000000
NODATA_value  -9999.0
0.000000 0.000000 0.000000 0.000000 0.000000 0.000000 0.000000 0.000000 0.000000 0.000000 0.000000 0.000000 0.000000 0.000000 0.000000 0.000000 0.000000 0.000000 0.000000 0.000000 0.000000
0.000000 0.000000 0.300154 0.300152 0.300152 0.300152 0.300151 0.300151 0.300152 0.300152 0.300153 0.300152 0.300152 0.300152 0.300152 0.300151 0.300153 0.300153 0.300152 0.000000 0.000000
0.000000 0.000000 0.300008 0.300009 0.300009 0.300008 0.300009 0.300009 0.300009 0.300009 0.300009 0.300009 0.300008 0.300009 0.300009 0.300009 0.300010 0.300010 0.300011 0.000000 0.000000
0.000000 0.000000 0.299967 0.299966 0.299970 0.299975 0.299972 0.299974 0.299971 0.299974 0.299970 0.299974 0.299973 0.299974 0.299971 0.299967 0.299967 0.299964 0.299964 0.000000 0.000000
0.000000 0.000000 0.298847 0.298842 0.298847 0.298855 0.298872 0.298879 0.298881 0.298881 0.298885 0.298884 0.298887 0.298885 0.298872 0.298870 0.298864 0.298854 0.298842 0.000000 0.000000
0.000000 0.000000 0.295421 0.295418 0.295431 0.295468 0.295487 0.295523 0.295524 0.295534 0.295526 0.295523 0.295518 0.295521 0.295510 0.295488 0.295470 0.295454 0.295444 0.000000 0.000000
0.000000 0.000000 0.290267 0.290271 0.290284 0.290322 0.290368 0.290421 0.290420 0.290428 0.290425 0.290423 0.290426 0.290423 0.290381 0.290337 0.290316 0.290296 0.290281 0.000000 0.000000
0.000000 0.000000 0.284011 0.284010 0.284017 0.284059 0.284104 0.284162 0.284162 0.284168 0.284169 0.284170 0.284173 0.284165 0.284117 0.284076 0.284041 0.284032 0.284010 0.000000 0.000000
0.000000 0.000000 0.277502 0.277510 0.277530 0.277555 0.277599 0.277662 0.277659 0.277671 0.277676 0.277675 0.277675 0.277678 0.277618 0.277572 0.277541 0.277531 0.277511 0.000000 0.000000
0.000000 0.000000 0.270884 0.270895 0.270903 0.270924 0.270988 0.271044 0.271041 0.271048 0.271057 0.271050 0.271041 0.271048 0.270999 0.270945 0.270913 0.270906 0.270891 0.000000 0.000000
0.000000 0.000000 0.264001 0.264007 0.264014 0.264061 0.264104 0.264166 0.264153 0.264184 0.264183 0.264181 0.264189 0.264171 0.264132 0.264098 0.264061 0.264041 0.264012 0.000000 0.000000
0.000000 0.000000 0.256707 0.256720 0.256741 0.256776 0.256817 0.256893 0.256891 0.256907 0.256890 0.256910 0.256906 0.256900 0.256828 0.256795 0.256769 0.256758 0.256685 0.000000 0.000000
0.000000 0.000000 0.249145 0.249163 0.249172 0.249211 0.249247 0.249406 0.249408 0.249421 0.249456 0.249437 0.249426 0.249413 0.249294 0.249261 0.249202 0.249197 0.249146 0.000000 0.000000
0.000000 0.000000 0.240847 0.240857 0.240882 0.240911 0.241070 0.241105 0.241141 0.241143 0.241153 0.241148 0.241151 0.241156 0.241136 0.240972 0.240924 0.240883 0.240831 0.000000 0.000000
0.000000 0.000000 0.231601 0.231611 0.231649 0.231823 0.231870 0.231964 0.232024 0.232035 0.232066 0.232088 0.232065 0.232076 0.231999 0.231932 0.231688 0.231710 0.231678 0.000000 0.000000
0.000000 0.000000 0.221715 0.221727 0.221962 0.221988 0.222001 0.222057 0.222004 0.222034 0.222008 0.222035 0.222063 0.222011 0.221974 0.221955 0.221994 0.221695 0.221688 0.000000 0.000000
0.000000 0.000000 0.210182 0.210508 0.210592 0.210689 0.210849 0.210917 0.210953 0.210952 0.211030 0.211033 0.210999 0.211019 0.210933 0.210812 0.210617 0.210587 0.210248 0.000000 0.000000
0.000000 0.000000 0.202224 0.202156 0.201854 0.201924 0.202020 0.202322 0.202325 0.202396 0.202337 0.202356 0.202341 0.202328 0.202049 0.201979 0.201805 0.202110 0.202157 0.000000 0.000000
0.000000 0.000000 0.300000 0.300000 0.300000 0.300000 0.300000 0.300000 0.300000 0.300000 0.300000 0.300000 0.300000 0.300000 0.300000 0.300000 0.300000 0.300000 0.300000 0.000000 0.000000
0.000000 0.000000 0.000000 0.000000 0.000000 0.000000 0.000000 0.000000 0.000000 0.000000 0.000000 0.000000 0.000000 0.000000 0.000000 0.000000 0.000000 0.000000 0.000000 0.000000 0.000000