geotop/1.0zi/1.0Montebello/Templates/testdem/maps/_Eocsand0778.asc
ncols         21
nrows         20
xllcorner     100.000000
yllcorner     100.000000
cellsize      50.000000
NODATA_value  -9999.0
0.000000 0.000000 0.000000 0.000000 0.000000 0.000000 0.000000 0.000000 0.000000 0.000000 0.000000 0.000000 0.000000 0.000000 0.000000 0.000000 0.000000 0.000000 0.000000 0.000000 0.000000
0.000000 0.000000 0.300029 0.300029 0.300029 0.300029 0.300029 0.300029 0.300029 0.300029 0.300029 0.300029 0.300029 0.300029 0.300029 0.300029 0.300029 0.300029 0.300029 0.000000 0.000000
0.000000 0.000000 0.300005 0.300005 0.300006 0.300005 0.300005 0.300005 0.300005 0.300005 0.300005 0.300005 0.300005 0.300005 0.300005 0.300005 0.300006 0.300005 0.300005 0.000000 0.000000
0.000000 0.000000 0.299351 0.299352 0.299356 0.299354 0.299351 0.299351 0.299351 0.299351 0.299351 0.299351 0.299351 0.299351 0.299351 0.299354 0.299356 0.299352 0.299351 0.000000 0.000000
0.000000 0.000000 0.297056 0.297058 0.297062 0.297063 0.297056 0.297056 0.297057 0.297056 0.297056 0.297056 0.297057 0.297056 0.297056 0.297063 0.297062 0.297058 0.297056 0.000000 0.000000
0.000000 0.000000 0.294454 0.294456 0.294459 0.294459 0.294454 0.294454 0.294455 0.294454 0.294454 0.294454 0.294455 0.294454 0.294454 0.294459 0.294459 0.294456 0.294454 0.000000 0.000000
0.000000 0.000000 0.292001 0.292002 0.292005 0.292005 0.292001 0.292001 0.292001 0.292000 0.292001 0.292000 0.292001 0.292001 0.292001 0.292005 0.292005 0.292002 0.292001 0.000000 0.000000
0.000000 0.000000 0.289722 0.289723 0.289726 0.289726 0.289722 0.289722 0.289723 0.289722 0.289722 0.289722 0.289723 0.289722 0.289722 0.289726 0.289726 0.289723 0.289722 0.000000 0.000000
0.000000 0.000000 0.287572 0.287573 0.287576 0.287575 0.287572 0.287572 0.287572 0.287572 0.287572 0.287572 0.287572 0.287572 0.287572 0.287575 0.287576 0.287573 0.287572 0.000000 0.000000
0.000000 0.000000 0.285503 0.285504 0.285507 0.285506 0.285503 0.285503 0.285503 0.285503 0.285503 0.285503 0.285503 0.285503 0.285503 0.285506 0.285507 0.285504 0.285503 0.000000 0.000000
0.000000 0.000000 0.283496 0.283496 0.283499 0.283499 0.283496 0.283496 0.283496 0.283496 0.283496 0.283496 0.283496 0.283496 0.283496 0.283499 0.283499 0.283496 0.283496 0.000000 0.000000
0.000000 0.000000 0.281529 0.281530 0.281532 0.281532 0.281529 0.281529 0.281529 0.281529 0.281529 0.281529 0.281529 0.281529 0.281529 0.281532 0.281532 0.281530 0.281529 0.000000 0.000000
0.000000 0.000000 0.279597 0.279598 0.279600 0.279600 0.279597 0.279597 0.279597 0.279597 0.279597 0.279597 0.279597 0.279597 0.279597 0.279600 0.279600 0.279598 0.279597 0.000000 0.000000
0.000000 0.000000 0.277693 0.277694 0.277697 0.277696 0.277693 0.277693 0.277694 0.277693 0.277693 0.277693 0.277694 0.277693 0.277693 0.277696 0.277697 0.277694 0.277693 0.000000 0.000000
0.000000 0.000000 0.275808 0.275809 0.275811 0.275811 0.275808 0.275808 0.275808 0.275808 0.275808 0.275808 0.275808 0.275808 0.275808 0.275811 0.275811 0.275809 0.275808 0.000000 0.000000
0.000000 0.000000 0.273935 0.273935 0.273938 0.273937 0.273935 0.273935 0.273935 0.273935 0.273935 0.273935 0.273935 0.273935 0.273935 0.273937 0.273938 0.273935 0.273935 0.000000 0.000000
0.000000 0.000000 0.272078 0.272079 0.272082 0.272081 0.272078 0.272078 0.272079 0.272078 0.272078 0.272078 0.272079 0.272078 0.272078 0.272081 0.272082 0.272079 0.272078 0.000000 0.000000
0.000000 0.000000 0.270198 0.270199 0.270201 0.270201 0.270198 0.270198 0.270198 0.270198 0.270198 0.270198 0.270198 0.270198 0.270198 0.270201 0.270201 0.270199 0.270198 0.000000 0.000000
0.000000 0.000000 0.300000 0.300000 0.300000 0.300000 0.300000 0.300000 0.300000 0.300000 0.300000 0.300000 0.300000 0.300000 0.300000 0.300000 0.300000 0.300000 0.300000 0.000000 0.000000
0.000000 0.000000 0.000000 0.000000 0.000000 0.000000 0.000000 0.000000 0.000000 0.000000 0.000000 0.000000 0.000000 0.000000 0.000000 0.000000 0.000000 0.000000 0.000000 0.000000 0.000000