geotop/1.0zi/1.0Montebello/Templates/testdem/maps/_Eocsand0395.asc
ncols         21
nrows         20
xllcorner     100.000000
yllcorner     100.000000
cellsize      50.000000
NODATA_value  -9999.0
0.000000 0.000000 0.000000 0.000000 0.000000 0.000000 0.000000 0.000000 0.000000 0.000000 0.000000 0.000000 0.000000 0.000000 0.000000 0.000000 0.000000 0.000000 0.000000 0.000000 0.000000
0.000000 0.000000 0.300016 0.300016 0.300016 0.300016 0.300016 0.300016 0.300016 0.300016 0.300016 0.300016 0.300016 0.300016 0.300016 0.300016 0.300016 0.300016 0.300016 0.000000 0.000000
0.000000 0.000000 0.300003 0.300003 0.300004 0.300003 0.300003 0.300003 0.300003 0.300003 0.300003 0.300003 0.300003 0.300003 0.300003 0.300003 0.300004 0.300003 0.300003 0.000000 0.000000
0.000000 0.000000 0.299479 0.299479 0.299483 0.299479 0.299479 0.299479 0.299479 0.299479 0.299479 0.299479 0.299479 0.299479 0.299479 0.299479 0.299483 0.299479 0.299479 0.000000 0.000000
0.000000 0.000000 0.298035 0.298035 0.298039 0.298035 0.298035 0.298034 0.298034 0.298035 0.298035 0.298035 0.298034 0.298034 0.298035 0.298035 0.298039 0.298035 0.298035 0.000000 0.000000
0.000000 0.000000 0.296654 0.296654 0.296658 0.296654 0.296654 0.296654 0.296654 0.296654 0.296654 0.296654 0.296654 0.296654 0.296654 0.296654 0.296658 0.296654 0.296654 0.000000 0.000000
0.000000 0.000000 0.295394 0.295393 0.295397 0.295394 0.295393 0.295393 0.295393 0.295393 0.295393 0.295393 0.295393 0.295393 0.295393 0.295394 0.295397 0.295393 0.295394 0.000000 0.000000
0.000000 0.000000 0.294226 0.294226 0.294229 0.294226 0.294226 0.294226 0.294226 0.294226 0.294226 0.294226 0.294226 0.294226 0.294226 0.294226 0.294229 0.294226 0.294226 0.000000 0.000000
0.000000 0.000000 0.293123 0.293123 0.293126 0.293123 0.293123 0.293123 0.293123 0.293123 0.293123 0.293123 0.293123 0.293123 0.293123 0.293123 0.293126 0.293123 0.293123 0.000000 0.000000
0.000000 0.000000 0.292058 0.292058 0.292061 0.292058 0.292058 0.292058 0.292058 0.292058 0.292058 0.292058 0.292058 0.292058 0.292058 0.292058 0.292061 0.292058 0.292058 0.000000 0.000000
0.000000 0.000000 0.291022 0.291022 0.291025 0.291022 0.291022 0.291022 0.291022 0.291022 0.291022 0.291022 0.291022 0.291022 0.291022 0.291022 0.291025 0.291022 0.291022 0.000000 0.000000
0.000000 0.000000 0.290007 0.290007 0.290010 0.290007 0.290007 0.290007 0.290007 0.290007 0.290007 0.290007 0.290007 0.290007 0.290007 0.290007 0.290010 0.290007 0.290007 0.000000 0.000000
0.000000 0.000000 0.289010 0.289010 0.289013 0.289010 0.289010 0.289010 0.289010 0.289010 0.289010 0.289010 0.289010 0.289010 0.289010 0.289010 0.289013 0.289010 0.289010 0.000000 0.000000
0.000000 0.000000 0.288032 0.288032 0.288034 0.288032 0.288032 0.288031 0.288031 0.288031 0.288032 0.288031 0.288031 0.288031 0.288032 0.288032 0.288034 0.288032 0.288032 0.000000 0.000000
0.000000 0.000000 0.287063 0.287063 0.287066 0.287063 0.287063 0.287063 0.287063 0.287063 0.287063 0.287063 0.287063 0.287063 0.287063 0.287063 0.287066 0.287063 0.287063 0.000000 0.000000
0.000000 0.000000 0.286096 0.286096 0.286099 0.286097 0.286096 0.286096 0.286096 0.286096 0.286096 0.286096 0.286096 0.286096 0.286096 0.286097 0.286099 0.286096 0.286096 0.000000 0.000000
0.000000 0.000000 0.285140 0.285140 0.285143 0.285140 0.285140 0.285140 0.285140 0.285140 0.285140 0.285140 0.285140 0.285140 0.285140 0.285140 0.285143 0.285140 0.285140 0.000000 0.000000
0.000000 0.000000 0.284153 0.284153 0.284155 0.284153 0.284153 0.284152 0.284152 0.284153 0.284153 0.284153 0.284152 0.284152 0.284153 0.284153 0.284155 0.284153 0.284153 0.000000 0.000000
0.000000 0.000000 0.300000 0.300000 0.300000 0.300000 0.300000 0.300000 0.300000 0.300000 0.300000 0.300000 0.300000 0.300000 0.300000 0.300000 0.300000 0.300000 0.300000 0.000000 0.000000
0.000000 0.000000 0.000000 0.000000 0.000000 0.000000 0.000000 0.000000 0.000000 0.000000 0.000000 0.000000 0.000000 0.000000 0.000000 0.000000 0.000000 0.000000 0.000000 0.000000 0.000000