geotop/1.0zi/1.0Montebello/Templates/testdem/maps/_Eocclay0945.asc
ncols         21
nrows         20
xllcorner     100.000000
yllcorner     100.000000
cellsize      50.000000
NODATA_value  -9999.0
0.000000 0.000000 0.000000 0.000000 0.000000 0.000000 0.000000 0.000000 0.000000 0.000000 0.000000 0.000000 0.000000 0.000000 0.000000 0.000000 0.000000 0.000000 0.000000 0.000000 0.000000
0.000000 0.000000 0.349950 0.349950 0.349950 0.349950 0.349950 0.349950 0.349950 0.349950 0.349950 0.349950 0.349950 0.349950 0.349950 0.349950 0.349950 0.349950 0.349950 0.000000 0.000000
0.000000 0.000000 0.349996 0.349996 0.349995 0.349996 0.349996 0.349996 0.349996 0.349996 0.349996 0.349996 0.349996 0.349996 0.349996 0.349996 0.349995 0.349996 0.349996 0.000000 0.000000
0.000000 0.000000 0.350404 0.350404 0.350401 0.350402 0.350404 0.350404 0.350404 0.350404 0.350404 0.350404 0.350404 0.350404 0.350404 0.350402 0.350401 0.350404 0.350404 0.000000 0.000000
0.000000 0.000000 0.351917 0.351916 0.351914 0.351914 0.351917 0.351917 0.351917 0.351917 0.351917 0.351917 0.351917 0.351917 0.351917 0.351914 0.351914 0.351916 0.351917 0.000000 0.000000
0.000000 0.000000 0.353553 0.353553 0.353551 0.353551 0.353554 0.353553 0.353553 0.353553 0.353553 0.353553 0.353553 0.353553 0.353554 0.353551 0.353551 0.353553 0.353553 0.000000 0.000000
0.000000 0.000000 0.355101 0.355100 0.355099 0.355099 0.355101 0.355101 0.355101 0.355101 0.355101 0.355101 0.355101 0.355101 0.355101 0.355099 0.355099 0.355100 0.355101 0.000000 0.000000
0.000000 0.000000 0.356525 0.356525 0.356523 0.356524 0.356525 0.356525 0.356525 0.356525 0.356525 0.356525 0.356525 0.356525 0.356525 0.356524 0.356523 0.356525 0.356525 0.000000 0.000000
0.000000 0.000000 0.357859 0.357858 0.357857 0.357857 0.357859 0.357859 0.357858 0.357859 0.357859 0.357859 0.357858 0.357859 0.357859 0.357857 0.357857 0.357858 0.357859 0.000000 0.000000
0.000000 0.000000 0.359137 0.359137 0.359135 0.359136 0.359137 0.359137 0.359137 0.359137 0.359137 0.359137 0.359137 0.359137 0.359137 0.359136 0.359135 0.359137 0.359137 0.000000 0.000000
0.000000 0.000000 0.360373 0.360373 0.360371 0.360372 0.360373 0.360373 0.360373 0.360373 0.360373 0.360373 0.360373 0.360373 0.360373 0.360372 0.360371 0.360373 0.360373 0.000000 0.000000
0.000000 0.000000 0.361581 0.361580 0.361579 0.361579 0.361581 0.361581 0.361581 0.361581 0.361581 0.361581 0.361581 0.361581 0.361581 0.361579 0.361579 0.361580 0.361581 0.000000 0.000000
0.000000 0.000000 0.362769 0.362769 0.362768 0.362768 0.362769 0.362769 0.362769 0.362769 0.362769 0.362769 0.362769 0.362769 0.362769 0.362768 0.362768 0.362769 0.362769 0.000000 0.000000
0.000000 0.000000 0.363938 0.363938 0.363937 0.363937 0.363938 0.363938 0.363938 0.363938 0.363938 0.363938 0.363938 0.363938 0.363938 0.363937 0.363937 0.363938 0.363938 0.000000 0.000000
0.000000 0.000000 0.365094 0.365094 0.365093 0.365093 0.365094 0.365094 0.365094 0.365094 0.365094 0.365094 0.365094 0.365094 0.365094 0.365093 0.365093 0.365094 0.365094 0.000000 0.000000
0.000000 0.000000 0.366242 0.366242 0.366240 0.366241 0.366242 0.366242 0.366242 0.366242 0.366242 0.366242 0.366242 0.366242 0.366242 0.366241 0.366240 0.366242 0.366242 0.000000 0.000000
0.000000 0.000000 0.367378 0.367377 0.367376 0.367376 0.367378 0.367378 0.367378 0.367378 0.367378 0.367378 0.367378 0.367378 0.367378 0.367376 0.367376 0.367377 0.367378 0.000000 0.000000
0.000000 0.000000 0.368542 0.368542 0.368540 0.368541 0.368542 0.368542 0.368542 0.368542 0.368542 0.368542 0.368542 0.368542 0.368542 0.368541 0.368540 0.368542 0.368542 0.000000 0.000000
0.000000 0.000000 0.350000 0.350000 0.350000 0.350000 0.350000 0.350000 0.350000 0.350000 0.350000 0.350000 0.350000 0.350000 0.350000 0.350000 0.350000 0.350000 0.350000 0.000000 0.000000
0.000000 0.000000 0.000000 0.000000 0.000000 0.000000 0.000000 0.000000 0.000000 0.000000 0.000000 0.000000 0.000000 0.000000 0.000000 0.000000 0.000000 0.000000 0.000000 0.000000 0.000000