geotop/1.0zi/1.0Montebello/Templates/testdem/maps/_Eocsand8411.asc
ncols         21
nrows         20
xllcorner     100.000000
yllcorner     100.000000
cellsize      50.000000
NODATA_value  -9999.0
0.000000 0.000000 0.000000 0.000000 0.000000 0.000000 0.000000 0.000000 0.000000 0.000000 0.000000 0.000000 0.000000 0.000000 0.000000 0.000000 0.000000 0.000000 0.000000 0.000000 0.000000
0.000000 0.000000 0.300210 0.300208 0.300208 0.300208 0.300207 0.300207 0.300207 0.300207 0.300208 0.300207 0.300207 0.300208 0.300207 0.300207 0.300209 0.300209 0.300209 0.000000 0.000000
0.000000 0.000000 0.300011 0.300012 0.300012 0.300011 0.300012 0.300012 0.300012 0.300012 0.300012 0.300012 0.300011 0.300012 0.300012 0.300012 0.300012 0.300013 0.300013 0.000000 0.000000
0.000000 0.000000 0.299893 0.299893 0.299897 0.299905 0.299901 0.299909 0.299904 0.299906 0.299906 0.299906 0.299906 0.299908 0.299903 0.299898 0.299896 0.299893 0.299894 0.000000 0.000000
0.000000 0.000000 0.297936 0.297934 0.297943 0.297957 0.297979 0.297989 0.297996 0.297995 0.297999 0.297997 0.298001 0.297994 0.297973 0.297965 0.297953 0.297939 0.297929 0.000000 0.000000
0.000000 0.000000 0.292155 0.292157 0.292178 0.292225 0.292261 0.292309 0.292309 0.292322 0.292313 0.292315 0.292311 0.292311 0.292284 0.292250 0.292222 0.292201 0.292189 0.000000 0.000000
0.000000 0.000000 0.284034 0.284046 0.284062 0.284115 0.284182 0.284261 0.284261 0.284269 0.284269 0.284269 0.284273 0.284266 0.284199 0.284141 0.284107 0.284078 0.284063 0.000000 0.000000
0.000000 0.000000 0.274399 0.274407 0.274420 0.274481 0.274543 0.274629 0.274629 0.274641 0.274642 0.274647 0.274653 0.274637 0.274564 0.274510 0.274455 0.274440 0.274414 0.000000 0.000000
0.000000 0.000000 0.264055 0.264076 0.264102 0.264142 0.264212 0.264304 0.264299 0.264318 0.264324 0.264328 0.264327 0.264329 0.264239 0.264168 0.264126 0.264104 0.264082 0.000000 0.000000
0.000000 0.000000 0.253059 0.253082 0.253096 0.253134 0.253235 0.253317 0.253318 0.253327 0.253342 0.253333 0.253324 0.253327 0.253252 0.253168 0.253119 0.253100 0.253086 0.000000 0.000000
0.000000 0.000000 0.241047 0.241059 0.241074 0.241166 0.241231 0.241336 0.241310 0.241368 0.241357 0.241363 0.241383 0.241348 0.241274 0.241225 0.241158 0.241123 0.241078 0.000000 0.000000
0.000000 0.000000 0.227630 0.227671 0.227707 0.227758 0.227843 0.227963 0.227976 0.227986 0.227961 0.228005 0.227990 0.227986 0.227856 0.227788 0.227746 0.227718 0.227611 0.000000 0.000000
0.000000 0.000000 0.213028 0.213069 0.213071 0.213161 0.213226 0.213557 0.213565 0.213579 0.213673 0.213621 0.213609 0.213578 0.213323 0.213260 0.213134 0.213123 0.213069 0.000000 0.000000
0.000000 0.000000 0.195767 0.195777 0.195841 0.195900 0.196317 0.196277 0.196363 0.196361 0.196334 0.196367 0.196377 0.196405 0.196447 0.196004 0.195944 0.195827 0.195747 0.000000 0.000000
0.000000 0.000000 0.175317 0.175358 0.175441 0.175977 0.175914 0.176188 0.176309 0.176335 0.176433 0.176494 0.176438 0.176448 0.176182 0.176214 0.175501 0.175616 0.175608 0.000000 0.000000
0.000000 0.000000 0.152938 0.152974 0.153746 0.153513 0.153576 0.153640 0.153344 0.153436 0.153280 0.153334 0.153467 0.153274 0.153267 0.153218 0.153821 0.152684 0.152702 0.000000 0.000000
0.000000 0.000000 0.125443 0.126649 0.126355 0.126822 0.127421 0.127606 0.127952 0.127871 0.128241 0.128205 0.127998 0.128209 0.127894 0.127449 0.126405 0.127111 0.125857 0.000000 0.000000
0.000000 0.000000 0.116149 0.115021 0.114031 0.114021 0.113952 0.114905 0.114738 0.115018 0.114553 0.114648 0.114725 0.114567 0.113776 0.113825 0.113853 0.114604 0.115712 0.000000 0.000000
0.000000 0.000000 0.300000 0.300000 0.300000 0.300000 0.300000 0.300000 0.300000 0.300000 0.300000 0.300000 0.300000 0.300000 0.300000 0.300000 0.300000 0.300000 0.300000 0.000000 0.000000
0.000000 0.000000 0.000000 0.000000 0.000000 0.000000 0.000000 0.000000 0.000000 0.000000 0.000000 0.000000 0.000000 0.000000 0.000000 0.000000 0.000000 0.000000 0.000000 0.000000 0.000000