geotop/1.0zi/1.0Montebello/Templates/testdem/maps/_Eocsilt4458.asc
ncols         21
nrows         20
xllcorner     100.000000
yllcorner     100.000000
cellsize      50.000000
NODATA_value  -9999.0
0.000000 0.000000 0.000000 0.000000 0.000000 0.000000 0.000000 0.000000 0.000000 0.000000 0.000000 0.000000 0.000000 0.000000 0.000000 0.000000 0.000000 0.000000 0.000000 0.000000 0.000000
0.000000 0.000000 0.350090 0.350090 0.350090 0.350090 0.350090 0.350090 0.350090 0.350090 0.350090 0.350090 0.350090 0.350090 0.350090 0.350090 0.350090 0.350090 0.350090 0.000000 0.000000
0.000000 0.000000 0.350002 0.350002 0.350002 0.350003 0.350003 0.350003 0.350003 0.350003 0.350003 0.350003 0.350003 0.350003 0.350003 0.350002 0.350001 0.350001 0.350002 0.000000 0.000000
0.000000 0.000000 0.350031 0.350031 0.350030 0.350026 0.350027 0.350025 0.350027 0.350027 0.350027 0.350027 0.350027 0.350026 0.350027 0.350030 0.350031 0.350032 0.350031 0.000000 0.000000
0.000000 0.000000 0.350387 0.350389 0.350388 0.350384 0.350381 0.350377 0.350375 0.350373 0.350371 0.350374 0.350375 0.350377 0.350381 0.350381 0.350382 0.350389 0.350392 0.000000 0.000000
0.000000 0.000000 0.351534 0.351537 0.351534 0.351523 0.351516 0.351502 0.351499 0.351494 0.351499 0.351501 0.351505 0.351503 0.351508 0.351515 0.351521 0.351523 0.351527 0.000000 0.000000
0.000000 0.000000 0.353320 0.353320 0.353318 0.353304 0.353289 0.353271 0.353273 0.353270 0.353274 0.353272 0.353270 0.353273 0.353285 0.353299 0.353305 0.353311 0.353317 0.000000 0.000000
0.000000 0.000000 0.355400 0.355398 0.355397 0.355385 0.355371 0.355354 0.355356 0.355353 0.355353 0.355353 0.355350 0.355349 0.355366 0.355382 0.355392 0.355395 0.355400 0.000000 0.000000
0.000000 0.000000 0.357521 0.357518 0.357514 0.357504 0.357490 0.357469 0.357470 0.357466 0.357466 0.357468 0.357465 0.357466 0.357482 0.357500 0.357508 0.357513 0.357521 0.000000 0.000000
0.000000 0.000000 0.359628 0.359625 0.359623 0.359613 0.359597 0.359579 0.359582 0.359579 0.359579 0.359579 0.359576 0.359575 0.359593 0.359611 0.359618 0.359622 0.359628 0.000000 0.000000
0.000000 0.000000 0.361751 0.361748 0.361746 0.361738 0.361727 0.361705 0.361707 0.361702 0.361703 0.361704 0.361701 0.361700 0.361715 0.361728 0.361738 0.361742 0.361749 0.000000 0.000000
0.000000 0.000000 0.363944 0.363941 0.363938 0.363926 0.363913 0.363891 0.363892 0.363888 0.363889 0.363889 0.363887 0.363885 0.363906 0.363922 0.363931 0.363935 0.363957 0.000000 0.000000
0.000000 0.000000 0.366168 0.366164 0.366160 0.366152 0.366136 0.366092 0.366092 0.366088 0.366088 0.366089 0.366085 0.366085 0.366124 0.366142 0.366151 0.366155 0.366169 0.000000 0.000000
0.000000 0.000000 0.368519 0.368512 0.368510 0.368501 0.368457 0.368445 0.368438 0.368435 0.368436 0.368436 0.368432 0.368431 0.368444 0.368488 0.368498 0.368508 0.368516 0.000000 0.000000
0.000000 0.000000 0.371052 0.371047 0.371036 0.370998 0.370977 0.370949 0.370936 0.370931 0.370924 0.370924 0.370925 0.370919 0.370941 0.370971 0.371021 0.371020 0.371027 0.000000 0.000000
0.000000 0.000000 0.373667 0.373662 0.373615 0.373608 0.373596 0.373581 0.373580 0.373579 0.373581 0.373581 0.373573 0.373581 0.373587 0.373600 0.373601 0.373655 0.373667 0.000000 0.000000
0.000000 0.000000 0.376574 0.376510 0.376471 0.376454 0.376422 0.376405 0.376401 0.376398 0.376391 0.376392 0.376391 0.376385 0.376398 0.376435 0.376460 0.376487 0.376551 0.000000 0.000000
0.000000 0.000000 0.378847 0.378834 0.378877 0.378854 0.378827 0.378763 0.378758 0.378751 0.378754 0.378753 0.378748 0.378751 0.378808 0.378841 0.378878 0.378823 0.378849 0.000000 0.000000
0.000000 0.000000 0.350000 0.350000 0.350000 0.350000 0.350000 0.350000 0.350000 0.350000 0.350000 0.350000 0.350000 0.350000 0.350000 0.350000 0.350000 0.350000 0.350000 0.000000 0.000000
0.000000 0.000000 0.000000 0.000000 0.000000 0.000000 0.000000 0.000000 0.000000 0.000000 0.000000 0.000000 0.000000 0.000000 0.000000 0.000000 0.000000 0.000000 0.000000 0.000000 0.000000