geotop/1.0zi/1.0Montebello/Templates/testdem/maps/_Eocsilt8333.asc
ncols         21
nrows         20
xllcorner     100.000000
yllcorner     100.000000
cellsize      50.000000
NODATA_value  -9999.0
0.000000 0.000000 0.000000 0.000000 0.000000 0.000000 0.000000 0.000000 0.000000 0.000000 0.000000 0.000000 0.000000 0.000000 0.000000 0.000000 0.000000 0.000000 0.000000 0.000000 0.000000
0.000000 0.000000 0.350172 0.350173 0.350173 0.350173 0.350173 0.350173 0.350173 0.350173 0.350173 0.350173 0.350173 0.350173 0.350173 0.350173 0.350173 0.350173 0.350173 0.000000 0.000000
0.000000 0.000000 0.350005 0.350005 0.350006 0.350005 0.350006 0.350006 0.350006 0.350006 0.350006 0.350006 0.350007 0.350006 0.350006 0.350005 0.350004 0.350004 0.350005 0.000000 0.000000
0.000000 0.000000 0.350102 0.350099 0.350097 0.350091 0.350092 0.350087 0.350090 0.350090 0.350087 0.350089 0.350089 0.350089 0.350092 0.350095 0.350098 0.350098 0.350100 0.000000 0.000000
0.000000 0.000000 0.351048 0.351054 0.351048 0.351037 0.351030 0.351023 0.351020 0.351018 0.351018 0.351018 0.351019 0.351021 0.351035 0.351039 0.351042 0.351053 0.351054 0.000000 0.000000
0.000000 0.000000 0.353817 0.353818 0.353809 0.353793 0.353774 0.353751 0.353748 0.353743 0.353747 0.353747 0.353749 0.353748 0.353760 0.353774 0.353788 0.353795 0.353802 0.000000 0.000000
0.000000 0.000000 0.357795 0.357792 0.357781 0.357754 0.357721 0.357686 0.357686 0.357682 0.357683 0.357681 0.357678 0.357683 0.357714 0.357742 0.357760 0.357776 0.357784 0.000000 0.000000
0.000000 0.000000 0.362505 0.362503 0.362497 0.362469 0.362437 0.362397 0.362397 0.362392 0.362391 0.362388 0.362386 0.362393 0.362427 0.362456 0.362484 0.362491 0.362503 0.000000 0.000000
0.000000 0.000000 0.367585 0.367576 0.367561 0.367542 0.367508 0.367463 0.367464 0.367455 0.367452 0.367450 0.367452 0.367451 0.367494 0.367530 0.367552 0.367564 0.367575 0.000000 0.000000
0.000000 0.000000 0.372956 0.372948 0.372940 0.372921 0.372872 0.372832 0.372831 0.372827 0.372820 0.372823 0.372829 0.372827 0.372864 0.372905 0.372930 0.372939 0.372947 0.000000 0.000000
0.000000 0.000000 0.378786 0.378780 0.378771 0.378729 0.378696 0.378648 0.378657 0.378632 0.378636 0.378634 0.378625 0.378642 0.378676 0.378702 0.378734 0.378752 0.378774 0.000000 0.000000
0.000000 0.000000 0.385280 0.385263 0.385244 0.385218 0.385179 0.385118 0.385113 0.385107 0.385121 0.385100 0.385107 0.385110 0.385172 0.385204 0.385227 0.385240 0.385294 0.000000 0.000000
0.000000 0.000000 0.392318 0.392302 0.392295 0.392257 0.392223 0.392064 0.392061 0.392052 0.392011 0.392032 0.392041 0.392056 0.392176 0.392209 0.392269 0.392277 0.392302 0.000000 0.000000
0.000000 0.000000 0.400593 0.400589 0.400556 0.400530 0.400331 0.400348 0.400305 0.400306 0.400320 0.400307 0.400301 0.400292 0.400272 0.400480 0.400513 0.400569 0.400606 0.000000 0.000000
0.000000 0.000000 0.410353 0.410336 0.410297 0.410043 0.410068 0.409940 0.409883 0.409869 0.409827 0.409796 0.409824 0.409820 0.409944 0.409934 0.410271 0.410221 0.410226 0.000000 0.000000
0.000000 0.000000 0.421006 0.420991 0.420627 0.420731 0.420702 0.420670 0.420805 0.420763 0.420836 0.420811 0.420750 0.420841 0.420846 0.420869 0.420598 0.421129 0.421120 0.000000 0.000000
0.000000 0.000000 0.434029 0.433470 0.433595 0.433383 0.433103 0.433020 0.432862 0.432899 0.432731 0.432746 0.432842 0.432747 0.432889 0.433097 0.433578 0.433265 0.433848 0.000000 0.000000
0.000000 0.000000 0.438668 0.439176 0.439635 0.439640 0.439663 0.439220 0.439294 0.439164 0.439377 0.439333 0.439300 0.439373 0.439741 0.439725 0.439722 0.439370 0.438872 0.000000 0.000000
0.000000 0.000000 0.350000 0.350000 0.350000 0.350000 0.350000 0.350000 0.350000 0.350000 0.350000 0.350000 0.350000 0.350000 0.350000 0.350000 0.350000 0.350000 0.350000 0.000000 0.000000
0.000000 0.000000 0.000000 0.000000 0.000000 0.000000 0.000000 0.000000 0.000000 0.000000 0.000000 0.000000 0.000000 0.000000 0.000000 0.000000 0.000000 0.000000 0.000000 0.000000 0.000000