geotop/1.0zi/1.0Montebello/Templates/testdem/maps/_Eocsilt6262.asc
ncols         21
nrows         20
xllcorner     100.000000
yllcorner     100.000000
cellsize      50.000000
NODATA_value  -9999.0
0.000000 0.000000 0.000000 0.000000 0.000000 0.000000 0.000000 0.000000 0.000000 0.000000 0.000000 0.000000 0.000000 0.000000 0.000000 0.000000 0.000000 0.000000 0.000000 0.000000 0.000000
0.000000 0.000000 0.350125 0.350126 0.350126 0.350126 0.350125 0.350126 0.350125 0.350125 0.350126 0.350125 0.350125 0.350125 0.350125 0.350126 0.350126 0.350126 0.350125 0.000000 0.000000
0.000000 0.000000 0.350002 0.350002 0.350002 0.350002 0.350003 0.350002 0.350003 0.350003 0.350003 0.350003 0.350003 0.350003 0.350002 0.350002 0.350000 0.350000 0.350002 0.000000 0.000000
0.000000 0.000000 0.350051 0.350049 0.350048 0.350043 0.350044 0.350042 0.350044 0.350045 0.350043 0.350042 0.350043 0.350042 0.350045 0.350048 0.350050 0.350051 0.350051 0.000000 0.000000
0.000000 0.000000 0.350600 0.350606 0.350602 0.350598 0.350594 0.350588 0.350587 0.350585 0.350583 0.350585 0.350587 0.350587 0.350593 0.350596 0.350596 0.350605 0.350609 0.000000 0.000000
0.000000 0.000000 0.352275 0.352279 0.352272 0.352257 0.352245 0.352227 0.352226 0.352221 0.352226 0.352228 0.352229 0.352226 0.352233 0.352240 0.352250 0.352254 0.352260 0.000000 0.000000
0.000000 0.000000 0.354809 0.354807 0.354800 0.354780 0.354756 0.354732 0.354733 0.354730 0.354732 0.354732 0.354728 0.354732 0.354752 0.354772 0.354783 0.354794 0.354801 0.000000 0.000000
0.000000 0.000000 0.357907 0.357908 0.357905 0.357886 0.357863 0.357835 0.357836 0.357833 0.357832 0.357831 0.357830 0.357833 0.357856 0.357878 0.357895 0.357898 0.357909 0.000000 0.000000
0.000000 0.000000 0.361169 0.361164 0.361153 0.361141 0.361118 0.361087 0.361088 0.361082 0.361079 0.361080 0.361080 0.361079 0.361109 0.361132 0.361148 0.361154 0.361164 0.000000 0.000000
0.000000 0.000000 0.364472 0.364467 0.364462 0.364452 0.364420 0.364393 0.364394 0.364390 0.364386 0.364390 0.364394 0.364390 0.364415 0.364441 0.364458 0.364461 0.364468 0.000000 0.000000
0.000000 0.000000 0.367888 0.367885 0.367881 0.367857 0.367836 0.367806 0.367812 0.367797 0.367797 0.367798 0.367794 0.367803 0.367823 0.367840 0.367858 0.367868 0.367882 0.000000 0.000000
0.000000 0.000000 0.371509 0.371503 0.371492 0.371475 0.371455 0.371417 0.371418 0.371410 0.371418 0.371409 0.371411 0.371414 0.371450 0.371466 0.371479 0.371485 0.371521 0.000000 0.000000
0.000000 0.000000 0.375259 0.375251 0.375246 0.375227 0.375209 0.375130 0.375129 0.375123 0.375105 0.375114 0.375120 0.375126 0.375185 0.375201 0.375231 0.375233 0.375258 0.000000 0.000000
0.000000 0.000000 0.379372 0.379368 0.379355 0.379341 0.379262 0.379245 0.379227 0.379226 0.379221 0.379224 0.379222 0.379220 0.379229 0.379310 0.379334 0.379354 0.379380 0.000000 0.000000
0.000000 0.000000 0.383953 0.383949 0.383930 0.383843 0.383820 0.383773 0.383744 0.383739 0.383724 0.383712 0.383724 0.383718 0.383756 0.383790 0.383910 0.383899 0.383915 0.000000 0.000000
0.000000 0.000000 0.388851 0.388845 0.388729 0.388716 0.388710 0.388682 0.388708 0.388693 0.388706 0.388693 0.388679 0.388705 0.388723 0.388732 0.388713 0.388861 0.388864 0.000000 0.000000
0.000000 0.000000 0.394558 0.394397 0.394355 0.394308 0.394229 0.394195 0.394177 0.394178 0.394139 0.394138 0.394155 0.394145 0.394187 0.394247 0.394343 0.394358 0.394525 0.000000 0.000000
0.000000 0.000000 0.398493 0.398527 0.398676 0.398641 0.398594 0.398445 0.398444 0.398409 0.398438 0.398429 0.398436 0.398443 0.398580 0.398614 0.398700 0.398550 0.398526 0.000000 0.000000
0.000000 0.000000 0.350000 0.350000 0.350000 0.350000 0.350000 0.350000 0.350000 0.350000 0.350000 0.350000 0.350000 0.350000 0.350000 0.350000 0.350000 0.350000 0.350000 0.000000 0.000000
0.000000 0.000000 0.000000 0.000000 0.000000 0.000000 0.000000 0.000000 0.000000 0.000000 0.000000 0.000000 0.000000 0.000000 0.000000 0.000000 0.000000 0.000000 0.000000 0.000000 0.000000