geotop/1.0zi/1.0Montebello/Templates/testdem/maps/_Eocsilt6718.asc
ncols         21
nrows         20
xllcorner     100.000000
yllcorner     100.000000
cellsize      50.000000
NODATA_value  -9999.0
0.000000 0.000000 0.000000 0.000000 0.000000 0.000000 0.000000 0.000000 0.000000 0.000000 0.000000 0.000000 0.000000 0.000000 0.000000 0.000000 0.000000 0.000000 0.000000 0.000000 0.000000
0.000000 0.000000 0.350136 0.350136 0.350136 0.350137 0.350136 0.350137 0.350137 0.350137 0.350137 0.350136 0.350136 0.350136 0.350136 0.350136 0.350137 0.350137 0.350136 0.000000 0.000000
0.000000 0.000000 0.350003 0.350002 0.350003 0.350003 0.350003 0.350003 0.350003 0.350003 0.350003 0.350003 0.350004 0.350004 0.350003 0.350003 0.350001 0.350001 0.350002 0.000000 0.000000
0.000000 0.000000 0.350057 0.350054 0.350053 0.350048 0.350049 0.350047 0.350049 0.350049 0.350048 0.350047 0.350048 0.350048 0.350049 0.350052 0.350055 0.350057 0.350057 0.000000 0.000000
0.000000 0.000000 0.350686 0.350692 0.350689 0.350681 0.350677 0.350671 0.350670 0.350667 0.350667 0.350669 0.350670 0.350671 0.350681 0.350684 0.350683 0.350691 0.350695 0.000000 0.000000
0.000000 0.000000 0.352546 0.352548 0.352540 0.352527 0.352513 0.352495 0.352494 0.352489 0.352493 0.352495 0.352496 0.352494 0.352502 0.352511 0.352520 0.352525 0.352531 0.000000 0.000000
0.000000 0.000000 0.355363 0.355360 0.355352 0.355330 0.355304 0.355279 0.355280 0.355277 0.355278 0.355277 0.355274 0.355278 0.355299 0.355321 0.355334 0.355346 0.355354 0.000000 0.000000
0.000000 0.000000 0.358776 0.358776 0.358772 0.358751 0.358726 0.358697 0.358697 0.358694 0.358693 0.358691 0.358690 0.358694 0.358718 0.358741 0.358762 0.358765 0.358777 0.000000 0.000000
0.000000 0.000000 0.362380 0.362374 0.362363 0.362348 0.362323 0.362290 0.362292 0.362284 0.362282 0.362282 0.362283 0.362281 0.362313 0.362340 0.362356 0.362364 0.362374 0.000000 0.000000
0.000000 0.000000 0.366062 0.366056 0.366050 0.366038 0.366003 0.365974 0.365976 0.365971 0.365967 0.365970 0.365974 0.365971 0.365997 0.366027 0.366045 0.366049 0.366057 0.000000 0.000000
0.000000 0.000000 0.369905 0.369901 0.369896 0.369868 0.369845 0.369812 0.369820 0.369802 0.369803 0.369804 0.369798 0.369809 0.369830 0.369850 0.369871 0.369881 0.369898 0.000000 0.000000
0.000000 0.000000 0.374016 0.374006 0.373995 0.373976 0.373952 0.373912 0.373912 0.373904 0.373913 0.373902 0.373904 0.373907 0.373946 0.373966 0.373981 0.373988 0.374028 0.000000 0.000000
0.000000 0.000000 0.378309 0.378299 0.378293 0.378271 0.378250 0.378160 0.378159 0.378153 0.378132 0.378141 0.378148 0.378155 0.378223 0.378244 0.378277 0.378281 0.378306 0.000000 0.000000
0.000000 0.000000 0.383082 0.383077 0.383062 0.383045 0.382949 0.382935 0.382914 0.382913 0.382911 0.382911 0.382909 0.382906 0.382910 0.383012 0.383037 0.383063 0.383091 0.000000 0.000000
0.000000 0.000000 0.388460 0.388453 0.388431 0.388322 0.388301 0.388247 0.388213 0.388208 0.388189 0.388174 0.388187 0.388181 0.388228 0.388262 0.388410 0.388395 0.388409 0.000000 0.000000
0.000000 0.000000 0.394261 0.394253 0.394105 0.394098 0.394092 0.394062 0.394101 0.394082 0.394101 0.394085 0.394066 0.394100 0.394117 0.394128 0.394087 0.394281 0.394283 0.000000 0.000000
0.000000 0.000000 0.401153 0.400937 0.400904 0.400839 0.400733 0.400695 0.400664 0.400668 0.400615 0.400614 0.400639 0.400621 0.400675 0.400756 0.400891 0.400882 0.401103 0.000000 0.000000
0.000000 0.000000 0.405580 0.405661 0.405864 0.405825 0.405778 0.405585 0.405588 0.405541 0.405590 0.405575 0.405582 0.405593 0.405767 0.405805 0.405897 0.405700 0.405631 0.000000 0.000000
0.000000 0.000000 0.350000 0.350000 0.350000 0.350000 0.350000 0.350000 0.350000 0.350000 0.350000 0.350000 0.350000 0.350000 0.350000 0.350000 0.350000 0.350000 0.350000 0.000000 0.000000
0.000000 0.000000 0.000000 0.000000 0.000000 0.000000 0.000000 0.000000 0.000000 0.000000 0.000000 0.000000 0.000000 0.000000 0.000000 0.000000 0.000000 0.000000 0.000000 0.000000 0.000000