geotop/1.0zi/1.0Montebello/Templates/testdem/maps/_Eocsand5549.asc
ncols         21
nrows         20
xllcorner     100.000000
yllcorner     100.000000
cellsize      50.000000
NODATA_value  -9999.0
0.000000 0.000000 0.000000 0.000000 0.000000 0.000000 0.000000 0.000000 0.000000 0.000000 0.000000 0.000000 0.000000 0.000000 0.000000 0.000000 0.000000 0.000000 0.000000 0.000000 0.000000
0.000000 0.000000 0.300140 0.300139 0.300139 0.300139 0.300139 0.300138 0.300139 0.300139 0.300139 0.300139 0.300139 0.300139 0.300139 0.300139 0.300139 0.300139 0.300139 0.000000 0.000000
0.000000 0.000000 0.300009 0.300008 0.300008 0.300008 0.300008 0.300008 0.300007 0.300008 0.300008 0.300008 0.300007 0.300007 0.300007 0.300008 0.300009 0.300009 0.300009 0.000000 0.000000
0.000000 0.000000 0.299968 0.299966 0.299970 0.299973 0.299970 0.299972 0.299970 0.299972 0.299971 0.299973 0.299972 0.299974 0.299969 0.299965 0.299966 0.299964 0.299966 0.000000 0.000000
0.000000 0.000000 0.299047 0.299044 0.299046 0.299054 0.299068 0.299076 0.299076 0.299077 0.299081 0.299078 0.299081 0.299080 0.299070 0.299069 0.299064 0.299052 0.299046 0.000000 0.000000
0.000000 0.000000 0.296073 0.296069 0.296078 0.296109 0.296125 0.296159 0.296161 0.296169 0.296160 0.296159 0.296154 0.296157 0.296149 0.296132 0.296118 0.296103 0.296093 0.000000 0.000000
0.000000 0.000000 0.291625 0.291629 0.291635 0.291668 0.291708 0.291757 0.291755 0.291762 0.291757 0.291755 0.291758 0.291757 0.291723 0.291687 0.291670 0.291652 0.291640 0.000000 0.000000
0.000000 0.000000 0.286229 0.286229 0.286230 0.286265 0.286305 0.286357 0.286356 0.286362 0.286360 0.286361 0.286365 0.286359 0.286321 0.286286 0.286257 0.286249 0.286231 0.000000 0.000000
0.000000 0.000000 0.280678 0.280685 0.280697 0.280718 0.280757 0.280813 0.280809 0.280820 0.280824 0.280821 0.280821 0.280826 0.280777 0.280739 0.280713 0.280705 0.280688 0.000000 0.000000
0.000000 0.000000 0.275103 0.275112 0.275115 0.275130 0.275185 0.275235 0.275230 0.275237 0.275244 0.275236 0.275230 0.275237 0.275199 0.275155 0.275128 0.275124 0.275112 0.000000 0.000000
0.000000 0.000000 0.269363 0.269369 0.269368 0.269408 0.269445 0.269500 0.269488 0.269514 0.269513 0.269510 0.269517 0.269504 0.269474 0.269446 0.269417 0.269400 0.269376 0.000000 0.000000
0.000000 0.000000 0.263358 0.263371 0.263385 0.263412 0.263445 0.263510 0.263507 0.263523 0.263506 0.263522 0.263519 0.263515 0.263459 0.263434 0.263413 0.263404 0.263343 0.000000 0.000000
0.000000 0.000000 0.257211 0.257223 0.257226 0.257257 0.257287 0.257417 0.257416 0.257428 0.257454 0.257439 0.257430 0.257421 0.257329 0.257306 0.257259 0.257255 0.257210 0.000000 0.000000
0.000000 0.000000 0.250561 0.250570 0.250584 0.250604 0.250727 0.250760 0.250789 0.250791 0.250801 0.250796 0.250795 0.250800 0.250786 0.250666 0.250626 0.250594 0.250550 0.000000 0.000000
0.000000 0.000000 0.243267 0.243277 0.243303 0.243428 0.243469 0.243543 0.243593 0.243601 0.243625 0.243638 0.243623 0.243635 0.243583 0.243524 0.243342 0.243356 0.243328 0.000000 0.000000
0.000000 0.000000 0.235575 0.235584 0.235745 0.235775 0.235784 0.235833 0.235802 0.235822 0.235808 0.235827 0.235847 0.235815 0.235788 0.235773 0.235781 0.235573 0.235566 0.000000 0.000000
0.000000 0.000000 0.226818 0.227038 0.227117 0.227181 0.227284 0.227338 0.227354 0.227359 0.227406 0.227414 0.227394 0.227403 0.227346 0.227269 0.227145 0.227089 0.226867 0.000000 0.000000
0.000000 0.000000 0.220346 0.220345 0.220149 0.220203 0.220290 0.220496 0.220501 0.220547 0.220519 0.220532 0.220518 0.220514 0.220327 0.220268 0.220127 0.220328 0.220316 0.000000 0.000000
0.000000 0.000000 0.300000 0.300000 0.300000 0.300000 0.300000 0.300000 0.300000 0.300000 0.300000 0.300000 0.300000 0.300000 0.300000 0.300000 0.300000 0.300000 0.300000 0.000000 0.000000
0.000000 0.000000 0.000000 0.000000 0.000000 0.000000 0.000000 0.000000 0.000000 0.000000 0.000000 0.000000 0.000000 0.000000 0.000000 0.000000 0.000000 0.000000 0.000000 0.000000 0.000000