geotop/1.0zi/1.0Montebello/Templates/testdem/maps/_Eocclay9806.asc
ncols         21
nrows         20
xllcorner     100.000000
yllcorner     100.000000
cellsize      50.000000
NODATA_value  -9999.0
0.000000 0.000000 0.000000 0.000000 0.000000 0.000000 0.000000 0.000000 0.000000 0.000000 0.000000 0.000000 0.000000 0.000000 0.000000 0.000000 0.000000 0.000000 0.000000 0.000000 0.000000
0.000000 0.000000 0.349552 0.349555 0.349554 0.349553 0.349555 0.349555 0.349555 0.349555 0.349554 0.349555 0.349555 0.349555 0.349555 0.349555 0.349553 0.349553 0.349554 0.000000 0.000000
0.000000 0.000000 0.349981 0.349979 0.349979 0.349981 0.349979 0.349979 0.349979 0.349979 0.349979 0.349979 0.349980 0.349979 0.349980 0.349981 0.349981 0.349980 0.349979 0.000000 0.000000
0.000000 0.000000 0.350040 0.350045 0.350042 0.350038 0.350039 0.350039 0.350043 0.350040 0.350043 0.350041 0.350042 0.350040 0.350043 0.350046 0.350045 0.350046 0.350043 0.000000 0.000000
0.000000 0.000000 0.351482 0.351476 0.351469 0.351457 0.351439 0.351437 0.351434 0.351435 0.351433 0.351437 0.351438 0.351439 0.351449 0.351454 0.351465 0.351468 0.351477 0.000000 0.000000
0.000000 0.000000 0.355424 0.355418 0.355396 0.355359 0.355328 0.355297 0.355302 0.355296 0.355295 0.355295 0.355302 0.355299 0.355316 0.355347 0.355362 0.355375 0.355381 0.000000 0.000000
0.000000 0.000000 0.360660 0.360649 0.360635 0.360599 0.360559 0.360501 0.360501 0.360495 0.360491 0.360492 0.360494 0.360493 0.360541 0.360576 0.360596 0.360609 0.360617 0.000000 0.000000
0.000000 0.000000 0.366905 0.366891 0.366875 0.366829 0.366784 0.366731 0.366732 0.366725 0.366720 0.366717 0.366715 0.366725 0.366769 0.366806 0.366839 0.366847 0.366862 0.000000 0.000000
0.000000 0.000000 0.373747 0.373729 0.373704 0.373670 0.373618 0.373558 0.373564 0.373551 0.373543 0.373541 0.373544 0.373541 0.373601 0.373646 0.373672 0.373682 0.373695 0.000000 0.000000
0.000000 0.000000 0.381334 0.381308 0.381289 0.381251 0.381194 0.381130 0.381131 0.381122 0.381109 0.381114 0.381123 0.381119 0.381168 0.381227 0.381258 0.381269 0.381276 0.000000 0.000000
0.000000 0.000000 0.390010 0.389988 0.389968 0.389886 0.389859 0.389772 0.389790 0.389747 0.389751 0.389744 0.389731 0.389754 0.389809 0.389846 0.389889 0.389905 0.389942 0.000000 0.000000
0.000000 0.000000 0.400163 0.400117 0.400066 0.400026 0.399981 0.399872 0.399870 0.399864 0.399877 0.399839 0.399857 0.399851 0.399950 0.400007 0.400030 0.400044 0.400120 0.000000 0.000000
0.000000 0.000000 0.411656 0.411613 0.411600 0.411520 0.411464 0.411175 0.411170 0.411151 0.411049 0.411111 0.411118 0.411142 0.411359 0.411408 0.411514 0.411519 0.411537 0.000000 0.000000
0.000000 0.000000 0.425971 0.425950 0.425857 0.425799 0.425393 0.425536 0.425449 0.425448 0.425502 0.425446 0.425436 0.425393 0.425262 0.425711 0.425727 0.425831 0.425894 0.000000 0.000000
0.000000 0.000000 0.442367 0.442318 0.442235 0.441703 0.441932 0.441599 0.441525 0.441489 0.441368 0.441328 0.441389 0.441392 0.441688 0.441469 0.442163 0.441998 0.441973 0.000000 0.000000
0.000000 0.000000 0.457190 0.457161 0.456570 0.456891 0.456780 0.456812 0.457074 0.457005 0.457146 0.457123 0.457010 0.457150 0.457063 0.457166 0.456482 0.457390 0.457377 0.000000 0.000000
0.000000 0.000000 0.470338 0.469848 0.470008 0.469789 0.469537 0.469455 0.469292 0.469330 0.469162 0.469182 0.469279 0.469177 0.469314 0.469502 0.469970 0.469606 0.470115 0.000000 0.000000
0.000000 0.000000 0.475088 0.475259 0.475557 0.475493 0.475443 0.475162 0.475172 0.475104 0.475190 0.475169 0.475172 0.475190 0.475434 0.475475 0.475579 0.475287 0.475119 0.000000 0.000000
0.000000 0.000000 0.350000 0.350000 0.350000 0.350000 0.350000 0.350000 0.350000 0.350000 0.350000 0.350000 0.350000 0.350000 0.350000 0.350000 0.350000 0.350000 0.350000 0.000000 0.000000
0.000000 0.000000 0.000000 0.000000 0.000000 0.000000 0.000000 0.000000 0.000000 0.000000 0.000000 0.000000 0.000000 0.000000 0.000000 0.000000 0.000000 0.000000 0.000000 0.000000 0.000000