geotop/1.0zi/1.0Montebello/Templates/testdem/maps/_Eocsand9255.asc
ncols         21
nrows         20
xllcorner     100.000000
yllcorner     100.000000
cellsize      50.000000
NODATA_value  -9999.0
0.000000 0.000000 0.000000 0.000000 0.000000 0.000000 0.000000 0.000000 0.000000 0.000000 0.000000 0.000000 0.000000 0.000000 0.000000 0.000000 0.000000 0.000000 0.000000 0.000000 0.000000
0.000000 0.000000 0.300235 0.300232 0.300232 0.300233 0.300232 0.300231 0.300231 0.300232 0.300232 0.300232 0.300232 0.300232 0.300232 0.300232 0.300233 0.300233 0.300233 0.000000 0.000000
0.000000 0.000000 0.300013 0.300014 0.300014 0.300013 0.300014 0.300014 0.300014 0.300014 0.300014 0.300014 0.300013 0.300014 0.300013 0.300014 0.300014 0.300015 0.300016 0.000000 0.000000
0.000000 0.000000 0.299855 0.299854 0.299861 0.299869 0.299868 0.299871 0.299865 0.299867 0.299867 0.299867 0.299866 0.299868 0.299863 0.299857 0.299854 0.299855 0.299854 0.000000 0.000000
0.000000 0.000000 0.297484 0.297487 0.297505 0.297530 0.297558 0.297563 0.297566 0.297567 0.297569 0.297565 0.297563 0.297562 0.297540 0.297529 0.297515 0.297510 0.297497 0.000000 0.000000
0.000000 0.000000 0.290642 0.290653 0.290690 0.290741 0.290800 0.290851 0.290849 0.290861 0.290857 0.290858 0.290849 0.290852 0.290823 0.290775 0.290749 0.290734 0.290719 0.000000 0.000000
0.000000 0.000000 0.281134 0.281153 0.281184 0.281246 0.281323 0.281428 0.281421 0.281430 0.281433 0.281433 0.281435 0.281428 0.281349 0.281286 0.281247 0.281224 0.281207 0.000000 0.000000
0.000000 0.000000 0.269870 0.269892 0.269919 0.269992 0.270072 0.270166 0.270162 0.270174 0.270179 0.270186 0.270190 0.270171 0.270097 0.270028 0.269966 0.269957 0.269927 0.000000 0.000000
0.000000 0.000000 0.257624 0.257655 0.257695 0.257747 0.257839 0.257950 0.257938 0.257960 0.257971 0.257976 0.257972 0.257974 0.257869 0.257788 0.257740 0.257725 0.257698 0.000000 0.000000
0.000000 0.000000 0.244295 0.244334 0.244365 0.244422 0.244545 0.244647 0.244642 0.244657 0.244677 0.244669 0.244655 0.244658 0.244574 0.244470 0.244413 0.244398 0.244382 0.000000 0.000000
0.000000 0.000000 0.229382 0.229410 0.229437 0.229569 0.229649 0.229782 0.229749 0.229821 0.229811 0.229822 0.229845 0.229801 0.229711 0.229647 0.229568 0.229541 0.229477 0.000000 0.000000
0.000000 0.000000 0.212274 0.212336 0.212413 0.212477 0.212592 0.212755 0.212752 0.212765 0.212738 0.212802 0.212773 0.212773 0.212613 0.212520 0.212476 0.212456 0.212323 0.000000 0.000000
0.000000 0.000000 0.193224 0.193281 0.193300 0.193444 0.193539 0.193998 0.193996 0.194022 0.194166 0.194085 0.194069 0.194024 0.193682 0.193595 0.193430 0.193424 0.193375 0.000000 0.000000
0.000000 0.000000 0.169927 0.169950 0.170079 0.170169 0.170802 0.170648 0.170770 0.170769 0.170703 0.170775 0.170787 0.170838 0.170986 0.170306 0.170258 0.170104 0.169999 0.000000 0.000000
0.000000 0.000000 0.142401 0.142483 0.142622 0.143453 0.143212 0.143687 0.143826 0.143875 0.144046 0.144127 0.144031 0.144030 0.143594 0.143807 0.142717 0.142959 0.142975 0.000000 0.000000
0.000000 0.000000 0.114453 0.114512 0.115612 0.115108 0.115274 0.115266 0.114790 0.114922 0.114676 0.114731 0.114932 0.114662 0.114766 0.114626 0.115756 0.114115 0.114138 0.000000 0.000000
0.000000 0.000000 0.085311 0.086541 0.086104 0.086667 0.087284 0.087483 0.087904 0.087806 0.088232 0.088184 0.087937 0.088194 0.087856 0.087402 0.086181 0.087157 0.085880 0.000000 0.000000
0.000000 0.000000 0.076721 0.075962 0.075176 0.075243 0.075260 0.076032 0.075925 0.076143 0.075810 0.075885 0.075923 0.075818 0.075178 0.075162 0.075084 0.075754 0.076506 0.000000 0.000000
0.000000 0.000000 0.300000 0.300000 0.300000 0.300000 0.300000 0.300000 0.300000 0.300000 0.300000 0.300000 0.300000 0.300000 0.300000 0.300000 0.300000 0.300000 0.300000 0.000000 0.000000
0.000000 0.000000 0.000000 0.000000 0.000000 0.000000 0.000000 0.000000 0.000000 0.000000 0.000000 0.000000 0.000000 0.000000 0.000000 0.000000 0.000000 0.000000 0.000000 0.000000 0.000000