geotop/1.0zi/1.0Montebello/Templates/testdem/maps/_Eocclay7672.asc
ncols         21
nrows         20
xllcorner     100.000000
yllcorner     100.000000
cellsize      50.000000
NODATA_value  -9999.0
0.000000 0.000000 0.000000 0.000000 0.000000 0.000000 0.000000 0.000000 0.000000 0.000000 0.000000 0.000000 0.000000 0.000000 0.000000 0.000000 0.000000 0.000000 0.000000 0.000000 0.000000
0.000000 0.000000 0.349647 0.349649 0.349649 0.349648 0.349649 0.349649 0.349649 0.349649 0.349648 0.349649 0.349649 0.349649 0.349650 0.349649 0.349647 0.349648 0.349648 0.000000 0.000000
0.000000 0.000000 0.349985 0.349984 0.349985 0.349986 0.349984 0.349984 0.349984 0.349984 0.349984 0.349984 0.349984 0.349984 0.349985 0.349985 0.349986 0.349985 0.349983 0.000000 0.000000
0.000000 0.000000 0.350003 0.350008 0.350004 0.350004 0.350007 0.350004 0.350006 0.350003 0.350006 0.350004 0.350004 0.350003 0.350005 0.350007 0.350006 0.350009 0.350007 0.000000 0.000000
0.000000 0.000000 0.350955 0.350953 0.350949 0.350943 0.350927 0.350925 0.350922 0.350925 0.350922 0.350923 0.350919 0.350923 0.350932 0.350934 0.350942 0.350944 0.350950 0.000000 0.000000
0.000000 0.000000 0.353562 0.353560 0.353549 0.353522 0.353509 0.353485 0.353486 0.353479 0.353483 0.353482 0.353485 0.353486 0.353497 0.353516 0.353530 0.353545 0.353550 0.000000 0.000000
0.000000 0.000000 0.357162 0.357159 0.357150 0.357128 0.357098 0.357062 0.357060 0.357055 0.357056 0.357057 0.357057 0.357058 0.357090 0.357118 0.357134 0.357147 0.357154 0.000000 0.000000
0.000000 0.000000 0.361456 0.361453 0.361446 0.361417 0.361389 0.361349 0.361349 0.361344 0.361344 0.361341 0.361339 0.361347 0.361381 0.361406 0.361430 0.361440 0.361452 0.000000 0.000000
0.000000 0.000000 0.365976 0.365969 0.365956 0.365939 0.365909 0.365868 0.365871 0.365861 0.365859 0.365857 0.365858 0.365857 0.365897 0.365929 0.365948 0.365958 0.365967 0.000000 0.000000
0.000000 0.000000 0.370727 0.370718 0.370711 0.370694 0.370650 0.370613 0.370613 0.370608 0.370603 0.370606 0.370611 0.370609 0.370643 0.370680 0.370703 0.370711 0.370719 0.000000 0.000000
0.000000 0.000000 0.375855 0.375849 0.375840 0.375804 0.375773 0.375731 0.375739 0.375716 0.375719 0.375718 0.375710 0.375726 0.375756 0.375779 0.375808 0.375824 0.375843 0.000000 0.000000
0.000000 0.000000 0.381481 0.381467 0.381450 0.381425 0.381392 0.381339 0.381336 0.381328 0.381340 0.381322 0.381327 0.381331 0.381385 0.381413 0.381433 0.381444 0.381493 0.000000 0.000000
0.000000 0.000000 0.387509 0.387494 0.387487 0.387454 0.387424 0.387291 0.387289 0.387281 0.387247 0.387264 0.387272 0.387285 0.387387 0.387415 0.387465 0.387472 0.387498 0.000000 0.000000
0.000000 0.000000 0.394468 0.394463 0.394436 0.394412 0.394253 0.394254 0.394221 0.394220 0.394226 0.394218 0.394215 0.394209 0.394203 0.394369 0.394400 0.394445 0.394478 0.000000 0.000000
0.000000 0.000000 0.402579 0.402565 0.402531 0.402336 0.402336 0.402241 0.402191 0.402180 0.402148 0.402124 0.402145 0.402140 0.402233 0.402247 0.402506 0.402473 0.402482 0.000000 0.000000
0.000000 0.000000 0.411494 0.411480 0.411201 0.411251 0.411234 0.411197 0.411292 0.411258 0.411307 0.411282 0.411240 0.411310 0.411327 0.411341 0.411177 0.411569 0.411563 0.000000 0.000000
0.000000 0.000000 0.422602 0.422158 0.422201 0.422049 0.421826 0.421760 0.421658 0.421680 0.421557 0.421565 0.421632 0.421571 0.421682 0.421846 0.422185 0.422017 0.422475 0.000000 0.000000
0.000000 0.000000 0.427736 0.428101 0.428512 0.428492 0.428479 0.428094 0.428138 0.428031 0.428189 0.428154 0.428139 0.428189 0.428521 0.428529 0.428587 0.428240 0.427888 0.000000 0.000000
0.000000 0.000000 0.350000 0.350000 0.350000 0.350000 0.350000 0.350000 0.350000 0.350000 0.350000 0.350000 0.350000 0.350000 0.350000 0.350000 0.350000 0.350000 0.350000 0.000000 0.000000
0.000000 0.000000 0.000000 0.000000 0.000000 0.000000 0.000000 0.000000 0.000000 0.000000 0.000000 0.000000 0.000000 0.000000 0.000000 0.000000 0.000000 0.000000 0.000000 0.000000 0.000000