geotop/1.0zi/1.0Montebello/Templates/testdem/maps/_Eocsilt8591.asc
ncols         21
nrows         20
xllcorner     100.000000
yllcorner     100.000000
cellsize      50.000000
NODATA_value  -9999.0
0.000000 0.000000 0.000000 0.000000 0.000000 0.000000 0.000000 0.000000 0.000000 0.000000 0.000000 0.000000 0.000000 0.000000 0.000000 0.000000 0.000000 0.000000 0.000000 0.000000 0.000000
0.000000 0.000000 0.350178 0.350178 0.350179 0.350179 0.350178 0.350179 0.350178 0.350178 0.350179 0.350178 0.350178 0.350178 0.350178 0.350178 0.350179 0.350179 0.350178 0.000000 0.000000
0.000000 0.000000 0.350006 0.350006 0.350006 0.350005 0.350006 0.350006 0.350006 0.350007 0.350007 0.350007 0.350007 0.350007 0.350006 0.350006 0.350004 0.350004 0.350006 0.000000 0.000000
0.000000 0.000000 0.350103 0.350099 0.350096 0.350090 0.350092 0.350086 0.350089 0.350089 0.350086 0.350088 0.350088 0.350089 0.350091 0.350095 0.350099 0.350099 0.350100 0.000000 0.000000
0.000000 0.000000 0.351083 0.351089 0.351078 0.351067 0.351058 0.351051 0.351049 0.351047 0.351048 0.351050 0.351053 0.351052 0.351065 0.351069 0.351073 0.351082 0.351084 0.000000 0.000000
0.000000 0.000000 0.353973 0.353970 0.353961 0.353942 0.353921 0.353899 0.353897 0.353891 0.353896 0.353896 0.353900 0.353897 0.353911 0.353924 0.353937 0.353944 0.353951 0.000000 0.000000
0.000000 0.000000 0.358142 0.358135 0.358124 0.358096 0.358060 0.358023 0.358024 0.358020 0.358021 0.358020 0.358018 0.358022 0.358055 0.358083 0.358101 0.358116 0.358124 0.000000 0.000000
0.000000 0.000000 0.363077 0.363073 0.363066 0.363035 0.363002 0.362961 0.362961 0.362955 0.362955 0.362953 0.362950 0.362958 0.362993 0.363022 0.363050 0.363056 0.363069 0.000000 0.000000
0.000000 0.000000 0.368419 0.368406 0.368391 0.368370 0.368332 0.368285 0.368288 0.368278 0.368276 0.368275 0.368277 0.368275 0.368321 0.368357 0.368379 0.368390 0.368402 0.000000 0.000000
0.000000 0.000000 0.374100 0.374088 0.374079 0.374059 0.374006 0.373965 0.373965 0.373960 0.373953 0.373958 0.373964 0.373961 0.374000 0.374042 0.374068 0.374077 0.374084 0.000000 0.000000
0.000000 0.000000 0.380308 0.380301 0.380292 0.380243 0.380208 0.380156 0.380170 0.380140 0.380146 0.380144 0.380134 0.380151 0.380190 0.380214 0.380249 0.380266 0.380290 0.000000 0.000000
0.000000 0.000000 0.387272 0.387249 0.387228 0.387202 0.387156 0.387095 0.387089 0.387084 0.387098 0.387076 0.387086 0.387087 0.387154 0.387189 0.387210 0.387224 0.387280 0.000000 0.000000
0.000000 0.000000 0.394871 0.394848 0.394846 0.394797 0.394762 0.394590 0.394587 0.394579 0.394530 0.394559 0.394566 0.394582 0.394715 0.394747 0.394813 0.394818 0.394845 0.000000 0.000000
0.000000 0.000000 0.403892 0.403885 0.403849 0.403817 0.403594 0.403622 0.403578 0.403578 0.403597 0.403579 0.403575 0.403558 0.403532 0.403766 0.403795 0.403857 0.403898 0.000000 0.000000
0.000000 0.000000 0.414579 0.414555 0.414509 0.414221 0.414262 0.414115 0.414054 0.414039 0.413988 0.413957 0.413990 0.413984 0.414129 0.414100 0.414481 0.414415 0.414418 0.000000 0.000000
0.000000 0.000000 0.426146 0.426126 0.425716 0.425851 0.425810 0.425784 0.425945 0.425896 0.425983 0.425958 0.425889 0.425989 0.425987 0.426016 0.425678 0.426282 0.426273 0.000000 0.000000
0.000000 0.000000 0.439969 0.439364 0.439525 0.439280 0.438977 0.438884 0.438704 0.438745 0.438558 0.438579 0.438688 0.438576 0.438737 0.438960 0.439503 0.439121 0.439750 0.000000 0.000000
0.000000 0.000000 0.444404 0.444936 0.445397 0.445397 0.445425 0.444972 0.445055 0.444921 0.445144 0.445100 0.445064 0.445139 0.445515 0.445494 0.445481 0.445132 0.444608 0.000000 0.000000
0.000000 0.000000 0.350000 0.350000 0.350000 0.350000 0.350000 0.350000 0.350000 0.350000 0.350000 0.350000 0.350000 0.350000 0.350000 0.350000 0.350000 0.350000 0.350000 0.000000 0.000000
0.000000 0.000000 0.000000 0.000000 0.000000 0.000000 0.000000 0.000000 0.000000 0.000000 0.000000 0.000000 0.000000 0.000000 0.000000 0.000000 0.000000 0.000000 0.000000 0.000000 0.000000