geotop/1.0zi/1.0Montebello/Templates/testdem/maps/_Eocsand9137.asc
ncols         21
nrows         20
xllcorner     100.000000
yllcorner     100.000000
cellsize      50.000000
NODATA_value  -9999.0
0.000000 0.000000 0.000000 0.000000 0.000000 0.000000 0.000000 0.000000 0.000000 0.000000 0.000000 0.000000 0.000000 0.000000 0.000000 0.000000 0.000000 0.000000 0.000000 0.000000 0.000000
0.000000 0.000000 0.300233 0.300230 0.300230 0.300231 0.300230 0.300229 0.300230 0.300230 0.300231 0.300230 0.300230 0.300230 0.300230 0.300230 0.300232 0.300231 0.300231 0.000000 0.000000
0.000000 0.000000 0.300012 0.300014 0.300014 0.300012 0.300013 0.300014 0.300013 0.300013 0.300014 0.300014 0.300013 0.300013 0.300013 0.300013 0.300014 0.300015 0.300015 0.000000 0.000000
0.000000 0.000000 0.299855 0.299854 0.299861 0.299869 0.299868 0.299872 0.299865 0.299867 0.299867 0.299867 0.299866 0.299868 0.299863 0.299857 0.299854 0.299855 0.299854 0.000000 0.000000
0.000000 0.000000 0.297492 0.297494 0.297512 0.297538 0.297565 0.297569 0.297572 0.297574 0.297575 0.297572 0.297569 0.297569 0.297546 0.297536 0.297522 0.297518 0.297506 0.000000 0.000000
0.000000 0.000000 0.290747 0.290760 0.290796 0.290846 0.290902 0.290948 0.290947 0.290959 0.290953 0.290954 0.290946 0.290949 0.290921 0.290877 0.290854 0.290841 0.290828 0.000000 0.000000
0.000000 0.000000 0.281441 0.281462 0.281492 0.281552 0.281627 0.281726 0.281720 0.281728 0.281730 0.281730 0.281733 0.281726 0.281648 0.281589 0.281553 0.281532 0.281516 0.000000 0.000000
0.000000 0.000000 0.270414 0.270438 0.270464 0.270535 0.270611 0.270700 0.270697 0.270708 0.270712 0.270718 0.270723 0.270705 0.270631 0.270567 0.270508 0.270502 0.270473 0.000000 0.000000
0.000000 0.000000 0.258450 0.258482 0.258522 0.258572 0.258660 0.258764 0.258754 0.258775 0.258784 0.258788 0.258785 0.258788 0.258684 0.258608 0.258564 0.258552 0.258526 0.000000 0.000000
0.000000 0.000000 0.245468 0.245509 0.245539 0.245593 0.245711 0.245806 0.245803 0.245816 0.245833 0.245825 0.245812 0.245816 0.245734 0.245636 0.245584 0.245571 0.245557 0.000000 0.000000
0.000000 0.000000 0.230993 0.231024 0.231050 0.231177 0.231252 0.231376 0.231345 0.231413 0.231402 0.231412 0.231435 0.231394 0.231306 0.231247 0.231174 0.231150 0.231090 0.000000 0.000000
0.000000 0.000000 0.214451 0.214514 0.214587 0.214649 0.214757 0.214908 0.214907 0.214919 0.214890 0.214950 0.214924 0.214925 0.214770 0.214685 0.214646 0.214631 0.214502 0.000000 0.000000
0.000000 0.000000 0.196094 0.196153 0.196172 0.196308 0.196397 0.196829 0.196830 0.196852 0.196987 0.196909 0.196895 0.196853 0.196524 0.196445 0.196293 0.196291 0.196242 0.000000 0.000000
0.000000 0.000000 0.173727 0.173755 0.173877 0.173963 0.174561 0.174417 0.174537 0.174533 0.174470 0.174535 0.174548 0.174597 0.174729 0.174088 0.174045 0.173904 0.173803 0.000000 0.000000
0.000000 0.000000 0.147215 0.147299 0.147435 0.148224 0.148008 0.148444 0.148584 0.148626 0.148784 0.148861 0.148773 0.148775 0.148367 0.148555 0.147525 0.147755 0.147769 0.000000 0.000000
0.000000 0.000000 0.119819 0.119883 0.120957 0.120488 0.120635 0.120629 0.120174 0.120299 0.120060 0.120115 0.120310 0.120049 0.120139 0.120017 0.121094 0.119507 0.119531 0.000000 0.000000
0.000000 0.000000 0.090210 0.091499 0.091052 0.091631 0.092271 0.092468 0.092904 0.092800 0.093238 0.093187 0.092934 0.093201 0.092853 0.092384 0.091129 0.092136 0.090805 0.000000 0.000000
0.000000 0.000000 0.081835 0.080939 0.080096 0.080137 0.080118 0.080945 0.080810 0.081050 0.080663 0.080745 0.080800 0.080674 0.079992 0.080003 0.079986 0.080677 0.081572 0.000000 0.000000
0.000000 0.000000 0.300000 0.300000 0.300000 0.300000 0.300000 0.300000 0.300000 0.300000 0.300000 0.300000 0.300000 0.300000 0.300000 0.300000 0.300000 0.300000 0.300000 0.000000 0.000000
0.000000 0.000000 0.000000 0.000000 0.000000 0.000000 0.000000 0.000000 0.000000 0.000000 0.000000 0.000000 0.000000 0.000000 0.000000 0.000000 0.000000 0.000000 0.000000 0.000000 0.000000