geotop/1.0zi/1.0Montebello/Templates/testdem/maps/_Eocsand8637.asc
ncols         21
nrows         20
xllcorner     100.000000
yllcorner     100.000000
cellsize      50.000000
NODATA_value  -9999.0
0.000000 0.000000 0.000000 0.000000 0.000000 0.000000 0.000000 0.000000 0.000000 0.000000 0.000000 0.000000 0.000000 0.000000 0.000000 0.000000 0.000000 0.000000 0.000000 0.000000 0.000000
0.000000 0.000000 0.300218 0.300216 0.300216 0.300217 0.300216 0.300215 0.300215 0.300215 0.300216 0.300215 0.300216 0.300216 0.300215 0.300216 0.300217 0.300217 0.300217 0.000000 0.000000
0.000000 0.000000 0.300012 0.300014 0.300013 0.300012 0.300013 0.300013 0.300013 0.300013 0.300013 0.300013 0.300012 0.300013 0.300013 0.300013 0.300014 0.300014 0.300015 0.000000 0.000000
0.000000 0.000000 0.299891 0.299890 0.299896 0.299906 0.299901 0.299908 0.299903 0.299905 0.299905 0.299905 0.299906 0.299907 0.299901 0.299896 0.299894 0.299890 0.299891 0.000000 0.000000
0.000000 0.000000 0.297815 0.297817 0.297831 0.297850 0.297877 0.297883 0.297888 0.297889 0.297890 0.297886 0.297884 0.297883 0.297861 0.297855 0.297841 0.297829 0.297818 0.000000 0.000000
0.000000 0.000000 0.291715 0.291721 0.291749 0.291801 0.291841 0.291885 0.291885 0.291898 0.291888 0.291888 0.291879 0.291882 0.291856 0.291822 0.291793 0.291773 0.291759 0.000000 0.000000
0.000000 0.000000 0.283187 0.283202 0.283222 0.283280 0.283351 0.283428 0.283428 0.283437 0.283435 0.283434 0.283435 0.283430 0.283361 0.283302 0.283266 0.283238 0.283222 0.000000 0.000000
0.000000 0.000000 0.273089 0.273101 0.273117 0.273184 0.273250 0.273334 0.273334 0.273346 0.273346 0.273351 0.273355 0.273338 0.273264 0.273208 0.273151 0.273136 0.273109 0.000000 0.000000
0.000000 0.000000 0.262204 0.262228 0.262259 0.262304 0.262380 0.262471 0.262464 0.262485 0.262489 0.262492 0.262489 0.262492 0.262400 0.262326 0.262282 0.262260 0.262237 0.000000 0.000000
0.000000 0.000000 0.250564 0.250592 0.250610 0.250655 0.250763 0.250844 0.250843 0.250854 0.250867 0.250857 0.250845 0.250849 0.250772 0.250684 0.250632 0.250614 0.250598 0.000000 0.000000
0.000000 0.000000 0.237765 0.237782 0.237802 0.237904 0.237976 0.238080 0.238052 0.238113 0.238099 0.238105 0.238124 0.238088 0.238011 0.237960 0.237888 0.237853 0.237804 0.000000 0.000000
0.000000 0.000000 0.223368 0.223416 0.223460 0.223518 0.223613 0.223734 0.223747 0.223756 0.223727 0.223773 0.223753 0.223751 0.223614 0.223540 0.223497 0.223468 0.223353 0.000000 0.000000
0.000000 0.000000 0.207595 0.207643 0.207650 0.207754 0.207828 0.208182 0.208189 0.208204 0.208306 0.208245 0.208229 0.208196 0.207920 0.207853 0.207714 0.207705 0.207650 0.000000 0.000000
0.000000 0.000000 0.188771 0.188786 0.188866 0.188935 0.189408 0.189336 0.189430 0.189428 0.189386 0.189425 0.189433 0.189468 0.189531 0.189034 0.188974 0.188844 0.188758 0.000000 0.000000
0.000000 0.000000 0.166380 0.166434 0.166531 0.167150 0.167053 0.167363 0.167490 0.167521 0.167631 0.167695 0.167625 0.167635 0.167326 0.167398 0.166586 0.166730 0.166725 0.000000 0.000000
0.000000 0.000000 0.142128 0.142173 0.143052 0.142750 0.142844 0.142884 0.142535 0.142637 0.142447 0.142499 0.142649 0.142433 0.142448 0.142381 0.143127 0.141827 0.141845 0.000000 0.000000
0.000000 0.000000 0.113071 0.114373 0.114002 0.114543 0.115196 0.115389 0.115786 0.115692 0.116100 0.116054 0.115814 0.116060 0.115714 0.115233 0.114045 0.114903 0.113549 0.000000 0.000000
0.000000 0.000000 0.104350 0.103173 0.102189 0.102181 0.102105 0.103073 0.102886 0.103176 0.102684 0.102780 0.102863 0.102696 0.101894 0.101949 0.102005 0.102738 0.103901 0.000000 0.000000
0.000000 0.000000 0.300000 0.300000 0.300000 0.300000 0.300000 0.300000 0.300000 0.300000 0.300000 0.300000 0.300000 0.300000 0.300000 0.300000 0.300000 0.300000 0.300000 0.000000 0.000000
0.000000 0.000000 0.000000 0.000000 0.000000 0.000000 0.000000 0.000000 0.000000 0.000000 0.000000 0.000000 0.000000 0.000000 0.000000 0.000000 0.000000 0.000000 0.000000 0.000000 0.000000