geotop/1.0zi/1.0Montebello/Templates/testdem/maps/_Eocsand0318.asc
ncols         21
nrows         20
xllcorner     100.000000
yllcorner     100.000000
cellsize      50.000000
NODATA_value  -9999.0
0.000000 0.000000 0.000000 0.000000 0.000000 0.000000 0.000000 0.000000 0.000000 0.000000 0.000000 0.000000 0.000000 0.000000 0.000000 0.000000 0.000000 0.000000 0.000000 0.000000 0.000000
0.000000 0.000000 0.300013 0.300013 0.300013 0.300013 0.300013 0.300013 0.300013 0.300013 0.300013 0.300013 0.300013 0.300013 0.300013 0.300013 0.300013 0.300013 0.300013 0.000000 0.000000
0.000000 0.000000 0.300001 0.300001 0.300002 0.300001 0.300001 0.300001 0.300001 0.300001 0.300001 0.300001 0.300001 0.300001 0.300001 0.300001 0.300002 0.300001 0.300001 0.000000 0.000000
0.000000 0.000000 0.299505 0.299505 0.299510 0.299505 0.299505 0.299505 0.299505 0.299505 0.299505 0.299505 0.299505 0.299505 0.299505 0.299505 0.299510 0.299505 0.299505 0.000000 0.000000
0.000000 0.000000 0.298230 0.298230 0.298235 0.298231 0.298230 0.298230 0.298230 0.298230 0.298230 0.298230 0.298230 0.298230 0.298230 0.298231 0.298235 0.298230 0.298230 0.000000 0.000000
0.000000 0.000000 0.297050 0.297050 0.297054 0.297050 0.297050 0.297050 0.297050 0.297050 0.297050 0.297050 0.297050 0.297050 0.297050 0.297050 0.297054 0.297050 0.297050 0.000000 0.000000
0.000000 0.000000 0.295984 0.295984 0.295987 0.295984 0.295984 0.295984 0.295984 0.295984 0.295984 0.295984 0.295984 0.295984 0.295984 0.295984 0.295987 0.295984 0.295984 0.000000 0.000000
0.000000 0.000000 0.295002 0.295002 0.295005 0.295002 0.295002 0.295002 0.295002 0.295002 0.295002 0.295002 0.295002 0.295002 0.295002 0.295002 0.295005 0.295002 0.295002 0.000000 0.000000
0.000000 0.000000 0.294078 0.294078 0.294081 0.294078 0.294078 0.294078 0.294078 0.294078 0.294078 0.294078 0.294078 0.294078 0.294078 0.294078 0.294081 0.294078 0.294078 0.000000 0.000000
0.000000 0.000000 0.293188 0.293188 0.293190 0.293188 0.293188 0.293187 0.293187 0.293188 0.293188 0.293188 0.293187 0.293187 0.293188 0.293188 0.293190 0.293188 0.293188 0.000000 0.000000
0.000000 0.000000 0.292324 0.292324 0.292327 0.292325 0.292324 0.292324 0.292324 0.292324 0.292324 0.292324 0.292324 0.292324 0.292324 0.292325 0.292327 0.292324 0.292324 0.000000 0.000000
0.000000 0.000000 0.291480 0.291480 0.291483 0.291481 0.291480 0.291480 0.291480 0.291480 0.291480 0.291480 0.291480 0.291480 0.291480 0.291481 0.291483 0.291480 0.291480 0.000000 0.000000
0.000000 0.000000 0.290651 0.290651 0.290654 0.290652 0.290651 0.290651 0.290651 0.290651 0.290651 0.290651 0.290651 0.290651 0.290651 0.290652 0.290654 0.290651 0.290651 0.000000 0.000000
0.000000 0.000000 0.289838 0.289838 0.289841 0.289838 0.289838 0.289838 0.289838 0.289838 0.289838 0.289838 0.289838 0.289838 0.289838 0.289838 0.289841 0.289838 0.289838 0.000000 0.000000
0.000000 0.000000 0.289034 0.289035 0.289037 0.289035 0.289034 0.289034 0.289034 0.289034 0.289034 0.289034 0.289034 0.289034 0.289034 0.289035 0.289037 0.289035 0.289034 0.000000 0.000000
0.000000 0.000000 0.288235 0.288235 0.288238 0.288235 0.288235 0.288235 0.288235 0.288235 0.288235 0.288235 0.288235 0.288235 0.288235 0.288235 0.288238 0.288235 0.288235 0.000000 0.000000
0.000000 0.000000 0.287446 0.287447 0.287449 0.287447 0.287446 0.287446 0.287446 0.287446 0.287446 0.287446 0.287446 0.287446 0.287446 0.287447 0.287449 0.287447 0.287446 0.000000 0.000000
0.000000 0.000000 0.286624 0.286624 0.286626 0.286624 0.286624 0.286624 0.286624 0.286624 0.286624 0.286624 0.286624 0.286624 0.286624 0.286624 0.286626 0.286624 0.286624 0.000000 0.000000
0.000000 0.000000 0.300000 0.300000 0.300000 0.300000 0.300000 0.300000 0.300000 0.300000 0.300000 0.300000 0.300000 0.300000 0.300000 0.300000 0.300000 0.300000 0.300000 0.000000 0.000000
0.000000 0.000000 0.000000 0.000000 0.000000 0.000000 0.000000 0.000000 0.000000 0.000000 0.000000 0.000000 0.000000 0.000000 0.000000 0.000000 0.000000 0.000000 0.000000 0.000000 0.000000