geotop/1.0zi/1.0Montebello/Templates/testdem/maps/_Eocclay9725.asc
ncols         21
nrows         20
xllcorner     100.000000
yllcorner     100.000000
cellsize      50.000000
NODATA_value  -9999.0
0.000000 0.000000 0.000000 0.000000 0.000000 0.000000 0.000000 0.000000 0.000000 0.000000 0.000000 0.000000 0.000000 0.000000 0.000000 0.000000 0.000000 0.000000 0.000000 0.000000 0.000000
0.000000 0.000000 0.349552 0.349555 0.349555 0.349554 0.349556 0.349556 0.349555 0.349555 0.349554 0.349555 0.349555 0.349555 0.349555 0.349555 0.349553 0.349554 0.349555 0.000000 0.000000
0.000000 0.000000 0.349981 0.349979 0.349979 0.349982 0.349979 0.349979 0.349979 0.349979 0.349979 0.349980 0.349980 0.349979 0.349980 0.349981 0.349981 0.349981 0.349979 0.000000 0.000000
0.000000 0.000000 0.350040 0.350045 0.350042 0.350038 0.350039 0.350039 0.350043 0.350040 0.350043 0.350041 0.350042 0.350040 0.350043 0.350046 0.350045 0.350046 0.350043 0.000000 0.000000
0.000000 0.000000 0.351485 0.351479 0.351473 0.351461 0.351443 0.351440 0.351437 0.351439 0.351437 0.351441 0.351441 0.351443 0.351452 0.351457 0.351468 0.351471 0.351480 0.000000 0.000000
0.000000 0.000000 0.355413 0.355408 0.355385 0.355348 0.355318 0.355286 0.355291 0.355285 0.355285 0.355284 0.355291 0.355289 0.355305 0.355337 0.355352 0.355365 0.355370 0.000000 0.000000
0.000000 0.000000 0.360626 0.360615 0.360601 0.360565 0.360525 0.360467 0.360467 0.360462 0.360458 0.360459 0.360460 0.360460 0.360508 0.360543 0.360562 0.360576 0.360583 0.000000 0.000000
0.000000 0.000000 0.366843 0.366830 0.366813 0.366768 0.366723 0.366670 0.366671 0.366664 0.366659 0.366657 0.366655 0.366665 0.366708 0.366744 0.366777 0.366786 0.366800 0.000000 0.000000
0.000000 0.000000 0.373648 0.373631 0.373607 0.373572 0.373521 0.373461 0.373467 0.373454 0.373446 0.373444 0.373447 0.373445 0.373504 0.373549 0.373574 0.373584 0.373597 0.000000 0.000000
0.000000 0.000000 0.381187 0.381161 0.381142 0.381105 0.381048 0.380985 0.380986 0.380977 0.380963 0.380969 0.380977 0.380974 0.381022 0.381081 0.381111 0.381123 0.381129 0.000000 0.000000
0.000000 0.000000 0.389797 0.389776 0.389757 0.389675 0.389647 0.389561 0.389579 0.389537 0.389540 0.389534 0.389521 0.389545 0.389599 0.389635 0.389678 0.389693 0.389730 0.000000 0.000000
0.000000 0.000000 0.399861 0.399817 0.399766 0.399726 0.399681 0.399573 0.399571 0.399566 0.399578 0.399541 0.399559 0.399553 0.399650 0.399707 0.399730 0.399743 0.399819 0.000000 0.000000
0.000000 0.000000 0.411241 0.411199 0.411187 0.411108 0.411052 0.410766 0.410761 0.410743 0.410642 0.410704 0.410710 0.410735 0.410948 0.410996 0.411101 0.411106 0.411125 0.000000 0.000000
0.000000 0.000000 0.425409 0.425389 0.425297 0.425240 0.424838 0.424979 0.424892 0.424892 0.424944 0.424890 0.424880 0.424838 0.424708 0.425151 0.425167 0.425271 0.425333 0.000000 0.000000
0.000000 0.000000 0.441678 0.441629 0.441547 0.441020 0.441244 0.440915 0.440841 0.440806 0.440686 0.440647 0.440708 0.440711 0.441001 0.440786 0.441473 0.441311 0.441286 0.000000 0.000000
0.000000 0.000000 0.456496 0.456467 0.455875 0.456197 0.456086 0.456118 0.456382 0.456312 0.456454 0.456431 0.456317 0.456458 0.456370 0.456471 0.455785 0.456697 0.456683 0.000000 0.000000
0.000000 0.000000 0.469767 0.469266 0.469435 0.469209 0.468953 0.468869 0.468701 0.468740 0.468567 0.468588 0.468688 0.468584 0.468722 0.468913 0.469396 0.469016 0.469538 0.000000 0.000000
0.000000 0.000000 0.474482 0.474667 0.474976 0.474913 0.474865 0.474577 0.474589 0.474518 0.474609 0.474587 0.474589 0.474610 0.474859 0.474897 0.474999 0.474700 0.474517 0.000000 0.000000
0.000000 0.000000 0.350000 0.350000 0.350000 0.350000 0.350000 0.350000 0.350000 0.350000 0.350000 0.350000 0.350000 0.350000 0.350000 0.350000 0.350000 0.350000 0.350000 0.000000 0.000000
0.000000 0.000000 0.000000 0.000000 0.000000 0.000000 0.000000 0.000000 0.000000 0.000000 0.000000 0.000000 0.000000 0.000000 0.000000 0.000000 0.000000 0.000000 0.000000 0.000000 0.000000