geotop/1.0zi/1.0Montebello/Templates/testdem/maps/_Eocclay0919.asc
ncols         21
nrows         20
xllcorner     100.000000
yllcorner     100.000000
cellsize      50.000000
NODATA_value  -9999.0
0.000000 0.000000 0.000000 0.000000 0.000000 0.000000 0.000000 0.000000 0.000000 0.000000 0.000000 0.000000 0.000000 0.000000 0.000000 0.000000 0.000000 0.000000 0.000000 0.000000 0.000000
0.000000 0.000000 0.349950 0.349950 0.349950 0.349950 0.349950 0.349950 0.349950 0.349950 0.349950 0.349950 0.349950 0.349950 0.349950 0.349950 0.349950 0.349950 0.349950 0.000000 0.000000
0.000000 0.000000 0.349996 0.349996 0.349995 0.349996 0.349996 0.349996 0.349996 0.349996 0.349996 0.349996 0.349996 0.349996 0.349996 0.349996 0.349995 0.349996 0.349996 0.000000 0.000000
0.000000 0.000000 0.350383 0.350383 0.350381 0.350382 0.350383 0.350383 0.350383 0.350383 0.350383 0.350383 0.350383 0.350383 0.350383 0.350382 0.350381 0.350383 0.350383 0.000000 0.000000
0.000000 0.000000 0.351842 0.351840 0.351839 0.351838 0.351842 0.351842 0.351841 0.351842 0.351842 0.351842 0.351841 0.351842 0.351842 0.351838 0.351839 0.351840 0.351842 0.000000 0.000000
0.000000 0.000000 0.353429 0.353428 0.353426 0.353426 0.353429 0.353428 0.353428 0.353429 0.353429 0.353429 0.353428 0.353428 0.353429 0.353426 0.353426 0.353428 0.353429 0.000000 0.000000
0.000000 0.000000 0.354928 0.354928 0.354926 0.354926 0.354929 0.354928 0.354928 0.354929 0.354928 0.354929 0.354928 0.354928 0.354929 0.354926 0.354926 0.354928 0.354928 0.000000 0.000000
0.000000 0.000000 0.356309 0.356308 0.356307 0.356307 0.356309 0.356309 0.356309 0.356309 0.356309 0.356309 0.356309 0.356309 0.356309 0.356307 0.356307 0.356308 0.356309 0.000000 0.000000
0.000000 0.000000 0.357602 0.357601 0.357600 0.357600 0.357602 0.357601 0.357601 0.357602 0.357602 0.357602 0.357601 0.357601 0.357602 0.357600 0.357600 0.357601 0.357602 0.000000 0.000000
0.000000 0.000000 0.358841 0.358840 0.358839 0.358839 0.358841 0.358841 0.358841 0.358841 0.358841 0.358841 0.358841 0.358841 0.358841 0.358839 0.358839 0.358840 0.358841 0.000000 0.000000
0.000000 0.000000 0.360039 0.360039 0.360037 0.360038 0.360039 0.360039 0.360039 0.360039 0.360039 0.360039 0.360039 0.360039 0.360039 0.360038 0.360037 0.360039 0.360039 0.000000 0.000000
0.000000 0.000000 0.361210 0.361210 0.361209 0.361209 0.361210 0.361210 0.361210 0.361210 0.361210 0.361210 0.361210 0.361210 0.361210 0.361209 0.361209 0.361210 0.361210 0.000000 0.000000
0.000000 0.000000 0.362362 0.362362 0.362361 0.362361 0.362362 0.362362 0.362362 0.362362 0.362362 0.362362 0.362362 0.362362 0.362362 0.362361 0.362361 0.362362 0.362362 0.000000 0.000000
0.000000 0.000000 0.363495 0.363494 0.363493 0.363493 0.363495 0.363495 0.363495 0.363495 0.363495 0.363495 0.363495 0.363495 0.363495 0.363493 0.363493 0.363494 0.363495 0.000000 0.000000
0.000000 0.000000 0.364615 0.364614 0.364613 0.364613 0.364615 0.364615 0.364614 0.364615 0.364615 0.364615 0.364614 0.364615 0.364615 0.364613 0.364613 0.364614 0.364615 0.000000 0.000000
0.000000 0.000000 0.365727 0.365726 0.365725 0.365725 0.365727 0.365727 0.365727 0.365727 0.365727 0.365727 0.365727 0.365727 0.365727 0.365725 0.365725 0.365726 0.365727 0.000000 0.000000
0.000000 0.000000 0.366829 0.366828 0.366827 0.366827 0.366829 0.366829 0.366829 0.366829 0.366829 0.366829 0.366829 0.366829 0.366829 0.366827 0.366827 0.366828 0.366829 0.000000 0.000000
0.000000 0.000000 0.367958 0.367958 0.367956 0.367957 0.367958 0.367958 0.367958 0.367958 0.367958 0.367958 0.367958 0.367958 0.367958 0.367957 0.367956 0.367958 0.367958 0.000000 0.000000
0.000000 0.000000 0.350000 0.350000 0.350000 0.350000 0.350000 0.350000 0.350000 0.350000 0.350000 0.350000 0.350000 0.350000 0.350000 0.350000 0.350000 0.350000 0.350000 0.000000 0.000000
0.000000 0.000000 0.000000 0.000000 0.000000 0.000000 0.000000 0.000000 0.000000 0.000000 0.000000 0.000000 0.000000 0.000000 0.000000 0.000000 0.000000 0.000000 0.000000 0.000000 0.000000