geotop/1.0zi/1.0Montebello/Templates/testdem/maps/_Eocclay2551.asc
ncols         21
nrows         20
xllcorner     100.000000
yllcorner     100.000000
cellsize      50.000000
NODATA_value  -9999.0
0.000000 0.000000 0.000000 0.000000 0.000000 0.000000 0.000000 0.000000 0.000000 0.000000 0.000000 0.000000 0.000000 0.000000 0.000000 0.000000 0.000000 0.000000 0.000000 0.000000 0.000000
0.000000 0.000000 0.349866 0.349866 0.349866 0.349866 0.349866 0.349866 0.349866 0.349866 0.349865 0.349866 0.349866 0.349866 0.349866 0.349866 0.349866 0.349866 0.349866 0.000000 0.000000
0.000000 0.000000 0.349990 0.349990 0.349989 0.349990 0.349990 0.349990 0.349990 0.349990 0.349990 0.349990 0.349990 0.349990 0.349990 0.349990 0.349989 0.349990 0.349990 0.000000 0.000000
0.000000 0.000000 0.350779 0.350778 0.350776 0.350777 0.350779 0.350778 0.350778 0.350779 0.350779 0.350779 0.350778 0.350778 0.350779 0.350777 0.350776 0.350778 0.350779 0.000000 0.000000
0.000000 0.000000 0.354417 0.354416 0.354414 0.354414 0.354418 0.354417 0.354417 0.354418 0.354418 0.354418 0.354417 0.354417 0.354418 0.354414 0.354414 0.354416 0.354417 0.000000 0.000000
0.000000 0.000000 0.358620 0.358619 0.358618 0.358618 0.358620 0.358619 0.358619 0.358620 0.358621 0.358620 0.358619 0.358619 0.358620 0.358618 0.358618 0.358619 0.358620 0.000000 0.000000
0.000000 0.000000 0.362612 0.362612 0.362611 0.362611 0.362613 0.362612 0.362612 0.362613 0.362613 0.362613 0.362612 0.362612 0.362613 0.362611 0.362611 0.362612 0.362612 0.000000 0.000000
0.000000 0.000000 0.366281 0.366280 0.366279 0.366279 0.366281 0.366280 0.366280 0.366281 0.366281 0.366281 0.366280 0.366280 0.366281 0.366279 0.366279 0.366280 0.366281 0.000000 0.000000
0.000000 0.000000 0.369702 0.369701 0.369700 0.369700 0.369702 0.369701 0.369701 0.369702 0.369702 0.369702 0.369701 0.369701 0.369702 0.369700 0.369700 0.369701 0.369702 0.000000 0.000000
0.000000 0.000000 0.372953 0.372953 0.372951 0.372952 0.372953 0.372953 0.372953 0.372953 0.372954 0.372953 0.372953 0.372953 0.372953 0.372952 0.372951 0.372953 0.372953 0.000000 0.000000
0.000000 0.000000 0.376072 0.376072 0.376071 0.376071 0.376073 0.376072 0.376072 0.376073 0.376073 0.376073 0.376072 0.376072 0.376073 0.376071 0.376071 0.376072 0.376072 0.000000 0.000000
0.000000 0.000000 0.379089 0.379088 0.379087 0.379088 0.379089 0.379088 0.379089 0.379089 0.379089 0.379089 0.379089 0.379088 0.379089 0.379088 0.379087 0.379088 0.379089 0.000000 0.000000
0.000000 0.000000 0.382023 0.382023 0.382022 0.382022 0.382023 0.382023 0.382023 0.382023 0.382024 0.382023 0.382023 0.382023 0.382023 0.382022 0.382022 0.382023 0.382023 0.000000 0.000000
0.000000 0.000000 0.384890 0.384889 0.384888 0.384889 0.384890 0.384890 0.384890 0.384890 0.384890 0.384890 0.384890 0.384890 0.384890 0.384889 0.384888 0.384889 0.384890 0.000000 0.000000
0.000000 0.000000 0.387699 0.387699 0.387698 0.387698 0.387700 0.387699 0.387699 0.387700 0.387700 0.387700 0.387699 0.387699 0.387700 0.387698 0.387698 0.387699 0.387699 0.000000 0.000000
0.000000 0.000000 0.390457 0.390457 0.390455 0.390456 0.390457 0.390457 0.390457 0.390457 0.390457 0.390457 0.390457 0.390457 0.390457 0.390456 0.390455 0.390457 0.390457 0.000000 0.000000
0.000000 0.000000 0.393165 0.393164 0.393163 0.393164 0.393165 0.393164 0.393164 0.393165 0.393165 0.393165 0.393164 0.393164 0.393165 0.393164 0.393163 0.393164 0.393165 0.000000 0.000000
0.000000 0.000000 0.395862 0.395862 0.395861 0.395861 0.395862 0.395862 0.395862 0.395862 0.395862 0.395862 0.395862 0.395862 0.395862 0.395861 0.395861 0.395862 0.395862 0.000000 0.000000
0.000000 0.000000 0.350000 0.350000 0.350000 0.350000 0.350000 0.350000 0.350000 0.350000 0.350000 0.350000 0.350000 0.350000 0.350000 0.350000 0.350000 0.350000 0.350000 0.000000 0.000000
0.000000 0.000000 0.000000 0.000000 0.000000 0.000000 0.000000 0.000000 0.000000 0.000000 0.000000 0.000000 0.000000 0.000000 0.000000 0.000000 0.000000 0.000000 0.000000 0.000000 0.000000