geotop/1.0zi/1.0Montebello/Templates/testdem/maps/_Eocsand3464.asc
ncols         21
nrows         20
xllcorner     100.000000
yllcorner     100.000000
cellsize      50.000000
NODATA_value  -9999.0
0.000000 0.000000 0.000000 0.000000 0.000000 0.000000 0.000000 0.000000 0.000000 0.000000 0.000000 0.000000 0.000000 0.000000 0.000000 0.000000 0.000000 0.000000 0.000000 0.000000 0.000000
0.000000 0.000000 0.300092 0.300092 0.300092 0.300092 0.300092 0.300092 0.300092 0.300092 0.300093 0.300092 0.300092 0.300092 0.300092 0.300092 0.300092 0.300092 0.300092 0.000000 0.000000
0.000000 0.000000 0.300010 0.300011 0.300011 0.300010 0.300011 0.300010 0.300010 0.300011 0.300009 0.300011 0.300010 0.300010 0.300011 0.300010 0.300011 0.300011 0.300010 0.000000 0.000000
0.000000 0.000000 0.297325 0.297326 0.297331 0.297329 0.297326 0.297326 0.297326 0.297326 0.297325 0.297326 0.297326 0.297326 0.297326 0.297329 0.297331 0.297326 0.297325 0.000000 0.000000
0.000000 0.000000 0.287103 0.287104 0.287108 0.287107 0.287101 0.287104 0.287104 0.287101 0.287100 0.287101 0.287104 0.287104 0.287101 0.287107 0.287108 0.287104 0.287103 0.000000 0.000000
0.000000 0.000000 0.275211 0.275212 0.275215 0.275215 0.275210 0.275212 0.275212 0.275210 0.275209 0.275210 0.275212 0.275212 0.275210 0.275215 0.275215 0.275212 0.275211 0.000000 0.000000
0.000000 0.000000 0.264259 0.264260 0.264263 0.264263 0.264259 0.264260 0.264260 0.264259 0.264257 0.264259 0.264260 0.264260 0.264259 0.264263 0.264263 0.264260 0.264259 0.000000 0.000000
0.000000 0.000000 0.254330 0.254331 0.254334 0.254333 0.254330 0.254331 0.254331 0.254330 0.254329 0.254330 0.254331 0.254331 0.254330 0.254333 0.254334 0.254331 0.254330 0.000000 0.000000
0.000000 0.000000 0.245167 0.245168 0.245170 0.245169 0.245166 0.245168 0.245167 0.245166 0.245165 0.245166 0.245167 0.245168 0.245166 0.245169 0.245170 0.245168 0.245167 0.000000 0.000000
0.000000 0.000000 0.236555 0.236556 0.236558 0.236557 0.236554 0.236556 0.236556 0.236555 0.236554 0.236555 0.236556 0.236556 0.236554 0.236557 0.236558 0.236556 0.236555 0.000000 0.000000
0.000000 0.000000 0.228384 0.228385 0.228387 0.228386 0.228384 0.228385 0.228385 0.228384 0.228383 0.228384 0.228385 0.228385 0.228384 0.228386 0.228387 0.228385 0.228384 0.000000 0.000000
0.000000 0.000000 0.220575 0.220576 0.220578 0.220577 0.220575 0.220576 0.220576 0.220575 0.220574 0.220575 0.220576 0.220576 0.220575 0.220577 0.220578 0.220576 0.220575 0.000000 0.000000
0.000000 0.000000 0.213070 0.213070 0.213072 0.213072 0.213069 0.213070 0.213070 0.213069 0.213068 0.213069 0.213070 0.213070 0.213069 0.213072 0.213072 0.213070 0.213070 0.000000 0.000000
0.000000 0.000000 0.205809 0.205810 0.205812 0.205811 0.205808 0.205810 0.205810 0.205809 0.205808 0.205809 0.205810 0.205810 0.205808 0.205811 0.205812 0.205810 0.205809 0.000000 0.000000
0.000000 0.000000 0.198772 0.198773 0.198775 0.198774 0.198772 0.198773 0.198773 0.198772 0.198771 0.198772 0.198773 0.198773 0.198772 0.198774 0.198775 0.198773 0.198772 0.000000 0.000000
0.000000 0.000000 0.191949 0.191949 0.191951 0.191950 0.191948 0.191949 0.191949 0.191948 0.191947 0.191948 0.191949 0.191949 0.191948 0.191950 0.191951 0.191949 0.191949 0.000000 0.000000
0.000000 0.000000 0.185315 0.185315 0.185317 0.185316 0.185314 0.185315 0.185315 0.185314 0.185313 0.185314 0.185315 0.185315 0.185314 0.185316 0.185317 0.185315 0.185315 0.000000 0.000000
0.000000 0.000000 0.178759 0.178759 0.178761 0.178760 0.178758 0.178759 0.178759 0.178758 0.178757 0.178758 0.178759 0.178759 0.178758 0.178760 0.178761 0.178759 0.178758 0.000000 0.000000
0.000000 0.000000 0.300000 0.300000 0.300000 0.300000 0.300000 0.300000 0.300000 0.300000 0.300000 0.300000 0.300000 0.300000 0.300000 0.300000 0.300000 0.300000 0.300000 0.000000 0.000000
0.000000 0.000000 0.000000 0.000000 0.000000 0.000000 0.000000 0.000000 0.000000 0.000000 0.000000 0.000000 0.000000 0.000000 0.000000 0.000000 0.000000 0.000000 0.000000 0.000000 0.000000