geotop/1.0zi/1.0Montebello/Templates/testdem/maps/_Eocsand8805.asc
ncols         21
nrows         20
xllcorner     100.000000
yllcorner     100.000000
cellsize      50.000000
NODATA_value  -9999.0
0.000000 0.000000 0.000000 0.000000 0.000000 0.000000 0.000000 0.000000 0.000000 0.000000 0.000000 0.000000 0.000000 0.000000 0.000000 0.000000 0.000000 0.000000 0.000000 0.000000 0.000000
0.000000 0.000000 0.300224 0.300222 0.300222 0.300222 0.300221 0.300221 0.300221 0.300221 0.300222 0.300221 0.300222 0.300222 0.300221 0.300222 0.300223 0.300223 0.300223 0.000000 0.000000
0.000000 0.000000 0.300012 0.300014 0.300013 0.300012 0.300013 0.300013 0.300013 0.300013 0.300013 0.300013 0.300012 0.300013 0.300013 0.300013 0.300014 0.300014 0.300015 0.000000 0.000000
0.000000 0.000000 0.299856 0.299856 0.299862 0.299870 0.299869 0.299873 0.299867 0.299869 0.299869 0.299868 0.299867 0.299869 0.299864 0.299859 0.299856 0.299856 0.299855 0.000000 0.000000
0.000000 0.000000 0.297578 0.297579 0.297592 0.297618 0.297644 0.297648 0.297652 0.297653 0.297655 0.297651 0.297649 0.297648 0.297625 0.297615 0.297601 0.297597 0.297585 0.000000 0.000000
0.000000 0.000000 0.291167 0.291175 0.291204 0.291252 0.291302 0.291347 0.291344 0.291356 0.291347 0.291347 0.291338 0.291341 0.291313 0.291271 0.291248 0.291234 0.291222 0.000000 0.000000
0.000000 0.000000 0.282298 0.282315 0.282337 0.282396 0.282465 0.282558 0.282552 0.282561 0.282560 0.282559 0.282561 0.282556 0.282478 0.282420 0.282385 0.282363 0.282348 0.000000 0.000000
0.000000 0.000000 0.271809 0.271826 0.271843 0.271911 0.271981 0.272066 0.272062 0.272072 0.272073 0.272078 0.272082 0.272065 0.271993 0.271931 0.271873 0.271866 0.271839 0.000000 0.000000
0.000000 0.000000 0.260481 0.260506 0.260537 0.260585 0.260665 0.260761 0.260750 0.260770 0.260776 0.260779 0.260775 0.260779 0.260679 0.260605 0.260562 0.260550 0.260524 0.000000 0.000000
0.000000 0.000000 0.248280 0.248313 0.248331 0.248380 0.248492 0.248577 0.248572 0.248584 0.248597 0.248588 0.248575 0.248580 0.248500 0.248406 0.248356 0.248343 0.248330 0.000000 0.000000
0.000000 0.000000 0.234788 0.234809 0.234828 0.234940 0.235012 0.235121 0.235089 0.235155 0.235141 0.235148 0.235169 0.235131 0.235047 0.234991 0.234920 0.234896 0.234842 0.000000 0.000000
0.000000 0.000000 0.219505 0.219550 0.219605 0.219665 0.219764 0.219895 0.219895 0.219903 0.219875 0.219925 0.219902 0.219903 0.219757 0.219679 0.219642 0.219624 0.219504 0.000000 0.000000
0.000000 0.000000 0.202675 0.202726 0.202732 0.202848 0.202926 0.203312 0.203309 0.203328 0.203442 0.203374 0.203358 0.203322 0.203021 0.202948 0.202806 0.202805 0.202757 0.000000 0.000000
0.000000 0.000000 0.182381 0.182397 0.182488 0.182562 0.183088 0.182982 0.183079 0.183076 0.183023 0.183072 0.183081 0.183125 0.183216 0.182653 0.182603 0.182478 0.182387 0.000000 0.000000
0.000000 0.000000 0.158250 0.158315 0.158421 0.159111 0.158957 0.159313 0.159438 0.159472 0.159600 0.159670 0.159591 0.159601 0.159253 0.159372 0.158467 0.158662 0.158668 0.000000 0.000000
0.000000 0.000000 0.132536 0.132585 0.133550 0.133171 0.133286 0.133303 0.132892 0.133008 0.132793 0.132845 0.133016 0.132780 0.132825 0.132724 0.133631 0.132201 0.132226 0.000000 0.000000
0.000000 0.000000 0.102831 0.104162 0.103725 0.104303 0.104965 0.105160 0.105586 0.105482 0.105915 0.105864 0.105608 0.105876 0.105517 0.105028 0.103766 0.104739 0.103363 0.000000 0.000000
0.000000 0.000000 0.094551 0.093417 0.092465 0.092466 0.092396 0.093323 0.093135 0.093414 0.092940 0.093033 0.093113 0.092955 0.092189 0.092234 0.092293 0.093016 0.094139 0.000000 0.000000
0.000000 0.000000 0.300000 0.300000 0.300000 0.300000 0.300000 0.300000 0.300000 0.300000 0.300000 0.300000 0.300000 0.300000 0.300000 0.300000 0.300000 0.300000 0.300000 0.000000 0.000000
0.000000 0.000000 0.000000 0.000000 0.000000 0.000000 0.000000 0.000000 0.000000 0.000000 0.000000 0.000000 0.000000 0.000000 0.000000 0.000000 0.000000 0.000000 0.000000 0.000000 0.000000