geotop/1.0zi/1.0Montebello/Templates/testdem/maps/_Eocclay7452.asc
ncols         21
nrows         20
xllcorner     100.000000
yllcorner     100.000000
cellsize      50.000000
NODATA_value  -9999.0
0.000000 0.000000 0.000000 0.000000 0.000000 0.000000 0.000000 0.000000 0.000000 0.000000 0.000000 0.000000 0.000000 0.000000 0.000000 0.000000 0.000000 0.000000 0.000000 0.000000 0.000000
0.000000 0.000000 0.349659 0.349661 0.349661 0.349660 0.349661 0.349661 0.349661 0.349661 0.349660 0.349661 0.349661 0.349661 0.349661 0.349661 0.349659 0.349659 0.349660 0.000000 0.000000
0.000000 0.000000 0.349986 0.349986 0.349986 0.349987 0.349986 0.349985 0.349986 0.349986 0.349985 0.349985 0.349986 0.349985 0.349986 0.349986 0.349987 0.349986 0.349984 0.000000 0.000000
0.000000 0.000000 0.350004 0.350009 0.350005 0.350005 0.350007 0.350004 0.350006 0.350004 0.350007 0.350005 0.350005 0.350003 0.350005 0.350007 0.350006 0.350010 0.350008 0.000000 0.000000
0.000000 0.000000 0.350950 0.350947 0.350944 0.350938 0.350923 0.350921 0.350918 0.350921 0.350917 0.350918 0.350914 0.350918 0.350928 0.350929 0.350937 0.350938 0.350945 0.000000 0.000000
0.000000 0.000000 0.353457 0.353455 0.353444 0.353418 0.353405 0.353382 0.353383 0.353377 0.353380 0.353380 0.353382 0.353383 0.353393 0.353412 0.353426 0.353440 0.353446 0.000000 0.000000
0.000000 0.000000 0.356932 0.356929 0.356921 0.356898 0.356870 0.356834 0.356833 0.356828 0.356829 0.356830 0.356829 0.356830 0.356861 0.356889 0.356904 0.356917 0.356924 0.000000 0.000000
0.000000 0.000000 0.361076 0.361074 0.361066 0.361039 0.361011 0.360973 0.360972 0.360969 0.360968 0.360965 0.360963 0.360971 0.361003 0.361027 0.361051 0.361060 0.361072 0.000000 0.000000
0.000000 0.000000 0.365419 0.365413 0.365400 0.365384 0.365354 0.365315 0.365318 0.365309 0.365306 0.365304 0.365305 0.365304 0.365343 0.365374 0.365393 0.365402 0.365411 0.000000 0.000000
0.000000 0.000000 0.369965 0.369956 0.369950 0.369934 0.369891 0.369855 0.369856 0.369851 0.369845 0.369848 0.369854 0.369851 0.369884 0.369920 0.369942 0.369950 0.369957 0.000000 0.000000
0.000000 0.000000 0.374849 0.374843 0.374836 0.374801 0.374771 0.374730 0.374739 0.374717 0.374719 0.374718 0.374710 0.374725 0.374754 0.374777 0.374804 0.374819 0.374838 0.000000 0.000000
0.000000 0.000000 0.380182 0.380168 0.380152 0.380128 0.380096 0.380045 0.380043 0.380036 0.380047 0.380030 0.380033 0.380038 0.380089 0.380116 0.380135 0.380146 0.380192 0.000000 0.000000
0.000000 0.000000 0.385865 0.385851 0.385844 0.385813 0.385784 0.385660 0.385658 0.385651 0.385619 0.385634 0.385642 0.385654 0.385749 0.385776 0.385823 0.385829 0.385855 0.000000 0.000000
0.000000 0.000000 0.392381 0.392376 0.392352 0.392329 0.392182 0.392180 0.392149 0.392149 0.392152 0.392146 0.392143 0.392138 0.392134 0.392287 0.392318 0.392358 0.392391 0.000000 0.000000
0.000000 0.000000 0.399929 0.399917 0.399884 0.399708 0.399702 0.399616 0.399569 0.399560 0.399530 0.399508 0.399527 0.399521 0.399605 0.399624 0.399860 0.399831 0.399842 0.000000 0.000000
0.000000 0.000000 0.408200 0.408187 0.407936 0.407972 0.407957 0.407920 0.408004 0.407973 0.408014 0.407991 0.407954 0.408016 0.408035 0.408049 0.407913 0.408261 0.408257 0.000000 0.000000
0.000000 0.000000 0.418449 0.418053 0.418075 0.417943 0.417744 0.417685 0.417601 0.417619 0.417511 0.417516 0.417573 0.417523 0.417621 0.417768 0.418059 0.417932 0.418339 0.000000 0.000000
0.000000 0.000000 0.423548 0.423847 0.424218 0.424191 0.424166 0.423819 0.423851 0.423759 0.423890 0.423860 0.423850 0.423891 0.424193 0.424210 0.424285 0.423961 0.423675 0.000000 0.000000
0.000000 0.000000 0.350000 0.350000 0.350000 0.350000 0.350000 0.350000 0.350000 0.350000 0.350000 0.350000 0.350000 0.350000 0.350000 0.350000 0.350000 0.350000 0.350000 0.000000 0.000000
0.000000 0.000000 0.000000 0.000000 0.000000 0.000000 0.000000 0.000000 0.000000 0.000000 0.000000 0.000000 0.000000 0.000000 0.000000 0.000000 0.000000 0.000000 0.000000 0.000000 0.000000