geotop/1.0zi/1.0Montebello/Templates/testdem/maps/_Eocsilt8881.asc
ncols         21
nrows         20
xllcorner     100.000000
yllcorner     100.000000
cellsize      50.000000
NODATA_value  -9999.0
0.000000 0.000000 0.000000 0.000000 0.000000 0.000000 0.000000 0.000000 0.000000 0.000000 0.000000 0.000000 0.000000 0.000000 0.000000 0.000000 0.000000 0.000000 0.000000 0.000000 0.000000
0.000000 0.000000 0.350190 0.350190 0.350190 0.350191 0.350190 0.350190 0.350190 0.350190 0.350190 0.350190 0.350190 0.350190 0.350190 0.350190 0.350191 0.350191 0.350190 0.000000 0.000000
0.000000 0.000000 0.350005 0.350005 0.350005 0.350005 0.350006 0.350005 0.350005 0.350006 0.350006 0.350006 0.350006 0.350006 0.350005 0.350005 0.350003 0.350003 0.350005 0.000000 0.000000
0.000000 0.000000 0.350121 0.350117 0.350111 0.350107 0.350107 0.350102 0.350105 0.350105 0.350102 0.350105 0.350105 0.350105 0.350107 0.350111 0.350116 0.350117 0.350119 0.000000 0.000000
0.000000 0.000000 0.351225 0.351231 0.351223 0.351206 0.351198 0.351194 0.351194 0.351191 0.351192 0.351193 0.351198 0.351196 0.351209 0.351216 0.351218 0.351222 0.351225 0.000000 0.000000
0.000000 0.000000 0.354345 0.354341 0.354331 0.354312 0.354285 0.354264 0.354264 0.354258 0.354262 0.354263 0.354266 0.354264 0.354279 0.354296 0.354306 0.354310 0.354317 0.000000 0.000000
0.000000 0.000000 0.358775 0.358766 0.358755 0.358724 0.358688 0.358644 0.358648 0.358644 0.358644 0.358643 0.358641 0.358646 0.358683 0.358710 0.358729 0.358740 0.358747 0.000000 0.000000
0.000000 0.000000 0.364013 0.364004 0.363997 0.363964 0.363928 0.363887 0.363890 0.363884 0.363883 0.363881 0.363879 0.363887 0.363922 0.363953 0.363982 0.363984 0.363997 0.000000 0.000000
0.000000 0.000000 0.369703 0.369689 0.369673 0.369650 0.369609 0.369560 0.369565 0.369555 0.369552 0.369550 0.369552 0.369551 0.369601 0.369638 0.369659 0.369666 0.369679 0.000000 0.000000
0.000000 0.000000 0.375820 0.375805 0.375795 0.375771 0.375715 0.375672 0.375675 0.375668 0.375661 0.375666 0.375672 0.375670 0.375710 0.375756 0.375781 0.375786 0.375793 0.000000 0.000000
0.000000 0.000000 0.382566 0.382556 0.382547 0.382491 0.382454 0.382400 0.382416 0.382383 0.382389 0.382386 0.382375 0.382394 0.382436 0.382464 0.382498 0.382509 0.382536 0.000000 0.000000
0.000000 0.000000 0.390214 0.390191 0.390164 0.390134 0.390085 0.390018 0.390019 0.390014 0.390028 0.390002 0.390014 0.390014 0.390087 0.390126 0.390143 0.390151 0.390210 0.000000 0.000000
0.000000 0.000000 0.398631 0.398606 0.398604 0.398546 0.398506 0.398313 0.398314 0.398304 0.398246 0.398280 0.398287 0.398306 0.398456 0.398492 0.398562 0.398561 0.398585 0.000000 0.000000
0.000000 0.000000 0.408768 0.408761 0.408716 0.408679 0.408416 0.408470 0.408421 0.408423 0.408448 0.408423 0.408418 0.408397 0.408350 0.408630 0.408654 0.408715 0.408760 0.000000 0.000000
0.000000 0.000000 0.420772 0.420740 0.420687 0.420345 0.420423 0.420243 0.420183 0.420165 0.420101 0.420065 0.420104 0.420102 0.420274 0.420212 0.420660 0.420562 0.420558 0.000000 0.000000
0.000000 0.000000 0.433428 0.433404 0.432933 0.433120 0.433063 0.433055 0.433255 0.433198 0.433302 0.433277 0.433193 0.433310 0.433285 0.433334 0.432889 0.433584 0.433572 0.000000 0.000000
0.000000 0.000000 0.447657 0.447041 0.447241 0.446973 0.446665 0.446574 0.446377 0.446424 0.446222 0.446245 0.446363 0.446241 0.446406 0.446633 0.447218 0.446768 0.447405 0.000000 0.000000
0.000000 0.000000 0.451872 0.452343 0.452770 0.452756 0.452774 0.452359 0.452435 0.452312 0.452514 0.452472 0.452442 0.452509 0.452852 0.452842 0.452840 0.452503 0.452037 0.000000 0.000000
0.000000 0.000000 0.350000 0.350000 0.350000 0.350000 0.350000 0.350000 0.350000 0.350000 0.350000 0.350000 0.350000 0.350000 0.350000 0.350000 0.350000 0.350000 0.350000 0.000000 0.000000
0.000000 0.000000 0.000000 0.000000 0.000000 0.000000 0.000000 0.000000 0.000000 0.000000 0.000000 0.000000 0.000000 0.000000 0.000000 0.000000 0.000000 0.000000 0.000000 0.000000 0.000000