geotop/1.0zi/1.0Montebello/Templates/testdem/maps/_Eocsand8001.asc
ncols         21
nrows         20
xllcorner     100.000000
yllcorner     100.000000
cellsize      50.000000
NODATA_value  -9999.0
0.000000 0.000000 0.000000 0.000000 0.000000 0.000000 0.000000 0.000000 0.000000 0.000000 0.000000 0.000000 0.000000 0.000000 0.000000 0.000000 0.000000 0.000000 0.000000 0.000000 0.000000
0.000000 0.000000 0.300204 0.300202 0.300202 0.300202 0.300201 0.300201 0.300201 0.300201 0.300202 0.300201 0.300201 0.300202 0.300201 0.300201 0.300203 0.300202 0.300202 0.000000 0.000000
0.000000 0.000000 0.300011 0.300012 0.300011 0.300010 0.300011 0.300012 0.300011 0.300011 0.300012 0.300012 0.300011 0.300011 0.300011 0.300011 0.300012 0.300013 0.300013 0.000000 0.000000
0.000000 0.000000 0.299894 0.299893 0.299898 0.299906 0.299901 0.299909 0.299904 0.299907 0.299907 0.299907 0.299907 0.299908 0.299903 0.299899 0.299896 0.299893 0.299893 0.000000 0.000000
0.000000 0.000000 0.297990 0.297988 0.297996 0.298012 0.298034 0.298044 0.298051 0.298049 0.298053 0.298052 0.298056 0.298050 0.298026 0.298019 0.298007 0.297996 0.297987 0.000000 0.000000
0.000000 0.000000 0.292535 0.292536 0.292559 0.292605 0.292639 0.292686 0.292686 0.292699 0.292691 0.292692 0.292688 0.292688 0.292665 0.292631 0.292603 0.292581 0.292570 0.000000 0.000000
0.000000 0.000000 0.284877 0.284886 0.284906 0.284957 0.285021 0.285094 0.285095 0.285105 0.285102 0.285104 0.285106 0.285100 0.285037 0.284980 0.284945 0.284918 0.284903 0.000000 0.000000
0.000000 0.000000 0.275810 0.275815 0.275831 0.275889 0.275950 0.276031 0.276032 0.276040 0.276042 0.276049 0.276052 0.276038 0.275969 0.275914 0.275862 0.275846 0.275822 0.000000 0.000000
0.000000 0.000000 0.266145 0.266162 0.266191 0.266229 0.266295 0.266382 0.266378 0.266397 0.266401 0.266406 0.266403 0.266405 0.266321 0.266253 0.266211 0.266191 0.266171 0.000000 0.000000
0.000000 0.000000 0.255962 0.255981 0.255998 0.256035 0.256130 0.256208 0.256208 0.256218 0.256230 0.256224 0.256213 0.256217 0.256146 0.256067 0.256018 0.256003 0.255988 0.000000 0.000000
0.000000 0.000000 0.244939 0.244952 0.244971 0.245052 0.245118 0.245210 0.245191 0.245240 0.245234 0.245236 0.245254 0.245221 0.245156 0.245107 0.245044 0.245012 0.244971 0.000000 0.000000
0.000000 0.000000 0.232749 0.232782 0.232822 0.232874 0.232948 0.233063 0.233070 0.233084 0.233058 0.233098 0.233087 0.233080 0.232962 0.232902 0.232858 0.232836 0.232733 0.000000 0.000000
0.000000 0.000000 0.219614 0.219647 0.219663 0.219738 0.219804 0.220098 0.220102 0.220120 0.220196 0.220157 0.220141 0.220113 0.219889 0.219828 0.219716 0.219704 0.219653 0.000000 0.000000
0.000000 0.000000 0.204296 0.204307 0.204370 0.204423 0.204787 0.204768 0.204844 0.204843 0.204824 0.204845 0.204855 0.204870 0.204896 0.204520 0.204454 0.204357 0.204285 0.000000 0.000000
0.000000 0.000000 0.186314 0.186348 0.186425 0.186881 0.186856 0.187084 0.187191 0.187217 0.187292 0.187348 0.187298 0.187309 0.187086 0.187084 0.186481 0.186569 0.186555 0.000000 0.000000
0.000000 0.000000 0.166573 0.166604 0.167262 0.167105 0.167156 0.167226 0.166989 0.167068 0.166944 0.166995 0.167099 0.166936 0.166914 0.166875 0.167322 0.166389 0.166403 0.000000 0.000000
0.000000 0.000000 0.142031 0.143069 0.142897 0.143280 0.143803 0.143956 0.144223 0.144162 0.144463 0.144440 0.144271 0.144433 0.144173 0.143787 0.142937 0.143442 0.142368 0.000000 0.000000
0.000000 0.000000 0.132278 0.131345 0.130442 0.130456 0.130438 0.131304 0.131176 0.131424 0.131032 0.131115 0.131168 0.131037 0.130307 0.130322 0.130278 0.131007 0.131918 0.000000 0.000000
0.000000 0.000000 0.300000 0.300000 0.300000 0.300000 0.300000 0.300000 0.300000 0.300000 0.300000 0.300000 0.300000 0.300000 0.300000 0.300000 0.300000 0.300000 0.300000 0.000000 0.000000
0.000000 0.000000 0.000000 0.000000 0.000000 0.000000 0.000000 0.000000 0.000000 0.000000 0.000000 0.000000 0.000000 0.000000 0.000000 0.000000 0.000000 0.000000 0.000000 0.000000 0.000000