geotop/1.0zi/1.0Montebello/Templates/testdem/maps/_Eocsilt7098.asc
ncols         21
nrows         20
xllcorner     100.000000
yllcorner     100.000000
cellsize      50.000000
NODATA_value  -9999.0
0.000000 0.000000 0.000000 0.000000 0.000000 0.000000 0.000000 0.000000 0.000000 0.000000 0.000000 0.000000 0.000000 0.000000 0.000000 0.000000 0.000000 0.000000 0.000000 0.000000 0.000000
0.000000 0.000000 0.350143 0.350144 0.350144 0.350144 0.350144 0.350144 0.350144 0.350144 0.350144 0.350144 0.350143 0.350144 0.350143 0.350144 0.350144 0.350144 0.350143 0.000000 0.000000
0.000000 0.000000 0.350004 0.350003 0.350003 0.350003 0.350003 0.350003 0.350003 0.350003 0.350004 0.350004 0.350004 0.350004 0.350003 0.350003 0.350001 0.350001 0.350003 0.000000 0.000000
0.000000 0.000000 0.350063 0.350060 0.350058 0.350053 0.350054 0.350051 0.350054 0.350053 0.350051 0.350053 0.350053 0.350053 0.350054 0.350057 0.350060 0.350062 0.350062 0.000000 0.000000
0.000000 0.000000 0.350772 0.350779 0.350774 0.350766 0.350761 0.350754 0.350752 0.350750 0.350751 0.350751 0.350752 0.350753 0.350764 0.350768 0.350767 0.350775 0.350780 0.000000 0.000000
0.000000 0.000000 0.352871 0.352872 0.352863 0.352849 0.352832 0.352812 0.352813 0.352807 0.352811 0.352812 0.352812 0.352811 0.352821 0.352831 0.352841 0.352847 0.352853 0.000000 0.000000
0.000000 0.000000 0.355965 0.355962 0.355952 0.355929 0.355901 0.355872 0.355874 0.355870 0.355871 0.355870 0.355867 0.355872 0.355895 0.355919 0.355933 0.355945 0.355954 0.000000 0.000000
0.000000 0.000000 0.359675 0.359674 0.359669 0.359646 0.359619 0.359587 0.359588 0.359584 0.359583 0.359580 0.359578 0.359584 0.359611 0.359635 0.359657 0.359661 0.359674 0.000000 0.000000
0.000000 0.000000 0.363610 0.363603 0.363590 0.363574 0.363547 0.363510 0.363512 0.363504 0.363502 0.363500 0.363501 0.363500 0.363535 0.363564 0.363581 0.363590 0.363601 0.000000 0.000000
0.000000 0.000000 0.367659 0.367652 0.367645 0.367632 0.367593 0.367560 0.367562 0.367557 0.367552 0.367555 0.367559 0.367557 0.367586 0.367618 0.367637 0.367643 0.367651 0.000000 0.000000
0.000000 0.000000 0.371923 0.371918 0.371911 0.371880 0.371855 0.371817 0.371826 0.371806 0.371808 0.371808 0.371800 0.371813 0.371838 0.371859 0.371882 0.371894 0.371912 0.000000 0.000000
0.000000 0.000000 0.376523 0.376511 0.376497 0.376476 0.376448 0.376403 0.376403 0.376394 0.376405 0.376391 0.376394 0.376398 0.376442 0.376464 0.376480 0.376489 0.376532 0.000000 0.000000
0.000000 0.000000 0.381367 0.381354 0.381347 0.381322 0.381297 0.381193 0.381192 0.381184 0.381160 0.381171 0.381177 0.381188 0.381266 0.381289 0.381327 0.381331 0.381358 0.000000 0.000000
0.000000 0.000000 0.386818 0.386813 0.386793 0.386774 0.386658 0.386646 0.386623 0.386622 0.386622 0.386619 0.386616 0.386613 0.386615 0.386735 0.386762 0.386793 0.386824 0.000000 0.000000
0.000000 0.000000 0.393035 0.393025 0.392998 0.392864 0.392847 0.392780 0.392742 0.392734 0.392712 0.392694 0.392708 0.392704 0.392765 0.392794 0.392973 0.392953 0.392967 0.000000 0.000000
0.000000 0.000000 0.399784 0.399773 0.399586 0.399595 0.399585 0.399547 0.399603 0.399578 0.399606 0.399587 0.399561 0.399606 0.399628 0.399640 0.399564 0.399812 0.399814 0.000000 0.000000
0.000000 0.000000 0.407941 0.407660 0.407642 0.407554 0.407412 0.407365 0.407318 0.407325 0.407255 0.407255 0.407290 0.407263 0.407332 0.407437 0.407625 0.407578 0.407867 0.000000 0.000000
0.000000 0.000000 0.412706 0.412860 0.413120 0.413084 0.413039 0.412788 0.412801 0.412737 0.412815 0.412794 0.412795 0.412817 0.413039 0.413071 0.413162 0.412918 0.412777 0.000000 0.000000
0.000000 0.000000 0.350000 0.350000 0.350000 0.350000 0.350000 0.350000 0.350000 0.350000 0.350000 0.350000 0.350000 0.350000 0.350000 0.350000 0.350000 0.350000 0.350000 0.000000 0.000000
0.000000 0.000000 0.000000 0.000000 0.000000 0.000000 0.000000 0.000000 0.000000 0.000000 0.000000 0.000000 0.000000 0.000000 0.000000 0.000000 0.000000 0.000000 0.000000 0.000000 0.000000