geotop/1.0zi/1.0Montebello/Templates/testdem/maps/_Eocclay9174.asc
ncols         21
nrows         20
xllcorner     100.000000
yllcorner     100.000000
cellsize      50.000000
NODATA_value  -9999.0
0.000000 0.000000 0.000000 0.000000 0.000000 0.000000 0.000000 0.000000 0.000000 0.000000 0.000000 0.000000 0.000000 0.000000 0.000000 0.000000 0.000000 0.000000 0.000000 0.000000 0.000000
0.000000 0.000000 0.349572 0.349575 0.349575 0.349574 0.349576 0.349576 0.349575 0.349575 0.349574 0.349576 0.349575 0.349575 0.349576 0.349575 0.349573 0.349574 0.349574 0.000000 0.000000
0.000000 0.000000 0.349982 0.349980 0.349980 0.349983 0.349980 0.349980 0.349981 0.349980 0.349980 0.349980 0.349980 0.349980 0.349981 0.349981 0.349982 0.349981 0.349980 0.000000 0.000000
0.000000 0.000000 0.350022 0.350027 0.350025 0.350022 0.350023 0.350024 0.350028 0.350025 0.350028 0.350026 0.350027 0.350025 0.350027 0.350029 0.350027 0.350026 0.350024 0.000000 0.000000
0.000000 0.000000 0.351242 0.351235 0.351228 0.351219 0.351201 0.351201 0.351197 0.351198 0.351197 0.351199 0.351197 0.351199 0.351209 0.351212 0.351223 0.351223 0.351233 0.000000 0.000000
0.000000 0.000000 0.354750 0.354744 0.354722 0.354691 0.354664 0.354637 0.354641 0.354635 0.354637 0.354635 0.354640 0.354639 0.354653 0.354680 0.354693 0.354702 0.354708 0.000000 0.000000
0.000000 0.000000 0.359469 0.359458 0.359444 0.359415 0.359378 0.359325 0.359327 0.359322 0.359321 0.359322 0.359322 0.359324 0.359365 0.359396 0.359414 0.359424 0.359432 0.000000 0.000000
0.000000 0.000000 0.365068 0.365057 0.365042 0.365006 0.364967 0.364920 0.364921 0.364915 0.364913 0.364910 0.364908 0.364918 0.364956 0.364988 0.365018 0.365022 0.365037 0.000000 0.000000
0.000000 0.000000 0.371123 0.371108 0.371088 0.371063 0.371018 0.370965 0.370971 0.370960 0.370955 0.370952 0.370953 0.370953 0.371005 0.371043 0.371066 0.371071 0.371084 0.000000 0.000000
0.000000 0.000000 0.377722 0.377701 0.377686 0.377658 0.377597 0.377548 0.377550 0.377543 0.377533 0.377538 0.377545 0.377543 0.377585 0.377635 0.377662 0.377669 0.377676 0.000000 0.000000
0.000000 0.000000 0.385118 0.385103 0.385089 0.385025 0.384986 0.384921 0.384937 0.384902 0.384907 0.384901 0.384890 0.384911 0.384956 0.384987 0.385025 0.385037 0.385067 0.000000 0.000000
0.000000 0.000000 0.393591 0.393559 0.393521 0.393489 0.393433 0.393354 0.393356 0.393349 0.393363 0.393331 0.393345 0.393344 0.393424 0.393468 0.393489 0.393497 0.393562 0.000000 0.000000
0.000000 0.000000 0.403025 0.402996 0.402986 0.402915 0.402868 0.402643 0.402644 0.402631 0.402561 0.402601 0.402609 0.402630 0.402800 0.402841 0.402921 0.402922 0.402946 0.000000 0.000000
0.000000 0.000000 0.414575 0.414563 0.414498 0.414453 0.414141 0.414217 0.414156 0.414156 0.414189 0.414154 0.414148 0.414122 0.414051 0.414386 0.414409 0.414483 0.414534 0.000000 0.000000
0.000000 0.000000 0.428332 0.428289 0.428218 0.427803 0.427921 0.427689 0.427617 0.427593 0.427509 0.427469 0.427516 0.427515 0.427730 0.427627 0.428169 0.428047 0.428039 0.000000 0.000000
0.000000 0.000000 0.442603 0.442571 0.442002 0.442258 0.442178 0.442182 0.442428 0.442359 0.442486 0.442457 0.442353 0.442493 0.442441 0.442507 0.441928 0.442772 0.442758 0.000000 0.000000
0.000000 0.000000 0.458207 0.457509 0.457764 0.457445 0.457099 0.456991 0.456752 0.456808 0.456568 0.456595 0.456735 0.456588 0.456776 0.457030 0.457721 0.457158 0.457879 0.000000 0.000000
0.000000 0.000000 0.462285 0.462818 0.463281 0.463271 0.463297 0.462838 0.462923 0.462786 0.463010 0.462963 0.462927 0.463003 0.463377 0.463360 0.463343 0.462975 0.462443 0.000000 0.000000
0.000000 0.000000 0.350000 0.350000 0.350000 0.350000 0.350000 0.350000 0.350000 0.350000 0.350000 0.350000 0.350000 0.350000 0.350000 0.350000 0.350000 0.350000 0.350000 0.000000 0.000000
0.000000 0.000000 0.000000 0.000000 0.000000 0.000000 0.000000 0.000000 0.000000 0.000000 0.000000 0.000000 0.000000 0.000000 0.000000 0.000000 0.000000 0.000000 0.000000 0.000000 0.000000