geotop/1.0zi/1.0Montebello/Templates/testdem/maps/_Eocsilt8406.asc
ncols         21
nrows         20
xllcorner     100.000000
yllcorner     100.000000
cellsize      50.000000
NODATA_value  -9999.0
0.000000 0.000000 0.000000 0.000000 0.000000 0.000000 0.000000 0.000000 0.000000 0.000000 0.000000 0.000000 0.000000 0.000000 0.000000 0.000000 0.000000 0.000000 0.000000 0.000000 0.000000
0.000000 0.000000 0.350174 0.350174 0.350174 0.350175 0.350174 0.350174 0.350174 0.350174 0.350174 0.350174 0.350174 0.350174 0.350174 0.350174 0.350175 0.350175 0.350174 0.000000 0.000000
0.000000 0.000000 0.350006 0.350006 0.350006 0.350005 0.350006 0.350006 0.350006 0.350006 0.350006 0.350006 0.350007 0.350007 0.350006 0.350005 0.350004 0.350004 0.350005 0.000000 0.000000
0.000000 0.000000 0.350102 0.350099 0.350097 0.350091 0.350092 0.350087 0.350090 0.350090 0.350087 0.350089 0.350089 0.350089 0.350092 0.350095 0.350099 0.350098 0.350100 0.000000 0.000000
0.000000 0.000000 0.351048 0.351055 0.351047 0.351037 0.351030 0.351023 0.351020 0.351019 0.351018 0.351019 0.351020 0.351021 0.351034 0.351039 0.351042 0.351053 0.351054 0.000000 0.000000
0.000000 0.000000 0.353828 0.353828 0.353821 0.353803 0.353784 0.353761 0.353759 0.353753 0.353757 0.353757 0.353759 0.353758 0.353772 0.353785 0.353797 0.353805 0.353812 0.000000 0.000000
0.000000 0.000000 0.357852 0.357846 0.357836 0.357809 0.357775 0.357738 0.357738 0.357735 0.357735 0.357734 0.357731 0.357736 0.357768 0.357795 0.357813 0.357828 0.357835 0.000000 0.000000
0.000000 0.000000 0.362618 0.362614 0.362609 0.362579 0.362548 0.362507 0.362507 0.362501 0.362500 0.362498 0.362495 0.362502 0.362537 0.362565 0.362593 0.362599 0.362612 0.000000 0.000000
0.000000 0.000000 0.367764 0.367753 0.367739 0.367719 0.367684 0.367638 0.367640 0.367631 0.367628 0.367626 0.367627 0.367626 0.367671 0.367706 0.367728 0.367739 0.367750 0.000000 0.000000
0.000000 0.000000 0.373215 0.373204 0.373196 0.373178 0.373128 0.373087 0.373087 0.373082 0.373075 0.373079 0.373084 0.373082 0.373119 0.373161 0.373185 0.373194 0.373201 0.000000 0.000000
0.000000 0.000000 0.379141 0.379135 0.379128 0.379082 0.379050 0.378999 0.379012 0.378983 0.378988 0.378985 0.378975 0.378992 0.379029 0.379053 0.379086 0.379103 0.379126 0.000000 0.000000
0.000000 0.000000 0.385756 0.385736 0.385717 0.385693 0.385651 0.385591 0.385585 0.385580 0.385593 0.385571 0.385579 0.385581 0.385645 0.385678 0.385699 0.385713 0.385766 0.000000 0.000000
0.000000 0.000000 0.392940 0.392920 0.392919 0.392874 0.392842 0.392680 0.392676 0.392669 0.392623 0.392648 0.392654 0.392670 0.392795 0.392825 0.392887 0.392893 0.392919 0.000000 0.000000
0.000000 0.000000 0.401411 0.401406 0.401374 0.401346 0.401142 0.401161 0.401119 0.401120 0.401133 0.401117 0.401112 0.401098 0.401078 0.401294 0.401324 0.401381 0.401420 0.000000 0.000000
0.000000 0.000000 0.411415 0.411396 0.411355 0.411095 0.411124 0.410991 0.410932 0.410920 0.410872 0.410841 0.410869 0.410864 0.410994 0.410979 0.411326 0.411270 0.411275 0.000000 0.000000
0.000000 0.000000 0.422322 0.422305 0.421932 0.422043 0.422013 0.421981 0.422123 0.422078 0.422153 0.422127 0.422063 0.422156 0.422161 0.422185 0.421896 0.422444 0.422436 0.000000 0.000000
0.000000 0.000000 0.435601 0.435027 0.435164 0.434942 0.434657 0.434568 0.434404 0.434442 0.434267 0.434284 0.434382 0.434282 0.434432 0.434644 0.435140 0.434809 0.435406 0.000000 0.000000
0.000000 0.000000 0.440206 0.440726 0.441191 0.441191 0.441218 0.440770 0.440847 0.440715 0.440931 0.440886 0.440852 0.440925 0.441298 0.441279 0.441274 0.440918 0.440409 0.000000 0.000000
0.000000 0.000000 0.350000 0.350000 0.350000 0.350000 0.350000 0.350000 0.350000 0.350000 0.350000 0.350000 0.350000 0.350000 0.350000 0.350000 0.350000 0.350000 0.350000 0.000000 0.000000
0.000000 0.000000 0.000000 0.000000 0.000000 0.000000 0.000000 0.000000 0.000000 0.000000 0.000000 0.000000 0.000000 0.000000 0.000000 0.000000 0.000000 0.000000 0.000000 0.000000 0.000000