geotop/1.0zi/1.0Montebello/Templates/testdem/maps/_Eocsilt8412.asc
ncols         21
nrows         20
xllcorner     100.000000
yllcorner     100.000000
cellsize      50.000000
NODATA_value  -9999.0
0.000000 0.000000 0.000000 0.000000 0.000000 0.000000 0.000000 0.000000 0.000000 0.000000 0.000000 0.000000 0.000000 0.000000 0.000000 0.000000 0.000000 0.000000 0.000000 0.000000 0.000000
0.000000 0.000000 0.350174 0.350174 0.350174 0.350175 0.350174 0.350174 0.350174 0.350174 0.350174 0.350174 0.350174 0.350174 0.350174 0.350174 0.350175 0.350175 0.350174 0.000000 0.000000
0.000000 0.000000 0.350006 0.350006 0.350006 0.350005 0.350006 0.350006 0.350006 0.350006 0.350006 0.350006 0.350007 0.350007 0.350006 0.350005 0.350004 0.350004 0.350005 0.000000 0.000000
0.000000 0.000000 0.350102 0.350099 0.350097 0.350091 0.350092 0.350087 0.350090 0.350090 0.350087 0.350089 0.350089 0.350089 0.350092 0.350095 0.350099 0.350098 0.350100 0.000000 0.000000
0.000000 0.000000 0.351048 0.351055 0.351047 0.351037 0.351030 0.351023 0.351020 0.351019 0.351018 0.351019 0.351020 0.351021 0.351034 0.351039 0.351042 0.351053 0.351054 0.000000 0.000000
0.000000 0.000000 0.353829 0.353828 0.353821 0.353803 0.353784 0.353762 0.353759 0.353753 0.353758 0.353758 0.353759 0.353758 0.353772 0.353785 0.353798 0.353805 0.353812 0.000000 0.000000
0.000000 0.000000 0.357851 0.357845 0.357836 0.357809 0.357774 0.357737 0.357738 0.357735 0.357735 0.357734 0.357730 0.357736 0.357768 0.357795 0.357813 0.357828 0.357835 0.000000 0.000000
0.000000 0.000000 0.362618 0.362614 0.362609 0.362579 0.362548 0.362507 0.362507 0.362501 0.362500 0.362498 0.362495 0.362502 0.362537 0.362565 0.362593 0.362599 0.362612 0.000000 0.000000
0.000000 0.000000 0.367765 0.367753 0.367740 0.367720 0.367685 0.367638 0.367641 0.367631 0.367628 0.367626 0.367628 0.367626 0.367671 0.367706 0.367728 0.367740 0.367751 0.000000 0.000000
0.000000 0.000000 0.373216 0.373205 0.373198 0.373179 0.373130 0.373088 0.373088 0.373084 0.373076 0.373081 0.373085 0.373083 0.373121 0.373162 0.373186 0.373196 0.373203 0.000000 0.000000
0.000000 0.000000 0.379144 0.379138 0.379131 0.379085 0.379052 0.379001 0.379014 0.378986 0.378991 0.378988 0.378978 0.378995 0.379032 0.379056 0.379089 0.379106 0.379128 0.000000 0.000000
0.000000 0.000000 0.385760 0.385740 0.385722 0.385697 0.385655 0.385596 0.385590 0.385585 0.385597 0.385575 0.385583 0.385585 0.385649 0.385683 0.385703 0.385717 0.385770 0.000000 0.000000
0.000000 0.000000 0.392947 0.392927 0.392926 0.392881 0.392849 0.392687 0.392683 0.392676 0.392630 0.392655 0.392661 0.392677 0.392802 0.392832 0.392894 0.392900 0.392927 0.000000 0.000000
0.000000 0.000000 0.401421 0.401416 0.401385 0.401356 0.401152 0.401171 0.401129 0.401130 0.401144 0.401128 0.401123 0.401109 0.401089 0.401305 0.401334 0.401392 0.401431 0.000000 0.000000
0.000000 0.000000 0.411431 0.411411 0.411371 0.411110 0.411139 0.411006 0.410947 0.410935 0.410887 0.410856 0.410884 0.410879 0.411009 0.410994 0.411341 0.411285 0.411290 0.000000 0.000000
0.000000 0.000000 0.422344 0.422326 0.421953 0.422064 0.422033 0.422002 0.422143 0.422099 0.422174 0.422148 0.422084 0.422177 0.422182 0.422206 0.421917 0.422465 0.422457 0.000000 0.000000
0.000000 0.000000 0.435629 0.435055 0.435191 0.434969 0.434684 0.434595 0.434431 0.434470 0.434294 0.434311 0.434409 0.434309 0.434460 0.434671 0.435167 0.434836 0.435433 0.000000 0.000000
0.000000 0.000000 0.440237 0.440756 0.441221 0.441222 0.441249 0.440800 0.440877 0.440746 0.440961 0.440917 0.440882 0.440955 0.441328 0.441309 0.441304 0.440948 0.440439 0.000000 0.000000
0.000000 0.000000 0.350000 0.350000 0.350000 0.350000 0.350000 0.350000 0.350000 0.350000 0.350000 0.350000 0.350000 0.350000 0.350000 0.350000 0.350000 0.350000 0.350000 0.000000 0.000000
0.000000 0.000000 0.000000 0.000000 0.000000 0.000000 0.000000 0.000000 0.000000 0.000000 0.000000 0.000000 0.000000 0.000000 0.000000 0.000000 0.000000 0.000000 0.000000 0.000000 0.000000