geotop/1.0zi/1.0Montebello/Templates/testdem/maps/_Eocsand8899.asc
ncols         21
nrows         20
xllcorner     100.000000
yllcorner     100.000000
cellsize      50.000000
NODATA_value  -9999.0
0.000000 0.000000 0.000000 0.000000 0.000000 0.000000 0.000000 0.000000 0.000000 0.000000 0.000000 0.000000 0.000000 0.000000 0.000000 0.000000 0.000000 0.000000 0.000000 0.000000 0.000000
0.000000 0.000000 0.300226 0.300223 0.300223 0.300224 0.300223 0.300223 0.300223 0.300223 0.300224 0.300223 0.300223 0.300223 0.300223 0.300223 0.300225 0.300224 0.300224 0.000000 0.000000
0.000000 0.000000 0.300012 0.300014 0.300013 0.300012 0.300013 0.300013 0.300013 0.300013 0.300013 0.300013 0.300012 0.300013 0.300013 0.300013 0.300014 0.300014 0.300015 0.000000 0.000000
0.000000 0.000000 0.299856 0.299856 0.299862 0.299870 0.299869 0.299873 0.299866 0.299868 0.299868 0.299868 0.299867 0.299869 0.299864 0.299858 0.299855 0.299856 0.299855 0.000000 0.000000
0.000000 0.000000 0.297564 0.297566 0.297579 0.297605 0.297631 0.297635 0.297638 0.297640 0.297641 0.297638 0.297635 0.297634 0.297612 0.297601 0.297588 0.297584 0.297572 0.000000 0.000000
0.000000 0.000000 0.291089 0.291097 0.291126 0.291175 0.291225 0.291271 0.291267 0.291280 0.291271 0.291271 0.291262 0.291265 0.291237 0.291195 0.291172 0.291159 0.291147 0.000000 0.000000
0.000000 0.000000 0.282139 0.282157 0.282179 0.282238 0.282308 0.282402 0.282396 0.282405 0.282405 0.282404 0.282406 0.282400 0.282323 0.282264 0.282229 0.282208 0.282193 0.000000 0.000000
0.000000 0.000000 0.271541 0.271559 0.271576 0.271645 0.271716 0.271802 0.271798 0.271809 0.271810 0.271815 0.271820 0.271802 0.271729 0.271667 0.271610 0.271604 0.271577 0.000000 0.000000
0.000000 0.000000 0.260077 0.260103 0.260135 0.260182 0.260264 0.260362 0.260350 0.260371 0.260378 0.260381 0.260378 0.260380 0.260281 0.260206 0.260164 0.260152 0.260126 0.000000 0.000000
0.000000 0.000000 0.247706 0.247739 0.247757 0.247807 0.247921 0.248008 0.248003 0.248016 0.248030 0.248021 0.248008 0.248012 0.247932 0.247838 0.247788 0.247777 0.247763 0.000000 0.000000
0.000000 0.000000 0.233997 0.234019 0.234039 0.234152 0.234226 0.234338 0.234306 0.234373 0.234359 0.234367 0.234389 0.234349 0.234265 0.234209 0.234138 0.234116 0.234061 0.000000 0.000000
0.000000 0.000000 0.218436 0.218482 0.218540 0.218601 0.218701 0.218837 0.218835 0.218845 0.218817 0.218869 0.218846 0.218846 0.218698 0.218619 0.218583 0.218568 0.218447 0.000000 0.000000
0.000000 0.000000 0.201262 0.201314 0.201320 0.201439 0.201520 0.201916 0.201914 0.201934 0.202053 0.201982 0.201967 0.201929 0.201623 0.201549 0.201406 0.201408 0.201359 0.000000 0.000000
0.000000 0.000000 0.180504 0.180520 0.180615 0.180691 0.181233 0.181121 0.181220 0.181217 0.181163 0.181216 0.181226 0.181270 0.181368 0.180791 0.180743 0.180617 0.180525 0.000000 0.000000
0.000000 0.000000 0.155812 0.155878 0.155988 0.156698 0.156534 0.156906 0.157031 0.157069 0.157203 0.157275 0.157194 0.157200 0.156842 0.156974 0.156045 0.156250 0.156259 0.000000 0.000000
0.000000 0.000000 0.129621 0.129671 0.130660 0.130261 0.130382 0.130395 0.129972 0.130092 0.129872 0.129925 0.130102 0.129857 0.129912 0.129808 0.130753 0.129292 0.129318 0.000000 0.000000
0.000000 0.000000 0.099737 0.101066 0.100621 0.101203 0.101866 0.102063 0.102492 0.102388 0.102828 0.102776 0.102519 0.102787 0.102431 0.101942 0.100671 0.101664 0.100289 0.000000 0.000000
0.000000 0.000000 0.091434 0.090336 0.089399 0.089408 0.089343 0.090257 0.090076 0.090350 0.089889 0.089983 0.090058 0.089902 0.089151 0.089193 0.089242 0.089962 0.091050 0.000000 0.000000
0.000000 0.000000 0.300000 0.300000 0.300000 0.300000 0.300000 0.300000 0.300000 0.300000 0.300000 0.300000 0.300000 0.300000 0.300000 0.300000 0.300000 0.300000 0.300000 0.000000 0.000000
0.000000 0.000000 0.000000 0.000000 0.000000 0.000000 0.000000 0.000000 0.000000 0.000000 0.000000 0.000000 0.000000 0.000000 0.000000 0.000000 0.000000 0.000000 0.000000 0.000000 0.000000