geotop/1.0zi/1.0Montebello/Templates/testdem/maps/_Eocclay4904.asc
ncols         21
nrows         20
xllcorner     100.000000
yllcorner     100.000000
cellsize      50.000000
NODATA_value  -9999.0
0.000000 0.000000 0.000000 0.000000 0.000000 0.000000 0.000000 0.000000 0.000000 0.000000 0.000000 0.000000 0.000000 0.000000 0.000000 0.000000 0.000000 0.000000 0.000000 0.000000 0.000000
0.000000 0.000000 0.349780 0.349781 0.349781 0.349781 0.349781 0.349781 0.349781 0.349781 0.349781 0.349781 0.349781 0.349781 0.349781 0.349781 0.349781 0.349781 0.349781 0.000000 0.000000
0.000000 0.000000 0.349992 0.349992 0.349992 0.349992 0.349992 0.349992 0.349992 0.349992 0.349991 0.349991 0.349992 0.349992 0.349992 0.349992 0.349992 0.349992 0.349992 0.000000 0.000000
0.000000 0.000000 0.349987 0.349989 0.349987 0.349988 0.349989 0.349989 0.349989 0.349988 0.349989 0.349988 0.349988 0.349987 0.349989 0.349991 0.349989 0.349990 0.349988 0.000000 0.000000
0.000000 0.000000 0.350372 0.350371 0.350371 0.350365 0.350357 0.350355 0.350356 0.350356 0.350354 0.350356 0.350353 0.350354 0.350359 0.350357 0.350362 0.350363 0.350366 0.000000 0.000000
0.000000 0.000000 0.351722 0.351725 0.351719 0.351703 0.351699 0.351685 0.351684 0.351680 0.351684 0.351683 0.351687 0.351688 0.351690 0.351699 0.351704 0.351713 0.351718 0.000000 0.000000
0.000000 0.000000 0.353709 0.353706 0.353702 0.353687 0.353672 0.353650 0.353650 0.353646 0.353648 0.353648 0.353650 0.353651 0.353666 0.353684 0.353693 0.353700 0.353706 0.000000 0.000000
0.000000 0.000000 0.356049 0.356047 0.356044 0.356028 0.356010 0.355988 0.355989 0.355986 0.355986 0.355986 0.355985 0.355987 0.356007 0.356023 0.356032 0.356038 0.356045 0.000000 0.000000
0.000000 0.000000 0.358402 0.358399 0.358394 0.358382 0.358365 0.358343 0.358345 0.358341 0.358341 0.358342 0.358340 0.358342 0.358360 0.358380 0.358387 0.358392 0.358399 0.000000 0.000000
0.000000 0.000000 0.360776 0.360771 0.360767 0.360755 0.360734 0.360714 0.360716 0.360714 0.360713 0.360714 0.360712 0.360712 0.360733 0.360752 0.360760 0.360765 0.360772 0.000000 0.000000
0.000000 0.000000 0.363206 0.363200 0.363197 0.363188 0.363172 0.363146 0.363149 0.363144 0.363143 0.363144 0.363142 0.363143 0.363161 0.363176 0.363186 0.363192 0.363200 0.000000 0.000000
0.000000 0.000000 0.365728 0.365725 0.365718 0.365704 0.365687 0.365663 0.365663 0.365660 0.365660 0.365658 0.365658 0.365658 0.365681 0.365699 0.365708 0.365713 0.365738 0.000000 0.000000
0.000000 0.000000 0.368300 0.368294 0.368288 0.368277 0.368257 0.368205 0.368206 0.368202 0.368201 0.368202 0.368199 0.368201 0.368247 0.368268 0.368277 0.368282 0.368297 0.000000 0.000000
0.000000 0.000000 0.371042 0.371032 0.371028 0.371016 0.370960 0.370947 0.370939 0.370936 0.370936 0.370936 0.370934 0.370935 0.370950 0.371003 0.371013 0.371025 0.371034 0.000000 0.000000
0.000000 0.000000 0.374018 0.374010 0.373995 0.373947 0.373921 0.373888 0.373871 0.373866 0.373858 0.373858 0.373861 0.373857 0.373883 0.373918 0.373978 0.373976 0.373984 0.000000 0.000000
0.000000 0.000000 0.377107 0.377100 0.377039 0.377030 0.377013 0.376997 0.376997 0.376996 0.376999 0.376998 0.376990 0.377003 0.377011 0.377025 0.377023 0.377090 0.377105 0.000000 0.000000
0.000000 0.000000 0.380577 0.380496 0.380449 0.380425 0.380382 0.380359 0.380355 0.380352 0.380342 0.380342 0.380345 0.380338 0.380356 0.380404 0.380435 0.380464 0.380545 0.000000 0.000000
0.000000 0.000000 0.383234 0.383222 0.383277 0.383247 0.383212 0.383132 0.383125 0.383118 0.383121 0.383120 0.383116 0.383123 0.383197 0.383234 0.383277 0.383208 0.383234 0.000000 0.000000
0.000000 0.000000 0.350000 0.350000 0.350000 0.350000 0.350000 0.350000 0.350000 0.350000 0.350000 0.350000 0.350000 0.350000 0.350000 0.350000 0.350000 0.350000 0.350000 0.000000 0.000000
0.000000 0.000000 0.000000 0.000000 0.000000 0.000000 0.000000 0.000000 0.000000 0.000000 0.000000 0.000000 0.000000 0.000000 0.000000 0.000000 0.000000 0.000000 0.000000 0.000000 0.000000