geotop/1.0zi/1.0Montebello/Templates/testdem/maps/_Eocsand1531.asc
ncols         21
nrows         20
xllcorner     100.000000
yllcorner     100.000000
cellsize      50.000000
NODATA_value  -9999.0
0.000000 0.000000 0.000000 0.000000 0.000000 0.000000 0.000000 0.000000 0.000000 0.000000 0.000000 0.000000 0.000000 0.000000 0.000000 0.000000 0.000000 0.000000 0.000000 0.000000 0.000000
0.000000 0.000000 0.300048 0.300048 0.300048 0.300048 0.300048 0.300048 0.300048 0.300048 0.300048 0.300048 0.300048 0.300048 0.300048 0.300048 0.300048 0.300048 0.300048 0.000000 0.000000
0.000000 0.000000 0.300006 0.300006 0.300006 0.300005 0.300006 0.300006 0.300006 0.300006 0.300006 0.300006 0.300006 0.300006 0.300006 0.300005 0.300006 0.300006 0.300006 0.000000 0.000000
0.000000 0.000000 0.298778 0.298779 0.298783 0.298781 0.298778 0.298778 0.298778 0.298778 0.298778 0.298778 0.298778 0.298778 0.298778 0.298781 0.298783 0.298779 0.298778 0.000000 0.000000
0.000000 0.000000 0.294303 0.294305 0.294309 0.294308 0.294301 0.294303 0.294303 0.294301 0.294302 0.294301 0.294303 0.294303 0.294301 0.294308 0.294309 0.294305 0.294303 0.000000 0.000000
0.000000 0.000000 0.289049 0.289050 0.289053 0.289052 0.289047 0.289048 0.289048 0.289047 0.289047 0.289047 0.289048 0.289048 0.289047 0.289052 0.289053 0.289050 0.289049 0.000000 0.000000
0.000000 0.000000 0.284151 0.284152 0.284155 0.284154 0.284150 0.284151 0.284151 0.284150 0.284150 0.284150 0.284151 0.284151 0.284150 0.284154 0.284155 0.284152 0.284151 0.000000 0.000000
0.000000 0.000000 0.279655 0.279656 0.279658 0.279658 0.279654 0.279655 0.279655 0.279654 0.279654 0.279654 0.279655 0.279655 0.279654 0.279658 0.279658 0.279656 0.279655 0.000000 0.000000
0.000000 0.000000 0.275447 0.275447 0.275450 0.275449 0.275446 0.275447 0.275447 0.275446 0.275446 0.275446 0.275447 0.275447 0.275446 0.275449 0.275450 0.275447 0.275447 0.000000 0.000000
0.000000 0.000000 0.271420 0.271421 0.271423 0.271422 0.271419 0.271420 0.271420 0.271419 0.271419 0.271419 0.271420 0.271420 0.271419 0.271422 0.271423 0.271421 0.271420 0.000000 0.000000
0.000000 0.000000 0.267532 0.267532 0.267535 0.267534 0.267531 0.267532 0.267532 0.267531 0.267531 0.267531 0.267532 0.267532 0.267531 0.267534 0.267535 0.267532 0.267532 0.000000 0.000000
0.000000 0.000000 0.263745 0.263745 0.263748 0.263747 0.263744 0.263744 0.263744 0.263744 0.263744 0.263744 0.263744 0.263744 0.263744 0.263747 0.263748 0.263745 0.263745 0.000000 0.000000
0.000000 0.000000 0.260028 0.260028 0.260031 0.260030 0.260027 0.260028 0.260028 0.260027 0.260027 0.260027 0.260028 0.260028 0.260027 0.260030 0.260031 0.260028 0.260028 0.000000 0.000000
0.000000 0.000000 0.256383 0.256384 0.256386 0.256385 0.256382 0.256383 0.256383 0.256383 0.256383 0.256383 0.256383 0.256383 0.256382 0.256385 0.256386 0.256384 0.256383 0.000000 0.000000
0.000000 0.000000 0.252796 0.252797 0.252799 0.252798 0.252795 0.252796 0.252796 0.252795 0.252795 0.252795 0.252796 0.252796 0.252795 0.252798 0.252799 0.252797 0.252796 0.000000 0.000000
0.000000 0.000000 0.249251 0.249251 0.249254 0.249253 0.249250 0.249251 0.249251 0.249250 0.249250 0.249250 0.249251 0.249251 0.249250 0.249253 0.249254 0.249251 0.249251 0.000000 0.000000
0.000000 0.000000 0.245747 0.245748 0.245750 0.245749 0.245747 0.245747 0.245747 0.245747 0.245747 0.245747 0.245747 0.245747 0.245747 0.245749 0.245750 0.245748 0.245747 0.000000 0.000000
0.000000 0.000000 0.242205 0.242204 0.242207 0.242206 0.242203 0.242204 0.242204 0.242203 0.242203 0.242203 0.242204 0.242204 0.242203 0.242206 0.242207 0.242204 0.242204 0.000000 0.000000
0.000000 0.000000 0.300000 0.300000 0.300000 0.300000 0.300000 0.300000 0.300000 0.300000 0.300000 0.300000 0.300000 0.300000 0.300000 0.300000 0.300000 0.300000 0.300000 0.000000 0.000000
0.000000 0.000000 0.000000 0.000000 0.000000 0.000000 0.000000 0.000000 0.000000 0.000000 0.000000 0.000000 0.000000 0.000000 0.000000 0.000000 0.000000 0.000000 0.000000 0.000000 0.000000