geotop/1.0zi/1.0Montebello/Templates/testdem/maps/_Eocsand9335.asc
ncols         21
nrows         20
xllcorner     100.000000
yllcorner     100.000000
cellsize      50.000000
NODATA_value  -9999.0
0.000000 0.000000 0.000000 0.000000 0.000000 0.000000 0.000000 0.000000 0.000000 0.000000 0.000000 0.000000 0.000000 0.000000 0.000000 0.000000 0.000000 0.000000 0.000000 0.000000 0.000000
0.000000 0.000000 0.300239 0.300237 0.300237 0.300237 0.300236 0.300236 0.300236 0.300236 0.300237 0.300236 0.300236 0.300237 0.300236 0.300236 0.300238 0.300237 0.300237 0.000000 0.000000
0.000000 0.000000 0.300012 0.300013 0.300013 0.300012 0.300013 0.300013 0.300013 0.300013 0.300013 0.300013 0.300012 0.300012 0.300012 0.300012 0.300013 0.300014 0.300015 0.000000 0.000000
0.000000 0.000000 0.299852 0.299851 0.299858 0.299866 0.299865 0.299868 0.299862 0.299864 0.299864 0.299862 0.299861 0.299863 0.299858 0.299852 0.299849 0.299849 0.299848 0.000000 0.000000
0.000000 0.000000 0.297409 0.297411 0.297428 0.297455 0.297483 0.297488 0.297490 0.297491 0.297492 0.297485 0.297481 0.297480 0.297458 0.297446 0.297433 0.297423 0.297410 0.000000 0.000000
0.000000 0.000000 0.290419 0.290430 0.290467 0.290519 0.290578 0.290629 0.290628 0.290639 0.290634 0.290632 0.290622 0.290625 0.290596 0.290547 0.290521 0.290501 0.290487 0.000000 0.000000
0.000000 0.000000 0.280755 0.280774 0.280805 0.280868 0.280946 0.281052 0.281044 0.281052 0.281055 0.281053 0.281054 0.281046 0.280966 0.280903 0.280864 0.280836 0.280820 0.000000 0.000000
0.000000 0.000000 0.269305 0.269326 0.269354 0.269428 0.269509 0.269603 0.269599 0.269610 0.269614 0.269619 0.269622 0.269603 0.269527 0.269458 0.269395 0.269382 0.269353 0.000000 0.000000
0.000000 0.000000 0.256830 0.256861 0.256901 0.256955 0.257049 0.257160 0.257147 0.257169 0.257179 0.257182 0.257176 0.257178 0.257071 0.256990 0.256941 0.256921 0.256895 0.000000 0.000000
0.000000 0.000000 0.243220 0.243259 0.243290 0.243348 0.243474 0.243577 0.243571 0.243585 0.243604 0.243593 0.243577 0.243580 0.243495 0.243390 0.243332 0.243311 0.243296 0.000000 0.000000
0.000000 0.000000 0.227948 0.227976 0.228003 0.228139 0.228220 0.228355 0.228320 0.228392 0.228381 0.228389 0.228411 0.228366 0.228274 0.228209 0.228129 0.228095 0.228032 0.000000 0.000000
0.000000 0.000000 0.210378 0.210440 0.210518 0.210584 0.210702 0.210868 0.210864 0.210876 0.210846 0.210908 0.210876 0.210877 0.210712 0.210617 0.210572 0.210546 0.210411 0.000000 0.000000
0.000000 0.000000 0.190765 0.190821 0.190839 0.190989 0.191087 0.191561 0.191558 0.191583 0.191732 0.191642 0.191623 0.191576 0.191222 0.191134 0.190963 0.190950 0.190902 0.000000 0.000000
0.000000 0.000000 0.166712 0.166733 0.166867 0.166959 0.167620 0.167447 0.167574 0.167570 0.167494 0.167567 0.167577 0.167631 0.167794 0.167083 0.167038 0.166868 0.166761 0.000000 0.000000
0.000000 0.000000 0.138408 0.138491 0.138631 0.139497 0.139228 0.139730 0.139868 0.139917 0.140095 0.140170 0.140068 0.140064 0.139604 0.139845 0.138710 0.138956 0.138978 0.000000 0.000000
0.000000 0.000000 0.110176 0.110232 0.111346 0.110819 0.110996 0.110978 0.110490 0.110621 0.110365 0.110413 0.110616 0.110342 0.110457 0.110306 0.111478 0.109796 0.109821 0.000000 0.000000
0.000000 0.000000 0.081693 0.082863 0.082448 0.082989 0.083581 0.083774 0.084176 0.084081 0.084487 0.084438 0.084200 0.084445 0.084119 0.083682 0.082514 0.083437 0.082221 0.000000 0.000000
0.000000 0.000000 0.072893 0.072264 0.071532 0.071625 0.071674 0.072390 0.072310 0.072504 0.072218 0.072281 0.072304 0.072219 0.071618 0.071577 0.071446 0.072091 0.072712 0.000000 0.000000
0.000000 0.000000 0.300000 0.300000 0.300000 0.300000 0.300000 0.300000 0.300000 0.300000 0.300000 0.300000 0.300000 0.300000 0.300000 0.300000 0.300000 0.300000 0.300000 0.000000 0.000000
0.000000 0.000000 0.000000 0.000000 0.000000 0.000000 0.000000 0.000000 0.000000 0.000000 0.000000 0.000000 0.000000 0.000000 0.000000 0.000000 0.000000 0.000000 0.000000 0.000000 0.000000