geotop/1.0zi/1.0Montebello/Templates/testdem/maps/_Eocclay0229.asc
ncols         21
nrows         20
xllcorner     100.000000
yllcorner     100.000000
cellsize      50.000000
NODATA_value  -9999.0
0.000000 0.000000 0.000000 0.000000 0.000000 0.000000 0.000000 0.000000 0.000000 0.000000 0.000000 0.000000 0.000000 0.000000 0.000000 0.000000 0.000000 0.000000 0.000000 0.000000 0.000000
0.000000 0.000000 0.349982 0.349982 0.349982 0.349982 0.349982 0.349982 0.349982 0.349982 0.349982 0.349982 0.349982 0.349982 0.349982 0.349982 0.349982 0.349982 0.349982 0.000000 0.000000
0.000000 0.000000 0.350001 0.350001 0.350000 0.350000 0.350001 0.350001 0.350001 0.350001 0.350001 0.350001 0.350001 0.350001 0.350001 0.350000 0.350000 0.350001 0.350001 0.000000 0.000000
0.000000 0.000000 0.350214 0.350214 0.350212 0.350214 0.350214 0.350214 0.350214 0.350214 0.350214 0.350214 0.350214 0.350214 0.350214 0.350214 0.350212 0.350214 0.350214 0.000000 0.000000
0.000000 0.000000 0.350749 0.350749 0.350747 0.350749 0.350749 0.350749 0.350749 0.350749 0.350749 0.350749 0.350749 0.350749 0.350749 0.350749 0.350747 0.350749 0.350749 0.000000 0.000000
0.000000 0.000000 0.351230 0.351230 0.351228 0.351230 0.351230 0.351230 0.351230 0.351230 0.351230 0.351230 0.351230 0.351230 0.351230 0.351230 0.351228 0.351230 0.351230 0.000000 0.000000
0.000000 0.000000 0.351658 0.351658 0.351656 0.351658 0.351658 0.351658 0.351658 0.351658 0.351658 0.351658 0.351658 0.351658 0.351658 0.351658 0.351656 0.351658 0.351658 0.000000 0.000000
0.000000 0.000000 0.352045 0.352045 0.352044 0.352045 0.352045 0.352045 0.352045 0.352045 0.352045 0.352045 0.352045 0.352045 0.352045 0.352045 0.352044 0.352045 0.352045 0.000000 0.000000
0.000000 0.000000 0.352406 0.352406 0.352404 0.352406 0.352406 0.352406 0.352406 0.352406 0.352406 0.352406 0.352406 0.352406 0.352406 0.352406 0.352404 0.352406 0.352406 0.000000 0.000000
0.000000 0.000000 0.352751 0.352751 0.352749 0.352751 0.352751 0.352751 0.352751 0.352751 0.352751 0.352751 0.352751 0.352751 0.352751 0.352751 0.352749 0.352751 0.352751 0.000000 0.000000
0.000000 0.000000 0.353082 0.353082 0.353081 0.353082 0.353082 0.353082 0.353082 0.353082 0.353082 0.353082 0.353082 0.353082 0.353082 0.353082 0.353081 0.353082 0.353082 0.000000 0.000000
0.000000 0.000000 0.353405 0.353404 0.353403 0.353404 0.353405 0.353405 0.353405 0.353405 0.353405 0.353405 0.353405 0.353405 0.353405 0.353404 0.353403 0.353404 0.353405 0.000000 0.000000
0.000000 0.000000 0.353720 0.353720 0.353719 0.353720 0.353720 0.353720 0.353720 0.353720 0.353720 0.353720 0.353720 0.353720 0.353720 0.353720 0.353719 0.353720 0.353720 0.000000 0.000000
0.000000 0.000000 0.354027 0.354027 0.354026 0.354027 0.354027 0.354027 0.354027 0.354027 0.354027 0.354027 0.354027 0.354027 0.354027 0.354027 0.354026 0.354027 0.354027 0.000000 0.000000
0.000000 0.000000 0.354330 0.354330 0.354329 0.354330 0.354330 0.354330 0.354330 0.354330 0.354330 0.354330 0.354330 0.354330 0.354330 0.354330 0.354329 0.354330 0.354330 0.000000 0.000000
0.000000 0.000000 0.354630 0.354630 0.354629 0.354630 0.354630 0.354630 0.354630 0.354630 0.354630 0.354630 0.354630 0.354630 0.354630 0.354630 0.354629 0.354630 0.354630 0.000000 0.000000
0.000000 0.000000 0.354924 0.354924 0.354923 0.354924 0.354924 0.354924 0.354924 0.354924 0.354924 0.354924 0.354924 0.354924 0.354924 0.354924 0.354923 0.354924 0.354924 0.000000 0.000000
0.000000 0.000000 0.355239 0.355239 0.355238 0.355239 0.355239 0.355239 0.355239 0.355239 0.355239 0.355239 0.355239 0.355239 0.355239 0.355239 0.355238 0.355239 0.355239 0.000000 0.000000
0.000000 0.000000 0.350000 0.350000 0.350000 0.350000 0.350000 0.350000 0.350000 0.350000 0.350000 0.350000 0.350000 0.350000 0.350000 0.350000 0.350000 0.350000 0.350000 0.000000 0.000000
0.000000 0.000000 0.000000 0.000000 0.000000 0.000000 0.000000 0.000000 0.000000 0.000000 0.000000 0.000000 0.000000 0.000000 0.000000 0.000000 0.000000 0.000000 0.000000 0.000000 0.000000