geotop/1.0zi/1.0Montebello/Templates/testdem/maps/_Eocsilt6260.asc
ncols         21
nrows         20
xllcorner     100.000000
yllcorner     100.000000
cellsize      50.000000
NODATA_value  -9999.0
0.000000 0.000000 0.000000 0.000000 0.000000 0.000000 0.000000 0.000000 0.000000 0.000000 0.000000 0.000000 0.000000 0.000000 0.000000 0.000000 0.000000 0.000000 0.000000 0.000000 0.000000
0.000000 0.000000 0.350125 0.350126 0.350126 0.350126 0.350125 0.350126 0.350125 0.350125 0.350126 0.350125 0.350125 0.350125 0.350125 0.350126 0.350126 0.350126 0.350125 0.000000 0.000000
0.000000 0.000000 0.350002 0.350002 0.350002 0.350002 0.350003 0.350002 0.350003 0.350003 0.350003 0.350003 0.350003 0.350003 0.350002 0.350002 0.350000 0.350000 0.350002 0.000000 0.000000
0.000000 0.000000 0.350051 0.350048 0.350048 0.350043 0.350044 0.350042 0.350044 0.350044 0.350043 0.350042 0.350043 0.350042 0.350045 0.350048 0.350049 0.350050 0.350051 0.000000 0.000000
0.000000 0.000000 0.350596 0.350602 0.350599 0.350594 0.350590 0.350584 0.350583 0.350581 0.350579 0.350581 0.350583 0.350584 0.350589 0.350592 0.350593 0.350602 0.350605 0.000000 0.000000
0.000000 0.000000 0.352267 0.352270 0.352263 0.352249 0.352237 0.352219 0.352218 0.352213 0.352217 0.352219 0.352220 0.352217 0.352224 0.352232 0.352241 0.352245 0.352251 0.000000 0.000000
0.000000 0.000000 0.354797 0.354795 0.354788 0.354768 0.354744 0.354720 0.354721 0.354718 0.354719 0.354719 0.354716 0.354720 0.354740 0.354760 0.354771 0.354782 0.354789 0.000000 0.000000
0.000000 0.000000 0.357892 0.357892 0.357890 0.357870 0.357847 0.357820 0.357820 0.357817 0.357816 0.357816 0.357814 0.357817 0.357840 0.357862 0.357880 0.357883 0.357894 0.000000 0.000000
0.000000 0.000000 0.361149 0.361144 0.361134 0.361121 0.361099 0.361067 0.361068 0.361062 0.361060 0.361061 0.361061 0.361059 0.361089 0.361112 0.361128 0.361134 0.361144 0.000000 0.000000
0.000000 0.000000 0.364449 0.364444 0.364439 0.364429 0.364397 0.364369 0.364371 0.364367 0.364363 0.364367 0.364371 0.364367 0.364392 0.364418 0.364434 0.364438 0.364445 0.000000 0.000000
0.000000 0.000000 0.367860 0.367857 0.367854 0.367830 0.367809 0.367778 0.367785 0.367769 0.367770 0.367771 0.367767 0.367776 0.367795 0.367812 0.367830 0.367840 0.367855 0.000000 0.000000
0.000000 0.000000 0.371477 0.371471 0.371460 0.371443 0.371423 0.371385 0.371386 0.371378 0.371386 0.371377 0.371379 0.371382 0.371417 0.371434 0.371447 0.371452 0.371489 0.000000 0.000000
0.000000 0.000000 0.375222 0.375213 0.375208 0.375189 0.375171 0.375093 0.375092 0.375085 0.375068 0.375077 0.375083 0.375089 0.375148 0.375164 0.375193 0.375196 0.375221 0.000000 0.000000
0.000000 0.000000 0.379329 0.379324 0.379311 0.379297 0.379219 0.379201 0.379184 0.379183 0.379178 0.379180 0.379179 0.379176 0.379186 0.379267 0.379291 0.379311 0.379337 0.000000 0.000000
0.000000 0.000000 0.383902 0.383897 0.383878 0.383792 0.383769 0.383722 0.383693 0.383688 0.383672 0.383661 0.383673 0.383667 0.383705 0.383739 0.383859 0.383848 0.383864 0.000000 0.000000
0.000000 0.000000 0.388791 0.388785 0.388669 0.388656 0.388650 0.388622 0.388648 0.388633 0.388646 0.388633 0.388619 0.388645 0.388663 0.388672 0.388653 0.388801 0.388804 0.000000 0.000000
0.000000 0.000000 0.394487 0.394326 0.394285 0.394237 0.394158 0.394125 0.394107 0.394107 0.394069 0.394067 0.394084 0.394074 0.394117 0.394176 0.394272 0.394287 0.394454 0.000000 0.000000
0.000000 0.000000 0.398418 0.398451 0.398599 0.398565 0.398518 0.398369 0.398368 0.398333 0.398362 0.398352 0.398360 0.398367 0.398504 0.398538 0.398624 0.398474 0.398451 0.000000 0.000000
0.000000 0.000000 0.350000 0.350000 0.350000 0.350000 0.350000 0.350000 0.350000 0.350000 0.350000 0.350000 0.350000 0.350000 0.350000 0.350000 0.350000 0.350000 0.350000 0.000000 0.000000
0.000000 0.000000 0.000000 0.000000 0.000000 0.000000 0.000000 0.000000 0.000000 0.000000 0.000000 0.000000 0.000000 0.000000 0.000000 0.000000 0.000000 0.000000 0.000000 0.000000 0.000000