geotop/1.0zi/1.0Montebello/Templates/testdem/maps/_Eocsilt3423.asc
ncols         21
nrows         20
xllcorner     100.000000
yllcorner     100.000000
cellsize      50.000000
NODATA_value  -9999.0
0.000000 0.000000 0.000000 0.000000 0.000000 0.000000 0.000000 0.000000 0.000000 0.000000 0.000000 0.000000 0.000000 0.000000 0.000000 0.000000 0.000000 0.000000 0.000000 0.000000 0.000000
0.000000 0.000000 0.350092 0.350092 0.350092 0.350092 0.350092 0.350092 0.350092 0.350092 0.350091 0.350092 0.350092 0.350092 0.350092 0.350092 0.350092 0.350092 0.350092 0.000000 0.000000
0.000000 0.000000 0.349994 0.349993 0.349994 0.349994 0.349994 0.349994 0.349994 0.349994 0.349994 0.349994 0.349994 0.349994 0.349994 0.349994 0.349994 0.349993 0.349994 0.000000 0.000000
0.000000 0.000000 0.351366 0.351365 0.351363 0.351364 0.351366 0.351366 0.351366 0.351366 0.351366 0.351366 0.351366 0.351366 0.351366 0.351364 0.351363 0.351365 0.351366 0.000000 0.000000
0.000000 0.000000 0.356218 0.356217 0.356215 0.356215 0.356218 0.356217 0.356217 0.356218 0.356219 0.356218 0.356217 0.356217 0.356218 0.356215 0.356215 0.356217 0.356218 0.000000 0.000000
0.000000 0.000000 0.362170 0.362170 0.362168 0.362168 0.362171 0.362170 0.362170 0.362171 0.362171 0.362171 0.362170 0.362170 0.362171 0.362168 0.362168 0.362170 0.362170 0.000000 0.000000
0.000000 0.000000 0.367559 0.367558 0.367557 0.367557 0.367559 0.367558 0.367558 0.367559 0.367560 0.367559 0.367558 0.367558 0.367559 0.367557 0.367557 0.367558 0.367559 0.000000 0.000000
0.000000 0.000000 0.372426 0.372425 0.372424 0.372424 0.372426 0.372425 0.372425 0.372426 0.372427 0.372426 0.372425 0.372425 0.372426 0.372424 0.372424 0.372425 0.372426 0.000000 0.000000
0.000000 0.000000 0.376913 0.376913 0.376911 0.376912 0.376913 0.376913 0.376913 0.376913 0.376914 0.376913 0.376913 0.376913 0.376913 0.376912 0.376911 0.376913 0.376913 0.000000 0.000000
0.000000 0.000000 0.381126 0.381126 0.381125 0.381125 0.381127 0.381126 0.381126 0.381127 0.381127 0.381127 0.381126 0.381126 0.381127 0.381125 0.381125 0.381126 0.381126 0.000000 0.000000
0.000000 0.000000 0.385121 0.385121 0.385120 0.385120 0.385122 0.385121 0.385121 0.385121 0.385122 0.385121 0.385121 0.385121 0.385122 0.385120 0.385120 0.385121 0.385121 0.000000 0.000000
0.000000 0.000000 0.388936 0.388936 0.388935 0.388935 0.388937 0.388936 0.388936 0.388937 0.388937 0.388937 0.388936 0.388936 0.388937 0.388935 0.388935 0.388936 0.388936 0.000000 0.000000
0.000000 0.000000 0.392601 0.392601 0.392600 0.392600 0.392601 0.392601 0.392601 0.392601 0.392602 0.392601 0.392601 0.392601 0.392601 0.392600 0.392600 0.392601 0.392601 0.000000 0.000000
0.000000 0.000000 0.396143 0.396143 0.396142 0.396143 0.396144 0.396143 0.396143 0.396144 0.396144 0.396144 0.396143 0.396143 0.396144 0.396143 0.396142 0.396143 0.396143 0.000000 0.000000
0.000000 0.000000 0.399575 0.399575 0.399574 0.399574 0.399575 0.399575 0.399575 0.399575 0.399576 0.399575 0.399575 0.399575 0.399575 0.399574 0.399574 0.399575 0.399575 0.000000 0.000000
0.000000 0.000000 0.402900 0.402900 0.402899 0.402899 0.402900 0.402900 0.402900 0.402900 0.402901 0.402900 0.402900 0.402900 0.402900 0.402899 0.402899 0.402900 0.402900 0.000000 0.000000
0.000000 0.000000 0.406131 0.406131 0.406130 0.406131 0.406132 0.406131 0.406131 0.406132 0.406132 0.406132 0.406131 0.406131 0.406132 0.406131 0.406130 0.406131 0.406131 0.000000 0.000000
0.000000 0.000000 0.409325 0.409325 0.409324 0.409324 0.409325 0.409325 0.409325 0.409325 0.409326 0.409325 0.409325 0.409325 0.409325 0.409324 0.409324 0.409325 0.409325 0.000000 0.000000
0.000000 0.000000 0.350000 0.350000 0.350000 0.350000 0.350000 0.350000 0.350000 0.350000 0.350000 0.350000 0.350000 0.350000 0.350000 0.350000 0.350000 0.350000 0.350000 0.000000 0.000000
0.000000 0.000000 0.000000 0.000000 0.000000 0.000000 0.000000 0.000000 0.000000 0.000000 0.000000 0.000000 0.000000 0.000000 0.000000 0.000000 0.000000 0.000000 0.000000 0.000000 0.000000