geotop/1.0zi/1.0Montebello/Templates/testdem/maps/_Eocclay6857.asc
ncols         21
nrows         20
xllcorner     100.000000
yllcorner     100.000000
cellsize      50.000000
NODATA_value  -9999.0
0.000000 0.000000 0.000000 0.000000 0.000000 0.000000 0.000000 0.000000 0.000000 0.000000 0.000000 0.000000 0.000000 0.000000 0.000000 0.000000 0.000000 0.000000 0.000000 0.000000 0.000000
0.000000 0.000000 0.349694 0.349696 0.349696 0.349695 0.349696 0.349696 0.349696 0.349696 0.349694 0.349696 0.349696 0.349695 0.349696 0.349696 0.349694 0.349694 0.349695 0.000000 0.000000
0.000000 0.000000 0.349988 0.349988 0.349988 0.349989 0.349987 0.349987 0.349987 0.349987 0.349987 0.349987 0.349987 0.349986 0.349987 0.349987 0.349989 0.349988 0.349986 0.000000 0.000000
0.000000 0.000000 0.349979 0.349984 0.349981 0.349981 0.349982 0.349982 0.349984 0.349980 0.349985 0.349983 0.349983 0.349982 0.349982 0.349984 0.349982 0.349983 0.349983 0.000000 0.000000
0.000000 0.000000 0.350659 0.350657 0.350654 0.350652 0.350639 0.350637 0.350636 0.350639 0.350636 0.350637 0.350633 0.350636 0.350644 0.350644 0.350648 0.350649 0.350657 0.000000 0.000000
0.000000 0.000000 0.352719 0.352718 0.352708 0.352683 0.352675 0.352654 0.352655 0.352650 0.352654 0.352654 0.352656 0.352656 0.352663 0.352680 0.352691 0.352703 0.352709 0.000000 0.000000
0.000000 0.000000 0.355714 0.355712 0.355705 0.355685 0.355660 0.355629 0.355629 0.355623 0.355626 0.355627 0.355627 0.355627 0.355652 0.355678 0.355690 0.355700 0.355708 0.000000 0.000000
0.000000 0.000000 0.359298 0.359296 0.359290 0.359266 0.359241 0.359208 0.359208 0.359204 0.359204 0.359203 0.359201 0.359207 0.359234 0.359256 0.359276 0.359283 0.359295 0.000000 0.000000
0.000000 0.000000 0.363013 0.363008 0.362997 0.362983 0.362958 0.362924 0.362926 0.362919 0.362917 0.362916 0.362916 0.362915 0.362947 0.362976 0.362991 0.362997 0.363007 0.000000 0.000000
0.000000 0.000000 0.366844 0.366837 0.366832 0.366818 0.366782 0.366752 0.366753 0.366748 0.366744 0.366748 0.366753 0.366749 0.366776 0.366808 0.366826 0.366831 0.366839 0.000000 0.000000
0.000000 0.000000 0.370897 0.370892 0.370886 0.370859 0.370835 0.370799 0.370807 0.370788 0.370790 0.370791 0.370785 0.370796 0.370819 0.370839 0.370861 0.370872 0.370889 0.000000 0.000000
0.000000 0.000000 0.375242 0.375231 0.375219 0.375198 0.375174 0.375131 0.375131 0.375123 0.375133 0.375121 0.375123 0.375126 0.375167 0.375188 0.375204 0.375211 0.375252 0.000000 0.000000
0.000000 0.000000 0.379803 0.379791 0.379785 0.379761 0.379739 0.379643 0.379642 0.379634 0.379612 0.379624 0.379631 0.379639 0.379712 0.379734 0.379769 0.379772 0.379799 0.000000 0.000000
0.000000 0.000000 0.384902 0.384897 0.384879 0.384861 0.384757 0.384743 0.384720 0.384719 0.384719 0.384718 0.384716 0.384713 0.384717 0.384828 0.384854 0.384882 0.384911 0.000000 0.000000
0.000000 0.000000 0.390677 0.390669 0.390644 0.390524 0.390504 0.390446 0.390408 0.390402 0.390382 0.390368 0.390381 0.390375 0.390428 0.390461 0.390623 0.390606 0.390620 0.000000 0.000000
0.000000 0.000000 0.396928 0.396918 0.396753 0.396750 0.396743 0.396711 0.396757 0.396736 0.396759 0.396741 0.396720 0.396758 0.396775 0.396787 0.396735 0.396952 0.396954 0.000000 0.000000
0.000000 0.000000 0.404426 0.404182 0.404150 0.404078 0.403958 0.403914 0.403878 0.403882 0.403824 0.403824 0.403853 0.403831 0.403892 0.403984 0.404138 0.404118 0.404369 0.000000 0.000000
0.000000 0.000000 0.409097 0.409202 0.409434 0.409394 0.409347 0.409127 0.409132 0.409078 0.409139 0.409123 0.409128 0.409142 0.409340 0.409378 0.409473 0.409249 0.409157 0.000000 0.000000
0.000000 0.000000 0.350000 0.350000 0.350000 0.350000 0.350000 0.350000 0.350000 0.350000 0.350000 0.350000 0.350000 0.350000 0.350000 0.350000 0.350000 0.350000 0.350000 0.000000 0.000000
0.000000 0.000000 0.000000 0.000000 0.000000 0.000000 0.000000 0.000000 0.000000 0.000000 0.000000 0.000000 0.000000 0.000000 0.000000 0.000000 0.000000 0.000000 0.000000 0.000000 0.000000