geotop/1.0zi/1.0Montebello/Templates/testdem/maps/_Eocsand5023.asc
ncols         21
nrows         20
xllcorner     100.000000
yllcorner     100.000000
cellsize      50.000000
NODATA_value  -9999.0
0.000000 0.000000 0.000000 0.000000 0.000000 0.000000 0.000000 0.000000 0.000000 0.000000 0.000000 0.000000 0.000000 0.000000 0.000000 0.000000 0.000000 0.000000 0.000000 0.000000 0.000000
0.000000 0.000000 0.300121 0.300120 0.300120 0.300120 0.300120 0.300120 0.300120 0.300120 0.300120 0.300120 0.300120 0.300120 0.300120 0.300120 0.300120 0.300120 0.300121 0.000000 0.000000
0.000000 0.000000 0.300006 0.300005 0.300005 0.300005 0.300005 0.300005 0.300005 0.300005 0.300005 0.300005 0.300005 0.300005 0.300005 0.300005 0.300007 0.300007 0.300006 0.000000 0.000000
0.000000 0.000000 0.299976 0.299975 0.299977 0.299981 0.299978 0.299980 0.299978 0.299979 0.299979 0.299980 0.299980 0.299982 0.299978 0.299974 0.299975 0.299973 0.299975 0.000000 0.000000
0.000000 0.000000 0.299189 0.299187 0.299188 0.299198 0.299208 0.299214 0.299215 0.299217 0.299220 0.299216 0.299219 0.299217 0.299208 0.299208 0.299203 0.299194 0.299188 0.000000 0.000000
0.000000 0.000000 0.296539 0.296533 0.296544 0.296571 0.296582 0.296611 0.296615 0.296623 0.296616 0.296614 0.296606 0.296606 0.296599 0.296584 0.296572 0.296561 0.296552 0.000000 0.000000
0.000000 0.000000 0.292580 0.292584 0.292594 0.292623 0.292657 0.292698 0.292696 0.292702 0.292697 0.292699 0.292699 0.292694 0.292665 0.292632 0.292617 0.292602 0.292589 0.000000 0.000000
0.000000 0.000000 0.287916 0.287920 0.287924 0.287955 0.287991 0.288032 0.288029 0.288035 0.288035 0.288036 0.288038 0.288035 0.287997 0.287962 0.287943 0.287934 0.287921 0.000000 0.000000
0.000000 0.000000 0.283138 0.283146 0.283157 0.283181 0.283215 0.283261 0.283258 0.283266 0.283266 0.283265 0.283267 0.283263 0.283227 0.283187 0.283172 0.283161 0.283144 0.000000 0.000000
0.000000 0.000000 0.278355 0.278364 0.278371 0.278395 0.278436 0.278477 0.278472 0.278477 0.278478 0.278478 0.278481 0.278481 0.278440 0.278401 0.278385 0.278376 0.278362 0.000000 0.000000
0.000000 0.000000 0.273477 0.273487 0.273494 0.273514 0.273545 0.273595 0.273590 0.273600 0.273601 0.273599 0.273603 0.273601 0.273565 0.273535 0.273515 0.273504 0.273488 0.000000 0.000000
0.000000 0.000000 0.268411 0.268419 0.268431 0.268460 0.268493 0.268542 0.268543 0.268548 0.268548 0.268551 0.268552 0.268552 0.268505 0.268470 0.268451 0.268441 0.268391 0.000000 0.000000
0.000000 0.000000 0.263249 0.263259 0.263271 0.263293 0.263333 0.263437 0.263436 0.263444 0.263446 0.263445 0.263450 0.263446 0.263355 0.263313 0.263294 0.263283 0.263254 0.000000 0.000000
0.000000 0.000000 0.257741 0.257760 0.257768 0.257792 0.257904 0.257930 0.257946 0.257952 0.257952 0.257952 0.257957 0.257956 0.257926 0.257819 0.257798 0.257775 0.257757 0.000000 0.000000
0.000000 0.000000 0.251764 0.251778 0.251808 0.251906 0.251958 0.252025 0.252057 0.252066 0.252082 0.252084 0.252078 0.252087 0.252034 0.251963 0.251843 0.251847 0.251831 0.000000 0.000000
0.000000 0.000000 0.245553 0.245568 0.245689 0.245708 0.245743 0.245776 0.245776 0.245777 0.245771 0.245774 0.245789 0.245764 0.245747 0.245719 0.245723 0.245586 0.245556 0.000000 0.000000
0.000000 0.000000 0.238571 0.238737 0.238830 0.238880 0.238968 0.239014 0.239024 0.239029 0.239048 0.239048 0.239044 0.239056 0.239019 0.238922 0.238857 0.238799 0.238636 0.000000 0.000000
0.000000 0.000000 0.233236 0.233260 0.233150 0.233211 0.233282 0.233445 0.233459 0.233473 0.233465 0.233468 0.233477 0.233461 0.233312 0.233237 0.233148 0.233287 0.233236 0.000000 0.000000
0.000000 0.000000 0.300000 0.300000 0.300000 0.300000 0.300000 0.300000 0.300000 0.300000 0.300000 0.300000 0.300000 0.300000 0.300000 0.300000 0.300000 0.300000 0.300000 0.000000 0.000000
0.000000 0.000000 0.000000 0.000000 0.000000 0.000000 0.000000 0.000000 0.000000 0.000000 0.000000 0.000000 0.000000 0.000000 0.000000 0.000000 0.000000 0.000000 0.000000 0.000000 0.000000