geotop/1.0zi/1.0Montebello/Templates/testdem/maps/_Eocsand8063.asc
ncols         21
nrows         20
xllcorner     100.000000
yllcorner     100.000000
cellsize      50.000000
NODATA_value  -9999.0
0.000000 0.000000 0.000000 0.000000 0.000000 0.000000 0.000000 0.000000 0.000000 0.000000 0.000000 0.000000 0.000000 0.000000 0.000000 0.000000 0.000000 0.000000 0.000000 0.000000 0.000000
0.000000 0.000000 0.300206 0.300203 0.300203 0.300204 0.300203 0.300202 0.300203 0.300203 0.300204 0.300203 0.300203 0.300203 0.300203 0.300203 0.300204 0.300204 0.300204 0.000000 0.000000
0.000000 0.000000 0.300011 0.300012 0.300012 0.300010 0.300011 0.300012 0.300011 0.300011 0.300011 0.300012 0.300011 0.300011 0.300011 0.300011 0.300012 0.300012 0.300013 0.000000 0.000000
0.000000 0.000000 0.299894 0.299893 0.299897 0.299905 0.299901 0.299909 0.299904 0.299906 0.299906 0.299906 0.299906 0.299908 0.299903 0.299898 0.299896 0.299893 0.299894 0.000000 0.000000
0.000000 0.000000 0.297976 0.297973 0.297982 0.297998 0.298020 0.298030 0.298036 0.298035 0.298039 0.298038 0.298041 0.298035 0.298012 0.298005 0.297993 0.297981 0.297972 0.000000 0.000000
0.000000 0.000000 0.292431 0.292432 0.292455 0.292501 0.292535 0.292583 0.292582 0.292596 0.292588 0.292589 0.292585 0.292584 0.292561 0.292528 0.292499 0.292476 0.292465 0.000000 0.000000
0.000000 0.000000 0.284668 0.284676 0.284697 0.284747 0.284812 0.284885 0.284886 0.284896 0.284893 0.284895 0.284898 0.284892 0.284828 0.284771 0.284736 0.284708 0.284693 0.000000 0.000000
0.000000 0.000000 0.275476 0.275480 0.275496 0.275554 0.275616 0.275697 0.275698 0.275707 0.275709 0.275715 0.275719 0.275704 0.275635 0.275580 0.275527 0.275511 0.275487 0.000000 0.000000
0.000000 0.000000 0.265663 0.265679 0.265709 0.265747 0.265813 0.265900 0.265896 0.265915 0.265920 0.265925 0.265922 0.265924 0.265839 0.265770 0.265728 0.265708 0.265687 0.000000 0.000000
0.000000 0.000000 0.255304 0.255323 0.255339 0.255377 0.255472 0.255551 0.255551 0.255561 0.255573 0.255567 0.255556 0.255560 0.255488 0.255409 0.255360 0.255344 0.255329 0.000000 0.000000
0.000000 0.000000 0.244068 0.244080 0.244100 0.244181 0.244248 0.244341 0.244321 0.244372 0.244365 0.244368 0.244386 0.244352 0.244287 0.244237 0.244174 0.244141 0.244099 0.000000 0.000000
0.000000 0.000000 0.231616 0.231649 0.231689 0.231741 0.231817 0.231933 0.231941 0.231955 0.231929 0.231969 0.231958 0.231950 0.231830 0.231769 0.231726 0.231703 0.231599 0.000000 0.000000
0.000000 0.000000 0.218170 0.218203 0.218219 0.218295 0.218361 0.218662 0.218667 0.218685 0.218764 0.218723 0.218706 0.218678 0.218449 0.218387 0.218272 0.218260 0.218209 0.000000 0.000000
0.000000 0.000000 0.202449 0.202459 0.202523 0.202576 0.202951 0.202928 0.203006 0.203005 0.202984 0.203006 0.203016 0.203033 0.203063 0.202675 0.202609 0.202508 0.202435 0.000000 0.000000
0.000000 0.000000 0.183946 0.183980 0.184059 0.184532 0.184502 0.184737 0.184845 0.184872 0.184951 0.185008 0.184956 0.184966 0.184739 0.184741 0.184115 0.184209 0.184196 0.000000 0.000000
0.000000 0.000000 0.163646 0.163677 0.164361 0.164191 0.164241 0.164313 0.164063 0.164144 0.164014 0.164064 0.164174 0.164004 0.163983 0.163945 0.164421 0.163445 0.163460 0.000000 0.000000
0.000000 0.000000 0.138440 0.139516 0.139319 0.139714 0.140255 0.140415 0.140699 0.140633 0.140949 0.140923 0.140745 0.140918 0.140647 0.140248 0.139358 0.139908 0.138792 0.000000 0.000000
0.000000 0.000000 0.128778 0.127795 0.126868 0.126873 0.126842 0.127730 0.127591 0.127849 0.127437 0.127522 0.127581 0.127442 0.126698 0.126723 0.126698 0.127436 0.128397 0.000000 0.000000
0.000000 0.000000 0.300000 0.300000 0.300000 0.300000 0.300000 0.300000 0.300000 0.300000 0.300000 0.300000 0.300000 0.300000 0.300000 0.300000 0.300000 0.300000 0.300000 0.000000 0.000000
0.000000 0.000000 0.000000 0.000000 0.000000 0.000000 0.000000 0.000000 0.000000 0.000000 0.000000 0.000000 0.000000 0.000000 0.000000 0.000000 0.000000 0.000000 0.000000 0.000000 0.000000