geotop/1.0zi/1.0Montebello/Templates/testdem/maps/_Eocsand5641.asc
ncols         21
nrows         20
xllcorner     100.000000
yllcorner     100.000000
cellsize      50.000000
NODATA_value  -9999.0
0.000000 0.000000 0.000000 0.000000 0.000000 0.000000 0.000000 0.000000 0.000000 0.000000 0.000000 0.000000 0.000000 0.000000 0.000000 0.000000 0.000000 0.000000 0.000000 0.000000 0.000000
0.000000 0.000000 0.300142 0.300141 0.300141 0.300141 0.300141 0.300140 0.300141 0.300141 0.300141 0.300141 0.300141 0.300141 0.300141 0.300141 0.300141 0.300141 0.300141 0.000000 0.000000
0.000000 0.000000 0.300009 0.300008 0.300008 0.300008 0.300008 0.300008 0.300008 0.300008 0.300008 0.300008 0.300007 0.300007 0.300008 0.300008 0.300009 0.300010 0.300009 0.000000 0.000000
0.000000 0.000000 0.299967 0.299966 0.299970 0.299973 0.299971 0.299973 0.299970 0.299972 0.299971 0.299973 0.299973 0.299974 0.299970 0.299965 0.299966 0.299963 0.299965 0.000000 0.000000
0.000000 0.000000 0.299008 0.299006 0.299007 0.299015 0.299029 0.299038 0.299038 0.299038 0.299042 0.299040 0.299043 0.299042 0.299031 0.299030 0.299025 0.299014 0.299007 0.000000 0.000000
0.000000 0.000000 0.295965 0.295961 0.295970 0.296002 0.296018 0.296052 0.296054 0.296062 0.296054 0.296052 0.296047 0.296051 0.296042 0.296025 0.296010 0.295995 0.295985 0.000000 0.000000
0.000000 0.000000 0.291439 0.291443 0.291449 0.291483 0.291524 0.291573 0.291572 0.291578 0.291573 0.291571 0.291574 0.291573 0.291539 0.291502 0.291485 0.291467 0.291454 0.000000 0.000000
0.000000 0.000000 0.285958 0.285957 0.285958 0.285994 0.286034 0.286088 0.286086 0.286092 0.286091 0.286092 0.286095 0.286089 0.286051 0.286015 0.285985 0.285978 0.285959 0.000000 0.000000
0.000000 0.000000 0.280309 0.280317 0.280329 0.280350 0.280390 0.280446 0.280443 0.280453 0.280457 0.280454 0.280455 0.280460 0.280410 0.280371 0.280344 0.280336 0.280320 0.000000 0.000000
0.000000 0.000000 0.274627 0.274637 0.274640 0.274655 0.274712 0.274762 0.274757 0.274764 0.274771 0.274763 0.274757 0.274764 0.274725 0.274680 0.274653 0.274648 0.274637 0.000000 0.000000
0.000000 0.000000 0.268767 0.268772 0.268772 0.268813 0.268851 0.268907 0.268894 0.268921 0.268919 0.268917 0.268924 0.268911 0.268879 0.268851 0.268821 0.268804 0.268780 0.000000 0.000000
0.000000 0.000000 0.262624 0.262638 0.262652 0.262680 0.262713 0.262780 0.262777 0.262792 0.262775 0.262791 0.262789 0.262785 0.262728 0.262701 0.262680 0.262671 0.262609 0.000000 0.000000
0.000000 0.000000 0.256327 0.256339 0.256342 0.256374 0.256405 0.256538 0.256537 0.256549 0.256576 0.256561 0.256551 0.256542 0.256447 0.256423 0.256376 0.256371 0.256326 0.000000 0.000000
0.000000 0.000000 0.249500 0.249508 0.249524 0.249544 0.249671 0.249705 0.249734 0.249736 0.249746 0.249741 0.249740 0.249745 0.249731 0.249606 0.249565 0.249533 0.249488 0.000000 0.000000
0.000000 0.000000 0.241998 0.242008 0.242034 0.242164 0.242207 0.242283 0.242333 0.242341 0.242366 0.242379 0.242364 0.242377 0.242322 0.242261 0.242073 0.242088 0.242060 0.000000 0.000000
0.000000 0.000000 0.234072 0.234082 0.234250 0.234280 0.234290 0.234340 0.234307 0.234328 0.234313 0.234332 0.234352 0.234319 0.234291 0.234275 0.234285 0.234068 0.234062 0.000000 0.000000
0.000000 0.000000 0.225025 0.225255 0.225336 0.225403 0.225513 0.225570 0.225587 0.225591 0.225640 0.225648 0.225627 0.225637 0.225576 0.225494 0.225363 0.225308 0.225076 0.000000 0.000000
0.000000 0.000000 0.218380 0.218375 0.218170 0.218227 0.218317 0.218534 0.218538 0.218587 0.218556 0.218569 0.218555 0.218551 0.218355 0.218292 0.218145 0.218356 0.218347 0.000000 0.000000
0.000000 0.000000 0.300000 0.300000 0.300000 0.300000 0.300000 0.300000 0.300000 0.300000 0.300000 0.300000 0.300000 0.300000 0.300000 0.300000 0.300000 0.300000 0.300000 0.000000 0.000000
0.000000 0.000000 0.000000 0.000000 0.000000 0.000000 0.000000 0.000000 0.000000 0.000000 0.000000 0.000000 0.000000 0.000000 0.000000 0.000000 0.000000 0.000000 0.000000 0.000000 0.000000