geotop/1.0zi/1.0Montebello/Templates/testdem/maps/_Eocclay8942.asc
ncols         21
nrows         20
xllcorner     100.000000
yllcorner     100.000000
cellsize      50.000000
NODATA_value  -9999.0
0.000000 0.000000 0.000000 0.000000 0.000000 0.000000 0.000000 0.000000 0.000000 0.000000 0.000000 0.000000 0.000000 0.000000 0.000000 0.000000 0.000000 0.000000 0.000000 0.000000 0.000000
0.000000 0.000000 0.349582 0.349585 0.349585 0.349584 0.349585 0.349586 0.349585 0.349585 0.349584 0.349585 0.349585 0.349585 0.349585 0.349585 0.349583 0.349583 0.349584 0.000000 0.000000
0.000000 0.000000 0.349983 0.349981 0.349981 0.349983 0.349981 0.349981 0.349981 0.349981 0.349981 0.349981 0.349981 0.349981 0.349982 0.349982 0.349983 0.349982 0.349980 0.000000 0.000000
0.000000 0.000000 0.350023 0.350028 0.350026 0.350023 0.350024 0.350025 0.350029 0.350026 0.350029 0.350027 0.350028 0.350026 0.350028 0.350030 0.350028 0.350027 0.350026 0.000000 0.000000
0.000000 0.000000 0.351224 0.351216 0.351210 0.351200 0.351182 0.351182 0.351178 0.351180 0.351178 0.351180 0.351178 0.351180 0.351189 0.351193 0.351204 0.351204 0.351214 0.000000 0.000000
0.000000 0.000000 0.354615 0.354611 0.354592 0.354562 0.354538 0.354514 0.354518 0.354511 0.354515 0.354515 0.354520 0.354519 0.354532 0.354558 0.354570 0.354580 0.354586 0.000000 0.000000
0.000000 0.000000 0.359169 0.359159 0.359148 0.359119 0.359085 0.359035 0.359037 0.359032 0.359032 0.359034 0.359034 0.359035 0.359076 0.359107 0.359124 0.359133 0.359141 0.000000 0.000000
0.000000 0.000000 0.364573 0.364563 0.364552 0.364516 0.364480 0.364435 0.364437 0.364431 0.364431 0.364429 0.364426 0.364436 0.364474 0.364504 0.364533 0.364537 0.364551 0.000000 0.000000
0.000000 0.000000 0.370400 0.370386 0.370369 0.370345 0.370304 0.370254 0.370261 0.370250 0.370247 0.370245 0.370246 0.370245 0.370295 0.370333 0.370354 0.370359 0.370372 0.000000 0.000000
0.000000 0.000000 0.376716 0.376698 0.376688 0.376662 0.376603 0.376559 0.376562 0.376555 0.376548 0.376552 0.376559 0.376557 0.376598 0.376646 0.376671 0.376677 0.376684 0.000000 0.000000
0.000000 0.000000 0.383757 0.383744 0.383733 0.383675 0.383637 0.383579 0.383595 0.383561 0.383568 0.383564 0.383553 0.383573 0.383616 0.383645 0.383681 0.383692 0.383720 0.000000 0.000000
0.000000 0.000000 0.391771 0.391746 0.391714 0.391683 0.391631 0.391561 0.391562 0.391557 0.391571 0.391544 0.391556 0.391556 0.391632 0.391673 0.391691 0.391698 0.391761 0.000000 0.000000
0.000000 0.000000 0.400649 0.400620 0.400615 0.400553 0.400511 0.400305 0.400306 0.400296 0.400234 0.400271 0.400279 0.400298 0.400457 0.400495 0.400570 0.400568 0.400593 0.000000 0.000000
0.000000 0.000000 0.411434 0.411423 0.411371 0.411332 0.411047 0.411109 0.411056 0.411058 0.411087 0.411059 0.411054 0.411030 0.410976 0.411280 0.411303 0.411369 0.411417 0.000000 0.000000
0.000000 0.000000 0.424315 0.424277 0.424217 0.423841 0.423934 0.423736 0.423670 0.423650 0.423578 0.423542 0.423584 0.423581 0.423772 0.423695 0.424187 0.424076 0.424071 0.000000 0.000000
0.000000 0.000000 0.437991 0.437962 0.437434 0.437656 0.437589 0.437587 0.437814 0.437751 0.437870 0.437843 0.437747 0.437878 0.437843 0.437900 0.437383 0.438165 0.438151 0.000000 0.000000
0.000000 0.000000 0.453661 0.452946 0.453196 0.452880 0.452525 0.452421 0.452186 0.452243 0.452005 0.452034 0.452173 0.452026 0.452217 0.452478 0.453169 0.452617 0.453356 0.000000 0.000000
0.000000 0.000000 0.457719 0.458333 0.458836 0.458840 0.458886 0.458393 0.458496 0.458346 0.458602 0.458551 0.458507 0.458595 0.458996 0.458965 0.458921 0.458539 0.457929 0.000000 0.000000
0.000000 0.000000 0.350000 0.350000 0.350000 0.350000 0.350000 0.350000 0.350000 0.350000 0.350000 0.350000 0.350000 0.350000 0.350000 0.350000 0.350000 0.350000 0.350000 0.000000 0.000000
0.000000 0.000000 0.000000 0.000000 0.000000 0.000000 0.000000 0.000000 0.000000 0.000000 0.000000 0.000000 0.000000 0.000000 0.000000 0.000000 0.000000 0.000000 0.000000 0.000000 0.000000