geotop/1.0zi/1.0Montebello/Templates/testdem/maps/_Eocsand2888.asc
ncols         21
nrows         20
xllcorner     100.000000
yllcorner     100.000000
cellsize      50.000000
NODATA_value  -9999.0
0.000000 0.000000 0.000000 0.000000 0.000000 0.000000 0.000000 0.000000 0.000000 0.000000 0.000000 0.000000 0.000000 0.000000 0.000000 0.000000 0.000000 0.000000 0.000000 0.000000 0.000000
0.000000 0.000000 0.300084 0.300084 0.300084 0.300084 0.300084 0.300084 0.300084 0.300084 0.300086 0.300084 0.300084 0.300084 0.300084 0.300084 0.300084 0.300084 0.300084 0.000000 0.000000
0.000000 0.000000 0.300009 0.300010 0.300010 0.300009 0.300009 0.300009 0.300009 0.300009 0.300008 0.300009 0.300009 0.300009 0.300009 0.300009 0.300010 0.300010 0.300009 0.000000 0.000000
0.000000 0.000000 0.297988 0.297989 0.297993 0.297991 0.297988 0.297988 0.297988 0.297988 0.297988 0.297988 0.297988 0.297988 0.297988 0.297991 0.297993 0.297989 0.297988 0.000000 0.000000
0.000000 0.000000 0.289770 0.289771 0.289775 0.289775 0.289768 0.289770 0.289770 0.289767 0.289767 0.289767 0.289770 0.289770 0.289768 0.289775 0.289775 0.289771 0.289770 0.000000 0.000000
0.000000 0.000000 0.279905 0.279906 0.279909 0.279909 0.279904 0.279906 0.279906 0.279903 0.279903 0.279903 0.279906 0.279906 0.279904 0.279909 0.279909 0.279906 0.279905 0.000000 0.000000
0.000000 0.000000 0.270753 0.270754 0.270757 0.270756 0.270752 0.270754 0.270753 0.270752 0.270751 0.270752 0.270753 0.270754 0.270752 0.270756 0.270757 0.270754 0.270753 0.000000 0.000000
0.000000 0.000000 0.262415 0.262416 0.262418 0.262417 0.262414 0.262415 0.262415 0.262414 0.262413 0.262414 0.262415 0.262415 0.262414 0.262417 0.262418 0.262416 0.262415 0.000000 0.000000
0.000000 0.000000 0.254678 0.254679 0.254681 0.254681 0.254678 0.254679 0.254679 0.254677 0.254676 0.254677 0.254679 0.254679 0.254678 0.254681 0.254681 0.254679 0.254678 0.000000 0.000000
0.000000 0.000000 0.247362 0.247363 0.247365 0.247364 0.247361 0.247363 0.247362 0.247361 0.247360 0.247361 0.247362 0.247363 0.247361 0.247364 0.247365 0.247363 0.247362 0.000000 0.000000
0.000000 0.000000 0.240380 0.240381 0.240383 0.240382 0.240379 0.240380 0.240380 0.240379 0.240378 0.240379 0.240380 0.240380 0.240379 0.240382 0.240383 0.240381 0.240380 0.000000 0.000000
0.000000 0.000000 0.233664 0.233664 0.233666 0.233666 0.233663 0.233664 0.233664 0.233663 0.233662 0.233663 0.233664 0.233664 0.233663 0.233666 0.233666 0.233664 0.233664 0.000000 0.000000
0.000000 0.000000 0.227163 0.227164 0.227166 0.227165 0.227163 0.227164 0.227163 0.227162 0.227162 0.227162 0.227163 0.227164 0.227163 0.227165 0.227166 0.227164 0.227163 0.000000 0.000000
0.000000 0.000000 0.220836 0.220836 0.220839 0.220838 0.220835 0.220836 0.220836 0.220835 0.220834 0.220835 0.220836 0.220836 0.220835 0.220838 0.220839 0.220836 0.220836 0.000000 0.000000
0.000000 0.000000 0.214664 0.214664 0.214667 0.214666 0.214663 0.214664 0.214664 0.214663 0.214663 0.214663 0.214664 0.214664 0.214663 0.214666 0.214667 0.214664 0.214664 0.000000 0.000000
0.000000 0.000000 0.208635 0.208636 0.208638 0.208637 0.208635 0.208636 0.208636 0.208635 0.208634 0.208635 0.208636 0.208636 0.208635 0.208637 0.208638 0.208636 0.208635 0.000000 0.000000
0.000000 0.000000 0.202743 0.202743 0.202745 0.202744 0.202742 0.202743 0.202743 0.202742 0.202741 0.202742 0.202743 0.202743 0.202742 0.202744 0.202745 0.202743 0.202743 0.000000 0.000000
0.000000 0.000000 0.196887 0.196886 0.196888 0.196887 0.196885 0.196886 0.196886 0.196885 0.196884 0.196885 0.196886 0.196886 0.196885 0.196887 0.196888 0.196886 0.196886 0.000000 0.000000
0.000000 0.000000 0.300000 0.300000 0.300000 0.300000 0.300000 0.300000 0.300000 0.300000 0.300000 0.300000 0.300000 0.300000 0.300000 0.300000 0.300000 0.300000 0.300000 0.000000 0.000000
0.000000 0.000000 0.000000 0.000000 0.000000 0.000000 0.000000 0.000000 0.000000 0.000000 0.000000 0.000000 0.000000 0.000000 0.000000 0.000000 0.000000 0.000000 0.000000 0.000000 0.000000