geotop/1.0zi/1.0Montebello/Templates/testdem/maps/_Eocclay0261.asc
ncols         21
nrows         20
xllcorner     100.000000
yllcorner     100.000000
cellsize      50.000000
NODATA_value  -9999.0
0.000000 0.000000 0.000000 0.000000 0.000000 0.000000 0.000000 0.000000 0.000000 0.000000 0.000000 0.000000 0.000000 0.000000 0.000000 0.000000 0.000000 0.000000 0.000000 0.000000 0.000000
0.000000 0.000000 0.349982 0.349982 0.349982 0.349982 0.349982 0.349982 0.349982 0.349982 0.349982 0.349982 0.349982 0.349982 0.349982 0.349982 0.349982 0.349982 0.349982 0.000000 0.000000
0.000000 0.000000 0.349998 0.349998 0.349998 0.349998 0.349998 0.349998 0.349998 0.349998 0.349998 0.349998 0.349998 0.349998 0.349998 0.349998 0.349998 0.349998 0.349998 0.000000 0.000000
0.000000 0.000000 0.350244 0.350244 0.350242 0.350244 0.350244 0.350244 0.350244 0.350244 0.350244 0.350244 0.350244 0.350244 0.350244 0.350244 0.350242 0.350244 0.350244 0.000000 0.000000
0.000000 0.000000 0.350833 0.350833 0.350830 0.350832 0.350833 0.350833 0.350833 0.350833 0.350833 0.350833 0.350833 0.350833 0.350833 0.350832 0.350830 0.350833 0.350833 0.000000 0.000000
0.000000 0.000000 0.351361 0.351361 0.351359 0.351361 0.351361 0.351361 0.351361 0.351361 0.351361 0.351361 0.351361 0.351361 0.351361 0.351361 0.351359 0.351361 0.351361 0.000000 0.000000
0.000000 0.000000 0.351834 0.351834 0.351833 0.351834 0.351834 0.351834 0.351834 0.351834 0.351834 0.351834 0.351834 0.351834 0.351834 0.351834 0.351833 0.351834 0.351834 0.000000 0.000000
0.000000 0.000000 0.352266 0.352266 0.352264 0.352266 0.352266 0.352266 0.352266 0.352266 0.352266 0.352266 0.352266 0.352266 0.352266 0.352266 0.352264 0.352266 0.352266 0.000000 0.000000
0.000000 0.000000 0.352669 0.352669 0.352667 0.352669 0.352669 0.352669 0.352669 0.352669 0.352669 0.352669 0.352669 0.352669 0.352669 0.352669 0.352667 0.352669 0.352669 0.000000 0.000000
0.000000 0.000000 0.353056 0.353055 0.353054 0.353055 0.353056 0.353056 0.353056 0.353056 0.353056 0.353056 0.353056 0.353056 0.353056 0.353055 0.353054 0.353055 0.353056 0.000000 0.000000
0.000000 0.000000 0.353429 0.353429 0.353428 0.353429 0.353429 0.353429 0.353429 0.353429 0.353429 0.353429 0.353429 0.353429 0.353429 0.353429 0.353428 0.353429 0.353429 0.000000 0.000000
0.000000 0.000000 0.353793 0.353793 0.353792 0.353793 0.353793 0.353793 0.353793 0.353793 0.353793 0.353793 0.353793 0.353793 0.353793 0.353793 0.353792 0.353793 0.353793 0.000000 0.000000
0.000000 0.000000 0.354150 0.354150 0.354149 0.354150 0.354150 0.354150 0.354150 0.354150 0.354150 0.354150 0.354150 0.354150 0.354150 0.354150 0.354149 0.354150 0.354150 0.000000 0.000000
0.000000 0.000000 0.354500 0.354499 0.354498 0.354499 0.354500 0.354500 0.354500 0.354500 0.354500 0.354500 0.354500 0.354500 0.354500 0.354499 0.354498 0.354499 0.354500 0.000000 0.000000
0.000000 0.000000 0.354844 0.354844 0.354843 0.354844 0.354844 0.354844 0.354844 0.354844 0.354844 0.354844 0.354844 0.354844 0.354844 0.354844 0.354843 0.354844 0.354844 0.000000 0.000000
0.000000 0.000000 0.355186 0.355186 0.355185 0.355186 0.355186 0.355186 0.355186 0.355186 0.355186 0.355186 0.355186 0.355186 0.355186 0.355186 0.355185 0.355186 0.355186 0.000000 0.000000
0.000000 0.000000 0.355522 0.355522 0.355521 0.355522 0.355522 0.355522 0.355522 0.355522 0.355522 0.355522 0.355522 0.355522 0.355522 0.355522 0.355521 0.355522 0.355522 0.000000 0.000000
0.000000 0.000000 0.355877 0.355877 0.355876 0.355877 0.355877 0.355877 0.355877 0.355877 0.355877 0.355877 0.355877 0.355877 0.355877 0.355877 0.355876 0.355877 0.355877 0.000000 0.000000
0.000000 0.000000 0.350000 0.350000 0.350000 0.350000 0.350000 0.350000 0.350000 0.350000 0.350000 0.350000 0.350000 0.350000 0.350000 0.350000 0.350000 0.350000 0.350000 0.000000 0.000000
0.000000 0.000000 0.000000 0.000000 0.000000 0.000000 0.000000 0.000000 0.000000 0.000000 0.000000 0.000000 0.000000 0.000000 0.000000 0.000000 0.000000 0.000000 0.000000 0.000000 0.000000