geotop/1.0zi/1.0Montebello/Templates/testdem/maps/_Eocclay7849.asc
ncols         21
nrows         20
xllcorner     100.000000
yllcorner     100.000000
cellsize      50.000000
NODATA_value  -9999.0
0.000000 0.000000 0.000000 0.000000 0.000000 0.000000 0.000000 0.000000 0.000000 0.000000 0.000000 0.000000 0.000000 0.000000 0.000000 0.000000 0.000000 0.000000 0.000000 0.000000 0.000000
0.000000 0.000000 0.349637 0.349639 0.349639 0.349638 0.349640 0.349640 0.349639 0.349640 0.349638 0.349640 0.349640 0.349639 0.349640 0.349639 0.349637 0.349638 0.349639 0.000000 0.000000
0.000000 0.000000 0.349985 0.349984 0.349985 0.349986 0.349984 0.349983 0.349984 0.349983 0.349983 0.349983 0.349983 0.349983 0.349984 0.349984 0.349985 0.349984 0.349983 0.000000 0.000000
0.000000 0.000000 0.350003 0.350008 0.350004 0.350003 0.350007 0.350004 0.350006 0.350003 0.350006 0.350004 0.350004 0.350003 0.350005 0.350006 0.350005 0.350008 0.350007 0.000000 0.000000
0.000000 0.000000 0.350979 0.350976 0.350972 0.350968 0.350951 0.350949 0.350947 0.350949 0.350946 0.350946 0.350942 0.350946 0.350956 0.350958 0.350967 0.350968 0.350974 0.000000 0.000000
0.000000 0.000000 0.353696 0.353694 0.353682 0.353653 0.353639 0.353615 0.353616 0.353609 0.353613 0.353612 0.353614 0.353616 0.353627 0.353646 0.353661 0.353676 0.353682 0.000000 0.000000
0.000000 0.000000 0.357433 0.357429 0.357420 0.357396 0.357366 0.357328 0.357327 0.357321 0.357322 0.357323 0.357323 0.357324 0.357357 0.357386 0.357402 0.357415 0.357423 0.000000 0.000000
0.000000 0.000000 0.361867 0.361864 0.361856 0.361826 0.361797 0.361756 0.361756 0.361751 0.361751 0.361748 0.361746 0.361754 0.361788 0.361814 0.361839 0.361849 0.361861 0.000000 0.000000
0.000000 0.000000 0.366548 0.366541 0.366527 0.366508 0.366477 0.366435 0.366437 0.366428 0.366425 0.366423 0.366424 0.366423 0.366464 0.366498 0.366517 0.366527 0.366537 0.000000 0.000000
0.000000 0.000000 0.371486 0.371476 0.371469 0.371450 0.371404 0.371366 0.371366 0.371361 0.371355 0.371358 0.371364 0.371362 0.371397 0.371435 0.371459 0.371467 0.371474 0.000000 0.000000
0.000000 0.000000 0.376836 0.376829 0.376819 0.376781 0.376749 0.376704 0.376713 0.376689 0.376692 0.376691 0.376682 0.376699 0.376730 0.376754 0.376784 0.376800 0.376820 0.000000 0.000000
0.000000 0.000000 0.382729 0.382713 0.382694 0.382668 0.382633 0.382577 0.382574 0.382567 0.382579 0.382560 0.382565 0.382569 0.382626 0.382655 0.382675 0.382687 0.382737 0.000000 0.000000
0.000000 0.000000 0.389068 0.389051 0.389043 0.389007 0.388976 0.388835 0.388833 0.388824 0.388788 0.388807 0.388815 0.388828 0.388936 0.388965 0.389019 0.389025 0.389051 0.000000 0.000000
0.000000 0.000000 0.396431 0.396424 0.396395 0.396369 0.396197 0.396202 0.396166 0.396166 0.396174 0.396165 0.396161 0.396154 0.396144 0.396323 0.396354 0.396402 0.396437 0.000000 0.000000
0.000000 0.000000 0.405056 0.405039 0.405002 0.404788 0.404795 0.404689 0.404637 0.404625 0.404589 0.404563 0.404586 0.404581 0.404684 0.404692 0.404974 0.404936 0.404944 0.000000 0.000000
0.000000 0.000000 0.414550 0.414534 0.414226 0.414290 0.414270 0.414232 0.414341 0.414304 0.414360 0.414334 0.414287 0.414363 0.414378 0.414394 0.414197 0.414632 0.414625 0.000000 0.000000
0.000000 0.000000 0.426419 0.425927 0.425992 0.425816 0.425569 0.425497 0.425377 0.425404 0.425265 0.425274 0.425351 0.425280 0.425402 0.425584 0.425972 0.425759 0.426265 0.000000 0.000000
0.000000 0.000000 0.431495 0.431923 0.432366 0.432352 0.432350 0.431930 0.431985 0.431867 0.432048 0.432009 0.431988 0.432047 0.432405 0.432405 0.432445 0.432080 0.431663 0.000000 0.000000
0.000000 0.000000 0.350000 0.350000 0.350000 0.350000 0.350000 0.350000 0.350000 0.350000 0.350000 0.350000 0.350000 0.350000 0.350000 0.350000 0.350000 0.350000 0.350000 0.000000 0.000000
0.000000 0.000000 0.000000 0.000000 0.000000 0.000000 0.000000 0.000000 0.000000 0.000000 0.000000 0.000000 0.000000 0.000000 0.000000 0.000000 0.000000 0.000000 0.000000 0.000000 0.000000