geotop/1.0zi/1.0Montebello/Templates/testdem/maps/_Eocsilt1962.asc
ncols         21
nrows         20
xllcorner     100.000000
yllcorner     100.000000
cellsize      50.000000
NODATA_value  -9999.0
0.000000 0.000000 0.000000 0.000000 0.000000 0.000000 0.000000 0.000000 0.000000 0.000000 0.000000 0.000000 0.000000 0.000000 0.000000 0.000000 0.000000 0.000000 0.000000 0.000000 0.000000
0.000000 0.000000 0.350044 0.350044 0.350044 0.350044 0.350044 0.350044 0.350044 0.350044 0.350044 0.350044 0.350044 0.350044 0.350044 0.350044 0.350044 0.350044 0.350044 0.000000 0.000000
0.000000 0.000000 0.349998 0.349998 0.349998 0.349998 0.349998 0.349998 0.349998 0.349998 0.349998 0.349998 0.349998 0.349998 0.349998 0.349998 0.349998 0.349998 0.349998 0.000000 0.000000
0.000000 0.000000 0.350692 0.350691 0.350689 0.350690 0.350692 0.350692 0.350692 0.350692 0.350692 0.350692 0.350692 0.350692 0.350692 0.350690 0.350689 0.350691 0.350692 0.000000 0.000000
0.000000 0.000000 0.353250 0.353250 0.353248 0.353248 0.353251 0.353250 0.353250 0.353251 0.353251 0.353251 0.353250 0.353250 0.353251 0.353248 0.353248 0.353250 0.353250 0.000000 0.000000
0.000000 0.000000 0.356532 0.356532 0.356530 0.356530 0.356533 0.356532 0.356532 0.356533 0.356533 0.356533 0.356532 0.356532 0.356533 0.356530 0.356530 0.356532 0.356532 0.000000 0.000000
0.000000 0.000000 0.359552 0.359552 0.359550 0.359551 0.359553 0.359552 0.359552 0.359553 0.359553 0.359553 0.359552 0.359552 0.359553 0.359551 0.359550 0.359552 0.359552 0.000000 0.000000
0.000000 0.000000 0.362321 0.362320 0.362319 0.362319 0.362321 0.362320 0.362321 0.362321 0.362321 0.362321 0.362321 0.362320 0.362321 0.362319 0.362319 0.362320 0.362321 0.000000 0.000000
0.000000 0.000000 0.364910 0.364910 0.364909 0.364909 0.364911 0.364910 0.364910 0.364911 0.364911 0.364911 0.364910 0.364910 0.364911 0.364909 0.364909 0.364910 0.364910 0.000000 0.000000
0.000000 0.000000 0.367384 0.367384 0.367382 0.367383 0.367384 0.367384 0.367384 0.367384 0.367384 0.367384 0.367384 0.367384 0.367384 0.367383 0.367382 0.367384 0.367384 0.000000 0.000000
0.000000 0.000000 0.369768 0.369768 0.369767 0.369767 0.369768 0.369768 0.369768 0.369769 0.369769 0.369769 0.369768 0.369768 0.369768 0.369767 0.369767 0.369768 0.369768 0.000000 0.000000
0.000000 0.000000 0.372085 0.372085 0.372084 0.372084 0.372085 0.372085 0.372085 0.372086 0.372086 0.372086 0.372085 0.372085 0.372085 0.372084 0.372084 0.372085 0.372085 0.000000 0.000000
0.000000 0.000000 0.374351 0.374351 0.374350 0.374350 0.374351 0.374351 0.374351 0.374352 0.374352 0.374352 0.374351 0.374351 0.374351 0.374350 0.374350 0.374351 0.374351 0.000000 0.000000
0.000000 0.000000 0.376570 0.376570 0.376569 0.376569 0.376571 0.376570 0.376570 0.376571 0.376571 0.376571 0.376570 0.376570 0.376571 0.376569 0.376569 0.376570 0.376570 0.000000 0.000000
0.000000 0.000000 0.378753 0.378753 0.378751 0.378752 0.378753 0.378753 0.378753 0.378753 0.378754 0.378753 0.378753 0.378753 0.378753 0.378752 0.378751 0.378753 0.378753 0.000000 0.000000
0.000000 0.000000 0.380905 0.380905 0.380904 0.380904 0.380906 0.380905 0.380905 0.380906 0.380906 0.380906 0.380905 0.380905 0.380906 0.380904 0.380904 0.380905 0.380905 0.000000 0.000000
0.000000 0.000000 0.383027 0.383027 0.383025 0.383026 0.383027 0.383027 0.383027 0.383027 0.383027 0.383027 0.383027 0.383027 0.383027 0.383026 0.383025 0.383027 0.383027 0.000000 0.000000
0.000000 0.000000 0.385151 0.385151 0.385150 0.385150 0.385152 0.385151 0.385151 0.385152 0.385152 0.385152 0.385151 0.385151 0.385152 0.385150 0.385150 0.385151 0.385151 0.000000 0.000000
0.000000 0.000000 0.350000 0.350000 0.350000 0.350000 0.350000 0.350000 0.350000 0.350000 0.350000 0.350000 0.350000 0.350000 0.350000 0.350000 0.350000 0.350000 0.350000 0.000000 0.000000
0.000000 0.000000 0.000000 0.000000 0.000000 0.000000 0.000000 0.000000 0.000000 0.000000 0.000000 0.000000 0.000000 0.000000 0.000000 0.000000 0.000000 0.000000 0.000000 0.000000 0.000000