geotop/1.0zi/1.0Montebello/Templates/testdem/maps/_Eocsand3111.asc
ncols         21
nrows         20
xllcorner     100.000000
yllcorner     100.000000
cellsize      50.000000
NODATA_value  -9999.0
0.000000 0.000000 0.000000 0.000000 0.000000 0.000000 0.000000 0.000000 0.000000 0.000000 0.000000 0.000000 0.000000 0.000000 0.000000 0.000000 0.000000 0.000000 0.000000 0.000000 0.000000
0.000000 0.000000 0.300087 0.300087 0.300087 0.300087 0.300087 0.300087 0.300087 0.300087 0.300088 0.300087 0.300087 0.300087 0.300087 0.300087 0.300087 0.300087 0.300087 0.000000 0.000000
0.000000 0.000000 0.300011 0.300011 0.300011 0.300011 0.300011 0.300011 0.300011 0.300011 0.300010 0.300011 0.300011 0.300011 0.300011 0.300011 0.300011 0.300011 0.300011 0.000000 0.000000
0.000000 0.000000 0.297442 0.297443 0.297448 0.297446 0.297443 0.297443 0.297443 0.297443 0.297442 0.297443 0.297443 0.297443 0.297443 0.297446 0.297448 0.297443 0.297442 0.000000 0.000000
0.000000 0.000000 0.287948 0.287949 0.287953 0.287953 0.287947 0.287949 0.287949 0.287946 0.287945 0.287946 0.287949 0.287949 0.287947 0.287953 0.287953 0.287949 0.287948 0.000000 0.000000
0.000000 0.000000 0.277017 0.277019 0.277022 0.277022 0.277017 0.277019 0.277018 0.277016 0.277015 0.277016 0.277018 0.277019 0.277017 0.277022 0.277022 0.277019 0.277017 0.000000 0.000000
0.000000 0.000000 0.266985 0.266986 0.266989 0.266988 0.266984 0.266986 0.266986 0.266984 0.266983 0.266984 0.266986 0.266986 0.266984 0.266988 0.266989 0.266986 0.266985 0.000000 0.000000
0.000000 0.000000 0.257891 0.257891 0.257894 0.257894 0.257890 0.257892 0.257891 0.257890 0.257889 0.257890 0.257891 0.257892 0.257890 0.257894 0.257894 0.257891 0.257891 0.000000 0.000000
0.000000 0.000000 0.249486 0.249487 0.249490 0.249489 0.249486 0.249487 0.249487 0.249486 0.249485 0.249486 0.249487 0.249487 0.249486 0.249489 0.249490 0.249487 0.249486 0.000000 0.000000
0.000000 0.000000 0.241570 0.241571 0.241574 0.241573 0.241570 0.241571 0.241571 0.241570 0.241569 0.241570 0.241571 0.241571 0.241570 0.241573 0.241574 0.241571 0.241570 0.000000 0.000000
0.000000 0.000000 0.234045 0.234046 0.234048 0.234047 0.234045 0.234046 0.234046 0.234044 0.234043 0.234044 0.234046 0.234046 0.234045 0.234047 0.234048 0.234046 0.234045 0.000000 0.000000
0.000000 0.000000 0.226838 0.226838 0.226841 0.226840 0.226838 0.226839 0.226838 0.226837 0.226836 0.226837 0.226838 0.226839 0.226838 0.226840 0.226841 0.226838 0.226838 0.000000 0.000000
0.000000 0.000000 0.219898 0.219898 0.219901 0.219900 0.219897 0.219898 0.219898 0.219897 0.219896 0.219897 0.219898 0.219898 0.219897 0.219900 0.219901 0.219898 0.219898 0.000000 0.000000
0.000000 0.000000 0.213163 0.213164 0.213166 0.213166 0.213163 0.213164 0.213164 0.213163 0.213162 0.213163 0.213164 0.213164 0.213163 0.213166 0.213166 0.213164 0.213163 0.000000 0.000000
0.000000 0.000000 0.206622 0.206623 0.206625 0.206624 0.206622 0.206623 0.206623 0.206622 0.206621 0.206622 0.206623 0.206623 0.206622 0.206624 0.206625 0.206623 0.206622 0.000000 0.000000
0.000000 0.000000 0.200261 0.200262 0.200264 0.200263 0.200261 0.200262 0.200262 0.200261 0.200260 0.200261 0.200262 0.200262 0.200261 0.200263 0.200264 0.200262 0.200261 0.000000 0.000000
0.000000 0.000000 0.194060 0.194060 0.194063 0.194062 0.194060 0.194060 0.194060 0.194059 0.194059 0.194059 0.194060 0.194060 0.194060 0.194062 0.194063 0.194060 0.194060 0.000000 0.000000
0.000000 0.000000 0.187873 0.187873 0.187875 0.187874 0.187872 0.187873 0.187873 0.187872 0.187871 0.187872 0.187873 0.187873 0.187872 0.187874 0.187875 0.187873 0.187872 0.000000 0.000000
0.000000 0.000000 0.300000 0.300000 0.300000 0.300000 0.300000 0.300000 0.300000 0.300000 0.300000 0.300000 0.300000 0.300000 0.300000 0.300000 0.300000 0.300000 0.300000 0.000000 0.000000
0.000000 0.000000 0.000000 0.000000 0.000000 0.000000 0.000000 0.000000 0.000000 0.000000 0.000000 0.000000 0.000000 0.000000 0.000000 0.000000 0.000000 0.000000 0.000000 0.000000 0.000000