geotop/1.0zi/1.0Montebello/Templates/testdem/maps/_Eocsilt2567.asc
ncols         21
nrows         20
xllcorner     100.000000
yllcorner     100.000000
cellsize      50.000000
NODATA_value  -9999.0
0.000000 0.000000 0.000000 0.000000 0.000000 0.000000 0.000000 0.000000 0.000000 0.000000 0.000000 0.000000 0.000000 0.000000 0.000000 0.000000 0.000000 0.000000 0.000000 0.000000 0.000000
0.000000 0.000000 0.350061 0.350061 0.350061 0.350061 0.350061 0.350061 0.350061 0.350061 0.350061 0.350061 0.350061 0.350061 0.350061 0.350061 0.350061 0.350061 0.350061 0.000000 0.000000
0.000000 0.000000 0.349998 0.349998 0.349998 0.349998 0.349998 0.349998 0.349998 0.349998 0.349998 0.349998 0.349998 0.349998 0.349998 0.349998 0.349998 0.349998 0.349998 0.000000 0.000000
0.000000 0.000000 0.350860 0.350860 0.350857 0.350858 0.350861 0.350860 0.350860 0.350860 0.350861 0.350860 0.350860 0.350860 0.350861 0.350858 0.350857 0.350860 0.350860 0.000000 0.000000
0.000000 0.000000 0.354210 0.354209 0.354207 0.354208 0.354210 0.354209 0.354209 0.354211 0.354211 0.354211 0.354209 0.354209 0.354210 0.354208 0.354207 0.354209 0.354210 0.000000 0.000000
0.000000 0.000000 0.358553 0.358553 0.358551 0.358551 0.358554 0.358553 0.358553 0.358554 0.358554 0.358554 0.358553 0.358553 0.358554 0.358551 0.358551 0.358553 0.358553 0.000000 0.000000
0.000000 0.000000 0.362530 0.362530 0.362528 0.362529 0.362530 0.362530 0.362530 0.362531 0.362531 0.362531 0.362530 0.362530 0.362530 0.362529 0.362528 0.362530 0.362530 0.000000 0.000000
0.000000 0.000000 0.366158 0.366157 0.366156 0.366156 0.366158 0.366157 0.366157 0.366158 0.366158 0.366158 0.366157 0.366157 0.366158 0.366156 0.366156 0.366157 0.366158 0.000000 0.000000
0.000000 0.000000 0.369534 0.369533 0.369532 0.369533 0.369534 0.369534 0.369534 0.369534 0.369535 0.369534 0.369534 0.369534 0.369534 0.369533 0.369532 0.369533 0.369534 0.000000 0.000000
0.000000 0.000000 0.372737 0.372737 0.372736 0.372736 0.372737 0.372737 0.372737 0.372738 0.372738 0.372738 0.372737 0.372737 0.372737 0.372736 0.372736 0.372737 0.372737 0.000000 0.000000
0.000000 0.000000 0.375807 0.375806 0.375805 0.375805 0.375807 0.375806 0.375806 0.375807 0.375807 0.375807 0.375806 0.375806 0.375807 0.375805 0.375805 0.375806 0.375807 0.000000 0.000000
0.000000 0.000000 0.378770 0.378770 0.378769 0.378769 0.378771 0.378770 0.378770 0.378771 0.378771 0.378771 0.378770 0.378770 0.378771 0.378769 0.378769 0.378770 0.378770 0.000000 0.000000
0.000000 0.000000 0.381650 0.381650 0.381649 0.381649 0.381650 0.381650 0.381650 0.381651 0.381651 0.381651 0.381650 0.381650 0.381650 0.381649 0.381649 0.381650 0.381650 0.000000 0.000000
0.000000 0.000000 0.384460 0.384460 0.384459 0.384459 0.384460 0.384460 0.384460 0.384460 0.384461 0.384460 0.384460 0.384460 0.384460 0.384459 0.384459 0.384460 0.384460 0.000000 0.000000
0.000000 0.000000 0.387210 0.387210 0.387209 0.387209 0.387210 0.387210 0.387210 0.387210 0.387211 0.387210 0.387210 0.387210 0.387210 0.387209 0.387209 0.387210 0.387210 0.000000 0.000000
0.000000 0.000000 0.389905 0.389905 0.389903 0.389904 0.389905 0.389905 0.389905 0.389905 0.389905 0.389905 0.389905 0.389905 0.389905 0.389904 0.389903 0.389905 0.389905 0.000000 0.000000
0.000000 0.000000 0.392548 0.392548 0.392547 0.392547 0.392548 0.392548 0.392548 0.392548 0.392549 0.392548 0.392548 0.392548 0.392548 0.392547 0.392547 0.392548 0.392548 0.000000 0.000000
0.000000 0.000000 0.395178 0.395178 0.395177 0.395177 0.395178 0.395178 0.395178 0.395179 0.395179 0.395179 0.395178 0.395178 0.395178 0.395177 0.395177 0.395178 0.395178 0.000000 0.000000
0.000000 0.000000 0.350000 0.350000 0.350000 0.350000 0.350000 0.350000 0.350000 0.350000 0.350000 0.350000 0.350000 0.350000 0.350000 0.350000 0.350000 0.350000 0.350000 0.000000 0.000000
0.000000 0.000000 0.000000 0.000000 0.000000 0.000000 0.000000 0.000000 0.000000 0.000000 0.000000 0.000000 0.000000 0.000000 0.000000 0.000000 0.000000 0.000000 0.000000 0.000000 0.000000