geotop/1.0zi/1.0Montebello/Templates/testdem/maps/_Eocsand3459.asc
ncols         21
nrows         20
xllcorner     100.000000
yllcorner     100.000000
cellsize      50.000000
NODATA_value  -9999.0
0.000000 0.000000 0.000000 0.000000 0.000000 0.000000 0.000000 0.000000 0.000000 0.000000 0.000000 0.000000 0.000000 0.000000 0.000000 0.000000 0.000000 0.000000 0.000000 0.000000 0.000000
0.000000 0.000000 0.300092 0.300092 0.300092 0.300092 0.300092 0.300092 0.300092 0.300092 0.300093 0.300092 0.300092 0.300092 0.300092 0.300092 0.300092 0.300092 0.300092 0.000000 0.000000
0.000000 0.000000 0.300010 0.300011 0.300011 0.300010 0.300011 0.300010 0.300010 0.300011 0.300009 0.300011 0.300010 0.300010 0.300011 0.300010 0.300011 0.300011 0.300010 0.000000 0.000000
0.000000 0.000000 0.297325 0.297326 0.297331 0.297329 0.297326 0.297326 0.297326 0.297326 0.297325 0.297326 0.297326 0.297326 0.297326 0.297329 0.297331 0.297326 0.297325 0.000000 0.000000
0.000000 0.000000 0.287102 0.287104 0.287108 0.287107 0.287101 0.287103 0.287103 0.287101 0.287100 0.287101 0.287103 0.287103 0.287101 0.287107 0.287108 0.287104 0.287102 0.000000 0.000000
0.000000 0.000000 0.275213 0.275214 0.275217 0.275217 0.275212 0.275214 0.275214 0.275212 0.275211 0.275212 0.275214 0.275214 0.275212 0.275217 0.275217 0.275214 0.275213 0.000000 0.000000
0.000000 0.000000 0.264263 0.264263 0.264266 0.264266 0.264262 0.264263 0.264263 0.264262 0.264261 0.264262 0.264263 0.264263 0.264262 0.264266 0.264266 0.264263 0.264263 0.000000 0.000000
0.000000 0.000000 0.254335 0.254336 0.254339 0.254338 0.254335 0.254336 0.254336 0.254335 0.254334 0.254335 0.254336 0.254336 0.254335 0.254338 0.254339 0.254336 0.254335 0.000000 0.000000
0.000000 0.000000 0.245174 0.245175 0.245177 0.245177 0.245173 0.245175 0.245175 0.245174 0.245172 0.245174 0.245175 0.245175 0.245173 0.245177 0.245177 0.245175 0.245174 0.000000 0.000000
0.000000 0.000000 0.236565 0.236565 0.236568 0.236567 0.236564 0.236565 0.236565 0.236564 0.236563 0.236564 0.236565 0.236565 0.236564 0.236567 0.236568 0.236565 0.236565 0.000000 0.000000
0.000000 0.000000 0.228396 0.228397 0.228399 0.228398 0.228396 0.228397 0.228397 0.228396 0.228395 0.228396 0.228397 0.228397 0.228396 0.228398 0.228399 0.228397 0.228396 0.000000 0.000000
0.000000 0.000000 0.220590 0.220591 0.220593 0.220592 0.220590 0.220591 0.220591 0.220590 0.220589 0.220590 0.220591 0.220591 0.220590 0.220592 0.220593 0.220591 0.220590 0.000000 0.000000
0.000000 0.000000 0.213087 0.213088 0.213090 0.213089 0.213087 0.213088 0.213088 0.213087 0.213086 0.213087 0.213088 0.213088 0.213087 0.213089 0.213090 0.213088 0.213087 0.000000 0.000000
0.000000 0.000000 0.205830 0.205830 0.205832 0.205832 0.205829 0.205830 0.205830 0.205829 0.205828 0.205829 0.205830 0.205830 0.205829 0.205832 0.205832 0.205830 0.205830 0.000000 0.000000
0.000000 0.000000 0.198796 0.198796 0.198798 0.198797 0.198795 0.198796 0.198796 0.198795 0.198794 0.198795 0.198796 0.198796 0.198795 0.198797 0.198798 0.198796 0.198796 0.000000 0.000000
0.000000 0.000000 0.191975 0.191975 0.191978 0.191977 0.191974 0.191975 0.191975 0.191974 0.191974 0.191974 0.191975 0.191975 0.191974 0.191977 0.191978 0.191975 0.191975 0.000000 0.000000
0.000000 0.000000 0.185344 0.185344 0.185346 0.185345 0.185343 0.185344 0.185344 0.185343 0.185342 0.185343 0.185344 0.185344 0.185343 0.185345 0.185346 0.185344 0.185344 0.000000 0.000000
0.000000 0.000000 0.178791 0.178790 0.178792 0.178791 0.178789 0.178790 0.178790 0.178789 0.178789 0.178789 0.178790 0.178790 0.178789 0.178791 0.178792 0.178790 0.178790 0.000000 0.000000
0.000000 0.000000 0.300000 0.300000 0.300000 0.300000 0.300000 0.300000 0.300000 0.300000 0.300000 0.300000 0.300000 0.300000 0.300000 0.300000 0.300000 0.300000 0.300000 0.000000 0.000000
0.000000 0.000000 0.000000 0.000000 0.000000 0.000000 0.000000 0.000000 0.000000 0.000000 0.000000 0.000000 0.000000 0.000000 0.000000 0.000000 0.000000 0.000000 0.000000 0.000000 0.000000