geotop/1.0zi/1.0Montebello/Templates/testdem/maps/_Eocsilt4690.asc
ncols         21
nrows         20
xllcorner     100.000000
yllcorner     100.000000
cellsize      50.000000
NODATA_value  -9999.0
0.000000 0.000000 0.000000 0.000000 0.000000 0.000000 0.000000 0.000000 0.000000 0.000000 0.000000 0.000000 0.000000 0.000000 0.000000 0.000000 0.000000 0.000000 0.000000 0.000000 0.000000
0.000000 0.000000 0.350095 0.350095 0.350095 0.350095 0.350095 0.350095 0.350095 0.350095 0.350095 0.350095 0.350095 0.350095 0.350095 0.350095 0.350095 0.350095 0.350095 0.000000 0.000000
0.000000 0.000000 0.350002 0.350002 0.350003 0.350003 0.350003 0.350003 0.350003 0.350003 0.350003 0.350003 0.350003 0.350003 0.350003 0.350003 0.350002 0.350001 0.350002 0.000000 0.000000
0.000000 0.000000 0.350034 0.350033 0.350033 0.350028 0.350030 0.350027 0.350029 0.350030 0.350029 0.350029 0.350029 0.350028 0.350030 0.350032 0.350033 0.350034 0.350033 0.000000 0.000000
0.000000 0.000000 0.350386 0.350390 0.350389 0.350384 0.350381 0.350378 0.350376 0.350374 0.350373 0.350375 0.350375 0.350376 0.350381 0.350382 0.350383 0.350390 0.350394 0.000000 0.000000
0.000000 0.000000 0.351543 0.351545 0.351541 0.351530 0.351523 0.351508 0.351506 0.351500 0.351505 0.351508 0.351512 0.351511 0.351516 0.351522 0.351528 0.351530 0.351534 0.000000 0.000000
0.000000 0.000000 0.353356 0.353355 0.353350 0.353335 0.353318 0.353301 0.353302 0.353299 0.353303 0.353302 0.353300 0.353304 0.353316 0.353331 0.353337 0.353344 0.353350 0.000000 0.000000
0.000000 0.000000 0.355496 0.355494 0.355494 0.355480 0.355463 0.355445 0.355447 0.355443 0.355444 0.355444 0.355443 0.355443 0.355460 0.355478 0.355488 0.355491 0.355496 0.000000 0.000000
0.000000 0.000000 0.357718 0.357714 0.357709 0.357698 0.357682 0.357659 0.357660 0.357656 0.357657 0.357658 0.357656 0.357658 0.357676 0.357695 0.357703 0.357708 0.357717 0.000000 0.000000
0.000000 0.000000 0.359916 0.359912 0.359909 0.359899 0.359880 0.359861 0.359864 0.359860 0.359861 0.359862 0.359859 0.359858 0.359878 0.359896 0.359904 0.359908 0.359914 0.000000 0.000000
0.000000 0.000000 0.362132 0.362128 0.362126 0.362116 0.362102 0.362080 0.362082 0.362076 0.362077 0.362079 0.362076 0.362076 0.362092 0.362107 0.362117 0.362121 0.362129 0.000000 0.000000
0.000000 0.000000 0.364426 0.364423 0.364418 0.364405 0.364391 0.364368 0.364368 0.364364 0.364365 0.364365 0.364364 0.364363 0.364385 0.364402 0.364411 0.364415 0.364438 0.000000 0.000000
0.000000 0.000000 0.366751 0.366747 0.366742 0.366733 0.366715 0.366668 0.366669 0.366664 0.366664 0.366665 0.366662 0.366663 0.366703 0.366723 0.366733 0.366737 0.366751 0.000000 0.000000
0.000000 0.000000 0.369217 0.369209 0.369206 0.369196 0.369148 0.369135 0.369128 0.369124 0.369125 0.369126 0.369122 0.369122 0.369136 0.369184 0.369194 0.369204 0.369212 0.000000 0.000000
0.000000 0.000000 0.371877 0.371871 0.371859 0.371817 0.371794 0.371764 0.371750 0.371745 0.371738 0.371738 0.371739 0.371735 0.371758 0.371791 0.371844 0.371842 0.371849 0.000000 0.000000
0.000000 0.000000 0.374632 0.374626 0.374575 0.374566 0.374551 0.374536 0.374534 0.374532 0.374535 0.374536 0.374528 0.374537 0.374545 0.374560 0.374560 0.374618 0.374631 0.000000 0.000000
0.000000 0.000000 0.377701 0.377632 0.377590 0.377571 0.377535 0.377515 0.377511 0.377508 0.377501 0.377502 0.377502 0.377496 0.377511 0.377552 0.377579 0.377607 0.377676 0.000000 0.000000
0.000000 0.000000 0.380086 0.380072 0.380117 0.380092 0.380061 0.379992 0.379986 0.379979 0.379983 0.379982 0.379978 0.379983 0.380044 0.380080 0.380119 0.380060 0.380087 0.000000 0.000000
0.000000 0.000000 0.350000 0.350000 0.350000 0.350000 0.350000 0.350000 0.350000 0.350000 0.350000 0.350000 0.350000 0.350000 0.350000 0.350000 0.350000 0.350000 0.350000 0.000000 0.000000
0.000000 0.000000 0.000000 0.000000 0.000000 0.000000 0.000000 0.000000 0.000000 0.000000 0.000000 0.000000 0.000000 0.000000 0.000000 0.000000 0.000000 0.000000 0.000000 0.000000 0.000000