geotop/1.0zi/1.0Montebello/Templates/testdem/maps/_Eocsilt3130.asc
ncols         21
nrows         20
xllcorner     100.000000
yllcorner     100.000000
cellsize      50.000000
NODATA_value  -9999.0
0.000000 0.000000 0.000000 0.000000 0.000000 0.000000 0.000000 0.000000 0.000000 0.000000 0.000000 0.000000 0.000000 0.000000 0.000000 0.000000 0.000000 0.000000 0.000000 0.000000 0.000000
0.000000 0.000000 0.350086 0.350086 0.350086 0.350086 0.350086 0.350086 0.350086 0.350086 0.350085 0.350086 0.350086 0.350086 0.350086 0.350086 0.350086 0.350086 0.350086 0.000000 0.000000
0.000000 0.000000 0.349994 0.349994 0.349994 0.349994 0.349994 0.349994 0.349994 0.349994 0.349995 0.349994 0.349994 0.349994 0.349994 0.349994 0.349994 0.349994 0.349994 0.000000 0.000000
0.000000 0.000000 0.351303 0.351302 0.351300 0.351301 0.351303 0.351303 0.351302 0.351303 0.351303 0.351303 0.351302 0.351303 0.351303 0.351301 0.351300 0.351302 0.351303 0.000000 0.000000
0.000000 0.000000 0.355873 0.355872 0.355870 0.355871 0.355873 0.355872 0.355872 0.355873 0.355874 0.355873 0.355872 0.355872 0.355873 0.355871 0.355870 0.355872 0.355873 0.000000 0.000000
0.000000 0.000000 0.361404 0.361403 0.361401 0.361402 0.361404 0.361403 0.361403 0.361404 0.361405 0.361404 0.361403 0.361403 0.361404 0.361402 0.361401 0.361403 0.361404 0.000000 0.000000
0.000000 0.000000 0.366401 0.366400 0.366399 0.366399 0.366401 0.366400 0.366400 0.366401 0.366402 0.366401 0.366400 0.366400 0.366401 0.366399 0.366399 0.366400 0.366401 0.000000 0.000000
0.000000 0.000000 0.370916 0.370916 0.370915 0.370915 0.370916 0.370916 0.370916 0.370917 0.370917 0.370917 0.370916 0.370916 0.370916 0.370915 0.370915 0.370916 0.370916 0.000000 0.000000
0.000000 0.000000 0.375086 0.375085 0.375084 0.375084 0.375086 0.375085 0.375085 0.375086 0.375087 0.375086 0.375085 0.375085 0.375086 0.375084 0.375084 0.375085 0.375086 0.000000 0.000000
0.000000 0.000000 0.379010 0.379010 0.379009 0.379009 0.379010 0.379010 0.379010 0.379011 0.379011 0.379011 0.379010 0.379010 0.379010 0.379009 0.379009 0.379010 0.379010 0.000000 0.000000
0.000000 0.000000 0.382739 0.382738 0.382737 0.382737 0.382739 0.382738 0.382738 0.382739 0.382739 0.382739 0.382738 0.382738 0.382739 0.382737 0.382737 0.382738 0.382739 0.000000 0.000000
0.000000 0.000000 0.386307 0.386306 0.386305 0.386306 0.386307 0.386306 0.386306 0.386307 0.386307 0.386307 0.386306 0.386306 0.386307 0.386306 0.386305 0.386306 0.386307 0.000000 0.000000
0.000000 0.000000 0.389740 0.389740 0.389739 0.389739 0.389740 0.389740 0.389740 0.389740 0.389741 0.389740 0.389740 0.389740 0.389740 0.389739 0.389739 0.389740 0.389740 0.000000 0.000000
0.000000 0.000000 0.393069 0.393069 0.393068 0.393068 0.393069 0.393069 0.393069 0.393069 0.393070 0.393069 0.393069 0.393069 0.393069 0.393068 0.393068 0.393069 0.393069 0.000000 0.000000
0.000000 0.000000 0.396300 0.396300 0.396299 0.396299 0.396300 0.396300 0.396300 0.396300 0.396301 0.396300 0.396300 0.396300 0.396300 0.396299 0.396299 0.396300 0.396300 0.000000 0.000000
0.000000 0.000000 0.399440 0.399439 0.399438 0.399439 0.399440 0.399439 0.399439 0.399440 0.399440 0.399440 0.399439 0.399439 0.399440 0.399439 0.399438 0.399439 0.399440 0.000000 0.000000
0.000000 0.000000 0.402498 0.402497 0.402496 0.402497 0.402498 0.402497 0.402498 0.402498 0.402498 0.402498 0.402498 0.402497 0.402498 0.402497 0.402496 0.402497 0.402498 0.000000 0.000000
0.000000 0.000000 0.405543 0.405543 0.405542 0.405542 0.405543 0.405543 0.405543 0.405543 0.405544 0.405543 0.405543 0.405543 0.405543 0.405542 0.405542 0.405543 0.405543 0.000000 0.000000
0.000000 0.000000 0.350000 0.350000 0.350000 0.350000 0.350000 0.350000 0.350000 0.350000 0.350000 0.350000 0.350000 0.350000 0.350000 0.350000 0.350000 0.350000 0.350000 0.000000 0.000000
0.000000 0.000000 0.000000 0.000000 0.000000 0.000000 0.000000 0.000000 0.000000 0.000000 0.000000 0.000000 0.000000 0.000000 0.000000 0.000000 0.000000 0.000000 0.000000 0.000000 0.000000