geotop/1.0zi/1.0Montebello/Templates/testdem/maps/_Eocsilt085[.asc
ncols         21
nrows         20
xllcorner     100.000000
yllcorner     100.000000
cellsize      50.000000
NODATA_value  -9999.0
0.000000 0.000000 0.000000 0.000000 0.000000 0.000000 0.000000 0.000000 0.000000 0.000000 0.000000 0.000000 0.000000 0.000000 0.000000 0.000000 0.000000 0.000000 0.000000 0.000000 0.000000
0.000000 0.000000 0.350236 0.350236 0.350236 0.350236 0.350235 0.350235 0.350236 0.350235 0.350236 0.350235 0.350235 0.350235 0.350235 0.350236 0.350236 0.350236 0.350236 0.000000 0.000000
0.000000 0.000000 0.350009 0.350009 0.350009 0.350008 0.350010 0.350010 0.350009 0.350010 0.350010 0.350010 0.350010 0.350010 0.350009 0.350009 0.350007 0.350007 0.350008 0.000000 0.000000
0.000000 0.000000 0.350202 0.350198 0.350191 0.350188 0.350186 0.350180 0.350183 0.350183 0.350182 0.350186 0.350186 0.350186 0.350188 0.350192 0.350196 0.350199 0.350201 0.000000 0.000000
0.000000 0.000000 0.351934 0.351939 0.351928 0.351903 0.351893 0.351884 0.351888 0.351886 0.351884 0.351886 0.351892 0.351890 0.351905 0.351915 0.351922 0.351928 0.351932 0.000000 0.000000
0.000000 0.000000 0.356399 0.356392 0.356374 0.356341 0.356303 0.356273 0.356273 0.356269 0.356267 0.356269 0.356273 0.356270 0.356290 0.356317 0.356333 0.356344 0.356350 0.000000 0.000000
0.000000 0.000000 0.362603 0.362589 0.362570 0.362522 0.362475 0.362412 0.362415 0.362413 0.362406 0.362404 0.362402 0.362406 0.362456 0.362493 0.362519 0.362538 0.362545 0.000000 0.000000
0.000000 0.000000 0.370035 0.370018 0.369998 0.369938 0.369886 0.369826 0.369829 0.369823 0.369815 0.369811 0.369809 0.369817 0.369865 0.369909 0.369950 0.369958 0.369973 0.000000 0.000000
0.000000 0.000000 0.378425 0.378400 0.378366 0.378318 0.378257 0.378182 0.378190 0.378179 0.378167 0.378165 0.378169 0.378164 0.378234 0.378288 0.378320 0.378336 0.378349 0.000000 0.000000
0.000000 0.000000 0.387992 0.387958 0.387927 0.387875 0.387805 0.387725 0.387727 0.387722 0.387703 0.387710 0.387718 0.387714 0.387770 0.387841 0.387881 0.387898 0.387903 0.000000 0.000000
0.000000 0.000000 0.399275 0.399246 0.399218 0.399098 0.399067 0.398955 0.398981 0.398930 0.398932 0.398922 0.398902 0.398933 0.399000 0.399044 0.399102 0.399124 0.399171 0.000000 0.000000
0.000000 0.000000 0.412921 0.412855 0.412775 0.412723 0.412657 0.412513 0.412500 0.412508 0.412519 0.412477 0.412499 0.412480 0.412610 0.412689 0.412718 0.412739 0.412832 0.000000 0.000000
0.000000 0.000000 0.428271 0.428211 0.428196 0.428071 0.427992 0.427592 0.427583 0.427561 0.427402 0.427510 0.427508 0.427544 0.427835 0.427893 0.428048 0.428057 0.428054 0.000000 0.000000
0.000000 0.000000 0.445755 0.445731 0.445601 0.445539 0.445041 0.445297 0.445193 0.445197 0.445293 0.445197 0.445185 0.445118 0.444893 0.445445 0.445434 0.445565 0.445635 0.000000 0.000000
0.000000 0.000000 0.459677 0.459638 0.459587 0.459218 0.459387 0.459142 0.459101 0.459078 0.458983 0.458964 0.459002 0.459010 0.459221 0.459053 0.459528 0.459416 0.459393 0.000000 0.000000
0.000000 0.000000 0.467803 0.467783 0.467643 0.467564 0.467603 0.467517 0.467552 0.467532 0.467525 0.467515 0.467507 0.467535 0.467594 0.467553 0.467602 0.467737 0.467725 0.000000 0.000000
0.000000 0.000000 0.472732 0.472768 0.472575 0.472643 0.472654 0.472641 0.472726 0.472702 0.472748 0.472736 0.472699 0.472749 0.472734 0.472726 0.472545 0.472829 0.472772 0.000000 0.000000
0.000000 0.000000 0.477226 0.477034 0.476900 0.476888 0.476818 0.476866 0.476857 0.476875 0.476825 0.476831 0.476841 0.476830 0.476796 0.476846 0.476866 0.476983 0.477171 0.000000 0.000000
0.000000 0.000000 0.350000 0.350000 0.350000 0.350000 0.350000 0.350000 0.350000 0.350000 0.350000 0.350000 0.350000 0.350000 0.350000 0.350000 0.350000 0.350000 0.350000 0.000000 0.000000
0.000000 0.000000 0.000000 0.000000 0.000000 0.000000 0.000000 0.000000 0.000000 0.000000 0.000000 0.000000 0.000000 0.000000 0.000000 0.000000 0.000000 0.000000 0.000000 0.000000 0.000000