geotop/1.0zi/1.0Montebello/Templates/testdem/maps/_Eocclay3716.asc
ncols         21
nrows         20
xllcorner     100.000000
yllcorner     100.000000
cellsize      50.000000
NODATA_value  -9999.0
0.000000 0.000000 0.000000 0.000000 0.000000 0.000000 0.000000 0.000000 0.000000 0.000000 0.000000 0.000000 0.000000 0.000000 0.000000 0.000000 0.000000 0.000000 0.000000 0.000000 0.000000
0.000000 0.000000 0.349830 0.349831 0.349831 0.349831 0.349831 0.349831 0.349831 0.349831 0.349831 0.349831 0.349831 0.349831 0.349831 0.349831 0.349831 0.349831 0.349831 0.000000 0.000000
0.000000 0.000000 0.349994 0.349995 0.349995 0.349994 0.349994 0.349995 0.349994 0.349994 0.349994 0.349994 0.349994 0.349995 0.349994 0.349995 0.349994 0.349994 0.349994 0.000000 0.000000
0.000000 0.000000 0.349997 0.349997 0.349996 0.349997 0.349999 0.349999 0.349999 0.349998 0.349999 0.349998 0.349998 0.349996 0.349997 0.349998 0.349997 0.349997 0.349997 0.000000 0.000000
0.000000 0.000000 0.350342 0.350345 0.350344 0.350341 0.350335 0.350330 0.350330 0.350330 0.350330 0.350331 0.350329 0.350330 0.350337 0.350336 0.350337 0.350337 0.350340 0.000000 0.000000
0.000000 0.000000 0.351448 0.351452 0.351447 0.351439 0.351433 0.351424 0.351425 0.351419 0.351424 0.351424 0.351429 0.351429 0.351427 0.351432 0.351436 0.351439 0.351442 0.000000 0.000000
0.000000 0.000000 0.353045 0.353044 0.353039 0.353027 0.353012 0.352991 0.352990 0.352987 0.352990 0.352990 0.352993 0.352998 0.353015 0.353028 0.353034 0.353036 0.353039 0.000000 0.000000
0.000000 0.000000 0.354805 0.354806 0.354801 0.354784 0.354767 0.354748 0.354749 0.354746 0.354747 0.354747 0.354749 0.354753 0.354773 0.354785 0.354791 0.354793 0.354799 0.000000 0.000000
0.000000 0.000000 0.356568 0.356567 0.356560 0.356548 0.356530 0.356509 0.356510 0.356506 0.356507 0.356508 0.356510 0.356515 0.356533 0.356549 0.356554 0.356556 0.356562 0.000000 0.000000
0.000000 0.000000 0.358321 0.358319 0.358313 0.358300 0.358279 0.358259 0.358261 0.358259 0.358259 0.358260 0.358262 0.358265 0.358286 0.358301 0.358307 0.358309 0.358314 0.000000 0.000000
0.000000 0.000000 0.360094 0.360092 0.360086 0.360075 0.360059 0.360036 0.360037 0.360033 0.360034 0.360035 0.360036 0.360041 0.360058 0.360069 0.360077 0.360079 0.360086 0.000000 0.000000
0.000000 0.000000 0.361915 0.361913 0.361906 0.361891 0.361873 0.361851 0.361851 0.361848 0.361848 0.361848 0.361851 0.361854 0.361876 0.361890 0.361897 0.361899 0.361920 0.000000 0.000000
0.000000 0.000000 0.363744 0.363742 0.363734 0.363722 0.363702 0.363661 0.363661 0.363658 0.363658 0.363659 0.363661 0.363666 0.363702 0.363718 0.363724 0.363727 0.363741 0.000000 0.000000
0.000000 0.000000 0.365664 0.365659 0.365652 0.365640 0.365597 0.365583 0.365577 0.365574 0.365575 0.365575 0.365577 0.365582 0.365596 0.365633 0.365640 0.365648 0.365656 0.000000 0.000000
0.000000 0.000000 0.367714 0.367710 0.367695 0.367661 0.367636 0.367610 0.367597 0.367593 0.367588 0.367588 0.367594 0.367594 0.367615 0.367642 0.367681 0.367679 0.367686 0.000000 0.000000
0.000000 0.000000 0.369809 0.369805 0.369764 0.369753 0.369736 0.369720 0.369717 0.369715 0.369717 0.369717 0.369716 0.369727 0.369737 0.369748 0.369750 0.369789 0.369800 0.000000 0.000000
0.000000 0.000000 0.372109 0.372063 0.372025 0.372007 0.371975 0.371958 0.371954 0.371952 0.371947 0.371948 0.371952 0.371954 0.371966 0.371996 0.372014 0.372037 0.372084 0.000000 0.000000
0.000000 0.000000 0.373944 0.373930 0.373954 0.373932 0.373901 0.373851 0.373845 0.373840 0.373842 0.373842 0.373843 0.373851 0.373896 0.373923 0.373954 0.373912 0.373936 0.000000 0.000000
0.000000 0.000000 0.350000 0.350000 0.350000 0.350000 0.350000 0.350000 0.350000 0.350000 0.350000 0.350000 0.350000 0.350000 0.350000 0.350000 0.350000 0.350000 0.350000 0.000000 0.000000
0.000000 0.000000 0.000000 0.000000 0.000000 0.000000 0.000000 0.000000 0.000000 0.000000 0.000000 0.000000 0.000000 0.000000 0.000000 0.000000 0.000000 0.000000 0.000000 0.000000 0.000000