geotop/1.0zi/1.0Montebello/Templates/testdem/maps/_Eocclay3827.asc
ncols         21
nrows         20
xllcorner     100.000000
yllcorner     100.000000
cellsize      50.000000
NODATA_value  -9999.0
0.000000 0.000000 0.000000 0.000000 0.000000 0.000000 0.000000 0.000000 0.000000 0.000000 0.000000 0.000000 0.000000 0.000000 0.000000 0.000000 0.000000 0.000000 0.000000 0.000000 0.000000
0.000000 0.000000 0.349827 0.349828 0.349828 0.349828 0.349828 0.349828 0.349828 0.349828 0.349828 0.349828 0.349828 0.349828 0.349828 0.349828 0.349827 0.349828 0.349827 0.000000 0.000000
0.000000 0.000000 0.349994 0.349994 0.349994 0.349994 0.349994 0.349994 0.349994 0.349994 0.349994 0.349994 0.349994 0.349994 0.349994 0.349994 0.349994 0.349994 0.349994 0.000000 0.000000
0.000000 0.000000 0.349996 0.349996 0.349995 0.349997 0.349998 0.349999 0.349999 0.349998 0.349999 0.349998 0.349997 0.349996 0.349997 0.349998 0.349997 0.349997 0.349996 0.000000 0.000000
0.000000 0.000000 0.350337 0.350339 0.350338 0.350335 0.350328 0.350324 0.350324 0.350324 0.350324 0.350325 0.350323 0.350324 0.350331 0.350331 0.350332 0.350331 0.350335 0.000000 0.000000
0.000000 0.000000 0.351469 0.351471 0.351467 0.351459 0.351453 0.351445 0.351445 0.351439 0.351443 0.351444 0.351448 0.351448 0.351447 0.351453 0.351456 0.351461 0.351464 0.000000 0.000000
0.000000 0.000000 0.353094 0.353092 0.353087 0.353075 0.353059 0.353038 0.353037 0.353034 0.353037 0.353037 0.353038 0.353044 0.353062 0.353077 0.353082 0.353085 0.353088 0.000000 0.000000
0.000000 0.000000 0.354884 0.354884 0.354879 0.354862 0.354844 0.354825 0.354826 0.354823 0.354824 0.354824 0.354825 0.354830 0.354851 0.354865 0.354870 0.354873 0.354878 0.000000 0.000000
0.000000 0.000000 0.356677 0.356676 0.356668 0.356655 0.356638 0.356616 0.356617 0.356613 0.356614 0.356615 0.356616 0.356622 0.356641 0.356658 0.356663 0.356665 0.356671 0.000000 0.000000
0.000000 0.000000 0.358459 0.358457 0.358450 0.358437 0.358416 0.358396 0.358398 0.358395 0.358395 0.358396 0.358397 0.358401 0.358423 0.358440 0.358445 0.358447 0.358453 0.000000 0.000000
0.000000 0.000000 0.360266 0.360263 0.360256 0.360245 0.360229 0.360205 0.360207 0.360202 0.360203 0.360204 0.360205 0.360210 0.360228 0.360241 0.360248 0.360251 0.360257 0.000000 0.000000
0.000000 0.000000 0.362122 0.362120 0.362112 0.362096 0.362079 0.362056 0.362055 0.362052 0.362053 0.362052 0.362055 0.362059 0.362082 0.362097 0.362104 0.362106 0.362127 0.000000 0.000000
0.000000 0.000000 0.363990 0.363987 0.363978 0.363966 0.363945 0.363904 0.363903 0.363899 0.363900 0.363901 0.363902 0.363908 0.363946 0.363963 0.363969 0.363972 0.363985 0.000000 0.000000
0.000000 0.000000 0.365952 0.365946 0.365939 0.365925 0.365882 0.365868 0.365861 0.365858 0.365859 0.365859 0.365860 0.365866 0.365882 0.365921 0.365927 0.365935 0.365942 0.000000 0.000000
0.000000 0.000000 0.368049 0.368044 0.368029 0.367993 0.367968 0.367941 0.367928 0.367923 0.367918 0.367918 0.367923 0.367925 0.367948 0.367976 0.368016 0.368013 0.368019 0.000000 0.000000
0.000000 0.000000 0.370195 0.370190 0.370148 0.370136 0.370118 0.370102 0.370099 0.370097 0.370099 0.370099 0.370097 0.370110 0.370121 0.370134 0.370135 0.370174 0.370185 0.000000 0.000000
0.000000 0.000000 0.372554 0.372507 0.372467 0.372448 0.372415 0.372398 0.372393 0.372391 0.372386 0.372387 0.372391 0.372393 0.372407 0.372439 0.372456 0.372479 0.372527 0.000000 0.000000
0.000000 0.000000 0.374431 0.374417 0.374442 0.374418 0.374387 0.374335 0.374329 0.374323 0.374325 0.374325 0.374326 0.374335 0.374383 0.374412 0.374442 0.374398 0.374421 0.000000 0.000000
0.000000 0.000000 0.350000 0.350000 0.350000 0.350000 0.350000 0.350000 0.350000 0.350000 0.350000 0.350000 0.350000 0.350000 0.350000 0.350000 0.350000 0.350000 0.350000 0.000000 0.000000
0.000000 0.000000 0.000000 0.000000 0.000000 0.000000 0.000000 0.000000 0.000000 0.000000 0.000000 0.000000 0.000000 0.000000 0.000000 0.000000 0.000000 0.000000 0.000000 0.000000 0.000000