geotop/1.0zi/1.0Montebello/Templates/testdem/maps/_Eocsand3687.asc
ncols         21
nrows         20
xllcorner     100.000000
yllcorner     100.000000
cellsize      50.000000
NODATA_value  -9999.0
0.000000 0.000000 0.000000 0.000000 0.000000 0.000000 0.000000 0.000000 0.000000 0.000000 0.000000 0.000000 0.000000 0.000000 0.000000 0.000000 0.000000 0.000000 0.000000 0.000000 0.000000
0.000000 0.000000 0.300092 0.300092 0.300091 0.300091 0.300091 0.300091 0.300092 0.300092 0.300092 0.300092 0.300092 0.300092 0.300091 0.300091 0.300092 0.300092 0.300092 0.000000 0.000000
0.000000 0.000000 0.300005 0.300004 0.300004 0.300003 0.300003 0.300003 0.300003 0.300003 0.300003 0.300004 0.300003 0.300003 0.300003 0.300004 0.300005 0.300005 0.300005 0.000000 0.000000
0.000000 0.000000 0.299970 0.299971 0.299973 0.299975 0.299972 0.299974 0.299973 0.299973 0.299972 0.299974 0.299974 0.299976 0.299975 0.299971 0.299971 0.299970 0.299971 0.000000 0.000000
0.000000 0.000000 0.299290 0.299287 0.299296 0.299306 0.299317 0.299321 0.299322 0.299324 0.299323 0.299323 0.299325 0.299324 0.299312 0.299304 0.299297 0.299293 0.299289 0.000000 0.000000
0.000000 0.000000 0.297178 0.297180 0.297195 0.297213 0.297228 0.297247 0.297246 0.297255 0.297246 0.297245 0.297242 0.297241 0.297232 0.297218 0.297200 0.297196 0.297190 0.000000 0.000000
0.000000 0.000000 0.294108 0.294111 0.294122 0.294152 0.294186 0.294221 0.294220 0.294226 0.294218 0.294220 0.294217 0.294208 0.294174 0.294145 0.294130 0.294123 0.294114 0.000000 0.000000
0.000000 0.000000 0.290632 0.290636 0.290649 0.290685 0.290723 0.290759 0.290756 0.290761 0.290759 0.290760 0.290757 0.290749 0.290707 0.290676 0.290656 0.290651 0.290641 0.000000 0.000000
0.000000 0.000000 0.287152 0.287159 0.287177 0.287205 0.287241 0.287282 0.287280 0.287287 0.287285 0.287284 0.287281 0.287271 0.287232 0.287198 0.287180 0.287174 0.287160 0.000000 0.000000
0.000000 0.000000 0.283701 0.283708 0.283724 0.283752 0.283795 0.283832 0.283827 0.283832 0.283830 0.283830 0.283828 0.283821 0.283778 0.283743 0.283726 0.283720 0.283710 0.000000 0.000000
0.000000 0.000000 0.280231 0.280239 0.280255 0.280279 0.280313 0.280357 0.280353 0.280362 0.280360 0.280358 0.280356 0.280349 0.280311 0.280286 0.280264 0.280256 0.280244 0.000000 0.000000
0.000000 0.000000 0.276672 0.276681 0.276699 0.276731 0.276768 0.276810 0.276810 0.276816 0.276813 0.276815 0.276810 0.276804 0.276757 0.276727 0.276706 0.276700 0.276658 0.000000 0.000000
0.000000 0.000000 0.273100 0.273110 0.273129 0.273156 0.273197 0.273275 0.273275 0.273282 0.273281 0.273280 0.273278 0.273268 0.273195 0.273159 0.273138 0.273131 0.273104 0.000000 0.000000
0.000000 0.000000 0.269357 0.269373 0.269390 0.269418 0.269503 0.269528 0.269540 0.269546 0.269543 0.269543 0.269541 0.269533 0.269501 0.269425 0.269403 0.269386 0.269370 0.000000 0.000000
0.000000 0.000000 0.265365 0.265378 0.265411 0.265482 0.265532 0.265582 0.265607 0.265615 0.265624 0.265625 0.265615 0.265615 0.265570 0.265512 0.265428 0.265429 0.265416 0.000000 0.000000
0.000000 0.000000 0.261292 0.261306 0.261390 0.261416 0.261453 0.261482 0.261488 0.261490 0.261486 0.261488 0.261491 0.261470 0.261447 0.261417 0.261405 0.261328 0.261306 0.000000 0.000000
0.000000 0.000000 0.256830 0.256924 0.257004 0.257044 0.257109 0.257140 0.257147 0.257151 0.257160 0.257160 0.257153 0.257150 0.257121 0.257058 0.257013 0.256966 0.256874 0.000000 0.000000
0.000000 0.000000 0.253274 0.253307 0.253268 0.253317 0.253380 0.253477 0.253487 0.253496 0.253492 0.253494 0.253492 0.253478 0.253386 0.253325 0.253257 0.253334 0.253287 0.000000 0.000000
0.000000 0.000000 0.300000 0.300000 0.300000 0.300000 0.300000 0.300000 0.300000 0.300000 0.300000 0.300000 0.300000 0.300000 0.300000 0.300000 0.300000 0.300000 0.300000 0.000000 0.000000
0.000000 0.000000 0.000000 0.000000 0.000000 0.000000 0.000000 0.000000 0.000000 0.000000 0.000000 0.000000 0.000000 0.000000 0.000000 0.000000 0.000000 0.000000 0.000000 0.000000 0.000000