geotop/1.0zi/1.0Montebello/Templates/testdem/maps/_Eocsilt3094.asc
ncols         21
nrows         20
xllcorner     100.000000
yllcorner     100.000000
cellsize      50.000000
NODATA_value  -9999.0
0.000000 0.000000 0.000000 0.000000 0.000000 0.000000 0.000000 0.000000 0.000000 0.000000 0.000000 0.000000 0.000000 0.000000 0.000000 0.000000 0.000000 0.000000 0.000000 0.000000 0.000000
0.000000 0.000000 0.350085 0.350085 0.350085 0.350085 0.350085 0.350085 0.350085 0.350085 0.350084 0.350085 0.350085 0.350085 0.350085 0.350085 0.350085 0.350085 0.350085 0.000000 0.000000
0.000000 0.000000 0.349995 0.349994 0.349995 0.349995 0.349995 0.349995 0.349995 0.349995 0.349995 0.349995 0.349995 0.349995 0.349995 0.349995 0.349995 0.349994 0.349995 0.000000 0.000000
0.000000 0.000000 0.351270 0.351269 0.351267 0.351268 0.351270 0.351270 0.351269 0.351270 0.351270 0.351270 0.351269 0.351270 0.351270 0.351268 0.351267 0.351269 0.351270 0.000000 0.000000
0.000000 0.000000 0.355768 0.355768 0.355766 0.355766 0.355768 0.355768 0.355768 0.355769 0.355769 0.355769 0.355768 0.355768 0.355768 0.355766 0.355766 0.355768 0.355768 0.000000 0.000000
0.000000 0.000000 0.361231 0.361231 0.361229 0.361229 0.361231 0.361231 0.361231 0.361232 0.361232 0.361232 0.361231 0.361231 0.361231 0.361229 0.361229 0.361231 0.361231 0.000000 0.000000
0.000000 0.000000 0.366167 0.366167 0.366165 0.366166 0.366168 0.366167 0.366167 0.366168 0.366168 0.366168 0.366167 0.366167 0.366168 0.366166 0.366165 0.366167 0.366167 0.000000 0.000000
0.000000 0.000000 0.370629 0.370628 0.370627 0.370627 0.370629 0.370628 0.370629 0.370629 0.370630 0.370629 0.370629 0.370628 0.370629 0.370627 0.370627 0.370628 0.370629 0.000000 0.000000
0.000000 0.000000 0.374750 0.374750 0.374748 0.374749 0.374750 0.374750 0.374750 0.374750 0.374751 0.374750 0.374750 0.374750 0.374750 0.374749 0.374748 0.374750 0.374750 0.000000 0.000000
0.000000 0.000000 0.378630 0.378630 0.378629 0.378629 0.378630 0.378630 0.378630 0.378631 0.378631 0.378631 0.378630 0.378630 0.378630 0.378629 0.378629 0.378630 0.378630 0.000000 0.000000
0.000000 0.000000 0.382318 0.382318 0.382316 0.382317 0.382318 0.382318 0.382318 0.382318 0.382319 0.382318 0.382318 0.382318 0.382318 0.382317 0.382316 0.382318 0.382318 0.000000 0.000000
0.000000 0.000000 0.385849 0.385848 0.385847 0.385847 0.385849 0.385848 0.385848 0.385849 0.385849 0.385849 0.385848 0.385848 0.385849 0.385847 0.385847 0.385848 0.385849 0.000000 0.000000
0.000000 0.000000 0.389247 0.389247 0.389246 0.389246 0.389247 0.389247 0.389247 0.389248 0.389248 0.389248 0.389247 0.389247 0.389247 0.389246 0.389246 0.389247 0.389247 0.000000 0.000000
0.000000 0.000000 0.392543 0.392543 0.392542 0.392542 0.392544 0.392543 0.392543 0.392544 0.392544 0.392544 0.392543 0.392543 0.392544 0.392542 0.392542 0.392543 0.392543 0.000000 0.000000
0.000000 0.000000 0.395744 0.395744 0.395742 0.395743 0.395744 0.395744 0.395744 0.395744 0.395745 0.395744 0.395744 0.395744 0.395744 0.395743 0.395742 0.395744 0.395744 0.000000 0.000000
0.000000 0.000000 0.398855 0.398855 0.398853 0.398854 0.398855 0.398855 0.398855 0.398855 0.398856 0.398855 0.398855 0.398855 0.398855 0.398854 0.398853 0.398855 0.398855 0.000000 0.000000
0.000000 0.000000 0.401887 0.401887 0.401886 0.401886 0.401887 0.401887 0.401887 0.401888 0.401888 0.401888 0.401887 0.401887 0.401887 0.401886 0.401886 0.401887 0.401887 0.000000 0.000000
0.000000 0.000000 0.404909 0.404909 0.404908 0.404908 0.404909 0.404909 0.404909 0.404910 0.404910 0.404910 0.404909 0.404909 0.404909 0.404908 0.404908 0.404909 0.404909 0.000000 0.000000
0.000000 0.000000 0.350000 0.350000 0.350000 0.350000 0.350000 0.350000 0.350000 0.350000 0.350000 0.350000 0.350000 0.350000 0.350000 0.350000 0.350000 0.350000 0.350000 0.000000 0.000000
0.000000 0.000000 0.000000 0.000000 0.000000 0.000000 0.000000 0.000000 0.000000 0.000000 0.000000 0.000000 0.000000 0.000000 0.000000 0.000000 0.000000 0.000000 0.000000 0.000000 0.000000