geotop/1.0zi/1.0Montebello/Templates/testdem/maps/_Eocclay133t.asc
ncols         21
nrows         20
xllcorner     100.000000
yllcorner     100.000000
cellsize      50.000000
NODATA_value  -9999.0
0.000000 0.000000 0.000000 0.000000 0.000000 0.000000 0.000000 0.000000 0.000000 0.000000 0.000000 0.000000 0.000000 0.000000 0.000000 0.000000 0.000000 0.000000 0.000000 0.000000 0.000000
0.000000 0.000000 0.349459 0.349461 0.349461 0.349460 0.349462 0.349463 0.349462 0.349462 0.349461 0.349462 0.349462 0.349462 0.349462 0.349462 0.349460 0.349460 0.349461 0.000000 0.000000
0.000000 0.000000 0.349976 0.349975 0.349974 0.349977 0.349974 0.349974 0.349974 0.349974 0.349974 0.349975 0.349974 0.349974 0.349975 0.349976 0.349976 0.349975 0.349975 0.000000 0.000000
0.000000 0.000000 0.350125 0.350137 0.350131 0.350127 0.350132 0.350132 0.350132 0.350130 0.350130 0.350128 0.350128 0.350130 0.350130 0.350134 0.350134 0.350133 0.350132 0.000000 0.000000
0.000000 0.000000 0.352204 0.352190 0.352184 0.352170 0.352147 0.352141 0.352137 0.352138 0.352134 0.352140 0.352140 0.352139 0.352149 0.352156 0.352169 0.352179 0.352188 0.000000 0.000000
0.000000 0.000000 0.357290 0.357285 0.357258 0.357214 0.357178 0.357142 0.357145 0.357139 0.357133 0.357135 0.357142 0.357138 0.357156 0.357194 0.357211 0.357230 0.357235 0.000000 0.000000
0.000000 0.000000 0.364073 0.364062 0.364041 0.363997 0.363951 0.363876 0.363872 0.363866 0.363857 0.363860 0.363859 0.363859 0.363915 0.363957 0.363982 0.364003 0.364010 0.000000 0.000000
0.000000 0.000000 0.372293 0.372279 0.372256 0.372193 0.372141 0.372070 0.372063 0.372057 0.372045 0.372044 0.372040 0.372050 0.372101 0.372148 0.372189 0.372203 0.372218 0.000000 0.000000
0.000000 0.000000 0.381681 0.381660 0.381624 0.381575 0.381513 0.381426 0.381424 0.381411 0.381396 0.381394 0.381395 0.381389 0.381464 0.381523 0.381556 0.381575 0.381587 0.000000 0.000000
0.000000 0.000000 0.392649 0.392612 0.392578 0.392525 0.392450 0.392358 0.392345 0.392337 0.392313 0.392321 0.392334 0.392328 0.392387 0.392468 0.392511 0.392533 0.392537 0.000000 0.000000
0.000000 0.000000 0.405946 0.405911 0.405881 0.405746 0.405717 0.405581 0.405602 0.405537 0.405540 0.405529 0.405503 0.405540 0.405612 0.405661 0.405727 0.405755 0.405811 0.000000 0.000000
0.000000 0.000000 0.422352 0.422274 0.422178 0.422131 0.422062 0.421883 0.421852 0.421868 0.421873 0.421819 0.421848 0.421827 0.421976 0.422073 0.422099 0.422129 0.422238 0.000000 0.000000
0.000000 0.000000 0.440631 0.440565 0.440560 0.440418 0.440335 0.439847 0.439816 0.439785 0.439583 0.439726 0.439719 0.439765 0.440107 0.440173 0.440360 0.440385 0.440355 0.000000 0.000000
0.000000 0.000000 0.459942 0.459935 0.459786 0.459735 0.459199 0.459522 0.459395 0.459402 0.459521 0.459405 0.459389 0.459312 0.459042 0.459647 0.459619 0.459761 0.459833 0.000000 0.000000
0.000000 0.000000 0.473447 0.473414 0.473356 0.473016 0.473158 0.472942 0.472895 0.472873 0.472787 0.472767 0.472805 0.472807 0.472996 0.472849 0.473292 0.473191 0.473169 0.000000 0.000000
0.000000 0.000000 0.482060 0.482037 0.481839 0.481826 0.481834 0.481777 0.481839 0.481811 0.481829 0.481813 0.481789 0.481831 0.481859 0.481850 0.481783 0.482025 0.482013 0.000000 0.000000
0.000000 0.000000 0.488827 0.488674 0.488666 0.488553 0.488505 0.488440 0.488404 0.488406 0.488352 0.488351 0.488376 0.488358 0.488421 0.488450 0.488624 0.488565 0.488703 0.000000 0.000000
0.000000 0.000000 0.492220 0.492346 0.492365 0.492366 0.492394 0.492277 0.492325 0.492286 0.492345 0.492330 0.492308 0.492343 0.492428 0.492401 0.492350 0.492376 0.492238 0.000000 0.000000
0.000000 0.000000 0.350000 0.350000 0.350000 0.350000 0.350000 0.350000 0.350000 0.350000 0.350000 0.350000 0.350000 0.350000 0.350000 0.350000 0.350000 0.350000 0.350000 0.000000 0.000000
0.000000 0.000000 0.000000 0.000000 0.000000 0.000000 0.000000 0.000000 0.000000 0.000000 0.000000 0.000000 0.000000 0.000000 0.000000 0.000000 0.000000 0.000000 0.000000 0.000000 0.000000