geotop/1.0zi/1.0Montebello/Templates/testdem/maps/_Eocsilt6104.asc
ncols         21
nrows         20
xllcorner     100.000000
yllcorner     100.000000
cellsize      50.000000
NODATA_value  -9999.0
0.000000 0.000000 0.000000 0.000000 0.000000 0.000000 0.000000 0.000000 0.000000 0.000000 0.000000 0.000000 0.000000 0.000000 0.000000 0.000000 0.000000 0.000000 0.000000 0.000000 0.000000
0.000000 0.000000 0.350120 0.350120 0.350120 0.350120 0.350120 0.350120 0.350120 0.350120 0.350120 0.350120 0.350120 0.350120 0.350120 0.350120 0.350120 0.350120 0.350120 0.000000 0.000000
0.000000 0.000000 0.350002 0.350002 0.350002 0.350003 0.350003 0.350003 0.350003 0.350003 0.350003 0.350003 0.350004 0.350003 0.350003 0.350003 0.350001 0.350001 0.350002 0.000000 0.000000
0.000000 0.000000 0.350047 0.350046 0.350045 0.350040 0.350041 0.350039 0.350041 0.350041 0.350041 0.350039 0.350040 0.350040 0.350042 0.350045 0.350046 0.350048 0.350047 0.000000 0.000000
0.000000 0.000000 0.350550 0.350553 0.350552 0.350549 0.350545 0.350540 0.350539 0.350537 0.350535 0.350536 0.350538 0.350539 0.350545 0.350547 0.350546 0.350555 0.350559 0.000000 0.000000
0.000000 0.000000 0.352132 0.352134 0.352129 0.352114 0.352104 0.352086 0.352084 0.352080 0.352085 0.352087 0.352088 0.352085 0.352091 0.352098 0.352107 0.352111 0.352116 0.000000 0.000000
0.000000 0.000000 0.354545 0.354542 0.354536 0.354517 0.354495 0.354471 0.354472 0.354470 0.354471 0.354471 0.354468 0.354472 0.354490 0.354510 0.354519 0.354529 0.354536 0.000000 0.000000
0.000000 0.000000 0.357480 0.357481 0.357479 0.357461 0.357439 0.357412 0.357413 0.357410 0.357410 0.357409 0.357408 0.357410 0.357432 0.357453 0.357469 0.357472 0.357482 0.000000 0.000000
0.000000 0.000000 0.360569 0.360564 0.360555 0.360543 0.360522 0.360491 0.360493 0.360487 0.360485 0.360486 0.360486 0.360484 0.360512 0.360534 0.360549 0.360555 0.360564 0.000000 0.000000
0.000000 0.000000 0.363685 0.363681 0.363676 0.363668 0.363638 0.363611 0.363613 0.363610 0.363605 0.363609 0.363613 0.363610 0.363632 0.363657 0.363672 0.363675 0.363681 0.000000 0.000000
0.000000 0.000000 0.366896 0.366893 0.366891 0.366869 0.366849 0.366819 0.366825 0.366811 0.366812 0.366813 0.366809 0.366817 0.366835 0.366851 0.366868 0.366877 0.366890 0.000000 0.000000
0.000000 0.000000 0.370287 0.370279 0.370270 0.370255 0.370236 0.370200 0.370202 0.370194 0.370202 0.370194 0.370195 0.370198 0.370231 0.370246 0.370258 0.370263 0.370297 0.000000 0.000000
0.000000 0.000000 0.373780 0.373773 0.373770 0.373752 0.373735 0.373662 0.373662 0.373655 0.373640 0.373648 0.373653 0.373659 0.373713 0.373728 0.373754 0.373757 0.373781 0.000000 0.000000
0.000000 0.000000 0.377597 0.377592 0.377582 0.377570 0.377498 0.377481 0.377464 0.377464 0.377459 0.377460 0.377461 0.377458 0.377467 0.377540 0.377562 0.377580 0.377604 0.000000 0.000000
0.000000 0.000000 0.381824 0.381818 0.381802 0.381725 0.381703 0.381660 0.381633 0.381628 0.381614 0.381605 0.381614 0.381608 0.381642 0.381676 0.381784 0.381775 0.381789 0.000000 0.000000
0.000000 0.000000 0.386324 0.386318 0.386216 0.386202 0.386196 0.386170 0.386191 0.386179 0.386188 0.386178 0.386165 0.386186 0.386203 0.386213 0.386200 0.386331 0.386334 0.000000 0.000000
0.000000 0.000000 0.391520 0.391379 0.391337 0.391297 0.391230 0.391197 0.391183 0.391182 0.391151 0.391147 0.391161 0.391155 0.391193 0.391244 0.391326 0.391347 0.391491 0.000000 0.000000
0.000000 0.000000 0.395209 0.395227 0.395353 0.395322 0.395274 0.395145 0.395143 0.395113 0.395135 0.395127 0.395135 0.395139 0.395257 0.395293 0.395373 0.395243 0.395234 0.000000 0.000000
0.000000 0.000000 0.350000 0.350000 0.350000 0.350000 0.350000 0.350000 0.350000 0.350000 0.350000 0.350000 0.350000 0.350000 0.350000 0.350000 0.350000 0.350000 0.350000 0.000000 0.000000
0.000000 0.000000 0.000000 0.000000 0.000000 0.000000 0.000000 0.000000 0.000000 0.000000 0.000000 0.000000 0.000000 0.000000 0.000000 0.000000 0.000000 0.000000 0.000000 0.000000 0.000000