geotop/1.0zi/1.0Montebello/Templates/testdem/maps/_Eocclay9898.asc
ncols         21
nrows         20
xllcorner     100.000000
yllcorner     100.000000
cellsize      50.000000
NODATA_value  -9999.0
0.000000 0.000000 0.000000 0.000000 0.000000 0.000000 0.000000 0.000000 0.000000 0.000000 0.000000 0.000000 0.000000 0.000000 0.000000 0.000000 0.000000 0.000000 0.000000 0.000000 0.000000
0.000000 0.000000 0.349544 0.349546 0.349546 0.349545 0.349547 0.349547 0.349546 0.349547 0.349546 0.349547 0.349547 0.349546 0.349547 0.349546 0.349545 0.349545 0.349546 0.000000 0.000000
0.000000 0.000000 0.349981 0.349980 0.349980 0.349982 0.349979 0.349979 0.349980 0.349979 0.349979 0.349979 0.349979 0.349979 0.349980 0.349981 0.349981 0.349981 0.349979 0.000000 0.000000
0.000000 0.000000 0.350039 0.350044 0.350042 0.350038 0.350039 0.350038 0.350043 0.350040 0.350043 0.350041 0.350041 0.350040 0.350043 0.350046 0.350044 0.350046 0.350043 0.000000 0.000000
0.000000 0.000000 0.351486 0.351480 0.351473 0.351460 0.351442 0.351439 0.351436 0.351439 0.351436 0.351440 0.351440 0.351442 0.351452 0.351457 0.351468 0.351471 0.351480 0.000000 0.000000
0.000000 0.000000 0.355462 0.355456 0.355433 0.355394 0.355363 0.355332 0.355337 0.355331 0.355330 0.355329 0.355336 0.355334 0.355351 0.355382 0.355397 0.355410 0.355415 0.000000 0.000000
0.000000 0.000000 0.360827 0.360815 0.360800 0.360762 0.360722 0.360662 0.360663 0.360658 0.360652 0.360653 0.360654 0.360654 0.360704 0.360739 0.360759 0.360772 0.360780 0.000000 0.000000
0.000000 0.000000 0.367203 0.367189 0.367172 0.367125 0.367079 0.367026 0.367027 0.367020 0.367014 0.367011 0.367009 0.367019 0.367063 0.367101 0.367134 0.367142 0.367157 0.000000 0.000000
0.000000 0.000000 0.374210 0.374191 0.374165 0.374130 0.374077 0.374015 0.374022 0.374010 0.374001 0.373998 0.374001 0.373998 0.374059 0.374105 0.374131 0.374141 0.374154 0.000000 0.000000
0.000000 0.000000 0.382004 0.381977 0.381957 0.381918 0.381859 0.381794 0.381795 0.381786 0.381772 0.381777 0.381785 0.381781 0.381832 0.381892 0.381923 0.381935 0.381941 0.000000 0.000000
0.000000 0.000000 0.390948 0.390924 0.390904 0.390818 0.390790 0.390701 0.390720 0.390677 0.390679 0.390672 0.390658 0.390682 0.390739 0.390777 0.390821 0.390836 0.390875 0.000000 0.000000
0.000000 0.000000 0.401455 0.401407 0.401353 0.401312 0.401265 0.401152 0.401150 0.401146 0.401157 0.401117 0.401136 0.401129 0.401232 0.401291 0.401315 0.401328 0.401406 0.000000 0.000000
0.000000 0.000000 0.413382 0.413337 0.413325 0.413242 0.413182 0.412881 0.412876 0.412857 0.412748 0.412814 0.412820 0.412845 0.413071 0.413121 0.413232 0.413236 0.413253 0.000000 0.000000
0.000000 0.000000 0.428245 0.428225 0.428124 0.428067 0.427639 0.427797 0.427706 0.427707 0.427767 0.427704 0.427695 0.427647 0.427505 0.427974 0.427987 0.428095 0.428160 0.000000 0.000000
0.000000 0.000000 0.445028 0.444976 0.444896 0.444348 0.444598 0.444249 0.444176 0.444140 0.444010 0.443973 0.444033 0.444040 0.444347 0.444110 0.444823 0.444650 0.444622 0.000000 0.000000
0.000000 0.000000 0.459659 0.459630 0.459056 0.459373 0.459262 0.459295 0.459552 0.459485 0.459622 0.459600 0.459489 0.459625 0.459538 0.459641 0.458970 0.459853 0.459841 0.000000 0.000000
0.000000 0.000000 0.472156 0.471715 0.471841 0.471653 0.471422 0.471366 0.471227 0.471259 0.471111 0.471129 0.471213 0.471125 0.471228 0.471402 0.471804 0.471502 0.471961 0.000000 0.000000
0.000000 0.000000 0.477006 0.477131 0.477406 0.477344 0.477288 0.477041 0.477045 0.476987 0.477055 0.477038 0.477043 0.477056 0.477273 0.477317 0.477423 0.477146 0.477023 0.000000 0.000000
0.000000 0.000000 0.350000 0.350000 0.350000 0.350000 0.350000 0.350000 0.350000 0.350000 0.350000 0.350000 0.350000 0.350000 0.350000 0.350000 0.350000 0.350000 0.350000 0.000000 0.000000
0.000000 0.000000 0.000000 0.000000 0.000000 0.000000 0.000000 0.000000 0.000000 0.000000 0.000000 0.000000 0.000000 0.000000 0.000000 0.000000 0.000000 0.000000 0.000000 0.000000 0.000000