geotop/1.0zi/1.0Montebello/Templates/testdem/maps/_Eocsand114#.asc
ncols         21
nrows         20
xllcorner     100.000000
yllcorner     100.000000
cellsize      50.000000
NODATA_value  -9999.0
0.000000 0.000000 0.000000 0.000000 0.000000 0.000000 0.000000 0.000000 0.000000 0.000000 0.000000 0.000000 0.000000 0.000000 0.000000 0.000000 0.000000 0.000000 0.000000 0.000000 0.000000
0.000000 0.000000 0.300285 0.300282 0.300282 0.300283 0.300282 0.300282 0.300282 0.300282 0.300283 0.300282 0.300282 0.300282 0.300282 0.300282 0.300283 0.300282 0.300283 0.000000 0.000000
0.000000 0.000000 0.300010 0.300012 0.300013 0.300010 0.300012 0.300013 0.300012 0.300012 0.300012 0.300011 0.300011 0.300012 0.300011 0.300012 0.300013 0.300013 0.300013 0.000000 0.000000
0.000000 0.000000 0.299627 0.299616 0.299631 0.299639 0.299634 0.299645 0.299642 0.299641 0.299645 0.299643 0.299643 0.299638 0.299640 0.299632 0.299628 0.299624 0.299624 0.000000 0.000000
0.000000 0.000000 0.295647 0.295655 0.295673 0.295705 0.295741 0.295754 0.295759 0.295762 0.295770 0.295759 0.295754 0.295759 0.295734 0.295716 0.295698 0.295680 0.295666 0.000000 0.000000
0.000000 0.000000 0.285895 0.285906 0.285950 0.286027 0.286101 0.286167 0.286168 0.286180 0.286190 0.286186 0.286173 0.286182 0.286146 0.286078 0.286046 0.286014 0.286001 0.000000 0.000000
0.000000 0.000000 0.272711 0.272733 0.272774 0.272865 0.272957 0.273099 0.273106 0.273117 0.273134 0.273132 0.273135 0.273133 0.273026 0.272944 0.272894 0.272850 0.272838 0.000000 0.000000
0.000000 0.000000 0.256816 0.256844 0.256888 0.257009 0.257112 0.257247 0.257260 0.257274 0.257296 0.257299 0.257306 0.257289 0.257192 0.257099 0.257016 0.256991 0.256962 0.000000 0.000000
0.000000 0.000000 0.238738 0.238781 0.238852 0.238948 0.239069 0.239237 0.239242 0.239269 0.239297 0.239302 0.239298 0.239310 0.239165 0.239049 0.238984 0.238946 0.238921 0.000000 0.000000
0.000000 0.000000 0.217815 0.217884 0.217951 0.218054 0.218197 0.218376 0.218401 0.218415 0.218462 0.218448 0.218421 0.218434 0.218320 0.218165 0.218081 0.218038 0.218031 0.000000 0.000000
0.000000 0.000000 0.192723 0.192789 0.192847 0.193105 0.193161 0.193419 0.193380 0.193503 0.193497 0.193518 0.193568 0.193499 0.193362 0.193266 0.193141 0.193086 0.192981 0.000000 0.000000
0.000000 0.000000 0.162028 0.162175 0.162355 0.162448 0.162577 0.162917 0.162972 0.162946 0.162936 0.163037 0.162985 0.163022 0.162743 0.162561 0.162508 0.162452 0.162247 0.000000 0.000000
0.000000 0.000000 0.127857 0.127983 0.127999 0.128265 0.128421 0.129333 0.129394 0.129450 0.129822 0.129563 0.129575 0.129492 0.128853 0.128724 0.128377 0.128328 0.128376 0.000000 0.000000
0.000000 0.000000 0.091179 0.091196 0.091481 0.091584 0.092603 0.092010 0.092253 0.092242 0.092026 0.092241 0.092270 0.092415 0.092913 0.091765 0.091808 0.091538 0.091401 0.000000 0.000000
0.000000 0.000000 0.065215 0.065276 0.065386 0.066016 0.065757 0.066146 0.066233 0.066275 0.066431 0.066473 0.066401 0.066399 0.066058 0.066328 0.065512 0.065694 0.065732 0.000000 0.000000
0.000000 0.000000 0.049490 0.049535 0.049807 0.049961 0.049881 0.050042 0.049978 0.050024 0.050032 0.050063 0.050080 0.050023 0.049911 0.049990 0.049899 0.049637 0.049661 0.000000 0.000000
0.000000 0.000000 0.038500 0.038594 0.038781 0.038846 0.038855 0.038941 0.038890 0.038914 0.038921 0.038936 0.038948 0.038915 0.038860 0.038866 0.038853 0.038652 0.038599 0.000000 0.000000
0.000000 0.000000 0.030934 0.030978 0.031110 0.031121 0.031149 0.031215 0.031164 0.031185 0.031172 0.031184 0.031200 0.031170 0.031129 0.031117 0.031163 0.030996 0.030970 0.000000 0.000000
0.000000 0.000000 0.300000 0.300000 0.300000 0.300000 0.300000 0.300000 0.300000 0.300000 0.300000 0.300000 0.300000 0.300000 0.300000 0.300000 0.300000 0.300000 0.300000 0.000000 0.000000
0.000000 0.000000 0.000000 0.000000 0.000000 0.000000 0.000000 0.000000 0.000000 0.000000 0.000000 0.000000 0.000000 0.000000 0.000000 0.000000 0.000000 0.000000 0.000000 0.000000 0.000000