geotop/1.0zi/1.0Montebello/Templates/testdem/maps/_Eocclay5433.asc
ncols         21
nrows         20
xllcorner     100.000000
yllcorner     100.000000
cellsize      50.000000
NODATA_value  -9999.0
0.000000 0.000000 0.000000 0.000000 0.000000 0.000000 0.000000 0.000000 0.000000 0.000000 0.000000 0.000000 0.000000 0.000000 0.000000 0.000000 0.000000 0.000000 0.000000 0.000000 0.000000
0.000000 0.000000 0.349756 0.349757 0.349757 0.349757 0.349757 0.349757 0.349757 0.349757 0.349757 0.349757 0.349757 0.349757 0.349757 0.349757 0.349757 0.349757 0.349757 0.000000 0.000000
0.000000 0.000000 0.349990 0.349990 0.349990 0.349990 0.349989 0.349990 0.349990 0.349990 0.349989 0.349989 0.349990 0.349990 0.349990 0.349990 0.349990 0.349990 0.349990 0.000000 0.000000
0.000000 0.000000 0.349987 0.349989 0.349987 0.349988 0.349989 0.349989 0.349989 0.349988 0.349989 0.349988 0.349988 0.349987 0.349990 0.349991 0.349989 0.349990 0.349989 0.000000 0.000000
0.000000 0.000000 0.350388 0.350389 0.350389 0.350385 0.350374 0.350371 0.350372 0.350374 0.350372 0.350374 0.350368 0.350368 0.350373 0.350371 0.350376 0.350378 0.350380 0.000000 0.000000
0.000000 0.000000 0.351833 0.351835 0.351830 0.351812 0.351807 0.351791 0.351790 0.351787 0.351790 0.351790 0.351793 0.351794 0.351796 0.351807 0.351812 0.351823 0.351827 0.000000 0.000000
0.000000 0.000000 0.353977 0.353976 0.353975 0.353959 0.353940 0.353914 0.353914 0.353911 0.353912 0.353915 0.353915 0.353913 0.353930 0.353950 0.353958 0.353967 0.353973 0.000000 0.000000
0.000000 0.000000 0.356603 0.356603 0.356602 0.356584 0.356565 0.356538 0.356538 0.356536 0.356537 0.356537 0.356534 0.356538 0.356557 0.356573 0.356587 0.356592 0.356600 0.000000 0.000000
0.000000 0.000000 0.359252 0.359250 0.359245 0.359235 0.359216 0.359190 0.359192 0.359187 0.359184 0.359186 0.359186 0.359183 0.359206 0.359225 0.359237 0.359240 0.359246 0.000000 0.000000
0.000000 0.000000 0.361924 0.361919 0.361918 0.361911 0.361884 0.361860 0.361862 0.361859 0.361855 0.361859 0.361862 0.361859 0.361878 0.361899 0.361912 0.361914 0.361919 0.000000 0.000000
0.000000 0.000000 0.364684 0.364681 0.364681 0.364663 0.364645 0.364618 0.364624 0.364611 0.364611 0.364613 0.364610 0.364616 0.364630 0.364644 0.364658 0.364666 0.364676 0.000000 0.000000
0.000000 0.000000 0.367561 0.367555 0.367550 0.367536 0.367521 0.367489 0.367490 0.367483 0.367491 0.367483 0.367484 0.367486 0.367513 0.367524 0.367534 0.367538 0.367568 0.000000 0.000000
0.000000 0.000000 0.370503 0.370498 0.370497 0.370482 0.370468 0.370405 0.370406 0.370400 0.370387 0.370395 0.370399 0.370404 0.370448 0.370459 0.370481 0.370483 0.370504 0.000000 0.000000
0.000000 0.000000 0.373674 0.373671 0.373664 0.373655 0.373597 0.373579 0.373565 0.373565 0.373559 0.373562 0.373563 0.373560 0.373568 0.373625 0.373644 0.373659 0.373680 0.000000 0.000000
0.000000 0.000000 0.377145 0.377142 0.377129 0.377071 0.377051 0.377016 0.376990 0.376987 0.376975 0.376971 0.376977 0.376971 0.376996 0.377024 0.377111 0.377104 0.377117 0.000000 0.000000
0.000000 0.000000 0.380795 0.380790 0.380717 0.380701 0.380695 0.380671 0.380684 0.380675 0.380680 0.380671 0.380663 0.380677 0.380690 0.380699 0.380698 0.380793 0.380796 0.000000 0.000000
0.000000 0.000000 0.384927 0.384827 0.384787 0.384757 0.384709 0.384683 0.384676 0.384674 0.384653 0.384649 0.384657 0.384654 0.384680 0.384716 0.384773 0.384804 0.384904 0.000000 0.000000
0.000000 0.000000 0.388029 0.388024 0.388111 0.388084 0.388046 0.387950 0.387946 0.387926 0.387937 0.387931 0.387938 0.387939 0.388026 0.388052 0.388120 0.388029 0.388041 0.000000 0.000000
0.000000 0.000000 0.350000 0.350000 0.350000 0.350000 0.350000 0.350000 0.350000 0.350000 0.350000 0.350000 0.350000 0.350000 0.350000 0.350000 0.350000 0.350000 0.350000 0.000000 0.000000
0.000000 0.000000 0.000000 0.000000 0.000000 0.000000 0.000000 0.000000 0.000000 0.000000 0.000000 0.000000 0.000000 0.000000 0.000000 0.000000 0.000000 0.000000 0.000000 0.000000 0.000000