geotop/1.0zi/1.0Montebello/Templates/testdem/maps/_Eocsand3781.asc
ncols         21
nrows         20
xllcorner     100.000000
yllcorner     100.000000
cellsize      50.000000
NODATA_value  -9999.0
0.000000 0.000000 0.000000 0.000000 0.000000 0.000000 0.000000 0.000000 0.000000 0.000000 0.000000 0.000000 0.000000 0.000000 0.000000 0.000000 0.000000 0.000000 0.000000 0.000000 0.000000
0.000000 0.000000 0.300096 0.300095 0.300095 0.300095 0.300095 0.300095 0.300095 0.300095 0.300095 0.300095 0.300095 0.300095 0.300095 0.300095 0.300095 0.300095 0.300096 0.000000 0.000000
0.000000 0.000000 0.300005 0.300004 0.300004 0.300004 0.300003 0.300003 0.300003 0.300003 0.300003 0.300004 0.300003 0.300003 0.300004 0.300004 0.300005 0.300005 0.300005 0.000000 0.000000
0.000000 0.000000 0.299972 0.299973 0.299973 0.299976 0.299973 0.299975 0.299973 0.299973 0.299973 0.299975 0.299974 0.299977 0.299976 0.299972 0.299972 0.299971 0.299972 0.000000 0.000000
0.000000 0.000000 0.299291 0.299284 0.299289 0.299290 0.299298 0.299304 0.299306 0.299309 0.299308 0.299306 0.299307 0.299306 0.299299 0.299300 0.299299 0.299295 0.299291 0.000000 0.000000
0.000000 0.000000 0.297128 0.297122 0.297131 0.297146 0.297158 0.297181 0.297181 0.297190 0.297182 0.297180 0.297174 0.297172 0.297168 0.297159 0.297153 0.297150 0.297145 0.000000 0.000000
0.000000 0.000000 0.294001 0.293999 0.294008 0.294034 0.294067 0.294104 0.294104 0.294111 0.294104 0.294104 0.294099 0.294089 0.294058 0.294033 0.294024 0.294020 0.294011 0.000000 0.000000
0.000000 0.000000 0.290470 0.290470 0.290481 0.290514 0.290551 0.290589 0.290587 0.290593 0.290591 0.290591 0.290587 0.290577 0.290537 0.290510 0.290496 0.290494 0.290484 0.000000 0.000000
0.000000 0.000000 0.286928 0.286932 0.286948 0.286973 0.287008 0.287052 0.287050 0.287058 0.287056 0.287054 0.287050 0.287038 0.287001 0.286970 0.286959 0.286955 0.286942 0.000000 0.000000
0.000000 0.000000 0.283416 0.283419 0.283432 0.283459 0.283501 0.283539 0.283536 0.283541 0.283540 0.283539 0.283535 0.283527 0.283485 0.283454 0.283443 0.283440 0.283430 0.000000 0.000000
0.000000 0.000000 0.279878 0.279881 0.279895 0.279916 0.279950 0.279996 0.279993 0.280002 0.280001 0.279998 0.279994 0.279985 0.279949 0.279927 0.279912 0.279908 0.279896 0.000000 0.000000
0.000000 0.000000 0.276244 0.276248 0.276263 0.276293 0.276329 0.276373 0.276375 0.276381 0.276379 0.276380 0.276374 0.276365 0.276320 0.276293 0.276280 0.276277 0.276235 0.000000 0.000000
0.000000 0.000000 0.272592 0.272596 0.272612 0.272637 0.272678 0.272760 0.272760 0.272768 0.272767 0.272765 0.272761 0.272750 0.272677 0.272645 0.272632 0.272628 0.272602 0.000000 0.000000
0.000000 0.000000 0.268759 0.268769 0.268783 0.268809 0.268895 0.268922 0.268936 0.268942 0.268940 0.268939 0.268935 0.268924 0.268894 0.268821 0.268807 0.268794 0.268779 0.000000 0.000000
0.000000 0.000000 0.264665 0.264673 0.264702 0.264772 0.264821 0.264874 0.264901 0.264910 0.264919 0.264919 0.264907 0.264905 0.264861 0.264807 0.264731 0.264736 0.264724 0.000000 0.000000
0.000000 0.000000 0.260481 0.260488 0.260571 0.260593 0.260629 0.260661 0.260668 0.260671 0.260667 0.260668 0.260669 0.260645 0.260624 0.260601 0.260599 0.260523 0.260503 0.000000 0.000000
0.000000 0.000000 0.255884 0.255975 0.256051 0.256088 0.256153 0.256187 0.256196 0.256200 0.256210 0.256208 0.256198 0.256194 0.256167 0.256109 0.256075 0.256032 0.255938 0.000000 0.000000
0.000000 0.000000 0.252220 0.252246 0.252198 0.252245 0.252307 0.252408 0.252420 0.252431 0.252427 0.252427 0.252422 0.252406 0.252315 0.252260 0.252202 0.252287 0.252242 0.000000 0.000000
0.000000 0.000000 0.300000 0.300000 0.300000 0.300000 0.300000 0.300000 0.300000 0.300000 0.300000 0.300000 0.300000 0.300000 0.300000 0.300000 0.300000 0.300000 0.300000 0.000000 0.000000
0.000000 0.000000 0.000000 0.000000 0.000000 0.000000 0.000000 0.000000 0.000000 0.000000 0.000000 0.000000 0.000000 0.000000 0.000000 0.000000 0.000000 0.000000 0.000000 0.000000 0.000000