geotop/1.0zi/1.0Montebello/Templates/testdem/maps/_Eocsilt0961.asc
ncols         21
nrows         20
xllcorner     100.000000
yllcorner     100.000000
cellsize      50.000000
NODATA_value  -9999.0
0.000000 0.000000 0.000000 0.000000 0.000000 0.000000 0.000000 0.000000 0.000000 0.000000 0.000000 0.000000 0.000000 0.000000 0.000000 0.000000 0.000000 0.000000 0.000000 0.000000 0.000000
0.000000 0.000000 0.350018 0.350018 0.350018 0.350018 0.350018 0.350018 0.350018 0.350018 0.350018 0.350018 0.350018 0.350018 0.350018 0.350018 0.350018 0.350018 0.350018 0.000000 0.000000
0.000000 0.000000 0.349999 0.349999 0.349999 0.349999 0.349999 0.349999 0.349999 0.349999 0.349999 0.349999 0.349999 0.349999 0.349999 0.349999 0.349999 0.349999 0.349999 0.000000 0.000000
0.000000 0.000000 0.350420 0.350419 0.350417 0.350418 0.350420 0.350420 0.350420 0.350420 0.350420 0.350420 0.350420 0.350420 0.350420 0.350418 0.350417 0.350419 0.350420 0.000000 0.000000
0.000000 0.000000 0.351818 0.351817 0.351815 0.351814 0.351818 0.351817 0.351817 0.351817 0.351817 0.351817 0.351817 0.351817 0.351818 0.351814 0.351815 0.351817 0.351818 0.000000 0.000000
0.000000 0.000000 0.353498 0.353498 0.353496 0.353496 0.353498 0.353498 0.353498 0.353498 0.353498 0.353498 0.353498 0.353498 0.353498 0.353496 0.353496 0.353498 0.353498 0.000000 0.000000
0.000000 0.000000 0.355038 0.355037 0.355036 0.355036 0.355038 0.355038 0.355038 0.355038 0.355038 0.355038 0.355038 0.355038 0.355038 0.355036 0.355036 0.355037 0.355038 0.000000 0.000000
0.000000 0.000000 0.356450 0.356450 0.356448 0.356448 0.356450 0.356450 0.356450 0.356450 0.356450 0.356450 0.356450 0.356450 0.356450 0.356448 0.356448 0.356450 0.356450 0.000000 0.000000
0.000000 0.000000 0.357773 0.357772 0.357771 0.357771 0.357773 0.357772 0.357772 0.357773 0.357773 0.357773 0.357772 0.357772 0.357773 0.357771 0.357771 0.357772 0.357773 0.000000 0.000000
0.000000 0.000000 0.359040 0.359040 0.359038 0.359039 0.359040 0.359040 0.359040 0.359040 0.359040 0.359040 0.359040 0.359040 0.359040 0.359039 0.359038 0.359040 0.359040 0.000000 0.000000
0.000000 0.000000 0.360266 0.360265 0.360264 0.360264 0.360266 0.360266 0.360265 0.360266 0.360266 0.360266 0.360265 0.360266 0.360266 0.360264 0.360264 0.360265 0.360266 0.000000 0.000000
0.000000 0.000000 0.361463 0.361462 0.361461 0.361461 0.361463 0.361463 0.361462 0.361463 0.361463 0.361463 0.361462 0.361463 0.361463 0.361461 0.361461 0.361462 0.361463 0.000000 0.000000
0.000000 0.000000 0.362641 0.362640 0.362639 0.362639 0.362641 0.362640 0.362640 0.362641 0.362641 0.362641 0.362640 0.362640 0.362641 0.362639 0.362639 0.362640 0.362641 0.000000 0.000000
0.000000 0.000000 0.363799 0.363798 0.363797 0.363797 0.363799 0.363799 0.363799 0.363799 0.363799 0.363799 0.363799 0.363799 0.363799 0.363797 0.363797 0.363798 0.363799 0.000000 0.000000
0.000000 0.000000 0.364944 0.364944 0.364943 0.364943 0.364944 0.364944 0.364944 0.364944 0.364944 0.364944 0.364944 0.364944 0.364944 0.364943 0.364943 0.364944 0.364944 0.000000 0.000000
0.000000 0.000000 0.366081 0.366081 0.366079 0.366080 0.366081 0.366081 0.366081 0.366081 0.366081 0.366081 0.366081 0.366081 0.366081 0.366080 0.366079 0.366081 0.366081 0.000000 0.000000
0.000000 0.000000 0.367206 0.367205 0.367204 0.367204 0.367206 0.367206 0.367206 0.367206 0.367206 0.367206 0.367206 0.367206 0.367206 0.367204 0.367204 0.367205 0.367206 0.000000 0.000000
0.000000 0.000000 0.368356 0.368356 0.368355 0.368355 0.368357 0.368356 0.368356 0.368357 0.368357 0.368357 0.368356 0.368356 0.368357 0.368355 0.368355 0.368356 0.368357 0.000000 0.000000
0.000000 0.000000 0.350000 0.350000 0.350000 0.350000 0.350000 0.350000 0.350000 0.350000 0.350000 0.350000 0.350000 0.350000 0.350000 0.350000 0.350000 0.350000 0.350000 0.000000 0.000000
0.000000 0.000000 0.000000 0.000000 0.000000 0.000000 0.000000 0.000000 0.000000 0.000000 0.000000 0.000000 0.000000 0.000000 0.000000 0.000000 0.000000 0.000000 0.000000 0.000000 0.000000