geotop/1.0zi/1.0Montebello/Templates/testdem/maps/_Eocsand3996.asc
ncols         21
nrows         20
xllcorner     100.000000
yllcorner     100.000000
cellsize      50.000000
NODATA_value  -9999.0
0.000000 0.000000 0.000000 0.000000 0.000000 0.000000 0.000000 0.000000 0.000000 0.000000 0.000000 0.000000 0.000000 0.000000 0.000000 0.000000 0.000000 0.000000 0.000000 0.000000 0.000000
0.000000 0.000000 0.300103 0.300102 0.300102 0.300102 0.300102 0.300102 0.300102 0.300102 0.300102 0.300102 0.300102 0.300102 0.300102 0.300102 0.300102 0.300102 0.300102 0.000000 0.000000
0.000000 0.000000 0.300005 0.300004 0.300004 0.300004 0.300003 0.300003 0.300003 0.300003 0.300004 0.300004 0.300003 0.300003 0.300004 0.300004 0.300005 0.300005 0.300005 0.000000 0.000000
0.000000 0.000000 0.299974 0.299974 0.299976 0.299980 0.299977 0.299979 0.299977 0.299978 0.299978 0.299979 0.299979 0.299981 0.299976 0.299973 0.299973 0.299972 0.299974 0.000000 0.000000
0.000000 0.000000 0.299290 0.299285 0.299289 0.299287 0.299295 0.299299 0.299300 0.299303 0.299305 0.299300 0.299304 0.299304 0.299299 0.299299 0.299300 0.299295 0.299290 0.000000 0.000000
0.000000 0.000000 0.297074 0.297073 0.297079 0.297090 0.297094 0.297114 0.297115 0.297125 0.297116 0.297114 0.297111 0.297117 0.297119 0.297110 0.297101 0.297097 0.297092 0.000000 0.000000
0.000000 0.000000 0.293781 0.293784 0.293789 0.293807 0.293826 0.293858 0.293855 0.293861 0.293856 0.293858 0.293861 0.293865 0.293845 0.293818 0.293806 0.293799 0.293789 0.000000 0.000000
0.000000 0.000000 0.290002 0.290006 0.290014 0.290038 0.290059 0.290091 0.290087 0.290093 0.290093 0.290094 0.290100 0.290106 0.290075 0.290046 0.290029 0.290024 0.290014 0.000000 0.000000
0.000000 0.000000 0.286215 0.286222 0.286235 0.286251 0.286272 0.286310 0.286307 0.286314 0.286313 0.286312 0.286318 0.286321 0.286293 0.286261 0.286247 0.286240 0.286226 0.000000 0.000000
0.000000 0.000000 0.282455 0.282462 0.282472 0.282490 0.282517 0.282550 0.282544 0.282550 0.282550 0.282549 0.282555 0.282562 0.282530 0.282497 0.282484 0.282478 0.282467 0.000000 0.000000
0.000000 0.000000 0.278662 0.278670 0.278680 0.278693 0.278712 0.278752 0.278747 0.278756 0.278756 0.278754 0.278761 0.278767 0.278740 0.278717 0.278698 0.278692 0.278679 0.000000 0.000000
0.000000 0.000000 0.274759 0.274766 0.274779 0.274801 0.274821 0.274859 0.274859 0.274865 0.274864 0.274866 0.274870 0.274878 0.274841 0.274812 0.274796 0.274791 0.274747 0.000000 0.000000
0.000000 0.000000 0.270824 0.270832 0.270846 0.270862 0.270887 0.270965 0.270964 0.270971 0.270972 0.270971 0.270979 0.270983 0.270916 0.270882 0.270866 0.270860 0.270832 0.000000 0.000000
0.000000 0.000000 0.266684 0.266699 0.266710 0.266727 0.266801 0.266821 0.266833 0.266840 0.266838 0.266839 0.266847 0.266852 0.266831 0.266751 0.266734 0.266718 0.266702 0.000000 0.000000
0.000000 0.000000 0.262251 0.262262 0.262290 0.262356 0.262390 0.262437 0.262463 0.262471 0.262483 0.262485 0.262484 0.262499 0.262463 0.262405 0.262319 0.262324 0.262310 0.000000 0.000000
0.000000 0.000000 0.257705 0.257717 0.257805 0.257818 0.257836 0.257860 0.257864 0.257867 0.257863 0.257866 0.257880 0.257872 0.257861 0.257836 0.257833 0.257747 0.257724 0.000000 0.000000
0.000000 0.000000 0.252694 0.252800 0.252878 0.252907 0.252957 0.252983 0.252990 0.252994 0.253007 0.253007 0.253010 0.253024 0.253006 0.252941 0.252901 0.252854 0.252748 0.000000 0.000000
0.000000 0.000000 0.248730 0.248761 0.248702 0.248741 0.248786 0.248886 0.248896 0.248907 0.248904 0.248906 0.248915 0.248916 0.248827 0.248768 0.248704 0.248797 0.248748 0.000000 0.000000
0.000000 0.000000 0.300000 0.300000 0.300000 0.300000 0.300000 0.300000 0.300000 0.300000 0.300000 0.300000 0.300000 0.300000 0.300000 0.300000 0.300000 0.300000 0.300000 0.000000 0.000000
0.000000 0.000000 0.000000 0.000000 0.000000 0.000000 0.000000 0.000000 0.000000 0.000000 0.000000 0.000000 0.000000 0.000000 0.000000 0.000000 0.000000 0.000000 0.000000 0.000000 0.000000