geotop/1.0zi/1.0Montebello/Templates/testdem/maps/_Eocclay0608.asc
ncols         21
nrows         20
xllcorner     100.000000
yllcorner     100.000000
cellsize      50.000000
NODATA_value  -9999.0
0.000000 0.000000 0.000000 0.000000 0.000000 0.000000 0.000000 0.000000 0.000000 0.000000 0.000000 0.000000 0.000000 0.000000 0.000000 0.000000 0.000000 0.000000 0.000000 0.000000 0.000000
0.000000 0.000000 0.349967 0.349967 0.349967 0.349967 0.349967 0.349967 0.349967 0.349967 0.349967 0.349967 0.349967 0.349967 0.349967 0.349967 0.349967 0.349967 0.349967 0.000000 0.000000
0.000000 0.000000 0.349997 0.349997 0.349996 0.349997 0.349997 0.349997 0.349997 0.349997 0.349997 0.349997 0.349997 0.349997 0.349997 0.349997 0.349996 0.349997 0.349997 0.000000 0.000000
0.000000 0.000000 0.350279 0.350279 0.350277 0.350279 0.350279 0.350279 0.350279 0.350279 0.350279 0.350279 0.350279 0.350279 0.350279 0.350279 0.350277 0.350279 0.350279 0.000000 0.000000
0.000000 0.000000 0.351252 0.351252 0.351250 0.351252 0.351253 0.351253 0.351253 0.351253 0.351253 0.351253 0.351253 0.351253 0.351253 0.351252 0.351250 0.351252 0.351252 0.000000 0.000000
0.000000 0.000000 0.352253 0.352253 0.352251 0.352253 0.352253 0.352253 0.352253 0.352253 0.352253 0.352253 0.352253 0.352253 0.352253 0.352253 0.352251 0.352253 0.352253 0.000000 0.000000
0.000000 0.000000 0.353203 0.353203 0.353201 0.353202 0.353203 0.353203 0.353203 0.353203 0.353203 0.353203 0.353203 0.353203 0.353203 0.353202 0.353201 0.353203 0.353203 0.000000 0.000000
0.000000 0.000000 0.354088 0.354088 0.354086 0.354088 0.354088 0.354088 0.354088 0.354088 0.354088 0.354088 0.354088 0.354088 0.354088 0.354088 0.354086 0.354088 0.354088 0.000000 0.000000
0.000000 0.000000 0.354926 0.354926 0.354924 0.354926 0.354926 0.354926 0.354926 0.354926 0.354926 0.354926 0.354926 0.354926 0.354926 0.354926 0.354924 0.354926 0.354926 0.000000 0.000000
0.000000 0.000000 0.355736 0.355736 0.355734 0.355736 0.355736 0.355736 0.355736 0.355736 0.355736 0.355736 0.355736 0.355736 0.355736 0.355736 0.355734 0.355736 0.355736 0.000000 0.000000
0.000000 0.000000 0.356525 0.356525 0.356523 0.356525 0.356525 0.356525 0.356525 0.356525 0.356525 0.356525 0.356525 0.356525 0.356525 0.356525 0.356523 0.356525 0.356525 0.000000 0.000000
0.000000 0.000000 0.357299 0.357299 0.357298 0.357299 0.357299 0.357299 0.357299 0.357299 0.357299 0.357299 0.357299 0.357299 0.357299 0.357299 0.357298 0.357299 0.357299 0.000000 0.000000
0.000000 0.000000 0.358061 0.358061 0.358060 0.358061 0.358061 0.358062 0.358062 0.358062 0.358061 0.358062 0.358062 0.358062 0.358061 0.358061 0.358060 0.358061 0.358061 0.000000 0.000000
0.000000 0.000000 0.358813 0.358813 0.358812 0.358813 0.358813 0.358813 0.358813 0.358813 0.358813 0.358813 0.358813 0.358813 0.358813 0.358813 0.358812 0.358813 0.358813 0.000000 0.000000
0.000000 0.000000 0.359558 0.359558 0.359557 0.359558 0.359558 0.359558 0.359558 0.359558 0.359558 0.359558 0.359558 0.359558 0.359558 0.359558 0.359557 0.359558 0.359558 0.000000 0.000000
0.000000 0.000000 0.360300 0.360300 0.360299 0.360300 0.360300 0.360300 0.360300 0.360300 0.360300 0.360300 0.360300 0.360300 0.360300 0.360300 0.360299 0.360300 0.360300 0.000000 0.000000
0.000000 0.000000 0.361034 0.361034 0.361033 0.361034 0.361034 0.361034 0.361034 0.361034 0.361034 0.361034 0.361034 0.361034 0.361034 0.361034 0.361033 0.361034 0.361034 0.000000 0.000000
0.000000 0.000000 0.361775 0.361775 0.361774 0.361775 0.361775 0.361775 0.361775 0.361775 0.361775 0.361775 0.361775 0.361775 0.361775 0.361775 0.361774 0.361775 0.361775 0.000000 0.000000
0.000000 0.000000 0.350000 0.350000 0.350000 0.350000 0.350000 0.350000 0.350000 0.350000 0.350000 0.350000 0.350000 0.350000 0.350000 0.350000 0.350000 0.350000 0.350000 0.000000 0.000000
0.000000 0.000000 0.000000 0.000000 0.000000 0.000000 0.000000 0.000000 0.000000 0.000000 0.000000 0.000000 0.000000 0.000000 0.000000 0.000000 0.000000 0.000000 0.000000 0.000000 0.000000