geotop/1.0zi/1.0Montebello/Templates/testdem/maps/_Eocclay1290.asc
ncols         21
nrows         20
xllcorner     100.000000
yllcorner     100.000000
cellsize      50.000000
NODATA_value  -9999.0
0.000000 0.000000 0.000000 0.000000 0.000000 0.000000 0.000000 0.000000 0.000000 0.000000 0.000000 0.000000 0.000000 0.000000 0.000000 0.000000 0.000000 0.000000 0.000000 0.000000 0.000000
0.000000 0.000000 0.349935 0.349935 0.349935 0.349935 0.349935 0.349935 0.349935 0.349935 0.349935 0.349935 0.349935 0.349935 0.349935 0.349935 0.349935 0.349935 0.349935 0.000000 0.000000
0.000000 0.000000 0.349994 0.349994 0.349993 0.349994 0.349994 0.349994 0.349994 0.349994 0.349994 0.349994 0.349994 0.349994 0.349994 0.349994 0.349993 0.349994 0.349994 0.000000 0.000000
0.000000 0.000000 0.350547 0.350547 0.350545 0.350545 0.350547 0.350547 0.350547 0.350547 0.350547 0.350547 0.350547 0.350547 0.350547 0.350545 0.350545 0.350547 0.350547 0.000000 0.000000
0.000000 0.000000 0.352515 0.352514 0.352512 0.352512 0.352516 0.352515 0.352515 0.352516 0.352516 0.352516 0.352515 0.352515 0.352516 0.352512 0.352512 0.352514 0.352515 0.000000 0.000000
0.000000 0.000000 0.354687 0.354687 0.354685 0.354685 0.354688 0.354687 0.354687 0.354688 0.354688 0.354688 0.354687 0.354687 0.354688 0.354685 0.354685 0.354687 0.354687 0.000000 0.000000
0.000000 0.000000 0.356760 0.356760 0.356758 0.356758 0.356761 0.356760 0.356760 0.356760 0.356760 0.356760 0.356760 0.356760 0.356761 0.356758 0.356758 0.356760 0.356760 0.000000 0.000000
0.000000 0.000000 0.358672 0.358672 0.358670 0.358671 0.358673 0.358672 0.358672 0.358672 0.358672 0.358672 0.358672 0.358672 0.358673 0.358671 0.358670 0.358672 0.358672 0.000000 0.000000
0.000000 0.000000 0.360465 0.360465 0.360463 0.360463 0.360465 0.360465 0.360465 0.360465 0.360465 0.360465 0.360465 0.360465 0.360465 0.360463 0.360463 0.360465 0.360465 0.000000 0.000000
0.000000 0.000000 0.362184 0.362184 0.362183 0.362183 0.362185 0.362184 0.362184 0.362185 0.362184 0.362185 0.362184 0.362184 0.362185 0.362183 0.362183 0.362184 0.362184 0.000000 0.000000
0.000000 0.000000 0.363848 0.363848 0.363847 0.363847 0.363849 0.363848 0.363848 0.363849 0.363848 0.363849 0.363848 0.363848 0.363849 0.363847 0.363847 0.363848 0.363848 0.000000 0.000000
0.000000 0.000000 0.365474 0.365474 0.365473 0.365473 0.365475 0.365474 0.365474 0.365475 0.365474 0.365475 0.365474 0.365474 0.365475 0.365473 0.365473 0.365474 0.365474 0.000000 0.000000
0.000000 0.000000 0.367074 0.367073 0.367072 0.367072 0.367074 0.367074 0.367073 0.367074 0.367074 0.367074 0.367073 0.367074 0.367074 0.367072 0.367072 0.367073 0.367074 0.000000 0.000000
0.000000 0.000000 0.368646 0.368646 0.368644 0.368645 0.368646 0.368646 0.368646 0.368646 0.368646 0.368646 0.368646 0.368646 0.368646 0.368645 0.368644 0.368646 0.368646 0.000000 0.000000
0.000000 0.000000 0.370199 0.370199 0.370198 0.370198 0.370200 0.370199 0.370199 0.370200 0.370200 0.370200 0.370199 0.370199 0.370200 0.370198 0.370198 0.370199 0.370199 0.000000 0.000000
0.000000 0.000000 0.371739 0.371739 0.371738 0.371738 0.371739 0.371739 0.371739 0.371739 0.371739 0.371739 0.371739 0.371739 0.371739 0.371738 0.371738 0.371739 0.371739 0.000000 0.000000
0.000000 0.000000 0.373265 0.373264 0.373263 0.373264 0.373265 0.373265 0.373265 0.373265 0.373265 0.373265 0.373265 0.373265 0.373265 0.373264 0.373263 0.373264 0.373265 0.000000 0.000000
0.000000 0.000000 0.374817 0.374817 0.374816 0.374816 0.374818 0.374817 0.374817 0.374818 0.374818 0.374818 0.374817 0.374817 0.374818 0.374816 0.374816 0.374817 0.374817 0.000000 0.000000
0.000000 0.000000 0.350000 0.350000 0.350000 0.350000 0.350000 0.350000 0.350000 0.350000 0.350000 0.350000 0.350000 0.350000 0.350000 0.350000 0.350000 0.350000 0.350000 0.000000 0.000000
0.000000 0.000000 0.000000 0.000000 0.000000 0.000000 0.000000 0.000000 0.000000 0.000000 0.000000 0.000000 0.000000 0.000000 0.000000 0.000000 0.000000 0.000000 0.000000 0.000000 0.000000