geotop/1.0zi/1.0Montebello/Templates/testdem/maps/_Eocsilt7189.asc
ncols         21
nrows         20
xllcorner     100.000000
yllcorner     100.000000
cellsize      50.000000
NODATA_value  -9999.0
0.000000 0.000000 0.000000 0.000000 0.000000 0.000000 0.000000 0.000000 0.000000 0.000000 0.000000 0.000000 0.000000 0.000000 0.000000 0.000000 0.000000 0.000000 0.000000 0.000000 0.000000
0.000000 0.000000 0.350145 0.350146 0.350146 0.350147 0.350146 0.350147 0.350146 0.350146 0.350147 0.350146 0.350146 0.350146 0.350146 0.350146 0.350147 0.350146 0.350146 0.000000 0.000000
0.000000 0.000000 0.350004 0.350003 0.350003 0.350003 0.350004 0.350003 0.350003 0.350003 0.350004 0.350004 0.350004 0.350004 0.350003 0.350003 0.350001 0.350002 0.350003 0.000000 0.000000
0.000000 0.000000 0.350063 0.350059 0.350058 0.350052 0.350053 0.350050 0.350053 0.350053 0.350050 0.350052 0.350052 0.350052 0.350054 0.350057 0.350060 0.350061 0.350061 0.000000 0.000000
0.000000 0.000000 0.350790 0.350796 0.350791 0.350783 0.350778 0.350771 0.350769 0.350767 0.350768 0.350768 0.350769 0.350770 0.350781 0.350785 0.350785 0.350793 0.350798 0.000000 0.000000
0.000000 0.000000 0.352940 0.352941 0.352932 0.352918 0.352901 0.352881 0.352881 0.352875 0.352879 0.352880 0.352881 0.352880 0.352890 0.352900 0.352910 0.352917 0.352923 0.000000 0.000000
0.000000 0.000000 0.356095 0.356092 0.356082 0.356059 0.356031 0.356001 0.356003 0.355999 0.356001 0.355999 0.355996 0.356001 0.356025 0.356049 0.356063 0.356076 0.356084 0.000000 0.000000
0.000000 0.000000 0.359871 0.359870 0.359864 0.359841 0.359814 0.359781 0.359782 0.359778 0.359777 0.359774 0.359772 0.359778 0.359806 0.359830 0.359852 0.359857 0.359870 0.000000 0.000000
0.000000 0.000000 0.363879 0.363872 0.363859 0.363843 0.363815 0.363778 0.363780 0.363772 0.363770 0.363768 0.363769 0.363768 0.363804 0.363833 0.363850 0.363859 0.363870 0.000000 0.000000
0.000000 0.000000 0.368011 0.368004 0.367997 0.367983 0.367943 0.367911 0.367912 0.367907 0.367902 0.367905 0.367909 0.367907 0.367937 0.367970 0.367989 0.367995 0.368003 0.000000 0.000000
0.000000 0.000000 0.372370 0.372365 0.372358 0.372327 0.372301 0.372263 0.372272 0.372251 0.372253 0.372253 0.372246 0.372259 0.372284 0.372305 0.372329 0.372341 0.372360 0.000000 0.000000
0.000000 0.000000 0.377084 0.377071 0.377056 0.377036 0.377007 0.376961 0.376960 0.376952 0.376963 0.376948 0.376951 0.376956 0.377001 0.377024 0.377040 0.377049 0.377092 0.000000 0.000000
0.000000 0.000000 0.382055 0.382042 0.382035 0.382009 0.381984 0.381876 0.381876 0.381868 0.381842 0.381854 0.381861 0.381871 0.381952 0.381976 0.382015 0.382019 0.382046 0.000000 0.000000
0.000000 0.000000 0.387667 0.387662 0.387641 0.387622 0.387502 0.387491 0.387466 0.387465 0.387466 0.387462 0.387460 0.387456 0.387458 0.387583 0.387610 0.387643 0.387674 0.000000 0.000000
0.000000 0.000000 0.394084 0.394074 0.394045 0.393906 0.393889 0.393820 0.393781 0.393773 0.393750 0.393730 0.393746 0.393741 0.393806 0.393833 0.394021 0.394000 0.394013 0.000000 0.000000
0.000000 0.000000 0.401061 0.401050 0.400853 0.400866 0.400855 0.400816 0.400877 0.400851 0.400881 0.400861 0.400833 0.400881 0.400902 0.400915 0.400831 0.401094 0.401095 0.000000 0.000000
0.000000 0.000000 0.409523 0.409226 0.409212 0.409118 0.408968 0.408919 0.408867 0.408875 0.408800 0.408800 0.408839 0.408809 0.408882 0.408994 0.409195 0.409139 0.409445 0.000000 0.000000
0.000000 0.000000 0.414348 0.414520 0.414795 0.414760 0.414716 0.414451 0.414467 0.414399 0.414484 0.414461 0.414461 0.414486 0.414720 0.414751 0.414841 0.414587 0.414427 0.000000 0.000000
0.000000 0.000000 0.350000 0.350000 0.350000 0.350000 0.350000 0.350000 0.350000 0.350000 0.350000 0.350000 0.350000 0.350000 0.350000 0.350000 0.350000 0.350000 0.350000 0.000000 0.000000
0.000000 0.000000 0.000000 0.000000 0.000000 0.000000 0.000000 0.000000 0.000000 0.000000 0.000000 0.000000 0.000000 0.000000 0.000000 0.000000 0.000000 0.000000 0.000000 0.000000 0.000000