geotop/1.0zi/1.0Montebello/Templates/testdem/maps/_Eocclay9208.asc
ncols         21
nrows         20
xllcorner     100.000000
yllcorner     100.000000
cellsize      50.000000
NODATA_value  -9999.0
0.000000 0.000000 0.000000 0.000000 0.000000 0.000000 0.000000 0.000000 0.000000 0.000000 0.000000 0.000000 0.000000 0.000000 0.000000 0.000000 0.000000 0.000000 0.000000 0.000000 0.000000
0.000000 0.000000 0.349571 0.349574 0.349574 0.349573 0.349575 0.349575 0.349575 0.349575 0.349574 0.349575 0.349575 0.349574 0.349575 0.349574 0.349572 0.349573 0.349574 0.000000 0.000000
0.000000 0.000000 0.349982 0.349980 0.349980 0.349982 0.349980 0.349980 0.349981 0.349980 0.349980 0.349980 0.349980 0.349980 0.349981 0.349981 0.349982 0.349981 0.349979 0.000000 0.000000
0.000000 0.000000 0.350022 0.350027 0.350025 0.350022 0.350023 0.350024 0.350028 0.350025 0.350028 0.350026 0.350027 0.350025 0.350027 0.350029 0.350027 0.350026 0.350024 0.000000 0.000000
0.000000 0.000000 0.351243 0.351236 0.351229 0.351219 0.351201 0.351202 0.351197 0.351198 0.351197 0.351199 0.351197 0.351199 0.351209 0.351213 0.351223 0.351224 0.351234 0.000000 0.000000
0.000000 0.000000 0.354751 0.354745 0.354722 0.354692 0.354664 0.354638 0.354642 0.354636 0.354638 0.354636 0.354641 0.354640 0.354654 0.354681 0.354694 0.354703 0.354709 0.000000 0.000000
0.000000 0.000000 0.359480 0.359470 0.359455 0.359426 0.359389 0.359336 0.359339 0.359333 0.359332 0.359333 0.359333 0.359335 0.359376 0.359407 0.359425 0.359435 0.359443 0.000000 0.000000
0.000000 0.000000 0.365094 0.365082 0.365068 0.365031 0.364992 0.364945 0.364947 0.364941 0.364939 0.364935 0.364933 0.364943 0.364981 0.365013 0.365043 0.365048 0.365062 0.000000 0.000000
0.000000 0.000000 0.371167 0.371152 0.371133 0.371107 0.371062 0.371009 0.371015 0.371004 0.370998 0.370996 0.370997 0.370996 0.371048 0.371087 0.371110 0.371116 0.371128 0.000000 0.000000
0.000000 0.000000 0.377791 0.377770 0.377756 0.377727 0.377666 0.377617 0.377619 0.377612 0.377602 0.377606 0.377613 0.377611 0.377654 0.377704 0.377731 0.377738 0.377745 0.000000 0.000000
0.000000 0.000000 0.385221 0.385206 0.385192 0.385127 0.385088 0.385022 0.385039 0.385003 0.385008 0.385003 0.384991 0.385013 0.385058 0.385088 0.385127 0.385139 0.385170 0.000000 0.000000
0.000000 0.000000 0.393736 0.393705 0.393667 0.393635 0.393579 0.393499 0.393500 0.393493 0.393507 0.393475 0.393489 0.393489 0.393569 0.393613 0.393634 0.393643 0.393708 0.000000 0.000000
0.000000 0.000000 0.403226 0.403197 0.403187 0.403116 0.403069 0.402842 0.402843 0.402831 0.402760 0.402799 0.402807 0.402829 0.403000 0.403041 0.403122 0.403124 0.403148 0.000000 0.000000
0.000000 0.000000 0.414852 0.414840 0.414775 0.414730 0.414416 0.414492 0.414431 0.414431 0.414464 0.414428 0.414422 0.414397 0.414325 0.414662 0.414685 0.414760 0.414811 0.000000 0.000000
0.000000 0.000000 0.428699 0.428656 0.428585 0.428167 0.428286 0.428052 0.427980 0.427956 0.427871 0.427830 0.427877 0.427877 0.428094 0.427989 0.428536 0.428414 0.428405 0.000000 0.000000
0.000000 0.000000 0.443038 0.443007 0.442435 0.442694 0.442612 0.442617 0.442864 0.442795 0.442923 0.442893 0.442789 0.442929 0.442876 0.442944 0.442360 0.443209 0.443196 0.000000 0.000000
0.000000 0.000000 0.458645 0.457951 0.458206 0.457888 0.457543 0.457434 0.457196 0.457251 0.457012 0.457039 0.457178 0.457032 0.457220 0.457473 0.458163 0.457601 0.458320 0.000000 0.000000
0.000000 0.000000 0.462749 0.463273 0.463734 0.463722 0.463746 0.463290 0.463373 0.463237 0.463458 0.463411 0.463377 0.463451 0.463822 0.463807 0.463794 0.463428 0.462905 0.000000 0.000000
0.000000 0.000000 0.350000 0.350000 0.350000 0.350000 0.350000 0.350000 0.350000 0.350000 0.350000 0.350000 0.350000 0.350000 0.350000 0.350000 0.350000 0.350000 0.350000 0.000000 0.000000
0.000000 0.000000 0.000000 0.000000 0.000000 0.000000 0.000000 0.000000 0.000000 0.000000 0.000000 0.000000 0.000000 0.000000 0.000000 0.000000 0.000000 0.000000 0.000000 0.000000 0.000000