geotop/1.0zi/1.0Montebello/Templates/testdem/maps/_Eocsand1894.asc
ncols         21
nrows         20
xllcorner     100.000000
yllcorner     100.000000
cellsize      50.000000
NODATA_value  -9999.0
0.000000 0.000000 0.000000 0.000000 0.000000 0.000000 0.000000 0.000000 0.000000 0.000000 0.000000 0.000000 0.000000 0.000000 0.000000 0.000000 0.000000 0.000000 0.000000 0.000000 0.000000
0.000000 0.000000 0.300057 0.300057 0.300057 0.300057 0.300057 0.300057 0.300057 0.300057 0.300057 0.300057 0.300057 0.300057 0.300057 0.300057 0.300057 0.300057 0.300057 0.000000 0.000000
0.000000 0.000000 0.300008 0.300008 0.300009 0.300008 0.300008 0.300008 0.300008 0.300008 0.300008 0.300008 0.300008 0.300008 0.300008 0.300008 0.300009 0.300008 0.300008 0.000000 0.000000
0.000000 0.000000 0.298651 0.298652 0.298656 0.298654 0.298650 0.298651 0.298651 0.298650 0.298651 0.298650 0.298651 0.298651 0.298650 0.298654 0.298656 0.298652 0.298651 0.000000 0.000000
0.000000 0.000000 0.293365 0.293366 0.293370 0.293370 0.293363 0.293365 0.293365 0.293362 0.293362 0.293362 0.293365 0.293365 0.293363 0.293370 0.293370 0.293366 0.293365 0.000000 0.000000
0.000000 0.000000 0.287005 0.287006 0.287010 0.287010 0.287004 0.287006 0.287006 0.287004 0.287004 0.287004 0.287006 0.287006 0.287004 0.287010 0.287010 0.287006 0.287005 0.000000 0.000000
0.000000 0.000000 0.281068 0.281069 0.281072 0.281072 0.281067 0.281069 0.281068 0.281067 0.281067 0.281067 0.281068 0.281069 0.281067 0.281072 0.281072 0.281069 0.281068 0.000000 0.000000
0.000000 0.000000 0.275615 0.275615 0.275618 0.275618 0.275614 0.275615 0.275615 0.275614 0.275613 0.275614 0.275615 0.275615 0.275614 0.275618 0.275618 0.275615 0.275615 0.000000 0.000000
0.000000 0.000000 0.270513 0.270513 0.270516 0.270515 0.270512 0.270513 0.270513 0.270512 0.270511 0.270512 0.270513 0.270513 0.270512 0.270515 0.270516 0.270513 0.270513 0.000000 0.000000
0.000000 0.000000 0.265638 0.265639 0.265641 0.265641 0.265637 0.265638 0.265638 0.265637 0.265637 0.265637 0.265638 0.265638 0.265637 0.265641 0.265641 0.265639 0.265638 0.000000 0.000000
0.000000 0.000000 0.260938 0.260938 0.260941 0.260940 0.260937 0.260938 0.260938 0.260937 0.260937 0.260937 0.260938 0.260938 0.260937 0.260940 0.260941 0.260938 0.260938 0.000000 0.000000
0.000000 0.000000 0.256368 0.256369 0.256371 0.256371 0.256368 0.256369 0.256368 0.256367 0.256367 0.256367 0.256368 0.256369 0.256368 0.256371 0.256371 0.256369 0.256368 0.000000 0.000000
0.000000 0.000000 0.251898 0.251898 0.251901 0.251900 0.251897 0.251898 0.251898 0.251897 0.251897 0.251897 0.251898 0.251898 0.251897 0.251900 0.251901 0.251898 0.251898 0.000000 0.000000
0.000000 0.000000 0.247519 0.247519 0.247522 0.247521 0.247518 0.247519 0.247519 0.247518 0.247518 0.247518 0.247519 0.247519 0.247518 0.247521 0.247522 0.247519 0.247519 0.000000 0.000000
0.000000 0.000000 0.243210 0.243211 0.243213 0.243212 0.243210 0.243211 0.243210 0.243209 0.243209 0.243209 0.243210 0.243211 0.243210 0.243212 0.243213 0.243211 0.243210 0.000000 0.000000
0.000000 0.000000 0.238959 0.238960 0.238962 0.238962 0.238959 0.238960 0.238960 0.238958 0.238958 0.238958 0.238960 0.238960 0.238959 0.238962 0.238962 0.238960 0.238959 0.000000 0.000000
0.000000 0.000000 0.234768 0.234768 0.234771 0.234770 0.234767 0.234768 0.234768 0.234767 0.234767 0.234767 0.234768 0.234768 0.234767 0.234770 0.234771 0.234768 0.234768 0.000000 0.000000
0.000000 0.000000 0.230557 0.230557 0.230559 0.230559 0.230556 0.230557 0.230557 0.230556 0.230555 0.230556 0.230557 0.230557 0.230556 0.230559 0.230559 0.230557 0.230556 0.000000 0.000000
0.000000 0.000000 0.300000 0.300000 0.300000 0.300000 0.300000 0.300000 0.300000 0.300000 0.300000 0.300000 0.300000 0.300000 0.300000 0.300000 0.300000 0.300000 0.300000 0.000000 0.000000
0.000000 0.000000 0.000000 0.000000 0.000000 0.000000 0.000000 0.000000 0.000000 0.000000 0.000000 0.000000 0.000000 0.000000 0.000000 0.000000 0.000000 0.000000 0.000000 0.000000 0.000000