geotop/1.0zi/1.0Montebello/Templates/testdem/maps/_Eocsilt7949.asc
ncols         21
nrows         20
xllcorner     100.000000
yllcorner     100.000000
cellsize      50.000000
NODATA_value  -9999.0
0.000000 0.000000 0.000000 0.000000 0.000000 0.000000 0.000000 0.000000 0.000000 0.000000 0.000000 0.000000 0.000000 0.000000 0.000000 0.000000 0.000000 0.000000 0.000000 0.000000 0.000000
0.000000 0.000000 0.350165 0.350165 0.350166 0.350166 0.350165 0.350166 0.350166 0.350165 0.350166 0.350165 0.350165 0.350165 0.350165 0.350165 0.350166 0.350166 0.350165 0.000000 0.000000
0.000000 0.000000 0.350005 0.350005 0.350004 0.350004 0.350005 0.350005 0.350005 0.350005 0.350006 0.350006 0.350006 0.350006 0.350005 0.350005 0.350003 0.350003 0.350005 0.000000 0.000000
0.000000 0.000000 0.350103 0.350099 0.350098 0.350091 0.350093 0.350088 0.350091 0.350091 0.350088 0.350090 0.350090 0.350090 0.350092 0.350096 0.350099 0.350099 0.350100 0.000000 0.000000
0.000000 0.000000 0.351009 0.351014 0.351010 0.350998 0.350992 0.350985 0.350981 0.350979 0.350979 0.350979 0.350980 0.350982 0.350996 0.351001 0.351003 0.351014 0.351016 0.000000 0.000000
0.000000 0.000000 0.353620 0.353620 0.353609 0.353593 0.353574 0.353552 0.353551 0.353545 0.353549 0.353549 0.353551 0.353550 0.353562 0.353574 0.353587 0.353595 0.353600 0.000000 0.000000
0.000000 0.000000 0.357350 0.357345 0.357334 0.357308 0.357276 0.357242 0.357242 0.357238 0.357239 0.357237 0.357234 0.357240 0.357269 0.357296 0.357313 0.357328 0.357336 0.000000 0.000000
0.000000 0.000000 0.361770 0.361768 0.361761 0.361733 0.361703 0.361665 0.361665 0.361660 0.361659 0.361656 0.361654 0.361661 0.361694 0.361721 0.361747 0.361754 0.361766 0.000000 0.000000
0.000000 0.000000 0.366515 0.366506 0.366491 0.366472 0.366440 0.366397 0.366398 0.366389 0.366387 0.366384 0.366386 0.366385 0.366427 0.366461 0.366481 0.366492 0.366503 0.000000 0.000000
0.000000 0.000000 0.371489 0.371480 0.371471 0.371453 0.371407 0.371369 0.371369 0.371364 0.371358 0.371361 0.371366 0.371364 0.371399 0.371438 0.371461 0.371469 0.371477 0.000000 0.000000
0.000000 0.000000 0.376839 0.376832 0.376824 0.376783 0.376752 0.376707 0.376717 0.376693 0.376696 0.376694 0.376686 0.376701 0.376733 0.376758 0.376787 0.376804 0.376824 0.000000 0.000000
0.000000 0.000000 0.382746 0.382729 0.382710 0.382684 0.382648 0.382592 0.382589 0.382582 0.382595 0.382576 0.382581 0.382585 0.382642 0.382671 0.382692 0.382704 0.382753 0.000000 0.000000
0.000000 0.000000 0.389089 0.389072 0.389064 0.389028 0.388996 0.388855 0.388853 0.388844 0.388808 0.388826 0.388834 0.388847 0.388955 0.388985 0.389038 0.389045 0.389070 0.000000 0.000000
0.000000 0.000000 0.396455 0.396448 0.396418 0.396392 0.396220 0.396227 0.396191 0.396191 0.396199 0.396190 0.396185 0.396178 0.396167 0.396346 0.396377 0.396425 0.396460 0.000000 0.000000
0.000000 0.000000 0.405068 0.405051 0.405015 0.404799 0.404808 0.404700 0.404650 0.404637 0.404602 0.404575 0.404598 0.404593 0.404698 0.404703 0.404987 0.404947 0.404955 0.000000 0.000000
0.000000 0.000000 0.414506 0.414489 0.414181 0.414248 0.414226 0.414191 0.414300 0.414262 0.414319 0.414295 0.414247 0.414323 0.414336 0.414354 0.414152 0.414588 0.414582 0.000000 0.000000
0.000000 0.000000 0.426169 0.425685 0.425756 0.425579 0.425337 0.425265 0.425144 0.425171 0.425033 0.425043 0.425120 0.425047 0.425169 0.425348 0.425736 0.425516 0.426015 0.000000 0.000000
0.000000 0.000000 0.431029 0.431444 0.431865 0.431852 0.431853 0.431450 0.431505 0.431391 0.431568 0.431530 0.431508 0.431567 0.431908 0.431907 0.431940 0.431597 0.431191 0.000000 0.000000
0.000000 0.000000 0.350000 0.350000 0.350000 0.350000 0.350000 0.350000 0.350000 0.350000 0.350000 0.350000 0.350000 0.350000 0.350000 0.350000 0.350000 0.350000 0.350000 0.000000 0.000000
0.000000 0.000000 0.000000 0.000000 0.000000 0.000000 0.000000 0.000000 0.000000 0.000000 0.000000 0.000000 0.000000 0.000000 0.000000 0.000000 0.000000 0.000000 0.000000 0.000000 0.000000