geotop/1.0zi/1.0Montebello/Templates/testdem/maps/_Eocclay2568.asc
ncols         21
nrows         20
xllcorner     100.000000
yllcorner     100.000000
cellsize      50.000000
NODATA_value  -9999.0
0.000000 0.000000 0.000000 0.000000 0.000000 0.000000 0.000000 0.000000 0.000000 0.000000 0.000000 0.000000 0.000000 0.000000 0.000000 0.000000 0.000000 0.000000 0.000000 0.000000 0.000000
0.000000 0.000000 0.349863 0.349863 0.349863 0.349863 0.349863 0.349863 0.349863 0.349863 0.349862 0.349863 0.349863 0.349863 0.349863 0.349863 0.349863 0.349863 0.349863 0.000000 0.000000
0.000000 0.000000 0.349990 0.349990 0.349989 0.349990 0.349990 0.349990 0.349990 0.349990 0.349990 0.349990 0.349990 0.349990 0.349990 0.349990 0.349989 0.349990 0.349990 0.000000 0.000000
0.000000 0.000000 0.350800 0.350800 0.350798 0.350799 0.350800 0.350800 0.350800 0.350800 0.350800 0.350800 0.350800 0.350800 0.350800 0.350799 0.350798 0.350800 0.350800 0.000000 0.000000
0.000000 0.000000 0.354494 0.354493 0.354491 0.354491 0.354495 0.354493 0.354494 0.354495 0.354495 0.354495 0.354494 0.354493 0.354495 0.354491 0.354491 0.354493 0.354494 0.000000 0.000000
0.000000 0.000000 0.358753 0.358752 0.358750 0.358751 0.358753 0.358752 0.358752 0.358753 0.358754 0.358753 0.358752 0.358752 0.358753 0.358751 0.358750 0.358752 0.358753 0.000000 0.000000
0.000000 0.000000 0.362792 0.362792 0.362790 0.362791 0.362793 0.362792 0.362792 0.362793 0.362793 0.362793 0.362792 0.362792 0.362793 0.362791 0.362790 0.362792 0.362792 0.000000 0.000000
0.000000 0.000000 0.366501 0.366501 0.366499 0.366500 0.366501 0.366501 0.366501 0.366502 0.366502 0.366502 0.366501 0.366501 0.366501 0.366500 0.366499 0.366501 0.366501 0.000000 0.000000
0.000000 0.000000 0.369958 0.369958 0.369956 0.369957 0.369958 0.369958 0.369958 0.369958 0.369959 0.369958 0.369958 0.369958 0.369958 0.369957 0.369956 0.369958 0.369958 0.000000 0.000000
0.000000 0.000000 0.373241 0.373241 0.373240 0.373240 0.373242 0.373241 0.373241 0.373242 0.373242 0.373242 0.373241 0.373241 0.373242 0.373240 0.373240 0.373241 0.373241 0.000000 0.000000
0.000000 0.000000 0.376391 0.376390 0.376389 0.376390 0.376391 0.376391 0.376391 0.376391 0.376391 0.376391 0.376391 0.376391 0.376391 0.376390 0.376389 0.376390 0.376391 0.000000 0.000000
0.000000 0.000000 0.379435 0.379435 0.379433 0.379434 0.379435 0.379435 0.379435 0.379435 0.379436 0.379435 0.379435 0.379435 0.379435 0.379434 0.379433 0.379435 0.379435 0.000000 0.000000
0.000000 0.000000 0.382395 0.382395 0.382394 0.382394 0.382396 0.382395 0.382395 0.382396 0.382396 0.382396 0.382395 0.382395 0.382396 0.382394 0.382394 0.382395 0.382395 0.000000 0.000000
0.000000 0.000000 0.385287 0.385287 0.385285 0.385286 0.385287 0.385287 0.385287 0.385287 0.385288 0.385287 0.385287 0.385287 0.385287 0.385286 0.385285 0.385287 0.385287 0.000000 0.000000
0.000000 0.000000 0.388120 0.388119 0.388118 0.388119 0.388120 0.388119 0.388119 0.388120 0.388120 0.388120 0.388119 0.388119 0.388120 0.388119 0.388118 0.388119 0.388120 0.000000 0.000000
0.000000 0.000000 0.390898 0.390898 0.390897 0.390897 0.390899 0.390898 0.390898 0.390899 0.390899 0.390899 0.390898 0.390898 0.390899 0.390897 0.390897 0.390898 0.390898 0.000000 0.000000
0.000000 0.000000 0.393626 0.393626 0.393625 0.393626 0.393627 0.393626 0.393626 0.393627 0.393627 0.393627 0.393626 0.393626 0.393627 0.393626 0.393625 0.393626 0.393626 0.000000 0.000000
0.000000 0.000000 0.396345 0.396345 0.396344 0.396344 0.396345 0.396345 0.396345 0.396346 0.396346 0.396346 0.396345 0.396345 0.396345 0.396344 0.396344 0.396345 0.396345 0.000000 0.000000
0.000000 0.000000 0.350000 0.350000 0.350000 0.350000 0.350000 0.350000 0.350000 0.350000 0.350000 0.350000 0.350000 0.350000 0.350000 0.350000 0.350000 0.350000 0.350000 0.000000 0.000000
0.000000 0.000000 0.000000 0.000000 0.000000 0.000000 0.000000 0.000000 0.000000 0.000000 0.000000 0.000000 0.000000 0.000000 0.000000 0.000000 0.000000 0.000000 0.000000 0.000000 0.000000