geotop/1.0zi/1.0Montebello/Templates/testdem/maps/_Eocclay7988.asc
ncols         21
nrows         20
xllcorner     100.000000
yllcorner     100.000000
cellsize      50.000000
NODATA_value  -9999.0
0.000000 0.000000 0.000000 0.000000 0.000000 0.000000 0.000000 0.000000 0.000000 0.000000 0.000000 0.000000 0.000000 0.000000 0.000000 0.000000 0.000000 0.000000 0.000000 0.000000 0.000000
0.000000 0.000000 0.349630 0.349632 0.349631 0.349631 0.349632 0.349632 0.349632 0.349632 0.349631 0.349632 0.349632 0.349632 0.349632 0.349632 0.349630 0.349631 0.349631 0.000000 0.000000
0.000000 0.000000 0.349984 0.349983 0.349984 0.349985 0.349983 0.349983 0.349983 0.349983 0.349983 0.349982 0.349983 0.349982 0.349983 0.349984 0.349985 0.349984 0.349982 0.000000 0.000000
0.000000 0.000000 0.350003 0.350008 0.350004 0.350003 0.350006 0.350003 0.350005 0.350003 0.350006 0.350004 0.350004 0.350002 0.350004 0.350006 0.350005 0.350008 0.350007 0.000000 0.000000
0.000000 0.000000 0.351000 0.350996 0.350992 0.350988 0.350972 0.350970 0.350967 0.350970 0.350966 0.350967 0.350963 0.350967 0.350977 0.350978 0.350987 0.350989 0.350995 0.000000 0.000000
0.000000 0.000000 0.353805 0.353804 0.353791 0.353762 0.353747 0.353722 0.353723 0.353716 0.353720 0.353719 0.353722 0.353723 0.353734 0.353754 0.353770 0.353784 0.353790 0.000000 0.000000
0.000000 0.000000 0.357664 0.357660 0.357651 0.357626 0.357595 0.357556 0.357555 0.357549 0.357551 0.357551 0.357551 0.357552 0.357586 0.357615 0.357632 0.357645 0.357653 0.000000 0.000000
0.000000 0.000000 0.362234 0.362231 0.362222 0.362192 0.362161 0.362119 0.362119 0.362114 0.362114 0.362111 0.362108 0.362117 0.362152 0.362179 0.362205 0.362214 0.362226 0.000000 0.000000
0.000000 0.000000 0.367069 0.367061 0.367047 0.367028 0.366995 0.366952 0.366955 0.366945 0.366942 0.366940 0.366941 0.366940 0.366982 0.367016 0.367037 0.367046 0.367056 0.000000 0.000000
0.000000 0.000000 0.372182 0.372172 0.372164 0.372145 0.372097 0.372058 0.372058 0.372053 0.372047 0.372050 0.372056 0.372053 0.372089 0.372129 0.372154 0.372162 0.372169 0.000000 0.000000
0.000000 0.000000 0.377741 0.377734 0.377724 0.377684 0.377650 0.377604 0.377613 0.377588 0.377592 0.377590 0.377581 0.377598 0.377631 0.377656 0.377687 0.377703 0.377724 0.000000 0.000000
0.000000 0.000000 0.383887 0.383870 0.383850 0.383824 0.383786 0.383729 0.383725 0.383718 0.383731 0.383710 0.383716 0.383719 0.383779 0.383809 0.383831 0.383843 0.383894 0.000000 0.000000
0.000000 0.000000 0.390519 0.390502 0.390494 0.390456 0.390423 0.390274 0.390272 0.390263 0.390225 0.390244 0.390253 0.390267 0.390380 0.390411 0.390468 0.390474 0.390500 0.000000 0.000000
0.000000 0.000000 0.398264 0.398259 0.398227 0.398200 0.398015 0.398025 0.397986 0.397986 0.397996 0.397986 0.397981 0.397973 0.397960 0.398151 0.398184 0.398234 0.398270 0.000000 0.000000
0.000000 0.000000 0.407373 0.407355 0.407316 0.407084 0.407098 0.406982 0.406927 0.406914 0.406876 0.406848 0.406873 0.406868 0.406981 0.406982 0.407287 0.407243 0.407250 0.000000 0.000000
0.000000 0.000000 0.417399 0.417383 0.417047 0.417128 0.417102 0.417067 0.417188 0.417148 0.417211 0.417185 0.417132 0.417215 0.417226 0.417245 0.417017 0.417493 0.417486 0.000000 0.000000
0.000000 0.000000 0.429942 0.429407 0.429496 0.429299 0.429030 0.428952 0.428814 0.428846 0.428691 0.428703 0.428790 0.428706 0.428840 0.429039 0.429475 0.429215 0.429768 0.000000 0.000000
0.000000 0.000000 0.434896 0.435385 0.435856 0.435850 0.435861 0.435411 0.435478 0.435349 0.435553 0.435510 0.435483 0.435551 0.435930 0.435921 0.435942 0.435562 0.435084 0.000000 0.000000
0.000000 0.000000 0.350000 0.350000 0.350000 0.350000 0.350000 0.350000 0.350000 0.350000 0.350000 0.350000 0.350000 0.350000 0.350000 0.350000 0.350000 0.350000 0.350000 0.000000 0.000000
0.000000 0.000000 0.000000 0.000000 0.000000 0.000000 0.000000 0.000000 0.000000 0.000000 0.000000 0.000000 0.000000 0.000000 0.000000 0.000000 0.000000 0.000000 0.000000 0.000000 0.000000