geotop/1.0zi/1.0Montebello/Templates/testdem/maps/_Eocsilt008i.asc
ncols         21
nrows         20
xllcorner     100.000000
yllcorner     100.000000
cellsize      50.000000
NODATA_value  -9999.0
0.000000 0.000000 0.000000 0.000000 0.000000 0.000000 0.000000 0.000000 0.000000 0.000000 0.000000 0.000000 0.000000 0.000000 0.000000 0.000000 0.000000 0.000000 0.000000 0.000000 0.000000
0.000000 0.000000 0.350214 0.350214 0.350215 0.350215 0.350214 0.350214 0.350214 0.350214 0.350214 0.350214 0.350214 0.350214 0.350214 0.350214 0.350215 0.350215 0.350214 0.000000 0.000000
0.000000 0.000000 0.350008 0.350008 0.350008 0.350007 0.350009 0.350008 0.350008 0.350008 0.350009 0.350008 0.350009 0.350009 0.350008 0.350007 0.350006 0.350006 0.350007 0.000000 0.000000
0.000000 0.000000 0.350154 0.350152 0.350144 0.350141 0.350140 0.350135 0.350138 0.350139 0.350136 0.350140 0.350141 0.350141 0.350143 0.350146 0.350152 0.350153 0.350154 0.000000 0.000000
0.000000 0.000000 0.351556 0.351563 0.351552 0.351528 0.351519 0.351512 0.351515 0.351512 0.351511 0.351514 0.351519 0.351518 0.351531 0.351541 0.351544 0.351551 0.351554 0.000000 0.000000
0.000000 0.000000 0.355392 0.355386 0.355369 0.355339 0.355304 0.355277 0.355275 0.355271 0.355270 0.355271 0.355276 0.355273 0.355292 0.355317 0.355329 0.355338 0.355344 0.000000 0.000000
0.000000 0.000000 0.360816 0.360805 0.360786 0.360744 0.360701 0.360645 0.360647 0.360645 0.360638 0.360637 0.360635 0.360639 0.360685 0.360718 0.360740 0.360756 0.360763 0.000000 0.000000
0.000000 0.000000 0.367264 0.367251 0.367233 0.367185 0.367138 0.367087 0.367088 0.367083 0.367075 0.367072 0.367070 0.367078 0.367121 0.367161 0.367195 0.367202 0.367215 0.000000 0.000000
0.000000 0.000000 0.374410 0.374391 0.374363 0.374323 0.374269 0.374205 0.374211 0.374201 0.374190 0.374188 0.374192 0.374188 0.374251 0.374297 0.374324 0.374337 0.374349 0.000000 0.000000
0.000000 0.000000 0.382345 0.382319 0.382295 0.382252 0.382193 0.382127 0.382128 0.382121 0.382105 0.382111 0.382118 0.382115 0.382166 0.382226 0.382257 0.382270 0.382275 0.000000 0.000000
0.000000 0.000000 0.391424 0.391402 0.391379 0.391286 0.391258 0.391169 0.391188 0.391146 0.391146 0.391140 0.391126 0.391149 0.391207 0.391245 0.391290 0.391306 0.391344 0.000000 0.000000
0.000000 0.000000 0.402111 0.402064 0.402006 0.401960 0.401911 0.401798 0.401794 0.401794 0.401802 0.401764 0.401783 0.401776 0.401880 0.401940 0.401963 0.401979 0.402055 0.000000 0.000000
0.000000 0.000000 0.414195 0.414153 0.414138 0.414047 0.413986 0.413681 0.413676 0.413659 0.413545 0.413614 0.413619 0.413645 0.413874 0.413923 0.414036 0.414042 0.414055 0.000000 0.000000
0.000000 0.000000 0.429037 0.429021 0.428916 0.428854 0.428428 0.428594 0.428503 0.428508 0.428569 0.428504 0.428495 0.428446 0.428300 0.428764 0.428774 0.428883 0.428946 0.000000 0.000000
0.000000 0.000000 0.444905 0.444860 0.444787 0.444281 0.444514 0.444189 0.444126 0.444096 0.443972 0.443941 0.443995 0.444004 0.444290 0.444065 0.444716 0.444559 0.444530 0.000000 0.000000
0.000000 0.000000 0.457339 0.457317 0.456890 0.457091 0.457013 0.457022 0.457204 0.457156 0.457250 0.457233 0.457155 0.457253 0.457203 0.457276 0.456819 0.457459 0.457449 0.000000 0.000000
0.000000 0.000000 0.466285 0.466104 0.466046 0.466018 0.465904 0.465886 0.465873 0.465875 0.465837 0.465840 0.465856 0.465844 0.465874 0.465964 0.466017 0.466058 0.466242 0.000000 0.000000
0.000000 0.000000 0.471787 0.471581 0.471654 0.471561 0.471441 0.471384 0.471327 0.471334 0.471277 0.471283 0.471319 0.471284 0.471359 0.471450 0.471635 0.471489 0.471700 0.000000 0.000000
0.000000 0.000000 0.350000 0.350000 0.350000 0.350000 0.350000 0.350000 0.350000 0.350000 0.350000 0.350000 0.350000 0.350000 0.350000 0.350000 0.350000 0.350000 0.350000 0.000000 0.000000
0.000000 0.000000 0.000000 0.000000 0.000000 0.000000 0.000000 0.000000 0.000000 0.000000 0.000000 0.000000 0.000000 0.000000 0.000000 0.000000 0.000000 0.000000 0.000000 0.000000 0.000000