geotop/1.0zi/1.0Montebello/Templates/testdem/maps/_Eocsilt3204.asc
ncols         21
nrows         20
xllcorner     100.000000
yllcorner     100.000000
cellsize      50.000000
NODATA_value  -9999.0
0.000000 0.000000 0.000000 0.000000 0.000000 0.000000 0.000000 0.000000 0.000000 0.000000 0.000000 0.000000 0.000000 0.000000 0.000000 0.000000 0.000000 0.000000 0.000000 0.000000 0.000000
0.000000 0.000000 0.350088 0.350088 0.350088 0.350088 0.350088 0.350088 0.350088 0.350088 0.350087 0.350088 0.350088 0.350088 0.350088 0.350088 0.350088 0.350088 0.350088 0.000000 0.000000
0.000000 0.000000 0.349994 0.349994 0.349994 0.349994 0.349994 0.349994 0.349994 0.349994 0.349995 0.349994 0.349994 0.349994 0.349994 0.349994 0.349994 0.349994 0.349994 0.000000 0.000000
0.000000 0.000000 0.351307 0.351306 0.351304 0.351305 0.351307 0.351307 0.351307 0.351307 0.351307 0.351307 0.351307 0.351307 0.351307 0.351305 0.351304 0.351306 0.351307 0.000000 0.000000
0.000000 0.000000 0.355921 0.355920 0.355918 0.355919 0.355921 0.355920 0.355920 0.355921 0.355922 0.355921 0.355920 0.355920 0.355921 0.355919 0.355918 0.355920 0.355921 0.000000 0.000000
0.000000 0.000000 0.361530 0.361529 0.361528 0.361528 0.361530 0.361529 0.361530 0.361530 0.361531 0.361530 0.361530 0.361529 0.361530 0.361528 0.361528 0.361529 0.361530 0.000000 0.000000
0.000000 0.000000 0.366606 0.366605 0.366604 0.366604 0.366606 0.366605 0.366605 0.366606 0.366606 0.366606 0.366605 0.366605 0.366606 0.366604 0.366604 0.366605 0.366606 0.000000 0.000000
0.000000 0.000000 0.371194 0.371193 0.371192 0.371192 0.371194 0.371193 0.371193 0.371194 0.371194 0.371194 0.371193 0.371193 0.371194 0.371192 0.371192 0.371193 0.371194 0.000000 0.000000
0.000000 0.000000 0.375430 0.375430 0.375429 0.375429 0.375430 0.375430 0.375430 0.375430 0.375431 0.375430 0.375430 0.375430 0.375430 0.375429 0.375429 0.375430 0.375430 0.000000 0.000000
0.000000 0.000000 0.379417 0.379417 0.379416 0.379416 0.379417 0.379417 0.379417 0.379418 0.379418 0.379418 0.379417 0.379417 0.379417 0.379416 0.379416 0.379417 0.379417 0.000000 0.000000
0.000000 0.000000 0.383205 0.383204 0.383203 0.383203 0.383205 0.383204 0.383204 0.383205 0.383205 0.383205 0.383204 0.383204 0.383205 0.383203 0.383203 0.383204 0.383205 0.000000 0.000000
0.000000 0.000000 0.386828 0.386828 0.386827 0.386827 0.386828 0.386828 0.386828 0.386828 0.386829 0.386828 0.386828 0.386828 0.386828 0.386827 0.386827 0.386828 0.386828 0.000000 0.000000
0.000000 0.000000 0.390315 0.390314 0.390313 0.390314 0.390315 0.390314 0.390314 0.390315 0.390315 0.390315 0.390314 0.390314 0.390315 0.390314 0.390313 0.390314 0.390315 0.000000 0.000000
0.000000 0.000000 0.393693 0.393693 0.393692 0.393692 0.393694 0.393693 0.393693 0.393694 0.393694 0.393694 0.393693 0.393693 0.393694 0.393692 0.393692 0.393693 0.393693 0.000000 0.000000
0.000000 0.000000 0.396972 0.396972 0.396971 0.396971 0.396972 0.396972 0.396972 0.396972 0.396973 0.396972 0.396972 0.396972 0.396972 0.396971 0.396971 0.396972 0.396972 0.000000 0.000000
0.000000 0.000000 0.400157 0.400156 0.400155 0.400156 0.400157 0.400156 0.400156 0.400157 0.400157 0.400157 0.400156 0.400156 0.400157 0.400156 0.400155 0.400156 0.400157 0.000000 0.000000
0.000000 0.000000 0.403257 0.403257 0.403256 0.403256 0.403257 0.403257 0.403257 0.403257 0.403258 0.403257 0.403257 0.403257 0.403257 0.403256 0.403256 0.403257 0.403257 0.000000 0.000000
0.000000 0.000000 0.406336 0.406336 0.406335 0.406336 0.406337 0.406336 0.406336 0.406337 0.406337 0.406337 0.406336 0.406336 0.406337 0.406336 0.406335 0.406336 0.406337 0.000000 0.000000
0.000000 0.000000 0.350000 0.350000 0.350000 0.350000 0.350000 0.350000 0.350000 0.350000 0.350000 0.350000 0.350000 0.350000 0.350000 0.350000 0.350000 0.350000 0.350000 0.000000 0.000000
0.000000 0.000000 0.000000 0.000000 0.000000 0.000000 0.000000 0.000000 0.000000 0.000000 0.000000 0.000000 0.000000 0.000000 0.000000 0.000000 0.000000 0.000000 0.000000 0.000000 0.000000