geotop/1.0zi/1.0Montebello/Templates/testdem/maps/_Eocsilt0590.asc
ncols         21
nrows         20
xllcorner     100.000000
yllcorner     100.000000
cellsize      50.000000
NODATA_value  -9999.0
0.000000 0.000000 0.000000 0.000000 0.000000 0.000000 0.000000 0.000000 0.000000 0.000000 0.000000 0.000000 0.000000 0.000000 0.000000 0.000000 0.000000 0.000000 0.000000 0.000000 0.000000
0.000000 0.000000 0.350011 0.350011 0.350011 0.350011 0.350011 0.350011 0.350011 0.350011 0.350011 0.350011 0.350011 0.350011 0.350011 0.350011 0.350011 0.350011 0.350011 0.000000 0.000000
0.000000 0.000000 0.349998 0.349997 0.349997 0.349997 0.349998 0.349998 0.349998 0.349998 0.349998 0.349998 0.349998 0.349998 0.349998 0.349997 0.349997 0.349997 0.349998 0.000000 0.000000
0.000000 0.000000 0.350283 0.350283 0.350281 0.350283 0.350283 0.350283 0.350283 0.350283 0.350283 0.350283 0.350283 0.350283 0.350283 0.350283 0.350281 0.350283 0.350283 0.000000 0.000000
0.000000 0.000000 0.351178 0.351179 0.351176 0.351178 0.351179 0.351179 0.351179 0.351179 0.351179 0.351179 0.351179 0.351179 0.351179 0.351178 0.351176 0.351179 0.351178 0.000000 0.000000
0.000000 0.000000 0.352178 0.352178 0.352176 0.352178 0.352178 0.352178 0.352178 0.352178 0.352178 0.352178 0.352178 0.352178 0.352178 0.352178 0.352176 0.352178 0.352178 0.000000 0.000000
0.000000 0.000000 0.353096 0.353096 0.353095 0.353096 0.353096 0.353096 0.353096 0.353096 0.353096 0.353096 0.353096 0.353096 0.353096 0.353096 0.353095 0.353096 0.353096 0.000000 0.000000
0.000000 0.000000 0.353950 0.353950 0.353948 0.353950 0.353950 0.353950 0.353950 0.353950 0.353950 0.353950 0.353950 0.353950 0.353950 0.353950 0.353948 0.353950 0.353950 0.000000 0.000000
0.000000 0.000000 0.354757 0.354757 0.354756 0.354757 0.354757 0.354757 0.354757 0.354757 0.354757 0.354757 0.354757 0.354757 0.354757 0.354757 0.354756 0.354757 0.354757 0.000000 0.000000
0.000000 0.000000 0.355537 0.355537 0.355535 0.355537 0.355537 0.355537 0.355537 0.355537 0.355537 0.355537 0.355537 0.355537 0.355537 0.355537 0.355535 0.355537 0.355537 0.000000 0.000000
0.000000 0.000000 0.356296 0.356296 0.356295 0.356296 0.356296 0.356296 0.356296 0.356296 0.356296 0.356296 0.356296 0.356296 0.356296 0.356296 0.356295 0.356296 0.356296 0.000000 0.000000
0.000000 0.000000 0.357041 0.357041 0.357040 0.357041 0.357041 0.357041 0.357041 0.357041 0.357041 0.357041 0.357041 0.357041 0.357041 0.357041 0.357040 0.357041 0.357041 0.000000 0.000000
0.000000 0.000000 0.357773 0.357773 0.357772 0.357773 0.357774 0.357774 0.357774 0.357774 0.357774 0.357774 0.357774 0.357774 0.357774 0.357773 0.357772 0.357773 0.357773 0.000000 0.000000
0.000000 0.000000 0.358496 0.358496 0.358494 0.358496 0.358496 0.358496 0.358496 0.358496 0.358496 0.358496 0.358496 0.358496 0.358496 0.358496 0.358494 0.358496 0.358496 0.000000 0.000000
0.000000 0.000000 0.359212 0.359212 0.359210 0.359211 0.359212 0.359212 0.359212 0.359212 0.359212 0.359212 0.359212 0.359212 0.359212 0.359211 0.359210 0.359212 0.359212 0.000000 0.000000
0.000000 0.000000 0.359925 0.359925 0.359923 0.359924 0.359925 0.359925 0.359925 0.359925 0.359925 0.359925 0.359925 0.359925 0.359925 0.359924 0.359923 0.359925 0.359925 0.000000 0.000000
0.000000 0.000000 0.360631 0.360631 0.360629 0.360631 0.360631 0.360631 0.360631 0.360631 0.360631 0.360631 0.360631 0.360631 0.360631 0.360631 0.360629 0.360631 0.360631 0.000000 0.000000
0.000000 0.000000 0.361344 0.361344 0.361343 0.361344 0.361345 0.361345 0.361345 0.361345 0.361345 0.361345 0.361345 0.361345 0.361345 0.361344 0.361343 0.361344 0.361344 0.000000 0.000000
0.000000 0.000000 0.350000 0.350000 0.350000 0.350000 0.350000 0.350000 0.350000 0.350000 0.350000 0.350000 0.350000 0.350000 0.350000 0.350000 0.350000 0.350000 0.350000 0.000000 0.000000
0.000000 0.000000 0.000000 0.000000 0.000000 0.000000 0.000000 0.000000 0.000000 0.000000 0.000000 0.000000 0.000000 0.000000 0.000000 0.000000 0.000000 0.000000 0.000000 0.000000 0.000000