geotop/1.0zi/1.0Montebello/Templates/testdem/maps/_Eocclay2522.asc
ncols         21
nrows         20
xllcorner     100.000000
yllcorner     100.000000
cellsize      50.000000
NODATA_value  -9999.0
0.000000 0.000000 0.000000 0.000000 0.000000 0.000000 0.000000 0.000000 0.000000 0.000000 0.000000 0.000000 0.000000 0.000000 0.000000 0.000000 0.000000 0.000000 0.000000 0.000000 0.000000
0.000000 0.000000 0.349866 0.349866 0.349866 0.349866 0.349866 0.349866 0.349866 0.349866 0.349866 0.349866 0.349866 0.349866 0.349866 0.349866 0.349866 0.349866 0.349866 0.000000 0.000000
0.000000 0.000000 0.349990 0.349990 0.349989 0.349990 0.349990 0.349990 0.349990 0.349990 0.349990 0.349990 0.349990 0.349990 0.349990 0.349990 0.349989 0.349990 0.349990 0.000000 0.000000
0.000000 0.000000 0.350779 0.350779 0.350777 0.350778 0.350779 0.350779 0.350779 0.350779 0.350779 0.350779 0.350779 0.350779 0.350779 0.350778 0.350777 0.350779 0.350779 0.000000 0.000000
0.000000 0.000000 0.354402 0.354401 0.354399 0.354400 0.354403 0.354402 0.354402 0.354404 0.354404 0.354404 0.354402 0.354402 0.354403 0.354400 0.354399 0.354401 0.354402 0.000000 0.000000
0.000000 0.000000 0.358560 0.358560 0.358558 0.358558 0.358561 0.358560 0.358560 0.358561 0.358561 0.358561 0.358560 0.358560 0.358561 0.358558 0.358558 0.358560 0.358560 0.000000 0.000000
0.000000 0.000000 0.362509 0.362509 0.362507 0.362508 0.362510 0.362509 0.362509 0.362510 0.362510 0.362510 0.362509 0.362509 0.362510 0.362508 0.362507 0.362509 0.362509 0.000000 0.000000
0.000000 0.000000 0.366138 0.366138 0.366137 0.366137 0.366139 0.366138 0.366138 0.366139 0.366139 0.366139 0.366138 0.366138 0.366139 0.366137 0.366137 0.366138 0.366138 0.000000 0.000000
0.000000 0.000000 0.369524 0.369523 0.369522 0.369523 0.369524 0.369524 0.369524 0.369524 0.369525 0.369524 0.369524 0.369524 0.369524 0.369523 0.369522 0.369523 0.369524 0.000000 0.000000
0.000000 0.000000 0.372742 0.372742 0.372741 0.372741 0.372742 0.372742 0.372742 0.372743 0.372743 0.372743 0.372742 0.372742 0.372742 0.372741 0.372741 0.372742 0.372742 0.000000 0.000000
0.000000 0.000000 0.375831 0.375830 0.375829 0.375830 0.375831 0.375830 0.375831 0.375831 0.375831 0.375831 0.375831 0.375830 0.375831 0.375830 0.375829 0.375830 0.375831 0.000000 0.000000
0.000000 0.000000 0.378818 0.378817 0.378816 0.378817 0.378818 0.378817 0.378817 0.378818 0.378818 0.378818 0.378817 0.378817 0.378818 0.378817 0.378816 0.378817 0.378818 0.000000 0.000000
0.000000 0.000000 0.381724 0.381723 0.381722 0.381723 0.381724 0.381723 0.381723 0.381724 0.381724 0.381724 0.381723 0.381723 0.381724 0.381723 0.381722 0.381723 0.381724 0.000000 0.000000
0.000000 0.000000 0.384563 0.384563 0.384562 0.384562 0.384564 0.384563 0.384563 0.384564 0.384564 0.384564 0.384563 0.384563 0.384564 0.384562 0.384562 0.384563 0.384563 0.000000 0.000000
0.000000 0.000000 0.387347 0.387347 0.387346 0.387346 0.387347 0.387347 0.387347 0.387348 0.387348 0.387348 0.387347 0.387347 0.387347 0.387346 0.387346 0.387347 0.387347 0.000000 0.000000
0.000000 0.000000 0.390080 0.390079 0.390078 0.390079 0.390080 0.390079 0.390079 0.390080 0.390080 0.390080 0.390079 0.390079 0.390080 0.390079 0.390078 0.390079 0.390080 0.000000 0.000000
0.000000 0.000000 0.392763 0.392763 0.392762 0.392762 0.392764 0.392763 0.392763 0.392764 0.392764 0.392764 0.392763 0.392763 0.392764 0.392762 0.392762 0.392763 0.392763 0.000000 0.000000
0.000000 0.000000 0.395439 0.395439 0.395438 0.395439 0.395440 0.395439 0.395439 0.395440 0.395440 0.395440 0.395439 0.395439 0.395440 0.395439 0.395438 0.395439 0.395439 0.000000 0.000000
0.000000 0.000000 0.350000 0.350000 0.350000 0.350000 0.350000 0.350000 0.350000 0.350000 0.350000 0.350000 0.350000 0.350000 0.350000 0.350000 0.350000 0.350000 0.350000 0.000000 0.000000
0.000000 0.000000 0.000000 0.000000 0.000000 0.000000 0.000000 0.000000 0.000000 0.000000 0.000000 0.000000 0.000000 0.000000 0.000000 0.000000 0.000000 0.000000 0.000000 0.000000 0.000000