geotop/1.0zi/1.0Montebello/Templates/testdem/maps/_Eocclay6792.asc
ncols         21
nrows         20
xllcorner     100.000000
yllcorner     100.000000
cellsize      50.000000
NODATA_value  -9999.0
0.000000 0.000000 0.000000 0.000000 0.000000 0.000000 0.000000 0.000000 0.000000 0.000000 0.000000 0.000000 0.000000 0.000000 0.000000 0.000000 0.000000 0.000000 0.000000 0.000000 0.000000
0.000000 0.000000 0.349697 0.349698 0.349699 0.349697 0.349699 0.349699 0.349698 0.349699 0.349697 0.349699 0.349699 0.349698 0.349699 0.349699 0.349697 0.349697 0.349698 0.000000 0.000000
0.000000 0.000000 0.349988 0.349988 0.349988 0.349989 0.349987 0.349987 0.349987 0.349987 0.349987 0.349987 0.349988 0.349986 0.349988 0.349988 0.349989 0.349989 0.349986 0.000000 0.000000
0.000000 0.000000 0.349979 0.349984 0.349981 0.349981 0.349982 0.349983 0.349984 0.349980 0.349985 0.349983 0.349983 0.349982 0.349982 0.349984 0.349982 0.349984 0.349983 0.000000 0.000000
0.000000 0.000000 0.350657 0.350656 0.350653 0.350650 0.350637 0.350636 0.350635 0.350637 0.350635 0.350636 0.350631 0.350634 0.350642 0.350642 0.350647 0.350648 0.350655 0.000000 0.000000
0.000000 0.000000 0.352684 0.352683 0.352673 0.352649 0.352640 0.352620 0.352621 0.352615 0.352619 0.352620 0.352622 0.352622 0.352629 0.352645 0.352656 0.352668 0.352674 0.000000 0.000000
0.000000 0.000000 0.355634 0.355631 0.355625 0.355605 0.355581 0.355550 0.355549 0.355544 0.355546 0.355548 0.355548 0.355548 0.355573 0.355598 0.355610 0.355620 0.355628 0.000000 0.000000
0.000000 0.000000 0.359170 0.359169 0.359162 0.359138 0.359114 0.359081 0.359081 0.359078 0.359078 0.359076 0.359074 0.359081 0.359107 0.359129 0.359149 0.359155 0.359167 0.000000 0.000000
0.000000 0.000000 0.362834 0.362830 0.362818 0.362804 0.362780 0.362747 0.362749 0.362741 0.362739 0.362739 0.362739 0.362738 0.362769 0.362798 0.362812 0.362818 0.362828 0.000000 0.000000
0.000000 0.000000 0.366610 0.366602 0.366597 0.366584 0.366548 0.366518 0.366519 0.366515 0.366510 0.366514 0.366519 0.366515 0.366542 0.366574 0.366592 0.366596 0.366604 0.000000 0.000000
0.000000 0.000000 0.370598 0.370593 0.370587 0.370560 0.370536 0.370501 0.370509 0.370490 0.370492 0.370493 0.370487 0.370498 0.370521 0.370541 0.370562 0.370573 0.370590 0.000000 0.000000
0.000000 0.000000 0.374868 0.374857 0.374845 0.374825 0.374801 0.374759 0.374759 0.374750 0.374761 0.374748 0.374750 0.374754 0.374794 0.374815 0.374830 0.374837 0.374878 0.000000 0.000000
0.000000 0.000000 0.379344 0.379333 0.379326 0.379303 0.379282 0.379187 0.379186 0.379178 0.379157 0.379168 0.379175 0.379183 0.379254 0.379276 0.379311 0.379314 0.379341 0.000000 0.000000
0.000000 0.000000 0.384339 0.384334 0.384317 0.384299 0.384198 0.384183 0.384161 0.384160 0.384159 0.384159 0.384157 0.384154 0.384158 0.384266 0.384292 0.384319 0.384348 0.000000 0.000000
0.000000 0.000000 0.389987 0.389979 0.389954 0.389839 0.389818 0.389762 0.389725 0.389718 0.389699 0.389685 0.389698 0.389692 0.389743 0.389777 0.389934 0.389917 0.389932 0.000000 0.000000
0.000000 0.000000 0.396091 0.396082 0.395922 0.395918 0.395912 0.395880 0.395924 0.395903 0.395925 0.395908 0.395888 0.395924 0.395941 0.395953 0.395905 0.396113 0.396115 0.000000 0.000000
0.000000 0.000000 0.403394 0.403159 0.403126 0.403057 0.402942 0.402900 0.402866 0.402869 0.402814 0.402813 0.402841 0.402820 0.402879 0.402968 0.403114 0.403099 0.403339 0.000000 0.000000
0.000000 0.000000 0.408006 0.408101 0.408324 0.408284 0.408237 0.408025 0.408029 0.407978 0.408034 0.408019 0.408024 0.408038 0.408228 0.408267 0.408361 0.408145 0.408063 0.000000 0.000000
0.000000 0.000000 0.350000 0.350000 0.350000 0.350000 0.350000 0.350000 0.350000 0.350000 0.350000 0.350000 0.350000 0.350000 0.350000 0.350000 0.350000 0.350000 0.350000 0.000000 0.000000
0.000000 0.000000 0.000000 0.000000 0.000000 0.000000 0.000000 0.000000 0.000000 0.000000 0.000000 0.000000 0.000000 0.000000 0.000000 0.000000 0.000000 0.000000 0.000000 0.000000 0.000000