geotop/1.0zi/1.0Montebello/Templates/testdem/maps/_Eocsand8661.asc
ncols         21
nrows         20
xllcorner     100.000000
yllcorner     100.000000
cellsize      50.000000
NODATA_value  -9999.0
0.000000 0.000000 0.000000 0.000000 0.000000 0.000000 0.000000 0.000000 0.000000 0.000000 0.000000 0.000000 0.000000 0.000000 0.000000 0.000000 0.000000 0.000000 0.000000 0.000000 0.000000
0.000000 0.000000 0.300218 0.300216 0.300216 0.300217 0.300216 0.300215 0.300215 0.300215 0.300216 0.300215 0.300216 0.300216 0.300215 0.300216 0.300217 0.300217 0.300217 0.000000 0.000000
0.000000 0.000000 0.300012 0.300014 0.300013 0.300012 0.300013 0.300013 0.300013 0.300013 0.300013 0.300013 0.300012 0.300013 0.300013 0.300013 0.300014 0.300014 0.300015 0.000000 0.000000
0.000000 0.000000 0.299891 0.299890 0.299896 0.299905 0.299900 0.299907 0.299903 0.299905 0.299905 0.299905 0.299905 0.299906 0.299901 0.299896 0.299893 0.299890 0.299891 0.000000 0.000000
0.000000 0.000000 0.297803 0.297805 0.297819 0.297839 0.297865 0.297871 0.297876 0.297877 0.297878 0.297874 0.297872 0.297870 0.297849 0.297843 0.297829 0.297817 0.297805 0.000000 0.000000
0.000000 0.000000 0.291680 0.291686 0.291714 0.291767 0.291807 0.291850 0.291850 0.291863 0.291853 0.291853 0.291844 0.291847 0.291821 0.291787 0.291757 0.291737 0.291724 0.000000 0.000000
0.000000 0.000000 0.283126 0.283141 0.283162 0.283220 0.283292 0.283368 0.283368 0.283377 0.283375 0.283373 0.283375 0.283370 0.283301 0.283241 0.283205 0.283177 0.283160 0.000000 0.000000
0.000000 0.000000 0.272995 0.273006 0.273023 0.273091 0.273157 0.273241 0.273241 0.273252 0.273253 0.273257 0.273261 0.273245 0.273170 0.273114 0.273056 0.273042 0.273014 0.000000 0.000000
0.000000 0.000000 0.262067 0.262092 0.262124 0.262169 0.262245 0.262335 0.262329 0.262349 0.262354 0.262357 0.262353 0.262356 0.262263 0.262190 0.262145 0.262124 0.262100 0.000000 0.000000
0.000000 0.000000 0.250375 0.250403 0.250422 0.250468 0.250576 0.250657 0.250656 0.250666 0.250679 0.250669 0.250657 0.250662 0.250584 0.250496 0.250443 0.250425 0.250409 0.000000 0.000000
0.000000 0.000000 0.237510 0.237526 0.237548 0.237652 0.237723 0.237827 0.237799 0.237860 0.237846 0.237851 0.237871 0.237835 0.237757 0.237705 0.237633 0.237598 0.237549 0.000000 0.000000
0.000000 0.000000 0.223028 0.223076 0.223123 0.223181 0.223277 0.223396 0.223410 0.223418 0.223389 0.223436 0.223415 0.223414 0.223276 0.223201 0.223157 0.223129 0.223013 0.000000 0.000000
0.000000 0.000000 0.207152 0.207201 0.207208 0.207315 0.207389 0.207744 0.207751 0.207766 0.207869 0.207807 0.207791 0.207758 0.207479 0.207412 0.207271 0.207262 0.207208 0.000000 0.000000
0.000000 0.000000 0.188188 0.188204 0.188286 0.188357 0.188835 0.188758 0.188853 0.188850 0.188807 0.188847 0.188854 0.188891 0.188955 0.188453 0.188392 0.188262 0.188174 0.000000 0.000000
0.000000 0.000000 0.165624 0.165679 0.165778 0.166406 0.166305 0.166616 0.166744 0.166774 0.166885 0.166950 0.166879 0.166890 0.166576 0.166651 0.165830 0.165977 0.165972 0.000000 0.000000
0.000000 0.000000 0.141206 0.141252 0.142142 0.141836 0.141932 0.141967 0.141613 0.141716 0.141522 0.141574 0.141726 0.141508 0.141525 0.141457 0.142214 0.140901 0.140918 0.000000 0.000000
0.000000 0.000000 0.112031 0.113338 0.112964 0.113512 0.114166 0.114356 0.114758 0.114661 0.115072 0.115025 0.114783 0.115033 0.114684 0.114201 0.113003 0.113872 0.112512 0.000000 0.000000
0.000000 0.000000 0.103338 0.102162 0.101182 0.101176 0.101100 0.102063 0.101876 0.102165 0.101673 0.101769 0.101852 0.101685 0.100884 0.100940 0.100995 0.101728 0.102889 0.000000 0.000000
0.000000 0.000000 0.300000 0.300000 0.300000 0.300000 0.300000 0.300000 0.300000 0.300000 0.300000 0.300000 0.300000 0.300000 0.300000 0.300000 0.300000 0.300000 0.300000 0.000000 0.000000
0.000000 0.000000 0.000000 0.000000 0.000000 0.000000 0.000000 0.000000 0.000000 0.000000 0.000000 0.000000 0.000000 0.000000 0.000000 0.000000 0.000000 0.000000 0.000000 0.000000 0.000000