geotop/1.0zi/1.0Montebello/Templates/testdem/maps/_Eocclay8050.asc
ncols         21
nrows         20
xllcorner     100.000000
yllcorner     100.000000
cellsize      50.000000
NODATA_value  -9999.0
0.000000 0.000000 0.000000 0.000000 0.000000 0.000000 0.000000 0.000000 0.000000 0.000000 0.000000 0.000000 0.000000 0.000000 0.000000 0.000000 0.000000 0.000000 0.000000 0.000000 0.000000
0.000000 0.000000 0.349626 0.349628 0.349628 0.349627 0.349628 0.349628 0.349628 0.349628 0.349627 0.349629 0.349628 0.349628 0.349629 0.349628 0.349626 0.349627 0.349627 0.000000 0.000000
0.000000 0.000000 0.349984 0.349983 0.349983 0.349985 0.349983 0.349983 0.349983 0.349983 0.349983 0.349983 0.349983 0.349982 0.349983 0.349984 0.349985 0.349984 0.349982 0.000000 0.000000
0.000000 0.000000 0.350004 0.350008 0.350006 0.350004 0.350007 0.350004 0.350006 0.350003 0.350007 0.350004 0.350004 0.350003 0.350005 0.350006 0.350005 0.350009 0.350006 0.000000 0.000000
0.000000 0.000000 0.351006 0.351003 0.350999 0.350994 0.350978 0.350976 0.350974 0.350976 0.350973 0.350973 0.350969 0.350973 0.350983 0.350985 0.350993 0.350996 0.351003 0.000000 0.000000
0.000000 0.000000 0.353867 0.353865 0.353852 0.353824 0.353808 0.353783 0.353784 0.353777 0.353781 0.353780 0.353783 0.353784 0.353795 0.353816 0.353831 0.353846 0.353852 0.000000 0.000000
0.000000 0.000000 0.357785 0.357781 0.357772 0.357748 0.357716 0.357677 0.357676 0.357670 0.357672 0.357672 0.357672 0.357673 0.357707 0.357737 0.357754 0.357767 0.357774 0.000000 0.000000
0.000000 0.000000 0.362427 0.362425 0.362416 0.362386 0.362355 0.362313 0.362312 0.362307 0.362307 0.362304 0.362302 0.362310 0.362346 0.362373 0.362399 0.362408 0.362420 0.000000 0.000000
0.000000 0.000000 0.367347 0.367340 0.367325 0.367306 0.367273 0.367230 0.367232 0.367223 0.367220 0.367218 0.367219 0.367218 0.367260 0.367295 0.367315 0.367325 0.367335 0.000000 0.000000
0.000000 0.000000 0.372560 0.372550 0.372543 0.372523 0.372475 0.372435 0.372435 0.372430 0.372424 0.372427 0.372433 0.372431 0.372467 0.372507 0.372532 0.372540 0.372548 0.000000 0.000000
0.000000 0.000000 0.378239 0.378233 0.378223 0.378182 0.378148 0.378101 0.378111 0.378085 0.378089 0.378087 0.378078 0.378095 0.378128 0.378153 0.378185 0.378202 0.378223 0.000000 0.000000
0.000000 0.000000 0.384534 0.384517 0.384497 0.384470 0.384432 0.384373 0.384369 0.384362 0.384376 0.384355 0.384361 0.384364 0.384425 0.384456 0.384478 0.384489 0.384542 0.000000 0.000000
0.000000 0.000000 0.391342 0.391325 0.391317 0.391279 0.391245 0.391092 0.391090 0.391080 0.391040 0.391061 0.391070 0.391084 0.391201 0.391232 0.391290 0.391296 0.391322 0.000000 0.000000
0.000000 0.000000 0.399316 0.399311 0.399278 0.399251 0.399060 0.399072 0.399033 0.399033 0.399044 0.399033 0.399028 0.399019 0.399003 0.399202 0.399235 0.399286 0.399323 0.000000 0.000000
0.000000 0.000000 0.408722 0.408705 0.408664 0.408423 0.408439 0.408320 0.408263 0.408250 0.408210 0.408181 0.408207 0.408202 0.408318 0.408316 0.408636 0.408588 0.408594 0.000000 0.000000
0.000000 0.000000 0.419070 0.419054 0.418703 0.418791 0.418766 0.418729 0.418859 0.418817 0.418884 0.418858 0.418801 0.418889 0.418899 0.418918 0.418672 0.419174 0.419166 0.000000 0.000000
0.000000 0.000000 0.432006 0.431448 0.431552 0.431347 0.431067 0.430984 0.430837 0.430871 0.430707 0.430720 0.430813 0.430723 0.430863 0.431070 0.431532 0.431244 0.431823 0.000000 0.000000
0.000000 0.000000 0.436900 0.437420 0.437907 0.437906 0.437926 0.437461 0.437534 0.437399 0.437616 0.437572 0.437540 0.437613 0.438002 0.437987 0.437996 0.437610 0.437101 0.000000 0.000000
0.000000 0.000000 0.350000 0.350000 0.350000 0.350000 0.350000 0.350000 0.350000 0.350000 0.350000 0.350000 0.350000 0.350000 0.350000 0.350000 0.350000 0.350000 0.350000 0.000000 0.000000
0.000000 0.000000 0.000000 0.000000 0.000000 0.000000 0.000000 0.000000 0.000000 0.000000 0.000000 0.000000 0.000000 0.000000 0.000000 0.000000 0.000000 0.000000 0.000000 0.000000 0.000000