geotop/1.0zi/1.0Montebello/Templates/testdem/maps/_Eocsilt4902.asc
ncols         21
nrows         20
xllcorner     100.000000
yllcorner     100.000000
cellsize      50.000000
NODATA_value  -9999.0
0.000000 0.000000 0.000000 0.000000 0.000000 0.000000 0.000000 0.000000 0.000000 0.000000 0.000000 0.000000 0.000000 0.000000 0.000000 0.000000 0.000000 0.000000 0.000000 0.000000 0.000000
0.000000 0.000000 0.350099 0.350099 0.350099 0.350099 0.350099 0.350099 0.350099 0.350099 0.350099 0.350099 0.350099 0.350100 0.350099 0.350100 0.350100 0.350099 0.350099 0.000000 0.000000
0.000000 0.000000 0.350002 0.350002 0.350003 0.350003 0.350003 0.350003 0.350004 0.350003 0.350004 0.350003 0.350004 0.350003 0.350003 0.350003 0.350002 0.350002 0.350002 0.000000 0.000000
0.000000 0.000000 0.350037 0.350036 0.350036 0.350031 0.350032 0.350030 0.350032 0.350033 0.350032 0.350032 0.350032 0.350031 0.350032 0.350035 0.350036 0.350037 0.350036 0.000000 0.000000
0.000000 0.000000 0.350416 0.350420 0.350419 0.350414 0.350412 0.350408 0.350407 0.350404 0.350403 0.350405 0.350405 0.350406 0.350411 0.350412 0.350412 0.350420 0.350423 0.000000 0.000000
0.000000 0.000000 0.351658 0.351661 0.351656 0.351645 0.351638 0.351623 0.351620 0.351616 0.351620 0.351622 0.351626 0.351625 0.351630 0.351636 0.351642 0.351645 0.351649 0.000000 0.000000
0.000000 0.000000 0.353582 0.353581 0.353574 0.353559 0.353541 0.353524 0.353525 0.353523 0.353526 0.353523 0.353522 0.353527 0.353539 0.353554 0.353560 0.353568 0.353575 0.000000 0.000000
0.000000 0.000000 0.355851 0.355848 0.355847 0.355833 0.355815 0.355796 0.355798 0.355795 0.355795 0.355794 0.355793 0.355794 0.355812 0.355831 0.355841 0.355844 0.355849 0.000000 0.000000
0.000000 0.000000 0.358213 0.358208 0.358202 0.358190 0.358173 0.358150 0.358151 0.358147 0.358147 0.358148 0.358147 0.358148 0.358167 0.358187 0.358195 0.358201 0.358210 0.000000 0.000000
0.000000 0.000000 0.360560 0.360556 0.360552 0.360540 0.360521 0.360500 0.360503 0.360500 0.360500 0.360500 0.360498 0.360498 0.360519 0.360538 0.360545 0.360550 0.360556 0.000000 0.000000
0.000000 0.000000 0.362939 0.362934 0.362931 0.362920 0.362905 0.362881 0.362883 0.362878 0.362878 0.362879 0.362877 0.362878 0.362895 0.362910 0.362920 0.362925 0.362933 0.000000 0.000000
0.000000 0.000000 0.365409 0.365405 0.365399 0.365384 0.365368 0.365344 0.365344 0.365341 0.365341 0.365340 0.365340 0.365340 0.365363 0.365380 0.365389 0.365394 0.365419 0.000000 0.000000
0.000000 0.000000 0.367921 0.367916 0.367910 0.367899 0.367880 0.367829 0.367830 0.367826 0.367825 0.367825 0.367823 0.367825 0.367869 0.367889 0.367899 0.367904 0.367919 0.000000 0.000000
0.000000 0.000000 0.370598 0.370589 0.370585 0.370573 0.370519 0.370507 0.370499 0.370496 0.370496 0.370496 0.370493 0.370494 0.370509 0.370560 0.370570 0.370581 0.370590 0.000000 0.000000
0.000000 0.000000 0.373497 0.373491 0.373476 0.373428 0.373404 0.373371 0.373356 0.373352 0.373344 0.373342 0.373345 0.373341 0.373366 0.373401 0.373459 0.373457 0.373465 0.000000 0.000000
0.000000 0.000000 0.376510 0.376503 0.376444 0.376435 0.376418 0.376402 0.376401 0.376401 0.376404 0.376403 0.376395 0.376407 0.376416 0.376430 0.376428 0.376493 0.376508 0.000000 0.000000
0.000000 0.000000 0.379887 0.379808 0.379763 0.379740 0.379698 0.379676 0.379671 0.379669 0.379659 0.379660 0.379662 0.379656 0.379673 0.379719 0.379750 0.379778 0.379856 0.000000 0.000000
0.000000 0.000000 0.382478 0.382466 0.382518 0.382489 0.382455 0.382378 0.382371 0.382364 0.382368 0.382367 0.382362 0.382370 0.382440 0.382477 0.382519 0.382452 0.382478 0.000000 0.000000
0.000000 0.000000 0.350000 0.350000 0.350000 0.350000 0.350000 0.350000 0.350000 0.350000 0.350000 0.350000 0.350000 0.350000 0.350000 0.350000 0.350000 0.350000 0.350000 0.000000 0.000000
0.000000 0.000000 0.000000 0.000000 0.000000 0.000000 0.000000 0.000000 0.000000 0.000000 0.000000 0.000000 0.000000 0.000000 0.000000 0.000000 0.000000 0.000000 0.000000 0.000000 0.000000