geotop/1.0zi/1.0Montebello/Templates/testdem/maps/_Eocclay2883.asc
ncols         21
nrows         20
xllcorner     100.000000
yllcorner     100.000000
cellsize      50.000000
NODATA_value  -9999.0
0.000000 0.000000 0.000000 0.000000 0.000000 0.000000 0.000000 0.000000 0.000000 0.000000 0.000000 0.000000 0.000000 0.000000 0.000000 0.000000 0.000000 0.000000 0.000000 0.000000 0.000000
0.000000 0.000000 0.349842 0.349842 0.349842 0.349842 0.349842 0.349842 0.349842 0.349842 0.349841 0.349842 0.349842 0.349842 0.349842 0.349842 0.349842 0.349842 0.349842 0.000000 0.000000
0.000000 0.000000 0.349993 0.349993 0.349992 0.349993 0.349993 0.349993 0.349993 0.349993 0.349993 0.349993 0.349993 0.349993 0.349993 0.349993 0.349992 0.349993 0.349993 0.000000 0.000000
0.000000 0.000000 0.350978 0.350978 0.350976 0.350977 0.350978 0.350978 0.350978 0.350978 0.350978 0.350978 0.350978 0.350978 0.350978 0.350977 0.350976 0.350978 0.350978 0.000000 0.000000
0.000000 0.000000 0.355272 0.355272 0.355270 0.355270 0.355273 0.355272 0.355272 0.355274 0.355274 0.355274 0.355272 0.355272 0.355273 0.355270 0.355270 0.355272 0.355272 0.000000 0.000000
0.000000 0.000000 0.360156 0.360156 0.360154 0.360154 0.360157 0.360156 0.360156 0.360157 0.360158 0.360157 0.360156 0.360156 0.360157 0.360154 0.360154 0.360156 0.360156 0.000000 0.000000
0.000000 0.000000 0.364766 0.364766 0.364764 0.364765 0.364767 0.364766 0.364766 0.364767 0.364767 0.364767 0.364766 0.364766 0.364767 0.364765 0.364764 0.364766 0.364766 0.000000 0.000000
0.000000 0.000000 0.368980 0.368980 0.368978 0.368979 0.368980 0.368980 0.368980 0.368981 0.368981 0.368981 0.368980 0.368980 0.368980 0.368979 0.368978 0.368980 0.368980 0.000000 0.000000
0.000000 0.000000 0.372893 0.372892 0.372891 0.372892 0.372893 0.372893 0.372893 0.372893 0.372894 0.372893 0.372893 0.372893 0.372893 0.372892 0.372891 0.372892 0.372893 0.000000 0.000000
0.000000 0.000000 0.376595 0.376595 0.376594 0.376594 0.376595 0.376595 0.376595 0.376596 0.376596 0.376596 0.376595 0.376595 0.376595 0.376594 0.376594 0.376595 0.376595 0.000000 0.000000
0.000000 0.000000 0.380130 0.380130 0.380129 0.380129 0.380131 0.380130 0.380130 0.380131 0.380131 0.380131 0.380130 0.380130 0.380131 0.380129 0.380129 0.380130 0.380130 0.000000 0.000000
0.000000 0.000000 0.383533 0.383532 0.383531 0.383532 0.383533 0.383533 0.383533 0.383533 0.383534 0.383533 0.383533 0.383533 0.383533 0.383532 0.383531 0.383532 0.383533 0.000000 0.000000
0.000000 0.000000 0.386828 0.386827 0.386826 0.386827 0.386828 0.386827 0.386827 0.386828 0.386828 0.386828 0.386827 0.386827 0.386828 0.386827 0.386826 0.386827 0.386828 0.000000 0.000000
0.000000 0.000000 0.390036 0.390036 0.390035 0.390035 0.390037 0.390036 0.390036 0.390037 0.390037 0.390037 0.390036 0.390036 0.390037 0.390035 0.390035 0.390036 0.390036 0.000000 0.000000
0.000000 0.000000 0.393168 0.393168 0.393167 0.393167 0.393168 0.393168 0.393168 0.393169 0.393169 0.393169 0.393168 0.393168 0.393168 0.393167 0.393167 0.393168 0.393168 0.000000 0.000000
0.000000 0.000000 0.396229 0.396229 0.396228 0.396228 0.396229 0.396229 0.396229 0.396230 0.396230 0.396230 0.396229 0.396229 0.396229 0.396228 0.396228 0.396229 0.396229 0.000000 0.000000
0.000000 0.000000 0.399223 0.399223 0.399222 0.399222 0.399223 0.399223 0.399223 0.399223 0.399224 0.399223 0.399223 0.399223 0.399223 0.399222 0.399222 0.399223 0.399223 0.000000 0.000000
0.000000 0.000000 0.402201 0.402201 0.402200 0.402201 0.402202 0.402201 0.402201 0.402202 0.402202 0.402202 0.402201 0.402201 0.402202 0.402201 0.402200 0.402201 0.402201 0.000000 0.000000
0.000000 0.000000 0.350000 0.350000 0.350000 0.350000 0.350000 0.350000 0.350000 0.350000 0.350000 0.350000 0.350000 0.350000 0.350000 0.350000 0.350000 0.350000 0.350000 0.000000 0.000000
0.000000 0.000000 0.000000 0.000000 0.000000 0.000000 0.000000 0.000000 0.000000 0.000000 0.000000 0.000000 0.000000 0.000000 0.000000 0.000000 0.000000 0.000000 0.000000 0.000000 0.000000