geotop/1.0zi/1.0Montebello/Templates/testdem/maps/_Eocsand3970.asc
ncols         21
nrows         20
xllcorner     100.000000
yllcorner     100.000000
cellsize      50.000000
NODATA_value  -9999.0
0.000000 0.000000 0.000000 0.000000 0.000000 0.000000 0.000000 0.000000 0.000000 0.000000 0.000000 0.000000 0.000000 0.000000 0.000000 0.000000 0.000000 0.000000 0.000000 0.000000 0.000000
0.000000 0.000000 0.300100 0.300099 0.300099 0.300099 0.300099 0.300099 0.300099 0.300099 0.300099 0.300099 0.300099 0.300099 0.300099 0.300099 0.300099 0.300099 0.300100 0.000000 0.000000
0.000000 0.000000 0.300005 0.300004 0.300004 0.300004 0.300004 0.300003 0.300003 0.300003 0.300004 0.300004 0.300003 0.300003 0.300004 0.300004 0.300006 0.300006 0.300005 0.000000 0.000000
0.000000 0.000000 0.299974 0.299973 0.299975 0.299979 0.299976 0.299979 0.299976 0.299977 0.299977 0.299978 0.299978 0.299980 0.299976 0.299973 0.299973 0.299971 0.299973 0.000000 0.000000
0.000000 0.000000 0.299290 0.299285 0.299289 0.299289 0.299298 0.299304 0.299305 0.299308 0.299307 0.299306 0.299306 0.299305 0.299298 0.299299 0.299299 0.299295 0.299290 0.000000 0.000000
0.000000 0.000000 0.297108 0.297105 0.297114 0.297129 0.297140 0.297162 0.297163 0.297173 0.297165 0.297162 0.297159 0.297155 0.297152 0.297140 0.297134 0.297130 0.297125 0.000000 0.000000
0.000000 0.000000 0.293886 0.293888 0.293896 0.293920 0.293949 0.293984 0.293982 0.293989 0.293982 0.293984 0.293985 0.293979 0.293948 0.293919 0.293910 0.293905 0.293895 0.000000 0.000000
0.000000 0.000000 0.290187 0.290189 0.290200 0.290230 0.290262 0.290298 0.290295 0.290301 0.290299 0.290301 0.290303 0.290298 0.290257 0.290226 0.290211 0.290209 0.290199 0.000000 0.000000
0.000000 0.000000 0.286478 0.286484 0.286499 0.286522 0.286553 0.286595 0.286592 0.286600 0.286598 0.286598 0.286599 0.286592 0.286554 0.286520 0.286508 0.286503 0.286490 0.000000 0.000000
0.000000 0.000000 0.282796 0.282802 0.282814 0.282839 0.282876 0.282912 0.282907 0.282913 0.282912 0.282912 0.282914 0.282911 0.282869 0.282834 0.282823 0.282819 0.282809 0.000000 0.000000
0.000000 0.000000 0.279082 0.279088 0.279102 0.279121 0.279149 0.279193 0.279189 0.279199 0.279197 0.279197 0.279199 0.279194 0.279158 0.279133 0.279117 0.279112 0.279099 0.000000 0.000000
0.000000 0.000000 0.275261 0.275267 0.275283 0.275311 0.275341 0.275384 0.275385 0.275391 0.275389 0.275391 0.275391 0.275387 0.275342 0.275311 0.275297 0.275293 0.275251 0.000000 0.000000
0.000000 0.000000 0.271411 0.271418 0.271434 0.271457 0.271492 0.271574 0.271574 0.271582 0.271581 0.271581 0.271584 0.271576 0.271501 0.271465 0.271452 0.271447 0.271420 0.000000 0.000000
0.000000 0.000000 0.267364 0.267376 0.267390 0.267413 0.267497 0.267523 0.267535 0.267542 0.267539 0.267541 0.267544 0.267538 0.267507 0.267427 0.267412 0.267397 0.267382 0.000000 0.000000
0.000000 0.000000 0.263029 0.263039 0.263069 0.263140 0.263185 0.263237 0.263263 0.263272 0.263282 0.263284 0.263279 0.263282 0.263236 0.263178 0.263096 0.263101 0.263089 0.000000 0.000000
0.000000 0.000000 0.258586 0.258597 0.258685 0.258705 0.258735 0.258763 0.258769 0.258772 0.258768 0.258770 0.258779 0.258759 0.258739 0.258712 0.258710 0.258627 0.258606 0.000000 0.000000
0.000000 0.000000 0.253692 0.253793 0.253873 0.253908 0.253969 0.254001 0.254008 0.254013 0.254023 0.254024 0.254022 0.254023 0.253996 0.253930 0.253893 0.253848 0.253746 0.000000 0.000000
0.000000 0.000000 0.249811 0.249840 0.249787 0.249832 0.249889 0.249993 0.250003 0.250015 0.250010 0.250013 0.250016 0.250005 0.249908 0.249848 0.249787 0.249878 0.249829 0.000000 0.000000
0.000000 0.000000 0.300000 0.300000 0.300000 0.300000 0.300000 0.300000 0.300000 0.300000 0.300000 0.300000 0.300000 0.300000 0.300000 0.300000 0.300000 0.300000 0.300000 0.000000 0.000000
0.000000 0.000000 0.000000 0.000000 0.000000 0.000000 0.000000 0.000000 0.000000 0.000000 0.000000 0.000000 0.000000 0.000000 0.000000 0.000000 0.000000 0.000000 0.000000 0.000000 0.000000