geotop/1.0zi/1.0Montebello/Templates/testdem/maps/_Eocsilt9847.asc
ncols         21
nrows         20
xllcorner     100.000000
yllcorner     100.000000
cellsize      50.000000
NODATA_value  -9999.0
0.000000 0.000000 0.000000 0.000000 0.000000 0.000000 0.000000 0.000000 0.000000 0.000000 0.000000 0.000000 0.000000 0.000000 0.000000 0.000000 0.000000 0.000000 0.000000 0.000000 0.000000
0.000000 0.000000 0.350209 0.350208 0.350209 0.350209 0.350208 0.350208 0.350208 0.350208 0.350208 0.350208 0.350208 0.350208 0.350208 0.350208 0.350209 0.350209 0.350208 0.000000 0.000000
0.000000 0.000000 0.350008 0.350008 0.350008 0.350008 0.350009 0.350008 0.350008 0.350008 0.350009 0.350008 0.350009 0.350009 0.350008 0.350008 0.350006 0.350006 0.350007 0.000000 0.000000
0.000000 0.000000 0.350150 0.350147 0.350141 0.350137 0.350137 0.350131 0.350135 0.350136 0.350133 0.350137 0.350137 0.350137 0.350139 0.350143 0.350148 0.350149 0.350150 0.000000 0.000000
0.000000 0.000000 0.351497 0.351502 0.351493 0.351473 0.351463 0.351456 0.351459 0.351456 0.351456 0.351458 0.351464 0.351462 0.351476 0.351485 0.351488 0.351495 0.351498 0.000000 0.000000
0.000000 0.000000 0.355181 0.355175 0.355160 0.355135 0.355102 0.355075 0.355073 0.355068 0.355068 0.355070 0.355074 0.355071 0.355090 0.355113 0.355125 0.355133 0.355140 0.000000 0.000000
0.000000 0.000000 0.360389 0.360378 0.360361 0.360323 0.360281 0.360229 0.360231 0.360226 0.360222 0.360221 0.360219 0.360223 0.360267 0.360299 0.360321 0.360336 0.360343 0.000000 0.000000
0.000000 0.000000 0.366571 0.366558 0.366543 0.366500 0.366455 0.366406 0.366407 0.366400 0.366394 0.366391 0.366390 0.366397 0.366439 0.366477 0.366511 0.366516 0.366531 0.000000 0.000000
0.000000 0.000000 0.373389 0.373369 0.373344 0.373310 0.373259 0.373198 0.373203 0.373191 0.373183 0.373181 0.373184 0.373181 0.373242 0.373286 0.373313 0.373324 0.373337 0.000000 0.000000
0.000000 0.000000 0.380906 0.380880 0.380860 0.380824 0.380768 0.380705 0.380706 0.380697 0.380684 0.380689 0.380697 0.380693 0.380742 0.380800 0.380830 0.380841 0.380847 0.000000 0.000000
0.000000 0.000000 0.389438 0.389417 0.389398 0.389316 0.389290 0.389206 0.389223 0.389182 0.389185 0.389178 0.389165 0.389187 0.389242 0.389278 0.389321 0.389336 0.389372 0.000000 0.000000
0.000000 0.000000 0.399401 0.399356 0.399306 0.399267 0.399222 0.399116 0.399114 0.399109 0.399121 0.399084 0.399102 0.399096 0.399193 0.399249 0.399272 0.399285 0.399359 0.000000 0.000000
0.000000 0.000000 0.410612 0.410571 0.410559 0.410481 0.410427 0.410147 0.410142 0.410124 0.410025 0.410085 0.410090 0.410114 0.410324 0.410372 0.410474 0.410479 0.410497 0.000000 0.000000
0.000000 0.000000 0.424420 0.424400 0.424311 0.424256 0.423869 0.424006 0.423923 0.423923 0.423974 0.423920 0.423911 0.423869 0.423745 0.424172 0.424187 0.424286 0.424346 0.000000 0.000000
0.000000 0.000000 0.439824 0.439780 0.439704 0.439219 0.439425 0.439119 0.439053 0.439020 0.438910 0.438873 0.438928 0.438931 0.439202 0.439004 0.439637 0.439488 0.439464 0.000000 0.000000
0.000000 0.000000 0.453061 0.453036 0.452549 0.452796 0.452708 0.452725 0.452937 0.452879 0.452992 0.452972 0.452881 0.452995 0.452931 0.453014 0.452474 0.453214 0.453203 0.000000 0.000000
0.000000 0.000000 0.463557 0.463267 0.463297 0.463196 0.463035 0.462986 0.462915 0.462931 0.462844 0.462853 0.462900 0.462854 0.462931 0.463053 0.463267 0.463148 0.463449 0.000000 0.000000
0.000000 0.000000 0.468922 0.468798 0.468952 0.468851 0.468740 0.468612 0.468563 0.468550 0.468525 0.468524 0.468557 0.468531 0.468663 0.468747 0.468946 0.468725 0.468854 0.000000 0.000000
0.000000 0.000000 0.350000 0.350000 0.350000 0.350000 0.350000 0.350000 0.350000 0.350000 0.350000 0.350000 0.350000 0.350000 0.350000 0.350000 0.350000 0.350000 0.350000 0.000000 0.000000
0.000000 0.000000 0.000000 0.000000 0.000000 0.000000 0.000000 0.000000 0.000000 0.000000 0.000000 0.000000 0.000000 0.000000 0.000000 0.000000 0.000000 0.000000 0.000000 0.000000 0.000000