geotop/1.0zi/1.0Montebello/Templates/testdem/maps/_Eocsand139Z.asc
ncols         21
nrows         20
xllcorner     100.000000
yllcorner     100.000000
cellsize      50.000000
NODATA_value  -9999.0
0.000000 0.000000 0.000000 0.000000 0.000000 0.000000 0.000000 0.000000 0.000000 0.000000 0.000000 0.000000 0.000000 0.000000 0.000000 0.000000 0.000000 0.000000 0.000000 0.000000 0.000000
0.000000 0.000000 0.300293 0.300290 0.300290 0.300291 0.300290 0.300290 0.300290 0.300290 0.300291 0.300290 0.300290 0.300290 0.300290 0.300290 0.300291 0.300290 0.300291 0.000000 0.000000
0.000000 0.000000 0.300011 0.300013 0.300013 0.300011 0.300013 0.300014 0.300013 0.300013 0.300013 0.300012 0.300012 0.300013 0.300012 0.300013 0.300014 0.300014 0.300013 0.000000 0.000000
0.000000 0.000000 0.299626 0.299616 0.299631 0.299639 0.299634 0.299645 0.299642 0.299641 0.299645 0.299643 0.299643 0.299638 0.299640 0.299632 0.299628 0.299624 0.299624 0.000000 0.000000
0.000000 0.000000 0.295646 0.295656 0.295672 0.295706 0.295743 0.295757 0.295761 0.295763 0.295772 0.295760 0.295755 0.295760 0.295735 0.295717 0.295697 0.295680 0.295665 0.000000 0.000000
0.000000 0.000000 0.285731 0.285743 0.285788 0.285865 0.285939 0.286005 0.286006 0.286018 0.286028 0.286025 0.286012 0.286020 0.285984 0.285916 0.285884 0.285852 0.285840 0.000000 0.000000
0.000000 0.000000 0.272185 0.272209 0.272252 0.272343 0.272438 0.272581 0.272588 0.272599 0.272617 0.272615 0.272618 0.272614 0.272507 0.272423 0.272372 0.272328 0.272315 0.000000 0.000000
0.000000 0.000000 0.255795 0.255824 0.255870 0.255993 0.256099 0.256236 0.256250 0.256264 0.256287 0.256289 0.256297 0.256278 0.256180 0.256083 0.256000 0.255974 0.255944 0.000000 0.000000
0.000000 0.000000 0.237040 0.237085 0.237158 0.237256 0.237382 0.237554 0.237558 0.237587 0.237615 0.237620 0.237616 0.237627 0.237479 0.237359 0.237292 0.237253 0.237228 0.000000 0.000000
0.000000 0.000000 0.215177 0.215250 0.215319 0.215425 0.215575 0.215758 0.215784 0.215799 0.215847 0.215832 0.215805 0.215816 0.215700 0.215538 0.215452 0.215407 0.215400 0.000000 0.000000
0.000000 0.000000 0.188751 0.188820 0.188881 0.189151 0.189210 0.189477 0.189436 0.189565 0.189558 0.189580 0.189633 0.189559 0.189417 0.189316 0.189186 0.189130 0.189019 0.000000 0.000000
0.000000 0.000000 0.156269 0.156425 0.156615 0.156707 0.156846 0.157198 0.157258 0.157228 0.157217 0.157323 0.157266 0.157305 0.157014 0.156820 0.156767 0.156710 0.156495 0.000000 0.000000
0.000000 0.000000 0.120503 0.120632 0.120644 0.120919 0.121081 0.122021 0.122083 0.122143 0.122531 0.122257 0.122271 0.122181 0.121522 0.121390 0.121030 0.120982 0.121038 0.000000 0.000000
0.000000 0.000000 0.083978 0.083995 0.084265 0.084361 0.085333 0.084758 0.084988 0.084977 0.084764 0.084974 0.085001 0.085140 0.085621 0.084523 0.084569 0.084314 0.084182 0.000000 0.000000
0.000000 0.000000 0.059985 0.060036 0.060142 0.060664 0.060524 0.060812 0.060896 0.060930 0.061045 0.061091 0.061034 0.061040 0.060784 0.060930 0.060261 0.060394 0.060418 0.000000 0.000000
0.000000 0.000000 0.045387 0.045427 0.045639 0.045832 0.045754 0.045912 0.045880 0.045917 0.045941 0.045969 0.045973 0.045934 0.045815 0.045892 0.045723 0.045554 0.045574 0.000000 0.000000
0.000000 0.000000 0.035231 0.035308 0.035468 0.035567 0.035551 0.035648 0.035617 0.035639 0.035655 0.035671 0.035675 0.035649 0.035580 0.035605 0.035530 0.035384 0.035346 0.000000 0.000000
0.000000 0.000000 0.028272 0.028305 0.028423 0.028455 0.028449 0.028521 0.028478 0.028500 0.028491 0.028503 0.028516 0.028488 0.028441 0.028456 0.028470 0.028330 0.028321 0.000000 0.000000
0.000000 0.000000 0.300000 0.300000 0.300000 0.300000 0.300000 0.300000 0.300000 0.300000 0.300000 0.300000 0.300000 0.300000 0.300000 0.300000 0.300000 0.300000 0.300000 0.000000 0.000000
0.000000 0.000000 0.000000 0.000000 0.000000 0.000000 0.000000 0.000000 0.000000 0.000000 0.000000 0.000000 0.000000 0.000000 0.000000 0.000000 0.000000 0.000000 0.000000 0.000000 0.000000