geotop/1.0zi/1.0Montebello/Templates/testdem/maps/_Eocsilt8125.asc
ncols         21
nrows         20
xllcorner     100.000000
yllcorner     100.000000
cellsize      50.000000
NODATA_value  -9999.0
0.000000 0.000000 0.000000 0.000000 0.000000 0.000000 0.000000 0.000000 0.000000 0.000000 0.000000 0.000000 0.000000 0.000000 0.000000 0.000000 0.000000 0.000000 0.000000 0.000000 0.000000
0.000000 0.000000 0.350170 0.350170 0.350170 0.350171 0.350170 0.350170 0.350170 0.350170 0.350170 0.350170 0.350170 0.350170 0.350170 0.350170 0.350171 0.350170 0.350170 0.000000 0.000000
0.000000 0.000000 0.350005 0.350005 0.350005 0.350005 0.350006 0.350005 0.350006 0.350006 0.350006 0.350006 0.350006 0.350006 0.350006 0.350005 0.350003 0.350004 0.350005 0.000000 0.000000
0.000000 0.000000 0.350103 0.350099 0.350097 0.350091 0.350092 0.350087 0.350090 0.350090 0.350087 0.350089 0.350089 0.350089 0.350092 0.350095 0.350099 0.350099 0.350100 0.000000 0.000000
0.000000 0.000000 0.351024 0.351030 0.351025 0.351014 0.351007 0.351000 0.350996 0.350995 0.350994 0.350994 0.350995 0.350997 0.351011 0.351016 0.351019 0.351029 0.351032 0.000000 0.000000
0.000000 0.000000 0.353730 0.353731 0.353720 0.353704 0.353684 0.353662 0.353661 0.353655 0.353659 0.353659 0.353661 0.353660 0.353672 0.353685 0.353698 0.353706 0.353712 0.000000 0.000000
0.000000 0.000000 0.357601 0.357597 0.357585 0.357559 0.357526 0.357491 0.357492 0.357487 0.357489 0.357487 0.357484 0.357489 0.357519 0.357546 0.357564 0.357580 0.357587 0.000000 0.000000
0.000000 0.000000 0.362181 0.362179 0.362172 0.362144 0.362113 0.362074 0.362074 0.362069 0.362068 0.362065 0.362063 0.362070 0.362104 0.362132 0.362159 0.362165 0.362178 0.000000 0.000000
0.000000 0.000000 0.367110 0.367101 0.367085 0.367066 0.367033 0.366989 0.366991 0.366981 0.366979 0.366977 0.366978 0.366977 0.367020 0.367054 0.367076 0.367087 0.367098 0.000000 0.000000
0.000000 0.000000 0.372298 0.372289 0.372280 0.372262 0.372214 0.372175 0.372175 0.372170 0.372164 0.372167 0.372172 0.372170 0.372206 0.372246 0.372270 0.372278 0.372286 0.000000 0.000000
0.000000 0.000000 0.377907 0.377900 0.377891 0.377850 0.377817 0.377771 0.377781 0.377756 0.377759 0.377758 0.377749 0.377765 0.377798 0.377823 0.377854 0.377871 0.377892 0.000000 0.000000
0.000000 0.000000 0.384128 0.384112 0.384092 0.384066 0.384028 0.383970 0.383967 0.383960 0.383973 0.383953 0.383959 0.383963 0.384022 0.384053 0.384074 0.384087 0.384139 0.000000 0.000000
0.000000 0.000000 0.390843 0.390827 0.390819 0.390782 0.390749 0.390599 0.390597 0.390587 0.390548 0.390568 0.390577 0.390591 0.390705 0.390736 0.390793 0.390800 0.390826 0.000000 0.000000
0.000000 0.000000 0.398692 0.398687 0.398655 0.398629 0.398442 0.398455 0.398416 0.398416 0.398427 0.398416 0.398411 0.398403 0.398387 0.398580 0.398612 0.398664 0.398701 0.000000 0.000000
0.000000 0.000000 0.407917 0.407901 0.407862 0.407626 0.407642 0.407525 0.407472 0.407458 0.407419 0.407390 0.407416 0.407411 0.407525 0.407523 0.407834 0.407788 0.407796 0.000000 0.000000
0.000000 0.000000 0.418008 0.417993 0.417654 0.417740 0.417715 0.417680 0.417804 0.417764 0.417829 0.417804 0.417749 0.417834 0.417843 0.417862 0.417624 0.418110 0.418104 0.000000 0.000000
0.000000 0.000000 0.430433 0.429907 0.430006 0.429811 0.429547 0.429469 0.429329 0.429361 0.429206 0.429219 0.429307 0.429222 0.429354 0.429549 0.429987 0.429715 0.430263 0.000000 0.000000
0.000000 0.000000 0.435182 0.435655 0.436100 0.436098 0.436113 0.435685 0.435753 0.435628 0.435827 0.435786 0.435758 0.435825 0.436182 0.436171 0.436182 0.435830 0.435369 0.000000 0.000000
0.000000 0.000000 0.350000 0.350000 0.350000 0.350000 0.350000 0.350000 0.350000 0.350000 0.350000 0.350000 0.350000 0.350000 0.350000 0.350000 0.350000 0.350000 0.350000 0.000000 0.000000
0.000000 0.000000 0.000000 0.000000 0.000000 0.000000 0.000000 0.000000 0.000000 0.000000 0.000000 0.000000 0.000000 0.000000 0.000000 0.000000 0.000000 0.000000 0.000000 0.000000 0.000000