geotop/1.0zi/1.0Montebello/Templates/testdem/maps/_Eocclay4809.asc
ncols         21
nrows         20
xllcorner     100.000000
yllcorner     100.000000
cellsize      50.000000
NODATA_value  -9999.0
0.000000 0.000000 0.000000 0.000000 0.000000 0.000000 0.000000 0.000000 0.000000 0.000000 0.000000 0.000000 0.000000 0.000000 0.000000 0.000000 0.000000 0.000000 0.000000 0.000000 0.000000
0.000000 0.000000 0.349784 0.349785 0.349785 0.349785 0.349785 0.349785 0.349785 0.349785 0.349785 0.349785 0.349785 0.349785 0.349785 0.349785 0.349784 0.349784 0.349784 0.000000 0.000000
0.000000 0.000000 0.349992 0.349992 0.349992 0.349992 0.349992 0.349992 0.349992 0.349992 0.349992 0.349991 0.349992 0.349992 0.349992 0.349992 0.349992 0.349992 0.349992 0.000000 0.000000
0.000000 0.000000 0.349992 0.349994 0.349992 0.349992 0.349994 0.349994 0.349994 0.349993 0.349994 0.349993 0.349993 0.349992 0.349994 0.349995 0.349994 0.349994 0.349993 0.000000 0.000000
0.000000 0.000000 0.350351 0.350350 0.350350 0.350345 0.350336 0.350334 0.350335 0.350334 0.350333 0.350336 0.350332 0.350334 0.350338 0.350337 0.350342 0.350343 0.350346 0.000000 0.000000
0.000000 0.000000 0.351656 0.351659 0.351653 0.351637 0.351633 0.351619 0.351618 0.351614 0.351618 0.351618 0.351621 0.351622 0.351624 0.351634 0.351639 0.351647 0.351652 0.000000 0.000000
0.000000 0.000000 0.353595 0.353592 0.353588 0.353574 0.353559 0.353537 0.353537 0.353533 0.353536 0.353536 0.353538 0.353538 0.353553 0.353572 0.353580 0.353587 0.353593 0.000000 0.000000
0.000000 0.000000 0.355877 0.355875 0.355873 0.355857 0.355839 0.355817 0.355818 0.355814 0.355815 0.355816 0.355814 0.355816 0.355836 0.355853 0.355862 0.355866 0.355874 0.000000 0.000000
0.000000 0.000000 0.358168 0.358165 0.358160 0.358148 0.358132 0.358110 0.358112 0.358108 0.358108 0.358109 0.358108 0.358110 0.358127 0.358147 0.358154 0.358158 0.358166 0.000000 0.000000
0.000000 0.000000 0.360475 0.360470 0.360466 0.360454 0.360434 0.360414 0.360416 0.360413 0.360413 0.360414 0.360412 0.360412 0.360433 0.360452 0.360460 0.360464 0.360471 0.000000 0.000000
0.000000 0.000000 0.362832 0.362827 0.362824 0.362814 0.362799 0.362774 0.362776 0.362771 0.362771 0.362772 0.362770 0.362771 0.362789 0.362804 0.362814 0.362819 0.362827 0.000000 0.000000
0.000000 0.000000 0.365276 0.365272 0.365266 0.365251 0.365236 0.365212 0.365211 0.365208 0.365208 0.365207 0.365207 0.365207 0.365229 0.365247 0.365257 0.365261 0.365285 0.000000 0.000000
0.000000 0.000000 0.367762 0.367757 0.367751 0.367740 0.367720 0.367670 0.367671 0.367666 0.367666 0.367667 0.367664 0.367666 0.367710 0.367731 0.367741 0.367745 0.367760 0.000000 0.000000
0.000000 0.000000 0.370408 0.370399 0.370395 0.370383 0.370329 0.370316 0.370308 0.370304 0.370305 0.370306 0.370303 0.370304 0.370319 0.370370 0.370381 0.370391 0.370400 0.000000 0.000000
0.000000 0.000000 0.373275 0.373268 0.373253 0.373206 0.373181 0.373149 0.373133 0.373127 0.373120 0.373121 0.373123 0.373119 0.373144 0.373180 0.373237 0.373234 0.373242 0.000000 0.000000
0.000000 0.000000 0.376247 0.376239 0.376182 0.376172 0.376156 0.376139 0.376139 0.376138 0.376141 0.376140 0.376133 0.376144 0.376153 0.376167 0.376166 0.376229 0.376244 0.000000 0.000000
0.000000 0.000000 0.379574 0.379497 0.379452 0.379429 0.379388 0.379366 0.379362 0.379358 0.379350 0.379351 0.379353 0.379347 0.379364 0.379410 0.379440 0.379467 0.379544 0.000000 0.000000
0.000000 0.000000 0.382139 0.382125 0.382176 0.382147 0.382114 0.382038 0.382031 0.382024 0.382028 0.382027 0.382023 0.382030 0.382099 0.382135 0.382177 0.382111 0.382138 0.000000 0.000000
0.000000 0.000000 0.350000 0.350000 0.350000 0.350000 0.350000 0.350000 0.350000 0.350000 0.350000 0.350000 0.350000 0.350000 0.350000 0.350000 0.350000 0.350000 0.350000 0.000000 0.000000
0.000000 0.000000 0.000000 0.000000 0.000000 0.000000 0.000000 0.000000 0.000000 0.000000 0.000000 0.000000 0.000000 0.000000 0.000000 0.000000 0.000000 0.000000 0.000000 0.000000 0.000000