geotop/1.0zi/1.0Montebello/Templates/testdem/maps/_Eocsand7712.asc
ncols         21
nrows         20
xllcorner     100.000000
yllcorner     100.000000
cellsize      50.000000
NODATA_value  -9999.0
0.000000 0.000000 0.000000 0.000000 0.000000 0.000000 0.000000 0.000000 0.000000 0.000000 0.000000 0.000000 0.000000 0.000000 0.000000 0.000000 0.000000 0.000000 0.000000 0.000000 0.000000
0.000000 0.000000 0.300196 0.300194 0.300194 0.300195 0.300194 0.300193 0.300193 0.300194 0.300194 0.300193 0.300194 0.300194 0.300193 0.300194 0.300195 0.300195 0.300195 0.000000 0.000000
0.000000 0.000000 0.300010 0.300012 0.300011 0.300010 0.300011 0.300011 0.300011 0.300011 0.300011 0.300011 0.300010 0.300011 0.300011 0.300011 0.300012 0.300012 0.300013 0.000000 0.000000
0.000000 0.000000 0.299894 0.299893 0.299898 0.299906 0.299901 0.299909 0.299904 0.299906 0.299906 0.299906 0.299906 0.299908 0.299903 0.299898 0.299896 0.299893 0.299893 0.000000 0.000000
0.000000 0.000000 0.298077 0.298074 0.298083 0.298098 0.298119 0.298128 0.298134 0.298133 0.298136 0.298135 0.298138 0.298133 0.298110 0.298104 0.298093 0.298082 0.298073 0.000000 0.000000
0.000000 0.000000 0.293017 0.293018 0.293039 0.293083 0.293114 0.293159 0.293159 0.293172 0.293164 0.293165 0.293161 0.293160 0.293138 0.293107 0.293081 0.293058 0.293047 0.000000 0.000000
0.000000 0.000000 0.285843 0.285850 0.285869 0.285919 0.285979 0.286048 0.286048 0.286058 0.286055 0.286057 0.286059 0.286053 0.285993 0.285939 0.285906 0.285879 0.285864 0.000000 0.000000
0.000000 0.000000 0.277295 0.277299 0.277313 0.277369 0.277427 0.277503 0.277503 0.277512 0.277514 0.277519 0.277523 0.277509 0.277443 0.277391 0.277342 0.277326 0.277303 0.000000 0.000000
0.000000 0.000000 0.268217 0.268232 0.268260 0.268296 0.268357 0.268439 0.268435 0.268453 0.268458 0.268462 0.268460 0.268461 0.268381 0.268316 0.268277 0.268257 0.268237 0.000000 0.000000
0.000000 0.000000 0.258703 0.258722 0.258736 0.258771 0.258859 0.258933 0.258932 0.258942 0.258954 0.258948 0.258937 0.258941 0.258873 0.258799 0.258754 0.258738 0.258723 0.000000 0.000000
0.000000 0.000000 0.248476 0.248488 0.248504 0.248579 0.248641 0.248726 0.248708 0.248754 0.248749 0.248750 0.248767 0.248736 0.248675 0.248629 0.248571 0.248540 0.248502 0.000000 0.000000
0.000000 0.000000 0.237243 0.237274 0.237308 0.237358 0.237425 0.237531 0.237537 0.237552 0.237528 0.237564 0.237554 0.237546 0.237437 0.237383 0.237343 0.237320 0.237224 0.000000 0.000000
0.000000 0.000000 0.225218 0.225249 0.225264 0.225331 0.225390 0.225655 0.225659 0.225676 0.225743 0.225710 0.225694 0.225669 0.225466 0.225410 0.225310 0.225297 0.225246 0.000000 0.000000
0.000000 0.000000 0.211340 0.211352 0.211405 0.211454 0.211770 0.211768 0.211835 0.211836 0.211824 0.211839 0.211846 0.211858 0.211870 0.211541 0.211480 0.211392 0.211325 0.000000 0.000000
0.000000 0.000000 0.195174 0.195203 0.195271 0.195661 0.195660 0.195851 0.195949 0.195971 0.196035 0.196084 0.196041 0.196051 0.195865 0.195839 0.195323 0.195390 0.195371 0.000000 0.000000
0.000000 0.000000 0.177428 0.177457 0.178012 0.177914 0.177948 0.178023 0.177832 0.177901 0.177803 0.177851 0.177935 0.177797 0.177763 0.177734 0.178064 0.177286 0.177296 0.000000 0.000000
0.000000 0.000000 0.155404 0.156284 0.156196 0.156501 0.156941 0.157071 0.157273 0.157230 0.157473 0.157459 0.157325 0.157446 0.157229 0.156904 0.156231 0.156569 0.155664 0.000000 0.000000
0.000000 0.000000 0.145274 0.144557 0.143755 0.143794 0.143818 0.144573 0.144486 0.144695 0.144385 0.144453 0.144484 0.144384 0.143736 0.143720 0.143611 0.144288 0.144982 0.000000 0.000000
0.000000 0.000000 0.300000 0.300000 0.300000 0.300000 0.300000 0.300000 0.300000 0.300000 0.300000 0.300000 0.300000 0.300000 0.300000 0.300000 0.300000 0.300000 0.300000 0.000000 0.000000
0.000000 0.000000 0.000000 0.000000 0.000000 0.000000 0.000000 0.000000 0.000000 0.000000 0.000000 0.000000 0.000000 0.000000 0.000000 0.000000 0.000000 0.000000 0.000000 0.000000 0.000000