geotop/1.0zi/1.0Montebello/Templates/testdem/maps/_Eocclay6555.asc
ncols         21
nrows         20
xllcorner     100.000000
yllcorner     100.000000
cellsize      50.000000
NODATA_value  -9999.0
0.000000 0.000000 0.000000 0.000000 0.000000 0.000000 0.000000 0.000000 0.000000 0.000000 0.000000 0.000000 0.000000 0.000000 0.000000 0.000000 0.000000 0.000000 0.000000 0.000000 0.000000
0.000000 0.000000 0.349708 0.349710 0.349710 0.349709 0.349710 0.349710 0.349710 0.349710 0.349709 0.349710 0.349710 0.349710 0.349710 0.349710 0.349708 0.349708 0.349709 0.000000 0.000000
0.000000 0.000000 0.349989 0.349988 0.349988 0.349989 0.349987 0.349987 0.349988 0.349988 0.349987 0.349987 0.349988 0.349987 0.349988 0.349988 0.349989 0.349989 0.349986 0.000000 0.000000
0.000000 0.000000 0.349983 0.349987 0.349984 0.349984 0.349986 0.349986 0.349987 0.349984 0.349989 0.349986 0.349986 0.349986 0.349986 0.349988 0.349986 0.349988 0.349987 0.000000 0.000000
0.000000 0.000000 0.350591 0.350591 0.350589 0.350587 0.350573 0.350571 0.350571 0.350574 0.350571 0.350570 0.350566 0.350568 0.350574 0.350573 0.350580 0.350581 0.350588 0.000000 0.000000
0.000000 0.000000 0.352458 0.352459 0.352451 0.352426 0.352418 0.352399 0.352400 0.352395 0.352398 0.352398 0.352402 0.352401 0.352406 0.352421 0.352432 0.352444 0.352449 0.000000 0.000000
0.000000 0.000000 0.355243 0.355242 0.355236 0.355217 0.355193 0.355164 0.355163 0.355158 0.355160 0.355160 0.355162 0.355161 0.355183 0.355207 0.355220 0.355229 0.355237 0.000000 0.000000
0.000000 0.000000 0.358587 0.358587 0.358582 0.358558 0.358535 0.358503 0.358503 0.358500 0.358499 0.358497 0.358496 0.358501 0.358525 0.358546 0.358566 0.358573 0.358585 0.000000 0.000000
0.000000 0.000000 0.362044 0.362041 0.362031 0.362017 0.361993 0.361961 0.361963 0.361957 0.361954 0.361952 0.361953 0.361952 0.361981 0.362005 0.362024 0.362029 0.362039 0.000000 0.000000
0.000000 0.000000 0.365592 0.365586 0.365582 0.365569 0.365534 0.365505 0.365507 0.365503 0.365498 0.365500 0.365506 0.365502 0.365526 0.365555 0.365575 0.365579 0.365587 0.000000 0.000000
0.000000 0.000000 0.369321 0.369318 0.369313 0.369288 0.369264 0.369231 0.369238 0.369222 0.369221 0.369221 0.369217 0.369227 0.369246 0.369264 0.369287 0.369298 0.369314 0.000000 0.000000
0.000000 0.000000 0.373292 0.373286 0.373274 0.373254 0.373231 0.373191 0.373192 0.373184 0.373192 0.373179 0.373182 0.373185 0.373221 0.373240 0.373257 0.373264 0.373302 0.000000 0.000000
0.000000 0.000000 0.377435 0.377427 0.377421 0.377399 0.377378 0.377291 0.377290 0.377284 0.377263 0.377271 0.377279 0.377286 0.377349 0.377368 0.377404 0.377407 0.377433 0.000000 0.000000
0.000000 0.000000 0.382020 0.382015 0.382001 0.381984 0.381892 0.381875 0.381855 0.381855 0.381849 0.381849 0.381849 0.381846 0.381853 0.381947 0.381976 0.382000 0.382027 0.000000 0.000000
0.000000 0.000000 0.387169 0.387164 0.387143 0.387040 0.387016 0.386964 0.386931 0.386924 0.386906 0.386891 0.386906 0.386900 0.386941 0.386976 0.387120 0.387107 0.387123 0.000000 0.000000
0.000000 0.000000 0.392708 0.392703 0.392564 0.392552 0.392544 0.392514 0.392549 0.392532 0.392547 0.392529 0.392514 0.392544 0.392560 0.392571 0.392544 0.392723 0.392725 0.000000 0.000000
0.000000 0.000000 0.399257 0.399061 0.399020 0.398961 0.398862 0.398823 0.398799 0.398801 0.398753 0.398749 0.398773 0.398758 0.398806 0.398880 0.399005 0.399010 0.399214 0.000000 0.000000
0.000000 0.000000 0.403604 0.403664 0.403848 0.403807 0.403756 0.403575 0.403576 0.403534 0.403573 0.403558 0.403568 0.403576 0.403738 0.403776 0.403875 0.403694 0.403646 0.000000 0.000000
0.000000 0.000000 0.350000 0.350000 0.350000 0.350000 0.350000 0.350000 0.350000 0.350000 0.350000 0.350000 0.350000 0.350000 0.350000 0.350000 0.350000 0.350000 0.350000 0.000000 0.000000
0.000000 0.000000 0.000000 0.000000 0.000000 0.000000 0.000000 0.000000 0.000000 0.000000 0.000000 0.000000 0.000000 0.000000 0.000000 0.000000 0.000000 0.000000 0.000000 0.000000 0.000000