geotop/1.0zi/1.0Montebello/Templates/testdem/maps/_Eocsand2295.asc
ncols         21
nrows         20
xllcorner     100.000000
yllcorner     100.000000
cellsize      50.000000
NODATA_value  -9999.0
0.000000 0.000000 0.000000 0.000000 0.000000 0.000000 0.000000 0.000000 0.000000 0.000000 0.000000 0.000000 0.000000 0.000000 0.000000 0.000000 0.000000 0.000000 0.000000 0.000000 0.000000
0.000000 0.000000 0.300069 0.300069 0.300069 0.300069 0.300069 0.300069 0.300069 0.300069 0.300069 0.300069 0.300069 0.300069 0.300069 0.300069 0.300069 0.300069 0.300069 0.000000 0.000000
0.000000 0.000000 0.300011 0.300011 0.300011 0.300011 0.300011 0.300011 0.300011 0.300011 0.300011 0.300011 0.300011 0.300011 0.300011 0.300011 0.300011 0.300011 0.300011 0.000000 0.000000
0.000000 0.000000 0.298526 0.298527 0.298532 0.298530 0.298526 0.298526 0.298527 0.298526 0.298526 0.298526 0.298527 0.298526 0.298526 0.298530 0.298532 0.298527 0.298526 0.000000 0.000000
0.000000 0.000000 0.292304 0.292305 0.292309 0.292309 0.292303 0.292305 0.292304 0.292302 0.292302 0.292302 0.292304 0.292305 0.292303 0.292309 0.292309 0.292305 0.292304 0.000000 0.000000
0.000000 0.000000 0.284640 0.284641 0.284644 0.284644 0.284639 0.284640 0.284640 0.284638 0.284638 0.284638 0.284640 0.284640 0.284639 0.284644 0.284644 0.284641 0.284640 0.000000 0.000000
0.000000 0.000000 0.277497 0.277498 0.277501 0.277500 0.277496 0.277497 0.277497 0.277496 0.277495 0.277496 0.277497 0.277497 0.277496 0.277500 0.277501 0.277498 0.277497 0.000000 0.000000
0.000000 0.000000 0.270950 0.270951 0.270954 0.270953 0.270950 0.270951 0.270951 0.270949 0.270949 0.270949 0.270951 0.270951 0.270950 0.270953 0.270954 0.270951 0.270950 0.000000 0.000000
0.000000 0.000000 0.264839 0.264839 0.264842 0.264841 0.264838 0.264839 0.264839 0.264838 0.264837 0.264838 0.264839 0.264839 0.264838 0.264841 0.264842 0.264839 0.264839 0.000000 0.000000
0.000000 0.000000 0.259016 0.259016 0.259019 0.259018 0.259015 0.259016 0.259016 0.259015 0.259014 0.259015 0.259016 0.259016 0.259015 0.259018 0.259019 0.259016 0.259016 0.000000 0.000000
0.000000 0.000000 0.253416 0.253417 0.253419 0.253418 0.253415 0.253416 0.253416 0.253415 0.253415 0.253415 0.253416 0.253416 0.253415 0.253418 0.253419 0.253417 0.253416 0.000000 0.000000
0.000000 0.000000 0.247994 0.247994 0.247997 0.247996 0.247993 0.247994 0.247994 0.247993 0.247993 0.247993 0.247994 0.247994 0.247993 0.247996 0.247997 0.247994 0.247994 0.000000 0.000000
0.000000 0.000000 0.242707 0.242707 0.242710 0.242709 0.242706 0.242707 0.242707 0.242706 0.242706 0.242706 0.242707 0.242707 0.242706 0.242709 0.242710 0.242707 0.242707 0.000000 0.000000
0.000000 0.000000 0.237535 0.237535 0.237538 0.237537 0.237534 0.237535 0.237535 0.237534 0.237534 0.237534 0.237535 0.237535 0.237534 0.237537 0.237538 0.237535 0.237535 0.000000 0.000000
0.000000 0.000000 0.232458 0.232459 0.232461 0.232460 0.232458 0.232459 0.232459 0.232457 0.232457 0.232457 0.232459 0.232459 0.232458 0.232460 0.232461 0.232459 0.232458 0.000000 0.000000
0.000000 0.000000 0.227470 0.227471 0.227473 0.227472 0.227470 0.227471 0.227471 0.227470 0.227469 0.227470 0.227471 0.227471 0.227470 0.227472 0.227473 0.227471 0.227470 0.000000 0.000000
0.000000 0.000000 0.222566 0.222566 0.222569 0.222568 0.222565 0.222566 0.222566 0.222565 0.222565 0.222565 0.222566 0.222566 0.222565 0.222568 0.222569 0.222566 0.222566 0.000000 0.000000
0.000000 0.000000 0.217669 0.217669 0.217672 0.217671 0.217668 0.217669 0.217669 0.217668 0.217668 0.217668 0.217669 0.217669 0.217668 0.217671 0.217672 0.217669 0.217669 0.000000 0.000000
0.000000 0.000000 0.300000 0.300000 0.300000 0.300000 0.300000 0.300000 0.300000 0.300000 0.300000 0.300000 0.300000 0.300000 0.300000 0.300000 0.300000 0.300000 0.300000 0.000000 0.000000
0.000000 0.000000 0.000000 0.000000 0.000000 0.000000 0.000000 0.000000 0.000000 0.000000 0.000000 0.000000 0.000000 0.000000 0.000000 0.000000 0.000000 0.000000 0.000000 0.000000 0.000000