geotop/1.0zi/1.0Montebello/Templates/testdem/maps/_Eocclay7426.asc
ncols         21
nrows         20
xllcorner     100.000000
yllcorner     100.000000
cellsize      50.000000
NODATA_value  -9999.0
0.000000 0.000000 0.000000 0.000000 0.000000 0.000000 0.000000 0.000000 0.000000 0.000000 0.000000 0.000000 0.000000 0.000000 0.000000 0.000000 0.000000 0.000000 0.000000 0.000000 0.000000
0.000000 0.000000 0.349660 0.349661 0.349661 0.349660 0.349661 0.349661 0.349661 0.349661 0.349660 0.349661 0.349661 0.349661 0.349662 0.349661 0.349659 0.349660 0.349661 0.000000 0.000000
0.000000 0.000000 0.349986 0.349986 0.349986 0.349987 0.349986 0.349985 0.349986 0.349986 0.349985 0.349985 0.349986 0.349985 0.349986 0.349986 0.349987 0.349986 0.349984 0.000000 0.000000
0.000000 0.000000 0.350006 0.350011 0.350008 0.350007 0.350009 0.350007 0.350009 0.350006 0.350009 0.350007 0.350007 0.350006 0.350008 0.350010 0.350008 0.350012 0.350011 0.000000 0.000000
0.000000 0.000000 0.350944 0.350941 0.350938 0.350932 0.350917 0.350915 0.350912 0.350915 0.350912 0.350912 0.350908 0.350912 0.350922 0.350923 0.350931 0.350932 0.350939 0.000000 0.000000
0.000000 0.000000 0.353439 0.353438 0.353427 0.353401 0.353388 0.353365 0.353366 0.353360 0.353363 0.353363 0.353365 0.353366 0.353376 0.353395 0.353408 0.353422 0.353428 0.000000 0.000000
0.000000 0.000000 0.356901 0.356898 0.356890 0.356867 0.356839 0.356803 0.356802 0.356797 0.356798 0.356799 0.356799 0.356799 0.356830 0.356858 0.356873 0.356885 0.356893 0.000000 0.000000
0.000000 0.000000 0.361028 0.361026 0.361018 0.360991 0.360963 0.360925 0.360924 0.360921 0.360920 0.360917 0.360915 0.360923 0.360955 0.360979 0.361003 0.361012 0.361024 0.000000 0.000000
0.000000 0.000000 0.365351 0.365345 0.365332 0.365315 0.365286 0.365247 0.365250 0.365241 0.365238 0.365236 0.365237 0.365236 0.365274 0.365306 0.365324 0.365333 0.365343 0.000000 0.000000
0.000000 0.000000 0.369873 0.369864 0.369858 0.369841 0.369798 0.369763 0.369764 0.369759 0.369753 0.369756 0.369762 0.369759 0.369792 0.369828 0.369850 0.369857 0.369865 0.000000 0.000000
0.000000 0.000000 0.374728 0.374722 0.374714 0.374680 0.374650 0.374609 0.374618 0.374596 0.374598 0.374598 0.374590 0.374605 0.374633 0.374656 0.374683 0.374698 0.374717 0.000000 0.000000
0.000000 0.000000 0.380025 0.380012 0.379996 0.379972 0.379940 0.379890 0.379888 0.379881 0.379892 0.379874 0.379878 0.379882 0.379934 0.379960 0.379979 0.379990 0.380036 0.000000 0.000000
0.000000 0.000000 0.385668 0.385654 0.385647 0.385616 0.385588 0.385465 0.385463 0.385455 0.385424 0.385439 0.385447 0.385458 0.385553 0.385580 0.385627 0.385632 0.385659 0.000000 0.000000
0.000000 0.000000 0.392132 0.392127 0.392102 0.392080 0.391935 0.391932 0.391901 0.391901 0.391904 0.391898 0.391895 0.391890 0.391887 0.392038 0.392069 0.392109 0.392141 0.000000 0.000000
0.000000 0.000000 0.399613 0.399601 0.399569 0.399395 0.399388 0.399303 0.399257 0.399247 0.399218 0.399196 0.399215 0.399209 0.399292 0.399311 0.399545 0.399516 0.399527 0.000000 0.000000
0.000000 0.000000 0.407807 0.407795 0.407547 0.407582 0.407567 0.407530 0.407612 0.407582 0.407622 0.407599 0.407562 0.407624 0.407643 0.407656 0.407524 0.407867 0.407863 0.000000 0.000000
0.000000 0.000000 0.417952 0.417562 0.417582 0.417453 0.417257 0.417198 0.417116 0.417133 0.417027 0.417032 0.417088 0.417039 0.417136 0.417281 0.417566 0.417444 0.417845 0.000000 0.000000
0.000000 0.000000 0.423041 0.423332 0.423699 0.423671 0.423645 0.423303 0.423334 0.423243 0.423371 0.423341 0.423333 0.423372 0.423671 0.423688 0.423765 0.423444 0.423165 0.000000 0.000000
0.000000 0.000000 0.350000 0.350000 0.350000 0.350000 0.350000 0.350000 0.350000 0.350000 0.350000 0.350000 0.350000 0.350000 0.350000 0.350000 0.350000 0.350000 0.350000 0.000000 0.000000
0.000000 0.000000 0.000000 0.000000 0.000000 0.000000 0.000000 0.000000 0.000000 0.000000 0.000000 0.000000 0.000000 0.000000 0.000000 0.000000 0.000000 0.000000 0.000000 0.000000 0.000000