geotop/1.0zi/1.0Montebello/Templates/testdem/maps/_Eocsand2244.asc
ncols         21
nrows         20
xllcorner     100.000000
yllcorner     100.000000
cellsize      50.000000
NODATA_value  -9999.0
0.000000 0.000000 0.000000 0.000000 0.000000 0.000000 0.000000 0.000000 0.000000 0.000000 0.000000 0.000000 0.000000 0.000000 0.000000 0.000000 0.000000 0.000000 0.000000 0.000000 0.000000
0.000000 0.000000 0.300068 0.300068 0.300068 0.300068 0.300068 0.300068 0.300068 0.300068 0.300068 0.300068 0.300068 0.300068 0.300068 0.300068 0.300068 0.300068 0.300068 0.000000 0.000000
0.000000 0.000000 0.300011 0.300011 0.300011 0.300010 0.300011 0.300011 0.300011 0.300011 0.300011 0.300011 0.300011 0.300011 0.300011 0.300010 0.300011 0.300011 0.300011 0.000000 0.000000
0.000000 0.000000 0.298606 0.298607 0.298611 0.298609 0.298605 0.298606 0.298606 0.298606 0.298606 0.298606 0.298606 0.298606 0.298605 0.298609 0.298611 0.298607 0.298606 0.000000 0.000000
0.000000 0.000000 0.292652 0.292653 0.292657 0.292657 0.292651 0.292653 0.292652 0.292650 0.292650 0.292650 0.292652 0.292653 0.292651 0.292657 0.292657 0.292653 0.292652 0.000000 0.000000
0.000000 0.000000 0.285235 0.285236 0.285239 0.285239 0.285234 0.285235 0.285235 0.285233 0.285233 0.285233 0.285235 0.285235 0.285234 0.285239 0.285239 0.285236 0.285235 0.000000 0.000000
0.000000 0.000000 0.278306 0.278307 0.278309 0.278309 0.278305 0.278306 0.278306 0.278305 0.278304 0.278305 0.278306 0.278306 0.278305 0.278309 0.278309 0.278307 0.278306 0.000000 0.000000
0.000000 0.000000 0.271950 0.271950 0.271953 0.271952 0.271949 0.271950 0.271950 0.271949 0.271948 0.271949 0.271950 0.271950 0.271949 0.271952 0.271953 0.271950 0.271950 0.000000 0.000000
0.000000 0.000000 0.266011 0.266012 0.266014 0.266014 0.266010 0.266012 0.266011 0.266010 0.266010 0.266010 0.266011 0.266012 0.266010 0.266014 0.266014 0.266012 0.266011 0.000000 0.000000
0.000000 0.000000 0.260348 0.260349 0.260351 0.260351 0.260348 0.260349 0.260349 0.260348 0.260347 0.260348 0.260349 0.260349 0.260348 0.260351 0.260351 0.260349 0.260348 0.000000 0.000000
0.000000 0.000000 0.254896 0.254897 0.254899 0.254898 0.254896 0.254897 0.254897 0.254895 0.254895 0.254895 0.254897 0.254897 0.254896 0.254898 0.254899 0.254897 0.254896 0.000000 0.000000
0.000000 0.000000 0.249605 0.249606 0.249608 0.249607 0.249605 0.249606 0.249606 0.249604 0.249604 0.249604 0.249606 0.249606 0.249605 0.249607 0.249608 0.249606 0.249605 0.000000 0.000000
0.000000 0.000000 0.244440 0.244441 0.244443 0.244442 0.244440 0.244441 0.244441 0.244440 0.244439 0.244440 0.244441 0.244441 0.244440 0.244442 0.244443 0.244441 0.244440 0.000000 0.000000
0.000000 0.000000 0.239390 0.239391 0.239393 0.239392 0.239390 0.239391 0.239390 0.239389 0.239389 0.239389 0.239390 0.239391 0.239390 0.239392 0.239393 0.239391 0.239390 0.000000 0.000000
0.000000 0.000000 0.234433 0.234433 0.234436 0.234435 0.234432 0.234433 0.234433 0.234432 0.234432 0.234432 0.234433 0.234433 0.234432 0.234435 0.234436 0.234433 0.234433 0.000000 0.000000
0.000000 0.000000 0.229560 0.229561 0.229563 0.229562 0.229560 0.229561 0.229561 0.229560 0.229559 0.229560 0.229561 0.229561 0.229560 0.229562 0.229563 0.229561 0.229560 0.000000 0.000000
0.000000 0.000000 0.224768 0.224769 0.224771 0.224770 0.224768 0.224768 0.224768 0.224767 0.224767 0.224767 0.224768 0.224768 0.224768 0.224770 0.224771 0.224769 0.224768 0.000000 0.000000
0.000000 0.000000 0.219988 0.219988 0.219990 0.219990 0.219987 0.219988 0.219988 0.219987 0.219987 0.219987 0.219988 0.219988 0.219987 0.219990 0.219990 0.219988 0.219988 0.000000 0.000000
0.000000 0.000000 0.300000 0.300000 0.300000 0.300000 0.300000 0.300000 0.300000 0.300000 0.300000 0.300000 0.300000 0.300000 0.300000 0.300000 0.300000 0.300000 0.300000 0.000000 0.000000
0.000000 0.000000 0.000000 0.000000 0.000000 0.000000 0.000000 0.000000 0.000000 0.000000 0.000000 0.000000 0.000000 0.000000 0.000000 0.000000 0.000000 0.000000 0.000000 0.000000 0.000000