geotop/1.0zi/1.0Montebello/Templates/testdem/maps/_Eocclay6099.asc
ncols         21
nrows         20
xllcorner     100.000000
yllcorner     100.000000
cellsize      50.000000
NODATA_value  -9999.0
0.000000 0.000000 0.000000 0.000000 0.000000 0.000000 0.000000 0.000000 0.000000 0.000000 0.000000 0.000000 0.000000 0.000000 0.000000 0.000000 0.000000 0.000000 0.000000 0.000000 0.000000
0.000000 0.000000 0.349730 0.349730 0.349731 0.349731 0.349731 0.349731 0.349731 0.349731 0.349731 0.349731 0.349731 0.349730 0.349731 0.349731 0.349730 0.349730 0.349730 0.000000 0.000000
0.000000 0.000000 0.349989 0.349989 0.349989 0.349989 0.349989 0.349989 0.349989 0.349989 0.349989 0.349988 0.349989 0.349989 0.349989 0.349989 0.349989 0.349989 0.349989 0.000000 0.000000
0.000000 0.000000 0.349983 0.349985 0.349983 0.349985 0.349987 0.349987 0.349987 0.349985 0.349987 0.349985 0.349986 0.349984 0.349986 0.349988 0.349986 0.349987 0.349986 0.000000 0.000000
0.000000 0.000000 0.350507 0.350506 0.350505 0.350501 0.350490 0.350486 0.350487 0.350488 0.350487 0.350487 0.350483 0.350484 0.350488 0.350488 0.350494 0.350496 0.350501 0.000000 0.000000
0.000000 0.000000 0.352202 0.352203 0.352197 0.352177 0.352170 0.352153 0.352153 0.352149 0.352152 0.352152 0.352155 0.352155 0.352160 0.352173 0.352180 0.352192 0.352197 0.000000 0.000000
0.000000 0.000000 0.354694 0.354692 0.354688 0.354671 0.354650 0.354622 0.354621 0.354617 0.354619 0.354621 0.354621 0.354620 0.354641 0.354663 0.354673 0.354682 0.354689 0.000000 0.000000
0.000000 0.000000 0.357716 0.357715 0.357712 0.357691 0.357670 0.357640 0.357640 0.357637 0.357638 0.357637 0.357635 0.357640 0.357663 0.357682 0.357698 0.357704 0.357714 0.000000 0.000000
0.000000 0.000000 0.360806 0.360803 0.360795 0.360783 0.360762 0.360733 0.360735 0.360729 0.360726 0.360728 0.360727 0.360725 0.360753 0.360775 0.360789 0.360793 0.360802 0.000000 0.000000
0.000000 0.000000 0.363950 0.363945 0.363942 0.363932 0.363902 0.363874 0.363876 0.363873 0.363869 0.363873 0.363877 0.363873 0.363896 0.363922 0.363937 0.363940 0.363946 0.000000 0.000000
0.000000 0.000000 0.367231 0.367227 0.367225 0.367203 0.367183 0.367152 0.367158 0.367144 0.367144 0.367146 0.367142 0.367150 0.367168 0.367185 0.367201 0.367211 0.367225 0.000000 0.000000
0.000000 0.000000 0.370692 0.370684 0.370675 0.370659 0.370640 0.370604 0.370605 0.370597 0.370606 0.370596 0.370598 0.370600 0.370633 0.370650 0.370662 0.370667 0.370701 0.000000 0.000000
0.000000 0.000000 0.374269 0.374262 0.374259 0.374240 0.374223 0.374148 0.374148 0.374142 0.374125 0.374134 0.374140 0.374145 0.374201 0.374217 0.374244 0.374246 0.374270 0.000000 0.000000
0.000000 0.000000 0.378183 0.378178 0.378167 0.378155 0.378080 0.378063 0.378046 0.378045 0.378040 0.378042 0.378042 0.378040 0.378049 0.378125 0.378147 0.378166 0.378191 0.000000 0.000000
0.000000 0.000000 0.382524 0.382518 0.382500 0.382421 0.382399 0.382355 0.382326 0.382321 0.382307 0.382299 0.382308 0.382302 0.382336 0.382370 0.382482 0.382473 0.382488 0.000000 0.000000
0.000000 0.000000 0.387144 0.387139 0.387033 0.387019 0.387013 0.386986 0.387009 0.386997 0.387006 0.386995 0.386982 0.387004 0.387021 0.387031 0.387017 0.387152 0.387155 0.000000 0.000000
0.000000 0.000000 0.392497 0.392351 0.392307 0.392265 0.392196 0.392162 0.392148 0.392147 0.392114 0.392111 0.392125 0.392118 0.392158 0.392212 0.392296 0.392317 0.392466 0.000000 0.000000
0.000000 0.000000 0.396286 0.396306 0.396438 0.396406 0.396357 0.396222 0.396220 0.396189 0.396212 0.396204 0.396212 0.396217 0.396340 0.396376 0.396459 0.396323 0.396312 0.000000 0.000000
0.000000 0.000000 0.350000 0.350000 0.350000 0.350000 0.350000 0.350000 0.350000 0.350000 0.350000 0.350000 0.350000 0.350000 0.350000 0.350000 0.350000 0.350000 0.350000 0.000000 0.000000
0.000000 0.000000 0.000000 0.000000 0.000000 0.000000 0.000000 0.000000 0.000000 0.000000 0.000000 0.000000 0.000000 0.000000 0.000000 0.000000 0.000000 0.000000 0.000000 0.000000 0.000000