geotop/1.0zi/1.0Montebello/Templates/testdem/maps/_Eocsilt5459.asc
ncols         21
nrows         20
xllcorner     100.000000
yllcorner     100.000000
cellsize      50.000000
NODATA_value  -9999.0
0.000000 0.000000 0.000000 0.000000 0.000000 0.000000 0.000000 0.000000 0.000000 0.000000 0.000000 0.000000 0.000000 0.000000 0.000000 0.000000 0.000000 0.000000 0.000000 0.000000 0.000000
0.000000 0.000000 0.350109 0.350109 0.350110 0.350109 0.350109 0.350110 0.350110 0.350110 0.350109 0.350109 0.350109 0.350109 0.350109 0.350110 0.350110 0.350109 0.350109 0.000000 0.000000
0.000000 0.000000 0.350002 0.350002 0.350002 0.350003 0.350003 0.350003 0.350003 0.350003 0.350003 0.350003 0.350003 0.350003 0.350003 0.350002 0.350001 0.350001 0.350002 0.000000 0.000000
0.000000 0.000000 0.350038 0.350037 0.350037 0.350032 0.350033 0.350031 0.350033 0.350034 0.350033 0.350033 0.350033 0.350032 0.350033 0.350036 0.350037 0.350039 0.350037 0.000000 0.000000
0.000000 0.000000 0.350444 0.350447 0.350445 0.350442 0.350439 0.350434 0.350433 0.350431 0.350428 0.350431 0.350431 0.350432 0.350437 0.350440 0.350439 0.350448 0.350451 0.000000 0.000000
0.000000 0.000000 0.351798 0.351801 0.351798 0.351784 0.351775 0.351758 0.351756 0.351752 0.351757 0.351759 0.351760 0.351756 0.351761 0.351766 0.351775 0.351778 0.351782 0.000000 0.000000
0.000000 0.000000 0.353920 0.353918 0.353914 0.353897 0.353877 0.353855 0.353856 0.353854 0.353857 0.353857 0.353853 0.353857 0.353871 0.353887 0.353894 0.353903 0.353909 0.000000 0.000000
0.000000 0.000000 0.356496 0.356496 0.356497 0.356481 0.356461 0.356437 0.356438 0.356435 0.356435 0.356435 0.356434 0.356435 0.356453 0.356471 0.356485 0.356487 0.356495 0.000000 0.000000
0.000000 0.000000 0.359195 0.359191 0.359185 0.359174 0.359155 0.359127 0.359128 0.359124 0.359121 0.359123 0.359123 0.359120 0.359145 0.359164 0.359177 0.359181 0.359189 0.000000 0.000000
0.000000 0.000000 0.361886 0.361881 0.361880 0.361873 0.361846 0.361822 0.361824 0.361821 0.361818 0.361822 0.361824 0.361821 0.361839 0.361860 0.361873 0.361875 0.361880 0.000000 0.000000
0.000000 0.000000 0.364632 0.364630 0.364630 0.364611 0.364593 0.364567 0.364572 0.364560 0.364560 0.364562 0.364558 0.364564 0.364579 0.364592 0.364606 0.364614 0.364625 0.000000 0.000000
0.000000 0.000000 0.367504 0.367497 0.367491 0.367478 0.367462 0.367430 0.367432 0.367425 0.367433 0.367426 0.367426 0.367428 0.367455 0.367467 0.367477 0.367481 0.367510 0.000000 0.000000
0.000000 0.000000 0.370433 0.370427 0.370426 0.370411 0.370397 0.370335 0.370335 0.370330 0.370317 0.370324 0.370328 0.370333 0.370376 0.370387 0.370409 0.370411 0.370432 0.000000 0.000000
0.000000 0.000000 0.373590 0.373586 0.373579 0.373570 0.373513 0.373495 0.373482 0.373481 0.373476 0.373479 0.373479 0.373476 0.373483 0.373539 0.373558 0.373573 0.373594 0.000000 0.000000
0.000000 0.000000 0.377040 0.377037 0.377023 0.376965 0.376946 0.376910 0.376887 0.376883 0.376872 0.376866 0.376872 0.376866 0.376891 0.376919 0.377005 0.376998 0.377011 0.000000 0.000000
0.000000 0.000000 0.380676 0.380670 0.380597 0.380581 0.380575 0.380552 0.380564 0.380555 0.380561 0.380553 0.380544 0.380558 0.380571 0.380580 0.380578 0.380673 0.380676 0.000000 0.000000
0.000000 0.000000 0.384788 0.384688 0.384648 0.384619 0.384571 0.384545 0.384539 0.384537 0.384515 0.384512 0.384519 0.384516 0.384542 0.384578 0.384634 0.384664 0.384764 0.000000 0.000000
0.000000 0.000000 0.387866 0.387862 0.387949 0.387923 0.387882 0.387787 0.387784 0.387763 0.387774 0.387769 0.387775 0.387776 0.387862 0.387891 0.387958 0.387867 0.387877 0.000000 0.000000
0.000000 0.000000 0.350000 0.350000 0.350000 0.350000 0.350000 0.350000 0.350000 0.350000 0.350000 0.350000 0.350000 0.350000 0.350000 0.350000 0.350000 0.350000 0.350000 0.000000 0.000000
0.000000 0.000000 0.000000 0.000000 0.000000 0.000000 0.000000 0.000000 0.000000 0.000000 0.000000 0.000000 0.000000 0.000000 0.000000 0.000000 0.000000 0.000000 0.000000 0.000000 0.000000