geotop/1.0zi/1.0Montebello/Templates/testdem/maps/_Eocsand5684.asc
ncols         21
nrows         20
xllcorner     100.000000
yllcorner     100.000000
cellsize      50.000000
NODATA_value  -9999.0
0.000000 0.000000 0.000000 0.000000 0.000000 0.000000 0.000000 0.000000 0.000000 0.000000 0.000000 0.000000 0.000000 0.000000 0.000000 0.000000 0.000000 0.000000 0.000000 0.000000 0.000000
0.000000 0.000000 0.300142 0.300141 0.300141 0.300141 0.300141 0.300140 0.300141 0.300141 0.300141 0.300141 0.300141 0.300141 0.300141 0.300141 0.300141 0.300141 0.300142 0.000000 0.000000
0.000000 0.000000 0.300009 0.300008 0.300008 0.300008 0.300008 0.300008 0.300008 0.300008 0.300008 0.300008 0.300007 0.300007 0.300008 0.300008 0.300009 0.300010 0.300009 0.000000 0.000000
0.000000 0.000000 0.299967 0.299966 0.299969 0.299973 0.299971 0.299973 0.299970 0.299972 0.299971 0.299973 0.299973 0.299974 0.299970 0.299965 0.299966 0.299963 0.299965 0.000000 0.000000
0.000000 0.000000 0.298997 0.298994 0.298996 0.299004 0.299018 0.299026 0.299026 0.299027 0.299030 0.299028 0.299031 0.299029 0.299020 0.299018 0.299014 0.299003 0.298995 0.000000 0.000000
0.000000 0.000000 0.295912 0.295907 0.295916 0.295949 0.295966 0.296000 0.296001 0.296009 0.296002 0.295999 0.295995 0.296000 0.295990 0.295971 0.295957 0.295941 0.295933 0.000000 0.000000
0.000000 0.000000 0.291351 0.291355 0.291361 0.291395 0.291436 0.291486 0.291484 0.291490 0.291486 0.291484 0.291487 0.291486 0.291451 0.291413 0.291397 0.291379 0.291366 0.000000 0.000000
0.000000 0.000000 0.285835 0.285834 0.285835 0.285872 0.285912 0.285966 0.285964 0.285970 0.285969 0.285970 0.285973 0.285967 0.285928 0.285892 0.285863 0.285855 0.285837 0.000000 0.000000
0.000000 0.000000 0.280151 0.280159 0.280171 0.280192 0.280232 0.280289 0.280286 0.280296 0.280300 0.280297 0.280298 0.280303 0.280253 0.280213 0.280187 0.280178 0.280162 0.000000 0.000000
0.000000 0.000000 0.274429 0.274439 0.274442 0.274457 0.274514 0.274565 0.274560 0.274567 0.274574 0.274566 0.274560 0.274567 0.274527 0.274482 0.274455 0.274451 0.274439 0.000000 0.000000
0.000000 0.000000 0.268525 0.268531 0.268531 0.268571 0.268610 0.268666 0.268653 0.268680 0.268679 0.268676 0.268683 0.268670 0.268639 0.268610 0.268580 0.268563 0.268539 0.000000 0.000000
0.000000 0.000000 0.262334 0.262347 0.262361 0.262389 0.262423 0.262490 0.262487 0.262503 0.262485 0.262502 0.262499 0.262495 0.262438 0.262411 0.262390 0.262381 0.262318 0.000000 0.000000
0.000000 0.000000 0.255983 0.255995 0.255998 0.256030 0.256061 0.256195 0.256195 0.256207 0.256234 0.256219 0.256209 0.256200 0.256104 0.256079 0.256032 0.256027 0.255982 0.000000 0.000000
0.000000 0.000000 0.249093 0.249101 0.249117 0.249137 0.249266 0.249301 0.249330 0.249331 0.249341 0.249336 0.249335 0.249341 0.249327 0.249199 0.249159 0.249126 0.249081 0.000000 0.000000
0.000000 0.000000 0.241517 0.241527 0.241554 0.241686 0.241729 0.241806 0.241857 0.241865 0.241890 0.241903 0.241888 0.241901 0.241845 0.241783 0.241593 0.241608 0.241581 0.000000 0.000000
0.000000 0.000000 0.233510 0.233519 0.233690 0.233721 0.233732 0.233782 0.233748 0.233769 0.233754 0.233773 0.233794 0.233761 0.233732 0.233714 0.233726 0.233505 0.233499 0.000000 0.000000
0.000000 0.000000 0.224360 0.224594 0.224676 0.224744 0.224857 0.224916 0.224934 0.224937 0.224987 0.224995 0.224974 0.224984 0.224921 0.224837 0.224703 0.224649 0.224412 0.000000 0.000000
0.000000 0.000000 0.217657 0.217650 0.217442 0.217501 0.217593 0.217814 0.217818 0.217867 0.217836 0.217849 0.217834 0.217831 0.217630 0.217565 0.217417 0.217631 0.217624 0.000000 0.000000
0.000000 0.000000 0.300000 0.300000 0.300000 0.300000 0.300000 0.300000 0.300000 0.300000 0.300000 0.300000 0.300000 0.300000 0.300000 0.300000 0.300000 0.300000 0.300000 0.000000 0.000000
0.000000 0.000000 0.000000 0.000000 0.000000 0.000000 0.000000 0.000000 0.000000 0.000000 0.000000 0.000000 0.000000 0.000000 0.000000 0.000000 0.000000 0.000000 0.000000 0.000000 0.000000