geotop/1.0zi/1.0Montebello/Templates/testdem/maps/_Eocsand4780.asc
ncols         21
nrows         20
xllcorner     100.000000
yllcorner     100.000000
cellsize      50.000000
NODATA_value  -9999.0
0.000000 0.000000 0.000000 0.000000 0.000000 0.000000 0.000000 0.000000 0.000000 0.000000 0.000000 0.000000 0.000000 0.000000 0.000000 0.000000 0.000000 0.000000 0.000000 0.000000 0.000000
0.000000 0.000000 0.300118 0.300118 0.300117 0.300117 0.300117 0.300118 0.300118 0.300118 0.300118 0.300118 0.300118 0.300118 0.300117 0.300117 0.300118 0.300118 0.300118 0.000000 0.000000
0.000000 0.000000 0.300006 0.300005 0.300005 0.300005 0.300005 0.300005 0.300005 0.300005 0.300005 0.300005 0.300005 0.300005 0.300005 0.300005 0.300007 0.300007 0.300006 0.000000 0.000000
0.000000 0.000000 0.299975 0.299973 0.299975 0.299979 0.299976 0.299979 0.299977 0.299977 0.299977 0.299978 0.299978 0.299980 0.299976 0.299972 0.299973 0.299971 0.299974 0.000000 0.000000
0.000000 0.000000 0.299268 0.299266 0.299267 0.299277 0.299288 0.299293 0.299294 0.299298 0.299300 0.299295 0.299298 0.299296 0.299287 0.299286 0.299281 0.299272 0.299266 0.000000 0.000000
0.000000 0.000000 0.296808 0.296802 0.296813 0.296839 0.296850 0.296879 0.296883 0.296893 0.296884 0.296881 0.296874 0.296873 0.296867 0.296851 0.296839 0.296830 0.296821 0.000000 0.000000
0.000000 0.000000 0.293042 0.293046 0.293056 0.293085 0.293118 0.293157 0.293156 0.293164 0.293157 0.293158 0.293158 0.293153 0.293125 0.293092 0.293077 0.293064 0.293051 0.000000 0.000000
0.000000 0.000000 0.288592 0.288597 0.288601 0.288631 0.288666 0.288706 0.288704 0.288711 0.288709 0.288709 0.288712 0.288709 0.288671 0.288636 0.288617 0.288610 0.288597 0.000000 0.000000
0.000000 0.000000 0.284045 0.284054 0.284065 0.284088 0.284121 0.284166 0.284163 0.284172 0.284171 0.284168 0.284171 0.284167 0.284131 0.284092 0.284077 0.284067 0.284051 0.000000 0.000000
0.000000 0.000000 0.279504 0.279513 0.279521 0.279544 0.279584 0.279624 0.279619 0.279626 0.279625 0.279623 0.279627 0.279627 0.279586 0.279548 0.279532 0.279524 0.279511 0.000000 0.000000
0.000000 0.000000 0.274890 0.274900 0.274906 0.274926 0.274957 0.275005 0.275001 0.275012 0.275011 0.275008 0.275012 0.275010 0.274975 0.274945 0.274925 0.274916 0.274901 0.000000 0.000000
0.000000 0.000000 0.270108 0.270115 0.270128 0.270156 0.270188 0.270235 0.270236 0.270243 0.270241 0.270242 0.270244 0.270243 0.270198 0.270164 0.270145 0.270137 0.270088 0.000000 0.000000
0.000000 0.000000 0.265249 0.265259 0.265271 0.265293 0.265331 0.265430 0.265429 0.265438 0.265438 0.265436 0.265441 0.265437 0.265352 0.265310 0.265291 0.265283 0.265253 0.000000 0.000000
0.000000 0.000000 0.260085 0.260103 0.260111 0.260134 0.260238 0.260265 0.260280 0.260288 0.260286 0.260285 0.260290 0.260288 0.260259 0.260159 0.260138 0.260117 0.260100 0.000000 0.000000
0.000000 0.000000 0.254497 0.254511 0.254539 0.254631 0.254680 0.254743 0.254774 0.254785 0.254798 0.254798 0.254793 0.254801 0.254752 0.254683 0.254571 0.254576 0.254560 0.000000 0.000000
0.000000 0.000000 0.248704 0.248719 0.248830 0.248849 0.248882 0.248915 0.248917 0.248920 0.248913 0.248914 0.248928 0.248906 0.248888 0.248860 0.248860 0.248739 0.248710 0.000000 0.000000
0.000000 0.000000 0.242230 0.242380 0.242469 0.242513 0.242593 0.242635 0.242644 0.242651 0.242666 0.242664 0.242661 0.242671 0.242639 0.242551 0.242493 0.242437 0.242289 0.000000 0.000000
0.000000 0.000000 0.237226 0.237254 0.237158 0.237214 0.237281 0.237428 0.237441 0.237456 0.237448 0.237449 0.237457 0.237443 0.237310 0.237238 0.237156 0.237282 0.237229 0.000000 0.000000
0.000000 0.000000 0.300000 0.300000 0.300000 0.300000 0.300000 0.300000 0.300000 0.300000 0.300000 0.300000 0.300000 0.300000 0.300000 0.300000 0.300000 0.300000 0.300000 0.000000 0.000000
0.000000 0.000000 0.000000 0.000000 0.000000 0.000000 0.000000 0.000000 0.000000 0.000000 0.000000 0.000000 0.000000 0.000000 0.000000 0.000000 0.000000 0.000000 0.000000 0.000000 0.000000