geotop/1.0zi/1.0Montebello/Templates/testdem/maps/_Eocsilt1013.asc
ncols         21
nrows         20
xllcorner     100.000000
yllcorner     100.000000
cellsize      50.000000
NODATA_value  -9999.0
0.000000 0.000000 0.000000 0.000000 0.000000 0.000000 0.000000 0.000000 0.000000 0.000000 0.000000 0.000000 0.000000 0.000000 0.000000 0.000000 0.000000 0.000000 0.000000 0.000000 0.000000
0.000000 0.000000 0.350019 0.350019 0.350019 0.350019 0.350019 0.350019 0.350019 0.350019 0.350019 0.350019 0.350019 0.350019 0.350019 0.350019 0.350019 0.350019 0.350019 0.000000 0.000000
0.000000 0.000000 0.350001 0.350001 0.350001 0.350001 0.350001 0.350001 0.350001 0.350001 0.350001 0.350001 0.350001 0.350001 0.350001 0.350001 0.350001 0.350001 0.350001 0.000000 0.000000
0.000000 0.000000 0.350460 0.350459 0.350457 0.350458 0.350460 0.350460 0.350460 0.350460 0.350460 0.350460 0.350460 0.350460 0.350460 0.350458 0.350457 0.350459 0.350460 0.000000 0.000000
0.000000 0.000000 0.351956 0.351955 0.351953 0.351953 0.351956 0.351956 0.351955 0.351956 0.351956 0.351956 0.351955 0.351956 0.351956 0.351953 0.351953 0.351955 0.351956 0.000000 0.000000
0.000000 0.000000 0.353731 0.353731 0.353729 0.353729 0.353732 0.353731 0.353731 0.353732 0.353732 0.353732 0.353731 0.353731 0.353732 0.353729 0.353729 0.353731 0.353731 0.000000 0.000000
0.000000 0.000000 0.355359 0.355359 0.355357 0.355357 0.355359 0.355359 0.355359 0.355359 0.355359 0.355359 0.355359 0.355359 0.355359 0.355357 0.355357 0.355359 0.355359 0.000000 0.000000
0.000000 0.000000 0.356854 0.356853 0.356852 0.356852 0.356854 0.356854 0.356854 0.356854 0.356854 0.356854 0.356854 0.356854 0.356854 0.356852 0.356852 0.356853 0.356854 0.000000 0.000000
0.000000 0.000000 0.358254 0.358254 0.358253 0.358253 0.358254 0.358254 0.358254 0.358255 0.358255 0.358255 0.358254 0.358254 0.358254 0.358253 0.358253 0.358254 0.358254 0.000000 0.000000
0.000000 0.000000 0.359597 0.359597 0.359596 0.359596 0.359597 0.359597 0.359597 0.359597 0.359597 0.359597 0.359597 0.359597 0.359597 0.359596 0.359596 0.359597 0.359597 0.000000 0.000000
0.000000 0.000000 0.360896 0.360895 0.360894 0.360894 0.360896 0.360896 0.360896 0.360896 0.360896 0.360896 0.360896 0.360896 0.360896 0.360894 0.360894 0.360895 0.360896 0.000000 0.000000
0.000000 0.000000 0.362164 0.362164 0.362163 0.362163 0.362164 0.362164 0.362164 0.362164 0.362164 0.362164 0.362164 0.362164 0.362164 0.362163 0.362163 0.362164 0.362164 0.000000 0.000000
0.000000 0.000000 0.363412 0.363412 0.363410 0.363411 0.363412 0.363412 0.363412 0.363412 0.363412 0.363412 0.363412 0.363412 0.363412 0.363411 0.363410 0.363412 0.363412 0.000000 0.000000
0.000000 0.000000 0.364639 0.364639 0.364638 0.364638 0.364639 0.364639 0.364639 0.364639 0.364639 0.364639 0.364639 0.364639 0.364639 0.364638 0.364638 0.364639 0.364639 0.000000 0.000000
0.000000 0.000000 0.365853 0.365853 0.365851 0.365852 0.365853 0.365853 0.365853 0.365853 0.365853 0.365853 0.365853 0.365853 0.365853 0.365852 0.365851 0.365853 0.365853 0.000000 0.000000
0.000000 0.000000 0.367058 0.367057 0.367056 0.367056 0.367058 0.367058 0.367058 0.367058 0.367058 0.367058 0.367058 0.367058 0.367058 0.367056 0.367056 0.367057 0.367058 0.000000 0.000000
0.000000 0.000000 0.368249 0.368249 0.368248 0.368248 0.368249 0.368249 0.368249 0.368249 0.368249 0.368249 0.368249 0.368249 0.368249 0.368248 0.368248 0.368249 0.368249 0.000000 0.000000
0.000000 0.000000 0.369467 0.369467 0.369466 0.369466 0.369468 0.369467 0.369467 0.369468 0.369468 0.369468 0.369467 0.369467 0.369468 0.369466 0.369466 0.369467 0.369468 0.000000 0.000000
0.000000 0.000000 0.350000 0.350000 0.350000 0.350000 0.350000 0.350000 0.350000 0.350000 0.350000 0.350000 0.350000 0.350000 0.350000 0.350000 0.350000 0.350000 0.350000 0.000000 0.000000
0.000000 0.000000 0.000000 0.000000 0.000000 0.000000 0.000000 0.000000 0.000000 0.000000 0.000000 0.000000 0.000000 0.000000 0.000000 0.000000 0.000000 0.000000 0.000000 0.000000 0.000000