geotop/1.0zi/1.0Montebello/Templates/testdem/maps/_Eocsilt8434.asc
ncols         21
nrows         20
xllcorner     100.000000
yllcorner     100.000000
cellsize      50.000000
NODATA_value  -9999.0
0.000000 0.000000 0.000000 0.000000 0.000000 0.000000 0.000000 0.000000 0.000000 0.000000 0.000000 0.000000 0.000000 0.000000 0.000000 0.000000 0.000000 0.000000 0.000000 0.000000 0.000000
0.000000 0.000000 0.350174 0.350174 0.350174 0.350175 0.350174 0.350174 0.350174 0.350174 0.350175 0.350174 0.350174 0.350174 0.350174 0.350174 0.350175 0.350175 0.350174 0.000000 0.000000
0.000000 0.000000 0.350006 0.350006 0.350006 0.350005 0.350006 0.350006 0.350006 0.350006 0.350006 0.350006 0.350007 0.350007 0.350006 0.350005 0.350004 0.350004 0.350005 0.000000 0.000000
0.000000 0.000000 0.350102 0.350099 0.350097 0.350091 0.350092 0.350087 0.350090 0.350090 0.350087 0.350089 0.350089 0.350089 0.350092 0.350095 0.350099 0.350098 0.350100 0.000000 0.000000
0.000000 0.000000 0.351048 0.351055 0.351047 0.351037 0.351030 0.351023 0.351020 0.351019 0.351018 0.351019 0.351020 0.351021 0.351034 0.351039 0.351042 0.351053 0.351054 0.000000 0.000000
0.000000 0.000000 0.353832 0.353831 0.353824 0.353807 0.353788 0.353765 0.353762 0.353756 0.353761 0.353761 0.353762 0.353761 0.353775 0.353788 0.353801 0.353809 0.353815 0.000000 0.000000
0.000000 0.000000 0.357860 0.357854 0.357845 0.357817 0.357782 0.357746 0.357746 0.357743 0.357743 0.357742 0.357739 0.357744 0.357776 0.357803 0.357821 0.357837 0.357844 0.000000 0.000000
0.000000 0.000000 0.362635 0.362632 0.362626 0.362597 0.362566 0.362525 0.362524 0.362519 0.362518 0.362515 0.362512 0.362520 0.362555 0.362583 0.362610 0.362617 0.362629 0.000000 0.000000
0.000000 0.000000 0.367791 0.367780 0.367766 0.367746 0.367711 0.367665 0.367667 0.367657 0.367655 0.367653 0.367654 0.367653 0.367698 0.367733 0.367754 0.367766 0.367777 0.000000 0.000000
0.000000 0.000000 0.373253 0.373242 0.373234 0.373216 0.373166 0.373125 0.373125 0.373120 0.373113 0.373117 0.373121 0.373120 0.373157 0.373198 0.373223 0.373232 0.373239 0.000000 0.000000
0.000000 0.000000 0.379193 0.379187 0.379179 0.379133 0.379101 0.379050 0.379062 0.379034 0.379039 0.379036 0.379026 0.379043 0.379080 0.379105 0.379138 0.379155 0.379177 0.000000 0.000000
0.000000 0.000000 0.385824 0.385804 0.385786 0.385761 0.385719 0.385659 0.385653 0.385648 0.385661 0.385639 0.385647 0.385649 0.385713 0.385747 0.385767 0.385781 0.385834 0.000000 0.000000
0.000000 0.000000 0.393029 0.393009 0.393008 0.392963 0.392931 0.392768 0.392764 0.392757 0.392711 0.392737 0.392742 0.392758 0.392884 0.392914 0.392977 0.392982 0.393009 0.000000 0.000000
0.000000 0.000000 0.401528 0.401523 0.401492 0.401462 0.401258 0.401277 0.401235 0.401236 0.401249 0.401233 0.401228 0.401215 0.401194 0.401411 0.401440 0.401498 0.401537 0.000000 0.000000
0.000000 0.000000 0.411568 0.411548 0.411508 0.411245 0.411275 0.411141 0.411082 0.411070 0.411022 0.410992 0.411020 0.411015 0.411145 0.411130 0.411478 0.411422 0.411426 0.000000 0.000000
0.000000 0.000000 0.422513 0.422495 0.422120 0.422232 0.422201 0.422169 0.422312 0.422267 0.422343 0.422317 0.422252 0.422346 0.422350 0.422374 0.422084 0.422634 0.422626 0.000000 0.000000
0.000000 0.000000 0.435828 0.435252 0.435390 0.435166 0.434880 0.434791 0.434627 0.434665 0.434489 0.434506 0.434604 0.434504 0.434655 0.434868 0.435365 0.435032 0.435630 0.000000 0.000000
0.000000 0.000000 0.440431 0.440951 0.441416 0.441417 0.441444 0.440995 0.441072 0.440941 0.441157 0.441112 0.441077 0.441150 0.441524 0.441505 0.441499 0.441144 0.440633 0.000000 0.000000
0.000000 0.000000 0.350000 0.350000 0.350000 0.350000 0.350000 0.350000 0.350000 0.350000 0.350000 0.350000 0.350000 0.350000 0.350000 0.350000 0.350000 0.350000 0.350000 0.000000 0.000000
0.000000 0.000000 0.000000 0.000000 0.000000 0.000000 0.000000 0.000000 0.000000 0.000000 0.000000 0.000000 0.000000 0.000000 0.000000 0.000000 0.000000 0.000000 0.000000 0.000000 0.000000