geotop/1.0zi/1.0Montebello/Templates/testdem/maps/_Eocsilt0241.asc
ncols         21
nrows         20
xllcorner     100.000000
yllcorner     100.000000
cellsize      50.000000
NODATA_value  -9999.0
0.000000 0.000000 0.000000 0.000000 0.000000 0.000000 0.000000 0.000000 0.000000 0.000000 0.000000 0.000000 0.000000 0.000000 0.000000 0.000000 0.000000 0.000000 0.000000 0.000000 0.000000
0.000000 0.000000 0.350006 0.350006 0.350006 0.350006 0.350006 0.350006 0.350006 0.350006 0.350006 0.350006 0.350006 0.350006 0.350006 0.350006 0.350006 0.350006 0.350006 0.000000 0.000000
0.000000 0.000000 0.350001 0.350001 0.350001 0.350001 0.350001 0.350001 0.350001 0.350001 0.350001 0.350001 0.350001 0.350001 0.350001 0.350001 0.350001 0.350001 0.350001 0.000000 0.000000
0.000000 0.000000 0.350216 0.350216 0.350214 0.350216 0.350216 0.350216 0.350216 0.350216 0.350216 0.350216 0.350216 0.350216 0.350216 0.350216 0.350214 0.350216 0.350216 0.000000 0.000000
0.000000 0.000000 0.350770 0.350770 0.350767 0.350769 0.350770 0.350770 0.350770 0.350770 0.350770 0.350770 0.350770 0.350770 0.350770 0.350769 0.350767 0.350770 0.350770 0.000000 0.000000
0.000000 0.000000 0.351273 0.351273 0.351271 0.351273 0.351273 0.351273 0.351273 0.351273 0.351273 0.351273 0.351273 0.351273 0.351273 0.351273 0.351271 0.351273 0.351273 0.000000 0.000000
0.000000 0.000000 0.351714 0.351714 0.351712 0.351714 0.351714 0.351714 0.351714 0.351714 0.351714 0.351714 0.351714 0.351714 0.351714 0.351714 0.351712 0.351714 0.351714 0.000000 0.000000
0.000000 0.000000 0.352114 0.352114 0.352113 0.352114 0.352114 0.352114 0.352114 0.352114 0.352114 0.352114 0.352114 0.352114 0.352114 0.352114 0.352113 0.352114 0.352114 0.000000 0.000000
0.000000 0.000000 0.352487 0.352486 0.352485 0.352486 0.352487 0.352487 0.352487 0.352487 0.352487 0.352487 0.352487 0.352487 0.352487 0.352486 0.352485 0.352486 0.352487 0.000000 0.000000
0.000000 0.000000 0.352843 0.352843 0.352842 0.352843 0.352843 0.352843 0.352843 0.352843 0.352843 0.352843 0.352843 0.352843 0.352843 0.352843 0.352842 0.352843 0.352843 0.000000 0.000000
0.000000 0.000000 0.353186 0.353186 0.353185 0.353186 0.353186 0.353186 0.353186 0.353186 0.353186 0.353186 0.353186 0.353186 0.353186 0.353186 0.353185 0.353186 0.353186 0.000000 0.000000
0.000000 0.000000 0.353519 0.353519 0.353518 0.353519 0.353519 0.353519 0.353519 0.353519 0.353519 0.353519 0.353519 0.353519 0.353519 0.353519 0.353518 0.353519 0.353519 0.000000 0.000000
0.000000 0.000000 0.353846 0.353845 0.353844 0.353845 0.353846 0.353846 0.353846 0.353846 0.353846 0.353846 0.353846 0.353846 0.353846 0.353845 0.353844 0.353845 0.353846 0.000000 0.000000
0.000000 0.000000 0.354164 0.354164 0.354163 0.354164 0.354164 0.354164 0.354164 0.354164 0.354164 0.354164 0.354164 0.354164 0.354164 0.354164 0.354163 0.354164 0.354164 0.000000 0.000000
0.000000 0.000000 0.354477 0.354477 0.354476 0.354477 0.354477 0.354477 0.354477 0.354477 0.354477 0.354477 0.354477 0.354477 0.354477 0.354477 0.354476 0.354477 0.354477 0.000000 0.000000
0.000000 0.000000 0.354788 0.354788 0.354787 0.354788 0.354788 0.354788 0.354788 0.354788 0.354788 0.354788 0.354788 0.354788 0.354788 0.354788 0.354787 0.354788 0.354788 0.000000 0.000000
0.000000 0.000000 0.355093 0.355092 0.355091 0.355092 0.355093 0.355093 0.355093 0.355093 0.355093 0.355093 0.355093 0.355093 0.355093 0.355092 0.355091 0.355092 0.355093 0.000000 0.000000
0.000000 0.000000 0.355418 0.355418 0.355417 0.355418 0.355418 0.355418 0.355418 0.355418 0.355418 0.355418 0.355418 0.355418 0.355418 0.355418 0.355417 0.355418 0.355418 0.000000 0.000000
0.000000 0.000000 0.350000 0.350000 0.350000 0.350000 0.350000 0.350000 0.350000 0.350000 0.350000 0.350000 0.350000 0.350000 0.350000 0.350000 0.350000 0.350000 0.350000 0.000000 0.000000
0.000000 0.000000 0.000000 0.000000 0.000000 0.000000 0.000000 0.000000 0.000000 0.000000 0.000000 0.000000 0.000000 0.000000 0.000000 0.000000 0.000000 0.000000 0.000000 0.000000 0.000000