geotop/1.0zi/1.0Montebello/Templates/testdem/maps/_Eocclay6201.asc
ncols         21
nrows         20
xllcorner     100.000000
yllcorner     100.000000
cellsize      50.000000
NODATA_value  -9999.0
0.000000 0.000000 0.000000 0.000000 0.000000 0.000000 0.000000 0.000000 0.000000 0.000000 0.000000 0.000000 0.000000 0.000000 0.000000 0.000000 0.000000 0.000000 0.000000 0.000000 0.000000
0.000000 0.000000 0.349727 0.349728 0.349728 0.349727 0.349729 0.349728 0.349728 0.349728 0.349727 0.349728 0.349728 0.349728 0.349728 0.349728 0.349726 0.349726 0.349728 0.000000 0.000000
0.000000 0.000000 0.349989 0.349990 0.349989 0.349990 0.349989 0.349989 0.349989 0.349989 0.349989 0.349988 0.349989 0.349988 0.349989 0.349989 0.349990 0.349990 0.349988 0.000000 0.000000
0.000000 0.000000 0.349982 0.349985 0.349983 0.349983 0.349985 0.349985 0.349986 0.349983 0.349988 0.349985 0.349985 0.349986 0.349985 0.349987 0.349985 0.349987 0.349986 0.000000 0.000000
0.000000 0.000000 0.350507 0.350506 0.350504 0.350502 0.350490 0.350488 0.350488 0.350490 0.350488 0.350486 0.350482 0.350483 0.350490 0.350489 0.350494 0.350496 0.350502 0.000000 0.000000
0.000000 0.000000 0.352212 0.352212 0.352206 0.352184 0.352178 0.352160 0.352160 0.352156 0.352159 0.352160 0.352164 0.352163 0.352168 0.352181 0.352190 0.352201 0.352206 0.000000 0.000000
0.000000 0.000000 0.354784 0.354782 0.354778 0.354760 0.354739 0.354710 0.354710 0.354705 0.354707 0.354709 0.354709 0.354708 0.354730 0.354753 0.354763 0.354772 0.354780 0.000000 0.000000
0.000000 0.000000 0.357892 0.357892 0.357888 0.357867 0.357846 0.357815 0.357815 0.357812 0.357812 0.357812 0.357810 0.357815 0.357839 0.357859 0.357875 0.357881 0.357891 0.000000 0.000000
0.000000 0.000000 0.361085 0.361082 0.361074 0.361062 0.361040 0.361010 0.361012 0.361006 0.361003 0.361005 0.361004 0.361003 0.361031 0.361054 0.361068 0.361072 0.361082 0.000000 0.000000
0.000000 0.000000 0.364341 0.364335 0.364332 0.364322 0.364291 0.364263 0.364265 0.364261 0.364257 0.364261 0.364265 0.364262 0.364285 0.364312 0.364327 0.364331 0.364338 0.000000 0.000000
0.000000 0.000000 0.367744 0.367741 0.367738 0.367716 0.367695 0.367663 0.367670 0.367655 0.367655 0.367656 0.367652 0.367661 0.367681 0.367698 0.367715 0.367725 0.367739 0.000000 0.000000
0.000000 0.000000 0.371343 0.371336 0.371325 0.371309 0.371290 0.371253 0.371254 0.371245 0.371254 0.371244 0.371246 0.371249 0.371284 0.371300 0.371313 0.371318 0.371354 0.000000 0.000000
0.000000 0.000000 0.375073 0.375066 0.375062 0.375043 0.375025 0.374947 0.374946 0.374940 0.374923 0.374932 0.374938 0.374944 0.375003 0.375019 0.375047 0.375050 0.375075 0.000000 0.000000
0.000000 0.000000 0.379165 0.379160 0.379149 0.379136 0.379057 0.379040 0.379022 0.379021 0.379016 0.379018 0.379018 0.379016 0.379026 0.379105 0.379129 0.379148 0.379174 0.000000 0.000000
0.000000 0.000000 0.383718 0.383711 0.383693 0.383609 0.383588 0.383541 0.383511 0.383506 0.383490 0.383482 0.383491 0.383485 0.383523 0.383558 0.383676 0.383665 0.383681 0.000000 0.000000
0.000000 0.000000 0.388578 0.388572 0.388459 0.388446 0.388440 0.388412 0.388438 0.388425 0.388435 0.388423 0.388409 0.388433 0.388451 0.388461 0.388443 0.388589 0.388592 0.000000 0.000000
0.000000 0.000000 0.394237 0.394079 0.394037 0.393991 0.393917 0.393881 0.393864 0.393863 0.393828 0.393824 0.393841 0.393833 0.393877 0.393934 0.394026 0.394043 0.394205 0.000000 0.000000
0.000000 0.000000 0.398188 0.398216 0.398361 0.398327 0.398277 0.398133 0.398131 0.398098 0.398124 0.398115 0.398123 0.398129 0.398262 0.398299 0.398385 0.398237 0.398219 0.000000 0.000000
0.000000 0.000000 0.350000 0.350000 0.350000 0.350000 0.350000 0.350000 0.350000 0.350000 0.350000 0.350000 0.350000 0.350000 0.350000 0.350000 0.350000 0.350000 0.350000 0.000000 0.000000
0.000000 0.000000 0.000000 0.000000 0.000000 0.000000 0.000000 0.000000 0.000000 0.000000 0.000000 0.000000 0.000000 0.000000 0.000000 0.000000 0.000000 0.000000 0.000000 0.000000 0.000000