geotop/1.0zi/1.0Montebello/Templates/testdem/maps/_Eocsilt4217.asc
ncols         21
nrows         20
xllcorner     100.000000
yllcorner     100.000000
cellsize      50.000000
NODATA_value  -9999.0
0.000000 0.000000 0.000000 0.000000 0.000000 0.000000 0.000000 0.000000 0.000000 0.000000 0.000000 0.000000 0.000000 0.000000 0.000000 0.000000 0.000000 0.000000 0.000000 0.000000 0.000000
0.000000 0.000000 0.350087 0.350087 0.350087 0.350087 0.350087 0.350087 0.350087 0.350087 0.350087 0.350087 0.350087 0.350087 0.350087 0.350087 0.350087 0.350087 0.350087 0.000000 0.000000
0.000000 0.000000 0.350002 0.350002 0.350002 0.350003 0.350003 0.350003 0.350003 0.350003 0.350003 0.350003 0.350003 0.350003 0.350003 0.350002 0.350001 0.350001 0.350001 0.000000 0.000000
0.000000 0.000000 0.350032 0.350031 0.350031 0.350027 0.350028 0.350025 0.350027 0.350028 0.350027 0.350027 0.350027 0.350026 0.350028 0.350030 0.350031 0.350033 0.350032 0.000000 0.000000
0.000000 0.000000 0.350380 0.350381 0.350378 0.350380 0.350378 0.350376 0.350374 0.350371 0.350370 0.350373 0.350373 0.350373 0.350375 0.350374 0.350373 0.350378 0.350381 0.000000 0.000000
0.000000 0.000000 0.351481 0.351482 0.351478 0.351474 0.351471 0.351459 0.351458 0.351453 0.351457 0.351458 0.351460 0.351455 0.351458 0.351463 0.351467 0.351467 0.351469 0.000000 0.000000
0.000000 0.000000 0.353164 0.353162 0.353157 0.353146 0.353134 0.353119 0.353122 0.353119 0.353123 0.353120 0.353116 0.353115 0.353125 0.353139 0.353144 0.353148 0.353155 0.000000 0.000000
0.000000 0.000000 0.355123 0.355118 0.355113 0.355100 0.355087 0.355070 0.355073 0.355069 0.355070 0.355069 0.355066 0.355063 0.355080 0.355096 0.355106 0.355107 0.355113 0.000000 0.000000
0.000000 0.000000 0.357099 0.357092 0.357084 0.357075 0.357063 0.357042 0.357044 0.357040 0.357041 0.357042 0.357039 0.357037 0.357052 0.357069 0.357077 0.357081 0.357089 0.000000 0.000000
0.000000 0.000000 0.359061 0.359055 0.359049 0.359039 0.359024 0.359006 0.359010 0.359007 0.359007 0.359007 0.359003 0.359000 0.359017 0.359034 0.359041 0.359044 0.359051 0.000000 0.000000
0.000000 0.000000 0.361033 0.361027 0.361021 0.361013 0.361003 0.360981 0.360984 0.360979 0.360980 0.360981 0.360977 0.360974 0.360988 0.361000 0.361010 0.361014 0.361021 0.000000 0.000000
0.000000 0.000000 0.363068 0.363062 0.363054 0.363042 0.363030 0.363009 0.363010 0.363007 0.363007 0.363007 0.363004 0.363001 0.363020 0.363035 0.363044 0.363047 0.363070 0.000000 0.000000
0.000000 0.000000 0.365125 0.365118 0.365110 0.365101 0.365087 0.365045 0.365046 0.365042 0.365042 0.365042 0.365038 0.365036 0.365071 0.365089 0.365097 0.365101 0.365116 0.000000 0.000000
0.000000 0.000000 0.367293 0.367283 0.367276 0.367267 0.367227 0.367215 0.367209 0.367206 0.367207 0.367207 0.367202 0.367199 0.367211 0.367252 0.367261 0.367270 0.367279 0.000000 0.000000
0.000000 0.000000 0.369621 0.369613 0.369597 0.369561 0.369542 0.369516 0.369503 0.369499 0.369493 0.369492 0.369492 0.369484 0.369504 0.369534 0.369579 0.369578 0.369586 0.000000 0.000000
0.000000 0.000000 0.372017 0.372008 0.371960 0.371952 0.371941 0.371927 0.371926 0.371924 0.371926 0.371925 0.371917 0.371921 0.371927 0.371941 0.371943 0.371990 0.372003 0.000000 0.000000
0.000000 0.000000 0.374665 0.374605 0.374562 0.374546 0.374518 0.374501 0.374499 0.374496 0.374490 0.374490 0.374488 0.374480 0.374490 0.374526 0.374548 0.374574 0.374632 0.000000 0.000000
0.000000 0.000000 0.376749 0.376730 0.376760 0.376738 0.376713 0.376657 0.376652 0.376646 0.376649 0.376648 0.376642 0.376642 0.376690 0.376722 0.376756 0.376709 0.376735 0.000000 0.000000
0.000000 0.000000 0.350000 0.350000 0.350000 0.350000 0.350000 0.350000 0.350000 0.350000 0.350000 0.350000 0.350000 0.350000 0.350000 0.350000 0.350000 0.350000 0.350000 0.000000 0.000000
0.000000 0.000000 0.000000 0.000000 0.000000 0.000000 0.000000 0.000000 0.000000 0.000000 0.000000 0.000000 0.000000 0.000000 0.000000 0.000000 0.000000 0.000000 0.000000 0.000000 0.000000