geotop/1.0zi/1.0Montebello/Templates/testdem/maps/_Eocsand3197.asc
ncols         21
nrows         20
xllcorner     100.000000
yllcorner     100.000000
cellsize      50.000000
NODATA_value  -9999.0
0.000000 0.000000 0.000000 0.000000 0.000000 0.000000 0.000000 0.000000 0.000000 0.000000 0.000000 0.000000 0.000000 0.000000 0.000000 0.000000 0.000000 0.000000 0.000000 0.000000 0.000000
0.000000 0.000000 0.300088 0.300088 0.300088 0.300089 0.300088 0.300088 0.300088 0.300088 0.300090 0.300088 0.300088 0.300088 0.300088 0.300089 0.300088 0.300088 0.300088 0.000000 0.000000
0.000000 0.000000 0.300011 0.300011 0.300011 0.300011 0.300011 0.300011 0.300011 0.300011 0.300009 0.300011 0.300011 0.300011 0.300011 0.300011 0.300011 0.300011 0.300011 0.000000 0.000000
0.000000 0.000000 0.297432 0.297433 0.297437 0.297435 0.297432 0.297432 0.297432 0.297432 0.297431 0.297432 0.297432 0.297432 0.297432 0.297435 0.297437 0.297433 0.297432 0.000000 0.000000
0.000000 0.000000 0.287808 0.287810 0.287813 0.287813 0.287807 0.287809 0.287809 0.287806 0.287806 0.287806 0.287809 0.287809 0.287807 0.287813 0.287813 0.287810 0.287808 0.000000 0.000000
0.000000 0.000000 0.276683 0.276684 0.276687 0.276687 0.276682 0.276684 0.276684 0.276682 0.276681 0.276682 0.276684 0.276684 0.276682 0.276687 0.276687 0.276684 0.276683 0.000000 0.000000
0.000000 0.000000 0.266459 0.266460 0.266463 0.266462 0.266459 0.266460 0.266460 0.266458 0.266457 0.266458 0.266460 0.266460 0.266459 0.266462 0.266463 0.266460 0.266459 0.000000 0.000000
0.000000 0.000000 0.257189 0.257190 0.257193 0.257192 0.257189 0.257190 0.257190 0.257189 0.257187 0.257189 0.257190 0.257190 0.257189 0.257192 0.257193 0.257190 0.257189 0.000000 0.000000
0.000000 0.000000 0.248623 0.248624 0.248627 0.248626 0.248623 0.248624 0.248624 0.248623 0.248622 0.248623 0.248624 0.248624 0.248623 0.248626 0.248627 0.248624 0.248623 0.000000 0.000000
0.000000 0.000000 0.240557 0.240558 0.240560 0.240559 0.240557 0.240558 0.240558 0.240557 0.240556 0.240557 0.240558 0.240558 0.240557 0.240559 0.240560 0.240558 0.240557 0.000000 0.000000
0.000000 0.000000 0.232890 0.232891 0.232893 0.232892 0.232890 0.232891 0.232891 0.232890 0.232889 0.232890 0.232891 0.232891 0.232890 0.232892 0.232893 0.232891 0.232890 0.000000 0.000000
0.000000 0.000000 0.225549 0.225550 0.225552 0.225552 0.225549 0.225550 0.225550 0.225549 0.225548 0.225549 0.225550 0.225550 0.225549 0.225552 0.225552 0.225550 0.225549 0.000000 0.000000
0.000000 0.000000 0.218482 0.218483 0.218485 0.218484 0.218482 0.218483 0.218483 0.218482 0.218481 0.218482 0.218483 0.218483 0.218482 0.218484 0.218485 0.218483 0.218482 0.000000 0.000000
0.000000 0.000000 0.211627 0.211628 0.211630 0.211630 0.211627 0.211628 0.211628 0.211627 0.211626 0.211627 0.211628 0.211628 0.211627 0.211630 0.211630 0.211628 0.211627 0.000000 0.000000
0.000000 0.000000 0.204971 0.204972 0.204974 0.204973 0.204971 0.204972 0.204972 0.204971 0.204970 0.204971 0.204972 0.204972 0.204971 0.204973 0.204974 0.204972 0.204971 0.000000 0.000000
0.000000 0.000000 0.198501 0.198501 0.198504 0.198503 0.198501 0.198501 0.198501 0.198500 0.198500 0.198500 0.198501 0.198501 0.198501 0.198503 0.198504 0.198501 0.198501 0.000000 0.000000
0.000000 0.000000 0.192196 0.192196 0.192199 0.192198 0.192196 0.192196 0.192196 0.192195 0.192195 0.192195 0.192196 0.192196 0.192196 0.192198 0.192199 0.192196 0.192196 0.000000 0.000000
0.000000 0.000000 0.185926 0.185925 0.185927 0.185927 0.185925 0.185925 0.185925 0.185924 0.185924 0.185924 0.185925 0.185925 0.185925 0.185927 0.185927 0.185925 0.185925 0.000000 0.000000
0.000000 0.000000 0.300000 0.300000 0.300000 0.300000 0.300000 0.300000 0.300000 0.300000 0.300000 0.300000 0.300000 0.300000 0.300000 0.300000 0.300000 0.300000 0.300000 0.000000 0.000000
0.000000 0.000000 0.000000 0.000000 0.000000 0.000000 0.000000 0.000000 0.000000 0.000000 0.000000 0.000000 0.000000 0.000000 0.000000 0.000000 0.000000 0.000000 0.000000 0.000000 0.000000