geotop/1.0zi/1.0Montebello/Templates/testdem/maps/_Eocclay7492.asc
ncols         21
nrows         20
xllcorner     100.000000
yllcorner     100.000000
cellsize      50.000000
NODATA_value  -9999.0
0.000000 0.000000 0.000000 0.000000 0.000000 0.000000 0.000000 0.000000 0.000000 0.000000 0.000000 0.000000 0.000000 0.000000 0.000000 0.000000 0.000000 0.000000 0.000000 0.000000 0.000000
0.000000 0.000000 0.349659 0.349660 0.349660 0.349659 0.349660 0.349660 0.349660 0.349660 0.349659 0.349660 0.349660 0.349660 0.349661 0.349660 0.349658 0.349659 0.349660 0.000000 0.000000
0.000000 0.000000 0.349986 0.349985 0.349986 0.349987 0.349986 0.349985 0.349985 0.349985 0.349985 0.349985 0.349986 0.349985 0.349986 0.349986 0.349987 0.349986 0.349984 0.000000 0.000000
0.000000 0.000000 0.350004 0.350009 0.350005 0.350005 0.350007 0.350005 0.350007 0.350004 0.350007 0.350005 0.350005 0.350004 0.350005 0.350008 0.350006 0.350010 0.350008 0.000000 0.000000
0.000000 0.000000 0.350951 0.350948 0.350944 0.350939 0.350924 0.350921 0.350918 0.350922 0.350918 0.350919 0.350915 0.350919 0.350929 0.350930 0.350938 0.350939 0.350946 0.000000 0.000000
0.000000 0.000000 0.353478 0.353476 0.353465 0.353439 0.353426 0.353402 0.353404 0.353398 0.353401 0.353400 0.353402 0.353403 0.353414 0.353433 0.353447 0.353461 0.353467 0.000000 0.000000
0.000000 0.000000 0.356974 0.356971 0.356963 0.356940 0.356912 0.356875 0.356874 0.356869 0.356870 0.356871 0.356871 0.356872 0.356903 0.356931 0.356946 0.356959 0.356967 0.000000 0.000000
0.000000 0.000000 0.361141 0.361139 0.361132 0.361104 0.361076 0.361037 0.361037 0.361033 0.361032 0.361030 0.361027 0.361035 0.361068 0.361093 0.361117 0.361126 0.361138 0.000000 0.000000
0.000000 0.000000 0.365510 0.365504 0.365491 0.365474 0.365444 0.365405 0.365407 0.365399 0.365396 0.365394 0.365394 0.365394 0.365433 0.365465 0.365483 0.365492 0.365502 0.000000 0.000000
0.000000 0.000000 0.370084 0.370075 0.370069 0.370052 0.370009 0.369973 0.369974 0.369970 0.369963 0.369967 0.369972 0.369969 0.370003 0.370039 0.370061 0.370069 0.370076 0.000000 0.000000
0.000000 0.000000 0.375002 0.374996 0.374988 0.374954 0.374923 0.374882 0.374891 0.374869 0.374871 0.374870 0.374862 0.374877 0.374906 0.374929 0.374957 0.374972 0.374991 0.000000 0.000000
0.000000 0.000000 0.380374 0.380361 0.380344 0.380321 0.380288 0.380237 0.380235 0.380228 0.380239 0.380221 0.380225 0.380229 0.380282 0.380308 0.380328 0.380339 0.380386 0.000000 0.000000
0.000000 0.000000 0.386104 0.386090 0.386083 0.386051 0.386023 0.385896 0.385895 0.385887 0.385855 0.385871 0.385878 0.385890 0.385987 0.386014 0.386062 0.386068 0.386094 0.000000 0.000000
0.000000 0.000000 0.392679 0.392674 0.392649 0.392626 0.392478 0.392475 0.392444 0.392444 0.392448 0.392442 0.392438 0.392433 0.392430 0.392585 0.392615 0.392656 0.392689 0.000000 0.000000
0.000000 0.000000 0.400302 0.400289 0.400257 0.400078 0.400073 0.399985 0.399938 0.399929 0.399898 0.399876 0.399895 0.399889 0.399975 0.399993 0.400233 0.400203 0.400214 0.000000 0.000000
0.000000 0.000000 0.408658 0.408645 0.408390 0.408428 0.408413 0.408375 0.408460 0.408429 0.408471 0.408448 0.408410 0.408473 0.408493 0.408506 0.408367 0.408720 0.408717 0.000000 0.000000
0.000000 0.000000 0.419021 0.418618 0.418643 0.418509 0.418307 0.418246 0.418160 0.418178 0.418068 0.418074 0.418132 0.418081 0.418181 0.418330 0.418628 0.418495 0.418909 0.000000 0.000000
0.000000 0.000000 0.424120 0.424428 0.424806 0.424780 0.424757 0.424404 0.424439 0.424344 0.424479 0.424448 0.424438 0.424480 0.424786 0.424801 0.424874 0.424547 0.424251 0.000000 0.000000
0.000000 0.000000 0.350000 0.350000 0.350000 0.350000 0.350000 0.350000 0.350000 0.350000 0.350000 0.350000 0.350000 0.350000 0.350000 0.350000 0.350000 0.350000 0.350000 0.000000 0.000000
0.000000 0.000000 0.000000 0.000000 0.000000 0.000000 0.000000 0.000000 0.000000 0.000000 0.000000 0.000000 0.000000 0.000000 0.000000 0.000000 0.000000 0.000000 0.000000 0.000000 0.000000