geotop/1.0zi/1.0Montebello/Templates/testdem/maps/_Eocsand6429.asc
ncols         21
nrows         20
xllcorner     100.000000
yllcorner     100.000000
cellsize      50.000000
NODATA_value  -9999.0
0.000000 0.000000 0.000000 0.000000 0.000000 0.000000 0.000000 0.000000 0.000000 0.000000 0.000000 0.000000 0.000000 0.000000 0.000000 0.000000 0.000000 0.000000 0.000000 0.000000 0.000000
0.000000 0.000000 0.300158 0.300156 0.300156 0.300157 0.300156 0.300156 0.300156 0.300156 0.300157 0.300156 0.300156 0.300157 0.300156 0.300156 0.300157 0.300158 0.300157 0.000000 0.000000
0.000000 0.000000 0.300009 0.300010 0.300009 0.300008 0.300009 0.300010 0.300009 0.300009 0.300009 0.300010 0.300009 0.300010 0.300009 0.300010 0.300010 0.300010 0.300011 0.000000 0.000000
0.000000 0.000000 0.299963 0.299962 0.299966 0.299971 0.299969 0.299970 0.299967 0.299970 0.299967 0.299970 0.299969 0.299970 0.299968 0.299963 0.299962 0.299960 0.299960 0.000000 0.000000
0.000000 0.000000 0.298779 0.298773 0.298779 0.298788 0.298805 0.298813 0.298814 0.298815 0.298819 0.298818 0.298821 0.298818 0.298806 0.298803 0.298796 0.298785 0.298774 0.000000 0.000000
0.000000 0.000000 0.295213 0.295209 0.295223 0.295261 0.295281 0.295318 0.295318 0.295328 0.295321 0.295317 0.295313 0.295316 0.295304 0.295281 0.295262 0.295246 0.295235 0.000000 0.000000
0.000000 0.000000 0.289894 0.289897 0.289910 0.289950 0.289997 0.290052 0.290051 0.290059 0.290056 0.290054 0.290057 0.290053 0.290010 0.289965 0.289942 0.289922 0.289907 0.000000 0.000000
0.000000 0.000000 0.283453 0.283452 0.283460 0.283503 0.283549 0.283609 0.283609 0.283615 0.283616 0.283617 0.283620 0.283611 0.283562 0.283519 0.283483 0.283474 0.283452 0.000000 0.000000
0.000000 0.000000 0.276742 0.276749 0.276770 0.276796 0.276842 0.276907 0.276903 0.276916 0.276921 0.276920 0.276920 0.276922 0.276861 0.276814 0.276781 0.276770 0.276750 0.000000 0.000000
0.000000 0.000000 0.269899 0.269909 0.269918 0.269941 0.270007 0.270065 0.270062 0.270069 0.270078 0.270071 0.270062 0.270069 0.270017 0.269962 0.269928 0.269921 0.269906 0.000000 0.000000
0.000000 0.000000 0.262762 0.262767 0.262776 0.262825 0.262870 0.262934 0.262920 0.262952 0.262952 0.262949 0.262958 0.262938 0.262897 0.262862 0.262823 0.262803 0.262773 0.000000 0.000000
0.000000 0.000000 0.255179 0.255191 0.255214 0.255251 0.255294 0.255373 0.255371 0.255387 0.255370 0.255390 0.255386 0.255379 0.255305 0.255269 0.255242 0.255230 0.255155 0.000000 0.000000
0.000000 0.000000 0.247298 0.247315 0.247326 0.247367 0.247405 0.247572 0.247573 0.247587 0.247623 0.247604 0.247592 0.247578 0.247453 0.247418 0.247356 0.247350 0.247299 0.000000 0.000000
0.000000 0.000000 0.238616 0.238625 0.238652 0.238683 0.238853 0.238888 0.238925 0.238927 0.238936 0.238932 0.238935 0.238940 0.238920 0.238745 0.238695 0.238652 0.238598 0.000000 0.000000
0.000000 0.000000 0.228907 0.228915 0.228956 0.229145 0.229191 0.229292 0.229354 0.229366 0.229398 0.229422 0.229397 0.229408 0.229325 0.229256 0.228996 0.229020 0.228988 0.000000 0.000000
0.000000 0.000000 0.218499 0.218510 0.218764 0.218789 0.218803 0.218862 0.218802 0.218834 0.218805 0.218832 0.218864 0.218807 0.218768 0.218748 0.218797 0.218472 0.218466 0.000000 0.000000
0.000000 0.000000 0.206282 0.206637 0.206720 0.206827 0.207004 0.207079 0.207121 0.207118 0.207203 0.207206 0.207166 0.207191 0.207095 0.206961 0.206744 0.206725 0.206355 0.000000 0.000000
0.000000 0.000000 0.198019 0.197927 0.197597 0.197673 0.197772 0.198103 0.198103 0.198181 0.198111 0.198132 0.198117 0.198101 0.197798 0.197724 0.197542 0.197873 0.197942 0.000000 0.000000
0.000000 0.000000 0.300000 0.300000 0.300000 0.300000 0.300000 0.300000 0.300000 0.300000 0.300000 0.300000 0.300000 0.300000 0.300000 0.300000 0.300000 0.300000 0.300000 0.000000 0.000000
0.000000 0.000000 0.000000 0.000000 0.000000 0.000000 0.000000 0.000000 0.000000 0.000000 0.000000 0.000000 0.000000 0.000000 0.000000 0.000000 0.000000 0.000000 0.000000 0.000000 0.000000