geotop/1.0zi/1.0Montebello/Templates/testdem/maps/_Eocsilt3165.asc
ncols         21
nrows         20
xllcorner     100.000000
yllcorner     100.000000
cellsize      50.000000
NODATA_value  -9999.0
0.000000 0.000000 0.000000 0.000000 0.000000 0.000000 0.000000 0.000000 0.000000 0.000000 0.000000 0.000000 0.000000 0.000000 0.000000 0.000000 0.000000 0.000000 0.000000 0.000000 0.000000
0.000000 0.000000 0.350087 0.350087 0.350087 0.350087 0.350087 0.350087 0.350087 0.350087 0.350086 0.350087 0.350087 0.350087 0.350087 0.350087 0.350087 0.350087 0.350087 0.000000 0.000000
0.000000 0.000000 0.349994 0.349994 0.349994 0.349994 0.349994 0.349994 0.349994 0.349994 0.349995 0.349994 0.349994 0.349994 0.349994 0.349994 0.349994 0.349994 0.349994 0.000000 0.000000
0.000000 0.000000 0.351305 0.351305 0.351302 0.351303 0.351306 0.351305 0.351305 0.351305 0.351306 0.351305 0.351305 0.351305 0.351306 0.351303 0.351302 0.351305 0.351305 0.000000 0.000000
0.000000 0.000000 0.355896 0.355896 0.355894 0.355894 0.355896 0.355896 0.355896 0.355897 0.355897 0.355897 0.355896 0.355896 0.355896 0.355894 0.355894 0.355896 0.355896 0.000000 0.000000
0.000000 0.000000 0.361455 0.361454 0.361453 0.361453 0.361455 0.361454 0.361455 0.361455 0.361456 0.361455 0.361455 0.361454 0.361455 0.361453 0.361453 0.361454 0.361455 0.000000 0.000000
0.000000 0.000000 0.366479 0.366478 0.366477 0.366477 0.366479 0.366478 0.366478 0.366479 0.366480 0.366479 0.366478 0.366478 0.366479 0.366477 0.366477 0.366478 0.366479 0.000000 0.000000
0.000000 0.000000 0.371020 0.371020 0.371018 0.371018 0.371020 0.371019 0.371020 0.371020 0.371021 0.371020 0.371020 0.371019 0.371020 0.371018 0.371018 0.371020 0.371020 0.000000 0.000000
0.000000 0.000000 0.375214 0.375214 0.375212 0.375213 0.375214 0.375213 0.375214 0.375214 0.375215 0.375214 0.375214 0.375213 0.375214 0.375213 0.375212 0.375214 0.375214 0.000000 0.000000
0.000000 0.000000 0.379162 0.379162 0.379160 0.379161 0.379162 0.379161 0.379162 0.379162 0.379163 0.379162 0.379162 0.379161 0.379162 0.379161 0.379160 0.379162 0.379162 0.000000 0.000000
0.000000 0.000000 0.382913 0.382913 0.382911 0.382912 0.382913 0.382912 0.382912 0.382913 0.382913 0.382913 0.382912 0.382912 0.382913 0.382912 0.382911 0.382913 0.382913 0.000000 0.000000
0.000000 0.000000 0.386503 0.386502 0.386501 0.386502 0.386503 0.386502 0.386502 0.386503 0.386503 0.386503 0.386502 0.386502 0.386503 0.386502 0.386501 0.386502 0.386503 0.000000 0.000000
0.000000 0.000000 0.389957 0.389957 0.389956 0.389956 0.389957 0.389957 0.389957 0.389958 0.389958 0.389958 0.389957 0.389957 0.389957 0.389956 0.389956 0.389957 0.389957 0.000000 0.000000
0.000000 0.000000 0.393307 0.393306 0.393305 0.393306 0.393307 0.393306 0.393306 0.393307 0.393307 0.393307 0.393306 0.393306 0.393307 0.393306 0.393305 0.393306 0.393307 0.000000 0.000000
0.000000 0.000000 0.396557 0.396557 0.396556 0.396556 0.396557 0.396557 0.396557 0.396557 0.396558 0.396557 0.396557 0.396557 0.396557 0.396556 0.396556 0.396557 0.396557 0.000000 0.000000
0.000000 0.000000 0.399716 0.399715 0.399714 0.399715 0.399716 0.399715 0.399715 0.399716 0.399716 0.399716 0.399715 0.399715 0.399716 0.399715 0.399714 0.399715 0.399716 0.000000 0.000000
0.000000 0.000000 0.402792 0.402792 0.402790 0.402791 0.402792 0.402791 0.402792 0.402792 0.402792 0.402792 0.402792 0.402791 0.402792 0.402791 0.402790 0.402792 0.402792 0.000000 0.000000
0.000000 0.000000 0.405851 0.405851 0.405850 0.405851 0.405852 0.405851 0.405851 0.405852 0.405852 0.405852 0.405851 0.405851 0.405852 0.405851 0.405850 0.405851 0.405852 0.000000 0.000000
0.000000 0.000000 0.350000 0.350000 0.350000 0.350000 0.350000 0.350000 0.350000 0.350000 0.350000 0.350000 0.350000 0.350000 0.350000 0.350000 0.350000 0.350000 0.350000 0.000000 0.000000
0.000000 0.000000 0.000000 0.000000 0.000000 0.000000 0.000000 0.000000 0.000000 0.000000 0.000000 0.000000 0.000000 0.000000 0.000000 0.000000 0.000000 0.000000 0.000000 0.000000 0.000000