geotop/1.0zi/1.0Montebello/Templates/testdem/maps/_Eocsilt6533.asc
ncols         21
nrows         20
xllcorner     100.000000
yllcorner     100.000000
cellsize      50.000000
NODATA_value  -9999.0
0.000000 0.000000 0.000000 0.000000 0.000000 0.000000 0.000000 0.000000 0.000000 0.000000 0.000000 0.000000 0.000000 0.000000 0.000000 0.000000 0.000000 0.000000 0.000000 0.000000 0.000000
0.000000 0.000000 0.350131 0.350131 0.350131 0.350132 0.350131 0.350131 0.350131 0.350131 0.350132 0.350131 0.350131 0.350131 0.350131 0.350131 0.350132 0.350132 0.350131 0.000000 0.000000
0.000000 0.000000 0.350003 0.350002 0.350002 0.350002 0.350003 0.350003 0.350003 0.350003 0.350003 0.350003 0.350003 0.350004 0.350003 0.350002 0.350001 0.350001 0.350002 0.000000 0.000000
0.000000 0.000000 0.350054 0.350051 0.350050 0.350044 0.350045 0.350043 0.350045 0.350046 0.350044 0.350044 0.350044 0.350044 0.350047 0.350050 0.350052 0.350053 0.350053 0.000000 0.000000
0.000000 0.000000 0.350626 0.350632 0.350630 0.350625 0.350621 0.350615 0.350614 0.350611 0.350610 0.350612 0.350614 0.350614 0.350620 0.350624 0.350624 0.350633 0.350637 0.000000 0.000000
0.000000 0.000000 0.352369 0.352372 0.352364 0.352349 0.352336 0.352318 0.352317 0.352313 0.352316 0.352318 0.352319 0.352317 0.352323 0.352331 0.352341 0.352346 0.352351 0.000000 0.000000
0.000000 0.000000 0.355021 0.355019 0.355011 0.354990 0.354965 0.354939 0.354941 0.354938 0.354939 0.354937 0.354935 0.354939 0.354957 0.354979 0.354993 0.355004 0.355012 0.000000 0.000000
0.000000 0.000000 0.358262 0.358263 0.358260 0.358239 0.358214 0.358186 0.358186 0.358184 0.358182 0.358180 0.358180 0.358183 0.358205 0.358228 0.358248 0.358252 0.358263 0.000000 0.000000
0.000000 0.000000 0.361681 0.361676 0.361665 0.361651 0.361627 0.361594 0.361596 0.361589 0.361586 0.361585 0.361587 0.361585 0.361615 0.361639 0.361658 0.361665 0.361675 0.000000 0.000000
0.000000 0.000000 0.365159 0.365154 0.365149 0.365137 0.365104 0.365075 0.365077 0.365073 0.365068 0.365070 0.365075 0.365072 0.365095 0.365124 0.365143 0.365147 0.365154 0.000000 0.000000
0.000000 0.000000 0.368772 0.368770 0.368765 0.368739 0.368716 0.368685 0.368692 0.368676 0.368676 0.368675 0.368672 0.368681 0.368700 0.368718 0.368740 0.368751 0.368766 0.000000 0.000000
0.000000 0.000000 0.372620 0.372614 0.372602 0.372583 0.372561 0.372521 0.372522 0.372515 0.372522 0.372511 0.372514 0.372517 0.372553 0.372571 0.372587 0.372594 0.372631 0.000000 0.000000
0.000000 0.000000 0.376621 0.376612 0.376607 0.376586 0.376565 0.376481 0.376481 0.376474 0.376454 0.376462 0.376470 0.376476 0.376537 0.376555 0.376590 0.376593 0.376618 0.000000 0.000000
0.000000 0.000000 0.381034 0.381029 0.381016 0.381000 0.380912 0.380896 0.380877 0.380876 0.380870 0.380871 0.380870 0.380867 0.380875 0.380964 0.380992 0.381015 0.381041 0.000000 0.000000
0.000000 0.000000 0.385978 0.385974 0.385953 0.385856 0.385831 0.385780 0.385750 0.385744 0.385727 0.385712 0.385727 0.385720 0.385760 0.385795 0.385931 0.385920 0.385935 0.000000 0.000000
0.000000 0.000000 0.391288 0.391282 0.391151 0.391139 0.391131 0.391102 0.391133 0.391117 0.391130 0.391114 0.391100 0.391129 0.391145 0.391156 0.391133 0.391302 0.391304 0.000000 0.000000
0.000000 0.000000 0.397531 0.397347 0.397307 0.397251 0.397158 0.397121 0.397098 0.397101 0.397055 0.397051 0.397074 0.397061 0.397106 0.397175 0.397292 0.397300 0.397491 0.000000 0.000000
0.000000 0.000000 0.401713 0.401764 0.401934 0.401896 0.401845 0.401677 0.401677 0.401638 0.401673 0.401659 0.401669 0.401677 0.401829 0.401866 0.401961 0.401792 0.401752 0.000000 0.000000
0.000000 0.000000 0.350000 0.350000 0.350000 0.350000 0.350000 0.350000 0.350000 0.350000 0.350000 0.350000 0.350000 0.350000 0.350000 0.350000 0.350000 0.350000 0.350000 0.000000 0.000000
0.000000 0.000000 0.000000 0.000000 0.000000 0.000000 0.000000 0.000000 0.000000 0.000000 0.000000 0.000000 0.000000 0.000000 0.000000 0.000000 0.000000 0.000000 0.000000 0.000000 0.000000