geotop/1.0zi/1.0Montebello/Templates/testdem/maps/_Eocclay5569.asc
ncols         21
nrows         20
xllcorner     100.000000
yllcorner     100.000000
cellsize      50.000000
NODATA_value  -9999.0
0.000000 0.000000 0.000000 0.000000 0.000000 0.000000 0.000000 0.000000 0.000000 0.000000 0.000000 0.000000 0.000000 0.000000 0.000000 0.000000 0.000000 0.000000 0.000000 0.000000 0.000000
0.000000 0.000000 0.349750 0.349751 0.349751 0.349751 0.349751 0.349751 0.349751 0.349751 0.349751 0.349751 0.349751 0.349751 0.349751 0.349751 0.349751 0.349751 0.349751 0.000000 0.000000
0.000000 0.000000 0.349990 0.349990 0.349990 0.349990 0.349989 0.349989 0.349990 0.349989 0.349989 0.349989 0.349990 0.349990 0.349990 0.349990 0.349990 0.349990 0.349990 0.000000 0.000000
0.000000 0.000000 0.349988 0.349990 0.349987 0.349988 0.349990 0.349990 0.349990 0.349988 0.349990 0.349988 0.349988 0.349988 0.349990 0.349992 0.349990 0.349991 0.349990 0.000000 0.000000
0.000000 0.000000 0.350469 0.350469 0.350469 0.350465 0.350454 0.350450 0.350452 0.350453 0.350452 0.350452 0.350448 0.350448 0.350453 0.350452 0.350457 0.350459 0.350462 0.000000 0.000000
0.000000 0.000000 0.352029 0.352031 0.352025 0.352007 0.352001 0.351985 0.351984 0.351980 0.351984 0.351983 0.351987 0.351987 0.351990 0.352001 0.352007 0.352019 0.352024 0.000000 0.000000
0.000000 0.000000 0.354300 0.354298 0.354296 0.354280 0.354260 0.354234 0.354234 0.354230 0.354232 0.354234 0.354234 0.354232 0.354251 0.354271 0.354280 0.354288 0.354295 0.000000 0.000000
0.000000 0.000000 0.357062 0.357062 0.357060 0.357041 0.357022 0.356994 0.356994 0.356991 0.356992 0.356992 0.356989 0.356994 0.357014 0.357030 0.357045 0.357050 0.357059 0.000000 0.000000
0.000000 0.000000 0.359854 0.359851 0.359846 0.359835 0.359816 0.359788 0.359791 0.359785 0.359783 0.359785 0.359784 0.359782 0.359806 0.359825 0.359838 0.359841 0.359849 0.000000 0.000000
0.000000 0.000000 0.362677 0.362672 0.362671 0.362663 0.362635 0.362610 0.362612 0.362609 0.362605 0.362609 0.362612 0.362609 0.362628 0.362651 0.362664 0.362667 0.362673 0.000000 0.000000
0.000000 0.000000 0.365603 0.365600 0.365600 0.365581 0.365562 0.365533 0.365540 0.365526 0.365527 0.365528 0.365525 0.365532 0.365547 0.365561 0.365576 0.365584 0.365597 0.000000 0.000000
0.000000 0.000000 0.368664 0.368657 0.368650 0.368636 0.368620 0.368587 0.368588 0.368580 0.368589 0.368580 0.368582 0.368584 0.368612 0.368625 0.368636 0.368640 0.368671 0.000000 0.000000
0.000000 0.000000 0.371804 0.371798 0.371796 0.371780 0.371765 0.371699 0.371699 0.371693 0.371680 0.371687 0.371692 0.371697 0.371744 0.371756 0.371780 0.371782 0.371805 0.000000 0.000000
0.000000 0.000000 0.375205 0.375201 0.375193 0.375183 0.375120 0.375103 0.375088 0.375087 0.375082 0.375085 0.375085 0.375083 0.375090 0.375152 0.375172 0.375189 0.375211 0.000000 0.000000
0.000000 0.000000 0.378943 0.378938 0.378925 0.378860 0.378839 0.378802 0.378776 0.378772 0.378759 0.378753 0.378761 0.378754 0.378781 0.378811 0.378905 0.378898 0.378912 0.000000 0.000000
0.000000 0.000000 0.382885 0.382881 0.382798 0.382783 0.382778 0.382754 0.382770 0.382760 0.382767 0.382757 0.382747 0.382764 0.382777 0.382785 0.382780 0.382887 0.382891 0.000000 0.000000
0.000000 0.000000 0.387385 0.387271 0.387231 0.387199 0.387145 0.387117 0.387109 0.387106 0.387082 0.387078 0.387088 0.387084 0.387113 0.387153 0.387218 0.387245 0.387360 0.000000 0.000000
0.000000 0.000000 0.390699 0.390701 0.390804 0.390776 0.390732 0.390625 0.390623 0.390599 0.390613 0.390607 0.390614 0.390616 0.390713 0.390743 0.390816 0.390710 0.390715 0.000000 0.000000
0.000000 0.000000 0.350000 0.350000 0.350000 0.350000 0.350000 0.350000 0.350000 0.350000 0.350000 0.350000 0.350000 0.350000 0.350000 0.350000 0.350000 0.350000 0.350000 0.000000 0.000000
0.000000 0.000000 0.000000 0.000000 0.000000 0.000000 0.000000 0.000000 0.000000 0.000000 0.000000 0.000000 0.000000 0.000000 0.000000 0.000000 0.000000 0.000000 0.000000 0.000000 0.000000