geotop/1.0zi/1.0Montebello/Templates/testdem/maps/_Eocclay5194.asc
ncols         21
nrows         20
xllcorner     100.000000
yllcorner     100.000000
cellsize      50.000000
NODATA_value  -9999.0
0.000000 0.000000 0.000000 0.000000 0.000000 0.000000 0.000000 0.000000 0.000000 0.000000 0.000000 0.000000 0.000000 0.000000 0.000000 0.000000 0.000000 0.000000 0.000000 0.000000 0.000000
0.000000 0.000000 0.349766 0.349767 0.349767 0.349767 0.349767 0.349767 0.349767 0.349767 0.349767 0.349767 0.349767 0.349767 0.349767 0.349767 0.349767 0.349767 0.349767 0.000000 0.000000
0.000000 0.000000 0.349990 0.349991 0.349991 0.349991 0.349990 0.349990 0.349990 0.349990 0.349990 0.349990 0.349990 0.349991 0.349990 0.349991 0.349990 0.349990 0.349990 0.000000 0.000000
0.000000 0.000000 0.349989 0.349991 0.349989 0.349989 0.349991 0.349991 0.349991 0.349990 0.349991 0.349990 0.349990 0.349989 0.349991 0.349993 0.349991 0.349992 0.349991 0.000000 0.000000
0.000000 0.000000 0.350384 0.350383 0.350383 0.350378 0.350370 0.350368 0.350369 0.350369 0.350367 0.350369 0.350365 0.350367 0.350371 0.350370 0.350374 0.350376 0.350379 0.000000 0.000000
0.000000 0.000000 0.351787 0.351791 0.351786 0.351769 0.351764 0.351750 0.351748 0.351744 0.351748 0.351748 0.351751 0.351751 0.351753 0.351763 0.351769 0.351780 0.351784 0.000000 0.000000
0.000000 0.000000 0.353864 0.353862 0.353860 0.353845 0.353828 0.353804 0.353803 0.353800 0.353802 0.353804 0.353805 0.353804 0.353821 0.353840 0.353849 0.353857 0.353864 0.000000 0.000000
0.000000 0.000000 0.356368 0.356368 0.356366 0.356348 0.356330 0.356306 0.356306 0.356303 0.356304 0.356304 0.356303 0.356308 0.356326 0.356341 0.356355 0.356360 0.356369 0.000000 0.000000
0.000000 0.000000 0.358899 0.358897 0.358891 0.358881 0.358865 0.358840 0.358842 0.358837 0.358835 0.358837 0.358837 0.358835 0.358858 0.358875 0.358888 0.358890 0.358898 0.000000 0.000000
0.000000 0.000000 0.361452 0.361447 0.361445 0.361438 0.361413 0.361391 0.361393 0.361389 0.361387 0.361390 0.361394 0.361392 0.361409 0.361430 0.361444 0.361445 0.361451 0.000000 0.000000
0.000000 0.000000 0.364080 0.364077 0.364076 0.364059 0.364042 0.364017 0.364023 0.364010 0.364011 0.364013 0.364010 0.364018 0.364031 0.364044 0.364058 0.364066 0.364077 0.000000 0.000000
0.000000 0.000000 0.366815 0.366809 0.366802 0.366789 0.366775 0.366746 0.366748 0.366740 0.366748 0.366741 0.366742 0.366745 0.366771 0.366782 0.366793 0.366796 0.366826 0.000000 0.000000
0.000000 0.000000 0.369603 0.369597 0.369595 0.369580 0.369568 0.369511 0.369511 0.369505 0.369493 0.369500 0.369506 0.369511 0.369552 0.369563 0.369585 0.369586 0.369608 0.000000 0.000000
0.000000 0.000000 0.372598 0.372594 0.372587 0.372578 0.372525 0.372510 0.372496 0.372495 0.372490 0.372493 0.372495 0.372494 0.372500 0.372554 0.372573 0.372587 0.372609 0.000000 0.000000
0.000000 0.000000 0.375862 0.375859 0.375845 0.375791 0.375774 0.375743 0.375718 0.375715 0.375704 0.375700 0.375707 0.375702 0.375725 0.375753 0.375834 0.375828 0.375842 0.000000 0.000000
0.000000 0.000000 0.379281 0.379276 0.379208 0.379192 0.379188 0.379168 0.379179 0.379170 0.379175 0.379167 0.379160 0.379175 0.379186 0.379196 0.379198 0.379284 0.379289 0.000000 0.000000
0.000000 0.000000 0.383132 0.383041 0.383001 0.382973 0.382932 0.382910 0.382904 0.382901 0.382883 0.382879 0.382887 0.382886 0.382910 0.382943 0.382996 0.383027 0.383118 0.000000 0.000000
0.000000 0.000000 0.386056 0.386048 0.386124 0.386099 0.386067 0.385982 0.385978 0.385958 0.385968 0.385963 0.385971 0.385974 0.386053 0.386075 0.386141 0.386058 0.386074 0.000000 0.000000
0.000000 0.000000 0.350000 0.350000 0.350000 0.350000 0.350000 0.350000 0.350000 0.350000 0.350000 0.350000 0.350000 0.350000 0.350000 0.350000 0.350000 0.350000 0.350000 0.000000 0.000000
0.000000 0.000000 0.000000 0.000000 0.000000 0.000000 0.000000 0.000000 0.000000 0.000000 0.000000 0.000000 0.000000 0.000000 0.000000 0.000000 0.000000 0.000000 0.000000 0.000000 0.000000