geotop/1.0zi/1.0Montebello/Templates/testdem/maps/_Eocsand5093.asc
ncols         21
nrows         20
xllcorner     100.000000
yllcorner     100.000000
cellsize      50.000000
NODATA_value  -9999.0
0.000000 0.000000 0.000000 0.000000 0.000000 0.000000 0.000000 0.000000 0.000000 0.000000 0.000000 0.000000 0.000000 0.000000 0.000000 0.000000 0.000000 0.000000 0.000000 0.000000 0.000000
0.000000 0.000000 0.300124 0.300123 0.300123 0.300123 0.300123 0.300122 0.300123 0.300123 0.300123 0.300123 0.300123 0.300123 0.300123 0.300123 0.300123 0.300123 0.300123 0.000000 0.000000
0.000000 0.000000 0.300008 0.300007 0.300007 0.300007 0.300007 0.300007 0.300006 0.300007 0.300007 0.300007 0.300006 0.300006 0.300007 0.300007 0.300008 0.300009 0.300008 0.000000 0.000000
0.000000 0.000000 0.299974 0.299973 0.299975 0.299979 0.299976 0.299978 0.299976 0.299977 0.299976 0.299978 0.299978 0.299980 0.299976 0.299972 0.299973 0.299970 0.299973 0.000000 0.000000
0.000000 0.000000 0.299191 0.299189 0.299190 0.299200 0.299211 0.299216 0.299217 0.299219 0.299223 0.299219 0.299222 0.299220 0.299211 0.299211 0.299205 0.299197 0.299190 0.000000 0.000000
0.000000 0.000000 0.296538 0.296533 0.296543 0.296570 0.296582 0.296610 0.296614 0.296622 0.296615 0.296613 0.296606 0.296606 0.296599 0.296583 0.296571 0.296560 0.296551 0.000000 0.000000
0.000000 0.000000 0.292527 0.292530 0.292540 0.292569 0.292604 0.292644 0.292644 0.292650 0.292644 0.292646 0.292646 0.292641 0.292612 0.292579 0.292563 0.292548 0.292535 0.000000 0.000000
0.000000 0.000000 0.287681 0.287683 0.287685 0.287717 0.287754 0.287796 0.287795 0.287801 0.287801 0.287801 0.287803 0.287800 0.287763 0.287727 0.287707 0.287697 0.287682 0.000000 0.000000
0.000000 0.000000 0.282708 0.282715 0.282724 0.282750 0.282785 0.282832 0.282830 0.282837 0.282838 0.282835 0.282837 0.282834 0.282798 0.282759 0.282741 0.282729 0.282711 0.000000 0.000000
0.000000 0.000000 0.277738 0.277744 0.277750 0.277769 0.277811 0.277855 0.277851 0.277856 0.277857 0.277856 0.277859 0.277859 0.277815 0.277779 0.277768 0.277756 0.277742 0.000000 0.000000
0.000000 0.000000 0.272658 0.272664 0.272668 0.272698 0.272729 0.272780 0.272777 0.272786 0.272787 0.272784 0.272788 0.272787 0.272751 0.272720 0.272695 0.272683 0.272666 0.000000 0.000000
0.000000 0.000000 0.267379 0.267384 0.267393 0.267422 0.267456 0.267506 0.267509 0.267514 0.267514 0.267516 0.267517 0.267517 0.267469 0.267435 0.267419 0.267408 0.267356 0.000000 0.000000
0.000000 0.000000 0.262007 0.262014 0.262024 0.262047 0.262089 0.262197 0.262197 0.262205 0.262207 0.262205 0.262210 0.262206 0.262112 0.262071 0.262051 0.262040 0.262008 0.000000 0.000000
0.000000 0.000000 0.256251 0.256267 0.256273 0.256298 0.256411 0.256439 0.256457 0.256463 0.256463 0.256463 0.256468 0.256466 0.256438 0.256329 0.256308 0.256283 0.256263 0.000000 0.000000
0.000000 0.000000 0.250000 0.250011 0.250039 0.250143 0.250194 0.250263 0.250298 0.250307 0.250324 0.250325 0.250318 0.250327 0.250275 0.250206 0.250080 0.250084 0.250066 0.000000 0.000000
0.000000 0.000000 0.243480 0.243492 0.243617 0.243648 0.243680 0.243716 0.243717 0.243718 0.243711 0.243713 0.243729 0.243702 0.243684 0.243658 0.243656 0.243510 0.243477 0.000000 0.000000
0.000000 0.000000 0.236143 0.236315 0.236410 0.236462 0.236555 0.236606 0.236618 0.236623 0.236644 0.236643 0.236637 0.236651 0.236612 0.236510 0.236441 0.236382 0.236206 0.000000 0.000000
0.000000 0.000000 0.230568 0.230584 0.230457 0.230519 0.230590 0.230763 0.230779 0.230793 0.230785 0.230786 0.230796 0.230779 0.230622 0.230548 0.230461 0.230612 0.230560 0.000000 0.000000
0.000000 0.000000 0.300000 0.300000 0.300000 0.300000 0.300000 0.300000 0.300000 0.300000 0.300000 0.300000 0.300000 0.300000 0.300000 0.300000 0.300000 0.300000 0.300000 0.000000 0.000000
0.000000 0.000000 0.000000 0.000000 0.000000 0.000000 0.000000 0.000000 0.000000 0.000000 0.000000 0.000000 0.000000 0.000000 0.000000 0.000000 0.000000 0.000000 0.000000 0.000000 0.000000