geotop/1.0zi/1.0Montebello/Templates/testdem/maps/_Eocsilt3389.asc
ncols         21
nrows         20
xllcorner     100.000000
yllcorner     100.000000
cellsize      50.000000
NODATA_value  -9999.0
0.000000 0.000000 0.000000 0.000000 0.000000 0.000000 0.000000 0.000000 0.000000 0.000000 0.000000 0.000000 0.000000 0.000000 0.000000 0.000000 0.000000 0.000000 0.000000 0.000000 0.000000
0.000000 0.000000 0.350091 0.350091 0.350091 0.350091 0.350091 0.350091 0.350091 0.350091 0.350090 0.350091 0.350091 0.350091 0.350091 0.350091 0.350091 0.350091 0.350091 0.000000 0.000000
0.000000 0.000000 0.349994 0.349994 0.349994 0.349994 0.349994 0.349994 0.349994 0.349994 0.349995 0.349994 0.349994 0.349994 0.349994 0.349994 0.349994 0.349994 0.349994 0.000000 0.000000
0.000000 0.000000 0.351363 0.351363 0.351360 0.351361 0.351364 0.351363 0.351363 0.351364 0.351364 0.351364 0.351363 0.351363 0.351364 0.351361 0.351360 0.351363 0.351363 0.000000 0.000000
0.000000 0.000000 0.356186 0.356186 0.356183 0.356184 0.356186 0.356185 0.356185 0.356187 0.356187 0.356187 0.356185 0.356185 0.356186 0.356184 0.356183 0.356186 0.356186 0.000000 0.000000
0.000000 0.000000 0.362081 0.362081 0.362079 0.362079 0.362082 0.362081 0.362081 0.362082 0.362083 0.362082 0.362081 0.362081 0.362082 0.362079 0.362079 0.362081 0.362081 0.000000 0.000000
0.000000 0.000000 0.367415 0.367415 0.367413 0.367413 0.367415 0.367415 0.367415 0.367415 0.367416 0.367415 0.367415 0.367415 0.367415 0.367413 0.367413 0.367415 0.367415 0.000000 0.000000
0.000000 0.000000 0.372233 0.372232 0.372231 0.372231 0.372233 0.372232 0.372232 0.372233 0.372234 0.372233 0.372232 0.372232 0.372233 0.372231 0.372231 0.372232 0.372233 0.000000 0.000000
0.000000 0.000000 0.376675 0.376675 0.376674 0.376674 0.376676 0.376675 0.376675 0.376676 0.376676 0.376676 0.376675 0.376675 0.376676 0.376674 0.376674 0.376675 0.376675 0.000000 0.000000
0.000000 0.000000 0.380848 0.380848 0.380847 0.380847 0.380849 0.380848 0.380848 0.380849 0.380849 0.380849 0.380848 0.380848 0.380849 0.380847 0.380847 0.380848 0.380848 0.000000 0.000000
0.000000 0.000000 0.384806 0.384806 0.384805 0.384805 0.384807 0.384806 0.384806 0.384807 0.384807 0.384807 0.384806 0.384806 0.384807 0.384805 0.384805 0.384806 0.384806 0.000000 0.000000
0.000000 0.000000 0.388587 0.388587 0.388586 0.388586 0.388588 0.388587 0.388587 0.388588 0.388588 0.388588 0.388587 0.388587 0.388588 0.388586 0.388586 0.388587 0.388587 0.000000 0.000000
0.000000 0.000000 0.392220 0.392220 0.392219 0.392219 0.392220 0.392220 0.392220 0.392220 0.392221 0.392220 0.392220 0.392220 0.392220 0.392219 0.392219 0.392220 0.392220 0.000000 0.000000
0.000000 0.000000 0.395733 0.395733 0.395732 0.395732 0.395734 0.395733 0.395733 0.395734 0.395734 0.395734 0.395733 0.395733 0.395734 0.395732 0.395732 0.395733 0.395733 0.000000 0.000000
0.000000 0.000000 0.399137 0.399137 0.399136 0.399136 0.399138 0.399137 0.399137 0.399138 0.399138 0.399138 0.399137 0.399137 0.399138 0.399136 0.399136 0.399137 0.399137 0.000000 0.000000
0.000000 0.000000 0.402437 0.402437 0.402436 0.402436 0.402437 0.402437 0.402437 0.402437 0.402438 0.402437 0.402437 0.402437 0.402437 0.402436 0.402436 0.402437 0.402437 0.000000 0.000000
0.000000 0.000000 0.405645 0.405645 0.405644 0.405644 0.405645 0.405645 0.405645 0.405645 0.405646 0.405645 0.405645 0.405645 0.405645 0.405644 0.405644 0.405645 0.405645 0.000000 0.000000
0.000000 0.000000 0.408819 0.408820 0.408819 0.408819 0.408820 0.408820 0.408820 0.408820 0.408820 0.408820 0.408820 0.408820 0.408820 0.408819 0.408819 0.408820 0.408820 0.000000 0.000000
0.000000 0.000000 0.350000 0.350000 0.350000 0.350000 0.350000 0.350000 0.350000 0.350000 0.350000 0.350000 0.350000 0.350000 0.350000 0.350000 0.350000 0.350000 0.350000 0.000000 0.000000
0.000000 0.000000 0.000000 0.000000 0.000000 0.000000 0.000000 0.000000 0.000000 0.000000 0.000000 0.000000 0.000000 0.000000 0.000000 0.000000 0.000000 0.000000 0.000000 0.000000 0.000000