geotop/1.0zi/1.0Montebello/Templates/testdem/maps/_Eocclay3018.asc
ncols         21
nrows         20
xllcorner     100.000000
yllcorner     100.000000
cellsize      50.000000
NODATA_value  -9999.0
0.000000 0.000000 0.000000 0.000000 0.000000 0.000000 0.000000 0.000000 0.000000 0.000000 0.000000 0.000000 0.000000 0.000000 0.000000 0.000000 0.000000 0.000000 0.000000 0.000000 0.000000
0.000000 0.000000 0.349827 0.349827 0.349827 0.349827 0.349827 0.349827 0.349827 0.349827 0.349826 0.349827 0.349827 0.349827 0.349827 0.349827 0.349827 0.349827 0.349827 0.000000 0.000000
0.000000 0.000000 0.349995 0.349995 0.349995 0.349995 0.349995 0.349995 0.349995 0.349995 0.349996 0.349995 0.349995 0.349995 0.349995 0.349995 0.349995 0.349995 0.349995 0.000000 0.000000
0.000000 0.000000 0.351108 0.351108 0.351106 0.351107 0.351108 0.351108 0.351108 0.351108 0.351109 0.351108 0.351108 0.351108 0.351108 0.351107 0.351106 0.351108 0.351108 0.000000 0.000000
0.000000 0.000000 0.355788 0.355787 0.355785 0.355785 0.355789 0.355788 0.355788 0.355789 0.355790 0.355789 0.355788 0.355788 0.355789 0.355785 0.355785 0.355787 0.355788 0.000000 0.000000
0.000000 0.000000 0.361005 0.361004 0.361003 0.361003 0.361006 0.361005 0.361005 0.361006 0.361006 0.361006 0.361005 0.361005 0.361006 0.361003 0.361003 0.361004 0.361005 0.000000 0.000000
0.000000 0.000000 0.365893 0.365893 0.365892 0.365892 0.365894 0.365893 0.365893 0.365894 0.365894 0.365894 0.365893 0.365893 0.365894 0.365892 0.365892 0.365893 0.365893 0.000000 0.000000
0.000000 0.000000 0.370346 0.370346 0.370344 0.370345 0.370346 0.370346 0.370346 0.370347 0.370347 0.370347 0.370346 0.370346 0.370346 0.370345 0.370344 0.370346 0.370346 0.000000 0.000000
0.000000 0.000000 0.374469 0.374469 0.374468 0.374468 0.374470 0.374469 0.374469 0.374470 0.374470 0.374470 0.374469 0.374469 0.374470 0.374468 0.374468 0.374469 0.374469 0.000000 0.000000
0.000000 0.000000 0.378361 0.378360 0.378359 0.378360 0.378361 0.378361 0.378361 0.378361 0.378362 0.378361 0.378361 0.378361 0.378361 0.378360 0.378359 0.378360 0.378361 0.000000 0.000000
0.000000 0.000000 0.382066 0.382066 0.382065 0.382065 0.382066 0.382066 0.382066 0.382067 0.382067 0.382067 0.382066 0.382066 0.382066 0.382065 0.382065 0.382066 0.382066 0.000000 0.000000
0.000000 0.000000 0.385621 0.385621 0.385619 0.385620 0.385621 0.385621 0.385621 0.385621 0.385622 0.385621 0.385621 0.385621 0.385621 0.385620 0.385619 0.385621 0.385621 0.000000 0.000000
0.000000 0.000000 0.389052 0.389052 0.389051 0.389051 0.389052 0.389052 0.389052 0.389053 0.389053 0.389053 0.389052 0.389052 0.389052 0.389051 0.389051 0.389052 0.389052 0.000000 0.000000
0.000000 0.000000 0.392386 0.392386 0.392385 0.392385 0.392386 0.392386 0.392386 0.392387 0.392387 0.392387 0.392386 0.392386 0.392386 0.392385 0.392385 0.392386 0.392386 0.000000 0.000000
0.000000 0.000000 0.395635 0.395634 0.395633 0.395634 0.395635 0.395634 0.395634 0.395635 0.395635 0.395635 0.395634 0.395634 0.395635 0.395634 0.395633 0.395634 0.395635 0.000000 0.000000
0.000000 0.000000 0.398802 0.398801 0.398800 0.398801 0.398802 0.398801 0.398801 0.398802 0.398802 0.398802 0.398801 0.398801 0.398802 0.398801 0.398800 0.398801 0.398802 0.000000 0.000000
0.000000 0.000000 0.401896 0.401896 0.401895 0.401895 0.401896 0.401896 0.401896 0.401897 0.401897 0.401897 0.401896 0.401896 0.401896 0.401895 0.401895 0.401896 0.401896 0.000000 0.000000
0.000000 0.000000 0.404982 0.404982 0.404981 0.404981 0.404982 0.404982 0.404982 0.404982 0.404983 0.404982 0.404982 0.404982 0.404982 0.404981 0.404981 0.404982 0.404982 0.000000 0.000000
0.000000 0.000000 0.350000 0.350000 0.350000 0.350000 0.350000 0.350000 0.350000 0.350000 0.350000 0.350000 0.350000 0.350000 0.350000 0.350000 0.350000 0.350000 0.350000 0.000000 0.000000
0.000000 0.000000 0.000000 0.000000 0.000000 0.000000 0.000000 0.000000 0.000000 0.000000 0.000000 0.000000 0.000000 0.000000 0.000000 0.000000 0.000000 0.000000 0.000000 0.000000 0.000000