geotop/1.0zi/1.0Montebello/Templates/testdem/maps/_Eocclay8751.asc
ncols         21
nrows         20
xllcorner     100.000000
yllcorner     100.000000
cellsize      50.000000
NODATA_value  -9999.0
0.000000 0.000000 0.000000 0.000000 0.000000 0.000000 0.000000 0.000000 0.000000 0.000000 0.000000 0.000000 0.000000 0.000000 0.000000 0.000000 0.000000 0.000000 0.000000 0.000000 0.000000
0.000000 0.000000 0.349594 0.349596 0.349596 0.349595 0.349596 0.349597 0.349596 0.349596 0.349595 0.349597 0.349596 0.349596 0.349597 0.349596 0.349594 0.349595 0.349595 0.000000 0.000000
0.000000 0.000000 0.349983 0.349982 0.349982 0.349984 0.349982 0.349981 0.349982 0.349981 0.349981 0.349981 0.349982 0.349981 0.349982 0.349983 0.349983 0.349982 0.349981 0.000000 0.000000
0.000000 0.000000 0.350023 0.350028 0.350025 0.350021 0.350022 0.350023 0.350025 0.350023 0.350026 0.350024 0.350025 0.350022 0.350025 0.350027 0.350026 0.350028 0.350026 0.000000 0.000000
0.000000 0.000000 0.351179 0.351172 0.351168 0.351163 0.351145 0.351144 0.351141 0.351142 0.351141 0.351143 0.351141 0.351143 0.351152 0.351154 0.351165 0.351166 0.351177 0.000000 0.000000
0.000000 0.000000 0.354453 0.354450 0.354431 0.354399 0.354380 0.354357 0.354359 0.354352 0.354357 0.354357 0.354363 0.354361 0.354374 0.354395 0.354412 0.354424 0.354431 0.000000 0.000000
0.000000 0.000000 0.358875 0.358867 0.358858 0.358829 0.358794 0.358752 0.358752 0.358747 0.358748 0.358750 0.358751 0.358751 0.358788 0.358820 0.358838 0.358850 0.358859 0.000000 0.000000
0.000000 0.000000 0.364114 0.364108 0.364098 0.364063 0.364029 0.363985 0.363985 0.363979 0.363979 0.363977 0.363975 0.363984 0.364023 0.364051 0.364080 0.364088 0.364103 0.000000 0.000000
0.000000 0.000000 0.369749 0.369738 0.369721 0.369698 0.369660 0.369614 0.369618 0.369608 0.369606 0.369604 0.369606 0.369604 0.369651 0.369689 0.369711 0.369721 0.369733 0.000000 0.000000
0.000000 0.000000 0.375818 0.375804 0.375795 0.375771 0.375715 0.375674 0.375674 0.375669 0.375662 0.375668 0.375675 0.375672 0.375712 0.375757 0.375784 0.375793 0.375802 0.000000 0.000000
0.000000 0.000000 0.382551 0.382542 0.382531 0.382477 0.382440 0.382386 0.382401 0.382369 0.382377 0.382374 0.382364 0.382383 0.382423 0.382450 0.382487 0.382505 0.382531 0.000000 0.000000
0.000000 0.000000 0.390165 0.390139 0.390115 0.390085 0.390035 0.389973 0.389965 0.389962 0.389977 0.389953 0.389964 0.389964 0.390036 0.390076 0.390098 0.390112 0.390173 0.000000 0.000000
0.000000 0.000000 0.398555 0.398530 0.398527 0.398470 0.398431 0.398242 0.398238 0.398231 0.398175 0.398210 0.398218 0.398235 0.398384 0.398419 0.398495 0.398498 0.398526 0.000000 0.000000
0.000000 0.000000 0.408657 0.408650 0.408605 0.408568 0.408307 0.408357 0.408306 0.408308 0.408334 0.408311 0.408307 0.408286 0.408245 0.408520 0.408549 0.408620 0.408667 0.000000 0.000000
0.000000 0.000000 0.420730 0.420700 0.420648 0.420302 0.420370 0.420197 0.420128 0.420112 0.420049 0.420015 0.420055 0.420050 0.420226 0.420171 0.420623 0.420538 0.420539 0.000000 0.000000
0.000000 0.000000 0.433735 0.433712 0.433222 0.433410 0.433352 0.433343 0.433544 0.433488 0.433599 0.433572 0.433487 0.433607 0.433588 0.433629 0.433185 0.433916 0.433907 0.000000 0.000000
0.000000 0.000000 0.449150 0.448444 0.448670 0.448365 0.448012 0.447910 0.447683 0.447739 0.447511 0.447538 0.447674 0.447532 0.447722 0.447983 0.448652 0.448145 0.448883 0.000000 0.000000
0.000000 0.000000 0.453294 0.453942 0.454463 0.454474 0.454524 0.454013 0.454118 0.453963 0.454233 0.454181 0.454134 0.454226 0.454649 0.454611 0.454564 0.454182 0.453542 0.000000 0.000000
0.000000 0.000000 0.350000 0.350000 0.350000 0.350000 0.350000 0.350000 0.350000 0.350000 0.350000 0.350000 0.350000 0.350000 0.350000 0.350000 0.350000 0.350000 0.350000 0.000000 0.000000
0.000000 0.000000 0.000000 0.000000 0.000000 0.000000 0.000000 0.000000 0.000000 0.000000 0.000000 0.000000 0.000000 0.000000 0.000000 0.000000 0.000000 0.000000 0.000000 0.000000 0.000000