geotop/1.0zi/1.0Montebello/Templates/testdem/maps/_Eocclay7613.asc
ncols         21
nrows         20
xllcorner     100.000000
yllcorner     100.000000
cellsize      50.000000
NODATA_value  -9999.0
0.000000 0.000000 0.000000 0.000000 0.000000 0.000000 0.000000 0.000000 0.000000 0.000000 0.000000 0.000000 0.000000 0.000000 0.000000 0.000000 0.000000 0.000000 0.000000 0.000000 0.000000
0.000000 0.000000 0.349652 0.349654 0.349654 0.349653 0.349654 0.349654 0.349654 0.349654 0.349653 0.349654 0.349654 0.349654 0.349654 0.349654 0.349652 0.349653 0.349654 0.000000 0.000000
0.000000 0.000000 0.349985 0.349985 0.349985 0.349987 0.349985 0.349985 0.349985 0.349985 0.349985 0.349985 0.349985 0.349984 0.349985 0.349985 0.349986 0.349986 0.349983 0.000000 0.000000
0.000000 0.000000 0.350003 0.350008 0.350005 0.350004 0.350006 0.350004 0.350006 0.350003 0.350006 0.350004 0.350004 0.350003 0.350005 0.350007 0.350006 0.350009 0.350007 0.000000 0.000000
0.000000 0.000000 0.350950 0.350948 0.350944 0.350938 0.350923 0.350921 0.350918 0.350921 0.350918 0.350918 0.350914 0.350918 0.350928 0.350929 0.350937 0.350939 0.350945 0.000000 0.000000
0.000000 0.000000 0.353533 0.353532 0.353521 0.353494 0.353481 0.353458 0.353459 0.353452 0.353455 0.353455 0.353457 0.353459 0.353469 0.353488 0.353502 0.353517 0.353522 0.000000 0.000000
0.000000 0.000000 0.357103 0.357099 0.357091 0.357068 0.357039 0.357003 0.357001 0.356996 0.356997 0.356998 0.356998 0.356999 0.357031 0.357059 0.357074 0.357087 0.357095 0.000000 0.000000
0.000000 0.000000 0.361357 0.361355 0.361347 0.361319 0.361291 0.361251 0.361251 0.361247 0.361246 0.361244 0.361241 0.361250 0.361283 0.361308 0.361332 0.361341 0.361353 0.000000 0.000000
0.000000 0.000000 0.365829 0.365823 0.365810 0.365792 0.365762 0.365722 0.365725 0.365716 0.365713 0.365712 0.365712 0.365711 0.365751 0.365783 0.365802 0.365811 0.365821 0.000000 0.000000
0.000000 0.000000 0.370524 0.370515 0.370508 0.370491 0.370447 0.370411 0.370411 0.370407 0.370401 0.370404 0.370409 0.370407 0.370441 0.370478 0.370500 0.370508 0.370516 0.000000 0.000000
0.000000 0.000000 0.375584 0.375579 0.375571 0.375535 0.375504 0.375462 0.375470 0.375448 0.375450 0.375450 0.375441 0.375457 0.375487 0.375510 0.375539 0.375554 0.375574 0.000000 0.000000
0.000000 0.000000 0.381129 0.381115 0.381098 0.381074 0.381041 0.380989 0.380986 0.380979 0.380991 0.380973 0.380977 0.380981 0.381035 0.381062 0.381082 0.381093 0.381141 0.000000 0.000000
0.000000 0.000000 0.387061 0.387046 0.387039 0.387007 0.386978 0.386847 0.386845 0.386837 0.386804 0.386821 0.386828 0.386841 0.386941 0.386968 0.387018 0.387025 0.387051 0.000000 0.000000
0.000000 0.000000 0.393897 0.393891 0.393866 0.393842 0.393686 0.393686 0.393653 0.393653 0.393658 0.393652 0.393648 0.393642 0.393637 0.393799 0.393831 0.393874 0.393907 0.000000 0.000000
0.000000 0.000000 0.401850 0.401837 0.401803 0.401614 0.401612 0.401519 0.401470 0.401460 0.401428 0.401405 0.401425 0.401420 0.401511 0.401526 0.401779 0.401747 0.401757 0.000000 0.000000
0.000000 0.000000 0.410585 0.410572 0.410301 0.410346 0.410330 0.410292 0.410384 0.410352 0.410398 0.410374 0.410333 0.410400 0.410419 0.410433 0.410277 0.410656 0.410651 0.000000 0.000000
0.000000 0.000000 0.421455 0.421025 0.421061 0.420915 0.420699 0.420635 0.420538 0.420560 0.420440 0.420448 0.420511 0.420454 0.420562 0.420721 0.421046 0.420890 0.421334 0.000000 0.000000
0.000000 0.000000 0.426584 0.426930 0.427331 0.427307 0.427291 0.426916 0.426956 0.426854 0.427004 0.426971 0.426957 0.427005 0.427329 0.427339 0.427404 0.427063 0.426730 0.000000 0.000000
0.000000 0.000000 0.350000 0.350000 0.350000 0.350000 0.350000 0.350000 0.350000 0.350000 0.350000 0.350000 0.350000 0.350000 0.350000 0.350000 0.350000 0.350000 0.350000 0.000000 0.000000
0.000000 0.000000 0.000000 0.000000 0.000000 0.000000 0.000000 0.000000 0.000000 0.000000 0.000000 0.000000 0.000000 0.000000 0.000000 0.000000 0.000000 0.000000 0.000000 0.000000 0.000000