geotop/1.0zi/1.0Montebello/Templates/testdem/maps/_Eocsand4881.asc
ncols         21
nrows         20
xllcorner     100.000000
yllcorner     100.000000
cellsize      50.000000
NODATA_value  -9999.0
0.000000 0.000000 0.000000 0.000000 0.000000 0.000000 0.000000 0.000000 0.000000 0.000000 0.000000 0.000000 0.000000 0.000000 0.000000 0.000000 0.000000 0.000000 0.000000 0.000000 0.000000
0.000000 0.000000 0.300120 0.300120 0.300119 0.300119 0.300119 0.300119 0.300119 0.300119 0.300119 0.300119 0.300119 0.300119 0.300119 0.300119 0.300119 0.300120 0.300120 0.000000 0.000000
0.000000 0.000000 0.300006 0.300005 0.300005 0.300005 0.300005 0.300005 0.300005 0.300005 0.300005 0.300005 0.300005 0.300004 0.300005 0.300005 0.300007 0.300007 0.300006 0.000000 0.000000
0.000000 0.000000 0.299977 0.299975 0.299977 0.299982 0.299979 0.299981 0.299979 0.299979 0.299979 0.299980 0.299980 0.299982 0.299978 0.299974 0.299976 0.299973 0.299975 0.000000 0.000000
0.000000 0.000000 0.299211 0.299208 0.299210 0.299219 0.299230 0.299236 0.299237 0.299239 0.299242 0.299238 0.299241 0.299239 0.299230 0.299230 0.299225 0.299216 0.299209 0.000000 0.000000
0.000000 0.000000 0.296633 0.296627 0.296637 0.296664 0.296675 0.296704 0.296707 0.296716 0.296708 0.296707 0.296699 0.296699 0.296692 0.296677 0.296666 0.296655 0.296646 0.000000 0.000000
0.000000 0.000000 0.292738 0.292741 0.292752 0.292781 0.292814 0.292854 0.292853 0.292859 0.292853 0.292856 0.292856 0.292850 0.292822 0.292789 0.292774 0.292760 0.292747 0.000000 0.000000
0.000000 0.000000 0.288149 0.288154 0.288158 0.288188 0.288224 0.288264 0.288262 0.288268 0.288267 0.288268 0.288270 0.288267 0.288230 0.288195 0.288176 0.288168 0.288155 0.000000 0.000000
0.000000 0.000000 0.283457 0.283466 0.283477 0.283500 0.283534 0.283579 0.283576 0.283584 0.283584 0.283582 0.283585 0.283581 0.283545 0.283506 0.283491 0.283480 0.283463 0.000000 0.000000
0.000000 0.000000 0.278762 0.278771 0.278779 0.278803 0.278843 0.278883 0.278878 0.278883 0.278884 0.278883 0.278887 0.278887 0.278846 0.278807 0.278792 0.278783 0.278770 0.000000 0.000000
0.000000 0.000000 0.273981 0.273991 0.273998 0.274017 0.274048 0.274097 0.274093 0.274102 0.274103 0.274101 0.274105 0.274103 0.274068 0.274038 0.274019 0.274008 0.273992 0.000000 0.000000
0.000000 0.000000 0.269018 0.269025 0.269038 0.269067 0.269099 0.269147 0.269147 0.269153 0.269153 0.269155 0.269156 0.269156 0.269110 0.269075 0.269057 0.269048 0.268998 0.000000 0.000000
0.000000 0.000000 0.263966 0.263975 0.263987 0.264009 0.264049 0.264150 0.264149 0.264157 0.264159 0.264158 0.264163 0.264159 0.264070 0.264029 0.264010 0.264000 0.263970 0.000000 0.000000
0.000000 0.000000 0.258582 0.258600 0.258608 0.258632 0.258740 0.258766 0.258781 0.258787 0.258787 0.258787 0.258793 0.258791 0.258762 0.258658 0.258638 0.258615 0.258597 0.000000 0.000000
0.000000 0.000000 0.252746 0.252760 0.252789 0.252885 0.252935 0.252999 0.253031 0.253040 0.253056 0.253057 0.253052 0.253060 0.253010 0.252940 0.252824 0.252828 0.252812 0.000000 0.000000
0.000000 0.000000 0.246687 0.246701 0.246819 0.246837 0.246870 0.246901 0.246902 0.246904 0.246898 0.246900 0.246915 0.246891 0.246875 0.246848 0.246852 0.246721 0.246691 0.000000 0.000000
0.000000 0.000000 0.239890 0.240049 0.240140 0.240186 0.240270 0.240313 0.240322 0.240328 0.240346 0.240346 0.240342 0.240354 0.240320 0.240227 0.240167 0.240110 0.239953 0.000000 0.000000
0.000000 0.000000 0.234674 0.234698 0.234592 0.234650 0.234718 0.234873 0.234886 0.234900 0.234893 0.234895 0.234904 0.234889 0.234748 0.234675 0.234591 0.234727 0.234675 0.000000 0.000000
0.000000 0.000000 0.300000 0.300000 0.300000 0.300000 0.300000 0.300000 0.300000 0.300000 0.300000 0.300000 0.300000 0.300000 0.300000 0.300000 0.300000 0.300000 0.300000 0.000000 0.000000
0.000000 0.000000 0.000000 0.000000 0.000000 0.000000 0.000000 0.000000 0.000000 0.000000 0.000000 0.000000 0.000000 0.000000 0.000000 0.000000 0.000000 0.000000 0.000000 0.000000 0.000000