geotop/1.0zi/1.0Montebello/Templates/testdem/maps/_Eocclay1098.asc
ncols         21
nrows         20
xllcorner     100.000000
yllcorner     100.000000
cellsize      50.000000
NODATA_value  -9999.0
0.000000 0.000000 0.000000 0.000000 0.000000 0.000000 0.000000 0.000000 0.000000 0.000000 0.000000 0.000000 0.000000 0.000000 0.000000 0.000000 0.000000 0.000000 0.000000 0.000000 0.000000
0.000000 0.000000 0.349945 0.349945 0.349946 0.349945 0.349945 0.349945 0.349945 0.349945 0.349945 0.349945 0.349945 0.349945 0.349945 0.349945 0.349946 0.349945 0.349945 0.000000 0.000000
0.000000 0.000000 0.349995 0.349995 0.349994 0.349995 0.349995 0.349995 0.349995 0.349995 0.349995 0.349995 0.349995 0.349995 0.349995 0.349995 0.349994 0.349995 0.349995 0.000000 0.000000
0.000000 0.000000 0.350442 0.350442 0.350440 0.350441 0.350442 0.350442 0.350442 0.350442 0.350442 0.350442 0.350442 0.350442 0.350442 0.350441 0.350440 0.350442 0.350442 0.000000 0.000000
0.000000 0.000000 0.352119 0.352118 0.352116 0.352116 0.352120 0.352119 0.352119 0.352120 0.352119 0.352120 0.352119 0.352119 0.352120 0.352116 0.352116 0.352118 0.352119 0.000000 0.000000
0.000000 0.000000 0.353959 0.353959 0.353957 0.353957 0.353960 0.353959 0.353959 0.353960 0.353960 0.353960 0.353959 0.353959 0.353960 0.353957 0.353957 0.353959 0.353959 0.000000 0.000000
0.000000 0.000000 0.355708 0.355707 0.355706 0.355706 0.355708 0.355708 0.355708 0.355708 0.355708 0.355708 0.355708 0.355708 0.355708 0.355706 0.355706 0.355707 0.355708 0.000000 0.000000
0.000000 0.000000 0.357321 0.357321 0.357319 0.357320 0.357321 0.357321 0.357321 0.357322 0.357321 0.357322 0.357321 0.357321 0.357321 0.357320 0.357319 0.357321 0.357321 0.000000 0.000000
0.000000 0.000000 0.358834 0.358834 0.358833 0.358833 0.358834 0.358834 0.358834 0.358835 0.358835 0.358835 0.358834 0.358834 0.358834 0.358833 0.358833 0.358834 0.358834 0.000000 0.000000
0.000000 0.000000 0.360286 0.360286 0.360284 0.360285 0.360286 0.360286 0.360286 0.360286 0.360286 0.360286 0.360286 0.360286 0.360286 0.360285 0.360284 0.360286 0.360286 0.000000 0.000000
0.000000 0.000000 0.361690 0.361690 0.361689 0.361689 0.361690 0.361690 0.361690 0.361691 0.361690 0.361691 0.361690 0.361690 0.361690 0.361689 0.361689 0.361690 0.361690 0.000000 0.000000
0.000000 0.000000 0.363063 0.363062 0.363061 0.363061 0.363063 0.363062 0.363062 0.363063 0.363063 0.363063 0.363062 0.363062 0.363063 0.363061 0.363061 0.363062 0.363063 0.000000 0.000000
0.000000 0.000000 0.364412 0.364412 0.364411 0.364411 0.364413 0.364412 0.364412 0.364413 0.364413 0.364413 0.364412 0.364412 0.364413 0.364411 0.364411 0.364412 0.364412 0.000000 0.000000
0.000000 0.000000 0.365739 0.365739 0.365737 0.365738 0.365739 0.365739 0.365739 0.365739 0.365739 0.365739 0.365739 0.365739 0.365739 0.365738 0.365737 0.365739 0.365739 0.000000 0.000000
0.000000 0.000000 0.367052 0.367052 0.367051 0.367051 0.367052 0.367052 0.367052 0.367052 0.367052 0.367052 0.367052 0.367052 0.367052 0.367051 0.367051 0.367052 0.367052 0.000000 0.000000
0.000000 0.000000 0.368357 0.368357 0.368356 0.368356 0.368357 0.368357 0.368357 0.368358 0.368358 0.368358 0.368357 0.368357 0.368357 0.368356 0.368356 0.368357 0.368357 0.000000 0.000000
0.000000 0.000000 0.369649 0.369649 0.369647 0.369648 0.369649 0.369649 0.369649 0.369649 0.369649 0.369649 0.369649 0.369649 0.369649 0.369648 0.369647 0.369649 0.369649 0.000000 0.000000
0.000000 0.000000 0.370967 0.370967 0.370966 0.370966 0.370967 0.370967 0.370967 0.370968 0.370968 0.370968 0.370967 0.370967 0.370967 0.370966 0.370966 0.370967 0.370967 0.000000 0.000000
0.000000 0.000000 0.350000 0.350000 0.350000 0.350000 0.350000 0.350000 0.350000 0.350000 0.350000 0.350000 0.350000 0.350000 0.350000 0.350000 0.350000 0.350000 0.350000 0.000000 0.000000
0.000000 0.000000 0.000000 0.000000 0.000000 0.000000 0.000000 0.000000 0.000000 0.000000 0.000000 0.000000 0.000000 0.000000 0.000000 0.000000 0.000000 0.000000 0.000000 0.000000 0.000000