geotop/1.0zi/1.0Montebello/Templates/testdem/maps/_Eocsilt0318.asc
ncols         21
nrows         20
xllcorner     100.000000
yllcorner     100.000000
cellsize      50.000000
NODATA_value  -9999.0
0.000000 0.000000 0.000000 0.000000 0.000000 0.000000 0.000000 0.000000 0.000000 0.000000 0.000000 0.000000 0.000000 0.000000 0.000000 0.000000 0.000000 0.000000 0.000000 0.000000 0.000000
0.000000 0.000000 0.350008 0.350008 0.350008 0.350008 0.350008 0.350008 0.350008 0.350008 0.350008 0.350008 0.350008 0.350008 0.350008 0.350008 0.350008 0.350008 0.350008 0.000000 0.000000
0.000000 0.000000 0.350001 0.350000 0.350001 0.350000 0.350001 0.350001 0.350001 0.350001 0.350001 0.350001 0.350001 0.350001 0.350001 0.350000 0.350001 0.350000 0.350001 0.000000 0.000000
0.000000 0.000000 0.350240 0.350240 0.350237 0.350240 0.350240 0.350240 0.350240 0.350240 0.350240 0.350240 0.350240 0.350240 0.350240 0.350240 0.350237 0.350240 0.350240 0.000000 0.000000
0.000000 0.000000 0.350870 0.350870 0.350868 0.350870 0.350870 0.350870 0.350870 0.350870 0.350870 0.350870 0.350870 0.350870 0.350870 0.350870 0.350868 0.350870 0.350870 0.000000 0.000000
0.000000 0.000000 0.351461 0.351461 0.351459 0.351461 0.351461 0.351461 0.351461 0.351461 0.351461 0.351461 0.351461 0.351461 0.351461 0.351461 0.351459 0.351461 0.351461 0.000000 0.000000
0.000000 0.000000 0.351989 0.351989 0.351988 0.351989 0.351989 0.351989 0.351989 0.351989 0.351989 0.351989 0.351989 0.351989 0.351989 0.351989 0.351988 0.351989 0.351989 0.000000 0.000000
0.000000 0.000000 0.352476 0.352476 0.352474 0.352476 0.352476 0.352476 0.352476 0.352476 0.352476 0.352476 0.352476 0.352476 0.352476 0.352476 0.352474 0.352476 0.352476 0.000000 0.000000
0.000000 0.000000 0.352933 0.352933 0.352932 0.352933 0.352933 0.352933 0.352933 0.352933 0.352933 0.352933 0.352933 0.352933 0.352933 0.352933 0.352932 0.352933 0.352933 0.000000 0.000000
0.000000 0.000000 0.353374 0.353374 0.353373 0.353374 0.353374 0.353374 0.353374 0.353374 0.353374 0.353374 0.353374 0.353374 0.353374 0.353374 0.353373 0.353374 0.353374 0.000000 0.000000
0.000000 0.000000 0.353802 0.353802 0.353800 0.353801 0.353802 0.353802 0.353802 0.353802 0.353802 0.353802 0.353802 0.353802 0.353802 0.353801 0.353800 0.353802 0.353802 0.000000 0.000000
0.000000 0.000000 0.354220 0.354220 0.354218 0.354219 0.354220 0.354220 0.354220 0.354220 0.354220 0.354220 0.354220 0.354220 0.354220 0.354219 0.354218 0.354220 0.354220 0.000000 0.000000
0.000000 0.000000 0.354630 0.354630 0.354629 0.354630 0.354630 0.354630 0.354630 0.354630 0.354630 0.354630 0.354630 0.354630 0.354630 0.354630 0.354629 0.354630 0.354630 0.000000 0.000000
0.000000 0.000000 0.355033 0.355033 0.355031 0.355033 0.355033 0.355033 0.355033 0.355033 0.355033 0.355033 0.355033 0.355033 0.355033 0.355033 0.355031 0.355033 0.355033 0.000000 0.000000
0.000000 0.000000 0.355431 0.355431 0.355429 0.355430 0.355431 0.355431 0.355431 0.355431 0.355431 0.355431 0.355431 0.355431 0.355431 0.355430 0.355429 0.355431 0.355431 0.000000 0.000000
0.000000 0.000000 0.355826 0.355826 0.355825 0.355826 0.355826 0.355826 0.355826 0.355826 0.355826 0.355826 0.355826 0.355826 0.355826 0.355826 0.355825 0.355826 0.355826 0.000000 0.000000
0.000000 0.000000 0.356217 0.356217 0.356215 0.356217 0.356217 0.356217 0.356217 0.356217 0.356217 0.356217 0.356217 0.356217 0.356217 0.356217 0.356215 0.356217 0.356217 0.000000 0.000000
0.000000 0.000000 0.356624 0.356624 0.356623 0.356624 0.356624 0.356624 0.356624 0.356624 0.356624 0.356624 0.356624 0.356624 0.356624 0.356624 0.356623 0.356624 0.356624 0.000000 0.000000
0.000000 0.000000 0.350000 0.350000 0.350000 0.350000 0.350000 0.350000 0.350000 0.350000 0.350000 0.350000 0.350000 0.350000 0.350000 0.350000 0.350000 0.350000 0.350000 0.000000 0.000000
0.000000 0.000000 0.000000 0.000000 0.000000 0.000000 0.000000 0.000000 0.000000 0.000000 0.000000 0.000000 0.000000 0.000000 0.000000 0.000000 0.000000 0.000000 0.000000 0.000000 0.000000