geotop/1.0zi/1.0Montebello/Templates/testdem/maps/_Eocsand2221.asc
ncols         21
nrows         20
xllcorner     100.000000
yllcorner     100.000000
cellsize      50.000000
NODATA_value  -9999.0
0.000000 0.000000 0.000000 0.000000 0.000000 0.000000 0.000000 0.000000 0.000000 0.000000 0.000000 0.000000 0.000000 0.000000 0.000000 0.000000 0.000000 0.000000 0.000000 0.000000 0.000000
0.000000 0.000000 0.300066 0.300066 0.300066 0.300066 0.300066 0.300066 0.300066 0.300066 0.300066 0.300066 0.300066 0.300066 0.300066 0.300066 0.300066 0.300066 0.300066 0.000000 0.000000
0.000000 0.000000 0.300010 0.300010 0.300011 0.300010 0.300010 0.300010 0.300010 0.300010 0.300010 0.300010 0.300010 0.300010 0.300010 0.300010 0.300011 0.300010 0.300010 0.000000 0.000000
0.000000 0.000000 0.298627 0.298628 0.298632 0.298630 0.298627 0.298627 0.298627 0.298627 0.298627 0.298627 0.298627 0.298627 0.298627 0.298630 0.298632 0.298628 0.298627 0.000000 0.000000
0.000000 0.000000 0.292790 0.292791 0.292795 0.292794 0.292788 0.292790 0.292790 0.292788 0.292788 0.292788 0.292790 0.292790 0.292788 0.292794 0.292795 0.292791 0.292790 0.000000 0.000000
0.000000 0.000000 0.285482 0.285484 0.285487 0.285486 0.285481 0.285483 0.285483 0.285481 0.285481 0.285481 0.285483 0.285483 0.285481 0.285486 0.285487 0.285484 0.285482 0.000000 0.000000
0.000000 0.000000 0.278647 0.278648 0.278651 0.278650 0.278646 0.278648 0.278647 0.278646 0.278645 0.278646 0.278647 0.278648 0.278646 0.278650 0.278651 0.278648 0.278647 0.000000 0.000000
0.000000 0.000000 0.272372 0.272373 0.272376 0.272375 0.272372 0.272373 0.272373 0.272371 0.272371 0.272371 0.272373 0.272373 0.272372 0.272375 0.272376 0.272373 0.272372 0.000000 0.000000
0.000000 0.000000 0.266508 0.266508 0.266511 0.266510 0.266507 0.266508 0.266508 0.266507 0.266506 0.266507 0.266508 0.266508 0.266507 0.266510 0.266511 0.266508 0.266508 0.000000 0.000000
0.000000 0.000000 0.260914 0.260914 0.260917 0.260916 0.260913 0.260914 0.260914 0.260913 0.260913 0.260913 0.260914 0.260914 0.260913 0.260916 0.260917 0.260914 0.260914 0.000000 0.000000
0.000000 0.000000 0.255527 0.255527 0.255530 0.255529 0.255526 0.255527 0.255527 0.255526 0.255525 0.255526 0.255527 0.255527 0.255526 0.255529 0.255530 0.255527 0.255527 0.000000 0.000000
0.000000 0.000000 0.250298 0.250298 0.250301 0.250300 0.250297 0.250298 0.250298 0.250297 0.250297 0.250297 0.250298 0.250298 0.250297 0.250300 0.250301 0.250298 0.250298 0.000000 0.000000
0.000000 0.000000 0.245192 0.245193 0.245195 0.245194 0.245192 0.245193 0.245192 0.245191 0.245191 0.245191 0.245192 0.245193 0.245192 0.245194 0.245195 0.245193 0.245192 0.000000 0.000000
0.000000 0.000000 0.240196 0.240197 0.240199 0.240198 0.240196 0.240197 0.240197 0.240196 0.240195 0.240196 0.240197 0.240197 0.240196 0.240198 0.240199 0.240197 0.240196 0.000000 0.000000
0.000000 0.000000 0.235289 0.235290 0.235292 0.235291 0.235289 0.235290 0.235290 0.235289 0.235288 0.235289 0.235290 0.235290 0.235289 0.235291 0.235292 0.235290 0.235289 0.000000 0.000000
0.000000 0.000000 0.230461 0.230462 0.230464 0.230463 0.230461 0.230462 0.230462 0.230461 0.230460 0.230461 0.230462 0.230462 0.230461 0.230463 0.230464 0.230462 0.230461 0.000000 0.000000
0.000000 0.000000 0.225711 0.225711 0.225713 0.225713 0.225710 0.225711 0.225711 0.225710 0.225710 0.225710 0.225711 0.225711 0.225710 0.225713 0.225713 0.225711 0.225711 0.000000 0.000000
0.000000 0.000000 0.220976 0.220976 0.220978 0.220977 0.220975 0.220976 0.220976 0.220975 0.220974 0.220975 0.220976 0.220976 0.220975 0.220977 0.220978 0.220976 0.220975 0.000000 0.000000
0.000000 0.000000 0.300000 0.300000 0.300000 0.300000 0.300000 0.300000 0.300000 0.300000 0.300000 0.300000 0.300000 0.300000 0.300000 0.300000 0.300000 0.300000 0.300000 0.000000 0.000000
0.000000 0.000000 0.000000 0.000000 0.000000 0.000000 0.000000 0.000000 0.000000 0.000000 0.000000 0.000000 0.000000 0.000000 0.000000 0.000000 0.000000 0.000000 0.000000 0.000000 0.000000