geotop/1.0zi/1.0Montebello/Templates/testdem/maps/_Eocsand3303.asc
ncols         21
nrows         20
xllcorner     100.000000
yllcorner     100.000000
cellsize      50.000000
NODATA_value  -9999.0
0.000000 0.000000 0.000000 0.000000 0.000000 0.000000 0.000000 0.000000 0.000000 0.000000 0.000000 0.000000 0.000000 0.000000 0.000000 0.000000 0.000000 0.000000 0.000000 0.000000 0.000000
0.000000 0.000000 0.300090 0.300090 0.300090 0.300090 0.300090 0.300090 0.300090 0.300090 0.300091 0.300090 0.300090 0.300090 0.300090 0.300090 0.300090 0.300090 0.300090 0.000000 0.000000
0.000000 0.000000 0.300011 0.300011 0.300011 0.300010 0.300011 0.300011 0.300011 0.300011 0.300009 0.300011 0.300011 0.300011 0.300011 0.300010 0.300011 0.300011 0.300011 0.000000 0.000000
0.000000 0.000000 0.297432 0.297433 0.297437 0.297435 0.297432 0.297432 0.297432 0.297432 0.297431 0.297432 0.297432 0.297432 0.297432 0.297435 0.297437 0.297433 0.297432 0.000000 0.000000
0.000000 0.000000 0.287698 0.287699 0.287703 0.287702 0.287696 0.287698 0.287698 0.287696 0.287695 0.287696 0.287698 0.287698 0.287696 0.287702 0.287703 0.287699 0.287698 0.000000 0.000000
0.000000 0.000000 0.276349 0.276350 0.276353 0.276353 0.276348 0.276350 0.276350 0.276348 0.276347 0.276348 0.276350 0.276350 0.276348 0.276353 0.276353 0.276350 0.276349 0.000000 0.000000
0.000000 0.000000 0.265892 0.265893 0.265896 0.265895 0.265891 0.265893 0.265892 0.265891 0.265890 0.265891 0.265892 0.265893 0.265891 0.265895 0.265896 0.265893 0.265892 0.000000 0.000000
0.000000 0.000000 0.256404 0.256405 0.256407 0.256407 0.256403 0.256405 0.256405 0.256403 0.256402 0.256403 0.256405 0.256405 0.256403 0.256407 0.256407 0.256405 0.256404 0.000000 0.000000
0.000000 0.000000 0.247636 0.247637 0.247639 0.247638 0.247635 0.247637 0.247636 0.247635 0.247634 0.247635 0.247636 0.247637 0.247635 0.247638 0.247639 0.247637 0.247636 0.000000 0.000000
0.000000 0.000000 0.239381 0.239381 0.239384 0.239383 0.239380 0.239381 0.239381 0.239380 0.239379 0.239380 0.239381 0.239381 0.239380 0.239383 0.239384 0.239381 0.239381 0.000000 0.000000
0.000000 0.000000 0.231536 0.231537 0.231539 0.231539 0.231536 0.231537 0.231537 0.231536 0.231535 0.231536 0.231537 0.231537 0.231536 0.231539 0.231539 0.231537 0.231536 0.000000 0.000000
0.000000 0.000000 0.224028 0.224028 0.224030 0.224030 0.224027 0.224028 0.224028 0.224027 0.224026 0.224027 0.224028 0.224028 0.224027 0.224030 0.224030 0.224028 0.224028 0.000000 0.000000
0.000000 0.000000 0.216802 0.216803 0.216805 0.216804 0.216801 0.216802 0.216802 0.216801 0.216801 0.216801 0.216802 0.216802 0.216801 0.216804 0.216805 0.216803 0.216802 0.000000 0.000000
0.000000 0.000000 0.209800 0.209801 0.209803 0.209802 0.209800 0.209801 0.209801 0.209800 0.209799 0.209800 0.209801 0.209801 0.209800 0.209802 0.209803 0.209801 0.209800 0.000000 0.000000
0.000000 0.000000 0.203005 0.203005 0.203007 0.203006 0.203004 0.203005 0.203005 0.203004 0.203003 0.203004 0.203005 0.203005 0.203004 0.203006 0.203007 0.203005 0.203005 0.000000 0.000000
0.000000 0.000000 0.196402 0.196402 0.196404 0.196403 0.196401 0.196402 0.196402 0.196401 0.196400 0.196401 0.196402 0.196402 0.196401 0.196403 0.196404 0.196402 0.196402 0.000000 0.000000
0.000000 0.000000 0.189973 0.189973 0.189975 0.189974 0.189972 0.189973 0.189973 0.189972 0.189971 0.189972 0.189973 0.189973 0.189972 0.189974 0.189975 0.189973 0.189973 0.000000 0.000000
0.000000 0.000000 0.183600 0.183600 0.183602 0.183601 0.183599 0.183600 0.183600 0.183599 0.183598 0.183599 0.183600 0.183600 0.183599 0.183601 0.183602 0.183600 0.183599 0.000000 0.000000
0.000000 0.000000 0.300000 0.300000 0.300000 0.300000 0.300000 0.300000 0.300000 0.300000 0.300000 0.300000 0.300000 0.300000 0.300000 0.300000 0.300000 0.300000 0.300000 0.000000 0.000000
0.000000 0.000000 0.000000 0.000000 0.000000 0.000000 0.000000 0.000000 0.000000 0.000000 0.000000 0.000000 0.000000 0.000000 0.000000 0.000000 0.000000 0.000000 0.000000 0.000000 0.000000