geotop/1.0zi/1.0Montebello/Templates/testdem/maps/_Eocsand9079.asc
ncols         21
nrows         20
xllcorner     100.000000
yllcorner     100.000000
cellsize      50.000000
NODATA_value  -9999.0
0.000000 0.000000 0.000000 0.000000 0.000000 0.000000 0.000000 0.000000 0.000000 0.000000 0.000000 0.000000 0.000000 0.000000 0.000000 0.000000 0.000000 0.000000 0.000000 0.000000 0.000000
0.000000 0.000000 0.300233 0.300230 0.300230 0.300231 0.300230 0.300229 0.300230 0.300230 0.300231 0.300230 0.300230 0.300230 0.300230 0.300230 0.300231 0.300231 0.300231 0.000000 0.000000
0.000000 0.000000 0.300012 0.300014 0.300014 0.300012 0.300013 0.300014 0.300013 0.300013 0.300014 0.300014 0.300013 0.300013 0.300013 0.300013 0.300014 0.300015 0.300015 0.000000 0.000000
0.000000 0.000000 0.299855 0.299854 0.299861 0.299869 0.299868 0.299872 0.299865 0.299867 0.299867 0.299867 0.299866 0.299868 0.299863 0.299857 0.299854 0.299855 0.299854 0.000000 0.000000
0.000000 0.000000 0.297490 0.297492 0.297510 0.297536 0.297563 0.297567 0.297570 0.297572 0.297573 0.297570 0.297567 0.297567 0.297544 0.297533 0.297520 0.297516 0.297504 0.000000 0.000000
0.000000 0.000000 0.290753 0.290766 0.290802 0.290852 0.290906 0.290954 0.290952 0.290964 0.290958 0.290959 0.290950 0.290954 0.290926 0.290882 0.290859 0.290846 0.290833 0.000000 0.000000
0.000000 0.000000 0.281472 0.281493 0.281523 0.281584 0.281657 0.281754 0.281749 0.281757 0.281759 0.281759 0.281762 0.281756 0.281677 0.281617 0.281582 0.281561 0.281545 0.000000 0.000000
0.000000 0.000000 0.270487 0.270510 0.270536 0.270607 0.270682 0.270772 0.270768 0.270779 0.270783 0.270788 0.270794 0.270776 0.270701 0.270638 0.270579 0.270574 0.270546 0.000000 0.000000
0.000000 0.000000 0.258569 0.258601 0.258644 0.258693 0.258780 0.258882 0.258872 0.258892 0.258901 0.258906 0.258903 0.258906 0.258803 0.258727 0.258683 0.258673 0.258645 0.000000 0.000000
0.000000 0.000000 0.245652 0.245692 0.245721 0.245774 0.245895 0.245986 0.245982 0.245994 0.246012 0.246003 0.245991 0.245996 0.245913 0.245816 0.245764 0.245753 0.245739 0.000000 0.000000
0.000000 0.000000 0.231265 0.231296 0.231328 0.231448 0.231527 0.231645 0.231613 0.231683 0.231672 0.231681 0.231705 0.231664 0.231576 0.231518 0.231444 0.231422 0.231364 0.000000 0.000000
0.000000 0.000000 0.214845 0.214903 0.214977 0.215040 0.215150 0.215294 0.215296 0.215303 0.215278 0.215334 0.215309 0.215311 0.215156 0.215072 0.215035 0.215021 0.214893 0.000000 0.000000
0.000000 0.000000 0.196634 0.196700 0.196720 0.196849 0.196938 0.197364 0.197364 0.197384 0.197518 0.197441 0.197427 0.197387 0.197060 0.196982 0.196828 0.196833 0.196785 0.000000 0.000000
0.000000 0.000000 0.174491 0.174519 0.174641 0.174721 0.175317 0.175178 0.175290 0.175285 0.175224 0.175287 0.175300 0.175351 0.175472 0.174842 0.174798 0.174662 0.174563 0.000000 0.000000
0.000000 0.000000 0.148234 0.148321 0.148456 0.149234 0.149028 0.149448 0.149582 0.149622 0.149779 0.149854 0.149768 0.149772 0.149370 0.149550 0.148535 0.148769 0.148783 0.000000 0.000000
0.000000 0.000000 0.121027 0.121092 0.122160 0.121699 0.121848 0.121843 0.121390 0.121513 0.121277 0.121330 0.121525 0.121266 0.121345 0.121221 0.122281 0.120714 0.120739 0.000000 0.000000
0.000000 0.000000 0.091445 0.092742 0.092299 0.092881 0.093527 0.093723 0.094158 0.094052 0.094492 0.094441 0.094186 0.094456 0.094103 0.093629 0.092365 0.093372 0.092035 0.000000 0.000000
0.000000 0.000000 0.083147 0.082230 0.081381 0.081423 0.081400 0.082238 0.082095 0.082339 0.081943 0.082026 0.082085 0.081956 0.081261 0.081275 0.081260 0.081954 0.082871 0.000000 0.000000
0.000000 0.000000 0.300000 0.300000 0.300000 0.300000 0.300000 0.300000 0.300000 0.300000 0.300000 0.300000 0.300000 0.300000 0.300000 0.300000 0.300000 0.300000 0.300000 0.000000 0.000000
0.000000 0.000000 0.000000 0.000000 0.000000 0.000000 0.000000 0.000000 0.000000 0.000000 0.000000 0.000000 0.000000 0.000000 0.000000 0.000000 0.000000 0.000000 0.000000 0.000000 0.000000