geotop/1.0zi/1.0Montebello/Templates/testdem/maps/_Eocsilt4932.asc
ncols         21
nrows         20
xllcorner     100.000000
yllcorner     100.000000
cellsize      50.000000
NODATA_value  -9999.0
0.000000 0.000000 0.000000 0.000000 0.000000 0.000000 0.000000 0.000000 0.000000 0.000000 0.000000 0.000000 0.000000 0.000000 0.000000 0.000000 0.000000 0.000000 0.000000 0.000000 0.000000
0.000000 0.000000 0.350100 0.350100 0.350100 0.350100 0.350100 0.350100 0.350100 0.350100 0.350100 0.350100 0.350100 0.350100 0.350100 0.350100 0.350100 0.350100 0.350100 0.000000 0.000000
0.000000 0.000000 0.350002 0.350003 0.350003 0.350003 0.350004 0.350004 0.350004 0.350004 0.350004 0.350004 0.350004 0.350003 0.350003 0.350003 0.350002 0.350002 0.350002 0.000000 0.000000
0.000000 0.000000 0.350036 0.350036 0.350036 0.350031 0.350032 0.350030 0.350032 0.350033 0.350032 0.350031 0.350032 0.350031 0.350032 0.350035 0.350035 0.350037 0.350036 0.000000 0.000000
0.000000 0.000000 0.350429 0.350432 0.350431 0.350427 0.350424 0.350421 0.350419 0.350417 0.350415 0.350417 0.350418 0.350418 0.350423 0.350424 0.350425 0.350432 0.350436 0.000000 0.000000
0.000000 0.000000 0.351697 0.351700 0.351695 0.351684 0.351677 0.351662 0.351659 0.351655 0.351659 0.351661 0.351665 0.351664 0.351669 0.351675 0.351681 0.351684 0.351688 0.000000 0.000000
0.000000 0.000000 0.353647 0.353646 0.353640 0.353624 0.353606 0.353589 0.353590 0.353588 0.353591 0.353588 0.353586 0.353592 0.353604 0.353619 0.353626 0.353633 0.353640 0.000000 0.000000
0.000000 0.000000 0.355942 0.355939 0.355938 0.355923 0.355905 0.355887 0.355888 0.355885 0.355885 0.355885 0.355884 0.355884 0.355902 0.355921 0.355931 0.355934 0.355940 0.000000 0.000000
0.000000 0.000000 0.358331 0.358325 0.358319 0.358307 0.358290 0.358267 0.358268 0.358264 0.358264 0.358265 0.358264 0.358265 0.358284 0.358304 0.358312 0.358318 0.358327 0.000000 0.000000
0.000000 0.000000 0.360705 0.360701 0.360697 0.360686 0.360666 0.360645 0.360648 0.360645 0.360645 0.360645 0.360643 0.360643 0.360664 0.360683 0.360691 0.360695 0.360702 0.000000 0.000000
0.000000 0.000000 0.363114 0.363109 0.363106 0.363095 0.363080 0.363055 0.363058 0.363053 0.363053 0.363054 0.363052 0.363052 0.363070 0.363085 0.363095 0.363100 0.363108 0.000000 0.000000
0.000000 0.000000 0.365616 0.365612 0.365606 0.365592 0.365575 0.365551 0.365551 0.365548 0.365548 0.365547 0.365547 0.365547 0.365570 0.365588 0.365597 0.365602 0.365626 0.000000 0.000000
0.000000 0.000000 0.368163 0.368158 0.368152 0.368141 0.368122 0.368070 0.368071 0.368067 0.368066 0.368066 0.368064 0.368066 0.368110 0.368131 0.368141 0.368146 0.368161 0.000000 0.000000
0.000000 0.000000 0.370880 0.370870 0.370866 0.370855 0.370800 0.370787 0.370779 0.370776 0.370776 0.370776 0.370773 0.370774 0.370789 0.370841 0.370852 0.370863 0.370872 0.000000 0.000000
0.000000 0.000000 0.373824 0.373817 0.373802 0.373753 0.373728 0.373695 0.373680 0.373676 0.373668 0.373666 0.373669 0.373665 0.373691 0.373726 0.373785 0.373783 0.373791 0.000000 0.000000
0.000000 0.000000 0.376884 0.376877 0.376817 0.376808 0.376791 0.376774 0.376774 0.376773 0.376776 0.376775 0.376767 0.376780 0.376789 0.376802 0.376800 0.376867 0.376882 0.000000 0.000000
0.000000 0.000000 0.380320 0.380239 0.380193 0.380169 0.380126 0.380103 0.380098 0.380096 0.380086 0.380086 0.380088 0.380082 0.380100 0.380148 0.380179 0.380208 0.380288 0.000000 0.000000
0.000000 0.000000 0.382949 0.382937 0.382991 0.382961 0.382926 0.382846 0.382839 0.382832 0.382836 0.382835 0.382830 0.382838 0.382911 0.382948 0.382991 0.382923 0.382949 0.000000 0.000000
0.000000 0.000000 0.350000 0.350000 0.350000 0.350000 0.350000 0.350000 0.350000 0.350000 0.350000 0.350000 0.350000 0.350000 0.350000 0.350000 0.350000 0.350000 0.350000 0.000000 0.000000
0.000000 0.000000 0.000000 0.000000 0.000000 0.000000 0.000000 0.000000 0.000000 0.000000 0.000000 0.000000 0.000000 0.000000 0.000000 0.000000 0.000000 0.000000 0.000000 0.000000 0.000000