geotop/1.0zi/1.0Montebello/Templates/testdem/maps/_Eocsilt3898.asc
ncols         21
nrows         20
xllcorner     100.000000
yllcorner     100.000000
cellsize      50.000000
NODATA_value  -9999.0
0.000000 0.000000 0.000000 0.000000 0.000000 0.000000 0.000000 0.000000 0.000000 0.000000 0.000000 0.000000 0.000000 0.000000 0.000000 0.000000 0.000000 0.000000 0.000000 0.000000 0.000000
0.000000 0.000000 0.350078 0.350078 0.350078 0.350078 0.350078 0.350078 0.350078 0.350078 0.350078 0.350078 0.350078 0.350078 0.350078 0.350078 0.350078 0.350078 0.350078 0.000000 0.000000
0.000000 0.000000 0.350001 0.350002 0.350002 0.350002 0.350003 0.350003 0.350003 0.350003 0.350003 0.350003 0.350003 0.350003 0.350002 0.350002 0.350001 0.350001 0.350001 0.000000 0.000000
0.000000 0.000000 0.350032 0.350031 0.350031 0.350027 0.350029 0.350026 0.350028 0.350029 0.350028 0.350028 0.350028 0.350027 0.350028 0.350030 0.350031 0.350032 0.350032 0.000000 0.000000
0.000000 0.000000 0.350374 0.350378 0.350374 0.350377 0.350375 0.350373 0.350372 0.350369 0.350369 0.350370 0.350372 0.350372 0.350372 0.350371 0.350370 0.350375 0.350377 0.000000 0.000000
0.000000 0.000000 0.351426 0.351427 0.351423 0.351416 0.351409 0.351395 0.351395 0.351391 0.351394 0.351396 0.351397 0.351399 0.351406 0.351412 0.351414 0.351413 0.351414 0.000000 0.000000
0.000000 0.000000 0.352980 0.352982 0.352978 0.352964 0.352949 0.352933 0.352934 0.352930 0.352934 0.352933 0.352933 0.352937 0.352952 0.352965 0.352968 0.352971 0.352977 0.000000 0.000000
0.000000 0.000000 0.354770 0.354768 0.354763 0.354747 0.354728 0.354710 0.354711 0.354708 0.354708 0.354708 0.354709 0.354714 0.354735 0.354751 0.354759 0.354759 0.354764 0.000000 0.000000
0.000000 0.000000 0.356570 0.356567 0.356559 0.356546 0.356529 0.356507 0.356508 0.356504 0.356505 0.356505 0.356506 0.356512 0.356532 0.356549 0.356554 0.356557 0.356564 0.000000 0.000000
0.000000 0.000000 0.358353 0.358350 0.358344 0.358331 0.358310 0.358291 0.358293 0.358290 0.358291 0.358291 0.358292 0.358296 0.358317 0.358334 0.358339 0.358341 0.358346 0.000000 0.000000
0.000000 0.000000 0.360137 0.360135 0.360128 0.360117 0.360101 0.360078 0.360080 0.360075 0.360076 0.360077 0.360077 0.360082 0.360100 0.360113 0.360120 0.360123 0.360129 0.000000 0.000000
0.000000 0.000000 0.361971 0.361968 0.361960 0.361945 0.361928 0.361905 0.361904 0.361901 0.361902 0.361902 0.361904 0.361908 0.361932 0.361947 0.361953 0.361955 0.361976 0.000000 0.000000
0.000000 0.000000 0.363816 0.363813 0.363805 0.363793 0.363773 0.363732 0.363731 0.363727 0.363728 0.363728 0.363729 0.363735 0.363772 0.363790 0.363796 0.363798 0.363811 0.000000 0.000000
0.000000 0.000000 0.365753 0.365747 0.365740 0.365728 0.365685 0.365671 0.365664 0.365661 0.365662 0.365662 0.365663 0.365668 0.365684 0.365722 0.365729 0.365736 0.365744 0.000000 0.000000
0.000000 0.000000 0.367824 0.367820 0.367805 0.367770 0.367745 0.367718 0.367705 0.367701 0.367696 0.367696 0.367700 0.367701 0.367724 0.367753 0.367791 0.367789 0.367795 0.000000 0.000000
0.000000 0.000000 0.369943 0.369938 0.369896 0.369884 0.369867 0.369851 0.369848 0.369846 0.369848 0.369847 0.369845 0.369857 0.369869 0.369882 0.369883 0.369922 0.369932 0.000000 0.000000
0.000000 0.000000 0.372274 0.372226 0.372187 0.372169 0.372137 0.372120 0.372115 0.372113 0.372108 0.372108 0.372112 0.372114 0.372128 0.372160 0.372177 0.372199 0.372247 0.000000 0.000000
0.000000 0.000000 0.374127 0.374112 0.374136 0.374113 0.374082 0.374031 0.374025 0.374020 0.374022 0.374021 0.374022 0.374030 0.374078 0.374107 0.374136 0.374093 0.374117 0.000000 0.000000
0.000000 0.000000 0.350000 0.350000 0.350000 0.350000 0.350000 0.350000 0.350000 0.350000 0.350000 0.350000 0.350000 0.350000 0.350000 0.350000 0.350000 0.350000 0.350000 0.000000 0.000000
0.000000 0.000000 0.000000 0.000000 0.000000 0.000000 0.000000 0.000000 0.000000 0.000000 0.000000 0.000000 0.000000 0.000000 0.000000 0.000000 0.000000 0.000000 0.000000 0.000000 0.000000