geotop/1.0zi/1.0Montebello/Templates/testdem/maps/_Eocsand7426.asc
ncols         21
nrows         20
xllcorner     100.000000
yllcorner     100.000000
cellsize      50.000000
NODATA_value  -9999.0
0.000000 0.000000 0.000000 0.000000 0.000000 0.000000 0.000000 0.000000 0.000000 0.000000 0.000000 0.000000 0.000000 0.000000 0.000000 0.000000 0.000000 0.000000 0.000000 0.000000 0.000000
0.000000 0.000000 0.300189 0.300187 0.300186 0.300187 0.300186 0.300186 0.300186 0.300186 0.300187 0.300186 0.300187 0.300187 0.300186 0.300186 0.300188 0.300187 0.300187 0.000000 0.000000
0.000000 0.000000 0.300010 0.300011 0.300010 0.300009 0.300010 0.300010 0.300010 0.300010 0.300010 0.300010 0.300009 0.300010 0.300010 0.300010 0.300011 0.300011 0.300012 0.000000 0.000000
0.000000 0.000000 0.299892 0.299891 0.299896 0.299903 0.299899 0.299906 0.299901 0.299904 0.299904 0.299904 0.299904 0.299905 0.299901 0.299896 0.299894 0.299891 0.299891 0.000000 0.000000
0.000000 0.000000 0.298105 0.298102 0.298110 0.298126 0.298146 0.298155 0.298162 0.298160 0.298164 0.298163 0.298166 0.298160 0.298138 0.298132 0.298122 0.298110 0.298102 0.000000 0.000000
0.000000 0.000000 0.293257 0.293257 0.293277 0.293319 0.293350 0.293393 0.293393 0.293404 0.293398 0.293398 0.293395 0.293394 0.293373 0.293342 0.293317 0.293295 0.293285 0.000000 0.000000
0.000000 0.000000 0.286416 0.286423 0.286441 0.286488 0.286546 0.286613 0.286614 0.286622 0.286620 0.286621 0.286624 0.286618 0.286560 0.286508 0.286476 0.286450 0.286435 0.000000 0.000000
0.000000 0.000000 0.278263 0.278266 0.278279 0.278332 0.278388 0.278461 0.278461 0.278468 0.278471 0.278476 0.278480 0.278466 0.278404 0.278354 0.278306 0.278291 0.278268 0.000000 0.000000
0.000000 0.000000 0.269647 0.269661 0.269687 0.269721 0.269780 0.269858 0.269854 0.269871 0.269876 0.269880 0.269878 0.269880 0.269803 0.269740 0.269702 0.269684 0.269664 0.000000 0.000000
0.000000 0.000000 0.260670 0.260687 0.260700 0.260732 0.260817 0.260887 0.260886 0.260894 0.260906 0.260901 0.260890 0.260895 0.260830 0.260759 0.260715 0.260701 0.260687 0.000000 0.000000
0.000000 0.000000 0.251079 0.251090 0.251104 0.251173 0.251233 0.251312 0.251295 0.251338 0.251334 0.251336 0.251351 0.251322 0.251265 0.251220 0.251166 0.251137 0.251100 0.000000 0.000000
0.000000 0.000000 0.240614 0.240642 0.240673 0.240719 0.240783 0.240882 0.240886 0.240901 0.240879 0.240912 0.240905 0.240896 0.240794 0.240743 0.240705 0.240684 0.240593 0.000000 0.000000
0.000000 0.000000 0.229487 0.229515 0.229528 0.229588 0.229644 0.229887 0.229891 0.229906 0.229968 0.229938 0.229924 0.229900 0.229714 0.229662 0.229569 0.229558 0.229506 0.000000 0.000000
0.000000 0.000000 0.216760 0.216771 0.216818 0.216862 0.217147 0.217153 0.217213 0.217213 0.217207 0.217218 0.217225 0.217234 0.217241 0.216944 0.216884 0.216806 0.216742 0.000000 0.000000
0.000000 0.000000 0.202054 0.202078 0.202140 0.202481 0.202496 0.202662 0.202753 0.202770 0.202828 0.202873 0.202835 0.202846 0.202684 0.202645 0.202188 0.202243 0.202222 0.000000 0.000000
0.000000 0.000000 0.185971 0.185996 0.186480 0.186413 0.186442 0.186516 0.186357 0.186416 0.186338 0.186382 0.186453 0.186334 0.186295 0.186268 0.186525 0.185856 0.185863 0.000000 0.000000
0.000000 0.000000 0.166139 0.166895 0.166860 0.167111 0.167491 0.167606 0.167765 0.167731 0.167937 0.167928 0.167820 0.167913 0.167725 0.167444 0.166890 0.167125 0.166347 0.000000 0.000000
0.000000 0.000000 0.156124 0.155568 0.154860 0.154917 0.154970 0.155631 0.155572 0.155748 0.155501 0.155559 0.155575 0.155499 0.154922 0.154886 0.154734 0.155353 0.155885 0.000000 0.000000
0.000000 0.000000 0.300000 0.300000 0.300000 0.300000 0.300000 0.300000 0.300000 0.300000 0.300000 0.300000 0.300000 0.300000 0.300000 0.300000 0.300000 0.300000 0.300000 0.000000 0.000000
0.000000 0.000000 0.000000 0.000000 0.000000 0.000000 0.000000 0.000000 0.000000 0.000000 0.000000 0.000000 0.000000 0.000000 0.000000 0.000000 0.000000 0.000000 0.000000 0.000000 0.000000