geotop/1.0zi/1.0Montebello/Templates/testdem/maps/_Eocsand4641.asc
ncols         21
nrows         20
xllcorner     100.000000
yllcorner     100.000000
cellsize      50.000000
NODATA_value  -9999.0
0.000000 0.000000 0.000000 0.000000 0.000000 0.000000 0.000000 0.000000 0.000000 0.000000 0.000000 0.000000 0.000000 0.000000 0.000000 0.000000 0.000000 0.000000 0.000000 0.000000 0.000000
0.000000 0.000000 0.300112 0.300112 0.300111 0.300111 0.300111 0.300111 0.300112 0.300111 0.300112 0.300112 0.300112 0.300112 0.300111 0.300111 0.300112 0.300112 0.300112 0.000000 0.000000
0.000000 0.000000 0.300006 0.300005 0.300005 0.300005 0.300004 0.300004 0.300004 0.300004 0.300004 0.300005 0.300004 0.300004 0.300004 0.300005 0.300006 0.300006 0.300006 0.000000 0.000000
0.000000 0.000000 0.299975 0.299973 0.299976 0.299979 0.299977 0.299979 0.299977 0.299978 0.299978 0.299979 0.299979 0.299981 0.299976 0.299973 0.299973 0.299972 0.299974 0.000000 0.000000
0.000000 0.000000 0.299275 0.299273 0.299274 0.299285 0.299295 0.299301 0.299302 0.299305 0.299307 0.299302 0.299306 0.299303 0.299294 0.299294 0.299289 0.299280 0.299273 0.000000 0.000000
0.000000 0.000000 0.296861 0.296854 0.296865 0.296891 0.296903 0.296931 0.296935 0.296945 0.296936 0.296933 0.296925 0.296925 0.296918 0.296903 0.296891 0.296882 0.296873 0.000000 0.000000
0.000000 0.000000 0.293184 0.293188 0.293194 0.293221 0.293252 0.293290 0.293289 0.293297 0.293289 0.293290 0.293291 0.293288 0.293260 0.293229 0.293214 0.293201 0.293188 0.000000 0.000000
0.000000 0.000000 0.288920 0.288924 0.288927 0.288956 0.288985 0.289023 0.289020 0.289026 0.289025 0.289025 0.289030 0.289030 0.288994 0.288962 0.288943 0.288935 0.288922 0.000000 0.000000
0.000000 0.000000 0.284587 0.284595 0.284603 0.284624 0.284652 0.284696 0.284692 0.284701 0.284700 0.284697 0.284702 0.284701 0.284666 0.284629 0.284614 0.284605 0.284589 0.000000 0.000000
0.000000 0.000000 0.280263 0.280270 0.280275 0.280297 0.280331 0.280369 0.280364 0.280370 0.280369 0.280368 0.280373 0.280376 0.280337 0.280301 0.280286 0.280277 0.280265 0.000000 0.000000
0.000000 0.000000 0.275874 0.275883 0.275886 0.275904 0.275930 0.275976 0.275971 0.275982 0.275981 0.275978 0.275984 0.275985 0.275952 0.275924 0.275904 0.275895 0.275880 0.000000 0.000000
0.000000 0.000000 0.271334 0.271340 0.271349 0.271375 0.271402 0.271447 0.271447 0.271454 0.271452 0.271453 0.271457 0.271459 0.271417 0.271383 0.271365 0.271358 0.271310 0.000000 0.000000
0.000000 0.000000 0.266730 0.266738 0.266746 0.266766 0.266799 0.266893 0.266891 0.266900 0.266900 0.266898 0.266905 0.266905 0.266823 0.266784 0.266766 0.266757 0.266728 0.000000 0.000000
0.000000 0.000000 0.261849 0.261864 0.261869 0.261889 0.261984 0.262009 0.262023 0.262030 0.262028 0.262027 0.262035 0.262036 0.262009 0.261914 0.261894 0.261874 0.261856 0.000000 0.000000
0.000000 0.000000 0.256581 0.256593 0.256617 0.256700 0.256744 0.256804 0.256832 0.256842 0.256855 0.256855 0.256853 0.256864 0.256818 0.256751 0.256647 0.256651 0.256635 0.000000 0.000000
0.000000 0.000000 0.251133 0.251145 0.251245 0.251263 0.251291 0.251322 0.251325 0.251328 0.251321 0.251322 0.251338 0.251320 0.251305 0.251276 0.251274 0.251161 0.251134 0.000000 0.000000
0.000000 0.000000 0.245065 0.245200 0.245283 0.245322 0.245391 0.245430 0.245438 0.245444 0.245458 0.245456 0.245457 0.245469 0.245440 0.245359 0.245305 0.245250 0.245113 0.000000 0.000000
0.000000 0.000000 0.240340 0.240368 0.240279 0.240330 0.240390 0.240526 0.240538 0.240552 0.240545 0.240545 0.240555 0.240547 0.240425 0.240355 0.240277 0.240392 0.240338 0.000000 0.000000
0.000000 0.000000 0.300000 0.300000 0.300000 0.300000 0.300000 0.300000 0.300000 0.300000 0.300000 0.300000 0.300000 0.300000 0.300000 0.300000 0.300000 0.300000 0.300000 0.000000 0.000000
0.000000 0.000000 0.000000 0.000000 0.000000 0.000000 0.000000 0.000000 0.000000 0.000000 0.000000 0.000000 0.000000 0.000000 0.000000 0.000000 0.000000 0.000000 0.000000 0.000000 0.000000