geotop/1.0zi/1.0Montebello/Templates/testdem/maps/_Eocsand134 .asc
ncols         21
nrows         20
xllcorner     100.000000
yllcorner     100.000000
cellsize      50.000000
NODATA_value  -9999.0
0.000000 0.000000 0.000000 0.000000 0.000000 0.000000 0.000000 0.000000 0.000000 0.000000 0.000000 0.000000 0.000000 0.000000 0.000000 0.000000 0.000000 0.000000 0.000000 0.000000 0.000000
0.000000 0.000000 0.300292 0.300289 0.300289 0.300290 0.300289 0.300288 0.300289 0.300288 0.300290 0.300289 0.300289 0.300289 0.300289 0.300289 0.300290 0.300289 0.300289 0.000000 0.000000
0.000000 0.000000 0.300011 0.300013 0.300013 0.300011 0.300013 0.300013 0.300012 0.300013 0.300013 0.300012 0.300012 0.300012 0.300012 0.300012 0.300013 0.300014 0.300013 0.000000 0.000000
0.000000 0.000000 0.299626 0.299616 0.299631 0.299639 0.299634 0.299645 0.299641 0.299641 0.299645 0.299643 0.299643 0.299638 0.299640 0.299632 0.299628 0.299624 0.299624 0.000000 0.000000
0.000000 0.000000 0.295645 0.295654 0.295670 0.295705 0.295741 0.295754 0.295758 0.295761 0.295769 0.295758 0.295752 0.295758 0.295733 0.295715 0.295695 0.295678 0.295664 0.000000 0.000000
0.000000 0.000000 0.285755 0.285765 0.285810 0.285887 0.285960 0.286026 0.286028 0.286039 0.286050 0.286046 0.286034 0.286042 0.286006 0.285938 0.285906 0.285874 0.285862 0.000000 0.000000
0.000000 0.000000 0.272272 0.272294 0.272336 0.272427 0.272520 0.272664 0.272671 0.272681 0.272699 0.272696 0.272700 0.272697 0.272589 0.272507 0.272457 0.272412 0.272399 0.000000 0.000000
0.000000 0.000000 0.255975 0.256003 0.256048 0.256170 0.256274 0.256412 0.256425 0.256439 0.256461 0.256463 0.256472 0.256453 0.256355 0.256260 0.256177 0.256152 0.256122 0.000000 0.000000
0.000000 0.000000 0.237348 0.237392 0.237464 0.237561 0.237684 0.237856 0.237861 0.237888 0.237917 0.237922 0.237918 0.237929 0.237781 0.237664 0.237597 0.237559 0.237533 0.000000 0.000000
0.000000 0.000000 0.215663 0.215734 0.215803 0.215908 0.216054 0.216237 0.216263 0.216277 0.216325 0.216310 0.216283 0.216295 0.216179 0.216020 0.215934 0.215890 0.215883 0.000000 0.000000
0.000000 0.000000 0.189489 0.189557 0.189616 0.189883 0.189940 0.190206 0.190165 0.190292 0.190285 0.190307 0.190359 0.190287 0.190145 0.190048 0.189919 0.189863 0.189753 0.000000 0.000000
0.000000 0.000000 0.157345 0.157498 0.157685 0.157776 0.157911 0.158261 0.158320 0.158290 0.158280 0.158384 0.158328 0.158369 0.158078 0.157890 0.157837 0.157780 0.157567 0.000000 0.000000
0.000000 0.000000 0.121870 0.121997 0.122008 0.122281 0.122440 0.123376 0.123437 0.123495 0.123882 0.123609 0.123623 0.123535 0.122879 0.122750 0.122393 0.122344 0.122400 0.000000 0.000000
0.000000 0.000000 0.085283 0.085299 0.085571 0.085668 0.086649 0.086070 0.086302 0.086291 0.086077 0.086287 0.086316 0.086456 0.086941 0.085833 0.085880 0.085621 0.085488 0.000000 0.000000
0.000000 0.000000 0.060927 0.060980 0.061087 0.061628 0.061468 0.061776 0.061860 0.061895 0.062018 0.062063 0.062003 0.062008 0.061736 0.061902 0.061207 0.061349 0.061375 0.000000 0.000000
0.000000 0.000000 0.046133 0.046175 0.046397 0.046584 0.046505 0.046666 0.046628 0.046667 0.046689 0.046717 0.046723 0.046681 0.046561 0.046641 0.046482 0.046298 0.046319 0.000000 0.000000
0.000000 0.000000 0.035830 0.035909 0.036076 0.036170 0.036158 0.036254 0.036219 0.036242 0.036257 0.036272 0.036277 0.036250 0.036183 0.036205 0.036140 0.035982 0.035942 0.000000 0.000000
0.000000 0.000000 0.028768 0.028803 0.028924 0.028952 0.028949 0.029021 0.028976 0.028998 0.028988 0.029000 0.029014 0.028985 0.028939 0.028952 0.028972 0.028827 0.028815 0.000000 0.000000
0.000000 0.000000 0.300000 0.300000 0.300000 0.300000 0.300000 0.300000 0.300000 0.300000 0.300000 0.300000 0.300000 0.300000 0.300000 0.300000 0.300000 0.300000 0.300000 0.000000 0.000000
0.000000 0.000000 0.000000 0.000000 0.000000 0.000000 0.000000 0.000000 0.000000 0.000000 0.000000 0.000000 0.000000 0.000000 0.000000 0.000000 0.000000 0.000000 0.000000 0.000000 0.000000