geotop/1.0zi/1.0Montebello/Templates/testdem/maps/_Eocsilt1356.asc
ncols         21
nrows         20
xllcorner     100.000000
yllcorner     100.000000
cellsize      50.000000
NODATA_value  -9999.0
0.000000 0.000000 0.000000 0.000000 0.000000 0.000000 0.000000 0.000000 0.000000 0.000000 0.000000 0.000000 0.000000 0.000000 0.000000 0.000000 0.000000 0.000000 0.000000 0.000000 0.000000
0.000000 0.000000 0.350029 0.350029 0.350029 0.350029 0.350029 0.350029 0.350029 0.350029 0.350029 0.350029 0.350029 0.350029 0.350029 0.350029 0.350029 0.350029 0.350029 0.000000 0.000000
0.000000 0.000000 0.350000 0.350000 0.350000 0.350000 0.350000 0.350000 0.350000 0.350000 0.350000 0.350000 0.350000 0.350000 0.350000 0.350000 0.350000 0.350000 0.350000 0.000000 0.000000
0.000000 0.000000 0.350578 0.350577 0.350575 0.350576 0.350578 0.350578 0.350578 0.350578 0.350578 0.350578 0.350578 0.350578 0.350578 0.350576 0.350575 0.350577 0.350578 0.000000 0.000000
0.000000 0.000000 0.352467 0.352467 0.352464 0.352464 0.352467 0.352467 0.352467 0.352468 0.352467 0.352468 0.352467 0.352467 0.352467 0.352464 0.352464 0.352467 0.352467 0.000000 0.000000
0.000000 0.000000 0.354799 0.354798 0.354796 0.354797 0.354799 0.354799 0.354798 0.354799 0.354799 0.354799 0.354798 0.354799 0.354799 0.354797 0.354796 0.354798 0.354799 0.000000 0.000000
0.000000 0.000000 0.356946 0.356945 0.356944 0.356944 0.356946 0.356946 0.356945 0.356946 0.356946 0.356946 0.356945 0.356946 0.356946 0.356944 0.356944 0.356945 0.356946 0.000000 0.000000
0.000000 0.000000 0.358918 0.358918 0.358916 0.358916 0.358918 0.358918 0.358918 0.358918 0.358918 0.358918 0.358918 0.358918 0.358918 0.358916 0.358916 0.358918 0.358918 0.000000 0.000000
0.000000 0.000000 0.360767 0.360766 0.360765 0.360765 0.360767 0.360766 0.360766 0.360767 0.360767 0.360767 0.360766 0.360766 0.360767 0.360765 0.360765 0.360766 0.360767 0.000000 0.000000
0.000000 0.000000 0.362538 0.362538 0.362537 0.362537 0.362539 0.362538 0.362538 0.362539 0.362539 0.362539 0.362538 0.362538 0.362539 0.362537 0.362537 0.362538 0.362538 0.000000 0.000000
0.000000 0.000000 0.364252 0.364252 0.364251 0.364251 0.364253 0.364252 0.364252 0.364253 0.364253 0.364253 0.364252 0.364252 0.364253 0.364251 0.364251 0.364252 0.364252 0.000000 0.000000
0.000000 0.000000 0.365926 0.365926 0.365925 0.365925 0.365926 0.365926 0.365926 0.365926 0.365926 0.365926 0.365926 0.365926 0.365926 0.365925 0.365925 0.365926 0.365926 0.000000 0.000000
0.000000 0.000000 0.367571 0.367571 0.367570 0.367570 0.367572 0.367571 0.367571 0.367572 0.367572 0.367572 0.367571 0.367571 0.367572 0.367570 0.367570 0.367571 0.367571 0.000000 0.000000
0.000000 0.000000 0.369188 0.369188 0.369186 0.369187 0.369188 0.369188 0.369188 0.369188 0.369188 0.369188 0.369188 0.369188 0.369188 0.369187 0.369186 0.369188 0.369188 0.000000 0.000000
0.000000 0.000000 0.370783 0.370782 0.370781 0.370782 0.370783 0.370783 0.370783 0.370783 0.370783 0.370783 0.370783 0.370783 0.370783 0.370782 0.370781 0.370782 0.370783 0.000000 0.000000
0.000000 0.000000 0.372362 0.372362 0.372360 0.372361 0.372362 0.372362 0.372362 0.372362 0.372362 0.372362 0.372362 0.372362 0.372362 0.372361 0.372360 0.372362 0.372362 0.000000 0.000000
0.000000 0.000000 0.373924 0.373924 0.373923 0.373923 0.373924 0.373924 0.373924 0.373924 0.373924 0.373924 0.373924 0.373924 0.373924 0.373923 0.373923 0.373924 0.373924 0.000000 0.000000
0.000000 0.000000 0.375508 0.375508 0.375506 0.375507 0.375508 0.375508 0.375508 0.375508 0.375508 0.375508 0.375508 0.375508 0.375508 0.375507 0.375506 0.375508 0.375508 0.000000 0.000000
0.000000 0.000000 0.350000 0.350000 0.350000 0.350000 0.350000 0.350000 0.350000 0.350000 0.350000 0.350000 0.350000 0.350000 0.350000 0.350000 0.350000 0.350000 0.350000 0.000000 0.000000
0.000000 0.000000 0.000000 0.000000 0.000000 0.000000 0.000000 0.000000 0.000000 0.000000 0.000000 0.000000 0.000000 0.000000 0.000000 0.000000 0.000000 0.000000 0.000000 0.000000 0.000000