geotop/1.0zi/1.0Montebello/Templates/testdem/maps/_Eocsand3072.asc
ncols         21
nrows         20
xllcorner     100.000000
yllcorner     100.000000
cellsize      50.000000
NODATA_value  -9999.0
0.000000 0.000000 0.000000 0.000000 0.000000 0.000000 0.000000 0.000000 0.000000 0.000000 0.000000 0.000000 0.000000 0.000000 0.000000 0.000000 0.000000 0.000000 0.000000 0.000000 0.000000
0.000000 0.000000 0.300087 0.300087 0.300087 0.300087 0.300087 0.300087 0.300087 0.300087 0.300088 0.300087 0.300087 0.300087 0.300087 0.300087 0.300087 0.300087 0.300087 0.000000 0.000000
0.000000 0.000000 0.300009 0.300009 0.300010 0.300009 0.300009 0.300009 0.300009 0.300009 0.300008 0.300009 0.300009 0.300009 0.300009 0.300009 0.300010 0.300009 0.300009 0.000000 0.000000
0.000000 0.000000 0.297573 0.297574 0.297578 0.297576 0.297573 0.297573 0.297573 0.297573 0.297572 0.297573 0.297573 0.297573 0.297573 0.297576 0.297578 0.297574 0.297573 0.000000 0.000000
0.000000 0.000000 0.288349 0.288350 0.288354 0.288354 0.288348 0.288350 0.288349 0.288347 0.288346 0.288347 0.288349 0.288350 0.288348 0.288354 0.288354 0.288350 0.288349 0.000000 0.000000
0.000000 0.000000 0.277637 0.277638 0.277641 0.277641 0.277636 0.277638 0.277638 0.277636 0.277634 0.277636 0.277638 0.277638 0.277636 0.277641 0.277641 0.277638 0.277637 0.000000 0.000000
0.000000 0.000000 0.267786 0.267787 0.267790 0.267789 0.267785 0.267786 0.267786 0.267785 0.267784 0.267785 0.267786 0.267786 0.267785 0.267789 0.267790 0.267787 0.267786 0.000000 0.000000
0.000000 0.000000 0.258846 0.258846 0.258849 0.258849 0.258845 0.258846 0.258846 0.258845 0.258844 0.258845 0.258846 0.258846 0.258845 0.258849 0.258849 0.258846 0.258846 0.000000 0.000000
0.000000 0.000000 0.250577 0.250578 0.250580 0.250580 0.250577 0.250578 0.250578 0.250576 0.250575 0.250576 0.250578 0.250578 0.250577 0.250580 0.250580 0.250578 0.250577 0.000000 0.000000
0.000000 0.000000 0.242783 0.242783 0.242786 0.242785 0.242782 0.242783 0.242783 0.242782 0.242781 0.242782 0.242783 0.242783 0.242782 0.242785 0.242786 0.242783 0.242783 0.000000 0.000000
0.000000 0.000000 0.235368 0.235369 0.235371 0.235371 0.235368 0.235369 0.235369 0.235368 0.235367 0.235368 0.235369 0.235369 0.235368 0.235371 0.235371 0.235369 0.235368 0.000000 0.000000
0.000000 0.000000 0.228263 0.228264 0.228266 0.228265 0.228263 0.228264 0.228264 0.228262 0.228262 0.228262 0.228264 0.228264 0.228263 0.228265 0.228266 0.228264 0.228263 0.000000 0.000000
0.000000 0.000000 0.221416 0.221416 0.221419 0.221418 0.221415 0.221416 0.221416 0.221415 0.221414 0.221415 0.221416 0.221416 0.221415 0.221418 0.221419 0.221416 0.221416 0.000000 0.000000
0.000000 0.000000 0.214766 0.214766 0.214769 0.214768 0.214765 0.214766 0.214766 0.214765 0.214764 0.214765 0.214766 0.214766 0.214765 0.214768 0.214769 0.214766 0.214766 0.000000 0.000000
0.000000 0.000000 0.208302 0.208303 0.208305 0.208304 0.208302 0.208303 0.208303 0.208301 0.208301 0.208301 0.208303 0.208303 0.208302 0.208304 0.208305 0.208303 0.208302 0.000000 0.000000
0.000000 0.000000 0.202009 0.202010 0.202012 0.202011 0.202009 0.202010 0.202010 0.202009 0.202008 0.202009 0.202010 0.202010 0.202009 0.202011 0.202012 0.202010 0.202009 0.000000 0.000000
0.000000 0.000000 0.195869 0.195870 0.195872 0.195871 0.195869 0.195870 0.195870 0.195868 0.195868 0.195868 0.195870 0.195870 0.195869 0.195871 0.195872 0.195870 0.195869 0.000000 0.000000
0.000000 0.000000 0.189749 0.189748 0.189750 0.189750 0.189748 0.189748 0.189748 0.189747 0.189746 0.189747 0.189748 0.189748 0.189748 0.189750 0.189750 0.189748 0.189748 0.000000 0.000000
0.000000 0.000000 0.300000 0.300000 0.300000 0.300000 0.300000 0.300000 0.300000 0.300000 0.300000 0.300000 0.300000 0.300000 0.300000 0.300000 0.300000 0.300000 0.300000 0.000000 0.000000
0.000000 0.000000 0.000000 0.000000 0.000000 0.000000 0.000000 0.000000 0.000000 0.000000 0.000000 0.000000 0.000000 0.000000 0.000000 0.000000 0.000000 0.000000 0.000000 0.000000 0.000000