geotop/1.0zi/1.0Montebello/Templates/testdem/maps/_Eocclay9020.asc
ncols         21
nrows         20
xllcorner     100.000000
yllcorner     100.000000
cellsize      50.000000
NODATA_value  -9999.0
0.000000 0.000000 0.000000 0.000000 0.000000 0.000000 0.000000 0.000000 0.000000 0.000000 0.000000 0.000000 0.000000 0.000000 0.000000 0.000000 0.000000 0.000000 0.000000 0.000000 0.000000
0.000000 0.000000 0.349581 0.349584 0.349584 0.349583 0.349584 0.349585 0.349584 0.349584 0.349583 0.349584 0.349584 0.349584 0.349584 0.349584 0.349582 0.349582 0.349583 0.000000 0.000000
0.000000 0.000000 0.349983 0.349981 0.349981 0.349983 0.349981 0.349981 0.349981 0.349981 0.349981 0.349981 0.349981 0.349981 0.349982 0.349982 0.349983 0.349982 0.349980 0.000000 0.000000
0.000000 0.000000 0.350023 0.350028 0.350026 0.350023 0.350024 0.350025 0.350029 0.350026 0.350029 0.350027 0.350028 0.350026 0.350028 0.350030 0.350028 0.350027 0.350026 0.000000 0.000000
0.000000 0.000000 0.351225 0.351217 0.351212 0.351201 0.351183 0.351184 0.351179 0.351180 0.351179 0.351181 0.351179 0.351181 0.351191 0.351194 0.351205 0.351206 0.351215 0.000000 0.000000
0.000000 0.000000 0.354640 0.354634 0.354615 0.354585 0.354561 0.354535 0.354539 0.354532 0.354536 0.354535 0.354541 0.354540 0.354553 0.354579 0.354591 0.354601 0.354607 0.000000 0.000000
0.000000 0.000000 0.359218 0.359208 0.359196 0.359167 0.359132 0.359082 0.359084 0.359078 0.359078 0.359080 0.359081 0.359081 0.359122 0.359153 0.359170 0.359180 0.359188 0.000000 0.000000
0.000000 0.000000 0.364656 0.364645 0.364633 0.364597 0.364561 0.364515 0.364517 0.364511 0.364510 0.364508 0.364505 0.364515 0.364553 0.364584 0.364613 0.364617 0.364631 0.000000 0.000000
0.000000 0.000000 0.370523 0.370509 0.370491 0.370466 0.370424 0.370374 0.370380 0.370369 0.370365 0.370363 0.370364 0.370363 0.370414 0.370452 0.370473 0.370478 0.370491 0.000000 0.000000
0.000000 0.000000 0.376892 0.376872 0.376861 0.376834 0.376775 0.376731 0.376732 0.376726 0.376718 0.376723 0.376729 0.376727 0.376768 0.376817 0.376842 0.376847 0.376855 0.000000 0.000000
0.000000 0.000000 0.383999 0.383985 0.383972 0.383913 0.383874 0.383815 0.383831 0.383797 0.383803 0.383799 0.383787 0.383808 0.383852 0.383881 0.383917 0.383928 0.383957 0.000000 0.000000
0.000000 0.000000 0.392099 0.392072 0.392038 0.392006 0.391953 0.391883 0.391882 0.391878 0.391891 0.391864 0.391876 0.391875 0.391952 0.391994 0.392012 0.392019 0.392083 0.000000 0.000000
0.000000 0.000000 0.401083 0.401052 0.401046 0.400982 0.400939 0.400730 0.400730 0.400719 0.400655 0.400693 0.400701 0.400720 0.400882 0.400921 0.400996 0.400994 0.401019 0.000000 0.000000
0.000000 0.000000 0.412013 0.412000 0.411944 0.411904 0.411613 0.411677 0.411623 0.411624 0.411654 0.411625 0.411619 0.411595 0.411539 0.411848 0.411871 0.411938 0.411987 0.000000 0.000000
0.000000 0.000000 0.425067 0.425025 0.424962 0.424578 0.424674 0.424471 0.424403 0.424382 0.424308 0.424271 0.424314 0.424311 0.424507 0.424427 0.424927 0.424813 0.424808 0.000000 0.000000
0.000000 0.000000 0.438881 0.438848 0.438310 0.438536 0.438466 0.438464 0.438694 0.438630 0.438750 0.438722 0.438625 0.438756 0.438721 0.438780 0.438254 0.439046 0.439033 0.000000 0.000000
0.000000 0.000000 0.454584 0.453867 0.454115 0.453796 0.453441 0.453335 0.453097 0.453155 0.452915 0.452944 0.453084 0.452936 0.453128 0.453390 0.454083 0.453529 0.454267 0.000000 0.000000
0.000000 0.000000 0.458645 0.459242 0.459736 0.459735 0.459776 0.459288 0.459387 0.459239 0.459490 0.459439 0.459396 0.459482 0.459881 0.459853 0.459815 0.459436 0.458840 0.000000 0.000000
0.000000 0.000000 0.350000 0.350000 0.350000 0.350000 0.350000 0.350000 0.350000 0.350000 0.350000 0.350000 0.350000 0.350000 0.350000 0.350000 0.350000 0.350000 0.350000 0.000000 0.000000
0.000000 0.000000 0.000000 0.000000 0.000000 0.000000 0.000000 0.000000 0.000000 0.000000 0.000000 0.000000 0.000000 0.000000 0.000000 0.000000 0.000000 0.000000 0.000000 0.000000 0.000000