geotop/1.0zi/1.0Montebello/Templates/testdem/maps/_Eocsilt7776.asc
ncols         21
nrows         20
xllcorner     100.000000
yllcorner     100.000000
cellsize      50.000000
NODATA_value  -9999.0
0.000000 0.000000 0.000000 0.000000 0.000000 0.000000 0.000000 0.000000 0.000000 0.000000 0.000000 0.000000 0.000000 0.000000 0.000000 0.000000 0.000000 0.000000 0.000000 0.000000 0.000000
0.000000 0.000000 0.350160 0.350160 0.350161 0.350161 0.350160 0.350161 0.350161 0.350160 0.350161 0.350160 0.350160 0.350160 0.350160 0.350160 0.350161 0.350161 0.350160 0.000000 0.000000
0.000000 0.000000 0.350005 0.350005 0.350004 0.350004 0.350005 0.350005 0.350005 0.350005 0.350005 0.350005 0.350006 0.350006 0.350005 0.350004 0.350003 0.350003 0.350004 0.000000 0.000000
0.000000 0.000000 0.350103 0.350099 0.350097 0.350091 0.350092 0.350087 0.350090 0.350090 0.350087 0.350089 0.350089 0.350089 0.350092 0.350095 0.350099 0.350098 0.350100 0.000000 0.000000
0.000000 0.000000 0.350982 0.350988 0.350983 0.350973 0.350967 0.350960 0.350956 0.350954 0.350954 0.350955 0.350956 0.350958 0.350971 0.350975 0.350978 0.350988 0.350990 0.000000 0.000000
0.000000 0.000000 0.353494 0.353494 0.353484 0.353468 0.353450 0.353428 0.353427 0.353421 0.353425 0.353426 0.353427 0.353426 0.353438 0.353450 0.353462 0.353470 0.353475 0.000000 0.000000
0.000000 0.000000 0.357112 0.357107 0.357096 0.357071 0.357039 0.357006 0.357007 0.357003 0.357004 0.357002 0.356999 0.357005 0.357033 0.357059 0.357076 0.357091 0.357098 0.000000 0.000000
0.000000 0.000000 0.361406 0.361404 0.361398 0.361371 0.361341 0.361305 0.361305 0.361300 0.361299 0.361296 0.361294 0.361301 0.361333 0.361360 0.361385 0.361391 0.361403 0.000000 0.000000
0.000000 0.000000 0.366006 0.365997 0.365983 0.365964 0.365933 0.365891 0.365893 0.365884 0.365882 0.365880 0.365881 0.365880 0.365921 0.365954 0.365974 0.365985 0.365995 0.000000 0.000000
0.000000 0.000000 0.370815 0.370806 0.370798 0.370780 0.370736 0.370699 0.370699 0.370694 0.370689 0.370691 0.370697 0.370695 0.370729 0.370766 0.370789 0.370796 0.370804 0.000000 0.000000
0.000000 0.000000 0.375968 0.375961 0.375953 0.375915 0.375884 0.375842 0.375851 0.375827 0.375830 0.375829 0.375821 0.375836 0.375867 0.375890 0.375919 0.375935 0.375954 0.000000 0.000000
0.000000 0.000000 0.381636 0.381619 0.381602 0.381577 0.381543 0.381489 0.381487 0.381479 0.381491 0.381473 0.381478 0.381483 0.381538 0.381565 0.381585 0.381596 0.381644 0.000000 0.000000
0.000000 0.000000 0.387701 0.387685 0.387678 0.387644 0.387614 0.387480 0.387478 0.387470 0.387435 0.387452 0.387460 0.387473 0.387575 0.387603 0.387654 0.387660 0.387685 0.000000 0.000000
0.000000 0.000000 0.394708 0.394702 0.394675 0.394650 0.394489 0.394493 0.394459 0.394458 0.394465 0.394457 0.394453 0.394447 0.394439 0.394606 0.394636 0.394681 0.394714 0.000000 0.000000
0.000000 0.000000 0.402871 0.402855 0.402821 0.402622 0.402625 0.402527 0.402478 0.402467 0.402434 0.402409 0.402431 0.402426 0.402521 0.402531 0.402794 0.402759 0.402768 0.000000 0.000000
0.000000 0.000000 0.411813 0.411797 0.411515 0.411569 0.411550 0.411514 0.411612 0.411577 0.411628 0.411605 0.411561 0.411631 0.411647 0.411662 0.411487 0.411885 0.411880 0.000000 0.000000
0.000000 0.000000 0.422865 0.422419 0.422471 0.422314 0.422091 0.422026 0.421921 0.421943 0.421819 0.421827 0.421895 0.421833 0.421943 0.422107 0.422452 0.422271 0.422729 0.000000 0.000000
0.000000 0.000000 0.427805 0.428172 0.428570 0.428553 0.428545 0.428168 0.428215 0.428109 0.428268 0.428233 0.428216 0.428267 0.428589 0.428594 0.428641 0.428308 0.427951 0.000000 0.000000
0.000000 0.000000 0.350000 0.350000 0.350000 0.350000 0.350000 0.350000 0.350000 0.350000 0.350000 0.350000 0.350000 0.350000 0.350000 0.350000 0.350000 0.350000 0.350000 0.000000 0.000000
0.000000 0.000000 0.000000 0.000000 0.000000 0.000000 0.000000 0.000000 0.000000 0.000000 0.000000 0.000000 0.000000 0.000000 0.000000 0.000000 0.000000 0.000000 0.000000 0.000000 0.000000