geotop/1.0zi/1.0Montebello/Templates/testdem/maps/_Eocsand2310.asc
ncols         21
nrows         20
xllcorner     100.000000
yllcorner     100.000000
cellsize      50.000000
NODATA_value  -9999.0
0.000000 0.000000 0.000000 0.000000 0.000000 0.000000 0.000000 0.000000 0.000000 0.000000 0.000000 0.000000 0.000000 0.000000 0.000000 0.000000 0.000000 0.000000 0.000000 0.000000 0.000000
0.000000 0.000000 0.300070 0.300070 0.300070 0.300070 0.300070 0.300070 0.300070 0.300070 0.300070 0.300070 0.300070 0.300070 0.300070 0.300070 0.300070 0.300070 0.300070 0.000000 0.000000
0.000000 0.000000 0.300011 0.300011 0.300012 0.300011 0.300011 0.300011 0.300011 0.300011 0.300011 0.300011 0.300011 0.300011 0.300011 0.300011 0.300012 0.300011 0.300011 0.000000 0.000000
0.000000 0.000000 0.298524 0.298525 0.298529 0.298527 0.298524 0.298524 0.298524 0.298524 0.298524 0.298524 0.298524 0.298524 0.298524 0.298527 0.298529 0.298525 0.298524 0.000000 0.000000
0.000000 0.000000 0.292268 0.292269 0.292273 0.292272 0.292266 0.292268 0.292268 0.292265 0.292265 0.292265 0.292268 0.292268 0.292266 0.292272 0.292273 0.292269 0.292268 0.000000 0.000000
0.000000 0.000000 0.284566 0.284568 0.284570 0.284570 0.284565 0.284567 0.284567 0.284565 0.284564 0.284565 0.284567 0.284567 0.284565 0.284570 0.284570 0.284568 0.284566 0.000000 0.000000
0.000000 0.000000 0.277388 0.277389 0.277392 0.277391 0.277388 0.277389 0.277389 0.277387 0.277387 0.277387 0.277389 0.277389 0.277388 0.277391 0.277392 0.277389 0.277388 0.000000 0.000000
0.000000 0.000000 0.270809 0.270809 0.270812 0.270811 0.270808 0.270809 0.270809 0.270807 0.270807 0.270807 0.270809 0.270809 0.270808 0.270811 0.270812 0.270809 0.270809 0.000000 0.000000
0.000000 0.000000 0.264666 0.264666 0.264669 0.264668 0.264665 0.264666 0.264666 0.264665 0.264664 0.264665 0.264666 0.264666 0.264665 0.264668 0.264669 0.264666 0.264666 0.000000 0.000000
0.000000 0.000000 0.258813 0.258814 0.258817 0.258816 0.258813 0.258814 0.258814 0.258813 0.258812 0.258813 0.258814 0.258814 0.258813 0.258816 0.258817 0.258814 0.258813 0.000000 0.000000
0.000000 0.000000 0.253186 0.253187 0.253189 0.253188 0.253186 0.253187 0.253186 0.253185 0.253185 0.253185 0.253186 0.253187 0.253186 0.253188 0.253189 0.253187 0.253186 0.000000 0.000000
0.000000 0.000000 0.247737 0.247738 0.247740 0.247739 0.247737 0.247738 0.247738 0.247737 0.247736 0.247737 0.247738 0.247738 0.247737 0.247739 0.247740 0.247738 0.247737 0.000000 0.000000
0.000000 0.000000 0.242425 0.242425 0.242428 0.242427 0.242424 0.242425 0.242425 0.242424 0.242424 0.242424 0.242425 0.242425 0.242424 0.242427 0.242428 0.242425 0.242425 0.000000 0.000000
0.000000 0.000000 0.237229 0.237229 0.237231 0.237231 0.237228 0.237229 0.237229 0.237228 0.237227 0.237228 0.237229 0.237229 0.237228 0.237231 0.237231 0.237229 0.237229 0.000000 0.000000
0.000000 0.000000 0.232128 0.232129 0.232131 0.232130 0.232128 0.232129 0.232129 0.232128 0.232127 0.232128 0.232129 0.232129 0.232128 0.232130 0.232131 0.232129 0.232128 0.000000 0.000000
0.000000 0.000000 0.227118 0.227118 0.227121 0.227120 0.227117 0.227118 0.227118 0.227117 0.227117 0.227117 0.227118 0.227118 0.227117 0.227120 0.227121 0.227118 0.227118 0.000000 0.000000
0.000000 0.000000 0.222191 0.222192 0.222194 0.222193 0.222191 0.222192 0.222192 0.222191 0.222190 0.222191 0.222192 0.222192 0.222191 0.222193 0.222194 0.222192 0.222191 0.000000 0.000000
0.000000 0.000000 0.217276 0.217276 0.217278 0.217277 0.217275 0.217276 0.217276 0.217275 0.217274 0.217275 0.217276 0.217276 0.217275 0.217277 0.217278 0.217276 0.217275 0.000000 0.000000
0.000000 0.000000 0.300000 0.300000 0.300000 0.300000 0.300000 0.300000 0.300000 0.300000 0.300000 0.300000 0.300000 0.300000 0.300000 0.300000 0.300000 0.300000 0.300000 0.000000 0.000000
0.000000 0.000000 0.000000 0.000000 0.000000 0.000000 0.000000 0.000000 0.000000 0.000000 0.000000 0.000000 0.000000 0.000000 0.000000 0.000000 0.000000 0.000000 0.000000 0.000000 0.000000