geotop/1.0zi/1.0Montebello/Templates/testdem/maps/_Eocsand7744.asc
ncols         21
nrows         20
xllcorner     100.000000
yllcorner     100.000000
cellsize      50.000000
NODATA_value  -9999.0
0.000000 0.000000 0.000000 0.000000 0.000000 0.000000 0.000000 0.000000 0.000000 0.000000 0.000000 0.000000 0.000000 0.000000 0.000000 0.000000 0.000000 0.000000 0.000000 0.000000 0.000000
0.000000 0.000000 0.300197 0.300194 0.300194 0.300195 0.300194 0.300193 0.300194 0.300194 0.300195 0.300194 0.300194 0.300194 0.300194 0.300194 0.300195 0.300195 0.300195 0.000000 0.000000
0.000000 0.000000 0.300010 0.300012 0.300011 0.300010 0.300011 0.300012 0.300011 0.300011 0.300011 0.300012 0.300010 0.300011 0.300011 0.300011 0.300012 0.300012 0.300013 0.000000 0.000000
0.000000 0.000000 0.299894 0.299893 0.299898 0.299906 0.299901 0.299909 0.299904 0.299906 0.299906 0.299906 0.299906 0.299908 0.299903 0.299898 0.299896 0.299893 0.299893 0.000000 0.000000
0.000000 0.000000 0.298070 0.298068 0.298076 0.298091 0.298113 0.298122 0.298128 0.298127 0.298130 0.298129 0.298132 0.298126 0.298103 0.298097 0.298086 0.298075 0.298066 0.000000 0.000000
0.000000 0.000000 0.292939 0.292941 0.292962 0.293006 0.293038 0.293083 0.293083 0.293096 0.293088 0.293089 0.293085 0.293084 0.293062 0.293030 0.293004 0.292981 0.292970 0.000000 0.000000
0.000000 0.000000 0.285687 0.285695 0.285714 0.285763 0.285824 0.285894 0.285894 0.285904 0.285901 0.285903 0.285905 0.285899 0.285838 0.285784 0.285752 0.285724 0.285709 0.000000 0.000000
0.000000 0.000000 0.277066 0.277071 0.277085 0.277141 0.277200 0.277276 0.277277 0.277285 0.277287 0.277293 0.277297 0.277282 0.277216 0.277164 0.277115 0.277099 0.277075 0.000000 0.000000
0.000000 0.000000 0.267907 0.267923 0.267950 0.267987 0.268048 0.268131 0.268127 0.268145 0.268150 0.268154 0.268152 0.268153 0.268072 0.268007 0.267968 0.267948 0.267928 0.000000 0.000000
0.000000 0.000000 0.258299 0.258319 0.258333 0.258369 0.258457 0.258531 0.258531 0.258541 0.258552 0.258547 0.258536 0.258540 0.258472 0.258397 0.258351 0.258336 0.258321 0.000000 0.000000
0.000000 0.000000 0.247962 0.247975 0.247992 0.248067 0.248129 0.248215 0.248197 0.248244 0.248238 0.248240 0.248257 0.248226 0.248164 0.248118 0.248060 0.248028 0.247990 0.000000 0.000000
0.000000 0.000000 0.236600 0.236632 0.236667 0.236717 0.236786 0.236892 0.236898 0.236913 0.236889 0.236925 0.236916 0.236908 0.236798 0.236742 0.236703 0.236679 0.236583 0.000000 0.000000
0.000000 0.000000 0.224430 0.224462 0.224476 0.224545 0.224605 0.224873 0.224877 0.224894 0.224962 0.224928 0.224913 0.224887 0.224682 0.224626 0.224524 0.224511 0.224460 0.000000 0.000000
0.000000 0.000000 0.210364 0.210377 0.210431 0.210481 0.210803 0.210799 0.210866 0.210867 0.210854 0.210870 0.210878 0.210890 0.210905 0.210570 0.210508 0.210419 0.210351 0.000000 0.000000
0.000000 0.000000 0.193963 0.193993 0.194063 0.194461 0.194457 0.194653 0.194752 0.194774 0.194839 0.194889 0.194846 0.194856 0.194665 0.194643 0.194116 0.194185 0.194168 0.000000 0.000000
0.000000 0.000000 0.175955 0.175985 0.176554 0.176448 0.176484 0.176557 0.176360 0.176430 0.176329 0.176377 0.176464 0.176323 0.176291 0.176261 0.176608 0.175809 0.175820 0.000000 0.000000
0.000000 0.000000 0.153587 0.154491 0.154390 0.154706 0.155157 0.155289 0.155501 0.155455 0.155706 0.155690 0.155552 0.155678 0.155456 0.155123 0.154428 0.154789 0.153860 0.000000 0.000000
0.000000 0.000000 0.143507 0.142760 0.141940 0.141976 0.141993 0.142764 0.142671 0.142886 0.142564 0.142634 0.142668 0.142564 0.141904 0.141894 0.141795 0.142481 0.143208 0.000000 0.000000
0.000000 0.000000 0.300000 0.300000 0.300000 0.300000 0.300000 0.300000 0.300000 0.300000 0.300000 0.300000 0.300000 0.300000 0.300000 0.300000 0.300000 0.300000 0.300000 0.000000 0.000000
0.000000 0.000000 0.000000 0.000000 0.000000 0.000000 0.000000 0.000000 0.000000 0.000000 0.000000 0.000000 0.000000 0.000000 0.000000 0.000000 0.000000 0.000000 0.000000 0.000000 0.000000