geotop/1.0zi/1.0Montebello/Templates/testdem/maps/_Eocsand9991.asc
ncols         21
nrows         20
xllcorner     100.000000
yllcorner     100.000000
cellsize      50.000000
NODATA_value  -9999.0
0.000000 0.000000 0.000000 0.000000 0.000000 0.000000 0.000000 0.000000 0.000000 0.000000 0.000000 0.000000 0.000000 0.000000 0.000000 0.000000 0.000000 0.000000 0.000000 0.000000 0.000000
0.000000 0.000000 0.300246 0.300244 0.300244 0.300245 0.300244 0.300244 0.300244 0.300244 0.300245 0.300244 0.300244 0.300245 0.300244 0.300244 0.300245 0.300245 0.300244 0.000000 0.000000
0.000000 0.000000 0.300011 0.300013 0.300012 0.300011 0.300012 0.300013 0.300012 0.300012 0.300012 0.300012 0.300011 0.300012 0.300012 0.300012 0.300013 0.300013 0.300013 0.000000 0.000000
0.000000 0.000000 0.299805 0.299802 0.299813 0.299821 0.299821 0.299827 0.299819 0.299821 0.299820 0.299818 0.299817 0.299819 0.299814 0.299807 0.299804 0.299801 0.299802 0.000000 0.000000
0.000000 0.000000 0.296921 0.296920 0.296939 0.296976 0.297004 0.297014 0.297014 0.297014 0.297018 0.297011 0.297006 0.297006 0.296982 0.296968 0.296953 0.296942 0.296930 0.000000 0.000000
0.000000 0.000000 0.289060 0.289070 0.289112 0.289184 0.289250 0.289310 0.289306 0.289315 0.289319 0.289318 0.289306 0.289312 0.289275 0.289219 0.289191 0.289169 0.289158 0.000000 0.000000
0.000000 0.000000 0.278217 0.278239 0.278275 0.278358 0.278442 0.278558 0.278555 0.278562 0.278575 0.278574 0.278576 0.278572 0.278476 0.278408 0.278366 0.278336 0.278322 0.000000 0.000000
0.000000 0.000000 0.265330 0.265357 0.265393 0.265492 0.265586 0.265691 0.265688 0.265699 0.265714 0.265720 0.265724 0.265707 0.265618 0.265542 0.265473 0.265458 0.265430 0.000000 0.000000
0.000000 0.000000 0.251103 0.251141 0.251196 0.251276 0.251383 0.251509 0.251497 0.251518 0.251539 0.251543 0.251537 0.251544 0.251419 0.251327 0.251273 0.251250 0.251226 0.000000 0.000000
0.000000 0.000000 0.235281 0.235334 0.235380 0.235467 0.235585 0.235718 0.235716 0.235730 0.235762 0.235751 0.235735 0.235742 0.235640 0.235520 0.235457 0.235431 0.235421 0.000000 0.000000
0.000000 0.000000 0.217140 0.217184 0.217229 0.217415 0.217471 0.217650 0.217613 0.217696 0.217696 0.217709 0.217738 0.217691 0.217574 0.217499 0.217409 0.217377 0.217300 0.000000 0.000000
0.000000 0.000000 0.195786 0.195881 0.195997 0.196090 0.196188 0.196415 0.196421 0.196423 0.196406 0.196484 0.196446 0.196461 0.196251 0.196132 0.196085 0.196055 0.195901 0.000000 0.000000
0.000000 0.000000 0.171580 0.171666 0.171697 0.171881 0.172002 0.172613 0.172625 0.172658 0.172887 0.172749 0.172739 0.172686 0.172227 0.172128 0.171902 0.171890 0.171862 0.000000 0.000000
0.000000 0.000000 0.141617 0.141652 0.141864 0.141993 0.142856 0.142521 0.142706 0.142697 0.142576 0.142707 0.142724 0.142825 0.143119 0.142177 0.142155 0.141933 0.141806 0.000000 0.000000
0.000000 0.000000 0.108789 0.108887 0.109042 0.110113 0.109617 0.110300 0.110436 0.110499 0.110762 0.110827 0.110713 0.110696 0.110094 0.110571 0.109195 0.109528 0.109589 0.000000 0.000000
0.000000 0.000000 0.081835 0.081884 0.082881 0.082366 0.082557 0.082509 0.082072 0.082184 0.081955 0.081992 0.082182 0.081949 0.082090 0.081912 0.083044 0.081525 0.081549 0.000000 0.000000
0.000000 0.000000 0.060687 0.061290 0.061232 0.061439 0.061775 0.061846 0.061988 0.061956 0.062135 0.062115 0.062020 0.062114 0.061988 0.061731 0.061301 0.061540 0.060919 0.000000 0.000000
0.000000 0.000000 0.050292 0.050389 0.050059 0.050214 0.050391 0.050679 0.050734 0.050781 0.050778 0.050789 0.050745 0.050770 0.050491 0.050355 0.050065 0.050475 0.050371 0.000000 0.000000
0.000000 0.000000 0.300000 0.300000 0.300000 0.300000 0.300000 0.300000 0.300000 0.300000 0.300000 0.300000 0.300000 0.300000 0.300000 0.300000 0.300000 0.300000 0.300000 0.000000 0.000000
0.000000 0.000000 0.000000 0.000000 0.000000 0.000000 0.000000 0.000000 0.000000 0.000000 0.000000 0.000000 0.000000 0.000000 0.000000 0.000000 0.000000 0.000000 0.000000 0.000000 0.000000