geotop/1.0zi/1.0Montebello/Templates/testdem/maps/_Eocclay3626.asc
ncols         21
nrows         20
xllcorner     100.000000
yllcorner     100.000000
cellsize      50.000000
NODATA_value  -9999.0
0.000000 0.000000 0.000000 0.000000 0.000000 0.000000 0.000000 0.000000 0.000000 0.000000 0.000000 0.000000 0.000000 0.000000 0.000000 0.000000 0.000000 0.000000 0.000000 0.000000 0.000000
0.000000 0.000000 0.349807 0.349807 0.349807 0.349807 0.349807 0.349807 0.349807 0.349807 0.349806 0.349807 0.349807 0.349807 0.349807 0.349807 0.349807 0.349807 0.349807 0.000000 0.000000
0.000000 0.000000 0.349996 0.349996 0.349995 0.349996 0.349996 0.349996 0.349996 0.349996 0.349996 0.349996 0.349996 0.349996 0.349996 0.349996 0.349995 0.349996 0.349996 0.000000 0.000000
0.000000 0.000000 0.351304 0.351304 0.351302 0.351302 0.351303 0.351304 0.351304 0.351304 0.351304 0.351304 0.351304 0.351304 0.351303 0.351302 0.351302 0.351304 0.351304 0.000000 0.000000
0.000000 0.000000 0.356793 0.356792 0.356790 0.356790 0.356794 0.356792 0.356792 0.356792 0.356793 0.356792 0.356792 0.356792 0.356794 0.356790 0.356790 0.356792 0.356793 0.000000 0.000000
0.000000 0.000000 0.362916 0.362914 0.362913 0.362913 0.362915 0.362915 0.362914 0.362915 0.362915 0.362915 0.362914 0.362915 0.362915 0.362913 0.362913 0.362914 0.362916 0.000000 0.000000
0.000000 0.000000 0.368656 0.368655 0.368653 0.368654 0.368655 0.368655 0.368654 0.368655 0.368655 0.368655 0.368654 0.368655 0.368655 0.368654 0.368653 0.368655 0.368656 0.000000 0.000000
0.000000 0.000000 0.373873 0.373872 0.373871 0.373872 0.373873 0.373873 0.373872 0.373873 0.373873 0.373873 0.373872 0.373873 0.373873 0.373872 0.373871 0.373872 0.373873 0.000000 0.000000
0.000000 0.000000 0.378688 0.378688 0.378687 0.378687 0.378688 0.378688 0.378687 0.378688 0.378688 0.378688 0.378687 0.378688 0.378688 0.378687 0.378687 0.378688 0.378688 0.000000 0.000000
0.000000 0.000000 0.383212 0.383211 0.383210 0.383211 0.383212 0.383211 0.383211 0.383211 0.383212 0.383211 0.383211 0.383211 0.383212 0.383211 0.383210 0.383211 0.383212 0.000000 0.000000
0.000000 0.000000 0.387503 0.387502 0.387501 0.387501 0.387503 0.387502 0.387502 0.387502 0.387503 0.387502 0.387502 0.387502 0.387503 0.387501 0.387501 0.387502 0.387503 0.000000 0.000000
0.000000 0.000000 0.391603 0.391602 0.391601 0.391601 0.391602 0.391602 0.391602 0.391602 0.391603 0.391602 0.391602 0.391602 0.391602 0.391601 0.391601 0.391602 0.391603 0.000000 0.000000
0.000000 0.000000 0.395542 0.395542 0.395541 0.395541 0.395542 0.395542 0.395541 0.395542 0.395542 0.395542 0.395541 0.395542 0.395542 0.395541 0.395541 0.395542 0.395542 0.000000 0.000000
0.000000 0.000000 0.399351 0.399350 0.399349 0.399350 0.399351 0.399350 0.399350 0.399350 0.399351 0.399350 0.399350 0.399350 0.399351 0.399350 0.399349 0.399350 0.399351 0.000000 0.000000
0.000000 0.000000 0.403040 0.403040 0.403039 0.403039 0.403040 0.403040 0.403039 0.403040 0.403040 0.403040 0.403039 0.403040 0.403040 0.403039 0.403039 0.403040 0.403040 0.000000 0.000000
0.000000 0.000000 0.406615 0.406615 0.406614 0.406614 0.406615 0.406615 0.406614 0.406615 0.406615 0.406615 0.406614 0.406615 0.406615 0.406614 0.406614 0.406615 0.406615 0.000000 0.000000
0.000000 0.000000 0.410088 0.410088 0.410087 0.410087 0.410088 0.410088 0.410087 0.410088 0.410088 0.410088 0.410087 0.410088 0.410088 0.410087 0.410087 0.410088 0.410088 0.000000 0.000000
0.000000 0.000000 0.413508 0.413508 0.413507 0.413508 0.413509 0.413508 0.413508 0.413508 0.413509 0.413508 0.413508 0.413508 0.413509 0.413508 0.413507 0.413508 0.413509 0.000000 0.000000
0.000000 0.000000 0.350000 0.350000 0.350000 0.350000 0.350000 0.350000 0.350000 0.350000 0.350000 0.350000 0.350000 0.350000 0.350000 0.350000 0.350000 0.350000 0.350000 0.000000 0.000000
0.000000 0.000000 0.000000 0.000000 0.000000 0.000000 0.000000 0.000000 0.000000 0.000000 0.000000 0.000000 0.000000 0.000000 0.000000 0.000000 0.000000 0.000000 0.000000 0.000000 0.000000