geotop/1.0zi/1.0Montebello/Templates/testdem/maps/_Eocsilt9822.asc
ncols         21
nrows         20
xllcorner     100.000000
yllcorner     100.000000
cellsize      50.000000
NODATA_value  -9999.0
0.000000 0.000000 0.000000 0.000000 0.000000 0.000000 0.000000 0.000000 0.000000 0.000000 0.000000 0.000000 0.000000 0.000000 0.000000 0.000000 0.000000 0.000000 0.000000 0.000000 0.000000
0.000000 0.000000 0.350208 0.350207 0.350208 0.350208 0.350207 0.350207 0.350207 0.350207 0.350207 0.350207 0.350207 0.350207 0.350207 0.350207 0.350208 0.350208 0.350207 0.000000 0.000000
0.000000 0.000000 0.350008 0.350008 0.350008 0.350007 0.350009 0.350008 0.350008 0.350008 0.350009 0.350008 0.350009 0.350009 0.350008 0.350007 0.350006 0.350006 0.350007 0.000000 0.000000
0.000000 0.000000 0.350150 0.350147 0.350141 0.350137 0.350137 0.350131 0.350135 0.350136 0.350133 0.350136 0.350137 0.350137 0.350139 0.350142 0.350148 0.350149 0.350150 0.000000 0.000000
0.000000 0.000000 0.351497 0.351503 0.351493 0.351473 0.351464 0.351456 0.351460 0.351457 0.351456 0.351459 0.351464 0.351462 0.351476 0.351485 0.351489 0.351495 0.351498 0.000000 0.000000
0.000000 0.000000 0.355167 0.355161 0.355146 0.355120 0.355088 0.355061 0.355059 0.355053 0.355054 0.355056 0.355060 0.355057 0.355076 0.355099 0.355111 0.355119 0.355126 0.000000 0.000000
0.000000 0.000000 0.360332 0.360321 0.360305 0.360267 0.360225 0.360172 0.360174 0.360170 0.360166 0.360165 0.360163 0.360167 0.360211 0.360243 0.360264 0.360280 0.360287 0.000000 0.000000
0.000000 0.000000 0.366468 0.366455 0.366440 0.366397 0.366352 0.366303 0.366305 0.366297 0.366292 0.366289 0.366288 0.366295 0.366337 0.366375 0.366408 0.366414 0.366428 0.000000 0.000000
0.000000 0.000000 0.373233 0.373213 0.373189 0.373154 0.373103 0.373042 0.373048 0.373036 0.373028 0.373026 0.373029 0.373026 0.373086 0.373131 0.373157 0.373168 0.373181 0.000000 0.000000
0.000000 0.000000 0.380684 0.380658 0.380638 0.380602 0.380546 0.380484 0.380485 0.380476 0.380463 0.380468 0.380476 0.380473 0.380521 0.380579 0.380609 0.380620 0.380626 0.000000 0.000000
0.000000 0.000000 0.389133 0.389111 0.389093 0.389011 0.388985 0.388902 0.388919 0.388878 0.388881 0.388875 0.388862 0.388884 0.388938 0.388974 0.389016 0.389031 0.389067 0.000000 0.000000
0.000000 0.000000 0.398988 0.398943 0.398894 0.398855 0.398811 0.398706 0.398704 0.398698 0.398710 0.398674 0.398692 0.398686 0.398782 0.398838 0.398860 0.398874 0.398946 0.000000 0.000000
0.000000 0.000000 0.410071 0.410030 0.410018 0.409941 0.409887 0.409611 0.409606 0.409588 0.409490 0.409549 0.409555 0.409579 0.409786 0.409833 0.409935 0.409940 0.409958 0.000000 0.000000
0.000000 0.000000 0.423724 0.423704 0.423616 0.423561 0.423180 0.423312 0.423230 0.423229 0.423278 0.423226 0.423217 0.423177 0.423056 0.423477 0.423493 0.423591 0.423650 0.000000 0.000000
0.000000 0.000000 0.439039 0.438994 0.438919 0.438436 0.438637 0.438335 0.438269 0.438236 0.438127 0.438090 0.438145 0.438147 0.438415 0.438222 0.438851 0.438703 0.438681 0.000000 0.000000
0.000000 0.000000 0.452376 0.452350 0.451855 0.452106 0.452017 0.452034 0.452249 0.452190 0.452305 0.452285 0.452192 0.452308 0.452244 0.452327 0.451780 0.452531 0.452520 0.000000 0.000000
0.000000 0.000000 0.463127 0.462818 0.462862 0.462749 0.462580 0.462527 0.462447 0.462464 0.462369 0.462380 0.462432 0.462380 0.462464 0.462591 0.462832 0.462687 0.463008 0.000000 0.000000
0.000000 0.000000 0.468446 0.468341 0.468509 0.468408 0.468299 0.468159 0.468113 0.468096 0.468078 0.468075 0.468107 0.468083 0.468226 0.468307 0.468505 0.468274 0.468384 0.000000 0.000000
0.000000 0.000000 0.350000 0.350000 0.350000 0.350000 0.350000 0.350000 0.350000 0.350000 0.350000 0.350000 0.350000 0.350000 0.350000 0.350000 0.350000 0.350000 0.350000 0.000000 0.000000
0.000000 0.000000 0.000000 0.000000 0.000000 0.000000 0.000000 0.000000 0.000000 0.000000 0.000000 0.000000 0.000000 0.000000 0.000000 0.000000 0.000000 0.000000 0.000000 0.000000 0.000000