geotop/1.0zi/1.0Montebello/Templates/testdem/maps/_Eocclay6810.asc
ncols         21
nrows         20
xllcorner     100.000000
yllcorner     100.000000
cellsize      50.000000
NODATA_value  -9999.0
0.000000 0.000000 0.000000 0.000000 0.000000 0.000000 0.000000 0.000000 0.000000 0.000000 0.000000 0.000000 0.000000 0.000000 0.000000 0.000000 0.000000 0.000000 0.000000 0.000000 0.000000
0.000000 0.000000 0.349697 0.349698 0.349698 0.349697 0.349699 0.349699 0.349698 0.349698 0.349697 0.349698 0.349698 0.349698 0.349699 0.349698 0.349697 0.349697 0.349698 0.000000 0.000000
0.000000 0.000000 0.349988 0.349988 0.349988 0.349989 0.349987 0.349987 0.349987 0.349987 0.349987 0.349987 0.349988 0.349986 0.349988 0.349988 0.349989 0.349989 0.349986 0.000000 0.000000
0.000000 0.000000 0.349979 0.349984 0.349981 0.349981 0.349983 0.349983 0.349984 0.349981 0.349986 0.349983 0.349983 0.349983 0.349982 0.349984 0.349982 0.349984 0.349983 0.000000 0.000000
0.000000 0.000000 0.350659 0.350657 0.350654 0.350652 0.350639 0.350637 0.350636 0.350638 0.350636 0.350637 0.350633 0.350635 0.350643 0.350644 0.350648 0.350649 0.350656 0.000000 0.000000
0.000000 0.000000 0.352701 0.352700 0.352691 0.352666 0.352658 0.352637 0.352639 0.352633 0.352637 0.352637 0.352639 0.352639 0.352646 0.352663 0.352674 0.352686 0.352692 0.000000 0.000000
0.000000 0.000000 0.355670 0.355667 0.355660 0.355641 0.355616 0.355585 0.355585 0.355580 0.355582 0.355583 0.355583 0.355583 0.355608 0.355633 0.355645 0.355655 0.355663 0.000000 0.000000
0.000000 0.000000 0.359226 0.359225 0.359219 0.359195 0.359171 0.359137 0.359137 0.359134 0.359134 0.359133 0.359131 0.359137 0.359164 0.359185 0.359205 0.359212 0.359224 0.000000 0.000000
0.000000 0.000000 0.362914 0.362909 0.362898 0.362884 0.362859 0.362826 0.362828 0.362820 0.362818 0.362818 0.362818 0.362817 0.362849 0.362877 0.362892 0.362898 0.362908 0.000000 0.000000
0.000000 0.000000 0.366715 0.366707 0.366702 0.366689 0.366653 0.366623 0.366624 0.366619 0.366615 0.366619 0.366624 0.366620 0.366647 0.366679 0.366696 0.366701 0.366709 0.000000 0.000000
0.000000 0.000000 0.370732 0.370727 0.370721 0.370694 0.370670 0.370635 0.370642 0.370624 0.370626 0.370627 0.370621 0.370632 0.370654 0.370674 0.370696 0.370707 0.370724 0.000000 0.000000
0.000000 0.000000 0.375035 0.375024 0.375012 0.374992 0.374968 0.374925 0.374925 0.374917 0.374927 0.374915 0.374917 0.374920 0.374961 0.374982 0.374997 0.375004 0.375045 0.000000 0.000000
0.000000 0.000000 0.379549 0.379537 0.379531 0.379508 0.379486 0.379390 0.379390 0.379382 0.379360 0.379372 0.379379 0.379386 0.379458 0.379480 0.379515 0.379519 0.379545 0.000000 0.000000
0.000000 0.000000 0.384590 0.384585 0.384568 0.384550 0.384447 0.384433 0.384411 0.384409 0.384409 0.384408 0.384407 0.384403 0.384407 0.384517 0.384542 0.384570 0.384599 0.000000 0.000000
0.000000 0.000000 0.390293 0.390285 0.390261 0.390143 0.390123 0.390066 0.390029 0.390022 0.390003 0.389989 0.390002 0.389995 0.390047 0.390081 0.390240 0.390223 0.390238 0.000000 0.000000
0.000000 0.000000 0.396461 0.396452 0.396290 0.396287 0.396280 0.396248 0.396293 0.396272 0.396294 0.396277 0.396256 0.396293 0.396311 0.396322 0.396272 0.396484 0.396486 0.000000 0.000000
0.000000 0.000000 0.403848 0.403610 0.403578 0.403507 0.403390 0.403347 0.403312 0.403316 0.403259 0.403259 0.403287 0.403266 0.403326 0.403416 0.403566 0.403548 0.403793 0.000000 0.000000
0.000000 0.000000 0.408486 0.408585 0.408812 0.408772 0.408724 0.408509 0.408514 0.408461 0.408520 0.408504 0.408509 0.408523 0.408717 0.408755 0.408850 0.408631 0.408544 0.000000 0.000000
0.000000 0.000000 0.350000 0.350000 0.350000 0.350000 0.350000 0.350000 0.350000 0.350000 0.350000 0.350000 0.350000 0.350000 0.350000 0.350000 0.350000 0.350000 0.350000 0.000000 0.000000
0.000000 0.000000 0.000000 0.000000 0.000000 0.000000 0.000000 0.000000 0.000000 0.000000 0.000000 0.000000 0.000000 0.000000 0.000000 0.000000 0.000000 0.000000 0.000000 0.000000 0.000000