geotop/1.0zi/1.0Montebello/Templates/testdem/maps/_Eocsand7870.asc
ncols         21
nrows         20
xllcorner     100.000000
yllcorner     100.000000
cellsize      50.000000
NODATA_value  -9999.0
0.000000 0.000000 0.000000 0.000000 0.000000 0.000000 0.000000 0.000000 0.000000 0.000000 0.000000 0.000000 0.000000 0.000000 0.000000 0.000000 0.000000 0.000000 0.000000 0.000000 0.000000
0.000000 0.000000 0.300201 0.300198 0.300198 0.300199 0.300198 0.300198 0.300198 0.300198 0.300199 0.300198 0.300198 0.300198 0.300198 0.300198 0.300199 0.300199 0.300199 0.000000 0.000000
0.000000 0.000000 0.300010 0.300012 0.300011 0.300010 0.300011 0.300012 0.300011 0.300011 0.300011 0.300012 0.300011 0.300011 0.300011 0.300011 0.300012 0.300012 0.300013 0.000000 0.000000
0.000000 0.000000 0.299894 0.299893 0.299898 0.299906 0.299901 0.299909 0.299904 0.299907 0.299907 0.299907 0.299907 0.299908 0.299903 0.299899 0.299896 0.299893 0.299893 0.000000 0.000000
0.000000 0.000000 0.298003 0.298001 0.298010 0.298025 0.298048 0.298057 0.298064 0.298062 0.298066 0.298066 0.298069 0.298063 0.298039 0.298033 0.298021 0.298009 0.298000 0.000000 0.000000
0.000000 0.000000 0.292659 0.292662 0.292684 0.292729 0.292762 0.292808 0.292808 0.292821 0.292813 0.292814 0.292810 0.292809 0.292786 0.292754 0.292728 0.292704 0.292693 0.000000 0.000000
0.000000 0.000000 0.285182 0.285191 0.285211 0.285261 0.285323 0.285395 0.285396 0.285405 0.285403 0.285404 0.285407 0.285401 0.285339 0.285283 0.285249 0.285222 0.285206 0.000000 0.000000
0.000000 0.000000 0.276317 0.276323 0.276337 0.276395 0.276454 0.276533 0.276534 0.276543 0.276544 0.276550 0.276554 0.276539 0.276472 0.276419 0.276368 0.276352 0.276328 0.000000 0.000000
0.000000 0.000000 0.266885 0.266902 0.266931 0.266968 0.267032 0.267116 0.267112 0.267131 0.267136 0.267140 0.267138 0.267139 0.267057 0.266990 0.266950 0.266929 0.266909 0.000000 0.000000
0.000000 0.000000 0.256966 0.256986 0.257001 0.257038 0.257130 0.257206 0.257205 0.257215 0.257227 0.257222 0.257210 0.257215 0.257145 0.257068 0.257021 0.257005 0.256990 0.000000 0.000000
0.000000 0.000000 0.246260 0.246274 0.246292 0.246371 0.246434 0.246523 0.246504 0.246553 0.246547 0.246549 0.246566 0.246534 0.246471 0.246423 0.246363 0.246330 0.246291 0.000000 0.000000
0.000000 0.000000 0.234454 0.234488 0.234525 0.234577 0.234648 0.234759 0.234765 0.234780 0.234754 0.234793 0.234783 0.234775 0.234660 0.234603 0.234562 0.234538 0.234438 0.000000 0.000000
0.000000 0.000000 0.221769 0.221802 0.221818 0.221890 0.221952 0.222234 0.222238 0.222256 0.222329 0.222292 0.222276 0.222249 0.222034 0.221975 0.221868 0.221855 0.221804 0.000000 0.000000
0.000000 0.000000 0.207036 0.207049 0.207109 0.207160 0.207504 0.207491 0.207563 0.207564 0.207547 0.207566 0.207574 0.207588 0.207610 0.207253 0.207190 0.207095 0.207025 0.000000 0.000000
0.000000 0.000000 0.189794 0.189828 0.189902 0.190332 0.190314 0.190528 0.190631 0.190655 0.190726 0.190779 0.190732 0.190743 0.190534 0.190524 0.189957 0.190035 0.190020 0.000000 0.000000
0.000000 0.000000 0.170861 0.170894 0.171511 0.171377 0.171419 0.171492 0.171273 0.171348 0.171235 0.171284 0.171380 0.171227 0.171200 0.171166 0.171568 0.170696 0.170708 0.000000 0.000000
0.000000 0.000000 0.147317 0.148297 0.148158 0.148511 0.149002 0.149146 0.149387 0.149334 0.149612 0.149592 0.149437 0.149583 0.149338 0.148977 0.148197 0.148635 0.147626 0.000000 0.000000
0.000000 0.000000 0.137423 0.136573 0.135706 0.135731 0.135729 0.136556 0.136443 0.136678 0.136316 0.136393 0.136438 0.136319 0.135617 0.135619 0.135550 0.136260 0.137090 0.000000 0.000000
0.000000 0.000000 0.300000 0.300000 0.300000 0.300000 0.300000 0.300000 0.300000 0.300000 0.300000 0.300000 0.300000 0.300000 0.300000 0.300000 0.300000 0.300000 0.300000 0.000000 0.000000
0.000000 0.000000 0.000000 0.000000 0.000000 0.000000 0.000000 0.000000 0.000000 0.000000 0.000000 0.000000 0.000000 0.000000 0.000000 0.000000 0.000000 0.000000 0.000000 0.000000 0.000000