geotop/1.0zi/1.0Montebello/Templates/testdem/maps/_Eocsand0955.asc
ncols         21
nrows         20
xllcorner     100.000000
yllcorner     100.000000
cellsize      50.000000
NODATA_value  -9999.0
0.000000 0.000000 0.000000 0.000000 0.000000 0.000000 0.000000 0.000000 0.000000 0.000000 0.000000 0.000000 0.000000 0.000000 0.000000 0.000000 0.000000 0.000000 0.000000 0.000000 0.000000
0.000000 0.000000 0.300032 0.300032 0.300032 0.300032 0.300032 0.300032 0.300032 0.300032 0.300032 0.300032 0.300032 0.300032 0.300032 0.300032 0.300032 0.300032 0.300032 0.000000 0.000000
0.000000 0.000000 0.300005 0.300005 0.300005 0.300005 0.300005 0.300005 0.300005 0.300005 0.300005 0.300005 0.300005 0.300005 0.300005 0.300005 0.300005 0.300005 0.300005 0.000000 0.000000
0.000000 0.000000 0.299178 0.299179 0.299184 0.299182 0.299178 0.299178 0.299179 0.299178 0.299178 0.299178 0.299179 0.299178 0.299178 0.299182 0.299184 0.299179 0.299178 0.000000 0.000000
0.000000 0.000000 0.296261 0.296263 0.296267 0.296268 0.296261 0.296262 0.296262 0.296261 0.296261 0.296261 0.296262 0.296262 0.296261 0.296268 0.296267 0.296263 0.296261 0.000000 0.000000
0.000000 0.000000 0.292941 0.292943 0.292946 0.292947 0.292941 0.292942 0.292942 0.292941 0.292941 0.292941 0.292942 0.292942 0.292941 0.292947 0.292946 0.292943 0.292941 0.000000 0.000000
0.000000 0.000000 0.289852 0.289853 0.289856 0.289856 0.289852 0.289852 0.289853 0.289852 0.289852 0.289852 0.289853 0.289852 0.289852 0.289856 0.289856 0.289853 0.289852 0.000000 0.000000
0.000000 0.000000 0.287014 0.287015 0.287018 0.287017 0.287014 0.287014 0.287014 0.287014 0.287014 0.287014 0.287014 0.287014 0.287014 0.287017 0.287018 0.287015 0.287014 0.000000 0.000000
0.000000 0.000000 0.284356 0.284357 0.284360 0.284360 0.284356 0.284357 0.284357 0.284356 0.284356 0.284356 0.284357 0.284357 0.284356 0.284360 0.284360 0.284357 0.284356 0.000000 0.000000
0.000000 0.000000 0.281808 0.281809 0.281812 0.281811 0.281808 0.281809 0.281809 0.281808 0.281808 0.281808 0.281809 0.281809 0.281808 0.281811 0.281812 0.281809 0.281808 0.000000 0.000000
0.000000 0.000000 0.279345 0.279346 0.279348 0.279348 0.279345 0.279345 0.279345 0.279345 0.279345 0.279345 0.279345 0.279345 0.279345 0.279348 0.279348 0.279346 0.279345 0.000000 0.000000
0.000000 0.000000 0.276938 0.276939 0.276942 0.276941 0.276938 0.276939 0.276939 0.276938 0.276938 0.276938 0.276939 0.276939 0.276938 0.276941 0.276942 0.276939 0.276938 0.000000 0.000000
0.000000 0.000000 0.274570 0.274571 0.274573 0.274573 0.274570 0.274570 0.274570 0.274570 0.274570 0.274570 0.274570 0.274570 0.274570 0.274573 0.274573 0.274571 0.274570 0.000000 0.000000
0.000000 0.000000 0.272241 0.272241 0.272244 0.272243 0.272241 0.272241 0.272241 0.272241 0.272241 0.272241 0.272241 0.272241 0.272241 0.272243 0.272244 0.272241 0.272241 0.000000 0.000000
0.000000 0.000000 0.269937 0.269938 0.269941 0.269940 0.269937 0.269937 0.269937 0.269937 0.269937 0.269937 0.269937 0.269937 0.269937 0.269940 0.269941 0.269938 0.269937 0.000000 0.000000
0.000000 0.000000 0.267651 0.267651 0.267654 0.267653 0.267651 0.267651 0.267651 0.267651 0.267651 0.267651 0.267651 0.267651 0.267651 0.267653 0.267654 0.267651 0.267651 0.000000 0.000000
0.000000 0.000000 0.265388 0.265389 0.265391 0.265391 0.265388 0.265388 0.265388 0.265388 0.265388 0.265388 0.265388 0.265388 0.265388 0.265391 0.265391 0.265389 0.265388 0.000000 0.000000
0.000000 0.000000 0.263072 0.263072 0.263075 0.263074 0.263071 0.263071 0.263071 0.263071 0.263071 0.263071 0.263071 0.263071 0.263071 0.263074 0.263075 0.263072 0.263071 0.000000 0.000000
0.000000 0.000000 0.300000 0.300000 0.300000 0.300000 0.300000 0.300000 0.300000 0.300000 0.300000 0.300000 0.300000 0.300000 0.300000 0.300000 0.300000 0.300000 0.300000 0.000000 0.000000
0.000000 0.000000 0.000000 0.000000 0.000000 0.000000 0.000000 0.000000 0.000000 0.000000 0.000000 0.000000 0.000000 0.000000 0.000000 0.000000 0.000000 0.000000 0.000000 0.000000 0.000000