geotop/1.0zi/1.0Montebello/Templates/testdem/maps/_Eocsand8511.asc
ncols         21
nrows         20
xllcorner     100.000000
yllcorner     100.000000
cellsize      50.000000
NODATA_value  -9999.0
0.000000 0.000000 0.000000 0.000000 0.000000 0.000000 0.000000 0.000000 0.000000 0.000000 0.000000 0.000000 0.000000 0.000000 0.000000 0.000000 0.000000 0.000000 0.000000 0.000000 0.000000
0.000000 0.000000 0.300214 0.300212 0.300212 0.300212 0.300211 0.300211 0.300211 0.300211 0.300212 0.300211 0.300212 0.300212 0.300211 0.300211 0.300213 0.300213 0.300213 0.000000 0.000000
0.000000 0.000000 0.300012 0.300013 0.300013 0.300011 0.300012 0.300013 0.300013 0.300012 0.300013 0.300013 0.300012 0.300012 0.300012 0.300012 0.300013 0.300014 0.300014 0.000000 0.000000
0.000000 0.000000 0.299893 0.299892 0.299897 0.299905 0.299900 0.299908 0.299903 0.299906 0.299906 0.299906 0.299906 0.299907 0.299902 0.299898 0.299895 0.299892 0.299893 0.000000 0.000000
0.000000 0.000000 0.297876 0.297877 0.297891 0.297908 0.297934 0.297942 0.297946 0.297948 0.297949 0.297945 0.297944 0.297942 0.297920 0.297914 0.297901 0.297889 0.297878 0.000000 0.000000
0.000000 0.000000 0.291934 0.291939 0.291966 0.292016 0.292054 0.292100 0.292100 0.292114 0.292104 0.292104 0.292095 0.292099 0.292073 0.292040 0.292011 0.291991 0.291978 0.000000 0.000000
0.000000 0.000000 0.283595 0.283609 0.283628 0.283683 0.283752 0.283831 0.283830 0.283839 0.283838 0.283836 0.283838 0.283833 0.283765 0.283707 0.283673 0.283645 0.283629 0.000000 0.000000
0.000000 0.000000 0.273722 0.273732 0.273747 0.273810 0.273874 0.273960 0.273960 0.273972 0.273973 0.273977 0.273981 0.273965 0.273892 0.273838 0.273782 0.273768 0.273741 0.000000 0.000000
0.000000 0.000000 0.263106 0.263129 0.263158 0.263200 0.263273 0.263365 0.263359 0.263380 0.263384 0.263387 0.263384 0.263387 0.263296 0.263226 0.263183 0.263161 0.263139 0.000000 0.000000
0.000000 0.000000 0.251790 0.251815 0.251832 0.251873 0.251977 0.252061 0.252060 0.252071 0.252084 0.252074 0.252062 0.252067 0.251991 0.251907 0.251856 0.251838 0.251823 0.000000 0.000000
0.000000 0.000000 0.239389 0.239404 0.239422 0.239519 0.239587 0.239693 0.239665 0.239726 0.239713 0.239717 0.239737 0.239702 0.239627 0.239578 0.239509 0.239475 0.239428 0.000000 0.000000
0.000000 0.000000 0.225494 0.225538 0.225580 0.225633 0.225723 0.225845 0.225857 0.225868 0.225840 0.225884 0.225865 0.225864 0.225731 0.225661 0.225619 0.225592 0.225480 0.000000 0.000000
0.000000 0.000000 0.210325 0.210370 0.210375 0.210472 0.210541 0.210884 0.210891 0.210907 0.211004 0.210946 0.210931 0.210900 0.210636 0.210573 0.210441 0.210431 0.210377 0.000000 0.000000
0.000000 0.000000 0.192310 0.192323 0.192396 0.192459 0.192904 0.192849 0.192938 0.192937 0.192901 0.192936 0.192943 0.192977 0.193030 0.192563 0.192504 0.192381 0.192299 0.000000 0.000000
0.000000 0.000000 0.170918 0.170966 0.171057 0.171632 0.171552 0.171844 0.171968 0.171998 0.172100 0.172161 0.172096 0.172108 0.171823 0.171877 0.171117 0.171248 0.171241 0.000000 0.000000
0.000000 0.000000 0.147613 0.147654 0.148481 0.148210 0.148288 0.148341 0.148017 0.148116 0.147941 0.147992 0.148131 0.147929 0.147935 0.147881 0.148558 0.147342 0.147360 0.000000 0.000000
0.000000 0.000000 0.119283 0.120543 0.120207 0.120711 0.121339 0.121527 0.121900 0.121813 0.122203 0.122159 0.121932 0.122165 0.121836 0.121376 0.120256 0.121048 0.119738 0.000000 0.000000
0.000000 0.000000 0.110305 0.109134 0.108140 0.108125 0.108047 0.109011 0.108830 0.109119 0.108633 0.108728 0.108808 0.108645 0.107848 0.107909 0.107959 0.108708 0.109862 0.000000 0.000000
0.000000 0.000000 0.300000 0.300000 0.300000 0.300000 0.300000 0.300000 0.300000 0.300000 0.300000 0.300000 0.300000 0.300000 0.300000 0.300000 0.300000 0.300000 0.300000 0.000000 0.000000
0.000000 0.000000 0.000000 0.000000 0.000000 0.000000 0.000000 0.000000 0.000000 0.000000 0.000000 0.000000 0.000000 0.000000 0.000000 0.000000 0.000000 0.000000 0.000000 0.000000 0.000000