geotop/1.0zi/1.0Montebello/Templates/testdem/maps/_Eocclay9845.asc
ncols         21
nrows         20
xllcorner     100.000000
yllcorner     100.000000
cellsize      50.000000
NODATA_value  -9999.0
0.000000 0.000000 0.000000 0.000000 0.000000 0.000000 0.000000 0.000000 0.000000 0.000000 0.000000 0.000000 0.000000 0.000000 0.000000 0.000000 0.000000 0.000000 0.000000 0.000000 0.000000
0.000000 0.000000 0.349550 0.349553 0.349552 0.349551 0.349553 0.349553 0.349553 0.349553 0.349552 0.349553 0.349553 0.349552 0.349553 0.349553 0.349551 0.349551 0.349552 0.000000 0.000000
0.000000 0.000000 0.349981 0.349979 0.349979 0.349981 0.349979 0.349979 0.349979 0.349979 0.349979 0.349979 0.349979 0.349979 0.349980 0.349980 0.349981 0.349980 0.349979 0.000000 0.000000
0.000000 0.000000 0.350040 0.350045 0.350042 0.350038 0.350039 0.350039 0.350043 0.350040 0.350043 0.350041 0.350041 0.350040 0.350043 0.350046 0.350045 0.350046 0.350043 0.000000 0.000000
0.000000 0.000000 0.351483 0.351477 0.351470 0.351458 0.351440 0.351437 0.351434 0.351436 0.351434 0.351438 0.351438 0.351440 0.351450 0.351454 0.351465 0.351468 0.351478 0.000000 0.000000
0.000000 0.000000 0.355436 0.355430 0.355407 0.355371 0.355340 0.355309 0.355314 0.355307 0.355307 0.355306 0.355313 0.355311 0.355328 0.355359 0.355374 0.355387 0.355392 0.000000 0.000000
0.000000 0.000000 0.360728 0.360717 0.360702 0.360666 0.360626 0.360568 0.360568 0.360562 0.360558 0.360559 0.360560 0.360560 0.360609 0.360644 0.360664 0.360677 0.360685 0.000000 0.000000
0.000000 0.000000 0.367027 0.367013 0.366996 0.366950 0.366905 0.366852 0.366853 0.366846 0.366841 0.366838 0.366836 0.366845 0.366890 0.366927 0.366960 0.366969 0.366983 0.000000 0.000000
0.000000 0.000000 0.373937 0.373919 0.373894 0.373859 0.373808 0.373747 0.373753 0.373741 0.373732 0.373730 0.373733 0.373730 0.373791 0.373836 0.373862 0.373872 0.373884 0.000000 0.000000
0.000000 0.000000 0.381610 0.381583 0.381564 0.381526 0.381468 0.381404 0.381405 0.381396 0.381382 0.381388 0.381396 0.381392 0.381442 0.381502 0.381533 0.381544 0.381550 0.000000 0.000000
0.000000 0.000000 0.390395 0.390372 0.390352 0.390269 0.390242 0.390154 0.390173 0.390129 0.390133 0.390126 0.390112 0.390136 0.390192 0.390229 0.390273 0.390288 0.390326 0.000000 0.000000
0.000000 0.000000 0.400690 0.400644 0.400591 0.400551 0.400505 0.400395 0.400393 0.400388 0.400400 0.400361 0.400380 0.400373 0.400474 0.400532 0.400555 0.400569 0.400645 0.000000 0.000000
0.000000 0.000000 0.412355 0.412312 0.412299 0.412217 0.412161 0.411868 0.411862 0.411843 0.411739 0.411803 0.411809 0.411834 0.412054 0.412104 0.412212 0.412216 0.412234 0.000000 0.000000
0.000000 0.000000 0.426889 0.426869 0.426773 0.426715 0.426301 0.426451 0.426362 0.426361 0.426417 0.426359 0.426349 0.426305 0.426169 0.426627 0.426642 0.426748 0.426811 0.000000 0.000000
0.000000 0.000000 0.443441 0.443391 0.443309 0.442771 0.443007 0.442668 0.442594 0.442558 0.442434 0.442395 0.442457 0.442460 0.442762 0.442535 0.443237 0.443069 0.443042 0.000000 0.000000
0.000000 0.000000 0.458191 0.458162 0.457577 0.457897 0.457786 0.457819 0.458079 0.458010 0.458151 0.458128 0.458015 0.458154 0.458067 0.458170 0.457490 0.458390 0.458377 0.000000 0.000000
0.000000 0.000000 0.471070 0.470600 0.470746 0.470539 0.470296 0.470217 0.470065 0.470100 0.469940 0.469959 0.470051 0.469955 0.470085 0.470267 0.470708 0.470370 0.470859 0.000000 0.000000
0.000000 0.000000 0.475864 0.476015 0.476297 0.476233 0.476181 0.475914 0.475921 0.475857 0.475935 0.475916 0.475920 0.475935 0.476169 0.476211 0.476317 0.476037 0.475889 0.000000 0.000000
0.000000 0.000000 0.350000 0.350000 0.350000 0.350000 0.350000 0.350000 0.350000 0.350000 0.350000 0.350000 0.350000 0.350000 0.350000 0.350000 0.350000 0.350000 0.350000 0.000000 0.000000
0.000000 0.000000 0.000000 0.000000 0.000000 0.000000 0.000000 0.000000 0.000000 0.000000 0.000000 0.000000 0.000000 0.000000 0.000000 0.000000 0.000000 0.000000 0.000000 0.000000 0.000000