geotop/1.0zi/1.0Montebello/Templates/testdem/maps/_Eocsilt5175.asc
ncols         21
nrows         20
xllcorner     100.000000
yllcorner     100.000000
cellsize      50.000000
NODATA_value  -9999.0
0.000000 0.000000 0.000000 0.000000 0.000000 0.000000 0.000000 0.000000 0.000000 0.000000 0.000000 0.000000 0.000000 0.000000 0.000000 0.000000 0.000000 0.000000 0.000000 0.000000 0.000000
0.000000 0.000000 0.350104 0.350104 0.350105 0.350105 0.350104 0.350105 0.350105 0.350105 0.350105 0.350105 0.350104 0.350104 0.350104 0.350105 0.350105 0.350104 0.350104 0.000000 0.000000
0.000000 0.000000 0.350002 0.350002 0.350002 0.350003 0.350003 0.350003 0.350003 0.350003 0.350003 0.350003 0.350003 0.350003 0.350003 0.350002 0.350001 0.350001 0.350001 0.000000 0.000000
0.000000 0.000000 0.350037 0.350036 0.350036 0.350031 0.350033 0.350031 0.350033 0.350033 0.350033 0.350032 0.350032 0.350031 0.350033 0.350036 0.350036 0.350038 0.350037 0.000000 0.000000
0.000000 0.000000 0.350429 0.350433 0.350432 0.350428 0.350425 0.350422 0.350420 0.350418 0.350416 0.350419 0.350419 0.350419 0.350424 0.350425 0.350426 0.350433 0.350437 0.000000 0.000000
0.000000 0.000000 0.351718 0.351720 0.351717 0.351704 0.351697 0.351681 0.351679 0.351674 0.351678 0.351681 0.351685 0.351683 0.351688 0.351693 0.351701 0.351705 0.351709 0.000000 0.000000
0.000000 0.000000 0.353724 0.353722 0.353717 0.353701 0.353683 0.353664 0.353665 0.353662 0.353665 0.353665 0.353662 0.353666 0.353680 0.353696 0.353703 0.353711 0.353717 0.000000 0.000000
0.000000 0.000000 0.356143 0.356143 0.356143 0.356128 0.356109 0.356089 0.356089 0.356086 0.356087 0.356087 0.356086 0.356089 0.356105 0.356122 0.356137 0.356138 0.356147 0.000000 0.000000
0.000000 0.000000 0.358679 0.358675 0.358668 0.358659 0.358640 0.358616 0.358617 0.358612 0.358610 0.358612 0.358612 0.358611 0.358634 0.358652 0.358665 0.358668 0.358677 0.000000 0.000000
0.000000 0.000000 0.361198 0.361193 0.361190 0.361185 0.361159 0.361139 0.361141 0.361137 0.361134 0.361138 0.361141 0.361139 0.361156 0.361176 0.361189 0.361190 0.361196 0.000000 0.000000
0.000000 0.000000 0.363762 0.363759 0.363758 0.363741 0.363724 0.363701 0.363707 0.363694 0.363695 0.363696 0.363695 0.363701 0.363714 0.363728 0.363741 0.363748 0.363759 0.000000 0.000000
0.000000 0.000000 0.366433 0.366427 0.366420 0.366409 0.366393 0.366366 0.366368 0.366359 0.366367 0.366361 0.366362 0.366365 0.366391 0.366402 0.366411 0.366415 0.366444 0.000000 0.000000
0.000000 0.000000 0.369149 0.369143 0.369141 0.369127 0.369114 0.369059 0.369060 0.369053 0.369043 0.369048 0.369054 0.369059 0.369098 0.369109 0.369129 0.369131 0.369153 0.000000 0.000000
0.000000 0.000000 0.372062 0.372057 0.372050 0.372043 0.371987 0.371976 0.371964 0.371962 0.371957 0.371959 0.371962 0.371959 0.371966 0.372017 0.372035 0.372049 0.372070 0.000000 0.000000
0.000000 0.000000 0.375228 0.375224 0.375211 0.375159 0.375141 0.375111 0.375090 0.375086 0.375076 0.375070 0.375077 0.375072 0.375094 0.375123 0.375199 0.375195 0.375207 0.000000 0.000000
0.000000 0.000000 0.378548 0.378543 0.378477 0.378461 0.378455 0.378437 0.378447 0.378439 0.378444 0.378435 0.378429 0.378442 0.378454 0.378464 0.378464 0.378550 0.378554 0.000000 0.000000
0.000000 0.000000 0.382276 0.382188 0.382149 0.382121 0.382080 0.382060 0.382055 0.382053 0.382035 0.382030 0.382037 0.382036 0.382059 0.382093 0.382140 0.382174 0.382262 0.000000 0.000000
0.000000 0.000000 0.385113 0.385103 0.385177 0.385151 0.385118 0.385038 0.385035 0.385016 0.385026 0.385020 0.385027 0.385028 0.385105 0.385129 0.385188 0.385113 0.385128 0.000000 0.000000
0.000000 0.000000 0.350000 0.350000 0.350000 0.350000 0.350000 0.350000 0.350000 0.350000 0.350000 0.350000 0.350000 0.350000 0.350000 0.350000 0.350000 0.350000 0.350000 0.000000 0.000000
0.000000 0.000000 0.000000 0.000000 0.000000 0.000000 0.000000 0.000000 0.000000 0.000000 0.000000 0.000000 0.000000 0.000000 0.000000 0.000000 0.000000 0.000000 0.000000 0.000000 0.000000