geotop/1.0zi/1.0Montebello/Templates/testdem/maps/_Eocclay0257.asc
ncols         21
nrows         20
xllcorner     100.000000
yllcorner     100.000000
cellsize      50.000000
NODATA_value  -9999.0
0.000000 0.000000 0.000000 0.000000 0.000000 0.000000 0.000000 0.000000 0.000000 0.000000 0.000000 0.000000 0.000000 0.000000 0.000000 0.000000 0.000000 0.000000 0.000000 0.000000 0.000000
0.000000 0.000000 0.349982 0.349982 0.349982 0.349982 0.349982 0.349982 0.349982 0.349982 0.349982 0.349982 0.349982 0.349982 0.349982 0.349982 0.349982 0.349982 0.349982 0.000000 0.000000
0.000000 0.000000 0.350001 0.350000 0.350000 0.350000 0.350001 0.350001 0.350001 0.350001 0.350001 0.350001 0.350001 0.350001 0.350001 0.350000 0.350000 0.350000 0.350001 0.000000 0.000000
0.000000 0.000000 0.350233 0.350233 0.350231 0.350233 0.350233 0.350233 0.350233 0.350233 0.350233 0.350233 0.350233 0.350233 0.350233 0.350233 0.350231 0.350233 0.350233 0.000000 0.000000
0.000000 0.000000 0.350803 0.350803 0.350801 0.350803 0.350803 0.350803 0.350803 0.350803 0.350803 0.350803 0.350803 0.350803 0.350803 0.350803 0.350801 0.350803 0.350803 0.000000 0.000000
0.000000 0.000000 0.351322 0.351322 0.351320 0.351322 0.351322 0.351322 0.351322 0.351322 0.351322 0.351322 0.351322 0.351322 0.351322 0.351322 0.351320 0.351322 0.351322 0.000000 0.000000
0.000000 0.000000 0.351790 0.351790 0.351788 0.351790 0.351790 0.351790 0.351790 0.351790 0.351790 0.351790 0.351790 0.351790 0.351790 0.351790 0.351788 0.351790 0.351790 0.000000 0.000000
0.000000 0.000000 0.352217 0.352217 0.352216 0.352217 0.352217 0.352217 0.352217 0.352217 0.352217 0.352217 0.352217 0.352217 0.352217 0.352217 0.352216 0.352217 0.352217 0.000000 0.000000
0.000000 0.000000 0.352617 0.352617 0.352615 0.352617 0.352617 0.352617 0.352617 0.352617 0.352617 0.352617 0.352617 0.352617 0.352617 0.352617 0.352615 0.352617 0.352617 0.000000 0.000000
0.000000 0.000000 0.353000 0.353000 0.352999 0.353000 0.353000 0.353000 0.353000 0.353000 0.353000 0.353000 0.353000 0.353000 0.353000 0.353000 0.352999 0.353000 0.353000 0.000000 0.000000
0.000000 0.000000 0.353371 0.353370 0.353369 0.353370 0.353371 0.353371 0.353371 0.353371 0.353371 0.353371 0.353371 0.353371 0.353371 0.353370 0.353369 0.353370 0.353371 0.000000 0.000000
0.000000 0.000000 0.353731 0.353731 0.353730 0.353731 0.353731 0.353731 0.353731 0.353731 0.353731 0.353731 0.353731 0.353731 0.353731 0.353731 0.353730 0.353731 0.353731 0.000000 0.000000
0.000000 0.000000 0.354085 0.354084 0.354083 0.354084 0.354084 0.354085 0.354085 0.354085 0.354085 0.354085 0.354085 0.354085 0.354084 0.354084 0.354083 0.354084 0.354085 0.000000 0.000000
0.000000 0.000000 0.354430 0.354430 0.354429 0.354430 0.354430 0.354430 0.354430 0.354430 0.354430 0.354430 0.354430 0.354430 0.354430 0.354430 0.354429 0.354430 0.354430 0.000000 0.000000
0.000000 0.000000 0.354770 0.354770 0.354769 0.354770 0.354770 0.354770 0.354770 0.354770 0.354770 0.354770 0.354770 0.354770 0.354770 0.354770 0.354769 0.354770 0.354770 0.000000 0.000000
0.000000 0.000000 0.355108 0.355108 0.355107 0.355108 0.355108 0.355108 0.355108 0.355108 0.355108 0.355108 0.355108 0.355108 0.355108 0.355108 0.355107 0.355108 0.355108 0.000000 0.000000
0.000000 0.000000 0.355440 0.355440 0.355439 0.355440 0.355440 0.355440 0.355440 0.355440 0.355440 0.355440 0.355440 0.355440 0.355440 0.355440 0.355439 0.355440 0.355440 0.000000 0.000000
0.000000 0.000000 0.355792 0.355792 0.355791 0.355792 0.355792 0.355792 0.355792 0.355792 0.355792 0.355792 0.355792 0.355792 0.355792 0.355792 0.355791 0.355792 0.355792 0.000000 0.000000
0.000000 0.000000 0.350000 0.350000 0.350000 0.350000 0.350000 0.350000 0.350000 0.350000 0.350000 0.350000 0.350000 0.350000 0.350000 0.350000 0.350000 0.350000 0.350000 0.000000 0.000000
0.000000 0.000000 0.000000 0.000000 0.000000 0.000000 0.000000 0.000000 0.000000 0.000000 0.000000 0.000000 0.000000 0.000000 0.000000 0.000000 0.000000 0.000000 0.000000 0.000000 0.000000