geotop/1.0zi/1.0Montebello/Templates/testdem/maps/_Eocsand1379.asc
ncols         21
nrows         20
xllcorner     100.000000
yllcorner     100.000000
cellsize      50.000000
NODATA_value  -9999.0
0.000000 0.000000 0.000000 0.000000 0.000000 0.000000 0.000000 0.000000 0.000000 0.000000 0.000000 0.000000 0.000000 0.000000 0.000000 0.000000 0.000000 0.000000 0.000000 0.000000 0.000000
0.000000 0.000000 0.300043 0.300043 0.300043 0.300043 0.300043 0.300043 0.300043 0.300043 0.300043 0.300043 0.300043 0.300043 0.300043 0.300043 0.300043 0.300043 0.300043 0.000000 0.000000
0.000000 0.000000 0.300006 0.300007 0.300007 0.300006 0.300006 0.300006 0.300006 0.300006 0.300006 0.300006 0.300006 0.300006 0.300006 0.300006 0.300007 0.300007 0.300006 0.000000 0.000000
0.000000 0.000000 0.298865 0.298866 0.298871 0.298868 0.298865 0.298865 0.298865 0.298865 0.298865 0.298865 0.298865 0.298865 0.298865 0.298868 0.298871 0.298866 0.298865 0.000000 0.000000
0.000000 0.000000 0.294877 0.294878 0.294883 0.294883 0.294876 0.294878 0.294878 0.294876 0.294876 0.294876 0.294878 0.294878 0.294876 0.294883 0.294883 0.294878 0.294877 0.000000 0.000000
0.000000 0.000000 0.290200 0.290201 0.290205 0.290205 0.290199 0.290201 0.290201 0.290199 0.290200 0.290199 0.290201 0.290201 0.290199 0.290205 0.290205 0.290201 0.290200 0.000000 0.000000
0.000000 0.000000 0.285825 0.285826 0.285830 0.285829 0.285825 0.285826 0.285826 0.285825 0.285825 0.285825 0.285826 0.285826 0.285825 0.285829 0.285830 0.285826 0.285825 0.000000 0.000000
0.000000 0.000000 0.281800 0.281800 0.281804 0.281803 0.281799 0.281800 0.281800 0.281799 0.281799 0.281799 0.281800 0.281800 0.281799 0.281803 0.281804 0.281800 0.281800 0.000000 0.000000
0.000000 0.000000 0.278027 0.278027 0.278030 0.278029 0.278026 0.278027 0.278027 0.278026 0.278026 0.278026 0.278027 0.278027 0.278026 0.278029 0.278030 0.278027 0.278027 0.000000 0.000000
0.000000 0.000000 0.274410 0.274411 0.274414 0.274413 0.274410 0.274411 0.274411 0.274410 0.274410 0.274410 0.274411 0.274411 0.274410 0.274413 0.274414 0.274411 0.274410 0.000000 0.000000
0.000000 0.000000 0.270912 0.270913 0.270916 0.270915 0.270912 0.270913 0.270913 0.270912 0.270912 0.270912 0.270913 0.270913 0.270912 0.270915 0.270916 0.270913 0.270912 0.000000 0.000000
0.000000 0.000000 0.267496 0.267497 0.267500 0.267499 0.267496 0.267497 0.267497 0.267496 0.267496 0.267496 0.267497 0.267497 0.267496 0.267499 0.267500 0.267497 0.267496 0.000000 0.000000
0.000000 0.000000 0.264138 0.264139 0.264142 0.264141 0.264138 0.264139 0.264139 0.264138 0.264138 0.264138 0.264139 0.264139 0.264138 0.264141 0.264142 0.264139 0.264138 0.000000 0.000000
0.000000 0.000000 0.260840 0.260840 0.260843 0.260842 0.260839 0.260840 0.260840 0.260840 0.260840 0.260840 0.260840 0.260840 0.260839 0.260842 0.260843 0.260840 0.260840 0.000000 0.000000
0.000000 0.000000 0.257586 0.257587 0.257590 0.257589 0.257586 0.257587 0.257587 0.257586 0.257586 0.257586 0.257587 0.257587 0.257586 0.257589 0.257590 0.257587 0.257586 0.000000 0.000000
0.000000 0.000000 0.254363 0.254363 0.254366 0.254365 0.254362 0.254363 0.254363 0.254363 0.254363 0.254363 0.254363 0.254363 0.254362 0.254365 0.254366 0.254363 0.254363 0.000000 0.000000
0.000000 0.000000 0.251174 0.251174 0.251177 0.251176 0.251173 0.251174 0.251174 0.251173 0.251174 0.251173 0.251174 0.251174 0.251173 0.251176 0.251177 0.251174 0.251174 0.000000 0.000000
0.000000 0.000000 0.247943 0.247943 0.247946 0.247945 0.247942 0.247943 0.247943 0.247942 0.247942 0.247942 0.247943 0.247943 0.247942 0.247945 0.247946 0.247943 0.247942 0.000000 0.000000
0.000000 0.000000 0.300000 0.300000 0.300000 0.300000 0.300000 0.300000 0.300000 0.300000 0.300000 0.300000 0.300000 0.300000 0.300000 0.300000 0.300000 0.300000 0.300000 0.000000 0.000000
0.000000 0.000000 0.000000 0.000000 0.000000 0.000000 0.000000 0.000000 0.000000 0.000000 0.000000 0.000000 0.000000 0.000000 0.000000 0.000000 0.000000 0.000000 0.000000 0.000000 0.000000