geotop/1.0zi/1.0Montebello/Templates/testdem/maps/_Eocclay5024.asc
ncols         21
nrows         20
xllcorner     100.000000
yllcorner     100.000000
cellsize      50.000000
NODATA_value  -9999.0
0.000000 0.000000 0.000000 0.000000 0.000000 0.000000 0.000000 0.000000 0.000000 0.000000 0.000000 0.000000 0.000000 0.000000 0.000000 0.000000 0.000000 0.000000 0.000000 0.000000 0.000000
0.000000 0.000000 0.349779 0.349779 0.349780 0.349780 0.349780 0.349780 0.349779 0.349780 0.349779 0.349780 0.349780 0.349779 0.349780 0.349780 0.349779 0.349779 0.349779 0.000000 0.000000
0.000000 0.000000 0.349992 0.349992 0.349992 0.349992 0.349991 0.349992 0.349992 0.349992 0.349991 0.349991 0.349992 0.349992 0.349992 0.349992 0.349992 0.349992 0.349992 0.000000 0.000000
0.000000 0.000000 0.349987 0.349989 0.349987 0.349988 0.349990 0.349990 0.349990 0.349988 0.349990 0.349988 0.349988 0.349987 0.349990 0.349991 0.349989 0.349990 0.349989 0.000000 0.000000
0.000000 0.000000 0.350382 0.350381 0.350381 0.350376 0.350367 0.350365 0.350366 0.350367 0.350364 0.350366 0.350363 0.350364 0.350369 0.350368 0.350372 0.350374 0.350377 0.000000 0.000000
0.000000 0.000000 0.351763 0.351766 0.351760 0.351745 0.351740 0.351726 0.351725 0.351721 0.351725 0.351725 0.351728 0.351729 0.351731 0.351741 0.351746 0.351754 0.351759 0.000000 0.000000
0.000000 0.000000 0.353772 0.353770 0.353766 0.353752 0.353735 0.353713 0.353713 0.353709 0.353712 0.353711 0.353714 0.353714 0.353730 0.353748 0.353756 0.353764 0.353771 0.000000 0.000000
0.000000 0.000000 0.356142 0.356139 0.356136 0.356120 0.356102 0.356080 0.356081 0.356078 0.356078 0.356078 0.356076 0.356079 0.356099 0.356116 0.356125 0.356130 0.356137 0.000000 0.000000
0.000000 0.000000 0.358527 0.358524 0.358518 0.358507 0.358490 0.358468 0.358470 0.358466 0.358465 0.358466 0.358465 0.358467 0.358484 0.358504 0.358511 0.358516 0.358524 0.000000 0.000000
0.000000 0.000000 0.360931 0.360926 0.360923 0.360910 0.360890 0.360869 0.360872 0.360869 0.360868 0.360869 0.360867 0.360867 0.360888 0.360908 0.360915 0.360920 0.360927 0.000000 0.000000
0.000000 0.000000 0.363397 0.363392 0.363388 0.363379 0.363363 0.363337 0.363340 0.363335 0.363334 0.363335 0.363333 0.363334 0.363352 0.363367 0.363377 0.363383 0.363391 0.000000 0.000000
0.000000 0.000000 0.365956 0.365952 0.365946 0.365931 0.365915 0.365890 0.365890 0.365887 0.365887 0.365886 0.365885 0.365885 0.365908 0.365926 0.365936 0.365940 0.365966 0.000000 0.000000
0.000000 0.000000 0.368567 0.368562 0.368556 0.368545 0.368525 0.368472 0.368473 0.368469 0.368468 0.368468 0.368466 0.368468 0.368514 0.368535 0.368545 0.368550 0.368565 0.000000 0.000000
0.000000 0.000000 0.371355 0.371345 0.371341 0.371329 0.371272 0.371259 0.371251 0.371248 0.371248 0.371248 0.371245 0.371246 0.371261 0.371315 0.371326 0.371338 0.371347 0.000000 0.000000
0.000000 0.000000 0.374383 0.374375 0.374360 0.374310 0.374284 0.374251 0.374234 0.374229 0.374221 0.374221 0.374223 0.374219 0.374245 0.374281 0.374343 0.374341 0.374349 0.000000 0.000000
0.000000 0.000000 0.377527 0.377520 0.377458 0.377449 0.377431 0.377415 0.377415 0.377414 0.377417 0.377416 0.377408 0.377421 0.377429 0.377443 0.377441 0.377511 0.377526 0.000000 0.000000
0.000000 0.000000 0.381066 0.380982 0.380934 0.380909 0.380865 0.380841 0.380836 0.380833 0.380824 0.380824 0.380826 0.380820 0.380838 0.380888 0.380921 0.380950 0.381033 0.000000 0.000000
0.000000 0.000000 0.383768 0.383756 0.383812 0.383781 0.383745 0.383662 0.383655 0.383648 0.383652 0.383651 0.383646 0.383654 0.383730 0.383768 0.383813 0.383742 0.383768 0.000000 0.000000
0.000000 0.000000 0.350000 0.350000 0.350000 0.350000 0.350000 0.350000 0.350000 0.350000 0.350000 0.350000 0.350000 0.350000 0.350000 0.350000 0.350000 0.350000 0.350000 0.000000 0.000000
0.000000 0.000000 0.000000 0.000000 0.000000 0.000000 0.000000 0.000000 0.000000 0.000000 0.000000 0.000000 0.000000 0.000000 0.000000 0.000000 0.000000 0.000000 0.000000 0.000000 0.000000