geotop/1.0zi/1.0Montebello/Templates/testdem/maps/_Eocsilt6665.asc
ncols         21
nrows         20
xllcorner     100.000000
yllcorner     100.000000
cellsize      50.000000
NODATA_value  -9999.0
0.000000 0.000000 0.000000 0.000000 0.000000 0.000000 0.000000 0.000000 0.000000 0.000000 0.000000 0.000000 0.000000 0.000000 0.000000 0.000000 0.000000 0.000000 0.000000 0.000000 0.000000
0.000000 0.000000 0.350134 0.350135 0.350135 0.350135 0.350135 0.350135 0.350135 0.350135 0.350135 0.350135 0.350135 0.350135 0.350135 0.350135 0.350135 0.350135 0.350134 0.000000 0.000000
0.000000 0.000000 0.350003 0.350002 0.350002 0.350002 0.350003 0.350003 0.350003 0.350003 0.350003 0.350003 0.350003 0.350003 0.350003 0.350002 0.350001 0.350001 0.350002 0.000000 0.000000
0.000000 0.000000 0.350056 0.350053 0.350053 0.350047 0.350048 0.350046 0.350048 0.350049 0.350047 0.350047 0.350047 0.350047 0.350049 0.350052 0.350054 0.350055 0.350056 0.000000 0.000000
0.000000 0.000000 0.350640 0.350646 0.350643 0.350635 0.350632 0.350625 0.350624 0.350622 0.350621 0.350623 0.350624 0.350625 0.350632 0.350636 0.350636 0.350644 0.350648 0.000000 0.000000
0.000000 0.000000 0.352451 0.352454 0.352446 0.352433 0.352420 0.352401 0.352401 0.352396 0.352400 0.352401 0.352402 0.352400 0.352407 0.352416 0.352425 0.352430 0.352436 0.000000 0.000000
0.000000 0.000000 0.355217 0.355214 0.355206 0.355185 0.355159 0.355134 0.355135 0.355132 0.355133 0.355131 0.355129 0.355133 0.355152 0.355174 0.355188 0.355200 0.355207 0.000000 0.000000
0.000000 0.000000 0.358572 0.358573 0.358569 0.358548 0.358523 0.358495 0.358495 0.358492 0.358491 0.358488 0.358487 0.358491 0.358514 0.358537 0.358558 0.358562 0.358573 0.000000 0.000000
0.000000 0.000000 0.362112 0.362106 0.362095 0.362081 0.362056 0.362024 0.362025 0.362018 0.362015 0.362014 0.362016 0.362014 0.362044 0.362072 0.362088 0.362095 0.362105 0.000000 0.000000
0.000000 0.000000 0.365722 0.365716 0.365711 0.365699 0.365664 0.365636 0.365637 0.365633 0.365628 0.365630 0.365635 0.365631 0.365656 0.365686 0.365704 0.365709 0.365716 0.000000 0.000000
0.000000 0.000000 0.369482 0.369478 0.369474 0.369446 0.369424 0.369392 0.369399 0.369381 0.369382 0.369382 0.369377 0.369387 0.369407 0.369426 0.369448 0.369459 0.369475 0.000000 0.000000
0.000000 0.000000 0.373498 0.373488 0.373478 0.373458 0.373435 0.373396 0.373396 0.373388 0.373397 0.373385 0.373388 0.373391 0.373427 0.373447 0.373463 0.373470 0.373508 0.000000 0.000000
0.000000 0.000000 0.377684 0.377674 0.377669 0.377647 0.377627 0.377539 0.377538 0.377532 0.377511 0.377520 0.377526 0.377533 0.377598 0.377618 0.377652 0.377655 0.377681 0.000000 0.000000
0.000000 0.000000 0.382325 0.382321 0.382306 0.382289 0.382197 0.382182 0.382162 0.382161 0.382158 0.382157 0.382156 0.382153 0.382156 0.382254 0.382280 0.382306 0.382333 0.000000 0.000000
0.000000 0.000000 0.387542 0.387536 0.387515 0.387410 0.387388 0.387337 0.387303 0.387298 0.387279 0.387264 0.387277 0.387271 0.387315 0.387349 0.387492 0.387479 0.387493 0.000000 0.000000
0.000000 0.000000 0.393161 0.393154 0.393013 0.393004 0.392997 0.392967 0.393004 0.392985 0.393002 0.392986 0.392969 0.393000 0.393016 0.393027 0.392993 0.393177 0.393180 0.000000 0.000000
0.000000 0.000000 0.399809 0.399606 0.399571 0.399509 0.399409 0.399371 0.399344 0.399346 0.399297 0.399294 0.399318 0.399301 0.399350 0.399428 0.399556 0.399554 0.399763 0.000000 0.000000
0.000000 0.000000 0.404153 0.404222 0.404413 0.404374 0.404326 0.404142 0.404144 0.404100 0.404144 0.404129 0.404136 0.404146 0.404310 0.404348 0.404441 0.404255 0.404198 0.000000 0.000000
0.000000 0.000000 0.350000 0.350000 0.350000 0.350000 0.350000 0.350000 0.350000 0.350000 0.350000 0.350000 0.350000 0.350000 0.350000 0.350000 0.350000 0.350000 0.350000 0.000000 0.000000
0.000000 0.000000 0.000000 0.000000 0.000000 0.000000 0.000000 0.000000 0.000000 0.000000 0.000000 0.000000 0.000000 0.000000 0.000000 0.000000 0.000000 0.000000 0.000000 0.000000 0.000000