geotop/1.0zi/1.0Montebello/Templates/testdem/maps/_Eocsilt2767.asc
ncols         21
nrows         20
xllcorner     100.000000
yllcorner     100.000000
cellsize      50.000000
NODATA_value  -9999.0
0.000000 0.000000 0.000000 0.000000 0.000000 0.000000 0.000000 0.000000 0.000000 0.000000 0.000000 0.000000 0.000000 0.000000 0.000000 0.000000 0.000000 0.000000 0.000000 0.000000 0.000000
0.000000 0.000000 0.350067 0.350067 0.350067 0.350067 0.350067 0.350067 0.350067 0.350067 0.350066 0.350067 0.350067 0.350067 0.350067 0.350067 0.350067 0.350067 0.350067 0.000000 0.000000
0.000000 0.000000 0.349998 0.349998 0.349998 0.349999 0.349998 0.349998 0.349998 0.349998 0.349999 0.349998 0.349998 0.349998 0.349998 0.349999 0.349998 0.349998 0.349998 0.000000 0.000000
0.000000 0.000000 0.350917 0.350916 0.350914 0.350915 0.350917 0.350917 0.350917 0.350917 0.350917 0.350917 0.350917 0.350917 0.350917 0.350915 0.350914 0.350916 0.350917 0.000000 0.000000
0.000000 0.000000 0.354568 0.354568 0.354566 0.354566 0.354569 0.354568 0.354568 0.354569 0.354569 0.354569 0.354568 0.354568 0.354569 0.354566 0.354566 0.354568 0.354568 0.000000 0.000000
0.000000 0.000000 0.359294 0.359294 0.359292 0.359292 0.359295 0.359294 0.359294 0.359295 0.359295 0.359295 0.359294 0.359294 0.359295 0.359292 0.359292 0.359294 0.359294 0.000000 0.000000
0.000000 0.000000 0.363619 0.363619 0.363617 0.363618 0.363619 0.363619 0.363619 0.363620 0.363620 0.363620 0.363619 0.363619 0.363619 0.363618 0.363617 0.363619 0.363619 0.000000 0.000000
0.000000 0.000000 0.367555 0.367554 0.367553 0.367553 0.367555 0.367554 0.367555 0.367555 0.367556 0.367555 0.367555 0.367554 0.367555 0.367553 0.367553 0.367554 0.367555 0.000000 0.000000
0.000000 0.000000 0.371210 0.371210 0.371208 0.371209 0.371210 0.371210 0.371210 0.371210 0.371211 0.371210 0.371210 0.371210 0.371210 0.371209 0.371208 0.371210 0.371210 0.000000 0.000000
0.000000 0.000000 0.374669 0.374669 0.374668 0.374668 0.374670 0.374669 0.374669 0.374670 0.374670 0.374670 0.374669 0.374669 0.374670 0.374668 0.374668 0.374669 0.374669 0.000000 0.000000
0.000000 0.000000 0.377976 0.377976 0.377975 0.377975 0.377977 0.377976 0.377976 0.377977 0.377977 0.377977 0.377976 0.377976 0.377977 0.377975 0.377975 0.377976 0.377976 0.000000 0.000000
0.000000 0.000000 0.381163 0.381162 0.381161 0.381162 0.381163 0.381162 0.381162 0.381163 0.381163 0.381163 0.381162 0.381162 0.381163 0.381162 0.381161 0.381162 0.381163 0.000000 0.000000
0.000000 0.000000 0.384251 0.384251 0.384250 0.384250 0.384251 0.384251 0.384251 0.384252 0.384252 0.384252 0.384251 0.384251 0.384251 0.384250 0.384250 0.384251 0.384251 0.000000 0.000000
0.000000 0.000000 0.387259 0.387258 0.387257 0.387258 0.387259 0.387258 0.387258 0.387259 0.387259 0.387259 0.387258 0.387258 0.387259 0.387258 0.387257 0.387258 0.387259 0.000000 0.000000
0.000000 0.000000 0.390193 0.390193 0.390191 0.390192 0.390193 0.390193 0.390193 0.390193 0.390193 0.390193 0.390193 0.390193 0.390193 0.390192 0.390191 0.390193 0.390193 0.000000 0.000000
0.000000 0.000000 0.393061 0.393060 0.393059 0.393060 0.393061 0.393060 0.393060 0.393061 0.393061 0.393061 0.393060 0.393060 0.393061 0.393060 0.393059 0.393060 0.393061 0.000000 0.000000
0.000000 0.000000 0.395867 0.395866 0.395865 0.395866 0.395867 0.395866 0.395866 0.395867 0.395867 0.395867 0.395866 0.395866 0.395867 0.395866 0.395865 0.395866 0.395867 0.000000 0.000000
0.000000 0.000000 0.398650 0.398650 0.398649 0.398649 0.398650 0.398650 0.398650 0.398650 0.398651 0.398650 0.398650 0.398650 0.398650 0.398649 0.398649 0.398650 0.398650 0.000000 0.000000
0.000000 0.000000 0.350000 0.350000 0.350000 0.350000 0.350000 0.350000 0.350000 0.350000 0.350000 0.350000 0.350000 0.350000 0.350000 0.350000 0.350000 0.350000 0.350000 0.000000 0.000000
0.000000 0.000000 0.000000 0.000000 0.000000 0.000000 0.000000 0.000000 0.000000 0.000000 0.000000 0.000000 0.000000 0.000000 0.000000 0.000000 0.000000 0.000000 0.000000 0.000000 0.000000