geotop/1.0zi/1.0Montebello/Templates/testdem/maps/_Eocsilt7808.asc
ncols         21
nrows         20
xllcorner     100.000000
yllcorner     100.000000
cellsize      50.000000
NODATA_value  -9999.0
0.000000 0.000000 0.000000 0.000000 0.000000 0.000000 0.000000 0.000000 0.000000 0.000000 0.000000 0.000000 0.000000 0.000000 0.000000 0.000000 0.000000 0.000000 0.000000 0.000000 0.000000
0.000000 0.000000 0.350161 0.350161 0.350162 0.350162 0.350161 0.350162 0.350162 0.350161 0.350162 0.350161 0.350161 0.350161 0.350161 0.350161 0.350162 0.350162 0.350161 0.000000 0.000000
0.000000 0.000000 0.350005 0.350005 0.350004 0.350004 0.350005 0.350005 0.350005 0.350005 0.350005 0.350005 0.350006 0.350006 0.350005 0.350004 0.350003 0.350003 0.350004 0.000000 0.000000
0.000000 0.000000 0.350103 0.350099 0.350098 0.350091 0.350092 0.350087 0.350090 0.350090 0.350087 0.350089 0.350089 0.350089 0.350092 0.350095 0.350099 0.350099 0.350100 0.000000 0.000000
0.000000 0.000000 0.350987 0.350993 0.350989 0.350978 0.350972 0.350965 0.350961 0.350959 0.350959 0.350959 0.350960 0.350962 0.350976 0.350980 0.350983 0.350993 0.350996 0.000000 0.000000
0.000000 0.000000 0.353516 0.353516 0.353506 0.353490 0.353471 0.353450 0.353449 0.353443 0.353447 0.353447 0.353449 0.353448 0.353460 0.353472 0.353484 0.353492 0.353497 0.000000 0.000000
0.000000 0.000000 0.357149 0.357145 0.357134 0.357108 0.357077 0.357044 0.357044 0.357040 0.357041 0.357040 0.357037 0.357042 0.357071 0.357097 0.357114 0.357129 0.357136 0.000000 0.000000
0.000000 0.000000 0.361463 0.361461 0.361455 0.361428 0.361398 0.361361 0.361361 0.361357 0.361356 0.361353 0.361351 0.361357 0.361389 0.361416 0.361442 0.361448 0.361460 0.000000 0.000000
0.000000 0.000000 0.366086 0.366077 0.366062 0.366044 0.366012 0.365970 0.365972 0.365963 0.365961 0.365959 0.365960 0.365959 0.366000 0.366033 0.366053 0.366064 0.366074 0.000000 0.000000
0.000000 0.000000 0.370920 0.370911 0.370903 0.370885 0.370841 0.370803 0.370804 0.370799 0.370793 0.370796 0.370801 0.370799 0.370833 0.370871 0.370894 0.370901 0.370909 0.000000 0.000000
0.000000 0.000000 0.376104 0.376097 0.376089 0.376050 0.376019 0.375977 0.375986 0.375962 0.375965 0.375964 0.375956 0.375971 0.376002 0.376025 0.376054 0.376070 0.376089 0.000000 0.000000
0.000000 0.000000 0.381808 0.381792 0.381774 0.381749 0.381715 0.381661 0.381658 0.381651 0.381663 0.381645 0.381650 0.381654 0.381709 0.381737 0.381757 0.381768 0.381817 0.000000 0.000000
0.000000 0.000000 0.387916 0.387900 0.387893 0.387858 0.387828 0.387693 0.387692 0.387683 0.387648 0.387665 0.387673 0.387686 0.387789 0.387817 0.387868 0.387875 0.387900 0.000000 0.000000
0.000000 0.000000 0.394977 0.394971 0.394943 0.394918 0.394756 0.394760 0.394726 0.394725 0.394732 0.394724 0.394720 0.394714 0.394705 0.394874 0.394904 0.394949 0.394983 0.000000 0.000000
0.000000 0.000000 0.403207 0.403191 0.403156 0.402955 0.402959 0.402859 0.402811 0.402799 0.402766 0.402741 0.402763 0.402758 0.402855 0.402864 0.403130 0.403094 0.403102 0.000000 0.000000
0.000000 0.000000 0.412224 0.412209 0.411922 0.411978 0.411959 0.411923 0.412023 0.411988 0.412039 0.412016 0.411972 0.412043 0.412058 0.412074 0.411895 0.412298 0.412293 0.000000 0.000000
0.000000 0.000000 0.423370 0.422919 0.422974 0.422813 0.422587 0.422521 0.422413 0.422437 0.422310 0.422318 0.422388 0.422324 0.422436 0.422602 0.422955 0.422767 0.423232 0.000000 0.000000
0.000000 0.000000 0.428299 0.428674 0.429076 0.429060 0.429053 0.428672 0.428720 0.428613 0.428774 0.428739 0.428721 0.428774 0.429099 0.429103 0.429147 0.428814 0.428448 0.000000 0.000000
0.000000 0.000000 0.350000 0.350000 0.350000 0.350000 0.350000 0.350000 0.350000 0.350000 0.350000 0.350000 0.350000 0.350000 0.350000 0.350000 0.350000 0.350000 0.350000 0.000000 0.000000
0.000000 0.000000 0.000000 0.000000 0.000000 0.000000 0.000000 0.000000 0.000000 0.000000 0.000000 0.000000 0.000000 0.000000 0.000000 0.000000 0.000000 0.000000 0.000000 0.000000 0.000000