geotop/1.0zi/1.0Montebello/Templates/testdem/maps/_Eocclay1905.asc
ncols         21
nrows         20
xllcorner     100.000000
yllcorner     100.000000
cellsize      50.000000
NODATA_value  -9999.0
0.000000 0.000000 0.000000 0.000000 0.000000 0.000000 0.000000 0.000000 0.000000 0.000000 0.000000 0.000000 0.000000 0.000000 0.000000 0.000000 0.000000 0.000000 0.000000 0.000000 0.000000
0.000000 0.000000 0.349900 0.349900 0.349900 0.349900 0.349900 0.349900 0.349900 0.349900 0.349900 0.349900 0.349900 0.349900 0.349900 0.349900 0.349900 0.349900 0.349900 0.000000 0.000000
0.000000 0.000000 0.349994 0.349994 0.349993 0.349994 0.349994 0.349994 0.349994 0.349994 0.349994 0.349994 0.349994 0.349994 0.349994 0.349994 0.349993 0.349994 0.349994 0.000000 0.000000
0.000000 0.000000 0.350659 0.350659 0.350657 0.350658 0.350659 0.350659 0.350659 0.350659 0.350659 0.350659 0.350659 0.350659 0.350659 0.350658 0.350657 0.350659 0.350659 0.000000 0.000000
0.000000 0.000000 0.353424 0.353423 0.353421 0.353421 0.353425 0.353423 0.353424 0.353425 0.353425 0.353425 0.353424 0.353423 0.353425 0.353421 0.353421 0.353423 0.353424 0.000000 0.000000
0.000000 0.000000 0.356591 0.356590 0.356588 0.356588 0.356591 0.356590 0.356590 0.356591 0.356591 0.356591 0.356590 0.356590 0.356591 0.356588 0.356588 0.356590 0.356591 0.000000 0.000000
0.000000 0.000000 0.359587 0.359587 0.359585 0.359586 0.359588 0.359587 0.359587 0.359588 0.359588 0.359588 0.359587 0.359587 0.359588 0.359586 0.359585 0.359587 0.359587 0.000000 0.000000
0.000000 0.000000 0.362346 0.362346 0.362344 0.362344 0.362346 0.362346 0.362346 0.362346 0.362347 0.362346 0.362346 0.362346 0.362346 0.362344 0.362344 0.362346 0.362346 0.000000 0.000000
0.000000 0.000000 0.364928 0.364928 0.364927 0.364927 0.364929 0.364928 0.364928 0.364929 0.364929 0.364929 0.364928 0.364928 0.364929 0.364927 0.364927 0.364928 0.364928 0.000000 0.000000
0.000000 0.000000 0.367397 0.367397 0.367396 0.367396 0.367397 0.367397 0.367397 0.367398 0.367398 0.367398 0.367397 0.367397 0.367397 0.367396 0.367396 0.367397 0.367397 0.000000 0.000000
0.000000 0.000000 0.369779 0.369779 0.369777 0.369778 0.369779 0.369779 0.369779 0.369779 0.369780 0.369779 0.369779 0.369779 0.369779 0.369778 0.369777 0.369779 0.369779 0.000000 0.000000
0.000000 0.000000 0.372096 0.372095 0.372094 0.372094 0.372096 0.372095 0.372096 0.372096 0.372096 0.372096 0.372096 0.372095 0.372096 0.372094 0.372094 0.372095 0.372096 0.000000 0.000000
0.000000 0.000000 0.374363 0.374363 0.374362 0.374362 0.374363 0.374363 0.374363 0.374364 0.374364 0.374364 0.374363 0.374363 0.374363 0.374362 0.374362 0.374363 0.374363 0.000000 0.000000
0.000000 0.000000 0.376585 0.376585 0.376584 0.376584 0.376585 0.376585 0.376585 0.376586 0.376586 0.376586 0.376585 0.376585 0.376585 0.376584 0.376584 0.376585 0.376585 0.000000 0.000000
0.000000 0.000000 0.378772 0.378772 0.378771 0.378771 0.378773 0.378772 0.378772 0.378773 0.378773 0.378773 0.378772 0.378772 0.378773 0.378771 0.378771 0.378772 0.378772 0.000000 0.000000
0.000000 0.000000 0.380931 0.380931 0.380930 0.380930 0.380932 0.380931 0.380931 0.380932 0.380932 0.380932 0.380931 0.380931 0.380932 0.380930 0.380930 0.380931 0.380931 0.000000 0.000000
0.000000 0.000000 0.383061 0.383060 0.383059 0.383060 0.383061 0.383061 0.383061 0.383061 0.383061 0.383061 0.383061 0.383061 0.383061 0.383060 0.383059 0.383060 0.383061 0.000000 0.000000
0.000000 0.000000 0.385200 0.385200 0.385199 0.385200 0.385201 0.385201 0.385201 0.385201 0.385201 0.385201 0.385201 0.385201 0.385201 0.385200 0.385199 0.385200 0.385201 0.000000 0.000000
0.000000 0.000000 0.350000 0.350000 0.350000 0.350000 0.350000 0.350000 0.350000 0.350000 0.350000 0.350000 0.350000 0.350000 0.350000 0.350000 0.350000 0.350000 0.350000 0.000000 0.000000
0.000000 0.000000 0.000000 0.000000 0.000000 0.000000 0.000000 0.000000 0.000000 0.000000 0.000000 0.000000 0.000000 0.000000 0.000000 0.000000 0.000000 0.000000 0.000000 0.000000 0.000000