geotop/1.0zi/1.0Montebello/Templates/testdem/maps/_Eocclay3958.asc
ncols         21
nrows         20
xllcorner     100.000000
yllcorner     100.000000
cellsize      50.000000
NODATA_value  -9999.0
0.000000 0.000000 0.000000 0.000000 0.000000 0.000000 0.000000 0.000000 0.000000 0.000000 0.000000 0.000000 0.000000 0.000000 0.000000 0.000000 0.000000 0.000000 0.000000 0.000000 0.000000
0.000000 0.000000 0.349820 0.349821 0.349821 0.349821 0.349821 0.349821 0.349821 0.349821 0.349821 0.349821 0.349821 0.349821 0.349821 0.349821 0.349820 0.349820 0.349820 0.000000 0.000000
0.000000 0.000000 0.349994 0.349994 0.349994 0.349994 0.349994 0.349994 0.349994 0.349994 0.349994 0.349993 0.349994 0.349994 0.349994 0.349994 0.349994 0.349994 0.349994 0.000000 0.000000
0.000000 0.000000 0.349995 0.349996 0.349994 0.349995 0.349996 0.349997 0.349997 0.349996 0.349997 0.349996 0.349995 0.349994 0.349996 0.349997 0.349996 0.349996 0.349995 0.000000 0.000000
0.000000 0.000000 0.350336 0.350338 0.350337 0.350334 0.350327 0.350323 0.350323 0.350322 0.350323 0.350324 0.350322 0.350323 0.350330 0.350330 0.350331 0.350330 0.350333 0.000000 0.000000
0.000000 0.000000 0.351466 0.351468 0.351464 0.351456 0.351451 0.351443 0.351443 0.351438 0.351442 0.351442 0.351443 0.351445 0.351443 0.351449 0.351453 0.351457 0.351461 0.000000 0.000000
0.000000 0.000000 0.353121 0.353118 0.353113 0.353102 0.353087 0.353066 0.353066 0.353062 0.353066 0.353065 0.353068 0.353071 0.353088 0.353104 0.353109 0.353111 0.353115 0.000000 0.000000
0.000000 0.000000 0.354982 0.354981 0.354976 0.354960 0.354945 0.354927 0.354928 0.354925 0.354927 0.354925 0.354924 0.354927 0.354947 0.354962 0.354968 0.354970 0.354976 0.000000 0.000000
0.000000 0.000000 0.356837 0.356835 0.356827 0.356815 0.356800 0.356779 0.356780 0.356776 0.356777 0.356777 0.356777 0.356781 0.356800 0.356817 0.356823 0.356824 0.356831 0.000000 0.000000
0.000000 0.000000 0.358683 0.358680 0.358674 0.358661 0.358642 0.358623 0.358625 0.358622 0.358623 0.358623 0.358622 0.358625 0.358646 0.358663 0.358669 0.358671 0.358676 0.000000 0.000000
0.000000 0.000000 0.360556 0.360553 0.360546 0.360536 0.360521 0.360498 0.360500 0.360495 0.360496 0.360497 0.360496 0.360499 0.360518 0.360530 0.360538 0.360541 0.360547 0.000000 0.000000
0.000000 0.000000 0.362484 0.362481 0.362473 0.362458 0.362443 0.362421 0.362420 0.362417 0.362418 0.362417 0.362417 0.362420 0.362443 0.362458 0.362465 0.362467 0.362489 0.000000 0.000000
0.000000 0.000000 0.364425 0.364422 0.364414 0.364402 0.364383 0.364341 0.364341 0.364337 0.364338 0.364338 0.364338 0.364342 0.364380 0.364398 0.364405 0.364408 0.364421 0.000000 0.000000
0.000000 0.000000 0.366467 0.366461 0.366454 0.366442 0.366399 0.366385 0.366378 0.366375 0.366376 0.366376 0.366375 0.366379 0.366395 0.366435 0.366443 0.366450 0.366458 0.000000 0.000000
0.000000 0.000000 0.368654 0.368649 0.368634 0.368598 0.368574 0.368547 0.368534 0.368529 0.368524 0.368523 0.368527 0.368526 0.368549 0.368579 0.368620 0.368618 0.368624 0.000000 0.000000
0.000000 0.000000 0.370897 0.370891 0.370847 0.370836 0.370821 0.370805 0.370802 0.370800 0.370803 0.370802 0.370798 0.370809 0.370819 0.370833 0.370834 0.370876 0.370887 0.000000 0.000000
0.000000 0.000000 0.373366 0.373315 0.373274 0.373256 0.373225 0.373208 0.373203 0.373201 0.373196 0.373196 0.373198 0.373198 0.373212 0.373245 0.373264 0.373287 0.373339 0.000000 0.000000
0.000000 0.000000 0.375323 0.375309 0.375335 0.375312 0.375283 0.375229 0.375224 0.375218 0.375220 0.375219 0.375219 0.375225 0.375274 0.375305 0.375336 0.375290 0.375314 0.000000 0.000000
0.000000 0.000000 0.350000 0.350000 0.350000 0.350000 0.350000 0.350000 0.350000 0.350000 0.350000 0.350000 0.350000 0.350000 0.350000 0.350000 0.350000 0.350000 0.350000 0.000000 0.000000
0.000000 0.000000 0.000000 0.000000 0.000000 0.000000 0.000000 0.000000 0.000000 0.000000 0.000000 0.000000 0.000000 0.000000 0.000000 0.000000 0.000000 0.000000 0.000000 0.000000 0.000000