geotop/1.0zi/1.0Montebello/Templates/testdem/maps/_Eocclay1832.asc
ncols         21
nrows         20
xllcorner     100.000000
yllcorner     100.000000
cellsize      50.000000
NODATA_value  -9999.0
0.000000 0.000000 0.000000 0.000000 0.000000 0.000000 0.000000 0.000000 0.000000 0.000000 0.000000 0.000000 0.000000 0.000000 0.000000 0.000000 0.000000 0.000000 0.000000 0.000000 0.000000
0.000000 0.000000 0.349905 0.349905 0.349905 0.349905 0.349905 0.349905 0.349905 0.349905 0.349905 0.349905 0.349905 0.349905 0.349905 0.349905 0.349905 0.349905 0.349905 0.000000 0.000000
0.000000 0.000000 0.349993 0.349993 0.349993 0.349993 0.349993 0.349993 0.349993 0.349993 0.349993 0.349993 0.349993 0.349993 0.349993 0.349993 0.349993 0.349993 0.349993 0.000000 0.000000
0.000000 0.000000 0.350650 0.350650 0.350648 0.350649 0.350650 0.350650 0.350650 0.350650 0.350650 0.350650 0.350650 0.350650 0.350650 0.350649 0.350648 0.350650 0.350650 0.000000 0.000000
0.000000 0.000000 0.353350 0.353349 0.353347 0.353348 0.353351 0.353350 0.353350 0.353351 0.353351 0.353351 0.353350 0.353350 0.353351 0.353348 0.353347 0.353349 0.353350 0.000000 0.000000
0.000000 0.000000 0.356407 0.356406 0.356405 0.356405 0.356408 0.356407 0.356407 0.356408 0.356408 0.356408 0.356407 0.356407 0.356408 0.356405 0.356405 0.356406 0.356407 0.000000 0.000000
0.000000 0.000000 0.359298 0.359298 0.359297 0.359297 0.359299 0.359299 0.359299 0.359299 0.359299 0.359299 0.359299 0.359299 0.359299 0.359297 0.359297 0.359298 0.359298 0.000000 0.000000
0.000000 0.000000 0.361961 0.361960 0.361959 0.361959 0.361961 0.361961 0.361961 0.361961 0.361961 0.361961 0.361961 0.361961 0.361961 0.361959 0.361959 0.361960 0.361961 0.000000 0.000000
0.000000 0.000000 0.364454 0.364453 0.364452 0.364452 0.364454 0.364454 0.364454 0.364454 0.364454 0.364454 0.364454 0.364454 0.364454 0.364452 0.364452 0.364453 0.364454 0.000000 0.000000
0.000000 0.000000 0.366838 0.366838 0.366836 0.366837 0.366838 0.366838 0.366838 0.366838 0.366839 0.366838 0.366838 0.366838 0.366838 0.366837 0.366836 0.366838 0.366838 0.000000 0.000000
0.000000 0.000000 0.369139 0.369138 0.369137 0.369138 0.369139 0.369139 0.369139 0.369139 0.369139 0.369139 0.369139 0.369139 0.369139 0.369138 0.369137 0.369138 0.369139 0.000000 0.000000
0.000000 0.000000 0.371377 0.371377 0.371376 0.371376 0.371378 0.371377 0.371377 0.371378 0.371378 0.371378 0.371377 0.371377 0.371378 0.371376 0.371376 0.371377 0.371377 0.000000 0.000000
0.000000 0.000000 0.373570 0.373570 0.373569 0.373569 0.373571 0.373570 0.373570 0.373571 0.373571 0.373571 0.373570 0.373570 0.373571 0.373569 0.373569 0.373570 0.373570 0.000000 0.000000
0.000000 0.000000 0.375720 0.375720 0.375719 0.375719 0.375720 0.375720 0.375720 0.375721 0.375721 0.375721 0.375720 0.375720 0.375720 0.375719 0.375719 0.375720 0.375720 0.000000 0.000000
0.000000 0.000000 0.377836 0.377836 0.377835 0.377835 0.377837 0.377836 0.377836 0.377837 0.377837 0.377837 0.377836 0.377836 0.377837 0.377835 0.377835 0.377836 0.377836 0.000000 0.000000
0.000000 0.000000 0.379925 0.379925 0.379923 0.379924 0.379925 0.379925 0.379925 0.379925 0.379925 0.379925 0.379925 0.379925 0.379925 0.379924 0.379923 0.379925 0.379925 0.000000 0.000000
0.000000 0.000000 0.381985 0.381985 0.381984 0.381984 0.381986 0.381985 0.381985 0.381986 0.381986 0.381986 0.381985 0.381985 0.381986 0.381984 0.381984 0.381985 0.381985 0.000000 0.000000
0.000000 0.000000 0.384059 0.384060 0.384058 0.384059 0.384060 0.384060 0.384060 0.384060 0.384060 0.384060 0.384060 0.384060 0.384060 0.384059 0.384058 0.384060 0.384060 0.000000 0.000000
0.000000 0.000000 0.350000 0.350000 0.350000 0.350000 0.350000 0.350000 0.350000 0.350000 0.350000 0.350000 0.350000 0.350000 0.350000 0.350000 0.350000 0.350000 0.350000 0.000000 0.000000
0.000000 0.000000 0.000000 0.000000 0.000000 0.000000 0.000000 0.000000 0.000000 0.000000 0.000000 0.000000 0.000000 0.000000 0.000000 0.000000 0.000000 0.000000 0.000000 0.000000 0.000000