geotop/1.0zi/1.0Montebello/Templates/testdem/maps/_Eocsilt7155.asc
ncols         21
nrows         20
xllcorner     100.000000
yllcorner     100.000000
cellsize      50.000000
NODATA_value  -9999.0
0.000000 0.000000 0.000000 0.000000 0.000000 0.000000 0.000000 0.000000 0.000000 0.000000 0.000000 0.000000 0.000000 0.000000 0.000000 0.000000 0.000000 0.000000 0.000000 0.000000 0.000000
0.000000 0.000000 0.350143 0.350144 0.350144 0.350144 0.350144 0.350144 0.350144 0.350144 0.350144 0.350144 0.350144 0.350144 0.350144 0.350144 0.350144 0.350144 0.350143 0.000000 0.000000
0.000000 0.000000 0.350004 0.350003 0.350003 0.350003 0.350003 0.350003 0.350003 0.350003 0.350004 0.350004 0.350004 0.350004 0.350003 0.350003 0.350001 0.350001 0.350003 0.000000 0.000000
0.000000 0.000000 0.350063 0.350060 0.350058 0.350052 0.350054 0.350051 0.350054 0.350053 0.350051 0.350053 0.350053 0.350053 0.350054 0.350057 0.350060 0.350062 0.350062 0.000000 0.000000
0.000000 0.000000 0.350775 0.350781 0.350777 0.350769 0.350763 0.350757 0.350755 0.350753 0.350754 0.350754 0.350755 0.350756 0.350767 0.350771 0.350770 0.350778 0.350783 0.000000 0.000000
0.000000 0.000000 0.352882 0.352883 0.352873 0.352860 0.352843 0.352823 0.352823 0.352817 0.352821 0.352822 0.352823 0.352822 0.352831 0.352842 0.352851 0.352858 0.352864 0.000000 0.000000
0.000000 0.000000 0.355995 0.355992 0.355981 0.355959 0.355930 0.355901 0.355903 0.355899 0.355901 0.355899 0.355896 0.355901 0.355925 0.355948 0.355962 0.355975 0.355983 0.000000 0.000000
0.000000 0.000000 0.359726 0.359725 0.359720 0.359696 0.359669 0.359637 0.359638 0.359634 0.359633 0.359630 0.359628 0.359634 0.359661 0.359686 0.359707 0.359712 0.359725 0.000000 0.000000
0.000000 0.000000 0.363686 0.363679 0.363666 0.363651 0.363623 0.363586 0.363588 0.363580 0.363578 0.363576 0.363577 0.363576 0.363611 0.363641 0.363658 0.363666 0.363677 0.000000 0.000000
0.000000 0.000000 0.367766 0.367758 0.367751 0.367737 0.367698 0.367666 0.367667 0.367663 0.367658 0.367660 0.367664 0.367662 0.367691 0.367724 0.367743 0.367749 0.367757 0.000000 0.000000
0.000000 0.000000 0.372064 0.372059 0.372052 0.372021 0.371995 0.371957 0.371966 0.371946 0.371948 0.371948 0.371941 0.371953 0.371978 0.371999 0.372023 0.372035 0.372053 0.000000 0.000000
0.000000 0.000000 0.376706 0.376694 0.376679 0.376659 0.376630 0.376585 0.376585 0.376576 0.376587 0.376572 0.376575 0.376580 0.376624 0.376647 0.376663 0.376672 0.376715 0.000000 0.000000
0.000000 0.000000 0.381598 0.381585 0.381578 0.381552 0.381527 0.381422 0.381421 0.381413 0.381388 0.381400 0.381406 0.381416 0.381496 0.381519 0.381558 0.381562 0.381589 0.000000 0.000000
0.000000 0.000000 0.387110 0.387104 0.387083 0.387065 0.386947 0.386935 0.386912 0.386910 0.386911 0.386907 0.386905 0.386901 0.386904 0.387026 0.387052 0.387084 0.387115 0.000000 0.000000
0.000000 0.000000 0.393401 0.393391 0.393364 0.393228 0.393210 0.393142 0.393104 0.393096 0.393074 0.393055 0.393070 0.393065 0.393128 0.393157 0.393339 0.393319 0.393333 0.000000 0.000000
0.000000 0.000000 0.400238 0.400227 0.400037 0.400047 0.400036 0.399997 0.400055 0.400029 0.400058 0.400038 0.400012 0.400058 0.400080 0.400092 0.400014 0.400268 0.400269 0.000000 0.000000
0.000000 0.000000 0.408511 0.408225 0.408207 0.408117 0.407972 0.407924 0.407876 0.407883 0.407811 0.407811 0.407848 0.407819 0.407890 0.407998 0.408190 0.408141 0.408436 0.000000 0.000000
0.000000 0.000000 0.413312 0.413471 0.413736 0.413699 0.413654 0.413397 0.413411 0.413346 0.413426 0.413405 0.413405 0.413428 0.413655 0.413687 0.413779 0.413532 0.413386 0.000000 0.000000
0.000000 0.000000 0.350000 0.350000 0.350000 0.350000 0.350000 0.350000 0.350000 0.350000 0.350000 0.350000 0.350000 0.350000 0.350000 0.350000 0.350000 0.350000 0.350000 0.000000 0.000000
0.000000 0.000000 0.000000 0.000000 0.000000 0.000000 0.000000 0.000000 0.000000 0.000000 0.000000 0.000000 0.000000 0.000000 0.000000 0.000000 0.000000 0.000000 0.000000 0.000000 0.000000