geotop/1.0zi/1.0Montebello/Templates/testdem/maps/_Eocsand9955.asc
ncols         21
nrows         20
xllcorner     100.000000
yllcorner     100.000000
cellsize      50.000000
NODATA_value  -9999.0
0.000000 0.000000 0.000000 0.000000 0.000000 0.000000 0.000000 0.000000 0.000000 0.000000 0.000000 0.000000 0.000000 0.000000 0.000000 0.000000 0.000000 0.000000 0.000000 0.000000 0.000000
0.000000 0.000000 0.300245 0.300242 0.300243 0.300244 0.300243 0.300242 0.300243 0.300243 0.300244 0.300243 0.300243 0.300243 0.300243 0.300243 0.300244 0.300243 0.300243 0.000000 0.000000
0.000000 0.000000 0.300011 0.300013 0.300012 0.300011 0.300012 0.300013 0.300012 0.300012 0.300012 0.300012 0.300012 0.300012 0.300012 0.300012 0.300013 0.300013 0.300014 0.000000 0.000000
0.000000 0.000000 0.299810 0.299809 0.299819 0.299826 0.299825 0.299831 0.299823 0.299825 0.299825 0.299824 0.299822 0.299824 0.299819 0.299812 0.299809 0.299806 0.299808 0.000000 0.000000
0.000000 0.000000 0.296979 0.296979 0.296996 0.297032 0.297060 0.297070 0.297070 0.297071 0.297074 0.297067 0.297062 0.297062 0.297038 0.297024 0.297009 0.296999 0.296987 0.000000 0.000000
0.000000 0.000000 0.289200 0.289212 0.289252 0.289322 0.289389 0.289448 0.289445 0.289453 0.289457 0.289456 0.289445 0.289450 0.289414 0.289358 0.289331 0.289309 0.289297 0.000000 0.000000
0.000000 0.000000 0.278452 0.278476 0.278509 0.278592 0.278675 0.278790 0.278788 0.278795 0.278808 0.278807 0.278809 0.278805 0.278709 0.278642 0.278600 0.278570 0.278556 0.000000 0.000000
0.000000 0.000000 0.265682 0.265710 0.265744 0.265842 0.265935 0.266039 0.266037 0.266048 0.266064 0.266069 0.266073 0.266056 0.265968 0.265892 0.265823 0.265808 0.265781 0.000000 0.000000
0.000000 0.000000 0.251600 0.251639 0.251692 0.251771 0.251877 0.252002 0.251990 0.252011 0.252033 0.252037 0.252031 0.252038 0.251913 0.251822 0.251769 0.251746 0.251722 0.000000 0.000000
0.000000 0.000000 0.235961 0.236016 0.236060 0.236145 0.236262 0.236394 0.236392 0.236405 0.236438 0.236427 0.236412 0.236419 0.236317 0.236198 0.236135 0.236110 0.236100 0.000000 0.000000
0.000000 0.000000 0.218059 0.218105 0.218147 0.218330 0.218386 0.218563 0.218526 0.218608 0.218609 0.218622 0.218650 0.218603 0.218488 0.218414 0.218325 0.218293 0.218217 0.000000 0.000000
0.000000 0.000000 0.197020 0.197116 0.197226 0.197318 0.197415 0.197639 0.197645 0.197648 0.197632 0.197709 0.197671 0.197686 0.197479 0.197361 0.197314 0.197285 0.197133 0.000000 0.000000
0.000000 0.000000 0.173188 0.173277 0.173305 0.173484 0.173603 0.174204 0.174215 0.174248 0.174472 0.174339 0.174329 0.174277 0.173826 0.173728 0.173506 0.173495 0.173465 0.000000 0.000000
0.000000 0.000000 0.143671 0.143710 0.143914 0.144041 0.144889 0.144569 0.144750 0.144742 0.144628 0.144754 0.144770 0.144868 0.145151 0.144227 0.144202 0.143985 0.143860 0.000000 0.000000
0.000000 0.000000 0.111013 0.111113 0.111267 0.112332 0.111848 0.112522 0.112659 0.112722 0.112983 0.113049 0.112936 0.112920 0.112328 0.112790 0.111422 0.111752 0.111810 0.000000 0.000000
0.000000 0.000000 0.083663 0.083716 0.084737 0.084205 0.084400 0.084349 0.083900 0.084015 0.083781 0.083819 0.084014 0.083775 0.083921 0.083739 0.084904 0.083344 0.083369 0.000000 0.000000
0.000000 0.000000 0.061847 0.062494 0.062400 0.062637 0.062991 0.063066 0.063232 0.063194 0.063393 0.063371 0.063263 0.063371 0.063233 0.062964 0.062470 0.062773 0.062105 0.000000 0.000000
0.000000 0.000000 0.051491 0.051558 0.051187 0.051346 0.051520 0.051836 0.051889 0.051943 0.051929 0.051942 0.051899 0.051921 0.051619 0.051487 0.051190 0.051637 0.051564 0.000000 0.000000
0.000000 0.000000 0.300000 0.300000 0.300000 0.300000 0.300000 0.300000 0.300000 0.300000 0.300000 0.300000 0.300000 0.300000 0.300000 0.300000 0.300000 0.300000 0.300000 0.000000 0.000000
0.000000 0.000000 0.000000 0.000000 0.000000 0.000000 0.000000 0.000000 0.000000 0.000000 0.000000 0.000000 0.000000 0.000000 0.000000 0.000000 0.000000 0.000000 0.000000 0.000000 0.000000