geotop/1.0zi/1.0Montebello/Templates/testdem/maps/_Eocsilt1405.asc
ncols         21
nrows         20
xllcorner     100.000000
yllcorner     100.000000
cellsize      50.000000
NODATA_value  -9999.0
0.000000 0.000000 0.000000 0.000000 0.000000 0.000000 0.000000 0.000000 0.000000 0.000000 0.000000 0.000000 0.000000 0.000000 0.000000 0.000000 0.000000 0.000000 0.000000 0.000000 0.000000
0.000000 0.000000 0.350029 0.350029 0.350029 0.350029 0.350029 0.350029 0.350029 0.350029 0.350029 0.350029 0.350029 0.350029 0.350029 0.350029 0.350029 0.350029 0.350029 0.000000 0.000000
0.000000 0.000000 0.350000 0.350000 0.350000 0.350000 0.350000 0.350000 0.350000 0.350000 0.350000 0.350000 0.350000 0.350000 0.350000 0.350000 0.350000 0.350000 0.350000 0.000000 0.000000
0.000000 0.000000 0.350583 0.350582 0.350580 0.350581 0.350583 0.350583 0.350583 0.350583 0.350583 0.350583 0.350583 0.350583 0.350583 0.350581 0.350580 0.350582 0.350583 0.000000 0.000000
0.000000 0.000000 0.352528 0.352527 0.352525 0.352525 0.352528 0.352527 0.352527 0.352528 0.352528 0.352528 0.352527 0.352527 0.352528 0.352525 0.352525 0.352527 0.352528 0.000000 0.000000
0.000000 0.000000 0.354942 0.354942 0.354940 0.354940 0.354943 0.354942 0.354942 0.354943 0.354942 0.354943 0.354942 0.354942 0.354943 0.354940 0.354940 0.354942 0.354942 0.000000 0.000000
0.000000 0.000000 0.357163 0.357163 0.357161 0.357161 0.357163 0.357163 0.357163 0.357163 0.357163 0.357163 0.357163 0.357163 0.357163 0.357161 0.357161 0.357163 0.357163 0.000000 0.000000
0.000000 0.000000 0.359202 0.359201 0.359200 0.359200 0.359202 0.359202 0.359202 0.359202 0.359202 0.359202 0.359202 0.359202 0.359202 0.359200 0.359200 0.359201 0.359202 0.000000 0.000000
0.000000 0.000000 0.361112 0.361112 0.361110 0.361111 0.361113 0.361112 0.361112 0.361112 0.361112 0.361112 0.361112 0.361112 0.361113 0.361111 0.361110 0.361112 0.361112 0.000000 0.000000
0.000000 0.000000 0.362942 0.362942 0.362941 0.362941 0.362943 0.362942 0.362942 0.362943 0.362943 0.362943 0.362942 0.362942 0.362943 0.362941 0.362941 0.362942 0.362942 0.000000 0.000000
0.000000 0.000000 0.364712 0.364712 0.364710 0.364711 0.364712 0.364712 0.364712 0.364712 0.364712 0.364712 0.364712 0.364712 0.364712 0.364711 0.364710 0.364712 0.364712 0.000000 0.000000
0.000000 0.000000 0.366440 0.366440 0.366438 0.366439 0.366440 0.366440 0.366440 0.366440 0.366440 0.366440 0.366440 0.366440 0.366440 0.366439 0.366438 0.366440 0.366440 0.000000 0.000000
0.000000 0.000000 0.368138 0.368137 0.368136 0.368136 0.368138 0.368137 0.368137 0.368138 0.368138 0.368138 0.368137 0.368137 0.368138 0.368136 0.368136 0.368137 0.368138 0.000000 0.000000
0.000000 0.000000 0.369805 0.369805 0.369803 0.369804 0.369805 0.369805 0.369805 0.369805 0.369805 0.369805 0.369805 0.369805 0.369805 0.369804 0.369803 0.369805 0.369805 0.000000 0.000000
0.000000 0.000000 0.371449 0.371449 0.371447 0.371448 0.371449 0.371449 0.371449 0.371449 0.371449 0.371449 0.371449 0.371449 0.371449 0.371448 0.371447 0.371449 0.371449 0.000000 0.000000
0.000000 0.000000 0.373076 0.373076 0.373074 0.373075 0.373076 0.373076 0.373076 0.373076 0.373076 0.373076 0.373076 0.373076 0.373076 0.373075 0.373074 0.373076 0.373076 0.000000 0.000000
0.000000 0.000000 0.374684 0.374684 0.374682 0.374683 0.374684 0.374684 0.374684 0.374684 0.374684 0.374684 0.374684 0.374684 0.374684 0.374683 0.374682 0.374684 0.374684 0.000000 0.000000
0.000000 0.000000 0.376311 0.376311 0.376310 0.376311 0.376312 0.376312 0.376312 0.376312 0.376312 0.376312 0.376312 0.376312 0.376312 0.376311 0.376310 0.376311 0.376312 0.000000 0.000000
0.000000 0.000000 0.350000 0.350000 0.350000 0.350000 0.350000 0.350000 0.350000 0.350000 0.350000 0.350000 0.350000 0.350000 0.350000 0.350000 0.350000 0.350000 0.350000 0.000000 0.000000
0.000000 0.000000 0.000000 0.000000 0.000000 0.000000 0.000000 0.000000 0.000000 0.000000 0.000000 0.000000 0.000000 0.000000 0.000000 0.000000 0.000000 0.000000 0.000000 0.000000 0.000000