geotop/1.0zi/1.0Montebello/Templates/testdem/maps/_Eocclay5338.asc
ncols         21
nrows         20
xllcorner     100.000000
yllcorner     100.000000
cellsize      50.000000
NODATA_value  -9999.0
0.000000 0.000000 0.000000 0.000000 0.000000 0.000000 0.000000 0.000000 0.000000 0.000000 0.000000 0.000000 0.000000 0.000000 0.000000 0.000000 0.000000 0.000000 0.000000 0.000000 0.000000
0.000000 0.000000 0.349764 0.349764 0.349765 0.349765 0.349765 0.349765 0.349764 0.349765 0.349765 0.349765 0.349765 0.349764 0.349765 0.349765 0.349764 0.349764 0.349764 0.000000 0.000000
0.000000 0.000000 0.349990 0.349991 0.349991 0.349990 0.349990 0.349990 0.349990 0.349990 0.349990 0.349990 0.349990 0.349991 0.349990 0.349990 0.349990 0.349990 0.349990 0.000000 0.000000
0.000000 0.000000 0.349989 0.349991 0.349989 0.349989 0.349991 0.349991 0.349991 0.349990 0.349991 0.349990 0.349990 0.349989 0.349991 0.349993 0.349991 0.349992 0.349991 0.000000 0.000000
0.000000 0.000000 0.350390 0.350390 0.350391 0.350386 0.350376 0.350372 0.350373 0.350376 0.350373 0.350375 0.350370 0.350369 0.350374 0.350372 0.350377 0.350379 0.350381 0.000000 0.000000
0.000000 0.000000 0.351828 0.351830 0.351826 0.351808 0.351803 0.351789 0.351788 0.351784 0.351787 0.351787 0.351791 0.351791 0.351794 0.351804 0.351810 0.351821 0.351825 0.000000 0.000000
0.000000 0.000000 0.353925 0.353924 0.353922 0.353907 0.353889 0.353865 0.353865 0.353861 0.353863 0.353866 0.353866 0.353865 0.353882 0.353900 0.353910 0.353918 0.353924 0.000000 0.000000
0.000000 0.000000 0.356466 0.356466 0.356465 0.356447 0.356429 0.356403 0.356403 0.356401 0.356402 0.356402 0.356400 0.356404 0.356423 0.356438 0.356452 0.356457 0.356465 0.000000 0.000000
0.000000 0.000000 0.359037 0.359035 0.359030 0.359020 0.359002 0.358977 0.358978 0.358974 0.358972 0.358974 0.358973 0.358971 0.358994 0.359011 0.359024 0.359027 0.359033 0.000000 0.000000
0.000000 0.000000 0.361628 0.361623 0.361623 0.361616 0.361589 0.361566 0.361568 0.361565 0.361562 0.361566 0.361569 0.361566 0.361584 0.361605 0.361618 0.361620 0.361625 0.000000 0.000000
0.000000 0.000000 0.364302 0.364300 0.364300 0.364282 0.364265 0.364239 0.364244 0.364232 0.364232 0.364234 0.364231 0.364238 0.364252 0.364264 0.364279 0.364287 0.364297 0.000000 0.000000
0.000000 0.000000 0.367087 0.367081 0.367075 0.367062 0.367047 0.367017 0.367019 0.367011 0.367019 0.367012 0.367012 0.367015 0.367041 0.367052 0.367062 0.367066 0.367095 0.000000 0.000000
0.000000 0.000000 0.369929 0.369923 0.369922 0.369908 0.369895 0.369835 0.369835 0.369829 0.369817 0.369825 0.369830 0.369834 0.369876 0.369887 0.369909 0.369911 0.369932 0.000000 0.000000
0.000000 0.000000 0.372985 0.372982 0.372975 0.372966 0.372911 0.372894 0.372881 0.372880 0.372875 0.372878 0.372879 0.372877 0.372884 0.372938 0.372958 0.372972 0.372993 0.000000 0.000000
0.000000 0.000000 0.376323 0.376320 0.376307 0.376252 0.376233 0.376200 0.376175 0.376172 0.376161 0.376157 0.376163 0.376157 0.376181 0.376209 0.376293 0.376286 0.376299 0.000000 0.000000
0.000000 0.000000 0.379826 0.379821 0.379751 0.379735 0.379730 0.379708 0.379720 0.379711 0.379716 0.379707 0.379700 0.379714 0.379726 0.379735 0.379736 0.379826 0.379829 0.000000 0.000000
0.000000 0.000000 0.383779 0.383684 0.383644 0.383616 0.383572 0.383548 0.383542 0.383539 0.383520 0.383516 0.383523 0.383521 0.383546 0.383580 0.383634 0.383666 0.383760 0.000000 0.000000
0.000000 0.000000 0.386767 0.386760 0.386841 0.386815 0.386781 0.386691 0.386688 0.386668 0.386678 0.386673 0.386680 0.386681 0.386764 0.386785 0.386852 0.386767 0.386781 0.000000 0.000000
0.000000 0.000000 0.350000 0.350000 0.350000 0.350000 0.350000 0.350000 0.350000 0.350000 0.350000 0.350000 0.350000 0.350000 0.350000 0.350000 0.350000 0.350000 0.350000 0.000000 0.000000
0.000000 0.000000 0.000000 0.000000 0.000000 0.000000 0.000000 0.000000 0.000000 0.000000 0.000000 0.000000 0.000000 0.000000 0.000000 0.000000 0.000000 0.000000 0.000000 0.000000 0.000000