geotop/1.0zi/1.0Montebello/Templates/testdem/maps/_Eocsand9144.asc
ncols         21
nrows         20
xllcorner     100.000000
yllcorner     100.000000
cellsize      50.000000
NODATA_value  -9999.0
0.000000 0.000000 0.000000 0.000000 0.000000 0.000000 0.000000 0.000000 0.000000 0.000000 0.000000 0.000000 0.000000 0.000000 0.000000 0.000000 0.000000 0.000000 0.000000 0.000000 0.000000
0.000000 0.000000 0.300233 0.300230 0.300230 0.300231 0.300230 0.300229 0.300230 0.300230 0.300231 0.300230 0.300230 0.300230 0.300230 0.300230 0.300232 0.300231 0.300231 0.000000 0.000000
0.000000 0.000000 0.300012 0.300014 0.300014 0.300012 0.300013 0.300014 0.300013 0.300013 0.300014 0.300014 0.300013 0.300013 0.300013 0.300013 0.300014 0.300015 0.300015 0.000000 0.000000
0.000000 0.000000 0.299855 0.299854 0.299861 0.299869 0.299868 0.299872 0.299865 0.299867 0.299867 0.299867 0.299866 0.299868 0.299863 0.299857 0.299854 0.299855 0.299854 0.000000 0.000000
0.000000 0.000000 0.297492 0.297494 0.297512 0.297538 0.297565 0.297569 0.297572 0.297574 0.297575 0.297572 0.297569 0.297569 0.297546 0.297536 0.297522 0.297518 0.297506 0.000000 0.000000
0.000000 0.000000 0.290727 0.290739 0.290776 0.290826 0.290883 0.290930 0.290929 0.290941 0.290936 0.290937 0.290928 0.290932 0.290903 0.290858 0.290835 0.290822 0.290809 0.000000 0.000000
0.000000 0.000000 0.281378 0.281399 0.281429 0.281489 0.281564 0.281665 0.281659 0.281667 0.281670 0.281670 0.281672 0.281666 0.281587 0.281528 0.281492 0.281471 0.281455 0.000000 0.000000
0.000000 0.000000 0.270311 0.270334 0.270361 0.270432 0.270509 0.270599 0.270595 0.270607 0.270611 0.270617 0.270622 0.270604 0.270530 0.270466 0.270407 0.270400 0.270372 0.000000 0.000000
0.000000 0.000000 0.258304 0.258336 0.258376 0.258427 0.258516 0.258621 0.258610 0.258631 0.258641 0.258646 0.258642 0.258645 0.258541 0.258465 0.258420 0.258408 0.258382 0.000000 0.000000
0.000000 0.000000 0.245273 0.245313 0.245344 0.245399 0.245518 0.245614 0.245610 0.245624 0.245642 0.245633 0.245621 0.245624 0.245542 0.245443 0.245391 0.245378 0.245364 0.000000 0.000000
0.000000 0.000000 0.230736 0.230767 0.230793 0.230921 0.230997 0.231123 0.231091 0.231160 0.231150 0.231159 0.231183 0.231141 0.231053 0.230994 0.230921 0.230897 0.230837 0.000000 0.000000
0.000000 0.000000 0.214116 0.214180 0.214254 0.214316 0.214425 0.214579 0.214577 0.214590 0.214561 0.214622 0.214596 0.214597 0.214440 0.214355 0.214316 0.214300 0.214172 0.000000 0.000000
0.000000 0.000000 0.195667 0.195726 0.195746 0.195883 0.195974 0.196410 0.196411 0.196433 0.196569 0.196492 0.196477 0.196435 0.196104 0.196025 0.195871 0.195869 0.195821 0.000000 0.000000
0.000000 0.000000 0.173177 0.173203 0.173327 0.173414 0.174018 0.173871 0.173991 0.173988 0.173924 0.173991 0.174004 0.174053 0.174189 0.173544 0.173500 0.173358 0.173258 0.000000 0.000000
0.000000 0.000000 0.146533 0.146616 0.146753 0.147549 0.147328 0.147769 0.147909 0.147952 0.148112 0.148190 0.148101 0.148102 0.147691 0.147885 0.146847 0.147080 0.147095 0.000000 0.000000
0.000000 0.000000 0.119075 0.119139 0.120218 0.119742 0.119892 0.119885 0.119425 0.119553 0.119312 0.119367 0.119563 0.119300 0.119395 0.119271 0.120358 0.118763 0.118788 0.000000 0.000000
0.000000 0.000000 0.089552 0.090834 0.090386 0.090963 0.091600 0.091796 0.092231 0.092128 0.092564 0.092514 0.092261 0.092527 0.092182 0.091715 0.090464 0.091470 0.090147 0.000000 0.000000
0.000000 0.000000 0.081175 0.080297 0.079460 0.079505 0.079491 0.080310 0.080178 0.080416 0.080036 0.080117 0.080170 0.080047 0.079371 0.079379 0.079354 0.080044 0.080920 0.000000 0.000000
0.000000 0.000000 0.300000 0.300000 0.300000 0.300000 0.300000 0.300000 0.300000 0.300000 0.300000 0.300000 0.300000 0.300000 0.300000 0.300000 0.300000 0.300000 0.300000 0.000000 0.000000
0.000000 0.000000 0.000000 0.000000 0.000000 0.000000 0.000000 0.000000 0.000000 0.000000 0.000000 0.000000 0.000000 0.000000 0.000000 0.000000 0.000000 0.000000 0.000000 0.000000 0.000000