geotop/1.0zi/1.0Montebello/Templates/testdem/maps/_Eocclay065].asc
ncols         21
nrows         20
xllcorner     100.000000
yllcorner     100.000000
cellsize      50.000000
NODATA_value  -9999.0
0.000000 0.000000 0.000000 0.000000 0.000000 0.000000 0.000000 0.000000 0.000000 0.000000 0.000000 0.000000 0.000000 0.000000 0.000000 0.000000 0.000000 0.000000 0.000000 0.000000 0.000000
0.000000 0.000000 0.349496 0.349498 0.349498 0.349497 0.349499 0.349499 0.349498 0.349499 0.349498 0.349499 0.349499 0.349498 0.349499 0.349498 0.349497 0.349497 0.349498 0.000000 0.000000
0.000000 0.000000 0.349979 0.349977 0.349977 0.349980 0.349977 0.349977 0.349977 0.349977 0.349977 0.349977 0.349977 0.349977 0.349978 0.349978 0.349979 0.349978 0.349977 0.000000 0.000000
0.000000 0.000000 0.350080 0.350089 0.350086 0.350081 0.350083 0.350083 0.350087 0.350085 0.350087 0.350085 0.350085 0.350084 0.350088 0.350091 0.350090 0.350088 0.350086 0.000000 0.000000
0.000000 0.000000 0.351902 0.351889 0.351882 0.351866 0.351846 0.351841 0.351839 0.351841 0.351839 0.351844 0.351844 0.351845 0.351854 0.351861 0.351874 0.351881 0.351890 0.000000 0.000000
0.000000 0.000000 0.356507 0.356501 0.356475 0.356431 0.356396 0.356361 0.356367 0.356363 0.356361 0.356361 0.356367 0.356365 0.356382 0.356417 0.356435 0.356450 0.356456 0.000000 0.000000
0.000000 0.000000 0.362627 0.362613 0.362596 0.362551 0.362506 0.362438 0.362440 0.362436 0.362430 0.362431 0.362431 0.362431 0.362484 0.362523 0.362547 0.362563 0.362571 0.000000 0.000000
0.000000 0.000000 0.369974 0.369957 0.369935 0.369874 0.369823 0.369760 0.369762 0.369757 0.369750 0.369747 0.369744 0.369754 0.369802 0.369844 0.369884 0.369895 0.369910 0.000000 0.000000
0.000000 0.000000 0.378202 0.378178 0.378145 0.378097 0.378037 0.377964 0.377972 0.377962 0.377950 0.377948 0.377950 0.377946 0.378014 0.378067 0.378098 0.378112 0.378125 0.000000 0.000000
0.000000 0.000000 0.387592 0.387558 0.387528 0.387474 0.387406 0.387326 0.387328 0.387323 0.387305 0.387312 0.387320 0.387316 0.387371 0.387441 0.387481 0.387497 0.387503 0.000000 0.000000
0.000000 0.000000 0.398688 0.398658 0.398629 0.398512 0.398480 0.398368 0.398393 0.398344 0.398347 0.398337 0.398317 0.398348 0.398413 0.398456 0.398514 0.398536 0.398583 0.000000 0.000000
0.000000 0.000000 0.412119 0.412054 0.411974 0.411920 0.411855 0.411711 0.411699 0.411706 0.411718 0.411676 0.411696 0.411679 0.411806 0.411883 0.411913 0.411934 0.412028 0.000000 0.000000
0.000000 0.000000 0.427465 0.427403 0.427384 0.427257 0.427177 0.426772 0.426762 0.426741 0.426583 0.426691 0.426689 0.426725 0.427017 0.427077 0.427234 0.427243 0.427243 0.000000 0.000000
0.000000 0.000000 0.445887 0.445859 0.445714 0.445644 0.445092 0.445371 0.445255 0.445260 0.445364 0.445262 0.445247 0.445174 0.444927 0.445534 0.445527 0.445672 0.445750 0.000000 0.000000
0.000000 0.000000 0.462661 0.462606 0.462540 0.462013 0.462300 0.461935 0.461882 0.461848 0.461708 0.461687 0.461742 0.461757 0.462071 0.461783 0.462466 0.462293 0.462254 0.000000 0.000000
0.000000 0.000000 0.473788 0.473762 0.473411 0.473531 0.473492 0.473469 0.473614 0.473575 0.473638 0.473624 0.473565 0.473644 0.473621 0.473654 0.473341 0.473839 0.473827 0.000000 0.000000
0.000000 0.000000 0.482299 0.482093 0.482055 0.481996 0.481885 0.481847 0.481822 0.481827 0.481778 0.481779 0.481801 0.481783 0.481825 0.481906 0.482010 0.482007 0.482206 0.000000 0.000000
0.000000 0.000000 0.486633 0.486717 0.486764 0.486775 0.486749 0.486634 0.486671 0.486635 0.486688 0.486676 0.486661 0.486688 0.486781 0.486796 0.486752 0.486745 0.486658 0.000000 0.000000
0.000000 0.000000 0.350000 0.350000 0.350000 0.350000 0.350000 0.350000 0.350000 0.350000 0.350000 0.350000 0.350000 0.350000 0.350000 0.350000 0.350000 0.350000 0.350000 0.000000 0.000000
0.000000 0.000000 0.000000 0.000000 0.000000 0.000000 0.000000 0.000000 0.000000 0.000000 0.000000 0.000000 0.000000 0.000000 0.000000 0.000000 0.000000 0.000000 0.000000 0.000000 0.000000