geotop/1.0zi/1.0Montebello/Templates/testdem/maps/_Eocclay5549.asc
ncols         21
nrows         20
xllcorner     100.000000
yllcorner     100.000000
cellsize      50.000000
NODATA_value  -9999.0
0.000000 0.000000 0.000000 0.000000 0.000000 0.000000 0.000000 0.000000 0.000000 0.000000 0.000000 0.000000 0.000000 0.000000 0.000000 0.000000 0.000000 0.000000 0.000000 0.000000 0.000000
0.000000 0.000000 0.349750 0.349751 0.349751 0.349751 0.349751 0.349751 0.349751 0.349751 0.349751 0.349751 0.349751 0.349751 0.349751 0.349751 0.349751 0.349751 0.349751 0.000000 0.000000
0.000000 0.000000 0.349990 0.349990 0.349990 0.349990 0.349989 0.349989 0.349990 0.349989 0.349989 0.349989 0.349990 0.349990 0.349990 0.349990 0.349990 0.349990 0.349990 0.000000 0.000000
0.000000 0.000000 0.349988 0.349990 0.349988 0.349988 0.349990 0.349990 0.349990 0.349989 0.349990 0.349989 0.349989 0.349988 0.349991 0.349992 0.349990 0.349991 0.349990 0.000000 0.000000
0.000000 0.000000 0.350454 0.350454 0.350454 0.350449 0.350438 0.350435 0.350436 0.350438 0.350436 0.350437 0.350432 0.350433 0.350437 0.350436 0.350441 0.350443 0.350447 0.000000 0.000000
0.000000 0.000000 0.352000 0.352001 0.351996 0.351978 0.351972 0.351956 0.351955 0.351951 0.351955 0.351954 0.351958 0.351958 0.351961 0.351972 0.351978 0.351989 0.351994 0.000000 0.000000
0.000000 0.000000 0.354255 0.354253 0.354251 0.354235 0.354216 0.354189 0.354189 0.354185 0.354187 0.354189 0.354189 0.354187 0.354206 0.354226 0.354235 0.354243 0.354250 0.000000 0.000000
0.000000 0.000000 0.356999 0.356999 0.356998 0.356979 0.356960 0.356932 0.356932 0.356929 0.356930 0.356930 0.356928 0.356932 0.356952 0.356968 0.356982 0.356988 0.356997 0.000000 0.000000
0.000000 0.000000 0.359773 0.359770 0.359764 0.359754 0.359735 0.359707 0.359709 0.359704 0.359702 0.359704 0.359703 0.359701 0.359725 0.359744 0.359756 0.359760 0.359767 0.000000 0.000000
0.000000 0.000000 0.362574 0.362569 0.362568 0.362560 0.362532 0.362507 0.362509 0.362506 0.362503 0.362507 0.362510 0.362506 0.362526 0.362548 0.362561 0.362564 0.362570 0.000000 0.000000
0.000000 0.000000 0.365476 0.365473 0.365473 0.365454 0.365435 0.365407 0.365413 0.365400 0.365400 0.365402 0.365398 0.365405 0.365420 0.365434 0.365449 0.365457 0.365469 0.000000 0.000000
0.000000 0.000000 0.368510 0.368503 0.368496 0.368482 0.368466 0.368433 0.368435 0.368427 0.368435 0.368427 0.368428 0.368430 0.368458 0.368471 0.368481 0.368486 0.368517 0.000000 0.000000
0.000000 0.000000 0.371620 0.371614 0.371612 0.371597 0.371582 0.371516 0.371516 0.371510 0.371497 0.371504 0.371509 0.371514 0.371561 0.371572 0.371596 0.371598 0.371621 0.000000 0.000000
0.000000 0.000000 0.374986 0.374982 0.374975 0.374965 0.374902 0.374885 0.374870 0.374869 0.374864 0.374867 0.374868 0.374865 0.374872 0.374933 0.374954 0.374970 0.374992 0.000000 0.000000
0.000000 0.000000 0.378683 0.378678 0.378665 0.378601 0.378580 0.378543 0.378517 0.378513 0.378501 0.378495 0.378502 0.378496 0.378522 0.378553 0.378645 0.378638 0.378652 0.000000 0.000000
0.000000 0.000000 0.382579 0.382575 0.382493 0.382478 0.382473 0.382449 0.382465 0.382455 0.382462 0.382452 0.382442 0.382458 0.382471 0.382479 0.382475 0.382581 0.382584 0.000000 0.000000
0.000000 0.000000 0.387021 0.386910 0.386869 0.386837 0.386784 0.386757 0.386749 0.386746 0.386722 0.386718 0.386728 0.386724 0.386753 0.386792 0.386855 0.386884 0.386996 0.000000 0.000000
0.000000 0.000000 0.390301 0.390302 0.390402 0.390374 0.390330 0.390225 0.390223 0.390199 0.390213 0.390207 0.390214 0.390216 0.390311 0.390341 0.390413 0.390310 0.390316 0.000000 0.000000
0.000000 0.000000 0.350000 0.350000 0.350000 0.350000 0.350000 0.350000 0.350000 0.350000 0.350000 0.350000 0.350000 0.350000 0.350000 0.350000 0.350000 0.350000 0.350000 0.000000 0.000000
0.000000 0.000000 0.000000 0.000000 0.000000 0.000000 0.000000 0.000000 0.000000 0.000000 0.000000 0.000000 0.000000 0.000000 0.000000 0.000000 0.000000 0.000000 0.000000 0.000000 0.000000