geotop/1.0zi/1.0Montebello/Templates/testdem/maps/_Eocsand5471.asc
ncols         21
nrows         20
xllcorner     100.000000
yllcorner     100.000000
cellsize      50.000000
NODATA_value  -9999.0
0.000000 0.000000 0.000000 0.000000 0.000000 0.000000 0.000000 0.000000 0.000000 0.000000 0.000000 0.000000 0.000000 0.000000 0.000000 0.000000 0.000000 0.000000 0.000000 0.000000 0.000000
0.000000 0.000000 0.300137 0.300136 0.300136 0.300136 0.300136 0.300136 0.300136 0.300136 0.300136 0.300136 0.300136 0.300136 0.300136 0.300136 0.300136 0.300136 0.300137 0.000000 0.000000
0.000000 0.000000 0.300008 0.300008 0.300008 0.300007 0.300007 0.300008 0.300007 0.300007 0.300007 0.300008 0.300007 0.300007 0.300007 0.300008 0.300009 0.300009 0.300009 0.000000 0.000000
0.000000 0.000000 0.299975 0.299974 0.299977 0.299981 0.299978 0.299980 0.299978 0.299978 0.299978 0.299980 0.299980 0.299981 0.299977 0.299973 0.299975 0.299972 0.299974 0.000000 0.000000
0.000000 0.000000 0.299146 0.299143 0.299144 0.299152 0.299165 0.299174 0.299174 0.299173 0.299178 0.299174 0.299179 0.299178 0.299169 0.299168 0.299163 0.299152 0.299146 0.000000 0.000000
0.000000 0.000000 0.296294 0.296289 0.296297 0.296329 0.296344 0.296377 0.296380 0.296387 0.296379 0.296377 0.296373 0.296376 0.296369 0.296353 0.296339 0.296324 0.296315 0.000000 0.000000
0.000000 0.000000 0.291964 0.291968 0.291972 0.292005 0.292044 0.292093 0.292092 0.292097 0.292093 0.292090 0.292094 0.292093 0.292061 0.292025 0.292009 0.291992 0.291980 0.000000 0.000000
0.000000 0.000000 0.286693 0.286692 0.286692 0.286727 0.286766 0.286818 0.286816 0.286821 0.286821 0.286821 0.286825 0.286819 0.286783 0.286749 0.286720 0.286713 0.286696 0.000000 0.000000
0.000000 0.000000 0.281271 0.281278 0.281289 0.281310 0.281348 0.281403 0.281400 0.281409 0.281414 0.281410 0.281411 0.281416 0.281369 0.281331 0.281306 0.281298 0.281283 0.000000 0.000000
0.000000 0.000000 0.275831 0.275841 0.275843 0.275857 0.275911 0.275960 0.275956 0.275962 0.275969 0.275961 0.275956 0.275963 0.275925 0.275883 0.275856 0.275853 0.275842 0.000000 0.000000
0.000000 0.000000 0.270240 0.270246 0.270245 0.270283 0.270320 0.270374 0.270362 0.270387 0.270386 0.270383 0.270390 0.270378 0.270349 0.270322 0.270293 0.270277 0.270255 0.000000 0.000000
0.000000 0.000000 0.264399 0.264412 0.264424 0.264451 0.264483 0.264547 0.264544 0.264559 0.264543 0.264557 0.264556 0.264552 0.264498 0.264474 0.264454 0.264446 0.264386 0.000000 0.000000
0.000000 0.000000 0.258429 0.258441 0.258443 0.258473 0.258502 0.258628 0.258628 0.258638 0.258665 0.258649 0.258641 0.258632 0.258544 0.258521 0.258476 0.258473 0.258430 0.000000 0.000000
0.000000 0.000000 0.251988 0.251996 0.252009 0.252028 0.252146 0.252181 0.252208 0.252210 0.252220 0.252214 0.252214 0.252220 0.252206 0.252090 0.252051 0.252021 0.251978 0.000000 0.000000
0.000000 0.000000 0.244938 0.244945 0.244972 0.245091 0.245130 0.245203 0.245251 0.245258 0.245282 0.245293 0.245280 0.245293 0.245242 0.245185 0.245008 0.245022 0.244996 0.000000 0.000000
0.000000 0.000000 0.237510 0.237521 0.237672 0.237703 0.237715 0.237763 0.237735 0.237754 0.237743 0.237760 0.237778 0.237749 0.237724 0.237705 0.237710 0.237514 0.237508 0.000000 0.000000
0.000000 0.000000 0.229090 0.229297 0.229377 0.229438 0.229536 0.229590 0.229604 0.229608 0.229652 0.229659 0.229643 0.229651 0.229596 0.229523 0.229406 0.229346 0.229140 0.000000 0.000000
0.000000 0.000000 0.222807 0.222814 0.222633 0.222686 0.222771 0.222967 0.222973 0.223015 0.222992 0.223002 0.222990 0.222988 0.222810 0.222752 0.222614 0.222803 0.222784 0.000000 0.000000
0.000000 0.000000 0.300000 0.300000 0.300000 0.300000 0.300000 0.300000 0.300000 0.300000 0.300000 0.300000 0.300000 0.300000 0.300000 0.300000 0.300000 0.300000 0.300000 0.000000 0.000000
0.000000 0.000000 0.000000 0.000000 0.000000 0.000000 0.000000 0.000000 0.000000 0.000000 0.000000 0.000000 0.000000 0.000000 0.000000 0.000000 0.000000 0.000000 0.000000 0.000000 0.000000