geotop/1.0zi/1.0Montebello/Templates/testdem/maps/_Eocclay7335.asc
ncols         21
nrows         20
xllcorner     100.000000
yllcorner     100.000000
cellsize      50.000000
NODATA_value  -9999.0
0.000000 0.000000 0.000000 0.000000 0.000000 0.000000 0.000000 0.000000 0.000000 0.000000 0.000000 0.000000 0.000000 0.000000 0.000000 0.000000 0.000000 0.000000 0.000000 0.000000 0.000000
0.000000 0.000000 0.349662 0.349664 0.349664 0.349663 0.349664 0.349664 0.349664 0.349664 0.349663 0.349664 0.349664 0.349664 0.349664 0.349664 0.349662 0.349662 0.349663 0.000000 0.000000
0.000000 0.000000 0.349986 0.349986 0.349987 0.349988 0.349986 0.349986 0.349986 0.349986 0.349986 0.349986 0.349986 0.349985 0.349986 0.349986 0.349987 0.349987 0.349985 0.000000 0.000000
0.000000 0.000000 0.349996 0.350000 0.349997 0.349996 0.349999 0.349997 0.349999 0.349997 0.350000 0.349998 0.349998 0.349996 0.349997 0.349999 0.349998 0.350001 0.350000 0.000000 0.000000
0.000000 0.000000 0.350853 0.350851 0.350847 0.350842 0.350827 0.350825 0.350822 0.350825 0.350822 0.350822 0.350819 0.350823 0.350832 0.350833 0.350840 0.350842 0.350848 0.000000 0.000000
0.000000 0.000000 0.353280 0.353279 0.353268 0.353242 0.353229 0.353207 0.353208 0.353202 0.353205 0.353205 0.353207 0.353208 0.353218 0.353236 0.353249 0.353263 0.353269 0.000000 0.000000
0.000000 0.000000 0.356663 0.356660 0.356652 0.356630 0.356602 0.356567 0.356566 0.356561 0.356562 0.356563 0.356563 0.356563 0.356594 0.356621 0.356636 0.356648 0.356655 0.000000 0.000000
0.000000 0.000000 0.360699 0.360697 0.360689 0.360662 0.360635 0.360598 0.360597 0.360594 0.360593 0.360590 0.360588 0.360596 0.360627 0.360651 0.360675 0.360683 0.360695 0.000000 0.000000
0.000000 0.000000 0.364917 0.364911 0.364899 0.364882 0.364854 0.364816 0.364818 0.364810 0.364807 0.364805 0.364805 0.364805 0.364842 0.364873 0.364891 0.364900 0.364909 0.000000 0.000000
0.000000 0.000000 0.369319 0.369310 0.369304 0.369288 0.369246 0.369212 0.369213 0.369209 0.369202 0.369205 0.369211 0.369208 0.369240 0.369275 0.369297 0.369304 0.369311 0.000000 0.000000
0.000000 0.000000 0.374033 0.374027 0.374020 0.373987 0.373957 0.373918 0.373926 0.373905 0.373907 0.373906 0.373899 0.373913 0.373941 0.373963 0.373990 0.374004 0.374022 0.000000 0.000000
0.000000 0.000000 0.379161 0.379148 0.379132 0.379109 0.379078 0.379030 0.379028 0.379021 0.379031 0.379014 0.379018 0.379022 0.379072 0.379097 0.379116 0.379126 0.379171 0.000000 0.000000
0.000000 0.000000 0.384610 0.384596 0.384589 0.384559 0.384532 0.384413 0.384412 0.384404 0.384374 0.384389 0.384396 0.384407 0.384498 0.384524 0.384569 0.384575 0.384601 0.000000 0.000000
0.000000 0.000000 0.390824 0.390818 0.390795 0.390773 0.390635 0.390630 0.390601 0.390601 0.390603 0.390597 0.390594 0.390590 0.390589 0.390732 0.390763 0.390801 0.390832 0.000000 0.000000
0.000000 0.000000 0.397991 0.397979 0.397948 0.397785 0.397773 0.397694 0.397649 0.397641 0.397613 0.397592 0.397610 0.397604 0.397681 0.397704 0.397924 0.397899 0.397910 0.000000 0.000000
0.000000 0.000000 0.405830 0.405818 0.405586 0.405611 0.405597 0.405560 0.405634 0.405606 0.405642 0.405619 0.405586 0.405643 0.405664 0.405677 0.405564 0.405881 0.405878 0.000000 0.000000
0.000000 0.000000 0.415488 0.415127 0.415133 0.415015 0.414833 0.414777 0.414705 0.414719 0.414623 0.414626 0.414676 0.414634 0.414724 0.414859 0.415118 0.415021 0.415391 0.000000 0.000000
0.000000 0.000000 0.420565 0.420815 0.421155 0.421122 0.421087 0.420768 0.420793 0.420710 0.420823 0.420795 0.420790 0.420825 0.421105 0.421129 0.421215 0.420913 0.420675 0.000000 0.000000
0.000000 0.000000 0.350000 0.350000 0.350000 0.350000 0.350000 0.350000 0.350000 0.350000 0.350000 0.350000 0.350000 0.350000 0.350000 0.350000 0.350000 0.350000 0.350000 0.000000 0.000000
0.000000 0.000000 0.000000 0.000000 0.000000 0.000000 0.000000 0.000000 0.000000 0.000000 0.000000 0.000000 0.000000 0.000000 0.000000 0.000000 0.000000 0.000000 0.000000 0.000000 0.000000