geotop/1.0zi/1.0Montebello/Templates/testdem/maps/_Eocclay2820.asc
ncols         21
nrows         20
xllcorner     100.000000
yllcorner     100.000000
cellsize      50.000000
NODATA_value  -9999.0
0.000000 0.000000 0.000000 0.000000 0.000000 0.000000 0.000000 0.000000 0.000000 0.000000 0.000000 0.000000 0.000000 0.000000 0.000000 0.000000 0.000000 0.000000 0.000000 0.000000 0.000000
0.000000 0.000000 0.349844 0.349844 0.349844 0.349844 0.349844 0.349844 0.349844 0.349844 0.349844 0.349844 0.349844 0.349844 0.349844 0.349844 0.349844 0.349844 0.349844 0.000000 0.000000
0.000000 0.000000 0.349993 0.349992 0.349992 0.349993 0.349992 0.349993 0.349992 0.349992 0.349993 0.349992 0.349992 0.349993 0.349992 0.349993 0.349992 0.349992 0.349993 0.000000 0.000000
0.000000 0.000000 0.350974 0.350974 0.350972 0.350973 0.350974 0.350974 0.350974 0.350974 0.350974 0.350974 0.350974 0.350974 0.350974 0.350973 0.350972 0.350974 0.350974 0.000000 0.000000
0.000000 0.000000 0.355202 0.355201 0.355200 0.355200 0.355203 0.355202 0.355202 0.355204 0.355204 0.355204 0.355202 0.355202 0.355203 0.355200 0.355200 0.355201 0.355202 0.000000 0.000000
0.000000 0.000000 0.360001 0.360000 0.359998 0.359999 0.360001 0.360000 0.360000 0.360001 0.360002 0.360001 0.360000 0.360000 0.360001 0.359999 0.359998 0.360000 0.360001 0.000000 0.000000
0.000000 0.000000 0.364523 0.364522 0.364521 0.364521 0.364523 0.364523 0.364523 0.364524 0.364524 0.364524 0.364523 0.364523 0.364523 0.364521 0.364521 0.364522 0.364523 0.000000 0.000000
0.000000 0.000000 0.368655 0.368655 0.368654 0.368654 0.368656 0.368655 0.368655 0.368656 0.368656 0.368656 0.368655 0.368655 0.368656 0.368654 0.368654 0.368655 0.368655 0.000000 0.000000
0.000000 0.000000 0.372493 0.372492 0.372491 0.372491 0.372493 0.372492 0.372492 0.372493 0.372493 0.372493 0.372492 0.372492 0.372493 0.372491 0.372491 0.372492 0.372493 0.000000 0.000000
0.000000 0.000000 0.376124 0.376124 0.376123 0.376123 0.376124 0.376124 0.376124 0.376125 0.376125 0.376125 0.376124 0.376124 0.376124 0.376123 0.376123 0.376124 0.376124 0.000000 0.000000
0.000000 0.000000 0.379592 0.379592 0.379591 0.379591 0.379592 0.379592 0.379592 0.379593 0.379593 0.379593 0.379592 0.379592 0.379592 0.379591 0.379591 0.379592 0.379592 0.000000 0.000000
0.000000 0.000000 0.382931 0.382931 0.382929 0.382930 0.382931 0.382931 0.382931 0.382931 0.382932 0.382931 0.382931 0.382931 0.382931 0.382930 0.382929 0.382931 0.382931 0.000000 0.000000
0.000000 0.000000 0.386165 0.386164 0.386163 0.386164 0.386165 0.386165 0.386165 0.386165 0.386165 0.386165 0.386165 0.386165 0.386165 0.386164 0.386163 0.386164 0.386165 0.000000 0.000000
0.000000 0.000000 0.389316 0.389315 0.389314 0.389315 0.389316 0.389316 0.389316 0.389316 0.389316 0.389316 0.389316 0.389316 0.389316 0.389315 0.389314 0.389315 0.389316 0.000000 0.000000
0.000000 0.000000 0.392392 0.392392 0.392391 0.392392 0.392393 0.392392 0.392392 0.392393 0.392393 0.392393 0.392392 0.392392 0.392393 0.392392 0.392391 0.392392 0.392392 0.000000 0.000000
0.000000 0.000000 0.395401 0.395400 0.395399 0.395400 0.395401 0.395400 0.395400 0.395401 0.395401 0.395401 0.395400 0.395400 0.395401 0.395400 0.395399 0.395400 0.395401 0.000000 0.000000
0.000000 0.000000 0.398344 0.398344 0.398343 0.398343 0.398345 0.398344 0.398344 0.398345 0.398345 0.398345 0.398344 0.398344 0.398345 0.398343 0.398343 0.398344 0.398344 0.000000 0.000000
0.000000 0.000000 0.401279 0.401279 0.401278 0.401279 0.401280 0.401279 0.401279 0.401280 0.401280 0.401280 0.401279 0.401279 0.401280 0.401279 0.401278 0.401279 0.401280 0.000000 0.000000
0.000000 0.000000 0.350000 0.350000 0.350000 0.350000 0.350000 0.350000 0.350000 0.350000 0.350000 0.350000 0.350000 0.350000 0.350000 0.350000 0.350000 0.350000 0.350000 0.000000 0.000000
0.000000 0.000000 0.000000 0.000000 0.000000 0.000000 0.000000 0.000000 0.000000 0.000000 0.000000 0.000000 0.000000 0.000000 0.000000 0.000000 0.000000 0.000000 0.000000 0.000000 0.000000