geotop/1.0zi/1.0Montebello/Templates/testdem/maps/_Eocsand2073.asc
ncols         21
nrows         20
xllcorner     100.000000
yllcorner     100.000000
cellsize      50.000000
NODATA_value  -9999.0
0.000000 0.000000 0.000000 0.000000 0.000000 0.000000 0.000000 0.000000 0.000000 0.000000 0.000000 0.000000 0.000000 0.000000 0.000000 0.000000 0.000000 0.000000 0.000000 0.000000 0.000000
0.000000 0.000000 0.300061 0.300061 0.300061 0.300061 0.300061 0.300061 0.300061 0.300061 0.300061 0.300061 0.300061 0.300061 0.300061 0.300061 0.300061 0.300061 0.300061 0.000000 0.000000
0.000000 0.000000 0.300008 0.300009 0.300009 0.300008 0.300008 0.300008 0.300008 0.300008 0.300008 0.300008 0.300008 0.300008 0.300008 0.300008 0.300009 0.300009 0.300008 0.000000 0.000000
0.000000 0.000000 0.298639 0.298640 0.298644 0.298642 0.298639 0.298639 0.298639 0.298639 0.298639 0.298639 0.298639 0.298639 0.298639 0.298642 0.298644 0.298640 0.298639 0.000000 0.000000
0.000000 0.000000 0.293085 0.293086 0.293090 0.293090 0.293083 0.293085 0.293085 0.293083 0.293083 0.293083 0.293085 0.293085 0.293083 0.293090 0.293090 0.293086 0.293085 0.000000 0.000000
0.000000 0.000000 0.286232 0.286233 0.286236 0.286236 0.286231 0.286232 0.286232 0.286230 0.286230 0.286230 0.286232 0.286232 0.286231 0.286236 0.286236 0.286233 0.286232 0.000000 0.000000
0.000000 0.000000 0.279834 0.279835 0.279838 0.279838 0.279834 0.279835 0.279835 0.279833 0.279833 0.279833 0.279835 0.279835 0.279834 0.279838 0.279838 0.279835 0.279834 0.000000 0.000000
0.000000 0.000000 0.273960 0.273961 0.273963 0.273963 0.273959 0.273960 0.273960 0.273959 0.273959 0.273959 0.273960 0.273960 0.273959 0.273963 0.273963 0.273961 0.273960 0.000000 0.000000
0.000000 0.000000 0.268467 0.268468 0.268470 0.268470 0.268466 0.268467 0.268467 0.268466 0.268466 0.268466 0.268467 0.268467 0.268466 0.268470 0.268470 0.268468 0.268467 0.000000 0.000000
0.000000 0.000000 0.263223 0.263223 0.263226 0.263225 0.263222 0.263223 0.263223 0.263222 0.263222 0.263222 0.263223 0.263223 0.263222 0.263225 0.263226 0.263223 0.263223 0.000000 0.000000
0.000000 0.000000 0.258169 0.258170 0.258172 0.258171 0.258169 0.258169 0.258169 0.258168 0.258168 0.258168 0.258169 0.258169 0.258169 0.258171 0.258172 0.258170 0.258169 0.000000 0.000000
0.000000 0.000000 0.253260 0.253260 0.253262 0.253262 0.253259 0.253260 0.253260 0.253259 0.253258 0.253259 0.253260 0.253260 0.253259 0.253262 0.253262 0.253260 0.253260 0.000000 0.000000
0.000000 0.000000 0.248461 0.248461 0.248464 0.248463 0.248460 0.248461 0.248461 0.248460 0.248460 0.248460 0.248461 0.248461 0.248460 0.248463 0.248464 0.248461 0.248461 0.000000 0.000000
0.000000 0.000000 0.243761 0.243762 0.243764 0.243764 0.243761 0.243762 0.243762 0.243761 0.243760 0.243761 0.243762 0.243762 0.243761 0.243764 0.243764 0.243762 0.243761 0.000000 0.000000
0.000000 0.000000 0.239140 0.239141 0.239143 0.239142 0.239140 0.239141 0.239140 0.239139 0.239139 0.239139 0.239140 0.239141 0.239140 0.239142 0.239143 0.239141 0.239140 0.000000 0.000000
0.000000 0.000000 0.234586 0.234586 0.234589 0.234588 0.234585 0.234586 0.234586 0.234585 0.234585 0.234585 0.234586 0.234586 0.234585 0.234588 0.234589 0.234586 0.234586 0.000000 0.000000
0.000000 0.000000 0.230099 0.230099 0.230102 0.230101 0.230099 0.230099 0.230099 0.230098 0.230098 0.230098 0.230099 0.230099 0.230099 0.230101 0.230102 0.230099 0.230099 0.000000 0.000000
0.000000 0.000000 0.225616 0.225616 0.225619 0.225618 0.225615 0.225616 0.225616 0.225615 0.225615 0.225615 0.225616 0.225616 0.225615 0.225618 0.225619 0.225616 0.225616 0.000000 0.000000
0.000000 0.000000 0.300000 0.300000 0.300000 0.300000 0.300000 0.300000 0.300000 0.300000 0.300000 0.300000 0.300000 0.300000 0.300000 0.300000 0.300000 0.300000 0.300000 0.000000 0.000000
0.000000 0.000000 0.000000 0.000000 0.000000 0.000000 0.000000 0.000000 0.000000 0.000000 0.000000 0.000000 0.000000 0.000000 0.000000 0.000000 0.000000 0.000000 0.000000 0.000000 0.000000