geotop/1.0zi/1.0Montebello/Templates/testdem/maps/_Eocclay4106.asc
ncols         21
nrows         20
xllcorner     100.000000
yllcorner     100.000000
cellsize      50.000000
NODATA_value  -9999.0
0.000000 0.000000 0.000000 0.000000 0.000000 0.000000 0.000000 0.000000 0.000000 0.000000 0.000000 0.000000 0.000000 0.000000 0.000000 0.000000 0.000000 0.000000 0.000000 0.000000 0.000000
0.000000 0.000000 0.349811 0.349811 0.349812 0.349812 0.349812 0.349812 0.349811 0.349812 0.349812 0.349812 0.349812 0.349812 0.349812 0.349812 0.349811 0.349811 0.349811 0.000000 0.000000
0.000000 0.000000 0.349994 0.349994 0.349994 0.349994 0.349994 0.349994 0.349994 0.349994 0.349993 0.349993 0.349994 0.349994 0.349994 0.349994 0.349994 0.349994 0.349994 0.000000 0.000000
0.000000 0.000000 0.349994 0.349995 0.349993 0.349994 0.349995 0.349995 0.349996 0.349995 0.349995 0.349994 0.349994 0.349993 0.349996 0.349997 0.349996 0.349996 0.349995 0.000000 0.000000
0.000000 0.000000 0.350333 0.350335 0.350333 0.350333 0.350326 0.350325 0.350326 0.350325 0.350324 0.350326 0.350323 0.350322 0.350326 0.350326 0.350326 0.350326 0.350329 0.000000 0.000000
0.000000 0.000000 0.351520 0.351520 0.351516 0.351508 0.351506 0.351497 0.351497 0.351492 0.351496 0.351496 0.351498 0.351496 0.351493 0.351498 0.351504 0.351508 0.351513 0.000000 0.000000
0.000000 0.000000 0.353236 0.353232 0.353228 0.353220 0.353211 0.353192 0.353193 0.353189 0.353192 0.353192 0.353192 0.353188 0.353201 0.353215 0.353222 0.353226 0.353230 0.000000 0.000000
0.000000 0.000000 0.355181 0.355179 0.355175 0.355162 0.355152 0.355135 0.355137 0.355134 0.355135 0.355135 0.355131 0.355127 0.355143 0.355157 0.355164 0.355168 0.355174 0.000000 0.000000
0.000000 0.000000 0.357124 0.357120 0.357113 0.357105 0.357094 0.357075 0.357077 0.357073 0.357073 0.357074 0.357071 0.357069 0.357083 0.357100 0.357107 0.357109 0.357117 0.000000 0.000000
0.000000 0.000000 0.359062 0.359057 0.359052 0.359042 0.359028 0.359011 0.359014 0.359011 0.359011 0.359012 0.359008 0.359005 0.359021 0.359038 0.359045 0.359048 0.359054 0.000000 0.000000
0.000000 0.000000 0.361032 0.361027 0.361022 0.361015 0.361005 0.360984 0.360987 0.360982 0.360982 0.360983 0.360980 0.360976 0.360990 0.361002 0.361011 0.361015 0.361022 0.000000 0.000000
0.000000 0.000000 0.363065 0.363060 0.363054 0.363042 0.363032 0.363012 0.363012 0.363009 0.363009 0.363008 0.363006 0.363002 0.363020 0.363035 0.363043 0.363046 0.363069 0.000000 0.000000
0.000000 0.000000 0.365117 0.365112 0.365105 0.365097 0.365084 0.365043 0.365043 0.365040 0.365039 0.365040 0.365036 0.365034 0.365068 0.365086 0.365094 0.365098 0.365112 0.000000 0.000000
0.000000 0.000000 0.367282 0.367274 0.367268 0.367259 0.367220 0.367209 0.367203 0.367200 0.367200 0.367200 0.367196 0.367193 0.367204 0.367245 0.367254 0.367263 0.367271 0.000000 0.000000
0.000000 0.000000 0.369605 0.369598 0.369584 0.369549 0.369531 0.369506 0.369493 0.369489 0.369483 0.369482 0.369482 0.369474 0.369492 0.369522 0.369567 0.369566 0.369573 0.000000 0.000000
0.000000 0.000000 0.371993 0.371986 0.371939 0.371933 0.371923 0.371911 0.371909 0.371908 0.371910 0.371909 0.371901 0.371905 0.371910 0.371922 0.371924 0.371970 0.371982 0.000000 0.000000
0.000000 0.000000 0.374630 0.374573 0.374532 0.374518 0.374491 0.374477 0.374474 0.374471 0.374465 0.374465 0.374463 0.374455 0.374464 0.374498 0.374519 0.374544 0.374600 0.000000 0.000000
0.000000 0.000000 0.376708 0.376692 0.376724 0.376705 0.376681 0.376628 0.376623 0.376617 0.376619 0.376618 0.376613 0.376612 0.376659 0.376688 0.376722 0.376673 0.376698 0.000000 0.000000
0.000000 0.000000 0.350000 0.350000 0.350000 0.350000 0.350000 0.350000 0.350000 0.350000 0.350000 0.350000 0.350000 0.350000 0.350000 0.350000 0.350000 0.350000 0.350000 0.000000 0.000000
0.000000 0.000000 0.000000 0.000000 0.000000 0.000000 0.000000 0.000000 0.000000 0.000000 0.000000 0.000000 0.000000 0.000000 0.000000 0.000000 0.000000 0.000000 0.000000 0.000000 0.000000