geotop/1.0zi/1.0Montebello/Templates/testdem/maps/_Eocsilt4935.asc
ncols         21
nrows         20
xllcorner     100.000000
yllcorner     100.000000
cellsize      50.000000
NODATA_value  -9999.0
0.000000 0.000000 0.000000 0.000000 0.000000 0.000000 0.000000 0.000000 0.000000 0.000000 0.000000 0.000000 0.000000 0.000000 0.000000 0.000000 0.000000 0.000000 0.000000 0.000000 0.000000
0.000000 0.000000 0.350100 0.350100 0.350100 0.350100 0.350100 0.350100 0.350100 0.350100 0.350100 0.350100 0.350100 0.350100 0.350100 0.350100 0.350100 0.350100 0.350100 0.000000 0.000000
0.000000 0.000000 0.350002 0.350003 0.350003 0.350003 0.350004 0.350004 0.350004 0.350004 0.350004 0.350004 0.350004 0.350003 0.350003 0.350003 0.350002 0.350002 0.350002 0.000000 0.000000
0.000000 0.000000 0.350036 0.350036 0.350036 0.350031 0.350032 0.350030 0.350032 0.350033 0.350032 0.350031 0.350032 0.350031 0.350032 0.350035 0.350035 0.350037 0.350036 0.000000 0.000000
0.000000 0.000000 0.350429 0.350432 0.350431 0.350427 0.350424 0.350421 0.350419 0.350417 0.350415 0.350417 0.350418 0.350418 0.350423 0.350424 0.350425 0.350432 0.350436 0.000000 0.000000
0.000000 0.000000 0.351697 0.351700 0.351696 0.351684 0.351677 0.351662 0.351660 0.351655 0.351659 0.351661 0.351665 0.351664 0.351669 0.351675 0.351681 0.351684 0.351688 0.000000 0.000000
0.000000 0.000000 0.353647 0.353646 0.353640 0.353624 0.353606 0.353588 0.353590 0.353587 0.353590 0.353588 0.353586 0.353591 0.353604 0.353619 0.353626 0.353633 0.353640 0.000000 0.000000
0.000000 0.000000 0.355942 0.355939 0.355938 0.355923 0.355905 0.355887 0.355888 0.355885 0.355885 0.355885 0.355884 0.355884 0.355902 0.355921 0.355931 0.355934 0.355940 0.000000 0.000000
0.000000 0.000000 0.358331 0.358325 0.358320 0.358308 0.358290 0.358267 0.358268 0.358264 0.358264 0.358265 0.358264 0.358266 0.358284 0.358304 0.358312 0.358319 0.358327 0.000000 0.000000
0.000000 0.000000 0.360706 0.360702 0.360698 0.360686 0.360666 0.360646 0.360649 0.360646 0.360645 0.360646 0.360644 0.360644 0.360664 0.360683 0.360691 0.360696 0.360702 0.000000 0.000000
0.000000 0.000000 0.363115 0.363110 0.363107 0.363096 0.363080 0.363056 0.363059 0.363054 0.363053 0.363054 0.363052 0.363053 0.363071 0.363086 0.363096 0.363101 0.363109 0.000000 0.000000
0.000000 0.000000 0.365618 0.365614 0.365607 0.365593 0.365577 0.365553 0.365552 0.365550 0.365550 0.365549 0.365548 0.365548 0.365572 0.365589 0.365598 0.365603 0.365628 0.000000 0.000000
0.000000 0.000000 0.368166 0.368161 0.368155 0.368144 0.368124 0.368073 0.368073 0.368069 0.368068 0.368069 0.368066 0.368068 0.368113 0.368134 0.368143 0.368148 0.368163 0.000000 0.000000
0.000000 0.000000 0.370883 0.370873 0.370869 0.370858 0.370803 0.370790 0.370782 0.370779 0.370779 0.370779 0.370776 0.370777 0.370792 0.370844 0.370855 0.370866 0.370875 0.000000 0.000000
0.000000 0.000000 0.373828 0.373821 0.373806 0.373758 0.373733 0.373700 0.373684 0.373680 0.373672 0.373671 0.373674 0.373670 0.373695 0.373730 0.373789 0.373787 0.373795 0.000000 0.000000
0.000000 0.000000 0.376890 0.376882 0.376823 0.376813 0.376796 0.376780 0.376779 0.376779 0.376782 0.376781 0.376773 0.376785 0.376794 0.376808 0.376806 0.376873 0.376888 0.000000 0.000000
0.000000 0.000000 0.380328 0.380246 0.380200 0.380176 0.380133 0.380110 0.380106 0.380103 0.380094 0.380094 0.380096 0.380090 0.380108 0.380155 0.380187 0.380216 0.380296 0.000000 0.000000
0.000000 0.000000 0.382958 0.382946 0.383000 0.382970 0.382935 0.382855 0.382848 0.382841 0.382845 0.382844 0.382840 0.382847 0.382920 0.382957 0.383001 0.382932 0.382958 0.000000 0.000000
0.000000 0.000000 0.350000 0.350000 0.350000 0.350000 0.350000 0.350000 0.350000 0.350000 0.350000 0.350000 0.350000 0.350000 0.350000 0.350000 0.350000 0.350000 0.350000 0.000000 0.000000
0.000000 0.000000 0.000000 0.000000 0.000000 0.000000 0.000000 0.000000 0.000000 0.000000 0.000000 0.000000 0.000000 0.000000 0.000000 0.000000 0.000000 0.000000 0.000000 0.000000 0.000000