geotop/1.0zi/1.0Montebello/Templates/testdem/maps/_Eocclay3456.asc
ncols         21
nrows         20
xllcorner     100.000000
yllcorner     100.000000
cellsize      50.000000
NODATA_value  -9999.0
0.000000 0.000000 0.000000 0.000000 0.000000 0.000000 0.000000 0.000000 0.000000 0.000000 0.000000 0.000000 0.000000 0.000000 0.000000 0.000000 0.000000 0.000000 0.000000 0.000000 0.000000
0.000000 0.000000 0.349816 0.349816 0.349816 0.349815 0.349816 0.349816 0.349816 0.349816 0.349815 0.349816 0.349816 0.349816 0.349816 0.349815 0.349816 0.349816 0.349816 0.000000 0.000000
0.000000 0.000000 0.349996 0.349996 0.349995 0.349996 0.349996 0.349996 0.349996 0.349996 0.349996 0.349996 0.349996 0.349996 0.349996 0.349996 0.349995 0.349996 0.349996 0.000000 0.000000
0.000000 0.000000 0.351304 0.351304 0.351301 0.351302 0.351303 0.351303 0.351303 0.351304 0.351304 0.351304 0.351303 0.351303 0.351303 0.351302 0.351301 0.351304 0.351304 0.000000 0.000000
0.000000 0.000000 0.356641 0.356641 0.356639 0.356639 0.356643 0.356641 0.356641 0.356642 0.356643 0.356642 0.356641 0.356641 0.356643 0.356639 0.356639 0.356641 0.356641 0.000000 0.000000
0.000000 0.000000 0.362534 0.362533 0.362532 0.362532 0.362534 0.362533 0.362533 0.362534 0.362535 0.362534 0.362533 0.362533 0.362534 0.362532 0.362532 0.362533 0.362534 0.000000 0.000000
0.000000 0.000000 0.368055 0.368054 0.368053 0.368053 0.368055 0.368054 0.368054 0.368055 0.368056 0.368055 0.368054 0.368054 0.368055 0.368053 0.368053 0.368054 0.368055 0.000000 0.000000
0.000000 0.000000 0.373076 0.373076 0.373074 0.373075 0.373077 0.373076 0.373076 0.373076 0.373077 0.373076 0.373076 0.373076 0.373077 0.373075 0.373074 0.373076 0.373076 0.000000 0.000000
0.000000 0.000000 0.377714 0.377714 0.377713 0.377713 0.377715 0.377714 0.377714 0.377715 0.377715 0.377715 0.377714 0.377714 0.377715 0.377713 0.377713 0.377714 0.377714 0.000000 0.000000
0.000000 0.000000 0.382077 0.382076 0.382075 0.382075 0.382077 0.382076 0.382076 0.382077 0.382077 0.382077 0.382076 0.382076 0.382077 0.382075 0.382075 0.382076 0.382077 0.000000 0.000000
0.000000 0.000000 0.386218 0.386218 0.386217 0.386217 0.386219 0.386218 0.386218 0.386218 0.386219 0.386218 0.386218 0.386218 0.386219 0.386217 0.386217 0.386218 0.386218 0.000000 0.000000
0.000000 0.000000 0.390179 0.390179 0.390178 0.390178 0.390179 0.390179 0.390179 0.390179 0.390180 0.390179 0.390179 0.390179 0.390179 0.390178 0.390178 0.390179 0.390179 0.000000 0.000000
0.000000 0.000000 0.393989 0.393989 0.393988 0.393988 0.393989 0.393989 0.393989 0.393989 0.393990 0.393989 0.393989 0.393989 0.393989 0.393988 0.393988 0.393989 0.393989 0.000000 0.000000
0.000000 0.000000 0.397677 0.397677 0.397676 0.397676 0.397677 0.397677 0.397677 0.397677 0.397678 0.397677 0.397677 0.397677 0.397677 0.397676 0.397676 0.397677 0.397677 0.000000 0.000000
0.000000 0.000000 0.401254 0.401254 0.401253 0.401253 0.401255 0.401254 0.401254 0.401255 0.401255 0.401255 0.401254 0.401254 0.401255 0.401253 0.401253 0.401254 0.401254 0.000000 0.000000
0.000000 0.000000 0.404726 0.404726 0.404725 0.404725 0.404726 0.404726 0.404726 0.404726 0.404727 0.404726 0.404726 0.404726 0.404726 0.404725 0.404725 0.404726 0.404726 0.000000 0.000000
0.000000 0.000000 0.408104 0.408104 0.408103 0.408103 0.408104 0.408104 0.408104 0.408104 0.408105 0.408104 0.408104 0.408104 0.408104 0.408103 0.408103 0.408104 0.408104 0.000000 0.000000
0.000000 0.000000 0.411446 0.411447 0.411446 0.411446 0.411447 0.411447 0.411447 0.411447 0.411447 0.411447 0.411447 0.411447 0.411447 0.411446 0.411446 0.411447 0.411447 0.000000 0.000000
0.000000 0.000000 0.350000 0.350000 0.350000 0.350000 0.350000 0.350000 0.350000 0.350000 0.350000 0.350000 0.350000 0.350000 0.350000 0.350000 0.350000 0.350000 0.350000 0.000000 0.000000
0.000000 0.000000 0.000000 0.000000 0.000000 0.000000 0.000000 0.000000 0.000000 0.000000 0.000000 0.000000 0.000000 0.000000 0.000000 0.000000 0.000000 0.000000 0.000000 0.000000 0.000000