geotop/1.0zi/1.0Montebello/Templates/testdem/maps/_Eocsand2374.asc
ncols         21
nrows         20
xllcorner     100.000000
yllcorner     100.000000
cellsize      50.000000
NODATA_value  -9999.0
0.000000 0.000000 0.000000 0.000000 0.000000 0.000000 0.000000 0.000000 0.000000 0.000000 0.000000 0.000000 0.000000 0.000000 0.000000 0.000000 0.000000 0.000000 0.000000 0.000000 0.000000
0.000000 0.000000 0.300070 0.300070 0.300070 0.300070 0.300070 0.300070 0.300070 0.300070 0.300072 0.300070 0.300070 0.300070 0.300070 0.300070 0.300070 0.300070 0.300070 0.000000 0.000000
0.000000 0.000000 0.300013 0.300013 0.300013 0.300012 0.300013 0.300013 0.300013 0.300013 0.300011 0.300013 0.300013 0.300013 0.300013 0.300012 0.300013 0.300013 0.300013 0.000000 0.000000
0.000000 0.000000 0.298478 0.298479 0.298483 0.298481 0.298477 0.298478 0.298478 0.298478 0.298477 0.298478 0.298478 0.298478 0.298477 0.298481 0.298483 0.298479 0.298478 0.000000 0.000000
0.000000 0.000000 0.292035 0.292036 0.292040 0.292040 0.292034 0.292036 0.292035 0.292033 0.292033 0.292033 0.292035 0.292036 0.292034 0.292040 0.292040 0.292036 0.292035 0.000000 0.000000
0.000000 0.000000 0.284137 0.284138 0.284141 0.284140 0.284135 0.284137 0.284137 0.284135 0.284135 0.284135 0.284137 0.284137 0.284135 0.284140 0.284141 0.284138 0.284137 0.000000 0.000000
0.000000 0.000000 0.276768 0.276769 0.276772 0.276771 0.276767 0.276769 0.276769 0.276767 0.276767 0.276767 0.276769 0.276769 0.276767 0.276771 0.276772 0.276769 0.276768 0.000000 0.000000
0.000000 0.000000 0.270014 0.270015 0.270017 0.270017 0.270013 0.270014 0.270014 0.270013 0.270012 0.270013 0.270014 0.270014 0.270013 0.270017 0.270017 0.270015 0.270014 0.000000 0.000000
0.000000 0.000000 0.263710 0.263711 0.263713 0.263713 0.263709 0.263711 0.263710 0.263709 0.263709 0.263709 0.263710 0.263711 0.263709 0.263713 0.263713 0.263711 0.263710 0.000000 0.000000
0.000000 0.000000 0.257713 0.257713 0.257716 0.257715 0.257712 0.257713 0.257713 0.257712 0.257711 0.257712 0.257713 0.257713 0.257712 0.257715 0.257716 0.257713 0.257713 0.000000 0.000000
0.000000 0.000000 0.251952 0.251952 0.251954 0.251954 0.251951 0.251952 0.251952 0.251951 0.251950 0.251951 0.251952 0.251952 0.251951 0.251954 0.251954 0.251952 0.251952 0.000000 0.000000
0.000000 0.000000 0.246373 0.246374 0.246376 0.246375 0.246373 0.246374 0.246374 0.246372 0.246372 0.246372 0.246374 0.246374 0.246373 0.246375 0.246376 0.246374 0.246373 0.000000 0.000000
0.000000 0.000000 0.240937 0.240938 0.240940 0.240939 0.240937 0.240938 0.240937 0.240936 0.240936 0.240936 0.240937 0.240938 0.240937 0.240939 0.240940 0.240938 0.240937 0.000000 0.000000
0.000000 0.000000 0.235618 0.235619 0.235621 0.235620 0.235618 0.235619 0.235619 0.235617 0.235617 0.235617 0.235619 0.235619 0.235618 0.235620 0.235621 0.235619 0.235618 0.000000 0.000000
0.000000 0.000000 0.230398 0.230398 0.230401 0.230400 0.230397 0.230398 0.230398 0.230397 0.230397 0.230397 0.230398 0.230398 0.230397 0.230400 0.230401 0.230398 0.230398 0.000000 0.000000
0.000000 0.000000 0.225270 0.225271 0.225273 0.225272 0.225270 0.225271 0.225271 0.225270 0.225269 0.225270 0.225271 0.225271 0.225270 0.225272 0.225273 0.225271 0.225270 0.000000 0.000000
0.000000 0.000000 0.220232 0.220233 0.220235 0.220234 0.220232 0.220233 0.220233 0.220232 0.220231 0.220232 0.220233 0.220233 0.220232 0.220234 0.220235 0.220233 0.220232 0.000000 0.000000
0.000000 0.000000 0.215208 0.215208 0.215210 0.215209 0.215207 0.215208 0.215208 0.215207 0.215206 0.215207 0.215208 0.215208 0.215207 0.215209 0.215210 0.215208 0.215208 0.000000 0.000000
0.000000 0.000000 0.300000 0.300000 0.300000 0.300000 0.300000 0.300000 0.300000 0.300000 0.300000 0.300000 0.300000 0.300000 0.300000 0.300000 0.300000 0.300000 0.300000 0.000000 0.000000
0.000000 0.000000 0.000000 0.000000 0.000000 0.000000 0.000000 0.000000 0.000000 0.000000 0.000000 0.000000 0.000000 0.000000 0.000000 0.000000 0.000000 0.000000 0.000000 0.000000 0.000000