geotop/1.0zi/1.0Montebello/Templates/testdem/maps/_Eocclay7474.asc
ncols         21
nrows         20
xllcorner     100.000000
yllcorner     100.000000
cellsize      50.000000
NODATA_value  -9999.0
0.000000 0.000000 0.000000 0.000000 0.000000 0.000000 0.000000 0.000000 0.000000 0.000000 0.000000 0.000000 0.000000 0.000000 0.000000 0.000000 0.000000 0.000000 0.000000 0.000000 0.000000
0.000000 0.000000 0.349659 0.349660 0.349660 0.349659 0.349660 0.349660 0.349660 0.349660 0.349659 0.349660 0.349660 0.349660 0.349661 0.349660 0.349658 0.349659 0.349660 0.000000 0.000000
0.000000 0.000000 0.349986 0.349985 0.349986 0.349987 0.349986 0.349985 0.349985 0.349985 0.349985 0.349985 0.349986 0.349985 0.349986 0.349986 0.349987 0.349986 0.349984 0.000000 0.000000
0.000000 0.000000 0.350004 0.350009 0.350005 0.350005 0.350007 0.350005 0.350007 0.350004 0.350007 0.350005 0.350005 0.350004 0.350005 0.350008 0.350006 0.350010 0.350008 0.000000 0.000000
0.000000 0.000000 0.350952 0.350949 0.350945 0.350940 0.350925 0.350922 0.350920 0.350923 0.350919 0.350920 0.350916 0.350920 0.350930 0.350931 0.350939 0.350940 0.350947 0.000000 0.000000
0.000000 0.000000 0.353472 0.353471 0.353460 0.353433 0.353420 0.353397 0.353398 0.353392 0.353395 0.353395 0.353397 0.353398 0.353409 0.353427 0.353441 0.353455 0.353461 0.000000 0.000000
0.000000 0.000000 0.356962 0.356958 0.356950 0.356928 0.356899 0.356863 0.356862 0.356857 0.356858 0.356859 0.356858 0.356859 0.356891 0.356919 0.356934 0.356946 0.356954 0.000000 0.000000
0.000000 0.000000 0.361117 0.361115 0.361108 0.361080 0.361052 0.361013 0.361013 0.361009 0.361008 0.361006 0.361003 0.361011 0.361044 0.361069 0.361093 0.361102 0.361113 0.000000 0.000000
0.000000 0.000000 0.365473 0.365467 0.365454 0.365437 0.365407 0.365368 0.365370 0.365362 0.365359 0.365357 0.365358 0.365357 0.365396 0.365428 0.365446 0.365455 0.365465 0.000000 0.000000
0.000000 0.000000 0.370031 0.370022 0.370016 0.369999 0.369956 0.369920 0.369921 0.369917 0.369910 0.369913 0.369919 0.369916 0.369949 0.369986 0.370008 0.370015 0.370023 0.000000 0.000000
0.000000 0.000000 0.374929 0.374923 0.374915 0.374881 0.374850 0.374809 0.374818 0.374796 0.374798 0.374797 0.374789 0.374804 0.374834 0.374856 0.374884 0.374899 0.374918 0.000000 0.000000
0.000000 0.000000 0.380277 0.380263 0.380247 0.380223 0.380191 0.380140 0.380138 0.380131 0.380142 0.380125 0.380128 0.380132 0.380185 0.380211 0.380231 0.380241 0.380288 0.000000 0.000000
0.000000 0.000000 0.385978 0.385963 0.385957 0.385925 0.385897 0.385772 0.385770 0.385762 0.385730 0.385746 0.385753 0.385765 0.385861 0.385888 0.385936 0.385942 0.385968 0.000000 0.000000
0.000000 0.000000 0.392516 0.392511 0.392486 0.392463 0.392316 0.392313 0.392282 0.392282 0.392286 0.392280 0.392276 0.392271 0.392268 0.392422 0.392452 0.392493 0.392526 0.000000 0.000000
0.000000 0.000000 0.400091 0.400079 0.400046 0.399869 0.399863 0.399777 0.399729 0.399720 0.399690 0.399668 0.399687 0.399681 0.399766 0.399785 0.400022 0.399993 0.400004 0.000000 0.000000
0.000000 0.000000 0.408391 0.408379 0.408126 0.408163 0.408148 0.408110 0.408195 0.408164 0.408205 0.408182 0.408145 0.408207 0.408226 0.408240 0.408102 0.408453 0.408449 0.000000 0.000000
0.000000 0.000000 0.418679 0.418281 0.418304 0.418171 0.417971 0.417911 0.417826 0.417844 0.417735 0.417740 0.417798 0.417747 0.417846 0.417995 0.418288 0.418159 0.418569 0.000000 0.000000
0.000000 0.000000 0.423767 0.424069 0.424444 0.424417 0.424393 0.424044 0.424077 0.423983 0.424116 0.424085 0.424076 0.424117 0.424421 0.424437 0.424511 0.424186 0.423895 0.000000 0.000000
0.000000 0.000000 0.350000 0.350000 0.350000 0.350000 0.350000 0.350000 0.350000 0.350000 0.350000 0.350000 0.350000 0.350000 0.350000 0.350000 0.350000 0.350000 0.350000 0.000000 0.000000
0.000000 0.000000 0.000000 0.000000 0.000000 0.000000 0.000000 0.000000 0.000000 0.000000 0.000000 0.000000 0.000000 0.000000 0.000000 0.000000 0.000000 0.000000 0.000000 0.000000 0.000000