geotop/1.0zi/1.0Montebello/Templates/testdem/maps/_Eocsand6113.asc
ncols         21
nrows         20
xllcorner     100.000000
yllcorner     100.000000
cellsize      50.000000
NODATA_value  -9999.0
0.000000 0.000000 0.000000 0.000000 0.000000 0.000000 0.000000 0.000000 0.000000 0.000000 0.000000 0.000000 0.000000 0.000000 0.000000 0.000000 0.000000 0.000000 0.000000 0.000000 0.000000
0.000000 0.000000 0.300151 0.300150 0.300150 0.300150 0.300150 0.300150 0.300150 0.300150 0.300150 0.300150 0.300150 0.300150 0.300150 0.300150 0.300150 0.300150 0.300151 0.000000 0.000000
0.000000 0.000000 0.300009 0.300008 0.300008 0.300008 0.300008 0.300008 0.300008 0.300008 0.300008 0.300008 0.300007 0.300007 0.300008 0.300008 0.300010 0.300010 0.300009 0.000000 0.000000
0.000000 0.000000 0.299970 0.299969 0.299972 0.299976 0.299973 0.299975 0.299972 0.299974 0.299973 0.299975 0.299974 0.299976 0.299972 0.299967 0.299968 0.299965 0.299967 0.000000 0.000000
0.000000 0.000000 0.298943 0.298941 0.298943 0.298951 0.298965 0.298974 0.298974 0.298975 0.298978 0.298977 0.298979 0.298977 0.298967 0.298965 0.298960 0.298949 0.298940 0.000000 0.000000
0.000000 0.000000 0.295668 0.295664 0.295676 0.295711 0.295728 0.295763 0.295764 0.295773 0.295765 0.295763 0.295759 0.295762 0.295751 0.295730 0.295714 0.295698 0.295689 0.000000 0.000000
0.000000 0.000000 0.290744 0.290748 0.290759 0.290795 0.290838 0.290890 0.290889 0.290896 0.290892 0.290890 0.290893 0.290891 0.290852 0.290810 0.290791 0.290772 0.290757 0.000000 0.000000
0.000000 0.000000 0.284755 0.284755 0.284760 0.284799 0.284842 0.284899 0.284898 0.284904 0.284904 0.284905 0.284908 0.284901 0.284856 0.284816 0.284784 0.284775 0.284755 0.000000 0.000000
0.000000 0.000000 0.278544 0.278552 0.278569 0.278592 0.278635 0.278695 0.278692 0.278702 0.278708 0.278705 0.278705 0.278709 0.278654 0.278609 0.278581 0.278571 0.278553 0.000000 0.000000
0.000000 0.000000 0.272249 0.272259 0.272266 0.272284 0.272344 0.272399 0.272395 0.272402 0.272411 0.272403 0.272395 0.272402 0.272357 0.272305 0.272276 0.272270 0.272257 0.000000 0.000000
0.000000 0.000000 0.265721 0.265727 0.265731 0.265776 0.265817 0.265877 0.265864 0.265892 0.265892 0.265890 0.265898 0.265882 0.265845 0.265812 0.265779 0.265760 0.265733 0.000000 0.000000
0.000000 0.000000 0.258828 0.258843 0.258863 0.258894 0.258931 0.259003 0.259001 0.259017 0.259000 0.259018 0.259014 0.259009 0.258943 0.258911 0.258887 0.258877 0.258809 0.000000 0.000000
0.000000 0.000000 0.251713 0.251727 0.251734 0.251770 0.251804 0.251954 0.251954 0.251966 0.251998 0.251981 0.251970 0.251959 0.251848 0.251818 0.251765 0.251759 0.251711 0.000000 0.000000
0.000000 0.000000 0.243932 0.243941 0.243963 0.243986 0.244135 0.244169 0.244202 0.244204 0.244214 0.244210 0.244210 0.244215 0.244197 0.244047 0.244003 0.243965 0.243916 0.000000 0.000000
0.000000 0.000000 0.235304 0.235316 0.235350 0.235507 0.235551 0.235639 0.235695 0.235705 0.235733 0.235750 0.235733 0.235744 0.235675 0.235608 0.235386 0.235405 0.235376 0.000000 0.000000
0.000000 0.000000 0.226118 0.226129 0.226339 0.226367 0.226378 0.226432 0.226386 0.226411 0.226392 0.226414 0.226439 0.226396 0.226363 0.226343 0.226371 0.226102 0.226095 0.000000 0.000000
0.000000 0.000000 0.215485 0.215775 0.215860 0.215943 0.216080 0.216148 0.216176 0.216178 0.216243 0.216250 0.216221 0.216235 0.216156 0.216050 0.215882 0.215842 0.215546 0.000000 0.000000
0.000000 0.000000 0.207963 0.207923 0.207659 0.207724 0.207821 0.208087 0.208091 0.208152 0.208106 0.208122 0.208106 0.208098 0.207854 0.207782 0.207618 0.207888 0.207910 0.000000 0.000000
0.000000 0.000000 0.300000 0.300000 0.300000 0.300000 0.300000 0.300000 0.300000 0.300000 0.300000 0.300000 0.300000 0.300000 0.300000 0.300000 0.300000 0.300000 0.300000 0.000000 0.000000
0.000000 0.000000 0.000000 0.000000 0.000000 0.000000 0.000000 0.000000 0.000000 0.000000 0.000000 0.000000 0.000000 0.000000 0.000000 0.000000 0.000000 0.000000 0.000000 0.000000 0.000000