geotop/1.0zi/1.0Montebello/Templates/testdem/maps/_Eocsand9928.asc
ncols         21
nrows         20
xllcorner     100.000000
yllcorner     100.000000
cellsize      50.000000
NODATA_value  -9999.0
0.000000 0.000000 0.000000 0.000000 0.000000 0.000000 0.000000 0.000000 0.000000 0.000000 0.000000 0.000000 0.000000 0.000000 0.000000 0.000000 0.000000 0.000000 0.000000 0.000000 0.000000
0.000000 0.000000 0.300245 0.300242 0.300243 0.300244 0.300243 0.300242 0.300243 0.300243 0.300244 0.300243 0.300243 0.300243 0.300243 0.300243 0.300244 0.300243 0.300243 0.000000 0.000000
0.000000 0.000000 0.300011 0.300013 0.300012 0.300011 0.300012 0.300013 0.300012 0.300012 0.300012 0.300012 0.300011 0.300012 0.300012 0.300012 0.300013 0.300013 0.300014 0.000000 0.000000
0.000000 0.000000 0.299811 0.299809 0.299818 0.299826 0.299825 0.299831 0.299823 0.299825 0.299824 0.299823 0.299822 0.299824 0.299819 0.299812 0.299809 0.299806 0.299808 0.000000 0.000000
0.000000 0.000000 0.296988 0.296988 0.297004 0.297039 0.297068 0.297077 0.297077 0.297078 0.297082 0.297074 0.297069 0.297069 0.297045 0.297031 0.297017 0.297006 0.296994 0.000000 0.000000
0.000000 0.000000 0.289231 0.289243 0.289282 0.289351 0.289416 0.289475 0.289472 0.289481 0.289485 0.289484 0.289473 0.289478 0.289441 0.289386 0.289359 0.289337 0.289325 0.000000 0.000000
0.000000 0.000000 0.278508 0.278532 0.278564 0.278645 0.278728 0.278843 0.278840 0.278847 0.278860 0.278860 0.278861 0.278858 0.278762 0.278695 0.278653 0.278624 0.278609 0.000000 0.000000
0.000000 0.000000 0.265768 0.265796 0.265829 0.265925 0.266018 0.266121 0.266119 0.266130 0.266145 0.266151 0.266155 0.266138 0.266050 0.265974 0.265906 0.265892 0.265863 0.000000 0.000000
0.000000 0.000000 0.251724 0.251763 0.251815 0.251891 0.251997 0.252121 0.252109 0.252130 0.252152 0.252156 0.252150 0.252157 0.252033 0.251942 0.251889 0.251866 0.251842 0.000000 0.000000
0.000000 0.000000 0.236134 0.236188 0.236231 0.236313 0.236429 0.236560 0.236558 0.236572 0.236604 0.236594 0.236578 0.236585 0.236484 0.236365 0.236303 0.236279 0.236268 0.000000 0.000000
0.000000 0.000000 0.218297 0.218343 0.218383 0.218562 0.218617 0.218793 0.218756 0.218838 0.218839 0.218852 0.218880 0.218834 0.218719 0.218645 0.218556 0.218526 0.218449 0.000000 0.000000
0.000000 0.000000 0.197347 0.197442 0.197550 0.197638 0.197733 0.197957 0.197962 0.197965 0.197948 0.198026 0.197989 0.198003 0.197797 0.197680 0.197634 0.197605 0.197452 0.000000 0.000000
0.000000 0.000000 0.173625 0.173713 0.173739 0.173913 0.174030 0.174628 0.174639 0.174671 0.174893 0.174762 0.174752 0.174701 0.174252 0.174153 0.173934 0.173923 0.173892 0.000000 0.000000
0.000000 0.000000 0.144244 0.144283 0.144483 0.144605 0.145446 0.145130 0.145310 0.145302 0.145188 0.145314 0.145331 0.145428 0.145708 0.144788 0.144764 0.144549 0.144423 0.000000 0.000000
0.000000 0.000000 0.111665 0.111764 0.111916 0.112974 0.112492 0.113163 0.113301 0.113363 0.113622 0.113690 0.113577 0.113562 0.112972 0.113430 0.112066 0.112395 0.112452 0.000000 0.000000
0.000000 0.000000 0.084248 0.084301 0.085326 0.084786 0.084982 0.084930 0.084478 0.084593 0.084356 0.084396 0.084592 0.084351 0.084499 0.084316 0.085490 0.083921 0.083944 0.000000 0.000000
0.000000 0.000000 0.062272 0.062931 0.062827 0.063070 0.063429 0.063506 0.063678 0.063638 0.063842 0.063820 0.063709 0.063821 0.063679 0.063407 0.062895 0.063217 0.062534 0.000000 0.000000
0.000000 0.000000 0.051936 0.051994 0.051612 0.051771 0.051943 0.052267 0.052319 0.052376 0.052357 0.052371 0.052329 0.052350 0.052042 0.051910 0.051612 0.052070 0.052005 0.000000 0.000000
0.000000 0.000000 0.300000 0.300000 0.300000 0.300000 0.300000 0.300000 0.300000 0.300000 0.300000 0.300000 0.300000 0.300000 0.300000 0.300000 0.300000 0.300000 0.300000 0.000000 0.000000
0.000000 0.000000 0.000000 0.000000 0.000000 0.000000 0.000000 0.000000 0.000000 0.000000 0.000000 0.000000 0.000000 0.000000 0.000000 0.000000 0.000000 0.000000 0.000000 0.000000 0.000000