geotop/1.0zi/1.0Montebello/Templates/testdem/maps/_Eocsilt8523.asc
ncols         21
nrows         20
xllcorner     100.000000
yllcorner     100.000000
cellsize      50.000000
NODATA_value  -9999.0
0.000000 0.000000 0.000000 0.000000 0.000000 0.000000 0.000000 0.000000 0.000000 0.000000 0.000000 0.000000 0.000000 0.000000 0.000000 0.000000 0.000000 0.000000 0.000000 0.000000 0.000000
0.000000 0.000000 0.350178 0.350179 0.350179 0.350179 0.350178 0.350179 0.350179 0.350178 0.350179 0.350178 0.350178 0.350178 0.350178 0.350179 0.350179 0.350179 0.350179 0.000000 0.000000
0.000000 0.000000 0.350006 0.350006 0.350006 0.350005 0.350006 0.350006 0.350006 0.350006 0.350007 0.350006 0.350007 0.350007 0.350006 0.350006 0.350004 0.350004 0.350005 0.000000 0.000000
0.000000 0.000000 0.350102 0.350099 0.350096 0.350091 0.350092 0.350087 0.350090 0.350090 0.350087 0.350089 0.350089 0.350089 0.350091 0.350095 0.350098 0.350098 0.350100 0.000000 0.000000
0.000000 0.000000 0.351077 0.351083 0.351072 0.351060 0.351052 0.351045 0.351043 0.351041 0.351041 0.351043 0.351047 0.351046 0.351059 0.351063 0.351067 0.351076 0.351078 0.000000 0.000000
0.000000 0.000000 0.353948 0.353946 0.353937 0.353918 0.353897 0.353875 0.353873 0.353867 0.353872 0.353873 0.353876 0.353873 0.353887 0.353900 0.353913 0.353920 0.353927 0.000000 0.000000
0.000000 0.000000 0.358091 0.358084 0.358073 0.358045 0.358009 0.357972 0.357974 0.357970 0.357970 0.357970 0.357968 0.357972 0.358004 0.358032 0.358050 0.358065 0.358072 0.000000 0.000000
0.000000 0.000000 0.362993 0.362988 0.362982 0.362951 0.362919 0.362878 0.362878 0.362872 0.362871 0.362869 0.362867 0.362874 0.362910 0.362938 0.362966 0.362971 0.362985 0.000000 0.000000
0.000000 0.000000 0.368293 0.368280 0.368265 0.368245 0.368208 0.368161 0.368164 0.368154 0.368152 0.368150 0.368152 0.368150 0.368196 0.368231 0.368253 0.368265 0.368276 0.000000 0.000000
0.000000 0.000000 0.373924 0.373912 0.373903 0.373884 0.373832 0.373790 0.373791 0.373785 0.373779 0.373784 0.373789 0.373787 0.373825 0.373867 0.373892 0.373901 0.373908 0.000000 0.000000
0.000000 0.000000 0.380070 0.380063 0.380054 0.380006 0.379972 0.379920 0.379934 0.379904 0.379910 0.379908 0.379899 0.379915 0.379953 0.379977 0.380012 0.380028 0.380052 0.000000 0.000000
0.000000 0.000000 0.386956 0.386934 0.386913 0.386887 0.386842 0.386782 0.386776 0.386771 0.386784 0.386763 0.386772 0.386773 0.386839 0.386873 0.386894 0.386908 0.386963 0.000000 0.000000
0.000000 0.000000 0.394460 0.394438 0.394435 0.394387 0.394353 0.394184 0.394180 0.394172 0.394125 0.394153 0.394160 0.394176 0.394306 0.394337 0.394403 0.394407 0.394434 0.000000 0.000000
0.000000 0.000000 0.403355 0.403348 0.403312 0.403281 0.403062 0.403089 0.403046 0.403046 0.403064 0.403047 0.403043 0.403026 0.403000 0.403230 0.403259 0.403319 0.403360 0.000000 0.000000
0.000000 0.000000 0.413884 0.413860 0.413816 0.413534 0.413573 0.413429 0.413369 0.413354 0.413304 0.413274 0.413306 0.413300 0.413440 0.413414 0.413787 0.413722 0.413726 0.000000 0.000000
0.000000 0.000000 0.425297 0.425277 0.424875 0.425006 0.424967 0.424941 0.425098 0.425050 0.425135 0.425110 0.425043 0.425141 0.425139 0.425165 0.424837 0.425428 0.425420 0.000000 0.000000
0.000000 0.000000 0.438999 0.438399 0.438557 0.438316 0.438017 0.437926 0.437749 0.437790 0.437605 0.437626 0.437734 0.437623 0.437781 0.438000 0.438533 0.438159 0.438783 0.000000 0.000000
0.000000 0.000000 0.443452 0.443985 0.444448 0.444450 0.444480 0.444029 0.444111 0.443977 0.444200 0.444156 0.444121 0.444195 0.444569 0.444546 0.444532 0.444180 0.443654 0.000000 0.000000
0.000000 0.000000 0.350000 0.350000 0.350000 0.350000 0.350000 0.350000 0.350000 0.350000 0.350000 0.350000 0.350000 0.350000 0.350000 0.350000 0.350000 0.350000 0.350000 0.000000 0.000000
0.000000 0.000000 0.000000 0.000000 0.000000 0.000000 0.000000 0.000000 0.000000 0.000000 0.000000 0.000000 0.000000 0.000000 0.000000 0.000000 0.000000 0.000000 0.000000 0.000000 0.000000