geotop/1.0zi/1.0Montebello/Templates/testdem/maps/_Eocsilt1223.asc
ncols         21
nrows         20
xllcorner     100.000000
yllcorner     100.000000
cellsize      50.000000
NODATA_value  -9999.0
0.000000 0.000000 0.000000 0.000000 0.000000 0.000000 0.000000 0.000000 0.000000 0.000000 0.000000 0.000000 0.000000 0.000000 0.000000 0.000000 0.000000 0.000000 0.000000 0.000000 0.000000
0.000000 0.000000 0.350024 0.350024 0.350024 0.350024 0.350024 0.350024 0.350024 0.350024 0.350024 0.350024 0.350024 0.350024 0.350024 0.350024 0.350024 0.350024 0.350024 0.000000 0.000000
0.000000 0.000000 0.350000 0.350000 0.350000 0.350000 0.350000 0.350000 0.350000 0.350000 0.350000 0.350000 0.350000 0.350000 0.350000 0.350000 0.350000 0.350000 0.350000 0.000000 0.000000
0.000000 0.000000 0.350562 0.350562 0.350559 0.350560 0.350562 0.350562 0.350562 0.350562 0.350562 0.350562 0.350562 0.350562 0.350562 0.350560 0.350559 0.350562 0.350562 0.000000 0.000000
0.000000 0.000000 0.352315 0.352315 0.352312 0.352312 0.352315 0.352315 0.352315 0.352316 0.352315 0.352316 0.352315 0.352315 0.352315 0.352312 0.352312 0.352315 0.352315 0.000000 0.000000
0.000000 0.000000 0.354438 0.354437 0.354435 0.354435 0.354438 0.354437 0.354437 0.354438 0.354438 0.354438 0.354437 0.354437 0.354438 0.354435 0.354435 0.354437 0.354438 0.000000 0.000000
0.000000 0.000000 0.356386 0.356386 0.356384 0.356384 0.356386 0.356386 0.356386 0.356386 0.356386 0.356386 0.356386 0.356386 0.356386 0.356384 0.356384 0.356386 0.356386 0.000000 0.000000
0.000000 0.000000 0.358171 0.358171 0.358169 0.358170 0.358171 0.358171 0.358171 0.358172 0.358171 0.358172 0.358171 0.358171 0.358171 0.358170 0.358169 0.358171 0.358171 0.000000 0.000000
0.000000 0.000000 0.359843 0.359842 0.359841 0.359841 0.359843 0.359843 0.359843 0.359843 0.359843 0.359843 0.359843 0.359843 0.359843 0.359841 0.359841 0.359842 0.359843 0.000000 0.000000
0.000000 0.000000 0.361444 0.361444 0.361443 0.361443 0.361445 0.361444 0.361444 0.361445 0.361445 0.361445 0.361444 0.361444 0.361445 0.361443 0.361443 0.361444 0.361444 0.000000 0.000000
0.000000 0.000000 0.362993 0.362993 0.362992 0.362992 0.362993 0.362993 0.362993 0.362994 0.362993 0.362994 0.362993 0.362993 0.362993 0.362992 0.362992 0.362993 0.362993 0.000000 0.000000
0.000000 0.000000 0.364506 0.364506 0.364504 0.364505 0.364506 0.364506 0.364506 0.364506 0.364506 0.364506 0.364506 0.364506 0.364506 0.364505 0.364504 0.364506 0.364506 0.000000 0.000000
0.000000 0.000000 0.365993 0.365993 0.365991 0.365992 0.365993 0.365993 0.365993 0.365993 0.365993 0.365993 0.365993 0.365993 0.365993 0.365992 0.365991 0.365993 0.365993 0.000000 0.000000
0.000000 0.000000 0.367454 0.367453 0.367452 0.367453 0.367454 0.367454 0.367454 0.367454 0.367454 0.367454 0.367454 0.367454 0.367454 0.367453 0.367452 0.367453 0.367454 0.000000 0.000000
0.000000 0.000000 0.368896 0.368896 0.368894 0.368895 0.368896 0.368896 0.368896 0.368896 0.368896 0.368896 0.368896 0.368896 0.368896 0.368895 0.368894 0.368896 0.368896 0.000000 0.000000
0.000000 0.000000 0.370325 0.370324 0.370323 0.370324 0.370325 0.370325 0.370325 0.370325 0.370325 0.370325 0.370325 0.370325 0.370325 0.370324 0.370323 0.370324 0.370325 0.000000 0.000000
0.000000 0.000000 0.371740 0.371740 0.371738 0.371739 0.371740 0.371740 0.371740 0.371740 0.371740 0.371740 0.371740 0.371740 0.371740 0.371739 0.371738 0.371740 0.371740 0.000000 0.000000
0.000000 0.000000 0.373186 0.373186 0.373185 0.373185 0.373186 0.373186 0.373186 0.373186 0.373186 0.373186 0.373186 0.373186 0.373186 0.373185 0.373185 0.373186 0.373186 0.000000 0.000000
0.000000 0.000000 0.350000 0.350000 0.350000 0.350000 0.350000 0.350000 0.350000 0.350000 0.350000 0.350000 0.350000 0.350000 0.350000 0.350000 0.350000 0.350000 0.350000 0.000000 0.000000
0.000000 0.000000 0.000000 0.000000 0.000000 0.000000 0.000000 0.000000 0.000000 0.000000 0.000000 0.000000 0.000000 0.000000 0.000000 0.000000 0.000000 0.000000 0.000000 0.000000 0.000000