geotop/1.0zi/1.0Montebello/Templates/testdem/maps/_Eocclay6191.asc
ncols         21
nrows         20
xllcorner     100.000000
yllcorner     100.000000
cellsize      50.000000
NODATA_value  -9999.0
0.000000 0.000000 0.000000 0.000000 0.000000 0.000000 0.000000 0.000000 0.000000 0.000000 0.000000 0.000000 0.000000 0.000000 0.000000 0.000000 0.000000 0.000000 0.000000 0.000000 0.000000
0.000000 0.000000 0.349728 0.349728 0.349729 0.349728 0.349729 0.349729 0.349729 0.349729 0.349727 0.349729 0.349729 0.349728 0.349729 0.349729 0.349727 0.349727 0.349728 0.000000 0.000000
0.000000 0.000000 0.349989 0.349990 0.349989 0.349990 0.349989 0.349989 0.349989 0.349989 0.349989 0.349988 0.349989 0.349988 0.349989 0.349989 0.349990 0.349990 0.349988 0.000000 0.000000
0.000000 0.000000 0.349982 0.349985 0.349983 0.349983 0.349985 0.349985 0.349986 0.349983 0.349988 0.349985 0.349985 0.349986 0.349985 0.349987 0.349985 0.349987 0.349986 0.000000 0.000000
0.000000 0.000000 0.350506 0.350506 0.350504 0.350502 0.350489 0.350487 0.350487 0.350490 0.350487 0.350486 0.350481 0.350483 0.350489 0.350489 0.350493 0.350495 0.350502 0.000000 0.000000
0.000000 0.000000 0.352209 0.352209 0.352203 0.352182 0.352176 0.352158 0.352158 0.352154 0.352157 0.352158 0.352162 0.352161 0.352165 0.352179 0.352187 0.352198 0.352203 0.000000 0.000000
0.000000 0.000000 0.354776 0.354774 0.354770 0.354752 0.354731 0.354703 0.354702 0.354698 0.354699 0.354701 0.354702 0.354701 0.354722 0.354745 0.354755 0.354764 0.354771 0.000000 0.000000
0.000000 0.000000 0.357881 0.357880 0.357877 0.357856 0.357834 0.357804 0.357804 0.357801 0.357801 0.357800 0.357799 0.357804 0.357827 0.357847 0.357863 0.357869 0.357879 0.000000 0.000000
0.000000 0.000000 0.361070 0.361066 0.361058 0.361046 0.361025 0.360995 0.360996 0.360991 0.360988 0.360989 0.360989 0.360987 0.361016 0.361038 0.361052 0.361056 0.361066 0.000000 0.000000
0.000000 0.000000 0.364321 0.364315 0.364312 0.364302 0.364271 0.364243 0.364245 0.364241 0.364237 0.364241 0.364245 0.364242 0.364265 0.364292 0.364307 0.364310 0.364317 0.000000 0.000000
0.000000 0.000000 0.367719 0.367715 0.367713 0.367691 0.367670 0.367638 0.367644 0.367630 0.367630 0.367631 0.367627 0.367636 0.367655 0.367672 0.367689 0.367699 0.367713 0.000000 0.000000
0.000000 0.000000 0.371312 0.371304 0.371294 0.371278 0.371259 0.371222 0.371223 0.371214 0.371223 0.371213 0.371215 0.371218 0.371252 0.371269 0.371282 0.371287 0.371322 0.000000 0.000000
0.000000 0.000000 0.375035 0.375028 0.375024 0.375005 0.374987 0.374909 0.374909 0.374903 0.374886 0.374895 0.374901 0.374907 0.374965 0.374981 0.375009 0.375012 0.375037 0.000000 0.000000
0.000000 0.000000 0.379119 0.379115 0.379103 0.379091 0.379012 0.378995 0.378977 0.378976 0.378971 0.378973 0.378973 0.378971 0.378980 0.379060 0.379083 0.379103 0.379128 0.000000 0.000000
0.000000 0.000000 0.383663 0.383656 0.383639 0.383555 0.383533 0.383487 0.383456 0.383451 0.383436 0.383428 0.383437 0.383431 0.383468 0.383503 0.383621 0.383610 0.383626 0.000000 0.000000
0.000000 0.000000 0.388512 0.388507 0.388394 0.388381 0.388375 0.388347 0.388373 0.388360 0.388370 0.388358 0.388344 0.388368 0.388386 0.388396 0.388378 0.388523 0.388526 0.000000 0.000000
0.000000 0.000000 0.394158 0.394000 0.393958 0.393913 0.393839 0.393803 0.393786 0.393786 0.393750 0.393747 0.393763 0.393755 0.393799 0.393855 0.393947 0.393965 0.394126 0.000000 0.000000
0.000000 0.000000 0.398102 0.398129 0.398274 0.398240 0.398191 0.398047 0.398045 0.398012 0.398038 0.398029 0.398037 0.398043 0.398175 0.398212 0.398298 0.398151 0.398133 0.000000 0.000000
0.000000 0.000000 0.350000 0.350000 0.350000 0.350000 0.350000 0.350000 0.350000 0.350000 0.350000 0.350000 0.350000 0.350000 0.350000 0.350000 0.350000 0.350000 0.350000 0.000000 0.000000
0.000000 0.000000 0.000000 0.000000 0.000000 0.000000 0.000000 0.000000 0.000000 0.000000 0.000000 0.000000 0.000000 0.000000 0.000000 0.000000 0.000000 0.000000 0.000000 0.000000 0.000000