geotop/1.0zi/1.0Montebello/Templates/testdem/maps/_Eocclay1073.asc
ncols         21
nrows         20
xllcorner     100.000000
yllcorner     100.000000
cellsize      50.000000
NODATA_value  -9999.0
0.000000 0.000000 0.000000 0.000000 0.000000 0.000000 0.000000 0.000000 0.000000 0.000000 0.000000 0.000000 0.000000 0.000000 0.000000 0.000000 0.000000 0.000000 0.000000 0.000000 0.000000
0.000000 0.000000 0.349946 0.349946 0.349946 0.349946 0.349946 0.349946 0.349946 0.349946 0.349946 0.349946 0.349946 0.349946 0.349946 0.349946 0.349946 0.349946 0.349946 0.000000 0.000000
0.000000 0.000000 0.349995 0.349995 0.349994 0.349995 0.349995 0.349995 0.349995 0.349995 0.349995 0.349995 0.349995 0.349995 0.349995 0.349995 0.349994 0.349995 0.349995 0.000000 0.000000
0.000000 0.000000 0.350442 0.350442 0.350440 0.350441 0.350442 0.350442 0.350442 0.350442 0.350442 0.350442 0.350442 0.350442 0.350442 0.350441 0.350440 0.350442 0.350442 0.000000 0.000000
0.000000 0.000000 0.352116 0.352115 0.352113 0.352113 0.352117 0.352116 0.352116 0.352117 0.352116 0.352117 0.352116 0.352116 0.352117 0.352113 0.352113 0.352115 0.352116 0.000000 0.000000
0.000000 0.000000 0.353942 0.353942 0.353940 0.353940 0.353943 0.353942 0.353942 0.353943 0.353943 0.353943 0.353942 0.353942 0.353943 0.353940 0.353940 0.353942 0.353942 0.000000 0.000000
0.000000 0.000000 0.355675 0.355675 0.355673 0.355673 0.355675 0.355675 0.355675 0.355675 0.355675 0.355675 0.355675 0.355675 0.355675 0.355673 0.355673 0.355675 0.355675 0.000000 0.000000
0.000000 0.000000 0.357271 0.357270 0.357269 0.357269 0.357271 0.357271 0.357271 0.357271 0.357271 0.357271 0.357271 0.357271 0.357271 0.357269 0.357269 0.357270 0.357271 0.000000 0.000000
0.000000 0.000000 0.358766 0.358765 0.358764 0.358764 0.358766 0.358766 0.358766 0.358766 0.358766 0.358766 0.358766 0.358766 0.358766 0.358764 0.358764 0.358765 0.358766 0.000000 0.000000
0.000000 0.000000 0.360199 0.360199 0.360197 0.360197 0.360199 0.360199 0.360199 0.360199 0.360199 0.360199 0.360199 0.360199 0.360199 0.360197 0.360197 0.360199 0.360199 0.000000 0.000000
0.000000 0.000000 0.361584 0.361584 0.361583 0.361583 0.361584 0.361584 0.361584 0.361585 0.361584 0.361585 0.361584 0.361584 0.361584 0.361583 0.361583 0.361584 0.361584 0.000000 0.000000
0.000000 0.000000 0.362938 0.362937 0.362936 0.362936 0.362938 0.362937 0.362937 0.362938 0.362938 0.362938 0.362937 0.362937 0.362938 0.362936 0.362936 0.362937 0.362938 0.000000 0.000000
0.000000 0.000000 0.364268 0.364268 0.364267 0.364267 0.364268 0.364268 0.364268 0.364269 0.364268 0.364269 0.364268 0.364268 0.364268 0.364267 0.364267 0.364268 0.364268 0.000000 0.000000
0.000000 0.000000 0.365576 0.365575 0.365574 0.365574 0.365576 0.365575 0.365575 0.365576 0.365576 0.365576 0.365575 0.365575 0.365576 0.365574 0.365574 0.365575 0.365576 0.000000 0.000000
0.000000 0.000000 0.366869 0.366869 0.366868 0.366868 0.366869 0.366869 0.366869 0.366870 0.366870 0.366870 0.366869 0.366869 0.366869 0.366868 0.366868 0.366869 0.366869 0.000000 0.000000
0.000000 0.000000 0.368155 0.368155 0.368153 0.368154 0.368155 0.368155 0.368155 0.368155 0.368155 0.368155 0.368155 0.368155 0.368155 0.368154 0.368153 0.368155 0.368155 0.000000 0.000000
0.000000 0.000000 0.369427 0.369427 0.369426 0.369426 0.369427 0.369427 0.369427 0.369427 0.369427 0.369427 0.369427 0.369427 0.369427 0.369426 0.369426 0.369427 0.369427 0.000000 0.000000
0.000000 0.000000 0.370727 0.370727 0.370726 0.370726 0.370728 0.370727 0.370727 0.370728 0.370728 0.370728 0.370727 0.370727 0.370728 0.370726 0.370726 0.370727 0.370728 0.000000 0.000000
0.000000 0.000000 0.350000 0.350000 0.350000 0.350000 0.350000 0.350000 0.350000 0.350000 0.350000 0.350000 0.350000 0.350000 0.350000 0.350000 0.350000 0.350000 0.350000 0.000000 0.000000
0.000000 0.000000 0.000000 0.000000 0.000000 0.000000 0.000000 0.000000 0.000000 0.000000 0.000000 0.000000 0.000000 0.000000 0.000000 0.000000 0.000000 0.000000 0.000000 0.000000 0.000000