geotop/1.0zi/1.0Montebello/Templates/testdem/maps/_Eocsand0773.asc
ncols         21
nrows         20
xllcorner     100.000000
yllcorner     100.000000
cellsize      50.000000
NODATA_value  -9999.0
0.000000 0.000000 0.000000 0.000000 0.000000 0.000000 0.000000 0.000000 0.000000 0.000000 0.000000 0.000000 0.000000 0.000000 0.000000 0.000000 0.000000 0.000000 0.000000 0.000000 0.000000
0.000000 0.000000 0.300029 0.300029 0.300029 0.300029 0.300029 0.300029 0.300029 0.300029 0.300029 0.300029 0.300029 0.300029 0.300029 0.300029 0.300029 0.300029 0.300029 0.000000 0.000000
0.000000 0.000000 0.300005 0.300005 0.300006 0.300005 0.300005 0.300005 0.300005 0.300005 0.300005 0.300005 0.300005 0.300005 0.300005 0.300005 0.300006 0.300005 0.300005 0.000000 0.000000
0.000000 0.000000 0.299351 0.299351 0.299356 0.299354 0.299350 0.299351 0.299351 0.299350 0.299350 0.299350 0.299351 0.299351 0.299350 0.299354 0.299356 0.299351 0.299351 0.000000 0.000000
0.000000 0.000000 0.297058 0.297060 0.297064 0.297065 0.297058 0.297059 0.297059 0.297058 0.297058 0.297058 0.297059 0.297059 0.297058 0.297065 0.297064 0.297060 0.297058 0.000000 0.000000
0.000000 0.000000 0.294467 0.294469 0.294472 0.294472 0.294467 0.294467 0.294468 0.294467 0.294467 0.294467 0.294468 0.294467 0.294467 0.294472 0.294472 0.294469 0.294467 0.000000 0.000000
0.000000 0.000000 0.292029 0.292030 0.292033 0.292033 0.292029 0.292029 0.292029 0.292029 0.292029 0.292029 0.292029 0.292029 0.292029 0.292033 0.292033 0.292030 0.292029 0.000000 0.000000
0.000000 0.000000 0.289765 0.289766 0.289769 0.289769 0.289765 0.289765 0.289765 0.289765 0.289765 0.289765 0.289765 0.289765 0.289765 0.289769 0.289769 0.289766 0.289765 0.000000 0.000000
0.000000 0.000000 0.287628 0.287629 0.287632 0.287632 0.287628 0.287629 0.287629 0.287628 0.287628 0.287628 0.287629 0.287629 0.287628 0.287632 0.287632 0.287629 0.287628 0.000000 0.000000
0.000000 0.000000 0.285571 0.285572 0.285575 0.285574 0.285572 0.285572 0.285572 0.285571 0.285571 0.285571 0.285572 0.285572 0.285572 0.285574 0.285575 0.285572 0.285571 0.000000 0.000000
0.000000 0.000000 0.283575 0.283576 0.283579 0.283578 0.283576 0.283576 0.283576 0.283575 0.283575 0.283575 0.283576 0.283576 0.283576 0.283578 0.283579 0.283576 0.283575 0.000000 0.000000
0.000000 0.000000 0.281620 0.281621 0.281623 0.281623 0.281620 0.281620 0.281620 0.281620 0.281620 0.281620 0.281620 0.281620 0.281620 0.281623 0.281623 0.281621 0.281620 0.000000 0.000000
0.000000 0.000000 0.279698 0.279699 0.279702 0.279701 0.279698 0.279698 0.279698 0.279698 0.279698 0.279698 0.279698 0.279698 0.279698 0.279701 0.279702 0.279699 0.279698 0.000000 0.000000
0.000000 0.000000 0.277805 0.277806 0.277808 0.277808 0.277805 0.277805 0.277805 0.277805 0.277805 0.277805 0.277805 0.277805 0.277805 0.277808 0.277808 0.277806 0.277805 0.000000 0.000000
0.000000 0.000000 0.275930 0.275931 0.275933 0.275933 0.275930 0.275930 0.275930 0.275930 0.275930 0.275930 0.275930 0.275930 0.275930 0.275933 0.275933 0.275931 0.275930 0.000000 0.000000
0.000000 0.000000 0.274067 0.274068 0.274070 0.274070 0.274067 0.274067 0.274067 0.274067 0.274067 0.274067 0.274067 0.274067 0.274067 0.274070 0.274070 0.274068 0.274067 0.000000 0.000000
0.000000 0.000000 0.272221 0.272222 0.272224 0.272224 0.272221 0.272221 0.272221 0.272221 0.272221 0.272221 0.272221 0.272221 0.272221 0.272224 0.272224 0.272222 0.272221 0.000000 0.000000
0.000000 0.000000 0.270350 0.270351 0.270353 0.270353 0.270350 0.270350 0.270350 0.270350 0.270350 0.270350 0.270350 0.270350 0.270350 0.270353 0.270353 0.270351 0.270350 0.000000 0.000000
0.000000 0.000000 0.300000 0.300000 0.300000 0.300000 0.300000 0.300000 0.300000 0.300000 0.300000 0.300000 0.300000 0.300000 0.300000 0.300000 0.300000 0.300000 0.300000 0.000000 0.000000
0.000000 0.000000 0.000000 0.000000 0.000000 0.000000 0.000000 0.000000 0.000000 0.000000 0.000000 0.000000 0.000000 0.000000 0.000000 0.000000 0.000000 0.000000 0.000000 0.000000 0.000000