geotop/1.0zi/1.0Montebello/Templates/testdem/maps/_Eocclay1800.asc
ncols         21
nrows         20
xllcorner     100.000000
yllcorner     100.000000
cellsize      50.000000
NODATA_value  -9999.0
0.000000 0.000000 0.000000 0.000000 0.000000 0.000000 0.000000 0.000000 0.000000 0.000000 0.000000 0.000000 0.000000 0.000000 0.000000 0.000000 0.000000 0.000000 0.000000 0.000000 0.000000
0.000000 0.000000 0.349905 0.349905 0.349905 0.349905 0.349905 0.349905 0.349905 0.349905 0.349905 0.349905 0.349905 0.349905 0.349905 0.349905 0.349905 0.349905 0.349905 0.000000 0.000000
0.000000 0.000000 0.349993 0.349993 0.349993 0.349993 0.349993 0.349993 0.349993 0.349993 0.349993 0.349993 0.349993 0.349993 0.349993 0.349993 0.349993 0.349993 0.349993 0.000000 0.000000
0.000000 0.000000 0.350650 0.350650 0.350648 0.350649 0.350650 0.350650 0.350650 0.350651 0.350651 0.350651 0.350650 0.350650 0.350650 0.350649 0.350648 0.350650 0.350650 0.000000 0.000000
0.000000 0.000000 0.353348 0.353347 0.353345 0.353345 0.353349 0.353348 0.353348 0.353349 0.353349 0.353349 0.353348 0.353348 0.353349 0.353345 0.353345 0.353347 0.353348 0.000000 0.000000
0.000000 0.000000 0.356378 0.356377 0.356376 0.356376 0.356379 0.356378 0.356378 0.356378 0.356378 0.356378 0.356378 0.356378 0.356379 0.356376 0.356376 0.356377 0.356378 0.000000 0.000000
0.000000 0.000000 0.359236 0.359236 0.359234 0.359235 0.359237 0.359236 0.359236 0.359237 0.359237 0.359237 0.359236 0.359236 0.359237 0.359235 0.359234 0.359236 0.359236 0.000000 0.000000
0.000000 0.000000 0.361864 0.361864 0.361862 0.361863 0.361865 0.361864 0.361864 0.361865 0.361865 0.361865 0.361864 0.361864 0.361865 0.361863 0.361862 0.361864 0.361864 0.000000 0.000000
0.000000 0.000000 0.364324 0.364324 0.364323 0.364323 0.364325 0.364324 0.364324 0.364325 0.364325 0.364325 0.364324 0.364324 0.364325 0.364323 0.364323 0.364324 0.364324 0.000000 0.000000
0.000000 0.000000 0.366677 0.366677 0.366676 0.366676 0.366678 0.366678 0.366678 0.366678 0.366678 0.366678 0.366678 0.366678 0.366678 0.366676 0.366676 0.366677 0.366677 0.000000 0.000000
0.000000 0.000000 0.368948 0.368948 0.368947 0.368947 0.368949 0.368948 0.368948 0.368949 0.368948 0.368949 0.368948 0.368948 0.368949 0.368947 0.368947 0.368948 0.368948 0.000000 0.000000
0.000000 0.000000 0.371157 0.371157 0.371156 0.371156 0.371158 0.371158 0.371158 0.371158 0.371158 0.371158 0.371158 0.371158 0.371158 0.371156 0.371156 0.371157 0.371157 0.000000 0.000000
0.000000 0.000000 0.373322 0.373322 0.373320 0.373321 0.373322 0.373322 0.373322 0.373322 0.373322 0.373322 0.373322 0.373322 0.373322 0.373321 0.373320 0.373322 0.373322 0.000000 0.000000
0.000000 0.000000 0.375444 0.375444 0.375442 0.375443 0.375444 0.375444 0.375444 0.375444 0.375444 0.375444 0.375444 0.375444 0.375444 0.375443 0.375442 0.375444 0.375444 0.000000 0.000000
0.000000 0.000000 0.377532 0.377532 0.377531 0.377531 0.377533 0.377532 0.377532 0.377533 0.377533 0.377533 0.377532 0.377532 0.377533 0.377531 0.377531 0.377532 0.377532 0.000000 0.000000
0.000000 0.000000 0.379593 0.379593 0.379592 0.379592 0.379593 0.379593 0.379593 0.379593 0.379593 0.379593 0.379593 0.379593 0.379593 0.379592 0.379592 0.379593 0.379593 0.000000 0.000000
0.000000 0.000000 0.381625 0.381625 0.381624 0.381624 0.381626 0.381625 0.381625 0.381626 0.381625 0.381626 0.381625 0.381625 0.381626 0.381624 0.381624 0.381625 0.381625 0.000000 0.000000
0.000000 0.000000 0.383673 0.383673 0.383672 0.383672 0.383674 0.383673 0.383673 0.383674 0.383674 0.383674 0.383673 0.383673 0.383674 0.383672 0.383672 0.383673 0.383673 0.000000 0.000000
0.000000 0.000000 0.350000 0.350000 0.350000 0.350000 0.350000 0.350000 0.350000 0.350000 0.350000 0.350000 0.350000 0.350000 0.350000 0.350000 0.350000 0.350000 0.350000 0.000000 0.000000
0.000000 0.000000 0.000000 0.000000 0.000000 0.000000 0.000000 0.000000 0.000000 0.000000 0.000000 0.000000 0.000000 0.000000 0.000000 0.000000 0.000000 0.000000 0.000000 0.000000 0.000000