geotop/1.0zi/1.0Montebello/Templates/testdem/maps/_Eocsand3845.asc
ncols         21
nrows         20
xllcorner     100.000000
yllcorner     100.000000
cellsize      50.000000
NODATA_value  -9999.0
0.000000 0.000000 0.000000 0.000000 0.000000 0.000000 0.000000 0.000000 0.000000 0.000000 0.000000 0.000000 0.000000 0.000000 0.000000 0.000000 0.000000 0.000000 0.000000 0.000000 0.000000
0.000000 0.000000 0.300097 0.300097 0.300096 0.300096 0.300096 0.300096 0.300096 0.300096 0.300096 0.300096 0.300096 0.300096 0.300096 0.300096 0.300096 0.300097 0.300097 0.000000 0.000000
0.000000 0.000000 0.300005 0.300004 0.300004 0.300004 0.300004 0.300003 0.300003 0.300003 0.300004 0.300004 0.300003 0.300003 0.300004 0.300004 0.300005 0.300006 0.300005 0.000000 0.000000
0.000000 0.000000 0.299972 0.299973 0.299973 0.299976 0.299973 0.299975 0.299973 0.299973 0.299973 0.299975 0.299974 0.299977 0.299976 0.299972 0.299972 0.299971 0.299972 0.000000 0.000000
0.000000 0.000000 0.299290 0.299283 0.299288 0.299288 0.299297 0.299303 0.299304 0.299308 0.299307 0.299305 0.299305 0.299304 0.299297 0.299298 0.299298 0.299293 0.299289 0.000000 0.000000
0.000000 0.000000 0.297107 0.297104 0.297112 0.297127 0.297139 0.297161 0.297161 0.297171 0.297163 0.297161 0.297157 0.297155 0.297149 0.297137 0.297132 0.297128 0.297123 0.000000 0.000000
0.000000 0.000000 0.293938 0.293939 0.293947 0.293974 0.294006 0.294044 0.294043 0.294050 0.294043 0.294044 0.294041 0.294031 0.293998 0.293970 0.293962 0.293957 0.293948 0.000000 0.000000
0.000000 0.000000 0.290372 0.290374 0.290385 0.290418 0.290455 0.290492 0.290490 0.290497 0.290495 0.290495 0.290493 0.290483 0.290441 0.290412 0.290398 0.290395 0.290385 0.000000 0.000000
0.000000 0.000000 0.286794 0.286799 0.286815 0.286840 0.286876 0.286919 0.286917 0.286925 0.286923 0.286922 0.286919 0.286907 0.286869 0.286835 0.286824 0.286820 0.286806 0.000000 0.000000
0.000000 0.000000 0.283242 0.283247 0.283260 0.283287 0.283328 0.283367 0.283363 0.283369 0.283368 0.283367 0.283365 0.283357 0.283314 0.283280 0.283269 0.283266 0.283255 0.000000 0.000000
0.000000 0.000000 0.279664 0.279669 0.279682 0.279705 0.279738 0.279784 0.279781 0.279790 0.279789 0.279787 0.279785 0.279775 0.279738 0.279714 0.279699 0.279694 0.279682 0.000000 0.000000
0.000000 0.000000 0.275986 0.275992 0.276007 0.276038 0.276073 0.276118 0.276119 0.276126 0.276124 0.276125 0.276120 0.276112 0.276065 0.276035 0.276022 0.276019 0.275977 0.000000 0.000000
0.000000 0.000000 0.272288 0.272294 0.272310 0.272335 0.272376 0.272458 0.272459 0.272467 0.272466 0.272465 0.272462 0.272450 0.272376 0.272341 0.272328 0.272324 0.272297 0.000000 0.000000
0.000000 0.000000 0.268404 0.268415 0.268429 0.268455 0.268542 0.268570 0.268583 0.268589 0.268587 0.268587 0.268584 0.268574 0.268542 0.268465 0.268452 0.268438 0.268422 0.000000 0.000000
0.000000 0.000000 0.264251 0.264260 0.264289 0.264361 0.264411 0.264464 0.264491 0.264500 0.264509 0.264510 0.264499 0.264497 0.264451 0.264395 0.264317 0.264322 0.264310 0.000000 0.000000
0.000000 0.000000 0.260004 0.260013 0.260097 0.260121 0.260156 0.260188 0.260195 0.260198 0.260194 0.260195 0.260198 0.260173 0.260151 0.260125 0.260124 0.260046 0.260025 0.000000 0.000000
0.000000 0.000000 0.255334 0.255428 0.255506 0.255544 0.255608 0.255643 0.255651 0.255656 0.255666 0.255665 0.255657 0.255652 0.255624 0.255562 0.255527 0.255483 0.255387 0.000000 0.000000
0.000000 0.000000 0.251616 0.251645 0.251596 0.251643 0.251705 0.251808 0.251820 0.251831 0.251827 0.251828 0.251825 0.251808 0.251714 0.251656 0.251597 0.251683 0.251637 0.000000 0.000000
0.000000 0.000000 0.300000 0.300000 0.300000 0.300000 0.300000 0.300000 0.300000 0.300000 0.300000 0.300000 0.300000 0.300000 0.300000 0.300000 0.300000 0.300000 0.300000 0.000000 0.000000
0.000000 0.000000 0.000000 0.000000 0.000000 0.000000 0.000000 0.000000 0.000000 0.000000 0.000000 0.000000 0.000000 0.000000 0.000000 0.000000 0.000000 0.000000 0.000000 0.000000 0.000000