geotop/1.0zi/1.0Montebello/Templates/testdem/maps/_Eocsilt1989.asc
ncols         21
nrows         20
xllcorner     100.000000
yllcorner     100.000000
cellsize      50.000000
NODATA_value  -9999.0
0.000000 0.000000 0.000000 0.000000 0.000000 0.000000 0.000000 0.000000 0.000000 0.000000 0.000000 0.000000 0.000000 0.000000 0.000000 0.000000 0.000000 0.000000 0.000000 0.000000 0.000000
0.000000 0.000000 0.350045 0.350045 0.350045 0.350045 0.350045 0.350045 0.350045 0.350045 0.350045 0.350045 0.350045 0.350045 0.350045 0.350045 0.350045 0.350045 0.350045 0.000000 0.000000
0.000000 0.000000 0.349999 0.349998 0.349998 0.349999 0.349999 0.349999 0.349999 0.349999 0.349999 0.349999 0.349999 0.349999 0.349999 0.349999 0.349998 0.349998 0.349999 0.000000 0.000000
0.000000 0.000000 0.350692 0.350692 0.350689 0.350691 0.350693 0.350692 0.350692 0.350693 0.350693 0.350693 0.350692 0.350692 0.350693 0.350691 0.350689 0.350692 0.350692 0.000000 0.000000
0.000000 0.000000 0.353274 0.353274 0.353272 0.353272 0.353275 0.353274 0.353274 0.353275 0.353275 0.353275 0.353274 0.353274 0.353275 0.353272 0.353272 0.353274 0.353274 0.000000 0.000000
0.000000 0.000000 0.356600 0.356600 0.356598 0.356598 0.356601 0.356600 0.356600 0.356601 0.356601 0.356601 0.356600 0.356600 0.356601 0.356598 0.356598 0.356600 0.356600 0.000000 0.000000
0.000000 0.000000 0.359658 0.359657 0.359656 0.359656 0.359658 0.359658 0.359658 0.359659 0.359659 0.359659 0.359658 0.359658 0.359658 0.359656 0.359656 0.359657 0.359658 0.000000 0.000000
0.000000 0.000000 0.362460 0.362459 0.362458 0.362458 0.362460 0.362459 0.362459 0.362460 0.362460 0.362460 0.362459 0.362459 0.362460 0.362458 0.362458 0.362459 0.362460 0.000000 0.000000
0.000000 0.000000 0.365079 0.365079 0.365078 0.365078 0.365080 0.365079 0.365079 0.365080 0.365080 0.365080 0.365079 0.365079 0.365080 0.365078 0.365078 0.365079 0.365079 0.000000 0.000000
0.000000 0.000000 0.367581 0.367581 0.367580 0.367580 0.367581 0.367581 0.367581 0.367582 0.367582 0.367582 0.367581 0.367581 0.367581 0.367580 0.367580 0.367581 0.367581 0.000000 0.000000
0.000000 0.000000 0.369992 0.369992 0.369991 0.369991 0.369992 0.369992 0.369992 0.369993 0.369993 0.369993 0.369992 0.369992 0.369992 0.369991 0.369991 0.369992 0.369992 0.000000 0.000000
0.000000 0.000000 0.372334 0.372334 0.372333 0.372333 0.372335 0.372334 0.372334 0.372335 0.372335 0.372335 0.372334 0.372334 0.372335 0.372333 0.372333 0.372334 0.372334 0.000000 0.000000
0.000000 0.000000 0.374623 0.374623 0.374622 0.374622 0.374624 0.374623 0.374623 0.374624 0.374624 0.374624 0.374623 0.374623 0.374624 0.374622 0.374622 0.374623 0.374623 0.000000 0.000000
0.000000 0.000000 0.376865 0.376865 0.376863 0.376864 0.376865 0.376865 0.376865 0.376865 0.376866 0.376865 0.376865 0.376865 0.376865 0.376864 0.376863 0.376865 0.376865 0.000000 0.000000
0.000000 0.000000 0.379070 0.379070 0.379068 0.379069 0.379070 0.379070 0.379070 0.379070 0.379070 0.379070 0.379070 0.379070 0.379070 0.379069 0.379068 0.379070 0.379070 0.000000 0.000000
0.000000 0.000000 0.381244 0.381244 0.381243 0.381243 0.381244 0.381244 0.381244 0.381245 0.381245 0.381245 0.381244 0.381244 0.381244 0.381243 0.381243 0.381244 0.381244 0.000000 0.000000
0.000000 0.000000 0.383387 0.383387 0.383386 0.383386 0.383387 0.383387 0.383387 0.383388 0.383388 0.383388 0.383387 0.383387 0.383387 0.383386 0.383386 0.383387 0.383387 0.000000 0.000000
0.000000 0.000000 0.385533 0.385533 0.385531 0.385532 0.385533 0.385533 0.385533 0.385533 0.385533 0.385533 0.385533 0.385533 0.385533 0.385532 0.385531 0.385533 0.385533 0.000000 0.000000
0.000000 0.000000 0.350000 0.350000 0.350000 0.350000 0.350000 0.350000 0.350000 0.350000 0.350000 0.350000 0.350000 0.350000 0.350000 0.350000 0.350000 0.350000 0.350000 0.000000 0.000000
0.000000 0.000000 0.000000 0.000000 0.000000 0.000000 0.000000 0.000000 0.000000 0.000000 0.000000 0.000000 0.000000 0.000000 0.000000 0.000000 0.000000 0.000000 0.000000 0.000000 0.000000