geotop/1.0zi/1.0Montebello/Templates/testdem/maps/_Eocsand6231.asc
ncols         21
nrows         20
xllcorner     100.000000
yllcorner     100.000000
cellsize      50.000000
NODATA_value  -9999.0
0.000000 0.000000 0.000000 0.000000 0.000000 0.000000 0.000000 0.000000 0.000000 0.000000 0.000000 0.000000 0.000000 0.000000 0.000000 0.000000 0.000000 0.000000 0.000000 0.000000 0.000000
0.000000 0.000000 0.300152 0.300150 0.300150 0.300151 0.300150 0.300150 0.300150 0.300150 0.300151 0.300150 0.300150 0.300150 0.300150 0.300150 0.300151 0.300151 0.300151 0.000000 0.000000
0.000000 0.000000 0.300008 0.300009 0.300009 0.300008 0.300009 0.300009 0.300009 0.300009 0.300009 0.300009 0.300008 0.300009 0.300009 0.300009 0.300010 0.300010 0.300011 0.000000 0.000000
0.000000 0.000000 0.299969 0.299967 0.299972 0.299977 0.299974 0.299976 0.299973 0.299975 0.299972 0.299975 0.299975 0.299975 0.299973 0.299968 0.299968 0.299965 0.299966 0.000000 0.000000
0.000000 0.000000 0.298869 0.298866 0.298870 0.298878 0.298894 0.298902 0.298903 0.298903 0.298907 0.298907 0.298910 0.298907 0.298895 0.298892 0.298887 0.298876 0.298865 0.000000 0.000000
0.000000 0.000000 0.295474 0.295472 0.295485 0.295522 0.295540 0.295577 0.295577 0.295587 0.295580 0.295576 0.295572 0.295575 0.295563 0.295542 0.295523 0.295508 0.295497 0.000000 0.000000
0.000000 0.000000 0.290355 0.290360 0.290372 0.290410 0.290455 0.290508 0.290508 0.290515 0.290512 0.290510 0.290513 0.290510 0.290468 0.290425 0.290404 0.290384 0.290369 0.000000 0.000000
0.000000 0.000000 0.284138 0.284138 0.284145 0.284186 0.284231 0.284289 0.284289 0.284295 0.284295 0.284297 0.284300 0.284291 0.284244 0.284203 0.284168 0.284159 0.284137 0.000000 0.000000
0.000000 0.000000 0.277672 0.277681 0.277700 0.277725 0.277770 0.277832 0.277829 0.277841 0.277846 0.277844 0.277845 0.277847 0.277788 0.277743 0.277712 0.277701 0.277682 0.000000 0.000000
0.000000 0.000000 0.271102 0.271114 0.271122 0.271143 0.271206 0.271262 0.271258 0.271266 0.271274 0.271267 0.271259 0.271266 0.271216 0.271163 0.271131 0.271125 0.271109 0.000000 0.000000
0.000000 0.000000 0.264272 0.264279 0.264286 0.264333 0.264376 0.264437 0.264424 0.264456 0.264455 0.264452 0.264461 0.264442 0.264403 0.264370 0.264333 0.264314 0.264284 0.000000 0.000000
0.000000 0.000000 0.257041 0.257054 0.257075 0.257110 0.257150 0.257226 0.257224 0.257239 0.257223 0.257242 0.257239 0.257232 0.257161 0.257128 0.257103 0.257091 0.257019 0.000000 0.000000
0.000000 0.000000 0.249548 0.249566 0.249574 0.249614 0.249650 0.249808 0.249809 0.249822 0.249857 0.249838 0.249827 0.249814 0.249697 0.249664 0.249605 0.249600 0.249550 0.000000 0.000000
0.000000 0.000000 0.241330 0.241343 0.241367 0.241394 0.241551 0.241587 0.241623 0.241624 0.241635 0.241629 0.241632 0.241637 0.241617 0.241455 0.241407 0.241367 0.241314 0.000000 0.000000
0.000000 0.000000 0.232183 0.232194 0.232231 0.232403 0.232450 0.232543 0.232602 0.232613 0.232644 0.232665 0.232642 0.232654 0.232578 0.232510 0.232270 0.232291 0.232259 0.000000 0.000000
0.000000 0.000000 0.222406 0.222419 0.222650 0.222678 0.222690 0.222746 0.222694 0.222724 0.222699 0.222725 0.222753 0.222702 0.222665 0.222645 0.222682 0.222388 0.222381 0.000000 0.000000
0.000000 0.000000 0.211013 0.211335 0.211420 0.211515 0.211672 0.211741 0.211776 0.211775 0.211851 0.211855 0.211821 0.211841 0.211754 0.211634 0.211444 0.211411 0.211079 0.000000 0.000000
0.000000 0.000000 0.203118 0.203056 0.202761 0.202831 0.202928 0.203223 0.203226 0.203295 0.203238 0.203257 0.203242 0.203229 0.202957 0.202886 0.202713 0.203011 0.203054 0.000000 0.000000
0.000000 0.000000 0.300000 0.300000 0.300000 0.300000 0.300000 0.300000 0.300000 0.300000 0.300000 0.300000 0.300000 0.300000 0.300000 0.300000 0.300000 0.300000 0.300000 0.000000 0.000000
0.000000 0.000000 0.000000 0.000000 0.000000 0.000000 0.000000 0.000000 0.000000 0.000000 0.000000 0.000000 0.000000 0.000000 0.000000 0.000000 0.000000 0.000000 0.000000 0.000000 0.000000