geotop/1.0zi/1.0Montebello/Templates/testdem/maps/_Eocsilt045e.asc
ncols         21
nrows         20
xllcorner     100.000000
yllcorner     100.000000
cellsize      50.000000
NODATA_value  -9999.0
0.000000 0.000000 0.000000 0.000000 0.000000 0.000000 0.000000 0.000000 0.000000 0.000000 0.000000 0.000000 0.000000 0.000000 0.000000 0.000000 0.000000 0.000000 0.000000 0.000000 0.000000
0.000000 0.000000 0.350230 0.350230 0.350230 0.350231 0.350230 0.350230 0.350230 0.350230 0.350230 0.350230 0.350230 0.350230 0.350230 0.350230 0.350231 0.350231 0.350230 0.000000 0.000000
0.000000 0.000000 0.350008 0.350007 0.350008 0.350007 0.350008 0.350008 0.350008 0.350008 0.350008 0.350008 0.350009 0.350009 0.350008 0.350007 0.350006 0.350006 0.350007 0.000000 0.000000
0.000000 0.000000 0.350195 0.350191 0.350184 0.350180 0.350179 0.350173 0.350176 0.350177 0.350175 0.350179 0.350180 0.350179 0.350181 0.350185 0.350188 0.350191 0.350192 0.000000 0.000000
0.000000 0.000000 0.351804 0.351811 0.351800 0.351776 0.351765 0.351757 0.351761 0.351758 0.351757 0.351760 0.351766 0.351764 0.351778 0.351787 0.351794 0.351801 0.351805 0.000000 0.000000
0.000000 0.000000 0.355996 0.355990 0.355973 0.355941 0.355905 0.355875 0.355874 0.355871 0.355870 0.355871 0.355876 0.355872 0.355891 0.355917 0.355932 0.355943 0.355949 0.000000 0.000000
0.000000 0.000000 0.361848 0.361837 0.361818 0.361773 0.361727 0.361666 0.361669 0.361667 0.361660 0.361659 0.361657 0.361661 0.361708 0.361744 0.361769 0.361787 0.361794 0.000000 0.000000
0.000000 0.000000 0.368824 0.368811 0.368792 0.368738 0.368688 0.368633 0.368635 0.368630 0.368622 0.368619 0.368617 0.368625 0.368669 0.368712 0.368750 0.368758 0.368773 0.000000 0.000000
0.000000 0.000000 0.376633 0.376612 0.376580 0.376536 0.376478 0.376408 0.376415 0.376405 0.376393 0.376391 0.376395 0.376391 0.376456 0.376506 0.376537 0.376552 0.376565 0.000000 0.000000
0.000000 0.000000 0.385422 0.385393 0.385364 0.385316 0.385251 0.385176 0.385179 0.385173 0.385156 0.385162 0.385170 0.385166 0.385217 0.385284 0.385321 0.385337 0.385342 0.000000 0.000000
0.000000 0.000000 0.395639 0.395615 0.395589 0.395482 0.395452 0.395350 0.395373 0.395327 0.395328 0.395320 0.395303 0.395330 0.395390 0.395432 0.395485 0.395505 0.395548 0.000000 0.000000
0.000000 0.000000 0.407846 0.407792 0.407724 0.407676 0.407616 0.407485 0.407482 0.407487 0.407497 0.407451 0.407476 0.407462 0.407578 0.407648 0.407675 0.407695 0.407781 0.000000 0.000000
0.000000 0.000000 0.421664 0.421619 0.421605 0.421498 0.421425 0.421065 0.421061 0.421043 0.420905 0.420993 0.420995 0.421027 0.421286 0.421341 0.421479 0.421488 0.421494 0.000000 0.000000
0.000000 0.000000 0.438195 0.438181 0.438060 0.437996 0.437513 0.437737 0.437637 0.437648 0.437733 0.437647 0.437637 0.437575 0.437373 0.437903 0.437904 0.438031 0.438100 0.000000 0.000000
0.000000 0.000000 0.453609 0.453569 0.453507 0.453045 0.453281 0.452965 0.452916 0.452891 0.452772 0.452748 0.452798 0.452809 0.453078 0.452844 0.453444 0.453298 0.453267 0.000000 0.000000
0.000000 0.000000 0.463602 0.463584 0.463322 0.463373 0.463356 0.463319 0.463420 0.463389 0.463428 0.463415 0.463376 0.463433 0.463437 0.463452 0.463266 0.463624 0.463614 0.000000 0.000000
0.000000 0.000000 0.469987 0.469961 0.469787 0.469853 0.469816 0.469814 0.469882 0.469864 0.469894 0.469887 0.469860 0.469896 0.469882 0.469915 0.469756 0.470009 0.470024 0.000000 0.000000
0.000000 0.000000 0.475123 0.474900 0.474828 0.474794 0.474696 0.474723 0.474692 0.474711 0.474650 0.474658 0.474679 0.474656 0.474654 0.474721 0.474798 0.474829 0.475054 0.000000 0.000000
0.000000 0.000000 0.350000 0.350000 0.350000 0.350000 0.350000 0.350000 0.350000 0.350000 0.350000 0.350000 0.350000 0.350000 0.350000 0.350000 0.350000 0.350000 0.350000 0.000000 0.000000
0.000000 0.000000 0.000000 0.000000 0.000000 0.000000 0.000000 0.000000 0.000000 0.000000 0.000000 0.000000 0.000000 0.000000 0.000000 0.000000 0.000000 0.000000 0.000000 0.000000 0.000000