geotop/1.0zi/1.0Montebello/Templates/testdem/maps/_Eocsand3172.asc
ncols         21
nrows         20
xllcorner     100.000000
yllcorner     100.000000
cellsize      50.000000
NODATA_value  -9999.0
0.000000 0.000000 0.000000 0.000000 0.000000 0.000000 0.000000 0.000000 0.000000 0.000000 0.000000 0.000000 0.000000 0.000000 0.000000 0.000000 0.000000 0.000000 0.000000 0.000000 0.000000
0.000000 0.000000 0.300087 0.300087 0.300087 0.300088 0.300087 0.300087 0.300087 0.300087 0.300089 0.300087 0.300087 0.300087 0.300087 0.300088 0.300087 0.300087 0.300087 0.000000 0.000000
0.000000 0.000000 0.300011 0.300011 0.300011 0.300011 0.300011 0.300011 0.300011 0.300011 0.300009 0.300011 0.300011 0.300011 0.300011 0.300011 0.300011 0.300011 0.300011 0.000000 0.000000
0.000000 0.000000 0.297433 0.297434 0.297439 0.297437 0.297434 0.297434 0.297434 0.297434 0.297433 0.297434 0.297434 0.297434 0.297434 0.297437 0.297439 0.297434 0.297433 0.000000 0.000000
0.000000 0.000000 0.287860 0.287862 0.287866 0.287865 0.287860 0.287862 0.287861 0.287859 0.287858 0.287859 0.287861 0.287862 0.287860 0.287865 0.287866 0.287862 0.287860 0.000000 0.000000
0.000000 0.000000 0.276828 0.276829 0.276832 0.276832 0.276827 0.276829 0.276829 0.276827 0.276826 0.276827 0.276829 0.276829 0.276827 0.276832 0.276832 0.276829 0.276828 0.000000 0.000000
0.000000 0.000000 0.266693 0.266694 0.266697 0.266697 0.266693 0.266694 0.266694 0.266693 0.266692 0.266693 0.266694 0.266694 0.266693 0.266697 0.266697 0.266694 0.266693 0.000000 0.000000
0.000000 0.000000 0.257501 0.257502 0.257504 0.257504 0.257501 0.257502 0.257502 0.257500 0.257499 0.257500 0.257502 0.257502 0.257501 0.257504 0.257504 0.257502 0.257501 0.000000 0.000000
0.000000 0.000000 0.249003 0.249003 0.249006 0.249005 0.249003 0.249004 0.249003 0.249002 0.249001 0.249002 0.249003 0.249004 0.249003 0.249005 0.249006 0.249003 0.249003 0.000000 0.000000
0.000000 0.000000 0.240996 0.240997 0.241000 0.240999 0.240996 0.240997 0.240997 0.240996 0.240995 0.240996 0.240997 0.240997 0.240996 0.240999 0.241000 0.240997 0.240996 0.000000 0.000000
0.000000 0.000000 0.233384 0.233385 0.233387 0.233387 0.233384 0.233385 0.233385 0.233384 0.233383 0.233384 0.233385 0.233385 0.233384 0.233387 0.233387 0.233385 0.233384 0.000000 0.000000
0.000000 0.000000 0.226094 0.226094 0.226097 0.226096 0.226094 0.226095 0.226094 0.226093 0.226092 0.226093 0.226094 0.226095 0.226094 0.226096 0.226097 0.226094 0.226094 0.000000 0.000000
0.000000 0.000000 0.219073 0.219074 0.219076 0.219075 0.219073 0.219074 0.219074 0.219073 0.219072 0.219073 0.219074 0.219074 0.219073 0.219075 0.219076 0.219074 0.219073 0.000000 0.000000
0.000000 0.000000 0.212261 0.212262 0.212264 0.212264 0.212261 0.212262 0.212262 0.212261 0.212260 0.212261 0.212262 0.212262 0.212261 0.212264 0.212264 0.212262 0.212261 0.000000 0.000000
0.000000 0.000000 0.205645 0.205646 0.205648 0.205647 0.205645 0.205646 0.205646 0.205645 0.205644 0.205645 0.205646 0.205646 0.205645 0.205647 0.205648 0.205646 0.205645 0.000000 0.000000
0.000000 0.000000 0.199212 0.199213 0.199215 0.199214 0.199212 0.199213 0.199213 0.199212 0.199211 0.199212 0.199213 0.199213 0.199212 0.199214 0.199215 0.199213 0.199212 0.000000 0.000000
0.000000 0.000000 0.192942 0.192943 0.192945 0.192944 0.192942 0.192943 0.192943 0.192942 0.192941 0.192942 0.192943 0.192943 0.192942 0.192944 0.192945 0.192943 0.192942 0.000000 0.000000
0.000000 0.000000 0.186701 0.186700 0.186702 0.186702 0.186699 0.186700 0.186700 0.186699 0.186698 0.186699 0.186700 0.186700 0.186699 0.186702 0.186702 0.186700 0.186700 0.000000 0.000000
0.000000 0.000000 0.300000 0.300000 0.300000 0.300000 0.300000 0.300000 0.300000 0.300000 0.300000 0.300000 0.300000 0.300000 0.300000 0.300000 0.300000 0.300000 0.300000 0.000000 0.000000
0.000000 0.000000 0.000000 0.000000 0.000000 0.000000 0.000000 0.000000 0.000000 0.000000 0.000000 0.000000 0.000000 0.000000 0.000000 0.000000 0.000000 0.000000 0.000000 0.000000 0.000000