geotop/1.0zi/1.0Montebello/Templates/testdem/maps/_Eocclay0535.asc
ncols         21
nrows         20
xllcorner     100.000000
yllcorner     100.000000
cellsize      50.000000
NODATA_value  -9999.0
0.000000 0.000000 0.000000 0.000000 0.000000 0.000000 0.000000 0.000000 0.000000 0.000000 0.000000 0.000000 0.000000 0.000000 0.000000 0.000000 0.000000 0.000000 0.000000 0.000000 0.000000
0.000000 0.000000 0.349969 0.349969 0.349969 0.349969 0.349969 0.349969 0.349969 0.349969 0.349969 0.349969 0.349969 0.349969 0.349969 0.349969 0.349969 0.349969 0.349969 0.000000 0.000000
0.000000 0.000000 0.349997 0.349997 0.349997 0.349997 0.349997 0.349997 0.349997 0.349997 0.349997 0.349997 0.349997 0.349997 0.349997 0.349997 0.349997 0.349997 0.349997 0.000000 0.000000
0.000000 0.000000 0.350282 0.350282 0.350280 0.350282 0.350283 0.350283 0.350283 0.350283 0.350283 0.350283 0.350283 0.350283 0.350283 0.350282 0.350280 0.350282 0.350282 0.000000 0.000000
0.000000 0.000000 0.351221 0.351221 0.351219 0.351221 0.351221 0.351221 0.351221 0.351221 0.351221 0.351221 0.351221 0.351221 0.351221 0.351221 0.351219 0.351221 0.351221 0.000000 0.000000
0.000000 0.000000 0.352154 0.352154 0.352152 0.352153 0.352154 0.352154 0.352154 0.352154 0.352154 0.352154 0.352154 0.352154 0.352154 0.352153 0.352152 0.352154 0.352154 0.000000 0.000000
0.000000 0.000000 0.353031 0.353031 0.353029 0.353030 0.353031 0.353031 0.353031 0.353031 0.353031 0.353031 0.353031 0.353031 0.353031 0.353030 0.353029 0.353031 0.353031 0.000000 0.000000
0.000000 0.000000 0.353844 0.353844 0.353843 0.353844 0.353844 0.353845 0.353845 0.353845 0.353844 0.353845 0.353845 0.353845 0.353844 0.353844 0.353843 0.353844 0.353844 0.000000 0.000000
0.000000 0.000000 0.354613 0.354613 0.354612 0.354613 0.354613 0.354613 0.354613 0.354613 0.354613 0.354613 0.354613 0.354613 0.354613 0.354613 0.354612 0.354613 0.354613 0.000000 0.000000
0.000000 0.000000 0.355355 0.355355 0.355354 0.355355 0.355355 0.355355 0.355355 0.355355 0.355355 0.355355 0.355355 0.355355 0.355355 0.355355 0.355354 0.355355 0.355355 0.000000 0.000000
0.000000 0.000000 0.356076 0.356077 0.356075 0.356076 0.356077 0.356077 0.356077 0.356077 0.356077 0.356077 0.356077 0.356077 0.356077 0.356076 0.356075 0.356077 0.356076 0.000000 0.000000
0.000000 0.000000 0.356784 0.356784 0.356783 0.356784 0.356784 0.356784 0.356784 0.356784 0.356784 0.356784 0.356784 0.356784 0.356784 0.356784 0.356783 0.356784 0.356784 0.000000 0.000000
0.000000 0.000000 0.357479 0.357479 0.357478 0.357479 0.357479 0.357479 0.357479 0.357479 0.357479 0.357479 0.357479 0.357479 0.357479 0.357479 0.357478 0.357479 0.357479 0.000000 0.000000
0.000000 0.000000 0.358163 0.358163 0.358162 0.358163 0.358163 0.358163 0.358163 0.358163 0.358163 0.358163 0.358163 0.358163 0.358163 0.358163 0.358162 0.358163 0.358163 0.000000 0.000000
0.000000 0.000000 0.358840 0.358840 0.358839 0.358840 0.358840 0.358841 0.358841 0.358840 0.358840 0.358840 0.358841 0.358841 0.358840 0.358840 0.358839 0.358840 0.358840 0.000000 0.000000
0.000000 0.000000 0.359515 0.359515 0.359513 0.359515 0.359515 0.359515 0.359515 0.359515 0.359515 0.359515 0.359515 0.359515 0.359515 0.359515 0.359513 0.359515 0.359515 0.000000 0.000000
0.000000 0.000000 0.360182 0.360182 0.360180 0.360181 0.360182 0.360182 0.360182 0.360182 0.360182 0.360182 0.360182 0.360182 0.360182 0.360181 0.360180 0.360182 0.360182 0.000000 0.000000
0.000000 0.000000 0.360860 0.360860 0.360859 0.360860 0.360860 0.360860 0.360860 0.360860 0.360860 0.360860 0.360860 0.360860 0.360860 0.360860 0.360859 0.360860 0.360860 0.000000 0.000000
0.000000 0.000000 0.350000 0.350000 0.350000 0.350000 0.350000 0.350000 0.350000 0.350000 0.350000 0.350000 0.350000 0.350000 0.350000 0.350000 0.350000 0.350000 0.350000 0.000000 0.000000
0.000000 0.000000 0.000000 0.000000 0.000000 0.000000 0.000000 0.000000 0.000000 0.000000 0.000000 0.000000 0.000000 0.000000 0.000000 0.000000 0.000000 0.000000 0.000000 0.000000 0.000000