geotop/1.0zi/1.0Montebello/Templates/testdem/maps/_Eocclay4771.asc
ncols         21
nrows         20
xllcorner     100.000000
yllcorner     100.000000
cellsize      50.000000
NODATA_value  -9999.0
0.000000 0.000000 0.000000 0.000000 0.000000 0.000000 0.000000 0.000000 0.000000 0.000000 0.000000 0.000000 0.000000 0.000000 0.000000 0.000000 0.000000 0.000000 0.000000 0.000000 0.000000
0.000000 0.000000 0.349786 0.349786 0.349787 0.349787 0.349787 0.349787 0.349786 0.349787 0.349787 0.349787 0.349787 0.349786 0.349787 0.349787 0.349786 0.349786 0.349786 0.000000 0.000000
0.000000 0.000000 0.349992 0.349992 0.349992 0.349992 0.349991 0.349992 0.349992 0.349992 0.349991 0.349991 0.349992 0.349992 0.349992 0.349992 0.349992 0.349992 0.349992 0.000000 0.000000
0.000000 0.000000 0.349992 0.349994 0.349992 0.349992 0.349994 0.349994 0.349994 0.349993 0.349994 0.349993 0.349993 0.349992 0.349994 0.349995 0.349994 0.349994 0.349993 0.000000 0.000000
0.000000 0.000000 0.350338 0.350337 0.350337 0.350331 0.350323 0.350321 0.350321 0.350321 0.350320 0.350322 0.350319 0.350320 0.350325 0.350324 0.350328 0.350330 0.350332 0.000000 0.000000
0.000000 0.000000 0.351611 0.351614 0.351608 0.351592 0.351588 0.351574 0.351573 0.351568 0.351573 0.351573 0.351576 0.351578 0.351579 0.351589 0.351594 0.351602 0.351607 0.000000 0.000000
0.000000 0.000000 0.353515 0.353512 0.353508 0.353494 0.353479 0.353457 0.353457 0.353452 0.353456 0.353456 0.353458 0.353459 0.353474 0.353492 0.353501 0.353507 0.353513 0.000000 0.000000
0.000000 0.000000 0.355762 0.355760 0.355758 0.355741 0.355723 0.355702 0.355703 0.355699 0.355700 0.355701 0.355699 0.355702 0.355721 0.355737 0.355746 0.355751 0.355758 0.000000 0.000000
0.000000 0.000000 0.358017 0.358014 0.358008 0.357997 0.357981 0.357959 0.357961 0.357956 0.357957 0.357958 0.357956 0.357959 0.357976 0.357995 0.358003 0.358007 0.358014 0.000000 0.000000
0.000000 0.000000 0.360286 0.360281 0.360278 0.360265 0.360245 0.360225 0.360227 0.360224 0.360224 0.360225 0.360224 0.360224 0.360244 0.360264 0.360271 0.360275 0.360282 0.000000 0.000000
0.000000 0.000000 0.362603 0.362598 0.362595 0.362585 0.362570 0.362545 0.362547 0.362542 0.362542 0.362544 0.362542 0.362543 0.362560 0.362575 0.362585 0.362590 0.362598 0.000000 0.000000
0.000000 0.000000 0.365004 0.365000 0.364994 0.364980 0.364964 0.364940 0.364940 0.364936 0.364937 0.364936 0.364935 0.364935 0.364958 0.364975 0.364985 0.364989 0.365013 0.000000 0.000000
0.000000 0.000000 0.367444 0.367439 0.367434 0.367423 0.367403 0.367353 0.367354 0.367349 0.367349 0.367350 0.367348 0.367350 0.367393 0.367414 0.367424 0.367428 0.367443 0.000000 0.000000
0.000000 0.000000 0.370039 0.370030 0.370025 0.370014 0.369961 0.369947 0.369940 0.369936 0.369937 0.369937 0.369935 0.369936 0.369951 0.370002 0.370012 0.370022 0.370031 0.000000 0.000000
0.000000 0.000000 0.372848 0.372841 0.372826 0.372780 0.372755 0.372723 0.372707 0.372701 0.372695 0.372695 0.372698 0.372694 0.372719 0.372754 0.372810 0.372808 0.372816 0.000000 0.000000
0.000000 0.000000 0.375757 0.375750 0.375694 0.375684 0.375666 0.375650 0.375649 0.375648 0.375651 0.375650 0.375643 0.375655 0.375663 0.375678 0.375679 0.375740 0.375754 0.000000 0.000000
0.000000 0.000000 0.379011 0.378936 0.378890 0.378868 0.378828 0.378807 0.378802 0.378799 0.378791 0.378792 0.378794 0.378789 0.378805 0.378849 0.378878 0.378907 0.378981 0.000000 0.000000
0.000000 0.000000 0.381526 0.381512 0.381560 0.381531 0.381497 0.381423 0.381417 0.381409 0.381413 0.381413 0.381409 0.381415 0.381483 0.381519 0.381561 0.381497 0.381524 0.000000 0.000000
0.000000 0.000000 0.350000 0.350000 0.350000 0.350000 0.350000 0.350000 0.350000 0.350000 0.350000 0.350000 0.350000 0.350000 0.350000 0.350000 0.350000 0.350000 0.350000 0.000000 0.000000
0.000000 0.000000 0.000000 0.000000 0.000000 0.000000 0.000000 0.000000 0.000000 0.000000 0.000000 0.000000 0.000000 0.000000 0.000000 0.000000 0.000000 0.000000 0.000000 0.000000 0.000000