geotop/1.0zi/1.0Montebello/Templates/testdem/maps/_Eocsilt077&.asc
ncols         21
nrows         20
xllcorner     100.000000
yllcorner     100.000000
cellsize      50.000000
NODATA_value  -9999.0
0.000000 0.000000 0.000000 0.000000 0.000000 0.000000 0.000000 0.000000 0.000000 0.000000 0.000000 0.000000 0.000000 0.000000 0.000000 0.000000 0.000000 0.000000 0.000000 0.000000 0.000000
0.000000 0.000000 0.350235 0.350235 0.350235 0.350236 0.350235 0.350235 0.350235 0.350235 0.350235 0.350234 0.350234 0.350234 0.350235 0.350235 0.350236 0.350236 0.350235 0.000000 0.000000
0.000000 0.000000 0.350009 0.350009 0.350009 0.350008 0.350010 0.350010 0.350009 0.350010 0.350010 0.350010 0.350010 0.350010 0.350009 0.350009 0.350007 0.350007 0.350008 0.000000 0.000000
0.000000 0.000000 0.350203 0.350199 0.350192 0.350188 0.350186 0.350181 0.350183 0.350184 0.350183 0.350186 0.350186 0.350187 0.350188 0.350193 0.350196 0.350200 0.350201 0.000000 0.000000
0.000000 0.000000 0.351922 0.351927 0.351916 0.351890 0.351880 0.351871 0.351876 0.351873 0.351872 0.351874 0.351880 0.351878 0.351893 0.351902 0.351910 0.351916 0.351920 0.000000 0.000000
0.000000 0.000000 0.356355 0.356347 0.356329 0.356296 0.356259 0.356229 0.356228 0.356225 0.356223 0.356225 0.356229 0.356226 0.356245 0.356273 0.356289 0.356299 0.356306 0.000000 0.000000
0.000000 0.000000 0.362505 0.362491 0.362472 0.362424 0.362377 0.362315 0.362318 0.362316 0.362309 0.362308 0.362305 0.362309 0.362359 0.362395 0.362422 0.362440 0.362447 0.000000 0.000000
0.000000 0.000000 0.369867 0.369849 0.369829 0.369770 0.369718 0.369659 0.369661 0.369656 0.369648 0.369644 0.369642 0.369650 0.369697 0.369741 0.369782 0.369790 0.369805 0.000000 0.000000
0.000000 0.000000 0.378162 0.378137 0.378103 0.378055 0.377994 0.377921 0.377928 0.377918 0.377906 0.377904 0.377908 0.377903 0.377972 0.378025 0.378057 0.378073 0.378086 0.000000 0.000000
0.000000 0.000000 0.387601 0.387567 0.387536 0.387483 0.387415 0.387336 0.387337 0.387333 0.387314 0.387321 0.387329 0.387325 0.387380 0.387450 0.387490 0.387507 0.387512 0.000000 0.000000
0.000000 0.000000 0.398705 0.398676 0.398648 0.398530 0.398499 0.398389 0.398414 0.398364 0.398367 0.398357 0.398337 0.398367 0.398433 0.398476 0.398534 0.398555 0.398603 0.000000 0.000000
0.000000 0.000000 0.412110 0.412045 0.411966 0.411914 0.411849 0.411707 0.411694 0.411702 0.411714 0.411672 0.411694 0.411675 0.411802 0.411880 0.411909 0.411930 0.412023 0.000000 0.000000
0.000000 0.000000 0.427207 0.427147 0.427130 0.427006 0.426929 0.426536 0.426526 0.426505 0.426350 0.426456 0.426454 0.426489 0.426774 0.426832 0.426985 0.426994 0.426993 0.000000 0.000000
0.000000 0.000000 0.444564 0.444540 0.444409 0.444345 0.443848 0.444102 0.443997 0.444002 0.444097 0.444003 0.443990 0.443923 0.443699 0.444249 0.444241 0.444372 0.444443 0.000000 0.000000
0.000000 0.000000 0.458749 0.458709 0.458656 0.458269 0.458453 0.458195 0.458152 0.458128 0.458028 0.458009 0.458049 0.458058 0.458280 0.458096 0.458595 0.458476 0.458452 0.000000 0.000000
0.000000 0.000000 0.467127 0.467106 0.466950 0.466889 0.466922 0.466843 0.466887 0.466866 0.466865 0.466854 0.466842 0.466874 0.466925 0.466891 0.466906 0.467071 0.467060 0.000000 0.000000
0.000000 0.000000 0.472251 0.472281 0.472088 0.472161 0.472165 0.472155 0.472239 0.472216 0.472261 0.472250 0.472213 0.472262 0.472245 0.472243 0.472057 0.472342 0.472293 0.000000 0.000000
0.000000 0.000000 0.476860 0.476664 0.476538 0.476524 0.476450 0.476498 0.476487 0.476505 0.476453 0.476459 0.476470 0.476459 0.476426 0.476479 0.476503 0.476611 0.476804 0.000000 0.000000
0.000000 0.000000 0.350000 0.350000 0.350000 0.350000 0.350000 0.350000 0.350000 0.350000 0.350000 0.350000 0.350000 0.350000 0.350000 0.350000 0.350000 0.350000 0.350000 0.000000 0.000000
0.000000 0.000000 0.000000 0.000000 0.000000 0.000000 0.000000 0.000000 0.000000 0.000000 0.000000 0.000000 0.000000 0.000000 0.000000 0.000000 0.000000 0.000000 0.000000 0.000000 0.000000