geotop/1.0zi/1.0Montebello/Templates/testdem/maps/_Eocsilt4367.asc
ncols         21
nrows         20
xllcorner     100.000000
yllcorner     100.000000
cellsize      50.000000
NODATA_value  -9999.0
0.000000 0.000000 0.000000 0.000000 0.000000 0.000000 0.000000 0.000000 0.000000 0.000000 0.000000 0.000000 0.000000 0.000000 0.000000 0.000000 0.000000 0.000000 0.000000 0.000000 0.000000
0.000000 0.000000 0.350089 0.350089 0.350089 0.350089 0.350088 0.350089 0.350089 0.350089 0.350089 0.350089 0.350089 0.350089 0.350088 0.350089 0.350089 0.350089 0.350088 0.000000 0.000000
0.000000 0.000000 0.350002 0.350002 0.350002 0.350003 0.350003 0.350003 0.350003 0.350003 0.350003 0.350003 0.350003 0.350003 0.350003 0.350002 0.350001 0.350001 0.350001 0.000000 0.000000
0.000000 0.000000 0.350032 0.350031 0.350031 0.350027 0.350028 0.350025 0.350027 0.350028 0.350027 0.350027 0.350027 0.350026 0.350028 0.350030 0.350031 0.350033 0.350032 0.000000 0.000000
0.000000 0.000000 0.350380 0.350380 0.350378 0.350379 0.350378 0.350376 0.350374 0.350371 0.350370 0.350373 0.350373 0.350373 0.350375 0.350374 0.350373 0.350378 0.350380 0.000000 0.000000
0.000000 0.000000 0.351483 0.351485 0.351481 0.351476 0.351472 0.351460 0.351459 0.351454 0.351458 0.351460 0.351462 0.351458 0.351460 0.351465 0.351469 0.351469 0.351471 0.000000 0.000000
0.000000 0.000000 0.353203 0.353201 0.353196 0.353183 0.353170 0.353155 0.353157 0.353154 0.353157 0.353155 0.353152 0.353153 0.353162 0.353176 0.353181 0.353185 0.353192 0.000000 0.000000
0.000000 0.000000 0.355218 0.355213 0.355209 0.355196 0.355183 0.355169 0.355171 0.355168 0.355168 0.355168 0.355164 0.355161 0.355176 0.355191 0.355201 0.355202 0.355208 0.000000 0.000000
0.000000 0.000000 0.357270 0.357264 0.357257 0.357246 0.357234 0.357214 0.357216 0.357212 0.357212 0.357213 0.357209 0.357208 0.357223 0.357240 0.357248 0.357252 0.357260 0.000000 0.000000
0.000000 0.000000 0.359308 0.359303 0.359297 0.359286 0.359271 0.359255 0.359258 0.359255 0.359255 0.359255 0.359251 0.359248 0.359265 0.359282 0.359288 0.359291 0.359298 0.000000 0.000000
0.000000 0.000000 0.361359 0.361354 0.361348 0.361339 0.361329 0.361308 0.361312 0.361307 0.361307 0.361308 0.361304 0.361301 0.361315 0.361327 0.361336 0.361340 0.361347 0.000000 0.000000
0.000000 0.000000 0.363477 0.363472 0.363464 0.363452 0.363440 0.363420 0.363420 0.363417 0.363417 0.363417 0.363414 0.363411 0.363430 0.363445 0.363453 0.363456 0.363479 0.000000 0.000000
0.000000 0.000000 0.365622 0.365616 0.365608 0.365598 0.365584 0.365542 0.365543 0.365539 0.365538 0.365539 0.365534 0.365532 0.365568 0.365586 0.365594 0.365598 0.365612 0.000000 0.000000
0.000000 0.000000 0.367884 0.367876 0.367869 0.367858 0.367816 0.367805 0.367800 0.367796 0.367797 0.367797 0.367791 0.367789 0.367801 0.367844 0.367853 0.367861 0.367870 0.000000 0.000000
0.000000 0.000000 0.370319 0.370312 0.370296 0.370257 0.370237 0.370211 0.370198 0.370194 0.370187 0.370187 0.370186 0.370179 0.370199 0.370229 0.370277 0.370275 0.370282 0.000000 0.000000
0.000000 0.000000 0.372828 0.372820 0.372770 0.372760 0.372749 0.372736 0.372735 0.372733 0.372735 0.372734 0.372726 0.372731 0.372737 0.372750 0.372751 0.372801 0.372814 0.000000 0.000000
0.000000 0.000000 0.375608 0.375546 0.375501 0.375483 0.375453 0.375437 0.375434 0.375432 0.375424 0.375425 0.375422 0.375415 0.375425 0.375462 0.375485 0.375512 0.375573 0.000000 0.000000
0.000000 0.000000 0.377791 0.377774 0.377806 0.377782 0.377756 0.377696 0.377692 0.377685 0.377687 0.377686 0.377680 0.377681 0.377734 0.377766 0.377802 0.377751 0.377778 0.000000 0.000000
0.000000 0.000000 0.350000 0.350000 0.350000 0.350000 0.350000 0.350000 0.350000 0.350000 0.350000 0.350000 0.350000 0.350000 0.350000 0.350000 0.350000 0.350000 0.350000 0.000000 0.000000
0.000000 0.000000 0.000000 0.000000 0.000000 0.000000 0.000000 0.000000 0.000000 0.000000 0.000000 0.000000 0.000000 0.000000 0.000000 0.000000 0.000000 0.000000 0.000000 0.000000 0.000000