geotop/1.0zi/1.0Montebello/Templates/testdem/maps/_Eocsand2204.asc
ncols         21
nrows         20
xllcorner     100.000000
yllcorner     100.000000
cellsize      50.000000
NODATA_value  -9999.0
0.000000 0.000000 0.000000 0.000000 0.000000 0.000000 0.000000 0.000000 0.000000 0.000000 0.000000 0.000000 0.000000 0.000000 0.000000 0.000000 0.000000 0.000000 0.000000 0.000000 0.000000
0.000000 0.000000 0.300066 0.300066 0.300066 0.300066 0.300066 0.300066 0.300066 0.300066 0.300066 0.300066 0.300066 0.300066 0.300066 0.300066 0.300066 0.300066 0.300066 0.000000 0.000000
0.000000 0.000000 0.300010 0.300010 0.300011 0.300010 0.300010 0.300010 0.300010 0.300010 0.300010 0.300010 0.300010 0.300010 0.300010 0.300010 0.300011 0.300010 0.300010 0.000000 0.000000
0.000000 0.000000 0.298630 0.298631 0.298635 0.298633 0.298630 0.298630 0.298631 0.298630 0.298630 0.298630 0.298631 0.298630 0.298630 0.298633 0.298635 0.298631 0.298630 0.000000 0.000000
0.000000 0.000000 0.292842 0.292844 0.292847 0.292847 0.292841 0.292843 0.292843 0.292840 0.292840 0.292840 0.292843 0.292843 0.292841 0.292847 0.292847 0.292844 0.292842 0.000000 0.000000
0.000000 0.000000 0.285609 0.285610 0.285613 0.285613 0.285608 0.285610 0.285609 0.285608 0.285607 0.285608 0.285609 0.285610 0.285608 0.285613 0.285613 0.285610 0.285609 0.000000 0.000000
0.000000 0.000000 0.278842 0.278843 0.278845 0.278845 0.278841 0.278842 0.278842 0.278841 0.278840 0.278841 0.278842 0.278842 0.278841 0.278845 0.278845 0.278843 0.278842 0.000000 0.000000
0.000000 0.000000 0.272627 0.272627 0.272630 0.272629 0.272626 0.272627 0.272627 0.272626 0.272625 0.272626 0.272627 0.272627 0.272626 0.272629 0.272630 0.272627 0.272627 0.000000 0.000000
0.000000 0.000000 0.266815 0.266816 0.266818 0.266818 0.266815 0.266816 0.266816 0.266814 0.266814 0.266814 0.266816 0.266816 0.266815 0.266818 0.266818 0.266816 0.266815 0.000000 0.000000
0.000000 0.000000 0.261270 0.261271 0.261273 0.261272 0.261269 0.261270 0.261270 0.261269 0.261269 0.261269 0.261270 0.261270 0.261269 0.261272 0.261273 0.261271 0.261270 0.000000 0.000000
0.000000 0.000000 0.255928 0.255928 0.255931 0.255930 0.255927 0.255928 0.255928 0.255927 0.255927 0.255927 0.255928 0.255928 0.255927 0.255930 0.255931 0.255928 0.255928 0.000000 0.000000
0.000000 0.000000 0.250742 0.250742 0.250745 0.250744 0.250741 0.250742 0.250742 0.250741 0.250740 0.250741 0.250742 0.250742 0.250741 0.250744 0.250745 0.250742 0.250742 0.000000 0.000000
0.000000 0.000000 0.245676 0.245677 0.245679 0.245678 0.245676 0.245677 0.245677 0.245675 0.245675 0.245675 0.245677 0.245677 0.245676 0.245678 0.245679 0.245677 0.245676 0.000000 0.000000
0.000000 0.000000 0.240718 0.240718 0.240721 0.240720 0.240717 0.240718 0.240718 0.240717 0.240717 0.240717 0.240718 0.240718 0.240717 0.240720 0.240721 0.240718 0.240718 0.000000 0.000000
0.000000 0.000000 0.235846 0.235847 0.235849 0.235848 0.235846 0.235847 0.235846 0.235845 0.235845 0.235845 0.235846 0.235847 0.235846 0.235848 0.235849 0.235847 0.235846 0.000000 0.000000
0.000000 0.000000 0.231051 0.231052 0.231054 0.231053 0.231051 0.231052 0.231052 0.231050 0.231050 0.231050 0.231052 0.231052 0.231051 0.231053 0.231054 0.231052 0.231051 0.000000 0.000000
0.000000 0.000000 0.226331 0.226332 0.226334 0.226333 0.226331 0.226332 0.226332 0.226330 0.226330 0.226330 0.226332 0.226332 0.226331 0.226333 0.226334 0.226332 0.226331 0.000000 0.000000
0.000000 0.000000 0.221628 0.221628 0.221630 0.221629 0.221627 0.221628 0.221628 0.221626 0.221626 0.221626 0.221628 0.221628 0.221627 0.221629 0.221630 0.221628 0.221627 0.000000 0.000000
0.000000 0.000000 0.300000 0.300000 0.300000 0.300000 0.300000 0.300000 0.300000 0.300000 0.300000 0.300000 0.300000 0.300000 0.300000 0.300000 0.300000 0.300000 0.300000 0.000000 0.000000
0.000000 0.000000 0.000000 0.000000 0.000000 0.000000 0.000000 0.000000 0.000000 0.000000 0.000000 0.000000 0.000000 0.000000 0.000000 0.000000 0.000000 0.000000 0.000000 0.000000 0.000000