geotop/1.0zi/1.0Montebello/Templates/testdem/maps/_Eocsilt9674.asc
ncols         21
nrows         20
xllcorner     100.000000
yllcorner     100.000000
cellsize      50.000000
NODATA_value  -9999.0
0.000000 0.000000 0.000000 0.000000 0.000000 0.000000 0.000000 0.000000 0.000000 0.000000 0.000000 0.000000 0.000000 0.000000 0.000000 0.000000 0.000000 0.000000 0.000000 0.000000 0.000000
0.000000 0.000000 0.350207 0.350207 0.350207 0.350207 0.350206 0.350206 0.350206 0.350206 0.350206 0.350206 0.350206 0.350206 0.350206 0.350206 0.350207 0.350207 0.350207 0.000000 0.000000
0.000000 0.000000 0.350008 0.350008 0.350008 0.350007 0.350009 0.350008 0.350008 0.350008 0.350009 0.350008 0.350009 0.350009 0.350008 0.350007 0.350006 0.350006 0.350007 0.000000 0.000000
0.000000 0.000000 0.350150 0.350147 0.350141 0.350137 0.350137 0.350131 0.350135 0.350136 0.350133 0.350137 0.350138 0.350137 0.350139 0.350143 0.350148 0.350149 0.350150 0.000000 0.000000
0.000000 0.000000 0.351494 0.351500 0.351490 0.351469 0.351460 0.351453 0.351456 0.351453 0.351452 0.351455 0.351460 0.351458 0.351472 0.351482 0.351486 0.351492 0.351495 0.000000 0.000000
0.000000 0.000000 0.355150 0.355145 0.355130 0.355105 0.355072 0.355046 0.355044 0.355039 0.355040 0.355041 0.355046 0.355043 0.355060 0.355083 0.355095 0.355103 0.355110 0.000000 0.000000
0.000000 0.000000 0.360278 0.360267 0.360251 0.360214 0.360172 0.360120 0.360122 0.360117 0.360113 0.360112 0.360110 0.360115 0.360158 0.360190 0.360210 0.360226 0.360233 0.000000 0.000000
0.000000 0.000000 0.366356 0.366343 0.366329 0.366287 0.366241 0.366193 0.366194 0.366187 0.366182 0.366179 0.366178 0.366186 0.366226 0.366264 0.366297 0.366302 0.366317 0.000000 0.000000
0.000000 0.000000 0.373048 0.373029 0.373005 0.372971 0.372920 0.372860 0.372865 0.372854 0.372846 0.372844 0.372848 0.372845 0.372903 0.372947 0.372973 0.372985 0.372997 0.000000 0.000000
0.000000 0.000000 0.380405 0.380380 0.380361 0.380325 0.380270 0.380208 0.380209 0.380201 0.380188 0.380193 0.380201 0.380198 0.380244 0.380301 0.380331 0.380342 0.380348 0.000000 0.000000
0.000000 0.000000 0.388729 0.388709 0.388691 0.388611 0.388584 0.388502 0.388520 0.388479 0.388482 0.388476 0.388463 0.388486 0.388538 0.388573 0.388614 0.388629 0.388665 0.000000 0.000000
0.000000 0.000000 0.398417 0.398374 0.398326 0.398288 0.398244 0.398141 0.398139 0.398134 0.398145 0.398110 0.398128 0.398123 0.398216 0.398270 0.398292 0.398305 0.398377 0.000000 0.000000
0.000000 0.000000 0.409294 0.409254 0.409242 0.409167 0.409114 0.408843 0.408838 0.408821 0.408726 0.408783 0.408789 0.408813 0.409014 0.409060 0.409159 0.409164 0.409183 0.000000 0.000000
0.000000 0.000000 0.422682 0.422663 0.422578 0.422525 0.422151 0.422279 0.422198 0.422198 0.422245 0.422195 0.422186 0.422148 0.422028 0.422439 0.422456 0.422552 0.422610 0.000000 0.000000
0.000000 0.000000 0.437792 0.437749 0.437673 0.437198 0.437393 0.437097 0.437030 0.436999 0.436891 0.436854 0.436909 0.436912 0.437171 0.436983 0.437604 0.437459 0.437438 0.000000 0.000000
0.000000 0.000000 0.451170 0.451145 0.450643 0.450899 0.450810 0.450828 0.451047 0.450988 0.451104 0.451084 0.450990 0.451109 0.451041 0.451124 0.450565 0.451329 0.451318 0.000000 0.000000
0.000000 0.000000 0.462219 0.461885 0.461951 0.461821 0.461640 0.461585 0.461491 0.461512 0.461405 0.461417 0.461477 0.461418 0.461508 0.461642 0.461919 0.461737 0.462085 0.000000 0.000000
0.000000 0.000000 0.467465 0.467391 0.467580 0.467482 0.467379 0.467221 0.467180 0.467157 0.467151 0.467146 0.467176 0.467156 0.467311 0.467387 0.467579 0.467333 0.467412 0.000000 0.000000
0.000000 0.000000 0.350000 0.350000 0.350000 0.350000 0.350000 0.350000 0.350000 0.350000 0.350000 0.350000 0.350000 0.350000 0.350000 0.350000 0.350000 0.350000 0.350000 0.000000 0.000000
0.000000 0.000000 0.000000 0.000000 0.000000 0.000000 0.000000 0.000000 0.000000 0.000000 0.000000 0.000000 0.000000 0.000000 0.000000 0.000000 0.000000 0.000000 0.000000 0.000000 0.000000