geotop/1.0zi/1.0Montebello/Templates/testdem/maps/_Eocclay2488.asc
ncols         21
nrows         20
xllcorner     100.000000
yllcorner     100.000000
cellsize      50.000000
NODATA_value  -9999.0
0.000000 0.000000 0.000000 0.000000 0.000000 0.000000 0.000000 0.000000 0.000000 0.000000 0.000000 0.000000 0.000000 0.000000 0.000000 0.000000 0.000000 0.000000 0.000000 0.000000 0.000000
0.000000 0.000000 0.349866 0.349866 0.349867 0.349866 0.349867 0.349866 0.349866 0.349867 0.349866 0.349867 0.349866 0.349866 0.349867 0.349866 0.349867 0.349866 0.349866 0.000000 0.000000
0.000000 0.000000 0.349990 0.349990 0.349989 0.349990 0.349990 0.349990 0.349990 0.349990 0.349990 0.349990 0.349990 0.349990 0.349990 0.349990 0.349989 0.349990 0.349990 0.000000 0.000000
0.000000 0.000000 0.350782 0.350782 0.350780 0.350781 0.350782 0.350782 0.350782 0.350782 0.350782 0.350782 0.350782 0.350782 0.350782 0.350781 0.350780 0.350782 0.350782 0.000000 0.000000
0.000000 0.000000 0.354391 0.354390 0.354388 0.354388 0.354392 0.354391 0.354391 0.354392 0.354393 0.354392 0.354391 0.354391 0.354392 0.354388 0.354388 0.354390 0.354391 0.000000 0.000000
0.000000 0.000000 0.358525 0.358524 0.358523 0.358523 0.358525 0.358524 0.358524 0.358525 0.358526 0.358525 0.358524 0.358524 0.358525 0.358523 0.358523 0.358524 0.358525 0.000000 0.000000
0.000000 0.000000 0.362444 0.362444 0.362443 0.362443 0.362445 0.362444 0.362444 0.362445 0.362445 0.362445 0.362444 0.362444 0.362445 0.362443 0.362443 0.362444 0.362444 0.000000 0.000000
0.000000 0.000000 0.366044 0.366044 0.366043 0.366043 0.366045 0.366044 0.366044 0.366045 0.366045 0.366045 0.366044 0.366044 0.366045 0.366043 0.366043 0.366044 0.366044 0.000000 0.000000
0.000000 0.000000 0.369402 0.369402 0.369401 0.369401 0.369402 0.369402 0.369402 0.369403 0.369403 0.369403 0.369402 0.369402 0.369402 0.369401 0.369401 0.369402 0.369402 0.000000 0.000000
0.000000 0.000000 0.372594 0.372593 0.372592 0.372593 0.372594 0.372594 0.372594 0.372594 0.372595 0.372594 0.372594 0.372594 0.372594 0.372593 0.372592 0.372593 0.372594 0.000000 0.000000
0.000000 0.000000 0.375656 0.375656 0.375655 0.375655 0.375657 0.375656 0.375656 0.375657 0.375657 0.375657 0.375656 0.375656 0.375657 0.375655 0.375655 0.375656 0.375656 0.000000 0.000000
0.000000 0.000000 0.378618 0.378618 0.378617 0.378617 0.378618 0.378618 0.378618 0.378619 0.378619 0.378619 0.378618 0.378618 0.378618 0.378617 0.378617 0.378618 0.378618 0.000000 0.000000
0.000000 0.000000 0.381500 0.381499 0.381498 0.381499 0.381500 0.381499 0.381499 0.381500 0.381500 0.381500 0.381499 0.381499 0.381500 0.381499 0.381498 0.381499 0.381500 0.000000 0.000000
0.000000 0.000000 0.384315 0.384315 0.384314 0.384314 0.384315 0.384315 0.384315 0.384316 0.384316 0.384316 0.384315 0.384315 0.384315 0.384314 0.384314 0.384315 0.384315 0.000000 0.000000
0.000000 0.000000 0.387075 0.387075 0.387074 0.387074 0.387075 0.387075 0.387075 0.387076 0.387076 0.387076 0.387075 0.387075 0.387075 0.387074 0.387074 0.387075 0.387075 0.000000 0.000000
0.000000 0.000000 0.389784 0.389784 0.389783 0.389784 0.389785 0.389784 0.389784 0.389785 0.389785 0.389785 0.389784 0.389784 0.389785 0.389784 0.389783 0.389784 0.389784 0.000000 0.000000
0.000000 0.000000 0.392445 0.392445 0.392444 0.392444 0.392446 0.392445 0.392445 0.392446 0.392446 0.392446 0.392445 0.392445 0.392446 0.392444 0.392444 0.392445 0.392445 0.000000 0.000000
0.000000 0.000000 0.395101 0.395102 0.395100 0.395101 0.395102 0.395102 0.395102 0.395102 0.395102 0.395102 0.395102 0.395102 0.395102 0.395101 0.395100 0.395102 0.395102 0.000000 0.000000
0.000000 0.000000 0.350000 0.350000 0.350000 0.350000 0.350000 0.350000 0.350000 0.350000 0.350000 0.350000 0.350000 0.350000 0.350000 0.350000 0.350000 0.350000 0.350000 0.000000 0.000000
0.000000 0.000000 0.000000 0.000000 0.000000 0.000000 0.000000 0.000000 0.000000 0.000000 0.000000 0.000000 0.000000 0.000000 0.000000 0.000000 0.000000 0.000000 0.000000 0.000000 0.000000