geotop/1.0zi/1.0Montebello/Templates/testdem/maps/_Eocclay068U.asc
ncols         21
nrows         20
xllcorner     100.000000
yllcorner     100.000000
cellsize      50.000000
NODATA_value  -9999.0
0.000000 0.000000 0.000000 0.000000 0.000000 0.000000 0.000000 0.000000 0.000000 0.000000 0.000000 0.000000 0.000000 0.000000 0.000000 0.000000 0.000000 0.000000 0.000000 0.000000 0.000000
0.000000 0.000000 0.349494 0.349497 0.349496 0.349495 0.349497 0.349498 0.349497 0.349497 0.349496 0.349497 0.349497 0.349497 0.349497 0.349497 0.349495 0.349496 0.349496 0.000000 0.000000
0.000000 0.000000 0.349980 0.349978 0.349977 0.349980 0.349977 0.349977 0.349977 0.349977 0.349977 0.349977 0.349977 0.349977 0.349978 0.349979 0.349979 0.349978 0.349977 0.000000 0.000000
0.000000 0.000000 0.350082 0.350091 0.350088 0.350082 0.350085 0.350085 0.350089 0.350086 0.350088 0.350086 0.350087 0.350085 0.350089 0.350093 0.350092 0.350091 0.350089 0.000000 0.000000
0.000000 0.000000 0.351933 0.351920 0.351912 0.351897 0.351876 0.351871 0.351869 0.351872 0.351870 0.351874 0.351874 0.351876 0.351885 0.351891 0.351904 0.351911 0.351920 0.000000 0.000000
0.000000 0.000000 0.356589 0.356583 0.356557 0.356512 0.356477 0.356443 0.356449 0.356445 0.356442 0.356442 0.356449 0.356446 0.356464 0.356499 0.356518 0.356533 0.356538 0.000000 0.000000
0.000000 0.000000 0.362775 0.362761 0.362744 0.362698 0.362653 0.362585 0.362587 0.362583 0.362576 0.362578 0.362578 0.362578 0.362631 0.362671 0.362695 0.362712 0.362720 0.000000 0.000000
0.000000 0.000000 0.370205 0.370188 0.370166 0.370104 0.370053 0.369990 0.369992 0.369986 0.369979 0.369976 0.369973 0.369983 0.370032 0.370075 0.370115 0.370126 0.370141 0.000000 0.000000
0.000000 0.000000 0.378539 0.378516 0.378482 0.378433 0.378373 0.378299 0.378308 0.378297 0.378285 0.378283 0.378285 0.378281 0.378350 0.378403 0.378435 0.378449 0.378462 0.000000 0.000000
0.000000 0.000000 0.388070 0.388036 0.388005 0.387951 0.387882 0.387802 0.387803 0.387798 0.387780 0.387786 0.387795 0.387791 0.387846 0.387918 0.387958 0.387975 0.387980 0.000000 0.000000
0.000000 0.000000 0.399358 0.399328 0.399300 0.399180 0.399148 0.399035 0.399060 0.399010 0.399012 0.399003 0.398982 0.399013 0.399080 0.399124 0.399183 0.399205 0.399253 0.000000 0.000000
0.000000 0.000000 0.413050 0.412984 0.412903 0.412849 0.412782 0.412637 0.412624 0.412632 0.412644 0.412600 0.412622 0.412603 0.412733 0.412813 0.412843 0.412863 0.412960 0.000000 0.000000
0.000000 0.000000 0.428679 0.428617 0.428599 0.428469 0.428389 0.427976 0.427966 0.427944 0.427780 0.427892 0.427890 0.427927 0.428225 0.428286 0.428447 0.428456 0.428454 0.000000 0.000000
0.000000 0.000000 0.447293 0.447267 0.447122 0.447051 0.446496 0.446784 0.446666 0.446672 0.446779 0.446674 0.446659 0.446585 0.446331 0.446945 0.446935 0.447081 0.447160 0.000000 0.000000
0.000000 0.000000 0.463830 0.463777 0.463713 0.463200 0.463481 0.463125 0.463073 0.463040 0.462904 0.462884 0.462937 0.462952 0.463259 0.462978 0.463642 0.463473 0.463436 0.000000 0.000000
0.000000 0.000000 0.474655 0.474629 0.474298 0.474399 0.474368 0.474339 0.474473 0.474436 0.474493 0.474479 0.474425 0.474499 0.474484 0.474509 0.474231 0.474695 0.474683 0.000000 0.000000
0.000000 0.000000 0.482939 0.482742 0.482702 0.482643 0.482539 0.482499 0.482477 0.482481 0.482433 0.482434 0.482454 0.482439 0.482481 0.482556 0.482658 0.482659 0.482847 0.000000 0.000000
0.000000 0.000000 0.487176 0.487264 0.487302 0.487317 0.487296 0.487183 0.487224 0.487188 0.487242 0.487230 0.487214 0.487242 0.487330 0.487343 0.487291 0.487296 0.487203 0.000000 0.000000
0.000000 0.000000 0.350000 0.350000 0.350000 0.350000 0.350000 0.350000 0.350000 0.350000 0.350000 0.350000 0.350000 0.350000 0.350000 0.350000 0.350000 0.350000 0.350000 0.000000 0.000000
0.000000 0.000000 0.000000 0.000000 0.000000 0.000000 0.000000 0.000000 0.000000 0.000000 0.000000 0.000000 0.000000 0.000000 0.000000 0.000000 0.000000 0.000000 0.000000 0.000000 0.000000