geotop/1.0zi/1.0Montebello/Templates/testdem/maps/_Eocsilt142K.asc
ncols         21
nrows         20
xllcorner     100.000000
yllcorner     100.000000
cellsize      50.000000
NODATA_value  -9999.0
0.000000 0.000000 0.000000 0.000000 0.000000 0.000000 0.000000 0.000000 0.000000 0.000000 0.000000 0.000000 0.000000 0.000000 0.000000 0.000000 0.000000 0.000000 0.000000 0.000000 0.000000
0.000000 0.000000 0.350252 0.350253 0.350253 0.350253 0.350252 0.350252 0.350252 0.350252 0.350252 0.350252 0.350252 0.350252 0.350252 0.350253 0.350253 0.350253 0.350253 0.000000 0.000000
0.000000 0.000000 0.350013 0.350013 0.350013 0.350012 0.350013 0.350013 0.350014 0.350014 0.350014 0.350014 0.350014 0.350014 0.350013 0.350012 0.350011 0.350011 0.350013 0.000000 0.000000
0.000000 0.000000 0.350249 0.350247 0.350237 0.350233 0.350234 0.350224 0.350227 0.350229 0.350225 0.350229 0.350228 0.350232 0.350229 0.350234 0.350239 0.350243 0.350245 0.000000 0.000000
0.000000 0.000000 0.352155 0.352159 0.352147 0.352126 0.352113 0.352105 0.352104 0.352101 0.352097 0.352103 0.352108 0.352104 0.352119 0.352130 0.352137 0.352145 0.352151 0.000000 0.000000
0.000000 0.000000 0.356971 0.356964 0.356947 0.356914 0.356877 0.356847 0.356843 0.356836 0.356832 0.356834 0.356840 0.356835 0.356854 0.356884 0.356898 0.356912 0.356918 0.000000 0.000000
0.000000 0.000000 0.363716 0.363703 0.363680 0.363634 0.363585 0.363517 0.363514 0.363509 0.363500 0.363500 0.363497 0.363501 0.363553 0.363593 0.363619 0.363642 0.363649 0.000000 0.000000
0.000000 0.000000 0.371852 0.371836 0.371814 0.371754 0.371701 0.371635 0.371628 0.371621 0.371610 0.371608 0.371604 0.371613 0.371661 0.371709 0.371751 0.371763 0.371778 0.000000 0.000000
0.000000 0.000000 0.381170 0.381146 0.381108 0.381060 0.380997 0.380912 0.380909 0.380895 0.380881 0.380879 0.380881 0.380876 0.380949 0.381009 0.381043 0.381062 0.381075 0.000000 0.000000
0.000000 0.000000 0.391996 0.391959 0.391923 0.391871 0.391797 0.391707 0.391694 0.391687 0.391663 0.391670 0.391684 0.391678 0.391736 0.391816 0.391858 0.391880 0.391884 0.000000 0.000000
0.000000 0.000000 0.405025 0.404988 0.404958 0.404825 0.404796 0.404665 0.404685 0.404621 0.404625 0.404614 0.404589 0.404625 0.404694 0.404744 0.404808 0.404836 0.404891 0.000000 0.000000
0.000000 0.000000 0.420961 0.420882 0.420788 0.420743 0.420675 0.420504 0.420475 0.420489 0.420494 0.420443 0.420471 0.420452 0.420594 0.420689 0.420715 0.420743 0.420848 0.000000 0.000000
0.000000 0.000000 0.438311 0.438246 0.438239 0.438108 0.438029 0.437580 0.437550 0.437521 0.437336 0.437466 0.437460 0.437503 0.437818 0.437882 0.438054 0.438078 0.438051 0.000000 0.000000
0.000000 0.000000 0.455502 0.455492 0.455370 0.455325 0.454887 0.455138 0.455035 0.455039 0.455132 0.455040 0.455027 0.454966 0.454755 0.455250 0.455231 0.455346 0.455405 0.000000 0.000000
0.000000 0.000000 0.466095 0.466076 0.466027 0.465840 0.465843 0.465765 0.465728 0.465716 0.465684 0.465659 0.465678 0.465671 0.465742 0.465738 0.465972 0.465937 0.465935 0.000000 0.000000
0.000000 0.000000 0.472136 0.472118 0.472101 0.471924 0.471993 0.471891 0.471863 0.471853 0.471813 0.471800 0.471820 0.471818 0.471909 0.471840 0.472072 0.472005 0.471996 0.000000 0.000000
0.000000 0.000000 0.475564 0.475639 0.475486 0.475501 0.475564 0.475532 0.475601 0.475576 0.475614 0.475600 0.475570 0.475615 0.475620 0.475567 0.475464 0.475674 0.475575 0.000000 0.000000
0.000000 0.000000 0.479159 0.478999 0.478861 0.478829 0.478806 0.478852 0.478847 0.478864 0.478814 0.478818 0.478826 0.478819 0.478782 0.478794 0.478828 0.478944 0.479093 0.000000 0.000000
0.000000 0.000000 0.350000 0.350000 0.350000 0.350000 0.350000 0.350000 0.350000 0.350000 0.350000 0.350000 0.350000 0.350000 0.350000 0.350000 0.350000 0.350000 0.350000 0.000000 0.000000
0.000000 0.000000 0.000000 0.000000 0.000000 0.000000 0.000000 0.000000 0.000000 0.000000 0.000000 0.000000 0.000000 0.000000 0.000000 0.000000 0.000000 0.000000 0.000000 0.000000 0.000000