geotop/1.0zi/1.0Montebello/Templates/testdem/maps/_Eocsilt7348.asc
ncols         21
nrows         20
xllcorner     100.000000
yllcorner     100.000000
cellsize      50.000000
NODATA_value  -9999.0
0.000000 0.000000 0.000000 0.000000 0.000000 0.000000 0.000000 0.000000 0.000000 0.000000 0.000000 0.000000 0.000000 0.000000 0.000000 0.000000 0.000000 0.000000 0.000000 0.000000 0.000000
0.000000 0.000000 0.350152 0.350153 0.350153 0.350153 0.350153 0.350153 0.350153 0.350153 0.350153 0.350152 0.350152 0.350153 0.350152 0.350153 0.350153 0.350153 0.350152 0.000000 0.000000
0.000000 0.000000 0.350004 0.350003 0.350003 0.350003 0.350004 0.350004 0.350004 0.350004 0.350004 0.350004 0.350005 0.350004 0.350004 0.350003 0.350002 0.350002 0.350004 0.000000 0.000000
0.000000 0.000000 0.350093 0.350089 0.350087 0.350081 0.350083 0.350078 0.350081 0.350081 0.350078 0.350080 0.350080 0.350080 0.350083 0.350085 0.350089 0.350088 0.350089 0.000000 0.000000
0.000000 0.000000 0.350914 0.350920 0.350915 0.350905 0.350899 0.350893 0.350889 0.350888 0.350888 0.350888 0.350889 0.350891 0.350903 0.350908 0.350910 0.350920 0.350922 0.000000 0.000000
0.000000 0.000000 0.353211 0.353212 0.353202 0.353187 0.353170 0.353149 0.353148 0.353143 0.353146 0.353147 0.353148 0.353147 0.353158 0.353170 0.353181 0.353189 0.353194 0.000000 0.000000
0.000000 0.000000 0.356527 0.356524 0.356514 0.356490 0.356460 0.356430 0.356430 0.356427 0.356428 0.356426 0.356423 0.356428 0.356455 0.356479 0.356495 0.356509 0.356516 0.000000 0.000000
0.000000 0.000000 0.360484 0.360483 0.360478 0.360453 0.360425 0.360391 0.360391 0.360387 0.360385 0.360383 0.360381 0.360387 0.360417 0.360442 0.360466 0.360472 0.360483 0.000000 0.000000
0.000000 0.000000 0.364697 0.364689 0.364676 0.364660 0.364630 0.364592 0.364593 0.364585 0.364582 0.364581 0.364582 0.364581 0.364619 0.364650 0.364669 0.364679 0.364688 0.000000 0.000000
0.000000 0.000000 0.369061 0.369053 0.369046 0.369031 0.368989 0.368955 0.368956 0.368952 0.368946 0.368948 0.368953 0.368951 0.368983 0.369017 0.369039 0.369045 0.369052 0.000000 0.000000
0.000000 0.000000 0.373690 0.373684 0.373677 0.373643 0.373614 0.373576 0.373585 0.373564 0.373566 0.373565 0.373557 0.373571 0.373599 0.373621 0.373647 0.373661 0.373679 0.000000 0.000000
0.000000 0.000000 0.378728 0.378714 0.378699 0.378677 0.378646 0.378598 0.378596 0.378589 0.378600 0.378584 0.378587 0.378592 0.378641 0.378666 0.378684 0.378694 0.378738 0.000000 0.000000
0.000000 0.000000 0.384065 0.384052 0.384045 0.384016 0.383989 0.383873 0.383872 0.383864 0.383835 0.383848 0.383855 0.383867 0.383956 0.383981 0.384025 0.384030 0.384056 0.000000 0.000000
0.000000 0.000000 0.390141 0.390135 0.390113 0.390092 0.389957 0.389952 0.389924 0.389924 0.389926 0.389921 0.389918 0.389913 0.389912 0.390051 0.390081 0.390118 0.390149 0.000000 0.000000
0.000000 0.000000 0.397131 0.397120 0.397090 0.396931 0.396920 0.396842 0.396800 0.396791 0.396764 0.396743 0.396760 0.396755 0.396831 0.396853 0.397067 0.397042 0.397053 0.000000 0.000000
0.000000 0.000000 0.404756 0.404744 0.404520 0.404545 0.404531 0.404494 0.404566 0.404538 0.404573 0.404552 0.404520 0.404575 0.404596 0.404609 0.404498 0.404806 0.404803 0.000000 0.000000
0.000000 0.000000 0.414092 0.413745 0.413752 0.413638 0.413462 0.413408 0.413339 0.413353 0.413260 0.413263 0.413311 0.413271 0.413358 0.413487 0.413737 0.413643 0.413999 0.000000 0.000000
0.000000 0.000000 0.418999 0.419236 0.419558 0.419526 0.419493 0.419189 0.419214 0.419134 0.419242 0.419215 0.419211 0.419244 0.419510 0.419533 0.419615 0.419329 0.419103 0.000000 0.000000
0.000000 0.000000 0.350000 0.350000 0.350000 0.350000 0.350000 0.350000 0.350000 0.350000 0.350000 0.350000 0.350000 0.350000 0.350000 0.350000 0.350000 0.350000 0.350000 0.000000 0.000000
0.000000 0.000000 0.000000 0.000000 0.000000 0.000000 0.000000 0.000000 0.000000 0.000000 0.000000 0.000000 0.000000 0.000000 0.000000 0.000000 0.000000 0.000000 0.000000 0.000000 0.000000