geotop/1.0zi/1.0Montebello/Templates/testdem/maps/_Eocsand2623.asc
ncols         21
nrows         20
xllcorner     100.000000
yllcorner     100.000000
cellsize      50.000000
NODATA_value  -9999.0
0.000000 0.000000 0.000000 0.000000 0.000000 0.000000 0.000000 0.000000 0.000000 0.000000 0.000000 0.000000 0.000000 0.000000 0.000000 0.000000 0.000000 0.000000 0.000000 0.000000 0.000000
0.000000 0.000000 0.300077 0.300077 0.300077 0.300078 0.300077 0.300077 0.300077 0.300077 0.300079 0.300077 0.300077 0.300077 0.300077 0.300078 0.300077 0.300077 0.300077 0.000000 0.000000
0.000000 0.000000 0.300012 0.300013 0.300013 0.300012 0.300012 0.300012 0.300012 0.300012 0.300011 0.300012 0.300012 0.300012 0.300012 0.300012 0.300013 0.300013 0.300012 0.000000 0.000000
0.000000 0.000000 0.298311 0.298311 0.298316 0.298314 0.298310 0.298311 0.298311 0.298310 0.298310 0.298310 0.298311 0.298311 0.298310 0.298314 0.298316 0.298311 0.298311 0.000000 0.000000
0.000000 0.000000 0.291115 0.291117 0.291120 0.291120 0.291114 0.291116 0.291116 0.291113 0.291113 0.291113 0.291116 0.291116 0.291114 0.291120 0.291120 0.291117 0.291115 0.000000 0.000000
0.000000 0.000000 0.282344 0.282345 0.282348 0.282348 0.282343 0.282345 0.282345 0.282343 0.282342 0.282343 0.282345 0.282345 0.282343 0.282348 0.282348 0.282345 0.282344 0.000000 0.000000
0.000000 0.000000 0.274164 0.274165 0.274167 0.274167 0.274163 0.274164 0.274164 0.274162 0.274162 0.274162 0.274164 0.274164 0.274163 0.274167 0.274167 0.274165 0.274164 0.000000 0.000000
0.000000 0.000000 0.266675 0.266676 0.266679 0.266678 0.266675 0.266676 0.266676 0.266674 0.266674 0.266674 0.266676 0.266676 0.266675 0.266678 0.266679 0.266676 0.266675 0.000000 0.000000
0.000000 0.000000 0.259701 0.259701 0.259704 0.259703 0.259700 0.259701 0.259701 0.259700 0.259699 0.259700 0.259701 0.259701 0.259700 0.259703 0.259704 0.259701 0.259701 0.000000 0.000000
0.000000 0.000000 0.253081 0.253082 0.253084 0.253083 0.253081 0.253082 0.253082 0.253080 0.253080 0.253080 0.253082 0.253082 0.253081 0.253083 0.253084 0.253082 0.253081 0.000000 0.000000
0.000000 0.000000 0.246737 0.246738 0.246740 0.246739 0.246737 0.246738 0.246738 0.246736 0.246736 0.246736 0.246738 0.246738 0.246737 0.246739 0.246740 0.246738 0.246737 0.000000 0.000000
0.000000 0.000000 0.240611 0.240611 0.240614 0.240613 0.240610 0.240611 0.240611 0.240610 0.240609 0.240610 0.240611 0.240611 0.240610 0.240613 0.240614 0.240611 0.240611 0.000000 0.000000
0.000000 0.000000 0.234657 0.234658 0.234660 0.234659 0.234656 0.234657 0.234657 0.234656 0.234656 0.234656 0.234657 0.234657 0.234656 0.234659 0.234660 0.234658 0.234657 0.000000 0.000000
0.000000 0.000000 0.228847 0.228848 0.228850 0.228849 0.228847 0.228848 0.228848 0.228846 0.228846 0.228846 0.228848 0.228848 0.228847 0.228849 0.228850 0.228848 0.228847 0.000000 0.000000
0.000000 0.000000 0.223163 0.223163 0.223166 0.223165 0.223162 0.223163 0.223163 0.223162 0.223162 0.223162 0.223163 0.223163 0.223162 0.223165 0.223166 0.223163 0.223163 0.000000 0.000000
0.000000 0.000000 0.217593 0.217593 0.217595 0.217595 0.217592 0.217593 0.217593 0.217592 0.217591 0.217592 0.217593 0.217593 0.217592 0.217595 0.217595 0.217593 0.217593 0.000000 0.000000
0.000000 0.000000 0.212131 0.212131 0.212134 0.212133 0.212130 0.212131 0.212131 0.212130 0.212130 0.212130 0.212131 0.212131 0.212130 0.212133 0.212134 0.212131 0.212131 0.000000 0.000000
0.000000 0.000000 0.206699 0.206699 0.206701 0.206701 0.206698 0.206699 0.206699 0.206698 0.206698 0.206698 0.206699 0.206699 0.206698 0.206701 0.206701 0.206699 0.206699 0.000000 0.000000
0.000000 0.000000 0.300000 0.300000 0.300000 0.300000 0.300000 0.300000 0.300000 0.300000 0.300000 0.300000 0.300000 0.300000 0.300000 0.300000 0.300000 0.300000 0.300000 0.000000 0.000000
0.000000 0.000000 0.000000 0.000000 0.000000 0.000000 0.000000 0.000000 0.000000 0.000000 0.000000 0.000000 0.000000 0.000000 0.000000 0.000000 0.000000 0.000000 0.000000 0.000000 0.000000