geotop/1.0zi/1.0Montebello/Templates/testdem/maps/_Eocclay1325.asc
ncols         21
nrows         20
xllcorner     100.000000
yllcorner     100.000000
cellsize      50.000000
NODATA_value  -9999.0
0.000000 0.000000 0.000000 0.000000 0.000000 0.000000 0.000000 0.000000 0.000000 0.000000 0.000000 0.000000 0.000000 0.000000 0.000000 0.000000 0.000000 0.000000 0.000000 0.000000 0.000000
0.000000 0.000000 0.349931 0.349931 0.349931 0.349931 0.349931 0.349931 0.349931 0.349931 0.349931 0.349931 0.349931 0.349931 0.349931 0.349931 0.349931 0.349931 0.349931 0.000000 0.000000
0.000000 0.000000 0.349994 0.349994 0.349993 0.349994 0.349994 0.349994 0.349994 0.349994 0.349994 0.349994 0.349994 0.349994 0.349994 0.349994 0.349993 0.349994 0.349994 0.000000 0.000000
0.000000 0.000000 0.350549 0.350549 0.350547 0.350547 0.350549 0.350549 0.350549 0.350549 0.350549 0.350549 0.350549 0.350549 0.350549 0.350547 0.350547 0.350549 0.350549 0.000000 0.000000
0.000000 0.000000 0.352556 0.352555 0.352553 0.352553 0.352556 0.352555 0.352555 0.352556 0.352556 0.352556 0.352555 0.352555 0.352556 0.352553 0.352553 0.352555 0.352556 0.000000 0.000000
0.000000 0.000000 0.354779 0.354779 0.354777 0.354777 0.354780 0.354779 0.354779 0.354780 0.354779 0.354780 0.354779 0.354779 0.354780 0.354777 0.354777 0.354779 0.354779 0.000000 0.000000
0.000000 0.000000 0.356901 0.356901 0.356899 0.356900 0.356902 0.356901 0.356901 0.356902 0.356902 0.356902 0.356901 0.356901 0.356902 0.356900 0.356899 0.356901 0.356901 0.000000 0.000000
0.000000 0.000000 0.358860 0.358859 0.358858 0.358858 0.358860 0.358859 0.358859 0.358860 0.358860 0.358860 0.358859 0.358859 0.358860 0.358858 0.358858 0.358859 0.358860 0.000000 0.000000
0.000000 0.000000 0.360696 0.360696 0.360694 0.360695 0.360696 0.360696 0.360696 0.360696 0.360696 0.360696 0.360696 0.360696 0.360696 0.360695 0.360694 0.360696 0.360696 0.000000 0.000000
0.000000 0.000000 0.362458 0.362457 0.362456 0.362456 0.362458 0.362458 0.362458 0.362458 0.362458 0.362458 0.362458 0.362458 0.362458 0.362456 0.362456 0.362457 0.362458 0.000000 0.000000
0.000000 0.000000 0.364163 0.364162 0.364161 0.364161 0.364163 0.364163 0.364163 0.364163 0.364163 0.364163 0.364163 0.364163 0.364163 0.364161 0.364161 0.364162 0.364163 0.000000 0.000000
0.000000 0.000000 0.365829 0.365829 0.365827 0.365828 0.365829 0.365829 0.365829 0.365829 0.365829 0.365829 0.365829 0.365829 0.365829 0.365828 0.365827 0.365829 0.365829 0.000000 0.000000
0.000000 0.000000 0.367468 0.367467 0.367466 0.367466 0.367468 0.367468 0.367468 0.367468 0.367468 0.367468 0.367468 0.367468 0.367468 0.367466 0.367466 0.367467 0.367468 0.000000 0.000000
0.000000 0.000000 0.369079 0.369079 0.369078 0.369078 0.369080 0.369079 0.369079 0.369080 0.369080 0.369080 0.369079 0.369079 0.369080 0.369078 0.369078 0.369079 0.369079 0.000000 0.000000
0.000000 0.000000 0.370671 0.370671 0.370670 0.370670 0.370672 0.370671 0.370671 0.370672 0.370672 0.370672 0.370671 0.370671 0.370672 0.370670 0.370670 0.370671 0.370671 0.000000 0.000000
0.000000 0.000000 0.372249 0.372249 0.372248 0.372248 0.372250 0.372249 0.372249 0.372249 0.372249 0.372249 0.372249 0.372249 0.372250 0.372248 0.372248 0.372249 0.372249 0.000000 0.000000
0.000000 0.000000 0.373811 0.373811 0.373810 0.373810 0.373812 0.373811 0.373811 0.373812 0.373812 0.373812 0.373811 0.373811 0.373812 0.373810 0.373810 0.373811 0.373811 0.000000 0.000000
0.000000 0.000000 0.375398 0.375398 0.375396 0.375397 0.375398 0.375398 0.375398 0.375398 0.375398 0.375398 0.375398 0.375398 0.375398 0.375397 0.375396 0.375398 0.375398 0.000000 0.000000
0.000000 0.000000 0.350000 0.350000 0.350000 0.350000 0.350000 0.350000 0.350000 0.350000 0.350000 0.350000 0.350000 0.350000 0.350000 0.350000 0.350000 0.350000 0.350000 0.000000 0.000000
0.000000 0.000000 0.000000 0.000000 0.000000 0.000000 0.000000 0.000000 0.000000 0.000000 0.000000 0.000000 0.000000 0.000000 0.000000 0.000000 0.000000 0.000000 0.000000 0.000000 0.000000