geotop/1.0zi/1.0Montebello/Templates/testdem/maps/_Eocsilt3407.asc
ncols         21
nrows         20
xllcorner     100.000000
yllcorner     100.000000
cellsize      50.000000
NODATA_value  -9999.0
0.000000 0.000000 0.000000 0.000000 0.000000 0.000000 0.000000 0.000000 0.000000 0.000000 0.000000 0.000000 0.000000 0.000000 0.000000 0.000000 0.000000 0.000000 0.000000 0.000000 0.000000
0.000000 0.000000 0.350091 0.350091 0.350091 0.350091 0.350091 0.350091 0.350091 0.350091 0.350091 0.350091 0.350091 0.350091 0.350091 0.350091 0.350091 0.350091 0.350091 0.000000 0.000000
0.000000 0.000000 0.349994 0.349994 0.349994 0.349994 0.349994 0.349994 0.349994 0.349994 0.349994 0.349994 0.349994 0.349994 0.349994 0.349994 0.349994 0.349994 0.349994 0.000000 0.000000
0.000000 0.000000 0.351365 0.351364 0.351362 0.351363 0.351365 0.351365 0.351365 0.351365 0.351366 0.351365 0.351365 0.351365 0.351365 0.351363 0.351362 0.351364 0.351365 0.000000 0.000000
0.000000 0.000000 0.356210 0.356209 0.356207 0.356207 0.356210 0.356209 0.356209 0.356210 0.356210 0.356210 0.356209 0.356209 0.356210 0.356207 0.356207 0.356209 0.356210 0.000000 0.000000
0.000000 0.000000 0.362142 0.362142 0.362140 0.362140 0.362143 0.362142 0.362142 0.362143 0.362143 0.362143 0.362142 0.362142 0.362143 0.362140 0.362140 0.362142 0.362142 0.000000 0.000000
0.000000 0.000000 0.367510 0.367510 0.367509 0.367509 0.367511 0.367510 0.367510 0.367511 0.367511 0.367511 0.367510 0.367510 0.367511 0.367509 0.367509 0.367510 0.367510 0.000000 0.000000
0.000000 0.000000 0.372359 0.372358 0.372357 0.372357 0.372359 0.372358 0.372358 0.372359 0.372360 0.372359 0.372358 0.372358 0.372359 0.372357 0.372357 0.372358 0.372359 0.000000 0.000000
0.000000 0.000000 0.376828 0.376828 0.376827 0.376827 0.376829 0.376828 0.376828 0.376829 0.376829 0.376829 0.376828 0.376828 0.376829 0.376827 0.376827 0.376828 0.376828 0.000000 0.000000
0.000000 0.000000 0.381026 0.381025 0.381024 0.381024 0.381026 0.381025 0.381025 0.381026 0.381026 0.381026 0.381025 0.381025 0.381026 0.381024 0.381024 0.381025 0.381026 0.000000 0.000000
0.000000 0.000000 0.385005 0.385005 0.385004 0.385004 0.385006 0.385005 0.385005 0.385006 0.385006 0.385006 0.385005 0.385005 0.385006 0.385004 0.385004 0.385005 0.385005 0.000000 0.000000
0.000000 0.000000 0.388806 0.388806 0.388805 0.388805 0.388807 0.388806 0.388806 0.388806 0.388807 0.388806 0.388806 0.388806 0.388807 0.388805 0.388805 0.388806 0.388806 0.000000 0.000000
0.000000 0.000000 0.392457 0.392457 0.392456 0.392456 0.392458 0.392457 0.392457 0.392458 0.392458 0.392458 0.392457 0.392457 0.392458 0.392456 0.392456 0.392457 0.392457 0.000000 0.000000
0.000000 0.000000 0.395987 0.395987 0.395986 0.395987 0.395988 0.395987 0.395987 0.395988 0.395988 0.395988 0.395987 0.395987 0.395988 0.395987 0.395986 0.395987 0.395987 0.000000 0.000000
0.000000 0.000000 0.399407 0.399407 0.399406 0.399406 0.399407 0.399407 0.399407 0.399407 0.399408 0.399407 0.399407 0.399407 0.399407 0.399406 0.399406 0.399407 0.399407 0.000000 0.000000
0.000000 0.000000 0.402721 0.402721 0.402720 0.402720 0.402722 0.402721 0.402721 0.402722 0.402722 0.402722 0.402721 0.402721 0.402722 0.402720 0.402720 0.402721 0.402721 0.000000 0.000000
0.000000 0.000000 0.405942 0.405942 0.405941 0.405941 0.405943 0.405942 0.405942 0.405943 0.405943 0.405943 0.405942 0.405942 0.405943 0.405941 0.405941 0.405942 0.405942 0.000000 0.000000
0.000000 0.000000 0.409127 0.409127 0.409126 0.409127 0.409128 0.409127 0.409128 0.409128 0.409128 0.409128 0.409128 0.409127 0.409128 0.409127 0.409126 0.409127 0.409128 0.000000 0.000000
0.000000 0.000000 0.350000 0.350000 0.350000 0.350000 0.350000 0.350000 0.350000 0.350000 0.350000 0.350000 0.350000 0.350000 0.350000 0.350000 0.350000 0.350000 0.350000 0.000000 0.000000
0.000000 0.000000 0.000000 0.000000 0.000000 0.000000 0.000000 0.000000 0.000000 0.000000 0.000000 0.000000 0.000000 0.000000 0.000000 0.000000 0.000000 0.000000 0.000000 0.000000 0.000000