geotop/1.0zi/1.0Montebello/Templates/testdem/maps/_Eocsilt5456.asc
ncols         21
nrows         20
xllcorner     100.000000
yllcorner     100.000000
cellsize      50.000000
NODATA_value  -9999.0
0.000000 0.000000 0.000000 0.000000 0.000000 0.000000 0.000000 0.000000 0.000000 0.000000 0.000000 0.000000 0.000000 0.000000 0.000000 0.000000 0.000000 0.000000 0.000000 0.000000 0.000000
0.000000 0.000000 0.350109 0.350109 0.350109 0.350109 0.350109 0.350109 0.350109 0.350109 0.350109 0.350109 0.350109 0.350109 0.350109 0.350109 0.350109 0.350109 0.350109 0.000000 0.000000
0.000000 0.000000 0.350002 0.350002 0.350002 0.350003 0.350003 0.350003 0.350003 0.350003 0.350003 0.350003 0.350003 0.350003 0.350003 0.350002 0.350001 0.350001 0.350002 0.000000 0.000000
0.000000 0.000000 0.350038 0.350037 0.350037 0.350032 0.350033 0.350031 0.350033 0.350034 0.350033 0.350032 0.350033 0.350032 0.350033 0.350036 0.350037 0.350039 0.350037 0.000000 0.000000
0.000000 0.000000 0.350442 0.350445 0.350444 0.350440 0.350437 0.350432 0.350431 0.350430 0.350427 0.350429 0.350430 0.350430 0.350436 0.350438 0.350438 0.350447 0.350450 0.000000 0.000000
0.000000 0.000000 0.351790 0.351794 0.351790 0.351777 0.351767 0.351750 0.351748 0.351745 0.351749 0.351752 0.351752 0.351749 0.351754 0.351759 0.351767 0.351771 0.351775 0.000000 0.000000
0.000000 0.000000 0.353907 0.353905 0.353902 0.353885 0.353865 0.353843 0.353844 0.353842 0.353844 0.353845 0.353841 0.353844 0.353859 0.353875 0.353882 0.353891 0.353896 0.000000 0.000000
0.000000 0.000000 0.356478 0.356479 0.356480 0.356464 0.356444 0.356420 0.356421 0.356418 0.356418 0.356418 0.356417 0.356418 0.356436 0.356453 0.356468 0.356470 0.356478 0.000000 0.000000
0.000000 0.000000 0.359174 0.359169 0.359163 0.359153 0.359134 0.359106 0.359107 0.359102 0.359100 0.359102 0.359102 0.359099 0.359123 0.359142 0.359155 0.359160 0.359167 0.000000 0.000000
0.000000 0.000000 0.361860 0.361856 0.361854 0.361847 0.361821 0.361796 0.361799 0.361796 0.361792 0.361796 0.361798 0.361795 0.361813 0.361834 0.361847 0.361849 0.361854 0.000000 0.000000
0.000000 0.000000 0.364601 0.364599 0.364600 0.364580 0.364562 0.364536 0.364542 0.364529 0.364530 0.364531 0.364528 0.364533 0.364548 0.364562 0.364575 0.364583 0.364594 0.000000 0.000000
0.000000 0.000000 0.367467 0.367461 0.367455 0.367442 0.367427 0.367395 0.367396 0.367389 0.367397 0.367390 0.367391 0.367393 0.367420 0.367431 0.367441 0.367445 0.367474 0.000000 0.000000
0.000000 0.000000 0.370391 0.370385 0.370384 0.370369 0.370355 0.370294 0.370294 0.370288 0.370276 0.370283 0.370287 0.370291 0.370334 0.370345 0.370367 0.370369 0.370390 0.000000 0.000000
0.000000 0.000000 0.373541 0.373537 0.373531 0.373522 0.373464 0.373447 0.373434 0.373433 0.373428 0.373431 0.373431 0.373428 0.373435 0.373491 0.373510 0.373525 0.373546 0.000000 0.000000
0.000000 0.000000 0.376983 0.376980 0.376967 0.376909 0.376890 0.376854 0.376831 0.376828 0.376816 0.376810 0.376817 0.376811 0.376835 0.376863 0.376949 0.376943 0.376955 0.000000 0.000000
0.000000 0.000000 0.380611 0.380605 0.380533 0.380517 0.380511 0.380488 0.380500 0.380491 0.380496 0.380488 0.380480 0.380494 0.380506 0.380516 0.380514 0.380609 0.380611 0.000000 0.000000
0.000000 0.000000 0.384712 0.384613 0.384573 0.384544 0.384497 0.384471 0.384464 0.384462 0.384441 0.384437 0.384445 0.384441 0.384468 0.384503 0.384560 0.384589 0.384689 0.000000 0.000000
0.000000 0.000000 0.387785 0.387780 0.387867 0.387841 0.387800 0.387705 0.387702 0.387682 0.387693 0.387688 0.387694 0.387695 0.387781 0.387809 0.387876 0.387786 0.387796 0.000000 0.000000
0.000000 0.000000 0.350000 0.350000 0.350000 0.350000 0.350000 0.350000 0.350000 0.350000 0.350000 0.350000 0.350000 0.350000 0.350000 0.350000 0.350000 0.350000 0.350000 0.000000 0.000000
0.000000 0.000000 0.000000 0.000000 0.000000 0.000000 0.000000 0.000000 0.000000 0.000000 0.000000 0.000000 0.000000 0.000000 0.000000 0.000000 0.000000 0.000000 0.000000 0.000000 0.000000