geotop/1.0zi/1.0Montebello/Templates/testdem/maps/_Eocsand2000.asc
ncols         21
nrows         20
xllcorner     100.000000
yllcorner     100.000000
cellsize      50.000000
NODATA_value  -9999.0
0.000000 0.000000 0.000000 0.000000 0.000000 0.000000 0.000000 0.000000 0.000000 0.000000 0.000000 0.000000 0.000000 0.000000 0.000000 0.000000 0.000000 0.000000 0.000000 0.000000 0.000000
0.000000 0.000000 0.300059 0.300059 0.300059 0.300059 0.300059 0.300059 0.300059 0.300059 0.300059 0.300059 0.300059 0.300059 0.300059 0.300059 0.300059 0.300059 0.300059 0.000000 0.000000
0.000000 0.000000 0.300008 0.300008 0.300009 0.300008 0.300008 0.300008 0.300008 0.300008 0.300008 0.300008 0.300008 0.300008 0.300008 0.300008 0.300009 0.300008 0.300008 0.000000 0.000000
0.000000 0.000000 0.298650 0.298651 0.298655 0.298653 0.298650 0.298650 0.298650 0.298650 0.298650 0.298650 0.298650 0.298650 0.298650 0.298653 0.298655 0.298651 0.298650 0.000000 0.000000
0.000000 0.000000 0.293245 0.293246 0.293250 0.293250 0.293243 0.293245 0.293245 0.293243 0.293243 0.293243 0.293245 0.293245 0.293243 0.293250 0.293250 0.293246 0.293245 0.000000 0.000000
0.000000 0.000000 0.286625 0.286626 0.286629 0.286629 0.286624 0.286625 0.286625 0.286623 0.286623 0.286623 0.286625 0.286625 0.286624 0.286629 0.286629 0.286626 0.286625 0.000000 0.000000
0.000000 0.000000 0.280435 0.280436 0.280438 0.280438 0.280434 0.280435 0.280435 0.280433 0.280433 0.280433 0.280435 0.280435 0.280434 0.280438 0.280438 0.280436 0.280435 0.000000 0.000000
0.000000 0.000000 0.274746 0.274747 0.274749 0.274749 0.274745 0.274746 0.274746 0.274745 0.274745 0.274745 0.274746 0.274746 0.274745 0.274749 0.274749 0.274747 0.274746 0.000000 0.000000
0.000000 0.000000 0.269424 0.269425 0.269427 0.269427 0.269423 0.269424 0.269424 0.269423 0.269423 0.269423 0.269424 0.269424 0.269423 0.269427 0.269427 0.269425 0.269424 0.000000 0.000000
0.000000 0.000000 0.264341 0.264341 0.264344 0.264343 0.264340 0.264341 0.264341 0.264340 0.264339 0.264340 0.264341 0.264341 0.264340 0.264343 0.264344 0.264341 0.264341 0.000000 0.000000
0.000000 0.000000 0.259440 0.259440 0.259443 0.259442 0.259439 0.259440 0.259440 0.259439 0.259439 0.259439 0.259440 0.259440 0.259439 0.259442 0.259443 0.259440 0.259440 0.000000 0.000000
0.000000 0.000000 0.254678 0.254678 0.254681 0.254680 0.254677 0.254678 0.254678 0.254677 0.254677 0.254677 0.254678 0.254678 0.254677 0.254680 0.254681 0.254678 0.254678 0.000000 0.000000
0.000000 0.000000 0.250022 0.250023 0.250025 0.250024 0.250022 0.250023 0.250022 0.250021 0.250021 0.250021 0.250022 0.250023 0.250022 0.250024 0.250025 0.250023 0.250022 0.000000 0.000000
0.000000 0.000000 0.245462 0.245462 0.245465 0.245464 0.245461 0.245462 0.245462 0.245461 0.245461 0.245461 0.245462 0.245462 0.245461 0.245464 0.245465 0.245462 0.245462 0.000000 0.000000
0.000000 0.000000 0.240974 0.240975 0.240977 0.240977 0.240974 0.240975 0.240975 0.240973 0.240973 0.240973 0.240975 0.240975 0.240974 0.240977 0.240977 0.240975 0.240974 0.000000 0.000000
0.000000 0.000000 0.236548 0.236548 0.236551 0.236550 0.236547 0.236548 0.236548 0.236547 0.236547 0.236547 0.236548 0.236548 0.236547 0.236550 0.236551 0.236548 0.236548 0.000000 0.000000
0.000000 0.000000 0.232184 0.232184 0.232187 0.232186 0.232183 0.232184 0.232184 0.232183 0.232183 0.232183 0.232184 0.232184 0.232183 0.232186 0.232187 0.232184 0.232184 0.000000 0.000000
0.000000 0.000000 0.227815 0.227815 0.227817 0.227816 0.227814 0.227815 0.227814 0.227813 0.227813 0.227813 0.227814 0.227815 0.227814 0.227816 0.227817 0.227815 0.227814 0.000000 0.000000
0.000000 0.000000 0.300000 0.300000 0.300000 0.300000 0.300000 0.300000 0.300000 0.300000 0.300000 0.300000 0.300000 0.300000 0.300000 0.300000 0.300000 0.300000 0.300000 0.000000 0.000000
0.000000 0.000000 0.000000 0.000000 0.000000 0.000000 0.000000 0.000000 0.000000 0.000000 0.000000 0.000000 0.000000 0.000000 0.000000 0.000000 0.000000 0.000000 0.000000 0.000000 0.000000