geotop/1.0zi/1.0Montebello/Templates/testdem/maps/_Eocsand0437.asc
ncols         21
nrows         20
xllcorner     100.000000
yllcorner     100.000000
cellsize      50.000000
NODATA_value  -9999.0
0.000000 0.000000 0.000000 0.000000 0.000000 0.000000 0.000000 0.000000 0.000000 0.000000 0.000000 0.000000 0.000000 0.000000 0.000000 0.000000 0.000000 0.000000 0.000000 0.000000 0.000000
0.000000 0.000000 0.300019 0.300019 0.300019 0.300019 0.300019 0.300019 0.300019 0.300019 0.300019 0.300019 0.300019 0.300019 0.300019 0.300019 0.300019 0.300019 0.300019 0.000000 0.000000
0.000000 0.000000 0.300005 0.300006 0.300006 0.300006 0.300006 0.300005 0.300005 0.300006 0.300006 0.300006 0.300005 0.300005 0.300006 0.300006 0.300006 0.300006 0.300005 0.000000 0.000000
0.000000 0.000000 0.299453 0.299453 0.299458 0.299453 0.299453 0.299453 0.299453 0.299453 0.299453 0.299453 0.299453 0.299453 0.299453 0.299453 0.299458 0.299453 0.299453 0.000000 0.000000
0.000000 0.000000 0.297868 0.297868 0.297872 0.297868 0.297868 0.297867 0.297867 0.297867 0.297868 0.297867 0.297867 0.297867 0.297868 0.297868 0.297872 0.297868 0.297868 0.000000 0.000000
0.000000 0.000000 0.296295 0.296295 0.296298 0.296295 0.296295 0.296295 0.296295 0.296295 0.296295 0.296295 0.296295 0.296295 0.296295 0.296295 0.296298 0.296295 0.296295 0.000000 0.000000
0.000000 0.000000 0.294857 0.294856 0.294860 0.294857 0.294856 0.294856 0.294856 0.294856 0.294856 0.294856 0.294856 0.294856 0.294856 0.294857 0.294860 0.294856 0.294857 0.000000 0.000000
0.000000 0.000000 0.293528 0.293528 0.293531 0.293528 0.293528 0.293527 0.293527 0.293527 0.293528 0.293527 0.293527 0.293527 0.293528 0.293528 0.293531 0.293528 0.293528 0.000000 0.000000
0.000000 0.000000 0.292276 0.292276 0.292278 0.292276 0.292276 0.292275 0.292275 0.292275 0.292275 0.292275 0.292275 0.292275 0.292276 0.292276 0.292278 0.292276 0.292276 0.000000 0.000000
0.000000 0.000000 0.291069 0.291069 0.291072 0.291069 0.291069 0.291069 0.291069 0.291069 0.291069 0.291069 0.291069 0.291069 0.291069 0.291069 0.291072 0.291069 0.291069 0.000000 0.000000
0.000000 0.000000 0.289897 0.289897 0.289900 0.289897 0.289897 0.289897 0.289897 0.289897 0.289897 0.289897 0.289897 0.289897 0.289897 0.289897 0.289900 0.289897 0.289897 0.000000 0.000000
0.000000 0.000000 0.288750 0.288750 0.288753 0.288751 0.288750 0.288750 0.288750 0.288750 0.288750 0.288750 0.288750 0.288750 0.288750 0.288751 0.288753 0.288750 0.288750 0.000000 0.000000
0.000000 0.000000 0.287626 0.287626 0.287628 0.287626 0.287626 0.287625 0.287625 0.287625 0.287626 0.287625 0.287625 0.287625 0.287626 0.287626 0.287628 0.287626 0.287626 0.000000 0.000000
0.000000 0.000000 0.286521 0.286521 0.286524 0.286521 0.286521 0.286521 0.286521 0.286521 0.286521 0.286521 0.286521 0.286521 0.286521 0.286521 0.286524 0.286521 0.286521 0.000000 0.000000
0.000000 0.000000 0.285430 0.285430 0.285432 0.285430 0.285429 0.285429 0.285429 0.285429 0.285429 0.285429 0.285429 0.285429 0.285429 0.285430 0.285432 0.285430 0.285430 0.000000 0.000000
0.000000 0.000000 0.284343 0.284343 0.284345 0.284343 0.284343 0.284342 0.284342 0.284342 0.284342 0.284342 0.284342 0.284342 0.284343 0.284343 0.284345 0.284343 0.284343 0.000000 0.000000
0.000000 0.000000 0.283268 0.283268 0.283270 0.283268 0.283268 0.283268 0.283268 0.283268 0.283268 0.283268 0.283268 0.283268 0.283268 0.283268 0.283270 0.283268 0.283268 0.000000 0.000000
0.000000 0.000000 0.282162 0.282162 0.282165 0.282162 0.282162 0.282162 0.282162 0.282162 0.282162 0.282162 0.282162 0.282162 0.282162 0.282162 0.282165 0.282162 0.282162 0.000000 0.000000
0.000000 0.000000 0.300000 0.300000 0.300000 0.300000 0.300000 0.300000 0.300000 0.300000 0.300000 0.300000 0.300000 0.300000 0.300000 0.300000 0.300000 0.300000 0.300000 0.000000 0.000000
0.000000 0.000000 0.000000 0.000000 0.000000 0.000000 0.000000 0.000000 0.000000 0.000000 0.000000 0.000000 0.000000 0.000000 0.000000 0.000000 0.000000 0.000000 0.000000 0.000000 0.000000