geotop/1.0zi/1.0Montebello/Templates/testdem/maps/_Eocsilt7320.asc
ncols         21
nrows         20
xllcorner     100.000000
yllcorner     100.000000
cellsize      50.000000
NODATA_value  -9999.0
0.000000 0.000000 0.000000 0.000000 0.000000 0.000000 0.000000 0.000000 0.000000 0.000000 0.000000 0.000000 0.000000 0.000000 0.000000 0.000000 0.000000 0.000000 0.000000 0.000000 0.000000
0.000000 0.000000 0.350150 0.350151 0.350151 0.350151 0.350151 0.350151 0.350151 0.350151 0.350151 0.350151 0.350151 0.350151 0.350151 0.350151 0.350151 0.350151 0.350151 0.000000 0.000000
0.000000 0.000000 0.350004 0.350003 0.350003 0.350003 0.350004 0.350003 0.350004 0.350004 0.350004 0.350004 0.350004 0.350004 0.350004 0.350003 0.350002 0.350002 0.350003 0.000000 0.000000
0.000000 0.000000 0.350081 0.350077 0.350075 0.350069 0.350071 0.350067 0.350070 0.350070 0.350067 0.350069 0.350069 0.350069 0.350071 0.350073 0.350077 0.350076 0.350077 0.000000 0.000000
0.000000 0.000000 0.350862 0.350868 0.350863 0.350853 0.350848 0.350842 0.350838 0.350837 0.350836 0.350837 0.350838 0.350839 0.350852 0.350856 0.350859 0.350868 0.350871 0.000000 0.000000
0.000000 0.000000 0.353130 0.353132 0.353122 0.353107 0.353090 0.353069 0.353069 0.353063 0.353067 0.353067 0.353068 0.353067 0.353078 0.353090 0.353101 0.353109 0.353114 0.000000 0.000000
0.000000 0.000000 0.356419 0.356415 0.356405 0.356381 0.356352 0.356322 0.356322 0.356319 0.356320 0.356318 0.356315 0.356320 0.356346 0.356371 0.356387 0.356401 0.356408 0.000000 0.000000
0.000000 0.000000 0.360343 0.360342 0.360337 0.360312 0.360284 0.360250 0.360250 0.360247 0.360245 0.360242 0.360241 0.360246 0.360276 0.360301 0.360325 0.360331 0.360342 0.000000 0.000000
0.000000 0.000000 0.364518 0.364511 0.364498 0.364481 0.364452 0.364414 0.364416 0.364407 0.364405 0.364403 0.364404 0.364403 0.364441 0.364471 0.364490 0.364500 0.364510 0.000000 0.000000
0.000000 0.000000 0.368839 0.368831 0.368824 0.368809 0.368769 0.368735 0.368736 0.368731 0.368725 0.368728 0.368733 0.368731 0.368762 0.368796 0.368817 0.368824 0.368831 0.000000 0.000000
0.000000 0.000000 0.373418 0.373412 0.373405 0.373372 0.373343 0.373306 0.373314 0.373293 0.373295 0.373294 0.373287 0.373301 0.373328 0.373350 0.373376 0.373390 0.373407 0.000000 0.000000
0.000000 0.000000 0.378395 0.378382 0.378367 0.378345 0.378315 0.378267 0.378266 0.378258 0.378269 0.378253 0.378257 0.378261 0.378309 0.378334 0.378352 0.378362 0.378406 0.000000 0.000000
0.000000 0.000000 0.383664 0.383651 0.383644 0.383616 0.383589 0.383475 0.383474 0.383466 0.383438 0.383451 0.383458 0.383469 0.383556 0.383581 0.383625 0.383630 0.383656 0.000000 0.000000
0.000000 0.000000 0.389652 0.389646 0.389625 0.389604 0.389472 0.389466 0.389438 0.389438 0.389440 0.389435 0.389432 0.389428 0.389427 0.389564 0.389593 0.389629 0.389660 0.000000 0.000000
0.000000 0.000000 0.396533 0.396523 0.396493 0.396338 0.396325 0.396249 0.396207 0.396199 0.396173 0.396152 0.396169 0.396164 0.396237 0.396261 0.396470 0.396446 0.396457 0.000000 0.000000
0.000000 0.000000 0.404038 0.404026 0.403808 0.403829 0.403816 0.403779 0.403848 0.403820 0.403854 0.403833 0.403802 0.403856 0.403877 0.403890 0.403786 0.404085 0.404082 0.000000 0.000000
0.000000 0.000000 0.413209 0.412873 0.412875 0.412764 0.412594 0.412541 0.412475 0.412488 0.412399 0.412401 0.412448 0.412409 0.412494 0.412620 0.412859 0.412774 0.413120 0.000000 0.000000
0.000000 0.000000 0.418118 0.418341 0.418653 0.418620 0.418584 0.418288 0.418310 0.418233 0.418336 0.418310 0.418307 0.418338 0.418598 0.418623 0.418708 0.418429 0.418217 0.000000 0.000000
0.000000 0.000000 0.350000 0.350000 0.350000 0.350000 0.350000 0.350000 0.350000 0.350000 0.350000 0.350000 0.350000 0.350000 0.350000 0.350000 0.350000 0.350000 0.350000 0.000000 0.000000
0.000000 0.000000 0.000000 0.000000 0.000000 0.000000 0.000000 0.000000 0.000000 0.000000 0.000000 0.000000 0.000000 0.000000 0.000000 0.000000 0.000000 0.000000 0.000000 0.000000 0.000000