geotop/1.0zi/1.0Montebello/Templates/testdem/maps/_Eocclay4899.asc
ncols         21
nrows         20
xllcorner     100.000000
yllcorner     100.000000
cellsize      50.000000
NODATA_value  -9999.0
0.000000 0.000000 0.000000 0.000000 0.000000 0.000000 0.000000 0.000000 0.000000 0.000000 0.000000 0.000000 0.000000 0.000000 0.000000 0.000000 0.000000 0.000000 0.000000 0.000000 0.000000
0.000000 0.000000 0.349780 0.349781 0.349781 0.349781 0.349781 0.349781 0.349781 0.349781 0.349781 0.349781 0.349781 0.349781 0.349781 0.349781 0.349781 0.349781 0.349781 0.000000 0.000000
0.000000 0.000000 0.349992 0.349992 0.349992 0.349992 0.349992 0.349992 0.349992 0.349992 0.349991 0.349991 0.349992 0.349992 0.349992 0.349992 0.349992 0.349992 0.349992 0.000000 0.000000
0.000000 0.000000 0.349987 0.349989 0.349987 0.349988 0.349989 0.349989 0.349989 0.349988 0.349989 0.349988 0.349988 0.349987 0.349989 0.349991 0.349989 0.349990 0.349988 0.000000 0.000000
0.000000 0.000000 0.350373 0.350371 0.350371 0.350366 0.350357 0.350355 0.350356 0.350357 0.350355 0.350357 0.350353 0.350355 0.350359 0.350358 0.350362 0.350364 0.350367 0.000000 0.000000
0.000000 0.000000 0.351721 0.351724 0.351718 0.351703 0.351698 0.351685 0.351683 0.351680 0.351683 0.351683 0.351686 0.351687 0.351689 0.351699 0.351704 0.351712 0.351717 0.000000 0.000000
0.000000 0.000000 0.353708 0.353705 0.353701 0.353686 0.353671 0.353649 0.353649 0.353645 0.353647 0.353647 0.353649 0.353650 0.353665 0.353683 0.353692 0.353699 0.353705 0.000000 0.000000
0.000000 0.000000 0.356047 0.356045 0.356042 0.356026 0.356008 0.355986 0.355987 0.355984 0.355984 0.355984 0.355983 0.355985 0.356005 0.356021 0.356030 0.356036 0.356043 0.000000 0.000000
0.000000 0.000000 0.358399 0.358395 0.358390 0.358379 0.358362 0.358340 0.358342 0.358338 0.358338 0.358338 0.358337 0.358339 0.358357 0.358376 0.358383 0.358388 0.358396 0.000000 0.000000
0.000000 0.000000 0.360770 0.360765 0.360762 0.360749 0.360729 0.360708 0.360711 0.360708 0.360708 0.360708 0.360707 0.360707 0.360727 0.360747 0.360755 0.360760 0.360766 0.000000 0.000000
0.000000 0.000000 0.363198 0.363193 0.363189 0.363180 0.363164 0.363139 0.363141 0.363136 0.363136 0.363137 0.363135 0.363136 0.363154 0.363169 0.363179 0.363185 0.363192 0.000000 0.000000
0.000000 0.000000 0.365718 0.365715 0.365708 0.365694 0.365677 0.365653 0.365653 0.365650 0.365650 0.365648 0.365648 0.365648 0.365671 0.365689 0.365698 0.365703 0.365728 0.000000 0.000000
0.000000 0.000000 0.368287 0.368282 0.368276 0.368264 0.368244 0.368193 0.368193 0.368189 0.368188 0.368189 0.368187 0.368188 0.368234 0.368255 0.368264 0.368270 0.368285 0.000000 0.000000
0.000000 0.000000 0.371025 0.371016 0.371012 0.371000 0.370944 0.370931 0.370923 0.370920 0.370920 0.370920 0.370917 0.370919 0.370934 0.370987 0.370997 0.371008 0.371018 0.000000 0.000000
0.000000 0.000000 0.373998 0.373991 0.373976 0.373927 0.373901 0.373868 0.373851 0.373847 0.373839 0.373838 0.373841 0.373837 0.373863 0.373898 0.373958 0.373956 0.373964 0.000000 0.000000
0.000000 0.000000 0.377083 0.377075 0.377015 0.377006 0.376989 0.376973 0.376973 0.376972 0.376975 0.376974 0.376966 0.376978 0.376987 0.377000 0.376998 0.377066 0.377081 0.000000 0.000000
0.000000 0.000000 0.380548 0.380466 0.380420 0.380396 0.380353 0.380330 0.380326 0.380323 0.380313 0.380314 0.380316 0.380310 0.380327 0.380375 0.380406 0.380435 0.380516 0.000000 0.000000
0.000000 0.000000 0.383201 0.383189 0.383243 0.383214 0.383179 0.383099 0.383092 0.383085 0.383089 0.383087 0.383083 0.383091 0.383164 0.383201 0.383244 0.383175 0.383201 0.000000 0.000000
0.000000 0.000000 0.350000 0.350000 0.350000 0.350000 0.350000 0.350000 0.350000 0.350000 0.350000 0.350000 0.350000 0.350000 0.350000 0.350000 0.350000 0.350000 0.350000 0.000000 0.000000
0.000000 0.000000 0.000000 0.000000 0.000000 0.000000 0.000000 0.000000 0.000000 0.000000 0.000000 0.000000 0.000000 0.000000 0.000000 0.000000 0.000000 0.000000 0.000000 0.000000 0.000000