geotop/1.0zi/1.0Montebello/Templates/testdem/maps/_Eocclay7496.asc
ncols         21
nrows         20
xllcorner     100.000000
yllcorner     100.000000
cellsize      50.000000
NODATA_value  -9999.0
0.000000 0.000000 0.000000 0.000000 0.000000 0.000000 0.000000 0.000000 0.000000 0.000000 0.000000 0.000000 0.000000 0.000000 0.000000 0.000000 0.000000 0.000000 0.000000 0.000000 0.000000
0.000000 0.000000 0.349659 0.349660 0.349660 0.349659 0.349660 0.349660 0.349660 0.349660 0.349659 0.349660 0.349660 0.349660 0.349661 0.349660 0.349658 0.349659 0.349660 0.000000 0.000000
0.000000 0.000000 0.349986 0.349985 0.349986 0.349987 0.349986 0.349985 0.349985 0.349985 0.349985 0.349985 0.349986 0.349985 0.349986 0.349986 0.349987 0.349986 0.349984 0.000000 0.000000
0.000000 0.000000 0.350004 0.350009 0.350005 0.350005 0.350007 0.350005 0.350007 0.350004 0.350007 0.350005 0.350005 0.350004 0.350005 0.350008 0.350006 0.350010 0.350008 0.000000 0.000000
0.000000 0.000000 0.350951 0.350948 0.350944 0.350939 0.350924 0.350921 0.350918 0.350921 0.350918 0.350918 0.350915 0.350919 0.350928 0.350930 0.350937 0.350939 0.350946 0.000000 0.000000
0.000000 0.000000 0.353477 0.353476 0.353465 0.353438 0.353425 0.353402 0.353403 0.353397 0.353400 0.353400 0.353402 0.353403 0.353413 0.353432 0.353446 0.353460 0.353466 0.000000 0.000000
0.000000 0.000000 0.356975 0.356972 0.356964 0.356941 0.356912 0.356876 0.356875 0.356870 0.356871 0.356872 0.356872 0.356872 0.356904 0.356932 0.356947 0.356959 0.356967 0.000000 0.000000
0.000000 0.000000 0.361142 0.361140 0.361132 0.361104 0.361076 0.361037 0.361037 0.361033 0.361032 0.361030 0.361028 0.361036 0.361068 0.361093 0.361117 0.361126 0.361138 0.000000 0.000000
0.000000 0.000000 0.365511 0.365505 0.365492 0.365475 0.365445 0.365406 0.365408 0.365400 0.365397 0.365395 0.365395 0.365395 0.365434 0.365465 0.365484 0.365493 0.365502 0.000000 0.000000
0.000000 0.000000 0.370086 0.370077 0.370071 0.370054 0.370011 0.369975 0.369975 0.369971 0.369965 0.369968 0.369973 0.369971 0.370004 0.370041 0.370063 0.370070 0.370078 0.000000 0.000000
0.000000 0.000000 0.375005 0.374999 0.374991 0.374956 0.374926 0.374884 0.374893 0.374871 0.374873 0.374873 0.374865 0.374880 0.374909 0.374932 0.374960 0.374975 0.374994 0.000000 0.000000
0.000000 0.000000 0.380379 0.380365 0.380348 0.380325 0.380292 0.380241 0.380239 0.380232 0.380243 0.380225 0.380229 0.380233 0.380286 0.380312 0.380332 0.380343 0.380390 0.000000 0.000000
0.000000 0.000000 0.386110 0.386095 0.386089 0.386057 0.386029 0.385902 0.385901 0.385893 0.385861 0.385877 0.385884 0.385896 0.385993 0.386020 0.386068 0.386074 0.386100 0.000000 0.000000
0.000000 0.000000 0.392688 0.392682 0.392658 0.392635 0.392486 0.392484 0.392453 0.392453 0.392456 0.392450 0.392447 0.392442 0.392438 0.392593 0.392624 0.392665 0.392698 0.000000 0.000000
0.000000 0.000000 0.400314 0.400301 0.400269 0.400090 0.400084 0.399997 0.399949 0.399940 0.399910 0.399888 0.399907 0.399901 0.399987 0.400005 0.400244 0.400215 0.400225 0.000000 0.000000
0.000000 0.000000 0.408673 0.408661 0.408406 0.408444 0.408428 0.408390 0.408476 0.408445 0.408487 0.408464 0.408426 0.408489 0.408508 0.408522 0.408382 0.408736 0.408733 0.000000 0.000000
0.000000 0.000000 0.419042 0.418640 0.418665 0.418530 0.418328 0.418267 0.418181 0.418199 0.418089 0.418095 0.418153 0.418101 0.418202 0.418351 0.418649 0.418516 0.418931 0.000000 0.000000
0.000000 0.000000 0.424144 0.424452 0.424830 0.424803 0.424781 0.424428 0.424462 0.424368 0.424503 0.424472 0.424462 0.424503 0.424810 0.424825 0.424898 0.424570 0.424275 0.000000 0.000000
0.000000 0.000000 0.350000 0.350000 0.350000 0.350000 0.350000 0.350000 0.350000 0.350000 0.350000 0.350000 0.350000 0.350000 0.350000 0.350000 0.350000 0.350000 0.350000 0.000000 0.000000
0.000000 0.000000 0.000000 0.000000 0.000000 0.000000 0.000000 0.000000 0.000000 0.000000 0.000000 0.000000 0.000000 0.000000 0.000000 0.000000 0.000000 0.000000 0.000000 0.000000 0.000000