geotop/1.0zi/1.0Montebello/Templates/testdem/maps/_Eocclay4732.asc
ncols         21
nrows         20
xllcorner     100.000000
yllcorner     100.000000
cellsize      50.000000
NODATA_value  -9999.0
0.000000 0.000000 0.000000 0.000000 0.000000 0.000000 0.000000 0.000000 0.000000 0.000000 0.000000 0.000000 0.000000 0.000000 0.000000 0.000000 0.000000 0.000000 0.000000 0.000000 0.000000
0.000000 0.000000 0.349788 0.349788 0.349789 0.349789 0.349789 0.349789 0.349789 0.349789 0.349789 0.349789 0.349789 0.349789 0.349789 0.349789 0.349788 0.349788 0.349788 0.000000 0.000000
0.000000 0.000000 0.349992 0.349992 0.349992 0.349992 0.349992 0.349992 0.349992 0.349992 0.349992 0.349991 0.349992 0.349992 0.349992 0.349992 0.349992 0.349992 0.349992 0.000000 0.000000
0.000000 0.000000 0.349992 0.349994 0.349992 0.349993 0.349994 0.349994 0.349994 0.349993 0.349994 0.349993 0.349993 0.349992 0.349994 0.349995 0.349994 0.349994 0.349993 0.000000 0.000000
0.000000 0.000000 0.350338 0.350337 0.350336 0.350331 0.350323 0.350320 0.350321 0.350320 0.350320 0.350322 0.350319 0.350320 0.350325 0.350324 0.350328 0.350329 0.350332 0.000000 0.000000
0.000000 0.000000 0.351595 0.351598 0.351592 0.351577 0.351572 0.351559 0.351557 0.351553 0.351557 0.351558 0.351561 0.351562 0.351564 0.351573 0.351579 0.351586 0.351591 0.000000 0.000000
0.000000 0.000000 0.353482 0.353479 0.353475 0.353461 0.353446 0.353424 0.353424 0.353419 0.353423 0.353423 0.353425 0.353426 0.353441 0.353459 0.353467 0.353474 0.353480 0.000000 0.000000
0.000000 0.000000 0.355706 0.355704 0.355702 0.355686 0.355668 0.355647 0.355648 0.355644 0.355645 0.355646 0.355644 0.355647 0.355666 0.355682 0.355691 0.355696 0.355703 0.000000 0.000000
0.000000 0.000000 0.357936 0.357932 0.357927 0.357916 0.357900 0.357879 0.357880 0.357876 0.357877 0.357878 0.357876 0.357878 0.357895 0.357915 0.357922 0.357926 0.357934 0.000000 0.000000
0.000000 0.000000 0.360177 0.360172 0.360169 0.360157 0.360137 0.360117 0.360120 0.360116 0.360117 0.360118 0.360116 0.360116 0.360136 0.360155 0.360163 0.360167 0.360174 0.000000 0.000000
0.000000 0.000000 0.362465 0.362460 0.362456 0.362448 0.362432 0.362408 0.362410 0.362405 0.362405 0.362407 0.362405 0.362405 0.362423 0.362437 0.362447 0.362452 0.362460 0.000000 0.000000
0.000000 0.000000 0.364833 0.364829 0.364824 0.364810 0.364794 0.364771 0.364771 0.364767 0.364768 0.364767 0.364766 0.364766 0.364788 0.364805 0.364815 0.364819 0.364843 0.000000 0.000000
0.000000 0.000000 0.367239 0.367234 0.367229 0.367218 0.367200 0.367151 0.367151 0.367147 0.367147 0.367148 0.367145 0.367147 0.367189 0.367210 0.367219 0.367224 0.367238 0.000000 0.000000
0.000000 0.000000 0.369795 0.369786 0.369783 0.369771 0.369720 0.369707 0.369699 0.369696 0.369697 0.369698 0.369694 0.369695 0.369709 0.369759 0.369770 0.369780 0.369789 0.000000 0.000000
0.000000 0.000000 0.372560 0.372554 0.372540 0.372496 0.372471 0.372440 0.372424 0.372419 0.372412 0.372413 0.372414 0.372410 0.372434 0.372469 0.372524 0.372522 0.372530 0.000000 0.000000
0.000000 0.000000 0.375423 0.375416 0.375361 0.375352 0.375336 0.375320 0.375319 0.375317 0.375321 0.375320 0.375313 0.375323 0.375331 0.375346 0.375346 0.375406 0.375421 0.000000 0.000000
0.000000 0.000000 0.378620 0.378547 0.378503 0.378482 0.378444 0.378423 0.378418 0.378415 0.378408 0.378409 0.378409 0.378404 0.378420 0.378463 0.378491 0.378520 0.378592 0.000000 0.000000
0.000000 0.000000 0.381097 0.381083 0.381130 0.381103 0.381070 0.380998 0.380992 0.380984 0.380988 0.380988 0.380983 0.380989 0.381054 0.381091 0.381131 0.381069 0.381097 0.000000 0.000000
0.000000 0.000000 0.350000 0.350000 0.350000 0.350000 0.350000 0.350000 0.350000 0.350000 0.350000 0.350000 0.350000 0.350000 0.350000 0.350000 0.350000 0.350000 0.350000 0.000000 0.000000
0.000000 0.000000 0.000000 0.000000 0.000000 0.000000 0.000000 0.000000 0.000000 0.000000 0.000000 0.000000 0.000000 0.000000 0.000000 0.000000 0.000000 0.000000 0.000000 0.000000 0.000000