geotop/1.0zi/1.0Montebello/Templates/testdem/maps/_Eocclay8830.asc
ncols         21
nrows         20
xllcorner     100.000000
yllcorner     100.000000
cellsize      50.000000
NODATA_value  -9999.0
0.000000 0.000000 0.000000 0.000000 0.000000 0.000000 0.000000 0.000000 0.000000 0.000000 0.000000 0.000000 0.000000 0.000000 0.000000 0.000000 0.000000 0.000000 0.000000 0.000000 0.000000
0.000000 0.000000 0.349586 0.349589 0.349589 0.349588 0.349590 0.349590 0.349589 0.349589 0.349588 0.349590 0.349589 0.349589 0.349589 0.349589 0.349587 0.349588 0.349588 0.000000 0.000000
0.000000 0.000000 0.349983 0.349982 0.349982 0.349984 0.349982 0.349981 0.349982 0.349982 0.349981 0.349981 0.349982 0.349981 0.349982 0.349983 0.349983 0.349983 0.349981 0.000000 0.000000
0.000000 0.000000 0.350022 0.350027 0.350026 0.350023 0.350024 0.350024 0.350028 0.350026 0.350029 0.350027 0.350027 0.350025 0.350028 0.350030 0.350028 0.350027 0.350025 0.000000 0.000000
0.000000 0.000000 0.351207 0.351201 0.351197 0.351188 0.351171 0.351170 0.351167 0.351168 0.351166 0.351168 0.351166 0.351168 0.351178 0.351181 0.351192 0.351193 0.351202 0.000000 0.000000
0.000000 0.000000 0.354534 0.354530 0.354511 0.354482 0.354458 0.354434 0.354438 0.354431 0.354436 0.354435 0.354441 0.354440 0.354453 0.354478 0.354491 0.354500 0.354506 0.000000 0.000000
0.000000 0.000000 0.359023 0.359014 0.359005 0.358976 0.358943 0.358894 0.358896 0.358891 0.358891 0.358893 0.358893 0.358894 0.358935 0.358965 0.358982 0.358992 0.358999 0.000000 0.000000
0.000000 0.000000 0.364340 0.364332 0.364322 0.364287 0.364253 0.364208 0.364210 0.364205 0.364205 0.364203 0.364200 0.364210 0.364247 0.364277 0.364306 0.364310 0.364324 0.000000 0.000000
0.000000 0.000000 0.370061 0.370049 0.370034 0.370011 0.369971 0.369923 0.369929 0.369919 0.369916 0.369914 0.369915 0.369914 0.369964 0.370001 0.370022 0.370027 0.370040 0.000000 0.000000
0.000000 0.000000 0.376246 0.376230 0.376222 0.376197 0.376141 0.376098 0.376100 0.376094 0.376087 0.376092 0.376099 0.376097 0.376137 0.376184 0.376209 0.376215 0.376222 0.000000 0.000000
0.000000 0.000000 0.383122 0.383112 0.383103 0.383047 0.383011 0.382954 0.382971 0.382937 0.382945 0.382941 0.382930 0.382950 0.382993 0.383021 0.383056 0.383068 0.383095 0.000000 0.000000
0.000000 0.000000 0.390924 0.390902 0.390874 0.390844 0.390795 0.390727 0.390728 0.390724 0.390738 0.390712 0.390724 0.390724 0.390798 0.390838 0.390856 0.390864 0.390925 0.000000 0.000000
0.000000 0.000000 0.399542 0.399516 0.399514 0.399456 0.399416 0.399218 0.399219 0.399210 0.399151 0.399187 0.399195 0.399214 0.399368 0.399405 0.399477 0.399476 0.399501 0.000000 0.000000
0.000000 0.000000 0.409973 0.409966 0.409920 0.409883 0.409610 0.409668 0.409617 0.409619 0.409647 0.409622 0.409617 0.409595 0.409546 0.409837 0.409861 0.409925 0.409971 0.000000 0.000000
0.000000 0.000000 0.422432 0.422400 0.422345 0.421987 0.422071 0.421885 0.421820 0.421802 0.421735 0.421700 0.421741 0.421738 0.421919 0.421853 0.422323 0.422220 0.422216 0.000000 0.000000
0.000000 0.000000 0.435767 0.435742 0.435236 0.435442 0.435383 0.435377 0.435595 0.435535 0.435648 0.435621 0.435531 0.435657 0.435629 0.435681 0.435195 0.435947 0.435934 0.000000 0.000000
0.000000 0.000000 0.451337 0.450626 0.450869 0.450559 0.450205 0.450102 0.449872 0.449929 0.449694 0.449723 0.449861 0.449717 0.449907 0.450169 0.450849 0.450314 0.451051 0.000000 0.000000
0.000000 0.000000 0.455418 0.456059 0.456577 0.456586 0.456638 0.456134 0.456242 0.456089 0.456354 0.456302 0.456256 0.456347 0.456759 0.456724 0.456673 0.456286 0.455651 0.000000 0.000000
0.000000 0.000000 0.350000 0.350000 0.350000 0.350000 0.350000 0.350000 0.350000 0.350000 0.350000 0.350000 0.350000 0.350000 0.350000 0.350000 0.350000 0.350000 0.350000 0.000000 0.000000
0.000000 0.000000 0.000000 0.000000 0.000000 0.000000 0.000000 0.000000 0.000000 0.000000 0.000000 0.000000 0.000000 0.000000 0.000000 0.000000 0.000000 0.000000 0.000000 0.000000 0.000000