geotop/1.0zi/1.0Montebello/Templates/testdem/maps/_Eocsand3112.asc
ncols         21
nrows         20
xllcorner     100.000000
yllcorner     100.000000
cellsize      50.000000
NODATA_value  -9999.0
0.000000 0.000000 0.000000 0.000000 0.000000 0.000000 0.000000 0.000000 0.000000 0.000000 0.000000 0.000000 0.000000 0.000000 0.000000 0.000000 0.000000 0.000000 0.000000 0.000000 0.000000
0.000000 0.000000 0.300087 0.300087 0.300087 0.300087 0.300087 0.300087 0.300087 0.300087 0.300088 0.300087 0.300087 0.300087 0.300087 0.300087 0.300087 0.300087 0.300087 0.000000 0.000000
0.000000 0.000000 0.300011 0.300011 0.300011 0.300011 0.300011 0.300011 0.300011 0.300011 0.300010 0.300011 0.300011 0.300011 0.300011 0.300011 0.300011 0.300011 0.300011 0.000000 0.000000
0.000000 0.000000 0.297440 0.297441 0.297446 0.297444 0.297441 0.297441 0.297441 0.297441 0.297440 0.297441 0.297441 0.297441 0.297441 0.297444 0.297446 0.297441 0.297440 0.000000 0.000000
0.000000 0.000000 0.287936 0.287937 0.287941 0.287941 0.287935 0.287937 0.287937 0.287934 0.287933 0.287934 0.287937 0.287937 0.287935 0.287941 0.287941 0.287937 0.287936 0.000000 0.000000
0.000000 0.000000 0.276997 0.276999 0.277002 0.277002 0.276997 0.276998 0.276998 0.276996 0.276995 0.276996 0.276998 0.276998 0.276997 0.277002 0.277002 0.276999 0.276997 0.000000 0.000000
0.000000 0.000000 0.266959 0.266960 0.266963 0.266963 0.266959 0.266960 0.266960 0.266959 0.266958 0.266959 0.266960 0.266960 0.266959 0.266963 0.266963 0.266960 0.266959 0.000000 0.000000
0.000000 0.000000 0.257862 0.257862 0.257865 0.257865 0.257861 0.257863 0.257862 0.257861 0.257860 0.257861 0.257862 0.257863 0.257861 0.257865 0.257865 0.257862 0.257862 0.000000 0.000000
0.000000 0.000000 0.249455 0.249455 0.249458 0.249457 0.249454 0.249456 0.249455 0.249454 0.249453 0.249454 0.249455 0.249456 0.249454 0.249457 0.249458 0.249455 0.249455 0.000000 0.000000
0.000000 0.000000 0.241536 0.241537 0.241539 0.241539 0.241536 0.241537 0.241537 0.241536 0.241535 0.241536 0.241537 0.241537 0.241536 0.241539 0.241539 0.241537 0.241536 0.000000 0.000000
0.000000 0.000000 0.234008 0.234009 0.234012 0.234011 0.234008 0.234009 0.234009 0.234008 0.234007 0.234008 0.234009 0.234009 0.234008 0.234011 0.234012 0.234009 0.234008 0.000000 0.000000
0.000000 0.000000 0.226799 0.226800 0.226802 0.226802 0.226799 0.226800 0.226800 0.226799 0.226798 0.226799 0.226800 0.226800 0.226799 0.226802 0.226802 0.226800 0.226799 0.000000 0.000000
0.000000 0.000000 0.219857 0.219858 0.219860 0.219859 0.219857 0.219858 0.219858 0.219857 0.219856 0.219857 0.219858 0.219858 0.219857 0.219859 0.219860 0.219858 0.219857 0.000000 0.000000
0.000000 0.000000 0.213121 0.213122 0.213124 0.213123 0.213121 0.213122 0.213122 0.213121 0.213120 0.213121 0.213122 0.213122 0.213121 0.213123 0.213124 0.213122 0.213121 0.000000 0.000000
0.000000 0.000000 0.206578 0.206579 0.206581 0.206580 0.206578 0.206579 0.206579 0.206578 0.206577 0.206578 0.206579 0.206579 0.206578 0.206580 0.206581 0.206579 0.206578 0.000000 0.000000
0.000000 0.000000 0.200216 0.200216 0.200218 0.200218 0.200215 0.200216 0.200216 0.200215 0.200214 0.200215 0.200216 0.200216 0.200215 0.200218 0.200218 0.200216 0.200216 0.000000 0.000000
0.000000 0.000000 0.194013 0.194013 0.194016 0.194015 0.194013 0.194013 0.194013 0.194012 0.194012 0.194012 0.194013 0.194013 0.194013 0.194015 0.194016 0.194013 0.194013 0.000000 0.000000
0.000000 0.000000 0.187826 0.187826 0.187828 0.187827 0.187825 0.187826 0.187826 0.187825 0.187824 0.187825 0.187826 0.187826 0.187825 0.187827 0.187828 0.187826 0.187825 0.000000 0.000000
0.000000 0.000000 0.300000 0.300000 0.300000 0.300000 0.300000 0.300000 0.300000 0.300000 0.300000 0.300000 0.300000 0.300000 0.300000 0.300000 0.300000 0.300000 0.300000 0.000000 0.000000
0.000000 0.000000 0.000000 0.000000 0.000000 0.000000 0.000000 0.000000 0.000000 0.000000 0.000000 0.000000 0.000000 0.000000 0.000000 0.000000 0.000000 0.000000 0.000000 0.000000 0.000000