geotop/1.0zi/1.0Montebello/Templates/testdem/maps/_Eocclay9816.asc
ncols         21
nrows         20
xllcorner     100.000000
yllcorner     100.000000
cellsize      50.000000
NODATA_value  -9999.0
0.000000 0.000000 0.000000 0.000000 0.000000 0.000000 0.000000 0.000000 0.000000 0.000000 0.000000 0.000000 0.000000 0.000000 0.000000 0.000000 0.000000 0.000000 0.000000 0.000000 0.000000
0.000000 0.000000 0.349551 0.349554 0.349553 0.349553 0.349554 0.349554 0.349554 0.349554 0.349553 0.349554 0.349554 0.349554 0.349554 0.349554 0.349552 0.349553 0.349553 0.000000 0.000000
0.000000 0.000000 0.349981 0.349979 0.349979 0.349981 0.349979 0.349979 0.349979 0.349979 0.349979 0.349979 0.349980 0.349979 0.349980 0.349981 0.349981 0.349980 0.349979 0.000000 0.000000
0.000000 0.000000 0.350040 0.350045 0.350042 0.350038 0.350039 0.350039 0.350043 0.350040 0.350043 0.350041 0.350042 0.350040 0.350043 0.350046 0.350045 0.350046 0.350043 0.000000 0.000000
0.000000 0.000000 0.351482 0.351476 0.351469 0.351457 0.351439 0.351437 0.351433 0.351435 0.351433 0.351437 0.351438 0.351439 0.351449 0.351454 0.351465 0.351468 0.351477 0.000000 0.000000
0.000000 0.000000 0.355424 0.355418 0.355396 0.355359 0.355328 0.355297 0.355302 0.355296 0.355295 0.355295 0.355302 0.355299 0.355316 0.355347 0.355362 0.355375 0.355381 0.000000 0.000000
0.000000 0.000000 0.360664 0.360652 0.360638 0.360602 0.360562 0.360504 0.360505 0.360498 0.360494 0.360496 0.360497 0.360497 0.360545 0.360580 0.360600 0.360613 0.360621 0.000000 0.000000
0.000000 0.000000 0.366911 0.366898 0.366881 0.366835 0.366790 0.366738 0.366739 0.366731 0.366726 0.366723 0.366722 0.366731 0.366775 0.366812 0.366845 0.366854 0.366868 0.000000 0.000000
0.000000 0.000000 0.373757 0.373739 0.373715 0.373681 0.373629 0.373569 0.373575 0.373562 0.373554 0.373552 0.373555 0.373552 0.373612 0.373657 0.373683 0.373693 0.373705 0.000000 0.000000
0.000000 0.000000 0.381351 0.381324 0.381305 0.381268 0.381210 0.381147 0.381148 0.381138 0.381125 0.381131 0.381139 0.381135 0.381185 0.381244 0.381274 0.381286 0.381292 0.000000 0.000000
0.000000 0.000000 0.390034 0.390012 0.389993 0.389910 0.389883 0.389796 0.389814 0.389772 0.389775 0.389769 0.389755 0.389779 0.389834 0.389870 0.389914 0.389929 0.389967 0.000000 0.000000
0.000000 0.000000 0.400198 0.400153 0.400101 0.400061 0.400016 0.399907 0.399905 0.399899 0.399912 0.399874 0.399892 0.399886 0.399985 0.400042 0.400066 0.400079 0.400155 0.000000 0.000000
0.000000 0.000000 0.411705 0.411662 0.411649 0.411569 0.411513 0.411224 0.411218 0.411199 0.411097 0.411160 0.411166 0.411191 0.411407 0.411457 0.411563 0.411568 0.411586 0.000000 0.000000
0.000000 0.000000 0.426038 0.426017 0.425924 0.425866 0.425459 0.425602 0.425515 0.425514 0.425568 0.425512 0.425502 0.425459 0.425328 0.425777 0.425793 0.425898 0.425960 0.000000 0.000000
0.000000 0.000000 0.442449 0.442399 0.442317 0.441785 0.442013 0.441680 0.441606 0.441570 0.441449 0.441409 0.441470 0.441473 0.441769 0.441550 0.442244 0.442080 0.442054 0.000000 0.000000
0.000000 0.000000 0.457272 0.457243 0.456653 0.456973 0.456863 0.456894 0.457157 0.457087 0.457228 0.457206 0.457092 0.457232 0.457145 0.457248 0.456565 0.457472 0.457459 0.000000 0.000000
0.000000 0.000000 0.470406 0.469917 0.470076 0.469858 0.469606 0.469524 0.469363 0.469400 0.469233 0.469253 0.469350 0.469248 0.469384 0.469572 0.470038 0.469676 0.470184 0.000000 0.000000
0.000000 0.000000 0.475161 0.475330 0.475627 0.475563 0.475512 0.475233 0.475243 0.475174 0.475260 0.475239 0.475242 0.475260 0.475504 0.475544 0.475648 0.475358 0.475191 0.000000 0.000000
0.000000 0.000000 0.350000 0.350000 0.350000 0.350000 0.350000 0.350000 0.350000 0.350000 0.350000 0.350000 0.350000 0.350000 0.350000 0.350000 0.350000 0.350000 0.350000 0.000000 0.000000
0.000000 0.000000 0.000000 0.000000 0.000000 0.000000 0.000000 0.000000 0.000000 0.000000 0.000000 0.000000 0.000000 0.000000 0.000000 0.000000 0.000000 0.000000 0.000000 0.000000 0.000000