geotop/1.0zi/1.0Montebello/Templates/testdem/maps/_Eocclay7564.asc
ncols         21
nrows         20
xllcorner     100.000000
yllcorner     100.000000
cellsize      50.000000
NODATA_value  -9999.0
0.000000 0.000000 0.000000 0.000000 0.000000 0.000000 0.000000 0.000000 0.000000 0.000000 0.000000 0.000000 0.000000 0.000000 0.000000 0.000000 0.000000 0.000000 0.000000 0.000000 0.000000
0.000000 0.000000 0.349657 0.349658 0.349658 0.349657 0.349658 0.349658 0.349658 0.349658 0.349657 0.349658 0.349658 0.349658 0.349659 0.349658 0.349656 0.349657 0.349658 0.000000 0.000000
0.000000 0.000000 0.349985 0.349985 0.349986 0.349987 0.349986 0.349985 0.349985 0.349985 0.349985 0.349985 0.349985 0.349985 0.349986 0.349986 0.349987 0.349986 0.349984 0.000000 0.000000
0.000000 0.000000 0.350004 0.350008 0.350005 0.350004 0.350007 0.350004 0.350006 0.350003 0.350006 0.350005 0.350004 0.350003 0.350005 0.350007 0.350006 0.350009 0.350008 0.000000 0.000000
0.000000 0.000000 0.350948 0.350946 0.350942 0.350936 0.350921 0.350919 0.350916 0.350919 0.350916 0.350916 0.350912 0.350916 0.350926 0.350927 0.350935 0.350937 0.350943 0.000000 0.000000
0.000000 0.000000 0.353497 0.353496 0.353485 0.353458 0.353445 0.353422 0.353423 0.353417 0.353420 0.353420 0.353421 0.353423 0.353433 0.353452 0.353466 0.353481 0.353486 0.000000 0.000000
0.000000 0.000000 0.357023 0.357019 0.357011 0.356989 0.356960 0.356924 0.356922 0.356917 0.356918 0.356919 0.356919 0.356920 0.356952 0.356980 0.356995 0.357007 0.357015 0.000000 0.000000
0.000000 0.000000 0.361226 0.361224 0.361216 0.361188 0.361160 0.361121 0.361121 0.361117 0.361116 0.361114 0.361111 0.361119 0.361152 0.361177 0.361201 0.361210 0.361222 0.000000 0.000000
0.000000 0.000000 0.365639 0.365633 0.365620 0.365603 0.365573 0.365533 0.365536 0.365527 0.365524 0.365523 0.365523 0.365522 0.365561 0.365593 0.365612 0.365621 0.365631 0.000000 0.000000
0.000000 0.000000 0.370266 0.370257 0.370251 0.370234 0.370191 0.370154 0.370155 0.370150 0.370144 0.370148 0.370153 0.370150 0.370184 0.370221 0.370243 0.370251 0.370258 0.000000 0.000000
0.000000 0.000000 0.375247 0.375242 0.375234 0.375199 0.375168 0.375126 0.375135 0.375112 0.375115 0.375114 0.375106 0.375121 0.375151 0.375174 0.375202 0.375218 0.375237 0.000000 0.000000
0.000000 0.000000 0.380697 0.380683 0.380666 0.380643 0.380610 0.380558 0.380556 0.380548 0.380560 0.380542 0.380546 0.380550 0.380603 0.380630 0.380650 0.380661 0.380708 0.000000 0.000000
0.000000 0.000000 0.386517 0.386503 0.386496 0.386464 0.386435 0.386307 0.386305 0.386297 0.386264 0.386281 0.386288 0.386300 0.386399 0.386426 0.386475 0.386481 0.386507 0.000000 0.000000
0.000000 0.000000 0.393209 0.393204 0.393179 0.393156 0.393004 0.393002 0.392970 0.392970 0.392975 0.392968 0.392964 0.392959 0.392955 0.393113 0.393144 0.393187 0.393220 0.000000 0.000000
0.000000 0.000000 0.400981 0.400968 0.400935 0.400752 0.400747 0.400658 0.400609 0.400600 0.400569 0.400547 0.400566 0.400560 0.400648 0.400665 0.400911 0.400881 0.400891 0.000000 0.000000
0.000000 0.000000 0.409509 0.409497 0.409235 0.409276 0.409260 0.409222 0.409310 0.409278 0.409322 0.409299 0.409259 0.409324 0.409343 0.409357 0.409211 0.409576 0.409572 0.000000 0.000000
0.000000 0.000000 0.420104 0.419689 0.419719 0.419580 0.419372 0.419309 0.419218 0.419238 0.419124 0.419131 0.419191 0.419137 0.419241 0.419394 0.419704 0.419562 0.419989 0.000000 0.000000
0.000000 0.000000 0.425230 0.425554 0.425941 0.425915 0.425895 0.425532 0.425569 0.425471 0.425612 0.425581 0.425569 0.425613 0.425928 0.425941 0.426012 0.425678 0.425367 0.000000 0.000000
0.000000 0.000000 0.350000 0.350000 0.350000 0.350000 0.350000 0.350000 0.350000 0.350000 0.350000 0.350000 0.350000 0.350000 0.350000 0.350000 0.350000 0.350000 0.350000 0.000000 0.000000
0.000000 0.000000 0.000000 0.000000 0.000000 0.000000 0.000000 0.000000 0.000000 0.000000 0.000000 0.000000 0.000000 0.000000 0.000000 0.000000 0.000000 0.000000 0.000000 0.000000 0.000000