geotop/1.0zi/1.0Montebello/Templates/testdem/maps/_Eocclay8765.asc
ncols         21
nrows         20
xllcorner     100.000000
yllcorner     100.000000
cellsize      50.000000
NODATA_value  -9999.0
0.000000 0.000000 0.000000 0.000000 0.000000 0.000000 0.000000 0.000000 0.000000 0.000000 0.000000 0.000000 0.000000 0.000000 0.000000 0.000000 0.000000 0.000000 0.000000 0.000000 0.000000
0.000000 0.000000 0.349593 0.349595 0.349595 0.349594 0.349596 0.349596 0.349595 0.349595 0.349594 0.349596 0.349595 0.349595 0.349596 0.349595 0.349593 0.349594 0.349595 0.000000 0.000000
0.000000 0.000000 0.349983 0.349982 0.349982 0.349984 0.349982 0.349982 0.349982 0.349982 0.349981 0.349981 0.349982 0.349981 0.349982 0.349983 0.349983 0.349983 0.349981 0.000000 0.000000
0.000000 0.000000 0.350022 0.350027 0.350025 0.350020 0.350021 0.350022 0.350025 0.350023 0.350026 0.350024 0.350024 0.350022 0.350025 0.350027 0.350025 0.350027 0.350025 0.000000 0.000000
0.000000 0.000000 0.351189 0.351181 0.351178 0.351169 0.351152 0.351151 0.351148 0.351149 0.351147 0.351149 0.351147 0.351149 0.351159 0.351163 0.351173 0.351173 0.351182 0.000000 0.000000
0.000000 0.000000 0.354478 0.354473 0.354454 0.354424 0.354401 0.354377 0.354380 0.354374 0.354378 0.354377 0.354383 0.354382 0.354395 0.354420 0.354433 0.354444 0.354449 0.000000 0.000000
0.000000 0.000000 0.358921 0.358912 0.358902 0.358873 0.358839 0.358790 0.358792 0.358787 0.358787 0.358789 0.358790 0.358789 0.358830 0.358861 0.358878 0.358889 0.358897 0.000000 0.000000
0.000000 0.000000 0.364181 0.364171 0.364162 0.364126 0.364091 0.364047 0.364048 0.364043 0.364043 0.364041 0.364038 0.364047 0.364085 0.364115 0.364144 0.364150 0.364164 0.000000 0.000000
0.000000 0.000000 0.369830 0.369818 0.369803 0.369779 0.369739 0.369691 0.369696 0.369686 0.369683 0.369681 0.369683 0.369681 0.369731 0.369768 0.369789 0.369796 0.369809 0.000000 0.000000
0.000000 0.000000 0.375930 0.375912 0.375904 0.375879 0.375822 0.375779 0.375781 0.375774 0.375768 0.375773 0.375779 0.375776 0.375817 0.375864 0.375890 0.375897 0.375905 0.000000 0.000000
0.000000 0.000000 0.382697 0.382686 0.382676 0.382620 0.382583 0.382528 0.382542 0.382509 0.382516 0.382513 0.382502 0.382521 0.382564 0.382592 0.382628 0.382642 0.382670 0.000000 0.000000
0.000000 0.000000 0.390359 0.390336 0.390309 0.390278 0.390228 0.390161 0.390160 0.390155 0.390170 0.390144 0.390155 0.390154 0.390229 0.390268 0.390287 0.390298 0.390360 0.000000 0.000000
0.000000 0.000000 0.398806 0.398779 0.398777 0.398718 0.398678 0.398484 0.398482 0.398473 0.398416 0.398450 0.398458 0.398475 0.398628 0.398665 0.398737 0.398740 0.398765 0.000000 0.000000
0.000000 0.000000 0.409005 0.408997 0.408951 0.408913 0.408647 0.408699 0.408647 0.408648 0.408675 0.408650 0.408645 0.408623 0.408580 0.408863 0.408889 0.408956 0.409003 0.000000 0.000000
0.000000 0.000000 0.421182 0.421149 0.421095 0.420746 0.420820 0.420642 0.420573 0.420555 0.420491 0.420457 0.420496 0.420490 0.420667 0.420609 0.421066 0.420973 0.420972 0.000000 0.000000
0.000000 0.000000 0.434275 0.434250 0.433755 0.433948 0.433888 0.433879 0.434084 0.434025 0.434135 0.434107 0.434020 0.434140 0.434120 0.434170 0.433708 0.434445 0.434435 0.000000 0.000000
0.000000 0.000000 0.449733 0.449023 0.449258 0.448950 0.448595 0.448493 0.448261 0.448316 0.448086 0.448113 0.448249 0.448106 0.448298 0.448558 0.449230 0.448715 0.449451 0.000000 0.000000
0.000000 0.000000 0.453846 0.454496 0.455019 0.455028 0.455078 0.454569 0.454673 0.454518 0.454786 0.454734 0.454686 0.454777 0.455197 0.455162 0.455109 0.454727 0.454084 0.000000 0.000000
0.000000 0.000000 0.350000 0.350000 0.350000 0.350000 0.350000 0.350000 0.350000 0.350000 0.350000 0.350000 0.350000 0.350000 0.350000 0.350000 0.350000 0.350000 0.350000 0.000000 0.000000
0.000000 0.000000 0.000000 0.000000 0.000000 0.000000 0.000000 0.000000 0.000000 0.000000 0.000000 0.000000 0.000000 0.000000 0.000000 0.000000 0.000000 0.000000 0.000000 0.000000 0.000000