geotop/1.0zi/1.0Montebello/Templates/testdem/maps/_Eocsilt6955.asc
ncols         21
nrows         20
xllcorner     100.000000
yllcorner     100.000000
cellsize      50.000000
NODATA_value  -9999.0
0.000000 0.000000 0.000000 0.000000 0.000000 0.000000 0.000000 0.000000 0.000000 0.000000 0.000000 0.000000 0.000000 0.000000 0.000000 0.000000 0.000000 0.000000 0.000000 0.000000 0.000000
0.000000 0.000000 0.350139 0.350140 0.350140 0.350140 0.350140 0.350140 0.350140 0.350140 0.350140 0.350140 0.350140 0.350140 0.350140 0.350140 0.350141 0.350140 0.350140 0.000000 0.000000
0.000000 0.000000 0.350003 0.350003 0.350003 0.350003 0.350003 0.350003 0.350003 0.350003 0.350003 0.350003 0.350004 0.350004 0.350003 0.350003 0.350001 0.350001 0.350003 0.000000 0.000000
0.000000 0.000000 0.350060 0.350057 0.350056 0.350050 0.350051 0.350049 0.350051 0.350051 0.350050 0.350049 0.350049 0.350050 0.350052 0.350055 0.350058 0.350059 0.350059 0.000000 0.000000
0.000000 0.000000 0.350731 0.350737 0.350733 0.350725 0.350721 0.350714 0.350712 0.350710 0.350710 0.350713 0.350714 0.350714 0.350724 0.350728 0.350727 0.350734 0.350739 0.000000 0.000000
0.000000 0.000000 0.352755 0.352757 0.352748 0.352735 0.352719 0.352700 0.352700 0.352694 0.352699 0.352700 0.352701 0.352699 0.352708 0.352718 0.352727 0.352732 0.352738 0.000000 0.000000
0.000000 0.000000 0.355762 0.355759 0.355749 0.355727 0.355700 0.355673 0.355674 0.355670 0.355672 0.355671 0.355668 0.355672 0.355694 0.355717 0.355731 0.355743 0.355751 0.000000 0.000000
0.000000 0.000000 0.359372 0.359371 0.359366 0.359343 0.359318 0.359287 0.359288 0.359284 0.359284 0.359282 0.359280 0.359284 0.359310 0.359334 0.359355 0.359359 0.359371 0.000000 0.000000
0.000000 0.000000 0.363192 0.363185 0.363173 0.363158 0.363132 0.363096 0.363098 0.363090 0.363089 0.363088 0.363089 0.363087 0.363121 0.363149 0.363165 0.363173 0.363183 0.000000 0.000000
0.000000 0.000000 0.367111 0.367104 0.367098 0.367085 0.367048 0.367017 0.367018 0.367014 0.367009 0.367013 0.367017 0.367014 0.367041 0.367073 0.367091 0.367095 0.367103 0.000000 0.000000
0.000000 0.000000 0.371224 0.371219 0.371213 0.371184 0.371160 0.371124 0.371132 0.371113 0.371115 0.371116 0.371109 0.371120 0.371143 0.371163 0.371186 0.371197 0.371214 0.000000 0.000000
0.000000 0.000000 0.375648 0.375636 0.375623 0.375603 0.375578 0.375534 0.375534 0.375526 0.375537 0.375524 0.375526 0.375530 0.375571 0.375593 0.375608 0.375615 0.375657 0.000000 0.000000
0.000000 0.000000 0.380290 0.380279 0.380273 0.380248 0.380226 0.380127 0.380126 0.380119 0.380096 0.380107 0.380113 0.380122 0.380196 0.380218 0.380254 0.380257 0.380283 0.000000 0.000000
0.000000 0.000000 0.385491 0.385486 0.385468 0.385449 0.385342 0.385330 0.385307 0.385306 0.385306 0.385304 0.385302 0.385298 0.385300 0.385414 0.385439 0.385468 0.385497 0.000000 0.000000
0.000000 0.000000 0.391390 0.391381 0.391357 0.391232 0.391214 0.391153 0.391116 0.391109 0.391089 0.391073 0.391087 0.391080 0.391136 0.391166 0.391334 0.391315 0.391328 0.000000 0.000000
0.000000 0.000000 0.397782 0.397773 0.397600 0.397604 0.397597 0.397561 0.397610 0.397588 0.397613 0.397596 0.397573 0.397612 0.397633 0.397644 0.397580 0.397807 0.397809 0.000000 0.000000
0.000000 0.000000 0.405460 0.405205 0.405181 0.405101 0.404974 0.404932 0.404891 0.404897 0.404834 0.404835 0.404866 0.404841 0.404902 0.404998 0.405166 0.405133 0.405396 0.000000 0.000000
0.000000 0.000000 0.410101 0.410227 0.410467 0.410430 0.410385 0.410157 0.410165 0.410108 0.410175 0.410158 0.410161 0.410178 0.410381 0.410414 0.410506 0.410279 0.410165 0.000000 0.000000
0.000000 0.000000 0.350000 0.350000 0.350000 0.350000 0.350000 0.350000 0.350000 0.350000 0.350000 0.350000 0.350000 0.350000 0.350000 0.350000 0.350000 0.350000 0.350000 0.000000 0.000000
0.000000 0.000000 0.000000 0.000000 0.000000 0.000000 0.000000 0.000000 0.000000 0.000000 0.000000 0.000000 0.000000 0.000000 0.000000 0.000000 0.000000 0.000000 0.000000 0.000000 0.000000