geotop/1.0zi/1.0Montebello/Templates/testdem/maps/_Eocclay9385.asc
ncols         21
nrows         20
xllcorner     100.000000
yllcorner     100.000000
cellsize      50.000000
NODATA_value  -9999.0
0.000000 0.000000 0.000000 0.000000 0.000000 0.000000 0.000000 0.000000 0.000000 0.000000 0.000000 0.000000 0.000000 0.000000 0.000000 0.000000 0.000000 0.000000 0.000000 0.000000 0.000000
0.000000 0.000000 0.349561 0.349564 0.349564 0.349563 0.349565 0.349565 0.349564 0.349564 0.349563 0.349565 0.349564 0.349564 0.349565 0.349564 0.349562 0.349563 0.349563 0.000000 0.000000
0.000000 0.000000 0.349981 0.349979 0.349979 0.349981 0.349979 0.349979 0.349979 0.349979 0.349979 0.349979 0.349979 0.349979 0.349980 0.349980 0.349981 0.349980 0.349978 0.000000 0.000000
0.000000 0.000000 0.350026 0.350030 0.350029 0.350026 0.350027 0.350028 0.350031 0.350029 0.350032 0.350030 0.350031 0.350029 0.350031 0.350033 0.350031 0.350031 0.350029 0.000000 0.000000
0.000000 0.000000 0.351295 0.351288 0.351281 0.351271 0.351253 0.351253 0.351249 0.351250 0.351249 0.351253 0.351252 0.351254 0.351264 0.351268 0.351279 0.351282 0.351291 0.000000 0.000000
0.000000 0.000000 0.354935 0.354930 0.354907 0.354875 0.354846 0.354819 0.354823 0.354816 0.354819 0.354819 0.354825 0.354824 0.354838 0.354866 0.354881 0.354893 0.354900 0.000000 0.000000
0.000000 0.000000 0.359829 0.359819 0.359805 0.359774 0.359736 0.359680 0.359683 0.359678 0.359677 0.359679 0.359681 0.359682 0.359724 0.359758 0.359777 0.359790 0.359798 0.000000 0.000000
0.000000 0.000000 0.365642 0.365631 0.365616 0.365578 0.365537 0.365487 0.365490 0.365484 0.365482 0.365480 0.365478 0.365489 0.365528 0.365562 0.365594 0.365602 0.365617 0.000000 0.000000
0.000000 0.000000 0.371958 0.371943 0.371923 0.371896 0.371848 0.371792 0.371799 0.371788 0.371783 0.371782 0.371784 0.371783 0.371837 0.371878 0.371903 0.371912 0.371925 0.000000 0.000000
0.000000 0.000000 0.378880 0.378860 0.378845 0.378815 0.378751 0.378698 0.378701 0.378694 0.378684 0.378690 0.378699 0.378697 0.378740 0.378794 0.378823 0.378834 0.378842 0.000000 0.000000
0.000000 0.000000 0.386690 0.386676 0.386662 0.386593 0.386551 0.386482 0.386500 0.386463 0.386469 0.386465 0.386453 0.386477 0.386524 0.386557 0.386598 0.386615 0.386648 0.000000 0.000000
0.000000 0.000000 0.395699 0.395667 0.395627 0.395593 0.395533 0.395448 0.395449 0.395444 0.395459 0.395427 0.395444 0.395443 0.395527 0.395576 0.395599 0.395613 0.395682 0.000000 0.000000
0.000000 0.000000 0.405793 0.405764 0.405756 0.405678 0.405627 0.405382 0.405383 0.405371 0.405294 0.405341 0.405350 0.405375 0.405558 0.405603 0.405692 0.405699 0.405723 0.000000 0.000000
0.000000 0.000000 0.418236 0.418226 0.418156 0.418109 0.417763 0.417855 0.417789 0.417791 0.417832 0.417794 0.417788 0.417760 0.417673 0.418045 0.418068 0.418157 0.418212 0.000000 0.000000
0.000000 0.000000 0.432954 0.432910 0.432838 0.432381 0.432527 0.432262 0.432189 0.432164 0.432069 0.432031 0.432085 0.432088 0.432331 0.432200 0.432798 0.432667 0.432654 0.000000 0.000000
0.000000 0.000000 0.447698 0.447669 0.447077 0.447364 0.447267 0.447280 0.447542 0.447473 0.447611 0.447586 0.447477 0.447623 0.447559 0.447641 0.447008 0.447907 0.447894 0.000000 0.000000
0.000000 0.000000 0.462798 0.462153 0.462394 0.462091 0.461766 0.461660 0.461434 0.461488 0.461262 0.461290 0.461423 0.461285 0.461465 0.461706 0.462360 0.461833 0.462504 0.000000 0.000000
0.000000 0.000000 0.467054 0.467460 0.467871 0.467836 0.467830 0.467422 0.467481 0.467367 0.467545 0.467508 0.467487 0.467544 0.467880 0.467888 0.467924 0.467580 0.467177 0.000000 0.000000
0.000000 0.000000 0.350000 0.350000 0.350000 0.350000 0.350000 0.350000 0.350000 0.350000 0.350000 0.350000 0.350000 0.350000 0.350000 0.350000 0.350000 0.350000 0.350000 0.000000 0.000000
0.000000 0.000000 0.000000 0.000000 0.000000 0.000000 0.000000 0.000000 0.000000 0.000000 0.000000 0.000000 0.000000 0.000000 0.000000 0.000000 0.000000 0.000000 0.000000 0.000000 0.000000