geotop/1.0zi/1.0Montebello/Templates/testdem/maps/_Eocsilt1900.asc
ncols         21
nrows         20
xllcorner     100.000000
yllcorner     100.000000
cellsize      50.000000
NODATA_value  -9999.0
0.000000 0.000000 0.000000 0.000000 0.000000 0.000000 0.000000 0.000000 0.000000 0.000000 0.000000 0.000000 0.000000 0.000000 0.000000 0.000000 0.000000 0.000000 0.000000 0.000000 0.000000
0.000000 0.000000 0.350043 0.350043 0.350043 0.350043 0.350043 0.350043 0.350043 0.350043 0.350043 0.350043 0.350043 0.350043 0.350043 0.350043 0.350043 0.350043 0.350043 0.000000 0.000000
0.000000 0.000000 0.349998 0.349998 0.349998 0.349998 0.349998 0.349998 0.349998 0.349998 0.349998 0.349998 0.349998 0.349998 0.349998 0.349998 0.349998 0.349998 0.349998 0.000000 0.000000
0.000000 0.000000 0.350690 0.350690 0.350688 0.350689 0.350691 0.350691 0.350690 0.350691 0.350691 0.350691 0.350690 0.350691 0.350691 0.350689 0.350688 0.350690 0.350690 0.000000 0.000000
0.000000 0.000000 0.353220 0.353220 0.353218 0.353217 0.353221 0.353220 0.353220 0.353221 0.353221 0.353221 0.353220 0.353220 0.353221 0.353217 0.353218 0.353220 0.353220 0.000000 0.000000
0.000000 0.000000 0.356427 0.356426 0.356425 0.356425 0.356428 0.356427 0.356427 0.356428 0.356428 0.356428 0.356427 0.356427 0.356428 0.356425 0.356425 0.356426 0.356427 0.000000 0.000000
0.000000 0.000000 0.359373 0.359373 0.359372 0.359372 0.359374 0.359373 0.359373 0.359374 0.359374 0.359374 0.359373 0.359373 0.359374 0.359372 0.359372 0.359373 0.359373 0.000000 0.000000
0.000000 0.000000 0.362074 0.362074 0.362072 0.362072 0.362074 0.362074 0.362074 0.362074 0.362075 0.362074 0.362074 0.362074 0.362074 0.362072 0.362072 0.362074 0.362074 0.000000 0.000000
0.000000 0.000000 0.364599 0.364599 0.364598 0.364598 0.364600 0.364599 0.364599 0.364600 0.364600 0.364600 0.364599 0.364599 0.364600 0.364598 0.364598 0.364599 0.364599 0.000000 0.000000
0.000000 0.000000 0.367012 0.367011 0.367010 0.367010 0.367012 0.367011 0.367011 0.367012 0.367012 0.367012 0.367011 0.367011 0.367012 0.367010 0.367010 0.367011 0.367012 0.000000 0.000000
0.000000 0.000000 0.369337 0.369337 0.369335 0.369336 0.369337 0.369337 0.369337 0.369337 0.369338 0.369337 0.369337 0.369337 0.369337 0.369336 0.369335 0.369337 0.369337 0.000000 0.000000
0.000000 0.000000 0.371597 0.371597 0.371596 0.371596 0.371597 0.371597 0.371597 0.371597 0.371598 0.371597 0.371597 0.371597 0.371597 0.371596 0.371596 0.371597 0.371597 0.000000 0.000000
0.000000 0.000000 0.373807 0.373807 0.373806 0.373806 0.373808 0.373807 0.373807 0.373808 0.373808 0.373808 0.373807 0.373807 0.373808 0.373806 0.373806 0.373807 0.373807 0.000000 0.000000
0.000000 0.000000 0.375972 0.375972 0.375971 0.375971 0.375972 0.375972 0.375972 0.375972 0.375973 0.375972 0.375972 0.375972 0.375972 0.375971 0.375971 0.375972 0.375972 0.000000 0.000000
0.000000 0.000000 0.378101 0.378101 0.378100 0.378100 0.378101 0.378101 0.378101 0.378102 0.378102 0.378102 0.378101 0.378101 0.378101 0.378100 0.378100 0.378101 0.378101 0.000000 0.000000
0.000000 0.000000 0.380201 0.380201 0.380200 0.380200 0.380201 0.380201 0.380201 0.380202 0.380202 0.380202 0.380201 0.380201 0.380201 0.380200 0.380200 0.380201 0.380201 0.000000 0.000000
0.000000 0.000000 0.382271 0.382271 0.382270 0.382270 0.382271 0.382271 0.382271 0.382272 0.382272 0.382272 0.382271 0.382271 0.382271 0.382270 0.382270 0.382271 0.382271 0.000000 0.000000
0.000000 0.000000 0.384349 0.384349 0.384348 0.384348 0.384350 0.384349 0.384349 0.384350 0.384350 0.384350 0.384349 0.384349 0.384350 0.384348 0.384348 0.384349 0.384349 0.000000 0.000000
0.000000 0.000000 0.350000 0.350000 0.350000 0.350000 0.350000 0.350000 0.350000 0.350000 0.350000 0.350000 0.350000 0.350000 0.350000 0.350000 0.350000 0.350000 0.350000 0.000000 0.000000
0.000000 0.000000 0.000000 0.000000 0.000000 0.000000 0.000000 0.000000 0.000000 0.000000 0.000000 0.000000 0.000000 0.000000 0.000000 0.000000 0.000000 0.000000 0.000000 0.000000 0.000000