geotop/1.0zi/1.0Montebello/Templates/testdem/maps/_Eocclay0400.asc
ncols         21
nrows         20
xllcorner     100.000000
yllcorner     100.000000
cellsize      50.000000
NODATA_value  -9999.0
0.000000 0.000000 0.000000 0.000000 0.000000 0.000000 0.000000 0.000000 0.000000 0.000000 0.000000 0.000000 0.000000 0.000000 0.000000 0.000000 0.000000 0.000000 0.000000 0.000000 0.000000
0.000000 0.000000 0.349975 0.349975 0.349975 0.349975 0.349975 0.349975 0.349975 0.349975 0.349975 0.349975 0.349975 0.349975 0.349975 0.349975 0.349975 0.349975 0.349975 0.000000 0.000000
0.000000 0.000000 0.349998 0.349998 0.349997 0.349997 0.349998 0.349998 0.349998 0.349998 0.349998 0.349998 0.349998 0.349998 0.349998 0.349997 0.349997 0.349998 0.349998 0.000000 0.000000
0.000000 0.000000 0.350265 0.350265 0.350263 0.350265 0.350265 0.350265 0.350265 0.350265 0.350265 0.350265 0.350265 0.350265 0.350265 0.350265 0.350263 0.350265 0.350265 0.000000 0.000000
0.000000 0.000000 0.351003 0.351003 0.351001 0.351003 0.351003 0.351004 0.351004 0.351004 0.351003 0.351004 0.351004 0.351004 0.351003 0.351003 0.351001 0.351003 0.351003 0.000000 0.000000
0.000000 0.000000 0.351692 0.351692 0.351690 0.351692 0.351692 0.351692 0.351692 0.351692 0.351692 0.351692 0.351692 0.351692 0.351692 0.351692 0.351690 0.351692 0.351692 0.000000 0.000000
0.000000 0.000000 0.352333 0.352333 0.352331 0.352333 0.352333 0.352333 0.352333 0.352333 0.352333 0.352333 0.352333 0.352333 0.352333 0.352333 0.352331 0.352333 0.352333 0.000000 0.000000
0.000000 0.000000 0.352927 0.352927 0.352926 0.352927 0.352927 0.352927 0.352927 0.352927 0.352927 0.352927 0.352927 0.352927 0.352927 0.352927 0.352926 0.352927 0.352927 0.000000 0.000000
0.000000 0.000000 0.353489 0.353489 0.353487 0.353488 0.353489 0.353489 0.353489 0.353489 0.353489 0.353489 0.353489 0.353489 0.353489 0.353488 0.353487 0.353489 0.353489 0.000000 0.000000
0.000000 0.000000 0.354031 0.354031 0.354030 0.354031 0.354031 0.354031 0.354031 0.354031 0.354031 0.354031 0.354031 0.354031 0.354031 0.354031 0.354030 0.354031 0.354031 0.000000 0.000000
0.000000 0.000000 0.354559 0.354559 0.354557 0.354559 0.354559 0.354559 0.354559 0.354559 0.354559 0.354559 0.354559 0.354559 0.354559 0.354559 0.354557 0.354559 0.354559 0.000000 0.000000
0.000000 0.000000 0.355076 0.355076 0.355075 0.355076 0.355076 0.355076 0.355076 0.355076 0.355076 0.355076 0.355076 0.355076 0.355076 0.355076 0.355075 0.355076 0.355076 0.000000 0.000000
0.000000 0.000000 0.355584 0.355584 0.355583 0.355584 0.355584 0.355584 0.355584 0.355584 0.355584 0.355584 0.355584 0.355584 0.355584 0.355584 0.355583 0.355584 0.355584 0.000000 0.000000
0.000000 0.000000 0.356083 0.356083 0.356081 0.356083 0.356083 0.356083 0.356083 0.356083 0.356083 0.356083 0.356083 0.356083 0.356083 0.356083 0.356081 0.356083 0.356083 0.000000 0.000000
0.000000 0.000000 0.356576 0.356576 0.356575 0.356576 0.356576 0.356577 0.356577 0.356577 0.356576 0.356577 0.356577 0.356577 0.356576 0.356576 0.356575 0.356576 0.356576 0.000000 0.000000
0.000000 0.000000 0.357069 0.357069 0.357068 0.357069 0.357069 0.357070 0.357070 0.357069 0.357069 0.357069 0.357070 0.357070 0.357069 0.357069 0.357068 0.357069 0.357069 0.000000 0.000000
0.000000 0.000000 0.357557 0.357557 0.357556 0.357557 0.357557 0.357557 0.357557 0.357557 0.357557 0.357557 0.357557 0.357557 0.357557 0.357557 0.357556 0.357557 0.357557 0.000000 0.000000
0.000000 0.000000 0.358060 0.358060 0.358059 0.358060 0.358060 0.358060 0.358060 0.358060 0.358060 0.358060 0.358060 0.358060 0.358060 0.358060 0.358059 0.358060 0.358060 0.000000 0.000000
0.000000 0.000000 0.350000 0.350000 0.350000 0.350000 0.350000 0.350000 0.350000 0.350000 0.350000 0.350000 0.350000 0.350000 0.350000 0.350000 0.350000 0.350000 0.350000 0.000000 0.000000
0.000000 0.000000 0.000000 0.000000 0.000000 0.000000 0.000000 0.000000 0.000000 0.000000 0.000000 0.000000 0.000000 0.000000 0.000000 0.000000 0.000000 0.000000 0.000000 0.000000 0.000000