geotop/1.0zi/1.0Montebello/Templates/testdem/maps/_Eocsand0402.asc
ncols         21
nrows         20
xllcorner     100.000000
yllcorner     100.000000
cellsize      50.000000
NODATA_value  -9999.0
0.000000 0.000000 0.000000 0.000000 0.000000 0.000000 0.000000 0.000000 0.000000 0.000000 0.000000 0.000000 0.000000 0.000000 0.000000 0.000000 0.000000 0.000000 0.000000 0.000000 0.000000
0.000000 0.000000 0.300016 0.300016 0.300016 0.300016 0.300016 0.300016 0.300016 0.300016 0.300016 0.300016 0.300016 0.300016 0.300016 0.300016 0.300016 0.300016 0.300016 0.000000 0.000000
0.000000 0.000000 0.300003 0.300003 0.300004 0.300003 0.300003 0.300003 0.300003 0.300003 0.300003 0.300003 0.300003 0.300003 0.300003 0.300003 0.300004 0.300003 0.300003 0.000000 0.000000
0.000000 0.000000 0.299479 0.299479 0.299484 0.299479 0.299479 0.299479 0.299479 0.299479 0.299479 0.299479 0.299479 0.299479 0.299479 0.299479 0.299484 0.299479 0.299479 0.000000 0.000000
0.000000 0.000000 0.298034 0.298034 0.298038 0.298034 0.298034 0.298033 0.298033 0.298034 0.298034 0.298034 0.298033 0.298033 0.298034 0.298034 0.298038 0.298034 0.298034 0.000000 0.000000
0.000000 0.000000 0.296645 0.296645 0.296649 0.296646 0.296645 0.296645 0.296645 0.296645 0.296645 0.296645 0.296645 0.296645 0.296645 0.296646 0.296649 0.296645 0.296645 0.000000 0.000000
0.000000 0.000000 0.295374 0.295374 0.295377 0.295374 0.295374 0.295374 0.295374 0.295374 0.295374 0.295374 0.295374 0.295374 0.295374 0.295374 0.295377 0.295374 0.295374 0.000000 0.000000
0.000000 0.000000 0.294194 0.294194 0.294197 0.294194 0.294194 0.294194 0.294194 0.294194 0.294194 0.294194 0.294194 0.294194 0.294194 0.294194 0.294197 0.294194 0.294194 0.000000 0.000000
0.000000 0.000000 0.293078 0.293078 0.293081 0.293079 0.293078 0.293078 0.293078 0.293078 0.293078 0.293078 0.293078 0.293078 0.293078 0.293079 0.293081 0.293078 0.293078 0.000000 0.000000
0.000000 0.000000 0.292000 0.292000 0.292003 0.292001 0.292000 0.292000 0.292000 0.292000 0.292000 0.292000 0.292000 0.292000 0.292000 0.292001 0.292003 0.292000 0.292000 0.000000 0.000000
0.000000 0.000000 0.290952 0.290952 0.290955 0.290952 0.290952 0.290952 0.290952 0.290952 0.290952 0.290952 0.290952 0.290952 0.290952 0.290952 0.290955 0.290952 0.290952 0.000000 0.000000
0.000000 0.000000 0.289924 0.289924 0.289927 0.289924 0.289924 0.289924 0.289924 0.289924 0.289924 0.289924 0.289924 0.289924 0.289924 0.289924 0.289927 0.289924 0.289924 0.000000 0.000000
0.000000 0.000000 0.288915 0.288915 0.288917 0.288915 0.288914 0.288914 0.288914 0.288914 0.288914 0.288914 0.288914 0.288914 0.288914 0.288915 0.288917 0.288915 0.288915 0.000000 0.000000
0.000000 0.000000 0.287923 0.287923 0.287926 0.287923 0.287923 0.287923 0.287923 0.287923 0.287923 0.287923 0.287923 0.287923 0.287923 0.287923 0.287926 0.287923 0.287923 0.000000 0.000000
0.000000 0.000000 0.286942 0.286942 0.286945 0.286942 0.286942 0.286942 0.286942 0.286942 0.286942 0.286942 0.286942 0.286942 0.286942 0.286942 0.286945 0.286942 0.286942 0.000000 0.000000
0.000000 0.000000 0.285962 0.285962 0.285965 0.285963 0.285962 0.285962 0.285962 0.285962 0.285962 0.285962 0.285962 0.285962 0.285962 0.285963 0.285965 0.285962 0.285962 0.000000 0.000000
0.000000 0.000000 0.284993 0.284993 0.284996 0.284994 0.284993 0.284993 0.284993 0.284993 0.284993 0.284993 0.284993 0.284993 0.284993 0.284994 0.284996 0.284993 0.284993 0.000000 0.000000
0.000000 0.000000 0.283994 0.283994 0.283997 0.283994 0.283994 0.283994 0.283994 0.283994 0.283994 0.283994 0.283994 0.283994 0.283994 0.283994 0.283997 0.283994 0.283994 0.000000 0.000000
0.000000 0.000000 0.300000 0.300000 0.300000 0.300000 0.300000 0.300000 0.300000 0.300000 0.300000 0.300000 0.300000 0.300000 0.300000 0.300000 0.300000 0.300000 0.300000 0.000000 0.000000
0.000000 0.000000 0.000000 0.000000 0.000000 0.000000 0.000000 0.000000 0.000000 0.000000 0.000000 0.000000 0.000000 0.000000 0.000000 0.000000 0.000000 0.000000 0.000000 0.000000 0.000000