geotop/1.0zi/1.0Montebello/Templates/testdem/maps/_Eocsilt0757.asc
ncols         21
nrows         20
xllcorner     100.000000
yllcorner     100.000000
cellsize      50.000000
NODATA_value  -9999.0
0.000000 0.000000 0.000000 0.000000 0.000000 0.000000 0.000000 0.000000 0.000000 0.000000 0.000000 0.000000 0.000000 0.000000 0.000000 0.000000 0.000000 0.000000 0.000000 0.000000 0.000000
0.000000 0.000000 0.350014 0.350014 0.350014 0.350014 0.350014 0.350014 0.350014 0.350014 0.350014 0.350014 0.350014 0.350014 0.350014 0.350014 0.350014 0.350014 0.350014 0.000000 0.000000
0.000000 0.000000 0.350000 0.350000 0.350000 0.350000 0.350000 0.350000 0.350000 0.350000 0.350000 0.350000 0.350000 0.350000 0.350000 0.350000 0.350000 0.350000 0.350000 0.000000 0.000000
0.000000 0.000000 0.350330 0.350329 0.350327 0.350328 0.350330 0.350330 0.350329 0.350330 0.350330 0.350330 0.350329 0.350330 0.350330 0.350328 0.350327 0.350329 0.350330 0.000000 0.000000
0.000000 0.000000 0.351427 0.351426 0.351424 0.351424 0.351427 0.351427 0.351427 0.351427 0.351427 0.351427 0.351427 0.351427 0.351427 0.351424 0.351424 0.351426 0.351427 0.000000 0.000000
0.000000 0.000000 0.352723 0.352722 0.352721 0.352721 0.352723 0.352723 0.352723 0.352723 0.352723 0.352723 0.352723 0.352723 0.352723 0.352721 0.352721 0.352722 0.352723 0.000000 0.000000
0.000000 0.000000 0.353915 0.353914 0.353913 0.353913 0.353915 0.353915 0.353915 0.353915 0.353915 0.353915 0.353915 0.353915 0.353915 0.353913 0.353913 0.353914 0.353915 0.000000 0.000000
0.000000 0.000000 0.355018 0.355017 0.355016 0.355016 0.355018 0.355018 0.355018 0.355018 0.355018 0.355018 0.355018 0.355018 0.355018 0.355016 0.355016 0.355017 0.355018 0.000000 0.000000
0.000000 0.000000 0.356057 0.356057 0.356056 0.356056 0.356058 0.356057 0.356057 0.356058 0.356057 0.356058 0.356057 0.356057 0.356058 0.356056 0.356056 0.356057 0.356057 0.000000 0.000000
0.000000 0.000000 0.357058 0.357057 0.357056 0.357056 0.357058 0.357058 0.357058 0.357058 0.357058 0.357058 0.357058 0.357058 0.357058 0.357056 0.357056 0.357057 0.357058 0.000000 0.000000
0.000000 0.000000 0.358028 0.358028 0.358026 0.358027 0.358028 0.358028 0.358028 0.358028 0.358028 0.358028 0.358028 0.358028 0.358028 0.358027 0.358026 0.358028 0.358028 0.000000 0.000000
0.000000 0.000000 0.358978 0.358978 0.358977 0.358977 0.358978 0.358978 0.358978 0.358978 0.358978 0.358978 0.358978 0.358978 0.358978 0.358977 0.358977 0.358978 0.358978 0.000000 0.000000
0.000000 0.000000 0.359911 0.359911 0.359910 0.359910 0.359911 0.359911 0.359911 0.359911 0.359911 0.359911 0.359911 0.359911 0.359911 0.359910 0.359910 0.359911 0.359911 0.000000 0.000000
0.000000 0.000000 0.360831 0.360830 0.360829 0.360829 0.360831 0.360831 0.360830 0.360831 0.360831 0.360831 0.360830 0.360831 0.360831 0.360829 0.360829 0.360830 0.360831 0.000000 0.000000
0.000000 0.000000 0.361741 0.361740 0.361739 0.361739 0.361741 0.361741 0.361741 0.361741 0.361741 0.361741 0.361741 0.361741 0.361741 0.361739 0.361739 0.361740 0.361741 0.000000 0.000000
0.000000 0.000000 0.362645 0.362644 0.362643 0.362643 0.362645 0.362645 0.362645 0.362645 0.362645 0.362645 0.362645 0.362645 0.362645 0.362643 0.362643 0.362644 0.362645 0.000000 0.000000
0.000000 0.000000 0.363540 0.363540 0.363539 0.363539 0.363540 0.363540 0.363540 0.363540 0.363540 0.363540 0.363540 0.363540 0.363540 0.363539 0.363539 0.363540 0.363540 0.000000 0.000000
0.000000 0.000000 0.364449 0.364449 0.364448 0.364448 0.364449 0.364449 0.364449 0.364449 0.364449 0.364449 0.364449 0.364449 0.364449 0.364448 0.364448 0.364449 0.364449 0.000000 0.000000
0.000000 0.000000 0.350000 0.350000 0.350000 0.350000 0.350000 0.350000 0.350000 0.350000 0.350000 0.350000 0.350000 0.350000 0.350000 0.350000 0.350000 0.350000 0.350000 0.000000 0.000000
0.000000 0.000000 0.000000 0.000000 0.000000 0.000000 0.000000 0.000000 0.000000 0.000000 0.000000 0.000000 0.000000 0.000000 0.000000 0.000000 0.000000 0.000000 0.000000 0.000000 0.000000