geotop/1.0zi/1.0Montebello/Templates/testdem/maps/_Eocsand3397.asc
ncols         21
nrows         20
xllcorner     100.000000
yllcorner     100.000000
cellsize      50.000000
NODATA_value  -9999.0
0.000000 0.000000 0.000000 0.000000 0.000000 0.000000 0.000000 0.000000 0.000000 0.000000 0.000000 0.000000 0.000000 0.000000 0.000000 0.000000 0.000000 0.000000 0.000000 0.000000 0.000000
0.000000 0.000000 0.300091 0.300091 0.300091 0.300091 0.300091 0.300091 0.300091 0.300091 0.300092 0.300091 0.300091 0.300091 0.300091 0.300091 0.300091 0.300091 0.300091 0.000000 0.000000
0.000000 0.000000 0.300011 0.300011 0.300011 0.300010 0.300011 0.300011 0.300011 0.300011 0.300009 0.300011 0.300011 0.300011 0.300011 0.300010 0.300011 0.300011 0.300011 0.000000 0.000000
0.000000 0.000000 0.297334 0.297335 0.297340 0.297338 0.297335 0.297335 0.297335 0.297335 0.297334 0.297335 0.297335 0.297335 0.297335 0.297338 0.297340 0.297335 0.297334 0.000000 0.000000
0.000000 0.000000 0.287231 0.287232 0.287236 0.287235 0.287229 0.287231 0.287231 0.287229 0.287228 0.287229 0.287231 0.287231 0.287229 0.287235 0.287236 0.287232 0.287231 0.000000 0.000000
0.000000 0.000000 0.275506 0.275508 0.275511 0.275511 0.275505 0.275507 0.275507 0.275505 0.275504 0.275505 0.275507 0.275507 0.275505 0.275511 0.275511 0.275508 0.275506 0.000000 0.000000
0.000000 0.000000 0.264719 0.264720 0.264723 0.264722 0.264718 0.264720 0.264720 0.264718 0.264717 0.264718 0.264720 0.264720 0.264718 0.264722 0.264723 0.264720 0.264719 0.000000 0.000000
0.000000 0.000000 0.254943 0.254943 0.254946 0.254945 0.254942 0.254943 0.254943 0.254942 0.254941 0.254942 0.254943 0.254943 0.254942 0.254945 0.254946 0.254943 0.254943 0.000000 0.000000
0.000000 0.000000 0.245920 0.245920 0.245923 0.245922 0.245919 0.245920 0.245920 0.245919 0.245918 0.245919 0.245920 0.245920 0.245919 0.245922 0.245923 0.245920 0.245920 0.000000 0.000000
0.000000 0.000000 0.237438 0.237439 0.237441 0.237441 0.237438 0.237439 0.237439 0.237438 0.237437 0.237438 0.237439 0.237439 0.237438 0.237441 0.237441 0.237439 0.237438 0.000000 0.000000
0.000000 0.000000 0.229389 0.229390 0.229392 0.229392 0.229389 0.229390 0.229390 0.229389 0.229388 0.229389 0.229390 0.229390 0.229389 0.229392 0.229392 0.229390 0.229389 0.000000 0.000000
0.000000 0.000000 0.221695 0.221696 0.221698 0.221697 0.221695 0.221696 0.221696 0.221695 0.221694 0.221695 0.221696 0.221696 0.221695 0.221697 0.221698 0.221696 0.221695 0.000000 0.000000
0.000000 0.000000 0.214298 0.214298 0.214300 0.214299 0.214297 0.214298 0.214298 0.214297 0.214296 0.214297 0.214298 0.214298 0.214297 0.214299 0.214300 0.214298 0.214298 0.000000 0.000000
0.000000 0.000000 0.207139 0.207139 0.207141 0.207140 0.207138 0.207139 0.207139 0.207138 0.207137 0.207138 0.207139 0.207139 0.207138 0.207140 0.207141 0.207139 0.207139 0.000000 0.000000
0.000000 0.000000 0.200197 0.200198 0.200200 0.200199 0.200197 0.200198 0.200198 0.200197 0.200196 0.200197 0.200198 0.200198 0.200197 0.200199 0.200200 0.200198 0.200197 0.000000 0.000000
0.000000 0.000000 0.193463 0.193464 0.193466 0.193465 0.193463 0.193464 0.193464 0.193463 0.193462 0.193463 0.193464 0.193464 0.193463 0.193465 0.193466 0.193464 0.193463 0.000000 0.000000
0.000000 0.000000 0.186913 0.186913 0.186915 0.186914 0.186912 0.186913 0.186913 0.186912 0.186911 0.186912 0.186913 0.186913 0.186912 0.186914 0.186915 0.186913 0.186913 0.000000 0.000000
0.000000 0.000000 0.180424 0.180424 0.180426 0.180425 0.180423 0.180424 0.180424 0.180423 0.180422 0.180423 0.180424 0.180424 0.180423 0.180425 0.180426 0.180424 0.180424 0.000000 0.000000
0.000000 0.000000 0.300000 0.300000 0.300000 0.300000 0.300000 0.300000 0.300000 0.300000 0.300000 0.300000 0.300000 0.300000 0.300000 0.300000 0.300000 0.300000 0.300000 0.000000 0.000000
0.000000 0.000000 0.000000 0.000000 0.000000 0.000000 0.000000 0.000000 0.000000 0.000000 0.000000 0.000000 0.000000 0.000000 0.000000 0.000000 0.000000 0.000000 0.000000 0.000000 0.000000