geotop/1.0zi/1.0Montebello/Templates/testdem/maps/_Eocsand5183.asc
ncols         21
nrows         20
xllcorner     100.000000
yllcorner     100.000000
cellsize      50.000000
NODATA_value  -9999.0
0.000000 0.000000 0.000000 0.000000 0.000000 0.000000 0.000000 0.000000 0.000000 0.000000 0.000000 0.000000 0.000000 0.000000 0.000000 0.000000 0.000000 0.000000 0.000000 0.000000 0.000000
0.000000 0.000000 0.300128 0.300128 0.300127 0.300127 0.300127 0.300127 0.300127 0.300127 0.300127 0.300127 0.300127 0.300128 0.300127 0.300127 0.300127 0.300128 0.300128 0.000000 0.000000
0.000000 0.000000 0.300008 0.300007 0.300007 0.300007 0.300007 0.300007 0.300006 0.300007 0.300007 0.300007 0.300006 0.300006 0.300007 0.300007 0.300008 0.300009 0.300008 0.000000 0.000000
0.000000 0.000000 0.299974 0.299972 0.299975 0.299979 0.299976 0.299978 0.299976 0.299977 0.299976 0.299978 0.299978 0.299980 0.299976 0.299972 0.299973 0.299970 0.299972 0.000000 0.000000
0.000000 0.000000 0.299187 0.299184 0.299185 0.299194 0.299205 0.299210 0.299212 0.299213 0.299217 0.299213 0.299216 0.299214 0.299205 0.299205 0.299200 0.299191 0.299185 0.000000 0.000000
0.000000 0.000000 0.296489 0.296483 0.296491 0.296521 0.296533 0.296563 0.296567 0.296576 0.296568 0.296565 0.296558 0.296560 0.296553 0.296537 0.296524 0.296509 0.296500 0.000000 0.000000
0.000000 0.000000 0.292403 0.292406 0.292412 0.292444 0.292479 0.292522 0.292522 0.292528 0.292523 0.292521 0.292522 0.292519 0.292489 0.292455 0.292438 0.292421 0.292409 0.000000 0.000000
0.000000 0.000000 0.287474 0.287474 0.287475 0.287509 0.287545 0.287590 0.287590 0.287596 0.287594 0.287594 0.287596 0.287588 0.287555 0.287522 0.287493 0.287487 0.287469 0.000000 0.000000
0.000000 0.000000 0.282401 0.282408 0.282420 0.282440 0.282474 0.282524 0.282522 0.282532 0.282535 0.282532 0.282531 0.282534 0.282488 0.282452 0.282427 0.282420 0.282404 0.000000 0.000000
0.000000 0.000000 0.277326 0.277335 0.277338 0.277352 0.277402 0.277445 0.277442 0.277448 0.277454 0.277446 0.277439 0.277444 0.277409 0.277368 0.277341 0.277338 0.277327 0.000000 0.000000
0.000000 0.000000 0.272128 0.272133 0.272134 0.272169 0.272202 0.272250 0.272239 0.272265 0.272263 0.272259 0.272264 0.272250 0.272223 0.272197 0.272169 0.272154 0.272131 0.000000 0.000000
0.000000 0.000000 0.266716 0.266728 0.266740 0.266766 0.266793 0.266851 0.266847 0.266864 0.266847 0.266861 0.266858 0.266851 0.266801 0.266778 0.266757 0.266750 0.266692 0.000000 0.000000
0.000000 0.000000 0.261207 0.261218 0.261220 0.261249 0.261274 0.261388 0.261386 0.261399 0.261421 0.261407 0.261397 0.261386 0.261305 0.261283 0.261240 0.261237 0.261194 0.000000 0.000000
0.000000 0.000000 0.255291 0.255299 0.255311 0.255329 0.255437 0.255464 0.255489 0.255493 0.255502 0.255496 0.255492 0.255495 0.255482 0.255377 0.255338 0.255311 0.255268 0.000000 0.000000
0.000000 0.000000 0.248853 0.248859 0.248885 0.248991 0.249029 0.249088 0.249133 0.249142 0.249162 0.249173 0.249157 0.249166 0.249121 0.249065 0.248905 0.248917 0.248890 0.000000 0.000000
0.000000 0.000000 0.242106 0.242116 0.242250 0.242282 0.242291 0.242329 0.242307 0.242326 0.242316 0.242332 0.242344 0.242315 0.242291 0.242272 0.242268 0.242098 0.242090 0.000000 0.000000
0.000000 0.000000 0.234518 0.234697 0.234775 0.234830 0.234913 0.234955 0.234964 0.234972 0.235008 0.235016 0.234999 0.235000 0.234952 0.234886 0.234783 0.234722 0.234542 0.000000 0.000000
0.000000 0.000000 0.228752 0.228769 0.228619 0.228668 0.228734 0.228899 0.228904 0.228945 0.228926 0.228935 0.228920 0.228914 0.228757 0.228713 0.228583 0.228745 0.228715 0.000000 0.000000
0.000000 0.000000 0.300000 0.300000 0.300000 0.300000 0.300000 0.300000 0.300000 0.300000 0.300000 0.300000 0.300000 0.300000 0.300000 0.300000 0.300000 0.300000 0.300000 0.000000 0.000000
0.000000 0.000000 0.000000 0.000000 0.000000 0.000000 0.000000 0.000000 0.000000 0.000000 0.000000 0.000000 0.000000 0.000000 0.000000 0.000000 0.000000 0.000000 0.000000 0.000000 0.000000