geotop/1.0zi/1.0Montebello/Templates/testdem/maps/_Eocsilt6480.asc
ncols         21
nrows         20
xllcorner     100.000000
yllcorner     100.000000
cellsize      50.000000
NODATA_value  -9999.0
0.000000 0.000000 0.000000 0.000000 0.000000 0.000000 0.000000 0.000000 0.000000 0.000000 0.000000 0.000000 0.000000 0.000000 0.000000 0.000000 0.000000 0.000000 0.000000 0.000000 0.000000
0.000000 0.000000 0.350130 0.350131 0.350131 0.350131 0.350131 0.350131 0.350131 0.350131 0.350131 0.350131 0.350131 0.350131 0.350131 0.350131 0.350131 0.350131 0.350131 0.000000 0.000000
0.000000 0.000000 0.350003 0.350002 0.350002 0.350002 0.350003 0.350003 0.350003 0.350003 0.350003 0.350003 0.350003 0.350004 0.350003 0.350002 0.350001 0.350001 0.350002 0.000000 0.000000
0.000000 0.000000 0.350054 0.350051 0.350050 0.350044 0.350045 0.350043 0.350045 0.350046 0.350044 0.350044 0.350044 0.350044 0.350047 0.350050 0.350052 0.350053 0.350053 0.000000 0.000000
0.000000 0.000000 0.350627 0.350633 0.350630 0.350625 0.350621 0.350615 0.350614 0.350612 0.350610 0.350612 0.350614 0.350614 0.350620 0.350624 0.350624 0.350633 0.350637 0.000000 0.000000
0.000000 0.000000 0.352363 0.352366 0.352359 0.352344 0.352331 0.352313 0.352312 0.352307 0.352312 0.352313 0.352315 0.352312 0.352318 0.352326 0.352337 0.352341 0.352346 0.000000 0.000000
0.000000 0.000000 0.354994 0.354992 0.354984 0.354963 0.354938 0.354913 0.354914 0.354911 0.354913 0.354912 0.354909 0.354914 0.354933 0.354954 0.354967 0.354978 0.354985 0.000000 0.000000
0.000000 0.000000 0.358206 0.358206 0.358203 0.358183 0.358159 0.358130 0.358131 0.358128 0.358127 0.358125 0.358125 0.358128 0.358151 0.358173 0.358193 0.358196 0.358207 0.000000 0.000000
0.000000 0.000000 0.361590 0.361585 0.361574 0.361560 0.361537 0.361504 0.361506 0.361499 0.361497 0.361496 0.361498 0.361496 0.361526 0.361550 0.361568 0.361574 0.361584 0.000000 0.000000
0.000000 0.000000 0.365029 0.365024 0.365019 0.365008 0.364975 0.364946 0.364948 0.364944 0.364939 0.364942 0.364947 0.364943 0.364968 0.364996 0.365014 0.365017 0.365025 0.000000 0.000000
0.000000 0.000000 0.368598 0.368595 0.368591 0.368566 0.368543 0.368512 0.368518 0.368502 0.368503 0.368503 0.368500 0.368509 0.368528 0.368546 0.368567 0.368577 0.368592 0.000000 0.000000
0.000000 0.000000 0.372395 0.372388 0.372377 0.372358 0.372337 0.372297 0.372298 0.372290 0.372299 0.372288 0.372291 0.372295 0.372330 0.372348 0.372363 0.372369 0.372406 0.000000 0.000000
0.000000 0.000000 0.376338 0.376330 0.376324 0.376304 0.376284 0.376201 0.376200 0.376194 0.376175 0.376184 0.376191 0.376198 0.376258 0.376276 0.376309 0.376312 0.376337 0.000000 0.000000
0.000000 0.000000 0.380683 0.380679 0.380665 0.380650 0.380564 0.380547 0.380528 0.380528 0.380523 0.380524 0.380524 0.380521 0.380529 0.380617 0.380643 0.380665 0.380691 0.000000 0.000000
0.000000 0.000000 0.385544 0.385540 0.385520 0.385425 0.385401 0.385351 0.385321 0.385315 0.385298 0.385285 0.385299 0.385293 0.385333 0.385368 0.385500 0.385488 0.385503 0.000000 0.000000
0.000000 0.000000 0.390759 0.390754 0.390626 0.390613 0.390606 0.390577 0.390607 0.390591 0.390605 0.390591 0.390576 0.390605 0.390622 0.390633 0.390609 0.390773 0.390775 0.000000 0.000000
0.000000 0.000000 0.396879 0.396701 0.396660 0.396606 0.396516 0.396479 0.396458 0.396459 0.396416 0.396414 0.396435 0.396423 0.396469 0.396536 0.396647 0.396656 0.396842 0.000000 0.000000
0.000000 0.000000 0.401003 0.401051 0.401216 0.401178 0.401128 0.400963 0.400963 0.400924 0.400959 0.400947 0.400957 0.400964 0.401114 0.401151 0.401243 0.401078 0.401042 0.000000 0.000000
0.000000 0.000000 0.350000 0.350000 0.350000 0.350000 0.350000 0.350000 0.350000 0.350000 0.350000 0.350000 0.350000 0.350000 0.350000 0.350000 0.350000 0.350000 0.350000 0.000000 0.000000
0.000000 0.000000 0.000000 0.000000 0.000000 0.000000 0.000000 0.000000 0.000000 0.000000 0.000000 0.000000 0.000000 0.000000 0.000000 0.000000 0.000000 0.000000 0.000000 0.000000 0.000000