geotop/1.0zi/1.0Montebello/Templates/testdem/maps/_Eocsilt2114.asc
ncols         21
nrows         20
xllcorner     100.000000
yllcorner     100.000000
cellsize      50.000000
NODATA_value  -9999.0
0.000000 0.000000 0.000000 0.000000 0.000000 0.000000 0.000000 0.000000 0.000000 0.000000 0.000000 0.000000 0.000000 0.000000 0.000000 0.000000 0.000000 0.000000 0.000000 0.000000 0.000000
0.000000 0.000000 0.350049 0.350049 0.350049 0.350049 0.350049 0.350049 0.350049 0.350049 0.350049 0.350049 0.350049 0.350049 0.350049 0.350049 0.350049 0.350049 0.350049 0.000000 0.000000
0.000000 0.000000 0.349997 0.349997 0.349997 0.349997 0.349997 0.349997 0.349997 0.349997 0.349997 0.349997 0.349997 0.349997 0.349997 0.349997 0.349997 0.349997 0.349997 0.000000 0.000000
0.000000 0.000000 0.350701 0.350700 0.350698 0.350699 0.350701 0.350701 0.350701 0.350701 0.350701 0.350701 0.350701 0.350701 0.350701 0.350699 0.350698 0.350700 0.350701 0.000000 0.000000
0.000000 0.000000 0.353380 0.353380 0.353378 0.353378 0.353381 0.353380 0.353380 0.353381 0.353381 0.353381 0.353380 0.353380 0.353381 0.353378 0.353378 0.353380 0.353380 0.000000 0.000000
0.000000 0.000000 0.356903 0.356902 0.356900 0.356901 0.356903 0.356902 0.356902 0.356903 0.356903 0.356903 0.356902 0.356902 0.356903 0.356901 0.356900 0.356902 0.356903 0.000000 0.000000
0.000000 0.000000 0.360138 0.360138 0.360136 0.360136 0.360138 0.360138 0.360138 0.360139 0.360139 0.360139 0.360138 0.360138 0.360138 0.360136 0.360136 0.360138 0.360138 0.000000 0.000000
0.000000 0.000000 0.363098 0.363098 0.363096 0.363097 0.363098 0.363098 0.363098 0.363099 0.363099 0.363099 0.363098 0.363098 0.363098 0.363097 0.363096 0.363098 0.363098 0.000000 0.000000
0.000000 0.000000 0.365864 0.365863 0.365862 0.365863 0.365864 0.365864 0.365864 0.365864 0.365864 0.365864 0.365864 0.365864 0.365864 0.365863 0.365862 0.365863 0.365864 0.000000 0.000000
0.000000 0.000000 0.368502 0.368502 0.368501 0.368501 0.368502 0.368502 0.368502 0.368503 0.368503 0.368503 0.368502 0.368502 0.368502 0.368501 0.368501 0.368502 0.368502 0.000000 0.000000
0.000000 0.000000 0.371043 0.371043 0.371042 0.371042 0.371043 0.371043 0.371043 0.371044 0.371044 0.371044 0.371043 0.371043 0.371043 0.371042 0.371042 0.371043 0.371043 0.000000 0.000000
0.000000 0.000000 0.373509 0.373509 0.373508 0.373509 0.373510 0.373509 0.373509 0.373510 0.373510 0.373510 0.373509 0.373509 0.373510 0.373509 0.373508 0.373509 0.373509 0.000000 0.000000
0.000000 0.000000 0.375919 0.375918 0.375917 0.375918 0.375919 0.375918 0.375919 0.375919 0.375919 0.375919 0.375919 0.375918 0.375919 0.375918 0.375917 0.375918 0.375919 0.000000 0.000000
0.000000 0.000000 0.378277 0.378277 0.378275 0.378276 0.378277 0.378277 0.378277 0.378277 0.378278 0.378277 0.378277 0.378277 0.378277 0.378276 0.378275 0.378277 0.378277 0.000000 0.000000
0.000000 0.000000 0.380594 0.380594 0.380593 0.380593 0.380595 0.380594 0.380594 0.380595 0.380595 0.380595 0.380594 0.380594 0.380595 0.380593 0.380593 0.380594 0.380594 0.000000 0.000000
0.000000 0.000000 0.382875 0.382875 0.382873 0.382874 0.382875 0.382875 0.382875 0.382875 0.382875 0.382875 0.382875 0.382875 0.382875 0.382874 0.382873 0.382875 0.382875 0.000000 0.000000
0.000000 0.000000 0.385119 0.385119 0.385118 0.385118 0.385119 0.385119 0.385119 0.385120 0.385120 0.385120 0.385119 0.385119 0.385119 0.385118 0.385118 0.385119 0.385119 0.000000 0.000000
0.000000 0.000000 0.387360 0.387360 0.387359 0.387360 0.387361 0.387360 0.387360 0.387361 0.387361 0.387361 0.387360 0.387360 0.387361 0.387360 0.387359 0.387360 0.387361 0.000000 0.000000
0.000000 0.000000 0.350000 0.350000 0.350000 0.350000 0.350000 0.350000 0.350000 0.350000 0.350000 0.350000 0.350000 0.350000 0.350000 0.350000 0.350000 0.350000 0.350000 0.000000 0.000000
0.000000 0.000000 0.000000 0.000000 0.000000 0.000000 0.000000 0.000000 0.000000 0.000000 0.000000 0.000000 0.000000 0.000000 0.000000 0.000000 0.000000 0.000000 0.000000 0.000000 0.000000