geotop/1.0zi/1.0Montebello/Templates/testdem/maps/_Eocsilt6799.asc
ncols         21
nrows         20
xllcorner     100.000000
yllcorner     100.000000
cellsize      50.000000
NODATA_value  -9999.0
0.000000 0.000000 0.000000 0.000000 0.000000 0.000000 0.000000 0.000000 0.000000 0.000000 0.000000 0.000000 0.000000 0.000000 0.000000 0.000000 0.000000 0.000000 0.000000 0.000000 0.000000
0.000000 0.000000 0.350136 0.350137 0.350137 0.350137 0.350137 0.350137 0.350137 0.350137 0.350137 0.350137 0.350137 0.350137 0.350137 0.350137 0.350137 0.350137 0.350136 0.000000 0.000000
0.000000 0.000000 0.350003 0.350002 0.350003 0.350003 0.350003 0.350003 0.350003 0.350003 0.350003 0.350003 0.350004 0.350004 0.350003 0.350003 0.350001 0.350001 0.350002 0.000000 0.000000
0.000000 0.000000 0.350058 0.350054 0.350053 0.350048 0.350049 0.350047 0.350049 0.350049 0.350048 0.350048 0.350048 0.350048 0.350050 0.350053 0.350056 0.350057 0.350057 0.000000 0.000000
0.000000 0.000000 0.350694 0.350700 0.350696 0.350689 0.350685 0.350678 0.350677 0.350674 0.350675 0.350677 0.350678 0.350678 0.350688 0.350692 0.350691 0.350698 0.350703 0.000000 0.000000
0.000000 0.000000 0.352589 0.352591 0.352583 0.352570 0.352556 0.352537 0.352536 0.352531 0.352536 0.352538 0.352538 0.352536 0.352544 0.352554 0.352563 0.352568 0.352574 0.000000 0.000000
0.000000 0.000000 0.355446 0.355443 0.355434 0.355412 0.355387 0.355360 0.355362 0.355358 0.355360 0.355359 0.355356 0.355360 0.355381 0.355404 0.355417 0.355429 0.355437 0.000000 0.000000
0.000000 0.000000 0.358900 0.358899 0.358895 0.358873 0.358848 0.358819 0.358819 0.358816 0.358815 0.358814 0.358812 0.358816 0.358841 0.358865 0.358885 0.358889 0.358900 0.000000 0.000000
0.000000 0.000000 0.362551 0.362545 0.362533 0.362519 0.362494 0.362460 0.362462 0.362454 0.362452 0.362452 0.362453 0.362451 0.362484 0.362511 0.362527 0.362535 0.362545 0.000000 0.000000
0.000000 0.000000 0.366284 0.366278 0.366272 0.366259 0.366224 0.366194 0.366196 0.366191 0.366187 0.366190 0.366195 0.366191 0.366218 0.366249 0.366266 0.366271 0.366278 0.000000 0.000000
0.000000 0.000000 0.370185 0.370180 0.370175 0.370147 0.370124 0.370090 0.370098 0.370080 0.370082 0.370082 0.370076 0.370087 0.370109 0.370129 0.370150 0.370161 0.370177 0.000000 0.000000
0.000000 0.000000 0.374363 0.374353 0.374341 0.374321 0.374297 0.374256 0.374256 0.374248 0.374258 0.374247 0.374249 0.374252 0.374292 0.374312 0.374327 0.374334 0.374374 0.000000 0.000000
0.000000 0.000000 0.378731 0.378720 0.378714 0.378691 0.378670 0.378578 0.378577 0.378570 0.378549 0.378560 0.378566 0.378574 0.378643 0.378664 0.378698 0.378701 0.378727 0.000000 0.000000
0.000000 0.000000 0.383595 0.383589 0.383573 0.383556 0.383458 0.383444 0.383422 0.383421 0.383420 0.383420 0.383418 0.383415 0.383419 0.383523 0.383548 0.383574 0.383603 0.000000 0.000000
0.000000 0.000000 0.389083 0.389075 0.389052 0.388940 0.388919 0.388864 0.388829 0.388823 0.388805 0.388790 0.388803 0.388797 0.388847 0.388880 0.389032 0.389016 0.389030 0.000000 0.000000
0.000000 0.000000 0.395009 0.395000 0.394846 0.394841 0.394835 0.394803 0.394845 0.394824 0.394846 0.394830 0.394810 0.394845 0.394862 0.394874 0.394829 0.395029 0.395031 0.000000 0.000000
0.000000 0.000000 0.402065 0.401841 0.401808 0.401742 0.401632 0.401591 0.401559 0.401562 0.401509 0.401508 0.401535 0.401515 0.401572 0.401656 0.401796 0.401783 0.402013 0.000000 0.000000
0.000000 0.000000 0.406545 0.406633 0.406843 0.406804 0.406758 0.406557 0.406561 0.406512 0.406566 0.406551 0.406556 0.406569 0.406749 0.406787 0.406879 0.406674 0.406598 0.000000 0.000000
0.000000 0.000000 0.350000 0.350000 0.350000 0.350000 0.350000 0.350000 0.350000 0.350000 0.350000 0.350000 0.350000 0.350000 0.350000 0.350000 0.350000 0.350000 0.350000 0.000000 0.000000
0.000000 0.000000 0.000000 0.000000 0.000000 0.000000 0.000000 0.000000 0.000000 0.000000 0.000000 0.000000 0.000000 0.000000 0.000000 0.000000 0.000000 0.000000 0.000000 0.000000 0.000000