geotop/1.0zi/1.0Montebello/Templates/testdem/maps/_Eocclay5085.asc
ncols         21
nrows         20
xllcorner     100.000000
yllcorner     100.000000
cellsize      50.000000
NODATA_value  -9999.0
0.000000 0.000000 0.000000 0.000000 0.000000 0.000000 0.000000 0.000000 0.000000 0.000000 0.000000 0.000000 0.000000 0.000000 0.000000 0.000000 0.000000 0.000000 0.000000 0.000000 0.000000
0.000000 0.000000 0.349774 0.349775 0.349775 0.349775 0.349775 0.349775 0.349775 0.349775 0.349775 0.349775 0.349775 0.349775 0.349775 0.349775 0.349775 0.349775 0.349775 0.000000 0.000000
0.000000 0.000000 0.349991 0.349991 0.349991 0.349991 0.349991 0.349991 0.349991 0.349991 0.349991 0.349990 0.349991 0.349991 0.349991 0.349991 0.349991 0.349991 0.349991 0.000000 0.000000
0.000000 0.000000 0.349988 0.349991 0.349988 0.349989 0.349991 0.349991 0.349991 0.349989 0.349991 0.349989 0.349989 0.349988 0.349991 0.349992 0.349990 0.349991 0.349990 0.000000 0.000000
0.000000 0.000000 0.350381 0.350380 0.350380 0.350374 0.350366 0.350364 0.350365 0.350365 0.350363 0.350365 0.350362 0.350363 0.350368 0.350367 0.350371 0.350373 0.350375 0.000000 0.000000
0.000000 0.000000 0.351762 0.351765 0.351759 0.351743 0.351738 0.351725 0.351724 0.351720 0.351723 0.351723 0.351726 0.351728 0.351729 0.351739 0.351744 0.351753 0.351758 0.000000 0.000000
0.000000 0.000000 0.353800 0.353798 0.353794 0.353780 0.353764 0.353741 0.353741 0.353737 0.353740 0.353740 0.353742 0.353742 0.353758 0.353776 0.353785 0.353792 0.353799 0.000000 0.000000
0.000000 0.000000 0.356260 0.356258 0.356256 0.356240 0.356222 0.356198 0.356199 0.356196 0.356196 0.356196 0.356195 0.356198 0.356217 0.356234 0.356244 0.356250 0.356257 0.000000 0.000000
0.000000 0.000000 0.358739 0.358737 0.358732 0.358720 0.358703 0.358680 0.358681 0.358677 0.358677 0.358678 0.358677 0.358679 0.358696 0.358716 0.358724 0.358729 0.358738 0.000000 0.000000
0.000000 0.000000 0.361234 0.361231 0.361228 0.361218 0.361197 0.361174 0.361177 0.361174 0.361174 0.361174 0.361173 0.361172 0.361195 0.361213 0.361218 0.361225 0.361232 0.000000 0.000000
0.000000 0.000000 0.363797 0.363794 0.363792 0.363778 0.363762 0.363736 0.363737 0.363733 0.363732 0.363734 0.363732 0.363733 0.363750 0.363766 0.363779 0.363785 0.363793 0.000000 0.000000
0.000000 0.000000 0.366459 0.366457 0.366453 0.366438 0.366421 0.366396 0.366394 0.366392 0.366391 0.366390 0.366390 0.366390 0.366413 0.366431 0.366439 0.366444 0.366471 0.000000 0.000000
0.000000 0.000000 0.369171 0.369168 0.369162 0.369151 0.369130 0.369075 0.369075 0.369071 0.369070 0.369071 0.369069 0.369071 0.369118 0.369139 0.369149 0.369155 0.369171 0.000000 0.000000
0.000000 0.000000 0.372078 0.372070 0.372066 0.372054 0.371996 0.371982 0.371973 0.371970 0.371970 0.371970 0.371968 0.371969 0.371983 0.372038 0.372049 0.372061 0.372071 0.000000 0.000000
0.000000 0.000000 0.375236 0.375230 0.375216 0.375164 0.375138 0.375103 0.375085 0.375080 0.375072 0.375072 0.375075 0.375071 0.375097 0.375132 0.375196 0.375194 0.375203 0.000000 0.000000
0.000000 0.000000 0.378528 0.378522 0.378459 0.378444 0.378427 0.378409 0.378409 0.378409 0.378412 0.378411 0.378403 0.378417 0.378425 0.378438 0.378439 0.378513 0.378530 0.000000 0.000000
0.000000 0.000000 0.382237 0.382149 0.382101 0.382075 0.382028 0.382002 0.381996 0.381993 0.381982 0.381983 0.381986 0.381979 0.381999 0.382051 0.382086 0.382115 0.382204 0.000000 0.000000
0.000000 0.000000 0.385051 0.385043 0.385108 0.385077 0.385041 0.384953 0.384945 0.384938 0.384942 0.384941 0.384936 0.384945 0.385025 0.385062 0.385106 0.385029 0.385055 0.000000 0.000000
0.000000 0.000000 0.350000 0.350000 0.350000 0.350000 0.350000 0.350000 0.350000 0.350000 0.350000 0.350000 0.350000 0.350000 0.350000 0.350000 0.350000 0.350000 0.350000 0.000000 0.000000
0.000000 0.000000 0.000000 0.000000 0.000000 0.000000 0.000000 0.000000 0.000000 0.000000 0.000000 0.000000 0.000000 0.000000 0.000000 0.000000 0.000000 0.000000 0.000000 0.000000 0.000000