geotop/1.0zi/1.0Montebello/Templates/testdem/maps/_Eocsilt6690.asc
ncols         21
nrows         20
xllcorner     100.000000
yllcorner     100.000000
cellsize      50.000000
NODATA_value  -9999.0
0.000000 0.000000 0.000000 0.000000 0.000000 0.000000 0.000000 0.000000 0.000000 0.000000 0.000000 0.000000 0.000000 0.000000 0.000000 0.000000 0.000000 0.000000 0.000000 0.000000 0.000000
0.000000 0.000000 0.350134 0.350135 0.350135 0.350136 0.350135 0.350135 0.350135 0.350135 0.350136 0.350135 0.350135 0.350135 0.350135 0.350135 0.350136 0.350135 0.350135 0.000000 0.000000
0.000000 0.000000 0.350003 0.350002 0.350002 0.350002 0.350003 0.350003 0.350003 0.350003 0.350003 0.350003 0.350003 0.350003 0.350003 0.350002 0.350001 0.350001 0.350002 0.000000 0.000000
0.000000 0.000000 0.350056 0.350053 0.350053 0.350047 0.350048 0.350046 0.350048 0.350049 0.350047 0.350047 0.350047 0.350047 0.350049 0.350052 0.350054 0.350055 0.350056 0.000000 0.000000
0.000000 0.000000 0.350642 0.350648 0.350645 0.350637 0.350634 0.350627 0.350626 0.350624 0.350623 0.350625 0.350626 0.350627 0.350635 0.350638 0.350638 0.350646 0.350651 0.000000 0.000000
0.000000 0.000000 0.352462 0.352465 0.352457 0.352444 0.352430 0.352412 0.352411 0.352406 0.352410 0.352412 0.352413 0.352410 0.352417 0.352426 0.352436 0.352441 0.352447 0.000000 0.000000
0.000000 0.000000 0.355245 0.355243 0.355234 0.355213 0.355187 0.355162 0.355163 0.355160 0.355161 0.355160 0.355157 0.355161 0.355181 0.355203 0.355216 0.355228 0.355236 0.000000 0.000000
0.000000 0.000000 0.358621 0.358621 0.358618 0.358596 0.358572 0.358543 0.358543 0.358540 0.358539 0.358537 0.358536 0.358540 0.358563 0.358586 0.358606 0.358610 0.358622 0.000000 0.000000
0.000000 0.000000 0.362184 0.362179 0.362168 0.362153 0.362129 0.362096 0.362097 0.362090 0.362088 0.362087 0.362088 0.362086 0.362117 0.362144 0.362161 0.362168 0.362178 0.000000 0.000000
0.000000 0.000000 0.365821 0.365815 0.365810 0.365798 0.365764 0.365735 0.365736 0.365732 0.365727 0.365730 0.365734 0.365731 0.365755 0.365786 0.365804 0.365808 0.365816 0.000000 0.000000
0.000000 0.000000 0.369612 0.369608 0.369604 0.369576 0.369553 0.369521 0.369528 0.369511 0.369512 0.369512 0.369507 0.369517 0.369537 0.369556 0.369578 0.369589 0.369605 0.000000 0.000000
0.000000 0.000000 0.373664 0.373654 0.373643 0.373624 0.373601 0.373561 0.373561 0.373553 0.373562 0.373550 0.373553 0.373556 0.373593 0.373613 0.373629 0.373636 0.373675 0.000000 0.000000
0.000000 0.000000 0.377890 0.377880 0.377875 0.377853 0.377833 0.377744 0.377743 0.377736 0.377716 0.377725 0.377731 0.377739 0.377804 0.377825 0.377858 0.377862 0.377888 0.000000 0.000000
0.000000 0.000000 0.382581 0.382576 0.382561 0.382544 0.382451 0.382436 0.382416 0.382415 0.382412 0.382411 0.382410 0.382407 0.382411 0.382510 0.382535 0.382561 0.382589 0.000000 0.000000
0.000000 0.000000 0.387857 0.387851 0.387829 0.387723 0.387701 0.387649 0.387616 0.387610 0.387592 0.387577 0.387589 0.387583 0.387628 0.387662 0.387807 0.387794 0.387808 0.000000 0.000000
0.000000 0.000000 0.393544 0.393537 0.393393 0.393385 0.393379 0.393348 0.393386 0.393367 0.393385 0.393369 0.393351 0.393383 0.393399 0.393411 0.393374 0.393562 0.393564 0.000000 0.000000
0.000000 0.000000 0.400282 0.400075 0.400040 0.399978 0.399876 0.399838 0.399809 0.399812 0.399762 0.399759 0.399784 0.399767 0.399817 0.399896 0.400026 0.400022 0.400235 0.000000 0.000000
0.000000 0.000000 0.404663 0.404735 0.404930 0.404891 0.404844 0.404657 0.404659 0.404614 0.404659 0.404644 0.404651 0.404661 0.404829 0.404867 0.404960 0.404770 0.404710 0.000000 0.000000
0.000000 0.000000 0.350000 0.350000 0.350000 0.350000 0.350000 0.350000 0.350000 0.350000 0.350000 0.350000 0.350000 0.350000 0.350000 0.350000 0.350000 0.350000 0.350000 0.000000 0.000000
0.000000 0.000000 0.000000 0.000000 0.000000 0.000000 0.000000 0.000000 0.000000 0.000000 0.000000 0.000000 0.000000 0.000000 0.000000 0.000000 0.000000 0.000000 0.000000 0.000000 0.000000