geotop/1.0zi/1.0Montebello/Templates/testdem/maps/_Eocsilt6953.asc
ncols         21
nrows         20
xllcorner     100.000000
yllcorner     100.000000
cellsize      50.000000
NODATA_value  -9999.0
0.000000 0.000000 0.000000 0.000000 0.000000 0.000000 0.000000 0.000000 0.000000 0.000000 0.000000 0.000000 0.000000 0.000000 0.000000 0.000000 0.000000 0.000000 0.000000 0.000000 0.000000
0.000000 0.000000 0.350139 0.350139 0.350139 0.350140 0.350139 0.350140 0.350140 0.350139 0.350140 0.350139 0.350139 0.350139 0.350139 0.350139 0.350140 0.350140 0.350139 0.000000 0.000000
0.000000 0.000000 0.350003 0.350003 0.350003 0.350003 0.350003 0.350003 0.350003 0.350003 0.350003 0.350003 0.350004 0.350004 0.350003 0.350003 0.350001 0.350001 0.350003 0.000000 0.000000
0.000000 0.000000 0.350060 0.350057 0.350056 0.350050 0.350051 0.350049 0.350051 0.350052 0.350050 0.350050 0.350050 0.350050 0.350052 0.350055 0.350058 0.350059 0.350059 0.000000 0.000000
0.000000 0.000000 0.350728 0.350734 0.350730 0.350722 0.350718 0.350711 0.350709 0.350707 0.350707 0.350710 0.350710 0.350711 0.350721 0.350725 0.350724 0.350731 0.350736 0.000000 0.000000
0.000000 0.000000 0.352745 0.352747 0.352738 0.352725 0.352709 0.352690 0.352690 0.352684 0.352689 0.352691 0.352691 0.352689 0.352698 0.352708 0.352717 0.352722 0.352728 0.000000 0.000000
0.000000 0.000000 0.355747 0.355744 0.355735 0.355713 0.355686 0.355658 0.355660 0.355656 0.355658 0.355657 0.355654 0.355658 0.355680 0.355703 0.355716 0.355729 0.355736 0.000000 0.000000
0.000000 0.000000 0.359353 0.359352 0.359348 0.359325 0.359300 0.359269 0.359269 0.359266 0.359265 0.359264 0.359262 0.359266 0.359292 0.359315 0.359336 0.359340 0.359352 0.000000 0.000000
0.000000 0.000000 0.363169 0.363162 0.363150 0.363135 0.363109 0.363074 0.363076 0.363068 0.363066 0.363065 0.363066 0.363064 0.363098 0.363126 0.363142 0.363150 0.363160 0.000000 0.000000
0.000000 0.000000 0.367083 0.367076 0.367070 0.367057 0.367020 0.366990 0.366991 0.366986 0.366982 0.366985 0.366989 0.366986 0.367013 0.367045 0.367063 0.367068 0.367075 0.000000 0.000000
0.000000 0.000000 0.371190 0.371186 0.371180 0.371150 0.371126 0.371091 0.371099 0.371080 0.371082 0.371083 0.371076 0.371087 0.371110 0.371130 0.371152 0.371163 0.371181 0.000000 0.000000
0.000000 0.000000 0.375607 0.375596 0.375583 0.375563 0.375538 0.375494 0.375494 0.375486 0.375497 0.375484 0.375487 0.375490 0.375531 0.375553 0.375568 0.375576 0.375617 0.000000 0.000000
0.000000 0.000000 0.380242 0.380231 0.380225 0.380200 0.380178 0.380080 0.380078 0.380071 0.380048 0.380060 0.380066 0.380075 0.380148 0.380170 0.380206 0.380209 0.380236 0.000000 0.000000
0.000000 0.000000 0.385433 0.385428 0.385410 0.385392 0.385285 0.385273 0.385250 0.385249 0.385249 0.385247 0.385245 0.385241 0.385244 0.385356 0.385382 0.385410 0.385440 0.000000 0.000000
0.000000 0.000000 0.391320 0.391312 0.391287 0.391163 0.391145 0.391084 0.391048 0.391041 0.391021 0.391004 0.391018 0.391012 0.391067 0.391098 0.391264 0.391246 0.391259 0.000000 0.000000
0.000000 0.000000 0.397700 0.397690 0.397518 0.397522 0.397515 0.397479 0.397528 0.397506 0.397531 0.397514 0.397491 0.397531 0.397551 0.397562 0.397499 0.397725 0.397726 0.000000 0.000000
0.000000 0.000000 0.405361 0.405106 0.405082 0.405003 0.404877 0.404835 0.404794 0.404800 0.404737 0.404738 0.404769 0.404745 0.404805 0.404901 0.405067 0.405035 0.405297 0.000000 0.000000
0.000000 0.000000 0.410000 0.410124 0.410363 0.410326 0.410282 0.410054 0.410062 0.410005 0.410072 0.410055 0.410058 0.410075 0.410277 0.410311 0.410402 0.410176 0.410063 0.000000 0.000000
0.000000 0.000000 0.350000 0.350000 0.350000 0.350000 0.350000 0.350000 0.350000 0.350000 0.350000 0.350000 0.350000 0.350000 0.350000 0.350000 0.350000 0.350000 0.350000 0.000000 0.000000
0.000000 0.000000 0.000000 0.000000 0.000000 0.000000 0.000000 0.000000 0.000000 0.000000 0.000000 0.000000 0.000000 0.000000 0.000000 0.000000 0.000000 0.000000 0.000000 0.000000 0.000000