geotop/1.0zi/1.0Montebello/Templates/testdem/maps/_Eocclay3496.asc
ncols         21
nrows         20
xllcorner     100.000000
yllcorner     100.000000
cellsize      50.000000
NODATA_value  -9999.0
0.000000 0.000000 0.000000 0.000000 0.000000 0.000000 0.000000 0.000000 0.000000 0.000000 0.000000 0.000000 0.000000 0.000000 0.000000 0.000000 0.000000 0.000000 0.000000 0.000000 0.000000
0.000000 0.000000 0.349814 0.349814 0.349814 0.349814 0.349814 0.349814 0.349814 0.349814 0.349813 0.349814 0.349814 0.349814 0.349814 0.349814 0.349814 0.349814 0.349814 0.000000 0.000000
0.000000 0.000000 0.349996 0.349996 0.349995 0.349996 0.349996 0.349996 0.349996 0.349996 0.349996 0.349996 0.349996 0.349996 0.349996 0.349996 0.349995 0.349996 0.349996 0.000000 0.000000
0.000000 0.000000 0.351302 0.351302 0.351299 0.351300 0.351301 0.351301 0.351301 0.351302 0.351302 0.351302 0.351301 0.351301 0.351301 0.351300 0.351299 0.351302 0.351302 0.000000 0.000000
0.000000 0.000000 0.356684 0.356684 0.356682 0.356682 0.356686 0.356684 0.356684 0.356685 0.356686 0.356685 0.356684 0.356684 0.356686 0.356682 0.356682 0.356684 0.356684 0.000000 0.000000
0.000000 0.000000 0.362631 0.362631 0.362629 0.362629 0.362632 0.362631 0.362631 0.362631 0.362632 0.362631 0.362631 0.362631 0.362632 0.362629 0.362629 0.362631 0.362631 0.000000 0.000000
0.000000 0.000000 0.368208 0.368208 0.368206 0.368207 0.368209 0.368208 0.368208 0.368208 0.368209 0.368208 0.368208 0.368208 0.368209 0.368207 0.368206 0.368208 0.368208 0.000000 0.000000
0.000000 0.000000 0.373280 0.373280 0.373279 0.373279 0.373281 0.373280 0.373280 0.373280 0.373281 0.373280 0.373280 0.373280 0.373281 0.373279 0.373279 0.373280 0.373280 0.000000 0.000000
0.000000 0.000000 0.377964 0.377963 0.377962 0.377962 0.377964 0.377963 0.377963 0.377964 0.377964 0.377964 0.377963 0.377963 0.377964 0.377962 0.377962 0.377963 0.377964 0.000000 0.000000
0.000000 0.000000 0.382367 0.382367 0.382365 0.382366 0.382367 0.382366 0.382366 0.382367 0.382367 0.382367 0.382366 0.382366 0.382367 0.382366 0.382365 0.382367 0.382367 0.000000 0.000000
0.000000 0.000000 0.386546 0.386546 0.386545 0.386545 0.386546 0.386546 0.386546 0.386546 0.386547 0.386546 0.386546 0.386546 0.386546 0.386545 0.386545 0.386546 0.386546 0.000000 0.000000
0.000000 0.000000 0.390542 0.390542 0.390541 0.390541 0.390542 0.390542 0.390541 0.390542 0.390542 0.390542 0.390541 0.390542 0.390542 0.390541 0.390541 0.390542 0.390542 0.000000 0.000000
0.000000 0.000000 0.394384 0.394384 0.394383 0.394383 0.394385 0.394384 0.394384 0.394384 0.394385 0.394384 0.394384 0.394384 0.394385 0.394383 0.394383 0.394384 0.394384 0.000000 0.000000
0.000000 0.000000 0.398102 0.398102 0.398101 0.398101 0.398102 0.398102 0.398102 0.398102 0.398103 0.398102 0.398102 0.398102 0.398102 0.398101 0.398101 0.398102 0.398102 0.000000 0.000000
0.000000 0.000000 0.401706 0.401706 0.401705 0.401705 0.401707 0.401706 0.401706 0.401706 0.401707 0.401706 0.401706 0.401706 0.401707 0.401705 0.401705 0.401706 0.401706 0.000000 0.000000
0.000000 0.000000 0.405202 0.405202 0.405201 0.405201 0.405202 0.405202 0.405202 0.405202 0.405203 0.405202 0.405202 0.405202 0.405202 0.405201 0.405201 0.405202 0.405202 0.000000 0.000000
0.000000 0.000000 0.408603 0.408603 0.408602 0.408602 0.408603 0.408603 0.408603 0.408603 0.408604 0.408603 0.408603 0.408603 0.408603 0.408602 0.408602 0.408603 0.408603 0.000000 0.000000
0.000000 0.000000 0.411965 0.411966 0.411965 0.411965 0.411966 0.411965 0.411965 0.411966 0.411966 0.411966 0.411965 0.411965 0.411966 0.411965 0.411965 0.411966 0.411966 0.000000 0.000000
0.000000 0.000000 0.350000 0.350000 0.350000 0.350000 0.350000 0.350000 0.350000 0.350000 0.350000 0.350000 0.350000 0.350000 0.350000 0.350000 0.350000 0.350000 0.350000 0.000000 0.000000
0.000000 0.000000 0.000000 0.000000 0.000000 0.000000 0.000000 0.000000 0.000000 0.000000 0.000000 0.000000 0.000000 0.000000 0.000000 0.000000 0.000000 0.000000 0.000000 0.000000 0.000000