geotop/1.0zi/1.0Montebello/Templates/testdem/maps/_Eocclay7454.asc
ncols         21
nrows         20
xllcorner     100.000000
yllcorner     100.000000
cellsize      50.000000
NODATA_value  -9999.0
0.000000 0.000000 0.000000 0.000000 0.000000 0.000000 0.000000 0.000000 0.000000 0.000000 0.000000 0.000000 0.000000 0.000000 0.000000 0.000000 0.000000 0.000000 0.000000 0.000000 0.000000
0.000000 0.000000 0.349659 0.349661 0.349661 0.349660 0.349661 0.349661 0.349661 0.349661 0.349660 0.349661 0.349661 0.349661 0.349661 0.349661 0.349659 0.349659 0.349660 0.000000 0.000000
0.000000 0.000000 0.349986 0.349986 0.349986 0.349987 0.349986 0.349985 0.349986 0.349986 0.349985 0.349985 0.349986 0.349985 0.349986 0.349986 0.349987 0.349986 0.349984 0.000000 0.000000
0.000000 0.000000 0.350004 0.350009 0.350005 0.350005 0.350007 0.350004 0.350006 0.350004 0.350007 0.350005 0.350005 0.350003 0.350005 0.350007 0.350006 0.350010 0.350008 0.000000 0.000000
0.000000 0.000000 0.350950 0.350947 0.350944 0.350938 0.350923 0.350921 0.350918 0.350921 0.350917 0.350918 0.350914 0.350918 0.350928 0.350929 0.350937 0.350938 0.350945 0.000000 0.000000
0.000000 0.000000 0.353457 0.353455 0.353444 0.353418 0.353405 0.353382 0.353383 0.353377 0.353380 0.353380 0.353382 0.353383 0.353393 0.353412 0.353426 0.353440 0.353446 0.000000 0.000000
0.000000 0.000000 0.356932 0.356929 0.356921 0.356898 0.356870 0.356834 0.356833 0.356828 0.356829 0.356830 0.356829 0.356830 0.356861 0.356889 0.356904 0.356917 0.356924 0.000000 0.000000
0.000000 0.000000 0.361076 0.361074 0.361067 0.361039 0.361011 0.360973 0.360972 0.360969 0.360968 0.360965 0.360963 0.360971 0.361003 0.361028 0.361051 0.361060 0.361072 0.000000 0.000000
0.000000 0.000000 0.365419 0.365413 0.365401 0.365384 0.365354 0.365315 0.365318 0.365309 0.365306 0.365304 0.365305 0.365304 0.365343 0.365374 0.365393 0.365402 0.365411 0.000000 0.000000
0.000000 0.000000 0.369965 0.369957 0.369950 0.369934 0.369891 0.369856 0.369856 0.369852 0.369845 0.369848 0.369854 0.369851 0.369884 0.369920 0.369943 0.369950 0.369957 0.000000 0.000000
0.000000 0.000000 0.374850 0.374844 0.374836 0.374802 0.374771 0.374730 0.374739 0.374717 0.374719 0.374719 0.374711 0.374726 0.374755 0.374777 0.374805 0.374820 0.374839 0.000000 0.000000
0.000000 0.000000 0.380182 0.380169 0.380152 0.380129 0.380097 0.380046 0.380044 0.380037 0.380048 0.380030 0.380034 0.380038 0.380090 0.380117 0.380136 0.380147 0.380193 0.000000 0.000000
0.000000 0.000000 0.385866 0.385852 0.385845 0.385814 0.385786 0.385661 0.385660 0.385652 0.385620 0.385635 0.385643 0.385655 0.385750 0.385777 0.385825 0.385830 0.385857 0.000000 0.000000
0.000000 0.000000 0.392383 0.392378 0.392353 0.392331 0.392184 0.392181 0.392151 0.392151 0.392154 0.392148 0.392144 0.392140 0.392136 0.392289 0.392319 0.392360 0.392393 0.000000 0.000000
0.000000 0.000000 0.399931 0.399919 0.399887 0.399711 0.399704 0.399618 0.399571 0.399562 0.399532 0.399510 0.399529 0.399524 0.399608 0.399627 0.399863 0.399834 0.399844 0.000000 0.000000
0.000000 0.000000 0.408204 0.408191 0.407940 0.407976 0.407961 0.407923 0.408007 0.407977 0.408018 0.407994 0.407957 0.408019 0.408039 0.408052 0.407917 0.408264 0.408261 0.000000 0.000000
0.000000 0.000000 0.418454 0.418058 0.418080 0.417948 0.417749 0.417689 0.417605 0.417623 0.417516 0.417521 0.417578 0.417528 0.417626 0.417773 0.418064 0.417937 0.418344 0.000000 0.000000
0.000000 0.000000 0.423553 0.423852 0.424224 0.424196 0.424172 0.423825 0.423857 0.423764 0.423896 0.423865 0.423856 0.423897 0.424199 0.424216 0.424291 0.423967 0.423681 0.000000 0.000000
0.000000 0.000000 0.350000 0.350000 0.350000 0.350000 0.350000 0.350000 0.350000 0.350000 0.350000 0.350000 0.350000 0.350000 0.350000 0.350000 0.350000 0.350000 0.350000 0.000000 0.000000
0.000000 0.000000 0.000000 0.000000 0.000000 0.000000 0.000000 0.000000 0.000000 0.000000 0.000000 0.000000 0.000000 0.000000 0.000000 0.000000 0.000000 0.000000 0.000000 0.000000 0.000000