geotop/1.0zi/1.0Montebello/Templates/testdem/maps/_Eocsilt7553.asc
ncols         21
nrows         20
xllcorner     100.000000
yllcorner     100.000000
cellsize      50.000000
NODATA_value  -9999.0
0.000000 0.000000 0.000000 0.000000 0.000000 0.000000 0.000000 0.000000 0.000000 0.000000 0.000000 0.000000 0.000000 0.000000 0.000000 0.000000 0.000000 0.000000 0.000000 0.000000 0.000000
0.000000 0.000000 0.350153 0.350154 0.350154 0.350154 0.350154 0.350154 0.350154 0.350154 0.350154 0.350154 0.350154 0.350154 0.350154 0.350154 0.350154 0.350154 0.350154 0.000000 0.000000
0.000000 0.000000 0.350005 0.350004 0.350004 0.350004 0.350004 0.350004 0.350004 0.350004 0.350005 0.350005 0.350005 0.350005 0.350004 0.350004 0.350002 0.350003 0.350004 0.000000 0.000000
0.000000 0.000000 0.350103 0.350099 0.350097 0.350090 0.350093 0.350087 0.350090 0.350090 0.350087 0.350089 0.350089 0.350089 0.350092 0.350095 0.350098 0.350098 0.350099 0.000000 0.000000
0.000000 0.000000 0.350961 0.350967 0.350962 0.350952 0.350946 0.350939 0.350936 0.350935 0.350934 0.350935 0.350936 0.350937 0.350951 0.350955 0.350958 0.350967 0.350970 0.000000 0.000000
0.000000 0.000000 0.353353 0.353354 0.353345 0.353329 0.353311 0.353290 0.353289 0.353284 0.353287 0.353288 0.353289 0.353288 0.353300 0.353311 0.353323 0.353331 0.353336 0.000000 0.000000
0.000000 0.000000 0.356794 0.356791 0.356780 0.356755 0.356725 0.356694 0.356694 0.356691 0.356692 0.356690 0.356687 0.356692 0.356720 0.356745 0.356762 0.356776 0.356783 0.000000 0.000000
0.000000 0.000000 0.360891 0.360890 0.360884 0.360859 0.360830 0.360795 0.360794 0.360791 0.360789 0.360787 0.360785 0.360791 0.360822 0.360848 0.360873 0.360879 0.360890 0.000000 0.000000
0.000000 0.000000 0.365265 0.365257 0.365244 0.365227 0.365197 0.365156 0.365158 0.365150 0.365147 0.365146 0.365147 0.365146 0.365185 0.365217 0.365237 0.365247 0.365257 0.000000 0.000000
0.000000 0.000000 0.369814 0.369806 0.369799 0.369783 0.369741 0.369705 0.369706 0.369701 0.369695 0.369698 0.369703 0.369701 0.369734 0.369770 0.369792 0.369799 0.369806 0.000000 0.000000
0.000000 0.000000 0.374661 0.374656 0.374649 0.374613 0.374583 0.374543 0.374552 0.374530 0.374532 0.374532 0.374524 0.374538 0.374568 0.374590 0.374618 0.374633 0.374651 0.000000 0.000000
0.000000 0.000000 0.379962 0.379948 0.379932 0.379909 0.379877 0.379826 0.379824 0.379817 0.379828 0.379812 0.379816 0.379820 0.379872 0.379898 0.379917 0.379928 0.379974 0.000000 0.000000
0.000000 0.000000 0.385602 0.385588 0.385582 0.385551 0.385523 0.385399 0.385397 0.385390 0.385358 0.385373 0.385380 0.385392 0.385487 0.385514 0.385561 0.385567 0.385593 0.000000 0.000000
0.000000 0.000000 0.392063 0.392058 0.392034 0.392012 0.391867 0.391864 0.391834 0.391834 0.391838 0.391832 0.391828 0.391823 0.391820 0.391971 0.392001 0.392041 0.392073 0.000000 0.000000
0.000000 0.000000 0.399537 0.399525 0.399494 0.399319 0.399313 0.399227 0.399182 0.399173 0.399143 0.399121 0.399140 0.399135 0.399218 0.399236 0.399471 0.399442 0.399452 0.000000 0.000000
0.000000 0.000000 0.407709 0.407697 0.407449 0.407486 0.407470 0.407433 0.407515 0.407485 0.407526 0.407505 0.407467 0.407528 0.407548 0.407562 0.407427 0.407771 0.407767 0.000000 0.000000
0.000000 0.000000 0.417769 0.417382 0.417406 0.417276 0.417082 0.417023 0.416939 0.416957 0.416851 0.416857 0.416913 0.416863 0.416960 0.417104 0.417392 0.417264 0.417663 0.000000 0.000000
0.000000 0.000000 0.422723 0.423014 0.423371 0.423344 0.423321 0.422986 0.423018 0.422928 0.423057 0.423028 0.423017 0.423058 0.423349 0.423365 0.423435 0.423127 0.422848 0.000000 0.000000
0.000000 0.000000 0.350000 0.350000 0.350000 0.350000 0.350000 0.350000 0.350000 0.350000 0.350000 0.350000 0.350000 0.350000 0.350000 0.350000 0.350000 0.350000 0.350000 0.000000 0.000000
0.000000 0.000000 0.000000 0.000000 0.000000 0.000000 0.000000 0.000000 0.000000 0.000000 0.000000 0.000000 0.000000 0.000000 0.000000 0.000000 0.000000 0.000000 0.000000 0.000000 0.000000