geotop/1.0zi/1.0Montebello/Templates/testdem/maps/_Eocsand7984.asc
ncols         21
nrows         20
xllcorner     100.000000
yllcorner     100.000000
cellsize      50.000000
NODATA_value  -9999.0
0.000000 0.000000 0.000000 0.000000 0.000000 0.000000 0.000000 0.000000 0.000000 0.000000 0.000000 0.000000 0.000000 0.000000 0.000000 0.000000 0.000000 0.000000 0.000000 0.000000 0.000000
0.000000 0.000000 0.300204 0.300201 0.300201 0.300202 0.300201 0.300201 0.300201 0.300201 0.300202 0.300201 0.300201 0.300201 0.300201 0.300201 0.300202 0.300202 0.300202 0.000000 0.000000
0.000000 0.000000 0.300011 0.300012 0.300011 0.300010 0.300011 0.300012 0.300011 0.300011 0.300012 0.300012 0.300011 0.300011 0.300011 0.300011 0.300012 0.300013 0.300013 0.000000 0.000000
0.000000 0.000000 0.299894 0.299893 0.299898 0.299906 0.299901 0.299909 0.299904 0.299907 0.299907 0.299907 0.299907 0.299908 0.299903 0.299899 0.299896 0.299893 0.299893 0.000000 0.000000
0.000000 0.000000 0.297990 0.297988 0.297997 0.298012 0.298035 0.298044 0.298051 0.298049 0.298053 0.298053 0.298056 0.298050 0.298026 0.298020 0.298008 0.297996 0.297987 0.000000 0.000000
0.000000 0.000000 0.292555 0.292557 0.292580 0.292625 0.292659 0.292706 0.292706 0.292719 0.292711 0.292712 0.292708 0.292708 0.292685 0.292652 0.292623 0.292601 0.292590 0.000000 0.000000
0.000000 0.000000 0.284936 0.284945 0.284965 0.285016 0.285080 0.285152 0.285153 0.285163 0.285161 0.285162 0.285165 0.285159 0.285096 0.285039 0.285004 0.284977 0.284962 0.000000 0.000000
0.000000 0.000000 0.275915 0.275920 0.275936 0.275994 0.276055 0.276135 0.276136 0.276145 0.276147 0.276153 0.276157 0.276142 0.276073 0.276019 0.275967 0.275951 0.275927 0.000000 0.000000
0.000000 0.000000 0.266303 0.266320 0.266350 0.266388 0.266453 0.266539 0.266535 0.266554 0.266559 0.266563 0.266561 0.266563 0.266478 0.266410 0.266369 0.266349 0.266329 0.000000 0.000000
0.000000 0.000000 0.256181 0.256201 0.256217 0.256255 0.256349 0.256427 0.256426 0.256436 0.256449 0.256443 0.256431 0.256436 0.256365 0.256286 0.256238 0.256222 0.256207 0.000000 0.000000
0.000000 0.000000 0.245232 0.245246 0.245265 0.245345 0.245411 0.245502 0.245483 0.245532 0.245526 0.245528 0.245546 0.245513 0.245449 0.245399 0.245338 0.245305 0.245265 0.000000 0.000000
0.000000 0.000000 0.233133 0.233167 0.233206 0.233258 0.233331 0.233445 0.233453 0.233467 0.233441 0.233480 0.233470 0.233462 0.233345 0.233285 0.233243 0.233219 0.233117 0.000000 0.000000
0.000000 0.000000 0.220105 0.220138 0.220154 0.220229 0.220294 0.220585 0.220589 0.220607 0.220683 0.220644 0.220628 0.220600 0.220378 0.220317 0.220207 0.220194 0.220143 0.000000 0.000000
0.000000 0.000000 0.204927 0.204939 0.205001 0.205054 0.205413 0.205396 0.205471 0.205471 0.205452 0.205472 0.205482 0.205497 0.205522 0.205149 0.205085 0.204988 0.204916 0.000000 0.000000
0.000000 0.000000 0.187123 0.187158 0.187234 0.187686 0.187661 0.187886 0.187992 0.188017 0.188092 0.188147 0.188098 0.188108 0.187889 0.187885 0.187291 0.187376 0.187361 0.000000 0.000000
0.000000 0.000000 0.167579 0.167612 0.168260 0.168110 0.168157 0.168229 0.167996 0.168073 0.167952 0.168003 0.168105 0.167944 0.167921 0.167883 0.168320 0.167401 0.167414 0.000000 0.000000
0.000000 0.000000 0.143284 0.144310 0.144146 0.144523 0.145037 0.145188 0.145449 0.145390 0.145686 0.145663 0.145498 0.145655 0.145399 0.145019 0.144186 0.144675 0.143615 0.000000 0.000000
0.000000 0.000000 0.133522 0.132611 0.131715 0.131733 0.131718 0.132574 0.132450 0.132695 0.132310 0.132391 0.132442 0.132314 0.131591 0.131603 0.131554 0.132277 0.133169 0.000000 0.000000
0.000000 0.000000 0.300000 0.300000 0.300000 0.300000 0.300000 0.300000 0.300000 0.300000 0.300000 0.300000 0.300000 0.300000 0.300000 0.300000 0.300000 0.300000 0.300000 0.000000 0.000000
0.000000 0.000000 0.000000 0.000000 0.000000 0.000000 0.000000 0.000000 0.000000 0.000000 0.000000 0.000000 0.000000 0.000000 0.000000 0.000000 0.000000 0.000000 0.000000 0.000000 0.000000