geotop/1.0zi/1.0Montebello/Templates/testdem/maps/_Eocsand2864.asc
ncols         21
nrows         20
xllcorner     100.000000
yllcorner     100.000000
cellsize      50.000000
NODATA_value  -9999.0
0.000000 0.000000 0.000000 0.000000 0.000000 0.000000 0.000000 0.000000 0.000000 0.000000 0.000000 0.000000 0.000000 0.000000 0.000000 0.000000 0.000000 0.000000 0.000000 0.000000 0.000000
0.000000 0.000000 0.300084 0.300084 0.300084 0.300084 0.300084 0.300084 0.300084 0.300084 0.300086 0.300084 0.300084 0.300084 0.300084 0.300084 0.300084 0.300084 0.300084 0.000000 0.000000
0.000000 0.000000 0.300009 0.300010 0.300010 0.300009 0.300009 0.300009 0.300009 0.300009 0.300008 0.300009 0.300009 0.300009 0.300009 0.300009 0.300010 0.300010 0.300009 0.000000 0.000000
0.000000 0.000000 0.297987 0.297987 0.297992 0.297990 0.297986 0.297987 0.297987 0.297986 0.297986 0.297986 0.297987 0.297987 0.297986 0.297990 0.297992 0.297987 0.297987 0.000000 0.000000
0.000000 0.000000 0.289778 0.289780 0.289783 0.289783 0.289777 0.289779 0.289779 0.289776 0.289775 0.289776 0.289779 0.289779 0.289777 0.289783 0.289783 0.289780 0.289778 0.000000 0.000000
0.000000 0.000000 0.279940 0.279942 0.279945 0.279944 0.279939 0.279941 0.279941 0.279939 0.279938 0.279939 0.279941 0.279941 0.279939 0.279944 0.279945 0.279942 0.279940 0.000000 0.000000
0.000000 0.000000 0.270821 0.270822 0.270825 0.270824 0.270820 0.270822 0.270821 0.270820 0.270819 0.270820 0.270821 0.270822 0.270820 0.270824 0.270825 0.270822 0.270821 0.000000 0.000000
0.000000 0.000000 0.262516 0.262517 0.262519 0.262519 0.262515 0.262517 0.262516 0.262515 0.262514 0.262515 0.262516 0.262517 0.262515 0.262519 0.262519 0.262517 0.262516 0.000000 0.000000
0.000000 0.000000 0.254813 0.254814 0.254816 0.254815 0.254812 0.254814 0.254813 0.254812 0.254811 0.254812 0.254813 0.254814 0.254812 0.254815 0.254816 0.254814 0.254813 0.000000 0.000000
0.000000 0.000000 0.247530 0.247531 0.247533 0.247533 0.247530 0.247531 0.247531 0.247529 0.247529 0.247529 0.247531 0.247531 0.247530 0.247533 0.247533 0.247531 0.247530 0.000000 0.000000
0.000000 0.000000 0.240581 0.240582 0.240584 0.240584 0.240581 0.240582 0.240582 0.240581 0.240580 0.240581 0.240582 0.240582 0.240581 0.240584 0.240584 0.240582 0.240581 0.000000 0.000000
0.000000 0.000000 0.233898 0.233899 0.233901 0.233900 0.233898 0.233899 0.233898 0.233897 0.233897 0.233897 0.233898 0.233899 0.233898 0.233900 0.233901 0.233899 0.233898 0.000000 0.000000
0.000000 0.000000 0.227430 0.227431 0.227433 0.227432 0.227430 0.227431 0.227431 0.227429 0.227429 0.227429 0.227431 0.227431 0.227430 0.227432 0.227433 0.227431 0.227430 0.000000 0.000000
0.000000 0.000000 0.221135 0.221136 0.221138 0.221137 0.221135 0.221136 0.221136 0.221134 0.221134 0.221134 0.221136 0.221136 0.221135 0.221137 0.221138 0.221136 0.221135 0.000000 0.000000
0.000000 0.000000 0.214995 0.214996 0.214998 0.214997 0.214995 0.214996 0.214995 0.214994 0.214994 0.214994 0.214995 0.214996 0.214995 0.214997 0.214998 0.214996 0.214995 0.000000 0.000000
0.000000 0.000000 0.208998 0.208998 0.209000 0.209000 0.208997 0.208998 0.208998 0.208997 0.208996 0.208997 0.208998 0.208998 0.208997 0.209000 0.209000 0.208998 0.208998 0.000000 0.000000
0.000000 0.000000 0.203135 0.203136 0.203138 0.203137 0.203135 0.203136 0.203136 0.203135 0.203134 0.203135 0.203136 0.203136 0.203135 0.203137 0.203138 0.203136 0.203135 0.000000 0.000000
0.000000 0.000000 0.197305 0.197305 0.197307 0.197306 0.197304 0.197305 0.197305 0.197303 0.197303 0.197303 0.197305 0.197305 0.197304 0.197306 0.197307 0.197305 0.197304 0.000000 0.000000
0.000000 0.000000 0.300000 0.300000 0.300000 0.300000 0.300000 0.300000 0.300000 0.300000 0.300000 0.300000 0.300000 0.300000 0.300000 0.300000 0.300000 0.300000 0.300000 0.000000 0.000000
0.000000 0.000000 0.000000 0.000000 0.000000 0.000000 0.000000 0.000000 0.000000 0.000000 0.000000 0.000000 0.000000 0.000000 0.000000 0.000000 0.000000 0.000000 0.000000 0.000000 0.000000