geotop/1.0zi/1.0Montebello/Templates/testdem/maps/_Eocsand5475.asc
ncols         21
nrows         20
xllcorner     100.000000
yllcorner     100.000000
cellsize      50.000000
NODATA_value  -9999.0
0.000000 0.000000 0.000000 0.000000 0.000000 0.000000 0.000000 0.000000 0.000000 0.000000 0.000000 0.000000 0.000000 0.000000 0.000000 0.000000 0.000000 0.000000 0.000000 0.000000 0.000000
0.000000 0.000000 0.300137 0.300136 0.300136 0.300136 0.300136 0.300136 0.300136 0.300136 0.300136 0.300136 0.300136 0.300136 0.300136 0.300136 0.300136 0.300136 0.300137 0.000000 0.000000
0.000000 0.000000 0.300008 0.300008 0.300008 0.300007 0.300007 0.300008 0.300007 0.300007 0.300007 0.300008 0.300007 0.300007 0.300007 0.300008 0.300009 0.300009 0.300009 0.000000 0.000000
0.000000 0.000000 0.299975 0.299974 0.299977 0.299981 0.299978 0.299980 0.299978 0.299978 0.299978 0.299980 0.299980 0.299981 0.299977 0.299973 0.299975 0.299972 0.299974 0.000000 0.000000
0.000000 0.000000 0.299146 0.299143 0.299144 0.299152 0.299165 0.299174 0.299174 0.299173 0.299178 0.299174 0.299179 0.299179 0.299169 0.299168 0.299163 0.299152 0.299146 0.000000 0.000000
0.000000 0.000000 0.296294 0.296289 0.296297 0.296329 0.296344 0.296377 0.296380 0.296387 0.296379 0.296376 0.296373 0.296376 0.296368 0.296352 0.296339 0.296324 0.296315 0.000000 0.000000
0.000000 0.000000 0.291963 0.291967 0.291972 0.292005 0.292044 0.292093 0.292091 0.292097 0.292093 0.292090 0.292094 0.292093 0.292060 0.292025 0.292009 0.291991 0.291979 0.000000 0.000000
0.000000 0.000000 0.286691 0.286690 0.286690 0.286726 0.286764 0.286816 0.286815 0.286820 0.286819 0.286819 0.286824 0.286818 0.286781 0.286747 0.286719 0.286711 0.286694 0.000000 0.000000
0.000000 0.000000 0.281267 0.281275 0.281286 0.281306 0.281344 0.281399 0.281396 0.281406 0.281410 0.281407 0.281408 0.281413 0.281365 0.281327 0.281302 0.281294 0.281279 0.000000 0.000000
0.000000 0.000000 0.275825 0.275834 0.275837 0.275851 0.275905 0.275954 0.275950 0.275956 0.275963 0.275955 0.275950 0.275957 0.275919 0.275876 0.275850 0.275847 0.275836 0.000000 0.000000
0.000000 0.000000 0.270231 0.270237 0.270236 0.270274 0.270310 0.270364 0.270353 0.270378 0.270377 0.270373 0.270381 0.270369 0.270340 0.270313 0.270284 0.270268 0.270246 0.000000 0.000000
0.000000 0.000000 0.264386 0.264399 0.264411 0.264438 0.264469 0.264534 0.264530 0.264546 0.264530 0.264544 0.264543 0.264539 0.264485 0.264461 0.264441 0.264433 0.264373 0.000000 0.000000
0.000000 0.000000 0.258411 0.258423 0.258425 0.258456 0.258484 0.258610 0.258610 0.258621 0.258647 0.258632 0.258623 0.258615 0.258526 0.258503 0.258459 0.258455 0.258412 0.000000 0.000000
0.000000 0.000000 0.251964 0.251973 0.251986 0.252004 0.252123 0.252157 0.252185 0.252187 0.252197 0.252191 0.252191 0.252196 0.252183 0.252067 0.252028 0.251998 0.251954 0.000000 0.000000
0.000000 0.000000 0.244908 0.244915 0.244942 0.245061 0.245100 0.245173 0.245222 0.245228 0.245252 0.245264 0.245250 0.245263 0.245212 0.245155 0.244978 0.244992 0.244966 0.000000 0.000000
0.000000 0.000000 0.237472 0.237483 0.237634 0.237666 0.237677 0.237725 0.237698 0.237716 0.237705 0.237722 0.237740 0.237711 0.237686 0.237667 0.237672 0.237476 0.237470 0.000000 0.000000
0.000000 0.000000 0.229043 0.229249 0.229330 0.229391 0.229489 0.229543 0.229557 0.229561 0.229605 0.229612 0.229596 0.229604 0.229549 0.229476 0.229358 0.229299 0.229092 0.000000 0.000000
0.000000 0.000000 0.222753 0.222759 0.222578 0.222631 0.222716 0.222912 0.222918 0.222961 0.222937 0.222947 0.222935 0.222933 0.222755 0.222697 0.222559 0.222749 0.222729 0.000000 0.000000
0.000000 0.000000 0.300000 0.300000 0.300000 0.300000 0.300000 0.300000 0.300000 0.300000 0.300000 0.300000 0.300000 0.300000 0.300000 0.300000 0.300000 0.300000 0.300000 0.000000 0.000000
0.000000 0.000000 0.000000 0.000000 0.000000 0.000000 0.000000 0.000000 0.000000 0.000000 0.000000 0.000000 0.000000 0.000000 0.000000 0.000000 0.000000 0.000000 0.000000 0.000000 0.000000