geotop/1.0zi/1.0Montebello/Templates/testdem/maps/_Eocclay2042.asc
ncols         21
nrows         20
xllcorner     100.000000
yllcorner     100.000000
cellsize      50.000000
NODATA_value  -9999.0
0.000000 0.000000 0.000000 0.000000 0.000000 0.000000 0.000000 0.000000 0.000000 0.000000 0.000000 0.000000 0.000000 0.000000 0.000000 0.000000 0.000000 0.000000 0.000000 0.000000 0.000000
0.000000 0.000000 0.349894 0.349894 0.349894 0.349894 0.349894 0.349894 0.349894 0.349894 0.349894 0.349894 0.349894 0.349894 0.349894 0.349894 0.349894 0.349894 0.349894 0.000000 0.000000
0.000000 0.000000 0.349993 0.349993 0.349993 0.349993 0.349993 0.349993 0.349993 0.349993 0.349993 0.349993 0.349993 0.349993 0.349993 0.349993 0.349993 0.349993 0.349993 0.000000 0.000000
0.000000 0.000000 0.350662 0.350661 0.350659 0.350660 0.350662 0.350662 0.350661 0.350662 0.350662 0.350662 0.350661 0.350662 0.350662 0.350660 0.350659 0.350661 0.350662 0.000000 0.000000
0.000000 0.000000 0.353549 0.353548 0.353547 0.353547 0.353550 0.353549 0.353549 0.353551 0.353551 0.353551 0.353549 0.353549 0.353550 0.353547 0.353547 0.353548 0.353549 0.000000 0.000000
0.000000 0.000000 0.356913 0.356912 0.356911 0.356911 0.356914 0.356913 0.356913 0.356914 0.356914 0.356914 0.356913 0.356913 0.356914 0.356911 0.356911 0.356912 0.356913 0.000000 0.000000
0.000000 0.000000 0.360108 0.360108 0.360106 0.360106 0.360109 0.360108 0.360108 0.360109 0.360109 0.360109 0.360108 0.360108 0.360109 0.360106 0.360106 0.360108 0.360108 0.000000 0.000000
0.000000 0.000000 0.363051 0.363051 0.363050 0.363050 0.363052 0.363051 0.363051 0.363052 0.363052 0.363052 0.363051 0.363051 0.363052 0.363050 0.363050 0.363051 0.363051 0.000000 0.000000
0.000000 0.000000 0.365806 0.365805 0.365804 0.365804 0.365806 0.365806 0.365806 0.365806 0.365806 0.365806 0.365806 0.365806 0.365806 0.365804 0.365804 0.365805 0.365806 0.000000 0.000000
0.000000 0.000000 0.368437 0.368437 0.368435 0.368436 0.368437 0.368437 0.368437 0.368437 0.368438 0.368437 0.368437 0.368437 0.368437 0.368436 0.368435 0.368437 0.368437 0.000000 0.000000
0.000000 0.000000 0.370974 0.370974 0.370972 0.370973 0.370974 0.370974 0.370974 0.370974 0.370974 0.370974 0.370974 0.370974 0.370974 0.370973 0.370972 0.370974 0.370974 0.000000 0.000000
0.000000 0.000000 0.373439 0.373439 0.373438 0.373438 0.373440 0.373439 0.373439 0.373440 0.373440 0.373440 0.373439 0.373439 0.373440 0.373438 0.373438 0.373439 0.373439 0.000000 0.000000
0.000000 0.000000 0.375850 0.375850 0.375849 0.375849 0.375850 0.375850 0.375850 0.375851 0.375851 0.375851 0.375850 0.375850 0.375850 0.375849 0.375849 0.375850 0.375850 0.000000 0.000000
0.000000 0.000000 0.378212 0.378212 0.378210 0.378211 0.378212 0.378212 0.378212 0.378212 0.378213 0.378212 0.378212 0.378212 0.378212 0.378211 0.378210 0.378212 0.378212 0.000000 0.000000
0.000000 0.000000 0.380535 0.380535 0.380534 0.380534 0.380536 0.380535 0.380535 0.380536 0.380536 0.380536 0.380535 0.380535 0.380536 0.380534 0.380534 0.380535 0.380535 0.000000 0.000000
0.000000 0.000000 0.382826 0.382826 0.382824 0.382825 0.382826 0.382826 0.382826 0.382826 0.382826 0.382826 0.382826 0.382826 0.382826 0.382825 0.382824 0.382826 0.382826 0.000000 0.000000
0.000000 0.000000 0.385083 0.385083 0.385082 0.385082 0.385083 0.385083 0.385083 0.385084 0.385084 0.385084 0.385083 0.385083 0.385083 0.385082 0.385082 0.385083 0.385083 0.000000 0.000000
0.000000 0.000000 0.387342 0.387342 0.387341 0.387341 0.387342 0.387342 0.387342 0.387343 0.387343 0.387343 0.387342 0.387342 0.387342 0.387341 0.387341 0.387342 0.387342 0.000000 0.000000
0.000000 0.000000 0.350000 0.350000 0.350000 0.350000 0.350000 0.350000 0.350000 0.350000 0.350000 0.350000 0.350000 0.350000 0.350000 0.350000 0.350000 0.350000 0.350000 0.000000 0.000000
0.000000 0.000000 0.000000 0.000000 0.000000 0.000000 0.000000 0.000000 0.000000 0.000000 0.000000 0.000000 0.000000 0.000000 0.000000 0.000000 0.000000 0.000000 0.000000 0.000000 0.000000