geotop/1.0zi/1.0Montebello/Templates/testdem/maps/_Eocsilt182;.asc
ncols         21
nrows         20
xllcorner     100.000000
yllcorner     100.000000
cellsize      50.000000
NODATA_value  -9999.0
0.000000 0.000000 0.000000 0.000000 0.000000 0.000000 0.000000 0.000000 0.000000 0.000000 0.000000 0.000000 0.000000 0.000000 0.000000 0.000000 0.000000 0.000000 0.000000 0.000000 0.000000
0.000000 0.000000 0.350260 0.350260 0.350260 0.350261 0.350260 0.350260 0.350260 0.350260 0.350260 0.350260 0.350259 0.350260 0.350260 0.350260 0.350261 0.350261 0.350260 0.000000 0.000000
0.000000 0.000000 0.350016 0.350016 0.350016 0.350016 0.350017 0.350017 0.350017 0.350017 0.350017 0.350017 0.350018 0.350017 0.350016 0.350016 0.350014 0.350014 0.350016 0.000000 0.000000
0.000000 0.000000 0.350251 0.350249 0.350240 0.350235 0.350236 0.350225 0.350228 0.350228 0.350226 0.350230 0.350230 0.350233 0.350231 0.350235 0.350241 0.350246 0.350246 0.000000 0.000000
0.000000 0.000000 0.352272 0.352273 0.352259 0.352236 0.352222 0.352213 0.352212 0.352208 0.352204 0.352211 0.352216 0.352211 0.352226 0.352238 0.352246 0.352254 0.352259 0.000000 0.000000
0.000000 0.000000 0.357391 0.357381 0.357359 0.357323 0.357286 0.357252 0.357246 0.357238 0.357237 0.357239 0.357245 0.357239 0.357258 0.357290 0.357304 0.357319 0.357323 0.000000 0.000000
0.000000 0.000000 0.364530 0.364512 0.364485 0.364434 0.364384 0.364308 0.364303 0.364295 0.364294 0.364293 0.364290 0.364292 0.364346 0.364389 0.364416 0.364440 0.364445 0.000000 0.000000
0.000000 0.000000 0.373184 0.373163 0.373136 0.373069 0.373014 0.372943 0.372934 0.372924 0.372917 0.372917 0.372913 0.372920 0.372967 0.373018 0.373063 0.373075 0.373088 0.000000 0.000000
0.000000 0.000000 0.383201 0.383168 0.383125 0.383069 0.383003 0.382908 0.382902 0.382880 0.382877 0.382870 0.382873 0.382865 0.382941 0.383005 0.383041 0.383066 0.383077 0.000000 0.000000
0.000000 0.000000 0.395009 0.394961 0.394912 0.394856 0.394775 0.394675 0.394656 0.394642 0.394629 0.394634 0.394649 0.394640 0.394698 0.394785 0.394832 0.394858 0.394859 0.000000 0.000000
0.000000 0.000000 0.409402 0.409353 0.409316 0.409158 0.409127 0.408980 0.409005 0.408923 0.408947 0.408929 0.408893 0.408930 0.409008 0.409057 0.409128 0.409160 0.409218 0.000000 0.000000
0.000000 0.000000 0.427043 0.426943 0.426831 0.426781 0.426703 0.426513 0.426477 0.426485 0.426512 0.426449 0.426478 0.426449 0.426604 0.426705 0.426732 0.426767 0.426875 0.000000 0.000000
0.000000 0.000000 0.445279 0.445206 0.445203 0.445062 0.444973 0.444520 0.444480 0.444438 0.444265 0.444398 0.444391 0.444427 0.444747 0.444811 0.444989 0.445019 0.444972 0.000000 0.000000
0.000000 0.000000 0.460846 0.460834 0.460737 0.460694 0.460347 0.460540 0.460454 0.460450 0.460531 0.460455 0.460444 0.460393 0.460230 0.460616 0.460609 0.460701 0.460741 0.000000 0.000000
0.000000 0.000000 0.469247 0.469237 0.469187 0.469100 0.469005 0.469034 0.468996 0.468996 0.468999 0.468973 0.468979 0.468963 0.468935 0.469042 0.469133 0.469144 0.469157 0.000000 0.000000
0.000000 0.000000 0.474201 0.474190 0.474208 0.474037 0.474078 0.474006 0.473956 0.473956 0.473912 0.473901 0.473927 0.473912 0.473980 0.473943 0.474190 0.474068 0.474070 0.000000 0.000000
0.000000 0.000000 0.476869 0.476958 0.476836 0.476834 0.476899 0.476871 0.476923 0.476904 0.476933 0.476919 0.476896 0.476934 0.476941 0.476889 0.476822 0.476981 0.476876 0.000000 0.000000
0.000000 0.000000 0.479975 0.479826 0.479703 0.479651 0.479635 0.479680 0.479664 0.479685 0.479626 0.479630 0.479643 0.479632 0.479600 0.479608 0.479678 0.479761 0.479903 0.000000 0.000000
0.000000 0.000000 0.350000 0.350000 0.350000 0.350000 0.350000 0.350000 0.350000 0.350000 0.350000 0.350000 0.350000 0.350000 0.350000 0.350000 0.350000 0.350000 0.350000 0.000000 0.000000
0.000000 0.000000 0.000000 0.000000 0.000000 0.000000 0.000000 0.000000 0.000000 0.000000 0.000000 0.000000 0.000000 0.000000 0.000000 0.000000 0.000000 0.000000 0.000000 0.000000 0.000000