geotop/1.0zi/1.0Montebello/Templates/testdem/maps/_Eocsand1371.asc
ncols         21
nrows         20
xllcorner     100.000000
yllcorner     100.000000
cellsize      50.000000
NODATA_value  -9999.0
0.000000 0.000000 0.000000 0.000000 0.000000 0.000000 0.000000 0.000000 0.000000 0.000000 0.000000 0.000000 0.000000 0.000000 0.000000 0.000000 0.000000 0.000000 0.000000 0.000000 0.000000
0.000000 0.000000 0.300043 0.300043 0.300043 0.300043 0.300043 0.300043 0.300043 0.300043 0.300043 0.300043 0.300043 0.300043 0.300043 0.300043 0.300043 0.300043 0.300043 0.000000 0.000000
0.000000 0.000000 0.300006 0.300007 0.300007 0.300006 0.300007 0.300006 0.300006 0.300006 0.300006 0.300006 0.300006 0.300006 0.300007 0.300006 0.300007 0.300007 0.300006 0.000000 0.000000
0.000000 0.000000 0.298865 0.298865 0.298870 0.298868 0.298864 0.298865 0.298865 0.298864 0.298864 0.298864 0.298865 0.298865 0.298864 0.298868 0.298870 0.298865 0.298865 0.000000 0.000000
0.000000 0.000000 0.294918 0.294919 0.294924 0.294924 0.294917 0.294919 0.294919 0.294917 0.294917 0.294917 0.294919 0.294919 0.294917 0.294924 0.294924 0.294919 0.294918 0.000000 0.000000
0.000000 0.000000 0.290298 0.290299 0.290303 0.290302 0.290297 0.290299 0.290299 0.290297 0.290297 0.290297 0.290299 0.290299 0.290297 0.290302 0.290303 0.290299 0.290298 0.000000 0.000000
0.000000 0.000000 0.285964 0.285965 0.285969 0.285968 0.285964 0.285965 0.285965 0.285964 0.285964 0.285964 0.285965 0.285965 0.285964 0.285968 0.285969 0.285965 0.285964 0.000000 0.000000
0.000000 0.000000 0.281971 0.281972 0.281975 0.281974 0.281970 0.281971 0.281972 0.281971 0.281971 0.281971 0.281972 0.281971 0.281970 0.281974 0.281975 0.281972 0.281971 0.000000 0.000000
0.000000 0.000000 0.278225 0.278226 0.278229 0.278228 0.278225 0.278225 0.278226 0.278225 0.278225 0.278225 0.278226 0.278225 0.278225 0.278228 0.278229 0.278226 0.278225 0.000000 0.000000
0.000000 0.000000 0.274632 0.274633 0.274636 0.274635 0.274632 0.274633 0.274633 0.274632 0.274632 0.274632 0.274633 0.274633 0.274632 0.274635 0.274636 0.274633 0.274632 0.000000 0.000000
0.000000 0.000000 0.271156 0.271156 0.271159 0.271158 0.271155 0.271156 0.271156 0.271155 0.271155 0.271155 0.271156 0.271156 0.271155 0.271158 0.271159 0.271156 0.271156 0.000000 0.000000
0.000000 0.000000 0.267758 0.267759 0.267762 0.267761 0.267758 0.267759 0.267759 0.267758 0.267758 0.267758 0.267759 0.267759 0.267758 0.267761 0.267762 0.267759 0.267758 0.000000 0.000000
0.000000 0.000000 0.264418 0.264418 0.264421 0.264420 0.264417 0.264418 0.264418 0.264417 0.264417 0.264417 0.264418 0.264418 0.264417 0.264420 0.264421 0.264418 0.264418 0.000000 0.000000
0.000000 0.000000 0.261134 0.261135 0.261138 0.261137 0.261134 0.261134 0.261135 0.261134 0.261134 0.261134 0.261135 0.261134 0.261134 0.261137 0.261138 0.261135 0.261134 0.000000 0.000000
0.000000 0.000000 0.257893 0.257894 0.257897 0.257896 0.257893 0.257894 0.257894 0.257893 0.257893 0.257893 0.257894 0.257894 0.257893 0.257896 0.257897 0.257894 0.257893 0.000000 0.000000
0.000000 0.000000 0.254683 0.254683 0.254686 0.254685 0.254682 0.254683 0.254683 0.254683 0.254683 0.254683 0.254683 0.254683 0.254682 0.254685 0.254686 0.254683 0.254683 0.000000 0.000000
0.000000 0.000000 0.251506 0.251506 0.251509 0.251508 0.251506 0.251506 0.251506 0.251506 0.251506 0.251506 0.251506 0.251506 0.251506 0.251508 0.251509 0.251506 0.251506 0.000000 0.000000
0.000000 0.000000 0.248287 0.248287 0.248290 0.248289 0.248286 0.248287 0.248287 0.248286 0.248286 0.248286 0.248287 0.248287 0.248286 0.248289 0.248290 0.248287 0.248286 0.000000 0.000000
0.000000 0.000000 0.300000 0.300000 0.300000 0.300000 0.300000 0.300000 0.300000 0.300000 0.300000 0.300000 0.300000 0.300000 0.300000 0.300000 0.300000 0.300000 0.300000 0.000000 0.000000
0.000000 0.000000 0.000000 0.000000 0.000000 0.000000 0.000000 0.000000 0.000000 0.000000 0.000000 0.000000 0.000000 0.000000 0.000000 0.000000 0.000000 0.000000 0.000000 0.000000 0.000000