geotop/1.0zi/1.0Montebello/Templates/testdem/maps/_Eocsilt2154.asc
ncols         21
nrows         20
xllcorner     100.000000
yllcorner     100.000000
cellsize      50.000000
NODATA_value  -9999.0
0.000000 0.000000 0.000000 0.000000 0.000000 0.000000 0.000000 0.000000 0.000000 0.000000 0.000000 0.000000 0.000000 0.000000 0.000000 0.000000 0.000000 0.000000 0.000000 0.000000 0.000000
0.000000 0.000000 0.350050 0.350050 0.350050 0.350050 0.350050 0.350050 0.350050 0.350050 0.350050 0.350050 0.350050 0.350050 0.350050 0.350050 0.350050 0.350050 0.350050 0.000000 0.000000
0.000000 0.000000 0.349997 0.349997 0.349997 0.349997 0.349997 0.349997 0.349997 0.349997 0.349997 0.349997 0.349997 0.349997 0.349997 0.349997 0.349997 0.349997 0.349997 0.000000 0.000000
0.000000 0.000000 0.350703 0.350702 0.350700 0.350701 0.350703 0.350703 0.350703 0.350703 0.350703 0.350703 0.350703 0.350703 0.350703 0.350701 0.350700 0.350702 0.350703 0.000000 0.000000
0.000000 0.000000 0.353416 0.353416 0.353414 0.353414 0.353417 0.353416 0.353416 0.353417 0.353417 0.353417 0.353416 0.353416 0.353417 0.353414 0.353414 0.353416 0.353416 0.000000 0.000000
0.000000 0.000000 0.357004 0.357003 0.357002 0.357002 0.357004 0.357003 0.357003 0.357004 0.357004 0.357004 0.357003 0.357003 0.357004 0.357002 0.357002 0.357003 0.357004 0.000000 0.000000
0.000000 0.000000 0.360299 0.360298 0.360297 0.360297 0.360299 0.360298 0.360298 0.360299 0.360299 0.360299 0.360298 0.360298 0.360299 0.360297 0.360297 0.360298 0.360299 0.000000 0.000000
0.000000 0.000000 0.363313 0.363312 0.363311 0.363311 0.363313 0.363312 0.363312 0.363313 0.363313 0.363313 0.363312 0.363312 0.363313 0.363311 0.363311 0.363312 0.363313 0.000000 0.000000
0.000000 0.000000 0.366128 0.366128 0.366127 0.366127 0.366129 0.366128 0.366128 0.366129 0.366129 0.366129 0.366128 0.366128 0.366129 0.366127 0.366127 0.366128 0.366128 0.000000 0.000000
0.000000 0.000000 0.368814 0.368814 0.368812 0.368813 0.368814 0.368814 0.368814 0.368814 0.368814 0.368814 0.368814 0.368814 0.368814 0.368813 0.368812 0.368814 0.368814 0.000000 0.000000
0.000000 0.000000 0.371400 0.371400 0.371399 0.371399 0.371400 0.371400 0.371400 0.371400 0.371401 0.371400 0.371400 0.371400 0.371400 0.371399 0.371399 0.371400 0.371400 0.000000 0.000000
0.000000 0.000000 0.373910 0.373910 0.373909 0.373909 0.373910 0.373910 0.373910 0.373910 0.373911 0.373910 0.373910 0.373910 0.373910 0.373909 0.373909 0.373910 0.373910 0.000000 0.000000
0.000000 0.000000 0.376362 0.376361 0.376360 0.376361 0.376362 0.376361 0.376361 0.376362 0.376362 0.376362 0.376361 0.376361 0.376362 0.376361 0.376360 0.376361 0.376362 0.000000 0.000000
0.000000 0.000000 0.378761 0.378761 0.378760 0.378760 0.378761 0.378761 0.378761 0.378761 0.378762 0.378761 0.378761 0.378761 0.378761 0.378760 0.378760 0.378761 0.378761 0.000000 0.000000
0.000000 0.000000 0.381118 0.381118 0.381117 0.381117 0.381118 0.381118 0.381118 0.381118 0.381119 0.381118 0.381118 0.381118 0.381118 0.381117 0.381117 0.381118 0.381118 0.000000 0.000000
0.000000 0.000000 0.383437 0.383437 0.383436 0.383436 0.383438 0.383437 0.383437 0.383438 0.383438 0.383438 0.383437 0.383437 0.383438 0.383436 0.383436 0.383437 0.383437 0.000000 0.000000
0.000000 0.000000 0.385720 0.385720 0.385719 0.385719 0.385720 0.385720 0.385720 0.385720 0.385721 0.385720 0.385720 0.385720 0.385720 0.385719 0.385719 0.385720 0.385720 0.000000 0.000000
0.000000 0.000000 0.387997 0.387997 0.387996 0.387996 0.387997 0.387997 0.387997 0.387997 0.387998 0.387997 0.387997 0.387997 0.387997 0.387996 0.387996 0.387997 0.387997 0.000000 0.000000
0.000000 0.000000 0.350000 0.350000 0.350000 0.350000 0.350000 0.350000 0.350000 0.350000 0.350000 0.350000 0.350000 0.350000 0.350000 0.350000 0.350000 0.350000 0.350000 0.000000 0.000000
0.000000 0.000000 0.000000 0.000000 0.000000 0.000000 0.000000 0.000000 0.000000 0.000000 0.000000 0.000000 0.000000 0.000000 0.000000 0.000000 0.000000 0.000000 0.000000 0.000000 0.000000