geotop/1.0zi/1.0Montebello/Templates/testdem/maps/_Eocsilt1042.asc
ncols         21
nrows         20
xllcorner     100.000000
yllcorner     100.000000
cellsize      50.000000
NODATA_value  -9999.0
0.000000 0.000000 0.000000 0.000000 0.000000 0.000000 0.000000 0.000000 0.000000 0.000000 0.000000 0.000000 0.000000 0.000000 0.000000 0.000000 0.000000 0.000000 0.000000 0.000000 0.000000
0.000000 0.000000 0.350019 0.350019 0.350019 0.350019 0.350019 0.350019 0.350019 0.350019 0.350019 0.350019 0.350019 0.350019 0.350019 0.350019 0.350019 0.350019 0.350019 0.000000 0.000000
0.000000 0.000000 0.350001 0.350001 0.350001 0.350001 0.350001 0.350001 0.350001 0.350001 0.350001 0.350001 0.350001 0.350001 0.350001 0.350001 0.350001 0.350001 0.350001 0.000000 0.000000
0.000000 0.000000 0.350460 0.350459 0.350457 0.350458 0.350460 0.350460 0.350460 0.350460 0.350460 0.350460 0.350460 0.350460 0.350460 0.350458 0.350457 0.350459 0.350460 0.000000 0.000000
0.000000 0.000000 0.351957 0.351956 0.351954 0.351954 0.351957 0.351957 0.351957 0.351957 0.351957 0.351957 0.351957 0.351957 0.351957 0.351954 0.351954 0.351956 0.351957 0.000000 0.000000
0.000000 0.000000 0.353744 0.353743 0.353741 0.353741 0.353744 0.353743 0.353743 0.353744 0.353744 0.353744 0.353743 0.353743 0.353744 0.353741 0.353741 0.353743 0.353744 0.000000 0.000000
0.000000 0.000000 0.355386 0.355385 0.355384 0.355384 0.355386 0.355386 0.355386 0.355386 0.355386 0.355386 0.355386 0.355386 0.355386 0.355384 0.355384 0.355385 0.355386 0.000000 0.000000
0.000000 0.000000 0.356896 0.356895 0.356894 0.356894 0.356896 0.356896 0.356896 0.356896 0.356896 0.356896 0.356896 0.356896 0.356896 0.356894 0.356894 0.356895 0.356896 0.000000 0.000000
0.000000 0.000000 0.358312 0.358311 0.358310 0.358310 0.358312 0.358312 0.358311 0.358312 0.358312 0.358312 0.358311 0.358312 0.358312 0.358310 0.358310 0.358311 0.358312 0.000000 0.000000
0.000000 0.000000 0.359670 0.359670 0.359668 0.359669 0.359670 0.359670 0.359670 0.359670 0.359670 0.359670 0.359670 0.359670 0.359670 0.359669 0.359668 0.359670 0.359670 0.000000 0.000000
0.000000 0.000000 0.360984 0.360984 0.360983 0.360983 0.360984 0.360984 0.360984 0.360984 0.360984 0.360984 0.360984 0.360984 0.360984 0.360983 0.360983 0.360984 0.360984 0.000000 0.000000
0.000000 0.000000 0.362269 0.362268 0.362267 0.362267 0.362269 0.362269 0.362269 0.362269 0.362269 0.362269 0.362269 0.362269 0.362269 0.362267 0.362267 0.362268 0.362269 0.000000 0.000000
0.000000 0.000000 0.363533 0.363532 0.363531 0.363531 0.363533 0.363533 0.363533 0.363533 0.363533 0.363533 0.363533 0.363533 0.363533 0.363531 0.363531 0.363532 0.363533 0.000000 0.000000
0.000000 0.000000 0.364776 0.364776 0.364775 0.364775 0.364776 0.364776 0.364776 0.364777 0.364777 0.364777 0.364776 0.364776 0.364776 0.364775 0.364775 0.364776 0.364776 0.000000 0.000000
0.000000 0.000000 0.366007 0.366006 0.366005 0.366005 0.366007 0.366007 0.366007 0.366007 0.366007 0.366007 0.366007 0.366007 0.366007 0.366005 0.366005 0.366006 0.366007 0.000000 0.000000
0.000000 0.000000 0.367228 0.367228 0.367226 0.367227 0.367228 0.367228 0.367228 0.367228 0.367228 0.367228 0.367228 0.367228 0.367228 0.367227 0.367226 0.367228 0.367228 0.000000 0.000000
0.000000 0.000000 0.368436 0.368436 0.368435 0.368435 0.368436 0.368436 0.368436 0.368436 0.368436 0.368436 0.368436 0.368436 0.368436 0.368435 0.368435 0.368436 0.368436 0.000000 0.000000
0.000000 0.000000 0.369669 0.369669 0.369668 0.369668 0.369670 0.369670 0.369670 0.369670 0.369670 0.369670 0.369670 0.369670 0.369670 0.369668 0.369668 0.369669 0.369670 0.000000 0.000000
0.000000 0.000000 0.350000 0.350000 0.350000 0.350000 0.350000 0.350000 0.350000 0.350000 0.350000 0.350000 0.350000 0.350000 0.350000 0.350000 0.350000 0.350000 0.350000 0.000000 0.000000
0.000000 0.000000 0.000000 0.000000 0.000000 0.000000 0.000000 0.000000 0.000000 0.000000 0.000000 0.000000 0.000000 0.000000 0.000000 0.000000 0.000000 0.000000 0.000000 0.000000 0.000000