geotop/1.0zi/1.0Montebello/Templates/testdem/maps/_Eocclay3520.asc
ncols         21
nrows         20
xllcorner     100.000000
yllcorner     100.000000
cellsize      50.000000
NODATA_value  -9999.0
0.000000 0.000000 0.000000 0.000000 0.000000 0.000000 0.000000 0.000000 0.000000 0.000000 0.000000 0.000000 0.000000 0.000000 0.000000 0.000000 0.000000 0.000000 0.000000 0.000000 0.000000
0.000000 0.000000 0.349813 0.349813 0.349814 0.349813 0.349814 0.349813 0.349813 0.349814 0.349813 0.349814 0.349813 0.349813 0.349814 0.349813 0.349814 0.349813 0.349813 0.000000 0.000000
0.000000 0.000000 0.349996 0.349996 0.349996 0.349996 0.349996 0.349996 0.349996 0.349996 0.349997 0.349996 0.349996 0.349996 0.349996 0.349996 0.349996 0.349996 0.349996 0.000000 0.000000
0.000000 0.000000 0.351305 0.351305 0.351303 0.351303 0.351304 0.351305 0.351304 0.351305 0.351305 0.351305 0.351304 0.351305 0.351304 0.351303 0.351303 0.351305 0.351305 0.000000 0.000000
0.000000 0.000000 0.356719 0.356718 0.356716 0.356717 0.356720 0.356718 0.356718 0.356720 0.356720 0.356720 0.356718 0.356718 0.356720 0.356717 0.356716 0.356718 0.356719 0.000000 0.000000
0.000000 0.000000 0.362708 0.362707 0.362705 0.362706 0.362708 0.362707 0.362707 0.362708 0.362708 0.362708 0.362707 0.362707 0.362708 0.362706 0.362705 0.362707 0.362708 0.000000 0.000000
0.000000 0.000000 0.368320 0.368320 0.368318 0.368319 0.368321 0.368320 0.368320 0.368320 0.368321 0.368320 0.368320 0.368320 0.368321 0.368319 0.368318 0.368320 0.368320 0.000000 0.000000
0.000000 0.000000 0.373424 0.373424 0.373422 0.373423 0.373424 0.373423 0.373423 0.373424 0.373425 0.373424 0.373423 0.373423 0.373424 0.373423 0.373422 0.373424 0.373424 0.000000 0.000000
0.000000 0.000000 0.378136 0.378135 0.378134 0.378134 0.378136 0.378135 0.378135 0.378136 0.378136 0.378136 0.378135 0.378135 0.378136 0.378134 0.378134 0.378135 0.378136 0.000000 0.000000
0.000000 0.000000 0.382565 0.382565 0.382563 0.382564 0.382565 0.382564 0.382564 0.382565 0.382565 0.382565 0.382564 0.382564 0.382565 0.382564 0.382563 0.382565 0.382565 0.000000 0.000000
0.000000 0.000000 0.386768 0.386768 0.386766 0.386767 0.386768 0.386767 0.386767 0.386768 0.386768 0.386768 0.386767 0.386767 0.386768 0.386767 0.386766 0.386768 0.386768 0.000000 0.000000
0.000000 0.000000 0.390786 0.390786 0.390785 0.390785 0.390786 0.390786 0.390786 0.390786 0.390787 0.390786 0.390786 0.390786 0.390786 0.390785 0.390785 0.390786 0.390786 0.000000 0.000000
0.000000 0.000000 0.394649 0.394649 0.394648 0.394648 0.394650 0.394649 0.394649 0.394649 0.394650 0.394649 0.394649 0.394649 0.394650 0.394648 0.394648 0.394649 0.394649 0.000000 0.000000
0.000000 0.000000 0.398387 0.398386 0.398385 0.398386 0.398387 0.398386 0.398386 0.398387 0.398387 0.398387 0.398386 0.398386 0.398387 0.398386 0.398385 0.398386 0.398387 0.000000 0.000000
0.000000 0.000000 0.402009 0.402009 0.402008 0.402008 0.402009 0.402009 0.402009 0.402009 0.402009 0.402009 0.402009 0.402009 0.402009 0.402008 0.402008 0.402009 0.402009 0.000000 0.000000
0.000000 0.000000 0.405521 0.405521 0.405520 0.405520 0.405522 0.405521 0.405521 0.405521 0.405522 0.405521 0.405521 0.405521 0.405522 0.405520 0.405520 0.405521 0.405521 0.000000 0.000000
0.000000 0.000000 0.408937 0.408937 0.408936 0.408936 0.408937 0.408937 0.408937 0.408937 0.408938 0.408937 0.408937 0.408937 0.408937 0.408936 0.408936 0.408937 0.408937 0.000000 0.000000
0.000000 0.000000 0.412311 0.412311 0.412310 0.412311 0.412312 0.412311 0.412311 0.412312 0.412312 0.412312 0.412311 0.412311 0.412312 0.412311 0.412310 0.412311 0.412312 0.000000 0.000000
0.000000 0.000000 0.350000 0.350000 0.350000 0.350000 0.350000 0.350000 0.350000 0.350000 0.350000 0.350000 0.350000 0.350000 0.350000 0.350000 0.350000 0.350000 0.350000 0.000000 0.000000
0.000000 0.000000 0.000000 0.000000 0.000000 0.000000 0.000000 0.000000 0.000000 0.000000 0.000000 0.000000 0.000000 0.000000 0.000000 0.000000 0.000000 0.000000 0.000000 0.000000 0.000000