geotop/1.0zi/1.0Montebello/Templates/testdem/maps/_Eocsand3044.asc
ncols         21
nrows         20
xllcorner     100.000000
yllcorner     100.000000
cellsize      50.000000
NODATA_value  -9999.0
0.000000 0.000000 0.000000 0.000000 0.000000 0.000000 0.000000 0.000000 0.000000 0.000000 0.000000 0.000000 0.000000 0.000000 0.000000 0.000000 0.000000 0.000000 0.000000 0.000000 0.000000
0.000000 0.000000 0.300086 0.300086 0.300086 0.300086 0.300086 0.300086 0.300086 0.300086 0.300087 0.300086 0.300086 0.300086 0.300086 0.300086 0.300086 0.300086 0.300086 0.000000 0.000000
0.000000 0.000000 0.300009 0.300009 0.300010 0.300009 0.300009 0.300009 0.300009 0.300009 0.300008 0.300009 0.300009 0.300009 0.300009 0.300009 0.300010 0.300009 0.300009 0.000000 0.000000
0.000000 0.000000 0.297588 0.297589 0.297593 0.297591 0.297588 0.297588 0.297589 0.297588 0.297587 0.297588 0.297589 0.297588 0.297588 0.297591 0.297593 0.297589 0.297588 0.000000 0.000000
0.000000 0.000000 0.288430 0.288431 0.288435 0.288435 0.288429 0.288431 0.288430 0.288428 0.288427 0.288428 0.288430 0.288431 0.288429 0.288435 0.288435 0.288431 0.288430 0.000000 0.000000
0.000000 0.000000 0.277762 0.277763 0.277766 0.277766 0.277761 0.277762 0.277762 0.277760 0.277759 0.277760 0.277762 0.277762 0.277761 0.277766 0.277766 0.277763 0.277762 0.000000 0.000000
0.000000 0.000000 0.267938 0.267939 0.267942 0.267941 0.267937 0.267939 0.267939 0.267937 0.267936 0.267937 0.267939 0.267939 0.267937 0.267941 0.267942 0.267939 0.267938 0.000000 0.000000
0.000000 0.000000 0.259021 0.259022 0.259025 0.259024 0.259021 0.259022 0.259022 0.259020 0.259019 0.259020 0.259022 0.259022 0.259021 0.259024 0.259025 0.259022 0.259021 0.000000 0.000000
0.000000 0.000000 0.250774 0.250775 0.250777 0.250777 0.250773 0.250775 0.250774 0.250773 0.250772 0.250773 0.250774 0.250775 0.250773 0.250777 0.250777 0.250775 0.250774 0.000000 0.000000
0.000000 0.000000 0.243000 0.243001 0.243003 0.243002 0.243000 0.243001 0.243000 0.242999 0.242998 0.242999 0.243000 0.243001 0.243000 0.243002 0.243003 0.243001 0.243000 0.000000 0.000000
0.000000 0.000000 0.235606 0.235606 0.235609 0.235608 0.235605 0.235606 0.235606 0.235605 0.235604 0.235605 0.235606 0.235606 0.235605 0.235608 0.235609 0.235606 0.235606 0.000000 0.000000
0.000000 0.000000 0.228519 0.228520 0.228522 0.228521 0.228519 0.228520 0.228520 0.228518 0.228518 0.228518 0.228520 0.228520 0.228519 0.228521 0.228522 0.228520 0.228519 0.000000 0.000000
0.000000 0.000000 0.221685 0.221685 0.221687 0.221687 0.221684 0.221685 0.221685 0.221684 0.221683 0.221684 0.221685 0.221685 0.221684 0.221687 0.221687 0.221685 0.221685 0.000000 0.000000
0.000000 0.000000 0.215047 0.215048 0.215050 0.215049 0.215047 0.215048 0.215047 0.215046 0.215045 0.215046 0.215047 0.215048 0.215047 0.215049 0.215050 0.215048 0.215047 0.000000 0.000000
0.000000 0.000000 0.208595 0.208596 0.208598 0.208597 0.208595 0.208596 0.208596 0.208595 0.208594 0.208595 0.208596 0.208596 0.208595 0.208597 0.208598 0.208596 0.208595 0.000000 0.000000
0.000000 0.000000 0.202316 0.202316 0.202319 0.202318 0.202316 0.202316 0.202316 0.202315 0.202314 0.202315 0.202316 0.202316 0.202316 0.202318 0.202319 0.202316 0.202316 0.000000 0.000000
0.000000 0.000000 0.196190 0.196190 0.196193 0.196192 0.196190 0.196190 0.196190 0.196189 0.196189 0.196189 0.196190 0.196190 0.196190 0.196192 0.196193 0.196190 0.196190 0.000000 0.000000
0.000000 0.000000 0.190084 0.190083 0.190085 0.190084 0.190082 0.190083 0.190083 0.190082 0.190081 0.190082 0.190083 0.190083 0.190082 0.190084 0.190085 0.190083 0.190083 0.000000 0.000000
0.000000 0.000000 0.300000 0.300000 0.300000 0.300000 0.300000 0.300000 0.300000 0.300000 0.300000 0.300000 0.300000 0.300000 0.300000 0.300000 0.300000 0.300000 0.300000 0.000000 0.000000
0.000000 0.000000 0.000000 0.000000 0.000000 0.000000 0.000000 0.000000 0.000000 0.000000 0.000000 0.000000 0.000000 0.000000 0.000000 0.000000 0.000000 0.000000 0.000000 0.000000 0.000000