geotop/1.0zi/1.0Montebello/Templates/testdem/maps/_Eocsand8717.asc
ncols         21
nrows         20
xllcorner     100.000000
yllcorner     100.000000
cellsize      50.000000
NODATA_value  -9999.0
0.000000 0.000000 0.000000 0.000000 0.000000 0.000000 0.000000 0.000000 0.000000 0.000000 0.000000 0.000000 0.000000 0.000000 0.000000 0.000000 0.000000 0.000000 0.000000 0.000000 0.000000
0.000000 0.000000 0.300221 0.300219 0.300219 0.300219 0.300218 0.300218 0.300218 0.300218 0.300219 0.300218 0.300218 0.300218 0.300218 0.300218 0.300220 0.300219 0.300219 0.000000 0.000000
0.000000 0.000000 0.300012 0.300013 0.300013 0.300012 0.300013 0.300013 0.300013 0.300013 0.300013 0.300013 0.300012 0.300013 0.300013 0.300013 0.300014 0.300014 0.300015 0.000000 0.000000
0.000000 0.000000 0.299856 0.299855 0.299861 0.299871 0.299869 0.299873 0.299868 0.299869 0.299869 0.299869 0.299868 0.299871 0.299865 0.299859 0.299856 0.299855 0.299855 0.000000 0.000000
0.000000 0.000000 0.297629 0.297631 0.297646 0.297666 0.297693 0.297698 0.297702 0.297703 0.297704 0.297700 0.297697 0.297697 0.297675 0.297668 0.297654 0.297643 0.297630 0.000000 0.000000
0.000000 0.000000 0.291333 0.291339 0.291368 0.291421 0.291462 0.291505 0.291505 0.291518 0.291508 0.291507 0.291498 0.291502 0.291475 0.291441 0.291410 0.291391 0.291376 0.000000 0.000000
0.000000 0.000000 0.282602 0.282617 0.282638 0.282697 0.282770 0.282847 0.282846 0.282855 0.282853 0.282851 0.282853 0.282848 0.282777 0.282717 0.282680 0.282652 0.282636 0.000000 0.000000
0.000000 0.000000 0.272269 0.272281 0.272298 0.272366 0.272434 0.272518 0.272518 0.272530 0.272530 0.272534 0.272538 0.272522 0.272446 0.272389 0.272331 0.272317 0.272288 0.000000 0.000000
0.000000 0.000000 0.261109 0.261134 0.261167 0.261213 0.261291 0.261381 0.261375 0.261395 0.261399 0.261402 0.261398 0.261402 0.261308 0.261233 0.261188 0.261166 0.261142 0.000000 0.000000
0.000000 0.000000 0.249139 0.249167 0.249187 0.249233 0.249344 0.249425 0.249425 0.249434 0.249447 0.249437 0.249424 0.249430 0.249350 0.249261 0.249207 0.249189 0.249172 0.000000 0.000000
0.000000 0.000000 0.235930 0.235947 0.235969 0.236076 0.236149 0.236254 0.236224 0.236287 0.236272 0.236278 0.236297 0.236261 0.236181 0.236129 0.236055 0.236020 0.235969 0.000000 0.000000
0.000000 0.000000 0.221017 0.221067 0.221115 0.221173 0.221272 0.221394 0.221408 0.221415 0.221385 0.221433 0.221410 0.221411 0.221268 0.221192 0.221147 0.221120 0.220999 0.000000 0.000000
0.000000 0.000000 0.204631 0.204681 0.204688 0.204799 0.204874 0.205242 0.205249 0.205264 0.205373 0.205306 0.205289 0.205256 0.204967 0.204897 0.204751 0.204743 0.204688 0.000000 0.000000
0.000000 0.000000 0.184980 0.184994 0.185081 0.185153 0.185657 0.185563 0.185663 0.185658 0.185609 0.185653 0.185661 0.185702 0.185778 0.185248 0.185189 0.185053 0.184961 0.000000 0.000000
0.000000 0.000000 0.161591 0.161649 0.161751 0.162415 0.162291 0.162622 0.162754 0.162785 0.162904 0.162971 0.162894 0.162906 0.162569 0.162668 0.161798 0.161961 0.161958 0.000000 0.000000
0.000000 0.000000 0.136501 0.136546 0.137479 0.137132 0.137240 0.137262 0.136884 0.136989 0.136781 0.136832 0.136994 0.136766 0.136797 0.136719 0.137551 0.136164 0.136181 0.000000 0.000000
0.000000 0.000000 0.107048 0.108372 0.107963 0.108531 0.109193 0.109385 0.109805 0.109703 0.110128 0.110077 0.109825 0.110088 0.109731 0.109241 0.107998 0.108926 0.107543 0.000000 0.000000
0.000000 0.000000 0.098669 0.097508 0.096544 0.096538 0.096464 0.097410 0.097225 0.097510 0.097023 0.097118 0.097199 0.097035 0.096247 0.096302 0.096359 0.097079 0.098224 0.000000 0.000000
0.000000 0.000000 0.300000 0.300000 0.300000 0.300000 0.300000 0.300000 0.300000 0.300000 0.300000 0.300000 0.300000 0.300000 0.300000 0.300000 0.300000 0.300000 0.300000 0.000000 0.000000
0.000000 0.000000 0.000000 0.000000 0.000000 0.000000 0.000000 0.000000 0.000000 0.000000 0.000000 0.000000 0.000000 0.000000 0.000000 0.000000 0.000000 0.000000 0.000000 0.000000 0.000000