geotop/1.0zi/1.0Montebello/Templates/testdem/maps/_Eocsilt0604.asc
ncols         21
nrows         20
xllcorner     100.000000
yllcorner     100.000000
cellsize      50.000000
NODATA_value  -9999.0
0.000000 0.000000 0.000000 0.000000 0.000000 0.000000 0.000000 0.000000 0.000000 0.000000 0.000000 0.000000 0.000000 0.000000 0.000000 0.000000 0.000000 0.000000 0.000000 0.000000 0.000000
0.000000 0.000000 0.350011 0.350011 0.350011 0.350011 0.350011 0.350011 0.350011 0.350011 0.350011 0.350011 0.350011 0.350011 0.350011 0.350011 0.350011 0.350011 0.350011 0.000000 0.000000
0.000000 0.000000 0.349998 0.349997 0.349997 0.349997 0.349998 0.349998 0.349998 0.349998 0.349998 0.349998 0.349998 0.349998 0.349998 0.349997 0.349997 0.349997 0.349998 0.000000 0.000000
0.000000 0.000000 0.350283 0.350283 0.350281 0.350283 0.350283 0.350283 0.350283 0.350283 0.350283 0.350283 0.350283 0.350283 0.350283 0.350283 0.350281 0.350283 0.350283 0.000000 0.000000
0.000000 0.000000 0.351179 0.351179 0.351177 0.351179 0.351179 0.351179 0.351179 0.351179 0.351179 0.351179 0.351179 0.351179 0.351179 0.351179 0.351177 0.351179 0.351179 0.000000 0.000000
0.000000 0.000000 0.352186 0.352186 0.352184 0.352185 0.352186 0.352186 0.352186 0.352186 0.352186 0.352186 0.352186 0.352186 0.352186 0.352185 0.352184 0.352186 0.352186 0.000000 0.000000
0.000000 0.000000 0.353114 0.353115 0.353113 0.353114 0.353115 0.353115 0.353115 0.353115 0.353115 0.353115 0.353115 0.353115 0.353115 0.353114 0.353113 0.353115 0.353114 0.000000 0.000000
0.000000 0.000000 0.353979 0.353979 0.353978 0.353979 0.353979 0.353979 0.353979 0.353979 0.353979 0.353979 0.353979 0.353979 0.353979 0.353979 0.353978 0.353979 0.353979 0.000000 0.000000
0.000000 0.000000 0.354797 0.354797 0.354796 0.354797 0.354797 0.354797 0.354798 0.354797 0.354797 0.354797 0.354798 0.354797 0.354797 0.354797 0.354796 0.354797 0.354797 0.000000 0.000000
0.000000 0.000000 0.355587 0.355587 0.355586 0.355587 0.355588 0.355588 0.355588 0.355588 0.355588 0.355588 0.355588 0.355588 0.355588 0.355587 0.355586 0.355587 0.355587 0.000000 0.000000
0.000000 0.000000 0.356357 0.356357 0.356356 0.356357 0.356357 0.356357 0.356357 0.356357 0.356357 0.356357 0.356357 0.356357 0.356357 0.356357 0.356356 0.356357 0.356357 0.000000 0.000000
0.000000 0.000000 0.357112 0.357112 0.357111 0.357112 0.357112 0.357112 0.357112 0.357112 0.357112 0.357112 0.357112 0.357112 0.357112 0.357112 0.357111 0.357112 0.357112 0.000000 0.000000
0.000000 0.000000 0.357855 0.357855 0.357854 0.357855 0.357855 0.357855 0.357855 0.357855 0.357855 0.357855 0.357855 0.357855 0.357855 0.357855 0.357854 0.357855 0.357855 0.000000 0.000000
0.000000 0.000000 0.358587 0.358587 0.358586 0.358587 0.358587 0.358587 0.358587 0.358587 0.358587 0.358587 0.358587 0.358587 0.358587 0.358587 0.358586 0.358587 0.358587 0.000000 0.000000
0.000000 0.000000 0.359313 0.359313 0.359312 0.359313 0.359313 0.359313 0.359313 0.359313 0.359313 0.359313 0.359313 0.359313 0.359313 0.359313 0.359312 0.359313 0.359313 0.000000 0.000000
0.000000 0.000000 0.360036 0.360036 0.360035 0.360036 0.360036 0.360036 0.360036 0.360036 0.360036 0.360036 0.360036 0.360036 0.360036 0.360036 0.360035 0.360036 0.360036 0.000000 0.000000
0.000000 0.000000 0.360752 0.360752 0.360751 0.360752 0.360752 0.360752 0.360752 0.360752 0.360752 0.360752 0.360752 0.360752 0.360752 0.360752 0.360751 0.360752 0.360752 0.000000 0.000000
0.000000 0.000000 0.361475 0.361475 0.361474 0.361475 0.361475 0.361475 0.361475 0.361475 0.361475 0.361475 0.361475 0.361475 0.361475 0.361475 0.361474 0.361475 0.361475 0.000000 0.000000
0.000000 0.000000 0.350000 0.350000 0.350000 0.350000 0.350000 0.350000 0.350000 0.350000 0.350000 0.350000 0.350000 0.350000 0.350000 0.350000 0.350000 0.350000 0.350000 0.000000 0.000000
0.000000 0.000000 0.000000 0.000000 0.000000 0.000000 0.000000 0.000000 0.000000 0.000000 0.000000 0.000000 0.000000 0.000000 0.000000 0.000000 0.000000 0.000000 0.000000 0.000000 0.000000