geotop/1.0zi/1.0Montebello/Templates/testdem/maps/_Eocsilt2238.asc
ncols         21
nrows         20
xllcorner     100.000000
yllcorner     100.000000
cellsize      50.000000
NODATA_value  -9999.0
0.000000 0.000000 0.000000 0.000000 0.000000 0.000000 0.000000 0.000000 0.000000 0.000000 0.000000 0.000000 0.000000 0.000000 0.000000 0.000000 0.000000 0.000000 0.000000 0.000000 0.000000
0.000000 0.000000 0.350054 0.350054 0.350054 0.350054 0.350054 0.350054 0.350054 0.350054 0.350054 0.350054 0.350054 0.350054 0.350054 0.350054 0.350054 0.350054 0.350054 0.000000 0.000000
0.000000 0.000000 0.349998 0.349998 0.349998 0.349998 0.349998 0.349998 0.349998 0.349998 0.349998 0.349998 0.349998 0.349998 0.349998 0.349998 0.349998 0.349998 0.349998 0.000000 0.000000
0.000000 0.000000 0.350716 0.350716 0.350713 0.350714 0.350717 0.350716 0.350716 0.350716 0.350716 0.350716 0.350716 0.350716 0.350717 0.350714 0.350713 0.350716 0.350716 0.000000 0.000000
0.000000 0.000000 0.353517 0.353516 0.353515 0.353515 0.353517 0.353517 0.353517 0.353518 0.353518 0.353518 0.353517 0.353517 0.353517 0.353515 0.353515 0.353516 0.353517 0.000000 0.000000
0.000000 0.000000 0.357231 0.357231 0.357229 0.357229 0.357232 0.357231 0.357231 0.357232 0.357232 0.357232 0.357231 0.357231 0.357232 0.357229 0.357229 0.357231 0.357231 0.000000 0.000000
0.000000 0.000000 0.360647 0.360647 0.360645 0.360645 0.360647 0.360647 0.360647 0.360648 0.360648 0.360648 0.360647 0.360647 0.360647 0.360645 0.360645 0.360647 0.360647 0.000000 0.000000
0.000000 0.000000 0.363774 0.363773 0.363772 0.363772 0.363774 0.363773 0.363774 0.363774 0.363774 0.363774 0.363774 0.363773 0.363774 0.363772 0.363772 0.363773 0.363774 0.000000 0.000000
0.000000 0.000000 0.366695 0.366695 0.366694 0.366694 0.366695 0.366695 0.366695 0.366696 0.366696 0.366696 0.366695 0.366695 0.366695 0.366694 0.366694 0.366695 0.366695 0.000000 0.000000
0.000000 0.000000 0.369481 0.369481 0.369479 0.369480 0.369481 0.369481 0.369481 0.369481 0.369482 0.369481 0.369481 0.369481 0.369481 0.369480 0.369479 0.369481 0.369481 0.000000 0.000000
0.000000 0.000000 0.372163 0.372163 0.372162 0.372162 0.372163 0.372163 0.372163 0.372164 0.372164 0.372164 0.372163 0.372163 0.372163 0.372162 0.372162 0.372163 0.372163 0.000000 0.000000
0.000000 0.000000 0.374766 0.374765 0.374764 0.374765 0.374766 0.374765 0.374765 0.374766 0.374766 0.374766 0.374765 0.374765 0.374766 0.374765 0.374764 0.374765 0.374766 0.000000 0.000000
0.000000 0.000000 0.377306 0.377306 0.377304 0.377305 0.377306 0.377306 0.377306 0.377306 0.377306 0.377306 0.377306 0.377306 0.377306 0.377305 0.377304 0.377306 0.377306 0.000000 0.000000
0.000000 0.000000 0.379790 0.379790 0.379789 0.379789 0.379790 0.379790 0.379790 0.379790 0.379791 0.379790 0.379790 0.379790 0.379790 0.379789 0.379789 0.379790 0.379790 0.000000 0.000000
0.000000 0.000000 0.382228 0.382228 0.382227 0.382227 0.382228 0.382228 0.382228 0.382228 0.382228 0.382228 0.382228 0.382228 0.382228 0.382227 0.382227 0.382228 0.382228 0.000000 0.000000
0.000000 0.000000 0.384625 0.384624 0.384623 0.384624 0.384625 0.384624 0.384624 0.384625 0.384625 0.384625 0.384624 0.384624 0.384625 0.384624 0.384623 0.384624 0.384625 0.000000 0.000000
0.000000 0.000000 0.386983 0.386982 0.386981 0.386982 0.386983 0.386983 0.386983 0.386983 0.386983 0.386983 0.386983 0.386983 0.386983 0.386982 0.386981 0.386982 0.386983 0.000000 0.000000
0.000000 0.000000 0.389332 0.389332 0.389331 0.389331 0.389332 0.389332 0.389332 0.389332 0.389332 0.389332 0.389332 0.389332 0.389332 0.389331 0.389331 0.389332 0.389332 0.000000 0.000000
0.000000 0.000000 0.350000 0.350000 0.350000 0.350000 0.350000 0.350000 0.350000 0.350000 0.350000 0.350000 0.350000 0.350000 0.350000 0.350000 0.350000 0.350000 0.350000 0.000000 0.000000
0.000000 0.000000 0.000000 0.000000 0.000000 0.000000 0.000000 0.000000 0.000000 0.000000 0.000000 0.000000 0.000000 0.000000 0.000000 0.000000 0.000000 0.000000 0.000000 0.000000 0.000000