geotop/1.0zi/1.0Montebello/Templates/testdem/maps/_Eocclay1296.asc
ncols         21
nrows         20
xllcorner     100.000000
yllcorner     100.000000
cellsize      50.000000
NODATA_value  -9999.0
0.000000 0.000000 0.000000 0.000000 0.000000 0.000000 0.000000 0.000000 0.000000 0.000000 0.000000 0.000000 0.000000 0.000000 0.000000 0.000000 0.000000 0.000000 0.000000 0.000000 0.000000
0.000000 0.000000 0.349935 0.349935 0.349935 0.349935 0.349935 0.349935 0.349935 0.349935 0.349935 0.349935 0.349935 0.349935 0.349935 0.349935 0.349935 0.349935 0.349935 0.000000 0.000000
0.000000 0.000000 0.349994 0.349994 0.349993 0.349994 0.349994 0.349994 0.349994 0.349994 0.349994 0.349994 0.349994 0.349994 0.349994 0.349994 0.349993 0.349994 0.349994 0.000000 0.000000
0.000000 0.000000 0.350547 0.350547 0.350545 0.350545 0.350547 0.350547 0.350547 0.350547 0.350547 0.350547 0.350547 0.350547 0.350547 0.350545 0.350545 0.350547 0.350547 0.000000 0.000000
0.000000 0.000000 0.352515 0.352514 0.352512 0.352512 0.352516 0.352515 0.352515 0.352516 0.352516 0.352516 0.352515 0.352515 0.352516 0.352512 0.352512 0.352514 0.352515 0.000000 0.000000
0.000000 0.000000 0.354688 0.354688 0.354686 0.354686 0.354689 0.354688 0.354688 0.354689 0.354689 0.354689 0.354688 0.354688 0.354689 0.354686 0.354686 0.354688 0.354688 0.000000 0.000000
0.000000 0.000000 0.356763 0.356763 0.356761 0.356762 0.356764 0.356763 0.356763 0.356764 0.356764 0.356764 0.356763 0.356763 0.356764 0.356762 0.356761 0.356763 0.356763 0.000000 0.000000
0.000000 0.000000 0.358678 0.358678 0.358676 0.358676 0.358678 0.358678 0.358678 0.358678 0.358678 0.358678 0.358678 0.358678 0.358678 0.358676 0.358676 0.358678 0.358678 0.000000 0.000000
0.000000 0.000000 0.360473 0.360473 0.360471 0.360472 0.360474 0.360473 0.360473 0.360473 0.360473 0.360473 0.360473 0.360473 0.360474 0.360472 0.360471 0.360473 0.360473 0.000000 0.000000
0.000000 0.000000 0.362196 0.362195 0.362194 0.362194 0.362196 0.362195 0.362195 0.362196 0.362196 0.362196 0.362195 0.362195 0.362196 0.362194 0.362194 0.362195 0.362196 0.000000 0.000000
0.000000 0.000000 0.363863 0.363862 0.363861 0.363861 0.363863 0.363862 0.363862 0.363863 0.363863 0.363863 0.363862 0.363862 0.363863 0.363861 0.363861 0.363862 0.363863 0.000000 0.000000
0.000000 0.000000 0.365492 0.365491 0.365490 0.365491 0.365492 0.365492 0.365492 0.365492 0.365492 0.365492 0.365492 0.365492 0.365492 0.365491 0.365490 0.365491 0.365492 0.000000 0.000000
0.000000 0.000000 0.367094 0.367094 0.367093 0.367093 0.367095 0.367094 0.367094 0.367094 0.367094 0.367094 0.367094 0.367094 0.367095 0.367093 0.367093 0.367094 0.367094 0.000000 0.000000
0.000000 0.000000 0.368670 0.368670 0.368668 0.368669 0.368670 0.368670 0.368670 0.368670 0.368670 0.368670 0.368670 0.368670 0.368670 0.368669 0.368668 0.368670 0.368670 0.000000 0.000000
0.000000 0.000000 0.370227 0.370227 0.370225 0.370226 0.370227 0.370227 0.370227 0.370227 0.370227 0.370227 0.370227 0.370227 0.370227 0.370226 0.370225 0.370227 0.370227 0.000000 0.000000
0.000000 0.000000 0.371770 0.371770 0.371768 0.371769 0.371770 0.371770 0.371770 0.371770 0.371770 0.371770 0.371770 0.371770 0.371770 0.371769 0.371768 0.371770 0.371770 0.000000 0.000000
0.000000 0.000000 0.373299 0.373299 0.373297 0.373298 0.373299 0.373299 0.373299 0.373299 0.373299 0.373299 0.373299 0.373299 0.373299 0.373298 0.373297 0.373299 0.373299 0.000000 0.000000
0.000000 0.000000 0.374854 0.374855 0.374853 0.374854 0.374855 0.374855 0.374855 0.374855 0.374855 0.374855 0.374855 0.374855 0.374855 0.374854 0.374853 0.374855 0.374855 0.000000 0.000000
0.000000 0.000000 0.350000 0.350000 0.350000 0.350000 0.350000 0.350000 0.350000 0.350000 0.350000 0.350000 0.350000 0.350000 0.350000 0.350000 0.350000 0.350000 0.350000 0.000000 0.000000
0.000000 0.000000 0.000000 0.000000 0.000000 0.000000 0.000000 0.000000 0.000000 0.000000 0.000000 0.000000 0.000000 0.000000 0.000000 0.000000 0.000000 0.000000 0.000000 0.000000 0.000000