geotop/1.0zi/1.0Montebello/Templates/testdem/maps/_Eocclay3034.asc
ncols         21
nrows         20
xllcorner     100.000000
yllcorner     100.000000
cellsize      50.000000
NODATA_value  -9999.0
0.000000 0.000000 0.000000 0.000000 0.000000 0.000000 0.000000 0.000000 0.000000 0.000000 0.000000 0.000000 0.000000 0.000000 0.000000 0.000000 0.000000 0.000000 0.000000 0.000000 0.000000
0.000000 0.000000 0.349830 0.349830 0.349830 0.349830 0.349830 0.349830 0.349830 0.349830 0.349830 0.349830 0.349830 0.349830 0.349830 0.349830 0.349830 0.349830 0.349830 0.000000 0.000000
0.000000 0.000000 0.349995 0.349995 0.349995 0.349995 0.349995 0.349995 0.349995 0.349995 0.349996 0.349995 0.349995 0.349995 0.349995 0.349995 0.349995 0.349995 0.349995 0.000000 0.000000
0.000000 0.000000 0.351178 0.351178 0.351176 0.351177 0.351178 0.351178 0.351178 0.351178 0.351178 0.351178 0.351178 0.351178 0.351178 0.351177 0.351176 0.351178 0.351178 0.000000 0.000000
0.000000 0.000000 0.355919 0.355918 0.355916 0.355916 0.355920 0.355919 0.355919 0.355920 0.355921 0.355920 0.355919 0.355919 0.355920 0.355916 0.355916 0.355918 0.355919 0.000000 0.000000
0.000000 0.000000 0.361174 0.361174 0.361172 0.361172 0.361175 0.361174 0.361174 0.361175 0.361176 0.361175 0.361174 0.361174 0.361175 0.361172 0.361172 0.361174 0.361174 0.000000 0.000000
0.000000 0.000000 0.366092 0.366091 0.366090 0.366090 0.366092 0.366091 0.366091 0.366092 0.366093 0.366092 0.366091 0.366091 0.366092 0.366090 0.366090 0.366091 0.366092 0.000000 0.000000
0.000000 0.000000 0.370566 0.370566 0.370565 0.370565 0.370567 0.370566 0.370566 0.370567 0.370567 0.370567 0.370566 0.370566 0.370567 0.370565 0.370565 0.370566 0.370566 0.000000 0.000000
0.000000 0.000000 0.374717 0.374716 0.374715 0.374715 0.374717 0.374716 0.374716 0.374717 0.374718 0.374717 0.374716 0.374716 0.374717 0.374715 0.374715 0.374716 0.374717 0.000000 0.000000
0.000000 0.000000 0.378635 0.378635 0.378634 0.378634 0.378635 0.378635 0.378635 0.378636 0.378636 0.378636 0.378635 0.378635 0.378635 0.378634 0.378634 0.378635 0.378635 0.000000 0.000000
0.000000 0.000000 0.382366 0.382366 0.382365 0.382365 0.382366 0.382366 0.382366 0.382367 0.382367 0.382367 0.382366 0.382366 0.382366 0.382365 0.382365 0.382366 0.382366 0.000000 0.000000
0.000000 0.000000 0.385946 0.385945 0.385944 0.385945 0.385946 0.385946 0.385946 0.385946 0.385947 0.385946 0.385946 0.385946 0.385946 0.385945 0.385944 0.385945 0.385946 0.000000 0.000000
0.000000 0.000000 0.389402 0.389402 0.389401 0.389401 0.389402 0.389402 0.389402 0.389402 0.389403 0.389402 0.389402 0.389402 0.389402 0.389401 0.389401 0.389402 0.389402 0.000000 0.000000
0.000000 0.000000 0.392760 0.392760 0.392759 0.392759 0.392761 0.392760 0.392760 0.392761 0.392761 0.392761 0.392760 0.392760 0.392761 0.392759 0.392759 0.392760 0.392760 0.000000 0.000000
0.000000 0.000000 0.396027 0.396027 0.396026 0.396026 0.396027 0.396027 0.396027 0.396028 0.396028 0.396028 0.396027 0.396027 0.396027 0.396026 0.396026 0.396027 0.396027 0.000000 0.000000
0.000000 0.000000 0.399209 0.399209 0.399208 0.399208 0.399209 0.399209 0.399209 0.399210 0.399210 0.399210 0.399209 0.399209 0.399209 0.399208 0.399208 0.399209 0.399209 0.000000 0.000000
0.000000 0.000000 0.402317 0.402317 0.402315 0.402316 0.402317 0.402317 0.402317 0.402317 0.402318 0.402317 0.402317 0.402317 0.402317 0.402316 0.402315 0.402317 0.402317 0.000000 0.000000
0.000000 0.000000 0.405417 0.405417 0.405416 0.405417 0.405418 0.405417 0.405417 0.405418 0.405418 0.405418 0.405417 0.405417 0.405418 0.405417 0.405416 0.405417 0.405417 0.000000 0.000000
0.000000 0.000000 0.350000 0.350000 0.350000 0.350000 0.350000 0.350000 0.350000 0.350000 0.350000 0.350000 0.350000 0.350000 0.350000 0.350000 0.350000 0.350000 0.350000 0.000000 0.000000
0.000000 0.000000 0.000000 0.000000 0.000000 0.000000 0.000000 0.000000 0.000000 0.000000 0.000000 0.000000 0.000000 0.000000 0.000000 0.000000 0.000000 0.000000 0.000000 0.000000 0.000000