geotop/1.0zi/1.0Montebello/Templates/testdem/maps/_Eocclay6951.asc
ncols         21
nrows         20
xllcorner     100.000000
yllcorner     100.000000
cellsize      50.000000
NODATA_value  -9999.0
0.000000 0.000000 0.000000 0.000000 0.000000 0.000000 0.000000 0.000000 0.000000 0.000000 0.000000 0.000000 0.000000 0.000000 0.000000 0.000000 0.000000 0.000000 0.000000 0.000000 0.000000
0.000000 0.000000 0.349689 0.349690 0.349691 0.349690 0.349691 0.349691 0.349691 0.349691 0.349689 0.349691 0.349691 0.349691 0.349691 0.349691 0.349689 0.349689 0.349690 0.000000 0.000000
0.000000 0.000000 0.349987 0.349987 0.349987 0.349988 0.349987 0.349987 0.349987 0.349987 0.349987 0.349986 0.349987 0.349986 0.349987 0.349987 0.349988 0.349988 0.349985 0.000000 0.000000
0.000000 0.000000 0.349977 0.349982 0.349978 0.349978 0.349980 0.349980 0.349981 0.349978 0.349983 0.349980 0.349980 0.349980 0.349979 0.349981 0.349979 0.349981 0.349981 0.000000 0.000000
0.000000 0.000000 0.350693 0.350691 0.350688 0.350685 0.350672 0.350669 0.350669 0.350671 0.350669 0.350669 0.350665 0.350668 0.350676 0.350676 0.350682 0.350683 0.350690 0.000000 0.000000
0.000000 0.000000 0.352852 0.352851 0.352841 0.352816 0.352806 0.352785 0.352787 0.352780 0.352784 0.352785 0.352786 0.352787 0.352794 0.352811 0.352822 0.352834 0.352841 0.000000 0.000000
0.000000 0.000000 0.355945 0.355942 0.355935 0.355915 0.355889 0.355857 0.355857 0.355852 0.355854 0.355855 0.355855 0.355855 0.355881 0.355906 0.355919 0.355929 0.355937 0.000000 0.000000
0.000000 0.000000 0.359636 0.359635 0.359629 0.359604 0.359579 0.359545 0.359545 0.359541 0.359541 0.359540 0.359537 0.359544 0.359571 0.359593 0.359614 0.359621 0.359633 0.000000 0.000000
0.000000 0.000000 0.363470 0.363465 0.363454 0.363439 0.363413 0.363379 0.363382 0.363373 0.363372 0.363371 0.363371 0.363370 0.363402 0.363431 0.363446 0.363452 0.363463 0.000000 0.000000
0.000000 0.000000 0.367433 0.367425 0.367420 0.367406 0.367369 0.367338 0.367339 0.367335 0.367330 0.367334 0.367338 0.367335 0.367363 0.367395 0.367413 0.367418 0.367426 0.000000 0.000000
0.000000 0.000000 0.371636 0.371631 0.371625 0.371596 0.371571 0.371535 0.371543 0.371523 0.371525 0.371526 0.371519 0.371531 0.371554 0.371574 0.371597 0.371609 0.371626 0.000000 0.000000
0.000000 0.000000 0.376154 0.376143 0.376130 0.376109 0.376083 0.376040 0.376039 0.376031 0.376042 0.376028 0.376031 0.376034 0.376076 0.376098 0.376114 0.376121 0.376163 0.000000 0.000000
0.000000 0.000000 0.380910 0.380898 0.380891 0.380866 0.380844 0.380743 0.380741 0.380734 0.380710 0.380723 0.380730 0.380738 0.380814 0.380837 0.380874 0.380877 0.380904 0.000000 0.000000
0.000000 0.000000 0.386249 0.386243 0.386225 0.386206 0.386095 0.386083 0.386059 0.386058 0.386058 0.386057 0.386055 0.386051 0.386053 0.386170 0.386196 0.386226 0.386256 0.000000 0.000000
0.000000 0.000000 0.392317 0.392308 0.392282 0.392154 0.392136 0.392074 0.392034 0.392027 0.392006 0.391991 0.392005 0.391998 0.392056 0.392086 0.392259 0.392240 0.392254 0.000000 0.000000
0.000000 0.000000 0.398903 0.398893 0.398715 0.398720 0.398712 0.398676 0.398728 0.398705 0.398732 0.398713 0.398689 0.398731 0.398751 0.398762 0.398695 0.398931 0.398932 0.000000 0.000000
0.000000 0.000000 0.406855 0.406587 0.406563 0.406480 0.406349 0.406305 0.406262 0.406268 0.406202 0.406203 0.406237 0.406210 0.406274 0.406374 0.406549 0.406514 0.406789 0.000000 0.000000
0.000000 0.000000 0.411638 0.411773 0.412027 0.411990 0.411944 0.411703 0.411712 0.411652 0.411724 0.411706 0.411709 0.411726 0.411941 0.411975 0.412070 0.411829 0.411707 0.000000 0.000000
0.000000 0.000000 0.350000 0.350000 0.350000 0.350000 0.350000 0.350000 0.350000 0.350000 0.350000 0.350000 0.350000 0.350000 0.350000 0.350000 0.350000 0.350000 0.350000 0.000000 0.000000
0.000000 0.000000 0.000000 0.000000 0.000000 0.000000 0.000000 0.000000 0.000000 0.000000 0.000000 0.000000 0.000000 0.000000 0.000000 0.000000 0.000000 0.000000 0.000000 0.000000 0.000000