geotop/1.0zi/1.0Montebello/Templates/testdem/maps/_Eocclay2244.asc
ncols         21
nrows         20
xllcorner     100.000000
yllcorner     100.000000
cellsize      50.000000
NODATA_value  -9999.0
0.000000 0.000000 0.000000 0.000000 0.000000 0.000000 0.000000 0.000000 0.000000 0.000000 0.000000 0.000000 0.000000 0.000000 0.000000 0.000000 0.000000 0.000000 0.000000 0.000000 0.000000
0.000000 0.000000 0.349877 0.349877 0.349877 0.349877 0.349877 0.349877 0.349877 0.349877 0.349877 0.349877 0.349877 0.349877 0.349877 0.349877 0.349877 0.349877 0.349877 0.000000 0.000000
0.000000 0.000000 0.349991 0.349991 0.349991 0.349991 0.349991 0.349991 0.349991 0.349991 0.349991 0.349991 0.349991 0.349991 0.349991 0.349991 0.349991 0.349991 0.349991 0.000000 0.000000
0.000000 0.000000 0.350674 0.350674 0.350671 0.350672 0.350674 0.350674 0.350673 0.350674 0.350674 0.350674 0.350673 0.350674 0.350674 0.350672 0.350671 0.350674 0.350674 0.000000 0.000000
0.000000 0.000000 0.353794 0.353793 0.353791 0.353791 0.353795 0.353793 0.353794 0.353795 0.353795 0.353795 0.353794 0.353793 0.353795 0.353791 0.353791 0.353793 0.353794 0.000000 0.000000
0.000000 0.000000 0.357465 0.357465 0.357463 0.357463 0.357466 0.357465 0.357465 0.357466 0.357466 0.357466 0.357465 0.357465 0.357466 0.357463 0.357463 0.357465 0.357465 0.000000 0.000000
0.000000 0.000000 0.360955 0.360955 0.360953 0.360953 0.360955 0.360955 0.360955 0.360956 0.360956 0.360956 0.360955 0.360955 0.360955 0.360953 0.360953 0.360955 0.360955 0.000000 0.000000
0.000000 0.000000 0.364166 0.364166 0.364165 0.364165 0.364167 0.364166 0.364166 0.364167 0.364167 0.364167 0.364166 0.364166 0.364167 0.364165 0.364165 0.364166 0.364166 0.000000 0.000000
0.000000 0.000000 0.367169 0.367168 0.367167 0.367168 0.367169 0.367169 0.367169 0.367169 0.367169 0.367169 0.367169 0.367169 0.367169 0.367168 0.367167 0.367168 0.367169 0.000000 0.000000
0.000000 0.000000 0.370033 0.370033 0.370031 0.370032 0.370033 0.370033 0.370033 0.370033 0.370034 0.370033 0.370033 0.370033 0.370033 0.370032 0.370031 0.370033 0.370033 0.000000 0.000000
0.000000 0.000000 0.372792 0.372792 0.372790 0.372791 0.372792 0.372792 0.372792 0.372792 0.372792 0.372792 0.372792 0.372792 0.372792 0.372791 0.372790 0.372792 0.372792 0.000000 0.000000
0.000000 0.000000 0.375470 0.375470 0.375469 0.375469 0.375471 0.375470 0.375470 0.375471 0.375471 0.375471 0.375470 0.375470 0.375471 0.375469 0.375469 0.375470 0.375470 0.000000 0.000000
0.000000 0.000000 0.378086 0.378086 0.378084 0.378085 0.378086 0.378086 0.378086 0.378086 0.378086 0.378086 0.378086 0.378086 0.378086 0.378085 0.378084 0.378086 0.378086 0.000000 0.000000
0.000000 0.000000 0.380644 0.380644 0.380643 0.380643 0.380645 0.380644 0.380644 0.380645 0.380645 0.380645 0.380644 0.380644 0.380645 0.380643 0.380643 0.380644 0.380644 0.000000 0.000000
0.000000 0.000000 0.383157 0.383157 0.383156 0.383156 0.383157 0.383157 0.383157 0.383157 0.383158 0.383157 0.383157 0.383157 0.383157 0.383156 0.383156 0.383157 0.383157 0.000000 0.000000
0.000000 0.000000 0.385627 0.385627 0.385626 0.385626 0.385628 0.385627 0.385627 0.385628 0.385628 0.385628 0.385627 0.385627 0.385628 0.385626 0.385626 0.385627 0.385627 0.000000 0.000000
0.000000 0.000000 0.388058 0.388058 0.388057 0.388057 0.388059 0.388058 0.388058 0.388059 0.388059 0.388059 0.388058 0.388058 0.388059 0.388057 0.388057 0.388058 0.388058 0.000000 0.000000
0.000000 0.000000 0.390484 0.390484 0.390483 0.390484 0.390485 0.390484 0.390484 0.390485 0.390485 0.390485 0.390484 0.390484 0.390485 0.390484 0.390483 0.390484 0.390485 0.000000 0.000000
0.000000 0.000000 0.350000 0.350000 0.350000 0.350000 0.350000 0.350000 0.350000 0.350000 0.350000 0.350000 0.350000 0.350000 0.350000 0.350000 0.350000 0.350000 0.350000 0.000000 0.000000
0.000000 0.000000 0.000000 0.000000 0.000000 0.000000 0.000000 0.000000 0.000000 0.000000 0.000000 0.000000 0.000000 0.000000 0.000000 0.000000 0.000000 0.000000 0.000000 0.000000 0.000000