geotop/1.0zi/1.0Montebello/Templates/testdem/maps/_Eocsand5665.asc
ncols         21
nrows         20
xllcorner     100.000000
yllcorner     100.000000
cellsize      50.000000
NODATA_value  -9999.0
0.000000 0.000000 0.000000 0.000000 0.000000 0.000000 0.000000 0.000000 0.000000 0.000000 0.000000 0.000000 0.000000 0.000000 0.000000 0.000000 0.000000 0.000000 0.000000 0.000000 0.000000
0.000000 0.000000 0.300142 0.300141 0.300141 0.300140 0.300141 0.300140 0.300141 0.300141 0.300141 0.300141 0.300141 0.300141 0.300141 0.300141 0.300141 0.300141 0.300141 0.000000 0.000000
0.000000 0.000000 0.300009 0.300008 0.300008 0.300008 0.300008 0.300008 0.300008 0.300008 0.300008 0.300008 0.300007 0.300007 0.300008 0.300008 0.300009 0.300010 0.300009 0.000000 0.000000
0.000000 0.000000 0.299967 0.299966 0.299969 0.299973 0.299971 0.299973 0.299970 0.299972 0.299971 0.299973 0.299973 0.299974 0.299970 0.299965 0.299966 0.299963 0.299965 0.000000 0.000000
0.000000 0.000000 0.298993 0.298990 0.298992 0.299000 0.299014 0.299023 0.299023 0.299023 0.299027 0.299025 0.299028 0.299027 0.299017 0.299015 0.299010 0.298999 0.298992 0.000000 0.000000
0.000000 0.000000 0.295922 0.295917 0.295927 0.295959 0.295975 0.296009 0.296011 0.296019 0.296011 0.296009 0.296004 0.296008 0.295999 0.295981 0.295967 0.295951 0.295942 0.000000 0.000000
0.000000 0.000000 0.291373 0.291377 0.291383 0.291417 0.291458 0.291508 0.291506 0.291512 0.291508 0.291506 0.291509 0.291508 0.291473 0.291436 0.291419 0.291401 0.291388 0.000000 0.000000
0.000000 0.000000 0.285871 0.285871 0.285871 0.285908 0.285948 0.286002 0.286000 0.286006 0.286005 0.286005 0.286009 0.286003 0.285964 0.285928 0.285899 0.285891 0.285873 0.000000 0.000000
0.000000 0.000000 0.280201 0.280209 0.280221 0.280242 0.280282 0.280339 0.280335 0.280345 0.280350 0.280347 0.280347 0.280353 0.280302 0.280263 0.280237 0.280228 0.280212 0.000000 0.000000
0.000000 0.000000 0.274494 0.274504 0.274507 0.274522 0.274579 0.274629 0.274625 0.274631 0.274639 0.274630 0.274625 0.274632 0.274592 0.274547 0.274520 0.274516 0.274504 0.000000 0.000000
0.000000 0.000000 0.268606 0.268611 0.268611 0.268651 0.268690 0.268746 0.268733 0.268760 0.268759 0.268756 0.268763 0.268750 0.268719 0.268690 0.268660 0.268643 0.268619 0.000000 0.000000
0.000000 0.000000 0.262431 0.262445 0.262459 0.262487 0.262521 0.262587 0.262584 0.262600 0.262583 0.262599 0.262596 0.262592 0.262535 0.262508 0.262487 0.262478 0.262416 0.000000 0.000000
0.000000 0.000000 0.256099 0.256111 0.256114 0.256147 0.256177 0.256311 0.256310 0.256322 0.256350 0.256334 0.256324 0.256316 0.256220 0.256195 0.256148 0.256143 0.256098 0.000000 0.000000
0.000000 0.000000 0.249232 0.249240 0.249255 0.249275 0.249404 0.249438 0.249467 0.249469 0.249478 0.249473 0.249473 0.249479 0.249464 0.249337 0.249297 0.249264 0.249219 0.000000 0.000000
0.000000 0.000000 0.241681 0.241691 0.241718 0.241849 0.241892 0.241968 0.242019 0.242027 0.242052 0.242066 0.242051 0.242063 0.242008 0.241946 0.241757 0.241772 0.241745 0.000000 0.000000
0.000000 0.000000 0.233703 0.233712 0.233882 0.233913 0.233923 0.233973 0.233939 0.233960 0.233945 0.233964 0.233985 0.233952 0.233924 0.233906 0.233918 0.233698 0.233692 0.000000 0.000000
0.000000 0.000000 0.224589 0.224821 0.224903 0.224971 0.225083 0.225140 0.225158 0.225162 0.225212 0.225219 0.225199 0.225209 0.225146 0.225063 0.224930 0.224876 0.224641 0.000000 0.000000
0.000000 0.000000 0.217905 0.217899 0.217692 0.217750 0.217841 0.218061 0.218065 0.218114 0.218083 0.218096 0.218081 0.218078 0.217879 0.217814 0.217666 0.217880 0.217872 0.000000 0.000000
0.000000 0.000000 0.300000 0.300000 0.300000 0.300000 0.300000 0.300000 0.300000 0.300000 0.300000 0.300000 0.300000 0.300000 0.300000 0.300000 0.300000 0.300000 0.300000 0.000000 0.000000
0.000000 0.000000 0.000000 0.000000 0.000000 0.000000 0.000000 0.000000 0.000000 0.000000 0.000000 0.000000 0.000000 0.000000 0.000000 0.000000 0.000000 0.000000 0.000000 0.000000 0.000000