geotop/1.0zi/1.0Montebello/Templates/testdem/maps/_Eocsand9300.asc
ncols         21
nrows         20
xllcorner     100.000000
yllcorner     100.000000
cellsize      50.000000
NODATA_value  -9999.0
0.000000 0.000000 0.000000 0.000000 0.000000 0.000000 0.000000 0.000000 0.000000 0.000000 0.000000 0.000000 0.000000 0.000000 0.000000 0.000000 0.000000 0.000000 0.000000 0.000000 0.000000
0.000000 0.000000 0.300237 0.300234 0.300234 0.300235 0.300234 0.300233 0.300233 0.300234 0.300234 0.300234 0.300234 0.300234 0.300234 0.300234 0.300235 0.300235 0.300235 0.000000 0.000000
0.000000 0.000000 0.300013 0.300014 0.300014 0.300012 0.300014 0.300014 0.300014 0.300014 0.300014 0.300014 0.300013 0.300013 0.300013 0.300013 0.300014 0.300015 0.300015 0.000000 0.000000
0.000000 0.000000 0.299855 0.299854 0.299861 0.299869 0.299867 0.299871 0.299865 0.299867 0.299867 0.299867 0.299866 0.299868 0.299863 0.299857 0.299854 0.299855 0.299854 0.000000 0.000000
0.000000 0.000000 0.297471 0.297473 0.297491 0.297517 0.297545 0.297550 0.297552 0.297554 0.297555 0.297552 0.297549 0.297548 0.297526 0.297515 0.297501 0.297496 0.297484 0.000000 0.000000
0.000000 0.000000 0.290586 0.290597 0.290635 0.290686 0.290745 0.290796 0.290794 0.290806 0.290802 0.290802 0.290793 0.290796 0.290767 0.290719 0.290693 0.290677 0.290663 0.000000 0.000000
0.000000 0.000000 0.281030 0.281050 0.281080 0.281143 0.281220 0.281325 0.281318 0.281327 0.281330 0.281330 0.281332 0.281325 0.281245 0.281183 0.281144 0.281119 0.281103 0.000000 0.000000
0.000000 0.000000 0.269704 0.269725 0.269753 0.269826 0.269906 0.270000 0.269996 0.270008 0.270013 0.270020 0.270024 0.270004 0.269930 0.269861 0.269799 0.269789 0.269759 0.000000 0.000000
0.000000 0.000000 0.257376 0.257407 0.257447 0.257500 0.257593 0.257704 0.257691 0.257713 0.257724 0.257730 0.257725 0.257727 0.257621 0.257541 0.257492 0.257476 0.257450 0.000000 0.000000
0.000000 0.000000 0.243945 0.243984 0.244015 0.244072 0.244196 0.244299 0.244294 0.244309 0.244328 0.244320 0.244305 0.244308 0.244224 0.244120 0.244063 0.244046 0.244031 0.000000 0.000000
0.000000 0.000000 0.228899 0.228928 0.228955 0.229088 0.229168 0.229302 0.229268 0.229340 0.229330 0.229341 0.229364 0.229320 0.229229 0.229165 0.229086 0.229057 0.228994 0.000000 0.000000
0.000000 0.000000 0.211619 0.211681 0.211758 0.211823 0.211939 0.212103 0.212100 0.212112 0.212085 0.212149 0.212119 0.212120 0.211958 0.211864 0.211820 0.211799 0.211665 0.000000 0.000000
0.000000 0.000000 0.192354 0.192410 0.192429 0.192575 0.192672 0.193136 0.193134 0.193159 0.193305 0.193223 0.193206 0.193161 0.192814 0.192727 0.192560 0.192553 0.192504 0.000000 0.000000
0.000000 0.000000 0.168769 0.168791 0.168922 0.169012 0.169656 0.169496 0.169620 0.169618 0.169549 0.169623 0.169635 0.169687 0.169840 0.169149 0.169101 0.168944 0.168838 0.000000 0.000000
0.000000 0.000000 0.140931 0.141014 0.141153 0.141997 0.141747 0.142232 0.142371 0.142420 0.142594 0.142675 0.142578 0.142575 0.142131 0.142352 0.141246 0.141491 0.141510 0.000000 0.000000
0.000000 0.000000 0.112823 0.112881 0.113987 0.113476 0.113647 0.113636 0.113156 0.113288 0.113038 0.113093 0.113295 0.113023 0.113130 0.112985 0.114130 0.112474 0.112498 0.000000 0.000000
0.000000 0.000000 0.083845 0.085055 0.084626 0.085183 0.085793 0.085992 0.086406 0.086309 0.086729 0.086682 0.086438 0.086691 0.086356 0.085906 0.084701 0.085659 0.084402 0.000000 0.000000
0.000000 0.000000 0.075156 0.074444 0.073679 0.073756 0.073787 0.074541 0.074443 0.074653 0.074337 0.074408 0.074441 0.074343 0.073715 0.073688 0.073590 0.074251 0.074956 0.000000 0.000000
0.000000 0.000000 0.300000 0.300000 0.300000 0.300000 0.300000 0.300000 0.300000 0.300000 0.300000 0.300000 0.300000 0.300000 0.300000 0.300000 0.300000 0.300000 0.300000 0.000000 0.000000
0.000000 0.000000 0.000000 0.000000 0.000000 0.000000 0.000000 0.000000 0.000000 0.000000 0.000000 0.000000 0.000000 0.000000 0.000000 0.000000 0.000000 0.000000 0.000000 0.000000 0.000000