geotop/1.0zi/1.0Montebello/Templates/testdem/maps/_Eocsand6446.asc
ncols         21
nrows         20
xllcorner     100.000000
yllcorner     100.000000
cellsize      50.000000
NODATA_value  -9999.0
0.000000 0.000000 0.000000 0.000000 0.000000 0.000000 0.000000 0.000000 0.000000 0.000000 0.000000 0.000000 0.000000 0.000000 0.000000 0.000000 0.000000 0.000000 0.000000 0.000000 0.000000
0.000000 0.000000 0.300159 0.300157 0.300157 0.300157 0.300156 0.300156 0.300157 0.300157 0.300158 0.300157 0.300157 0.300157 0.300156 0.300156 0.300158 0.300158 0.300157 0.000000 0.000000
0.000000 0.000000 0.300009 0.300010 0.300009 0.300008 0.300009 0.300010 0.300009 0.300009 0.300009 0.300010 0.300009 0.300010 0.300009 0.300010 0.300010 0.300010 0.300011 0.000000 0.000000
0.000000 0.000000 0.299963 0.299962 0.299966 0.299971 0.299969 0.299970 0.299967 0.299970 0.299967 0.299970 0.299969 0.299970 0.299968 0.299963 0.299963 0.299960 0.299960 0.000000 0.000000
0.000000 0.000000 0.298779 0.298773 0.298779 0.298788 0.298805 0.298813 0.298814 0.298814 0.298819 0.298818 0.298821 0.298818 0.298806 0.298803 0.298796 0.298785 0.298774 0.000000 0.000000
0.000000 0.000000 0.295212 0.295208 0.295222 0.295260 0.295280 0.295317 0.295318 0.295327 0.295320 0.295317 0.295312 0.295315 0.295303 0.295280 0.295261 0.295245 0.295234 0.000000 0.000000
0.000000 0.000000 0.289886 0.289889 0.289903 0.289942 0.289990 0.290044 0.290044 0.290052 0.290048 0.290047 0.290049 0.290046 0.290003 0.289957 0.289935 0.289915 0.289899 0.000000 0.000000
0.000000 0.000000 0.283434 0.283433 0.283441 0.283484 0.283531 0.283591 0.283591 0.283597 0.283598 0.283599 0.283602 0.283593 0.283544 0.283501 0.283465 0.283456 0.283433 0.000000 0.000000
0.000000 0.000000 0.276710 0.276717 0.276738 0.276765 0.276811 0.276875 0.276872 0.276885 0.276890 0.276888 0.276888 0.276891 0.276829 0.276782 0.276749 0.276738 0.276719 0.000000 0.000000
0.000000 0.000000 0.269852 0.269862 0.269872 0.269894 0.269960 0.270018 0.270015 0.270023 0.270031 0.270024 0.270015 0.270022 0.269971 0.269915 0.269881 0.269874 0.269859 0.000000 0.000000
0.000000 0.000000 0.262698 0.262704 0.262712 0.262762 0.262807 0.262871 0.262857 0.262890 0.262889 0.262886 0.262895 0.262875 0.262834 0.262799 0.262760 0.262740 0.262710 0.000000 0.000000
0.000000 0.000000 0.255096 0.255108 0.255132 0.255169 0.255211 0.255290 0.255289 0.255305 0.255287 0.255308 0.255304 0.255297 0.255222 0.255187 0.255159 0.255147 0.255073 0.000000 0.000000
0.000000 0.000000 0.247193 0.247211 0.247221 0.247262 0.247301 0.247468 0.247470 0.247483 0.247520 0.247500 0.247488 0.247475 0.247349 0.247314 0.247251 0.247246 0.247195 0.000000 0.000000
0.000000 0.000000 0.238485 0.238494 0.238522 0.238553 0.238723 0.238758 0.238796 0.238798 0.238807 0.238802 0.238806 0.238811 0.238791 0.238615 0.238564 0.238521 0.238468 0.000000 0.000000
0.000000 0.000000 0.228744 0.228753 0.228794 0.228983 0.229030 0.229131 0.229193 0.229205 0.229238 0.229261 0.229236 0.229248 0.229164 0.229095 0.228834 0.228858 0.228826 0.000000 0.000000
0.000000 0.000000 0.218300 0.218311 0.218566 0.218591 0.218605 0.218665 0.218604 0.218636 0.218607 0.218635 0.218666 0.218609 0.218570 0.218549 0.218599 0.218272 0.218267 0.000000 0.000000
0.000000 0.000000 0.206036 0.206392 0.206476 0.206583 0.206761 0.206837 0.206879 0.206876 0.206962 0.206964 0.206925 0.206949 0.206853 0.206717 0.206500 0.206480 0.206108 0.000000 0.000000
0.000000 0.000000 0.197749 0.197656 0.197324 0.197401 0.197500 0.197833 0.197834 0.197911 0.197841 0.197863 0.197847 0.197831 0.197526 0.197451 0.197269 0.197601 0.197671 0.000000 0.000000
0.000000 0.000000 0.300000 0.300000 0.300000 0.300000 0.300000 0.300000 0.300000 0.300000 0.300000 0.300000 0.300000 0.300000 0.300000 0.300000 0.300000 0.300000 0.300000 0.000000 0.000000
0.000000 0.000000 0.000000 0.000000 0.000000 0.000000 0.000000 0.000000 0.000000 0.000000 0.000000 0.000000 0.000000 0.000000 0.000000 0.000000 0.000000 0.000000 0.000000 0.000000 0.000000