geotop/1.0zi/1.0Montebello/Templates/testdem/maps/_Eocsand9604.asc
ncols         21
nrows         20
xllcorner     100.000000
yllcorner     100.000000
cellsize      50.000000
NODATA_value  -9999.0
0.000000 0.000000 0.000000 0.000000 0.000000 0.000000 0.000000 0.000000 0.000000 0.000000 0.000000 0.000000 0.000000 0.000000 0.000000 0.000000 0.000000 0.000000 0.000000 0.000000 0.000000
0.000000 0.000000 0.300240 0.300238 0.300238 0.300239 0.300238 0.300238 0.300238 0.300238 0.300239 0.300238 0.300238 0.300238 0.300238 0.300238 0.300239 0.300238 0.300238 0.000000 0.000000
0.000000 0.000000 0.300011 0.300013 0.300013 0.300011 0.300012 0.300013 0.300012 0.300012 0.300013 0.300012 0.300012 0.300012 0.300012 0.300012 0.300013 0.300013 0.300014 0.000000 0.000000
0.000000 0.000000 0.299816 0.299814 0.299821 0.299829 0.299829 0.299834 0.299827 0.299828 0.299828 0.299827 0.299826 0.299828 0.299822 0.299816 0.299813 0.299812 0.299811 0.000000 0.000000
0.000000 0.000000 0.297099 0.297099 0.297116 0.297148 0.297175 0.297185 0.297185 0.297186 0.297188 0.297182 0.297175 0.297176 0.297153 0.297140 0.297125 0.297115 0.297103 0.000000 0.000000
0.000000 0.000000 0.289652 0.289663 0.289699 0.289759 0.289822 0.289879 0.289877 0.289888 0.289887 0.289887 0.289874 0.289879 0.289847 0.289794 0.289768 0.289747 0.289735 0.000000 0.000000
0.000000 0.000000 0.279451 0.279472 0.279501 0.279573 0.279654 0.279763 0.279761 0.279771 0.279779 0.279779 0.279779 0.279774 0.279685 0.279621 0.279581 0.279553 0.279538 0.000000 0.000000
0.000000 0.000000 0.267332 0.267358 0.267388 0.267473 0.267563 0.267662 0.267661 0.267674 0.267684 0.267690 0.267692 0.267675 0.267593 0.267521 0.267456 0.267442 0.267414 0.000000 0.000000
0.000000 0.000000 0.254056 0.254093 0.254139 0.254205 0.254307 0.254425 0.254414 0.254438 0.254453 0.254458 0.254450 0.254456 0.254340 0.254254 0.254204 0.254183 0.254157 0.000000 0.000000
0.000000 0.000000 0.239441 0.239491 0.239528 0.239598 0.239710 0.239833 0.239831 0.239848 0.239873 0.239864 0.239846 0.239852 0.239760 0.239648 0.239590 0.239567 0.239555 0.000000 0.000000
0.000000 0.000000 0.222875 0.222916 0.222952 0.223108 0.223162 0.223326 0.223293 0.223373 0.223367 0.223379 0.223404 0.223358 0.223256 0.223187 0.223105 0.223075 0.223004 0.000000 0.000000
0.000000 0.000000 0.203611 0.203696 0.203792 0.203867 0.203953 0.204160 0.204164 0.204175 0.204151 0.204223 0.204188 0.204196 0.204013 0.203907 0.203864 0.203837 0.203693 0.000000 0.000000
0.000000 0.000000 0.181948 0.182028 0.182053 0.182200 0.182305 0.182844 0.182855 0.182889 0.183077 0.182965 0.182951 0.182903 0.182504 0.182414 0.182218 0.182208 0.182169 0.000000 0.000000
0.000000 0.000000 0.155160 0.155199 0.155369 0.155474 0.156223 0.155975 0.156138 0.156139 0.156046 0.156146 0.156162 0.156237 0.156471 0.155652 0.155617 0.155425 0.155308 0.000000 0.000000
0.000000 0.000000 0.124370 0.124460 0.124617 0.125594 0.125201 0.125803 0.125947 0.126011 0.126230 0.126309 0.126194 0.126190 0.125662 0.126040 0.124764 0.125061 0.125102 0.000000 0.000000
0.000000 0.000000 0.095985 0.096041 0.097153 0.096571 0.096769 0.096724 0.096236 0.096367 0.096107 0.096153 0.096362 0.096096 0.096251 0.096072 0.097326 0.095626 0.095652 0.000000 0.000000
0.000000 0.000000 0.070678 0.071588 0.071302 0.071704 0.072178 0.072330 0.072628 0.072558 0.072869 0.072833 0.072653 0.072837 0.072587 0.072238 0.071376 0.072036 0.071086 0.000000 0.000000
0.000000 0.000000 0.060943 0.060736 0.060179 0.060332 0.060467 0.060968 0.060980 0.061092 0.060971 0.061005 0.060981 0.060966 0.060521 0.060420 0.060147 0.060732 0.060931 0.000000 0.000000
0.000000 0.000000 0.300000 0.300000 0.300000 0.300000 0.300000 0.300000 0.300000 0.300000 0.300000 0.300000 0.300000 0.300000 0.300000 0.300000 0.300000 0.300000 0.300000 0.000000 0.000000
0.000000 0.000000 0.000000 0.000000 0.000000 0.000000 0.000000 0.000000 0.000000 0.000000 0.000000 0.000000 0.000000 0.000000 0.000000 0.000000 0.000000 0.000000 0.000000 0.000000 0.000000