geotop/1.0zi/1.0Montebello/Templates/testdem/maps/_Eocclay9312.asc
ncols         21
nrows         20
xllcorner     100.000000
yllcorner     100.000000
cellsize      50.000000
NODATA_value  -9999.0
0.000000 0.000000 0.000000 0.000000 0.000000 0.000000 0.000000 0.000000 0.000000 0.000000 0.000000 0.000000 0.000000 0.000000 0.000000 0.000000 0.000000 0.000000 0.000000 0.000000 0.000000
0.000000 0.000000 0.349565 0.349568 0.349568 0.349567 0.349569 0.349569 0.349568 0.349568 0.349567 0.349569 0.349568 0.349568 0.349568 0.349568 0.349566 0.349566 0.349567 0.000000 0.000000
0.000000 0.000000 0.349982 0.349980 0.349980 0.349982 0.349980 0.349980 0.349981 0.349980 0.349980 0.349980 0.349981 0.349980 0.349981 0.349981 0.349982 0.349982 0.349980 0.000000 0.000000
0.000000 0.000000 0.350023 0.350027 0.350026 0.350023 0.350024 0.350024 0.350028 0.350025 0.350029 0.350027 0.350027 0.350025 0.350028 0.350029 0.350027 0.350026 0.350025 0.000000 0.000000
0.000000 0.000000 0.351267 0.351260 0.351253 0.351243 0.351225 0.351225 0.351221 0.351222 0.351221 0.351223 0.351222 0.351224 0.351233 0.351238 0.351248 0.351250 0.351259 0.000000 0.000000
0.000000 0.000000 0.354860 0.354855 0.354832 0.354800 0.354772 0.354744 0.354748 0.354742 0.354744 0.354743 0.354748 0.354747 0.354761 0.354790 0.354804 0.354815 0.354821 0.000000 0.000000
0.000000 0.000000 0.359703 0.359693 0.359679 0.359649 0.359611 0.359555 0.359559 0.359553 0.359552 0.359554 0.359554 0.359556 0.359598 0.359631 0.359649 0.359661 0.359670 0.000000 0.000000
0.000000 0.000000 0.365450 0.365439 0.365424 0.365386 0.365346 0.365297 0.365299 0.365293 0.365291 0.365288 0.365286 0.365297 0.365335 0.365369 0.365400 0.365407 0.365422 0.000000 0.000000
0.000000 0.000000 0.371683 0.371669 0.371649 0.371622 0.371575 0.371520 0.371526 0.371515 0.371510 0.371508 0.371509 0.371509 0.371562 0.371603 0.371627 0.371634 0.371647 0.000000 0.000000
0.000000 0.000000 0.378502 0.378483 0.378468 0.378438 0.378375 0.378323 0.378326 0.378318 0.378309 0.378313 0.378321 0.378319 0.378362 0.378415 0.378444 0.378453 0.378460 0.000000 0.000000
0.000000 0.000000 0.386180 0.386166 0.386152 0.386084 0.386043 0.385974 0.385992 0.385956 0.385961 0.385955 0.385944 0.385967 0.386013 0.386046 0.386086 0.386101 0.386133 0.000000 0.000000
0.000000 0.000000 0.395014 0.394983 0.394944 0.394910 0.394851 0.394767 0.394769 0.394763 0.394777 0.394745 0.394760 0.394759 0.394842 0.394890 0.394913 0.394923 0.394992 0.000000 0.000000
0.000000 0.000000 0.404894 0.404865 0.404856 0.404780 0.404731 0.404491 0.404493 0.404480 0.404405 0.404449 0.404457 0.404481 0.404659 0.404704 0.404790 0.404794 0.404818 0.000000 0.000000
0.000000 0.000000 0.417045 0.417035 0.416967 0.416920 0.416585 0.416671 0.416607 0.416609 0.416646 0.416607 0.416601 0.416574 0.416493 0.416852 0.416876 0.416958 0.417013 0.000000 0.000000
0.000000 0.000000 0.431456 0.431413 0.431341 0.430898 0.431034 0.430778 0.430706 0.430681 0.430590 0.430549 0.430600 0.430602 0.430836 0.430715 0.431295 0.431166 0.431155 0.000000 0.000000
0.000000 0.000000 0.446068 0.446039 0.445453 0.445731 0.445638 0.445648 0.445906 0.445836 0.445971 0.445943 0.445835 0.445979 0.445919 0.445997 0.445379 0.446261 0.446248 0.000000 0.000000
0.000000 0.000000 0.461365 0.460702 0.460950 0.460640 0.460306 0.460198 0.459967 0.460021 0.459790 0.459816 0.459952 0.459810 0.459994 0.460240 0.460911 0.460368 0.461057 0.000000 0.000000
0.000000 0.000000 0.465554 0.466003 0.466431 0.466404 0.466408 0.465982 0.466050 0.465928 0.466121 0.466079 0.466053 0.466117 0.466466 0.466466 0.466486 0.466133 0.465687 0.000000 0.000000
0.000000 0.000000 0.350000 0.350000 0.350000 0.350000 0.350000 0.350000 0.350000 0.350000 0.350000 0.350000 0.350000 0.350000 0.350000 0.350000 0.350000 0.350000 0.350000 0.000000 0.000000
0.000000 0.000000 0.000000 0.000000 0.000000 0.000000 0.000000 0.000000 0.000000 0.000000 0.000000 0.000000 0.000000 0.000000 0.000000 0.000000 0.000000 0.000000 0.000000 0.000000 0.000000