geotop/1.0zi/1.0Montebello/Templates/testdem/maps/_Eocsand6349.asc
ncols         21
nrows         20
xllcorner     100.000000
yllcorner     100.000000
cellsize      50.000000
NODATA_value  -9999.0
0.000000 0.000000 0.000000 0.000000 0.000000 0.000000 0.000000 0.000000 0.000000 0.000000 0.000000 0.000000 0.000000 0.000000 0.000000 0.000000 0.000000 0.000000 0.000000 0.000000 0.000000
0.000000 0.000000 0.300156 0.300155 0.300154 0.300155 0.300154 0.300154 0.300154 0.300154 0.300155 0.300154 0.300155 0.300155 0.300154 0.300154 0.300156 0.300156 0.300155 0.000000 0.000000
0.000000 0.000000 0.300009 0.300010 0.300009 0.300008 0.300009 0.300009 0.300009 0.300009 0.300009 0.300009 0.300008 0.300009 0.300009 0.300009 0.300010 0.300010 0.300011 0.000000 0.000000
0.000000 0.000000 0.299963 0.299962 0.299966 0.299971 0.299969 0.299971 0.299967 0.299970 0.299967 0.299970 0.299969 0.299970 0.299968 0.299963 0.299963 0.299960 0.299960 0.000000 0.000000
0.000000 0.000000 0.298789 0.298784 0.298790 0.298798 0.298816 0.298824 0.298825 0.298825 0.298829 0.298829 0.298831 0.298829 0.298816 0.298813 0.298806 0.298796 0.298784 0.000000 0.000000
0.000000 0.000000 0.295268 0.295264 0.295278 0.295316 0.295335 0.295372 0.295373 0.295383 0.295375 0.295372 0.295367 0.295370 0.295358 0.295336 0.295317 0.295301 0.295291 0.000000 0.000000
0.000000 0.000000 0.290010 0.290013 0.290026 0.290065 0.290112 0.290166 0.290166 0.290173 0.290170 0.290168 0.290171 0.290168 0.290125 0.290081 0.290058 0.290038 0.290023 0.000000 0.000000
0.000000 0.000000 0.283637 0.283637 0.283644 0.283687 0.283732 0.283792 0.283792 0.283797 0.283798 0.283800 0.283803 0.283794 0.283746 0.283704 0.283668 0.283659 0.283637 0.000000 0.000000
0.000000 0.000000 0.277002 0.277010 0.277030 0.277057 0.277102 0.277165 0.277162 0.277175 0.277180 0.277178 0.277178 0.277181 0.277121 0.277074 0.277042 0.277031 0.277011 0.000000 0.000000
0.000000 0.000000 0.270243 0.270253 0.270262 0.270284 0.270349 0.270406 0.270403 0.270411 0.270419 0.270412 0.270403 0.270411 0.270360 0.270305 0.270272 0.270265 0.270250 0.000000 0.000000
0.000000 0.000000 0.263200 0.263205 0.263214 0.263262 0.263306 0.263369 0.263355 0.263387 0.263386 0.263384 0.263393 0.263373 0.263333 0.263299 0.263261 0.263241 0.263211 0.000000 0.000000
0.000000 0.000000 0.255724 0.255736 0.255759 0.255796 0.255837 0.255915 0.255913 0.255929 0.255912 0.255932 0.255928 0.255921 0.255848 0.255814 0.255787 0.255775 0.255701 0.000000 0.000000
0.000000 0.000000 0.247961 0.247978 0.247989 0.248029 0.248066 0.248230 0.248231 0.248244 0.248281 0.248261 0.248250 0.248236 0.248114 0.248080 0.248019 0.248013 0.247962 0.000000 0.000000
0.000000 0.000000 0.239420 0.239430 0.239456 0.239486 0.239652 0.239686 0.239723 0.239725 0.239735 0.239729 0.239733 0.239738 0.239719 0.239548 0.239499 0.239457 0.239403 0.000000 0.000000
0.000000 0.000000 0.229883 0.229892 0.229932 0.230115 0.230161 0.230258 0.230320 0.230331 0.230363 0.230386 0.230362 0.230373 0.230293 0.230225 0.229972 0.229995 0.229963 0.000000 0.000000
0.000000 0.000000 0.219670 0.219680 0.219927 0.219952 0.219965 0.220022 0.219964 0.219995 0.219968 0.219995 0.220025 0.219970 0.219933 0.219914 0.219960 0.219644 0.219639 0.000000 0.000000
0.000000 0.000000 0.207705 0.208049 0.208132 0.208234 0.208404 0.208475 0.208515 0.208513 0.208595 0.208598 0.208560 0.208583 0.208492 0.208364 0.208156 0.208134 0.207776 0.000000 0.000000
0.000000 0.000000 0.199554 0.199469 0.199149 0.199222 0.199318 0.199637 0.199638 0.199713 0.199648 0.199668 0.199653 0.199638 0.199345 0.199274 0.199096 0.199419 0.199481 0.000000 0.000000
0.000000 0.000000 0.300000 0.300000 0.300000 0.300000 0.300000 0.300000 0.300000 0.300000 0.300000 0.300000 0.300000 0.300000 0.300000 0.300000 0.300000 0.300000 0.300000 0.000000 0.000000
0.000000 0.000000 0.000000 0.000000 0.000000 0.000000 0.000000 0.000000 0.000000 0.000000 0.000000 0.000000 0.000000 0.000000 0.000000 0.000000 0.000000 0.000000 0.000000 0.000000 0.000000