geotop/1.0zi/1.0Montebello/Templates/testdem/maps/_Eocsand5380.asc
ncols         21
nrows         20
xllcorner     100.000000
yllcorner     100.000000
cellsize      50.000000
NODATA_value  -9999.0
0.000000 0.000000 0.000000 0.000000 0.000000 0.000000 0.000000 0.000000 0.000000 0.000000 0.000000 0.000000 0.000000 0.000000 0.000000 0.000000 0.000000 0.000000 0.000000 0.000000 0.000000
0.000000 0.000000 0.300134 0.300133 0.300133 0.300133 0.300133 0.300132 0.300133 0.300133 0.300133 0.300133 0.300133 0.300133 0.300133 0.300133 0.300133 0.300133 0.300133 0.000000 0.000000
0.000000 0.000000 0.300008 0.300007 0.300007 0.300007 0.300007 0.300007 0.300007 0.300007 0.300007 0.300007 0.300007 0.300006 0.300007 0.300007 0.300009 0.300009 0.300009 0.000000 0.000000
0.000000 0.000000 0.299974 0.299973 0.299975 0.299980 0.299977 0.299979 0.299977 0.299977 0.299977 0.299979 0.299978 0.299980 0.299976 0.299972 0.299974 0.299971 0.299973 0.000000 0.000000
0.000000 0.000000 0.299171 0.299167 0.299168 0.299176 0.299189 0.299197 0.299197 0.299196 0.299201 0.299197 0.299202 0.299202 0.299192 0.299192 0.299187 0.299176 0.299171 0.000000 0.000000
0.000000 0.000000 0.296408 0.296403 0.296411 0.296441 0.296455 0.296486 0.296489 0.296495 0.296488 0.296485 0.296480 0.296483 0.296476 0.296461 0.296447 0.296432 0.296425 0.000000 0.000000
0.000000 0.000000 0.292240 0.292243 0.292247 0.292279 0.292316 0.292362 0.292361 0.292366 0.292362 0.292359 0.292362 0.292360 0.292328 0.292294 0.292278 0.292261 0.292249 0.000000 0.000000
0.000000 0.000000 0.287171 0.287170 0.287169 0.287204 0.287241 0.287290 0.287289 0.287294 0.287293 0.287293 0.287296 0.287290 0.287255 0.287222 0.287193 0.287186 0.287170 0.000000 0.000000
0.000000 0.000000 0.281964 0.281970 0.281981 0.282001 0.282037 0.282090 0.282087 0.282096 0.282100 0.282097 0.282097 0.282102 0.282055 0.282019 0.281993 0.281986 0.281972 0.000000 0.000000
0.000000 0.000000 0.276752 0.276761 0.276763 0.276776 0.276829 0.276875 0.276871 0.276877 0.276884 0.276875 0.276870 0.276876 0.276840 0.276798 0.276772 0.276769 0.276759 0.000000 0.000000
0.000000 0.000000 0.271407 0.271412 0.271411 0.271447 0.271482 0.271533 0.271522 0.271547 0.271546 0.271542 0.271548 0.271536 0.271508 0.271482 0.271454 0.271438 0.271417 0.000000 0.000000
0.000000 0.000000 0.265834 0.265846 0.265857 0.265883 0.265913 0.265974 0.265970 0.265986 0.265970 0.265984 0.265982 0.265977 0.265925 0.265902 0.265882 0.265874 0.265817 0.000000 0.000000
0.000000 0.000000 0.260151 0.260162 0.260164 0.260193 0.260220 0.260339 0.260339 0.260350 0.260374 0.260360 0.260350 0.260341 0.260257 0.260236 0.260192 0.260188 0.260146 0.000000 0.000000
0.000000 0.000000 0.254038 0.254046 0.254058 0.254076 0.254187 0.254219 0.254246 0.254248 0.254258 0.254252 0.254250 0.254255 0.254241 0.254132 0.254094 0.254065 0.254023 0.000000 0.000000
0.000000 0.000000 0.247365 0.247371 0.247396 0.247507 0.247545 0.247612 0.247660 0.247666 0.247688 0.247699 0.247685 0.247696 0.247649 0.247593 0.247426 0.247439 0.247413 0.000000 0.000000
0.000000 0.000000 0.240352 0.240362 0.240501 0.240534 0.240544 0.240588 0.240565 0.240583 0.240572 0.240589 0.240604 0.240576 0.240552 0.240534 0.240532 0.240351 0.240345 0.000000 0.000000
0.000000 0.000000 0.232438 0.232627 0.232707 0.232764 0.232853 0.232901 0.232913 0.232918 0.232957 0.232965 0.232950 0.232955 0.232904 0.232836 0.232728 0.232665 0.232477 0.000000 0.000000
0.000000 0.000000 0.226464 0.226478 0.226317 0.226368 0.226437 0.226616 0.226623 0.226662 0.226642 0.226652 0.226639 0.226636 0.226471 0.226427 0.226293 0.226464 0.226437 0.000000 0.000000
0.000000 0.000000 0.300000 0.300000 0.300000 0.300000 0.300000 0.300000 0.300000 0.300000 0.300000 0.300000 0.300000 0.300000 0.300000 0.300000 0.300000 0.300000 0.300000 0.000000 0.000000
0.000000 0.000000 0.000000 0.000000 0.000000 0.000000 0.000000 0.000000 0.000000 0.000000 0.000000 0.000000 0.000000 0.000000 0.000000 0.000000 0.000000 0.000000 0.000000 0.000000 0.000000