geotop/1.0zi/1.0Montebello/Templates/testdem/maps/_Eocsand5756.asc
ncols         21
nrows         20
xllcorner     100.000000
yllcorner     100.000000
cellsize      50.000000
NODATA_value  -9999.0
0.000000 0.000000 0.000000 0.000000 0.000000 0.000000 0.000000 0.000000 0.000000 0.000000 0.000000 0.000000 0.000000 0.000000 0.000000 0.000000 0.000000 0.000000 0.000000 0.000000 0.000000
0.000000 0.000000 0.300142 0.300142 0.300141 0.300141 0.300141 0.300141 0.300141 0.300141 0.300141 0.300141 0.300141 0.300142 0.300141 0.300141 0.300141 0.300142 0.300142 0.000000 0.000000
0.000000 0.000000 0.300009 0.300008 0.300008 0.300008 0.300008 0.300008 0.300008 0.300008 0.300008 0.300008 0.300007 0.300007 0.300008 0.300008 0.300010 0.300010 0.300009 0.000000 0.000000
0.000000 0.000000 0.299967 0.299966 0.299970 0.299974 0.299971 0.299973 0.299970 0.299972 0.299971 0.299973 0.299973 0.299974 0.299970 0.299965 0.299966 0.299963 0.299965 0.000000 0.000000
0.000000 0.000000 0.298997 0.298994 0.298996 0.299004 0.299018 0.299026 0.299026 0.299027 0.299030 0.299028 0.299031 0.299029 0.299020 0.299018 0.299014 0.299003 0.298995 0.000000 0.000000
0.000000 0.000000 0.295913 0.295908 0.295917 0.295949 0.295966 0.296000 0.296002 0.296010 0.296002 0.296000 0.295996 0.296001 0.295991 0.295972 0.295958 0.295942 0.295934 0.000000 0.000000
0.000000 0.000000 0.291344 0.291348 0.291354 0.291388 0.291429 0.291479 0.291477 0.291484 0.291479 0.291477 0.291480 0.291479 0.291444 0.291406 0.291390 0.291372 0.291359 0.000000 0.000000
0.000000 0.000000 0.285801 0.285800 0.285802 0.285838 0.285879 0.285933 0.285931 0.285937 0.285936 0.285937 0.285941 0.285934 0.285895 0.285859 0.285829 0.285821 0.285803 0.000000 0.000000
0.000000 0.000000 0.280084 0.280091 0.280104 0.280125 0.280165 0.280222 0.280219 0.280229 0.280233 0.280230 0.280231 0.280236 0.280185 0.280145 0.280119 0.280111 0.280094 0.000000 0.000000
0.000000 0.000000 0.274324 0.274334 0.274337 0.274353 0.274410 0.274460 0.274456 0.274462 0.274470 0.274462 0.274456 0.274463 0.274423 0.274377 0.274350 0.274346 0.274334 0.000000 0.000000
0.000000 0.000000 0.268381 0.268387 0.268387 0.268428 0.268466 0.268523 0.268510 0.268537 0.268536 0.268533 0.268541 0.268527 0.268495 0.268466 0.268436 0.268419 0.268395 0.000000 0.000000
0.000000 0.000000 0.262145 0.262159 0.262173 0.262202 0.262236 0.262303 0.262300 0.262316 0.262298 0.262315 0.262312 0.262308 0.262250 0.262223 0.262202 0.262193 0.262130 0.000000 0.000000
0.000000 0.000000 0.255746 0.255758 0.255762 0.255794 0.255825 0.255961 0.255961 0.255972 0.256000 0.255984 0.255975 0.255966 0.255868 0.255843 0.255795 0.255791 0.255746 0.000000 0.000000
0.000000 0.000000 0.248801 0.248809 0.248825 0.248845 0.248976 0.249011 0.249040 0.249042 0.249052 0.249047 0.249046 0.249052 0.249037 0.248908 0.248867 0.248834 0.248789 0.000000 0.000000
0.000000 0.000000 0.241158 0.241168 0.241195 0.241328 0.241372 0.241450 0.241502 0.241509 0.241534 0.241548 0.241533 0.241546 0.241489 0.241426 0.241234 0.241249 0.241222 0.000000 0.000000
0.000000 0.000000 0.233077 0.233087 0.233260 0.233291 0.233302 0.233354 0.233319 0.233340 0.233325 0.233344 0.233365 0.233331 0.233302 0.233284 0.233296 0.233072 0.233066 0.000000 0.000000
0.000000 0.000000 0.223836 0.224073 0.224156 0.224226 0.224340 0.224399 0.224418 0.224421 0.224472 0.224479 0.224458 0.224469 0.224404 0.224319 0.224183 0.224129 0.223889 0.000000 0.000000
0.000000 0.000000 0.217078 0.217070 0.216860 0.216919 0.217011 0.217235 0.217240 0.217290 0.217257 0.217271 0.217256 0.217252 0.217049 0.216983 0.216834 0.217050 0.217044 0.000000 0.000000
0.000000 0.000000 0.300000 0.300000 0.300000 0.300000 0.300000 0.300000 0.300000 0.300000 0.300000 0.300000 0.300000 0.300000 0.300000 0.300000 0.300000 0.300000 0.300000 0.000000 0.000000
0.000000 0.000000 0.000000 0.000000 0.000000 0.000000 0.000000 0.000000 0.000000 0.000000 0.000000 0.000000 0.000000 0.000000 0.000000 0.000000 0.000000 0.000000 0.000000 0.000000 0.000000