geotop/1.0zi/1.0Montebello/Templates/testdem/maps/_Eocsand8438.asc
ncols         21
nrows         20
xllcorner     100.000000
yllcorner     100.000000
cellsize      50.000000
NODATA_value  -9999.0
0.000000 0.000000 0.000000 0.000000 0.000000 0.000000 0.000000 0.000000 0.000000 0.000000 0.000000 0.000000 0.000000 0.000000 0.000000 0.000000 0.000000 0.000000 0.000000 0.000000 0.000000
0.000000 0.000000 0.300210 0.300208 0.300208 0.300208 0.300207 0.300207 0.300207 0.300207 0.300208 0.300207 0.300208 0.300208 0.300207 0.300207 0.300209 0.300209 0.300209 0.000000 0.000000
0.000000 0.000000 0.300011 0.300012 0.300012 0.300011 0.300012 0.300012 0.300012 0.300012 0.300012 0.300012 0.300011 0.300012 0.300012 0.300012 0.300012 0.300013 0.300013 0.000000 0.000000
0.000000 0.000000 0.299893 0.299893 0.299897 0.299905 0.299901 0.299909 0.299904 0.299906 0.299906 0.299906 0.299906 0.299908 0.299903 0.299898 0.299896 0.299893 0.299894 0.000000 0.000000
0.000000 0.000000 0.297936 0.297934 0.297943 0.297957 0.297979 0.297989 0.297996 0.297995 0.297999 0.297997 0.298001 0.297994 0.297973 0.297965 0.297953 0.297939 0.297929 0.000000 0.000000
0.000000 0.000000 0.292152 0.292153 0.292175 0.292222 0.292258 0.292306 0.292306 0.292319 0.292310 0.292312 0.292308 0.292308 0.292281 0.292247 0.292219 0.292198 0.292186 0.000000 0.000000
0.000000 0.000000 0.284006 0.284018 0.284034 0.284087 0.284155 0.284233 0.284233 0.284242 0.284241 0.284241 0.284244 0.284238 0.284171 0.284113 0.284079 0.284050 0.284035 0.000000 0.000000
0.000000 0.000000 0.274343 0.274351 0.274364 0.274426 0.274488 0.274573 0.274574 0.274585 0.274587 0.274591 0.274598 0.274581 0.274508 0.274454 0.274399 0.274384 0.274358 0.000000 0.000000
0.000000 0.000000 0.263964 0.263985 0.264012 0.264052 0.264123 0.264215 0.264210 0.264229 0.264235 0.264238 0.264237 0.264239 0.264149 0.264079 0.264036 0.264014 0.263993 0.000000 0.000000
0.000000 0.000000 0.252929 0.252952 0.252966 0.253005 0.253106 0.253189 0.253189 0.253199 0.253213 0.253204 0.253195 0.253198 0.253123 0.253039 0.252990 0.252971 0.252956 0.000000 0.000000
0.000000 0.000000 0.240869 0.240881 0.240896 0.240989 0.241055 0.241160 0.241134 0.241192 0.241180 0.241186 0.241207 0.241172 0.241097 0.241048 0.240981 0.240946 0.240901 0.000000 0.000000
0.000000 0.000000 0.227393 0.227434 0.227471 0.227522 0.227608 0.227729 0.227741 0.227751 0.227726 0.227770 0.227754 0.227751 0.227621 0.227552 0.227510 0.227482 0.227374 0.000000 0.000000
0.000000 0.000000 0.212720 0.212761 0.212763 0.212855 0.212921 0.213253 0.213261 0.213275 0.213369 0.213316 0.213305 0.213273 0.213017 0.212954 0.212827 0.212816 0.212762 0.000000 0.000000
0.000000 0.000000 0.195365 0.195375 0.195440 0.195500 0.195920 0.195880 0.195966 0.195964 0.195935 0.195968 0.195978 0.196006 0.196049 0.195604 0.195545 0.195426 0.195347 0.000000 0.000000
0.000000 0.000000 0.174798 0.174839 0.174923 0.175464 0.175400 0.175675 0.175797 0.175823 0.175921 0.175983 0.175926 0.175935 0.175667 0.175701 0.174983 0.175100 0.175092 0.000000 0.000000
0.000000 0.000000 0.152296 0.152333 0.153111 0.152875 0.152940 0.153003 0.152704 0.152796 0.152638 0.152692 0.152826 0.152632 0.152626 0.152576 0.153187 0.152041 0.152059 0.000000 0.000000
0.000000 0.000000 0.124681 0.125893 0.125595 0.126067 0.126670 0.126856 0.127205 0.127123 0.127495 0.127457 0.127250 0.127462 0.127145 0.126698 0.125645 0.126360 0.125100 0.000000 0.000000
0.000000 0.000000 0.115410 0.114277 0.113285 0.113276 0.113206 0.114162 0.113992 0.114273 0.113805 0.113901 0.113979 0.113819 0.113027 0.113077 0.113108 0.113859 0.114973 0.000000 0.000000
0.000000 0.000000 0.300000 0.300000 0.300000 0.300000 0.300000 0.300000 0.300000 0.300000 0.300000 0.300000 0.300000 0.300000 0.300000 0.300000 0.300000 0.300000 0.300000 0.000000 0.000000
0.000000 0.000000 0.000000 0.000000 0.000000 0.000000 0.000000 0.000000 0.000000 0.000000 0.000000 0.000000 0.000000 0.000000 0.000000 0.000000 0.000000 0.000000 0.000000 0.000000 0.000000