geotop/1.0zi/1.0Montebello/Templates/testdem/maps/_Eocsand1593.asc
ncols         21
nrows         20
xllcorner     100.000000
yllcorner     100.000000
cellsize      50.000000
NODATA_value  -9999.0
0.000000 0.000000 0.000000 0.000000 0.000000 0.000000 0.000000 0.000000 0.000000 0.000000 0.000000 0.000000 0.000000 0.000000 0.000000 0.000000 0.000000 0.000000 0.000000 0.000000 0.000000
0.000000 0.000000 0.300050 0.300050 0.300050 0.300050 0.300050 0.300050 0.300050 0.300050 0.300050 0.300050 0.300050 0.300050 0.300050 0.300050 0.300050 0.300050 0.300050 0.000000 0.000000
0.000000 0.000000 0.300008 0.300009 0.300009 0.300008 0.300008 0.300008 0.300008 0.300008 0.300008 0.300008 0.300008 0.300008 0.300008 0.300008 0.300009 0.300009 0.300008 0.000000 0.000000
0.000000 0.000000 0.298742 0.298743 0.298748 0.298745 0.298742 0.298742 0.298743 0.298742 0.298742 0.298742 0.298743 0.298742 0.298742 0.298745 0.298748 0.298743 0.298742 0.000000 0.000000
0.000000 0.000000 0.294106 0.294107 0.294111 0.294111 0.294104 0.294106 0.294106 0.294104 0.294104 0.294104 0.294106 0.294106 0.294104 0.294111 0.294111 0.294107 0.294106 0.000000 0.000000
0.000000 0.000000 0.288657 0.288658 0.288661 0.288660 0.288655 0.288656 0.288656 0.288655 0.288655 0.288655 0.288656 0.288656 0.288655 0.288660 0.288661 0.288658 0.288657 0.000000 0.000000
0.000000 0.000000 0.283575 0.283575 0.283578 0.283577 0.283573 0.283574 0.283574 0.283573 0.283573 0.283573 0.283574 0.283574 0.283573 0.283577 0.283578 0.283575 0.283575 0.000000 0.000000
0.000000 0.000000 0.278906 0.278906 0.278909 0.278908 0.278905 0.278906 0.278906 0.278905 0.278905 0.278905 0.278906 0.278906 0.278905 0.278908 0.278909 0.278906 0.278906 0.000000 0.000000
0.000000 0.000000 0.274534 0.274534 0.274537 0.274536 0.274533 0.274534 0.274534 0.274533 0.274533 0.274533 0.274534 0.274534 0.274533 0.274536 0.274537 0.274534 0.274534 0.000000 0.000000
0.000000 0.000000 0.270350 0.270350 0.270353 0.270352 0.270349 0.270349 0.270349 0.270349 0.270349 0.270349 0.270349 0.270349 0.270349 0.270352 0.270353 0.270350 0.270350 0.000000 0.000000
0.000000 0.000000 0.266310 0.266310 0.266313 0.266312 0.266309 0.266310 0.266310 0.266309 0.266309 0.266309 0.266310 0.266310 0.266309 0.266312 0.266313 0.266310 0.266310 0.000000 0.000000
0.000000 0.000000 0.262375 0.262375 0.262378 0.262377 0.262374 0.262375 0.262375 0.262374 0.262374 0.262374 0.262375 0.262375 0.262374 0.262377 0.262378 0.262375 0.262375 0.000000 0.000000
0.000000 0.000000 0.258515 0.258515 0.258518 0.258517 0.258514 0.258515 0.258515 0.258514 0.258514 0.258514 0.258515 0.258515 0.258514 0.258517 0.258518 0.258515 0.258515 0.000000 0.000000
0.000000 0.000000 0.254730 0.254731 0.254733 0.254732 0.254730 0.254730 0.254730 0.254730 0.254730 0.254730 0.254730 0.254730 0.254730 0.254732 0.254733 0.254731 0.254730 0.000000 0.000000
0.000000 0.000000 0.251005 0.251005 0.251008 0.251007 0.251004 0.251005 0.251005 0.251004 0.251004 0.251004 0.251005 0.251005 0.251004 0.251007 0.251008 0.251005 0.251005 0.000000 0.000000
0.000000 0.000000 0.247324 0.247324 0.247327 0.247325 0.247323 0.247323 0.247324 0.247323 0.247323 0.247323 0.247324 0.247323 0.247323 0.247325 0.247327 0.247324 0.247324 0.000000 0.000000
0.000000 0.000000 0.243686 0.243686 0.243689 0.243687 0.243685 0.243685 0.243686 0.243685 0.243685 0.243685 0.243686 0.243685 0.243685 0.243687 0.243689 0.243686 0.243686 0.000000 0.000000
0.000000 0.000000 0.240013 0.240013 0.240016 0.240015 0.240012 0.240013 0.240013 0.240012 0.240012 0.240012 0.240013 0.240013 0.240012 0.240015 0.240016 0.240013 0.240013 0.000000 0.000000
0.000000 0.000000 0.300000 0.300000 0.300000 0.300000 0.300000 0.300000 0.300000 0.300000 0.300000 0.300000 0.300000 0.300000 0.300000 0.300000 0.300000 0.300000 0.300000 0.000000 0.000000
0.000000 0.000000 0.000000 0.000000 0.000000 0.000000 0.000000 0.000000 0.000000 0.000000 0.000000 0.000000 0.000000 0.000000 0.000000 0.000000 0.000000 0.000000 0.000000 0.000000 0.000000