geotop/1.0zi/1.0Montebello/Templates/testdem/maps/_Eocsilt8118.asc
ncols         21
nrows         20
xllcorner     100.000000
yllcorner     100.000000
cellsize      50.000000
NODATA_value  -9999.0
0.000000 0.000000 0.000000 0.000000 0.000000 0.000000 0.000000 0.000000 0.000000 0.000000 0.000000 0.000000 0.000000 0.000000 0.000000 0.000000 0.000000 0.000000 0.000000 0.000000 0.000000
0.000000 0.000000 0.350170 0.350170 0.350170 0.350171 0.350170 0.350170 0.350170 0.350170 0.350170 0.350170 0.350170 0.350170 0.350170 0.350170 0.350171 0.350170 0.350170 0.000000 0.000000
0.000000 0.000000 0.350005 0.350005 0.350005 0.350005 0.350006 0.350005 0.350006 0.350006 0.350006 0.350006 0.350006 0.350006 0.350006 0.350005 0.350003 0.350004 0.350005 0.000000 0.000000
0.000000 0.000000 0.350103 0.350099 0.350097 0.350091 0.350092 0.350087 0.350090 0.350090 0.350087 0.350089 0.350089 0.350089 0.350092 0.350095 0.350099 0.350099 0.350100 0.000000 0.000000
0.000000 0.000000 0.351024 0.351030 0.351025 0.351014 0.351007 0.351000 0.350996 0.350995 0.350994 0.350994 0.350995 0.350997 0.351011 0.351016 0.351019 0.351029 0.351032 0.000000 0.000000
0.000000 0.000000 0.353730 0.353731 0.353720 0.353704 0.353684 0.353662 0.353661 0.353655 0.353659 0.353659 0.353661 0.353660 0.353672 0.353685 0.353698 0.353706 0.353712 0.000000 0.000000
0.000000 0.000000 0.357601 0.357597 0.357585 0.357559 0.357526 0.357491 0.357492 0.357487 0.357489 0.357487 0.357484 0.357489 0.357519 0.357546 0.357564 0.357580 0.357587 0.000000 0.000000
0.000000 0.000000 0.362181 0.362179 0.362172 0.362144 0.362113 0.362074 0.362074 0.362069 0.362068 0.362065 0.362063 0.362069 0.362103 0.362131 0.362158 0.362165 0.362177 0.000000 0.000000
0.000000 0.000000 0.367108 0.367100 0.367084 0.367065 0.367032 0.366988 0.366989 0.366980 0.366977 0.366975 0.366977 0.366976 0.367019 0.367053 0.367075 0.367086 0.367097 0.000000 0.000000
0.000000 0.000000 0.372295 0.372286 0.372277 0.372259 0.372212 0.372172 0.372172 0.372167 0.372161 0.372164 0.372170 0.372167 0.372203 0.372243 0.372267 0.372276 0.372284 0.000000 0.000000
0.000000 0.000000 0.377902 0.377895 0.377886 0.377845 0.377812 0.377766 0.377776 0.377751 0.377754 0.377753 0.377744 0.377760 0.377793 0.377818 0.377849 0.377866 0.377887 0.000000 0.000000
0.000000 0.000000 0.384120 0.384103 0.384083 0.384058 0.384020 0.383962 0.383958 0.383951 0.383964 0.383945 0.383951 0.383954 0.384014 0.384044 0.384066 0.384078 0.384130 0.000000 0.000000
0.000000 0.000000 0.390830 0.390814 0.390806 0.390769 0.390736 0.390586 0.390584 0.390575 0.390535 0.390556 0.390564 0.390578 0.390692 0.390723 0.390780 0.390787 0.390813 0.000000 0.000000
0.000000 0.000000 0.398673 0.398668 0.398636 0.398610 0.398423 0.398436 0.398397 0.398397 0.398408 0.398397 0.398392 0.398384 0.398368 0.398561 0.398593 0.398645 0.398682 0.000000 0.000000
0.000000 0.000000 0.407890 0.407873 0.407834 0.407599 0.407615 0.407498 0.407445 0.407431 0.407392 0.407363 0.407389 0.407384 0.407498 0.407496 0.407807 0.407761 0.407768 0.000000 0.000000
0.000000 0.000000 0.417970 0.417956 0.417616 0.417702 0.417677 0.417642 0.417767 0.417726 0.417791 0.417767 0.417712 0.417796 0.417806 0.417825 0.417587 0.418073 0.418066 0.000000 0.000000
0.000000 0.000000 0.430383 0.429857 0.429956 0.429762 0.429498 0.429420 0.429280 0.429312 0.429157 0.429170 0.429258 0.429173 0.429305 0.429500 0.429937 0.429666 0.430213 0.000000 0.000000
0.000000 0.000000 0.435128 0.435600 0.436045 0.436043 0.436058 0.435631 0.435698 0.435574 0.435772 0.435731 0.435703 0.435770 0.436127 0.436116 0.436127 0.435775 0.435315 0.000000 0.000000
0.000000 0.000000 0.350000 0.350000 0.350000 0.350000 0.350000 0.350000 0.350000 0.350000 0.350000 0.350000 0.350000 0.350000 0.350000 0.350000 0.350000 0.350000 0.350000 0.000000 0.000000
0.000000 0.000000 0.000000 0.000000 0.000000 0.000000 0.000000 0.000000 0.000000 0.000000 0.000000 0.000000 0.000000 0.000000 0.000000 0.000000 0.000000 0.000000 0.000000 0.000000 0.000000