geotop/1.0zi/1.0Montebello/Templates/testdem/maps/_Eocsilt9371.asc
ncols         21
nrows         20
xllcorner     100.000000
yllcorner     100.000000
cellsize      50.000000
NODATA_value  -9999.0
0.000000 0.000000 0.000000 0.000000 0.000000 0.000000 0.000000 0.000000 0.000000 0.000000 0.000000 0.000000 0.000000 0.000000 0.000000 0.000000 0.000000 0.000000 0.000000 0.000000 0.000000
0.000000 0.000000 0.350199 0.350198 0.350199 0.350199 0.350198 0.350198 0.350199 0.350198 0.350199 0.350198 0.350198 0.350198 0.350198 0.350199 0.350199 0.350199 0.350198 0.000000 0.000000
0.000000 0.000000 0.350008 0.350007 0.350008 0.350007 0.350008 0.350008 0.350008 0.350008 0.350008 0.350008 0.350009 0.350009 0.350008 0.350007 0.350006 0.350006 0.350007 0.000000 0.000000
0.000000 0.000000 0.350124 0.350120 0.350115 0.350110 0.350110 0.350105 0.350108 0.350108 0.350105 0.350109 0.350110 0.350110 0.350112 0.350116 0.350121 0.350121 0.350124 0.000000 0.000000
0.000000 0.000000 0.351314 0.351319 0.351309 0.351292 0.351282 0.351277 0.351279 0.351277 0.351277 0.351280 0.351285 0.351283 0.351296 0.351303 0.351307 0.351313 0.351316 0.000000 0.000000
0.000000 0.000000 0.354699 0.354693 0.354679 0.354658 0.354628 0.354605 0.354602 0.354597 0.354600 0.354602 0.354606 0.354604 0.354619 0.354640 0.354651 0.354658 0.354666 0.000000 0.000000
0.000000 0.000000 0.359508 0.359499 0.359482 0.359450 0.359409 0.359359 0.359364 0.359360 0.359359 0.359359 0.359357 0.359362 0.359401 0.359431 0.359452 0.359466 0.359474 0.000000 0.000000
0.000000 0.000000 0.365199 0.365188 0.365175 0.365139 0.365099 0.365053 0.365055 0.365050 0.365047 0.365045 0.365044 0.365052 0.365089 0.365124 0.365156 0.365161 0.365176 0.000000 0.000000
0.000000 0.000000 0.371426 0.371410 0.371389 0.371362 0.371315 0.371259 0.371265 0.371254 0.371250 0.371248 0.371252 0.371250 0.371304 0.371344 0.371369 0.371380 0.371393 0.000000 0.000000
0.000000 0.000000 0.378200 0.378181 0.378165 0.378136 0.378074 0.378023 0.378026 0.378019 0.378009 0.378015 0.378023 0.378021 0.378064 0.378116 0.378145 0.378155 0.378162 0.000000 0.000000
0.000000 0.000000 0.385775 0.385761 0.385748 0.385680 0.385640 0.385573 0.385591 0.385555 0.385561 0.385557 0.385546 0.385568 0.385614 0.385646 0.385686 0.385702 0.385734 0.000000 0.000000
0.000000 0.000000 0.394485 0.394454 0.394415 0.394383 0.394325 0.394242 0.394244 0.394238 0.394253 0.394223 0.394239 0.394239 0.394320 0.394367 0.394389 0.394403 0.394470 0.000000 0.000000
0.000000 0.000000 0.404187 0.404160 0.404151 0.404077 0.404028 0.403794 0.403796 0.403784 0.403710 0.403755 0.403764 0.403787 0.403962 0.404005 0.404090 0.404097 0.404120 0.000000 0.000000
0.000000 0.000000 0.416044 0.416034 0.415968 0.415923 0.415598 0.415683 0.415621 0.415623 0.415660 0.415625 0.415620 0.415593 0.415513 0.415862 0.415885 0.415968 0.416020 0.000000 0.000000
0.000000 0.000000 0.429889 0.429849 0.429781 0.429361 0.429490 0.429246 0.429180 0.429156 0.429070 0.429033 0.429083 0.429085 0.429309 0.429192 0.429743 0.429624 0.429613 0.000000 0.000000
0.000000 0.000000 0.443489 0.443462 0.442937 0.443181 0.443097 0.443103 0.443332 0.443270 0.443391 0.443368 0.443273 0.443401 0.443349 0.443421 0.442874 0.443666 0.443654 0.000000 0.000000
0.000000 0.000000 0.456703 0.456196 0.456360 0.456130 0.455871 0.455785 0.455616 0.455655 0.455481 0.455502 0.455603 0.455500 0.455642 0.455835 0.456330 0.455952 0.456480 0.000000 0.000000
0.000000 0.000000 0.461333 0.461516 0.461820 0.461754 0.461702 0.461408 0.461421 0.461349 0.461442 0.461419 0.461422 0.461444 0.461698 0.461738 0.461850 0.461555 0.461377 0.000000 0.000000
0.000000 0.000000 0.350000 0.350000 0.350000 0.350000 0.350000 0.350000 0.350000 0.350000 0.350000 0.350000 0.350000 0.350000 0.350000 0.350000 0.350000 0.350000 0.350000 0.000000 0.000000
0.000000 0.000000 0.000000 0.000000 0.000000 0.000000 0.000000 0.000000 0.000000 0.000000 0.000000 0.000000 0.000000 0.000000 0.000000 0.000000 0.000000 0.000000 0.000000 0.000000 0.000000