geotop/1.0zi/1.0Montebello/Templates/testdem/maps/_Eocclay6091.asc
ncols         21
nrows         20
xllcorner     100.000000
yllcorner     100.000000
cellsize      50.000000
NODATA_value  -9999.0
0.000000 0.000000 0.000000 0.000000 0.000000 0.000000 0.000000 0.000000 0.000000 0.000000 0.000000 0.000000 0.000000 0.000000 0.000000 0.000000 0.000000 0.000000 0.000000 0.000000 0.000000
0.000000 0.000000 0.349730 0.349730 0.349731 0.349731 0.349731 0.349731 0.349731 0.349731 0.349731 0.349731 0.349731 0.349730 0.349731 0.349731 0.349730 0.349730 0.349730 0.000000 0.000000
0.000000 0.000000 0.349989 0.349989 0.349989 0.349989 0.349989 0.349989 0.349989 0.349989 0.349989 0.349988 0.349989 0.349989 0.349989 0.349989 0.349989 0.349989 0.349989 0.000000 0.000000
0.000000 0.000000 0.349983 0.349985 0.349983 0.349985 0.349987 0.349987 0.349987 0.349985 0.349987 0.349985 0.349986 0.349984 0.349986 0.349988 0.349986 0.349987 0.349986 0.000000 0.000000
0.000000 0.000000 0.350507 0.350506 0.350505 0.350501 0.350490 0.350486 0.350487 0.350488 0.350487 0.350487 0.350483 0.350484 0.350488 0.350488 0.350494 0.350496 0.350501 0.000000 0.000000
0.000000 0.000000 0.352202 0.352203 0.352197 0.352177 0.352170 0.352153 0.352153 0.352149 0.352152 0.352152 0.352155 0.352155 0.352160 0.352173 0.352180 0.352192 0.352197 0.000000 0.000000
0.000000 0.000000 0.354695 0.354692 0.354689 0.354671 0.354650 0.354622 0.354622 0.354617 0.354619 0.354621 0.354621 0.354620 0.354641 0.354664 0.354673 0.354682 0.354689 0.000000 0.000000
0.000000 0.000000 0.357714 0.357714 0.357710 0.357690 0.357669 0.357639 0.357639 0.357636 0.357636 0.357636 0.357634 0.357639 0.357661 0.357681 0.357696 0.357702 0.357712 0.000000 0.000000
0.000000 0.000000 0.360802 0.360799 0.360791 0.360780 0.360759 0.360729 0.360731 0.360726 0.360723 0.360724 0.360724 0.360722 0.360749 0.360771 0.360785 0.360789 0.360798 0.000000 0.000000
0.000000 0.000000 0.363944 0.363938 0.363935 0.363926 0.363896 0.363868 0.363870 0.363867 0.363863 0.363867 0.363871 0.363867 0.363890 0.363916 0.363931 0.363933 0.363940 0.000000 0.000000
0.000000 0.000000 0.367221 0.367218 0.367216 0.367194 0.367173 0.367143 0.367149 0.367135 0.367135 0.367136 0.367132 0.367140 0.367159 0.367175 0.367192 0.367202 0.367215 0.000000 0.000000
0.000000 0.000000 0.370678 0.370671 0.370661 0.370645 0.370627 0.370590 0.370592 0.370583 0.370592 0.370583 0.370584 0.370587 0.370620 0.370636 0.370648 0.370653 0.370687 0.000000 0.000000
0.000000 0.000000 0.374251 0.374244 0.374241 0.374222 0.374205 0.374130 0.374130 0.374124 0.374107 0.374116 0.374122 0.374127 0.374183 0.374199 0.374225 0.374228 0.374252 0.000000 0.000000
0.000000 0.000000 0.378159 0.378155 0.378144 0.378132 0.378057 0.378039 0.378023 0.378022 0.378017 0.378019 0.378019 0.378017 0.378025 0.378101 0.378124 0.378143 0.378167 0.000000 0.000000
0.000000 0.000000 0.382494 0.382488 0.382470 0.382391 0.382370 0.382325 0.382296 0.382291 0.382277 0.382269 0.382278 0.382272 0.382306 0.382341 0.382452 0.382443 0.382458 0.000000 0.000000
0.000000 0.000000 0.387107 0.387101 0.386996 0.386981 0.386976 0.386949 0.386972 0.386959 0.386969 0.386958 0.386945 0.386967 0.386983 0.386993 0.386979 0.387115 0.387118 0.000000 0.000000
0.000000 0.000000 0.392450 0.392304 0.392261 0.392219 0.392150 0.392116 0.392101 0.392100 0.392068 0.392065 0.392079 0.392072 0.392112 0.392165 0.392250 0.392270 0.392419 0.000000 0.000000
0.000000 0.000000 0.396233 0.396253 0.396385 0.396353 0.396304 0.396169 0.396167 0.396136 0.396160 0.396151 0.396159 0.396164 0.396287 0.396323 0.396406 0.396270 0.396260 0.000000 0.000000
0.000000 0.000000 0.350000 0.350000 0.350000 0.350000 0.350000 0.350000 0.350000 0.350000 0.350000 0.350000 0.350000 0.350000 0.350000 0.350000 0.350000 0.350000 0.350000 0.000000 0.000000
0.000000 0.000000 0.000000 0.000000 0.000000 0.000000 0.000000 0.000000 0.000000 0.000000 0.000000 0.000000 0.000000 0.000000 0.000000 0.000000 0.000000 0.000000 0.000000 0.000000 0.000000