geotop/1.0zi/1.0Montebello/Templates/testdem/maps/_Eocclay0480.asc
ncols         21
nrows         20
xllcorner     100.000000
yllcorner     100.000000
cellsize      50.000000
NODATA_value  -9999.0
0.000000 0.000000 0.000000 0.000000 0.000000 0.000000 0.000000 0.000000 0.000000 0.000000 0.000000 0.000000 0.000000 0.000000 0.000000 0.000000 0.000000 0.000000 0.000000 0.000000 0.000000
0.000000 0.000000 0.349972 0.349972 0.349972 0.349972 0.349972 0.349972 0.349972 0.349972 0.349972 0.349972 0.349972 0.349972 0.349972 0.349972 0.349972 0.349972 0.349972 0.000000 0.000000
0.000000 0.000000 0.349997 0.349997 0.349996 0.349997 0.349997 0.349997 0.349997 0.349997 0.349997 0.349997 0.349997 0.349997 0.349997 0.349997 0.349996 0.349997 0.349997 0.000000 0.000000
0.000000 0.000000 0.350282 0.350282 0.350280 0.350282 0.350282 0.350282 0.350282 0.350282 0.350282 0.350282 0.350282 0.350282 0.350282 0.350282 0.350280 0.350282 0.350282 0.000000 0.000000
0.000000 0.000000 0.351158 0.351158 0.351156 0.351158 0.351158 0.351159 0.351159 0.351159 0.351158 0.351159 0.351159 0.351159 0.351158 0.351158 0.351156 0.351158 0.351158 0.000000 0.000000
0.000000 0.000000 0.352010 0.352010 0.352008 0.352010 0.352010 0.352010 0.352010 0.352010 0.352010 0.352010 0.352010 0.352010 0.352010 0.352010 0.352008 0.352010 0.352010 0.000000 0.000000
0.000000 0.000000 0.352804 0.352804 0.352802 0.352804 0.352804 0.352804 0.352804 0.352804 0.352804 0.352804 0.352804 0.352804 0.352804 0.352804 0.352802 0.352804 0.352804 0.000000 0.000000
0.000000 0.000000 0.353538 0.353538 0.353537 0.353538 0.353538 0.353538 0.353538 0.353538 0.353538 0.353538 0.353538 0.353538 0.353538 0.353538 0.353537 0.353538 0.353538 0.000000 0.000000
0.000000 0.000000 0.354231 0.354231 0.354230 0.354231 0.354231 0.354231 0.354231 0.354231 0.354231 0.354231 0.354231 0.354231 0.354231 0.354231 0.354230 0.354231 0.354231 0.000000 0.000000
0.000000 0.000000 0.354900 0.354900 0.354898 0.354900 0.354900 0.354900 0.354900 0.354900 0.354900 0.354900 0.354900 0.354900 0.354900 0.354900 0.354898 0.354900 0.354900 0.000000 0.000000
0.000000 0.000000 0.355550 0.355550 0.355548 0.355550 0.355550 0.355550 0.355550 0.355550 0.355550 0.355550 0.355550 0.355550 0.355550 0.355550 0.355548 0.355550 0.355550 0.000000 0.000000
0.000000 0.000000 0.356187 0.356187 0.356185 0.356186 0.356187 0.356187 0.356187 0.356187 0.356187 0.356187 0.356187 0.356187 0.356187 0.356186 0.356185 0.356187 0.356187 0.000000 0.000000
0.000000 0.000000 0.356811 0.356811 0.356810 0.356811 0.356811 0.356812 0.356812 0.356812 0.356812 0.356812 0.356812 0.356812 0.356811 0.356811 0.356810 0.356811 0.356811 0.000000 0.000000
0.000000 0.000000 0.357426 0.357426 0.357425 0.357426 0.357426 0.357426 0.357426 0.357426 0.357426 0.357426 0.357426 0.357426 0.357426 0.357426 0.357425 0.357426 0.357426 0.000000 0.000000
0.000000 0.000000 0.358034 0.358034 0.358032 0.358034 0.358034 0.358034 0.358034 0.358034 0.358034 0.358034 0.358034 0.358034 0.358034 0.358034 0.358032 0.358034 0.358034 0.000000 0.000000
0.000000 0.000000 0.358639 0.358639 0.358638 0.358639 0.358639 0.358639 0.358639 0.358639 0.358639 0.358639 0.358639 0.358639 0.358639 0.358639 0.358638 0.358639 0.358639 0.000000 0.000000
0.000000 0.000000 0.359237 0.359237 0.359236 0.359237 0.359237 0.359237 0.359237 0.359237 0.359237 0.359237 0.359237 0.359237 0.359237 0.359237 0.359236 0.359237 0.359237 0.000000 0.000000
0.000000 0.000000 0.359849 0.359849 0.359848 0.359849 0.359849 0.359849 0.359849 0.359849 0.359849 0.359849 0.359849 0.359849 0.359849 0.359849 0.359848 0.359849 0.359849 0.000000 0.000000
0.000000 0.000000 0.350000 0.350000 0.350000 0.350000 0.350000 0.350000 0.350000 0.350000 0.350000 0.350000 0.350000 0.350000 0.350000 0.350000 0.350000 0.350000 0.350000 0.000000 0.000000
0.000000 0.000000 0.000000 0.000000 0.000000 0.000000 0.000000 0.000000 0.000000 0.000000 0.000000 0.000000 0.000000 0.000000 0.000000 0.000000 0.000000 0.000000 0.000000 0.000000 0.000000