geotop/1.0zi/1.0Montebello/Templates/testdem/maps/_Eocsand6595.asc
ncols         21
nrows         20
xllcorner     100.000000
yllcorner     100.000000
cellsize      50.000000
NODATA_value  -9999.0
0.000000 0.000000 0.000000 0.000000 0.000000 0.000000 0.000000 0.000000 0.000000 0.000000 0.000000 0.000000 0.000000 0.000000 0.000000 0.000000 0.000000 0.000000 0.000000 0.000000 0.000000
0.000000 0.000000 0.300161 0.300159 0.300159 0.300160 0.300159 0.300158 0.300159 0.300159 0.300160 0.300159 0.300159 0.300159 0.300159 0.300159 0.300160 0.300160 0.300160 0.000000 0.000000
0.000000 0.000000 0.300009 0.300010 0.300009 0.300008 0.300009 0.300010 0.300009 0.300009 0.300010 0.300010 0.300009 0.300010 0.300009 0.300010 0.300010 0.300010 0.300011 0.000000 0.000000
0.000000 0.000000 0.299963 0.299962 0.299966 0.299971 0.299969 0.299971 0.299967 0.299970 0.299967 0.299970 0.299969 0.299970 0.299968 0.299963 0.299963 0.299960 0.299960 0.000000 0.000000
0.000000 0.000000 0.298784 0.298778 0.298782 0.298792 0.298809 0.298817 0.298818 0.298818 0.298822 0.298820 0.298822 0.298820 0.298807 0.298805 0.298798 0.298789 0.298778 0.000000 0.000000
0.000000 0.000000 0.295144 0.295141 0.295157 0.295194 0.295216 0.295253 0.295253 0.295263 0.295256 0.295256 0.295251 0.295254 0.295243 0.295219 0.295198 0.295180 0.295169 0.000000 0.000000
0.000000 0.000000 0.289643 0.289647 0.289660 0.289701 0.289750 0.289804 0.289804 0.289812 0.289809 0.289811 0.289812 0.289809 0.289768 0.289722 0.289696 0.289673 0.289658 0.000000 0.000000
0.000000 0.000000 0.282988 0.282988 0.282996 0.283041 0.283088 0.283148 0.283148 0.283154 0.283156 0.283161 0.283163 0.283154 0.283108 0.283065 0.283023 0.283012 0.282990 0.000000 0.000000
0.000000 0.000000 0.276035 0.276044 0.276065 0.276093 0.276141 0.276205 0.276201 0.276216 0.276221 0.276224 0.276221 0.276225 0.276167 0.276113 0.276081 0.276067 0.276048 0.000000 0.000000
0.000000 0.000000 0.268923 0.268935 0.268944 0.268968 0.269037 0.269093 0.269091 0.269100 0.269110 0.269106 0.269095 0.269102 0.269055 0.268995 0.268959 0.268949 0.268934 0.000000 0.000000
0.000000 0.000000 0.261483 0.261491 0.261499 0.261552 0.261598 0.261662 0.261648 0.261682 0.261681 0.261682 0.261691 0.261671 0.261633 0.261595 0.261551 0.261529 0.261498 0.000000 0.000000
0.000000 0.000000 0.253550 0.253569 0.253589 0.253628 0.253674 0.253752 0.253752 0.253768 0.253750 0.253776 0.253769 0.253764 0.253693 0.253654 0.253622 0.253607 0.253530 0.000000 0.000000
0.000000 0.000000 0.245282 0.245301 0.245311 0.245355 0.245396 0.245568 0.245570 0.245584 0.245624 0.245609 0.245594 0.245580 0.245454 0.245414 0.245346 0.245339 0.245287 0.000000 0.000000
0.000000 0.000000 0.236126 0.236135 0.236163 0.236197 0.236379 0.236410 0.236450 0.236453 0.236459 0.236463 0.236461 0.236469 0.236461 0.236268 0.236216 0.236165 0.236111 0.000000 0.000000
0.000000 0.000000 0.225840 0.225853 0.225894 0.226099 0.226146 0.226245 0.226313 0.226324 0.226361 0.226390 0.226364 0.226377 0.226293 0.226223 0.225940 0.225965 0.225936 0.000000 0.000000
0.000000 0.000000 0.214774 0.214788 0.215063 0.215085 0.215099 0.215159 0.215089 0.215126 0.215093 0.215129 0.215158 0.215098 0.215069 0.215045 0.215103 0.214745 0.214740 0.000000 0.000000
0.000000 0.000000 0.201699 0.202092 0.202169 0.202289 0.202485 0.202558 0.202610 0.202606 0.202701 0.202710 0.202661 0.202692 0.202599 0.202448 0.202201 0.202193 0.201788 0.000000 0.000000
0.000000 0.000000 0.193039 0.192919 0.192550 0.192630 0.192730 0.193087 0.193086 0.193171 0.193091 0.193121 0.193103 0.193086 0.192767 0.192688 0.192498 0.192857 0.192955 0.000000 0.000000
0.000000 0.000000 0.300000 0.300000 0.300000 0.300000 0.300000 0.300000 0.300000 0.300000 0.300000 0.300000 0.300000 0.300000 0.300000 0.300000 0.300000 0.300000 0.300000 0.000000 0.000000
0.000000 0.000000 0.000000 0.000000 0.000000 0.000000 0.000000 0.000000 0.000000 0.000000 0.000000 0.000000 0.000000 0.000000 0.000000 0.000000 0.000000 0.000000 0.000000 0.000000 0.000000