geotop/1.0zi/1.0Montebello/Templates/testdem/maps/_Eocclay7798.asc
ncols         21
nrows         20
xllcorner     100.000000
yllcorner     100.000000
cellsize      50.000000
NODATA_value  -9999.0
0.000000 0.000000 0.000000 0.000000 0.000000 0.000000 0.000000 0.000000 0.000000 0.000000 0.000000 0.000000 0.000000 0.000000 0.000000 0.000000 0.000000 0.000000 0.000000 0.000000 0.000000
0.000000 0.000000 0.349640 0.349642 0.349642 0.349641 0.349643 0.349643 0.349642 0.349643 0.349641 0.349643 0.349643 0.349642 0.349643 0.349642 0.349640 0.349641 0.349641 0.000000 0.000000
0.000000 0.000000 0.349985 0.349984 0.349985 0.349986 0.349984 0.349984 0.349984 0.349984 0.349983 0.349983 0.349984 0.349983 0.349984 0.349985 0.349985 0.349985 0.349983 0.000000 0.000000
0.000000 0.000000 0.350003 0.350008 0.350004 0.350004 0.350007 0.350004 0.350006 0.350003 0.350006 0.350004 0.350004 0.350003 0.350005 0.350006 0.350005 0.350009 0.350007 0.000000 0.000000
0.000000 0.000000 0.350975 0.350972 0.350968 0.350963 0.350948 0.350945 0.350943 0.350946 0.350942 0.350943 0.350939 0.350943 0.350952 0.350954 0.350963 0.350964 0.350970 0.000000 0.000000
0.000000 0.000000 0.353670 0.353667 0.353656 0.353627 0.353613 0.353589 0.353590 0.353583 0.353587 0.353586 0.353588 0.353590 0.353601 0.353620 0.353635 0.353650 0.353656 0.000000 0.000000
0.000000 0.000000 0.357386 0.357382 0.357373 0.357349 0.357319 0.357282 0.357281 0.357275 0.357276 0.357277 0.357277 0.357278 0.357311 0.357339 0.357355 0.357368 0.357376 0.000000 0.000000
0.000000 0.000000 0.361796 0.361793 0.361785 0.361756 0.361727 0.361686 0.361686 0.361681 0.361681 0.361678 0.361676 0.361684 0.361718 0.361744 0.361769 0.361778 0.361790 0.000000 0.000000
0.000000 0.000000 0.366452 0.366445 0.366431 0.366412 0.366381 0.366340 0.366343 0.366333 0.366330 0.366328 0.366329 0.366329 0.366369 0.366402 0.366422 0.366431 0.366441 0.000000 0.000000
0.000000 0.000000 0.371360 0.371350 0.371343 0.371324 0.371279 0.371241 0.371241 0.371236 0.371230 0.371233 0.371239 0.371237 0.371272 0.371310 0.371333 0.371341 0.371349 0.000000 0.000000
0.000000 0.000000 0.376673 0.376666 0.376657 0.376619 0.376587 0.376543 0.376552 0.376528 0.376531 0.376530 0.376522 0.376538 0.376569 0.376593 0.376622 0.376639 0.376659 0.000000 0.000000
0.000000 0.000000 0.382522 0.382506 0.382487 0.382462 0.382426 0.382372 0.382369 0.382361 0.382374 0.382354 0.382359 0.382363 0.382420 0.382448 0.382469 0.382480 0.382530 0.000000 0.000000
0.000000 0.000000 0.388807 0.388790 0.388783 0.388747 0.388716 0.388577 0.388575 0.388566 0.388531 0.388549 0.388557 0.388570 0.388677 0.388706 0.388758 0.388765 0.388791 0.000000 0.000000
0.000000 0.000000 0.396098 0.396092 0.396064 0.396038 0.395869 0.395873 0.395838 0.395838 0.395845 0.395836 0.395832 0.395826 0.395816 0.395992 0.396024 0.396070 0.396105 0.000000 0.000000
0.000000 0.000000 0.404632 0.404616 0.404580 0.404369 0.404375 0.404272 0.404220 0.404208 0.404173 0.404148 0.404170 0.404165 0.404266 0.404274 0.404552 0.404515 0.404523 0.000000 0.000000
0.000000 0.000000 0.414024 0.414008 0.413706 0.413768 0.413748 0.413712 0.413818 0.413781 0.413836 0.413811 0.413764 0.413839 0.413854 0.413869 0.413677 0.414104 0.414098 0.000000 0.000000
0.000000 0.000000 0.425759 0.425275 0.425338 0.425166 0.424924 0.424854 0.424738 0.424763 0.424627 0.424636 0.424712 0.424642 0.424761 0.424940 0.425318 0.425112 0.425610 0.000000 0.000000
0.000000 0.000000 0.430842 0.431260 0.431700 0.431685 0.431683 0.431269 0.431323 0.431206 0.431384 0.431346 0.431326 0.431383 0.431736 0.431736 0.431778 0.431414 0.431007 0.000000 0.000000
0.000000 0.000000 0.350000 0.350000 0.350000 0.350000 0.350000 0.350000 0.350000 0.350000 0.350000 0.350000 0.350000 0.350000 0.350000 0.350000 0.350000 0.350000 0.350000 0.000000 0.000000
0.000000 0.000000 0.000000 0.000000 0.000000 0.000000 0.000000 0.000000 0.000000 0.000000 0.000000 0.000000 0.000000 0.000000 0.000000 0.000000 0.000000 0.000000 0.000000 0.000000 0.000000