geotop/1.0zi/1.0Montebello/Templates/testdem/maps/_Eocsilt4906.asc
ncols         21
nrows         20
xllcorner     100.000000
yllcorner     100.000000
cellsize      50.000000
NODATA_value  -9999.0
0.000000 0.000000 0.000000 0.000000 0.000000 0.000000 0.000000 0.000000 0.000000 0.000000 0.000000 0.000000 0.000000 0.000000 0.000000 0.000000 0.000000 0.000000 0.000000 0.000000 0.000000
0.000000 0.000000 0.350099 0.350099 0.350099 0.350099 0.350099 0.350099 0.350099 0.350099 0.350099 0.350099 0.350099 0.350100 0.350099 0.350100 0.350100 0.350099 0.350099 0.000000 0.000000
0.000000 0.000000 0.350002 0.350002 0.350003 0.350003 0.350003 0.350003 0.350004 0.350003 0.350004 0.350003 0.350004 0.350003 0.350003 0.350003 0.350002 0.350002 0.350002 0.000000 0.000000
0.000000 0.000000 0.350037 0.350036 0.350036 0.350031 0.350032 0.350030 0.350032 0.350033 0.350032 0.350032 0.350032 0.350031 0.350032 0.350035 0.350036 0.350037 0.350036 0.000000 0.000000
0.000000 0.000000 0.350416 0.350420 0.350419 0.350415 0.350412 0.350409 0.350407 0.350405 0.350403 0.350405 0.350406 0.350406 0.350411 0.350412 0.350412 0.350420 0.350424 0.000000 0.000000
0.000000 0.000000 0.351658 0.351660 0.351656 0.351644 0.351638 0.351622 0.351620 0.351615 0.351619 0.351622 0.351626 0.351624 0.351630 0.351635 0.351642 0.351644 0.351648 0.000000 0.000000
0.000000 0.000000 0.353582 0.353581 0.353575 0.353560 0.353542 0.353524 0.353525 0.353523 0.353526 0.353524 0.353522 0.353527 0.353540 0.353555 0.353561 0.353568 0.353575 0.000000 0.000000
0.000000 0.000000 0.355852 0.355849 0.355848 0.355833 0.355816 0.355797 0.355799 0.355796 0.355796 0.355795 0.355794 0.355795 0.355813 0.355831 0.355841 0.355844 0.355850 0.000000 0.000000
0.000000 0.000000 0.358215 0.358210 0.358204 0.358192 0.358175 0.358151 0.358153 0.358149 0.358148 0.358149 0.358148 0.358150 0.358169 0.358189 0.358196 0.358203 0.358211 0.000000 0.000000
0.000000 0.000000 0.360563 0.360559 0.360554 0.360543 0.360523 0.360503 0.360506 0.360503 0.360503 0.360503 0.360501 0.360501 0.360521 0.360540 0.360548 0.360553 0.360559 0.000000 0.000000
0.000000 0.000000 0.362942 0.362938 0.362934 0.362924 0.362908 0.362884 0.362887 0.362882 0.362881 0.362883 0.362881 0.362881 0.362899 0.362914 0.362924 0.362929 0.362937 0.000000 0.000000
0.000000 0.000000 0.365414 0.365410 0.365403 0.365389 0.365373 0.365349 0.365349 0.365346 0.365346 0.365345 0.365345 0.365345 0.365368 0.365385 0.365394 0.365399 0.365424 0.000000 0.000000
0.000000 0.000000 0.367928 0.367923 0.367917 0.367906 0.367886 0.367836 0.367836 0.367832 0.367831 0.367832 0.367829 0.367831 0.367875 0.367896 0.367905 0.367910 0.367925 0.000000 0.000000
0.000000 0.000000 0.370606 0.370597 0.370593 0.370582 0.370528 0.370515 0.370507 0.370504 0.370504 0.370504 0.370501 0.370502 0.370517 0.370568 0.370578 0.370590 0.370598 0.000000 0.000000
0.000000 0.000000 0.373508 0.373501 0.373486 0.373439 0.373414 0.373381 0.373366 0.373362 0.373354 0.373353 0.373356 0.373352 0.373376 0.373411 0.373469 0.373467 0.373475 0.000000 0.000000
0.000000 0.000000 0.376523 0.376515 0.376457 0.376448 0.376431 0.376415 0.376414 0.376413 0.376416 0.376415 0.376408 0.376420 0.376428 0.376442 0.376440 0.376506 0.376520 0.000000 0.000000
0.000000 0.000000 0.379903 0.379824 0.379778 0.379755 0.379713 0.379691 0.379686 0.379684 0.379675 0.379675 0.379677 0.379671 0.379688 0.379734 0.379765 0.379793 0.379872 0.000000 0.000000
0.000000 0.000000 0.382496 0.382483 0.382536 0.382506 0.382472 0.382395 0.382388 0.382382 0.382385 0.382384 0.382380 0.382387 0.382458 0.382494 0.382536 0.382470 0.382495 0.000000 0.000000
0.000000 0.000000 0.350000 0.350000 0.350000 0.350000 0.350000 0.350000 0.350000 0.350000 0.350000 0.350000 0.350000 0.350000 0.350000 0.350000 0.350000 0.350000 0.350000 0.000000 0.000000
0.000000 0.000000 0.000000 0.000000 0.000000 0.000000 0.000000 0.000000 0.000000 0.000000 0.000000 0.000000 0.000000 0.000000 0.000000 0.000000 0.000000 0.000000 0.000000 0.000000 0.000000