geotop/1.0zi/1.0Montebello/Templates/testdem/maps/_Eocsilt1984.asc
ncols         21
nrows         20
xllcorner     100.000000
yllcorner     100.000000
cellsize      50.000000
NODATA_value  -9999.0
0.000000 0.000000 0.000000 0.000000 0.000000 0.000000 0.000000 0.000000 0.000000 0.000000 0.000000 0.000000 0.000000 0.000000 0.000000 0.000000 0.000000 0.000000 0.000000 0.000000 0.000000
0.000000 0.000000 0.350045 0.350045 0.350045 0.350045 0.350045 0.350045 0.350045 0.350045 0.350045 0.350045 0.350045 0.350045 0.350045 0.350045 0.350045 0.350045 0.350045 0.000000 0.000000
0.000000 0.000000 0.349999 0.349998 0.349998 0.349999 0.349999 0.349999 0.349999 0.349999 0.349999 0.349999 0.349999 0.349999 0.349999 0.349999 0.349998 0.349998 0.349999 0.000000 0.000000
0.000000 0.000000 0.350692 0.350692 0.350689 0.350691 0.350693 0.350692 0.350692 0.350693 0.350693 0.350693 0.350692 0.350692 0.350693 0.350691 0.350689 0.350692 0.350692 0.000000 0.000000
0.000000 0.000000 0.353274 0.353274 0.353272 0.353271 0.353275 0.353274 0.353274 0.353275 0.353275 0.353275 0.353274 0.353274 0.353275 0.353271 0.353272 0.353274 0.353274 0.000000 0.000000
0.000000 0.000000 0.356598 0.356598 0.356596 0.356596 0.356599 0.356598 0.356598 0.356599 0.356599 0.356599 0.356598 0.356598 0.356599 0.356596 0.356596 0.356598 0.356598 0.000000 0.000000
0.000000 0.000000 0.359652 0.359652 0.359650 0.359650 0.359652 0.359652 0.359652 0.359653 0.359653 0.359653 0.359652 0.359652 0.359652 0.359650 0.359650 0.359652 0.359652 0.000000 0.000000
0.000000 0.000000 0.362449 0.362449 0.362447 0.362447 0.362449 0.362449 0.362449 0.362449 0.362450 0.362449 0.362449 0.362449 0.362449 0.362447 0.362447 0.362449 0.362449 0.000000 0.000000
0.000000 0.000000 0.365064 0.365064 0.365062 0.365063 0.365064 0.365064 0.365064 0.365064 0.365065 0.365064 0.365064 0.365064 0.365064 0.365063 0.365062 0.365064 0.365064 0.000000 0.000000
0.000000 0.000000 0.367561 0.367561 0.367559 0.367560 0.367561 0.367561 0.367561 0.367561 0.367562 0.367561 0.367561 0.367561 0.367561 0.367560 0.367559 0.367561 0.367561 0.000000 0.000000
0.000000 0.000000 0.369968 0.369967 0.369966 0.369966 0.369968 0.369967 0.369967 0.369968 0.369968 0.369968 0.369967 0.369967 0.369968 0.369966 0.369966 0.369967 0.369968 0.000000 0.000000
0.000000 0.000000 0.372305 0.372305 0.372304 0.372304 0.372306 0.372305 0.372305 0.372306 0.372306 0.372306 0.372305 0.372305 0.372306 0.372304 0.372304 0.372305 0.372305 0.000000 0.000000
0.000000 0.000000 0.374591 0.374590 0.374589 0.374589 0.374591 0.374590 0.374590 0.374591 0.374591 0.374591 0.374590 0.374590 0.374591 0.374589 0.374589 0.374590 0.374591 0.000000 0.000000
0.000000 0.000000 0.376828 0.376828 0.376827 0.376827 0.376829 0.376828 0.376828 0.376829 0.376829 0.376829 0.376828 0.376828 0.376829 0.376827 0.376827 0.376828 0.376828 0.000000 0.000000
0.000000 0.000000 0.379030 0.379029 0.379028 0.379029 0.379030 0.379029 0.379029 0.379030 0.379030 0.379030 0.379029 0.379029 0.379030 0.379029 0.379028 0.379029 0.379030 0.000000 0.000000
0.000000 0.000000 0.381200 0.381200 0.381199 0.381199 0.381201 0.381200 0.381200 0.381201 0.381201 0.381201 0.381200 0.381200 0.381201 0.381199 0.381199 0.381200 0.381200 0.000000 0.000000
0.000000 0.000000 0.383340 0.383340 0.383339 0.383339 0.383340 0.383340 0.383340 0.383340 0.383341 0.383340 0.383340 0.383340 0.383340 0.383339 0.383339 0.383340 0.383340 0.000000 0.000000
0.000000 0.000000 0.385482 0.385483 0.385481 0.385482 0.385483 0.385483 0.385483 0.385483 0.385483 0.385483 0.385483 0.385483 0.385483 0.385482 0.385481 0.385483 0.385483 0.000000 0.000000
0.000000 0.000000 0.350000 0.350000 0.350000 0.350000 0.350000 0.350000 0.350000 0.350000 0.350000 0.350000 0.350000 0.350000 0.350000 0.350000 0.350000 0.350000 0.350000 0.000000 0.000000
0.000000 0.000000 0.000000 0.000000 0.000000 0.000000 0.000000 0.000000 0.000000 0.000000 0.000000 0.000000 0.000000 0.000000 0.000000 0.000000 0.000000 0.000000 0.000000 0.000000 0.000000