geotop/1.0zi/1.0Montebello/Templates/testdem/maps/_Eocsand094+.asc
ncols         21
nrows         20
xllcorner     100.000000
yllcorner     100.000000
cellsize      50.000000
NODATA_value  -9999.0
0.000000 0.000000 0.000000 0.000000 0.000000 0.000000 0.000000 0.000000 0.000000 0.000000 0.000000 0.000000 0.000000 0.000000 0.000000 0.000000 0.000000 0.000000 0.000000 0.000000 0.000000
0.000000 0.000000 0.300277 0.300274 0.300274 0.300275 0.300274 0.300274 0.300274 0.300274 0.300275 0.300274 0.300275 0.300275 0.300274 0.300274 0.300275 0.300275 0.300275 0.000000 0.000000
0.000000 0.000000 0.300012 0.300014 0.300014 0.300012 0.300014 0.300014 0.300014 0.300014 0.300014 0.300014 0.300013 0.300013 0.300013 0.300013 0.300014 0.300015 0.300015 0.000000 0.000000
0.000000 0.000000 0.299720 0.299715 0.299724 0.299734 0.299733 0.299738 0.299732 0.299734 0.299733 0.299732 0.299731 0.299732 0.299726 0.299719 0.299716 0.299714 0.299715 0.000000 0.000000
0.000000 0.000000 0.296041 0.296050 0.296068 0.296109 0.296141 0.296156 0.296153 0.296152 0.296157 0.296150 0.296145 0.296146 0.296120 0.296104 0.296083 0.296069 0.296057 0.000000 0.000000
0.000000 0.000000 0.286679 0.286694 0.286737 0.286816 0.286889 0.286956 0.286951 0.286958 0.286963 0.286962 0.286952 0.286957 0.286918 0.286854 0.286819 0.286793 0.286782 0.000000 0.000000
0.000000 0.000000 0.273982 0.274009 0.274047 0.274140 0.274235 0.274370 0.274365 0.274370 0.274386 0.274386 0.274388 0.274384 0.274277 0.274199 0.274147 0.274112 0.274098 0.000000 0.000000
0.000000 0.000000 0.258715 0.258751 0.258793 0.258916 0.259022 0.259150 0.259145 0.259155 0.259173 0.259180 0.259186 0.259166 0.259066 0.258977 0.258895 0.258875 0.258846 0.000000 0.000000
0.000000 0.000000 0.241461 0.241510 0.241579 0.241677 0.241803 0.241957 0.241940 0.241961 0.241988 0.241992 0.241987 0.241996 0.241851 0.241741 0.241675 0.241644 0.241619 0.000000 0.000000
0.000000 0.000000 0.221648 0.221718 0.221781 0.221890 0.222033 0.222201 0.222198 0.222206 0.222247 0.222234 0.222218 0.222225 0.222108 0.221960 0.221877 0.221842 0.221835 0.000000 0.000000
0.000000 0.000000 0.198087 0.198147 0.198204 0.198453 0.198519 0.198755 0.198702 0.198806 0.198804 0.198825 0.198869 0.198803 0.198660 0.198570 0.198448 0.198403 0.198305 0.000000 0.000000
0.000000 0.000000 0.169404 0.169542 0.169710 0.169814 0.169956 0.170262 0.170291 0.170268 0.170248 0.170338 0.170292 0.170333 0.170055 0.169889 0.169830 0.169786 0.169592 0.000000 0.000000
0.000000 0.000000 0.137021 0.137144 0.137172 0.137438 0.137604 0.138460 0.138479 0.138523 0.138869 0.138634 0.138642 0.138561 0.137940 0.137819 0.137487 0.137469 0.137485 0.000000 0.000000
0.000000 0.000000 0.100235 0.100280 0.100555 0.100681 0.101742 0.101177 0.101399 0.101386 0.101175 0.101384 0.101414 0.101557 0.102048 0.100874 0.100904 0.100625 0.100479 0.000000 0.000000
0.000000 0.000000 0.071226 0.071308 0.071415 0.072210 0.071825 0.072363 0.072449 0.072498 0.072705 0.072744 0.072663 0.072642 0.072176 0.072563 0.071536 0.071783 0.071837 0.000000 0.000000
0.000000 0.000000 0.053609 0.053654 0.054037 0.054105 0.054062 0.054208 0.054084 0.054134 0.054116 0.054139 0.054179 0.054097 0.054014 0.054062 0.054135 0.053687 0.053711 0.000000 0.000000
0.000000 0.000000 0.041352 0.041479 0.041708 0.041723 0.041780 0.041848 0.041787 0.041809 0.041810 0.041822 0.041838 0.041802 0.041762 0.041723 0.041776 0.041507 0.041412 0.000000 0.000000
0.000000 0.000000 0.033118 0.033200 0.033325 0.033320 0.033387 0.033448 0.033405 0.033425 0.033414 0.033423 0.033435 0.033410 0.033365 0.033318 0.033370 0.033208 0.033141 0.000000 0.000000
0.000000 0.000000 0.300000 0.300000 0.300000 0.300000 0.300000 0.300000 0.300000 0.300000 0.300000 0.300000 0.300000 0.300000 0.300000 0.300000 0.300000 0.300000 0.300000 0.000000 0.000000
0.000000 0.000000 0.000000 0.000000 0.000000 0.000000 0.000000 0.000000 0.000000 0.000000 0.000000 0.000000 0.000000 0.000000 0.000000 0.000000 0.000000 0.000000 0.000000 0.000000 0.000000