geotop/1.0zi/1.0Montebello/Templates/testdem/maps/_Eocsilt176Z.asc
ncols         21
nrows         20
xllcorner     100.000000
yllcorner     100.000000
cellsize      50.000000
NODATA_value  -9999.0
0.000000 0.000000 0.000000 0.000000 0.000000 0.000000 0.000000 0.000000 0.000000 0.000000 0.000000 0.000000 0.000000 0.000000 0.000000 0.000000 0.000000 0.000000 0.000000 0.000000 0.000000
0.000000 0.000000 0.350258 0.350259 0.350259 0.350259 0.350258 0.350258 0.350258 0.350258 0.350258 0.350258 0.350258 0.350258 0.350258 0.350258 0.350259 0.350259 0.350259 0.000000 0.000000
0.000000 0.000000 0.350016 0.350016 0.350016 0.350015 0.350017 0.350017 0.350017 0.350017 0.350017 0.350017 0.350017 0.350017 0.350016 0.350016 0.350014 0.350014 0.350016 0.000000 0.000000
0.000000 0.000000 0.350250 0.350248 0.350239 0.350235 0.350235 0.350224 0.350227 0.350228 0.350226 0.350230 0.350230 0.350233 0.350230 0.350235 0.350240 0.350245 0.350246 0.000000 0.000000
0.000000 0.000000 0.352254 0.352254 0.352240 0.352218 0.352204 0.352196 0.352195 0.352191 0.352187 0.352194 0.352199 0.352194 0.352209 0.352221 0.352228 0.352236 0.352241 0.000000 0.000000
0.000000 0.000000 0.357334 0.357324 0.357302 0.357267 0.357231 0.357197 0.357192 0.357184 0.357182 0.357184 0.357190 0.357184 0.357203 0.357235 0.357249 0.357263 0.357268 0.000000 0.000000
0.000000 0.000000 0.364424 0.364408 0.364382 0.364332 0.364282 0.364207 0.364202 0.364194 0.364193 0.364191 0.364188 0.364191 0.364244 0.364287 0.364314 0.364337 0.364342 0.000000 0.000000
0.000000 0.000000 0.373016 0.372996 0.372970 0.372904 0.372850 0.372780 0.372771 0.372760 0.372754 0.372753 0.372749 0.372756 0.372803 0.372854 0.372898 0.372909 0.372924 0.000000 0.000000
0.000000 0.000000 0.382945 0.382914 0.382872 0.382819 0.382753 0.382659 0.382653 0.382631 0.382628 0.382621 0.382624 0.382616 0.382691 0.382755 0.382790 0.382814 0.382827 0.000000 0.000000
0.000000 0.000000 0.394629 0.394583 0.394536 0.394483 0.394403 0.394304 0.394285 0.394271 0.394259 0.394263 0.394278 0.394270 0.394327 0.394414 0.394458 0.394483 0.394486 0.000000 0.000000
0.000000 0.000000 0.408846 0.408800 0.408766 0.408613 0.408582 0.408437 0.408461 0.408381 0.408405 0.408386 0.408351 0.408388 0.408465 0.408513 0.408582 0.408613 0.408672 0.000000 0.000000
0.000000 0.000000 0.426276 0.426182 0.426074 0.426027 0.425950 0.425762 0.425726 0.425734 0.425761 0.425698 0.425726 0.425699 0.425852 0.425952 0.425977 0.426010 0.426120 0.000000 0.000000
0.000000 0.000000 0.444437 0.444367 0.444367 0.444229 0.444140 0.443687 0.443647 0.443605 0.443432 0.443564 0.443557 0.443593 0.443914 0.443978 0.444154 0.444183 0.444139 0.000000 0.000000
0.000000 0.000000 0.460259 0.460249 0.460150 0.460108 0.459748 0.459952 0.459863 0.459859 0.459944 0.459864 0.459852 0.459799 0.459628 0.460029 0.460019 0.460114 0.460158 0.000000 0.000000
0.000000 0.000000 0.468898 0.468889 0.468839 0.468742 0.468659 0.468678 0.468640 0.468639 0.468638 0.468612 0.468621 0.468606 0.468587 0.468681 0.468785 0.468791 0.468803 0.000000 0.000000
0.000000 0.000000 0.473974 0.473964 0.473979 0.473806 0.473852 0.473775 0.473728 0.473727 0.473682 0.473671 0.473697 0.473683 0.473755 0.473713 0.473960 0.473841 0.473843 0.000000 0.000000
0.000000 0.000000 0.476722 0.476811 0.476687 0.476685 0.476751 0.476722 0.476775 0.476755 0.476785 0.476771 0.476747 0.476786 0.476794 0.476741 0.476672 0.476834 0.476730 0.000000 0.000000
0.000000 0.000000 0.479885 0.479735 0.479610 0.479559 0.479543 0.479588 0.479573 0.479594 0.479535 0.479539 0.479552 0.479542 0.479509 0.479517 0.479585 0.479672 0.479814 0.000000 0.000000
0.000000 0.000000 0.350000 0.350000 0.350000 0.350000 0.350000 0.350000 0.350000 0.350000 0.350000 0.350000 0.350000 0.350000 0.350000 0.350000 0.350000 0.350000 0.350000 0.000000 0.000000
0.000000 0.000000 0.000000 0.000000 0.000000 0.000000 0.000000 0.000000 0.000000 0.000000 0.000000 0.000000 0.000000 0.000000 0.000000 0.000000 0.000000 0.000000 0.000000 0.000000 0.000000