geotop/1.0zi/1.0Montebello/Templates/testdem/maps/_Eocsilt3447.asc
ncols         21
nrows         20
xllcorner     100.000000
yllcorner     100.000000
cellsize      50.000000
NODATA_value  -9999.0
0.000000 0.000000 0.000000 0.000000 0.000000 0.000000 0.000000 0.000000 0.000000 0.000000 0.000000 0.000000 0.000000 0.000000 0.000000 0.000000 0.000000 0.000000 0.000000 0.000000 0.000000
0.000000 0.000000 0.350093 0.350093 0.350093 0.350093 0.350093 0.350093 0.350093 0.350093 0.350092 0.350093 0.350093 0.350093 0.350093 0.350093 0.350093 0.350093 0.350093 0.000000 0.000000
0.000000 0.000000 0.349994 0.349993 0.349994 0.349994 0.349994 0.349994 0.349994 0.349994 0.349994 0.349994 0.349994 0.349994 0.349994 0.349994 0.349994 0.349993 0.349994 0.000000 0.000000
0.000000 0.000000 0.351370 0.351369 0.351367 0.351368 0.351370 0.351370 0.351370 0.351370 0.351370 0.351370 0.351370 0.351370 0.351370 0.351368 0.351367 0.351369 0.351370 0.000000 0.000000
0.000000 0.000000 0.356257 0.356256 0.356254 0.356254 0.356257 0.356256 0.356256 0.356257 0.356258 0.356257 0.356256 0.356256 0.356257 0.356254 0.356254 0.356256 0.356257 0.000000 0.000000
0.000000 0.000000 0.362251 0.362250 0.362249 0.362249 0.362251 0.362250 0.362250 0.362251 0.362252 0.362251 0.362250 0.362250 0.362251 0.362249 0.362249 0.362250 0.362251 0.000000 0.000000
0.000000 0.000000 0.367676 0.367675 0.367674 0.367674 0.367676 0.367675 0.367676 0.367676 0.367677 0.367676 0.367676 0.367675 0.367676 0.367674 0.367674 0.367675 0.367676 0.000000 0.000000
0.000000 0.000000 0.372576 0.372575 0.372574 0.372574 0.372576 0.372575 0.372575 0.372576 0.372577 0.372576 0.372575 0.372575 0.372576 0.372574 0.372574 0.372575 0.372576 0.000000 0.000000
0.000000 0.000000 0.377092 0.377092 0.377091 0.377091 0.377093 0.377092 0.377092 0.377092 0.377093 0.377092 0.377092 0.377092 0.377093 0.377091 0.377091 0.377092 0.377092 0.000000 0.000000
0.000000 0.000000 0.381333 0.381332 0.381331 0.381331 0.381333 0.381332 0.381332 0.381333 0.381333 0.381333 0.381332 0.381332 0.381333 0.381331 0.381331 0.381332 0.381333 0.000000 0.000000
0.000000 0.000000 0.385352 0.385352 0.385351 0.385351 0.385353 0.385352 0.385352 0.385353 0.385353 0.385353 0.385352 0.385352 0.385353 0.385351 0.385351 0.385352 0.385352 0.000000 0.000000
0.000000 0.000000 0.389190 0.389190 0.389189 0.389190 0.389191 0.389190 0.389190 0.389191 0.389191 0.389191 0.389190 0.389190 0.389191 0.389190 0.389189 0.389190 0.389190 0.000000 0.000000
0.000000 0.000000 0.392876 0.392876 0.392875 0.392876 0.392877 0.392876 0.392876 0.392877 0.392877 0.392877 0.392876 0.392876 0.392877 0.392876 0.392875 0.392876 0.392876 0.000000 0.000000
0.000000 0.000000 0.396439 0.396439 0.396438 0.396438 0.396439 0.396439 0.396439 0.396439 0.396440 0.396439 0.396439 0.396439 0.396439 0.396438 0.396438 0.396439 0.396439 0.000000 0.000000
0.000000 0.000000 0.399889 0.399889 0.399888 0.399888 0.399889 0.399889 0.399889 0.399889 0.399890 0.399889 0.399889 0.399889 0.399889 0.399888 0.399888 0.399889 0.399889 0.000000 0.000000
0.000000 0.000000 0.403231 0.403231 0.403230 0.403230 0.403232 0.403231 0.403231 0.403231 0.403232 0.403231 0.403231 0.403231 0.403232 0.403230 0.403230 0.403231 0.403231 0.000000 0.000000
0.000000 0.000000 0.406478 0.406478 0.406477 0.406477 0.406478 0.406478 0.406478 0.406478 0.406479 0.406478 0.406478 0.406478 0.406478 0.406477 0.406477 0.406478 0.406478 0.000000 0.000000
0.000000 0.000000 0.409683 0.409684 0.409683 0.409683 0.409684 0.409684 0.409684 0.409684 0.409684 0.409684 0.409684 0.409684 0.409684 0.409683 0.409683 0.409684 0.409684 0.000000 0.000000
0.000000 0.000000 0.350000 0.350000 0.350000 0.350000 0.350000 0.350000 0.350000 0.350000 0.350000 0.350000 0.350000 0.350000 0.350000 0.350000 0.350000 0.350000 0.350000 0.000000 0.000000
0.000000 0.000000 0.000000 0.000000 0.000000 0.000000 0.000000 0.000000 0.000000 0.000000 0.000000 0.000000 0.000000 0.000000 0.000000 0.000000 0.000000 0.000000 0.000000 0.000000 0.000000