geotop/1.0zi/1.0Montebello/Templates/testdem/maps/_Eocsand5596.asc
ncols         21
nrows         20
xllcorner     100.000000
yllcorner     100.000000
cellsize      50.000000
NODATA_value  -9999.0
0.000000 0.000000 0.000000 0.000000 0.000000 0.000000 0.000000 0.000000 0.000000 0.000000 0.000000 0.000000 0.000000 0.000000 0.000000 0.000000 0.000000 0.000000 0.000000 0.000000 0.000000
0.000000 0.000000 0.300140 0.300139 0.300139 0.300139 0.300139 0.300138 0.300139 0.300139 0.300139 0.300139 0.300139 0.300139 0.300139 0.300139 0.300139 0.300139 0.300140 0.000000 0.000000
0.000000 0.000000 0.300009 0.300008 0.300008 0.300008 0.300008 0.300008 0.300007 0.300008 0.300008 0.300008 0.300007 0.300007 0.300007 0.300008 0.300009 0.300009 0.300009 0.000000 0.000000
0.000000 0.000000 0.299967 0.299966 0.299969 0.299973 0.299971 0.299972 0.299970 0.299972 0.299971 0.299973 0.299972 0.299974 0.299969 0.299965 0.299965 0.299963 0.299965 0.000000 0.000000
0.000000 0.000000 0.299018 0.299015 0.299017 0.299025 0.299038 0.299047 0.299047 0.299048 0.299051 0.299049 0.299052 0.299051 0.299041 0.299039 0.299035 0.299024 0.299017 0.000000 0.000000
0.000000 0.000000 0.296012 0.296007 0.296017 0.296048 0.296064 0.296098 0.296100 0.296108 0.296100 0.296098 0.296094 0.296097 0.296088 0.296071 0.296057 0.296041 0.296032 0.000000 0.000000
0.000000 0.000000 0.291527 0.291532 0.291537 0.291571 0.291611 0.291661 0.291659 0.291665 0.291661 0.291659 0.291662 0.291660 0.291626 0.291590 0.291573 0.291555 0.291542 0.000000 0.000000
0.000000 0.000000 0.286091 0.286090 0.286091 0.286127 0.286167 0.286219 0.286218 0.286224 0.286223 0.286224 0.286227 0.286221 0.286183 0.286148 0.286118 0.286110 0.286092 0.000000 0.000000
0.000000 0.000000 0.280492 0.280500 0.280512 0.280532 0.280572 0.280628 0.280625 0.280635 0.280639 0.280636 0.280636 0.280641 0.280592 0.280553 0.280527 0.280519 0.280502 0.000000 0.000000
0.000000 0.000000 0.274863 0.274873 0.274876 0.274890 0.274946 0.274996 0.274992 0.274998 0.275006 0.274998 0.274992 0.274998 0.274960 0.274915 0.274888 0.274884 0.274872 0.000000 0.000000
0.000000 0.000000 0.269062 0.269068 0.269067 0.269107 0.269145 0.269200 0.269188 0.269214 0.269213 0.269210 0.269217 0.269204 0.269173 0.269146 0.269116 0.269099 0.269074 0.000000 0.000000
0.000000 0.000000 0.262986 0.263000 0.263014 0.263041 0.263074 0.263140 0.263137 0.263153 0.263136 0.263152 0.263149 0.263145 0.263089 0.263063 0.263042 0.263033 0.262971 0.000000 0.000000
0.000000 0.000000 0.256762 0.256774 0.256777 0.256809 0.256839 0.256970 0.256970 0.256981 0.257008 0.256993 0.256984 0.256974 0.256881 0.256857 0.256810 0.256806 0.256761 0.000000 0.000000
0.000000 0.000000 0.250020 0.250029 0.250044 0.250064 0.250189 0.250222 0.250251 0.250253 0.250263 0.250258 0.250257 0.250262 0.250248 0.250126 0.250085 0.250053 0.250008 0.000000 0.000000
0.000000 0.000000 0.242618 0.242628 0.242654 0.242781 0.242823 0.242898 0.242948 0.242956 0.242980 0.242994 0.242979 0.242991 0.242937 0.242878 0.242693 0.242707 0.242679 0.000000 0.000000
0.000000 0.000000 0.234803 0.234813 0.234977 0.235007 0.235016 0.235065 0.235033 0.235054 0.235039 0.235058 0.235078 0.235046 0.235019 0.235003 0.235013 0.234800 0.234793 0.000000 0.000000
0.000000 0.000000 0.225894 0.226119 0.226199 0.226263 0.226370 0.226425 0.226441 0.226445 0.226494 0.226501 0.226481 0.226490 0.226432 0.226353 0.226225 0.226171 0.225943 0.000000 0.000000
0.000000 0.000000 0.219328 0.219324 0.219123 0.219178 0.219266 0.219476 0.219481 0.219528 0.219499 0.219512 0.219497 0.219494 0.219303 0.219243 0.219099 0.219306 0.219296 0.000000 0.000000
0.000000 0.000000 0.300000 0.300000 0.300000 0.300000 0.300000 0.300000 0.300000 0.300000 0.300000 0.300000 0.300000 0.300000 0.300000 0.300000 0.300000 0.300000 0.300000 0.000000 0.000000
0.000000 0.000000 0.000000 0.000000 0.000000 0.000000 0.000000 0.000000 0.000000 0.000000 0.000000 0.000000 0.000000 0.000000 0.000000 0.000000 0.000000 0.000000 0.000000 0.000000 0.000000