geotop/1.0zi/1.0Montebello/Templates/testdem/maps/_Eocsand2091.asc
ncols         21
nrows         20
xllcorner     100.000000
yllcorner     100.000000
cellsize      50.000000
NODATA_value  -9999.0
0.000000 0.000000 0.000000 0.000000 0.000000 0.000000 0.000000 0.000000 0.000000 0.000000 0.000000 0.000000 0.000000 0.000000 0.000000 0.000000 0.000000 0.000000 0.000000 0.000000 0.000000
0.000000 0.000000 0.300061 0.300061 0.300061 0.300061 0.300061 0.300061 0.300061 0.300061 0.300061 0.300061 0.300061 0.300061 0.300061 0.300061 0.300061 0.300061 0.300061 0.000000 0.000000
0.000000 0.000000 0.300008 0.300009 0.300009 0.300008 0.300008 0.300008 0.300008 0.300008 0.300008 0.300008 0.300008 0.300008 0.300008 0.300008 0.300009 0.300009 0.300008 0.000000 0.000000
0.000000 0.000000 0.298640 0.298640 0.298645 0.298643 0.298639 0.298640 0.298640 0.298639 0.298640 0.298639 0.298640 0.298640 0.298639 0.298643 0.298645 0.298640 0.298640 0.000000 0.000000
0.000000 0.000000 0.293069 0.293071 0.293074 0.293074 0.293068 0.293070 0.293070 0.293067 0.293067 0.293067 0.293070 0.293070 0.293068 0.293074 0.293074 0.293071 0.293069 0.000000 0.000000
0.000000 0.000000 0.286172 0.286173 0.286177 0.286176 0.286171 0.286173 0.286173 0.286171 0.286171 0.286171 0.286173 0.286173 0.286171 0.286176 0.286177 0.286173 0.286172 0.000000 0.000000
0.000000 0.000000 0.279731 0.279732 0.279735 0.279734 0.279730 0.279731 0.279731 0.279730 0.279729 0.279730 0.279731 0.279731 0.279730 0.279734 0.279735 0.279732 0.279731 0.000000 0.000000
0.000000 0.000000 0.273815 0.273815 0.273818 0.273817 0.273814 0.273815 0.273815 0.273814 0.273813 0.273814 0.273815 0.273815 0.273814 0.273817 0.273818 0.273815 0.273815 0.000000 0.000000
0.000000 0.000000 0.268281 0.268282 0.268285 0.268284 0.268281 0.268282 0.268282 0.268280 0.268280 0.268280 0.268282 0.268282 0.268281 0.268284 0.268285 0.268282 0.268281 0.000000 0.000000
0.000000 0.000000 0.262998 0.262998 0.263001 0.263000 0.262997 0.262998 0.262998 0.262997 0.262997 0.262997 0.262998 0.262998 0.262997 0.263000 0.263001 0.262998 0.262998 0.000000 0.000000
0.000000 0.000000 0.257905 0.257906 0.257908 0.257907 0.257905 0.257905 0.257905 0.257904 0.257904 0.257904 0.257905 0.257905 0.257905 0.257907 0.257908 0.257906 0.257905 0.000000 0.000000
0.000000 0.000000 0.252957 0.252958 0.252960 0.252959 0.252957 0.252957 0.252957 0.252956 0.252956 0.252956 0.252957 0.252957 0.252957 0.252959 0.252960 0.252958 0.252957 0.000000 0.000000
0.000000 0.000000 0.248120 0.248121 0.248123 0.248122 0.248120 0.248121 0.248121 0.248119 0.248119 0.248119 0.248121 0.248121 0.248120 0.248122 0.248123 0.248121 0.248120 0.000000 0.000000
0.000000 0.000000 0.243383 0.243384 0.243386 0.243385 0.243383 0.243383 0.243383 0.243382 0.243382 0.243382 0.243383 0.243383 0.243383 0.243385 0.243386 0.243384 0.243383 0.000000 0.000000
0.000000 0.000000 0.238725 0.238725 0.238728 0.238727 0.238724 0.238725 0.238725 0.238724 0.238723 0.238724 0.238725 0.238725 0.238724 0.238727 0.238728 0.238725 0.238725 0.000000 0.000000
0.000000 0.000000 0.234135 0.234136 0.234138 0.234137 0.234135 0.234136 0.234136 0.234134 0.234134 0.234134 0.234136 0.234136 0.234135 0.234137 0.234138 0.234136 0.234135 0.000000 0.000000
0.000000 0.000000 0.229616 0.229617 0.229619 0.229618 0.229616 0.229616 0.229616 0.229615 0.229615 0.229615 0.229616 0.229616 0.229616 0.229618 0.229619 0.229617 0.229616 0.000000 0.000000
0.000000 0.000000 0.225103 0.225102 0.225105 0.225104 0.225102 0.225102 0.225102 0.225101 0.225101 0.225101 0.225102 0.225102 0.225102 0.225104 0.225105 0.225103 0.225102 0.000000 0.000000
0.000000 0.000000 0.300000 0.300000 0.300000 0.300000 0.300000 0.300000 0.300000 0.300000 0.300000 0.300000 0.300000 0.300000 0.300000 0.300000 0.300000 0.300000 0.300000 0.000000 0.000000
0.000000 0.000000 0.000000 0.000000 0.000000 0.000000 0.000000 0.000000 0.000000 0.000000 0.000000 0.000000 0.000000 0.000000 0.000000 0.000000 0.000000 0.000000 0.000000 0.000000 0.000000