geotop/1.0zi/1.0Montebello/Templates/testdem/maps/_Eocsilt4917.asc
ncols         21
nrows         20
xllcorner     100.000000
yllcorner     100.000000
cellsize      50.000000
NODATA_value  -9999.0
0.000000 0.000000 0.000000 0.000000 0.000000 0.000000 0.000000 0.000000 0.000000 0.000000 0.000000 0.000000 0.000000 0.000000 0.000000 0.000000 0.000000 0.000000 0.000000 0.000000 0.000000
0.000000 0.000000 0.350100 0.350100 0.350100 0.350100 0.350100 0.350100 0.350100 0.350100 0.350100 0.350100 0.350100 0.350100 0.350100 0.350100 0.350100 0.350100 0.350100 0.000000 0.000000
0.000000 0.000000 0.350002 0.350003 0.350003 0.350003 0.350004 0.350004 0.350004 0.350004 0.350004 0.350003 0.350004 0.350003 0.350003 0.350003 0.350002 0.350002 0.350002 0.000000 0.000000
0.000000 0.000000 0.350036 0.350036 0.350036 0.350031 0.350032 0.350030 0.350032 0.350033 0.350032 0.350031 0.350032 0.350031 0.350032 0.350035 0.350035 0.350037 0.350036 0.000000 0.000000
0.000000 0.000000 0.350427 0.350431 0.350430 0.350426 0.350423 0.350420 0.350418 0.350416 0.350414 0.350416 0.350417 0.350417 0.350422 0.350423 0.350424 0.350431 0.350435 0.000000 0.000000
0.000000 0.000000 0.351692 0.351694 0.351690 0.351678 0.351671 0.351656 0.351654 0.351649 0.351653 0.351656 0.351660 0.351658 0.351663 0.351669 0.351676 0.351678 0.351682 0.000000 0.000000
0.000000 0.000000 0.353634 0.353632 0.353626 0.353611 0.353593 0.353575 0.353577 0.353574 0.353577 0.353575 0.353573 0.353578 0.353591 0.353606 0.353612 0.353620 0.353626 0.000000 0.000000
0.000000 0.000000 0.355919 0.355916 0.355915 0.355901 0.355883 0.355864 0.355866 0.355863 0.355863 0.355862 0.355861 0.355862 0.355880 0.355899 0.355909 0.355912 0.355917 0.000000 0.000000
0.000000 0.000000 0.358298 0.358292 0.358286 0.358274 0.358257 0.358234 0.358235 0.358231 0.358231 0.358232 0.358231 0.358233 0.358251 0.358271 0.358279 0.358285 0.358294 0.000000 0.000000
0.000000 0.000000 0.360661 0.360657 0.360653 0.360641 0.360621 0.360601 0.360604 0.360601 0.360601 0.360601 0.360599 0.360599 0.360619 0.360638 0.360646 0.360651 0.360657 0.000000 0.000000
0.000000 0.000000 0.363057 0.363052 0.363048 0.363038 0.363022 0.362998 0.363001 0.362996 0.362995 0.362997 0.362995 0.362995 0.363013 0.363028 0.363038 0.363043 0.363051 0.000000 0.000000
0.000000 0.000000 0.365545 0.365541 0.365534 0.365520 0.365504 0.365480 0.365480 0.365477 0.365477 0.365476 0.365476 0.365476 0.365499 0.365516 0.365525 0.365530 0.365555 0.000000 0.000000
0.000000 0.000000 0.368077 0.368072 0.368066 0.368055 0.368035 0.367984 0.367984 0.367981 0.367980 0.367980 0.367977 0.367979 0.368024 0.368045 0.368054 0.368059 0.368074 0.000000 0.000000
0.000000 0.000000 0.370775 0.370766 0.370762 0.370750 0.370696 0.370683 0.370675 0.370672 0.370672 0.370672 0.370669 0.370670 0.370685 0.370737 0.370747 0.370759 0.370767 0.000000 0.000000
0.000000 0.000000 0.373699 0.373692 0.373677 0.373629 0.373604 0.373572 0.373557 0.373552 0.373544 0.373543 0.373546 0.373542 0.373567 0.373602 0.373660 0.373658 0.373666 0.000000 0.000000
0.000000 0.000000 0.376737 0.376730 0.376671 0.376661 0.376645 0.376629 0.376628 0.376627 0.376630 0.376629 0.376622 0.376634 0.376642 0.376656 0.376654 0.376720 0.376735 0.000000 0.000000
0.000000 0.000000 0.380147 0.380066 0.380021 0.379997 0.379954 0.379932 0.379927 0.379925 0.379915 0.379915 0.379918 0.379912 0.379929 0.379976 0.380007 0.380036 0.380115 0.000000 0.000000
0.000000 0.000000 0.382757 0.382745 0.382799 0.382769 0.382734 0.382656 0.382649 0.382642 0.382646 0.382644 0.382640 0.382648 0.382720 0.382757 0.382799 0.382732 0.382757 0.000000 0.000000
0.000000 0.000000 0.350000 0.350000 0.350000 0.350000 0.350000 0.350000 0.350000 0.350000 0.350000 0.350000 0.350000 0.350000 0.350000 0.350000 0.350000 0.350000 0.350000 0.000000 0.000000
0.000000 0.000000 0.000000 0.000000 0.000000 0.000000 0.000000 0.000000 0.000000 0.000000 0.000000 0.000000 0.000000 0.000000 0.000000 0.000000 0.000000 0.000000 0.000000 0.000000 0.000000