geotop/1.0zi/1.0Montebello/Templates/testdem/maps/_Eocsilt6479.asc
ncols         21
nrows         20
xllcorner     100.000000
yllcorner     100.000000
cellsize      50.000000
NODATA_value  -9999.0
0.000000 0.000000 0.000000 0.000000 0.000000 0.000000 0.000000 0.000000 0.000000 0.000000 0.000000 0.000000 0.000000 0.000000 0.000000 0.000000 0.000000 0.000000 0.000000 0.000000 0.000000
0.000000 0.000000 0.350130 0.350131 0.350131 0.350131 0.350131 0.350131 0.350131 0.350131 0.350131 0.350131 0.350131 0.350131 0.350131 0.350131 0.350131 0.350131 0.350131 0.000000 0.000000
0.000000 0.000000 0.350003 0.350002 0.350002 0.350002 0.350003 0.350003 0.350003 0.350003 0.350003 0.350003 0.350003 0.350004 0.350003 0.350002 0.350001 0.350001 0.350002 0.000000 0.000000
0.000000 0.000000 0.350054 0.350051 0.350050 0.350044 0.350045 0.350043 0.350045 0.350046 0.350044 0.350044 0.350044 0.350044 0.350047 0.350050 0.350052 0.350053 0.350053 0.000000 0.000000
0.000000 0.000000 0.350627 0.350633 0.350630 0.350625 0.350621 0.350615 0.350614 0.350612 0.350610 0.350612 0.350614 0.350614 0.350620 0.350624 0.350624 0.350633 0.350637 0.000000 0.000000
0.000000 0.000000 0.352363 0.352366 0.352359 0.352344 0.352331 0.352313 0.352312 0.352307 0.352312 0.352313 0.352315 0.352312 0.352318 0.352326 0.352337 0.352341 0.352346 0.000000 0.000000
0.000000 0.000000 0.354994 0.354992 0.354984 0.354963 0.354938 0.354913 0.354914 0.354911 0.354913 0.354912 0.354909 0.354914 0.354933 0.354954 0.354967 0.354978 0.354985 0.000000 0.000000
0.000000 0.000000 0.358205 0.358206 0.358203 0.358183 0.358159 0.358130 0.358131 0.358128 0.358127 0.358125 0.358125 0.358128 0.358151 0.358173 0.358193 0.358196 0.358207 0.000000 0.000000
0.000000 0.000000 0.361589 0.361584 0.361574 0.361560 0.361536 0.361504 0.361505 0.361499 0.361496 0.361496 0.361497 0.361496 0.361526 0.361550 0.361568 0.361574 0.361584 0.000000 0.000000
0.000000 0.000000 0.365028 0.365023 0.365018 0.365007 0.364974 0.364945 0.364947 0.364943 0.364939 0.364941 0.364946 0.364943 0.364967 0.364995 0.365013 0.365017 0.365024 0.000000 0.000000
0.000000 0.000000 0.368597 0.368594 0.368590 0.368564 0.368542 0.368511 0.368517 0.368501 0.368502 0.368502 0.368498 0.368508 0.368527 0.368545 0.368566 0.368576 0.368591 0.000000 0.000000
0.000000 0.000000 0.372393 0.372387 0.372375 0.372357 0.372335 0.372296 0.372296 0.372289 0.372297 0.372286 0.372289 0.372293 0.372329 0.372347 0.372361 0.372368 0.372404 0.000000 0.000000
0.000000 0.000000 0.376336 0.376327 0.376322 0.376301 0.376282 0.376199 0.376198 0.376191 0.376173 0.376181 0.376188 0.376195 0.376256 0.376274 0.376306 0.376309 0.376334 0.000000 0.000000
0.000000 0.000000 0.380680 0.380675 0.380662 0.380646 0.380561 0.380544 0.380525 0.380525 0.380520 0.380521 0.380520 0.380518 0.380526 0.380614 0.380640 0.380662 0.380688 0.000000 0.000000
0.000000 0.000000 0.385540 0.385536 0.385515 0.385421 0.385397 0.385347 0.385316 0.385310 0.385294 0.385280 0.385295 0.385289 0.385329 0.385363 0.385495 0.385483 0.385499 0.000000 0.000000
0.000000 0.000000 0.390754 0.390748 0.390620 0.390608 0.390600 0.390571 0.390601 0.390585 0.390600 0.390585 0.390571 0.390599 0.390617 0.390627 0.390604 0.390767 0.390770 0.000000 0.000000
0.000000 0.000000 0.396872 0.396694 0.396653 0.396599 0.396509 0.396472 0.396451 0.396452 0.396409 0.396407 0.396428 0.396416 0.396462 0.396529 0.396640 0.396649 0.396835 0.000000 0.000000
0.000000 0.000000 0.400995 0.401043 0.401208 0.401170 0.401120 0.400955 0.400955 0.400916 0.400951 0.400939 0.400948 0.400956 0.401106 0.401143 0.401235 0.401070 0.401033 0.000000 0.000000
0.000000 0.000000 0.350000 0.350000 0.350000 0.350000 0.350000 0.350000 0.350000 0.350000 0.350000 0.350000 0.350000 0.350000 0.350000 0.350000 0.350000 0.350000 0.350000 0.000000 0.000000
0.000000 0.000000 0.000000 0.000000 0.000000 0.000000 0.000000 0.000000 0.000000 0.000000 0.000000 0.000000 0.000000 0.000000 0.000000 0.000000 0.000000 0.000000 0.000000 0.000000 0.000000