geotop/1.0zi/1.0Montebello/Templates/testdem/maps/_Eocsilt6559.asc
ncols         21
nrows         20
xllcorner     100.000000
yllcorner     100.000000
cellsize      50.000000
NODATA_value  -9999.0
0.000000 0.000000 0.000000 0.000000 0.000000 0.000000 0.000000 0.000000 0.000000 0.000000 0.000000 0.000000 0.000000 0.000000 0.000000 0.000000 0.000000 0.000000 0.000000 0.000000 0.000000
0.000000 0.000000 0.350131 0.350132 0.350132 0.350132 0.350132 0.350132 0.350132 0.350132 0.350132 0.350132 0.350132 0.350132 0.350132 0.350132 0.350133 0.350132 0.350132 0.000000 0.000000
0.000000 0.000000 0.350003 0.350002 0.350002 0.350003 0.350003 0.350003 0.350003 0.350003 0.350003 0.350003 0.350004 0.350004 0.350003 0.350002 0.350001 0.350001 0.350002 0.000000 0.000000
0.000000 0.000000 0.350054 0.350051 0.350050 0.350044 0.350045 0.350043 0.350045 0.350046 0.350044 0.350044 0.350044 0.350044 0.350047 0.350050 0.350052 0.350053 0.350053 0.000000 0.000000
0.000000 0.000000 0.350627 0.350634 0.350631 0.350623 0.350620 0.350614 0.350613 0.350610 0.350609 0.350612 0.350614 0.350614 0.350620 0.350624 0.350624 0.350632 0.350636 0.000000 0.000000
0.000000 0.000000 0.352383 0.352386 0.352378 0.352365 0.352352 0.352334 0.352333 0.352328 0.352332 0.352333 0.352334 0.352331 0.352338 0.352346 0.352356 0.352362 0.352367 0.000000 0.000000
0.000000 0.000000 0.355063 0.355061 0.355053 0.355032 0.355007 0.354981 0.354983 0.354980 0.354981 0.354979 0.354977 0.354981 0.354999 0.355021 0.355035 0.355047 0.355054 0.000000 0.000000
0.000000 0.000000 0.358331 0.358332 0.358329 0.358308 0.358283 0.358254 0.358255 0.358252 0.358250 0.358248 0.358248 0.358251 0.358273 0.358296 0.358317 0.358321 0.358332 0.000000 0.000000
0.000000 0.000000 0.361776 0.361772 0.361761 0.361747 0.361722 0.361690 0.361691 0.361685 0.361682 0.361680 0.361682 0.361680 0.361710 0.361734 0.361753 0.361760 0.361770 0.000000 0.000000
0.000000 0.000000 0.365284 0.365280 0.365274 0.365262 0.365229 0.365200 0.365201 0.365198 0.365193 0.365194 0.365200 0.365196 0.365220 0.365248 0.365268 0.365272 0.365279 0.000000 0.000000
0.000000 0.000000 0.368930 0.368927 0.368923 0.368897 0.368874 0.368842 0.368849 0.368833 0.368833 0.368832 0.368829 0.368838 0.368857 0.368875 0.368897 0.368908 0.368923 0.000000 0.000000
0.000000 0.000000 0.372816 0.372809 0.372797 0.372778 0.372756 0.372716 0.372717 0.372709 0.372717 0.372705 0.372709 0.372712 0.372747 0.372765 0.372782 0.372789 0.372826 0.000000 0.000000
0.000000 0.000000 0.376857 0.376848 0.376843 0.376821 0.376801 0.376716 0.376716 0.376709 0.376689 0.376697 0.376704 0.376711 0.376773 0.376791 0.376825 0.376829 0.376854 0.000000 0.000000
0.000000 0.000000 0.381319 0.381315 0.381301 0.381284 0.381196 0.381179 0.381160 0.381160 0.381154 0.381154 0.381154 0.381150 0.381157 0.381248 0.381277 0.381300 0.381326 0.000000 0.000000
0.000000 0.000000 0.386323 0.386319 0.386298 0.386199 0.386175 0.386123 0.386093 0.386087 0.386069 0.386053 0.386068 0.386062 0.386102 0.386137 0.386275 0.386264 0.386279 0.000000 0.000000
0.000000 0.000000 0.391702 0.391697 0.391563 0.391551 0.391543 0.391514 0.391546 0.391529 0.391544 0.391527 0.391512 0.391541 0.391558 0.391568 0.391544 0.391716 0.391718 0.000000 0.000000
0.000000 0.000000 0.398035 0.397848 0.397808 0.397751 0.397656 0.397619 0.397595 0.397598 0.397551 0.397547 0.397570 0.397556 0.397602 0.397673 0.397793 0.397799 0.397994 0.000000 0.000000
0.000000 0.000000 0.402257 0.402312 0.402486 0.402447 0.402397 0.402225 0.402226 0.402185 0.402222 0.402208 0.402217 0.402226 0.402380 0.402417 0.402513 0.402341 0.402297 0.000000 0.000000
0.000000 0.000000 0.350000 0.350000 0.350000 0.350000 0.350000 0.350000 0.350000 0.350000 0.350000 0.350000 0.350000 0.350000 0.350000 0.350000 0.350000 0.350000 0.350000 0.000000 0.000000
0.000000 0.000000 0.000000 0.000000 0.000000 0.000000 0.000000 0.000000 0.000000 0.000000 0.000000 0.000000 0.000000 0.000000 0.000000 0.000000 0.000000 0.000000 0.000000 0.000000 0.000000