geotop/1.0zi/1.0Montebello/Templates/testdem/maps/_Eocclay8754.asc
ncols         21
nrows         20
xllcorner     100.000000
yllcorner     100.000000
cellsize      50.000000
NODATA_value  -9999.0
0.000000 0.000000 0.000000 0.000000 0.000000 0.000000 0.000000 0.000000 0.000000 0.000000 0.000000 0.000000 0.000000 0.000000 0.000000 0.000000 0.000000 0.000000 0.000000 0.000000 0.000000
0.000000 0.000000 0.349593 0.349595 0.349595 0.349594 0.349596 0.349596 0.349595 0.349595 0.349594 0.349596 0.349596 0.349595 0.349596 0.349595 0.349593 0.349594 0.349595 0.000000 0.000000
0.000000 0.000000 0.349983 0.349982 0.349982 0.349984 0.349982 0.349982 0.349982 0.349982 0.349981 0.349981 0.349982 0.349981 0.349982 0.349983 0.349983 0.349983 0.349981 0.000000 0.000000
0.000000 0.000000 0.350023 0.350028 0.350025 0.350021 0.350022 0.350023 0.350025 0.350023 0.350026 0.350024 0.350024 0.350022 0.350025 0.350027 0.350025 0.350028 0.350026 0.000000 0.000000
0.000000 0.000000 0.351186 0.351178 0.351176 0.351167 0.351149 0.351149 0.351144 0.351146 0.351144 0.351146 0.351144 0.351146 0.351156 0.351160 0.351170 0.351170 0.351180 0.000000 0.000000
0.000000 0.000000 0.354468 0.354465 0.354446 0.354416 0.354393 0.354369 0.354370 0.354364 0.354368 0.354368 0.354374 0.354372 0.354386 0.354410 0.354423 0.354436 0.354442 0.000000 0.000000
0.000000 0.000000 0.358897 0.358890 0.358880 0.358852 0.358818 0.358772 0.358771 0.358765 0.358766 0.358768 0.358769 0.358769 0.358808 0.358839 0.358855 0.358869 0.358877 0.000000 0.000000
0.000000 0.000000 0.364140 0.364133 0.364123 0.364089 0.364054 0.364011 0.364011 0.364005 0.364005 0.364003 0.364001 0.364010 0.364048 0.364076 0.364104 0.364113 0.364127 0.000000 0.000000
0.000000 0.000000 0.369774 0.369763 0.369746 0.369723 0.369685 0.369639 0.369643 0.369633 0.369631 0.369629 0.369631 0.369629 0.369676 0.369713 0.369735 0.369745 0.369758 0.000000 0.000000
0.000000 0.000000 0.375847 0.375833 0.375823 0.375799 0.375743 0.375703 0.375703 0.375698 0.375691 0.375697 0.375704 0.375701 0.375740 0.375785 0.375813 0.375821 0.375831 0.000000 0.000000
0.000000 0.000000 0.382584 0.382576 0.382565 0.382510 0.382474 0.382420 0.382435 0.382403 0.382411 0.382408 0.382398 0.382417 0.382457 0.382483 0.382521 0.382538 0.382565 0.000000 0.000000
0.000000 0.000000 0.390205 0.390180 0.390156 0.390125 0.390075 0.390014 0.390006 0.390003 0.390018 0.389993 0.390005 0.390004 0.390077 0.390115 0.390138 0.390151 0.390214 0.000000 0.000000
0.000000 0.000000 0.398604 0.398579 0.398576 0.398519 0.398480 0.398291 0.398287 0.398280 0.398224 0.398258 0.398267 0.398284 0.398433 0.398468 0.398543 0.398546 0.398575 0.000000 0.000000
0.000000 0.000000 0.408735 0.408728 0.408683 0.408646 0.408384 0.408439 0.408386 0.408388 0.408415 0.408391 0.408387 0.408366 0.408321 0.408598 0.408627 0.408698 0.408745 0.000000 0.000000
0.000000 0.000000 0.420829 0.420799 0.420746 0.420399 0.420473 0.420299 0.420229 0.420213 0.420150 0.420116 0.420156 0.420151 0.420325 0.420266 0.420721 0.420636 0.420636 0.000000 0.000000
0.000000 0.000000 0.433849 0.433825 0.433334 0.433524 0.433467 0.433459 0.433660 0.433604 0.433716 0.433689 0.433603 0.433724 0.433701 0.433747 0.433296 0.434030 0.434020 0.000000 0.000000
0.000000 0.000000 0.449264 0.448557 0.448787 0.448482 0.448128 0.448026 0.447797 0.447853 0.447625 0.447652 0.447788 0.447646 0.447836 0.448097 0.448767 0.448262 0.448996 0.000000 0.000000
0.000000 0.000000 0.453393 0.454044 0.454564 0.454573 0.454622 0.454111 0.454216 0.454061 0.454330 0.454279 0.454232 0.454324 0.454748 0.454710 0.454666 0.454284 0.453642 0.000000 0.000000
0.000000 0.000000 0.350000 0.350000 0.350000 0.350000 0.350000 0.350000 0.350000 0.350000 0.350000 0.350000 0.350000 0.350000 0.350000 0.350000 0.350000 0.350000 0.350000 0.000000 0.000000
0.000000 0.000000 0.000000 0.000000 0.000000 0.000000 0.000000 0.000000 0.000000 0.000000 0.000000 0.000000 0.000000 0.000000 0.000000 0.000000 0.000000 0.000000 0.000000 0.000000 0.000000