geotop/1.0zi/1.0Montebello/Templates/testdem/maps/_Eocsilt6884.asc
ncols         21
nrows         20
xllcorner     100.000000
yllcorner     100.000000
cellsize      50.000000
NODATA_value  -9999.0
0.000000 0.000000 0.000000 0.000000 0.000000 0.000000 0.000000 0.000000 0.000000 0.000000 0.000000 0.000000 0.000000 0.000000 0.000000 0.000000 0.000000 0.000000 0.000000 0.000000 0.000000
0.000000 0.000000 0.350137 0.350138 0.350138 0.350138 0.350138 0.350138 0.350138 0.350138 0.350138 0.350138 0.350138 0.350138 0.350138 0.350138 0.350138 0.350138 0.350137 0.000000 0.000000
0.000000 0.000000 0.350003 0.350002 0.350003 0.350003 0.350003 0.350003 0.350003 0.350003 0.350003 0.350003 0.350004 0.350004 0.350003 0.350003 0.350001 0.350001 0.350002 0.000000 0.000000
0.000000 0.000000 0.350060 0.350056 0.350055 0.350050 0.350051 0.350049 0.350051 0.350052 0.350050 0.350050 0.350049 0.350050 0.350052 0.350055 0.350058 0.350059 0.350059 0.000000 0.000000
0.000000 0.000000 0.350712 0.350718 0.350714 0.350707 0.350703 0.350696 0.350695 0.350692 0.350693 0.350695 0.350696 0.350696 0.350706 0.350710 0.350709 0.350716 0.350721 0.000000 0.000000
0.000000 0.000000 0.352682 0.352683 0.352675 0.352661 0.352647 0.352629 0.352628 0.352623 0.352627 0.352629 0.352630 0.352628 0.352636 0.352646 0.352655 0.352660 0.352666 0.000000 0.000000
0.000000 0.000000 0.355627 0.355624 0.355615 0.355593 0.355567 0.355540 0.355541 0.355538 0.355540 0.355539 0.355536 0.355540 0.355562 0.355585 0.355598 0.355610 0.355618 0.000000 0.000000
0.000000 0.000000 0.359172 0.359171 0.359167 0.359145 0.359119 0.359089 0.359090 0.359086 0.359086 0.359084 0.359083 0.359087 0.359112 0.359136 0.359156 0.359160 0.359172 0.000000 0.000000
0.000000 0.000000 0.362920 0.362913 0.362901 0.362887 0.362861 0.362827 0.362828 0.362821 0.362819 0.362819 0.362820 0.362818 0.362851 0.362879 0.362895 0.362902 0.362913 0.000000 0.000000
0.000000 0.000000 0.366758 0.366751 0.366745 0.366733 0.366697 0.366666 0.366668 0.366663 0.366659 0.366662 0.366667 0.366664 0.366691 0.366722 0.366740 0.366744 0.366752 0.000000 0.000000
0.000000 0.000000 0.370778 0.370773 0.370767 0.370739 0.370715 0.370681 0.370689 0.370670 0.370672 0.370673 0.370667 0.370678 0.370700 0.370720 0.370742 0.370753 0.370770 0.000000 0.000000
0.000000 0.000000 0.375093 0.375082 0.375070 0.375050 0.375026 0.374983 0.374983 0.374975 0.374985 0.374974 0.374976 0.374979 0.375020 0.375041 0.375056 0.375063 0.375104 0.000000 0.000000
0.000000 0.000000 0.379613 0.379602 0.379595 0.379572 0.379550 0.379455 0.379454 0.379447 0.379425 0.379436 0.379443 0.379451 0.379522 0.379544 0.379579 0.379582 0.379609 0.000000 0.000000
0.000000 0.000000 0.384661 0.384656 0.384639 0.384621 0.384519 0.384505 0.384483 0.384482 0.384482 0.384481 0.384479 0.384475 0.384479 0.384588 0.384613 0.384641 0.384670 0.000000 0.000000
0.000000 0.000000 0.390376 0.390368 0.390343 0.390225 0.390206 0.390147 0.390112 0.390105 0.390086 0.390070 0.390084 0.390078 0.390131 0.390163 0.390323 0.390306 0.390320 0.000000 0.000000
0.000000 0.000000 0.396559 0.396550 0.396386 0.396385 0.396378 0.396346 0.396392 0.396371 0.396394 0.396378 0.396357 0.396394 0.396411 0.396423 0.396368 0.396584 0.396586 0.000000 0.000000
0.000000 0.000000 0.403961 0.403719 0.403691 0.403619 0.403500 0.403457 0.403420 0.403425 0.403366 0.403367 0.403396 0.403374 0.403434 0.403525 0.403679 0.403655 0.403904 0.000000 0.000000
0.000000 0.000000 0.408534 0.408641 0.408869 0.408831 0.408786 0.408570 0.408577 0.408523 0.408584 0.408569 0.408573 0.408588 0.408781 0.408817 0.408909 0.408689 0.408594 0.000000 0.000000
0.000000 0.000000 0.350000 0.350000 0.350000 0.350000 0.350000 0.350000 0.350000 0.350000 0.350000 0.350000 0.350000 0.350000 0.350000 0.350000 0.350000 0.350000 0.350000 0.000000 0.000000
0.000000 0.000000 0.000000 0.000000 0.000000 0.000000 0.000000 0.000000 0.000000 0.000000 0.000000 0.000000 0.000000 0.000000 0.000000 0.000000 0.000000 0.000000 0.000000 0.000000 0.000000