geotop/1.0zi/1.0Montebello/Templates/testdem/maps/_Eocclay8449.asc
ncols         21
nrows         20
xllcorner     100.000000
yllcorner     100.000000
cellsize      50.000000
NODATA_value  -9999.0
0.000000 0.000000 0.000000 0.000000 0.000000 0.000000 0.000000 0.000000 0.000000 0.000000 0.000000 0.000000 0.000000 0.000000 0.000000 0.000000 0.000000 0.000000 0.000000 0.000000 0.000000
0.000000 0.000000 0.349616 0.349618 0.349618 0.349617 0.349618 0.349618 0.349618 0.349618 0.349617 0.349619 0.349618 0.349618 0.349619 0.349618 0.349616 0.349617 0.349617 0.000000 0.000000
0.000000 0.000000 0.349983 0.349982 0.349982 0.349984 0.349982 0.349982 0.349982 0.349982 0.349982 0.349982 0.349982 0.349982 0.349982 0.349983 0.349984 0.349983 0.349981 0.000000 0.000000
0.000000 0.000000 0.350004 0.350009 0.350006 0.350004 0.350007 0.350004 0.350006 0.350004 0.350007 0.350004 0.350005 0.350003 0.350005 0.350006 0.350005 0.350009 0.350006 0.000000 0.000000
0.000000 0.000000 0.351015 0.351011 0.351010 0.351005 0.350991 0.350988 0.350984 0.350987 0.350983 0.350984 0.350980 0.350984 0.350994 0.350995 0.351005 0.351008 0.351017 0.000000 0.000000
0.000000 0.000000 0.354017 0.354016 0.354001 0.353972 0.353955 0.353930 0.353932 0.353925 0.353930 0.353928 0.353931 0.353932 0.353944 0.353965 0.353980 0.353994 0.353999 0.000000 0.000000
0.000000 0.000000 0.358137 0.358131 0.358124 0.358098 0.358065 0.358023 0.358023 0.358017 0.358018 0.358019 0.358019 0.358020 0.358056 0.358086 0.358102 0.358116 0.358124 0.000000 0.000000
0.000000 0.000000 0.363026 0.363022 0.363014 0.362982 0.362951 0.362906 0.362906 0.362900 0.362900 0.362898 0.362894 0.362904 0.362941 0.362968 0.362995 0.363004 0.363017 0.000000 0.000000
0.000000 0.000000 0.368251 0.368241 0.368228 0.368208 0.368172 0.368127 0.368130 0.368120 0.368117 0.368115 0.368115 0.368115 0.368159 0.368195 0.368216 0.368226 0.368237 0.000000 0.000000
0.000000 0.000000 0.373828 0.373815 0.373809 0.373789 0.373738 0.373696 0.373696 0.373691 0.373684 0.373688 0.373693 0.373691 0.373729 0.373772 0.373797 0.373806 0.373814 0.000000 0.000000
0.000000 0.000000 0.379953 0.379946 0.379938 0.379892 0.379858 0.379805 0.379818 0.379788 0.379794 0.379791 0.379781 0.379799 0.379836 0.379861 0.379895 0.379913 0.379936 0.000000 0.000000
0.000000 0.000000 0.386803 0.386782 0.386763 0.386737 0.386694 0.386633 0.386626 0.386621 0.386634 0.386611 0.386619 0.386621 0.386687 0.386722 0.386743 0.386757 0.386812 0.000000 0.000000
0.000000 0.000000 0.394280 0.394259 0.394258 0.394211 0.394177 0.394008 0.394004 0.393996 0.393948 0.393976 0.393982 0.393998 0.394129 0.394161 0.394225 0.394231 0.394258 0.000000 0.000000
0.000000 0.000000 0.403148 0.403143 0.403110 0.403079 0.402863 0.402885 0.402841 0.402842 0.402857 0.402840 0.402835 0.402820 0.402797 0.403026 0.403056 0.403117 0.403158 0.000000 0.000000
0.000000 0.000000 0.413693 0.413671 0.413628 0.413349 0.413384 0.413242 0.413179 0.413165 0.413115 0.413084 0.413113 0.413108 0.413246 0.413227 0.413597 0.413537 0.413541 0.000000 0.000000
0.000000 0.000000 0.425271 0.425252 0.424848 0.424974 0.424939 0.424908 0.425065 0.425017 0.425100 0.425072 0.425002 0.425103 0.425105 0.425130 0.424809 0.425405 0.425396 0.000000 0.000000
0.000000 0.000000 0.439598 0.438960 0.439122 0.438872 0.438555 0.438459 0.438274 0.438317 0.438121 0.438141 0.438251 0.438139 0.438305 0.438539 0.439096 0.438713 0.439376 0.000000 0.000000
0.000000 0.000000 0.444270 0.444885 0.445412 0.445421 0.445464 0.444958 0.445050 0.444900 0.445152 0.445102 0.445058 0.445145 0.445564 0.445532 0.445507 0.445110 0.444506 0.000000 0.000000
0.000000 0.000000 0.350000 0.350000 0.350000 0.350000 0.350000 0.350000 0.350000 0.350000 0.350000 0.350000 0.350000 0.350000 0.350000 0.350000 0.350000 0.350000 0.350000 0.000000 0.000000
0.000000 0.000000 0.000000 0.000000 0.000000 0.000000 0.000000 0.000000 0.000000 0.000000 0.000000 0.000000 0.000000 0.000000 0.000000 0.000000 0.000000 0.000000 0.000000 0.000000 0.000000