geotop/1.0zi/1.0Montebello/Templates/testdem/maps/_Eocclay6131.asc
ncols         21
nrows         20
xllcorner     100.000000
yllcorner     100.000000
cellsize      50.000000
NODATA_value  -9999.0
0.000000 0.000000 0.000000 0.000000 0.000000 0.000000 0.000000 0.000000 0.000000 0.000000 0.000000 0.000000 0.000000 0.000000 0.000000 0.000000 0.000000 0.000000 0.000000 0.000000 0.000000
0.000000 0.000000 0.349729 0.349729 0.349730 0.349729 0.349730 0.349730 0.349730 0.349730 0.349728 0.349730 0.349730 0.349729 0.349730 0.349730 0.349728 0.349728 0.349729 0.000000 0.000000
0.000000 0.000000 0.349989 0.349989 0.349989 0.349990 0.349989 0.349989 0.349989 0.349989 0.349989 0.349988 0.349989 0.349988 0.349989 0.349989 0.349990 0.349990 0.349988 0.000000 0.000000
0.000000 0.000000 0.349982 0.349985 0.349983 0.349983 0.349985 0.349985 0.349986 0.349983 0.349988 0.349985 0.349985 0.349985 0.349985 0.349987 0.349985 0.349987 0.349986 0.000000 0.000000
0.000000 0.000000 0.350507 0.350506 0.350504 0.350502 0.350489 0.350487 0.350487 0.350490 0.350487 0.350486 0.350481 0.350483 0.350490 0.350489 0.350493 0.350496 0.350502 0.000000 0.000000
0.000000 0.000000 0.352198 0.352198 0.352192 0.352171 0.352165 0.352147 0.352147 0.352143 0.352146 0.352147 0.352151 0.352150 0.352154 0.352167 0.352176 0.352187 0.352191 0.000000 0.000000
0.000000 0.000000 0.354718 0.354715 0.354711 0.354694 0.354673 0.354645 0.354644 0.354640 0.354642 0.354643 0.354644 0.354643 0.354664 0.354686 0.354696 0.354705 0.354713 0.000000 0.000000
0.000000 0.000000 0.357770 0.357770 0.357766 0.357746 0.357725 0.357694 0.357695 0.357691 0.357692 0.357691 0.357689 0.357694 0.357718 0.357737 0.357753 0.357759 0.357769 0.000000 0.000000
0.000000 0.000000 0.360900 0.360897 0.360889 0.360877 0.360856 0.360826 0.360828 0.360823 0.360820 0.360821 0.360821 0.360819 0.360847 0.360869 0.360883 0.360887 0.360896 0.000000 0.000000
0.000000 0.000000 0.364086 0.364081 0.364078 0.364068 0.364038 0.364010 0.364012 0.364008 0.364004 0.364008 0.364012 0.364009 0.364032 0.364058 0.364073 0.364076 0.364082 0.000000 0.000000
0.000000 0.000000 0.367412 0.367409 0.367407 0.367385 0.367364 0.367333 0.367339 0.367325 0.367325 0.367326 0.367322 0.367331 0.367349 0.367366 0.367383 0.367392 0.367406 0.000000 0.000000
0.000000 0.000000 0.370924 0.370916 0.370906 0.370890 0.370872 0.370835 0.370836 0.370828 0.370837 0.370827 0.370829 0.370831 0.370865 0.370881 0.370893 0.370898 0.370933 0.000000 0.000000
0.000000 0.000000 0.374556 0.374549 0.374545 0.374527 0.374509 0.374433 0.374433 0.374426 0.374410 0.374419 0.374425 0.374430 0.374487 0.374503 0.374530 0.374533 0.374557 0.000000 0.000000
0.000000 0.000000 0.378533 0.378528 0.378517 0.378505 0.378429 0.378412 0.378394 0.378394 0.378389 0.378390 0.378391 0.378388 0.378397 0.378475 0.378497 0.378516 0.378541 0.000000 0.000000
0.000000 0.000000 0.382949 0.382943 0.382926 0.382845 0.382823 0.382779 0.382749 0.382744 0.382729 0.382721 0.382730 0.382724 0.382760 0.382794 0.382908 0.382898 0.382913 0.000000 0.000000
0.000000 0.000000 0.387655 0.387649 0.387541 0.387527 0.387522 0.387495 0.387518 0.387506 0.387516 0.387504 0.387491 0.387513 0.387530 0.387540 0.387525 0.387664 0.387667 0.000000 0.000000
0.000000 0.000000 0.393116 0.392965 0.392922 0.392880 0.392809 0.392774 0.392759 0.392758 0.392724 0.392721 0.392736 0.392729 0.392770 0.392824 0.392911 0.392931 0.393084 0.000000 0.000000
0.000000 0.000000 0.396963 0.396986 0.397123 0.397090 0.397041 0.396903 0.396901 0.396869 0.396894 0.396885 0.396893 0.396898 0.397024 0.397061 0.397145 0.397005 0.396991 0.000000 0.000000
0.000000 0.000000 0.350000 0.350000 0.350000 0.350000 0.350000 0.350000 0.350000 0.350000 0.350000 0.350000 0.350000 0.350000 0.350000 0.350000 0.350000 0.350000 0.350000 0.000000 0.000000
0.000000 0.000000 0.000000 0.000000 0.000000 0.000000 0.000000 0.000000 0.000000 0.000000 0.000000 0.000000 0.000000 0.000000 0.000000 0.000000 0.000000 0.000000 0.000000 0.000000 0.000000