geotop/1.0zi/1.0Montebello/Templates/testdem/maps/_Eocsand9359.asc
ncols         21
nrows         20
xllcorner     100.000000
yllcorner     100.000000
cellsize      50.000000
NODATA_value  -9999.0
0.000000 0.000000 0.000000 0.000000 0.000000 0.000000 0.000000 0.000000 0.000000 0.000000 0.000000 0.000000 0.000000 0.000000 0.000000 0.000000 0.000000 0.000000 0.000000 0.000000 0.000000
0.000000 0.000000 0.300240 0.300238 0.300238 0.300238 0.300237 0.300237 0.300237 0.300237 0.300238 0.300237 0.300237 0.300238 0.300237 0.300237 0.300239 0.300238 0.300238 0.000000 0.000000
0.000000 0.000000 0.300012 0.300013 0.300013 0.300011 0.300013 0.300013 0.300013 0.300013 0.300013 0.300013 0.300012 0.300012 0.300012 0.300012 0.300013 0.300014 0.300014 0.000000 0.000000
0.000000 0.000000 0.299851 0.299850 0.299857 0.299865 0.299863 0.299867 0.299861 0.299863 0.299863 0.299861 0.299860 0.299862 0.299857 0.299851 0.299848 0.299847 0.299847 0.000000 0.000000
0.000000 0.000000 0.297389 0.297391 0.297409 0.297436 0.297463 0.297468 0.297470 0.297471 0.297472 0.297466 0.297461 0.297461 0.297438 0.297427 0.297413 0.297403 0.297391 0.000000 0.000000
0.000000 0.000000 0.290373 0.290384 0.290421 0.290474 0.290533 0.290584 0.290582 0.290594 0.290588 0.290587 0.290577 0.290579 0.290550 0.290501 0.290475 0.290455 0.290441 0.000000 0.000000
0.000000 0.000000 0.280679 0.280698 0.280728 0.280792 0.280870 0.280976 0.280968 0.280977 0.280979 0.280977 0.280978 0.280971 0.280890 0.280827 0.280787 0.280760 0.280743 0.000000 0.000000
0.000000 0.000000 0.269190 0.269211 0.269238 0.269313 0.269394 0.269489 0.269484 0.269496 0.269500 0.269505 0.269508 0.269488 0.269413 0.269343 0.269280 0.269267 0.269237 0.000000 0.000000
0.000000 0.000000 0.256666 0.256697 0.256737 0.256791 0.256885 0.256997 0.256984 0.257006 0.257016 0.257019 0.257013 0.257015 0.256908 0.256826 0.256777 0.256758 0.256731 0.000000 0.000000
0.000000 0.000000 0.242995 0.243033 0.243065 0.243123 0.243249 0.243353 0.243347 0.243361 0.243380 0.243369 0.243353 0.243356 0.243270 0.243165 0.243106 0.243086 0.243071 0.000000 0.000000
0.000000 0.000000 0.227643 0.227671 0.227698 0.227835 0.227916 0.228052 0.228017 0.228089 0.228078 0.228086 0.228108 0.228063 0.227970 0.227905 0.227824 0.227790 0.227726 0.000000 0.000000
0.000000 0.000000 0.209968 0.210031 0.210110 0.210175 0.210294 0.210461 0.210458 0.210469 0.210439 0.210501 0.210468 0.210470 0.210304 0.210208 0.210163 0.210136 0.210001 0.000000 0.000000
0.000000 0.000000 0.190227 0.190284 0.190301 0.190453 0.190551 0.191029 0.191026 0.191051 0.191201 0.191110 0.191091 0.191044 0.190687 0.190598 0.190426 0.190412 0.190365 0.000000 0.000000
0.000000 0.000000 0.166003 0.166023 0.166158 0.166251 0.166919 0.166742 0.166870 0.166866 0.166788 0.166862 0.166872 0.166927 0.167093 0.166375 0.166330 0.166159 0.166051 0.000000 0.000000
0.000000 0.000000 0.137523 0.137606 0.137747 0.138620 0.138346 0.138854 0.138992 0.139041 0.139221 0.139296 0.139193 0.139189 0.138723 0.138969 0.137825 0.138073 0.138096 0.000000 0.000000
0.000000 0.000000 0.109225 0.109281 0.110397 0.109866 0.110047 0.110027 0.109537 0.109669 0.109410 0.109459 0.109662 0.109388 0.109504 0.109350 0.110529 0.108841 0.108865 0.000000 0.000000
0.000000 0.000000 0.080879 0.082036 0.081628 0.082164 0.082750 0.082942 0.083339 0.083246 0.083647 0.083598 0.083363 0.083606 0.083281 0.082847 0.081693 0.082602 0.081399 0.000000 0.000000
0.000000 0.000000 0.072022 0.071422 0.070703 0.070802 0.070859 0.071564 0.071490 0.071678 0.071403 0.071464 0.071483 0.071403 0.070809 0.070763 0.070619 0.071260 0.071851 0.000000 0.000000
0.000000 0.000000 0.300000 0.300000 0.300000 0.300000 0.300000 0.300000 0.300000 0.300000 0.300000 0.300000 0.300000 0.300000 0.300000 0.300000 0.300000 0.300000 0.300000 0.000000 0.000000
0.000000 0.000000 0.000000 0.000000 0.000000 0.000000 0.000000 0.000000 0.000000 0.000000 0.000000 0.000000 0.000000 0.000000 0.000000 0.000000 0.000000 0.000000 0.000000 0.000000 0.000000