geotop/1.0zi/1.0Montebello/Templates/testdem/maps/_Eocsilt7311.asc
ncols         21
nrows         20
xllcorner     100.000000
yllcorner     100.000000
cellsize      50.000000
NODATA_value  -9999.0
0.000000 0.000000 0.000000 0.000000 0.000000 0.000000 0.000000 0.000000 0.000000 0.000000 0.000000 0.000000 0.000000 0.000000 0.000000 0.000000 0.000000 0.000000 0.000000 0.000000 0.000000
0.000000 0.000000 0.350150 0.350151 0.350151 0.350151 0.350151 0.350151 0.350151 0.350151 0.350151 0.350151 0.350151 0.350151 0.350151 0.350151 0.350151 0.350151 0.350150 0.000000 0.000000
0.000000 0.000000 0.350004 0.350003 0.350003 0.350003 0.350004 0.350003 0.350004 0.350004 0.350004 0.350004 0.350004 0.350004 0.350004 0.350003 0.350002 0.350002 0.350003 0.000000 0.000000
0.000000 0.000000 0.350080 0.350077 0.350075 0.350069 0.350071 0.350067 0.350070 0.350070 0.350067 0.350069 0.350069 0.350069 0.350070 0.350073 0.350077 0.350076 0.350077 0.000000 0.000000
0.000000 0.000000 0.350861 0.350867 0.350862 0.350852 0.350847 0.350841 0.350837 0.350836 0.350835 0.350836 0.350837 0.350838 0.350851 0.350855 0.350858 0.350867 0.350870 0.000000 0.000000
0.000000 0.000000 0.353126 0.353127 0.353118 0.353103 0.353085 0.353065 0.353064 0.353059 0.353062 0.353063 0.353064 0.353063 0.353074 0.353085 0.353097 0.353104 0.353109 0.000000 0.000000
0.000000 0.000000 0.356410 0.356407 0.356397 0.356373 0.356344 0.356313 0.356314 0.356311 0.356311 0.356310 0.356307 0.356312 0.356338 0.356362 0.356378 0.356392 0.356399 0.000000 0.000000
0.000000 0.000000 0.360330 0.360329 0.360323 0.360299 0.360271 0.360237 0.360237 0.360233 0.360232 0.360229 0.360227 0.360233 0.360263 0.360288 0.360312 0.360318 0.360329 0.000000 0.000000
0.000000 0.000000 0.364499 0.364492 0.364479 0.364462 0.364433 0.364395 0.364397 0.364388 0.364386 0.364384 0.364385 0.364384 0.364422 0.364452 0.364471 0.364481 0.364491 0.000000 0.000000
0.000000 0.000000 0.368813 0.368805 0.368798 0.368783 0.368742 0.368709 0.368710 0.368705 0.368699 0.368702 0.368707 0.368705 0.368736 0.368770 0.368791 0.368798 0.368805 0.000000 0.000000
0.000000 0.000000 0.373383 0.373378 0.373371 0.373337 0.373309 0.373271 0.373280 0.373259 0.373261 0.373260 0.373253 0.373266 0.373294 0.373315 0.373341 0.373355 0.373373 0.000000 0.000000
0.000000 0.000000 0.378350 0.378337 0.378322 0.378300 0.378270 0.378223 0.378221 0.378214 0.378224 0.378208 0.378212 0.378217 0.378265 0.378289 0.378307 0.378317 0.378361 0.000000 0.000000
0.000000 0.000000 0.383607 0.383594 0.383587 0.383559 0.383532 0.383419 0.383417 0.383410 0.383381 0.383394 0.383401 0.383412 0.383499 0.383524 0.383567 0.383573 0.383598 0.000000 0.000000
0.000000 0.000000 0.389579 0.389574 0.389552 0.389531 0.389400 0.389394 0.389366 0.389366 0.389367 0.389362 0.389360 0.389356 0.389355 0.389491 0.389520 0.389556 0.389587 0.000000 0.000000
0.000000 0.000000 0.396441 0.396430 0.396400 0.396246 0.396233 0.396157 0.396116 0.396108 0.396081 0.396060 0.396077 0.396072 0.396145 0.396169 0.396377 0.396354 0.396365 0.000000 0.000000
0.000000 0.000000 0.403922 0.403910 0.403692 0.403714 0.403700 0.403664 0.403732 0.403705 0.403739 0.403718 0.403687 0.403740 0.403761 0.403774 0.403671 0.403968 0.403966 0.000000 0.000000
0.000000 0.000000 0.413062 0.412727 0.412728 0.412618 0.412449 0.412396 0.412331 0.412344 0.412255 0.412257 0.412303 0.412265 0.412349 0.412475 0.412713 0.412629 0.412973 0.000000 0.000000
0.000000 0.000000 0.417962 0.418183 0.418494 0.418461 0.418424 0.418130 0.418152 0.418075 0.418178 0.418152 0.418148 0.418179 0.418439 0.418464 0.418548 0.418270 0.418061 0.000000 0.000000
0.000000 0.000000 0.350000 0.350000 0.350000 0.350000 0.350000 0.350000 0.350000 0.350000 0.350000 0.350000 0.350000 0.350000 0.350000 0.350000 0.350000 0.350000 0.350000 0.000000 0.000000
0.000000 0.000000 0.000000 0.000000 0.000000 0.000000 0.000000 0.000000 0.000000 0.000000 0.000000 0.000000 0.000000 0.000000 0.000000 0.000000 0.000000 0.000000 0.000000 0.000000 0.000000