geotop/1.0zi/1.0Montebello/Templates/testdem/maps/_Eocsand6587.asc
ncols         21
nrows         20
xllcorner     100.000000
yllcorner     100.000000
cellsize      50.000000
NODATA_value  -9999.0
0.000000 0.000000 0.000000 0.000000 0.000000 0.000000 0.000000 0.000000 0.000000 0.000000 0.000000 0.000000 0.000000 0.000000 0.000000 0.000000 0.000000 0.000000 0.000000 0.000000 0.000000
0.000000 0.000000 0.300161 0.300159 0.300159 0.300160 0.300159 0.300158 0.300159 0.300159 0.300160 0.300159 0.300159 0.300159 0.300159 0.300159 0.300160 0.300160 0.300160 0.000000 0.000000
0.000000 0.000000 0.300009 0.300010 0.300009 0.300008 0.300009 0.300010 0.300009 0.300009 0.300010 0.300010 0.300009 0.300010 0.300009 0.300010 0.300010 0.300010 0.300011 0.000000 0.000000
0.000000 0.000000 0.299963 0.299962 0.299966 0.299971 0.299969 0.299971 0.299967 0.299970 0.299967 0.299970 0.299969 0.299970 0.299968 0.299963 0.299963 0.299960 0.299960 0.000000 0.000000
0.000000 0.000000 0.298782 0.298776 0.298781 0.298791 0.298807 0.298815 0.298817 0.298816 0.298821 0.298819 0.298821 0.298818 0.298806 0.298803 0.298796 0.298787 0.298776 0.000000 0.000000
0.000000 0.000000 0.295151 0.295148 0.295163 0.295201 0.295222 0.295259 0.295259 0.295269 0.295263 0.295263 0.295257 0.295260 0.295250 0.295226 0.295205 0.295187 0.295176 0.000000 0.000000
0.000000 0.000000 0.289656 0.289660 0.289673 0.289714 0.289763 0.289817 0.289817 0.289825 0.289823 0.289824 0.289825 0.289822 0.289781 0.289736 0.289709 0.289687 0.289672 0.000000 0.000000
0.000000 0.000000 0.283005 0.283005 0.283013 0.283058 0.283106 0.283165 0.283165 0.283172 0.283174 0.283179 0.283180 0.283171 0.283125 0.283082 0.283041 0.283030 0.283007 0.000000 0.000000
0.000000 0.000000 0.276059 0.276068 0.276088 0.276116 0.276164 0.276228 0.276225 0.276239 0.276244 0.276247 0.276244 0.276248 0.276190 0.276136 0.276104 0.276090 0.276071 0.000000 0.000000
0.000000 0.000000 0.268954 0.268965 0.268974 0.268999 0.269067 0.269123 0.269121 0.269130 0.269140 0.269136 0.269125 0.269132 0.269085 0.269025 0.268989 0.268979 0.268965 0.000000 0.000000
0.000000 0.000000 0.261521 0.261529 0.261537 0.261590 0.261636 0.261700 0.261686 0.261720 0.261719 0.261720 0.261728 0.261709 0.261671 0.261634 0.261589 0.261567 0.261536 0.000000 0.000000
0.000000 0.000000 0.253598 0.253616 0.253637 0.253675 0.253721 0.253799 0.253799 0.253815 0.253797 0.253823 0.253816 0.253811 0.253740 0.253701 0.253669 0.253654 0.253578 0.000000 0.000000
0.000000 0.000000 0.245340 0.245359 0.245369 0.245412 0.245453 0.245625 0.245627 0.245641 0.245682 0.245666 0.245651 0.245637 0.245512 0.245471 0.245404 0.245396 0.245345 0.000000 0.000000
0.000000 0.000000 0.236197 0.236205 0.236233 0.236267 0.236449 0.236480 0.236520 0.236523 0.236529 0.236532 0.236531 0.236538 0.236531 0.236339 0.236286 0.236236 0.236181 0.000000 0.000000
0.000000 0.000000 0.225926 0.225939 0.225980 0.226185 0.226232 0.226331 0.226398 0.226409 0.226446 0.226475 0.226449 0.226462 0.226378 0.226308 0.226026 0.226051 0.226022 0.000000 0.000000
0.000000 0.000000 0.214879 0.214893 0.215166 0.215189 0.215203 0.215262 0.215193 0.215230 0.215197 0.215233 0.215262 0.215202 0.215173 0.215149 0.215207 0.214850 0.214845 0.000000 0.000000
0.000000 0.000000 0.201828 0.202220 0.202297 0.202416 0.202612 0.202684 0.202736 0.202732 0.202827 0.202836 0.202787 0.202819 0.202725 0.202574 0.202329 0.202320 0.201917 0.000000 0.000000
0.000000 0.000000 0.193178 0.193059 0.192692 0.192771 0.192871 0.193227 0.193227 0.193311 0.193232 0.193262 0.193244 0.193227 0.192908 0.192829 0.192639 0.192998 0.193095 0.000000 0.000000
0.000000 0.000000 0.300000 0.300000 0.300000 0.300000 0.300000 0.300000 0.300000 0.300000 0.300000 0.300000 0.300000 0.300000 0.300000 0.300000 0.300000 0.300000 0.300000 0.000000 0.000000
0.000000 0.000000 0.000000 0.000000 0.000000 0.000000 0.000000 0.000000 0.000000 0.000000 0.000000 0.000000 0.000000 0.000000 0.000000 0.000000 0.000000 0.000000 0.000000 0.000000 0.000000