geotop/1.0zi/1.0Montebello/Templates/testdem/maps/_Eocsilt8825.asc
ncols         21
nrows         20
xllcorner     100.000000
yllcorner     100.000000
cellsize      50.000000
NODATA_value  -9999.0
0.000000 0.000000 0.000000 0.000000 0.000000 0.000000 0.000000 0.000000 0.000000 0.000000 0.000000 0.000000 0.000000 0.000000 0.000000 0.000000 0.000000 0.000000 0.000000 0.000000 0.000000
0.000000 0.000000 0.350189 0.350189 0.350189 0.350190 0.350189 0.350189 0.350189 0.350189 0.350189 0.350189 0.350189 0.350189 0.350189 0.350189 0.350190 0.350189 0.350189 0.000000 0.000000
0.000000 0.000000 0.350005 0.350005 0.350005 0.350005 0.350006 0.350005 0.350005 0.350006 0.350006 0.350006 0.350006 0.350006 0.350005 0.350005 0.350003 0.350003 0.350005 0.000000 0.000000
0.000000 0.000000 0.350121 0.350117 0.350112 0.350107 0.350107 0.350102 0.350105 0.350106 0.350103 0.350105 0.350105 0.350105 0.350108 0.350112 0.350117 0.350117 0.350120 0.000000 0.000000
0.000000 0.000000 0.351222 0.351227 0.351219 0.351202 0.351194 0.351190 0.351190 0.351187 0.351188 0.351189 0.351194 0.351192 0.351205 0.351212 0.351214 0.351218 0.351221 0.000000 0.000000
0.000000 0.000000 0.354327 0.354323 0.354313 0.354295 0.354268 0.354247 0.354247 0.354241 0.354246 0.354246 0.354250 0.354248 0.354262 0.354279 0.354290 0.354293 0.354300 0.000000 0.000000
0.000000 0.000000 0.358734 0.358726 0.358714 0.358684 0.358648 0.358604 0.358608 0.358605 0.358605 0.358604 0.358602 0.358607 0.358643 0.358671 0.358689 0.358701 0.358708 0.000000 0.000000
0.000000 0.000000 0.363942 0.363934 0.363927 0.363894 0.363859 0.363819 0.363821 0.363816 0.363815 0.363813 0.363811 0.363819 0.363854 0.363885 0.363914 0.363916 0.363929 0.000000 0.000000
0.000000 0.000000 0.369595 0.369582 0.369567 0.369543 0.369503 0.369455 0.369460 0.369450 0.369447 0.369446 0.369448 0.369447 0.369496 0.369533 0.369555 0.369561 0.369574 0.000000 0.000000
0.000000 0.000000 0.375666 0.375651 0.375642 0.375619 0.375563 0.375521 0.375524 0.375518 0.375511 0.375516 0.375522 0.375520 0.375559 0.375606 0.375630 0.375636 0.375642 0.000000 0.000000
0.000000 0.000000 0.382354 0.382344 0.382336 0.382280 0.382245 0.382191 0.382207 0.382175 0.382182 0.382178 0.382168 0.382187 0.382228 0.382256 0.382290 0.382301 0.382328 0.000000 0.000000
0.000000 0.000000 0.389927 0.389905 0.389878 0.389849 0.389801 0.389736 0.389736 0.389732 0.389746 0.389722 0.389733 0.389734 0.389805 0.389844 0.389861 0.389869 0.389928 0.000000 0.000000
0.000000 0.000000 0.398252 0.398228 0.398226 0.398169 0.398131 0.397941 0.397942 0.397933 0.397876 0.397910 0.397918 0.397937 0.398084 0.398120 0.398189 0.398189 0.398213 0.000000 0.000000
0.000000 0.000000 0.408266 0.408259 0.408215 0.408180 0.407922 0.407974 0.407927 0.407929 0.407954 0.407930 0.407926 0.407905 0.407859 0.408135 0.408159 0.408220 0.408264 0.000000 0.000000
0.000000 0.000000 0.420123 0.420093 0.420041 0.419706 0.419781 0.419606 0.419546 0.419529 0.419467 0.419432 0.419471 0.419468 0.419637 0.419579 0.420020 0.419924 0.419921 0.000000 0.000000
0.000000 0.000000 0.432659 0.432636 0.432171 0.432355 0.432300 0.432292 0.432490 0.432434 0.432537 0.432512 0.432430 0.432545 0.432522 0.432571 0.432134 0.432820 0.432808 0.000000 0.000000
0.000000 0.000000 0.446859 0.446242 0.446441 0.446174 0.445866 0.445775 0.445579 0.445627 0.445425 0.445449 0.445567 0.445445 0.445611 0.445839 0.446422 0.445975 0.446614 0.000000 0.000000
0.000000 0.000000 0.451059 0.451544 0.451977 0.451966 0.451987 0.451567 0.451645 0.451522 0.451728 0.451686 0.451655 0.451723 0.452071 0.452059 0.452053 0.451714 0.451236 0.000000 0.000000
0.000000 0.000000 0.350000 0.350000 0.350000 0.350000 0.350000 0.350000 0.350000 0.350000 0.350000 0.350000 0.350000 0.350000 0.350000 0.350000 0.350000 0.350000 0.350000 0.000000 0.000000
0.000000 0.000000 0.000000 0.000000 0.000000 0.000000 0.000000 0.000000 0.000000 0.000000 0.000000 0.000000 0.000000 0.000000 0.000000 0.000000 0.000000 0.000000 0.000000 0.000000 0.000000