geotop/1.0zi/1.0Montebello/Templates/testdem/maps/_Eocclay2964.asc
ncols         21
nrows         20
xllcorner     100.000000
yllcorner     100.000000
cellsize      50.000000
NODATA_value  -9999.0
0.000000 0.000000 0.000000 0.000000 0.000000 0.000000 0.000000 0.000000 0.000000 0.000000 0.000000 0.000000 0.000000 0.000000 0.000000 0.000000 0.000000 0.000000 0.000000 0.000000 0.000000
0.000000 0.000000 0.349829 0.349829 0.349829 0.349829 0.349829 0.349829 0.349829 0.349829 0.349829 0.349829 0.349829 0.349829 0.349829 0.349829 0.349829 0.349829 0.349829 0.000000 0.000000
0.000000 0.000000 0.349995 0.349995 0.349995 0.349996 0.349995 0.349995 0.349995 0.349995 0.349996 0.349995 0.349995 0.349995 0.349995 0.349996 0.349995 0.349995 0.349995 0.000000 0.000000
0.000000 0.000000 0.351073 0.351073 0.351070 0.351071 0.351073 0.351073 0.351072 0.351073 0.351073 0.351073 0.351072 0.351073 0.351073 0.351071 0.351070 0.351073 0.351073 0.000000 0.000000
0.000000 0.000000 0.355662 0.355661 0.355660 0.355660 0.355663 0.355662 0.355662 0.355664 0.355664 0.355664 0.355662 0.355662 0.355663 0.355660 0.355660 0.355661 0.355662 0.000000 0.000000
0.000000 0.000000 0.360809 0.360808 0.360807 0.360807 0.360810 0.360809 0.360809 0.360810 0.360810 0.360810 0.360809 0.360809 0.360810 0.360807 0.360807 0.360808 0.360809 0.000000 0.000000
0.000000 0.000000 0.365633 0.365633 0.365632 0.365632 0.365634 0.365633 0.365633 0.365634 0.365634 0.365634 0.365633 0.365633 0.365634 0.365632 0.365632 0.365633 0.365633 0.000000 0.000000
0.000000 0.000000 0.370028 0.370028 0.370026 0.370027 0.370028 0.370028 0.370028 0.370028 0.370029 0.370028 0.370028 0.370028 0.370028 0.370027 0.370026 0.370028 0.370028 0.000000 0.000000
0.000000 0.000000 0.374098 0.374097 0.374096 0.374097 0.374098 0.374098 0.374098 0.374098 0.374099 0.374098 0.374098 0.374098 0.374098 0.374097 0.374096 0.374097 0.374098 0.000000 0.000000
0.000000 0.000000 0.377939 0.377939 0.377938 0.377938 0.377940 0.377939 0.377939 0.377940 0.377940 0.377940 0.377939 0.377939 0.377940 0.377938 0.377938 0.377939 0.377939 0.000000 0.000000
0.000000 0.000000 0.381598 0.381598 0.381597 0.381597 0.381598 0.381598 0.381598 0.381599 0.381599 0.381599 0.381598 0.381598 0.381598 0.381597 0.381597 0.381598 0.381598 0.000000 0.000000
0.000000 0.000000 0.385110 0.385109 0.385108 0.385109 0.385110 0.385109 0.385109 0.385110 0.385110 0.385110 0.385109 0.385109 0.385110 0.385109 0.385108 0.385109 0.385110 0.000000 0.000000
0.000000 0.000000 0.388501 0.388501 0.388500 0.388500 0.388501 0.388501 0.388501 0.388502 0.388502 0.388502 0.388501 0.388501 0.388501 0.388500 0.388500 0.388501 0.388501 0.000000 0.000000
0.000000 0.000000 0.391799 0.391799 0.391798 0.391798 0.391799 0.391799 0.391799 0.391800 0.391800 0.391800 0.391799 0.391799 0.391799 0.391798 0.391798 0.391799 0.391799 0.000000 0.000000
0.000000 0.000000 0.395010 0.395009 0.395008 0.395009 0.395010 0.395009 0.395009 0.395010 0.395010 0.395010 0.395009 0.395009 0.395010 0.395009 0.395008 0.395009 0.395010 0.000000 0.000000
0.000000 0.000000 0.398138 0.398138 0.398137 0.398138 0.398139 0.398138 0.398138 0.398139 0.398139 0.398139 0.398138 0.398138 0.398139 0.398138 0.398137 0.398138 0.398138 0.000000 0.000000
0.000000 0.000000 0.401196 0.401196 0.401195 0.401195 0.401196 0.401196 0.401196 0.401197 0.401197 0.401197 0.401196 0.401196 0.401196 0.401195 0.401195 0.401196 0.401196 0.000000 0.000000
0.000000 0.000000 0.404248 0.404248 0.404247 0.404248 0.404249 0.404248 0.404249 0.404249 0.404249 0.404249 0.404249 0.404248 0.404249 0.404248 0.404247 0.404248 0.404249 0.000000 0.000000
0.000000 0.000000 0.350000 0.350000 0.350000 0.350000 0.350000 0.350000 0.350000 0.350000 0.350000 0.350000 0.350000 0.350000 0.350000 0.350000 0.350000 0.350000 0.350000 0.000000 0.000000
0.000000 0.000000 0.000000 0.000000 0.000000 0.000000 0.000000 0.000000 0.000000 0.000000 0.000000 0.000000 0.000000 0.000000 0.000000 0.000000 0.000000 0.000000 0.000000 0.000000 0.000000