geotop/1.0zi/1.0Montebello/Templates/testdem/maps/_Eocsilt5614.asc
ncols         21
nrows         20
xllcorner     100.000000
yllcorner     100.000000
cellsize      50.000000
NODATA_value  -9999.0
0.000000 0.000000 0.000000 0.000000 0.000000 0.000000 0.000000 0.000000 0.000000 0.000000 0.000000 0.000000 0.000000 0.000000 0.000000 0.000000 0.000000 0.000000 0.000000 0.000000 0.000000
0.000000 0.000000 0.350112 0.350112 0.350112 0.350112 0.350112 0.350112 0.350112 0.350112 0.350112 0.350112 0.350112 0.350112 0.350112 0.350112 0.350112 0.350112 0.350112 0.000000 0.000000
0.000000 0.000000 0.350002 0.350002 0.350002 0.350003 0.350003 0.350003 0.350003 0.350003 0.350003 0.350003 0.350003 0.350003 0.350003 0.350002 0.350001 0.350001 0.350002 0.000000 0.000000
0.000000 0.000000 0.350046 0.350045 0.350043 0.350039 0.350040 0.350038 0.350040 0.350040 0.350039 0.350039 0.350039 0.350039 0.350041 0.350044 0.350045 0.350047 0.350046 0.000000 0.000000
0.000000 0.000000 0.350517 0.350520 0.350518 0.350515 0.350512 0.350507 0.350505 0.350503 0.350501 0.350503 0.350504 0.350505 0.350510 0.350513 0.350512 0.350522 0.350525 0.000000 0.000000
0.000000 0.000000 0.351972 0.351976 0.351972 0.351958 0.351948 0.351931 0.351929 0.351925 0.351930 0.351932 0.351933 0.351930 0.351935 0.351941 0.351950 0.351954 0.351958 0.000000 0.000000
0.000000 0.000000 0.354195 0.354193 0.354189 0.354172 0.354151 0.354128 0.354130 0.354127 0.354130 0.354130 0.354127 0.354130 0.354145 0.354162 0.354170 0.354179 0.354185 0.000000 0.000000
0.000000 0.000000 0.356878 0.356878 0.356879 0.356862 0.356842 0.356817 0.356818 0.356815 0.356815 0.356815 0.356813 0.356815 0.356833 0.356852 0.356867 0.356870 0.356879 0.000000 0.000000
0.000000 0.000000 0.359692 0.359687 0.359681 0.359670 0.359650 0.359621 0.359623 0.359618 0.359616 0.359617 0.359617 0.359614 0.359640 0.359659 0.359673 0.359678 0.359687 0.000000 0.000000
0.000000 0.000000 0.362504 0.362500 0.362497 0.362490 0.362463 0.362438 0.362440 0.362437 0.362433 0.362437 0.362440 0.362437 0.362456 0.362478 0.362491 0.362493 0.362499 0.000000 0.000000
0.000000 0.000000 0.365385 0.365383 0.365383 0.365363 0.365344 0.365317 0.365323 0.365310 0.365310 0.365312 0.365308 0.365314 0.365330 0.365344 0.365359 0.365367 0.365379 0.000000 0.000000
0.000000 0.000000 0.368407 0.368400 0.368393 0.368380 0.368363 0.368330 0.368332 0.368324 0.368332 0.368325 0.368326 0.368328 0.368356 0.368369 0.368380 0.368384 0.368415 0.000000 0.000000
0.000000 0.000000 0.371498 0.371492 0.371491 0.371475 0.371460 0.371395 0.371395 0.371389 0.371376 0.371383 0.371388 0.371393 0.371439 0.371451 0.371474 0.371476 0.371499 0.000000 0.000000
0.000000 0.000000 0.374846 0.374842 0.374835 0.374825 0.374763 0.374746 0.374732 0.374731 0.374726 0.374729 0.374729 0.374727 0.374733 0.374794 0.374814 0.374830 0.374852 0.000000 0.000000
0.000000 0.000000 0.378520 0.378515 0.378502 0.378439 0.378418 0.378380 0.378356 0.378352 0.378340 0.378333 0.378341 0.378335 0.378361 0.378391 0.378483 0.378476 0.378489 0.000000 0.000000
0.000000 0.000000 0.382400 0.382395 0.382314 0.382299 0.382294 0.382270 0.382285 0.382275 0.382282 0.382273 0.382263 0.382279 0.382293 0.382301 0.382296 0.382402 0.382405 0.000000 0.000000
0.000000 0.000000 0.386820 0.386709 0.386669 0.386637 0.386584 0.386557 0.386548 0.386546 0.386522 0.386519 0.386528 0.386524 0.386553 0.386592 0.386656 0.386683 0.386796 0.000000 0.000000
0.000000 0.000000 0.390076 0.390078 0.390177 0.390150 0.390106 0.390002 0.389999 0.389976 0.389990 0.389984 0.389991 0.389993 0.390088 0.390118 0.390189 0.390087 0.390092 0.000000 0.000000
0.000000 0.000000 0.350000 0.350000 0.350000 0.350000 0.350000 0.350000 0.350000 0.350000 0.350000 0.350000 0.350000 0.350000 0.350000 0.350000 0.350000 0.350000 0.350000 0.000000 0.000000
0.000000 0.000000 0.000000 0.000000 0.000000 0.000000 0.000000 0.000000 0.000000 0.000000 0.000000 0.000000 0.000000 0.000000 0.000000 0.000000 0.000000 0.000000 0.000000 0.000000 0.000000