geotop/1.0zi/1.0Montebello/Templates/testdem/maps/_Eocsand6087.asc
ncols         21
nrows         20
xllcorner     100.000000
yllcorner     100.000000
cellsize      50.000000
NODATA_value  -9999.0
0.000000 0.000000 0.000000 0.000000 0.000000 0.000000 0.000000 0.000000 0.000000 0.000000 0.000000 0.000000 0.000000 0.000000 0.000000 0.000000 0.000000 0.000000 0.000000 0.000000 0.000000
0.000000 0.000000 0.300151 0.300150 0.300150 0.300149 0.300149 0.300149 0.300150 0.300150 0.300150 0.300150 0.300150 0.300150 0.300150 0.300150 0.300150 0.300150 0.300150 0.000000 0.000000
0.000000 0.000000 0.300009 0.300008 0.300008 0.300008 0.300008 0.300008 0.300008 0.300008 0.300008 0.300008 0.300007 0.300007 0.300008 0.300008 0.300010 0.300010 0.300009 0.000000 0.000000
0.000000 0.000000 0.299970 0.299968 0.299972 0.299976 0.299973 0.299975 0.299972 0.299974 0.299973 0.299975 0.299974 0.299976 0.299972 0.299967 0.299968 0.299965 0.299967 0.000000 0.000000
0.000000 0.000000 0.298943 0.298941 0.298943 0.298951 0.298965 0.298974 0.298974 0.298975 0.298978 0.298977 0.298979 0.298977 0.298967 0.298965 0.298960 0.298949 0.298940 0.000000 0.000000
0.000000 0.000000 0.295664 0.295660 0.295673 0.295707 0.295725 0.295759 0.295761 0.295769 0.295762 0.295759 0.295755 0.295758 0.295747 0.295726 0.295711 0.295695 0.295685 0.000000 0.000000
0.000000 0.000000 0.290767 0.290772 0.290782 0.290819 0.290862 0.290914 0.290913 0.290920 0.290916 0.290914 0.290917 0.290915 0.290876 0.290834 0.290814 0.290795 0.290781 0.000000 0.000000
0.000000 0.000000 0.284816 0.284816 0.284821 0.284860 0.284902 0.284959 0.284958 0.284964 0.284964 0.284965 0.284969 0.284961 0.284917 0.284877 0.284845 0.284836 0.284816 0.000000 0.000000
0.000000 0.000000 0.278645 0.278653 0.278670 0.278693 0.278736 0.278796 0.278793 0.278803 0.278809 0.278806 0.278806 0.278810 0.278755 0.278711 0.278682 0.278672 0.278654 0.000000 0.000000
0.000000 0.000000 0.272394 0.272405 0.272412 0.272429 0.272489 0.272544 0.272540 0.272547 0.272555 0.272548 0.272540 0.272547 0.272502 0.272451 0.272421 0.272415 0.272402 0.000000 0.000000
0.000000 0.000000 0.265915 0.265922 0.265926 0.265970 0.266011 0.266071 0.266058 0.266086 0.266086 0.266083 0.266091 0.266076 0.266039 0.266006 0.265973 0.265954 0.265927 0.000000 0.000000
0.000000 0.000000 0.259078 0.259093 0.259112 0.259143 0.259180 0.259252 0.259249 0.259266 0.259248 0.259266 0.259263 0.259257 0.259192 0.259160 0.259137 0.259126 0.259059 0.000000 0.000000
0.000000 0.000000 0.252022 0.252035 0.252043 0.252079 0.252113 0.252261 0.252261 0.252274 0.252305 0.252288 0.252277 0.252266 0.252157 0.252126 0.252073 0.252068 0.252020 0.000000 0.000000
0.000000 0.000000 0.244310 0.244319 0.244341 0.244364 0.244511 0.244546 0.244579 0.244580 0.244590 0.244587 0.244586 0.244591 0.244574 0.244425 0.244381 0.244343 0.244295 0.000000 0.000000
0.000000 0.000000 0.235764 0.235776 0.235810 0.235965 0.236009 0.236096 0.236153 0.236162 0.236190 0.236207 0.236189 0.236201 0.236133 0.236066 0.235846 0.235864 0.235835 0.000000 0.000000
0.000000 0.000000 0.226671 0.226682 0.226889 0.226917 0.226928 0.226982 0.226938 0.226962 0.226943 0.226965 0.226990 0.226947 0.226914 0.226894 0.226921 0.226655 0.226649 0.000000 0.000000
0.000000 0.000000 0.216155 0.216440 0.216526 0.216608 0.216743 0.216810 0.216838 0.216840 0.216904 0.216911 0.216882 0.216896 0.216818 0.216714 0.216548 0.216506 0.216214 0.000000 0.000000
0.000000 0.000000 0.208696 0.208659 0.208401 0.208465 0.208562 0.208825 0.208829 0.208889 0.208844 0.208860 0.208844 0.208835 0.208595 0.208523 0.208360 0.208625 0.208645 0.000000 0.000000
0.000000 0.000000 0.300000 0.300000 0.300000 0.300000 0.300000 0.300000 0.300000 0.300000 0.300000 0.300000 0.300000 0.300000 0.300000 0.300000 0.300000 0.300000 0.300000 0.000000 0.000000
0.000000 0.000000 0.000000 0.000000 0.000000 0.000000 0.000000 0.000000 0.000000 0.000000 0.000000 0.000000 0.000000 0.000000 0.000000 0.000000 0.000000 0.000000 0.000000 0.000000 0.000000