geotop/1.0zi/1.0Montebello/Templates/testdem/maps/_Eocsilt8663.asc
ncols         21
nrows         20
xllcorner     100.000000
yllcorner     100.000000
cellsize      50.000000
NODATA_value  -9999.0
0.000000 0.000000 0.000000 0.000000 0.000000 0.000000 0.000000 0.000000 0.000000 0.000000 0.000000 0.000000 0.000000 0.000000 0.000000 0.000000 0.000000 0.000000 0.000000 0.000000 0.000000
0.000000 0.000000 0.350182 0.350182 0.350182 0.350183 0.350182 0.350182 0.350182 0.350182 0.350182 0.350182 0.350182 0.350182 0.350182 0.350182 0.350183 0.350183 0.350182 0.000000 0.000000
0.000000 0.000000 0.350005 0.350005 0.350005 0.350005 0.350006 0.350005 0.350006 0.350006 0.350006 0.350006 0.350006 0.350006 0.350006 0.350005 0.350003 0.350003 0.350005 0.000000 0.000000
0.000000 0.000000 0.350104 0.350100 0.350097 0.350092 0.350093 0.350087 0.350090 0.350090 0.350087 0.350089 0.350089 0.350089 0.350092 0.350096 0.350100 0.350100 0.350102 0.000000 0.000000
0.000000 0.000000 0.351112 0.351117 0.351106 0.351092 0.351083 0.351079 0.351077 0.351075 0.351076 0.351078 0.351081 0.351080 0.351093 0.351097 0.351101 0.351110 0.351113 0.000000 0.000000
0.000000 0.000000 0.354061 0.354058 0.354048 0.354027 0.354006 0.353986 0.353984 0.353978 0.353983 0.353984 0.353987 0.353985 0.353998 0.354011 0.354025 0.354032 0.354040 0.000000 0.000000
0.000000 0.000000 0.358299 0.358291 0.358279 0.358249 0.358213 0.358177 0.358178 0.358174 0.358175 0.358175 0.358172 0.358177 0.358210 0.358238 0.358257 0.358272 0.358280 0.000000 0.000000
0.000000 0.000000 0.363312 0.363307 0.363300 0.363267 0.363234 0.363194 0.363194 0.363188 0.363188 0.363185 0.363183 0.363191 0.363227 0.363256 0.363285 0.363290 0.363304 0.000000 0.000000
0.000000 0.000000 0.368747 0.368734 0.368718 0.368695 0.368657 0.368612 0.368615 0.368605 0.368603 0.368601 0.368603 0.368601 0.368648 0.368684 0.368707 0.368719 0.368731 0.000000 0.000000
0.000000 0.000000 0.374542 0.374529 0.374519 0.374497 0.374443 0.374403 0.374403 0.374399 0.374392 0.374397 0.374403 0.374401 0.374439 0.374483 0.374509 0.374518 0.374526 0.000000 0.000000
0.000000 0.000000 0.380890 0.380882 0.380871 0.380819 0.380784 0.380733 0.380747 0.380717 0.380724 0.380721 0.380712 0.380729 0.380768 0.380793 0.380829 0.380846 0.380870 0.000000 0.000000
0.000000 0.000000 0.388029 0.388005 0.387982 0.387953 0.387906 0.387847 0.387840 0.387836 0.387851 0.387828 0.387838 0.387839 0.387907 0.387944 0.387965 0.387979 0.388036 0.000000 0.000000
0.000000 0.000000 0.395838 0.395814 0.395810 0.395758 0.395722 0.395548 0.395544 0.395537 0.395486 0.395517 0.395524 0.395540 0.395677 0.395710 0.395779 0.395784 0.395811 0.000000 0.000000
0.000000 0.000000 0.405140 0.405132 0.405092 0.405058 0.404824 0.404861 0.404815 0.404817 0.404837 0.404818 0.404814 0.404796 0.404766 0.405010 0.405040 0.405104 0.405147 0.000000 0.000000
0.000000 0.000000 0.416168 0.416141 0.416092 0.415788 0.415835 0.415684 0.415622 0.415608 0.415554 0.415521 0.415556 0.415551 0.415703 0.415668 0.416067 0.415996 0.415999 0.000000 0.000000
0.000000 0.000000 0.428040 0.428018 0.427590 0.427735 0.427689 0.427670 0.427839 0.427790 0.427883 0.427858 0.427785 0.427889 0.427883 0.427916 0.427555 0.428186 0.428178 0.000000 0.000000
0.000000 0.000000 0.442052 0.441437 0.441608 0.441350 0.441042 0.440952 0.440764 0.440809 0.440616 0.440638 0.440751 0.440635 0.440799 0.441027 0.441588 0.441186 0.441827 0.000000 0.000000
0.000000 0.000000 0.446405 0.446931 0.447384 0.447380 0.447407 0.446961 0.447043 0.446911 0.447133 0.447089 0.447054 0.447128 0.447501 0.447481 0.447469 0.447125 0.446607 0.000000 0.000000
0.000000 0.000000 0.350000 0.350000 0.350000 0.350000 0.350000 0.350000 0.350000 0.350000 0.350000 0.350000 0.350000 0.350000 0.350000 0.350000 0.350000 0.350000 0.350000 0.000000 0.000000
0.000000 0.000000 0.000000 0.000000 0.000000 0.000000 0.000000 0.000000 0.000000 0.000000 0.000000 0.000000 0.000000 0.000000 0.000000 0.000000 0.000000 0.000000 0.000000 0.000000 0.000000