geotop/1.0zi/1.0Montebello/Templates/testdem/maps/_Eocclay8455.asc
ncols         21
nrows         20
xllcorner     100.000000
yllcorner     100.000000
cellsize      50.000000
NODATA_value  -9999.0
0.000000 0.000000 0.000000 0.000000 0.000000 0.000000 0.000000 0.000000 0.000000 0.000000 0.000000 0.000000 0.000000 0.000000 0.000000 0.000000 0.000000 0.000000 0.000000 0.000000 0.000000
0.000000 0.000000 0.349616 0.349618 0.349617 0.349616 0.349618 0.349618 0.349618 0.349618 0.349617 0.349618 0.349618 0.349618 0.349618 0.349618 0.349616 0.349617 0.349617 0.000000 0.000000
0.000000 0.000000 0.349983 0.349982 0.349982 0.349984 0.349982 0.349982 0.349982 0.349982 0.349982 0.349982 0.349982 0.349982 0.349982 0.349983 0.349984 0.349983 0.349981 0.000000 0.000000
0.000000 0.000000 0.350004 0.350009 0.350006 0.350004 0.350007 0.350004 0.350006 0.350004 0.350007 0.350004 0.350005 0.350003 0.350005 0.350006 0.350005 0.350009 0.350006 0.000000 0.000000
0.000000 0.000000 0.351015 0.351011 0.351010 0.351005 0.350991 0.350988 0.350984 0.350986 0.350983 0.350984 0.350980 0.350984 0.350993 0.350995 0.351005 0.351008 0.351017 0.000000 0.000000
0.000000 0.000000 0.354019 0.354018 0.354004 0.353975 0.353958 0.353933 0.353934 0.353927 0.353932 0.353930 0.353933 0.353934 0.353947 0.353968 0.353983 0.353997 0.354002 0.000000 0.000000
0.000000 0.000000 0.358148 0.358142 0.358135 0.358109 0.358076 0.358034 0.358033 0.358028 0.358029 0.358030 0.358030 0.358031 0.358067 0.358097 0.358113 0.358127 0.358134 0.000000 0.000000
0.000000 0.000000 0.363047 0.363042 0.363035 0.363003 0.362972 0.362927 0.362926 0.362921 0.362920 0.362918 0.362915 0.362924 0.362962 0.362988 0.363015 0.363024 0.363037 0.000000 0.000000
0.000000 0.000000 0.368282 0.368273 0.368259 0.368239 0.368204 0.368158 0.368161 0.368151 0.368148 0.368147 0.368147 0.368146 0.368191 0.368226 0.368247 0.368257 0.368268 0.000000 0.000000
0.000000 0.000000 0.373871 0.373859 0.373853 0.373833 0.373781 0.373739 0.373739 0.373734 0.373727 0.373732 0.373737 0.373735 0.373773 0.373815 0.373840 0.373850 0.373857 0.000000 0.000000
0.000000 0.000000 0.380011 0.380004 0.379996 0.379950 0.379916 0.379862 0.379876 0.379846 0.379852 0.379849 0.379839 0.379857 0.379894 0.379919 0.379953 0.379971 0.379994 0.000000 0.000000
0.000000 0.000000 0.386879 0.386858 0.386839 0.386813 0.386769 0.386708 0.386701 0.386696 0.386709 0.386686 0.386694 0.386696 0.386762 0.386797 0.386818 0.386832 0.386887 0.000000 0.000000
0.000000 0.000000 0.394376 0.394355 0.394354 0.394307 0.394273 0.394103 0.394099 0.394092 0.394044 0.394071 0.394077 0.394094 0.394225 0.394256 0.394321 0.394327 0.394354 0.000000 0.000000
0.000000 0.000000 0.403272 0.403267 0.403233 0.403202 0.402985 0.403008 0.402963 0.402964 0.402980 0.402963 0.402957 0.402943 0.402920 0.403149 0.403180 0.403240 0.403281 0.000000 0.000000
0.000000 0.000000 0.413851 0.413829 0.413786 0.413505 0.413540 0.413398 0.413335 0.413321 0.413270 0.413240 0.413269 0.413264 0.413403 0.413383 0.413755 0.413693 0.413697 0.000000 0.000000
0.000000 0.000000 0.425463 0.425444 0.425038 0.425166 0.425131 0.425100 0.425257 0.425209 0.425293 0.425265 0.425195 0.425297 0.425297 0.425323 0.424999 0.425598 0.425589 0.000000 0.000000
0.000000 0.000000 0.439824 0.439184 0.439348 0.439097 0.438779 0.438682 0.438496 0.438540 0.438343 0.438363 0.438474 0.438361 0.438527 0.438762 0.439322 0.438935 0.439601 0.000000 0.000000
0.000000 0.000000 0.444484 0.445101 0.445629 0.445638 0.445682 0.445175 0.445268 0.445118 0.445371 0.445320 0.445276 0.445363 0.445783 0.445751 0.445724 0.445328 0.444720 0.000000 0.000000
0.000000 0.000000 0.350000 0.350000 0.350000 0.350000 0.350000 0.350000 0.350000 0.350000 0.350000 0.350000 0.350000 0.350000 0.350000 0.350000 0.350000 0.350000 0.350000 0.000000 0.000000
0.000000 0.000000 0.000000 0.000000 0.000000 0.000000 0.000000 0.000000 0.000000 0.000000 0.000000 0.000000 0.000000 0.000000 0.000000 0.000000 0.000000 0.000000 0.000000 0.000000 0.000000