geotop/1.0zi/1.0Montebello/Templates/testdem/maps/_Eocsand7404.asc
ncols         21
nrows         20
xllcorner     100.000000
yllcorner     100.000000
cellsize      50.000000
NODATA_value  -9999.0
0.000000 0.000000 0.000000 0.000000 0.000000 0.000000 0.000000 0.000000 0.000000 0.000000 0.000000 0.000000 0.000000 0.000000 0.000000 0.000000 0.000000 0.000000 0.000000 0.000000 0.000000
0.000000 0.000000 0.300189 0.300186 0.300186 0.300187 0.300186 0.300186 0.300186 0.300186 0.300187 0.300186 0.300186 0.300187 0.300186 0.300186 0.300187 0.300187 0.300187 0.000000 0.000000
0.000000 0.000000 0.300010 0.300011 0.300010 0.300009 0.300010 0.300010 0.300010 0.300010 0.300010 0.300010 0.300009 0.300010 0.300010 0.300010 0.300011 0.300011 0.300012 0.000000 0.000000
0.000000 0.000000 0.299890 0.299889 0.299894 0.299901 0.299897 0.299904 0.299899 0.299902 0.299902 0.299902 0.299902 0.299903 0.299899 0.299894 0.299892 0.299888 0.299889 0.000000 0.000000
0.000000 0.000000 0.298114 0.298110 0.298119 0.298134 0.298155 0.298164 0.298170 0.298168 0.298172 0.298171 0.298174 0.298168 0.298146 0.298140 0.298130 0.298119 0.298110 0.000000 0.000000
0.000000 0.000000 0.293286 0.293287 0.293307 0.293348 0.293379 0.293422 0.293422 0.293434 0.293427 0.293427 0.293424 0.293424 0.293402 0.293372 0.293347 0.293325 0.293314 0.000000 0.000000
0.000000 0.000000 0.286473 0.286480 0.286498 0.286545 0.286603 0.286669 0.286670 0.286678 0.286676 0.286677 0.286680 0.286674 0.286617 0.286564 0.286533 0.286507 0.286492 0.000000 0.000000
0.000000 0.000000 0.278353 0.278356 0.278369 0.278421 0.278477 0.278550 0.278550 0.278557 0.278560 0.278565 0.278569 0.278555 0.278493 0.278443 0.278395 0.278381 0.278357 0.000000 0.000000
0.000000 0.000000 0.269776 0.269789 0.269815 0.269849 0.269907 0.269985 0.269981 0.269998 0.270004 0.270007 0.270005 0.270007 0.269930 0.269868 0.269830 0.269812 0.269792 0.000000 0.000000
0.000000 0.000000 0.260843 0.260860 0.260873 0.260905 0.260989 0.261058 0.261057 0.261066 0.261078 0.261072 0.261062 0.261067 0.261002 0.260931 0.260888 0.260874 0.260859 0.000000 0.000000
0.000000 0.000000 0.251304 0.251315 0.251330 0.251398 0.251457 0.251536 0.251519 0.251562 0.251558 0.251560 0.251575 0.251546 0.251490 0.251445 0.251391 0.251362 0.251325 0.000000 0.000000
0.000000 0.000000 0.240903 0.240930 0.240962 0.241007 0.241070 0.241169 0.241173 0.241187 0.241166 0.241199 0.241191 0.241183 0.241082 0.241031 0.240993 0.240972 0.240881 0.000000 0.000000
0.000000 0.000000 0.229849 0.229876 0.229890 0.229950 0.230005 0.230246 0.230249 0.230264 0.230326 0.230297 0.230282 0.230259 0.230074 0.230023 0.229930 0.229919 0.229867 0.000000 0.000000
0.000000 0.000000 0.217215 0.217226 0.217273 0.217316 0.217599 0.217605 0.217665 0.217665 0.217659 0.217671 0.217677 0.217687 0.217692 0.217399 0.217339 0.217261 0.217197 0.000000 0.000000
0.000000 0.000000 0.202628 0.202651 0.202713 0.203050 0.203066 0.203231 0.203320 0.203338 0.203395 0.203439 0.203403 0.203413 0.203253 0.203213 0.202760 0.202815 0.202794 0.000000 0.000000
0.000000 0.000000 0.186680 0.186705 0.187182 0.187119 0.187148 0.187222 0.187065 0.187124 0.187046 0.187091 0.187161 0.187043 0.187003 0.186977 0.187227 0.186568 0.186574 0.000000 0.000000
0.000000 0.000000 0.167029 0.167776 0.167744 0.167991 0.168367 0.168481 0.168636 0.168604 0.168806 0.168798 0.168691 0.168783 0.168597 0.168319 0.167775 0.168001 0.167233 0.000000 0.000000
0.000000 0.000000 0.157031 0.156488 0.155790 0.155848 0.155904 0.156557 0.156499 0.156673 0.156431 0.156489 0.156503 0.156429 0.155858 0.155820 0.155665 0.156278 0.156797 0.000000 0.000000
0.000000 0.000000 0.300000 0.300000 0.300000 0.300000 0.300000 0.300000 0.300000 0.300000 0.300000 0.300000 0.300000 0.300000 0.300000 0.300000 0.300000 0.300000 0.300000 0.000000 0.000000
0.000000 0.000000 0.000000 0.000000 0.000000 0.000000 0.000000 0.000000 0.000000 0.000000 0.000000 0.000000 0.000000 0.000000 0.000000 0.000000 0.000000 0.000000 0.000000 0.000000 0.000000