geotop/1.0zi/1.0Montebello/Templates/testdem/maps/_Eocsilt8471.asc
ncols         21
nrows         20
xllcorner     100.000000
yllcorner     100.000000
cellsize      50.000000
NODATA_value  -9999.0
0.000000 0.000000 0.000000 0.000000 0.000000 0.000000 0.000000 0.000000 0.000000 0.000000 0.000000 0.000000 0.000000 0.000000 0.000000 0.000000 0.000000 0.000000 0.000000 0.000000 0.000000
0.000000 0.000000 0.350176 0.350176 0.350176 0.350177 0.350176 0.350176 0.350176 0.350176 0.350176 0.350176 0.350176 0.350176 0.350176 0.350176 0.350177 0.350176 0.350176 0.000000 0.000000
0.000000 0.000000 0.350006 0.350006 0.350006 0.350005 0.350006 0.350006 0.350006 0.350006 0.350007 0.350007 0.350007 0.350007 0.350006 0.350006 0.350004 0.350004 0.350006 0.000000 0.000000
0.000000 0.000000 0.350102 0.350098 0.350096 0.350090 0.350092 0.350087 0.350089 0.350090 0.350086 0.350089 0.350089 0.350089 0.350091 0.350095 0.350098 0.350098 0.350100 0.000000 0.000000
0.000000 0.000000 0.351073 0.351078 0.351067 0.351056 0.351047 0.351040 0.351039 0.351036 0.351037 0.351039 0.351042 0.351041 0.351054 0.351058 0.351062 0.351071 0.351073 0.000000 0.000000
0.000000 0.000000 0.353906 0.353904 0.353895 0.353876 0.353855 0.353834 0.353832 0.353825 0.353830 0.353831 0.353834 0.353832 0.353845 0.353858 0.353871 0.353878 0.353885 0.000000 0.000000
0.000000 0.000000 0.358002 0.357995 0.357985 0.357956 0.357921 0.357885 0.357886 0.357882 0.357882 0.357882 0.357880 0.357884 0.357916 0.357943 0.357961 0.357976 0.357983 0.000000 0.000000
0.000000 0.000000 0.362849 0.362845 0.362838 0.362808 0.362776 0.362735 0.362735 0.362729 0.362729 0.362727 0.362725 0.362731 0.362767 0.362795 0.362822 0.362828 0.362841 0.000000 0.000000
0.000000 0.000000 0.368084 0.368072 0.368057 0.368037 0.368000 0.367954 0.367957 0.367947 0.367945 0.367943 0.367945 0.367943 0.367989 0.368023 0.368045 0.368057 0.368068 0.000000 0.000000
0.000000 0.000000 0.373639 0.373627 0.373619 0.373599 0.373548 0.373507 0.373507 0.373502 0.373495 0.373500 0.373505 0.373503 0.373540 0.373582 0.373607 0.373616 0.373623 0.000000 0.000000
0.000000 0.000000 0.379691 0.379684 0.379675 0.379628 0.379594 0.379543 0.379556 0.379527 0.379533 0.379531 0.379521 0.379538 0.379575 0.379599 0.379633 0.379649 0.379672 0.000000 0.000000
0.000000 0.000000 0.386459 0.386437 0.386417 0.386391 0.386347 0.386287 0.386282 0.386276 0.386290 0.386269 0.386278 0.386279 0.386344 0.386377 0.386398 0.386412 0.386466 0.000000 0.000000
0.000000 0.000000 0.393822 0.393800 0.393798 0.393751 0.393717 0.393552 0.393548 0.393540 0.393493 0.393521 0.393528 0.393543 0.393671 0.393701 0.393766 0.393770 0.393797 0.000000 0.000000
0.000000 0.000000 0.402530 0.402524 0.402489 0.402459 0.402246 0.402270 0.402227 0.402227 0.402244 0.402227 0.402224 0.402208 0.402184 0.402407 0.402436 0.402495 0.402535 0.000000 0.000000
0.000000 0.000000 0.412829 0.412806 0.412763 0.412489 0.412524 0.412385 0.412326 0.412312 0.412263 0.412233 0.412264 0.412258 0.412393 0.412371 0.412733 0.412672 0.412676 0.000000 0.000000
0.000000 0.000000 0.424019 0.423999 0.423609 0.423731 0.423695 0.423668 0.423819 0.423772 0.423853 0.423829 0.423763 0.423858 0.423858 0.423883 0.423571 0.424144 0.424135 0.000000 0.000000
0.000000 0.000000 0.437539 0.436949 0.437098 0.436864 0.436570 0.436482 0.436310 0.436349 0.436169 0.436188 0.436293 0.436186 0.436340 0.436556 0.437074 0.436716 0.437329 0.000000 0.000000
0.000000 0.000000 0.442043 0.442573 0.443038 0.443040 0.443069 0.442619 0.442700 0.442566 0.442788 0.442743 0.442709 0.442782 0.443156 0.443133 0.443121 0.442766 0.442245 0.000000 0.000000
0.000000 0.000000 0.350000 0.350000 0.350000 0.350000 0.350000 0.350000 0.350000 0.350000 0.350000 0.350000 0.350000 0.350000 0.350000 0.350000 0.350000 0.350000 0.350000 0.000000 0.000000
0.000000 0.000000 0.000000 0.000000 0.000000 0.000000 0.000000 0.000000 0.000000 0.000000 0.000000 0.000000 0.000000 0.000000 0.000000 0.000000 0.000000 0.000000 0.000000 0.000000 0.000000