geotop/1.0zi/1.0Montebello/Templates/testdem/maps/_Eocclay7030.asc
ncols         21
nrows         20
xllcorner     100.000000
yllcorner     100.000000
cellsize      50.000000
NODATA_value  -9999.0
0.000000 0.000000 0.000000 0.000000 0.000000 0.000000 0.000000 0.000000 0.000000 0.000000 0.000000 0.000000 0.000000 0.000000 0.000000 0.000000 0.000000 0.000000 0.000000 0.000000 0.000000
0.000000 0.000000 0.349687 0.349688 0.349688 0.349687 0.349688 0.349688 0.349688 0.349688 0.349687 0.349688 0.349688 0.349688 0.349688 0.349688 0.349686 0.349686 0.349687 0.000000 0.000000
0.000000 0.000000 0.349987 0.349987 0.349988 0.349988 0.349987 0.349987 0.349987 0.349987 0.349987 0.349986 0.349987 0.349986 0.349987 0.349987 0.349988 0.349988 0.349985 0.000000 0.000000
0.000000 0.000000 0.349976 0.349981 0.349977 0.349977 0.349979 0.349978 0.349980 0.349976 0.349981 0.349978 0.349978 0.349977 0.349978 0.349980 0.349978 0.349980 0.349980 0.000000 0.000000
0.000000 0.000000 0.350707 0.350705 0.350701 0.350698 0.350684 0.350682 0.350681 0.350684 0.350681 0.350682 0.350677 0.350681 0.350689 0.350689 0.350694 0.350696 0.350703 0.000000 0.000000
0.000000 0.000000 0.352902 0.352901 0.352890 0.352866 0.352855 0.352833 0.352835 0.352828 0.352832 0.352832 0.352833 0.352835 0.352843 0.352860 0.352871 0.352884 0.352891 0.000000 0.000000
0.000000 0.000000 0.356040 0.356037 0.356029 0.356009 0.355982 0.355950 0.355950 0.355944 0.355946 0.355947 0.355946 0.355947 0.355974 0.356000 0.356012 0.356023 0.356032 0.000000 0.000000
0.000000 0.000000 0.359787 0.359786 0.359779 0.359754 0.359728 0.359692 0.359693 0.359689 0.359689 0.359686 0.359684 0.359692 0.359720 0.359742 0.359763 0.359771 0.359783 0.000000 0.000000
0.000000 0.000000 0.363686 0.363681 0.363669 0.363654 0.363627 0.363591 0.363594 0.363586 0.363584 0.363582 0.363582 0.363581 0.363616 0.363645 0.363660 0.363667 0.363678 0.000000 0.000000
0.000000 0.000000 0.367724 0.367716 0.367710 0.367696 0.367657 0.367624 0.367626 0.367621 0.367616 0.367619 0.367624 0.367621 0.367650 0.367683 0.367702 0.367707 0.367716 0.000000 0.000000
0.000000 0.000000 0.372014 0.372009 0.372002 0.371972 0.371946 0.371908 0.371917 0.371896 0.371899 0.371898 0.371891 0.371904 0.371929 0.371949 0.371973 0.371985 0.372003 0.000000 0.000000
0.000000 0.000000 0.376636 0.376624 0.376610 0.376589 0.376561 0.376515 0.376516 0.376507 0.376518 0.376503 0.376505 0.376509 0.376553 0.376576 0.376592 0.376601 0.376644 0.000000 0.000000
0.000000 0.000000 0.381510 0.381498 0.381491 0.381465 0.381440 0.381335 0.381335 0.381327 0.381302 0.381314 0.381320 0.381330 0.381409 0.381433 0.381471 0.381475 0.381502 0.000000 0.000000
0.000000 0.000000 0.386997 0.386992 0.386971 0.386952 0.386836 0.386823 0.386800 0.386798 0.386798 0.386795 0.386792 0.386790 0.386793 0.386914 0.386940 0.386972 0.387003 0.000000 0.000000
0.000000 0.000000 0.393255 0.393245 0.393218 0.393084 0.393066 0.392999 0.392960 0.392952 0.392930 0.392913 0.392927 0.392922 0.392983 0.393013 0.393193 0.393173 0.393188 0.000000 0.000000
0.000000 0.000000 0.400055 0.400044 0.399857 0.399865 0.399855 0.399816 0.399873 0.399849 0.399876 0.399855 0.399830 0.399875 0.399897 0.399908 0.399834 0.400083 0.400085 0.000000 0.000000
0.000000 0.000000 0.408295 0.408013 0.407992 0.407904 0.407763 0.407715 0.407670 0.407676 0.407606 0.407605 0.407640 0.407614 0.407683 0.407788 0.407974 0.407932 0.408222 0.000000 0.000000
0.000000 0.000000 0.413164 0.413315 0.413581 0.413544 0.413497 0.413243 0.413255 0.413191 0.413268 0.413247 0.413248 0.413270 0.413496 0.413529 0.413623 0.413373 0.413236 0.000000 0.000000
0.000000 0.000000 0.350000 0.350000 0.350000 0.350000 0.350000 0.350000 0.350000 0.350000 0.350000 0.350000 0.350000 0.350000 0.350000 0.350000 0.350000 0.350000 0.350000 0.000000 0.000000
0.000000 0.000000 0.000000 0.000000 0.000000 0.000000 0.000000 0.000000 0.000000 0.000000 0.000000 0.000000 0.000000 0.000000 0.000000 0.000000 0.000000 0.000000 0.000000 0.000000 0.000000