geotop/1.0zi/1.0Montebello/Templates/testdem/maps/_Eocsilt6819.asc
ncols         21
nrows         20
xllcorner     100.000000
yllcorner     100.000000
cellsize      50.000000
NODATA_value  -9999.0
0.000000 0.000000 0.000000 0.000000 0.000000 0.000000 0.000000 0.000000 0.000000 0.000000 0.000000 0.000000 0.000000 0.000000 0.000000 0.000000 0.000000 0.000000 0.000000 0.000000 0.000000
0.000000 0.000000 0.350136 0.350137 0.350137 0.350137 0.350137 0.350137 0.350137 0.350137 0.350137 0.350137 0.350137 0.350137 0.350137 0.350137 0.350137 0.350137 0.350136 0.000000 0.000000
0.000000 0.000000 0.350003 0.350002 0.350003 0.350003 0.350003 0.350003 0.350003 0.350003 0.350003 0.350003 0.350004 0.350004 0.350003 0.350003 0.350001 0.350001 0.350002 0.000000 0.000000
0.000000 0.000000 0.350058 0.350054 0.350053 0.350048 0.350049 0.350047 0.350049 0.350049 0.350047 0.350048 0.350048 0.350048 0.350050 0.350053 0.350056 0.350057 0.350057 0.000000 0.000000
0.000000 0.000000 0.350697 0.350703 0.350699 0.350692 0.350688 0.350681 0.350680 0.350677 0.350678 0.350680 0.350681 0.350681 0.350691 0.350695 0.350694 0.350701 0.350706 0.000000 0.000000
0.000000 0.000000 0.352605 0.352606 0.352598 0.352585 0.352571 0.352552 0.352552 0.352546 0.352551 0.352553 0.352554 0.352551 0.352560 0.352569 0.352578 0.352583 0.352589 0.000000 0.000000
0.000000 0.000000 0.355481 0.355478 0.355469 0.355447 0.355421 0.355394 0.355396 0.355392 0.355394 0.355393 0.355390 0.355394 0.355416 0.355438 0.355451 0.355463 0.355471 0.000000 0.000000
0.000000 0.000000 0.358955 0.358954 0.358950 0.358928 0.358903 0.358873 0.358874 0.358870 0.358870 0.358868 0.358867 0.358871 0.358896 0.358919 0.358940 0.358943 0.358955 0.000000 0.000000
0.000000 0.000000 0.362629 0.362623 0.362611 0.362596 0.362571 0.362537 0.362539 0.362531 0.362530 0.362529 0.362530 0.362529 0.362561 0.362589 0.362605 0.362612 0.362622 0.000000 0.000000
0.000000 0.000000 0.366387 0.366381 0.366375 0.366362 0.366327 0.366297 0.366299 0.366294 0.366290 0.366293 0.366297 0.366294 0.366321 0.366352 0.366369 0.366374 0.366381 0.000000 0.000000
0.000000 0.000000 0.370317 0.370312 0.370307 0.370279 0.370255 0.370222 0.370229 0.370211 0.370213 0.370214 0.370208 0.370218 0.370241 0.370260 0.370282 0.370293 0.370309 0.000000 0.000000
0.000000 0.000000 0.374529 0.374518 0.374506 0.374486 0.374463 0.374421 0.374421 0.374413 0.374423 0.374411 0.374414 0.374417 0.374457 0.374478 0.374493 0.374500 0.374540 0.000000 0.000000
0.000000 0.000000 0.378934 0.378923 0.378917 0.378894 0.378873 0.378780 0.378779 0.378772 0.378751 0.378762 0.378768 0.378776 0.378846 0.378867 0.378901 0.378904 0.378930 0.000000 0.000000
0.000000 0.000000 0.383844 0.383839 0.383822 0.383805 0.383706 0.383692 0.383670 0.383669 0.383668 0.383668 0.383666 0.383663 0.383667 0.383772 0.383797 0.383824 0.383852 0.000000 0.000000
0.000000 0.000000 0.389388 0.389380 0.389357 0.389243 0.389223 0.389167 0.389132 0.389126 0.389107 0.389093 0.389106 0.389099 0.389150 0.389183 0.389337 0.389321 0.389334 0.000000 0.000000
0.000000 0.000000 0.395378 0.395369 0.395212 0.395208 0.395202 0.395170 0.395213 0.395192 0.395214 0.395198 0.395178 0.395213 0.395231 0.395242 0.395195 0.395399 0.395401 0.000000 0.000000
0.000000 0.000000 0.402518 0.402290 0.402258 0.402190 0.402078 0.402037 0.402003 0.402007 0.401952 0.401952 0.401979 0.401959 0.402017 0.402103 0.402246 0.402231 0.402465 0.000000 0.000000
0.000000 0.000000 0.407023 0.407115 0.407329 0.407290 0.407244 0.407040 0.407044 0.406994 0.407049 0.407034 0.407040 0.407053 0.407236 0.407274 0.407366 0.407158 0.407078 0.000000 0.000000
0.000000 0.000000 0.350000 0.350000 0.350000 0.350000 0.350000 0.350000 0.350000 0.350000 0.350000 0.350000 0.350000 0.350000 0.350000 0.350000 0.350000 0.350000 0.350000 0.000000 0.000000
0.000000 0.000000 0.000000 0.000000 0.000000 0.000000 0.000000 0.000000 0.000000 0.000000 0.000000 0.000000 0.000000 0.000000 0.000000 0.000000 0.000000 0.000000 0.000000 0.000000 0.000000