geotop/1.0zi/1.0Montebello/Templates/testdem/maps/_Eocclay3962.asc
ncols         21
nrows         20
xllcorner     100.000000
yllcorner     100.000000
cellsize      50.000000
NODATA_value  -9999.0
0.000000 0.000000 0.000000 0.000000 0.000000 0.000000 0.000000 0.000000 0.000000 0.000000 0.000000 0.000000 0.000000 0.000000 0.000000 0.000000 0.000000 0.000000 0.000000 0.000000 0.000000
0.000000 0.000000 0.349820 0.349821 0.349821 0.349821 0.349821 0.349821 0.349821 0.349821 0.349821 0.349821 0.349821 0.349821 0.349821 0.349821 0.349820 0.349820 0.349820 0.000000 0.000000
0.000000 0.000000 0.349994 0.349994 0.349994 0.349994 0.349994 0.349994 0.349994 0.349994 0.349994 0.349993 0.349994 0.349994 0.349994 0.349994 0.349994 0.349994 0.349994 0.000000 0.000000
0.000000 0.000000 0.349995 0.349996 0.349994 0.349995 0.349996 0.349997 0.349997 0.349996 0.349997 0.349996 0.349995 0.349994 0.349996 0.349997 0.349996 0.349996 0.349995 0.000000 0.000000
0.000000 0.000000 0.350336 0.350338 0.350337 0.350334 0.350327 0.350323 0.350323 0.350322 0.350323 0.350324 0.350322 0.350323 0.350330 0.350330 0.350331 0.350330 0.350333 0.000000 0.000000
0.000000 0.000000 0.351466 0.351468 0.351464 0.351456 0.351450 0.351442 0.351442 0.351438 0.351442 0.351442 0.351443 0.351445 0.351443 0.351449 0.351453 0.351457 0.351461 0.000000 0.000000
0.000000 0.000000 0.353120 0.353117 0.353112 0.353101 0.353087 0.353066 0.353066 0.353062 0.353066 0.353066 0.353068 0.353070 0.353088 0.353103 0.353109 0.353111 0.353114 0.000000 0.000000
0.000000 0.000000 0.354982 0.354982 0.354977 0.354961 0.354945 0.354927 0.354929 0.354925 0.354927 0.354925 0.354924 0.354927 0.354947 0.354962 0.354968 0.354971 0.354976 0.000000 0.000000
0.000000 0.000000 0.356837 0.356835 0.356827 0.356815 0.356800 0.356779 0.356780 0.356776 0.356778 0.356778 0.356777 0.356781 0.356800 0.356817 0.356823 0.356824 0.356831 0.000000 0.000000
0.000000 0.000000 0.358683 0.358680 0.358674 0.358662 0.358643 0.358623 0.358626 0.358623 0.358624 0.358624 0.358623 0.358625 0.358646 0.358664 0.358670 0.358672 0.358677 0.000000 0.000000
0.000000 0.000000 0.360557 0.360554 0.360547 0.360537 0.360523 0.360500 0.360502 0.360497 0.360498 0.360498 0.360498 0.360500 0.360519 0.360531 0.360539 0.360542 0.360548 0.000000 0.000000
0.000000 0.000000 0.362486 0.362483 0.362475 0.362460 0.362445 0.362423 0.362423 0.362419 0.362420 0.362419 0.362420 0.362422 0.362445 0.362460 0.362467 0.362469 0.362491 0.000000 0.000000
0.000000 0.000000 0.364428 0.364425 0.364417 0.364405 0.364387 0.364345 0.364345 0.364341 0.364342 0.364342 0.364341 0.364345 0.364383 0.364401 0.364408 0.364411 0.364424 0.000000 0.000000
0.000000 0.000000 0.366472 0.366465 0.366458 0.366446 0.366403 0.366390 0.366383 0.366380 0.366381 0.366381 0.366380 0.366384 0.366400 0.366440 0.366448 0.366455 0.366463 0.000000 0.000000
0.000000 0.000000 0.368660 0.368655 0.368640 0.368604 0.368581 0.368554 0.368541 0.368536 0.368531 0.368530 0.368533 0.368532 0.368555 0.368585 0.368627 0.368624 0.368630 0.000000 0.000000
0.000000 0.000000 0.370905 0.370900 0.370855 0.370845 0.370829 0.370814 0.370811 0.370809 0.370812 0.370810 0.370807 0.370817 0.370828 0.370841 0.370842 0.370884 0.370895 0.000000 0.000000
0.000000 0.000000 0.373377 0.373326 0.373285 0.373267 0.373236 0.373219 0.373215 0.373212 0.373207 0.373207 0.373209 0.373209 0.373223 0.373256 0.373275 0.373298 0.373349 0.000000 0.000000
0.000000 0.000000 0.375336 0.375321 0.375348 0.375325 0.375296 0.375243 0.375237 0.375231 0.375233 0.375232 0.375232 0.375238 0.375287 0.375318 0.375349 0.375302 0.375327 0.000000 0.000000
0.000000 0.000000 0.350000 0.350000 0.350000 0.350000 0.350000 0.350000 0.350000 0.350000 0.350000 0.350000 0.350000 0.350000 0.350000 0.350000 0.350000 0.350000 0.350000 0.000000 0.000000
0.000000 0.000000 0.000000 0.000000 0.000000 0.000000 0.000000 0.000000 0.000000 0.000000 0.000000 0.000000 0.000000 0.000000 0.000000 0.000000 0.000000 0.000000 0.000000 0.000000 0.000000