geotop/1.0zi/1.0Montebello/Templates/testdem/maps/_Eocsilt003+.asc
ncols         21
nrows         20
xllcorner     100.000000
yllcorner     100.000000
cellsize      50.000000
NODATA_value  -9999.0
0.000000 0.000000 0.000000 0.000000 0.000000 0.000000 0.000000 0.000000 0.000000 0.000000 0.000000 0.000000 0.000000 0.000000 0.000000 0.000000 0.000000 0.000000 0.000000 0.000000 0.000000
0.000000 0.000000 0.350213 0.350213 0.350214 0.350214 0.350213 0.350213 0.350213 0.350213 0.350213 0.350213 0.350213 0.350213 0.350213 0.350213 0.350214 0.350214 0.350213 0.000000 0.000000
0.000000 0.000000 0.350008 0.350007 0.350008 0.350007 0.350008 0.350008 0.350008 0.350008 0.350009 0.350008 0.350009 0.350009 0.350008 0.350007 0.350006 0.350006 0.350007 0.000000 0.000000
0.000000 0.000000 0.350154 0.350152 0.350145 0.350141 0.350140 0.350135 0.350138 0.350139 0.350136 0.350140 0.350141 0.350141 0.350143 0.350147 0.350152 0.350153 0.350155 0.000000 0.000000
0.000000 0.000000 0.351546 0.351553 0.351541 0.351518 0.351509 0.351502 0.351505 0.351502 0.351501 0.351504 0.351509 0.351507 0.351521 0.351530 0.351534 0.351541 0.351544 0.000000 0.000000
0.000000 0.000000 0.355355 0.355349 0.355332 0.355302 0.355268 0.355240 0.355238 0.355234 0.355233 0.355234 0.355239 0.355236 0.355255 0.355279 0.355292 0.355301 0.355307 0.000000 0.000000
0.000000 0.000000 0.360748 0.360737 0.360718 0.360676 0.360633 0.360577 0.360580 0.360577 0.360570 0.360569 0.360567 0.360571 0.360617 0.360650 0.360672 0.360688 0.360694 0.000000 0.000000
0.000000 0.000000 0.367155 0.367142 0.367125 0.367077 0.367030 0.366979 0.366980 0.366975 0.366967 0.366964 0.366963 0.366970 0.367013 0.367052 0.367087 0.367093 0.367107 0.000000 0.000000
0.000000 0.000000 0.374251 0.374231 0.374203 0.374163 0.374110 0.374047 0.374052 0.374042 0.374031 0.374029 0.374033 0.374029 0.374092 0.374138 0.374165 0.374177 0.374189 0.000000 0.000000
0.000000 0.000000 0.382119 0.382093 0.382069 0.382027 0.381968 0.381902 0.381903 0.381897 0.381880 0.381886 0.381894 0.381890 0.381941 0.382000 0.382032 0.382044 0.382049 0.000000 0.000000
0.000000 0.000000 0.391110 0.391088 0.391066 0.390973 0.390945 0.390857 0.390876 0.390835 0.390835 0.390828 0.390814 0.390837 0.390895 0.390932 0.390977 0.390992 0.391030 0.000000 0.000000
0.000000 0.000000 0.401679 0.401632 0.401575 0.401529 0.401481 0.401368 0.401365 0.401364 0.401373 0.401335 0.401354 0.401346 0.401450 0.401509 0.401532 0.401547 0.401623 0.000000 0.000000
0.000000 0.000000 0.413621 0.413579 0.413564 0.413474 0.413414 0.413114 0.413108 0.413092 0.412979 0.413047 0.413051 0.413078 0.413303 0.413352 0.413463 0.413469 0.413483 0.000000 0.000000
0.000000 0.000000 0.428299 0.428282 0.428179 0.428117 0.427697 0.427859 0.427769 0.427774 0.427832 0.427769 0.427761 0.427712 0.427569 0.428027 0.428038 0.428146 0.428207 0.000000 0.000000
0.000000 0.000000 0.444112 0.444066 0.443993 0.443487 0.443718 0.443395 0.443331 0.443302 0.443178 0.443147 0.443200 0.443209 0.443492 0.443271 0.443920 0.443764 0.443736 0.000000 0.000000
0.000000 0.000000 0.456689 0.456667 0.456229 0.456439 0.456358 0.456370 0.456558 0.456508 0.456605 0.456588 0.456507 0.456608 0.456555 0.456630 0.456156 0.456814 0.456804 0.000000 0.000000
0.000000 0.000000 0.465869 0.465672 0.465628 0.465589 0.465468 0.465448 0.465427 0.465431 0.465385 0.465389 0.465410 0.465393 0.465427 0.465521 0.465598 0.465615 0.465816 0.000000 0.000000
0.000000 0.000000 0.471367 0.471171 0.471258 0.471163 0.471043 0.470976 0.470920 0.470924 0.470871 0.470875 0.470912 0.470878 0.470960 0.471051 0.471241 0.471079 0.471281 0.000000 0.000000
0.000000 0.000000 0.350000 0.350000 0.350000 0.350000 0.350000 0.350000 0.350000 0.350000 0.350000 0.350000 0.350000 0.350000 0.350000 0.350000 0.350000 0.350000 0.350000 0.000000 0.000000
0.000000 0.000000 0.000000 0.000000 0.000000 0.000000 0.000000 0.000000 0.000000 0.000000 0.000000 0.000000 0.000000 0.000000 0.000000 0.000000 0.000000 0.000000 0.000000 0.000000 0.000000