geotop/1.0zi/1.0Montebello/Templates/testdem/maps/_Eocsilt7351.asc
ncols         21
nrows         20
xllcorner     100.000000
yllcorner     100.000000
cellsize      50.000000
NODATA_value  -9999.0
0.000000 0.000000 0.000000 0.000000 0.000000 0.000000 0.000000 0.000000 0.000000 0.000000 0.000000 0.000000 0.000000 0.000000 0.000000 0.000000 0.000000 0.000000 0.000000 0.000000 0.000000
0.000000 0.000000 0.350152 0.350153 0.350153 0.350153 0.350153 0.350153 0.350153 0.350153 0.350153 0.350152 0.350152 0.350153 0.350152 0.350153 0.350153 0.350153 0.350152 0.000000 0.000000
0.000000 0.000000 0.350004 0.350003 0.350003 0.350003 0.350004 0.350004 0.350004 0.350004 0.350004 0.350004 0.350005 0.350004 0.350004 0.350003 0.350002 0.350002 0.350004 0.000000 0.000000
0.000000 0.000000 0.350093 0.350089 0.350087 0.350081 0.350083 0.350078 0.350081 0.350081 0.350078 0.350080 0.350080 0.350080 0.350083 0.350085 0.350089 0.350088 0.350089 0.000000 0.000000
0.000000 0.000000 0.350914 0.350920 0.350915 0.350905 0.350899 0.350893 0.350889 0.350888 0.350888 0.350888 0.350889 0.350891 0.350903 0.350908 0.350910 0.350920 0.350922 0.000000 0.000000
0.000000 0.000000 0.353211 0.353212 0.353203 0.353188 0.353170 0.353149 0.353148 0.353143 0.353147 0.353147 0.353148 0.353147 0.353159 0.353170 0.353181 0.353189 0.353194 0.000000 0.000000
0.000000 0.000000 0.356528 0.356525 0.356515 0.356490 0.356461 0.356431 0.356431 0.356428 0.356429 0.356427 0.356424 0.356429 0.356456 0.356480 0.356496 0.356510 0.356517 0.000000 0.000000
0.000000 0.000000 0.360486 0.360485 0.360480 0.360455 0.360427 0.360393 0.360393 0.360389 0.360387 0.360385 0.360383 0.360389 0.360419 0.360444 0.360468 0.360474 0.360485 0.000000 0.000000
0.000000 0.000000 0.364701 0.364693 0.364680 0.364663 0.364634 0.364595 0.364597 0.364588 0.364586 0.364584 0.364585 0.364584 0.364622 0.364653 0.364672 0.364682 0.364692 0.000000 0.000000
0.000000 0.000000 0.369066 0.369058 0.369051 0.369036 0.368995 0.368960 0.368961 0.368957 0.368951 0.368954 0.368958 0.368956 0.368988 0.369023 0.369044 0.369051 0.369058 0.000000 0.000000
0.000000 0.000000 0.373697 0.373692 0.373685 0.373651 0.373622 0.373584 0.373592 0.373571 0.373573 0.373572 0.373565 0.373579 0.373606 0.373628 0.373655 0.373669 0.373687 0.000000 0.000000
0.000000 0.000000 0.378738 0.378724 0.378709 0.378687 0.378656 0.378608 0.378606 0.378599 0.378610 0.378594 0.378597 0.378602 0.378651 0.378676 0.378694 0.378704 0.378749 0.000000 0.000000
0.000000 0.000000 0.384078 0.384065 0.384058 0.384029 0.384002 0.383886 0.383885 0.383877 0.383848 0.383862 0.383869 0.383880 0.383969 0.383994 0.384038 0.384044 0.384069 0.000000 0.000000
0.000000 0.000000 0.390158 0.390152 0.390130 0.390109 0.389975 0.389970 0.389941 0.389941 0.389943 0.389938 0.389935 0.389930 0.389929 0.390069 0.390098 0.390135 0.390166 0.000000 0.000000
0.000000 0.000000 0.397154 0.397143 0.397113 0.396953 0.396943 0.396864 0.396822 0.396814 0.396787 0.396765 0.396783 0.396778 0.396853 0.396876 0.397090 0.397065 0.397076 0.000000 0.000000
0.000000 0.000000 0.404785 0.404773 0.404549 0.404574 0.404560 0.404523 0.404595 0.404567 0.404602 0.404581 0.404549 0.404604 0.404625 0.404638 0.404527 0.404835 0.404832 0.000000 0.000000
0.000000 0.000000 0.414130 0.413783 0.413789 0.413675 0.413499 0.413445 0.413375 0.413389 0.413297 0.413300 0.413348 0.413307 0.413394 0.413524 0.413774 0.413680 0.414036 0.000000 0.000000
0.000000 0.000000 0.419039 0.419277 0.419599 0.419567 0.419534 0.419230 0.419254 0.419175 0.419283 0.419256 0.419251 0.419284 0.419551 0.419574 0.419656 0.419370 0.419144 0.000000 0.000000
0.000000 0.000000 0.350000 0.350000 0.350000 0.350000 0.350000 0.350000 0.350000 0.350000 0.350000 0.350000 0.350000 0.350000 0.350000 0.350000 0.350000 0.350000 0.350000 0.000000 0.000000
0.000000 0.000000 0.000000 0.000000 0.000000 0.000000 0.000000 0.000000 0.000000 0.000000 0.000000 0.000000 0.000000 0.000000 0.000000 0.000000 0.000000 0.000000 0.000000 0.000000 0.000000