geotop/1.0zi/1.0Montebello/Templates/testdem/maps/_Eocclay5306.asc
ncols         21
nrows         20
xllcorner     100.000000
yllcorner     100.000000
cellsize      50.000000
NODATA_value  -9999.0
0.000000 0.000000 0.000000 0.000000 0.000000 0.000000 0.000000 0.000000 0.000000 0.000000 0.000000 0.000000 0.000000 0.000000 0.000000 0.000000 0.000000 0.000000 0.000000 0.000000 0.000000
0.000000 0.000000 0.349764 0.349765 0.349765 0.349765 0.349765 0.349765 0.349765 0.349765 0.349765 0.349765 0.349765 0.349765 0.349765 0.349765 0.349764 0.349765 0.349764 0.000000 0.000000
0.000000 0.000000 0.349990 0.349991 0.349991 0.349990 0.349990 0.349990 0.349990 0.349990 0.349990 0.349990 0.349990 0.349991 0.349990 0.349990 0.349990 0.349990 0.349990 0.000000 0.000000
0.000000 0.000000 0.349989 0.349991 0.349989 0.349989 0.349991 0.349991 0.349991 0.349990 0.349991 0.349990 0.349990 0.349989 0.349991 0.349993 0.349991 0.349992 0.349991 0.000000 0.000000
0.000000 0.000000 0.350390 0.350390 0.350391 0.350386 0.350376 0.350372 0.350373 0.350376 0.350373 0.350375 0.350370 0.350369 0.350374 0.350372 0.350377 0.350379 0.350381 0.000000 0.000000
0.000000 0.000000 0.351828 0.351830 0.351825 0.351808 0.351803 0.351788 0.351787 0.351784 0.351787 0.351787 0.351791 0.351791 0.351794 0.351804 0.351809 0.351821 0.351825 0.000000 0.000000
0.000000 0.000000 0.353928 0.353926 0.353925 0.353909 0.353892 0.353867 0.353867 0.353863 0.353865 0.353868 0.353868 0.353867 0.353884 0.353903 0.353912 0.353920 0.353926 0.000000 0.000000
0.000000 0.000000 0.356463 0.356463 0.356462 0.356443 0.356425 0.356400 0.356400 0.356397 0.356398 0.356398 0.356397 0.356401 0.356419 0.356435 0.356449 0.356454 0.356462 0.000000 0.000000
0.000000 0.000000 0.359027 0.359024 0.359019 0.359009 0.358992 0.358966 0.358968 0.358963 0.358961 0.358963 0.358963 0.358961 0.358983 0.359001 0.359013 0.359016 0.359023 0.000000 0.000000
0.000000 0.000000 0.361614 0.361609 0.361608 0.361601 0.361575 0.361552 0.361554 0.361551 0.361548 0.361552 0.361555 0.361552 0.361570 0.361591 0.361604 0.361606 0.361611 0.000000 0.000000
0.000000 0.000000 0.364283 0.364280 0.364280 0.364262 0.364245 0.364219 0.364225 0.364213 0.364213 0.364215 0.364212 0.364218 0.364232 0.364245 0.364259 0.364267 0.364278 0.000000 0.000000
0.000000 0.000000 0.367061 0.367055 0.367049 0.367036 0.367021 0.366991 0.366993 0.366985 0.366993 0.366986 0.366987 0.366989 0.367015 0.367027 0.367037 0.367041 0.367070 0.000000 0.000000
0.000000 0.000000 0.369897 0.369891 0.369890 0.369875 0.369862 0.369802 0.369803 0.369797 0.369785 0.369792 0.369797 0.369802 0.369844 0.369854 0.369876 0.369878 0.369899 0.000000 0.000000
0.000000 0.000000 0.372944 0.372941 0.372934 0.372925 0.372870 0.372854 0.372840 0.372839 0.372834 0.372837 0.372839 0.372837 0.372843 0.372897 0.372917 0.372931 0.372952 0.000000 0.000000
0.000000 0.000000 0.376273 0.376270 0.376257 0.376201 0.376183 0.376150 0.376125 0.376122 0.376111 0.376107 0.376113 0.376108 0.376131 0.376159 0.376242 0.376236 0.376249 0.000000 0.000000
0.000000 0.000000 0.379765 0.379760 0.379690 0.379674 0.379669 0.379648 0.379659 0.379651 0.379656 0.379647 0.379640 0.379654 0.379665 0.379674 0.379675 0.379765 0.379768 0.000000 0.000000
0.000000 0.000000 0.383705 0.383611 0.383571 0.383542 0.383499 0.383475 0.383469 0.383467 0.383447 0.383443 0.383451 0.383449 0.383474 0.383507 0.383561 0.383592 0.383686 0.000000 0.000000
0.000000 0.000000 0.386685 0.386678 0.386758 0.386733 0.386699 0.386610 0.386607 0.386587 0.386597 0.386592 0.386599 0.386600 0.386682 0.386704 0.386770 0.386685 0.386699 0.000000 0.000000
0.000000 0.000000 0.350000 0.350000 0.350000 0.350000 0.350000 0.350000 0.350000 0.350000 0.350000 0.350000 0.350000 0.350000 0.350000 0.350000 0.350000 0.350000 0.350000 0.000000 0.000000
0.000000 0.000000 0.000000 0.000000 0.000000 0.000000 0.000000 0.000000 0.000000 0.000000 0.000000 0.000000 0.000000 0.000000 0.000000 0.000000 0.000000 0.000000 0.000000 0.000000 0.000000