geotop/1.0zi/1.0Montebello/Templates/testdem/maps/_Eocsand5858.asc
ncols         21
nrows         20
xllcorner     100.000000
yllcorner     100.000000
cellsize      50.000000
NODATA_value  -9999.0
0.000000 0.000000 0.000000 0.000000 0.000000 0.000000 0.000000 0.000000 0.000000 0.000000 0.000000 0.000000 0.000000 0.000000 0.000000 0.000000 0.000000 0.000000 0.000000 0.000000 0.000000
0.000000 0.000000 0.300146 0.300145 0.300145 0.300145 0.300145 0.300144 0.300145 0.300145 0.300145 0.300145 0.300145 0.300145 0.300145 0.300145 0.300145 0.300145 0.300146 0.000000 0.000000
0.000000 0.000000 0.300009 0.300008 0.300008 0.300008 0.300008 0.300008 0.300008 0.300008 0.300008 0.300008 0.300007 0.300007 0.300008 0.300008 0.300009 0.300010 0.300009 0.000000 0.000000
0.000000 0.000000 0.299967 0.299966 0.299970 0.299974 0.299971 0.299973 0.299971 0.299972 0.299971 0.299974 0.299973 0.299974 0.299970 0.299965 0.299966 0.299963 0.299965 0.000000 0.000000
0.000000 0.000000 0.298997 0.298995 0.298996 0.299004 0.299018 0.299026 0.299026 0.299026 0.299030 0.299028 0.299031 0.299029 0.299020 0.299018 0.299014 0.299003 0.298996 0.000000 0.000000
0.000000 0.000000 0.295857 0.295853 0.295864 0.295897 0.295914 0.295948 0.295950 0.295958 0.295951 0.295948 0.295944 0.295949 0.295938 0.295918 0.295903 0.295888 0.295879 0.000000 0.000000
0.000000 0.000000 0.291144 0.291149 0.291156 0.291191 0.291233 0.291283 0.291282 0.291289 0.291284 0.291282 0.291285 0.291284 0.291248 0.291208 0.291191 0.291173 0.291160 0.000000 0.000000
0.000000 0.000000 0.285403 0.285403 0.285405 0.285443 0.285484 0.285538 0.285537 0.285543 0.285542 0.285543 0.285547 0.285540 0.285499 0.285462 0.285432 0.285424 0.285406 0.000000 0.000000
0.000000 0.000000 0.279469 0.279477 0.279490 0.279512 0.279553 0.279611 0.279608 0.279618 0.279623 0.279620 0.279620 0.279625 0.279573 0.279532 0.279505 0.279497 0.279480 0.000000 0.000000
0.000000 0.000000 0.273480 0.273489 0.273494 0.273510 0.273568 0.273619 0.273615 0.273622 0.273629 0.273621 0.273615 0.273622 0.273580 0.273534 0.273506 0.273501 0.273490 0.000000 0.000000
0.000000 0.000000 0.267288 0.267293 0.267294 0.267336 0.267376 0.267433 0.267421 0.267448 0.267447 0.267444 0.267452 0.267438 0.267404 0.267374 0.267344 0.267326 0.267301 0.000000 0.000000
0.000000 0.000000 0.260777 0.260790 0.260806 0.260835 0.260870 0.260939 0.260937 0.260952 0.260935 0.260952 0.260949 0.260945 0.260884 0.260856 0.260834 0.260825 0.260761 0.000000 0.000000
0.000000 0.000000 0.254079 0.254091 0.254095 0.254129 0.254161 0.254302 0.254302 0.254313 0.254343 0.254326 0.254316 0.254307 0.254204 0.254178 0.254129 0.254124 0.254078 0.000000 0.000000
0.000000 0.000000 0.246788 0.246796 0.246814 0.246835 0.246973 0.247007 0.247038 0.247039 0.247049 0.247045 0.247044 0.247050 0.247034 0.246898 0.246856 0.246822 0.246776 0.000000 0.000000
0.000000 0.000000 0.238741 0.238751 0.238780 0.238923 0.238966 0.239048 0.239102 0.239110 0.239136 0.239151 0.239135 0.239148 0.239086 0.239022 0.238819 0.238836 0.238809 0.000000 0.000000
0.000000 0.000000 0.230210 0.230219 0.230406 0.230436 0.230447 0.230499 0.230460 0.230482 0.230466 0.230486 0.230509 0.230472 0.230441 0.230423 0.230442 0.230200 0.230195 0.000000 0.000000
0.000000 0.000000 0.220405 0.220662 0.220746 0.220820 0.220944 0.221006 0.221029 0.221031 0.221087 0.221094 0.221070 0.221082 0.221012 0.220920 0.220772 0.220723 0.220462 0.000000 0.000000
0.000000 0.000000 0.213323 0.213303 0.213071 0.213133 0.213227 0.213468 0.213472 0.213526 0.213488 0.213502 0.213487 0.213482 0.213263 0.213195 0.213041 0.213278 0.213283 0.000000 0.000000
0.000000 0.000000 0.300000 0.300000 0.300000 0.300000 0.300000 0.300000 0.300000 0.300000 0.300000 0.300000 0.300000 0.300000 0.300000 0.300000 0.300000 0.300000 0.300000 0.000000 0.000000
0.000000 0.000000 0.000000 0.000000 0.000000 0.000000 0.000000 0.000000 0.000000 0.000000 0.000000 0.000000 0.000000 0.000000 0.000000 0.000000 0.000000 0.000000 0.000000 0.000000 0.000000