geotop/1.0zi/1.0Montebello/Templates/testdem/maps/_Eocsilt031U.asc
ncols         21
nrows         20
xllcorner     100.000000
yllcorner     100.000000
cellsize      50.000000
NODATA_value  -9999.0
0.000000 0.000000 0.000000 0.000000 0.000000 0.000000 0.000000 0.000000 0.000000 0.000000 0.000000 0.000000 0.000000 0.000000 0.000000 0.000000 0.000000 0.000000 0.000000 0.000000 0.000000
0.000000 0.000000 0.350225 0.350225 0.350225 0.350225 0.350224 0.350224 0.350225 0.350224 0.350225 0.350224 0.350224 0.350224 0.350224 0.350225 0.350225 0.350225 0.350225 0.000000 0.000000
0.000000 0.000000 0.350006 0.350006 0.350007 0.350006 0.350007 0.350007 0.350007 0.350007 0.350007 0.350007 0.350008 0.350007 0.350007 0.350006 0.350005 0.350005 0.350006 0.000000 0.000000
0.000000 0.000000 0.350188 0.350186 0.350179 0.350175 0.350175 0.350169 0.350172 0.350173 0.350171 0.350175 0.350176 0.350175 0.350177 0.350181 0.350184 0.350187 0.350188 0.000000 0.000000
0.000000 0.000000 0.351722 0.351731 0.351720 0.351696 0.351686 0.351679 0.351682 0.351680 0.351679 0.351682 0.351687 0.351686 0.351699 0.351709 0.351715 0.351721 0.351725 0.000000 0.000000
0.000000 0.000000 0.355794 0.355791 0.355774 0.355744 0.355708 0.355679 0.355678 0.355675 0.355674 0.355675 0.355680 0.355677 0.355695 0.355721 0.355736 0.355746 0.355752 0.000000 0.000000
0.000000 0.000000 0.361505 0.361496 0.361478 0.361434 0.361389 0.361331 0.361335 0.361333 0.361326 0.361325 0.361323 0.361327 0.361373 0.361408 0.361432 0.361450 0.361457 0.000000 0.000000
0.000000 0.000000 0.368304 0.368294 0.368276 0.368227 0.368177 0.368124 0.368126 0.368122 0.368114 0.368111 0.368109 0.368117 0.368160 0.368202 0.368240 0.368247 0.368262 0.000000 0.000000
0.000000 0.000000 0.375889 0.375873 0.375844 0.375803 0.375747 0.375680 0.375687 0.375677 0.375666 0.375664 0.375668 0.375664 0.375727 0.375777 0.375807 0.375822 0.375834 0.000000 0.000000
0.000000 0.000000 0.384389 0.384365 0.384342 0.384297 0.384235 0.384164 0.384166 0.384161 0.384144 0.384150 0.384158 0.384154 0.384204 0.384269 0.384305 0.384320 0.384325 0.000000 0.000000
0.000000 0.000000 0.394216 0.394199 0.394176 0.394076 0.394047 0.393951 0.393973 0.393929 0.393930 0.393923 0.393907 0.393933 0.393991 0.394032 0.394083 0.394102 0.394144 0.000000 0.000000
0.000000 0.000000 0.405901 0.405856 0.405794 0.405749 0.405694 0.405571 0.405568 0.405572 0.405582 0.405539 0.405562 0.405551 0.405661 0.405728 0.405755 0.405774 0.405857 0.000000 0.000000
0.000000 0.000000 0.419136 0.419099 0.419089 0.418990 0.418923 0.418583 0.418579 0.418563 0.418433 0.418515 0.418519 0.418549 0.418796 0.418850 0.418980 0.418989 0.418998 0.000000 0.000000
0.000000 0.000000 0.435164 0.435158 0.435045 0.434985 0.434518 0.434726 0.434630 0.434640 0.434717 0.434639 0.434629 0.434571 0.434384 0.434897 0.434902 0.435026 0.435093 0.000000 0.000000
0.000000 0.000000 0.450908 0.450872 0.450808 0.450326 0.450570 0.450245 0.450192 0.450165 0.450042 0.450016 0.450069 0.450080 0.450360 0.450121 0.450751 0.450598 0.450567 0.000000 0.000000
0.000000 0.000000 0.461732 0.461716 0.461400 0.461509 0.461468 0.461451 0.461580 0.461544 0.461603 0.461589 0.461537 0.461607 0.461589 0.461627 0.461344 0.461800 0.461790 0.000000 0.000000
0.000000 0.000000 0.468850 0.468784 0.468638 0.468685 0.468626 0.468622 0.468671 0.468658 0.468672 0.468668 0.468651 0.468676 0.468670 0.468721 0.468608 0.468813 0.468872 0.000000 0.000000
0.000000 0.000000 0.474187 0.473957 0.473926 0.473879 0.473771 0.473779 0.473737 0.473755 0.473690 0.473698 0.473726 0.473697 0.473719 0.473788 0.473900 0.473877 0.474110 0.000000 0.000000
0.000000 0.000000 0.350000 0.350000 0.350000 0.350000 0.350000 0.350000 0.350000 0.350000 0.350000 0.350000 0.350000 0.350000 0.350000 0.350000 0.350000 0.350000 0.350000 0.000000 0.000000
0.000000 0.000000 0.000000 0.000000 0.000000 0.000000 0.000000 0.000000 0.000000 0.000000 0.000000 0.000000 0.000000 0.000000 0.000000 0.000000 0.000000 0.000000 0.000000 0.000000 0.000000