geotop/1.0zi/1.0Montebello/Templates/testdem/maps/_Eocsand1136.asc
ncols         21
nrows         20
xllcorner     100.000000
yllcorner     100.000000
cellsize      50.000000
NODATA_value  -9999.0
0.000000 0.000000 0.000000 0.000000 0.000000 0.000000 0.000000 0.000000 0.000000 0.000000 0.000000 0.000000 0.000000 0.000000 0.000000 0.000000 0.000000 0.000000 0.000000 0.000000 0.000000
0.000000 0.000000 0.300037 0.300037 0.300037 0.300037 0.300037 0.300037 0.300037 0.300037 0.300037 0.300037 0.300037 0.300037 0.300037 0.300037 0.300037 0.300037 0.300037 0.000000 0.000000
0.000000 0.000000 0.300004 0.300004 0.300005 0.300004 0.300004 0.300004 0.300004 0.300004 0.300004 0.300004 0.300004 0.300004 0.300004 0.300004 0.300005 0.300004 0.300004 0.000000 0.000000
0.000000 0.000000 0.299095 0.299096 0.299101 0.299098 0.299095 0.299095 0.299095 0.299095 0.299095 0.299095 0.299095 0.299095 0.299095 0.299098 0.299101 0.299096 0.299095 0.000000 0.000000
0.000000 0.000000 0.295865 0.295866 0.295871 0.295871 0.295864 0.295866 0.295866 0.295864 0.295864 0.295864 0.295866 0.295866 0.295864 0.295871 0.295871 0.295866 0.295865 0.000000 0.000000
0.000000 0.000000 0.292088 0.292089 0.292093 0.292093 0.292088 0.292089 0.292089 0.292088 0.292088 0.292088 0.292089 0.292089 0.292088 0.292093 0.292093 0.292089 0.292088 0.000000 0.000000
0.000000 0.000000 0.288542 0.288543 0.288547 0.288546 0.288542 0.288543 0.288543 0.288542 0.288542 0.288542 0.288543 0.288543 0.288542 0.288546 0.288547 0.288543 0.288542 0.000000 0.000000
0.000000 0.000000 0.285272 0.285272 0.285275 0.285275 0.285271 0.285272 0.285272 0.285271 0.285271 0.285271 0.285272 0.285272 0.285271 0.285275 0.285275 0.285272 0.285272 0.000000 0.000000
0.000000 0.000000 0.282202 0.282203 0.282206 0.282205 0.282202 0.282203 0.282203 0.282202 0.282202 0.282202 0.282203 0.282203 0.282202 0.282205 0.282206 0.282203 0.282202 0.000000 0.000000
0.000000 0.000000 0.279257 0.279258 0.279261 0.279260 0.279257 0.279257 0.279257 0.279257 0.279257 0.279257 0.279257 0.279257 0.279257 0.279260 0.279261 0.279258 0.279257 0.000000 0.000000
0.000000 0.000000 0.276407 0.276408 0.276411 0.276410 0.276407 0.276408 0.276408 0.276407 0.276407 0.276407 0.276408 0.276408 0.276407 0.276410 0.276411 0.276408 0.276407 0.000000 0.000000
0.000000 0.000000 0.273622 0.273623 0.273626 0.273625 0.273622 0.273623 0.273623 0.273622 0.273622 0.273622 0.273623 0.273623 0.273622 0.273625 0.273626 0.273623 0.273622 0.000000 0.000000
0.000000 0.000000 0.270883 0.270883 0.270886 0.270885 0.270883 0.270883 0.270883 0.270882 0.270882 0.270882 0.270883 0.270883 0.270883 0.270885 0.270886 0.270883 0.270883 0.000000 0.000000
0.000000 0.000000 0.268190 0.268190 0.268193 0.268192 0.268190 0.268190 0.268190 0.268189 0.268189 0.268189 0.268190 0.268190 0.268190 0.268192 0.268193 0.268190 0.268190 0.000000 0.000000
0.000000 0.000000 0.265524 0.265524 0.265527 0.265526 0.265523 0.265524 0.265524 0.265523 0.265523 0.265523 0.265524 0.265524 0.265523 0.265526 0.265527 0.265524 0.265524 0.000000 0.000000
0.000000 0.000000 0.262874 0.262874 0.262877 0.262876 0.262874 0.262874 0.262874 0.262874 0.262874 0.262874 0.262874 0.262874 0.262874 0.262876 0.262877 0.262874 0.262874 0.000000 0.000000
0.000000 0.000000 0.260251 0.260252 0.260255 0.260254 0.260251 0.260252 0.260251 0.260251 0.260251 0.260251 0.260251 0.260252 0.260251 0.260254 0.260255 0.260252 0.260251 0.000000 0.000000
0.000000 0.000000 0.257583 0.257583 0.257586 0.257585 0.257583 0.257583 0.257583 0.257582 0.257582 0.257582 0.257583 0.257583 0.257583 0.257585 0.257586 0.257583 0.257583 0.000000 0.000000
0.000000 0.000000 0.300000 0.300000 0.300000 0.300000 0.300000 0.300000 0.300000 0.300000 0.300000 0.300000 0.300000 0.300000 0.300000 0.300000 0.300000 0.300000 0.300000 0.000000 0.000000
0.000000 0.000000 0.000000 0.000000 0.000000 0.000000 0.000000 0.000000 0.000000 0.000000 0.000000 0.000000 0.000000 0.000000 0.000000 0.000000 0.000000 0.000000 0.000000 0.000000 0.000000