geotop/1.0zi/1.0Montebello/Templates/testdem/maps/_Eocsilt5749.asc
ncols         21
nrows         20
xllcorner     100.000000
yllcorner     100.000000
cellsize      50.000000
NODATA_value  -9999.0
0.000000 0.000000 0.000000 0.000000 0.000000 0.000000 0.000000 0.000000 0.000000 0.000000 0.000000 0.000000 0.000000 0.000000 0.000000 0.000000 0.000000 0.000000 0.000000 0.000000 0.000000
0.000000 0.000000 0.350113 0.350113 0.350113 0.350113 0.350113 0.350113 0.350113 0.350113 0.350113 0.350113 0.350113 0.350113 0.350113 0.350113 0.350113 0.350113 0.350113 0.000000 0.000000
0.000000 0.000000 0.350002 0.350002 0.350002 0.350003 0.350003 0.350003 0.350003 0.350003 0.350003 0.350003 0.350003 0.350003 0.350003 0.350002 0.350001 0.350001 0.350002 0.000000 0.000000
0.000000 0.000000 0.350045 0.350045 0.350043 0.350039 0.350040 0.350038 0.350040 0.350040 0.350039 0.350039 0.350039 0.350039 0.350041 0.350044 0.350045 0.350047 0.350046 0.000000 0.000000
0.000000 0.000000 0.350524 0.350527 0.350525 0.350522 0.350519 0.350514 0.350513 0.350511 0.350509 0.350510 0.350512 0.350513 0.350518 0.350520 0.350520 0.350529 0.350533 0.000000 0.000000
0.000000 0.000000 0.352007 0.352010 0.352006 0.351993 0.351982 0.351965 0.351963 0.351959 0.351964 0.351966 0.351967 0.351963 0.351969 0.351975 0.351984 0.351988 0.351992 0.000000 0.000000
0.000000 0.000000 0.354258 0.354256 0.354252 0.354234 0.354213 0.354191 0.354192 0.354190 0.354192 0.354193 0.354189 0.354192 0.354208 0.354225 0.354232 0.354242 0.354247 0.000000 0.000000
0.000000 0.000000 0.356977 0.356977 0.356978 0.356961 0.356940 0.356915 0.356916 0.356913 0.356913 0.356912 0.356911 0.356913 0.356932 0.356951 0.356966 0.356968 0.356977 0.000000 0.000000
0.000000 0.000000 0.359830 0.359825 0.359818 0.359808 0.359787 0.359758 0.359760 0.359755 0.359753 0.359754 0.359754 0.359751 0.359777 0.359797 0.359811 0.359816 0.359824 0.000000 0.000000
0.000000 0.000000 0.362689 0.362684 0.362682 0.362675 0.362647 0.362621 0.362624 0.362621 0.362617 0.362621 0.362624 0.362620 0.362640 0.362662 0.362676 0.362678 0.362683 0.000000 0.000000
0.000000 0.000000 0.365620 0.365617 0.365618 0.365597 0.365578 0.365550 0.365556 0.365543 0.365544 0.365545 0.365541 0.365548 0.365564 0.365578 0.365593 0.365601 0.365613 0.000000 0.000000
0.000000 0.000000 0.368697 0.368690 0.368683 0.368670 0.368653 0.368619 0.368621 0.368613 0.368622 0.368614 0.368615 0.368617 0.368646 0.368659 0.368670 0.368674 0.368705 0.000000 0.000000
0.000000 0.000000 0.371850 0.371844 0.371842 0.371826 0.371811 0.371744 0.371744 0.371738 0.371725 0.371732 0.371737 0.371741 0.371789 0.371802 0.371825 0.371827 0.371850 0.000000 0.000000
0.000000 0.000000 0.375268 0.375264 0.375257 0.375247 0.375183 0.375166 0.375151 0.375150 0.375146 0.375148 0.375148 0.375145 0.375153 0.375216 0.375236 0.375252 0.375274 0.000000 0.000000
0.000000 0.000000 0.379027 0.379023 0.379009 0.378944 0.378922 0.378883 0.378859 0.378855 0.378843 0.378835 0.378843 0.378837 0.378865 0.378896 0.378990 0.378982 0.378996 0.000000 0.000000
0.000000 0.000000 0.383001 0.382997 0.382912 0.382896 0.382891 0.382866 0.382882 0.382872 0.382879 0.382870 0.382860 0.382876 0.382891 0.382900 0.382894 0.383004 0.383007 0.000000 0.000000
0.000000 0.000000 0.387539 0.387423 0.387382 0.387348 0.387292 0.387263 0.387254 0.387252 0.387228 0.387224 0.387234 0.387229 0.387261 0.387302 0.387369 0.387396 0.387513 0.000000 0.000000
0.000000 0.000000 0.390863 0.390866 0.390969 0.390939 0.390894 0.390785 0.390782 0.390758 0.390774 0.390767 0.390774 0.390776 0.390875 0.390908 0.390981 0.390876 0.390880 0.000000 0.000000
0.000000 0.000000 0.350000 0.350000 0.350000 0.350000 0.350000 0.350000 0.350000 0.350000 0.350000 0.350000 0.350000 0.350000 0.350000 0.350000 0.350000 0.350000 0.350000 0.000000 0.000000
0.000000 0.000000 0.000000 0.000000 0.000000 0.000000 0.000000 0.000000 0.000000 0.000000 0.000000 0.000000 0.000000 0.000000 0.000000 0.000000 0.000000 0.000000 0.000000 0.000000 0.000000