geotop/1.0zi/1.0Montebello/Templates/testdem/maps/_Eocsand2580.asc
ncols         21
nrows         20
xllcorner     100.000000
yllcorner     100.000000
cellsize      50.000000
NODATA_value  -9999.0
0.000000 0.000000 0.000000 0.000000 0.000000 0.000000 0.000000 0.000000 0.000000 0.000000 0.000000 0.000000 0.000000 0.000000 0.000000 0.000000 0.000000 0.000000 0.000000 0.000000 0.000000
0.000000 0.000000 0.300076 0.300076 0.300076 0.300076 0.300076 0.300076 0.300076 0.300076 0.300077 0.300076 0.300076 0.300076 0.300076 0.300076 0.300076 0.300076 0.300076 0.000000 0.000000
0.000000 0.000000 0.300012 0.300013 0.300013 0.300012 0.300013 0.300012 0.300012 0.300013 0.300011 0.300013 0.300012 0.300012 0.300013 0.300012 0.300013 0.300013 0.300012 0.000000 0.000000
0.000000 0.000000 0.298339 0.298340 0.298344 0.298342 0.298339 0.298339 0.298339 0.298339 0.298339 0.298339 0.298339 0.298339 0.298339 0.298342 0.298344 0.298340 0.298339 0.000000 0.000000
0.000000 0.000000 0.291275 0.291277 0.291280 0.291280 0.291274 0.291276 0.291275 0.291273 0.291273 0.291273 0.291275 0.291276 0.291274 0.291280 0.291280 0.291277 0.291275 0.000000 0.000000
0.000000 0.000000 0.282637 0.282638 0.282641 0.282641 0.282636 0.282638 0.282638 0.282636 0.282635 0.282636 0.282638 0.282638 0.282636 0.282641 0.282641 0.282638 0.282637 0.000000 0.000000
0.000000 0.000000 0.274584 0.274585 0.274587 0.274587 0.274583 0.274584 0.274584 0.274582 0.274582 0.274582 0.274584 0.274584 0.274583 0.274587 0.274587 0.274585 0.274584 0.000000 0.000000
0.000000 0.000000 0.267213 0.267213 0.267216 0.267215 0.267212 0.267213 0.267213 0.267211 0.267211 0.267211 0.267213 0.267213 0.267212 0.267215 0.267216 0.267213 0.267213 0.000000 0.000000
0.000000 0.000000 0.260347 0.260348 0.260350 0.260349 0.260346 0.260347 0.260347 0.260346 0.260345 0.260346 0.260347 0.260347 0.260346 0.260349 0.260350 0.260348 0.260347 0.000000 0.000000
0.000000 0.000000 0.253830 0.253830 0.253833 0.253832 0.253829 0.253830 0.253830 0.253829 0.253828 0.253829 0.253830 0.253830 0.253829 0.253832 0.253833 0.253830 0.253830 0.000000 0.000000
0.000000 0.000000 0.247582 0.247583 0.247585 0.247584 0.247581 0.247582 0.247582 0.247581 0.247581 0.247581 0.247582 0.247582 0.247581 0.247584 0.247585 0.247583 0.247582 0.000000 0.000000
0.000000 0.000000 0.241546 0.241547 0.241549 0.241548 0.241546 0.241547 0.241546 0.241545 0.241545 0.241545 0.241546 0.241547 0.241546 0.241548 0.241549 0.241547 0.241546 0.000000 0.000000
0.000000 0.000000 0.235679 0.235680 0.235682 0.235681 0.235679 0.235679 0.235679 0.235678 0.235678 0.235678 0.235679 0.235679 0.235679 0.235681 0.235682 0.235680 0.235679 0.000000 0.000000
0.000000 0.000000 0.229952 0.229952 0.229955 0.229954 0.229951 0.229952 0.229952 0.229951 0.229950 0.229951 0.229952 0.229952 0.229951 0.229954 0.229955 0.229952 0.229952 0.000000 0.000000
0.000000 0.000000 0.224344 0.224345 0.224347 0.224346 0.224344 0.224344 0.224344 0.224343 0.224343 0.224343 0.224344 0.224344 0.224344 0.224346 0.224347 0.224345 0.224344 0.000000 0.000000
0.000000 0.000000 0.218846 0.218846 0.218849 0.218848 0.218845 0.218846 0.218846 0.218845 0.218845 0.218845 0.218846 0.218846 0.218845 0.218848 0.218849 0.218846 0.218846 0.000000 0.000000
0.000000 0.000000 0.213451 0.213452 0.213454 0.213453 0.213451 0.213452 0.213451 0.213450 0.213450 0.213450 0.213451 0.213452 0.213451 0.213453 0.213454 0.213452 0.213451 0.000000 0.000000
0.000000 0.000000 0.208082 0.208082 0.208084 0.208083 0.208081 0.208081 0.208081 0.208080 0.208080 0.208080 0.208081 0.208081 0.208081 0.208083 0.208084 0.208082 0.208081 0.000000 0.000000
0.000000 0.000000 0.300000 0.300000 0.300000 0.300000 0.300000 0.300000 0.300000 0.300000 0.300000 0.300000 0.300000 0.300000 0.300000 0.300000 0.300000 0.300000 0.300000 0.000000 0.000000
0.000000 0.000000 0.000000 0.000000 0.000000 0.000000 0.000000 0.000000 0.000000 0.000000 0.000000 0.000000 0.000000 0.000000 0.000000 0.000000 0.000000 0.000000 0.000000 0.000000 0.000000