geotop/1.0zi/1.0Montebello/Templates/testdem/maps/_Eocclay2755.asc
ncols         21
nrows         20
xllcorner     100.000000
yllcorner     100.000000
cellsize      50.000000
NODATA_value  -9999.0
0.000000 0.000000 0.000000 0.000000 0.000000 0.000000 0.000000 0.000000 0.000000 0.000000 0.000000 0.000000 0.000000 0.000000 0.000000 0.000000 0.000000 0.000000 0.000000 0.000000 0.000000
0.000000 0.000000 0.349851 0.349851 0.349851 0.349851 0.349851 0.349851 0.349851 0.349851 0.349851 0.349851 0.349851 0.349851 0.349851 0.349851 0.349851 0.349851 0.349851 0.000000 0.000000
0.000000 0.000000 0.349990 0.349990 0.349990 0.349990 0.349990 0.349990 0.349990 0.349990 0.349991 0.349990 0.349990 0.349990 0.349990 0.349990 0.349990 0.349990 0.349990 0.000000 0.000000
0.000000 0.000000 0.350857 0.350857 0.350854 0.350855 0.350857 0.350857 0.350856 0.350857 0.350857 0.350857 0.350856 0.350857 0.350857 0.350855 0.350854 0.350857 0.350857 0.000000 0.000000
0.000000 0.000000 0.354858 0.354857 0.354855 0.354855 0.354859 0.354857 0.354858 0.354859 0.354859 0.354859 0.354858 0.354857 0.354859 0.354855 0.354855 0.354857 0.354858 0.000000 0.000000
0.000000 0.000000 0.359471 0.359471 0.359469 0.359469 0.359472 0.359471 0.359471 0.359472 0.359472 0.359472 0.359471 0.359471 0.359472 0.359469 0.359469 0.359471 0.359471 0.000000 0.000000
0.000000 0.000000 0.363846 0.363846 0.363844 0.363845 0.363847 0.363846 0.363846 0.363847 0.363847 0.363847 0.363846 0.363846 0.363847 0.363845 0.363844 0.363846 0.363846 0.000000 0.000000
0.000000 0.000000 0.367855 0.367854 0.367853 0.367853 0.367855 0.367854 0.367855 0.367855 0.367856 0.367855 0.367855 0.367854 0.367855 0.367853 0.367853 0.367854 0.367855 0.000000 0.000000
0.000000 0.000000 0.371584 0.371584 0.371583 0.371583 0.371585 0.371584 0.371584 0.371585 0.371585 0.371585 0.371584 0.371584 0.371585 0.371583 0.371583 0.371584 0.371584 0.000000 0.000000
0.000000 0.000000 0.375119 0.375119 0.375118 0.375118 0.375120 0.375119 0.375119 0.375120 0.375120 0.375120 0.375119 0.375119 0.375120 0.375118 0.375118 0.375119 0.375119 0.000000 0.000000
0.000000 0.000000 0.378502 0.378502 0.378501 0.378501 0.378503 0.378502 0.378502 0.378503 0.378503 0.378503 0.378502 0.378502 0.378503 0.378501 0.378501 0.378502 0.378502 0.000000 0.000000
0.000000 0.000000 0.381766 0.381766 0.381765 0.381765 0.381767 0.381766 0.381766 0.381767 0.381767 0.381767 0.381766 0.381766 0.381767 0.381765 0.381765 0.381766 0.381766 0.000000 0.000000
0.000000 0.000000 0.384934 0.384934 0.384933 0.384933 0.384934 0.384934 0.384934 0.384934 0.384935 0.384934 0.384934 0.384934 0.384934 0.384933 0.384933 0.384934 0.384934 0.000000 0.000000
0.000000 0.000000 0.388022 0.388022 0.388021 0.388021 0.388022 0.388022 0.388022 0.388023 0.388023 0.388023 0.388022 0.388022 0.388022 0.388021 0.388021 0.388022 0.388022 0.000000 0.000000
0.000000 0.000000 0.391039 0.391039 0.391037 0.391038 0.391039 0.391039 0.391039 0.391039 0.391040 0.391039 0.391039 0.391039 0.391039 0.391038 0.391037 0.391039 0.391039 0.000000 0.000000
0.000000 0.000000 0.393991 0.393991 0.393990 0.393990 0.393991 0.393991 0.393991 0.393991 0.393992 0.393991 0.393991 0.393991 0.393991 0.393990 0.393990 0.393991 0.393991 0.000000 0.000000
0.000000 0.000000 0.396883 0.396883 0.396882 0.396882 0.396883 0.396883 0.396883 0.396883 0.396884 0.396883 0.396883 0.396883 0.396883 0.396882 0.396882 0.396883 0.396883 0.000000 0.000000
0.000000 0.000000 0.399757 0.399757 0.399756 0.399756 0.399757 0.399757 0.399757 0.399758 0.399758 0.399758 0.399757 0.399757 0.399757 0.399756 0.399756 0.399757 0.399757 0.000000 0.000000
0.000000 0.000000 0.350000 0.350000 0.350000 0.350000 0.350000 0.350000 0.350000 0.350000 0.350000 0.350000 0.350000 0.350000 0.350000 0.350000 0.350000 0.350000 0.350000 0.000000 0.000000
0.000000 0.000000 0.000000 0.000000 0.000000 0.000000 0.000000 0.000000 0.000000 0.000000 0.000000 0.000000 0.000000 0.000000 0.000000 0.000000 0.000000 0.000000 0.000000 0.000000 0.000000