geotop/1.0zi/1.0Montebello/Templates/testdem/maps/_Eocsilt3713.asc
ncols         21
nrows         20
xllcorner     100.000000
yllcorner     100.000000
cellsize      50.000000
NODATA_value  -9999.0
0.000000 0.000000 0.000000 0.000000 0.000000 0.000000 0.000000 0.000000 0.000000 0.000000 0.000000 0.000000 0.000000 0.000000 0.000000 0.000000 0.000000 0.000000 0.000000 0.000000 0.000000
0.000000 0.000000 0.350077 0.350077 0.350077 0.350077 0.350076 0.350077 0.350077 0.350077 0.350077 0.350077 0.350077 0.350077 0.350077 0.350077 0.350077 0.350077 0.350077 0.000000 0.000000
0.000000 0.000000 0.350001 0.350002 0.350002 0.350002 0.350003 0.350003 0.350003 0.350003 0.350003 0.350003 0.350003 0.350003 0.350002 0.350002 0.350001 0.350001 0.350001 0.000000 0.000000
0.000000 0.000000 0.350033 0.350031 0.350032 0.350028 0.350029 0.350026 0.350028 0.350029 0.350028 0.350028 0.350029 0.350027 0.350028 0.350031 0.350032 0.350033 0.350032 0.000000 0.000000
0.000000 0.000000 0.350367 0.350371 0.350367 0.350369 0.350367 0.350366 0.350364 0.350361 0.350361 0.350362 0.350364 0.350364 0.350365 0.350364 0.350364 0.350369 0.350370 0.000000 0.000000
0.000000 0.000000 0.351407 0.351410 0.351406 0.351399 0.351394 0.351380 0.351379 0.351375 0.351379 0.351381 0.351382 0.351384 0.351389 0.351392 0.351395 0.351394 0.351396 0.000000 0.000000
0.000000 0.000000 0.352919 0.352922 0.352919 0.352904 0.352888 0.352872 0.352873 0.352870 0.352873 0.352873 0.352875 0.352879 0.352893 0.352904 0.352907 0.352909 0.352915 0.000000 0.000000
0.000000 0.000000 0.354669 0.354668 0.354662 0.354647 0.354628 0.354610 0.354611 0.354608 0.354608 0.354608 0.354610 0.354615 0.354635 0.354649 0.354658 0.354658 0.354662 0.000000 0.000000
0.000000 0.000000 0.356421 0.356419 0.356411 0.356399 0.356381 0.356359 0.356360 0.356357 0.356358 0.356359 0.356361 0.356366 0.356384 0.356399 0.356405 0.356408 0.356415 0.000000 0.000000
0.000000 0.000000 0.358157 0.358156 0.358150 0.358137 0.358117 0.358098 0.358100 0.358097 0.358098 0.358098 0.358100 0.358103 0.358123 0.358139 0.358144 0.358146 0.358151 0.000000 0.000000
0.000000 0.000000 0.359894 0.359893 0.359886 0.359876 0.359860 0.359837 0.359839 0.359835 0.359835 0.359837 0.359838 0.359842 0.359859 0.359870 0.359878 0.359881 0.359887 0.000000 0.000000
0.000000 0.000000 0.361677 0.361675 0.361668 0.361653 0.361636 0.361614 0.361614 0.361611 0.361612 0.361612 0.361615 0.361618 0.361640 0.361653 0.361660 0.361663 0.361683 0.000000 0.000000
0.000000 0.000000 0.363468 0.363465 0.363458 0.363446 0.363426 0.363387 0.363387 0.363383 0.363383 0.363384 0.363386 0.363391 0.363426 0.363441 0.363448 0.363451 0.363465 0.000000 0.000000
0.000000 0.000000 0.365345 0.365339 0.365333 0.365321 0.365279 0.365266 0.365260 0.365257 0.365258 0.365258 0.365260 0.365264 0.365278 0.365314 0.365322 0.365329 0.365337 0.000000 0.000000
0.000000 0.000000 0.367348 0.367344 0.367330 0.367296 0.367273 0.367247 0.367234 0.367230 0.367225 0.367225 0.367231 0.367231 0.367252 0.367278 0.367316 0.367315 0.367321 0.000000 0.000000
0.000000 0.000000 0.369393 0.369389 0.369349 0.369338 0.369321 0.369306 0.369303 0.369301 0.369303 0.369303 0.369302 0.369313 0.369322 0.369334 0.369336 0.369374 0.369385 0.000000 0.000000
0.000000 0.000000 0.371638 0.371594 0.371556 0.371539 0.371508 0.371492 0.371488 0.371486 0.371481 0.371482 0.371486 0.371487 0.371499 0.371528 0.371546 0.371569 0.371615 0.000000 0.000000
0.000000 0.000000 0.373432 0.373418 0.373441 0.373418 0.373389 0.373340 0.373334 0.373329 0.373331 0.373331 0.373333 0.373340 0.373383 0.373410 0.373441 0.373401 0.373424 0.000000 0.000000
0.000000 0.000000 0.350000 0.350000 0.350000 0.350000 0.350000 0.350000 0.350000 0.350000 0.350000 0.350000 0.350000 0.350000 0.350000 0.350000 0.350000 0.350000 0.350000 0.000000 0.000000
0.000000 0.000000 0.000000 0.000000 0.000000 0.000000 0.000000 0.000000 0.000000 0.000000 0.000000 0.000000 0.000000 0.000000 0.000000 0.000000 0.000000 0.000000 0.000000 0.000000 0.000000