geotop/1.0zi/1.0Montebello/Templates/testdem/maps/_Eocsilt3784.asc
ncols         21
nrows         20
xllcorner     100.000000
yllcorner     100.000000
cellsize      50.000000
NODATA_value  -9999.0
0.000000 0.000000 0.000000 0.000000 0.000000 0.000000 0.000000 0.000000 0.000000 0.000000 0.000000 0.000000 0.000000 0.000000 0.000000 0.000000 0.000000 0.000000 0.000000 0.000000 0.000000
0.000000 0.000000 0.350076 0.350076 0.350076 0.350076 0.350076 0.350076 0.350076 0.350076 0.350076 0.350076 0.350076 0.350076 0.350076 0.350076 0.350076 0.350076 0.350076 0.000000 0.000000
0.000000 0.000000 0.350001 0.350002 0.350002 0.350002 0.350003 0.350003 0.350003 0.350003 0.350003 0.350003 0.350003 0.350002 0.350002 0.350002 0.350001 0.350001 0.350001 0.000000 0.000000
0.000000 0.000000 0.350032 0.350031 0.350031 0.350027 0.350029 0.350026 0.350028 0.350028 0.350028 0.350028 0.350028 0.350027 0.350027 0.350030 0.350031 0.350032 0.350032 0.000000 0.000000
0.000000 0.000000 0.350373 0.350377 0.350373 0.350376 0.350374 0.350372 0.350371 0.350368 0.350368 0.350369 0.350371 0.350370 0.350371 0.350370 0.350370 0.350374 0.350376 0.000000 0.000000
0.000000 0.000000 0.351414 0.351417 0.351412 0.351405 0.351399 0.351385 0.351385 0.351381 0.351385 0.351386 0.351388 0.351390 0.351395 0.351400 0.351402 0.351401 0.351402 0.000000 0.000000
0.000000 0.000000 0.352941 0.352944 0.352940 0.352925 0.352909 0.352893 0.352893 0.352890 0.352894 0.352893 0.352896 0.352900 0.352914 0.352926 0.352929 0.352931 0.352937 0.000000 0.000000
0.000000 0.000000 0.354702 0.354702 0.354696 0.354680 0.354661 0.354643 0.354644 0.354641 0.354641 0.354641 0.354643 0.354648 0.354668 0.354682 0.354691 0.354691 0.354695 0.000000 0.000000
0.000000 0.000000 0.356468 0.356466 0.356458 0.356445 0.356427 0.356405 0.356406 0.356402 0.356403 0.356404 0.356406 0.356412 0.356431 0.356446 0.356452 0.356455 0.356462 0.000000 0.000000
0.000000 0.000000 0.358219 0.358217 0.358211 0.358198 0.358177 0.358158 0.358160 0.358157 0.358158 0.358158 0.358160 0.358164 0.358184 0.358200 0.358205 0.358207 0.358212 0.000000 0.000000
0.000000 0.000000 0.359971 0.359970 0.359963 0.359952 0.359936 0.359913 0.359914 0.359910 0.359910 0.359912 0.359914 0.359918 0.359936 0.359947 0.359954 0.359957 0.359962 0.000000 0.000000
0.000000 0.000000 0.361771 0.361769 0.361761 0.361747 0.361729 0.361707 0.361706 0.361703 0.361704 0.361704 0.361707 0.361711 0.361734 0.361747 0.361754 0.361755 0.361776 0.000000 0.000000
0.000000 0.000000 0.363580 0.363578 0.363569 0.363557 0.363537 0.363497 0.363496 0.363493 0.363493 0.363494 0.363496 0.363501 0.363537 0.363553 0.363559 0.363562 0.363574 0.000000 0.000000
0.000000 0.000000 0.365477 0.365472 0.365465 0.365453 0.365410 0.365396 0.365390 0.365386 0.365388 0.365388 0.365390 0.365395 0.365410 0.365446 0.365453 0.365460 0.365467 0.000000 0.000000
0.000000 0.000000 0.367503 0.367500 0.367485 0.367451 0.367426 0.367400 0.367387 0.367382 0.367378 0.367378 0.367384 0.367385 0.367406 0.367433 0.367471 0.367468 0.367474 0.000000 0.000000
0.000000 0.000000 0.369573 0.369570 0.369529 0.369518 0.369500 0.369484 0.369481 0.369479 0.369481 0.369481 0.369480 0.369492 0.369502 0.369514 0.369515 0.369552 0.369562 0.000000 0.000000
0.000000 0.000000 0.371848 0.371803 0.371765 0.371747 0.371715 0.371698 0.371694 0.371692 0.371687 0.371688 0.371692 0.371695 0.371708 0.371737 0.371753 0.371775 0.371821 0.000000 0.000000
0.000000 0.000000 0.373661 0.373648 0.373671 0.373648 0.373618 0.373568 0.373562 0.373557 0.373558 0.373558 0.373561 0.373569 0.373614 0.373641 0.373670 0.373628 0.373650 0.000000 0.000000
0.000000 0.000000 0.350000 0.350000 0.350000 0.350000 0.350000 0.350000 0.350000 0.350000 0.350000 0.350000 0.350000 0.350000 0.350000 0.350000 0.350000 0.350000 0.350000 0.000000 0.000000
0.000000 0.000000 0.000000 0.000000 0.000000 0.000000 0.000000 0.000000 0.000000 0.000000 0.000000 0.000000 0.000000 0.000000 0.000000 0.000000 0.000000 0.000000 0.000000 0.000000 0.000000