geotop/1.0zi/1.0Montebello/Templates/testdem/maps/_Eocsilt5608.asc
ncols         21
nrows         20
xllcorner     100.000000
yllcorner     100.000000
cellsize      50.000000
NODATA_value  -9999.0
0.000000 0.000000 0.000000 0.000000 0.000000 0.000000 0.000000 0.000000 0.000000 0.000000 0.000000 0.000000 0.000000 0.000000 0.000000 0.000000 0.000000 0.000000 0.000000 0.000000 0.000000
0.000000 0.000000 0.350111 0.350111 0.350112 0.350111 0.350111 0.350112 0.350112 0.350112 0.350111 0.350111 0.350111 0.350111 0.350111 0.350112 0.350112 0.350111 0.350111 0.000000 0.000000
0.000000 0.000000 0.350002 0.350002 0.350002 0.350003 0.350003 0.350003 0.350003 0.350003 0.350003 0.350003 0.350003 0.350003 0.350003 0.350002 0.350001 0.350001 0.350002 0.000000 0.000000
0.000000 0.000000 0.350045 0.350045 0.350043 0.350039 0.350040 0.350038 0.350040 0.350040 0.350039 0.350038 0.350039 0.350039 0.350040 0.350044 0.350045 0.350046 0.350046 0.000000 0.000000
0.000000 0.000000 0.350517 0.350520 0.350518 0.350515 0.350512 0.350507 0.350506 0.350504 0.350502 0.350503 0.350505 0.350505 0.350511 0.350513 0.350513 0.350522 0.350526 0.000000 0.000000
0.000000 0.000000 0.351971 0.351974 0.351971 0.351957 0.351947 0.351930 0.351928 0.351924 0.351929 0.351931 0.351932 0.351928 0.351934 0.351940 0.351948 0.351952 0.351957 0.000000 0.000000
0.000000 0.000000 0.354193 0.354190 0.354187 0.354169 0.354149 0.354126 0.354127 0.354125 0.354127 0.354127 0.354124 0.354127 0.354143 0.354160 0.354167 0.354176 0.354182 0.000000 0.000000
0.000000 0.000000 0.356874 0.356875 0.356876 0.356859 0.356838 0.356814 0.356815 0.356812 0.356812 0.356811 0.356810 0.356812 0.356830 0.356849 0.356864 0.356866 0.356875 0.000000 0.000000
0.000000 0.000000 0.359686 0.359682 0.359675 0.359665 0.359645 0.359616 0.359617 0.359612 0.359610 0.359612 0.359612 0.359609 0.359635 0.359654 0.359668 0.359673 0.359681 0.000000 0.000000
0.000000 0.000000 0.362497 0.362493 0.362491 0.362484 0.362456 0.362431 0.362434 0.362430 0.362427 0.362431 0.362433 0.362430 0.362449 0.362471 0.362485 0.362487 0.362492 0.000000 0.000000
0.000000 0.000000 0.365377 0.365374 0.365375 0.365354 0.365336 0.365308 0.365314 0.365301 0.365302 0.365303 0.365300 0.365306 0.365322 0.365336 0.365350 0.365359 0.365371 0.000000 0.000000
0.000000 0.000000 0.368396 0.368389 0.368382 0.368369 0.368352 0.368319 0.368321 0.368313 0.368322 0.368314 0.368315 0.368318 0.368346 0.368358 0.368369 0.368373 0.368404 0.000000 0.000000
0.000000 0.000000 0.371485 0.371479 0.371477 0.371462 0.371447 0.371382 0.371382 0.371376 0.371363 0.371370 0.371375 0.371379 0.371426 0.371437 0.371461 0.371463 0.371485 0.000000 0.000000
0.000000 0.000000 0.374830 0.374825 0.374818 0.374808 0.374746 0.374730 0.374715 0.374715 0.374710 0.374712 0.374713 0.374710 0.374717 0.374777 0.374797 0.374813 0.374836 0.000000 0.000000
0.000000 0.000000 0.378499 0.378494 0.378481 0.378418 0.378397 0.378360 0.378335 0.378331 0.378319 0.378312 0.378320 0.378314 0.378340 0.378370 0.378462 0.378455 0.378468 0.000000 0.000000
0.000000 0.000000 0.382374 0.382370 0.382288 0.382273 0.382268 0.382244 0.382260 0.382249 0.382256 0.382247 0.382237 0.382254 0.382267 0.382275 0.382270 0.382376 0.382379 0.000000 0.000000
0.000000 0.000000 0.386788 0.386677 0.386637 0.386605 0.386552 0.386525 0.386517 0.386515 0.386491 0.386487 0.386497 0.386492 0.386522 0.386561 0.386624 0.386651 0.386764 0.000000 0.000000
0.000000 0.000000 0.390040 0.390042 0.390141 0.390113 0.390070 0.389965 0.389963 0.389940 0.389954 0.389948 0.389955 0.389957 0.390051 0.390081 0.390153 0.390051 0.390056 0.000000 0.000000
0.000000 0.000000 0.350000 0.350000 0.350000 0.350000 0.350000 0.350000 0.350000 0.350000 0.350000 0.350000 0.350000 0.350000 0.350000 0.350000 0.350000 0.350000 0.350000 0.000000 0.000000
0.000000 0.000000 0.000000 0.000000 0.000000 0.000000 0.000000 0.000000 0.000000 0.000000 0.000000 0.000000 0.000000 0.000000 0.000000 0.000000 0.000000 0.000000 0.000000 0.000000 0.000000