geotop/1.0zi/1.0Montebello/Templates/testdem/maps/_Eocclay1829.asc
ncols         21
nrows         20
xllcorner     100.000000
yllcorner     100.000000
cellsize      50.000000
NODATA_value  -9999.0
0.000000 0.000000 0.000000 0.000000 0.000000 0.000000 0.000000 0.000000 0.000000 0.000000 0.000000 0.000000 0.000000 0.000000 0.000000 0.000000 0.000000 0.000000 0.000000 0.000000 0.000000
0.000000 0.000000 0.349905 0.349905 0.349905 0.349905 0.349905 0.349905 0.349905 0.349905 0.349905 0.349905 0.349905 0.349905 0.349905 0.349905 0.349905 0.349905 0.349905 0.000000 0.000000
0.000000 0.000000 0.349993 0.349993 0.349993 0.349993 0.349993 0.349993 0.349993 0.349993 0.349993 0.349993 0.349993 0.349993 0.349993 0.349993 0.349993 0.349993 0.349993 0.000000 0.000000
0.000000 0.000000 0.350650 0.350650 0.350648 0.350649 0.350650 0.350650 0.350650 0.350650 0.350650 0.350650 0.350650 0.350650 0.350650 0.350649 0.350648 0.350650 0.350650 0.000000 0.000000
0.000000 0.000000 0.353349 0.353348 0.353347 0.353347 0.353350 0.353349 0.353349 0.353351 0.353351 0.353351 0.353349 0.353349 0.353350 0.353347 0.353347 0.353348 0.353349 0.000000 0.000000
0.000000 0.000000 0.356401 0.356400 0.356399 0.356399 0.356402 0.356401 0.356401 0.356402 0.356402 0.356402 0.356401 0.356401 0.356402 0.356399 0.356399 0.356400 0.356401 0.000000 0.000000
0.000000 0.000000 0.359288 0.359287 0.359286 0.359286 0.359289 0.359288 0.359288 0.359289 0.359289 0.359289 0.359288 0.359288 0.359289 0.359286 0.359286 0.359287 0.359288 0.000000 0.000000
0.000000 0.000000 0.361947 0.361946 0.361945 0.361945 0.361947 0.361947 0.361947 0.361947 0.361947 0.361947 0.361947 0.361947 0.361947 0.361945 0.361945 0.361946 0.361947 0.000000 0.000000
0.000000 0.000000 0.364437 0.364436 0.364435 0.364436 0.364437 0.364437 0.364437 0.364437 0.364437 0.364437 0.364437 0.364437 0.364437 0.364436 0.364435 0.364436 0.364437 0.000000 0.000000
0.000000 0.000000 0.366819 0.366818 0.366817 0.366818 0.366819 0.366819 0.366819 0.366819 0.366819 0.366819 0.366819 0.366819 0.366819 0.366818 0.366817 0.366818 0.366819 0.000000 0.000000
0.000000 0.000000 0.369117 0.369117 0.369116 0.369116 0.369118 0.369117 0.369117 0.369118 0.369118 0.369118 0.369117 0.369117 0.369118 0.369116 0.369116 0.369117 0.369117 0.000000 0.000000
0.000000 0.000000 0.371354 0.371354 0.371352 0.371353 0.371354 0.371354 0.371354 0.371354 0.371354 0.371354 0.371354 0.371354 0.371354 0.371353 0.371352 0.371354 0.371354 0.000000 0.000000
0.000000 0.000000 0.373545 0.373545 0.373543 0.373544 0.373545 0.373545 0.373545 0.373545 0.373546 0.373545 0.373545 0.373545 0.373545 0.373544 0.373543 0.373545 0.373545 0.000000 0.000000
0.000000 0.000000 0.375693 0.375693 0.375692 0.375692 0.375693 0.375693 0.375693 0.375693 0.375694 0.375693 0.375693 0.375693 0.375693 0.375692 0.375692 0.375693 0.375693 0.000000 0.000000
0.000000 0.000000 0.377807 0.377807 0.377806 0.377806 0.377808 0.377807 0.377807 0.377808 0.377808 0.377808 0.377807 0.377807 0.377808 0.377806 0.377806 0.377807 0.377807 0.000000 0.000000
0.000000 0.000000 0.379894 0.379894 0.379893 0.379893 0.379894 0.379894 0.379894 0.379894 0.379895 0.379894 0.379894 0.379894 0.379894 0.379893 0.379893 0.379894 0.379894 0.000000 0.000000
0.000000 0.000000 0.381952 0.381952 0.381951 0.381952 0.381953 0.381952 0.381952 0.381953 0.381953 0.381953 0.381952 0.381952 0.381953 0.381952 0.381951 0.381952 0.381952 0.000000 0.000000
0.000000 0.000000 0.384025 0.384025 0.384024 0.384025 0.384026 0.384025 0.384025 0.384026 0.384026 0.384026 0.384025 0.384025 0.384026 0.384025 0.384024 0.384025 0.384025 0.000000 0.000000
0.000000 0.000000 0.350000 0.350000 0.350000 0.350000 0.350000 0.350000 0.350000 0.350000 0.350000 0.350000 0.350000 0.350000 0.350000 0.350000 0.350000 0.350000 0.350000 0.000000 0.000000
0.000000 0.000000 0.000000 0.000000 0.000000 0.000000 0.000000 0.000000 0.000000 0.000000 0.000000 0.000000 0.000000 0.000000 0.000000 0.000000 0.000000 0.000000 0.000000 0.000000 0.000000