geotop/1.0zi/1.0Montebello/Templates/testdem/maps/_Eocsilt3281.asc
ncols         21
nrows         20
xllcorner     100.000000
yllcorner     100.000000
cellsize      50.000000
NODATA_value  -9999.0
0.000000 0.000000 0.000000 0.000000 0.000000 0.000000 0.000000 0.000000 0.000000 0.000000 0.000000 0.000000 0.000000 0.000000 0.000000 0.000000 0.000000 0.000000 0.000000 0.000000 0.000000
0.000000 0.000000 0.350089 0.350089 0.350089 0.350089 0.350089 0.350089 0.350089 0.350089 0.350088 0.350089 0.350089 0.350089 0.350089 0.350089 0.350089 0.350089 0.350089 0.000000 0.000000
0.000000 0.000000 0.349994 0.349994 0.349994 0.349994 0.349994 0.349994 0.349994 0.349994 0.349995 0.349994 0.349994 0.349994 0.349994 0.349994 0.349994 0.349994 0.349994 0.000000 0.000000
0.000000 0.000000 0.351311 0.351310 0.351308 0.351309 0.351311 0.351311 0.351311 0.351311 0.351311 0.351311 0.351311 0.351311 0.351311 0.351309 0.351308 0.351310 0.351311 0.000000 0.000000
0.000000 0.000000 0.355960 0.355959 0.355957 0.355958 0.355960 0.355959 0.355959 0.355961 0.355961 0.355961 0.355959 0.355959 0.355960 0.355958 0.355957 0.355959 0.355960 0.000000 0.000000
0.000000 0.000000 0.361655 0.361654 0.361653 0.361653 0.361656 0.361655 0.361655 0.361655 0.361656 0.361655 0.361655 0.361655 0.361656 0.361653 0.361653 0.361654 0.361655 0.000000 0.000000
0.000000 0.000000 0.366814 0.366814 0.366813 0.366813 0.366815 0.366814 0.366814 0.366815 0.366816 0.366815 0.366814 0.366814 0.366815 0.366813 0.366813 0.366814 0.366814 0.000000 0.000000
0.000000 0.000000 0.371479 0.371479 0.371478 0.371478 0.371480 0.371479 0.371479 0.371480 0.371480 0.371480 0.371479 0.371479 0.371480 0.371478 0.371478 0.371479 0.371479 0.000000 0.000000
0.000000 0.000000 0.375787 0.375786 0.375785 0.375785 0.375787 0.375786 0.375786 0.375787 0.375788 0.375787 0.375786 0.375786 0.375787 0.375785 0.375785 0.375786 0.375787 0.000000 0.000000
0.000000 0.000000 0.379839 0.379839 0.379838 0.379838 0.379839 0.379839 0.379839 0.379839 0.379840 0.379839 0.379839 0.379839 0.379839 0.379838 0.379838 0.379839 0.379839 0.000000 0.000000
0.000000 0.000000 0.383687 0.383687 0.383686 0.383686 0.383687 0.383687 0.383687 0.383687 0.383688 0.383687 0.383687 0.383687 0.383687 0.383686 0.383686 0.383687 0.383687 0.000000 0.000000
0.000000 0.000000 0.387368 0.387368 0.387367 0.387367 0.387369 0.387368 0.387368 0.387369 0.387369 0.387369 0.387368 0.387368 0.387369 0.387367 0.387367 0.387368 0.387368 0.000000 0.000000
0.000000 0.000000 0.390908 0.390908 0.390907 0.390907 0.390908 0.390908 0.390908 0.390908 0.390909 0.390908 0.390908 0.390908 0.390908 0.390907 0.390907 0.390908 0.390908 0.000000 0.000000
0.000000 0.000000 0.394336 0.394336 0.394335 0.394335 0.394336 0.394336 0.394336 0.394336 0.394337 0.394336 0.394336 0.394336 0.394336 0.394335 0.394335 0.394336 0.394336 0.000000 0.000000
0.000000 0.000000 0.397661 0.397660 0.397659 0.397660 0.397661 0.397660 0.397661 0.397661 0.397661 0.397661 0.397661 0.397660 0.397661 0.397660 0.397659 0.397660 0.397661 0.000000 0.000000
0.000000 0.000000 0.400889 0.400889 0.400888 0.400888 0.400889 0.400889 0.400889 0.400889 0.400890 0.400889 0.400889 0.400889 0.400889 0.400888 0.400888 0.400889 0.400889 0.000000 0.000000
0.000000 0.000000 0.404030 0.404030 0.404029 0.404029 0.404031 0.404030 0.404030 0.404031 0.404031 0.404031 0.404030 0.404030 0.404031 0.404029 0.404029 0.404030 0.404030 0.000000 0.000000
0.000000 0.000000 0.407143 0.407143 0.407142 0.407142 0.407143 0.407143 0.407143 0.407143 0.407144 0.407143 0.407143 0.407143 0.407143 0.407142 0.407142 0.407143 0.407143 0.000000 0.000000
0.000000 0.000000 0.350000 0.350000 0.350000 0.350000 0.350000 0.350000 0.350000 0.350000 0.350000 0.350000 0.350000 0.350000 0.350000 0.350000 0.350000 0.350000 0.350000 0.000000 0.000000
0.000000 0.000000 0.000000 0.000000 0.000000 0.000000 0.000000 0.000000 0.000000 0.000000 0.000000 0.000000 0.000000 0.000000 0.000000 0.000000 0.000000 0.000000 0.000000 0.000000 0.000000