geotop/1.0zi/1.0Montebello/Templates/testdem/maps/_Eocsilt9781.asc
ncols         21
nrows         20
xllcorner     100.000000
yllcorner     100.000000
cellsize      50.000000
NODATA_value  -9999.0
0.000000 0.000000 0.000000 0.000000 0.000000 0.000000 0.000000 0.000000 0.000000 0.000000 0.000000 0.000000 0.000000 0.000000 0.000000 0.000000 0.000000 0.000000 0.000000 0.000000 0.000000
0.000000 0.000000 0.350207 0.350207 0.350207 0.350207 0.350206 0.350207 0.350207 0.350207 0.350207 0.350206 0.350206 0.350206 0.350207 0.350207 0.350208 0.350208 0.350207 0.000000 0.000000
0.000000 0.000000 0.350008 0.350008 0.350008 0.350007 0.350009 0.350008 0.350008 0.350008 0.350009 0.350008 0.350009 0.350009 0.350008 0.350007 0.350006 0.350006 0.350007 0.000000 0.000000
0.000000 0.000000 0.350150 0.350147 0.350141 0.350137 0.350137 0.350131 0.350135 0.350136 0.350133 0.350136 0.350137 0.350137 0.350139 0.350142 0.350147 0.350149 0.350150 0.000000 0.000000
0.000000 0.000000 0.351497 0.351503 0.351493 0.351473 0.351463 0.351456 0.351460 0.351457 0.351456 0.351459 0.351464 0.351462 0.351476 0.351485 0.351489 0.351495 0.351498 0.000000 0.000000
0.000000 0.000000 0.355165 0.355159 0.355144 0.355119 0.355086 0.355059 0.355058 0.355052 0.355053 0.355054 0.355059 0.355055 0.355074 0.355097 0.355109 0.355117 0.355124 0.000000 0.000000
0.000000 0.000000 0.360325 0.360314 0.360298 0.360261 0.360218 0.360166 0.360168 0.360163 0.360159 0.360158 0.360156 0.360160 0.360204 0.360236 0.360257 0.360273 0.360280 0.000000 0.000000
0.000000 0.000000 0.366446 0.366433 0.366418 0.366376 0.366330 0.366282 0.366283 0.366276 0.366270 0.366267 0.366266 0.366273 0.366315 0.366353 0.366386 0.366392 0.366406 0.000000 0.000000
0.000000 0.000000 0.373193 0.373174 0.373149 0.373115 0.373064 0.373004 0.373009 0.372997 0.372989 0.372987 0.372991 0.372987 0.373047 0.373092 0.373118 0.373129 0.373142 0.000000 0.000000
0.000000 0.000000 0.380622 0.380596 0.380577 0.380541 0.380485 0.380422 0.380424 0.380415 0.380402 0.380407 0.380415 0.380411 0.380459 0.380517 0.380547 0.380558 0.380564 0.000000 0.000000
0.000000 0.000000 0.389041 0.389020 0.389001 0.388920 0.388894 0.388811 0.388828 0.388787 0.388790 0.388784 0.388771 0.388793 0.388847 0.388883 0.388925 0.388940 0.388976 0.000000 0.000000
0.000000 0.000000 0.398856 0.398812 0.398763 0.398724 0.398680 0.398575 0.398573 0.398568 0.398579 0.398544 0.398561 0.398556 0.398651 0.398706 0.398729 0.398742 0.398815 0.000000 0.000000
0.000000 0.000000 0.409890 0.409849 0.409837 0.409760 0.409706 0.409432 0.409427 0.409408 0.409312 0.409370 0.409376 0.409400 0.409606 0.409653 0.409754 0.409759 0.409777 0.000000 0.000000
0.000000 0.000000 0.423479 0.423459 0.423372 0.423318 0.422938 0.423069 0.422987 0.422986 0.423035 0.422984 0.422975 0.422934 0.422814 0.423233 0.423249 0.423347 0.423406 0.000000 0.000000
0.000000 0.000000 0.438746 0.438701 0.438626 0.438144 0.438344 0.438044 0.437977 0.437945 0.437836 0.437798 0.437854 0.437856 0.438122 0.437930 0.438558 0.438411 0.438389 0.000000 0.000000
0.000000 0.000000 0.452094 0.452068 0.451571 0.451823 0.451734 0.451752 0.451967 0.451908 0.452023 0.452004 0.451910 0.452027 0.451962 0.452046 0.451495 0.452250 0.452239 0.000000 0.000000
0.000000 0.000000 0.462916 0.462601 0.462650 0.462533 0.462361 0.462307 0.462224 0.462242 0.462144 0.462155 0.462209 0.462156 0.462241 0.462370 0.462620 0.462466 0.462794 0.000000 0.000000
0.000000 0.000000 0.468219 0.468121 0.468293 0.468192 0.468085 0.467940 0.467895 0.467877 0.467861 0.467858 0.467890 0.467867 0.468012 0.468093 0.468290 0.468055 0.468158 0.000000 0.000000
0.000000 0.000000 0.350000 0.350000 0.350000 0.350000 0.350000 0.350000 0.350000 0.350000 0.350000 0.350000 0.350000 0.350000 0.350000 0.350000 0.350000 0.350000 0.350000 0.000000 0.000000
0.000000 0.000000 0.000000 0.000000 0.000000 0.000000 0.000000 0.000000 0.000000 0.000000 0.000000 0.000000 0.000000 0.000000 0.000000 0.000000 0.000000 0.000000 0.000000 0.000000 0.000000