geotop/1.0zi/1.0Montebello/Templates/testdem/maps/_Eocsand9315.asc
ncols         21
nrows         20
xllcorner     100.000000
yllcorner     100.000000
cellsize      50.000000
NODATA_value  -9999.0
0.000000 0.000000 0.000000 0.000000 0.000000 0.000000 0.000000 0.000000 0.000000 0.000000 0.000000 0.000000 0.000000 0.000000 0.000000 0.000000 0.000000 0.000000 0.000000 0.000000 0.000000
0.000000 0.000000 0.300237 0.300234 0.300234 0.300235 0.300234 0.300233 0.300234 0.300234 0.300235 0.300234 0.300234 0.300234 0.300234 0.300234 0.300235 0.300235 0.300235 0.000000 0.000000
0.000000 0.000000 0.300012 0.300014 0.300014 0.300012 0.300014 0.300014 0.300013 0.300013 0.300014 0.300014 0.300013 0.300013 0.300013 0.300013 0.300014 0.300015 0.300015 0.000000 0.000000
0.000000 0.000000 0.299855 0.299854 0.299861 0.299869 0.299868 0.299871 0.299865 0.299867 0.299867 0.299867 0.299867 0.299869 0.299864 0.299858 0.299855 0.299856 0.299855 0.000000 0.000000
0.000000 0.000000 0.297436 0.297438 0.297455 0.297482 0.297510 0.297515 0.297517 0.297518 0.297519 0.297514 0.297511 0.297510 0.297488 0.297477 0.297463 0.297456 0.297443 0.000000 0.000000
0.000000 0.000000 0.290481 0.290492 0.290529 0.290581 0.290640 0.290691 0.290689 0.290701 0.290696 0.290696 0.290687 0.290689 0.290660 0.290612 0.290586 0.290569 0.290555 0.000000 0.000000
0.000000 0.000000 0.280859 0.280878 0.280909 0.280972 0.281050 0.281155 0.281147 0.281156 0.281159 0.281158 0.281160 0.281153 0.281073 0.281010 0.280971 0.280946 0.280929 0.000000 0.000000
0.000000 0.000000 0.269462 0.269483 0.269510 0.269584 0.269665 0.269759 0.269755 0.269766 0.269771 0.269777 0.269781 0.269762 0.269687 0.269618 0.269555 0.269545 0.269515 0.000000 0.000000
0.000000 0.000000 0.257052 0.257083 0.257123 0.257177 0.257270 0.257381 0.257368 0.257390 0.257400 0.257405 0.257401 0.257403 0.257296 0.257215 0.257166 0.257150 0.257123 0.000000 0.000000
0.000000 0.000000 0.243522 0.243561 0.243592 0.243650 0.243775 0.243878 0.243872 0.243886 0.243905 0.243896 0.243882 0.243885 0.243800 0.243695 0.243638 0.243621 0.243605 0.000000 0.000000
0.000000 0.000000 0.228352 0.228380 0.228407 0.228542 0.228623 0.228758 0.228723 0.228795 0.228784 0.228795 0.228818 0.228773 0.228681 0.228616 0.228537 0.228508 0.228444 0.000000 0.000000
0.000000 0.000000 0.210915 0.210977 0.211055 0.211120 0.211238 0.211403 0.211399 0.211411 0.211382 0.211446 0.211416 0.211417 0.211254 0.211159 0.211115 0.211093 0.210958 0.000000 0.000000
0.000000 0.000000 0.191465 0.191521 0.191539 0.191688 0.191786 0.192255 0.192252 0.192277 0.192424 0.192340 0.192323 0.192276 0.191926 0.191838 0.191669 0.191661 0.191613 0.000000 0.000000
0.000000 0.000000 0.167631 0.167651 0.167784 0.167875 0.168530 0.168362 0.168487 0.168484 0.168411 0.168486 0.168498 0.168551 0.168710 0.168008 0.167962 0.167801 0.167694 0.000000 0.000000
0.000000 0.000000 0.139550 0.139632 0.139771 0.140627 0.140368 0.140862 0.141000 0.141048 0.141225 0.141305 0.141206 0.141203 0.140750 0.140982 0.139860 0.140109 0.140129 0.000000 0.000000
0.000000 0.000000 0.111393 0.111449 0.112559 0.112039 0.112214 0.112199 0.111714 0.111845 0.111592 0.111646 0.111849 0.111576 0.111687 0.111539 0.112699 0.111032 0.111056 0.000000 0.000000
0.000000 0.000000 0.082712 0.083899 0.083478 0.084026 0.084626 0.084821 0.085229 0.085133 0.085545 0.085498 0.085258 0.085507 0.085177 0.084734 0.083550 0.084490 0.083256 0.000000 0.000000
0.000000 0.000000 0.073976 0.073310 0.072563 0.072649 0.072690 0.073424 0.073335 0.073536 0.073237 0.073305 0.073333 0.073242 0.072629 0.072594 0.072478 0.073132 0.073790 0.000000 0.000000
0.000000 0.000000 0.300000 0.300000 0.300000 0.300000 0.300000 0.300000 0.300000 0.300000 0.300000 0.300000 0.300000 0.300000 0.300000 0.300000 0.300000 0.300000 0.300000 0.000000 0.000000
0.000000 0.000000 0.000000 0.000000 0.000000 0.000000 0.000000 0.000000 0.000000 0.000000 0.000000 0.000000 0.000000 0.000000 0.000000 0.000000 0.000000 0.000000 0.000000 0.000000 0.000000