geotop/1.0zi/1.0Montebello/Templates/testdem/maps/_Eocsand9162.asc
ncols         21
nrows         20
xllcorner     100.000000
yllcorner     100.000000
cellsize      50.000000
NODATA_value  -9999.0
0.000000 0.000000 0.000000 0.000000 0.000000 0.000000 0.000000 0.000000 0.000000 0.000000 0.000000 0.000000 0.000000 0.000000 0.000000 0.000000 0.000000 0.000000 0.000000 0.000000 0.000000
0.000000 0.000000 0.300233 0.300230 0.300230 0.300231 0.300230 0.300229 0.300230 0.300230 0.300231 0.300230 0.300230 0.300230 0.300230 0.300230 0.300232 0.300231 0.300231 0.000000 0.000000
0.000000 0.000000 0.300012 0.300014 0.300014 0.300012 0.300013 0.300014 0.300013 0.300013 0.300014 0.300014 0.300013 0.300013 0.300013 0.300013 0.300014 0.300015 0.300015 0.000000 0.000000
0.000000 0.000000 0.299855 0.299854 0.299861 0.299869 0.299868 0.299872 0.299865 0.299867 0.299867 0.299867 0.299866 0.299868 0.299863 0.299857 0.299854 0.299855 0.299854 0.000000 0.000000
0.000000 0.000000 0.297492 0.297494 0.297512 0.297538 0.297565 0.297569 0.297572 0.297574 0.297575 0.297572 0.297569 0.297569 0.297546 0.297536 0.297522 0.297518 0.297506 0.000000 0.000000
0.000000 0.000000 0.290727 0.290739 0.290776 0.290826 0.290883 0.290930 0.290929 0.290941 0.290936 0.290937 0.290928 0.290932 0.290903 0.290858 0.290835 0.290822 0.290809 0.000000 0.000000
0.000000 0.000000 0.281372 0.281392 0.281423 0.281483 0.281559 0.281660 0.281653 0.281662 0.281665 0.281665 0.281667 0.281660 0.281582 0.281523 0.281486 0.281465 0.281449 0.000000 0.000000
0.000000 0.000000 0.270293 0.270316 0.270343 0.270414 0.270491 0.270582 0.270578 0.270590 0.270594 0.270601 0.270606 0.270587 0.270513 0.270449 0.270389 0.270382 0.270354 0.000000 0.000000
0.000000 0.000000 0.258268 0.258300 0.258340 0.258390 0.258480 0.258586 0.258574 0.258596 0.258606 0.258611 0.258608 0.258610 0.258506 0.258430 0.258384 0.258372 0.258346 0.000000 0.000000
0.000000 0.000000 0.245211 0.245251 0.245282 0.245337 0.245456 0.245554 0.245549 0.245564 0.245582 0.245574 0.245561 0.245564 0.245481 0.245383 0.245329 0.245316 0.245302 0.000000 0.000000
0.000000 0.000000 0.230640 0.230670 0.230697 0.230825 0.230902 0.231029 0.230996 0.231067 0.231056 0.231066 0.231090 0.231047 0.230959 0.230899 0.230825 0.230801 0.230741 0.000000 0.000000
0.000000 0.000000 0.213975 0.214037 0.214112 0.214174 0.214284 0.214440 0.214437 0.214450 0.214422 0.214483 0.214457 0.214458 0.214301 0.214214 0.214174 0.214158 0.214030 0.000000 0.000000
0.000000 0.000000 0.195466 0.195524 0.195544 0.195682 0.195773 0.196213 0.196212 0.196236 0.196373 0.196296 0.196281 0.196238 0.195906 0.195826 0.195671 0.195668 0.195620 0.000000 0.000000
0.000000 0.000000 0.172894 0.172919 0.173044 0.173131 0.173738 0.173592 0.173711 0.173710 0.173646 0.173713 0.173726 0.173776 0.173912 0.173263 0.173218 0.173075 0.172975 0.000000 0.000000
0.000000 0.000000 0.146152 0.146234 0.146371 0.147171 0.146949 0.147395 0.147534 0.147579 0.147740 0.147818 0.147729 0.147730 0.147316 0.147511 0.146466 0.146700 0.146716 0.000000 0.000000
0.000000 0.000000 0.118617 0.118679 0.119761 0.119283 0.119434 0.119429 0.118967 0.119096 0.118856 0.118911 0.119108 0.118844 0.118938 0.118813 0.119903 0.118303 0.118329 0.000000 0.000000
0.000000 0.000000 0.089082 0.090359 0.089911 0.090489 0.091124 0.091323 0.091756 0.091654 0.092090 0.092041 0.091788 0.092053 0.091708 0.091242 0.089991 0.090996 0.089676 0.000000 0.000000
0.000000 0.000000 0.080668 0.079798 0.078966 0.079013 0.079002 0.079819 0.079689 0.079925 0.079550 0.079631 0.079682 0.079560 0.078887 0.078892 0.078862 0.079551 0.080418 0.000000 0.000000
0.000000 0.000000 0.300000 0.300000 0.300000 0.300000 0.300000 0.300000 0.300000 0.300000 0.300000 0.300000 0.300000 0.300000 0.300000 0.300000 0.300000 0.300000 0.300000 0.000000 0.000000
0.000000 0.000000 0.000000 0.000000 0.000000 0.000000 0.000000 0.000000 0.000000 0.000000 0.000000 0.000000 0.000000 0.000000 0.000000 0.000000 0.000000 0.000000 0.000000 0.000000 0.000000