geotop/1.0zi/1.0Montebello/Templates/testdem/maps/_Eocclay8716.asc
ncols         21
nrows         20
xllcorner     100.000000
yllcorner     100.000000
cellsize      50.000000
NODATA_value  -9999.0
0.000000 0.000000 0.000000 0.000000 0.000000 0.000000 0.000000 0.000000 0.000000 0.000000 0.000000 0.000000 0.000000 0.000000 0.000000 0.000000 0.000000 0.000000 0.000000 0.000000 0.000000
0.000000 0.000000 0.349594 0.349596 0.349596 0.349595 0.349597 0.349597 0.349597 0.349597 0.349596 0.349597 0.349597 0.349597 0.349597 0.349597 0.349595 0.349595 0.349596 0.000000 0.000000
0.000000 0.000000 0.349983 0.349982 0.349982 0.349984 0.349982 0.349981 0.349982 0.349981 0.349981 0.349981 0.349982 0.349981 0.349982 0.349983 0.349983 0.349982 0.349981 0.000000 0.000000
0.000000 0.000000 0.350025 0.350029 0.350027 0.350022 0.350024 0.350025 0.350027 0.350024 0.350028 0.350026 0.350026 0.350024 0.350027 0.350028 0.350027 0.350029 0.350027 0.000000 0.000000
0.000000 0.000000 0.351175 0.351168 0.351164 0.351158 0.351140 0.351139 0.351136 0.351138 0.351136 0.351138 0.351136 0.351138 0.351148 0.351150 0.351160 0.351162 0.351172 0.000000 0.000000
0.000000 0.000000 0.354434 0.354431 0.354413 0.354380 0.354361 0.354338 0.354340 0.354333 0.354338 0.354338 0.354344 0.354342 0.354355 0.354376 0.354393 0.354405 0.354412 0.000000 0.000000
0.000000 0.000000 0.358840 0.358833 0.358823 0.358795 0.358759 0.358718 0.358718 0.358713 0.358714 0.358716 0.358717 0.358717 0.358754 0.358786 0.358803 0.358816 0.358825 0.000000 0.000000
0.000000 0.000000 0.364060 0.364054 0.364044 0.364008 0.363975 0.363931 0.363931 0.363925 0.363925 0.363923 0.363921 0.363930 0.363969 0.363997 0.364026 0.364034 0.364049 0.000000 0.000000
0.000000 0.000000 0.369670 0.369659 0.369642 0.369619 0.369581 0.369536 0.369539 0.369529 0.369527 0.369525 0.369527 0.369525 0.369572 0.369610 0.369632 0.369642 0.369654 0.000000 0.000000
0.000000 0.000000 0.375708 0.375694 0.375685 0.375661 0.375605 0.375564 0.375564 0.375559 0.375553 0.375558 0.375565 0.375562 0.375602 0.375647 0.375674 0.375683 0.375692 0.000000 0.000000
0.000000 0.000000 0.382402 0.382393 0.382382 0.382328 0.382291 0.382237 0.382252 0.382221 0.382228 0.382225 0.382215 0.382234 0.382274 0.382301 0.382338 0.382356 0.382382 0.000000 0.000000
0.000000 0.000000 0.389965 0.389940 0.389915 0.389885 0.389835 0.389774 0.389766 0.389763 0.389778 0.389753 0.389765 0.389764 0.389837 0.389876 0.389898 0.389912 0.389973 0.000000 0.000000
0.000000 0.000000 0.398293 0.398268 0.398264 0.398207 0.398169 0.397981 0.397978 0.397970 0.397915 0.397949 0.397958 0.397975 0.398122 0.398157 0.398232 0.398236 0.398264 0.000000 0.000000
0.000000 0.000000 0.408309 0.408302 0.408258 0.408221 0.407962 0.408011 0.407960 0.407963 0.407988 0.407965 0.407961 0.407940 0.407901 0.408173 0.408203 0.408272 0.408319 0.000000 0.000000
0.000000 0.000000 0.420277 0.420248 0.420195 0.419853 0.419919 0.419748 0.419680 0.419664 0.419602 0.419569 0.419608 0.419602 0.419776 0.419723 0.420171 0.420087 0.420088 0.000000 0.000000
0.000000 0.000000 0.433185 0.433162 0.432676 0.432860 0.432804 0.432794 0.432991 0.432937 0.433046 0.433019 0.432935 0.433053 0.433036 0.433076 0.432640 0.433362 0.433353 0.000000 0.000000
0.000000 0.000000 0.448538 0.447834 0.448057 0.447754 0.447402 0.447301 0.447075 0.447130 0.446904 0.446931 0.447066 0.446925 0.447114 0.447374 0.448039 0.447537 0.448273 0.000000 0.000000
0.000000 0.000000 0.452692 0.453343 0.453864 0.453876 0.453926 0.453414 0.453519 0.453364 0.453634 0.453582 0.453535 0.453627 0.454051 0.454013 0.453966 0.453583 0.452940 0.000000 0.000000
0.000000 0.000000 0.350000 0.350000 0.350000 0.350000 0.350000 0.350000 0.350000 0.350000 0.350000 0.350000 0.350000 0.350000 0.350000 0.350000 0.350000 0.350000 0.350000 0.000000 0.000000
0.000000 0.000000 0.000000 0.000000 0.000000 0.000000 0.000000 0.000000 0.000000 0.000000 0.000000 0.000000 0.000000 0.000000 0.000000 0.000000 0.000000 0.000000 0.000000 0.000000 0.000000