geotop/1.0zi/1.0Montebello/Templates/testdem/maps/_Eocsilt9138.asc
ncols         21
nrows         20
xllcorner     100.000000
yllcorner     100.000000
cellsize      50.000000
NODATA_value  -9999.0
0.000000 0.000000 0.000000 0.000000 0.000000 0.000000 0.000000 0.000000 0.000000 0.000000 0.000000 0.000000 0.000000 0.000000 0.000000 0.000000 0.000000 0.000000 0.000000 0.000000 0.000000
0.000000 0.000000 0.350194 0.350194 0.350194 0.350195 0.350194 0.350194 0.350194 0.350194 0.350194 0.350194 0.350194 0.350194 0.350194 0.350194 0.350195 0.350195 0.350194 0.000000 0.000000
0.000000 0.000000 0.350005 0.350005 0.350006 0.350005 0.350006 0.350006 0.350006 0.350006 0.350006 0.350006 0.350007 0.350007 0.350006 0.350005 0.350004 0.350004 0.350005 0.000000 0.000000
0.000000 0.000000 0.350123 0.350119 0.350114 0.350109 0.350109 0.350104 0.350107 0.350108 0.350104 0.350107 0.350107 0.350107 0.350110 0.350114 0.350119 0.350119 0.350122 0.000000 0.000000
0.000000 0.000000 0.351266 0.351270 0.351260 0.351244 0.351234 0.351230 0.351231 0.351228 0.351228 0.351230 0.351234 0.351232 0.351246 0.351252 0.351255 0.351259 0.351261 0.000000 0.000000
0.000000 0.000000 0.354513 0.354507 0.354493 0.354474 0.354444 0.354424 0.354421 0.354415 0.354419 0.354420 0.354423 0.354420 0.354435 0.354453 0.354463 0.354467 0.354474 0.000000 0.000000
0.000000 0.000000 0.359129 0.359118 0.359102 0.359071 0.359033 0.358986 0.358990 0.358987 0.358985 0.358984 0.358981 0.358987 0.359024 0.359052 0.359070 0.359082 0.359090 0.000000 0.000000
0.000000 0.000000 0.364587 0.364575 0.364563 0.364529 0.364490 0.364448 0.364450 0.364444 0.364442 0.364439 0.364436 0.364445 0.364480 0.364513 0.364543 0.364544 0.364559 0.000000 0.000000
0.000000 0.000000 0.370533 0.370516 0.370496 0.370471 0.370427 0.370375 0.370380 0.370370 0.370365 0.370363 0.370365 0.370363 0.370415 0.370453 0.370475 0.370482 0.370495 0.000000 0.000000
0.000000 0.000000 0.376963 0.376943 0.376927 0.376901 0.376843 0.376796 0.376797 0.376791 0.376782 0.376786 0.376792 0.376791 0.376831 0.376880 0.376906 0.376912 0.376919 0.000000 0.000000
0.000000 0.000000 0.384100 0.384085 0.384072 0.384009 0.383972 0.383912 0.383927 0.383893 0.383899 0.383894 0.383882 0.383902 0.383946 0.383975 0.384011 0.384023 0.384052 0.000000 0.000000
0.000000 0.000000 0.392247 0.392216 0.392180 0.392149 0.392096 0.392021 0.392022 0.392016 0.392031 0.392001 0.392014 0.392014 0.392090 0.392132 0.392151 0.392159 0.392222 0.000000 0.000000
0.000000 0.000000 0.401264 0.401235 0.401226 0.401159 0.401115 0.400904 0.400903 0.400893 0.400827 0.400864 0.400871 0.400892 0.401053 0.401092 0.401166 0.401167 0.401192 0.000000 0.000000
0.000000 0.000000 0.412210 0.412197 0.412137 0.412095 0.411804 0.411873 0.411815 0.411817 0.411847 0.411816 0.411809 0.411785 0.411722 0.412034 0.412055 0.412124 0.412173 0.000000 0.000000
0.000000 0.000000 0.425114 0.425074 0.425008 0.424627 0.424729 0.424519 0.424451 0.424431 0.424355 0.424317 0.424360 0.424359 0.424556 0.424467 0.424964 0.424853 0.424847 0.000000 0.000000
0.000000 0.000000 0.438338 0.438307 0.437796 0.438015 0.437945 0.437946 0.438161 0.438101 0.438214 0.438188 0.438095 0.438219 0.438178 0.438237 0.437731 0.438483 0.438471 0.000000 0.000000
0.000000 0.000000 0.452321 0.451736 0.451929 0.451669 0.451377 0.451286 0.451091 0.451137 0.450940 0.450962 0.451076 0.450957 0.451115 0.451329 0.451893 0.451450 0.452054 0.000000 0.000000
0.000000 0.000000 0.456638 0.456987 0.457361 0.457327 0.457316 0.456953 0.457001 0.456899 0.457056 0.457021 0.457003 0.457052 0.457356 0.457365 0.457405 0.457084 0.456736 0.000000 0.000000
0.000000 0.000000 0.350000 0.350000 0.350000 0.350000 0.350000 0.350000 0.350000 0.350000 0.350000 0.350000 0.350000 0.350000 0.350000 0.350000 0.350000 0.350000 0.350000 0.000000 0.000000
0.000000 0.000000 0.000000 0.000000 0.000000 0.000000 0.000000 0.000000 0.000000 0.000000 0.000000 0.000000 0.000000 0.000000 0.000000 0.000000 0.000000 0.000000 0.000000 0.000000 0.000000