geotop/1.0zi/1.0Montebello/Templates/testdem/maps/_Eocclay153s.asc
ncols         21
nrows         20
xllcorner     100.000000
yllcorner     100.000000
cellsize      50.000000
NODATA_value  -9999.0
0.000000 0.000000 0.000000 0.000000 0.000000 0.000000 0.000000 0.000000 0.000000 0.000000 0.000000 0.000000 0.000000 0.000000 0.000000 0.000000 0.000000 0.000000 0.000000 0.000000 0.000000
0.000000 0.000000 0.349451 0.349454 0.349453 0.349452 0.349454 0.349455 0.349454 0.349454 0.349453 0.349454 0.349454 0.349454 0.349454 0.349454 0.349452 0.349452 0.349453 0.000000 0.000000
0.000000 0.000000 0.349976 0.349974 0.349974 0.349976 0.349973 0.349973 0.349974 0.349973 0.349973 0.349974 0.349974 0.349973 0.349974 0.349975 0.349975 0.349975 0.349974 0.000000 0.000000
0.000000 0.000000 0.350125 0.350137 0.350131 0.350127 0.350132 0.350132 0.350131 0.350130 0.350130 0.350128 0.350128 0.350130 0.350130 0.350134 0.350133 0.350133 0.350131 0.000000 0.000000
0.000000 0.000000 0.352216 0.352202 0.352194 0.352180 0.352157 0.352151 0.352147 0.352148 0.352144 0.352150 0.352151 0.352150 0.352159 0.352166 0.352178 0.352188 0.352198 0.000000 0.000000
0.000000 0.000000 0.357409 0.357401 0.357373 0.357328 0.357291 0.357255 0.357258 0.357252 0.357246 0.357248 0.357255 0.357251 0.357268 0.357307 0.357325 0.357343 0.357349 0.000000 0.000000
0.000000 0.000000 0.364323 0.364309 0.364286 0.364240 0.364193 0.364118 0.364113 0.364107 0.364099 0.364101 0.364102 0.364101 0.364157 0.364201 0.364225 0.364246 0.364253 0.000000 0.000000
0.000000 0.000000 0.372736 0.372719 0.372693 0.372628 0.372573 0.372502 0.372495 0.372488 0.372477 0.372476 0.372473 0.372483 0.372533 0.372582 0.372623 0.372637 0.372653 0.000000 0.000000
0.000000 0.000000 0.382394 0.382368 0.382328 0.382277 0.382212 0.382125 0.382122 0.382108 0.382094 0.382092 0.382094 0.382089 0.382163 0.382225 0.382258 0.382276 0.382289 0.000000 0.000000
0.000000 0.000000 0.393740 0.393698 0.393660 0.393603 0.393524 0.393431 0.393417 0.393409 0.393386 0.393394 0.393409 0.393403 0.393461 0.393545 0.393589 0.393610 0.393615 0.000000 0.000000
0.000000 0.000000 0.407580 0.407539 0.407502 0.407360 0.407328 0.407189 0.407210 0.407143 0.407149 0.407137 0.407110 0.407149 0.407221 0.407273 0.407340 0.407368 0.407427 0.000000 0.000000
0.000000 0.000000 0.424713 0.424624 0.424518 0.424470 0.424394 0.424211 0.424177 0.424196 0.424203 0.424147 0.424179 0.424156 0.424308 0.424411 0.424437 0.424464 0.424578 0.000000 0.000000
0.000000 0.000000 0.443597 0.443524 0.443514 0.443365 0.443278 0.442781 0.442748 0.442717 0.442511 0.442659 0.442652 0.442700 0.443047 0.443116 0.443306 0.443329 0.443297 0.000000 0.000000
0.000000 0.000000 0.462736 0.462724 0.462577 0.462527 0.462010 0.462324 0.462202 0.462209 0.462328 0.462214 0.462200 0.462126 0.461862 0.462446 0.462417 0.462550 0.462622 0.000000 0.000000
0.000000 0.000000 0.475497 0.475465 0.475406 0.475101 0.475204 0.475024 0.474978 0.474958 0.474888 0.474866 0.474899 0.474899 0.475056 0.474951 0.475342 0.475258 0.475242 0.000000 0.000000
0.000000 0.000000 0.483734 0.483711 0.483530 0.483507 0.483507 0.483455 0.483507 0.483482 0.483497 0.483481 0.483461 0.483498 0.483525 0.483523 0.483475 0.483691 0.483681 0.000000 0.000000
0.000000 0.000000 0.490243 0.490093 0.490095 0.489969 0.489924 0.489855 0.489812 0.489814 0.489758 0.489757 0.489785 0.489763 0.489832 0.489859 0.490056 0.489976 0.490111 0.000000 0.000000
0.000000 0.000000 0.493467 0.493594 0.493615 0.493605 0.493635 0.493514 0.493558 0.493519 0.493576 0.493560 0.493541 0.493575 0.493664 0.493636 0.493602 0.493619 0.493478 0.000000 0.000000
0.000000 0.000000 0.350000 0.350000 0.350000 0.350000 0.350000 0.350000 0.350000 0.350000 0.350000 0.350000 0.350000 0.350000 0.350000 0.350000 0.350000 0.350000 0.350000 0.000000 0.000000
0.000000 0.000000 0.000000 0.000000 0.000000 0.000000 0.000000 0.000000 0.000000 0.000000 0.000000 0.000000 0.000000 0.000000 0.000000 0.000000 0.000000 0.000000 0.000000 0.000000 0.000000