geotop/1.0zi/1.0Montebello/Templates/testdem/maps/_Eocsand8299.asc
ncols         21
nrows         20
xllcorner     100.000000
yllcorner     100.000000
cellsize      50.000000
NODATA_value  -9999.0
0.000000 0.000000 0.000000 0.000000 0.000000 0.000000 0.000000 0.000000 0.000000 0.000000 0.000000 0.000000 0.000000 0.000000 0.000000 0.000000 0.000000 0.000000 0.000000 0.000000 0.000000
0.000000 0.000000 0.300209 0.300206 0.300206 0.300207 0.300206 0.300205 0.300206 0.300206 0.300207 0.300206 0.300206 0.300206 0.300206 0.300206 0.300207 0.300207 0.300207 0.000000 0.000000
0.000000 0.000000 0.300011 0.300012 0.300012 0.300010 0.300011 0.300012 0.300012 0.300012 0.300012 0.300012 0.300011 0.300012 0.300011 0.300011 0.300012 0.300013 0.300013 0.000000 0.000000
0.000000 0.000000 0.299893 0.299893 0.299897 0.299905 0.299900 0.299909 0.299904 0.299906 0.299906 0.299906 0.299906 0.299908 0.299903 0.299898 0.299896 0.299893 0.299894 0.000000 0.000000
0.000000 0.000000 0.297937 0.297933 0.297942 0.297957 0.297980 0.297990 0.297996 0.297994 0.297998 0.297997 0.298000 0.297994 0.297971 0.297965 0.297953 0.297939 0.297929 0.000000 0.000000
0.000000 0.000000 0.292188 0.292189 0.292210 0.292256 0.292290 0.292338 0.292339 0.292352 0.292344 0.292345 0.292341 0.292340 0.292317 0.292282 0.292253 0.292230 0.292218 0.000000 0.000000
0.000000 0.000000 0.284192 0.284199 0.284219 0.284270 0.284334 0.284410 0.284411 0.284421 0.284418 0.284420 0.284422 0.284416 0.284351 0.284292 0.284257 0.284227 0.284212 0.000000 0.000000
0.000000 0.000000 0.274713 0.274717 0.274732 0.274790 0.274853 0.274936 0.274938 0.274946 0.274948 0.274954 0.274958 0.274943 0.274872 0.274816 0.274761 0.274744 0.274719 0.000000 0.000000
0.000000 0.000000 0.264559 0.264575 0.264604 0.264642 0.264709 0.264799 0.264796 0.264815 0.264819 0.264824 0.264821 0.264823 0.264736 0.264665 0.264622 0.264599 0.264579 0.000000 0.000000
0.000000 0.000000 0.253791 0.253810 0.253825 0.253863 0.253961 0.254042 0.254043 0.254053 0.254065 0.254059 0.254047 0.254051 0.253978 0.253896 0.253844 0.253826 0.253810 0.000000 0.000000
0.000000 0.000000 0.242059 0.242071 0.242089 0.242173 0.242241 0.242337 0.242318 0.242370 0.242362 0.242365 0.242384 0.242349 0.242281 0.242229 0.242164 0.242127 0.242084 0.000000 0.000000
0.000000 0.000000 0.228993 0.229027 0.229066 0.229119 0.229197 0.229318 0.229328 0.229341 0.229313 0.229355 0.229343 0.229336 0.229211 0.229146 0.229101 0.229074 0.228966 0.000000 0.000000
0.000000 0.000000 0.214816 0.214849 0.214862 0.214940 0.215009 0.215329 0.215335 0.215353 0.215437 0.215392 0.215374 0.215345 0.215103 0.215037 0.214915 0.214899 0.214848 0.000000 0.000000
0.000000 0.000000 0.198126 0.198134 0.198200 0.198253 0.198657 0.198622 0.198708 0.198706 0.198678 0.198704 0.198716 0.198734 0.198774 0.198354 0.198288 0.198175 0.198099 0.000000 0.000000
0.000000 0.000000 0.178397 0.178432 0.178511 0.179025 0.178975 0.179233 0.179349 0.179377 0.179463 0.179524 0.179468 0.179477 0.179227 0.179246 0.178564 0.178666 0.178656 0.000000 0.000000
0.000000 0.000000 0.156782 0.156812 0.157556 0.157343 0.157401 0.157467 0.157188 0.157274 0.157126 0.157178 0.157301 0.157114 0.157105 0.157060 0.157615 0.156532 0.156549 0.000000 0.000000
0.000000 0.000000 0.130096 0.131256 0.130997 0.131435 0.132016 0.132186 0.132512 0.132435 0.132784 0.132753 0.132553 0.132750 0.132457 0.132026 0.131032 0.131681 0.130472 0.000000 0.000000
0.000000 0.000000 0.120699 0.119612 0.118642 0.118628 0.118570 0.119504 0.119345 0.119620 0.119168 0.119259 0.119330 0.119175 0.118401 0.118442 0.118459 0.119201 0.120265 0.000000 0.000000
0.000000 0.000000 0.300000 0.300000 0.300000 0.300000 0.300000 0.300000 0.300000 0.300000 0.300000 0.300000 0.300000 0.300000 0.300000 0.300000 0.300000 0.300000 0.300000 0.000000 0.000000
0.000000 0.000000 0.000000 0.000000 0.000000 0.000000 0.000000 0.000000 0.000000 0.000000 0.000000 0.000000 0.000000 0.000000 0.000000 0.000000 0.000000 0.000000 0.000000 0.000000 0.000000