geotop/1.0zi/1.0Montebello/Templates/testdem/maps/_Eocsilt4420.asc
ncols         21
nrows         20
xllcorner     100.000000
yllcorner     100.000000
cellsize      50.000000
NODATA_value  -9999.0
0.000000 0.000000 0.000000 0.000000 0.000000 0.000000 0.000000 0.000000 0.000000 0.000000 0.000000 0.000000 0.000000 0.000000 0.000000 0.000000 0.000000 0.000000 0.000000 0.000000 0.000000
0.000000 0.000000 0.350090 0.350090 0.350090 0.350090 0.350089 0.350090 0.350090 0.350090 0.350090 0.350090 0.350090 0.350090 0.350089 0.350090 0.350090 0.350090 0.350089 0.000000 0.000000
0.000000 0.000000 0.350002 0.350002 0.350002 0.350003 0.350003 0.350003 0.350003 0.350003 0.350003 0.350003 0.350003 0.350003 0.350003 0.350002 0.350001 0.350001 0.350002 0.000000 0.000000
0.000000 0.000000 0.350031 0.350031 0.350031 0.350026 0.350027 0.350025 0.350027 0.350027 0.350027 0.350027 0.350027 0.350026 0.350027 0.350030 0.350031 0.350032 0.350031 0.000000 0.000000
0.000000 0.000000 0.350386 0.350389 0.350387 0.350383 0.350380 0.350376 0.350374 0.350372 0.350370 0.350373 0.350374 0.350376 0.350380 0.350380 0.350381 0.350388 0.350392 0.000000 0.000000
0.000000 0.000000 0.351532 0.351534 0.351532 0.351521 0.351515 0.351500 0.351498 0.351492 0.351497 0.351500 0.351503 0.351502 0.351506 0.351513 0.351519 0.351521 0.351525 0.000000 0.000000
0.000000 0.000000 0.353310 0.353311 0.353308 0.353294 0.353279 0.353262 0.353264 0.353261 0.353265 0.353263 0.353261 0.353264 0.353275 0.353290 0.353296 0.353302 0.353308 0.000000 0.000000
0.000000 0.000000 0.355383 0.355380 0.355380 0.355367 0.355354 0.355337 0.355339 0.355336 0.355336 0.355336 0.355334 0.355332 0.355349 0.355364 0.355375 0.355377 0.355382 0.000000 0.000000
0.000000 0.000000 0.357493 0.357490 0.357486 0.357476 0.357463 0.357442 0.357444 0.357439 0.357440 0.357441 0.357438 0.357439 0.357455 0.357473 0.357480 0.357486 0.357493 0.000000 0.000000
0.000000 0.000000 0.359590 0.359587 0.359585 0.359576 0.359560 0.359542 0.359545 0.359542 0.359542 0.359543 0.359539 0.359538 0.359556 0.359573 0.359580 0.359584 0.359590 0.000000 0.000000
0.000000 0.000000 0.361701 0.361698 0.361696 0.361689 0.361678 0.361657 0.361659 0.361654 0.361655 0.361656 0.361652 0.361651 0.361666 0.361679 0.361688 0.361693 0.361699 0.000000 0.000000
0.000000 0.000000 0.363882 0.363879 0.363876 0.363864 0.363852 0.363831 0.363831 0.363828 0.363828 0.363828 0.363826 0.363824 0.363844 0.363860 0.363868 0.363872 0.363895 0.000000 0.000000
0.000000 0.000000 0.366091 0.366088 0.366084 0.366076 0.366061 0.366017 0.366019 0.366014 0.366014 0.366014 0.366010 0.366010 0.366048 0.366066 0.366075 0.366079 0.366093 0.000000 0.000000
0.000000 0.000000 0.368427 0.368420 0.368418 0.368410 0.368366 0.368356 0.368349 0.368346 0.368346 0.368346 0.368342 0.368341 0.368352 0.368397 0.368406 0.368416 0.368424 0.000000 0.000000
0.000000 0.000000 0.370942 0.370937 0.370926 0.370889 0.370869 0.370842 0.370829 0.370824 0.370817 0.370817 0.370817 0.370811 0.370832 0.370862 0.370911 0.370910 0.370917 0.000000 0.000000
0.000000 0.000000 0.373537 0.373532 0.373485 0.373479 0.373467 0.373454 0.373453 0.373452 0.373454 0.373453 0.373445 0.373452 0.373458 0.373471 0.373471 0.373524 0.373537 0.000000 0.000000
0.000000 0.000000 0.376420 0.376357 0.376318 0.376302 0.376271 0.376255 0.376251 0.376249 0.376241 0.376242 0.376241 0.376234 0.376245 0.376283 0.376307 0.376334 0.376397 0.000000 0.000000
0.000000 0.000000 0.378676 0.378663 0.378705 0.378684 0.378657 0.378595 0.378590 0.378583 0.378586 0.378585 0.378579 0.378581 0.378637 0.378669 0.378706 0.378652 0.378677 0.000000 0.000000
0.000000 0.000000 0.350000 0.350000 0.350000 0.350000 0.350000 0.350000 0.350000 0.350000 0.350000 0.350000 0.350000 0.350000 0.350000 0.350000 0.350000 0.350000 0.350000 0.000000 0.000000
0.000000 0.000000 0.000000 0.000000 0.000000 0.000000 0.000000 0.000000 0.000000 0.000000 0.000000 0.000000 0.000000 0.000000 0.000000 0.000000 0.000000 0.000000 0.000000 0.000000 0.000000