geotop/1.0zi/1.0Montebello/Templates/testdem/maps/_Eocsand6596.asc
ncols         21
nrows         20
xllcorner     100.000000
yllcorner     100.000000
cellsize      50.000000
NODATA_value  -9999.0
0.000000 0.000000 0.000000 0.000000 0.000000 0.000000 0.000000 0.000000 0.000000 0.000000 0.000000 0.000000 0.000000 0.000000 0.000000 0.000000 0.000000 0.000000 0.000000 0.000000 0.000000
0.000000 0.000000 0.300161 0.300159 0.300159 0.300160 0.300159 0.300158 0.300159 0.300159 0.300160 0.300159 0.300159 0.300159 0.300159 0.300159 0.300160 0.300160 0.300160 0.000000 0.000000
0.000000 0.000000 0.300009 0.300010 0.300009 0.300008 0.300009 0.300010 0.300009 0.300009 0.300010 0.300010 0.300009 0.300010 0.300009 0.300010 0.300010 0.300010 0.300011 0.000000 0.000000
0.000000 0.000000 0.299963 0.299962 0.299966 0.299971 0.299969 0.299971 0.299967 0.299970 0.299967 0.299970 0.299969 0.299970 0.299968 0.299963 0.299963 0.299960 0.299960 0.000000 0.000000
0.000000 0.000000 0.298784 0.298778 0.298782 0.298792 0.298809 0.298817 0.298818 0.298818 0.298822 0.298820 0.298822 0.298820 0.298807 0.298805 0.298798 0.298789 0.298778 0.000000 0.000000
0.000000 0.000000 0.295143 0.295140 0.295155 0.295193 0.295214 0.295252 0.295252 0.295262 0.295255 0.295255 0.295250 0.295253 0.295242 0.295218 0.295197 0.295179 0.295168 0.000000 0.000000
0.000000 0.000000 0.289635 0.289639 0.289652 0.289693 0.289742 0.289796 0.289796 0.289804 0.289802 0.289803 0.289804 0.289801 0.289760 0.289714 0.289688 0.289665 0.289650 0.000000 0.000000
0.000000 0.000000 0.282973 0.282973 0.282981 0.283026 0.283074 0.283133 0.283133 0.283140 0.283142 0.283147 0.283149 0.283139 0.283093 0.283051 0.283009 0.282998 0.282975 0.000000 0.000000
0.000000 0.000000 0.276016 0.276025 0.276045 0.276073 0.276122 0.276185 0.276182 0.276196 0.276202 0.276205 0.276202 0.276205 0.276147 0.276093 0.276061 0.276047 0.276028 0.000000 0.000000
0.000000 0.000000 0.268899 0.268911 0.268920 0.268944 0.269013 0.269070 0.269067 0.269076 0.269086 0.269082 0.269071 0.269079 0.269031 0.268971 0.268935 0.268925 0.268910 0.000000 0.000000
0.000000 0.000000 0.261454 0.261462 0.261470 0.261523 0.261569 0.261633 0.261619 0.261654 0.261652 0.261654 0.261662 0.261643 0.261605 0.261567 0.261523 0.261501 0.261469 0.000000 0.000000
0.000000 0.000000 0.253517 0.253536 0.253556 0.253595 0.253641 0.253719 0.253719 0.253735 0.253717 0.253743 0.253737 0.253731 0.253660 0.253621 0.253589 0.253574 0.253497 0.000000 0.000000
0.000000 0.000000 0.245244 0.245263 0.245273 0.245317 0.245358 0.245530 0.245532 0.245546 0.245587 0.245571 0.245556 0.245542 0.245416 0.245376 0.245308 0.245301 0.245249 0.000000 0.000000
0.000000 0.000000 0.236082 0.236090 0.236119 0.236153 0.236335 0.236366 0.236406 0.236409 0.236415 0.236419 0.236418 0.236425 0.236417 0.236224 0.236172 0.236121 0.236066 0.000000 0.000000
0.000000 0.000000 0.225789 0.225801 0.225843 0.226048 0.226095 0.226194 0.226262 0.226273 0.226310 0.226339 0.226313 0.226326 0.226242 0.226172 0.225889 0.225913 0.225885 0.000000 0.000000
0.000000 0.000000 0.214715 0.214729 0.215003 0.215025 0.215039 0.215099 0.215030 0.215066 0.215034 0.215069 0.215099 0.215039 0.215009 0.214985 0.215044 0.214686 0.214680 0.000000 0.000000
0.000000 0.000000 0.201629 0.202022 0.202099 0.202219 0.202415 0.202488 0.202540 0.202536 0.202632 0.202640 0.202592 0.202623 0.202529 0.202378 0.202131 0.202123 0.201718 0.000000 0.000000
0.000000 0.000000 0.192966 0.192846 0.192477 0.192556 0.192656 0.193014 0.193013 0.193098 0.193017 0.193048 0.193030 0.193013 0.192693 0.192614 0.192424 0.192784 0.192882 0.000000 0.000000
0.000000 0.000000 0.300000 0.300000 0.300000 0.300000 0.300000 0.300000 0.300000 0.300000 0.300000 0.300000 0.300000 0.300000 0.300000 0.300000 0.300000 0.300000 0.300000 0.000000 0.000000
0.000000 0.000000 0.000000 0.000000 0.000000 0.000000 0.000000 0.000000 0.000000 0.000000 0.000000 0.000000 0.000000 0.000000 0.000000 0.000000 0.000000 0.000000 0.000000 0.000000 0.000000