geotop/1.0zi/1.0Montebello/Templates/testdem/maps/_Eocclay9598.asc
ncols         21
nrows         20
xllcorner     100.000000
yllcorner     100.000000
cellsize      50.000000
NODATA_value  -9999.0
0.000000 0.000000 0.000000 0.000000 0.000000 0.000000 0.000000 0.000000 0.000000 0.000000 0.000000 0.000000 0.000000 0.000000 0.000000 0.000000 0.000000 0.000000 0.000000 0.000000 0.000000
0.000000 0.000000 0.349554 0.349557 0.349556 0.349555 0.349557 0.349557 0.349557 0.349557 0.349556 0.349557 0.349557 0.349556 0.349557 0.349557 0.349555 0.349555 0.349556 0.000000 0.000000
0.000000 0.000000 0.349981 0.349979 0.349979 0.349981 0.349979 0.349979 0.349979 0.349979 0.349979 0.349979 0.349979 0.349979 0.349980 0.349981 0.349981 0.349980 0.349979 0.000000 0.000000
0.000000 0.000000 0.350038 0.350043 0.350041 0.350039 0.350040 0.350039 0.350044 0.350041 0.350044 0.350042 0.350042 0.350041 0.350044 0.350045 0.350043 0.350044 0.350042 0.000000 0.000000
0.000000 0.000000 0.351448 0.351443 0.351436 0.351423 0.351405 0.351402 0.351399 0.351401 0.351399 0.351403 0.351404 0.351405 0.351415 0.351420 0.351431 0.351434 0.351443 0.000000 0.000000
0.000000 0.000000 0.355298 0.355292 0.355270 0.355234 0.355204 0.355173 0.355178 0.355172 0.355172 0.355171 0.355178 0.355176 0.355192 0.355222 0.355237 0.355249 0.355255 0.000000 0.000000
0.000000 0.000000 0.360438 0.360427 0.360413 0.360378 0.360339 0.360282 0.360282 0.360276 0.360272 0.360273 0.360275 0.360275 0.360322 0.360355 0.360374 0.360388 0.360396 0.000000 0.000000
0.000000 0.000000 0.366557 0.366544 0.366528 0.366484 0.366439 0.366388 0.366388 0.366382 0.366377 0.366374 0.366373 0.366382 0.366424 0.366460 0.366492 0.366501 0.366515 0.000000 0.000000
0.000000 0.000000 0.373239 0.373221 0.373198 0.373165 0.373114 0.373055 0.373061 0.373049 0.373041 0.373039 0.373042 0.373039 0.373097 0.373140 0.373165 0.373175 0.373188 0.000000 0.000000
0.000000 0.000000 0.380619 0.380593 0.380575 0.380540 0.380483 0.380421 0.380422 0.380413 0.380401 0.380405 0.380414 0.380411 0.380458 0.380514 0.380544 0.380555 0.380562 0.000000 0.000000
0.000000 0.000000 0.389020 0.388998 0.388980 0.388901 0.388874 0.388790 0.388807 0.388766 0.388770 0.388763 0.388751 0.388774 0.388826 0.388861 0.388902 0.388918 0.388954 0.000000 0.000000
0.000000 0.000000 0.398803 0.398760 0.398711 0.398673 0.398629 0.398524 0.398522 0.398517 0.398529 0.398492 0.398510 0.398505 0.398599 0.398652 0.398674 0.398688 0.398761 0.000000 0.000000
0.000000 0.000000 0.409838 0.409797 0.409785 0.409710 0.409656 0.409380 0.409375 0.409357 0.409261 0.409319 0.409326 0.409350 0.409555 0.409600 0.409701 0.409706 0.409725 0.000000 0.000000
0.000000 0.000000 0.423552 0.423532 0.423444 0.423390 0.423004 0.423133 0.423049 0.423049 0.423097 0.423045 0.423037 0.422998 0.422877 0.423299 0.423317 0.423416 0.423476 0.000000 0.000000
0.000000 0.000000 0.439447 0.439399 0.439318 0.438807 0.439015 0.438701 0.438625 0.438592 0.438477 0.438437 0.438496 0.438499 0.438775 0.438575 0.439242 0.439086 0.439064 0.000000 0.000000
0.000000 0.000000 0.454313 0.454283 0.453685 0.454006 0.453898 0.453926 0.454191 0.454121 0.454263 0.454238 0.454125 0.454269 0.454181 0.454279 0.453592 0.454511 0.454498 0.000000 0.000000
0.000000 0.000000 0.468072 0.467533 0.467728 0.467480 0.467204 0.467115 0.466929 0.466972 0.466784 0.466807 0.466917 0.466802 0.466951 0.467154 0.467687 0.467259 0.467821 0.000000 0.000000
0.000000 0.000000 0.472670 0.472906 0.473246 0.473188 0.473149 0.472832 0.472853 0.472772 0.472882 0.472857 0.472854 0.472883 0.473153 0.473183 0.473274 0.472954 0.472721 0.000000 0.000000
0.000000 0.000000 0.350000 0.350000 0.350000 0.350000 0.350000 0.350000 0.350000 0.350000 0.350000 0.350000 0.350000 0.350000 0.350000 0.350000 0.350000 0.350000 0.350000 0.000000 0.000000
0.000000 0.000000 0.000000 0.000000 0.000000 0.000000 0.000000 0.000000 0.000000 0.000000 0.000000 0.000000 0.000000 0.000000 0.000000 0.000000 0.000000 0.000000 0.000000 0.000000 0.000000