geotop/1.0zi/1.0Montebello/Templates/testdem/maps/_Eocsand4903.asc
ncols         21
nrows         20
xllcorner     100.000000
yllcorner     100.000000
cellsize      50.000000
NODATA_value  -9999.0
0.000000 0.000000 0.000000 0.000000 0.000000 0.000000 0.000000 0.000000 0.000000 0.000000 0.000000 0.000000 0.000000 0.000000 0.000000 0.000000 0.000000 0.000000 0.000000 0.000000 0.000000
0.000000 0.000000 0.300120 0.300120 0.300119 0.300119 0.300119 0.300119 0.300120 0.300119 0.300119 0.300119 0.300119 0.300119 0.300119 0.300119 0.300120 0.300120 0.300120 0.000000 0.000000
0.000000 0.000000 0.300006 0.300005 0.300005 0.300005 0.300005 0.300005 0.300005 0.300005 0.300005 0.300005 0.300005 0.300004 0.300005 0.300005 0.300007 0.300007 0.300006 0.000000 0.000000
0.000000 0.000000 0.299976 0.299975 0.299977 0.299981 0.299978 0.299981 0.299979 0.299979 0.299979 0.299980 0.299980 0.299982 0.299978 0.299974 0.299976 0.299973 0.299975 0.000000 0.000000
0.000000 0.000000 0.299212 0.299210 0.299211 0.299221 0.299231 0.299237 0.299238 0.299240 0.299243 0.299239 0.299242 0.299240 0.299231 0.299231 0.299226 0.299217 0.299211 0.000000 0.000000
0.000000 0.000000 0.296620 0.296615 0.296625 0.296652 0.296663 0.296692 0.296696 0.296704 0.296696 0.296695 0.296687 0.296687 0.296680 0.296665 0.296653 0.296643 0.296634 0.000000 0.000000
0.000000 0.000000 0.292710 0.292713 0.292724 0.292753 0.292787 0.292826 0.292825 0.292831 0.292826 0.292828 0.292828 0.292822 0.292794 0.292761 0.292746 0.292732 0.292719 0.000000 0.000000
0.000000 0.000000 0.288099 0.288104 0.288108 0.288139 0.288175 0.288215 0.288213 0.288219 0.288218 0.288219 0.288221 0.288218 0.288181 0.288145 0.288127 0.288118 0.288105 0.000000 0.000000
0.000000 0.000000 0.283384 0.283392 0.283404 0.283427 0.283461 0.283506 0.283503 0.283511 0.283511 0.283510 0.283512 0.283508 0.283472 0.283432 0.283417 0.283407 0.283390 0.000000 0.000000
0.000000 0.000000 0.278663 0.278672 0.278680 0.278704 0.278744 0.278785 0.278779 0.278785 0.278786 0.278785 0.278789 0.278789 0.278748 0.278709 0.278694 0.278684 0.278671 0.000000 0.000000
0.000000 0.000000 0.273854 0.273864 0.273871 0.273891 0.273922 0.273972 0.273967 0.273977 0.273977 0.273975 0.273979 0.273978 0.273942 0.273912 0.273892 0.273881 0.273866 0.000000 0.000000
0.000000 0.000000 0.268861 0.268869 0.268882 0.268911 0.268943 0.268991 0.268992 0.268997 0.268998 0.269000 0.269001 0.269001 0.268955 0.268919 0.268901 0.268892 0.268842 0.000000 0.000000
0.000000 0.000000 0.263778 0.263787 0.263800 0.263822 0.263861 0.263964 0.263962 0.263970 0.263972 0.263971 0.263976 0.263972 0.263883 0.263841 0.263822 0.263812 0.263782 0.000000 0.000000
0.000000 0.000000 0.258358 0.258377 0.258385 0.258409 0.258518 0.258544 0.258560 0.258566 0.258565 0.258566 0.258571 0.258569 0.258540 0.258435 0.258415 0.258392 0.258374 0.000000 0.000000
0.000000 0.000000 0.252483 0.252497 0.252526 0.252623 0.252673 0.252739 0.252770 0.252780 0.252795 0.252797 0.252791 0.252800 0.252749 0.252678 0.252561 0.252565 0.252549 0.000000 0.000000
0.000000 0.000000 0.246380 0.246395 0.246514 0.246532 0.246566 0.246598 0.246599 0.246600 0.246594 0.246597 0.246612 0.246587 0.246570 0.246543 0.246547 0.246414 0.246385 0.000000 0.000000
0.000000 0.000000 0.239532 0.239693 0.239785 0.239832 0.239918 0.239962 0.239971 0.239976 0.239995 0.239995 0.239991 0.240003 0.239968 0.239874 0.239812 0.239755 0.239596 0.000000 0.000000
0.000000 0.000000 0.234284 0.234309 0.234202 0.234261 0.234330 0.234487 0.234501 0.234514 0.234507 0.234510 0.234518 0.234504 0.234360 0.234286 0.234201 0.234337 0.234285 0.000000 0.000000
0.000000 0.000000 0.300000 0.300000 0.300000 0.300000 0.300000 0.300000 0.300000 0.300000 0.300000 0.300000 0.300000 0.300000 0.300000 0.300000 0.300000 0.300000 0.300000 0.000000 0.000000
0.000000 0.000000 0.000000 0.000000 0.000000 0.000000 0.000000 0.000000 0.000000 0.000000 0.000000 0.000000 0.000000 0.000000 0.000000 0.000000 0.000000 0.000000 0.000000 0.000000 0.000000