geotop/1.0zi/1.0Montebello/Templates/testdem/maps/_Eocsilt4780.asc
ncols         21
nrows         20
xllcorner     100.000000
yllcorner     100.000000
cellsize      50.000000
NODATA_value  -9999.0
0.000000 0.000000 0.000000 0.000000 0.000000 0.000000 0.000000 0.000000 0.000000 0.000000 0.000000 0.000000 0.000000 0.000000 0.000000 0.000000 0.000000 0.000000 0.000000 0.000000 0.000000
0.000000 0.000000 0.350097 0.350097 0.350097 0.350097 0.350097 0.350097 0.350097 0.350097 0.350097 0.350097 0.350097 0.350097 0.350097 0.350097 0.350097 0.350097 0.350097 0.000000 0.000000
0.000000 0.000000 0.350002 0.350002 0.350003 0.350003 0.350003 0.350003 0.350004 0.350003 0.350004 0.350003 0.350004 0.350003 0.350003 0.350003 0.350002 0.350002 0.350002 0.000000 0.000000
0.000000 0.000000 0.350034 0.350033 0.350033 0.350029 0.350030 0.350028 0.350029 0.350030 0.350029 0.350029 0.350029 0.350028 0.350030 0.350033 0.350033 0.350035 0.350034 0.000000 0.000000
0.000000 0.000000 0.350391 0.350394 0.350393 0.350388 0.350385 0.350382 0.350380 0.350378 0.350377 0.350379 0.350379 0.350380 0.350385 0.350386 0.350387 0.350394 0.350398 0.000000 0.000000
0.000000 0.000000 0.351568 0.351571 0.351566 0.351555 0.351548 0.351533 0.351531 0.351525 0.351530 0.351533 0.351537 0.351536 0.351541 0.351546 0.351553 0.351555 0.351559 0.000000 0.000000
0.000000 0.000000 0.353417 0.353416 0.353410 0.353395 0.353378 0.353360 0.353361 0.353358 0.353362 0.353360 0.353358 0.353364 0.353376 0.353391 0.353397 0.353404 0.353410 0.000000 0.000000
0.000000 0.000000 0.355608 0.355605 0.355604 0.355590 0.355572 0.355554 0.355555 0.355551 0.355552 0.355552 0.355551 0.355552 0.355569 0.355588 0.355598 0.355601 0.355606 0.000000 0.000000
0.000000 0.000000 0.357887 0.357882 0.357876 0.357864 0.357847 0.357824 0.357825 0.357821 0.357821 0.357823 0.357822 0.357823 0.357842 0.357862 0.357870 0.357875 0.357884 0.000000 0.000000
0.000000 0.000000 0.360146 0.360142 0.360138 0.360126 0.360107 0.360087 0.360090 0.360086 0.360087 0.360087 0.360085 0.360086 0.360106 0.360124 0.360132 0.360136 0.360143 0.000000 0.000000
0.000000 0.000000 0.362429 0.362424 0.362421 0.362410 0.362395 0.362372 0.362374 0.362368 0.362369 0.362371 0.362368 0.362369 0.362386 0.362402 0.362411 0.362416 0.362424 0.000000 0.000000
0.000000 0.000000 0.364795 0.364791 0.364785 0.364771 0.364756 0.364732 0.364732 0.364728 0.364729 0.364729 0.364728 0.364728 0.364751 0.364768 0.364777 0.364781 0.364805 0.000000 0.000000
0.000000 0.000000 0.367197 0.367192 0.367187 0.367176 0.367157 0.367108 0.367108 0.367104 0.367104 0.367105 0.367102 0.367104 0.367146 0.367167 0.367176 0.367181 0.367195 0.000000 0.000000
0.000000 0.000000 0.369749 0.369740 0.369737 0.369725 0.369674 0.369661 0.369653 0.369649 0.369650 0.369651 0.369648 0.369649 0.369664 0.369713 0.369723 0.369733 0.369742 0.000000 0.000000
0.000000 0.000000 0.372508 0.372501 0.372487 0.372442 0.372418 0.372386 0.372372 0.372367 0.372360 0.372359 0.372362 0.372358 0.372382 0.372416 0.372471 0.372469 0.372477 0.000000 0.000000
0.000000 0.000000 0.375370 0.375362 0.375307 0.375298 0.375281 0.375266 0.375264 0.375262 0.375266 0.375266 0.375258 0.375270 0.375278 0.375292 0.375292 0.375352 0.375366 0.000000 0.000000
0.000000 0.000000 0.378564 0.378491 0.378447 0.378425 0.378385 0.378365 0.378360 0.378357 0.378349 0.378350 0.378352 0.378347 0.378363 0.378406 0.378435 0.378462 0.378535 0.000000 0.000000
0.000000 0.000000 0.381036 0.381022 0.381069 0.381041 0.381008 0.380936 0.380930 0.380922 0.380926 0.380926 0.380922 0.380929 0.380994 0.381030 0.381070 0.381008 0.381034 0.000000 0.000000
0.000000 0.000000 0.350000 0.350000 0.350000 0.350000 0.350000 0.350000 0.350000 0.350000 0.350000 0.350000 0.350000 0.350000 0.350000 0.350000 0.350000 0.350000 0.350000 0.000000 0.000000
0.000000 0.000000 0.000000 0.000000 0.000000 0.000000 0.000000 0.000000 0.000000 0.000000 0.000000 0.000000 0.000000 0.000000 0.000000 0.000000 0.000000 0.000000 0.000000 0.000000 0.000000