geotop/1.0zi/1.0Montebello/Templates/testdem/maps/_Eocsand5874.asc
ncols         21
nrows         20
xllcorner     100.000000
yllcorner     100.000000
cellsize      50.000000
NODATA_value  -9999.0
0.000000 0.000000 0.000000 0.000000 0.000000 0.000000 0.000000 0.000000 0.000000 0.000000 0.000000 0.000000 0.000000 0.000000 0.000000 0.000000 0.000000 0.000000 0.000000 0.000000 0.000000
0.000000 0.000000 0.300146 0.300145 0.300145 0.300145 0.300145 0.300144 0.300145 0.300145 0.300145 0.300145 0.300145 0.300145 0.300145 0.300145 0.300145 0.300145 0.300146 0.000000 0.000000
0.000000 0.000000 0.300009 0.300008 0.300008 0.300008 0.300008 0.300008 0.300008 0.300008 0.300008 0.300008 0.300007 0.300007 0.300008 0.300008 0.300009 0.300010 0.300009 0.000000 0.000000
0.000000 0.000000 0.299968 0.299967 0.299970 0.299974 0.299971 0.299973 0.299971 0.299973 0.299971 0.299974 0.299973 0.299974 0.299970 0.299965 0.299966 0.299963 0.299965 0.000000 0.000000
0.000000 0.000000 0.298983 0.298980 0.298982 0.298991 0.299005 0.299013 0.299013 0.299013 0.299017 0.299015 0.299018 0.299016 0.299006 0.299004 0.299000 0.298989 0.298981 0.000000 0.000000
0.000000 0.000000 0.295805 0.295801 0.295813 0.295847 0.295865 0.295899 0.295900 0.295909 0.295902 0.295899 0.295895 0.295899 0.295887 0.295867 0.295851 0.295836 0.295826 0.000000 0.000000
0.000000 0.000000 0.291052 0.291057 0.291066 0.291102 0.291144 0.291195 0.291194 0.291201 0.291197 0.291194 0.291197 0.291195 0.291158 0.291117 0.291099 0.291080 0.291067 0.000000 0.000000
0.000000 0.000000 0.285268 0.285268 0.285272 0.285311 0.285353 0.285407 0.285406 0.285412 0.285412 0.285413 0.285416 0.285409 0.285367 0.285328 0.285297 0.285289 0.285270 0.000000 0.000000
0.000000 0.000000 0.279287 0.279296 0.279311 0.279334 0.279376 0.279434 0.279431 0.279442 0.279446 0.279444 0.279444 0.279448 0.279394 0.279352 0.279324 0.279315 0.279298 0.000000 0.000000
0.000000 0.000000 0.273247 0.273258 0.273265 0.273281 0.273340 0.273392 0.273388 0.273395 0.273403 0.273395 0.273388 0.273394 0.273352 0.273303 0.273275 0.273270 0.273258 0.000000 0.000000
0.000000 0.000000 0.267000 0.267006 0.267009 0.267053 0.267092 0.267151 0.267138 0.267166 0.267165 0.267162 0.267170 0.267155 0.267120 0.267088 0.267057 0.267039 0.267013 0.000000 0.000000
0.000000 0.000000 0.260426 0.260441 0.260459 0.260489 0.260525 0.260594 0.260592 0.260608 0.260590 0.260607 0.260604 0.260599 0.260537 0.260507 0.260485 0.260475 0.260410 0.000000 0.000000
0.000000 0.000000 0.253659 0.253672 0.253679 0.253714 0.253747 0.253889 0.253889 0.253901 0.253931 0.253914 0.253904 0.253893 0.253789 0.253761 0.253710 0.253705 0.253659 0.000000 0.000000
0.000000 0.000000 0.246288 0.246297 0.246317 0.246340 0.246479 0.246513 0.246545 0.246547 0.246556 0.246552 0.246551 0.246556 0.246540 0.246400 0.246357 0.246322 0.246275 0.000000 0.000000
0.000000 0.000000 0.238146 0.238157 0.238189 0.238335 0.238379 0.238461 0.238515 0.238524 0.238551 0.238566 0.238549 0.238562 0.238498 0.238432 0.238226 0.238243 0.238215 0.000000 0.000000
0.000000 0.000000 0.229509 0.229519 0.229712 0.229743 0.229754 0.229806 0.229766 0.229789 0.229772 0.229792 0.229815 0.229777 0.229745 0.229725 0.229746 0.229499 0.229494 0.000000 0.000000
0.000000 0.000000 0.219570 0.219833 0.219919 0.219997 0.220123 0.220185 0.220209 0.220212 0.220269 0.220276 0.220251 0.220263 0.220191 0.220094 0.219943 0.219895 0.219628 0.000000 0.000000
0.000000 0.000000 0.212417 0.212393 0.212158 0.212221 0.212316 0.212561 0.212565 0.212621 0.212581 0.212595 0.212580 0.212574 0.212350 0.212280 0.212124 0.212367 0.212375 0.000000 0.000000
0.000000 0.000000 0.300000 0.300000 0.300000 0.300000 0.300000 0.300000 0.300000 0.300000 0.300000 0.300000 0.300000 0.300000 0.300000 0.300000 0.300000 0.300000 0.300000 0.000000 0.000000
0.000000 0.000000 0.000000 0.000000 0.000000 0.000000 0.000000 0.000000 0.000000 0.000000 0.000000 0.000000 0.000000 0.000000 0.000000 0.000000 0.000000 0.000000 0.000000 0.000000 0.000000