geotop/1.0zi/1.0Montebello/Templates/testdem/maps/_Eocsilt0642.asc
ncols         21
nrows         20
xllcorner     100.000000
yllcorner     100.000000
cellsize      50.000000
NODATA_value  -9999.0
0.000000 0.000000 0.000000 0.000000 0.000000 0.000000 0.000000 0.000000 0.000000 0.000000 0.000000 0.000000 0.000000 0.000000 0.000000 0.000000 0.000000 0.000000 0.000000 0.000000 0.000000
0.000000 0.000000 0.350013 0.350013 0.350013 0.350013 0.350013 0.350013 0.350013 0.350013 0.350013 0.350013 0.350013 0.350013 0.350013 0.350013 0.350013 0.350013 0.350013 0.000000 0.000000
0.000000 0.000000 0.349998 0.349997 0.349997 0.349997 0.349998 0.349998 0.349998 0.349998 0.349998 0.349998 0.349998 0.349998 0.349998 0.349997 0.349997 0.349997 0.349998 0.000000 0.000000
0.000000 0.000000 0.350287 0.350287 0.350284 0.350287 0.350287 0.350287 0.350287 0.350287 0.350287 0.350287 0.350287 0.350287 0.350287 0.350287 0.350284 0.350287 0.350287 0.000000 0.000000
0.000000 0.000000 0.351230 0.351230 0.351228 0.351230 0.351230 0.351231 0.351231 0.351231 0.351230 0.351231 0.351231 0.351231 0.351230 0.351230 0.351228 0.351230 0.351230 0.000000 0.000000
0.000000 0.000000 0.352323 0.352323 0.352321 0.352323 0.352323 0.352323 0.352323 0.352323 0.352323 0.352323 0.352323 0.352323 0.352323 0.352323 0.352321 0.352323 0.352323 0.000000 0.000000
0.000000 0.000000 0.353327 0.353327 0.353325 0.353327 0.353327 0.353327 0.353327 0.353327 0.353327 0.353327 0.353327 0.353327 0.353327 0.353327 0.353325 0.353327 0.353327 0.000000 0.000000
0.000000 0.000000 0.354260 0.354260 0.354259 0.354260 0.354260 0.354260 0.354260 0.354260 0.354260 0.354260 0.354260 0.354260 0.354260 0.354260 0.354259 0.354260 0.354260 0.000000 0.000000
0.000000 0.000000 0.355142 0.355142 0.355141 0.355142 0.355142 0.355142 0.355142 0.355142 0.355142 0.355142 0.355142 0.355142 0.355142 0.355142 0.355141 0.355142 0.355142 0.000000 0.000000
0.000000 0.000000 0.355993 0.355993 0.355991 0.355992 0.355993 0.355993 0.355993 0.355993 0.355993 0.355993 0.355993 0.355993 0.355993 0.355992 0.355991 0.355993 0.355993 0.000000 0.000000
0.000000 0.000000 0.356820 0.356820 0.356819 0.356820 0.356820 0.356820 0.356820 0.356820 0.356820 0.356820 0.356820 0.356820 0.356820 0.356820 0.356819 0.356820 0.356820 0.000000 0.000000
0.000000 0.000000 0.357632 0.357632 0.357630 0.357632 0.357632 0.357632 0.357632 0.357632 0.357632 0.357632 0.357632 0.357632 0.357632 0.357632 0.357630 0.357632 0.357632 0.000000 0.000000
0.000000 0.000000 0.358430 0.358430 0.358428 0.358430 0.358430 0.358430 0.358430 0.358430 0.358430 0.358430 0.358430 0.358430 0.358430 0.358430 0.358428 0.358430 0.358430 0.000000 0.000000
0.000000 0.000000 0.359217 0.359217 0.359216 0.359217 0.359217 0.359217 0.359217 0.359217 0.359217 0.359217 0.359217 0.359217 0.359217 0.359217 0.359216 0.359217 0.359217 0.000000 0.000000
0.000000 0.000000 0.359997 0.359997 0.359996 0.359997 0.359997 0.359997 0.359997 0.359997 0.359997 0.359997 0.359997 0.359997 0.359997 0.359997 0.359996 0.359997 0.359997 0.000000 0.000000
0.000000 0.000000 0.360773 0.360773 0.360772 0.360773 0.360773 0.360774 0.360774 0.360773 0.360773 0.360773 0.360774 0.360774 0.360773 0.360773 0.360772 0.360773 0.360773 0.000000 0.000000
0.000000 0.000000 0.361542 0.361542 0.361541 0.361542 0.361542 0.361543 0.361543 0.361543 0.361542 0.361543 0.361543 0.361543 0.361542 0.361542 0.361541 0.361542 0.361542 0.000000 0.000000
0.000000 0.000000 0.362317 0.362317 0.362316 0.362317 0.362317 0.362317 0.362317 0.362317 0.362317 0.362317 0.362317 0.362317 0.362317 0.362317 0.362316 0.362317 0.362317 0.000000 0.000000
0.000000 0.000000 0.350000 0.350000 0.350000 0.350000 0.350000 0.350000 0.350000 0.350000 0.350000 0.350000 0.350000 0.350000 0.350000 0.350000 0.350000 0.350000 0.350000 0.000000 0.000000
0.000000 0.000000 0.000000 0.000000 0.000000 0.000000 0.000000 0.000000 0.000000 0.000000 0.000000 0.000000 0.000000 0.000000 0.000000 0.000000 0.000000 0.000000 0.000000 0.000000 0.000000