geotop/1.0zi/1.0Montebello/Templates/testdem/maps/_Eocsilt6327.asc
ncols         21
nrows         20
xllcorner     100.000000
yllcorner     100.000000
cellsize      50.000000
NODATA_value  -9999.0
0.000000 0.000000 0.000000 0.000000 0.000000 0.000000 0.000000 0.000000 0.000000 0.000000 0.000000 0.000000 0.000000 0.000000 0.000000 0.000000 0.000000 0.000000 0.000000 0.000000 0.000000
0.000000 0.000000 0.350127 0.350127 0.350127 0.350128 0.350127 0.350127 0.350127 0.350127 0.350128 0.350127 0.350127 0.350127 0.350127 0.350127 0.350128 0.350128 0.350127 0.000000 0.000000
0.000000 0.000000 0.350002 0.350002 0.350002 0.350002 0.350003 0.350002 0.350003 0.350003 0.350003 0.350003 0.350003 0.350003 0.350003 0.350002 0.350001 0.350001 0.350002 0.000000 0.000000
0.000000 0.000000 0.350054 0.350051 0.350050 0.350044 0.350045 0.350043 0.350045 0.350046 0.350044 0.350044 0.350044 0.350044 0.350047 0.350050 0.350052 0.350053 0.350053 0.000000 0.000000
0.000000 0.000000 0.350619 0.350625 0.350622 0.350617 0.350612 0.350607 0.350606 0.350603 0.350602 0.350603 0.350605 0.350606 0.350612 0.350615 0.350616 0.350625 0.350628 0.000000 0.000000
0.000000 0.000000 0.352332 0.352336 0.352328 0.352313 0.352301 0.352283 0.352282 0.352277 0.352282 0.352284 0.352285 0.352282 0.352289 0.352297 0.352307 0.352311 0.352316 0.000000 0.000000
0.000000 0.000000 0.354907 0.354905 0.354897 0.354877 0.354853 0.354828 0.354829 0.354826 0.354828 0.354828 0.354824 0.354828 0.354849 0.354869 0.354880 0.354891 0.354899 0.000000 0.000000
0.000000 0.000000 0.358049 0.358050 0.358047 0.358027 0.358004 0.357975 0.357976 0.357973 0.357972 0.357971 0.357970 0.357973 0.357997 0.358019 0.358037 0.358040 0.358051 0.000000 0.000000
0.000000 0.000000 0.361359 0.361354 0.361343 0.361330 0.361307 0.361275 0.361277 0.361270 0.361268 0.361269 0.361269 0.361268 0.361298 0.361321 0.361338 0.361344 0.361354 0.000000 0.000000
0.000000 0.000000 0.364716 0.364711 0.364706 0.364696 0.364664 0.364635 0.364637 0.364633 0.364629 0.364632 0.364636 0.364633 0.364658 0.364685 0.364702 0.364705 0.364712 0.000000 0.000000
0.000000 0.000000 0.368193 0.368190 0.368186 0.368162 0.368140 0.368109 0.368116 0.368100 0.368101 0.368102 0.368098 0.368107 0.368127 0.368144 0.368163 0.368173 0.368187 0.000000 0.000000
0.000000 0.000000 0.371884 0.371878 0.371866 0.371849 0.371828 0.371790 0.371790 0.371783 0.371791 0.371782 0.371784 0.371787 0.371823 0.371840 0.371853 0.371859 0.371896 0.000000 0.000000
0.000000 0.000000 0.375710 0.375702 0.375697 0.375677 0.375658 0.375578 0.375577 0.375571 0.375553 0.375562 0.375568 0.375575 0.375635 0.375651 0.375682 0.375684 0.375709 0.000000 0.000000
0.000000 0.000000 0.379916 0.379911 0.379898 0.379883 0.379802 0.379785 0.379767 0.379766 0.379762 0.379764 0.379762 0.379760 0.379769 0.379852 0.379877 0.379898 0.379924 0.000000 0.000000
0.000000 0.000000 0.384606 0.384602 0.384582 0.384493 0.384470 0.384422 0.384392 0.384387 0.384371 0.384359 0.384371 0.384366 0.384405 0.384438 0.384563 0.384552 0.384567 0.000000 0.000000
0.000000 0.000000 0.389628 0.389622 0.389501 0.389489 0.389483 0.389455 0.389482 0.389467 0.389480 0.389468 0.389452 0.389480 0.389498 0.389507 0.389485 0.389640 0.389643 0.000000 0.000000
0.000000 0.000000 0.395497 0.395329 0.395288 0.395238 0.395156 0.395121 0.395102 0.395103 0.395062 0.395061 0.395079 0.395068 0.395112 0.395175 0.395276 0.395288 0.395463 0.000000 0.000000
0.000000 0.000000 0.399505 0.399545 0.399701 0.399666 0.399618 0.399463 0.399462 0.399426 0.399458 0.399448 0.399455 0.399462 0.399605 0.399639 0.399727 0.399570 0.399540 0.000000 0.000000
0.000000 0.000000 0.350000 0.350000 0.350000 0.350000 0.350000 0.350000 0.350000 0.350000 0.350000 0.350000 0.350000 0.350000 0.350000 0.350000 0.350000 0.350000 0.350000 0.000000 0.000000
0.000000 0.000000 0.000000 0.000000 0.000000 0.000000 0.000000 0.000000 0.000000 0.000000 0.000000 0.000000 0.000000 0.000000 0.000000 0.000000 0.000000 0.000000 0.000000 0.000000 0.000000