geotop/1.0zi/1.0Montebello/Templates/testdem/maps/_Eocsand9839.asc
ncols         21
nrows         20
xllcorner     100.000000
yllcorner     100.000000
cellsize      50.000000
NODATA_value  -9999.0
0.000000 0.000000 0.000000 0.000000 0.000000 0.000000 0.000000 0.000000 0.000000 0.000000 0.000000 0.000000 0.000000 0.000000 0.000000 0.000000 0.000000 0.000000 0.000000 0.000000 0.000000
0.000000 0.000000 0.300241 0.300239 0.300239 0.300240 0.300239 0.300238 0.300239 0.300239 0.300240 0.300239 0.300239 0.300239 0.300239 0.300239 0.300240 0.300239 0.300239 0.000000 0.000000
0.000000 0.000000 0.300011 0.300013 0.300013 0.300011 0.300012 0.300013 0.300012 0.300012 0.300012 0.300012 0.300012 0.300012 0.300012 0.300012 0.300013 0.300013 0.300014 0.000000 0.000000
0.000000 0.000000 0.299810 0.299808 0.299817 0.299825 0.299824 0.299830 0.299822 0.299824 0.299824 0.299823 0.299821 0.299823 0.299818 0.299811 0.299808 0.299805 0.299807 0.000000 0.000000
0.000000 0.000000 0.297021 0.297021 0.297037 0.297070 0.297097 0.297107 0.297107 0.297108 0.297111 0.297104 0.297098 0.297099 0.297075 0.297061 0.297047 0.297037 0.297024 0.000000 0.000000
0.000000 0.000000 0.289397 0.289409 0.289446 0.289509 0.289572 0.289630 0.289627 0.289639 0.289639 0.289638 0.289626 0.289632 0.289597 0.289542 0.289514 0.289494 0.289481 0.000000 0.000000
0.000000 0.000000 0.278937 0.278960 0.278990 0.279064 0.279146 0.279258 0.279255 0.279266 0.279274 0.279274 0.279275 0.279271 0.279178 0.279111 0.279070 0.279041 0.279026 0.000000 0.000000
0.000000 0.000000 0.266504 0.266531 0.266562 0.266651 0.266741 0.266843 0.266841 0.266855 0.266866 0.266872 0.266875 0.266858 0.266772 0.266697 0.266630 0.266616 0.266587 0.000000 0.000000
0.000000 0.000000 0.252832 0.252870 0.252919 0.252988 0.253091 0.253213 0.253201 0.253226 0.253242 0.253246 0.253240 0.253246 0.253125 0.253035 0.252983 0.252962 0.252937 0.000000 0.000000
0.000000 0.000000 0.237713 0.237766 0.237805 0.237879 0.237993 0.238119 0.238117 0.238135 0.238162 0.238151 0.238135 0.238142 0.238044 0.237927 0.237866 0.237843 0.237831 0.000000 0.000000
0.000000 0.000000 0.220485 0.220529 0.220567 0.220732 0.220786 0.220957 0.220921 0.221005 0.220999 0.221012 0.221039 0.220993 0.220883 0.220810 0.220724 0.220693 0.220619 0.000000 0.000000
0.000000 0.000000 0.200341 0.200431 0.200533 0.200612 0.200702 0.200917 0.200921 0.200932 0.200908 0.200982 0.200946 0.200959 0.200762 0.200648 0.200602 0.200575 0.200426 0.000000 0.000000
0.000000 0.000000 0.177601 0.177686 0.177710 0.177869 0.177979 0.178549 0.178559 0.178596 0.178798 0.178675 0.178663 0.178615 0.178187 0.178090 0.177881 0.177871 0.177835 0.000000 0.000000
0.000000 0.000000 0.149438 0.149479 0.149661 0.149774 0.150569 0.150288 0.150459 0.150460 0.150355 0.150465 0.150484 0.150569 0.150824 0.149946 0.149915 0.149712 0.149590 0.000000 0.000000
0.000000 0.000000 0.117603 0.117698 0.117856 0.118875 0.118440 0.119080 0.119220 0.119289 0.119521 0.119597 0.119480 0.119475 0.118907 0.119325 0.117995 0.118310 0.118360 0.000000 0.000000
0.000000 0.000000 0.089538 0.089592 0.090670 0.090102 0.090301 0.090252 0.089777 0.089905 0.089650 0.089692 0.089898 0.089644 0.089794 0.089608 0.090833 0.089184 0.089208 0.000000 0.000000
0.000000 0.000000 0.065912 0.066691 0.066502 0.066822 0.067233 0.067364 0.067597 0.067544 0.067799 0.067769 0.067625 0.067773 0.067560 0.067250 0.066570 0.067052 0.066242 0.000000 0.000000
0.000000 0.000000 0.055792 0.055747 0.055297 0.055462 0.055623 0.056030 0.056070 0.056151 0.056091 0.056113 0.056076 0.056085 0.055709 0.055585 0.055281 0.055792 0.055829 0.000000 0.000000
0.000000 0.000000 0.300000 0.300000 0.300000 0.300000 0.300000 0.300000 0.300000 0.300000 0.300000 0.300000 0.300000 0.300000 0.300000 0.300000 0.300000 0.300000 0.300000 0.000000 0.000000
0.000000 0.000000 0.000000 0.000000 0.000000 0.000000 0.000000 0.000000 0.000000 0.000000 0.000000 0.000000 0.000000 0.000000 0.000000 0.000000 0.000000 0.000000 0.000000 0.000000 0.000000