geotop/1.0zi/1.0Montebello/Templates/testdem/maps/_Eocsand011`.asc
ncols         21
nrows         20
xllcorner     100.000000
yllcorner     100.000000
cellsize      50.000000
NODATA_value  -9999.0
0.000000 0.000000 0.000000 0.000000 0.000000 0.000000 0.000000 0.000000 0.000000 0.000000 0.000000 0.000000 0.000000 0.000000 0.000000 0.000000 0.000000 0.000000 0.000000 0.000000 0.000000
0.000000 0.000000 0.300248 0.300246 0.300246 0.300247 0.300246 0.300245 0.300246 0.300246 0.300247 0.300246 0.300246 0.300246 0.300246 0.300246 0.300247 0.300246 0.300246 0.000000 0.000000
0.000000 0.000000 0.300011 0.300013 0.300013 0.300011 0.300012 0.300013 0.300012 0.300012 0.300012 0.300012 0.300012 0.300012 0.300012 0.300012 0.300013 0.300013 0.300014 0.000000 0.000000
0.000000 0.000000 0.299806 0.299803 0.299814 0.299822 0.299822 0.299827 0.299820 0.299821 0.299821 0.299819 0.299818 0.299820 0.299814 0.299808 0.299804 0.299802 0.299803 0.000000 0.000000
0.000000 0.000000 0.296888 0.296886 0.296905 0.296942 0.296970 0.296981 0.296981 0.296981 0.296985 0.296978 0.296972 0.296972 0.296948 0.296934 0.296919 0.296908 0.296896 0.000000 0.000000
0.000000 0.000000 0.288911 0.288921 0.288963 0.289035 0.289102 0.289162 0.289159 0.289167 0.289171 0.289170 0.289158 0.289163 0.289127 0.289071 0.289042 0.289019 0.289008 0.000000 0.000000
0.000000 0.000000 0.277922 0.277944 0.277980 0.278063 0.278149 0.278266 0.278263 0.278270 0.278283 0.278282 0.278283 0.278280 0.278183 0.278114 0.278070 0.278040 0.278026 0.000000 0.000000
0.000000 0.000000 0.264848 0.264874 0.264911 0.265011 0.265106 0.265212 0.265210 0.265220 0.265236 0.265241 0.265245 0.265228 0.265138 0.265061 0.264990 0.264975 0.264947 0.000000 0.000000
0.000000 0.000000 0.250378 0.250416 0.250472 0.250553 0.250661 0.250789 0.250777 0.250798 0.250820 0.250824 0.250817 0.250824 0.250698 0.250604 0.250549 0.250525 0.250501 0.000000 0.000000
0.000000 0.000000 0.234242 0.234295 0.234342 0.234430 0.234551 0.234686 0.234684 0.234697 0.234730 0.234718 0.234702 0.234710 0.234606 0.234484 0.234418 0.234392 0.234382 0.000000 0.000000
0.000000 0.000000 0.215681 0.215725 0.215771 0.215961 0.216018 0.216201 0.216163 0.216247 0.216247 0.216260 0.216290 0.216241 0.216123 0.216047 0.215953 0.215920 0.215842 0.000000 0.000000
0.000000 0.000000 0.193761 0.193857 0.193976 0.194069 0.194171 0.194404 0.194410 0.194411 0.194393 0.194473 0.194433 0.194450 0.194235 0.194112 0.194063 0.194032 0.193875 0.000000 0.000000
0.000000 0.000000 0.168866 0.168953 0.168983 0.169172 0.169297 0.169929 0.169940 0.169974 0.170211 0.170067 0.170057 0.170002 0.169529 0.169427 0.169192 0.169179 0.169154 0.000000 0.000000
0.000000 0.000000 0.138083 0.138116 0.138335 0.138464 0.139357 0.139002 0.139193 0.139182 0.139051 0.139189 0.139207 0.139312 0.139623 0.138648 0.138629 0.138400 0.138270 0.000000 0.000000
0.000000 0.000000 0.104891 0.104987 0.105140 0.106218 0.105709 0.106407 0.106540 0.106603 0.106870 0.106932 0.106817 0.106797 0.106183 0.106676 0.105286 0.105625 0.105689 0.000000 0.000000
0.000000 0.000000 0.078483 0.078530 0.079483 0.079004 0.079188 0.079150 0.078735 0.078842 0.078626 0.078660 0.078840 0.078619 0.078746 0.078575 0.079638 0.078192 0.078215 0.000000 0.000000
0.000000 0.000000 0.058307 0.058843 0.058845 0.059008 0.059316 0.059381 0.059487 0.059463 0.059610 0.059594 0.059520 0.059591 0.059481 0.059243 0.058914 0.059045 0.058497 0.000000 0.000000
0.000000 0.000000 0.047898 0.048035 0.047771 0.047917 0.048098 0.048348 0.048402 0.048439 0.048450 0.048457 0.048415 0.048441 0.048195 0.048054 0.047784 0.048124 0.047980 0.000000 0.000000
0.000000 0.000000 0.300000 0.300000 0.300000 0.300000 0.300000 0.300000 0.300000 0.300000 0.300000 0.300000 0.300000 0.300000 0.300000 0.300000 0.300000 0.300000 0.300000 0.000000 0.000000
0.000000 0.000000 0.000000 0.000000 0.000000 0.000000 0.000000 0.000000 0.000000 0.000000 0.000000 0.000000 0.000000 0.000000 0.000000 0.000000 0.000000 0.000000 0.000000 0.000000 0.000000