geotop/1.0zi/1.0Montebello/Templates/testdem/maps/_Eocsilt3234.asc
ncols         21
nrows         20
xllcorner     100.000000
yllcorner     100.000000
cellsize      50.000000
NODATA_value  -9999.0
0.000000 0.000000 0.000000 0.000000 0.000000 0.000000 0.000000 0.000000 0.000000 0.000000 0.000000 0.000000 0.000000 0.000000 0.000000 0.000000 0.000000 0.000000 0.000000 0.000000 0.000000
0.000000 0.000000 0.350088 0.350088 0.350088 0.350088 0.350088 0.350088 0.350088 0.350088 0.350088 0.350088 0.350088 0.350088 0.350088 0.350088 0.350088 0.350088 0.350088 0.000000 0.000000
0.000000 0.000000 0.349994 0.349994 0.349994 0.349994 0.349994 0.349994 0.349994 0.349994 0.349995 0.349994 0.349994 0.349994 0.349994 0.349994 0.349994 0.349994 0.349994 0.000000 0.000000
0.000000 0.000000 0.351307 0.351306 0.351304 0.351305 0.351307 0.351307 0.351307 0.351307 0.351308 0.351307 0.351307 0.351307 0.351307 0.351305 0.351304 0.351306 0.351307 0.000000 0.000000
0.000000 0.000000 0.355922 0.355922 0.355920 0.355920 0.355922 0.355921 0.355922 0.355923 0.355923 0.355923 0.355922 0.355921 0.355922 0.355920 0.355920 0.355922 0.355922 0.000000 0.000000
0.000000 0.000000 0.361543 0.361542 0.361540 0.361540 0.361543 0.361542 0.361542 0.361543 0.361543 0.361543 0.361542 0.361542 0.361543 0.361540 0.361540 0.361542 0.361543 0.000000 0.000000
0.000000 0.000000 0.366634 0.366634 0.366632 0.366633 0.366634 0.366634 0.366634 0.366635 0.366635 0.366635 0.366634 0.366634 0.366634 0.366633 0.366632 0.366634 0.366634 0.000000 0.000000
0.000000 0.000000 0.371240 0.371240 0.371238 0.371239 0.371240 0.371240 0.371240 0.371240 0.371241 0.371240 0.371240 0.371240 0.371240 0.371239 0.371238 0.371240 0.371240 0.000000 0.000000
0.000000 0.000000 0.375495 0.375494 0.375493 0.375493 0.375495 0.375494 0.375494 0.375495 0.375495 0.375495 0.375494 0.375494 0.375495 0.375493 0.375493 0.375494 0.375495 0.000000 0.000000
0.000000 0.000000 0.379499 0.379499 0.379498 0.379498 0.379499 0.379499 0.379499 0.379499 0.379500 0.379499 0.379499 0.379499 0.379499 0.379498 0.379498 0.379499 0.379499 0.000000 0.000000
0.000000 0.000000 0.383304 0.383303 0.383302 0.383302 0.383304 0.383303 0.383303 0.383304 0.383304 0.383304 0.383303 0.383303 0.383304 0.383302 0.383302 0.383303 0.383304 0.000000 0.000000
0.000000 0.000000 0.386944 0.386944 0.386942 0.386943 0.386944 0.386943 0.386944 0.386944 0.386945 0.386944 0.386944 0.386943 0.386944 0.386943 0.386942 0.386944 0.386944 0.000000 0.000000
0.000000 0.000000 0.390446 0.390446 0.390445 0.390445 0.390446 0.390446 0.390446 0.390447 0.390447 0.390447 0.390446 0.390446 0.390446 0.390445 0.390445 0.390446 0.390446 0.000000 0.000000
0.000000 0.000000 0.393841 0.393840 0.393839 0.393840 0.393841 0.393840 0.393840 0.393841 0.393841 0.393841 0.393840 0.393840 0.393841 0.393840 0.393839 0.393840 0.393841 0.000000 0.000000
0.000000 0.000000 0.397134 0.397134 0.397133 0.397133 0.397135 0.397134 0.397134 0.397135 0.397135 0.397135 0.397134 0.397134 0.397135 0.397133 0.397133 0.397134 0.397134 0.000000 0.000000
0.000000 0.000000 0.400334 0.400333 0.400332 0.400333 0.400334 0.400333 0.400333 0.400334 0.400334 0.400334 0.400333 0.400333 0.400334 0.400333 0.400332 0.400333 0.400334 0.000000 0.000000
0.000000 0.000000 0.403448 0.403448 0.403447 0.403447 0.403448 0.403448 0.403448 0.403448 0.403449 0.403448 0.403448 0.403448 0.403448 0.403447 0.403447 0.403448 0.403448 0.000000 0.000000
0.000000 0.000000 0.406538 0.406538 0.406537 0.406538 0.406539 0.406538 0.406538 0.406539 0.406539 0.406539 0.406538 0.406538 0.406539 0.406538 0.406537 0.406538 0.406539 0.000000 0.000000
0.000000 0.000000 0.350000 0.350000 0.350000 0.350000 0.350000 0.350000 0.350000 0.350000 0.350000 0.350000 0.350000 0.350000 0.350000 0.350000 0.350000 0.350000 0.350000 0.000000 0.000000
0.000000 0.000000 0.000000 0.000000 0.000000 0.000000 0.000000 0.000000 0.000000 0.000000 0.000000 0.000000 0.000000 0.000000 0.000000 0.000000 0.000000 0.000000 0.000000 0.000000 0.000000