geotop/1.0zi/1.0Montebello/Templates/testdem/maps/_Eocsand025r.asc
ncols         21
nrows         20
xllcorner     100.000000
yllcorner     100.000000
cellsize      50.000000
NODATA_value  -9999.0
0.000000 0.000000 0.000000 0.000000 0.000000 0.000000 0.000000 0.000000 0.000000 0.000000 0.000000 0.000000 0.000000 0.000000 0.000000 0.000000 0.000000 0.000000 0.000000 0.000000 0.000000
0.000000 0.000000 0.300254 0.300252 0.300252 0.300253 0.300252 0.300251 0.300252 0.300252 0.300253 0.300252 0.300252 0.300252 0.300252 0.300252 0.300253 0.300252 0.300252 0.000000 0.000000
0.000000 0.000000 0.300012 0.300015 0.300014 0.300013 0.300014 0.300015 0.300014 0.300014 0.300014 0.300014 0.300013 0.300014 0.300013 0.300014 0.300014 0.300015 0.300015 0.000000 0.000000
0.000000 0.000000 0.299770 0.299764 0.299775 0.299783 0.299782 0.299788 0.299780 0.299782 0.299782 0.299780 0.299779 0.299781 0.299775 0.299768 0.299765 0.299764 0.299766 0.000000 0.000000
0.000000 0.000000 0.296677 0.296674 0.296693 0.296729 0.296759 0.296770 0.296768 0.296768 0.296772 0.296764 0.296758 0.296759 0.296737 0.296722 0.296704 0.296690 0.296677 0.000000 0.000000
0.000000 0.000000 0.288390 0.288395 0.288437 0.288509 0.288578 0.288639 0.288634 0.288641 0.288646 0.288644 0.288632 0.288638 0.288604 0.288545 0.288513 0.288488 0.288476 0.000000 0.000000
0.000000 0.000000 0.277021 0.277037 0.277072 0.277157 0.277244 0.277365 0.277360 0.277366 0.277379 0.277378 0.277379 0.277375 0.277280 0.277208 0.277161 0.277127 0.277113 0.000000 0.000000
0.000000 0.000000 0.263472 0.263492 0.263529 0.263631 0.263728 0.263838 0.263833 0.263843 0.263858 0.263864 0.263867 0.263850 0.263762 0.263681 0.263606 0.263587 0.263558 0.000000 0.000000
0.000000 0.000000 0.248410 0.248440 0.248497 0.248579 0.248691 0.248823 0.248808 0.248829 0.248851 0.248855 0.248847 0.248855 0.248729 0.248631 0.248571 0.248543 0.248518 0.000000 0.000000
0.000000 0.000000 0.231511 0.231557 0.231603 0.231693 0.231819 0.231960 0.231955 0.231966 0.232001 0.231988 0.231971 0.231978 0.231878 0.231749 0.231677 0.231645 0.231635 0.000000 0.000000
0.000000 0.000000 0.211937 0.211971 0.212017 0.212215 0.212274 0.212467 0.212422 0.212510 0.212508 0.212523 0.212553 0.212502 0.212385 0.212305 0.212202 0.212162 0.212079 0.000000 0.000000
0.000000 0.000000 0.188661 0.188748 0.188873 0.188964 0.189074 0.189320 0.189324 0.189318 0.189299 0.189385 0.189339 0.189359 0.189140 0.189006 0.188950 0.188912 0.188745 0.000000 0.000000
0.000000 0.000000 0.162174 0.162246 0.162269 0.162469 0.162603 0.163283 0.163289 0.163323 0.163582 0.163420 0.163410 0.163350 0.162854 0.162745 0.162483 0.162463 0.162444 0.000000 0.000000
0.000000 0.000000 0.129654 0.129665 0.129895 0.130022 0.130977 0.130561 0.130758 0.130741 0.130585 0.130742 0.130760 0.130877 0.131250 0.130202 0.130187 0.129933 0.129795 0.000000 0.000000
0.000000 0.000000 0.096335 0.096414 0.096553 0.097617 0.097077 0.097789 0.097907 0.097967 0.098238 0.098293 0.098176 0.098153 0.097536 0.098063 0.096676 0.097013 0.097082 0.000000 0.000000
0.000000 0.000000 0.071906 0.071941 0.072759 0.072383 0.072527 0.072515 0.072162 0.072252 0.072075 0.072106 0.072255 0.072068 0.072164 0.072029 0.072893 0.071663 0.071684 0.000000 0.000000
0.000000 0.000000 0.054111 0.054495 0.054611 0.054675 0.054912 0.054957 0.054983 0.054978 0.055058 0.055051 0.055018 0.055043 0.054980 0.054793 0.054676 0.054596 0.054210 0.000000 0.000000
0.000000 0.000000 0.043872 0.044043 0.043915 0.044014 0.044179 0.044342 0.044377 0.044399 0.044422 0.044425 0.044393 0.044413 0.044251 0.044121 0.043937 0.044116 0.043938 0.000000 0.000000
0.000000 0.000000 0.300000 0.300000 0.300000 0.300000 0.300000 0.300000 0.300000 0.300000 0.300000 0.300000 0.300000 0.300000 0.300000 0.300000 0.300000 0.300000 0.300000 0.000000 0.000000
0.000000 0.000000 0.000000 0.000000 0.000000 0.000000 0.000000 0.000000 0.000000 0.000000 0.000000 0.000000 0.000000 0.000000 0.000000 0.000000 0.000000 0.000000 0.000000 0.000000 0.000000