geotop/1.0zi/1.0Montebello/Templates/testdem/maps/_Eocsand6503.asc
ncols         21
nrows         20
xllcorner     100.000000
yllcorner     100.000000
cellsize      50.000000
NODATA_value  -9999.0
0.000000 0.000000 0.000000 0.000000 0.000000 0.000000 0.000000 0.000000 0.000000 0.000000 0.000000 0.000000 0.000000 0.000000 0.000000 0.000000 0.000000 0.000000 0.000000 0.000000 0.000000
0.000000 0.000000 0.300160 0.300158 0.300158 0.300159 0.300158 0.300157 0.300158 0.300158 0.300159 0.300158 0.300158 0.300158 0.300158 0.300158 0.300159 0.300159 0.300159 0.000000 0.000000
0.000000 0.000000 0.300009 0.300010 0.300009 0.300008 0.300009 0.300010 0.300009 0.300009 0.300009 0.300010 0.300009 0.300010 0.300009 0.300010 0.300010 0.300010 0.300011 0.000000 0.000000
0.000000 0.000000 0.299963 0.299962 0.299966 0.299971 0.299969 0.299971 0.299967 0.299970 0.299967 0.299970 0.299969 0.299970 0.299968 0.299963 0.299963 0.299960 0.299960 0.000000 0.000000
0.000000 0.000000 0.298778 0.298773 0.298779 0.298787 0.298805 0.298813 0.298814 0.298814 0.298818 0.298818 0.298821 0.298818 0.298806 0.298803 0.298796 0.298785 0.298774 0.000000 0.000000
0.000000 0.000000 0.295200 0.295196 0.295210 0.295248 0.295269 0.295305 0.295306 0.295316 0.295309 0.295306 0.295301 0.295304 0.295293 0.295270 0.295249 0.295233 0.295222 0.000000 0.000000
0.000000 0.000000 0.289813 0.289817 0.289830 0.289870 0.289918 0.289973 0.289972 0.289980 0.289977 0.289978 0.289979 0.289975 0.289935 0.289889 0.289863 0.289842 0.289827 0.000000 0.000000
0.000000 0.000000 0.283289 0.283288 0.283296 0.283339 0.283387 0.283447 0.283447 0.283453 0.283455 0.283458 0.283459 0.283451 0.283404 0.283361 0.283321 0.283311 0.283289 0.000000 0.000000
0.000000 0.000000 0.276481 0.276489 0.276509 0.276537 0.276585 0.276649 0.276645 0.276658 0.276664 0.276665 0.276663 0.276665 0.276607 0.276559 0.276522 0.276511 0.276491 0.000000 0.000000
0.000000 0.000000 0.269532 0.269542 0.269552 0.269575 0.269643 0.269700 0.269697 0.269705 0.269714 0.269710 0.269698 0.269706 0.269657 0.269601 0.269563 0.269555 0.269541 0.000000 0.000000
0.000000 0.000000 0.262276 0.262281 0.262290 0.262341 0.262387 0.262451 0.262437 0.262469 0.262470 0.262470 0.262476 0.262457 0.262419 0.262383 0.262340 0.262318 0.262289 0.000000 0.000000
0.000000 0.000000 0.254556 0.254568 0.254592 0.254630 0.254675 0.254753 0.254752 0.254768 0.254751 0.254775 0.254768 0.254761 0.254690 0.254653 0.254621 0.254609 0.254534 0.000000 0.000000
0.000000 0.000000 0.246523 0.246540 0.246551 0.246593 0.246633 0.246802 0.246804 0.246817 0.246856 0.246839 0.246824 0.246810 0.246687 0.246651 0.246583 0.246576 0.246526 0.000000 0.000000
0.000000 0.000000 0.237656 0.237666 0.237694 0.237725 0.237901 0.237935 0.237974 0.237975 0.237985 0.237984 0.237984 0.237990 0.237975 0.237794 0.237738 0.237694 0.237640 0.000000 0.000000
0.000000 0.000000 0.227724 0.227733 0.227775 0.227969 0.228018 0.228120 0.228183 0.228195 0.228229 0.228257 0.228227 0.228240 0.228160 0.228089 0.227817 0.227841 0.227810 0.000000 0.000000
0.000000 0.000000 0.217060 0.217071 0.217334 0.217359 0.217374 0.217433 0.217370 0.217403 0.217374 0.217406 0.217434 0.217376 0.217343 0.217322 0.217369 0.217031 0.217027 0.000000 0.000000
0.000000 0.000000 0.204510 0.204879 0.204961 0.205073 0.205258 0.205334 0.205379 0.205375 0.205465 0.205472 0.205426 0.205453 0.205360 0.205221 0.204988 0.204972 0.204588 0.000000 0.000000
0.000000 0.000000 0.196090 0.195987 0.195644 0.195722 0.195823 0.196164 0.196163 0.196244 0.196171 0.196197 0.196178 0.196161 0.195854 0.195780 0.195588 0.195930 0.196010 0.000000 0.000000
0.000000 0.000000 0.300000 0.300000 0.300000 0.300000 0.300000 0.300000 0.300000 0.300000 0.300000 0.300000 0.300000 0.300000 0.300000 0.300000 0.300000 0.300000 0.300000 0.000000 0.000000
0.000000 0.000000 0.000000 0.000000 0.000000 0.000000 0.000000 0.000000 0.000000 0.000000 0.000000 0.000000 0.000000 0.000000 0.000000 0.000000 0.000000 0.000000 0.000000 0.000000 0.000000