geotop/1.0zi/1.0Montebello/Templates/testdem/maps/_Eocclay5368.asc
ncols         21
nrows         20
xllcorner     100.000000
yllcorner     100.000000
cellsize      50.000000
NODATA_value  -9999.0
0.000000 0.000000 0.000000 0.000000 0.000000 0.000000 0.000000 0.000000 0.000000 0.000000 0.000000 0.000000 0.000000 0.000000 0.000000 0.000000 0.000000 0.000000 0.000000 0.000000 0.000000
0.000000 0.000000 0.349759 0.349760 0.349760 0.349760 0.349760 0.349760 0.349760 0.349760 0.349760 0.349760 0.349760 0.349760 0.349760 0.349760 0.349760 0.349760 0.349760 0.000000 0.000000
0.000000 0.000000 0.349990 0.349990 0.349990 0.349990 0.349990 0.349990 0.349990 0.349990 0.349990 0.349989 0.349990 0.349990 0.349990 0.349990 0.349990 0.349990 0.349990 0.000000 0.000000
0.000000 0.000000 0.349989 0.349991 0.349988 0.349989 0.349991 0.349991 0.349991 0.349989 0.349991 0.349989 0.349989 0.349989 0.349991 0.349992 0.349990 0.349991 0.349990 0.000000 0.000000
0.000000 0.000000 0.350389 0.350389 0.350390 0.350385 0.350375 0.350371 0.350372 0.350375 0.350373 0.350374 0.350369 0.350369 0.350373 0.350371 0.350376 0.350378 0.350381 0.000000 0.000000
0.000000 0.000000 0.351828 0.351830 0.351825 0.351807 0.351803 0.351788 0.351787 0.351783 0.351787 0.351787 0.351791 0.351791 0.351793 0.351804 0.351809 0.351820 0.351824 0.000000 0.000000
0.000000 0.000000 0.353940 0.353938 0.353937 0.353922 0.353904 0.353879 0.353879 0.353876 0.353877 0.353880 0.353880 0.353879 0.353896 0.353915 0.353924 0.353932 0.353938 0.000000 0.000000
0.000000 0.000000 0.356507 0.356507 0.356506 0.356488 0.356470 0.356444 0.356444 0.356442 0.356442 0.356442 0.356440 0.356445 0.356463 0.356479 0.356493 0.356498 0.356506 0.000000 0.000000
0.000000 0.000000 0.359097 0.359094 0.359089 0.359080 0.359062 0.359036 0.359038 0.359033 0.359031 0.359033 0.359033 0.359030 0.359053 0.359071 0.359083 0.359086 0.359093 0.000000 0.000000
0.000000 0.000000 0.361707 0.361703 0.361702 0.361695 0.361669 0.361645 0.361647 0.361644 0.361641 0.361645 0.361648 0.361645 0.361663 0.361684 0.361697 0.361699 0.361704 0.000000 0.000000
0.000000 0.000000 0.364403 0.364400 0.364401 0.364383 0.364365 0.364339 0.364345 0.364333 0.364333 0.364335 0.364332 0.364338 0.364352 0.364365 0.364379 0.364387 0.364398 0.000000 0.000000
0.000000 0.000000 0.367211 0.367205 0.367199 0.367186 0.367171 0.367141 0.367142 0.367135 0.367143 0.367135 0.367136 0.367138 0.367165 0.367176 0.367186 0.367190 0.367219 0.000000 0.000000
0.000000 0.000000 0.370079 0.370073 0.370072 0.370057 0.370044 0.369984 0.369984 0.369979 0.369966 0.369974 0.369979 0.369983 0.370026 0.370036 0.370059 0.370060 0.370081 0.000000 0.000000
0.000000 0.000000 0.373165 0.373161 0.373155 0.373146 0.373089 0.373073 0.373059 0.373059 0.373053 0.373056 0.373057 0.373055 0.373062 0.373117 0.373137 0.373151 0.373173 0.000000 0.000000
0.000000 0.000000 0.376537 0.376534 0.376521 0.376464 0.376445 0.376412 0.376387 0.376384 0.376373 0.376368 0.376375 0.376369 0.376393 0.376421 0.376506 0.376499 0.376512 0.000000 0.000000
0.000000 0.000000 0.380078 0.380073 0.380002 0.379986 0.379980 0.379958 0.379970 0.379962 0.379967 0.379958 0.379950 0.379964 0.379977 0.379986 0.379987 0.380078 0.380081 0.000000 0.000000
0.000000 0.000000 0.384077 0.383982 0.383941 0.383912 0.383867 0.383843 0.383837 0.383835 0.383814 0.383811 0.383818 0.383816 0.383842 0.383876 0.383931 0.383962 0.384058 0.000000 0.000000
0.000000 0.000000 0.387097 0.387090 0.387172 0.387146 0.387111 0.387020 0.387016 0.386997 0.387007 0.387002 0.387008 0.387010 0.387094 0.387116 0.387184 0.387097 0.387110 0.000000 0.000000
0.000000 0.000000 0.350000 0.350000 0.350000 0.350000 0.350000 0.350000 0.350000 0.350000 0.350000 0.350000 0.350000 0.350000 0.350000 0.350000 0.350000 0.350000 0.350000 0.000000 0.000000
0.000000 0.000000 0.000000 0.000000 0.000000 0.000000 0.000000 0.000000 0.000000 0.000000 0.000000 0.000000 0.000000 0.000000 0.000000 0.000000 0.000000 0.000000 0.000000 0.000000 0.000000