geotop/1.0zi/1.0Montebello/Templates/testdem/maps/_Eocsand1652.asc
ncols         21
nrows         20
xllcorner     100.000000
yllcorner     100.000000
cellsize      50.000000
NODATA_value  -9999.0
0.000000 0.000000 0.000000 0.000000 0.000000 0.000000 0.000000 0.000000 0.000000 0.000000 0.000000 0.000000 0.000000 0.000000 0.000000 0.000000 0.000000 0.000000 0.000000 0.000000 0.000000
0.000000 0.000000 0.300052 0.300052 0.300052 0.300052 0.300052 0.300052 0.300052 0.300052 0.300052 0.300052 0.300052 0.300052 0.300052 0.300052 0.300052 0.300052 0.300052 0.000000 0.000000
0.000000 0.000000 0.300008 0.300008 0.300009 0.300008 0.300008 0.300008 0.300008 0.300008 0.300008 0.300008 0.300008 0.300008 0.300008 0.300008 0.300009 0.300008 0.300008 0.000000 0.000000
0.000000 0.000000 0.298720 0.298721 0.298725 0.298723 0.298719 0.298720 0.298720 0.298719 0.298719 0.298719 0.298720 0.298720 0.298719 0.298723 0.298725 0.298721 0.298720 0.000000 0.000000
0.000000 0.000000 0.293901 0.293903 0.293906 0.293906 0.293899 0.293901 0.293901 0.293899 0.293899 0.293899 0.293901 0.293901 0.293899 0.293906 0.293906 0.293903 0.293901 0.000000 0.000000
0.000000 0.000000 0.288235 0.288236 0.288239 0.288239 0.288233 0.288235 0.288235 0.288234 0.288234 0.288234 0.288235 0.288235 0.288233 0.288239 0.288239 0.288236 0.288235 0.000000 0.000000
0.000000 0.000000 0.282952 0.282953 0.282956 0.282955 0.282951 0.282952 0.282952 0.282951 0.282951 0.282951 0.282952 0.282952 0.282951 0.282955 0.282956 0.282953 0.282952 0.000000 0.000000
0.000000 0.000000 0.278100 0.278101 0.278104 0.278103 0.278099 0.278100 0.278100 0.278099 0.278099 0.278099 0.278100 0.278100 0.278099 0.278103 0.278104 0.278101 0.278100 0.000000 0.000000
0.000000 0.000000 0.273559 0.273559 0.273562 0.273561 0.273558 0.273559 0.273559 0.273558 0.273558 0.273558 0.273559 0.273559 0.273558 0.273561 0.273562 0.273559 0.273559 0.000000 0.000000
0.000000 0.000000 0.269215 0.269215 0.269218 0.269217 0.269214 0.269214 0.269215 0.269214 0.269214 0.269214 0.269215 0.269214 0.269214 0.269217 0.269218 0.269215 0.269215 0.000000 0.000000
0.000000 0.000000 0.265022 0.265022 0.265025 0.265024 0.265021 0.265022 0.265022 0.265021 0.265021 0.265021 0.265022 0.265022 0.265021 0.265024 0.265025 0.265022 0.265022 0.000000 0.000000
0.000000 0.000000 0.260940 0.260941 0.260943 0.260942 0.260939 0.260940 0.260940 0.260940 0.260940 0.260940 0.260940 0.260940 0.260939 0.260942 0.260943 0.260941 0.260940 0.000000 0.000000
0.000000 0.000000 0.256940 0.256940 0.256943 0.256942 0.256939 0.256940 0.256940 0.256939 0.256939 0.256939 0.256940 0.256940 0.256939 0.256942 0.256943 0.256940 0.256940 0.000000 0.000000
0.000000 0.000000 0.253020 0.253021 0.253023 0.253022 0.253019 0.253020 0.253020 0.253019 0.253020 0.253019 0.253020 0.253020 0.253019 0.253022 0.253023 0.253021 0.253020 0.000000 0.000000
0.000000 0.000000 0.249162 0.249163 0.249165 0.249164 0.249161 0.249162 0.249162 0.249161 0.249162 0.249161 0.249162 0.249162 0.249161 0.249164 0.249165 0.249163 0.249162 0.000000 0.000000
0.000000 0.000000 0.245352 0.245353 0.245355 0.245354 0.245351 0.245352 0.245352 0.245351 0.245351 0.245351 0.245352 0.245352 0.245351 0.245354 0.245355 0.245353 0.245352 0.000000 0.000000
0.000000 0.000000 0.241588 0.241589 0.241591 0.241590 0.241588 0.241588 0.241588 0.241588 0.241588 0.241588 0.241588 0.241588 0.241588 0.241590 0.241591 0.241589 0.241588 0.000000 0.000000
0.000000 0.000000 0.237794 0.237793 0.237796 0.237795 0.237792 0.237793 0.237793 0.237792 0.237792 0.237792 0.237793 0.237793 0.237792 0.237795 0.237796 0.237793 0.237793 0.000000 0.000000
0.000000 0.000000 0.300000 0.300000 0.300000 0.300000 0.300000 0.300000 0.300000 0.300000 0.300000 0.300000 0.300000 0.300000 0.300000 0.300000 0.300000 0.300000 0.300000 0.000000 0.000000
0.000000 0.000000 0.000000 0.000000 0.000000 0.000000 0.000000 0.000000 0.000000 0.000000 0.000000 0.000000 0.000000 0.000000 0.000000 0.000000 0.000000 0.000000 0.000000 0.000000 0.000000