geotop/1.0zi/1.0Montebello/Templates/testdem/maps/_Eocsand5195.asc
ncols         21
nrows         20
xllcorner     100.000000
yllcorner     100.000000
cellsize      50.000000
NODATA_value  -9999.0
0.000000 0.000000 0.000000 0.000000 0.000000 0.000000 0.000000 0.000000 0.000000 0.000000 0.000000 0.000000 0.000000 0.000000 0.000000 0.000000 0.000000 0.000000 0.000000 0.000000 0.000000
0.000000 0.000000 0.300128 0.300127 0.300127 0.300126 0.300127 0.300126 0.300127 0.300127 0.300127 0.300127 0.300127 0.300127 0.300127 0.300127 0.300127 0.300127 0.300127 0.000000 0.000000
0.000000 0.000000 0.300008 0.300007 0.300007 0.300007 0.300007 0.300007 0.300006 0.300006 0.300007 0.300007 0.300006 0.300006 0.300006 0.300007 0.300008 0.300009 0.300008 0.000000 0.000000
0.000000 0.000000 0.299974 0.299972 0.299975 0.299979 0.299976 0.299978 0.299976 0.299977 0.299976 0.299978 0.299978 0.299980 0.299976 0.299971 0.299973 0.299970 0.299972 0.000000 0.000000
0.000000 0.000000 0.299172 0.299168 0.299169 0.299178 0.299191 0.299197 0.299198 0.299197 0.299202 0.299198 0.299202 0.299202 0.299192 0.299193 0.299187 0.299177 0.299172 0.000000 0.000000
0.000000 0.000000 0.296453 0.296448 0.296455 0.296485 0.296498 0.296528 0.296532 0.296540 0.296532 0.296529 0.296523 0.296525 0.296518 0.296502 0.296489 0.296474 0.296465 0.000000 0.000000
0.000000 0.000000 0.292368 0.292372 0.292377 0.292409 0.292445 0.292488 0.292487 0.292494 0.292489 0.292487 0.292488 0.292485 0.292454 0.292420 0.292404 0.292387 0.292374 0.000000 0.000000
0.000000 0.000000 0.287443 0.287442 0.287444 0.287478 0.287513 0.287558 0.287558 0.287565 0.287563 0.287563 0.287565 0.287557 0.287523 0.287490 0.287462 0.287455 0.287437 0.000000 0.000000
0.000000 0.000000 0.282375 0.282381 0.282394 0.282414 0.282448 0.282497 0.282495 0.282506 0.282508 0.282505 0.282504 0.282507 0.282462 0.282426 0.282400 0.282393 0.282377 0.000000 0.000000
0.000000 0.000000 0.277302 0.277310 0.277315 0.277328 0.277378 0.277421 0.277418 0.277425 0.277430 0.277423 0.277416 0.277420 0.277385 0.277344 0.277318 0.277315 0.277304 0.000000 0.000000
0.000000 0.000000 0.272102 0.272107 0.272108 0.272144 0.272177 0.272225 0.272215 0.272240 0.272238 0.272235 0.272240 0.272225 0.272199 0.272173 0.272144 0.272130 0.272107 0.000000 0.000000
0.000000 0.000000 0.266687 0.266699 0.266712 0.266738 0.266765 0.266823 0.266820 0.266836 0.266819 0.266833 0.266830 0.266824 0.266774 0.266751 0.266730 0.266723 0.266665 0.000000 0.000000
0.000000 0.000000 0.261173 0.261185 0.261188 0.261217 0.261241 0.261355 0.261355 0.261367 0.261389 0.261376 0.261366 0.261355 0.261274 0.261253 0.261209 0.261206 0.261163 0.000000 0.000000
0.000000 0.000000 0.255252 0.255260 0.255274 0.255291 0.255396 0.255426 0.255453 0.255455 0.255464 0.255459 0.255455 0.255457 0.255445 0.255340 0.255302 0.255274 0.255231 0.000000 0.000000
0.000000 0.000000 0.248806 0.248812 0.248839 0.248945 0.248980 0.249042 0.249089 0.249096 0.249117 0.249127 0.249113 0.249121 0.249077 0.249022 0.248861 0.248873 0.248845 0.000000 0.000000
0.000000 0.000000 0.242049 0.242060 0.242194 0.242226 0.242234 0.242274 0.242253 0.242271 0.242261 0.242277 0.242290 0.242260 0.242238 0.242219 0.242216 0.242045 0.242036 0.000000 0.000000
0.000000 0.000000 0.234450 0.234628 0.234708 0.234763 0.234845 0.234888 0.234899 0.234905 0.234941 0.234949 0.234934 0.234934 0.234888 0.234822 0.234719 0.234657 0.234477 0.000000 0.000000
0.000000 0.000000 0.228674 0.228691 0.228540 0.228590 0.228654 0.228822 0.228828 0.228867 0.228848 0.228858 0.228843 0.228837 0.228682 0.228638 0.228508 0.228670 0.228639 0.000000 0.000000
0.000000 0.000000 0.300000 0.300000 0.300000 0.300000 0.300000 0.300000 0.300000 0.300000 0.300000 0.300000 0.300000 0.300000 0.300000 0.300000 0.300000 0.300000 0.300000 0.000000 0.000000
0.000000 0.000000 0.000000 0.000000 0.000000 0.000000 0.000000 0.000000 0.000000 0.000000 0.000000 0.000000 0.000000 0.000000 0.000000 0.000000 0.000000 0.000000 0.000000 0.000000 0.000000