geotop/1.0zi/1.0Montebello/Templates/testdem/maps/_Eocsand6110.asc
ncols         21
nrows         20
xllcorner     100.000000
yllcorner     100.000000
cellsize      50.000000
NODATA_value  -9999.0
0.000000 0.000000 0.000000 0.000000 0.000000 0.000000 0.000000 0.000000 0.000000 0.000000 0.000000 0.000000 0.000000 0.000000 0.000000 0.000000 0.000000 0.000000 0.000000 0.000000 0.000000
0.000000 0.000000 0.300151 0.300150 0.300150 0.300150 0.300150 0.300150 0.300150 0.300150 0.300150 0.300150 0.300150 0.300150 0.300150 0.300150 0.300150 0.300150 0.300151 0.000000 0.000000
0.000000 0.000000 0.300009 0.300008 0.300008 0.300008 0.300008 0.300008 0.300008 0.300008 0.300008 0.300008 0.300007 0.300007 0.300008 0.300008 0.300010 0.300010 0.300009 0.000000 0.000000
0.000000 0.000000 0.299970 0.299969 0.299972 0.299976 0.299973 0.299975 0.299972 0.299974 0.299973 0.299975 0.299974 0.299976 0.299972 0.299967 0.299968 0.299965 0.299967 0.000000 0.000000
0.000000 0.000000 0.298943 0.298941 0.298943 0.298951 0.298965 0.298974 0.298974 0.298975 0.298978 0.298977 0.298979 0.298977 0.298967 0.298965 0.298960 0.298949 0.298940 0.000000 0.000000
0.000000 0.000000 0.295668 0.295664 0.295676 0.295711 0.295728 0.295763 0.295764 0.295773 0.295765 0.295763 0.295759 0.295762 0.295751 0.295730 0.295714 0.295698 0.295689 0.000000 0.000000
0.000000 0.000000 0.290743 0.290748 0.290758 0.290795 0.290838 0.290890 0.290889 0.290896 0.290892 0.290890 0.290893 0.290891 0.290852 0.290810 0.290790 0.290771 0.290757 0.000000 0.000000
0.000000 0.000000 0.284756 0.284756 0.284760 0.284799 0.284842 0.284899 0.284898 0.284904 0.284904 0.284905 0.284909 0.284901 0.284857 0.284816 0.284785 0.284776 0.284756 0.000000 0.000000
0.000000 0.000000 0.278546 0.278554 0.278571 0.278594 0.278637 0.278697 0.278694 0.278704 0.278710 0.278707 0.278707 0.278711 0.278656 0.278611 0.278583 0.278573 0.278555 0.000000 0.000000
0.000000 0.000000 0.272254 0.272264 0.272271 0.272289 0.272349 0.272404 0.272400 0.272407 0.272415 0.272408 0.272400 0.272407 0.272362 0.272310 0.272281 0.272275 0.272262 0.000000 0.000000
0.000000 0.000000 0.265730 0.265736 0.265740 0.265785 0.265826 0.265886 0.265873 0.265901 0.265901 0.265898 0.265906 0.265891 0.265853 0.265820 0.265788 0.265768 0.265742 0.000000 0.000000
0.000000 0.000000 0.258842 0.258857 0.258877 0.258908 0.258944 0.259017 0.259014 0.259031 0.259013 0.259031 0.259028 0.259023 0.258957 0.258925 0.258901 0.258891 0.258823 0.000000 0.000000
0.000000 0.000000 0.251733 0.251746 0.251753 0.251790 0.251824 0.251973 0.251973 0.251986 0.252018 0.252001 0.251990 0.251979 0.251868 0.251837 0.251784 0.251778 0.251731 0.000000 0.000000
0.000000 0.000000 0.243958 0.243968 0.243989 0.244013 0.244161 0.244195 0.244229 0.244230 0.244240 0.244236 0.244236 0.244241 0.244224 0.244074 0.244029 0.243992 0.243943 0.000000 0.000000
0.000000 0.000000 0.235339 0.235351 0.235385 0.235542 0.235585 0.235673 0.235730 0.235739 0.235768 0.235785 0.235767 0.235779 0.235710 0.235642 0.235421 0.235440 0.235410 0.000000 0.000000
0.000000 0.000000 0.226163 0.226174 0.226384 0.226412 0.226423 0.226477 0.226431 0.226456 0.226437 0.226459 0.226484 0.226441 0.226408 0.226388 0.226416 0.226147 0.226140 0.000000 0.000000
0.000000 0.000000 0.215543 0.215833 0.215918 0.216001 0.216138 0.216205 0.216234 0.216236 0.216300 0.216307 0.216278 0.216292 0.216213 0.216108 0.215940 0.215899 0.215603 0.000000 0.000000
0.000000 0.000000 0.208030 0.207990 0.207727 0.207792 0.207888 0.208155 0.208158 0.208219 0.208173 0.208190 0.208174 0.208165 0.207922 0.207849 0.207685 0.207955 0.207977 0.000000 0.000000
0.000000 0.000000 0.300000 0.300000 0.300000 0.300000 0.300000 0.300000 0.300000 0.300000 0.300000 0.300000 0.300000 0.300000 0.300000 0.300000 0.300000 0.300000 0.300000 0.000000 0.000000
0.000000 0.000000 0.000000 0.000000 0.000000 0.000000 0.000000 0.000000 0.000000 0.000000 0.000000 0.000000 0.000000 0.000000 0.000000 0.000000 0.000000 0.000000 0.000000 0.000000 0.000000