geotop/1.0zi/1.0Montebello/Templates/testdem/maps/_Eocclay6397.asc
ncols         21
nrows         20
xllcorner     100.000000
yllcorner     100.000000
cellsize      50.000000
NODATA_value  -9999.0
0.000000 0.000000 0.000000 0.000000 0.000000 0.000000 0.000000 0.000000 0.000000 0.000000 0.000000 0.000000 0.000000 0.000000 0.000000 0.000000 0.000000 0.000000 0.000000 0.000000 0.000000
0.000000 0.000000 0.349715 0.349716 0.349716 0.349715 0.349716 0.349716 0.349716 0.349716 0.349715 0.349716 0.349716 0.349716 0.349716 0.349716 0.349714 0.349714 0.349716 0.000000 0.000000
0.000000 0.000000 0.349989 0.349989 0.349989 0.349990 0.349988 0.349988 0.349988 0.349988 0.349988 0.349987 0.349988 0.349987 0.349988 0.349988 0.349989 0.349989 0.349987 0.000000 0.000000
0.000000 0.000000 0.349983 0.349988 0.349984 0.349985 0.349986 0.349986 0.349988 0.349984 0.349989 0.349986 0.349987 0.349986 0.349986 0.349988 0.349986 0.349988 0.349987 0.000000 0.000000
0.000000 0.000000 0.350596 0.350596 0.350593 0.350589 0.350576 0.350573 0.350573 0.350576 0.350573 0.350572 0.350567 0.350569 0.350576 0.350576 0.350582 0.350584 0.350591 0.000000 0.000000
0.000000 0.000000 0.352425 0.352425 0.352419 0.352396 0.352388 0.352370 0.352370 0.352365 0.352368 0.352369 0.352373 0.352373 0.352378 0.352392 0.352402 0.352413 0.352418 0.000000 0.000000
0.000000 0.000000 0.355126 0.355124 0.355119 0.355101 0.355077 0.355048 0.355047 0.355043 0.355044 0.355046 0.355047 0.355046 0.355069 0.355092 0.355104 0.355113 0.355121 0.000000 0.000000
0.000000 0.000000 0.358375 0.358375 0.358370 0.358348 0.358325 0.358293 0.358293 0.358290 0.358290 0.358290 0.358288 0.358293 0.358319 0.358339 0.358357 0.358363 0.358374 0.000000 0.000000
0.000000 0.000000 0.361722 0.361719 0.361709 0.361696 0.361674 0.361642 0.361644 0.361637 0.361635 0.361636 0.361635 0.361634 0.361664 0.361688 0.361704 0.361708 0.361718 0.000000 0.000000
0.000000 0.000000 0.365148 0.365142 0.365138 0.365127 0.365093 0.365064 0.365066 0.365062 0.365058 0.365061 0.365066 0.365062 0.365088 0.365116 0.365133 0.365137 0.365144 0.000000 0.000000
0.000000 0.000000 0.368739 0.368737 0.368732 0.368708 0.368686 0.368653 0.368660 0.368643 0.368644 0.368645 0.368641 0.368651 0.368671 0.368689 0.368708 0.368718 0.368734 0.000000 0.000000
0.000000 0.000000 0.372552 0.372546 0.372534 0.372515 0.372494 0.372455 0.372455 0.372447 0.372456 0.372445 0.372447 0.372450 0.372488 0.372506 0.372519 0.372525 0.372563 0.000000 0.000000
0.000000 0.000000 0.376518 0.376509 0.376504 0.376483 0.376464 0.376380 0.376379 0.376372 0.376354 0.376364 0.376370 0.376377 0.376440 0.376457 0.376489 0.376492 0.376517 0.000000 0.000000
0.000000 0.000000 0.380889 0.380884 0.380870 0.380855 0.380769 0.380752 0.380733 0.380732 0.380727 0.380730 0.380728 0.380725 0.380735 0.380824 0.380849 0.380871 0.380898 0.000000 0.000000
0.000000 0.000000 0.385778 0.385773 0.385753 0.385658 0.385635 0.385585 0.385552 0.385546 0.385530 0.385519 0.385531 0.385525 0.385567 0.385601 0.385732 0.385720 0.385736 0.000000 0.000000
0.000000 0.000000 0.391017 0.391011 0.390883 0.390871 0.390864 0.390835 0.390866 0.390850 0.390864 0.390850 0.390834 0.390863 0.390882 0.390892 0.390867 0.391030 0.391033 0.000000 0.000000
0.000000 0.000000 0.397173 0.396994 0.396952 0.396899 0.396810 0.396773 0.396751 0.396753 0.396710 0.396708 0.396728 0.396716 0.396764 0.396831 0.396940 0.396950 0.397136 0.000000 0.000000
0.000000 0.000000 0.401338 0.401385 0.401552 0.401514 0.401464 0.401297 0.401297 0.401258 0.401293 0.401282 0.401290 0.401298 0.401451 0.401488 0.401580 0.401412 0.401377 0.000000 0.000000
0.000000 0.000000 0.350000 0.350000 0.350000 0.350000 0.350000 0.350000 0.350000 0.350000 0.350000 0.350000 0.350000 0.350000 0.350000 0.350000 0.350000 0.350000 0.350000 0.000000 0.000000
0.000000 0.000000 0.000000 0.000000 0.000000 0.000000 0.000000 0.000000 0.000000 0.000000 0.000000 0.000000 0.000000 0.000000 0.000000 0.000000 0.000000 0.000000 0.000000 0.000000 0.000000