geotop/1.0zi/1.0Montebello/Templates/testdem/maps/_Eocclay2767.asc
ncols         21
nrows         20
xllcorner     100.000000
yllcorner     100.000000
cellsize      50.000000
NODATA_value  -9999.0
0.000000 0.000000 0.000000 0.000000 0.000000 0.000000 0.000000 0.000000 0.000000 0.000000 0.000000 0.000000 0.000000 0.000000 0.000000 0.000000 0.000000 0.000000 0.000000 0.000000 0.000000
0.000000 0.000000 0.349850 0.349850 0.349850 0.349850 0.349850 0.349850 0.349850 0.349850 0.349849 0.349850 0.349850 0.349850 0.349850 0.349850 0.349850 0.349850 0.349850 0.000000 0.000000
0.000000 0.000000 0.349990 0.349990 0.349990 0.349990 0.349990 0.349990 0.349990 0.349990 0.349991 0.349990 0.349990 0.349990 0.349990 0.349990 0.349990 0.349990 0.349990 0.000000 0.000000
0.000000 0.000000 0.350858 0.350858 0.350856 0.350857 0.350858 0.350858 0.350858 0.350858 0.350858 0.350858 0.350858 0.350858 0.350858 0.350857 0.350856 0.350858 0.350858 0.000000 0.000000
0.000000 0.000000 0.354871 0.354870 0.354868 0.354868 0.354871 0.354870 0.354870 0.354872 0.354872 0.354872 0.354870 0.354870 0.354871 0.354868 0.354868 0.354870 0.354871 0.000000 0.000000
0.000000 0.000000 0.359506 0.359505 0.359504 0.359504 0.359506 0.359505 0.359505 0.359506 0.359507 0.359506 0.359505 0.359505 0.359506 0.359504 0.359504 0.359505 0.359506 0.000000 0.000000
0.000000 0.000000 0.363898 0.363897 0.363896 0.363896 0.363898 0.363897 0.363898 0.363898 0.363899 0.363898 0.363898 0.363897 0.363898 0.363896 0.363896 0.363897 0.363898 0.000000 0.000000
0.000000 0.000000 0.367921 0.367921 0.367919 0.367920 0.367921 0.367921 0.367921 0.367921 0.367922 0.367921 0.367921 0.367921 0.367921 0.367920 0.367919 0.367921 0.367921 0.000000 0.000000
0.000000 0.000000 0.371663 0.371663 0.371661 0.371662 0.371663 0.371663 0.371663 0.371664 0.371664 0.371664 0.371663 0.371663 0.371663 0.371662 0.371661 0.371663 0.371663 0.000000 0.000000
0.000000 0.000000 0.375209 0.375209 0.375208 0.375208 0.375210 0.375209 0.375209 0.375210 0.375210 0.375210 0.375209 0.375209 0.375210 0.375208 0.375208 0.375209 0.375209 0.000000 0.000000
0.000000 0.000000 0.378603 0.378603 0.378601 0.378602 0.378603 0.378603 0.378603 0.378603 0.378604 0.378603 0.378603 0.378603 0.378603 0.378602 0.378601 0.378603 0.378603 0.000000 0.000000
0.000000 0.000000 0.381876 0.381876 0.381875 0.381875 0.381877 0.381876 0.381876 0.381877 0.381877 0.381877 0.381876 0.381876 0.381877 0.381875 0.381875 0.381876 0.381876 0.000000 0.000000
0.000000 0.000000 0.385053 0.385053 0.385052 0.385052 0.385053 0.385053 0.385053 0.385053 0.385054 0.385053 0.385053 0.385053 0.385053 0.385052 0.385052 0.385053 0.385053 0.000000 0.000000
0.000000 0.000000 0.388149 0.388149 0.388148 0.388148 0.388150 0.388149 0.388149 0.388150 0.388150 0.388150 0.388149 0.388149 0.388150 0.388148 0.388148 0.388149 0.388149 0.000000 0.000000
0.000000 0.000000 0.391174 0.391174 0.391173 0.391173 0.391174 0.391174 0.391174 0.391174 0.391175 0.391174 0.391174 0.391174 0.391174 0.391173 0.391173 0.391174 0.391174 0.000000 0.000000
0.000000 0.000000 0.394133 0.394133 0.394132 0.394133 0.394134 0.394133 0.394133 0.394134 0.394134 0.394134 0.394133 0.394133 0.394134 0.394133 0.394132 0.394133 0.394133 0.000000 0.000000
0.000000 0.000000 0.397033 0.397032 0.397031 0.397032 0.397033 0.397032 0.397032 0.397033 0.397033 0.397033 0.397032 0.397032 0.397033 0.397032 0.397031 0.397032 0.397033 0.000000 0.000000
0.000000 0.000000 0.399913 0.399913 0.399912 0.399912 0.399913 0.399913 0.399913 0.399913 0.399914 0.399913 0.399913 0.399913 0.399913 0.399912 0.399912 0.399913 0.399913 0.000000 0.000000
0.000000 0.000000 0.350000 0.350000 0.350000 0.350000 0.350000 0.350000 0.350000 0.350000 0.350000 0.350000 0.350000 0.350000 0.350000 0.350000 0.350000 0.350000 0.350000 0.000000 0.000000
0.000000 0.000000 0.000000 0.000000 0.000000 0.000000 0.000000 0.000000 0.000000 0.000000 0.000000 0.000000 0.000000 0.000000 0.000000 0.000000 0.000000 0.000000 0.000000 0.000000 0.000000