geotop/1.0zi/1.0Montebello/Templates/testdem/maps/_Eocsand4866.asc
ncols         21
nrows         20
xllcorner     100.000000
yllcorner     100.000000
cellsize      50.000000
NODATA_value  -9999.0
0.000000 0.000000 0.000000 0.000000 0.000000 0.000000 0.000000 0.000000 0.000000 0.000000 0.000000 0.000000 0.000000 0.000000 0.000000 0.000000 0.000000 0.000000 0.000000 0.000000 0.000000
0.000000 0.000000 0.300120 0.300119 0.300119 0.300119 0.300119 0.300119 0.300119 0.300119 0.300119 0.300119 0.300119 0.300119 0.300119 0.300119 0.300119 0.300119 0.300120 0.000000 0.000000
0.000000 0.000000 0.300006 0.300005 0.300005 0.300005 0.300005 0.300005 0.300005 0.300005 0.300005 0.300005 0.300005 0.300004 0.300005 0.300005 0.300007 0.300007 0.300006 0.000000 0.000000
0.000000 0.000000 0.299977 0.299975 0.299978 0.299982 0.299979 0.299981 0.299979 0.299979 0.299979 0.299980 0.299980 0.299982 0.299978 0.299974 0.299976 0.299973 0.299975 0.000000 0.000000
0.000000 0.000000 0.299210 0.299208 0.299209 0.299219 0.299229 0.299235 0.299236 0.299238 0.299241 0.299237 0.299240 0.299238 0.299229 0.299229 0.299224 0.299215 0.299209 0.000000 0.000000
0.000000 0.000000 0.296634 0.296628 0.296638 0.296665 0.296676 0.296705 0.296708 0.296717 0.296709 0.296707 0.296700 0.296700 0.296693 0.296678 0.296667 0.296656 0.296647 0.000000 0.000000
0.000000 0.000000 0.292738 0.292742 0.292752 0.292781 0.292814 0.292854 0.292853 0.292859 0.292853 0.292856 0.292856 0.292850 0.292822 0.292789 0.292774 0.292760 0.292747 0.000000 0.000000
0.000000 0.000000 0.288149 0.288154 0.288158 0.288189 0.288224 0.288264 0.288262 0.288268 0.288268 0.288268 0.288271 0.288268 0.288230 0.288195 0.288177 0.288168 0.288155 0.000000 0.000000
0.000000 0.000000 0.283458 0.283466 0.283478 0.283501 0.283534 0.283580 0.283576 0.283584 0.283585 0.283583 0.283586 0.283582 0.283545 0.283506 0.283492 0.283481 0.283464 0.000000 0.000000
0.000000 0.000000 0.278763 0.278772 0.278780 0.278803 0.278843 0.278884 0.278878 0.278884 0.278885 0.278884 0.278888 0.278888 0.278847 0.278808 0.278793 0.278784 0.278770 0.000000 0.000000
0.000000 0.000000 0.273983 0.273993 0.274000 0.274019 0.274050 0.274099 0.274094 0.274104 0.274105 0.274103 0.274107 0.274105 0.274070 0.274040 0.274021 0.274010 0.273994 0.000000 0.000000
0.000000 0.000000 0.269019 0.269027 0.269040 0.269068 0.269101 0.269148 0.269149 0.269155 0.269155 0.269157 0.269158 0.269158 0.269112 0.269077 0.269059 0.269050 0.269000 0.000000 0.000000
0.000000 0.000000 0.263968 0.263978 0.263990 0.264012 0.264051 0.264153 0.264151 0.264159 0.264161 0.264160 0.264165 0.264161 0.264073 0.264031 0.264012 0.264002 0.263972 0.000000 0.000000
0.000000 0.000000 0.258584 0.258603 0.258611 0.258634 0.258743 0.258768 0.258784 0.258790 0.258790 0.258790 0.258796 0.258793 0.258764 0.258661 0.258640 0.258618 0.258600 0.000000 0.000000
0.000000 0.000000 0.252750 0.252763 0.252793 0.252888 0.252938 0.253003 0.253034 0.253043 0.253059 0.253061 0.253055 0.253063 0.253013 0.252944 0.252828 0.252832 0.252816 0.000000 0.000000
0.000000 0.000000 0.246691 0.246706 0.246823 0.246841 0.246874 0.246906 0.246907 0.246908 0.246902 0.246905 0.246920 0.246896 0.246879 0.246852 0.246857 0.246725 0.246696 0.000000 0.000000
0.000000 0.000000 0.239896 0.240055 0.240146 0.240192 0.240276 0.240319 0.240328 0.240334 0.240352 0.240352 0.240348 0.240360 0.240326 0.240233 0.240173 0.240116 0.239959 0.000000 0.000000
0.000000 0.000000 0.234681 0.234705 0.234599 0.234657 0.234725 0.234880 0.234893 0.234907 0.234900 0.234902 0.234911 0.234896 0.234754 0.234682 0.234598 0.234733 0.234682 0.000000 0.000000
0.000000 0.000000 0.300000 0.300000 0.300000 0.300000 0.300000 0.300000 0.300000 0.300000 0.300000 0.300000 0.300000 0.300000 0.300000 0.300000 0.300000 0.300000 0.300000 0.000000 0.000000
0.000000 0.000000 0.000000 0.000000 0.000000 0.000000 0.000000 0.000000 0.000000 0.000000 0.000000 0.000000 0.000000 0.000000 0.000000 0.000000 0.000000 0.000000 0.000000 0.000000 0.000000