geotop/1.0zi/1.0Montebello/Templates/testdem/maps/_Eocsilt9072.asc
ncols         21
nrows         20
xllcorner     100.000000
yllcorner     100.000000
cellsize      50.000000
NODATA_value  -9999.0
0.000000 0.000000 0.000000 0.000000 0.000000 0.000000 0.000000 0.000000 0.000000 0.000000 0.000000 0.000000 0.000000 0.000000 0.000000 0.000000 0.000000 0.000000 0.000000 0.000000 0.000000
0.000000 0.000000 0.350192 0.350192 0.350193 0.350193 0.350192 0.350192 0.350193 0.350192 0.350193 0.350192 0.350192 0.350192 0.350192 0.350192 0.350193 0.350193 0.350192 0.000000 0.000000
0.000000 0.000000 0.350005 0.350005 0.350005 0.350005 0.350006 0.350006 0.350006 0.350006 0.350006 0.350006 0.350007 0.350006 0.350006 0.350005 0.350004 0.350004 0.350005 0.000000 0.000000
0.000000 0.000000 0.350123 0.350119 0.350114 0.350109 0.350109 0.350105 0.350107 0.350108 0.350105 0.350107 0.350108 0.350108 0.350110 0.350114 0.350119 0.350119 0.350122 0.000000 0.000000
0.000000 0.000000 0.351258 0.351262 0.351251 0.351235 0.351226 0.351221 0.351223 0.351220 0.351220 0.351222 0.351226 0.351224 0.351237 0.351244 0.351247 0.351250 0.351253 0.000000 0.000000
0.000000 0.000000 0.354477 0.354472 0.354457 0.354438 0.354410 0.354388 0.354386 0.354380 0.354384 0.354384 0.354388 0.354385 0.354400 0.354418 0.354428 0.354432 0.354439 0.000000 0.000000
0.000000 0.000000 0.359056 0.359046 0.359030 0.358999 0.358961 0.358915 0.358919 0.358915 0.358914 0.358913 0.358910 0.358915 0.358953 0.358981 0.358999 0.359011 0.359018 0.000000 0.000000
0.000000 0.000000 0.364465 0.364454 0.364442 0.364407 0.364370 0.364327 0.364329 0.364324 0.364322 0.364318 0.364316 0.364324 0.364360 0.364393 0.364422 0.364423 0.364437 0.000000 0.000000
0.000000 0.000000 0.370356 0.370339 0.370318 0.370293 0.370250 0.370199 0.370204 0.370194 0.370189 0.370187 0.370189 0.370187 0.370238 0.370276 0.370299 0.370304 0.370318 0.000000 0.000000
0.000000 0.000000 0.376715 0.376696 0.376681 0.376655 0.376596 0.376551 0.376553 0.376546 0.376538 0.376542 0.376548 0.376546 0.376587 0.376635 0.376660 0.376665 0.376672 0.000000 0.000000
0.000000 0.000000 0.383761 0.383746 0.383731 0.383671 0.383633 0.383575 0.383591 0.383557 0.383562 0.383558 0.383546 0.383566 0.383609 0.383638 0.383674 0.383684 0.383713 0.000000 0.000000
0.000000 0.000000 0.391789 0.391761 0.391725 0.391693 0.391640 0.391569 0.391568 0.391565 0.391577 0.391550 0.391562 0.391561 0.391637 0.391678 0.391696 0.391704 0.391766 0.000000 0.000000
0.000000 0.000000 0.400666 0.400634 0.400625 0.400562 0.400518 0.400312 0.400312 0.400302 0.400237 0.400274 0.400281 0.400300 0.400459 0.400497 0.400571 0.400569 0.400593 0.000000 0.000000
0.000000 0.000000 0.411416 0.411402 0.411343 0.411304 0.411017 0.411082 0.411028 0.411030 0.411059 0.411029 0.411023 0.410998 0.410942 0.411245 0.411267 0.411332 0.411380 0.000000 0.000000
0.000000 0.000000 0.424107 0.424065 0.424000 0.423629 0.423722 0.423523 0.423459 0.423440 0.423365 0.423328 0.423370 0.423368 0.423558 0.423478 0.423962 0.423851 0.423846 0.000000 0.000000
0.000000 0.000000 0.437208 0.437177 0.436672 0.436883 0.436813 0.436812 0.437024 0.436965 0.437075 0.437050 0.436959 0.437081 0.437047 0.437105 0.436614 0.437351 0.437340 0.000000 0.000000
0.000000 0.000000 0.451268 0.450671 0.450864 0.450600 0.450301 0.450211 0.450014 0.450061 0.449861 0.449884 0.449999 0.449878 0.450040 0.450259 0.450833 0.450385 0.451000 0.000000 0.000000
0.000000 0.000000 0.455533 0.455910 0.456293 0.456262 0.456258 0.455881 0.455937 0.455830 0.455998 0.455961 0.455940 0.455993 0.456309 0.456313 0.456345 0.456021 0.455643 0.000000 0.000000
0.000000 0.000000 0.350000 0.350000 0.350000 0.350000 0.350000 0.350000 0.350000 0.350000 0.350000 0.350000 0.350000 0.350000 0.350000 0.350000 0.350000 0.350000 0.350000 0.000000 0.000000
0.000000 0.000000 0.000000 0.000000 0.000000 0.000000 0.000000 0.000000 0.000000 0.000000 0.000000 0.000000 0.000000 0.000000 0.000000 0.000000 0.000000 0.000000 0.000000 0.000000 0.000000