geotop/1.0zi/1.0Montebello/Templates/testdem/maps/_Eocsilt9122.asc
ncols         21
nrows         20
xllcorner     100.000000
yllcorner     100.000000
cellsize      50.000000
NODATA_value  -9999.0
0.000000 0.000000 0.000000 0.000000 0.000000 0.000000 0.000000 0.000000 0.000000 0.000000 0.000000 0.000000 0.000000 0.000000 0.000000 0.000000 0.000000 0.000000 0.000000 0.000000 0.000000
0.000000 0.000000 0.350194 0.350194 0.350194 0.350194 0.350194 0.350194 0.350194 0.350194 0.350194 0.350194 0.350194 0.350194 0.350194 0.350194 0.350195 0.350195 0.350194 0.000000 0.000000
0.000000 0.000000 0.350005 0.350005 0.350006 0.350005 0.350006 0.350006 0.350006 0.350006 0.350006 0.350006 0.350007 0.350007 0.350006 0.350005 0.350004 0.350004 0.350005 0.000000 0.000000
0.000000 0.000000 0.350123 0.350119 0.350114 0.350109 0.350109 0.350104 0.350107 0.350108 0.350104 0.350107 0.350107 0.350107 0.350110 0.350114 0.350119 0.350119 0.350122 0.000000 0.000000
0.000000 0.000000 0.351266 0.351270 0.351260 0.351244 0.351234 0.351230 0.351231 0.351228 0.351228 0.351230 0.351234 0.351232 0.351246 0.351252 0.351255 0.351259 0.351261 0.000000 0.000000
0.000000 0.000000 0.354512 0.354506 0.354492 0.354473 0.354444 0.354423 0.354420 0.354415 0.354418 0.354419 0.354422 0.354420 0.354434 0.354452 0.354462 0.354466 0.354473 0.000000 0.000000
0.000000 0.000000 0.359129 0.359119 0.359103 0.359072 0.359033 0.358987 0.358990 0.358987 0.358986 0.358985 0.358982 0.358987 0.359024 0.359052 0.359071 0.359083 0.359090 0.000000 0.000000
0.000000 0.000000 0.364586 0.364574 0.364562 0.364528 0.364490 0.364447 0.364449 0.364444 0.364441 0.364438 0.364436 0.364444 0.364480 0.364512 0.364542 0.364544 0.364558 0.000000 0.000000
0.000000 0.000000 0.370530 0.370513 0.370493 0.370468 0.370424 0.370372 0.370377 0.370367 0.370362 0.370360 0.370362 0.370360 0.370412 0.370450 0.370472 0.370479 0.370492 0.000000 0.000000
0.000000 0.000000 0.376957 0.376937 0.376921 0.376895 0.376837 0.376790 0.376792 0.376785 0.376777 0.376781 0.376787 0.376785 0.376826 0.376874 0.376900 0.376906 0.376913 0.000000 0.000000
0.000000 0.000000 0.384090 0.384075 0.384062 0.384000 0.383963 0.383902 0.383917 0.383884 0.383889 0.383885 0.383873 0.383893 0.383937 0.383966 0.384001 0.384013 0.384043 0.000000 0.000000
0.000000 0.000000 0.392232 0.392200 0.392164 0.392134 0.392081 0.392007 0.392007 0.392002 0.392016 0.391987 0.391999 0.391999 0.392075 0.392117 0.392136 0.392144 0.392207 0.000000 0.000000
0.000000 0.000000 0.401242 0.401212 0.401203 0.401137 0.401093 0.400882 0.400881 0.400871 0.400805 0.400843 0.400850 0.400870 0.401031 0.401069 0.401144 0.401145 0.401169 0.000000 0.000000
0.000000 0.000000 0.412178 0.412164 0.412105 0.412063 0.411773 0.411842 0.411784 0.411786 0.411816 0.411785 0.411778 0.411754 0.411691 0.412002 0.412023 0.412092 0.412141 0.000000 0.000000
0.000000 0.000000 0.425070 0.425029 0.424964 0.424583 0.424686 0.424476 0.424409 0.424389 0.424313 0.424275 0.424318 0.424317 0.424513 0.424424 0.424921 0.424810 0.424804 0.000000 0.000000
0.000000 0.000000 0.438283 0.438252 0.437742 0.437961 0.437892 0.437892 0.438107 0.438047 0.438160 0.438134 0.438042 0.438165 0.438125 0.438183 0.437677 0.438428 0.438417 0.000000 0.000000
0.000000 0.000000 0.452264 0.451678 0.451872 0.451610 0.451319 0.451228 0.451033 0.451080 0.450882 0.450904 0.451018 0.450899 0.451057 0.451272 0.451837 0.451392 0.451997 0.000000 0.000000
0.000000 0.000000 0.456574 0.456925 0.457298 0.457264 0.457255 0.456890 0.456939 0.456838 0.456995 0.456960 0.456942 0.456991 0.457295 0.457304 0.457343 0.457023 0.456673 0.000000 0.000000
0.000000 0.000000 0.350000 0.350000 0.350000 0.350000 0.350000 0.350000 0.350000 0.350000 0.350000 0.350000 0.350000 0.350000 0.350000 0.350000 0.350000 0.350000 0.350000 0.000000 0.000000
0.000000 0.000000 0.000000 0.000000 0.000000 0.000000 0.000000 0.000000 0.000000 0.000000 0.000000 0.000000 0.000000 0.000000 0.000000 0.000000 0.000000 0.000000 0.000000 0.000000 0.000000