geotop/1.0zi/1.0Montebello/Templates/testdem/maps/_Eocclay190o.asc
ncols         21
nrows         20
xllcorner     100.000000
yllcorner     100.000000
cellsize      50.000000
NODATA_value  -9999.0
0.000000 0.000000 0.000000 0.000000 0.000000 0.000000 0.000000 0.000000 0.000000 0.000000 0.000000 0.000000 0.000000 0.000000 0.000000 0.000000 0.000000 0.000000 0.000000 0.000000 0.000000
0.000000 0.000000 0.349429 0.349431 0.349431 0.349430 0.349432 0.349433 0.349432 0.349432 0.349431 0.349432 0.349432 0.349432 0.349432 0.349432 0.349430 0.349430 0.349431 0.000000 0.000000
0.000000 0.000000 0.349973 0.349972 0.349972 0.349974 0.349971 0.349971 0.349972 0.349971 0.349971 0.349972 0.349971 0.349971 0.349972 0.349973 0.349973 0.349973 0.349972 0.000000 0.000000
0.000000 0.000000 0.350126 0.350136 0.350130 0.350127 0.350132 0.350132 0.350133 0.350129 0.350131 0.350128 0.350128 0.350130 0.350131 0.350135 0.350133 0.350132 0.350132 0.000000 0.000000
0.000000 0.000000 0.352330 0.352315 0.352305 0.352287 0.352263 0.352254 0.352249 0.352249 0.352247 0.352255 0.352256 0.352254 0.352262 0.352269 0.352284 0.352297 0.352302 0.000000 0.000000
0.000000 0.000000 0.357807 0.357795 0.357765 0.357718 0.357681 0.357642 0.357643 0.357635 0.357632 0.357634 0.357641 0.357636 0.357653 0.357694 0.357713 0.357732 0.357736 0.000000 0.000000
0.000000 0.000000 0.365081 0.365063 0.365038 0.364988 0.364939 0.364857 0.364850 0.364840 0.364840 0.364841 0.364841 0.364839 0.364897 0.364943 0.364970 0.364992 0.364997 0.000000 0.000000
0.000000 0.000000 0.373982 0.373960 0.373931 0.373860 0.373804 0.373729 0.373719 0.373708 0.373702 0.373702 0.373698 0.373707 0.373757 0.373808 0.373853 0.373867 0.373881 0.000000 0.000000
0.000000 0.000000 0.384302 0.384270 0.384226 0.384168 0.384100 0.384003 0.383998 0.383975 0.383972 0.383965 0.383967 0.383959 0.384037 0.384103 0.384139 0.384164 0.384175 0.000000 0.000000
0.000000 0.000000 0.396594 0.396542 0.396492 0.396434 0.396348 0.396245 0.396225 0.396211 0.396197 0.396203 0.396218 0.396209 0.396270 0.396360 0.396409 0.396436 0.396437 0.000000 0.000000
0.000000 0.000000 0.411768 0.411716 0.411677 0.411510 0.411477 0.411321 0.411348 0.411261 0.411287 0.411268 0.411229 0.411270 0.411351 0.411402 0.411477 0.411512 0.411573 0.000000 0.000000
0.000000 0.000000 0.430615 0.430508 0.430386 0.430335 0.430250 0.430047 0.430006 0.430018 0.430047 0.429978 0.430009 0.429977 0.430144 0.430254 0.430281 0.430319 0.430435 0.000000 0.000000
0.000000 0.000000 0.450485 0.450405 0.450404 0.450246 0.450148 0.449641 0.449597 0.449550 0.449355 0.449506 0.449498 0.449539 0.449896 0.449966 0.450166 0.450199 0.450142 0.000000 0.000000
0.000000 0.000000 0.468370 0.468357 0.468231 0.468183 0.467737 0.468012 0.467902 0.467898 0.468014 0.467909 0.467895 0.467827 0.467597 0.468095 0.468075 0.468194 0.468248 0.000000 0.000000
0.000000 0.000000 0.479398 0.479371 0.479313 0.479083 0.479118 0.479018 0.478972 0.478959 0.478917 0.478895 0.478918 0.478911 0.478992 0.478964 0.479247 0.479198 0.479191 0.000000 0.000000
0.000000 0.000000 0.486812 0.486794 0.486635 0.486626 0.486600 0.486577 0.486614 0.486595 0.486612 0.486597 0.486580 0.486606 0.486608 0.486637 0.486586 0.486766 0.486766 0.000000 0.000000
0.000000 0.000000 0.492796 0.492655 0.492682 0.492546 0.492498 0.492437 0.492379 0.492385 0.492325 0.492323 0.492356 0.492327 0.492393 0.492426 0.492645 0.492524 0.492658 0.000000 0.000000
0.000000 0.000000 0.495700 0.495834 0.495872 0.495845 0.495880 0.495758 0.495791 0.495754 0.495805 0.495789 0.495774 0.495803 0.495895 0.495866 0.495861 0.495846 0.495701 0.000000 0.000000
0.000000 0.000000 0.350000 0.350000 0.350000 0.350000 0.350000 0.350000 0.350000 0.350000 0.350000 0.350000 0.350000 0.350000 0.350000 0.350000 0.350000 0.350000 0.350000 0.000000 0.000000
0.000000 0.000000 0.000000 0.000000 0.000000 0.000000 0.000000 0.000000 0.000000 0.000000 0.000000 0.000000 0.000000 0.000000 0.000000 0.000000 0.000000 0.000000 0.000000 0.000000 0.000000