geotop/1.0zi/1.0Montebello/Templates/testdem/maps/_Eocsand045e.asc
ncols         21
nrows         20
xllcorner     100.000000
yllcorner     100.000000
cellsize      50.000000
NODATA_value  -9999.0
0.000000 0.000000 0.000000 0.000000 0.000000 0.000000 0.000000 0.000000 0.000000 0.000000 0.000000 0.000000 0.000000 0.000000 0.000000 0.000000 0.000000 0.000000 0.000000 0.000000 0.000000
0.000000 0.000000 0.300265 0.300262 0.300263 0.300263 0.300262 0.300262 0.300262 0.300263 0.300263 0.300263 0.300263 0.300263 0.300263 0.300262 0.300264 0.300263 0.300263 0.000000 0.000000
0.000000 0.000000 0.300012 0.300014 0.300014 0.300012 0.300014 0.300014 0.300014 0.300014 0.300014 0.300014 0.300013 0.300013 0.300013 0.300013 0.300014 0.300015 0.300015 0.000000 0.000000
0.000000 0.000000 0.299724 0.299718 0.299729 0.299737 0.299737 0.299743 0.299735 0.299737 0.299737 0.299735 0.299734 0.299736 0.299730 0.299723 0.299721 0.299719 0.299720 0.000000 0.000000
0.000000 0.000000 0.296371 0.296373 0.296393 0.296432 0.296463 0.296475 0.296474 0.296474 0.296477 0.296470 0.296464 0.296465 0.296442 0.296426 0.296406 0.296393 0.296380 0.000000 0.000000
0.000000 0.000000 0.287723 0.287733 0.287776 0.287851 0.287922 0.287985 0.287980 0.287988 0.287992 0.287990 0.287979 0.287984 0.287949 0.287889 0.287856 0.287830 0.287818 0.000000 0.000000
0.000000 0.000000 0.275922 0.275945 0.275982 0.276070 0.276160 0.276287 0.276282 0.276289 0.276302 0.276302 0.276303 0.276299 0.276201 0.276127 0.276078 0.276044 0.276030 0.000000 0.000000
0.000000 0.000000 0.261833 0.261861 0.261900 0.262011 0.262111 0.262226 0.262222 0.262232 0.262248 0.262253 0.262257 0.262240 0.262149 0.262066 0.261988 0.261969 0.261940 0.000000 0.000000
0.000000 0.000000 0.246091 0.246131 0.246196 0.246284 0.246401 0.246541 0.246526 0.246547 0.246570 0.246574 0.246567 0.246576 0.246445 0.246343 0.246282 0.246253 0.246228 0.000000 0.000000
0.000000 0.000000 0.228306 0.228364 0.228422 0.228520 0.228652 0.228803 0.228798 0.228810 0.228845 0.228832 0.228816 0.228824 0.228720 0.228585 0.228510 0.228478 0.228468 0.000000 0.000000
0.000000 0.000000 0.207537 0.207585 0.207638 0.207855 0.207917 0.208125 0.208079 0.208172 0.208169 0.208186 0.208221 0.208166 0.208043 0.207959 0.207851 0.207811 0.207722 0.000000 0.000000
0.000000 0.000000 0.182649 0.182758 0.182897 0.182997 0.183119 0.183384 0.183392 0.183380 0.183360 0.183456 0.183405 0.183433 0.183198 0.183054 0.182998 0.182958 0.182782 0.000000 0.000000
0.000000 0.000000 0.154326 0.154420 0.154447 0.154669 0.154817 0.155560 0.155568 0.155605 0.155892 0.155709 0.155705 0.155638 0.155104 0.154991 0.154706 0.154688 0.154678 0.000000 0.000000
0.000000 0.000000 0.120083 0.120112 0.120366 0.120499 0.121515 0.121038 0.121248 0.121225 0.121044 0.121225 0.121247 0.121377 0.121807 0.120692 0.120694 0.120426 0.120282 0.000000 0.000000
0.000000 0.000000 0.087438 0.087526 0.087659 0.088676 0.088137 0.088838 0.088944 0.089001 0.089265 0.089313 0.089204 0.089178 0.088579 0.089114 0.087792 0.088120 0.088190 0.000000 0.000000
0.000000 0.000000 0.065424 0.065463 0.066128 0.065901 0.065984 0.066024 0.065749 0.065824 0.065701 0.065729 0.065841 0.065692 0.065732 0.065657 0.066259 0.065301 0.065324 0.000000 0.000000
0.000000 0.000000 0.049832 0.050094 0.050295 0.050296 0.050467 0.050506 0.050472 0.050482 0.050512 0.050513 0.050513 0.050502 0.050469 0.050332 0.050366 0.050137 0.049885 0.000000 0.000000
0.000000 0.000000 0.040111 0.040269 0.040262 0.040297 0.040435 0.040539 0.040542 0.040560 0.040574 0.040577 0.040563 0.040567 0.040455 0.040364 0.040295 0.040316 0.040158 0.000000 0.000000
0.000000 0.000000 0.300000 0.300000 0.300000 0.300000 0.300000 0.300000 0.300000 0.300000 0.300000 0.300000 0.300000 0.300000 0.300000 0.300000 0.300000 0.300000 0.300000 0.000000 0.000000
0.000000 0.000000 0.000000 0.000000 0.000000 0.000000 0.000000 0.000000 0.000000 0.000000 0.000000 0.000000 0.000000 0.000000 0.000000 0.000000 0.000000 0.000000 0.000000 0.000000 0.000000