geotop/1.0zi/1.0Montebello/Templates/testdem/maps/_Eocclay4645.asc
ncols         21
nrows         20
xllcorner     100.000000
yllcorner     100.000000
cellsize      50.000000
NODATA_value  -9999.0
0.000000 0.000000 0.000000 0.000000 0.000000 0.000000 0.000000 0.000000 0.000000 0.000000 0.000000 0.000000 0.000000 0.000000 0.000000 0.000000 0.000000 0.000000 0.000000 0.000000 0.000000
0.000000 0.000000 0.349794 0.349795 0.349795 0.349795 0.349795 0.349795 0.349795 0.349795 0.349795 0.349795 0.349795 0.349795 0.349795 0.349795 0.349795 0.349795 0.349795 0.000000 0.000000
0.000000 0.000000 0.349992 0.349993 0.349993 0.349992 0.349992 0.349993 0.349992 0.349992 0.349992 0.349992 0.349992 0.349993 0.349992 0.349993 0.349992 0.349992 0.349992 0.000000 0.000000
0.000000 0.000000 0.349994 0.349995 0.349993 0.349994 0.349995 0.349995 0.349995 0.349994 0.349995 0.349994 0.349994 0.349993 0.349996 0.349997 0.349996 0.349996 0.349995 0.000000 0.000000
0.000000 0.000000 0.350339 0.350337 0.350337 0.350332 0.350324 0.350322 0.350322 0.350322 0.350321 0.350323 0.350320 0.350321 0.350326 0.350325 0.350329 0.350330 0.350333 0.000000 0.000000
0.000000 0.000000 0.351596 0.351600 0.351594 0.351579 0.351574 0.351561 0.351559 0.351555 0.351559 0.351560 0.351563 0.351564 0.351566 0.351576 0.351581 0.351589 0.351593 0.000000 0.000000
0.000000 0.000000 0.353469 0.353465 0.353463 0.353450 0.353436 0.353415 0.353414 0.353410 0.353413 0.353414 0.353415 0.353415 0.353430 0.353447 0.353455 0.353462 0.353468 0.000000 0.000000
0.000000 0.000000 0.355629 0.355628 0.355626 0.355611 0.355596 0.355575 0.355576 0.355573 0.355574 0.355574 0.355572 0.355572 0.355591 0.355607 0.355616 0.355620 0.355628 0.000000 0.000000
0.000000 0.000000 0.357794 0.357792 0.357788 0.357777 0.357763 0.357742 0.357744 0.357740 0.357741 0.357742 0.357739 0.357740 0.357757 0.357775 0.357782 0.357786 0.357794 0.000000 0.000000
0.000000 0.000000 0.359967 0.359963 0.359961 0.359950 0.359932 0.359913 0.359916 0.359913 0.359913 0.359914 0.359911 0.359910 0.359929 0.359948 0.359956 0.359960 0.359966 0.000000 0.000000
0.000000 0.000000 0.362185 0.362181 0.362179 0.362171 0.362158 0.362134 0.362136 0.362131 0.362132 0.362133 0.362130 0.362130 0.362146 0.362160 0.362170 0.362175 0.362183 0.000000 0.000000
0.000000 0.000000 0.364480 0.364477 0.364473 0.364460 0.364446 0.364424 0.364423 0.364420 0.364421 0.364420 0.364418 0.364417 0.364438 0.364455 0.364464 0.364468 0.364492 0.000000 0.000000
0.000000 0.000000 0.366810 0.366806 0.366801 0.366792 0.366775 0.366727 0.366728 0.366724 0.366724 0.366725 0.366721 0.366722 0.366763 0.366783 0.366792 0.366796 0.366811 0.000000 0.000000
0.000000 0.000000 0.369281 0.369273 0.369270 0.369260 0.369212 0.369199 0.369192 0.369188 0.369190 0.369190 0.369186 0.369186 0.369200 0.369248 0.369258 0.369268 0.369277 0.000000 0.000000
0.000000 0.000000 0.371950 0.371944 0.371932 0.371890 0.371867 0.371837 0.371822 0.371817 0.371811 0.371811 0.371812 0.371806 0.371830 0.371864 0.371917 0.371915 0.371923 0.000000 0.000000
0.000000 0.000000 0.374709 0.374703 0.374652 0.374644 0.374629 0.374614 0.374613 0.374611 0.374615 0.374614 0.374606 0.374615 0.374623 0.374637 0.374638 0.374695 0.374709 0.000000 0.000000
0.000000 0.000000 0.377786 0.377717 0.377675 0.377655 0.377620 0.377601 0.377596 0.377593 0.377586 0.377587 0.377587 0.377581 0.377595 0.377637 0.377664 0.377692 0.377761 0.000000 0.000000
0.000000 0.000000 0.380179 0.380165 0.380211 0.380185 0.380155 0.380086 0.380079 0.380072 0.380076 0.380076 0.380070 0.380075 0.380137 0.380172 0.380212 0.380153 0.380180 0.000000 0.000000
0.000000 0.000000 0.350000 0.350000 0.350000 0.350000 0.350000 0.350000 0.350000 0.350000 0.350000 0.350000 0.350000 0.350000 0.350000 0.350000 0.350000 0.350000 0.350000 0.000000 0.000000
0.000000 0.000000 0.000000 0.000000 0.000000 0.000000 0.000000 0.000000 0.000000 0.000000 0.000000 0.000000 0.000000 0.000000 0.000000 0.000000 0.000000 0.000000 0.000000 0.000000 0.000000