geotop/1.0zi/1.0Montebello/Templates/testdem/maps/_Eocsand7576.asc
ncols         21
nrows         20
xllcorner     100.000000
yllcorner     100.000000
cellsize      50.000000
NODATA_value  -9999.0
0.000000 0.000000 0.000000 0.000000 0.000000 0.000000 0.000000 0.000000 0.000000 0.000000 0.000000 0.000000 0.000000 0.000000 0.000000 0.000000 0.000000 0.000000 0.000000 0.000000 0.000000
0.000000 0.000000 0.300191 0.300189 0.300188 0.300189 0.300188 0.300188 0.300188 0.300188 0.300189 0.300188 0.300188 0.300189 0.300188 0.300188 0.300190 0.300189 0.300189 0.000000 0.000000
0.000000 0.000000 0.300010 0.300011 0.300010 0.300009 0.300010 0.300011 0.300010 0.300010 0.300010 0.300011 0.300010 0.300010 0.300010 0.300010 0.300011 0.300011 0.300012 0.000000 0.000000
0.000000 0.000000 0.299894 0.299893 0.299898 0.299905 0.299901 0.299909 0.299904 0.299906 0.299906 0.299906 0.299906 0.299908 0.299903 0.299898 0.299896 0.299893 0.299893 0.000000 0.000000
0.000000 0.000000 0.298090 0.298087 0.298095 0.298111 0.298132 0.298141 0.298148 0.298146 0.298149 0.298148 0.298152 0.298146 0.298123 0.298117 0.298106 0.298095 0.298086 0.000000 0.000000
0.000000 0.000000 0.293125 0.293125 0.293146 0.293188 0.293219 0.293264 0.293263 0.293275 0.293268 0.293268 0.293265 0.293265 0.293242 0.293212 0.293186 0.293163 0.293153 0.000000 0.000000
0.000000 0.000000 0.286118 0.286125 0.286143 0.286191 0.286250 0.286318 0.286319 0.286327 0.286326 0.286326 0.286330 0.286324 0.286264 0.286211 0.286179 0.286151 0.286137 0.000000 0.000000
0.000000 0.000000 0.277773 0.277776 0.277789 0.277843 0.277900 0.277975 0.277976 0.277983 0.277985 0.277990 0.277995 0.277981 0.277916 0.277865 0.277816 0.277801 0.277777 0.000000 0.000000
0.000000 0.000000 0.268935 0.268949 0.268976 0.269010 0.269070 0.269151 0.269147 0.269164 0.269169 0.269172 0.269171 0.269173 0.269094 0.269030 0.268991 0.268972 0.268952 0.000000 0.000000
0.000000 0.000000 0.259702 0.259719 0.259733 0.259766 0.259852 0.259924 0.259923 0.259932 0.259944 0.259938 0.259928 0.259932 0.259866 0.259793 0.259748 0.259733 0.259718 0.000000 0.000000
0.000000 0.000000 0.249808 0.249819 0.249834 0.249905 0.249965 0.250048 0.250031 0.250075 0.250070 0.250071 0.250088 0.250058 0.249999 0.249953 0.249897 0.249866 0.249829 0.000000 0.000000
0.000000 0.000000 0.238977 0.239006 0.239038 0.239085 0.239150 0.239254 0.239258 0.239273 0.239250 0.239284 0.239276 0.239268 0.239162 0.239109 0.239070 0.239047 0.238954 0.000000 0.000000
0.000000 0.000000 0.227425 0.227454 0.227467 0.227530 0.227588 0.227842 0.227845 0.227861 0.227926 0.227894 0.227879 0.227855 0.227660 0.227606 0.227509 0.227496 0.227445 0.000000 0.000000
0.000000 0.000000 0.214154 0.214164 0.214214 0.214259 0.214560 0.214563 0.214626 0.214626 0.214617 0.214630 0.214638 0.214648 0.214656 0.214344 0.214283 0.214199 0.214134 0.000000 0.000000
0.000000 0.000000 0.198760 0.198785 0.198850 0.199213 0.199221 0.199400 0.199494 0.199513 0.199574 0.199619 0.199581 0.199591 0.199417 0.199384 0.198898 0.198958 0.198938 0.000000 0.000000
0.000000 0.000000 0.181891 0.181917 0.182434 0.182353 0.182384 0.182459 0.182285 0.182348 0.182262 0.182306 0.182385 0.182257 0.182219 0.182192 0.182481 0.181759 0.181768 0.000000 0.000000
0.000000 0.000000 0.161014 0.161828 0.161769 0.162044 0.162452 0.162576 0.162754 0.162716 0.162939 0.162926 0.162808 0.162914 0.162710 0.162409 0.161800 0.162080 0.161241 0.000000 0.000000
0.000000 0.000000 0.150930 0.150298 0.149544 0.149594 0.149635 0.150342 0.150270 0.150461 0.150185 0.150247 0.150270 0.150183 0.149570 0.149544 0.149408 0.150054 0.150662 0.000000 0.000000
0.000000 0.000000 0.300000 0.300000 0.300000 0.300000 0.300000 0.300000 0.300000 0.300000 0.300000 0.300000 0.300000 0.300000 0.300000 0.300000 0.300000 0.300000 0.300000 0.000000 0.000000
0.000000 0.000000 0.000000 0.000000 0.000000 0.000000 0.000000 0.000000 0.000000 0.000000 0.000000 0.000000 0.000000 0.000000 0.000000 0.000000 0.000000 0.000000 0.000000 0.000000 0.000000