geotop/1.0zi/1.0Montebello/Templates/testdem/maps/_Eocsilt8900.asc
ncols         21
nrows         20
xllcorner     100.000000
yllcorner     100.000000
cellsize      50.000000
NODATA_value  -9999.0
0.000000 0.000000 0.000000 0.000000 0.000000 0.000000 0.000000 0.000000 0.000000 0.000000 0.000000 0.000000 0.000000 0.000000 0.000000 0.000000 0.000000 0.000000 0.000000 0.000000 0.000000
0.000000 0.000000 0.350191 0.350191 0.350191 0.350191 0.350191 0.350191 0.350191 0.350191 0.350191 0.350190 0.350191 0.350191 0.350190 0.350191 0.350191 0.350191 0.350191 0.000000 0.000000
0.000000 0.000000 0.350005 0.350005 0.350005 0.350005 0.350006 0.350005 0.350006 0.350006 0.350006 0.350006 0.350006 0.350006 0.350006 0.350005 0.350003 0.350004 0.350005 0.000000 0.000000
0.000000 0.000000 0.350121 0.350117 0.350111 0.350107 0.350106 0.350102 0.350105 0.350105 0.350102 0.350105 0.350105 0.350105 0.350107 0.350111 0.350116 0.350116 0.350119 0.000000 0.000000
0.000000 0.000000 0.351226 0.351231 0.351223 0.351207 0.351198 0.351195 0.351195 0.351192 0.351192 0.351194 0.351198 0.351197 0.351210 0.351217 0.351219 0.351223 0.351225 0.000000 0.000000
0.000000 0.000000 0.354350 0.354346 0.354335 0.354316 0.354289 0.354268 0.354268 0.354262 0.354266 0.354267 0.354270 0.354268 0.354283 0.354300 0.354311 0.354314 0.354321 0.000000 0.000000
0.000000 0.000000 0.358786 0.358777 0.358765 0.358734 0.358698 0.358654 0.358658 0.358654 0.358654 0.358653 0.358651 0.358656 0.358693 0.358720 0.358739 0.358750 0.358757 0.000000 0.000000
0.000000 0.000000 0.364031 0.364022 0.364015 0.363982 0.363946 0.363905 0.363907 0.363902 0.363901 0.363898 0.363896 0.363904 0.363939 0.363971 0.364000 0.364001 0.364015 0.000000 0.000000
0.000000 0.000000 0.369730 0.369717 0.369700 0.369676 0.369636 0.369586 0.369592 0.369582 0.369579 0.369577 0.369579 0.369577 0.369627 0.369664 0.369686 0.369692 0.369706 0.000000 0.000000
0.000000 0.000000 0.375859 0.375843 0.375834 0.375809 0.375753 0.375710 0.375713 0.375706 0.375699 0.375704 0.375709 0.375708 0.375747 0.375794 0.375819 0.375824 0.375831 0.000000 0.000000
0.000000 0.000000 0.382620 0.382610 0.382600 0.382544 0.382507 0.382453 0.382469 0.382435 0.382442 0.382438 0.382427 0.382447 0.382488 0.382516 0.382551 0.382562 0.382589 0.000000 0.000000
0.000000 0.000000 0.390287 0.390264 0.390236 0.390207 0.390157 0.390090 0.390091 0.390086 0.390100 0.390074 0.390086 0.390086 0.390159 0.390198 0.390215 0.390223 0.390283 0.000000 0.000000
0.000000 0.000000 0.398729 0.398704 0.398701 0.398642 0.398602 0.398408 0.398410 0.398400 0.398341 0.398376 0.398383 0.398402 0.398552 0.398588 0.398658 0.398657 0.398681 0.000000 0.000000
0.000000 0.000000 0.408899 0.408891 0.408845 0.408808 0.408544 0.408598 0.408549 0.408551 0.408577 0.408551 0.408546 0.408525 0.408478 0.408759 0.408782 0.408844 0.408889 0.000000 0.000000
0.000000 0.000000 0.420942 0.420910 0.420856 0.420513 0.420591 0.420410 0.420350 0.420332 0.420267 0.420232 0.420271 0.420268 0.420441 0.420379 0.420828 0.420729 0.420726 0.000000 0.000000
0.000000 0.000000 0.433631 0.433607 0.433134 0.433321 0.433264 0.433256 0.433457 0.433400 0.433504 0.433479 0.433394 0.433511 0.433486 0.433536 0.433089 0.433786 0.433774 0.000000 0.000000
0.000000 0.000000 0.447869 0.447253 0.447453 0.447185 0.446876 0.446784 0.446587 0.446635 0.446432 0.446456 0.446574 0.446451 0.446617 0.446844 0.447428 0.446978 0.447615 0.000000 0.000000
0.000000 0.000000 0.452090 0.452557 0.452982 0.452967 0.452983 0.452570 0.452645 0.452523 0.452723 0.452681 0.452652 0.452718 0.453060 0.453051 0.453051 0.452715 0.452253 0.000000 0.000000
0.000000 0.000000 0.350000 0.350000 0.350000 0.350000 0.350000 0.350000 0.350000 0.350000 0.350000 0.350000 0.350000 0.350000 0.350000 0.350000 0.350000 0.350000 0.350000 0.000000 0.000000
0.000000 0.000000 0.000000 0.000000 0.000000 0.000000 0.000000 0.000000 0.000000 0.000000 0.000000 0.000000 0.000000 0.000000 0.000000 0.000000 0.000000 0.000000 0.000000 0.000000 0.000000