geotop/1.0zi/1.0Montebello/Templates/testdem/maps/_Eocclay1238.asc
ncols         21
nrows         20
xllcorner     100.000000
yllcorner     100.000000
cellsize      50.000000
NODATA_value  -9999.0
0.000000 0.000000 0.000000 0.000000 0.000000 0.000000 0.000000 0.000000 0.000000 0.000000 0.000000 0.000000 0.000000 0.000000 0.000000 0.000000 0.000000 0.000000 0.000000 0.000000 0.000000
0.000000 0.000000 0.349936 0.349936 0.349937 0.349936 0.349936 0.349936 0.349936 0.349936 0.349936 0.349936 0.349936 0.349936 0.349936 0.349936 0.349937 0.349936 0.349936 0.000000 0.000000
0.000000 0.000000 0.349994 0.349993 0.349993 0.349994 0.349993 0.349993 0.349993 0.349993 0.349993 0.349993 0.349993 0.349993 0.349993 0.349994 0.349993 0.349993 0.349994 0.000000 0.000000
0.000000 0.000000 0.350544 0.350544 0.350542 0.350543 0.350544 0.350544 0.350544 0.350544 0.350544 0.350544 0.350544 0.350544 0.350544 0.350543 0.350542 0.350544 0.350544 0.000000 0.000000
0.000000 0.000000 0.352461 0.352461 0.352458 0.352458 0.352462 0.352461 0.352461 0.352462 0.352462 0.352462 0.352461 0.352461 0.352462 0.352458 0.352458 0.352461 0.352461 0.000000 0.000000
0.000000 0.000000 0.354563 0.354563 0.354561 0.354561 0.354564 0.354563 0.354563 0.354564 0.354564 0.354564 0.354563 0.354563 0.354564 0.354561 0.354561 0.354563 0.354563 0.000000 0.000000
0.000000 0.000000 0.356562 0.356562 0.356560 0.356560 0.356562 0.356562 0.356562 0.356562 0.356562 0.356562 0.356562 0.356562 0.356562 0.356560 0.356560 0.356562 0.356562 0.000000 0.000000
0.000000 0.000000 0.358403 0.358403 0.358401 0.358401 0.358403 0.358403 0.358403 0.358403 0.358403 0.358403 0.358403 0.358403 0.358403 0.358401 0.358401 0.358403 0.358403 0.000000 0.000000
0.000000 0.000000 0.360127 0.360127 0.360125 0.360126 0.360127 0.360127 0.360127 0.360128 0.360127 0.360128 0.360127 0.360127 0.360127 0.360126 0.360125 0.360127 0.360127 0.000000 0.000000
0.000000 0.000000 0.361781 0.361781 0.361779 0.361780 0.361781 0.361781 0.361781 0.361781 0.361781 0.361781 0.361781 0.361781 0.361781 0.361780 0.361779 0.361781 0.361781 0.000000 0.000000
0.000000 0.000000 0.363381 0.363381 0.363379 0.363380 0.363381 0.363381 0.363381 0.363381 0.363381 0.363381 0.363381 0.363381 0.363381 0.363380 0.363379 0.363381 0.363381 0.000000 0.000000
0.000000 0.000000 0.364944 0.364944 0.364942 0.364943 0.364944 0.364944 0.364944 0.364944 0.364944 0.364944 0.364944 0.364944 0.364944 0.364943 0.364942 0.364944 0.364944 0.000000 0.000000
0.000000 0.000000 0.366481 0.366481 0.366479 0.366480 0.366481 0.366481 0.366481 0.366481 0.366481 0.366481 0.366481 0.366481 0.366481 0.366480 0.366479 0.366481 0.366481 0.000000 0.000000
0.000000 0.000000 0.367992 0.367992 0.367990 0.367991 0.367992 0.367992 0.367992 0.367992 0.367992 0.367992 0.367992 0.367992 0.367992 0.367991 0.367990 0.367992 0.367992 0.000000 0.000000
0.000000 0.000000 0.369484 0.369484 0.369483 0.369483 0.369484 0.369484 0.369484 0.369484 0.369484 0.369484 0.369484 0.369484 0.369484 0.369483 0.369483 0.369484 0.369484 0.000000 0.000000
0.000000 0.000000 0.370963 0.370963 0.370962 0.370962 0.370963 0.370963 0.370963 0.370964 0.370964 0.370964 0.370963 0.370963 0.370963 0.370962 0.370962 0.370963 0.370963 0.000000 0.000000
0.000000 0.000000 0.372429 0.372429 0.372427 0.372428 0.372429 0.372429 0.372429 0.372429 0.372429 0.372429 0.372429 0.372429 0.372429 0.372428 0.372427 0.372429 0.372429 0.000000 0.000000
0.000000 0.000000 0.373926 0.373926 0.373924 0.373925 0.373926 0.373926 0.373926 0.373926 0.373926 0.373926 0.373926 0.373926 0.373926 0.373925 0.373924 0.373926 0.373926 0.000000 0.000000
0.000000 0.000000 0.350000 0.350000 0.350000 0.350000 0.350000 0.350000 0.350000 0.350000 0.350000 0.350000 0.350000 0.350000 0.350000 0.350000 0.350000 0.350000 0.350000 0.000000 0.000000
0.000000 0.000000 0.000000 0.000000 0.000000 0.000000 0.000000 0.000000 0.000000 0.000000 0.000000 0.000000 0.000000 0.000000 0.000000 0.000000 0.000000 0.000000 0.000000 0.000000 0.000000