geotop/1.0zi/1.0Montebello/Templates/testdem/maps/_Eocsilt1210.asc
ncols         21
nrows         20
xllcorner     100.000000
yllcorner     100.000000
cellsize      50.000000
NODATA_value  -9999.0
0.000000 0.000000 0.000000 0.000000 0.000000 0.000000 0.000000 0.000000 0.000000 0.000000 0.000000 0.000000 0.000000 0.000000 0.000000 0.000000 0.000000 0.000000 0.000000 0.000000 0.000000
0.000000 0.000000 0.350024 0.350024 0.350024 0.350024 0.350024 0.350024 0.350024 0.350024 0.350024 0.350024 0.350024 0.350024 0.350024 0.350024 0.350024 0.350024 0.350024 0.000000 0.000000
0.000000 0.000000 0.350000 0.350000 0.350000 0.350000 0.350000 0.350000 0.350000 0.350000 0.350000 0.350000 0.350000 0.350000 0.350000 0.350000 0.350000 0.350000 0.350000 0.000000 0.000000
0.000000 0.000000 0.350515 0.350514 0.350512 0.350513 0.350515 0.350515 0.350515 0.350515 0.350515 0.350515 0.350515 0.350515 0.350515 0.350513 0.350512 0.350514 0.350515 0.000000 0.000000
0.000000 0.000000 0.352173 0.352173 0.352170 0.352170 0.352173 0.352173 0.352173 0.352173 0.352173 0.352173 0.352173 0.352173 0.352173 0.352170 0.352170 0.352173 0.352173 0.000000 0.000000
0.000000 0.000000 0.354230 0.354230 0.354228 0.354228 0.354231 0.354230 0.354230 0.354231 0.354231 0.354231 0.354230 0.354230 0.354231 0.354228 0.354228 0.354230 0.354230 0.000000 0.000000
0.000000 0.000000 0.356135 0.356135 0.356133 0.356133 0.356135 0.356135 0.356135 0.356135 0.356135 0.356135 0.356135 0.356135 0.356135 0.356133 0.356133 0.356135 0.356135 0.000000 0.000000
0.000000 0.000000 0.357888 0.357888 0.357886 0.357886 0.357888 0.357888 0.357888 0.357888 0.357888 0.357888 0.357888 0.357888 0.357888 0.357886 0.357886 0.357888 0.357888 0.000000 0.000000
0.000000 0.000000 0.359532 0.359532 0.359531 0.359531 0.359533 0.359532 0.359532 0.359533 0.359533 0.359533 0.359532 0.359532 0.359533 0.359531 0.359531 0.359532 0.359532 0.000000 0.000000
0.000000 0.000000 0.361108 0.361108 0.361106 0.361107 0.361108 0.361108 0.361108 0.361108 0.361108 0.361108 0.361108 0.361108 0.361108 0.361107 0.361106 0.361108 0.361108 0.000000 0.000000
0.000000 0.000000 0.362631 0.362631 0.362629 0.362630 0.362631 0.362631 0.362631 0.362631 0.362631 0.362631 0.362631 0.362631 0.362631 0.362630 0.362629 0.362631 0.362631 0.000000 0.000000
0.000000 0.000000 0.364119 0.364118 0.364117 0.364117 0.364119 0.364118 0.364118 0.364119 0.364119 0.364119 0.364118 0.364118 0.364119 0.364117 0.364117 0.364118 0.364119 0.000000 0.000000
0.000000 0.000000 0.365581 0.365581 0.365579 0.365580 0.365581 0.365581 0.365581 0.365581 0.365581 0.365581 0.365581 0.365581 0.365581 0.365580 0.365579 0.365581 0.365581 0.000000 0.000000
0.000000 0.000000 0.367017 0.367017 0.367016 0.367016 0.367017 0.367017 0.367017 0.367017 0.367017 0.367017 0.367017 0.367017 0.367017 0.367016 0.367016 0.367017 0.367017 0.000000 0.000000
0.000000 0.000000 0.368437 0.368437 0.368435 0.368436 0.368437 0.368437 0.368437 0.368437 0.368437 0.368437 0.368437 0.368437 0.368437 0.368436 0.368435 0.368437 0.368437 0.000000 0.000000
0.000000 0.000000 0.369846 0.369846 0.369844 0.369845 0.369846 0.369846 0.369846 0.369846 0.369846 0.369846 0.369846 0.369846 0.369846 0.369845 0.369844 0.369846 0.369846 0.000000 0.000000
0.000000 0.000000 0.371239 0.371239 0.371237 0.371238 0.371239 0.371239 0.371239 0.371239 0.371239 0.371239 0.371239 0.371239 0.371239 0.371238 0.371237 0.371239 0.371239 0.000000 0.000000
0.000000 0.000000 0.372653 0.372653 0.372652 0.372652 0.372654 0.372653 0.372653 0.372654 0.372654 0.372654 0.372653 0.372653 0.372654 0.372652 0.372652 0.372653 0.372654 0.000000 0.000000
0.000000 0.000000 0.350000 0.350000 0.350000 0.350000 0.350000 0.350000 0.350000 0.350000 0.350000 0.350000 0.350000 0.350000 0.350000 0.350000 0.350000 0.350000 0.350000 0.000000 0.000000
0.000000 0.000000 0.000000 0.000000 0.000000 0.000000 0.000000 0.000000 0.000000 0.000000 0.000000 0.000000 0.000000 0.000000 0.000000 0.000000 0.000000 0.000000 0.000000 0.000000 0.000000