geotop/1.0zi/1.0Montebello/Templates/testdem/maps/_Eocsilt3515.asc
ncols         21
nrows         20
xllcorner     100.000000
yllcorner     100.000000
cellsize      50.000000
NODATA_value  -9999.0
0.000000 0.000000 0.000000 0.000000 0.000000 0.000000 0.000000 0.000000 0.000000 0.000000 0.000000 0.000000 0.000000 0.000000 0.000000 0.000000 0.000000 0.000000 0.000000 0.000000 0.000000
0.000000 0.000000 0.350094 0.350094 0.350094 0.350094 0.350094 0.350094 0.350094 0.350094 0.350093 0.350094 0.350094 0.350094 0.350094 0.350094 0.350094 0.350094 0.350094 0.000000 0.000000
0.000000 0.000000 0.349994 0.349993 0.349993 0.349994 0.349994 0.349994 0.349994 0.349994 0.349994 0.349994 0.349994 0.349994 0.349994 0.349994 0.349993 0.349993 0.349994 0.000000 0.000000
0.000000 0.000000 0.351378 0.351377 0.351375 0.351376 0.351378 0.351378 0.351378 0.351378 0.351378 0.351378 0.351378 0.351378 0.351378 0.351376 0.351375 0.351377 0.351378 0.000000 0.000000
0.000000 0.000000 0.356325 0.356325 0.356323 0.356323 0.356325 0.356324 0.356324 0.356325 0.356326 0.356325 0.356324 0.356324 0.356325 0.356323 0.356323 0.356325 0.356325 0.000000 0.000000
0.000000 0.000000 0.362421 0.362420 0.362419 0.362419 0.362421 0.362420 0.362420 0.362421 0.362421 0.362421 0.362420 0.362420 0.362421 0.362419 0.362419 0.362420 0.362421 0.000000 0.000000
0.000000 0.000000 0.367939 0.367938 0.367937 0.367937 0.367939 0.367938 0.367938 0.367939 0.367939 0.367939 0.367938 0.367938 0.367939 0.367937 0.367937 0.367938 0.367939 0.000000 0.000000
0.000000 0.000000 0.372921 0.372921 0.372920 0.372920 0.372922 0.372921 0.372921 0.372921 0.372922 0.372921 0.372921 0.372921 0.372922 0.372920 0.372920 0.372921 0.372921 0.000000 0.000000
0.000000 0.000000 0.377513 0.377512 0.377511 0.377511 0.377513 0.377512 0.377512 0.377513 0.377513 0.377513 0.377512 0.377512 0.377513 0.377511 0.377511 0.377512 0.377513 0.000000 0.000000
0.000000 0.000000 0.381821 0.381821 0.381820 0.381820 0.381821 0.381821 0.381820 0.381821 0.381821 0.381821 0.381820 0.381821 0.381821 0.381820 0.381820 0.381821 0.381821 0.000000 0.000000
0.000000 0.000000 0.385903 0.385903 0.385902 0.385902 0.385904 0.385903 0.385903 0.385903 0.385904 0.385903 0.385903 0.385903 0.385904 0.385902 0.385902 0.385903 0.385903 0.000000 0.000000
0.000000 0.000000 0.389799 0.389799 0.389798 0.389799 0.389800 0.389799 0.389799 0.389800 0.389800 0.389800 0.389799 0.389799 0.389800 0.389799 0.389798 0.389799 0.389799 0.000000 0.000000
0.000000 0.000000 0.393539 0.393539 0.393538 0.393538 0.393540 0.393539 0.393539 0.393539 0.393540 0.393539 0.393539 0.393539 0.393540 0.393538 0.393538 0.393539 0.393539 0.000000 0.000000
0.000000 0.000000 0.397151 0.397151 0.397150 0.397150 0.397152 0.397151 0.397151 0.397151 0.397152 0.397151 0.397151 0.397151 0.397152 0.397150 0.397150 0.397151 0.397151 0.000000 0.000000
0.000000 0.000000 0.400646 0.400646 0.400645 0.400646 0.400647 0.400646 0.400646 0.400647 0.400647 0.400647 0.400646 0.400646 0.400647 0.400646 0.400645 0.400646 0.400646 0.000000 0.000000
0.000000 0.000000 0.404030 0.404029 0.404028 0.404029 0.404030 0.404029 0.404029 0.404030 0.404030 0.404030 0.404029 0.404029 0.404030 0.404029 0.404028 0.404029 0.404030 0.000000 0.000000
0.000000 0.000000 0.407314 0.407314 0.407313 0.407313 0.407314 0.407314 0.407314 0.407314 0.407314 0.407314 0.407314 0.407314 0.407314 0.407313 0.407313 0.407314 0.407314 0.000000 0.000000
0.000000 0.000000 0.410550 0.410550 0.410549 0.410550 0.410551 0.410550 0.410550 0.410551 0.410551 0.410551 0.410550 0.410550 0.410551 0.410550 0.410549 0.410550 0.410551 0.000000 0.000000
0.000000 0.000000 0.350000 0.350000 0.350000 0.350000 0.350000 0.350000 0.350000 0.350000 0.350000 0.350000 0.350000 0.350000 0.350000 0.350000 0.350000 0.350000 0.350000 0.000000 0.000000
0.000000 0.000000 0.000000 0.000000 0.000000 0.000000 0.000000 0.000000 0.000000 0.000000 0.000000 0.000000 0.000000 0.000000 0.000000 0.000000 0.000000 0.000000 0.000000 0.000000 0.000000