geotop/1.0zi/1.0Montebello/Templates/testdem/maps/_Eocsilt6103.asc
ncols         21
nrows         20
xllcorner     100.000000
yllcorner     100.000000
cellsize      50.000000
NODATA_value  -9999.0
0.000000 0.000000 0.000000 0.000000 0.000000 0.000000 0.000000 0.000000 0.000000 0.000000 0.000000 0.000000 0.000000 0.000000 0.000000 0.000000 0.000000 0.000000 0.000000 0.000000 0.000000
0.000000 0.000000 0.350120 0.350120 0.350120 0.350120 0.350120 0.350120 0.350120 0.350120 0.350120 0.350120 0.350120 0.350120 0.350120 0.350120 0.350120 0.350120 0.350120 0.000000 0.000000
0.000000 0.000000 0.350002 0.350002 0.350002 0.350003 0.350003 0.350003 0.350003 0.350003 0.350003 0.350003 0.350004 0.350003 0.350003 0.350003 0.350001 0.350001 0.350002 0.000000 0.000000
0.000000 0.000000 0.350047 0.350046 0.350045 0.350040 0.350041 0.350039 0.350041 0.350041 0.350041 0.350039 0.350040 0.350040 0.350042 0.350045 0.350046 0.350048 0.350047 0.000000 0.000000
0.000000 0.000000 0.350550 0.350553 0.350552 0.350549 0.350545 0.350540 0.350539 0.350537 0.350535 0.350536 0.350538 0.350539 0.350545 0.350547 0.350546 0.350555 0.350559 0.000000 0.000000
0.000000 0.000000 0.352134 0.352136 0.352130 0.352116 0.352105 0.352088 0.352086 0.352082 0.352086 0.352089 0.352090 0.352086 0.352093 0.352100 0.352109 0.352113 0.352118 0.000000 0.000000
0.000000 0.000000 0.354539 0.354537 0.354530 0.354511 0.354489 0.354465 0.354467 0.354464 0.354466 0.354466 0.354463 0.354466 0.354484 0.354504 0.354513 0.354524 0.354530 0.000000 0.000000
0.000000 0.000000 0.357475 0.357475 0.357474 0.357455 0.357434 0.357407 0.357408 0.357405 0.357404 0.357404 0.357402 0.357405 0.357426 0.357447 0.357463 0.357466 0.357476 0.000000 0.000000
0.000000 0.000000 0.360562 0.360557 0.360548 0.360536 0.360515 0.360484 0.360486 0.360480 0.360478 0.360479 0.360480 0.360477 0.360505 0.360527 0.360542 0.360548 0.360557 0.000000 0.000000
0.000000 0.000000 0.363677 0.363672 0.363668 0.363660 0.363630 0.363603 0.363605 0.363602 0.363597 0.363601 0.363605 0.363601 0.363623 0.363649 0.363664 0.363666 0.363673 0.000000 0.000000
0.000000 0.000000 0.366886 0.366883 0.366882 0.366859 0.366839 0.366810 0.366816 0.366802 0.366802 0.366803 0.366799 0.366807 0.366825 0.366842 0.366858 0.366867 0.366881 0.000000 0.000000
0.000000 0.000000 0.370276 0.370268 0.370259 0.370243 0.370225 0.370189 0.370190 0.370182 0.370191 0.370182 0.370184 0.370187 0.370219 0.370235 0.370247 0.370252 0.370286 0.000000 0.000000
0.000000 0.000000 0.373768 0.373762 0.373758 0.373740 0.373724 0.373650 0.373650 0.373644 0.373628 0.373637 0.373642 0.373647 0.373702 0.373717 0.373743 0.373746 0.373769 0.000000 0.000000
0.000000 0.000000 0.377584 0.377579 0.377569 0.377557 0.377485 0.377468 0.377452 0.377451 0.377446 0.377448 0.377448 0.377445 0.377454 0.377527 0.377549 0.377567 0.377592 0.000000 0.000000
0.000000 0.000000 0.381809 0.381804 0.381787 0.381710 0.381689 0.381645 0.381618 0.381613 0.381599 0.381591 0.381600 0.381594 0.381627 0.381661 0.381769 0.381760 0.381775 0.000000 0.000000
0.000000 0.000000 0.386307 0.386301 0.386199 0.386185 0.386180 0.386153 0.386174 0.386162 0.386171 0.386161 0.386149 0.386169 0.386186 0.386196 0.386183 0.386314 0.386318 0.000000 0.000000
0.000000 0.000000 0.391500 0.391360 0.391318 0.391277 0.391210 0.391178 0.391164 0.391163 0.391132 0.391128 0.391142 0.391136 0.391174 0.391225 0.391307 0.391328 0.391471 0.000000 0.000000
0.000000 0.000000 0.395188 0.395205 0.395332 0.395300 0.395253 0.395123 0.395121 0.395092 0.395114 0.395106 0.395114 0.395118 0.395236 0.395272 0.395352 0.395222 0.395213 0.000000 0.000000
0.000000 0.000000 0.350000 0.350000 0.350000 0.350000 0.350000 0.350000 0.350000 0.350000 0.350000 0.350000 0.350000 0.350000 0.350000 0.350000 0.350000 0.350000 0.350000 0.000000 0.000000
0.000000 0.000000 0.000000 0.000000 0.000000 0.000000 0.000000 0.000000 0.000000 0.000000 0.000000 0.000000 0.000000 0.000000 0.000000 0.000000 0.000000 0.000000 0.000000 0.000000 0.000000