geotop/1.0zi/1.0Montebello/Templates/testdem/maps/_Eocsilt5630.asc
ncols         21
nrows         20
xllcorner     100.000000
yllcorner     100.000000
cellsize      50.000000
NODATA_value  -9999.0
0.000000 0.000000 0.000000 0.000000 0.000000 0.000000 0.000000 0.000000 0.000000 0.000000 0.000000 0.000000 0.000000 0.000000 0.000000 0.000000 0.000000 0.000000 0.000000 0.000000 0.000000
0.000000 0.000000 0.350112 0.350112 0.350112 0.350112 0.350112 0.350113 0.350113 0.350112 0.350112 0.350112 0.350112 0.350112 0.350112 0.350112 0.350113 0.350112 0.350112 0.000000 0.000000
0.000000 0.000000 0.350002 0.350002 0.350002 0.350003 0.350003 0.350003 0.350003 0.350003 0.350003 0.350003 0.350003 0.350003 0.350003 0.350002 0.350001 0.350001 0.350002 0.000000 0.000000
0.000000 0.000000 0.350045 0.350045 0.350043 0.350039 0.350040 0.350038 0.350040 0.350040 0.350039 0.350039 0.350039 0.350039 0.350040 0.350044 0.350045 0.350047 0.350046 0.000000 0.000000
0.000000 0.000000 0.350518 0.350521 0.350519 0.350516 0.350513 0.350508 0.350506 0.350505 0.350502 0.350504 0.350505 0.350506 0.350512 0.350514 0.350514 0.350523 0.350526 0.000000 0.000000
0.000000 0.000000 0.351977 0.351980 0.351976 0.351963 0.351952 0.351935 0.351933 0.351930 0.351934 0.351936 0.351937 0.351934 0.351939 0.351945 0.351954 0.351958 0.351962 0.000000 0.000000
0.000000 0.000000 0.354206 0.354204 0.354200 0.354183 0.354162 0.354139 0.354141 0.354138 0.354141 0.354141 0.354138 0.354141 0.354156 0.354173 0.354181 0.354190 0.354196 0.000000 0.000000
0.000000 0.000000 0.356896 0.356896 0.356897 0.356880 0.356859 0.356835 0.356836 0.356833 0.356833 0.356832 0.356831 0.356833 0.356851 0.356870 0.356885 0.356887 0.356896 0.000000 0.000000
0.000000 0.000000 0.359718 0.359713 0.359707 0.359696 0.359676 0.359647 0.359649 0.359644 0.359642 0.359643 0.359643 0.359640 0.359666 0.359686 0.359699 0.359704 0.359713 0.000000 0.000000
0.000000 0.000000 0.362539 0.362535 0.362533 0.362526 0.362498 0.362473 0.362476 0.362472 0.362469 0.362473 0.362475 0.362472 0.362491 0.362513 0.362527 0.362529 0.362534 0.000000 0.000000
0.000000 0.000000 0.365431 0.365429 0.365429 0.365409 0.365390 0.365362 0.365369 0.365355 0.365356 0.365358 0.365354 0.365360 0.365376 0.365390 0.365405 0.365413 0.365425 0.000000 0.000000
0.000000 0.000000 0.368465 0.368458 0.368451 0.368437 0.368421 0.368388 0.368389 0.368382 0.368390 0.368382 0.368384 0.368386 0.368414 0.368427 0.368437 0.368442 0.368473 0.000000 0.000000
0.000000 0.000000 0.371569 0.371563 0.371562 0.371546 0.371531 0.371466 0.371466 0.371460 0.371447 0.371454 0.371459 0.371463 0.371510 0.371522 0.371545 0.371547 0.371570 0.000000 0.000000
0.000000 0.000000 0.374932 0.374928 0.374921 0.374911 0.374849 0.374832 0.374818 0.374817 0.374812 0.374815 0.374815 0.374812 0.374819 0.374880 0.374900 0.374916 0.374938 0.000000 0.000000
0.000000 0.000000 0.378624 0.378619 0.378606 0.378542 0.378521 0.378483 0.378459 0.378455 0.378443 0.378436 0.378444 0.378437 0.378464 0.378494 0.378586 0.378579 0.378593 0.000000 0.000000
0.000000 0.000000 0.382524 0.382519 0.382437 0.382422 0.382417 0.382392 0.382408 0.382398 0.382405 0.382396 0.382386 0.382402 0.382416 0.382424 0.382419 0.382526 0.382529 0.000000 0.000000
0.000000 0.000000 0.386969 0.386856 0.386817 0.386784 0.386730 0.386703 0.386694 0.386692 0.386668 0.386664 0.386674 0.386670 0.386699 0.386739 0.386803 0.386830 0.386944 0.000000 0.000000
0.000000 0.000000 0.390240 0.390242 0.390341 0.390314 0.390270 0.390164 0.390162 0.390138 0.390153 0.390146 0.390154 0.390155 0.390251 0.390282 0.390354 0.390251 0.390255 0.000000 0.000000
0.000000 0.000000 0.350000 0.350000 0.350000 0.350000 0.350000 0.350000 0.350000 0.350000 0.350000 0.350000 0.350000 0.350000 0.350000 0.350000 0.350000 0.350000 0.350000 0.000000 0.000000
0.000000 0.000000 0.000000 0.000000 0.000000 0.000000 0.000000 0.000000 0.000000 0.000000 0.000000 0.000000 0.000000 0.000000 0.000000 0.000000 0.000000 0.000000 0.000000 0.000000 0.000000