geotop/1.0zi/1.0Montebello/Templates/testdem/maps/_Eocsilt3223.asc
ncols         21
nrows         20
xllcorner     100.000000
yllcorner     100.000000
cellsize      50.000000
NODATA_value  -9999.0
0.000000 0.000000 0.000000 0.000000 0.000000 0.000000 0.000000 0.000000 0.000000 0.000000 0.000000 0.000000 0.000000 0.000000 0.000000 0.000000 0.000000 0.000000 0.000000 0.000000 0.000000
0.000000 0.000000 0.350088 0.350088 0.350088 0.350088 0.350088 0.350088 0.350088 0.350088 0.350088 0.350088 0.350088 0.350088 0.350088 0.350088 0.350088 0.350088 0.350088 0.000000 0.000000
0.000000 0.000000 0.349994 0.349994 0.349994 0.349994 0.349994 0.349994 0.349994 0.349994 0.349995 0.349994 0.349994 0.349994 0.349994 0.349994 0.349994 0.349994 0.349994 0.000000 0.000000
0.000000 0.000000 0.351307 0.351306 0.351304 0.351305 0.351307 0.351307 0.351307 0.351307 0.351308 0.351307 0.351307 0.351307 0.351307 0.351305 0.351304 0.351306 0.351307 0.000000 0.000000
0.000000 0.000000 0.355922 0.355922 0.355920 0.355920 0.355922 0.355921 0.355922 0.355923 0.355923 0.355923 0.355922 0.355921 0.355922 0.355920 0.355920 0.355922 0.355922 0.000000 0.000000
0.000000 0.000000 0.361542 0.361541 0.361539 0.361540 0.361542 0.361541 0.361541 0.361542 0.361543 0.361542 0.361541 0.361541 0.361542 0.361540 0.361539 0.361541 0.361542 0.000000 0.000000
0.000000 0.000000 0.366630 0.366630 0.366628 0.366629 0.366630 0.366630 0.366630 0.366631 0.366631 0.366631 0.366630 0.366630 0.366630 0.366629 0.366628 0.366630 0.366630 0.000000 0.000000
0.000000 0.000000 0.371231 0.371231 0.371230 0.371230 0.371231 0.371231 0.371231 0.371232 0.371232 0.371232 0.371231 0.371231 0.371231 0.371230 0.371230 0.371231 0.371231 0.000000 0.000000
0.000000 0.000000 0.375480 0.375480 0.375478 0.375479 0.375480 0.375480 0.375480 0.375480 0.375481 0.375480 0.375480 0.375480 0.375480 0.375479 0.375478 0.375480 0.375480 0.000000 0.000000
0.000000 0.000000 0.379479 0.379478 0.379477 0.379477 0.379479 0.379478 0.379478 0.379479 0.379479 0.379479 0.379478 0.379478 0.379479 0.379477 0.379477 0.379478 0.379479 0.000000 0.000000
0.000000 0.000000 0.383277 0.383277 0.383275 0.383276 0.383277 0.383276 0.383276 0.383277 0.383277 0.383277 0.383276 0.383276 0.383277 0.383276 0.383275 0.383277 0.383277 0.000000 0.000000
0.000000 0.000000 0.386911 0.386911 0.386909 0.386910 0.386911 0.386911 0.386911 0.386911 0.386912 0.386911 0.386911 0.386911 0.386911 0.386910 0.386909 0.386911 0.386911 0.000000 0.000000
0.000000 0.000000 0.390407 0.390407 0.390406 0.390406 0.390407 0.390407 0.390407 0.390407 0.390408 0.390407 0.390407 0.390407 0.390407 0.390406 0.390406 0.390407 0.390407 0.000000 0.000000
0.000000 0.000000 0.393796 0.393795 0.393794 0.393795 0.393796 0.393795 0.393795 0.393796 0.393796 0.393796 0.393795 0.393795 0.393796 0.393795 0.393794 0.393795 0.393796 0.000000 0.000000
0.000000 0.000000 0.397083 0.397083 0.397082 0.397082 0.397083 0.397083 0.397083 0.397084 0.397084 0.397084 0.397083 0.397083 0.397083 0.397082 0.397082 0.397083 0.397083 0.000000 0.000000
0.000000 0.000000 0.400277 0.400276 0.400275 0.400276 0.400277 0.400276 0.400276 0.400277 0.400277 0.400277 0.400276 0.400276 0.400277 0.400276 0.400275 0.400276 0.400277 0.000000 0.000000
0.000000 0.000000 0.403386 0.403385 0.403384 0.403385 0.403386 0.403385 0.403385 0.403386 0.403386 0.403386 0.403385 0.403385 0.403386 0.403385 0.403384 0.403385 0.403386 0.000000 0.000000
0.000000 0.000000 0.406471 0.406471 0.406470 0.406471 0.406472 0.406471 0.406471 0.406472 0.406472 0.406472 0.406471 0.406471 0.406472 0.406471 0.406470 0.406471 0.406472 0.000000 0.000000
0.000000 0.000000 0.350000 0.350000 0.350000 0.350000 0.350000 0.350000 0.350000 0.350000 0.350000 0.350000 0.350000 0.350000 0.350000 0.350000 0.350000 0.350000 0.350000 0.000000 0.000000
0.000000 0.000000 0.000000 0.000000 0.000000 0.000000 0.000000 0.000000 0.000000 0.000000 0.000000 0.000000 0.000000 0.000000 0.000000 0.000000 0.000000 0.000000 0.000000 0.000000 0.000000