geotop/1.0zi/1.0Montebello/Templates/testdem/maps/_Eocclay2379.asc
ncols         21
nrows         20
xllcorner     100.000000
yllcorner     100.000000
cellsize      50.000000
NODATA_value  -9999.0
0.000000 0.000000 0.000000 0.000000 0.000000 0.000000 0.000000 0.000000 0.000000 0.000000 0.000000 0.000000 0.000000 0.000000 0.000000 0.000000 0.000000 0.000000 0.000000 0.000000 0.000000
0.000000 0.000000 0.349874 0.349874 0.349874 0.349874 0.349874 0.349874 0.349874 0.349874 0.349873 0.349874 0.349874 0.349874 0.349874 0.349874 0.349874 0.349874 0.349874 0.000000 0.000000
0.000000 0.000000 0.349990 0.349990 0.349989 0.349990 0.349990 0.349990 0.349990 0.349990 0.349990 0.349990 0.349990 0.349990 0.349990 0.349990 0.349989 0.349990 0.349990 0.000000 0.000000
0.000000 0.000000 0.350732 0.350732 0.350730 0.350731 0.350732 0.350732 0.350732 0.350732 0.350732 0.350732 0.350732 0.350732 0.350732 0.350731 0.350730 0.350732 0.350732 0.000000 0.000000
0.000000 0.000000 0.354113 0.354112 0.354110 0.354110 0.354114 0.354113 0.354113 0.354114 0.354114 0.354114 0.354113 0.354113 0.354114 0.354110 0.354110 0.354112 0.354113 0.000000 0.000000
0.000000 0.000000 0.358026 0.358025 0.358024 0.358024 0.358027 0.358026 0.358026 0.358027 0.358027 0.358027 0.358026 0.358026 0.358027 0.358024 0.358024 0.358025 0.358026 0.000000 0.000000
0.000000 0.000000 0.361744 0.361744 0.361743 0.361743 0.361745 0.361744 0.361744 0.361745 0.361745 0.361745 0.361744 0.361744 0.361745 0.361743 0.361743 0.361744 0.361744 0.000000 0.000000
0.000000 0.000000 0.365164 0.365164 0.365162 0.365163 0.365164 0.365164 0.365164 0.365165 0.365165 0.365165 0.365164 0.365164 0.365164 0.365163 0.365162 0.365164 0.365164 0.000000 0.000000
0.000000 0.000000 0.368358 0.368357 0.368356 0.368356 0.368358 0.368357 0.368357 0.368358 0.368358 0.368358 0.368357 0.368357 0.368358 0.368356 0.368356 0.368357 0.368358 0.000000 0.000000
0.000000 0.000000 0.371397 0.371397 0.371396 0.371396 0.371398 0.371397 0.371397 0.371398 0.371398 0.371398 0.371397 0.371397 0.371398 0.371396 0.371396 0.371397 0.371397 0.000000 0.000000
0.000000 0.000000 0.374318 0.374318 0.374317 0.374317 0.374318 0.374318 0.374318 0.374319 0.374319 0.374319 0.374318 0.374318 0.374318 0.374317 0.374317 0.374318 0.374318 0.000000 0.000000
0.000000 0.000000 0.377147 0.377147 0.377146 0.377146 0.377148 0.377147 0.377147 0.377148 0.377148 0.377148 0.377147 0.377147 0.377148 0.377146 0.377146 0.377147 0.377147 0.000000 0.000000
0.000000 0.000000 0.379906 0.379905 0.379904 0.379905 0.379906 0.379905 0.379905 0.379906 0.379906 0.379906 0.379905 0.379905 0.379906 0.379905 0.379904 0.379905 0.379906 0.000000 0.000000
0.000000 0.000000 0.382605 0.382605 0.382604 0.382604 0.382605 0.382605 0.382605 0.382606 0.382606 0.382606 0.382605 0.382605 0.382605 0.382604 0.382604 0.382605 0.382605 0.000000 0.000000
0.000000 0.000000 0.385256 0.385256 0.385254 0.385255 0.385256 0.385256 0.385256 0.385256 0.385256 0.385256 0.385256 0.385256 0.385256 0.385255 0.385254 0.385256 0.385256 0.000000 0.000000
0.000000 0.000000 0.387860 0.387860 0.387859 0.387859 0.387861 0.387860 0.387860 0.387861 0.387861 0.387861 0.387860 0.387860 0.387861 0.387859 0.387859 0.387860 0.387860 0.000000 0.000000
0.000000 0.000000 0.390421 0.390420 0.390419 0.390420 0.390421 0.390420 0.390420 0.390421 0.390421 0.390421 0.390420 0.390420 0.390421 0.390420 0.390419 0.390420 0.390421 0.000000 0.000000
0.000000 0.000000 0.392975 0.392975 0.392974 0.392974 0.392975 0.392975 0.392975 0.392976 0.392976 0.392976 0.392975 0.392975 0.392975 0.392974 0.392974 0.392975 0.392975 0.000000 0.000000
0.000000 0.000000 0.350000 0.350000 0.350000 0.350000 0.350000 0.350000 0.350000 0.350000 0.350000 0.350000 0.350000 0.350000 0.350000 0.350000 0.350000 0.350000 0.350000 0.000000 0.000000
0.000000 0.000000 0.000000 0.000000 0.000000 0.000000 0.000000 0.000000 0.000000 0.000000 0.000000 0.000000 0.000000 0.000000 0.000000 0.000000 0.000000 0.000000 0.000000 0.000000 0.000000