geotop/1.0zi/1.0Montebello/Templates/testdem/maps/_Eocsilt1810.asc
ncols         21
nrows         20
xllcorner     100.000000
yllcorner     100.000000
cellsize      50.000000
NODATA_value  -9999.0
0.000000 0.000000 0.000000 0.000000 0.000000 0.000000 0.000000 0.000000 0.000000 0.000000 0.000000 0.000000 0.000000 0.000000 0.000000 0.000000 0.000000 0.000000 0.000000 0.000000 0.000000
0.000000 0.000000 0.350041 0.350041 0.350041 0.350041 0.350041 0.350041 0.350041 0.350041 0.350041 0.350041 0.350041 0.350041 0.350041 0.350041 0.350041 0.350041 0.350041 0.000000 0.000000
0.000000 0.000000 0.349998 0.349998 0.349998 0.349998 0.349998 0.349998 0.349998 0.349998 0.349998 0.349998 0.349998 0.349998 0.349998 0.349998 0.349998 0.349998 0.349998 0.000000 0.000000
0.000000 0.000000 0.350683 0.350682 0.350680 0.350681 0.350683 0.350683 0.350683 0.350683 0.350683 0.350683 0.350683 0.350683 0.350683 0.350681 0.350680 0.350682 0.350683 0.000000 0.000000
0.000000 0.000000 0.353157 0.353157 0.353155 0.353155 0.353158 0.353157 0.353157 0.353158 0.353158 0.353158 0.353157 0.353157 0.353158 0.353155 0.353155 0.353157 0.353157 0.000000 0.000000
0.000000 0.000000 0.356257 0.356257 0.356255 0.356256 0.356258 0.356258 0.356258 0.356258 0.356258 0.356258 0.356258 0.356258 0.356258 0.356256 0.356255 0.356257 0.356257 0.000000 0.000000
0.000000 0.000000 0.359090 0.359089 0.359088 0.359088 0.359090 0.359090 0.359090 0.359090 0.359090 0.359090 0.359090 0.359090 0.359090 0.359088 0.359088 0.359089 0.359090 0.000000 0.000000
0.000000 0.000000 0.361683 0.361683 0.361682 0.361682 0.361684 0.361683 0.361683 0.361684 0.361684 0.361684 0.361683 0.361683 0.361684 0.361682 0.361682 0.361683 0.361683 0.000000 0.000000
0.000000 0.000000 0.364109 0.364108 0.364107 0.364107 0.364109 0.364109 0.364109 0.364109 0.364109 0.364109 0.364109 0.364109 0.364109 0.364107 0.364107 0.364108 0.364109 0.000000 0.000000
0.000000 0.000000 0.366426 0.366426 0.366424 0.366425 0.366426 0.366426 0.366426 0.366426 0.366426 0.366426 0.366426 0.366426 0.366426 0.366425 0.366424 0.366426 0.366426 0.000000 0.000000
0.000000 0.000000 0.368660 0.368660 0.368658 0.368659 0.368660 0.368660 0.368660 0.368660 0.368660 0.368660 0.368660 0.368660 0.368660 0.368659 0.368658 0.368660 0.368660 0.000000 0.000000
0.000000 0.000000 0.370832 0.370832 0.370830 0.370831 0.370832 0.370832 0.370832 0.370832 0.370832 0.370832 0.370832 0.370832 0.370832 0.370831 0.370830 0.370832 0.370832 0.000000 0.000000
0.000000 0.000000 0.372958 0.372958 0.372956 0.372957 0.372958 0.372958 0.372958 0.372958 0.372958 0.372958 0.372958 0.372958 0.372958 0.372957 0.372956 0.372958 0.372958 0.000000 0.000000
0.000000 0.000000 0.375041 0.375040 0.375039 0.375040 0.375041 0.375041 0.375041 0.375041 0.375041 0.375041 0.375041 0.375041 0.375041 0.375040 0.375039 0.375040 0.375041 0.000000 0.000000
0.000000 0.000000 0.377089 0.377089 0.377088 0.377088 0.377090 0.377089 0.377089 0.377090 0.377090 0.377090 0.377089 0.377089 0.377090 0.377088 0.377088 0.377089 0.377089 0.000000 0.000000
0.000000 0.000000 0.379109 0.379109 0.379108 0.379108 0.379110 0.379109 0.379109 0.379110 0.379110 0.379110 0.379109 0.379109 0.379110 0.379108 0.379108 0.379109 0.379109 0.000000 0.000000
0.000000 0.000000 0.381101 0.381100 0.381099 0.381100 0.381101 0.381101 0.381101 0.381101 0.381101 0.381101 0.381101 0.381101 0.381101 0.381100 0.381099 0.381100 0.381101 0.000000 0.000000
0.000000 0.000000 0.383105 0.383106 0.383104 0.383105 0.383106 0.383106 0.383106 0.383106 0.383106 0.383106 0.383106 0.383106 0.383106 0.383105 0.383104 0.383106 0.383106 0.000000 0.000000
0.000000 0.000000 0.350000 0.350000 0.350000 0.350000 0.350000 0.350000 0.350000 0.350000 0.350000 0.350000 0.350000 0.350000 0.350000 0.350000 0.350000 0.350000 0.350000 0.000000 0.000000
0.000000 0.000000 0.000000 0.000000 0.000000 0.000000 0.000000 0.000000 0.000000 0.000000 0.000000 0.000000 0.000000 0.000000 0.000000 0.000000 0.000000 0.000000 0.000000 0.000000 0.000000