geotop/1.0zi/1.0Montebello/Templates/testdem/maps/_Eocsand1271.asc
ncols         21
nrows         20
xllcorner     100.000000
yllcorner     100.000000
cellsize      50.000000
NODATA_value  -9999.0
0.000000 0.000000 0.000000 0.000000 0.000000 0.000000 0.000000 0.000000 0.000000 0.000000 0.000000 0.000000 0.000000 0.000000 0.000000 0.000000 0.000000 0.000000 0.000000 0.000000 0.000000
0.000000 0.000000 0.300040 0.300040 0.300040 0.300040 0.300040 0.300040 0.300040 0.300040 0.300040 0.300040 0.300040 0.300040 0.300040 0.300040 0.300040 0.300040 0.300040 0.000000 0.000000
0.000000 0.000000 0.300006 0.300007 0.300007 0.300006 0.300007 0.300007 0.300007 0.300007 0.300007 0.300007 0.300007 0.300007 0.300007 0.300006 0.300007 0.300007 0.300006 0.000000 0.000000
0.000000 0.000000 0.298883 0.298883 0.298888 0.298886 0.298882 0.298883 0.298883 0.298882 0.298882 0.298882 0.298883 0.298883 0.298882 0.298886 0.298888 0.298883 0.298883 0.000000 0.000000
0.000000 0.000000 0.295123 0.295124 0.295129 0.295129 0.295122 0.295124 0.295124 0.295122 0.295123 0.295122 0.295124 0.295124 0.295122 0.295129 0.295129 0.295124 0.295123 0.000000 0.000000
0.000000 0.000000 0.290771 0.290772 0.290776 0.290776 0.290771 0.290772 0.290772 0.290771 0.290771 0.290771 0.290772 0.290772 0.290771 0.290776 0.290776 0.290772 0.290771 0.000000 0.000000
0.000000 0.000000 0.286697 0.286698 0.286701 0.286700 0.286696 0.286697 0.286697 0.286696 0.286696 0.286696 0.286697 0.286697 0.286696 0.286700 0.286701 0.286698 0.286697 0.000000 0.000000
0.000000 0.000000 0.282950 0.282951 0.282954 0.282953 0.282950 0.282951 0.282951 0.282950 0.282950 0.282950 0.282951 0.282951 0.282950 0.282953 0.282954 0.282951 0.282950 0.000000 0.000000
0.000000 0.000000 0.279440 0.279441 0.279444 0.279443 0.279440 0.279441 0.279441 0.279440 0.279440 0.279440 0.279441 0.279441 0.279440 0.279443 0.279444 0.279441 0.279440 0.000000 0.000000
0.000000 0.000000 0.276076 0.276076 0.276079 0.276078 0.276075 0.276076 0.276076 0.276075 0.276075 0.276075 0.276076 0.276076 0.276075 0.276078 0.276079 0.276076 0.276076 0.000000 0.000000
0.000000 0.000000 0.272821 0.272822 0.272825 0.272824 0.272821 0.272821 0.272821 0.272821 0.272821 0.272821 0.272821 0.272821 0.272821 0.272824 0.272825 0.272822 0.272821 0.000000 0.000000
0.000000 0.000000 0.269642 0.269643 0.269645 0.269644 0.269642 0.269642 0.269642 0.269642 0.269642 0.269642 0.269642 0.269642 0.269642 0.269644 0.269645 0.269643 0.269642 0.000000 0.000000
0.000000 0.000000 0.266516 0.266517 0.266520 0.266519 0.266516 0.266517 0.266517 0.266516 0.266516 0.266516 0.266517 0.266517 0.266516 0.266519 0.266520 0.266517 0.266516 0.000000 0.000000
0.000000 0.000000 0.263444 0.263445 0.263447 0.263446 0.263444 0.263444 0.263444 0.263444 0.263444 0.263444 0.263444 0.263444 0.263444 0.263446 0.263447 0.263445 0.263444 0.000000 0.000000
0.000000 0.000000 0.260411 0.260411 0.260414 0.260413 0.260410 0.260411 0.260411 0.260410 0.260410 0.260410 0.260411 0.260411 0.260410 0.260413 0.260414 0.260411 0.260411 0.000000 0.000000
0.000000 0.000000 0.257404 0.257405 0.257408 0.257407 0.257404 0.257405 0.257405 0.257404 0.257404 0.257404 0.257405 0.257405 0.257404 0.257407 0.257408 0.257405 0.257404 0.000000 0.000000
0.000000 0.000000 0.254427 0.254427 0.254430 0.254429 0.254427 0.254427 0.254427 0.254426 0.254427 0.254426 0.254427 0.254427 0.254427 0.254429 0.254430 0.254427 0.254427 0.000000 0.000000
0.000000 0.000000 0.251394 0.251394 0.251397 0.251396 0.251393 0.251394 0.251394 0.251393 0.251393 0.251393 0.251394 0.251394 0.251393 0.251396 0.251397 0.251394 0.251393 0.000000 0.000000
0.000000 0.000000 0.300000 0.300000 0.300000 0.300000 0.300000 0.300000 0.300000 0.300000 0.300000 0.300000 0.300000 0.300000 0.300000 0.300000 0.300000 0.300000 0.300000 0.000000 0.000000
0.000000 0.000000 0.000000 0.000000 0.000000 0.000000 0.000000 0.000000 0.000000 0.000000 0.000000 0.000000 0.000000 0.000000 0.000000 0.000000 0.000000 0.000000 0.000000 0.000000 0.000000