geotop/1.0zi/1.0Montebello/Templates/testdem/maps/_Eocsand8443.asc
ncols         21
nrows         20
xllcorner     100.000000
yllcorner     100.000000
cellsize      50.000000
NODATA_value  -9999.0
0.000000 0.000000 0.000000 0.000000 0.000000 0.000000 0.000000 0.000000 0.000000 0.000000 0.000000 0.000000 0.000000 0.000000 0.000000 0.000000 0.000000 0.000000 0.000000 0.000000 0.000000
0.000000 0.000000 0.300210 0.300208 0.300208 0.300208 0.300207 0.300207 0.300207 0.300207 0.300208 0.300207 0.300208 0.300208 0.300207 0.300208 0.300209 0.300209 0.300209 0.000000 0.000000
0.000000 0.000000 0.300011 0.300012 0.300012 0.300011 0.300012 0.300012 0.300012 0.300012 0.300012 0.300012 0.300011 0.300012 0.300012 0.300012 0.300012 0.300013 0.300013 0.000000 0.000000
0.000000 0.000000 0.299893 0.299893 0.299897 0.299905 0.299901 0.299909 0.299904 0.299906 0.299906 0.299906 0.299906 0.299908 0.299903 0.299898 0.299896 0.299893 0.299894 0.000000 0.000000
0.000000 0.000000 0.297936 0.297934 0.297943 0.297957 0.297979 0.297989 0.297996 0.297995 0.297999 0.297997 0.298001 0.297994 0.297973 0.297965 0.297953 0.297939 0.297929 0.000000 0.000000
0.000000 0.000000 0.292151 0.292152 0.292174 0.292220 0.292257 0.292305 0.292305 0.292318 0.292309 0.292311 0.292307 0.292306 0.292280 0.292246 0.292218 0.292196 0.292185 0.000000 0.000000
0.000000 0.000000 0.283997 0.284008 0.284025 0.284078 0.284146 0.284224 0.284224 0.284233 0.284232 0.284232 0.284235 0.284229 0.284161 0.284104 0.284070 0.284041 0.284026 0.000000 0.000000
0.000000 0.000000 0.274321 0.274329 0.274342 0.274404 0.274466 0.274552 0.274553 0.274564 0.274565 0.274570 0.274576 0.274559 0.274487 0.274432 0.274378 0.274363 0.274337 0.000000 0.000000
0.000000 0.000000 0.263927 0.263948 0.263975 0.264015 0.264086 0.264178 0.264173 0.264192 0.264198 0.264202 0.264200 0.264202 0.264112 0.264042 0.264000 0.263978 0.263956 0.000000 0.000000
0.000000 0.000000 0.252874 0.252897 0.252911 0.252950 0.253051 0.253134 0.253135 0.253144 0.253158 0.253150 0.253140 0.253144 0.253068 0.252984 0.252935 0.252916 0.252902 0.000000 0.000000
0.000000 0.000000 0.240792 0.240804 0.240819 0.240912 0.240978 0.241083 0.241057 0.241115 0.241104 0.241110 0.241130 0.241095 0.241021 0.240971 0.240904 0.240870 0.240824 0.000000 0.000000
0.000000 0.000000 0.227289 0.227330 0.227367 0.227418 0.227504 0.227625 0.227637 0.227647 0.227622 0.227666 0.227651 0.227647 0.227517 0.227448 0.227406 0.227378 0.227270 0.000000 0.000000
0.000000 0.000000 0.212582 0.212624 0.212626 0.212717 0.212784 0.213116 0.213125 0.213139 0.213233 0.213180 0.213168 0.213136 0.212880 0.212817 0.212690 0.212679 0.212625 0.000000 0.000000
0.000000 0.000000 0.195183 0.195194 0.195259 0.195319 0.195740 0.195699 0.195785 0.195784 0.195754 0.195787 0.195798 0.195826 0.195869 0.195423 0.195363 0.195245 0.195165 0.000000 0.000000
0.000000 0.000000 0.174560 0.174602 0.174685 0.175228 0.175163 0.175440 0.175562 0.175588 0.175686 0.175748 0.175690 0.175700 0.175431 0.175466 0.174746 0.174864 0.174855 0.000000 0.000000
0.000000 0.000000 0.152000 0.152037 0.152817 0.152578 0.152645 0.152707 0.152407 0.152499 0.152340 0.152394 0.152529 0.152333 0.152328 0.152279 0.152893 0.151743 0.151761 0.000000 0.000000
0.000000 0.000000 0.124324 0.125540 0.125239 0.125713 0.126318 0.126504 0.126853 0.126772 0.127144 0.127107 0.126898 0.127111 0.126794 0.126347 0.125290 0.126009 0.124745 0.000000 0.000000
0.000000 0.000000 0.115061 0.113924 0.112932 0.112922 0.112852 0.113807 0.113638 0.113919 0.113450 0.113545 0.113624 0.113464 0.112671 0.112722 0.112754 0.113506 0.114623 0.000000 0.000000
0.000000 0.000000 0.300000 0.300000 0.300000 0.300000 0.300000 0.300000 0.300000 0.300000 0.300000 0.300000 0.300000 0.300000 0.300000 0.300000 0.300000 0.300000 0.300000 0.000000 0.000000
0.000000 0.000000 0.000000 0.000000 0.000000 0.000000 0.000000 0.000000 0.000000 0.000000 0.000000 0.000000 0.000000 0.000000 0.000000 0.000000 0.000000 0.000000 0.000000 0.000000 0.000000