geotop/1.0zi/1.0Montebello/Templates/testdem/maps/_Eocclay9754.asc
ncols         21
nrows         20
xllcorner     100.000000
yllcorner     100.000000
cellsize      50.000000
NODATA_value  -9999.0
0.000000 0.000000 0.000000 0.000000 0.000000 0.000000 0.000000 0.000000 0.000000 0.000000 0.000000 0.000000 0.000000 0.000000 0.000000 0.000000 0.000000 0.000000 0.000000 0.000000 0.000000
0.000000 0.000000 0.349552 0.349555 0.349554 0.349553 0.349555 0.349555 0.349555 0.349555 0.349554 0.349555 0.349555 0.349555 0.349555 0.349555 0.349553 0.349553 0.349554 0.000000 0.000000
0.000000 0.000000 0.349981 0.349979 0.349979 0.349981 0.349979 0.349979 0.349979 0.349979 0.349979 0.349979 0.349980 0.349979 0.349980 0.349981 0.349981 0.349980 0.349979 0.000000 0.000000
0.000000 0.000000 0.350040 0.350045 0.350042 0.350038 0.350039 0.350039 0.350043 0.350040 0.350043 0.350041 0.350042 0.350040 0.350043 0.350046 0.350045 0.350046 0.350043 0.000000 0.000000
0.000000 0.000000 0.351482 0.351476 0.351469 0.351457 0.351439 0.351437 0.351434 0.351435 0.351433 0.351437 0.351438 0.351439 0.351449 0.351454 0.351465 0.351468 0.351477 0.000000 0.000000
0.000000 0.000000 0.355427 0.355421 0.355398 0.355362 0.355331 0.355300 0.355305 0.355298 0.355298 0.355298 0.355305 0.355302 0.355319 0.355350 0.355365 0.355378 0.355384 0.000000 0.000000
0.000000 0.000000 0.360658 0.360647 0.360633 0.360597 0.360557 0.360499 0.360499 0.360493 0.360489 0.360490 0.360492 0.360491 0.360539 0.360574 0.360594 0.360607 0.360615 0.000000 0.000000
0.000000 0.000000 0.366901 0.366887 0.366871 0.366825 0.366780 0.366728 0.366729 0.366721 0.366716 0.366714 0.366712 0.366721 0.366765 0.366802 0.366835 0.366844 0.366858 0.000000 0.000000
0.000000 0.000000 0.373739 0.373721 0.373697 0.373662 0.373611 0.373551 0.373557 0.373544 0.373536 0.373534 0.373537 0.373534 0.373594 0.373639 0.373665 0.373675 0.373687 0.000000 0.000000
0.000000 0.000000 0.381320 0.381293 0.381274 0.381237 0.381179 0.381116 0.381117 0.381108 0.381094 0.381100 0.381108 0.381105 0.381154 0.381213 0.381243 0.381255 0.381261 0.000000 0.000000
0.000000 0.000000 0.389984 0.389962 0.389942 0.389860 0.389833 0.389746 0.389764 0.389721 0.389725 0.389719 0.389705 0.389729 0.389783 0.389820 0.389863 0.389879 0.389916 0.000000 0.000000
0.000000 0.000000 0.400120 0.400074 0.400023 0.399983 0.399938 0.399829 0.399827 0.399821 0.399834 0.399796 0.399814 0.399808 0.399907 0.399964 0.399987 0.400001 0.400076 0.000000 0.000000
0.000000 0.000000 0.411589 0.411546 0.411533 0.411453 0.411398 0.411109 0.411104 0.411085 0.410983 0.411045 0.411052 0.411076 0.411292 0.411341 0.411447 0.411452 0.411471 0.000000 0.000000
0.000000 0.000000 0.425871 0.425850 0.425758 0.425700 0.425294 0.425438 0.425350 0.425349 0.425403 0.425347 0.425338 0.425295 0.425164 0.425612 0.425628 0.425732 0.425794 0.000000 0.000000
0.000000 0.000000 0.442233 0.442183 0.442101 0.441570 0.441798 0.441466 0.441392 0.441356 0.441235 0.441196 0.441257 0.441260 0.441554 0.441336 0.442028 0.441864 0.441838 0.000000 0.000000
0.000000 0.000000 0.457038 0.457008 0.456418 0.456739 0.456629 0.456660 0.456923 0.456854 0.456995 0.456972 0.456859 0.456999 0.456912 0.457014 0.456329 0.457238 0.457225 0.000000 0.000000
0.000000 0.000000 0.470192 0.469701 0.469863 0.469642 0.469389 0.469307 0.469144 0.469181 0.469013 0.469033 0.469131 0.469029 0.469165 0.469354 0.469824 0.469457 0.469968 0.000000 0.000000
0.000000 0.000000 0.474930 0.475104 0.475404 0.475341 0.475291 0.475009 0.475020 0.474950 0.475038 0.475017 0.475019 0.475038 0.475283 0.475323 0.475426 0.475133 0.474962 0.000000 0.000000
0.000000 0.000000 0.350000 0.350000 0.350000 0.350000 0.350000 0.350000 0.350000 0.350000 0.350000 0.350000 0.350000 0.350000 0.350000 0.350000 0.350000 0.350000 0.350000 0.000000 0.000000
0.000000 0.000000 0.000000 0.000000 0.000000 0.000000 0.000000 0.000000 0.000000 0.000000 0.000000 0.000000 0.000000 0.000000 0.000000 0.000000 0.000000 0.000000 0.000000 0.000000 0.000000