geotop/1.0zi/1.0Montebello/Templates/testdem/maps/_Eocsilt5344.asc
ncols         21
nrows         20
xllcorner     100.000000
yllcorner     100.000000
cellsize      50.000000
NODATA_value  -9999.0
0.000000 0.000000 0.000000 0.000000 0.000000 0.000000 0.000000 0.000000 0.000000 0.000000 0.000000 0.000000 0.000000 0.000000 0.000000 0.000000 0.000000 0.000000 0.000000 0.000000 0.000000
0.000000 0.000000 0.350109 0.350109 0.350109 0.350109 0.350109 0.350110 0.350109 0.350109 0.350109 0.350109 0.350109 0.350109 0.350109 0.350109 0.350110 0.350109 0.350109 0.000000 0.000000
0.000000 0.000000 0.350002 0.350002 0.350003 0.350003 0.350003 0.350003 0.350004 0.350003 0.350003 0.350004 0.350004 0.350004 0.350003 0.350003 0.350002 0.350001 0.350002 0.000000 0.000000
0.000000 0.000000 0.350038 0.350037 0.350036 0.350031 0.350033 0.350031 0.350033 0.350034 0.350033 0.350032 0.350032 0.350032 0.350033 0.350036 0.350036 0.350038 0.350037 0.000000 0.000000
0.000000 0.000000 0.350440 0.350444 0.350443 0.350439 0.350437 0.350432 0.350431 0.350429 0.350426 0.350429 0.350429 0.350430 0.350436 0.350438 0.350437 0.350446 0.350449 0.000000 0.000000
0.000000 0.000000 0.351762 0.351765 0.351762 0.351749 0.351740 0.351724 0.351722 0.351719 0.351724 0.351726 0.351727 0.351724 0.351729 0.351733 0.351742 0.351746 0.351749 0.000000 0.000000
0.000000 0.000000 0.353809 0.353807 0.353804 0.353788 0.353769 0.353748 0.353749 0.353747 0.353750 0.353750 0.353747 0.353750 0.353764 0.353780 0.353787 0.353796 0.353801 0.000000 0.000000
0.000000 0.000000 0.356284 0.356285 0.356286 0.356270 0.356251 0.356229 0.356229 0.356227 0.356227 0.356227 0.356226 0.356228 0.356244 0.356262 0.356276 0.356278 0.356287 0.000000 0.000000
0.000000 0.000000 0.358875 0.358871 0.358865 0.358855 0.358837 0.358810 0.358811 0.358807 0.358805 0.358806 0.358807 0.358804 0.358828 0.358846 0.358859 0.358864 0.358871 0.000000 0.000000
0.000000 0.000000 0.361453 0.361449 0.361447 0.361441 0.361415 0.361393 0.361395 0.361392 0.361388 0.361393 0.361395 0.361392 0.361410 0.361430 0.361443 0.361445 0.361450 0.000000 0.000000
0.000000 0.000000 0.364079 0.364077 0.364078 0.364059 0.364042 0.364017 0.364022 0.364010 0.364011 0.364013 0.364010 0.364015 0.364029 0.364042 0.364056 0.364064 0.364074 0.000000 0.000000
0.000000 0.000000 0.366819 0.366813 0.366807 0.366794 0.366780 0.366749 0.366751 0.366743 0.366752 0.366745 0.366746 0.366748 0.366774 0.366785 0.366795 0.366799 0.366828 0.000000 0.000000
0.000000 0.000000 0.369606 0.369600 0.369599 0.369585 0.369572 0.369513 0.369514 0.369508 0.369496 0.369503 0.369508 0.369512 0.369553 0.369564 0.369585 0.369587 0.369608 0.000000 0.000000
0.000000 0.000000 0.372600 0.372596 0.372590 0.372582 0.372528 0.372512 0.372499 0.372498 0.372493 0.372496 0.372497 0.372494 0.372501 0.372554 0.372573 0.372587 0.372608 0.000000 0.000000
0.000000 0.000000 0.375863 0.375860 0.375848 0.375793 0.375775 0.375742 0.375719 0.375716 0.375705 0.375700 0.375706 0.375701 0.375724 0.375751 0.375833 0.375827 0.375840 0.000000 0.000000
0.000000 0.000000 0.379292 0.379287 0.379219 0.379203 0.379198 0.379176 0.379187 0.379178 0.379183 0.379175 0.379168 0.379182 0.379194 0.379203 0.379204 0.379292 0.379295 0.000000 0.000000
0.000000 0.000000 0.383152 0.383061 0.383022 0.382994 0.382951 0.382927 0.382922 0.382919 0.382900 0.382896 0.382904 0.382902 0.382926 0.382959 0.383012 0.383042 0.383134 0.000000 0.000000
0.000000 0.000000 0.386073 0.386065 0.386143 0.386118 0.386085 0.385998 0.385995 0.385976 0.385985 0.385980 0.385987 0.385988 0.386068 0.386090 0.386155 0.386072 0.386086 0.000000 0.000000
0.000000 0.000000 0.350000 0.350000 0.350000 0.350000 0.350000 0.350000 0.350000 0.350000 0.350000 0.350000 0.350000 0.350000 0.350000 0.350000 0.350000 0.350000 0.350000 0.000000 0.000000
0.000000 0.000000 0.000000 0.000000 0.000000 0.000000 0.000000 0.000000 0.000000 0.000000 0.000000 0.000000 0.000000 0.000000 0.000000 0.000000 0.000000 0.000000 0.000000 0.000000 0.000000