geotop/1.0zi/1.0Montebello/Templates/testdem/maps/_Eocsilt4426.asc
ncols         21
nrows         20
xllcorner     100.000000
yllcorner     100.000000
cellsize      50.000000
NODATA_value  -9999.0
0.000000 0.000000 0.000000 0.000000 0.000000 0.000000 0.000000 0.000000 0.000000 0.000000 0.000000 0.000000 0.000000 0.000000 0.000000 0.000000 0.000000 0.000000 0.000000 0.000000 0.000000
0.000000 0.000000 0.350090 0.350090 0.350090 0.350090 0.350089 0.350090 0.350090 0.350090 0.350090 0.350090 0.350090 0.350090 0.350089 0.350090 0.350090 0.350090 0.350089 0.000000 0.000000
0.000000 0.000000 0.350002 0.350002 0.350002 0.350003 0.350003 0.350003 0.350003 0.350003 0.350003 0.350003 0.350003 0.350003 0.350003 0.350002 0.350001 0.350001 0.350002 0.000000 0.000000
0.000000 0.000000 0.350031 0.350031 0.350031 0.350026 0.350027 0.350025 0.350027 0.350027 0.350027 0.350027 0.350027 0.350026 0.350027 0.350030 0.350031 0.350032 0.350031 0.000000 0.000000
0.000000 0.000000 0.350386 0.350389 0.350387 0.350383 0.350380 0.350376 0.350375 0.350372 0.350371 0.350373 0.350374 0.350376 0.350380 0.350380 0.350381 0.350389 0.350392 0.000000 0.000000
0.000000 0.000000 0.351532 0.351535 0.351533 0.351521 0.351515 0.351501 0.351498 0.351493 0.351498 0.351500 0.351504 0.351502 0.351507 0.351513 0.351520 0.351521 0.351526 0.000000 0.000000
0.000000 0.000000 0.353314 0.353314 0.353312 0.353298 0.353283 0.353266 0.353267 0.353265 0.353268 0.353266 0.353264 0.353267 0.353279 0.353293 0.353299 0.353306 0.353312 0.000000 0.000000
0.000000 0.000000 0.355390 0.355388 0.355387 0.355375 0.355361 0.355344 0.355346 0.355343 0.355343 0.355343 0.355341 0.355339 0.355356 0.355372 0.355382 0.355384 0.355390 0.000000 0.000000
0.000000 0.000000 0.357505 0.357501 0.357497 0.357487 0.357474 0.357453 0.357454 0.357450 0.357450 0.357452 0.357449 0.357450 0.357466 0.357484 0.357492 0.357497 0.357505 0.000000 0.000000
0.000000 0.000000 0.359606 0.359603 0.359601 0.359591 0.359575 0.359557 0.359560 0.359557 0.359557 0.359558 0.359554 0.359553 0.359571 0.359589 0.359596 0.359600 0.359605 0.000000 0.000000
0.000000 0.000000 0.361721 0.361719 0.361717 0.361709 0.361698 0.361676 0.361679 0.361673 0.361674 0.361675 0.361672 0.361671 0.361686 0.361699 0.361708 0.361713 0.361720 0.000000 0.000000
0.000000 0.000000 0.363907 0.363904 0.363901 0.363889 0.363877 0.363855 0.363855 0.363852 0.363852 0.363852 0.363850 0.363849 0.363870 0.363885 0.363894 0.363898 0.363920 0.000000 0.000000
0.000000 0.000000 0.366122 0.366119 0.366115 0.366107 0.366091 0.366047 0.366048 0.366044 0.366043 0.366044 0.366040 0.366040 0.366079 0.366097 0.366106 0.366110 0.366124 0.000000 0.000000
0.000000 0.000000 0.368464 0.368457 0.368455 0.368447 0.368403 0.368391 0.368384 0.368381 0.368382 0.368382 0.368378 0.368377 0.368389 0.368434 0.368443 0.368453 0.368461 0.000000 0.000000
0.000000 0.000000 0.370986 0.370981 0.370970 0.370932 0.370912 0.370884 0.370871 0.370866 0.370860 0.370859 0.370860 0.370854 0.370875 0.370906 0.370956 0.370954 0.370961 0.000000 0.000000
0.000000 0.000000 0.373589 0.373584 0.373537 0.373530 0.373518 0.373504 0.373503 0.373502 0.373504 0.373503 0.373495 0.373503 0.373510 0.373523 0.373523 0.373577 0.373589 0.000000 0.000000
0.000000 0.000000 0.376481 0.376418 0.376379 0.376362 0.376331 0.376313 0.376310 0.376307 0.376300 0.376301 0.376300 0.376294 0.376306 0.376344 0.376368 0.376395 0.376459 0.000000 0.000000
0.000000 0.000000 0.378744 0.378731 0.378774 0.378752 0.378724 0.378661 0.378656 0.378649 0.378652 0.378651 0.378646 0.378649 0.378706 0.378738 0.378775 0.378720 0.378746 0.000000 0.000000
0.000000 0.000000 0.350000 0.350000 0.350000 0.350000 0.350000 0.350000 0.350000 0.350000 0.350000 0.350000 0.350000 0.350000 0.350000 0.350000 0.350000 0.350000 0.350000 0.000000 0.000000
0.000000 0.000000 0.000000 0.000000 0.000000 0.000000 0.000000 0.000000 0.000000 0.000000 0.000000 0.000000 0.000000 0.000000 0.000000 0.000000 0.000000 0.000000 0.000000 0.000000 0.000000