geotop/1.0zi/1.0Montebello/Templates/testdem/maps/_Eocsilt9303.asc
ncols         21
nrows         20
xllcorner     100.000000
yllcorner     100.000000
cellsize      50.000000
NODATA_value  -9999.0
0.000000 0.000000 0.000000 0.000000 0.000000 0.000000 0.000000 0.000000 0.000000 0.000000 0.000000 0.000000 0.000000 0.000000 0.000000 0.000000 0.000000 0.000000 0.000000 0.000000 0.000000
0.000000 0.000000 0.350198 0.350198 0.350198 0.350198 0.350198 0.350198 0.350198 0.350198 0.350198 0.350198 0.350198 0.350198 0.350198 0.350198 0.350199 0.350198 0.350198 0.000000 0.000000
0.000000 0.000000 0.350006 0.350005 0.350006 0.350005 0.350006 0.350006 0.350006 0.350006 0.350006 0.350006 0.350007 0.350007 0.350006 0.350005 0.350004 0.350004 0.350005 0.000000 0.000000
0.000000 0.000000 0.350122 0.350119 0.350114 0.350109 0.350108 0.350104 0.350107 0.350107 0.350104 0.350107 0.350107 0.350107 0.350110 0.350113 0.350119 0.350119 0.350122 0.000000 0.000000
0.000000 0.000000 0.351275 0.351280 0.351270 0.351253 0.351244 0.351239 0.351241 0.351237 0.351238 0.351239 0.351243 0.351241 0.351255 0.351262 0.351265 0.351268 0.351271 0.000000 0.000000
0.000000 0.000000 0.354592 0.354587 0.354572 0.354553 0.354522 0.354499 0.354496 0.354491 0.354494 0.354494 0.354498 0.354496 0.354511 0.354531 0.354542 0.354548 0.354555 0.000000 0.000000
0.000000 0.000000 0.359331 0.359321 0.359305 0.359273 0.359233 0.359183 0.359188 0.359184 0.359182 0.359181 0.359179 0.359184 0.359222 0.359252 0.359272 0.359285 0.359293 0.000000 0.000000
0.000000 0.000000 0.364938 0.364928 0.364915 0.364880 0.364839 0.364794 0.364797 0.364791 0.364788 0.364784 0.364782 0.364791 0.364827 0.364862 0.364894 0.364897 0.364912 0.000000 0.000000
0.000000 0.000000 0.371065 0.371049 0.371028 0.371002 0.370956 0.370900 0.370906 0.370895 0.370890 0.370887 0.370890 0.370889 0.370942 0.370982 0.371006 0.371015 0.371028 0.000000 0.000000
0.000000 0.000000 0.377716 0.377697 0.377681 0.377653 0.377592 0.377541 0.377544 0.377536 0.377527 0.377531 0.377537 0.377536 0.377578 0.377629 0.377658 0.377666 0.377673 0.000000 0.000000
0.000000 0.000000 0.385134 0.385120 0.385107 0.385041 0.385001 0.384935 0.384952 0.384917 0.384922 0.384916 0.384905 0.384927 0.384971 0.385004 0.385042 0.385056 0.385087 0.000000 0.000000
0.000000 0.000000 0.393643 0.393612 0.393574 0.393542 0.393485 0.393404 0.393406 0.393400 0.393413 0.393382 0.393397 0.393397 0.393476 0.393522 0.393544 0.393554 0.393620 0.000000 0.000000
0.000000 0.000000 0.403103 0.403075 0.403066 0.402994 0.402947 0.402720 0.402721 0.402708 0.402637 0.402677 0.402685 0.402707 0.402877 0.402920 0.403001 0.403005 0.403029 0.000000 0.000000
0.000000 0.000000 0.414637 0.414626 0.414563 0.414519 0.414206 0.414283 0.414222 0.414223 0.414257 0.414221 0.414215 0.414190 0.414116 0.414452 0.414475 0.414552 0.414603 0.000000 0.000000
0.000000 0.000000 0.428167 0.428128 0.428060 0.427654 0.427772 0.427539 0.427472 0.427449 0.427365 0.427325 0.427372 0.427374 0.427587 0.427483 0.428015 0.427898 0.427889 0.000000 0.000000
0.000000 0.000000 0.441694 0.441666 0.441144 0.441380 0.441300 0.441303 0.441528 0.441465 0.441582 0.441556 0.441461 0.441589 0.441541 0.441609 0.441076 0.441855 0.441844 0.000000 0.000000
0.000000 0.000000 0.455277 0.454738 0.454917 0.454672 0.454399 0.454309 0.454128 0.454170 0.453985 0.454005 0.454112 0.454002 0.454152 0.454354 0.454882 0.454473 0.455033 0.000000 0.000000
0.000000 0.000000 0.459791 0.460038 0.460368 0.460314 0.460276 0.459955 0.459981 0.459897 0.460014 0.459986 0.459980 0.460013 0.460286 0.460316 0.460401 0.460096 0.459853 0.000000 0.000000
0.000000 0.000000 0.350000 0.350000 0.350000 0.350000 0.350000 0.350000 0.350000 0.350000 0.350000 0.350000 0.350000 0.350000 0.350000 0.350000 0.350000 0.350000 0.350000 0.000000 0.000000
0.000000 0.000000 0.000000 0.000000 0.000000 0.000000 0.000000 0.000000 0.000000 0.000000 0.000000 0.000000 0.000000 0.000000 0.000000 0.000000 0.000000 0.000000 0.000000 0.000000 0.000000