geotop/1.0zi/1.0Montebello/Templates/testdem/maps/_Eocsilt6013.asc
ncols         21
nrows         20
xllcorner     100.000000
yllcorner     100.000000
cellsize      50.000000
NODATA_value  -9999.0
0.000000 0.000000 0.000000 0.000000 0.000000 0.000000 0.000000 0.000000 0.000000 0.000000 0.000000 0.000000 0.000000 0.000000 0.000000 0.000000 0.000000 0.000000 0.000000 0.000000 0.000000
0.000000 0.000000 0.350119 0.350119 0.350119 0.350119 0.350119 0.350119 0.350119 0.350119 0.350119 0.350119 0.350119 0.350119 0.350119 0.350119 0.350119 0.350119 0.350118 0.000000 0.000000
0.000000 0.000000 0.350002 0.350002 0.350002 0.350003 0.350003 0.350003 0.350003 0.350003 0.350003 0.350003 0.350004 0.350003 0.350003 0.350002 0.350001 0.350001 0.350002 0.000000 0.000000
0.000000 0.000000 0.350047 0.350046 0.350045 0.350040 0.350041 0.350039 0.350041 0.350041 0.350040 0.350039 0.350040 0.350040 0.350042 0.350045 0.350046 0.350048 0.350047 0.000000 0.000000
0.000000 0.000000 0.350550 0.350553 0.350552 0.350549 0.350545 0.350540 0.350539 0.350537 0.350535 0.350536 0.350538 0.350539 0.350545 0.350547 0.350546 0.350555 0.350559 0.000000 0.000000
0.000000 0.000000 0.352133 0.352136 0.352130 0.352115 0.352105 0.352087 0.352085 0.352081 0.352085 0.352087 0.352088 0.352085 0.352092 0.352099 0.352109 0.352113 0.352119 0.000000 0.000000
0.000000 0.000000 0.354532 0.354530 0.354524 0.354505 0.354483 0.354459 0.354460 0.354458 0.354460 0.354460 0.354457 0.354461 0.354478 0.354497 0.354506 0.354516 0.354522 0.000000 0.000000
0.000000 0.000000 0.357450 0.357450 0.357449 0.357431 0.357409 0.357382 0.357383 0.357380 0.357380 0.357379 0.357378 0.357381 0.357401 0.357422 0.357438 0.357441 0.357451 0.000000 0.000000
0.000000 0.000000 0.360517 0.360512 0.360504 0.360492 0.360471 0.360440 0.360441 0.360436 0.360434 0.360435 0.360435 0.360433 0.360461 0.360483 0.360498 0.360503 0.360512 0.000000 0.000000
0.000000 0.000000 0.363605 0.363600 0.363596 0.363588 0.363558 0.363532 0.363534 0.363531 0.363526 0.363531 0.363534 0.363531 0.363552 0.363577 0.363592 0.363594 0.363600 0.000000 0.000000
0.000000 0.000000 0.366787 0.366784 0.366783 0.366760 0.366740 0.366711 0.366717 0.366703 0.366704 0.366705 0.366701 0.366708 0.366726 0.366743 0.366759 0.366768 0.366781 0.000000 0.000000
0.000000 0.000000 0.370145 0.370137 0.370128 0.370113 0.370094 0.370059 0.370060 0.370052 0.370061 0.370053 0.370054 0.370057 0.370089 0.370104 0.370116 0.370121 0.370154 0.000000 0.000000
0.000000 0.000000 0.373602 0.373596 0.373592 0.373574 0.373557 0.373485 0.373485 0.373479 0.373463 0.373472 0.373477 0.373482 0.373536 0.373550 0.373576 0.373579 0.373602 0.000000 0.000000
0.000000 0.000000 0.377377 0.377372 0.377362 0.377350 0.377279 0.377262 0.377246 0.377245 0.377240 0.377242 0.377243 0.377240 0.377248 0.377320 0.377342 0.377360 0.377384 0.000000 0.000000
0.000000 0.000000 0.381553 0.381547 0.381530 0.381455 0.381433 0.381390 0.381364 0.381359 0.381345 0.381337 0.381346 0.381340 0.381373 0.381406 0.381512 0.381503 0.381517 0.000000 0.000000
0.000000 0.000000 0.385994 0.385989 0.385888 0.385874 0.385869 0.385842 0.385864 0.385852 0.385861 0.385851 0.385839 0.385859 0.385875 0.385885 0.385872 0.386001 0.386004 0.000000 0.000000
0.000000 0.000000 0.391118 0.390980 0.390938 0.390898 0.390832 0.390800 0.390787 0.390786 0.390756 0.390752 0.390766 0.390759 0.390797 0.390847 0.390926 0.390947 0.391088 0.000000 0.000000
0.000000 0.000000 0.394765 0.394782 0.394907 0.394875 0.394828 0.394702 0.394700 0.394671 0.394693 0.394685 0.394693 0.394696 0.394812 0.394847 0.394926 0.394798 0.394789 0.000000 0.000000
0.000000 0.000000 0.350000 0.350000 0.350000 0.350000 0.350000 0.350000 0.350000 0.350000 0.350000 0.350000 0.350000 0.350000 0.350000 0.350000 0.350000 0.350000 0.350000 0.000000 0.000000
0.000000 0.000000 0.000000 0.000000 0.000000 0.000000 0.000000 0.000000 0.000000 0.000000 0.000000 0.000000 0.000000 0.000000 0.000000 0.000000 0.000000 0.000000 0.000000 0.000000 0.000000