geotop/1.0zi/1.0Montebello/Templates/testdem/maps/_Eocclay7592.asc
ncols         21
nrows         20
xllcorner     100.000000
yllcorner     100.000000
cellsize      50.000000
NODATA_value  -9999.0
0.000000 0.000000 0.000000 0.000000 0.000000 0.000000 0.000000 0.000000 0.000000 0.000000 0.000000 0.000000 0.000000 0.000000 0.000000 0.000000 0.000000 0.000000 0.000000 0.000000 0.000000
0.000000 0.000000 0.349653 0.349654 0.349654 0.349653 0.349654 0.349654 0.349654 0.349654 0.349653 0.349654 0.349654 0.349654 0.349654 0.349654 0.349652 0.349653 0.349654 0.000000 0.000000
0.000000 0.000000 0.349985 0.349985 0.349985 0.349987 0.349985 0.349985 0.349985 0.349985 0.349985 0.349985 0.349985 0.349984 0.349985 0.349985 0.349986 0.349986 0.349983 0.000000 0.000000
0.000000 0.000000 0.350003 0.350008 0.350005 0.350004 0.350006 0.350004 0.350006 0.350003 0.350006 0.350004 0.350004 0.350003 0.350005 0.350007 0.350006 0.350009 0.350007 0.000000 0.000000
0.000000 0.000000 0.350952 0.350950 0.350946 0.350940 0.350925 0.350923 0.350920 0.350923 0.350919 0.350920 0.350916 0.350920 0.350930 0.350931 0.350939 0.350941 0.350947 0.000000 0.000000
0.000000 0.000000 0.353528 0.353526 0.353515 0.353488 0.353475 0.353452 0.353453 0.353447 0.353450 0.353450 0.353451 0.353453 0.353464 0.353482 0.353496 0.353511 0.353517 0.000000 0.000000
0.000000 0.000000 0.357087 0.357083 0.357075 0.357052 0.357023 0.356987 0.356986 0.356981 0.356982 0.356983 0.356982 0.356983 0.357015 0.357043 0.357059 0.357071 0.357079 0.000000 0.000000
0.000000 0.000000 0.361327 0.361325 0.361317 0.361289 0.361261 0.361221 0.361221 0.361217 0.361216 0.361214 0.361211 0.361219 0.361253 0.361277 0.361302 0.361311 0.361323 0.000000 0.000000
0.000000 0.000000 0.365781 0.365774 0.365761 0.365744 0.365714 0.365674 0.365677 0.365668 0.365665 0.365663 0.365664 0.365663 0.365703 0.365735 0.365754 0.365763 0.365772 0.000000 0.000000
0.000000 0.000000 0.370454 0.370445 0.370439 0.370421 0.370378 0.370341 0.370342 0.370337 0.370331 0.370334 0.370340 0.370337 0.370371 0.370408 0.370431 0.370438 0.370446 0.000000 0.000000
0.000000 0.000000 0.375489 0.375483 0.375475 0.375439 0.375409 0.375366 0.375375 0.375353 0.375355 0.375354 0.375346 0.375361 0.375392 0.375414 0.375443 0.375459 0.375478 0.000000 0.000000
0.000000 0.000000 0.381002 0.380988 0.380971 0.380947 0.380914 0.380862 0.380859 0.380852 0.380864 0.380846 0.380850 0.380854 0.380908 0.380935 0.380955 0.380966 0.381014 0.000000 0.000000
0.000000 0.000000 0.386896 0.386881 0.386874 0.386842 0.386813 0.386683 0.386681 0.386673 0.386640 0.386657 0.386664 0.386676 0.386776 0.386804 0.386853 0.386860 0.386886 0.000000 0.000000
0.000000 0.000000 0.393682 0.393677 0.393652 0.393628 0.393474 0.393473 0.393441 0.393441 0.393445 0.393439 0.393435 0.393429 0.393425 0.393585 0.393617 0.393660 0.393693 0.000000 0.000000
0.000000 0.000000 0.401572 0.401559 0.401526 0.401339 0.401336 0.401244 0.401195 0.401186 0.401154 0.401131 0.401151 0.401146 0.401236 0.401251 0.401502 0.401471 0.401480 0.000000 0.000000
0.000000 0.000000 0.410232 0.410219 0.409950 0.409995 0.409978 0.409941 0.410032 0.409999 0.410045 0.410021 0.409981 0.410047 0.410066 0.410080 0.409927 0.410302 0.410297 0.000000 0.000000
0.000000 0.000000 0.421000 0.420575 0.420609 0.420465 0.420252 0.420188 0.420093 0.420114 0.419997 0.420004 0.420066 0.420010 0.420116 0.420273 0.420594 0.420442 0.420881 0.000000 0.000000
0.000000 0.000000 0.426116 0.426455 0.426851 0.426827 0.426810 0.426439 0.426478 0.426377 0.426524 0.426492 0.426478 0.426525 0.426846 0.426857 0.426923 0.426585 0.426259 0.000000 0.000000
0.000000 0.000000 0.350000 0.350000 0.350000 0.350000 0.350000 0.350000 0.350000 0.350000 0.350000 0.350000 0.350000 0.350000 0.350000 0.350000 0.350000 0.350000 0.350000 0.000000 0.000000
0.000000 0.000000 0.000000 0.000000 0.000000 0.000000 0.000000 0.000000 0.000000 0.000000 0.000000 0.000000 0.000000 0.000000 0.000000 0.000000 0.000000 0.000000 0.000000 0.000000 0.000000