geotop/1.0zi/1.0Montebello/Templates/testdem/maps/_Eocsilt8205.asc
ncols         21
nrows         20
xllcorner     100.000000
yllcorner     100.000000
cellsize      50.000000
NODATA_value  -9999.0
0.000000 0.000000 0.000000 0.000000 0.000000 0.000000 0.000000 0.000000 0.000000 0.000000 0.000000 0.000000 0.000000 0.000000 0.000000 0.000000 0.000000 0.000000 0.000000 0.000000 0.000000
0.000000 0.000000 0.350171 0.350172 0.350172 0.350172 0.350172 0.350172 0.350172 0.350172 0.350172 0.350172 0.350171 0.350172 0.350171 0.350172 0.350172 0.350172 0.350172 0.000000 0.000000
0.000000 0.000000 0.350005 0.350005 0.350005 0.350005 0.350006 0.350006 0.350006 0.350006 0.350006 0.350006 0.350006 0.350006 0.350006 0.350005 0.350004 0.350004 0.350005 0.000000 0.000000
0.000000 0.000000 0.350103 0.350099 0.350097 0.350091 0.350093 0.350087 0.350090 0.350090 0.350087 0.350090 0.350089 0.350089 0.350092 0.350095 0.350099 0.350099 0.350100 0.000000 0.000000
0.000000 0.000000 0.351036 0.351042 0.351037 0.351026 0.351019 0.351012 0.351008 0.351007 0.351006 0.351006 0.351007 0.351009 0.351023 0.351027 0.351031 0.351041 0.351043 0.000000 0.000000
0.000000 0.000000 0.353775 0.353775 0.353765 0.353749 0.353729 0.353707 0.353705 0.353700 0.353704 0.353704 0.353706 0.353705 0.353717 0.353731 0.353743 0.353752 0.353757 0.000000 0.000000
0.000000 0.000000 0.357689 0.357685 0.357673 0.357647 0.357614 0.357579 0.357579 0.357575 0.357576 0.357574 0.357572 0.357577 0.357607 0.357635 0.357653 0.357668 0.357676 0.000000 0.000000
0.000000 0.000000 0.362318 0.362316 0.362309 0.362281 0.362250 0.362211 0.362210 0.362206 0.362205 0.362202 0.362200 0.362207 0.362241 0.362269 0.362296 0.362303 0.362315 0.000000 0.000000
0.000000 0.000000 0.367301 0.367293 0.367277 0.367258 0.367225 0.367180 0.367182 0.367172 0.367170 0.367168 0.367170 0.367168 0.367211 0.367246 0.367268 0.367279 0.367290 0.000000 0.000000
0.000000 0.000000 0.372557 0.372548 0.372539 0.372521 0.372473 0.372433 0.372433 0.372428 0.372422 0.372425 0.372431 0.372428 0.372465 0.372505 0.372530 0.372538 0.372546 0.000000 0.000000
0.000000 0.000000 0.378244 0.378238 0.378229 0.378187 0.378154 0.378108 0.378117 0.378092 0.378096 0.378094 0.378085 0.378102 0.378135 0.378160 0.378192 0.378209 0.378230 0.000000 0.000000
0.000000 0.000000 0.384561 0.384544 0.384524 0.384499 0.384461 0.384402 0.384398 0.384391 0.384404 0.384384 0.384390 0.384394 0.384455 0.384486 0.384507 0.384520 0.384573 0.000000 0.000000
0.000000 0.000000 0.391387 0.391371 0.391363 0.391326 0.391292 0.391139 0.391137 0.391128 0.391088 0.391108 0.391117 0.391131 0.391247 0.391279 0.391337 0.391344 0.391370 0.000000 0.000000
0.000000 0.000000 0.399383 0.399378 0.399346 0.399320 0.399128 0.399143 0.399103 0.399103 0.399116 0.399104 0.399098 0.399090 0.399072 0.399271 0.399303 0.399355 0.399393 0.000000 0.000000
0.000000 0.000000 0.408792 0.408775 0.408736 0.408494 0.408513 0.408392 0.408338 0.408325 0.408284 0.408254 0.408282 0.408277 0.408394 0.408389 0.408709 0.408661 0.408668 0.000000 0.000000
0.000000 0.000000 0.419076 0.419062 0.418713 0.418805 0.418779 0.418745 0.418874 0.418833 0.418901 0.418877 0.418820 0.418906 0.418914 0.418935 0.418683 0.419185 0.419179 0.000000 0.000000
0.000000 0.000000 0.431712 0.431174 0.431282 0.431081 0.430811 0.430732 0.430585 0.430619 0.430459 0.430473 0.430564 0.430475 0.430611 0.430810 0.431264 0.430976 0.431537 0.000000 0.000000
0.000000 0.000000 0.436411 0.436898 0.437349 0.437350 0.437369 0.436935 0.437006 0.436879 0.437083 0.437041 0.437011 0.437081 0.437442 0.437428 0.437432 0.437079 0.436604 0.000000 0.000000
0.000000 0.000000 0.350000 0.350000 0.350000 0.350000 0.350000 0.350000 0.350000 0.350000 0.350000 0.350000 0.350000 0.350000 0.350000 0.350000 0.350000 0.350000 0.350000 0.000000 0.000000
0.000000 0.000000 0.000000 0.000000 0.000000 0.000000 0.000000 0.000000 0.000000 0.000000 0.000000 0.000000 0.000000 0.000000 0.000000 0.000000 0.000000 0.000000 0.000000 0.000000 0.000000