geotop/1.0zi/1.0Montebello/Templates/testdem/maps/_Eocclay2822.asc
ncols         21
nrows         20
xllcorner     100.000000
yllcorner     100.000000
cellsize      50.000000
NODATA_value  -9999.0
0.000000 0.000000 0.000000 0.000000 0.000000 0.000000 0.000000 0.000000 0.000000 0.000000 0.000000 0.000000 0.000000 0.000000 0.000000 0.000000 0.000000 0.000000 0.000000 0.000000 0.000000
0.000000 0.000000 0.349844 0.349844 0.349844 0.349844 0.349844 0.349844 0.349844 0.349844 0.349844 0.349844 0.349844 0.349844 0.349844 0.349844 0.349844 0.349844 0.349844 0.000000 0.000000
0.000000 0.000000 0.349993 0.349992 0.349992 0.349993 0.349992 0.349993 0.349992 0.349992 0.349993 0.349992 0.349992 0.349993 0.349992 0.349993 0.349992 0.349992 0.349993 0.000000 0.000000
0.000000 0.000000 0.350974 0.350974 0.350972 0.350973 0.350974 0.350974 0.350974 0.350974 0.350974 0.350974 0.350974 0.350974 0.350974 0.350973 0.350972 0.350974 0.350974 0.000000 0.000000
0.000000 0.000000 0.355205 0.355204 0.355202 0.355202 0.355206 0.355205 0.355205 0.355206 0.355206 0.355206 0.355205 0.355205 0.355206 0.355202 0.355202 0.355204 0.355205 0.000000 0.000000
0.000000 0.000000 0.360007 0.360007 0.360005 0.360006 0.360008 0.360007 0.360007 0.360008 0.360009 0.360008 0.360007 0.360007 0.360008 0.360006 0.360005 0.360007 0.360007 0.000000 0.000000
0.000000 0.000000 0.364534 0.364534 0.364532 0.364533 0.364535 0.364534 0.364534 0.364535 0.364535 0.364535 0.364534 0.364534 0.364535 0.364533 0.364532 0.364534 0.364534 0.000000 0.000000
0.000000 0.000000 0.368670 0.368670 0.368669 0.368669 0.368671 0.368670 0.368670 0.368671 0.368671 0.368671 0.368670 0.368670 0.368671 0.368669 0.368669 0.368670 0.368670 0.000000 0.000000
0.000000 0.000000 0.372511 0.372511 0.372509 0.372510 0.372511 0.372511 0.372511 0.372512 0.372512 0.372512 0.372511 0.372511 0.372511 0.372510 0.372509 0.372511 0.372511 0.000000 0.000000
0.000000 0.000000 0.376146 0.376145 0.376144 0.376144 0.376146 0.376145 0.376145 0.376146 0.376146 0.376146 0.376145 0.376145 0.376146 0.376144 0.376144 0.376145 0.376146 0.000000 0.000000
0.000000 0.000000 0.379616 0.379616 0.379615 0.379615 0.379617 0.379616 0.379616 0.379617 0.379617 0.379617 0.379616 0.379616 0.379617 0.379615 0.379615 0.379616 0.379616 0.000000 0.000000
0.000000 0.000000 0.382958 0.382957 0.382956 0.382957 0.382958 0.382957 0.382957 0.382958 0.382958 0.382958 0.382957 0.382957 0.382958 0.382957 0.382956 0.382957 0.382958 0.000000 0.000000
0.000000 0.000000 0.386194 0.386194 0.386192 0.386193 0.386194 0.386194 0.386194 0.386194 0.386195 0.386194 0.386194 0.386194 0.386194 0.386193 0.386192 0.386194 0.386194 0.000000 0.000000
0.000000 0.000000 0.389347 0.389347 0.389346 0.389346 0.389347 0.389347 0.389347 0.389348 0.389348 0.389348 0.389347 0.389347 0.389347 0.389346 0.389346 0.389347 0.389347 0.000000 0.000000
0.000000 0.000000 0.392426 0.392426 0.392424 0.392425 0.392426 0.392426 0.392426 0.392426 0.392427 0.392426 0.392426 0.392426 0.392426 0.392425 0.392424 0.392426 0.392426 0.000000 0.000000
0.000000 0.000000 0.395436 0.395436 0.395435 0.395435 0.395436 0.395436 0.395436 0.395436 0.395437 0.395436 0.395436 0.395436 0.395436 0.395435 0.395435 0.395436 0.395436 0.000000 0.000000
0.000000 0.000000 0.398382 0.398381 0.398380 0.398381 0.398382 0.398381 0.398382 0.398382 0.398382 0.398382 0.398382 0.398381 0.398382 0.398381 0.398380 0.398381 0.398382 0.000000 0.000000
0.000000 0.000000 0.401318 0.401318 0.401317 0.401318 0.401319 0.401318 0.401318 0.401319 0.401319 0.401319 0.401318 0.401318 0.401319 0.401318 0.401317 0.401318 0.401318 0.000000 0.000000
0.000000 0.000000 0.350000 0.350000 0.350000 0.350000 0.350000 0.350000 0.350000 0.350000 0.350000 0.350000 0.350000 0.350000 0.350000 0.350000 0.350000 0.350000 0.350000 0.000000 0.000000
0.000000 0.000000 0.000000 0.000000 0.000000 0.000000 0.000000 0.000000 0.000000 0.000000 0.000000 0.000000 0.000000 0.000000 0.000000 0.000000 0.000000 0.000000 0.000000 0.000000 0.000000