geotop/1.0zi/1.0Montebello/Templates/testdem/maps/_Eocsand0244.asc
ncols         21
nrows         20
xllcorner     100.000000
yllcorner     100.000000
cellsize      50.000000
NODATA_value  -9999.0
0.000000 0.000000 0.000000 0.000000 0.000000 0.000000 0.000000 0.000000 0.000000 0.000000 0.000000 0.000000 0.000000 0.000000 0.000000 0.000000 0.000000 0.000000 0.000000 0.000000 0.000000
0.000000 0.000000 0.300012 0.300012 0.300012 0.300012 0.300012 0.300012 0.300012 0.300012 0.300012 0.300012 0.300012 0.300012 0.300012 0.300012 0.300012 0.300012 0.300012 0.000000 0.000000
0.000000 0.000000 0.299999 0.299999 0.300000 0.299999 0.299999 0.299999 0.299999 0.299999 0.299999 0.299999 0.299999 0.299999 0.299999 0.299999 0.300000 0.299999 0.299999 0.000000 0.000000
0.000000 0.000000 0.299552 0.299552 0.299557 0.299552 0.299552 0.299552 0.299552 0.299552 0.299552 0.299552 0.299552 0.299552 0.299552 0.299552 0.299557 0.299552 0.299552 0.000000 0.000000
0.000000 0.000000 0.298435 0.298435 0.298439 0.298435 0.298435 0.298435 0.298435 0.298435 0.298435 0.298435 0.298435 0.298435 0.298435 0.298435 0.298439 0.298435 0.298435 0.000000 0.000000
0.000000 0.000000 0.297421 0.297421 0.297425 0.297421 0.297421 0.297421 0.297421 0.297421 0.297421 0.297421 0.297421 0.297421 0.297421 0.297421 0.297425 0.297421 0.297421 0.000000 0.000000
0.000000 0.000000 0.296521 0.296522 0.296524 0.296522 0.296521 0.296521 0.296521 0.296521 0.296521 0.296521 0.296521 0.296521 0.296521 0.296522 0.296524 0.296522 0.296521 0.000000 0.000000
0.000000 0.000000 0.295702 0.295703 0.295705 0.295703 0.295702 0.295702 0.295702 0.295702 0.295702 0.295702 0.295702 0.295702 0.295702 0.295703 0.295705 0.295703 0.295702 0.000000 0.000000
0.000000 0.000000 0.294939 0.294939 0.294942 0.294939 0.294939 0.294939 0.294939 0.294939 0.294939 0.294939 0.294939 0.294939 0.294939 0.294939 0.294942 0.294939 0.294939 0.000000 0.000000
0.000000 0.000000 0.294208 0.294208 0.294211 0.294208 0.294208 0.294208 0.294208 0.294208 0.294208 0.294208 0.294208 0.294208 0.294208 0.294208 0.294211 0.294208 0.294208 0.000000 0.000000
0.000000 0.000000 0.293504 0.293504 0.293506 0.293504 0.293504 0.293504 0.293504 0.293504 0.293504 0.293504 0.293504 0.293504 0.293504 0.293504 0.293506 0.293504 0.293504 0.000000 0.000000
0.000000 0.000000 0.292819 0.292819 0.292822 0.292819 0.292819 0.292819 0.292819 0.292819 0.292819 0.292819 0.292819 0.292819 0.292819 0.292819 0.292822 0.292819 0.292819 0.000000 0.000000
0.000000 0.000000 0.292149 0.292149 0.292151 0.292149 0.292149 0.292149 0.292149 0.292149 0.292149 0.292149 0.292149 0.292149 0.292149 0.292149 0.292151 0.292149 0.292149 0.000000 0.000000
0.000000 0.000000 0.291495 0.291495 0.291497 0.291495 0.291495 0.291495 0.291495 0.291495 0.291495 0.291495 0.291495 0.291495 0.291495 0.291495 0.291497 0.291495 0.291495 0.000000 0.000000
0.000000 0.000000 0.290851 0.290852 0.290854 0.290852 0.290851 0.290851 0.290851 0.290851 0.290851 0.290851 0.290851 0.290851 0.290851 0.290852 0.290854 0.290852 0.290851 0.000000 0.000000
0.000000 0.000000 0.290213 0.290213 0.290216 0.290213 0.290213 0.290213 0.290213 0.290213 0.290213 0.290213 0.290213 0.290213 0.290213 0.290213 0.290216 0.290213 0.290213 0.000000 0.000000
0.000000 0.000000 0.289588 0.289588 0.289590 0.289588 0.289588 0.289588 0.289588 0.289587 0.289587 0.289587 0.289588 0.289588 0.289588 0.289588 0.289590 0.289588 0.289588 0.000000 0.000000
0.000000 0.000000 0.288921 0.288921 0.288923 0.288921 0.288921 0.288921 0.288921 0.288921 0.288921 0.288921 0.288921 0.288921 0.288921 0.288921 0.288923 0.288921 0.288921 0.000000 0.000000
0.000000 0.000000 0.300000 0.300000 0.300000 0.300000 0.300000 0.300000 0.300000 0.300000 0.300000 0.300000 0.300000 0.300000 0.300000 0.300000 0.300000 0.300000 0.300000 0.000000 0.000000
0.000000 0.000000 0.000000 0.000000 0.000000 0.000000 0.000000 0.000000 0.000000 0.000000 0.000000 0.000000 0.000000 0.000000 0.000000 0.000000 0.000000 0.000000 0.000000 0.000000 0.000000