geotop/1.0zi/1.0Montebello/Templates/testdem/maps/_Eocclay3144.asc
ncols         21
nrows         20
xllcorner     100.000000
yllcorner     100.000000
cellsize      50.000000
NODATA_value  -9999.0
0.000000 0.000000 0.000000 0.000000 0.000000 0.000000 0.000000 0.000000 0.000000 0.000000 0.000000 0.000000 0.000000 0.000000 0.000000 0.000000 0.000000 0.000000 0.000000 0.000000 0.000000
0.000000 0.000000 0.349826 0.349826 0.349826 0.349825 0.349826 0.349826 0.349826 0.349826 0.349825 0.349826 0.349826 0.349826 0.349826 0.349825 0.349826 0.349826 0.349826 0.000000 0.000000
0.000000 0.000000 0.349995 0.349995 0.349995 0.349995 0.349995 0.349995 0.349995 0.349995 0.349996 0.349995 0.349995 0.349995 0.349995 0.349995 0.349995 0.349995 0.349995 0.000000 0.000000
0.000000 0.000000 0.351262 0.351262 0.351260 0.351261 0.351262 0.351262 0.351262 0.351262 0.351262 0.351262 0.351262 0.351262 0.351262 0.351261 0.351260 0.351262 0.351262 0.000000 0.000000
0.000000 0.000000 0.356242 0.356241 0.356239 0.356239 0.356243 0.356242 0.356242 0.356243 0.356244 0.356243 0.356242 0.356242 0.356243 0.356239 0.356239 0.356241 0.356242 0.000000 0.000000
0.000000 0.000000 0.361712 0.361711 0.361709 0.361710 0.361712 0.361711 0.361711 0.361712 0.361713 0.361712 0.361711 0.361711 0.361712 0.361710 0.361709 0.361711 0.361712 0.000000 0.000000
0.000000 0.000000 0.366812 0.366811 0.366810 0.366810 0.366812 0.366811 0.366811 0.366812 0.366813 0.366812 0.366811 0.366811 0.366812 0.366810 0.366810 0.366811 0.366812 0.000000 0.000000
0.000000 0.000000 0.371449 0.371449 0.371447 0.371448 0.371449 0.371449 0.371449 0.371449 0.371450 0.371449 0.371449 0.371449 0.371449 0.371448 0.371447 0.371449 0.371449 0.000000 0.000000
0.000000 0.000000 0.375738 0.375738 0.375736 0.375737 0.375738 0.375737 0.375738 0.375738 0.375739 0.375738 0.375738 0.375737 0.375738 0.375737 0.375736 0.375738 0.375738 0.000000 0.000000
0.000000 0.000000 0.379780 0.379780 0.379778 0.379779 0.379780 0.379780 0.379780 0.379780 0.379781 0.379780 0.379780 0.379780 0.379780 0.379779 0.379778 0.379780 0.379780 0.000000 0.000000
0.000000 0.000000 0.383625 0.383625 0.383623 0.383624 0.383625 0.383625 0.383625 0.383625 0.383626 0.383625 0.383625 0.383625 0.383625 0.383624 0.383623 0.383625 0.383625 0.000000 0.000000
0.000000 0.000000 0.387309 0.387309 0.387308 0.387308 0.387309 0.387309 0.387309 0.387309 0.387310 0.387309 0.387309 0.387309 0.387309 0.387308 0.387308 0.387309 0.387309 0.000000 0.000000
0.000000 0.000000 0.390859 0.390859 0.390858 0.390858 0.390859 0.390859 0.390859 0.390860 0.390860 0.390860 0.390859 0.390859 0.390859 0.390858 0.390858 0.390859 0.390859 0.000000 0.000000
0.000000 0.000000 0.394306 0.394305 0.394304 0.394305 0.394306 0.394305 0.394305 0.394306 0.394306 0.394306 0.394305 0.394305 0.394306 0.394305 0.394304 0.394305 0.394306 0.000000 0.000000
0.000000 0.000000 0.397655 0.397655 0.397654 0.397654 0.397655 0.397655 0.397655 0.397655 0.397656 0.397655 0.397655 0.397655 0.397655 0.397654 0.397654 0.397655 0.397655 0.000000 0.000000
0.000000 0.000000 0.400914 0.400914 0.400913 0.400913 0.400914 0.400914 0.400914 0.400915 0.400915 0.400915 0.400914 0.400914 0.400914 0.400913 0.400913 0.400914 0.400914 0.000000 0.000000
0.000000 0.000000 0.404093 0.404093 0.404092 0.404092 0.404093 0.404093 0.404093 0.404094 0.404094 0.404094 0.404093 0.404093 0.404093 0.404092 0.404092 0.404093 0.404093 0.000000 0.000000
0.000000 0.000000 0.407264 0.407264 0.407263 0.407263 0.407264 0.407264 0.407264 0.407264 0.407265 0.407264 0.407264 0.407264 0.407264 0.407263 0.407263 0.407264 0.407264 0.000000 0.000000
0.000000 0.000000 0.350000 0.350000 0.350000 0.350000 0.350000 0.350000 0.350000 0.350000 0.350000 0.350000 0.350000 0.350000 0.350000 0.350000 0.350000 0.350000 0.350000 0.000000 0.000000
0.000000 0.000000 0.000000 0.000000 0.000000 0.000000 0.000000 0.000000 0.000000 0.000000 0.000000 0.000000 0.000000 0.000000 0.000000 0.000000 0.000000 0.000000 0.000000 0.000000 0.000000