geotop/1.0zi/1.0Montebello/Templates/testdem/maps/_Eocsand8995.asc
ncols         21
nrows         20
xllcorner     100.000000
yllcorner     100.000000
cellsize      50.000000
NODATA_value  -9999.0
0.000000 0.000000 0.000000 0.000000 0.000000 0.000000 0.000000 0.000000 0.000000 0.000000 0.000000 0.000000 0.000000 0.000000 0.000000 0.000000 0.000000 0.000000 0.000000 0.000000 0.000000
0.000000 0.000000 0.300227 0.300224 0.300224 0.300225 0.300224 0.300223 0.300224 0.300224 0.300224 0.300224 0.300224 0.300224 0.300224 0.300224 0.300225 0.300225 0.300225 0.000000 0.000000
0.000000 0.000000 0.300012 0.300014 0.300014 0.300012 0.300013 0.300014 0.300013 0.300013 0.300013 0.300013 0.300012 0.300013 0.300013 0.300013 0.300014 0.300014 0.300015 0.000000 0.000000
0.000000 0.000000 0.299856 0.299856 0.299862 0.299870 0.299869 0.299873 0.299867 0.299868 0.299868 0.299868 0.299867 0.299869 0.299864 0.299858 0.299855 0.299856 0.299855 0.000000 0.000000
0.000000 0.000000 0.297525 0.297528 0.297544 0.297570 0.297596 0.297601 0.297604 0.297605 0.297607 0.297603 0.297601 0.297600 0.297577 0.297567 0.297554 0.297550 0.297537 0.000000 0.000000
0.000000 0.000000 0.290942 0.290953 0.290984 0.291033 0.291085 0.291131 0.291129 0.291142 0.291133 0.291133 0.291125 0.291128 0.291100 0.291056 0.291034 0.291021 0.291008 0.000000 0.000000
0.000000 0.000000 0.281872 0.281892 0.281917 0.281977 0.282048 0.282143 0.282138 0.282147 0.282147 0.282146 0.282148 0.282143 0.282064 0.282005 0.281970 0.281949 0.281934 0.000000 0.000000
0.000000 0.000000 0.271122 0.271143 0.271164 0.271234 0.271306 0.271394 0.271389 0.271401 0.271402 0.271407 0.271412 0.271395 0.271321 0.271258 0.271200 0.271195 0.271167 0.000000 0.000000
0.000000 0.000000 0.259477 0.259507 0.259543 0.259592 0.259675 0.259775 0.259763 0.259785 0.259791 0.259795 0.259792 0.259795 0.259694 0.259618 0.259575 0.259564 0.259537 0.000000 0.000000
0.000000 0.000000 0.246886 0.246924 0.246946 0.246998 0.247114 0.247202 0.247197 0.247211 0.247226 0.247216 0.247204 0.247208 0.247126 0.247031 0.246980 0.246969 0.246955 0.000000 0.000000
0.000000 0.000000 0.232902 0.232929 0.232953 0.233070 0.233145 0.233260 0.233227 0.233296 0.233282 0.233290 0.233313 0.233273 0.233187 0.233130 0.233058 0.233036 0.232980 0.000000 0.000000
0.000000 0.000000 0.216988 0.217042 0.217105 0.217167 0.217271 0.217410 0.217409 0.217419 0.217391 0.217444 0.217420 0.217421 0.217270 0.217189 0.217152 0.217138 0.217013 0.000000 0.000000
0.000000 0.000000 0.199387 0.199448 0.199458 0.199582 0.199665 0.200074 0.200072 0.200093 0.200216 0.200143 0.200128 0.200089 0.199774 0.199699 0.199551 0.199555 0.199505 0.000000 0.000000
0.000000 0.000000 0.178055 0.178079 0.178184 0.178262 0.178825 0.178703 0.178806 0.178803 0.178745 0.178801 0.178812 0.178859 0.178966 0.178367 0.178321 0.178192 0.178096 0.000000 0.000000
0.000000 0.000000 0.152696 0.152775 0.152895 0.153633 0.153452 0.153843 0.153971 0.154010 0.154152 0.154224 0.154141 0.154146 0.153771 0.153921 0.152957 0.153175 0.153184 0.000000 0.000000
0.000000 0.000000 0.126025 0.126086 0.127109 0.126684 0.126815 0.126822 0.126384 0.126506 0.126278 0.126330 0.126514 0.126264 0.126328 0.126216 0.127209 0.125703 0.125727 0.000000 0.000000
0.000000 0.000000 0.096149 0.097476 0.097028 0.097612 0.098271 0.098468 0.098901 0.098796 0.099237 0.099184 0.098927 0.099197 0.098841 0.098356 0.097082 0.098087 0.096720 0.000000 0.000000
0.000000 0.000000 0.087860 0.086831 0.085927 0.085947 0.085896 0.086783 0.086615 0.086878 0.086440 0.086529 0.086598 0.086452 0.085722 0.085754 0.085781 0.086491 0.087517 0.000000 0.000000
0.000000 0.000000 0.300000 0.300000 0.300000 0.300000 0.300000 0.300000 0.300000 0.300000 0.300000 0.300000 0.300000 0.300000 0.300000 0.300000 0.300000 0.300000 0.300000 0.000000 0.000000
0.000000 0.000000 0.000000 0.000000 0.000000 0.000000 0.000000 0.000000 0.000000 0.000000 0.000000 0.000000 0.000000 0.000000 0.000000 0.000000 0.000000 0.000000 0.000000 0.000000 0.000000