geotop/1.0zi/1.0Montebello/Templates/testdem/maps/_Eocsilt9096.asc
ncols         21
nrows         20
xllcorner     100.000000
yllcorner     100.000000
cellsize      50.000000
NODATA_value  -9999.0
0.000000 0.000000 0.000000 0.000000 0.000000 0.000000 0.000000 0.000000 0.000000 0.000000 0.000000 0.000000 0.000000 0.000000 0.000000 0.000000 0.000000 0.000000 0.000000 0.000000 0.000000
0.000000 0.000000 0.350194 0.350194 0.350194 0.350194 0.350194 0.350194 0.350194 0.350194 0.350194 0.350194 0.350194 0.350194 0.350194 0.350194 0.350195 0.350194 0.350194 0.000000 0.000000
0.000000 0.000000 0.350005 0.350005 0.350006 0.350005 0.350006 0.350006 0.350006 0.350006 0.350006 0.350006 0.350007 0.350007 0.350006 0.350005 0.350004 0.350004 0.350005 0.000000 0.000000
0.000000 0.000000 0.350123 0.350119 0.350114 0.350109 0.350109 0.350104 0.350107 0.350108 0.350105 0.350107 0.350107 0.350107 0.350110 0.350114 0.350119 0.350119 0.350122 0.000000 0.000000
0.000000 0.000000 0.351265 0.351269 0.351259 0.351243 0.351234 0.351229 0.351231 0.351228 0.351228 0.351229 0.351233 0.351232 0.351245 0.351252 0.351254 0.351258 0.351261 0.000000 0.000000
0.000000 0.000000 0.354510 0.354504 0.354490 0.354471 0.354442 0.354421 0.354418 0.354413 0.354417 0.354417 0.354420 0.354418 0.354433 0.354451 0.354461 0.354464 0.354472 0.000000 0.000000
0.000000 0.000000 0.359116 0.359106 0.359090 0.359059 0.359021 0.358975 0.358979 0.358975 0.358974 0.358973 0.358970 0.358975 0.359012 0.359041 0.359059 0.359071 0.359078 0.000000 0.000000
0.000000 0.000000 0.364557 0.364546 0.364533 0.364499 0.364461 0.364419 0.364421 0.364416 0.364413 0.364410 0.364408 0.364416 0.364452 0.364484 0.364514 0.364515 0.364529 0.000000 0.000000
0.000000 0.000000 0.370486 0.370469 0.370448 0.370423 0.370380 0.370329 0.370334 0.370324 0.370319 0.370317 0.370319 0.370317 0.370368 0.370406 0.370429 0.370435 0.370449 0.000000 0.000000
0.000000 0.000000 0.376893 0.376873 0.376858 0.376833 0.376773 0.376728 0.376730 0.376724 0.376715 0.376719 0.376725 0.376723 0.376764 0.376812 0.376837 0.376843 0.376850 0.000000 0.000000
0.000000 0.000000 0.384001 0.383986 0.383971 0.383911 0.383872 0.383814 0.383830 0.383796 0.383801 0.383796 0.383785 0.383804 0.383848 0.383877 0.383913 0.383924 0.383952 0.000000 0.000000
0.000000 0.000000 0.392105 0.392077 0.392040 0.392009 0.391955 0.391885 0.391884 0.391880 0.391892 0.391865 0.391877 0.391877 0.391953 0.391994 0.392012 0.392019 0.392082 0.000000 0.000000
0.000000 0.000000 0.401074 0.401042 0.401032 0.400969 0.400925 0.400717 0.400717 0.400706 0.400641 0.400678 0.400685 0.400705 0.400865 0.400903 0.400978 0.400976 0.401000 0.000000 0.000000
0.000000 0.000000 0.411943 0.411930 0.411870 0.411831 0.411540 0.411608 0.411553 0.411556 0.411585 0.411555 0.411548 0.411523 0.411464 0.411772 0.411793 0.411859 0.411908 0.000000 0.000000
0.000000 0.000000 0.424764 0.424722 0.424656 0.424280 0.424378 0.424170 0.424105 0.424086 0.424010 0.423973 0.424015 0.424013 0.424212 0.424127 0.424618 0.424505 0.424498 0.000000 0.000000
0.000000 0.000000 0.437926 0.437895 0.437386 0.437602 0.437531 0.437532 0.437746 0.437687 0.437799 0.437774 0.437682 0.437804 0.437769 0.437828 0.437329 0.438073 0.438061 0.000000 0.000000
0.000000 0.000000 0.451916 0.451327 0.451519 0.451257 0.450962 0.450872 0.450677 0.450724 0.450525 0.450548 0.450663 0.450542 0.450703 0.450920 0.451488 0.451044 0.451651 0.000000 0.000000
0.000000 0.000000 0.456205 0.456563 0.456938 0.456903 0.456894 0.456526 0.456577 0.456474 0.456635 0.456600 0.456581 0.456630 0.456940 0.456947 0.456987 0.456666 0.456308 0.000000 0.000000
0.000000 0.000000 0.350000 0.350000 0.350000 0.350000 0.350000 0.350000 0.350000 0.350000 0.350000 0.350000 0.350000 0.350000 0.350000 0.350000 0.350000 0.350000 0.350000 0.000000 0.000000
0.000000 0.000000 0.000000 0.000000 0.000000 0.000000 0.000000 0.000000 0.000000 0.000000 0.000000 0.000000 0.000000 0.000000 0.000000 0.000000 0.000000 0.000000 0.000000 0.000000 0.000000