geotop/1.0zi/1.0Montebello/Templates/testdem/maps/_Eocsilt5794.asc
ncols         21
nrows         20
xllcorner     100.000000
yllcorner     100.000000
cellsize      50.000000
NODATA_value  -9999.0
0.000000 0.000000 0.000000 0.000000 0.000000 0.000000 0.000000 0.000000 0.000000 0.000000 0.000000 0.000000 0.000000 0.000000 0.000000 0.000000 0.000000 0.000000 0.000000 0.000000 0.000000
0.000000 0.000000 0.350115 0.350115 0.350115 0.350115 0.350114 0.350115 0.350115 0.350115 0.350115 0.350115 0.350115 0.350115 0.350114 0.350115 0.350115 0.350115 0.350114 0.000000 0.000000
0.000000 0.000000 0.350002 0.350002 0.350002 0.350003 0.350003 0.350003 0.350003 0.350003 0.350003 0.350003 0.350004 0.350003 0.350003 0.350003 0.350001 0.350001 0.350002 0.000000 0.000000
0.000000 0.000000 0.350046 0.350045 0.350044 0.350039 0.350040 0.350038 0.350040 0.350040 0.350040 0.350039 0.350039 0.350039 0.350041 0.350044 0.350045 0.350047 0.350046 0.000000 0.000000
0.000000 0.000000 0.350525 0.350527 0.350526 0.350522 0.350519 0.350514 0.350513 0.350511 0.350509 0.350510 0.350512 0.350513 0.350518 0.350521 0.350520 0.350529 0.350533 0.000000 0.000000
0.000000 0.000000 0.352007 0.352010 0.352006 0.351993 0.351982 0.351965 0.351963 0.351959 0.351963 0.351966 0.351967 0.351962 0.351969 0.351975 0.351984 0.351988 0.351992 0.000000 0.000000
0.000000 0.000000 0.354263 0.354261 0.354257 0.354240 0.354219 0.354196 0.354198 0.354195 0.354198 0.354198 0.354195 0.354198 0.354213 0.354230 0.354238 0.354247 0.354253 0.000000 0.000000
0.000000 0.000000 0.357010 0.357011 0.357011 0.356994 0.356973 0.356948 0.356949 0.356946 0.356946 0.356945 0.356944 0.356946 0.356965 0.356984 0.356999 0.357002 0.357011 0.000000 0.000000
0.000000 0.000000 0.359896 0.359891 0.359885 0.359874 0.359854 0.359824 0.359826 0.359821 0.359819 0.359820 0.359820 0.359817 0.359843 0.359864 0.359877 0.359882 0.359891 0.000000 0.000000
0.000000 0.000000 0.362791 0.362787 0.362784 0.362777 0.362749 0.362723 0.362726 0.362722 0.362719 0.362723 0.362726 0.362722 0.362742 0.362765 0.362778 0.362780 0.362786 0.000000 0.000000
0.000000 0.000000 0.365761 0.365759 0.365759 0.365738 0.365719 0.365691 0.365697 0.365684 0.365685 0.365686 0.365682 0.365689 0.365705 0.365720 0.365734 0.365743 0.365755 0.000000 0.000000
0.000000 0.000000 0.368882 0.368875 0.368868 0.368854 0.368837 0.368803 0.368805 0.368797 0.368806 0.368798 0.368799 0.368801 0.368830 0.368844 0.368854 0.368859 0.368890 0.000000 0.000000
0.000000 0.000000 0.372081 0.372075 0.372074 0.372058 0.372042 0.371975 0.371975 0.371969 0.371955 0.371963 0.371967 0.371972 0.372021 0.372033 0.372057 0.372059 0.372081 0.000000 0.000000
0.000000 0.000000 0.375554 0.375550 0.375543 0.375533 0.375468 0.375450 0.375436 0.375435 0.375430 0.375433 0.375433 0.375430 0.375437 0.375502 0.375522 0.375538 0.375560 0.000000 0.000000
0.000000 0.000000 0.379377 0.379372 0.379359 0.379292 0.379270 0.379231 0.379206 0.379202 0.379190 0.379182 0.379190 0.379184 0.379212 0.379244 0.379339 0.379332 0.379345 0.000000 0.000000
0.000000 0.000000 0.383423 0.383418 0.383331 0.383316 0.383311 0.383285 0.383302 0.383291 0.383299 0.383290 0.383279 0.383296 0.383311 0.383320 0.383314 0.383426 0.383429 0.000000 0.000000
0.000000 0.000000 0.388049 0.387930 0.387889 0.387854 0.387797 0.387768 0.387758 0.387756 0.387731 0.387727 0.387738 0.387733 0.387765 0.387808 0.387875 0.387902 0.388022 0.000000 0.000000
0.000000 0.000000 0.391429 0.391433 0.391538 0.391509 0.391463 0.391352 0.391349 0.391324 0.391341 0.391334 0.391341 0.391343 0.391445 0.391477 0.391551 0.391443 0.391446 0.000000 0.000000
0.000000 0.000000 0.350000 0.350000 0.350000 0.350000 0.350000 0.350000 0.350000 0.350000 0.350000 0.350000 0.350000 0.350000 0.350000 0.350000 0.350000 0.350000 0.350000 0.000000 0.000000
0.000000 0.000000 0.000000 0.000000 0.000000 0.000000 0.000000 0.000000 0.000000 0.000000 0.000000 0.000000 0.000000 0.000000 0.000000 0.000000 0.000000 0.000000 0.000000 0.000000 0.000000