geotop/1.0zi/1.0Montebello/Templates/testdem/maps/_Eocclay2821.asc
ncols         21
nrows         20
xllcorner     100.000000
yllcorner     100.000000
cellsize      50.000000
NODATA_value  -9999.0
0.000000 0.000000 0.000000 0.000000 0.000000 0.000000 0.000000 0.000000 0.000000 0.000000 0.000000 0.000000 0.000000 0.000000 0.000000 0.000000 0.000000 0.000000 0.000000 0.000000 0.000000
0.000000 0.000000 0.349844 0.349844 0.349844 0.349844 0.349844 0.349844 0.349844 0.349844 0.349844 0.349844 0.349844 0.349844 0.349844 0.349844 0.349844 0.349844 0.349844 0.000000 0.000000
0.000000 0.000000 0.349993 0.349992 0.349992 0.349993 0.349992 0.349993 0.349992 0.349992 0.349993 0.349992 0.349992 0.349993 0.349992 0.349993 0.349992 0.349992 0.349993 0.000000 0.000000
0.000000 0.000000 0.350974 0.350974 0.350972 0.350973 0.350974 0.350974 0.350974 0.350974 0.350974 0.350974 0.350974 0.350974 0.350974 0.350973 0.350972 0.350974 0.350974 0.000000 0.000000
0.000000 0.000000 0.355204 0.355203 0.355201 0.355202 0.355205 0.355204 0.355204 0.355206 0.355206 0.355206 0.355204 0.355204 0.355205 0.355202 0.355201 0.355203 0.355204 0.000000 0.000000
0.000000 0.000000 0.360005 0.360004 0.360003 0.360003 0.360006 0.360005 0.360005 0.360006 0.360006 0.360006 0.360005 0.360005 0.360006 0.360003 0.360003 0.360004 0.360005 0.000000 0.000000
0.000000 0.000000 0.364530 0.364529 0.364528 0.364528 0.364530 0.364529 0.364529 0.364530 0.364531 0.364530 0.364529 0.364529 0.364530 0.364528 0.364528 0.364529 0.364530 0.000000 0.000000
0.000000 0.000000 0.368664 0.368664 0.368662 0.368663 0.368665 0.368664 0.368664 0.368665 0.368665 0.368665 0.368664 0.368664 0.368665 0.368663 0.368662 0.368664 0.368664 0.000000 0.000000
0.000000 0.000000 0.372503 0.372503 0.372501 0.372502 0.372503 0.372503 0.372503 0.372504 0.372504 0.372504 0.372503 0.372503 0.372503 0.372502 0.372501 0.372503 0.372503 0.000000 0.000000
0.000000 0.000000 0.376136 0.376136 0.376135 0.376135 0.376136 0.376136 0.376136 0.376137 0.376137 0.376137 0.376136 0.376136 0.376136 0.376135 0.376135 0.376136 0.376136 0.000000 0.000000
0.000000 0.000000 0.379606 0.379605 0.379604 0.379605 0.379606 0.379605 0.379605 0.379606 0.379606 0.379606 0.379605 0.379605 0.379606 0.379605 0.379604 0.379605 0.379606 0.000000 0.000000
0.000000 0.000000 0.382945 0.382945 0.382944 0.382944 0.382946 0.382945 0.382945 0.382946 0.382946 0.382946 0.382945 0.382945 0.382946 0.382944 0.382944 0.382945 0.382945 0.000000 0.000000
0.000000 0.000000 0.386181 0.386180 0.386179 0.386180 0.386181 0.386180 0.386180 0.386181 0.386181 0.386181 0.386180 0.386180 0.386181 0.386180 0.386179 0.386180 0.386181 0.000000 0.000000
0.000000 0.000000 0.389333 0.389332 0.389331 0.389332 0.389333 0.389332 0.389332 0.389333 0.389333 0.389333 0.389332 0.389332 0.389333 0.389332 0.389331 0.389332 0.389333 0.000000 0.000000
0.000000 0.000000 0.392410 0.392410 0.392409 0.392409 0.392411 0.392410 0.392410 0.392411 0.392411 0.392411 0.392410 0.392410 0.392411 0.392409 0.392409 0.392410 0.392410 0.000000 0.000000
0.000000 0.000000 0.395419 0.395419 0.395418 0.395418 0.395420 0.395419 0.395419 0.395420 0.395420 0.395420 0.395419 0.395419 0.395420 0.395418 0.395418 0.395419 0.395419 0.000000 0.000000
0.000000 0.000000 0.398364 0.398364 0.398363 0.398363 0.398364 0.398364 0.398364 0.398365 0.398365 0.398365 0.398364 0.398364 0.398364 0.398363 0.398363 0.398364 0.398364 0.000000 0.000000
0.000000 0.000000 0.401300 0.401300 0.401299 0.401299 0.401300 0.401300 0.401300 0.401301 0.401301 0.401301 0.401300 0.401300 0.401300 0.401299 0.401299 0.401300 0.401300 0.000000 0.000000
0.000000 0.000000 0.350000 0.350000 0.350000 0.350000 0.350000 0.350000 0.350000 0.350000 0.350000 0.350000 0.350000 0.350000 0.350000 0.350000 0.350000 0.350000 0.350000 0.000000 0.000000
0.000000 0.000000 0.000000 0.000000 0.000000 0.000000 0.000000 0.000000 0.000000 0.000000 0.000000 0.000000 0.000000 0.000000 0.000000 0.000000 0.000000 0.000000 0.000000 0.000000 0.000000