geotop/1.0zi/1.0Montebello/Templates/testdem/maps/_Eocsilt6532.asc
ncols         21
nrows         20
xllcorner     100.000000
yllcorner     100.000000
cellsize      50.000000
NODATA_value  -9999.0
0.000000 0.000000 0.000000 0.000000 0.000000 0.000000 0.000000 0.000000 0.000000 0.000000 0.000000 0.000000 0.000000 0.000000 0.000000 0.000000 0.000000 0.000000 0.000000 0.000000 0.000000
0.000000 0.000000 0.350131 0.350131 0.350131 0.350132 0.350131 0.350131 0.350131 0.350131 0.350132 0.350131 0.350131 0.350131 0.350131 0.350131 0.350132 0.350132 0.350131 0.000000 0.000000
0.000000 0.000000 0.350003 0.350002 0.350002 0.350002 0.350003 0.350003 0.350003 0.350003 0.350003 0.350003 0.350003 0.350004 0.350003 0.350002 0.350001 0.350001 0.350002 0.000000 0.000000
0.000000 0.000000 0.350054 0.350051 0.350050 0.350044 0.350045 0.350043 0.350045 0.350046 0.350044 0.350044 0.350044 0.350044 0.350047 0.350050 0.350052 0.350053 0.350053 0.000000 0.000000
0.000000 0.000000 0.350626 0.350632 0.350630 0.350625 0.350621 0.350615 0.350614 0.350611 0.350610 0.350612 0.350614 0.350614 0.350620 0.350624 0.350624 0.350633 0.350637 0.000000 0.000000
0.000000 0.000000 0.352369 0.352372 0.352364 0.352349 0.352336 0.352318 0.352317 0.352313 0.352316 0.352318 0.352319 0.352317 0.352323 0.352331 0.352341 0.352346 0.352351 0.000000 0.000000
0.000000 0.000000 0.355020 0.355019 0.355011 0.354989 0.354964 0.354939 0.354940 0.354937 0.354938 0.354937 0.354935 0.354939 0.354957 0.354979 0.354993 0.355004 0.355012 0.000000 0.000000
0.000000 0.000000 0.358261 0.358261 0.358258 0.358238 0.358213 0.358185 0.358185 0.358182 0.358181 0.358179 0.358178 0.358182 0.358204 0.358226 0.358247 0.358251 0.358262 0.000000 0.000000
0.000000 0.000000 0.361678 0.361673 0.361662 0.361648 0.361624 0.361592 0.361593 0.361587 0.361584 0.361583 0.361584 0.361583 0.361612 0.361636 0.361655 0.361662 0.361672 0.000000 0.000000
0.000000 0.000000 0.365155 0.365150 0.365145 0.365133 0.365099 0.365071 0.365073 0.365069 0.365064 0.365065 0.365071 0.365067 0.365091 0.365119 0.365139 0.365143 0.365150 0.000000 0.000000
0.000000 0.000000 0.368766 0.368763 0.368759 0.368733 0.368710 0.368679 0.368686 0.368670 0.368670 0.368669 0.368666 0.368675 0.368694 0.368712 0.368734 0.368745 0.368759 0.000000 0.000000
0.000000 0.000000 0.372612 0.372606 0.372594 0.372575 0.372553 0.372513 0.372514 0.372507 0.372514 0.372503 0.372506 0.372509 0.372545 0.372563 0.372579 0.372586 0.372623 0.000000 0.000000
0.000000 0.000000 0.376610 0.376602 0.376596 0.376575 0.376555 0.376471 0.376470 0.376464 0.376444 0.376452 0.376460 0.376466 0.376527 0.376545 0.376579 0.376583 0.376608 0.000000 0.000000
0.000000 0.000000 0.381021 0.381017 0.381003 0.380987 0.380900 0.380883 0.380864 0.380863 0.380858 0.380858 0.380858 0.380855 0.380862 0.380951 0.380980 0.381002 0.381029 0.000000 0.000000
0.000000 0.000000 0.385962 0.385958 0.385937 0.385840 0.385816 0.385765 0.385734 0.385729 0.385711 0.385696 0.385711 0.385705 0.385744 0.385779 0.385915 0.385904 0.385919 0.000000 0.000000
0.000000 0.000000 0.391269 0.391263 0.391133 0.391120 0.391112 0.391083 0.391114 0.391098 0.391112 0.391096 0.391081 0.391110 0.391126 0.391137 0.391114 0.391283 0.391285 0.000000 0.000000
0.000000 0.000000 0.397507 0.397324 0.397284 0.397228 0.397135 0.397098 0.397076 0.397078 0.397032 0.397029 0.397051 0.397038 0.397083 0.397153 0.397269 0.397277 0.397468 0.000000 0.000000
0.000000 0.000000 0.401688 0.401739 0.401909 0.401871 0.401820 0.401652 0.401652 0.401613 0.401648 0.401634 0.401644 0.401652 0.401803 0.401840 0.401936 0.401767 0.401727 0.000000 0.000000
0.000000 0.000000 0.350000 0.350000 0.350000 0.350000 0.350000 0.350000 0.350000 0.350000 0.350000 0.350000 0.350000 0.350000 0.350000 0.350000 0.350000 0.350000 0.350000 0.000000 0.000000
0.000000 0.000000 0.000000 0.000000 0.000000 0.000000 0.000000 0.000000 0.000000 0.000000 0.000000 0.000000 0.000000 0.000000 0.000000 0.000000 0.000000 0.000000 0.000000 0.000000 0.000000