geotop/1.0zi/1.0Montebello/Templates/testdem/maps/_Eocsilt0892.asc
ncols         21
nrows         20
xllcorner     100.000000
yllcorner     100.000000
cellsize      50.000000
NODATA_value  -9999.0
0.000000 0.000000 0.000000 0.000000 0.000000 0.000000 0.000000 0.000000 0.000000 0.000000 0.000000 0.000000 0.000000 0.000000 0.000000 0.000000 0.000000 0.000000 0.000000 0.000000 0.000000
0.000000 0.000000 0.350018 0.350018 0.350018 0.350018 0.350018 0.350018 0.350018 0.350018 0.350018 0.350018 0.350018 0.350018 0.350018 0.350018 0.350018 0.350018 0.350018 0.000000 0.000000
0.000000 0.000000 0.349999 0.349999 0.349999 0.349999 0.349999 0.349999 0.349999 0.349999 0.349999 0.349999 0.349999 0.349999 0.349999 0.349999 0.349999 0.349999 0.349999 0.000000 0.000000
0.000000 0.000000 0.350388 0.350387 0.350385 0.350386 0.350388 0.350388 0.350387 0.350388 0.350388 0.350388 0.350387 0.350388 0.350388 0.350386 0.350385 0.350387 0.350388 0.000000 0.000000
0.000000 0.000000 0.351693 0.351693 0.351691 0.351690 0.351693 0.351693 0.351693 0.351693 0.351693 0.351693 0.351693 0.351693 0.351693 0.351690 0.351691 0.351693 0.351693 0.000000 0.000000
0.000000 0.000000 0.353264 0.353263 0.353262 0.353262 0.353264 0.353264 0.353264 0.353264 0.353264 0.353264 0.353264 0.353264 0.353264 0.353262 0.353262 0.353263 0.353264 0.000000 0.000000
0.000000 0.000000 0.354701 0.354700 0.354699 0.354699 0.354701 0.354701 0.354701 0.354701 0.354701 0.354701 0.354701 0.354701 0.354701 0.354699 0.354699 0.354700 0.354701 0.000000 0.000000
0.000000 0.000000 0.356017 0.356017 0.356015 0.356015 0.356017 0.356017 0.356017 0.356017 0.356017 0.356017 0.356017 0.356017 0.356017 0.356015 0.356015 0.356017 0.356017 0.000000 0.000000
0.000000 0.000000 0.357249 0.357248 0.357247 0.357247 0.357249 0.357249 0.357249 0.357249 0.357249 0.357249 0.357249 0.357249 0.357249 0.357247 0.357247 0.357248 0.357249 0.000000 0.000000
0.000000 0.000000 0.358429 0.358429 0.358428 0.358428 0.358429 0.358429 0.358429 0.358429 0.358429 0.358429 0.358429 0.358429 0.358429 0.358428 0.358428 0.358429 0.358429 0.000000 0.000000
0.000000 0.000000 0.359570 0.359570 0.359568 0.359569 0.359570 0.359570 0.359570 0.359570 0.359570 0.359570 0.359570 0.359570 0.359570 0.359569 0.359568 0.359570 0.359570 0.000000 0.000000
0.000000 0.000000 0.360685 0.360684 0.360683 0.360683 0.360685 0.360685 0.360685 0.360685 0.360685 0.360685 0.360685 0.360685 0.360685 0.360683 0.360683 0.360684 0.360685 0.000000 0.000000
0.000000 0.000000 0.361781 0.361780 0.361779 0.361779 0.361781 0.361781 0.361781 0.361781 0.361781 0.361781 0.361781 0.361781 0.361781 0.361779 0.361779 0.361780 0.361781 0.000000 0.000000
0.000000 0.000000 0.362858 0.362857 0.362856 0.362856 0.362858 0.362858 0.362858 0.362858 0.362858 0.362858 0.362858 0.362858 0.362858 0.362856 0.362856 0.362857 0.362858 0.000000 0.000000
0.000000 0.000000 0.363923 0.363922 0.363921 0.363921 0.363923 0.363923 0.363923 0.363923 0.363923 0.363923 0.363923 0.363923 0.363923 0.363921 0.363921 0.363922 0.363923 0.000000 0.000000
0.000000 0.000000 0.364981 0.364980 0.364979 0.364979 0.364981 0.364981 0.364980 0.364981 0.364981 0.364981 0.364980 0.364981 0.364981 0.364979 0.364979 0.364980 0.364981 0.000000 0.000000
0.000000 0.000000 0.366028 0.366028 0.366027 0.366027 0.366028 0.366028 0.366028 0.366028 0.366028 0.366028 0.366028 0.366028 0.366028 0.366027 0.366027 0.366028 0.366028 0.000000 0.000000
0.000000 0.000000 0.367103 0.367103 0.367102 0.367102 0.367104 0.367104 0.367104 0.367104 0.367104 0.367104 0.367104 0.367104 0.367104 0.367102 0.367102 0.367103 0.367104 0.000000 0.000000
0.000000 0.000000 0.350000 0.350000 0.350000 0.350000 0.350000 0.350000 0.350000 0.350000 0.350000 0.350000 0.350000 0.350000 0.350000 0.350000 0.350000 0.350000 0.350000 0.000000 0.000000
0.000000 0.000000 0.000000 0.000000 0.000000 0.000000 0.000000 0.000000 0.000000 0.000000 0.000000 0.000000 0.000000 0.000000 0.000000 0.000000 0.000000 0.000000 0.000000 0.000000 0.000000