geotop/1.0zi/1.0Montebello/Templates/testdem/maps/_Eocsilt3672.asc
ncols         21
nrows         20
xllcorner     100.000000
yllcorner     100.000000
cellsize      50.000000
NODATA_value  -9999.0
0.000000 0.000000 0.000000 0.000000 0.000000 0.000000 0.000000 0.000000 0.000000 0.000000 0.000000 0.000000 0.000000 0.000000 0.000000 0.000000 0.000000 0.000000 0.000000 0.000000 0.000000
0.000000 0.000000 0.350096 0.350096 0.350096 0.350096 0.350096 0.350096 0.350096 0.350096 0.350095 0.350096 0.350096 0.350096 0.350096 0.350096 0.350096 0.350096 0.350096 0.000000 0.000000
0.000000 0.000000 0.349993 0.349993 0.349993 0.349993 0.349993 0.349993 0.349993 0.349993 0.349994 0.349993 0.349993 0.349993 0.349993 0.349993 0.349993 0.349993 0.349993 0.000000 0.000000
0.000000 0.000000 0.351387 0.351387 0.351384 0.351385 0.351388 0.351387 0.351387 0.351387 0.351387 0.351387 0.351387 0.351387 0.351388 0.351385 0.351384 0.351387 0.351387 0.000000 0.000000
0.000000 0.000000 0.356451 0.356450 0.356449 0.356449 0.356451 0.356450 0.356449 0.356451 0.356451 0.356451 0.356449 0.356450 0.356451 0.356449 0.356449 0.356450 0.356451 0.000000 0.000000
0.000000 0.000000 0.362783 0.362782 0.362780 0.362780 0.362783 0.362782 0.362781 0.362782 0.362782 0.362782 0.362781 0.362782 0.362783 0.362780 0.362780 0.362782 0.362783 0.000000 0.000000
0.000000 0.000000 0.368507 0.368506 0.368505 0.368506 0.368507 0.368507 0.368506 0.368507 0.368507 0.368507 0.368506 0.368507 0.368507 0.368506 0.368505 0.368506 0.368507 0.000000 0.000000
0.000000 0.000000 0.373666 0.373665 0.373664 0.373664 0.373666 0.373665 0.373665 0.373665 0.373666 0.373665 0.373665 0.373665 0.373666 0.373664 0.373664 0.373665 0.373666 0.000000 0.000000
0.000000 0.000000 0.378412 0.378411 0.378410 0.378410 0.378411 0.378411 0.378410 0.378411 0.378411 0.378411 0.378410 0.378411 0.378411 0.378410 0.378410 0.378411 0.378412 0.000000 0.000000
0.000000 0.000000 0.382858 0.382858 0.382857 0.382857 0.382858 0.382858 0.382857 0.382858 0.382858 0.382858 0.382857 0.382858 0.382858 0.382857 0.382857 0.382858 0.382858 0.000000 0.000000
0.000000 0.000000 0.387067 0.387066 0.387065 0.387066 0.387067 0.387066 0.387066 0.387066 0.387067 0.387066 0.387066 0.387066 0.387067 0.387066 0.387065 0.387066 0.387067 0.000000 0.000000
0.000000 0.000000 0.391080 0.391079 0.391078 0.391078 0.391079 0.391079 0.391079 0.391079 0.391080 0.391079 0.391079 0.391079 0.391079 0.391078 0.391078 0.391079 0.391080 0.000000 0.000000
0.000000 0.000000 0.394927 0.394926 0.394926 0.394926 0.394927 0.394926 0.394926 0.394927 0.394927 0.394927 0.394926 0.394926 0.394927 0.394926 0.394926 0.394926 0.394927 0.000000 0.000000
0.000000 0.000000 0.398637 0.398637 0.398636 0.398636 0.398637 0.398637 0.398637 0.398637 0.398637 0.398637 0.398637 0.398637 0.398637 0.398636 0.398636 0.398637 0.398637 0.000000 0.000000
0.000000 0.000000 0.402223 0.402222 0.402221 0.402222 0.402223 0.402222 0.402222 0.402222 0.402223 0.402222 0.402222 0.402222 0.402223 0.402222 0.402221 0.402222 0.402223 0.000000 0.000000
0.000000 0.000000 0.405688 0.405687 0.405686 0.405687 0.405688 0.405687 0.405687 0.405687 0.405688 0.405687 0.405687 0.405687 0.405688 0.405687 0.405686 0.405687 0.405688 0.000000 0.000000
0.000000 0.000000 0.409045 0.409044 0.409043 0.409044 0.409045 0.409044 0.409044 0.409044 0.409045 0.409044 0.409044 0.409044 0.409045 0.409044 0.409043 0.409044 0.409045 0.000000 0.000000
0.000000 0.000000 0.412338 0.412338 0.412337 0.412338 0.412338 0.412338 0.412338 0.412338 0.412339 0.412338 0.412338 0.412338 0.412338 0.412338 0.412337 0.412338 0.412338 0.000000 0.000000
0.000000 0.000000 0.350000 0.350000 0.350000 0.350000 0.350000 0.350000 0.350000 0.350000 0.350000 0.350000 0.350000 0.350000 0.350000 0.350000 0.350000 0.350000 0.350000 0.000000 0.000000
0.000000 0.000000 0.000000 0.000000 0.000000 0.000000 0.000000 0.000000 0.000000 0.000000 0.000000 0.000000 0.000000 0.000000 0.000000 0.000000 0.000000 0.000000 0.000000 0.000000 0.000000