geotop/1.0zi/1.0Montebello/Templates/testdem/maps/_Eocsand8040.asc
ncols         21
nrows         20
xllcorner     100.000000
yllcorner     100.000000
cellsize      50.000000
NODATA_value  -9999.0
0.000000 0.000000 0.000000 0.000000 0.000000 0.000000 0.000000 0.000000 0.000000 0.000000 0.000000 0.000000 0.000000 0.000000 0.000000 0.000000 0.000000 0.000000 0.000000 0.000000 0.000000
0.000000 0.000000 0.300206 0.300203 0.300203 0.300204 0.300203 0.300202 0.300203 0.300203 0.300204 0.300203 0.300203 0.300203 0.300203 0.300203 0.300204 0.300204 0.300204 0.000000 0.000000
0.000000 0.000000 0.300011 0.300012 0.300012 0.300010 0.300011 0.300012 0.300011 0.300011 0.300011 0.300012 0.300011 0.300011 0.300011 0.300011 0.300012 0.300012 0.300013 0.000000 0.000000
0.000000 0.000000 0.299894 0.299893 0.299897 0.299905 0.299901 0.299909 0.299904 0.299906 0.299906 0.299906 0.299906 0.299908 0.299903 0.299898 0.299896 0.299893 0.299894 0.000000 0.000000
0.000000 0.000000 0.297975 0.297972 0.297981 0.297996 0.298019 0.298029 0.298035 0.298034 0.298038 0.298037 0.298040 0.298034 0.298011 0.298004 0.297992 0.297980 0.297971 0.000000 0.000000
0.000000 0.000000 0.292435 0.292436 0.292459 0.292504 0.292539 0.292586 0.292586 0.292600 0.292592 0.292592 0.292588 0.292588 0.292565 0.292531 0.292503 0.292480 0.292469 0.000000 0.000000
0.000000 0.000000 0.284682 0.284690 0.284710 0.284761 0.284825 0.284899 0.284900 0.284910 0.284907 0.284909 0.284911 0.284905 0.284841 0.284784 0.284749 0.284722 0.284707 0.000000 0.000000
0.000000 0.000000 0.275508 0.275513 0.275528 0.275586 0.275648 0.275729 0.275730 0.275739 0.275741 0.275747 0.275751 0.275736 0.275667 0.275612 0.275559 0.275544 0.275519 0.000000 0.000000
0.000000 0.000000 0.265720 0.265736 0.265766 0.265804 0.265870 0.265958 0.265953 0.265973 0.265978 0.265982 0.265979 0.265981 0.265897 0.265828 0.265786 0.265765 0.265745 0.000000 0.000000
0.000000 0.000000 0.255393 0.255412 0.255428 0.255466 0.255561 0.255640 0.255640 0.255650 0.255663 0.255657 0.255645 0.255650 0.255578 0.255498 0.255449 0.255433 0.255418 0.000000 0.000000
0.000000 0.000000 0.244197 0.244210 0.244229 0.244310 0.244377 0.244469 0.244450 0.244500 0.244494 0.244496 0.244514 0.244481 0.244415 0.244366 0.244303 0.244270 0.244229 0.000000 0.000000
0.000000 0.000000 0.231795 0.231828 0.231868 0.231920 0.231995 0.232112 0.232119 0.232133 0.232107 0.232147 0.232136 0.232129 0.232009 0.231948 0.231905 0.231882 0.231778 0.000000 0.000000
0.000000 0.000000 0.218410 0.218443 0.218459 0.218534 0.218600 0.218901 0.218905 0.218923 0.219001 0.218961 0.218944 0.218916 0.218688 0.218626 0.218512 0.218500 0.218449 0.000000 0.000000
0.000000 0.000000 0.202768 0.202778 0.202842 0.202895 0.203268 0.203245 0.203323 0.203323 0.203301 0.203323 0.203333 0.203350 0.203380 0.202993 0.202928 0.202827 0.202754 0.000000 0.000000
0.000000 0.000000 0.184368 0.184402 0.184480 0.184950 0.184921 0.185154 0.185263 0.185289 0.185367 0.185425 0.185373 0.185383 0.185157 0.185158 0.184537 0.184629 0.184616 0.000000 0.000000
0.000000 0.000000 0.164183 0.164214 0.164894 0.164727 0.164776 0.164849 0.164600 0.164681 0.164552 0.164603 0.164712 0.164543 0.164521 0.164484 0.164954 0.163985 0.164000 0.000000 0.000000
0.000000 0.000000 0.139117 0.140186 0.139993 0.140385 0.140923 0.141082 0.141363 0.141299 0.141612 0.141587 0.141410 0.141581 0.141311 0.140914 0.140032 0.140575 0.139467 0.000000 0.000000
0.000000 0.000000 0.129463 0.128489 0.127566 0.127572 0.127542 0.128428 0.128290 0.128547 0.128138 0.128223 0.128281 0.128143 0.127402 0.127424 0.127397 0.128133 0.129085 0.000000 0.000000
0.000000 0.000000 0.300000 0.300000 0.300000 0.300000 0.300000 0.300000 0.300000 0.300000 0.300000 0.300000 0.300000 0.300000 0.300000 0.300000 0.300000 0.300000 0.300000 0.000000 0.000000
0.000000 0.000000 0.000000 0.000000 0.000000 0.000000 0.000000 0.000000 0.000000 0.000000 0.000000 0.000000 0.000000 0.000000 0.000000 0.000000 0.000000 0.000000 0.000000 0.000000 0.000000