geotop/1.0zi/1.0Montebello/Templates/testdem/maps/_Eocsilt049.asc
ncols         21
nrows         20
xllcorner     100.000000
yllcorner     100.000000
cellsize      50.000000
NODATA_value  -9999.0
0.000000 0.000000 0.000000 0.000000 0.000000 0.000000 0.000000 0.000000 0.000000 0.000000 0.000000 0.000000 0.000000 0.000000 0.000000 0.000000 0.000000 0.000000 0.000000 0.000000 0.000000
0.000000 0.000000 0.350230 0.350230 0.350230 0.350231 0.350230 0.350230 0.350230 0.350230 0.350230 0.350230 0.350230 0.350230 0.350230 0.350230 0.350231 0.350231 0.350230 0.000000 0.000000
0.000000 0.000000 0.350008 0.350007 0.350008 0.350007 0.350008 0.350008 0.350008 0.350008 0.350008 0.350008 0.350009 0.350009 0.350008 0.350007 0.350006 0.350006 0.350007 0.000000 0.000000
0.000000 0.000000 0.350195 0.350191 0.350184 0.350180 0.350179 0.350173 0.350176 0.350177 0.350175 0.350179 0.350180 0.350179 0.350181 0.350185 0.350188 0.350191 0.350192 0.000000 0.000000
0.000000 0.000000 0.351805 0.351813 0.351801 0.351777 0.351767 0.351759 0.351762 0.351760 0.351759 0.351762 0.351767 0.351765 0.351779 0.351789 0.351796 0.351802 0.351806 0.000000 0.000000
0.000000 0.000000 0.356000 0.355995 0.355977 0.355946 0.355909 0.355880 0.355879 0.355876 0.355874 0.355876 0.355880 0.355877 0.355895 0.355922 0.355937 0.355947 0.355954 0.000000 0.000000
0.000000 0.000000 0.361863 0.361852 0.361832 0.361787 0.361741 0.361681 0.361684 0.361682 0.361675 0.361674 0.361672 0.361676 0.361723 0.361758 0.361783 0.361801 0.361808 0.000000 0.000000
0.000000 0.000000 0.368854 0.368840 0.368822 0.368768 0.368717 0.368662 0.368664 0.368659 0.368651 0.368648 0.368646 0.368654 0.368698 0.368741 0.368779 0.368788 0.368802 0.000000 0.000000
0.000000 0.000000 0.376683 0.376662 0.376629 0.376586 0.376527 0.376457 0.376465 0.376454 0.376443 0.376441 0.376445 0.376440 0.376506 0.376556 0.376587 0.376602 0.376615 0.000000 0.000000
0.000000 0.000000 0.385500 0.385471 0.385442 0.385394 0.385329 0.385254 0.385256 0.385251 0.385233 0.385239 0.385247 0.385243 0.385295 0.385362 0.385399 0.385415 0.385420 0.000000 0.000000
0.000000 0.000000 0.395757 0.395733 0.395707 0.395599 0.395569 0.395467 0.395490 0.395444 0.395445 0.395437 0.395419 0.395446 0.395507 0.395549 0.395602 0.395622 0.395666 0.000000 0.000000
0.000000 0.000000 0.408018 0.407964 0.407896 0.407847 0.407787 0.407657 0.407653 0.407658 0.407668 0.407622 0.407647 0.407633 0.407749 0.407819 0.407847 0.407867 0.407953 0.000000 0.000000
0.000000 0.000000 0.421902 0.421856 0.421843 0.421734 0.421662 0.421300 0.421296 0.421278 0.421139 0.421227 0.421230 0.421262 0.421522 0.421578 0.421716 0.421725 0.421730 0.000000 0.000000
0.000000 0.000000 0.438494 0.438480 0.438358 0.438294 0.437810 0.438034 0.437935 0.437945 0.438031 0.437945 0.437934 0.437873 0.437669 0.438201 0.438202 0.438329 0.438398 0.000000 0.000000
0.000000 0.000000 0.453895 0.453855 0.453794 0.453334 0.453568 0.453254 0.453205 0.453179 0.453061 0.453038 0.453087 0.453098 0.453366 0.453134 0.453731 0.453586 0.453555 0.000000 0.000000
0.000000 0.000000 0.463833 0.463814 0.463557 0.463603 0.463588 0.463549 0.463647 0.463616 0.463654 0.463641 0.463603 0.463659 0.463665 0.463679 0.463502 0.463852 0.463842 0.000000 0.000000
0.000000 0.000000 0.470163 0.470140 0.469964 0.470031 0.469995 0.469993 0.470062 0.470044 0.470075 0.470068 0.470040 0.470077 0.470063 0.470095 0.469933 0.470189 0.470201 0.000000 0.000000
0.000000 0.000000 0.475272 0.475049 0.474974 0.474941 0.474844 0.474871 0.474842 0.474861 0.474800 0.474808 0.474829 0.474806 0.474803 0.474870 0.474944 0.474980 0.475204 0.000000 0.000000
0.000000 0.000000 0.350000 0.350000 0.350000 0.350000 0.350000 0.350000 0.350000 0.350000 0.350000 0.350000 0.350000 0.350000 0.350000 0.350000 0.350000 0.350000 0.350000 0.000000 0.000000
0.000000 0.000000 0.000000 0.000000 0.000000 0.000000 0.000000 0.000000 0.000000 0.000000 0.000000 0.000000 0.000000 0.000000 0.000000 0.000000 0.000000 0.000000 0.000000 0.000000 0.000000