geotop/1.0zi/1.0Montebello/Templates/testdem/maps/_Eocsand3079.asc
ncols         21
nrows         20
xllcorner     100.000000
yllcorner     100.000000
cellsize      50.000000
NODATA_value  -9999.0
0.000000 0.000000 0.000000 0.000000 0.000000 0.000000 0.000000 0.000000 0.000000 0.000000 0.000000 0.000000 0.000000 0.000000 0.000000 0.000000 0.000000 0.000000 0.000000 0.000000 0.000000
0.000000 0.000000 0.300087 0.300087 0.300087 0.300087 0.300087 0.300087 0.300087 0.300087 0.300089 0.300087 0.300087 0.300087 0.300087 0.300087 0.300087 0.300087 0.300087 0.000000 0.000000
0.000000 0.000000 0.300009 0.300009 0.300009 0.300009 0.300009 0.300009 0.300009 0.300009 0.300008 0.300009 0.300009 0.300009 0.300009 0.300009 0.300009 0.300009 0.300009 0.000000 0.000000
0.000000 0.000000 0.297561 0.297562 0.297567 0.297565 0.297561 0.297562 0.297562 0.297562 0.297561 0.297562 0.297562 0.297562 0.297561 0.297565 0.297567 0.297562 0.297561 0.000000 0.000000
0.000000 0.000000 0.288278 0.288280 0.288284 0.288283 0.288278 0.288279 0.288279 0.288277 0.288276 0.288277 0.288279 0.288279 0.288278 0.288283 0.288284 0.288280 0.288278 0.000000 0.000000
0.000000 0.000000 0.277510 0.277511 0.277514 0.277514 0.277509 0.277511 0.277511 0.277509 0.277507 0.277509 0.277511 0.277511 0.277509 0.277514 0.277514 0.277511 0.277510 0.000000 0.000000
0.000000 0.000000 0.267611 0.267612 0.267615 0.267614 0.267610 0.267612 0.267612 0.267610 0.267609 0.267610 0.267612 0.267612 0.267610 0.267614 0.267615 0.267612 0.267611 0.000000 0.000000
0.000000 0.000000 0.258629 0.258630 0.258633 0.258632 0.258629 0.258630 0.258630 0.258629 0.258628 0.258629 0.258630 0.258630 0.258629 0.258632 0.258633 0.258630 0.258629 0.000000 0.000000
0.000000 0.000000 0.250324 0.250324 0.250327 0.250326 0.250324 0.250325 0.250324 0.250323 0.250322 0.250323 0.250324 0.250325 0.250324 0.250326 0.250327 0.250324 0.250324 0.000000 0.000000
0.000000 0.000000 0.242496 0.242497 0.242499 0.242499 0.242496 0.242497 0.242497 0.242496 0.242495 0.242496 0.242497 0.242497 0.242496 0.242499 0.242499 0.242497 0.242496 0.000000 0.000000
0.000000 0.000000 0.235052 0.235053 0.235055 0.235054 0.235052 0.235053 0.235053 0.235051 0.235050 0.235051 0.235053 0.235053 0.235052 0.235054 0.235055 0.235053 0.235052 0.000000 0.000000
0.000000 0.000000 0.227919 0.227920 0.227922 0.227921 0.227919 0.227920 0.227920 0.227919 0.227918 0.227919 0.227920 0.227920 0.227919 0.227921 0.227922 0.227920 0.227919 0.000000 0.000000
0.000000 0.000000 0.221046 0.221046 0.221049 0.221048 0.221046 0.221047 0.221046 0.221045 0.221044 0.221045 0.221046 0.221047 0.221046 0.221048 0.221049 0.221046 0.221046 0.000000 0.000000
0.000000 0.000000 0.214375 0.214376 0.214378 0.214378 0.214375 0.214376 0.214376 0.214375 0.214374 0.214375 0.214376 0.214376 0.214375 0.214378 0.214378 0.214376 0.214375 0.000000 0.000000
0.000000 0.000000 0.207894 0.207895 0.207897 0.207896 0.207894 0.207895 0.207895 0.207893 0.207893 0.207893 0.207895 0.207895 0.207894 0.207896 0.207897 0.207895 0.207894 0.000000 0.000000
0.000000 0.000000 0.201589 0.201589 0.201592 0.201591 0.201589 0.201590 0.201589 0.201588 0.201588 0.201588 0.201589 0.201590 0.201589 0.201591 0.201592 0.201589 0.201589 0.000000 0.000000
0.000000 0.000000 0.195439 0.195440 0.195442 0.195441 0.195439 0.195440 0.195440 0.195439 0.195438 0.195439 0.195440 0.195440 0.195439 0.195441 0.195442 0.195440 0.195439 0.000000 0.000000
0.000000 0.000000 0.189304 0.189304 0.189306 0.189305 0.189303 0.189304 0.189304 0.189303 0.189302 0.189303 0.189304 0.189304 0.189303 0.189305 0.189306 0.189304 0.189303 0.000000 0.000000
0.000000 0.000000 0.300000 0.300000 0.300000 0.300000 0.300000 0.300000 0.300000 0.300000 0.300000 0.300000 0.300000 0.300000 0.300000 0.300000 0.300000 0.300000 0.300000 0.000000 0.000000
0.000000 0.000000 0.000000 0.000000 0.000000 0.000000 0.000000 0.000000 0.000000 0.000000 0.000000 0.000000 0.000000 0.000000 0.000000 0.000000 0.000000 0.000000 0.000000 0.000000 0.000000