geotop/1.0zi/1.0Montebello/Templates/testdem/maps/_Eocclay8684.asc
ncols         21
nrows         20
xllcorner     100.000000
yllcorner     100.000000
cellsize      50.000000
NODATA_value  -9999.0
0.000000 0.000000 0.000000 0.000000 0.000000 0.000000 0.000000 0.000000 0.000000 0.000000 0.000000 0.000000 0.000000 0.000000 0.000000 0.000000 0.000000 0.000000 0.000000 0.000000 0.000000
0.000000 0.000000 0.349597 0.349599 0.349598 0.349597 0.349599 0.349599 0.349599 0.349599 0.349598 0.349599 0.349599 0.349599 0.349599 0.349599 0.349597 0.349597 0.349598 0.000000 0.000000
0.000000 0.000000 0.349983 0.349981 0.349981 0.349983 0.349981 0.349981 0.349981 0.349981 0.349981 0.349981 0.349981 0.349981 0.349982 0.349982 0.349983 0.349982 0.349981 0.000000 0.000000
0.000000 0.000000 0.350020 0.350025 0.350023 0.350018 0.350020 0.350020 0.350022 0.350020 0.350023 0.350021 0.350022 0.350019 0.350023 0.350024 0.350023 0.350025 0.350023 0.000000 0.000000
0.000000 0.000000 0.351145 0.351138 0.351135 0.351129 0.351111 0.351110 0.351107 0.351109 0.351107 0.351109 0.351107 0.351109 0.351118 0.351120 0.351131 0.351133 0.351143 0.000000 0.000000
0.000000 0.000000 0.354374 0.354372 0.354353 0.354321 0.354302 0.354279 0.354281 0.354274 0.354279 0.354279 0.354285 0.354283 0.354295 0.354317 0.354333 0.354346 0.354352 0.000000 0.000000
0.000000 0.000000 0.358745 0.358737 0.358728 0.358700 0.358664 0.358623 0.358623 0.358618 0.358619 0.358621 0.358621 0.358622 0.358659 0.358690 0.358708 0.358720 0.358729 0.000000 0.000000
0.000000 0.000000 0.363920 0.363914 0.363904 0.363869 0.363836 0.363791 0.363791 0.363786 0.363786 0.363784 0.363781 0.363791 0.363829 0.363857 0.363886 0.363894 0.363909 0.000000 0.000000
0.000000 0.000000 0.369477 0.369465 0.369449 0.369426 0.369388 0.369343 0.369346 0.369336 0.369334 0.369332 0.369334 0.369332 0.369379 0.369416 0.369438 0.369448 0.369460 0.000000 0.000000
0.000000 0.000000 0.375449 0.375434 0.375425 0.375401 0.375346 0.375305 0.375305 0.375300 0.375294 0.375299 0.375306 0.375303 0.375343 0.375387 0.375414 0.375424 0.375432 0.000000 0.000000
0.000000 0.000000 0.382058 0.382050 0.382038 0.381985 0.381949 0.381895 0.381910 0.381878 0.381886 0.381883 0.381873 0.381892 0.381931 0.381958 0.381995 0.382013 0.382038 0.000000 0.000000
0.000000 0.000000 0.389513 0.389488 0.389464 0.389434 0.389385 0.389324 0.389316 0.389313 0.389328 0.389303 0.389314 0.389314 0.389385 0.389424 0.389446 0.389461 0.389521 0.000000 0.000000
0.000000 0.000000 0.397704 0.397679 0.397675 0.397620 0.397582 0.397397 0.397393 0.397386 0.397332 0.397365 0.397373 0.397390 0.397535 0.397569 0.397643 0.397647 0.397675 0.000000 0.000000
0.000000 0.000000 0.407524 0.407517 0.407474 0.407437 0.407186 0.407230 0.407180 0.407182 0.407206 0.407184 0.407179 0.407160 0.407123 0.407388 0.407418 0.407487 0.407533 0.000000 0.000000
0.000000 0.000000 0.419254 0.419225 0.419173 0.418840 0.418901 0.418735 0.418667 0.418651 0.418592 0.418558 0.418596 0.418591 0.418758 0.418711 0.419147 0.419068 0.419069 0.000000 0.000000
0.000000 0.000000 0.431946 0.431923 0.431448 0.431622 0.431569 0.431555 0.431747 0.431693 0.431798 0.431771 0.431688 0.431805 0.431791 0.431829 0.431410 0.432115 0.432106 0.000000 0.000000
0.000000 0.000000 0.447165 0.446466 0.446680 0.446383 0.446034 0.445933 0.445713 0.445766 0.445543 0.445569 0.445701 0.445564 0.445751 0.446009 0.446660 0.446175 0.446903 0.000000 0.000000
0.000000 0.000000 0.451368 0.452020 0.452544 0.452555 0.452605 0.452090 0.452195 0.452039 0.452309 0.452257 0.452209 0.452302 0.452728 0.452690 0.452645 0.452260 0.451616 0.000000 0.000000
0.000000 0.000000 0.350000 0.350000 0.350000 0.350000 0.350000 0.350000 0.350000 0.350000 0.350000 0.350000 0.350000 0.350000 0.350000 0.350000 0.350000 0.350000 0.350000 0.000000 0.000000
0.000000 0.000000 0.000000 0.000000 0.000000 0.000000 0.000000 0.000000 0.000000 0.000000 0.000000 0.000000 0.000000 0.000000 0.000000 0.000000 0.000000 0.000000 0.000000 0.000000 0.000000