geotop/1.0zi/1.0Montebello/Templates/testdem/maps/_Eocsand2224.asc
ncols         21
nrows         20
xllcorner     100.000000
yllcorner     100.000000
cellsize      50.000000
NODATA_value  -9999.0
0.000000 0.000000 0.000000 0.000000 0.000000 0.000000 0.000000 0.000000 0.000000 0.000000 0.000000 0.000000 0.000000 0.000000 0.000000 0.000000 0.000000 0.000000 0.000000 0.000000 0.000000
0.000000 0.000000 0.300067 0.300067 0.300067 0.300067 0.300067 0.300067 0.300067 0.300067 0.300067 0.300067 0.300067 0.300067 0.300067 0.300067 0.300067 0.300067 0.300067 0.000000 0.000000
0.000000 0.000000 0.300010 0.300011 0.300011 0.300010 0.300011 0.300010 0.300010 0.300011 0.300011 0.300011 0.300010 0.300010 0.300011 0.300010 0.300011 0.300011 0.300010 0.000000 0.000000
0.000000 0.000000 0.298616 0.298617 0.298621 0.298619 0.298615 0.298616 0.298616 0.298616 0.298616 0.298616 0.298616 0.298616 0.298615 0.298619 0.298621 0.298617 0.298616 0.000000 0.000000
0.000000 0.000000 0.292746 0.292747 0.292751 0.292750 0.292744 0.292746 0.292746 0.292744 0.292744 0.292744 0.292746 0.292746 0.292744 0.292750 0.292751 0.292747 0.292746 0.000000 0.000000
0.000000 0.000000 0.285423 0.285424 0.285427 0.285427 0.285422 0.285424 0.285424 0.285422 0.285421 0.285422 0.285424 0.285424 0.285422 0.285427 0.285427 0.285424 0.285423 0.000000 0.000000
0.000000 0.000000 0.278578 0.278579 0.278582 0.278581 0.278577 0.278578 0.278578 0.278577 0.278576 0.278577 0.278578 0.278578 0.278577 0.278581 0.278582 0.278579 0.278578 0.000000 0.000000
0.000000 0.000000 0.272295 0.272295 0.272298 0.272297 0.272294 0.272295 0.272295 0.272294 0.272293 0.272294 0.272295 0.272295 0.272294 0.272297 0.272298 0.272295 0.272295 0.000000 0.000000
0.000000 0.000000 0.266421 0.266422 0.266424 0.266424 0.266421 0.266422 0.266422 0.266420 0.266420 0.266420 0.266422 0.266422 0.266421 0.266424 0.266424 0.266422 0.266421 0.000000 0.000000
0.000000 0.000000 0.260818 0.260819 0.260821 0.260821 0.260818 0.260819 0.260819 0.260817 0.260817 0.260817 0.260819 0.260819 0.260818 0.260821 0.260821 0.260819 0.260818 0.000000 0.000000
0.000000 0.000000 0.255422 0.255422 0.255425 0.255424 0.255421 0.255422 0.255422 0.255421 0.255421 0.255421 0.255422 0.255422 0.255421 0.255424 0.255425 0.255422 0.255422 0.000000 0.000000
0.000000 0.000000 0.250183 0.250184 0.250186 0.250185 0.250183 0.250184 0.250184 0.250183 0.250182 0.250183 0.250184 0.250184 0.250183 0.250185 0.250186 0.250184 0.250183 0.000000 0.000000
0.000000 0.000000 0.245068 0.245069 0.245071 0.245070 0.245068 0.245069 0.245069 0.245068 0.245067 0.245068 0.245069 0.245069 0.245068 0.245070 0.245071 0.245069 0.245068 0.000000 0.000000
0.000000 0.000000 0.240066 0.240066 0.240069 0.240068 0.240065 0.240066 0.240066 0.240065 0.240065 0.240065 0.240066 0.240066 0.240065 0.240068 0.240069 0.240066 0.240066 0.000000 0.000000
0.000000 0.000000 0.235158 0.235158 0.235161 0.235160 0.235157 0.235158 0.235158 0.235157 0.235157 0.235157 0.235158 0.235158 0.235157 0.235160 0.235161 0.235158 0.235158 0.000000 0.000000
0.000000 0.000000 0.230329 0.230329 0.230332 0.230331 0.230328 0.230329 0.230329 0.230328 0.230328 0.230328 0.230329 0.230329 0.230328 0.230331 0.230332 0.230329 0.230329 0.000000 0.000000
0.000000 0.000000 0.225575 0.225575 0.225578 0.225577 0.225574 0.225575 0.225575 0.225574 0.225574 0.225574 0.225575 0.225575 0.225574 0.225577 0.225578 0.225575 0.225575 0.000000 0.000000
0.000000 0.000000 0.220834 0.220834 0.220836 0.220835 0.220833 0.220834 0.220834 0.220833 0.220832 0.220833 0.220834 0.220834 0.220833 0.220835 0.220836 0.220834 0.220833 0.000000 0.000000
0.000000 0.000000 0.300000 0.300000 0.300000 0.300000 0.300000 0.300000 0.300000 0.300000 0.300000 0.300000 0.300000 0.300000 0.300000 0.300000 0.300000 0.300000 0.300000 0.000000 0.000000
0.000000 0.000000 0.000000 0.000000 0.000000 0.000000 0.000000 0.000000 0.000000 0.000000 0.000000 0.000000 0.000000 0.000000 0.000000 0.000000 0.000000 0.000000 0.000000 0.000000 0.000000