geotop/1.0zi/1.0Montebello/Templates/testdem/maps/_Eocclay1630.asc
ncols         21
nrows         20
xllcorner     100.000000
yllcorner     100.000000
cellsize      50.000000
NODATA_value  -9999.0
0.000000 0.000000 0.000000 0.000000 0.000000 0.000000 0.000000 0.000000 0.000000 0.000000 0.000000 0.000000 0.000000 0.000000 0.000000 0.000000 0.000000 0.000000 0.000000 0.000000 0.000000
0.000000 0.000000 0.349914 0.349914 0.349914 0.349914 0.349914 0.349914 0.349914 0.349914 0.349914 0.349914 0.349914 0.349914 0.349914 0.349914 0.349914 0.349914 0.349914 0.000000 0.000000
0.000000 0.000000 0.349993 0.349993 0.349993 0.349993 0.349993 0.349993 0.349993 0.349993 0.349993 0.349993 0.349993 0.349993 0.349993 0.349993 0.349993 0.349993 0.349993 0.000000 0.000000
0.000000 0.000000 0.350624 0.350624 0.350622 0.350623 0.350624 0.350624 0.350624 0.350624 0.350624 0.350624 0.350624 0.350624 0.350624 0.350623 0.350622 0.350624 0.350624 0.000000 0.000000
0.000000 0.000000 0.353099 0.353098 0.353097 0.353097 0.353101 0.353100 0.353100 0.353101 0.353100 0.353101 0.353100 0.353100 0.353101 0.353097 0.353097 0.353098 0.353099 0.000000 0.000000
0.000000 0.000000 0.355858 0.355857 0.355856 0.355856 0.355859 0.355858 0.355858 0.355859 0.355859 0.355859 0.355858 0.355858 0.355859 0.355856 0.355856 0.355857 0.355858 0.000000 0.000000
0.000000 0.000000 0.358478 0.358478 0.358477 0.358477 0.358479 0.358479 0.358478 0.358479 0.358479 0.358479 0.358478 0.358479 0.358479 0.358477 0.358477 0.358478 0.358478 0.000000 0.000000
0.000000 0.000000 0.360891 0.360891 0.360889 0.360890 0.360892 0.360891 0.360891 0.360892 0.360892 0.360892 0.360891 0.360891 0.360892 0.360890 0.360889 0.360891 0.360891 0.000000 0.000000
0.000000 0.000000 0.363151 0.363151 0.363150 0.363150 0.363152 0.363152 0.363152 0.363152 0.363152 0.363152 0.363152 0.363152 0.363152 0.363150 0.363150 0.363151 0.363151 0.000000 0.000000
0.000000 0.000000 0.365315 0.365315 0.365313 0.365314 0.365316 0.365315 0.365315 0.365316 0.365315 0.365316 0.365315 0.365315 0.365316 0.365314 0.365313 0.365315 0.365315 0.000000 0.000000
0.000000 0.000000 0.367404 0.367404 0.367403 0.367403 0.367405 0.367404 0.367404 0.367405 0.367405 0.367405 0.367404 0.367404 0.367405 0.367403 0.367403 0.367404 0.367404 0.000000 0.000000
0.000000 0.000000 0.369439 0.369439 0.369438 0.369438 0.369440 0.369439 0.369439 0.369440 0.369440 0.369440 0.369439 0.369439 0.369440 0.369438 0.369438 0.369439 0.369439 0.000000 0.000000
0.000000 0.000000 0.371435 0.371434 0.371433 0.371434 0.371435 0.371435 0.371435 0.371435 0.371435 0.371435 0.371435 0.371435 0.371435 0.371434 0.371433 0.371434 0.371435 0.000000 0.000000
0.000000 0.000000 0.373390 0.373390 0.373389 0.373389 0.373391 0.373390 0.373390 0.373390 0.373390 0.373390 0.373390 0.373390 0.373391 0.373389 0.373389 0.373390 0.373390 0.000000 0.000000
0.000000 0.000000 0.375316 0.375315 0.375314 0.375315 0.375316 0.375316 0.375316 0.375316 0.375316 0.375316 0.375316 0.375316 0.375316 0.375315 0.375314 0.375315 0.375316 0.000000 0.000000
0.000000 0.000000 0.377218 0.377218 0.377217 0.377217 0.377218 0.377218 0.377218 0.377218 0.377218 0.377218 0.377218 0.377218 0.377218 0.377217 0.377217 0.377218 0.377218 0.000000 0.000000
0.000000 0.000000 0.379098 0.379098 0.379096 0.379097 0.379098 0.379098 0.379098 0.379098 0.379098 0.379098 0.379098 0.379098 0.379098 0.379097 0.379096 0.379098 0.379098 0.000000 0.000000
0.000000 0.000000 0.380996 0.380997 0.380995 0.380996 0.380997 0.380997 0.380997 0.380997 0.380997 0.380997 0.380997 0.380997 0.380997 0.380996 0.380995 0.380997 0.380997 0.000000 0.000000
0.000000 0.000000 0.350000 0.350000 0.350000 0.350000 0.350000 0.350000 0.350000 0.350000 0.350000 0.350000 0.350000 0.350000 0.350000 0.350000 0.350000 0.350000 0.350000 0.000000 0.000000
0.000000 0.000000 0.000000 0.000000 0.000000 0.000000 0.000000 0.000000 0.000000 0.000000 0.000000 0.000000 0.000000 0.000000 0.000000 0.000000 0.000000 0.000000 0.000000 0.000000 0.000000