geotop/1.0zi/1.0Montebello/Templates/testdem/maps/_Eocsand6211.asc
ncols         21
nrows         20
xllcorner     100.000000
yllcorner     100.000000
cellsize      50.000000
NODATA_value  -9999.0
0.000000 0.000000 0.000000 0.000000 0.000000 0.000000 0.000000 0.000000 0.000000 0.000000 0.000000 0.000000 0.000000 0.000000 0.000000 0.000000 0.000000 0.000000 0.000000 0.000000 0.000000
0.000000 0.000000 0.300152 0.300152 0.300151 0.300152 0.300151 0.300151 0.300151 0.300151 0.300152 0.300151 0.300151 0.300152 0.300151 0.300151 0.300152 0.300153 0.300152 0.000000 0.000000
0.000000 0.000000 0.300009 0.300008 0.300008 0.300007 0.300008 0.300008 0.300008 0.300008 0.300008 0.300008 0.300007 0.300008 0.300008 0.300008 0.300009 0.300009 0.300010 0.000000 0.000000
0.000000 0.000000 0.299972 0.299970 0.299973 0.299978 0.299975 0.299977 0.299974 0.299976 0.299973 0.299976 0.299976 0.299976 0.299974 0.299969 0.299970 0.299967 0.299969 0.000000 0.000000
0.000000 0.000000 0.298901 0.298898 0.298901 0.298907 0.298923 0.298931 0.298932 0.298932 0.298936 0.298936 0.298938 0.298936 0.298924 0.298921 0.298917 0.298906 0.298896 0.000000 0.000000
0.000000 0.000000 0.295531 0.295528 0.295541 0.295577 0.295594 0.295630 0.295631 0.295640 0.295632 0.295629 0.295625 0.295628 0.295617 0.295595 0.295578 0.295562 0.295552 0.000000 0.000000
0.000000 0.000000 0.290437 0.290442 0.290453 0.290491 0.290535 0.290588 0.290588 0.290595 0.290591 0.290590 0.290592 0.290589 0.290548 0.290505 0.290484 0.290464 0.290449 0.000000 0.000000
0.000000 0.000000 0.284247 0.284248 0.284254 0.284294 0.284338 0.284396 0.284396 0.284402 0.284402 0.284404 0.284407 0.284398 0.284351 0.284310 0.284277 0.284267 0.284246 0.000000 0.000000
0.000000 0.000000 0.277814 0.277823 0.277841 0.277866 0.277910 0.277971 0.277969 0.277980 0.277985 0.277983 0.277983 0.277986 0.277927 0.277882 0.277852 0.277841 0.277822 0.000000 0.000000
0.000000 0.000000 0.271281 0.271292 0.271300 0.271319 0.271381 0.271437 0.271434 0.271441 0.271450 0.271442 0.271434 0.271440 0.271393 0.271340 0.271308 0.271301 0.271287 0.000000 0.000000
0.000000 0.000000 0.264491 0.264498 0.264503 0.264550 0.264592 0.264654 0.264641 0.264671 0.264670 0.264668 0.264676 0.264659 0.264619 0.264585 0.264550 0.264530 0.264501 0.000000 0.000000
0.000000 0.000000 0.257305 0.257321 0.257342 0.257375 0.257413 0.257487 0.257486 0.257502 0.257485 0.257504 0.257500 0.257494 0.257424 0.257390 0.257365 0.257354 0.257283 0.000000 0.000000
0.000000 0.000000 0.249869 0.249884 0.249892 0.249930 0.249966 0.250121 0.250122 0.250135 0.250169 0.250151 0.250140 0.250127 0.250010 0.249978 0.249921 0.249915 0.249866 0.000000 0.000000
0.000000 0.000000 0.241711 0.241721 0.241745 0.241770 0.241927 0.241960 0.241996 0.241997 0.242007 0.242004 0.242004 0.242008 0.241990 0.241831 0.241784 0.241744 0.241693 0.000000 0.000000
0.000000 0.000000 0.232638 0.232651 0.232687 0.232856 0.232898 0.232992 0.233051 0.233062 0.233092 0.233111 0.233092 0.233102 0.233027 0.232958 0.232722 0.232742 0.232712 0.000000 0.000000
0.000000 0.000000 0.222951 0.222963 0.223190 0.223216 0.223226 0.223282 0.223231 0.223257 0.223236 0.223259 0.223287 0.223239 0.223202 0.223183 0.223220 0.222928 0.222921 0.000000 0.000000
0.000000 0.000000 0.211671 0.211988 0.212072 0.212162 0.212312 0.212384 0.212418 0.212419 0.212491 0.212498 0.212465 0.212480 0.212392 0.212278 0.212091 0.212060 0.211735 0.000000 0.000000
0.000000 0.000000 0.203831 0.203769 0.203479 0.203547 0.203644 0.203933 0.203936 0.204004 0.203949 0.203967 0.203951 0.203939 0.203674 0.203600 0.203429 0.203724 0.203766 0.000000 0.000000
0.000000 0.000000 0.300000 0.300000 0.300000 0.300000 0.300000 0.300000 0.300000 0.300000 0.300000 0.300000 0.300000 0.300000 0.300000 0.300000 0.300000 0.300000 0.300000 0.000000 0.000000
0.000000 0.000000 0.000000 0.000000 0.000000 0.000000 0.000000 0.000000 0.000000 0.000000 0.000000 0.000000 0.000000 0.000000 0.000000 0.000000 0.000000 0.000000 0.000000 0.000000 0.000000