geotop/1.0zi/1.0Montebello/Templates/testdem/maps/_Eocsand2543.asc
ncols         21
nrows         20
xllcorner     100.000000
yllcorner     100.000000
cellsize      50.000000
NODATA_value  -9999.0
0.000000 0.000000 0.000000 0.000000 0.000000 0.000000 0.000000 0.000000 0.000000 0.000000 0.000000 0.000000 0.000000 0.000000 0.000000 0.000000 0.000000 0.000000 0.000000 0.000000 0.000000
0.000000 0.000000 0.300074 0.300074 0.300074 0.300075 0.300074 0.300074 0.300074 0.300074 0.300076 0.300074 0.300074 0.300074 0.300074 0.300075 0.300074 0.300074 0.300074 0.000000 0.000000
0.000000 0.000000 0.300012 0.300013 0.300013 0.300012 0.300013 0.300012 0.300013 0.300013 0.300011 0.300013 0.300013 0.300012 0.300013 0.300012 0.300013 0.300013 0.300012 0.000000 0.000000
0.000000 0.000000 0.298377 0.298378 0.298382 0.298380 0.298377 0.298377 0.298377 0.298377 0.298377 0.298377 0.298377 0.298377 0.298377 0.298380 0.298382 0.298378 0.298377 0.000000 0.000000
0.000000 0.000000 0.291460 0.291462 0.291465 0.291465 0.291459 0.291461 0.291461 0.291458 0.291458 0.291458 0.291461 0.291461 0.291459 0.291465 0.291465 0.291462 0.291460 0.000000 0.000000
0.000000 0.000000 0.283006 0.283007 0.283010 0.283009 0.283004 0.283006 0.283006 0.283004 0.283004 0.283004 0.283006 0.283006 0.283004 0.283009 0.283010 0.283007 0.283006 0.000000 0.000000
0.000000 0.000000 0.275119 0.275120 0.275122 0.275122 0.275118 0.275119 0.275119 0.275117 0.275117 0.275117 0.275119 0.275119 0.275118 0.275122 0.275122 0.275120 0.275119 0.000000 0.000000
0.000000 0.000000 0.267893 0.267894 0.267896 0.267896 0.267892 0.267894 0.267894 0.267892 0.267892 0.267892 0.267894 0.267894 0.267892 0.267896 0.267896 0.267894 0.267893 0.000000 0.000000
0.000000 0.000000 0.261157 0.261158 0.261160 0.261160 0.261157 0.261158 0.261158 0.261156 0.261156 0.261156 0.261158 0.261158 0.261157 0.261160 0.261160 0.261158 0.261157 0.000000 0.000000
0.000000 0.000000 0.254757 0.254758 0.254760 0.254760 0.254757 0.254758 0.254758 0.254756 0.254756 0.254756 0.254758 0.254758 0.254757 0.254760 0.254760 0.254758 0.254757 0.000000 0.000000
0.000000 0.000000 0.248619 0.248620 0.248622 0.248621 0.248618 0.248619 0.248619 0.248618 0.248618 0.248618 0.248619 0.248619 0.248618 0.248621 0.248622 0.248620 0.248619 0.000000 0.000000
0.000000 0.000000 0.242686 0.242686 0.242689 0.242688 0.242685 0.242686 0.242686 0.242685 0.242685 0.242685 0.242686 0.242686 0.242685 0.242688 0.242689 0.242686 0.242686 0.000000 0.000000
0.000000 0.000000 0.236916 0.236917 0.236919 0.236918 0.236916 0.236917 0.236916 0.236915 0.236915 0.236915 0.236916 0.236917 0.236916 0.236918 0.236919 0.236917 0.236916 0.000000 0.000000
0.000000 0.000000 0.231281 0.231282 0.231284 0.231283 0.231281 0.231282 0.231282 0.231280 0.231280 0.231280 0.231282 0.231282 0.231281 0.231283 0.231284 0.231282 0.231281 0.000000 0.000000
0.000000 0.000000 0.225761 0.225761 0.225763 0.225762 0.225760 0.225761 0.225761 0.225760 0.225759 0.225760 0.225761 0.225761 0.225760 0.225762 0.225763 0.225761 0.225761 0.000000 0.000000
0.000000 0.000000 0.220345 0.220345 0.220348 0.220347 0.220344 0.220345 0.220345 0.220344 0.220344 0.220344 0.220345 0.220345 0.220344 0.220347 0.220348 0.220345 0.220345 0.000000 0.000000
0.000000 0.000000 0.215029 0.215029 0.215032 0.215031 0.215028 0.215029 0.215029 0.215028 0.215028 0.215028 0.215029 0.215029 0.215028 0.215031 0.215032 0.215029 0.215029 0.000000 0.000000
0.000000 0.000000 0.209736 0.209736 0.209738 0.209737 0.209735 0.209736 0.209736 0.209735 0.209734 0.209735 0.209736 0.209736 0.209735 0.209737 0.209738 0.209736 0.209735 0.000000 0.000000
0.000000 0.000000 0.300000 0.300000 0.300000 0.300000 0.300000 0.300000 0.300000 0.300000 0.300000 0.300000 0.300000 0.300000 0.300000 0.300000 0.300000 0.300000 0.300000 0.000000 0.000000
0.000000 0.000000 0.000000 0.000000 0.000000 0.000000 0.000000 0.000000 0.000000 0.000000 0.000000 0.000000 0.000000 0.000000 0.000000 0.000000 0.000000 0.000000 0.000000 0.000000 0.000000