geotop/1.0zi/1.0Montebello/Templates/testdem/maps/_Eocsand7298.asc
ncols         21
nrows         20
xllcorner     100.000000
yllcorner     100.000000
cellsize      50.000000
NODATA_value  -9999.0
0.000000 0.000000 0.000000 0.000000 0.000000 0.000000 0.000000 0.000000 0.000000 0.000000 0.000000 0.000000 0.000000 0.000000 0.000000 0.000000 0.000000 0.000000 0.000000 0.000000 0.000000
0.000000 0.000000 0.300186 0.300184 0.300184 0.300185 0.300184 0.300183 0.300184 0.300184 0.300185 0.300184 0.300184 0.300184 0.300184 0.300184 0.300185 0.300185 0.300185 0.000000 0.000000
0.000000 0.000000 0.300010 0.300011 0.300010 0.300009 0.300010 0.300011 0.300010 0.300010 0.300010 0.300011 0.300010 0.300010 0.300010 0.300010 0.300011 0.300011 0.300012 0.000000 0.000000
0.000000 0.000000 0.299957 0.299956 0.299960 0.299965 0.299963 0.299967 0.299961 0.299966 0.299964 0.299964 0.299964 0.299965 0.299963 0.299959 0.299958 0.299955 0.299955 0.000000 0.000000
0.000000 0.000000 0.298379 0.298376 0.298384 0.298397 0.298417 0.298425 0.298428 0.298429 0.298430 0.298430 0.298433 0.298427 0.298408 0.298403 0.298396 0.298385 0.298373 0.000000 0.000000
0.000000 0.000000 0.293743 0.293743 0.293763 0.293802 0.293832 0.293874 0.293872 0.293885 0.293877 0.293877 0.293874 0.293873 0.293855 0.293826 0.293803 0.293781 0.293768 0.000000 0.000000
0.000000 0.000000 0.287140 0.287146 0.287164 0.287209 0.287266 0.287330 0.287329 0.287339 0.287336 0.287337 0.287340 0.287334 0.287280 0.287228 0.287199 0.287173 0.287157 0.000000 0.000000
0.000000 0.000000 0.279259 0.279262 0.279274 0.279324 0.279380 0.279450 0.279449 0.279458 0.279459 0.279464 0.279468 0.279454 0.279395 0.279346 0.279301 0.279287 0.279262 0.000000 0.000000
0.000000 0.000000 0.270953 0.270967 0.270992 0.271023 0.271081 0.271156 0.271151 0.271169 0.271173 0.271177 0.271175 0.271176 0.271103 0.271042 0.271007 0.270989 0.270968 0.000000 0.000000
0.000000 0.000000 0.262331 0.262347 0.262360 0.262389 0.262471 0.262539 0.262536 0.262546 0.262556 0.262551 0.262541 0.262546 0.262484 0.262415 0.262375 0.262361 0.262345 0.000000 0.000000
0.000000 0.000000 0.253157 0.253168 0.253182 0.253246 0.253305 0.253381 0.253363 0.253406 0.253401 0.253402 0.253417 0.253389 0.253336 0.253293 0.253242 0.253214 0.253176 0.000000 0.000000
0.000000 0.000000 0.243203 0.243229 0.243259 0.243302 0.243363 0.243458 0.243459 0.243476 0.243453 0.243486 0.243479 0.243470 0.243375 0.243326 0.243291 0.243270 0.243180 0.000000 0.000000
0.000000 0.000000 0.232652 0.232679 0.232693 0.232748 0.232802 0.233030 0.233031 0.233048 0.233103 0.233077 0.233063 0.233041 0.232867 0.232818 0.232732 0.232721 0.232667 0.000000 0.000000
0.000000 0.000000 0.220664 0.220675 0.220719 0.220759 0.221023 0.221037 0.221090 0.221094 0.221089 0.221099 0.221104 0.221112 0.221113 0.220839 0.220783 0.220710 0.220645 0.000000 0.000000
0.000000 0.000000 0.206882 0.206904 0.206964 0.207271 0.207299 0.207451 0.207534 0.207553 0.207603 0.207645 0.207611 0.207621 0.207476 0.207426 0.207011 0.207057 0.207032 0.000000 0.000000
0.000000 0.000000 0.191840 0.191863 0.192298 0.192256 0.192285 0.192361 0.192221 0.192278 0.192208 0.192252 0.192314 0.192207 0.192165 0.192137 0.192343 0.191747 0.191748 0.000000 0.000000
0.000000 0.000000 0.173421 0.174094 0.174097 0.174313 0.174655 0.174761 0.174888 0.174866 0.175040 0.175037 0.174945 0.175020 0.174853 0.174600 0.174128 0.174289 0.173595 0.000000 0.000000
0.000000 0.000000 0.163457 0.163018 0.162389 0.162455 0.162533 0.163129 0.163084 0.163241 0.163034 0.163086 0.163092 0.163031 0.162506 0.162453 0.162280 0.162845 0.163256 0.000000 0.000000
0.000000 0.000000 0.300000 0.300000 0.300000 0.300000 0.300000 0.300000 0.300000 0.300000 0.300000 0.300000 0.300000 0.300000 0.300000 0.300000 0.300000 0.300000 0.300000 0.000000 0.000000
0.000000 0.000000 0.000000 0.000000 0.000000 0.000000 0.000000 0.000000 0.000000 0.000000 0.000000 0.000000 0.000000 0.000000 0.000000 0.000000 0.000000 0.000000 0.000000 0.000000 0.000000