geotop/1.0zi/1.0Montebello/Templates/testdem/maps/_Eocclay2500.asc
ncols         21
nrows         20
xllcorner     100.000000
yllcorner     100.000000
cellsize      50.000000
NODATA_value  -9999.0
0.000000 0.000000 0.000000 0.000000 0.000000 0.000000 0.000000 0.000000 0.000000 0.000000 0.000000 0.000000 0.000000 0.000000 0.000000 0.000000 0.000000 0.000000 0.000000 0.000000 0.000000
0.000000 0.000000 0.349866 0.349866 0.349866 0.349866 0.349866 0.349866 0.349866 0.349866 0.349866 0.349866 0.349866 0.349866 0.349866 0.349866 0.349866 0.349866 0.349866 0.000000 0.000000
0.000000 0.000000 0.349990 0.349990 0.349989 0.349990 0.349990 0.349990 0.349990 0.349990 0.349990 0.349990 0.349990 0.349990 0.349990 0.349990 0.349989 0.349990 0.349990 0.000000 0.000000
0.000000 0.000000 0.350780 0.350780 0.350777 0.350778 0.350780 0.350780 0.350779 0.350780 0.350780 0.350780 0.350779 0.350780 0.350780 0.350778 0.350777 0.350780 0.350780 0.000000 0.000000
0.000000 0.000000 0.354401 0.354401 0.354399 0.354399 0.354402 0.354401 0.354401 0.354403 0.354403 0.354403 0.354401 0.354401 0.354402 0.354399 0.354399 0.354401 0.354401 0.000000 0.000000
0.000000 0.000000 0.358551 0.358551 0.358549 0.358549 0.358552 0.358551 0.358551 0.358552 0.358552 0.358552 0.358551 0.358551 0.358552 0.358549 0.358549 0.358551 0.358551 0.000000 0.000000
0.000000 0.000000 0.362489 0.362488 0.362487 0.362487 0.362489 0.362489 0.362489 0.362489 0.362490 0.362489 0.362489 0.362489 0.362489 0.362487 0.362487 0.362488 0.362489 0.000000 0.000000
0.000000 0.000000 0.366105 0.366105 0.366103 0.366104 0.366105 0.366105 0.366105 0.366106 0.366106 0.366106 0.366105 0.366105 0.366105 0.366104 0.366103 0.366105 0.366105 0.000000 0.000000
0.000000 0.000000 0.369477 0.369477 0.369476 0.369476 0.369478 0.369477 0.369477 0.369478 0.369478 0.369478 0.369477 0.369477 0.369478 0.369476 0.369476 0.369477 0.369477 0.000000 0.000000
0.000000 0.000000 0.372683 0.372683 0.372681 0.372682 0.372683 0.372683 0.372683 0.372683 0.372684 0.372683 0.372683 0.372683 0.372683 0.372682 0.372681 0.372683 0.372683 0.000000 0.000000
0.000000 0.000000 0.375759 0.375758 0.375757 0.375758 0.375759 0.375758 0.375758 0.375759 0.375759 0.375759 0.375758 0.375758 0.375759 0.375758 0.375757 0.375758 0.375759 0.000000 0.000000
0.000000 0.000000 0.378733 0.378732 0.378731 0.378732 0.378733 0.378732 0.378732 0.378733 0.378733 0.378733 0.378732 0.378732 0.378733 0.378732 0.378731 0.378732 0.378733 0.000000 0.000000
0.000000 0.000000 0.381626 0.381626 0.381625 0.381625 0.381626 0.381626 0.381626 0.381627 0.381627 0.381627 0.381626 0.381626 0.381626 0.381625 0.381625 0.381626 0.381626 0.000000 0.000000
0.000000 0.000000 0.384453 0.384453 0.384452 0.384452 0.384453 0.384453 0.384453 0.384454 0.384454 0.384454 0.384453 0.384453 0.384453 0.384452 0.384452 0.384453 0.384453 0.000000 0.000000
0.000000 0.000000 0.387224 0.387224 0.387223 0.387223 0.387225 0.387224 0.387224 0.387225 0.387225 0.387225 0.387224 0.387224 0.387225 0.387223 0.387223 0.387224 0.387224 0.000000 0.000000
0.000000 0.000000 0.389944 0.389944 0.389943 0.389943 0.389944 0.389944 0.389944 0.389945 0.389945 0.389945 0.389944 0.389944 0.389944 0.389943 0.389943 0.389944 0.389944 0.000000 0.000000
0.000000 0.000000 0.392616 0.392615 0.392614 0.392615 0.392616 0.392615 0.392615 0.392616 0.392616 0.392616 0.392615 0.392615 0.392616 0.392615 0.392614 0.392615 0.392616 0.000000 0.000000
0.000000 0.000000 0.395281 0.395281 0.395280 0.395280 0.395281 0.395281 0.395281 0.395281 0.395282 0.395281 0.395281 0.395281 0.395281 0.395280 0.395280 0.395281 0.395281 0.000000 0.000000
0.000000 0.000000 0.350000 0.350000 0.350000 0.350000 0.350000 0.350000 0.350000 0.350000 0.350000 0.350000 0.350000 0.350000 0.350000 0.350000 0.350000 0.350000 0.350000 0.000000 0.000000
0.000000 0.000000 0.000000 0.000000 0.000000 0.000000 0.000000 0.000000 0.000000 0.000000 0.000000 0.000000 0.000000 0.000000 0.000000 0.000000 0.000000 0.000000 0.000000 0.000000 0.000000