geotop/1.0zi/1.0Montebello/Templates/testdem/maps/_Eocclay1093.asc
ncols         21
nrows         20
xllcorner     100.000000
yllcorner     100.000000
cellsize      50.000000
NODATA_value  -9999.0
0.000000 0.000000 0.000000 0.000000 0.000000 0.000000 0.000000 0.000000 0.000000 0.000000 0.000000 0.000000 0.000000 0.000000 0.000000 0.000000 0.000000 0.000000 0.000000 0.000000 0.000000
0.000000 0.000000 0.349945 0.349945 0.349946 0.349945 0.349945 0.349945 0.349945 0.349945 0.349945 0.349945 0.349945 0.349945 0.349945 0.349945 0.349946 0.349945 0.349945 0.000000 0.000000
0.000000 0.000000 0.349995 0.349995 0.349994 0.349995 0.349995 0.349995 0.349995 0.349995 0.349995 0.349995 0.349995 0.349995 0.349995 0.349995 0.349994 0.349995 0.349995 0.000000 0.000000
0.000000 0.000000 0.350442 0.350442 0.350440 0.350441 0.350442 0.350442 0.350442 0.350442 0.350442 0.350442 0.350442 0.350442 0.350442 0.350441 0.350440 0.350442 0.350442 0.000000 0.000000
0.000000 0.000000 0.352119 0.352118 0.352116 0.352116 0.352119 0.352119 0.352119 0.352120 0.352119 0.352120 0.352119 0.352119 0.352119 0.352116 0.352116 0.352118 0.352119 0.000000 0.000000
0.000000 0.000000 0.353958 0.353958 0.353956 0.353956 0.353959 0.353958 0.353958 0.353959 0.353959 0.353959 0.353958 0.353958 0.353959 0.353956 0.353956 0.353958 0.353958 0.000000 0.000000
0.000000 0.000000 0.355704 0.355704 0.355702 0.355702 0.355704 0.355704 0.355704 0.355704 0.355704 0.355704 0.355704 0.355704 0.355704 0.355702 0.355702 0.355704 0.355704 0.000000 0.000000
0.000000 0.000000 0.357314 0.357313 0.357312 0.357312 0.357314 0.357313 0.357313 0.357314 0.357314 0.357314 0.357313 0.357313 0.357314 0.357312 0.357312 0.357313 0.357314 0.000000 0.000000
0.000000 0.000000 0.358822 0.358822 0.358820 0.358821 0.358822 0.358822 0.358822 0.358823 0.358822 0.358823 0.358822 0.358822 0.358822 0.358821 0.358820 0.358822 0.358822 0.000000 0.000000
0.000000 0.000000 0.360269 0.360269 0.360268 0.360268 0.360269 0.360269 0.360269 0.360269 0.360269 0.360269 0.360269 0.360269 0.360269 0.360268 0.360268 0.360269 0.360269 0.000000 0.000000
0.000000 0.000000 0.361669 0.361669 0.361667 0.361668 0.361669 0.361669 0.361669 0.361669 0.361669 0.361669 0.361669 0.361669 0.361669 0.361668 0.361667 0.361669 0.361669 0.000000 0.000000
0.000000 0.000000 0.363036 0.363036 0.363034 0.363035 0.363036 0.363036 0.363036 0.363036 0.363036 0.363036 0.363036 0.363036 0.363036 0.363035 0.363034 0.363036 0.363036 0.000000 0.000000
0.000000 0.000000 0.364381 0.364381 0.364379 0.364380 0.364381 0.364381 0.364381 0.364381 0.364381 0.364381 0.364381 0.364381 0.364381 0.364380 0.364379 0.364381 0.364381 0.000000 0.000000
0.000000 0.000000 0.365703 0.365702 0.365701 0.365701 0.365703 0.365702 0.365702 0.365703 0.365703 0.365703 0.365702 0.365702 0.365703 0.365701 0.365701 0.365702 0.365703 0.000000 0.000000
0.000000 0.000000 0.367011 0.367011 0.367009 0.367010 0.367011 0.367011 0.367011 0.367011 0.367011 0.367011 0.367011 0.367011 0.367011 0.367010 0.367009 0.367011 0.367011 0.000000 0.000000
0.000000 0.000000 0.368311 0.368311 0.368309 0.368310 0.368311 0.368311 0.368311 0.368311 0.368311 0.368311 0.368311 0.368311 0.368311 0.368310 0.368309 0.368311 0.368311 0.000000 0.000000
0.000000 0.000000 0.369598 0.369598 0.369596 0.369597 0.369598 0.369598 0.369598 0.369598 0.369598 0.369598 0.369598 0.369598 0.369598 0.369597 0.369596 0.369598 0.369598 0.000000 0.000000
0.000000 0.000000 0.370911 0.370911 0.370910 0.370910 0.370912 0.370911 0.370911 0.370912 0.370912 0.370912 0.370911 0.370911 0.370912 0.370910 0.370910 0.370911 0.370912 0.000000 0.000000
0.000000 0.000000 0.350000 0.350000 0.350000 0.350000 0.350000 0.350000 0.350000 0.350000 0.350000 0.350000 0.350000 0.350000 0.350000 0.350000 0.350000 0.350000 0.350000 0.000000 0.000000
0.000000 0.000000 0.000000 0.000000 0.000000 0.000000 0.000000 0.000000 0.000000 0.000000 0.000000 0.000000 0.000000 0.000000 0.000000 0.000000 0.000000 0.000000 0.000000 0.000000 0.000000