geotop/1.0zi/1.0Montebello/Templates/testdem/maps/_Eocsand2454.asc
ncols         21
nrows         20
xllcorner     100.000000
yllcorner     100.000000
cellsize      50.000000
NODATA_value  -9999.0
0.000000 0.000000 0.000000 0.000000 0.000000 0.000000 0.000000 0.000000 0.000000 0.000000 0.000000 0.000000 0.000000 0.000000 0.000000 0.000000 0.000000 0.000000 0.000000 0.000000 0.000000
0.000000 0.000000 0.300074 0.300074 0.300074 0.300074 0.300074 0.300074 0.300074 0.300074 0.300076 0.300074 0.300074 0.300074 0.300074 0.300074 0.300074 0.300074 0.300074 0.000000 0.000000
0.000000 0.000000 0.300012 0.300013 0.300013 0.300012 0.300013 0.300013 0.300013 0.300013 0.300011 0.300013 0.300013 0.300013 0.300013 0.300012 0.300013 0.300013 0.300012 0.000000 0.000000
0.000000 0.000000 0.298409 0.298410 0.298414 0.298412 0.298409 0.298409 0.298409 0.298409 0.298409 0.298409 0.298409 0.298409 0.298409 0.298412 0.298414 0.298410 0.298409 0.000000 0.000000
0.000000 0.000000 0.291648 0.291649 0.291653 0.291652 0.291646 0.291648 0.291648 0.291645 0.291645 0.291645 0.291648 0.291648 0.291646 0.291652 0.291653 0.291649 0.291648 0.000000 0.000000
0.000000 0.000000 0.283400 0.283401 0.283404 0.283404 0.283399 0.283400 0.283400 0.283398 0.283398 0.283398 0.283400 0.283400 0.283399 0.283404 0.283404 0.283401 0.283400 0.000000 0.000000
0.000000 0.000000 0.275721 0.275722 0.275725 0.275724 0.275720 0.275722 0.275722 0.275720 0.275720 0.275720 0.275722 0.275722 0.275720 0.275724 0.275725 0.275722 0.275721 0.000000 0.000000
0.000000 0.000000 0.268693 0.268694 0.268696 0.268696 0.268692 0.268693 0.268693 0.268692 0.268691 0.268692 0.268693 0.268693 0.268692 0.268696 0.268696 0.268694 0.268693 0.000000 0.000000
0.000000 0.000000 0.262143 0.262143 0.262146 0.262145 0.262142 0.262143 0.262143 0.262142 0.262141 0.262142 0.262143 0.262143 0.262142 0.262145 0.262146 0.262143 0.262143 0.000000 0.000000
0.000000 0.000000 0.255919 0.255920 0.255922 0.255921 0.255918 0.255919 0.255919 0.255918 0.255918 0.255918 0.255919 0.255919 0.255918 0.255921 0.255922 0.255920 0.255919 0.000000 0.000000
0.000000 0.000000 0.249948 0.249949 0.249951 0.249951 0.249948 0.249949 0.249949 0.249948 0.249947 0.249948 0.249949 0.249949 0.249948 0.249951 0.249951 0.249949 0.249948 0.000000 0.000000
0.000000 0.000000 0.244176 0.244177 0.244179 0.244178 0.244176 0.244177 0.244177 0.244176 0.244175 0.244176 0.244177 0.244177 0.244176 0.244178 0.244179 0.244177 0.244176 0.000000 0.000000
0.000000 0.000000 0.238562 0.238563 0.238565 0.238564 0.238562 0.238563 0.238563 0.238562 0.238561 0.238562 0.238563 0.238563 0.238562 0.238564 0.238565 0.238563 0.238562 0.000000 0.000000
0.000000 0.000000 0.233078 0.233079 0.233081 0.233080 0.233078 0.233079 0.233079 0.233077 0.233077 0.233077 0.233079 0.233079 0.233078 0.233080 0.233081 0.233079 0.233078 0.000000 0.000000
0.000000 0.000000 0.227703 0.227703 0.227706 0.227705 0.227702 0.227703 0.227703 0.227702 0.227702 0.227702 0.227703 0.227703 0.227702 0.227705 0.227706 0.227703 0.227703 0.000000 0.000000
0.000000 0.000000 0.222428 0.222428 0.222430 0.222429 0.222427 0.222428 0.222428 0.222427 0.222426 0.222427 0.222428 0.222428 0.222427 0.222429 0.222430 0.222428 0.222428 0.000000 0.000000
0.000000 0.000000 0.217247 0.217247 0.217249 0.217248 0.217246 0.217247 0.217247 0.217246 0.217245 0.217246 0.217247 0.217247 0.217246 0.217248 0.217249 0.217247 0.217247 0.000000 0.000000
0.000000 0.000000 0.212078 0.212077 0.212080 0.212079 0.212076 0.212077 0.212077 0.212076 0.212076 0.212076 0.212077 0.212077 0.212076 0.212079 0.212080 0.212077 0.212077 0.000000 0.000000
0.000000 0.000000 0.300000 0.300000 0.300000 0.300000 0.300000 0.300000 0.300000 0.300000 0.300000 0.300000 0.300000 0.300000 0.300000 0.300000 0.300000 0.300000 0.300000 0.000000 0.000000
0.000000 0.000000 0.000000 0.000000 0.000000 0.000000 0.000000 0.000000 0.000000 0.000000 0.000000 0.000000 0.000000 0.000000 0.000000 0.000000 0.000000 0.000000 0.000000 0.000000 0.000000