geotop/1.0zi/1.0Montebello/Templates/testdem/maps/_Eocsilt2720.asc
ncols         21
nrows         20
xllcorner     100.000000
yllcorner     100.000000
cellsize      50.000000
NODATA_value  -9999.0
0.000000 0.000000 0.000000 0.000000 0.000000 0.000000 0.000000 0.000000 0.000000 0.000000 0.000000 0.000000 0.000000 0.000000 0.000000 0.000000 0.000000 0.000000 0.000000 0.000000 0.000000
0.000000 0.000000 0.350066 0.350066 0.350066 0.350066 0.350066 0.350066 0.350066 0.350066 0.350065 0.350066 0.350066 0.350066 0.350066 0.350066 0.350066 0.350066 0.350066 0.000000 0.000000
0.000000 0.000000 0.349999 0.349999 0.349999 0.349999 0.349999 0.349999 0.349999 0.349999 0.349999 0.349999 0.349999 0.349999 0.349999 0.349999 0.349999 0.349999 0.349999 0.000000 0.000000
0.000000 0.000000 0.350907 0.350906 0.350904 0.350905 0.350907 0.350907 0.350907 0.350907 0.350907 0.350907 0.350907 0.350907 0.350907 0.350905 0.350904 0.350906 0.350907 0.000000 0.000000
0.000000 0.000000 0.354488 0.354488 0.354486 0.354486 0.354489 0.354488 0.354488 0.354489 0.354489 0.354489 0.354488 0.354488 0.354489 0.354486 0.354486 0.354488 0.354488 0.000000 0.000000
0.000000 0.000000 0.359123 0.359122 0.359121 0.359121 0.359123 0.359122 0.359122 0.359123 0.359124 0.359123 0.359122 0.359122 0.359123 0.359121 0.359121 0.359122 0.359123 0.000000 0.000000
0.000000 0.000000 0.363365 0.363365 0.363364 0.363364 0.363366 0.363365 0.363365 0.363366 0.363366 0.363366 0.363365 0.363365 0.363366 0.363364 0.363364 0.363365 0.363365 0.000000 0.000000
0.000000 0.000000 0.367229 0.367228 0.367227 0.367227 0.367229 0.367228 0.367229 0.367229 0.367230 0.367229 0.367229 0.367228 0.367229 0.367227 0.367227 0.367228 0.367229 0.000000 0.000000
0.000000 0.000000 0.370819 0.370818 0.370817 0.370817 0.370819 0.370818 0.370818 0.370819 0.370819 0.370819 0.370818 0.370818 0.370819 0.370817 0.370817 0.370818 0.370819 0.000000 0.000000
0.000000 0.000000 0.374218 0.374218 0.374217 0.374217 0.374218 0.374218 0.374218 0.374219 0.374219 0.374219 0.374218 0.374218 0.374218 0.374217 0.374217 0.374218 0.374218 0.000000 0.000000
0.000000 0.000000 0.377469 0.377469 0.377467 0.377468 0.377469 0.377469 0.377469 0.377469 0.377470 0.377469 0.377469 0.377469 0.377469 0.377468 0.377467 0.377469 0.377469 0.000000 0.000000
0.000000 0.000000 0.380602 0.380602 0.380601 0.380601 0.380603 0.380602 0.380602 0.380603 0.380603 0.380603 0.380602 0.380602 0.380603 0.380601 0.380601 0.380602 0.380602 0.000000 0.000000
0.000000 0.000000 0.383641 0.383641 0.383640 0.383640 0.383642 0.383641 0.383641 0.383642 0.383642 0.383642 0.383641 0.383641 0.383642 0.383640 0.383640 0.383641 0.383641 0.000000 0.000000
0.000000 0.000000 0.386603 0.386602 0.386601 0.386602 0.386603 0.386602 0.386602 0.386603 0.386603 0.386603 0.386602 0.386602 0.386603 0.386602 0.386601 0.386602 0.386603 0.000000 0.000000
0.000000 0.000000 0.389494 0.389494 0.389493 0.389493 0.389494 0.389494 0.389494 0.389494 0.389495 0.389494 0.389494 0.389494 0.389494 0.389493 0.389493 0.389494 0.389494 0.000000 0.000000
0.000000 0.000000 0.392321 0.392321 0.392320 0.392320 0.392322 0.392321 0.392321 0.392322 0.392322 0.392322 0.392321 0.392321 0.392322 0.392320 0.392320 0.392321 0.392321 0.000000 0.000000
0.000000 0.000000 0.395088 0.395088 0.395087 0.395088 0.395089 0.395088 0.395088 0.395089 0.395089 0.395089 0.395088 0.395088 0.395089 0.395088 0.395087 0.395088 0.395088 0.000000 0.000000
0.000000 0.000000 0.397836 0.397836 0.397835 0.397835 0.397836 0.397836 0.397836 0.397836 0.397837 0.397836 0.397836 0.397836 0.397836 0.397835 0.397835 0.397836 0.397836 0.000000 0.000000
0.000000 0.000000 0.350000 0.350000 0.350000 0.350000 0.350000 0.350000 0.350000 0.350000 0.350000 0.350000 0.350000 0.350000 0.350000 0.350000 0.350000 0.350000 0.350000 0.000000 0.000000
0.000000 0.000000 0.000000 0.000000 0.000000 0.000000 0.000000 0.000000 0.000000 0.000000 0.000000 0.000000 0.000000 0.000000 0.000000 0.000000 0.000000 0.000000 0.000000 0.000000 0.000000