geotop/1.0zi/1.0Montebello/Templates/testdem/maps/_Eocsand2810.asc
ncols         21
nrows         20
xllcorner     100.000000
yllcorner     100.000000
cellsize      50.000000
NODATA_value  -9999.0
0.000000 0.000000 0.000000 0.000000 0.000000 0.000000 0.000000 0.000000 0.000000 0.000000 0.000000 0.000000 0.000000 0.000000 0.000000 0.000000 0.000000 0.000000 0.000000 0.000000 0.000000
0.000000 0.000000 0.300083 0.300083 0.300083 0.300083 0.300083 0.300083 0.300083 0.300083 0.300084 0.300083 0.300083 0.300083 0.300083 0.300083 0.300083 0.300083 0.300083 0.000000 0.000000
0.000000 0.000000 0.300010 0.300010 0.300010 0.300009 0.300010 0.300010 0.300010 0.300010 0.300008 0.300010 0.300010 0.300010 0.300010 0.300009 0.300010 0.300010 0.300010 0.000000 0.000000
0.000000 0.000000 0.298012 0.298013 0.298017 0.298015 0.298011 0.298012 0.298012 0.298011 0.298011 0.298011 0.298012 0.298012 0.298011 0.298015 0.298017 0.298013 0.298012 0.000000 0.000000
0.000000 0.000000 0.289967 0.289969 0.289972 0.289972 0.289966 0.289968 0.289968 0.289965 0.289965 0.289965 0.289968 0.289968 0.289966 0.289972 0.289972 0.289969 0.289967 0.000000 0.000000
0.000000 0.000000 0.280338 0.280339 0.280342 0.280341 0.280336 0.280338 0.280338 0.280336 0.280335 0.280336 0.280338 0.280338 0.280336 0.280341 0.280342 0.280339 0.280338 0.000000 0.000000
0.000000 0.000000 0.271412 0.271413 0.271415 0.271415 0.271411 0.271412 0.271412 0.271410 0.271410 0.271410 0.271412 0.271412 0.271411 0.271415 0.271415 0.271413 0.271412 0.000000 0.000000
0.000000 0.000000 0.263280 0.263281 0.263283 0.263282 0.263279 0.263280 0.263280 0.263279 0.263278 0.263279 0.263280 0.263280 0.263279 0.263282 0.263283 0.263281 0.263280 0.000000 0.000000
0.000000 0.000000 0.255734 0.255734 0.255737 0.255736 0.255733 0.255734 0.255734 0.255732 0.255732 0.255732 0.255734 0.255734 0.255733 0.255736 0.255737 0.255734 0.255734 0.000000 0.000000
0.000000 0.000000 0.248595 0.248595 0.248598 0.248597 0.248594 0.248595 0.248595 0.248594 0.248593 0.248594 0.248595 0.248595 0.248594 0.248597 0.248598 0.248595 0.248595 0.000000 0.000000
0.000000 0.000000 0.241780 0.241780 0.241782 0.241782 0.241779 0.241780 0.241780 0.241779 0.241778 0.241779 0.241780 0.241780 0.241779 0.241782 0.241782 0.241780 0.241780 0.000000 0.000000
0.000000 0.000000 0.235222 0.235222 0.235224 0.235224 0.235221 0.235222 0.235222 0.235221 0.235220 0.235221 0.235222 0.235222 0.235221 0.235224 0.235224 0.235222 0.235222 0.000000 0.000000
0.000000 0.000000 0.228871 0.228872 0.228874 0.228873 0.228870 0.228871 0.228871 0.228870 0.228870 0.228870 0.228871 0.228871 0.228870 0.228873 0.228874 0.228872 0.228871 0.000000 0.000000
0.000000 0.000000 0.222685 0.222685 0.222687 0.222687 0.222684 0.222685 0.222685 0.222684 0.222683 0.222684 0.222685 0.222685 0.222684 0.222687 0.222687 0.222685 0.222685 0.000000 0.000000
0.000000 0.000000 0.216647 0.216647 0.216649 0.216648 0.216646 0.216647 0.216647 0.216646 0.216645 0.216646 0.216647 0.216647 0.216646 0.216648 0.216649 0.216647 0.216647 0.000000 0.000000
0.000000 0.000000 0.210746 0.210746 0.210749 0.210748 0.210745 0.210746 0.210746 0.210745 0.210745 0.210745 0.210746 0.210746 0.210745 0.210748 0.210749 0.210746 0.210746 0.000000 0.000000
0.000000 0.000000 0.204973 0.204974 0.204976 0.204975 0.204973 0.204974 0.204974 0.204973 0.204972 0.204973 0.204974 0.204974 0.204973 0.204975 0.204976 0.204974 0.204973 0.000000 0.000000
0.000000 0.000000 0.199223 0.199223 0.199225 0.199224 0.199222 0.199223 0.199223 0.199222 0.199221 0.199222 0.199223 0.199223 0.199222 0.199224 0.199225 0.199223 0.199222 0.000000 0.000000
0.000000 0.000000 0.300000 0.300000 0.300000 0.300000 0.300000 0.300000 0.300000 0.300000 0.300000 0.300000 0.300000 0.300000 0.300000 0.300000 0.300000 0.300000 0.300000 0.000000 0.000000
0.000000 0.000000 0.000000 0.000000 0.000000 0.000000 0.000000 0.000000 0.000000 0.000000 0.000000 0.000000 0.000000 0.000000 0.000000 0.000000 0.000000 0.000000 0.000000 0.000000 0.000000