geotop/1.0zi/1.0Montebello/Templates/testdem/maps/_Eocsand2397.asc
ncols         21
nrows         20
xllcorner     100.000000
yllcorner     100.000000
cellsize      50.000000
NODATA_value  -9999.0
0.000000 0.000000 0.000000 0.000000 0.000000 0.000000 0.000000 0.000000 0.000000 0.000000 0.000000 0.000000 0.000000 0.000000 0.000000 0.000000 0.000000 0.000000 0.000000 0.000000 0.000000
0.000000 0.000000 0.300072 0.300072 0.300072 0.300072 0.300072 0.300072 0.300072 0.300072 0.300073 0.300072 0.300072 0.300072 0.300072 0.300072 0.300072 0.300072 0.300072 0.000000 0.000000
0.000000 0.000000 0.300013 0.300013 0.300013 0.300012 0.300013 0.300013 0.300013 0.300013 0.300011 0.300013 0.300013 0.300013 0.300013 0.300012 0.300013 0.300013 0.300013 0.000000 0.000000
0.000000 0.000000 0.298472 0.298473 0.298477 0.298475 0.298472 0.298472 0.298472 0.298472 0.298472 0.298472 0.298472 0.298472 0.298472 0.298475 0.298477 0.298473 0.298472 0.000000 0.000000
0.000000 0.000000 0.291979 0.291981 0.291984 0.291984 0.291978 0.291980 0.291980 0.291977 0.291977 0.291977 0.291980 0.291980 0.291978 0.291984 0.291984 0.291981 0.291979 0.000000 0.000000
0.000000 0.000000 0.284002 0.284003 0.284006 0.284006 0.284001 0.284003 0.284003 0.284001 0.284000 0.284001 0.284003 0.284003 0.284001 0.284006 0.284006 0.284003 0.284002 0.000000 0.000000
0.000000 0.000000 0.276551 0.276552 0.276554 0.276554 0.276550 0.276551 0.276551 0.276550 0.276549 0.276550 0.276551 0.276551 0.276550 0.276554 0.276554 0.276552 0.276551 0.000000 0.000000
0.000000 0.000000 0.269720 0.269721 0.269723 0.269722 0.269719 0.269720 0.269720 0.269719 0.269718 0.269719 0.269720 0.269720 0.269719 0.269722 0.269723 0.269721 0.269720 0.000000 0.000000
0.000000 0.000000 0.263346 0.263347 0.263349 0.263348 0.263345 0.263346 0.263346 0.263345 0.263344 0.263345 0.263346 0.263346 0.263345 0.263348 0.263349 0.263347 0.263346 0.000000 0.000000
0.000000 0.000000 0.257284 0.257284 0.257287 0.257286 0.257283 0.257284 0.257284 0.257283 0.257282 0.257283 0.257284 0.257284 0.257283 0.257286 0.257287 0.257284 0.257284 0.000000 0.000000
0.000000 0.000000 0.251462 0.251462 0.251465 0.251464 0.251461 0.251462 0.251462 0.251461 0.251461 0.251461 0.251462 0.251462 0.251461 0.251464 0.251465 0.251462 0.251462 0.000000 0.000000
0.000000 0.000000 0.245826 0.245827 0.245829 0.245828 0.245826 0.245827 0.245827 0.245825 0.245825 0.245825 0.245827 0.245827 0.245826 0.245828 0.245829 0.245827 0.245826 0.000000 0.000000
0.000000 0.000000 0.240336 0.240336 0.240338 0.240338 0.240335 0.240336 0.240336 0.240335 0.240334 0.240335 0.240336 0.240336 0.240335 0.240338 0.240338 0.240336 0.240336 0.000000 0.000000
0.000000 0.000000 0.234965 0.234966 0.234968 0.234967 0.234965 0.234966 0.234966 0.234965 0.234964 0.234965 0.234966 0.234966 0.234965 0.234967 0.234968 0.234966 0.234965 0.000000 0.000000
0.000000 0.000000 0.229697 0.229697 0.229700 0.229699 0.229696 0.229697 0.229697 0.229696 0.229696 0.229696 0.229697 0.229697 0.229696 0.229699 0.229700 0.229697 0.229697 0.000000 0.000000
0.000000 0.000000 0.224523 0.224524 0.224526 0.224525 0.224523 0.224524 0.224523 0.224522 0.224522 0.224522 0.224523 0.224524 0.224523 0.224525 0.224526 0.224524 0.224523 0.000000 0.000000
0.000000 0.000000 0.219441 0.219441 0.219444 0.219443 0.219440 0.219441 0.219441 0.219440 0.219440 0.219440 0.219441 0.219441 0.219440 0.219443 0.219444 0.219441 0.219441 0.000000 0.000000
0.000000 0.000000 0.214377 0.214377 0.214379 0.214378 0.214376 0.214377 0.214377 0.214375 0.214375 0.214375 0.214377 0.214377 0.214376 0.214378 0.214379 0.214377 0.214376 0.000000 0.000000
0.000000 0.000000 0.300000 0.300000 0.300000 0.300000 0.300000 0.300000 0.300000 0.300000 0.300000 0.300000 0.300000 0.300000 0.300000 0.300000 0.300000 0.300000 0.300000 0.000000 0.000000
0.000000 0.000000 0.000000 0.000000 0.000000 0.000000 0.000000 0.000000 0.000000 0.000000 0.000000 0.000000 0.000000 0.000000 0.000000 0.000000 0.000000 0.000000 0.000000 0.000000 0.000000