geotop/1.0zi/1.0Montebello/Templates/testdem/maps/_Eocclay119g.asc
ncols         21
nrows         20
xllcorner     100.000000
yllcorner     100.000000
cellsize      50.000000
NODATA_value  -9999.0
0.000000 0.000000 0.000000 0.000000 0.000000 0.000000 0.000000 0.000000 0.000000 0.000000 0.000000 0.000000 0.000000 0.000000 0.000000 0.000000 0.000000 0.000000 0.000000 0.000000 0.000000
0.000000 0.000000 0.349471 0.349473 0.349473 0.349472 0.349474 0.349474 0.349473 0.349474 0.349473 0.349474 0.349474 0.349473 0.349474 0.349473 0.349472 0.349472 0.349473 0.000000 0.000000
0.000000 0.000000 0.349977 0.349976 0.349975 0.349978 0.349975 0.349975 0.349975 0.349975 0.349975 0.349976 0.349975 0.349975 0.349976 0.349977 0.349977 0.349976 0.349975 0.000000 0.000000
0.000000 0.000000 0.350125 0.350137 0.350132 0.350128 0.350133 0.350132 0.350132 0.350130 0.350130 0.350128 0.350129 0.350130 0.350131 0.350134 0.350134 0.350133 0.350132 0.000000 0.000000
0.000000 0.000000 0.352200 0.352187 0.352180 0.352167 0.352144 0.352137 0.352134 0.352134 0.352131 0.352137 0.352137 0.352136 0.352145 0.352152 0.352165 0.352175 0.352184 0.000000 0.000000
0.000000 0.000000 0.357218 0.357213 0.357186 0.357142 0.357106 0.357071 0.357074 0.357068 0.357062 0.357063 0.357070 0.357067 0.357084 0.357122 0.357140 0.357158 0.357163 0.000000 0.000000
0.000000 0.000000 0.363877 0.363866 0.363846 0.363801 0.363756 0.363682 0.363677 0.363671 0.363663 0.363665 0.363665 0.363664 0.363720 0.363762 0.363786 0.363807 0.363814 0.000000 0.000000
0.000000 0.000000 0.371919 0.371905 0.371882 0.371820 0.371769 0.371699 0.371692 0.371685 0.371674 0.371673 0.371669 0.371679 0.371728 0.371775 0.371816 0.371830 0.371845 0.000000 0.000000
0.000000 0.000000 0.381066 0.381045 0.381009 0.380961 0.380900 0.380815 0.380813 0.380799 0.380785 0.380782 0.380784 0.380778 0.380851 0.380910 0.380943 0.380961 0.380973 0.000000 0.000000
0.000000 0.000000 0.391700 0.391664 0.391631 0.391578 0.391505 0.391414 0.391401 0.391394 0.391370 0.391378 0.391391 0.391385 0.391443 0.391522 0.391565 0.391586 0.391590 0.000000 0.000000
0.000000 0.000000 0.404521 0.404487 0.404458 0.404326 0.404298 0.404165 0.404185 0.404122 0.404125 0.404114 0.404089 0.404124 0.404194 0.404243 0.404307 0.404335 0.404389 0.000000 0.000000
0.000000 0.000000 0.420284 0.420208 0.420115 0.420067 0.420001 0.419826 0.419797 0.419811 0.419816 0.419764 0.419791 0.419771 0.419915 0.420009 0.420036 0.420065 0.420171 0.000000 0.000000
0.000000 0.000000 0.437967 0.437902 0.437894 0.437755 0.437674 0.437198 0.437166 0.437137 0.436942 0.437078 0.437072 0.437115 0.437449 0.437516 0.437697 0.437722 0.437696 0.000000 0.000000
0.000000 0.000000 0.457257 0.457248 0.457095 0.457042 0.456492 0.456817 0.456686 0.456692 0.456811 0.456694 0.456678 0.456600 0.456327 0.456946 0.456921 0.457066 0.457141 0.000000 0.000000
0.000000 0.000000 0.471418 0.471381 0.471322 0.470945 0.471128 0.470879 0.470831 0.470806 0.470707 0.470688 0.470731 0.470735 0.470952 0.470763 0.471255 0.471138 0.471111 0.000000 0.000000
0.000000 0.000000 0.480411 0.480387 0.480168 0.480167 0.480176 0.480118 0.480191 0.480160 0.480183 0.480166 0.480138 0.480186 0.480212 0.480202 0.480110 0.480383 0.480370 0.000000 0.000000
0.000000 0.000000 0.487444 0.487285 0.487268 0.487167 0.487110 0.487049 0.487019 0.487020 0.486970 0.486969 0.486992 0.486975 0.487034 0.487070 0.487223 0.487182 0.487325 0.000000 0.000000
0.000000 0.000000 0.491023 0.491145 0.491158 0.491166 0.491179 0.491063 0.491115 0.491076 0.491136 0.491121 0.491098 0.491134 0.491216 0.491202 0.491140 0.491178 0.491046 0.000000 0.000000
0.000000 0.000000 0.350000 0.350000 0.350000 0.350000 0.350000 0.350000 0.350000 0.350000 0.350000 0.350000 0.350000 0.350000 0.350000 0.350000 0.350000 0.350000 0.350000 0.000000 0.000000
0.000000 0.000000 0.000000 0.000000 0.000000 0.000000 0.000000 0.000000 0.000000 0.000000 0.000000 0.000000 0.000000 0.000000 0.000000 0.000000 0.000000 0.000000 0.000000 0.000000 0.000000