geotop/1.0zi/1.0Montebello/Templates/testdem/maps/_Eocsand6960.asc
ncols         21
nrows         20
xllcorner     100.000000
yllcorner     100.000000
cellsize      50.000000
NODATA_value  -9999.0
0.000000 0.000000 0.000000 0.000000 0.000000 0.000000 0.000000 0.000000 0.000000 0.000000 0.000000 0.000000 0.000000 0.000000 0.000000 0.000000 0.000000 0.000000 0.000000 0.000000 0.000000
0.000000 0.000000 0.300173 0.300171 0.300170 0.300171 0.300170 0.300170 0.300170 0.300170 0.300171 0.300170 0.300171 0.300171 0.300170 0.300170 0.300172 0.300172 0.300171 0.000000 0.000000
0.000000 0.000000 0.300010 0.300010 0.300010 0.300009 0.300010 0.300010 0.300010 0.300010 0.300010 0.300010 0.300009 0.300010 0.300010 0.300010 0.300011 0.300011 0.300012 0.000000 0.000000
0.000000 0.000000 0.299964 0.299962 0.299967 0.299972 0.299969 0.299970 0.299967 0.299970 0.299967 0.299970 0.299970 0.299970 0.299969 0.299964 0.299963 0.299960 0.299961 0.000000 0.000000
0.000000 0.000000 0.298571 0.298567 0.298574 0.298586 0.298604 0.298614 0.298615 0.298615 0.298617 0.298614 0.298618 0.298615 0.298596 0.298592 0.298587 0.298579 0.298566 0.000000 0.000000
0.000000 0.000000 0.294380 0.294379 0.294398 0.294436 0.294462 0.294502 0.294501 0.294512 0.294504 0.294502 0.294500 0.294501 0.294485 0.294458 0.294438 0.294420 0.294407 0.000000 0.000000
0.000000 0.000000 0.288267 0.288273 0.288290 0.288332 0.288385 0.288445 0.288444 0.288452 0.288449 0.288448 0.288452 0.288448 0.288399 0.288351 0.288325 0.288302 0.288286 0.000000 0.000000
0.000000 0.000000 0.280949 0.280951 0.280963 0.281011 0.281061 0.281126 0.281126 0.281133 0.281134 0.281137 0.281141 0.281130 0.281077 0.281031 0.280989 0.280979 0.280954 0.000000 0.000000
0.000000 0.000000 0.273276 0.273288 0.273312 0.273341 0.273394 0.273464 0.273459 0.273475 0.273479 0.273480 0.273480 0.273483 0.273416 0.273359 0.273327 0.273313 0.273293 0.000000 0.000000
0.000000 0.000000 0.265371 0.265386 0.265398 0.265425 0.265500 0.265562 0.265560 0.265568 0.265578 0.265571 0.265562 0.265569 0.265513 0.265449 0.265412 0.265403 0.265387 0.000000 0.000000
0.000000 0.000000 0.257029 0.257039 0.257051 0.257111 0.257160 0.257233 0.257216 0.257255 0.257251 0.257249 0.257263 0.257240 0.257193 0.257153 0.257108 0.257085 0.257050 0.000000 0.000000
0.000000 0.000000 0.248056 0.248079 0.248106 0.248147 0.248199 0.248287 0.248288 0.248303 0.248282 0.248309 0.248304 0.248297 0.248213 0.248169 0.248138 0.248123 0.248040 0.000000 0.000000
0.000000 0.000000 0.238623 0.238647 0.238659 0.238709 0.238755 0.238956 0.238958 0.238973 0.239020 0.238996 0.238983 0.238966 0.238815 0.238771 0.238697 0.238691 0.238637 0.000000 0.000000
0.000000 0.000000 0.228040 0.228050 0.228087 0.228125 0.228345 0.228370 0.228417 0.228419 0.228418 0.228422 0.228426 0.228434 0.228429 0.228198 0.228146 0.228087 0.228027 0.000000 0.000000
0.000000 0.000000 0.216018 0.216036 0.216087 0.216342 0.216377 0.216503 0.216579 0.216593 0.216635 0.216666 0.216639 0.216652 0.216538 0.216477 0.216135 0.216173 0.216146 0.000000 0.000000
0.000000 0.000000 0.202978 0.202998 0.203351 0.203342 0.203358 0.203431 0.203328 0.203374 0.203322 0.203357 0.203405 0.203324 0.203283 0.203260 0.203393 0.202926 0.202924 0.000000 0.000000
0.000000 0.000000 0.187266 0.187793 0.187840 0.188005 0.188266 0.188354 0.188439 0.188426 0.188556 0.188554 0.188490 0.188542 0.188415 0.188217 0.187872 0.187942 0.187400 0.000000 0.000000
0.000000 0.000000 0.177817 0.177551 0.177055 0.177129 0.177220 0.177693 0.177676 0.177793 0.177653 0.177689 0.177684 0.177649 0.177228 0.177161 0.176974 0.177445 0.177686 0.000000 0.000000
0.000000 0.000000 0.300000 0.300000 0.300000 0.300000 0.300000 0.300000 0.300000 0.300000 0.300000 0.300000 0.300000 0.300000 0.300000 0.300000 0.300000 0.300000 0.300000 0.000000 0.000000
0.000000 0.000000 0.000000 0.000000 0.000000 0.000000 0.000000 0.000000 0.000000 0.000000 0.000000 0.000000 0.000000 0.000000 0.000000 0.000000 0.000000 0.000000 0.000000 0.000000 0.000000