geotop/1.0zi/1.0Montebello/Templates/testdem/maps/_Eocsand3184.asc
ncols         21
nrows         20
xllcorner     100.000000
yllcorner     100.000000
cellsize      50.000000
NODATA_value  -9999.0
0.000000 0.000000 0.000000 0.000000 0.000000 0.000000 0.000000 0.000000 0.000000 0.000000 0.000000 0.000000 0.000000 0.000000 0.000000 0.000000 0.000000 0.000000 0.000000 0.000000 0.000000
0.000000 0.000000 0.300088 0.300088 0.300087 0.300088 0.300087 0.300088 0.300088 0.300087 0.300089 0.300087 0.300088 0.300088 0.300087 0.300088 0.300087 0.300088 0.300088 0.000000 0.000000
0.000000 0.000000 0.300011 0.300011 0.300011 0.300011 0.300011 0.300011 0.300011 0.300011 0.300009 0.300011 0.300011 0.300011 0.300011 0.300011 0.300011 0.300011 0.300011 0.000000 0.000000
0.000000 0.000000 0.297435 0.297436 0.297440 0.297438 0.297435 0.297435 0.297436 0.297435 0.297434 0.297435 0.297436 0.297435 0.297435 0.297438 0.297440 0.297436 0.297435 0.000000 0.000000
0.000000 0.000000 0.287848 0.287849 0.287853 0.287853 0.287847 0.287849 0.287849 0.287846 0.287845 0.287846 0.287849 0.287849 0.287847 0.287853 0.287853 0.287849 0.287848 0.000000 0.000000
0.000000 0.000000 0.276772 0.276774 0.276777 0.276777 0.276772 0.276773 0.276773 0.276771 0.276770 0.276771 0.276773 0.276773 0.276772 0.276777 0.276777 0.276774 0.276772 0.000000 0.000000
0.000000 0.000000 0.266591 0.266592 0.266595 0.266595 0.266591 0.266592 0.266592 0.266591 0.266590 0.266591 0.266592 0.266592 0.266591 0.266595 0.266595 0.266592 0.266591 0.000000 0.000000
0.000000 0.000000 0.257359 0.257360 0.257363 0.257362 0.257359 0.257360 0.257360 0.257359 0.257357 0.257359 0.257360 0.257360 0.257359 0.257362 0.257363 0.257360 0.257359 0.000000 0.000000
0.000000 0.000000 0.248827 0.248828 0.248830 0.248830 0.248827 0.248828 0.248828 0.248826 0.248825 0.248826 0.248828 0.248828 0.248827 0.248830 0.248830 0.248828 0.248827 0.000000 0.000000
0.000000 0.000000 0.240791 0.240792 0.240794 0.240794 0.240791 0.240792 0.240792 0.240791 0.240790 0.240791 0.240792 0.240792 0.240791 0.240794 0.240794 0.240792 0.240791 0.000000 0.000000
0.000000 0.000000 0.233153 0.233154 0.233156 0.233155 0.233153 0.233154 0.233154 0.233153 0.233152 0.233153 0.233154 0.233154 0.233153 0.233155 0.233156 0.233154 0.233153 0.000000 0.000000
0.000000 0.000000 0.225839 0.225840 0.225842 0.225841 0.225839 0.225840 0.225840 0.225839 0.225838 0.225839 0.225840 0.225840 0.225839 0.225841 0.225842 0.225840 0.225839 0.000000 0.000000
0.000000 0.000000 0.218797 0.218797 0.218800 0.218799 0.218797 0.218798 0.218797 0.218796 0.218796 0.218796 0.218797 0.218798 0.218797 0.218799 0.218800 0.218797 0.218797 0.000000 0.000000
0.000000 0.000000 0.211966 0.211967 0.211969 0.211968 0.211966 0.211967 0.211967 0.211966 0.211965 0.211966 0.211967 0.211967 0.211966 0.211968 0.211969 0.211967 0.211966 0.000000 0.000000
0.000000 0.000000 0.205332 0.205333 0.205335 0.205334 0.205332 0.205333 0.205333 0.205332 0.205331 0.205332 0.205333 0.205333 0.205332 0.205334 0.205335 0.205333 0.205332 0.000000 0.000000
0.000000 0.000000 0.198883 0.198884 0.198886 0.198885 0.198883 0.198884 0.198884 0.198883 0.198882 0.198883 0.198884 0.198884 0.198883 0.198885 0.198886 0.198884 0.198883 0.000000 0.000000
0.000000 0.000000 0.192599 0.192599 0.192601 0.192601 0.192598 0.192599 0.192599 0.192598 0.192597 0.192598 0.192599 0.192599 0.192598 0.192601 0.192601 0.192599 0.192599 0.000000 0.000000
0.000000 0.000000 0.186345 0.186345 0.186347 0.186346 0.186344 0.186345 0.186345 0.186344 0.186343 0.186344 0.186345 0.186345 0.186344 0.186346 0.186347 0.186345 0.186344 0.000000 0.000000
0.000000 0.000000 0.300000 0.300000 0.300000 0.300000 0.300000 0.300000 0.300000 0.300000 0.300000 0.300000 0.300000 0.300000 0.300000 0.300000 0.300000 0.300000 0.300000 0.000000 0.000000
0.000000 0.000000 0.000000 0.000000 0.000000 0.000000 0.000000 0.000000 0.000000 0.000000 0.000000 0.000000 0.000000 0.000000 0.000000 0.000000 0.000000 0.000000 0.000000 0.000000 0.000000