geotop/1.0zi/1.0Montebello/Templates/testdem/maps/_Eocsand5394.asc
ncols         21
nrows         20
xllcorner     100.000000
yllcorner     100.000000
cellsize      50.000000
NODATA_value  -9999.0
0.000000 0.000000 0.000000 0.000000 0.000000 0.000000 0.000000 0.000000 0.000000 0.000000 0.000000 0.000000 0.000000 0.000000 0.000000 0.000000 0.000000 0.000000 0.000000 0.000000 0.000000
0.000000 0.000000 0.300134 0.300133 0.300133 0.300133 0.300133 0.300132 0.300133 0.300133 0.300133 0.300133 0.300133 0.300133 0.300133 0.300133 0.300133 0.300133 0.300133 0.000000 0.000000
0.000000 0.000000 0.300008 0.300007 0.300007 0.300007 0.300007 0.300007 0.300007 0.300007 0.300007 0.300007 0.300007 0.300006 0.300007 0.300007 0.300009 0.300009 0.300009 0.000000 0.000000
0.000000 0.000000 0.299974 0.299973 0.299975 0.299980 0.299977 0.299979 0.299977 0.299977 0.299977 0.299979 0.299978 0.299980 0.299976 0.299972 0.299974 0.299971 0.299973 0.000000 0.000000
0.000000 0.000000 0.299171 0.299167 0.299168 0.299176 0.299189 0.299197 0.299197 0.299196 0.299201 0.299197 0.299202 0.299202 0.299192 0.299192 0.299187 0.299176 0.299171 0.000000 0.000000
0.000000 0.000000 0.296408 0.296403 0.296411 0.296441 0.296455 0.296486 0.296489 0.296495 0.296488 0.296485 0.296480 0.296483 0.296476 0.296461 0.296447 0.296432 0.296425 0.000000 0.000000
0.000000 0.000000 0.292238 0.292242 0.292246 0.292278 0.292315 0.292360 0.292360 0.292365 0.292360 0.292358 0.292360 0.292359 0.292327 0.292293 0.292277 0.292259 0.292248 0.000000 0.000000
0.000000 0.000000 0.287157 0.287156 0.287155 0.287190 0.287227 0.287276 0.287275 0.287280 0.287279 0.287279 0.287282 0.287276 0.287241 0.287208 0.287179 0.287172 0.287156 0.000000 0.000000
0.000000 0.000000 0.281931 0.281937 0.281948 0.281967 0.282004 0.282056 0.282054 0.282063 0.282067 0.282064 0.282064 0.282069 0.282022 0.281985 0.281960 0.281953 0.281938 0.000000 0.000000
0.000000 0.000000 0.276694 0.276703 0.276705 0.276719 0.276771 0.276817 0.276813 0.276819 0.276826 0.276818 0.276812 0.276819 0.276782 0.276741 0.276714 0.276711 0.276701 0.000000 0.000000
0.000000 0.000000 0.271321 0.271326 0.271325 0.271361 0.271397 0.271448 0.271436 0.271461 0.271460 0.271457 0.271463 0.271451 0.271422 0.271396 0.271368 0.271352 0.271331 0.000000 0.000000
0.000000 0.000000 0.265716 0.265728 0.265740 0.265766 0.265795 0.265857 0.265853 0.265869 0.265853 0.265867 0.265865 0.265860 0.265808 0.265785 0.265765 0.265757 0.265699 0.000000 0.000000
0.000000 0.000000 0.259999 0.260010 0.260012 0.260041 0.260067 0.260187 0.260187 0.260198 0.260223 0.260208 0.260199 0.260190 0.260105 0.260084 0.260040 0.260037 0.259995 0.000000 0.000000
0.000000 0.000000 0.253846 0.253854 0.253866 0.253884 0.253995 0.254028 0.254055 0.254056 0.254067 0.254061 0.254059 0.254064 0.254050 0.253941 0.253902 0.253873 0.253831 0.000000 0.000000
0.000000 0.000000 0.247127 0.247132 0.247158 0.247270 0.247308 0.247375 0.247423 0.247429 0.247452 0.247462 0.247449 0.247460 0.247413 0.247356 0.247188 0.247201 0.247175 0.000000 0.000000
0.000000 0.000000 0.240062 0.240072 0.240213 0.240245 0.240255 0.240300 0.240276 0.240294 0.240284 0.240301 0.240316 0.240288 0.240263 0.240245 0.240244 0.240061 0.240055 0.000000 0.000000
0.000000 0.000000 0.232087 0.232277 0.232357 0.232414 0.232504 0.232552 0.232565 0.232569 0.232609 0.232617 0.232602 0.232607 0.232555 0.232488 0.232378 0.232316 0.232125 0.000000 0.000000
0.000000 0.000000 0.226069 0.226083 0.225919 0.225970 0.226039 0.226220 0.226227 0.226266 0.226247 0.226256 0.226243 0.226240 0.226074 0.226030 0.225896 0.226068 0.226042 0.000000 0.000000
0.000000 0.000000 0.300000 0.300000 0.300000 0.300000 0.300000 0.300000 0.300000 0.300000 0.300000 0.300000 0.300000 0.300000 0.300000 0.300000 0.300000 0.300000 0.300000 0.000000 0.000000
0.000000 0.000000 0.000000 0.000000 0.000000 0.000000 0.000000 0.000000 0.000000 0.000000 0.000000 0.000000 0.000000 0.000000 0.000000 0.000000 0.000000 0.000000 0.000000 0.000000 0.000000