geotop/1.0zi/1.0Montebello/Templates/testdem/maps/_Eocsand0832.asc
ncols         21
nrows         20
xllcorner     100.000000
yllcorner     100.000000
cellsize      50.000000
NODATA_value  -9999.0
0.000000 0.000000 0.000000 0.000000 0.000000 0.000000 0.000000 0.000000 0.000000 0.000000 0.000000 0.000000 0.000000 0.000000 0.000000 0.000000 0.000000 0.000000 0.000000 0.000000 0.000000
0.000000 0.000000 0.300029 0.300029 0.300029 0.300029 0.300029 0.300029 0.300029 0.300029 0.300029 0.300029 0.300029 0.300029 0.300029 0.300029 0.300029 0.300029 0.300029 0.000000 0.000000
0.000000 0.000000 0.300005 0.300005 0.300006 0.300005 0.300005 0.300005 0.300005 0.300005 0.300005 0.300005 0.300005 0.300005 0.300005 0.300005 0.300006 0.300005 0.300005 0.000000 0.000000
0.000000 0.000000 0.299351 0.299351 0.299356 0.299354 0.299350 0.299351 0.299351 0.299350 0.299350 0.299350 0.299351 0.299351 0.299350 0.299354 0.299356 0.299351 0.299351 0.000000 0.000000
0.000000 0.000000 0.296976 0.296979 0.296982 0.296983 0.296976 0.296977 0.296977 0.296976 0.296977 0.296976 0.296977 0.296977 0.296976 0.296983 0.296982 0.296979 0.296976 0.000000 0.000000
0.000000 0.000000 0.294241 0.294243 0.294246 0.294246 0.294241 0.294241 0.294242 0.294241 0.294241 0.294241 0.294242 0.294241 0.294241 0.294246 0.294246 0.294243 0.294241 0.000000 0.000000
0.000000 0.000000 0.291673 0.291674 0.291677 0.291677 0.291673 0.291673 0.291673 0.291673 0.291673 0.291673 0.291673 0.291673 0.291673 0.291677 0.291677 0.291674 0.291673 0.000000 0.000000
0.000000 0.000000 0.289291 0.289292 0.289295 0.289294 0.289291 0.289291 0.289291 0.289291 0.289291 0.289291 0.289291 0.289291 0.289291 0.289294 0.289295 0.289292 0.289291 0.000000 0.000000
0.000000 0.000000 0.287047 0.287048 0.287051 0.287050 0.287047 0.287047 0.287047 0.287047 0.287047 0.287047 0.287047 0.287047 0.287047 0.287050 0.287051 0.287048 0.287047 0.000000 0.000000
0.000000 0.000000 0.284900 0.284901 0.284904 0.284903 0.284900 0.284900 0.284901 0.284900 0.284900 0.284900 0.284901 0.284900 0.284900 0.284903 0.284904 0.284901 0.284900 0.000000 0.000000
0.000000 0.000000 0.282812 0.282813 0.282816 0.282815 0.282812 0.282812 0.282812 0.282812 0.282812 0.282812 0.282812 0.282812 0.282812 0.282815 0.282816 0.282813 0.282812 0.000000 0.000000
0.000000 0.000000 0.280760 0.280761 0.280763 0.280763 0.280760 0.280760 0.280760 0.280760 0.280760 0.280760 0.280760 0.280760 0.280760 0.280763 0.280763 0.280761 0.280760 0.000000 0.000000
0.000000 0.000000 0.278740 0.278741 0.278743 0.278743 0.278740 0.278740 0.278740 0.278740 0.278740 0.278740 0.278740 0.278740 0.278740 0.278743 0.278743 0.278741 0.278740 0.000000 0.000000
0.000000 0.000000 0.276747 0.276748 0.276750 0.276750 0.276747 0.276747 0.276747 0.276747 0.276747 0.276747 0.276747 0.276747 0.276747 0.276750 0.276750 0.276748 0.276747 0.000000 0.000000
0.000000 0.000000 0.274772 0.274772 0.274775 0.274774 0.274772 0.274772 0.274772 0.274771 0.274772 0.274771 0.274772 0.274772 0.274772 0.274774 0.274775 0.274772 0.274772 0.000000 0.000000
0.000000 0.000000 0.272808 0.272809 0.272811 0.272811 0.272808 0.272808 0.272808 0.272808 0.272808 0.272808 0.272808 0.272808 0.272808 0.272811 0.272811 0.272809 0.272808 0.000000 0.000000
0.000000 0.000000 0.270861 0.270862 0.270864 0.270864 0.270861 0.270861 0.270861 0.270861 0.270861 0.270861 0.270861 0.270861 0.270861 0.270864 0.270864 0.270862 0.270861 0.000000 0.000000
0.000000 0.000000 0.268892 0.268892 0.268895 0.268894 0.268892 0.268892 0.268892 0.268891 0.268892 0.268891 0.268892 0.268892 0.268892 0.268894 0.268895 0.268892 0.268892 0.000000 0.000000
0.000000 0.000000 0.300000 0.300000 0.300000 0.300000 0.300000 0.300000 0.300000 0.300000 0.300000 0.300000 0.300000 0.300000 0.300000 0.300000 0.300000 0.300000 0.300000 0.000000 0.000000
0.000000 0.000000 0.000000 0.000000 0.000000 0.000000 0.000000 0.000000 0.000000 0.000000 0.000000 0.000000 0.000000 0.000000 0.000000 0.000000 0.000000 0.000000 0.000000 0.000000 0.000000