geotop/1.0zi/1.0Montebello/Templates/testdem/maps/_Eocsand4631.asc
ncols         21
nrows         20
xllcorner     100.000000
yllcorner     100.000000
cellsize      50.000000
NODATA_value  -9999.0
0.000000 0.000000 0.000000 0.000000 0.000000 0.000000 0.000000 0.000000 0.000000 0.000000 0.000000 0.000000 0.000000 0.000000 0.000000 0.000000 0.000000 0.000000 0.000000 0.000000 0.000000
0.000000 0.000000 0.300112 0.300112 0.300111 0.300111 0.300111 0.300111 0.300112 0.300111 0.300111 0.300111 0.300111 0.300111 0.300111 0.300111 0.300112 0.300112 0.300112 0.000000 0.000000
0.000000 0.000000 0.300006 0.300005 0.300005 0.300005 0.300004 0.300004 0.300004 0.300004 0.300004 0.300005 0.300004 0.300004 0.300004 0.300005 0.300006 0.300006 0.300006 0.000000 0.000000
0.000000 0.000000 0.299975 0.299973 0.299976 0.299979 0.299977 0.299979 0.299977 0.299978 0.299978 0.299979 0.299979 0.299981 0.299976 0.299973 0.299973 0.299972 0.299974 0.000000 0.000000
0.000000 0.000000 0.299275 0.299273 0.299274 0.299285 0.299295 0.299301 0.299302 0.299305 0.299307 0.299302 0.299306 0.299303 0.299294 0.299294 0.299289 0.299280 0.299273 0.000000 0.000000
0.000000 0.000000 0.296861 0.296854 0.296865 0.296891 0.296903 0.296931 0.296935 0.296945 0.296936 0.296933 0.296925 0.296925 0.296918 0.296903 0.296891 0.296882 0.296873 0.000000 0.000000
0.000000 0.000000 0.293183 0.293187 0.293193 0.293220 0.293251 0.293289 0.293288 0.293296 0.293288 0.293290 0.293291 0.293287 0.293259 0.293228 0.293213 0.293200 0.293187 0.000000 0.000000
0.000000 0.000000 0.288926 0.288930 0.288932 0.288961 0.288990 0.289029 0.289025 0.289032 0.289030 0.289030 0.289035 0.289036 0.289000 0.288967 0.288948 0.288941 0.288928 0.000000 0.000000
0.000000 0.000000 0.284614 0.284621 0.284629 0.284651 0.284679 0.284722 0.284719 0.284727 0.284726 0.284723 0.284728 0.284727 0.284693 0.284656 0.284641 0.284631 0.284615 0.000000 0.000000
0.000000 0.000000 0.280316 0.280323 0.280327 0.280349 0.280383 0.280422 0.280416 0.280423 0.280422 0.280420 0.280426 0.280428 0.280390 0.280353 0.280338 0.280330 0.280317 0.000000 0.000000
0.000000 0.000000 0.275954 0.275962 0.275965 0.275983 0.276009 0.276055 0.276050 0.276061 0.276060 0.276056 0.276063 0.276064 0.276031 0.276003 0.275983 0.275974 0.275959 0.000000 0.000000
0.000000 0.000000 0.271440 0.271445 0.271455 0.271480 0.271507 0.271552 0.271552 0.271559 0.271557 0.271558 0.271562 0.271564 0.271522 0.271489 0.271471 0.271463 0.271416 0.000000 0.000000
0.000000 0.000000 0.266862 0.266870 0.266879 0.266898 0.266931 0.267024 0.267023 0.267032 0.267031 0.267029 0.267037 0.267036 0.266955 0.266916 0.266898 0.266889 0.266860 0.000000 0.000000
0.000000 0.000000 0.262010 0.262024 0.262029 0.262049 0.262143 0.262168 0.262183 0.262190 0.262188 0.262187 0.262195 0.262195 0.262168 0.262074 0.262054 0.262034 0.262017 0.000000 0.000000
0.000000 0.000000 0.256773 0.256784 0.256808 0.256890 0.256934 0.256994 0.257022 0.257032 0.257045 0.257045 0.257043 0.257054 0.257008 0.256942 0.256838 0.256842 0.256826 0.000000 0.000000
0.000000 0.000000 0.251358 0.251369 0.251469 0.251486 0.251514 0.251544 0.251548 0.251551 0.251544 0.251545 0.251561 0.251543 0.251528 0.251500 0.251498 0.251386 0.251358 0.000000 0.000000
0.000000 0.000000 0.245328 0.245462 0.245544 0.245582 0.245651 0.245689 0.245698 0.245704 0.245718 0.245716 0.245716 0.245728 0.245700 0.245619 0.245566 0.245511 0.245375 0.000000 0.000000
0.000000 0.000000 0.240629 0.240657 0.240568 0.240619 0.240678 0.240813 0.240825 0.240839 0.240832 0.240833 0.240842 0.240834 0.240713 0.240644 0.240566 0.240681 0.240627 0.000000 0.000000
0.000000 0.000000 0.300000 0.300000 0.300000 0.300000 0.300000 0.300000 0.300000 0.300000 0.300000 0.300000 0.300000 0.300000 0.300000 0.300000 0.300000 0.300000 0.300000 0.000000 0.000000
0.000000 0.000000 0.000000 0.000000 0.000000 0.000000 0.000000 0.000000 0.000000 0.000000 0.000000 0.000000 0.000000 0.000000 0.000000 0.000000 0.000000 0.000000 0.000000 0.000000 0.000000