geotop/1.0zi/1.0Montebello/Templates/testdem/maps/_Eocclay2728.asc
ncols         21
nrows         20
xllcorner     100.000000
yllcorner     100.000000
cellsize      50.000000
NODATA_value  -9999.0
0.000000 0.000000 0.000000 0.000000 0.000000 0.000000 0.000000 0.000000 0.000000 0.000000 0.000000 0.000000 0.000000 0.000000 0.000000 0.000000 0.000000 0.000000 0.000000 0.000000 0.000000
0.000000 0.000000 0.349852 0.349852 0.349852 0.349852 0.349852 0.349852 0.349852 0.349852 0.349851 0.349852 0.349852 0.349852 0.349852 0.349852 0.349852 0.349852 0.349852 0.000000 0.000000
0.000000 0.000000 0.349990 0.349990 0.349989 0.349990 0.349990 0.349990 0.349990 0.349990 0.349991 0.349990 0.349990 0.349990 0.349990 0.349990 0.349989 0.349990 0.349990 0.000000 0.000000
0.000000 0.000000 0.350850 0.350849 0.350847 0.350848 0.350850 0.350850 0.350849 0.350850 0.350850 0.350850 0.350849 0.350850 0.350850 0.350848 0.350847 0.350849 0.350850 0.000000 0.000000
0.000000 0.000000 0.354802 0.354801 0.354800 0.354800 0.354803 0.354802 0.354802 0.354804 0.354804 0.354804 0.354802 0.354802 0.354803 0.354800 0.354800 0.354801 0.354802 0.000000 0.000000
0.000000 0.000000 0.359365 0.359364 0.359363 0.359363 0.359366 0.359365 0.359365 0.359366 0.359366 0.359366 0.359365 0.359365 0.359366 0.359363 0.359363 0.359364 0.359365 0.000000 0.000000
0.000000 0.000000 0.363691 0.363691 0.363689 0.363690 0.363692 0.363691 0.363691 0.363692 0.363692 0.363692 0.363691 0.363691 0.363692 0.363690 0.363689 0.363691 0.363691 0.000000 0.000000
0.000000 0.000000 0.367656 0.367655 0.367654 0.367654 0.367656 0.367655 0.367655 0.367656 0.367657 0.367656 0.367655 0.367655 0.367656 0.367654 0.367654 0.367655 0.367656 0.000000 0.000000
0.000000 0.000000 0.371345 0.371344 0.371343 0.371343 0.371345 0.371344 0.371344 0.371345 0.371345 0.371345 0.371344 0.371344 0.371345 0.371343 0.371343 0.371344 0.371345 0.000000 0.000000
0.000000 0.000000 0.374842 0.374841 0.374840 0.374841 0.374842 0.374841 0.374841 0.374842 0.374842 0.374842 0.374841 0.374841 0.374842 0.374841 0.374840 0.374841 0.374842 0.000000 0.000000
0.000000 0.000000 0.378189 0.378189 0.378188 0.378188 0.378189 0.378189 0.378189 0.378190 0.378190 0.378190 0.378189 0.378189 0.378189 0.378188 0.378188 0.378189 0.378189 0.000000 0.000000
0.000000 0.000000 0.381419 0.381419 0.381418 0.381418 0.381419 0.381419 0.381419 0.381419 0.381420 0.381419 0.381419 0.381419 0.381419 0.381418 0.381418 0.381419 0.381419 0.000000 0.000000
0.000000 0.000000 0.384555 0.384554 0.384553 0.384554 0.384555 0.384554 0.384554 0.384555 0.384555 0.384555 0.384554 0.384554 0.384555 0.384554 0.384553 0.384554 0.384555 0.000000 0.000000
0.000000 0.000000 0.387613 0.387613 0.387612 0.387612 0.387613 0.387613 0.387613 0.387613 0.387614 0.387613 0.387613 0.387613 0.387613 0.387612 0.387612 0.387613 0.387613 0.000000 0.000000
0.000000 0.000000 0.390602 0.390602 0.390601 0.390601 0.390602 0.390602 0.390602 0.390603 0.390603 0.390603 0.390602 0.390602 0.390602 0.390601 0.390601 0.390602 0.390602 0.000000 0.000000
0.000000 0.000000 0.393529 0.393528 0.393527 0.393528 0.393529 0.393528 0.393528 0.393529 0.393529 0.393529 0.393528 0.393528 0.393529 0.393528 0.393527 0.393528 0.393529 0.000000 0.000000
0.000000 0.000000 0.396395 0.396395 0.396394 0.396394 0.396396 0.396395 0.396395 0.396396 0.396396 0.396396 0.396395 0.396395 0.396396 0.396394 0.396394 0.396395 0.396395 0.000000 0.000000
0.000000 0.000000 0.399246 0.399246 0.399245 0.399245 0.399246 0.399246 0.399246 0.399246 0.399247 0.399246 0.399246 0.399246 0.399246 0.399245 0.399245 0.399246 0.399246 0.000000 0.000000
0.000000 0.000000 0.350000 0.350000 0.350000 0.350000 0.350000 0.350000 0.350000 0.350000 0.350000 0.350000 0.350000 0.350000 0.350000 0.350000 0.350000 0.350000 0.350000 0.000000 0.000000
0.000000 0.000000 0.000000 0.000000 0.000000 0.000000 0.000000 0.000000 0.000000 0.000000 0.000000 0.000000 0.000000 0.000000 0.000000 0.000000 0.000000 0.000000 0.000000 0.000000 0.000000