geotop/1.0zi/1.0Montebello/Templates/testdem/maps/_Eocsilt1320.asc
ncols         21
nrows         20
xllcorner     100.000000
yllcorner     100.000000
cellsize      50.000000
NODATA_value  -9999.0
0.000000 0.000000 0.000000 0.000000 0.000000 0.000000 0.000000 0.000000 0.000000 0.000000 0.000000 0.000000 0.000000 0.000000 0.000000 0.000000 0.000000 0.000000 0.000000 0.000000 0.000000
0.000000 0.000000 0.350027 0.350027 0.350027 0.350027 0.350027 0.350027 0.350027 0.350027 0.350027 0.350027 0.350027 0.350027 0.350027 0.350027 0.350027 0.350027 0.350027 0.000000 0.000000
0.000000 0.000000 0.350000 0.350000 0.350000 0.350000 0.350000 0.350000 0.350000 0.350000 0.350000 0.350000 0.350000 0.350000 0.350000 0.350000 0.350000 0.350000 0.350000 0.000000 0.000000
0.000000 0.000000 0.350571 0.350570 0.350568 0.350569 0.350571 0.350571 0.350571 0.350571 0.350571 0.350571 0.350571 0.350571 0.350571 0.350569 0.350568 0.350570 0.350571 0.000000 0.000000
0.000000 0.000000 0.352408 0.352407 0.352405 0.352405 0.352408 0.352407 0.352407 0.352408 0.352408 0.352408 0.352407 0.352407 0.352408 0.352405 0.352405 0.352407 0.352408 0.000000 0.000000
0.000000 0.000000 0.354672 0.354672 0.354670 0.354670 0.354673 0.354672 0.354672 0.354673 0.354673 0.354673 0.354672 0.354672 0.354673 0.354670 0.354670 0.354672 0.354672 0.000000 0.000000
0.000000 0.000000 0.356756 0.356755 0.356754 0.356754 0.356756 0.356755 0.356755 0.356756 0.356756 0.356756 0.356755 0.356755 0.356756 0.356754 0.356754 0.356755 0.356756 0.000000 0.000000
0.000000 0.000000 0.358669 0.358669 0.358667 0.358667 0.358669 0.358669 0.358669 0.358669 0.358669 0.358669 0.358669 0.358669 0.358669 0.358667 0.358667 0.358669 0.358669 0.000000 0.000000
0.000000 0.000000 0.360463 0.360462 0.360461 0.360461 0.360463 0.360462 0.360462 0.360463 0.360463 0.360463 0.360462 0.360462 0.360463 0.360461 0.360461 0.360462 0.360463 0.000000 0.000000
0.000000 0.000000 0.362182 0.362182 0.362180 0.362181 0.362182 0.362182 0.362182 0.362182 0.362182 0.362182 0.362182 0.362182 0.362182 0.362181 0.362180 0.362182 0.362182 0.000000 0.000000
0.000000 0.000000 0.363846 0.363846 0.363844 0.363845 0.363846 0.363846 0.363846 0.363846 0.363846 0.363846 0.363846 0.363846 0.363846 0.363845 0.363844 0.363846 0.363846 0.000000 0.000000
0.000000 0.000000 0.365471 0.365471 0.365469 0.365470 0.365471 0.365471 0.365471 0.365471 0.365471 0.365471 0.365471 0.365471 0.365471 0.365470 0.365469 0.365471 0.365471 0.000000 0.000000
0.000000 0.000000 0.367068 0.367068 0.367067 0.367067 0.367069 0.367068 0.367068 0.367069 0.367069 0.367069 0.367068 0.367068 0.367069 0.367067 0.367067 0.367068 0.367068 0.000000 0.000000
0.000000 0.000000 0.368639 0.368639 0.368637 0.368638 0.368639 0.368639 0.368639 0.368639 0.368639 0.368639 0.368639 0.368639 0.368639 0.368638 0.368637 0.368639 0.368639 0.000000 0.000000
0.000000 0.000000 0.370190 0.370189 0.370188 0.370188 0.370190 0.370189 0.370189 0.370190 0.370190 0.370190 0.370189 0.370189 0.370190 0.370188 0.370188 0.370189 0.370190 0.000000 0.000000
0.000000 0.000000 0.371726 0.371725 0.371724 0.371725 0.371726 0.371726 0.371726 0.371726 0.371726 0.371726 0.371726 0.371726 0.371726 0.371725 0.371724 0.371725 0.371726 0.000000 0.000000
0.000000 0.000000 0.373246 0.373246 0.373244 0.373245 0.373246 0.373246 0.373246 0.373246 0.373246 0.373246 0.373246 0.373246 0.373246 0.373245 0.373244 0.373246 0.373246 0.000000 0.000000
0.000000 0.000000 0.374789 0.374789 0.374788 0.374788 0.374789 0.374789 0.374789 0.374789 0.374789 0.374789 0.374789 0.374789 0.374789 0.374788 0.374788 0.374789 0.374789 0.000000 0.000000
0.000000 0.000000 0.350000 0.350000 0.350000 0.350000 0.350000 0.350000 0.350000 0.350000 0.350000 0.350000 0.350000 0.350000 0.350000 0.350000 0.350000 0.350000 0.350000 0.000000 0.000000
0.000000 0.000000 0.000000 0.000000 0.000000 0.000000 0.000000 0.000000 0.000000 0.000000 0.000000 0.000000 0.000000 0.000000 0.000000 0.000000 0.000000 0.000000 0.000000 0.000000 0.000000