geotop/1.0zi/1.0Montebello/Templates/testdem/maps/_Eocclay8469.asc
ncols         21
nrows         20
xllcorner     100.000000
yllcorner     100.000000
cellsize      50.000000
NODATA_value  -9999.0
0.000000 0.000000 0.000000 0.000000 0.000000 0.000000 0.000000 0.000000 0.000000 0.000000 0.000000 0.000000 0.000000 0.000000 0.000000 0.000000 0.000000 0.000000 0.000000 0.000000 0.000000
0.000000 0.000000 0.349613 0.349614 0.349614 0.349613 0.349615 0.349615 0.349615 0.349615 0.349614 0.349615 0.349615 0.349615 0.349615 0.349615 0.349613 0.349613 0.349614 0.000000 0.000000
0.000000 0.000000 0.349982 0.349981 0.349981 0.349983 0.349981 0.349981 0.349981 0.349981 0.349981 0.349981 0.349981 0.349981 0.349981 0.349982 0.349983 0.349982 0.349980 0.000000 0.000000
0.000000 0.000000 0.350006 0.350010 0.350008 0.350005 0.350009 0.350006 0.350008 0.350005 0.350008 0.350006 0.350006 0.350005 0.350007 0.350008 0.350007 0.350010 0.350008 0.000000 0.000000
0.000000 0.000000 0.351040 0.351033 0.351030 0.351024 0.351007 0.351007 0.351003 0.351004 0.351002 0.351004 0.351002 0.351005 0.351014 0.351015 0.351025 0.351027 0.351036 0.000000 0.000000
0.000000 0.000000 0.354095 0.354093 0.354075 0.354045 0.354027 0.354002 0.354004 0.353997 0.354002 0.354002 0.354007 0.354006 0.354018 0.354038 0.354054 0.354067 0.354072 0.000000 0.000000
0.000000 0.000000 0.358272 0.358265 0.358257 0.358231 0.358197 0.358155 0.358155 0.358149 0.358150 0.358152 0.358153 0.358153 0.358189 0.358219 0.358235 0.358248 0.358256 0.000000 0.000000
0.000000 0.000000 0.363220 0.363215 0.363206 0.363173 0.363142 0.363097 0.363097 0.363091 0.363091 0.363089 0.363087 0.363096 0.363133 0.363159 0.363187 0.363195 0.363209 0.000000 0.000000
0.000000 0.000000 0.368508 0.368497 0.368483 0.368463 0.368426 0.368381 0.368384 0.368374 0.368371 0.368370 0.368371 0.368370 0.368414 0.368450 0.368471 0.368481 0.368492 0.000000 0.000000
0.000000 0.000000 0.374158 0.374145 0.374138 0.374117 0.374064 0.374023 0.374023 0.374018 0.374011 0.374016 0.374022 0.374019 0.374058 0.374100 0.374125 0.374134 0.374142 0.000000 0.000000
0.000000 0.000000 0.380371 0.380364 0.380355 0.380307 0.380273 0.380219 0.380233 0.380202 0.380209 0.380207 0.380197 0.380215 0.380252 0.380277 0.380311 0.380328 0.380352 0.000000 0.000000
0.000000 0.000000 0.387329 0.387307 0.387286 0.387259 0.387214 0.387153 0.387147 0.387142 0.387155 0.387133 0.387142 0.387143 0.387209 0.387244 0.387266 0.387279 0.387335 0.000000 0.000000
0.000000 0.000000 0.394929 0.394907 0.394904 0.394856 0.394821 0.394649 0.394645 0.394637 0.394588 0.394617 0.394625 0.394641 0.394773 0.394805 0.394871 0.394876 0.394903 0.000000 0.000000
0.000000 0.000000 0.403963 0.403956 0.403920 0.403888 0.403665 0.403691 0.403647 0.403647 0.403664 0.403647 0.403644 0.403627 0.403601 0.403835 0.403865 0.403927 0.403968 0.000000 0.000000
0.000000 0.000000 0.414714 0.414690 0.414644 0.414355 0.414394 0.414249 0.414185 0.414170 0.414119 0.414088 0.414121 0.414114 0.414257 0.414231 0.414613 0.414548 0.414552 0.000000 0.000000
0.000000 0.000000 0.426490 0.426469 0.426051 0.426186 0.426148 0.426121 0.426285 0.426235 0.426323 0.426296 0.426225 0.426328 0.426326 0.426352 0.426011 0.426627 0.426618 0.000000 0.000000
0.000000 0.000000 0.440999 0.440346 0.440519 0.440259 0.439934 0.439837 0.439645 0.439690 0.439489 0.439511 0.439628 0.439508 0.439677 0.439916 0.440493 0.440085 0.440764 0.000000 0.000000
0.000000 0.000000 0.445554 0.446184 0.446713 0.446725 0.446771 0.446261 0.446358 0.446205 0.446464 0.446413 0.446370 0.446457 0.446878 0.446842 0.446809 0.446412 0.445792 0.000000 0.000000
0.000000 0.000000 0.350000 0.350000 0.350000 0.350000 0.350000 0.350000 0.350000 0.350000 0.350000 0.350000 0.350000 0.350000 0.350000 0.350000 0.350000 0.350000 0.350000 0.000000 0.000000
0.000000 0.000000 0.000000 0.000000 0.000000 0.000000 0.000000 0.000000 0.000000 0.000000 0.000000 0.000000 0.000000 0.000000 0.000000 0.000000 0.000000 0.000000 0.000000 0.000000 0.000000