geotop/1.0zi/1.0Montebello/Templates/testdem/maps/_Eocclay7251.asc
ncols         21
nrows         20
xllcorner     100.000000
yllcorner     100.000000
cellsize      50.000000
NODATA_value  -9999.0
0.000000 0.000000 0.000000 0.000000 0.000000 0.000000 0.000000 0.000000 0.000000 0.000000 0.000000 0.000000 0.000000 0.000000 0.000000 0.000000 0.000000 0.000000 0.000000 0.000000 0.000000
0.000000 0.000000 0.349671 0.349673 0.349673 0.349672 0.349673 0.349673 0.349673 0.349673 0.349672 0.349673 0.349673 0.349673 0.349673 0.349673 0.349671 0.349671 0.349672 0.000000 0.000000
0.000000 0.000000 0.349986 0.349986 0.349987 0.349988 0.349986 0.349986 0.349986 0.349986 0.349986 0.349986 0.349986 0.349985 0.349987 0.349987 0.349988 0.349987 0.349985 0.000000 0.000000
0.000000 0.000000 0.349979 0.349984 0.349980 0.349981 0.349982 0.349982 0.349984 0.349980 0.349984 0.349982 0.349982 0.349981 0.349981 0.349983 0.349981 0.349984 0.349983 0.000000 0.000000
0.000000 0.000000 0.350773 0.350771 0.350766 0.350763 0.350749 0.350746 0.350745 0.350748 0.350745 0.350745 0.350742 0.350746 0.350753 0.350754 0.350760 0.350761 0.350769 0.000000 0.000000
0.000000 0.000000 0.353124 0.353123 0.353112 0.353087 0.353075 0.353053 0.353055 0.353049 0.353052 0.353052 0.353054 0.353055 0.353063 0.353081 0.353093 0.353107 0.353114 0.000000 0.000000
0.000000 0.000000 0.356412 0.356409 0.356401 0.356381 0.356353 0.356319 0.356319 0.356313 0.356315 0.356315 0.356315 0.356316 0.356344 0.356371 0.356385 0.356396 0.356405 0.000000 0.000000
0.000000 0.000000 0.360341 0.360339 0.360332 0.360306 0.360279 0.360242 0.360243 0.360239 0.360239 0.360236 0.360234 0.360241 0.360271 0.360295 0.360316 0.360325 0.360337 0.000000 0.000000
0.000000 0.000000 0.364440 0.364434 0.364421 0.364406 0.364378 0.364341 0.364344 0.364335 0.364333 0.364331 0.364331 0.364331 0.364367 0.364397 0.364413 0.364421 0.364432 0.000000 0.000000
0.000000 0.000000 0.368705 0.368697 0.368691 0.368676 0.368635 0.368602 0.368603 0.368598 0.368593 0.368595 0.368601 0.368598 0.368629 0.368663 0.368683 0.368689 0.368698 0.000000 0.000000
0.000000 0.000000 0.373260 0.373254 0.373247 0.373216 0.373188 0.373148 0.373157 0.373135 0.373138 0.373137 0.373130 0.373144 0.373170 0.373192 0.373216 0.373230 0.373249 0.000000 0.000000
0.000000 0.000000 0.378192 0.378180 0.378165 0.378143 0.378113 0.378065 0.378065 0.378056 0.378068 0.378051 0.378054 0.378059 0.378106 0.378130 0.378147 0.378157 0.378202 0.000000 0.000000
0.000000 0.000000 0.383421 0.383408 0.383401 0.383374 0.383347 0.383233 0.383233 0.383225 0.383197 0.383210 0.383217 0.383228 0.383314 0.383339 0.383381 0.383386 0.383413 0.000000 0.000000
0.000000 0.000000 0.389356 0.389350 0.389328 0.389308 0.389179 0.389169 0.389143 0.389141 0.389143 0.389138 0.389136 0.389132 0.389133 0.389268 0.389296 0.389331 0.389364 0.000000 0.000000
0.000000 0.000000 0.396174 0.396163 0.396134 0.395983 0.395968 0.395893 0.395851 0.395842 0.395818 0.395798 0.395814 0.395809 0.395879 0.395906 0.396108 0.396086 0.396099 0.000000 0.000000
0.000000 0.000000 0.403617 0.403605 0.403391 0.403409 0.403397 0.403357 0.403426 0.403398 0.403432 0.403409 0.403379 0.403431 0.403453 0.403465 0.403367 0.403657 0.403657 0.000000 0.000000
0.000000 0.000000 0.412731 0.412402 0.412395 0.412291 0.412124 0.412070 0.412011 0.412021 0.411937 0.411938 0.411982 0.411946 0.412027 0.412151 0.412378 0.412305 0.412644 0.000000 0.000000
0.000000 0.000000 0.417764 0.417972 0.418282 0.418247 0.418207 0.417911 0.417931 0.417855 0.417954 0.417929 0.417927 0.417956 0.418216 0.418244 0.418334 0.418052 0.417858 0.000000 0.000000
0.000000 0.000000 0.350000 0.350000 0.350000 0.350000 0.350000 0.350000 0.350000 0.350000 0.350000 0.350000 0.350000 0.350000 0.350000 0.350000 0.350000 0.350000 0.350000 0.000000 0.000000
0.000000 0.000000 0.000000 0.000000 0.000000 0.000000 0.000000 0.000000 0.000000 0.000000 0.000000 0.000000 0.000000 0.000000 0.000000 0.000000 0.000000 0.000000 0.000000 0.000000 0.000000