geotop/1.0zi/1.0Montebello/Templates/testdem/maps/_Eocclay5992.asc
ncols         21
nrows         20
xllcorner     100.000000
yllcorner     100.000000
cellsize      50.000000
NODATA_value  -9999.0
0.000000 0.000000 0.000000 0.000000 0.000000 0.000000 0.000000 0.000000 0.000000 0.000000 0.000000 0.000000 0.000000 0.000000 0.000000 0.000000 0.000000 0.000000 0.000000 0.000000 0.000000
0.000000 0.000000 0.349733 0.349733 0.349734 0.349734 0.349734 0.349734 0.349734 0.349734 0.349734 0.349734 0.349734 0.349733 0.349734 0.349734 0.349733 0.349733 0.349733 0.000000 0.000000
0.000000 0.000000 0.349989 0.349990 0.349990 0.349989 0.349989 0.349989 0.349989 0.349989 0.349989 0.349989 0.349989 0.349990 0.349989 0.349989 0.349989 0.349989 0.349989 0.000000 0.000000
0.000000 0.000000 0.349984 0.349986 0.349984 0.349985 0.349987 0.349987 0.349987 0.349985 0.349987 0.349986 0.349986 0.349985 0.349986 0.349989 0.349986 0.349987 0.349986 0.000000 0.000000
0.000000 0.000000 0.350508 0.350507 0.350506 0.350502 0.350490 0.350487 0.350488 0.350489 0.350488 0.350488 0.350483 0.350485 0.350489 0.350489 0.350494 0.350497 0.350502 0.000000 0.000000
0.000000 0.000000 0.352200 0.352201 0.352195 0.352175 0.352168 0.352151 0.352152 0.352147 0.352150 0.352150 0.352154 0.352153 0.352158 0.352171 0.352178 0.352189 0.352193 0.000000 0.000000
0.000000 0.000000 0.354671 0.354669 0.354665 0.354648 0.354627 0.354598 0.354598 0.354594 0.354596 0.354598 0.354598 0.354597 0.354617 0.354640 0.354650 0.354659 0.354667 0.000000 0.000000
0.000000 0.000000 0.357672 0.357671 0.357668 0.357647 0.357627 0.357597 0.357597 0.357594 0.357595 0.357594 0.357592 0.357597 0.357620 0.357638 0.357654 0.357660 0.357669 0.000000 0.000000
0.000000 0.000000 0.360732 0.360729 0.360721 0.360709 0.360688 0.360659 0.360661 0.360656 0.360653 0.360654 0.360654 0.360652 0.360679 0.360701 0.360714 0.360718 0.360727 0.000000 0.000000
0.000000 0.000000 0.363845 0.363839 0.363836 0.363827 0.363797 0.363770 0.363772 0.363769 0.363765 0.363769 0.363773 0.363770 0.363791 0.363817 0.363831 0.363834 0.363841 0.000000 0.000000
0.000000 0.000000 0.367091 0.367088 0.367085 0.367064 0.367043 0.367013 0.367019 0.367005 0.367005 0.367007 0.367003 0.367011 0.367029 0.367045 0.367062 0.367071 0.367084 0.000000 0.000000
0.000000 0.000000 0.370511 0.370504 0.370494 0.370479 0.370460 0.370425 0.370426 0.370418 0.370426 0.370417 0.370419 0.370421 0.370454 0.370469 0.370481 0.370486 0.370520 0.000000 0.000000
0.000000 0.000000 0.374044 0.374038 0.374034 0.374016 0.373999 0.373925 0.373924 0.373918 0.373903 0.373911 0.373917 0.373923 0.373977 0.373992 0.374019 0.374021 0.374045 0.000000 0.000000
0.000000 0.000000 0.377905 0.377901 0.377890 0.377878 0.377804 0.377787 0.377771 0.377770 0.377765 0.377767 0.377768 0.377765 0.377773 0.377848 0.377870 0.377888 0.377913 0.000000 0.000000
0.000000 0.000000 0.382184 0.382178 0.382161 0.382083 0.382062 0.382018 0.381990 0.381985 0.381971 0.381963 0.381972 0.381966 0.381999 0.382033 0.382143 0.382133 0.382148 0.000000 0.000000
0.000000 0.000000 0.386733 0.386728 0.386624 0.386610 0.386605 0.386578 0.386601 0.386589 0.386598 0.386587 0.386575 0.386596 0.386612 0.386621 0.386608 0.386740 0.386743 0.000000 0.000000
0.000000 0.000000 0.391996 0.391853 0.391810 0.391769 0.391701 0.391668 0.391655 0.391654 0.391622 0.391619 0.391633 0.391626 0.391664 0.391716 0.391798 0.391820 0.391965 0.000000 0.000000
0.000000 0.000000 0.395736 0.395755 0.395884 0.395852 0.395803 0.395672 0.395670 0.395640 0.395663 0.395655 0.395663 0.395667 0.395787 0.395822 0.395904 0.395771 0.395761 0.000000 0.000000
0.000000 0.000000 0.350000 0.350000 0.350000 0.350000 0.350000 0.350000 0.350000 0.350000 0.350000 0.350000 0.350000 0.350000 0.350000 0.350000 0.350000 0.350000 0.350000 0.000000 0.000000
0.000000 0.000000 0.000000 0.000000 0.000000 0.000000 0.000000 0.000000 0.000000 0.000000 0.000000 0.000000 0.000000 0.000000 0.000000 0.000000 0.000000 0.000000 0.000000 0.000000 0.000000