geotop/1.0zi/1.0Montebello/Templates/testdem/maps/_Eocclay1982.asc
ncols         21
nrows         20
xllcorner     100.000000
yllcorner     100.000000
cellsize      50.000000
NODATA_value  -9999.0
0.000000 0.000000 0.000000 0.000000 0.000000 0.000000 0.000000 0.000000 0.000000 0.000000 0.000000 0.000000 0.000000 0.000000 0.000000 0.000000 0.000000 0.000000 0.000000 0.000000 0.000000
0.000000 0.000000 0.349896 0.349896 0.349896 0.349896 0.349896 0.349896 0.349896 0.349896 0.349896 0.349896 0.349896 0.349896 0.349896 0.349896 0.349896 0.349896 0.349896 0.000000 0.000000
0.000000 0.000000 0.349993 0.349993 0.349993 0.349993 0.349993 0.349993 0.349993 0.349993 0.349993 0.349993 0.349993 0.349993 0.349993 0.349993 0.349993 0.349993 0.349993 0.000000 0.000000
0.000000 0.000000 0.350657 0.350657 0.350655 0.350656 0.350657 0.350657 0.350657 0.350658 0.350657 0.350658 0.350657 0.350657 0.350657 0.350656 0.350655 0.350657 0.350657 0.000000 0.000000
0.000000 0.000000 0.353477 0.353476 0.353474 0.353474 0.353478 0.353477 0.353477 0.353478 0.353478 0.353478 0.353477 0.353477 0.353478 0.353474 0.353474 0.353476 0.353477 0.000000 0.000000
0.000000 0.000000 0.356744 0.356744 0.356742 0.356742 0.356745 0.356744 0.356744 0.356745 0.356745 0.356745 0.356744 0.356744 0.356745 0.356742 0.356742 0.356744 0.356744 0.000000 0.000000
0.000000 0.000000 0.359841 0.359841 0.359839 0.359840 0.359842 0.359841 0.359841 0.359842 0.359842 0.359842 0.359841 0.359841 0.359842 0.359840 0.359839 0.359841 0.359841 0.000000 0.000000
0.000000 0.000000 0.362694 0.362694 0.362692 0.362693 0.362695 0.362694 0.362694 0.362695 0.362695 0.362695 0.362694 0.362694 0.362695 0.362693 0.362692 0.362694 0.362694 0.000000 0.000000
0.000000 0.000000 0.365365 0.365365 0.365363 0.365363 0.365365 0.365365 0.365365 0.365365 0.365366 0.365365 0.365365 0.365365 0.365365 0.365363 0.365363 0.365365 0.365365 0.000000 0.000000
0.000000 0.000000 0.367917 0.367917 0.367916 0.367916 0.367918 0.367917 0.367917 0.367918 0.367918 0.367918 0.367917 0.367917 0.367918 0.367916 0.367916 0.367917 0.367917 0.000000 0.000000
0.000000 0.000000 0.370379 0.370379 0.370378 0.370378 0.370380 0.370379 0.370379 0.370380 0.370380 0.370380 0.370379 0.370379 0.370380 0.370378 0.370378 0.370379 0.370379 0.000000 0.000000
0.000000 0.000000 0.372773 0.372773 0.372772 0.372772 0.372773 0.372773 0.372773 0.372774 0.372774 0.372774 0.372773 0.372773 0.372773 0.372772 0.372772 0.372773 0.372773 0.000000 0.000000
0.000000 0.000000 0.375114 0.375114 0.375113 0.375113 0.375114 0.375114 0.375114 0.375115 0.375115 0.375115 0.375114 0.375114 0.375114 0.375113 0.375113 0.375114 0.375114 0.000000 0.000000
0.000000 0.000000 0.377408 0.377408 0.377407 0.377407 0.377409 0.377408 0.377408 0.377409 0.377409 0.377409 0.377408 0.377408 0.377409 0.377407 0.377407 0.377408 0.377408 0.000000 0.000000
0.000000 0.000000 0.379667 0.379667 0.379665 0.379666 0.379667 0.379667 0.379667 0.379667 0.379667 0.379667 0.379667 0.379667 0.379667 0.379666 0.379665 0.379667 0.379667 0.000000 0.000000
0.000000 0.000000 0.381895 0.381895 0.381894 0.381894 0.381896 0.381895 0.381895 0.381896 0.381896 0.381896 0.381895 0.381895 0.381896 0.381894 0.381894 0.381895 0.381895 0.000000 0.000000
0.000000 0.000000 0.384093 0.384093 0.384092 0.384092 0.384094 0.384093 0.384093 0.384094 0.384094 0.384094 0.384093 0.384093 0.384094 0.384092 0.384092 0.384093 0.384093 0.000000 0.000000
0.000000 0.000000 0.386297 0.386297 0.386296 0.386296 0.386298 0.386297 0.386297 0.386298 0.386298 0.386298 0.386297 0.386297 0.386298 0.386296 0.386296 0.386297 0.386297 0.000000 0.000000
0.000000 0.000000 0.350000 0.350000 0.350000 0.350000 0.350000 0.350000 0.350000 0.350000 0.350000 0.350000 0.350000 0.350000 0.350000 0.350000 0.350000 0.350000 0.350000 0.000000 0.000000
0.000000 0.000000 0.000000 0.000000 0.000000 0.000000 0.000000 0.000000 0.000000 0.000000 0.000000 0.000000 0.000000 0.000000 0.000000 0.000000 0.000000 0.000000 0.000000 0.000000 0.000000