geotop/1.0zi/1.0Montebello/Templates/testdem/maps/_Eocsilt2493.asc
ncols         21
nrows         20
xllcorner     100.000000
yllcorner     100.000000
cellsize      50.000000
NODATA_value  -9999.0
0.000000 0.000000 0.000000 0.000000 0.000000 0.000000 0.000000 0.000000 0.000000 0.000000 0.000000 0.000000 0.000000 0.000000 0.000000 0.000000 0.000000 0.000000 0.000000 0.000000 0.000000
0.000000 0.000000 0.350059 0.350059 0.350059 0.350059 0.350059 0.350059 0.350059 0.350059 0.350059 0.350059 0.350059 0.350059 0.350059 0.350059 0.350059 0.350059 0.350059 0.000000 0.000000
0.000000 0.000000 0.349998 0.349998 0.349998 0.349998 0.349998 0.349998 0.349998 0.349998 0.349998 0.349998 0.349998 0.349998 0.349998 0.349998 0.349998 0.349998 0.349998 0.000000 0.000000
0.000000 0.000000 0.350843 0.350843 0.350840 0.350841 0.350844 0.350843 0.350843 0.350844 0.350844 0.350844 0.350843 0.350843 0.350844 0.350841 0.350840 0.350843 0.350843 0.000000 0.000000
0.000000 0.000000 0.354120 0.354120 0.354118 0.354118 0.354121 0.354120 0.354120 0.354121 0.354121 0.354121 0.354120 0.354120 0.354121 0.354118 0.354118 0.354120 0.354120 0.000000 0.000000
0.000000 0.000000 0.358352 0.358351 0.358350 0.358350 0.358352 0.358351 0.358351 0.358352 0.358353 0.358352 0.358351 0.358351 0.358352 0.358350 0.358350 0.358351 0.358352 0.000000 0.000000
0.000000 0.000000 0.362219 0.362219 0.362218 0.362218 0.362220 0.362219 0.362219 0.362220 0.362220 0.362220 0.362219 0.362219 0.362220 0.362218 0.362218 0.362219 0.362219 0.000000 0.000000
0.000000 0.000000 0.365748 0.365748 0.365746 0.365747 0.365748 0.365748 0.365748 0.365749 0.365749 0.365749 0.365748 0.365748 0.365748 0.365747 0.365746 0.365748 0.365748 0.000000 0.000000
0.000000 0.000000 0.369034 0.369034 0.369033 0.369033 0.369034 0.369034 0.369034 0.369035 0.369035 0.369035 0.369034 0.369034 0.369034 0.369033 0.369033 0.369034 0.369034 0.000000 0.000000
0.000000 0.000000 0.372154 0.372154 0.372153 0.372153 0.372154 0.372154 0.372154 0.372155 0.372155 0.372155 0.372154 0.372154 0.372154 0.372153 0.372153 0.372154 0.372154 0.000000 0.000000
0.000000 0.000000 0.375145 0.375145 0.375144 0.375144 0.375145 0.375145 0.375145 0.375146 0.375146 0.375146 0.375145 0.375145 0.375145 0.375144 0.375144 0.375145 0.375145 0.000000 0.000000
0.000000 0.000000 0.378035 0.378034 0.378033 0.378034 0.378035 0.378034 0.378034 0.378035 0.378035 0.378035 0.378034 0.378034 0.378035 0.378034 0.378033 0.378034 0.378035 0.000000 0.000000
0.000000 0.000000 0.380843 0.380843 0.380842 0.380842 0.380844 0.380843 0.380843 0.380844 0.380844 0.380844 0.380843 0.380843 0.380844 0.380842 0.380842 0.380843 0.380843 0.000000 0.000000
0.000000 0.000000 0.383585 0.383585 0.383584 0.383584 0.383586 0.383585 0.383585 0.383586 0.383586 0.383586 0.383585 0.383585 0.383586 0.383584 0.383584 0.383585 0.383585 0.000000 0.000000
0.000000 0.000000 0.386271 0.386271 0.386269 0.386270 0.386271 0.386271 0.386271 0.386271 0.386271 0.386271 0.386271 0.386271 0.386271 0.386270 0.386269 0.386271 0.386271 0.000000 0.000000
0.000000 0.000000 0.388904 0.388904 0.388903 0.388903 0.388904 0.388904 0.388904 0.388905 0.388905 0.388905 0.388904 0.388904 0.388904 0.388903 0.388903 0.388904 0.388904 0.000000 0.000000
0.000000 0.000000 0.391488 0.391488 0.391487 0.391487 0.391488 0.391488 0.391488 0.391489 0.391489 0.391489 0.391488 0.391488 0.391488 0.391487 0.391487 0.391488 0.391488 0.000000 0.000000
0.000000 0.000000 0.394063 0.394063 0.394062 0.394063 0.394064 0.394063 0.394063 0.394064 0.394064 0.394064 0.394063 0.394063 0.394064 0.394063 0.394062 0.394063 0.394064 0.000000 0.000000
0.000000 0.000000 0.350000 0.350000 0.350000 0.350000 0.350000 0.350000 0.350000 0.350000 0.350000 0.350000 0.350000 0.350000 0.350000 0.350000 0.350000 0.350000 0.350000 0.000000 0.000000
0.000000 0.000000 0.000000 0.000000 0.000000 0.000000 0.000000 0.000000 0.000000 0.000000 0.000000 0.000000 0.000000 0.000000 0.000000 0.000000 0.000000 0.000000 0.000000 0.000000 0.000000