geotop/1.0zi/1.0Montebello/Templates/testdem/maps/_Eocsilt8674.asc
ncols         21
nrows         20
xllcorner     100.000000
yllcorner     100.000000
cellsize      50.000000
NODATA_value  -9999.0
0.000000 0.000000 0.000000 0.000000 0.000000 0.000000 0.000000 0.000000 0.000000 0.000000 0.000000 0.000000 0.000000 0.000000 0.000000 0.000000 0.000000 0.000000 0.000000 0.000000 0.000000
0.000000 0.000000 0.350182 0.350182 0.350183 0.350183 0.350182 0.350182 0.350182 0.350182 0.350183 0.350182 0.350182 0.350182 0.350182 0.350182 0.350183 0.350183 0.350182 0.000000 0.000000
0.000000 0.000000 0.350005 0.350005 0.350005 0.350005 0.350006 0.350005 0.350006 0.350006 0.350006 0.350006 0.350006 0.350006 0.350006 0.350005 0.350003 0.350004 0.350005 0.000000 0.000000
0.000000 0.000000 0.350104 0.350100 0.350097 0.350092 0.350093 0.350087 0.350090 0.350090 0.350087 0.350089 0.350089 0.350089 0.350092 0.350096 0.350100 0.350100 0.350102 0.000000 0.000000
0.000000 0.000000 0.351114 0.351119 0.351108 0.351094 0.351085 0.351081 0.351079 0.351077 0.351078 0.351080 0.351084 0.351083 0.351095 0.351100 0.351103 0.351113 0.351115 0.000000 0.000000
0.000000 0.000000 0.354073 0.354070 0.354060 0.354039 0.354018 0.353998 0.353996 0.353990 0.353995 0.353995 0.353999 0.353997 0.354010 0.354023 0.354037 0.354044 0.354052 0.000000 0.000000
0.000000 0.000000 0.358322 0.358314 0.358302 0.358272 0.358236 0.358200 0.358201 0.358197 0.358198 0.358198 0.358195 0.358200 0.358233 0.358261 0.358280 0.358295 0.358303 0.000000 0.000000
0.000000 0.000000 0.363347 0.363342 0.363334 0.363301 0.363268 0.363228 0.363228 0.363222 0.363222 0.363220 0.363218 0.363225 0.363261 0.363290 0.363319 0.363325 0.363339 0.000000 0.000000
0.000000 0.000000 0.368795 0.368781 0.368765 0.368742 0.368704 0.368659 0.368661 0.368652 0.368649 0.368648 0.368650 0.368648 0.368695 0.368731 0.368754 0.368766 0.368778 0.000000 0.000000
0.000000 0.000000 0.374604 0.374591 0.374580 0.374558 0.374504 0.374464 0.374465 0.374460 0.374453 0.374458 0.374464 0.374462 0.374500 0.374544 0.374570 0.374579 0.374587 0.000000 0.000000
0.000000 0.000000 0.380968 0.380960 0.380950 0.380898 0.380862 0.380811 0.380826 0.380795 0.380802 0.380799 0.380790 0.380807 0.380846 0.380872 0.380907 0.380925 0.380949 0.000000 0.000000
0.000000 0.000000 0.388129 0.388104 0.388082 0.388053 0.388005 0.387946 0.387939 0.387935 0.387950 0.387927 0.387937 0.387938 0.388006 0.388043 0.388065 0.388079 0.388136 0.000000 0.000000
0.000000 0.000000 0.395962 0.395938 0.395935 0.395882 0.395845 0.395671 0.395667 0.395660 0.395609 0.395639 0.395647 0.395664 0.395801 0.395834 0.395903 0.395908 0.395935 0.000000 0.000000
0.000000 0.000000 0.405297 0.405289 0.405249 0.405214 0.404979 0.405017 0.404970 0.404972 0.404993 0.404973 0.404969 0.404951 0.404920 0.405167 0.405196 0.405260 0.405304 0.000000 0.000000
0.000000 0.000000 0.416362 0.416335 0.416287 0.415980 0.416029 0.415876 0.415814 0.415800 0.415745 0.415713 0.415748 0.415743 0.415896 0.415861 0.416261 0.416190 0.416193 0.000000 0.000000
0.000000 0.000000 0.428266 0.428244 0.427814 0.427960 0.427913 0.427895 0.428065 0.428016 0.428109 0.428084 0.428011 0.428116 0.428109 0.428143 0.427779 0.428413 0.428405 0.000000 0.000000
0.000000 0.000000 0.442290 0.441674 0.441846 0.441588 0.441279 0.441188 0.441000 0.441045 0.440852 0.440874 0.440987 0.440870 0.441036 0.441264 0.441827 0.441423 0.442064 0.000000 0.000000
0.000000 0.000000 0.446628 0.447152 0.447604 0.447600 0.447627 0.447181 0.447263 0.447131 0.447354 0.447309 0.447274 0.447348 0.447721 0.447702 0.447689 0.447347 0.446829 0.000000 0.000000
0.000000 0.000000 0.350000 0.350000 0.350000 0.350000 0.350000 0.350000 0.350000 0.350000 0.350000 0.350000 0.350000 0.350000 0.350000 0.350000 0.350000 0.350000 0.350000 0.000000 0.000000
0.000000 0.000000 0.000000 0.000000 0.000000 0.000000 0.000000 0.000000 0.000000 0.000000 0.000000 0.000000 0.000000 0.000000 0.000000 0.000000 0.000000 0.000000 0.000000 0.000000 0.000000