geotop/1.0zi/1.0Montebello/Templates/testdem/maps/_Eocsand9825.asc
ncols         21
nrows         20
xllcorner     100.000000
yllcorner     100.000000
cellsize      50.000000
NODATA_value  -9999.0
0.000000 0.000000 0.000000 0.000000 0.000000 0.000000 0.000000 0.000000 0.000000 0.000000 0.000000 0.000000 0.000000 0.000000 0.000000 0.000000 0.000000 0.000000 0.000000 0.000000 0.000000
0.000000 0.000000 0.300241 0.300239 0.300239 0.300240 0.300239 0.300239 0.300239 0.300239 0.300240 0.300239 0.300239 0.300239 0.300239 0.300239 0.300240 0.300239 0.300239 0.000000 0.000000
0.000000 0.000000 0.300011 0.300013 0.300013 0.300011 0.300012 0.300013 0.300012 0.300012 0.300013 0.300012 0.300012 0.300012 0.300012 0.300012 0.300013 0.300013 0.300014 0.000000 0.000000
0.000000 0.000000 0.299810 0.299808 0.299817 0.299825 0.299824 0.299830 0.299822 0.299824 0.299824 0.299823 0.299821 0.299823 0.299818 0.299811 0.299808 0.299805 0.299807 0.000000 0.000000
0.000000 0.000000 0.297021 0.297021 0.297037 0.297070 0.297097 0.297107 0.297107 0.297108 0.297111 0.297104 0.297098 0.297099 0.297075 0.297061 0.297046 0.297037 0.297024 0.000000 0.000000
0.000000 0.000000 0.289409 0.289421 0.289458 0.289520 0.289584 0.289642 0.289638 0.289651 0.289650 0.289649 0.289638 0.289643 0.289608 0.289553 0.289526 0.289505 0.289493 0.000000 0.000000
0.000000 0.000000 0.278996 0.279018 0.279049 0.279123 0.279204 0.279315 0.279313 0.279324 0.279332 0.279332 0.279332 0.279329 0.279236 0.279169 0.279128 0.279099 0.279084 0.000000 0.000000
0.000000 0.000000 0.266597 0.266624 0.266655 0.266744 0.266834 0.266936 0.266933 0.266948 0.266958 0.266964 0.266967 0.266950 0.266865 0.266790 0.266723 0.266709 0.266680 0.000000 0.000000
0.000000 0.000000 0.252966 0.253003 0.253052 0.253121 0.253224 0.253345 0.253333 0.253358 0.253374 0.253378 0.253372 0.253378 0.253258 0.253168 0.253116 0.253095 0.253069 0.000000 0.000000
0.000000 0.000000 0.237895 0.237948 0.237987 0.238060 0.238174 0.238300 0.238298 0.238316 0.238342 0.238332 0.238316 0.238323 0.238225 0.238108 0.238047 0.238025 0.238012 0.000000 0.000000
0.000000 0.000000 0.220730 0.220774 0.220812 0.220976 0.221029 0.221200 0.221164 0.221248 0.221242 0.221254 0.221281 0.221235 0.221126 0.221053 0.220967 0.220937 0.220863 0.000000 0.000000
0.000000 0.000000 0.200668 0.200758 0.200859 0.200937 0.201027 0.201242 0.201245 0.201257 0.201233 0.201307 0.201271 0.201283 0.201087 0.200974 0.200928 0.200901 0.200752 0.000000 0.000000
0.000000 0.000000 0.178023 0.178108 0.178132 0.178290 0.178400 0.178967 0.178977 0.179014 0.179214 0.179093 0.179081 0.179033 0.178607 0.178510 0.178303 0.178293 0.178256 0.000000 0.000000
0.000000 0.000000 0.149969 0.150009 0.150191 0.150303 0.151094 0.150817 0.150987 0.150988 0.150885 0.150993 0.151012 0.151096 0.151349 0.150476 0.150444 0.150241 0.150120 0.000000 0.000000
0.000000 0.000000 0.118185 0.118280 0.118438 0.119455 0.119023 0.119660 0.119801 0.119869 0.120101 0.120177 0.120060 0.120055 0.119490 0.119904 0.118578 0.118891 0.118940 0.000000 0.000000
0.000000 0.000000 0.090033 0.090088 0.091171 0.090601 0.090800 0.090751 0.090274 0.090403 0.090147 0.090190 0.090396 0.090140 0.090291 0.090105 0.091335 0.089678 0.089702 0.000000 0.000000
0.000000 0.000000 0.066218 0.067010 0.066811 0.067139 0.067557 0.067690 0.067930 0.067875 0.068135 0.068105 0.067958 0.068109 0.067892 0.067578 0.066880 0.067379 0.066555 0.000000 0.000000
0.000000 0.000000 0.056131 0.056073 0.055613 0.055778 0.055937 0.056353 0.056390 0.056474 0.056409 0.056432 0.056397 0.056403 0.056020 0.055898 0.055596 0.056114 0.056164 0.000000 0.000000
0.000000 0.000000 0.300000 0.300000 0.300000 0.300000 0.300000 0.300000 0.300000 0.300000 0.300000 0.300000 0.300000 0.300000 0.300000 0.300000 0.300000 0.300000 0.300000 0.000000 0.000000
0.000000 0.000000 0.000000 0.000000 0.000000 0.000000 0.000000 0.000000 0.000000 0.000000 0.000000 0.000000 0.000000 0.000000 0.000000 0.000000 0.000000 0.000000 0.000000 0.000000 0.000000