geotop/1.0zi/1.0Montebello/Templates/testdem/maps/_Eocsand8311.asc
ncols         21
nrows         20
xllcorner     100.000000
yllcorner     100.000000
cellsize      50.000000
NODATA_value  -9999.0
0.000000 0.000000 0.000000 0.000000 0.000000 0.000000 0.000000 0.000000 0.000000 0.000000 0.000000 0.000000 0.000000 0.000000 0.000000 0.000000 0.000000 0.000000 0.000000 0.000000 0.000000
0.000000 0.000000 0.300209 0.300206 0.300206 0.300207 0.300206 0.300206 0.300206 0.300206 0.300207 0.300206 0.300206 0.300206 0.300206 0.300206 0.300208 0.300207 0.300207 0.000000 0.000000
0.000000 0.000000 0.300011 0.300012 0.300012 0.300010 0.300011 0.300012 0.300012 0.300012 0.300012 0.300012 0.300011 0.300012 0.300011 0.300011 0.300012 0.300013 0.300013 0.000000 0.000000
0.000000 0.000000 0.299893 0.299893 0.299897 0.299905 0.299900 0.299909 0.299904 0.299906 0.299906 0.299906 0.299906 0.299908 0.299903 0.299898 0.299896 0.299893 0.299894 0.000000 0.000000
0.000000 0.000000 0.297936 0.297933 0.297942 0.297957 0.297980 0.297989 0.297996 0.297994 0.297999 0.297997 0.298000 0.297994 0.297971 0.297965 0.297953 0.297939 0.297929 0.000000 0.000000
0.000000 0.000000 0.292181 0.292182 0.292204 0.292249 0.292284 0.292332 0.292333 0.292346 0.292337 0.292338 0.292334 0.292334 0.292310 0.292275 0.292246 0.292224 0.292212 0.000000 0.000000
0.000000 0.000000 0.284166 0.284173 0.284193 0.284244 0.284309 0.284384 0.284386 0.284396 0.284393 0.284394 0.284397 0.284391 0.284326 0.284267 0.284231 0.284202 0.284186 0.000000 0.000000
0.000000 0.000000 0.274663 0.274667 0.274682 0.274740 0.274803 0.274886 0.274888 0.274897 0.274899 0.274905 0.274909 0.274894 0.274823 0.274766 0.274712 0.274695 0.274669 0.000000 0.000000
0.000000 0.000000 0.264480 0.264496 0.264525 0.264563 0.264630 0.264720 0.264717 0.264736 0.264741 0.264745 0.264743 0.264745 0.264658 0.264586 0.264543 0.264520 0.264500 0.000000 0.000000
0.000000 0.000000 0.253678 0.253697 0.253711 0.253750 0.253848 0.253929 0.253930 0.253940 0.253952 0.253946 0.253934 0.253939 0.253865 0.253782 0.253731 0.253712 0.253697 0.000000 0.000000
0.000000 0.000000 0.241904 0.241916 0.241934 0.242018 0.242086 0.242183 0.242164 0.242215 0.242208 0.242211 0.242230 0.242195 0.242127 0.242075 0.242009 0.241972 0.241929 0.000000 0.000000
0.000000 0.000000 0.228786 0.228820 0.228860 0.228912 0.228991 0.229113 0.229123 0.229135 0.229108 0.229150 0.229138 0.229131 0.229005 0.228940 0.228894 0.228867 0.228759 0.000000 0.000000
0.000000 0.000000 0.214548 0.214580 0.214594 0.214672 0.214741 0.215062 0.215068 0.215087 0.215171 0.215126 0.215109 0.215079 0.214835 0.214769 0.214647 0.214631 0.214580 0.000000 0.000000
0.000000 0.000000 0.197776 0.197784 0.197850 0.197904 0.198310 0.198274 0.198360 0.198358 0.198331 0.198357 0.198369 0.198387 0.198428 0.198005 0.197938 0.197825 0.197748 0.000000 0.000000
0.000000 0.000000 0.177944 0.177979 0.178058 0.178576 0.178524 0.178785 0.178901 0.178929 0.179017 0.179078 0.179021 0.179030 0.178778 0.178798 0.178112 0.178214 0.178204 0.000000 0.000000
0.000000 0.000000 0.156220 0.156250 0.156999 0.156782 0.156841 0.156906 0.156626 0.156712 0.156563 0.156615 0.156739 0.156551 0.156543 0.156496 0.157058 0.155966 0.155984 0.000000 0.000000
0.000000 0.000000 0.129417 0.130583 0.130319 0.130761 0.131344 0.131515 0.131845 0.131767 0.132119 0.132087 0.131886 0.132085 0.131790 0.131357 0.130354 0.131011 0.129795 0.000000 0.000000
0.000000 0.000000 0.120042 0.118948 0.117975 0.117960 0.117900 0.118837 0.118676 0.118953 0.118498 0.118590 0.118662 0.118506 0.117730 0.117772 0.117791 0.118534 0.119605 0.000000 0.000000
0.000000 0.000000 0.300000 0.300000 0.300000 0.300000 0.300000 0.300000 0.300000 0.300000 0.300000 0.300000 0.300000 0.300000 0.300000 0.300000 0.300000 0.300000 0.300000 0.000000 0.000000
0.000000 0.000000 0.000000 0.000000 0.000000 0.000000 0.000000 0.000000 0.000000 0.000000 0.000000 0.000000 0.000000 0.000000 0.000000 0.000000 0.000000 0.000000 0.000000 0.000000 0.000000