geotop/1.0zi/1.0Montebello/Templates/testdem/maps/_Eocsilt4860.asc
ncols         21
nrows         20
xllcorner     100.000000
yllcorner     100.000000
cellsize      50.000000
NODATA_value  -9999.0
0.000000 0.000000 0.000000 0.000000 0.000000 0.000000 0.000000 0.000000 0.000000 0.000000 0.000000 0.000000 0.000000 0.000000 0.000000 0.000000 0.000000 0.000000 0.000000 0.000000 0.000000
0.000000 0.000000 0.350099 0.350099 0.350099 0.350099 0.350099 0.350099 0.350099 0.350099 0.350099 0.350099 0.350099 0.350099 0.350099 0.350099 0.350099 0.350099 0.350099 0.000000 0.000000
0.000000 0.000000 0.350002 0.350002 0.350003 0.350003 0.350003 0.350003 0.350004 0.350003 0.350003 0.350003 0.350003 0.350003 0.350003 0.350003 0.350002 0.350002 0.350002 0.000000 0.000000
0.000000 0.000000 0.350037 0.350036 0.350036 0.350031 0.350032 0.350030 0.350032 0.350033 0.350032 0.350032 0.350032 0.350031 0.350033 0.350035 0.350036 0.350038 0.350036 0.000000 0.000000
0.000000 0.000000 0.350414 0.350418 0.350417 0.350412 0.350410 0.350406 0.350405 0.350402 0.350401 0.350403 0.350403 0.350404 0.350409 0.350410 0.350410 0.350418 0.350422 0.000000 0.000000
0.000000 0.000000 0.351654 0.351657 0.351652 0.351641 0.351634 0.351619 0.351617 0.351612 0.351616 0.351618 0.351622 0.351621 0.351626 0.351632 0.351638 0.351641 0.351645 0.000000 0.000000
0.000000 0.000000 0.353567 0.353566 0.353560 0.353545 0.353527 0.353510 0.353511 0.353509 0.353512 0.353509 0.353508 0.353513 0.353525 0.353540 0.353546 0.353553 0.353560 0.000000 0.000000
0.000000 0.000000 0.355826 0.355823 0.355821 0.355807 0.355790 0.355771 0.355773 0.355770 0.355770 0.355769 0.355768 0.355769 0.355787 0.355805 0.355815 0.355818 0.355824 0.000000 0.000000
0.000000 0.000000 0.358175 0.358170 0.358164 0.358152 0.358135 0.358112 0.358113 0.358109 0.358109 0.358110 0.358109 0.358111 0.358130 0.358149 0.358157 0.358163 0.358172 0.000000 0.000000
0.000000 0.000000 0.360509 0.360505 0.360501 0.360489 0.360470 0.360450 0.360453 0.360450 0.360449 0.360450 0.360448 0.360448 0.360468 0.360487 0.360494 0.360499 0.360505 0.000000 0.000000
0.000000 0.000000 0.362872 0.362868 0.362864 0.362854 0.362839 0.362815 0.362817 0.362812 0.362812 0.362813 0.362811 0.362812 0.362829 0.362844 0.362854 0.362859 0.362867 0.000000 0.000000
0.000000 0.000000 0.365327 0.365323 0.365316 0.365302 0.365286 0.365262 0.365262 0.365259 0.365259 0.365259 0.365258 0.365258 0.365281 0.365298 0.365307 0.365312 0.365336 0.000000 0.000000
0.000000 0.000000 0.367822 0.367817 0.367811 0.367800 0.367781 0.367731 0.367731 0.367727 0.367726 0.367727 0.367724 0.367726 0.367770 0.367790 0.367800 0.367805 0.367819 0.000000 0.000000
0.000000 0.000000 0.370480 0.370470 0.370466 0.370455 0.370402 0.370389 0.370381 0.370378 0.370379 0.370378 0.370376 0.370377 0.370391 0.370442 0.370452 0.370463 0.370472 0.000000 0.000000
0.000000 0.000000 0.373357 0.373350 0.373336 0.373289 0.373264 0.373232 0.373217 0.373213 0.373205 0.373204 0.373207 0.373203 0.373227 0.373261 0.373318 0.373317 0.373325 0.000000 0.000000
0.000000 0.000000 0.376346 0.376339 0.376281 0.376272 0.376256 0.376240 0.376239 0.376238 0.376241 0.376241 0.376233 0.376245 0.376253 0.376267 0.376265 0.376329 0.376344 0.000000 0.000000
0.000000 0.000000 0.379695 0.379617 0.379572 0.379549 0.379508 0.379487 0.379482 0.379480 0.379471 0.379471 0.379473 0.379467 0.379484 0.379529 0.379559 0.379587 0.379664 0.000000 0.000000
0.000000 0.000000 0.382268 0.382256 0.382308 0.382279 0.382246 0.382170 0.382163 0.382157 0.382160 0.382159 0.382155 0.382162 0.382231 0.382267 0.382308 0.382242 0.382267 0.000000 0.000000
0.000000 0.000000 0.350000 0.350000 0.350000 0.350000 0.350000 0.350000 0.350000 0.350000 0.350000 0.350000 0.350000 0.350000 0.350000 0.350000 0.350000 0.350000 0.350000 0.000000 0.000000
0.000000 0.000000 0.000000 0.000000 0.000000 0.000000 0.000000 0.000000 0.000000 0.000000 0.000000 0.000000 0.000000 0.000000 0.000000 0.000000 0.000000 0.000000 0.000000 0.000000 0.000000