geotop/1.0zi/1.0Montebello/Templates/testdem/maps/_Eocclay8303.asc
ncols         21
nrows         20
xllcorner     100.000000
yllcorner     100.000000
cellsize      50.000000
NODATA_value  -9999.0
0.000000 0.000000 0.000000 0.000000 0.000000 0.000000 0.000000 0.000000 0.000000 0.000000 0.000000 0.000000 0.000000 0.000000 0.000000 0.000000 0.000000 0.000000 0.000000 0.000000 0.000000
0.000000 0.000000 0.349619 0.349621 0.349621 0.349620 0.349621 0.349621 0.349621 0.349621 0.349620 0.349622 0.349621 0.349621 0.349622 0.349621 0.349619 0.349620 0.349620 0.000000 0.000000
0.000000 0.000000 0.349984 0.349983 0.349983 0.349985 0.349983 0.349982 0.349983 0.349982 0.349982 0.349982 0.349983 0.349982 0.349983 0.349984 0.349984 0.349983 0.349982 0.000000 0.000000
0.000000 0.000000 0.350004 0.350009 0.350006 0.350004 0.350007 0.350004 0.350006 0.350004 0.350007 0.350005 0.350005 0.350003 0.350005 0.350007 0.350006 0.350009 0.350006 0.000000 0.000000
0.000000 0.000000 0.351016 0.351013 0.351011 0.351006 0.350991 0.350988 0.350984 0.350988 0.350984 0.350985 0.350981 0.350985 0.350995 0.350997 0.351006 0.351009 0.351017 0.000000 0.000000
0.000000 0.000000 0.354003 0.354002 0.353988 0.353959 0.353944 0.353919 0.353920 0.353913 0.353917 0.353916 0.353918 0.353920 0.353931 0.353952 0.353967 0.353982 0.353988 0.000000 0.000000
0.000000 0.000000 0.358044 0.358041 0.358032 0.358008 0.357976 0.357936 0.357934 0.357929 0.357930 0.357931 0.357931 0.357932 0.357966 0.357997 0.358014 0.358028 0.358036 0.000000 0.000000
0.000000 0.000000 0.362845 0.362843 0.362835 0.362804 0.362773 0.362729 0.362728 0.362724 0.362724 0.362720 0.362718 0.362727 0.362764 0.362791 0.362818 0.362828 0.362841 0.000000 0.000000
0.000000 0.000000 0.367957 0.367950 0.367936 0.367917 0.367883 0.367838 0.367840 0.367831 0.367828 0.367826 0.367827 0.367826 0.367869 0.367905 0.367927 0.367937 0.367947 0.000000 0.000000
0.000000 0.000000 0.373397 0.373387 0.373380 0.373360 0.373311 0.373270 0.373269 0.373264 0.373258 0.373261 0.373267 0.373265 0.373302 0.373344 0.373370 0.373379 0.373387 0.000000 0.000000
0.000000 0.000000 0.379352 0.379346 0.379337 0.379295 0.379260 0.379211 0.379220 0.379194 0.379198 0.379197 0.379187 0.379205 0.379239 0.379265 0.379299 0.379318 0.379339 0.000000 0.000000
0.000000 0.000000 0.385989 0.385972 0.385952 0.385926 0.385886 0.385824 0.385819 0.385813 0.385827 0.385805 0.385811 0.385815 0.385878 0.385911 0.385934 0.385948 0.386003 0.000000 0.000000
0.000000 0.000000 0.393206 0.393189 0.393182 0.393143 0.393107 0.392944 0.392941 0.392932 0.392889 0.392912 0.392921 0.392936 0.393060 0.393094 0.393156 0.393164 0.393189 0.000000 0.000000
0.000000 0.000000 0.401723 0.401719 0.401685 0.401658 0.401451 0.401469 0.401425 0.401426 0.401441 0.401427 0.401421 0.401412 0.401391 0.401607 0.401640 0.401698 0.401737 0.000000 0.000000
0.000000 0.000000 0.411820 0.411802 0.411762 0.411497 0.411524 0.411391 0.411331 0.411316 0.411272 0.411241 0.411270 0.411265 0.411395 0.411383 0.411734 0.411682 0.411687 0.000000 0.000000
0.000000 0.000000 0.422916 0.422901 0.422516 0.422629 0.422599 0.422566 0.422711 0.422667 0.422744 0.422717 0.422652 0.422750 0.422753 0.422777 0.422485 0.423048 0.423039 0.000000 0.000000
0.000000 0.000000 0.436719 0.436111 0.436252 0.436021 0.435717 0.435628 0.435455 0.435496 0.435313 0.435330 0.435435 0.435331 0.435484 0.435710 0.436234 0.435888 0.436522 0.000000 0.000000
0.000000 0.000000 0.441451 0.442037 0.442551 0.442562 0.442598 0.442104 0.442191 0.442044 0.442286 0.442238 0.442199 0.442282 0.442691 0.442665 0.442649 0.442258 0.441683 0.000000 0.000000
0.000000 0.000000 0.350000 0.350000 0.350000 0.350000 0.350000 0.350000 0.350000 0.350000 0.350000 0.350000 0.350000 0.350000 0.350000 0.350000 0.350000 0.350000 0.350000 0.000000 0.000000
0.000000 0.000000 0.000000 0.000000 0.000000 0.000000 0.000000 0.000000 0.000000 0.000000 0.000000 0.000000 0.000000 0.000000 0.000000 0.000000 0.000000 0.000000 0.000000 0.000000 0.000000