geotop/1.0zi/1.0Montebello/Templates/testdem/maps/_Eocsand1131.asc
ncols         21
nrows         20
xllcorner     100.000000
yllcorner     100.000000
cellsize      50.000000
NODATA_value  -9999.0
0.000000 0.000000 0.000000 0.000000 0.000000 0.000000 0.000000 0.000000 0.000000 0.000000 0.000000 0.000000 0.000000 0.000000 0.000000 0.000000 0.000000 0.000000 0.000000 0.000000 0.000000
0.000000 0.000000 0.300036 0.300036 0.300036 0.300036 0.300036 0.300036 0.300036 0.300036 0.300036 0.300036 0.300036 0.300036 0.300036 0.300036 0.300036 0.300036 0.300036 0.000000 0.000000
0.000000 0.000000 0.300004 0.300004 0.300005 0.300004 0.300004 0.300004 0.300004 0.300004 0.300004 0.300004 0.300004 0.300004 0.300004 0.300004 0.300005 0.300004 0.300004 0.000000 0.000000
0.000000 0.000000 0.299095 0.299096 0.299101 0.299099 0.299095 0.299095 0.299096 0.299095 0.299095 0.299095 0.299096 0.299095 0.299095 0.299099 0.299101 0.299096 0.299095 0.000000 0.000000
0.000000 0.000000 0.295871 0.295872 0.295877 0.295877 0.295870 0.295872 0.295872 0.295870 0.295870 0.295870 0.295872 0.295872 0.295870 0.295877 0.295877 0.295872 0.295871 0.000000 0.000000
0.000000 0.000000 0.292113 0.292114 0.292118 0.292117 0.292112 0.292113 0.292114 0.292112 0.292112 0.292112 0.292114 0.292113 0.292112 0.292117 0.292118 0.292114 0.292113 0.000000 0.000000
0.000000 0.000000 0.288584 0.288584 0.288588 0.288587 0.288583 0.288584 0.288584 0.288583 0.288583 0.288583 0.288584 0.288584 0.288583 0.288587 0.288588 0.288584 0.288584 0.000000 0.000000
0.000000 0.000000 0.285327 0.285328 0.285331 0.285330 0.285327 0.285327 0.285327 0.285327 0.285327 0.285327 0.285327 0.285327 0.285327 0.285330 0.285331 0.285328 0.285327 0.000000 0.000000
0.000000 0.000000 0.282270 0.282271 0.282274 0.282273 0.282270 0.282271 0.282271 0.282270 0.282270 0.282270 0.282271 0.282271 0.282270 0.282273 0.282274 0.282271 0.282270 0.000000 0.000000
0.000000 0.000000 0.279337 0.279338 0.279341 0.279340 0.279337 0.279337 0.279337 0.279337 0.279337 0.279337 0.279337 0.279337 0.279337 0.279340 0.279341 0.279338 0.279337 0.000000 0.000000
0.000000 0.000000 0.276499 0.276499 0.276502 0.276501 0.276499 0.276499 0.276499 0.276498 0.276498 0.276498 0.276499 0.276499 0.276499 0.276501 0.276502 0.276499 0.276499 0.000000 0.000000
0.000000 0.000000 0.273725 0.273725 0.273728 0.273727 0.273725 0.273725 0.273725 0.273724 0.273724 0.273724 0.273725 0.273725 0.273725 0.273727 0.273728 0.273725 0.273725 0.000000 0.000000
0.000000 0.000000 0.270995 0.270996 0.270999 0.270998 0.270995 0.270996 0.270996 0.270995 0.270995 0.270995 0.270996 0.270996 0.270995 0.270998 0.270999 0.270996 0.270995 0.000000 0.000000
0.000000 0.000000 0.268313 0.268313 0.268316 0.268315 0.268313 0.268313 0.268313 0.268312 0.268312 0.268312 0.268313 0.268313 0.268313 0.268315 0.268316 0.268313 0.268313 0.000000 0.000000
0.000000 0.000000 0.265656 0.265657 0.265660 0.265659 0.265656 0.265657 0.265657 0.265656 0.265656 0.265656 0.265657 0.265657 0.265656 0.265659 0.265660 0.265657 0.265656 0.000000 0.000000
0.000000 0.000000 0.263016 0.263017 0.263020 0.263019 0.263016 0.263017 0.263017 0.263016 0.263016 0.263016 0.263017 0.263017 0.263016 0.263019 0.263020 0.263017 0.263016 0.000000 0.000000
0.000000 0.000000 0.260403 0.260403 0.260406 0.260405 0.260403 0.260403 0.260403 0.260403 0.260403 0.260403 0.260403 0.260403 0.260403 0.260405 0.260406 0.260403 0.260403 0.000000 0.000000
0.000000 0.000000 0.257744 0.257744 0.257747 0.257746 0.257743 0.257744 0.257743 0.257743 0.257743 0.257743 0.257743 0.257744 0.257743 0.257746 0.257747 0.257744 0.257743 0.000000 0.000000
0.000000 0.000000 0.300000 0.300000 0.300000 0.300000 0.300000 0.300000 0.300000 0.300000 0.300000 0.300000 0.300000 0.300000 0.300000 0.300000 0.300000 0.300000 0.300000 0.000000 0.000000
0.000000 0.000000 0.000000 0.000000 0.000000 0.000000 0.000000 0.000000 0.000000 0.000000 0.000000 0.000000 0.000000 0.000000 0.000000 0.000000 0.000000 0.000000 0.000000 0.000000 0.000000