geotop/1.0zi/1.0Montebello/Templates/testdem/maps/_Eocsand2572.asc
ncols         21
nrows         20
xllcorner     100.000000
yllcorner     100.000000
cellsize      50.000000
NODATA_value  -9999.0
0.000000 0.000000 0.000000 0.000000 0.000000 0.000000 0.000000 0.000000 0.000000 0.000000 0.000000 0.000000 0.000000 0.000000 0.000000 0.000000 0.000000 0.000000 0.000000 0.000000 0.000000
0.000000 0.000000 0.300076 0.300076 0.300076 0.300076 0.300076 0.300076 0.300076 0.300076 0.300077 0.300076 0.300076 0.300076 0.300076 0.300076 0.300076 0.300076 0.300076 0.000000 0.000000
0.000000 0.000000 0.300012 0.300013 0.300013 0.300012 0.300013 0.300012 0.300012 0.300013 0.300011 0.300013 0.300012 0.300012 0.300013 0.300012 0.300013 0.300013 0.300012 0.000000 0.000000
0.000000 0.000000 0.298340 0.298341 0.298345 0.298343 0.298340 0.298340 0.298340 0.298340 0.298340 0.298340 0.298340 0.298340 0.298340 0.298343 0.298345 0.298341 0.298340 0.000000 0.000000
0.000000 0.000000 0.291293 0.291294 0.291298 0.291298 0.291292 0.291293 0.291293 0.291291 0.291290 0.291291 0.291293 0.291293 0.291292 0.291298 0.291298 0.291294 0.291293 0.000000 0.000000
0.000000 0.000000 0.282679 0.282680 0.282683 0.282683 0.282678 0.282679 0.282679 0.282677 0.282677 0.282677 0.282679 0.282679 0.282678 0.282683 0.282683 0.282680 0.282679 0.000000 0.000000
0.000000 0.000000 0.274649 0.274650 0.274653 0.274652 0.274648 0.274649 0.274649 0.274648 0.274647 0.274648 0.274649 0.274649 0.274648 0.274652 0.274653 0.274650 0.274649 0.000000 0.000000
0.000000 0.000000 0.267299 0.267300 0.267303 0.267302 0.267299 0.267300 0.267300 0.267298 0.267298 0.267298 0.267300 0.267300 0.267299 0.267302 0.267303 0.267300 0.267299 0.000000 0.000000
0.000000 0.000000 0.260453 0.260454 0.260456 0.260456 0.260453 0.260454 0.260454 0.260452 0.260452 0.260452 0.260454 0.260454 0.260453 0.260456 0.260456 0.260454 0.260453 0.000000 0.000000
0.000000 0.000000 0.253954 0.253955 0.253957 0.253956 0.253954 0.253955 0.253954 0.253953 0.253953 0.253953 0.253954 0.253955 0.253954 0.253956 0.253957 0.253955 0.253954 0.000000 0.000000
0.000000 0.000000 0.247724 0.247724 0.247727 0.247726 0.247723 0.247724 0.247724 0.247723 0.247722 0.247723 0.247724 0.247724 0.247723 0.247726 0.247727 0.247724 0.247724 0.000000 0.000000
0.000000 0.000000 0.241704 0.241705 0.241707 0.241706 0.241704 0.241705 0.241704 0.241703 0.241703 0.241703 0.241704 0.241705 0.241704 0.241706 0.241707 0.241705 0.241704 0.000000 0.000000
0.000000 0.000000 0.235853 0.235853 0.235856 0.235855 0.235852 0.235853 0.235853 0.235852 0.235851 0.235852 0.235853 0.235853 0.235852 0.235855 0.235856 0.235853 0.235853 0.000000 0.000000
0.000000 0.000000 0.230141 0.230141 0.230143 0.230142 0.230140 0.230141 0.230141 0.230140 0.230139 0.230140 0.230141 0.230141 0.230140 0.230142 0.230143 0.230141 0.230141 0.000000 0.000000
0.000000 0.000000 0.224547 0.224548 0.224550 0.224549 0.224547 0.224548 0.224548 0.224547 0.224546 0.224547 0.224548 0.224548 0.224547 0.224549 0.224550 0.224548 0.224547 0.000000 0.000000
0.000000 0.000000 0.219063 0.219064 0.219066 0.219065 0.219063 0.219064 0.219064 0.219062 0.219062 0.219062 0.219064 0.219064 0.219063 0.219065 0.219066 0.219064 0.219063 0.000000 0.000000
0.000000 0.000000 0.213682 0.213683 0.213685 0.213684 0.213682 0.213683 0.213682 0.213681 0.213681 0.213681 0.213682 0.213683 0.213682 0.213684 0.213685 0.213683 0.213682 0.000000 0.000000
0.000000 0.000000 0.208325 0.208325 0.208327 0.208326 0.208324 0.208325 0.208325 0.208323 0.208323 0.208323 0.208325 0.208325 0.208324 0.208326 0.208327 0.208325 0.208324 0.000000 0.000000
0.000000 0.000000 0.300000 0.300000 0.300000 0.300000 0.300000 0.300000 0.300000 0.300000 0.300000 0.300000 0.300000 0.300000 0.300000 0.300000 0.300000 0.300000 0.300000 0.000000 0.000000
0.000000 0.000000 0.000000 0.000000 0.000000 0.000000 0.000000 0.000000 0.000000 0.000000 0.000000 0.000000 0.000000 0.000000 0.000000 0.000000 0.000000 0.000000 0.000000 0.000000 0.000000