geotop/1.0zi/1.0Montebello/Templates/testdem/maps/_Eocsilt048Y.asc
ncols         21
nrows         20
xllcorner     100.000000
yllcorner     100.000000
cellsize      50.000000
NODATA_value  -9999.0
0.000000 0.000000 0.000000 0.000000 0.000000 0.000000 0.000000 0.000000 0.000000 0.000000 0.000000 0.000000 0.000000 0.000000 0.000000 0.000000 0.000000 0.000000 0.000000 0.000000 0.000000
0.000000 0.000000 0.350230 0.350230 0.350230 0.350231 0.350230 0.350230 0.350230 0.350230 0.350230 0.350230 0.350230 0.350230 0.350230 0.350230 0.350231 0.350231 0.350230 0.000000 0.000000
0.000000 0.000000 0.350008 0.350007 0.350008 0.350007 0.350008 0.350008 0.350008 0.350008 0.350008 0.350008 0.350009 0.350009 0.350008 0.350007 0.350006 0.350006 0.350007 0.000000 0.000000
0.000000 0.000000 0.350195 0.350191 0.350184 0.350180 0.350179 0.350173 0.350176 0.350177 0.350175 0.350179 0.350180 0.350179 0.350181 0.350185 0.350188 0.350191 0.350192 0.000000 0.000000
0.000000 0.000000 0.351805 0.351813 0.351801 0.351777 0.351766 0.351759 0.351762 0.351759 0.351759 0.351762 0.351767 0.351765 0.351779 0.351789 0.351796 0.351802 0.351806 0.000000 0.000000
0.000000 0.000000 0.356000 0.355995 0.355977 0.355946 0.355909 0.355880 0.355879 0.355875 0.355874 0.355875 0.355880 0.355877 0.355895 0.355922 0.355937 0.355947 0.355954 0.000000 0.000000
0.000000 0.000000 0.361863 0.361852 0.361832 0.361787 0.361741 0.361681 0.361684 0.361682 0.361675 0.361674 0.361672 0.361676 0.361723 0.361758 0.361783 0.361801 0.361808 0.000000 0.000000
0.000000 0.000000 0.368854 0.368840 0.368821 0.368767 0.368717 0.368662 0.368664 0.368659 0.368651 0.368648 0.368646 0.368654 0.368698 0.368740 0.368779 0.368787 0.368802 0.000000 0.000000
0.000000 0.000000 0.376682 0.376661 0.376628 0.376585 0.376526 0.376456 0.376464 0.376453 0.376442 0.376440 0.376444 0.376439 0.376505 0.376555 0.376586 0.376601 0.376614 0.000000 0.000000
0.000000 0.000000 0.385498 0.385469 0.385440 0.385392 0.385327 0.385252 0.385255 0.385249 0.385231 0.385238 0.385245 0.385242 0.385293 0.385360 0.385397 0.385413 0.385418 0.000000 0.000000
0.000000 0.000000 0.395754 0.395730 0.395704 0.395596 0.395566 0.395464 0.395487 0.395441 0.395442 0.395434 0.395417 0.395443 0.395504 0.395546 0.395599 0.395619 0.395663 0.000000 0.000000
0.000000 0.000000 0.408013 0.407959 0.407891 0.407842 0.407782 0.407652 0.407648 0.407654 0.407664 0.407617 0.407642 0.407628 0.407744 0.407814 0.407842 0.407862 0.407948 0.000000 0.000000
0.000000 0.000000 0.421894 0.421848 0.421835 0.421727 0.421654 0.421293 0.421289 0.421271 0.421131 0.421220 0.421222 0.421254 0.421515 0.421570 0.421709 0.421718 0.421723 0.000000 0.000000
0.000000 0.000000 0.438483 0.438469 0.438348 0.438284 0.437799 0.438024 0.437924 0.437935 0.438021 0.437935 0.437924 0.437862 0.437659 0.438191 0.438191 0.438319 0.438388 0.000000 0.000000
0.000000 0.000000 0.453883 0.453844 0.453782 0.453322 0.453557 0.453242 0.453194 0.453168 0.453050 0.453026 0.453076 0.453087 0.453355 0.453122 0.453720 0.453574 0.453544 0.000000 0.000000
0.000000 0.000000 0.463821 0.463803 0.463546 0.463592 0.463577 0.463538 0.463636 0.463605 0.463643 0.463630 0.463592 0.463648 0.463654 0.463668 0.463491 0.463841 0.463831 0.000000 0.000000
0.000000 0.000000 0.470153 0.470130 0.469954 0.470021 0.469985 0.469983 0.470052 0.470034 0.470065 0.470058 0.470030 0.470067 0.470053 0.470085 0.469923 0.470179 0.470191 0.000000 0.000000
0.000000 0.000000 0.475263 0.475040 0.474965 0.474933 0.474835 0.474862 0.474833 0.474852 0.474791 0.474799 0.474820 0.474797 0.474794 0.474861 0.474935 0.474971 0.475195 0.000000 0.000000
0.000000 0.000000 0.350000 0.350000 0.350000 0.350000 0.350000 0.350000 0.350000 0.350000 0.350000 0.350000 0.350000 0.350000 0.350000 0.350000 0.350000 0.350000 0.350000 0.000000 0.000000
0.000000 0.000000 0.000000 0.000000 0.000000 0.000000 0.000000 0.000000 0.000000 0.000000 0.000000 0.000000 0.000000 0.000000 0.000000 0.000000 0.000000 0.000000 0.000000 0.000000 0.000000