geotop/1.0zi/1.0Montebello/Templates/testdem/maps/_Eocsilt1941.asc
ncols         21
nrows         20
xllcorner     100.000000
yllcorner     100.000000
cellsize      50.000000
NODATA_value  -9999.0
0.000000 0.000000 0.000000 0.000000 0.000000 0.000000 0.000000 0.000000 0.000000 0.000000 0.000000 0.000000 0.000000 0.000000 0.000000 0.000000 0.000000 0.000000 0.000000 0.000000 0.000000
0.000000 0.000000 0.350044 0.350044 0.350044 0.350044 0.350044 0.350044 0.350044 0.350044 0.350044 0.350044 0.350044 0.350044 0.350044 0.350044 0.350044 0.350044 0.350044 0.000000 0.000000
0.000000 0.000000 0.349998 0.349998 0.349998 0.349998 0.349998 0.349998 0.349998 0.349998 0.349998 0.349998 0.349998 0.349998 0.349998 0.349998 0.349998 0.349998 0.349998 0.000000 0.000000
0.000000 0.000000 0.350692 0.350691 0.350689 0.350690 0.350692 0.350692 0.350692 0.350692 0.350692 0.350692 0.350692 0.350692 0.350692 0.350690 0.350689 0.350691 0.350692 0.000000 0.000000
0.000000 0.000000 0.353249 0.353249 0.353247 0.353247 0.353250 0.353249 0.353249 0.353250 0.353250 0.353250 0.353249 0.353249 0.353250 0.353247 0.353247 0.353249 0.353249 0.000000 0.000000
0.000000 0.000000 0.356528 0.356528 0.356526 0.356526 0.356529 0.356528 0.356528 0.356529 0.356529 0.356529 0.356528 0.356528 0.356529 0.356526 0.356526 0.356528 0.356528 0.000000 0.000000
0.000000 0.000000 0.359541 0.359540 0.359539 0.359539 0.359541 0.359540 0.359540 0.359541 0.359541 0.359541 0.359540 0.359540 0.359541 0.359539 0.359539 0.359540 0.359541 0.000000 0.000000
0.000000 0.000000 0.362300 0.362300 0.362299 0.362299 0.362301 0.362300 0.362300 0.362301 0.362301 0.362301 0.362300 0.362300 0.362301 0.362299 0.362299 0.362300 0.362300 0.000000 0.000000
0.000000 0.000000 0.364880 0.364880 0.364879 0.364879 0.364881 0.364880 0.364880 0.364881 0.364881 0.364881 0.364880 0.364880 0.364881 0.364879 0.364879 0.364880 0.364880 0.000000 0.000000
0.000000 0.000000 0.367344 0.367343 0.367342 0.367342 0.367344 0.367343 0.367343 0.367344 0.367344 0.367344 0.367343 0.367343 0.367344 0.367342 0.367342 0.367343 0.367344 0.000000 0.000000
0.000000 0.000000 0.369717 0.369717 0.369716 0.369716 0.369718 0.369717 0.369717 0.369718 0.369718 0.369718 0.369717 0.369717 0.369718 0.369716 0.369716 0.369717 0.369717 0.000000 0.000000
0.000000 0.000000 0.372024 0.372024 0.372022 0.372023 0.372024 0.372024 0.372024 0.372024 0.372025 0.372024 0.372024 0.372024 0.372024 0.372023 0.372022 0.372024 0.372024 0.000000 0.000000
0.000000 0.000000 0.374279 0.374279 0.374278 0.374278 0.374279 0.374279 0.374279 0.374280 0.374280 0.374280 0.374279 0.374279 0.374279 0.374278 0.374278 0.374279 0.374279 0.000000 0.000000
0.000000 0.000000 0.376487 0.376487 0.376486 0.376486 0.376487 0.376487 0.376487 0.376488 0.376488 0.376488 0.376487 0.376487 0.376487 0.376486 0.376486 0.376487 0.376487 0.000000 0.000000
0.000000 0.000000 0.378659 0.378658 0.378657 0.378658 0.378659 0.378658 0.378658 0.378659 0.378659 0.378659 0.378658 0.378658 0.378659 0.378658 0.378657 0.378658 0.378659 0.000000 0.000000
0.000000 0.000000 0.380800 0.380799 0.380798 0.380799 0.380800 0.380800 0.380800 0.380800 0.380800 0.380800 0.380800 0.380800 0.380800 0.380799 0.380798 0.380799 0.380800 0.000000 0.000000
0.000000 0.000000 0.382910 0.382909 0.382908 0.382909 0.382910 0.382909 0.382909 0.382910 0.382910 0.382910 0.382909 0.382909 0.382910 0.382909 0.382908 0.382909 0.382910 0.000000 0.000000
0.000000 0.000000 0.385024 0.385024 0.385023 0.385023 0.385024 0.385024 0.385024 0.385025 0.385025 0.385025 0.385024 0.385024 0.385024 0.385023 0.385023 0.385024 0.385024 0.000000 0.000000
0.000000 0.000000 0.350000 0.350000 0.350000 0.350000 0.350000 0.350000 0.350000 0.350000 0.350000 0.350000 0.350000 0.350000 0.350000 0.350000 0.350000 0.350000 0.350000 0.000000 0.000000
0.000000 0.000000 0.000000 0.000000 0.000000 0.000000 0.000000 0.000000 0.000000 0.000000 0.000000 0.000000 0.000000 0.000000 0.000000 0.000000 0.000000 0.000000 0.000000 0.000000 0.000000