geotop/1.0zi/1.0Montebello/Templates/testdem/maps/_Eocclay2103.asc
ncols         21
nrows         20
xllcorner     100.000000
yllcorner     100.000000
cellsize      50.000000
NODATA_value  -9999.0
0.000000 0.000000 0.000000 0.000000 0.000000 0.000000 0.000000 0.000000 0.000000 0.000000 0.000000 0.000000 0.000000 0.000000 0.000000 0.000000 0.000000 0.000000 0.000000 0.000000 0.000000
0.000000 0.000000 0.349892 0.349892 0.349892 0.349892 0.349892 0.349892 0.349892 0.349892 0.349892 0.349892 0.349892 0.349892 0.349892 0.349892 0.349892 0.349892 0.349892 0.000000 0.000000
0.000000 0.000000 0.349993 0.349993 0.349992 0.349993 0.349993 0.349993 0.349993 0.349993 0.349993 0.349993 0.349993 0.349993 0.349993 0.349993 0.349992 0.349993 0.349993 0.000000 0.000000
0.000000 0.000000 0.350660 0.350660 0.350658 0.350659 0.350660 0.350660 0.350660 0.350660 0.350660 0.350660 0.350660 0.350660 0.350660 0.350659 0.350658 0.350660 0.350660 0.000000 0.000000
0.000000 0.000000 0.353571 0.353570 0.353569 0.353569 0.353572 0.353571 0.353571 0.353573 0.353573 0.353573 0.353571 0.353571 0.353572 0.353569 0.353569 0.353570 0.353571 0.000000 0.000000
0.000000 0.000000 0.356995 0.356995 0.356993 0.356993 0.356996 0.356995 0.356995 0.356996 0.356996 0.356996 0.356995 0.356995 0.356996 0.356993 0.356993 0.356995 0.356995 0.000000 0.000000
0.000000 0.000000 0.360245 0.360244 0.360243 0.360243 0.360245 0.360245 0.360245 0.360246 0.360246 0.360246 0.360245 0.360245 0.360245 0.360243 0.360243 0.360244 0.360245 0.000000 0.000000
0.000000 0.000000 0.363240 0.363240 0.363238 0.363239 0.363240 0.363240 0.363240 0.363241 0.363241 0.363241 0.363240 0.363240 0.363240 0.363239 0.363238 0.363240 0.363240 0.000000 0.000000
0.000000 0.000000 0.366044 0.366043 0.366042 0.366043 0.366044 0.366044 0.366044 0.366044 0.366044 0.366044 0.366044 0.366044 0.366044 0.366043 0.366042 0.366043 0.366044 0.000000 0.000000
0.000000 0.000000 0.368722 0.368722 0.368721 0.368721 0.368723 0.368722 0.368722 0.368723 0.368723 0.368723 0.368722 0.368722 0.368723 0.368721 0.368721 0.368722 0.368722 0.000000 0.000000
0.000000 0.000000 0.371305 0.371305 0.371304 0.371304 0.371306 0.371305 0.371305 0.371306 0.371306 0.371306 0.371305 0.371305 0.371306 0.371304 0.371304 0.371305 0.371305 0.000000 0.000000
0.000000 0.000000 0.373816 0.373816 0.373815 0.373815 0.373816 0.373816 0.373816 0.373817 0.373817 0.373817 0.373816 0.373816 0.373816 0.373815 0.373815 0.373816 0.373816 0.000000 0.000000
0.000000 0.000000 0.376271 0.376271 0.376270 0.376270 0.376272 0.376271 0.376271 0.376272 0.376272 0.376272 0.376271 0.376271 0.376272 0.376270 0.376270 0.376271 0.376271 0.000000 0.000000
0.000000 0.000000 0.378677 0.378677 0.378676 0.378676 0.378677 0.378677 0.378677 0.378678 0.378678 0.378678 0.378677 0.378677 0.378677 0.378676 0.378676 0.378677 0.378677 0.000000 0.000000
0.000000 0.000000 0.381044 0.381043 0.381042 0.381043 0.381044 0.381044 0.381044 0.381044 0.381044 0.381044 0.381044 0.381044 0.381044 0.381043 0.381042 0.381043 0.381044 0.000000 0.000000
0.000000 0.000000 0.383376 0.383376 0.383375 0.383375 0.383376 0.383376 0.383376 0.383377 0.383377 0.383377 0.383376 0.383376 0.383376 0.383375 0.383375 0.383376 0.383376 0.000000 0.000000
0.000000 0.000000 0.385674 0.385674 0.385672 0.385673 0.385674 0.385674 0.385674 0.385674 0.385674 0.385674 0.385674 0.385674 0.385674 0.385673 0.385672 0.385674 0.385674 0.000000 0.000000
0.000000 0.000000 0.387969 0.387969 0.387968 0.387968 0.387969 0.387969 0.387969 0.387970 0.387970 0.387970 0.387969 0.387969 0.387969 0.387968 0.387968 0.387969 0.387969 0.000000 0.000000
0.000000 0.000000 0.350000 0.350000 0.350000 0.350000 0.350000 0.350000 0.350000 0.350000 0.350000 0.350000 0.350000 0.350000 0.350000 0.350000 0.350000 0.350000 0.350000 0.000000 0.000000
0.000000 0.000000 0.000000 0.000000 0.000000 0.000000 0.000000 0.000000 0.000000 0.000000 0.000000 0.000000 0.000000 0.000000 0.000000 0.000000 0.000000 0.000000 0.000000 0.000000 0.000000