geotop/1.0zi/1.0Montebello/Templates/testdem/maps/_Eocsilt6547.asc
ncols         21
nrows         20
xllcorner     100.000000
yllcorner     100.000000
cellsize      50.000000
NODATA_value  -9999.0
0.000000 0.000000 0.000000 0.000000 0.000000 0.000000 0.000000 0.000000 0.000000 0.000000 0.000000 0.000000 0.000000 0.000000 0.000000 0.000000 0.000000 0.000000 0.000000 0.000000 0.000000
0.000000 0.000000 0.350131 0.350132 0.350132 0.350132 0.350132 0.350132 0.350132 0.350132 0.350132 0.350132 0.350132 0.350132 0.350132 0.350132 0.350132 0.350132 0.350132 0.000000 0.000000
0.000000 0.000000 0.350003 0.350002 0.350002 0.350003 0.350003 0.350003 0.350003 0.350003 0.350003 0.350003 0.350004 0.350004 0.350003 0.350002 0.350001 0.350001 0.350002 0.000000 0.000000
0.000000 0.000000 0.350054 0.350051 0.350050 0.350044 0.350045 0.350043 0.350045 0.350046 0.350044 0.350044 0.350044 0.350044 0.350047 0.350050 0.350052 0.350053 0.350053 0.000000 0.000000
0.000000 0.000000 0.350627 0.350634 0.350631 0.350623 0.350620 0.350614 0.350613 0.350610 0.350609 0.350612 0.350614 0.350614 0.350620 0.350624 0.350624 0.350632 0.350636 0.000000 0.000000
0.000000 0.000000 0.352382 0.352385 0.352377 0.352364 0.352351 0.352333 0.352332 0.352327 0.352331 0.352332 0.352333 0.352331 0.352337 0.352345 0.352355 0.352361 0.352366 0.000000 0.000000
0.000000 0.000000 0.355061 0.355059 0.355051 0.355029 0.355004 0.354979 0.354980 0.354977 0.354978 0.354976 0.354974 0.354978 0.354997 0.355018 0.355032 0.355044 0.355051 0.000000 0.000000
0.000000 0.000000 0.358325 0.358326 0.358323 0.358302 0.358277 0.358249 0.358249 0.358246 0.358245 0.358243 0.358242 0.358246 0.358268 0.358291 0.358311 0.358315 0.358326 0.000000 0.000000
0.000000 0.000000 0.361768 0.361763 0.361752 0.361738 0.361714 0.361681 0.361683 0.361676 0.361673 0.361672 0.361674 0.361672 0.361701 0.361726 0.361745 0.361752 0.361762 0.000000 0.000000
0.000000 0.000000 0.365272 0.365268 0.365262 0.365251 0.365217 0.365188 0.365190 0.365186 0.365181 0.365182 0.365188 0.365184 0.365208 0.365236 0.365256 0.365260 0.365267 0.000000 0.000000
0.000000 0.000000 0.368914 0.368912 0.368907 0.368881 0.368858 0.368826 0.368833 0.368817 0.368817 0.368816 0.368813 0.368823 0.368841 0.368859 0.368881 0.368893 0.368907 0.000000 0.000000
0.000000 0.000000 0.372795 0.372788 0.372776 0.372757 0.372735 0.372695 0.372696 0.372689 0.372696 0.372685 0.372688 0.372691 0.372727 0.372745 0.372761 0.372768 0.372806 0.000000 0.000000
0.000000 0.000000 0.376831 0.376822 0.376817 0.376795 0.376775 0.376690 0.376690 0.376683 0.376663 0.376671 0.376678 0.376685 0.376746 0.376765 0.376799 0.376803 0.376828 0.000000 0.000000
0.000000 0.000000 0.381286 0.381281 0.381267 0.381251 0.381163 0.381146 0.381127 0.381127 0.381121 0.381121 0.381121 0.381117 0.381125 0.381215 0.381243 0.381266 0.381293 0.000000 0.000000
0.000000 0.000000 0.386281 0.386277 0.386256 0.386157 0.386133 0.386081 0.386051 0.386045 0.386027 0.386012 0.386027 0.386021 0.386061 0.386095 0.386233 0.386222 0.386237 0.000000 0.000000
0.000000 0.000000 0.391649 0.391644 0.391511 0.391498 0.391490 0.391461 0.391493 0.391477 0.391491 0.391475 0.391460 0.391489 0.391505 0.391516 0.391491 0.391663 0.391665 0.000000 0.000000
0.000000 0.000000 0.397968 0.397782 0.397742 0.397685 0.397591 0.397553 0.397530 0.397532 0.397486 0.397482 0.397505 0.397491 0.397537 0.397607 0.397727 0.397733 0.397928 0.000000 0.000000
0.000000 0.000000 0.402182 0.402237 0.402411 0.402372 0.402322 0.402150 0.402151 0.402111 0.402147 0.402133 0.402143 0.402151 0.402305 0.402342 0.402438 0.402266 0.402222 0.000000 0.000000
0.000000 0.000000 0.350000 0.350000 0.350000 0.350000 0.350000 0.350000 0.350000 0.350000 0.350000 0.350000 0.350000 0.350000 0.350000 0.350000 0.350000 0.350000 0.350000 0.000000 0.000000
0.000000 0.000000 0.000000 0.000000 0.000000 0.000000 0.000000 0.000000 0.000000 0.000000 0.000000 0.000000 0.000000 0.000000 0.000000 0.000000 0.000000 0.000000 0.000000 0.000000 0.000000