geotop/1.0zi/1.0Montebello/Templates/testdem/maps/_Eocsand1882.asc
ncols         21
nrows         20
xllcorner     100.000000
yllcorner     100.000000
cellsize      50.000000
NODATA_value  -9999.0
0.000000 0.000000 0.000000 0.000000 0.000000 0.000000 0.000000 0.000000 0.000000 0.000000 0.000000 0.000000 0.000000 0.000000 0.000000 0.000000 0.000000 0.000000 0.000000 0.000000 0.000000
0.000000 0.000000 0.300057 0.300057 0.300057 0.300057 0.300057 0.300057 0.300057 0.300057 0.300057 0.300057 0.300057 0.300057 0.300057 0.300057 0.300057 0.300057 0.300057 0.000000 0.000000
0.000000 0.000000 0.300008 0.300008 0.300009 0.300008 0.300008 0.300008 0.300008 0.300008 0.300008 0.300008 0.300008 0.300008 0.300008 0.300008 0.300009 0.300008 0.300008 0.000000 0.000000
0.000000 0.000000 0.298651 0.298652 0.298656 0.298654 0.298650 0.298651 0.298651 0.298650 0.298651 0.298650 0.298651 0.298651 0.298650 0.298654 0.298656 0.298652 0.298651 0.000000 0.000000
0.000000 0.000000 0.293365 0.293366 0.293370 0.293370 0.293363 0.293365 0.293365 0.293363 0.293363 0.293363 0.293365 0.293365 0.293363 0.293370 0.293370 0.293366 0.293365 0.000000 0.000000
0.000000 0.000000 0.287009 0.287010 0.287013 0.287013 0.287008 0.287009 0.287009 0.287007 0.287007 0.287007 0.287009 0.287009 0.287008 0.287013 0.287013 0.287010 0.287009 0.000000 0.000000
0.000000 0.000000 0.281077 0.281078 0.281081 0.281081 0.281077 0.281078 0.281078 0.281076 0.281076 0.281076 0.281078 0.281078 0.281077 0.281081 0.281081 0.281078 0.281077 0.000000 0.000000
0.000000 0.000000 0.275631 0.275632 0.275635 0.275634 0.275630 0.275632 0.275631 0.275630 0.275630 0.275630 0.275631 0.275632 0.275630 0.275634 0.275635 0.275632 0.275631 0.000000 0.000000
0.000000 0.000000 0.270537 0.270538 0.270541 0.270540 0.270537 0.270538 0.270538 0.270536 0.270536 0.270536 0.270538 0.270538 0.270537 0.270540 0.270541 0.270538 0.270537 0.000000 0.000000
0.000000 0.000000 0.265671 0.265672 0.265674 0.265674 0.265671 0.265672 0.265671 0.265670 0.265670 0.265670 0.265671 0.265672 0.265671 0.265674 0.265674 0.265672 0.265671 0.000000 0.000000
0.000000 0.000000 0.260980 0.260980 0.260983 0.260982 0.260979 0.260980 0.260980 0.260979 0.260979 0.260979 0.260980 0.260980 0.260979 0.260982 0.260983 0.260980 0.260980 0.000000 0.000000
0.000000 0.000000 0.256420 0.256420 0.256423 0.256422 0.256419 0.256420 0.256420 0.256419 0.256419 0.256419 0.256420 0.256420 0.256419 0.256422 0.256423 0.256420 0.256420 0.000000 0.000000
0.000000 0.000000 0.251959 0.251960 0.251962 0.251961 0.251959 0.251960 0.251959 0.251958 0.251958 0.251958 0.251959 0.251960 0.251959 0.251961 0.251962 0.251960 0.251959 0.000000 0.000000
0.000000 0.000000 0.247590 0.247591 0.247593 0.247592 0.247590 0.247591 0.247590 0.247589 0.247589 0.247589 0.247590 0.247591 0.247590 0.247592 0.247593 0.247591 0.247590 0.000000 0.000000
0.000000 0.000000 0.243292 0.243293 0.243295 0.243294 0.243292 0.243292 0.243292 0.243291 0.243291 0.243291 0.243292 0.243292 0.243292 0.243294 0.243295 0.243293 0.243292 0.000000 0.000000
0.000000 0.000000 0.239052 0.239052 0.239055 0.239054 0.239051 0.239052 0.239052 0.239051 0.239051 0.239051 0.239052 0.239052 0.239051 0.239054 0.239055 0.239052 0.239052 0.000000 0.000000
0.000000 0.000000 0.234871 0.234872 0.234874 0.234873 0.234871 0.234872 0.234871 0.234870 0.234870 0.234870 0.234871 0.234872 0.234871 0.234873 0.234874 0.234872 0.234871 0.000000 0.000000
0.000000 0.000000 0.230670 0.230670 0.230672 0.230672 0.230669 0.230670 0.230670 0.230669 0.230668 0.230669 0.230670 0.230670 0.230669 0.230672 0.230672 0.230670 0.230670 0.000000 0.000000
0.000000 0.000000 0.300000 0.300000 0.300000 0.300000 0.300000 0.300000 0.300000 0.300000 0.300000 0.300000 0.300000 0.300000 0.300000 0.300000 0.300000 0.300000 0.300000 0.000000 0.000000
0.000000 0.000000 0.000000 0.000000 0.000000 0.000000 0.000000 0.000000 0.000000 0.000000 0.000000 0.000000 0.000000 0.000000 0.000000 0.000000 0.000000 0.000000 0.000000 0.000000 0.000000