geotop/1.0zi/1.0Montebello/Templates/testdem/maps/_Eocclay9943.asc
ncols         21
nrows         20
xllcorner     100.000000
yllcorner     100.000000
cellsize      50.000000
NODATA_value  -9999.0
0.000000 0.000000 0.000000 0.000000 0.000000 0.000000 0.000000 0.000000 0.000000 0.000000 0.000000 0.000000 0.000000 0.000000 0.000000 0.000000 0.000000 0.000000 0.000000 0.000000 0.000000
0.000000 0.000000 0.349543 0.349546 0.349545 0.349544 0.349546 0.349546 0.349546 0.349546 0.349545 0.349546 0.349546 0.349546 0.349546 0.349546 0.349544 0.349545 0.349545 0.000000 0.000000
0.000000 0.000000 0.349982 0.349980 0.349980 0.349982 0.349979 0.349979 0.349980 0.349979 0.349979 0.349979 0.349979 0.349979 0.349980 0.349981 0.349981 0.349981 0.349979 0.000000 0.000000
0.000000 0.000000 0.350038 0.350043 0.350040 0.350035 0.350037 0.350036 0.350041 0.350038 0.350041 0.350039 0.350039 0.350038 0.350041 0.350044 0.350042 0.350043 0.350041 0.000000 0.000000
0.000000 0.000000 0.351505 0.351499 0.351492 0.351479 0.351460 0.351457 0.351454 0.351456 0.351453 0.351458 0.351458 0.351459 0.351470 0.351475 0.351486 0.351490 0.351498 0.000000 0.000000
0.000000 0.000000 0.355523 0.355517 0.355493 0.355452 0.355420 0.355388 0.355393 0.355389 0.355386 0.355386 0.355393 0.355390 0.355408 0.355439 0.355454 0.355468 0.355473 0.000000 0.000000
0.000000 0.000000 0.360939 0.360927 0.360911 0.360871 0.360830 0.360769 0.360770 0.360766 0.360759 0.360761 0.360761 0.360761 0.360811 0.360846 0.360867 0.360881 0.360888 0.000000 0.000000
0.000000 0.000000 0.367379 0.367365 0.367347 0.367297 0.367250 0.367196 0.367197 0.367192 0.367184 0.367182 0.367180 0.367189 0.367234 0.367272 0.367306 0.367315 0.367329 0.000000 0.000000
0.000000 0.000000 0.374467 0.374448 0.374421 0.374381 0.374328 0.374266 0.374272 0.374261 0.374250 0.374248 0.374251 0.374248 0.374310 0.374356 0.374382 0.374393 0.374405 0.000000 0.000000
0.000000 0.000000 0.382365 0.382337 0.382315 0.382272 0.382212 0.382146 0.382147 0.382140 0.382123 0.382129 0.382137 0.382133 0.382185 0.382245 0.382277 0.382289 0.382295 0.000000 0.000000
0.000000 0.000000 0.391444 0.391420 0.391399 0.391307 0.391278 0.391188 0.391207 0.391165 0.391165 0.391158 0.391144 0.391168 0.391226 0.391264 0.391309 0.391325 0.391363 0.000000 0.000000
0.000000 0.000000 0.402134 0.402086 0.402029 0.401983 0.401934 0.401820 0.401817 0.401815 0.401823 0.401784 0.401803 0.401795 0.401901 0.401960 0.401984 0.401999 0.402077 0.000000 0.000000
0.000000 0.000000 0.414287 0.414242 0.414228 0.414136 0.414075 0.413767 0.413762 0.413745 0.413630 0.413699 0.413704 0.413730 0.413961 0.414012 0.414125 0.414131 0.414146 0.000000 0.000000
0.000000 0.000000 0.429433 0.429413 0.429308 0.429242 0.428804 0.428971 0.428877 0.428882 0.428941 0.428876 0.428867 0.428816 0.428669 0.429147 0.429159 0.429272 0.429336 0.000000 0.000000
0.000000 0.000000 0.446388 0.446335 0.446254 0.445692 0.445951 0.445596 0.445523 0.445490 0.445352 0.445318 0.445377 0.445386 0.445699 0.445451 0.446173 0.445998 0.445967 0.000000 0.000000
0.000000 0.000000 0.460882 0.460854 0.460289 0.460597 0.460486 0.460521 0.460772 0.460709 0.460842 0.460821 0.460711 0.460844 0.460758 0.460861 0.460199 0.461067 0.461054 0.000000 0.000000
0.000000 0.000000 0.473047 0.472629 0.472739 0.472563 0.472343 0.472291 0.472163 0.472194 0.472055 0.472071 0.472149 0.472068 0.472164 0.472330 0.472700 0.472429 0.472862 0.000000 0.000000
0.000000 0.000000 0.477931 0.478038 0.478292 0.478230 0.478173 0.477943 0.477946 0.477892 0.477952 0.477936 0.477943 0.477953 0.478157 0.478202 0.478303 0.478046 0.477941 0.000000 0.000000
0.000000 0.000000 0.350000 0.350000 0.350000 0.350000 0.350000 0.350000 0.350000 0.350000 0.350000 0.350000 0.350000 0.350000 0.350000 0.350000 0.350000 0.350000 0.350000 0.000000 0.000000
0.000000 0.000000 0.000000 0.000000 0.000000 0.000000 0.000000 0.000000 0.000000 0.000000 0.000000 0.000000 0.000000 0.000000 0.000000 0.000000 0.000000 0.000000 0.000000 0.000000 0.000000