geotop/1.0zi/1.0Montebello/Templates/testdem/maps/_Eocclay8442.asc
ncols         21
nrows         20
xllcorner     100.000000
yllcorner     100.000000
cellsize      50.000000
NODATA_value  -9999.0
0.000000 0.000000 0.000000 0.000000 0.000000 0.000000 0.000000 0.000000 0.000000 0.000000 0.000000 0.000000 0.000000 0.000000 0.000000 0.000000 0.000000 0.000000 0.000000 0.000000 0.000000
0.000000 0.000000 0.349616 0.349618 0.349618 0.349617 0.349618 0.349618 0.349618 0.349618 0.349617 0.349619 0.349618 0.349618 0.349619 0.349618 0.349616 0.349617 0.349617 0.000000 0.000000
0.000000 0.000000 0.349983 0.349982 0.349982 0.349984 0.349982 0.349982 0.349982 0.349982 0.349982 0.349982 0.349982 0.349982 0.349982 0.349983 0.349984 0.349983 0.349981 0.000000 0.000000
0.000000 0.000000 0.350004 0.350009 0.350006 0.350004 0.350007 0.350004 0.350006 0.350004 0.350007 0.350004 0.350005 0.350003 0.350005 0.350006 0.350005 0.350009 0.350006 0.000000 0.000000
0.000000 0.000000 0.351015 0.351011 0.351010 0.351005 0.350991 0.350988 0.350984 0.350987 0.350983 0.350984 0.350980 0.350984 0.350994 0.350995 0.351005 0.351008 0.351017 0.000000 0.000000
0.000000 0.000000 0.354016 0.354016 0.354001 0.353972 0.353955 0.353930 0.353932 0.353925 0.353929 0.353928 0.353930 0.353932 0.353944 0.353965 0.353980 0.353994 0.353999 0.000000 0.000000
0.000000 0.000000 0.358135 0.358129 0.358122 0.358097 0.358064 0.358022 0.358021 0.358016 0.358016 0.358018 0.358018 0.358019 0.358054 0.358085 0.358101 0.358114 0.358122 0.000000 0.000000
0.000000 0.000000 0.363022 0.363018 0.363010 0.362978 0.362947 0.362902 0.362902 0.362896 0.362896 0.362894 0.362890 0.362900 0.362937 0.362964 0.362991 0.363000 0.363013 0.000000 0.000000
0.000000 0.000000 0.368244 0.368234 0.368221 0.368201 0.368166 0.368120 0.368123 0.368113 0.368110 0.368108 0.368108 0.368108 0.368153 0.368188 0.368209 0.368219 0.368230 0.000000 0.000000
0.000000 0.000000 0.373816 0.373804 0.373798 0.373778 0.373726 0.373685 0.373684 0.373680 0.373672 0.373677 0.373682 0.373680 0.373718 0.373761 0.373785 0.373795 0.373802 0.000000 0.000000
0.000000 0.000000 0.379935 0.379929 0.379921 0.379874 0.379841 0.379787 0.379801 0.379771 0.379777 0.379774 0.379764 0.379782 0.379819 0.379844 0.379878 0.379896 0.379919 0.000000 0.000000
0.000000 0.000000 0.386778 0.386757 0.386738 0.386712 0.386669 0.386608 0.386601 0.386596 0.386609 0.386586 0.386594 0.386596 0.386662 0.386697 0.386718 0.386732 0.386787 0.000000 0.000000
0.000000 0.000000 0.394245 0.394224 0.394223 0.394176 0.394142 0.393973 0.393969 0.393962 0.393914 0.393941 0.393947 0.393963 0.394094 0.394126 0.394190 0.394196 0.394223 0.000000 0.000000
0.000000 0.000000 0.403100 0.403094 0.403061 0.403030 0.402815 0.402836 0.402792 0.402793 0.402808 0.402791 0.402786 0.402772 0.402749 0.402978 0.403008 0.403068 0.403109 0.000000 0.000000
0.000000 0.000000 0.413626 0.413605 0.413562 0.413283 0.413318 0.413176 0.413113 0.413099 0.413049 0.413018 0.413047 0.413042 0.413180 0.413161 0.413531 0.413470 0.413474 0.000000 0.000000
0.000000 0.000000 0.425184 0.425165 0.424762 0.424887 0.424853 0.424821 0.424978 0.424930 0.425012 0.424985 0.424915 0.425016 0.425017 0.425043 0.424723 0.425318 0.425308 0.000000 0.000000
0.000000 0.000000 0.439489 0.438851 0.439013 0.438764 0.438447 0.438350 0.438166 0.438209 0.438014 0.438034 0.438143 0.438031 0.438197 0.438431 0.438987 0.438605 0.439267 0.000000 0.000000
0.000000 0.000000 0.444157 0.444771 0.445298 0.445307 0.445350 0.444844 0.444936 0.444786 0.445038 0.444987 0.444944 0.445030 0.445450 0.445418 0.445393 0.444997 0.444393 0.000000 0.000000
0.000000 0.000000 0.350000 0.350000 0.350000 0.350000 0.350000 0.350000 0.350000 0.350000 0.350000 0.350000 0.350000 0.350000 0.350000 0.350000 0.350000 0.350000 0.350000 0.000000 0.000000
0.000000 0.000000 0.000000 0.000000 0.000000 0.000000 0.000000 0.000000 0.000000 0.000000 0.000000 0.000000 0.000000 0.000000 0.000000 0.000000 0.000000 0.000000 0.000000 0.000000 0.000000