geotop/1.0zi/1.0Montebello/Templates/testdem/maps/_Eocsand4831.asc
ncols         21
nrows         20
xllcorner     100.000000
yllcorner     100.000000
cellsize      50.000000
NODATA_value  -9999.0
0.000000 0.000000 0.000000 0.000000 0.000000 0.000000 0.000000 0.000000 0.000000 0.000000 0.000000 0.000000 0.000000 0.000000 0.000000 0.000000 0.000000 0.000000 0.000000 0.000000 0.000000
0.000000 0.000000 0.300119 0.300119 0.300118 0.300118 0.300118 0.300118 0.300118 0.300118 0.300118 0.300118 0.300118 0.300118 0.300118 0.300118 0.300119 0.300119 0.300119 0.000000 0.000000
0.000000 0.000000 0.300006 0.300005 0.300005 0.300005 0.300005 0.300005 0.300005 0.300005 0.300005 0.300005 0.300005 0.300004 0.300005 0.300005 0.300007 0.300007 0.300006 0.000000 0.000000
0.000000 0.000000 0.299976 0.299974 0.299976 0.299981 0.299978 0.299980 0.299978 0.299978 0.299978 0.299979 0.299979 0.299981 0.299977 0.299973 0.299975 0.299972 0.299974 0.000000 0.000000
0.000000 0.000000 0.299227 0.299224 0.299226 0.299236 0.299246 0.299252 0.299253 0.299255 0.299258 0.299254 0.299257 0.299255 0.299246 0.299246 0.299241 0.299232 0.299225 0.000000 0.000000
0.000000 0.000000 0.296677 0.296672 0.296682 0.296709 0.296720 0.296748 0.296752 0.296761 0.296753 0.296751 0.296743 0.296743 0.296736 0.296721 0.296710 0.296699 0.296691 0.000000 0.000000
0.000000 0.000000 0.292818 0.292821 0.292832 0.292861 0.292894 0.292933 0.292932 0.292938 0.292933 0.292935 0.292935 0.292929 0.292901 0.292868 0.292854 0.292840 0.292827 0.000000 0.000000
0.000000 0.000000 0.288271 0.288276 0.288280 0.288310 0.288346 0.288386 0.288383 0.288390 0.288389 0.288390 0.288392 0.288389 0.288352 0.288317 0.288298 0.288290 0.288277 0.000000 0.000000
0.000000 0.000000 0.283626 0.283634 0.283645 0.283668 0.283702 0.283747 0.283744 0.283752 0.283752 0.283750 0.283753 0.283749 0.283713 0.283674 0.283659 0.283648 0.283632 0.000000 0.000000
0.000000 0.000000 0.278981 0.278990 0.278997 0.279021 0.279061 0.279101 0.279096 0.279102 0.279102 0.279101 0.279105 0.279105 0.279064 0.279026 0.279010 0.279001 0.278988 0.000000 0.000000
0.000000 0.000000 0.274256 0.274265 0.274272 0.274292 0.274323 0.274371 0.274367 0.274377 0.274377 0.274375 0.274379 0.274377 0.274342 0.274312 0.274292 0.274282 0.274267 0.000000 0.000000
0.000000 0.000000 0.269353 0.269361 0.269373 0.269402 0.269434 0.269481 0.269482 0.269488 0.269488 0.269489 0.269491 0.269491 0.269445 0.269410 0.269392 0.269383 0.269334 0.000000 0.000000
0.000000 0.000000 0.264367 0.264377 0.264389 0.264410 0.264450 0.264550 0.264549 0.264557 0.264558 0.264557 0.264562 0.264558 0.264471 0.264429 0.264410 0.264401 0.264371 0.000000 0.000000
0.000000 0.000000 0.259058 0.259077 0.259085 0.259108 0.259215 0.259241 0.259256 0.259262 0.259262 0.259262 0.259267 0.259265 0.259236 0.259134 0.259113 0.259091 0.259074 0.000000 0.000000
0.000000 0.000000 0.253309 0.253323 0.253352 0.253445 0.253495 0.253559 0.253590 0.253600 0.253615 0.253616 0.253611 0.253619 0.253569 0.253500 0.253385 0.253390 0.253374 0.000000 0.000000
0.000000 0.000000 0.247343 0.247358 0.247473 0.247491 0.247524 0.247556 0.247557 0.247559 0.247553 0.247555 0.247570 0.247546 0.247529 0.247502 0.247505 0.247378 0.247348 0.000000 0.000000
0.000000 0.000000 0.240660 0.240816 0.240906 0.240951 0.241033 0.241075 0.241084 0.241090 0.241108 0.241107 0.241103 0.241115 0.241082 0.240991 0.240931 0.240876 0.240722 0.000000 0.000000
0.000000 0.000000 0.235519 0.235544 0.235440 0.235497 0.235564 0.235716 0.235729 0.235743 0.235736 0.235738 0.235746 0.235732 0.235594 0.235522 0.235439 0.235572 0.235521 0.000000 0.000000
0.000000 0.000000 0.300000 0.300000 0.300000 0.300000 0.300000 0.300000 0.300000 0.300000 0.300000 0.300000 0.300000 0.300000 0.300000 0.300000 0.300000 0.300000 0.300000 0.000000 0.000000
0.000000 0.000000 0.000000 0.000000 0.000000 0.000000 0.000000 0.000000 0.000000 0.000000 0.000000 0.000000 0.000000 0.000000 0.000000 0.000000 0.000000 0.000000 0.000000 0.000000 0.000000