geotop/1.0zi/1.0Montebello/Templates/testdem/maps/_Eocclay8745.asc
ncols         21
nrows         20
xllcorner     100.000000
yllcorner     100.000000
cellsize      50.000000
NODATA_value  -9999.0
0.000000 0.000000 0.000000 0.000000 0.000000 0.000000 0.000000 0.000000 0.000000 0.000000 0.000000 0.000000 0.000000 0.000000 0.000000 0.000000 0.000000 0.000000 0.000000 0.000000 0.000000
0.000000 0.000000 0.349594 0.349596 0.349596 0.349595 0.349596 0.349597 0.349596 0.349596 0.349595 0.349597 0.349596 0.349596 0.349597 0.349596 0.349594 0.349595 0.349595 0.000000 0.000000
0.000000 0.000000 0.349983 0.349982 0.349982 0.349984 0.349982 0.349981 0.349982 0.349981 0.349981 0.349981 0.349982 0.349981 0.349982 0.349983 0.349983 0.349982 0.349981 0.000000 0.000000
0.000000 0.000000 0.350023 0.350028 0.350025 0.350021 0.350022 0.350023 0.350025 0.350023 0.350026 0.350024 0.350025 0.350022 0.350025 0.350027 0.350026 0.350028 0.350026 0.000000 0.000000
0.000000 0.000000 0.351180 0.351173 0.351169 0.351163 0.351145 0.351144 0.351141 0.351143 0.351141 0.351143 0.351141 0.351143 0.351152 0.351155 0.351165 0.351167 0.351177 0.000000 0.000000
0.000000 0.000000 0.354453 0.354450 0.354431 0.354399 0.354380 0.354357 0.354359 0.354352 0.354357 0.354357 0.354362 0.354361 0.354373 0.354395 0.354411 0.354424 0.354430 0.000000 0.000000
0.000000 0.000000 0.358874 0.358867 0.358857 0.358829 0.358793 0.358752 0.358752 0.358746 0.358748 0.358750 0.358750 0.358751 0.358788 0.358820 0.358837 0.358850 0.358859 0.000000 0.000000
0.000000 0.000000 0.364113 0.364107 0.364097 0.364062 0.364028 0.363984 0.363984 0.363978 0.363978 0.363976 0.363974 0.363983 0.364022 0.364050 0.364079 0.364087 0.364102 0.000000 0.000000
0.000000 0.000000 0.369747 0.369735 0.369719 0.369696 0.369657 0.369612 0.369616 0.369606 0.369603 0.369602 0.369603 0.369602 0.369649 0.369686 0.369709 0.369719 0.369731 0.000000 0.000000
0.000000 0.000000 0.375814 0.375800 0.375791 0.375767 0.375710 0.375670 0.375670 0.375665 0.375658 0.375663 0.375670 0.375668 0.375708 0.375753 0.375780 0.375789 0.375798 0.000000 0.000000
0.000000 0.000000 0.382544 0.382535 0.382524 0.382470 0.382433 0.382379 0.382394 0.382362 0.382370 0.382367 0.382357 0.382376 0.382416 0.382443 0.382480 0.382498 0.382524 0.000000 0.000000
0.000000 0.000000 0.390154 0.390129 0.390104 0.390074 0.390024 0.389962 0.389955 0.389952 0.389967 0.389942 0.389954 0.389953 0.390026 0.390065 0.390088 0.390101 0.390163 0.000000 0.000000
0.000000 0.000000 0.398540 0.398515 0.398511 0.398454 0.398416 0.398227 0.398223 0.398216 0.398160 0.398194 0.398203 0.398220 0.398369 0.398404 0.398479 0.398483 0.398510 0.000000 0.000000
0.000000 0.000000 0.408635 0.408628 0.408583 0.408546 0.408285 0.408335 0.408284 0.408286 0.408312 0.408289 0.408285 0.408264 0.408224 0.408498 0.408527 0.408598 0.408645 0.000000 0.000000
0.000000 0.000000 0.420699 0.420669 0.420617 0.420271 0.420339 0.420166 0.420097 0.420081 0.420019 0.419985 0.420025 0.420019 0.420195 0.420140 0.420593 0.420507 0.420508 0.000000 0.000000
0.000000 0.000000 0.433695 0.433672 0.433182 0.433370 0.433313 0.433303 0.433504 0.433448 0.433559 0.433532 0.433447 0.433567 0.433548 0.433589 0.433145 0.433876 0.433867 0.000000 0.000000
0.000000 0.000000 0.449102 0.448396 0.448622 0.448317 0.447964 0.447863 0.447636 0.447691 0.447463 0.447491 0.447627 0.447485 0.447675 0.447935 0.448605 0.448097 0.448836 0.000000 0.000000
0.000000 0.000000 0.453243 0.453892 0.454413 0.454424 0.454474 0.453963 0.454068 0.453913 0.454183 0.454131 0.454084 0.454176 0.454599 0.454561 0.454514 0.454132 0.453491 0.000000 0.000000
0.000000 0.000000 0.350000 0.350000 0.350000 0.350000 0.350000 0.350000 0.350000 0.350000 0.350000 0.350000 0.350000 0.350000 0.350000 0.350000 0.350000 0.350000 0.350000 0.000000 0.000000
0.000000 0.000000 0.000000 0.000000 0.000000 0.000000 0.000000 0.000000 0.000000 0.000000 0.000000 0.000000 0.000000 0.000000 0.000000 0.000000 0.000000 0.000000 0.000000 0.000000 0.000000