geotop/1.0zi/1.0Montebello/Templates/testdem/maps/_Eocsand2649.asc
ncols         21
nrows         20
xllcorner     100.000000
yllcorner     100.000000
cellsize      50.000000
NODATA_value  -9999.0
0.000000 0.000000 0.000000 0.000000 0.000000 0.000000 0.000000 0.000000 0.000000 0.000000 0.000000 0.000000 0.000000 0.000000 0.000000 0.000000 0.000000 0.000000 0.000000 0.000000 0.000000
0.000000 0.000000 0.300078 0.300078 0.300077 0.300078 0.300077 0.300078 0.300078 0.300077 0.300079 0.300077 0.300078 0.300078 0.300077 0.300078 0.300077 0.300078 0.300078 0.000000 0.000000
0.000000 0.000000 0.300012 0.300013 0.300013 0.300012 0.300012 0.300012 0.300012 0.300012 0.300011 0.300012 0.300012 0.300012 0.300012 0.300012 0.300013 0.300013 0.300012 0.000000 0.000000
0.000000 0.000000 0.298311 0.298312 0.298316 0.298314 0.298311 0.298311 0.298311 0.298311 0.298311 0.298311 0.298311 0.298311 0.298311 0.298314 0.298316 0.298312 0.298311 0.000000 0.000000
0.000000 0.000000 0.291104 0.291105 0.291109 0.291109 0.291102 0.291104 0.291104 0.291101 0.291101 0.291101 0.291104 0.291104 0.291102 0.291109 0.291109 0.291105 0.291104 0.000000 0.000000
0.000000 0.000000 0.282279 0.282280 0.282283 0.282283 0.282278 0.282279 0.282279 0.282277 0.282277 0.282277 0.282279 0.282279 0.282278 0.282283 0.282283 0.282280 0.282279 0.000000 0.000000
0.000000 0.000000 0.274038 0.274039 0.274041 0.274041 0.274037 0.274038 0.274038 0.274036 0.274036 0.274036 0.274038 0.274038 0.274037 0.274041 0.274041 0.274039 0.274038 0.000000 0.000000
0.000000 0.000000 0.266497 0.266497 0.266500 0.266499 0.266496 0.266497 0.266497 0.266495 0.266495 0.266495 0.266497 0.266497 0.266496 0.266499 0.266500 0.266497 0.266497 0.000000 0.000000
0.000000 0.000000 0.259475 0.259475 0.259478 0.259477 0.259474 0.259475 0.259475 0.259474 0.259473 0.259474 0.259475 0.259475 0.259474 0.259477 0.259478 0.259475 0.259475 0.000000 0.000000
0.000000 0.000000 0.252811 0.252812 0.252814 0.252814 0.252811 0.252812 0.252812 0.252810 0.252810 0.252810 0.252812 0.252812 0.252811 0.252814 0.252814 0.252812 0.252811 0.000000 0.000000
0.000000 0.000000 0.246426 0.246427 0.246429 0.246428 0.246426 0.246427 0.246426 0.246425 0.246425 0.246425 0.246426 0.246427 0.246426 0.246428 0.246429 0.246427 0.246426 0.000000 0.000000
0.000000 0.000000 0.240260 0.240261 0.240263 0.240262 0.240260 0.240261 0.240260 0.240259 0.240259 0.240259 0.240260 0.240261 0.240260 0.240262 0.240263 0.240261 0.240260 0.000000 0.000000
0.000000 0.000000 0.234269 0.234269 0.234271 0.234270 0.234268 0.234269 0.234269 0.234268 0.234267 0.234268 0.234269 0.234269 0.234268 0.234270 0.234271 0.234269 0.234269 0.000000 0.000000
0.000000 0.000000 0.228422 0.228423 0.228425 0.228424 0.228422 0.228423 0.228422 0.228421 0.228421 0.228421 0.228422 0.228423 0.228422 0.228424 0.228425 0.228423 0.228422 0.000000 0.000000
0.000000 0.000000 0.222702 0.222703 0.222705 0.222704 0.222702 0.222703 0.222702 0.222701 0.222701 0.222701 0.222702 0.222703 0.222702 0.222704 0.222705 0.222703 0.222702 0.000000 0.000000
0.000000 0.000000 0.217097 0.217098 0.217100 0.217099 0.217097 0.217098 0.217098 0.217097 0.217096 0.217097 0.217098 0.217098 0.217097 0.217099 0.217100 0.217098 0.217097 0.000000 0.000000
0.000000 0.000000 0.211602 0.211603 0.211605 0.211604 0.211602 0.211602 0.211602 0.211601 0.211601 0.211601 0.211602 0.211602 0.211602 0.211604 0.211605 0.211603 0.211602 0.000000 0.000000
0.000000 0.000000 0.206141 0.206141 0.206143 0.206142 0.206140 0.206141 0.206141 0.206140 0.206139 0.206140 0.206141 0.206141 0.206140 0.206142 0.206143 0.206141 0.206141 0.000000 0.000000
0.000000 0.000000 0.300000 0.300000 0.300000 0.300000 0.300000 0.300000 0.300000 0.300000 0.300000 0.300000 0.300000 0.300000 0.300000 0.300000 0.300000 0.300000 0.300000 0.000000 0.000000
0.000000 0.000000 0.000000 0.000000 0.000000 0.000000 0.000000 0.000000 0.000000 0.000000 0.000000 0.000000 0.000000 0.000000 0.000000 0.000000 0.000000 0.000000 0.000000 0.000000 0.000000