geotop/1.0zi/1.0Montebello/Templates/testdem/maps/_Eocclay9382.asc
ncols         21
nrows         20
xllcorner     100.000000
yllcorner     100.000000
cellsize      50.000000
NODATA_value  -9999.0
0.000000 0.000000 0.000000 0.000000 0.000000 0.000000 0.000000 0.000000 0.000000 0.000000 0.000000 0.000000 0.000000 0.000000 0.000000 0.000000 0.000000 0.000000 0.000000 0.000000 0.000000
0.000000 0.000000 0.349561 0.349564 0.349564 0.349563 0.349565 0.349565 0.349564 0.349564 0.349563 0.349565 0.349564 0.349564 0.349565 0.349564 0.349562 0.349563 0.349563 0.000000 0.000000
0.000000 0.000000 0.349981 0.349979 0.349979 0.349981 0.349979 0.349979 0.349979 0.349979 0.349979 0.349979 0.349979 0.349979 0.349980 0.349980 0.349981 0.349980 0.349978 0.000000 0.000000
0.000000 0.000000 0.350026 0.350030 0.350029 0.350026 0.350027 0.350028 0.350031 0.350029 0.350032 0.350030 0.350031 0.350029 0.350031 0.350033 0.350031 0.350031 0.350029 0.000000 0.000000
0.000000 0.000000 0.351296 0.351289 0.351282 0.351271 0.351253 0.351253 0.351249 0.351251 0.351249 0.351253 0.351253 0.351255 0.351264 0.351269 0.351279 0.351283 0.351292 0.000000 0.000000
0.000000 0.000000 0.354935 0.354929 0.354907 0.354875 0.354846 0.354818 0.354822 0.354816 0.354818 0.354818 0.354824 0.354823 0.354837 0.354866 0.354881 0.354893 0.354899 0.000000 0.000000
0.000000 0.000000 0.359829 0.359819 0.359805 0.359774 0.359736 0.359680 0.359683 0.359678 0.359677 0.359679 0.359680 0.359682 0.359724 0.359757 0.359777 0.359789 0.359798 0.000000 0.000000
0.000000 0.000000 0.365641 0.365630 0.365616 0.365577 0.365537 0.365487 0.365489 0.365483 0.365482 0.365480 0.365478 0.365488 0.365528 0.365562 0.365593 0.365601 0.365616 0.000000 0.000000
0.000000 0.000000 0.371957 0.371942 0.371922 0.371895 0.371847 0.371791 0.371798 0.371787 0.371782 0.371781 0.371783 0.371782 0.371836 0.371877 0.371902 0.371911 0.371924 0.000000 0.000000
0.000000 0.000000 0.378878 0.378858 0.378843 0.378813 0.378749 0.378696 0.378699 0.378692 0.378682 0.378688 0.378696 0.378695 0.378738 0.378792 0.378821 0.378832 0.378840 0.000000 0.000000
0.000000 0.000000 0.386687 0.386672 0.386658 0.386589 0.386548 0.386478 0.386496 0.386459 0.386465 0.386461 0.386450 0.386473 0.386520 0.386553 0.386594 0.386612 0.386644 0.000000 0.000000
0.000000 0.000000 0.395694 0.395662 0.395621 0.395588 0.395527 0.395442 0.395444 0.395438 0.395453 0.395422 0.395438 0.395437 0.395522 0.395571 0.395594 0.395607 0.395677 0.000000 0.000000
0.000000 0.000000 0.405785 0.405756 0.405747 0.405669 0.405619 0.405374 0.405375 0.405362 0.405285 0.405332 0.405342 0.405366 0.405549 0.405595 0.405684 0.405691 0.405714 0.000000 0.000000
0.000000 0.000000 0.418224 0.418214 0.418144 0.418096 0.417751 0.417843 0.417777 0.417779 0.417820 0.417782 0.417776 0.417748 0.417661 0.418033 0.418056 0.418144 0.418200 0.000000 0.000000
0.000000 0.000000 0.432937 0.432893 0.432821 0.432365 0.432510 0.432245 0.432173 0.432147 0.432053 0.432015 0.432068 0.432071 0.432315 0.432183 0.432781 0.432650 0.432638 0.000000 0.000000
0.000000 0.000000 0.447678 0.447649 0.447056 0.447344 0.447247 0.447260 0.447522 0.447453 0.447591 0.447565 0.447457 0.447603 0.447538 0.447621 0.446987 0.447886 0.447873 0.000000 0.000000
0.000000 0.000000 0.462777 0.462132 0.462373 0.462070 0.461745 0.461639 0.461413 0.461466 0.461241 0.461269 0.461402 0.461263 0.461444 0.461684 0.462339 0.461812 0.462483 0.000000 0.000000
0.000000 0.000000 0.467031 0.467438 0.467848 0.467813 0.467807 0.467400 0.467459 0.467345 0.467522 0.467485 0.467464 0.467521 0.467858 0.467865 0.467902 0.467558 0.467154 0.000000 0.000000
0.000000 0.000000 0.350000 0.350000 0.350000 0.350000 0.350000 0.350000 0.350000 0.350000 0.350000 0.350000 0.350000 0.350000 0.350000 0.350000 0.350000 0.350000 0.350000 0.000000 0.000000
0.000000 0.000000 0.000000 0.000000 0.000000 0.000000 0.000000 0.000000 0.000000 0.000000 0.000000 0.000000 0.000000 0.000000 0.000000 0.000000 0.000000 0.000000 0.000000 0.000000 0.000000