geotop/1.0zi/1.0Montebello/Templates/testdem/maps/_Eocsilt6773.asc
ncols         21
nrows         20
xllcorner     100.000000
yllcorner     100.000000
cellsize      50.000000
NODATA_value  -9999.0
0.000000 0.000000 0.000000 0.000000 0.000000 0.000000 0.000000 0.000000 0.000000 0.000000 0.000000 0.000000 0.000000 0.000000 0.000000 0.000000 0.000000 0.000000 0.000000 0.000000 0.000000
0.000000 0.000000 0.350136 0.350137 0.350137 0.350137 0.350137 0.350137 0.350137 0.350137 0.350137 0.350137 0.350137 0.350137 0.350136 0.350137 0.350137 0.350137 0.350136 0.000000 0.000000
0.000000 0.000000 0.350003 0.350002 0.350003 0.350003 0.350003 0.350003 0.350003 0.350003 0.350003 0.350003 0.350004 0.350004 0.350003 0.350003 0.350001 0.350001 0.350002 0.000000 0.000000
0.000000 0.000000 0.350058 0.350055 0.350053 0.350048 0.350049 0.350047 0.350049 0.350050 0.350048 0.350048 0.350048 0.350048 0.350050 0.350053 0.350056 0.350057 0.350057 0.000000 0.000000
0.000000 0.000000 0.350688 0.350694 0.350690 0.350683 0.350679 0.350672 0.350671 0.350669 0.350669 0.350671 0.350672 0.350673 0.350682 0.350686 0.350685 0.350693 0.350697 0.000000 0.000000
0.000000 0.000000 0.352561 0.352563 0.352555 0.352542 0.352528 0.352510 0.352509 0.352504 0.352508 0.352510 0.352511 0.352508 0.352517 0.352526 0.352535 0.352540 0.352546 0.000000 0.000000
0.000000 0.000000 0.355392 0.355389 0.355380 0.355358 0.355333 0.355306 0.355308 0.355304 0.355306 0.355305 0.355302 0.355306 0.355327 0.355350 0.355363 0.355375 0.355382 0.000000 0.000000
0.000000 0.000000 0.358818 0.358818 0.358814 0.358792 0.358767 0.358738 0.358738 0.358735 0.358734 0.358732 0.358731 0.358735 0.358760 0.358783 0.358803 0.358807 0.358819 0.000000 0.000000
0.000000 0.000000 0.362439 0.362433 0.362421 0.362407 0.362382 0.362348 0.362350 0.362343 0.362341 0.362340 0.362341 0.362340 0.362372 0.362400 0.362415 0.362423 0.362433 0.000000 0.000000
0.000000 0.000000 0.366138 0.366132 0.366126 0.366114 0.366079 0.366049 0.366050 0.366046 0.366041 0.366045 0.366049 0.366046 0.366072 0.366103 0.366120 0.366125 0.366132 0.000000 0.000000
0.000000 0.000000 0.369999 0.369995 0.369990 0.369962 0.369939 0.369906 0.369913 0.369895 0.369897 0.369898 0.369892 0.369903 0.369924 0.369944 0.369965 0.369976 0.369992 0.000000 0.000000
0.000000 0.000000 0.374132 0.374121 0.374110 0.374090 0.374067 0.374026 0.374026 0.374018 0.374028 0.374016 0.374019 0.374022 0.374062 0.374081 0.374096 0.374103 0.374143 0.000000 0.000000
0.000000 0.000000 0.378448 0.378437 0.378431 0.378409 0.378388 0.378297 0.378296 0.378289 0.378268 0.378279 0.378285 0.378293 0.378361 0.378382 0.378416 0.378419 0.378445 0.000000 0.000000
0.000000 0.000000 0.383249 0.383244 0.383228 0.383211 0.383114 0.383100 0.383079 0.383078 0.383076 0.383076 0.383074 0.383071 0.383076 0.383178 0.383203 0.383229 0.383257 0.000000 0.000000
0.000000 0.000000 0.388660 0.388653 0.388630 0.388520 0.388499 0.388445 0.388410 0.388405 0.388386 0.388372 0.388385 0.388379 0.388428 0.388461 0.388610 0.388595 0.388609 0.000000 0.000000
0.000000 0.000000 0.394499 0.394490 0.394340 0.394334 0.394327 0.394296 0.394336 0.394317 0.394337 0.394321 0.394302 0.394337 0.394354 0.394365 0.394323 0.394518 0.394521 0.000000 0.000000
0.000000 0.000000 0.401439 0.401220 0.401187 0.401122 0.401014 0.400975 0.400943 0.400947 0.400895 0.400894 0.400919 0.400902 0.400957 0.401039 0.401175 0.401165 0.401389 0.000000 0.000000
0.000000 0.000000 0.405879 0.405961 0.406167 0.406127 0.406080 0.405884 0.405888 0.405841 0.405891 0.405877 0.405882 0.405895 0.406071 0.406109 0.406201 0.406001 0.405930 0.000000 0.000000
0.000000 0.000000 0.350000 0.350000 0.350000 0.350000 0.350000 0.350000 0.350000 0.350000 0.350000 0.350000 0.350000 0.350000 0.350000 0.350000 0.350000 0.350000 0.350000 0.000000 0.000000
0.000000 0.000000 0.000000 0.000000 0.000000 0.000000 0.000000 0.000000 0.000000 0.000000 0.000000 0.000000 0.000000 0.000000 0.000000 0.000000 0.000000 0.000000 0.000000 0.000000 0.000000