geotop/1.0zi/1.0Montebello/Templates/testdem/maps/_Eocsand9451.asc
ncols         21
nrows         20
xllcorner     100.000000
yllcorner     100.000000
cellsize      50.000000
NODATA_value  -9999.0
0.000000 0.000000 0.000000 0.000000 0.000000 0.000000 0.000000 0.000000 0.000000 0.000000 0.000000 0.000000 0.000000 0.000000 0.000000 0.000000 0.000000 0.000000 0.000000 0.000000 0.000000
0.000000 0.000000 0.300238 0.300235 0.300235 0.300236 0.300235 0.300235 0.300235 0.300235 0.300236 0.300235 0.300236 0.300236 0.300235 0.300235 0.300236 0.300236 0.300236 0.000000 0.000000
0.000000 0.000000 0.300011 0.300013 0.300013 0.300011 0.300012 0.300013 0.300012 0.300012 0.300012 0.300013 0.300012 0.300012 0.300012 0.300012 0.300013 0.300013 0.300014 0.000000 0.000000
0.000000 0.000000 0.299813 0.299811 0.299819 0.299827 0.299826 0.299832 0.299824 0.299826 0.299826 0.299824 0.299823 0.299825 0.299819 0.299813 0.299811 0.299809 0.299809 0.000000 0.000000
0.000000 0.000000 0.297178 0.297179 0.297197 0.297225 0.297253 0.297261 0.297261 0.297262 0.297263 0.297256 0.297252 0.297251 0.297228 0.297216 0.297202 0.297192 0.297180 0.000000 0.000000
0.000000 0.000000 0.289965 0.289975 0.290013 0.290066 0.290126 0.290179 0.290176 0.290188 0.290182 0.290181 0.290171 0.290173 0.290143 0.290093 0.290068 0.290047 0.290033 0.000000 0.000000
0.000000 0.000000 0.280044 0.280063 0.280095 0.280159 0.280238 0.280348 0.280338 0.280347 0.280349 0.280347 0.280348 0.280341 0.280259 0.280194 0.280154 0.280126 0.280109 0.000000 0.000000
0.000000 0.000000 0.268278 0.268299 0.268328 0.268403 0.268486 0.268584 0.268578 0.268590 0.268594 0.268599 0.268602 0.268582 0.268505 0.268434 0.268370 0.268356 0.268326 0.000000 0.000000
0.000000 0.000000 0.255417 0.255447 0.255490 0.255545 0.255641 0.255757 0.255742 0.255764 0.255774 0.255777 0.255771 0.255773 0.255664 0.255580 0.255530 0.255510 0.255483 0.000000 0.000000
0.000000 0.000000 0.241326 0.241364 0.241397 0.241457 0.241587 0.241694 0.241687 0.241701 0.241720 0.241708 0.241692 0.241695 0.241608 0.241499 0.241440 0.241418 0.241403 0.000000 0.000000
0.000000 0.000000 0.225434 0.225461 0.225491 0.225632 0.225715 0.225858 0.225819 0.225894 0.225881 0.225890 0.225913 0.225866 0.225770 0.225704 0.225621 0.225585 0.225519 0.000000 0.000000
0.000000 0.000000 0.207056 0.207120 0.207204 0.207269 0.207393 0.207569 0.207564 0.207573 0.207542 0.207607 0.207572 0.207575 0.207402 0.207302 0.207256 0.207229 0.207087 0.000000 0.000000
0.000000 0.000000 0.186467 0.186523 0.186540 0.186699 0.186801 0.187308 0.187303 0.187328 0.187488 0.187389 0.187370 0.187320 0.186945 0.186852 0.186671 0.186656 0.186611 0.000000 0.000000
0.000000 0.000000 0.161116 0.161133 0.161279 0.161371 0.162083 0.161879 0.162013 0.162007 0.161917 0.162000 0.162011 0.162072 0.162262 0.161497 0.161456 0.161273 0.161160 0.000000 0.000000
0.000000 0.000000 0.131583 0.131669 0.131812 0.132732 0.132414 0.132964 0.133101 0.133152 0.133346 0.133421 0.133312 0.133304 0.132802 0.133094 0.131886 0.132156 0.132185 0.000000 0.000000
0.000000 0.000000 0.103164 0.103216 0.104340 0.103778 0.103973 0.103940 0.103440 0.103569 0.103303 0.103349 0.103557 0.103282 0.103413 0.103246 0.104470 0.102759 0.102783 0.000000 0.000000
0.000000 0.000000 0.076135 0.077184 0.076828 0.077309 0.077845 0.078023 0.078379 0.078294 0.078658 0.078614 0.078401 0.078620 0.078324 0.077926 0.076887 0.077694 0.076600 0.000000 0.000000
0.000000 0.000000 0.066904 0.066496 0.065860 0.065987 0.066083 0.066696 0.066663 0.066815 0.066613 0.066661 0.066659 0.066610 0.066083 0.066008 0.065795 0.066404 0.066802 0.000000 0.000000
0.000000 0.000000 0.300000 0.300000 0.300000 0.300000 0.300000 0.300000 0.300000 0.300000 0.300000 0.300000 0.300000 0.300000 0.300000 0.300000 0.300000 0.300000 0.300000 0.000000 0.000000
0.000000 0.000000 0.000000 0.000000 0.000000 0.000000 0.000000 0.000000 0.000000 0.000000 0.000000 0.000000 0.000000 0.000000 0.000000 0.000000 0.000000 0.000000 0.000000 0.000000 0.000000