geotop/1.0zi/1.0Montebello/Templates/testdem/maps/_Eocsand8654.asc
ncols         21
nrows         20
xllcorner     100.000000
yllcorner     100.000000
cellsize      50.000000
NODATA_value  -9999.0
0.000000 0.000000 0.000000 0.000000 0.000000 0.000000 0.000000 0.000000 0.000000 0.000000 0.000000 0.000000 0.000000 0.000000 0.000000 0.000000 0.000000 0.000000 0.000000 0.000000 0.000000
0.000000 0.000000 0.300218 0.300216 0.300216 0.300217 0.300216 0.300215 0.300215 0.300215 0.300216 0.300215 0.300216 0.300216 0.300215 0.300216 0.300217 0.300217 0.300217 0.000000 0.000000
0.000000 0.000000 0.300012 0.300014 0.300013 0.300012 0.300013 0.300013 0.300013 0.300013 0.300013 0.300013 0.300012 0.300013 0.300013 0.300013 0.300014 0.300014 0.300015 0.000000 0.000000
0.000000 0.000000 0.299891 0.299890 0.299896 0.299905 0.299900 0.299907 0.299903 0.299905 0.299905 0.299905 0.299905 0.299906 0.299901 0.299896 0.299893 0.299890 0.299891 0.000000 0.000000
0.000000 0.000000 0.297802 0.297804 0.297819 0.297838 0.297865 0.297871 0.297875 0.297876 0.297877 0.297873 0.297872 0.297870 0.297849 0.297842 0.297828 0.297817 0.297805 0.000000 0.000000
0.000000 0.000000 0.291680 0.291687 0.291715 0.291768 0.291807 0.291850 0.291851 0.291864 0.291854 0.291853 0.291844 0.291848 0.291822 0.291788 0.291758 0.291738 0.291724 0.000000 0.000000
0.000000 0.000000 0.283126 0.283141 0.283162 0.283220 0.283292 0.283369 0.283368 0.283377 0.283375 0.283374 0.283375 0.283370 0.283301 0.283241 0.283205 0.283177 0.283161 0.000000 0.000000
0.000000 0.000000 0.272996 0.273007 0.273024 0.273092 0.273158 0.273242 0.273242 0.273254 0.273254 0.273258 0.273263 0.273246 0.273171 0.273115 0.273058 0.273043 0.273016 0.000000 0.000000
0.000000 0.000000 0.262070 0.262094 0.262127 0.262172 0.262248 0.262338 0.262332 0.262352 0.262356 0.262359 0.262356 0.262359 0.262266 0.262193 0.262148 0.262127 0.262103 0.000000 0.000000
0.000000 0.000000 0.250381 0.250408 0.250427 0.250473 0.250581 0.250662 0.250661 0.250671 0.250684 0.250675 0.250662 0.250667 0.250589 0.250501 0.250449 0.250430 0.250414 0.000000 0.000000
0.000000 0.000000 0.237518 0.237535 0.237557 0.237661 0.237732 0.237836 0.237807 0.237869 0.237854 0.237860 0.237879 0.237843 0.237766 0.237714 0.237642 0.237607 0.237558 0.000000 0.000000
0.000000 0.000000 0.223041 0.223090 0.223136 0.223195 0.223290 0.223410 0.223423 0.223431 0.223403 0.223449 0.223428 0.223427 0.223289 0.223215 0.223171 0.223143 0.223026 0.000000 0.000000
0.000000 0.000000 0.207172 0.207220 0.207228 0.207335 0.207409 0.207763 0.207770 0.207785 0.207888 0.207826 0.207810 0.207777 0.207499 0.207432 0.207291 0.207282 0.207227 0.000000 0.000000
0.000000 0.000000 0.188216 0.188232 0.188314 0.188385 0.188862 0.188785 0.188880 0.188877 0.188834 0.188874 0.188882 0.188918 0.188982 0.188481 0.188420 0.188290 0.188202 0.000000 0.000000
0.000000 0.000000 0.165663 0.165718 0.165817 0.166444 0.166344 0.166654 0.166783 0.166812 0.166923 0.166988 0.166917 0.166928 0.166615 0.166689 0.165869 0.166016 0.166010 0.000000 0.000000
0.000000 0.000000 0.141257 0.141303 0.142192 0.141887 0.141982 0.142018 0.141664 0.141766 0.141573 0.141625 0.141777 0.141559 0.141576 0.141508 0.142265 0.140952 0.140970 0.000000 0.000000
0.000000 0.000000 0.112093 0.113400 0.113026 0.113574 0.114228 0.114418 0.114819 0.114723 0.115134 0.115087 0.114845 0.115094 0.114746 0.114263 0.113065 0.113934 0.112574 0.000000 0.000000
0.000000 0.000000 0.103404 0.102228 0.101248 0.101241 0.101165 0.102128 0.101942 0.102231 0.101738 0.101835 0.101917 0.101750 0.100949 0.101005 0.101061 0.101793 0.102955 0.000000 0.000000
0.000000 0.000000 0.300000 0.300000 0.300000 0.300000 0.300000 0.300000 0.300000 0.300000 0.300000 0.300000 0.300000 0.300000 0.300000 0.300000 0.300000 0.300000 0.300000 0.000000 0.000000
0.000000 0.000000 0.000000 0.000000 0.000000 0.000000 0.000000 0.000000 0.000000 0.000000 0.000000 0.000000 0.000000 0.000000 0.000000 0.000000 0.000000 0.000000 0.000000 0.000000 0.000000