geotop/1.0zi/1.0Montebello/Templates/testdem/maps/_Eocsilt4460.asc
ncols         21
nrows         20
xllcorner     100.000000
yllcorner     100.000000
cellsize      50.000000
NODATA_value  -9999.0
0.000000 0.000000 0.000000 0.000000 0.000000 0.000000 0.000000 0.000000 0.000000 0.000000 0.000000 0.000000 0.000000 0.000000 0.000000 0.000000 0.000000 0.000000 0.000000 0.000000 0.000000
0.000000 0.000000 0.350090 0.350090 0.350090 0.350090 0.350090 0.350090 0.350090 0.350090 0.350090 0.350090 0.350090 0.350090 0.350090 0.350090 0.350090 0.350090 0.350090 0.000000 0.000000
0.000000 0.000000 0.350002 0.350002 0.350002 0.350003 0.350003 0.350003 0.350003 0.350003 0.350003 0.350003 0.350003 0.350003 0.350003 0.350002 0.350001 0.350001 0.350002 0.000000 0.000000
0.000000 0.000000 0.350031 0.350031 0.350030 0.350026 0.350027 0.350025 0.350027 0.350027 0.350027 0.350027 0.350027 0.350026 0.350027 0.350030 0.350031 0.350032 0.350031 0.000000 0.000000
0.000000 0.000000 0.350387 0.350389 0.350388 0.350384 0.350381 0.350377 0.350375 0.350373 0.350371 0.350374 0.350375 0.350377 0.350381 0.350381 0.350382 0.350389 0.350392 0.000000 0.000000
0.000000 0.000000 0.351534 0.351537 0.351534 0.351523 0.351516 0.351502 0.351499 0.351494 0.351499 0.351501 0.351505 0.351503 0.351508 0.351515 0.351521 0.351523 0.351527 0.000000 0.000000
0.000000 0.000000 0.353320 0.353320 0.353318 0.353304 0.353289 0.353271 0.353273 0.353270 0.353274 0.353272 0.353270 0.353273 0.353285 0.353299 0.353305 0.353311 0.353317 0.000000 0.000000
0.000000 0.000000 0.355400 0.355398 0.355397 0.355385 0.355371 0.355354 0.355356 0.355353 0.355353 0.355353 0.355350 0.355349 0.355366 0.355382 0.355392 0.355395 0.355400 0.000000 0.000000
0.000000 0.000000 0.357521 0.357518 0.357514 0.357504 0.357491 0.357469 0.357470 0.357466 0.357467 0.357468 0.357465 0.357466 0.357483 0.357500 0.357508 0.357513 0.357521 0.000000 0.000000
0.000000 0.000000 0.359628 0.359625 0.359624 0.359614 0.359597 0.359579 0.359582 0.359579 0.359579 0.359580 0.359577 0.359575 0.359593 0.359611 0.359618 0.359622 0.359628 0.000000 0.000000
0.000000 0.000000 0.361751 0.361749 0.361747 0.361739 0.361728 0.361705 0.361708 0.361703 0.361703 0.361704 0.361701 0.361700 0.361716 0.361728 0.361738 0.361743 0.361750 0.000000 0.000000
0.000000 0.000000 0.363945 0.363942 0.363939 0.363927 0.363914 0.363892 0.363892 0.363889 0.363890 0.363890 0.363888 0.363886 0.363907 0.363923 0.363931 0.363935 0.363958 0.000000 0.000000
0.000000 0.000000 0.366169 0.366165 0.366162 0.366153 0.366138 0.366093 0.366094 0.366089 0.366089 0.366090 0.366086 0.366086 0.366125 0.366143 0.366152 0.366156 0.366171 0.000000 0.000000
0.000000 0.000000 0.368521 0.368514 0.368512 0.368503 0.368459 0.368447 0.368440 0.368437 0.368438 0.368438 0.368434 0.368433 0.368445 0.368490 0.368500 0.368509 0.368518 0.000000 0.000000
0.000000 0.000000 0.371055 0.371050 0.371039 0.371000 0.370980 0.370952 0.370938 0.370933 0.370927 0.370927 0.370927 0.370922 0.370943 0.370974 0.371024 0.371022 0.371029 0.000000 0.000000
0.000000 0.000000 0.373671 0.373666 0.373618 0.373611 0.373599 0.373585 0.373583 0.373582 0.373585 0.373584 0.373576 0.373584 0.373591 0.373604 0.373604 0.373658 0.373671 0.000000 0.000000
0.000000 0.000000 0.376578 0.376515 0.376476 0.376458 0.376427 0.376409 0.376405 0.376402 0.376395 0.376396 0.376395 0.376389 0.376402 0.376440 0.376465 0.376491 0.376556 0.000000 0.000000
0.000000 0.000000 0.378852 0.378839 0.378882 0.378859 0.378832 0.378768 0.378763 0.378756 0.378759 0.378758 0.378753 0.378756 0.378814 0.378846 0.378883 0.378828 0.378854 0.000000 0.000000
0.000000 0.000000 0.350000 0.350000 0.350000 0.350000 0.350000 0.350000 0.350000 0.350000 0.350000 0.350000 0.350000 0.350000 0.350000 0.350000 0.350000 0.350000 0.350000 0.000000 0.000000
0.000000 0.000000 0.000000 0.000000 0.000000 0.000000 0.000000 0.000000 0.000000 0.000000 0.000000 0.000000 0.000000 0.000000 0.000000 0.000000 0.000000 0.000000 0.000000 0.000000 0.000000