geotop/1.0zi/1.0Montebello/Templates/testdem/maps/_Eocsand1511.asc
ncols         21
nrows         20
xllcorner     100.000000
yllcorner     100.000000
cellsize      50.000000
NODATA_value  -9999.0
0.000000 0.000000 0.000000 0.000000 0.000000 0.000000 0.000000 0.000000 0.000000 0.000000 0.000000 0.000000 0.000000 0.000000 0.000000 0.000000 0.000000 0.000000 0.000000 0.000000 0.000000
0.000000 0.000000 0.300046 0.300046 0.300046 0.300046 0.300046 0.300046 0.300046 0.300046 0.300046 0.300046 0.300046 0.300046 0.300046 0.300046 0.300046 0.300046 0.300046 0.000000 0.000000
0.000000 0.000000 0.300006 0.300006 0.300006 0.300006 0.300006 0.300006 0.300006 0.300006 0.300006 0.300006 0.300006 0.300006 0.300006 0.300006 0.300006 0.300006 0.300006 0.000000 0.000000
0.000000 0.000000 0.298801 0.298801 0.298806 0.298804 0.298800 0.298801 0.298801 0.298800 0.298800 0.298800 0.298801 0.298801 0.298800 0.298804 0.298806 0.298801 0.298801 0.000000 0.000000
0.000000 0.000000 0.294426 0.294428 0.294432 0.294431 0.294424 0.294426 0.294426 0.294424 0.294425 0.294424 0.294426 0.294426 0.294424 0.294431 0.294432 0.294428 0.294426 0.000000 0.000000
0.000000 0.000000 0.289270 0.289271 0.289274 0.289274 0.289269 0.289270 0.289270 0.289269 0.289269 0.289269 0.289270 0.289270 0.289269 0.289274 0.289274 0.289271 0.289270 0.000000 0.000000
0.000000 0.000000 0.284460 0.284461 0.284463 0.284463 0.284458 0.284459 0.284460 0.284458 0.284459 0.284458 0.284460 0.284459 0.284458 0.284463 0.284463 0.284461 0.284460 0.000000 0.000000
0.000000 0.000000 0.280040 0.280041 0.280044 0.280043 0.280039 0.280040 0.280040 0.280039 0.280039 0.280039 0.280040 0.280040 0.280039 0.280043 0.280044 0.280041 0.280040 0.000000 0.000000
0.000000 0.000000 0.275903 0.275903 0.275906 0.275905 0.275902 0.275903 0.275903 0.275902 0.275902 0.275902 0.275903 0.275903 0.275902 0.275905 0.275906 0.275903 0.275903 0.000000 0.000000
0.000000 0.000000 0.271942 0.271942 0.271945 0.271944 0.271941 0.271942 0.271942 0.271941 0.271941 0.271941 0.271942 0.271942 0.271941 0.271944 0.271945 0.271942 0.271942 0.000000 0.000000
0.000000 0.000000 0.268117 0.268117 0.268120 0.268119 0.268116 0.268117 0.268117 0.268116 0.268116 0.268116 0.268117 0.268117 0.268116 0.268119 0.268120 0.268117 0.268117 0.000000 0.000000
0.000000 0.000000 0.264390 0.264391 0.264393 0.264392 0.264389 0.264390 0.264390 0.264389 0.264389 0.264389 0.264390 0.264390 0.264389 0.264392 0.264393 0.264391 0.264390 0.000000 0.000000
0.000000 0.000000 0.260731 0.260731 0.260734 0.260733 0.260730 0.260731 0.260731 0.260730 0.260730 0.260730 0.260731 0.260731 0.260730 0.260733 0.260734 0.260731 0.260731 0.000000 0.000000
0.000000 0.000000 0.257141 0.257141 0.257144 0.257143 0.257140 0.257141 0.257141 0.257140 0.257140 0.257140 0.257141 0.257141 0.257140 0.257143 0.257144 0.257141 0.257141 0.000000 0.000000
0.000000 0.000000 0.253605 0.253605 0.253608 0.253607 0.253604 0.253605 0.253605 0.253604 0.253604 0.253604 0.253605 0.253605 0.253604 0.253607 0.253608 0.253605 0.253605 0.000000 0.000000
0.000000 0.000000 0.250109 0.250109 0.250112 0.250111 0.250108 0.250109 0.250109 0.250108 0.250108 0.250108 0.250109 0.250109 0.250108 0.250111 0.250112 0.250109 0.250109 0.000000 0.000000
0.000000 0.000000 0.246655 0.246656 0.246658 0.246657 0.246654 0.246655 0.246655 0.246654 0.246655 0.246654 0.246655 0.246655 0.246654 0.246657 0.246658 0.246656 0.246655 0.000000 0.000000
0.000000 0.000000 0.243163 0.243163 0.243165 0.243164 0.243161 0.243162 0.243162 0.243162 0.243162 0.243162 0.243162 0.243162 0.243161 0.243164 0.243165 0.243163 0.243162 0.000000 0.000000
0.000000 0.000000 0.300000 0.300000 0.300000 0.300000 0.300000 0.300000 0.300000 0.300000 0.300000 0.300000 0.300000 0.300000 0.300000 0.300000 0.300000 0.300000 0.300000 0.000000 0.000000
0.000000 0.000000 0.000000 0.000000 0.000000 0.000000 0.000000 0.000000 0.000000 0.000000 0.000000 0.000000 0.000000 0.000000 0.000000 0.000000 0.000000 0.000000 0.000000 0.000000 0.000000