geotop/1.0zi/1.0Montebello/Templates/testdem/maps/_Eocsilt9472.asc
ncols         21
nrows         20
xllcorner     100.000000
yllcorner     100.000000
cellsize      50.000000
NODATA_value  -9999.0
0.000000 0.000000 0.000000 0.000000 0.000000 0.000000 0.000000 0.000000 0.000000 0.000000 0.000000 0.000000 0.000000 0.000000 0.000000 0.000000 0.000000 0.000000 0.000000 0.000000 0.000000
0.000000 0.000000 0.350203 0.350203 0.350203 0.350203 0.350202 0.350203 0.350203 0.350203 0.350203 0.350202 0.350202 0.350202 0.350202 0.350203 0.350204 0.350204 0.350203 0.000000 0.000000
0.000000 0.000000 0.350008 0.350008 0.350008 0.350007 0.350008 0.350008 0.350008 0.350008 0.350008 0.350008 0.350009 0.350009 0.350008 0.350007 0.350006 0.350006 0.350007 0.000000 0.000000
0.000000 0.000000 0.350145 0.350141 0.350136 0.350131 0.350130 0.350125 0.350128 0.350129 0.350126 0.350130 0.350130 0.350130 0.350133 0.350137 0.350142 0.350143 0.350145 0.000000 0.000000
0.000000 0.000000 0.351420 0.351425 0.351415 0.351398 0.351387 0.351382 0.351384 0.351382 0.351382 0.351385 0.351390 0.351388 0.351402 0.351409 0.351412 0.351419 0.351422 0.000000 0.000000
0.000000 0.000000 0.354916 0.354911 0.354896 0.354876 0.354844 0.354820 0.354818 0.354813 0.354816 0.354818 0.354822 0.354820 0.354836 0.354857 0.354868 0.354876 0.354883 0.000000 0.000000
0.000000 0.000000 0.359854 0.359845 0.359828 0.359795 0.359754 0.359702 0.359708 0.359704 0.359703 0.359703 0.359701 0.359706 0.359746 0.359777 0.359797 0.359813 0.359820 0.000000 0.000000
0.000000 0.000000 0.365702 0.365691 0.365678 0.365641 0.365600 0.365552 0.365556 0.365550 0.365547 0.365545 0.365544 0.365553 0.365590 0.365626 0.365659 0.365664 0.365679 0.000000 0.000000
0.000000 0.000000 0.372119 0.372103 0.372082 0.372055 0.372006 0.371948 0.371955 0.371944 0.371939 0.371938 0.371941 0.371940 0.371995 0.372037 0.372062 0.372073 0.372087 0.000000 0.000000
0.000000 0.000000 0.379131 0.379112 0.379095 0.379066 0.379002 0.378948 0.378952 0.378945 0.378935 0.378941 0.378949 0.378947 0.378991 0.379045 0.379074 0.379085 0.379093 0.000000 0.000000
0.000000 0.000000 0.387009 0.386996 0.386982 0.386911 0.386870 0.386800 0.386819 0.386782 0.386788 0.386784 0.386772 0.386795 0.386843 0.386876 0.386917 0.386935 0.386968 0.000000 0.000000
0.000000 0.000000 0.396114 0.396082 0.396040 0.396008 0.395947 0.395860 0.395862 0.395858 0.395873 0.395841 0.395859 0.395858 0.395943 0.395993 0.396015 0.396029 0.396098 0.000000 0.000000
0.000000 0.000000 0.406288 0.406261 0.406252 0.406174 0.406124 0.405874 0.405877 0.405864 0.405785 0.405834 0.405843 0.405868 0.406053 0.406098 0.406188 0.406195 0.406217 0.000000 0.000000
0.000000 0.000000 0.418763 0.418755 0.418683 0.418638 0.418290 0.418390 0.418324 0.418327 0.418371 0.418330 0.418325 0.418295 0.418202 0.418576 0.418597 0.418686 0.418741 0.000000 0.000000
0.000000 0.000000 0.433161 0.433120 0.433050 0.432607 0.432759 0.432493 0.432428 0.432403 0.432309 0.432272 0.432325 0.432329 0.432572 0.432432 0.433015 0.432885 0.432871 0.000000 0.000000
0.000000 0.000000 0.446764 0.446740 0.446216 0.446472 0.446382 0.446395 0.446626 0.446566 0.446689 0.446667 0.446571 0.446699 0.446640 0.446718 0.446155 0.446949 0.446938 0.000000 0.000000
0.000000 0.000000 0.459144 0.458705 0.458833 0.458639 0.458412 0.458337 0.458195 0.458228 0.458079 0.458097 0.458183 0.458096 0.458220 0.458389 0.458806 0.458499 0.458957 0.000000 0.000000
0.000000 0.000000 0.464032 0.464096 0.464350 0.464267 0.464189 0.463953 0.463941 0.463891 0.463939 0.463924 0.463940 0.463943 0.464155 0.464214 0.464368 0.464092 0.464033 0.000000 0.000000
0.000000 0.000000 0.350000 0.350000 0.350000 0.350000 0.350000 0.350000 0.350000 0.350000 0.350000 0.350000 0.350000 0.350000 0.350000 0.350000 0.350000 0.350000 0.350000 0.000000 0.000000
0.000000 0.000000 0.000000 0.000000 0.000000 0.000000 0.000000 0.000000 0.000000 0.000000 0.000000 0.000000 0.000000 0.000000 0.000000 0.000000 0.000000 0.000000 0.000000 0.000000 0.000000