geotop/1.0zi/1.0Montebello/Templates/testdem/maps/_Eocsand8219.asc
ncols         21
nrows         20
xllcorner     100.000000
yllcorner     100.000000
cellsize      50.000000
NODATA_value  -9999.0
0.000000 0.000000 0.000000 0.000000 0.000000 0.000000 0.000000 0.000000 0.000000 0.000000 0.000000 0.000000 0.000000 0.000000 0.000000 0.000000 0.000000 0.000000 0.000000 0.000000 0.000000
0.000000 0.000000 0.300208 0.300206 0.300206 0.300206 0.300205 0.300205 0.300205 0.300205 0.300206 0.300205 0.300205 0.300206 0.300205 0.300205 0.300207 0.300206 0.300206 0.000000 0.000000
0.000000 0.000000 0.300011 0.300012 0.300012 0.300010 0.300011 0.300012 0.300012 0.300012 0.300012 0.300012 0.300011 0.300012 0.300011 0.300011 0.300012 0.300013 0.300013 0.000000 0.000000
0.000000 0.000000 0.299894 0.299893 0.299897 0.299906 0.299901 0.299909 0.299904 0.299906 0.299906 0.299906 0.299906 0.299908 0.299903 0.299899 0.299896 0.299893 0.299894 0.000000 0.000000
0.000000 0.000000 0.297937 0.297934 0.297943 0.297958 0.297980 0.297990 0.297997 0.297995 0.297999 0.297998 0.298001 0.297996 0.297972 0.297965 0.297953 0.297940 0.297930 0.000000 0.000000
0.000000 0.000000 0.292223 0.292223 0.292246 0.292291 0.292325 0.292373 0.292374 0.292387 0.292378 0.292379 0.292375 0.292374 0.292351 0.292317 0.292288 0.292266 0.292254 0.000000 0.000000
0.000000 0.000000 0.284278 0.284286 0.284306 0.284357 0.284421 0.284496 0.284498 0.284507 0.284504 0.284506 0.284508 0.284502 0.284438 0.284379 0.284344 0.284316 0.284299 0.000000 0.000000
0.000000 0.000000 0.274871 0.274875 0.274890 0.274949 0.275011 0.275094 0.275095 0.275104 0.275105 0.275111 0.275115 0.275100 0.275030 0.274974 0.274920 0.274904 0.274878 0.000000 0.000000
0.000000 0.000000 0.264807 0.264822 0.264852 0.264890 0.264957 0.265046 0.265043 0.265062 0.265066 0.265070 0.265068 0.265070 0.264983 0.264913 0.264870 0.264849 0.264827 0.000000 0.000000
0.000000 0.000000 0.254149 0.254168 0.254184 0.254222 0.254319 0.254399 0.254400 0.254409 0.254422 0.254415 0.254403 0.254408 0.254335 0.254254 0.254203 0.254186 0.254170 0.000000 0.000000
0.000000 0.000000 0.242555 0.242567 0.242586 0.242669 0.242736 0.242832 0.242813 0.242863 0.242856 0.242859 0.242877 0.242843 0.242776 0.242725 0.242660 0.242625 0.242582 0.000000 0.000000
0.000000 0.000000 0.229663 0.229696 0.229736 0.229789 0.229866 0.229986 0.229995 0.230008 0.229980 0.230022 0.230009 0.230003 0.229879 0.229815 0.229771 0.229746 0.229638 0.000000 0.000000
0.000000 0.000000 0.215697 0.215729 0.215744 0.215821 0.215889 0.216204 0.216209 0.216227 0.216309 0.216266 0.216248 0.216219 0.215980 0.215916 0.215797 0.215783 0.215730 0.000000 0.000000
0.000000 0.000000 0.199286 0.199295 0.199362 0.199415 0.199810 0.199777 0.199861 0.199859 0.199832 0.199857 0.199868 0.199886 0.199925 0.199514 0.199449 0.199340 0.199262 0.000000 0.000000
0.000000 0.000000 0.179913 0.179948 0.180028 0.180530 0.180484 0.180736 0.180849 0.180876 0.180961 0.181020 0.180965 0.180975 0.180730 0.180746 0.180081 0.180183 0.180169 0.000000 0.000000
0.000000 0.000000 0.158683 0.158712 0.159441 0.159238 0.159292 0.159359 0.159088 0.159172 0.159028 0.159079 0.159199 0.159017 0.159005 0.158963 0.159500 0.158447 0.158461 0.000000 0.000000
0.000000 0.000000 0.132425 0.133561 0.133319 0.133744 0.134313 0.134479 0.134794 0.134719 0.135060 0.135029 0.134835 0.135025 0.134740 0.134319 0.133354 0.133981 0.132793 0.000000 0.000000
0.000000 0.000000 0.122998 0.121934 0.120975 0.120963 0.120909 0.121829 0.121675 0.121945 0.121503 0.121592 0.121660 0.121509 0.120745 0.120785 0.120794 0.121539 0.122578 0.000000 0.000000
0.000000 0.000000 0.300000 0.300000 0.300000 0.300000 0.300000 0.300000 0.300000 0.300000 0.300000 0.300000 0.300000 0.300000 0.300000 0.300000 0.300000 0.300000 0.300000 0.000000 0.000000
0.000000 0.000000 0.000000 0.000000 0.000000 0.000000 0.000000 0.000000 0.000000 0.000000 0.000000 0.000000 0.000000 0.000000 0.000000 0.000000 0.000000 0.000000 0.000000 0.000000 0.000000