geotop/1.0zi/1.0Montebello/Templates/testdem/maps/_Eocclay094..asc
ncols         21
nrows         20
xllcorner     100.000000
yllcorner     100.000000
cellsize      50.000000
NODATA_value  -9999.0
0.000000 0.000000 0.000000 0.000000 0.000000 0.000000 0.000000 0.000000 0.000000 0.000000 0.000000 0.000000 0.000000 0.000000 0.000000 0.000000 0.000000 0.000000 0.000000 0.000000 0.000000
0.000000 0.000000 0.349485 0.349488 0.349487 0.349486 0.349488 0.349489 0.349488 0.349488 0.349487 0.349488 0.349488 0.349488 0.349488 0.349488 0.349486 0.349487 0.349487 0.000000 0.000000
0.000000 0.000000 0.349979 0.349977 0.349977 0.349979 0.349976 0.349976 0.349977 0.349976 0.349976 0.349976 0.349976 0.349976 0.349977 0.349978 0.349978 0.349978 0.349976 0.000000 0.000000
0.000000 0.000000 0.350078 0.350087 0.350085 0.350079 0.350081 0.350082 0.350086 0.350082 0.350085 0.350083 0.350084 0.350082 0.350086 0.350090 0.350088 0.350087 0.350085 0.000000 0.000000
0.000000 0.000000 0.351999 0.351985 0.351977 0.351962 0.351940 0.351935 0.351933 0.351936 0.351933 0.351937 0.351937 0.351939 0.351949 0.351955 0.351968 0.351976 0.351984 0.000000 0.000000
0.000000 0.000000 0.356821 0.356814 0.356789 0.356744 0.356707 0.356672 0.356678 0.356674 0.356671 0.356670 0.356676 0.356675 0.356693 0.356729 0.356748 0.356764 0.356769 0.000000 0.000000
0.000000 0.000000 0.363223 0.363209 0.363191 0.363145 0.363098 0.363028 0.363030 0.363026 0.363019 0.363020 0.363020 0.363020 0.363076 0.363116 0.363142 0.363158 0.363166 0.000000 0.000000
0.000000 0.000000 0.370939 0.370921 0.370899 0.370836 0.370783 0.370717 0.370719 0.370714 0.370705 0.370701 0.370699 0.370709 0.370761 0.370805 0.370846 0.370857 0.370872 0.000000 0.000000
0.000000 0.000000 0.379651 0.379627 0.379593 0.379543 0.379480 0.379403 0.379411 0.379401 0.379387 0.379385 0.379387 0.379383 0.379456 0.379511 0.379544 0.379559 0.379571 0.000000 0.000000
0.000000 0.000000 0.389695 0.389659 0.389628 0.389572 0.389499 0.389414 0.389415 0.389411 0.389390 0.389397 0.389405 0.389402 0.389461 0.389536 0.389578 0.389596 0.389600 0.000000 0.000000
0.000000 0.000000 0.401695 0.401664 0.401635 0.401508 0.401475 0.401353 0.401381 0.401328 0.401329 0.401318 0.401296 0.401329 0.401402 0.401448 0.401510 0.401533 0.401583 0.000000 0.000000
0.000000 0.000000 0.416361 0.416291 0.416204 0.416151 0.416078 0.415922 0.415907 0.415919 0.415929 0.415882 0.415906 0.415885 0.416027 0.416112 0.416143 0.416165 0.416265 0.000000 0.000000
0.000000 0.000000 0.433032 0.432968 0.432954 0.432816 0.432731 0.432286 0.432277 0.432254 0.432074 0.432196 0.432192 0.432234 0.432556 0.432619 0.432791 0.432800 0.432791 0.000000 0.000000
0.000000 0.000000 0.452241 0.452217 0.452071 0.452005 0.451440 0.451746 0.451627 0.451635 0.451750 0.451637 0.451621 0.451545 0.451279 0.451904 0.451887 0.452035 0.452113 0.000000 0.000000
0.000000 0.000000 0.467862 0.467815 0.467757 0.467300 0.467540 0.467223 0.467177 0.467148 0.467026 0.467008 0.467055 0.467068 0.467342 0.467101 0.467693 0.467546 0.467511 0.000000 0.000000
0.000000 0.000000 0.477778 0.477753 0.477482 0.477522 0.477513 0.477461 0.477564 0.477532 0.477567 0.477555 0.477515 0.477575 0.477589 0.477594 0.477422 0.477783 0.477770 0.000000 0.000000
0.000000 0.000000 0.485414 0.485240 0.485202 0.485124 0.485045 0.484994 0.484971 0.484974 0.484927 0.484927 0.484947 0.484933 0.484985 0.485040 0.485161 0.485154 0.485316 0.000000 0.000000
0.000000 0.000000 0.489313 0.489416 0.489431 0.489448 0.489443 0.489330 0.489379 0.489342 0.489401 0.489387 0.489367 0.489401 0.489484 0.489486 0.489421 0.489457 0.489344 0.000000 0.000000
0.000000 0.000000 0.350000 0.350000 0.350000 0.350000 0.350000 0.350000 0.350000 0.350000 0.350000 0.350000 0.350000 0.350000 0.350000 0.350000 0.350000 0.350000 0.350000 0.000000 0.000000
0.000000 0.000000 0.000000 0.000000 0.000000 0.000000 0.000000 0.000000 0.000000 0.000000 0.000000 0.000000 0.000000 0.000000 0.000000 0.000000 0.000000 0.000000 0.000000 0.000000 0.000000