geotop/1.0zi/1.0Montebello/Templates/testdem/maps/_Eocclay1499.asc
ncols         21
nrows         20
xllcorner     100.000000
yllcorner     100.000000
cellsize      50.000000
NODATA_value  -9999.0
0.000000 0.000000 0.000000 0.000000 0.000000 0.000000 0.000000 0.000000 0.000000 0.000000 0.000000 0.000000 0.000000 0.000000 0.000000 0.000000 0.000000 0.000000 0.000000 0.000000 0.000000
0.000000 0.000000 0.349925 0.349925 0.349925 0.349925 0.349925 0.349925 0.349925 0.349925 0.349925 0.349925 0.349925 0.349925 0.349925 0.349925 0.349925 0.349925 0.349925 0.000000 0.000000
0.000000 0.000000 0.349994 0.349994 0.349994 0.349994 0.349994 0.349994 0.349994 0.349994 0.349994 0.349994 0.349994 0.349994 0.349994 0.349994 0.349994 0.349994 0.349994 0.000000 0.000000
0.000000 0.000000 0.350582 0.350582 0.350580 0.350580 0.350582 0.350582 0.350582 0.350582 0.350582 0.350582 0.350582 0.350582 0.350582 0.350580 0.350580 0.350582 0.350582 0.000000 0.000000
0.000000 0.000000 0.352843 0.352842 0.352840 0.352840 0.352844 0.352843 0.352843 0.352844 0.352844 0.352844 0.352843 0.352843 0.352844 0.352840 0.352840 0.352842 0.352843 0.000000 0.000000
0.000000 0.000000 0.355377 0.355376 0.355375 0.355375 0.355378 0.355377 0.355377 0.355377 0.355377 0.355377 0.355377 0.355377 0.355378 0.355375 0.355375 0.355376 0.355377 0.000000 0.000000
0.000000 0.000000 0.357782 0.357782 0.357780 0.357781 0.357783 0.357782 0.357782 0.357783 0.357783 0.357783 0.357782 0.357782 0.357783 0.357781 0.357780 0.357782 0.357782 0.000000 0.000000
0.000000 0.000000 0.359996 0.359995 0.359994 0.359995 0.359996 0.359996 0.359996 0.359996 0.359996 0.359996 0.359996 0.359996 0.359996 0.359995 0.359994 0.359995 0.359996 0.000000 0.000000
0.000000 0.000000 0.362069 0.362069 0.362067 0.362068 0.362069 0.362069 0.362069 0.362069 0.362069 0.362069 0.362069 0.362069 0.362069 0.362068 0.362067 0.362069 0.362069 0.000000 0.000000
0.000000 0.000000 0.364054 0.364054 0.364052 0.364053 0.364054 0.364054 0.364054 0.364054 0.364054 0.364054 0.364054 0.364054 0.364054 0.364053 0.364052 0.364054 0.364054 0.000000 0.000000
0.000000 0.000000 0.365971 0.365971 0.365970 0.365970 0.365972 0.365971 0.365971 0.365972 0.365972 0.365972 0.365971 0.365971 0.365972 0.365970 0.365970 0.365971 0.365971 0.000000 0.000000
0.000000 0.000000 0.367840 0.367839 0.367838 0.367839 0.367840 0.367840 0.367840 0.367840 0.367840 0.367840 0.367840 0.367840 0.367840 0.367839 0.367838 0.367839 0.367840 0.000000 0.000000
0.000000 0.000000 0.369675 0.369675 0.369673 0.369674 0.369675 0.369675 0.369675 0.369675 0.369675 0.369675 0.369675 0.369675 0.369675 0.369674 0.369673 0.369675 0.369675 0.000000 0.000000
0.000000 0.000000 0.371476 0.371475 0.371474 0.371475 0.371476 0.371476 0.371476 0.371476 0.371476 0.371476 0.371476 0.371476 0.371476 0.371475 0.371474 0.371475 0.371476 0.000000 0.000000
0.000000 0.000000 0.373250 0.373250 0.373248 0.373249 0.373250 0.373250 0.373250 0.373250 0.373250 0.373250 0.373250 0.373250 0.373250 0.373249 0.373248 0.373250 0.373250 0.000000 0.000000
0.000000 0.000000 0.375004 0.375004 0.375003 0.375003 0.375005 0.375004 0.375004 0.375005 0.375005 0.375005 0.375004 0.375004 0.375005 0.375003 0.375003 0.375004 0.375004 0.000000 0.000000
0.000000 0.000000 0.376739 0.376738 0.376737 0.376738 0.376739 0.376739 0.376739 0.376739 0.376739 0.376739 0.376739 0.376739 0.376739 0.376738 0.376737 0.376738 0.376739 0.000000 0.000000
0.000000 0.000000 0.378494 0.378494 0.378493 0.378494 0.378495 0.378495 0.378495 0.378495 0.378495 0.378495 0.378495 0.378495 0.378495 0.378494 0.378493 0.378494 0.378495 0.000000 0.000000
0.000000 0.000000 0.350000 0.350000 0.350000 0.350000 0.350000 0.350000 0.350000 0.350000 0.350000 0.350000 0.350000 0.350000 0.350000 0.350000 0.350000 0.350000 0.350000 0.000000 0.000000
0.000000 0.000000 0.000000 0.000000 0.000000 0.000000 0.000000 0.000000 0.000000 0.000000 0.000000 0.000000 0.000000 0.000000 0.000000 0.000000 0.000000 0.000000 0.000000 0.000000 0.000000