geotop/1.0zi/1.0Montebello/Templates/testdem/maps/_Eocclay2692.asc
ncols         21
nrows         20
xllcorner     100.000000
yllcorner     100.000000
cellsize      50.000000
NODATA_value  -9999.0
0.000000 0.000000 0.000000 0.000000 0.000000 0.000000 0.000000 0.000000 0.000000 0.000000 0.000000 0.000000 0.000000 0.000000 0.000000 0.000000 0.000000 0.000000 0.000000 0.000000 0.000000
0.000000 0.000000 0.349855 0.349855 0.349855 0.349855 0.349855 0.349855 0.349855 0.349855 0.349854 0.349855 0.349855 0.349855 0.349855 0.349855 0.349855 0.349855 0.349855 0.000000 0.000000
0.000000 0.000000 0.349990 0.349990 0.349990 0.349990 0.349990 0.349990 0.349990 0.349990 0.349991 0.349990 0.349990 0.349990 0.349990 0.349990 0.349990 0.349990 0.349990 0.000000 0.000000
0.000000 0.000000 0.350836 0.350835 0.350833 0.350834 0.350836 0.350835 0.350835 0.350836 0.350836 0.350836 0.350835 0.350835 0.350836 0.350834 0.350833 0.350835 0.350836 0.000000 0.000000
0.000000 0.000000 0.354711 0.354710 0.354708 0.354708 0.354712 0.354711 0.354711 0.354712 0.354712 0.354712 0.354711 0.354711 0.354712 0.354708 0.354708 0.354710 0.354711 0.000000 0.000000
0.000000 0.000000 0.359183 0.359183 0.359181 0.359181 0.359184 0.359183 0.359183 0.359184 0.359184 0.359184 0.359183 0.359183 0.359184 0.359181 0.359181 0.359183 0.359183 0.000000 0.000000
0.000000 0.000000 0.363430 0.363429 0.363428 0.363428 0.363430 0.363429 0.363429 0.363430 0.363431 0.363430 0.363429 0.363429 0.363430 0.363428 0.363428 0.363429 0.363430 0.000000 0.000000
0.000000 0.000000 0.367324 0.367324 0.367323 0.367323 0.367325 0.367324 0.367324 0.367325 0.367325 0.367325 0.367324 0.367324 0.367325 0.367323 0.367323 0.367324 0.367324 0.000000 0.000000
0.000000 0.000000 0.370950 0.370950 0.370949 0.370949 0.370951 0.370950 0.370950 0.370951 0.370951 0.370951 0.370950 0.370950 0.370951 0.370949 0.370949 0.370950 0.370950 0.000000 0.000000
0.000000 0.000000 0.374390 0.374390 0.374389 0.374389 0.374390 0.374390 0.374390 0.374391 0.374391 0.374391 0.374390 0.374390 0.374390 0.374389 0.374389 0.374390 0.374390 0.000000 0.000000
0.000000 0.000000 0.377684 0.377684 0.377683 0.377683 0.377685 0.377684 0.377684 0.377685 0.377685 0.377685 0.377684 0.377684 0.377685 0.377683 0.377683 0.377684 0.377684 0.000000 0.000000
0.000000 0.000000 0.380864 0.380864 0.380863 0.380863 0.380865 0.380864 0.380864 0.380865 0.380865 0.380865 0.380864 0.380864 0.380865 0.380863 0.380863 0.380864 0.380864 0.000000 0.000000
0.000000 0.000000 0.383954 0.383954 0.383952 0.383953 0.383954 0.383954 0.383954 0.383954 0.383955 0.383954 0.383954 0.383954 0.383954 0.383953 0.383952 0.383954 0.383954 0.000000 0.000000
0.000000 0.000000 0.386968 0.386968 0.386967 0.386967 0.386969 0.386968 0.386968 0.386969 0.386969 0.386969 0.386968 0.386968 0.386969 0.386967 0.386967 0.386968 0.386968 0.000000 0.000000
0.000000 0.000000 0.389916 0.389916 0.389914 0.389915 0.389916 0.389916 0.389916 0.389916 0.389917 0.389916 0.389916 0.389916 0.389916 0.389915 0.389914 0.389916 0.389916 0.000000 0.000000
0.000000 0.000000 0.392803 0.392802 0.392801 0.392802 0.392803 0.392802 0.392802 0.392803 0.392803 0.392803 0.392802 0.392802 0.392803 0.392802 0.392801 0.392802 0.392803 0.000000 0.000000
0.000000 0.000000 0.395632 0.395632 0.395631 0.395631 0.395632 0.395632 0.395632 0.395632 0.395633 0.395632 0.395632 0.395632 0.395632 0.395631 0.395631 0.395632 0.395632 0.000000 0.000000
0.000000 0.000000 0.398447 0.398447 0.398446 0.398447 0.398448 0.398447 0.398447 0.398448 0.398448 0.398448 0.398447 0.398447 0.398448 0.398447 0.398446 0.398447 0.398448 0.000000 0.000000
0.000000 0.000000 0.350000 0.350000 0.350000 0.350000 0.350000 0.350000 0.350000 0.350000 0.350000 0.350000 0.350000 0.350000 0.350000 0.350000 0.350000 0.350000 0.350000 0.000000 0.000000
0.000000 0.000000 0.000000 0.000000 0.000000 0.000000 0.000000 0.000000 0.000000 0.000000 0.000000 0.000000 0.000000 0.000000 0.000000 0.000000 0.000000 0.000000 0.000000 0.000000 0.000000