geotop/1.0zi/1.0Montebello/Templates/testdem/maps/_Eocsilt6844.asc
ncols         21
nrows         20
xllcorner     100.000000
yllcorner     100.000000
cellsize      50.000000
NODATA_value  -9999.0
0.000000 0.000000 0.000000 0.000000 0.000000 0.000000 0.000000 0.000000 0.000000 0.000000 0.000000 0.000000 0.000000 0.000000 0.000000 0.000000 0.000000 0.000000 0.000000 0.000000 0.000000
0.000000 0.000000 0.350136 0.350137 0.350137 0.350137 0.350137 0.350137 0.350137 0.350137 0.350137 0.350137 0.350137 0.350137 0.350137 0.350137 0.350137 0.350137 0.350136 0.000000 0.000000
0.000000 0.000000 0.350003 0.350002 0.350003 0.350003 0.350003 0.350003 0.350003 0.350003 0.350003 0.350003 0.350004 0.350004 0.350003 0.350003 0.350001 0.350001 0.350002 0.000000 0.000000
0.000000 0.000000 0.350058 0.350054 0.350053 0.350048 0.350049 0.350047 0.350049 0.350049 0.350047 0.350048 0.350048 0.350048 0.350050 0.350053 0.350056 0.350057 0.350057 0.000000 0.000000
0.000000 0.000000 0.350697 0.350703 0.350699 0.350692 0.350688 0.350681 0.350680 0.350677 0.350678 0.350680 0.350681 0.350681 0.350691 0.350695 0.350694 0.350701 0.350706 0.000000 0.000000
0.000000 0.000000 0.352614 0.352616 0.352607 0.352594 0.352580 0.352561 0.352560 0.352555 0.352560 0.352562 0.352562 0.352560 0.352569 0.352578 0.352587 0.352592 0.352598 0.000000 0.000000
0.000000 0.000000 0.355498 0.355495 0.355486 0.355464 0.355438 0.355411 0.355413 0.355409 0.355411 0.355410 0.355407 0.355411 0.355433 0.355455 0.355469 0.355481 0.355488 0.000000 0.000000
0.000000 0.000000 0.358982 0.358981 0.358977 0.358955 0.358930 0.358900 0.358901 0.358897 0.358896 0.358895 0.358893 0.358898 0.358923 0.358946 0.358967 0.358970 0.358982 0.000000 0.000000
0.000000 0.000000 0.362666 0.362660 0.362648 0.362633 0.362608 0.362574 0.362575 0.362568 0.362566 0.362566 0.362567 0.362565 0.362598 0.362626 0.362642 0.362649 0.362659 0.000000 0.000000
0.000000 0.000000 0.366435 0.366429 0.366422 0.366410 0.366375 0.366345 0.366346 0.366342 0.366337 0.366341 0.366345 0.366342 0.366369 0.366400 0.366417 0.366422 0.366429 0.000000 0.000000
0.000000 0.000000 0.370378 0.370373 0.370368 0.370340 0.370316 0.370282 0.370290 0.370271 0.370273 0.370274 0.370268 0.370279 0.370301 0.370321 0.370343 0.370353 0.370370 0.000000 0.000000
0.000000 0.000000 0.374605 0.374594 0.374582 0.374563 0.374539 0.374497 0.374497 0.374489 0.374499 0.374487 0.374490 0.374493 0.374533 0.374554 0.374569 0.374576 0.374616 0.000000 0.000000
0.000000 0.000000 0.379028 0.379017 0.379011 0.378988 0.378967 0.378873 0.378873 0.378865 0.378844 0.378855 0.378861 0.378869 0.378939 0.378961 0.378995 0.378998 0.379024 0.000000 0.000000
0.000000 0.000000 0.383960 0.383955 0.383938 0.383921 0.383821 0.383807 0.383786 0.383785 0.383784 0.383783 0.383782 0.383778 0.383782 0.383888 0.383913 0.383940 0.383969 0.000000 0.000000
0.000000 0.000000 0.389532 0.389524 0.389501 0.389386 0.389366 0.389310 0.389275 0.389268 0.389250 0.389235 0.389248 0.389242 0.389293 0.389325 0.389480 0.389464 0.389478 0.000000 0.000000
0.000000 0.000000 0.395554 0.395545 0.395387 0.395383 0.395377 0.395345 0.395388 0.395367 0.395389 0.395373 0.395353 0.395389 0.395406 0.395418 0.395370 0.395576 0.395578 0.000000 0.000000
0.000000 0.000000 0.402737 0.402507 0.402475 0.402407 0.402294 0.402252 0.402218 0.402222 0.402167 0.402167 0.402195 0.402174 0.402232 0.402319 0.402463 0.402447 0.402684 0.000000 0.000000
0.000000 0.000000 0.407258 0.407352 0.407568 0.407529 0.407483 0.407277 0.407282 0.407231 0.407287 0.407272 0.407277 0.407290 0.407475 0.407513 0.407605 0.407395 0.407313 0.000000 0.000000
0.000000 0.000000 0.350000 0.350000 0.350000 0.350000 0.350000 0.350000 0.350000 0.350000 0.350000 0.350000 0.350000 0.350000 0.350000 0.350000 0.350000 0.350000 0.350000 0.000000 0.000000
0.000000 0.000000 0.000000 0.000000 0.000000 0.000000 0.000000 0.000000 0.000000 0.000000 0.000000 0.000000 0.000000 0.000000 0.000000 0.000000 0.000000 0.000000 0.000000 0.000000 0.000000