geotop/1.0zi/1.0Montebello/Templates/testdem/maps/_Eocsand5424.asc
ncols         21
nrows         20
xllcorner     100.000000
yllcorner     100.000000
cellsize      50.000000
NODATA_value  -9999.0
0.000000 0.000000 0.000000 0.000000 0.000000 0.000000 0.000000 0.000000 0.000000 0.000000 0.000000 0.000000 0.000000 0.000000 0.000000 0.000000 0.000000 0.000000 0.000000 0.000000 0.000000
0.000000 0.000000 0.300136 0.300135 0.300135 0.300135 0.300135 0.300134 0.300135 0.300135 0.300135 0.300135 0.300135 0.300135 0.300135 0.300135 0.300135 0.300135 0.300136 0.000000 0.000000
0.000000 0.000000 0.300008 0.300008 0.300008 0.300007 0.300007 0.300007 0.300007 0.300007 0.300007 0.300008 0.300007 0.300007 0.300007 0.300007 0.300009 0.300009 0.300009 0.000000 0.000000
0.000000 0.000000 0.299975 0.299974 0.299976 0.299981 0.299978 0.299980 0.299978 0.299978 0.299978 0.299980 0.299979 0.299981 0.299977 0.299973 0.299975 0.299972 0.299974 0.000000 0.000000
0.000000 0.000000 0.299173 0.299169 0.299170 0.299178 0.299191 0.299199 0.299199 0.299198 0.299203 0.299199 0.299204 0.299204 0.299194 0.299193 0.299189 0.299178 0.299173 0.000000 0.000000
0.000000 0.000000 0.296399 0.296393 0.296401 0.296432 0.296446 0.296479 0.296482 0.296489 0.296481 0.296479 0.296475 0.296478 0.296470 0.296455 0.296441 0.296427 0.296419 0.000000 0.000000
0.000000 0.000000 0.292186 0.292189 0.292193 0.292226 0.292264 0.292312 0.292311 0.292316 0.292312 0.292309 0.292313 0.292312 0.292280 0.292245 0.292229 0.292212 0.292201 0.000000 0.000000
0.000000 0.000000 0.287042 0.287041 0.287041 0.287075 0.287113 0.287164 0.287163 0.287168 0.287167 0.287167 0.287171 0.287166 0.287130 0.287096 0.287068 0.287061 0.287045 0.000000 0.000000
0.000000 0.000000 0.281754 0.281761 0.281771 0.281791 0.281828 0.281883 0.281880 0.281889 0.281894 0.281890 0.281891 0.281896 0.281849 0.281812 0.281787 0.281780 0.281765 0.000000 0.000000
0.000000 0.000000 0.276455 0.276464 0.276466 0.276480 0.276533 0.276581 0.276577 0.276583 0.276590 0.276582 0.276576 0.276583 0.276546 0.276504 0.276478 0.276475 0.276466 0.000000 0.000000
0.000000 0.000000 0.271017 0.271022 0.271020 0.271057 0.271093 0.271146 0.271135 0.271160 0.271159 0.271155 0.271162 0.271150 0.271122 0.271095 0.271067 0.271051 0.271030 0.000000 0.000000
0.000000 0.000000 0.265342 0.265354 0.265365 0.265392 0.265422 0.265485 0.265482 0.265497 0.265481 0.265496 0.265494 0.265490 0.265437 0.265414 0.265394 0.265386 0.265328 0.000000 0.000000
0.000000 0.000000 0.259550 0.259562 0.259563 0.259593 0.259620 0.259743 0.259743 0.259754 0.259779 0.259764 0.259755 0.259747 0.259661 0.259639 0.259595 0.259592 0.259550 0.000000 0.000000
0.000000 0.000000 0.253313 0.253320 0.253332 0.253350 0.253464 0.253499 0.253526 0.253527 0.253538 0.253532 0.253531 0.253536 0.253522 0.253411 0.253372 0.253343 0.253301 0.000000 0.000000
0.000000 0.000000 0.246495 0.246500 0.246526 0.246640 0.246679 0.246749 0.246797 0.246803 0.246826 0.246837 0.246824 0.246836 0.246788 0.246731 0.246561 0.246574 0.246548 0.000000 0.000000
0.000000 0.000000 0.239322 0.239331 0.239475 0.239507 0.239518 0.239565 0.239540 0.239558 0.239548 0.239565 0.239581 0.239553 0.239528 0.239510 0.239510 0.239324 0.239319 0.000000 0.000000
0.000000 0.000000 0.231215 0.231410 0.231489 0.231548 0.231641 0.231692 0.231705 0.231709 0.231751 0.231758 0.231743 0.231749 0.231697 0.231627 0.231516 0.231454 0.231260 0.000000 0.000000
0.000000 0.000000 0.225117 0.225129 0.224960 0.225012 0.225082 0.225269 0.225276 0.225316 0.225295 0.225305 0.225293 0.225290 0.225121 0.225076 0.224941 0.225118 0.225094 0.000000 0.000000
0.000000 0.000000 0.300000 0.300000 0.300000 0.300000 0.300000 0.300000 0.300000 0.300000 0.300000 0.300000 0.300000 0.300000 0.300000 0.300000 0.300000 0.300000 0.300000 0.000000 0.000000
0.000000 0.000000 0.000000 0.000000 0.000000 0.000000 0.000000 0.000000 0.000000 0.000000 0.000000 0.000000 0.000000 0.000000 0.000000 0.000000 0.000000 0.000000 0.000000 0.000000 0.000000