geotop/1.0zi/1.0Montebello/Templates/testdem/maps/_Eocclay5062.asc
ncols         21
nrows         20
xllcorner     100.000000
yllcorner     100.000000
cellsize      50.000000
NODATA_value  -9999.0
0.000000 0.000000 0.000000 0.000000 0.000000 0.000000 0.000000 0.000000 0.000000 0.000000 0.000000 0.000000 0.000000 0.000000 0.000000 0.000000 0.000000 0.000000 0.000000 0.000000 0.000000
0.000000 0.000000 0.349778 0.349778 0.349779 0.349779 0.349779 0.349779 0.349779 0.349779 0.349779 0.349779 0.349779 0.349779 0.349779 0.349779 0.349778 0.349778 0.349778 0.000000 0.000000
0.000000 0.000000 0.349992 0.349992 0.349992 0.349992 0.349991 0.349992 0.349992 0.349991 0.349991 0.349991 0.349992 0.349992 0.349992 0.349992 0.349992 0.349991 0.349992 0.000000 0.000000
0.000000 0.000000 0.349987 0.349989 0.349987 0.349988 0.349990 0.349990 0.349990 0.349988 0.349990 0.349988 0.349988 0.349987 0.349990 0.349991 0.349989 0.349990 0.349989 0.000000 0.000000
0.000000 0.000000 0.350382 0.350381 0.350381 0.350376 0.350367 0.350365 0.350366 0.350367 0.350364 0.350366 0.350363 0.350364 0.350369 0.350368 0.350372 0.350374 0.350377 0.000000 0.000000
0.000000 0.000000 0.351764 0.351767 0.351761 0.351745 0.351741 0.351727 0.351726 0.351722 0.351726 0.351725 0.351728 0.351730 0.351732 0.351741 0.351746 0.351755 0.351760 0.000000 0.000000
0.000000 0.000000 0.353775 0.353773 0.353769 0.353755 0.353739 0.353716 0.353716 0.353712 0.353715 0.353715 0.353717 0.353717 0.353733 0.353751 0.353760 0.353767 0.353774 0.000000 0.000000
0.000000 0.000000 0.356178 0.356176 0.356174 0.356157 0.356140 0.356116 0.356117 0.356114 0.356115 0.356114 0.356113 0.356116 0.356136 0.356153 0.356162 0.356168 0.356175 0.000000 0.000000
0.000000 0.000000 0.358601 0.358599 0.358594 0.358582 0.358565 0.358542 0.358543 0.358540 0.358539 0.358540 0.358539 0.358541 0.358559 0.358578 0.358586 0.358591 0.358599 0.000000 0.000000
0.000000 0.000000 0.361043 0.361040 0.361037 0.361027 0.361006 0.360984 0.360986 0.360983 0.360983 0.360983 0.360982 0.360982 0.361005 0.361023 0.361028 0.361034 0.361040 0.000000 0.000000
0.000000 0.000000 0.363554 0.363550 0.363548 0.363534 0.363518 0.363492 0.363494 0.363489 0.363489 0.363490 0.363488 0.363489 0.363507 0.363522 0.363535 0.363540 0.363549 0.000000 0.000000
0.000000 0.000000 0.366160 0.366157 0.366152 0.366138 0.366122 0.366096 0.366095 0.366093 0.366092 0.366091 0.366090 0.366091 0.366114 0.366132 0.366139 0.366144 0.366170 0.000000 0.000000
0.000000 0.000000 0.368815 0.368811 0.368806 0.368794 0.368774 0.368719 0.368720 0.368716 0.368715 0.368716 0.368713 0.368716 0.368763 0.368783 0.368793 0.368798 0.368814 0.000000 0.000000
0.000000 0.000000 0.371660 0.371652 0.371649 0.371636 0.371580 0.371565 0.371557 0.371554 0.371554 0.371554 0.371551 0.371552 0.371567 0.371621 0.371632 0.371644 0.371654 0.000000 0.000000
0.000000 0.000000 0.374752 0.374746 0.374732 0.374681 0.374655 0.374621 0.374604 0.374599 0.374590 0.374590 0.374593 0.374589 0.374615 0.374650 0.374712 0.374710 0.374719 0.000000 0.000000
0.000000 0.000000 0.377971 0.377965 0.377903 0.377888 0.377872 0.377853 0.377853 0.377853 0.377856 0.377854 0.377847 0.377860 0.377870 0.377883 0.377884 0.377955 0.377972 0.000000 0.000000
0.000000 0.000000 0.381590 0.381505 0.381457 0.381431 0.381386 0.381360 0.381355 0.381352 0.381342 0.381342 0.381345 0.381338 0.381358 0.381408 0.381442 0.381471 0.381558 0.000000 0.000000
0.000000 0.000000 0.384345 0.384335 0.384396 0.384366 0.384330 0.384244 0.384237 0.384230 0.384234 0.384233 0.384228 0.384237 0.384314 0.384352 0.384394 0.384321 0.384347 0.000000 0.000000
0.000000 0.000000 0.350000 0.350000 0.350000 0.350000 0.350000 0.350000 0.350000 0.350000 0.350000 0.350000 0.350000 0.350000 0.350000 0.350000 0.350000 0.350000 0.350000 0.000000 0.000000
0.000000 0.000000 0.000000 0.000000 0.000000 0.000000 0.000000 0.000000 0.000000 0.000000 0.000000 0.000000 0.000000 0.000000 0.000000 0.000000 0.000000 0.000000 0.000000 0.000000 0.000000