geotop/1.0zi/1.0Montebello/Templates/testdem/maps/_Eocclay6699.asc
ncols         21
nrows         20
xllcorner     100.000000
yllcorner     100.000000
cellsize      50.000000
NODATA_value  -9999.0
0.000000 0.000000 0.000000 0.000000 0.000000 0.000000 0.000000 0.000000 0.000000 0.000000 0.000000 0.000000 0.000000 0.000000 0.000000 0.000000 0.000000 0.000000 0.000000 0.000000 0.000000
0.000000 0.000000 0.349697 0.349698 0.349698 0.349697 0.349698 0.349698 0.349698 0.349698 0.349697 0.349698 0.349698 0.349698 0.349698 0.349698 0.349696 0.349697 0.349698 0.000000 0.000000
0.000000 0.000000 0.349988 0.349988 0.349988 0.349989 0.349987 0.349987 0.349987 0.349987 0.349987 0.349987 0.349988 0.349986 0.349988 0.349988 0.349989 0.349988 0.349986 0.000000 0.000000
0.000000 0.000000 0.349981 0.349986 0.349983 0.349983 0.349984 0.349985 0.349986 0.349982 0.349987 0.349984 0.349985 0.349985 0.349984 0.349986 0.349984 0.349986 0.349985 0.000000 0.000000
0.000000 0.000000 0.350606 0.350605 0.350603 0.350601 0.350588 0.350586 0.350586 0.350588 0.350585 0.350585 0.350581 0.350583 0.350590 0.350590 0.350595 0.350596 0.350603 0.000000 0.000000
0.000000 0.000000 0.352568 0.352567 0.352559 0.352534 0.352526 0.352506 0.352507 0.352502 0.352505 0.352505 0.352507 0.352507 0.352513 0.352529 0.352540 0.352552 0.352559 0.000000 0.000000
0.000000 0.000000 0.355459 0.355457 0.355451 0.355431 0.355407 0.355377 0.355376 0.355371 0.355373 0.355374 0.355374 0.355374 0.355398 0.355422 0.355435 0.355445 0.355453 0.000000 0.000000
0.000000 0.000000 0.358927 0.358927 0.358921 0.358897 0.358874 0.358841 0.358841 0.358838 0.358837 0.358836 0.358834 0.358840 0.358865 0.358886 0.358906 0.358913 0.358925 0.000000 0.000000
0.000000 0.000000 0.362520 0.362516 0.362506 0.362491 0.362467 0.362435 0.362437 0.362430 0.362427 0.362426 0.362426 0.362425 0.362455 0.362483 0.362498 0.362504 0.362514 0.000000 0.000000
0.000000 0.000000 0.366216 0.366209 0.366205 0.366192 0.366156 0.366127 0.366128 0.366124 0.366119 0.366122 0.366127 0.366123 0.366149 0.366180 0.366198 0.366203 0.366210 0.000000 0.000000
0.000000 0.000000 0.370112 0.370108 0.370103 0.370076 0.370052 0.370018 0.370026 0.370008 0.370009 0.370009 0.370004 0.370014 0.370035 0.370054 0.370077 0.370088 0.370104 0.000000 0.000000
0.000000 0.000000 0.374275 0.374265 0.374254 0.374234 0.374210 0.374170 0.374170 0.374162 0.374171 0.374158 0.374160 0.374163 0.374202 0.374222 0.374238 0.374245 0.374285 0.000000 0.000000
0.000000 0.000000 0.378632 0.378622 0.378616 0.378594 0.378572 0.378481 0.378480 0.378473 0.378452 0.378461 0.378468 0.378476 0.378543 0.378565 0.378600 0.378603 0.378629 0.000000 0.000000
0.000000 0.000000 0.383480 0.383476 0.383460 0.383443 0.383345 0.383330 0.383309 0.383308 0.383306 0.383304 0.383304 0.383300 0.383304 0.383408 0.383434 0.383460 0.383489 0.000000 0.000000
0.000000 0.000000 0.388947 0.388940 0.388918 0.388807 0.388785 0.388732 0.388696 0.388690 0.388671 0.388657 0.388669 0.388663 0.388710 0.388744 0.388895 0.388881 0.388895 0.000000 0.000000
0.000000 0.000000 0.394848 0.394840 0.394690 0.394682 0.394675 0.394644 0.394685 0.394665 0.394685 0.394667 0.394648 0.394682 0.394698 0.394710 0.394670 0.394867 0.394869 0.000000 0.000000
0.000000 0.000000 0.401874 0.401655 0.401620 0.401554 0.401446 0.401406 0.401376 0.401379 0.401326 0.401324 0.401350 0.401331 0.401384 0.401468 0.401605 0.401599 0.401824 0.000000 0.000000
0.000000 0.000000 0.406403 0.406484 0.406693 0.406652 0.406604 0.406405 0.406408 0.406360 0.406409 0.406394 0.406400 0.406412 0.406589 0.406628 0.406725 0.406522 0.406454 0.000000 0.000000
0.000000 0.000000 0.350000 0.350000 0.350000 0.350000 0.350000 0.350000 0.350000 0.350000 0.350000 0.350000 0.350000 0.350000 0.350000 0.350000 0.350000 0.350000 0.350000 0.000000 0.000000
0.000000 0.000000 0.000000 0.000000 0.000000 0.000000 0.000000 0.000000 0.000000 0.000000 0.000000 0.000000 0.000000 0.000000 0.000000 0.000000 0.000000 0.000000 0.000000 0.000000 0.000000