geotop/1.0zi/1.0Montebello/Templates/testdem/maps/_Eocsand6461.asc
ncols         21
nrows         20
xllcorner     100.000000
yllcorner     100.000000
cellsize      50.000000
NODATA_value  -9999.0
0.000000 0.000000 0.000000 0.000000 0.000000 0.000000 0.000000 0.000000 0.000000 0.000000 0.000000 0.000000 0.000000 0.000000 0.000000 0.000000 0.000000 0.000000 0.000000 0.000000 0.000000
0.000000 0.000000 0.300159 0.300157 0.300157 0.300158 0.300157 0.300157 0.300157 0.300157 0.300158 0.300157 0.300157 0.300157 0.300157 0.300157 0.300158 0.300158 0.300158 0.000000 0.000000
0.000000 0.000000 0.300009 0.300010 0.300009 0.300008 0.300009 0.300010 0.300009 0.300009 0.300009 0.300010 0.300009 0.300010 0.300009 0.300010 0.300010 0.300010 0.300011 0.000000 0.000000
0.000000 0.000000 0.299963 0.299962 0.299966 0.299971 0.299969 0.299971 0.299967 0.299970 0.299967 0.299970 0.299969 0.299970 0.299968 0.299963 0.299963 0.299960 0.299960 0.000000 0.000000
0.000000 0.000000 0.298779 0.298773 0.298779 0.298788 0.298805 0.298813 0.298814 0.298814 0.298818 0.298818 0.298821 0.298818 0.298806 0.298803 0.298796 0.298785 0.298774 0.000000 0.000000
0.000000 0.000000 0.295205 0.295202 0.295216 0.295254 0.295274 0.295311 0.295311 0.295321 0.295314 0.295311 0.295306 0.295309 0.295297 0.295274 0.295254 0.295239 0.295228 0.000000 0.000000
0.000000 0.000000 0.289858 0.289861 0.289874 0.289914 0.289962 0.290017 0.290016 0.290024 0.290021 0.290020 0.290022 0.290018 0.289976 0.289930 0.289907 0.289887 0.289871 0.000000 0.000000
0.000000 0.000000 0.283382 0.283381 0.283389 0.283432 0.283479 0.283539 0.283539 0.283545 0.283546 0.283548 0.283550 0.283541 0.283493 0.283450 0.283413 0.283404 0.283381 0.000000 0.000000
0.000000 0.000000 0.276633 0.276640 0.276661 0.276688 0.276734 0.276798 0.276795 0.276808 0.276813 0.276812 0.276812 0.276814 0.276754 0.276706 0.276672 0.276661 0.276642 0.000000 0.000000
0.000000 0.000000 0.269748 0.269758 0.269768 0.269790 0.269857 0.269915 0.269912 0.269919 0.269928 0.269922 0.269912 0.269919 0.269868 0.269812 0.269777 0.269770 0.269755 0.000000 0.000000
0.000000 0.000000 0.262564 0.262570 0.262579 0.262628 0.262673 0.262738 0.262724 0.262756 0.262755 0.262753 0.262762 0.262742 0.262702 0.262666 0.262627 0.262606 0.262576 0.000000 0.000000
0.000000 0.000000 0.254928 0.254940 0.254964 0.255001 0.255044 0.255123 0.255122 0.255137 0.255120 0.255141 0.255136 0.255130 0.255056 0.255020 0.254991 0.254979 0.254905 0.000000 0.000000
0.000000 0.000000 0.246987 0.247004 0.247015 0.247056 0.247096 0.247263 0.247265 0.247278 0.247315 0.247296 0.247284 0.247270 0.247145 0.247109 0.247045 0.247040 0.246989 0.000000 0.000000
0.000000 0.000000 0.238233 0.238242 0.238270 0.238301 0.238472 0.238507 0.238545 0.238547 0.238556 0.238552 0.238555 0.238560 0.238541 0.238364 0.238312 0.238269 0.238216 0.000000 0.000000
0.000000 0.000000 0.228436 0.228445 0.228486 0.228677 0.228724 0.228825 0.228888 0.228900 0.228932 0.228957 0.228931 0.228942 0.228859 0.228790 0.228526 0.228550 0.228519 0.000000 0.000000
0.000000 0.000000 0.217928 0.217938 0.218196 0.218221 0.218235 0.218295 0.218233 0.218265 0.218236 0.218265 0.218296 0.218238 0.218200 0.218179 0.218229 0.217899 0.217894 0.000000 0.000000
0.000000 0.000000 0.205580 0.205940 0.206023 0.206132 0.206312 0.206387 0.206431 0.206428 0.206514 0.206517 0.206476 0.206501 0.206405 0.206268 0.206047 0.206029 0.205654 0.000000 0.000000
0.000000 0.000000 0.197255 0.197159 0.196824 0.196901 0.197001 0.197336 0.197337 0.197415 0.197344 0.197366 0.197350 0.197334 0.197027 0.196952 0.196768 0.197103 0.197177 0.000000 0.000000
0.000000 0.000000 0.300000 0.300000 0.300000 0.300000 0.300000 0.300000 0.300000 0.300000 0.300000 0.300000 0.300000 0.300000 0.300000 0.300000 0.300000 0.300000 0.300000 0.000000 0.000000
0.000000 0.000000 0.000000 0.000000 0.000000 0.000000 0.000000 0.000000 0.000000 0.000000 0.000000 0.000000 0.000000 0.000000 0.000000 0.000000 0.000000 0.000000 0.000000 0.000000 0.000000