geotop/1.0zi/1.0Montebello/Templates/testdem/maps/_Eocclay065_.asc
ncols         21
nrows         20
xllcorner     100.000000
yllcorner     100.000000
cellsize      50.000000
NODATA_value  -9999.0
0.000000 0.000000 0.000000 0.000000 0.000000 0.000000 0.000000 0.000000 0.000000 0.000000 0.000000 0.000000 0.000000 0.000000 0.000000 0.000000 0.000000 0.000000 0.000000 0.000000 0.000000
0.000000 0.000000 0.349496 0.349498 0.349498 0.349497 0.349499 0.349499 0.349498 0.349499 0.349498 0.349499 0.349499 0.349498 0.349499 0.349498 0.349497 0.349497 0.349498 0.000000 0.000000
0.000000 0.000000 0.349979 0.349977 0.349977 0.349980 0.349977 0.349977 0.349977 0.349977 0.349977 0.349977 0.349977 0.349977 0.349978 0.349978 0.349979 0.349978 0.349977 0.000000 0.000000
0.000000 0.000000 0.350080 0.350089 0.350086 0.350081 0.350083 0.350083 0.350087 0.350085 0.350087 0.350085 0.350085 0.350084 0.350088 0.350091 0.350090 0.350088 0.350086 0.000000 0.000000
0.000000 0.000000 0.351903 0.351890 0.351883 0.351867 0.351846 0.351841 0.351839 0.351842 0.351840 0.351844 0.351844 0.351845 0.351855 0.351861 0.351874 0.351881 0.351890 0.000000 0.000000
0.000000 0.000000 0.356509 0.356503 0.356477 0.356433 0.356398 0.356364 0.356370 0.356365 0.356363 0.356363 0.356369 0.356367 0.356384 0.356419 0.356438 0.356453 0.356458 0.000000 0.000000
0.000000 0.000000 0.362632 0.362618 0.362600 0.362555 0.362510 0.362443 0.362445 0.362441 0.362435 0.362436 0.362436 0.362436 0.362489 0.362528 0.362552 0.362568 0.362576 0.000000 0.000000
0.000000 0.000000 0.369982 0.369965 0.369943 0.369882 0.369831 0.369768 0.369770 0.369765 0.369758 0.369754 0.369752 0.369762 0.369810 0.369852 0.369892 0.369903 0.369918 0.000000 0.000000
0.000000 0.000000 0.378213 0.378190 0.378157 0.378109 0.378049 0.377976 0.377984 0.377973 0.377962 0.377960 0.377962 0.377958 0.378026 0.378079 0.378110 0.378124 0.378137 0.000000 0.000000
0.000000 0.000000 0.387609 0.387575 0.387544 0.387491 0.387422 0.387343 0.387345 0.387340 0.387322 0.387329 0.387337 0.387333 0.387387 0.387458 0.387498 0.387514 0.387519 0.000000 0.000000
0.000000 0.000000 0.398711 0.398682 0.398653 0.398536 0.398504 0.398392 0.398417 0.398368 0.398370 0.398361 0.398340 0.398371 0.398437 0.398480 0.398538 0.398559 0.398607 0.000000 0.000000
0.000000 0.000000 0.412151 0.412086 0.412006 0.411953 0.411887 0.411743 0.411731 0.411739 0.411751 0.411708 0.411729 0.411711 0.411838 0.411916 0.411946 0.411966 0.412061 0.000000 0.000000
0.000000 0.000000 0.427507 0.427445 0.427426 0.427299 0.427219 0.426813 0.426804 0.426783 0.426624 0.426733 0.426730 0.426767 0.427059 0.427119 0.427276 0.427285 0.427285 0.000000 0.000000
0.000000 0.000000 0.445935 0.445908 0.445763 0.445692 0.445140 0.445420 0.445304 0.445309 0.445413 0.445311 0.445296 0.445223 0.444975 0.445583 0.445575 0.445720 0.445799 0.000000 0.000000
0.000000 0.000000 0.462702 0.462647 0.462581 0.462055 0.462342 0.461977 0.461924 0.461890 0.461750 0.461729 0.461784 0.461799 0.462113 0.461825 0.462507 0.462334 0.462296 0.000000 0.000000
0.000000 0.000000 0.473819 0.473792 0.473442 0.473562 0.473523 0.473500 0.473644 0.473605 0.473668 0.473654 0.473595 0.473673 0.473651 0.473684 0.473372 0.473869 0.473857 0.000000 0.000000
0.000000 0.000000 0.482322 0.482116 0.482078 0.482019 0.481909 0.481870 0.481846 0.481850 0.481801 0.481802 0.481824 0.481806 0.481848 0.481930 0.482033 0.482030 0.482229 0.000000 0.000000
0.000000 0.000000 0.486652 0.486736 0.486783 0.486795 0.486768 0.486654 0.486691 0.486655 0.486708 0.486696 0.486681 0.486708 0.486800 0.486816 0.486772 0.486765 0.486678 0.000000 0.000000
0.000000 0.000000 0.350000 0.350000 0.350000 0.350000 0.350000 0.350000 0.350000 0.350000 0.350000 0.350000 0.350000 0.350000 0.350000 0.350000 0.350000 0.350000 0.350000 0.000000 0.000000
0.000000 0.000000 0.000000 0.000000 0.000000 0.000000 0.000000 0.000000 0.000000 0.000000 0.000000 0.000000 0.000000 0.000000 0.000000 0.000000 0.000000 0.000000 0.000000 0.000000 0.000000