geotop/1.0zi/1.0Montebello/Templates/testdem/maps/_Eocclay6706.asc
ncols         21
nrows         20
xllcorner     100.000000
yllcorner     100.000000
cellsize      50.000000
NODATA_value  -9999.0
0.000000 0.000000 0.000000 0.000000 0.000000 0.000000 0.000000 0.000000 0.000000 0.000000 0.000000 0.000000 0.000000 0.000000 0.000000 0.000000 0.000000 0.000000 0.000000 0.000000 0.000000
0.000000 0.000000 0.349698 0.349699 0.349699 0.349698 0.349699 0.349699 0.349699 0.349699 0.349698 0.349699 0.349699 0.349699 0.349699 0.349699 0.349697 0.349697 0.349699 0.000000 0.000000
0.000000 0.000000 0.349988 0.349988 0.349988 0.349989 0.349987 0.349987 0.349987 0.349987 0.349987 0.349987 0.349988 0.349986 0.349988 0.349988 0.349989 0.349989 0.349986 0.000000 0.000000
0.000000 0.000000 0.349982 0.349986 0.349983 0.349983 0.349984 0.349985 0.349986 0.349982 0.349987 0.349985 0.349985 0.349985 0.349984 0.349986 0.349984 0.349986 0.349985 0.000000 0.000000
0.000000 0.000000 0.350649 0.350648 0.350646 0.350643 0.350630 0.350628 0.350628 0.350630 0.350627 0.350628 0.350624 0.350627 0.350634 0.350634 0.350639 0.350639 0.350646 0.000000 0.000000
0.000000 0.000000 0.352637 0.352637 0.352628 0.352603 0.352595 0.352574 0.352576 0.352570 0.352574 0.352574 0.352576 0.352576 0.352583 0.352599 0.352610 0.352622 0.352628 0.000000 0.000000
0.000000 0.000000 0.355546 0.355543 0.355537 0.355518 0.355493 0.355463 0.355462 0.355458 0.355459 0.355460 0.355461 0.355460 0.355484 0.355509 0.355521 0.355531 0.355539 0.000000 0.000000
0.000000 0.000000 0.359032 0.359031 0.359026 0.359001 0.358978 0.358945 0.358945 0.358942 0.358941 0.358940 0.358938 0.358944 0.358969 0.358991 0.359011 0.359018 0.359029 0.000000 0.000000
0.000000 0.000000 0.362643 0.362639 0.362628 0.362614 0.362590 0.362557 0.362559 0.362552 0.362550 0.362549 0.362549 0.362548 0.362578 0.362606 0.362621 0.362627 0.362637 0.000000 0.000000
0.000000 0.000000 0.366359 0.366352 0.366347 0.366334 0.366299 0.366269 0.366270 0.366266 0.366261 0.366264 0.366270 0.366266 0.366292 0.366323 0.366341 0.366346 0.366353 0.000000 0.000000
0.000000 0.000000 0.370277 0.370272 0.370267 0.370240 0.370217 0.370183 0.370190 0.370172 0.370173 0.370174 0.370168 0.370179 0.370200 0.370219 0.370242 0.370253 0.370269 0.000000 0.000000
0.000000 0.000000 0.374464 0.374454 0.374443 0.374422 0.374399 0.374358 0.374358 0.374350 0.374359 0.374346 0.374349 0.374352 0.374390 0.374411 0.374427 0.374434 0.374474 0.000000 0.000000
0.000000 0.000000 0.378844 0.378834 0.378828 0.378805 0.378784 0.378692 0.378691 0.378684 0.378662 0.378672 0.378679 0.378687 0.378755 0.378777 0.378812 0.378815 0.378841 0.000000 0.000000
0.000000 0.000000 0.383718 0.383714 0.383698 0.383680 0.383582 0.383567 0.383546 0.383545 0.383543 0.383541 0.383540 0.383537 0.383540 0.383645 0.383671 0.383698 0.383727 0.000000 0.000000
0.000000 0.000000 0.389210 0.389203 0.389181 0.389068 0.389047 0.388993 0.388957 0.388951 0.388931 0.388917 0.388930 0.388923 0.388971 0.389004 0.389158 0.389143 0.389157 0.000000 0.000000
0.000000 0.000000 0.395141 0.395133 0.394980 0.394974 0.394967 0.394937 0.394978 0.394958 0.394978 0.394960 0.394941 0.394976 0.394991 0.395003 0.394960 0.395161 0.395163 0.000000 0.000000
0.000000 0.000000 0.402214 0.401991 0.401958 0.401891 0.401781 0.401741 0.401709 0.401713 0.401659 0.401657 0.401683 0.401664 0.401718 0.401803 0.401943 0.401934 0.402163 0.000000 0.000000
0.000000 0.000000 0.406740 0.406826 0.407039 0.406999 0.406950 0.406749 0.406752 0.406703 0.406754 0.406739 0.406745 0.406757 0.406937 0.406975 0.407072 0.406866 0.406793 0.000000 0.000000
0.000000 0.000000 0.350000 0.350000 0.350000 0.350000 0.350000 0.350000 0.350000 0.350000 0.350000 0.350000 0.350000 0.350000 0.350000 0.350000 0.350000 0.350000 0.350000 0.000000 0.000000
0.000000 0.000000 0.000000 0.000000 0.000000 0.000000 0.000000 0.000000 0.000000 0.000000 0.000000 0.000000 0.000000 0.000000 0.000000 0.000000 0.000000 0.000000 0.000000 0.000000 0.000000