geotop/1.0zi/1.0Montebello/Templates/testdem/maps/_Eocsilt2265.asc
ncols         21
nrows         20
xllcorner     100.000000
yllcorner     100.000000
cellsize      50.000000
NODATA_value  -9999.0
0.000000 0.000000 0.000000 0.000000 0.000000 0.000000 0.000000 0.000000 0.000000 0.000000 0.000000 0.000000 0.000000 0.000000 0.000000 0.000000 0.000000 0.000000 0.000000 0.000000 0.000000
0.000000 0.000000 0.350055 0.350055 0.350055 0.350055 0.350055 0.350055 0.350055 0.350055 0.350055 0.350055 0.350055 0.350055 0.350055 0.350055 0.350055 0.350055 0.350055 0.000000 0.000000
0.000000 0.000000 0.349998 0.349998 0.349998 0.349999 0.349998 0.349998 0.349998 0.349998 0.349998 0.349998 0.349998 0.349998 0.349998 0.349999 0.349998 0.349998 0.349998 0.000000 0.000000
0.000000 0.000000 0.350737 0.350736 0.350734 0.350735 0.350737 0.350737 0.350737 0.350737 0.350737 0.350737 0.350737 0.350737 0.350737 0.350735 0.350734 0.350736 0.350737 0.000000 0.000000
0.000000 0.000000 0.353649 0.353649 0.353647 0.353647 0.353650 0.353649 0.353649 0.353650 0.353650 0.353650 0.353649 0.353649 0.353650 0.353647 0.353647 0.353649 0.353649 0.000000 0.000000
0.000000 0.000000 0.357469 0.357468 0.357467 0.357467 0.357469 0.357469 0.357469 0.357470 0.357470 0.357470 0.357469 0.357469 0.357469 0.357467 0.357467 0.357468 0.357469 0.000000 0.000000
0.000000 0.000000 0.360970 0.360969 0.360968 0.360968 0.360970 0.360969 0.360969 0.360970 0.360970 0.360970 0.360969 0.360969 0.360970 0.360968 0.360968 0.360969 0.360970 0.000000 0.000000
0.000000 0.000000 0.364167 0.364167 0.364166 0.364166 0.364168 0.364167 0.364167 0.364168 0.364168 0.364168 0.364167 0.364167 0.364168 0.364166 0.364166 0.364167 0.364167 0.000000 0.000000
0.000000 0.000000 0.367151 0.367151 0.367149 0.367150 0.367151 0.367151 0.367151 0.367151 0.367152 0.367151 0.367151 0.367151 0.367151 0.367150 0.367149 0.367151 0.367151 0.000000 0.000000
0.000000 0.000000 0.369993 0.369992 0.369991 0.369992 0.369993 0.369992 0.369993 0.369993 0.369993 0.369993 0.369993 0.369992 0.369993 0.369992 0.369991 0.369992 0.369993 0.000000 0.000000
0.000000 0.000000 0.372726 0.372725 0.372724 0.372725 0.372726 0.372725 0.372725 0.372726 0.372726 0.372726 0.372725 0.372725 0.372726 0.372725 0.372724 0.372725 0.372726 0.000000 0.000000
0.000000 0.000000 0.375373 0.375373 0.375372 0.375372 0.375374 0.375373 0.375373 0.375374 0.375374 0.375374 0.375373 0.375373 0.375374 0.375372 0.375372 0.375373 0.375373 0.000000 0.000000
0.000000 0.000000 0.377954 0.377954 0.377953 0.377953 0.377955 0.377954 0.377954 0.377955 0.377955 0.377955 0.377954 0.377954 0.377955 0.377953 0.377953 0.377954 0.377954 0.000000 0.000000
0.000000 0.000000 0.380477 0.380476 0.380475 0.380476 0.380477 0.380476 0.380476 0.380477 0.380477 0.380477 0.380476 0.380476 0.380477 0.380476 0.380475 0.380476 0.380477 0.000000 0.000000
0.000000 0.000000 0.382951 0.382951 0.382950 0.382950 0.382951 0.382951 0.382951 0.382951 0.382952 0.382951 0.382951 0.382951 0.382951 0.382950 0.382950 0.382951 0.382951 0.000000 0.000000
0.000000 0.000000 0.385381 0.385381 0.385380 0.385380 0.385381 0.385381 0.385381 0.385381 0.385382 0.385381 0.385381 0.385381 0.385381 0.385380 0.385380 0.385381 0.385381 0.000000 0.000000
0.000000 0.000000 0.387770 0.387769 0.387768 0.387769 0.387770 0.387770 0.387770 0.387770 0.387770 0.387770 0.387770 0.387770 0.387770 0.387769 0.387768 0.387769 0.387770 0.000000 0.000000
0.000000 0.000000 0.390152 0.390152 0.390151 0.390151 0.390153 0.390152 0.390152 0.390153 0.390153 0.390153 0.390152 0.390152 0.390153 0.390151 0.390151 0.390152 0.390152 0.000000 0.000000
0.000000 0.000000 0.350000 0.350000 0.350000 0.350000 0.350000 0.350000 0.350000 0.350000 0.350000 0.350000 0.350000 0.350000 0.350000 0.350000 0.350000 0.350000 0.350000 0.000000 0.000000
0.000000 0.000000 0.000000 0.000000 0.000000 0.000000 0.000000 0.000000 0.000000 0.000000 0.000000 0.000000 0.000000 0.000000 0.000000 0.000000 0.000000 0.000000 0.000000 0.000000 0.000000