geotop/1.0zi/1.0Montebello/Templates/testdem/maps/_Eocsand8297.asc
ncols         21
nrows         20
xllcorner     100.000000
yllcorner     100.000000
cellsize      50.000000
NODATA_value  -9999.0
0.000000 0.000000 0.000000 0.000000 0.000000 0.000000 0.000000 0.000000 0.000000 0.000000 0.000000 0.000000 0.000000 0.000000 0.000000 0.000000 0.000000 0.000000 0.000000 0.000000 0.000000
0.000000 0.000000 0.300209 0.300206 0.300206 0.300207 0.300206 0.300205 0.300206 0.300206 0.300207 0.300206 0.300206 0.300206 0.300206 0.300206 0.300207 0.300207 0.300207 0.000000 0.000000
0.000000 0.000000 0.300011 0.300012 0.300012 0.300010 0.300011 0.300012 0.300012 0.300012 0.300012 0.300012 0.300011 0.300012 0.300011 0.300011 0.300012 0.300013 0.300013 0.000000 0.000000
0.000000 0.000000 0.299893 0.299893 0.299897 0.299905 0.299900 0.299909 0.299904 0.299906 0.299906 0.299906 0.299906 0.299908 0.299903 0.299898 0.299896 0.299893 0.299894 0.000000 0.000000
0.000000 0.000000 0.297937 0.297933 0.297942 0.297957 0.297980 0.297990 0.297996 0.297994 0.297998 0.297997 0.298000 0.297994 0.297971 0.297965 0.297953 0.297939 0.297929 0.000000 0.000000
0.000000 0.000000 0.292189 0.292189 0.292211 0.292257 0.292291 0.292339 0.292340 0.292353 0.292345 0.292346 0.292342 0.292341 0.292318 0.292283 0.292254 0.292231 0.292219 0.000000 0.000000
0.000000 0.000000 0.284197 0.284204 0.284224 0.284275 0.284340 0.284415 0.284417 0.284426 0.284423 0.284425 0.284428 0.284421 0.284357 0.284298 0.284262 0.284233 0.284218 0.000000 0.000000
0.000000 0.000000 0.274723 0.274727 0.274742 0.274801 0.274863 0.274946 0.274948 0.274957 0.274958 0.274965 0.274968 0.274953 0.274882 0.274826 0.274772 0.274755 0.274730 0.000000 0.000000
0.000000 0.000000 0.264574 0.264590 0.264619 0.264657 0.264724 0.264814 0.264811 0.264830 0.264835 0.264839 0.264836 0.264838 0.264752 0.264680 0.264637 0.264614 0.264594 0.000000 0.000000
0.000000 0.000000 0.253812 0.253830 0.253845 0.253884 0.253981 0.254063 0.254064 0.254073 0.254085 0.254079 0.254067 0.254072 0.253998 0.253916 0.253865 0.253846 0.253831 0.000000 0.000000
0.000000 0.000000 0.242085 0.242098 0.242116 0.242199 0.242267 0.242363 0.242345 0.242396 0.242388 0.242391 0.242410 0.242375 0.242308 0.242256 0.242191 0.242154 0.242111 0.000000 0.000000
0.000000 0.000000 0.229026 0.229060 0.229100 0.229152 0.229230 0.229352 0.229362 0.229374 0.229346 0.229389 0.229376 0.229369 0.229244 0.229180 0.229135 0.229108 0.229000 0.000000 0.000000
0.000000 0.000000 0.214858 0.214891 0.214904 0.214982 0.215051 0.215370 0.215376 0.215394 0.215478 0.215434 0.215416 0.215386 0.215144 0.215078 0.214957 0.214941 0.214890 0.000000 0.000000
0.000000 0.000000 0.198178 0.198187 0.198253 0.198306 0.198709 0.198675 0.198760 0.198758 0.198731 0.198756 0.198768 0.198787 0.198827 0.198407 0.198341 0.198228 0.198151 0.000000 0.000000
0.000000 0.000000 0.178463 0.178498 0.178577 0.179091 0.179040 0.179299 0.179414 0.179443 0.179529 0.179590 0.179533 0.179543 0.179292 0.179311 0.178630 0.178732 0.178722 0.000000 0.000000
0.000000 0.000000 0.156862 0.156892 0.157635 0.157422 0.157480 0.157546 0.157268 0.157354 0.157206 0.157257 0.157381 0.157194 0.157185 0.157140 0.157694 0.156612 0.156629 0.000000 0.000000
0.000000 0.000000 0.130190 0.131349 0.131090 0.131528 0.132108 0.132278 0.132604 0.132527 0.132876 0.132844 0.132645 0.132841 0.132548 0.132118 0.131125 0.131773 0.130565 0.000000 0.000000
0.000000 0.000000 0.120786 0.119701 0.118732 0.118718 0.118660 0.119593 0.119434 0.119709 0.119258 0.119349 0.119420 0.119264 0.118491 0.118532 0.118548 0.119291 0.120354 0.000000 0.000000
0.000000 0.000000 0.300000 0.300000 0.300000 0.300000 0.300000 0.300000 0.300000 0.300000 0.300000 0.300000 0.300000 0.300000 0.300000 0.300000 0.300000 0.300000 0.300000 0.000000 0.000000
0.000000 0.000000 0.000000 0.000000 0.000000 0.000000 0.000000 0.000000 0.000000 0.000000 0.000000 0.000000 0.000000 0.000000 0.000000 0.000000 0.000000 0.000000 0.000000 0.000000 0.000000