geotop/1.0zi/1.0Montebello/Templates/testdem/maps/_Eocsand9609.asc
ncols         21
nrows         20
xllcorner     100.000000
yllcorner     100.000000
cellsize      50.000000
NODATA_value  -9999.0
0.000000 0.000000 0.000000 0.000000 0.000000 0.000000 0.000000 0.000000 0.000000 0.000000 0.000000 0.000000 0.000000 0.000000 0.000000 0.000000 0.000000 0.000000 0.000000 0.000000 0.000000
0.000000 0.000000 0.300241 0.300238 0.300238 0.300239 0.300238 0.300238 0.300238 0.300238 0.300239 0.300238 0.300239 0.300239 0.300238 0.300238 0.300239 0.300239 0.300239 0.000000 0.000000
0.000000 0.000000 0.300011 0.300013 0.300013 0.300011 0.300012 0.300013 0.300012 0.300012 0.300013 0.300012 0.300012 0.300012 0.300012 0.300012 0.300013 0.300013 0.300014 0.000000 0.000000
0.000000 0.000000 0.299816 0.299814 0.299822 0.299830 0.299829 0.299835 0.299828 0.299829 0.299829 0.299828 0.299826 0.299828 0.299823 0.299817 0.299814 0.299811 0.299812 0.000000 0.000000
0.000000 0.000000 0.297089 0.297089 0.297106 0.297138 0.297165 0.297175 0.297174 0.297176 0.297178 0.297172 0.297165 0.297166 0.297143 0.297129 0.297115 0.297106 0.297093 0.000000 0.000000
0.000000 0.000000 0.289621 0.289632 0.289668 0.289728 0.289791 0.289848 0.289846 0.289857 0.289856 0.289856 0.289843 0.289848 0.289816 0.289763 0.289737 0.289716 0.289703 0.000000 0.000000
0.000000 0.000000 0.279401 0.279422 0.279452 0.279523 0.279604 0.279713 0.279712 0.279721 0.279729 0.279730 0.279729 0.279725 0.279636 0.279571 0.279531 0.279503 0.279488 0.000000 0.000000
0.000000 0.000000 0.267263 0.267289 0.267319 0.267404 0.267494 0.267594 0.267592 0.267605 0.267615 0.267622 0.267624 0.267606 0.267525 0.267452 0.267387 0.267373 0.267345 0.000000 0.000000
0.000000 0.000000 0.253966 0.254002 0.254049 0.254115 0.254217 0.254335 0.254324 0.254348 0.254363 0.254368 0.254361 0.254366 0.254250 0.254164 0.254113 0.254092 0.254067 0.000000 0.000000
0.000000 0.000000 0.239325 0.239375 0.239413 0.239483 0.239594 0.239717 0.239716 0.239732 0.239758 0.239748 0.239731 0.239737 0.239645 0.239533 0.239474 0.239451 0.239439 0.000000 0.000000
0.000000 0.000000 0.222727 0.222768 0.222804 0.222961 0.223014 0.223179 0.223146 0.223226 0.223220 0.223232 0.223257 0.223211 0.223109 0.223040 0.222958 0.222928 0.222856 0.000000 0.000000
0.000000 0.000000 0.203422 0.203508 0.203604 0.203679 0.203766 0.203973 0.203977 0.203988 0.203963 0.204036 0.204000 0.204009 0.203825 0.203720 0.203676 0.203649 0.203504 0.000000 0.000000
0.000000 0.000000 0.181713 0.181794 0.181818 0.181966 0.182072 0.182612 0.182623 0.182657 0.182846 0.182734 0.182719 0.182671 0.182271 0.182181 0.181984 0.181974 0.181935 0.000000 0.000000
0.000000 0.000000 0.154865 0.154904 0.155074 0.155180 0.155932 0.155682 0.155845 0.155845 0.155752 0.155853 0.155868 0.155944 0.156180 0.155358 0.155323 0.155130 0.155013 0.000000 0.000000
0.000000 0.000000 0.124036 0.124126 0.124283 0.125262 0.124867 0.125471 0.125614 0.125678 0.125898 0.125977 0.125862 0.125857 0.125328 0.125709 0.124430 0.124727 0.124770 0.000000 0.000000
0.000000 0.000000 0.095685 0.095741 0.096851 0.096269 0.096467 0.096422 0.095935 0.096066 0.095805 0.095851 0.096060 0.095794 0.095950 0.095770 0.097023 0.095326 0.095352 0.000000 0.000000
0.000000 0.000000 0.070486 0.071388 0.071106 0.071504 0.071974 0.072125 0.072419 0.072351 0.072658 0.072622 0.072444 0.072627 0.072379 0.072032 0.071180 0.071830 0.070889 0.000000 0.000000
0.000000 0.000000 0.060728 0.060531 0.059979 0.060133 0.060269 0.060765 0.060779 0.060889 0.060772 0.060805 0.060781 0.060766 0.060326 0.060223 0.059949 0.060530 0.060719 0.000000 0.000000
0.000000 0.000000 0.300000 0.300000 0.300000 0.300000 0.300000 0.300000 0.300000 0.300000 0.300000 0.300000 0.300000 0.300000 0.300000 0.300000 0.300000 0.300000 0.300000 0.000000 0.000000
0.000000 0.000000 0.000000 0.000000 0.000000 0.000000 0.000000 0.000000 0.000000 0.000000 0.000000 0.000000 0.000000 0.000000 0.000000 0.000000 0.000000 0.000000 0.000000 0.000000 0.000000