geotop/1.0zi/1.0Montebello/Templates/testdem/maps/_Eocsilt2189.asc
ncols         21
nrows         20
xllcorner     100.000000
yllcorner     100.000000
cellsize      50.000000
NODATA_value  -9999.0
0.000000 0.000000 0.000000 0.000000 0.000000 0.000000 0.000000 0.000000 0.000000 0.000000 0.000000 0.000000 0.000000 0.000000 0.000000 0.000000 0.000000 0.000000 0.000000 0.000000 0.000000
0.000000 0.000000 0.350052 0.350052 0.350052 0.350052 0.350052 0.350052 0.350052 0.350052 0.350052 0.350052 0.350052 0.350052 0.350052 0.350052 0.350052 0.350052 0.350052 0.000000 0.000000
0.000000 0.000000 0.349998 0.349997 0.349998 0.349998 0.349998 0.349998 0.349998 0.349998 0.349998 0.349998 0.349998 0.349998 0.349998 0.349998 0.349998 0.349997 0.349998 0.000000 0.000000
0.000000 0.000000 0.350707 0.350707 0.350705 0.350706 0.350708 0.350708 0.350707 0.350708 0.350708 0.350708 0.350707 0.350708 0.350708 0.350706 0.350705 0.350707 0.350707 0.000000 0.000000
0.000000 0.000000 0.353462 0.353462 0.353460 0.353460 0.353463 0.353462 0.353462 0.353463 0.353463 0.353463 0.353462 0.353462 0.353463 0.353460 0.353460 0.353462 0.353462 0.000000 0.000000
0.000000 0.000000 0.357099 0.357099 0.357097 0.357098 0.357100 0.357099 0.357099 0.357100 0.357100 0.357100 0.357099 0.357099 0.357100 0.357098 0.357097 0.357099 0.357099 0.000000 0.000000
0.000000 0.000000 0.360441 0.360441 0.360439 0.360440 0.360442 0.360441 0.360441 0.360442 0.360442 0.360442 0.360441 0.360441 0.360442 0.360440 0.360439 0.360441 0.360441 0.000000 0.000000
0.000000 0.000000 0.363498 0.363498 0.363497 0.363497 0.363499 0.363498 0.363498 0.363499 0.363499 0.363499 0.363498 0.363498 0.363499 0.363497 0.363497 0.363498 0.363498 0.000000 0.000000
0.000000 0.000000 0.366354 0.366354 0.366353 0.366353 0.366355 0.366354 0.366354 0.366355 0.366355 0.366355 0.366354 0.366354 0.366355 0.366353 0.366353 0.366354 0.366354 0.000000 0.000000
0.000000 0.000000 0.369079 0.369078 0.369077 0.369078 0.369079 0.369078 0.369079 0.369079 0.369079 0.369079 0.369079 0.369078 0.369079 0.369078 0.369077 0.369078 0.369079 0.000000 0.000000
0.000000 0.000000 0.371702 0.371702 0.371701 0.371701 0.371703 0.371702 0.371702 0.371703 0.371703 0.371703 0.371702 0.371702 0.371703 0.371701 0.371701 0.371702 0.371702 0.000000 0.000000
0.000000 0.000000 0.374249 0.374249 0.374247 0.374248 0.374249 0.374249 0.374249 0.374249 0.374249 0.374249 0.374249 0.374249 0.374249 0.374248 0.374247 0.374249 0.374249 0.000000 0.000000
0.000000 0.000000 0.376735 0.376735 0.376734 0.376734 0.376736 0.376735 0.376735 0.376736 0.376736 0.376736 0.376735 0.376735 0.376736 0.376734 0.376734 0.376735 0.376735 0.000000 0.000000
0.000000 0.000000 0.379169 0.379168 0.379167 0.379168 0.379169 0.379168 0.379168 0.379169 0.379169 0.379169 0.379168 0.379168 0.379169 0.379168 0.379167 0.379168 0.379169 0.000000 0.000000
0.000000 0.000000 0.381559 0.381558 0.381557 0.381558 0.381559 0.381558 0.381558 0.381559 0.381559 0.381559 0.381558 0.381558 0.381559 0.381558 0.381557 0.381558 0.381559 0.000000 0.000000
0.000000 0.000000 0.383910 0.383910 0.383909 0.383909 0.383910 0.383910 0.383910 0.383911 0.383911 0.383911 0.383910 0.383910 0.383910 0.383909 0.383909 0.383910 0.383910 0.000000 0.000000
0.000000 0.000000 0.386224 0.386224 0.386223 0.386223 0.386225 0.386224 0.386224 0.386225 0.386225 0.386225 0.386224 0.386224 0.386225 0.386223 0.386223 0.386224 0.386224 0.000000 0.000000
0.000000 0.000000 0.388531 0.388531 0.388529 0.388530 0.388531 0.388531 0.388531 0.388531 0.388531 0.388531 0.388531 0.388531 0.388531 0.388530 0.388529 0.388531 0.388531 0.000000 0.000000
0.000000 0.000000 0.350000 0.350000 0.350000 0.350000 0.350000 0.350000 0.350000 0.350000 0.350000 0.350000 0.350000 0.350000 0.350000 0.350000 0.350000 0.350000 0.350000 0.000000 0.000000
0.000000 0.000000 0.000000 0.000000 0.000000 0.000000 0.000000 0.000000 0.000000 0.000000 0.000000 0.000000 0.000000 0.000000 0.000000 0.000000 0.000000 0.000000 0.000000 0.000000 0.000000