geotop/1.0zi/1.0Montebello/Templates/testdem/maps/_Eocsilt3701.asc
ncols         21
nrows         20
xllcorner     100.000000
yllcorner     100.000000
cellsize      50.000000
NODATA_value  -9999.0
0.000000 0.000000 0.000000 0.000000 0.000000 0.000000 0.000000 0.000000 0.000000 0.000000 0.000000 0.000000 0.000000 0.000000 0.000000 0.000000 0.000000 0.000000 0.000000 0.000000 0.000000
0.000000 0.000000 0.350077 0.350077 0.350077 0.350077 0.350076 0.350077 0.350077 0.350077 0.350077 0.350077 0.350077 0.350077 0.350077 0.350077 0.350077 0.350077 0.350077 0.000000 0.000000
0.000000 0.000000 0.350001 0.350002 0.350002 0.350002 0.350003 0.350003 0.350003 0.350003 0.350003 0.350003 0.350003 0.350003 0.350002 0.350002 0.350001 0.350001 0.350001 0.000000 0.000000
0.000000 0.000000 0.350033 0.350031 0.350032 0.350028 0.350029 0.350026 0.350028 0.350029 0.350028 0.350028 0.350028 0.350027 0.350028 0.350031 0.350032 0.350033 0.350032 0.000000 0.000000
0.000000 0.000000 0.350367 0.350371 0.350367 0.350369 0.350367 0.350365 0.350364 0.350361 0.350361 0.350362 0.350364 0.350364 0.350365 0.350364 0.350364 0.350368 0.350369 0.000000 0.000000
0.000000 0.000000 0.351406 0.351408 0.351404 0.351398 0.351392 0.351378 0.351378 0.351374 0.351378 0.351379 0.351380 0.351382 0.351387 0.351391 0.351394 0.351393 0.351395 0.000000 0.000000
0.000000 0.000000 0.352915 0.352917 0.352913 0.352899 0.352882 0.352866 0.352867 0.352864 0.352868 0.352867 0.352869 0.352873 0.352887 0.352899 0.352904 0.352907 0.352913 0.000000 0.000000
0.000000 0.000000 0.354660 0.354658 0.354651 0.354635 0.354616 0.354598 0.354599 0.354596 0.354597 0.354597 0.354598 0.354603 0.354623 0.354638 0.354650 0.354650 0.354655 0.000000 0.000000
0.000000 0.000000 0.356406 0.356401 0.356393 0.356379 0.356362 0.356340 0.356341 0.356338 0.356339 0.356340 0.356341 0.356346 0.356365 0.356382 0.356391 0.356395 0.356402 0.000000 0.000000
0.000000 0.000000 0.358135 0.358131 0.358123 0.358109 0.358088 0.358070 0.358072 0.358070 0.358070 0.358071 0.358072 0.358075 0.358096 0.358113 0.358122 0.358124 0.358130 0.000000 0.000000
0.000000 0.000000 0.359862 0.359858 0.359851 0.359838 0.359822 0.359800 0.359802 0.359798 0.359799 0.359799 0.359801 0.359804 0.359823 0.359835 0.359846 0.359850 0.359856 0.000000 0.000000
0.000000 0.000000 0.361635 0.361630 0.361621 0.361605 0.361588 0.361566 0.361566 0.361563 0.361564 0.361564 0.361566 0.361570 0.361593 0.361608 0.361619 0.361621 0.361642 0.000000 0.000000
0.000000 0.000000 0.363414 0.363409 0.363400 0.363386 0.363366 0.363327 0.363327 0.363324 0.363324 0.363324 0.363326 0.363330 0.363367 0.363385 0.363395 0.363398 0.363412 0.000000 0.000000
0.000000 0.000000 0.365278 0.365270 0.365261 0.365248 0.365205 0.365192 0.365187 0.365184 0.365185 0.365185 0.365186 0.365190 0.365206 0.365244 0.365255 0.365263 0.365271 0.000000 0.000000
0.000000 0.000000 0.367265 0.367259 0.367242 0.367206 0.367181 0.367157 0.367144 0.367141 0.367136 0.367135 0.367140 0.367140 0.367163 0.367192 0.367234 0.367233 0.367240 0.000000 0.000000
0.000000 0.000000 0.369291 0.369284 0.369242 0.369229 0.369210 0.369196 0.369193 0.369192 0.369194 0.369193 0.369191 0.369202 0.369214 0.369229 0.369235 0.369273 0.369284 0.000000 0.000000
0.000000 0.000000 0.371516 0.371469 0.371429 0.371410 0.371378 0.371362 0.371359 0.371357 0.371352 0.371353 0.371356 0.371357 0.371371 0.371403 0.371424 0.371448 0.371494 0.000000 0.000000
0.000000 0.000000 0.373293 0.373277 0.373297 0.373273 0.373242 0.373194 0.373189 0.373184 0.373186 0.373186 0.373187 0.373193 0.373239 0.373269 0.373302 0.373264 0.373287 0.000000 0.000000
0.000000 0.000000 0.350000 0.350000 0.350000 0.350000 0.350000 0.350000 0.350000 0.350000 0.350000 0.350000 0.350000 0.350000 0.350000 0.350000 0.350000 0.350000 0.350000 0.000000 0.000000
0.000000 0.000000 0.000000 0.000000 0.000000 0.000000 0.000000 0.000000 0.000000 0.000000 0.000000 0.000000 0.000000 0.000000 0.000000 0.000000 0.000000 0.000000 0.000000 0.000000 0.000000