geotop/1.0zi/1.0Montebello/Templates/testdem/maps/_Eocsilt3679.asc
ncols         21
nrows         20
xllcorner     100.000000
yllcorner     100.000000
cellsize      50.000000
NODATA_value  -9999.0
0.000000 0.000000 0.000000 0.000000 0.000000 0.000000 0.000000 0.000000 0.000000 0.000000 0.000000 0.000000 0.000000 0.000000 0.000000 0.000000 0.000000 0.000000 0.000000 0.000000 0.000000
0.000000 0.000000 0.350076 0.350075 0.350075 0.350075 0.350075 0.350075 0.350076 0.350075 0.350075 0.350075 0.350075 0.350076 0.350075 0.350075 0.350076 0.350076 0.350075 0.000000 0.000000
0.000000 0.000000 0.350002 0.350002 0.350002 0.350003 0.350003 0.350003 0.350003 0.350003 0.350003 0.350003 0.350003 0.350003 0.350003 0.350002 0.350001 0.350001 0.350001 0.000000 0.000000
0.000000 0.000000 0.350033 0.350031 0.350031 0.350027 0.350029 0.350026 0.350028 0.350029 0.350029 0.350028 0.350029 0.350027 0.350028 0.350030 0.350031 0.350033 0.350032 0.000000 0.000000
0.000000 0.000000 0.350367 0.350369 0.350364 0.350362 0.350359 0.350359 0.350357 0.350354 0.350355 0.350355 0.350357 0.350354 0.350359 0.350361 0.350365 0.350368 0.350369 0.000000 0.000000
0.000000 0.000000 0.351379 0.351377 0.351369 0.351360 0.351352 0.351340 0.351341 0.351337 0.351341 0.351342 0.351341 0.351345 0.351352 0.351359 0.351368 0.351368 0.351370 0.000000 0.000000
0.000000 0.000000 0.352845 0.352845 0.352839 0.352823 0.352805 0.352790 0.352792 0.352789 0.352793 0.352792 0.352793 0.352797 0.352812 0.352827 0.352834 0.352838 0.352843 0.000000 0.000000
0.000000 0.000000 0.354554 0.354551 0.354543 0.354526 0.354506 0.354489 0.354490 0.354488 0.354489 0.354488 0.354489 0.354493 0.354515 0.354532 0.354544 0.354545 0.354550 0.000000 0.000000
0.000000 0.000000 0.356269 0.356264 0.356255 0.356241 0.356222 0.356202 0.356203 0.356200 0.356201 0.356201 0.356203 0.356207 0.356227 0.356244 0.356254 0.356259 0.356266 0.000000 0.000000
0.000000 0.000000 0.357969 0.357964 0.357956 0.357942 0.357921 0.357903 0.357906 0.357903 0.357904 0.357904 0.357905 0.357908 0.357929 0.357947 0.357956 0.357960 0.357965 0.000000 0.000000
0.000000 0.000000 0.359669 0.359664 0.359655 0.359643 0.359626 0.359605 0.359607 0.359603 0.359604 0.359605 0.359606 0.359609 0.359628 0.359641 0.359653 0.359657 0.359663 0.000000 0.000000
0.000000 0.000000 0.361412 0.361407 0.361397 0.361381 0.361363 0.361343 0.361342 0.361340 0.361341 0.361340 0.361343 0.361346 0.361369 0.361384 0.361396 0.361400 0.361420 0.000000 0.000000
0.000000 0.000000 0.363162 0.363156 0.363146 0.363133 0.363112 0.363074 0.363075 0.363071 0.363072 0.363072 0.363073 0.363077 0.363113 0.363131 0.363143 0.363147 0.363160 0.000000 0.000000
0.000000 0.000000 0.364995 0.364985 0.364977 0.364963 0.364921 0.364909 0.364903 0.364900 0.364902 0.364901 0.364902 0.364906 0.364922 0.364959 0.364972 0.364981 0.364988 0.000000 0.000000
0.000000 0.000000 0.366950 0.366942 0.366926 0.366891 0.366866 0.366842 0.366830 0.366826 0.366822 0.366821 0.366825 0.366825 0.366848 0.366876 0.366919 0.366919 0.366925 0.000000 0.000000
0.000000 0.000000 0.368945 0.368936 0.368895 0.368882 0.368864 0.368849 0.368846 0.368845 0.368847 0.368846 0.368845 0.368855 0.368866 0.368881 0.368889 0.368927 0.368938 0.000000 0.000000
0.000000 0.000000 0.371131 0.371084 0.371044 0.371024 0.370993 0.370978 0.370974 0.370973 0.370969 0.370968 0.370972 0.370972 0.370987 0.371018 0.371041 0.371065 0.371110 0.000000 0.000000
0.000000 0.000000 0.372879 0.372860 0.372878 0.372854 0.372823 0.372776 0.372771 0.372767 0.372769 0.372768 0.372769 0.372775 0.372820 0.372850 0.372885 0.372849 0.372872 0.000000 0.000000
0.000000 0.000000 0.350000 0.350000 0.350000 0.350000 0.350000 0.350000 0.350000 0.350000 0.350000 0.350000 0.350000 0.350000 0.350000 0.350000 0.350000 0.350000 0.350000 0.000000 0.000000
0.000000 0.000000 0.000000 0.000000 0.000000 0.000000 0.000000 0.000000 0.000000 0.000000 0.000000 0.000000 0.000000 0.000000 0.000000 0.000000 0.000000 0.000000 0.000000 0.000000 0.000000