geotop/1.0zi/1.0Montebello/Templates/testdem/maps/_Eocsand6974.asc
ncols         21
nrows         20
xllcorner     100.000000
yllcorner     100.000000
cellsize      50.000000
NODATA_value  -9999.0
0.000000 0.000000 0.000000 0.000000 0.000000 0.000000 0.000000 0.000000 0.000000 0.000000 0.000000 0.000000 0.000000 0.000000 0.000000 0.000000 0.000000 0.000000 0.000000 0.000000 0.000000
0.000000 0.000000 0.300173 0.300171 0.300171 0.300172 0.300171 0.300171 0.300171 0.300171 0.300172 0.300171 0.300171 0.300171 0.300171 0.300171 0.300172 0.300172 0.300172 0.000000 0.000000
0.000000 0.000000 0.300010 0.300010 0.300010 0.300009 0.300010 0.300010 0.300010 0.300010 0.300010 0.300010 0.300009 0.300010 0.300010 0.300010 0.300010 0.300011 0.300012 0.000000 0.000000
0.000000 0.000000 0.299964 0.299962 0.299967 0.299972 0.299970 0.299973 0.299968 0.299972 0.299970 0.299971 0.299971 0.299972 0.299970 0.299965 0.299964 0.299960 0.299961 0.000000 0.000000
0.000000 0.000000 0.298559 0.298554 0.298562 0.298574 0.298592 0.298601 0.298604 0.298603 0.298605 0.298604 0.298608 0.298603 0.298584 0.298580 0.298576 0.298567 0.298554 0.000000 0.000000
0.000000 0.000000 0.294342 0.294341 0.294361 0.294399 0.294426 0.294468 0.294465 0.294478 0.294469 0.294469 0.294467 0.294467 0.294449 0.294422 0.294402 0.294383 0.294370 0.000000 0.000000
0.000000 0.000000 0.288200 0.288206 0.288223 0.288266 0.288320 0.288381 0.288379 0.288388 0.288385 0.288386 0.288390 0.288384 0.288334 0.288285 0.288259 0.288236 0.288219 0.000000 0.000000
0.000000 0.000000 0.280849 0.280851 0.280863 0.280911 0.280963 0.281030 0.281028 0.281036 0.281037 0.281042 0.281046 0.281034 0.280979 0.280933 0.280891 0.280879 0.280854 0.000000 0.000000
0.000000 0.000000 0.273139 0.273151 0.273176 0.273205 0.273259 0.273331 0.273325 0.273342 0.273346 0.273349 0.273348 0.273350 0.273281 0.273224 0.273192 0.273177 0.273156 0.000000 0.000000
0.000000 0.000000 0.265193 0.265208 0.265220 0.265247 0.265324 0.265388 0.265384 0.265394 0.265404 0.265398 0.265390 0.265395 0.265338 0.265273 0.265236 0.265226 0.265209 0.000000 0.000000
0.000000 0.000000 0.256804 0.256813 0.256827 0.256886 0.256937 0.257012 0.256994 0.257034 0.257030 0.257030 0.257044 0.257019 0.256971 0.256930 0.256884 0.256860 0.256824 0.000000 0.000000
0.000000 0.000000 0.247775 0.247799 0.247826 0.247867 0.247921 0.248011 0.248010 0.248027 0.248006 0.248035 0.248030 0.248021 0.247935 0.247891 0.247860 0.247843 0.247758 0.000000 0.000000
0.000000 0.000000 0.238279 0.238303 0.238317 0.238367 0.238414 0.238618 0.238619 0.238635 0.238683 0.238660 0.238648 0.238629 0.238475 0.238430 0.238356 0.238348 0.238294 0.000000 0.000000
0.000000 0.000000 0.227617 0.227628 0.227667 0.227704 0.227928 0.227954 0.228000 0.228003 0.228002 0.228008 0.228012 0.228019 0.228013 0.227779 0.227727 0.227666 0.227605 0.000000 0.000000
0.000000 0.000000 0.215488 0.215506 0.215559 0.215816 0.215853 0.215982 0.216057 0.216072 0.216114 0.216149 0.216121 0.216132 0.216015 0.215955 0.215608 0.215645 0.215617 0.000000 0.000000
0.000000 0.000000 0.202335 0.202355 0.202714 0.202702 0.202720 0.202796 0.202689 0.202737 0.202684 0.202722 0.202771 0.202687 0.202644 0.202621 0.202758 0.202283 0.202280 0.000000 0.000000
0.000000 0.000000 0.186470 0.187005 0.187051 0.187217 0.187486 0.187576 0.187662 0.187650 0.187782 0.187783 0.187717 0.187768 0.187638 0.187436 0.187085 0.187159 0.186607 0.000000 0.000000
0.000000 0.000000 0.176982 0.176706 0.176204 0.176277 0.176370 0.176852 0.176831 0.176952 0.176809 0.176847 0.176843 0.176805 0.176377 0.176310 0.176123 0.176598 0.176848 0.000000 0.000000
0.000000 0.000000 0.300000 0.300000 0.300000 0.300000 0.300000 0.300000 0.300000 0.300000 0.300000 0.300000 0.300000 0.300000 0.300000 0.300000 0.300000 0.300000 0.300000 0.000000 0.000000
0.000000 0.000000 0.000000 0.000000 0.000000 0.000000 0.000000 0.000000 0.000000 0.000000 0.000000 0.000000 0.000000 0.000000 0.000000 0.000000 0.000000 0.000000 0.000000 0.000000 0.000000