geotop/1.0zi/1.0Montebello/Templates/testdem/maps/_Eocsand8736.asc
ncols         21
nrows         20
xllcorner     100.000000
yllcorner     100.000000
cellsize      50.000000
NODATA_value  -9999.0
0.000000 0.000000 0.000000 0.000000 0.000000 0.000000 0.000000 0.000000 0.000000 0.000000 0.000000 0.000000 0.000000 0.000000 0.000000 0.000000 0.000000 0.000000 0.000000 0.000000 0.000000
0.000000 0.000000 0.300221 0.300219 0.300219 0.300219 0.300218 0.300218 0.300218 0.300218 0.300219 0.300218 0.300218 0.300219 0.300218 0.300218 0.300220 0.300220 0.300220 0.000000 0.000000
0.000000 0.000000 0.300012 0.300014 0.300013 0.300012 0.300013 0.300013 0.300013 0.300013 0.300013 0.300013 0.300012 0.300013 0.300013 0.300013 0.300014 0.300014 0.300015 0.000000 0.000000
0.000000 0.000000 0.299856 0.299856 0.299861 0.299871 0.299870 0.299873 0.299868 0.299870 0.299870 0.299869 0.299869 0.299872 0.299865 0.299860 0.299857 0.299856 0.299855 0.000000 0.000000
0.000000 0.000000 0.297620 0.297622 0.297637 0.297657 0.297684 0.297689 0.297694 0.297694 0.297695 0.297691 0.297689 0.297688 0.297667 0.297660 0.297645 0.297635 0.297622 0.000000 0.000000
0.000000 0.000000 0.291301 0.291307 0.291336 0.291389 0.291430 0.291473 0.291473 0.291486 0.291475 0.291475 0.291466 0.291470 0.291443 0.291408 0.291378 0.291359 0.291344 0.000000 0.000000
0.000000 0.000000 0.282547 0.282562 0.282583 0.282642 0.282715 0.282792 0.282791 0.282800 0.282798 0.282796 0.282798 0.282793 0.282722 0.282662 0.282625 0.282598 0.282581 0.000000 0.000000
0.000000 0.000000 0.272190 0.272202 0.272219 0.272287 0.272354 0.272439 0.272439 0.272451 0.272451 0.272455 0.272459 0.272443 0.272367 0.272309 0.272251 0.272238 0.272209 0.000000 0.000000
0.000000 0.000000 0.261002 0.261027 0.261060 0.261106 0.261184 0.261275 0.261268 0.261288 0.261292 0.261295 0.261291 0.261295 0.261201 0.261126 0.261081 0.261060 0.261035 0.000000 0.000000
0.000000 0.000000 0.249000 0.249027 0.249047 0.249093 0.249204 0.249285 0.249285 0.249294 0.249308 0.249297 0.249284 0.249290 0.249210 0.249121 0.249067 0.249049 0.249032 0.000000 0.000000
0.000000 0.000000 0.235750 0.235766 0.235788 0.235895 0.235968 0.236074 0.236044 0.236107 0.236092 0.236097 0.236117 0.236081 0.236001 0.235949 0.235875 0.235840 0.235788 0.000000 0.000000
0.000000 0.000000 0.220785 0.220835 0.220883 0.220941 0.221040 0.221162 0.221177 0.221183 0.221153 0.221202 0.221179 0.221180 0.221036 0.220960 0.220915 0.220888 0.220767 0.000000 0.000000
0.000000 0.000000 0.204337 0.204386 0.204393 0.204504 0.204580 0.204950 0.204957 0.204972 0.205081 0.205014 0.204997 0.204963 0.204672 0.204603 0.204456 0.204449 0.204394 0.000000 0.000000
0.000000 0.000000 0.184601 0.184615 0.184702 0.184774 0.185281 0.185186 0.185286 0.185281 0.185231 0.185276 0.185284 0.185326 0.185402 0.184869 0.184810 0.184674 0.184582 0.000000 0.000000
0.000000 0.000000 0.161110 0.161168 0.161271 0.161939 0.161812 0.162146 0.162279 0.162310 0.162430 0.162497 0.162420 0.162431 0.162091 0.162193 0.161318 0.161483 0.161480 0.000000 0.000000
0.000000 0.000000 0.135934 0.135980 0.136918 0.136566 0.136675 0.136696 0.136316 0.136422 0.136211 0.136263 0.136425 0.136197 0.136228 0.136150 0.136989 0.135593 0.135611 0.000000 0.000000
0.000000 0.000000 0.106444 0.107769 0.107357 0.107927 0.108590 0.108782 0.109204 0.109101 0.109527 0.109476 0.109223 0.109487 0.109130 0.108639 0.107392 0.108325 0.106940 0.000000 0.000000
0.000000 0.000000 0.098083 0.096927 0.095966 0.095961 0.095887 0.096832 0.096647 0.096931 0.096445 0.096540 0.096620 0.096457 0.095671 0.095726 0.095780 0.096499 0.097639 0.000000 0.000000
0.000000 0.000000 0.300000 0.300000 0.300000 0.300000 0.300000 0.300000 0.300000 0.300000 0.300000 0.300000 0.300000 0.300000 0.300000 0.300000 0.300000 0.300000 0.300000 0.000000 0.000000
0.000000 0.000000 0.000000 0.000000 0.000000 0.000000 0.000000 0.000000 0.000000 0.000000 0.000000 0.000000 0.000000 0.000000 0.000000 0.000000 0.000000 0.000000 0.000000 0.000000 0.000000