geotop/1.0zi/1.0Montebello/Templates/testdem/maps/_Eocsilt6964.asc
ncols         21
nrows         20
xllcorner     100.000000
yllcorner     100.000000
cellsize      50.000000
NODATA_value  -9999.0
0.000000 0.000000 0.000000 0.000000 0.000000 0.000000 0.000000 0.000000 0.000000 0.000000 0.000000 0.000000 0.000000 0.000000 0.000000 0.000000 0.000000 0.000000 0.000000 0.000000 0.000000
0.000000 0.000000 0.350140 0.350140 0.350140 0.350141 0.350140 0.350141 0.350141 0.350140 0.350141 0.350140 0.350140 0.350140 0.350140 0.350140 0.350141 0.350141 0.350140 0.000000 0.000000
0.000000 0.000000 0.350003 0.350003 0.350003 0.350003 0.350003 0.350003 0.350003 0.350003 0.350003 0.350003 0.350004 0.350004 0.350003 0.350003 0.350001 0.350001 0.350003 0.000000 0.000000
0.000000 0.000000 0.350060 0.350056 0.350055 0.350050 0.350051 0.350048 0.350051 0.350050 0.350048 0.350050 0.350050 0.350050 0.350052 0.350055 0.350058 0.350059 0.350059 0.000000 0.000000
0.000000 0.000000 0.350734 0.350740 0.350735 0.350727 0.350723 0.350716 0.350714 0.350713 0.350713 0.350714 0.350714 0.350716 0.350726 0.350730 0.350729 0.350737 0.350742 0.000000 0.000000
0.000000 0.000000 0.352764 0.352766 0.352757 0.352743 0.352728 0.352708 0.352708 0.352702 0.352707 0.352708 0.352709 0.352707 0.352716 0.352726 0.352735 0.352741 0.352747 0.000000 0.000000
0.000000 0.000000 0.355779 0.355777 0.355767 0.355745 0.355717 0.355690 0.355691 0.355688 0.355689 0.355688 0.355685 0.355689 0.355712 0.355735 0.355748 0.355761 0.355769 0.000000 0.000000
0.000000 0.000000 0.359400 0.359399 0.359395 0.359372 0.359346 0.359315 0.359316 0.359312 0.359311 0.359310 0.359308 0.359312 0.359338 0.359362 0.359383 0.359387 0.359399 0.000000 0.000000
0.000000 0.000000 0.363233 0.363226 0.363213 0.363199 0.363172 0.363136 0.363139 0.363130 0.363129 0.363128 0.363129 0.363127 0.363161 0.363189 0.363206 0.363213 0.363224 0.000000 0.000000
0.000000 0.000000 0.367166 0.367159 0.367152 0.367139 0.367102 0.367071 0.367072 0.367068 0.367063 0.367067 0.367071 0.367068 0.367095 0.367127 0.367145 0.367150 0.367158 0.000000 0.000000
0.000000 0.000000 0.371295 0.371290 0.371284 0.371254 0.371230 0.371194 0.371202 0.371183 0.371185 0.371186 0.371179 0.371190 0.371213 0.371234 0.371256 0.371267 0.371285 0.000000 0.000000
0.000000 0.000000 0.375737 0.375726 0.375712 0.375692 0.375666 0.375623 0.375622 0.375614 0.375625 0.375612 0.375615 0.375618 0.375660 0.375682 0.375697 0.375705 0.375746 0.000000 0.000000
0.000000 0.000000 0.380401 0.380389 0.380383 0.380358 0.380336 0.380236 0.380235 0.380228 0.380205 0.380217 0.380223 0.380231 0.380306 0.380328 0.380364 0.380367 0.380394 0.000000 0.000000
0.000000 0.000000 0.385628 0.385623 0.385604 0.385586 0.385478 0.385465 0.385442 0.385441 0.385441 0.385440 0.385437 0.385433 0.385436 0.385550 0.385575 0.385604 0.385634 0.000000 0.000000
0.000000 0.000000 0.391559 0.391550 0.391525 0.391400 0.391382 0.391320 0.391283 0.391276 0.391256 0.391239 0.391253 0.391247 0.391303 0.391333 0.391502 0.391483 0.391496 0.000000 0.000000
0.000000 0.000000 0.397988 0.397979 0.397805 0.397809 0.397801 0.397765 0.397815 0.397792 0.397818 0.397801 0.397777 0.397817 0.397837 0.397849 0.397784 0.398013 0.398015 0.000000 0.000000
0.000000 0.000000 0.405716 0.405458 0.405434 0.405353 0.405225 0.405182 0.405140 0.405147 0.405083 0.405084 0.405115 0.405090 0.405152 0.405249 0.405418 0.405384 0.405650 0.000000 0.000000
0.000000 0.000000 0.410371 0.410500 0.410741 0.410705 0.410660 0.410429 0.410437 0.410380 0.410448 0.410431 0.410433 0.410450 0.410655 0.410689 0.410780 0.410551 0.410435 0.000000 0.000000
0.000000 0.000000 0.350000 0.350000 0.350000 0.350000 0.350000 0.350000 0.350000 0.350000 0.350000 0.350000 0.350000 0.350000 0.350000 0.350000 0.350000 0.350000 0.350000 0.000000 0.000000
0.000000 0.000000 0.000000 0.000000 0.000000 0.000000 0.000000 0.000000 0.000000 0.000000 0.000000 0.000000 0.000000 0.000000 0.000000 0.000000 0.000000 0.000000 0.000000 0.000000 0.000000