geotop/1.0zi/1.0Montebello/Templates/testdem/maps/_Eocclay5935.asc
ncols         21
nrows         20
xllcorner     100.000000
yllcorner     100.000000
cellsize      50.000000
NODATA_value  -9999.0
0.000000 0.000000 0.000000 0.000000 0.000000 0.000000 0.000000 0.000000 0.000000 0.000000 0.000000 0.000000 0.000000 0.000000 0.000000 0.000000 0.000000 0.000000 0.000000 0.000000 0.000000
0.000000 0.000000 0.349734 0.349735 0.349735 0.349735 0.349735 0.349735 0.349735 0.349735 0.349735 0.349735 0.349735 0.349735 0.349735 0.349735 0.349734 0.349734 0.349734 0.000000 0.000000
0.000000 0.000000 0.349989 0.349990 0.349990 0.349989 0.349989 0.349989 0.349989 0.349989 0.349989 0.349989 0.349989 0.349990 0.349989 0.349990 0.349989 0.349989 0.349989 0.000000 0.000000
0.000000 0.000000 0.349984 0.349986 0.349984 0.349985 0.349987 0.349987 0.349987 0.349985 0.349987 0.349986 0.349986 0.349985 0.349987 0.349989 0.349987 0.349988 0.349987 0.000000 0.000000
0.000000 0.000000 0.350506 0.350505 0.350504 0.350499 0.350489 0.350485 0.350486 0.350488 0.350487 0.350487 0.350482 0.350484 0.350487 0.350487 0.350493 0.350495 0.350500 0.000000 0.000000
0.000000 0.000000 0.352181 0.352182 0.352175 0.352156 0.352148 0.352132 0.352132 0.352128 0.352131 0.352131 0.352134 0.352134 0.352139 0.352152 0.352158 0.352170 0.352174 0.000000 0.000000
0.000000 0.000000 0.354632 0.354630 0.354626 0.354608 0.354588 0.354560 0.354560 0.354555 0.354557 0.354559 0.354560 0.354558 0.354579 0.354601 0.354611 0.354620 0.354628 0.000000 0.000000
0.000000 0.000000 0.357612 0.357611 0.357608 0.357587 0.357567 0.357537 0.357538 0.357535 0.357535 0.357535 0.357533 0.357538 0.357560 0.357579 0.357594 0.357600 0.357609 0.000000 0.000000
0.000000 0.000000 0.360650 0.360647 0.360639 0.360627 0.360607 0.360578 0.360580 0.360574 0.360572 0.360573 0.360573 0.360571 0.360597 0.360619 0.360633 0.360636 0.360645 0.000000 0.000000
0.000000 0.000000 0.363738 0.363732 0.363729 0.363720 0.363690 0.363664 0.363666 0.363662 0.363658 0.363662 0.363666 0.363663 0.363685 0.363710 0.363724 0.363727 0.363733 0.000000 0.000000
0.000000 0.000000 0.366956 0.366953 0.366950 0.366929 0.366908 0.366878 0.366885 0.366871 0.366871 0.366872 0.366869 0.366877 0.366894 0.366910 0.366927 0.366936 0.366949 0.000000 0.000000
0.000000 0.000000 0.370345 0.370338 0.370328 0.370312 0.370294 0.370259 0.370260 0.370252 0.370261 0.370251 0.370253 0.370256 0.370287 0.370303 0.370315 0.370320 0.370353 0.000000 0.000000
0.000000 0.000000 0.373844 0.373837 0.373833 0.373815 0.373798 0.373725 0.373725 0.373719 0.373703 0.373712 0.373718 0.373723 0.373777 0.373792 0.373818 0.373821 0.373844 0.000000 0.000000
0.000000 0.000000 0.377664 0.377659 0.377649 0.377637 0.377564 0.377547 0.377531 0.377530 0.377525 0.377527 0.377528 0.377525 0.377533 0.377607 0.377629 0.377647 0.377671 0.000000 0.000000
0.000000 0.000000 0.381894 0.381888 0.381872 0.381795 0.381773 0.381731 0.381702 0.381698 0.381684 0.381676 0.381685 0.381679 0.381712 0.381745 0.381853 0.381844 0.381858 0.000000 0.000000
0.000000 0.000000 0.386389 0.386383 0.386282 0.386267 0.386262 0.386236 0.386258 0.386246 0.386255 0.386244 0.386232 0.386253 0.386268 0.386278 0.386265 0.386395 0.386398 0.000000 0.000000
0.000000 0.000000 0.391581 0.391441 0.391398 0.391358 0.391291 0.391259 0.391246 0.391245 0.391214 0.391211 0.391225 0.391218 0.391256 0.391306 0.391387 0.391409 0.391551 0.000000 0.000000
0.000000 0.000000 0.395286 0.395302 0.395429 0.395397 0.395349 0.395220 0.395218 0.395189 0.395210 0.395203 0.395211 0.395214 0.395332 0.395368 0.395449 0.395318 0.395309 0.000000 0.000000
0.000000 0.000000 0.350000 0.350000 0.350000 0.350000 0.350000 0.350000 0.350000 0.350000 0.350000 0.350000 0.350000 0.350000 0.350000 0.350000 0.350000 0.350000 0.350000 0.000000 0.000000
0.000000 0.000000 0.000000 0.000000 0.000000 0.000000 0.000000 0.000000 0.000000 0.000000 0.000000 0.000000 0.000000 0.000000 0.000000 0.000000 0.000000 0.000000 0.000000 0.000000 0.000000