geotop/1.0zi/1.0Montebello/Templates/testdem/maps/_Eocsand045g.asc
ncols         21
nrows         20
xllcorner     100.000000
yllcorner     100.000000
cellsize      50.000000
NODATA_value  -9999.0
0.000000 0.000000 0.000000 0.000000 0.000000 0.000000 0.000000 0.000000 0.000000 0.000000 0.000000 0.000000 0.000000 0.000000 0.000000 0.000000 0.000000 0.000000 0.000000 0.000000 0.000000
0.000000 0.000000 0.300265 0.300262 0.300263 0.300263 0.300262 0.300262 0.300262 0.300263 0.300263 0.300263 0.300263 0.300263 0.300263 0.300262 0.300264 0.300263 0.300263 0.000000 0.000000
0.000000 0.000000 0.300012 0.300014 0.300014 0.300012 0.300014 0.300014 0.300014 0.300014 0.300014 0.300014 0.300013 0.300013 0.300013 0.300013 0.300014 0.300015 0.300015 0.000000 0.000000
0.000000 0.000000 0.299724 0.299718 0.299729 0.299737 0.299737 0.299743 0.299735 0.299737 0.299737 0.299735 0.299734 0.299736 0.299730 0.299723 0.299721 0.299719 0.299720 0.000000 0.000000
0.000000 0.000000 0.296371 0.296373 0.296393 0.296432 0.296463 0.296475 0.296474 0.296474 0.296477 0.296470 0.296464 0.296465 0.296442 0.296426 0.296406 0.296393 0.296380 0.000000 0.000000
0.000000 0.000000 0.287722 0.287732 0.287775 0.287850 0.287921 0.287984 0.287979 0.287987 0.287991 0.287989 0.287978 0.287984 0.287948 0.287888 0.287855 0.287830 0.287818 0.000000 0.000000
0.000000 0.000000 0.275919 0.275942 0.275979 0.276067 0.276157 0.276284 0.276279 0.276286 0.276299 0.276299 0.276300 0.276296 0.276198 0.276124 0.276075 0.276041 0.276027 0.000000 0.000000
0.000000 0.000000 0.261827 0.261855 0.261893 0.262004 0.262105 0.262219 0.262215 0.262225 0.262241 0.262247 0.262251 0.262233 0.262142 0.262059 0.261981 0.261962 0.261933 0.000000 0.000000
0.000000 0.000000 0.246079 0.246120 0.246184 0.246272 0.246389 0.246530 0.246515 0.246535 0.246558 0.246562 0.246556 0.246565 0.246433 0.246331 0.246270 0.246241 0.246216 0.000000 0.000000
0.000000 0.000000 0.228287 0.228346 0.228403 0.228502 0.228633 0.228784 0.228780 0.228791 0.228827 0.228814 0.228798 0.228806 0.228701 0.228566 0.228491 0.228459 0.228449 0.000000 0.000000
0.000000 0.000000 0.207508 0.207557 0.207610 0.207827 0.207889 0.208098 0.208051 0.208144 0.208141 0.208158 0.208193 0.208138 0.208015 0.207931 0.207823 0.207782 0.207694 0.000000 0.000000
0.000000 0.000000 0.182608 0.182717 0.182857 0.182956 0.183078 0.183344 0.183351 0.183340 0.183320 0.183416 0.183364 0.183393 0.183157 0.183014 0.182957 0.182917 0.182741 0.000000 0.000000
0.000000 0.000000 0.154270 0.154364 0.154391 0.154613 0.154762 0.155505 0.155513 0.155550 0.155837 0.155654 0.155649 0.155583 0.155048 0.154935 0.154650 0.154632 0.154622 0.000000 0.000000
0.000000 0.000000 0.120013 0.120042 0.120296 0.120429 0.121445 0.120969 0.121178 0.121155 0.120974 0.121155 0.121177 0.121307 0.121738 0.120622 0.120624 0.120356 0.120212 0.000000 0.000000
0.000000 0.000000 0.087371 0.087459 0.087591 0.088608 0.088070 0.088770 0.088876 0.088933 0.089197 0.089245 0.089136 0.089110 0.088511 0.089046 0.087724 0.088052 0.088123 0.000000 0.000000
0.000000 0.000000 0.065370 0.065409 0.066073 0.065847 0.065930 0.065970 0.065695 0.065770 0.065648 0.065676 0.065788 0.065639 0.065679 0.065604 0.066204 0.065248 0.065270 0.000000 0.000000
0.000000 0.000000 0.049790 0.050052 0.050253 0.050254 0.050425 0.050463 0.050430 0.050440 0.050469 0.050470 0.050470 0.050459 0.050427 0.050289 0.050325 0.050095 0.049843 0.000000 0.000000
0.000000 0.000000 0.040075 0.040233 0.040227 0.040261 0.040400 0.040504 0.040507 0.040524 0.040538 0.040542 0.040527 0.040532 0.040419 0.040328 0.040260 0.040280 0.040122 0.000000 0.000000
0.000000 0.000000 0.300000 0.300000 0.300000 0.300000 0.300000 0.300000 0.300000 0.300000 0.300000 0.300000 0.300000 0.300000 0.300000 0.300000 0.300000 0.300000 0.300000 0.000000 0.000000
0.000000 0.000000 0.000000 0.000000 0.000000 0.000000 0.000000 0.000000 0.000000 0.000000 0.000000 0.000000 0.000000 0.000000 0.000000 0.000000 0.000000 0.000000 0.000000 0.000000 0.000000