geotop/1.0zi/1.0Montebello/Templates/testdem/maps/_Eocsand1260.asc
ncols         21
nrows         20
xllcorner     100.000000
yllcorner     100.000000
cellsize      50.000000
NODATA_value  -9999.0
0.000000 0.000000 0.000000 0.000000 0.000000 0.000000 0.000000 0.000000 0.000000 0.000000 0.000000 0.000000 0.000000 0.000000 0.000000 0.000000 0.000000 0.000000 0.000000 0.000000 0.000000
0.000000 0.000000 0.300040 0.300040 0.300040 0.300040 0.300040 0.300040 0.300040 0.300040 0.300040 0.300040 0.300040 0.300040 0.300040 0.300040 0.300040 0.300040 0.300040 0.000000 0.000000
0.000000 0.000000 0.300006 0.300007 0.300007 0.300006 0.300007 0.300007 0.300007 0.300007 0.300007 0.300007 0.300007 0.300007 0.300007 0.300006 0.300007 0.300007 0.300006 0.000000 0.000000
0.000000 0.000000 0.298883 0.298883 0.298888 0.298886 0.298882 0.298883 0.298883 0.298882 0.298882 0.298882 0.298883 0.298883 0.298882 0.298886 0.298888 0.298883 0.298883 0.000000 0.000000
0.000000 0.000000 0.295134 0.295135 0.295140 0.295140 0.295133 0.295135 0.295135 0.295133 0.295133 0.295133 0.295135 0.295135 0.295133 0.295140 0.295140 0.295135 0.295134 0.000000 0.000000
0.000000 0.000000 0.290805 0.290806 0.290810 0.290809 0.290804 0.290805 0.290806 0.290804 0.290804 0.290804 0.290806 0.290805 0.290804 0.290809 0.290810 0.290806 0.290805 0.000000 0.000000
0.000000 0.000000 0.286757 0.286758 0.286761 0.286761 0.286757 0.286757 0.286757 0.286756 0.286757 0.286756 0.286757 0.286757 0.286757 0.286761 0.286761 0.286758 0.286757 0.000000 0.000000
0.000000 0.000000 0.283037 0.283037 0.283041 0.283040 0.283037 0.283037 0.283037 0.283036 0.283036 0.283036 0.283037 0.283037 0.283037 0.283040 0.283041 0.283037 0.283037 0.000000 0.000000
0.000000 0.000000 0.279552 0.279553 0.279556 0.279555 0.279552 0.279552 0.279552 0.279552 0.279552 0.279552 0.279552 0.279552 0.279552 0.279555 0.279556 0.279553 0.279552 0.000000 0.000000
0.000000 0.000000 0.276211 0.276212 0.276215 0.276214 0.276211 0.276212 0.276212 0.276211 0.276211 0.276211 0.276212 0.276212 0.276211 0.276214 0.276215 0.276212 0.276211 0.000000 0.000000
0.000000 0.000000 0.272980 0.272981 0.272984 0.272983 0.272980 0.272981 0.272980 0.272980 0.272980 0.272980 0.272980 0.272981 0.272980 0.272983 0.272984 0.272981 0.272980 0.000000 0.000000
0.000000 0.000000 0.269824 0.269825 0.269827 0.269827 0.269824 0.269824 0.269824 0.269824 0.269824 0.269824 0.269824 0.269824 0.269824 0.269827 0.269827 0.269825 0.269824 0.000000 0.000000
0.000000 0.000000 0.266721 0.266721 0.266724 0.266723 0.266721 0.266721 0.266721 0.266721 0.266721 0.266721 0.266721 0.266721 0.266721 0.266723 0.266724 0.266721 0.266721 0.000000 0.000000
0.000000 0.000000 0.263671 0.263672 0.263675 0.263674 0.263671 0.263672 0.263671 0.263671 0.263671 0.263671 0.263671 0.263672 0.263671 0.263674 0.263675 0.263672 0.263671 0.000000 0.000000
0.000000 0.000000 0.260660 0.260661 0.260663 0.260662 0.260660 0.260660 0.260660 0.260660 0.260660 0.260660 0.260660 0.260660 0.260660 0.260662 0.260663 0.260661 0.260660 0.000000 0.000000
0.000000 0.000000 0.257676 0.257676 0.257679 0.257678 0.257676 0.257676 0.257676 0.257676 0.257676 0.257676 0.257676 0.257676 0.257676 0.257678 0.257679 0.257676 0.257676 0.000000 0.000000
0.000000 0.000000 0.254721 0.254721 0.254724 0.254723 0.254721 0.254721 0.254721 0.254720 0.254720 0.254720 0.254721 0.254721 0.254721 0.254723 0.254724 0.254721 0.254721 0.000000 0.000000
0.000000 0.000000 0.251708 0.251708 0.251711 0.251710 0.251707 0.251708 0.251708 0.251707 0.251707 0.251707 0.251708 0.251708 0.251707 0.251710 0.251711 0.251708 0.251707 0.000000 0.000000
0.000000 0.000000 0.300000 0.300000 0.300000 0.300000 0.300000 0.300000 0.300000 0.300000 0.300000 0.300000 0.300000 0.300000 0.300000 0.300000 0.300000 0.300000 0.300000 0.000000 0.000000
0.000000 0.000000 0.000000 0.000000 0.000000 0.000000 0.000000 0.000000 0.000000 0.000000 0.000000 0.000000 0.000000 0.000000 0.000000 0.000000 0.000000 0.000000 0.000000 0.000000 0.000000