geotop/1.0zi/1.0Montebello/Templates/testdem/maps/_Eocsand3503.asc
ncols         21
nrows         20
xllcorner     100.000000
yllcorner     100.000000
cellsize      50.000000
NODATA_value  -9999.0
0.000000 0.000000 0.000000 0.000000 0.000000 0.000000 0.000000 0.000000 0.000000 0.000000 0.000000 0.000000 0.000000 0.000000 0.000000 0.000000 0.000000 0.000000 0.000000 0.000000 0.000000
0.000000 0.000000 0.300093 0.300093 0.300093 0.300093 0.300093 0.300093 0.300093 0.300093 0.300094 0.300093 0.300093 0.300093 0.300093 0.300093 0.300093 0.300093 0.300093 0.000000 0.000000
0.000000 0.000000 0.300010 0.300011 0.300011 0.300010 0.300010 0.300010 0.300010 0.300010 0.300009 0.300010 0.300010 0.300010 0.300010 0.300010 0.300011 0.300011 0.300010 0.000000 0.000000
0.000000 0.000000 0.297318 0.297319 0.297323 0.297321 0.297318 0.297318 0.297319 0.297318 0.297317 0.297318 0.297319 0.297318 0.297318 0.297321 0.297323 0.297319 0.297318 0.000000 0.000000
0.000000 0.000000 0.286970 0.286972 0.286976 0.286975 0.286969 0.286972 0.286972 0.286970 0.286969 0.286970 0.286972 0.286972 0.286969 0.286975 0.286976 0.286972 0.286970 0.000000 0.000000
0.000000 0.000000 0.274916 0.274917 0.274920 0.274920 0.274915 0.274917 0.274917 0.274916 0.274914 0.274916 0.274917 0.274917 0.274915 0.274920 0.274920 0.274917 0.274916 0.000000 0.000000
0.000000 0.000000 0.263816 0.263817 0.263820 0.263819 0.263815 0.263817 0.263817 0.263816 0.263815 0.263816 0.263817 0.263817 0.263815 0.263819 0.263820 0.263817 0.263816 0.000000 0.000000
0.000000 0.000000 0.253760 0.253761 0.253763 0.253763 0.253759 0.253761 0.253761 0.253760 0.253759 0.253760 0.253761 0.253761 0.253759 0.253763 0.253763 0.253761 0.253760 0.000000 0.000000
0.000000 0.000000 0.244487 0.244487 0.244490 0.244489 0.244486 0.244488 0.244488 0.244487 0.244486 0.244487 0.244488 0.244488 0.244486 0.244489 0.244490 0.244487 0.244487 0.000000 0.000000
0.000000 0.000000 0.235778 0.235779 0.235781 0.235781 0.235778 0.235779 0.235779 0.235778 0.235777 0.235778 0.235779 0.235779 0.235778 0.235781 0.235781 0.235779 0.235778 0.000000 0.000000
0.000000 0.000000 0.227520 0.227521 0.227523 0.227523 0.227520 0.227521 0.227521 0.227520 0.227519 0.227520 0.227521 0.227521 0.227520 0.227523 0.227523 0.227521 0.227520 0.000000 0.000000
0.000000 0.000000 0.219633 0.219633 0.219635 0.219635 0.219632 0.219633 0.219633 0.219632 0.219632 0.219632 0.219633 0.219633 0.219632 0.219635 0.219635 0.219633 0.219633 0.000000 0.000000
0.000000 0.000000 0.212055 0.212055 0.212057 0.212057 0.212054 0.212056 0.212056 0.212055 0.212054 0.212055 0.212056 0.212056 0.212054 0.212057 0.212057 0.212055 0.212055 0.000000 0.000000
0.000000 0.000000 0.204730 0.204730 0.204732 0.204732 0.204729 0.204731 0.204731 0.204730 0.204729 0.204730 0.204731 0.204731 0.204729 0.204732 0.204732 0.204730 0.204730 0.000000 0.000000
0.000000 0.000000 0.197636 0.197636 0.197638 0.197638 0.197635 0.197636 0.197636 0.197636 0.197635 0.197636 0.197636 0.197636 0.197635 0.197638 0.197638 0.197636 0.197636 0.000000 0.000000
0.000000 0.000000 0.190765 0.190765 0.190767 0.190766 0.190764 0.190765 0.190765 0.190764 0.190764 0.190764 0.190765 0.190765 0.190764 0.190766 0.190767 0.190765 0.190765 0.000000 0.000000
0.000000 0.000000 0.184086 0.184087 0.184089 0.184088 0.184086 0.184087 0.184087 0.184086 0.184085 0.184086 0.184087 0.184087 0.184086 0.184088 0.184089 0.184087 0.184086 0.000000 0.000000
0.000000 0.000000 0.177493 0.177492 0.177494 0.177493 0.177491 0.177492 0.177492 0.177492 0.177491 0.177492 0.177492 0.177492 0.177491 0.177493 0.177494 0.177492 0.177492 0.000000 0.000000
0.000000 0.000000 0.300000 0.300000 0.300000 0.300000 0.300000 0.300000 0.300000 0.300000 0.300000 0.300000 0.300000 0.300000 0.300000 0.300000 0.300000 0.300000 0.300000 0.000000 0.000000
0.000000 0.000000 0.000000 0.000000 0.000000 0.000000 0.000000 0.000000 0.000000 0.000000 0.000000 0.000000 0.000000 0.000000 0.000000 0.000000 0.000000 0.000000 0.000000 0.000000 0.000000