geotop/1.0zi/1.0Montebello/Templates/testdem/maps/_Eocsilt145=.asc
ncols         21
nrows         20
xllcorner     100.000000
yllcorner     100.000000
cellsize      50.000000
NODATA_value  -9999.0
0.000000 0.000000 0.000000 0.000000 0.000000 0.000000 0.000000 0.000000 0.000000 0.000000 0.000000 0.000000 0.000000 0.000000 0.000000 0.000000 0.000000 0.000000 0.000000 0.000000 0.000000
0.000000 0.000000 0.350253 0.350253 0.350254 0.350254 0.350253 0.350253 0.350253 0.350253 0.350253 0.350253 0.350253 0.350253 0.350253 0.350253 0.350254 0.350254 0.350253 0.000000 0.000000
0.000000 0.000000 0.350013 0.350013 0.350013 0.350013 0.350013 0.350013 0.350014 0.350014 0.350014 0.350014 0.350014 0.350014 0.350013 0.350013 0.350011 0.350011 0.350013 0.000000 0.000000
0.000000 0.000000 0.350248 0.350247 0.350237 0.350233 0.350234 0.350223 0.350227 0.350228 0.350225 0.350228 0.350228 0.350232 0.350229 0.350234 0.350239 0.350243 0.350245 0.000000 0.000000
0.000000 0.000000 0.352157 0.352161 0.352149 0.352128 0.352115 0.352107 0.352106 0.352104 0.352099 0.352105 0.352110 0.352106 0.352121 0.352132 0.352139 0.352146 0.352153 0.000000 0.000000
0.000000 0.000000 0.356984 0.356977 0.356958 0.356926 0.356888 0.356858 0.356854 0.356848 0.356844 0.356846 0.356851 0.356847 0.356866 0.356896 0.356909 0.356923 0.356929 0.000000 0.000000
0.000000 0.000000 0.363749 0.363736 0.363712 0.363665 0.363616 0.363548 0.363545 0.363540 0.363532 0.363532 0.363529 0.363533 0.363583 0.363624 0.363650 0.363673 0.363680 0.000000 0.000000
0.000000 0.000000 0.371911 0.371895 0.371872 0.371811 0.371757 0.371691 0.371684 0.371677 0.371667 0.371665 0.371662 0.371670 0.371717 0.371766 0.371808 0.371819 0.371834 0.000000 0.000000
0.000000 0.000000 0.381266 0.381240 0.381202 0.381152 0.381089 0.381004 0.381001 0.380987 0.380974 0.380971 0.380974 0.380968 0.381041 0.381101 0.381135 0.381154 0.381168 0.000000 0.000000
0.000000 0.000000 0.392143 0.392104 0.392066 0.392013 0.391939 0.391849 0.391836 0.391828 0.391805 0.391812 0.391826 0.391821 0.391877 0.391958 0.392000 0.392021 0.392026 0.000000 0.000000
0.000000 0.000000 0.405242 0.405204 0.405172 0.405037 0.405007 0.404877 0.404896 0.404833 0.404838 0.404826 0.404801 0.404837 0.404906 0.404956 0.405020 0.405047 0.405103 0.000000 0.000000
0.000000 0.000000 0.421272 0.421190 0.421093 0.421048 0.420978 0.420807 0.420777 0.420792 0.420798 0.420747 0.420776 0.420756 0.420898 0.420993 0.421019 0.421046 0.421152 0.000000 0.000000
0.000000 0.000000 0.438692 0.438626 0.438616 0.438483 0.438403 0.437954 0.437924 0.437895 0.437710 0.437841 0.437836 0.437879 0.438193 0.438257 0.438430 0.438452 0.438426 0.000000 0.000000
0.000000 0.000000 0.455839 0.455828 0.455705 0.455660 0.455225 0.455475 0.455372 0.455376 0.455469 0.455377 0.455366 0.455304 0.455094 0.455586 0.455567 0.455680 0.455739 0.000000 0.000000
0.000000 0.000000 0.466315 0.466296 0.466247 0.466065 0.466062 0.465990 0.465952 0.465941 0.465911 0.465886 0.465905 0.465897 0.465963 0.465966 0.466192 0.466160 0.466159 0.000000 0.000000
0.000000 0.000000 0.472295 0.472277 0.472262 0.472084 0.472152 0.472051 0.472021 0.472011 0.471970 0.471958 0.471978 0.471976 0.472066 0.471999 0.472234 0.472164 0.472155 0.000000 0.000000
0.000000 0.000000 0.475676 0.475753 0.475601 0.475614 0.475677 0.475645 0.475713 0.475688 0.475726 0.475712 0.475682 0.475727 0.475733 0.475680 0.475579 0.475787 0.475687 0.000000 0.000000
0.000000 0.000000 0.479239 0.479080 0.478942 0.478908 0.478885 0.478930 0.478925 0.478942 0.478892 0.478896 0.478904 0.478897 0.478860 0.478873 0.478910 0.479025 0.479173 0.000000 0.000000
0.000000 0.000000 0.350000 0.350000 0.350000 0.350000 0.350000 0.350000 0.350000 0.350000 0.350000 0.350000 0.350000 0.350000 0.350000 0.350000 0.350000 0.350000 0.350000 0.000000 0.000000
0.000000 0.000000 0.000000 0.000000 0.000000 0.000000 0.000000 0.000000 0.000000 0.000000 0.000000 0.000000 0.000000 0.000000 0.000000 0.000000 0.000000 0.000000 0.000000 0.000000 0.000000