geotop/1.0zi/1.0Montebello/Templates/testdem/maps/_Eocsand5293.asc
ncols         21
nrows         20
xllcorner     100.000000
yllcorner     100.000000
cellsize      50.000000
NODATA_value  -9999.0
0.000000 0.000000 0.000000 0.000000 0.000000 0.000000 0.000000 0.000000 0.000000 0.000000 0.000000 0.000000 0.000000 0.000000 0.000000 0.000000 0.000000 0.000000 0.000000 0.000000 0.000000
0.000000 0.000000 0.300128 0.300128 0.300128 0.300127 0.300127 0.300127 0.300128 0.300128 0.300128 0.300128 0.300128 0.300128 0.300127 0.300127 0.300128 0.300128 0.300128 0.000000 0.000000
0.000000 0.000000 0.300008 0.300007 0.300007 0.300007 0.300007 0.300007 0.300006 0.300007 0.300007 0.300007 0.300006 0.300006 0.300006 0.300007 0.300008 0.300009 0.300008 0.000000 0.000000
0.000000 0.000000 0.299974 0.299972 0.299975 0.299979 0.299976 0.299978 0.299976 0.299977 0.299976 0.299978 0.299978 0.299980 0.299976 0.299971 0.299973 0.299970 0.299972 0.000000 0.000000
0.000000 0.000000 0.299170 0.299166 0.299167 0.299175 0.299188 0.299196 0.299196 0.299195 0.299200 0.299196 0.299201 0.299201 0.299191 0.299190 0.299186 0.299175 0.299170 0.000000 0.000000
0.000000 0.000000 0.296409 0.296404 0.296412 0.296442 0.296456 0.296487 0.296490 0.296496 0.296488 0.296486 0.296481 0.296484 0.296477 0.296462 0.296448 0.296433 0.296425 0.000000 0.000000
0.000000 0.000000 0.292277 0.292280 0.292285 0.292317 0.292354 0.292399 0.292398 0.292403 0.292399 0.292396 0.292398 0.292397 0.292366 0.292331 0.292315 0.292298 0.292287 0.000000 0.000000
0.000000 0.000000 0.287292 0.287291 0.287291 0.287326 0.287362 0.287410 0.287409 0.287414 0.287413 0.287413 0.287416 0.287410 0.287375 0.287342 0.287314 0.287307 0.287290 0.000000 0.000000
0.000000 0.000000 0.282158 0.282165 0.282175 0.282195 0.282231 0.282283 0.282280 0.282289 0.282294 0.282290 0.282290 0.282294 0.282248 0.282212 0.282187 0.282180 0.282165 0.000000 0.000000
0.000000 0.000000 0.277017 0.277025 0.277028 0.277041 0.277093 0.277139 0.277134 0.277140 0.277147 0.277139 0.277133 0.277139 0.277103 0.277062 0.277036 0.277033 0.277023 0.000000 0.000000
0.000000 0.000000 0.271744 0.271750 0.271749 0.271785 0.271820 0.271870 0.271859 0.271883 0.271882 0.271878 0.271885 0.271872 0.271845 0.271819 0.271791 0.271775 0.271754 0.000000 0.000000
0.000000 0.000000 0.266251 0.266263 0.266275 0.266302 0.266330 0.266390 0.266387 0.266402 0.266386 0.266400 0.266398 0.266393 0.266342 0.266319 0.266299 0.266291 0.266234 0.000000 0.000000
0.000000 0.000000 0.260656 0.260667 0.260669 0.260699 0.260724 0.260841 0.260841 0.260852 0.260876 0.260862 0.260852 0.260843 0.260760 0.260740 0.260696 0.260693 0.260651 0.000000 0.000000
0.000000 0.000000 0.254644 0.254651 0.254664 0.254682 0.254790 0.254822 0.254848 0.254850 0.254860 0.254854 0.254852 0.254856 0.254843 0.254737 0.254698 0.254670 0.254628 0.000000 0.000000
0.000000 0.000000 0.248087 0.248093 0.248118 0.248228 0.248265 0.248329 0.248376 0.248383 0.248405 0.248415 0.248401 0.248412 0.248366 0.248311 0.248147 0.248159 0.248134 0.000000 0.000000
0.000000 0.000000 0.241206 0.241216 0.241352 0.241385 0.241394 0.241437 0.241415 0.241432 0.241422 0.241439 0.241453 0.241425 0.241402 0.241384 0.241382 0.241205 0.241199 0.000000 0.000000
0.000000 0.000000 0.233453 0.233637 0.233715 0.233772 0.233857 0.233904 0.233915 0.233920 0.233958 0.233966 0.233951 0.233955 0.233906 0.233841 0.233735 0.233673 0.233490 0.000000 0.000000
0.000000 0.000000 0.227580 0.227595 0.227438 0.227489 0.227555 0.227729 0.227736 0.227774 0.227755 0.227765 0.227751 0.227748 0.227588 0.227546 0.227415 0.227581 0.227554 0.000000 0.000000
0.000000 0.000000 0.300000 0.300000 0.300000 0.300000 0.300000 0.300000 0.300000 0.300000 0.300000 0.300000 0.300000 0.300000 0.300000 0.300000 0.300000 0.300000 0.300000 0.000000 0.000000
0.000000 0.000000 0.000000 0.000000 0.000000 0.000000 0.000000 0.000000 0.000000 0.000000 0.000000 0.000000 0.000000 0.000000 0.000000 0.000000 0.000000 0.000000 0.000000 0.000000 0.000000