geotop/1.0zi/1.0Montebello/Templates/testdem/maps/_Eocclay2863.asc
ncols         21
nrows         20
xllcorner     100.000000
yllcorner     100.000000
cellsize      50.000000
NODATA_value  -9999.0
0.000000 0.000000 0.000000 0.000000 0.000000 0.000000 0.000000 0.000000 0.000000 0.000000 0.000000 0.000000 0.000000 0.000000 0.000000 0.000000 0.000000 0.000000 0.000000 0.000000 0.000000
0.000000 0.000000 0.349842 0.349842 0.349842 0.349842 0.349842 0.349842 0.349842 0.349842 0.349841 0.349842 0.349842 0.349842 0.349842 0.349842 0.349842 0.349842 0.349842 0.000000 0.000000
0.000000 0.000000 0.349993 0.349993 0.349992 0.349993 0.349993 0.349993 0.349993 0.349993 0.349993 0.349993 0.349993 0.349993 0.349993 0.349993 0.349992 0.349993 0.349993 0.000000 0.000000
0.000000 0.000000 0.350980 0.350980 0.350978 0.350979 0.350980 0.350980 0.350980 0.350980 0.350980 0.350980 0.350980 0.350980 0.350980 0.350979 0.350978 0.350980 0.350980 0.000000 0.000000
0.000000 0.000000 0.355268 0.355267 0.355265 0.355265 0.355269 0.355268 0.355268 0.355269 0.355269 0.355269 0.355268 0.355268 0.355269 0.355265 0.355265 0.355267 0.355268 0.000000 0.000000
0.000000 0.000000 0.360140 0.360139 0.360138 0.360138 0.360140 0.360140 0.360140 0.360141 0.360141 0.360141 0.360140 0.360140 0.360140 0.360138 0.360138 0.360139 0.360140 0.000000 0.000000
0.000000 0.000000 0.364734 0.364733 0.364732 0.364732 0.364734 0.364733 0.364733 0.364734 0.364735 0.364734 0.364733 0.364733 0.364734 0.364732 0.364732 0.364733 0.364734 0.000000 0.000000
0.000000 0.000000 0.368931 0.368930 0.368929 0.368929 0.368931 0.368930 0.368930 0.368931 0.368932 0.368931 0.368930 0.368930 0.368931 0.368929 0.368929 0.368930 0.368931 0.000000 0.000000
0.000000 0.000000 0.372826 0.372826 0.372825 0.372825 0.372827 0.372826 0.372826 0.372827 0.372827 0.372827 0.372826 0.372826 0.372827 0.372825 0.372825 0.372826 0.372826 0.000000 0.000000
0.000000 0.000000 0.376512 0.376512 0.376510 0.376511 0.376512 0.376512 0.376512 0.376512 0.376513 0.376512 0.376512 0.376512 0.376512 0.376511 0.376510 0.376512 0.376512 0.000000 0.000000
0.000000 0.000000 0.380030 0.380030 0.380029 0.380029 0.380031 0.380030 0.380030 0.380031 0.380031 0.380031 0.380030 0.380030 0.380031 0.380029 0.380029 0.380030 0.380030 0.000000 0.000000
0.000000 0.000000 0.383417 0.383416 0.383415 0.383416 0.383417 0.383416 0.383416 0.383417 0.383417 0.383417 0.383416 0.383416 0.383417 0.383416 0.383415 0.383416 0.383417 0.000000 0.000000
0.000000 0.000000 0.386695 0.386695 0.386694 0.386694 0.386696 0.386695 0.386695 0.386696 0.386696 0.386696 0.386695 0.386695 0.386696 0.386694 0.386694 0.386695 0.386695 0.000000 0.000000
0.000000 0.000000 0.389888 0.389888 0.389887 0.389888 0.389889 0.389888 0.389888 0.389889 0.389889 0.389889 0.389888 0.389888 0.389889 0.389888 0.389887 0.389888 0.389888 0.000000 0.000000
0.000000 0.000000 0.393005 0.393005 0.393004 0.393004 0.393005 0.393005 0.393005 0.393005 0.393006 0.393005 0.393005 0.393005 0.393005 0.393004 0.393004 0.393005 0.393005 0.000000 0.000000
0.000000 0.000000 0.396051 0.396050 0.396049 0.396050 0.396051 0.396051 0.396051 0.396051 0.396051 0.396051 0.396051 0.396051 0.396051 0.396050 0.396049 0.396050 0.396051 0.000000 0.000000
0.000000 0.000000 0.399030 0.399030 0.399028 0.399029 0.399030 0.399030 0.399030 0.399030 0.399030 0.399030 0.399030 0.399030 0.399030 0.399029 0.399028 0.399030 0.399030 0.000000 0.000000
0.000000 0.000000 0.401995 0.401996 0.401994 0.401995 0.401996 0.401996 0.401996 0.401996 0.401997 0.401996 0.401996 0.401996 0.401996 0.401995 0.401994 0.401996 0.401996 0.000000 0.000000
0.000000 0.000000 0.350000 0.350000 0.350000 0.350000 0.350000 0.350000 0.350000 0.350000 0.350000 0.350000 0.350000 0.350000 0.350000 0.350000 0.350000 0.350000 0.350000 0.000000 0.000000
0.000000 0.000000 0.000000 0.000000 0.000000 0.000000 0.000000 0.000000 0.000000 0.000000 0.000000 0.000000 0.000000 0.000000 0.000000 0.000000 0.000000 0.000000 0.000000 0.000000 0.000000