geotop/1.0zi/1.0Montebello/Templates/testdem/maps/_Eocsand6669.asc
ncols         21
nrows         20
xllcorner     100.000000
yllcorner     100.000000
cellsize      50.000000
NODATA_value  -9999.0
0.000000 0.000000 0.000000 0.000000 0.000000 0.000000 0.000000 0.000000 0.000000 0.000000 0.000000 0.000000 0.000000 0.000000 0.000000 0.000000 0.000000 0.000000 0.000000 0.000000 0.000000
0.000000 0.000000 0.300168 0.300166 0.300166 0.300166 0.300165 0.300165 0.300166 0.300166 0.300167 0.300166 0.300166 0.300166 0.300166 0.300166 0.300167 0.300167 0.300167 0.000000 0.000000
0.000000 0.000000 0.300009 0.300010 0.300010 0.300009 0.300010 0.300010 0.300010 0.300010 0.300010 0.300010 0.300009 0.300010 0.300010 0.300010 0.300010 0.300011 0.300012 0.000000 0.000000
0.000000 0.000000 0.299962 0.299961 0.299965 0.299970 0.299967 0.299969 0.299966 0.299969 0.299966 0.299969 0.299968 0.299969 0.299967 0.299962 0.299962 0.299959 0.299959 0.000000 0.000000
0.000000 0.000000 0.298757 0.298752 0.298757 0.298767 0.298784 0.298791 0.298793 0.298793 0.298797 0.298794 0.298797 0.298794 0.298780 0.298777 0.298771 0.298762 0.298751 0.000000 0.000000
0.000000 0.000000 0.295003 0.295001 0.295017 0.295055 0.295077 0.295115 0.295114 0.295125 0.295118 0.295116 0.295113 0.295115 0.295102 0.295078 0.295057 0.295040 0.295028 0.000000 0.000000
0.000000 0.000000 0.289365 0.289369 0.289383 0.289424 0.289473 0.289529 0.289529 0.289536 0.289534 0.289534 0.289537 0.289533 0.289490 0.289443 0.289418 0.289396 0.289380 0.000000 0.000000
0.000000 0.000000 0.282562 0.282563 0.282571 0.282617 0.282665 0.282726 0.282725 0.282732 0.282733 0.282738 0.282741 0.282731 0.282683 0.282639 0.282598 0.282587 0.282564 0.000000 0.000000
0.000000 0.000000 0.275455 0.275464 0.275485 0.275514 0.275562 0.275628 0.275624 0.275638 0.275643 0.275645 0.275644 0.275647 0.275587 0.275532 0.275500 0.275487 0.275467 0.000000 0.000000
0.000000 0.000000 0.268176 0.268189 0.268198 0.268223 0.268293 0.268350 0.268348 0.268356 0.268366 0.268361 0.268351 0.268359 0.268309 0.268248 0.268212 0.268202 0.268187 0.000000 0.000000
0.000000 0.000000 0.260551 0.260559 0.260568 0.260622 0.260668 0.260734 0.260719 0.260755 0.260753 0.260753 0.260763 0.260743 0.260703 0.260664 0.260620 0.260598 0.260566 0.000000 0.000000
0.000000 0.000000 0.252408 0.252427 0.252448 0.252488 0.252534 0.252614 0.252614 0.252630 0.252612 0.252637 0.252632 0.252626 0.252551 0.252511 0.252480 0.252465 0.252387 0.000000 0.000000
0.000000 0.000000 0.243905 0.243925 0.243936 0.243980 0.244021 0.244199 0.244201 0.244215 0.244257 0.244239 0.244225 0.244211 0.244079 0.244038 0.243969 0.243962 0.243910 0.000000 0.000000
0.000000 0.000000 0.234465 0.234474 0.234504 0.234538 0.234727 0.234757 0.234798 0.234800 0.234806 0.234808 0.234809 0.234816 0.234809 0.234608 0.234556 0.234505 0.234449 0.000000 0.000000
0.000000 0.000000 0.223842 0.223855 0.223898 0.224112 0.224157 0.224261 0.224330 0.224341 0.224379 0.224408 0.224382 0.224396 0.224305 0.224236 0.223943 0.223970 0.223942 0.000000 0.000000
0.000000 0.000000 0.212393 0.212408 0.212697 0.212714 0.212727 0.212788 0.212712 0.212750 0.212714 0.212748 0.212783 0.212719 0.212688 0.212664 0.212737 0.212359 0.212354 0.000000 0.000000
0.000000 0.000000 0.198811 0.199229 0.199301 0.199427 0.199633 0.199710 0.199767 0.199761 0.199863 0.199868 0.199819 0.199854 0.199752 0.199593 0.199331 0.199337 0.198907 0.000000 0.000000
0.000000 0.000000 0.189973 0.189828 0.189432 0.189511 0.189608 0.189986 0.189982 0.190073 0.189982 0.190013 0.189998 0.189978 0.189639 0.189562 0.189373 0.189757 0.189879 0.000000 0.000000
0.000000 0.000000 0.300000 0.300000 0.300000 0.300000 0.300000 0.300000 0.300000 0.300000 0.300000 0.300000 0.300000 0.300000 0.300000 0.300000 0.300000 0.300000 0.300000 0.000000 0.000000
0.000000 0.000000 0.000000 0.000000 0.000000 0.000000 0.000000 0.000000 0.000000 0.000000 0.000000 0.000000 0.000000 0.000000 0.000000 0.000000 0.000000 0.000000 0.000000 0.000000 0.000000