geotop/1.0zi/1.0Montebello/Templates/testdem/maps/_Eocsand162C.asc
ncols         21
nrows         20
xllcorner     100.000000
yllcorner     100.000000
cellsize      50.000000
NODATA_value  -9999.0
0.000000 0.000000 0.000000 0.000000 0.000000 0.000000 0.000000 0.000000 0.000000 0.000000 0.000000 0.000000 0.000000 0.000000 0.000000 0.000000 0.000000 0.000000 0.000000 0.000000 0.000000
0.000000 0.000000 0.300298 0.300295 0.300295 0.300296 0.300295 0.300295 0.300295 0.300295 0.300296 0.300295 0.300295 0.300296 0.300295 0.300295 0.300296 0.300296 0.300296 0.000000 0.000000
0.000000 0.000000 0.300011 0.300013 0.300014 0.300011 0.300013 0.300014 0.300013 0.300013 0.300013 0.300012 0.300012 0.300013 0.300012 0.300013 0.300014 0.300014 0.300014 0.000000 0.000000
0.000000 0.000000 0.299627 0.299616 0.299632 0.299640 0.299634 0.299645 0.299642 0.299642 0.299645 0.299643 0.299643 0.299638 0.299641 0.299632 0.299628 0.299624 0.299624 0.000000 0.000000
0.000000 0.000000 0.295565 0.295575 0.295595 0.295630 0.295666 0.295680 0.295685 0.295689 0.295696 0.295683 0.295677 0.295682 0.295659 0.295641 0.295621 0.295604 0.295589 0.000000 0.000000
0.000000 0.000000 0.285335 0.285351 0.285400 0.285479 0.285554 0.285620 0.285623 0.285635 0.285643 0.285640 0.285627 0.285635 0.285600 0.285530 0.285499 0.285468 0.285456 0.000000 0.000000
0.000000 0.000000 0.271389 0.271417 0.271466 0.271560 0.271657 0.271802 0.271811 0.271823 0.271838 0.271835 0.271837 0.271834 0.271727 0.271641 0.271591 0.271548 0.271534 0.000000 0.000000
0.000000 0.000000 0.254463 0.254498 0.254551 0.254679 0.254787 0.254926 0.254942 0.254958 0.254977 0.254979 0.254986 0.254967 0.254869 0.254770 0.254686 0.254663 0.254631 0.000000 0.000000
0.000000 0.000000 0.234979 0.235032 0.235114 0.235217 0.235347 0.235522 0.235529 0.235559 0.235584 0.235589 0.235583 0.235595 0.235446 0.235322 0.235255 0.235218 0.235191 0.000000 0.000000
0.000000 0.000000 0.212085 0.212169 0.212250 0.212363 0.212519 0.212706 0.212736 0.212753 0.212797 0.212780 0.212750 0.212762 0.212647 0.212479 0.212391 0.212349 0.212340 0.000000 0.000000
0.000000 0.000000 0.184213 0.184296 0.184370 0.184658 0.184719 0.184995 0.184955 0.185092 0.185077 0.185100 0.185154 0.185076 0.184933 0.184829 0.184695 0.184642 0.184522 0.000000 0.000000
0.000000 0.000000 0.149857 0.150034 0.150248 0.150342 0.150491 0.150853 0.150923 0.150888 0.150870 0.150979 0.150914 0.150960 0.150661 0.150456 0.150406 0.150353 0.150127 0.000000 0.000000
0.000000 0.000000 0.112782 0.112922 0.112941 0.113227 0.113394 0.114351 0.114416 0.114481 0.114876 0.114587 0.114601 0.114507 0.113840 0.113708 0.113341 0.113299 0.113364 0.000000 0.000000
0.000000 0.000000 0.077359 0.077381 0.077636 0.077727 0.078624 0.078094 0.078305 0.078296 0.078093 0.078287 0.078311 0.078439 0.078884 0.077870 0.077917 0.077687 0.077565 0.000000 0.000000
0.000000 0.000000 0.055639 0.055683 0.055790 0.056208 0.056184 0.056364 0.056447 0.056473 0.056544 0.056596 0.056553 0.056569 0.056406 0.056426 0.055908 0.055992 0.055998 0.000000 0.000000
0.000000 0.000000 0.042169 0.042205 0.042373 0.042581 0.042532 0.042671 0.042663 0.042692 0.042721 0.042749 0.042744 0.042720 0.042611 0.042661 0.042452 0.042346 0.042360 0.000000 0.000000
0.000000 0.000000 0.032788 0.032853 0.032983 0.033114 0.033092 0.033194 0.033182 0.033201 0.033225 0.033241 0.033238 0.033221 0.033140 0.033169 0.033040 0.032946 0.032917 0.000000 0.000000
0.000000 0.000000 0.026315 0.026343 0.026450 0.026511 0.026497 0.026577 0.026546 0.026566 0.026564 0.026577 0.026585 0.026561 0.026503 0.026523 0.026492 0.026381 0.026378 0.000000 0.000000
0.000000 0.000000 0.300000 0.300000 0.300000 0.300000 0.300000 0.300000 0.300000 0.300000 0.300000 0.300000 0.300000 0.300000 0.300000 0.300000 0.300000 0.300000 0.300000 0.000000 0.000000
0.000000 0.000000 0.000000 0.000000 0.000000 0.000000 0.000000 0.000000 0.000000 0.000000 0.000000 0.000000 0.000000 0.000000 0.000000 0.000000 0.000000 0.000000 0.000000 0.000000 0.000000