geotop/1.0zi/1.0Montebello/Templates/testdem/maps/_Eocsand1747.asc
ncols         21
nrows         20
xllcorner     100.000000
yllcorner     100.000000
cellsize      50.000000
NODATA_value  -9999.0
0.000000 0.000000 0.000000 0.000000 0.000000 0.000000 0.000000 0.000000 0.000000 0.000000 0.000000 0.000000 0.000000 0.000000 0.000000 0.000000 0.000000 0.000000 0.000000 0.000000 0.000000
0.000000 0.000000 0.300054 0.300054 0.300054 0.300054 0.300054 0.300054 0.300054 0.300054 0.300054 0.300054 0.300054 0.300054 0.300054 0.300054 0.300054 0.300054 0.300054 0.000000 0.000000
0.000000 0.000000 0.300008 0.300009 0.300009 0.300008 0.300009 0.300008 0.300008 0.300009 0.300009 0.300009 0.300008 0.300008 0.300009 0.300008 0.300009 0.300009 0.300008 0.000000 0.000000
0.000000 0.000000 0.298721 0.298721 0.298726 0.298724 0.298720 0.298721 0.298721 0.298720 0.298720 0.298720 0.298721 0.298721 0.298720 0.298724 0.298726 0.298721 0.298721 0.000000 0.000000
0.000000 0.000000 0.293734 0.293736 0.293739 0.293739 0.293732 0.293734 0.293734 0.293732 0.293732 0.293732 0.293734 0.293734 0.293732 0.293739 0.293739 0.293736 0.293734 0.000000 0.000000
0.000000 0.000000 0.287786 0.287787 0.287790 0.287790 0.287785 0.287786 0.287786 0.287785 0.287785 0.287785 0.287786 0.287786 0.287785 0.287790 0.287790 0.287787 0.287786 0.000000 0.000000
0.000000 0.000000 0.282247 0.282248 0.282251 0.282250 0.282246 0.282247 0.282247 0.282246 0.282246 0.282246 0.282247 0.282247 0.282246 0.282250 0.282251 0.282248 0.282247 0.000000 0.000000
0.000000 0.000000 0.277161 0.277162 0.277165 0.277164 0.277160 0.277161 0.277161 0.277160 0.277160 0.277160 0.277161 0.277161 0.277160 0.277164 0.277165 0.277162 0.277161 0.000000 0.000000
0.000000 0.000000 0.272402 0.272402 0.272405 0.272404 0.272401 0.272402 0.272402 0.272401 0.272401 0.272401 0.272402 0.272402 0.272401 0.272404 0.272405 0.272402 0.272402 0.000000 0.000000
0.000000 0.000000 0.267851 0.267852 0.267854 0.267853 0.267850 0.267851 0.267851 0.267850 0.267850 0.267850 0.267851 0.267851 0.267850 0.267853 0.267854 0.267852 0.267851 0.000000 0.000000
0.000000 0.000000 0.263462 0.263463 0.263465 0.263464 0.263461 0.263462 0.263462 0.263461 0.263462 0.263461 0.263462 0.263462 0.263461 0.263464 0.263465 0.263463 0.263462 0.000000 0.000000
0.000000 0.000000 0.259194 0.259194 0.259197 0.259196 0.259193 0.259194 0.259194 0.259193 0.259193 0.259193 0.259194 0.259194 0.259193 0.259196 0.259197 0.259194 0.259194 0.000000 0.000000
0.000000 0.000000 0.255012 0.255013 0.255015 0.255014 0.255011 0.255012 0.255012 0.255012 0.255012 0.255012 0.255012 0.255012 0.255011 0.255014 0.255015 0.255013 0.255012 0.000000 0.000000
0.000000 0.000000 0.250914 0.250915 0.250917 0.250916 0.250914 0.250914 0.250914 0.250914 0.250914 0.250914 0.250914 0.250914 0.250914 0.250916 0.250917 0.250915 0.250914 0.000000 0.000000
0.000000 0.000000 0.246881 0.246881 0.246884 0.246883 0.246880 0.246881 0.246881 0.246880 0.246880 0.246880 0.246881 0.246881 0.246880 0.246883 0.246884 0.246881 0.246881 0.000000 0.000000
0.000000 0.000000 0.242898 0.242899 0.242901 0.242900 0.242898 0.242898 0.242898 0.242898 0.242898 0.242898 0.242898 0.242898 0.242898 0.242900 0.242901 0.242899 0.242898 0.000000 0.000000
0.000000 0.000000 0.238965 0.238965 0.238967 0.238966 0.238964 0.238964 0.238965 0.238964 0.238964 0.238964 0.238965 0.238964 0.238964 0.238966 0.238967 0.238965 0.238965 0.000000 0.000000
0.000000 0.000000 0.235005 0.235005 0.235007 0.235006 0.235004 0.235004 0.235004 0.235004 0.235004 0.235004 0.235004 0.235004 0.235004 0.235006 0.235007 0.235005 0.235004 0.000000 0.000000
0.000000 0.000000 0.300000 0.300000 0.300000 0.300000 0.300000 0.300000 0.300000 0.300000 0.300000 0.300000 0.300000 0.300000 0.300000 0.300000 0.300000 0.300000 0.300000 0.000000 0.000000
0.000000 0.000000 0.000000 0.000000 0.000000 0.000000 0.000000 0.000000 0.000000 0.000000 0.000000 0.000000 0.000000 0.000000 0.000000 0.000000 0.000000 0.000000 0.000000 0.000000 0.000000