geotop/1.0zi/1.0Montebello/Templates/testdem/maps/_Eocsilt6894.asc
ncols         21
nrows         20
xllcorner     100.000000
yllcorner     100.000000
cellsize      50.000000
NODATA_value  -9999.0
0.000000 0.000000 0.000000 0.000000 0.000000 0.000000 0.000000 0.000000 0.000000 0.000000 0.000000 0.000000 0.000000 0.000000 0.000000 0.000000 0.000000 0.000000 0.000000 0.000000 0.000000
0.000000 0.000000 0.350137 0.350138 0.350138 0.350138 0.350138 0.350138 0.350138 0.350138 0.350138 0.350138 0.350138 0.350138 0.350138 0.350138 0.350138 0.350138 0.350137 0.000000 0.000000
0.000000 0.000000 0.350003 0.350002 0.350003 0.350003 0.350003 0.350003 0.350003 0.350003 0.350003 0.350003 0.350004 0.350004 0.350003 0.350003 0.350001 0.350001 0.350002 0.000000 0.000000
0.000000 0.000000 0.350060 0.350056 0.350055 0.350050 0.350051 0.350049 0.350051 0.350052 0.350050 0.350050 0.350049 0.350050 0.350052 0.350055 0.350058 0.350059 0.350059 0.000000 0.000000
0.000000 0.000000 0.350713 0.350719 0.350715 0.350707 0.350703 0.350696 0.350695 0.350693 0.350693 0.350695 0.350696 0.350697 0.350707 0.350711 0.350709 0.350717 0.350722 0.000000 0.000000
0.000000 0.000000 0.352681 0.352683 0.352674 0.352661 0.352647 0.352628 0.352627 0.352622 0.352627 0.352629 0.352629 0.352627 0.352636 0.352645 0.352654 0.352660 0.352665 0.000000 0.000000
0.000000 0.000000 0.355627 0.355624 0.355615 0.355593 0.355567 0.355540 0.355542 0.355538 0.355540 0.355539 0.355536 0.355540 0.355562 0.355585 0.355598 0.355610 0.355618 0.000000 0.000000
0.000000 0.000000 0.359172 0.359172 0.359167 0.359145 0.359120 0.359090 0.359090 0.359087 0.359086 0.359085 0.359083 0.359087 0.359113 0.359137 0.359157 0.359161 0.359173 0.000000 0.000000
0.000000 0.000000 0.362921 0.362915 0.362903 0.362888 0.362863 0.362828 0.362830 0.362822 0.362820 0.362820 0.362821 0.362819 0.362852 0.362881 0.362897 0.362904 0.362915 0.000000 0.000000
0.000000 0.000000 0.366761 0.366755 0.366748 0.366736 0.366700 0.366670 0.366671 0.366666 0.366662 0.366666 0.366670 0.366667 0.366694 0.366725 0.366743 0.366747 0.366755 0.000000 0.000000
0.000000 0.000000 0.370783 0.370778 0.370773 0.370744 0.370720 0.370686 0.370694 0.370675 0.370677 0.370678 0.370672 0.370683 0.370705 0.370725 0.370747 0.370758 0.370775 0.000000 0.000000
0.000000 0.000000 0.375101 0.375090 0.375077 0.375058 0.375033 0.374991 0.374991 0.374983 0.374993 0.374981 0.374984 0.374987 0.375028 0.375049 0.375064 0.375071 0.375112 0.000000 0.000000
0.000000 0.000000 0.379623 0.379612 0.379606 0.379583 0.379561 0.379466 0.379465 0.379457 0.379436 0.379447 0.379453 0.379461 0.379533 0.379555 0.379590 0.379593 0.379619 0.000000 0.000000
0.000000 0.000000 0.384676 0.384671 0.384653 0.384636 0.384533 0.384520 0.384498 0.384497 0.384496 0.384495 0.384494 0.384490 0.384493 0.384603 0.384628 0.384655 0.384685 0.000000 0.000000
0.000000 0.000000 0.390396 0.390387 0.390363 0.390244 0.390225 0.390167 0.390131 0.390124 0.390105 0.390090 0.390104 0.390097 0.390150 0.390182 0.390343 0.390325 0.390339 0.000000 0.000000
0.000000 0.000000 0.396585 0.396576 0.396411 0.396410 0.396403 0.396372 0.396418 0.396396 0.396420 0.396403 0.396382 0.396419 0.396436 0.396448 0.396394 0.396610 0.396611 0.000000 0.000000
0.000000 0.000000 0.403995 0.403753 0.403724 0.403652 0.403533 0.403490 0.403453 0.403458 0.403399 0.403400 0.403429 0.403407 0.403467 0.403558 0.403712 0.403689 0.403938 0.000000 0.000000
0.000000 0.000000 0.408572 0.408679 0.408908 0.408869 0.408824 0.408609 0.408615 0.408561 0.408623 0.408607 0.408611 0.408626 0.408819 0.408855 0.408947 0.408727 0.408632 0.000000 0.000000
0.000000 0.000000 0.350000 0.350000 0.350000 0.350000 0.350000 0.350000 0.350000 0.350000 0.350000 0.350000 0.350000 0.350000 0.350000 0.350000 0.350000 0.350000 0.350000 0.000000 0.000000
0.000000 0.000000 0.000000 0.000000 0.000000 0.000000 0.000000 0.000000 0.000000 0.000000 0.000000 0.000000 0.000000 0.000000 0.000000 0.000000 0.000000 0.000000 0.000000 0.000000 0.000000