geotop/1.0zi/1.0Montebello/Templates/testdem/maps/_Eocclay6007.asc
ncols         21
nrows         20
xllcorner     100.000000
yllcorner     100.000000
cellsize      50.000000
NODATA_value  -9999.0
0.000000 0.000000 0.000000 0.000000 0.000000 0.000000 0.000000 0.000000 0.000000 0.000000 0.000000 0.000000 0.000000 0.000000 0.000000 0.000000 0.000000 0.000000 0.000000 0.000000 0.000000
0.000000 0.000000 0.349732 0.349732 0.349732 0.349733 0.349733 0.349733 0.349732 0.349732 0.349732 0.349732 0.349732 0.349732 0.349733 0.349732 0.349732 0.349732 0.349732 0.000000 0.000000
0.000000 0.000000 0.349989 0.349990 0.349989 0.349989 0.349989 0.349989 0.349989 0.349989 0.349989 0.349988 0.349989 0.349989 0.349989 0.349989 0.349989 0.349989 0.349989 0.000000 0.000000
0.000000 0.000000 0.349984 0.349986 0.349983 0.349985 0.349987 0.349987 0.349987 0.349985 0.349987 0.349986 0.349986 0.349985 0.349986 0.349988 0.349986 0.349987 0.349986 0.000000 0.000000
0.000000 0.000000 0.350507 0.350506 0.350505 0.350501 0.350490 0.350486 0.350487 0.350489 0.350487 0.350488 0.350483 0.350484 0.350488 0.350488 0.350494 0.350496 0.350501 0.000000 0.000000
0.000000 0.000000 0.352206 0.352207 0.352200 0.352181 0.352174 0.352157 0.352157 0.352153 0.352156 0.352156 0.352159 0.352159 0.352164 0.352177 0.352183 0.352195 0.352199 0.000000 0.000000
0.000000 0.000000 0.354687 0.354685 0.354681 0.354664 0.354642 0.354614 0.354614 0.354610 0.354611 0.354613 0.354614 0.354612 0.354633 0.354656 0.354666 0.354675 0.354683 0.000000 0.000000
0.000000 0.000000 0.357694 0.357693 0.357690 0.357669 0.357648 0.357619 0.357619 0.357616 0.357616 0.357616 0.357614 0.357619 0.357641 0.357660 0.357676 0.357681 0.357691 0.000000 0.000000
0.000000 0.000000 0.360760 0.360757 0.360749 0.360738 0.360717 0.360688 0.360689 0.360684 0.360681 0.360683 0.360683 0.360681 0.360708 0.360729 0.360743 0.360747 0.360755 0.000000 0.000000
0.000000 0.000000 0.363880 0.363874 0.363871 0.363862 0.363832 0.363805 0.363807 0.363803 0.363799 0.363804 0.363807 0.363804 0.363826 0.363851 0.363866 0.363869 0.363875 0.000000 0.000000
0.000000 0.000000 0.367132 0.367129 0.367127 0.367105 0.367084 0.367054 0.367060 0.367046 0.367046 0.367048 0.367044 0.367052 0.367070 0.367086 0.367103 0.367112 0.367126 0.000000 0.000000
0.000000 0.000000 0.370560 0.370552 0.370542 0.370527 0.370508 0.370473 0.370474 0.370465 0.370474 0.370465 0.370467 0.370469 0.370502 0.370518 0.370529 0.370534 0.370568 0.000000 0.000000
0.000000 0.000000 0.374100 0.374093 0.374089 0.374071 0.374054 0.373980 0.373979 0.373973 0.373957 0.373966 0.373972 0.373977 0.374032 0.374047 0.374074 0.374077 0.374100 0.000000 0.000000
0.000000 0.000000 0.377969 0.377965 0.377954 0.377942 0.377868 0.377851 0.377834 0.377833 0.377828 0.377830 0.377831 0.377828 0.377836 0.377911 0.377933 0.377952 0.377976 0.000000 0.000000
0.000000 0.000000 0.382257 0.382251 0.382234 0.382156 0.382135 0.382091 0.382062 0.382058 0.382044 0.382036 0.382045 0.382039 0.382072 0.382106 0.382216 0.382206 0.382221 0.000000 0.000000
0.000000 0.000000 0.386817 0.386812 0.386708 0.386694 0.386688 0.386662 0.386685 0.386673 0.386682 0.386671 0.386659 0.386680 0.386696 0.386705 0.386691 0.386825 0.386828 0.000000 0.000000
0.000000 0.000000 0.392094 0.391950 0.391907 0.391866 0.391798 0.391765 0.391752 0.391751 0.391719 0.391716 0.391730 0.391723 0.391761 0.391813 0.391896 0.391917 0.392063 0.000000 0.000000
0.000000 0.000000 0.395839 0.395858 0.395988 0.395956 0.395908 0.395776 0.395774 0.395744 0.395767 0.395759 0.395767 0.395771 0.395891 0.395927 0.396009 0.395874 0.395864 0.000000 0.000000
0.000000 0.000000 0.350000 0.350000 0.350000 0.350000 0.350000 0.350000 0.350000 0.350000 0.350000 0.350000 0.350000 0.350000 0.350000 0.350000 0.350000 0.350000 0.350000 0.000000 0.000000
0.000000 0.000000 0.000000 0.000000 0.000000 0.000000 0.000000 0.000000 0.000000 0.000000 0.000000 0.000000 0.000000 0.000000 0.000000 0.000000 0.000000 0.000000 0.000000 0.000000 0.000000