geotop/1.0zi/1.0Montebello/Templates/testdem/maps/_Eocsand1910.asc
ncols         21
nrows         20
xllcorner     100.000000
yllcorner     100.000000
cellsize      50.000000
NODATA_value  -9999.0
0.000000 0.000000 0.000000 0.000000 0.000000 0.000000 0.000000 0.000000 0.000000 0.000000 0.000000 0.000000 0.000000 0.000000 0.000000 0.000000 0.000000 0.000000 0.000000 0.000000 0.000000
0.000000 0.000000 0.300057 0.300057 0.300057 0.300057 0.300057 0.300057 0.300057 0.300057 0.300057 0.300057 0.300057 0.300057 0.300057 0.300057 0.300057 0.300057 0.300057 0.000000 0.000000
0.000000 0.000000 0.300008 0.300008 0.300009 0.300008 0.300008 0.300008 0.300008 0.300008 0.300008 0.300008 0.300008 0.300008 0.300008 0.300008 0.300009 0.300008 0.300008 0.000000 0.000000
0.000000 0.000000 0.298651 0.298652 0.298656 0.298654 0.298651 0.298651 0.298651 0.298651 0.298651 0.298651 0.298651 0.298651 0.298651 0.298654 0.298656 0.298652 0.298651 0.000000 0.000000
0.000000 0.000000 0.293344 0.293345 0.293349 0.293349 0.293342 0.293344 0.293344 0.293341 0.293342 0.293341 0.293344 0.293344 0.293342 0.293349 0.293349 0.293345 0.293344 0.000000 0.000000
0.000000 0.000000 0.286935 0.286936 0.286939 0.286939 0.286934 0.286936 0.286936 0.286934 0.286933 0.286934 0.286936 0.286936 0.286934 0.286939 0.286939 0.286936 0.286935 0.000000 0.000000
0.000000 0.000000 0.280960 0.280961 0.280964 0.280963 0.280959 0.280961 0.280960 0.280959 0.280959 0.280959 0.280960 0.280961 0.280959 0.280963 0.280964 0.280961 0.280960 0.000000 0.000000
0.000000 0.000000 0.275473 0.275474 0.275477 0.275476 0.275473 0.275474 0.275474 0.275472 0.275472 0.275472 0.275474 0.275474 0.275473 0.275476 0.275477 0.275474 0.275473 0.000000 0.000000
0.000000 0.000000 0.270341 0.270342 0.270344 0.270344 0.270340 0.270341 0.270341 0.270340 0.270340 0.270340 0.270341 0.270341 0.270340 0.270344 0.270344 0.270342 0.270341 0.000000 0.000000
0.000000 0.000000 0.265438 0.265439 0.265441 0.265440 0.265437 0.265438 0.265438 0.265437 0.265437 0.265437 0.265438 0.265438 0.265437 0.265440 0.265441 0.265439 0.265438 0.000000 0.000000
0.000000 0.000000 0.260711 0.260711 0.260714 0.260713 0.260710 0.260711 0.260711 0.260710 0.260710 0.260710 0.260711 0.260711 0.260710 0.260713 0.260714 0.260711 0.260711 0.000000 0.000000
0.000000 0.000000 0.256116 0.256116 0.256119 0.256118 0.256115 0.256116 0.256116 0.256115 0.256114 0.256115 0.256116 0.256116 0.256115 0.256118 0.256119 0.256116 0.256116 0.000000 0.000000
0.000000 0.000000 0.251621 0.251621 0.251624 0.251623 0.251620 0.251621 0.251621 0.251620 0.251619 0.251620 0.251621 0.251621 0.251620 0.251623 0.251624 0.251621 0.251621 0.000000 0.000000
0.000000 0.000000 0.247218 0.247218 0.247221 0.247220 0.247217 0.247218 0.247218 0.247217 0.247216 0.247217 0.247218 0.247218 0.247217 0.247220 0.247221 0.247218 0.247218 0.000000 0.000000
0.000000 0.000000 0.242886 0.242887 0.242889 0.242888 0.242886 0.242887 0.242886 0.242885 0.242885 0.242885 0.242886 0.242887 0.242886 0.242888 0.242889 0.242887 0.242886 0.000000 0.000000
0.000000 0.000000 0.238613 0.238613 0.238616 0.238615 0.238613 0.238613 0.238613 0.238612 0.238612 0.238612 0.238613 0.238613 0.238613 0.238615 0.238616 0.238613 0.238613 0.000000 0.000000
0.000000 0.000000 0.234400 0.234400 0.234403 0.234402 0.234399 0.234400 0.234400 0.234399 0.234399 0.234399 0.234400 0.234400 0.234399 0.234402 0.234403 0.234400 0.234400 0.000000 0.000000
0.000000 0.000000 0.230170 0.230170 0.230172 0.230171 0.230169 0.230170 0.230169 0.230168 0.230168 0.230168 0.230169 0.230170 0.230169 0.230171 0.230172 0.230170 0.230169 0.000000 0.000000
0.000000 0.000000 0.300000 0.300000 0.300000 0.300000 0.300000 0.300000 0.300000 0.300000 0.300000 0.300000 0.300000 0.300000 0.300000 0.300000 0.300000 0.300000 0.300000 0.000000 0.000000
0.000000 0.000000 0.000000 0.000000 0.000000 0.000000 0.000000 0.000000 0.000000 0.000000 0.000000 0.000000 0.000000 0.000000 0.000000 0.000000 0.000000 0.000000 0.000000 0.000000 0.000000