geotop/1.0zi/1.0Montebello/Templates/testdem/maps/_Eocclay0686.asc
ncols         21
nrows         20
xllcorner     100.000000
yllcorner     100.000000
cellsize      50.000000
NODATA_value  -9999.0
0.000000 0.000000 0.000000 0.000000 0.000000 0.000000 0.000000 0.000000 0.000000 0.000000 0.000000 0.000000 0.000000 0.000000 0.000000 0.000000 0.000000 0.000000 0.000000 0.000000 0.000000
0.000000 0.000000 0.349963 0.349963 0.349963 0.349963 0.349963 0.349963 0.349963 0.349963 0.349963 0.349963 0.349963 0.349963 0.349963 0.349963 0.349963 0.349963 0.349963 0.000000 0.000000
0.000000 0.000000 0.349996 0.349996 0.349995 0.349996 0.349996 0.349996 0.349996 0.349996 0.349996 0.349996 0.349996 0.349996 0.349996 0.349996 0.349995 0.349996 0.349996 0.000000 0.000000
0.000000 0.000000 0.350285 0.350285 0.350283 0.350285 0.350285 0.350285 0.350285 0.350285 0.350285 0.350285 0.350285 0.350285 0.350285 0.350285 0.350283 0.350285 0.350285 0.000000 0.000000
0.000000 0.000000 0.351332 0.351331 0.351329 0.351331 0.351332 0.351332 0.351332 0.351332 0.351332 0.351332 0.351332 0.351332 0.351332 0.351331 0.351329 0.351331 0.351332 0.000000 0.000000
0.000000 0.000000 0.352437 0.352437 0.352435 0.352437 0.352437 0.352437 0.352437 0.352437 0.352437 0.352437 0.352437 0.352437 0.352437 0.352437 0.352435 0.352437 0.352437 0.000000 0.000000
0.000000 0.000000 0.353499 0.353499 0.353498 0.353499 0.353499 0.353500 0.353500 0.353500 0.353499 0.353500 0.353500 0.353500 0.353499 0.353499 0.353498 0.353499 0.353499 0.000000 0.000000
0.000000 0.000000 0.354493 0.354493 0.354491 0.354493 0.354493 0.354493 0.354493 0.354493 0.354493 0.354493 0.354493 0.354493 0.354493 0.354493 0.354491 0.354493 0.354493 0.000000 0.000000
0.000000 0.000000 0.355434 0.355434 0.355433 0.355434 0.355434 0.355434 0.355434 0.355434 0.355434 0.355434 0.355434 0.355434 0.355434 0.355434 0.355433 0.355434 0.355434 0.000000 0.000000
0.000000 0.000000 0.356344 0.356344 0.356342 0.356344 0.356344 0.356344 0.356344 0.356344 0.356344 0.356344 0.356344 0.356344 0.356344 0.356344 0.356342 0.356344 0.356344 0.000000 0.000000
0.000000 0.000000 0.357230 0.357230 0.357229 0.357230 0.357230 0.357230 0.357230 0.357230 0.357230 0.357230 0.357230 0.357230 0.357230 0.357230 0.357229 0.357230 0.357230 0.000000 0.000000
0.000000 0.000000 0.358100 0.358100 0.358099 0.358100 0.358100 0.358100 0.358100 0.358100 0.358100 0.358100 0.358100 0.358100 0.358100 0.358100 0.358099 0.358100 0.358100 0.000000 0.000000
0.000000 0.000000 0.358957 0.358957 0.358955 0.358956 0.358957 0.358957 0.358957 0.358957 0.358957 0.358957 0.358957 0.358957 0.358957 0.358956 0.358955 0.358957 0.358957 0.000000 0.000000
0.000000 0.000000 0.359802 0.359802 0.359801 0.359802 0.359802 0.359802 0.359802 0.359802 0.359802 0.359802 0.359802 0.359802 0.359802 0.359802 0.359801 0.359802 0.359802 0.000000 0.000000
0.000000 0.000000 0.360640 0.360640 0.360639 0.360640 0.360640 0.360640 0.360640 0.360640 0.360640 0.360640 0.360640 0.360640 0.360640 0.360640 0.360639 0.360640 0.360640 0.000000 0.000000
0.000000 0.000000 0.361476 0.361476 0.361475 0.361476 0.361476 0.361476 0.361476 0.361476 0.361476 0.361476 0.361476 0.361476 0.361476 0.361476 0.361475 0.361476 0.361476 0.000000 0.000000
0.000000 0.000000 0.362303 0.362303 0.362302 0.362303 0.362303 0.362303 0.362303 0.362303 0.362303 0.362303 0.362303 0.362303 0.362303 0.362303 0.362302 0.362303 0.362303 0.000000 0.000000
0.000000 0.000000 0.363136 0.363136 0.363134 0.363136 0.363136 0.363136 0.363136 0.363136 0.363136 0.363136 0.363136 0.363136 0.363136 0.363136 0.363134 0.363136 0.363136 0.000000 0.000000
0.000000 0.000000 0.350000 0.350000 0.350000 0.350000 0.350000 0.350000 0.350000 0.350000 0.350000 0.350000 0.350000 0.350000 0.350000 0.350000 0.350000 0.350000 0.350000 0.000000 0.000000
0.000000 0.000000 0.000000 0.000000 0.000000 0.000000 0.000000 0.000000 0.000000 0.000000 0.000000 0.000000 0.000000 0.000000 0.000000 0.000000 0.000000 0.000000 0.000000 0.000000 0.000000