geotop/1.0zi/1.0Montebello/Templates/testdem/maps/_Eocclay3921.asc
ncols         21
nrows         20
xllcorner     100.000000
yllcorner     100.000000
cellsize      50.000000
NODATA_value  -9999.0
0.000000 0.000000 0.000000 0.000000 0.000000 0.000000 0.000000 0.000000 0.000000 0.000000 0.000000 0.000000 0.000000 0.000000 0.000000 0.000000 0.000000 0.000000 0.000000 0.000000 0.000000
0.000000 0.000000 0.349821 0.349821 0.349821 0.349822 0.349822 0.349821 0.349821 0.349821 0.349821 0.349821 0.349821 0.349821 0.349822 0.349822 0.349821 0.349821 0.349821 0.000000 0.000000
0.000000 0.000000 0.349994 0.349994 0.349994 0.349994 0.349994 0.349994 0.349994 0.349994 0.349993 0.349993 0.349994 0.349994 0.349994 0.349994 0.349994 0.349994 0.349994 0.000000 0.000000
0.000000 0.000000 0.349996 0.349996 0.349995 0.349996 0.349998 0.349998 0.349999 0.349998 0.349998 0.349997 0.349997 0.349995 0.349996 0.349997 0.349996 0.349996 0.349995 0.000000 0.000000
0.000000 0.000000 0.350336 0.350339 0.350337 0.350334 0.350328 0.350323 0.350324 0.350323 0.350324 0.350324 0.350322 0.350323 0.350330 0.350330 0.350332 0.350331 0.350334 0.000000 0.000000
0.000000 0.000000 0.351465 0.351468 0.351463 0.351455 0.351451 0.351442 0.351443 0.351437 0.351441 0.351442 0.351443 0.351444 0.351443 0.351449 0.351452 0.351457 0.351460 0.000000 0.000000
0.000000 0.000000 0.353114 0.353112 0.353107 0.353095 0.353078 0.353057 0.353056 0.353053 0.353056 0.353056 0.353059 0.353065 0.353082 0.353097 0.353103 0.353105 0.353109 0.000000 0.000000
0.000000 0.000000 0.354948 0.354948 0.354943 0.354926 0.354909 0.354890 0.354891 0.354888 0.354889 0.354888 0.354889 0.354893 0.354914 0.354928 0.354934 0.354937 0.354942 0.000000 0.000000
0.000000 0.000000 0.356770 0.356768 0.356761 0.356748 0.356731 0.356709 0.356710 0.356706 0.356707 0.356708 0.356709 0.356714 0.356734 0.356751 0.356756 0.356758 0.356764 0.000000 0.000000
0.000000 0.000000 0.358581 0.358578 0.358572 0.358558 0.358537 0.358517 0.358520 0.358517 0.358517 0.358518 0.358518 0.358522 0.358544 0.358561 0.358567 0.358569 0.358574 0.000000 0.000000
0.000000 0.000000 0.360416 0.360413 0.360406 0.360396 0.360379 0.360356 0.360357 0.360352 0.360353 0.360354 0.360355 0.360359 0.360378 0.360391 0.360398 0.360401 0.360407 0.000000 0.000000
0.000000 0.000000 0.362304 0.362301 0.362294 0.362278 0.362261 0.362238 0.362238 0.362234 0.362235 0.362234 0.362236 0.362240 0.362264 0.362279 0.362286 0.362287 0.362309 0.000000 0.000000
0.000000 0.000000 0.364204 0.364201 0.364193 0.364180 0.364160 0.364118 0.364118 0.364114 0.364114 0.364115 0.364115 0.364121 0.364160 0.364177 0.364184 0.364186 0.364200 0.000000 0.000000
0.000000 0.000000 0.366201 0.366195 0.366187 0.366175 0.366131 0.366116 0.366110 0.366106 0.366108 0.366108 0.366108 0.366113 0.366130 0.366169 0.366176 0.366184 0.366191 0.000000 0.000000
0.000000 0.000000 0.368337 0.368332 0.368317 0.368281 0.368256 0.368229 0.368215 0.368211 0.368206 0.368205 0.368210 0.368211 0.368234 0.368264 0.368304 0.368301 0.368307 0.000000 0.000000
0.000000 0.000000 0.370526 0.370521 0.370478 0.370466 0.370449 0.370433 0.370430 0.370428 0.370430 0.370429 0.370427 0.370439 0.370450 0.370464 0.370465 0.370505 0.370516 0.000000 0.000000
0.000000 0.000000 0.372935 0.372885 0.372845 0.372826 0.372794 0.372776 0.372772 0.372769 0.372764 0.372764 0.372767 0.372769 0.372784 0.372817 0.372835 0.372857 0.372908 0.000000 0.000000
0.000000 0.000000 0.374846 0.374831 0.374857 0.374833 0.374802 0.374749 0.374743 0.374737 0.374739 0.374738 0.374739 0.374747 0.374796 0.374826 0.374856 0.374812 0.374836 0.000000 0.000000
0.000000 0.000000 0.350000 0.350000 0.350000 0.350000 0.350000 0.350000 0.350000 0.350000 0.350000 0.350000 0.350000 0.350000 0.350000 0.350000 0.350000 0.350000 0.350000 0.000000 0.000000
0.000000 0.000000 0.000000 0.000000 0.000000 0.000000 0.000000 0.000000 0.000000 0.000000 0.000000 0.000000 0.000000 0.000000 0.000000 0.000000 0.000000 0.000000 0.000000 0.000000 0.000000