geotop/1.0zi/1.0Montebello/Templates/testdem/maps/_Eocsilt1136.asc
ncols         21
nrows         20
xllcorner     100.000000
yllcorner     100.000000
cellsize      50.000000
NODATA_value  -9999.0
0.000000 0.000000 0.000000 0.000000 0.000000 0.000000 0.000000 0.000000 0.000000 0.000000 0.000000 0.000000 0.000000 0.000000 0.000000 0.000000 0.000000 0.000000 0.000000 0.000000 0.000000
0.000000 0.000000 0.350020 0.350020 0.350020 0.350020 0.350020 0.350020 0.350020 0.350020 0.350020 0.350020 0.350020 0.350020 0.350020 0.350020 0.350020 0.350020 0.350020 0.000000 0.000000
0.000000 0.000000 0.350001 0.350001 0.350001 0.350001 0.350001 0.350001 0.350001 0.350001 0.350001 0.350001 0.350001 0.350001 0.350001 0.350001 0.350001 0.350001 0.350001 0.000000 0.000000
0.000000 0.000000 0.350462 0.350461 0.350459 0.350460 0.350462 0.350462 0.350462 0.350462 0.350462 0.350462 0.350462 0.350462 0.350462 0.350460 0.350459 0.350461 0.350462 0.000000 0.000000
0.000000 0.000000 0.352009 0.352008 0.352006 0.352006 0.352009 0.352008 0.352008 0.352009 0.352009 0.352009 0.352008 0.352008 0.352009 0.352006 0.352006 0.352008 0.352009 0.000000 0.000000
0.000000 0.000000 0.353914 0.353914 0.353912 0.353912 0.353915 0.353914 0.353914 0.353915 0.353915 0.353915 0.353914 0.353914 0.353915 0.353912 0.353912 0.353914 0.353914 0.000000 0.000000
0.000000 0.000000 0.355674 0.355674 0.355672 0.355672 0.355674 0.355674 0.355674 0.355674 0.355674 0.355674 0.355674 0.355674 0.355674 0.355672 0.355672 0.355674 0.355674 0.000000 0.000000
0.000000 0.000000 0.357293 0.357293 0.357291 0.357292 0.357293 0.357293 0.357293 0.357293 0.357293 0.357293 0.357293 0.357293 0.357293 0.357292 0.357291 0.357293 0.357293 0.000000 0.000000
0.000000 0.000000 0.358812 0.358812 0.358810 0.358811 0.358812 0.358812 0.358812 0.358813 0.358812 0.358813 0.358812 0.358812 0.358812 0.358811 0.358810 0.358812 0.358812 0.000000 0.000000
0.000000 0.000000 0.360270 0.360269 0.360268 0.360268 0.360270 0.360269 0.360269 0.360270 0.360270 0.360270 0.360269 0.360269 0.360270 0.360268 0.360268 0.360269 0.360270 0.000000 0.000000
0.000000 0.000000 0.361679 0.361679 0.361678 0.361678 0.361679 0.361679 0.361679 0.361680 0.361680 0.361680 0.361679 0.361679 0.361679 0.361678 0.361678 0.361679 0.361679 0.000000 0.000000
0.000000 0.000000 0.363057 0.363057 0.363055 0.363056 0.363057 0.363057 0.363057 0.363057 0.363057 0.363057 0.363057 0.363057 0.363057 0.363056 0.363055 0.363057 0.363057 0.000000 0.000000
0.000000 0.000000 0.364412 0.364412 0.364410 0.364411 0.364412 0.364412 0.364412 0.364412 0.364412 0.364412 0.364412 0.364412 0.364412 0.364411 0.364410 0.364412 0.364412 0.000000 0.000000
0.000000 0.000000 0.365743 0.365743 0.365742 0.365742 0.365743 0.365743 0.365743 0.365744 0.365743 0.365744 0.365743 0.365743 0.365743 0.365742 0.365742 0.365743 0.365743 0.000000 0.000000
0.000000 0.000000 0.367061 0.367061 0.367060 0.367060 0.367061 0.367061 0.367061 0.367062 0.367062 0.367062 0.367061 0.367061 0.367061 0.367060 0.367060 0.367061 0.367061 0.000000 0.000000
0.000000 0.000000 0.368371 0.368371 0.368369 0.368370 0.368371 0.368371 0.368371 0.368371 0.368371 0.368371 0.368371 0.368371 0.368371 0.368370 0.368369 0.368371 0.368371 0.000000 0.000000
0.000000 0.000000 0.369667 0.369667 0.369666 0.369666 0.369667 0.369667 0.369667 0.369667 0.369667 0.369667 0.369667 0.369667 0.369667 0.369666 0.369666 0.369667 0.369667 0.000000 0.000000
0.000000 0.000000 0.370985 0.370985 0.370984 0.370985 0.370986 0.370986 0.370986 0.370986 0.370986 0.370986 0.370986 0.370986 0.370986 0.370985 0.370984 0.370985 0.370986 0.000000 0.000000
0.000000 0.000000 0.350000 0.350000 0.350000 0.350000 0.350000 0.350000 0.350000 0.350000 0.350000 0.350000 0.350000 0.350000 0.350000 0.350000 0.350000 0.350000 0.350000 0.000000 0.000000
0.000000 0.000000 0.000000 0.000000 0.000000 0.000000 0.000000 0.000000 0.000000 0.000000 0.000000 0.000000 0.000000 0.000000 0.000000 0.000000 0.000000 0.000000 0.000000 0.000000 0.000000