geotop/1.0zi/1.0Montebello/Templates/testdem/maps/_Eocclay7572.asc
ncols         21
nrows         20
xllcorner     100.000000
yllcorner     100.000000
cellsize      50.000000
NODATA_value  -9999.0
0.000000 0.000000 0.000000 0.000000 0.000000 0.000000 0.000000 0.000000 0.000000 0.000000 0.000000 0.000000 0.000000 0.000000 0.000000 0.000000 0.000000 0.000000 0.000000 0.000000 0.000000
0.000000 0.000000 0.349656 0.349658 0.349658 0.349657 0.349658 0.349658 0.349658 0.349658 0.349657 0.349658 0.349658 0.349658 0.349658 0.349658 0.349656 0.349657 0.349658 0.000000 0.000000
0.000000 0.000000 0.349985 0.349985 0.349986 0.349987 0.349985 0.349985 0.349985 0.349985 0.349985 0.349985 0.349985 0.349985 0.349986 0.349986 0.349987 0.349986 0.349984 0.000000 0.000000
0.000000 0.000000 0.350004 0.350008 0.350005 0.350004 0.350007 0.350004 0.350006 0.350003 0.350007 0.350005 0.350004 0.350003 0.350005 0.350007 0.350006 0.350009 0.350008 0.000000 0.000000
0.000000 0.000000 0.350947 0.350945 0.350941 0.350935 0.350920 0.350918 0.350915 0.350918 0.350914 0.350915 0.350911 0.350915 0.350925 0.350926 0.350934 0.350936 0.350942 0.000000 0.000000
0.000000 0.000000 0.353502 0.353500 0.353490 0.353463 0.353450 0.353427 0.353428 0.353422 0.353425 0.353425 0.353426 0.353428 0.353438 0.353457 0.353471 0.353486 0.353491 0.000000 0.000000
0.000000 0.000000 0.357035 0.357032 0.357024 0.357001 0.356972 0.356936 0.356935 0.356930 0.356931 0.356932 0.356931 0.356932 0.356964 0.356992 0.357007 0.357020 0.357028 0.000000 0.000000
0.000000 0.000000 0.361249 0.361247 0.361239 0.361211 0.361183 0.361144 0.361143 0.361140 0.361139 0.361136 0.361134 0.361142 0.361175 0.361200 0.361224 0.361233 0.361245 0.000000 0.000000
0.000000 0.000000 0.365673 0.365667 0.365654 0.365637 0.365607 0.365568 0.365570 0.365561 0.365558 0.365557 0.365557 0.365556 0.365596 0.365628 0.365647 0.365656 0.365665 0.000000 0.000000
0.000000 0.000000 0.370314 0.370305 0.370299 0.370282 0.370238 0.370202 0.370202 0.370198 0.370192 0.370195 0.370200 0.370198 0.370232 0.370268 0.370291 0.370299 0.370306 0.000000 0.000000
0.000000 0.000000 0.375311 0.375305 0.375297 0.375262 0.375231 0.375189 0.375198 0.375176 0.375178 0.375178 0.375169 0.375185 0.375214 0.375237 0.375266 0.375281 0.375300 0.000000 0.000000
0.000000 0.000000 0.380780 0.380765 0.380749 0.380725 0.380692 0.380640 0.380638 0.380631 0.380642 0.380625 0.380628 0.380632 0.380686 0.380713 0.380733 0.380744 0.380791 0.000000 0.000000
0.000000 0.000000 0.386622 0.386607 0.386600 0.386569 0.386539 0.386411 0.386409 0.386401 0.386368 0.386385 0.386392 0.386404 0.386503 0.386530 0.386579 0.386586 0.386612 0.000000 0.000000
0.000000 0.000000 0.393342 0.393337 0.393312 0.393289 0.393136 0.393134 0.393102 0.393102 0.393107 0.393101 0.393097 0.393091 0.393087 0.393246 0.393277 0.393319 0.393353 0.000000 0.000000
0.000000 0.000000 0.401149 0.401136 0.401103 0.400919 0.400915 0.400824 0.400776 0.400767 0.400735 0.400713 0.400732 0.400727 0.400815 0.400832 0.401079 0.401049 0.401059 0.000000 0.000000
0.000000 0.000000 0.409718 0.409706 0.409442 0.409484 0.409468 0.409430 0.409519 0.409487 0.409531 0.409508 0.409468 0.409533 0.409552 0.409566 0.409418 0.409786 0.409782 0.000000 0.000000
0.000000 0.000000 0.420367 0.419950 0.419981 0.419840 0.419631 0.419567 0.419476 0.419496 0.419381 0.419388 0.419449 0.419394 0.419498 0.419653 0.419965 0.419821 0.420251 0.000000 0.000000
0.000000 0.000000 0.425495 0.425823 0.426213 0.426188 0.426168 0.425803 0.425840 0.425742 0.425885 0.425853 0.425840 0.425885 0.426202 0.426215 0.426284 0.425949 0.425634 0.000000 0.000000
0.000000 0.000000 0.350000 0.350000 0.350000 0.350000 0.350000 0.350000 0.350000 0.350000 0.350000 0.350000 0.350000 0.350000 0.350000 0.350000 0.350000 0.350000 0.350000 0.000000 0.000000
0.000000 0.000000 0.000000 0.000000 0.000000 0.000000 0.000000 0.000000 0.000000 0.000000 0.000000 0.000000 0.000000 0.000000 0.000000 0.000000 0.000000 0.000000 0.000000 0.000000 0.000000