geotop/1.0zi/1.0Montebello/Templates/testdem/maps/_Eocclay2285.asc
ncols         21
nrows         20
xllcorner     100.000000
yllcorner     100.000000
cellsize      50.000000
NODATA_value  -9999.0
0.000000 0.000000 0.000000 0.000000 0.000000 0.000000 0.000000 0.000000 0.000000 0.000000 0.000000 0.000000 0.000000 0.000000 0.000000 0.000000 0.000000 0.000000 0.000000 0.000000 0.000000
0.000000 0.000000 0.349876 0.349876 0.349876 0.349876 0.349876 0.349876 0.349876 0.349876 0.349876 0.349876 0.349876 0.349876 0.349876 0.349876 0.349876 0.349876 0.349876 0.000000 0.000000
0.000000 0.000000 0.349991 0.349991 0.349990 0.349991 0.349991 0.349991 0.349991 0.349991 0.349991 0.349991 0.349991 0.349991 0.349991 0.349991 0.349990 0.349991 0.349991 0.000000 0.000000
0.000000 0.000000 0.350714 0.350714 0.350712 0.350713 0.350714 0.350714 0.350714 0.350714 0.350714 0.350714 0.350714 0.350714 0.350714 0.350713 0.350712 0.350714 0.350714 0.000000 0.000000
0.000000 0.000000 0.353970 0.353969 0.353967 0.353967 0.353971 0.353970 0.353970 0.353971 0.353971 0.353971 0.353970 0.353970 0.353971 0.353967 0.353967 0.353969 0.353970 0.000000 0.000000
0.000000 0.000000 0.357764 0.357764 0.357762 0.357762 0.357765 0.357764 0.357764 0.357765 0.357765 0.357765 0.357764 0.357764 0.357765 0.357762 0.357762 0.357764 0.357764 0.000000 0.000000
0.000000 0.000000 0.361359 0.361358 0.361357 0.361357 0.361359 0.361359 0.361359 0.361359 0.361360 0.361359 0.361359 0.361359 0.361359 0.361357 0.361357 0.361358 0.361359 0.000000 0.000000
0.000000 0.000000 0.364662 0.364662 0.364660 0.364661 0.364662 0.364662 0.364662 0.364663 0.364663 0.364663 0.364662 0.364662 0.364662 0.364661 0.364660 0.364662 0.364662 0.000000 0.000000
0.000000 0.000000 0.367747 0.367746 0.367745 0.367746 0.367747 0.367747 0.367747 0.367747 0.367748 0.367747 0.367747 0.367747 0.367747 0.367746 0.367745 0.367746 0.367747 0.000000 0.000000
0.000000 0.000000 0.370687 0.370686 0.370685 0.370686 0.370687 0.370686 0.370686 0.370687 0.370687 0.370687 0.370686 0.370686 0.370687 0.370686 0.370685 0.370686 0.370687 0.000000 0.000000
0.000000 0.000000 0.373514 0.373514 0.373513 0.373513 0.373515 0.373514 0.373514 0.373515 0.373515 0.373515 0.373514 0.373514 0.373515 0.373513 0.373513 0.373514 0.373514 0.000000 0.000000
0.000000 0.000000 0.376253 0.376253 0.376252 0.376252 0.376253 0.376253 0.376253 0.376254 0.376254 0.376254 0.376253 0.376253 0.376253 0.376252 0.376252 0.376253 0.376253 0.000000 0.000000
0.000000 0.000000 0.378925 0.378924 0.378923 0.378924 0.378925 0.378925 0.378925 0.378925 0.378925 0.378925 0.378925 0.378925 0.378925 0.378924 0.378923 0.378924 0.378925 0.000000 0.000000
0.000000 0.000000 0.381539 0.381538 0.381537 0.381538 0.381539 0.381539 0.381539 0.381539 0.381539 0.381539 0.381539 0.381539 0.381539 0.381538 0.381537 0.381538 0.381539 0.000000 0.000000
0.000000 0.000000 0.384106 0.384105 0.384104 0.384105 0.384106 0.384105 0.384105 0.384106 0.384106 0.384106 0.384105 0.384105 0.384106 0.384105 0.384104 0.384105 0.384106 0.000000 0.000000
0.000000 0.000000 0.386629 0.386628 0.386627 0.386628 0.386629 0.386628 0.386628 0.386629 0.386629 0.386629 0.386628 0.386628 0.386629 0.386628 0.386627 0.386628 0.386629 0.000000 0.000000
0.000000 0.000000 0.389110 0.389110 0.389109 0.389109 0.389110 0.389110 0.389110 0.389110 0.389111 0.389110 0.389110 0.389110 0.389110 0.389109 0.389109 0.389110 0.389110 0.000000 0.000000
0.000000 0.000000 0.391590 0.391590 0.391589 0.391589 0.391591 0.391590 0.391590 0.391591 0.391591 0.391591 0.391590 0.391590 0.391591 0.391589 0.391589 0.391590 0.391590 0.000000 0.000000
0.000000 0.000000 0.350000 0.350000 0.350000 0.350000 0.350000 0.350000 0.350000 0.350000 0.350000 0.350000 0.350000 0.350000 0.350000 0.350000 0.350000 0.350000 0.350000 0.000000 0.000000
0.000000 0.000000 0.000000 0.000000 0.000000 0.000000 0.000000 0.000000 0.000000 0.000000 0.000000 0.000000 0.000000 0.000000 0.000000 0.000000 0.000000 0.000000 0.000000 0.000000 0.000000