geotop/1.0zi/1.0Montebello/Templates/testdem/maps/_Eocclay7015.asc
ncols         21
nrows         20
xllcorner     100.000000
yllcorner     100.000000
cellsize      50.000000
NODATA_value  -9999.0
0.000000 0.000000 0.000000 0.000000 0.000000 0.000000 0.000000 0.000000 0.000000 0.000000 0.000000 0.000000 0.000000 0.000000 0.000000 0.000000 0.000000 0.000000 0.000000 0.000000 0.000000
0.000000 0.000000 0.349687 0.349688 0.349688 0.349687 0.349688 0.349688 0.349688 0.349688 0.349687 0.349688 0.349688 0.349688 0.349688 0.349688 0.349686 0.349686 0.349688 0.000000 0.000000
0.000000 0.000000 0.349987 0.349987 0.349988 0.349988 0.349987 0.349987 0.349987 0.349987 0.349987 0.349986 0.349987 0.349986 0.349987 0.349987 0.349988 0.349988 0.349985 0.000000 0.000000
0.000000 0.000000 0.349976 0.349981 0.349977 0.349977 0.349979 0.349978 0.349980 0.349976 0.349981 0.349978 0.349978 0.349977 0.349978 0.349980 0.349978 0.349980 0.349980 0.000000 0.000000
0.000000 0.000000 0.350705 0.350703 0.350700 0.350696 0.350682 0.350680 0.350680 0.350682 0.350680 0.350680 0.350676 0.350679 0.350687 0.350687 0.350693 0.350694 0.350702 0.000000 0.000000
0.000000 0.000000 0.352893 0.352892 0.352881 0.352857 0.352846 0.352824 0.352826 0.352820 0.352823 0.352823 0.352824 0.352826 0.352834 0.352851 0.352862 0.352875 0.352882 0.000000 0.000000
0.000000 0.000000 0.356021 0.356018 0.356011 0.355990 0.355964 0.355931 0.355931 0.355926 0.355927 0.355928 0.355928 0.355928 0.355955 0.355981 0.355994 0.356004 0.356013 0.000000 0.000000
0.000000 0.000000 0.359757 0.359756 0.359749 0.359724 0.359698 0.359663 0.359663 0.359659 0.359659 0.359657 0.359654 0.359662 0.359690 0.359713 0.359733 0.359741 0.359753 0.000000 0.000000
0.000000 0.000000 0.363643 0.363638 0.363626 0.363611 0.363584 0.363548 0.363552 0.363543 0.363541 0.363539 0.363539 0.363539 0.363573 0.363602 0.363617 0.363624 0.363635 0.000000 0.000000
0.000000 0.000000 0.367666 0.367658 0.367652 0.367638 0.367599 0.367567 0.367569 0.367564 0.367559 0.367562 0.367566 0.367564 0.367593 0.367625 0.367644 0.367650 0.367658 0.000000 0.000000
0.000000 0.000000 0.371939 0.371934 0.371927 0.371898 0.371872 0.371833 0.371842 0.371822 0.371824 0.371824 0.371817 0.371830 0.371854 0.371875 0.371898 0.371910 0.371929 0.000000 0.000000
0.000000 0.000000 0.376541 0.376529 0.376515 0.376494 0.376466 0.376421 0.376421 0.376413 0.376423 0.376408 0.376410 0.376415 0.376459 0.376481 0.376497 0.376506 0.376549 0.000000 0.000000
0.000000 0.000000 0.381392 0.381380 0.381373 0.381347 0.381323 0.381218 0.381218 0.381210 0.381185 0.381197 0.381203 0.381213 0.381292 0.381315 0.381353 0.381357 0.381385 0.000000 0.000000
0.000000 0.000000 0.386851 0.386845 0.386825 0.386806 0.386691 0.386677 0.386654 0.386653 0.386653 0.386649 0.386647 0.386644 0.386647 0.386768 0.386794 0.386826 0.386857 0.000000 0.000000
0.000000 0.000000 0.393073 0.393064 0.393036 0.392904 0.392885 0.392819 0.392781 0.392772 0.392751 0.392733 0.392747 0.392742 0.392803 0.392833 0.393011 0.392992 0.393007 0.000000 0.000000
0.000000 0.000000 0.399833 0.399822 0.399637 0.399644 0.399634 0.399595 0.399652 0.399627 0.399654 0.399634 0.399608 0.399653 0.399675 0.399686 0.399614 0.399860 0.399862 0.000000 0.000000
0.000000 0.000000 0.408018 0.407739 0.407717 0.407630 0.407490 0.407443 0.407398 0.407405 0.407335 0.407334 0.407369 0.407343 0.407411 0.407516 0.407699 0.407658 0.407946 0.000000 0.000000
0.000000 0.000000 0.412872 0.413021 0.413284 0.413247 0.413200 0.412948 0.412960 0.412896 0.412972 0.412951 0.412952 0.412974 0.413198 0.413231 0.413326 0.413078 0.412943 0.000000 0.000000
0.000000 0.000000 0.350000 0.350000 0.350000 0.350000 0.350000 0.350000 0.350000 0.350000 0.350000 0.350000 0.350000 0.350000 0.350000 0.350000 0.350000 0.350000 0.350000 0.000000 0.000000
0.000000 0.000000 0.000000 0.000000 0.000000 0.000000 0.000000 0.000000 0.000000 0.000000 0.000000 0.000000 0.000000 0.000000 0.000000 0.000000 0.000000 0.000000 0.000000 0.000000 0.000000