geotop/1.0zi/1.0Montebello/Templates/testdem/maps/_Eocsilt1368.asc
ncols         21
nrows         20
xllcorner     100.000000
yllcorner     100.000000
cellsize      50.000000
NODATA_value  -9999.0
0.000000 0.000000 0.000000 0.000000 0.000000 0.000000 0.000000 0.000000 0.000000 0.000000 0.000000 0.000000 0.000000 0.000000 0.000000 0.000000 0.000000 0.000000 0.000000 0.000000 0.000000
0.000000 0.000000 0.350029 0.350029 0.350029 0.350029 0.350029 0.350029 0.350029 0.350029 0.350029 0.350029 0.350029 0.350029 0.350029 0.350029 0.350029 0.350029 0.350029 0.000000 0.000000
0.000000 0.000000 0.350000 0.350000 0.350000 0.350000 0.350000 0.350000 0.350000 0.350000 0.350000 0.350000 0.350000 0.350000 0.350000 0.350000 0.350000 0.350000 0.350000 0.000000 0.000000
0.000000 0.000000 0.350578 0.350577 0.350575 0.350576 0.350578 0.350578 0.350578 0.350578 0.350578 0.350578 0.350578 0.350578 0.350578 0.350576 0.350575 0.350577 0.350578 0.000000 0.000000
0.000000 0.000000 0.352467 0.352467 0.352464 0.352465 0.352468 0.352467 0.352467 0.352468 0.352468 0.352468 0.352467 0.352467 0.352468 0.352465 0.352464 0.352467 0.352467 0.000000 0.000000
0.000000 0.000000 0.354799 0.354799 0.354797 0.354797 0.354800 0.354799 0.354799 0.354800 0.354800 0.354800 0.354799 0.354799 0.354800 0.354797 0.354797 0.354799 0.354799 0.000000 0.000000
0.000000 0.000000 0.356949 0.356948 0.356947 0.356947 0.356949 0.356948 0.356948 0.356949 0.356949 0.356949 0.356948 0.356948 0.356949 0.356947 0.356947 0.356948 0.356949 0.000000 0.000000
0.000000 0.000000 0.358924 0.358924 0.358922 0.358922 0.358924 0.358924 0.358924 0.358924 0.358924 0.358924 0.358924 0.358924 0.358924 0.358922 0.358922 0.358924 0.358924 0.000000 0.000000
0.000000 0.000000 0.360776 0.360776 0.360774 0.360775 0.360777 0.360776 0.360776 0.360777 0.360776 0.360777 0.360776 0.360776 0.360777 0.360775 0.360774 0.360776 0.360776 0.000000 0.000000
0.000000 0.000000 0.362552 0.362552 0.362551 0.362551 0.362553 0.362552 0.362552 0.362553 0.362552 0.362553 0.362552 0.362552 0.362553 0.362551 0.362551 0.362552 0.362552 0.000000 0.000000
0.000000 0.000000 0.364271 0.364270 0.364269 0.364269 0.364271 0.364270 0.364270 0.364271 0.364271 0.364271 0.364270 0.364270 0.364271 0.364269 0.364269 0.364270 0.364271 0.000000 0.000000
0.000000 0.000000 0.365949 0.365949 0.365947 0.365948 0.365949 0.365949 0.365949 0.365949 0.365949 0.365949 0.365949 0.365949 0.365949 0.365948 0.365947 0.365949 0.365949 0.000000 0.000000
0.000000 0.000000 0.367599 0.367599 0.367597 0.367598 0.367599 0.367599 0.367599 0.367599 0.367599 0.367599 0.367599 0.367599 0.367599 0.367598 0.367597 0.367599 0.367599 0.000000 0.000000
0.000000 0.000000 0.369221 0.369220 0.369219 0.369219 0.369221 0.369221 0.369220 0.369221 0.369221 0.369221 0.369220 0.369221 0.369221 0.369219 0.369219 0.369220 0.369221 0.000000 0.000000
0.000000 0.000000 0.370821 0.370820 0.370819 0.370819 0.370821 0.370821 0.370820 0.370821 0.370821 0.370821 0.370820 0.370821 0.370821 0.370819 0.370819 0.370820 0.370821 0.000000 0.000000
0.000000 0.000000 0.372405 0.372405 0.372404 0.372404 0.372405 0.372405 0.372405 0.372405 0.372405 0.372405 0.372405 0.372405 0.372405 0.372404 0.372404 0.372405 0.372405 0.000000 0.000000
0.000000 0.000000 0.373973 0.373973 0.373971 0.373972 0.373973 0.373973 0.373973 0.373973 0.373973 0.373973 0.373973 0.373973 0.373973 0.373972 0.373971 0.373973 0.373973 0.000000 0.000000
0.000000 0.000000 0.375561 0.375561 0.375560 0.375560 0.375562 0.375561 0.375561 0.375562 0.375562 0.375562 0.375561 0.375561 0.375562 0.375560 0.375560 0.375561 0.375561 0.000000 0.000000
0.000000 0.000000 0.350000 0.350000 0.350000 0.350000 0.350000 0.350000 0.350000 0.350000 0.350000 0.350000 0.350000 0.350000 0.350000 0.350000 0.350000 0.350000 0.350000 0.000000 0.000000
0.000000 0.000000 0.000000 0.000000 0.000000 0.000000 0.000000 0.000000 0.000000 0.000000 0.000000 0.000000 0.000000 0.000000 0.000000 0.000000 0.000000 0.000000 0.000000 0.000000 0.000000