geotop/1.0zi/1.0Montebello/Templates/testdem/maps/_Eocsilt6087.asc
ncols         21
nrows         20
xllcorner     100.000000
yllcorner     100.000000
cellsize      50.000000
NODATA_value  -9999.0
0.000000 0.000000 0.000000 0.000000 0.000000 0.000000 0.000000 0.000000 0.000000 0.000000 0.000000 0.000000 0.000000 0.000000 0.000000 0.000000 0.000000 0.000000 0.000000 0.000000 0.000000
0.000000 0.000000 0.350120 0.350120 0.350120 0.350120 0.350119 0.350120 0.350120 0.350120 0.350120 0.350119 0.350119 0.350119 0.350119 0.350120 0.350120 0.350120 0.350119 0.000000 0.000000
0.000000 0.000000 0.350002 0.350002 0.350002 0.350003 0.350003 0.350003 0.350003 0.350003 0.350003 0.350003 0.350004 0.350003 0.350003 0.350003 0.350001 0.350001 0.350002 0.000000 0.000000
0.000000 0.000000 0.350047 0.350046 0.350045 0.350040 0.350041 0.350039 0.350041 0.350041 0.350040 0.350039 0.350040 0.350040 0.350042 0.350045 0.350046 0.350048 0.350047 0.000000 0.000000
0.000000 0.000000 0.350550 0.350553 0.350552 0.350549 0.350545 0.350540 0.350539 0.350537 0.350535 0.350536 0.350538 0.350539 0.350545 0.350547 0.350546 0.350555 0.350559 0.000000 0.000000
0.000000 0.000000 0.352134 0.352136 0.352131 0.352116 0.352106 0.352088 0.352086 0.352082 0.352087 0.352089 0.352090 0.352087 0.352093 0.352100 0.352109 0.352113 0.352119 0.000000 0.000000
0.000000 0.000000 0.354538 0.354535 0.354529 0.354510 0.354488 0.354464 0.354466 0.354463 0.354465 0.354465 0.354462 0.354465 0.354483 0.354503 0.354512 0.354523 0.354529 0.000000 0.000000
0.000000 0.000000 0.357470 0.357471 0.357469 0.357451 0.357429 0.357403 0.357403 0.357400 0.357400 0.357399 0.357398 0.357401 0.357422 0.357443 0.357459 0.357462 0.357472 0.000000 0.000000
0.000000 0.000000 0.360553 0.360548 0.360539 0.360527 0.360506 0.360475 0.360477 0.360471 0.360469 0.360470 0.360471 0.360468 0.360496 0.360518 0.360533 0.360539 0.360548 0.000000 0.000000
0.000000 0.000000 0.363663 0.363658 0.363654 0.363646 0.363616 0.363589 0.363591 0.363587 0.363583 0.363587 0.363590 0.363587 0.363609 0.363635 0.363650 0.363652 0.363658 0.000000 0.000000
0.000000 0.000000 0.366866 0.366863 0.366861 0.366838 0.366818 0.366789 0.366795 0.366781 0.366781 0.366783 0.366779 0.366786 0.366805 0.366821 0.366837 0.366847 0.366860 0.000000 0.000000
0.000000 0.000000 0.370247 0.370240 0.370230 0.370215 0.370197 0.370161 0.370162 0.370154 0.370163 0.370154 0.370156 0.370159 0.370191 0.370207 0.370219 0.370224 0.370257 0.000000 0.000000
0.000000 0.000000 0.373732 0.373725 0.373721 0.373704 0.373687 0.373614 0.373613 0.373607 0.373592 0.373600 0.373605 0.373611 0.373665 0.373680 0.373706 0.373709 0.373732 0.000000 0.000000
0.000000 0.000000 0.377537 0.377532 0.377522 0.377510 0.377438 0.377421 0.377405 0.377404 0.377399 0.377401 0.377401 0.377399 0.377407 0.377480 0.377502 0.377520 0.377544 0.000000 0.000000
0.000000 0.000000 0.381750 0.381744 0.381728 0.381651 0.381630 0.381586 0.381559 0.381555 0.381541 0.381532 0.381541 0.381535 0.381569 0.381602 0.381710 0.381701 0.381715 0.000000 0.000000
0.000000 0.000000 0.386233 0.386228 0.386126 0.386112 0.386106 0.386080 0.386101 0.386089 0.386098 0.386088 0.386076 0.386096 0.386113 0.386123 0.386110 0.386241 0.386244 0.000000 0.000000
0.000000 0.000000 0.391409 0.391269 0.391227 0.391187 0.391120 0.391087 0.391074 0.391073 0.391042 0.391038 0.391052 0.391046 0.391084 0.391135 0.391216 0.391237 0.391380 0.000000 0.000000
0.000000 0.000000 0.395086 0.395103 0.395229 0.395198 0.395150 0.395022 0.395020 0.394990 0.395012 0.395004 0.395012 0.395016 0.395134 0.395169 0.395249 0.395120 0.395111 0.000000 0.000000
0.000000 0.000000 0.350000 0.350000 0.350000 0.350000 0.350000 0.350000 0.350000 0.350000 0.350000 0.350000 0.350000 0.350000 0.350000 0.350000 0.350000 0.350000 0.350000 0.000000 0.000000
0.000000 0.000000 0.000000 0.000000 0.000000 0.000000 0.000000 0.000000 0.000000 0.000000 0.000000 0.000000 0.000000 0.000000 0.000000 0.000000 0.000000 0.000000 0.000000 0.000000 0.000000