geotop/1.0zi/1.0Montebello/Templates/testdem/maps/_Eocclay1127.asc
ncols         21
nrows         20
xllcorner     100.000000
yllcorner     100.000000
cellsize      50.000000
NODATA_value  -9999.0
0.000000 0.000000 0.000000 0.000000 0.000000 0.000000 0.000000 0.000000 0.000000 0.000000 0.000000 0.000000 0.000000 0.000000 0.000000 0.000000 0.000000 0.000000 0.000000 0.000000 0.000000
0.000000 0.000000 0.349944 0.349944 0.349945 0.349944 0.349944 0.349944 0.349944 0.349944 0.349944 0.349944 0.349944 0.349944 0.349944 0.349944 0.349945 0.349944 0.349944 0.000000 0.000000
0.000000 0.000000 0.349995 0.349995 0.349994 0.349995 0.349995 0.349995 0.349995 0.349995 0.349995 0.349995 0.349995 0.349995 0.349995 0.349995 0.349994 0.349995 0.349995 0.000000 0.000000
0.000000 0.000000 0.350442 0.350442 0.350440 0.350441 0.350442 0.350442 0.350442 0.350442 0.350442 0.350442 0.350442 0.350442 0.350442 0.350441 0.350440 0.350442 0.350442 0.000000 0.000000
0.000000 0.000000 0.352123 0.352122 0.352119 0.352120 0.352123 0.352122 0.352122 0.352123 0.352123 0.352123 0.352122 0.352122 0.352123 0.352120 0.352119 0.352122 0.352123 0.000000 0.000000
0.000000 0.000000 0.353980 0.353980 0.353978 0.353978 0.353980 0.353980 0.353980 0.353981 0.353980 0.353981 0.353980 0.353980 0.353980 0.353978 0.353978 0.353980 0.353980 0.000000 0.000000
0.000000 0.000000 0.355753 0.355753 0.355751 0.355751 0.355753 0.355753 0.355753 0.355753 0.355753 0.355753 0.355753 0.355753 0.355753 0.355751 0.355751 0.355753 0.355753 0.000000 0.000000
0.000000 0.000000 0.357393 0.357393 0.357391 0.357392 0.357393 0.357393 0.357393 0.357393 0.357393 0.357393 0.357393 0.357393 0.357393 0.357392 0.357391 0.357393 0.357393 0.000000 0.000000
0.000000 0.000000 0.358933 0.358933 0.358931 0.358932 0.358933 0.358933 0.358933 0.358933 0.358933 0.358933 0.358933 0.358933 0.358933 0.358932 0.358931 0.358933 0.358933 0.000000 0.000000
0.000000 0.000000 0.360412 0.360411 0.360410 0.360410 0.360412 0.360411 0.360411 0.360412 0.360412 0.360412 0.360411 0.360411 0.360412 0.360410 0.360410 0.360411 0.360412 0.000000 0.000000
0.000000 0.000000 0.361842 0.361842 0.361841 0.361841 0.361843 0.361842 0.361842 0.361843 0.361843 0.361843 0.361842 0.361842 0.361843 0.361841 0.361841 0.361842 0.361842 0.000000 0.000000
0.000000 0.000000 0.363241 0.363241 0.363240 0.363240 0.363241 0.363241 0.363241 0.363242 0.363241 0.363242 0.363241 0.363241 0.363241 0.363240 0.363240 0.363241 0.363241 0.000000 0.000000
0.000000 0.000000 0.364618 0.364618 0.364616 0.364617 0.364618 0.364618 0.364618 0.364618 0.364618 0.364618 0.364618 0.364618 0.364618 0.364617 0.364616 0.364618 0.364618 0.000000 0.000000
0.000000 0.000000 0.365971 0.365971 0.365969 0.365970 0.365971 0.365971 0.365971 0.365971 0.365971 0.365971 0.365971 0.365971 0.365971 0.365970 0.365969 0.365971 0.365971 0.000000 0.000000
0.000000 0.000000 0.367311 0.367311 0.367309 0.367310 0.367311 0.367311 0.367311 0.367311 0.367311 0.367311 0.367311 0.367311 0.367311 0.367310 0.367309 0.367311 0.367311 0.000000 0.000000
0.000000 0.000000 0.368643 0.368643 0.368641 0.368642 0.368643 0.368643 0.368643 0.368643 0.368643 0.368643 0.368643 0.368643 0.368643 0.368642 0.368641 0.368643 0.368643 0.000000 0.000000
0.000000 0.000000 0.369962 0.369961 0.369960 0.369961 0.369962 0.369962 0.369962 0.369962 0.369962 0.369962 0.369962 0.369962 0.369962 0.369961 0.369960 0.369961 0.369962 0.000000 0.000000
0.000000 0.000000 0.371304 0.371304 0.371303 0.371303 0.371305 0.371304 0.371304 0.371305 0.371305 0.371305 0.371304 0.371304 0.371305 0.371303 0.371303 0.371304 0.371305 0.000000 0.000000
0.000000 0.000000 0.350000 0.350000 0.350000 0.350000 0.350000 0.350000 0.350000 0.350000 0.350000 0.350000 0.350000 0.350000 0.350000 0.350000 0.350000 0.350000 0.350000 0.000000 0.000000
0.000000 0.000000 0.000000 0.000000 0.000000 0.000000 0.000000 0.000000 0.000000 0.000000 0.000000 0.000000 0.000000 0.000000 0.000000 0.000000 0.000000 0.000000 0.000000 0.000000 0.000000