geotop/1.0zi/1.0Montebello/Templates/testdem/maps/_Eocclay170s.asc
ncols         21
nrows         20
xllcorner     100.000000
yllcorner     100.000000
cellsize      50.000000
NODATA_value  -9999.0
0.000000 0.000000 0.000000 0.000000 0.000000 0.000000 0.000000 0.000000 0.000000 0.000000 0.000000 0.000000 0.000000 0.000000 0.000000 0.000000 0.000000 0.000000 0.000000 0.000000 0.000000
0.000000 0.000000 0.349440 0.349443 0.349442 0.349441 0.349443 0.349444 0.349443 0.349443 0.349442 0.349443 0.349443 0.349443 0.349443 0.349443 0.349441 0.349442 0.349442 0.000000 0.000000
0.000000 0.000000 0.349975 0.349974 0.349973 0.349976 0.349973 0.349973 0.349973 0.349973 0.349973 0.349974 0.349973 0.349973 0.349974 0.349975 0.349975 0.349974 0.349974 0.000000 0.000000
0.000000 0.000000 0.350124 0.350136 0.350131 0.350127 0.350131 0.350132 0.350132 0.350129 0.350130 0.350128 0.350128 0.350130 0.350130 0.350134 0.350133 0.350132 0.350131 0.000000 0.000000
0.000000 0.000000 0.352269 0.352256 0.352247 0.352233 0.352210 0.352202 0.352197 0.352197 0.352195 0.352202 0.352203 0.352201 0.352209 0.352217 0.352230 0.352241 0.352249 0.000000 0.000000
0.000000 0.000000 0.357604 0.357596 0.357567 0.357522 0.357485 0.357448 0.357450 0.357443 0.357439 0.357441 0.357448 0.357444 0.357461 0.357501 0.357518 0.357537 0.357541 0.000000 0.000000
0.000000 0.000000 0.364705 0.364691 0.364666 0.364620 0.364573 0.364495 0.364489 0.364481 0.364475 0.364478 0.364478 0.364477 0.364535 0.364579 0.364604 0.364625 0.364632 0.000000 0.000000
0.000000 0.000000 0.373364 0.373347 0.373319 0.373253 0.373198 0.373128 0.373118 0.373109 0.373101 0.373101 0.373097 0.373108 0.373156 0.373205 0.373248 0.373261 0.373277 0.000000 0.000000
0.000000 0.000000 0.383351 0.383325 0.383283 0.383231 0.383165 0.383075 0.383070 0.383050 0.383044 0.383037 0.383040 0.383033 0.383109 0.383172 0.383205 0.383228 0.383241 0.000000 0.000000
0.000000 0.000000 0.395168 0.395124 0.395078 0.395026 0.394945 0.394849 0.394831 0.394820 0.394802 0.394809 0.394825 0.394818 0.394876 0.394962 0.395007 0.395032 0.395036 0.000000 0.000000
0.000000 0.000000 0.409664 0.409621 0.409587 0.409435 0.409403 0.409260 0.409286 0.409207 0.409225 0.409209 0.409174 0.409215 0.409293 0.409339 0.409409 0.409440 0.409502 0.000000 0.000000
0.000000 0.000000 0.427659 0.427566 0.427453 0.427408 0.427329 0.427141 0.427105 0.427118 0.427138 0.427074 0.427105 0.427079 0.427239 0.427340 0.427365 0.427399 0.427516 0.000000 0.000000
0.000000 0.000000 0.447092 0.447020 0.447020 0.446871 0.446775 0.446280 0.446238 0.446197 0.445997 0.446147 0.446141 0.446184 0.446539 0.446606 0.446801 0.446831 0.446784 0.000000 0.000000
0.000000 0.000000 0.465701 0.465691 0.465556 0.465509 0.465026 0.465333 0.465217 0.465217 0.465339 0.465227 0.465213 0.465141 0.464889 0.465428 0.465403 0.465532 0.465594 0.000000 0.000000
0.000000 0.000000 0.477530 0.477501 0.477444 0.477181 0.477253 0.477120 0.477075 0.477062 0.477002 0.476984 0.477013 0.477010 0.477120 0.477052 0.477382 0.477315 0.477306 0.000000 0.000000
0.000000 0.000000 0.485331 0.485311 0.485143 0.485128 0.485119 0.485079 0.485123 0.485101 0.485116 0.485100 0.485083 0.485114 0.485131 0.485143 0.485094 0.485284 0.485281 0.000000 0.000000
0.000000 0.000000 0.491552 0.491406 0.491427 0.491292 0.491248 0.491181 0.491129 0.491134 0.491075 0.491073 0.491104 0.491079 0.491150 0.491178 0.491390 0.491282 0.491415 0.000000 0.000000
0.000000 0.000000 0.494606 0.494739 0.494769 0.494748 0.494782 0.494659 0.494698 0.494660 0.494714 0.494698 0.494681 0.494713 0.494804 0.494773 0.494757 0.494757 0.494613 0.000000 0.000000
0.000000 0.000000 0.350000 0.350000 0.350000 0.350000 0.350000 0.350000 0.350000 0.350000 0.350000 0.350000 0.350000 0.350000 0.350000 0.350000 0.350000 0.350000 0.350000 0.000000 0.000000
0.000000 0.000000 0.000000 0.000000 0.000000 0.000000 0.000000 0.000000 0.000000 0.000000 0.000000 0.000000 0.000000 0.000000 0.000000 0.000000 0.000000 0.000000 0.000000 0.000000 0.000000