geotop/1.0zi/1.0Montebello/Templates/testdem/maps/_Eocclay9469.asc
ncols         21
nrows         20
xllcorner     100.000000
yllcorner     100.000000
cellsize      50.000000
NODATA_value  -9999.0
0.000000 0.000000 0.000000 0.000000 0.000000 0.000000 0.000000 0.000000 0.000000 0.000000 0.000000 0.000000 0.000000 0.000000 0.000000 0.000000 0.000000 0.000000 0.000000 0.000000 0.000000
0.000000 0.000000 0.349559 0.349562 0.349561 0.349561 0.349562 0.349562 0.349562 0.349562 0.349561 0.349562 0.349562 0.349562 0.349562 0.349562 0.349560 0.349560 0.349561 0.000000 0.000000
0.000000 0.000000 0.349981 0.349979 0.349979 0.349982 0.349979 0.349979 0.349980 0.349979 0.349979 0.349979 0.349980 0.349979 0.349980 0.349980 0.349981 0.349981 0.349979 0.000000 0.000000
0.000000 0.000000 0.350042 0.350046 0.350045 0.350042 0.350043 0.350043 0.350047 0.350044 0.350047 0.350045 0.350046 0.350044 0.350047 0.350049 0.350047 0.350047 0.350045 0.000000 0.000000
0.000000 0.000000 0.351412 0.351405 0.351398 0.351387 0.351369 0.351367 0.351364 0.351366 0.351364 0.351369 0.351368 0.351370 0.351380 0.351385 0.351395 0.351398 0.351408 0.000000 0.000000
0.000000 0.000000 0.355153 0.355148 0.355125 0.355093 0.355063 0.355035 0.355039 0.355033 0.355035 0.355035 0.355041 0.355041 0.355055 0.355084 0.355099 0.355111 0.355118 0.000000 0.000000
0.000000 0.000000 0.360171 0.360161 0.360146 0.360115 0.360076 0.360019 0.360022 0.360017 0.360016 0.360018 0.360020 0.360021 0.360064 0.360098 0.360118 0.360131 0.360140 0.000000 0.000000
0.000000 0.000000 0.366133 0.366122 0.366107 0.366068 0.366026 0.365975 0.365978 0.365972 0.365971 0.365968 0.365967 0.365978 0.366017 0.366052 0.366084 0.366093 0.366108 0.000000 0.000000
0.000000 0.000000 0.372631 0.372617 0.372595 0.372568 0.372519 0.372461 0.372469 0.372458 0.372453 0.372451 0.372454 0.372453 0.372508 0.372550 0.372575 0.372585 0.372598 0.000000 0.000000
0.000000 0.000000 0.379780 0.379760 0.379744 0.379713 0.379647 0.379593 0.379596 0.379589 0.379580 0.379586 0.379594 0.379593 0.379637 0.379692 0.379722 0.379733 0.379741 0.000000 0.000000
0.000000 0.000000 0.387882 0.387868 0.387853 0.387781 0.387739 0.387666 0.387686 0.387648 0.387654 0.387649 0.387637 0.387662 0.387711 0.387744 0.387787 0.387805 0.387839 0.000000 0.000000
0.000000 0.000000 0.397273 0.397240 0.397197 0.397164 0.397101 0.397011 0.397014 0.397009 0.397025 0.396991 0.397009 0.397007 0.397096 0.397147 0.397170 0.397184 0.397257 0.000000 0.000000
0.000000 0.000000 0.407830 0.407802 0.407793 0.407711 0.407659 0.407398 0.407401 0.407388 0.407305 0.407356 0.407366 0.407392 0.407585 0.407632 0.407726 0.407734 0.407756 0.000000 0.000000
0.000000 0.000000 0.420895 0.420886 0.420810 0.420763 0.420393 0.420501 0.420432 0.420435 0.420483 0.420439 0.420433 0.420401 0.420301 0.420699 0.420719 0.420814 0.420873 0.000000 0.000000
0.000000 0.000000 0.436206 0.436161 0.436087 0.435604 0.435775 0.435486 0.435414 0.435387 0.435285 0.435247 0.435304 0.435308 0.435573 0.435415 0.436049 0.435907 0.435890 0.000000 0.000000
0.000000 0.000000 0.451051 0.451024 0.450424 0.450733 0.450627 0.450648 0.450918 0.450849 0.450993 0.450969 0.450857 0.451004 0.450930 0.451020 0.450356 0.451273 0.451260 0.000000 0.000000
0.000000 0.000000 0.465510 0.464917 0.465136 0.464857 0.464557 0.464457 0.464250 0.464299 0.464091 0.464117 0.464240 0.464112 0.464280 0.464503 0.465105 0.464623 0.465242 0.000000 0.000000
0.000000 0.000000 0.469923 0.470238 0.470607 0.470560 0.470535 0.470173 0.470212 0.470116 0.470259 0.470228 0.470217 0.470259 0.470562 0.470583 0.470652 0.470324 0.470014 0.000000 0.000000
0.000000 0.000000 0.350000 0.350000 0.350000 0.350000 0.350000 0.350000 0.350000 0.350000 0.350000 0.350000 0.350000 0.350000 0.350000 0.350000 0.350000 0.350000 0.350000 0.000000 0.000000
0.000000 0.000000 0.000000 0.000000 0.000000 0.000000 0.000000 0.000000 0.000000 0.000000 0.000000 0.000000 0.000000 0.000000 0.000000 0.000000 0.000000 0.000000 0.000000 0.000000 0.000000