geotop/1.0zi/1.0Montebello/Templates/testdem/maps/_Eocsilt6804.asc
ncols         21
nrows         20
xllcorner     100.000000
yllcorner     100.000000
cellsize      50.000000
NODATA_value  -9999.0
0.000000 0.000000 0.000000 0.000000 0.000000 0.000000 0.000000 0.000000 0.000000 0.000000 0.000000 0.000000 0.000000 0.000000 0.000000 0.000000 0.000000 0.000000 0.000000 0.000000 0.000000
0.000000 0.000000 0.350136 0.350137 0.350137 0.350137 0.350137 0.350137 0.350137 0.350137 0.350137 0.350137 0.350137 0.350137 0.350137 0.350137 0.350137 0.350137 0.350136 0.000000 0.000000
0.000000 0.000000 0.350003 0.350002 0.350003 0.350003 0.350003 0.350003 0.350003 0.350003 0.350003 0.350003 0.350004 0.350004 0.350003 0.350003 0.350001 0.350001 0.350002 0.000000 0.000000
0.000000 0.000000 0.350058 0.350054 0.350053 0.350048 0.350049 0.350047 0.350049 0.350049 0.350047 0.350048 0.350048 0.350048 0.350050 0.350053 0.350056 0.350057 0.350057 0.000000 0.000000
0.000000 0.000000 0.350696 0.350702 0.350698 0.350691 0.350687 0.350680 0.350679 0.350676 0.350677 0.350679 0.350680 0.350680 0.350690 0.350694 0.350693 0.350700 0.350705 0.000000 0.000000
0.000000 0.000000 0.352602 0.352604 0.352596 0.352583 0.352569 0.352550 0.352549 0.352544 0.352549 0.352551 0.352551 0.352549 0.352558 0.352567 0.352576 0.352581 0.352587 0.000000 0.000000
0.000000 0.000000 0.355471 0.355468 0.355459 0.355437 0.355411 0.355385 0.355386 0.355383 0.355385 0.355384 0.355381 0.355385 0.355406 0.355429 0.355442 0.355454 0.355462 0.000000 0.000000
0.000000 0.000000 0.358936 0.358935 0.358931 0.358909 0.358884 0.358855 0.358855 0.358852 0.358851 0.358850 0.358848 0.358852 0.358877 0.358901 0.358921 0.358925 0.358936 0.000000 0.000000
0.000000 0.000000 0.362599 0.362593 0.362581 0.362566 0.362541 0.362507 0.362509 0.362501 0.362500 0.362499 0.362500 0.362499 0.362531 0.362559 0.362575 0.362582 0.362592 0.000000 0.000000
0.000000 0.000000 0.366343 0.366337 0.366331 0.366319 0.366284 0.366254 0.366255 0.366251 0.366246 0.366250 0.366254 0.366251 0.366277 0.366308 0.366326 0.366330 0.366338 0.000000 0.000000
0.000000 0.000000 0.370257 0.370253 0.370247 0.370219 0.370196 0.370162 0.370170 0.370152 0.370154 0.370154 0.370148 0.370159 0.370181 0.370201 0.370222 0.370233 0.370250 0.000000 0.000000
0.000000 0.000000 0.374450 0.374439 0.374427 0.374408 0.374384 0.374342 0.374343 0.374334 0.374345 0.374333 0.374335 0.374339 0.374379 0.374399 0.374414 0.374421 0.374461 0.000000 0.000000
0.000000 0.000000 0.378833 0.378822 0.378816 0.378794 0.378772 0.378680 0.378679 0.378672 0.378651 0.378661 0.378668 0.378676 0.378745 0.378767 0.378800 0.378804 0.378830 0.000000 0.000000
0.000000 0.000000 0.383716 0.383711 0.383694 0.383677 0.383579 0.383565 0.383543 0.383542 0.383541 0.383541 0.383539 0.383535 0.383540 0.383645 0.383669 0.383696 0.383724 0.000000 0.000000
0.000000 0.000000 0.389227 0.389219 0.389195 0.389083 0.389062 0.389007 0.388972 0.388966 0.388947 0.388932 0.388946 0.388939 0.388989 0.389022 0.389175 0.389159 0.389173 0.000000 0.000000
0.000000 0.000000 0.395177 0.395168 0.395013 0.395008 0.395002 0.394971 0.395013 0.394992 0.395014 0.394998 0.394978 0.395013 0.395030 0.395042 0.394996 0.395198 0.395200 0.000000 0.000000
0.000000 0.000000 0.402266 0.402040 0.402007 0.401940 0.401829 0.401788 0.401755 0.401759 0.401705 0.401705 0.401731 0.401712 0.401769 0.401854 0.401996 0.401981 0.402213 0.000000 0.000000
0.000000 0.000000 0.406749 0.406839 0.407051 0.407012 0.406966 0.406764 0.406768 0.406718 0.406773 0.406758 0.406763 0.406776 0.406958 0.406995 0.407087 0.406881 0.406803 0.000000 0.000000
0.000000 0.000000 0.350000 0.350000 0.350000 0.350000 0.350000 0.350000 0.350000 0.350000 0.350000 0.350000 0.350000 0.350000 0.350000 0.350000 0.350000 0.350000 0.350000 0.000000 0.000000
0.000000 0.000000 0.000000 0.000000 0.000000 0.000000 0.000000 0.000000 0.000000 0.000000 0.000000 0.000000 0.000000 0.000000 0.000000 0.000000 0.000000 0.000000 0.000000 0.000000 0.000000