geotop/1.0zi/1.0Montebello/Templates/testdem/maps/_Eocsand9723.asc
ncols         21
nrows         20
xllcorner     100.000000
yllcorner     100.000000
cellsize      50.000000
NODATA_value  -9999.0
0.000000 0.000000 0.000000 0.000000 0.000000 0.000000 0.000000 0.000000 0.000000 0.000000 0.000000 0.000000 0.000000 0.000000 0.000000 0.000000 0.000000 0.000000 0.000000 0.000000 0.000000
0.000000 0.000000 0.300241 0.300238 0.300238 0.300239 0.300238 0.300238 0.300238 0.300239 0.300239 0.300238 0.300239 0.300239 0.300238 0.300238 0.300239 0.300239 0.300239 0.000000 0.000000
0.000000 0.000000 0.300011 0.300013 0.300013 0.300011 0.300012 0.300013 0.300012 0.300012 0.300012 0.300012 0.300011 0.300012 0.300012 0.300012 0.300013 0.300013 0.300014 0.000000 0.000000
0.000000 0.000000 0.299810 0.299808 0.299817 0.299825 0.299824 0.299830 0.299822 0.299824 0.299824 0.299823 0.299821 0.299823 0.299818 0.299811 0.299808 0.299805 0.299806 0.000000 0.000000
0.000000 0.000000 0.297018 0.297019 0.297035 0.297067 0.297095 0.297105 0.297105 0.297106 0.297109 0.297102 0.297096 0.297097 0.297073 0.297059 0.297044 0.297035 0.297022 0.000000 0.000000
0.000000 0.000000 0.289432 0.289443 0.289480 0.289542 0.289606 0.289663 0.289660 0.289672 0.289671 0.289671 0.289659 0.289664 0.289630 0.289576 0.289549 0.289528 0.289515 0.000000 0.000000
0.000000 0.000000 0.279081 0.279102 0.279132 0.279206 0.279288 0.279398 0.279396 0.279406 0.279414 0.279414 0.279414 0.279410 0.279319 0.279253 0.279212 0.279183 0.279168 0.000000 0.000000
0.000000 0.000000 0.266771 0.266797 0.266827 0.266915 0.267006 0.267107 0.267104 0.267118 0.267129 0.267135 0.267137 0.267120 0.267036 0.266962 0.266895 0.266881 0.266853 0.000000 0.000000
0.000000 0.000000 0.253254 0.253290 0.253338 0.253407 0.253509 0.253630 0.253618 0.253642 0.253658 0.253662 0.253656 0.253661 0.253543 0.253454 0.253403 0.253381 0.253356 0.000000 0.000000
0.000000 0.000000 0.238332 0.238383 0.238421 0.238494 0.238607 0.238733 0.238730 0.238748 0.238774 0.238763 0.238747 0.238753 0.238658 0.238543 0.238482 0.238459 0.238447 0.000000 0.000000
0.000000 0.000000 0.221364 0.221406 0.221443 0.221605 0.221659 0.221827 0.221792 0.221875 0.221869 0.221881 0.221907 0.221861 0.221755 0.221683 0.221598 0.221568 0.221495 0.000000 0.000000
0.000000 0.000000 0.201566 0.201654 0.201753 0.201831 0.201920 0.202132 0.202135 0.202146 0.202122 0.202195 0.202160 0.202170 0.201979 0.201868 0.201823 0.201796 0.201649 0.000000 0.000000
0.000000 0.000000 0.179252 0.179335 0.179359 0.179514 0.179622 0.180180 0.180190 0.180226 0.180423 0.180304 0.180291 0.180242 0.179827 0.179732 0.179528 0.179517 0.179480 0.000000 0.000000
0.000000 0.000000 0.151623 0.151662 0.151840 0.151951 0.152729 0.152459 0.152627 0.152628 0.152527 0.152632 0.152651 0.152731 0.152982 0.152125 0.152092 0.151892 0.151772 0.000000 0.000000
0.000000 0.000000 0.120185 0.120277 0.120434 0.121439 0.121018 0.121644 0.121786 0.121852 0.122080 0.122157 0.122041 0.122035 0.121483 0.121888 0.120577 0.120885 0.120931 0.000000 0.000000
0.000000 0.000000 0.091993 0.092047 0.093140 0.092563 0.092763 0.092713 0.092231 0.092360 0.092103 0.092145 0.092353 0.092093 0.092249 0.092065 0.093307 0.091634 0.091659 0.000000 0.000000
0.000000 0.000000 0.067749 0.068576 0.068347 0.068699 0.069133 0.069272 0.069530 0.069471 0.069747 0.069714 0.069557 0.069718 0.069492 0.069168 0.068418 0.068970 0.068108 0.000000 0.000000
0.000000 0.000000 0.057766 0.057664 0.057172 0.057335 0.057487 0.057929 0.057959 0.058051 0.057970 0.057996 0.057964 0.057964 0.057563 0.057446 0.057151 0.057692 0.057787 0.000000 0.000000
0.000000 0.000000 0.300000 0.300000 0.300000 0.300000 0.300000 0.300000 0.300000 0.300000 0.300000 0.300000 0.300000 0.300000 0.300000 0.300000 0.300000 0.300000 0.300000 0.000000 0.000000
0.000000 0.000000 0.000000 0.000000 0.000000 0.000000 0.000000 0.000000 0.000000 0.000000 0.000000 0.000000 0.000000 0.000000 0.000000 0.000000 0.000000 0.000000 0.000000 0.000000 0.000000