geotop/1.0zi/1.0Montebello/Templates/testdem/maps/_Eocsand9685.asc
ncols         21
nrows         20
xllcorner     100.000000
yllcorner     100.000000
cellsize      50.000000
NODATA_value  -9999.0
0.000000 0.000000 0.000000 0.000000 0.000000 0.000000 0.000000 0.000000 0.000000 0.000000 0.000000 0.000000 0.000000 0.000000 0.000000 0.000000 0.000000 0.000000 0.000000 0.000000 0.000000
0.000000 0.000000 0.300241 0.300238 0.300238 0.300239 0.300238 0.300238 0.300238 0.300239 0.300239 0.300238 0.300239 0.300239 0.300238 0.300238 0.300239 0.300239 0.300239 0.000000 0.000000
0.000000 0.000000 0.300011 0.300013 0.300013 0.300011 0.300012 0.300013 0.300012 0.300012 0.300012 0.300012 0.300011 0.300012 0.300012 0.300012 0.300013 0.300013 0.300014 0.000000 0.000000
0.000000 0.000000 0.299810 0.299808 0.299817 0.299825 0.299824 0.299830 0.299822 0.299824 0.299824 0.299823 0.299821 0.299823 0.299818 0.299811 0.299808 0.299805 0.299806 0.000000 0.000000
0.000000 0.000000 0.297016 0.297016 0.297032 0.297065 0.297093 0.297102 0.297102 0.297103 0.297106 0.297099 0.297093 0.297094 0.297070 0.297056 0.297042 0.297032 0.297019 0.000000 0.000000
0.000000 0.000000 0.289441 0.289452 0.289489 0.289550 0.289614 0.289671 0.289668 0.289680 0.289679 0.289679 0.289667 0.289671 0.289638 0.289584 0.289557 0.289536 0.289524 0.000000 0.000000
0.000000 0.000000 0.279101 0.279123 0.279152 0.279225 0.279307 0.279418 0.279416 0.279426 0.279434 0.279434 0.279434 0.279429 0.279339 0.279273 0.279232 0.279203 0.279188 0.000000 0.000000
0.000000 0.000000 0.266811 0.266837 0.266867 0.266955 0.267045 0.267146 0.267144 0.267158 0.267168 0.267174 0.267177 0.267159 0.267076 0.267001 0.266935 0.266921 0.266893 0.000000 0.000000
0.000000 0.000000 0.253322 0.253359 0.253406 0.253474 0.253577 0.253697 0.253686 0.253710 0.253726 0.253730 0.253723 0.253728 0.253611 0.253522 0.253471 0.253449 0.253424 0.000000 0.000000
0.000000 0.000000 0.238437 0.238488 0.238526 0.238599 0.238712 0.238837 0.238835 0.238852 0.238878 0.238867 0.238851 0.238857 0.238763 0.238647 0.238588 0.238565 0.238552 0.000000 0.000000
0.000000 0.000000 0.221519 0.221561 0.221598 0.221760 0.221814 0.221982 0.221947 0.222029 0.222023 0.222035 0.222061 0.222014 0.221909 0.221838 0.221754 0.221723 0.221650 0.000000 0.000000
0.000000 0.000000 0.201790 0.201877 0.201976 0.202054 0.202143 0.202354 0.202358 0.202368 0.202344 0.202417 0.202382 0.202391 0.202202 0.202092 0.202047 0.202020 0.201873 0.000000 0.000000
0.000000 0.000000 0.179563 0.179645 0.179669 0.179823 0.179931 0.180487 0.180497 0.180533 0.180729 0.180610 0.180597 0.180548 0.180135 0.180041 0.179838 0.179828 0.179791 0.000000 0.000000
0.000000 0.000000 0.152048 0.152087 0.152263 0.152373 0.153148 0.152880 0.153047 0.153048 0.152948 0.153053 0.153071 0.153150 0.153400 0.152548 0.152515 0.152316 0.152197 0.000000 0.000000
0.000000 0.000000 0.120710 0.120801 0.120959 0.121960 0.121541 0.122165 0.122306 0.122372 0.122600 0.122676 0.122561 0.122553 0.122006 0.122409 0.121102 0.121409 0.121455 0.000000 0.000000
0.000000 0.000000 0.092529 0.092583 0.093678 0.093099 0.093298 0.093248 0.092766 0.092895 0.092637 0.092679 0.092888 0.092626 0.092784 0.092600 0.093846 0.092169 0.092195 0.000000 0.000000
0.000000 0.000000 0.068194 0.069030 0.068793 0.069151 0.069589 0.069728 0.069991 0.069930 0.070211 0.070177 0.070017 0.070181 0.069953 0.069627 0.068864 0.069430 0.068559 0.000000 0.000000
0.000000 0.000000 0.058244 0.058129 0.057628 0.057789 0.057939 0.058386 0.058414 0.058508 0.058423 0.058450 0.058418 0.058416 0.058012 0.057899 0.057606 0.058154 0.058261 0.000000 0.000000
0.000000 0.000000 0.300000 0.300000 0.300000 0.300000 0.300000 0.300000 0.300000 0.300000 0.300000 0.300000 0.300000 0.300000 0.300000 0.300000 0.300000 0.300000 0.300000 0.000000 0.000000
0.000000 0.000000 0.000000 0.000000 0.000000 0.000000 0.000000 0.000000 0.000000 0.000000 0.000000 0.000000 0.000000 0.000000 0.000000 0.000000 0.000000 0.000000 0.000000 0.000000 0.000000