geotop/1.0zi/1.0Montebello/Templates/testdem/maps/_Eocclay7490.asc
ncols         21
nrows         20
xllcorner     100.000000
yllcorner     100.000000
cellsize      50.000000
NODATA_value  -9999.0
0.000000 0.000000 0.000000 0.000000 0.000000 0.000000 0.000000 0.000000 0.000000 0.000000 0.000000 0.000000 0.000000 0.000000 0.000000 0.000000 0.000000 0.000000 0.000000 0.000000 0.000000
0.000000 0.000000 0.349659 0.349660 0.349660 0.349659 0.349660 0.349660 0.349660 0.349660 0.349659 0.349660 0.349660 0.349660 0.349661 0.349660 0.349658 0.349659 0.349660 0.000000 0.000000
0.000000 0.000000 0.349986 0.349985 0.349986 0.349987 0.349986 0.349985 0.349985 0.349985 0.349985 0.349985 0.349986 0.349985 0.349986 0.349986 0.349987 0.349986 0.349984 0.000000 0.000000
0.000000 0.000000 0.350004 0.350009 0.350005 0.350005 0.350007 0.350005 0.350007 0.350004 0.350007 0.350005 0.350005 0.350004 0.350005 0.350008 0.350006 0.350010 0.350008 0.000000 0.000000
0.000000 0.000000 0.350951 0.350948 0.350944 0.350939 0.350924 0.350921 0.350918 0.350922 0.350918 0.350919 0.350915 0.350919 0.350929 0.350930 0.350938 0.350939 0.350946 0.000000 0.000000
0.000000 0.000000 0.353478 0.353476 0.353465 0.353439 0.353426 0.353402 0.353404 0.353398 0.353401 0.353400 0.353402 0.353403 0.353414 0.353433 0.353446 0.353461 0.353467 0.000000 0.000000
0.000000 0.000000 0.356974 0.356970 0.356963 0.356940 0.356911 0.356875 0.356874 0.356869 0.356870 0.356871 0.356870 0.356871 0.356903 0.356931 0.356946 0.356958 0.356966 0.000000 0.000000
0.000000 0.000000 0.361140 0.361138 0.361130 0.361103 0.361075 0.361036 0.361036 0.361032 0.361031 0.361028 0.361026 0.361034 0.361067 0.361091 0.361115 0.361124 0.361136 0.000000 0.000000
0.000000 0.000000 0.365508 0.365501 0.365489 0.365472 0.365442 0.365403 0.365405 0.365397 0.365394 0.365392 0.365392 0.365392 0.365430 0.365462 0.365481 0.365490 0.365499 0.000000 0.000000
0.000000 0.000000 0.370081 0.370072 0.370066 0.370049 0.370006 0.369970 0.369970 0.369966 0.369960 0.369963 0.369968 0.369966 0.369999 0.370035 0.370058 0.370065 0.370073 0.000000 0.000000
0.000000 0.000000 0.374997 0.374991 0.374983 0.374948 0.374918 0.374876 0.374885 0.374863 0.374865 0.374865 0.374857 0.374872 0.374901 0.374924 0.374952 0.374967 0.374986 0.000000 0.000000
0.000000 0.000000 0.380367 0.380353 0.380337 0.380313 0.380281 0.380230 0.380228 0.380220 0.380232 0.380214 0.380218 0.380222 0.380275 0.380301 0.380321 0.380331 0.380378 0.000000 0.000000
0.000000 0.000000 0.386094 0.386080 0.386073 0.386042 0.386013 0.385887 0.385885 0.385878 0.385845 0.385861 0.385869 0.385880 0.385977 0.386004 0.386052 0.386058 0.386084 0.000000 0.000000
0.000000 0.000000 0.392667 0.392661 0.392637 0.392614 0.392465 0.392463 0.392432 0.392432 0.392435 0.392429 0.392426 0.392421 0.392417 0.392572 0.392602 0.392643 0.392676 0.000000 0.000000
0.000000 0.000000 0.400285 0.400272 0.400240 0.400061 0.400056 0.399968 0.399921 0.399912 0.399882 0.399860 0.399878 0.399873 0.399958 0.399977 0.400216 0.400186 0.400197 0.000000 0.000000
0.000000 0.000000 0.408636 0.408623 0.408369 0.408406 0.408391 0.408353 0.408439 0.408408 0.408450 0.408427 0.408389 0.408452 0.408471 0.408485 0.408345 0.408699 0.408695 0.000000 0.000000
0.000000 0.000000 0.418993 0.418591 0.418616 0.418481 0.418280 0.418219 0.418133 0.418151 0.418041 0.418047 0.418105 0.418053 0.418154 0.418303 0.418600 0.418468 0.418882 0.000000 0.000000
0.000000 0.000000 0.424091 0.424399 0.424777 0.424750 0.424727 0.424375 0.424409 0.424315 0.424449 0.424419 0.424408 0.424450 0.424756 0.424772 0.424844 0.424517 0.424222 0.000000 0.000000
0.000000 0.000000 0.350000 0.350000 0.350000 0.350000 0.350000 0.350000 0.350000 0.350000 0.350000 0.350000 0.350000 0.350000 0.350000 0.350000 0.350000 0.350000 0.350000 0.000000 0.000000
0.000000 0.000000 0.000000 0.000000 0.000000 0.000000 0.000000 0.000000 0.000000 0.000000 0.000000 0.000000 0.000000 0.000000 0.000000 0.000000 0.000000 0.000000 0.000000 0.000000 0.000000