geotop/1.0zi/1.0Montebello/Templates/testdem/maps/_Eocsand0440.asc
ncols         21
nrows         20
xllcorner     100.000000
yllcorner     100.000000
cellsize      50.000000
NODATA_value  -9999.0
0.000000 0.000000 0.000000 0.000000 0.000000 0.000000 0.000000 0.000000 0.000000 0.000000 0.000000 0.000000 0.000000 0.000000 0.000000 0.000000 0.000000 0.000000 0.000000 0.000000 0.000000
0.000000 0.000000 0.300019 0.300019 0.300019 0.300019 0.300019 0.300019 0.300019 0.300019 0.300019 0.300019 0.300019 0.300019 0.300019 0.300019 0.300019 0.300019 0.300019 0.000000 0.000000
0.000000 0.000000 0.300005 0.300006 0.300006 0.300006 0.300005 0.300005 0.300005 0.300005 0.300005 0.300005 0.300005 0.300005 0.300005 0.300006 0.300006 0.300006 0.300005 0.000000 0.000000
0.000000 0.000000 0.299450 0.299450 0.299454 0.299450 0.299450 0.299450 0.299450 0.299450 0.299450 0.299450 0.299450 0.299450 0.299450 0.299450 0.299454 0.299450 0.299450 0.000000 0.000000
0.000000 0.000000 0.297837 0.297837 0.297841 0.297837 0.297837 0.297836 0.297836 0.297836 0.297837 0.297836 0.297836 0.297836 0.297837 0.297837 0.297841 0.297837 0.297837 0.000000 0.000000
0.000000 0.000000 0.296235 0.296235 0.296239 0.296235 0.296235 0.296235 0.296235 0.296235 0.296235 0.296235 0.296235 0.296235 0.296235 0.296235 0.296239 0.296235 0.296235 0.000000 0.000000
0.000000 0.000000 0.294774 0.294774 0.294777 0.294775 0.294774 0.294774 0.294774 0.294774 0.294774 0.294774 0.294774 0.294774 0.294774 0.294775 0.294777 0.294774 0.294774 0.000000 0.000000
0.000000 0.000000 0.293427 0.293427 0.293430 0.293427 0.293427 0.293426 0.293426 0.293426 0.293427 0.293426 0.293426 0.293426 0.293427 0.293427 0.293430 0.293427 0.293427 0.000000 0.000000
0.000000 0.000000 0.292158 0.292158 0.292161 0.292158 0.292158 0.292158 0.292158 0.292158 0.292158 0.292158 0.292158 0.292158 0.292158 0.292158 0.292161 0.292158 0.292158 0.000000 0.000000
0.000000 0.000000 0.290936 0.290936 0.290938 0.290936 0.290936 0.290935 0.290935 0.290936 0.290936 0.290936 0.290935 0.290935 0.290936 0.290936 0.290938 0.290936 0.290936 0.000000 0.000000
0.000000 0.000000 0.289749 0.289749 0.289752 0.289749 0.289749 0.289749 0.289749 0.289749 0.289749 0.289749 0.289749 0.289749 0.289749 0.289749 0.289752 0.289749 0.289749 0.000000 0.000000
0.000000 0.000000 0.288588 0.288588 0.288591 0.288588 0.288588 0.288588 0.288588 0.288588 0.288588 0.288588 0.288588 0.288588 0.288588 0.288588 0.288591 0.288588 0.288588 0.000000 0.000000
0.000000 0.000000 0.287449 0.287449 0.287452 0.287450 0.287449 0.287449 0.287449 0.287449 0.287449 0.287449 0.287449 0.287449 0.287449 0.287450 0.287452 0.287449 0.287449 0.000000 0.000000
0.000000 0.000000 0.286331 0.286331 0.286334 0.286331 0.286331 0.286331 0.286331 0.286331 0.286331 0.286331 0.286331 0.286331 0.286331 0.286331 0.286334 0.286331 0.286331 0.000000 0.000000
0.000000 0.000000 0.285226 0.285226 0.285229 0.285226 0.285226 0.285226 0.285226 0.285226 0.285226 0.285226 0.285226 0.285226 0.285226 0.285226 0.285229 0.285226 0.285226 0.000000 0.000000
0.000000 0.000000 0.284126 0.284126 0.284128 0.284126 0.284125 0.284125 0.284125 0.284125 0.284125 0.284125 0.284125 0.284125 0.284125 0.284126 0.284128 0.284126 0.284126 0.000000 0.000000
0.000000 0.000000 0.283037 0.283037 0.283040 0.283038 0.283037 0.283037 0.283037 0.283037 0.283037 0.283037 0.283037 0.283037 0.283037 0.283038 0.283040 0.283037 0.283037 0.000000 0.000000
0.000000 0.000000 0.281919 0.281919 0.281921 0.281919 0.281919 0.281919 0.281919 0.281919 0.281919 0.281919 0.281919 0.281919 0.281919 0.281919 0.281921 0.281919 0.281919 0.000000 0.000000
0.000000 0.000000 0.300000 0.300000 0.300000 0.300000 0.300000 0.300000 0.300000 0.300000 0.300000 0.300000 0.300000 0.300000 0.300000 0.300000 0.300000 0.300000 0.300000 0.000000 0.000000
0.000000 0.000000 0.000000 0.000000 0.000000 0.000000 0.000000 0.000000 0.000000 0.000000 0.000000 0.000000 0.000000 0.000000 0.000000 0.000000 0.000000 0.000000 0.000000 0.000000 0.000000