geotop/1.0zi/1.0Montebello/Templates/testdem/maps/_Eocsand1255.asc
ncols         21
nrows         20
xllcorner     100.000000
yllcorner     100.000000
cellsize      50.000000
NODATA_value  -9999.0
0.000000 0.000000 0.000000 0.000000 0.000000 0.000000 0.000000 0.000000 0.000000 0.000000 0.000000 0.000000 0.000000 0.000000 0.000000 0.000000 0.000000 0.000000 0.000000 0.000000 0.000000
0.000000 0.000000 0.300040 0.300040 0.300040 0.300040 0.300040 0.300040 0.300040 0.300040 0.300040 0.300040 0.300040 0.300040 0.300040 0.300040 0.300040 0.300040 0.300040 0.000000 0.000000
0.000000 0.000000 0.300006 0.300007 0.300007 0.300006 0.300007 0.300007 0.300007 0.300007 0.300007 0.300007 0.300007 0.300007 0.300007 0.300006 0.300007 0.300007 0.300006 0.000000 0.000000
0.000000 0.000000 0.298882 0.298883 0.298887 0.298885 0.298882 0.298882 0.298882 0.298882 0.298882 0.298882 0.298882 0.298882 0.298882 0.298885 0.298887 0.298883 0.298882 0.000000 0.000000
0.000000 0.000000 0.295135 0.295136 0.295141 0.295141 0.295134 0.295136 0.295136 0.295134 0.295134 0.295134 0.295136 0.295136 0.295134 0.295141 0.295141 0.295136 0.295135 0.000000 0.000000
0.000000 0.000000 0.290809 0.290810 0.290814 0.290814 0.290809 0.290810 0.290810 0.290809 0.290809 0.290809 0.290810 0.290810 0.290809 0.290814 0.290814 0.290810 0.290809 0.000000 0.000000
0.000000 0.000000 0.286768 0.286769 0.286772 0.286772 0.286768 0.286768 0.286768 0.286767 0.286768 0.286767 0.286768 0.286768 0.286768 0.286772 0.286772 0.286769 0.286768 0.000000 0.000000
0.000000 0.000000 0.283056 0.283057 0.283060 0.283059 0.283056 0.283056 0.283056 0.283056 0.283056 0.283056 0.283056 0.283056 0.283056 0.283059 0.283060 0.283057 0.283056 0.000000 0.000000
0.000000 0.000000 0.279581 0.279581 0.279584 0.279584 0.279581 0.279581 0.279581 0.279580 0.279580 0.279580 0.279581 0.279581 0.279581 0.279584 0.279584 0.279581 0.279581 0.000000 0.000000
0.000000 0.000000 0.276250 0.276251 0.276254 0.276253 0.276250 0.276250 0.276250 0.276250 0.276250 0.276250 0.276250 0.276250 0.276250 0.276253 0.276254 0.276251 0.276250 0.000000 0.000000
0.000000 0.000000 0.273029 0.273030 0.273033 0.273032 0.273029 0.273030 0.273030 0.273029 0.273029 0.273029 0.273030 0.273030 0.273029 0.273032 0.273033 0.273030 0.273029 0.000000 0.000000
0.000000 0.000000 0.269884 0.269884 0.269887 0.269886 0.269884 0.269884 0.269884 0.269884 0.269884 0.269884 0.269884 0.269884 0.269884 0.269886 0.269887 0.269884 0.269884 0.000000 0.000000
0.000000 0.000000 0.266792 0.266792 0.266795 0.266794 0.266792 0.266792 0.266792 0.266791 0.266791 0.266791 0.266792 0.266792 0.266792 0.266794 0.266795 0.266792 0.266792 0.000000 0.000000
0.000000 0.000000 0.263753 0.263753 0.263756 0.263755 0.263753 0.263753 0.263753 0.263753 0.263753 0.263753 0.263753 0.263753 0.263753 0.263755 0.263756 0.263753 0.263753 0.000000 0.000000
0.000000 0.000000 0.260753 0.260753 0.260756 0.260755 0.260753 0.260753 0.260753 0.260752 0.260753 0.260752 0.260753 0.260753 0.260753 0.260755 0.260756 0.260753 0.260753 0.000000 0.000000
0.000000 0.000000 0.257780 0.257780 0.257783 0.257782 0.257780 0.257780 0.257780 0.257779 0.257780 0.257779 0.257780 0.257780 0.257780 0.257782 0.257783 0.257780 0.257780 0.000000 0.000000
0.000000 0.000000 0.254836 0.254836 0.254839 0.254838 0.254836 0.254836 0.254836 0.254835 0.254835 0.254835 0.254836 0.254836 0.254836 0.254838 0.254839 0.254836 0.254836 0.000000 0.000000
0.000000 0.000000 0.251833 0.251833 0.251836 0.251835 0.251832 0.251833 0.251833 0.251832 0.251832 0.251832 0.251833 0.251833 0.251832 0.251835 0.251836 0.251833 0.251832 0.000000 0.000000
0.000000 0.000000 0.300000 0.300000 0.300000 0.300000 0.300000 0.300000 0.300000 0.300000 0.300000 0.300000 0.300000 0.300000 0.300000 0.300000 0.300000 0.300000 0.300000 0.000000 0.000000
0.000000 0.000000 0.000000 0.000000 0.000000 0.000000 0.000000 0.000000 0.000000 0.000000 0.000000 0.000000 0.000000 0.000000 0.000000 0.000000 0.000000 0.000000 0.000000 0.000000 0.000000