geotop/1.0zi/1.0Montebello/Templates/testdem/maps/_Eocsilt1637.asc
ncols         21
nrows         20
xllcorner     100.000000
yllcorner     100.000000
cellsize      50.000000
NODATA_value  -9999.0
0.000000 0.000000 0.000000 0.000000 0.000000 0.000000 0.000000 0.000000 0.000000 0.000000 0.000000 0.000000 0.000000 0.000000 0.000000 0.000000 0.000000 0.000000 0.000000 0.000000 0.000000
0.000000 0.000000 0.350036 0.350036 0.350036 0.350036 0.350036 0.350036 0.350036 0.350036 0.350036 0.350036 0.350036 0.350036 0.350036 0.350036 0.350036 0.350036 0.350036 0.000000 0.000000
0.000000 0.000000 0.349999 0.349998 0.349998 0.349999 0.349999 0.349999 0.349999 0.349999 0.349999 0.349999 0.349999 0.349999 0.349999 0.349999 0.349998 0.349998 0.349999 0.000000 0.000000
0.000000 0.000000 0.350650 0.350650 0.350647 0.350649 0.350651 0.350650 0.350650 0.350651 0.350651 0.350651 0.350650 0.350650 0.350651 0.350649 0.350647 0.350650 0.350650 0.000000 0.000000
0.000000 0.000000 0.352932 0.352931 0.352929 0.352929 0.352932 0.352932 0.352932 0.352933 0.352932 0.352933 0.352932 0.352932 0.352932 0.352929 0.352929 0.352931 0.352932 0.000000 0.000000
0.000000 0.000000 0.355756 0.355755 0.355754 0.355754 0.355757 0.355756 0.355756 0.355756 0.355756 0.355756 0.355756 0.355756 0.355757 0.355754 0.355754 0.355755 0.355756 0.000000 0.000000
0.000000 0.000000 0.358344 0.358344 0.358343 0.358343 0.358345 0.358344 0.358344 0.358345 0.358345 0.358345 0.358344 0.358344 0.358345 0.358343 0.358343 0.358344 0.358344 0.000000 0.000000
0.000000 0.000000 0.360718 0.360718 0.360717 0.360717 0.360719 0.360718 0.360718 0.360719 0.360719 0.360719 0.360718 0.360718 0.360719 0.360717 0.360717 0.360718 0.360718 0.000000 0.000000
0.000000 0.000000 0.362940 0.362940 0.362939 0.362939 0.362941 0.362940 0.362940 0.362941 0.362941 0.362941 0.362940 0.362940 0.362941 0.362939 0.362939 0.362940 0.362940 0.000000 0.000000
0.000000 0.000000 0.365065 0.365065 0.365064 0.365064 0.365066 0.365065 0.365065 0.365066 0.365066 0.365066 0.365065 0.365065 0.365066 0.365064 0.365064 0.365065 0.365065 0.000000 0.000000
0.000000 0.000000 0.367116 0.367116 0.367114 0.367115 0.367116 0.367116 0.367116 0.367116 0.367116 0.367116 0.367116 0.367116 0.367116 0.367115 0.367114 0.367116 0.367116 0.000000 0.000000
0.000000 0.000000 0.369112 0.369112 0.369110 0.369111 0.369112 0.369112 0.369112 0.369112 0.369112 0.369112 0.369112 0.369112 0.369112 0.369111 0.369110 0.369112 0.369112 0.000000 0.000000
0.000000 0.000000 0.371068 0.371068 0.371066 0.371067 0.371068 0.371068 0.371068 0.371068 0.371068 0.371068 0.371068 0.371068 0.371068 0.371067 0.371066 0.371068 0.371068 0.000000 0.000000
0.000000 0.000000 0.372984 0.372984 0.372982 0.372983 0.372984 0.372984 0.372984 0.372984 0.372984 0.372984 0.372984 0.372984 0.372984 0.372983 0.372982 0.372984 0.372984 0.000000 0.000000
0.000000 0.000000 0.374869 0.374869 0.374868 0.374868 0.374869 0.374869 0.374869 0.374869 0.374869 0.374869 0.374869 0.374869 0.374869 0.374868 0.374868 0.374869 0.374869 0.000000 0.000000
0.000000 0.000000 0.376731 0.376730 0.376729 0.376730 0.376731 0.376731 0.376731 0.376731 0.376731 0.376731 0.376731 0.376731 0.376731 0.376730 0.376729 0.376730 0.376731 0.000000 0.000000
0.000000 0.000000 0.378569 0.378569 0.378568 0.378568 0.378570 0.378569 0.378569 0.378570 0.378569 0.378570 0.378569 0.378569 0.378570 0.378568 0.378568 0.378569 0.378569 0.000000 0.000000
0.000000 0.000000 0.380424 0.380424 0.380423 0.380423 0.380424 0.380424 0.380424 0.380424 0.380424 0.380424 0.380424 0.380424 0.380424 0.380423 0.380423 0.380424 0.380424 0.000000 0.000000
0.000000 0.000000 0.350000 0.350000 0.350000 0.350000 0.350000 0.350000 0.350000 0.350000 0.350000 0.350000 0.350000 0.350000 0.350000 0.350000 0.350000 0.350000 0.350000 0.000000 0.000000
0.000000 0.000000 0.000000 0.000000 0.000000 0.000000 0.000000 0.000000 0.000000 0.000000 0.000000 0.000000 0.000000 0.000000 0.000000 0.000000 0.000000 0.000000 0.000000 0.000000 0.000000