geotop/1.0zi/1.0Montebello/Templates/testdem/maps/_Eocsand8715.asc
ncols         21
nrows         20
xllcorner     100.000000
yllcorner     100.000000
cellsize      50.000000
NODATA_value  -9999.0
0.000000 0.000000 0.000000 0.000000 0.000000 0.000000 0.000000 0.000000 0.000000 0.000000 0.000000 0.000000 0.000000 0.000000 0.000000 0.000000 0.000000 0.000000 0.000000 0.000000 0.000000
0.000000 0.000000 0.300221 0.300219 0.300219 0.300219 0.300218 0.300218 0.300218 0.300218 0.300219 0.300218 0.300218 0.300218 0.300218 0.300218 0.300220 0.300219 0.300219 0.000000 0.000000
0.000000 0.000000 0.300012 0.300013 0.300013 0.300012 0.300013 0.300013 0.300013 0.300013 0.300013 0.300013 0.300012 0.300013 0.300013 0.300013 0.300014 0.300014 0.300015 0.000000 0.000000
0.000000 0.000000 0.299856 0.299855 0.299861 0.299871 0.299869 0.299872 0.299868 0.299869 0.299869 0.299869 0.299868 0.299871 0.299865 0.299859 0.299856 0.299855 0.299855 0.000000 0.000000
0.000000 0.000000 0.297629 0.297631 0.297645 0.297665 0.297692 0.297698 0.297702 0.297703 0.297703 0.297700 0.297697 0.297697 0.297675 0.297668 0.297653 0.297643 0.297630 0.000000 0.000000
0.000000 0.000000 0.291334 0.291340 0.291368 0.291422 0.291462 0.291505 0.291505 0.291518 0.291508 0.291508 0.291498 0.291503 0.291476 0.291441 0.291410 0.291391 0.291377 0.000000 0.000000
0.000000 0.000000 0.282602 0.282617 0.282639 0.282697 0.282770 0.282847 0.282847 0.282855 0.282854 0.282852 0.282853 0.282849 0.282778 0.282717 0.282681 0.282653 0.282636 0.000000 0.000000
0.000000 0.000000 0.272271 0.272282 0.272300 0.272368 0.272435 0.272520 0.272520 0.272531 0.272531 0.272536 0.272540 0.272524 0.272448 0.272390 0.272332 0.272318 0.272290 0.000000 0.000000
0.000000 0.000000 0.261112 0.261137 0.261170 0.261216 0.261294 0.261384 0.261378 0.261398 0.261402 0.261405 0.261401 0.261405 0.261311 0.261236 0.261191 0.261169 0.261145 0.000000 0.000000
0.000000 0.000000 0.249144 0.249172 0.249192 0.249238 0.249349 0.249430 0.249430 0.249439 0.249452 0.249442 0.249429 0.249434 0.249355 0.249266 0.249212 0.249194 0.249177 0.000000 0.000000
0.000000 0.000000 0.235938 0.235954 0.235976 0.236083 0.236156 0.236261 0.236232 0.236294 0.236279 0.236285 0.236305 0.236268 0.236189 0.236137 0.236063 0.236028 0.235976 0.000000 0.000000
0.000000 0.000000 0.221028 0.221078 0.221126 0.221185 0.221283 0.221405 0.221420 0.221426 0.221396 0.221444 0.221421 0.221422 0.221280 0.221203 0.221158 0.221131 0.221010 0.000000 0.000000
0.000000 0.000000 0.204647 0.204696 0.204703 0.204814 0.204890 0.205258 0.205265 0.205280 0.205388 0.205322 0.205305 0.205272 0.204982 0.204913 0.204766 0.204759 0.204704 0.000000 0.000000
0.000000 0.000000 0.185002 0.185016 0.185103 0.185175 0.185679 0.185585 0.185685 0.185680 0.185631 0.185675 0.185683 0.185724 0.185800 0.185270 0.185211 0.185075 0.184983 0.000000 0.000000
0.000000 0.000000 0.161621 0.161679 0.161781 0.162445 0.162321 0.162652 0.162784 0.162815 0.162934 0.163001 0.162924 0.162936 0.162599 0.162698 0.161829 0.161991 0.161989 0.000000 0.000000
0.000000 0.000000 0.136540 0.136585 0.137518 0.137171 0.137279 0.137301 0.136923 0.137028 0.136819 0.136871 0.137033 0.136805 0.136835 0.136758 0.137589 0.136203 0.136220 0.000000 0.000000
0.000000 0.000000 0.107094 0.108417 0.108008 0.108576 0.109239 0.109430 0.109850 0.109748 0.110173 0.110122 0.109870 0.110133 0.109776 0.109287 0.108043 0.108972 0.107589 0.000000 0.000000
0.000000 0.000000 0.098717 0.097556 0.096592 0.096586 0.096511 0.097458 0.097273 0.097557 0.097070 0.097165 0.097246 0.097082 0.096294 0.096350 0.096406 0.097127 0.098272 0.000000 0.000000
0.000000 0.000000 0.300000 0.300000 0.300000 0.300000 0.300000 0.300000 0.300000 0.300000 0.300000 0.300000 0.300000 0.300000 0.300000 0.300000 0.300000 0.300000 0.300000 0.000000 0.000000
0.000000 0.000000 0.000000 0.000000 0.000000 0.000000 0.000000 0.000000 0.000000 0.000000 0.000000 0.000000 0.000000 0.000000 0.000000 0.000000 0.000000 0.000000 0.000000 0.000000 0.000000