geotop/1.0zi/1.0Montebello/Templates/testdem/maps/_Eocsand4677.asc
ncols         21
nrows         20
xllcorner     100.000000
yllcorner     100.000000
cellsize      50.000000
NODATA_value  -9999.0
0.000000 0.000000 0.000000 0.000000 0.000000 0.000000 0.000000 0.000000 0.000000 0.000000 0.000000 0.000000 0.000000 0.000000 0.000000 0.000000 0.000000 0.000000 0.000000 0.000000 0.000000
0.000000 0.000000 0.300116 0.300116 0.300115 0.300115 0.300115 0.300115 0.300116 0.300115 0.300115 0.300115 0.300115 0.300115 0.300115 0.300115 0.300116 0.300116 0.300116 0.000000 0.000000
0.000000 0.000000 0.300006 0.300005 0.300005 0.300005 0.300005 0.300005 0.300005 0.300005 0.300005 0.300005 0.300005 0.300005 0.300005 0.300005 0.300007 0.300007 0.300006 0.000000 0.000000
0.000000 0.000000 0.299974 0.299973 0.299975 0.299979 0.299976 0.299979 0.299976 0.299977 0.299977 0.299978 0.299978 0.299980 0.299976 0.299972 0.299973 0.299971 0.299973 0.000000 0.000000
0.000000 0.000000 0.299276 0.299274 0.299275 0.299285 0.299296 0.299301 0.299302 0.299306 0.299308 0.299303 0.299306 0.299304 0.299295 0.299294 0.299289 0.299280 0.299274 0.000000 0.000000
0.000000 0.000000 0.296861 0.296855 0.296865 0.296892 0.296903 0.296931 0.296935 0.296945 0.296936 0.296933 0.296925 0.296925 0.296919 0.296903 0.296891 0.296882 0.296873 0.000000 0.000000
0.000000 0.000000 0.293168 0.293172 0.293181 0.293209 0.293241 0.293279 0.293278 0.293286 0.293278 0.293279 0.293280 0.293276 0.293248 0.293216 0.293201 0.293188 0.293175 0.000000 0.000000
0.000000 0.000000 0.288820 0.288824 0.288826 0.288855 0.288890 0.288928 0.288926 0.288933 0.288931 0.288931 0.288934 0.288932 0.288896 0.288861 0.288842 0.288835 0.288822 0.000000 0.000000
0.000000 0.000000 0.284395 0.284402 0.284411 0.284433 0.284464 0.284508 0.284505 0.284514 0.284513 0.284510 0.284514 0.284511 0.284477 0.284438 0.284423 0.284413 0.284397 0.000000 0.000000
0.000000 0.000000 0.279989 0.279997 0.280002 0.280024 0.280061 0.280100 0.280095 0.280102 0.280101 0.280099 0.280104 0.280105 0.280066 0.280028 0.280013 0.280005 0.279992 0.000000 0.000000
0.000000 0.000000 0.275523 0.275531 0.275536 0.275553 0.275581 0.275628 0.275624 0.275635 0.275634 0.275630 0.275636 0.275636 0.275602 0.275573 0.275554 0.275544 0.275529 0.000000 0.000000
0.000000 0.000000 0.270902 0.270908 0.270918 0.270944 0.270973 0.271019 0.271019 0.271026 0.271025 0.271025 0.271028 0.271030 0.270987 0.270953 0.270935 0.270927 0.270879 0.000000 0.000000
0.000000 0.000000 0.266218 0.266226 0.266235 0.266255 0.266290 0.266385 0.266384 0.266393 0.266393 0.266390 0.266397 0.266395 0.266313 0.266273 0.266254 0.266246 0.266216 0.000000 0.000000
0.000000 0.000000 0.261248 0.261264 0.261269 0.261290 0.261388 0.261413 0.261428 0.261435 0.261433 0.261432 0.261439 0.261439 0.261412 0.261315 0.261294 0.261274 0.261257 0.000000 0.000000
0.000000 0.000000 0.255882 0.255894 0.255919 0.256004 0.256050 0.256111 0.256140 0.256151 0.256163 0.256163 0.256161 0.256170 0.256124 0.256056 0.255949 0.255953 0.255938 0.000000 0.000000
0.000000 0.000000 0.250331 0.250343 0.250446 0.250464 0.250494 0.250524 0.250527 0.250531 0.250524 0.250524 0.250540 0.250521 0.250506 0.250476 0.250475 0.250360 0.250332 0.000000 0.000000
0.000000 0.000000 0.244142 0.244281 0.244365 0.244405 0.244477 0.244517 0.244526 0.244532 0.244547 0.244544 0.244544 0.244556 0.244526 0.244442 0.244388 0.244332 0.244192 0.000000 0.000000
0.000000 0.000000 0.239338 0.239365 0.239273 0.239324 0.239387 0.239526 0.239538 0.239553 0.239545 0.239546 0.239555 0.239546 0.239420 0.239349 0.239270 0.239389 0.239335 0.000000 0.000000
0.000000 0.000000 0.300000 0.300000 0.300000 0.300000 0.300000 0.300000 0.300000 0.300000 0.300000 0.300000 0.300000 0.300000 0.300000 0.300000 0.300000 0.300000 0.300000 0.000000 0.000000
0.000000 0.000000 0.000000 0.000000 0.000000 0.000000 0.000000 0.000000 0.000000 0.000000 0.000000 0.000000 0.000000 0.000000 0.000000 0.000000 0.000000 0.000000 0.000000 0.000000 0.000000