geotop/1.0zi/1.0Montebello/Templates/testdem/maps/_Eocsilt7826.asc
ncols         21
nrows         20
xllcorner     100.000000
yllcorner     100.000000
cellsize      50.000000
NODATA_value  -9999.0
0.000000 0.000000 0.000000 0.000000 0.000000 0.000000 0.000000 0.000000 0.000000 0.000000 0.000000 0.000000 0.000000 0.000000 0.000000 0.000000 0.000000 0.000000 0.000000 0.000000 0.000000
0.000000 0.000000 0.350162 0.350162 0.350162 0.350163 0.350162 0.350162 0.350162 0.350162 0.350163 0.350162 0.350162 0.350162 0.350162 0.350162 0.350163 0.350163 0.350162 0.000000 0.000000
0.000000 0.000000 0.350005 0.350005 0.350004 0.350004 0.350005 0.350005 0.350005 0.350005 0.350006 0.350005 0.350006 0.350006 0.350005 0.350004 0.350003 0.350003 0.350004 0.000000 0.000000
0.000000 0.000000 0.350103 0.350099 0.350098 0.350091 0.350093 0.350087 0.350090 0.350090 0.350087 0.350090 0.350089 0.350089 0.350092 0.350095 0.350099 0.350099 0.350100 0.000000 0.000000
0.000000 0.000000 0.350988 0.350994 0.350989 0.350978 0.350972 0.350965 0.350961 0.350960 0.350960 0.350960 0.350961 0.350963 0.350976 0.350981 0.350984 0.350994 0.350996 0.000000 0.000000
0.000000 0.000000 0.353524 0.353524 0.353514 0.353498 0.353479 0.353457 0.353457 0.353451 0.353455 0.353455 0.353456 0.353455 0.353467 0.353479 0.353492 0.353500 0.353505 0.000000 0.000000
0.000000 0.000000 0.357166 0.357162 0.357151 0.357125 0.357093 0.357060 0.357061 0.357057 0.357058 0.357056 0.357053 0.357058 0.357087 0.357113 0.357130 0.357145 0.357152 0.000000 0.000000
0.000000 0.000000 0.361489 0.361487 0.361481 0.361454 0.361424 0.361387 0.361387 0.361382 0.361381 0.361378 0.361376 0.361383 0.361415 0.361442 0.361468 0.361474 0.361486 0.000000 0.000000
0.000000 0.000000 0.366122 0.366113 0.366099 0.366080 0.366048 0.366006 0.366008 0.365999 0.365997 0.365995 0.365996 0.365995 0.366036 0.366069 0.366089 0.366100 0.366110 0.000000 0.000000
0.000000 0.000000 0.370968 0.370959 0.370951 0.370933 0.370888 0.370851 0.370851 0.370846 0.370840 0.370843 0.370848 0.370846 0.370881 0.370918 0.370941 0.370949 0.370956 0.000000 0.000000
0.000000 0.000000 0.376165 0.376158 0.376150 0.376111 0.376080 0.376037 0.376046 0.376023 0.376025 0.376024 0.376016 0.376031 0.376062 0.376086 0.376115 0.376131 0.376150 0.000000 0.000000
0.000000 0.000000 0.381885 0.381869 0.381851 0.381826 0.381791 0.381737 0.381734 0.381727 0.381739 0.381721 0.381726 0.381730 0.381785 0.381813 0.381833 0.381845 0.381893 0.000000 0.000000
0.000000 0.000000 0.388012 0.387995 0.387988 0.387953 0.387923 0.387788 0.387786 0.387777 0.387742 0.387759 0.387767 0.387780 0.387884 0.387912 0.387963 0.387970 0.387995 0.000000 0.000000
0.000000 0.000000 0.395096 0.395090 0.395062 0.395037 0.394874 0.394878 0.394843 0.394843 0.394850 0.394842 0.394838 0.394831 0.394823 0.394992 0.395023 0.395068 0.395102 0.000000 0.000000
0.000000 0.000000 0.403356 0.403340 0.403305 0.403102 0.403107 0.403006 0.402957 0.402946 0.402913 0.402887 0.402909 0.402904 0.403002 0.403011 0.403278 0.403242 0.403250 0.000000 0.000000
0.000000 0.000000 0.412406 0.412390 0.412102 0.412159 0.412139 0.412103 0.412203 0.412168 0.412220 0.412196 0.412152 0.412223 0.412239 0.412254 0.412074 0.412480 0.412475 0.000000 0.000000
0.000000 0.000000 0.423593 0.423138 0.423194 0.423032 0.422804 0.422737 0.422628 0.422652 0.422524 0.422533 0.422603 0.422538 0.422651 0.422819 0.423174 0.422985 0.423452 0.000000 0.000000
0.000000 0.000000 0.428515 0.428893 0.429296 0.429279 0.429272 0.428889 0.428937 0.428830 0.428992 0.428957 0.428939 0.428992 0.429319 0.429323 0.429367 0.429033 0.428665 0.000000 0.000000
0.000000 0.000000 0.350000 0.350000 0.350000 0.350000 0.350000 0.350000 0.350000 0.350000 0.350000 0.350000 0.350000 0.350000 0.350000 0.350000 0.350000 0.350000 0.350000 0.000000 0.000000
0.000000 0.000000 0.000000 0.000000 0.000000 0.000000 0.000000 0.000000 0.000000 0.000000 0.000000 0.000000 0.000000 0.000000 0.000000 0.000000 0.000000 0.000000 0.000000 0.000000 0.000000