geotop/1.0zi/1.0Montebello/Templates/testdem/maps/_Eocsilt0535.asc
ncols         21
nrows         20
xllcorner     100.000000
yllcorner     100.000000
cellsize      50.000000
NODATA_value  -9999.0
0.000000 0.000000 0.000000 0.000000 0.000000 0.000000 0.000000 0.000000 0.000000 0.000000 0.000000 0.000000 0.000000 0.000000 0.000000 0.000000 0.000000 0.000000 0.000000 0.000000 0.000000
0.000000 0.000000 0.350010 0.350010 0.350010 0.350010 0.350010 0.350010 0.350010 0.350010 0.350010 0.350010 0.350010 0.350010 0.350010 0.350010 0.350010 0.350010 0.350010 0.000000 0.000000
0.000000 0.000000 0.349998 0.349997 0.349997 0.349997 0.349998 0.349998 0.349998 0.349998 0.349998 0.349998 0.349998 0.349998 0.349998 0.349997 0.349997 0.349997 0.349998 0.000000 0.000000
0.000000 0.000000 0.350282 0.350282 0.350280 0.350282 0.350282 0.350282 0.350283 0.350282 0.350282 0.350282 0.350283 0.350282 0.350282 0.350282 0.350280 0.350282 0.350282 0.000000 0.000000
0.000000 0.000000 0.351164 0.351164 0.351161 0.351163 0.351164 0.351164 0.351164 0.351164 0.351164 0.351164 0.351164 0.351164 0.351164 0.351163 0.351161 0.351164 0.351164 0.000000 0.000000
0.000000 0.000000 0.352113 0.352113 0.352111 0.352113 0.352113 0.352113 0.352113 0.352113 0.352113 0.352113 0.352113 0.352113 0.352113 0.352113 0.352111 0.352113 0.352113 0.000000 0.000000
0.000000 0.000000 0.352974 0.352974 0.352973 0.352974 0.352974 0.352974 0.352974 0.352974 0.352974 0.352974 0.352974 0.352974 0.352974 0.352974 0.352973 0.352974 0.352974 0.000000 0.000000
0.000000 0.000000 0.353773 0.353773 0.353771 0.353772 0.353773 0.353773 0.353773 0.353773 0.353773 0.353773 0.353773 0.353773 0.353773 0.353772 0.353771 0.353773 0.353773 0.000000 0.000000
0.000000 0.000000 0.354527 0.354527 0.354525 0.354527 0.354527 0.354527 0.354527 0.354527 0.354527 0.354527 0.354527 0.354527 0.354527 0.354527 0.354525 0.354527 0.354527 0.000000 0.000000
0.000000 0.000000 0.355254 0.355254 0.355253 0.355254 0.355254 0.355254 0.355254 0.355254 0.355254 0.355254 0.355254 0.355254 0.355254 0.355254 0.355253 0.355254 0.355254 0.000000 0.000000
0.000000 0.000000 0.355961 0.355961 0.355960 0.355961 0.355962 0.355962 0.355962 0.355962 0.355962 0.355962 0.355962 0.355962 0.355962 0.355961 0.355960 0.355961 0.355961 0.000000 0.000000
0.000000 0.000000 0.356655 0.356655 0.356654 0.356655 0.356655 0.356655 0.356655 0.356655 0.356655 0.356655 0.356655 0.356655 0.356655 0.356655 0.356654 0.356655 0.356655 0.000000 0.000000
0.000000 0.000000 0.357336 0.357336 0.357335 0.357336 0.357336 0.357336 0.357336 0.357336 0.357336 0.357336 0.357336 0.357336 0.357336 0.357336 0.357335 0.357336 0.357336 0.000000 0.000000
0.000000 0.000000 0.358007 0.358007 0.358005 0.358007 0.358007 0.358007 0.358007 0.358007 0.358007 0.358007 0.358007 0.358007 0.358007 0.358007 0.358005 0.358007 0.358007 0.000000 0.000000
0.000000 0.000000 0.358670 0.358670 0.358669 0.358670 0.358670 0.358670 0.358670 0.358670 0.358670 0.358670 0.358670 0.358670 0.358670 0.358670 0.358669 0.358670 0.358670 0.000000 0.000000
0.000000 0.000000 0.359331 0.359331 0.359330 0.359331 0.359331 0.359331 0.359331 0.359331 0.359331 0.359331 0.359331 0.359331 0.359331 0.359331 0.359330 0.359331 0.359331 0.000000 0.000000
0.000000 0.000000 0.359984 0.359984 0.359983 0.359984 0.359984 0.359984 0.359984 0.359984 0.359984 0.359984 0.359984 0.359984 0.359984 0.359984 0.359983 0.359984 0.359984 0.000000 0.000000
0.000000 0.000000 0.360648 0.360649 0.360647 0.360649 0.360649 0.360649 0.360649 0.360649 0.360649 0.360649 0.360649 0.360649 0.360649 0.360649 0.360647 0.360649 0.360649 0.000000 0.000000
0.000000 0.000000 0.350000 0.350000 0.350000 0.350000 0.350000 0.350000 0.350000 0.350000 0.350000 0.350000 0.350000 0.350000 0.350000 0.350000 0.350000 0.350000 0.350000 0.000000 0.000000
0.000000 0.000000 0.000000 0.000000 0.000000 0.000000 0.000000 0.000000 0.000000 0.000000 0.000000 0.000000 0.000000 0.000000 0.000000 0.000000 0.000000 0.000000 0.000000 0.000000 0.000000