geotop/1.0zi/1.0Montebello/Templates/testdem/maps/_Eocsilt7790.asc
ncols         21
nrows         20
xllcorner     100.000000
yllcorner     100.000000
cellsize      50.000000
NODATA_value  -9999.0
0.000000 0.000000 0.000000 0.000000 0.000000 0.000000 0.000000 0.000000 0.000000 0.000000 0.000000 0.000000 0.000000 0.000000 0.000000 0.000000 0.000000 0.000000 0.000000 0.000000 0.000000
0.000000 0.000000 0.350161 0.350161 0.350162 0.350162 0.350161 0.350162 0.350162 0.350161 0.350162 0.350161 0.350161 0.350161 0.350161 0.350161 0.350162 0.350162 0.350161 0.000000 0.000000
0.000000 0.000000 0.350005 0.350005 0.350004 0.350004 0.350005 0.350005 0.350005 0.350005 0.350005 0.350005 0.350006 0.350006 0.350005 0.350004 0.350003 0.350003 0.350004 0.000000 0.000000
0.000000 0.000000 0.350103 0.350099 0.350098 0.350091 0.350092 0.350087 0.350090 0.350090 0.350087 0.350089 0.350089 0.350089 0.350092 0.350095 0.350099 0.350099 0.350100 0.000000 0.000000
0.000000 0.000000 0.350987 0.350993 0.350988 0.350977 0.350972 0.350964 0.350961 0.350959 0.350959 0.350959 0.350960 0.350962 0.350976 0.350980 0.350983 0.350993 0.350995 0.000000 0.000000
0.000000 0.000000 0.353515 0.353515 0.353505 0.353490 0.353471 0.353449 0.353448 0.353442 0.353446 0.353447 0.353448 0.353447 0.353459 0.353471 0.353483 0.353492 0.353497 0.000000 0.000000
0.000000 0.000000 0.357148 0.357143 0.357132 0.357106 0.357075 0.357042 0.357043 0.357039 0.357040 0.357038 0.357035 0.357040 0.357069 0.357095 0.357112 0.357127 0.357134 0.000000 0.000000
0.000000 0.000000 0.361460 0.361458 0.361452 0.361424 0.361395 0.361358 0.361358 0.361353 0.361352 0.361349 0.361347 0.361354 0.361386 0.361413 0.361438 0.361445 0.361457 0.000000 0.000000
0.000000 0.000000 0.366079 0.366069 0.366055 0.366037 0.366005 0.365964 0.365965 0.365956 0.365954 0.365952 0.365953 0.365952 0.365993 0.366026 0.366046 0.366057 0.366067 0.000000 0.000000
0.000000 0.000000 0.370909 0.370900 0.370892 0.370875 0.370830 0.370793 0.370794 0.370789 0.370783 0.370786 0.370791 0.370789 0.370823 0.370860 0.370883 0.370891 0.370898 0.000000 0.000000
0.000000 0.000000 0.376089 0.376082 0.376074 0.376036 0.376005 0.375962 0.375971 0.375948 0.375951 0.375950 0.375941 0.375957 0.375987 0.376011 0.376039 0.376055 0.376075 0.000000 0.000000
0.000000 0.000000 0.381788 0.381772 0.381754 0.381729 0.381695 0.381641 0.381638 0.381631 0.381643 0.381625 0.381630 0.381634 0.381690 0.381717 0.381737 0.381749 0.381797 0.000000 0.000000
0.000000 0.000000 0.387890 0.387874 0.387867 0.387833 0.387803 0.387668 0.387666 0.387658 0.387623 0.387640 0.387648 0.387661 0.387764 0.387792 0.387843 0.387849 0.387875 0.000000 0.000000
0.000000 0.000000 0.394944 0.394937 0.394910 0.394885 0.394723 0.394727 0.394693 0.394693 0.394700 0.394691 0.394687 0.394681 0.394673 0.394841 0.394871 0.394916 0.394950 0.000000 0.000000
0.000000 0.000000 0.403164 0.403149 0.403114 0.402913 0.402917 0.402817 0.402769 0.402758 0.402725 0.402699 0.402721 0.402716 0.402813 0.402822 0.403087 0.403052 0.403060 0.000000 0.000000
0.000000 0.000000 0.412170 0.412155 0.411869 0.411925 0.411907 0.411871 0.411970 0.411935 0.411986 0.411963 0.411919 0.411990 0.412005 0.412020 0.411842 0.412245 0.412239 0.000000 0.000000
0.000000 0.000000 0.423303 0.422852 0.422907 0.422747 0.422522 0.422456 0.422348 0.422372 0.422245 0.422253 0.422323 0.422259 0.422370 0.422537 0.422888 0.422701 0.423165 0.000000 0.000000
0.000000 0.000000 0.428230 0.428605 0.429007 0.428991 0.428984 0.428603 0.428651 0.428544 0.428705 0.428670 0.428653 0.428705 0.429030 0.429034 0.429078 0.428744 0.428379 0.000000 0.000000
0.000000 0.000000 0.350000 0.350000 0.350000 0.350000 0.350000 0.350000 0.350000 0.350000 0.350000 0.350000 0.350000 0.350000 0.350000 0.350000 0.350000 0.350000 0.350000 0.000000 0.000000
0.000000 0.000000 0.000000 0.000000 0.000000 0.000000 0.000000 0.000000 0.000000 0.000000 0.000000 0.000000 0.000000 0.000000 0.000000 0.000000 0.000000 0.000000 0.000000 0.000000 0.000000