geotop/1.0zi/1.0Montebello/Templates/testdem/maps/_Eocsand3863.asc
ncols         21
nrows         20
xllcorner     100.000000
yllcorner     100.000000
cellsize      50.000000
NODATA_value  -9999.0
0.000000 0.000000 0.000000 0.000000 0.000000 0.000000 0.000000 0.000000 0.000000 0.000000 0.000000 0.000000 0.000000 0.000000 0.000000 0.000000 0.000000 0.000000 0.000000 0.000000 0.000000
0.000000 0.000000 0.300098 0.300097 0.300097 0.300097 0.300097 0.300097 0.300097 0.300097 0.300097 0.300097 0.300097 0.300097 0.300097 0.300097 0.300097 0.300097 0.300098 0.000000 0.000000
0.000000 0.000000 0.300005 0.300004 0.300004 0.300004 0.300004 0.300003 0.300003 0.300003 0.300004 0.300004 0.300003 0.300003 0.300004 0.300004 0.300006 0.300006 0.300005 0.000000 0.000000
0.000000 0.000000 0.299972 0.299973 0.299974 0.299976 0.299973 0.299975 0.299973 0.299974 0.299973 0.299975 0.299975 0.299977 0.299976 0.299972 0.299972 0.299971 0.299972 0.000000 0.000000
0.000000 0.000000 0.299290 0.299283 0.299288 0.299289 0.299297 0.299303 0.299304 0.299308 0.299307 0.299305 0.299305 0.299305 0.299297 0.299299 0.299298 0.299294 0.299289 0.000000 0.000000
0.000000 0.000000 0.297107 0.297104 0.297113 0.297127 0.297139 0.297161 0.297162 0.297171 0.297163 0.297162 0.297158 0.297155 0.297150 0.297138 0.297132 0.297129 0.297124 0.000000 0.000000
0.000000 0.000000 0.293924 0.293925 0.293933 0.293960 0.293992 0.294029 0.294029 0.294036 0.294029 0.294029 0.294027 0.294017 0.293984 0.293956 0.293948 0.293943 0.293933 0.000000 0.000000
0.000000 0.000000 0.290336 0.290338 0.290348 0.290381 0.290418 0.290456 0.290454 0.290460 0.290458 0.290459 0.290457 0.290447 0.290405 0.290375 0.290361 0.290358 0.290349 0.000000 0.000000
0.000000 0.000000 0.286745 0.286750 0.286766 0.286792 0.286827 0.286871 0.286869 0.286877 0.286875 0.286873 0.286871 0.286859 0.286820 0.286786 0.286776 0.286771 0.286758 0.000000 0.000000
0.000000 0.000000 0.283181 0.283187 0.283199 0.283226 0.283268 0.283307 0.283303 0.283309 0.283308 0.283307 0.283305 0.283296 0.283253 0.283219 0.283209 0.283205 0.283195 0.000000 0.000000
0.000000 0.000000 0.279593 0.279599 0.279612 0.279634 0.279667 0.279714 0.279710 0.279720 0.279719 0.279716 0.279714 0.279705 0.279667 0.279643 0.279628 0.279623 0.279611 0.000000 0.000000
0.000000 0.000000 0.275907 0.275912 0.275928 0.275958 0.275993 0.276038 0.276040 0.276046 0.276044 0.276045 0.276041 0.276032 0.275985 0.275956 0.275943 0.275939 0.275897 0.000000 0.000000
0.000000 0.000000 0.272200 0.272206 0.272222 0.272248 0.272288 0.272371 0.272371 0.272379 0.272379 0.272377 0.272375 0.272363 0.272288 0.272253 0.272241 0.272236 0.272209 0.000000 0.000000
0.000000 0.000000 0.268308 0.268320 0.268333 0.268359 0.268446 0.268474 0.268487 0.268494 0.268492 0.268491 0.268489 0.268479 0.268446 0.268369 0.268356 0.268342 0.268327 0.000000 0.000000
0.000000 0.000000 0.264147 0.264157 0.264186 0.264257 0.264307 0.264360 0.264387 0.264396 0.264406 0.264407 0.264396 0.264394 0.264348 0.264291 0.264214 0.264219 0.264206 0.000000 0.000000
0.000000 0.000000 0.259891 0.259901 0.259985 0.260008 0.260044 0.260076 0.260083 0.260086 0.260082 0.260083 0.260086 0.260062 0.260039 0.260013 0.260012 0.259934 0.259912 0.000000 0.000000
0.000000 0.000000 0.255212 0.255307 0.255385 0.255422 0.255487 0.255521 0.255530 0.255535 0.255545 0.255544 0.255536 0.255532 0.255503 0.255440 0.255406 0.255362 0.255265 0.000000 0.000000
0.000000 0.000000 0.251490 0.251519 0.251470 0.251517 0.251579 0.251682 0.251693 0.251704 0.251701 0.251701 0.251699 0.251682 0.251587 0.251529 0.251471 0.251557 0.251510 0.000000 0.000000
0.000000 0.000000 0.300000 0.300000 0.300000 0.300000 0.300000 0.300000 0.300000 0.300000 0.300000 0.300000 0.300000 0.300000 0.300000 0.300000 0.300000 0.300000 0.300000 0.000000 0.000000
0.000000 0.000000 0.000000 0.000000 0.000000 0.000000 0.000000 0.000000 0.000000 0.000000 0.000000 0.000000 0.000000 0.000000 0.000000 0.000000 0.000000 0.000000 0.000000 0.000000 0.000000