geotop/1.0zi/1.0Montebello/Templates/testdem/maps/_Eocclay3291.asc
ncols         21
nrows         20
xllcorner     100.000000
yllcorner     100.000000
cellsize      50.000000
NODATA_value  -9999.0
0.000000 0.000000 0.000000 0.000000 0.000000 0.000000 0.000000 0.000000 0.000000 0.000000 0.000000 0.000000 0.000000 0.000000 0.000000 0.000000 0.000000 0.000000 0.000000 0.000000 0.000000
0.000000 0.000000 0.349821 0.349821 0.349821 0.349821 0.349821 0.349821 0.349821 0.349821 0.349820 0.349821 0.349821 0.349821 0.349821 0.349821 0.349821 0.349821 0.349821 0.000000 0.000000
0.000000 0.000000 0.349995 0.349995 0.349995 0.349995 0.349995 0.349995 0.349995 0.349995 0.349996 0.349995 0.349995 0.349995 0.349995 0.349995 0.349995 0.349995 0.349995 0.000000 0.000000
0.000000 0.000000 0.351258 0.351257 0.351255 0.351256 0.351257 0.351257 0.351257 0.351257 0.351257 0.351257 0.351257 0.351257 0.351257 0.351256 0.351255 0.351257 0.351258 0.000000 0.000000
0.000000 0.000000 0.356326 0.356325 0.356323 0.356323 0.356327 0.356326 0.356326 0.356327 0.356327 0.356327 0.356326 0.356326 0.356327 0.356323 0.356323 0.356325 0.356326 0.000000 0.000000
0.000000 0.000000 0.361938 0.361937 0.361936 0.361936 0.361939 0.361938 0.361938 0.361939 0.361939 0.361939 0.361938 0.361938 0.361939 0.361936 0.361936 0.361937 0.361938 0.000000 0.000000
0.000000 0.000000 0.367193 0.367193 0.367191 0.367192 0.367194 0.367193 0.367193 0.367194 0.367194 0.367194 0.367193 0.367193 0.367194 0.367192 0.367191 0.367193 0.367193 0.000000 0.000000
0.000000 0.000000 0.371977 0.371976 0.371975 0.371975 0.371977 0.371976 0.371976 0.371977 0.371978 0.371977 0.371976 0.371976 0.371977 0.371975 0.371975 0.371976 0.371977 0.000000 0.000000
0.000000 0.000000 0.376401 0.376401 0.376399 0.376400 0.376401 0.376401 0.376401 0.376401 0.376402 0.376401 0.376401 0.376401 0.376401 0.376400 0.376399 0.376401 0.376401 0.000000 0.000000
0.000000 0.000000 0.380570 0.380569 0.380568 0.380568 0.380570 0.380569 0.380569 0.380570 0.380570 0.380570 0.380569 0.380569 0.380570 0.380568 0.380568 0.380569 0.380570 0.000000 0.000000
0.000000 0.000000 0.384534 0.384533 0.384532 0.384533 0.384534 0.384533 0.384534 0.384534 0.384535 0.384534 0.384534 0.384533 0.384534 0.384533 0.384532 0.384533 0.384534 0.000000 0.000000
0.000000 0.000000 0.388331 0.388331 0.388330 0.388330 0.388331 0.388331 0.388331 0.388331 0.388332 0.388331 0.388331 0.388331 0.388331 0.388330 0.388330 0.388331 0.388331 0.000000 0.000000
0.000000 0.000000 0.391988 0.391988 0.391987 0.391987 0.391988 0.391988 0.391988 0.391988 0.391989 0.391988 0.391988 0.391988 0.391988 0.391987 0.391987 0.391988 0.391988 0.000000 0.000000
0.000000 0.000000 0.395534 0.395534 0.395533 0.395533 0.395535 0.395534 0.395534 0.395535 0.395535 0.395535 0.395534 0.395534 0.395535 0.395533 0.395533 0.395534 0.395534 0.000000 0.000000
0.000000 0.000000 0.398979 0.398979 0.398978 0.398979 0.398980 0.398979 0.398979 0.398980 0.398980 0.398980 0.398979 0.398979 0.398980 0.398979 0.398978 0.398979 0.398979 0.000000 0.000000
0.000000 0.000000 0.402329 0.402329 0.402328 0.402329 0.402330 0.402329 0.402329 0.402330 0.402330 0.402330 0.402329 0.402329 0.402330 0.402329 0.402328 0.402329 0.402329 0.000000 0.000000
0.000000 0.000000 0.405594 0.405594 0.405593 0.405593 0.405595 0.405594 0.405594 0.405595 0.405595 0.405595 0.405594 0.405594 0.405595 0.405593 0.405593 0.405594 0.405594 0.000000 0.000000
0.000000 0.000000 0.408835 0.408836 0.408835 0.408835 0.408836 0.408836 0.408836 0.408836 0.408837 0.408836 0.408836 0.408836 0.408836 0.408835 0.408835 0.408836 0.408836 0.000000 0.000000
0.000000 0.000000 0.350000 0.350000 0.350000 0.350000 0.350000 0.350000 0.350000 0.350000 0.350000 0.350000 0.350000 0.350000 0.350000 0.350000 0.350000 0.350000 0.350000 0.000000 0.000000
0.000000 0.000000 0.000000 0.000000 0.000000 0.000000 0.000000 0.000000 0.000000 0.000000 0.000000 0.000000 0.000000 0.000000 0.000000 0.000000 0.000000 0.000000 0.000000 0.000000 0.000000