geotop/1.0zi/1.0Montebello/Templates/testdem/maps/_Eocsilt0826.asc
ncols         21
nrows         20
xllcorner     100.000000
yllcorner     100.000000
cellsize      50.000000
NODATA_value  -9999.0
0.000000 0.000000 0.000000 0.000000 0.000000 0.000000 0.000000 0.000000 0.000000 0.000000 0.000000 0.000000 0.000000 0.000000 0.000000 0.000000 0.000000 0.000000 0.000000 0.000000 0.000000
0.000000 0.000000 0.350015 0.350015 0.350015 0.350015 0.350015 0.350015 0.350015 0.350015 0.350015 0.350015 0.350015 0.350015 0.350015 0.350015 0.350015 0.350015 0.350015 0.000000 0.000000
0.000000 0.000000 0.350000 0.350000 0.350000 0.350000 0.350000 0.350000 0.350000 0.350000 0.350000 0.350000 0.350000 0.350000 0.350000 0.350000 0.350000 0.350000 0.350000 0.000000 0.000000
0.000000 0.000000 0.350331 0.350330 0.350328 0.350329 0.350331 0.350331 0.350331 0.350331 0.350331 0.350331 0.350331 0.350331 0.350331 0.350329 0.350328 0.350330 0.350331 0.000000 0.000000
0.000000 0.000000 0.351436 0.351435 0.351433 0.351433 0.351436 0.351436 0.351436 0.351436 0.351436 0.351436 0.351436 0.351436 0.351436 0.351433 0.351433 0.351435 0.351436 0.000000 0.000000
0.000000 0.000000 0.352782 0.352782 0.352780 0.352780 0.352782 0.352782 0.352782 0.352782 0.352782 0.352782 0.352782 0.352782 0.352782 0.352780 0.352780 0.352782 0.352782 0.000000 0.000000
0.000000 0.000000 0.354035 0.354034 0.354033 0.354033 0.354035 0.354035 0.354035 0.354035 0.354035 0.354035 0.354035 0.354035 0.354035 0.354033 0.354033 0.354034 0.354035 0.000000 0.000000
0.000000 0.000000 0.355197 0.355197 0.355196 0.355196 0.355197 0.355197 0.355197 0.355198 0.355198 0.355198 0.355197 0.355197 0.355197 0.355196 0.355196 0.355197 0.355197 0.000000 0.000000
0.000000 0.000000 0.356296 0.356295 0.356294 0.356294 0.356296 0.356296 0.356296 0.356296 0.356296 0.356296 0.356296 0.356296 0.356296 0.356294 0.356294 0.356295 0.356296 0.000000 0.000000
0.000000 0.000000 0.357353 0.357353 0.357352 0.357352 0.357353 0.357353 0.357353 0.357353 0.357353 0.357353 0.357353 0.357353 0.357353 0.357352 0.357352 0.357353 0.357353 0.000000 0.000000
0.000000 0.000000 0.358380 0.358380 0.358379 0.358379 0.358380 0.358380 0.358380 0.358380 0.358380 0.358380 0.358380 0.358380 0.358380 0.358379 0.358379 0.358380 0.358380 0.000000 0.000000
0.000000 0.000000 0.359387 0.359387 0.359385 0.359386 0.359387 0.359387 0.359387 0.359387 0.359387 0.359387 0.359387 0.359387 0.359387 0.359386 0.359385 0.359387 0.359387 0.000000 0.000000
0.000000 0.000000 0.360377 0.360377 0.360375 0.360376 0.360377 0.360377 0.360377 0.360377 0.360377 0.360377 0.360377 0.360377 0.360377 0.360376 0.360375 0.360377 0.360377 0.000000 0.000000
0.000000 0.000000 0.361353 0.361353 0.361351 0.361352 0.361353 0.361353 0.361353 0.361353 0.361353 0.361353 0.361353 0.361353 0.361353 0.361352 0.361351 0.361353 0.361353 0.000000 0.000000
0.000000 0.000000 0.362320 0.362320 0.362319 0.362319 0.362320 0.362320 0.362320 0.362320 0.362320 0.362320 0.362320 0.362320 0.362320 0.362319 0.362319 0.362320 0.362320 0.000000 0.000000
0.000000 0.000000 0.363282 0.363281 0.363280 0.363280 0.363282 0.363282 0.363282 0.363282 0.363282 0.363282 0.363282 0.363282 0.363282 0.363280 0.363280 0.363281 0.363282 0.000000 0.000000
0.000000 0.000000 0.364235 0.364235 0.364233 0.364234 0.364235 0.364235 0.364235 0.364235 0.364235 0.364235 0.364235 0.364235 0.364235 0.364234 0.364233 0.364235 0.364235 0.000000 0.000000
0.000000 0.000000 0.365197 0.365197 0.365196 0.365196 0.365197 0.365197 0.365197 0.365197 0.365197 0.365197 0.365197 0.365197 0.365197 0.365196 0.365196 0.365197 0.365197 0.000000 0.000000
0.000000 0.000000 0.350000 0.350000 0.350000 0.350000 0.350000 0.350000 0.350000 0.350000 0.350000 0.350000 0.350000 0.350000 0.350000 0.350000 0.350000 0.350000 0.350000 0.000000 0.000000
0.000000 0.000000 0.000000 0.000000 0.000000 0.000000 0.000000 0.000000 0.000000 0.000000 0.000000 0.000000 0.000000 0.000000 0.000000 0.000000 0.000000 0.000000 0.000000 0.000000 0.000000