geotop/1.0zi/1.0Montebello/Templates/testdem/maps/_Eocclay2907.asc
ncols         21
nrows         20
xllcorner     100.000000
yllcorner     100.000000
cellsize      50.000000
NODATA_value  -9999.0
0.000000 0.000000 0.000000 0.000000 0.000000 0.000000 0.000000 0.000000 0.000000 0.000000 0.000000 0.000000 0.000000 0.000000 0.000000 0.000000 0.000000 0.000000 0.000000 0.000000 0.000000
0.000000 0.000000 0.349841 0.349841 0.349841 0.349841 0.349841 0.349841 0.349841 0.349841 0.349841 0.349841 0.349841 0.349841 0.349841 0.349841 0.349841 0.349841 0.349841 0.000000 0.000000
0.000000 0.000000 0.349993 0.349993 0.349992 0.349993 0.349993 0.349993 0.349993 0.349993 0.349993 0.349993 0.349993 0.349993 0.349993 0.349993 0.349992 0.349993 0.349993 0.000000 0.000000
0.000000 0.000000 0.350979 0.350979 0.350977 0.350978 0.350979 0.350979 0.350979 0.350979 0.350979 0.350979 0.350979 0.350979 0.350979 0.350978 0.350977 0.350979 0.350979 0.000000 0.000000
0.000000 0.000000 0.355318 0.355317 0.355315 0.355315 0.355319 0.355318 0.355318 0.355319 0.355319 0.355319 0.355318 0.355318 0.355319 0.355315 0.355315 0.355317 0.355318 0.000000 0.000000
0.000000 0.000000 0.360250 0.360249 0.360248 0.360248 0.360251 0.360250 0.360250 0.360251 0.360251 0.360251 0.360250 0.360250 0.360251 0.360248 0.360248 0.360249 0.360250 0.000000 0.000000
0.000000 0.000000 0.364903 0.364902 0.364901 0.364901 0.364903 0.364902 0.364903 0.364903 0.364904 0.364903 0.364903 0.364902 0.364903 0.364901 0.364901 0.364902 0.364903 0.000000 0.000000
0.000000 0.000000 0.369154 0.369153 0.369152 0.369152 0.369154 0.369154 0.369154 0.369154 0.369155 0.369154 0.369154 0.369154 0.369154 0.369152 0.369152 0.369153 0.369154 0.000000 0.000000
0.000000 0.000000 0.373100 0.373099 0.373098 0.373098 0.373100 0.373099 0.373099 0.373100 0.373101 0.373100 0.373099 0.373099 0.373100 0.373098 0.373098 0.373099 0.373100 0.000000 0.000000
0.000000 0.000000 0.376832 0.376832 0.376831 0.376831 0.376832 0.376832 0.376832 0.376833 0.376833 0.376833 0.376832 0.376832 0.376832 0.376831 0.376831 0.376832 0.376832 0.000000 0.000000
0.000000 0.000000 0.380395 0.380395 0.380394 0.380394 0.380395 0.380395 0.380395 0.380396 0.380396 0.380396 0.380395 0.380395 0.380395 0.380394 0.380394 0.380395 0.380395 0.000000 0.000000
0.000000 0.000000 0.383823 0.383823 0.383822 0.383822 0.383824 0.383823 0.383823 0.383824 0.383824 0.383824 0.383823 0.383823 0.383824 0.383822 0.383822 0.383823 0.383823 0.000000 0.000000
0.000000 0.000000 0.387142 0.387142 0.387141 0.387141 0.387142 0.387142 0.387142 0.387143 0.387143 0.387143 0.387142 0.387142 0.387142 0.387141 0.387141 0.387142 0.387142 0.000000 0.000000
0.000000 0.000000 0.390373 0.390373 0.390372 0.390372 0.390373 0.390373 0.390373 0.390374 0.390374 0.390374 0.390373 0.390373 0.390373 0.390372 0.390372 0.390373 0.390373 0.000000 0.000000
0.000000 0.000000 0.393526 0.393525 0.393524 0.393525 0.393526 0.393526 0.393526 0.393526 0.393526 0.393526 0.393526 0.393526 0.393526 0.393525 0.393524 0.393525 0.393526 0.000000 0.000000
0.000000 0.000000 0.396605 0.396605 0.396604 0.396605 0.396606 0.396605 0.396605 0.396606 0.396606 0.396606 0.396605 0.396605 0.396606 0.396605 0.396604 0.396605 0.396605 0.000000 0.000000
0.000000 0.000000 0.399616 0.399616 0.399615 0.399615 0.399616 0.399616 0.399616 0.399617 0.399617 0.399617 0.399616 0.399616 0.399616 0.399615 0.399615 0.399616 0.399616 0.000000 0.000000
0.000000 0.000000 0.402610 0.402610 0.402609 0.402609 0.402610 0.402610 0.402610 0.402611 0.402611 0.402611 0.402610 0.402610 0.402610 0.402609 0.402609 0.402610 0.402610 0.000000 0.000000
0.000000 0.000000 0.350000 0.350000 0.350000 0.350000 0.350000 0.350000 0.350000 0.350000 0.350000 0.350000 0.350000 0.350000 0.350000 0.350000 0.350000 0.350000 0.350000 0.000000 0.000000
0.000000 0.000000 0.000000 0.000000 0.000000 0.000000 0.000000 0.000000 0.000000 0.000000 0.000000 0.000000 0.000000 0.000000 0.000000 0.000000 0.000000 0.000000 0.000000 0.000000 0.000000