geotop/1.0zi/1.0Montebello/Templates/testdem/maps/_Eocsand5485.asc
ncols         21
nrows         20
xllcorner     100.000000
yllcorner     100.000000
cellsize      50.000000
NODATA_value  -9999.0
0.000000 0.000000 0.000000 0.000000 0.000000 0.000000 0.000000 0.000000 0.000000 0.000000 0.000000 0.000000 0.000000 0.000000 0.000000 0.000000 0.000000 0.000000 0.000000 0.000000 0.000000
0.000000 0.000000 0.300137 0.300137 0.300137 0.300136 0.300136 0.300136 0.300137 0.300137 0.300137 0.300137 0.300137 0.300137 0.300137 0.300137 0.300137 0.300137 0.300137 0.000000 0.000000
0.000000 0.000000 0.300008 0.300008 0.300008 0.300007 0.300007 0.300008 0.300007 0.300007 0.300007 0.300008 0.300007 0.300007 0.300007 0.300008 0.300009 0.300009 0.300009 0.000000 0.000000
0.000000 0.000000 0.299976 0.299974 0.299977 0.299981 0.299978 0.299980 0.299978 0.299978 0.299978 0.299980 0.299980 0.299981 0.299978 0.299973 0.299975 0.299972 0.299974 0.000000 0.000000
0.000000 0.000000 0.299138 0.299135 0.299136 0.299145 0.299158 0.299167 0.299167 0.299166 0.299171 0.299167 0.299172 0.299171 0.299161 0.299160 0.299156 0.299144 0.299137 0.000000 0.000000
0.000000 0.000000 0.296270 0.296265 0.296274 0.296305 0.296320 0.296354 0.296356 0.296363 0.296356 0.296353 0.296349 0.296353 0.296345 0.296329 0.296315 0.296299 0.296290 0.000000 0.000000
0.000000 0.000000 0.291921 0.291925 0.291930 0.291963 0.292003 0.292051 0.292050 0.292055 0.292051 0.292049 0.292052 0.292051 0.292019 0.291983 0.291967 0.291949 0.291936 0.000000 0.000000
0.000000 0.000000 0.286630 0.286630 0.286630 0.286665 0.286704 0.286756 0.286755 0.286760 0.286759 0.286759 0.286764 0.286758 0.286721 0.286687 0.286658 0.286650 0.286632 0.000000 0.000000
0.000000 0.000000 0.281187 0.281195 0.281206 0.281226 0.281264 0.281320 0.281317 0.281326 0.281331 0.281327 0.281328 0.281333 0.281285 0.281248 0.281222 0.281214 0.281198 0.000000 0.000000
0.000000 0.000000 0.275724 0.275734 0.275736 0.275750 0.275805 0.275854 0.275850 0.275856 0.275863 0.275855 0.275850 0.275857 0.275819 0.275776 0.275750 0.275745 0.275734 0.000000 0.000000
0.000000 0.000000 0.270108 0.270113 0.270112 0.270151 0.270188 0.270242 0.270230 0.270255 0.270255 0.270251 0.270259 0.270246 0.270217 0.270190 0.270161 0.270144 0.270121 0.000000 0.000000
0.000000 0.000000 0.264237 0.264250 0.264263 0.264290 0.264322 0.264386 0.264383 0.264398 0.264382 0.264397 0.264395 0.264391 0.264337 0.264313 0.264292 0.264284 0.264223 0.000000 0.000000
0.000000 0.000000 0.258235 0.258247 0.258250 0.258280 0.258309 0.258436 0.258435 0.258446 0.258472 0.258457 0.258449 0.258440 0.258351 0.258328 0.258284 0.258279 0.258235 0.000000 0.000000
0.000000 0.000000 0.251757 0.251765 0.251778 0.251798 0.251917 0.251951 0.251979 0.251980 0.251991 0.251984 0.251984 0.251990 0.251976 0.251860 0.251820 0.251790 0.251746 0.000000 0.000000
0.000000 0.000000 0.244661 0.244671 0.244695 0.244815 0.244857 0.244930 0.244979 0.244985 0.245009 0.245021 0.245008 0.245020 0.244970 0.244910 0.244735 0.244748 0.244720 0.000000 0.000000
0.000000 0.000000 0.237189 0.237198 0.237352 0.237384 0.237393 0.237441 0.237413 0.237432 0.237420 0.237437 0.237456 0.237427 0.237401 0.237385 0.237388 0.237190 0.237183 0.000000 0.000000
0.000000 0.000000 0.228707 0.228916 0.228996 0.229057 0.229156 0.229209 0.229224 0.229228 0.229273 0.229280 0.229263 0.229271 0.229216 0.229142 0.229024 0.228965 0.228755 0.000000 0.000000
0.000000 0.000000 0.222386 0.222392 0.222209 0.222262 0.222347 0.222545 0.222550 0.222594 0.222569 0.222580 0.222567 0.222565 0.222386 0.222328 0.222189 0.222379 0.222360 0.000000 0.000000
0.000000 0.000000 0.300000 0.300000 0.300000 0.300000 0.300000 0.300000 0.300000 0.300000 0.300000 0.300000 0.300000 0.300000 0.300000 0.300000 0.300000 0.300000 0.300000 0.000000 0.000000
0.000000 0.000000 0.000000 0.000000 0.000000 0.000000 0.000000 0.000000 0.000000 0.000000 0.000000 0.000000 0.000000 0.000000 0.000000 0.000000 0.000000 0.000000 0.000000 0.000000 0.000000