geotop/1.0zi/1.0Montebello/Templates/testdem/maps/_Eocsilt9520.asc
ncols         21
nrows         20
xllcorner     100.000000
yllcorner     100.000000
cellsize      50.000000
NODATA_value  -9999.0
0.000000 0.000000 0.000000 0.000000 0.000000 0.000000 0.000000 0.000000 0.000000 0.000000 0.000000 0.000000 0.000000 0.000000 0.000000 0.000000 0.000000 0.000000 0.000000 0.000000 0.000000
0.000000 0.000000 0.350204 0.350204 0.350204 0.350204 0.350203 0.350203 0.350203 0.350203 0.350203 0.350203 0.350203 0.350203 0.350203 0.350203 0.350204 0.350204 0.350203 0.000000 0.000000
0.000000 0.000000 0.350008 0.350008 0.350008 0.350007 0.350008 0.350008 0.350008 0.350008 0.350008 0.350008 0.350009 0.350009 0.350008 0.350007 0.350006 0.350006 0.350007 0.000000 0.000000
0.000000 0.000000 0.350146 0.350143 0.350137 0.350132 0.350132 0.350126 0.350129 0.350130 0.350127 0.350131 0.350132 0.350131 0.350134 0.350138 0.350143 0.350144 0.350146 0.000000 0.000000
0.000000 0.000000 0.351425 0.351431 0.351420 0.351403 0.351393 0.351387 0.351390 0.351387 0.351388 0.351390 0.351395 0.351393 0.351407 0.351414 0.351418 0.351424 0.351427 0.000000 0.000000
0.000000 0.000000 0.354944 0.354939 0.354924 0.354903 0.354872 0.354848 0.354846 0.354840 0.354844 0.354845 0.354850 0.354848 0.354863 0.354885 0.354896 0.354903 0.354911 0.000000 0.000000
0.000000 0.000000 0.359910 0.359901 0.359884 0.359851 0.359810 0.359758 0.359763 0.359760 0.359759 0.359758 0.359757 0.359762 0.359802 0.359833 0.359853 0.359869 0.359876 0.000000 0.000000
0.000000 0.000000 0.365793 0.365783 0.365769 0.365733 0.365691 0.365644 0.365647 0.365641 0.365639 0.365636 0.365635 0.365644 0.365681 0.365718 0.365750 0.365755 0.365770 0.000000 0.000000
0.000000 0.000000 0.372254 0.372238 0.372217 0.372190 0.372141 0.372083 0.372090 0.372079 0.372074 0.372073 0.372076 0.372075 0.372130 0.372172 0.372197 0.372208 0.372222 0.000000 0.000000
0.000000 0.000000 0.379321 0.379303 0.379286 0.379256 0.379192 0.379138 0.379142 0.379135 0.379125 0.379131 0.379139 0.379137 0.379181 0.379235 0.379265 0.379276 0.379283 0.000000 0.000000
0.000000 0.000000 0.387272 0.387259 0.387245 0.387174 0.387133 0.387062 0.387081 0.387044 0.387050 0.387046 0.387034 0.387057 0.387105 0.387139 0.387180 0.387197 0.387230 0.000000 0.000000
0.000000 0.000000 0.396472 0.396440 0.396398 0.396366 0.396304 0.396217 0.396219 0.396215 0.396230 0.396198 0.396216 0.396215 0.396301 0.396351 0.396373 0.396387 0.396457 0.000000 0.000000
0.000000 0.000000 0.406764 0.406737 0.406729 0.406649 0.406599 0.406346 0.406349 0.406336 0.406256 0.406306 0.406315 0.406340 0.406527 0.406573 0.406663 0.406671 0.406692 0.000000 0.000000
0.000000 0.000000 0.419393 0.419385 0.419313 0.419269 0.418915 0.419018 0.418952 0.418954 0.419000 0.418958 0.418953 0.418922 0.418826 0.419206 0.419226 0.419317 0.419372 0.000000 0.000000
0.000000 0.000000 0.433930 0.433889 0.433820 0.433372 0.433528 0.433259 0.433193 0.433168 0.433073 0.433036 0.433091 0.433094 0.433341 0.433196 0.433785 0.433653 0.433638 0.000000 0.000000
0.000000 0.000000 0.447544 0.447521 0.446999 0.447257 0.447164 0.447178 0.447409 0.447348 0.447472 0.447451 0.447355 0.447481 0.447422 0.447502 0.446938 0.447731 0.447720 0.000000 0.000000
0.000000 0.000000 0.459748 0.459325 0.459443 0.459259 0.459039 0.458966 0.458831 0.458862 0.458720 0.458736 0.458819 0.458736 0.458855 0.459020 0.459416 0.459128 0.459569 0.000000 0.000000
0.000000 0.000000 0.464702 0.464742 0.464996 0.464910 0.464828 0.464605 0.464587 0.464542 0.464580 0.464567 0.464586 0.464584 0.464788 0.464849 0.465012 0.464729 0.464695 0.000000 0.000000
0.000000 0.000000 0.350000 0.350000 0.350000 0.350000 0.350000 0.350000 0.350000 0.350000 0.350000 0.350000 0.350000 0.350000 0.350000 0.350000 0.350000 0.350000 0.350000 0.000000 0.000000
0.000000 0.000000 0.000000 0.000000 0.000000 0.000000 0.000000 0.000000 0.000000 0.000000 0.000000 0.000000 0.000000 0.000000 0.000000 0.000000 0.000000 0.000000 0.000000 0.000000 0.000000