geotop/1.0zi/1.0Montebello/Templates/testdem/maps/_Eocsand6397.asc
ncols         21
nrows         20
xllcorner     100.000000
yllcorner     100.000000
cellsize      50.000000
NODATA_value  -9999.0
0.000000 0.000000 0.000000 0.000000 0.000000 0.000000 0.000000 0.000000 0.000000 0.000000 0.000000 0.000000 0.000000 0.000000 0.000000 0.000000 0.000000 0.000000 0.000000 0.000000 0.000000
0.000000 0.000000 0.300158 0.300156 0.300155 0.300156 0.300155 0.300155 0.300156 0.300156 0.300156 0.300156 0.300156 0.300156 0.300155 0.300155 0.300157 0.300157 0.300156 0.000000 0.000000
0.000000 0.000000 0.300009 0.300010 0.300009 0.300008 0.300009 0.300009 0.300009 0.300009 0.300009 0.300010 0.300008 0.300010 0.300009 0.300010 0.300010 0.300010 0.300011 0.000000 0.000000
0.000000 0.000000 0.299963 0.299962 0.299966 0.299971 0.299969 0.299970 0.299967 0.299970 0.299967 0.299970 0.299969 0.299970 0.299968 0.299963 0.299962 0.299960 0.299960 0.000000 0.000000
0.000000 0.000000 0.298778 0.298772 0.298778 0.298787 0.298804 0.298812 0.298813 0.298813 0.298818 0.298817 0.298820 0.298817 0.298805 0.298802 0.298795 0.298784 0.298773 0.000000 0.000000
0.000000 0.000000 0.295220 0.295216 0.295230 0.295268 0.295288 0.295325 0.295326 0.295335 0.295328 0.295324 0.295320 0.295323 0.295311 0.295288 0.295269 0.295253 0.295243 0.000000 0.000000
0.000000 0.000000 0.289923 0.289926 0.289939 0.289978 0.290026 0.290080 0.290080 0.290087 0.290084 0.290082 0.290085 0.290082 0.290038 0.289994 0.289971 0.289951 0.289936 0.000000 0.000000
0.000000 0.000000 0.283506 0.283506 0.283513 0.283556 0.283602 0.283662 0.283662 0.283668 0.283669 0.283670 0.283673 0.283664 0.283615 0.283573 0.283537 0.283528 0.283505 0.000000 0.000000
0.000000 0.000000 0.276823 0.276831 0.276851 0.276878 0.276924 0.276988 0.276984 0.276997 0.277002 0.277001 0.277001 0.277003 0.276942 0.276895 0.276863 0.276852 0.276832 0.000000 0.000000
0.000000 0.000000 0.270011 0.270022 0.270031 0.270053 0.270119 0.270177 0.270173 0.270181 0.270189 0.270183 0.270173 0.270181 0.270130 0.270074 0.270041 0.270034 0.270019 0.000000 0.000000
0.000000 0.000000 0.262910 0.262916 0.262924 0.262973 0.263018 0.263081 0.263068 0.263100 0.263099 0.263096 0.263105 0.263086 0.263045 0.263010 0.262972 0.262952 0.262922 0.000000 0.000000
0.000000 0.000000 0.255370 0.255382 0.255405 0.255442 0.255484 0.255562 0.255561 0.255576 0.255559 0.255579 0.255576 0.255569 0.255495 0.255460 0.255433 0.255421 0.255347 0.000000 0.000000
0.000000 0.000000 0.247537 0.247554 0.247564 0.247605 0.247643 0.247809 0.247810 0.247823 0.247860 0.247840 0.247829 0.247815 0.247691 0.247656 0.247594 0.247589 0.247538 0.000000 0.000000
0.000000 0.000000 0.238913 0.238922 0.238949 0.238979 0.239147 0.239182 0.239220 0.239221 0.239231 0.239226 0.239229 0.239234 0.239215 0.239042 0.238991 0.238949 0.238895 0.000000 0.000000
0.000000 0.000000 0.229275 0.229283 0.229324 0.229510 0.229556 0.229656 0.229718 0.229729 0.229762 0.229785 0.229760 0.229772 0.229690 0.229621 0.229364 0.229388 0.229356 0.000000 0.000000
0.000000 0.000000 0.218949 0.218960 0.219211 0.219236 0.219249 0.219308 0.219249 0.219280 0.219252 0.219279 0.219310 0.219254 0.219216 0.219196 0.219244 0.218923 0.218917 0.000000 0.000000
0.000000 0.000000 0.206839 0.207189 0.207272 0.207377 0.207551 0.207625 0.207666 0.207664 0.207748 0.207750 0.207712 0.207735 0.207642 0.207510 0.207296 0.207276 0.206911 0.000000 0.000000
0.000000 0.000000 0.198631 0.198541 0.198214 0.198289 0.198387 0.198713 0.198714 0.198791 0.198723 0.198744 0.198728 0.198713 0.198413 0.198341 0.198160 0.198488 0.198555 0.000000 0.000000
0.000000 0.000000 0.300000 0.300000 0.300000 0.300000 0.300000 0.300000 0.300000 0.300000 0.300000 0.300000 0.300000 0.300000 0.300000 0.300000 0.300000 0.300000 0.300000 0.000000 0.000000
0.000000 0.000000 0.000000 0.000000 0.000000 0.000000 0.000000 0.000000 0.000000 0.000000 0.000000 0.000000 0.000000 0.000000 0.000000 0.000000 0.000000 0.000000 0.000000 0.000000 0.000000