geotop/1.0zi/1.0Montebello/Templates/testdem/maps/_Eocclay3591.asc
ncols         21
nrows         20
xllcorner     100.000000
yllcorner     100.000000
cellsize      50.000000
NODATA_value  -9999.0
0.000000 0.000000 0.000000 0.000000 0.000000 0.000000 0.000000 0.000000 0.000000 0.000000 0.000000 0.000000 0.000000 0.000000 0.000000 0.000000 0.000000 0.000000 0.000000 0.000000 0.000000
0.000000 0.000000 0.349809 0.349809 0.349809 0.349809 0.349809 0.349809 0.349809 0.349809 0.349808 0.349809 0.349809 0.349809 0.349809 0.349809 0.349809 0.349809 0.349809 0.000000 0.000000
0.000000 0.000000 0.349996 0.349996 0.349995 0.349996 0.349996 0.349996 0.349996 0.349996 0.349997 0.349996 0.349996 0.349996 0.349996 0.349996 0.349995 0.349996 0.349996 0.000000 0.000000
0.000000 0.000000 0.351304 0.351304 0.351301 0.351302 0.351303 0.351303 0.351303 0.351304 0.351304 0.351304 0.351303 0.351303 0.351303 0.351302 0.351301 0.351304 0.351304 0.000000 0.000000
0.000000 0.000000 0.356765 0.356764 0.356762 0.356762 0.356765 0.356764 0.356764 0.356764 0.356765 0.356764 0.356764 0.356764 0.356765 0.356762 0.356762 0.356764 0.356765 0.000000 0.000000
0.000000 0.000000 0.362850 0.362849 0.362848 0.362848 0.362850 0.362849 0.362849 0.362849 0.362850 0.362849 0.362849 0.362849 0.362850 0.362848 0.362848 0.362849 0.362850 0.000000 0.000000
0.000000 0.000000 0.368552 0.368551 0.368549 0.368550 0.368551 0.368551 0.368550 0.368551 0.368551 0.368551 0.368550 0.368551 0.368551 0.368550 0.368549 0.368551 0.368552 0.000000 0.000000
0.000000 0.000000 0.373733 0.373732 0.373731 0.373731 0.373733 0.373732 0.373732 0.373732 0.373733 0.373732 0.373732 0.373732 0.373733 0.373731 0.373731 0.373732 0.373733 0.000000 0.000000
0.000000 0.000000 0.378513 0.378513 0.378512 0.378512 0.378513 0.378513 0.378512 0.378513 0.378513 0.378513 0.378512 0.378513 0.378513 0.378512 0.378512 0.378513 0.378513 0.000000 0.000000
0.000000 0.000000 0.383005 0.383004 0.383003 0.383003 0.383005 0.383004 0.383004 0.383004 0.383005 0.383004 0.383004 0.383004 0.383005 0.383003 0.383003 0.383004 0.383005 0.000000 0.000000
0.000000 0.000000 0.387265 0.387264 0.387263 0.387264 0.387265 0.387264 0.387264 0.387265 0.387265 0.387265 0.387264 0.387264 0.387265 0.387264 0.387263 0.387264 0.387265 0.000000 0.000000
0.000000 0.000000 0.391336 0.391335 0.391334 0.391335 0.391336 0.391335 0.391335 0.391336 0.391336 0.391336 0.391335 0.391335 0.391336 0.391335 0.391334 0.391335 0.391336 0.000000 0.000000
0.000000 0.000000 0.395248 0.395248 0.395247 0.395247 0.395248 0.395248 0.395248 0.395248 0.395249 0.395248 0.395248 0.395248 0.395248 0.395247 0.395247 0.395248 0.395248 0.000000 0.000000
0.000000 0.000000 0.399031 0.399031 0.399030 0.399030 0.399031 0.399031 0.399031 0.399031 0.399031 0.399031 0.399031 0.399031 0.399031 0.399030 0.399030 0.399031 0.399031 0.000000 0.000000
0.000000 0.000000 0.402696 0.402696 0.402695 0.402695 0.402696 0.402696 0.402696 0.402696 0.402696 0.402696 0.402696 0.402696 0.402696 0.402695 0.402695 0.402696 0.402696 0.000000 0.000000
0.000000 0.000000 0.406248 0.406248 0.406247 0.406247 0.406248 0.406248 0.406248 0.406248 0.406248 0.406248 0.406248 0.406248 0.406248 0.406247 0.406247 0.406248 0.406248 0.000000 0.000000
0.000000 0.000000 0.409700 0.409700 0.409699 0.409699 0.409700 0.409700 0.409699 0.409700 0.409700 0.409700 0.409699 0.409700 0.409700 0.409699 0.409699 0.409700 0.409700 0.000000 0.000000
0.000000 0.000000 0.413103 0.413103 0.413102 0.413102 0.413103 0.413103 0.413103 0.413103 0.413103 0.413103 0.413103 0.413103 0.413103 0.413102 0.413102 0.413103 0.413103 0.000000 0.000000
0.000000 0.000000 0.350000 0.350000 0.350000 0.350000 0.350000 0.350000 0.350000 0.350000 0.350000 0.350000 0.350000 0.350000 0.350000 0.350000 0.350000 0.350000 0.350000 0.000000 0.000000
0.000000 0.000000 0.000000 0.000000 0.000000 0.000000 0.000000 0.000000 0.000000 0.000000 0.000000 0.000000 0.000000 0.000000 0.000000 0.000000 0.000000 0.000000 0.000000 0.000000 0.000000