geotop/1.0zi/1.0Montebello/Templates/testdem/maps/_Eocsilt1892.asc
ncols         21
nrows         20
xllcorner     100.000000
yllcorner     100.000000
cellsize      50.000000
NODATA_value  -9999.0
0.000000 0.000000 0.000000 0.000000 0.000000 0.000000 0.000000 0.000000 0.000000 0.000000 0.000000 0.000000 0.000000 0.000000 0.000000 0.000000 0.000000 0.000000 0.000000 0.000000 0.000000
0.000000 0.000000 0.350043 0.350043 0.350043 0.350043 0.350043 0.350043 0.350043 0.350043 0.350043 0.350043 0.350043 0.350043 0.350043 0.350043 0.350043 0.350043 0.350043 0.000000 0.000000
0.000000 0.000000 0.349998 0.349998 0.349998 0.349998 0.349998 0.349998 0.349998 0.349998 0.349998 0.349998 0.349998 0.349998 0.349998 0.349998 0.349998 0.349998 0.349998 0.000000 0.000000
0.000000 0.000000 0.350690 0.350690 0.350688 0.350689 0.350691 0.350691 0.350690 0.350691 0.350691 0.350691 0.350690 0.350691 0.350691 0.350689 0.350688 0.350690 0.350690 0.000000 0.000000
0.000000 0.000000 0.353220 0.353219 0.353218 0.353217 0.353220 0.353220 0.353220 0.353221 0.353221 0.353221 0.353220 0.353220 0.353220 0.353217 0.353218 0.353219 0.353220 0.000000 0.000000
0.000000 0.000000 0.356427 0.356426 0.356425 0.356425 0.356427 0.356427 0.356427 0.356428 0.356428 0.356428 0.356427 0.356427 0.356427 0.356425 0.356425 0.356426 0.356427 0.000000 0.000000
0.000000 0.000000 0.359372 0.359372 0.359370 0.359370 0.359372 0.359372 0.359372 0.359373 0.359373 0.359373 0.359372 0.359372 0.359372 0.359370 0.359370 0.359372 0.359372 0.000000 0.000000
0.000000 0.000000 0.362070 0.362070 0.362068 0.362069 0.362070 0.362070 0.362070 0.362071 0.362071 0.362071 0.362070 0.362070 0.362070 0.362069 0.362068 0.362070 0.362070 0.000000 0.000000
0.000000 0.000000 0.364592 0.364592 0.364591 0.364591 0.364593 0.364592 0.364592 0.364593 0.364593 0.364593 0.364592 0.364592 0.364593 0.364591 0.364591 0.364592 0.364592 0.000000 0.000000
0.000000 0.000000 0.367001 0.367001 0.367000 0.367000 0.367002 0.367001 0.367001 0.367002 0.367002 0.367002 0.367001 0.367001 0.367002 0.367000 0.367000 0.367001 0.367001 0.000000 0.000000
0.000000 0.000000 0.369323 0.369323 0.369322 0.369322 0.369324 0.369323 0.369323 0.369324 0.369324 0.369324 0.369323 0.369323 0.369324 0.369322 0.369322 0.369323 0.369323 0.000000 0.000000
0.000000 0.000000 0.371580 0.371580 0.371579 0.371579 0.371580 0.371580 0.371580 0.371580 0.371581 0.371580 0.371580 0.371580 0.371580 0.371579 0.371579 0.371580 0.371580 0.000000 0.000000
0.000000 0.000000 0.373787 0.373787 0.373785 0.373786 0.373787 0.373787 0.373787 0.373787 0.373787 0.373787 0.373787 0.373787 0.373787 0.373786 0.373785 0.373787 0.373787 0.000000 0.000000
0.000000 0.000000 0.375948 0.375948 0.375947 0.375947 0.375948 0.375948 0.375948 0.375948 0.375949 0.375948 0.375948 0.375948 0.375948 0.375947 0.375947 0.375948 0.375948 0.000000 0.000000
0.000000 0.000000 0.378073 0.378073 0.378072 0.378072 0.378074 0.378073 0.378073 0.378074 0.378074 0.378074 0.378073 0.378073 0.378074 0.378072 0.378072 0.378073 0.378073 0.000000 0.000000
0.000000 0.000000 0.380170 0.380170 0.380168 0.380169 0.380170 0.380170 0.380170 0.380170 0.380170 0.380170 0.380170 0.380170 0.380170 0.380169 0.380168 0.380170 0.380170 0.000000 0.000000
0.000000 0.000000 0.382236 0.382236 0.382235 0.382235 0.382237 0.382236 0.382236 0.382237 0.382237 0.382237 0.382236 0.382236 0.382237 0.382235 0.382235 0.382236 0.382236 0.000000 0.000000
0.000000 0.000000 0.384311 0.384311 0.384310 0.384311 0.384312 0.384311 0.384312 0.384312 0.384312 0.384312 0.384312 0.384311 0.384312 0.384311 0.384310 0.384311 0.384312 0.000000 0.000000
0.000000 0.000000 0.350000 0.350000 0.350000 0.350000 0.350000 0.350000 0.350000 0.350000 0.350000 0.350000 0.350000 0.350000 0.350000 0.350000 0.350000 0.350000 0.350000 0.000000 0.000000
0.000000 0.000000 0.000000 0.000000 0.000000 0.000000 0.000000 0.000000 0.000000 0.000000 0.000000 0.000000 0.000000 0.000000 0.000000 0.000000 0.000000 0.000000 0.000000 0.000000 0.000000