geotop/1.0zi/1.0Montebello/Templates/testdem/maps/_Eocsand6160.asc
ncols         21
nrows         20
xllcorner     100.000000
yllcorner     100.000000
cellsize      50.000000
NODATA_value  -9999.0
0.000000 0.000000 0.000000 0.000000 0.000000 0.000000 0.000000 0.000000 0.000000 0.000000 0.000000 0.000000 0.000000 0.000000 0.000000 0.000000 0.000000 0.000000 0.000000 0.000000 0.000000
0.000000 0.000000 0.300151 0.300151 0.300150 0.300151 0.300150 0.300150 0.300150 0.300150 0.300151 0.300150 0.300151 0.300151 0.300150 0.300150 0.300152 0.300152 0.300151 0.000000 0.000000
0.000000 0.000000 0.300009 0.300008 0.300008 0.300007 0.300008 0.300008 0.300008 0.300008 0.300008 0.300008 0.300007 0.300008 0.300008 0.300008 0.300009 0.300009 0.300010 0.000000 0.000000
0.000000 0.000000 0.299971 0.299969 0.299972 0.299977 0.299974 0.299976 0.299972 0.299975 0.299972 0.299975 0.299974 0.299975 0.299973 0.299968 0.299969 0.299965 0.299967 0.000000 0.000000
0.000000 0.000000 0.298943 0.298941 0.298944 0.298950 0.298965 0.298973 0.298974 0.298974 0.298978 0.298978 0.298980 0.298978 0.298966 0.298964 0.298960 0.298949 0.298939 0.000000 0.000000
0.000000 0.000000 0.295653 0.295650 0.295661 0.295697 0.295713 0.295749 0.295750 0.295759 0.295751 0.295748 0.295744 0.295747 0.295737 0.295716 0.295699 0.295684 0.295675 0.000000 0.000000
0.000000 0.000000 0.290663 0.290668 0.290678 0.290715 0.290758 0.290811 0.290810 0.290817 0.290814 0.290812 0.290815 0.290812 0.290772 0.290729 0.290710 0.290691 0.290676 0.000000 0.000000
0.000000 0.000000 0.284588 0.284588 0.284593 0.284633 0.284676 0.284733 0.284732 0.284739 0.284739 0.284740 0.284743 0.284735 0.284690 0.284649 0.284617 0.284608 0.284587 0.000000 0.000000
0.000000 0.000000 0.278278 0.278287 0.278304 0.278328 0.278370 0.278431 0.278429 0.278439 0.278445 0.278443 0.278442 0.278446 0.278389 0.278345 0.278315 0.278306 0.278287 0.000000 0.000000
0.000000 0.000000 0.271878 0.271889 0.271896 0.271914 0.271975 0.272030 0.272027 0.272034 0.272042 0.272035 0.272027 0.272033 0.271987 0.271935 0.271905 0.271899 0.271886 0.000000 0.000000
0.000000 0.000000 0.265234 0.265241 0.265245 0.265291 0.265332 0.265393 0.265380 0.265409 0.265408 0.265406 0.265415 0.265398 0.265359 0.265326 0.265293 0.265273 0.265246 0.000000 0.000000
0.000000 0.000000 0.258212 0.258228 0.258248 0.258279 0.258316 0.258390 0.258388 0.258404 0.258387 0.258405 0.258402 0.258396 0.258329 0.258296 0.258272 0.258262 0.258192 0.000000 0.000000
0.000000 0.000000 0.250954 0.250968 0.250976 0.251013 0.251047 0.251199 0.251200 0.251213 0.251246 0.251228 0.251217 0.251205 0.251092 0.251060 0.251006 0.251000 0.250952 0.000000 0.000000
0.000000 0.000000 0.243006 0.243015 0.243037 0.243061 0.243213 0.243247 0.243282 0.243284 0.243294 0.243290 0.243290 0.243295 0.243276 0.243122 0.243077 0.243039 0.242989 0.000000 0.000000
0.000000 0.000000 0.234180 0.234192 0.234227 0.234389 0.234432 0.234523 0.234581 0.234590 0.234620 0.234637 0.234619 0.234630 0.234559 0.234490 0.234263 0.234282 0.234252 0.000000 0.000000
0.000000 0.000000 0.224771 0.224783 0.224999 0.225027 0.225037 0.225092 0.225045 0.225070 0.225050 0.225073 0.225099 0.225054 0.225019 0.224999 0.225031 0.224752 0.224745 0.000000 0.000000
0.000000 0.000000 0.213855 0.214157 0.214241 0.214327 0.214469 0.214539 0.214570 0.214571 0.214639 0.214646 0.214615 0.214630 0.214547 0.214438 0.214262 0.214225 0.213917 0.000000 0.000000
0.000000 0.000000 0.206189 0.206142 0.205867 0.205933 0.206030 0.206306 0.206310 0.206374 0.206324 0.206341 0.206326 0.206315 0.206062 0.205989 0.205822 0.206103 0.206132 0.000000 0.000000
0.000000 0.000000 0.300000 0.300000 0.300000 0.300000 0.300000 0.300000 0.300000 0.300000 0.300000 0.300000 0.300000 0.300000 0.300000 0.300000 0.300000 0.300000 0.300000 0.000000 0.000000
0.000000 0.000000 0.000000 0.000000 0.000000 0.000000 0.000000 0.000000 0.000000 0.000000 0.000000 0.000000 0.000000 0.000000 0.000000 0.000000 0.000000 0.000000 0.000000 0.000000 0.000000