geotop/1.0zi/1.0Montebello/Templates/testdem/maps/_Eocclay3260.asc
ncols         21
nrows         20
xllcorner     100.000000
yllcorner     100.000000
cellsize      50.000000
NODATA_value  -9999.0
0.000000 0.000000 0.000000 0.000000 0.000000 0.000000 0.000000 0.000000 0.000000 0.000000 0.000000 0.000000 0.000000 0.000000 0.000000 0.000000 0.000000 0.000000 0.000000 0.000000 0.000000
0.000000 0.000000 0.349823 0.349823 0.349823 0.349823 0.349823 0.349823 0.349823 0.349823 0.349822 0.349823 0.349823 0.349823 0.349823 0.349823 0.349823 0.349823 0.349823 0.000000 0.000000
0.000000 0.000000 0.349995 0.349995 0.349995 0.349995 0.349995 0.349995 0.349995 0.349995 0.349996 0.349995 0.349995 0.349995 0.349995 0.349995 0.349995 0.349995 0.349995 0.000000 0.000000
0.000000 0.000000 0.351259 0.351258 0.351256 0.351257 0.351258 0.351258 0.351258 0.351258 0.351258 0.351258 0.351258 0.351258 0.351258 0.351257 0.351256 0.351258 0.351259 0.000000 0.000000
0.000000 0.000000 0.356295 0.356295 0.356293 0.356293 0.356296 0.356295 0.356295 0.356297 0.356297 0.356297 0.356295 0.356295 0.356296 0.356293 0.356293 0.356295 0.356295 0.000000 0.000000
0.000000 0.000000 0.361867 0.361866 0.361865 0.361865 0.361867 0.361866 0.361866 0.361867 0.361868 0.361867 0.361866 0.361866 0.361867 0.361865 0.361865 0.361866 0.361867 0.000000 0.000000
0.000000 0.000000 0.367076 0.367075 0.367074 0.367074 0.367076 0.367075 0.367075 0.367076 0.367077 0.367076 0.367075 0.367075 0.367076 0.367074 0.367074 0.367075 0.367076 0.000000 0.000000
0.000000 0.000000 0.371816 0.371816 0.371814 0.371815 0.371816 0.371816 0.371816 0.371816 0.371817 0.371816 0.371816 0.371816 0.371816 0.371815 0.371814 0.371816 0.371816 0.000000 0.000000
0.000000 0.000000 0.376201 0.376200 0.376199 0.376199 0.376201 0.376200 0.376200 0.376201 0.376201 0.376201 0.376200 0.376200 0.376201 0.376199 0.376199 0.376200 0.376201 0.000000 0.000000
0.000000 0.000000 0.380332 0.380332 0.380331 0.380331 0.380332 0.380332 0.380332 0.380333 0.380333 0.380333 0.380332 0.380332 0.380332 0.380331 0.380331 0.380332 0.380332 0.000000 0.000000
0.000000 0.000000 0.384262 0.384262 0.384260 0.384261 0.384262 0.384262 0.384262 0.384262 0.384263 0.384262 0.384262 0.384262 0.384262 0.384261 0.384260 0.384262 0.384262 0.000000 0.000000
0.000000 0.000000 0.388027 0.388027 0.388026 0.388026 0.388027 0.388027 0.388027 0.388027 0.388028 0.388027 0.388027 0.388027 0.388027 0.388026 0.388026 0.388027 0.388027 0.000000 0.000000
0.000000 0.000000 0.391654 0.391653 0.391652 0.391653 0.391654 0.391653 0.391653 0.391654 0.391654 0.391654 0.391653 0.391653 0.391654 0.391653 0.391652 0.391653 0.391654 0.000000 0.000000
0.000000 0.000000 0.395172 0.395171 0.395170 0.395170 0.395172 0.395171 0.395171 0.395172 0.395172 0.395172 0.395171 0.395171 0.395172 0.395170 0.395170 0.395171 0.395172 0.000000 0.000000
0.000000 0.000000 0.398589 0.398589 0.398588 0.398588 0.398589 0.398589 0.398589 0.398590 0.398590 0.398590 0.398589 0.398589 0.398589 0.398588 0.398588 0.398589 0.398589 0.000000 0.000000
0.000000 0.000000 0.401913 0.401913 0.401912 0.401912 0.401913 0.401913 0.401913 0.401913 0.401914 0.401913 0.401913 0.401913 0.401913 0.401912 0.401912 0.401913 0.401913 0.000000 0.000000
0.000000 0.000000 0.405151 0.405151 0.405150 0.405150 0.405151 0.405151 0.405151 0.405151 0.405152 0.405151 0.405151 0.405151 0.405151 0.405150 0.405150 0.405151 0.405151 0.000000 0.000000
0.000000 0.000000 0.408368 0.408368 0.408367 0.408368 0.408369 0.408368 0.408368 0.408369 0.408369 0.408369 0.408368 0.408368 0.408369 0.408368 0.408367 0.408368 0.408369 0.000000 0.000000
0.000000 0.000000 0.350000 0.350000 0.350000 0.350000 0.350000 0.350000 0.350000 0.350000 0.350000 0.350000 0.350000 0.350000 0.350000 0.350000 0.350000 0.350000 0.350000 0.000000 0.000000
0.000000 0.000000 0.000000 0.000000 0.000000 0.000000 0.000000 0.000000 0.000000 0.000000 0.000000 0.000000 0.000000 0.000000 0.000000 0.000000 0.000000 0.000000 0.000000 0.000000 0.000000