geotop/1.0zi/1.0Montebello/Templates/testdem/maps/_Eocsilt2586.asc
ncols         21
nrows         20
xllcorner     100.000000
yllcorner     100.000000
cellsize      50.000000
NODATA_value  -9999.0
0.000000 0.000000 0.000000 0.000000 0.000000 0.000000 0.000000 0.000000 0.000000 0.000000 0.000000 0.000000 0.000000 0.000000 0.000000 0.000000 0.000000 0.000000 0.000000 0.000000 0.000000
0.000000 0.000000 0.350062 0.350062 0.350062 0.350062 0.350062 0.350062 0.350062 0.350062 0.350062 0.350062 0.350062 0.350062 0.350062 0.350062 0.350062 0.350062 0.350062 0.000000 0.000000
0.000000 0.000000 0.349998 0.349997 0.349998 0.349998 0.349998 0.349998 0.349998 0.349998 0.349998 0.349998 0.349998 0.349998 0.349998 0.349998 0.349998 0.349997 0.349998 0.000000 0.000000
0.000000 0.000000 0.350865 0.350864 0.350862 0.350863 0.350865 0.350865 0.350865 0.350865 0.350865 0.350865 0.350865 0.350865 0.350865 0.350863 0.350862 0.350864 0.350865 0.000000 0.000000
0.000000 0.000000 0.354246 0.354246 0.354244 0.354244 0.354247 0.354246 0.354246 0.354247 0.354247 0.354247 0.354246 0.354246 0.354247 0.354244 0.354244 0.354246 0.354246 0.000000 0.000000
0.000000 0.000000 0.358629 0.358628 0.358627 0.358627 0.358629 0.358629 0.358629 0.358630 0.358630 0.358630 0.358629 0.358629 0.358629 0.358627 0.358627 0.358628 0.358629 0.000000 0.000000
0.000000 0.000000 0.362639 0.362639 0.362637 0.362638 0.362640 0.362639 0.362639 0.362640 0.362640 0.362640 0.362639 0.362639 0.362640 0.362638 0.362637 0.362639 0.362639 0.000000 0.000000
0.000000 0.000000 0.366296 0.366296 0.366295 0.366295 0.366296 0.366296 0.366296 0.366297 0.366297 0.366297 0.366296 0.366296 0.366296 0.366295 0.366295 0.366296 0.366296 0.000000 0.000000
0.000000 0.000000 0.369699 0.369699 0.369697 0.369698 0.369699 0.369699 0.369699 0.369699 0.369700 0.369699 0.369699 0.369699 0.369699 0.369698 0.369697 0.369699 0.369699 0.000000 0.000000
0.000000 0.000000 0.372927 0.372926 0.372925 0.372926 0.372927 0.372926 0.372927 0.372927 0.372927 0.372927 0.372927 0.372926 0.372927 0.372926 0.372925 0.372926 0.372927 0.000000 0.000000
0.000000 0.000000 0.376019 0.376019 0.376018 0.376018 0.376019 0.376019 0.376019 0.376019 0.376020 0.376019 0.376019 0.376019 0.376019 0.376018 0.376018 0.376019 0.376019 0.000000 0.000000
0.000000 0.000000 0.379005 0.379004 0.379003 0.379004 0.379005 0.379004 0.379004 0.379005 0.379005 0.379005 0.379004 0.379004 0.379005 0.379004 0.379003 0.379004 0.379005 0.000000 0.000000
0.000000 0.000000 0.381905 0.381905 0.381904 0.381904 0.381905 0.381905 0.381905 0.381905 0.381906 0.381905 0.381905 0.381905 0.381905 0.381904 0.381904 0.381905 0.381905 0.000000 0.000000
0.000000 0.000000 0.384735 0.384734 0.384733 0.384734 0.384735 0.384734 0.384735 0.384735 0.384735 0.384735 0.384735 0.384734 0.384735 0.384734 0.384733 0.384734 0.384735 0.000000 0.000000
0.000000 0.000000 0.387503 0.387503 0.387502 0.387502 0.387503 0.387503 0.387503 0.387503 0.387504 0.387503 0.387503 0.387503 0.387503 0.387502 0.387502 0.387503 0.387503 0.000000 0.000000
0.000000 0.000000 0.390215 0.390215 0.390214 0.390214 0.390215 0.390215 0.390215 0.390216 0.390216 0.390216 0.390215 0.390215 0.390215 0.390214 0.390214 0.390215 0.390215 0.000000 0.000000
0.000000 0.000000 0.392875 0.392874 0.392873 0.392874 0.392875 0.392874 0.392874 0.392875 0.392875 0.392875 0.392874 0.392874 0.392875 0.392874 0.392873 0.392874 0.392875 0.000000 0.000000
0.000000 0.000000 0.395519 0.395520 0.395518 0.395519 0.395520 0.395520 0.395520 0.395520 0.395520 0.395520 0.395520 0.395520 0.395520 0.395519 0.395518 0.395520 0.395520 0.000000 0.000000
0.000000 0.000000 0.350000 0.350000 0.350000 0.350000 0.350000 0.350000 0.350000 0.350000 0.350000 0.350000 0.350000 0.350000 0.350000 0.350000 0.350000 0.350000 0.350000 0.000000 0.000000
0.000000 0.000000 0.000000 0.000000 0.000000 0.000000 0.000000 0.000000 0.000000 0.000000 0.000000 0.000000 0.000000 0.000000 0.000000 0.000000 0.000000 0.000000 0.000000 0.000000 0.000000