geotop/1.0zi/1.0Montebello/Templates/testdem/maps/_Eocclay4394.asc
ncols         21
nrows         20
xllcorner     100.000000
yllcorner     100.000000
cellsize      50.000000
NODATA_value  -9999.0
0.000000 0.000000 0.000000 0.000000 0.000000 0.000000 0.000000 0.000000 0.000000 0.000000 0.000000 0.000000 0.000000 0.000000 0.000000 0.000000 0.000000 0.000000 0.000000 0.000000 0.000000
0.000000 0.000000 0.349804 0.349804 0.349804 0.349804 0.349805 0.349804 0.349804 0.349804 0.349804 0.349804 0.349804 0.349804 0.349804 0.349804 0.349804 0.349804 0.349804 0.000000 0.000000
0.000000 0.000000 0.349993 0.349994 0.349993 0.349993 0.349993 0.349993 0.349993 0.349993 0.349993 0.349993 0.349993 0.349993 0.349993 0.349993 0.349993 0.349993 0.349993 0.000000 0.000000
0.000000 0.000000 0.349994 0.349995 0.349993 0.349994 0.349995 0.349995 0.349996 0.349995 0.349995 0.349994 0.349994 0.349993 0.349996 0.349997 0.349996 0.349996 0.349995 0.000000 0.000000
0.000000 0.000000 0.350335 0.350335 0.350333 0.350333 0.350326 0.350325 0.350326 0.350325 0.350324 0.350326 0.350323 0.350322 0.350326 0.350326 0.350326 0.350326 0.350329 0.000000 0.000000
0.000000 0.000000 0.351535 0.351534 0.351529 0.351520 0.351520 0.351510 0.351509 0.351505 0.351509 0.351509 0.351511 0.351509 0.351506 0.351511 0.351516 0.351520 0.351524 0.000000 0.000000
0.000000 0.000000 0.353334 0.353329 0.353326 0.353318 0.353306 0.353287 0.353288 0.353283 0.353286 0.353287 0.353286 0.353285 0.353297 0.353312 0.353320 0.353324 0.353330 0.000000 0.000000
0.000000 0.000000 0.355401 0.355400 0.355398 0.355386 0.355375 0.355357 0.355359 0.355356 0.355357 0.355356 0.355352 0.355350 0.355366 0.355380 0.355388 0.355391 0.355397 0.000000 0.000000
0.000000 0.000000 0.357469 0.357466 0.357461 0.357455 0.357443 0.357425 0.357427 0.357423 0.357424 0.357424 0.357421 0.357419 0.357434 0.357450 0.357456 0.357459 0.357466 0.000000 0.000000
0.000000 0.000000 0.359539 0.359535 0.359531 0.359524 0.359509 0.359492 0.359496 0.359493 0.359493 0.359493 0.359489 0.359486 0.359503 0.359520 0.359526 0.359529 0.359535 0.000000 0.000000
0.000000 0.000000 0.361650 0.361646 0.361642 0.361637 0.361627 0.361606 0.361609 0.361604 0.361604 0.361605 0.361601 0.361599 0.361612 0.361624 0.361633 0.361636 0.361643 0.000000 0.000000
0.000000 0.000000 0.363834 0.363830 0.363824 0.363814 0.363804 0.363784 0.363784 0.363781 0.363781 0.363780 0.363777 0.363774 0.363793 0.363808 0.363815 0.363818 0.363841 0.000000 0.000000
0.000000 0.000000 0.366045 0.366040 0.366034 0.366028 0.366014 0.365971 0.365972 0.365968 0.365968 0.365968 0.365964 0.365962 0.365999 0.366016 0.366024 0.366027 0.366041 0.000000 0.000000
0.000000 0.000000 0.368383 0.368375 0.368370 0.368363 0.368321 0.368310 0.368304 0.368301 0.368302 0.368301 0.368296 0.368294 0.368305 0.368349 0.368357 0.368366 0.368374 0.000000 0.000000
0.000000 0.000000 0.370902 0.370895 0.370881 0.370845 0.370826 0.370800 0.370787 0.370782 0.370776 0.370775 0.370774 0.370767 0.370786 0.370817 0.370866 0.370863 0.370870 0.000000 0.000000
0.000000 0.000000 0.373499 0.373492 0.373442 0.373437 0.373426 0.373414 0.373413 0.373411 0.373414 0.373412 0.373403 0.373409 0.373414 0.373427 0.373427 0.373478 0.373491 0.000000 0.000000
0.000000 0.000000 0.376380 0.376316 0.376273 0.376258 0.376229 0.376213 0.376210 0.376207 0.376200 0.376200 0.376198 0.376190 0.376200 0.376238 0.376261 0.376287 0.376350 0.000000 0.000000
0.000000 0.000000 0.378637 0.378621 0.378658 0.378638 0.378612 0.378550 0.378546 0.378539 0.378541 0.378540 0.378534 0.378535 0.378589 0.378621 0.378658 0.378603 0.378629 0.000000 0.000000
0.000000 0.000000 0.350000 0.350000 0.350000 0.350000 0.350000 0.350000 0.350000 0.350000 0.350000 0.350000 0.350000 0.350000 0.350000 0.350000 0.350000 0.350000 0.350000 0.000000 0.000000
0.000000 0.000000 0.000000 0.000000 0.000000 0.000000 0.000000 0.000000 0.000000 0.000000 0.000000 0.000000 0.000000 0.000000 0.000000 0.000000 0.000000 0.000000 0.000000 0.000000 0.000000