geotop/1.0zi/1.0Montebello/Templates/testdem/maps/_Eocclay9060.asc
ncols         21
nrows         20
xllcorner     100.000000
yllcorner     100.000000
cellsize      50.000000
NODATA_value  -9999.0
0.000000 0.000000 0.000000 0.000000 0.000000 0.000000 0.000000 0.000000 0.000000 0.000000 0.000000 0.000000 0.000000 0.000000 0.000000 0.000000 0.000000 0.000000 0.000000 0.000000 0.000000
0.000000 0.000000 0.349580 0.349583 0.349583 0.349582 0.349584 0.349584 0.349583 0.349583 0.349582 0.349584 0.349583 0.349583 0.349583 0.349583 0.349581 0.349582 0.349582 0.000000 0.000000
0.000000 0.000000 0.349982 0.349981 0.349981 0.349983 0.349981 0.349981 0.349981 0.349981 0.349981 0.349981 0.349981 0.349981 0.349982 0.349982 0.349983 0.349982 0.349980 0.000000 0.000000
0.000000 0.000000 0.350023 0.350028 0.350026 0.350023 0.350024 0.350025 0.350029 0.350026 0.350029 0.350027 0.350028 0.350026 0.350028 0.350030 0.350028 0.350027 0.350026 0.000000 0.000000
0.000000 0.000000 0.351222 0.351216 0.351210 0.351199 0.351182 0.351183 0.351178 0.351179 0.351178 0.351180 0.351179 0.351181 0.351190 0.351194 0.351205 0.351205 0.351215 0.000000 0.000000
0.000000 0.000000 0.354651 0.354644 0.354624 0.354593 0.354568 0.354542 0.354547 0.354540 0.354543 0.354542 0.354547 0.354546 0.354560 0.354585 0.354598 0.354607 0.354613 0.000000 0.000000
0.000000 0.000000 0.359252 0.359241 0.359229 0.359199 0.359164 0.359114 0.359116 0.359110 0.359110 0.359112 0.359112 0.359113 0.359154 0.359185 0.359202 0.359212 0.359220 0.000000 0.000000
0.000000 0.000000 0.364722 0.364711 0.364698 0.364661 0.364625 0.364579 0.364580 0.364575 0.364574 0.364571 0.364568 0.364578 0.364616 0.364647 0.364676 0.364680 0.364694 0.000000 0.000000
0.000000 0.000000 0.370629 0.370613 0.370594 0.370569 0.370527 0.370477 0.370482 0.370471 0.370467 0.370465 0.370466 0.370465 0.370516 0.370554 0.370575 0.370580 0.370594 0.000000 0.000000
0.000000 0.000000 0.377045 0.377025 0.377012 0.376985 0.376925 0.376880 0.376882 0.376875 0.376867 0.376872 0.376878 0.376876 0.376918 0.376966 0.376992 0.376997 0.377004 0.000000 0.000000
0.000000 0.000000 0.384213 0.384198 0.384183 0.384123 0.384084 0.384025 0.384041 0.384006 0.384012 0.384008 0.383996 0.384016 0.384061 0.384090 0.384126 0.384137 0.384166 0.000000 0.000000
0.000000 0.000000 0.392391 0.392363 0.392327 0.392294 0.392241 0.392170 0.392169 0.392164 0.392177 0.392150 0.392162 0.392161 0.392238 0.392280 0.392299 0.392306 0.392370 0.000000 0.000000
0.000000 0.000000 0.401472 0.401440 0.401431 0.401366 0.401322 0.401111 0.401111 0.401100 0.401035 0.401073 0.401080 0.401100 0.401264 0.401303 0.401379 0.401377 0.401402 0.000000 0.000000
0.000000 0.000000 0.412533 0.412519 0.412460 0.412419 0.412123 0.412189 0.412134 0.412136 0.412165 0.412135 0.412129 0.412104 0.412048 0.412361 0.412384 0.412451 0.412501 0.000000 0.000000
0.000000 0.000000 0.425745 0.425701 0.425635 0.425244 0.425342 0.425135 0.425066 0.425046 0.424969 0.424932 0.424975 0.424972 0.425171 0.425088 0.425596 0.425480 0.425474 0.000000 0.000000
0.000000 0.000000 0.439682 0.439647 0.439101 0.439331 0.439258 0.439258 0.439490 0.439426 0.439547 0.439519 0.439420 0.439553 0.439516 0.439577 0.439041 0.439843 0.439830 0.000000 0.000000
0.000000 0.000000 0.455407 0.454691 0.454938 0.454617 0.454263 0.454157 0.453918 0.453976 0.453735 0.453763 0.453903 0.453755 0.453948 0.454209 0.454903 0.454347 0.455083 0.000000 0.000000
0.000000 0.000000 0.459476 0.460060 0.460546 0.460542 0.460580 0.460097 0.460194 0.460048 0.460293 0.460244 0.460202 0.460285 0.460681 0.460655 0.460622 0.460245 0.459661 0.000000 0.000000
0.000000 0.000000 0.350000 0.350000 0.350000 0.350000 0.350000 0.350000 0.350000 0.350000 0.350000 0.350000 0.350000 0.350000 0.350000 0.350000 0.350000 0.350000 0.350000 0.000000 0.000000
0.000000 0.000000 0.000000 0.000000 0.000000 0.000000 0.000000 0.000000 0.000000 0.000000 0.000000 0.000000 0.000000 0.000000 0.000000 0.000000 0.000000 0.000000 0.000000 0.000000 0.000000