geotop/1.0zi/1.0Montebello/Templates/testdem/maps/_Eocclay5621.asc
ncols         21
nrows         20
xllcorner     100.000000
yllcorner     100.000000
cellsize      50.000000
NODATA_value  -9999.0
0.000000 0.000000 0.000000 0.000000 0.000000 0.000000 0.000000 0.000000 0.000000 0.000000 0.000000 0.000000 0.000000 0.000000 0.000000 0.000000 0.000000 0.000000 0.000000 0.000000 0.000000
0.000000 0.000000 0.349746 0.349747 0.349747 0.349747 0.349747 0.349747 0.349747 0.349747 0.349747 0.349747 0.349747 0.349747 0.349747 0.349747 0.349746 0.349747 0.349746 0.000000 0.000000
0.000000 0.000000 0.349989 0.349990 0.349990 0.349989 0.349989 0.349989 0.349989 0.349989 0.349989 0.349989 0.349989 0.349990 0.349989 0.349989 0.349989 0.349989 0.349989 0.000000 0.000000
0.000000 0.000000 0.349988 0.349990 0.349987 0.349988 0.349990 0.349990 0.349990 0.349988 0.349990 0.349988 0.349988 0.349988 0.349990 0.349992 0.349990 0.349991 0.349990 0.000000 0.000000
0.000000 0.000000 0.350475 0.350475 0.350475 0.350471 0.350460 0.350456 0.350458 0.350459 0.350457 0.350458 0.350454 0.350454 0.350459 0.350458 0.350463 0.350465 0.350468 0.000000 0.000000
0.000000 0.000000 0.352053 0.352054 0.352048 0.352030 0.352024 0.352008 0.352007 0.352003 0.352007 0.352006 0.352010 0.352010 0.352013 0.352025 0.352030 0.352042 0.352047 0.000000 0.000000
0.000000 0.000000 0.354342 0.354340 0.354338 0.354322 0.354302 0.354275 0.354275 0.354272 0.354273 0.354276 0.354276 0.354274 0.354292 0.354313 0.354322 0.354331 0.354338 0.000000 0.000000
0.000000 0.000000 0.357124 0.357124 0.357122 0.357103 0.357083 0.357055 0.357056 0.357053 0.357054 0.357053 0.357051 0.357055 0.357075 0.357092 0.357107 0.357112 0.357121 0.000000 0.000000
0.000000 0.000000 0.359938 0.359935 0.359929 0.359919 0.359900 0.359872 0.359874 0.359869 0.359867 0.359868 0.359868 0.359865 0.359890 0.359909 0.359922 0.359925 0.359933 0.000000 0.000000
0.000000 0.000000 0.362785 0.362780 0.362779 0.362771 0.362742 0.362717 0.362719 0.362716 0.362712 0.362716 0.362720 0.362716 0.362736 0.362759 0.362772 0.362775 0.362780 0.000000 0.000000
0.000000 0.000000 0.365738 0.365735 0.365735 0.365716 0.365696 0.365668 0.365674 0.365661 0.365661 0.365663 0.365659 0.365666 0.365681 0.365696 0.365711 0.365719 0.365732 0.000000 0.000000
0.000000 0.000000 0.368830 0.368823 0.368816 0.368802 0.368785 0.368752 0.368753 0.368745 0.368754 0.368746 0.368747 0.368749 0.368777 0.368791 0.368801 0.368806 0.368837 0.000000 0.000000
0.000000 0.000000 0.372004 0.371998 0.371996 0.371980 0.371964 0.371897 0.371898 0.371892 0.371878 0.371886 0.371891 0.371895 0.371943 0.371955 0.371979 0.371982 0.372004 0.000000 0.000000
0.000000 0.000000 0.375445 0.375441 0.375433 0.375423 0.375358 0.375341 0.375326 0.375326 0.375321 0.375323 0.375324 0.375321 0.375328 0.375392 0.375412 0.375428 0.375451 0.000000 0.000000
0.000000 0.000000 0.379230 0.379224 0.379211 0.379145 0.379124 0.379086 0.379060 0.379056 0.379043 0.379037 0.379045 0.379038 0.379066 0.379096 0.379191 0.379184 0.379198 0.000000 0.000000
0.000000 0.000000 0.383225 0.383220 0.383135 0.383120 0.383115 0.383090 0.383107 0.383097 0.383104 0.383094 0.383084 0.383101 0.383115 0.383123 0.383117 0.383227 0.383230 0.000000 0.000000
0.000000 0.000000 0.387790 0.387674 0.387633 0.387599 0.387544 0.387516 0.387507 0.387505 0.387480 0.387476 0.387486 0.387482 0.387512 0.387553 0.387619 0.387647 0.387764 0.000000 0.000000
0.000000 0.000000 0.391142 0.391145 0.391249 0.391220 0.391175 0.391066 0.391063 0.391039 0.391054 0.391048 0.391055 0.391057 0.391156 0.391188 0.391261 0.391154 0.391158 0.000000 0.000000
0.000000 0.000000 0.350000 0.350000 0.350000 0.350000 0.350000 0.350000 0.350000 0.350000 0.350000 0.350000 0.350000 0.350000 0.350000 0.350000 0.350000 0.350000 0.350000 0.000000 0.000000
0.000000 0.000000 0.000000 0.000000 0.000000 0.000000 0.000000 0.000000 0.000000 0.000000 0.000000 0.000000 0.000000 0.000000 0.000000 0.000000 0.000000 0.000000 0.000000 0.000000 0.000000