geotop/1.0zi/1.0Montebello/Templates/testdem/maps/_Eocsand9211.asc
ncols         21
nrows         20
xllcorner     100.000000
yllcorner     100.000000
cellsize      50.000000
NODATA_value  -9999.0
0.000000 0.000000 0.000000 0.000000 0.000000 0.000000 0.000000 0.000000 0.000000 0.000000 0.000000 0.000000 0.000000 0.000000 0.000000 0.000000 0.000000 0.000000 0.000000 0.000000 0.000000
0.000000 0.000000 0.300234 0.300231 0.300231 0.300232 0.300231 0.300230 0.300231 0.300231 0.300231 0.300231 0.300231 0.300231 0.300231 0.300231 0.300232 0.300232 0.300232 0.000000 0.000000
0.000000 0.000000 0.300012 0.300014 0.300014 0.300012 0.300014 0.300014 0.300014 0.300014 0.300014 0.300014 0.300013 0.300013 0.300013 0.300013 0.300014 0.300015 0.300015 0.000000 0.000000
0.000000 0.000000 0.299855 0.299855 0.299861 0.299869 0.299868 0.299872 0.299865 0.299867 0.299867 0.299867 0.299866 0.299868 0.299863 0.299857 0.299854 0.299855 0.299854 0.000000 0.000000
0.000000 0.000000 0.297491 0.297494 0.297512 0.297537 0.297565 0.297569 0.297572 0.297574 0.297575 0.297572 0.297569 0.297569 0.297546 0.297536 0.297522 0.297518 0.297505 0.000000 0.000000
0.000000 0.000000 0.290723 0.290735 0.290772 0.290822 0.290879 0.290926 0.290925 0.290937 0.290932 0.290933 0.290924 0.290928 0.290899 0.290854 0.290831 0.290818 0.290805 0.000000 0.000000
0.000000 0.000000 0.281344 0.281365 0.281395 0.281456 0.281531 0.281633 0.281626 0.281635 0.281638 0.281638 0.281640 0.281633 0.281555 0.281495 0.281458 0.281436 0.281421 0.000000 0.000000
0.000000 0.000000 0.270228 0.270250 0.270277 0.270349 0.270426 0.270517 0.270514 0.270526 0.270530 0.270537 0.270542 0.270523 0.270449 0.270384 0.270324 0.270317 0.270288 0.000000 0.000000
0.000000 0.000000 0.258153 0.258184 0.258224 0.258275 0.258365 0.258472 0.258460 0.258482 0.258493 0.258498 0.258494 0.258496 0.258392 0.258315 0.258269 0.258256 0.258230 0.000000 0.000000
0.000000 0.000000 0.245031 0.245070 0.245101 0.245156 0.245276 0.245375 0.245370 0.245385 0.245403 0.245395 0.245382 0.245385 0.245302 0.245203 0.245149 0.245135 0.245121 0.000000 0.000000
0.000000 0.000000 0.230374 0.230403 0.230430 0.230559 0.230636 0.230765 0.230732 0.230803 0.230793 0.230803 0.230827 0.230784 0.230695 0.230634 0.230559 0.230534 0.230474 0.000000 0.000000
0.000000 0.000000 0.213595 0.213657 0.213732 0.213795 0.213906 0.214064 0.214060 0.214074 0.214046 0.214109 0.214082 0.214082 0.213924 0.213837 0.213796 0.213779 0.213650 0.000000 0.000000
0.000000 0.000000 0.194944 0.195001 0.195021 0.195160 0.195252 0.195697 0.195695 0.195720 0.195859 0.195782 0.195766 0.195723 0.195388 0.195307 0.195149 0.195146 0.195098 0.000000 0.000000
0.000000 0.000000 0.172178 0.172202 0.172328 0.172416 0.173028 0.172881 0.173001 0.173000 0.172936 0.173006 0.173018 0.173067 0.173206 0.172550 0.172504 0.172358 0.172258 0.000000 0.000000
0.000000 0.000000 0.145209 0.145291 0.145429 0.146236 0.146010 0.146463 0.146601 0.146648 0.146812 0.146892 0.146800 0.146800 0.146382 0.146580 0.145525 0.145760 0.145776 0.000000 0.000000
0.000000 0.000000 0.117510 0.117571 0.118658 0.118174 0.118328 0.118324 0.117857 0.117989 0.117747 0.117804 0.118000 0.117735 0.117831 0.117703 0.118802 0.117191 0.117216 0.000000 0.000000
0.000000 0.000000 0.087989 0.089256 0.088810 0.089385 0.090016 0.090216 0.090645 0.090546 0.090980 0.090932 0.090680 0.090943 0.090599 0.090136 0.088890 0.089889 0.088578 0.000000 0.000000
0.000000 0.000000 0.079500 0.078655 0.077834 0.077884 0.077880 0.078687 0.078561 0.078794 0.078429 0.078510 0.078558 0.078439 0.077774 0.077774 0.077733 0.078417 0.079258 0.000000 0.000000
0.000000 0.000000 0.300000 0.300000 0.300000 0.300000 0.300000 0.300000 0.300000 0.300000 0.300000 0.300000 0.300000 0.300000 0.300000 0.300000 0.300000 0.300000 0.300000 0.000000 0.000000
0.000000 0.000000 0.000000 0.000000 0.000000 0.000000 0.000000 0.000000 0.000000 0.000000 0.000000 0.000000 0.000000 0.000000 0.000000 0.000000 0.000000 0.000000 0.000000 0.000000 0.000000