geotop/1.0zi/1.0Montebello/Templates/testdem/maps/_Eocsand7938.asc
ncols         21
nrows         20
xllcorner     100.000000
yllcorner     100.000000
cellsize      50.000000
NODATA_value  -9999.0
0.000000 0.000000 0.000000 0.000000 0.000000 0.000000 0.000000 0.000000 0.000000 0.000000 0.000000 0.000000 0.000000 0.000000 0.000000 0.000000 0.000000 0.000000 0.000000 0.000000 0.000000
0.000000 0.000000 0.300202 0.300200 0.300200 0.300201 0.300200 0.300199 0.300199 0.300200 0.300200 0.300200 0.300200 0.300200 0.300200 0.300200 0.300201 0.300201 0.300201 0.000000 0.000000
0.000000 0.000000 0.300010 0.300012 0.300011 0.300010 0.300011 0.300012 0.300011 0.300011 0.300011 0.300012 0.300011 0.300011 0.300011 0.300011 0.300012 0.300012 0.300013 0.000000 0.000000
0.000000 0.000000 0.299894 0.299893 0.299898 0.299906 0.299901 0.299909 0.299904 0.299907 0.299907 0.299907 0.299907 0.299908 0.299904 0.299899 0.299896 0.299893 0.299894 0.000000 0.000000
0.000000 0.000000 0.297994 0.297991 0.298000 0.298016 0.298038 0.298048 0.298054 0.298053 0.298057 0.298056 0.298059 0.298053 0.298030 0.298023 0.298011 0.297999 0.297991 0.000000 0.000000
0.000000 0.000000 0.292602 0.292604 0.292627 0.292673 0.292706 0.292752 0.292752 0.292765 0.292757 0.292758 0.292754 0.292754 0.292731 0.292698 0.292671 0.292648 0.292636 0.000000 0.000000
0.000000 0.000000 0.285058 0.285067 0.285087 0.285138 0.285201 0.285273 0.285274 0.285283 0.285281 0.285283 0.285285 0.285279 0.285216 0.285160 0.285126 0.285098 0.285083 0.000000 0.000000
0.000000 0.000000 0.276117 0.276122 0.276137 0.276196 0.276256 0.276335 0.276336 0.276345 0.276347 0.276353 0.276357 0.276342 0.276274 0.276220 0.276168 0.276153 0.276128 0.000000 0.000000
0.000000 0.000000 0.266592 0.266609 0.266639 0.266677 0.266741 0.266826 0.266823 0.266842 0.266846 0.266851 0.266848 0.266850 0.266767 0.266699 0.266658 0.266638 0.266617 0.000000 0.000000
0.000000 0.000000 0.256569 0.256589 0.256605 0.256643 0.256735 0.256813 0.256812 0.256822 0.256834 0.256829 0.256817 0.256822 0.256751 0.256673 0.256625 0.256609 0.256594 0.000000 0.000000
0.000000 0.000000 0.245737 0.245751 0.245770 0.245850 0.245914 0.246004 0.245986 0.246035 0.246028 0.246031 0.246048 0.246016 0.245952 0.245903 0.245842 0.245809 0.245769 0.000000 0.000000
0.000000 0.000000 0.233777 0.233811 0.233849 0.233902 0.233974 0.234087 0.234094 0.234108 0.234083 0.234122 0.234111 0.234104 0.233987 0.233929 0.233887 0.233863 0.233762 0.000000 0.000000
0.000000 0.000000 0.220911 0.220944 0.220960 0.221034 0.221098 0.221385 0.221389 0.221407 0.221481 0.221444 0.221427 0.221400 0.221181 0.221121 0.221012 0.220999 0.220948 0.000000 0.000000
0.000000 0.000000 0.205941 0.205954 0.206015 0.206068 0.206420 0.206405 0.206479 0.206479 0.206461 0.206481 0.206490 0.206504 0.206527 0.206162 0.206098 0.206002 0.205931 0.000000 0.000000
0.000000 0.000000 0.188398 0.188433 0.188508 0.188950 0.188930 0.189149 0.189254 0.189279 0.189351 0.189406 0.189358 0.189368 0.189154 0.189146 0.188565 0.188647 0.188631 0.000000 0.000000
0.000000 0.000000 0.169132 0.169165 0.169799 0.169658 0.169703 0.169775 0.169549 0.169625 0.169508 0.169558 0.169658 0.169501 0.169475 0.169439 0.169858 0.168961 0.168974 0.000000 0.000000
0.000000 0.000000 0.145173 0.146177 0.146026 0.146393 0.146896 0.147044 0.147296 0.147239 0.147526 0.147505 0.147345 0.147496 0.147246 0.146874 0.146067 0.146530 0.145494 0.000000 0.000000
0.000000 0.000000 0.135319 0.134437 0.133555 0.133578 0.133570 0.134413 0.134295 0.134534 0.134161 0.134240 0.134288 0.134164 0.133451 0.133457 0.133397 0.134115 0.134977 0.000000 0.000000
0.000000 0.000000 0.300000 0.300000 0.300000 0.300000 0.300000 0.300000 0.300000 0.300000 0.300000 0.300000 0.300000 0.300000 0.300000 0.300000 0.300000 0.300000 0.300000 0.000000 0.000000
0.000000 0.000000 0.000000 0.000000 0.000000 0.000000 0.000000 0.000000 0.000000 0.000000 0.000000 0.000000 0.000000 0.000000 0.000000 0.000000 0.000000 0.000000 0.000000 0.000000 0.000000