geotop/1.0zi/1.0Montebello/Templates/testdem/maps/_Eocclay4052.asc
ncols         21
nrows         20
xllcorner     100.000000
yllcorner     100.000000
cellsize      50.000000
NODATA_value  -9999.0
0.000000 0.000000 0.000000 0.000000 0.000000 0.000000 0.000000 0.000000 0.000000 0.000000 0.000000 0.000000 0.000000 0.000000 0.000000 0.000000 0.000000 0.000000 0.000000 0.000000 0.000000
0.000000 0.000000 0.349814 0.349814 0.349814 0.349815 0.349815 0.349814 0.349814 0.349814 0.349814 0.349814 0.349814 0.349814 0.349815 0.349814 0.349814 0.349814 0.349814 0.000000 0.000000
0.000000 0.000000 0.349994 0.349994 0.349994 0.349994 0.349994 0.349994 0.349994 0.349994 0.349994 0.349993 0.349994 0.349994 0.349994 0.349994 0.349994 0.349994 0.349994 0.000000 0.000000
0.000000 0.000000 0.349994 0.349995 0.349993 0.349994 0.349995 0.349995 0.349996 0.349995 0.349995 0.349994 0.349994 0.349993 0.349996 0.349997 0.349996 0.349996 0.349995 0.000000 0.000000
0.000000 0.000000 0.350333 0.350335 0.350334 0.350334 0.350327 0.350325 0.350326 0.350326 0.350325 0.350327 0.350323 0.350323 0.350326 0.350327 0.350327 0.350327 0.350330 0.000000 0.000000
0.000000 0.000000 0.351500 0.351501 0.351498 0.351490 0.351489 0.351479 0.351479 0.351475 0.351479 0.351479 0.351481 0.351479 0.351476 0.351481 0.351486 0.351490 0.351494 0.000000 0.000000
0.000000 0.000000 0.353200 0.353196 0.353193 0.353185 0.353176 0.353157 0.353158 0.353154 0.353157 0.353157 0.353157 0.353153 0.353165 0.353180 0.353187 0.353190 0.353194 0.000000 0.000000
0.000000 0.000000 0.355121 0.355119 0.355116 0.355103 0.355093 0.355077 0.355079 0.355076 0.355076 0.355076 0.355072 0.355069 0.355084 0.355098 0.355105 0.355109 0.355115 0.000000 0.000000
0.000000 0.000000 0.357038 0.357034 0.357028 0.357020 0.357009 0.356991 0.356992 0.356989 0.356989 0.356990 0.356987 0.356985 0.356999 0.357015 0.357022 0.357025 0.357031 0.000000 0.000000
0.000000 0.000000 0.358948 0.358944 0.358939 0.358930 0.358916 0.358899 0.358902 0.358899 0.358899 0.358900 0.358896 0.358893 0.358909 0.358926 0.358933 0.358936 0.358941 0.000000 0.000000
0.000000 0.000000 0.360888 0.360884 0.360879 0.360873 0.360863 0.360843 0.360845 0.360840 0.360841 0.360842 0.360838 0.360835 0.360848 0.360860 0.360869 0.360873 0.360879 0.000000 0.000000
0.000000 0.000000 0.362889 0.362885 0.362879 0.362867 0.362857 0.362838 0.362838 0.362835 0.362835 0.362834 0.362832 0.362828 0.362846 0.362860 0.362869 0.362872 0.362894 0.000000 0.000000
0.000000 0.000000 0.364907 0.364902 0.364896 0.364888 0.364875 0.364835 0.364835 0.364832 0.364831 0.364832 0.364828 0.364826 0.364859 0.364877 0.364885 0.364889 0.364902 0.000000 0.000000
0.000000 0.000000 0.367033 0.367025 0.367020 0.367011 0.366973 0.366963 0.366957 0.366953 0.366954 0.366954 0.366949 0.366946 0.366957 0.366998 0.367007 0.367015 0.367023 0.000000 0.000000
0.000000 0.000000 0.369312 0.369306 0.369292 0.369259 0.369241 0.369217 0.369204 0.369200 0.369194 0.369193 0.369193 0.369185 0.369203 0.369232 0.369277 0.369275 0.369282 0.000000 0.000000
0.000000 0.000000 0.371653 0.371647 0.371602 0.371596 0.371586 0.371575 0.371572 0.371571 0.371573 0.371572 0.371564 0.371568 0.371573 0.371585 0.371587 0.371632 0.371644 0.000000 0.000000
0.000000 0.000000 0.374236 0.374181 0.374141 0.374127 0.374101 0.374087 0.374084 0.374082 0.374075 0.374076 0.374074 0.374066 0.374074 0.374108 0.374129 0.374154 0.374208 0.000000 0.000000
0.000000 0.000000 0.376275 0.376260 0.376291 0.376271 0.376248 0.376197 0.376191 0.376186 0.376187 0.376187 0.376181 0.376181 0.376226 0.376256 0.376289 0.376242 0.376266 0.000000 0.000000
0.000000 0.000000 0.350000 0.350000 0.350000 0.350000 0.350000 0.350000 0.350000 0.350000 0.350000 0.350000 0.350000 0.350000 0.350000 0.350000 0.350000 0.350000 0.350000 0.000000 0.000000
0.000000 0.000000 0.000000 0.000000 0.000000 0.000000 0.000000 0.000000 0.000000 0.000000 0.000000 0.000000 0.000000 0.000000 0.000000 0.000000 0.000000 0.000000 0.000000 0.000000 0.000000