geotop/1.0zi/1.0Montebello/Templates/testdem/maps/_Eocclay9691.asc
ncols         21
nrows         20
xllcorner     100.000000
yllcorner     100.000000
cellsize      50.000000
NODATA_value  -9999.0
0.000000 0.000000 0.000000 0.000000 0.000000 0.000000 0.000000 0.000000 0.000000 0.000000 0.000000 0.000000 0.000000 0.000000 0.000000 0.000000 0.000000 0.000000 0.000000 0.000000 0.000000
0.000000 0.000000 0.349552 0.349555 0.349555 0.349554 0.349556 0.349556 0.349555 0.349555 0.349554 0.349555 0.349555 0.349555 0.349555 0.349555 0.349553 0.349554 0.349555 0.000000 0.000000
0.000000 0.000000 0.349981 0.349979 0.349979 0.349982 0.349979 0.349979 0.349979 0.349979 0.349979 0.349980 0.349980 0.349979 0.349980 0.349981 0.349981 0.349981 0.349979 0.000000 0.000000
0.000000 0.000000 0.350040 0.350045 0.350042 0.350038 0.350039 0.350039 0.350043 0.350040 0.350043 0.350041 0.350042 0.350040 0.350043 0.350046 0.350045 0.350046 0.350043 0.000000 0.000000
0.000000 0.000000 0.351489 0.351483 0.351476 0.351465 0.351446 0.351444 0.351441 0.351443 0.351440 0.351445 0.351445 0.351446 0.351456 0.351461 0.351472 0.351475 0.351484 0.000000 0.000000
0.000000 0.000000 0.355407 0.355401 0.355379 0.355342 0.355311 0.355280 0.355285 0.355279 0.355279 0.355278 0.355285 0.355283 0.355299 0.355330 0.355346 0.355358 0.355364 0.000000 0.000000
0.000000 0.000000 0.360616 0.360605 0.360591 0.360556 0.360516 0.360458 0.360458 0.360452 0.360448 0.360449 0.360451 0.360451 0.360498 0.360533 0.360552 0.360566 0.360574 0.000000 0.000000
0.000000 0.000000 0.366823 0.366810 0.366794 0.366749 0.366703 0.366651 0.366652 0.366645 0.366640 0.366637 0.366636 0.366646 0.366688 0.366725 0.366758 0.366766 0.366781 0.000000 0.000000
0.000000 0.000000 0.373615 0.373597 0.373573 0.373539 0.373488 0.373428 0.373434 0.373421 0.373413 0.373411 0.373414 0.373412 0.373471 0.373515 0.373541 0.373551 0.373563 0.000000 0.000000
0.000000 0.000000 0.381135 0.381109 0.381091 0.381053 0.380996 0.380933 0.380934 0.380925 0.380912 0.380918 0.380926 0.380923 0.380971 0.381029 0.381059 0.381071 0.381077 0.000000 0.000000
0.000000 0.000000 0.389720 0.389699 0.389680 0.389598 0.389571 0.389485 0.389503 0.389461 0.389464 0.389458 0.389445 0.389469 0.389522 0.389558 0.389601 0.389617 0.389654 0.000000 0.000000
0.000000 0.000000 0.399750 0.399706 0.399656 0.399616 0.399571 0.399464 0.399462 0.399456 0.399469 0.399431 0.399449 0.399444 0.399540 0.399597 0.399619 0.399633 0.399708 0.000000 0.000000
0.000000 0.000000 0.411088 0.411046 0.411034 0.410955 0.410900 0.410615 0.410610 0.410592 0.410491 0.410552 0.410559 0.410584 0.410795 0.410844 0.410948 0.410953 0.410971 0.000000 0.000000
0.000000 0.000000 0.425198 0.425179 0.425087 0.425031 0.424630 0.424770 0.424684 0.424684 0.424736 0.424682 0.424672 0.424631 0.424501 0.424942 0.424958 0.425061 0.425122 0.000000 0.000000
0.000000 0.000000 0.441415 0.441367 0.441285 0.440760 0.440983 0.440656 0.440581 0.440547 0.440427 0.440388 0.440448 0.440452 0.440740 0.440526 0.441211 0.441049 0.441024 0.000000 0.000000
0.000000 0.000000 0.456224 0.456196 0.455603 0.455926 0.455816 0.455847 0.456111 0.456042 0.456183 0.456160 0.456046 0.456189 0.456099 0.456200 0.455513 0.456425 0.456412 0.000000 0.000000
0.000000 0.000000 0.469534 0.469030 0.469203 0.468974 0.468716 0.468632 0.468462 0.468502 0.468327 0.468348 0.468450 0.468344 0.468483 0.468675 0.469163 0.468778 0.469303 0.000000 0.000000
0.000000 0.000000 0.474235 0.474426 0.474738 0.474676 0.474630 0.474339 0.474352 0.474280 0.474373 0.474351 0.474352 0.474374 0.474625 0.474662 0.474762 0.474460 0.474272 0.000000 0.000000
0.000000 0.000000 0.350000 0.350000 0.350000 0.350000 0.350000 0.350000 0.350000 0.350000 0.350000 0.350000 0.350000 0.350000 0.350000 0.350000 0.350000 0.350000 0.350000 0.000000 0.000000
0.000000 0.000000 0.000000 0.000000 0.000000 0.000000 0.000000 0.000000 0.000000 0.000000 0.000000 0.000000 0.000000 0.000000 0.000000 0.000000 0.000000 0.000000 0.000000 0.000000 0.000000