geotop/1.0zi/1.0Montebello/Templates/testdem/maps/_Eocsilt8004.asc
ncols         21
nrows         20
xllcorner     100.000000
yllcorner     100.000000
cellsize      50.000000
NODATA_value  -9999.0
0.000000 0.000000 0.000000 0.000000 0.000000 0.000000 0.000000 0.000000 0.000000 0.000000 0.000000 0.000000 0.000000 0.000000 0.000000 0.000000 0.000000 0.000000 0.000000 0.000000 0.000000
0.000000 0.000000 0.350167 0.350168 0.350168 0.350168 0.350168 0.350168 0.350168 0.350168 0.350168 0.350167 0.350167 0.350167 0.350167 0.350168 0.350168 0.350168 0.350168 0.000000 0.000000
0.000000 0.000000 0.350005 0.350005 0.350005 0.350005 0.350006 0.350005 0.350006 0.350006 0.350006 0.350006 0.350006 0.350006 0.350006 0.350005 0.350003 0.350004 0.350005 0.000000 0.000000
0.000000 0.000000 0.350103 0.350099 0.350098 0.350091 0.350093 0.350087 0.350090 0.350091 0.350087 0.350090 0.350089 0.350090 0.350092 0.350095 0.350099 0.350099 0.350100 0.000000 0.000000
0.000000 0.000000 0.351011 0.351017 0.351012 0.351001 0.350994 0.350987 0.350983 0.350981 0.350981 0.350981 0.350982 0.350984 0.350998 0.351002 0.351006 0.351016 0.351018 0.000000 0.000000
0.000000 0.000000 0.353655 0.353655 0.353645 0.353628 0.353609 0.353587 0.353586 0.353580 0.353584 0.353584 0.353586 0.353585 0.353597 0.353610 0.353622 0.353630 0.353636 0.000000 0.000000
0.000000 0.000000 0.357445 0.357441 0.357430 0.357403 0.357371 0.357336 0.357337 0.357333 0.357334 0.357332 0.357329 0.357334 0.357364 0.357391 0.357409 0.357424 0.357431 0.000000 0.000000
0.000000 0.000000 0.361931 0.361929 0.361923 0.361895 0.361864 0.361826 0.361825 0.361821 0.361820 0.361816 0.361815 0.361821 0.361854 0.361882 0.361909 0.361915 0.361927 0.000000 0.000000
0.000000 0.000000 0.366749 0.366740 0.366725 0.366706 0.366673 0.366629 0.366631 0.366622 0.366619 0.366617 0.366619 0.366617 0.366660 0.366694 0.366715 0.366726 0.366736 0.000000 0.000000
0.000000 0.000000 0.371805 0.371796 0.371787 0.371769 0.371722 0.371683 0.371683 0.371678 0.371672 0.371675 0.371681 0.371678 0.371714 0.371753 0.371777 0.371785 0.371792 0.000000 0.000000
0.000000 0.000000 0.377253 0.377246 0.377237 0.377197 0.377164 0.377119 0.377129 0.377104 0.377108 0.377106 0.377097 0.377113 0.377146 0.377170 0.377201 0.377217 0.377237 0.000000 0.000000
0.000000 0.000000 0.383276 0.383260 0.383240 0.383215 0.383178 0.383121 0.383117 0.383111 0.383123 0.383104 0.383110 0.383113 0.383172 0.383201 0.383223 0.383234 0.383284 0.000000 0.000000
0.000000 0.000000 0.389755 0.389739 0.389731 0.389695 0.389662 0.389517 0.389515 0.389506 0.389469 0.389488 0.389496 0.389509 0.389620 0.389650 0.389705 0.389711 0.389736 0.000000 0.000000
0.000000 0.000000 0.397297 0.397292 0.397261 0.397235 0.397057 0.397066 0.397028 0.397029 0.397038 0.397028 0.397023 0.397015 0.397003 0.397187 0.397219 0.397267 0.397303 0.000000 0.000000
0.000000 0.000000 0.406131 0.406114 0.406076 0.405853 0.405865 0.405753 0.405701 0.405689 0.405652 0.405624 0.405648 0.405643 0.405752 0.405754 0.406049 0.406006 0.406013 0.000000 0.000000
0.000000 0.000000 0.415802 0.415786 0.415466 0.415541 0.415517 0.415482 0.415596 0.415558 0.415618 0.415594 0.415543 0.415622 0.415634 0.415653 0.415437 0.415890 0.415884 0.000000 0.000000
0.000000 0.000000 0.427744 0.427244 0.427325 0.427141 0.426889 0.426814 0.426686 0.426715 0.426571 0.426582 0.426663 0.426585 0.426711 0.426897 0.427306 0.427065 0.427582 0.000000 0.000000
0.000000 0.000000 0.432551 0.432990 0.433420 0.433412 0.433417 0.433004 0.433064 0.432945 0.433131 0.433092 0.433067 0.433129 0.433478 0.433473 0.433498 0.433150 0.432721 0.000000 0.000000
0.000000 0.000000 0.350000 0.350000 0.350000 0.350000 0.350000 0.350000 0.350000 0.350000 0.350000 0.350000 0.350000 0.350000 0.350000 0.350000 0.350000 0.350000 0.350000 0.000000 0.000000
0.000000 0.000000 0.000000 0.000000 0.000000 0.000000 0.000000 0.000000 0.000000 0.000000 0.000000 0.000000 0.000000 0.000000 0.000000 0.000000 0.000000 0.000000 0.000000 0.000000 0.000000