geotop/1.0zi/1.0Montebello/Templates/testdem/maps/_Eocsilt062l.asc
ncols         21
nrows         20
xllcorner     100.000000
yllcorner     100.000000
cellsize      50.000000
NODATA_value  -9999.0
0.000000 0.000000 0.000000 0.000000 0.000000 0.000000 0.000000 0.000000 0.000000 0.000000 0.000000 0.000000 0.000000 0.000000 0.000000 0.000000 0.000000 0.000000 0.000000 0.000000 0.000000
0.000000 0.000000 0.350232 0.350232 0.350232 0.350233 0.350232 0.350232 0.350232 0.350232 0.350232 0.350232 0.350232 0.350232 0.350232 0.350232 0.350233 0.350233 0.350232 0.000000 0.000000
0.000000 0.000000 0.350009 0.350008 0.350009 0.350008 0.350010 0.350009 0.350009 0.350010 0.350010 0.350009 0.350010 0.350010 0.350009 0.350008 0.350007 0.350007 0.350008 0.000000 0.000000
0.000000 0.000000 0.350198 0.350194 0.350187 0.350183 0.350182 0.350176 0.350179 0.350180 0.350178 0.350182 0.350183 0.350182 0.350184 0.350188 0.350191 0.350195 0.350196 0.000000 0.000000
0.000000 0.000000 0.351874 0.351879 0.351869 0.351844 0.351833 0.351825 0.351829 0.351826 0.351826 0.351828 0.351833 0.351832 0.351846 0.351855 0.351863 0.351869 0.351873 0.000000 0.000000
0.000000 0.000000 0.356206 0.356198 0.356181 0.356148 0.356111 0.356081 0.356081 0.356077 0.356076 0.356078 0.356082 0.356079 0.356098 0.356124 0.356140 0.356150 0.356157 0.000000 0.000000
0.000000 0.000000 0.362227 0.362214 0.362194 0.362148 0.362101 0.362039 0.362043 0.362041 0.362034 0.362033 0.362030 0.362035 0.362083 0.362119 0.362145 0.362162 0.362170 0.000000 0.000000
0.000000 0.000000 0.369423 0.369406 0.369386 0.369328 0.369277 0.369219 0.369221 0.369216 0.369208 0.369205 0.369202 0.369211 0.369256 0.369299 0.369339 0.369347 0.369362 0.000000 0.000000
0.000000 0.000000 0.377502 0.377478 0.377444 0.377397 0.377338 0.377265 0.377273 0.377263 0.377251 0.377249 0.377253 0.377248 0.377315 0.377367 0.377399 0.377414 0.377427 0.000000 0.000000
0.000000 0.000000 0.386651 0.386619 0.386588 0.386537 0.386471 0.386393 0.386395 0.386390 0.386373 0.386379 0.386386 0.386383 0.386436 0.386504 0.386543 0.386559 0.386564 0.000000 0.000000
0.000000 0.000000 0.397361 0.397333 0.397305 0.397191 0.397160 0.397054 0.397078 0.397031 0.397033 0.397024 0.397004 0.397033 0.397097 0.397139 0.397194 0.397215 0.397260 0.000000 0.000000
0.000000 0.000000 0.410235 0.410172 0.410097 0.410045 0.409983 0.409845 0.409834 0.409841 0.409852 0.409812 0.409832 0.409816 0.409937 0.410011 0.410039 0.410059 0.410149 0.000000 0.000000
0.000000 0.000000 0.424772 0.424714 0.424696 0.424577 0.424502 0.424123 0.424114 0.424094 0.423946 0.424047 0.424045 0.424079 0.424352 0.424408 0.424555 0.424563 0.424565 0.000000 0.000000
0.000000 0.000000 0.441820 0.441795 0.441665 0.441600 0.441105 0.441348 0.441244 0.441248 0.441339 0.441249 0.441235 0.441171 0.440954 0.441498 0.441494 0.441623 0.441694 0.000000 0.000000
0.000000 0.000000 0.456601 0.456558 0.456501 0.456077 0.456286 0.456001 0.455956 0.455928 0.455818 0.455797 0.455841 0.455852 0.456097 0.455887 0.456435 0.456301 0.456273 0.000000 0.000000
0.000000 0.000000 0.465631 0.465609 0.465407 0.465395 0.465408 0.465347 0.465415 0.465390 0.465406 0.465394 0.465371 0.465413 0.465443 0.465426 0.465358 0.465603 0.465592 0.000000 0.000000
0.000000 0.000000 0.471256 0.471266 0.471079 0.471156 0.471143 0.471140 0.471220 0.471198 0.471239 0.471228 0.471194 0.471240 0.471220 0.471230 0.471045 0.471324 0.471297 0.000000 0.000000
0.000000 0.000000 0.476113 0.475908 0.475802 0.475783 0.475699 0.475743 0.475724 0.475743 0.475687 0.475694 0.475709 0.475693 0.475668 0.475727 0.475768 0.475847 0.476052 0.000000 0.000000
0.000000 0.000000 0.350000 0.350000 0.350000 0.350000 0.350000 0.350000 0.350000 0.350000 0.350000 0.350000 0.350000 0.350000 0.350000 0.350000 0.350000 0.350000 0.350000 0.000000 0.000000
0.000000 0.000000 0.000000 0.000000 0.000000 0.000000 0.000000 0.000000 0.000000 0.000000 0.000000 0.000000 0.000000 0.000000 0.000000 0.000000 0.000000 0.000000 0.000000 0.000000 0.000000