geotop/1.0zi/1.0Montebello/Templates/testdem/maps/_Eocsand2587.asc
ncols         21
nrows         20
xllcorner     100.000000
yllcorner     100.000000
cellsize      50.000000
NODATA_value  -9999.0
0.000000 0.000000 0.000000 0.000000 0.000000 0.000000 0.000000 0.000000 0.000000 0.000000 0.000000 0.000000 0.000000 0.000000 0.000000 0.000000 0.000000 0.000000 0.000000 0.000000 0.000000
0.000000 0.000000 0.300077 0.300077 0.300077 0.300077 0.300077 0.300077 0.300077 0.300077 0.300078 0.300077 0.300077 0.300077 0.300077 0.300077 0.300077 0.300077 0.300077 0.000000 0.000000
0.000000 0.000000 0.300012 0.300013 0.300013 0.300012 0.300012 0.300012 0.300012 0.300012 0.300011 0.300012 0.300012 0.300012 0.300012 0.300012 0.300013 0.300013 0.300012 0.000000 0.000000
0.000000 0.000000 0.298331 0.298332 0.298336 0.298334 0.298330 0.298331 0.298331 0.298331 0.298331 0.298331 0.298331 0.298331 0.298330 0.298334 0.298336 0.298332 0.298331 0.000000 0.000000
0.000000 0.000000 0.291220 0.291222 0.291225 0.291225 0.291219 0.291221 0.291221 0.291218 0.291218 0.291218 0.291221 0.291221 0.291219 0.291225 0.291225 0.291222 0.291220 0.000000 0.000000
0.000000 0.000000 0.282538 0.282539 0.282542 0.282541 0.282536 0.282538 0.282538 0.282536 0.282536 0.282536 0.282538 0.282538 0.282536 0.282541 0.282542 0.282539 0.282538 0.000000 0.000000
0.000000 0.000000 0.274449 0.274450 0.274453 0.274452 0.274448 0.274450 0.274450 0.274448 0.274447 0.274448 0.274450 0.274450 0.274448 0.274452 0.274453 0.274450 0.274449 0.000000 0.000000
0.000000 0.000000 0.267049 0.267050 0.267052 0.267052 0.267048 0.267050 0.267049 0.267048 0.267047 0.267048 0.267049 0.267050 0.267048 0.267052 0.267052 0.267050 0.267049 0.000000 0.000000
0.000000 0.000000 0.260159 0.260159 0.260162 0.260161 0.260158 0.260159 0.260159 0.260158 0.260157 0.260158 0.260159 0.260159 0.260158 0.260161 0.260162 0.260159 0.260159 0.000000 0.000000
0.000000 0.000000 0.253619 0.253620 0.253622 0.253621 0.253618 0.253619 0.253619 0.253618 0.253617 0.253618 0.253619 0.253619 0.253618 0.253621 0.253622 0.253620 0.253619 0.000000 0.000000
0.000000 0.000000 0.247351 0.247352 0.247354 0.247353 0.247350 0.247351 0.247351 0.247350 0.247350 0.247350 0.247351 0.247351 0.247350 0.247353 0.247354 0.247352 0.247351 0.000000 0.000000
0.000000 0.000000 0.241296 0.241297 0.241299 0.241298 0.241296 0.241297 0.241297 0.241295 0.241295 0.241295 0.241297 0.241297 0.241296 0.241298 0.241299 0.241297 0.241296 0.000000 0.000000
0.000000 0.000000 0.235412 0.235412 0.235415 0.235414 0.235411 0.235412 0.235412 0.235411 0.235410 0.235411 0.235412 0.235412 0.235411 0.235414 0.235415 0.235412 0.235412 0.000000 0.000000
0.000000 0.000000 0.229668 0.229669 0.229671 0.229670 0.229667 0.229668 0.229668 0.229667 0.229667 0.229667 0.229668 0.229668 0.229667 0.229670 0.229671 0.229669 0.229668 0.000000 0.000000
0.000000 0.000000 0.224046 0.224047 0.224049 0.224048 0.224046 0.224047 0.224046 0.224045 0.224045 0.224045 0.224046 0.224047 0.224046 0.224048 0.224049 0.224047 0.224046 0.000000 0.000000
0.000000 0.000000 0.218535 0.218536 0.218538 0.218537 0.218535 0.218536 0.218536 0.218535 0.218534 0.218535 0.218536 0.218536 0.218535 0.218537 0.218538 0.218536 0.218535 0.000000 0.000000
0.000000 0.000000 0.213129 0.213129 0.213132 0.213131 0.213129 0.213129 0.213129 0.213128 0.213128 0.213128 0.213129 0.213129 0.213129 0.213131 0.213132 0.213129 0.213129 0.000000 0.000000
0.000000 0.000000 0.207747 0.207747 0.207750 0.207749 0.207746 0.207747 0.207747 0.207746 0.207746 0.207746 0.207747 0.207747 0.207746 0.207749 0.207750 0.207747 0.207747 0.000000 0.000000
0.000000 0.000000 0.300000 0.300000 0.300000 0.300000 0.300000 0.300000 0.300000 0.300000 0.300000 0.300000 0.300000 0.300000 0.300000 0.300000 0.300000 0.300000 0.300000 0.000000 0.000000
0.000000 0.000000 0.000000 0.000000 0.000000 0.000000 0.000000 0.000000 0.000000 0.000000 0.000000 0.000000 0.000000 0.000000 0.000000 0.000000 0.000000 0.000000 0.000000 0.000000 0.000000