geotop/1.0zi/1.0Montebello/Templates/testdem/maps/_Eocsand8419.asc
ncols         21
nrows         20
xllcorner     100.000000
yllcorner     100.000000
cellsize      50.000000
NODATA_value  -9999.0
0.000000 0.000000 0.000000 0.000000 0.000000 0.000000 0.000000 0.000000 0.000000 0.000000 0.000000 0.000000 0.000000 0.000000 0.000000 0.000000 0.000000 0.000000 0.000000 0.000000 0.000000
0.000000 0.000000 0.300210 0.300208 0.300208 0.300208 0.300207 0.300207 0.300207 0.300207 0.300208 0.300207 0.300207 0.300208 0.300207 0.300207 0.300209 0.300209 0.300209 0.000000 0.000000
0.000000 0.000000 0.300011 0.300012 0.300012 0.300011 0.300012 0.300012 0.300012 0.300012 0.300012 0.300012 0.300011 0.300012 0.300012 0.300012 0.300012 0.300013 0.300013 0.000000 0.000000
0.000000 0.000000 0.299893 0.299893 0.299897 0.299905 0.299901 0.299909 0.299904 0.299906 0.299906 0.299906 0.299906 0.299908 0.299903 0.299898 0.299896 0.299893 0.299894 0.000000 0.000000
0.000000 0.000000 0.297936 0.297934 0.297943 0.297957 0.297979 0.297989 0.297996 0.297995 0.297999 0.297997 0.298001 0.297994 0.297973 0.297965 0.297953 0.297939 0.297929 0.000000 0.000000
0.000000 0.000000 0.292155 0.292157 0.292178 0.292225 0.292261 0.292309 0.292310 0.292322 0.292313 0.292315 0.292311 0.292311 0.292285 0.292250 0.292223 0.292201 0.292189 0.000000 0.000000
0.000000 0.000000 0.284034 0.284045 0.284062 0.284115 0.284182 0.284260 0.284261 0.284269 0.284269 0.284268 0.284272 0.284266 0.284198 0.284140 0.284106 0.284078 0.284063 0.000000 0.000000
0.000000 0.000000 0.274397 0.274405 0.274418 0.274479 0.274541 0.274627 0.274628 0.274639 0.274640 0.274645 0.274652 0.274635 0.274562 0.274508 0.274453 0.274438 0.274412 0.000000 0.000000
0.000000 0.000000 0.264050 0.264071 0.264097 0.264137 0.264207 0.264299 0.264294 0.264313 0.264319 0.264323 0.264322 0.264324 0.264234 0.264163 0.264121 0.264099 0.264077 0.000000 0.000000
0.000000 0.000000 0.253050 0.253073 0.253086 0.253125 0.253226 0.253308 0.253309 0.253318 0.253333 0.253324 0.253315 0.253318 0.253243 0.253159 0.253110 0.253091 0.253077 0.000000 0.000000
0.000000 0.000000 0.241032 0.241044 0.241059 0.241151 0.241216 0.241321 0.241295 0.241353 0.241342 0.241348 0.241369 0.241334 0.241259 0.241210 0.241143 0.241108 0.241063 0.000000 0.000000
0.000000 0.000000 0.227608 0.227648 0.227685 0.227736 0.227821 0.227941 0.227954 0.227963 0.227939 0.227983 0.227968 0.227964 0.227834 0.227766 0.227724 0.227696 0.227589 0.000000 0.000000
0.000000 0.000000 0.212996 0.213037 0.213039 0.213130 0.213195 0.213526 0.213534 0.213548 0.213642 0.213590 0.213578 0.213546 0.213291 0.213229 0.213102 0.213091 0.213037 0.000000 0.000000
0.000000 0.000000 0.195722 0.195733 0.195797 0.195856 0.196274 0.196234 0.196320 0.196318 0.196290 0.196323 0.196333 0.196361 0.196403 0.195960 0.195900 0.195782 0.195703 0.000000 0.000000
0.000000 0.000000 0.175256 0.175297 0.175380 0.175917 0.175854 0.176128 0.176249 0.176275 0.176373 0.176435 0.176378 0.176388 0.176122 0.176154 0.175441 0.175556 0.175547 0.000000 0.000000
0.000000 0.000000 0.152858 0.152895 0.153667 0.153434 0.153498 0.153561 0.153265 0.153357 0.153201 0.153255 0.153388 0.153195 0.153187 0.153138 0.153742 0.152605 0.152622 0.000000 0.000000
0.000000 0.000000 0.125343 0.126550 0.126256 0.126723 0.127323 0.127508 0.127854 0.127773 0.128143 0.128107 0.127900 0.128111 0.127796 0.127351 0.126305 0.127012 0.125757 0.000000 0.000000
0.000000 0.000000 0.116045 0.114917 0.113926 0.113917 0.113848 0.114801 0.114634 0.114914 0.114448 0.114544 0.114621 0.114463 0.113671 0.113720 0.113748 0.114500 0.115609 0.000000 0.000000
0.000000 0.000000 0.300000 0.300000 0.300000 0.300000 0.300000 0.300000 0.300000 0.300000 0.300000 0.300000 0.300000 0.300000 0.300000 0.300000 0.300000 0.300000 0.300000 0.000000 0.000000
0.000000 0.000000 0.000000 0.000000 0.000000 0.000000 0.000000 0.000000 0.000000 0.000000 0.000000 0.000000 0.000000 0.000000 0.000000 0.000000 0.000000 0.000000 0.000000 0.000000 0.000000