geotop/1.0zi/1.0Montebello/Templates/testdem/maps/_Eocsand6684.asc
ncols         21
nrows         20
xllcorner     100.000000
yllcorner     100.000000
cellsize      50.000000
NODATA_value  -9999.0
0.000000 0.000000 0.000000 0.000000 0.000000 0.000000 0.000000 0.000000 0.000000 0.000000 0.000000 0.000000 0.000000 0.000000 0.000000 0.000000 0.000000 0.000000 0.000000 0.000000 0.000000
0.000000 0.000000 0.300168 0.300166 0.300166 0.300167 0.300166 0.300165 0.300166 0.300166 0.300167 0.300166 0.300166 0.300166 0.300166 0.300166 0.300167 0.300167 0.300167 0.000000 0.000000
0.000000 0.000000 0.300009 0.300010 0.300010 0.300009 0.300010 0.300010 0.300010 0.300010 0.300010 0.300010 0.300009 0.300010 0.300010 0.300010 0.300011 0.300011 0.300012 0.000000 0.000000
0.000000 0.000000 0.299962 0.299961 0.299965 0.299970 0.299967 0.299969 0.299966 0.299969 0.299966 0.299969 0.299968 0.299969 0.299967 0.299962 0.299962 0.299959 0.299959 0.000000 0.000000
0.000000 0.000000 0.298755 0.298750 0.298755 0.298765 0.298782 0.298790 0.298791 0.298791 0.298795 0.298792 0.298795 0.298792 0.298779 0.298776 0.298770 0.298761 0.298750 0.000000 0.000000
0.000000 0.000000 0.294988 0.294986 0.295002 0.295040 0.295062 0.295100 0.295099 0.295110 0.295102 0.295101 0.295098 0.295100 0.295087 0.295063 0.295042 0.295024 0.295013 0.000000 0.000000
0.000000 0.000000 0.289332 0.289336 0.289350 0.289391 0.289441 0.289497 0.289496 0.289504 0.289501 0.289502 0.289504 0.289501 0.289457 0.289411 0.289385 0.289363 0.289347 0.000000 0.000000
0.000000 0.000000 0.282507 0.282507 0.282516 0.282562 0.282610 0.282671 0.282671 0.282677 0.282679 0.282683 0.282686 0.282676 0.282628 0.282584 0.282543 0.282532 0.282509 0.000000 0.000000
0.000000 0.000000 0.275374 0.275383 0.275404 0.275433 0.275482 0.275547 0.275543 0.275558 0.275563 0.275565 0.275563 0.275567 0.275506 0.275451 0.275419 0.275406 0.275386 0.000000 0.000000
0.000000 0.000000 0.268066 0.268078 0.268088 0.268113 0.268183 0.268241 0.268238 0.268247 0.268256 0.268251 0.268241 0.268249 0.268198 0.268137 0.268101 0.268092 0.268077 0.000000 0.000000
0.000000 0.000000 0.260407 0.260415 0.260424 0.260478 0.260525 0.260591 0.260576 0.260612 0.260609 0.260609 0.260620 0.260600 0.260559 0.260520 0.260476 0.260454 0.260422 0.000000 0.000000
0.000000 0.000000 0.252225 0.252244 0.252266 0.252305 0.252352 0.252432 0.252432 0.252448 0.252430 0.252454 0.252450 0.252444 0.252369 0.252328 0.252297 0.252282 0.252204 0.000000 0.000000
0.000000 0.000000 0.243678 0.243698 0.243709 0.243753 0.243795 0.243974 0.243976 0.243990 0.244031 0.244013 0.243999 0.243985 0.243852 0.243811 0.243742 0.243735 0.243683 0.000000 0.000000
0.000000 0.000000 0.234184 0.234193 0.234223 0.234258 0.234447 0.234477 0.234519 0.234521 0.234526 0.234528 0.234530 0.234537 0.234529 0.234327 0.234275 0.234223 0.234167 0.000000 0.000000
0.000000 0.000000 0.223495 0.223508 0.223552 0.223768 0.223811 0.223916 0.223986 0.223997 0.224035 0.224064 0.224038 0.224051 0.223960 0.223892 0.223597 0.223624 0.223596 0.000000 0.000000
0.000000 0.000000 0.211970 0.211985 0.212277 0.212293 0.212306 0.212367 0.212290 0.212328 0.212291 0.212326 0.212361 0.212296 0.212265 0.212241 0.212316 0.211934 0.211930 0.000000 0.000000
0.000000 0.000000 0.198288 0.198710 0.198781 0.198908 0.199117 0.199194 0.199252 0.199246 0.199349 0.199353 0.199304 0.199339 0.199236 0.199075 0.198810 0.198818 0.198384 0.000000 0.000000
0.000000 0.000000 0.189408 0.189259 0.188859 0.188938 0.189035 0.189417 0.189412 0.189504 0.189411 0.189441 0.189428 0.189407 0.189064 0.188987 0.188798 0.189186 0.189312 0.000000 0.000000
0.000000 0.000000 0.300000 0.300000 0.300000 0.300000 0.300000 0.300000 0.300000 0.300000 0.300000 0.300000 0.300000 0.300000 0.300000 0.300000 0.300000 0.300000 0.300000 0.000000 0.000000
0.000000 0.000000 0.000000 0.000000 0.000000 0.000000 0.000000 0.000000 0.000000 0.000000 0.000000 0.000000 0.000000 0.000000 0.000000 0.000000 0.000000 0.000000 0.000000 0.000000 0.000000