geotop/1.0zi/1.0Montebello/Templates/testdem/maps/_Eocsand0695.asc
ncols         21
nrows         20
xllcorner     100.000000
yllcorner     100.000000
cellsize      50.000000
NODATA_value  -9999.0
0.000000 0.000000 0.000000 0.000000 0.000000 0.000000 0.000000 0.000000 0.000000 0.000000 0.000000 0.000000 0.000000 0.000000 0.000000 0.000000 0.000000 0.000000 0.000000 0.000000 0.000000
0.000000 0.000000 0.300026 0.300026 0.300026 0.300026 0.300026 0.300026 0.300026 0.300026 0.300026 0.300026 0.300026 0.300026 0.300026 0.300026 0.300026 0.300026 0.300026 0.000000 0.000000
0.000000 0.000000 0.300005 0.300005 0.300005 0.300005 0.300005 0.300005 0.300005 0.300005 0.300005 0.300005 0.300005 0.300005 0.300005 0.300005 0.300005 0.300005 0.300005 0.000000 0.000000
0.000000 0.000000 0.299423 0.299423 0.299427 0.299423 0.299423 0.299423 0.299423 0.299423 0.299423 0.299423 0.299423 0.299423 0.299423 0.299423 0.299427 0.299423 0.299423 0.000000 0.000000
0.000000 0.000000 0.297382 0.297382 0.297386 0.297383 0.297382 0.297382 0.297382 0.297382 0.297382 0.297382 0.297382 0.297382 0.297382 0.297383 0.297386 0.297382 0.297382 0.000000 0.000000
0.000000 0.000000 0.295097 0.295097 0.295100 0.295097 0.295097 0.295096 0.295096 0.295096 0.295097 0.295096 0.295096 0.295096 0.295097 0.295097 0.295100 0.295097 0.295097 0.000000 0.000000
0.000000 0.000000 0.292957 0.292957 0.292960 0.292957 0.292957 0.292957 0.292957 0.292957 0.292957 0.292957 0.292957 0.292957 0.292957 0.292957 0.292960 0.292957 0.292957 0.000000 0.000000
0.000000 0.000000 0.290966 0.290966 0.290969 0.290966 0.290966 0.290966 0.290965 0.290966 0.290966 0.290966 0.290965 0.290966 0.290966 0.290966 0.290969 0.290966 0.290966 0.000000 0.000000
0.000000 0.000000 0.289082 0.289082 0.289084 0.289082 0.289082 0.289082 0.289082 0.289082 0.289082 0.289082 0.289082 0.289082 0.289082 0.289082 0.289084 0.289082 0.289082 0.000000 0.000000
0.000000 0.000000 0.287263 0.287263 0.287266 0.287264 0.287263 0.287263 0.287263 0.287263 0.287263 0.287263 0.287263 0.287263 0.287263 0.287264 0.287266 0.287263 0.287263 0.000000 0.000000
0.000000 0.000000 0.285492 0.285492 0.285495 0.285492 0.285492 0.285492 0.285492 0.285492 0.285492 0.285492 0.285492 0.285492 0.285492 0.285492 0.285495 0.285492 0.285492 0.000000 0.000000
0.000000 0.000000 0.283755 0.283755 0.283757 0.283755 0.283755 0.283754 0.283754 0.283755 0.283755 0.283755 0.283754 0.283754 0.283755 0.283755 0.283757 0.283755 0.283755 0.000000 0.000000
0.000000 0.000000 0.282047 0.282047 0.282050 0.282047 0.282047 0.282047 0.282047 0.282047 0.282047 0.282047 0.282047 0.282047 0.282047 0.282047 0.282050 0.282047 0.282047 0.000000 0.000000
0.000000 0.000000 0.280365 0.280365 0.280367 0.280365 0.280365 0.280365 0.280365 0.280365 0.280365 0.280365 0.280365 0.280365 0.280365 0.280365 0.280367 0.280365 0.280365 0.000000 0.000000
0.000000 0.000000 0.278700 0.278700 0.278702 0.278700 0.278700 0.278699 0.278699 0.278699 0.278700 0.278699 0.278699 0.278699 0.278700 0.278700 0.278702 0.278700 0.278700 0.000000 0.000000
0.000000 0.000000 0.277036 0.277036 0.277039 0.277036 0.277036 0.277036 0.277036 0.277036 0.277036 0.277036 0.277036 0.277036 0.277036 0.277036 0.277039 0.277036 0.277036 0.000000 0.000000
0.000000 0.000000 0.275387 0.275387 0.275390 0.275387 0.275387 0.275387 0.275387 0.275387 0.275387 0.275387 0.275387 0.275387 0.275387 0.275387 0.275390 0.275387 0.275387 0.000000 0.000000
0.000000 0.000000 0.273727 0.273727 0.273729 0.273727 0.273727 0.273727 0.273727 0.273727 0.273727 0.273727 0.273727 0.273727 0.273727 0.273727 0.273729 0.273727 0.273727 0.000000 0.000000
0.000000 0.000000 0.300000 0.300000 0.300000 0.300000 0.300000 0.300000 0.300000 0.300000 0.300000 0.300000 0.300000 0.300000 0.300000 0.300000 0.300000 0.300000 0.300000 0.000000 0.000000
0.000000 0.000000 0.000000 0.000000 0.000000 0.000000 0.000000 0.000000 0.000000 0.000000 0.000000 0.000000 0.000000 0.000000 0.000000 0.000000 0.000000 0.000000 0.000000 0.000000 0.000000