geotop/1.0zi/1.0Montebello/Templates/testdem/maps/_Eocclay1868.asc
ncols         21
nrows         20
xllcorner     100.000000
yllcorner     100.000000
cellsize      50.000000
NODATA_value  -9999.0
0.000000 0.000000 0.000000 0.000000 0.000000 0.000000 0.000000 0.000000 0.000000 0.000000 0.000000 0.000000 0.000000 0.000000 0.000000 0.000000 0.000000 0.000000 0.000000 0.000000 0.000000
0.000000 0.000000 0.349903 0.349903 0.349903 0.349903 0.349903 0.349903 0.349903 0.349903 0.349903 0.349903 0.349903 0.349903 0.349903 0.349903 0.349903 0.349903 0.349903 0.000000 0.000000
0.000000 0.000000 0.349993 0.349993 0.349993 0.349993 0.349993 0.349993 0.349993 0.349993 0.349993 0.349993 0.349993 0.349993 0.349993 0.349993 0.349993 0.349993 0.349993 0.000000 0.000000
0.000000 0.000000 0.350649 0.350649 0.350647 0.350648 0.350649 0.350649 0.350649 0.350649 0.350649 0.350649 0.350649 0.350649 0.350649 0.350648 0.350647 0.350649 0.350649 0.000000 0.000000
0.000000 0.000000 0.353376 0.353375 0.353373 0.353373 0.353377 0.353376 0.353376 0.353377 0.353377 0.353377 0.353376 0.353376 0.353377 0.353373 0.353373 0.353375 0.353376 0.000000 0.000000
0.000000 0.000000 0.356492 0.356492 0.356490 0.356490 0.356493 0.356492 0.356492 0.356493 0.356493 0.356493 0.356492 0.356492 0.356493 0.356490 0.356490 0.356492 0.356492 0.000000 0.000000
0.000000 0.000000 0.359450 0.359450 0.359448 0.359449 0.359451 0.359450 0.359450 0.359451 0.359451 0.359451 0.359450 0.359450 0.359451 0.359449 0.359448 0.359450 0.359450 0.000000 0.000000
0.000000 0.000000 0.362173 0.362173 0.362172 0.362172 0.362174 0.362173 0.362173 0.362174 0.362174 0.362174 0.362173 0.362173 0.362174 0.362172 0.362172 0.362173 0.362173 0.000000 0.000000
0.000000 0.000000 0.364722 0.364722 0.364720 0.364721 0.364722 0.364722 0.364722 0.364723 0.364723 0.364723 0.364722 0.364722 0.364722 0.364721 0.364720 0.364722 0.364722 0.000000 0.000000
0.000000 0.000000 0.367158 0.367158 0.367156 0.367157 0.367158 0.367158 0.367158 0.367159 0.367159 0.367159 0.367158 0.367158 0.367158 0.367157 0.367156 0.367158 0.367158 0.000000 0.000000
0.000000 0.000000 0.369507 0.369507 0.369506 0.369506 0.369508 0.369507 0.369507 0.369508 0.369508 0.369508 0.369507 0.369507 0.369508 0.369506 0.369506 0.369507 0.369507 0.000000 0.000000
0.000000 0.000000 0.371793 0.371792 0.371791 0.371792 0.371793 0.371793 0.371793 0.371793 0.371793 0.371793 0.371793 0.371793 0.371793 0.371792 0.371791 0.371792 0.371793 0.000000 0.000000
0.000000 0.000000 0.374031 0.374030 0.374029 0.374030 0.374031 0.374031 0.374031 0.374031 0.374031 0.374031 0.374031 0.374031 0.374031 0.374030 0.374029 0.374030 0.374031 0.000000 0.000000
0.000000 0.000000 0.376224 0.376224 0.376223 0.376223 0.376225 0.376224 0.376224 0.376225 0.376225 0.376225 0.376224 0.376224 0.376225 0.376223 0.376223 0.376224 0.376224 0.000000 0.000000
0.000000 0.000000 0.378383 0.378383 0.378382 0.378382 0.378383 0.378383 0.378383 0.378384 0.378384 0.378384 0.378383 0.378383 0.378383 0.378382 0.378382 0.378383 0.378383 0.000000 0.000000
0.000000 0.000000 0.380513 0.380513 0.380512 0.380512 0.380514 0.380513 0.380513 0.380514 0.380514 0.380514 0.380513 0.380513 0.380514 0.380512 0.380512 0.380513 0.380513 0.000000 0.000000
0.000000 0.000000 0.382614 0.382614 0.382613 0.382613 0.382615 0.382614 0.382614 0.382615 0.382615 0.382615 0.382614 0.382614 0.382615 0.382613 0.382613 0.382614 0.382614 0.000000 0.000000
0.000000 0.000000 0.384726 0.384726 0.384725 0.384726 0.384727 0.384726 0.384727 0.384727 0.384727 0.384727 0.384727 0.384726 0.384727 0.384726 0.384725 0.384726 0.384727 0.000000 0.000000
0.000000 0.000000 0.350000 0.350000 0.350000 0.350000 0.350000 0.350000 0.350000 0.350000 0.350000 0.350000 0.350000 0.350000 0.350000 0.350000 0.350000 0.350000 0.350000 0.000000 0.000000
0.000000 0.000000 0.000000 0.000000 0.000000 0.000000 0.000000 0.000000 0.000000 0.000000 0.000000 0.000000 0.000000 0.000000 0.000000 0.000000 0.000000 0.000000 0.000000 0.000000 0.000000