geotop/1.0zi/1.0Montebello/Templates/testdem/maps/_Eocsilt7997.asc
ncols         21
nrows         20
xllcorner     100.000000
yllcorner     100.000000
cellsize      50.000000
NODATA_value  -9999.0
0.000000 0.000000 0.000000 0.000000 0.000000 0.000000 0.000000 0.000000 0.000000 0.000000 0.000000 0.000000 0.000000 0.000000 0.000000 0.000000 0.000000 0.000000 0.000000 0.000000 0.000000
0.000000 0.000000 0.350167 0.350167 0.350167 0.350168 0.350167 0.350167 0.350167 0.350167 0.350168 0.350167 0.350167 0.350167 0.350167 0.350167 0.350168 0.350168 0.350167 0.000000 0.000000
0.000000 0.000000 0.350005 0.350005 0.350005 0.350005 0.350006 0.350005 0.350005 0.350006 0.350006 0.350006 0.350006 0.350006 0.350006 0.350005 0.350003 0.350004 0.350005 0.000000 0.000000
0.000000 0.000000 0.350103 0.350099 0.350098 0.350091 0.350093 0.350088 0.350090 0.350091 0.350087 0.350090 0.350090 0.350090 0.350092 0.350095 0.350099 0.350099 0.350100 0.000000 0.000000
0.000000 0.000000 0.351010 0.351016 0.351011 0.351000 0.350993 0.350986 0.350982 0.350981 0.350980 0.350981 0.350981 0.350983 0.350997 0.351002 0.351005 0.351015 0.351018 0.000000 0.000000
0.000000 0.000000 0.353647 0.353647 0.353636 0.353620 0.353601 0.353578 0.353578 0.353571 0.353575 0.353576 0.353577 0.353576 0.353588 0.353601 0.353614 0.353622 0.353627 0.000000 0.000000
0.000000 0.000000 0.357424 0.357420 0.357408 0.357382 0.357349 0.357315 0.357315 0.357311 0.357312 0.357310 0.357308 0.357313 0.357342 0.357370 0.357388 0.357402 0.357409 0.000000 0.000000
0.000000 0.000000 0.361897 0.361894 0.361888 0.361860 0.361829 0.361791 0.361790 0.361786 0.361785 0.361782 0.361780 0.361786 0.361820 0.361848 0.361874 0.361880 0.361892 0.000000 0.000000
0.000000 0.000000 0.366700 0.366691 0.366676 0.366657 0.366624 0.366580 0.366582 0.366572 0.366570 0.366568 0.366570 0.366568 0.366611 0.366645 0.366666 0.366677 0.366687 0.000000 0.000000
0.000000 0.000000 0.371739 0.371730 0.371722 0.371703 0.371657 0.371618 0.371618 0.371613 0.371607 0.371610 0.371615 0.371613 0.371648 0.371687 0.371712 0.371719 0.371727 0.000000 0.000000
0.000000 0.000000 0.377169 0.377162 0.377153 0.377113 0.377080 0.377035 0.377045 0.377020 0.377023 0.377022 0.377013 0.377029 0.377061 0.377086 0.377117 0.377133 0.377153 0.000000 0.000000
0.000000 0.000000 0.383169 0.383152 0.383133 0.383108 0.383071 0.383014 0.383011 0.383004 0.383016 0.382997 0.383003 0.383006 0.383065 0.383094 0.383115 0.383127 0.383177 0.000000 0.000000
0.000000 0.000000 0.389622 0.389606 0.389598 0.389561 0.389529 0.389385 0.389383 0.389374 0.389337 0.389355 0.389363 0.389377 0.389487 0.389517 0.389572 0.389577 0.389603 0.000000 0.000000
0.000000 0.000000 0.397129 0.397124 0.397093 0.397067 0.396890 0.396898 0.396861 0.396862 0.396871 0.396861 0.396856 0.396848 0.396836 0.397020 0.397052 0.397099 0.397135 0.000000 0.000000
0.000000 0.000000 0.405920 0.405903 0.405866 0.405644 0.405655 0.405544 0.405492 0.405480 0.405443 0.405415 0.405440 0.405435 0.405543 0.405545 0.405838 0.405796 0.405803 0.000000 0.000000
0.000000 0.000000 0.415545 0.415530 0.415212 0.415286 0.415262 0.415226 0.415340 0.415302 0.415361 0.415337 0.415287 0.415365 0.415377 0.415396 0.415183 0.415633 0.415626 0.000000 0.000000
0.000000 0.000000 0.427435 0.426939 0.427018 0.426834 0.426584 0.426510 0.426384 0.426412 0.426269 0.426280 0.426360 0.426284 0.426408 0.426593 0.426998 0.426761 0.427275 0.000000 0.000000
0.000000 0.000000 0.432256 0.432690 0.433119 0.433109 0.433114 0.432702 0.432762 0.432644 0.432828 0.432789 0.432765 0.432826 0.433173 0.433169 0.433196 0.432849 0.432424 0.000000 0.000000
0.000000 0.000000 0.350000 0.350000 0.350000 0.350000 0.350000 0.350000 0.350000 0.350000 0.350000 0.350000 0.350000 0.350000 0.350000 0.350000 0.350000 0.350000 0.350000 0.000000 0.000000
0.000000 0.000000 0.000000 0.000000 0.000000 0.000000 0.000000 0.000000 0.000000 0.000000 0.000000 0.000000 0.000000 0.000000 0.000000 0.000000 0.000000 0.000000 0.000000 0.000000 0.000000