geotop/1.0zi/1.0Montebello/Templates/testdem/maps/_Eocsand0839.asc
ncols         21
nrows         20
xllcorner     100.000000
yllcorner     100.000000
cellsize      50.000000
NODATA_value  -9999.0
0.000000 0.000000 0.000000 0.000000 0.000000 0.000000 0.000000 0.000000 0.000000 0.000000 0.000000 0.000000 0.000000 0.000000 0.000000 0.000000 0.000000 0.000000 0.000000 0.000000 0.000000
0.000000 0.000000 0.300030 0.300030 0.300030 0.300030 0.300030 0.300030 0.300030 0.300030 0.300030 0.300030 0.300030 0.300030 0.300030 0.300030 0.300030 0.300030 0.300030 0.000000 0.000000
0.000000 0.000000 0.300005 0.300005 0.300006 0.300005 0.300005 0.300005 0.300005 0.300005 0.300005 0.300005 0.300005 0.300005 0.300005 0.300005 0.300006 0.300005 0.300005 0.000000 0.000000
0.000000 0.000000 0.299349 0.299350 0.299354 0.299353 0.299349 0.299349 0.299349 0.299349 0.299349 0.299349 0.299349 0.299349 0.299349 0.299353 0.299354 0.299350 0.299349 0.000000 0.000000
0.000000 0.000000 0.296920 0.296922 0.296926 0.296926 0.296919 0.296920 0.296921 0.296920 0.296920 0.296920 0.296921 0.296920 0.296919 0.296926 0.296926 0.296922 0.296920 0.000000 0.000000
0.000000 0.000000 0.294065 0.294066 0.294070 0.294070 0.294064 0.294065 0.294065 0.294065 0.294065 0.294065 0.294065 0.294065 0.294064 0.294070 0.294070 0.294066 0.294065 0.000000 0.000000
0.000000 0.000000 0.291395 0.291396 0.291399 0.291399 0.291395 0.291395 0.291396 0.291395 0.291395 0.291395 0.291396 0.291395 0.291395 0.291399 0.291399 0.291396 0.291395 0.000000 0.000000
0.000000 0.000000 0.288929 0.288930 0.288933 0.288933 0.288929 0.288929 0.288929 0.288929 0.288929 0.288929 0.288929 0.288929 0.288929 0.288933 0.288933 0.288930 0.288929 0.000000 0.000000
0.000000 0.000000 0.286612 0.286613 0.286616 0.286615 0.286612 0.286612 0.286612 0.286612 0.286612 0.286612 0.286612 0.286612 0.286612 0.286615 0.286616 0.286613 0.286612 0.000000 0.000000
0.000000 0.000000 0.284392 0.284393 0.284395 0.284395 0.284392 0.284392 0.284392 0.284392 0.284392 0.284392 0.284392 0.284392 0.284392 0.284395 0.284395 0.284393 0.284392 0.000000 0.000000
0.000000 0.000000 0.282239 0.282240 0.282243 0.282242 0.282239 0.282239 0.282239 0.282239 0.282239 0.282239 0.282239 0.282239 0.282239 0.282242 0.282243 0.282240 0.282239 0.000000 0.000000
0.000000 0.000000 0.280135 0.280136 0.280139 0.280138 0.280135 0.280136 0.280136 0.280135 0.280135 0.280135 0.280136 0.280136 0.280135 0.280138 0.280139 0.280136 0.280135 0.000000 0.000000
0.000000 0.000000 0.278073 0.278074 0.278076 0.278076 0.278073 0.278073 0.278073 0.278073 0.278073 0.278073 0.278073 0.278073 0.278073 0.278076 0.278076 0.278074 0.278073 0.000000 0.000000
0.000000 0.000000 0.276044 0.276045 0.276048 0.276047 0.276044 0.276044 0.276044 0.276044 0.276044 0.276044 0.276044 0.276044 0.276044 0.276047 0.276048 0.276045 0.276044 0.000000 0.000000
0.000000 0.000000 0.274039 0.274040 0.274043 0.274042 0.274040 0.274040 0.274040 0.274039 0.274039 0.274039 0.274040 0.274040 0.274040 0.274042 0.274043 0.274040 0.274039 0.000000 0.000000
0.000000 0.000000 0.272049 0.272050 0.272052 0.272052 0.272049 0.272049 0.272049 0.272049 0.272049 0.272049 0.272049 0.272049 0.272049 0.272052 0.272052 0.272050 0.272049 0.000000 0.000000
0.000000 0.000000 0.270079 0.270080 0.270083 0.270082 0.270079 0.270079 0.270080 0.270079 0.270079 0.270079 0.270080 0.270079 0.270079 0.270082 0.270083 0.270080 0.270079 0.000000 0.000000
0.000000 0.000000 0.268074 0.268074 0.268077 0.268076 0.268074 0.268074 0.268074 0.268074 0.268074 0.268074 0.268074 0.268074 0.268074 0.268076 0.268077 0.268074 0.268074 0.000000 0.000000
0.000000 0.000000 0.300000 0.300000 0.300000 0.300000 0.300000 0.300000 0.300000 0.300000 0.300000 0.300000 0.300000 0.300000 0.300000 0.300000 0.300000 0.300000 0.300000 0.000000 0.000000
0.000000 0.000000 0.000000 0.000000 0.000000 0.000000 0.000000 0.000000 0.000000 0.000000 0.000000 0.000000 0.000000 0.000000 0.000000 0.000000 0.000000 0.000000 0.000000 0.000000 0.000000