geotop/1.0zi/1.0Montebello/Templates/testdem/maps/_Eocsilt8210.asc
ncols         21
nrows         20
xllcorner     100.000000
yllcorner     100.000000
cellsize      50.000000
NODATA_value  -9999.0
0.000000 0.000000 0.000000 0.000000 0.000000 0.000000 0.000000 0.000000 0.000000 0.000000 0.000000 0.000000 0.000000 0.000000 0.000000 0.000000 0.000000 0.000000 0.000000 0.000000 0.000000
0.000000 0.000000 0.350171 0.350172 0.350172 0.350172 0.350172 0.350172 0.350172 0.350172 0.350172 0.350172 0.350171 0.350172 0.350171 0.350172 0.350172 0.350172 0.350172 0.000000 0.000000
0.000000 0.000000 0.350005 0.350005 0.350005 0.350005 0.350006 0.350006 0.350006 0.350006 0.350006 0.350006 0.350006 0.350006 0.350006 0.350005 0.350004 0.350004 0.350005 0.000000 0.000000
0.000000 0.000000 0.350103 0.350099 0.350097 0.350091 0.350093 0.350087 0.350090 0.350090 0.350087 0.350090 0.350089 0.350089 0.350092 0.350095 0.350099 0.350099 0.350100 0.000000 0.000000
0.000000 0.000000 0.351036 0.351042 0.351037 0.351026 0.351019 0.351012 0.351008 0.351006 0.351006 0.351006 0.351007 0.351009 0.351023 0.351027 0.351031 0.351041 0.351043 0.000000 0.000000
0.000000 0.000000 0.353776 0.353776 0.353766 0.353750 0.353731 0.353708 0.353707 0.353701 0.353705 0.353706 0.353707 0.353706 0.353718 0.353732 0.353745 0.353753 0.353759 0.000000 0.000000
0.000000 0.000000 0.357693 0.357689 0.357678 0.357651 0.357618 0.357583 0.357583 0.357580 0.357581 0.357579 0.357576 0.357581 0.357611 0.357639 0.357657 0.357673 0.357680 0.000000 0.000000
0.000000 0.000000 0.362327 0.362325 0.362318 0.362291 0.362259 0.362220 0.362219 0.362215 0.362214 0.362211 0.362209 0.362216 0.362250 0.362278 0.362305 0.362312 0.362325 0.000000 0.000000
0.000000 0.000000 0.367316 0.367308 0.367292 0.367273 0.367240 0.367195 0.367197 0.367187 0.367185 0.367183 0.367185 0.367183 0.367227 0.367261 0.367283 0.367294 0.367305 0.000000 0.000000
0.000000 0.000000 0.372579 0.372570 0.372562 0.372543 0.372495 0.372455 0.372455 0.372451 0.372444 0.372447 0.372453 0.372451 0.372487 0.372527 0.372552 0.372560 0.372568 0.000000 0.000000
0.000000 0.000000 0.378275 0.378269 0.378260 0.378219 0.378186 0.378139 0.378149 0.378124 0.378127 0.378126 0.378117 0.378133 0.378166 0.378192 0.378223 0.378240 0.378262 0.000000 0.000000
0.000000 0.000000 0.384604 0.384587 0.384567 0.384542 0.384504 0.384444 0.384440 0.384434 0.384447 0.384427 0.384433 0.384437 0.384498 0.384529 0.384550 0.384563 0.384616 0.000000 0.000000
0.000000 0.000000 0.391444 0.391428 0.391420 0.391382 0.391349 0.391196 0.391193 0.391184 0.391144 0.391165 0.391174 0.391188 0.391304 0.391336 0.391394 0.391401 0.391427 0.000000 0.000000
0.000000 0.000000 0.399458 0.399453 0.399421 0.399395 0.399203 0.399218 0.399177 0.399178 0.399190 0.399178 0.399173 0.399164 0.399147 0.399346 0.399378 0.399430 0.399468 0.000000 0.000000
0.000000 0.000000 0.408890 0.408873 0.408834 0.408591 0.408611 0.408489 0.408435 0.408422 0.408381 0.408352 0.408379 0.408374 0.408492 0.408486 0.408807 0.408759 0.408766 0.000000 0.000000
0.000000 0.000000 0.419199 0.419184 0.418835 0.418928 0.418902 0.418868 0.418997 0.418957 0.419025 0.419000 0.418943 0.419030 0.419038 0.419058 0.418805 0.419309 0.419303 0.000000 0.000000
0.000000 0.000000 0.431862 0.431322 0.431432 0.431231 0.430960 0.430881 0.430733 0.430768 0.430607 0.430621 0.430713 0.430623 0.430759 0.430959 0.431414 0.431124 0.431687 0.000000 0.000000
0.000000 0.000000 0.436560 0.437049 0.437500 0.437502 0.437521 0.437087 0.437158 0.437031 0.437236 0.437194 0.437164 0.437233 0.437595 0.437580 0.437584 0.437231 0.436754 0.000000 0.000000
0.000000 0.000000 0.350000 0.350000 0.350000 0.350000 0.350000 0.350000 0.350000 0.350000 0.350000 0.350000 0.350000 0.350000 0.350000 0.350000 0.350000 0.350000 0.350000 0.000000 0.000000
0.000000 0.000000 0.000000 0.000000 0.000000 0.000000 0.000000 0.000000 0.000000 0.000000 0.000000 0.000000 0.000000 0.000000 0.000000 0.000000 0.000000 0.000000 0.000000 0.000000 0.000000