geotop/1.0zi/1.0Montebello/Templates/testdem/maps/_Eocsand156b.asc
ncols         21
nrows         20
xllcorner     100.000000
yllcorner     100.000000
cellsize      50.000000
NODATA_value  -9999.0
0.000000 0.000000 0.000000 0.000000 0.000000 0.000000 0.000000 0.000000 0.000000 0.000000 0.000000 0.000000 0.000000 0.000000 0.000000 0.000000 0.000000 0.000000 0.000000 0.000000 0.000000
0.000000 0.000000 0.300296 0.300293 0.300293 0.300294 0.300292 0.300292 0.300293 0.300292 0.300294 0.300293 0.300293 0.300293 0.300293 0.300293 0.300294 0.300293 0.300293 0.000000 0.000000
0.000000 0.000000 0.300011 0.300013 0.300014 0.300011 0.300013 0.300014 0.300013 0.300013 0.300013 0.300012 0.300012 0.300013 0.300012 0.300013 0.300014 0.300014 0.300013 0.000000 0.000000
0.000000 0.000000 0.299627 0.299616 0.299632 0.299639 0.299634 0.299645 0.299642 0.299641 0.299645 0.299644 0.299643 0.299638 0.299641 0.299632 0.299628 0.299624 0.299624 0.000000 0.000000
0.000000 0.000000 0.295602 0.295612 0.295632 0.295667 0.295704 0.295717 0.295722 0.295724 0.295732 0.295720 0.295714 0.295719 0.295696 0.295677 0.295658 0.295640 0.295625 0.000000 0.000000
0.000000 0.000000 0.285511 0.285527 0.285574 0.285653 0.285728 0.285794 0.285796 0.285807 0.285817 0.285814 0.285801 0.285809 0.285773 0.285704 0.285672 0.285642 0.285630 0.000000 0.000000
0.000000 0.000000 0.271745 0.271773 0.271820 0.271914 0.272011 0.272155 0.272163 0.272173 0.272190 0.272187 0.272189 0.272186 0.272079 0.271994 0.271944 0.271901 0.271887 0.000000 0.000000
0.000000 0.000000 0.255049 0.255083 0.255134 0.255261 0.255370 0.255508 0.255522 0.255536 0.255557 0.255560 0.255566 0.255548 0.255450 0.255352 0.255268 0.255244 0.255213 0.000000 0.000000
0.000000 0.000000 0.235870 0.235922 0.236003 0.236105 0.236234 0.236408 0.236413 0.236441 0.236468 0.236473 0.236467 0.236479 0.236331 0.236209 0.236142 0.236105 0.236078 0.000000 0.000000
0.000000 0.000000 0.213413 0.213495 0.213573 0.213685 0.213840 0.214025 0.214053 0.214067 0.214114 0.214098 0.214068 0.214081 0.213965 0.213800 0.213712 0.213670 0.213661 0.000000 0.000000
0.000000 0.000000 0.186142 0.186223 0.186294 0.186576 0.186639 0.186911 0.186870 0.187001 0.186990 0.187013 0.187065 0.186990 0.186848 0.186745 0.186612 0.186559 0.186442 0.000000 0.000000
0.000000 0.000000 0.152549 0.152722 0.152930 0.153025 0.153174 0.153530 0.153596 0.153560 0.153546 0.153655 0.153591 0.153635 0.153340 0.153139 0.153088 0.153034 0.152812 0.000000 0.000000
0.000000 0.000000 0.115943 0.116084 0.116104 0.116388 0.116557 0.117508 0.117572 0.117632 0.118025 0.117742 0.117755 0.117663 0.116999 0.116866 0.116502 0.116458 0.116518 0.000000 0.000000
0.000000 0.000000 0.079921 0.079944 0.080210 0.080304 0.081238 0.080687 0.080907 0.080896 0.080688 0.080889 0.080913 0.081047 0.081509 0.080456 0.080503 0.080263 0.080135 0.000000 0.000000
0.000000 0.000000 0.057227 0.057276 0.057383 0.057844 0.057775 0.058000 0.058084 0.058112 0.058201 0.058250 0.058202 0.058213 0.058012 0.058082 0.057502 0.057606 0.057619 0.000000 0.000000
0.000000 0.000000 0.043281 0.043319 0.043505 0.043711 0.043650 0.043800 0.043784 0.043816 0.043844 0.043872 0.043869 0.043839 0.043723 0.043785 0.043586 0.043457 0.043474 0.000000 0.000000
0.000000 0.000000 0.033584 0.033654 0.033798 0.033919 0.033900 0.034003 0.033983 0.034004 0.034025 0.034041 0.034040 0.034019 0.033941 0.033967 0.033857 0.033741 0.033708 0.000000 0.000000
0.000000 0.000000 0.026929 0.026961 0.027075 0.027126 0.027117 0.027196 0.027160 0.027181 0.027176 0.027189 0.027199 0.027173 0.027117 0.027133 0.027119 0.026993 0.026987 0.000000 0.000000
0.000000 0.000000 0.300000 0.300000 0.300000 0.300000 0.300000 0.300000 0.300000 0.300000 0.300000 0.300000 0.300000 0.300000 0.300000 0.300000 0.300000 0.300000 0.300000 0.000000 0.000000
0.000000 0.000000 0.000000 0.000000 0.000000 0.000000 0.000000 0.000000 0.000000 0.000000 0.000000 0.000000 0.000000 0.000000 0.000000 0.000000 0.000000 0.000000 0.000000 0.000000 0.000000