geotop/1.0zi/1.0Montebello/Templates/testdem/maps/_Eocsand5568.asc
ncols         21
nrows         20
xllcorner     100.000000
yllcorner     100.000000
cellsize      50.000000
NODATA_value  -9999.0
0.000000 0.000000 0.000000 0.000000 0.000000 0.000000 0.000000 0.000000 0.000000 0.000000 0.000000 0.000000 0.000000 0.000000 0.000000 0.000000 0.000000 0.000000 0.000000 0.000000 0.000000
0.000000 0.000000 0.300140 0.300139 0.300139 0.300139 0.300139 0.300138 0.300139 0.300139 0.300139 0.300139 0.300139 0.300139 0.300139 0.300139 0.300139 0.300139 0.300139 0.000000 0.000000
0.000000 0.000000 0.300009 0.300008 0.300008 0.300008 0.300008 0.300008 0.300007 0.300008 0.300008 0.300008 0.300007 0.300007 0.300007 0.300008 0.300009 0.300009 0.300009 0.000000 0.000000
0.000000 0.000000 0.299967 0.299966 0.299969 0.299973 0.299970 0.299972 0.299970 0.299972 0.299971 0.299973 0.299972 0.299974 0.299969 0.299965 0.299965 0.299963 0.299965 0.000000 0.000000
0.000000 0.000000 0.299018 0.299015 0.299016 0.299024 0.299038 0.299047 0.299047 0.299047 0.299051 0.299049 0.299052 0.299051 0.299040 0.299039 0.299034 0.299023 0.299016 0.000000 0.000000
0.000000 0.000000 0.296015 0.296010 0.296020 0.296051 0.296068 0.296101 0.296103 0.296111 0.296103 0.296101 0.296097 0.296100 0.296091 0.296074 0.296060 0.296044 0.296035 0.000000 0.000000
0.000000 0.000000 0.291536 0.291541 0.291546 0.291580 0.291620 0.291669 0.291668 0.291674 0.291669 0.291667 0.291670 0.291669 0.291635 0.291598 0.291582 0.291564 0.291551 0.000000 0.000000
0.000000 0.000000 0.286107 0.286107 0.286108 0.286144 0.286183 0.286236 0.286235 0.286240 0.286239 0.286240 0.286244 0.286237 0.286199 0.286165 0.286135 0.286127 0.286109 0.000000 0.000000
0.000000 0.000000 0.280519 0.280527 0.280539 0.280559 0.280599 0.280655 0.280651 0.280662 0.280666 0.280663 0.280663 0.280668 0.280619 0.280580 0.280554 0.280546 0.280529 0.000000 0.000000
0.000000 0.000000 0.274903 0.274913 0.274916 0.274930 0.274986 0.275036 0.275032 0.275038 0.275045 0.275037 0.275031 0.275038 0.275000 0.274955 0.274928 0.274924 0.274913 0.000000 0.000000
0.000000 0.000000 0.269117 0.269123 0.269123 0.269163 0.269200 0.269256 0.269243 0.269270 0.269268 0.269266 0.269273 0.269260 0.269229 0.269201 0.269171 0.269154 0.269130 0.000000 0.000000
0.000000 0.000000 0.263060 0.263074 0.263088 0.263115 0.263148 0.263214 0.263211 0.263227 0.263209 0.263225 0.263223 0.263219 0.263162 0.263137 0.263116 0.263107 0.263045 0.000000 0.000000
0.000000 0.000000 0.256857 0.256869 0.256872 0.256904 0.256934 0.257064 0.257064 0.257076 0.257102 0.257087 0.257078 0.257069 0.256976 0.256952 0.256905 0.256901 0.256856 0.000000 0.000000
0.000000 0.000000 0.250141 0.250149 0.250164 0.250184 0.250308 0.250342 0.250370 0.250372 0.250382 0.250377 0.250376 0.250381 0.250368 0.250246 0.250205 0.250173 0.250128 0.000000 0.000000
0.000000 0.000000 0.242768 0.242779 0.242804 0.242931 0.242973 0.243047 0.243097 0.243105 0.243129 0.243142 0.243128 0.243140 0.243087 0.243027 0.242843 0.242857 0.242830 0.000000 0.000000
0.000000 0.000000 0.234989 0.234998 0.235162 0.235191 0.235200 0.235249 0.235217 0.235238 0.235223 0.235242 0.235262 0.235230 0.235203 0.235188 0.235197 0.234986 0.234979 0.000000 0.000000
0.000000 0.000000 0.226123 0.226346 0.226425 0.226490 0.226595 0.226650 0.226666 0.226670 0.226718 0.226726 0.226706 0.226715 0.226657 0.226579 0.226452 0.226398 0.226172 0.000000 0.000000
0.000000 0.000000 0.219585 0.219581 0.219382 0.219436 0.219523 0.219732 0.219737 0.219784 0.219755 0.219768 0.219754 0.219750 0.219560 0.219501 0.219358 0.219564 0.219554 0.000000 0.000000
0.000000 0.000000 0.300000 0.300000 0.300000 0.300000 0.300000 0.300000 0.300000 0.300000 0.300000 0.300000 0.300000 0.300000 0.300000 0.300000 0.300000 0.300000 0.300000 0.000000 0.000000
0.000000 0.000000 0.000000 0.000000 0.000000 0.000000 0.000000 0.000000 0.000000 0.000000 0.000000 0.000000 0.000000 0.000000 0.000000 0.000000 0.000000 0.000000 0.000000 0.000000 0.000000