geotop/1.0zi/1.0Montebello/Templates/testdem/maps/_Eocclay6348.asc
ncols         21
nrows         20
xllcorner     100.000000
yllcorner     100.000000
cellsize      50.000000
NODATA_value  -9999.0
0.000000 0.000000 0.000000 0.000000 0.000000 0.000000 0.000000 0.000000 0.000000 0.000000 0.000000 0.000000 0.000000 0.000000 0.000000 0.000000 0.000000 0.000000 0.000000 0.000000 0.000000
0.000000 0.000000 0.349717 0.349718 0.349718 0.349717 0.349719 0.349719 0.349718 0.349718 0.349717 0.349719 0.349718 0.349718 0.349719 0.349719 0.349717 0.349717 0.349718 0.000000 0.000000
0.000000 0.000000 0.349989 0.349989 0.349989 0.349990 0.349988 0.349988 0.349988 0.349988 0.349988 0.349988 0.349989 0.349987 0.349989 0.349988 0.349990 0.349989 0.349987 0.000000 0.000000
0.000000 0.000000 0.349983 0.349987 0.349984 0.349984 0.349986 0.349986 0.349987 0.349984 0.349989 0.349986 0.349986 0.349986 0.349986 0.349988 0.349986 0.349988 0.349987 0.000000 0.000000
0.000000 0.000000 0.350592 0.350591 0.350588 0.350585 0.350572 0.350569 0.350569 0.350571 0.350569 0.350567 0.350563 0.350565 0.350572 0.350572 0.350578 0.350579 0.350587 0.000000 0.000000
0.000000 0.000000 0.352399 0.352399 0.352393 0.352370 0.352363 0.352344 0.352345 0.352340 0.352342 0.352344 0.352347 0.352347 0.352352 0.352366 0.352376 0.352387 0.352392 0.000000 0.000000
0.000000 0.000000 0.355082 0.355081 0.355075 0.355057 0.355034 0.355005 0.355004 0.354999 0.355001 0.355003 0.355003 0.355003 0.355025 0.355049 0.355060 0.355069 0.355077 0.000000 0.000000
0.000000 0.000000 0.358309 0.358309 0.358305 0.358282 0.358260 0.358228 0.358228 0.358225 0.358225 0.358225 0.358223 0.358228 0.358253 0.358273 0.358291 0.358297 0.358308 0.000000 0.000000
0.000000 0.000000 0.361632 0.361629 0.361619 0.361606 0.361584 0.361553 0.361554 0.361548 0.361546 0.361546 0.361546 0.361545 0.361575 0.361598 0.361613 0.361618 0.361628 0.000000 0.000000
0.000000 0.000000 0.365031 0.365025 0.365021 0.365010 0.364977 0.364949 0.364950 0.364946 0.364942 0.364946 0.364950 0.364946 0.364972 0.365000 0.365016 0.365020 0.365028 0.000000 0.000000
0.000000 0.000000 0.368593 0.368590 0.368585 0.368561 0.368539 0.368507 0.368514 0.368498 0.368498 0.368499 0.368495 0.368505 0.368525 0.368542 0.368561 0.368572 0.368587 0.000000 0.000000
0.000000 0.000000 0.372372 0.372366 0.372355 0.372336 0.372315 0.372276 0.372277 0.372269 0.372277 0.372267 0.372269 0.372272 0.372309 0.372326 0.372340 0.372346 0.372383 0.000000 0.000000
0.000000 0.000000 0.376303 0.376294 0.376289 0.376268 0.376249 0.376166 0.376166 0.376159 0.376141 0.376151 0.376157 0.376163 0.376225 0.376243 0.376274 0.376277 0.376302 0.000000 0.000000
0.000000 0.000000 0.380631 0.380626 0.380612 0.380597 0.380513 0.380496 0.380477 0.380476 0.380471 0.380474 0.380472 0.380469 0.380479 0.380566 0.380591 0.380612 0.380639 0.000000 0.000000
0.000000 0.000000 0.385468 0.385464 0.385443 0.385350 0.385327 0.385278 0.385246 0.385240 0.385224 0.385213 0.385225 0.385219 0.385260 0.385294 0.385423 0.385411 0.385427 0.000000 0.000000
0.000000 0.000000 0.390650 0.390645 0.390519 0.390507 0.390500 0.390472 0.390501 0.390486 0.390500 0.390486 0.390470 0.390498 0.390517 0.390526 0.390502 0.390663 0.390666 0.000000 0.000000
0.000000 0.000000 0.396731 0.396556 0.396514 0.396462 0.396375 0.396339 0.396319 0.396320 0.396278 0.396277 0.396296 0.396284 0.396330 0.396396 0.396502 0.396513 0.396695 0.000000 0.000000
0.000000 0.000000 0.400866 0.400911 0.401075 0.401038 0.400989 0.400826 0.400826 0.400787 0.400821 0.400811 0.400818 0.400826 0.400976 0.401012 0.401102 0.400937 0.400904 0.000000 0.000000
0.000000 0.000000 0.350000 0.350000 0.350000 0.350000 0.350000 0.350000 0.350000 0.350000 0.350000 0.350000 0.350000 0.350000 0.350000 0.350000 0.350000 0.350000 0.350000 0.000000 0.000000
0.000000 0.000000 0.000000 0.000000 0.000000 0.000000 0.000000 0.000000 0.000000 0.000000 0.000000 0.000000 0.000000 0.000000 0.000000 0.000000 0.000000 0.000000 0.000000 0.000000 0.000000