geotop/1.0zi/1.0Montebello/Templates/testdem/maps/_Eocsand0995.asc
ncols         21
nrows         20
xllcorner     100.000000
yllcorner     100.000000
cellsize      50.000000
NODATA_value  -9999.0
0.000000 0.000000 0.000000 0.000000 0.000000 0.000000 0.000000 0.000000 0.000000 0.000000 0.000000 0.000000 0.000000 0.000000 0.000000 0.000000 0.000000 0.000000 0.000000 0.000000 0.000000
0.000000 0.000000 0.300032 0.300032 0.300032 0.300032 0.300032 0.300032 0.300032 0.300032 0.300032 0.300032 0.300032 0.300032 0.300032 0.300032 0.300032 0.300032 0.300032 0.000000 0.000000
0.000000 0.000000 0.300004 0.300004 0.300005 0.300004 0.300004 0.300004 0.300004 0.300004 0.300004 0.300004 0.300004 0.300004 0.300004 0.300004 0.300005 0.300004 0.300004 0.000000 0.000000
0.000000 0.000000 0.299100 0.299101 0.299105 0.299103 0.299100 0.299100 0.299100 0.299100 0.299100 0.299100 0.299100 0.299100 0.299100 0.299103 0.299105 0.299101 0.299100 0.000000 0.000000
0.000000 0.000000 0.296000 0.296002 0.296006 0.296007 0.296000 0.296001 0.296001 0.296000 0.296000 0.296000 0.296001 0.296001 0.296000 0.296007 0.296006 0.296002 0.296000 0.000000 0.000000
0.000000 0.000000 0.292514 0.292515 0.292518 0.292519 0.292513 0.292514 0.292514 0.292514 0.292514 0.292514 0.292514 0.292514 0.292513 0.292519 0.292518 0.292515 0.292514 0.000000 0.000000
0.000000 0.000000 0.289270 0.289271 0.289274 0.289274 0.289270 0.289270 0.289270 0.289270 0.289270 0.289270 0.289270 0.289270 0.289270 0.289274 0.289274 0.289271 0.289270 0.000000 0.000000
0.000000 0.000000 0.286290 0.286291 0.286294 0.286294 0.286290 0.286291 0.286291 0.286290 0.286290 0.286290 0.286291 0.286291 0.286290 0.286294 0.286294 0.286291 0.286290 0.000000 0.000000
0.000000 0.000000 0.283501 0.283502 0.283505 0.283505 0.283501 0.283502 0.283502 0.283501 0.283501 0.283501 0.283502 0.283502 0.283501 0.283505 0.283505 0.283502 0.283501 0.000000 0.000000
0.000000 0.000000 0.280828 0.280829 0.280832 0.280831 0.280828 0.280829 0.280829 0.280828 0.280828 0.280828 0.280829 0.280829 0.280828 0.280831 0.280832 0.280829 0.280828 0.000000 0.000000
0.000000 0.000000 0.278244 0.278245 0.278248 0.278247 0.278244 0.278245 0.278245 0.278244 0.278244 0.278244 0.278245 0.278245 0.278244 0.278247 0.278248 0.278245 0.278244 0.000000 0.000000
0.000000 0.000000 0.275721 0.275722 0.275725 0.275724 0.275722 0.275722 0.275722 0.275721 0.275721 0.275721 0.275722 0.275722 0.275722 0.275724 0.275725 0.275722 0.275721 0.000000 0.000000
0.000000 0.000000 0.273240 0.273241 0.273243 0.273243 0.273240 0.273240 0.273240 0.273240 0.273240 0.273240 0.273240 0.273240 0.273240 0.273243 0.273243 0.273241 0.273240 0.000000 0.000000
0.000000 0.000000 0.270800 0.270800 0.270803 0.270802 0.270800 0.270800 0.270800 0.270799 0.270799 0.270799 0.270800 0.270800 0.270800 0.270802 0.270803 0.270800 0.270800 0.000000 0.000000
0.000000 0.000000 0.268387 0.268388 0.268390 0.268390 0.268387 0.268387 0.268387 0.268387 0.268387 0.268387 0.268387 0.268387 0.268387 0.268390 0.268390 0.268388 0.268387 0.000000 0.000000
0.000000 0.000000 0.265992 0.265993 0.265995 0.265995 0.265992 0.265992 0.265992 0.265992 0.265992 0.265992 0.265992 0.265992 0.265992 0.265995 0.265995 0.265993 0.265992 0.000000 0.000000
0.000000 0.000000 0.263623 0.263623 0.263626 0.263625 0.263623 0.263623 0.263623 0.263623 0.263623 0.263623 0.263623 0.263623 0.263623 0.263625 0.263626 0.263623 0.263623 0.000000 0.000000
0.000000 0.000000 0.261197 0.261197 0.261199 0.261199 0.261196 0.261196 0.261196 0.261196 0.261196 0.261196 0.261196 0.261196 0.261196 0.261199 0.261199 0.261197 0.261196 0.000000 0.000000
0.000000 0.000000 0.300000 0.300000 0.300000 0.300000 0.300000 0.300000 0.300000 0.300000 0.300000 0.300000 0.300000 0.300000 0.300000 0.300000 0.300000 0.300000 0.300000 0.000000 0.000000
0.000000 0.000000 0.000000 0.000000 0.000000 0.000000 0.000000 0.000000 0.000000 0.000000 0.000000 0.000000 0.000000 0.000000 0.000000 0.000000 0.000000 0.000000 0.000000 0.000000 0.000000