geotop/1.0zi/1.0Montebello/Templates/testdem/maps/_Eocsand8034.asc
ncols         21
nrows         20
xllcorner     100.000000
yllcorner     100.000000
cellsize      50.000000
NODATA_value  -9999.0
0.000000 0.000000 0.000000 0.000000 0.000000 0.000000 0.000000 0.000000 0.000000 0.000000 0.000000 0.000000 0.000000 0.000000 0.000000 0.000000 0.000000 0.000000 0.000000 0.000000 0.000000
0.000000 0.000000 0.300205 0.300203 0.300203 0.300204 0.300203 0.300202 0.300202 0.300202 0.300203 0.300202 0.300203 0.300203 0.300202 0.300203 0.300204 0.300204 0.300204 0.000000 0.000000
0.000000 0.000000 0.300011 0.300012 0.300012 0.300010 0.300011 0.300012 0.300011 0.300011 0.300012 0.300012 0.300011 0.300011 0.300011 0.300011 0.300012 0.300013 0.300013 0.000000 0.000000
0.000000 0.000000 0.299894 0.299893 0.299897 0.299905 0.299901 0.299909 0.299904 0.299906 0.299906 0.299906 0.299906 0.299908 0.299903 0.299898 0.299896 0.299893 0.299894 0.000000 0.000000
0.000000 0.000000 0.297978 0.297976 0.297984 0.298000 0.298022 0.298032 0.298039 0.298037 0.298041 0.298040 0.298044 0.298038 0.298014 0.298007 0.297995 0.297984 0.297974 0.000000 0.000000
0.000000 0.000000 0.292453 0.292454 0.292477 0.292522 0.292556 0.292604 0.292604 0.292617 0.292609 0.292610 0.292606 0.292605 0.292582 0.292549 0.292520 0.292498 0.292487 0.000000 0.000000
0.000000 0.000000 0.284711 0.284719 0.284739 0.284790 0.284854 0.284928 0.284929 0.284939 0.284936 0.284938 0.284940 0.284934 0.284871 0.284813 0.284778 0.284751 0.284736 0.000000 0.000000
0.000000 0.000000 0.275551 0.275556 0.275572 0.275630 0.275691 0.275772 0.275773 0.275782 0.275784 0.275790 0.275794 0.275779 0.275710 0.275655 0.275602 0.275587 0.275563 0.000000 0.000000
0.000000 0.000000 0.265779 0.265795 0.265825 0.265863 0.265929 0.266016 0.266012 0.266031 0.266036 0.266041 0.266038 0.266040 0.265955 0.265886 0.265844 0.265824 0.265804 0.000000 0.000000
0.000000 0.000000 0.255471 0.255490 0.255506 0.255544 0.255639 0.255718 0.255718 0.255728 0.255740 0.255734 0.255722 0.255727 0.255655 0.255576 0.255527 0.255511 0.255496 0.000000 0.000000
0.000000 0.000000 0.244297 0.244310 0.244330 0.244410 0.244477 0.244570 0.244550 0.244600 0.244594 0.244596 0.244614 0.244581 0.244516 0.244466 0.244403 0.244370 0.244329 0.000000 0.000000
0.000000 0.000000 0.231923 0.231957 0.231997 0.232049 0.232124 0.232240 0.232248 0.232261 0.232235 0.232276 0.232264 0.232257 0.232138 0.232077 0.232033 0.232010 0.231907 0.000000 0.000000
0.000000 0.000000 0.218572 0.218605 0.218621 0.218696 0.218762 0.219062 0.219066 0.219084 0.219162 0.219122 0.219105 0.219077 0.218850 0.218788 0.218674 0.218662 0.218611 0.000000 0.000000
0.000000 0.000000 0.202974 0.202984 0.203048 0.203101 0.203473 0.203451 0.203528 0.203528 0.203506 0.203528 0.203539 0.203555 0.203584 0.203199 0.203134 0.203034 0.202961 0.000000 0.000000
0.000000 0.000000 0.184630 0.184663 0.184742 0.185210 0.185182 0.185414 0.185522 0.185548 0.185626 0.185683 0.185632 0.185642 0.185417 0.185417 0.184798 0.184890 0.184877 0.000000 0.000000
0.000000 0.000000 0.164505 0.164536 0.165213 0.165048 0.165097 0.165170 0.164923 0.165003 0.164875 0.164926 0.165034 0.164866 0.164843 0.164806 0.165273 0.164309 0.164324 0.000000 0.000000
0.000000 0.000000 0.139510 0.140575 0.140384 0.140775 0.141311 0.141469 0.141748 0.141684 0.141996 0.141971 0.141795 0.141965 0.141696 0.141301 0.140424 0.140962 0.139858 0.000000 0.000000
0.000000 0.000000 0.129842 0.128873 0.127952 0.127959 0.127933 0.128814 0.128678 0.128934 0.128527 0.128612 0.128669 0.128532 0.127792 0.127814 0.127784 0.128520 0.129466 0.000000 0.000000
0.000000 0.000000 0.300000 0.300000 0.300000 0.300000 0.300000 0.300000 0.300000 0.300000 0.300000 0.300000 0.300000 0.300000 0.300000 0.300000 0.300000 0.300000 0.300000 0.000000 0.000000
0.000000 0.000000 0.000000 0.000000 0.000000 0.000000 0.000000 0.000000 0.000000 0.000000 0.000000 0.000000 0.000000 0.000000 0.000000 0.000000 0.000000 0.000000 0.000000 0.000000 0.000000