geotop/1.0zi/1.0Montebello/Templates/testdem/maps/_Eocsilt7321.asc
ncols         21
nrows         20
xllcorner     100.000000
yllcorner     100.000000
cellsize      50.000000
NODATA_value  -9999.0
0.000000 0.000000 0.000000 0.000000 0.000000 0.000000 0.000000 0.000000 0.000000 0.000000 0.000000 0.000000 0.000000 0.000000 0.000000 0.000000 0.000000 0.000000 0.000000 0.000000 0.000000
0.000000 0.000000 0.350151 0.350152 0.350152 0.350152 0.350152 0.350152 0.350152 0.350152 0.350152 0.350152 0.350152 0.350152 0.350152 0.350152 0.350152 0.350152 0.350152 0.000000 0.000000
0.000000 0.000000 0.350004 0.350003 0.350003 0.350003 0.350004 0.350003 0.350004 0.350004 0.350004 0.350004 0.350004 0.350004 0.350004 0.350003 0.350002 0.350002 0.350003 0.000000 0.000000
0.000000 0.000000 0.350081 0.350078 0.350076 0.350069 0.350071 0.350068 0.350071 0.350071 0.350068 0.350070 0.350070 0.350070 0.350071 0.350074 0.350077 0.350077 0.350078 0.000000 0.000000
0.000000 0.000000 0.350866 0.350872 0.350868 0.350858 0.350852 0.350846 0.350842 0.350841 0.350841 0.350841 0.350842 0.350844 0.350856 0.350861 0.350863 0.350873 0.350875 0.000000 0.000000
0.000000 0.000000 0.353137 0.353138 0.353129 0.353114 0.353096 0.353076 0.353075 0.353069 0.353073 0.353074 0.353075 0.353074 0.353085 0.353096 0.353107 0.353115 0.353120 0.000000 0.000000
0.000000 0.000000 0.356427 0.356423 0.356413 0.356389 0.356360 0.356330 0.356330 0.356327 0.356328 0.356326 0.356323 0.356328 0.356354 0.356379 0.356395 0.356409 0.356416 0.000000 0.000000
0.000000 0.000000 0.360353 0.360352 0.360347 0.360322 0.360294 0.360260 0.360260 0.360257 0.360255 0.360252 0.360250 0.360256 0.360286 0.360311 0.360335 0.360341 0.360352 0.000000 0.000000
0.000000 0.000000 0.364530 0.364523 0.364510 0.364493 0.364464 0.364426 0.364427 0.364419 0.364417 0.364415 0.364416 0.364415 0.364453 0.364483 0.364502 0.364512 0.364522 0.000000 0.000000
0.000000 0.000000 0.368853 0.368846 0.368839 0.368824 0.368783 0.368749 0.368750 0.368746 0.368740 0.368742 0.368747 0.368745 0.368776 0.368810 0.368832 0.368838 0.368845 0.000000 0.000000
0.000000 0.000000 0.373434 0.373429 0.373422 0.373389 0.373360 0.373323 0.373331 0.373310 0.373312 0.373311 0.373304 0.373317 0.373345 0.373367 0.373393 0.373407 0.373424 0.000000 0.000000
0.000000 0.000000 0.378415 0.378402 0.378387 0.378365 0.378334 0.378287 0.378285 0.378278 0.378289 0.378273 0.378277 0.378281 0.378329 0.378354 0.378372 0.378382 0.378426 0.000000 0.000000
0.000000 0.000000 0.383688 0.383674 0.383668 0.383639 0.383612 0.383498 0.383497 0.383490 0.383461 0.383474 0.383481 0.383492 0.383579 0.383604 0.383648 0.383653 0.383679 0.000000 0.000000
0.000000 0.000000 0.389679 0.389674 0.389652 0.389631 0.389499 0.389493 0.389465 0.389465 0.389467 0.389462 0.389459 0.389455 0.389454 0.389591 0.389620 0.389657 0.389687 0.000000 0.000000
0.000000 0.000000 0.396564 0.396553 0.396524 0.396368 0.396356 0.396280 0.396238 0.396230 0.396203 0.396182 0.396199 0.396194 0.396268 0.396292 0.396501 0.396477 0.396488 0.000000 0.000000
0.000000 0.000000 0.404072 0.404060 0.403842 0.403863 0.403850 0.403813 0.403882 0.403855 0.403889 0.403868 0.403837 0.403890 0.403911 0.403924 0.403820 0.404119 0.404116 0.000000 0.000000
0.000000 0.000000 0.413250 0.412913 0.412915 0.412804 0.412634 0.412581 0.412515 0.412528 0.412438 0.412441 0.412487 0.412449 0.412533 0.412659 0.412900 0.412814 0.413160 0.000000 0.000000
0.000000 0.000000 0.418157 0.418380 0.418693 0.418660 0.418624 0.418328 0.418350 0.418273 0.418376 0.418351 0.418347 0.418378 0.418639 0.418664 0.418748 0.418469 0.418256 0.000000 0.000000
0.000000 0.000000 0.350000 0.350000 0.350000 0.350000 0.350000 0.350000 0.350000 0.350000 0.350000 0.350000 0.350000 0.350000 0.350000 0.350000 0.350000 0.350000 0.350000 0.000000 0.000000
0.000000 0.000000 0.000000 0.000000 0.000000 0.000000 0.000000 0.000000 0.000000 0.000000 0.000000 0.000000 0.000000 0.000000 0.000000 0.000000 0.000000 0.000000 0.000000 0.000000 0.000000