geotop/1.0zi/1.0Montebello/Templates/testdem/maps/_Eocsand2532.asc
ncols         21
nrows         20
xllcorner     100.000000
yllcorner     100.000000
cellsize      50.000000
NODATA_value  -9999.0
0.000000 0.000000 0.000000 0.000000 0.000000 0.000000 0.000000 0.000000 0.000000 0.000000 0.000000 0.000000 0.000000 0.000000 0.000000 0.000000 0.000000 0.000000 0.000000 0.000000 0.000000
0.000000 0.000000 0.300074 0.300074 0.300074 0.300074 0.300074 0.300074 0.300074 0.300074 0.300076 0.300074 0.300074 0.300074 0.300074 0.300074 0.300074 0.300074 0.300074 0.000000 0.000000
0.000000 0.000000 0.300012 0.300013 0.300013 0.300012 0.300013 0.300012 0.300012 0.300013 0.300011 0.300013 0.300012 0.300012 0.300013 0.300012 0.300013 0.300013 0.300012 0.000000 0.000000
0.000000 0.000000 0.298377 0.298378 0.298382 0.298380 0.298377 0.298377 0.298377 0.298377 0.298377 0.298377 0.298377 0.298377 0.298377 0.298380 0.298382 0.298378 0.298377 0.000000 0.000000
0.000000 0.000000 0.291470 0.291472 0.291475 0.291475 0.291469 0.291471 0.291471 0.291468 0.291468 0.291468 0.291471 0.291471 0.291469 0.291475 0.291475 0.291472 0.291470 0.000000 0.000000
0.000000 0.000000 0.283042 0.283043 0.283046 0.283046 0.283041 0.283043 0.283043 0.283041 0.283040 0.283041 0.283043 0.283043 0.283041 0.283046 0.283046 0.283043 0.283042 0.000000 0.000000
0.000000 0.000000 0.275179 0.275180 0.275182 0.275182 0.275178 0.275179 0.275179 0.275177 0.275177 0.275177 0.275179 0.275179 0.275178 0.275182 0.275182 0.275180 0.275179 0.000000 0.000000
0.000000 0.000000 0.267975 0.267975 0.267978 0.267977 0.267974 0.267975 0.267975 0.267974 0.267973 0.267974 0.267975 0.267975 0.267974 0.267977 0.267978 0.267975 0.267975 0.000000 0.000000
0.000000 0.000000 0.261259 0.261260 0.261262 0.261262 0.261259 0.261260 0.261260 0.261258 0.261258 0.261258 0.261260 0.261260 0.261259 0.261262 0.261262 0.261260 0.261259 0.000000 0.000000
0.000000 0.000000 0.254879 0.254880 0.254882 0.254881 0.254878 0.254879 0.254879 0.254878 0.254878 0.254878 0.254879 0.254879 0.254878 0.254881 0.254882 0.254880 0.254879 0.000000 0.000000
0.000000 0.000000 0.248760 0.248760 0.248763 0.248762 0.248759 0.248760 0.248760 0.248759 0.248758 0.248759 0.248760 0.248760 0.248759 0.248762 0.248763 0.248760 0.248760 0.000000 0.000000
0.000000 0.000000 0.242845 0.242846 0.242848 0.242847 0.242845 0.242846 0.242845 0.242844 0.242844 0.242844 0.242845 0.242846 0.242845 0.242847 0.242848 0.242846 0.242845 0.000000 0.000000
0.000000 0.000000 0.237094 0.237094 0.237096 0.237095 0.237093 0.237094 0.237094 0.237093 0.237092 0.237093 0.237094 0.237094 0.237093 0.237095 0.237096 0.237094 0.237094 0.000000 0.000000
0.000000 0.000000 0.231476 0.231477 0.231479 0.231478 0.231476 0.231477 0.231477 0.231476 0.231475 0.231476 0.231477 0.231477 0.231476 0.231478 0.231479 0.231477 0.231476 0.000000 0.000000
0.000000 0.000000 0.225973 0.225974 0.225976 0.225975 0.225973 0.225974 0.225974 0.225972 0.225972 0.225972 0.225974 0.225974 0.225973 0.225975 0.225976 0.225974 0.225973 0.000000 0.000000
0.000000 0.000000 0.220574 0.220575 0.220577 0.220576 0.220574 0.220575 0.220575 0.220574 0.220573 0.220574 0.220575 0.220575 0.220574 0.220576 0.220577 0.220575 0.220574 0.000000 0.000000
0.000000 0.000000 0.215275 0.215275 0.215278 0.215277 0.215274 0.215275 0.215275 0.215274 0.215274 0.215274 0.215275 0.215275 0.215274 0.215277 0.215278 0.215275 0.215275 0.000000 0.000000
0.000000 0.000000 0.209997 0.209997 0.209999 0.209998 0.209996 0.209997 0.209997 0.209995 0.209995 0.209995 0.209997 0.209997 0.209996 0.209998 0.209999 0.209997 0.209996 0.000000 0.000000
0.000000 0.000000 0.300000 0.300000 0.300000 0.300000 0.300000 0.300000 0.300000 0.300000 0.300000 0.300000 0.300000 0.300000 0.300000 0.300000 0.300000 0.300000 0.300000 0.000000 0.000000
0.000000 0.000000 0.000000 0.000000 0.000000 0.000000 0.000000 0.000000 0.000000 0.000000 0.000000 0.000000 0.000000 0.000000 0.000000 0.000000 0.000000 0.000000 0.000000 0.000000 0.000000