geotop/1.0zi/1.0Montebello/Templates/testdem/maps/_Eocclay8880.asc
ncols         21
nrows         20
xllcorner     100.000000
yllcorner     100.000000
cellsize      50.000000
NODATA_value  -9999.0
0.000000 0.000000 0.000000 0.000000 0.000000 0.000000 0.000000 0.000000 0.000000 0.000000 0.000000 0.000000 0.000000 0.000000 0.000000 0.000000 0.000000 0.000000 0.000000 0.000000 0.000000
0.000000 0.000000 0.349584 0.349587 0.349587 0.349586 0.349588 0.349588 0.349587 0.349587 0.349586 0.349587 0.349587 0.349587 0.349587 0.349587 0.349585 0.349586 0.349586 0.000000 0.000000
0.000000 0.000000 0.349983 0.349981 0.349981 0.349984 0.349981 0.349981 0.349982 0.349981 0.349981 0.349981 0.349981 0.349981 0.349982 0.349982 0.349983 0.349982 0.349980 0.000000 0.000000
0.000000 0.000000 0.350023 0.350028 0.350026 0.350023 0.350025 0.350025 0.350029 0.350026 0.350029 0.350027 0.350028 0.350026 0.350029 0.350030 0.350028 0.350028 0.350026 0.000000 0.000000
0.000000 0.000000 0.351209 0.351202 0.351198 0.351188 0.351171 0.351170 0.351167 0.351168 0.351166 0.351168 0.351166 0.351168 0.351178 0.351182 0.351192 0.351193 0.351202 0.000000 0.000000
0.000000 0.000000 0.354555 0.354552 0.354533 0.354504 0.354480 0.354456 0.354460 0.354453 0.354457 0.354457 0.354462 0.354462 0.354475 0.354500 0.354512 0.354522 0.354528 0.000000 0.000000
0.000000 0.000000 0.359064 0.359055 0.359045 0.359017 0.358983 0.358933 0.358935 0.358930 0.358930 0.358932 0.358932 0.358933 0.358974 0.359005 0.359021 0.359031 0.359039 0.000000 0.000000
0.000000 0.000000 0.364410 0.364401 0.364391 0.364356 0.364320 0.364275 0.364278 0.364272 0.364272 0.364269 0.364267 0.364277 0.364314 0.364344 0.364373 0.364377 0.364391 0.000000 0.000000
0.000000 0.000000 0.370166 0.370154 0.370138 0.370114 0.370074 0.370025 0.370031 0.370021 0.370017 0.370015 0.370017 0.370016 0.370066 0.370103 0.370124 0.370129 0.370142 0.000000 0.000000
0.000000 0.000000 0.376396 0.376379 0.376371 0.376345 0.376288 0.376244 0.376247 0.376240 0.376233 0.376238 0.376244 0.376242 0.376283 0.376330 0.376355 0.376361 0.376368 0.000000 0.000000
0.000000 0.000000 0.383328 0.383317 0.383307 0.383251 0.383213 0.383156 0.383173 0.383139 0.383146 0.383142 0.383131 0.383151 0.383194 0.383222 0.383258 0.383269 0.383297 0.000000 0.000000
0.000000 0.000000 0.391202 0.391179 0.391150 0.391120 0.391069 0.391001 0.391001 0.390996 0.391010 0.390984 0.390995 0.390996 0.391070 0.391110 0.391129 0.391136 0.391198 0.000000 0.000000
0.000000 0.000000 0.399909 0.399883 0.399881 0.399820 0.399779 0.399578 0.399580 0.399569 0.399509 0.399545 0.399553 0.399572 0.399728 0.399765 0.399838 0.399837 0.399861 0.000000 0.000000
0.000000 0.000000 0.410462 0.410455 0.410407 0.410368 0.410092 0.410150 0.410099 0.410100 0.410128 0.410101 0.410096 0.410074 0.410023 0.410318 0.410342 0.410407 0.410454 0.000000 0.000000
0.000000 0.000000 0.423070 0.423036 0.422980 0.422616 0.422702 0.422511 0.422446 0.422427 0.422357 0.422321 0.422362 0.422360 0.422544 0.422474 0.422952 0.422846 0.422842 0.000000 0.000000
0.000000 0.000000 0.436533 0.436508 0.435994 0.436205 0.436142 0.436137 0.436358 0.436296 0.436411 0.436383 0.436291 0.436419 0.436389 0.436442 0.435947 0.436708 0.436695 0.000000 0.000000
0.000000 0.000000 0.452162 0.451449 0.451695 0.451382 0.451026 0.450922 0.450690 0.450747 0.450510 0.450538 0.450677 0.450532 0.450722 0.450984 0.451669 0.451128 0.451866 0.000000 0.000000
0.000000 0.000000 0.456241 0.456875 0.457388 0.457395 0.457444 0.456943 0.457049 0.456897 0.457159 0.457107 0.457061 0.457151 0.457560 0.457527 0.457478 0.457092 0.456464 0.000000 0.000000
0.000000 0.000000 0.350000 0.350000 0.350000 0.350000 0.350000 0.350000 0.350000 0.350000 0.350000 0.350000 0.350000 0.350000 0.350000 0.350000 0.350000 0.350000 0.350000 0.000000 0.000000
0.000000 0.000000 0.000000 0.000000 0.000000 0.000000 0.000000 0.000000 0.000000 0.000000 0.000000 0.000000 0.000000 0.000000 0.000000 0.000000 0.000000 0.000000 0.000000 0.000000 0.000000