geotop/1.0zi/1.0Montebello/Templates/testdem/maps/_Eocsand8719.asc
ncols         21
nrows         20
xllcorner     100.000000
yllcorner     100.000000
cellsize      50.000000
NODATA_value  -9999.0
0.000000 0.000000 0.000000 0.000000 0.000000 0.000000 0.000000 0.000000 0.000000 0.000000 0.000000 0.000000 0.000000 0.000000 0.000000 0.000000 0.000000 0.000000 0.000000 0.000000 0.000000
0.000000 0.000000 0.300221 0.300219 0.300219 0.300219 0.300218 0.300218 0.300218 0.300218 0.300219 0.300218 0.300218 0.300218 0.300218 0.300218 0.300220 0.300219 0.300219 0.000000 0.000000
0.000000 0.000000 0.300012 0.300013 0.300013 0.300012 0.300013 0.300013 0.300013 0.300013 0.300013 0.300013 0.300012 0.300013 0.300013 0.300013 0.300014 0.300014 0.300015 0.000000 0.000000
0.000000 0.000000 0.299856 0.299855 0.299861 0.299871 0.299869 0.299873 0.299868 0.299869 0.299870 0.299869 0.299868 0.299871 0.299865 0.299859 0.299856 0.299856 0.299855 0.000000 0.000000
0.000000 0.000000 0.297628 0.297630 0.297645 0.297665 0.297692 0.297697 0.297702 0.297702 0.297703 0.297699 0.297697 0.297696 0.297675 0.297668 0.297653 0.297643 0.297630 0.000000 0.000000
0.000000 0.000000 0.291332 0.291338 0.291367 0.291420 0.291461 0.291504 0.291504 0.291517 0.291506 0.291506 0.291497 0.291501 0.291474 0.291439 0.291409 0.291390 0.291375 0.000000 0.000000
0.000000 0.000000 0.282599 0.282614 0.282635 0.282694 0.282767 0.282844 0.282844 0.282852 0.282850 0.282849 0.282850 0.282845 0.282775 0.282714 0.282677 0.282650 0.282633 0.000000 0.000000
0.000000 0.000000 0.272265 0.272276 0.272294 0.272362 0.272429 0.272514 0.272514 0.272525 0.272525 0.272530 0.272534 0.272518 0.272442 0.272384 0.272326 0.272312 0.272284 0.000000 0.000000
0.000000 0.000000 0.261102 0.261127 0.261160 0.261206 0.261284 0.261375 0.261368 0.261388 0.261393 0.261395 0.261391 0.261395 0.261301 0.261226 0.261181 0.261160 0.261135 0.000000 0.000000
0.000000 0.000000 0.249130 0.249157 0.249177 0.249224 0.249335 0.249415 0.249415 0.249424 0.249438 0.249427 0.249414 0.249420 0.249341 0.249251 0.249197 0.249180 0.249162 0.000000 0.000000
0.000000 0.000000 0.235917 0.235933 0.235956 0.236062 0.236135 0.236240 0.236211 0.236274 0.236258 0.236264 0.236284 0.236248 0.236168 0.236116 0.236042 0.236007 0.235956 0.000000 0.000000
0.000000 0.000000 0.220998 0.221048 0.221096 0.221155 0.221254 0.221375 0.221390 0.221397 0.221367 0.221415 0.221392 0.221393 0.221250 0.221173 0.221129 0.221101 0.220981 0.000000 0.000000
0.000000 0.000000 0.204607 0.204656 0.204663 0.204774 0.204850 0.205218 0.205225 0.205240 0.205349 0.205282 0.205265 0.205232 0.204942 0.204873 0.204726 0.204719 0.204664 0.000000 0.000000
0.000000 0.000000 0.184947 0.184961 0.185049 0.185120 0.185625 0.185531 0.185630 0.185626 0.185576 0.185621 0.185628 0.185670 0.185746 0.185216 0.185156 0.185020 0.184929 0.000000 0.000000
0.000000 0.000000 0.161548 0.161606 0.161708 0.162372 0.162248 0.162580 0.162712 0.162743 0.162862 0.162929 0.162852 0.162863 0.162527 0.162625 0.161756 0.161919 0.161916 0.000000 0.000000
0.000000 0.000000 0.136448 0.136494 0.137427 0.137080 0.137188 0.137210 0.136831 0.136937 0.136728 0.136780 0.136941 0.136714 0.136744 0.136667 0.137499 0.136111 0.136128 0.000000 0.000000
0.000000 0.000000 0.106989 0.108313 0.107904 0.108472 0.109135 0.109326 0.109747 0.109644 0.110069 0.110019 0.109766 0.110029 0.109673 0.109183 0.107939 0.108868 0.107485 0.000000 0.000000
0.000000 0.000000 0.098609 0.097449 0.096485 0.096479 0.096404 0.097351 0.097166 0.097450 0.096963 0.097058 0.097139 0.096975 0.096188 0.096243 0.096299 0.097020 0.098164 0.000000 0.000000
0.000000 0.000000 0.300000 0.300000 0.300000 0.300000 0.300000 0.300000 0.300000 0.300000 0.300000 0.300000 0.300000 0.300000 0.300000 0.300000 0.300000 0.300000 0.300000 0.000000 0.000000
0.000000 0.000000 0.000000 0.000000 0.000000 0.000000 0.000000 0.000000 0.000000 0.000000 0.000000 0.000000 0.000000 0.000000 0.000000 0.000000 0.000000 0.000000 0.000000 0.000000 0.000000