geotop/1.0zi/1.0Montebello/Templates/testdem/maps/_Eocsilt9466.asc
ncols         21
nrows         20
xllcorner     100.000000
yllcorner     100.000000
cellsize      50.000000
NODATA_value  -9999.0
0.000000 0.000000 0.000000 0.000000 0.000000 0.000000 0.000000 0.000000 0.000000 0.000000 0.000000 0.000000 0.000000 0.000000 0.000000 0.000000 0.000000 0.000000 0.000000 0.000000 0.000000
0.000000 0.000000 0.350203 0.350203 0.350203 0.350203 0.350202 0.350203 0.350203 0.350202 0.350203 0.350202 0.350202 0.350202 0.350202 0.350203 0.350203 0.350203 0.350203 0.000000 0.000000
0.000000 0.000000 0.350008 0.350008 0.350008 0.350007 0.350008 0.350008 0.350008 0.350008 0.350008 0.350008 0.350009 0.350009 0.350008 0.350007 0.350006 0.350006 0.350007 0.000000 0.000000
0.000000 0.000000 0.350144 0.350141 0.350135 0.350131 0.350130 0.350125 0.350128 0.350129 0.350126 0.350130 0.350130 0.350130 0.350133 0.350137 0.350142 0.350143 0.350145 0.000000 0.000000
0.000000 0.000000 0.351420 0.351425 0.351414 0.351397 0.351387 0.351381 0.351384 0.351381 0.351382 0.351384 0.351389 0.351387 0.351401 0.351408 0.351412 0.351418 0.351421 0.000000 0.000000
0.000000 0.000000 0.354912 0.354907 0.354892 0.354872 0.354840 0.354816 0.354814 0.354809 0.354812 0.354814 0.354818 0.354816 0.354832 0.354853 0.354864 0.354872 0.354879 0.000000 0.000000
0.000000 0.000000 0.359846 0.359836 0.359819 0.359786 0.359745 0.359693 0.359699 0.359696 0.359694 0.359694 0.359692 0.359698 0.359737 0.359768 0.359789 0.359804 0.359812 0.000000 0.000000
0.000000 0.000000 0.365687 0.365676 0.365663 0.365626 0.365585 0.365538 0.365541 0.365535 0.365533 0.365530 0.365529 0.365538 0.365575 0.365611 0.365644 0.365649 0.365664 0.000000 0.000000
0.000000 0.000000 0.372096 0.372081 0.372059 0.372032 0.371984 0.371926 0.371933 0.371922 0.371917 0.371915 0.371919 0.371917 0.371972 0.372014 0.372039 0.372050 0.372064 0.000000 0.000000
0.000000 0.000000 0.379098 0.379079 0.379063 0.379033 0.378969 0.378915 0.378919 0.378912 0.378903 0.378909 0.378916 0.378915 0.378958 0.379012 0.379042 0.379052 0.379060 0.000000 0.000000
0.000000 0.000000 0.386964 0.386951 0.386937 0.386866 0.386825 0.386755 0.386774 0.386737 0.386743 0.386739 0.386727 0.386751 0.386798 0.386831 0.386872 0.386890 0.386922 0.000000 0.000000
0.000000 0.000000 0.396052 0.396020 0.395979 0.395947 0.395885 0.395799 0.395801 0.395797 0.395812 0.395780 0.395798 0.395796 0.395882 0.395931 0.395953 0.395967 0.396037 0.000000 0.000000
0.000000 0.000000 0.406207 0.406179 0.406170 0.406092 0.406042 0.405793 0.405796 0.405783 0.405704 0.405753 0.405762 0.405787 0.405971 0.406017 0.406106 0.406113 0.406135 0.000000 0.000000
0.000000 0.000000 0.418655 0.418646 0.418575 0.418530 0.418182 0.418282 0.418217 0.418219 0.418263 0.418223 0.418217 0.418187 0.418095 0.418468 0.418489 0.418578 0.418633 0.000000 0.000000
0.000000 0.000000 0.433028 0.432987 0.432918 0.432475 0.432627 0.432362 0.432296 0.432272 0.432178 0.432141 0.432194 0.432198 0.432440 0.432301 0.432883 0.432753 0.432739 0.000000 0.000000
0.000000 0.000000 0.446629 0.446604 0.446080 0.446337 0.446246 0.446259 0.446490 0.446430 0.446553 0.446531 0.446435 0.446563 0.446504 0.446582 0.446019 0.446814 0.446803 0.000000 0.000000
0.000000 0.000000 0.459038 0.458597 0.458726 0.458531 0.458302 0.458226 0.458083 0.458117 0.457967 0.457984 0.458071 0.457983 0.458108 0.458279 0.458698 0.458389 0.458849 0.000000 0.000000
0.000000 0.000000 0.463914 0.463983 0.464238 0.464156 0.464079 0.463841 0.463829 0.463779 0.463828 0.463813 0.463829 0.463832 0.464046 0.464104 0.464257 0.463980 0.463917 0.000000 0.000000
0.000000 0.000000 0.350000 0.350000 0.350000 0.350000 0.350000 0.350000 0.350000 0.350000 0.350000 0.350000 0.350000 0.350000 0.350000 0.350000 0.350000 0.350000 0.350000 0.000000 0.000000
0.000000 0.000000 0.000000 0.000000 0.000000 0.000000 0.000000 0.000000 0.000000 0.000000 0.000000 0.000000 0.000000 0.000000 0.000000 0.000000 0.000000 0.000000 0.000000 0.000000 0.000000