geotop/1.0zi/1.0Montebello/Templates/testdem/maps/_Eocsand0734.asc
ncols         21
nrows         20
xllcorner     100.000000
yllcorner     100.000000
cellsize      50.000000
NODATA_value  -9999.0
0.000000 0.000000 0.000000 0.000000 0.000000 0.000000 0.000000 0.000000 0.000000 0.000000 0.000000 0.000000 0.000000 0.000000 0.000000 0.000000 0.000000 0.000000 0.000000 0.000000 0.000000
0.000000 0.000000 0.300029 0.300029 0.300029 0.300029 0.300029 0.300029 0.300029 0.300029 0.300029 0.300029 0.300029 0.300029 0.300029 0.300029 0.300029 0.300029 0.300029 0.000000 0.000000
0.000000 0.000000 0.300005 0.300005 0.300006 0.300005 0.300005 0.300005 0.300005 0.300005 0.300005 0.300005 0.300005 0.300005 0.300005 0.300005 0.300006 0.300005 0.300005 0.000000 0.000000
0.000000 0.000000 0.299349 0.299350 0.299355 0.299353 0.299349 0.299349 0.299350 0.299349 0.299349 0.299349 0.299350 0.299349 0.299349 0.299353 0.299355 0.299350 0.299349 0.000000 0.000000
0.000000 0.000000 0.297071 0.297073 0.297077 0.297078 0.297071 0.297071 0.297072 0.297071 0.297071 0.297071 0.297072 0.297071 0.297071 0.297078 0.297077 0.297073 0.297071 0.000000 0.000000
0.000000 0.000000 0.294531 0.294532 0.294536 0.294536 0.294531 0.294531 0.294532 0.294531 0.294531 0.294531 0.294532 0.294531 0.294531 0.294536 0.294536 0.294532 0.294531 0.000000 0.000000
0.000000 0.000000 0.292162 0.292163 0.292166 0.292166 0.292162 0.292162 0.292163 0.292162 0.292162 0.292162 0.292163 0.292162 0.292162 0.292166 0.292166 0.292163 0.292162 0.000000 0.000000
0.000000 0.000000 0.289970 0.289971 0.289974 0.289974 0.289970 0.289970 0.289971 0.289970 0.289970 0.289970 0.289971 0.289970 0.289970 0.289974 0.289974 0.289971 0.289970 0.000000 0.000000
0.000000 0.000000 0.287905 0.287906 0.287908 0.287908 0.287905 0.287905 0.287905 0.287905 0.287905 0.287905 0.287905 0.287905 0.287905 0.287908 0.287908 0.287906 0.287905 0.000000 0.000000
0.000000 0.000000 0.285918 0.285919 0.285922 0.285921 0.285918 0.285918 0.285919 0.285918 0.285918 0.285918 0.285919 0.285918 0.285918 0.285921 0.285922 0.285919 0.285918 0.000000 0.000000
0.000000 0.000000 0.283992 0.283993 0.283995 0.283995 0.283992 0.283992 0.283992 0.283992 0.283992 0.283992 0.283992 0.283992 0.283992 0.283995 0.283995 0.283993 0.283992 0.000000 0.000000
0.000000 0.000000 0.282106 0.282107 0.282109 0.282109 0.282106 0.282106 0.282106 0.282106 0.282106 0.282106 0.282106 0.282106 0.282106 0.282109 0.282109 0.282107 0.282106 0.000000 0.000000
0.000000 0.000000 0.280254 0.280255 0.280257 0.280257 0.280254 0.280254 0.280254 0.280254 0.280254 0.280254 0.280254 0.280254 0.280254 0.280257 0.280257 0.280255 0.280254 0.000000 0.000000
0.000000 0.000000 0.278430 0.278431 0.278433 0.278433 0.278430 0.278430 0.278430 0.278430 0.278430 0.278430 0.278430 0.278430 0.278430 0.278433 0.278433 0.278431 0.278430 0.000000 0.000000
0.000000 0.000000 0.276625 0.276626 0.276628 0.276628 0.276625 0.276625 0.276625 0.276625 0.276625 0.276625 0.276625 0.276625 0.276625 0.276628 0.276628 0.276626 0.276625 0.000000 0.000000
0.000000 0.000000 0.274832 0.274833 0.274835 0.274835 0.274832 0.274832 0.274832 0.274832 0.274832 0.274832 0.274832 0.274832 0.274832 0.274835 0.274835 0.274833 0.274832 0.000000 0.000000
0.000000 0.000000 0.273057 0.273057 0.273060 0.273059 0.273056 0.273057 0.273057 0.273056 0.273057 0.273056 0.273057 0.273057 0.273056 0.273059 0.273060 0.273057 0.273057 0.000000 0.000000
0.000000 0.000000 0.271251 0.271251 0.271254 0.271253 0.271251 0.271251 0.271251 0.271251 0.271251 0.271251 0.271251 0.271251 0.271251 0.271253 0.271254 0.271251 0.271251 0.000000 0.000000
0.000000 0.000000 0.300000 0.300000 0.300000 0.300000 0.300000 0.300000 0.300000 0.300000 0.300000 0.300000 0.300000 0.300000 0.300000 0.300000 0.300000 0.300000 0.300000 0.000000 0.000000
0.000000 0.000000 0.000000 0.000000 0.000000 0.000000 0.000000 0.000000 0.000000 0.000000 0.000000 0.000000 0.000000 0.000000 0.000000 0.000000 0.000000 0.000000 0.000000 0.000000 0.000000