geotop/1.0zi/1.0Montebello/Templates/testdem/maps/_Eocsilt3016.asc
ncols         21
nrows         20
xllcorner     100.000000
yllcorner     100.000000
cellsize      50.000000
NODATA_value  -9999.0
0.000000 0.000000 0.000000 0.000000 0.000000 0.000000 0.000000 0.000000 0.000000 0.000000 0.000000 0.000000 0.000000 0.000000 0.000000 0.000000 0.000000 0.000000 0.000000 0.000000 0.000000
0.000000 0.000000 0.350080 0.350080 0.350080 0.350080 0.350080 0.350080 0.350080 0.350080 0.350079 0.350080 0.350080 0.350080 0.350080 0.350080 0.350080 0.350080 0.350080 0.000000 0.000000
0.000000 0.000000 0.349996 0.349996 0.349996 0.349996 0.349996 0.349996 0.349996 0.349996 0.349997 0.349996 0.349996 0.349996 0.349996 0.349996 0.349996 0.349996 0.349996 0.000000 0.000000
0.000000 0.000000 0.351136 0.351136 0.351133 0.351134 0.351137 0.351136 0.351136 0.351137 0.351137 0.351137 0.351136 0.351136 0.351137 0.351134 0.351133 0.351136 0.351136 0.000000 0.000000
0.000000 0.000000 0.355410 0.355410 0.355408 0.355408 0.355410 0.355410 0.355410 0.355411 0.355411 0.355411 0.355410 0.355410 0.355410 0.355408 0.355408 0.355410 0.355410 0.000000 0.000000
0.000000 0.000000 0.360706 0.360706 0.360704 0.360704 0.360707 0.360706 0.360706 0.360707 0.360707 0.360707 0.360706 0.360706 0.360707 0.360704 0.360704 0.360706 0.360706 0.000000 0.000000
0.000000 0.000000 0.365511 0.365510 0.365509 0.365509 0.365511 0.365510 0.365510 0.365511 0.365512 0.365511 0.365510 0.365510 0.365511 0.365509 0.365509 0.365510 0.365511 0.000000 0.000000
0.000000 0.000000 0.369861 0.369861 0.369860 0.369860 0.369862 0.369861 0.369861 0.369862 0.369862 0.369862 0.369861 0.369861 0.369862 0.369860 0.369860 0.369861 0.369861 0.000000 0.000000
0.000000 0.000000 0.373885 0.373885 0.373883 0.373884 0.373885 0.373885 0.373885 0.373885 0.373886 0.373885 0.373885 0.373885 0.373885 0.373884 0.373883 0.373885 0.373885 0.000000 0.000000
0.000000 0.000000 0.377678 0.377678 0.377676 0.377677 0.377678 0.377678 0.377678 0.377678 0.377679 0.377678 0.377678 0.377678 0.377678 0.377677 0.377676 0.377678 0.377678 0.000000 0.000000
0.000000 0.000000 0.381286 0.381285 0.381284 0.381285 0.381286 0.381285 0.381285 0.381286 0.381286 0.381286 0.381285 0.381285 0.381286 0.381285 0.381284 0.381285 0.381286 0.000000 0.000000
0.000000 0.000000 0.384743 0.384743 0.384742 0.384742 0.384744 0.384743 0.384743 0.384744 0.384744 0.384744 0.384743 0.384743 0.384744 0.384742 0.384742 0.384743 0.384743 0.000000 0.000000
0.000000 0.000000 0.388079 0.388078 0.388077 0.388078 0.388079 0.388078 0.388078 0.388079 0.388079 0.388079 0.388078 0.388078 0.388079 0.388078 0.388077 0.388078 0.388079 0.000000 0.000000
0.000000 0.000000 0.391317 0.391317 0.391316 0.391316 0.391317 0.391317 0.391317 0.391317 0.391318 0.391317 0.391317 0.391317 0.391317 0.391316 0.391316 0.391317 0.391317 0.000000 0.000000
0.000000 0.000000 0.394465 0.394464 0.394463 0.394464 0.394465 0.394465 0.394465 0.394465 0.394465 0.394465 0.394465 0.394465 0.394465 0.394464 0.394463 0.394464 0.394465 0.000000 0.000000
0.000000 0.000000 0.397528 0.397528 0.397527 0.397527 0.397528 0.397528 0.397528 0.397528 0.397529 0.397528 0.397528 0.397528 0.397528 0.397527 0.397527 0.397528 0.397528 0.000000 0.000000
0.000000 0.000000 0.400517 0.400517 0.400516 0.400516 0.400517 0.400517 0.400517 0.400517 0.400518 0.400517 0.400517 0.400517 0.400517 0.400516 0.400516 0.400517 0.400517 0.000000 0.000000
0.000000 0.000000 0.403490 0.403490 0.403489 0.403489 0.403490 0.403490 0.403490 0.403490 0.403491 0.403490 0.403490 0.403490 0.403490 0.403489 0.403489 0.403490 0.403490 0.000000 0.000000
0.000000 0.000000 0.350000 0.350000 0.350000 0.350000 0.350000 0.350000 0.350000 0.350000 0.350000 0.350000 0.350000 0.350000 0.350000 0.350000 0.350000 0.350000 0.350000 0.000000 0.000000
0.000000 0.000000 0.000000 0.000000 0.000000 0.000000 0.000000 0.000000 0.000000 0.000000 0.000000 0.000000 0.000000 0.000000 0.000000 0.000000 0.000000 0.000000 0.000000 0.000000 0.000000