geotop/1.0zi/1.0Montebello/Templates/testdem/maps/_Eocclay1472.asc
ncols         21
nrows         20
xllcorner     100.000000
yllcorner     100.000000
cellsize      50.000000
NODATA_value  -9999.0
0.000000 0.000000 0.000000 0.000000 0.000000 0.000000 0.000000 0.000000 0.000000 0.000000 0.000000 0.000000 0.000000 0.000000 0.000000 0.000000 0.000000 0.000000 0.000000 0.000000 0.000000
0.000000 0.000000 0.349927 0.349927 0.349927 0.349927 0.349927 0.349927 0.349927 0.349927 0.349927 0.349927 0.349927 0.349927 0.349927 0.349927 0.349927 0.349927 0.349927 0.000000 0.000000
0.000000 0.000000 0.349994 0.349994 0.349994 0.349994 0.349994 0.349994 0.349994 0.349994 0.349994 0.349994 0.349994 0.349994 0.349994 0.349994 0.349994 0.349994 0.349994 0.000000 0.000000
0.000000 0.000000 0.350579 0.350579 0.350577 0.350578 0.350579 0.350579 0.350579 0.350579 0.350580 0.350579 0.350579 0.350579 0.350579 0.350578 0.350577 0.350579 0.350579 0.000000 0.000000
0.000000 0.000000 0.352792 0.352791 0.352789 0.352789 0.352793 0.352792 0.352792 0.352793 0.352793 0.352793 0.352792 0.352792 0.352793 0.352789 0.352789 0.352791 0.352792 0.000000 0.000000
0.000000 0.000000 0.355248 0.355247 0.355245 0.355246 0.355248 0.355248 0.355247 0.355248 0.355248 0.355248 0.355247 0.355248 0.355248 0.355246 0.355245 0.355247 0.355248 0.000000 0.000000
0.000000 0.000000 0.357580 0.357580 0.357578 0.357579 0.357581 0.357580 0.357580 0.357581 0.357581 0.357581 0.357580 0.357580 0.357581 0.357579 0.357578 0.357580 0.357580 0.000000 0.000000
0.000000 0.000000 0.359731 0.359730 0.359729 0.359729 0.359731 0.359730 0.359730 0.359731 0.359731 0.359731 0.359730 0.359730 0.359731 0.359729 0.359729 0.359730 0.359731 0.000000 0.000000
0.000000 0.000000 0.361747 0.361747 0.361746 0.361746 0.361748 0.361747 0.361747 0.361748 0.361748 0.361748 0.361747 0.361747 0.361748 0.361746 0.361746 0.361747 0.361747 0.000000 0.000000
0.000000 0.000000 0.363681 0.363681 0.363679 0.363680 0.363681 0.363681 0.363681 0.363681 0.363681 0.363681 0.363681 0.363681 0.363681 0.363680 0.363679 0.363681 0.363681 0.000000 0.000000
0.000000 0.000000 0.365550 0.365550 0.365549 0.365549 0.365551 0.365550 0.365550 0.365551 0.365551 0.365551 0.365550 0.365550 0.365551 0.365549 0.365549 0.365550 0.365550 0.000000 0.000000
0.000000 0.000000 0.367373 0.367373 0.367371 0.367372 0.367373 0.367373 0.367373 0.367373 0.367373 0.367373 0.367373 0.367373 0.367373 0.367372 0.367371 0.367373 0.367373 0.000000 0.000000
0.000000 0.000000 0.369165 0.369164 0.369163 0.369163 0.369165 0.369164 0.369164 0.369165 0.369165 0.369165 0.369164 0.369164 0.369165 0.369163 0.369163 0.369164 0.369165 0.000000 0.000000
0.000000 0.000000 0.370924 0.370924 0.370922 0.370923 0.370924 0.370924 0.370924 0.370924 0.370924 0.370924 0.370924 0.370924 0.370924 0.370923 0.370922 0.370924 0.370924 0.000000 0.000000
0.000000 0.000000 0.372660 0.372660 0.372658 0.372659 0.372660 0.372660 0.372660 0.372660 0.372660 0.372660 0.372660 0.372660 0.372660 0.372659 0.372658 0.372660 0.372660 0.000000 0.000000
0.000000 0.000000 0.374379 0.374379 0.374377 0.374378 0.374379 0.374379 0.374379 0.374379 0.374379 0.374379 0.374379 0.374379 0.374379 0.374378 0.374377 0.374379 0.374379 0.000000 0.000000
0.000000 0.000000 0.376079 0.376079 0.376077 0.376078 0.376079 0.376079 0.376079 0.376079 0.376079 0.376079 0.376079 0.376079 0.376079 0.376078 0.376077 0.376079 0.376079 0.000000 0.000000
0.000000 0.000000 0.377802 0.377802 0.377800 0.377801 0.377802 0.377802 0.377802 0.377802 0.377802 0.377802 0.377802 0.377802 0.377802 0.377801 0.377800 0.377802 0.377802 0.000000 0.000000
0.000000 0.000000 0.350000 0.350000 0.350000 0.350000 0.350000 0.350000 0.350000 0.350000 0.350000 0.350000 0.350000 0.350000 0.350000 0.350000 0.350000 0.350000 0.350000 0.000000 0.000000
0.000000 0.000000 0.000000 0.000000 0.000000 0.000000 0.000000 0.000000 0.000000 0.000000 0.000000 0.000000 0.000000 0.000000 0.000000 0.000000 0.000000 0.000000 0.000000 0.000000 0.000000