geotop/1.0zi/1.0Montebello/Templates/testdem/maps/_Eocsand0842.asc
ncols         21
nrows         20
xllcorner     100.000000
yllcorner     100.000000
cellsize      50.000000
NODATA_value  -9999.0
0.000000 0.000000 0.000000 0.000000 0.000000 0.000000 0.000000 0.000000 0.000000 0.000000 0.000000 0.000000 0.000000 0.000000 0.000000 0.000000 0.000000 0.000000 0.000000 0.000000 0.000000
0.000000 0.000000 0.300030 0.300030 0.300030 0.300030 0.300030 0.300030 0.300030 0.300030 0.300030 0.300030 0.300030 0.300030 0.300030 0.300030 0.300030 0.300030 0.300030 0.000000 0.000000
0.000000 0.000000 0.300005 0.300005 0.300006 0.300005 0.300005 0.300005 0.300005 0.300005 0.300005 0.300005 0.300005 0.300005 0.300005 0.300005 0.300006 0.300005 0.300005 0.000000 0.000000
0.000000 0.000000 0.299349 0.299350 0.299354 0.299352 0.299349 0.299349 0.299349 0.299349 0.299349 0.299349 0.299349 0.299349 0.299349 0.299352 0.299354 0.299350 0.299349 0.000000 0.000000
0.000000 0.000000 0.296916 0.296918 0.296922 0.296923 0.296916 0.296916 0.296917 0.296916 0.296916 0.296916 0.296917 0.296916 0.296916 0.296923 0.296922 0.296918 0.296916 0.000000 0.000000
0.000000 0.000000 0.294053 0.294054 0.294058 0.294058 0.294053 0.294053 0.294053 0.294053 0.294053 0.294053 0.294053 0.294053 0.294053 0.294058 0.294058 0.294054 0.294053 0.000000 0.000000
0.000000 0.000000 0.291373 0.291375 0.291378 0.291377 0.291373 0.291374 0.291374 0.291373 0.291373 0.291373 0.291374 0.291374 0.291373 0.291377 0.291378 0.291375 0.291373 0.000000 0.000000
0.000000 0.000000 0.288896 0.288897 0.288900 0.288900 0.288896 0.288896 0.288897 0.288896 0.288896 0.288896 0.288897 0.288896 0.288896 0.288900 0.288900 0.288897 0.288896 0.000000 0.000000
0.000000 0.000000 0.286568 0.286569 0.286572 0.286571 0.286568 0.286568 0.286568 0.286568 0.286568 0.286568 0.286568 0.286568 0.286568 0.286571 0.286572 0.286569 0.286568 0.000000 0.000000
0.000000 0.000000 0.284336 0.284337 0.284339 0.284339 0.284336 0.284336 0.284336 0.284336 0.284336 0.284336 0.284336 0.284336 0.284336 0.284339 0.284339 0.284337 0.284336 0.000000 0.000000
0.000000 0.000000 0.282171 0.282172 0.282175 0.282174 0.282171 0.282171 0.282171 0.282171 0.282171 0.282171 0.282171 0.282171 0.282171 0.282174 0.282175 0.282172 0.282171 0.000000 0.000000
0.000000 0.000000 0.280055 0.280056 0.280059 0.280058 0.280055 0.280055 0.280055 0.280055 0.280055 0.280055 0.280055 0.280055 0.280055 0.280058 0.280059 0.280056 0.280055 0.000000 0.000000
0.000000 0.000000 0.277980 0.277981 0.277984 0.277983 0.277980 0.277980 0.277980 0.277980 0.277980 0.277980 0.277980 0.277980 0.277980 0.277983 0.277984 0.277981 0.277980 0.000000 0.000000
0.000000 0.000000 0.275939 0.275940 0.275942 0.275942 0.275939 0.275939 0.275939 0.275939 0.275939 0.275939 0.275939 0.275939 0.275939 0.275942 0.275942 0.275940 0.275939 0.000000 0.000000
0.000000 0.000000 0.273921 0.273922 0.273925 0.273924 0.273922 0.273922 0.273922 0.273921 0.273921 0.273921 0.273922 0.273922 0.273922 0.273924 0.273925 0.273922 0.273921 0.000000 0.000000
0.000000 0.000000 0.271918 0.271919 0.271921 0.271921 0.271918 0.271918 0.271918 0.271918 0.271918 0.271918 0.271918 0.271918 0.271918 0.271921 0.271921 0.271919 0.271918 0.000000 0.000000
0.000000 0.000000 0.269935 0.269936 0.269938 0.269938 0.269935 0.269935 0.269935 0.269935 0.269935 0.269935 0.269935 0.269935 0.269935 0.269938 0.269938 0.269936 0.269935 0.000000 0.000000
0.000000 0.000000 0.267916 0.267916 0.267919 0.267918 0.267916 0.267916 0.267916 0.267915 0.267916 0.267915 0.267916 0.267916 0.267916 0.267918 0.267919 0.267916 0.267915 0.000000 0.000000
0.000000 0.000000 0.300000 0.300000 0.300000 0.300000 0.300000 0.300000 0.300000 0.300000 0.300000 0.300000 0.300000 0.300000 0.300000 0.300000 0.300000 0.300000 0.300000 0.000000 0.000000
0.000000 0.000000 0.000000 0.000000 0.000000 0.000000 0.000000 0.000000 0.000000 0.000000 0.000000 0.000000 0.000000 0.000000 0.000000 0.000000 0.000000 0.000000 0.000000 0.000000 0.000000