geotop/1.0zi/1.0Montebello/Templates/testdem/maps/_Eocsilt9903.asc
ncols         21
nrows         20
xllcorner     100.000000
yllcorner     100.000000
cellsize      50.000000
NODATA_value  -9999.0
0.000000 0.000000 0.000000 0.000000 0.000000 0.000000 0.000000 0.000000 0.000000 0.000000 0.000000 0.000000 0.000000 0.000000 0.000000 0.000000 0.000000 0.000000 0.000000 0.000000 0.000000
0.000000 0.000000 0.350212 0.350211 0.350212 0.350212 0.350211 0.350211 0.350211 0.350211 0.350211 0.350211 0.350211 0.350211 0.350211 0.350211 0.350212 0.350212 0.350211 0.000000 0.000000
0.000000 0.000000 0.350008 0.350008 0.350008 0.350007 0.350009 0.350008 0.350008 0.350009 0.350009 0.350008 0.350009 0.350009 0.350008 0.350007 0.350006 0.350006 0.350007 0.000000 0.000000
0.000000 0.000000 0.350151 0.350148 0.350141 0.350137 0.350137 0.350131 0.350135 0.350136 0.350133 0.350137 0.350138 0.350137 0.350139 0.350143 0.350148 0.350149 0.350151 0.000000 0.000000
0.000000 0.000000 0.351499 0.351505 0.351496 0.351474 0.351465 0.351458 0.351461 0.351458 0.351458 0.351460 0.351466 0.351464 0.351478 0.351487 0.351490 0.351497 0.351500 0.000000 0.000000
0.000000 0.000000 0.355218 0.355212 0.355197 0.355169 0.355135 0.355107 0.355106 0.355102 0.355101 0.355102 0.355106 0.355103 0.355122 0.355146 0.355158 0.355166 0.355173 0.000000 0.000000
0.000000 0.000000 0.360502 0.360490 0.360473 0.360433 0.360391 0.360336 0.360339 0.360336 0.360329 0.360328 0.360326 0.360330 0.360375 0.360407 0.360429 0.360444 0.360451 0.000000 0.000000
0.000000 0.000000 0.366775 0.366761 0.366746 0.366700 0.366654 0.366604 0.366606 0.366600 0.366593 0.366589 0.366588 0.366595 0.366638 0.366676 0.366710 0.366715 0.366730 0.000000 0.000000
0.000000 0.000000 0.373700 0.373680 0.373654 0.373617 0.373565 0.373503 0.373509 0.373498 0.373488 0.373486 0.373489 0.373486 0.373547 0.373592 0.373619 0.373630 0.373643 0.000000 0.000000
0.000000 0.000000 0.381352 0.381326 0.381305 0.381266 0.381209 0.381144 0.381146 0.381139 0.381123 0.381128 0.381135 0.381132 0.381182 0.381240 0.381271 0.381282 0.381288 0.000000 0.000000
0.000000 0.000000 0.390060 0.390038 0.390019 0.389931 0.389905 0.389819 0.389837 0.389797 0.389797 0.389790 0.389777 0.389799 0.389855 0.389892 0.389935 0.389949 0.389987 0.000000 0.000000
0.000000 0.000000 0.400255 0.400208 0.400156 0.400114 0.400068 0.399959 0.399957 0.399954 0.399963 0.399926 0.399944 0.399937 0.400037 0.400094 0.400117 0.400130 0.400205 0.000000 0.000000
0.000000 0.000000 0.411747 0.411704 0.411692 0.411610 0.411553 0.411265 0.411260 0.411244 0.411138 0.411200 0.411205 0.411230 0.411446 0.411494 0.411599 0.411604 0.411620 0.000000 0.000000
0.000000 0.000000 0.425894 0.425875 0.425780 0.425723 0.425322 0.425469 0.425383 0.425386 0.425440 0.425380 0.425372 0.425326 0.425196 0.425634 0.425647 0.425748 0.425809 0.000000 0.000000
0.000000 0.000000 0.441491 0.441444 0.441372 0.440875 0.441095 0.440781 0.440716 0.440686 0.440566 0.440532 0.440586 0.440592 0.440867 0.440659 0.441301 0.441147 0.441122 0.000000 0.000000
0.000000 0.000000 0.454511 0.454486 0.454016 0.454253 0.454167 0.454184 0.454388 0.454334 0.454441 0.454422 0.454334 0.454443 0.454381 0.454463 0.453942 0.454654 0.454643 0.000000 0.000000
0.000000 0.000000 0.464493 0.464240 0.464243 0.464167 0.464023 0.463997 0.463945 0.463956 0.463885 0.463892 0.463929 0.463894 0.463943 0.464054 0.464214 0.464146 0.464407 0.000000 0.000000
0.000000 0.000000 0.469927 0.469771 0.469908 0.469810 0.469695 0.469593 0.469540 0.469534 0.469496 0.469498 0.469533 0.469502 0.469614 0.469700 0.469898 0.469689 0.469850 0.000000 0.000000
0.000000 0.000000 0.350000 0.350000 0.350000 0.350000 0.350000 0.350000 0.350000 0.350000 0.350000 0.350000 0.350000 0.350000 0.350000 0.350000 0.350000 0.350000 0.350000 0.000000 0.000000
0.000000 0.000000 0.000000 0.000000 0.000000 0.000000 0.000000 0.000000 0.000000 0.000000 0.000000 0.000000 0.000000 0.000000 0.000000 0.000000 0.000000 0.000000 0.000000 0.000000 0.000000