geotop/1.0zi/1.0Montebello/Templates/testdem/maps/_Eocsilt9356.asc
ncols         21
nrows         20
xllcorner     100.000000
yllcorner     100.000000
cellsize      50.000000
NODATA_value  -9999.0
0.000000 0.000000 0.000000 0.000000 0.000000 0.000000 0.000000 0.000000 0.000000 0.000000 0.000000 0.000000 0.000000 0.000000 0.000000 0.000000 0.000000 0.000000 0.000000 0.000000 0.000000
0.000000 0.000000 0.350199 0.350198 0.350199 0.350199 0.350198 0.350198 0.350199 0.350198 0.350199 0.350198 0.350198 0.350198 0.350198 0.350199 0.350199 0.350199 0.350198 0.000000 0.000000
0.000000 0.000000 0.350008 0.350007 0.350008 0.350007 0.350008 0.350008 0.350008 0.350008 0.350008 0.350008 0.350009 0.350009 0.350008 0.350007 0.350006 0.350006 0.350007 0.000000 0.000000
0.000000 0.000000 0.350123 0.350120 0.350114 0.350109 0.350109 0.350105 0.350108 0.350108 0.350105 0.350109 0.350109 0.350109 0.350112 0.350116 0.350121 0.350121 0.350124 0.000000 0.000000
0.000000 0.000000 0.351315 0.351320 0.351309 0.351292 0.351282 0.351277 0.351280 0.351277 0.351277 0.351280 0.351285 0.351283 0.351297 0.351303 0.351307 0.351313 0.351316 0.000000 0.000000
0.000000 0.000000 0.354696 0.354691 0.354676 0.354656 0.354625 0.354602 0.354600 0.354594 0.354598 0.354599 0.354603 0.354602 0.354617 0.354637 0.354648 0.354656 0.354663 0.000000 0.000000
0.000000 0.000000 0.359502 0.359493 0.359476 0.359444 0.359404 0.359353 0.359358 0.359355 0.359353 0.359353 0.359351 0.359357 0.359395 0.359425 0.359446 0.359461 0.359468 0.000000 0.000000
0.000000 0.000000 0.365188 0.365177 0.365165 0.365129 0.365088 0.365043 0.365045 0.365040 0.365037 0.365035 0.365033 0.365042 0.365079 0.365114 0.365146 0.365151 0.365166 0.000000 0.000000
0.000000 0.000000 0.371409 0.371393 0.371372 0.371345 0.371298 0.371242 0.371249 0.371238 0.371233 0.371232 0.371235 0.371234 0.371287 0.371328 0.371353 0.371363 0.371377 0.000000 0.000000
0.000000 0.000000 0.378175 0.378156 0.378140 0.378111 0.378049 0.377998 0.378001 0.377994 0.377985 0.377990 0.377998 0.377996 0.378039 0.378091 0.378120 0.378130 0.378137 0.000000 0.000000
0.000000 0.000000 0.385739 0.385725 0.385712 0.385644 0.385604 0.385537 0.385555 0.385519 0.385525 0.385521 0.385510 0.385532 0.385578 0.385610 0.385650 0.385666 0.385698 0.000000 0.000000
0.000000 0.000000 0.394434 0.394403 0.394365 0.394332 0.394274 0.394192 0.394193 0.394188 0.394203 0.394173 0.394189 0.394188 0.394269 0.394317 0.394339 0.394352 0.394419 0.000000 0.000000
0.000000 0.000000 0.404118 0.404090 0.404082 0.404008 0.403959 0.403726 0.403727 0.403715 0.403642 0.403686 0.403695 0.403718 0.403893 0.403936 0.404020 0.404027 0.404051 0.000000 0.000000
0.000000 0.000000 0.415950 0.415940 0.415874 0.415829 0.415505 0.415590 0.415528 0.415530 0.415567 0.415531 0.415527 0.415500 0.415420 0.415768 0.415791 0.415874 0.415926 0.000000 0.000000
0.000000 0.000000 0.429769 0.429728 0.429661 0.429241 0.429370 0.429127 0.429060 0.429037 0.428951 0.428914 0.428964 0.428966 0.429189 0.429073 0.429623 0.429504 0.429493 0.000000 0.000000
0.000000 0.000000 0.443355 0.443328 0.442803 0.443047 0.442963 0.442970 0.443198 0.443136 0.443256 0.443234 0.443139 0.443267 0.443215 0.443287 0.442741 0.443532 0.443520 0.000000 0.000000
0.000000 0.000000 0.456584 0.456075 0.456240 0.456009 0.455749 0.455663 0.455493 0.455532 0.455358 0.455378 0.455480 0.455376 0.455519 0.455712 0.456210 0.455830 0.456359 0.000000 0.000000
0.000000 0.000000 0.461202 0.461388 0.461695 0.461630 0.461578 0.461282 0.461296 0.461223 0.461318 0.461295 0.461297 0.461320 0.461575 0.461615 0.461725 0.461429 0.461247 0.000000 0.000000
0.000000 0.000000 0.350000 0.350000 0.350000 0.350000 0.350000 0.350000 0.350000 0.350000 0.350000 0.350000 0.350000 0.350000 0.350000 0.350000 0.350000 0.350000 0.350000 0.000000 0.000000
0.000000 0.000000 0.000000 0.000000 0.000000 0.000000 0.000000 0.000000 0.000000 0.000000 0.000000 0.000000 0.000000 0.000000 0.000000 0.000000 0.000000 0.000000 0.000000 0.000000 0.000000