geotop/1.0zi/1.0Montebello/Templates/testdem/maps/_Eocsand8663.asc
ncols         21
nrows         20
xllcorner     100.000000
yllcorner     100.000000
cellsize      50.000000
NODATA_value  -9999.0
0.000000 0.000000 0.000000 0.000000 0.000000 0.000000 0.000000 0.000000 0.000000 0.000000 0.000000 0.000000 0.000000 0.000000 0.000000 0.000000 0.000000 0.000000 0.000000 0.000000 0.000000
0.000000 0.000000 0.300218 0.300216 0.300216 0.300217 0.300216 0.300215 0.300215 0.300215 0.300216 0.300215 0.300216 0.300216 0.300215 0.300216 0.300217 0.300217 0.300217 0.000000 0.000000
0.000000 0.000000 0.300012 0.300014 0.300013 0.300012 0.300013 0.300013 0.300013 0.300013 0.300013 0.300013 0.300012 0.300013 0.300013 0.300013 0.300014 0.300014 0.300015 0.000000 0.000000
0.000000 0.000000 0.299891 0.299890 0.299896 0.299905 0.299900 0.299907 0.299903 0.299905 0.299905 0.299905 0.299905 0.299906 0.299901 0.299896 0.299893 0.299890 0.299891 0.000000 0.000000
0.000000 0.000000 0.297803 0.297805 0.297819 0.297839 0.297865 0.297871 0.297876 0.297877 0.297878 0.297874 0.297872 0.297870 0.297849 0.297843 0.297829 0.297817 0.297805 0.000000 0.000000
0.000000 0.000000 0.291680 0.291686 0.291714 0.291767 0.291807 0.291850 0.291850 0.291863 0.291853 0.291853 0.291844 0.291847 0.291821 0.291787 0.291757 0.291737 0.291724 0.000000 0.000000
0.000000 0.000000 0.283126 0.283141 0.283162 0.283220 0.283291 0.283368 0.283368 0.283376 0.283375 0.283373 0.283375 0.283369 0.283300 0.283241 0.283205 0.283176 0.283160 0.000000 0.000000
0.000000 0.000000 0.272994 0.273005 0.273022 0.273090 0.273156 0.273240 0.273240 0.273251 0.273252 0.273256 0.273260 0.273244 0.273169 0.273113 0.273055 0.273041 0.273013 0.000000 0.000000
0.000000 0.000000 0.262065 0.262090 0.262122 0.262167 0.262244 0.262334 0.262327 0.262347 0.262352 0.262355 0.262351 0.262354 0.262262 0.262188 0.262143 0.262122 0.262098 0.000000 0.000000
0.000000 0.000000 0.250372 0.250400 0.250419 0.250465 0.250573 0.250654 0.250653 0.250663 0.250676 0.250666 0.250654 0.250659 0.250581 0.250493 0.250440 0.250422 0.250406 0.000000 0.000000
0.000000 0.000000 0.237505 0.237522 0.237544 0.237648 0.237719 0.237823 0.237794 0.237856 0.237841 0.237847 0.237866 0.237830 0.237753 0.237701 0.237629 0.237594 0.237545 0.000000 0.000000
0.000000 0.000000 0.223021 0.223070 0.223116 0.223175 0.223270 0.223390 0.223404 0.223412 0.223383 0.223430 0.223409 0.223408 0.223269 0.223195 0.223151 0.223123 0.223007 0.000000 0.000000
0.000000 0.000000 0.207143 0.207192 0.207200 0.207307 0.207380 0.207735 0.207742 0.207757 0.207860 0.207798 0.207782 0.207749 0.207471 0.207403 0.207263 0.207254 0.207199 0.000000 0.000000
0.000000 0.000000 0.188176 0.188192 0.188274 0.188345 0.188823 0.188746 0.188841 0.188838 0.188795 0.188835 0.188843 0.188879 0.188943 0.188441 0.188380 0.188250 0.188162 0.000000 0.000000
0.000000 0.000000 0.165608 0.165663 0.165762 0.166390 0.166289 0.166600 0.166728 0.166758 0.166869 0.166935 0.166863 0.166874 0.166560 0.166635 0.165814 0.165961 0.165956 0.000000 0.000000
0.000000 0.000000 0.141186 0.141231 0.142121 0.141816 0.141912 0.141947 0.141593 0.141695 0.141502 0.141554 0.141706 0.141488 0.141505 0.141436 0.142194 0.140880 0.140898 0.000000 0.000000
0.000000 0.000000 0.112007 0.113314 0.112940 0.113488 0.114143 0.114333 0.114734 0.114638 0.115049 0.115002 0.114760 0.115009 0.114660 0.114177 0.112979 0.113848 0.112488 0.000000 0.000000
0.000000 0.000000 0.103313 0.102138 0.101158 0.101152 0.101076 0.102039 0.101853 0.102141 0.101649 0.101745 0.101828 0.101661 0.100860 0.100916 0.100971 0.101703 0.102865 0.000000 0.000000
0.000000 0.000000 0.300000 0.300000 0.300000 0.300000 0.300000 0.300000 0.300000 0.300000 0.300000 0.300000 0.300000 0.300000 0.300000 0.300000 0.300000 0.300000 0.300000 0.000000 0.000000
0.000000 0.000000 0.000000 0.000000 0.000000 0.000000 0.000000 0.000000 0.000000 0.000000 0.000000 0.000000 0.000000 0.000000 0.000000 0.000000 0.000000 0.000000 0.000000 0.000000 0.000000