geotop/1.0zi/1.0Montebello/Templates/testdem/maps/_Eocsilt5216.asc
ncols         21
nrows         20
xllcorner     100.000000
yllcorner     100.000000
cellsize      50.000000
NODATA_value  -9999.0
0.000000 0.000000 0.000000 0.000000 0.000000 0.000000 0.000000 0.000000 0.000000 0.000000 0.000000 0.000000 0.000000 0.000000 0.000000 0.000000 0.000000 0.000000 0.000000 0.000000 0.000000
0.000000 0.000000 0.350107 0.350107 0.350107 0.350107 0.350107 0.350107 0.350107 0.350107 0.350107 0.350107 0.350107 0.350107 0.350107 0.350107 0.350107 0.350107 0.350106 0.000000 0.000000
0.000000 0.000000 0.350002 0.350002 0.350002 0.350003 0.350003 0.350003 0.350003 0.350003 0.350003 0.350003 0.350003 0.350003 0.350003 0.350003 0.350001 0.350001 0.350002 0.000000 0.000000
0.000000 0.000000 0.350037 0.350037 0.350036 0.350031 0.350033 0.350031 0.350033 0.350034 0.350033 0.350032 0.350032 0.350031 0.350033 0.350036 0.350036 0.350038 0.350037 0.000000 0.000000
0.000000 0.000000 0.350440 0.350443 0.350442 0.350438 0.350436 0.350432 0.350430 0.350429 0.350426 0.350428 0.350429 0.350429 0.350434 0.350435 0.350436 0.350445 0.350447 0.000000 0.000000
0.000000 0.000000 0.351761 0.351764 0.351761 0.351748 0.351739 0.351723 0.351721 0.351717 0.351722 0.351724 0.351726 0.351723 0.351728 0.351734 0.351742 0.351745 0.351749 0.000000 0.000000
0.000000 0.000000 0.353788 0.353787 0.353783 0.353766 0.353748 0.353727 0.353729 0.353727 0.353729 0.353729 0.353726 0.353730 0.353744 0.353759 0.353766 0.353775 0.353781 0.000000 0.000000
0.000000 0.000000 0.356229 0.356230 0.356231 0.356214 0.356196 0.356174 0.356175 0.356172 0.356173 0.356173 0.356171 0.356174 0.356190 0.356207 0.356222 0.356224 0.356232 0.000000 0.000000
0.000000 0.000000 0.358788 0.358783 0.358777 0.358767 0.358749 0.358723 0.358724 0.358719 0.358717 0.358719 0.358720 0.358718 0.358741 0.358759 0.358772 0.358777 0.358785 0.000000 0.000000
0.000000 0.000000 0.361329 0.361325 0.361323 0.361316 0.361291 0.361269 0.361271 0.361268 0.361265 0.361269 0.361272 0.361269 0.361286 0.361307 0.361320 0.361321 0.361326 0.000000 0.000000
0.000000 0.000000 0.363918 0.363916 0.363916 0.363897 0.363880 0.363856 0.363862 0.363850 0.363850 0.363852 0.363849 0.363856 0.363869 0.363882 0.363896 0.363904 0.363915 0.000000 0.000000
0.000000 0.000000 0.366617 0.366611 0.366605 0.366592 0.366577 0.366548 0.366550 0.366542 0.366550 0.366544 0.366545 0.366548 0.366573 0.366584 0.366594 0.366598 0.366627 0.000000 0.000000
0.000000 0.000000 0.369361 0.369355 0.369354 0.369339 0.369327 0.369270 0.369270 0.369265 0.369253 0.369259 0.369264 0.369269 0.369310 0.369320 0.369341 0.369343 0.369364 0.000000 0.000000
0.000000 0.000000 0.372306 0.372301 0.372295 0.372286 0.372234 0.372219 0.372206 0.372205 0.372200 0.372203 0.372204 0.372202 0.372208 0.372260 0.372279 0.372293 0.372314 0.000000 0.000000
0.000000 0.000000 0.375512 0.375509 0.375496 0.375442 0.375425 0.375393 0.375371 0.375368 0.375357 0.375351 0.375358 0.375353 0.375376 0.375403 0.375483 0.375477 0.375490 0.000000 0.000000
0.000000 0.000000 0.378875 0.378870 0.378803 0.378787 0.378783 0.378762 0.378772 0.378764 0.378768 0.378761 0.378754 0.378768 0.378780 0.378788 0.378790 0.378876 0.378879 0.000000 0.000000
0.000000 0.000000 0.382657 0.382568 0.382529 0.382501 0.382460 0.382437 0.382432 0.382430 0.382411 0.382407 0.382415 0.382414 0.382437 0.382469 0.382520 0.382551 0.382641 0.000000 0.000000
0.000000 0.000000 0.385529 0.385521 0.385596 0.385571 0.385539 0.385455 0.385452 0.385433 0.385442 0.385437 0.385444 0.385446 0.385524 0.385545 0.385609 0.385529 0.385543 0.000000 0.000000
0.000000 0.000000 0.350000 0.350000 0.350000 0.350000 0.350000 0.350000 0.350000 0.350000 0.350000 0.350000 0.350000 0.350000 0.350000 0.350000 0.350000 0.350000 0.350000 0.000000 0.000000
0.000000 0.000000 0.000000 0.000000 0.000000 0.000000 0.000000 0.000000 0.000000 0.000000 0.000000 0.000000 0.000000 0.000000 0.000000 0.000000 0.000000 0.000000 0.000000 0.000000 0.000000