geotop/1.0zi/1.0Montebello/Templates/testdem/maps/_Eocclay1242.asc
ncols         21
nrows         20
xllcorner     100.000000
yllcorner     100.000000
cellsize      50.000000
NODATA_value  -9999.0
0.000000 0.000000 0.000000 0.000000 0.000000 0.000000 0.000000 0.000000 0.000000 0.000000 0.000000 0.000000 0.000000 0.000000 0.000000 0.000000 0.000000 0.000000 0.000000 0.000000 0.000000
0.000000 0.000000 0.349936 0.349936 0.349937 0.349936 0.349936 0.349936 0.349936 0.349936 0.349936 0.349936 0.349936 0.349936 0.349936 0.349936 0.349937 0.349936 0.349936 0.000000 0.000000
0.000000 0.000000 0.349994 0.349993 0.349993 0.349994 0.349993 0.349994 0.349993 0.349993 0.349993 0.349993 0.349993 0.349994 0.349993 0.349994 0.349993 0.349993 0.349994 0.000000 0.000000
0.000000 0.000000 0.350545 0.350544 0.350542 0.350543 0.350545 0.350544 0.350544 0.350545 0.350545 0.350545 0.350544 0.350544 0.350545 0.350543 0.350542 0.350544 0.350545 0.000000 0.000000
0.000000 0.000000 0.352467 0.352466 0.352464 0.352464 0.352467 0.352466 0.352466 0.352467 0.352467 0.352467 0.352466 0.352466 0.352467 0.352464 0.352464 0.352466 0.352467 0.000000 0.000000
0.000000 0.000000 0.354578 0.354578 0.354576 0.354576 0.354579 0.354578 0.354578 0.354579 0.354579 0.354579 0.354578 0.354578 0.354579 0.354576 0.354576 0.354578 0.354578 0.000000 0.000000
0.000000 0.000000 0.356586 0.356585 0.356584 0.356584 0.356586 0.356586 0.356586 0.356586 0.356586 0.356586 0.356586 0.356586 0.356586 0.356584 0.356584 0.356585 0.356586 0.000000 0.000000
0.000000 0.000000 0.358434 0.358434 0.358432 0.358433 0.358434 0.358434 0.358434 0.358434 0.358434 0.358434 0.358434 0.358434 0.358434 0.358433 0.358432 0.358434 0.358434 0.000000 0.000000
0.000000 0.000000 0.360165 0.360165 0.360163 0.360164 0.360165 0.360165 0.360165 0.360166 0.360165 0.360166 0.360165 0.360165 0.360165 0.360164 0.360163 0.360165 0.360165 0.000000 0.000000
0.000000 0.000000 0.361825 0.361825 0.361823 0.361824 0.361825 0.361825 0.361825 0.361825 0.361825 0.361825 0.361825 0.361825 0.361825 0.361824 0.361823 0.361825 0.361825 0.000000 0.000000
0.000000 0.000000 0.363431 0.363431 0.363429 0.363430 0.363431 0.363431 0.363431 0.363431 0.363431 0.363431 0.363431 0.363431 0.363431 0.363430 0.363429 0.363431 0.363431 0.000000 0.000000
0.000000 0.000000 0.365000 0.364999 0.364998 0.364998 0.365000 0.364999 0.364999 0.365000 0.365000 0.365000 0.364999 0.364999 0.365000 0.364998 0.364998 0.364999 0.365000 0.000000 0.000000
0.000000 0.000000 0.366542 0.366542 0.366540 0.366541 0.366542 0.366542 0.366542 0.366542 0.366542 0.366542 0.366542 0.366542 0.366542 0.366541 0.366540 0.366542 0.366542 0.000000 0.000000
0.000000 0.000000 0.368058 0.368058 0.368057 0.368057 0.368058 0.368058 0.368058 0.368059 0.368059 0.368059 0.368058 0.368058 0.368058 0.368057 0.368057 0.368058 0.368058 0.000000 0.000000
0.000000 0.000000 0.369556 0.369556 0.369554 0.369555 0.369556 0.369556 0.369556 0.369556 0.369556 0.369556 0.369556 0.369556 0.369556 0.369555 0.369554 0.369556 0.369556 0.000000 0.000000
0.000000 0.000000 0.371040 0.371040 0.371039 0.371039 0.371040 0.371040 0.371040 0.371040 0.371040 0.371040 0.371040 0.371040 0.371040 0.371039 0.371039 0.371040 0.371040 0.000000 0.000000
0.000000 0.000000 0.372511 0.372511 0.372509 0.372510 0.372511 0.372511 0.372511 0.372511 0.372511 0.372511 0.372511 0.372511 0.372511 0.372510 0.372509 0.372511 0.372511 0.000000 0.000000
0.000000 0.000000 0.374012 0.374013 0.374011 0.374012 0.374013 0.374013 0.374013 0.374013 0.374013 0.374013 0.374013 0.374013 0.374013 0.374012 0.374011 0.374013 0.374013 0.000000 0.000000
0.000000 0.000000 0.350000 0.350000 0.350000 0.350000 0.350000 0.350000 0.350000 0.350000 0.350000 0.350000 0.350000 0.350000 0.350000 0.350000 0.350000 0.350000 0.350000 0.000000 0.000000
0.000000 0.000000 0.000000 0.000000 0.000000 0.000000 0.000000 0.000000 0.000000 0.000000 0.000000 0.000000 0.000000 0.000000 0.000000 0.000000 0.000000 0.000000 0.000000 0.000000 0.000000