geotop/1.0zi/1.0Montebello/Templates/testdem/maps/_Eocsilt0378.asc
ncols         21
nrows         20
xllcorner     100.000000
yllcorner     100.000000
cellsize      50.000000
NODATA_value  -9999.0
0.000000 0.000000 0.000000 0.000000 0.000000 0.000000 0.000000 0.000000 0.000000 0.000000 0.000000 0.000000 0.000000 0.000000 0.000000 0.000000 0.000000 0.000000 0.000000 0.000000 0.000000
0.000000 0.000000 0.350009 0.350009 0.350009 0.350009 0.350009 0.350009 0.350009 0.350009 0.350009 0.350009 0.350009 0.350009 0.350009 0.350009 0.350009 0.350009 0.350009 0.000000 0.000000
0.000000 0.000000 0.349999 0.349999 0.349999 0.349999 0.349999 0.349999 0.349999 0.349999 0.349999 0.349999 0.349999 0.349999 0.349999 0.349999 0.349999 0.349999 0.349999 0.000000 0.000000
0.000000 0.000000 0.350255 0.350255 0.350253 0.350255 0.350255 0.350255 0.350255 0.350255 0.350255 0.350255 0.350255 0.350255 0.350255 0.350255 0.350253 0.350255 0.350255 0.000000 0.000000
0.000000 0.000000 0.350956 0.350956 0.350954 0.350956 0.350956 0.350956 0.350956 0.350956 0.350956 0.350956 0.350956 0.350956 0.350956 0.350956 0.350954 0.350956 0.350956 0.000000 0.000000
0.000000 0.000000 0.351634 0.351635 0.351633 0.351634 0.351635 0.351635 0.351635 0.351635 0.351635 0.351635 0.351635 0.351635 0.351635 0.351634 0.351633 0.351635 0.351634 0.000000 0.000000
0.000000 0.000000 0.352244 0.352244 0.352242 0.352244 0.352244 0.352244 0.352244 0.352244 0.352244 0.352244 0.352244 0.352244 0.352244 0.352244 0.352242 0.352244 0.352244 0.000000 0.000000
0.000000 0.000000 0.352807 0.352807 0.352805 0.352807 0.352807 0.352807 0.352807 0.352807 0.352807 0.352807 0.352807 0.352807 0.352807 0.352807 0.352805 0.352807 0.352807 0.000000 0.000000
0.000000 0.000000 0.353338 0.353338 0.353336 0.353338 0.353338 0.353338 0.353338 0.353338 0.353338 0.353338 0.353338 0.353338 0.353338 0.353338 0.353336 0.353338 0.353338 0.000000 0.000000
0.000000 0.000000 0.353850 0.353850 0.353848 0.353850 0.353850 0.353850 0.353850 0.353850 0.353850 0.353850 0.353850 0.353850 0.353850 0.353850 0.353848 0.353850 0.353850 0.000000 0.000000
0.000000 0.000000 0.354347 0.354347 0.354346 0.354347 0.354347 0.354347 0.354347 0.354347 0.354347 0.354347 0.354347 0.354347 0.354347 0.354347 0.354346 0.354347 0.354347 0.000000 0.000000
0.000000 0.000000 0.354834 0.354834 0.354832 0.354834 0.354834 0.354834 0.354834 0.354834 0.354834 0.354834 0.354834 0.354834 0.354834 0.354834 0.354832 0.354834 0.354834 0.000000 0.000000
0.000000 0.000000 0.355311 0.355311 0.355310 0.355311 0.355311 0.355311 0.355311 0.355311 0.355311 0.355311 0.355311 0.355311 0.355311 0.355311 0.355310 0.355311 0.355311 0.000000 0.000000
0.000000 0.000000 0.355779 0.355779 0.355778 0.355779 0.355779 0.355779 0.355779 0.355779 0.355779 0.355779 0.355779 0.355779 0.355779 0.355779 0.355778 0.355779 0.355779 0.000000 0.000000
0.000000 0.000000 0.356242 0.356242 0.356241 0.356242 0.356242 0.356242 0.356242 0.356242 0.356242 0.356242 0.356242 0.356242 0.356242 0.356242 0.356241 0.356242 0.356242 0.000000 0.000000
0.000000 0.000000 0.356704 0.356704 0.356703 0.356704 0.356704 0.356704 0.356704 0.356704 0.356704 0.356704 0.356704 0.356704 0.356704 0.356704 0.356703 0.356704 0.356704 0.000000 0.000000
0.000000 0.000000 0.357160 0.357160 0.357159 0.357160 0.357160 0.357160 0.357160 0.357160 0.357160 0.357160 0.357160 0.357160 0.357160 0.357160 0.357159 0.357160 0.357160 0.000000 0.000000
0.000000 0.000000 0.357633 0.357633 0.357631 0.357633 0.357633 0.357633 0.357633 0.357633 0.357633 0.357633 0.357633 0.357633 0.357633 0.357633 0.357631 0.357633 0.357633 0.000000 0.000000
0.000000 0.000000 0.350000 0.350000 0.350000 0.350000 0.350000 0.350000 0.350000 0.350000 0.350000 0.350000 0.350000 0.350000 0.350000 0.350000 0.350000 0.350000 0.350000 0.000000 0.000000
0.000000 0.000000 0.000000 0.000000 0.000000 0.000000 0.000000 0.000000 0.000000 0.000000 0.000000 0.000000 0.000000 0.000000 0.000000 0.000000 0.000000 0.000000 0.000000 0.000000 0.000000