geotop/1.0zi/1.0Montebello/Templates/testdem/maps/_Eocsilt025m.asc
ncols         21
nrows         20
xllcorner     100.000000
yllcorner     100.000000
cellsize      50.000000
NODATA_value  -9999.0
0.000000 0.000000 0.000000 0.000000 0.000000 0.000000 0.000000 0.000000 0.000000 0.000000 0.000000 0.000000 0.000000 0.000000 0.000000 0.000000 0.000000 0.000000 0.000000 0.000000 0.000000
0.000000 0.000000 0.350222 0.350222 0.350222 0.350222 0.350221 0.350221 0.350222 0.350221 0.350222 0.350221 0.350221 0.350221 0.350221 0.350222 0.350222 0.350222 0.350222 0.000000 0.000000
0.000000 0.000000 0.350007 0.350006 0.350007 0.350006 0.350007 0.350007 0.350007 0.350007 0.350007 0.350007 0.350008 0.350008 0.350007 0.350006 0.350005 0.350005 0.350006 0.000000 0.000000
0.000000 0.000000 0.350173 0.350171 0.350164 0.350161 0.350160 0.350154 0.350157 0.350158 0.350156 0.350160 0.350161 0.350160 0.350162 0.350166 0.350171 0.350172 0.350173 0.000000 0.000000
0.000000 0.000000 0.351658 0.351667 0.351656 0.351633 0.351623 0.351616 0.351620 0.351617 0.351616 0.351619 0.351624 0.351623 0.351636 0.351645 0.351650 0.351658 0.351662 0.000000 0.000000
0.000000 0.000000 0.355666 0.355663 0.355647 0.355616 0.355581 0.355552 0.355552 0.355548 0.355547 0.355548 0.355553 0.355550 0.355568 0.355593 0.355608 0.355618 0.355625 0.000000 0.000000
0.000000 0.000000 0.361302 0.361294 0.361276 0.361233 0.361188 0.361131 0.361134 0.361132 0.361125 0.361124 0.361122 0.361126 0.361172 0.361206 0.361230 0.361248 0.361255 0.000000 0.000000
0.000000 0.000000 0.368009 0.367999 0.367982 0.367933 0.367884 0.367831 0.367834 0.367829 0.367821 0.367818 0.367817 0.367824 0.367867 0.367908 0.367946 0.367954 0.367968 0.000000 0.000000
0.000000 0.000000 0.375480 0.375463 0.375435 0.375395 0.375339 0.375273 0.375280 0.375270 0.375259 0.375257 0.375261 0.375257 0.375320 0.375368 0.375399 0.375413 0.375426 0.000000 0.000000
0.000000 0.000000 0.383829 0.383806 0.383783 0.383739 0.383677 0.383607 0.383610 0.383604 0.383587 0.383593 0.383602 0.383598 0.383648 0.383711 0.383747 0.383762 0.383768 0.000000 0.000000
0.000000 0.000000 0.393456 0.393439 0.393417 0.393319 0.393290 0.393195 0.393217 0.393174 0.393175 0.393168 0.393153 0.393178 0.393235 0.393275 0.393326 0.393345 0.393386 0.000000 0.000000
0.000000 0.000000 0.404872 0.404829 0.404768 0.404724 0.404670 0.404549 0.404547 0.404550 0.404559 0.404518 0.404540 0.404530 0.404638 0.404703 0.404731 0.404750 0.404831 0.000000 0.000000
0.000000 0.000000 0.417803 0.417768 0.417756 0.417659 0.417594 0.417264 0.417260 0.417244 0.417118 0.417197 0.417202 0.417231 0.417472 0.417525 0.417652 0.417662 0.417672 0.000000 0.000000
0.000000 0.000000 0.433544 0.433538 0.433428 0.433367 0.432910 0.433106 0.433012 0.433020 0.433094 0.433019 0.433010 0.432954 0.432778 0.433279 0.433287 0.433409 0.433475 0.000000 0.000000
0.000000 0.000000 0.449405 0.449369 0.449304 0.448811 0.449054 0.448726 0.448671 0.448643 0.448518 0.448492 0.448546 0.448556 0.448840 0.448603 0.449245 0.449090 0.449060 0.000000 0.000000
0.000000 0.000000 0.460685 0.460669 0.460323 0.460458 0.460405 0.460397 0.460541 0.460502 0.460571 0.460557 0.460497 0.460575 0.460546 0.460596 0.460264 0.460772 0.460762 0.000000 0.000000
0.000000 0.000000 0.468241 0.468149 0.468021 0.468052 0.467980 0.467973 0.468009 0.467999 0.468002 0.468000 0.467990 0.468007 0.468009 0.468069 0.467992 0.468163 0.468250 0.000000 0.000000
0.000000 0.000000 0.473654 0.473424 0.473416 0.473350 0.473238 0.473232 0.473185 0.473201 0.473136 0.473144 0.473175 0.473143 0.473169 0.473254 0.473392 0.473339 0.473573 0.000000 0.000000
0.000000 0.000000 0.350000 0.350000 0.350000 0.350000 0.350000 0.350000 0.350000 0.350000 0.350000 0.350000 0.350000 0.350000 0.350000 0.350000 0.350000 0.350000 0.350000 0.000000 0.000000
0.000000 0.000000 0.000000 0.000000 0.000000 0.000000 0.000000 0.000000 0.000000 0.000000 0.000000 0.000000 0.000000 0.000000 0.000000 0.000000 0.000000 0.000000 0.000000 0.000000 0.000000