geotop/1.0zi/1.0Montebello/Templates/testdem/maps/_Eocclay5260.asc
ncols         21
nrows         20
xllcorner     100.000000
yllcorner     100.000000
cellsize      50.000000
NODATA_value  -9999.0
0.000000 0.000000 0.000000 0.000000 0.000000 0.000000 0.000000 0.000000 0.000000 0.000000 0.000000 0.000000 0.000000 0.000000 0.000000 0.000000 0.000000 0.000000 0.000000 0.000000 0.000000
0.000000 0.000000 0.349765 0.349765 0.349765 0.349766 0.349766 0.349766 0.349765 0.349765 0.349765 0.349765 0.349765 0.349765 0.349766 0.349765 0.349765 0.349765 0.349765 0.000000 0.000000
0.000000 0.000000 0.349990 0.349991 0.349991 0.349991 0.349990 0.349990 0.349990 0.349990 0.349990 0.349990 0.349990 0.349991 0.349990 0.349990 0.349990 0.349990 0.349990 0.000000 0.000000
0.000000 0.000000 0.349989 0.349991 0.349989 0.349990 0.349991 0.349991 0.349991 0.349990 0.349991 0.349990 0.349990 0.349989 0.349991 0.349993 0.349991 0.349992 0.349991 0.000000 0.000000
0.000000 0.000000 0.350390 0.350390 0.350390 0.350386 0.350376 0.350372 0.350373 0.350376 0.350373 0.350375 0.350370 0.350369 0.350374 0.350372 0.350377 0.350379 0.350381 0.000000 0.000000
0.000000 0.000000 0.351830 0.351832 0.351827 0.351810 0.351805 0.351791 0.351790 0.351786 0.351789 0.351790 0.351793 0.351793 0.351796 0.351806 0.351812 0.351823 0.351827 0.000000 0.000000
0.000000 0.000000 0.353926 0.353925 0.353924 0.353908 0.353890 0.353866 0.353866 0.353862 0.353864 0.353867 0.353867 0.353865 0.353883 0.353901 0.353910 0.353919 0.353925 0.000000 0.000000
0.000000 0.000000 0.356455 0.356455 0.356454 0.356436 0.356418 0.356392 0.356392 0.356390 0.356391 0.356391 0.356389 0.356393 0.356412 0.356427 0.356441 0.356446 0.356454 0.000000 0.000000
0.000000 0.000000 0.359012 0.359010 0.359005 0.358995 0.358977 0.358952 0.358954 0.358949 0.358947 0.358949 0.358949 0.358947 0.358969 0.358987 0.358999 0.359002 0.359009 0.000000 0.000000
0.000000 0.000000 0.361593 0.361588 0.361587 0.361580 0.361554 0.361531 0.361533 0.361530 0.361527 0.361531 0.361534 0.361531 0.361549 0.361570 0.361583 0.361585 0.361590 0.000000 0.000000
0.000000 0.000000 0.364253 0.364250 0.364251 0.364233 0.364215 0.364190 0.364195 0.364183 0.364183 0.364185 0.364182 0.364189 0.364202 0.364215 0.364230 0.364237 0.364248 0.000000 0.000000
0.000000 0.000000 0.367023 0.367017 0.367011 0.366997 0.366983 0.366953 0.366954 0.366947 0.366955 0.366947 0.366948 0.366951 0.366977 0.366988 0.366998 0.367002 0.367031 0.000000 0.000000
0.000000 0.000000 0.369847 0.369841 0.369840 0.369825 0.369812 0.369753 0.369754 0.369748 0.369736 0.369743 0.369748 0.369753 0.369795 0.369805 0.369827 0.369829 0.369850 0.000000 0.000000
0.000000 0.000000 0.372883 0.372879 0.372873 0.372863 0.372809 0.372793 0.372779 0.372778 0.372773 0.372776 0.372777 0.372776 0.372782 0.372836 0.372856 0.372870 0.372891 0.000000 0.000000
0.000000 0.000000 0.376196 0.376193 0.376180 0.376125 0.376106 0.376074 0.376049 0.376046 0.376035 0.376031 0.376037 0.376032 0.376055 0.376082 0.376165 0.376159 0.376173 0.000000 0.000000
0.000000 0.000000 0.379671 0.379665 0.379596 0.379580 0.379575 0.379554 0.379566 0.379557 0.379562 0.379553 0.379546 0.379560 0.379572 0.379580 0.379582 0.379671 0.379674 0.000000 0.000000
0.000000 0.000000 0.383589 0.383496 0.383456 0.383427 0.383384 0.383360 0.383355 0.383352 0.383333 0.383329 0.383337 0.383335 0.383359 0.383393 0.383446 0.383477 0.383571 0.000000 0.000000
0.000000 0.000000 0.386555 0.386547 0.386627 0.386602 0.386568 0.386480 0.386477 0.386457 0.386467 0.386462 0.386469 0.386471 0.386552 0.386573 0.386640 0.386555 0.386569 0.000000 0.000000
0.000000 0.000000 0.350000 0.350000 0.350000 0.350000 0.350000 0.350000 0.350000 0.350000 0.350000 0.350000 0.350000 0.350000 0.350000 0.350000 0.350000 0.350000 0.350000 0.000000 0.000000
0.000000 0.000000 0.000000 0.000000 0.000000 0.000000 0.000000 0.000000 0.000000 0.000000 0.000000 0.000000 0.000000 0.000000 0.000000 0.000000 0.000000 0.000000 0.000000 0.000000 0.000000