geotop/1.0zi/1.0Montebello/Templates/testdem/maps/_Eocsilt0878.asc
ncols         21
nrows         20
xllcorner     100.000000
yllcorner     100.000000
cellsize      50.000000
NODATA_value  -9999.0
0.000000 0.000000 0.000000 0.000000 0.000000 0.000000 0.000000 0.000000 0.000000 0.000000 0.000000 0.000000 0.000000 0.000000 0.000000 0.000000 0.000000 0.000000 0.000000 0.000000 0.000000
0.000000 0.000000 0.350018 0.350018 0.350018 0.350018 0.350018 0.350018 0.350018 0.350018 0.350018 0.350018 0.350018 0.350018 0.350018 0.350018 0.350018 0.350018 0.350018 0.000000 0.000000
0.000000 0.000000 0.349999 0.349999 0.349999 0.349999 0.349999 0.349999 0.349999 0.349999 0.349999 0.349999 0.349999 0.349999 0.349999 0.349999 0.349999 0.349999 0.349999 0.000000 0.000000
0.000000 0.000000 0.350379 0.350379 0.350376 0.350377 0.350379 0.350379 0.350379 0.350379 0.350379 0.350379 0.350379 0.350379 0.350379 0.350377 0.350376 0.350379 0.350379 0.000000 0.000000
0.000000 0.000000 0.351641 0.351640 0.351638 0.351637 0.351641 0.351640 0.351640 0.351641 0.351640 0.351641 0.351640 0.351640 0.351641 0.351637 0.351638 0.351640 0.351641 0.000000 0.000000
0.000000 0.000000 0.353162 0.353161 0.353159 0.353159 0.353162 0.353162 0.353161 0.353162 0.353162 0.353162 0.353161 0.353162 0.353162 0.353159 0.353159 0.353161 0.353162 0.000000 0.000000
0.000000 0.000000 0.354553 0.354552 0.354551 0.354551 0.354553 0.354553 0.354553 0.354553 0.354553 0.354553 0.354553 0.354553 0.354553 0.354551 0.354551 0.354552 0.354553 0.000000 0.000000
0.000000 0.000000 0.355822 0.355822 0.355820 0.355820 0.355822 0.355822 0.355822 0.355822 0.355822 0.355822 0.355822 0.355822 0.355822 0.355820 0.355820 0.355822 0.355822 0.000000 0.000000
0.000000 0.000000 0.357011 0.357010 0.357009 0.357009 0.357011 0.357011 0.357010 0.357011 0.357011 0.357011 0.357010 0.357011 0.357011 0.357009 0.357009 0.357010 0.357011 0.000000 0.000000
0.000000 0.000000 0.358152 0.358152 0.358150 0.358151 0.358152 0.358152 0.358152 0.358152 0.358152 0.358152 0.358152 0.358152 0.358152 0.358151 0.358150 0.358152 0.358152 0.000000 0.000000
0.000000 0.000000 0.359258 0.359258 0.359257 0.359257 0.359258 0.359258 0.359258 0.359258 0.359258 0.359258 0.359258 0.359258 0.359258 0.359257 0.359257 0.359258 0.359258 0.000000 0.000000
0.000000 0.000000 0.360341 0.360341 0.360339 0.360340 0.360341 0.360341 0.360341 0.360341 0.360341 0.360341 0.360341 0.360341 0.360341 0.360340 0.360339 0.360341 0.360341 0.000000 0.000000
0.000000 0.000000 0.361403 0.361402 0.361401 0.361401 0.361403 0.361403 0.361403 0.361403 0.361403 0.361403 0.361403 0.361403 0.361403 0.361401 0.361401 0.361402 0.361403 0.000000 0.000000
0.000000 0.000000 0.362448 0.362448 0.362446 0.362447 0.362448 0.362448 0.362448 0.362448 0.362448 0.362448 0.362448 0.362448 0.362448 0.362447 0.362446 0.362448 0.362448 0.000000 0.000000
0.000000 0.000000 0.363481 0.363481 0.363480 0.363480 0.363481 0.363481 0.363481 0.363481 0.363481 0.363481 0.363481 0.363481 0.363481 0.363480 0.363480 0.363481 0.363481 0.000000 0.000000
0.000000 0.000000 0.364509 0.364508 0.364507 0.364507 0.364509 0.364509 0.364508 0.364509 0.364509 0.364509 0.364508 0.364509 0.364509 0.364507 0.364507 0.364508 0.364509 0.000000 0.000000
0.000000 0.000000 0.365526 0.365526 0.365525 0.365525 0.365526 0.365526 0.365526 0.365526 0.365526 0.365526 0.365526 0.365526 0.365526 0.365525 0.365525 0.365526 0.365526 0.000000 0.000000
0.000000 0.000000 0.366566 0.366566 0.366565 0.366565 0.366566 0.366566 0.366566 0.366566 0.366566 0.366566 0.366566 0.366566 0.366566 0.366565 0.366565 0.366566 0.366566 0.000000 0.000000
0.000000 0.000000 0.350000 0.350000 0.350000 0.350000 0.350000 0.350000 0.350000 0.350000 0.350000 0.350000 0.350000 0.350000 0.350000 0.350000 0.350000 0.350000 0.350000 0.000000 0.000000
0.000000 0.000000 0.000000 0.000000 0.000000 0.000000 0.000000 0.000000 0.000000 0.000000 0.000000 0.000000 0.000000 0.000000 0.000000 0.000000 0.000000 0.000000 0.000000 0.000000 0.000000