geotop/1.0zi/1.0Montebello/Templates/testdem/maps/_Eocsilt2267.asc
ncols         21
nrows         20
xllcorner     100.000000
yllcorner     100.000000
cellsize      50.000000
NODATA_value  -9999.0
0.000000 0.000000 0.000000 0.000000 0.000000 0.000000 0.000000 0.000000 0.000000 0.000000 0.000000 0.000000 0.000000 0.000000 0.000000 0.000000 0.000000 0.000000 0.000000 0.000000 0.000000
0.000000 0.000000 0.350055 0.350055 0.350055 0.350055 0.350055 0.350055 0.350055 0.350055 0.350055 0.350055 0.350055 0.350055 0.350055 0.350055 0.350055 0.350055 0.350055 0.000000 0.000000
0.000000 0.000000 0.349998 0.349998 0.349998 0.349999 0.349998 0.349998 0.349998 0.349998 0.349998 0.349998 0.349998 0.349998 0.349998 0.349999 0.349998 0.349998 0.349998 0.000000 0.000000
0.000000 0.000000 0.350737 0.350736 0.350734 0.350735 0.350737 0.350737 0.350737 0.350737 0.350737 0.350737 0.350737 0.350737 0.350737 0.350735 0.350734 0.350736 0.350737 0.000000 0.000000
0.000000 0.000000 0.353650 0.353650 0.353648 0.353648 0.353650 0.353650 0.353650 0.353651 0.353651 0.353651 0.353650 0.353650 0.353650 0.353648 0.353648 0.353650 0.353650 0.000000 0.000000
0.000000 0.000000 0.357472 0.357472 0.357470 0.357470 0.357473 0.357472 0.357472 0.357473 0.357473 0.357473 0.357472 0.357472 0.357473 0.357470 0.357470 0.357472 0.357472 0.000000 0.000000
0.000000 0.000000 0.360976 0.360976 0.360975 0.360975 0.360977 0.360976 0.360976 0.360977 0.360977 0.360977 0.360976 0.360976 0.360977 0.360975 0.360975 0.360976 0.360976 0.000000 0.000000
0.000000 0.000000 0.364177 0.364177 0.364176 0.364176 0.364178 0.364177 0.364177 0.364178 0.364178 0.364178 0.364177 0.364177 0.364178 0.364176 0.364176 0.364177 0.364177 0.000000 0.000000
0.000000 0.000000 0.367164 0.367163 0.367162 0.367162 0.367164 0.367163 0.367163 0.367164 0.367164 0.367164 0.367163 0.367163 0.367164 0.367162 0.367162 0.367163 0.367164 0.000000 0.000000
0.000000 0.000000 0.370008 0.370008 0.370007 0.370007 0.370008 0.370008 0.370008 0.370009 0.370009 0.370009 0.370008 0.370008 0.370008 0.370007 0.370007 0.370008 0.370008 0.000000 0.000000
0.000000 0.000000 0.372744 0.372744 0.372742 0.372743 0.372744 0.372744 0.372744 0.372744 0.372744 0.372744 0.372744 0.372744 0.372744 0.372743 0.372742 0.372744 0.372744 0.000000 0.000000
0.000000 0.000000 0.375394 0.375394 0.375393 0.375393 0.375394 0.375394 0.375394 0.375394 0.375395 0.375394 0.375394 0.375394 0.375394 0.375393 0.375393 0.375394 0.375394 0.000000 0.000000
0.000000 0.000000 0.377978 0.377977 0.377976 0.377977 0.377978 0.377977 0.377978 0.377978 0.377978 0.377978 0.377978 0.377977 0.377978 0.377977 0.377976 0.377977 0.377978 0.000000 0.000000
0.000000 0.000000 0.380502 0.380502 0.380501 0.380501 0.380502 0.380502 0.380502 0.380503 0.380503 0.380503 0.380502 0.380502 0.380502 0.380501 0.380501 0.380502 0.380502 0.000000 0.000000
0.000000 0.000000 0.382979 0.382979 0.382978 0.382978 0.382979 0.382979 0.382979 0.382979 0.382980 0.382979 0.382979 0.382979 0.382979 0.382978 0.382978 0.382979 0.382979 0.000000 0.000000
0.000000 0.000000 0.385412 0.385411 0.385410 0.385411 0.385412 0.385411 0.385411 0.385412 0.385412 0.385412 0.385411 0.385411 0.385412 0.385411 0.385410 0.385411 0.385412 0.000000 0.000000
0.000000 0.000000 0.387803 0.387802 0.387801 0.387802 0.387803 0.387802 0.387802 0.387803 0.387803 0.387803 0.387802 0.387802 0.387803 0.387802 0.387801 0.387802 0.387803 0.000000 0.000000
0.000000 0.000000 0.390187 0.390187 0.390186 0.390186 0.390187 0.390187 0.390187 0.390188 0.390188 0.390188 0.390187 0.390187 0.390187 0.390186 0.390186 0.390187 0.390187 0.000000 0.000000
0.000000 0.000000 0.350000 0.350000 0.350000 0.350000 0.350000 0.350000 0.350000 0.350000 0.350000 0.350000 0.350000 0.350000 0.350000 0.350000 0.350000 0.350000 0.350000 0.000000 0.000000
0.000000 0.000000 0.000000 0.000000 0.000000 0.000000 0.000000 0.000000 0.000000 0.000000 0.000000 0.000000 0.000000 0.000000 0.000000 0.000000 0.000000 0.000000 0.000000 0.000000 0.000000