geotop/1.0zi/1.0Montebello/Templates/testdem/maps/_Eocclay7848.asc
ncols         21
nrows         20
xllcorner     100.000000
yllcorner     100.000000
cellsize      50.000000
NODATA_value  -9999.0
0.000000 0.000000 0.000000 0.000000 0.000000 0.000000 0.000000 0.000000 0.000000 0.000000 0.000000 0.000000 0.000000 0.000000 0.000000 0.000000 0.000000 0.000000 0.000000 0.000000 0.000000
0.000000 0.000000 0.349637 0.349639 0.349639 0.349638 0.349640 0.349640 0.349639 0.349640 0.349638 0.349640 0.349640 0.349639 0.349640 0.349639 0.349637 0.349638 0.349639 0.000000 0.000000
0.000000 0.000000 0.349985 0.349984 0.349985 0.349986 0.349984 0.349983 0.349984 0.349983 0.349983 0.349983 0.349983 0.349983 0.349984 0.349984 0.349985 0.349984 0.349983 0.000000 0.000000
0.000000 0.000000 0.350003 0.350008 0.350004 0.350003 0.350007 0.350004 0.350006 0.350003 0.350006 0.350004 0.350004 0.350003 0.350005 0.350006 0.350005 0.350008 0.350007 0.000000 0.000000
0.000000 0.000000 0.350978 0.350975 0.350971 0.350966 0.350950 0.350948 0.350945 0.350948 0.350945 0.350945 0.350941 0.350945 0.350955 0.350957 0.350966 0.350967 0.350973 0.000000 0.000000
0.000000 0.000000 0.353689 0.353686 0.353675 0.353646 0.353632 0.353608 0.353609 0.353602 0.353606 0.353605 0.353607 0.353609 0.353620 0.353639 0.353653 0.353669 0.353674 0.000000 0.000000
0.000000 0.000000 0.357423 0.357418 0.357410 0.357386 0.357356 0.357318 0.357317 0.357311 0.357312 0.357313 0.357313 0.357314 0.357347 0.357376 0.357392 0.357405 0.357412 0.000000 0.000000
0.000000 0.000000 0.361855 0.361853 0.361844 0.361815 0.361785 0.361744 0.361744 0.361740 0.361739 0.361736 0.361734 0.361742 0.361777 0.361802 0.361827 0.361837 0.361849 0.000000 0.000000
0.000000 0.000000 0.366535 0.366528 0.366514 0.366495 0.366464 0.366422 0.366425 0.366415 0.366413 0.366411 0.366411 0.366411 0.366452 0.366485 0.366504 0.366514 0.366524 0.000000 0.000000
0.000000 0.000000 0.371472 0.371462 0.371455 0.371436 0.371390 0.371352 0.371353 0.371348 0.371342 0.371345 0.371350 0.371348 0.371383 0.371421 0.371445 0.371453 0.371461 0.000000 0.000000
0.000000 0.000000 0.376821 0.376814 0.376804 0.376766 0.376734 0.376689 0.376698 0.376674 0.376677 0.376676 0.376667 0.376684 0.376715 0.376739 0.376769 0.376785 0.376805 0.000000 0.000000
0.000000 0.000000 0.382712 0.382696 0.382677 0.382651 0.382616 0.382561 0.382557 0.382550 0.382563 0.382543 0.382548 0.382552 0.382609 0.382638 0.382659 0.382670 0.382720 0.000000 0.000000
0.000000 0.000000 0.389049 0.389032 0.389024 0.388988 0.388957 0.388816 0.388814 0.388805 0.388769 0.388787 0.388796 0.388809 0.388917 0.388946 0.388999 0.389006 0.389032 0.000000 0.000000
0.000000 0.000000 0.396408 0.396401 0.396372 0.396346 0.396174 0.396179 0.396144 0.396143 0.396151 0.396142 0.396138 0.396131 0.396122 0.396299 0.396331 0.396379 0.396414 0.000000 0.000000
0.000000 0.000000 0.405028 0.405011 0.404974 0.404760 0.404767 0.404661 0.404609 0.404597 0.404562 0.404536 0.404559 0.404554 0.404657 0.404664 0.404946 0.404908 0.404916 0.000000 0.000000
0.000000 0.000000 0.414517 0.414501 0.414193 0.414257 0.414236 0.414199 0.414308 0.414270 0.414326 0.414301 0.414253 0.414330 0.414344 0.414361 0.414164 0.414598 0.414592 0.000000 0.000000
0.000000 0.000000 0.426378 0.425887 0.425951 0.425776 0.425529 0.425457 0.425338 0.425364 0.425225 0.425235 0.425312 0.425240 0.425362 0.425544 0.425932 0.425719 0.426225 0.000000 0.000000
0.000000 0.000000 0.431457 0.431884 0.432327 0.432312 0.432311 0.431890 0.431946 0.431827 0.432009 0.431970 0.431948 0.432008 0.432366 0.432366 0.432406 0.432041 0.431624 0.000000 0.000000
0.000000 0.000000 0.350000 0.350000 0.350000 0.350000 0.350000 0.350000 0.350000 0.350000 0.350000 0.350000 0.350000 0.350000 0.350000 0.350000 0.350000 0.350000 0.350000 0.000000 0.000000
0.000000 0.000000 0.000000 0.000000 0.000000 0.000000 0.000000 0.000000 0.000000 0.000000 0.000000 0.000000 0.000000 0.000000 0.000000 0.000000 0.000000 0.000000 0.000000 0.000000 0.000000