geotop/1.0zi/1.0Montebello/Templates/testdem/maps/_Eocsilt6870.asc
ncols         21
nrows         20
xllcorner     100.000000
yllcorner     100.000000
cellsize      50.000000
NODATA_value  -9999.0
0.000000 0.000000 0.000000 0.000000 0.000000 0.000000 0.000000 0.000000 0.000000 0.000000 0.000000 0.000000 0.000000 0.000000 0.000000 0.000000 0.000000 0.000000 0.000000 0.000000 0.000000
0.000000 0.000000 0.350137 0.350137 0.350137 0.350138 0.350137 0.350138 0.350138 0.350137 0.350138 0.350137 0.350137 0.350137 0.350137 0.350137 0.350138 0.350138 0.350137 0.000000 0.000000
0.000000 0.000000 0.350003 0.350002 0.350003 0.350003 0.350003 0.350003 0.350003 0.350003 0.350003 0.350003 0.350004 0.350004 0.350003 0.350003 0.350001 0.350001 0.350002 0.000000 0.000000
0.000000 0.000000 0.350060 0.350057 0.350055 0.350050 0.350051 0.350049 0.350051 0.350052 0.350050 0.350050 0.350050 0.350050 0.350052 0.350055 0.350058 0.350059 0.350059 0.000000 0.000000
0.000000 0.000000 0.350712 0.350718 0.350714 0.350706 0.350702 0.350695 0.350694 0.350691 0.350692 0.350694 0.350695 0.350696 0.350706 0.350710 0.350708 0.350716 0.350721 0.000000 0.000000
0.000000 0.000000 0.352679 0.352681 0.352672 0.352659 0.352645 0.352626 0.352625 0.352620 0.352624 0.352626 0.352627 0.352625 0.352633 0.352643 0.352652 0.352657 0.352663 0.000000 0.000000
0.000000 0.000000 0.355620 0.355617 0.355608 0.355586 0.355560 0.355533 0.355534 0.355531 0.355533 0.355532 0.355529 0.355533 0.355554 0.355577 0.355591 0.355603 0.355610 0.000000 0.000000
0.000000 0.000000 0.359158 0.359158 0.359153 0.359131 0.359106 0.359076 0.359077 0.359073 0.359072 0.359071 0.359069 0.359074 0.359099 0.359123 0.359143 0.359147 0.359159 0.000000 0.000000
0.000000 0.000000 0.362898 0.362892 0.362880 0.362865 0.362840 0.362805 0.362807 0.362800 0.362798 0.362797 0.362798 0.362797 0.362830 0.362858 0.362874 0.362881 0.362892 0.000000 0.000000
0.000000 0.000000 0.366727 0.366721 0.366714 0.366702 0.366666 0.366636 0.366637 0.366633 0.366628 0.366632 0.366636 0.366633 0.366660 0.366691 0.366709 0.366713 0.366721 0.000000 0.000000
0.000000 0.000000 0.370735 0.370731 0.370725 0.370697 0.370673 0.370639 0.370646 0.370628 0.370630 0.370631 0.370625 0.370636 0.370658 0.370678 0.370700 0.370711 0.370728 0.000000 0.000000
0.000000 0.000000 0.375037 0.375026 0.375013 0.374994 0.374969 0.374927 0.374927 0.374919 0.374929 0.374918 0.374920 0.374923 0.374964 0.374985 0.375000 0.375007 0.375048 0.000000 0.000000
0.000000 0.000000 0.379540 0.379529 0.379523 0.379500 0.379478 0.379383 0.379382 0.379375 0.379353 0.379364 0.379371 0.379379 0.379450 0.379472 0.379507 0.379510 0.379536 0.000000 0.000000
0.000000 0.000000 0.384569 0.384563 0.384546 0.384529 0.384426 0.384413 0.384391 0.384390 0.384390 0.384389 0.384387 0.384383 0.384387 0.384495 0.384521 0.384548 0.384577 0.000000 0.000000
0.000000 0.000000 0.390258 0.390250 0.390226 0.390108 0.390089 0.390030 0.389995 0.389988 0.389969 0.389954 0.389967 0.389961 0.390014 0.390045 0.390205 0.390188 0.390202 0.000000 0.000000
0.000000 0.000000 0.396412 0.396403 0.396239 0.396238 0.396231 0.396200 0.396245 0.396224 0.396247 0.396231 0.396210 0.396247 0.396264 0.396275 0.396222 0.396436 0.396438 0.000000 0.000000
0.000000 0.000000 0.403774 0.403534 0.403505 0.403434 0.403316 0.403273 0.403236 0.403241 0.403183 0.403183 0.403213 0.403190 0.403250 0.403341 0.403493 0.403471 0.403718 0.000000 0.000000
0.000000 0.000000 0.408330 0.408436 0.408663 0.408624 0.408579 0.408365 0.408371 0.408318 0.408378 0.408362 0.408367 0.408381 0.408573 0.408610 0.408701 0.408483 0.408390 0.000000 0.000000
0.000000 0.000000 0.350000 0.350000 0.350000 0.350000 0.350000 0.350000 0.350000 0.350000 0.350000 0.350000 0.350000 0.350000 0.350000 0.350000 0.350000 0.350000 0.350000 0.000000 0.000000
0.000000 0.000000 0.000000 0.000000 0.000000 0.000000 0.000000 0.000000 0.000000 0.000000 0.000000 0.000000 0.000000 0.000000 0.000000 0.000000 0.000000 0.000000 0.000000 0.000000 0.000000