geotop/1.0zi/1.0Montebello/Templates/testdem/maps/_Eocsand8007.asc
ncols         21
nrows         20
xllcorner     100.000000
yllcorner     100.000000
cellsize      50.000000
NODATA_value  -9999.0
0.000000 0.000000 0.000000 0.000000 0.000000 0.000000 0.000000 0.000000 0.000000 0.000000 0.000000 0.000000 0.000000 0.000000 0.000000 0.000000 0.000000 0.000000 0.000000 0.000000 0.000000
0.000000 0.000000 0.300204 0.300202 0.300202 0.300203 0.300202 0.300201 0.300202 0.300202 0.300203 0.300202 0.300202 0.300202 0.300202 0.300202 0.300203 0.300203 0.300203 0.000000 0.000000
0.000000 0.000000 0.300011 0.300012 0.300011 0.300010 0.300011 0.300012 0.300011 0.300011 0.300012 0.300012 0.300011 0.300011 0.300011 0.300011 0.300012 0.300013 0.300013 0.000000 0.000000
0.000000 0.000000 0.299894 0.299893 0.299898 0.299906 0.299901 0.299909 0.299904 0.299906 0.299907 0.299906 0.299907 0.299908 0.299903 0.299899 0.299896 0.299893 0.299893 0.000000 0.000000
0.000000 0.000000 0.297989 0.297987 0.297995 0.298011 0.298033 0.298043 0.298050 0.298048 0.298052 0.298051 0.298055 0.298049 0.298025 0.298018 0.298006 0.297995 0.297986 0.000000 0.000000
0.000000 0.000000 0.292526 0.292527 0.292550 0.292596 0.292630 0.292677 0.292677 0.292690 0.292682 0.292683 0.292679 0.292679 0.292656 0.292622 0.292594 0.292572 0.292561 0.000000 0.000000
0.000000 0.000000 0.284856 0.284864 0.284885 0.284936 0.285000 0.285073 0.285074 0.285084 0.285081 0.285083 0.285085 0.285079 0.285016 0.284959 0.284924 0.284897 0.284882 0.000000 0.000000
0.000000 0.000000 0.275773 0.275778 0.275794 0.275852 0.275914 0.275994 0.275995 0.276004 0.276006 0.276012 0.276016 0.276001 0.275932 0.275877 0.275825 0.275810 0.275785 0.000000 0.000000
0.000000 0.000000 0.266089 0.266106 0.266136 0.266174 0.266239 0.266326 0.266322 0.266341 0.266346 0.266350 0.266348 0.266350 0.266265 0.266197 0.266155 0.266135 0.266115 0.000000 0.000000
0.000000 0.000000 0.255884 0.255903 0.255919 0.255957 0.256052 0.256130 0.256130 0.256140 0.256152 0.256146 0.256135 0.256139 0.256068 0.255989 0.255940 0.255924 0.255909 0.000000 0.000000
0.000000 0.000000 0.244833 0.244846 0.244866 0.244946 0.245012 0.245104 0.245085 0.245135 0.245128 0.245131 0.245149 0.245116 0.245051 0.245001 0.244939 0.244906 0.244866 0.000000 0.000000
0.000000 0.000000 0.232609 0.232643 0.232682 0.232734 0.232809 0.232924 0.232931 0.232945 0.232919 0.232959 0.232948 0.232941 0.232823 0.232762 0.232719 0.232696 0.232594 0.000000 0.000000
0.000000 0.000000 0.219435 0.219468 0.219484 0.219558 0.219624 0.219919 0.219924 0.219942 0.220018 0.219979 0.219962 0.219935 0.219710 0.219649 0.219536 0.219524 0.219473 0.000000 0.000000
0.000000 0.000000 0.204064 0.204075 0.204138 0.204191 0.204556 0.204537 0.204613 0.204613 0.204593 0.204614 0.204624 0.204639 0.204666 0.204288 0.204223 0.204125 0.204053 0.000000 0.000000
0.000000 0.000000 0.186015 0.186049 0.186127 0.186585 0.186558 0.186788 0.186895 0.186921 0.186997 0.187053 0.187003 0.187013 0.186789 0.186788 0.186183 0.186272 0.186258 0.000000 0.000000
0.000000 0.000000 0.166201 0.166232 0.166893 0.166734 0.166785 0.166856 0.166617 0.166695 0.166571 0.166622 0.166727 0.166563 0.166541 0.166502 0.166953 0.166015 0.166029 0.000000 0.000000
0.000000 0.000000 0.141570 0.142613 0.142437 0.142823 0.143349 0.143503 0.143772 0.143710 0.144013 0.143990 0.143820 0.143983 0.143721 0.143333 0.142477 0.142988 0.141909 0.000000 0.000000
0.000000 0.000000 0.131826 0.130886 0.129979 0.129992 0.129973 0.130842 0.130712 0.130962 0.130567 0.130650 0.130704 0.130572 0.129841 0.129856 0.129815 0.130545 0.131463 0.000000 0.000000
0.000000 0.000000 0.300000 0.300000 0.300000 0.300000 0.300000 0.300000 0.300000 0.300000 0.300000 0.300000 0.300000 0.300000 0.300000 0.300000 0.300000 0.300000 0.300000 0.000000 0.000000
0.000000 0.000000 0.000000 0.000000 0.000000 0.000000 0.000000 0.000000 0.000000 0.000000 0.000000 0.000000 0.000000 0.000000 0.000000 0.000000 0.000000 0.000000 0.000000 0.000000 0.000000