geotop/1.0zi/1.0Montebello/Templates/testdem/maps/_Eocsilt8673.asc
ncols         21
nrows         20
xllcorner     100.000000
yllcorner     100.000000
cellsize      50.000000
NODATA_value  -9999.0
0.000000 0.000000 0.000000 0.000000 0.000000 0.000000 0.000000 0.000000 0.000000 0.000000 0.000000 0.000000 0.000000 0.000000 0.000000 0.000000 0.000000 0.000000 0.000000 0.000000 0.000000
0.000000 0.000000 0.350182 0.350182 0.350183 0.350183 0.350182 0.350182 0.350182 0.350182 0.350183 0.350182 0.350182 0.350182 0.350182 0.350182 0.350183 0.350183 0.350182 0.000000 0.000000
0.000000 0.000000 0.350005 0.350005 0.350005 0.350005 0.350006 0.350005 0.350006 0.350006 0.350006 0.350006 0.350006 0.350006 0.350006 0.350005 0.350003 0.350004 0.350005 0.000000 0.000000
0.000000 0.000000 0.350104 0.350100 0.350097 0.350092 0.350093 0.350087 0.350090 0.350090 0.350087 0.350089 0.350089 0.350089 0.350092 0.350096 0.350100 0.350100 0.350102 0.000000 0.000000
0.000000 0.000000 0.351114 0.351119 0.351108 0.351094 0.351085 0.351081 0.351079 0.351077 0.351078 0.351080 0.351084 0.351083 0.351095 0.351100 0.351103 0.351113 0.351115 0.000000 0.000000
0.000000 0.000000 0.354073 0.354069 0.354060 0.354039 0.354018 0.353998 0.353995 0.353989 0.353994 0.353995 0.353998 0.353996 0.354010 0.354023 0.354037 0.354044 0.354051 0.000000 0.000000
0.000000 0.000000 0.358320 0.358312 0.358301 0.358271 0.358234 0.358198 0.358199 0.358196 0.358196 0.358196 0.358194 0.358198 0.358231 0.358260 0.358278 0.358294 0.358301 0.000000 0.000000
0.000000 0.000000 0.363343 0.363338 0.363331 0.363298 0.363265 0.363225 0.363225 0.363219 0.363219 0.363216 0.363214 0.363222 0.363258 0.363287 0.363316 0.363322 0.363335 0.000000 0.000000
0.000000 0.000000 0.368789 0.368776 0.368759 0.368737 0.368698 0.368653 0.368656 0.368646 0.368644 0.368642 0.368645 0.368643 0.368689 0.368726 0.368749 0.368760 0.368772 0.000000 0.000000
0.000000 0.000000 0.374596 0.374583 0.374572 0.374550 0.374496 0.374456 0.374457 0.374452 0.374445 0.374450 0.374456 0.374454 0.374492 0.374536 0.374562 0.374571 0.374579 0.000000 0.000000
0.000000 0.000000 0.380957 0.380949 0.380939 0.380887 0.380851 0.380801 0.380815 0.380784 0.380791 0.380789 0.380779 0.380796 0.380835 0.380861 0.380896 0.380914 0.380938 0.000000 0.000000
0.000000 0.000000 0.388114 0.388090 0.388067 0.388038 0.387991 0.387931 0.387925 0.387921 0.387935 0.387912 0.387923 0.387923 0.387992 0.388028 0.388050 0.388064 0.388122 0.000000 0.000000
0.000000 0.000000 0.395943 0.395919 0.395915 0.395863 0.395826 0.395652 0.395648 0.395641 0.395590 0.395621 0.395628 0.395645 0.395782 0.395815 0.395884 0.395889 0.395916 0.000000 0.000000
0.000000 0.000000 0.405272 0.405264 0.405224 0.405189 0.404955 0.404992 0.404946 0.404947 0.404968 0.404948 0.404945 0.404927 0.404896 0.405142 0.405172 0.405236 0.405279 0.000000 0.000000
0.000000 0.000000 0.416330 0.416304 0.416255 0.415949 0.415997 0.415845 0.415783 0.415768 0.415714 0.415682 0.415717 0.415712 0.415865 0.415829 0.416230 0.416158 0.416161 0.000000 0.000000
0.000000 0.000000 0.428228 0.428206 0.427776 0.427922 0.427875 0.427857 0.428027 0.427978 0.428071 0.428046 0.427973 0.428078 0.428071 0.428104 0.427741 0.428375 0.428366 0.000000 0.000000
0.000000 0.000000 0.442249 0.441633 0.441805 0.441547 0.441238 0.441147 0.440959 0.441004 0.440811 0.440832 0.440946 0.440829 0.440995 0.441223 0.441786 0.441382 0.442023 0.000000 0.000000
0.000000 0.000000 0.446588 0.447113 0.447565 0.447561 0.447587 0.447142 0.447224 0.447092 0.447314 0.447270 0.447235 0.447309 0.447681 0.447662 0.447650 0.447307 0.446790 0.000000 0.000000
0.000000 0.000000 0.350000 0.350000 0.350000 0.350000 0.350000 0.350000 0.350000 0.350000 0.350000 0.350000 0.350000 0.350000 0.350000 0.350000 0.350000 0.350000 0.350000 0.000000 0.000000
0.000000 0.000000 0.000000 0.000000 0.000000 0.000000 0.000000 0.000000 0.000000 0.000000 0.000000 0.000000 0.000000 0.000000 0.000000 0.000000 0.000000 0.000000 0.000000 0.000000 0.000000