geotop/1.0zi/1.0Montebello/Templates/testdem/maps/_Eocclay7959.asc
ncols         21
nrows         20
xllcorner     100.000000
yllcorner     100.000000
cellsize      50.000000
NODATA_value  -9999.0
0.000000 0.000000 0.000000 0.000000 0.000000 0.000000 0.000000 0.000000 0.000000 0.000000 0.000000 0.000000 0.000000 0.000000 0.000000 0.000000 0.000000 0.000000 0.000000 0.000000 0.000000
0.000000 0.000000 0.349633 0.349635 0.349634 0.349633 0.349635 0.349635 0.349635 0.349635 0.349634 0.349635 0.349635 0.349635 0.349635 0.349635 0.349633 0.349633 0.349634 0.000000 0.000000
0.000000 0.000000 0.349985 0.349983 0.349985 0.349986 0.349984 0.349983 0.349983 0.349983 0.349983 0.349983 0.349983 0.349983 0.349984 0.349984 0.349985 0.349984 0.349983 0.000000 0.000000
0.000000 0.000000 0.350003 0.350008 0.350004 0.350003 0.350006 0.350003 0.350005 0.350003 0.350006 0.350003 0.350004 0.350002 0.350004 0.350006 0.350005 0.350008 0.350006 0.000000 0.000000
0.000000 0.000000 0.350997 0.350994 0.350990 0.350986 0.350970 0.350968 0.350965 0.350968 0.350964 0.350965 0.350961 0.350964 0.350974 0.350976 0.350985 0.350987 0.350993 0.000000 0.000000
0.000000 0.000000 0.353779 0.353776 0.353764 0.353735 0.353720 0.353696 0.353697 0.353690 0.353694 0.353692 0.353695 0.353697 0.353708 0.353728 0.353743 0.353758 0.353764 0.000000 0.000000
0.000000 0.000000 0.357593 0.357589 0.357580 0.357556 0.357525 0.357487 0.357485 0.357479 0.357481 0.357481 0.357481 0.357482 0.357516 0.357545 0.357562 0.357575 0.357582 0.000000 0.000000
0.000000 0.000000 0.362117 0.362114 0.362105 0.362075 0.362045 0.362003 0.362003 0.361998 0.361998 0.361995 0.361993 0.362001 0.362036 0.362062 0.362088 0.362097 0.362110 0.000000 0.000000
0.000000 0.000000 0.366900 0.366893 0.366878 0.366859 0.366827 0.366785 0.366787 0.366778 0.366775 0.366773 0.366774 0.366773 0.366814 0.366848 0.366868 0.366878 0.366888 0.000000 0.000000
0.000000 0.000000 0.371956 0.371945 0.371938 0.371918 0.371872 0.371833 0.371833 0.371828 0.371822 0.371825 0.371831 0.371828 0.371864 0.371903 0.371927 0.371936 0.371943 0.000000 0.000000
0.000000 0.000000 0.377446 0.377439 0.377429 0.377389 0.377357 0.377310 0.377320 0.377295 0.377298 0.377297 0.377288 0.377305 0.377337 0.377362 0.377393 0.377409 0.377430 0.000000 0.000000
0.000000 0.000000 0.383511 0.383494 0.383474 0.383448 0.383411 0.383354 0.383350 0.383343 0.383356 0.383336 0.383341 0.383345 0.383404 0.383434 0.383455 0.383467 0.383518 0.000000 0.000000
0.000000 0.000000 0.390049 0.390032 0.390023 0.389986 0.389954 0.389807 0.389805 0.389796 0.389758 0.389778 0.389786 0.389800 0.389912 0.389942 0.389997 0.390004 0.390030 0.000000 0.000000
0.000000 0.000000 0.397671 0.397665 0.397634 0.397607 0.397427 0.397435 0.397397 0.397397 0.397406 0.397396 0.397391 0.397384 0.397372 0.397559 0.397592 0.397641 0.397677 0.000000 0.000000
0.000000 0.000000 0.406626 0.406609 0.406570 0.406343 0.406355 0.406243 0.406188 0.406176 0.406138 0.406111 0.406136 0.406130 0.406240 0.406243 0.406541 0.406499 0.406507 0.000000 0.000000
0.000000 0.000000 0.416487 0.416470 0.416144 0.416218 0.416194 0.416158 0.416275 0.416236 0.416297 0.416271 0.416219 0.416300 0.416313 0.416331 0.416113 0.416576 0.416570 0.000000 0.000000
0.000000 0.000000 0.428824 0.428301 0.428382 0.428191 0.427930 0.427853 0.427721 0.427751 0.427602 0.427613 0.427696 0.427617 0.427747 0.427940 0.428361 0.428117 0.428656 0.000000 0.000000
0.000000 0.000000 0.433828 0.434296 0.434759 0.434749 0.434756 0.434315 0.434378 0.434252 0.434449 0.434408 0.434382 0.434448 0.434821 0.434815 0.434842 0.434467 0.434009 0.000000 0.000000
0.000000 0.000000 0.350000 0.350000 0.350000 0.350000 0.350000 0.350000 0.350000 0.350000 0.350000 0.350000 0.350000 0.350000 0.350000 0.350000 0.350000 0.350000 0.350000 0.000000 0.000000
0.000000 0.000000 0.000000 0.000000 0.000000 0.000000 0.000000 0.000000 0.000000 0.000000 0.000000 0.000000 0.000000 0.000000 0.000000 0.000000 0.000000 0.000000 0.000000 0.000000 0.000000