geotop/1.0zi/1.0Montebello/Templates/testdem/maps/_Eocsand0323.asc
ncols         21
nrows         20
xllcorner     100.000000
yllcorner     100.000000
cellsize      50.000000
NODATA_value  -9999.0
0.000000 0.000000 0.000000 0.000000 0.000000 0.000000 0.000000 0.000000 0.000000 0.000000 0.000000 0.000000 0.000000 0.000000 0.000000 0.000000 0.000000 0.000000 0.000000 0.000000 0.000000
0.000000 0.000000 0.300013 0.300013 0.300013 0.300013 0.300013 0.300013 0.300013 0.300013 0.300013 0.300013 0.300013 0.300013 0.300013 0.300013 0.300013 0.300013 0.300013 0.000000 0.000000
0.000000 0.000000 0.300001 0.300001 0.300002 0.300001 0.300001 0.300001 0.300001 0.300001 0.300001 0.300001 0.300001 0.300001 0.300001 0.300001 0.300002 0.300001 0.300001 0.000000 0.000000
0.000000 0.000000 0.299505 0.299505 0.299510 0.299505 0.299505 0.299505 0.299505 0.299505 0.299505 0.299505 0.299505 0.299505 0.299505 0.299505 0.299510 0.299505 0.299505 0.000000 0.000000
0.000000 0.000000 0.298230 0.298230 0.298234 0.298231 0.298230 0.298230 0.298230 0.298230 0.298230 0.298230 0.298230 0.298230 0.298230 0.298231 0.298234 0.298230 0.298230 0.000000 0.000000
0.000000 0.000000 0.297050 0.297050 0.297053 0.297050 0.297050 0.297050 0.297050 0.297050 0.297050 0.297050 0.297050 0.297050 0.297050 0.297050 0.297053 0.297050 0.297050 0.000000 0.000000
0.000000 0.000000 0.295982 0.295982 0.295985 0.295983 0.295982 0.295982 0.295982 0.295982 0.295982 0.295982 0.295982 0.295982 0.295982 0.295983 0.295985 0.295982 0.295982 0.000000 0.000000
0.000000 0.000000 0.294998 0.294998 0.295001 0.294999 0.294998 0.294998 0.294998 0.294998 0.294998 0.294998 0.294998 0.294998 0.294998 0.294999 0.295001 0.294998 0.294998 0.000000 0.000000
0.000000 0.000000 0.294072 0.294072 0.294075 0.294073 0.294072 0.294072 0.294072 0.294072 0.294072 0.294072 0.294072 0.294072 0.294072 0.294073 0.294075 0.294072 0.294072 0.000000 0.000000
0.000000 0.000000 0.293179 0.293179 0.293182 0.293180 0.293179 0.293179 0.293179 0.293179 0.293179 0.293179 0.293179 0.293179 0.293179 0.293180 0.293182 0.293179 0.293179 0.000000 0.000000
0.000000 0.000000 0.292313 0.292313 0.292316 0.292314 0.292313 0.292313 0.292313 0.292313 0.292313 0.292313 0.292313 0.292313 0.292313 0.292314 0.292316 0.292313 0.292313 0.000000 0.000000
0.000000 0.000000 0.291466 0.291466 0.291469 0.291467 0.291466 0.291466 0.291466 0.291466 0.291466 0.291466 0.291466 0.291466 0.291466 0.291467 0.291469 0.291466 0.291466 0.000000 0.000000
0.000000 0.000000 0.290634 0.290634 0.290637 0.290635 0.290634 0.290634 0.290634 0.290634 0.290634 0.290634 0.290634 0.290634 0.290634 0.290635 0.290637 0.290634 0.290634 0.000000 0.000000
0.000000 0.000000 0.289818 0.289818 0.289820 0.289818 0.289818 0.289818 0.289818 0.289818 0.289818 0.289818 0.289818 0.289818 0.289818 0.289818 0.289820 0.289818 0.289818 0.000000 0.000000
0.000000 0.000000 0.289011 0.289011 0.289013 0.289011 0.289011 0.289011 0.289011 0.289011 0.289011 0.289011 0.289011 0.289011 0.289011 0.289011 0.289013 0.289011 0.289011 0.000000 0.000000
0.000000 0.000000 0.288208 0.288208 0.288210 0.288208 0.288208 0.288208 0.288208 0.288208 0.288208 0.288208 0.288208 0.288208 0.288208 0.288208 0.288210 0.288208 0.288208 0.000000 0.000000
0.000000 0.000000 0.287416 0.287416 0.287418 0.287416 0.287416 0.287416 0.287416 0.287416 0.287416 0.287416 0.287416 0.287416 0.287416 0.287416 0.287418 0.287416 0.287416 0.000000 0.000000
0.000000 0.000000 0.286590 0.286590 0.286593 0.286590 0.286590 0.286590 0.286590 0.286590 0.286590 0.286590 0.286590 0.286590 0.286590 0.286590 0.286593 0.286590 0.286590 0.000000 0.000000
0.000000 0.000000 0.300000 0.300000 0.300000 0.300000 0.300000 0.300000 0.300000 0.300000 0.300000 0.300000 0.300000 0.300000 0.300000 0.300000 0.300000 0.300000 0.300000 0.000000 0.000000
0.000000 0.000000 0.000000 0.000000 0.000000 0.000000 0.000000 0.000000 0.000000 0.000000 0.000000 0.000000 0.000000 0.000000 0.000000 0.000000 0.000000 0.000000 0.000000 0.000000 0.000000