geotop/1.0zi/1.0Montebello/Templates/testdem/maps/_Eocsand049.asc
ncols         21
nrows         20
xllcorner     100.000000
yllcorner     100.000000
cellsize      50.000000
NODATA_value  -9999.0
0.000000 0.000000 0.000000 0.000000 0.000000 0.000000 0.000000 0.000000 0.000000 0.000000 0.000000 0.000000 0.000000 0.000000 0.000000 0.000000 0.000000 0.000000 0.000000 0.000000 0.000000
0.000000 0.000000 0.300265 0.300262 0.300263 0.300263 0.300262 0.300262 0.300262 0.300263 0.300263 0.300263 0.300263 0.300263 0.300263 0.300262 0.300264 0.300263 0.300263 0.000000 0.000000
0.000000 0.000000 0.300012 0.300014 0.300014 0.300012 0.300014 0.300014 0.300014 0.300014 0.300014 0.300014 0.300013 0.300013 0.300013 0.300013 0.300014 0.300015 0.300015 0.000000 0.000000
0.000000 0.000000 0.299724 0.299718 0.299729 0.299737 0.299737 0.299743 0.299735 0.299737 0.299737 0.299735 0.299734 0.299736 0.299730 0.299723 0.299721 0.299719 0.299720 0.000000 0.000000
0.000000 0.000000 0.296371 0.296373 0.296393 0.296432 0.296463 0.296475 0.296474 0.296474 0.296477 0.296470 0.296464 0.296465 0.296442 0.296426 0.296406 0.296393 0.296380 0.000000 0.000000
0.000000 0.000000 0.287712 0.287722 0.287765 0.287840 0.287911 0.287974 0.287969 0.287977 0.287981 0.287979 0.287968 0.287974 0.287938 0.287878 0.287845 0.287820 0.287808 0.000000 0.000000
0.000000 0.000000 0.275892 0.275915 0.275952 0.276040 0.276131 0.276258 0.276253 0.276259 0.276273 0.276272 0.276273 0.276270 0.276171 0.276097 0.276048 0.276014 0.276000 0.000000 0.000000
0.000000 0.000000 0.261774 0.261802 0.261840 0.261952 0.262052 0.262167 0.262163 0.262173 0.262189 0.262194 0.262199 0.262181 0.262090 0.262006 0.261929 0.261910 0.261880 0.000000 0.000000
0.000000 0.000000 0.245989 0.246030 0.246095 0.246183 0.246300 0.246441 0.246426 0.246446 0.246470 0.246474 0.246467 0.246476 0.246344 0.246242 0.246181 0.246152 0.246127 0.000000 0.000000
0.000000 0.000000 0.228147 0.228206 0.228263 0.228362 0.228494 0.228645 0.228641 0.228652 0.228688 0.228675 0.228659 0.228666 0.228562 0.228427 0.228352 0.228319 0.228309 0.000000 0.000000
0.000000 0.000000 0.207297 0.207346 0.207399 0.207617 0.207678 0.207888 0.207841 0.207934 0.207932 0.207948 0.207984 0.207928 0.207805 0.207721 0.207613 0.207572 0.207483 0.000000 0.000000
0.000000 0.000000 0.182297 0.182406 0.182547 0.182646 0.182769 0.183035 0.183043 0.183031 0.183011 0.183107 0.183056 0.183084 0.182848 0.182704 0.182647 0.182607 0.182431 0.000000 0.000000
0.000000 0.000000 0.153838 0.153933 0.153960 0.154183 0.154331 0.155078 0.155086 0.155123 0.155411 0.155227 0.155223 0.155156 0.154619 0.154506 0.154220 0.154201 0.154192 0.000000 0.000000
0.000000 0.000000 0.119462 0.119491 0.119746 0.119879 0.120898 0.120419 0.120629 0.120606 0.120424 0.120606 0.120628 0.120759 0.121191 0.120072 0.120074 0.119806 0.119661 0.000000 0.000000
0.000000 0.000000 0.086826 0.086914 0.087046 0.088059 0.087524 0.088222 0.088328 0.088385 0.088647 0.088695 0.088587 0.088561 0.087963 0.088496 0.087178 0.087505 0.087575 0.000000 0.000000
0.000000 0.000000 0.064911 0.064951 0.065608 0.065391 0.065470 0.065513 0.065243 0.065318 0.065198 0.065226 0.065336 0.065189 0.065225 0.065153 0.065737 0.064795 0.064817 0.000000 0.000000
0.000000 0.000000 0.049418 0.049674 0.049879 0.049879 0.050048 0.050087 0.050051 0.050062 0.050089 0.050090 0.050092 0.050079 0.050047 0.049911 0.049951 0.049715 0.049469 0.000000 0.000000
0.000000 0.000000 0.039745 0.039902 0.039903 0.039936 0.040073 0.040175 0.040177 0.040194 0.040207 0.040211 0.040197 0.040201 0.040091 0.040000 0.039936 0.039947 0.039791 0.000000 0.000000
0.000000 0.000000 0.300000 0.300000 0.300000 0.300000 0.300000 0.300000 0.300000 0.300000 0.300000 0.300000 0.300000 0.300000 0.300000 0.300000 0.300000 0.300000 0.300000 0.000000 0.000000
0.000000 0.000000 0.000000 0.000000 0.000000 0.000000 0.000000 0.000000 0.000000 0.000000 0.000000 0.000000 0.000000 0.000000 0.000000 0.000000 0.000000 0.000000 0.000000 0.000000 0.000000