geotop/1.0zi/1.0Montebello/Templates/testdem/maps/_Eocsand9855.asc
ncols         21
nrows         20
xllcorner     100.000000
yllcorner     100.000000
cellsize      50.000000
NODATA_value  -9999.0
0.000000 0.000000 0.000000 0.000000 0.000000 0.000000 0.000000 0.000000 0.000000 0.000000 0.000000 0.000000 0.000000 0.000000 0.000000 0.000000 0.000000 0.000000 0.000000 0.000000 0.000000
0.000000 0.000000 0.300242 0.300239 0.300240 0.300240 0.300240 0.300239 0.300240 0.300240 0.300241 0.300240 0.300240 0.300240 0.300240 0.300240 0.300241 0.300240 0.300240 0.000000 0.000000
0.000000 0.000000 0.300011 0.300013 0.300013 0.300011 0.300012 0.300013 0.300012 0.300012 0.300013 0.300012 0.300012 0.300012 0.300012 0.300012 0.300013 0.300013 0.300014 0.000000 0.000000
0.000000 0.000000 0.299810 0.299808 0.299817 0.299825 0.299824 0.299830 0.299822 0.299824 0.299824 0.299823 0.299821 0.299823 0.299818 0.299811 0.299808 0.299805 0.299807 0.000000 0.000000
0.000000 0.000000 0.297020 0.297021 0.297037 0.297069 0.297097 0.297107 0.297107 0.297108 0.297111 0.297104 0.297098 0.297098 0.297075 0.297061 0.297046 0.297037 0.297024 0.000000 0.000000
0.000000 0.000000 0.289384 0.289395 0.289433 0.289495 0.289559 0.289617 0.289613 0.289626 0.289625 0.289625 0.289613 0.289619 0.289583 0.289528 0.289501 0.289480 0.289468 0.000000 0.000000
0.000000 0.000000 0.278876 0.278899 0.278930 0.279004 0.279086 0.279197 0.279195 0.279205 0.279214 0.279214 0.279214 0.279211 0.279118 0.279050 0.279009 0.278980 0.278966 0.000000 0.000000
0.000000 0.000000 0.266384 0.266411 0.266442 0.266532 0.266622 0.266724 0.266722 0.266736 0.266747 0.266753 0.266756 0.266739 0.266653 0.266578 0.266511 0.266497 0.266468 0.000000 0.000000
0.000000 0.000000 0.252637 0.252675 0.252724 0.252794 0.252896 0.253018 0.253007 0.253031 0.253048 0.253052 0.253046 0.253052 0.252931 0.252840 0.252788 0.252767 0.252742 0.000000 0.000000
0.000000 0.000000 0.237421 0.237474 0.237514 0.237588 0.237702 0.237829 0.237827 0.237845 0.237871 0.237861 0.237845 0.237852 0.237753 0.237636 0.237575 0.237552 0.237540 0.000000 0.000000
0.000000 0.000000 0.220070 0.220114 0.220153 0.220319 0.220372 0.220544 0.220508 0.220593 0.220586 0.220599 0.220626 0.220580 0.220470 0.220396 0.220310 0.220280 0.220205 0.000000 0.000000
0.000000 0.000000 0.199767 0.199858 0.199961 0.200039 0.200130 0.200346 0.200350 0.200361 0.200337 0.200412 0.200376 0.200389 0.200190 0.200076 0.200030 0.200003 0.199853 0.000000 0.000000
0.000000 0.000000 0.176830 0.176915 0.176940 0.177100 0.177211 0.177785 0.177795 0.177833 0.178037 0.177913 0.177901 0.177852 0.177421 0.177323 0.177112 0.177103 0.177068 0.000000 0.000000
0.000000 0.000000 0.148412 0.148453 0.148637 0.148751 0.149553 0.149265 0.149438 0.149439 0.149331 0.149443 0.149463 0.149549 0.149810 0.148923 0.148893 0.148688 0.148565 0.000000 0.000000
0.000000 0.000000 0.116392 0.116487 0.116645 0.117669 0.117225 0.117872 0.118012 0.118080 0.118316 0.118391 0.118274 0.118268 0.117693 0.118121 0.116783 0.117101 0.117152 0.000000 0.000000
0.000000 0.000000 0.088408 0.088462 0.089531 0.088966 0.089164 0.089114 0.088643 0.088769 0.088516 0.088558 0.088762 0.088510 0.088660 0.088474 0.089692 0.088056 0.088080 0.000000 0.000000
0.000000 0.000000 0.065097 0.065852 0.065679 0.065984 0.066384 0.066511 0.066732 0.066682 0.066926 0.066898 0.066761 0.066901 0.066696 0.066394 0.065747 0.066197 0.065413 0.000000 0.000000
0.000000 0.000000 0.054920 0.054899 0.054468 0.054633 0.054797 0.055187 0.055230 0.055306 0.055255 0.055275 0.055237 0.055249 0.054886 0.054760 0.054455 0.054951 0.054965 0.000000 0.000000
0.000000 0.000000 0.300000 0.300000 0.300000 0.300000 0.300000 0.300000 0.300000 0.300000 0.300000 0.300000 0.300000 0.300000 0.300000 0.300000 0.300000 0.300000 0.300000 0.000000 0.000000
0.000000 0.000000 0.000000 0.000000 0.000000 0.000000 0.000000 0.000000 0.000000 0.000000 0.000000 0.000000 0.000000 0.000000 0.000000 0.000000 0.000000 0.000000 0.000000 0.000000 0.000000