geotop/1.0zi/1.0Montebello/Templates/testdem/maps/_Eocclay2880.asc
ncols         21
nrows         20
xllcorner     100.000000
yllcorner     100.000000
cellsize      50.000000
NODATA_value  -9999.0
0.000000 0.000000 0.000000 0.000000 0.000000 0.000000 0.000000 0.000000 0.000000 0.000000 0.000000 0.000000 0.000000 0.000000 0.000000 0.000000 0.000000 0.000000 0.000000 0.000000 0.000000
0.000000 0.000000 0.349842 0.349842 0.349842 0.349842 0.349842 0.349842 0.349842 0.349842 0.349841 0.349842 0.349842 0.349842 0.349842 0.349842 0.349842 0.349842 0.349842 0.000000 0.000000
0.000000 0.000000 0.349993 0.349993 0.349992 0.349993 0.349993 0.349993 0.349993 0.349993 0.349993 0.349993 0.349993 0.349993 0.349993 0.349993 0.349992 0.349993 0.349993 0.000000 0.000000
0.000000 0.000000 0.350978 0.350978 0.350976 0.350977 0.350978 0.350978 0.350978 0.350978 0.350978 0.350978 0.350978 0.350978 0.350978 0.350977 0.350976 0.350978 0.350978 0.000000 0.000000
0.000000 0.000000 0.355273 0.355272 0.355270 0.355270 0.355274 0.355273 0.355273 0.355274 0.355274 0.355274 0.355273 0.355273 0.355274 0.355270 0.355270 0.355272 0.355273 0.000000 0.000000
0.000000 0.000000 0.360156 0.360155 0.360154 0.360154 0.360157 0.360156 0.360156 0.360157 0.360157 0.360157 0.360156 0.360156 0.360157 0.360154 0.360154 0.360155 0.360156 0.000000 0.000000
0.000000 0.000000 0.364766 0.364765 0.364764 0.364764 0.364766 0.364766 0.364766 0.364767 0.364767 0.364767 0.364766 0.364766 0.364766 0.364764 0.364764 0.364765 0.364766 0.000000 0.000000
0.000000 0.000000 0.368979 0.368979 0.368978 0.368978 0.368980 0.368979 0.368979 0.368980 0.368980 0.368980 0.368979 0.368979 0.368980 0.368978 0.368978 0.368979 0.368979 0.000000 0.000000
0.000000 0.000000 0.372891 0.372891 0.372890 0.372890 0.372891 0.372891 0.372891 0.372892 0.372892 0.372892 0.372891 0.372891 0.372891 0.372890 0.372890 0.372891 0.372891 0.000000 0.000000
0.000000 0.000000 0.376592 0.376592 0.376591 0.376591 0.376593 0.376592 0.376592 0.376593 0.376593 0.376593 0.376592 0.376592 0.376593 0.376591 0.376591 0.376592 0.376592 0.000000 0.000000
0.000000 0.000000 0.380126 0.380126 0.380125 0.380125 0.380127 0.380126 0.380126 0.380127 0.380127 0.380127 0.380126 0.380126 0.380127 0.380125 0.380125 0.380126 0.380126 0.000000 0.000000
0.000000 0.000000 0.383527 0.383527 0.383526 0.383526 0.383528 0.383527 0.383527 0.383528 0.383528 0.383528 0.383527 0.383527 0.383528 0.383526 0.383526 0.383527 0.383527 0.000000 0.000000
0.000000 0.000000 0.386821 0.386820 0.386819 0.386820 0.386821 0.386821 0.386821 0.386821 0.386822 0.386821 0.386821 0.386821 0.386821 0.386820 0.386819 0.386820 0.386821 0.000000 0.000000
0.000000 0.000000 0.390028 0.390028 0.390027 0.390027 0.390028 0.390028 0.390028 0.390029 0.390029 0.390029 0.390028 0.390028 0.390028 0.390027 0.390027 0.390028 0.390028 0.000000 0.000000
0.000000 0.000000 0.393158 0.393158 0.393157 0.393158 0.393159 0.393158 0.393158 0.393159 0.393159 0.393159 0.393158 0.393158 0.393159 0.393158 0.393157 0.393158 0.393158 0.000000 0.000000
0.000000 0.000000 0.396218 0.396218 0.396216 0.396217 0.396218 0.396218 0.396218 0.396218 0.396219 0.396218 0.396218 0.396218 0.396218 0.396217 0.396216 0.396218 0.396218 0.000000 0.000000
0.000000 0.000000 0.399210 0.399210 0.399209 0.399209 0.399210 0.399210 0.399210 0.399210 0.399211 0.399210 0.399210 0.399210 0.399210 0.399209 0.399209 0.399210 0.399210 0.000000 0.000000
0.000000 0.000000 0.402187 0.402187 0.402186 0.402186 0.402187 0.402187 0.402187 0.402188 0.402188 0.402188 0.402187 0.402187 0.402187 0.402186 0.402186 0.402187 0.402187 0.000000 0.000000
0.000000 0.000000 0.350000 0.350000 0.350000 0.350000 0.350000 0.350000 0.350000 0.350000 0.350000 0.350000 0.350000 0.350000 0.350000 0.350000 0.350000 0.350000 0.350000 0.000000 0.000000
0.000000 0.000000 0.000000 0.000000 0.000000 0.000000 0.000000 0.000000 0.000000 0.000000 0.000000 0.000000 0.000000 0.000000 0.000000 0.000000 0.000000 0.000000 0.000000 0.000000 0.000000