geotop/1.0zi/1.0Montebello/Templates/testdem/maps/_Eocsand085V.asc
ncols         21
nrows         20
xllcorner     100.000000
yllcorner     100.000000
cellsize      50.000000
NODATA_value  -9999.0
0.000000 0.000000 0.000000 0.000000 0.000000 0.000000 0.000000 0.000000 0.000000 0.000000 0.000000 0.000000 0.000000 0.000000 0.000000 0.000000 0.000000 0.000000 0.000000 0.000000 0.000000
0.000000 0.000000 0.300274 0.300272 0.300272 0.300273 0.300272 0.300271 0.300272 0.300272 0.300273 0.300272 0.300272 0.300272 0.300272 0.300272 0.300273 0.300272 0.300272 0.000000 0.000000
0.000000 0.000000 0.300012 0.300014 0.300014 0.300012 0.300014 0.300014 0.300014 0.300014 0.300014 0.300014 0.300013 0.300013 0.300013 0.300013 0.300014 0.300015 0.300015 0.000000 0.000000
0.000000 0.000000 0.299719 0.299714 0.299723 0.299733 0.299733 0.299738 0.299732 0.299734 0.299733 0.299731 0.299730 0.299732 0.299726 0.299718 0.299715 0.299713 0.299714 0.000000 0.000000
0.000000 0.000000 0.296099 0.296108 0.296126 0.296167 0.296199 0.296213 0.296210 0.296210 0.296214 0.296208 0.296201 0.296203 0.296177 0.296162 0.296141 0.296127 0.296115 0.000000 0.000000
0.000000 0.000000 0.286894 0.286908 0.286951 0.287030 0.287102 0.287167 0.287162 0.287170 0.287174 0.287173 0.287162 0.287167 0.287130 0.287067 0.287032 0.287006 0.286994 0.000000 0.000000
0.000000 0.000000 0.274401 0.274429 0.274466 0.274559 0.274652 0.274784 0.274778 0.274785 0.274799 0.274799 0.274801 0.274797 0.274693 0.274615 0.274565 0.274530 0.274515 0.000000 0.000000
0.000000 0.000000 0.259396 0.259431 0.259473 0.259595 0.259700 0.259823 0.259819 0.259830 0.259846 0.259854 0.259858 0.259840 0.259742 0.259654 0.259573 0.259553 0.259524 0.000000 0.000000
0.000000 0.000000 0.242481 0.242529 0.242597 0.242694 0.242818 0.242967 0.242951 0.242973 0.242997 0.243002 0.242995 0.243005 0.242864 0.242755 0.242691 0.242660 0.242635 0.000000 0.000000
0.000000 0.000000 0.223121 0.223190 0.223252 0.223360 0.223500 0.223662 0.223659 0.223669 0.223707 0.223694 0.223677 0.223685 0.223572 0.223427 0.223346 0.223311 0.223302 0.000000 0.000000
0.000000 0.000000 0.200185 0.200245 0.200302 0.200545 0.200609 0.200837 0.200785 0.200888 0.200883 0.200904 0.200945 0.200883 0.200745 0.200656 0.200538 0.200494 0.200397 0.000000 0.000000
0.000000 0.000000 0.172346 0.172481 0.172644 0.172749 0.172886 0.173180 0.173207 0.173189 0.173166 0.173255 0.173208 0.173248 0.172982 0.172820 0.172762 0.172719 0.172527 0.000000 0.000000
0.000000 0.000000 0.140814 0.140937 0.140969 0.141228 0.141390 0.142218 0.142237 0.142283 0.142613 0.142388 0.142392 0.142316 0.141716 0.141595 0.141274 0.141255 0.141263 0.000000 0.000000
0.000000 0.000000 0.104347 0.104396 0.104672 0.104803 0.105865 0.105309 0.105532 0.105522 0.105314 0.105519 0.105546 0.105689 0.106174 0.105000 0.105025 0.104745 0.104596 0.000000 0.000000
0.000000 0.000000 0.074285 0.074373 0.074485 0.075340 0.074910 0.075494 0.075583 0.075638 0.075862 0.075901 0.075812 0.075790 0.075285 0.075716 0.074611 0.074881 0.074940 0.000000 0.000000
0.000000 0.000000 0.055789 0.055835 0.056274 0.056288 0.056268 0.056396 0.056244 0.056298 0.056260 0.056284 0.056338 0.056243 0.056183 0.056209 0.056379 0.055835 0.055859 0.000000 0.000000
0.000000 0.000000 0.042912 0.043060 0.043296 0.043296 0.043377 0.043437 0.043374 0.043395 0.043395 0.043406 0.043423 0.043388 0.043354 0.043295 0.043368 0.043083 0.042965 0.000000 0.000000
0.000000 0.000000 0.034362 0.034460 0.034570 0.034567 0.034652 0.034717 0.034679 0.034698 0.034691 0.034699 0.034707 0.034686 0.034635 0.034574 0.034615 0.034473 0.034387 0.000000 0.000000
0.000000 0.000000 0.300000 0.300000 0.300000 0.300000 0.300000 0.300000 0.300000 0.300000 0.300000 0.300000 0.300000 0.300000 0.300000 0.300000 0.300000 0.300000 0.300000 0.000000 0.000000
0.000000 0.000000 0.000000 0.000000 0.000000 0.000000 0.000000 0.000000 0.000000 0.000000 0.000000 0.000000 0.000000 0.000000 0.000000 0.000000 0.000000 0.000000 0.000000 0.000000 0.000000