geotop/1.0zi/1.0Montebello/Templates/testdem/maps/_Eocclay2126.asc
ncols         21
nrows         20
xllcorner     100.000000
yllcorner     100.000000
cellsize      50.000000
NODATA_value  -9999.0
0.000000 0.000000 0.000000 0.000000 0.000000 0.000000 0.000000 0.000000 0.000000 0.000000 0.000000 0.000000 0.000000 0.000000 0.000000 0.000000 0.000000 0.000000 0.000000 0.000000 0.000000
0.000000 0.000000 0.349887 0.349887 0.349887 0.349887 0.349887 0.349887 0.349887 0.349887 0.349887 0.349887 0.349887 0.349887 0.349887 0.349887 0.349887 0.349887 0.349887 0.000000 0.000000
0.000000 0.000000 0.349993 0.349993 0.349993 0.349993 0.349993 0.349993 0.349993 0.349993 0.349993 0.349993 0.349993 0.349993 0.349993 0.349993 0.349993 0.349993 0.349993 0.000000 0.000000
0.000000 0.000000 0.350658 0.350658 0.350656 0.350657 0.350658 0.350658 0.350658 0.350658 0.350658 0.350658 0.350658 0.350658 0.350658 0.350657 0.350656 0.350658 0.350658 0.000000 0.000000
0.000000 0.000000 0.353610 0.353609 0.353607 0.353607 0.353611 0.353610 0.353610 0.353611 0.353611 0.353611 0.353610 0.353610 0.353611 0.353607 0.353607 0.353609 0.353610 0.000000 0.000000
0.000000 0.000000 0.357092 0.357092 0.357090 0.357090 0.357093 0.357092 0.357092 0.357093 0.357093 0.357093 0.357092 0.357092 0.357093 0.357090 0.357090 0.357092 0.357092 0.000000 0.000000
0.000000 0.000000 0.360398 0.360398 0.360397 0.360397 0.360399 0.360398 0.360398 0.360399 0.360399 0.360399 0.360398 0.360398 0.360399 0.360397 0.360397 0.360398 0.360398 0.000000 0.000000
0.000000 0.000000 0.363442 0.363442 0.363440 0.363441 0.363442 0.363442 0.363442 0.363442 0.363443 0.363442 0.363442 0.363442 0.363442 0.363441 0.363440 0.363442 0.363442 0.000000 0.000000
0.000000 0.000000 0.366289 0.366288 0.366287 0.366288 0.366289 0.366289 0.366289 0.366289 0.366289 0.366289 0.366289 0.366289 0.366289 0.366288 0.366287 0.366288 0.366289 0.000000 0.000000
0.000000 0.000000 0.369007 0.369006 0.369005 0.369006 0.369007 0.369007 0.369007 0.369007 0.369007 0.369007 0.369007 0.369007 0.369007 0.369006 0.369005 0.369006 0.369007 0.000000 0.000000
0.000000 0.000000 0.371626 0.371626 0.371625 0.371625 0.371626 0.371626 0.371626 0.371627 0.371627 0.371627 0.371626 0.371626 0.371626 0.371625 0.371625 0.371626 0.371626 0.000000 0.000000
0.000000 0.000000 0.374170 0.374170 0.374169 0.374169 0.374171 0.374170 0.374170 0.374171 0.374171 0.374171 0.374170 0.374170 0.374171 0.374169 0.374169 0.374170 0.374170 0.000000 0.000000
0.000000 0.000000 0.376657 0.376657 0.376656 0.376656 0.376657 0.376657 0.376657 0.376658 0.376658 0.376658 0.376657 0.376657 0.376657 0.376656 0.376656 0.376657 0.376657 0.000000 0.000000
0.000000 0.000000 0.379093 0.379093 0.379092 0.379092 0.379093 0.379093 0.379093 0.379094 0.379094 0.379094 0.379093 0.379093 0.379093 0.379092 0.379092 0.379093 0.379093 0.000000 0.000000
0.000000 0.000000 0.381488 0.381488 0.381487 0.381488 0.381489 0.381488 0.381488 0.381489 0.381489 0.381489 0.381488 0.381488 0.381489 0.381488 0.381487 0.381488 0.381488 0.000000 0.000000
0.000000 0.000000 0.383847 0.383847 0.383846 0.383846 0.383848 0.383847 0.383847 0.383848 0.383848 0.383848 0.383847 0.383847 0.383848 0.383846 0.383846 0.383847 0.383847 0.000000 0.000000
0.000000 0.000000 0.386171 0.386170 0.386169 0.386170 0.386171 0.386170 0.386170 0.386171 0.386171 0.386171 0.386170 0.386170 0.386171 0.386170 0.386169 0.386170 0.386171 0.000000 0.000000
0.000000 0.000000 0.388492 0.388492 0.388491 0.388491 0.388493 0.388492 0.388492 0.388493 0.388493 0.388493 0.388492 0.388492 0.388493 0.388491 0.388491 0.388492 0.388492 0.000000 0.000000
0.000000 0.000000 0.350000 0.350000 0.350000 0.350000 0.350000 0.350000 0.350000 0.350000 0.350000 0.350000 0.350000 0.350000 0.350000 0.350000 0.350000 0.350000 0.350000 0.000000 0.000000
0.000000 0.000000 0.000000 0.000000 0.000000 0.000000 0.000000 0.000000 0.000000 0.000000 0.000000 0.000000 0.000000 0.000000 0.000000 0.000000 0.000000 0.000000 0.000000 0.000000 0.000000