geotop/1.0zi/1.0Montebello/Templates/testdem/maps/_Eocclay1927.asc
ncols         21
nrows         20
xllcorner     100.000000
yllcorner     100.000000
cellsize      50.000000
NODATA_value  -9999.0
0.000000 0.000000 0.000000 0.000000 0.000000 0.000000 0.000000 0.000000 0.000000 0.000000 0.000000 0.000000 0.000000 0.000000 0.000000 0.000000 0.000000 0.000000 0.000000 0.000000 0.000000
0.000000 0.000000 0.349899 0.349899 0.349899 0.349899 0.349899 0.349899 0.349899 0.349899 0.349899 0.349899 0.349899 0.349899 0.349899 0.349899 0.349899 0.349899 0.349899 0.000000 0.000000
0.000000 0.000000 0.349994 0.349993 0.349993 0.349994 0.349993 0.349994 0.349994 0.349994 0.349994 0.349994 0.349994 0.349994 0.349993 0.349994 0.349993 0.349993 0.349994 0.000000 0.000000
0.000000 0.000000 0.350658 0.350658 0.350656 0.350657 0.350658 0.350658 0.350658 0.350658 0.350658 0.350658 0.350658 0.350658 0.350658 0.350657 0.350656 0.350658 0.350658 0.000000 0.000000
0.000000 0.000000 0.353430 0.353429 0.353427 0.353427 0.353431 0.353430 0.353430 0.353431 0.353431 0.353431 0.353430 0.353430 0.353431 0.353427 0.353427 0.353429 0.353430 0.000000 0.000000
0.000000 0.000000 0.356619 0.356619 0.356617 0.356617 0.356620 0.356619 0.356619 0.356620 0.356620 0.356620 0.356619 0.356619 0.356620 0.356617 0.356617 0.356619 0.356619 0.000000 0.000000
0.000000 0.000000 0.359645 0.359645 0.359643 0.359644 0.359646 0.359645 0.359645 0.359646 0.359646 0.359646 0.359645 0.359645 0.359646 0.359644 0.359643 0.359645 0.359645 0.000000 0.000000
0.000000 0.000000 0.362433 0.362433 0.362431 0.362431 0.362433 0.362433 0.362433 0.362433 0.362434 0.362433 0.362433 0.362433 0.362433 0.362431 0.362431 0.362433 0.362433 0.000000 0.000000
0.000000 0.000000 0.365043 0.365043 0.365041 0.365042 0.365043 0.365043 0.365043 0.365043 0.365044 0.365043 0.365043 0.365043 0.365043 0.365042 0.365041 0.365043 0.365043 0.000000 0.000000
0.000000 0.000000 0.367538 0.367538 0.367536 0.367537 0.367538 0.367538 0.367538 0.367539 0.367539 0.367539 0.367538 0.367538 0.367538 0.367537 0.367536 0.367538 0.367538 0.000000 0.000000
0.000000 0.000000 0.369945 0.369945 0.369943 0.369944 0.369945 0.369945 0.369945 0.369945 0.369945 0.369945 0.369945 0.369945 0.369945 0.369944 0.369943 0.369945 0.369945 0.000000 0.000000
0.000000 0.000000 0.372285 0.372285 0.372284 0.372284 0.372286 0.372285 0.372285 0.372286 0.372286 0.372286 0.372285 0.372285 0.372286 0.372284 0.372284 0.372285 0.372285 0.000000 0.000000
0.000000 0.000000 0.374576 0.374576 0.374575 0.374575 0.374576 0.374576 0.374576 0.374577 0.374577 0.374577 0.374576 0.374576 0.374576 0.374575 0.374575 0.374576 0.374576 0.000000 0.000000
0.000000 0.000000 0.376821 0.376821 0.376819 0.376820 0.376821 0.376821 0.376821 0.376821 0.376821 0.376821 0.376821 0.376821 0.376821 0.376820 0.376819 0.376821 0.376821 0.000000 0.000000
0.000000 0.000000 0.379030 0.379030 0.379029 0.379029 0.379030 0.379030 0.379030 0.379030 0.379031 0.379030 0.379030 0.379030 0.379030 0.379029 0.379029 0.379030 0.379030 0.000000 0.000000
0.000000 0.000000 0.381210 0.381210 0.381209 0.381209 0.381211 0.381210 0.381210 0.381211 0.381211 0.381211 0.381210 0.381210 0.381211 0.381209 0.381209 0.381210 0.381210 0.000000 0.000000
0.000000 0.000000 0.383361 0.383361 0.383359 0.383360 0.383361 0.383361 0.383361 0.383361 0.383361 0.383361 0.383361 0.383361 0.383361 0.383360 0.383359 0.383361 0.383361 0.000000 0.000000
0.000000 0.000000 0.385520 0.385520 0.385518 0.385519 0.385520 0.385520 0.385520 0.385520 0.385520 0.385520 0.385520 0.385520 0.385520 0.385519 0.385518 0.385520 0.385520 0.000000 0.000000
0.000000 0.000000 0.350000 0.350000 0.350000 0.350000 0.350000 0.350000 0.350000 0.350000 0.350000 0.350000 0.350000 0.350000 0.350000 0.350000 0.350000 0.350000 0.350000 0.000000 0.000000
0.000000 0.000000 0.000000 0.000000 0.000000 0.000000 0.000000 0.000000 0.000000 0.000000 0.000000 0.000000 0.000000 0.000000 0.000000 0.000000 0.000000 0.000000 0.000000 0.000000 0.000000