geotop/1.0zi/1.0Montebello/Templates/testdem/maps/_Eocsand3702.asc
ncols         21
nrows         20
xllcorner     100.000000
yllcorner     100.000000
cellsize      50.000000
NODATA_value  -9999.0
0.000000 0.000000 0.000000 0.000000 0.000000 0.000000 0.000000 0.000000 0.000000 0.000000 0.000000 0.000000 0.000000 0.000000 0.000000 0.000000 0.000000 0.000000 0.000000 0.000000 0.000000
0.000000 0.000000 0.300093 0.300092 0.300092 0.300092 0.300092 0.300092 0.300093 0.300092 0.300092 0.300092 0.300092 0.300092 0.300092 0.300092 0.300093 0.300092 0.300093 0.000000 0.000000
0.000000 0.000000 0.300004 0.300003 0.300003 0.300003 0.300003 0.300003 0.300003 0.300003 0.300003 0.300004 0.300003 0.300003 0.300003 0.300003 0.300005 0.300005 0.300005 0.000000 0.000000
0.000000 0.000000 0.299971 0.299972 0.299973 0.299975 0.299972 0.299975 0.299972 0.299973 0.299972 0.299974 0.299974 0.299976 0.299975 0.299971 0.299971 0.299970 0.299971 0.000000 0.000000
0.000000 0.000000 0.299289 0.299283 0.299288 0.299289 0.299297 0.299304 0.299305 0.299308 0.299308 0.299306 0.299306 0.299305 0.299297 0.299299 0.299297 0.299293 0.299289 0.000000 0.000000
0.000000 0.000000 0.297147 0.297142 0.297151 0.297165 0.297176 0.297198 0.297198 0.297208 0.297200 0.297197 0.297192 0.297190 0.297187 0.297178 0.297171 0.297169 0.297163 0.000000 0.000000
0.000000 0.000000 0.294041 0.294041 0.294049 0.294075 0.294107 0.294144 0.294143 0.294150 0.294143 0.294143 0.294139 0.294130 0.294100 0.294074 0.294064 0.294058 0.294049 0.000000 0.000000
0.000000 0.000000 0.290537 0.290539 0.290551 0.290584 0.290620 0.290657 0.290655 0.290661 0.290659 0.290659 0.290656 0.290647 0.290607 0.290579 0.290561 0.290558 0.290548 0.000000 0.000000
0.000000 0.000000 0.287030 0.287036 0.287053 0.287079 0.287114 0.287156 0.287154 0.287162 0.287160 0.287158 0.287154 0.287144 0.287107 0.287075 0.287059 0.287053 0.287039 0.000000 0.000000
0.000000 0.000000 0.283552 0.283560 0.283574 0.283601 0.283642 0.283680 0.283676 0.283681 0.283680 0.283679 0.283676 0.283669 0.283628 0.283595 0.283578 0.283573 0.283562 0.000000 0.000000
0.000000 0.000000 0.280055 0.280063 0.280078 0.280101 0.280134 0.280179 0.280175 0.280184 0.280182 0.280180 0.280178 0.280170 0.280134 0.280109 0.280088 0.280081 0.280069 0.000000 0.000000
0.000000 0.000000 0.276467 0.276475 0.276493 0.276525 0.276560 0.276603 0.276604 0.276609 0.276607 0.276609 0.276603 0.276597 0.276551 0.276521 0.276501 0.276495 0.276453 0.000000 0.000000
0.000000 0.000000 0.272865 0.272874 0.272893 0.272919 0.272959 0.273039 0.273038 0.273045 0.273045 0.273044 0.273041 0.273031 0.272959 0.272923 0.272903 0.272896 0.272869 0.000000 0.000000
0.000000 0.000000 0.269088 0.269104 0.269120 0.269147 0.269232 0.269258 0.269271 0.269276 0.269274 0.269274 0.269271 0.269263 0.269232 0.269156 0.269134 0.269117 0.269102 0.000000 0.000000
0.000000 0.000000 0.265058 0.265072 0.265103 0.265175 0.265224 0.265275 0.265300 0.265308 0.265317 0.265319 0.265308 0.265308 0.265263 0.265206 0.265121 0.265123 0.265110 0.000000 0.000000
0.000000 0.000000 0.260944 0.260958 0.261043 0.261068 0.261104 0.261133 0.261139 0.261142 0.261138 0.261139 0.261142 0.261120 0.261098 0.261070 0.261059 0.260981 0.260959 0.000000 0.000000
0.000000 0.000000 0.256430 0.256525 0.256605 0.256645 0.256709 0.256741 0.256748 0.256752 0.256761 0.256761 0.256754 0.256751 0.256723 0.256659 0.256615 0.256569 0.256475 0.000000 0.000000
0.000000 0.000000 0.252830 0.252862 0.252821 0.252871 0.252933 0.253031 0.253041 0.253050 0.253047 0.253048 0.253046 0.253032 0.252939 0.252879 0.252810 0.252889 0.252843 0.000000 0.000000
0.000000 0.000000 0.300000 0.300000 0.300000 0.300000 0.300000 0.300000 0.300000 0.300000 0.300000 0.300000 0.300000 0.300000 0.300000 0.300000 0.300000 0.300000 0.300000 0.000000 0.000000
0.000000 0.000000 0.000000 0.000000 0.000000 0.000000 0.000000 0.000000 0.000000 0.000000 0.000000 0.000000 0.000000 0.000000 0.000000 0.000000 0.000000 0.000000 0.000000 0.000000 0.000000