geotop/1.0zi/1.0Montebello/Templates/testdem/maps/_Eocsand4048.asc
ncols         21
nrows         20
xllcorner     100.000000
yllcorner     100.000000
cellsize      50.000000
NODATA_value  -9999.0
0.000000 0.000000 0.000000 0.000000 0.000000 0.000000 0.000000 0.000000 0.000000 0.000000 0.000000 0.000000 0.000000 0.000000 0.000000 0.000000 0.000000 0.000000 0.000000 0.000000 0.000000
0.000000 0.000000 0.300103 0.300102 0.300102 0.300102 0.300102 0.300102 0.300102 0.300102 0.300102 0.300102 0.300102 0.300102 0.300102 0.300102 0.300102 0.300102 0.300103 0.000000 0.000000
0.000000 0.000000 0.300005 0.300004 0.300004 0.300004 0.300003 0.300003 0.300003 0.300003 0.300004 0.300004 0.300003 0.300003 0.300004 0.300004 0.300005 0.300005 0.300005 0.000000 0.000000
0.000000 0.000000 0.299974 0.299974 0.299976 0.299979 0.299977 0.299979 0.299977 0.299978 0.299978 0.299979 0.299979 0.299981 0.299976 0.299973 0.299973 0.299972 0.299974 0.000000 0.000000
0.000000 0.000000 0.299290 0.299284 0.299288 0.299287 0.299294 0.299298 0.299299 0.299303 0.299304 0.299300 0.299303 0.299303 0.299298 0.299299 0.299299 0.299295 0.299289 0.000000 0.000000
0.000000 0.000000 0.297055 0.297053 0.297060 0.297071 0.297075 0.297095 0.297096 0.297106 0.297097 0.297095 0.297092 0.297098 0.297101 0.297091 0.297082 0.297078 0.297072 0.000000 0.000000
0.000000 0.000000 0.293736 0.293739 0.293744 0.293762 0.293781 0.293813 0.293811 0.293817 0.293811 0.293813 0.293817 0.293821 0.293800 0.293773 0.293761 0.293754 0.293744 0.000000 0.000000
0.000000 0.000000 0.289924 0.289928 0.289936 0.289959 0.289981 0.290013 0.290010 0.290015 0.290015 0.290015 0.290022 0.290028 0.289998 0.289969 0.289951 0.289946 0.289936 0.000000 0.000000
0.000000 0.000000 0.286099 0.286107 0.286119 0.286136 0.286157 0.286195 0.286191 0.286199 0.286198 0.286196 0.286203 0.286206 0.286179 0.286146 0.286132 0.286125 0.286111 0.000000 0.000000
0.000000 0.000000 0.282298 0.282306 0.282315 0.282333 0.282361 0.282394 0.282388 0.282394 0.282394 0.282392 0.282400 0.282407 0.282375 0.282342 0.282328 0.282322 0.282311 0.000000 0.000000
0.000000 0.000000 0.278461 0.278469 0.278479 0.278492 0.278511 0.278551 0.278546 0.278555 0.278555 0.278553 0.278560 0.278566 0.278540 0.278516 0.278498 0.278491 0.278478 0.000000 0.000000
0.000000 0.000000 0.274508 0.274516 0.274529 0.274550 0.274571 0.274609 0.274609 0.274615 0.274614 0.274615 0.274620 0.274628 0.274592 0.274563 0.274547 0.274540 0.274497 0.000000 0.000000
0.000000 0.000000 0.270520 0.270529 0.270542 0.270558 0.270584 0.270663 0.270661 0.270669 0.270669 0.270668 0.270676 0.270681 0.270614 0.270580 0.270564 0.270557 0.270529 0.000000 0.000000
0.000000 0.000000 0.266322 0.266337 0.266347 0.266364 0.266440 0.266460 0.266472 0.266478 0.266477 0.266477 0.266486 0.266492 0.266471 0.266391 0.266373 0.266356 0.266341 0.000000 0.000000
0.000000 0.000000 0.261822 0.261834 0.261861 0.261927 0.261961 0.262009 0.262035 0.262044 0.262056 0.262057 0.262057 0.262072 0.262037 0.261979 0.261892 0.261895 0.261882 0.000000 0.000000
0.000000 0.000000 0.257204 0.257216 0.257305 0.257317 0.257336 0.257359 0.257364 0.257366 0.257363 0.257364 0.257380 0.257372 0.257363 0.257338 0.257334 0.257245 0.257223 0.000000 0.000000
0.000000 0.000000 0.252109 0.252217 0.252296 0.252324 0.252374 0.252401 0.252408 0.252412 0.252425 0.252424 0.252428 0.252443 0.252427 0.252362 0.252321 0.252271 0.252164 0.000000 0.000000
0.000000 0.000000 0.248085 0.248115 0.248054 0.248093 0.248138 0.248240 0.248250 0.248261 0.248258 0.248259 0.248269 0.248271 0.248182 0.248123 0.248058 0.248151 0.248102 0.000000 0.000000
0.000000 0.000000 0.300000 0.300000 0.300000 0.300000 0.300000 0.300000 0.300000 0.300000 0.300000 0.300000 0.300000 0.300000 0.300000 0.300000 0.300000 0.300000 0.300000 0.000000 0.000000
0.000000 0.000000 0.000000 0.000000 0.000000 0.000000 0.000000 0.000000 0.000000 0.000000 0.000000 0.000000 0.000000 0.000000 0.000000 0.000000 0.000000 0.000000 0.000000 0.000000 0.000000