geotop/1.0zi/1.0Montebello/Templates/testdem/maps/_Eocclay7641.asc
ncols         21
nrows         20
xllcorner     100.000000
yllcorner     100.000000
cellsize      50.000000
NODATA_value  -9999.0
0.000000 0.000000 0.000000 0.000000 0.000000 0.000000 0.000000 0.000000 0.000000 0.000000 0.000000 0.000000 0.000000 0.000000 0.000000 0.000000 0.000000 0.000000 0.000000 0.000000 0.000000
0.000000 0.000000 0.349648 0.349649 0.349650 0.349648 0.349650 0.349650 0.349650 0.349650 0.349648 0.349650 0.349650 0.349649 0.349650 0.349650 0.349648 0.349648 0.349649 0.000000 0.000000
0.000000 0.000000 0.349985 0.349985 0.349985 0.349986 0.349985 0.349985 0.349985 0.349985 0.349984 0.349984 0.349985 0.349984 0.349985 0.349985 0.349986 0.349986 0.349983 0.000000 0.000000
0.000000 0.000000 0.350003 0.350008 0.350005 0.350004 0.350006 0.350004 0.350006 0.350003 0.350006 0.350004 0.350004 0.350003 0.350005 0.350007 0.350006 0.350009 0.350007 0.000000 0.000000
0.000000 0.000000 0.350955 0.350953 0.350949 0.350943 0.350928 0.350925 0.350923 0.350926 0.350922 0.350923 0.350919 0.350923 0.350933 0.350934 0.350942 0.350943 0.350950 0.000000 0.000000
0.000000 0.000000 0.353562 0.353560 0.353549 0.353522 0.353509 0.353486 0.353487 0.353480 0.353484 0.353483 0.353485 0.353487 0.353497 0.353516 0.353530 0.353545 0.353551 0.000000 0.000000
0.000000 0.000000 0.357158 0.357155 0.357146 0.357123 0.357094 0.357058 0.357056 0.357051 0.357052 0.357053 0.357053 0.357054 0.357086 0.357114 0.357130 0.357143 0.357150 0.000000 0.000000
0.000000 0.000000 0.361447 0.361445 0.361438 0.361409 0.361381 0.361341 0.361341 0.361336 0.361336 0.361333 0.361331 0.361339 0.361373 0.361398 0.361422 0.361432 0.361444 0.000000 0.000000
0.000000 0.000000 0.365959 0.365953 0.365940 0.365923 0.365892 0.365852 0.365855 0.365845 0.365843 0.365841 0.365841 0.365841 0.365881 0.365913 0.365932 0.365941 0.365951 0.000000 0.000000
0.000000 0.000000 0.370700 0.370691 0.370684 0.370667 0.370623 0.370586 0.370587 0.370582 0.370576 0.370579 0.370585 0.370582 0.370616 0.370653 0.370676 0.370684 0.370692 0.000000 0.000000
0.000000 0.000000 0.375814 0.375808 0.375800 0.375764 0.375733 0.375690 0.375699 0.375676 0.375679 0.375678 0.375670 0.375686 0.375716 0.375739 0.375768 0.375784 0.375803 0.000000 0.000000
0.000000 0.000000 0.381423 0.381409 0.381392 0.381367 0.381334 0.381281 0.381279 0.381271 0.381283 0.381265 0.381269 0.381273 0.381328 0.381355 0.381375 0.381387 0.381435 0.000000 0.000000
0.000000 0.000000 0.387429 0.387415 0.387408 0.387375 0.387345 0.387213 0.387211 0.387202 0.387169 0.387186 0.387194 0.387207 0.387308 0.387336 0.387386 0.387393 0.387419 0.000000 0.000000
0.000000 0.000000 0.394361 0.394356 0.394330 0.394306 0.394148 0.394149 0.394115 0.394115 0.394120 0.394113 0.394110 0.394104 0.394098 0.394263 0.394294 0.394338 0.394372 0.000000 0.000000
0.000000 0.000000 0.402436 0.402423 0.402389 0.402196 0.402195 0.402101 0.402051 0.402040 0.402008 0.401984 0.402005 0.402000 0.402093 0.402107 0.402365 0.402332 0.402341 0.000000 0.000000
0.000000 0.000000 0.411310 0.411297 0.411019 0.411068 0.411051 0.411014 0.411109 0.411074 0.411123 0.411099 0.411057 0.411126 0.411144 0.411158 0.410995 0.411384 0.411379 0.000000 0.000000
0.000000 0.000000 0.422362 0.421921 0.421963 0.421812 0.421591 0.421525 0.421424 0.421446 0.421324 0.421331 0.421398 0.421338 0.421448 0.421611 0.421947 0.421781 0.422237 0.000000 0.000000
0.000000 0.000000 0.427483 0.427844 0.428253 0.428232 0.428219 0.427836 0.427879 0.427773 0.427929 0.427894 0.427880 0.427930 0.428259 0.428267 0.428328 0.427982 0.427634 0.000000 0.000000
0.000000 0.000000 0.350000 0.350000 0.350000 0.350000 0.350000 0.350000 0.350000 0.350000 0.350000 0.350000 0.350000 0.350000 0.350000 0.350000 0.350000 0.350000 0.350000 0.000000 0.000000
0.000000 0.000000 0.000000 0.000000 0.000000 0.000000 0.000000 0.000000 0.000000 0.000000 0.000000 0.000000 0.000000 0.000000 0.000000 0.000000 0.000000 0.000000 0.000000 0.000000 0.000000