geotop/1.0zi/1.0Montebello/Templates/testdem/maps/_Eocclay6583.asc
ncols         21
nrows         20
xllcorner     100.000000
yllcorner     100.000000
cellsize      50.000000
NODATA_value  -9999.0
0.000000 0.000000 0.000000 0.000000 0.000000 0.000000 0.000000 0.000000 0.000000 0.000000 0.000000 0.000000 0.000000 0.000000 0.000000 0.000000 0.000000 0.000000 0.000000 0.000000 0.000000
0.000000 0.000000 0.349707 0.349709 0.349709 0.349708 0.349709 0.349709 0.349709 0.349709 0.349707 0.349709 0.349709 0.349709 0.349709 0.349709 0.349707 0.349707 0.349708 0.000000 0.000000
0.000000 0.000000 0.349988 0.349988 0.349988 0.349989 0.349987 0.349987 0.349988 0.349987 0.349987 0.349987 0.349988 0.349987 0.349988 0.349988 0.349989 0.349989 0.349986 0.000000 0.000000
0.000000 0.000000 0.349983 0.349987 0.349984 0.349984 0.349986 0.349986 0.349987 0.349984 0.349989 0.349986 0.349986 0.349986 0.349986 0.349988 0.349986 0.349988 0.349987 0.000000 0.000000
0.000000 0.000000 0.350589 0.350589 0.350587 0.350585 0.350572 0.350570 0.350570 0.350572 0.350569 0.350569 0.350565 0.350567 0.350573 0.350573 0.350579 0.350580 0.350586 0.000000 0.000000
0.000000 0.000000 0.352464 0.352464 0.352456 0.352432 0.352424 0.352404 0.352405 0.352400 0.352403 0.352402 0.352406 0.352406 0.352410 0.352425 0.352437 0.352449 0.352455 0.000000 0.000000
0.000000 0.000000 0.355264 0.355262 0.355257 0.355238 0.355214 0.355184 0.355184 0.355179 0.355180 0.355181 0.355182 0.355181 0.355203 0.355227 0.355240 0.355250 0.355258 0.000000 0.000000
0.000000 0.000000 0.358628 0.358628 0.358623 0.358599 0.358576 0.358545 0.358544 0.358541 0.358540 0.358538 0.358537 0.358543 0.358566 0.358587 0.358607 0.358615 0.358626 0.000000 0.000000
0.000000 0.000000 0.362109 0.362105 0.362095 0.362081 0.362058 0.362026 0.362028 0.362021 0.362018 0.362017 0.362018 0.362016 0.362045 0.362072 0.362087 0.362094 0.362103 0.000000 0.000000
0.000000 0.000000 0.365682 0.365676 0.365672 0.365659 0.365625 0.365596 0.365597 0.365593 0.365588 0.365590 0.365596 0.365592 0.365616 0.365646 0.365665 0.365670 0.365677 0.000000 0.000000
0.000000 0.000000 0.369441 0.369437 0.369433 0.369407 0.369384 0.369351 0.369358 0.369340 0.369341 0.369341 0.369336 0.369346 0.369365 0.369384 0.369407 0.369418 0.369434 0.000000 0.000000
0.000000 0.000000 0.373447 0.373438 0.373427 0.373408 0.373385 0.373346 0.373345 0.373337 0.373346 0.373333 0.373336 0.373339 0.373374 0.373394 0.373411 0.373418 0.373456 0.000000 0.000000
0.000000 0.000000 0.377628 0.377618 0.377613 0.377591 0.377570 0.377483 0.377482 0.377475 0.377454 0.377463 0.377470 0.377477 0.377541 0.377561 0.377595 0.377599 0.377625 0.000000 0.000000
0.000000 0.000000 0.382261 0.382257 0.382243 0.382225 0.382133 0.382117 0.382097 0.382096 0.382092 0.382091 0.382091 0.382088 0.382091 0.382190 0.382216 0.382242 0.382269 0.000000 0.000000
0.000000 0.000000 0.387470 0.387464 0.387443 0.387339 0.387315 0.387265 0.387230 0.387225 0.387206 0.387192 0.387205 0.387198 0.387241 0.387276 0.387420 0.387407 0.387422 0.000000 0.000000
0.000000 0.000000 0.393076 0.393069 0.392929 0.392919 0.392911 0.392881 0.392917 0.392899 0.392915 0.392897 0.392882 0.392912 0.392927 0.392939 0.392909 0.393091 0.393093 0.000000 0.000000
0.000000 0.000000 0.399711 0.399511 0.399472 0.399411 0.399311 0.399274 0.399248 0.399250 0.399201 0.399197 0.399222 0.399206 0.399253 0.399330 0.399456 0.399460 0.399666 0.000000 0.000000
0.000000 0.000000 0.404099 0.404161 0.404349 0.404309 0.404258 0.404076 0.404076 0.404033 0.404074 0.404059 0.404068 0.404076 0.404240 0.404280 0.404376 0.404192 0.404142 0.000000 0.000000
0.000000 0.000000 0.350000 0.350000 0.350000 0.350000 0.350000 0.350000 0.350000 0.350000 0.350000 0.350000 0.350000 0.350000 0.350000 0.350000 0.350000 0.350000 0.350000 0.000000 0.000000
0.000000 0.000000 0.000000 0.000000 0.000000 0.000000 0.000000 0.000000 0.000000 0.000000 0.000000 0.000000 0.000000 0.000000 0.000000 0.000000 0.000000 0.000000 0.000000 0.000000 0.000000