geotop/1.0zi/1.0Montebello/Templates/testdem/maps/_Eocclay7220.asc
ncols         21
nrows         20
xllcorner     100.000000
yllcorner     100.000000
cellsize      50.000000
NODATA_value  -9999.0
0.000000 0.000000 0.000000 0.000000 0.000000 0.000000 0.000000 0.000000 0.000000 0.000000 0.000000 0.000000 0.000000 0.000000 0.000000 0.000000 0.000000 0.000000 0.000000 0.000000 0.000000
0.000000 0.000000 0.349673 0.349675 0.349675 0.349674 0.349675 0.349675 0.349675 0.349675 0.349674 0.349675 0.349675 0.349675 0.349675 0.349675 0.349673 0.349673 0.349674 0.000000 0.000000
0.000000 0.000000 0.349986 0.349986 0.349987 0.349988 0.349986 0.349986 0.349986 0.349986 0.349986 0.349986 0.349986 0.349985 0.349987 0.349987 0.349988 0.349987 0.349985 0.000000 0.000000
0.000000 0.000000 0.349979 0.349984 0.349981 0.349981 0.349982 0.349982 0.349984 0.349980 0.349984 0.349982 0.349982 0.349981 0.349982 0.349984 0.349981 0.349984 0.349983 0.000000 0.000000
0.000000 0.000000 0.350760 0.350758 0.350754 0.350750 0.350736 0.350734 0.350733 0.350735 0.350733 0.350733 0.350729 0.350733 0.350740 0.350741 0.350747 0.350749 0.350756 0.000000 0.000000
0.000000 0.000000 0.353083 0.353081 0.353071 0.353046 0.353034 0.353012 0.353014 0.353007 0.353011 0.353010 0.353012 0.353014 0.353022 0.353040 0.353052 0.353065 0.353072 0.000000 0.000000
0.000000 0.000000 0.356340 0.356336 0.356329 0.356308 0.356280 0.356246 0.356246 0.356241 0.356242 0.356243 0.356243 0.356244 0.356272 0.356298 0.356312 0.356323 0.356332 0.000000 0.000000
0.000000 0.000000 0.360230 0.360228 0.360221 0.360195 0.360169 0.360132 0.360133 0.360129 0.360128 0.360126 0.360124 0.360131 0.360161 0.360184 0.360206 0.360214 0.360226 0.000000 0.000000
0.000000 0.000000 0.364286 0.364280 0.364268 0.364253 0.364225 0.364188 0.364191 0.364182 0.364180 0.364178 0.364178 0.364178 0.364213 0.364243 0.364260 0.364267 0.364278 0.000000 0.000000
0.000000 0.000000 0.368504 0.368495 0.368489 0.368475 0.368434 0.368401 0.368402 0.368397 0.368392 0.368395 0.368400 0.368397 0.368427 0.368461 0.368481 0.368487 0.368496 0.000000 0.000000
0.000000 0.000000 0.373003 0.372997 0.372990 0.372959 0.372932 0.372892 0.372901 0.372880 0.372882 0.372881 0.372874 0.372888 0.372914 0.372935 0.372960 0.372973 0.372992 0.000000 0.000000
0.000000 0.000000 0.377870 0.377858 0.377843 0.377821 0.377792 0.377744 0.377744 0.377736 0.377747 0.377731 0.377734 0.377738 0.377785 0.377809 0.377825 0.377835 0.377879 0.000000 0.000000
0.000000 0.000000 0.383025 0.383012 0.383005 0.382978 0.382952 0.382840 0.382839 0.382831 0.382804 0.382817 0.382824 0.382835 0.382919 0.382944 0.382985 0.382989 0.383017 0.000000 0.000000
0.000000 0.000000 0.388867 0.388861 0.388839 0.388819 0.388692 0.388682 0.388656 0.388655 0.388656 0.388652 0.388650 0.388646 0.388647 0.388779 0.388807 0.388842 0.388874 0.000000 0.000000
0.000000 0.000000 0.395568 0.395558 0.395528 0.395381 0.395365 0.395292 0.395251 0.395242 0.395218 0.395199 0.395215 0.395209 0.395278 0.395305 0.395503 0.395481 0.395495 0.000000 0.000000
0.000000 0.000000 0.402878 0.402866 0.402658 0.402674 0.402662 0.402622 0.402688 0.402661 0.402693 0.402671 0.402642 0.402693 0.402714 0.402727 0.402634 0.402915 0.402916 0.000000 0.000000
0.000000 0.000000 0.411811 0.411491 0.411481 0.411380 0.411219 0.411166 0.411109 0.411119 0.411038 0.411038 0.411080 0.411047 0.411126 0.411245 0.411464 0.411398 0.411727 0.000000 0.000000
0.000000 0.000000 0.416819 0.417013 0.417314 0.417278 0.417236 0.416948 0.416966 0.416892 0.416987 0.416962 0.416961 0.416988 0.417242 0.417272 0.417364 0.417088 0.416907 0.000000 0.000000
0.000000 0.000000 0.350000 0.350000 0.350000 0.350000 0.350000 0.350000 0.350000 0.350000 0.350000 0.350000 0.350000 0.350000 0.350000 0.350000 0.350000 0.350000 0.350000 0.000000 0.000000
0.000000 0.000000 0.000000 0.000000 0.000000 0.000000 0.000000 0.000000 0.000000 0.000000 0.000000 0.000000 0.000000 0.000000 0.000000 0.000000 0.000000 0.000000 0.000000 0.000000 0.000000