geotop/1.0zi/1.0Montebello/Templates/testdem/maps/_Eocsand9983.asc
ncols         21
nrows         20
xllcorner     100.000000
yllcorner     100.000000
cellsize      50.000000
NODATA_value  -9999.0
0.000000 0.000000 0.000000 0.000000 0.000000 0.000000 0.000000 0.000000 0.000000 0.000000 0.000000 0.000000 0.000000 0.000000 0.000000 0.000000 0.000000 0.000000 0.000000 0.000000 0.000000
0.000000 0.000000 0.300246 0.300244 0.300244 0.300245 0.300244 0.300243 0.300244 0.300244 0.300245 0.300244 0.300244 0.300244 0.300244 0.300244 0.300245 0.300244 0.300244 0.000000 0.000000
0.000000 0.000000 0.300011 0.300013 0.300012 0.300011 0.300012 0.300013 0.300012 0.300012 0.300012 0.300012 0.300011 0.300012 0.300012 0.300012 0.300013 0.300013 0.300013 0.000000 0.000000
0.000000 0.000000 0.299806 0.299803 0.299814 0.299822 0.299821 0.299827 0.299820 0.299821 0.299821 0.299819 0.299817 0.299819 0.299814 0.299808 0.299804 0.299802 0.299803 0.000000 0.000000
0.000000 0.000000 0.296933 0.296932 0.296951 0.296987 0.297016 0.297025 0.297026 0.297026 0.297030 0.297023 0.297017 0.297018 0.296993 0.296979 0.296964 0.296954 0.296942 0.000000 0.000000
0.000000 0.000000 0.289093 0.289104 0.289145 0.289217 0.289283 0.289343 0.289339 0.289348 0.289352 0.289351 0.289339 0.289345 0.289308 0.289252 0.289225 0.289202 0.289191 0.000000 0.000000
0.000000 0.000000 0.278278 0.278301 0.278336 0.278419 0.278502 0.278618 0.278615 0.278622 0.278636 0.278635 0.278636 0.278633 0.278537 0.278469 0.278427 0.278397 0.278383 0.000000 0.000000
0.000000 0.000000 0.265427 0.265454 0.265490 0.265588 0.265682 0.265786 0.265784 0.265795 0.265810 0.265816 0.265819 0.265802 0.265714 0.265638 0.265569 0.265554 0.265526 0.000000 0.000000
0.000000 0.000000 0.251244 0.251283 0.251337 0.251417 0.251523 0.251649 0.251637 0.251658 0.251680 0.251684 0.251678 0.251685 0.251559 0.251468 0.251414 0.251391 0.251367 0.000000 0.000000
0.000000 0.000000 0.235481 0.235536 0.235580 0.235666 0.235784 0.235916 0.235914 0.235928 0.235961 0.235949 0.235934 0.235941 0.235839 0.235719 0.235656 0.235631 0.235621 0.000000 0.000000
0.000000 0.000000 0.217418 0.217464 0.217507 0.217692 0.217747 0.217926 0.217888 0.217971 0.217972 0.217985 0.218013 0.217966 0.217850 0.217776 0.217686 0.217654 0.217578 0.000000 0.000000
0.000000 0.000000 0.196170 0.196266 0.196379 0.196471 0.196568 0.196795 0.196801 0.196803 0.196787 0.196865 0.196826 0.196842 0.196632 0.196514 0.196467 0.196437 0.196284 0.000000 0.000000
0.000000 0.000000 0.172094 0.172183 0.172211 0.172393 0.172513 0.173121 0.173133 0.173165 0.173393 0.173257 0.173247 0.173194 0.172738 0.172639 0.172414 0.172403 0.172374 0.000000 0.000000
0.000000 0.000000 0.142295 0.142334 0.142540 0.142668 0.143526 0.143196 0.143380 0.143371 0.143252 0.143382 0.143398 0.143498 0.143789 0.142853 0.142830 0.142610 0.142484 0.000000 0.000000
0.000000 0.000000 0.109559 0.109661 0.109812 0.110881 0.110388 0.111068 0.111204 0.111268 0.111530 0.111595 0.111482 0.111465 0.110866 0.111339 0.109965 0.110298 0.110358 0.000000 0.000000
0.000000 0.000000 0.082523 0.082575 0.083578 0.083056 0.083249 0.083200 0.082759 0.082872 0.082642 0.082679 0.082870 0.082636 0.082778 0.082599 0.083742 0.082209 0.082234 0.000000 0.000000
0.000000 0.000000 0.061180 0.061798 0.061728 0.061945 0.062286 0.062358 0.062509 0.062474 0.062660 0.062639 0.062540 0.062639 0.062509 0.062248 0.061798 0.062057 0.061420 0.000000 0.000000
0.000000 0.000000 0.050799 0.050888 0.050543 0.050700 0.050876 0.051174 0.051229 0.051278 0.051271 0.051282 0.051239 0.051263 0.050976 0.050842 0.050549 0.050971 0.050877 0.000000 0.000000
0.000000 0.000000 0.300000 0.300000 0.300000 0.300000 0.300000 0.300000 0.300000 0.300000 0.300000 0.300000 0.300000 0.300000 0.300000 0.300000 0.300000 0.300000 0.300000 0.000000 0.000000
0.000000 0.000000 0.000000 0.000000 0.000000 0.000000 0.000000 0.000000 0.000000 0.000000 0.000000 0.000000 0.000000 0.000000 0.000000 0.000000 0.000000 0.000000 0.000000 0.000000 0.000000