geotop/1.0zi/1.0Montebello/Templates/testdem/maps/_Eocclay0752.asc
ncols         21
nrows         20
xllcorner     100.000000
yllcorner     100.000000
cellsize      50.000000
NODATA_value  -9999.0
0.000000 0.000000 0.000000 0.000000 0.000000 0.000000 0.000000 0.000000 0.000000 0.000000 0.000000 0.000000 0.000000 0.000000 0.000000 0.000000 0.000000 0.000000 0.000000 0.000000 0.000000
0.000000 0.000000 0.349958 0.349958 0.349958 0.349958 0.349958 0.349958 0.349958 0.349958 0.349958 0.349958 0.349958 0.349958 0.349958 0.349958 0.349958 0.349958 0.349958 0.000000 0.000000
0.000000 0.000000 0.349995 0.349995 0.349995 0.349995 0.349995 0.349995 0.349995 0.349995 0.349995 0.349995 0.349995 0.349995 0.349995 0.349995 0.349995 0.349995 0.349995 0.000000 0.000000
0.000000 0.000000 0.350321 0.350321 0.350319 0.350320 0.350321 0.350321 0.350321 0.350321 0.350321 0.350321 0.350321 0.350321 0.350321 0.350320 0.350319 0.350321 0.350321 0.000000 0.000000
0.000000 0.000000 0.351508 0.351507 0.351505 0.351505 0.351508 0.351508 0.351508 0.351508 0.351508 0.351508 0.351508 0.351508 0.351508 0.351505 0.351505 0.351507 0.351508 0.000000 0.000000
0.000000 0.000000 0.352773 0.352772 0.352770 0.352770 0.352773 0.352773 0.352772 0.352773 0.352773 0.352773 0.352772 0.352773 0.352773 0.352770 0.352770 0.352772 0.352773 0.000000 0.000000
0.000000 0.000000 0.353976 0.353976 0.353974 0.353974 0.353977 0.353976 0.353976 0.353977 0.353976 0.353977 0.353976 0.353976 0.353977 0.353974 0.353974 0.353976 0.353976 0.000000 0.000000
0.000000 0.000000 0.355094 0.355093 0.355092 0.355092 0.355094 0.355094 0.355094 0.355094 0.355094 0.355094 0.355094 0.355094 0.355094 0.355092 0.355092 0.355093 0.355094 0.000000 0.000000
0.000000 0.000000 0.356148 0.356147 0.356146 0.356146 0.356148 0.356148 0.356148 0.356148 0.356148 0.356148 0.356148 0.356148 0.356148 0.356146 0.356146 0.356147 0.356148 0.000000 0.000000
0.000000 0.000000 0.357162 0.357162 0.357161 0.357161 0.357162 0.357162 0.357162 0.357162 0.357162 0.357162 0.357162 0.357162 0.357162 0.357161 0.357161 0.357162 0.357162 0.000000 0.000000
0.000000 0.000000 0.358147 0.358147 0.358145 0.358146 0.358147 0.358147 0.358147 0.358147 0.358147 0.358147 0.358147 0.358147 0.358147 0.358146 0.358145 0.358147 0.358147 0.000000 0.000000
0.000000 0.000000 0.359112 0.359111 0.359110 0.359110 0.359112 0.359112 0.359112 0.359112 0.359112 0.359112 0.359112 0.359112 0.359112 0.359110 0.359110 0.359111 0.359112 0.000000 0.000000
0.000000 0.000000 0.360060 0.360059 0.360058 0.360058 0.360060 0.360060 0.360060 0.360060 0.360060 0.360060 0.360060 0.360060 0.360060 0.360058 0.360058 0.360059 0.360060 0.000000 0.000000
0.000000 0.000000 0.360994 0.360993 0.360992 0.360992 0.360994 0.360994 0.360994 0.360994 0.360994 0.360994 0.360994 0.360994 0.360994 0.360992 0.360992 0.360993 0.360994 0.000000 0.000000
0.000000 0.000000 0.361919 0.361918 0.361917 0.361917 0.361919 0.361919 0.361919 0.361919 0.361919 0.361919 0.361919 0.361919 0.361919 0.361917 0.361917 0.361918 0.361919 0.000000 0.000000
0.000000 0.000000 0.362838 0.362838 0.362836 0.362837 0.362838 0.362838 0.362838 0.362838 0.362838 0.362838 0.362838 0.362838 0.362838 0.362837 0.362836 0.362838 0.362838 0.000000 0.000000
0.000000 0.000000 0.363749 0.363748 0.363747 0.363747 0.363749 0.363749 0.363748 0.363749 0.363749 0.363749 0.363748 0.363749 0.363749 0.363747 0.363747 0.363748 0.363749 0.000000 0.000000
0.000000 0.000000 0.364674 0.364673 0.364672 0.364672 0.364674 0.364674 0.364674 0.364674 0.364674 0.364674 0.364674 0.364674 0.364674 0.364672 0.364672 0.364673 0.364674 0.000000 0.000000
0.000000 0.000000 0.350000 0.350000 0.350000 0.350000 0.350000 0.350000 0.350000 0.350000 0.350000 0.350000 0.350000 0.350000 0.350000 0.350000 0.350000 0.350000 0.350000 0.000000 0.000000
0.000000 0.000000 0.000000 0.000000 0.000000 0.000000 0.000000 0.000000 0.000000 0.000000 0.000000 0.000000 0.000000 0.000000 0.000000 0.000000 0.000000 0.000000 0.000000 0.000000 0.000000