geotop/1.0zi/1.0Montebello/Templates/testdem/maps/_Eocsand1307.asc
ncols         21
nrows         20
xllcorner     100.000000
yllcorner     100.000000
cellsize      50.000000
NODATA_value  -9999.0
0.000000 0.000000 0.000000 0.000000 0.000000 0.000000 0.000000 0.000000 0.000000 0.000000 0.000000 0.000000 0.000000 0.000000 0.000000 0.000000 0.000000 0.000000 0.000000 0.000000 0.000000
0.000000 0.000000 0.300041 0.300041 0.300041 0.300041 0.300041 0.300041 0.300041 0.300041 0.300041 0.300041 0.300041 0.300041 0.300041 0.300041 0.300041 0.300041 0.300041 0.000000 0.000000
0.000000 0.000000 0.300007 0.300007 0.300007 0.300006 0.300007 0.300007 0.300007 0.300007 0.300007 0.300007 0.300007 0.300007 0.300007 0.300006 0.300007 0.300007 0.300007 0.000000 0.000000
0.000000 0.000000 0.298882 0.298883 0.298888 0.298885 0.298882 0.298882 0.298882 0.298882 0.298882 0.298882 0.298882 0.298882 0.298882 0.298885 0.298888 0.298883 0.298882 0.000000 0.000000
0.000000 0.000000 0.295067 0.295069 0.295074 0.295073 0.295066 0.295068 0.295068 0.295066 0.295067 0.295066 0.295068 0.295068 0.295066 0.295073 0.295074 0.295069 0.295067 0.000000 0.000000
0.000000 0.000000 0.290629 0.290630 0.290634 0.290633 0.290628 0.290629 0.290629 0.290628 0.290628 0.290628 0.290629 0.290629 0.290628 0.290633 0.290634 0.290630 0.290629 0.000000 0.000000
0.000000 0.000000 0.286475 0.286476 0.286479 0.286479 0.286474 0.286475 0.286476 0.286475 0.286475 0.286475 0.286476 0.286475 0.286474 0.286479 0.286479 0.286476 0.286475 0.000000 0.000000
0.000000 0.000000 0.282655 0.282655 0.282659 0.282658 0.282654 0.282655 0.282655 0.282654 0.282654 0.282654 0.282655 0.282655 0.282654 0.282658 0.282659 0.282655 0.282655 0.000000 0.000000
0.000000 0.000000 0.279074 0.279075 0.279078 0.279077 0.279074 0.279075 0.279075 0.279074 0.279074 0.279074 0.279075 0.279075 0.279074 0.279077 0.279078 0.279075 0.279074 0.000000 0.000000
0.000000 0.000000 0.275641 0.275641 0.275644 0.275643 0.275640 0.275641 0.275641 0.275641 0.275641 0.275641 0.275641 0.275641 0.275640 0.275643 0.275644 0.275641 0.275641 0.000000 0.000000
0.000000 0.000000 0.272319 0.272319 0.272322 0.272321 0.272318 0.272319 0.272319 0.272318 0.272318 0.272318 0.272319 0.272319 0.272318 0.272321 0.272322 0.272319 0.272319 0.000000 0.000000
0.000000 0.000000 0.269073 0.269073 0.269076 0.269075 0.269072 0.269073 0.269073 0.269072 0.269072 0.269072 0.269073 0.269073 0.269072 0.269075 0.269076 0.269073 0.269073 0.000000 0.000000
0.000000 0.000000 0.265880 0.265880 0.265883 0.265882 0.265879 0.265880 0.265880 0.265880 0.265880 0.265880 0.265880 0.265880 0.265879 0.265882 0.265883 0.265880 0.265880 0.000000 0.000000
0.000000 0.000000 0.262741 0.262742 0.262744 0.262743 0.262741 0.262741 0.262741 0.262741 0.262741 0.262741 0.262741 0.262741 0.262741 0.262743 0.262744 0.262742 0.262741 0.000000 0.000000
0.000000 0.000000 0.259641 0.259642 0.259644 0.259643 0.259641 0.259641 0.259641 0.259641 0.259641 0.259641 0.259641 0.259641 0.259641 0.259643 0.259644 0.259642 0.259641 0.000000 0.000000
0.000000 0.000000 0.256570 0.256570 0.256573 0.256572 0.256569 0.256570 0.256570 0.256569 0.256569 0.256569 0.256570 0.256570 0.256569 0.256572 0.256573 0.256570 0.256570 0.000000 0.000000
0.000000 0.000000 0.253530 0.253530 0.253533 0.253532 0.253529 0.253530 0.253530 0.253529 0.253529 0.253529 0.253530 0.253530 0.253529 0.253532 0.253533 0.253530 0.253530 0.000000 0.000000
0.000000 0.000000 0.250441 0.250441 0.250444 0.250443 0.250440 0.250441 0.250441 0.250440 0.250440 0.250440 0.250441 0.250441 0.250440 0.250443 0.250444 0.250441 0.250440 0.000000 0.000000
0.000000 0.000000 0.300000 0.300000 0.300000 0.300000 0.300000 0.300000 0.300000 0.300000 0.300000 0.300000 0.300000 0.300000 0.300000 0.300000 0.300000 0.300000 0.300000 0.000000 0.000000
0.000000 0.000000 0.000000 0.000000 0.000000 0.000000 0.000000 0.000000 0.000000 0.000000 0.000000 0.000000 0.000000 0.000000 0.000000 0.000000 0.000000 0.000000 0.000000 0.000000 0.000000