geotop/1.0zi/1.0Montebello/Templates/testdem/maps/_Eocsand4832.asc
ncols         21
nrows         20
xllcorner     100.000000
yllcorner     100.000000
cellsize      50.000000
NODATA_value  -9999.0
0.000000 0.000000 0.000000 0.000000 0.000000 0.000000 0.000000 0.000000 0.000000 0.000000 0.000000 0.000000 0.000000 0.000000 0.000000 0.000000 0.000000 0.000000 0.000000 0.000000 0.000000
0.000000 0.000000 0.300119 0.300119 0.300118 0.300118 0.300118 0.300118 0.300118 0.300118 0.300118 0.300118 0.300118 0.300118 0.300118 0.300118 0.300119 0.300119 0.300119 0.000000 0.000000
0.000000 0.000000 0.300006 0.300005 0.300005 0.300005 0.300005 0.300005 0.300005 0.300005 0.300005 0.300005 0.300005 0.300004 0.300005 0.300005 0.300007 0.300007 0.300006 0.000000 0.000000
0.000000 0.000000 0.299974 0.299973 0.299975 0.299979 0.299976 0.299979 0.299976 0.299977 0.299977 0.299978 0.299978 0.299980 0.299976 0.299972 0.299974 0.299971 0.299973 0.000000 0.000000
0.000000 0.000000 0.299219 0.299216 0.299217 0.299227 0.299238 0.299244 0.299244 0.299246 0.299250 0.299246 0.299249 0.299247 0.299238 0.299238 0.299233 0.299224 0.299217 0.000000 0.000000
0.000000 0.000000 0.296663 0.296657 0.296667 0.296694 0.296705 0.296734 0.296737 0.296746 0.296738 0.296737 0.296729 0.296729 0.296722 0.296707 0.296696 0.296685 0.296676 0.000000 0.000000
0.000000 0.000000 0.292799 0.292803 0.292813 0.292842 0.292875 0.292914 0.292913 0.292919 0.292914 0.292916 0.292916 0.292910 0.292882 0.292850 0.292835 0.292821 0.292808 0.000000 0.000000
0.000000 0.000000 0.288248 0.288253 0.288257 0.288287 0.288322 0.288362 0.288360 0.288366 0.288366 0.288366 0.288369 0.288366 0.288328 0.288293 0.288275 0.288266 0.288254 0.000000 0.000000
0.000000 0.000000 0.283598 0.283607 0.283618 0.283641 0.283674 0.283719 0.283716 0.283724 0.283724 0.283723 0.283725 0.283721 0.283685 0.283646 0.283631 0.283621 0.283604 0.000000 0.000000
0.000000 0.000000 0.278949 0.278958 0.278965 0.278989 0.279029 0.279069 0.279064 0.279070 0.279070 0.279069 0.279073 0.279073 0.279032 0.278994 0.278979 0.278969 0.278956 0.000000 0.000000
0.000000 0.000000 0.274219 0.274229 0.274236 0.274255 0.274286 0.274335 0.274330 0.274340 0.274341 0.274338 0.274342 0.274341 0.274305 0.274276 0.274256 0.274246 0.274230 0.000000 0.000000
0.000000 0.000000 0.269312 0.269319 0.269332 0.269360 0.269392 0.269440 0.269440 0.269446 0.269446 0.269448 0.269449 0.269449 0.269404 0.269369 0.269350 0.269342 0.269292 0.000000 0.000000
0.000000 0.000000 0.264320 0.264330 0.264342 0.264364 0.264403 0.264503 0.264502 0.264510 0.264512 0.264511 0.264516 0.264512 0.264424 0.264383 0.264364 0.264354 0.264325 0.000000 0.000000
0.000000 0.000000 0.259006 0.259024 0.259032 0.259055 0.259162 0.259188 0.259203 0.259210 0.259209 0.259209 0.259215 0.259213 0.259184 0.259081 0.259060 0.259039 0.259021 0.000000 0.000000
0.000000 0.000000 0.253249 0.253263 0.253292 0.253386 0.253436 0.253500 0.253531 0.253541 0.253556 0.253557 0.253552 0.253560 0.253510 0.253441 0.253326 0.253330 0.253315 0.000000 0.000000
0.000000 0.000000 0.247278 0.247292 0.247408 0.247426 0.247458 0.247490 0.247491 0.247493 0.247487 0.247489 0.247504 0.247480 0.247464 0.247437 0.247440 0.247312 0.247283 0.000000 0.000000
0.000000 0.000000 0.240588 0.240744 0.240834 0.240879 0.240962 0.241004 0.241013 0.241019 0.241037 0.241036 0.241032 0.241043 0.241010 0.240919 0.240859 0.240804 0.240650 0.000000 0.000000
0.000000 0.000000 0.235447 0.235472 0.235368 0.235424 0.235491 0.235644 0.235657 0.235671 0.235664 0.235666 0.235674 0.235660 0.235521 0.235449 0.235366 0.235499 0.235448 0.000000 0.000000
0.000000 0.000000 0.300000 0.300000 0.300000 0.300000 0.300000 0.300000 0.300000 0.300000 0.300000 0.300000 0.300000 0.300000 0.300000 0.300000 0.300000 0.300000 0.300000 0.000000 0.000000
0.000000 0.000000 0.000000 0.000000 0.000000 0.000000 0.000000 0.000000 0.000000 0.000000 0.000000 0.000000 0.000000 0.000000 0.000000 0.000000 0.000000 0.000000 0.000000 0.000000 0.000000