geotop/1.0zi/1.0Montebello/Templates/testdem/maps/_Eocsand4732.asc
ncols         21
nrows         20
xllcorner     100.000000
yllcorner     100.000000
cellsize      50.000000
NODATA_value  -9999.0
0.000000 0.000000 0.000000 0.000000 0.000000 0.000000 0.000000 0.000000 0.000000 0.000000 0.000000 0.000000 0.000000 0.000000 0.000000 0.000000 0.000000 0.000000 0.000000 0.000000 0.000000
0.000000 0.000000 0.300117 0.300116 0.300116 0.300116 0.300116 0.300116 0.300116 0.300116 0.300116 0.300116 0.300116 0.300116 0.300116 0.300116 0.300116 0.300116 0.300117 0.000000 0.000000
0.000000 0.000000 0.300006 0.300005 0.300005 0.300005 0.300005 0.300005 0.300005 0.300005 0.300005 0.300005 0.300005 0.300004 0.300005 0.300005 0.300007 0.300007 0.300006 0.000000 0.000000
0.000000 0.000000 0.299974 0.299973 0.299975 0.299979 0.299976 0.299979 0.299977 0.299977 0.299977 0.299978 0.299978 0.299980 0.299976 0.299972 0.299973 0.299971 0.299973 0.000000 0.000000
0.000000 0.000000 0.299276 0.299274 0.299275 0.299285 0.299296 0.299301 0.299302 0.299306 0.299308 0.299303 0.299306 0.299304 0.299295 0.299294 0.299289 0.299280 0.299274 0.000000 0.000000
0.000000 0.000000 0.296862 0.296856 0.296866 0.296893 0.296904 0.296932 0.296936 0.296946 0.296936 0.296933 0.296926 0.296926 0.296919 0.296904 0.296892 0.296883 0.296874 0.000000 0.000000
0.000000 0.000000 0.293159 0.293163 0.293172 0.293201 0.293234 0.293273 0.293272 0.293279 0.293272 0.293273 0.293273 0.293268 0.293240 0.293208 0.293193 0.293180 0.293167 0.000000 0.000000
0.000000 0.000000 0.288778 0.288783 0.288786 0.288816 0.288851 0.288890 0.288888 0.288896 0.288894 0.288893 0.288896 0.288893 0.288856 0.288821 0.288802 0.288795 0.288782 0.000000 0.000000
0.000000 0.000000 0.284307 0.284315 0.284326 0.284349 0.284381 0.284426 0.284423 0.284432 0.284430 0.284428 0.284431 0.284427 0.284392 0.284353 0.284338 0.284328 0.284312 0.000000 0.000000
0.000000 0.000000 0.279847 0.279855 0.279862 0.279886 0.279924 0.279964 0.279958 0.279965 0.279964 0.279962 0.279967 0.279967 0.279927 0.279889 0.279874 0.279866 0.279853 0.000000 0.000000
0.000000 0.000000 0.275319 0.275329 0.275335 0.275353 0.275383 0.275431 0.275426 0.275437 0.275436 0.275433 0.275437 0.275436 0.275402 0.275373 0.275353 0.275344 0.275328 0.000000 0.000000
0.000000 0.000000 0.270630 0.270637 0.270649 0.270676 0.270707 0.270753 0.270754 0.270761 0.270759 0.270760 0.270762 0.270762 0.270718 0.270684 0.270666 0.270658 0.270609 0.000000 0.000000
0.000000 0.000000 0.265871 0.265880 0.265891 0.265912 0.265949 0.266045 0.266045 0.266054 0.266054 0.266051 0.266057 0.266054 0.265970 0.265930 0.265911 0.265902 0.265873 0.000000 0.000000
0.000000 0.000000 0.260818 0.260835 0.260842 0.260864 0.260965 0.260991 0.261006 0.261013 0.261011 0.261010 0.261016 0.261015 0.260987 0.260888 0.260868 0.260847 0.260830 0.000000 0.000000
0.000000 0.000000 0.255356 0.255369 0.255396 0.255484 0.255532 0.255594 0.255624 0.255634 0.255647 0.255647 0.255644 0.255652 0.255604 0.255536 0.255427 0.255431 0.255416 0.000000 0.000000
0.000000 0.000000 0.249699 0.249713 0.249820 0.249839 0.249871 0.249902 0.249905 0.249908 0.249901 0.249902 0.249917 0.249896 0.249880 0.249851 0.249849 0.249731 0.249703 0.000000 0.000000
0.000000 0.000000 0.243386 0.243530 0.243617 0.243659 0.243734 0.243774 0.243783 0.243790 0.243805 0.243802 0.243801 0.243812 0.243781 0.243696 0.243640 0.243584 0.243441 0.000000 0.000000
0.000000 0.000000 0.238491 0.238519 0.238427 0.238480 0.238544 0.238686 0.238699 0.238714 0.238706 0.238706 0.238715 0.238704 0.238576 0.238504 0.238424 0.238546 0.238491 0.000000 0.000000
0.000000 0.000000 0.300000 0.300000 0.300000 0.300000 0.300000 0.300000 0.300000 0.300000 0.300000 0.300000 0.300000 0.300000 0.300000 0.300000 0.300000 0.300000 0.300000 0.000000 0.000000
0.000000 0.000000 0.000000 0.000000 0.000000 0.000000 0.000000 0.000000 0.000000 0.000000 0.000000 0.000000 0.000000 0.000000 0.000000 0.000000 0.000000 0.000000 0.000000 0.000000 0.000000