geotop/1.0zi/1.0Montebello/Templates/testdem/maps/_Eocsilt8498.asc
ncols         21
nrows         20
xllcorner     100.000000
yllcorner     100.000000
cellsize      50.000000
NODATA_value  -9999.0
0.000000 0.000000 0.000000 0.000000 0.000000 0.000000 0.000000 0.000000 0.000000 0.000000 0.000000 0.000000 0.000000 0.000000 0.000000 0.000000 0.000000 0.000000 0.000000 0.000000 0.000000
0.000000 0.000000 0.350177 0.350178 0.350178 0.350178 0.350178 0.350178 0.350178 0.350178 0.350178 0.350177 0.350177 0.350177 0.350177 0.350178 0.350178 0.350178 0.350178 0.000000 0.000000
0.000000 0.000000 0.350006 0.350006 0.350006 0.350005 0.350006 0.350006 0.350006 0.350006 0.350007 0.350006 0.350007 0.350007 0.350006 0.350006 0.350004 0.350004 0.350006 0.000000 0.000000
0.000000 0.000000 0.350102 0.350099 0.350096 0.350091 0.350092 0.350087 0.350090 0.350090 0.350087 0.350089 0.350089 0.350089 0.350092 0.350095 0.350098 0.350098 0.350100 0.000000 0.000000
0.000000 0.000000 0.351074 0.351080 0.351069 0.351057 0.351049 0.351042 0.351040 0.351038 0.351038 0.351040 0.351044 0.351043 0.351056 0.351060 0.351064 0.351073 0.351075 0.000000 0.000000
0.000000 0.000000 0.353930 0.353927 0.353918 0.353899 0.353878 0.353857 0.353855 0.353848 0.353853 0.353854 0.353857 0.353855 0.353869 0.353881 0.353894 0.353901 0.353908 0.000000 0.000000
0.000000 0.000000 0.358053 0.358046 0.358036 0.358007 0.357972 0.357935 0.357936 0.357932 0.357933 0.357933 0.357930 0.357935 0.357967 0.357994 0.358012 0.358027 0.358035 0.000000 0.000000
0.000000 0.000000 0.362932 0.362927 0.362921 0.362891 0.362859 0.362818 0.362818 0.362812 0.362811 0.362809 0.362807 0.362814 0.362849 0.362877 0.362905 0.362911 0.362924 0.000000 0.000000
0.000000 0.000000 0.368205 0.368192 0.368177 0.368157 0.368120 0.368074 0.368076 0.368066 0.368064 0.368063 0.368065 0.368063 0.368108 0.368143 0.368165 0.368177 0.368188 0.000000 0.000000
0.000000 0.000000 0.373803 0.373791 0.373782 0.373763 0.373711 0.373670 0.373670 0.373665 0.373658 0.373663 0.373669 0.373667 0.373704 0.373746 0.373771 0.373780 0.373787 0.000000 0.000000
0.000000 0.000000 0.379909 0.379902 0.379893 0.379845 0.379811 0.379759 0.379773 0.379743 0.379750 0.379747 0.379738 0.379755 0.379792 0.379816 0.379850 0.379867 0.379890 0.000000 0.000000
0.000000 0.000000 0.386743 0.386721 0.386701 0.386675 0.386631 0.386570 0.386565 0.386559 0.386573 0.386552 0.386561 0.386562 0.386627 0.386661 0.386682 0.386696 0.386750 0.000000 0.000000
0.000000 0.000000 0.394187 0.394164 0.394162 0.394115 0.394081 0.393913 0.393909 0.393902 0.393854 0.393882 0.393890 0.393905 0.394034 0.394065 0.394130 0.394134 0.394161 0.000000 0.000000
0.000000 0.000000 0.403000 0.402994 0.402959 0.402928 0.402712 0.402738 0.402694 0.402695 0.402712 0.402695 0.402692 0.402675 0.402650 0.402876 0.402906 0.402965 0.403006 0.000000 0.000000
0.000000 0.000000 0.413430 0.413407 0.413363 0.413084 0.413122 0.412980 0.412921 0.412906 0.412857 0.412826 0.412858 0.412852 0.412990 0.412965 0.413333 0.413270 0.413274 0.000000 0.000000
0.000000 0.000000 0.424747 0.424727 0.424330 0.424458 0.424421 0.424394 0.424548 0.424501 0.424584 0.424560 0.424493 0.424590 0.424588 0.424614 0.424292 0.424876 0.424867 0.000000 0.000000
0.000000 0.000000 0.438372 0.437777 0.437931 0.437694 0.437397 0.437307 0.437133 0.437173 0.436989 0.437010 0.437116 0.437007 0.437163 0.437381 0.437907 0.437539 0.438158 0.000000 0.000000
0.000000 0.000000 0.442845 0.443378 0.443843 0.443845 0.443875 0.443425 0.443506 0.443372 0.443595 0.443551 0.443516 0.443590 0.443964 0.443940 0.443926 0.443573 0.443048 0.000000 0.000000
0.000000 0.000000 0.350000 0.350000 0.350000 0.350000 0.350000 0.350000 0.350000 0.350000 0.350000 0.350000 0.350000 0.350000 0.350000 0.350000 0.350000 0.350000 0.350000 0.000000 0.000000
0.000000 0.000000 0.000000 0.000000 0.000000 0.000000 0.000000 0.000000 0.000000 0.000000 0.000000 0.000000 0.000000 0.000000 0.000000 0.000000 0.000000 0.000000 0.000000 0.000000 0.000000