geotop/1.0zi/1.0Montebello/Templates/testdem/maps/_Eocsand1739.asc
ncols         21
nrows         20
xllcorner     100.000000
yllcorner     100.000000
cellsize      50.000000
NODATA_value  -9999.0
0.000000 0.000000 0.000000 0.000000 0.000000 0.000000 0.000000 0.000000 0.000000 0.000000 0.000000 0.000000 0.000000 0.000000 0.000000 0.000000 0.000000 0.000000 0.000000 0.000000 0.000000
0.000000 0.000000 0.300054 0.300054 0.300054 0.300054 0.300054 0.300054 0.300054 0.300054 0.300054 0.300054 0.300054 0.300054 0.300054 0.300054 0.300054 0.300054 0.300054 0.000000 0.000000
0.000000 0.000000 0.300008 0.300009 0.300009 0.300008 0.300009 0.300008 0.300009 0.300009 0.300009 0.300009 0.300009 0.300008 0.300009 0.300008 0.300009 0.300009 0.300008 0.000000 0.000000
0.000000 0.000000 0.298721 0.298722 0.298726 0.298724 0.298721 0.298721 0.298721 0.298721 0.298721 0.298721 0.298721 0.298721 0.298721 0.298724 0.298726 0.298722 0.298721 0.000000 0.000000
0.000000 0.000000 0.293756 0.293757 0.293761 0.293761 0.293754 0.293756 0.293756 0.293754 0.293754 0.293754 0.293756 0.293756 0.293754 0.293761 0.293761 0.293757 0.293756 0.000000 0.000000
0.000000 0.000000 0.287852 0.287853 0.287856 0.287856 0.287850 0.287852 0.287852 0.287851 0.287851 0.287851 0.287852 0.287852 0.287850 0.287856 0.287856 0.287853 0.287852 0.000000 0.000000
0.000000 0.000000 0.282354 0.282354 0.282357 0.282357 0.282352 0.282353 0.282354 0.282352 0.282353 0.282352 0.282354 0.282353 0.282352 0.282357 0.282357 0.282354 0.282354 0.000000 0.000000
0.000000 0.000000 0.277304 0.277304 0.277307 0.277306 0.277302 0.277303 0.277303 0.277302 0.277303 0.277302 0.277303 0.277303 0.277302 0.277306 0.277307 0.277304 0.277304 0.000000 0.000000
0.000000 0.000000 0.272577 0.272577 0.272580 0.272579 0.272576 0.272576 0.272577 0.272576 0.272576 0.272576 0.272577 0.272576 0.272576 0.272579 0.272580 0.272577 0.272577 0.000000 0.000000
0.000000 0.000000 0.268056 0.268057 0.268059 0.268058 0.268055 0.268056 0.268056 0.268055 0.268056 0.268055 0.268056 0.268056 0.268055 0.268058 0.268059 0.268057 0.268056 0.000000 0.000000
0.000000 0.000000 0.263696 0.263697 0.263699 0.263698 0.263695 0.263696 0.263696 0.263695 0.263695 0.263695 0.263696 0.263696 0.263695 0.263698 0.263699 0.263697 0.263696 0.000000 0.000000
0.000000 0.000000 0.259455 0.259456 0.259458 0.259457 0.259454 0.259455 0.259455 0.259454 0.259454 0.259454 0.259455 0.259455 0.259454 0.259457 0.259458 0.259456 0.259455 0.000000 0.000000
0.000000 0.000000 0.255300 0.255301 0.255303 0.255302 0.255299 0.255300 0.255300 0.255299 0.255299 0.255299 0.255300 0.255300 0.255299 0.255302 0.255303 0.255301 0.255300 0.000000 0.000000
0.000000 0.000000 0.251228 0.251229 0.251231 0.251230 0.251227 0.251228 0.251228 0.251227 0.251227 0.251227 0.251228 0.251228 0.251227 0.251230 0.251231 0.251229 0.251228 0.000000 0.000000
0.000000 0.000000 0.247220 0.247220 0.247223 0.247222 0.247219 0.247220 0.247220 0.247219 0.247219 0.247219 0.247220 0.247220 0.247219 0.247222 0.247223 0.247220 0.247220 0.000000 0.000000
0.000000 0.000000 0.243262 0.243262 0.243265 0.243264 0.243261 0.243262 0.243262 0.243261 0.243261 0.243261 0.243262 0.243262 0.243261 0.243264 0.243265 0.243262 0.243262 0.000000 0.000000
0.000000 0.000000 0.239352 0.239353 0.239355 0.239354 0.239352 0.239352 0.239352 0.239352 0.239352 0.239352 0.239352 0.239352 0.239352 0.239354 0.239355 0.239353 0.239352 0.000000 0.000000
0.000000 0.000000 0.235417 0.235416 0.235419 0.235418 0.235415 0.235416 0.235416 0.235415 0.235415 0.235415 0.235416 0.235416 0.235415 0.235418 0.235419 0.235416 0.235416 0.000000 0.000000
0.000000 0.000000 0.300000 0.300000 0.300000 0.300000 0.300000 0.300000 0.300000 0.300000 0.300000 0.300000 0.300000 0.300000 0.300000 0.300000 0.300000 0.300000 0.300000 0.000000 0.000000
0.000000 0.000000 0.000000 0.000000 0.000000 0.000000 0.000000 0.000000 0.000000 0.000000 0.000000 0.000000 0.000000 0.000000 0.000000 0.000000 0.000000 0.000000 0.000000 0.000000 0.000000