geotop/1.0zi/1.0Montebello/Templates/testdem/maps/_Eocclay2569.asc
ncols         21
nrows         20
xllcorner     100.000000
yllcorner     100.000000
cellsize      50.000000
NODATA_value  -9999.0
0.000000 0.000000 0.000000 0.000000 0.000000 0.000000 0.000000 0.000000 0.000000 0.000000 0.000000 0.000000 0.000000 0.000000 0.000000 0.000000 0.000000 0.000000 0.000000 0.000000 0.000000
0.000000 0.000000 0.349863 0.349863 0.349863 0.349863 0.349863 0.349863 0.349863 0.349863 0.349862 0.349863 0.349863 0.349863 0.349863 0.349863 0.349863 0.349863 0.349863 0.000000 0.000000
0.000000 0.000000 0.349990 0.349990 0.349989 0.349990 0.349990 0.349990 0.349990 0.349990 0.349990 0.349990 0.349990 0.349990 0.349990 0.349990 0.349989 0.349990 0.349990 0.000000 0.000000
0.000000 0.000000 0.350800 0.350800 0.350798 0.350799 0.350800 0.350800 0.350800 0.350800 0.350800 0.350800 0.350800 0.350800 0.350800 0.350799 0.350798 0.350800 0.350800 0.000000 0.000000
0.000000 0.000000 0.354494 0.354493 0.354491 0.354491 0.354495 0.354494 0.354494 0.354495 0.354495 0.354495 0.354494 0.354494 0.354495 0.354491 0.354491 0.354493 0.354494 0.000000 0.000000
0.000000 0.000000 0.358754 0.358754 0.358752 0.358752 0.358755 0.358754 0.358754 0.358755 0.358755 0.358755 0.358754 0.358754 0.358755 0.358752 0.358752 0.358754 0.358754 0.000000 0.000000
0.000000 0.000000 0.362796 0.362795 0.362794 0.362794 0.362796 0.362796 0.362796 0.362797 0.362797 0.362797 0.362796 0.362796 0.362796 0.362794 0.362794 0.362795 0.362796 0.000000 0.000000
0.000000 0.000000 0.366507 0.366506 0.366505 0.366505 0.366507 0.366506 0.366506 0.366507 0.366507 0.366507 0.366506 0.366506 0.366507 0.366505 0.366505 0.366506 0.366507 0.000000 0.000000
0.000000 0.000000 0.369965 0.369965 0.369963 0.369964 0.369965 0.369965 0.369965 0.369966 0.369966 0.369966 0.369965 0.369965 0.369965 0.369964 0.369963 0.369965 0.369965 0.000000 0.000000
0.000000 0.000000 0.373250 0.373250 0.373249 0.373249 0.373250 0.373250 0.373250 0.373251 0.373251 0.373251 0.373250 0.373250 0.373250 0.373249 0.373249 0.373250 0.373250 0.000000 0.000000
0.000000 0.000000 0.376401 0.376401 0.376399 0.376400 0.376401 0.376401 0.376401 0.376401 0.376402 0.376401 0.376401 0.376401 0.376401 0.376400 0.376399 0.376401 0.376401 0.000000 0.000000
0.000000 0.000000 0.379446 0.379446 0.379445 0.379445 0.379447 0.379446 0.379446 0.379447 0.379447 0.379447 0.379446 0.379446 0.379447 0.379445 0.379445 0.379446 0.379446 0.000000 0.000000
0.000000 0.000000 0.382408 0.382408 0.382407 0.382407 0.382409 0.382408 0.382408 0.382409 0.382409 0.382409 0.382408 0.382408 0.382409 0.382407 0.382407 0.382408 0.382408 0.000000 0.000000
0.000000 0.000000 0.385301 0.385301 0.385300 0.385300 0.385302 0.385301 0.385301 0.385302 0.385302 0.385302 0.385301 0.385301 0.385302 0.385300 0.385300 0.385301 0.385301 0.000000 0.000000
0.000000 0.000000 0.388135 0.388135 0.388134 0.388134 0.388136 0.388135 0.388135 0.388136 0.388136 0.388136 0.388135 0.388135 0.388136 0.388134 0.388134 0.388135 0.388135 0.000000 0.000000
0.000000 0.000000 0.390915 0.390915 0.390914 0.390915 0.390916 0.390915 0.390915 0.390916 0.390916 0.390916 0.390915 0.390915 0.390916 0.390915 0.390914 0.390915 0.390915 0.000000 0.000000
0.000000 0.000000 0.393645 0.393644 0.393643 0.393644 0.393645 0.393644 0.393645 0.393645 0.393645 0.393645 0.393645 0.393644 0.393645 0.393644 0.393643 0.393644 0.393645 0.000000 0.000000
0.000000 0.000000 0.396364 0.396364 0.396363 0.396364 0.396365 0.396364 0.396364 0.396365 0.396365 0.396365 0.396364 0.396364 0.396365 0.396364 0.396363 0.396364 0.396365 0.000000 0.000000
0.000000 0.000000 0.350000 0.350000 0.350000 0.350000 0.350000 0.350000 0.350000 0.350000 0.350000 0.350000 0.350000 0.350000 0.350000 0.350000 0.350000 0.350000 0.350000 0.000000 0.000000
0.000000 0.000000 0.000000 0.000000 0.000000 0.000000 0.000000 0.000000 0.000000 0.000000 0.000000 0.000000 0.000000 0.000000 0.000000 0.000000 0.000000 0.000000 0.000000 0.000000 0.000000