geotop/1.0zi/1.0Montebello/Templates/testdem/maps/_Eocsilt0503.asc
ncols         21
nrows         20
xllcorner     100.000000
yllcorner     100.000000
cellsize      50.000000
NODATA_value  -9999.0
0.000000 0.000000 0.000000 0.000000 0.000000 0.000000 0.000000 0.000000 0.000000 0.000000 0.000000 0.000000 0.000000 0.000000 0.000000 0.000000 0.000000 0.000000 0.000000 0.000000 0.000000
0.000000 0.000000 0.350009 0.350009 0.350009 0.350009 0.350009 0.350009 0.350009 0.350009 0.350009 0.350009 0.350009 0.350009 0.350009 0.350009 0.350009 0.350009 0.350009 0.000000 0.000000
0.000000 0.000000 0.349998 0.349997 0.349998 0.349997 0.349998 0.349998 0.349998 0.349998 0.349998 0.349998 0.349998 0.349998 0.349998 0.349997 0.349998 0.349997 0.349998 0.000000 0.000000
0.000000 0.000000 0.350279 0.350279 0.350277 0.350279 0.350279 0.350279 0.350279 0.350279 0.350279 0.350279 0.350279 0.350279 0.350279 0.350279 0.350277 0.350279 0.350279 0.000000 0.000000
0.000000 0.000000 0.351136 0.351136 0.351134 0.351136 0.351136 0.351137 0.351137 0.351137 0.351136 0.351137 0.351137 0.351137 0.351136 0.351136 0.351134 0.351136 0.351136 0.000000 0.000000
0.000000 0.000000 0.352040 0.352040 0.352038 0.352040 0.352040 0.352040 0.352040 0.352040 0.352040 0.352040 0.352040 0.352040 0.352040 0.352040 0.352038 0.352040 0.352040 0.000000 0.000000
0.000000 0.000000 0.352855 0.352855 0.352854 0.352855 0.352855 0.352856 0.352856 0.352855 0.352855 0.352855 0.352856 0.352856 0.352855 0.352855 0.352854 0.352855 0.352855 0.000000 0.000000
0.000000 0.000000 0.353609 0.353609 0.353608 0.353609 0.353609 0.353609 0.353609 0.353609 0.353609 0.353609 0.353609 0.353609 0.353609 0.353609 0.353608 0.353609 0.353609 0.000000 0.000000
0.000000 0.000000 0.354320 0.354320 0.354319 0.354320 0.354320 0.354320 0.354320 0.354320 0.354320 0.354320 0.354320 0.354320 0.354320 0.354320 0.354319 0.354320 0.354320 0.000000 0.000000
0.000000 0.000000 0.355005 0.355005 0.355004 0.355005 0.355005 0.355005 0.355005 0.355005 0.355005 0.355005 0.355005 0.355005 0.355005 0.355005 0.355004 0.355005 0.355005 0.000000 0.000000
0.000000 0.000000 0.355671 0.355671 0.355670 0.355671 0.355671 0.355672 0.355672 0.355671 0.355671 0.355671 0.355672 0.355672 0.355671 0.355671 0.355670 0.355671 0.355671 0.000000 0.000000
0.000000 0.000000 0.356324 0.356324 0.356323 0.356324 0.356324 0.356324 0.356324 0.356324 0.356324 0.356324 0.356324 0.356324 0.356324 0.356324 0.356323 0.356324 0.356324 0.000000 0.000000
0.000000 0.000000 0.356965 0.356965 0.356964 0.356965 0.356965 0.356965 0.356965 0.356965 0.356965 0.356965 0.356965 0.356965 0.356965 0.356965 0.356964 0.356965 0.356965 0.000000 0.000000
0.000000 0.000000 0.357595 0.357595 0.357594 0.357595 0.357596 0.357596 0.357596 0.357596 0.357596 0.357596 0.357596 0.357596 0.357596 0.357595 0.357594 0.357595 0.357595 0.000000 0.000000
0.000000 0.000000 0.358219 0.358219 0.358218 0.358219 0.358220 0.358220 0.358220 0.358220 0.358220 0.358220 0.358220 0.358220 0.358220 0.358219 0.358218 0.358219 0.358219 0.000000 0.000000
0.000000 0.000000 0.358841 0.358841 0.358840 0.358841 0.358841 0.358841 0.358841 0.358841 0.358841 0.358841 0.358841 0.358841 0.358841 0.358841 0.358840 0.358841 0.358841 0.000000 0.000000
0.000000 0.000000 0.359455 0.359455 0.359454 0.359455 0.359455 0.359455 0.359455 0.359455 0.359455 0.359455 0.359455 0.359455 0.359455 0.359455 0.359454 0.359455 0.359455 0.000000 0.000000
0.000000 0.000000 0.360082 0.360082 0.360081 0.360082 0.360082 0.360082 0.360082 0.360082 0.360082 0.360082 0.360082 0.360082 0.360082 0.360082 0.360081 0.360082 0.360082 0.000000 0.000000
0.000000 0.000000 0.350000 0.350000 0.350000 0.350000 0.350000 0.350000 0.350000 0.350000 0.350000 0.350000 0.350000 0.350000 0.350000 0.350000 0.350000 0.350000 0.350000 0.000000 0.000000
0.000000 0.000000 0.000000 0.000000 0.000000 0.000000 0.000000 0.000000 0.000000 0.000000 0.000000 0.000000 0.000000 0.000000 0.000000 0.000000 0.000000 0.000000 0.000000 0.000000 0.000000