geotop/1.0zi/1.0Montebello/Templates/testdem/maps/_Eocclay3299.asc
ncols         21
nrows         20
xllcorner     100.000000
yllcorner     100.000000
cellsize      50.000000
NODATA_value  -9999.0
0.000000 0.000000 0.000000 0.000000 0.000000 0.000000 0.000000 0.000000 0.000000 0.000000 0.000000 0.000000 0.000000 0.000000 0.000000 0.000000 0.000000 0.000000 0.000000 0.000000 0.000000
0.000000 0.000000 0.349821 0.349821 0.349821 0.349821 0.349821 0.349821 0.349821 0.349821 0.349820 0.349821 0.349821 0.349821 0.349821 0.349821 0.349821 0.349821 0.349821 0.000000 0.000000
0.000000 0.000000 0.349995 0.349995 0.349995 0.349995 0.349995 0.349995 0.349995 0.349995 0.349996 0.349995 0.349995 0.349995 0.349995 0.349995 0.349995 0.349995 0.349995 0.000000 0.000000
0.000000 0.000000 0.351257 0.351256 0.351254 0.351255 0.351256 0.351256 0.351256 0.351256 0.351257 0.351256 0.351256 0.351256 0.351256 0.351255 0.351254 0.351256 0.351257 0.000000 0.000000
0.000000 0.000000 0.356330 0.356330 0.356328 0.356328 0.356332 0.356330 0.356330 0.356332 0.356332 0.356332 0.356330 0.356330 0.356332 0.356328 0.356328 0.356330 0.356330 0.000000 0.000000
0.000000 0.000000 0.361952 0.361952 0.361950 0.361950 0.361953 0.361952 0.361952 0.361953 0.361954 0.361953 0.361952 0.361952 0.361953 0.361950 0.361950 0.361952 0.361952 0.000000 0.000000
0.000000 0.000000 0.367220 0.367219 0.367218 0.367218 0.367220 0.367219 0.367219 0.367220 0.367221 0.367220 0.367219 0.367219 0.367220 0.367218 0.367218 0.367219 0.367220 0.000000 0.000000
0.000000 0.000000 0.372014 0.372014 0.372013 0.372013 0.372015 0.372014 0.372014 0.372015 0.372015 0.372015 0.372014 0.372014 0.372015 0.372013 0.372013 0.372014 0.372014 0.000000 0.000000
0.000000 0.000000 0.376449 0.376449 0.376448 0.376448 0.376450 0.376449 0.376449 0.376450 0.376450 0.376450 0.376449 0.376449 0.376450 0.376448 0.376448 0.376449 0.376449 0.000000 0.000000
0.000000 0.000000 0.380628 0.380628 0.380627 0.380627 0.380629 0.380628 0.380628 0.380628 0.380629 0.380628 0.380628 0.380628 0.380629 0.380627 0.380627 0.380628 0.380628 0.000000 0.000000
0.000000 0.000000 0.384602 0.384601 0.384600 0.384601 0.384602 0.384601 0.384601 0.384602 0.384602 0.384602 0.384601 0.384601 0.384602 0.384601 0.384600 0.384601 0.384602 0.000000 0.000000
0.000000 0.000000 0.388408 0.388407 0.388406 0.388407 0.388408 0.388408 0.388408 0.388408 0.388409 0.388408 0.388408 0.388408 0.388408 0.388407 0.388406 0.388407 0.388408 0.000000 0.000000
0.000000 0.000000 0.392073 0.392073 0.392071 0.392072 0.392073 0.392073 0.392073 0.392073 0.392074 0.392073 0.392073 0.392073 0.392073 0.392072 0.392071 0.392073 0.392073 0.000000 0.000000
0.000000 0.000000 0.395627 0.395627 0.395626 0.395626 0.395627 0.395627 0.395627 0.395627 0.395628 0.395627 0.395627 0.395627 0.395627 0.395626 0.395626 0.395627 0.395627 0.000000 0.000000
0.000000 0.000000 0.399079 0.399079 0.399078 0.399078 0.399080 0.399079 0.399079 0.399080 0.399080 0.399080 0.399079 0.399079 0.399080 0.399078 0.399078 0.399079 0.399079 0.000000 0.000000
0.000000 0.000000 0.402436 0.402436 0.402435 0.402435 0.402436 0.402436 0.402436 0.402436 0.402437 0.402436 0.402436 0.402436 0.402436 0.402435 0.402435 0.402436 0.402436 0.000000 0.000000
0.000000 0.000000 0.405707 0.405707 0.405706 0.405706 0.405707 0.405707 0.405707 0.405707 0.405708 0.405707 0.405707 0.405707 0.405707 0.405706 0.405706 0.405707 0.405707 0.000000 0.000000
0.000000 0.000000 0.408953 0.408953 0.408952 0.408953 0.408954 0.408954 0.408954 0.408954 0.408954 0.408954 0.408954 0.408954 0.408954 0.408953 0.408952 0.408953 0.408954 0.000000 0.000000
0.000000 0.000000 0.350000 0.350000 0.350000 0.350000 0.350000 0.350000 0.350000 0.350000 0.350000 0.350000 0.350000 0.350000 0.350000 0.350000 0.350000 0.350000 0.350000 0.000000 0.000000
0.000000 0.000000 0.000000 0.000000 0.000000 0.000000 0.000000 0.000000 0.000000 0.000000 0.000000 0.000000 0.000000 0.000000 0.000000 0.000000 0.000000 0.000000 0.000000 0.000000 0.000000