geotop/1.0zi/1.0Montebello/Templates/testdem/maps/_Eocsand6851.asc
ncols         21
nrows         20
xllcorner     100.000000
yllcorner     100.000000
cellsize      50.000000
NODATA_value  -9999.0
0.000000 0.000000 0.000000 0.000000 0.000000 0.000000 0.000000 0.000000 0.000000 0.000000 0.000000 0.000000 0.000000 0.000000 0.000000 0.000000 0.000000 0.000000 0.000000 0.000000 0.000000
0.000000 0.000000 0.300167 0.300165 0.300165 0.300166 0.300165 0.300164 0.300165 0.300165 0.300166 0.300165 0.300165 0.300165 0.300165 0.300165 0.300166 0.300166 0.300166 0.000000 0.000000
0.000000 0.000000 0.300009 0.300010 0.300009 0.300009 0.300010 0.300010 0.300009 0.300009 0.300010 0.300010 0.300009 0.300010 0.300009 0.300010 0.300010 0.300010 0.300011 0.000000 0.000000
0.000000 0.000000 0.299963 0.299962 0.299966 0.299971 0.299969 0.299970 0.299967 0.299970 0.299967 0.299970 0.299969 0.299970 0.299969 0.299964 0.299963 0.299960 0.299960 0.000000 0.000000
0.000000 0.000000 0.298646 0.298641 0.298648 0.298658 0.298675 0.298684 0.298685 0.298686 0.298688 0.298685 0.298688 0.298685 0.298667 0.298663 0.298660 0.298651 0.298639 0.000000 0.000000
0.000000 0.000000 0.294676 0.294675 0.294693 0.294731 0.294754 0.294793 0.294793 0.294804 0.294795 0.294793 0.294790 0.294792 0.294777 0.294751 0.294731 0.294714 0.294701 0.000000 0.000000
0.000000 0.000000 0.288811 0.288817 0.288832 0.288874 0.288925 0.288982 0.288982 0.288990 0.288986 0.288986 0.288989 0.288984 0.288938 0.288890 0.288865 0.288843 0.288827 0.000000 0.000000
0.000000 0.000000 0.281756 0.281758 0.281768 0.281815 0.281864 0.281927 0.281926 0.281934 0.281934 0.281937 0.281941 0.281930 0.281878 0.281833 0.281793 0.281782 0.281758 0.000000 0.000000
0.000000 0.000000 0.274368 0.274379 0.274402 0.274431 0.274481 0.274549 0.274545 0.274560 0.274564 0.274564 0.274563 0.274566 0.274502 0.274445 0.274414 0.274401 0.274381 0.000000 0.000000
0.000000 0.000000 0.266779 0.266792 0.266804 0.266829 0.266901 0.266962 0.266959 0.266968 0.266977 0.266970 0.266960 0.266967 0.266913 0.266850 0.266815 0.266806 0.266790 0.000000 0.000000
0.000000 0.000000 0.258795 0.258805 0.258816 0.258872 0.258919 0.258989 0.258974 0.259011 0.259007 0.259005 0.259017 0.258995 0.258950 0.258910 0.258867 0.258845 0.258811 0.000000 0.000000
0.000000 0.000000 0.250237 0.250258 0.250283 0.250323 0.250371 0.250456 0.250456 0.250472 0.250452 0.250476 0.250471 0.250465 0.250384 0.250342 0.250311 0.250297 0.250216 0.000000 0.000000
0.000000 0.000000 0.241268 0.241290 0.241303 0.241349 0.241392 0.241582 0.241584 0.241599 0.241641 0.241619 0.241606 0.241590 0.241447 0.241404 0.241334 0.241328 0.241275 0.000000 0.000000
0.000000 0.000000 0.231253 0.231264 0.231298 0.231333 0.231537 0.231566 0.231609 0.231612 0.231613 0.231614 0.231617 0.231625 0.231616 0.231400 0.231349 0.231295 0.231236 0.000000 0.000000
0.000000 0.000000 0.219928 0.219944 0.219992 0.220225 0.220266 0.220380 0.220453 0.220466 0.220504 0.220533 0.220506 0.220519 0.220416 0.220349 0.220033 0.220066 0.220038 0.000000 0.000000
0.000000 0.000000 0.207678 0.207696 0.208019 0.208026 0.208039 0.208103 0.208014 0.208057 0.208011 0.208045 0.208086 0.208013 0.207978 0.207954 0.208054 0.207633 0.207629 0.000000 0.000000
0.000000 0.000000 0.193028 0.193500 0.193564 0.193704 0.193936 0.194021 0.194091 0.194083 0.194196 0.194196 0.194140 0.194182 0.194063 0.193885 0.193588 0.193623 0.193138 0.000000 0.000000
0.000000 0.000000 0.183839 0.183643 0.183197 0.183276 0.183369 0.183793 0.183783 0.183887 0.183772 0.183803 0.183792 0.183765 0.183384 0.183308 0.183121 0.183552 0.183724 0.000000 0.000000
0.000000 0.000000 0.300000 0.300000 0.300000 0.300000 0.300000 0.300000 0.300000 0.300000 0.300000 0.300000 0.300000 0.300000 0.300000 0.300000 0.300000 0.300000 0.300000 0.000000 0.000000
0.000000 0.000000 0.000000 0.000000 0.000000 0.000000 0.000000 0.000000 0.000000 0.000000 0.000000 0.000000 0.000000 0.000000 0.000000 0.000000 0.000000 0.000000 0.000000 0.000000 0.000000