geotop/1.0zi/1.0Montebello/Templates/testdem/maps/_Eocsand4854.asc
ncols         21
nrows         20
xllcorner     100.000000
yllcorner     100.000000
cellsize      50.000000
NODATA_value  -9999.0
0.000000 0.000000 0.000000 0.000000 0.000000 0.000000 0.000000 0.000000 0.000000 0.000000 0.000000 0.000000 0.000000 0.000000 0.000000 0.000000 0.000000 0.000000 0.000000 0.000000 0.000000
0.000000 0.000000 0.300120 0.300119 0.300119 0.300119 0.300119 0.300119 0.300119 0.300119 0.300119 0.300119 0.300119 0.300119 0.300119 0.300119 0.300119 0.300119 0.300120 0.000000 0.000000
0.000000 0.000000 0.300006 0.300005 0.300005 0.300005 0.300005 0.300005 0.300005 0.300005 0.300005 0.300005 0.300005 0.300004 0.300005 0.300005 0.300007 0.300007 0.300006 0.000000 0.000000
0.000000 0.000000 0.299976 0.299975 0.299977 0.299981 0.299978 0.299980 0.299978 0.299979 0.299979 0.299980 0.299980 0.299982 0.299978 0.299974 0.299976 0.299973 0.299975 0.000000 0.000000
0.000000 0.000000 0.299210 0.299208 0.299209 0.299219 0.299229 0.299235 0.299236 0.299238 0.299241 0.299237 0.299240 0.299238 0.299229 0.299229 0.299224 0.299215 0.299209 0.000000 0.000000
0.000000 0.000000 0.296636 0.296630 0.296640 0.296667 0.296678 0.296707 0.296710 0.296719 0.296711 0.296710 0.296702 0.296702 0.296695 0.296680 0.296669 0.296658 0.296649 0.000000 0.000000
0.000000 0.000000 0.292743 0.292747 0.292757 0.292786 0.292819 0.292859 0.292858 0.292864 0.292858 0.292861 0.292861 0.292855 0.292827 0.292794 0.292780 0.292765 0.292752 0.000000 0.000000
0.000000 0.000000 0.288159 0.288164 0.288168 0.288198 0.288234 0.288274 0.288272 0.288278 0.288278 0.288278 0.288281 0.288278 0.288240 0.288205 0.288187 0.288178 0.288165 0.000000 0.000000
0.000000 0.000000 0.283474 0.283482 0.283494 0.283517 0.283550 0.283596 0.283592 0.283600 0.283601 0.283599 0.283602 0.283598 0.283561 0.283522 0.283508 0.283497 0.283480 0.000000 0.000000
0.000000 0.000000 0.278787 0.278796 0.278803 0.278827 0.278867 0.278907 0.278902 0.278908 0.278908 0.278908 0.278911 0.278911 0.278870 0.278832 0.278817 0.278807 0.278794 0.000000 0.000000
0.000000 0.000000 0.274015 0.274025 0.274032 0.274052 0.274083 0.274132 0.274127 0.274137 0.274137 0.274135 0.274139 0.274138 0.274102 0.274072 0.274053 0.274042 0.274027 0.000000 0.000000
0.000000 0.000000 0.269062 0.269070 0.269082 0.269111 0.269143 0.269191 0.269192 0.269197 0.269197 0.269200 0.269201 0.269201 0.269155 0.269120 0.269102 0.269093 0.269043 0.000000 0.000000
0.000000 0.000000 0.264022 0.264032 0.264044 0.264066 0.264105 0.264206 0.264205 0.264213 0.264215 0.264214 0.264219 0.264215 0.264127 0.264085 0.264067 0.264056 0.264027 0.000000 0.000000
0.000000 0.000000 0.258652 0.258670 0.258678 0.258702 0.258810 0.258835 0.258851 0.258857 0.258857 0.258857 0.258863 0.258860 0.258831 0.258728 0.258708 0.258685 0.258668 0.000000 0.000000
0.000000 0.000000 0.252833 0.252846 0.252876 0.252971 0.253020 0.253085 0.253117 0.253126 0.253142 0.253143 0.253137 0.253146 0.253096 0.253026 0.252911 0.252914 0.252898 0.000000 0.000000
0.000000 0.000000 0.246791 0.246806 0.246923 0.246941 0.246974 0.247005 0.247007 0.247008 0.247002 0.247004 0.247019 0.246995 0.246979 0.246952 0.246957 0.246826 0.246796 0.000000 0.000000
0.000000 0.000000 0.240017 0.240176 0.240267 0.240312 0.240396 0.240438 0.240447 0.240453 0.240471 0.240471 0.240467 0.240479 0.240445 0.240353 0.240293 0.240237 0.240080 0.000000 0.000000
0.000000 0.000000 0.234817 0.234841 0.234735 0.234792 0.234860 0.235014 0.235027 0.235041 0.235034 0.235037 0.235045 0.235030 0.234890 0.234817 0.234734 0.234869 0.234819 0.000000 0.000000
0.000000 0.000000 0.300000 0.300000 0.300000 0.300000 0.300000 0.300000 0.300000 0.300000 0.300000 0.300000 0.300000 0.300000 0.300000 0.300000 0.300000 0.300000 0.300000 0.000000 0.000000
0.000000 0.000000 0.000000 0.000000 0.000000 0.000000 0.000000 0.000000 0.000000 0.000000 0.000000 0.000000 0.000000 0.000000 0.000000 0.000000 0.000000 0.000000 0.000000 0.000000 0.000000