geotop/1.0zi/1.0Montebello/Templates/testdem/maps/_Eocclay8275.asc
ncols         21
nrows         20
xllcorner     100.000000
yllcorner     100.000000
cellsize      50.000000
NODATA_value  -9999.0
0.000000 0.000000 0.000000 0.000000 0.000000 0.000000 0.000000 0.000000 0.000000 0.000000 0.000000 0.000000 0.000000 0.000000 0.000000 0.000000 0.000000 0.000000 0.000000 0.000000 0.000000
0.000000 0.000000 0.349620 0.349622 0.349622 0.349621 0.349622 0.349622 0.349622 0.349622 0.349621 0.349623 0.349622 0.349622 0.349623 0.349622 0.349620 0.349621 0.349621 0.000000 0.000000
0.000000 0.000000 0.349984 0.349983 0.349983 0.349985 0.349983 0.349982 0.349983 0.349983 0.349982 0.349982 0.349983 0.349982 0.349983 0.349984 0.349984 0.349983 0.349982 0.000000 0.000000
0.000000 0.000000 0.350004 0.350009 0.350006 0.350004 0.350007 0.350004 0.350006 0.350004 0.350007 0.350004 0.350005 0.350003 0.350005 0.350007 0.350006 0.350009 0.350006 0.000000 0.000000
0.000000 0.000000 0.351018 0.351015 0.351011 0.351007 0.350991 0.350989 0.350986 0.350989 0.350986 0.350986 0.350982 0.350986 0.350996 0.350998 0.351007 0.351009 0.351018 0.000000 0.000000
0.000000 0.000000 0.353996 0.353995 0.353982 0.353954 0.353938 0.353913 0.353914 0.353906 0.353911 0.353909 0.353912 0.353914 0.353925 0.353945 0.353961 0.353977 0.353982 0.000000 0.000000
0.000000 0.000000 0.358025 0.358022 0.358013 0.357989 0.357957 0.357917 0.357915 0.357910 0.357911 0.357912 0.357912 0.357913 0.357947 0.357978 0.357995 0.358009 0.358017 0.000000 0.000000
0.000000 0.000000 0.362808 0.362806 0.362797 0.362767 0.362736 0.362692 0.362691 0.362687 0.362687 0.362684 0.362682 0.362690 0.362727 0.362754 0.362781 0.362790 0.362803 0.000000 0.000000
0.000000 0.000000 0.367899 0.367892 0.367877 0.367858 0.367825 0.367780 0.367782 0.367773 0.367770 0.367768 0.367769 0.367768 0.367811 0.367847 0.367868 0.367879 0.367889 0.000000 0.000000
0.000000 0.000000 0.373315 0.373305 0.373298 0.373278 0.373229 0.373188 0.373188 0.373183 0.373177 0.373180 0.373186 0.373184 0.373221 0.373262 0.373288 0.373297 0.373305 0.000000 0.000000
0.000000 0.000000 0.379242 0.379236 0.379226 0.379185 0.379150 0.379101 0.379111 0.379085 0.379089 0.379087 0.379078 0.379096 0.379130 0.379155 0.379188 0.379207 0.379229 0.000000 0.000000
0.000000 0.000000 0.385844 0.385827 0.385807 0.385780 0.385741 0.385680 0.385675 0.385668 0.385683 0.385661 0.385667 0.385670 0.385734 0.385766 0.385789 0.385802 0.385857 0.000000 0.000000
0.000000 0.000000 0.393019 0.393002 0.392995 0.392956 0.392921 0.392759 0.392756 0.392747 0.392704 0.392727 0.392736 0.392751 0.392874 0.392907 0.392969 0.392976 0.393002 0.000000 0.000000
0.000000 0.000000 0.401482 0.401477 0.401443 0.401416 0.401211 0.401229 0.401186 0.401187 0.401201 0.401188 0.401182 0.401173 0.401152 0.401365 0.401399 0.401455 0.401495 0.000000 0.000000
0.000000 0.000000 0.411509 0.411491 0.411450 0.411188 0.411214 0.411083 0.411023 0.411009 0.410965 0.410935 0.410964 0.410959 0.411086 0.411075 0.411423 0.411370 0.411376 0.000000 0.000000
0.000000 0.000000 0.422531 0.422515 0.422133 0.422244 0.422214 0.422181 0.422325 0.422281 0.422358 0.422331 0.422268 0.422364 0.422368 0.422390 0.422103 0.422658 0.422650 0.000000 0.000000
0.000000 0.000000 0.436252 0.435648 0.435785 0.435557 0.435255 0.435167 0.434997 0.435038 0.434856 0.434873 0.434977 0.434874 0.435026 0.435250 0.435767 0.435425 0.436055 0.000000 0.000000
0.000000 0.000000 0.441002 0.441583 0.442094 0.442105 0.442140 0.441649 0.441734 0.441589 0.441829 0.441781 0.441743 0.441826 0.442232 0.442206 0.442192 0.441800 0.441232 0.000000 0.000000
0.000000 0.000000 0.350000 0.350000 0.350000 0.350000 0.350000 0.350000 0.350000 0.350000 0.350000 0.350000 0.350000 0.350000 0.350000 0.350000 0.350000 0.350000 0.350000 0.000000 0.000000
0.000000 0.000000 0.000000 0.000000 0.000000 0.000000 0.000000 0.000000 0.000000 0.000000 0.000000 0.000000 0.000000 0.000000 0.000000 0.000000 0.000000 0.000000 0.000000 0.000000 0.000000