geotop/1.0zi/1.0Montebello/Templates/testdem/maps/_Eocsilt9543.asc
ncols         21
nrows         20
xllcorner     100.000000
yllcorner     100.000000
cellsize      50.000000
NODATA_value  -9999.0
0.000000 0.000000 0.000000 0.000000 0.000000 0.000000 0.000000 0.000000 0.000000 0.000000 0.000000 0.000000 0.000000 0.000000 0.000000 0.000000 0.000000 0.000000 0.000000 0.000000 0.000000
0.000000 0.000000 0.350204 0.350204 0.350204 0.350204 0.350203 0.350203 0.350204 0.350203 0.350204 0.350203 0.350203 0.350203 0.350203 0.350204 0.350204 0.350204 0.350204 0.000000 0.000000
0.000000 0.000000 0.350008 0.350008 0.350008 0.350007 0.350008 0.350008 0.350008 0.350008 0.350008 0.350008 0.350009 0.350009 0.350008 0.350007 0.350006 0.350006 0.350007 0.000000 0.000000
0.000000 0.000000 0.350146 0.350143 0.350137 0.350132 0.350132 0.350126 0.350130 0.350130 0.350127 0.350131 0.350132 0.350131 0.350134 0.350138 0.350143 0.350144 0.350146 0.000000 0.000000
0.000000 0.000000 0.351429 0.351434 0.351423 0.351406 0.351396 0.351390 0.351393 0.351390 0.351391 0.351393 0.351398 0.351397 0.351410 0.351417 0.351421 0.351427 0.351431 0.000000 0.000000
0.000000 0.000000 0.354958 0.354953 0.354938 0.354918 0.354886 0.354862 0.354860 0.354855 0.354858 0.354860 0.354864 0.354862 0.354878 0.354899 0.354910 0.354918 0.354925 0.000000 0.000000
0.000000 0.000000 0.359938 0.359929 0.359912 0.359879 0.359838 0.359786 0.359791 0.359788 0.359786 0.359786 0.359785 0.359790 0.359829 0.359861 0.359881 0.359897 0.359904 0.000000 0.000000
0.000000 0.000000 0.365837 0.365827 0.365814 0.365777 0.365735 0.365688 0.365691 0.365685 0.365683 0.365680 0.365679 0.365688 0.365726 0.365762 0.365794 0.365800 0.365815 0.000000 0.000000
0.000000 0.000000 0.372319 0.372303 0.372282 0.372254 0.372206 0.372147 0.372154 0.372143 0.372138 0.372137 0.372141 0.372139 0.372194 0.372237 0.372262 0.372273 0.372286 0.000000 0.000000
0.000000 0.000000 0.379412 0.379393 0.379377 0.379347 0.379282 0.379228 0.379232 0.379225 0.379215 0.379221 0.379229 0.379228 0.379271 0.379326 0.379356 0.379366 0.379374 0.000000 0.000000
0.000000 0.000000 0.387397 0.387384 0.387369 0.387298 0.387257 0.387186 0.387205 0.387168 0.387174 0.387170 0.387158 0.387181 0.387229 0.387263 0.387304 0.387322 0.387355 0.000000 0.000000
0.000000 0.000000 0.396641 0.396609 0.396567 0.396535 0.396473 0.396385 0.396387 0.396383 0.396398 0.396366 0.396384 0.396383 0.396469 0.396520 0.396542 0.396556 0.396626 0.000000 0.000000
0.000000 0.000000 0.406988 0.406960 0.406952 0.406873 0.406822 0.406568 0.406570 0.406557 0.406477 0.406527 0.406536 0.406561 0.406750 0.406796 0.406887 0.406894 0.406915 0.000000 0.000000
0.000000 0.000000 0.419688 0.419680 0.419607 0.419563 0.419207 0.419311 0.419244 0.419247 0.419294 0.419252 0.419246 0.419215 0.419117 0.419501 0.419520 0.419611 0.419667 0.000000 0.000000
0.000000 0.000000 0.434287 0.434245 0.434177 0.433726 0.433885 0.433614 0.433548 0.433523 0.433427 0.433390 0.433445 0.433449 0.433697 0.433550 0.434142 0.434009 0.433993 0.000000 0.000000
0.000000 0.000000 0.447901 0.447877 0.447356 0.447615 0.447521 0.447536 0.447767 0.447707 0.447830 0.447809 0.447713 0.447840 0.447779 0.447860 0.447296 0.448087 0.448076 0.000000 0.000000
0.000000 0.000000 0.460017 0.459602 0.459715 0.459536 0.459319 0.459248 0.459116 0.459147 0.459007 0.459024 0.459104 0.459023 0.459140 0.459302 0.459689 0.459410 0.459843 0.000000 0.000000
0.000000 0.000000 0.465003 0.465031 0.465280 0.465192 0.465108 0.464891 0.464871 0.464828 0.464862 0.464850 0.464869 0.464866 0.465065 0.465128 0.465294 0.465013 0.464991 0.000000 0.000000
0.000000 0.000000 0.350000 0.350000 0.350000 0.350000 0.350000 0.350000 0.350000 0.350000 0.350000 0.350000 0.350000 0.350000 0.350000 0.350000 0.350000 0.350000 0.350000 0.000000 0.000000
0.000000 0.000000 0.000000 0.000000 0.000000 0.000000 0.000000 0.000000 0.000000 0.000000 0.000000 0.000000 0.000000 0.000000 0.000000 0.000000 0.000000 0.000000 0.000000 0.000000 0.000000