geotop/1.0zi/1.0Montebello/Templates/testdem/maps/_Eocsilt0637.asc
ncols         21
nrows         20
xllcorner     100.000000
yllcorner     100.000000
cellsize      50.000000
NODATA_value  -9999.0
0.000000 0.000000 0.000000 0.000000 0.000000 0.000000 0.000000 0.000000 0.000000 0.000000 0.000000 0.000000 0.000000 0.000000 0.000000 0.000000 0.000000 0.000000 0.000000 0.000000 0.000000
0.000000 0.000000 0.350012 0.350012 0.350012 0.350012 0.350012 0.350012 0.350012 0.350012 0.350012 0.350012 0.350012 0.350012 0.350012 0.350012 0.350012 0.350012 0.350012 0.000000 0.000000
0.000000 0.000000 0.349998 0.349997 0.349997 0.349997 0.349998 0.349998 0.349998 0.349998 0.349998 0.349998 0.349998 0.349998 0.349998 0.349997 0.349997 0.349997 0.349998 0.000000 0.000000
0.000000 0.000000 0.350286 0.350286 0.350283 0.350286 0.350286 0.350286 0.350286 0.350286 0.350286 0.350286 0.350286 0.350286 0.350286 0.350286 0.350283 0.350286 0.350286 0.000000 0.000000
0.000000 0.000000 0.351217 0.351217 0.351215 0.351217 0.351217 0.351218 0.351218 0.351218 0.351217 0.351218 0.351218 0.351218 0.351217 0.351217 0.351215 0.351217 0.351217 0.000000 0.000000
0.000000 0.000000 0.352290 0.352290 0.352288 0.352290 0.352290 0.352290 0.352290 0.352290 0.352290 0.352290 0.352290 0.352290 0.352290 0.352290 0.352288 0.352290 0.352290 0.000000 0.000000
0.000000 0.000000 0.353278 0.353278 0.353277 0.353278 0.353279 0.353279 0.353279 0.353279 0.353279 0.353279 0.353279 0.353279 0.353279 0.353278 0.353277 0.353278 0.353278 0.000000 0.000000
0.000000 0.000000 0.354199 0.354199 0.354198 0.354199 0.354199 0.354199 0.354199 0.354199 0.354199 0.354199 0.354199 0.354199 0.354199 0.354199 0.354198 0.354199 0.354199 0.000000 0.000000
0.000000 0.000000 0.355070 0.355070 0.355069 0.355070 0.355070 0.355071 0.355071 0.355071 0.355070 0.355071 0.355071 0.355071 0.355070 0.355070 0.355069 0.355070 0.355070 0.000000 0.000000
0.000000 0.000000 0.355912 0.355912 0.355910 0.355911 0.355912 0.355912 0.355912 0.355912 0.355912 0.355912 0.355912 0.355912 0.355912 0.355911 0.355910 0.355912 0.355912 0.000000 0.000000
0.000000 0.000000 0.356731 0.356731 0.356729 0.356731 0.356731 0.356731 0.356731 0.356731 0.356731 0.356731 0.356731 0.356731 0.356731 0.356731 0.356729 0.356731 0.356731 0.000000 0.000000
0.000000 0.000000 0.357534 0.357534 0.357533 0.357534 0.357534 0.357535 0.357535 0.357535 0.357534 0.357535 0.357535 0.357535 0.357534 0.357534 0.357533 0.357534 0.357534 0.000000 0.000000
0.000000 0.000000 0.358325 0.358325 0.358324 0.358325 0.358325 0.358325 0.358325 0.358325 0.358325 0.358325 0.358325 0.358325 0.358325 0.358325 0.358324 0.358325 0.358325 0.000000 0.000000
0.000000 0.000000 0.359105 0.359105 0.359104 0.359105 0.359105 0.359105 0.359105 0.359105 0.359105 0.359105 0.359105 0.359105 0.359105 0.359105 0.359104 0.359105 0.359105 0.000000 0.000000
0.000000 0.000000 0.359879 0.359879 0.359877 0.359878 0.359879 0.359879 0.359879 0.359879 0.359879 0.359879 0.359879 0.359879 0.359879 0.359878 0.359877 0.359879 0.359879 0.000000 0.000000
0.000000 0.000000 0.360649 0.360649 0.360647 0.360648 0.360649 0.360649 0.360649 0.360649 0.360649 0.360649 0.360649 0.360649 0.360649 0.360648 0.360647 0.360649 0.360649 0.000000 0.000000
0.000000 0.000000 0.361411 0.361411 0.361410 0.361411 0.361411 0.361411 0.361411 0.361411 0.361411 0.361411 0.361411 0.361411 0.361411 0.361411 0.361410 0.361411 0.361411 0.000000 0.000000
0.000000 0.000000 0.362179 0.362179 0.362178 0.362179 0.362179 0.362180 0.362180 0.362180 0.362179 0.362180 0.362180 0.362180 0.362179 0.362179 0.362178 0.362179 0.362179 0.000000 0.000000
0.000000 0.000000 0.350000 0.350000 0.350000 0.350000 0.350000 0.350000 0.350000 0.350000 0.350000 0.350000 0.350000 0.350000 0.350000 0.350000 0.350000 0.350000 0.350000 0.000000 0.000000
0.000000 0.000000 0.000000 0.000000 0.000000 0.000000 0.000000 0.000000 0.000000 0.000000 0.000000 0.000000 0.000000 0.000000 0.000000 0.000000 0.000000 0.000000 0.000000 0.000000 0.000000