geotop/1.0zi/1.0Montebello/Templates/testdem/maps/_Eocclay5023.asc
ncols         21
nrows         20
xllcorner     100.000000
yllcorner     100.000000
cellsize      50.000000
NODATA_value  -9999.0
0.000000 0.000000 0.000000 0.000000 0.000000 0.000000 0.000000 0.000000 0.000000 0.000000 0.000000 0.000000 0.000000 0.000000 0.000000 0.000000 0.000000 0.000000 0.000000 0.000000 0.000000
0.000000 0.000000 0.349779 0.349779 0.349780 0.349780 0.349780 0.349780 0.349779 0.349780 0.349779 0.349780 0.349780 0.349779 0.349780 0.349780 0.349779 0.349779 0.349779 0.000000 0.000000
0.000000 0.000000 0.349992 0.349992 0.349992 0.349992 0.349991 0.349992 0.349992 0.349992 0.349991 0.349991 0.349992 0.349992 0.349992 0.349992 0.349992 0.349992 0.349992 0.000000 0.000000
0.000000 0.000000 0.349987 0.349989 0.349987 0.349988 0.349990 0.349990 0.349990 0.349988 0.349990 0.349988 0.349988 0.349987 0.349990 0.349991 0.349989 0.349990 0.349989 0.000000 0.000000
0.000000 0.000000 0.350382 0.350381 0.350381 0.350376 0.350367 0.350365 0.350366 0.350367 0.350364 0.350366 0.350363 0.350364 0.350369 0.350368 0.350372 0.350374 0.350377 0.000000 0.000000
0.000000 0.000000 0.351763 0.351766 0.351760 0.351745 0.351740 0.351726 0.351725 0.351721 0.351725 0.351725 0.351728 0.351729 0.351731 0.351741 0.351746 0.351754 0.351759 0.000000 0.000000
0.000000 0.000000 0.353772 0.353770 0.353766 0.353752 0.353735 0.353713 0.353713 0.353709 0.353712 0.353711 0.353714 0.353714 0.353730 0.353748 0.353756 0.353764 0.353771 0.000000 0.000000
0.000000 0.000000 0.356142 0.356139 0.356136 0.356120 0.356102 0.356080 0.356081 0.356078 0.356078 0.356078 0.356076 0.356079 0.356099 0.356116 0.356125 0.356130 0.356137 0.000000 0.000000
0.000000 0.000000 0.358527 0.358524 0.358518 0.358507 0.358490 0.358468 0.358469 0.358466 0.358465 0.358466 0.358465 0.358467 0.358484 0.358504 0.358511 0.358516 0.358524 0.000000 0.000000
0.000000 0.000000 0.360931 0.360926 0.360922 0.360910 0.360889 0.360868 0.360871 0.360868 0.360868 0.360868 0.360867 0.360866 0.360888 0.360907 0.360915 0.360920 0.360927 0.000000 0.000000
0.000000 0.000000 0.363396 0.363391 0.363387 0.363378 0.363362 0.363336 0.363339 0.363334 0.363333 0.363334 0.363332 0.363333 0.363351 0.363366 0.363376 0.363382 0.363390 0.000000 0.000000
0.000000 0.000000 0.365955 0.365951 0.365944 0.365929 0.365913 0.365889 0.365888 0.365886 0.365885 0.365884 0.365883 0.365883 0.365906 0.365924 0.365934 0.365939 0.365964 0.000000 0.000000
0.000000 0.000000 0.368565 0.368560 0.368554 0.368543 0.368522 0.368470 0.368470 0.368466 0.368465 0.368466 0.368463 0.368465 0.368511 0.368533 0.368542 0.368548 0.368563 0.000000 0.000000
0.000000 0.000000 0.371352 0.371342 0.371338 0.371326 0.371269 0.371256 0.371248 0.371244 0.371245 0.371244 0.371242 0.371243 0.371258 0.371312 0.371323 0.371335 0.371344 0.000000 0.000000
0.000000 0.000000 0.374379 0.374371 0.374356 0.374306 0.374280 0.374247 0.374230 0.374225 0.374217 0.374217 0.374219 0.374215 0.374241 0.374277 0.374338 0.374336 0.374345 0.000000 0.000000
0.000000 0.000000 0.377522 0.377515 0.377453 0.377444 0.377426 0.377410 0.377410 0.377409 0.377412 0.377411 0.377403 0.377416 0.377424 0.377438 0.377436 0.377506 0.377521 0.000000 0.000000
0.000000 0.000000 0.381060 0.380976 0.380928 0.380903 0.380859 0.380835 0.380830 0.380827 0.380818 0.380818 0.380820 0.380814 0.380832 0.380882 0.380915 0.380944 0.381027 0.000000 0.000000
0.000000 0.000000 0.383761 0.383749 0.383805 0.383774 0.383738 0.383655 0.383648 0.383641 0.383645 0.383644 0.383639 0.383647 0.383723 0.383761 0.383806 0.383735 0.383761 0.000000 0.000000
0.000000 0.000000 0.350000 0.350000 0.350000 0.350000 0.350000 0.350000 0.350000 0.350000 0.350000 0.350000 0.350000 0.350000 0.350000 0.350000 0.350000 0.350000 0.350000 0.000000 0.000000
0.000000 0.000000 0.000000 0.000000 0.000000 0.000000 0.000000 0.000000 0.000000 0.000000 0.000000 0.000000 0.000000 0.000000 0.000000 0.000000 0.000000 0.000000 0.000000 0.000000 0.000000