geotop/1.0zi/1.0Montebello/Templates/testdem/maps/_Eocsand8922.asc
ncols         21
nrows         20
xllcorner     100.000000
yllcorner     100.000000
cellsize      50.000000
NODATA_value  -9999.0
0.000000 0.000000 0.000000 0.000000 0.000000 0.000000 0.000000 0.000000 0.000000 0.000000 0.000000 0.000000 0.000000 0.000000 0.000000 0.000000 0.000000 0.000000 0.000000 0.000000 0.000000
0.000000 0.000000 0.300227 0.300224 0.300224 0.300225 0.300224 0.300223 0.300224 0.300224 0.300224 0.300224 0.300224 0.300224 0.300224 0.300224 0.300225 0.300225 0.300225 0.000000 0.000000
0.000000 0.000000 0.300012 0.300014 0.300014 0.300012 0.300013 0.300014 0.300013 0.300013 0.300013 0.300013 0.300012 0.300013 0.300013 0.300013 0.300014 0.300014 0.300015 0.000000 0.000000
0.000000 0.000000 0.299856 0.299856 0.299862 0.299870 0.299869 0.299873 0.299867 0.299868 0.299868 0.299868 0.299867 0.299869 0.299864 0.299858 0.299855 0.299856 0.299855 0.000000 0.000000
0.000000 0.000000 0.297564 0.297566 0.297578 0.297605 0.297630 0.297634 0.297638 0.297640 0.297641 0.297637 0.297635 0.297634 0.297612 0.297601 0.297588 0.297584 0.297572 0.000000 0.000000
0.000000 0.000000 0.291071 0.291079 0.291109 0.291157 0.291208 0.291254 0.291250 0.291263 0.291254 0.291254 0.291245 0.291248 0.291220 0.291177 0.291155 0.291142 0.291129 0.000000 0.000000
0.000000 0.000000 0.282096 0.282115 0.282138 0.282197 0.282267 0.282362 0.282356 0.282365 0.282365 0.282364 0.282366 0.282360 0.282282 0.282224 0.282189 0.282167 0.282152 0.000000 0.000000
0.000000 0.000000 0.271464 0.271483 0.271501 0.271570 0.271641 0.271728 0.271723 0.271734 0.271735 0.271740 0.271745 0.271727 0.271654 0.271592 0.271535 0.271529 0.271502 0.000000 0.000000
0.000000 0.000000 0.259956 0.259983 0.260016 0.260064 0.260146 0.260244 0.260233 0.260254 0.260260 0.260264 0.260261 0.260263 0.260163 0.260088 0.260046 0.260034 0.260008 0.000000 0.000000
0.000000 0.000000 0.247532 0.247566 0.247586 0.247636 0.247750 0.247838 0.247833 0.247845 0.247860 0.247851 0.247838 0.247842 0.247761 0.247667 0.247617 0.247606 0.247592 0.000000 0.000000
0.000000 0.000000 0.233756 0.233780 0.233801 0.233915 0.233989 0.234102 0.234069 0.234137 0.234123 0.234131 0.234153 0.234114 0.234029 0.233972 0.233901 0.233879 0.233824 0.000000 0.000000
0.000000 0.000000 0.218110 0.218159 0.218218 0.218279 0.218380 0.218517 0.218516 0.218525 0.218497 0.218549 0.218526 0.218526 0.218378 0.218298 0.218262 0.218247 0.218125 0.000000 0.000000
0.000000 0.000000 0.200832 0.200887 0.200895 0.201015 0.201097 0.201495 0.201493 0.201513 0.201633 0.201562 0.201547 0.201509 0.201200 0.201126 0.200982 0.200984 0.200936 0.000000 0.000000
0.000000 0.000000 0.179935 0.179954 0.180052 0.180128 0.180675 0.180561 0.180661 0.180658 0.180603 0.180656 0.180667 0.180711 0.180811 0.180229 0.180182 0.180055 0.179962 0.000000 0.000000
0.000000 0.000000 0.155076 0.155147 0.155260 0.155977 0.155809 0.156185 0.156311 0.156349 0.156485 0.156556 0.156476 0.156481 0.156119 0.156256 0.155319 0.155527 0.155535 0.000000 0.000000
0.000000 0.000000 0.128752 0.128806 0.129804 0.129399 0.129522 0.129534 0.129108 0.129228 0.129006 0.129059 0.129237 0.128991 0.129048 0.128943 0.129899 0.128427 0.128452 0.000000 0.000000
0.000000 0.000000 0.098834 0.100166 0.099720 0.100303 0.100966 0.101162 0.101593 0.101488 0.101928 0.101876 0.101619 0.101887 0.101531 0.101043 0.099772 0.100768 0.099394 0.000000 0.000000
0.000000 0.000000 0.090525 0.089443 0.088514 0.088525 0.088463 0.089370 0.089192 0.089464 0.089008 0.089100 0.089174 0.089020 0.088274 0.088315 0.088359 0.089078 0.090153 0.000000 0.000000
0.000000 0.000000 0.300000 0.300000 0.300000 0.300000 0.300000 0.300000 0.300000 0.300000 0.300000 0.300000 0.300000 0.300000 0.300000 0.300000 0.300000 0.300000 0.300000 0.000000 0.000000
0.000000 0.000000 0.000000 0.000000 0.000000 0.000000 0.000000 0.000000 0.000000 0.000000 0.000000 0.000000 0.000000 0.000000 0.000000 0.000000 0.000000 0.000000 0.000000 0.000000 0.000000