geotop/1.0zi/1.0Montebello/Templates/testdem/maps/_Eocsilt4851.asc
ncols         21
nrows         20
xllcorner     100.000000
yllcorner     100.000000
cellsize      50.000000
NODATA_value  -9999.0
0.000000 0.000000 0.000000 0.000000 0.000000 0.000000 0.000000 0.000000 0.000000 0.000000 0.000000 0.000000 0.000000 0.000000 0.000000 0.000000 0.000000 0.000000 0.000000 0.000000 0.000000
0.000000 0.000000 0.350099 0.350099 0.350099 0.350099 0.350099 0.350099 0.350099 0.350099 0.350099 0.350099 0.350099 0.350099 0.350099 0.350099 0.350099 0.350099 0.350099 0.000000 0.000000
0.000000 0.000000 0.350002 0.350002 0.350003 0.350003 0.350003 0.350003 0.350004 0.350003 0.350003 0.350003 0.350003 0.350003 0.350003 0.350003 0.350002 0.350002 0.350002 0.000000 0.000000
0.000000 0.000000 0.350036 0.350036 0.350035 0.350031 0.350032 0.350030 0.350032 0.350033 0.350032 0.350031 0.350031 0.350031 0.350032 0.350035 0.350035 0.350037 0.350036 0.000000 0.000000
0.000000 0.000000 0.350414 0.350418 0.350417 0.350412 0.350410 0.350406 0.350405 0.350402 0.350401 0.350403 0.350403 0.350404 0.350409 0.350410 0.350410 0.350418 0.350422 0.000000 0.000000
0.000000 0.000000 0.351652 0.351655 0.351651 0.351639 0.351633 0.351618 0.351615 0.351610 0.351614 0.351617 0.351621 0.351619 0.351625 0.351630 0.351637 0.351639 0.351643 0.000000 0.000000
0.000000 0.000000 0.353563 0.353562 0.353555 0.353540 0.353523 0.353505 0.353506 0.353504 0.353507 0.353505 0.353503 0.353508 0.353521 0.353535 0.353542 0.353549 0.353556 0.000000 0.000000
0.000000 0.000000 0.355817 0.355814 0.355813 0.355799 0.355781 0.355763 0.355764 0.355761 0.355761 0.355761 0.355760 0.355760 0.355778 0.355797 0.355807 0.355810 0.355815 0.000000 0.000000
0.000000 0.000000 0.358163 0.358157 0.358151 0.358140 0.358123 0.358099 0.358101 0.358097 0.358097 0.358097 0.358096 0.358098 0.358117 0.358137 0.358144 0.358150 0.358159 0.000000 0.000000
0.000000 0.000000 0.360492 0.360488 0.360483 0.360472 0.360452 0.360432 0.360435 0.360432 0.360432 0.360432 0.360430 0.360430 0.360451 0.360469 0.360477 0.360482 0.360488 0.000000 0.000000
0.000000 0.000000 0.362849 0.362845 0.362841 0.362831 0.362816 0.362792 0.362794 0.362789 0.362789 0.362790 0.362788 0.362789 0.362806 0.362821 0.362831 0.362836 0.362844 0.000000 0.000000
0.000000 0.000000 0.365298 0.365294 0.365287 0.365273 0.365257 0.365234 0.365233 0.365231 0.365230 0.365230 0.365229 0.365229 0.365252 0.365269 0.365278 0.365283 0.365307 0.000000 0.000000
0.000000 0.000000 0.367786 0.367781 0.367775 0.367765 0.367745 0.367695 0.367696 0.367692 0.367691 0.367691 0.367689 0.367691 0.367734 0.367755 0.367764 0.367769 0.367784 0.000000 0.000000
0.000000 0.000000 0.370436 0.370427 0.370423 0.370412 0.370359 0.370346 0.370338 0.370335 0.370336 0.370335 0.370333 0.370334 0.370348 0.370399 0.370409 0.370420 0.370429 0.000000 0.000000
0.000000 0.000000 0.373305 0.373298 0.373284 0.373237 0.373213 0.373181 0.373166 0.373161 0.373154 0.373152 0.373155 0.373151 0.373176 0.373210 0.373267 0.373265 0.373273 0.000000 0.000000
0.000000 0.000000 0.376284 0.376277 0.376220 0.376211 0.376195 0.376179 0.376178 0.376177 0.376180 0.376179 0.376172 0.376184 0.376192 0.376205 0.376203 0.376267 0.376282 0.000000 0.000000
0.000000 0.000000 0.379622 0.379544 0.379499 0.379477 0.379436 0.379415 0.379410 0.379408 0.379399 0.379399 0.379401 0.379395 0.379411 0.379456 0.379486 0.379514 0.379591 0.000000 0.000000
0.000000 0.000000 0.382187 0.382175 0.382227 0.382198 0.382165 0.382089 0.382083 0.382076 0.382080 0.382078 0.382074 0.382081 0.382150 0.382186 0.382227 0.382161 0.382186 0.000000 0.000000
0.000000 0.000000 0.350000 0.350000 0.350000 0.350000 0.350000 0.350000 0.350000 0.350000 0.350000 0.350000 0.350000 0.350000 0.350000 0.350000 0.350000 0.350000 0.350000 0.000000 0.000000
0.000000 0.000000 0.000000 0.000000 0.000000 0.000000 0.000000 0.000000 0.000000 0.000000 0.000000 0.000000 0.000000 0.000000 0.000000 0.000000 0.000000 0.000000 0.000000 0.000000 0.000000