geotop/1.0zi/1.0Montebello/Templates/testdem/maps/_Eocsilt7232.asc
ncols         21
nrows         20
xllcorner     100.000000
yllcorner     100.000000
cellsize      50.000000
NODATA_value  -9999.0
0.000000 0.000000 0.000000 0.000000 0.000000 0.000000 0.000000 0.000000 0.000000 0.000000 0.000000 0.000000 0.000000 0.000000 0.000000 0.000000 0.000000 0.000000 0.000000 0.000000 0.000000
0.000000 0.000000 0.350147 0.350147 0.350147 0.350148 0.350147 0.350148 0.350148 0.350147 0.350148 0.350147 0.350147 0.350147 0.350147 0.350147 0.350148 0.350148 0.350147 0.000000 0.000000
0.000000 0.000000 0.350004 0.350003 0.350003 0.350003 0.350004 0.350003 0.350004 0.350004 0.350004 0.350004 0.350004 0.350004 0.350004 0.350003 0.350002 0.350002 0.350003 0.000000 0.000000
0.000000 0.000000 0.350062 0.350059 0.350058 0.350052 0.350053 0.350050 0.350053 0.350052 0.350050 0.350052 0.350052 0.350052 0.350053 0.350056 0.350060 0.350061 0.350061 0.000000 0.000000
0.000000 0.000000 0.350804 0.350810 0.350805 0.350797 0.350792 0.350785 0.350783 0.350781 0.350782 0.350782 0.350783 0.350784 0.350795 0.350799 0.350799 0.350807 0.350812 0.000000 0.000000
0.000000 0.000000 0.352983 0.352984 0.352975 0.352961 0.352944 0.352923 0.352924 0.352917 0.352922 0.352922 0.352923 0.352922 0.352932 0.352943 0.352953 0.352960 0.352966 0.000000 0.000000
0.000000 0.000000 0.356172 0.356169 0.356159 0.356136 0.356107 0.356078 0.356079 0.356075 0.356077 0.356075 0.356072 0.356077 0.356101 0.356125 0.356140 0.356153 0.356161 0.000000 0.000000
0.000000 0.000000 0.359986 0.359985 0.359980 0.359956 0.359928 0.359896 0.359896 0.359892 0.359892 0.359889 0.359887 0.359893 0.359921 0.359945 0.359968 0.359973 0.359985 0.000000 0.000000
0.000000 0.000000 0.364038 0.364030 0.364018 0.364002 0.363974 0.363936 0.363938 0.363930 0.363928 0.363926 0.363927 0.363926 0.363962 0.363992 0.364009 0.364019 0.364029 0.000000 0.000000
0.000000 0.000000 0.368219 0.368212 0.368205 0.368191 0.368151 0.368118 0.368120 0.368115 0.368110 0.368112 0.368117 0.368115 0.368144 0.368178 0.368197 0.368203 0.368211 0.000000 0.000000
0.000000 0.000000 0.372636 0.372630 0.372623 0.372592 0.372565 0.372527 0.372536 0.372515 0.372517 0.372517 0.372510 0.372523 0.372548 0.372570 0.372594 0.372607 0.372625 0.000000 0.000000
0.000000 0.000000 0.377416 0.377403 0.377388 0.377368 0.377339 0.377291 0.377291 0.377283 0.377294 0.377279 0.377282 0.377287 0.377333 0.377356 0.377372 0.377382 0.377425 0.000000 0.000000
0.000000 0.000000 0.382464 0.382451 0.382444 0.382417 0.382392 0.382283 0.382282 0.382274 0.382248 0.382260 0.382267 0.382277 0.382360 0.382384 0.382423 0.382428 0.382455 0.000000 0.000000
0.000000 0.000000 0.388172 0.388166 0.388145 0.388126 0.388003 0.387992 0.387968 0.387966 0.387968 0.387963 0.387961 0.387957 0.387959 0.388086 0.388114 0.388147 0.388179 0.000000 0.000000
0.000000 0.000000 0.394706 0.394696 0.394668 0.394525 0.394509 0.394437 0.394399 0.394390 0.394367 0.394346 0.394363 0.394358 0.394424 0.394451 0.394643 0.394622 0.394635 0.000000 0.000000
0.000000 0.000000 0.401819 0.401807 0.401606 0.401621 0.401609 0.401570 0.401633 0.401607 0.401638 0.401617 0.401589 0.401638 0.401660 0.401672 0.401583 0.401855 0.401855 0.000000 0.000000
0.000000 0.000000 0.410462 0.410155 0.410145 0.410048 0.409893 0.409842 0.409788 0.409797 0.409719 0.409719 0.409760 0.409728 0.409803 0.409918 0.410129 0.410066 0.410382 0.000000 0.000000
0.000000 0.000000 0.415317 0.415501 0.415786 0.415751 0.415710 0.415436 0.415454 0.415383 0.415473 0.415449 0.415449 0.415475 0.415715 0.415745 0.415833 0.415573 0.415401 0.000000 0.000000
0.000000 0.000000 0.350000 0.350000 0.350000 0.350000 0.350000 0.350000 0.350000 0.350000 0.350000 0.350000 0.350000 0.350000 0.350000 0.350000 0.350000 0.350000 0.350000 0.000000 0.000000
0.000000 0.000000 0.000000 0.000000 0.000000 0.000000 0.000000 0.000000 0.000000 0.000000 0.000000 0.000000 0.000000 0.000000 0.000000 0.000000 0.000000 0.000000 0.000000 0.000000 0.000000