geotop/1.0zi/1.0Montebello/Templates/testdem/maps/_Eocclay3313.asc
ncols         21
nrows         20
xllcorner     100.000000
yllcorner     100.000000
cellsize      50.000000
NODATA_value  -9999.0
0.000000 0.000000 0.000000 0.000000 0.000000 0.000000 0.000000 0.000000 0.000000 0.000000 0.000000 0.000000 0.000000 0.000000 0.000000 0.000000 0.000000 0.000000 0.000000 0.000000 0.000000
0.000000 0.000000 0.349821 0.349821 0.349821 0.349820 0.349821 0.349821 0.349821 0.349821 0.349820 0.349821 0.349821 0.349821 0.349821 0.349820 0.349821 0.349821 0.349821 0.000000 0.000000
0.000000 0.000000 0.349995 0.349995 0.349995 0.349995 0.349995 0.349995 0.349995 0.349995 0.349996 0.349995 0.349995 0.349995 0.349995 0.349995 0.349995 0.349995 0.349995 0.000000 0.000000
0.000000 0.000000 0.351255 0.351255 0.351253 0.351254 0.351255 0.351255 0.351255 0.351255 0.351255 0.351255 0.351255 0.351255 0.351255 0.351254 0.351253 0.351255 0.351255 0.000000 0.000000
0.000000 0.000000 0.356335 0.356334 0.356332 0.356332 0.356336 0.356335 0.356335 0.356336 0.356337 0.356336 0.356335 0.356335 0.356336 0.356332 0.356332 0.356334 0.356335 0.000000 0.000000
0.000000 0.000000 0.361965 0.361965 0.361963 0.361963 0.361966 0.361965 0.361965 0.361966 0.361967 0.361966 0.361965 0.361965 0.361966 0.361963 0.361963 0.361965 0.361965 0.000000 0.000000
0.000000 0.000000 0.367246 0.367246 0.367245 0.367245 0.367247 0.367246 0.367246 0.367247 0.367248 0.367247 0.367246 0.367246 0.367247 0.367245 0.367245 0.367246 0.367246 0.000000 0.000000
0.000000 0.000000 0.372056 0.372055 0.372054 0.372054 0.372056 0.372055 0.372055 0.372056 0.372057 0.372056 0.372055 0.372055 0.372056 0.372054 0.372054 0.372055 0.372056 0.000000 0.000000
0.000000 0.000000 0.376505 0.376504 0.376503 0.376503 0.376505 0.376504 0.376504 0.376505 0.376505 0.376505 0.376504 0.376504 0.376505 0.376503 0.376503 0.376504 0.376505 0.000000 0.000000
0.000000 0.000000 0.380696 0.380696 0.380695 0.380695 0.380697 0.380696 0.380696 0.380697 0.380697 0.380697 0.380696 0.380696 0.380697 0.380695 0.380695 0.380696 0.380696 0.000000 0.000000
0.000000 0.000000 0.384682 0.384682 0.384681 0.384681 0.384683 0.384682 0.384682 0.384683 0.384683 0.384683 0.384682 0.384682 0.384683 0.384681 0.384681 0.384682 0.384682 0.000000 0.000000
0.000000 0.000000 0.388500 0.388500 0.388499 0.388499 0.388501 0.388500 0.388500 0.388501 0.388501 0.388501 0.388500 0.388500 0.388501 0.388499 0.388499 0.388500 0.388500 0.000000 0.000000
0.000000 0.000000 0.392177 0.392177 0.392176 0.392176 0.392177 0.392177 0.392177 0.392177 0.392178 0.392177 0.392177 0.392177 0.392177 0.392176 0.392176 0.392177 0.392177 0.000000 0.000000
0.000000 0.000000 0.395742 0.395742 0.395741 0.395741 0.395742 0.395742 0.395742 0.395742 0.395743 0.395742 0.395742 0.395742 0.395742 0.395741 0.395741 0.395742 0.395742 0.000000 0.000000
0.000000 0.000000 0.399205 0.399204 0.399203 0.399204 0.399205 0.399205 0.399205 0.399205 0.399205 0.399205 0.399205 0.399205 0.399205 0.399204 0.399203 0.399204 0.399205 0.000000 0.000000
0.000000 0.000000 0.402571 0.402571 0.402570 0.402571 0.402572 0.402571 0.402571 0.402572 0.402572 0.402572 0.402571 0.402571 0.402572 0.402571 0.402570 0.402571 0.402571 0.000000 0.000000
0.000000 0.000000 0.405852 0.405852 0.405851 0.405851 0.405852 0.405852 0.405852 0.405852 0.405853 0.405852 0.405852 0.405852 0.405852 0.405851 0.405851 0.405852 0.405852 0.000000 0.000000
0.000000 0.000000 0.409106 0.409106 0.409105 0.409105 0.409107 0.409106 0.409106 0.409107 0.409107 0.409107 0.409106 0.409106 0.409107 0.409105 0.409105 0.409106 0.409106 0.000000 0.000000
0.000000 0.000000 0.350000 0.350000 0.350000 0.350000 0.350000 0.350000 0.350000 0.350000 0.350000 0.350000 0.350000 0.350000 0.350000 0.350000 0.350000 0.350000 0.350000 0.000000 0.000000
0.000000 0.000000 0.000000 0.000000 0.000000 0.000000 0.000000 0.000000 0.000000 0.000000 0.000000 0.000000 0.000000 0.000000 0.000000 0.000000 0.000000 0.000000 0.000000 0.000000 0.000000