geotop/1.0zi/1.0Montebello/Templates/testdem/maps/_Eocsand7062.asc
ncols         21
nrows         20
xllcorner     100.000000
yllcorner     100.000000
cellsize      50.000000
NODATA_value  -9999.0
0.000000 0.000000 0.000000 0.000000 0.000000 0.000000 0.000000 0.000000 0.000000 0.000000 0.000000 0.000000 0.000000 0.000000 0.000000 0.000000 0.000000 0.000000 0.000000 0.000000 0.000000
0.000000 0.000000 0.300176 0.300174 0.300174 0.300174 0.300173 0.300173 0.300173 0.300174 0.300174 0.300174 0.300174 0.300174 0.300173 0.300173 0.300175 0.300175 0.300175 0.000000 0.000000
0.000000 0.000000 0.300010 0.300011 0.300010 0.300009 0.300010 0.300010 0.300010 0.300010 0.300010 0.300010 0.300009 0.300010 0.300010 0.300010 0.300011 0.300011 0.300012 0.000000 0.000000
0.000000 0.000000 0.299958 0.299957 0.299962 0.299967 0.299964 0.299968 0.299963 0.299967 0.299965 0.299965 0.299965 0.299967 0.299964 0.299959 0.299958 0.299955 0.299955 0.000000 0.000000
0.000000 0.000000 0.298494 0.298490 0.298499 0.298511 0.298530 0.298539 0.298541 0.298541 0.298543 0.298542 0.298546 0.298540 0.298522 0.298517 0.298512 0.298503 0.298491 0.000000 0.000000
0.000000 0.000000 0.294179 0.294179 0.294199 0.294238 0.294266 0.294308 0.294306 0.294318 0.294310 0.294309 0.294307 0.294307 0.294289 0.294262 0.294241 0.294222 0.294208 0.000000 0.000000
0.000000 0.000000 0.287926 0.287932 0.287950 0.287993 0.288048 0.288110 0.288108 0.288118 0.288114 0.288115 0.288119 0.288113 0.288062 0.288013 0.287986 0.287963 0.287945 0.000000 0.000000
0.000000 0.000000 0.280445 0.280448 0.280461 0.280509 0.280562 0.280630 0.280628 0.280636 0.280637 0.280642 0.280647 0.280633 0.280578 0.280531 0.280489 0.280477 0.280451 0.000000 0.000000
0.000000 0.000000 0.272588 0.272601 0.272626 0.272656 0.272711 0.272784 0.272778 0.272795 0.272799 0.272803 0.272802 0.272803 0.272734 0.272675 0.272643 0.272627 0.272606 0.000000 0.000000
0.000000 0.000000 0.264474 0.264490 0.264503 0.264530 0.264609 0.264673 0.264670 0.264680 0.264690 0.264685 0.264676 0.264680 0.264622 0.264557 0.264519 0.264508 0.264491 0.000000 0.000000
0.000000 0.000000 0.255891 0.255901 0.255916 0.255976 0.256028 0.256104 0.256087 0.256127 0.256123 0.256124 0.256138 0.256112 0.256062 0.256021 0.255974 0.255950 0.255913 0.000000 0.000000
0.000000 0.000000 0.246636 0.246661 0.246690 0.246731 0.246787 0.246878 0.246878 0.246895 0.246873 0.246903 0.246898 0.246889 0.246801 0.246755 0.246724 0.246706 0.246620 0.000000 0.000000
0.000000 0.000000 0.236882 0.236907 0.236922 0.236973 0.237022 0.237233 0.237233 0.237250 0.237299 0.237276 0.237263 0.237243 0.237085 0.237039 0.236962 0.236954 0.236899 0.000000 0.000000
0.000000 0.000000 0.225897 0.225908 0.225949 0.225987 0.226220 0.226244 0.226292 0.226295 0.226294 0.226301 0.226305 0.226312 0.226307 0.226064 0.226011 0.225948 0.225886 0.000000 0.000000
0.000000 0.000000 0.213364 0.213384 0.213439 0.213708 0.213743 0.213878 0.213954 0.213971 0.214015 0.214052 0.214022 0.214032 0.213909 0.213851 0.213490 0.213529 0.213501 0.000000 0.000000
0.000000 0.000000 0.199750 0.199771 0.200149 0.200130 0.200150 0.200227 0.200112 0.200163 0.200106 0.200147 0.200199 0.200107 0.200065 0.200041 0.200195 0.199693 0.199690 0.000000 0.000000
0.000000 0.000000 0.183262 0.183830 0.183868 0.184045 0.184331 0.184426 0.184520 0.184507 0.184649 0.184649 0.184578 0.184633 0.184494 0.184281 0.183903 0.183997 0.183411 0.000000 0.000000
0.000000 0.000000 0.173620 0.173307 0.172776 0.172849 0.172939 0.173449 0.173423 0.173553 0.173395 0.173438 0.173435 0.173391 0.172939 0.172875 0.172690 0.173189 0.173475 0.000000 0.000000
0.000000 0.000000 0.300000 0.300000 0.300000 0.300000 0.300000 0.300000 0.300000 0.300000 0.300000 0.300000 0.300000 0.300000 0.300000 0.300000 0.300000 0.300000 0.300000 0.000000 0.000000
0.000000 0.000000 0.000000 0.000000 0.000000 0.000000 0.000000 0.000000 0.000000 0.000000 0.000000 0.000000 0.000000 0.000000 0.000000 0.000000 0.000000 0.000000 0.000000 0.000000 0.000000