geotop/1.0zi/1.0Montebello/Templates/testdem/maps/_Eocsilt3603.asc
ncols         21
nrows         20
xllcorner     100.000000
yllcorner     100.000000
cellsize      50.000000
NODATA_value  -9999.0
0.000000 0.000000 0.000000 0.000000 0.000000 0.000000 0.000000 0.000000 0.000000 0.000000 0.000000 0.000000 0.000000 0.000000 0.000000 0.000000 0.000000 0.000000 0.000000 0.000000 0.000000
0.000000 0.000000 0.350094 0.350094 0.350094 0.350094 0.350094 0.350094 0.350094 0.350094 0.350094 0.350094 0.350094 0.350094 0.350094 0.350094 0.350094 0.350094 0.350094 0.000000 0.000000
0.000000 0.000000 0.349993 0.349993 0.349993 0.349993 0.349993 0.349993 0.349993 0.349993 0.349994 0.349993 0.349993 0.349993 0.349993 0.349993 0.349993 0.349993 0.349993 0.000000 0.000000
0.000000 0.000000 0.351381 0.351380 0.351377 0.351379 0.351381 0.351381 0.351380 0.351380 0.351381 0.351380 0.351380 0.351381 0.351381 0.351379 0.351377 0.351380 0.351381 0.000000 0.000000
0.000000 0.000000 0.356373 0.356372 0.356371 0.356371 0.356373 0.356372 0.356372 0.356373 0.356373 0.356373 0.356372 0.356372 0.356373 0.356371 0.356371 0.356372 0.356373 0.000000 0.000000
0.000000 0.000000 0.362575 0.362574 0.362573 0.362573 0.362575 0.362574 0.362574 0.362574 0.362575 0.362574 0.362574 0.362574 0.362575 0.362573 0.362573 0.362574 0.362575 0.000000 0.000000
0.000000 0.000000 0.368190 0.368189 0.368188 0.368188 0.368189 0.368189 0.368188 0.368189 0.368189 0.368189 0.368188 0.368189 0.368189 0.368188 0.368188 0.368189 0.368190 0.000000 0.000000
0.000000 0.000000 0.373257 0.373256 0.373255 0.373255 0.373256 0.373256 0.373255 0.373256 0.373256 0.373256 0.373255 0.373256 0.373256 0.373255 0.373255 0.373256 0.373257 0.000000 0.000000
0.000000 0.000000 0.377923 0.377922 0.377921 0.377922 0.377923 0.377922 0.377922 0.377923 0.377923 0.377923 0.377922 0.377922 0.377923 0.377922 0.377921 0.377922 0.377923 0.000000 0.000000
0.000000 0.000000 0.382300 0.382300 0.382299 0.382299 0.382300 0.382300 0.382299 0.382300 0.382300 0.382300 0.382299 0.382300 0.382300 0.382299 0.382299 0.382300 0.382300 0.000000 0.000000
0.000000 0.000000 0.386446 0.386445 0.386445 0.386445 0.386446 0.386445 0.386445 0.386446 0.386446 0.386446 0.386445 0.386445 0.386446 0.386445 0.386445 0.386445 0.386446 0.000000 0.000000
0.000000 0.000000 0.390402 0.390401 0.390400 0.390400 0.390401 0.390401 0.390401 0.390401 0.390401 0.390401 0.390401 0.390401 0.390401 0.390400 0.390400 0.390401 0.390402 0.000000 0.000000
0.000000 0.000000 0.394197 0.394196 0.394195 0.394196 0.394197 0.394196 0.394196 0.394196 0.394197 0.394196 0.394196 0.394196 0.394197 0.394196 0.394195 0.394196 0.394197 0.000000 0.000000
0.000000 0.000000 0.397860 0.397860 0.397859 0.397859 0.397860 0.397860 0.397859 0.397860 0.397860 0.397860 0.397859 0.397860 0.397860 0.397859 0.397859 0.397860 0.397860 0.000000 0.000000
0.000000 0.000000 0.401403 0.401403 0.401402 0.401402 0.401403 0.401403 0.401403 0.401403 0.401403 0.401403 0.401403 0.401403 0.401403 0.401402 0.401402 0.401403 0.401403 0.000000 0.000000
0.000000 0.000000 0.404831 0.404831 0.404830 0.404830 0.404831 0.404831 0.404831 0.404831 0.404831 0.404831 0.404831 0.404831 0.404831 0.404830 0.404830 0.404831 0.404831 0.000000 0.000000
0.000000 0.000000 0.408156 0.408156 0.408155 0.408156 0.408156 0.408156 0.408156 0.408156 0.408156 0.408156 0.408156 0.408156 0.408156 0.408156 0.408155 0.408156 0.408156 0.000000 0.000000
0.000000 0.000000 0.411425 0.411425 0.411424 0.411424 0.411425 0.411425 0.411425 0.411425 0.411425 0.411425 0.411425 0.411425 0.411425 0.411424 0.411424 0.411425 0.411425 0.000000 0.000000
0.000000 0.000000 0.350000 0.350000 0.350000 0.350000 0.350000 0.350000 0.350000 0.350000 0.350000 0.350000 0.350000 0.350000 0.350000 0.350000 0.350000 0.350000 0.350000 0.000000 0.000000
0.000000 0.000000 0.000000 0.000000 0.000000 0.000000 0.000000 0.000000 0.000000 0.000000 0.000000 0.000000 0.000000 0.000000 0.000000 0.000000 0.000000 0.000000 0.000000 0.000000 0.000000