geotop/1.0zi/1.0Montebello/Templates/testdem/maps/_Eocsilt8807.asc
ncols         21
nrows         20
xllcorner     100.000000
yllcorner     100.000000
cellsize      50.000000
NODATA_value  -9999.0
0.000000 0.000000 0.000000 0.000000 0.000000 0.000000 0.000000 0.000000 0.000000 0.000000 0.000000 0.000000 0.000000 0.000000 0.000000 0.000000 0.000000 0.000000 0.000000 0.000000 0.000000
0.000000 0.000000 0.350189 0.350189 0.350189 0.350189 0.350189 0.350189 0.350189 0.350189 0.350189 0.350189 0.350189 0.350189 0.350189 0.350189 0.350189 0.350189 0.350189 0.000000 0.000000
0.000000 0.000000 0.350005 0.350005 0.350005 0.350005 0.350006 0.350005 0.350005 0.350006 0.350006 0.350006 0.350006 0.350006 0.350005 0.350005 0.350003 0.350003 0.350005 0.000000 0.000000
0.000000 0.000000 0.350121 0.350117 0.350112 0.350107 0.350107 0.350102 0.350105 0.350105 0.350102 0.350105 0.350105 0.350105 0.350107 0.350111 0.350116 0.350116 0.350119 0.000000 0.000000
0.000000 0.000000 0.351219 0.351225 0.351216 0.351199 0.351191 0.351187 0.351187 0.351184 0.351185 0.351187 0.351191 0.351189 0.351202 0.351209 0.351212 0.351215 0.351218 0.000000 0.000000
0.000000 0.000000 0.354318 0.354313 0.354304 0.354285 0.354259 0.354238 0.354238 0.354232 0.354236 0.354237 0.354240 0.354238 0.354253 0.354270 0.354280 0.354284 0.354291 0.000000 0.000000
0.000000 0.000000 0.358716 0.358707 0.358696 0.358665 0.358630 0.358586 0.358590 0.358586 0.358586 0.358586 0.358583 0.358588 0.358625 0.358653 0.358671 0.358683 0.358690 0.000000 0.000000
0.000000 0.000000 0.363912 0.363903 0.363896 0.363863 0.363828 0.363788 0.363790 0.363785 0.363784 0.363782 0.363780 0.363787 0.363822 0.363854 0.363883 0.363885 0.363898 0.000000 0.000000
0.000000 0.000000 0.369549 0.369536 0.369520 0.369496 0.369456 0.369408 0.369413 0.369403 0.369401 0.369399 0.369401 0.369399 0.369449 0.369486 0.369508 0.369514 0.369528 0.000000 0.000000
0.000000 0.000000 0.375600 0.375585 0.375575 0.375552 0.375496 0.375454 0.375457 0.375451 0.375444 0.375449 0.375455 0.375453 0.375492 0.375539 0.375563 0.375569 0.375576 0.000000 0.000000
0.000000 0.000000 0.382263 0.382252 0.382243 0.382188 0.382152 0.382099 0.382114 0.382082 0.382089 0.382085 0.382075 0.382094 0.382135 0.382163 0.382198 0.382209 0.382236 0.000000 0.000000
0.000000 0.000000 0.389802 0.389780 0.389753 0.389723 0.389675 0.389610 0.389610 0.389606 0.389620 0.389595 0.389607 0.389607 0.389679 0.389717 0.389735 0.389744 0.389803 0.000000 0.000000
0.000000 0.000000 0.398087 0.398062 0.398059 0.398002 0.397964 0.397775 0.397776 0.397766 0.397710 0.397744 0.397752 0.397769 0.397917 0.397953 0.398022 0.398022 0.398047 0.000000 0.000000
0.000000 0.000000 0.408045 0.408037 0.407993 0.407957 0.407700 0.407752 0.407704 0.407706 0.407732 0.407708 0.407703 0.407682 0.407637 0.407912 0.407936 0.407997 0.408042 0.000000 0.000000
0.000000 0.000000 0.419835 0.419804 0.419752 0.419418 0.419491 0.419318 0.419258 0.419241 0.419179 0.419144 0.419183 0.419179 0.419348 0.419291 0.419730 0.419636 0.419633 0.000000 0.000000
0.000000 0.000000 0.432315 0.432290 0.431828 0.432007 0.431954 0.431944 0.432141 0.432085 0.432187 0.432162 0.432081 0.432194 0.432173 0.432221 0.431790 0.432473 0.432461 0.000000 0.000000
0.000000 0.000000 0.446495 0.445876 0.446074 0.445807 0.445497 0.445406 0.445210 0.445258 0.445056 0.445080 0.445198 0.445075 0.445242 0.445471 0.446055 0.445610 0.446250 0.000000 0.000000
0.000000 0.000000 0.450688 0.451177 0.451612 0.451601 0.451622 0.451199 0.451278 0.451153 0.451362 0.451319 0.451288 0.451356 0.451707 0.451694 0.451688 0.451349 0.450866 0.000000 0.000000
0.000000 0.000000 0.350000 0.350000 0.350000 0.350000 0.350000 0.350000 0.350000 0.350000 0.350000 0.350000 0.350000 0.350000 0.350000 0.350000 0.350000 0.350000 0.350000 0.000000 0.000000
0.000000 0.000000 0.000000 0.000000 0.000000 0.000000 0.000000 0.000000 0.000000 0.000000 0.000000 0.000000 0.000000 0.000000 0.000000 0.000000 0.000000 0.000000 0.000000 0.000000 0.000000