geotop/1.0zi/1.0Montebello/Templates/testdem/maps/_Eocsand8574.asc
ncols         21
nrows         20
xllcorner     100.000000
yllcorner     100.000000
cellsize      50.000000
NODATA_value  -9999.0
0.000000 0.000000 0.000000 0.000000 0.000000 0.000000 0.000000 0.000000 0.000000 0.000000 0.000000 0.000000 0.000000 0.000000 0.000000 0.000000 0.000000 0.000000 0.000000 0.000000 0.000000
0.000000 0.000000 0.300215 0.300213 0.300213 0.300213 0.300212 0.300212 0.300212 0.300212 0.300213 0.300212 0.300212 0.300212 0.300212 0.300212 0.300214 0.300213 0.300213 0.000000 0.000000
0.000000 0.000000 0.300011 0.300013 0.300012 0.300011 0.300012 0.300013 0.300012 0.300012 0.300012 0.300012 0.300012 0.300012 0.300012 0.300012 0.300013 0.300013 0.300014 0.000000 0.000000
0.000000 0.000000 0.299893 0.299892 0.299898 0.299906 0.299902 0.299910 0.299905 0.299907 0.299907 0.299907 0.299908 0.299909 0.299903 0.299898 0.299896 0.299892 0.299893 0.000000 0.000000
0.000000 0.000000 0.297865 0.297867 0.297880 0.297897 0.297924 0.297932 0.297936 0.297938 0.297939 0.297935 0.297934 0.297932 0.297911 0.297904 0.297891 0.297879 0.297868 0.000000 0.000000
0.000000 0.000000 0.291881 0.291886 0.291913 0.291963 0.292001 0.292047 0.292048 0.292061 0.292051 0.292051 0.292042 0.292046 0.292020 0.291987 0.291957 0.291937 0.291924 0.000000 0.000000
0.000000 0.000000 0.283485 0.283499 0.283519 0.283574 0.283644 0.283723 0.283722 0.283732 0.283730 0.283728 0.283730 0.283725 0.283657 0.283598 0.283564 0.283535 0.283520 0.000000 0.000000
0.000000 0.000000 0.273545 0.273555 0.273571 0.273635 0.273699 0.273786 0.273786 0.273798 0.273798 0.273802 0.273807 0.273791 0.273717 0.273662 0.273606 0.273591 0.273564 0.000000 0.000000
0.000000 0.000000 0.262846 0.262869 0.262899 0.262941 0.263015 0.263108 0.263101 0.263122 0.263127 0.263129 0.263126 0.263129 0.263038 0.262966 0.262923 0.262901 0.262878 0.000000 0.000000
0.000000 0.000000 0.251428 0.251454 0.251471 0.251512 0.251618 0.251702 0.251701 0.251712 0.251725 0.251715 0.251703 0.251708 0.251631 0.251546 0.251495 0.251476 0.251461 0.000000 0.000000
0.000000 0.000000 0.238902 0.238917 0.238936 0.239033 0.239103 0.239209 0.239181 0.239242 0.239229 0.239234 0.239253 0.239218 0.239142 0.239092 0.239022 0.238988 0.238940 0.000000 0.000000
0.000000 0.000000 0.224847 0.224892 0.224935 0.224988 0.225080 0.225203 0.225216 0.225226 0.225198 0.225243 0.225223 0.225222 0.225087 0.225016 0.224973 0.224945 0.224833 0.000000 0.000000
0.000000 0.000000 0.209485 0.209531 0.209536 0.209634 0.209705 0.210053 0.210060 0.210076 0.210175 0.210115 0.210100 0.210069 0.209800 0.209736 0.209602 0.209592 0.209538 0.000000 0.000000
0.000000 0.000000 0.191211 0.191225 0.191300 0.191363 0.191817 0.191759 0.191849 0.191848 0.191811 0.191846 0.191854 0.191888 0.191943 0.191467 0.191408 0.191282 0.191199 0.000000 0.000000
0.000000 0.000000 0.169494 0.169543 0.169636 0.170223 0.170138 0.170438 0.170563 0.170593 0.170698 0.170760 0.170693 0.170705 0.170412 0.170471 0.169695 0.169829 0.169823 0.000000 0.000000
0.000000 0.000000 0.145863 0.145905 0.146748 0.146468 0.146551 0.146603 0.146271 0.146372 0.146192 0.146243 0.146386 0.146179 0.146186 0.146128 0.146825 0.145582 0.145601 0.000000 0.000000
0.000000 0.000000 0.117252 0.118526 0.118181 0.118697 0.119334 0.119528 0.119908 0.119820 0.120216 0.120170 0.119939 0.120177 0.119840 0.119371 0.118228 0.119039 0.117714 0.000000 0.000000
0.000000 0.000000 0.108326 0.107152 0.106161 0.106149 0.106073 0.107044 0.106861 0.107150 0.106662 0.106757 0.106838 0.106674 0.105870 0.105928 0.105979 0.106722 0.107880 0.000000 0.000000
0.000000 0.000000 0.300000 0.300000 0.300000 0.300000 0.300000 0.300000 0.300000 0.300000 0.300000 0.300000 0.300000 0.300000 0.300000 0.300000 0.300000 0.300000 0.300000 0.000000 0.000000
0.000000 0.000000 0.000000 0.000000 0.000000 0.000000 0.000000 0.000000 0.000000 0.000000 0.000000 0.000000 0.000000 0.000000 0.000000 0.000000 0.000000 0.000000 0.000000 0.000000 0.000000