geotop/1.0zi/1.0Montebello/Templates/testdem/maps/_Eocsilt0257.asc
ncols         21
nrows         20
xllcorner     100.000000
yllcorner     100.000000
cellsize      50.000000
NODATA_value  -9999.0
0.000000 0.000000 0.000000 0.000000 0.000000 0.000000 0.000000 0.000000 0.000000 0.000000 0.000000 0.000000 0.000000 0.000000 0.000000 0.000000 0.000000 0.000000 0.000000 0.000000 0.000000
0.000000 0.000000 0.350006 0.350006 0.350006 0.350006 0.350006 0.350006 0.350006 0.350006 0.350006 0.350006 0.350006 0.350006 0.350006 0.350006 0.350006 0.350006 0.350006 0.000000 0.000000
0.000000 0.000000 0.350001 0.350000 0.350001 0.350000 0.350001 0.350001 0.350001 0.350001 0.350001 0.350001 0.350001 0.350001 0.350001 0.350000 0.350001 0.350000 0.350001 0.000000 0.000000
0.000000 0.000000 0.350218 0.350218 0.350215 0.350218 0.350218 0.350218 0.350218 0.350218 0.350218 0.350218 0.350218 0.350218 0.350218 0.350218 0.350215 0.350218 0.350218 0.000000 0.000000
0.000000 0.000000 0.350780 0.350779 0.350777 0.350779 0.350780 0.350780 0.350780 0.350780 0.350780 0.350780 0.350780 0.350780 0.350780 0.350779 0.350777 0.350779 0.350780 0.000000 0.000000
0.000000 0.000000 0.351298 0.351298 0.351296 0.351298 0.351298 0.351298 0.351298 0.351298 0.351298 0.351298 0.351298 0.351298 0.351298 0.351298 0.351296 0.351298 0.351298 0.000000 0.000000
0.000000 0.000000 0.351757 0.351757 0.351755 0.351757 0.351757 0.351757 0.351757 0.351757 0.351757 0.351757 0.351757 0.351757 0.351757 0.351757 0.351755 0.351757 0.351757 0.000000 0.000000
0.000000 0.000000 0.352176 0.352176 0.352175 0.352176 0.352176 0.352176 0.352176 0.352176 0.352176 0.352176 0.352176 0.352176 0.352176 0.352176 0.352175 0.352176 0.352176 0.000000 0.000000
0.000000 0.000000 0.352568 0.352568 0.352567 0.352568 0.352568 0.352568 0.352568 0.352568 0.352568 0.352568 0.352568 0.352568 0.352568 0.352568 0.352567 0.352568 0.352568 0.000000 0.000000
0.000000 0.000000 0.352945 0.352945 0.352943 0.352945 0.352945 0.352945 0.352945 0.352945 0.352945 0.352945 0.352945 0.352945 0.352945 0.352945 0.352943 0.352945 0.352945 0.000000 0.000000
0.000000 0.000000 0.353308 0.353308 0.353306 0.353308 0.353308 0.353308 0.353308 0.353308 0.353308 0.353308 0.353308 0.353308 0.353308 0.353308 0.353306 0.353308 0.353308 0.000000 0.000000
0.000000 0.000000 0.353661 0.353661 0.353660 0.353661 0.353661 0.353662 0.353662 0.353662 0.353662 0.353662 0.353662 0.353662 0.353661 0.353661 0.353660 0.353661 0.353661 0.000000 0.000000
0.000000 0.000000 0.354008 0.354008 0.354007 0.354008 0.354008 0.354008 0.354008 0.354008 0.354008 0.354008 0.354008 0.354008 0.354008 0.354008 0.354007 0.354008 0.354008 0.000000 0.000000
0.000000 0.000000 0.354347 0.354347 0.354346 0.354347 0.354347 0.354347 0.354347 0.354347 0.354347 0.354347 0.354347 0.354347 0.354347 0.354347 0.354346 0.354347 0.354347 0.000000 0.000000
0.000000 0.000000 0.354681 0.354681 0.354679 0.354681 0.354681 0.354681 0.354681 0.354681 0.354681 0.354681 0.354681 0.354681 0.354681 0.354681 0.354679 0.354681 0.354681 0.000000 0.000000
0.000000 0.000000 0.355012 0.355012 0.355011 0.355012 0.355012 0.355012 0.355012 0.355012 0.355012 0.355012 0.355012 0.355012 0.355012 0.355012 0.355011 0.355012 0.355012 0.000000 0.000000
0.000000 0.000000 0.355338 0.355338 0.355336 0.355338 0.355338 0.355338 0.355338 0.355338 0.355338 0.355338 0.355338 0.355338 0.355338 0.355338 0.355336 0.355338 0.355338 0.000000 0.000000
0.000000 0.000000 0.355683 0.355683 0.355681 0.355683 0.355683 0.355683 0.355683 0.355683 0.355683 0.355683 0.355683 0.355683 0.355683 0.355683 0.355681 0.355683 0.355683 0.000000 0.000000
0.000000 0.000000 0.350000 0.350000 0.350000 0.350000 0.350000 0.350000 0.350000 0.350000 0.350000 0.350000 0.350000 0.350000 0.350000 0.350000 0.350000 0.350000 0.350000 0.000000 0.000000
0.000000 0.000000 0.000000 0.000000 0.000000 0.000000 0.000000 0.000000 0.000000 0.000000 0.000000 0.000000 0.000000 0.000000 0.000000 0.000000 0.000000 0.000000 0.000000 0.000000 0.000000