geotop/1.0zi/1.0Montebello/Templates/testdem/maps/_Eocclay085V.asc
ncols         21
nrows         20
xllcorner     100.000000
yllcorner     100.000000
cellsize      50.000000
NODATA_value  -9999.0
0.000000 0.000000 0.000000 0.000000 0.000000 0.000000 0.000000 0.000000 0.000000 0.000000 0.000000 0.000000 0.000000 0.000000 0.000000 0.000000 0.000000 0.000000 0.000000 0.000000 0.000000
0.000000 0.000000 0.349490 0.349492 0.349492 0.349491 0.349493 0.349493 0.349492 0.349493 0.349492 0.349493 0.349493 0.349492 0.349493 0.349492 0.349491 0.349491 0.349492 0.000000 0.000000
0.000000 0.000000 0.349979 0.349977 0.349977 0.349979 0.349977 0.349976 0.349977 0.349977 0.349976 0.349977 0.349977 0.349976 0.349978 0.349978 0.349979 0.349978 0.349977 0.000000 0.000000
0.000000 0.000000 0.350078 0.350088 0.350085 0.350079 0.350082 0.350082 0.350086 0.350083 0.350085 0.350083 0.350084 0.350082 0.350087 0.350090 0.350089 0.350087 0.350085 0.000000 0.000000
0.000000 0.000000 0.351967 0.351953 0.351945 0.351930 0.351909 0.351904 0.351902 0.351904 0.351902 0.351906 0.351906 0.351908 0.351917 0.351923 0.351937 0.351945 0.351953 0.000000 0.000000
0.000000 0.000000 0.356708 0.356701 0.356676 0.356631 0.356595 0.356560 0.356566 0.356562 0.356559 0.356559 0.356566 0.356563 0.356581 0.356617 0.356636 0.356651 0.356656 0.000000 0.000000
0.000000 0.000000 0.363000 0.362985 0.362968 0.362922 0.362876 0.362807 0.362809 0.362805 0.362798 0.362799 0.362800 0.362800 0.362854 0.362895 0.362919 0.362936 0.362944 0.000000 0.000000
0.000000 0.000000 0.370576 0.370558 0.370536 0.370473 0.370421 0.370357 0.370359 0.370353 0.370345 0.370342 0.370340 0.370350 0.370400 0.370443 0.370484 0.370495 0.370510 0.000000 0.000000
0.000000 0.000000 0.379106 0.379082 0.379048 0.378999 0.378937 0.378862 0.378871 0.378859 0.378847 0.378844 0.378847 0.378843 0.378914 0.378968 0.379000 0.379015 0.379028 0.000000 0.000000
0.000000 0.000000 0.388905 0.388869 0.388838 0.388783 0.388712 0.388630 0.388632 0.388627 0.388608 0.388614 0.388623 0.388619 0.388676 0.388750 0.388791 0.388808 0.388813 0.000000 0.000000
0.000000 0.000000 0.400566 0.400535 0.400506 0.400383 0.400351 0.400234 0.400260 0.400208 0.400210 0.400200 0.400179 0.400211 0.400281 0.400326 0.400386 0.400409 0.400458 0.000000 0.000000
0.000000 0.000000 0.414772 0.414703 0.414619 0.414565 0.414495 0.414345 0.414331 0.414340 0.414352 0.414307 0.414330 0.414309 0.414446 0.414529 0.414558 0.414580 0.414679 0.000000 0.000000
0.000000 0.000000 0.430965 0.430902 0.430886 0.430752 0.430668 0.430240 0.430230 0.430206 0.430035 0.430152 0.430150 0.430189 0.430500 0.430562 0.430728 0.430738 0.430733 0.000000 0.000000
0.000000 0.000000 0.449955 0.449929 0.449783 0.449715 0.449151 0.449450 0.449332 0.449338 0.449450 0.449340 0.449326 0.449249 0.448989 0.449612 0.449597 0.449746 0.449825 0.000000 0.000000
0.000000 0.000000 0.466084 0.466033 0.465973 0.465488 0.465748 0.465410 0.465362 0.465330 0.465201 0.465182 0.465233 0.465246 0.465539 0.465278 0.465906 0.465748 0.465712 0.000000 0.000000
0.000000 0.000000 0.476442 0.476416 0.476117 0.476182 0.476163 0.476121 0.476238 0.476203 0.476248 0.476235 0.476189 0.476255 0.476257 0.476271 0.476054 0.476462 0.476449 0.000000 0.000000
0.000000 0.000000 0.484382 0.484197 0.484155 0.484087 0.483995 0.483948 0.483926 0.483929 0.483883 0.483884 0.483903 0.483889 0.483937 0.484004 0.484113 0.484114 0.484288 0.000000 0.000000
0.000000 0.000000 0.488432 0.488527 0.488550 0.488566 0.488551 0.488437 0.488484 0.488446 0.488504 0.488491 0.488472 0.488504 0.488590 0.488599 0.488539 0.488565 0.488463 0.000000 0.000000
0.000000 0.000000 0.350000 0.350000 0.350000 0.350000 0.350000 0.350000 0.350000 0.350000 0.350000 0.350000 0.350000 0.350000 0.350000 0.350000 0.350000 0.350000 0.350000 0.000000 0.000000
0.000000 0.000000 0.000000 0.000000 0.000000 0.000000 0.000000 0.000000 0.000000 0.000000 0.000000 0.000000 0.000000 0.000000 0.000000 0.000000 0.000000 0.000000 0.000000 0.000000 0.000000