geotop/1.0zi/1.0Montebello/Templates/testdem/maps/_Eocsilt4395.asc
ncols         21
nrows         20
xllcorner     100.000000
yllcorner     100.000000
cellsize      50.000000
NODATA_value  -9999.0
0.000000 0.000000 0.000000 0.000000 0.000000 0.000000 0.000000 0.000000 0.000000 0.000000 0.000000 0.000000 0.000000 0.000000 0.000000 0.000000 0.000000 0.000000 0.000000 0.000000 0.000000
0.000000 0.000000 0.350089 0.350089 0.350089 0.350089 0.350089 0.350089 0.350089 0.350089 0.350089 0.350089 0.350089 0.350089 0.350089 0.350089 0.350089 0.350089 0.350089 0.000000 0.000000
0.000000 0.000000 0.350002 0.350002 0.350002 0.350003 0.350003 0.350003 0.350003 0.350003 0.350003 0.350003 0.350003 0.350003 0.350003 0.350002 0.350001 0.350001 0.350002 0.000000 0.000000
0.000000 0.000000 0.350032 0.350031 0.350031 0.350026 0.350028 0.350025 0.350027 0.350028 0.350027 0.350027 0.350027 0.350026 0.350028 0.350030 0.350031 0.350032 0.350031 0.000000 0.000000
0.000000 0.000000 0.350380 0.350381 0.350378 0.350380 0.350378 0.350376 0.350374 0.350371 0.350370 0.350373 0.350373 0.350373 0.350375 0.350374 0.350373 0.350378 0.350381 0.000000 0.000000
0.000000 0.000000 0.351484 0.351486 0.351483 0.351477 0.351473 0.351462 0.351461 0.351456 0.351460 0.351462 0.351463 0.351459 0.351462 0.351467 0.351471 0.351470 0.351474 0.000000 0.000000
0.000000 0.000000 0.353210 0.353208 0.353205 0.353195 0.353182 0.353167 0.353169 0.353167 0.353170 0.353168 0.353165 0.353166 0.353175 0.353189 0.353193 0.353198 0.353204 0.000000 0.000000
0.000000 0.000000 0.355237 0.355234 0.355232 0.355223 0.355211 0.355196 0.355199 0.355196 0.355196 0.355195 0.355192 0.355189 0.355204 0.355219 0.355228 0.355229 0.355234 0.000000 0.000000
0.000000 0.000000 0.357306 0.357302 0.357297 0.357290 0.357278 0.357259 0.357261 0.357257 0.357257 0.357258 0.357254 0.357253 0.357268 0.357285 0.357291 0.357296 0.357303 0.000000 0.000000
0.000000 0.000000 0.359362 0.359358 0.359355 0.359348 0.359333 0.359317 0.359321 0.359318 0.359317 0.359318 0.359314 0.359310 0.359327 0.359344 0.359350 0.359352 0.359358 0.000000 0.000000
0.000000 0.000000 0.361432 0.361428 0.361425 0.361420 0.361410 0.361390 0.361393 0.361388 0.361388 0.361389 0.361385 0.361383 0.361396 0.361408 0.361417 0.361420 0.361427 0.000000 0.000000
0.000000 0.000000 0.363571 0.363566 0.363561 0.363552 0.363541 0.363522 0.363522 0.363519 0.363520 0.363519 0.363516 0.363513 0.363532 0.363547 0.363554 0.363557 0.363579 0.000000 0.000000
0.000000 0.000000 0.365737 0.365732 0.365726 0.365721 0.365707 0.365665 0.365667 0.365663 0.365662 0.365662 0.365658 0.365656 0.365692 0.365709 0.365717 0.365720 0.365734 0.000000 0.000000
0.000000 0.000000 0.368024 0.368015 0.368012 0.368006 0.367964 0.367954 0.367948 0.367945 0.367945 0.367945 0.367940 0.367938 0.367948 0.367991 0.367999 0.368008 0.368016 0.000000 0.000000
0.000000 0.000000 0.370485 0.370479 0.370465 0.370431 0.370412 0.370387 0.370374 0.370369 0.370363 0.370362 0.370362 0.370354 0.370373 0.370403 0.370451 0.370448 0.370455 0.000000 0.000000
0.000000 0.000000 0.373023 0.373016 0.372968 0.372963 0.372952 0.372940 0.372939 0.372938 0.372940 0.372939 0.372930 0.372936 0.372941 0.372953 0.372954 0.373003 0.373016 0.000000 0.000000
0.000000 0.000000 0.375836 0.375773 0.375732 0.375718 0.375689 0.375674 0.375671 0.375668 0.375661 0.375661 0.375659 0.375651 0.375662 0.375698 0.375720 0.375746 0.375807 0.000000 0.000000
0.000000 0.000000 0.378042 0.378027 0.378063 0.378043 0.378018 0.377959 0.377954 0.377948 0.377950 0.377949 0.377943 0.377943 0.377996 0.378028 0.378063 0.378010 0.378036 0.000000 0.000000
0.000000 0.000000 0.350000 0.350000 0.350000 0.350000 0.350000 0.350000 0.350000 0.350000 0.350000 0.350000 0.350000 0.350000 0.350000 0.350000 0.350000 0.350000 0.350000 0.000000 0.000000
0.000000 0.000000 0.000000 0.000000 0.000000 0.000000 0.000000 0.000000 0.000000 0.000000 0.000000 0.000000 0.000000 0.000000 0.000000 0.000000 0.000000 0.000000 0.000000 0.000000 0.000000