geotop/1.0zi/1.0Montebello/Templates/testdem/maps/_Eocsand3139.asc
ncols         21
nrows         20
xllcorner     100.000000
yllcorner     100.000000
cellsize      50.000000
NODATA_value  -9999.0
0.000000 0.000000 0.000000 0.000000 0.000000 0.000000 0.000000 0.000000 0.000000 0.000000 0.000000 0.000000 0.000000 0.000000 0.000000 0.000000 0.000000 0.000000 0.000000 0.000000 0.000000
0.000000 0.000000 0.300087 0.300087 0.300087 0.300087 0.300087 0.300087 0.300087 0.300087 0.300089 0.300087 0.300087 0.300087 0.300087 0.300087 0.300087 0.300087 0.300087 0.000000 0.000000
0.000000 0.000000 0.300011 0.300011 0.300011 0.300011 0.300011 0.300011 0.300011 0.300011 0.300009 0.300011 0.300011 0.300011 0.300011 0.300011 0.300011 0.300011 0.300011 0.000000 0.000000
0.000000 0.000000 0.297435 0.297435 0.297440 0.297438 0.297435 0.297435 0.297435 0.297435 0.297434 0.297435 0.297435 0.297435 0.297435 0.297438 0.297440 0.297435 0.297435 0.000000 0.000000
0.000000 0.000000 0.287885 0.287887 0.287891 0.287890 0.287885 0.287887 0.287886 0.287884 0.287883 0.287884 0.287886 0.287887 0.287885 0.287890 0.287891 0.287887 0.287885 0.000000 0.000000
0.000000 0.000000 0.276889 0.276890 0.276894 0.276893 0.276889 0.276890 0.276890 0.276888 0.276887 0.276888 0.276890 0.276890 0.276889 0.276893 0.276894 0.276890 0.276889 0.000000 0.000000
0.000000 0.000000 0.266793 0.266794 0.266797 0.266797 0.266793 0.266794 0.266794 0.266792 0.266791 0.266792 0.266794 0.266794 0.266793 0.266797 0.266797 0.266794 0.266793 0.000000 0.000000
0.000000 0.000000 0.257639 0.257640 0.257643 0.257643 0.257639 0.257640 0.257640 0.257639 0.257638 0.257639 0.257640 0.257640 0.257639 0.257643 0.257643 0.257640 0.257639 0.000000 0.000000
0.000000 0.000000 0.249180 0.249180 0.249183 0.249183 0.249180 0.249181 0.249180 0.249179 0.249178 0.249179 0.249180 0.249181 0.249180 0.249183 0.249183 0.249180 0.249180 0.000000 0.000000
0.000000 0.000000 0.241211 0.241212 0.241214 0.241214 0.241211 0.241212 0.241212 0.241211 0.241210 0.241211 0.241212 0.241212 0.241211 0.241214 0.241214 0.241212 0.241211 0.000000 0.000000
0.000000 0.000000 0.233636 0.233636 0.233639 0.233638 0.233636 0.233637 0.233636 0.233635 0.233634 0.233635 0.233636 0.233637 0.233636 0.233638 0.233639 0.233636 0.233636 0.000000 0.000000
0.000000 0.000000 0.226381 0.226382 0.226384 0.226383 0.226381 0.226382 0.226382 0.226381 0.226380 0.226381 0.226382 0.226382 0.226381 0.226383 0.226384 0.226382 0.226381 0.000000 0.000000
0.000000 0.000000 0.219395 0.219396 0.219398 0.219398 0.219395 0.219396 0.219396 0.219395 0.219394 0.219395 0.219396 0.219396 0.219395 0.219398 0.219398 0.219396 0.219395 0.000000 0.000000
0.000000 0.000000 0.212618 0.212618 0.212621 0.212620 0.212618 0.212619 0.212618 0.212617 0.212617 0.212617 0.212618 0.212619 0.212618 0.212620 0.212621 0.212618 0.212618 0.000000 0.000000
0.000000 0.000000 0.206035 0.206036 0.206038 0.206037 0.206035 0.206036 0.206036 0.206034 0.206034 0.206034 0.206036 0.206036 0.206035 0.206037 0.206038 0.206036 0.206035 0.000000 0.000000
0.000000 0.000000 0.199634 0.199635 0.199637 0.199636 0.199634 0.199635 0.199635 0.199634 0.199633 0.199634 0.199635 0.199635 0.199634 0.199636 0.199637 0.199635 0.199634 0.000000 0.000000
0.000000 0.000000 0.193395 0.193396 0.193398 0.193397 0.193395 0.193396 0.193396 0.193395 0.193394 0.193395 0.193396 0.193396 0.193395 0.193397 0.193398 0.193396 0.193395 0.000000 0.000000
0.000000 0.000000 0.187179 0.187178 0.187180 0.187180 0.187178 0.187178 0.187178 0.187177 0.187176 0.187177 0.187178 0.187178 0.187178 0.187180 0.187180 0.187178 0.187178 0.000000 0.000000
0.000000 0.000000 0.300000 0.300000 0.300000 0.300000 0.300000 0.300000 0.300000 0.300000 0.300000 0.300000 0.300000 0.300000 0.300000 0.300000 0.300000 0.300000 0.300000 0.000000 0.000000
0.000000 0.000000 0.000000 0.000000 0.000000 0.000000 0.000000 0.000000 0.000000 0.000000 0.000000 0.000000 0.000000 0.000000 0.000000 0.000000 0.000000 0.000000 0.000000 0.000000 0.000000