geotop/1.0zi/1.0Montebello/Templates/testdem/maps/_Eocclay9064.asc
ncols         21
nrows         20
xllcorner     100.000000
yllcorner     100.000000
cellsize      50.000000
NODATA_value  -9999.0
0.000000 0.000000 0.000000 0.000000 0.000000 0.000000 0.000000 0.000000 0.000000 0.000000 0.000000 0.000000 0.000000 0.000000 0.000000 0.000000 0.000000 0.000000 0.000000 0.000000 0.000000
0.000000 0.000000 0.349580 0.349582 0.349582 0.349581 0.349583 0.349583 0.349583 0.349583 0.349582 0.349583 0.349583 0.349583 0.349583 0.349583 0.349581 0.349581 0.349582 0.000000 0.000000
0.000000 0.000000 0.349982 0.349981 0.349981 0.349983 0.349981 0.349981 0.349981 0.349981 0.349981 0.349981 0.349981 0.349981 0.349982 0.349982 0.349983 0.349982 0.349980 0.000000 0.000000
0.000000 0.000000 0.350023 0.350028 0.350026 0.350023 0.350024 0.350025 0.350029 0.350026 0.350029 0.350027 0.350028 0.350026 0.350028 0.350030 0.350028 0.350027 0.350026 0.000000 0.000000
0.000000 0.000000 0.351221 0.351215 0.351209 0.351199 0.351182 0.351182 0.351178 0.351178 0.351178 0.351180 0.351179 0.351181 0.351190 0.351194 0.351205 0.351205 0.351215 0.000000 0.000000
0.000000 0.000000 0.354659 0.354652 0.354632 0.354601 0.354576 0.354550 0.354554 0.354548 0.354550 0.354549 0.354554 0.354553 0.354567 0.354593 0.354605 0.354614 0.354621 0.000000 0.000000
0.000000 0.000000 0.359273 0.359262 0.359250 0.359220 0.359185 0.359135 0.359136 0.359131 0.359131 0.359132 0.359133 0.359133 0.359175 0.359206 0.359223 0.359232 0.359240 0.000000 0.000000
0.000000 0.000000 0.364752 0.364740 0.364727 0.364690 0.364654 0.364608 0.364609 0.364604 0.364603 0.364600 0.364597 0.364607 0.364645 0.364676 0.364705 0.364709 0.364723 0.000000 0.000000
0.000000 0.000000 0.370666 0.370650 0.370631 0.370606 0.370563 0.370513 0.370519 0.370508 0.370504 0.370502 0.370503 0.370502 0.370553 0.370591 0.370612 0.370617 0.370630 0.000000 0.000000
0.000000 0.000000 0.377090 0.377070 0.377057 0.377030 0.376970 0.376925 0.376927 0.376920 0.376912 0.376916 0.376923 0.376921 0.376962 0.377011 0.377037 0.377042 0.377049 0.000000 0.000000
0.000000 0.000000 0.384268 0.384252 0.384238 0.384178 0.384138 0.384079 0.384095 0.384060 0.384066 0.384062 0.384050 0.384071 0.384115 0.384144 0.384181 0.384192 0.384221 0.000000 0.000000
0.000000 0.000000 0.392458 0.392429 0.392394 0.392361 0.392307 0.392236 0.392235 0.392230 0.392244 0.392216 0.392228 0.392227 0.392305 0.392347 0.392365 0.392372 0.392436 0.000000 0.000000
0.000000 0.000000 0.401553 0.401520 0.401512 0.401447 0.401403 0.401191 0.401191 0.401180 0.401114 0.401153 0.401160 0.401180 0.401344 0.401383 0.401459 0.401457 0.401482 0.000000 0.000000
0.000000 0.000000 0.412634 0.412619 0.412561 0.412519 0.412223 0.412289 0.412233 0.412235 0.412265 0.412235 0.412229 0.412204 0.412146 0.412461 0.412484 0.412551 0.412601 0.000000 0.000000
0.000000 0.000000 0.425866 0.425822 0.425756 0.425364 0.425463 0.425255 0.425186 0.425166 0.425088 0.425051 0.425094 0.425092 0.425292 0.425207 0.425717 0.425600 0.425594 0.000000 0.000000
0.000000 0.000000 0.439813 0.439778 0.439230 0.439462 0.439388 0.439389 0.439621 0.439557 0.439678 0.439651 0.439551 0.439685 0.439647 0.439709 0.439170 0.439974 0.439961 0.000000 0.000000
0.000000 0.000000 0.455523 0.454807 0.455055 0.454734 0.454380 0.454274 0.454035 0.454093 0.453852 0.453881 0.454021 0.453872 0.454065 0.454326 0.455020 0.454463 0.455199 0.000000 0.000000
0.000000 0.000000 0.459584 0.460165 0.460650 0.460646 0.460683 0.460201 0.460297 0.460152 0.460396 0.460347 0.460305 0.460388 0.460783 0.460757 0.460725 0.460349 0.459767 0.000000 0.000000
0.000000 0.000000 0.350000 0.350000 0.350000 0.350000 0.350000 0.350000 0.350000 0.350000 0.350000 0.350000 0.350000 0.350000 0.350000 0.350000 0.350000 0.350000 0.350000 0.000000 0.000000
0.000000 0.000000 0.000000 0.000000 0.000000 0.000000 0.000000 0.000000 0.000000 0.000000 0.000000 0.000000 0.000000 0.000000 0.000000 0.000000 0.000000 0.000000 0.000000 0.000000 0.000000