geotop/1.0zi/1.0Montebello/Templates/testdem/maps/_Eocclay1999.asc
ncols         21
nrows         20
xllcorner     100.000000
yllcorner     100.000000
cellsize      50.000000
NODATA_value  -9999.0
0.000000 0.000000 0.000000 0.000000 0.000000 0.000000 0.000000 0.000000 0.000000 0.000000 0.000000 0.000000 0.000000 0.000000 0.000000 0.000000 0.000000 0.000000 0.000000 0.000000 0.000000
0.000000 0.000000 0.349896 0.349896 0.349896 0.349896 0.349896 0.349896 0.349896 0.349896 0.349896 0.349896 0.349896 0.349896 0.349896 0.349896 0.349896 0.349896 0.349896 0.000000 0.000000
0.000000 0.000000 0.349993 0.349993 0.349993 0.349993 0.349993 0.349993 0.349993 0.349993 0.349993 0.349993 0.349993 0.349993 0.349993 0.349993 0.349993 0.349993 0.349993 0.000000 0.000000
0.000000 0.000000 0.350657 0.350657 0.350655 0.350656 0.350657 0.350657 0.350657 0.350658 0.350657 0.350658 0.350657 0.350657 0.350657 0.350656 0.350655 0.350657 0.350657 0.000000 0.000000
0.000000 0.000000 0.353479 0.353478 0.353476 0.353476 0.353480 0.353479 0.353479 0.353480 0.353480 0.353480 0.353479 0.353479 0.353480 0.353476 0.353476 0.353478 0.353479 0.000000 0.000000
0.000000 0.000000 0.356760 0.356760 0.356758 0.356758 0.356761 0.356760 0.356760 0.356761 0.356761 0.356761 0.356760 0.356760 0.356761 0.356758 0.356758 0.356760 0.356760 0.000000 0.000000
0.000000 0.000000 0.359877 0.359876 0.359875 0.359875 0.359877 0.359877 0.359877 0.359877 0.359878 0.359877 0.359877 0.359877 0.359877 0.359875 0.359875 0.359876 0.359877 0.000000 0.000000
0.000000 0.000000 0.362749 0.362748 0.362747 0.362747 0.362749 0.362748 0.362749 0.362749 0.362749 0.362749 0.362749 0.362748 0.362749 0.362747 0.362747 0.362748 0.362749 0.000000 0.000000
0.000000 0.000000 0.365437 0.365437 0.365435 0.365436 0.365437 0.365437 0.365437 0.365437 0.365438 0.365437 0.365437 0.365437 0.365437 0.365436 0.365435 0.365437 0.365437 0.000000 0.000000
0.000000 0.000000 0.368006 0.368006 0.368004 0.368005 0.368006 0.368006 0.368006 0.368006 0.368006 0.368006 0.368006 0.368006 0.368006 0.368005 0.368004 0.368006 0.368006 0.000000 0.000000
0.000000 0.000000 0.370483 0.370483 0.370482 0.370482 0.370484 0.370483 0.370483 0.370484 0.370484 0.370484 0.370483 0.370483 0.370484 0.370482 0.370482 0.370483 0.370483 0.000000 0.000000
0.000000 0.000000 0.372892 0.372892 0.372890 0.372891 0.372892 0.372892 0.372892 0.372892 0.372892 0.372892 0.372892 0.372892 0.372892 0.372891 0.372890 0.372892 0.372892 0.000000 0.000000
0.000000 0.000000 0.375247 0.375247 0.375246 0.375246 0.375247 0.375247 0.375247 0.375248 0.375248 0.375248 0.375247 0.375247 0.375247 0.375246 0.375246 0.375247 0.375247 0.000000 0.000000
0.000000 0.000000 0.377555 0.377555 0.377554 0.377554 0.377556 0.377555 0.377555 0.377556 0.377556 0.377556 0.377555 0.377555 0.377556 0.377554 0.377554 0.377555 0.377555 0.000000 0.000000
0.000000 0.000000 0.379827 0.379827 0.379826 0.379826 0.379828 0.379827 0.379827 0.379828 0.379828 0.379828 0.379827 0.379827 0.379828 0.379826 0.379826 0.379827 0.379827 0.000000 0.000000
0.000000 0.000000 0.382069 0.382069 0.382068 0.382068 0.382070 0.382069 0.382069 0.382070 0.382070 0.382070 0.382069 0.382069 0.382070 0.382068 0.382068 0.382069 0.382069 0.000000 0.000000
0.000000 0.000000 0.384280 0.384280 0.384279 0.384279 0.384281 0.384280 0.384280 0.384281 0.384281 0.384281 0.384280 0.384280 0.384281 0.384279 0.384279 0.384280 0.384280 0.000000 0.000000
0.000000 0.000000 0.386495 0.386496 0.386494 0.386495 0.386496 0.386496 0.386496 0.386496 0.386496 0.386496 0.386496 0.386496 0.386496 0.386495 0.386494 0.386496 0.386496 0.000000 0.000000
0.000000 0.000000 0.350000 0.350000 0.350000 0.350000 0.350000 0.350000 0.350000 0.350000 0.350000 0.350000 0.350000 0.350000 0.350000 0.350000 0.350000 0.350000 0.350000 0.000000 0.000000
0.000000 0.000000 0.000000 0.000000 0.000000 0.000000 0.000000 0.000000 0.000000 0.000000 0.000000 0.000000 0.000000 0.000000 0.000000 0.000000 0.000000 0.000000 0.000000 0.000000 0.000000