geotop/1.0zi/1.0Montebello/Templates/testdem/maps/_Eocsand022.asc
ncols         21
nrows         20
xllcorner     100.000000
yllcorner     100.000000
cellsize      50.000000
NODATA_value  -9999.0
0.000000 0.000000 0.000000 0.000000 0.000000 0.000000 0.000000 0.000000 0.000000 0.000000 0.000000 0.000000 0.000000 0.000000 0.000000 0.000000 0.000000 0.000000 0.000000 0.000000 0.000000
0.000000 0.000000 0.300253 0.300251 0.300251 0.300252 0.300251 0.300250 0.300251 0.300251 0.300252 0.300251 0.300251 0.300251 0.300251 0.300251 0.300252 0.300251 0.300251 0.000000 0.000000
0.000000 0.000000 0.300010 0.300012 0.300012 0.300011 0.300012 0.300013 0.300012 0.300012 0.300012 0.300012 0.300011 0.300012 0.300011 0.300012 0.300012 0.300013 0.300013 0.000000 0.000000
0.000000 0.000000 0.299809 0.299803 0.299814 0.299822 0.299821 0.299827 0.299819 0.299821 0.299821 0.299819 0.299818 0.299820 0.299814 0.299807 0.299804 0.299803 0.299805 0.000000 0.000000
0.000000 0.000000 0.296818 0.296815 0.296834 0.296871 0.296900 0.296911 0.296910 0.296909 0.296913 0.296906 0.296899 0.296900 0.296879 0.296863 0.296845 0.296831 0.296819 0.000000 0.000000
0.000000 0.000000 0.288626 0.288632 0.288673 0.288746 0.288814 0.288875 0.288870 0.288877 0.288881 0.288880 0.288868 0.288874 0.288840 0.288782 0.288750 0.288725 0.288713 0.000000 0.000000
0.000000 0.000000 0.277371 0.277388 0.277424 0.277508 0.277595 0.277714 0.277709 0.277715 0.277729 0.277728 0.277728 0.277725 0.277630 0.277559 0.277512 0.277479 0.277464 0.000000 0.000000
0.000000 0.000000 0.263966 0.263987 0.264024 0.264125 0.264222 0.264331 0.264326 0.264336 0.264351 0.264357 0.264360 0.264343 0.264255 0.264175 0.264101 0.264082 0.264053 0.000000 0.000000
0.000000 0.000000 0.249083 0.249115 0.249171 0.249253 0.249364 0.249495 0.249481 0.249501 0.249523 0.249527 0.249519 0.249527 0.249402 0.249305 0.249245 0.249217 0.249193 0.000000 0.000000
0.000000 0.000000 0.232416 0.232463 0.232509 0.232598 0.232723 0.232862 0.232857 0.232869 0.232903 0.232891 0.232873 0.232881 0.232781 0.232653 0.232582 0.232551 0.232541 0.000000 0.000000
0.000000 0.000000 0.213151 0.213186 0.213232 0.213427 0.213486 0.213677 0.213633 0.213719 0.213718 0.213732 0.213761 0.213711 0.213596 0.213516 0.213414 0.213375 0.213294 0.000000 0.000000
0.000000 0.000000 0.190287 0.190375 0.190497 0.190589 0.190697 0.190940 0.190943 0.190939 0.190920 0.191004 0.190960 0.190979 0.190764 0.190632 0.190576 0.190538 0.190375 0.000000 0.000000
0.000000 0.000000 0.164272 0.164346 0.164371 0.164567 0.164699 0.165365 0.165371 0.165404 0.165656 0.165500 0.165489 0.165431 0.164945 0.164837 0.164581 0.164561 0.164539 0.000000 0.000000
0.000000 0.000000 0.132233 0.132248 0.132475 0.132602 0.133540 0.133146 0.133339 0.133324 0.133176 0.133327 0.133344 0.133457 0.133812 0.132785 0.132765 0.132516 0.132380 0.000000 0.000000
0.000000 0.000000 0.098808 0.098889 0.099033 0.100106 0.099575 0.100286 0.100408 0.100469 0.100739 0.100796 0.100679 0.100657 0.100041 0.100557 0.099161 0.099498 0.099566 0.000000 0.000000
0.000000 0.000000 0.073662 0.073698 0.074561 0.074150 0.074309 0.074288 0.073914 0.074008 0.073818 0.073850 0.074009 0.073811 0.073920 0.073770 0.074702 0.073396 0.073418 0.000000 0.000000
0.000000 0.000000 0.055137 0.055565 0.055649 0.055741 0.055999 0.056050 0.056098 0.056087 0.056186 0.056176 0.056132 0.056170 0.056095 0.055892 0.055715 0.055694 0.055260 0.000000 0.000000
0.000000 0.000000 0.044832 0.044999 0.044831 0.044945 0.045117 0.045304 0.045347 0.045372 0.045394 0.045397 0.045361 0.045385 0.045199 0.045065 0.044850 0.045078 0.044904 0.000000 0.000000
0.000000 0.000000 0.300000 0.300000 0.300000 0.300000 0.300000 0.300000 0.300000 0.300000 0.300000 0.300000 0.300000 0.300000 0.300000 0.300000 0.300000 0.300000 0.300000 0.000000 0.000000
0.000000 0.000000 0.000000 0.000000 0.000000 0.000000 0.000000 0.000000 0.000000 0.000000 0.000000 0.000000 0.000000 0.000000 0.000000 0.000000 0.000000 0.000000 0.000000 0.000000 0.000000