geotop/1.0zi/1.0Montebello/Templates/testdem/maps/_Eocsand7743.asc
ncols         21
nrows         20
xllcorner     100.000000
yllcorner     100.000000
cellsize      50.000000
NODATA_value  -9999.0
0.000000 0.000000 0.000000 0.000000 0.000000 0.000000 0.000000 0.000000 0.000000 0.000000 0.000000 0.000000 0.000000 0.000000 0.000000 0.000000 0.000000 0.000000 0.000000 0.000000 0.000000
0.000000 0.000000 0.300197 0.300194 0.300194 0.300195 0.300194 0.300193 0.300194 0.300194 0.300195 0.300194 0.300194 0.300194 0.300194 0.300194 0.300195 0.300195 0.300195 0.000000 0.000000
0.000000 0.000000 0.300010 0.300012 0.300011 0.300010 0.300011 0.300012 0.300011 0.300011 0.300011 0.300012 0.300010 0.300011 0.300011 0.300011 0.300012 0.300012 0.300013 0.000000 0.000000
0.000000 0.000000 0.299894 0.299893 0.299898 0.299906 0.299901 0.299909 0.299904 0.299906 0.299906 0.299906 0.299906 0.299908 0.299903 0.299898 0.299896 0.299893 0.299893 0.000000 0.000000
0.000000 0.000000 0.298070 0.298068 0.298076 0.298091 0.298113 0.298122 0.298128 0.298127 0.298130 0.298129 0.298132 0.298126 0.298103 0.298097 0.298086 0.298075 0.298066 0.000000 0.000000
0.000000 0.000000 0.292939 0.292940 0.292961 0.293005 0.293038 0.293083 0.293083 0.293096 0.293088 0.293089 0.293085 0.293084 0.293061 0.293030 0.293004 0.292981 0.292970 0.000000 0.000000
0.000000 0.000000 0.285687 0.285695 0.285714 0.285764 0.285824 0.285894 0.285894 0.285904 0.285902 0.285903 0.285906 0.285899 0.285839 0.285784 0.285752 0.285724 0.285709 0.000000 0.000000
0.000000 0.000000 0.277066 0.277071 0.277085 0.277141 0.277200 0.277276 0.277277 0.277285 0.277287 0.277293 0.277297 0.277282 0.277216 0.277164 0.277115 0.277099 0.277075 0.000000 0.000000
0.000000 0.000000 0.267907 0.267923 0.267950 0.267987 0.268048 0.268131 0.268127 0.268145 0.268150 0.268154 0.268152 0.268153 0.268072 0.268007 0.267968 0.267948 0.267928 0.000000 0.000000
0.000000 0.000000 0.258299 0.258319 0.258333 0.258369 0.258457 0.258531 0.258531 0.258541 0.258552 0.258547 0.258536 0.258540 0.258472 0.258397 0.258351 0.258336 0.258321 0.000000 0.000000
0.000000 0.000000 0.247962 0.247975 0.247992 0.248068 0.248130 0.248215 0.248197 0.248244 0.248238 0.248240 0.248257 0.248226 0.248165 0.248118 0.248060 0.248028 0.247990 0.000000 0.000000
0.000000 0.000000 0.236601 0.236633 0.236668 0.236717 0.236786 0.236893 0.236899 0.236914 0.236889 0.236926 0.236916 0.236908 0.236798 0.236743 0.236703 0.236680 0.236583 0.000000 0.000000
0.000000 0.000000 0.224431 0.224463 0.224477 0.224546 0.224605 0.224874 0.224878 0.224895 0.224963 0.224929 0.224913 0.224888 0.224682 0.224626 0.224525 0.224512 0.224460 0.000000 0.000000
0.000000 0.000000 0.210365 0.210378 0.210432 0.210482 0.210804 0.210800 0.210867 0.210868 0.210855 0.210871 0.210879 0.210891 0.210906 0.210571 0.210509 0.210420 0.210352 0.000000 0.000000
0.000000 0.000000 0.193964 0.193995 0.194064 0.194463 0.194458 0.194654 0.194753 0.194776 0.194841 0.194891 0.194848 0.194858 0.194667 0.194644 0.194118 0.194187 0.194169 0.000000 0.000000
0.000000 0.000000 0.175957 0.175988 0.176556 0.176450 0.176486 0.176559 0.176362 0.176433 0.176332 0.176380 0.176466 0.176325 0.176293 0.176264 0.176610 0.175811 0.175822 0.000000 0.000000
0.000000 0.000000 0.153591 0.154494 0.154394 0.154710 0.155161 0.155293 0.155504 0.155458 0.155710 0.155694 0.155556 0.155682 0.155459 0.155127 0.154431 0.154792 0.153863 0.000000 0.000000
0.000000 0.000000 0.143511 0.142764 0.141944 0.141980 0.141997 0.142768 0.142675 0.142890 0.142568 0.142639 0.142672 0.142568 0.141908 0.141898 0.141799 0.142485 0.143212 0.000000 0.000000
0.000000 0.000000 0.300000 0.300000 0.300000 0.300000 0.300000 0.300000 0.300000 0.300000 0.300000 0.300000 0.300000 0.300000 0.300000 0.300000 0.300000 0.300000 0.300000 0.000000 0.000000
0.000000 0.000000 0.000000 0.000000 0.000000 0.000000 0.000000 0.000000 0.000000 0.000000 0.000000 0.000000 0.000000 0.000000 0.000000 0.000000 0.000000 0.000000 0.000000 0.000000 0.000000