geotop/1.0zi/1.0Montebello/Templates/testdem/maps/_Eocsilt9383.asc
ncols         21
nrows         20
xllcorner     100.000000
yllcorner     100.000000
cellsize      50.000000
NODATA_value  -9999.0
0.000000 0.000000 0.000000 0.000000 0.000000 0.000000 0.000000 0.000000 0.000000 0.000000 0.000000 0.000000 0.000000 0.000000 0.000000 0.000000 0.000000 0.000000 0.000000 0.000000 0.000000
0.000000 0.000000 0.350199 0.350198 0.350199 0.350199 0.350198 0.350198 0.350199 0.350198 0.350199 0.350198 0.350198 0.350198 0.350198 0.350199 0.350199 0.350199 0.350198 0.000000 0.000000
0.000000 0.000000 0.350008 0.350007 0.350008 0.350007 0.350008 0.350008 0.350008 0.350008 0.350008 0.350008 0.350009 0.350009 0.350008 0.350007 0.350006 0.350006 0.350007 0.000000 0.000000
0.000000 0.000000 0.350124 0.350120 0.350115 0.350110 0.350110 0.350105 0.350108 0.350108 0.350105 0.350109 0.350110 0.350110 0.350112 0.350116 0.350121 0.350121 0.350124 0.000000 0.000000
0.000000 0.000000 0.351315 0.351320 0.351309 0.351292 0.351283 0.351278 0.351280 0.351277 0.351278 0.351280 0.351285 0.351283 0.351297 0.351304 0.351307 0.351313 0.351316 0.000000 0.000000
0.000000 0.000000 0.354701 0.354696 0.354681 0.354661 0.354630 0.354607 0.354604 0.354599 0.354602 0.354604 0.354608 0.354606 0.354621 0.354642 0.354653 0.354661 0.354668 0.000000 0.000000
0.000000 0.000000 0.359515 0.359506 0.359490 0.359457 0.359417 0.359366 0.359371 0.359368 0.359366 0.359366 0.359364 0.359370 0.359408 0.359438 0.359459 0.359474 0.359482 0.000000 0.000000
0.000000 0.000000 0.365213 0.365203 0.365190 0.365154 0.365113 0.365067 0.365070 0.365064 0.365062 0.365059 0.365058 0.365067 0.365104 0.365139 0.365171 0.365176 0.365191 0.000000 0.000000
0.000000 0.000000 0.371450 0.371434 0.371413 0.371386 0.371339 0.371283 0.371289 0.371278 0.371274 0.371272 0.371276 0.371274 0.371328 0.371369 0.371394 0.371404 0.371418 0.000000 0.000000
0.000000 0.000000 0.378237 0.378218 0.378202 0.378173 0.378111 0.378059 0.378062 0.378055 0.378046 0.378051 0.378059 0.378058 0.378100 0.378152 0.378181 0.378191 0.378199 0.000000 0.000000
0.000000 0.000000 0.385827 0.385814 0.385800 0.385732 0.385692 0.385625 0.385643 0.385607 0.385612 0.385608 0.385597 0.385620 0.385666 0.385698 0.385738 0.385755 0.385786 0.000000 0.000000
0.000000 0.000000 0.394558 0.394527 0.394488 0.394456 0.394397 0.394314 0.394316 0.394310 0.394325 0.394295 0.394311 0.394311 0.394392 0.394440 0.394462 0.394475 0.394542 0.000000 0.000000
0.000000 0.000000 0.404285 0.404258 0.404249 0.404174 0.404126 0.403891 0.403892 0.403880 0.403807 0.403851 0.403860 0.403883 0.404059 0.404103 0.404187 0.404194 0.404218 0.000000 0.000000
0.000000 0.000000 0.416175 0.416165 0.416099 0.416054 0.415728 0.415813 0.415751 0.415753 0.415790 0.415754 0.415749 0.415723 0.415643 0.415993 0.416015 0.416099 0.416152 0.000000 0.000000
0.000000 0.000000 0.430054 0.430014 0.429946 0.429525 0.429655 0.429409 0.429343 0.429319 0.429232 0.429196 0.429246 0.429248 0.429473 0.429356 0.429908 0.429789 0.429778 0.000000 0.000000
0.000000 0.000000 0.443668 0.443641 0.443116 0.443360 0.443275 0.443282 0.443511 0.443449 0.443570 0.443547 0.443452 0.443580 0.443528 0.443601 0.443053 0.443845 0.443834 0.000000 0.000000
0.000000 0.000000 0.456857 0.456352 0.456514 0.456286 0.456028 0.455942 0.455774 0.455813 0.455640 0.455661 0.455761 0.455659 0.455801 0.455992 0.456484 0.456110 0.456635 0.000000 0.000000
0.000000 0.000000 0.461500 0.461676 0.461979 0.461912 0.461858 0.461567 0.461578 0.461507 0.461598 0.461576 0.461579 0.461600 0.461852 0.461894 0.462008 0.461714 0.461542 0.000000 0.000000
0.000000 0.000000 0.350000 0.350000 0.350000 0.350000 0.350000 0.350000 0.350000 0.350000 0.350000 0.350000 0.350000 0.350000 0.350000 0.350000 0.350000 0.350000 0.350000 0.000000 0.000000
0.000000 0.000000 0.000000 0.000000 0.000000 0.000000 0.000000 0.000000 0.000000 0.000000 0.000000 0.000000 0.000000 0.000000 0.000000 0.000000 0.000000 0.000000 0.000000 0.000000 0.000000