geotop/1.0zi/1.0Montebello/Templates/testdem/maps/_Eocclay3292.asc
ncols         21
nrows         20
xllcorner     100.000000
yllcorner     100.000000
cellsize      50.000000
NODATA_value  -9999.0
0.000000 0.000000 0.000000 0.000000 0.000000 0.000000 0.000000 0.000000 0.000000 0.000000 0.000000 0.000000 0.000000 0.000000 0.000000 0.000000 0.000000 0.000000 0.000000 0.000000 0.000000
0.000000 0.000000 0.349821 0.349821 0.349821 0.349821 0.349821 0.349821 0.349821 0.349821 0.349820 0.349821 0.349821 0.349821 0.349821 0.349821 0.349821 0.349821 0.349821 0.000000 0.000000
0.000000 0.000000 0.349995 0.349995 0.349995 0.349995 0.349995 0.349995 0.349995 0.349995 0.349996 0.349995 0.349995 0.349995 0.349995 0.349995 0.349995 0.349995 0.349995 0.000000 0.000000
0.000000 0.000000 0.351257 0.351257 0.351255 0.351256 0.351257 0.351257 0.351257 0.351257 0.351257 0.351257 0.351257 0.351257 0.351257 0.351256 0.351255 0.351257 0.351257 0.000000 0.000000
0.000000 0.000000 0.356326 0.356325 0.356323 0.356323 0.356327 0.356326 0.356326 0.356327 0.356328 0.356327 0.356326 0.356326 0.356327 0.356323 0.356323 0.356325 0.356326 0.000000 0.000000
0.000000 0.000000 0.361939 0.361938 0.361936 0.361937 0.361939 0.361938 0.361938 0.361939 0.361940 0.361939 0.361938 0.361938 0.361939 0.361937 0.361936 0.361938 0.361939 0.000000 0.000000
0.000000 0.000000 0.367195 0.367195 0.367193 0.367193 0.367196 0.367195 0.367195 0.367196 0.367196 0.367196 0.367195 0.367195 0.367196 0.367193 0.367193 0.367195 0.367195 0.000000 0.000000
0.000000 0.000000 0.371980 0.371980 0.371978 0.371979 0.371980 0.371980 0.371980 0.371980 0.371981 0.371980 0.371980 0.371980 0.371980 0.371979 0.371978 0.371980 0.371980 0.000000 0.000000
0.000000 0.000000 0.376406 0.376405 0.376404 0.376404 0.376406 0.376405 0.376405 0.376406 0.376407 0.376406 0.376405 0.376405 0.376406 0.376404 0.376404 0.376405 0.376406 0.000000 0.000000
0.000000 0.000000 0.380576 0.380575 0.380574 0.380574 0.380576 0.380575 0.380575 0.380576 0.380576 0.380576 0.380575 0.380575 0.380576 0.380574 0.380574 0.380575 0.380576 0.000000 0.000000
0.000000 0.000000 0.384541 0.384541 0.384539 0.384540 0.384541 0.384541 0.384541 0.384541 0.384542 0.384541 0.384541 0.384541 0.384541 0.384540 0.384539 0.384541 0.384541 0.000000 0.000000
0.000000 0.000000 0.388339 0.388339 0.388338 0.388338 0.388340 0.388339 0.388339 0.388340 0.388340 0.388340 0.388339 0.388339 0.388340 0.388338 0.388338 0.388339 0.388339 0.000000 0.000000
0.000000 0.000000 0.391997 0.391997 0.391996 0.391996 0.391998 0.391997 0.391997 0.391998 0.391998 0.391998 0.391997 0.391997 0.391998 0.391996 0.391996 0.391997 0.391997 0.000000 0.000000
0.000000 0.000000 0.395545 0.395544 0.395543 0.395544 0.395545 0.395545 0.395545 0.395545 0.395546 0.395545 0.395545 0.395545 0.395545 0.395544 0.395543 0.395544 0.395545 0.000000 0.000000
0.000000 0.000000 0.398991 0.398990 0.398989 0.398990 0.398991 0.398990 0.398990 0.398991 0.398991 0.398991 0.398990 0.398990 0.398991 0.398990 0.398989 0.398990 0.398991 0.000000 0.000000
0.000000 0.000000 0.402341 0.402341 0.402340 0.402341 0.402342 0.402341 0.402341 0.402342 0.402342 0.402342 0.402341 0.402341 0.402342 0.402341 0.402340 0.402341 0.402341 0.000000 0.000000
0.000000 0.000000 0.405607 0.405607 0.405606 0.405606 0.405607 0.405607 0.405607 0.405607 0.405608 0.405607 0.405607 0.405607 0.405607 0.405606 0.405606 0.405607 0.405607 0.000000 0.000000
0.000000 0.000000 0.408849 0.408849 0.408848 0.408848 0.408849 0.408849 0.408849 0.408849 0.408850 0.408849 0.408849 0.408849 0.408849 0.408848 0.408848 0.408849 0.408849 0.000000 0.000000
0.000000 0.000000 0.350000 0.350000 0.350000 0.350000 0.350000 0.350000 0.350000 0.350000 0.350000 0.350000 0.350000 0.350000 0.350000 0.350000 0.350000 0.350000 0.350000 0.000000 0.000000
0.000000 0.000000 0.000000 0.000000 0.000000 0.000000 0.000000 0.000000 0.000000 0.000000 0.000000 0.000000 0.000000 0.000000 0.000000 0.000000 0.000000 0.000000 0.000000 0.000000 0.000000