geotop/1.0zi/1.0Montebello/Templates/testdem/maps/_Eocsilt2852.asc
ncols         21
nrows         20
xllcorner     100.000000
yllcorner     100.000000
cellsize      50.000000
NODATA_value  -9999.0
0.000000 0.000000 0.000000 0.000000 0.000000 0.000000 0.000000 0.000000 0.000000 0.000000 0.000000 0.000000 0.000000 0.000000 0.000000 0.000000 0.000000 0.000000 0.000000 0.000000 0.000000
0.000000 0.000000 0.350073 0.350073 0.350073 0.350072 0.350073 0.350073 0.350073 0.350073 0.350072 0.350073 0.350073 0.350073 0.350073 0.350072 0.350073 0.350073 0.350073 0.000000 0.000000
0.000000 0.000000 0.349998 0.349998 0.349998 0.349998 0.349998 0.349998 0.349998 0.349998 0.349999 0.349998 0.349998 0.349998 0.349998 0.349998 0.349998 0.349998 0.349998 0.000000 0.000000
0.000000 0.000000 0.351027 0.351027 0.351024 0.351025 0.351028 0.351027 0.351027 0.351027 0.351028 0.351027 0.351027 0.351027 0.351028 0.351025 0.351024 0.351027 0.351027 0.000000 0.000000
0.000000 0.000000 0.354922 0.354921 0.354919 0.354920 0.354922 0.354921 0.354921 0.354923 0.354923 0.354923 0.354921 0.354921 0.354922 0.354920 0.354919 0.354921 0.354922 0.000000 0.000000
0.000000 0.000000 0.359858 0.359858 0.359856 0.359856 0.359859 0.359858 0.359858 0.359859 0.359859 0.359859 0.359858 0.359858 0.359859 0.359856 0.359856 0.359858 0.359858 0.000000 0.000000
0.000000 0.000000 0.364359 0.364358 0.364357 0.364357 0.364359 0.364358 0.364358 0.364359 0.364360 0.364359 0.364358 0.364358 0.364359 0.364357 0.364357 0.364358 0.364359 0.000000 0.000000
0.000000 0.000000 0.368445 0.368444 0.368443 0.368444 0.368445 0.368445 0.368445 0.368445 0.368446 0.368445 0.368445 0.368445 0.368445 0.368444 0.368443 0.368444 0.368445 0.000000 0.000000
0.000000 0.000000 0.372232 0.372232 0.372231 0.372231 0.372233 0.372232 0.372232 0.372233 0.372233 0.372233 0.372232 0.372232 0.372233 0.372231 0.372231 0.372232 0.372232 0.000000 0.000000
0.000000 0.000000 0.375812 0.375811 0.375810 0.375811 0.375812 0.375811 0.375811 0.375812 0.375812 0.375812 0.375811 0.375811 0.375812 0.375811 0.375810 0.375811 0.375812 0.000000 0.000000
0.000000 0.000000 0.379225 0.379225 0.379224 0.379224 0.379226 0.379225 0.379225 0.379226 0.379226 0.379226 0.379225 0.379225 0.379226 0.379224 0.379224 0.379225 0.379225 0.000000 0.000000
0.000000 0.000000 0.382507 0.382507 0.382506 0.382506 0.382507 0.382507 0.382507 0.382507 0.382508 0.382507 0.382507 0.382507 0.382507 0.382506 0.382506 0.382507 0.382507 0.000000 0.000000
0.000000 0.000000 0.385681 0.385681 0.385680 0.385680 0.385682 0.385681 0.385681 0.385682 0.385682 0.385682 0.385681 0.385681 0.385682 0.385680 0.385680 0.385681 0.385681 0.000000 0.000000
0.000000 0.000000 0.388770 0.388770 0.388769 0.388769 0.388770 0.388770 0.388770 0.388770 0.388771 0.388770 0.388770 0.388770 0.388770 0.388769 0.388769 0.388770 0.388770 0.000000 0.000000
0.000000 0.000000 0.391782 0.391781 0.391780 0.391781 0.391782 0.391781 0.391781 0.391782 0.391782 0.391782 0.391781 0.391781 0.391782 0.391781 0.391780 0.391781 0.391782 0.000000 0.000000
0.000000 0.000000 0.394722 0.394722 0.394720 0.394721 0.394722 0.394722 0.394722 0.394722 0.394722 0.394722 0.394722 0.394722 0.394722 0.394721 0.394720 0.394722 0.394722 0.000000 0.000000
0.000000 0.000000 0.397595 0.397595 0.397594 0.397594 0.397595 0.397595 0.397595 0.397596 0.397596 0.397596 0.397595 0.397595 0.397595 0.397594 0.397594 0.397595 0.397595 0.000000 0.000000
0.000000 0.000000 0.400451 0.400451 0.400450 0.400450 0.400451 0.400451 0.400451 0.400452 0.400452 0.400452 0.400451 0.400451 0.400451 0.400450 0.400450 0.400451 0.400451 0.000000 0.000000
0.000000 0.000000 0.350000 0.350000 0.350000 0.350000 0.350000 0.350000 0.350000 0.350000 0.350000 0.350000 0.350000 0.350000 0.350000 0.350000 0.350000 0.350000 0.350000 0.000000 0.000000
0.000000 0.000000 0.000000 0.000000 0.000000 0.000000 0.000000 0.000000 0.000000 0.000000 0.000000 0.000000 0.000000 0.000000 0.000000 0.000000 0.000000 0.000000 0.000000 0.000000 0.000000