geotop/1.0zi/1.0Montebello/Templates/testdem/maps/_Eocsilt7494.asc
ncols         21
nrows         20
xllcorner     100.000000
yllcorner     100.000000
cellsize      50.000000
NODATA_value  -9999.0
0.000000 0.000000 0.000000 0.000000 0.000000 0.000000 0.000000 0.000000 0.000000 0.000000 0.000000 0.000000 0.000000 0.000000 0.000000 0.000000 0.000000 0.000000 0.000000 0.000000 0.000000
0.000000 0.000000 0.350152 0.350153 0.350153 0.350153 0.350153 0.350153 0.350153 0.350153 0.350153 0.350153 0.350153 0.350153 0.350153 0.350153 0.350153 0.350153 0.350153 0.000000 0.000000
0.000000 0.000000 0.350005 0.350004 0.350004 0.350004 0.350004 0.350004 0.350004 0.350004 0.350005 0.350005 0.350005 0.350005 0.350004 0.350004 0.350002 0.350002 0.350004 0.000000 0.000000
0.000000 0.000000 0.350103 0.350099 0.350098 0.350091 0.350093 0.350088 0.350090 0.350091 0.350088 0.350090 0.350090 0.350090 0.350092 0.350095 0.350099 0.350099 0.350100 0.000000 0.000000
0.000000 0.000000 0.350958 0.350964 0.350959 0.350949 0.350943 0.350937 0.350933 0.350932 0.350932 0.350932 0.350933 0.350934 0.350948 0.350952 0.350954 0.350964 0.350967 0.000000 0.000000
0.000000 0.000000 0.353340 0.353341 0.353331 0.353316 0.353298 0.353276 0.353276 0.353270 0.353274 0.353275 0.353275 0.353274 0.353286 0.353298 0.353310 0.353318 0.353323 0.000000 0.000000
0.000000 0.000000 0.356754 0.356751 0.356741 0.356716 0.356686 0.356654 0.356655 0.356652 0.356652 0.356651 0.356648 0.356653 0.356680 0.356706 0.356722 0.356736 0.356744 0.000000 0.000000
0.000000 0.000000 0.360820 0.360819 0.360814 0.360788 0.360759 0.360724 0.360724 0.360721 0.360719 0.360716 0.360714 0.360720 0.360751 0.360777 0.360802 0.360808 0.360820 0.000000 0.000000
0.000000 0.000000 0.365158 0.365150 0.365137 0.365120 0.365090 0.365050 0.365052 0.365044 0.365041 0.365039 0.365040 0.365039 0.365079 0.365110 0.365130 0.365140 0.365150 0.000000 0.000000
0.000000 0.000000 0.369665 0.369657 0.369650 0.369634 0.369592 0.369557 0.369557 0.369553 0.369547 0.369550 0.369555 0.369552 0.369585 0.369621 0.369643 0.369650 0.369657 0.000000 0.000000
0.000000 0.000000 0.374462 0.374457 0.374450 0.374414 0.374385 0.374345 0.374354 0.374332 0.374334 0.374334 0.374326 0.374340 0.374369 0.374392 0.374419 0.374433 0.374452 0.000000 0.000000
0.000000 0.000000 0.379703 0.379689 0.379673 0.379650 0.379618 0.379568 0.379566 0.379559 0.379570 0.379554 0.379558 0.379562 0.379613 0.379639 0.379658 0.379669 0.379714 0.000000 0.000000
0.000000 0.000000 0.385272 0.385259 0.385252 0.385222 0.385194 0.385072 0.385070 0.385063 0.385031 0.385046 0.385053 0.385065 0.385159 0.385185 0.385231 0.385237 0.385263 0.000000 0.000000
0.000000 0.000000 0.391644 0.391638 0.391615 0.391593 0.391450 0.391447 0.391418 0.391418 0.391421 0.391415 0.391412 0.391406 0.391403 0.391552 0.391582 0.391621 0.391653 0.000000 0.000000
0.000000 0.000000 0.399005 0.398993 0.398962 0.398790 0.398784 0.398699 0.398655 0.398646 0.398617 0.398595 0.398613 0.398608 0.398690 0.398709 0.398938 0.398910 0.398920 0.000000 0.000000
0.000000 0.000000 0.407048 0.407035 0.406793 0.406827 0.406812 0.406775 0.406855 0.406826 0.406865 0.406844 0.406808 0.406867 0.406887 0.406901 0.406770 0.407106 0.407103 0.000000 0.000000
0.000000 0.000000 0.416939 0.416561 0.416582 0.416455 0.416265 0.416207 0.416127 0.416144 0.416041 0.416046 0.416100 0.416053 0.416147 0.416288 0.416566 0.416445 0.416835 0.000000 0.000000
0.000000 0.000000 0.421877 0.422157 0.422507 0.422480 0.422455 0.422128 0.422159 0.422071 0.422195 0.422166 0.422157 0.422196 0.422481 0.422498 0.422569 0.422266 0.421997 0.000000 0.000000
0.000000 0.000000 0.350000 0.350000 0.350000 0.350000 0.350000 0.350000 0.350000 0.350000 0.350000 0.350000 0.350000 0.350000 0.350000 0.350000 0.350000 0.350000 0.350000 0.000000 0.000000
0.000000 0.000000 0.000000 0.000000 0.000000 0.000000 0.000000 0.000000 0.000000 0.000000 0.000000 0.000000 0.000000 0.000000 0.000000 0.000000 0.000000 0.000000 0.000000 0.000000 0.000000