geotop/1.0zi/1.0Montebello/Templates/testdem/maps/_Eocsilt014N.asc
ncols         21
nrows         20
xllcorner     100.000000
yllcorner     100.000000
cellsize      50.000000
NODATA_value  -9999.0
0.000000 0.000000 0.000000 0.000000 0.000000 0.000000 0.000000 0.000000 0.000000 0.000000 0.000000 0.000000 0.000000 0.000000 0.000000 0.000000 0.000000 0.000000 0.000000 0.000000 0.000000
0.000000 0.000000 0.350216 0.350216 0.350216 0.350216 0.350215 0.350215 0.350216 0.350215 0.350216 0.350215 0.350215 0.350215 0.350215 0.350216 0.350216 0.350216 0.350216 0.000000 0.000000
0.000000 0.000000 0.350008 0.350008 0.350008 0.350007 0.350009 0.350008 0.350008 0.350009 0.350009 0.350008 0.350009 0.350009 0.350008 0.350007 0.350006 0.350006 0.350007 0.000000 0.000000
0.000000 0.000000 0.350154 0.350152 0.350144 0.350141 0.350140 0.350135 0.350138 0.350139 0.350136 0.350140 0.350141 0.350141 0.350143 0.350146 0.350152 0.350153 0.350154 0.000000 0.000000
0.000000 0.000000 0.351562 0.351569 0.351558 0.351534 0.351525 0.351518 0.351521 0.351518 0.351517 0.351520 0.351525 0.351524 0.351537 0.351546 0.351551 0.351557 0.351560 0.000000 0.000000
0.000000 0.000000 0.355426 0.355421 0.355404 0.355374 0.355339 0.355311 0.355309 0.355306 0.355304 0.355306 0.355310 0.355307 0.355326 0.355351 0.355364 0.355373 0.355379 0.000000 0.000000
0.000000 0.000000 0.360893 0.360883 0.360864 0.360822 0.360778 0.360722 0.360724 0.360722 0.360715 0.360714 0.360712 0.360716 0.360762 0.360795 0.360818 0.360835 0.360841 0.000000 0.000000
0.000000 0.000000 0.367393 0.367381 0.367363 0.367315 0.367267 0.367216 0.367217 0.367212 0.367204 0.367201 0.367200 0.367207 0.367251 0.367290 0.367326 0.367333 0.367346 0.000000 0.000000
0.000000 0.000000 0.374606 0.374587 0.374559 0.374519 0.374464 0.374400 0.374406 0.374396 0.374385 0.374383 0.374387 0.374383 0.374446 0.374493 0.374521 0.374534 0.374546 0.000000 0.000000
0.000000 0.000000 0.382625 0.382600 0.382576 0.382533 0.382473 0.382406 0.382407 0.382401 0.382384 0.382390 0.382398 0.382395 0.382445 0.382506 0.382539 0.382552 0.382557 0.000000 0.000000
0.000000 0.000000 0.391816 0.391795 0.391772 0.391678 0.391650 0.391560 0.391579 0.391537 0.391537 0.391531 0.391516 0.391540 0.391598 0.391636 0.391683 0.391699 0.391738 0.000000 0.000000
0.000000 0.000000 0.402652 0.402606 0.402547 0.402502 0.402451 0.402336 0.402333 0.402333 0.402342 0.402303 0.402323 0.402315 0.402420 0.402481 0.402506 0.402522 0.402599 0.000000 0.000000
0.000000 0.000000 0.414914 0.414873 0.414858 0.414766 0.414704 0.414394 0.414388 0.414372 0.414256 0.414327 0.414331 0.414359 0.414590 0.414640 0.414756 0.414763 0.414775 0.000000 0.000000
0.000000 0.000000 0.429958 0.429943 0.429837 0.429775 0.429342 0.429513 0.429421 0.429427 0.429490 0.429423 0.429415 0.429364 0.429213 0.429685 0.429696 0.429807 0.429870 0.000000 0.000000
0.000000 0.000000 0.445883 0.445840 0.445768 0.445263 0.445497 0.445170 0.445108 0.445079 0.444954 0.444924 0.444978 0.444988 0.445274 0.445047 0.445700 0.445542 0.445513 0.000000 0.000000
0.000000 0.000000 0.458133 0.458112 0.457699 0.457888 0.457813 0.457820 0.457995 0.457948 0.458038 0.458022 0.457947 0.458041 0.457995 0.458065 0.457631 0.458247 0.458237 0.000000 0.000000
0.000000 0.000000 0.466800 0.466638 0.466564 0.466549 0.466443 0.466427 0.466425 0.466424 0.466396 0.466398 0.466407 0.466403 0.466426 0.466510 0.466534 0.466605 0.466768 0.000000 0.000000
0.000000 0.000000 0.472294 0.472080 0.472135 0.472047 0.471927 0.471881 0.471825 0.471835 0.471775 0.471781 0.471817 0.471782 0.471846 0.471937 0.472115 0.471988 0.472207 0.000000 0.000000
0.000000 0.000000 0.350000 0.350000 0.350000 0.350000 0.350000 0.350000 0.350000 0.350000 0.350000 0.350000 0.350000 0.350000 0.350000 0.350000 0.350000 0.350000 0.350000 0.000000 0.000000
0.000000 0.000000 0.000000 0.000000 0.000000 0.000000 0.000000 0.000000 0.000000 0.000000 0.000000 0.000000 0.000000 0.000000 0.000000 0.000000 0.000000 0.000000 0.000000 0.000000 0.000000