geotop/1.0zi/1.0Montebello/Templates/testdem/maps/_Eocsilt8030.asc
ncols         21
nrows         20
xllcorner     100.000000
yllcorner     100.000000
cellsize      50.000000
NODATA_value  -9999.0
0.000000 0.000000 0.000000 0.000000 0.000000 0.000000 0.000000 0.000000 0.000000 0.000000 0.000000 0.000000 0.000000 0.000000 0.000000 0.000000 0.000000 0.000000 0.000000 0.000000 0.000000
0.000000 0.000000 0.350168 0.350169 0.350169 0.350169 0.350169 0.350169 0.350169 0.350169 0.350169 0.350168 0.350168 0.350168 0.350168 0.350169 0.350169 0.350169 0.350169 0.000000 0.000000
0.000000 0.000000 0.350005 0.350005 0.350005 0.350005 0.350006 0.350005 0.350006 0.350006 0.350006 0.350006 0.350006 0.350006 0.350006 0.350005 0.350004 0.350004 0.350005 0.000000 0.000000
0.000000 0.000000 0.350103 0.350099 0.350097 0.350091 0.350092 0.350087 0.350090 0.350090 0.350087 0.350089 0.350089 0.350089 0.350092 0.350095 0.350099 0.350099 0.350100 0.000000 0.000000
0.000000 0.000000 0.351016 0.351022 0.351017 0.351006 0.350999 0.350992 0.350988 0.350986 0.350986 0.350986 0.350987 0.350989 0.351003 0.351008 0.351011 0.351021 0.351023 0.000000 0.000000
0.000000 0.000000 0.353690 0.353690 0.353680 0.353663 0.353644 0.353622 0.353621 0.353615 0.353619 0.353619 0.353621 0.353619 0.353632 0.353645 0.353657 0.353666 0.353671 0.000000 0.000000
0.000000 0.000000 0.357514 0.357510 0.357499 0.357472 0.357440 0.357405 0.357406 0.357402 0.357403 0.357401 0.357398 0.357403 0.357433 0.357460 0.357478 0.357493 0.357500 0.000000 0.000000
0.000000 0.000000 0.362036 0.362034 0.362028 0.362000 0.361968 0.361930 0.361930 0.361925 0.361924 0.361921 0.361919 0.361926 0.361959 0.361987 0.362014 0.362020 0.362032 0.000000 0.000000
0.000000 0.000000 0.366896 0.366887 0.366872 0.366853 0.366820 0.366776 0.366778 0.366768 0.366766 0.366764 0.366766 0.366764 0.366807 0.366841 0.366862 0.366873 0.366883 0.000000 0.000000
0.000000 0.000000 0.372001 0.371992 0.371983 0.371965 0.371918 0.371879 0.371879 0.371874 0.371868 0.371871 0.371876 0.371874 0.371909 0.371949 0.371973 0.371981 0.371988 0.000000 0.000000
0.000000 0.000000 0.377507 0.377501 0.377492 0.377451 0.377418 0.377373 0.377383 0.377358 0.377361 0.377360 0.377351 0.377367 0.377400 0.377424 0.377455 0.377471 0.377492 0.000000 0.000000
0.000000 0.000000 0.383602 0.383585 0.383566 0.383540 0.383503 0.383446 0.383442 0.383435 0.383448 0.383429 0.383434 0.383438 0.383497 0.383527 0.383548 0.383560 0.383611 0.000000 0.000000
0.000000 0.000000 0.390164 0.390148 0.390140 0.390104 0.390071 0.389924 0.389922 0.389913 0.389875 0.389894 0.389903 0.389916 0.390028 0.390058 0.390114 0.390120 0.390145 0.000000 0.000000
0.000000 0.000000 0.397813 0.397808 0.397777 0.397751 0.397569 0.397580 0.397542 0.397542 0.397552 0.397541 0.397536 0.397529 0.397515 0.397702 0.397735 0.397783 0.397819 0.000000 0.000000
0.000000 0.000000 0.406784 0.406768 0.406730 0.406502 0.406514 0.406401 0.406349 0.406336 0.406298 0.406270 0.406295 0.406290 0.406400 0.406401 0.406702 0.406657 0.406664 0.000000 0.000000
0.000000 0.000000 0.416598 0.416583 0.416256 0.416334 0.416310 0.416274 0.416392 0.416353 0.416415 0.416390 0.416338 0.416419 0.416431 0.416450 0.416227 0.416692 0.416685 0.000000 0.000000
0.000000 0.000000 0.428705 0.428195 0.428283 0.428097 0.427839 0.427764 0.427631 0.427661 0.427512 0.427524 0.427608 0.427528 0.427656 0.427845 0.428263 0.428011 0.428539 0.000000 0.000000
0.000000 0.000000 0.433479 0.433930 0.434366 0.434360 0.434369 0.433950 0.434013 0.433892 0.434083 0.434043 0.434017 0.434081 0.434433 0.434426 0.434445 0.434095 0.433654 0.000000 0.000000
0.000000 0.000000 0.350000 0.350000 0.350000 0.350000 0.350000 0.350000 0.350000 0.350000 0.350000 0.350000 0.350000 0.350000 0.350000 0.350000 0.350000 0.350000 0.350000 0.000000 0.000000
0.000000 0.000000 0.000000 0.000000 0.000000 0.000000 0.000000 0.000000 0.000000 0.000000 0.000000 0.000000 0.000000 0.000000 0.000000 0.000000 0.000000 0.000000 0.000000 0.000000 0.000000