geotop/1.0zi/1.0Montebello/Templates/testdem/maps/_Eocsand2539.asc
ncols         21
nrows         20
xllcorner     100.000000
yllcorner     100.000000
cellsize      50.000000
NODATA_value  -9999.0
0.000000 0.000000 0.000000 0.000000 0.000000 0.000000 0.000000 0.000000 0.000000 0.000000 0.000000 0.000000 0.000000 0.000000 0.000000 0.000000 0.000000 0.000000 0.000000 0.000000 0.000000
0.000000 0.000000 0.300074 0.300074 0.300074 0.300075 0.300074 0.300074 0.300074 0.300074 0.300076 0.300074 0.300074 0.300074 0.300074 0.300075 0.300074 0.300074 0.300074 0.000000 0.000000
0.000000 0.000000 0.300012 0.300013 0.300013 0.300012 0.300013 0.300012 0.300013 0.300013 0.300011 0.300013 0.300013 0.300012 0.300013 0.300012 0.300013 0.300013 0.300012 0.000000 0.000000
0.000000 0.000000 0.298377 0.298378 0.298382 0.298380 0.298377 0.298377 0.298377 0.298377 0.298377 0.298377 0.298377 0.298377 0.298377 0.298380 0.298382 0.298378 0.298377 0.000000 0.000000
0.000000 0.000000 0.291461 0.291462 0.291466 0.291466 0.291460 0.291462 0.291461 0.291459 0.291458 0.291459 0.291461 0.291462 0.291460 0.291466 0.291466 0.291462 0.291461 0.000000 0.000000
0.000000 0.000000 0.283015 0.283016 0.283019 0.283019 0.283014 0.283016 0.283015 0.283013 0.283013 0.283013 0.283015 0.283016 0.283014 0.283019 0.283019 0.283016 0.283015 0.000000 0.000000
0.000000 0.000000 0.275142 0.275143 0.275146 0.275145 0.275141 0.275143 0.275143 0.275141 0.275141 0.275141 0.275143 0.275143 0.275141 0.275145 0.275146 0.275143 0.275142 0.000000 0.000000
0.000000 0.000000 0.267931 0.267932 0.267935 0.267934 0.267931 0.267932 0.267932 0.267930 0.267930 0.267930 0.267932 0.267932 0.267931 0.267934 0.267935 0.267932 0.267931 0.000000 0.000000
0.000000 0.000000 0.261209 0.261210 0.261212 0.261211 0.261208 0.261209 0.261209 0.261208 0.261207 0.261208 0.261209 0.261209 0.261208 0.261211 0.261212 0.261210 0.261209 0.000000 0.000000
0.000000 0.000000 0.254821 0.254821 0.254824 0.254823 0.254820 0.254821 0.254821 0.254820 0.254819 0.254820 0.254821 0.254821 0.254820 0.254823 0.254824 0.254821 0.254821 0.000000 0.000000
0.000000 0.000000 0.248693 0.248693 0.248696 0.248695 0.248692 0.248693 0.248693 0.248692 0.248691 0.248692 0.248693 0.248693 0.248692 0.248695 0.248696 0.248693 0.248693 0.000000 0.000000
0.000000 0.000000 0.242769 0.242769 0.242772 0.242771 0.242768 0.242769 0.242769 0.242768 0.242767 0.242768 0.242769 0.242769 0.242768 0.242771 0.242772 0.242769 0.242769 0.000000 0.000000
0.000000 0.000000 0.237007 0.237008 0.237010 0.237009 0.237007 0.237008 0.237008 0.237007 0.237006 0.237007 0.237008 0.237008 0.237007 0.237009 0.237010 0.237008 0.237007 0.000000 0.000000
0.000000 0.000000 0.231380 0.231381 0.231383 0.231382 0.231380 0.231381 0.231381 0.231380 0.231379 0.231380 0.231381 0.231381 0.231380 0.231382 0.231383 0.231381 0.231380 0.000000 0.000000
0.000000 0.000000 0.225867 0.225868 0.225870 0.225869 0.225867 0.225868 0.225867 0.225866 0.225866 0.225866 0.225867 0.225868 0.225867 0.225869 0.225870 0.225868 0.225867 0.000000 0.000000
0.000000 0.000000 0.220458 0.220459 0.220461 0.220460 0.220458 0.220459 0.220459 0.220458 0.220457 0.220458 0.220459 0.220459 0.220458 0.220460 0.220461 0.220459 0.220458 0.000000 0.000000
0.000000 0.000000 0.215149 0.215149 0.215152 0.215151 0.215148 0.215149 0.215149 0.215148 0.215148 0.215148 0.215149 0.215149 0.215148 0.215151 0.215152 0.215149 0.215149 0.000000 0.000000
0.000000 0.000000 0.209862 0.209862 0.209864 0.209863 0.209861 0.209861 0.209861 0.209860 0.209860 0.209860 0.209861 0.209861 0.209861 0.209863 0.209864 0.209862 0.209861 0.000000 0.000000
0.000000 0.000000 0.300000 0.300000 0.300000 0.300000 0.300000 0.300000 0.300000 0.300000 0.300000 0.300000 0.300000 0.300000 0.300000 0.300000 0.300000 0.300000 0.300000 0.000000 0.000000
0.000000 0.000000 0.000000 0.000000 0.000000 0.000000 0.000000 0.000000 0.000000 0.000000 0.000000 0.000000 0.000000 0.000000 0.000000 0.000000 0.000000 0.000000 0.000000 0.000000 0.000000