geotop/1.0zi/1.0Montebello/Templates/testdem/maps/_Eocsilt4037.asc
ncols         21
nrows         20
xllcorner     100.000000
yllcorner     100.000000
cellsize      50.000000
NODATA_value  -9999.0
0.000000 0.000000 0.000000 0.000000 0.000000 0.000000 0.000000 0.000000 0.000000 0.000000 0.000000 0.000000 0.000000 0.000000 0.000000 0.000000 0.000000 0.000000 0.000000 0.000000 0.000000
0.000000 0.000000 0.350083 0.350083 0.350083 0.350083 0.350083 0.350083 0.350083 0.350083 0.350083 0.350083 0.350083 0.350083 0.350083 0.350083 0.350084 0.350083 0.350083 0.000000 0.000000
0.000000 0.000000 0.350001 0.350002 0.350002 0.350002 0.350003 0.350003 0.350003 0.350003 0.350003 0.350003 0.350003 0.350003 0.350002 0.350002 0.350001 0.350001 0.350001 0.000000 0.000000
0.000000 0.000000 0.350032 0.350031 0.350031 0.350027 0.350028 0.350025 0.350027 0.350028 0.350027 0.350027 0.350027 0.350026 0.350028 0.350031 0.350031 0.350033 0.350032 0.000000 0.000000
0.000000 0.000000 0.350376 0.350379 0.350377 0.350378 0.350377 0.350375 0.350373 0.350371 0.350369 0.350372 0.350373 0.350373 0.350374 0.350373 0.350372 0.350377 0.350379 0.000000 0.000000
0.000000 0.000000 0.351442 0.351442 0.351439 0.351436 0.351434 0.351423 0.351422 0.351417 0.351421 0.351423 0.351425 0.351420 0.351421 0.351426 0.351429 0.351429 0.351430 0.000000 0.000000
0.000000 0.000000 0.353058 0.353058 0.353056 0.353046 0.353036 0.353023 0.353025 0.353023 0.353025 0.353023 0.353020 0.353019 0.353028 0.353041 0.353045 0.353049 0.353055 0.000000 0.000000
0.000000 0.000000 0.354945 0.354942 0.354938 0.354926 0.354914 0.354899 0.354901 0.354898 0.354898 0.354898 0.354895 0.354892 0.354908 0.354923 0.354933 0.354934 0.354938 0.000000 0.000000
0.000000 0.000000 0.356848 0.356844 0.356838 0.356830 0.356819 0.356800 0.356802 0.356798 0.356798 0.356799 0.356796 0.356794 0.356808 0.356824 0.356832 0.356836 0.356843 0.000000 0.000000
0.000000 0.000000 0.358735 0.358732 0.358727 0.358718 0.358705 0.358689 0.358691 0.358689 0.358689 0.358689 0.358686 0.358682 0.358698 0.358714 0.358721 0.358724 0.358729 0.000000 0.000000
0.000000 0.000000 0.360628 0.360624 0.360619 0.360612 0.360603 0.360584 0.360586 0.360581 0.360582 0.360583 0.360579 0.360576 0.360589 0.360601 0.360610 0.360613 0.360620 0.000000 0.000000
0.000000 0.000000 0.362576 0.362572 0.362566 0.362555 0.362545 0.362526 0.362526 0.362523 0.362523 0.362523 0.362521 0.362517 0.362535 0.362549 0.362557 0.362560 0.362582 0.000000 0.000000
0.000000 0.000000 0.364541 0.364537 0.364530 0.364522 0.364510 0.364471 0.364472 0.364468 0.364467 0.364468 0.364464 0.364462 0.364494 0.364512 0.364519 0.364523 0.364536 0.000000 0.000000
0.000000 0.000000 0.366608 0.366601 0.366596 0.366588 0.366550 0.366540 0.366534 0.366531 0.366532 0.366532 0.366527 0.366524 0.366535 0.366574 0.366583 0.366591 0.366599 0.000000 0.000000
0.000000 0.000000 0.368823 0.368817 0.368804 0.368771 0.368754 0.368731 0.368718 0.368714 0.368708 0.368707 0.368707 0.368700 0.368717 0.368746 0.368789 0.368787 0.368793 0.000000 0.000000
0.000000 0.000000 0.371094 0.371087 0.371044 0.371038 0.371029 0.371017 0.371015 0.371014 0.371015 0.371014 0.371007 0.371011 0.371015 0.371028 0.371030 0.371073 0.371084 0.000000 0.000000
0.000000 0.000000 0.373599 0.373546 0.373507 0.373493 0.373468 0.373455 0.373452 0.373450 0.373443 0.373444 0.373442 0.373435 0.373442 0.373475 0.373495 0.373519 0.373572 0.000000 0.000000
0.000000 0.000000 0.375579 0.375564 0.375593 0.375574 0.375552 0.375502 0.375497 0.375492 0.375493 0.375493 0.375488 0.375487 0.375531 0.375560 0.375592 0.375546 0.375570 0.000000 0.000000
0.000000 0.000000 0.350000 0.350000 0.350000 0.350000 0.350000 0.350000 0.350000 0.350000 0.350000 0.350000 0.350000 0.350000 0.350000 0.350000 0.350000 0.350000 0.350000 0.000000 0.000000
0.000000 0.000000 0.000000 0.000000 0.000000 0.000000 0.000000 0.000000 0.000000 0.000000 0.000000 0.000000 0.000000 0.000000 0.000000 0.000000 0.000000 0.000000 0.000000 0.000000 0.000000