geotop/1.0zi/1.0Montebello/Templates/testdem/maps/_Eocsilt6608.asc
ncols         21
nrows         20
xllcorner     100.000000
yllcorner     100.000000
cellsize      50.000000
NODATA_value  -9999.0
0.000000 0.000000 0.000000 0.000000 0.000000 0.000000 0.000000 0.000000 0.000000 0.000000 0.000000 0.000000 0.000000 0.000000 0.000000 0.000000 0.000000 0.000000 0.000000 0.000000 0.000000
0.000000 0.000000 0.350132 0.350132 0.350133 0.350133 0.350132 0.350133 0.350133 0.350133 0.350133 0.350132 0.350132 0.350132 0.350132 0.350132 0.350133 0.350133 0.350132 0.000000 0.000000
0.000000 0.000000 0.350002 0.350002 0.350002 0.350002 0.350003 0.350002 0.350003 0.350003 0.350003 0.350003 0.350003 0.350003 0.350003 0.350002 0.350001 0.350001 0.350002 0.000000 0.000000
0.000000 0.000000 0.350056 0.350053 0.350052 0.350047 0.350048 0.350046 0.350048 0.350049 0.350047 0.350046 0.350047 0.350046 0.350049 0.350052 0.350054 0.350055 0.350055 0.000000 0.000000
0.000000 0.000000 0.350638 0.350644 0.350641 0.350633 0.350629 0.350623 0.350622 0.350620 0.350619 0.350621 0.350622 0.350623 0.350630 0.350633 0.350634 0.350642 0.350646 0.000000 0.000000
0.000000 0.000000 0.352429 0.352431 0.352424 0.352411 0.352397 0.352379 0.352378 0.352374 0.352377 0.352378 0.352380 0.352377 0.352384 0.352393 0.352402 0.352408 0.352413 0.000000 0.000000
0.000000 0.000000 0.355168 0.355166 0.355158 0.355137 0.355111 0.355086 0.355087 0.355084 0.355085 0.355083 0.355081 0.355085 0.355104 0.355126 0.355140 0.355152 0.355159 0.000000 0.000000
0.000000 0.000000 0.358497 0.358497 0.358494 0.358473 0.358449 0.358420 0.358421 0.358417 0.358416 0.358413 0.358413 0.358416 0.358439 0.358462 0.358482 0.358486 0.358498 0.000000 0.000000
0.000000 0.000000 0.362007 0.362001 0.361991 0.361976 0.361952 0.361919 0.361921 0.361914 0.361911 0.361910 0.361911 0.361909 0.361939 0.361966 0.361983 0.361990 0.362000 0.000000 0.000000
0.000000 0.000000 0.365583 0.365577 0.365572 0.365561 0.365526 0.365498 0.365499 0.365495 0.365490 0.365492 0.365497 0.365493 0.365517 0.365547 0.365565 0.365570 0.365577 0.000000 0.000000
0.000000 0.000000 0.369305 0.369301 0.369297 0.369270 0.369247 0.369215 0.369222 0.369205 0.369206 0.369205 0.369200 0.369210 0.369229 0.369249 0.369270 0.369281 0.369297 0.000000 0.000000
0.000000 0.000000 0.373275 0.373266 0.373256 0.373237 0.373214 0.373175 0.373175 0.373167 0.373175 0.373163 0.373166 0.373169 0.373205 0.373224 0.373240 0.373248 0.373286 0.000000 0.000000
0.000000 0.000000 0.377410 0.377401 0.377396 0.377374 0.377354 0.377268 0.377267 0.377260 0.377239 0.377247 0.377254 0.377261 0.377324 0.377345 0.377378 0.377382 0.377408 0.000000 0.000000
0.000000 0.000000 0.381989 0.381985 0.381971 0.381954 0.381863 0.381848 0.381828 0.381827 0.381824 0.381822 0.381822 0.381818 0.381822 0.381918 0.381944 0.381969 0.381997 0.000000 0.000000
0.000000 0.000000 0.387130 0.387123 0.387103 0.387000 0.386977 0.386927 0.386894 0.386889 0.386870 0.386855 0.386868 0.386862 0.386904 0.386939 0.387080 0.387067 0.387081 0.000000 0.000000
0.000000 0.000000 0.392661 0.392653 0.392515 0.392506 0.392499 0.392469 0.392505 0.392486 0.392503 0.392485 0.392470 0.392500 0.392515 0.392527 0.392495 0.392676 0.392678 0.000000 0.000000
0.000000 0.000000 0.399193 0.398995 0.398959 0.398899 0.398800 0.398764 0.398737 0.398739 0.398691 0.398687 0.398711 0.398695 0.398743 0.398819 0.398943 0.398944 0.399148 0.000000 0.000000
0.000000 0.000000 0.403489 0.403553 0.403739 0.403700 0.403652 0.403473 0.403474 0.403431 0.403472 0.403457 0.403465 0.403474 0.403635 0.403673 0.403766 0.403585 0.403533 0.000000 0.000000
0.000000 0.000000 0.350000 0.350000 0.350000 0.350000 0.350000 0.350000 0.350000 0.350000 0.350000 0.350000 0.350000 0.350000 0.350000 0.350000 0.350000 0.350000 0.350000 0.000000 0.000000
0.000000 0.000000 0.000000 0.000000 0.000000 0.000000 0.000000 0.000000 0.000000 0.000000 0.000000 0.000000 0.000000 0.000000 0.000000 0.000000 0.000000 0.000000 0.000000 0.000000 0.000000