geotop/1.0zi/1.0Montebello/Templates/testdem/maps/_Eocsand4462.asc
ncols         21
nrows         20
xllcorner     100.000000
yllcorner     100.000000
cellsize      50.000000
NODATA_value  -9999.0
0.000000 0.000000 0.000000 0.000000 0.000000 0.000000 0.000000 0.000000 0.000000 0.000000 0.000000 0.000000 0.000000 0.000000 0.000000 0.000000 0.000000 0.000000 0.000000 0.000000 0.000000
0.000000 0.000000 0.300108 0.300108 0.300107 0.300107 0.300107 0.300107 0.300107 0.300107 0.300107 0.300107 0.300107 0.300107 0.300107 0.300107 0.300107 0.300108 0.300108 0.000000 0.000000
0.000000 0.000000 0.300005 0.300004 0.300004 0.300004 0.300004 0.300004 0.300004 0.300004 0.300004 0.300004 0.300004 0.300004 0.300004 0.300004 0.300006 0.300006 0.300005 0.000000 0.000000
0.000000 0.000000 0.299974 0.299973 0.299975 0.299979 0.299977 0.299979 0.299977 0.299978 0.299977 0.299979 0.299979 0.299980 0.299976 0.299972 0.299973 0.299971 0.299973 0.000000 0.000000
0.000000 0.000000 0.299275 0.299271 0.299274 0.299285 0.299296 0.299301 0.299302 0.299305 0.299307 0.299303 0.299306 0.299304 0.299294 0.299293 0.299288 0.299279 0.299272 0.000000 0.000000
0.000000 0.000000 0.296877 0.296873 0.296880 0.296905 0.296915 0.296944 0.296948 0.296958 0.296948 0.296945 0.296938 0.296938 0.296932 0.296919 0.296906 0.296897 0.296889 0.000000 0.000000
0.000000 0.000000 0.293230 0.293233 0.293237 0.293263 0.293293 0.293331 0.293329 0.293337 0.293330 0.293331 0.293332 0.293329 0.293302 0.293272 0.293257 0.293244 0.293233 0.000000 0.000000
0.000000 0.000000 0.289025 0.289028 0.289029 0.289056 0.289084 0.289121 0.289117 0.289124 0.289122 0.289123 0.289128 0.289129 0.289094 0.289064 0.289045 0.289038 0.289026 0.000000 0.000000
0.000000 0.000000 0.284782 0.284788 0.284795 0.284815 0.284841 0.284883 0.284880 0.284888 0.284887 0.284885 0.284890 0.284889 0.284856 0.284821 0.284806 0.284797 0.284782 0.000000 0.000000
0.000000 0.000000 0.280550 0.280557 0.280560 0.280581 0.280613 0.280651 0.280645 0.280651 0.280650 0.280649 0.280655 0.280658 0.280621 0.280586 0.280571 0.280563 0.280551 0.000000 0.000000
0.000000 0.000000 0.276261 0.276266 0.276271 0.276285 0.276309 0.276354 0.276349 0.276359 0.276359 0.276356 0.276362 0.276364 0.276333 0.276307 0.276288 0.276279 0.276265 0.000000 0.000000
0.000000 0.000000 0.271824 0.271829 0.271836 0.271860 0.271886 0.271930 0.271930 0.271936 0.271935 0.271936 0.271940 0.271943 0.271902 0.271870 0.271852 0.271844 0.271798 0.000000 0.000000
0.000000 0.000000 0.267327 0.267334 0.267341 0.267359 0.267390 0.267481 0.267479 0.267488 0.267488 0.267486 0.267494 0.267494 0.267415 0.267378 0.267360 0.267352 0.267323 0.000000 0.000000
0.000000 0.000000 0.262568 0.262581 0.262585 0.262603 0.262694 0.262717 0.262731 0.262738 0.262736 0.262735 0.262743 0.262745 0.262720 0.262629 0.262610 0.262590 0.262573 0.000000 0.000000
0.000000 0.000000 0.257436 0.257446 0.257468 0.257547 0.257588 0.257645 0.257673 0.257682 0.257695 0.257696 0.257694 0.257705 0.257662 0.257600 0.257498 0.257502 0.257487 0.000000 0.000000
0.000000 0.000000 0.252138 0.252149 0.252244 0.252259 0.252284 0.252313 0.252315 0.252318 0.252312 0.252314 0.252330 0.252313 0.252300 0.252274 0.252273 0.252164 0.252138 0.000000 0.000000
0.000000 0.000000 0.246247 0.246376 0.246455 0.246490 0.246554 0.246591 0.246598 0.246604 0.246618 0.246617 0.246618 0.246630 0.246605 0.246528 0.246477 0.246423 0.246293 0.000000 0.000000
0.000000 0.000000 0.241643 0.241669 0.241582 0.241628 0.241684 0.241814 0.241825 0.241838 0.241832 0.241834 0.241844 0.241837 0.241721 0.241656 0.241580 0.241692 0.241640 0.000000 0.000000
0.000000 0.000000 0.300000 0.300000 0.300000 0.300000 0.300000 0.300000 0.300000 0.300000 0.300000 0.300000 0.300000 0.300000 0.300000 0.300000 0.300000 0.300000 0.300000 0.000000 0.000000
0.000000 0.000000 0.000000 0.000000 0.000000 0.000000 0.000000 0.000000 0.000000 0.000000 0.000000 0.000000 0.000000 0.000000 0.000000 0.000000 0.000000 0.000000 0.000000 0.000000 0.000000