geotop/1.0zi/1.0Montebello/Templates/testdem/maps/_Eocclay0561.asc
ncols         21
nrows         20
xllcorner     100.000000
yllcorner     100.000000
cellsize      50.000000
NODATA_value  -9999.0
0.000000 0.000000 0.000000 0.000000 0.000000 0.000000 0.000000 0.000000 0.000000 0.000000 0.000000 0.000000 0.000000 0.000000 0.000000 0.000000 0.000000 0.000000 0.000000 0.000000 0.000000
0.000000 0.000000 0.349968 0.349968 0.349968 0.349968 0.349968 0.349968 0.349968 0.349968 0.349968 0.349968 0.349968 0.349968 0.349968 0.349968 0.349968 0.349968 0.349968 0.000000 0.000000
0.000000 0.000000 0.349997 0.349997 0.349997 0.349997 0.349997 0.349997 0.349997 0.349997 0.349997 0.349997 0.349997 0.349997 0.349997 0.349997 0.349997 0.349997 0.349997 0.000000 0.000000
0.000000 0.000000 0.350281 0.350281 0.350279 0.350281 0.350282 0.350282 0.350282 0.350282 0.350282 0.350282 0.350282 0.350282 0.350282 0.350281 0.350279 0.350281 0.350281 0.000000 0.000000
0.000000 0.000000 0.351231 0.351231 0.351229 0.351231 0.351231 0.351231 0.351231 0.351231 0.351231 0.351231 0.351231 0.351231 0.351231 0.351231 0.351229 0.351231 0.351231 0.000000 0.000000
0.000000 0.000000 0.352191 0.352191 0.352189 0.352191 0.352191 0.352191 0.352191 0.352191 0.352191 0.352191 0.352191 0.352191 0.352191 0.352191 0.352189 0.352191 0.352191 0.000000 0.000000
0.000000 0.000000 0.353098 0.353098 0.353096 0.353098 0.353098 0.353098 0.353098 0.353098 0.353098 0.353098 0.353098 0.353098 0.353098 0.353098 0.353096 0.353098 0.353098 0.000000 0.000000
0.000000 0.000000 0.353941 0.353941 0.353939 0.353941 0.353941 0.353941 0.353941 0.353941 0.353941 0.353941 0.353941 0.353941 0.353941 0.353941 0.353939 0.353941 0.353941 0.000000 0.000000
0.000000 0.000000 0.354737 0.354737 0.354736 0.354737 0.354737 0.354737 0.354737 0.354737 0.354737 0.354737 0.354737 0.354737 0.354737 0.354737 0.354736 0.354737 0.354737 0.000000 0.000000
0.000000 0.000000 0.355505 0.355505 0.355504 0.355505 0.355505 0.355505 0.355505 0.355505 0.355505 0.355505 0.355505 0.355505 0.355505 0.355505 0.355504 0.355505 0.355505 0.000000 0.000000
0.000000 0.000000 0.356252 0.356252 0.356251 0.356252 0.356252 0.356252 0.356252 0.356252 0.356252 0.356252 0.356252 0.356252 0.356252 0.356252 0.356251 0.356252 0.356252 0.000000 0.000000
0.000000 0.000000 0.356985 0.356985 0.356983 0.356985 0.356985 0.356985 0.356985 0.356985 0.356985 0.356985 0.356985 0.356985 0.356985 0.356985 0.356983 0.356985 0.356985 0.000000 0.000000
0.000000 0.000000 0.357704 0.357704 0.357703 0.357704 0.357704 0.357704 0.357704 0.357704 0.357704 0.357704 0.357704 0.357704 0.357704 0.357704 0.357703 0.357704 0.357704 0.000000 0.000000
0.000000 0.000000 0.358413 0.358413 0.358411 0.358413 0.358413 0.358413 0.358413 0.358413 0.358413 0.358413 0.358413 0.358413 0.358413 0.358413 0.358411 0.358413 0.358413 0.000000 0.000000
0.000000 0.000000 0.359114 0.359114 0.359113 0.359114 0.359114 0.359114 0.359114 0.359114 0.359114 0.359114 0.359114 0.359114 0.359114 0.359114 0.359113 0.359114 0.359114 0.000000 0.000000
0.000000 0.000000 0.359813 0.359813 0.359811 0.359813 0.359813 0.359813 0.359813 0.359813 0.359813 0.359813 0.359813 0.359813 0.359813 0.359813 0.359811 0.359813 0.359813 0.000000 0.000000
0.000000 0.000000 0.360504 0.360504 0.360502 0.360504 0.360504 0.360504 0.360504 0.360504 0.360504 0.360504 0.360504 0.360504 0.360504 0.360504 0.360502 0.360504 0.360504 0.000000 0.000000
0.000000 0.000000 0.361204 0.361204 0.361203 0.361204 0.361205 0.361205 0.361205 0.361205 0.361205 0.361205 0.361205 0.361205 0.361205 0.361204 0.361203 0.361204 0.361204 0.000000 0.000000
0.000000 0.000000 0.350000 0.350000 0.350000 0.350000 0.350000 0.350000 0.350000 0.350000 0.350000 0.350000 0.350000 0.350000 0.350000 0.350000 0.350000 0.350000 0.350000 0.000000 0.000000
0.000000 0.000000 0.000000 0.000000 0.000000 0.000000 0.000000 0.000000 0.000000 0.000000 0.000000 0.000000 0.000000 0.000000 0.000000 0.000000 0.000000 0.000000 0.000000 0.000000 0.000000