geotop/1.0zi/1.0Montebello/Templates/testdem/maps/_Eocsilt2845.asc
ncols         21
nrows         20
xllcorner     100.000000
yllcorner     100.000000
cellsize      50.000000
NODATA_value  -9999.0
0.000000 0.000000 0.000000 0.000000 0.000000 0.000000 0.000000 0.000000 0.000000 0.000000 0.000000 0.000000 0.000000 0.000000 0.000000 0.000000 0.000000 0.000000 0.000000 0.000000 0.000000
0.000000 0.000000 0.350073 0.350073 0.350073 0.350072 0.350073 0.350073 0.350073 0.350073 0.350072 0.350073 0.350073 0.350073 0.350073 0.350072 0.350073 0.350073 0.350073 0.000000 0.000000
0.000000 0.000000 0.349998 0.349998 0.349998 0.349998 0.349998 0.349998 0.349998 0.349998 0.349999 0.349998 0.349998 0.349998 0.349998 0.349998 0.349998 0.349998 0.349998 0.000000 0.000000
0.000000 0.000000 0.351027 0.351027 0.351024 0.351025 0.351028 0.351027 0.351027 0.351027 0.351028 0.351027 0.351027 0.351027 0.351028 0.351025 0.351024 0.351027 0.351027 0.000000 0.000000
0.000000 0.000000 0.354915 0.354914 0.354912 0.354913 0.354915 0.354914 0.354914 0.354916 0.354916 0.354916 0.354914 0.354914 0.354915 0.354913 0.354912 0.354914 0.354915 0.000000 0.000000
0.000000 0.000000 0.359838 0.359838 0.359836 0.359837 0.359839 0.359838 0.359838 0.359839 0.359840 0.359839 0.359838 0.359838 0.359839 0.359837 0.359836 0.359838 0.359838 0.000000 0.000000
0.000000 0.000000 0.364326 0.364326 0.364324 0.364324 0.364326 0.364326 0.364326 0.364327 0.364327 0.364327 0.364326 0.364326 0.364326 0.364324 0.364324 0.364326 0.364326 0.000000 0.000000
0.000000 0.000000 0.368401 0.368400 0.368399 0.368399 0.368401 0.368400 0.368400 0.368401 0.368401 0.368401 0.368400 0.368400 0.368401 0.368399 0.368399 0.368400 0.368401 0.000000 0.000000
0.000000 0.000000 0.372178 0.372178 0.372176 0.372177 0.372178 0.372178 0.372178 0.372178 0.372179 0.372178 0.372178 0.372178 0.372178 0.372177 0.372176 0.372178 0.372178 0.000000 0.000000
0.000000 0.000000 0.375748 0.375748 0.375747 0.375747 0.375748 0.375748 0.375748 0.375748 0.375749 0.375748 0.375748 0.375748 0.375748 0.375747 0.375747 0.375748 0.375748 0.000000 0.000000
0.000000 0.000000 0.379153 0.379153 0.379152 0.379152 0.379154 0.379153 0.379153 0.379154 0.379154 0.379154 0.379153 0.379153 0.379154 0.379152 0.379152 0.379153 0.379153 0.000000 0.000000
0.000000 0.000000 0.382427 0.382427 0.382426 0.382426 0.382428 0.382427 0.382427 0.382428 0.382428 0.382428 0.382427 0.382427 0.382428 0.382426 0.382426 0.382427 0.382427 0.000000 0.000000
0.000000 0.000000 0.385595 0.385594 0.385593 0.385594 0.385595 0.385594 0.385595 0.385595 0.385595 0.385595 0.385595 0.385594 0.385595 0.385594 0.385593 0.385594 0.385595 0.000000 0.000000
0.000000 0.000000 0.388677 0.388677 0.388676 0.388676 0.388677 0.388677 0.388677 0.388677 0.388678 0.388677 0.388677 0.388677 0.388677 0.388676 0.388676 0.388677 0.388677 0.000000 0.000000
0.000000 0.000000 0.391682 0.391682 0.391681 0.391681 0.391683 0.391682 0.391682 0.391683 0.391683 0.391683 0.391682 0.391682 0.391683 0.391681 0.391681 0.391682 0.391682 0.000000 0.000000
0.000000 0.000000 0.394617 0.394617 0.394615 0.394616 0.394617 0.394617 0.394617 0.394617 0.394617 0.394617 0.394617 0.394617 0.394617 0.394616 0.394615 0.394617 0.394617 0.000000 0.000000
0.000000 0.000000 0.397485 0.397485 0.397483 0.397484 0.397485 0.397485 0.397485 0.397485 0.397485 0.397485 0.397485 0.397485 0.397485 0.397484 0.397483 0.397485 0.397485 0.000000 0.000000
0.000000 0.000000 0.400336 0.400336 0.400335 0.400336 0.400337 0.400336 0.400336 0.400337 0.400337 0.400337 0.400336 0.400336 0.400337 0.400336 0.400335 0.400336 0.400336 0.000000 0.000000
0.000000 0.000000 0.350000 0.350000 0.350000 0.350000 0.350000 0.350000 0.350000 0.350000 0.350000 0.350000 0.350000 0.350000 0.350000 0.350000 0.350000 0.350000 0.350000 0.000000 0.000000
0.000000 0.000000 0.000000 0.000000 0.000000 0.000000 0.000000 0.000000 0.000000 0.000000 0.000000 0.000000 0.000000 0.000000 0.000000 0.000000 0.000000 0.000000 0.000000 0.000000 0.000000