geotop/1.0zi/1.0Montebello/Templates/testdem/maps/_Eocsand8266.asc
ncols         21
nrows         20
xllcorner     100.000000
yllcorner     100.000000
cellsize      50.000000
NODATA_value  -9999.0
0.000000 0.000000 0.000000 0.000000 0.000000 0.000000 0.000000 0.000000 0.000000 0.000000 0.000000 0.000000 0.000000 0.000000 0.000000 0.000000 0.000000 0.000000 0.000000 0.000000 0.000000
0.000000 0.000000 0.300208 0.300206 0.300206 0.300207 0.300206 0.300205 0.300205 0.300206 0.300206 0.300206 0.300206 0.300206 0.300206 0.300206 0.300207 0.300207 0.300207 0.000000 0.000000
0.000000 0.000000 0.300011 0.300012 0.300012 0.300010 0.300011 0.300012 0.300012 0.300012 0.300012 0.300012 0.300011 0.300012 0.300011 0.300011 0.300012 0.300013 0.300013 0.000000 0.000000
0.000000 0.000000 0.299893 0.299893 0.299897 0.299905 0.299900 0.299909 0.299904 0.299906 0.299906 0.299906 0.299906 0.299908 0.299903 0.299898 0.299896 0.299893 0.299894 0.000000 0.000000
0.000000 0.000000 0.297935 0.297931 0.297940 0.297955 0.297978 0.297987 0.297994 0.297993 0.297997 0.297996 0.297999 0.297993 0.297969 0.297963 0.297951 0.297938 0.297927 0.000000 0.000000
0.000000 0.000000 0.292192 0.292193 0.292215 0.292260 0.292295 0.292343 0.292344 0.292356 0.292348 0.292349 0.292344 0.292344 0.292320 0.292286 0.292257 0.292234 0.292222 0.000000 0.000000
0.000000 0.000000 0.284208 0.284215 0.284235 0.284286 0.284351 0.284426 0.284427 0.284437 0.284434 0.284436 0.284438 0.284432 0.284367 0.284309 0.284273 0.284245 0.284229 0.000000 0.000000
0.000000 0.000000 0.274749 0.274753 0.274768 0.274826 0.274889 0.274972 0.274973 0.274982 0.274983 0.274990 0.274993 0.274978 0.274908 0.274852 0.274798 0.274781 0.274755 0.000000 0.000000
0.000000 0.000000 0.264618 0.264634 0.264664 0.264702 0.264769 0.264858 0.264855 0.264874 0.264878 0.264883 0.264880 0.264882 0.264795 0.264725 0.264682 0.264660 0.264639 0.000000 0.000000
0.000000 0.000000 0.253880 0.253898 0.253914 0.253952 0.254049 0.254131 0.254131 0.254141 0.254153 0.254146 0.254135 0.254139 0.254066 0.253984 0.253933 0.253916 0.253899 0.000000 0.000000
0.000000 0.000000 0.242184 0.242196 0.242215 0.242298 0.242365 0.242461 0.242443 0.242493 0.242486 0.242489 0.242507 0.242473 0.242405 0.242354 0.242289 0.242254 0.242210 0.000000 0.000000
0.000000 0.000000 0.229163 0.229197 0.229237 0.229289 0.229367 0.229488 0.229498 0.229510 0.229482 0.229524 0.229512 0.229505 0.229380 0.229316 0.229272 0.229247 0.229137 0.000000 0.000000
0.000000 0.000000 0.215042 0.215074 0.215089 0.215166 0.215235 0.215553 0.215558 0.215576 0.215660 0.215615 0.215597 0.215568 0.215327 0.215262 0.215141 0.215127 0.215075 0.000000 0.000000
0.000000 0.000000 0.198425 0.198433 0.198500 0.198553 0.198954 0.198920 0.199005 0.199002 0.198975 0.199000 0.199012 0.199030 0.199070 0.198653 0.198588 0.198477 0.198399 0.000000 0.000000
0.000000 0.000000 0.178790 0.178826 0.178905 0.179416 0.179366 0.179623 0.179738 0.179766 0.179852 0.179912 0.179855 0.179865 0.179616 0.179635 0.178959 0.179062 0.179049 0.000000 0.000000
0.000000 0.000000 0.157280 0.157310 0.158051 0.157840 0.157896 0.157962 0.157685 0.157770 0.157623 0.157674 0.157797 0.157611 0.157601 0.157558 0.158110 0.157036 0.157051 0.000000 0.000000
0.000000 0.000000 0.130709 0.131863 0.131608 0.132043 0.132620 0.132789 0.133112 0.133035 0.133382 0.133350 0.133152 0.133347 0.133056 0.132629 0.131643 0.132289 0.131084 0.000000 0.000000
0.000000 0.000000 0.121307 0.120225 0.119257 0.119243 0.119186 0.120116 0.119957 0.120232 0.119781 0.119872 0.119942 0.119788 0.119016 0.119059 0.119074 0.119820 0.120877 0.000000 0.000000
0.000000 0.000000 0.300000 0.300000 0.300000 0.300000 0.300000 0.300000 0.300000 0.300000 0.300000 0.300000 0.300000 0.300000 0.300000 0.300000 0.300000 0.300000 0.300000 0.000000 0.000000
0.000000 0.000000 0.000000 0.000000 0.000000 0.000000 0.000000 0.000000 0.000000 0.000000 0.000000 0.000000 0.000000 0.000000 0.000000 0.000000 0.000000 0.000000 0.000000 0.000000 0.000000