geotop/1.0zi/1.0Montebello/Templates/testdem/maps/_Eocclay2059.asc
ncols         21
nrows         20
xllcorner     100.000000
yllcorner     100.000000
cellsize      50.000000
NODATA_value  -9999.0
0.000000 0.000000 0.000000 0.000000 0.000000 0.000000 0.000000 0.000000 0.000000 0.000000 0.000000 0.000000 0.000000 0.000000 0.000000 0.000000 0.000000 0.000000 0.000000 0.000000 0.000000
0.000000 0.000000 0.349894 0.349894 0.349894 0.349894 0.349894 0.349894 0.349894 0.349894 0.349894 0.349894 0.349894 0.349894 0.349894 0.349894 0.349894 0.349894 0.349894 0.000000 0.000000
0.000000 0.000000 0.349993 0.349993 0.349993 0.349993 0.349993 0.349993 0.349993 0.349993 0.349993 0.349993 0.349993 0.349993 0.349993 0.349993 0.349993 0.349993 0.349993 0.000000 0.000000
0.000000 0.000000 0.350661 0.350661 0.350659 0.350659 0.350661 0.350661 0.350661 0.350661 0.350661 0.350661 0.350661 0.350661 0.350661 0.350659 0.350659 0.350661 0.350661 0.000000 0.000000
0.000000 0.000000 0.353550 0.353549 0.353547 0.353547 0.353551 0.353550 0.353550 0.353551 0.353551 0.353551 0.353550 0.353550 0.353551 0.353547 0.353547 0.353549 0.353550 0.000000 0.000000
0.000000 0.000000 0.356921 0.356921 0.356919 0.356919 0.356922 0.356921 0.356921 0.356922 0.356922 0.356922 0.356921 0.356921 0.356922 0.356919 0.356919 0.356921 0.356921 0.000000 0.000000
0.000000 0.000000 0.360125 0.360125 0.360124 0.360124 0.360126 0.360125 0.360125 0.360126 0.360126 0.360126 0.360125 0.360125 0.360126 0.360124 0.360124 0.360125 0.360125 0.000000 0.000000
0.000000 0.000000 0.363080 0.363080 0.363078 0.363079 0.363080 0.363080 0.363080 0.363081 0.363081 0.363081 0.363080 0.363080 0.363080 0.363079 0.363078 0.363080 0.363080 0.000000 0.000000
0.000000 0.000000 0.365846 0.365846 0.365844 0.365845 0.365846 0.365846 0.365846 0.365846 0.365847 0.365846 0.365846 0.365846 0.365846 0.365845 0.365844 0.365846 0.365846 0.000000 0.000000
0.000000 0.000000 0.368489 0.368488 0.368487 0.368487 0.368489 0.368488 0.368489 0.368489 0.368489 0.368489 0.368489 0.368488 0.368489 0.368487 0.368487 0.368488 0.368489 0.000000 0.000000
0.000000 0.000000 0.371037 0.371037 0.371036 0.371036 0.371037 0.371037 0.371037 0.371038 0.371038 0.371038 0.371037 0.371037 0.371037 0.371036 0.371036 0.371037 0.371037 0.000000 0.000000
0.000000 0.000000 0.373514 0.373514 0.373512 0.373513 0.373514 0.373514 0.373514 0.373514 0.373515 0.373514 0.373514 0.373514 0.373514 0.373513 0.373512 0.373514 0.373514 0.000000 0.000000
0.000000 0.000000 0.375936 0.375936 0.375935 0.375935 0.375936 0.375936 0.375936 0.375937 0.375937 0.375937 0.375936 0.375936 0.375936 0.375935 0.375935 0.375936 0.375936 0.000000 0.000000
0.000000 0.000000 0.378309 0.378309 0.378308 0.378308 0.378309 0.378309 0.378309 0.378310 0.378310 0.378310 0.378309 0.378309 0.378309 0.378308 0.378308 0.378309 0.378309 0.000000 0.000000
0.000000 0.000000 0.380644 0.380644 0.380642 0.380643 0.380644 0.380644 0.380644 0.380644 0.380644 0.380644 0.380644 0.380644 0.380644 0.380643 0.380642 0.380644 0.380644 0.000000 0.000000
0.000000 0.000000 0.382946 0.382945 0.382944 0.382944 0.382946 0.382945 0.382945 0.382946 0.382946 0.382946 0.382945 0.382945 0.382946 0.382944 0.382944 0.382945 0.382946 0.000000 0.000000
0.000000 0.000000 0.385214 0.385214 0.385213 0.385213 0.385214 0.385214 0.385214 0.385214 0.385215 0.385214 0.385214 0.385214 0.385214 0.385213 0.385213 0.385214 0.385214 0.000000 0.000000
0.000000 0.000000 0.387482 0.387483 0.387481 0.387482 0.387483 0.387483 0.387483 0.387483 0.387483 0.387483 0.387483 0.387483 0.387483 0.387482 0.387481 0.387482 0.387483 0.000000 0.000000
0.000000 0.000000 0.350000 0.350000 0.350000 0.350000 0.350000 0.350000 0.350000 0.350000 0.350000 0.350000 0.350000 0.350000 0.350000 0.350000 0.350000 0.350000 0.350000 0.000000 0.000000
0.000000 0.000000 0.000000 0.000000 0.000000 0.000000 0.000000 0.000000 0.000000 0.000000 0.000000 0.000000 0.000000 0.000000 0.000000 0.000000 0.000000 0.000000 0.000000 0.000000 0.000000