geotop/1.0zi/1.0Montebello/Templates/testdem/maps/_Eocsand4691.asc
ncols         21
nrows         20
xllcorner     100.000000
yllcorner     100.000000
cellsize      50.000000
NODATA_value  -9999.0
0.000000 0.000000 0.000000 0.000000 0.000000 0.000000 0.000000 0.000000 0.000000 0.000000 0.000000 0.000000 0.000000 0.000000 0.000000 0.000000 0.000000 0.000000 0.000000 0.000000 0.000000
0.000000 0.000000 0.300116 0.300116 0.300115 0.300115 0.300115 0.300115 0.300116 0.300115 0.300116 0.300116 0.300116 0.300116 0.300115 0.300115 0.300116 0.300116 0.300116 0.000000 0.000000
0.000000 0.000000 0.300006 0.300005 0.300005 0.300005 0.300005 0.300005 0.300005 0.300005 0.300005 0.300005 0.300005 0.300005 0.300005 0.300005 0.300007 0.300007 0.300006 0.000000 0.000000
0.000000 0.000000 0.299974 0.299973 0.299975 0.299979 0.299976 0.299979 0.299976 0.299977 0.299977 0.299978 0.299978 0.299980 0.299976 0.299972 0.299973 0.299971 0.299973 0.000000 0.000000
0.000000 0.000000 0.299276 0.299274 0.299275 0.299285 0.299296 0.299301 0.299302 0.299306 0.299308 0.299303 0.299306 0.299304 0.299295 0.299294 0.299289 0.299280 0.299274 0.000000 0.000000
0.000000 0.000000 0.296861 0.296855 0.296865 0.296892 0.296903 0.296931 0.296935 0.296945 0.296936 0.296933 0.296925 0.296925 0.296919 0.296903 0.296891 0.296882 0.296873 0.000000 0.000000
0.000000 0.000000 0.293169 0.293173 0.293181 0.293210 0.293241 0.293280 0.293279 0.293286 0.293279 0.293280 0.293281 0.293276 0.293249 0.293216 0.293202 0.293188 0.293176 0.000000 0.000000
0.000000 0.000000 0.288816 0.288820 0.288822 0.288851 0.288885 0.288924 0.288922 0.288929 0.288927 0.288926 0.288930 0.288928 0.288892 0.288857 0.288838 0.288831 0.288818 0.000000 0.000000
0.000000 0.000000 0.284382 0.284390 0.284399 0.284421 0.284452 0.284496 0.284493 0.284502 0.284501 0.284498 0.284502 0.284499 0.284464 0.284426 0.284410 0.284401 0.284385 0.000000 0.000000
0.000000 0.000000 0.279964 0.279972 0.279977 0.279999 0.280036 0.280075 0.280070 0.280077 0.280076 0.280074 0.280079 0.280080 0.280041 0.280003 0.279988 0.279980 0.279967 0.000000 0.000000
0.000000 0.000000 0.275483 0.275491 0.275496 0.275513 0.275541 0.275588 0.275584 0.275595 0.275594 0.275590 0.275596 0.275596 0.275562 0.275533 0.275514 0.275504 0.275489 0.000000 0.000000
0.000000 0.000000 0.270845 0.270851 0.270861 0.270887 0.270916 0.270961 0.270962 0.270969 0.270968 0.270968 0.270971 0.270973 0.270930 0.270895 0.270877 0.270869 0.270821 0.000000 0.000000
0.000000 0.000000 0.266141 0.266149 0.266158 0.266178 0.266214 0.266309 0.266308 0.266317 0.266317 0.266315 0.266321 0.266319 0.266237 0.266196 0.266178 0.266169 0.266140 0.000000 0.000000
0.000000 0.000000 0.261150 0.261166 0.261171 0.261192 0.261290 0.261316 0.261331 0.261338 0.261336 0.261335 0.261342 0.261342 0.261314 0.261217 0.261196 0.261176 0.261159 0.000000 0.000000
0.000000 0.000000 0.255759 0.255771 0.255796 0.255881 0.255928 0.255989 0.256018 0.256029 0.256042 0.256042 0.256039 0.256049 0.256002 0.255934 0.255826 0.255831 0.255815 0.000000 0.000000
0.000000 0.000000 0.250180 0.250193 0.250296 0.250314 0.250344 0.250375 0.250378 0.250381 0.250375 0.250375 0.250391 0.250371 0.250356 0.250327 0.250325 0.250209 0.250181 0.000000 0.000000
0.000000 0.000000 0.243960 0.244100 0.244184 0.244224 0.244297 0.244336 0.244345 0.244352 0.244366 0.244364 0.244364 0.244375 0.244345 0.244261 0.244206 0.244151 0.244010 0.000000 0.000000
0.000000 0.000000 0.239131 0.239158 0.239065 0.239117 0.239179 0.239319 0.239332 0.239346 0.239339 0.239339 0.239349 0.239339 0.239213 0.239142 0.239062 0.239182 0.239128 0.000000 0.000000
0.000000 0.000000 0.300000 0.300000 0.300000 0.300000 0.300000 0.300000 0.300000 0.300000 0.300000 0.300000 0.300000 0.300000 0.300000 0.300000 0.300000 0.300000 0.300000 0.000000 0.000000
0.000000 0.000000 0.000000 0.000000 0.000000 0.000000 0.000000 0.000000 0.000000 0.000000 0.000000 0.000000 0.000000 0.000000 0.000000 0.000000 0.000000 0.000000 0.000000 0.000000 0.000000