geotop/1.0zi/1.0Montebello/Templates/testdem/maps/_Eocclay1146.asc
ncols         21
nrows         20
xllcorner     100.000000
yllcorner     100.000000
cellsize      50.000000
NODATA_value  -9999.0
0.000000 0.000000 0.000000 0.000000 0.000000 0.000000 0.000000 0.000000 0.000000 0.000000 0.000000 0.000000 0.000000 0.000000 0.000000 0.000000 0.000000 0.000000 0.000000 0.000000 0.000000
0.000000 0.000000 0.349943 0.349943 0.349943 0.349943 0.349943 0.349943 0.349943 0.349943 0.349943 0.349943 0.349943 0.349943 0.349943 0.349943 0.349943 0.349943 0.349943 0.000000 0.000000
0.000000 0.000000 0.349995 0.349994 0.349994 0.349995 0.349995 0.349995 0.349995 0.349995 0.349995 0.349995 0.349995 0.349995 0.349995 0.349995 0.349994 0.349994 0.349995 0.000000 0.000000
0.000000 0.000000 0.350441 0.350441 0.350439 0.350440 0.350442 0.350441 0.350441 0.350442 0.350442 0.350442 0.350441 0.350441 0.350442 0.350440 0.350439 0.350441 0.350441 0.000000 0.000000
0.000000 0.000000 0.352145 0.352144 0.352141 0.352142 0.352145 0.352144 0.352144 0.352145 0.352145 0.352145 0.352144 0.352144 0.352145 0.352142 0.352141 0.352144 0.352145 0.000000 0.000000
0.000000 0.000000 0.354050 0.354050 0.354048 0.354048 0.354050 0.354050 0.354050 0.354051 0.354050 0.354051 0.354050 0.354050 0.354050 0.354048 0.354048 0.354050 0.354050 0.000000 0.000000
0.000000 0.000000 0.355867 0.355867 0.355865 0.355865 0.355867 0.355867 0.355867 0.355867 0.355867 0.355867 0.355867 0.355867 0.355867 0.355865 0.355865 0.355867 0.355867 0.000000 0.000000
0.000000 0.000000 0.357545 0.357545 0.357543 0.357543 0.357545 0.357545 0.357545 0.357545 0.357545 0.357545 0.357545 0.357545 0.357545 0.357543 0.357543 0.357545 0.357545 0.000000 0.000000
0.000000 0.000000 0.359119 0.359119 0.359117 0.359117 0.359119 0.359119 0.359119 0.359119 0.359119 0.359119 0.359119 0.359119 0.359119 0.359117 0.359117 0.359119 0.359119 0.000000 0.000000
0.000000 0.000000 0.360629 0.360628 0.360627 0.360627 0.360629 0.360628 0.360628 0.360629 0.360629 0.360629 0.360628 0.360628 0.360629 0.360627 0.360627 0.360628 0.360629 0.000000 0.000000
0.000000 0.000000 0.362089 0.362089 0.362087 0.362088 0.362089 0.362089 0.362089 0.362089 0.362089 0.362089 0.362089 0.362089 0.362089 0.362088 0.362087 0.362089 0.362089 0.000000 0.000000
0.000000 0.000000 0.363516 0.363516 0.363514 0.363515 0.363516 0.363516 0.363516 0.363516 0.363516 0.363516 0.363516 0.363516 0.363516 0.363515 0.363514 0.363516 0.363516 0.000000 0.000000
0.000000 0.000000 0.364919 0.364919 0.364918 0.364918 0.364920 0.364919 0.364919 0.364920 0.364920 0.364920 0.364919 0.364919 0.364920 0.364918 0.364918 0.364919 0.364919 0.000000 0.000000
0.000000 0.000000 0.366298 0.366298 0.366297 0.366297 0.366298 0.366298 0.366298 0.366298 0.366298 0.366298 0.366298 0.366298 0.366298 0.366297 0.366297 0.366298 0.366298 0.000000 0.000000
0.000000 0.000000 0.367663 0.367663 0.367661 0.367662 0.367663 0.367663 0.367663 0.367663 0.367663 0.367663 0.367663 0.367663 0.367663 0.367662 0.367661 0.367663 0.367663 0.000000 0.000000
0.000000 0.000000 0.369018 0.369018 0.369016 0.369017 0.369018 0.369018 0.369018 0.369018 0.369018 0.369018 0.369018 0.369018 0.369018 0.369017 0.369016 0.369018 0.369018 0.000000 0.000000
0.000000 0.000000 0.370359 0.370359 0.370357 0.370358 0.370359 0.370359 0.370359 0.370359 0.370359 0.370359 0.370359 0.370359 0.370359 0.370358 0.370357 0.370359 0.370359 0.000000 0.000000
0.000000 0.000000 0.371723 0.371723 0.371722 0.371722 0.371723 0.371723 0.371723 0.371724 0.371724 0.371724 0.371723 0.371723 0.371723 0.371722 0.371722 0.371723 0.371723 0.000000 0.000000
0.000000 0.000000 0.350000 0.350000 0.350000 0.350000 0.350000 0.350000 0.350000 0.350000 0.350000 0.350000 0.350000 0.350000 0.350000 0.350000 0.350000 0.350000 0.350000 0.000000 0.000000
0.000000 0.000000 0.000000 0.000000 0.000000 0.000000 0.000000 0.000000 0.000000 0.000000 0.000000 0.000000 0.000000 0.000000 0.000000 0.000000 0.000000 0.000000 0.000000 0.000000 0.000000