geotop/1.0zi/1.0Montebello/Templates/testdem/maps/_Eocsand8488.asc
ncols         21
nrows         20
xllcorner     100.000000
yllcorner     100.000000
cellsize      50.000000
NODATA_value  -9999.0
0.000000 0.000000 0.000000 0.000000 0.000000 0.000000 0.000000 0.000000 0.000000 0.000000 0.000000 0.000000 0.000000 0.000000 0.000000 0.000000 0.000000 0.000000 0.000000 0.000000 0.000000
0.000000 0.000000 0.300213 0.300211 0.300211 0.300212 0.300211 0.300210 0.300210 0.300211 0.300211 0.300211 0.300211 0.300211 0.300211 0.300211 0.300212 0.300212 0.300212 0.000000 0.000000
0.000000 0.000000 0.300012 0.300013 0.300013 0.300011 0.300012 0.300013 0.300013 0.300013 0.300013 0.300013 0.300012 0.300012 0.300012 0.300012 0.300013 0.300014 0.300014 0.000000 0.000000
0.000000 0.000000 0.299893 0.299892 0.299897 0.299905 0.299900 0.299908 0.299903 0.299906 0.299906 0.299906 0.299906 0.299907 0.299902 0.299898 0.299895 0.299892 0.299893 0.000000 0.000000
0.000000 0.000000 0.297881 0.297882 0.297896 0.297913 0.297939 0.297947 0.297951 0.297953 0.297954 0.297950 0.297949 0.297947 0.297925 0.297919 0.297906 0.297894 0.297883 0.000000 0.000000
0.000000 0.000000 0.291959 0.291964 0.291991 0.292040 0.292078 0.292125 0.292125 0.292139 0.292128 0.292128 0.292120 0.292123 0.292097 0.292065 0.292036 0.292016 0.292003 0.000000 0.000000
0.000000 0.000000 0.283644 0.283658 0.283677 0.283731 0.283801 0.283879 0.283879 0.283888 0.283886 0.283884 0.283886 0.283882 0.283814 0.283756 0.283722 0.283694 0.283678 0.000000 0.000000
0.000000 0.000000 0.273802 0.273812 0.273827 0.273890 0.273954 0.274040 0.274040 0.274052 0.274052 0.274056 0.274061 0.274045 0.273973 0.273918 0.273863 0.273848 0.273822 0.000000 0.000000
0.000000 0.000000 0.263226 0.263249 0.263278 0.263319 0.263392 0.263484 0.263478 0.263499 0.263503 0.263506 0.263503 0.263506 0.263416 0.263345 0.263302 0.263281 0.263258 0.000000 0.000000
0.000000 0.000000 0.251958 0.251983 0.252000 0.252040 0.252144 0.252227 0.252227 0.252237 0.252250 0.252241 0.252229 0.252234 0.252158 0.252074 0.252024 0.252006 0.251991 0.000000 0.000000
0.000000 0.000000 0.239617 0.239632 0.239650 0.239746 0.239814 0.239919 0.239892 0.239952 0.239939 0.239944 0.239963 0.239929 0.239854 0.239805 0.239736 0.239702 0.239656 0.000000 0.000000
0.000000 0.000000 0.225798 0.225842 0.225883 0.225936 0.226025 0.226147 0.226159 0.226169 0.226142 0.226186 0.226167 0.226166 0.226034 0.225964 0.225922 0.225895 0.225784 0.000000 0.000000
0.000000 0.000000 0.210721 0.210766 0.210771 0.210867 0.210936 0.211277 0.211284 0.211300 0.211396 0.211339 0.211324 0.211293 0.211030 0.210968 0.210836 0.210827 0.210773 0.000000 0.000000
0.000000 0.000000 0.192830 0.192843 0.192915 0.192978 0.193418 0.193365 0.193453 0.193453 0.193418 0.193452 0.193459 0.193492 0.193545 0.193082 0.193023 0.192901 0.192819 0.000000 0.000000
0.000000 0.000000 0.171593 0.171641 0.171731 0.172301 0.172223 0.172512 0.172635 0.172664 0.172766 0.172827 0.172762 0.172775 0.172492 0.172545 0.171792 0.171921 0.171913 0.000000 0.000000
0.000000 0.000000 0.148445 0.148486 0.149305 0.149040 0.149116 0.149169 0.148849 0.148947 0.148774 0.148826 0.148964 0.148763 0.148768 0.148716 0.149383 0.148179 0.148196 0.000000 0.000000
0.000000 0.000000 0.120257 0.121510 0.121180 0.121679 0.122303 0.122490 0.122859 0.122774 0.123160 0.123116 0.122892 0.123122 0.122796 0.122339 0.121230 0.122011 0.120709 0.000000 0.000000
0.000000 0.000000 0.111258 0.110091 0.109097 0.109082 0.109004 0.109966 0.109787 0.110075 0.109591 0.109686 0.109765 0.109603 0.108807 0.108868 0.108917 0.109667 0.110817 0.000000 0.000000
0.000000 0.000000 0.300000 0.300000 0.300000 0.300000 0.300000 0.300000 0.300000 0.300000 0.300000 0.300000 0.300000 0.300000 0.300000 0.300000 0.300000 0.300000 0.300000 0.000000 0.000000
0.000000 0.000000 0.000000 0.000000 0.000000 0.000000 0.000000 0.000000 0.000000 0.000000 0.000000 0.000000 0.000000 0.000000 0.000000 0.000000 0.000000 0.000000 0.000000 0.000000 0.000000