geotop/1.0zi/1.0Montebello/Templates/testdem/maps/_Eocclay5375.asc
ncols         21
nrows         20
xllcorner     100.000000
yllcorner     100.000000
cellsize      50.000000
NODATA_value  -9999.0
0.000000 0.000000 0.000000 0.000000 0.000000 0.000000 0.000000 0.000000 0.000000 0.000000 0.000000 0.000000 0.000000 0.000000 0.000000 0.000000 0.000000 0.000000 0.000000 0.000000 0.000000
0.000000 0.000000 0.349759 0.349760 0.349760 0.349760 0.349760 0.349760 0.349760 0.349760 0.349760 0.349760 0.349760 0.349760 0.349760 0.349760 0.349760 0.349760 0.349760 0.000000 0.000000
0.000000 0.000000 0.349990 0.349990 0.349990 0.349990 0.349990 0.349990 0.349990 0.349990 0.349990 0.349989 0.349990 0.349990 0.349990 0.349990 0.349990 0.349990 0.349990 0.000000 0.000000
0.000000 0.000000 0.349989 0.349991 0.349988 0.349989 0.349991 0.349991 0.349991 0.349989 0.349991 0.349989 0.349989 0.349989 0.349991 0.349992 0.349990 0.349991 0.349990 0.000000 0.000000
0.000000 0.000000 0.350389 0.350389 0.350390 0.350385 0.350375 0.350371 0.350372 0.350375 0.350373 0.350374 0.350369 0.350369 0.350373 0.350371 0.350376 0.350378 0.350381 0.000000 0.000000
0.000000 0.000000 0.351828 0.351830 0.351825 0.351807 0.351803 0.351788 0.351787 0.351783 0.351787 0.351787 0.351791 0.351791 0.351793 0.351804 0.351809 0.351820 0.351824 0.000000 0.000000
0.000000 0.000000 0.353939 0.353938 0.353937 0.353921 0.353903 0.353879 0.353879 0.353875 0.353877 0.353879 0.353880 0.353878 0.353896 0.353914 0.353923 0.353932 0.353938 0.000000 0.000000
0.000000 0.000000 0.356507 0.356507 0.356506 0.356488 0.356470 0.356444 0.356444 0.356442 0.356443 0.356443 0.356441 0.356445 0.356463 0.356479 0.356493 0.356498 0.356506 0.000000 0.000000
0.000000 0.000000 0.359097 0.359095 0.359090 0.359080 0.359062 0.359036 0.359038 0.359034 0.359031 0.359033 0.359033 0.359030 0.359053 0.359071 0.359083 0.359086 0.359093 0.000000 0.000000
0.000000 0.000000 0.361708 0.361703 0.361703 0.361696 0.361669 0.361646 0.361648 0.361645 0.361641 0.361646 0.361649 0.361646 0.361664 0.361685 0.361698 0.361700 0.361705 0.000000 0.000000
0.000000 0.000000 0.364404 0.364402 0.364402 0.364384 0.364366 0.364340 0.364346 0.364334 0.364334 0.364336 0.364333 0.364339 0.364353 0.364366 0.364381 0.364388 0.364399 0.000000 0.000000
0.000000 0.000000 0.367213 0.367207 0.367201 0.367188 0.367173 0.367143 0.367144 0.367137 0.367145 0.367137 0.367138 0.367140 0.367167 0.367178 0.367188 0.367192 0.367221 0.000000 0.000000
0.000000 0.000000 0.370082 0.370076 0.370075 0.370060 0.370047 0.369987 0.369987 0.369982 0.369969 0.369977 0.369982 0.369986 0.370029 0.370039 0.370062 0.370063 0.370084 0.000000 0.000000
0.000000 0.000000 0.373169 0.373165 0.373159 0.373150 0.373094 0.373077 0.373064 0.373063 0.373058 0.373061 0.373062 0.373060 0.373066 0.373122 0.373141 0.373156 0.373177 0.000000 0.000000
0.000000 0.000000 0.376543 0.376540 0.376527 0.376470 0.376451 0.376418 0.376393 0.376390 0.376379 0.376374 0.376381 0.376375 0.376399 0.376427 0.376512 0.376505 0.376518 0.000000 0.000000
0.000000 0.000000 0.380086 0.380081 0.380010 0.379994 0.379988 0.379966 0.379978 0.379970 0.379975 0.379966 0.379958 0.379972 0.379984 0.379994 0.379995 0.380086 0.380089 0.000000 0.000000
0.000000 0.000000 0.384088 0.383992 0.383952 0.383923 0.383878 0.383853 0.383847 0.383845 0.383825 0.383821 0.383829 0.383826 0.383852 0.383886 0.383941 0.383973 0.384068 0.000000 0.000000
0.000000 0.000000 0.387109 0.387102 0.387184 0.387158 0.387123 0.387032 0.387029 0.387009 0.387019 0.387014 0.387021 0.387022 0.387106 0.387128 0.387196 0.387109 0.387123 0.000000 0.000000
0.000000 0.000000 0.350000 0.350000 0.350000 0.350000 0.350000 0.350000 0.350000 0.350000 0.350000 0.350000 0.350000 0.350000 0.350000 0.350000 0.350000 0.350000 0.350000 0.000000 0.000000
0.000000 0.000000 0.000000 0.000000 0.000000 0.000000 0.000000 0.000000 0.000000 0.000000 0.000000 0.000000 0.000000 0.000000 0.000000 0.000000 0.000000 0.000000 0.000000 0.000000 0.000000