geotop/1.0zi/1.0Montebello/Templates/testdem/maps/_Eocclay1255.asc
ncols         21
nrows         20
xllcorner     100.000000
yllcorner     100.000000
cellsize      50.000000
NODATA_value  -9999.0
0.000000 0.000000 0.000000 0.000000 0.000000 0.000000 0.000000 0.000000 0.000000 0.000000 0.000000 0.000000 0.000000 0.000000 0.000000 0.000000 0.000000 0.000000 0.000000 0.000000 0.000000
0.000000 0.000000 0.349935 0.349935 0.349935 0.349935 0.349935 0.349935 0.349935 0.349935 0.349935 0.349935 0.349935 0.349935 0.349935 0.349935 0.349935 0.349935 0.349935 0.000000 0.000000
0.000000 0.000000 0.349994 0.349994 0.349993 0.349994 0.349994 0.349994 0.349994 0.349994 0.349994 0.349994 0.349994 0.349994 0.349994 0.349994 0.349993 0.349994 0.349994 0.000000 0.000000
0.000000 0.000000 0.350550 0.350550 0.350547 0.350548 0.350550 0.350550 0.350550 0.350550 0.350550 0.350550 0.350550 0.350550 0.350550 0.350548 0.350547 0.350550 0.350550 0.000000 0.000000
0.000000 0.000000 0.352500 0.352500 0.352497 0.352497 0.352501 0.352500 0.352500 0.352501 0.352501 0.352501 0.352500 0.352500 0.352501 0.352497 0.352497 0.352500 0.352500 0.000000 0.000000
0.000000 0.000000 0.354643 0.354643 0.354641 0.354641 0.354643 0.354643 0.354643 0.354644 0.354643 0.354644 0.354643 0.354643 0.354643 0.354641 0.354641 0.354643 0.354643 0.000000 0.000000
0.000000 0.000000 0.356680 0.356679 0.356677 0.356678 0.356680 0.356679 0.356679 0.356680 0.356680 0.356680 0.356679 0.356679 0.356680 0.356678 0.356677 0.356679 0.356680 0.000000 0.000000
0.000000 0.000000 0.358554 0.358554 0.358552 0.358553 0.358554 0.358554 0.358554 0.358555 0.358555 0.358555 0.358554 0.358554 0.358554 0.358553 0.358552 0.358554 0.358554 0.000000 0.000000
0.000000 0.000000 0.360310 0.360310 0.360308 0.360308 0.360310 0.360310 0.360310 0.360310 0.360310 0.360310 0.360310 0.360310 0.360310 0.360308 0.360308 0.360310 0.360310 0.000000 0.000000
0.000000 0.000000 0.361993 0.361993 0.361991 0.361991 0.361993 0.361993 0.361993 0.361993 0.361993 0.361993 0.361993 0.361993 0.361993 0.361991 0.361991 0.361993 0.361993 0.000000 0.000000
0.000000 0.000000 0.363621 0.363620 0.363619 0.363619 0.363621 0.363620 0.363620 0.363621 0.363621 0.363621 0.363620 0.363620 0.363621 0.363619 0.363619 0.363620 0.363621 0.000000 0.000000
0.000000 0.000000 0.365211 0.365210 0.365209 0.365209 0.365211 0.365210 0.365210 0.365211 0.365211 0.365211 0.365210 0.365210 0.365211 0.365209 0.365209 0.365210 0.365211 0.000000 0.000000
0.000000 0.000000 0.366774 0.366774 0.366772 0.366773 0.366774 0.366774 0.366774 0.366774 0.366774 0.366774 0.366774 0.366774 0.366774 0.366773 0.366772 0.366774 0.366774 0.000000 0.000000
0.000000 0.000000 0.368311 0.368310 0.368309 0.368309 0.368311 0.368310 0.368311 0.368311 0.368311 0.368311 0.368311 0.368310 0.368311 0.368309 0.368309 0.368310 0.368311 0.000000 0.000000
0.000000 0.000000 0.369828 0.369828 0.369826 0.369827 0.369828 0.369828 0.369828 0.369828 0.369828 0.369828 0.369828 0.369828 0.369828 0.369827 0.369826 0.369828 0.369828 0.000000 0.000000
0.000000 0.000000 0.371332 0.371332 0.371330 0.371331 0.371332 0.371332 0.371332 0.371332 0.371332 0.371332 0.371332 0.371332 0.371332 0.371331 0.371330 0.371332 0.371332 0.000000 0.000000
0.000000 0.000000 0.372822 0.372822 0.372820 0.372821 0.372822 0.372822 0.372822 0.372822 0.372822 0.372822 0.372822 0.372822 0.372822 0.372821 0.372820 0.372822 0.372822 0.000000 0.000000
0.000000 0.000000 0.374342 0.374342 0.374340 0.374341 0.374342 0.374342 0.374342 0.374342 0.374342 0.374342 0.374342 0.374342 0.374342 0.374341 0.374340 0.374342 0.374342 0.000000 0.000000
0.000000 0.000000 0.350000 0.350000 0.350000 0.350000 0.350000 0.350000 0.350000 0.350000 0.350000 0.350000 0.350000 0.350000 0.350000 0.350000 0.350000 0.350000 0.350000 0.000000 0.000000
0.000000 0.000000 0.000000 0.000000 0.000000 0.000000 0.000000 0.000000 0.000000 0.000000 0.000000 0.000000 0.000000 0.000000 0.000000 0.000000 0.000000 0.000000 0.000000 0.000000 0.000000