geotop/1.0zi/1.0Montebello/Templates/testdem/maps/_Eocsilt9482.asc
ncols         21
nrows         20
xllcorner     100.000000
yllcorner     100.000000
cellsize      50.000000
NODATA_value  -9999.0
0.000000 0.000000 0.000000 0.000000 0.000000 0.000000 0.000000 0.000000 0.000000 0.000000 0.000000 0.000000 0.000000 0.000000 0.000000 0.000000 0.000000 0.000000 0.000000 0.000000 0.000000
0.000000 0.000000 0.350203 0.350203 0.350203 0.350203 0.350202 0.350203 0.350203 0.350203 0.350203 0.350202 0.350202 0.350202 0.350202 0.350203 0.350204 0.350204 0.350203 0.000000 0.000000
0.000000 0.000000 0.350008 0.350008 0.350008 0.350007 0.350008 0.350008 0.350008 0.350008 0.350008 0.350008 0.350009 0.350009 0.350008 0.350007 0.350006 0.350006 0.350007 0.000000 0.000000
0.000000 0.000000 0.350145 0.350141 0.350136 0.350131 0.350130 0.350125 0.350128 0.350129 0.350126 0.350130 0.350130 0.350130 0.350133 0.350137 0.350142 0.350143 0.350145 0.000000 0.000000
0.000000 0.000000 0.351421 0.351426 0.351415 0.351398 0.351388 0.351382 0.351385 0.351382 0.351383 0.351385 0.351390 0.351388 0.351402 0.351409 0.351413 0.351419 0.351422 0.000000 0.000000
0.000000 0.000000 0.354916 0.354911 0.354896 0.354876 0.354844 0.354820 0.354818 0.354813 0.354816 0.354818 0.354822 0.354820 0.354836 0.354857 0.354868 0.354876 0.354883 0.000000 0.000000
0.000000 0.000000 0.359854 0.359845 0.359828 0.359795 0.359754 0.359702 0.359708 0.359704 0.359703 0.359703 0.359701 0.359707 0.359746 0.359777 0.359797 0.359813 0.359821 0.000000 0.000000
0.000000 0.000000 0.365703 0.365693 0.365679 0.365643 0.365601 0.365554 0.365557 0.365551 0.365549 0.365546 0.365545 0.365554 0.365591 0.365628 0.365660 0.365665 0.365680 0.000000 0.000000
0.000000 0.000000 0.372122 0.372106 0.372085 0.372058 0.372009 0.371951 0.371958 0.371947 0.371942 0.371941 0.371944 0.371943 0.371998 0.372040 0.372065 0.372076 0.372090 0.000000 0.000000
0.000000 0.000000 0.379136 0.379118 0.379101 0.379071 0.379007 0.378953 0.378957 0.378950 0.378941 0.378947 0.378954 0.378953 0.378996 0.379050 0.379080 0.379091 0.379098 0.000000 0.000000
0.000000 0.000000 0.387019 0.387006 0.386991 0.386921 0.386880 0.386810 0.386829 0.386792 0.386798 0.386794 0.386782 0.386805 0.386853 0.386886 0.386927 0.386944 0.386977 0.000000 0.000000
0.000000 0.000000 0.396129 0.396097 0.396056 0.396023 0.395962 0.395875 0.395877 0.395873 0.395888 0.395857 0.395874 0.395873 0.395958 0.396008 0.396030 0.396044 0.396114 0.000000 0.000000
0.000000 0.000000 0.406311 0.406284 0.406275 0.406197 0.406147 0.405897 0.405899 0.405887 0.405808 0.405857 0.405866 0.405890 0.406076 0.406121 0.406211 0.406218 0.406240 0.000000 0.000000
0.000000 0.000000 0.418797 0.418788 0.418717 0.418672 0.418323 0.418423 0.418358 0.418360 0.418405 0.418364 0.418358 0.418328 0.418235 0.418610 0.418630 0.418720 0.418775 0.000000 0.000000
0.000000 0.000000 0.433206 0.433165 0.433096 0.432652 0.432804 0.432538 0.432473 0.432448 0.432354 0.432318 0.432371 0.432374 0.432617 0.432477 0.433061 0.432931 0.432916 0.000000 0.000000
0.000000 0.000000 0.446817 0.446792 0.446268 0.446525 0.446434 0.446448 0.446679 0.446618 0.446741 0.446720 0.446623 0.446751 0.446692 0.446770 0.446207 0.447002 0.446991 0.000000 0.000000
0.000000 0.000000 0.459194 0.458755 0.458883 0.458689 0.458463 0.458387 0.458246 0.458279 0.458130 0.458148 0.458233 0.458147 0.458270 0.458440 0.458855 0.458550 0.459007 0.000000 0.000000
0.000000 0.000000 0.464087 0.464150 0.464403 0.464320 0.464242 0.464007 0.463994 0.463944 0.463992 0.463977 0.463993 0.463996 0.464208 0.464266 0.464421 0.464145 0.464088 0.000000 0.000000
0.000000 0.000000 0.350000 0.350000 0.350000 0.350000 0.350000 0.350000 0.350000 0.350000 0.350000 0.350000 0.350000 0.350000 0.350000 0.350000 0.350000 0.350000 0.350000 0.000000 0.000000
0.000000 0.000000 0.000000 0.000000 0.000000 0.000000 0.000000 0.000000 0.000000 0.000000 0.000000 0.000000 0.000000 0.000000 0.000000 0.000000 0.000000 0.000000 0.000000 0.000000 0.000000