geotop/1.0zi/1.0Montebello/Templates/testdem/maps/_Eocsilt9023.asc
ncols         21
nrows         20
xllcorner     100.000000
yllcorner     100.000000
cellsize      50.000000
NODATA_value  -9999.0
0.000000 0.000000 0.000000 0.000000 0.000000 0.000000 0.000000 0.000000 0.000000 0.000000 0.000000 0.000000 0.000000 0.000000 0.000000 0.000000 0.000000 0.000000 0.000000 0.000000 0.000000
0.000000 0.000000 0.350192 0.350192 0.350192 0.350192 0.350192 0.350192 0.350192 0.350192 0.350192 0.350192 0.350192 0.350192 0.350192 0.350192 0.350193 0.350192 0.350192 0.000000 0.000000
0.000000 0.000000 0.350005 0.350005 0.350005 0.350005 0.350006 0.350006 0.350006 0.350006 0.350006 0.350006 0.350007 0.350006 0.350006 0.350005 0.350004 0.350004 0.350005 0.000000 0.000000
0.000000 0.000000 0.350121 0.350117 0.350111 0.350107 0.350106 0.350102 0.350105 0.350105 0.350102 0.350105 0.350105 0.350105 0.350107 0.350111 0.350116 0.350117 0.350119 0.000000 0.000000
0.000000 0.000000 0.351249 0.351254 0.351244 0.351228 0.351220 0.351215 0.351217 0.351214 0.351214 0.351216 0.351220 0.351218 0.351232 0.351238 0.351241 0.351245 0.351247 0.000000 0.000000
0.000000 0.000000 0.354421 0.354416 0.354404 0.354384 0.354357 0.354336 0.354334 0.354328 0.354332 0.354333 0.354336 0.354334 0.354349 0.354366 0.354377 0.354380 0.354387 0.000000 0.000000
0.000000 0.000000 0.358924 0.358914 0.358901 0.358869 0.358833 0.358788 0.358791 0.358787 0.358787 0.358786 0.358783 0.358788 0.358826 0.358854 0.358872 0.358884 0.358891 0.000000 0.000000
0.000000 0.000000 0.364252 0.364241 0.364231 0.364197 0.364161 0.364119 0.364121 0.364115 0.364114 0.364111 0.364109 0.364117 0.364153 0.364185 0.364214 0.364215 0.364229 0.000000 0.000000
0.000000 0.000000 0.370051 0.370035 0.370017 0.369992 0.369950 0.369900 0.369905 0.369894 0.369891 0.369889 0.369891 0.369889 0.369940 0.369978 0.370000 0.370006 0.370019 0.000000 0.000000
0.000000 0.000000 0.376302 0.376284 0.376272 0.376246 0.376189 0.376145 0.376147 0.376140 0.376132 0.376137 0.376143 0.376141 0.376181 0.376229 0.376254 0.376259 0.376266 0.000000 0.000000
0.000000 0.000000 0.383218 0.383204 0.383192 0.383133 0.383096 0.383039 0.383055 0.383021 0.383027 0.383023 0.383012 0.383031 0.383074 0.383103 0.383138 0.383149 0.383177 0.000000 0.000000
0.000000 0.000000 0.391082 0.391055 0.391023 0.390992 0.390940 0.390872 0.390871 0.390867 0.390880 0.390854 0.390866 0.390865 0.390940 0.390980 0.390998 0.391005 0.391067 0.000000 0.000000
0.000000 0.000000 0.399763 0.399733 0.399726 0.399665 0.399623 0.399423 0.399423 0.399412 0.399351 0.399387 0.399394 0.399413 0.399568 0.399605 0.399678 0.399676 0.399701 0.000000 0.000000
0.000000 0.000000 0.410252 0.410240 0.410187 0.410148 0.409873 0.409932 0.409880 0.409881 0.409909 0.409882 0.409876 0.409853 0.409802 0.410094 0.410117 0.410180 0.410227 0.000000 0.000000
0.000000 0.000000 0.422662 0.422623 0.422563 0.422204 0.422290 0.422100 0.422037 0.422018 0.421948 0.421912 0.421952 0.421950 0.422132 0.422061 0.422529 0.422424 0.422420 0.000000 0.000000
0.000000 0.000000 0.435609 0.435579 0.435088 0.435287 0.435223 0.435219 0.435425 0.435367 0.435475 0.435449 0.435361 0.435481 0.435452 0.435507 0.435036 0.435755 0.435744 0.000000 0.000000
0.000000 0.000000 0.449810 0.449200 0.449396 0.449128 0.448824 0.448732 0.448534 0.448581 0.448379 0.448403 0.448520 0.448397 0.448562 0.448786 0.449367 0.448916 0.449544 0.000000 0.000000
0.000000 0.000000 0.454057 0.454478 0.454880 0.454857 0.454862 0.454466 0.454531 0.454417 0.454601 0.454562 0.454537 0.454596 0.454925 0.454924 0.454940 0.454610 0.454190 0.000000 0.000000
0.000000 0.000000 0.350000 0.350000 0.350000 0.350000 0.350000 0.350000 0.350000 0.350000 0.350000 0.350000 0.350000 0.350000 0.350000 0.350000 0.350000 0.350000 0.350000 0.000000 0.000000
0.000000 0.000000 0.000000 0.000000 0.000000 0.000000 0.000000 0.000000 0.000000 0.000000 0.000000 0.000000 0.000000 0.000000 0.000000 0.000000 0.000000 0.000000 0.000000 0.000000 0.000000