geotop/1.0zi/1.0Montebello/Templates/testdem/maps/_Eocsand7349.asc
ncols         21
nrows         20
xllcorner     100.000000
yllcorner     100.000000
cellsize      50.000000
NODATA_value  -9999.0
0.000000 0.000000 0.000000 0.000000 0.000000 0.000000 0.000000 0.000000 0.000000 0.000000 0.000000 0.000000 0.000000 0.000000 0.000000 0.000000 0.000000 0.000000 0.000000 0.000000 0.000000
0.000000 0.000000 0.300185 0.300183 0.300183 0.300184 0.300183 0.300183 0.300183 0.300183 0.300184 0.300183 0.300183 0.300183 0.300183 0.300183 0.300184 0.300184 0.300184 0.000000 0.000000
0.000000 0.000000 0.300010 0.300010 0.300010 0.300009 0.300010 0.300010 0.300010 0.300010 0.300010 0.300010 0.300009 0.300010 0.300010 0.300010 0.300011 0.300011 0.300012 0.000000 0.000000
0.000000 0.000000 0.299901 0.299900 0.299905 0.299912 0.299908 0.299915 0.299911 0.299913 0.299913 0.299913 0.299913 0.299914 0.299910 0.299905 0.299903 0.299900 0.299900 0.000000 0.000000
0.000000 0.000000 0.298190 0.298186 0.298195 0.298210 0.298231 0.298239 0.298246 0.298244 0.298248 0.298247 0.298250 0.298244 0.298222 0.298216 0.298206 0.298195 0.298187 0.000000 0.000000
0.000000 0.000000 0.293447 0.293447 0.293467 0.293508 0.293539 0.293582 0.293582 0.293593 0.293586 0.293586 0.293583 0.293583 0.293562 0.293532 0.293507 0.293485 0.293475 0.000000 0.000000
0.000000 0.000000 0.286729 0.286736 0.286754 0.286800 0.286858 0.286923 0.286924 0.286932 0.286931 0.286931 0.286935 0.286929 0.286872 0.286820 0.286789 0.286763 0.286748 0.000000 0.000000
0.000000 0.000000 0.278716 0.278719 0.278732 0.278784 0.278839 0.278911 0.278911 0.278919 0.278921 0.278926 0.278930 0.278917 0.278855 0.278805 0.278758 0.278744 0.278720 0.000000 0.000000
0.000000 0.000000 0.270260 0.270274 0.270300 0.270333 0.270391 0.270468 0.270464 0.270481 0.270486 0.270490 0.270488 0.270490 0.270414 0.270352 0.270315 0.270296 0.270277 0.000000 0.000000
0.000000 0.000000 0.261468 0.261484 0.261497 0.261528 0.261612 0.261680 0.261679 0.261688 0.261700 0.261694 0.261684 0.261689 0.261625 0.261555 0.261512 0.261498 0.261484 0.000000 0.000000
0.000000 0.000000 0.252092 0.252103 0.252118 0.252185 0.252244 0.252322 0.252305 0.252347 0.252344 0.252345 0.252360 0.252332 0.252276 0.252232 0.252178 0.252150 0.252113 0.000000 0.000000
0.000000 0.000000 0.241887 0.241914 0.241945 0.241990 0.242052 0.242150 0.242153 0.242168 0.242146 0.242179 0.242172 0.242163 0.242064 0.242014 0.241977 0.241956 0.241866 0.000000 0.000000
0.000000 0.000000 0.231057 0.231085 0.231098 0.231157 0.231212 0.231448 0.231451 0.231466 0.231525 0.231498 0.231483 0.231461 0.231279 0.231229 0.231138 0.231127 0.231076 0.000000 0.000000
0.000000 0.000000 0.218711 0.218722 0.218768 0.218811 0.219085 0.219095 0.219153 0.219153 0.219149 0.219159 0.219165 0.219174 0.219177 0.218892 0.218832 0.218757 0.218694 0.000000 0.000000
0.000000 0.000000 0.204481 0.204504 0.204565 0.204891 0.204911 0.205070 0.205158 0.205175 0.205231 0.205273 0.205238 0.205248 0.205094 0.205049 0.204612 0.204663 0.204642 0.000000 0.000000
0.000000 0.000000 0.188937 0.188961 0.189421 0.189368 0.189396 0.189471 0.189323 0.189380 0.189307 0.189351 0.189417 0.189304 0.189262 0.189236 0.189465 0.188834 0.188840 0.000000 0.000000
0.000000 0.000000 0.169831 0.170545 0.170530 0.170765 0.171126 0.171237 0.171382 0.171352 0.171544 0.171537 0.171437 0.171522 0.171342 0.171075 0.170560 0.170758 0.170024 0.000000 0.000000
0.000000 0.000000 0.159853 0.159355 0.158686 0.158750 0.158815 0.159445 0.159394 0.159559 0.159334 0.159389 0.159399 0.159331 0.158778 0.158733 0.158568 0.159161 0.159635 0.000000 0.000000
0.000000 0.000000 0.300000 0.300000 0.300000 0.300000 0.300000 0.300000 0.300000 0.300000 0.300000 0.300000 0.300000 0.300000 0.300000 0.300000 0.300000 0.300000 0.300000 0.000000 0.000000
0.000000 0.000000 0.000000 0.000000 0.000000 0.000000 0.000000 0.000000 0.000000 0.000000 0.000000 0.000000 0.000000 0.000000 0.000000 0.000000 0.000000 0.000000 0.000000 0.000000 0.000000