geotop/1.0zi/1.0Montebello/Templates/testdem/maps/_Eocsand9861.asc
ncols         21
nrows         20
xllcorner     100.000000
yllcorner     100.000000
cellsize      50.000000
NODATA_value  -9999.0
0.000000 0.000000 0.000000 0.000000 0.000000 0.000000 0.000000 0.000000 0.000000 0.000000 0.000000 0.000000 0.000000 0.000000 0.000000 0.000000 0.000000 0.000000 0.000000 0.000000 0.000000
0.000000 0.000000 0.300242 0.300239 0.300240 0.300240 0.300240 0.300239 0.300240 0.300240 0.300241 0.300240 0.300240 0.300240 0.300240 0.300240 0.300241 0.300240 0.300240 0.000000 0.000000
0.000000 0.000000 0.300011 0.300013 0.300013 0.300011 0.300012 0.300013 0.300012 0.300012 0.300013 0.300012 0.300012 0.300012 0.300012 0.300012 0.300013 0.300013 0.300014 0.000000 0.000000
0.000000 0.000000 0.299810 0.299808 0.299817 0.299825 0.299824 0.299830 0.299822 0.299824 0.299824 0.299823 0.299821 0.299823 0.299818 0.299811 0.299808 0.299805 0.299807 0.000000 0.000000
0.000000 0.000000 0.297020 0.297021 0.297037 0.297069 0.297097 0.297107 0.297107 0.297108 0.297111 0.297104 0.297098 0.297098 0.297075 0.297061 0.297046 0.297037 0.297024 0.000000 0.000000
0.000000 0.000000 0.289384 0.289396 0.289433 0.289495 0.289559 0.289617 0.289614 0.289626 0.289625 0.289625 0.289613 0.289619 0.289583 0.289528 0.289501 0.289480 0.289468 0.000000 0.000000
0.000000 0.000000 0.278876 0.278899 0.278930 0.279004 0.279086 0.279197 0.279195 0.279205 0.279214 0.279214 0.279214 0.279211 0.279118 0.279050 0.279009 0.278980 0.278966 0.000000 0.000000
0.000000 0.000000 0.266384 0.266410 0.266442 0.266531 0.266622 0.266724 0.266721 0.266736 0.266747 0.266753 0.266756 0.266739 0.266653 0.266577 0.266510 0.266496 0.266468 0.000000 0.000000
0.000000 0.000000 0.252635 0.252673 0.252723 0.252792 0.252895 0.253017 0.253005 0.253030 0.253046 0.253051 0.253044 0.253051 0.252929 0.252839 0.252787 0.252766 0.252740 0.000000 0.000000
0.000000 0.000000 0.237417 0.237470 0.237510 0.237584 0.237698 0.237825 0.237823 0.237840 0.237867 0.237857 0.237841 0.237848 0.237749 0.237632 0.237571 0.237548 0.237536 0.000000 0.000000
0.000000 0.000000 0.220061 0.220105 0.220144 0.220310 0.220363 0.220535 0.220499 0.220584 0.220577 0.220590 0.220617 0.220571 0.220461 0.220387 0.220301 0.220271 0.220196 0.000000 0.000000
0.000000 0.000000 0.199750 0.199841 0.199944 0.200023 0.200114 0.200330 0.200334 0.200345 0.200321 0.200396 0.200360 0.200372 0.200174 0.200060 0.200014 0.199987 0.199837 0.000000 0.000000
0.000000 0.000000 0.176804 0.176889 0.176914 0.177074 0.177184 0.177759 0.177769 0.177807 0.178011 0.177887 0.177875 0.177826 0.177394 0.177297 0.177086 0.177077 0.177041 0.000000 0.000000
0.000000 0.000000 0.148372 0.148412 0.148597 0.148710 0.149513 0.149225 0.149398 0.149399 0.149291 0.149403 0.149423 0.149510 0.149770 0.148883 0.148853 0.148648 0.148525 0.000000 0.000000
0.000000 0.000000 0.116337 0.116432 0.116590 0.117615 0.117171 0.117817 0.117957 0.118026 0.118261 0.118337 0.118220 0.118214 0.117639 0.118066 0.116728 0.117047 0.117097 0.000000 0.000000
0.000000 0.000000 0.088346 0.088400 0.089469 0.088904 0.089103 0.089052 0.088581 0.088708 0.088455 0.088497 0.088701 0.088449 0.088599 0.088413 0.089630 0.087994 0.088019 0.000000 0.000000
0.000000 0.000000 0.065039 0.065793 0.065621 0.065925 0.066326 0.066452 0.066673 0.066623 0.066867 0.066838 0.066701 0.066842 0.066637 0.066335 0.065689 0.066138 0.065354 0.000000 0.000000
0.000000 0.000000 0.054857 0.054837 0.054407 0.054572 0.054736 0.055126 0.055169 0.055244 0.055194 0.055214 0.055176 0.055188 0.054825 0.054699 0.054394 0.054890 0.054902 0.000000 0.000000
0.000000 0.000000 0.300000 0.300000 0.300000 0.300000 0.300000 0.300000 0.300000 0.300000 0.300000 0.300000 0.300000 0.300000 0.300000 0.300000 0.300000 0.300000 0.300000 0.000000 0.000000
0.000000 0.000000 0.000000 0.000000 0.000000 0.000000 0.000000 0.000000 0.000000 0.000000 0.000000 0.000000 0.000000 0.000000 0.000000 0.000000 0.000000 0.000000 0.000000 0.000000 0.000000