geotop/1.0zi/1.0Montebello/Templates/testdem/maps/_Eocclay7322.asc
ncols         21
nrows         20
xllcorner     100.000000
yllcorner     100.000000
cellsize      50.000000
NODATA_value  -9999.0
0.000000 0.000000 0.000000 0.000000 0.000000 0.000000 0.000000 0.000000 0.000000 0.000000 0.000000 0.000000 0.000000 0.000000 0.000000 0.000000 0.000000 0.000000 0.000000 0.000000 0.000000
0.000000 0.000000 0.349662 0.349664 0.349664 0.349663 0.349664 0.349664 0.349664 0.349664 0.349663 0.349664 0.349664 0.349664 0.349664 0.349664 0.349662 0.349662 0.349663 0.000000 0.000000
0.000000 0.000000 0.349986 0.349986 0.349987 0.349988 0.349986 0.349986 0.349986 0.349986 0.349986 0.349986 0.349986 0.349985 0.349986 0.349986 0.349987 0.349987 0.349985 0.000000 0.000000
0.000000 0.000000 0.349997 0.350001 0.349998 0.349997 0.349999 0.349998 0.350000 0.349997 0.350001 0.349999 0.349999 0.349997 0.349998 0.350000 0.349999 0.350002 0.350001 0.000000 0.000000
0.000000 0.000000 0.350852 0.350849 0.350845 0.350840 0.350825 0.350824 0.350821 0.350824 0.350820 0.350821 0.350817 0.350821 0.350830 0.350831 0.350839 0.350840 0.350846 0.000000 0.000000
0.000000 0.000000 0.353275 0.353274 0.353263 0.353237 0.353225 0.353202 0.353203 0.353198 0.353201 0.353200 0.353202 0.353203 0.353213 0.353231 0.353245 0.353259 0.353264 0.000000 0.000000
0.000000 0.000000 0.356652 0.356649 0.356641 0.356619 0.356591 0.356556 0.356555 0.356550 0.356551 0.356552 0.356551 0.356552 0.356582 0.356610 0.356624 0.356637 0.356644 0.000000 0.000000
0.000000 0.000000 0.360679 0.360678 0.360670 0.360643 0.360616 0.360579 0.360578 0.360575 0.360574 0.360571 0.360569 0.360577 0.360608 0.360632 0.360655 0.360664 0.360676 0.000000 0.000000
0.000000 0.000000 0.364888 0.364882 0.364869 0.364853 0.364824 0.364786 0.364789 0.364780 0.364777 0.364776 0.364776 0.364776 0.364813 0.364844 0.364862 0.364870 0.364880 0.000000 0.000000
0.000000 0.000000 0.369277 0.369268 0.369263 0.369246 0.369205 0.369171 0.369171 0.369167 0.369161 0.369164 0.369169 0.369167 0.369198 0.369233 0.369255 0.369262 0.369269 0.000000 0.000000
0.000000 0.000000 0.373976 0.373971 0.373963 0.373930 0.373900 0.373861 0.373870 0.373848 0.373850 0.373850 0.373842 0.373856 0.373884 0.373906 0.373933 0.373947 0.373966 0.000000 0.000000
0.000000 0.000000 0.379086 0.379073 0.379058 0.379035 0.379004 0.378955 0.378953 0.378946 0.378957 0.378940 0.378944 0.378948 0.378997 0.379022 0.379041 0.379051 0.379096 0.000000 0.000000
0.000000 0.000000 0.384513 0.384500 0.384493 0.384463 0.384436 0.384318 0.384316 0.384309 0.384279 0.384293 0.384300 0.384312 0.384402 0.384428 0.384473 0.384478 0.384505 0.000000 0.000000
0.000000 0.000000 0.390700 0.390695 0.390672 0.390650 0.390513 0.390507 0.390478 0.390478 0.390480 0.390475 0.390472 0.390468 0.390467 0.390609 0.390639 0.390677 0.390709 0.000000 0.000000
0.000000 0.000000 0.397833 0.397821 0.397791 0.397628 0.397616 0.397538 0.397493 0.397484 0.397457 0.397436 0.397453 0.397448 0.397525 0.397548 0.397767 0.397741 0.397753 0.000000 0.000000
0.000000 0.000000 0.405631 0.405619 0.405389 0.405414 0.405400 0.405362 0.405436 0.405408 0.405444 0.405421 0.405388 0.405445 0.405466 0.405479 0.405367 0.405682 0.405679 0.000000 0.000000
0.000000 0.000000 0.415234 0.414876 0.414881 0.414763 0.414582 0.414527 0.414456 0.414470 0.414375 0.414378 0.414427 0.414386 0.414475 0.414609 0.414865 0.414770 0.415138 0.000000 0.000000
0.000000 0.000000 0.420295 0.420542 0.420879 0.420846 0.420811 0.420494 0.420518 0.420435 0.420547 0.420520 0.420515 0.420549 0.420828 0.420852 0.420938 0.420638 0.420404 0.000000 0.000000
0.000000 0.000000 0.350000 0.350000 0.350000 0.350000 0.350000 0.350000 0.350000 0.350000 0.350000 0.350000 0.350000 0.350000 0.350000 0.350000 0.350000 0.350000 0.350000 0.000000 0.000000
0.000000 0.000000 0.000000 0.000000 0.000000 0.000000 0.000000 0.000000 0.000000 0.000000 0.000000 0.000000 0.000000 0.000000 0.000000 0.000000 0.000000 0.000000 0.000000 0.000000 0.000000