geotop/1.0zi/1.0Montebello/Templates/testdem/maps/_Eocsand1537.asc
ncols         21
nrows         20
xllcorner     100.000000
yllcorner     100.000000
cellsize      50.000000
NODATA_value  -9999.0
0.000000 0.000000 0.000000 0.000000 0.000000 0.000000 0.000000 0.000000 0.000000 0.000000 0.000000 0.000000 0.000000 0.000000 0.000000 0.000000 0.000000 0.000000 0.000000 0.000000 0.000000
0.000000 0.000000 0.300048 0.300048 0.300048 0.300048 0.300048 0.300048 0.300048 0.300048 0.300048 0.300048 0.300048 0.300048 0.300048 0.300048 0.300048 0.300048 0.300048 0.000000 0.000000
0.000000 0.000000 0.300008 0.300009 0.300009 0.300008 0.300008 0.300008 0.300008 0.300008 0.300008 0.300008 0.300008 0.300008 0.300008 0.300008 0.300009 0.300009 0.300008 0.000000 0.000000
0.000000 0.000000 0.298751 0.298752 0.298756 0.298754 0.298751 0.298751 0.298751 0.298751 0.298751 0.298751 0.298751 0.298751 0.298751 0.298754 0.298756 0.298752 0.298751 0.000000 0.000000
0.000000 0.000000 0.294227 0.294228 0.294232 0.294232 0.294225 0.294227 0.294227 0.294225 0.294225 0.294225 0.294227 0.294227 0.294225 0.294232 0.294232 0.294228 0.294227 0.000000 0.000000
0.000000 0.000000 0.288933 0.288934 0.288937 0.288937 0.288931 0.288933 0.288933 0.288932 0.288932 0.288932 0.288933 0.288933 0.288931 0.288937 0.288937 0.288934 0.288933 0.000000 0.000000
0.000000 0.000000 0.284004 0.284005 0.284008 0.284007 0.284003 0.284004 0.284004 0.284003 0.284003 0.284003 0.284004 0.284004 0.284003 0.284007 0.284008 0.284005 0.284004 0.000000 0.000000
0.000000 0.000000 0.279480 0.279481 0.279484 0.279483 0.279479 0.279480 0.279480 0.279479 0.279479 0.279479 0.279480 0.279480 0.279479 0.279483 0.279484 0.279481 0.279480 0.000000 0.000000
0.000000 0.000000 0.275247 0.275248 0.275250 0.275250 0.275246 0.275247 0.275247 0.275246 0.275246 0.275246 0.275247 0.275247 0.275246 0.275250 0.275250 0.275248 0.275247 0.000000 0.000000
0.000000 0.000000 0.271198 0.271198 0.271201 0.271200 0.271197 0.271198 0.271198 0.271197 0.271197 0.271197 0.271198 0.271198 0.271197 0.271200 0.271201 0.271198 0.271198 0.000000 0.000000
0.000000 0.000000 0.267289 0.267290 0.267293 0.267292 0.267289 0.267289 0.267289 0.267289 0.267289 0.267289 0.267289 0.267289 0.267289 0.267292 0.267293 0.267290 0.267289 0.000000 0.000000
0.000000 0.000000 0.263484 0.263484 0.263487 0.263486 0.263483 0.263484 0.263484 0.263483 0.263483 0.263483 0.263484 0.263484 0.263483 0.263486 0.263487 0.263484 0.263484 0.000000 0.000000
0.000000 0.000000 0.259750 0.259750 0.259753 0.259752 0.259749 0.259750 0.259750 0.259749 0.259749 0.259749 0.259750 0.259750 0.259749 0.259752 0.259753 0.259750 0.259750 0.000000 0.000000
0.000000 0.000000 0.256090 0.256090 0.256093 0.256092 0.256089 0.256090 0.256090 0.256089 0.256089 0.256089 0.256090 0.256090 0.256089 0.256092 0.256093 0.256090 0.256090 0.000000 0.000000
0.000000 0.000000 0.252488 0.252488 0.252491 0.252490 0.252487 0.252487 0.252488 0.252487 0.252487 0.252487 0.252488 0.252487 0.252487 0.252490 0.252491 0.252488 0.252488 0.000000 0.000000
0.000000 0.000000 0.248929 0.248930 0.248932 0.248931 0.248929 0.248929 0.248929 0.248929 0.248929 0.248929 0.248929 0.248929 0.248929 0.248931 0.248932 0.248930 0.248929 0.000000 0.000000
0.000000 0.000000 0.245417 0.245417 0.245420 0.245419 0.245416 0.245417 0.245417 0.245416 0.245416 0.245416 0.245417 0.245417 0.245416 0.245419 0.245420 0.245417 0.245417 0.000000 0.000000
0.000000 0.000000 0.241868 0.241868 0.241871 0.241870 0.241867 0.241868 0.241868 0.241867 0.241867 0.241867 0.241868 0.241868 0.241867 0.241870 0.241871 0.241868 0.241868 0.000000 0.000000
0.000000 0.000000 0.300000 0.300000 0.300000 0.300000 0.300000 0.300000 0.300000 0.300000 0.300000 0.300000 0.300000 0.300000 0.300000 0.300000 0.300000 0.300000 0.300000 0.000000 0.000000
0.000000 0.000000 0.000000 0.000000 0.000000 0.000000 0.000000 0.000000 0.000000 0.000000 0.000000 0.000000 0.000000 0.000000 0.000000 0.000000 0.000000 0.000000 0.000000 0.000000 0.000000