geotop/1.0zi/1.0Montebello/Templates/testdem/maps/_Eocsilt133u.asc
ncols         21
nrows         20
xllcorner     100.000000
yllcorner     100.000000
cellsize      50.000000
NODATA_value  -9999.0
0.000000 0.000000 0.000000 0.000000 0.000000 0.000000 0.000000 0.000000 0.000000 0.000000 0.000000 0.000000 0.000000 0.000000 0.000000 0.000000 0.000000 0.000000 0.000000 0.000000 0.000000
0.000000 0.000000 0.350250 0.350250 0.350250 0.350250 0.350250 0.350249 0.350250 0.350250 0.350250 0.350249 0.350249 0.350249 0.350250 0.350250 0.350251 0.350251 0.350250 0.000000 0.000000
0.000000 0.000000 0.350013 0.350012 0.350013 0.350012 0.350013 0.350013 0.350013 0.350013 0.350014 0.350014 0.350014 0.350014 0.350013 0.350012 0.350011 0.350011 0.350012 0.000000 0.000000
0.000000 0.000000 0.350249 0.350247 0.350237 0.350233 0.350234 0.350224 0.350227 0.350228 0.350225 0.350229 0.350228 0.350232 0.350229 0.350234 0.350239 0.350243 0.350245 0.000000 0.000000
0.000000 0.000000 0.352152 0.352156 0.352146 0.352126 0.352113 0.352106 0.352105 0.352102 0.352097 0.352102 0.352108 0.352104 0.352119 0.352130 0.352137 0.352144 0.352149 0.000000 0.000000
0.000000 0.000000 0.356953 0.356948 0.356929 0.356897 0.356859 0.356829 0.356825 0.356819 0.356815 0.356817 0.356822 0.356818 0.356837 0.356867 0.356880 0.356894 0.356901 0.000000 0.000000
0.000000 0.000000 0.363643 0.363632 0.363610 0.363564 0.363516 0.363447 0.363445 0.363440 0.363431 0.363432 0.363428 0.363432 0.363483 0.363523 0.363549 0.363572 0.363578 0.000000 0.000000
0.000000 0.000000 0.371703 0.371689 0.371668 0.371608 0.371556 0.371490 0.371484 0.371477 0.371465 0.371464 0.371460 0.371468 0.371516 0.371564 0.371606 0.371617 0.371631 0.000000 0.000000
0.000000 0.000000 0.380918 0.380896 0.380860 0.380812 0.380750 0.380665 0.380663 0.380649 0.380635 0.380633 0.380635 0.380629 0.380703 0.380761 0.380794 0.380814 0.380827 0.000000 0.000000
0.000000 0.000000 0.391601 0.391566 0.391532 0.391480 0.391408 0.391318 0.391306 0.391299 0.391275 0.391282 0.391295 0.391289 0.391347 0.391425 0.391467 0.391489 0.391492 0.000000 0.000000
0.000000 0.000000 0.404426 0.404393 0.404364 0.404233 0.404205 0.404075 0.404095 0.404033 0.404037 0.404026 0.404000 0.404035 0.404105 0.404153 0.404216 0.404243 0.404297 0.000000 0.000000
0.000000 0.000000 0.420094 0.420020 0.419929 0.419884 0.419819 0.419648 0.419620 0.419635 0.419639 0.419589 0.419616 0.419597 0.419738 0.419830 0.419855 0.419883 0.419986 0.000000 0.000000
0.000000 0.000000 0.437225 0.437163 0.437157 0.437027 0.436951 0.436503 0.436474 0.436446 0.436262 0.436392 0.436385 0.436427 0.436741 0.436803 0.436973 0.436997 0.436971 0.000000 0.000000
0.000000 0.000000 0.454504 0.454496 0.454372 0.454326 0.453879 0.454135 0.454030 0.454035 0.454129 0.454035 0.454022 0.453959 0.453743 0.454248 0.454230 0.454347 0.454408 0.000000 0.000000
0.000000 0.000000 0.465415 0.465395 0.465346 0.465142 0.465162 0.465067 0.465030 0.465017 0.464977 0.464954 0.464975 0.464969 0.465055 0.465032 0.465290 0.465247 0.465243 0.000000 0.000000
0.000000 0.000000 0.471628 0.471610 0.471584 0.471411 0.471482 0.471378 0.471354 0.471343 0.471304 0.471291 0.471310 0.471310 0.471401 0.471331 0.471554 0.471500 0.471491 0.000000 0.000000
0.000000 0.000000 0.475191 0.475264 0.475105 0.475125 0.475184 0.475154 0.475225 0.475200 0.475240 0.475226 0.475195 0.475241 0.475244 0.475194 0.475081 0.475302 0.475204 0.000000 0.000000
0.000000 0.000000 0.478884 0.478722 0.478581 0.478553 0.478527 0.478574 0.478570 0.478587 0.478539 0.478542 0.478549 0.478543 0.478505 0.478519 0.478548 0.478668 0.478819 0.000000 0.000000
0.000000 0.000000 0.350000 0.350000 0.350000 0.350000 0.350000 0.350000 0.350000 0.350000 0.350000 0.350000 0.350000 0.350000 0.350000 0.350000 0.350000 0.350000 0.350000 0.000000 0.000000
0.000000 0.000000 0.000000 0.000000 0.000000 0.000000 0.000000 0.000000 0.000000 0.000000 0.000000 0.000000 0.000000 0.000000 0.000000 0.000000 0.000000 0.000000 0.000000 0.000000 0.000000