geotop/1.0zi/1.0Montebello/Templates/testdem/maps/_Eocclay7538.asc
ncols         21
nrows         20
xllcorner     100.000000
yllcorner     100.000000
cellsize      50.000000
NODATA_value  -9999.0
0.000000 0.000000 0.000000 0.000000 0.000000 0.000000 0.000000 0.000000 0.000000 0.000000 0.000000 0.000000 0.000000 0.000000 0.000000 0.000000 0.000000 0.000000 0.000000 0.000000 0.000000
0.000000 0.000000 0.349658 0.349660 0.349660 0.349659 0.349660 0.349660 0.349660 0.349660 0.349659 0.349660 0.349660 0.349660 0.349660 0.349660 0.349658 0.349658 0.349659 0.000000 0.000000
0.000000 0.000000 0.349986 0.349985 0.349986 0.349987 0.349986 0.349985 0.349985 0.349985 0.349985 0.349985 0.349986 0.349985 0.349986 0.349986 0.349987 0.349986 0.349984 0.000000 0.000000
0.000000 0.000000 0.350004 0.350008 0.350005 0.350004 0.350007 0.350004 0.350006 0.350003 0.350006 0.350005 0.350004 0.350003 0.350005 0.350007 0.350006 0.350009 0.350008 0.000000 0.000000
0.000000 0.000000 0.350949 0.350947 0.350943 0.350937 0.350922 0.350920 0.350917 0.350920 0.350917 0.350917 0.350913 0.350917 0.350927 0.350928 0.350936 0.350938 0.350944 0.000000 0.000000
0.000000 0.000000 0.353489 0.353487 0.353476 0.353450 0.353437 0.353413 0.353415 0.353409 0.353412 0.353411 0.353413 0.353414 0.353425 0.353444 0.353458 0.353472 0.353478 0.000000 0.000000
0.000000 0.000000 0.356998 0.356994 0.356986 0.356964 0.356935 0.356899 0.356898 0.356892 0.356893 0.356894 0.356894 0.356895 0.356927 0.356955 0.356970 0.356982 0.356990 0.000000 0.000000
0.000000 0.000000 0.361181 0.361179 0.361172 0.361144 0.361116 0.361077 0.361076 0.361073 0.361072 0.361069 0.361067 0.361075 0.361108 0.361132 0.361157 0.361166 0.361177 0.000000 0.000000
0.000000 0.000000 0.365571 0.365565 0.365552 0.365535 0.365505 0.365465 0.365468 0.365459 0.365456 0.365455 0.365455 0.365454 0.365493 0.365526 0.365544 0.365553 0.365563 0.000000 0.000000
0.000000 0.000000 0.370171 0.370162 0.370156 0.370139 0.370096 0.370060 0.370060 0.370056 0.370050 0.370053 0.370058 0.370056 0.370089 0.370126 0.370148 0.370156 0.370163 0.000000 0.000000
0.000000 0.000000 0.375121 0.375115 0.375107 0.375072 0.375042 0.375000 0.375009 0.374987 0.374989 0.374988 0.374980 0.374995 0.375025 0.375048 0.375076 0.375091 0.375110 0.000000 0.000000
0.000000 0.000000 0.380533 0.380519 0.380502 0.380478 0.380446 0.380394 0.380392 0.380385 0.380396 0.380379 0.380382 0.380387 0.380440 0.380466 0.380486 0.380497 0.380544 0.000000 0.000000
0.000000 0.000000 0.386309 0.386294 0.386287 0.386256 0.386227 0.386100 0.386098 0.386090 0.386058 0.386074 0.386081 0.386093 0.386191 0.386218 0.386267 0.386273 0.386299 0.000000 0.000000
0.000000 0.000000 0.392944 0.392939 0.392914 0.392891 0.392741 0.392739 0.392707 0.392707 0.392711 0.392705 0.392701 0.392696 0.392692 0.392849 0.392880 0.392921 0.392954 0.000000 0.000000
0.000000 0.000000 0.400644 0.400631 0.400598 0.400417 0.400412 0.400323 0.400276 0.400266 0.400236 0.400214 0.400233 0.400227 0.400314 0.400332 0.400574 0.400544 0.400555 0.000000 0.000000
0.000000 0.000000 0.409090 0.409077 0.408818 0.408858 0.408842 0.408804 0.408891 0.408859 0.408902 0.408879 0.408840 0.408904 0.408924 0.408938 0.408795 0.409154 0.409150 0.000000 0.000000
0.000000 0.000000 0.419573 0.419165 0.419192 0.419055 0.418850 0.418788 0.418700 0.418719 0.418607 0.418613 0.418672 0.418619 0.418722 0.418873 0.419177 0.419039 0.419460 0.000000 0.000000
0.000000 0.000000 0.424692 0.425007 0.425390 0.425363 0.425341 0.424984 0.425019 0.424923 0.425061 0.425030 0.425019 0.425062 0.425372 0.425387 0.425459 0.425129 0.424826 0.000000 0.000000
0.000000 0.000000 0.350000 0.350000 0.350000 0.350000 0.350000 0.350000 0.350000 0.350000 0.350000 0.350000 0.350000 0.350000 0.350000 0.350000 0.350000 0.350000 0.350000 0.000000 0.000000
0.000000 0.000000 0.000000 0.000000 0.000000 0.000000 0.000000 0.000000 0.000000 0.000000 0.000000 0.000000 0.000000 0.000000 0.000000 0.000000 0.000000 0.000000 0.000000 0.000000 0.000000