geotop/1.0zi/1.0Montebello/Templates/testdem/maps/_Eocclay8773.asc
ncols         21
nrows         20
xllcorner     100.000000
yllcorner     100.000000
cellsize      50.000000
NODATA_value  -9999.0
0.000000 0.000000 0.000000 0.000000 0.000000 0.000000 0.000000 0.000000 0.000000 0.000000 0.000000 0.000000 0.000000 0.000000 0.000000 0.000000 0.000000 0.000000 0.000000 0.000000 0.000000
0.000000 0.000000 0.349593 0.349595 0.349595 0.349594 0.349596 0.349596 0.349595 0.349595 0.349594 0.349596 0.349595 0.349595 0.349596 0.349595 0.349593 0.349594 0.349595 0.000000 0.000000
0.000000 0.000000 0.349983 0.349982 0.349982 0.349984 0.349982 0.349982 0.349982 0.349982 0.349981 0.349981 0.349982 0.349981 0.349982 0.349983 0.349983 0.349983 0.349981 0.000000 0.000000
0.000000 0.000000 0.350022 0.350027 0.350025 0.350020 0.350021 0.350022 0.350025 0.350023 0.350026 0.350024 0.350024 0.350022 0.350025 0.350027 0.350025 0.350027 0.350025 0.000000 0.000000
0.000000 0.000000 0.351188 0.351180 0.351177 0.351168 0.351151 0.351150 0.351147 0.351148 0.351146 0.351148 0.351146 0.351148 0.351158 0.351162 0.351172 0.351171 0.351181 0.000000 0.000000
0.000000 0.000000 0.354478 0.354474 0.354455 0.354425 0.354401 0.354377 0.354381 0.354374 0.354379 0.354378 0.354384 0.354382 0.354396 0.354421 0.354434 0.354444 0.354450 0.000000 0.000000
0.000000 0.000000 0.358921 0.358912 0.358902 0.358873 0.358840 0.358791 0.358792 0.358787 0.358788 0.358789 0.358790 0.358790 0.358831 0.358861 0.358879 0.358889 0.358897 0.000000 0.000000
0.000000 0.000000 0.364182 0.364172 0.364163 0.364127 0.364092 0.364048 0.364050 0.364044 0.364044 0.364042 0.364039 0.364048 0.364086 0.364116 0.364145 0.364151 0.364165 0.000000 0.000000
0.000000 0.000000 0.369833 0.369820 0.369805 0.369781 0.369741 0.369693 0.369699 0.369688 0.369685 0.369684 0.369685 0.369683 0.369733 0.369770 0.369792 0.369798 0.369811 0.000000 0.000000
0.000000 0.000000 0.375934 0.375916 0.375908 0.375883 0.375826 0.375783 0.375785 0.375779 0.375772 0.375777 0.375784 0.375780 0.375821 0.375868 0.375894 0.375901 0.375909 0.000000 0.000000
0.000000 0.000000 0.382704 0.382692 0.382683 0.382626 0.382590 0.382534 0.382549 0.382516 0.382523 0.382520 0.382509 0.382528 0.382571 0.382599 0.382635 0.382648 0.382676 0.000000 0.000000
0.000000 0.000000 0.390369 0.390347 0.390318 0.390288 0.390238 0.390171 0.390171 0.390166 0.390180 0.390155 0.390166 0.390165 0.390239 0.390279 0.390298 0.390308 0.390369 0.000000 0.000000
0.000000 0.000000 0.398821 0.398795 0.398792 0.398733 0.398693 0.398498 0.398498 0.398489 0.398431 0.398466 0.398474 0.398491 0.398644 0.398680 0.398753 0.398755 0.398780 0.000000 0.000000
0.000000 0.000000 0.409027 0.409019 0.408973 0.408934 0.408668 0.408720 0.408670 0.408671 0.408697 0.408673 0.408668 0.408646 0.408602 0.408886 0.408912 0.408978 0.409024 0.000000 0.000000
0.000000 0.000000 0.421213 0.421180 0.421126 0.420776 0.420851 0.420672 0.420606 0.420588 0.420524 0.420489 0.420528 0.420522 0.420699 0.420641 0.421099 0.421004 0.421003 0.000000 0.000000
0.000000 0.000000 0.434317 0.434291 0.433796 0.433988 0.433929 0.433919 0.434127 0.434068 0.434178 0.434150 0.434063 0.434183 0.434163 0.434213 0.433751 0.434487 0.434475 0.000000 0.000000
0.000000 0.000000 0.449783 0.449073 0.449307 0.448999 0.448645 0.448541 0.448312 0.448367 0.448137 0.448164 0.448300 0.448157 0.448348 0.448609 0.449282 0.448765 0.449500 0.000000 0.000000
0.000000 0.000000 0.453901 0.454550 0.455072 0.455081 0.455131 0.454621 0.454728 0.454573 0.454841 0.454789 0.454741 0.454832 0.455251 0.455217 0.455165 0.454780 0.454138 0.000000 0.000000
0.000000 0.000000 0.350000 0.350000 0.350000 0.350000 0.350000 0.350000 0.350000 0.350000 0.350000 0.350000 0.350000 0.350000 0.350000 0.350000 0.350000 0.350000 0.350000 0.000000 0.000000
0.000000 0.000000 0.000000 0.000000 0.000000 0.000000 0.000000 0.000000 0.000000 0.000000 0.000000 0.000000 0.000000 0.000000 0.000000 0.000000 0.000000 0.000000 0.000000 0.000000 0.000000