geotop/1.0zi/1.0Montebello/Templates/testdem/maps/_Eocclay6151.asc
ncols         21
nrows         20
xllcorner     100.000000
yllcorner     100.000000
cellsize      50.000000
NODATA_value  -9999.0
0.000000 0.000000 0.000000 0.000000 0.000000 0.000000 0.000000 0.000000 0.000000 0.000000 0.000000 0.000000 0.000000 0.000000 0.000000 0.000000 0.000000 0.000000 0.000000 0.000000 0.000000
0.000000 0.000000 0.349729 0.349729 0.349729 0.349728 0.349730 0.349730 0.349729 0.349729 0.349728 0.349730 0.349730 0.349729 0.349730 0.349730 0.349728 0.349728 0.349729 0.000000 0.000000
0.000000 0.000000 0.349989 0.349989 0.349989 0.349990 0.349989 0.349989 0.349989 0.349989 0.349989 0.349988 0.349989 0.349988 0.349989 0.349989 0.349990 0.349990 0.349988 0.000000 0.000000
0.000000 0.000000 0.349982 0.349985 0.349983 0.349983 0.349985 0.349985 0.349986 0.349983 0.349988 0.349985 0.349985 0.349985 0.349985 0.349987 0.349985 0.349987 0.349986 0.000000 0.000000
0.000000 0.000000 0.350507 0.350506 0.350504 0.350502 0.350489 0.350487 0.350487 0.350490 0.350487 0.350486 0.350481 0.350483 0.350490 0.350489 0.350493 0.350496 0.350502 0.000000 0.000000
0.000000 0.000000 0.352198 0.352198 0.352192 0.352171 0.352165 0.352147 0.352147 0.352143 0.352146 0.352147 0.352151 0.352150 0.352154 0.352168 0.352176 0.352187 0.352191 0.000000 0.000000
0.000000 0.000000 0.354731 0.354728 0.354724 0.354707 0.354686 0.354658 0.354657 0.354653 0.354654 0.354656 0.354657 0.354656 0.354677 0.354700 0.354710 0.354718 0.354726 0.000000 0.000000
0.000000 0.000000 0.357801 0.357800 0.357797 0.357776 0.357755 0.357724 0.357725 0.357721 0.357722 0.357721 0.357719 0.357724 0.357748 0.357767 0.357783 0.357789 0.357799 0.000000 0.000000
0.000000 0.000000 0.360950 0.360947 0.360939 0.360927 0.360906 0.360876 0.360878 0.360872 0.360870 0.360871 0.360870 0.360869 0.360897 0.360919 0.360933 0.360937 0.360946 0.000000 0.000000
0.000000 0.000000 0.364158 0.364152 0.364149 0.364140 0.364109 0.364081 0.364083 0.364080 0.364075 0.364079 0.364083 0.364080 0.364103 0.364129 0.364145 0.364148 0.364155 0.000000 0.000000
0.000000 0.000000 0.367508 0.367504 0.367502 0.367480 0.367459 0.367428 0.367434 0.367420 0.367420 0.367421 0.367417 0.367426 0.367445 0.367461 0.367478 0.367488 0.367502 0.000000 0.000000
0.000000 0.000000 0.371046 0.371038 0.371028 0.371012 0.370993 0.370957 0.370958 0.370949 0.370958 0.370948 0.370950 0.370953 0.370987 0.371003 0.371015 0.371021 0.371055 0.000000 0.000000
0.000000 0.000000 0.374707 0.374700 0.374696 0.374678 0.374660 0.374583 0.374583 0.374577 0.374560 0.374569 0.374575 0.374581 0.374638 0.374654 0.374681 0.374684 0.374709 0.000000 0.000000
0.000000 0.000000 0.378719 0.378714 0.378703 0.378691 0.378614 0.378596 0.378579 0.378578 0.378573 0.378575 0.378575 0.378573 0.378582 0.378660 0.378683 0.378702 0.378727 0.000000 0.000000
0.000000 0.000000 0.383176 0.383170 0.383152 0.383070 0.383049 0.383003 0.382973 0.382968 0.382953 0.382945 0.382954 0.382948 0.382985 0.383019 0.383134 0.383124 0.383139 0.000000 0.000000
0.000000 0.000000 0.387928 0.387922 0.387813 0.387798 0.387793 0.387766 0.387790 0.387777 0.387787 0.387775 0.387762 0.387785 0.387802 0.387812 0.387796 0.387937 0.387941 0.000000 0.000000
0.000000 0.000000 0.393447 0.393295 0.393252 0.393208 0.393136 0.393101 0.393085 0.393085 0.393050 0.393047 0.393062 0.393055 0.393097 0.393152 0.393241 0.393260 0.393416 0.000000 0.000000
0.000000 0.000000 0.397326 0.397350 0.397490 0.397456 0.397407 0.397267 0.397265 0.397233 0.397258 0.397249 0.397257 0.397262 0.397391 0.397427 0.397512 0.397370 0.397355 0.000000 0.000000
0.000000 0.000000 0.350000 0.350000 0.350000 0.350000 0.350000 0.350000 0.350000 0.350000 0.350000 0.350000 0.350000 0.350000 0.350000 0.350000 0.350000 0.350000 0.350000 0.000000 0.000000
0.000000 0.000000 0.000000 0.000000 0.000000 0.000000 0.000000 0.000000 0.000000 0.000000 0.000000 0.000000 0.000000 0.000000 0.000000 0.000000 0.000000 0.000000 0.000000 0.000000 0.000000