geotop/1.0zi/1.0Montebello/Templates/testdem/maps/_Eocsilt7408.asc
ncols         21
nrows         20
xllcorner     100.000000
yllcorner     100.000000
cellsize      50.000000
NODATA_value  -9999.0
0.000000 0.000000 0.000000 0.000000 0.000000 0.000000 0.000000 0.000000 0.000000 0.000000 0.000000 0.000000 0.000000 0.000000 0.000000 0.000000 0.000000 0.000000 0.000000 0.000000 0.000000
0.000000 0.000000 0.350151 0.350152 0.350152 0.350153 0.350152 0.350153 0.350152 0.350152 0.350153 0.350152 0.350152 0.350152 0.350152 0.350152 0.350153 0.350153 0.350152 0.000000 0.000000
0.000000 0.000000 0.350005 0.350004 0.350004 0.350004 0.350004 0.350004 0.350004 0.350004 0.350005 0.350005 0.350005 0.350005 0.350004 0.350004 0.350002 0.350002 0.350004 0.000000 0.000000
0.000000 0.000000 0.350101 0.350097 0.350096 0.350089 0.350091 0.350086 0.350089 0.350089 0.350086 0.350088 0.350088 0.350088 0.350091 0.350094 0.350097 0.350097 0.350098 0.000000 0.000000
0.000000 0.000000 0.350949 0.350955 0.350950 0.350940 0.350934 0.350928 0.350924 0.350923 0.350923 0.350923 0.350924 0.350926 0.350938 0.350943 0.350945 0.350955 0.350958 0.000000 0.000000
0.000000 0.000000 0.353292 0.353294 0.353284 0.353269 0.353251 0.353230 0.353229 0.353224 0.353228 0.353228 0.353229 0.353228 0.353240 0.353251 0.353263 0.353271 0.353276 0.000000 0.000000
0.000000 0.000000 0.356659 0.356656 0.356645 0.356621 0.356591 0.356561 0.356561 0.356558 0.356558 0.356557 0.356554 0.356559 0.356586 0.356611 0.356627 0.356641 0.356648 0.000000 0.000000
0.000000 0.000000 0.360671 0.360670 0.360665 0.360640 0.360611 0.360577 0.360577 0.360573 0.360572 0.360569 0.360567 0.360573 0.360603 0.360629 0.360653 0.360659 0.360671 0.000000 0.000000
0.000000 0.000000 0.364947 0.364939 0.364926 0.364910 0.364880 0.364841 0.364842 0.364834 0.364831 0.364830 0.364831 0.364830 0.364869 0.364900 0.364919 0.364929 0.364939 0.000000 0.000000
0.000000 0.000000 0.369383 0.369375 0.369368 0.369353 0.369311 0.369277 0.369277 0.369273 0.369267 0.369270 0.369275 0.369273 0.369304 0.369340 0.369361 0.369368 0.369375 0.000000 0.000000
0.000000 0.000000 0.374097 0.374092 0.374085 0.374050 0.374021 0.373983 0.373991 0.373970 0.373972 0.373971 0.373963 0.373977 0.374006 0.374028 0.374054 0.374069 0.374087 0.000000 0.000000
0.000000 0.000000 0.379237 0.379223 0.379208 0.379185 0.379154 0.379105 0.379103 0.379096 0.379107 0.379090 0.379094 0.379099 0.379149 0.379174 0.379192 0.379203 0.379248 0.000000 0.000000
0.000000 0.000000 0.384690 0.384677 0.384670 0.384640 0.384613 0.384494 0.384493 0.384485 0.384455 0.384469 0.384476 0.384488 0.384579 0.384604 0.384650 0.384655 0.384681 0.000000 0.000000
0.000000 0.000000 0.390913 0.390908 0.390885 0.390864 0.390725 0.390722 0.390693 0.390693 0.390695 0.390690 0.390686 0.390682 0.390679 0.390823 0.390852 0.390891 0.390922 0.000000 0.000000
0.000000 0.000000 0.398088 0.398077 0.398046 0.397881 0.397873 0.397792 0.397748 0.397740 0.397712 0.397689 0.397708 0.397703 0.397781 0.397801 0.398023 0.397996 0.398007 0.000000 0.000000
0.000000 0.000000 0.405919 0.405907 0.405674 0.405704 0.405690 0.405654 0.405730 0.405701 0.405738 0.405717 0.405683 0.405740 0.405760 0.405773 0.405652 0.405974 0.405971 0.000000 0.000000
0.000000 0.000000 0.415531 0.415168 0.415183 0.415063 0.414880 0.414825 0.414749 0.414765 0.414667 0.414671 0.414723 0.414678 0.414769 0.414903 0.415168 0.415059 0.415432 0.000000 0.000000
0.000000 0.000000 0.420450 0.420710 0.421046 0.421018 0.420989 0.420674 0.420701 0.420617 0.420734 0.420706 0.420699 0.420735 0.421011 0.421030 0.421106 0.420811 0.420563 0.000000 0.000000
0.000000 0.000000 0.350000 0.350000 0.350000 0.350000 0.350000 0.350000 0.350000 0.350000 0.350000 0.350000 0.350000 0.350000 0.350000 0.350000 0.350000 0.350000 0.350000 0.000000 0.000000
0.000000 0.000000 0.000000 0.000000 0.000000 0.000000 0.000000 0.000000 0.000000 0.000000 0.000000 0.000000 0.000000 0.000000 0.000000 0.000000 0.000000 0.000000 0.000000 0.000000 0.000000