geotop/1.0zi/1.0Montebello/Templates/testdem/maps/_Eocclay5587.asc
ncols         21
nrows         20
xllcorner     100.000000
yllcorner     100.000000
cellsize      50.000000
NODATA_value  -9999.0
0.000000 0.000000 0.000000 0.000000 0.000000 0.000000 0.000000 0.000000 0.000000 0.000000 0.000000 0.000000 0.000000 0.000000 0.000000 0.000000 0.000000 0.000000 0.000000 0.000000 0.000000
0.000000 0.000000 0.349750 0.349751 0.349751 0.349751 0.349751 0.349751 0.349751 0.349751 0.349751 0.349751 0.349751 0.349751 0.349751 0.349751 0.349751 0.349751 0.349751 0.000000 0.000000
0.000000 0.000000 0.349990 0.349990 0.349990 0.349990 0.349989 0.349989 0.349990 0.349989 0.349989 0.349989 0.349990 0.349990 0.349990 0.349990 0.349990 0.349990 0.349990 0.000000 0.000000
0.000000 0.000000 0.349988 0.349990 0.349987 0.349988 0.349990 0.349990 0.349990 0.349988 0.349990 0.349988 0.349988 0.349988 0.349990 0.349992 0.349990 0.349991 0.349990 0.000000 0.000000
0.000000 0.000000 0.350468 0.350468 0.350468 0.350464 0.350453 0.350449 0.350451 0.350452 0.350450 0.350451 0.350447 0.350447 0.350452 0.350451 0.350456 0.350458 0.350461 0.000000 0.000000
0.000000 0.000000 0.352030 0.352032 0.352026 0.352008 0.352002 0.351986 0.351985 0.351981 0.351985 0.351984 0.351988 0.351988 0.351991 0.352002 0.352008 0.352020 0.352025 0.000000 0.000000
0.000000 0.000000 0.354301 0.354299 0.354297 0.354281 0.354262 0.354235 0.354235 0.354231 0.354233 0.354235 0.354235 0.354234 0.354252 0.354272 0.354281 0.354290 0.354297 0.000000 0.000000
0.000000 0.000000 0.357065 0.357065 0.357063 0.357044 0.357025 0.356997 0.356997 0.356994 0.356995 0.356995 0.356993 0.356997 0.357017 0.357033 0.357048 0.357053 0.357062 0.000000 0.000000
0.000000 0.000000 0.359860 0.359857 0.359851 0.359841 0.359821 0.359794 0.359796 0.359791 0.359789 0.359790 0.359790 0.359787 0.359811 0.359830 0.359843 0.359847 0.359855 0.000000 0.000000
0.000000 0.000000 0.362686 0.362680 0.362679 0.362672 0.362643 0.362618 0.362620 0.362617 0.362614 0.362618 0.362621 0.362617 0.362637 0.362659 0.362673 0.362675 0.362681 0.000000 0.000000
0.000000 0.000000 0.365616 0.365613 0.365613 0.365593 0.365574 0.365546 0.365552 0.365539 0.365539 0.365541 0.365537 0.365544 0.365560 0.365573 0.365589 0.365597 0.365609 0.000000 0.000000
0.000000 0.000000 0.368682 0.368675 0.368668 0.368654 0.368637 0.368604 0.368606 0.368598 0.368606 0.368598 0.368599 0.368601 0.368630 0.368643 0.368653 0.368658 0.368689 0.000000 0.000000
0.000000 0.000000 0.371827 0.371821 0.371819 0.371803 0.371788 0.371722 0.371722 0.371716 0.371703 0.371710 0.371715 0.371720 0.371767 0.371779 0.371803 0.371805 0.371828 0.000000 0.000000
0.000000 0.000000 0.375236 0.375231 0.375224 0.375214 0.375150 0.375133 0.375118 0.375118 0.375113 0.375115 0.375116 0.375113 0.375120 0.375183 0.375203 0.375219 0.375242 0.000000 0.000000
0.000000 0.000000 0.378982 0.378977 0.378964 0.378899 0.378878 0.378841 0.378814 0.378810 0.378798 0.378792 0.378799 0.378793 0.378820 0.378850 0.378944 0.378937 0.378951 0.000000 0.000000
0.000000 0.000000 0.382935 0.382930 0.382846 0.382832 0.382827 0.382802 0.382819 0.382809 0.382816 0.382806 0.382796 0.382813 0.382826 0.382834 0.382829 0.382937 0.382940 0.000000 0.000000
0.000000 0.000000 0.387447 0.387333 0.387293 0.387260 0.387206 0.387178 0.387170 0.387167 0.387143 0.387139 0.387149 0.387145 0.387174 0.387214 0.387279 0.387307 0.387422 0.000000 0.000000
0.000000 0.000000 0.390770 0.390772 0.390875 0.390847 0.390803 0.390696 0.390693 0.390669 0.390684 0.390678 0.390685 0.390687 0.390784 0.390814 0.390887 0.390781 0.390786 0.000000 0.000000
0.000000 0.000000 0.350000 0.350000 0.350000 0.350000 0.350000 0.350000 0.350000 0.350000 0.350000 0.350000 0.350000 0.350000 0.350000 0.350000 0.350000 0.350000 0.350000 0.000000 0.000000
0.000000 0.000000 0.000000 0.000000 0.000000 0.000000 0.000000 0.000000 0.000000 0.000000 0.000000 0.000000 0.000000 0.000000 0.000000 0.000000 0.000000 0.000000 0.000000 0.000000 0.000000