geotop/1.0zi/1.0Montebello/Templates/testdem/maps/_Eocsand8835.asc
ncols         21
nrows         20
xllcorner     100.000000
yllcorner     100.000000
cellsize      50.000000
NODATA_value  -9999.0
0.000000 0.000000 0.000000 0.000000 0.000000 0.000000 0.000000 0.000000 0.000000 0.000000 0.000000 0.000000 0.000000 0.000000 0.000000 0.000000 0.000000 0.000000 0.000000 0.000000 0.000000
0.000000 0.000000 0.300225 0.300222 0.300222 0.300223 0.300222 0.300221 0.300222 0.300222 0.300222 0.300222 0.300222 0.300222 0.300222 0.300222 0.300223 0.300223 0.300223 0.000000 0.000000
0.000000 0.000000 0.300012 0.300014 0.300013 0.300012 0.300013 0.300013 0.300013 0.300013 0.300013 0.300013 0.300012 0.300013 0.300012 0.300013 0.300014 0.300014 0.300015 0.000000 0.000000
0.000000 0.000000 0.299856 0.299856 0.299863 0.299870 0.299869 0.299873 0.299867 0.299869 0.299869 0.299868 0.299867 0.299869 0.299864 0.299859 0.299856 0.299856 0.299855 0.000000 0.000000
0.000000 0.000000 0.297571 0.297572 0.297584 0.297610 0.297636 0.297640 0.297643 0.297645 0.297646 0.297643 0.297640 0.297640 0.297617 0.297607 0.297593 0.297589 0.297577 0.000000 0.000000
0.000000 0.000000 0.291139 0.291146 0.291175 0.291223 0.291272 0.291317 0.291314 0.291327 0.291317 0.291317 0.291308 0.291311 0.291284 0.291241 0.291219 0.291205 0.291193 0.000000 0.000000
0.000000 0.000000 0.282239 0.282256 0.282277 0.282336 0.282405 0.282498 0.282492 0.282501 0.282500 0.282499 0.282501 0.282495 0.282418 0.282360 0.282325 0.282303 0.282289 0.000000 0.000000
0.000000 0.000000 0.271709 0.271725 0.271742 0.271810 0.271879 0.271964 0.271960 0.271970 0.271971 0.271976 0.271980 0.271962 0.271890 0.271829 0.271772 0.271765 0.271738 0.000000 0.000000
0.000000 0.000000 0.260328 0.260353 0.260384 0.260430 0.260511 0.260607 0.260596 0.260616 0.260621 0.260625 0.260621 0.260624 0.260524 0.260450 0.260408 0.260397 0.260370 0.000000 0.000000
0.000000 0.000000 0.248063 0.248095 0.248112 0.248160 0.248272 0.248357 0.248352 0.248364 0.248378 0.248368 0.248355 0.248359 0.248280 0.248186 0.248137 0.248125 0.248112 0.000000 0.000000
0.000000 0.000000 0.234489 0.234509 0.234527 0.234638 0.234710 0.234820 0.234787 0.234853 0.234839 0.234846 0.234867 0.234828 0.234745 0.234689 0.234619 0.234596 0.234542 0.000000 0.000000
0.000000 0.000000 0.219100 0.219144 0.219199 0.219258 0.219356 0.219488 0.219487 0.219496 0.219467 0.219518 0.219494 0.219494 0.219349 0.219270 0.219234 0.219218 0.219098 0.000000 0.000000
0.000000 0.000000 0.202140 0.202190 0.202194 0.202309 0.202387 0.202776 0.202773 0.202792 0.202908 0.202838 0.202822 0.202784 0.202482 0.202409 0.202267 0.202269 0.202220 0.000000 0.000000
0.000000 0.000000 0.181671 0.181685 0.181776 0.181848 0.182379 0.182269 0.182367 0.182363 0.182309 0.182359 0.182368 0.182411 0.182506 0.181938 0.181891 0.181766 0.181675 0.000000 0.000000
0.000000 0.000000 0.157327 0.157390 0.157495 0.158190 0.158031 0.158392 0.158517 0.158552 0.158682 0.158751 0.158671 0.158677 0.158327 0.158452 0.157539 0.157739 0.157746 0.000000 0.000000
0.000000 0.000000 0.131430 0.131478 0.132450 0.132059 0.132173 0.132187 0.131771 0.131888 0.131670 0.131722 0.131895 0.131653 0.131704 0.131604 0.132528 0.131088 0.131113 0.000000 0.000000
0.000000 0.000000 0.101648 0.102976 0.102533 0.103110 0.103772 0.103966 0.104393 0.104288 0.104724 0.104671 0.104415 0.104681 0.104326 0.103836 0.102571 0.103555 0.102178 0.000000 0.000000
0.000000 0.000000 0.093362 0.092237 0.091287 0.091289 0.091217 0.092139 0.091954 0.092231 0.091760 0.091854 0.091930 0.091771 0.091012 0.091059 0.091116 0.091841 0.092952 0.000000 0.000000
0.000000 0.000000 0.300000 0.300000 0.300000 0.300000 0.300000 0.300000 0.300000 0.300000 0.300000 0.300000 0.300000 0.300000 0.300000 0.300000 0.300000 0.300000 0.300000 0.000000 0.000000
0.000000 0.000000 0.000000 0.000000 0.000000 0.000000 0.000000 0.000000 0.000000 0.000000 0.000000 0.000000 0.000000 0.000000 0.000000 0.000000 0.000000 0.000000 0.000000 0.000000 0.000000