geotop/1.0zi/1.0Montebello/Templates/testdem/maps/_Eocsand4011.asc
ncols         21
nrows         20
xllcorner     100.000000
yllcorner     100.000000
cellsize      50.000000
NODATA_value  -9999.0
0.000000 0.000000 0.000000 0.000000 0.000000 0.000000 0.000000 0.000000 0.000000 0.000000 0.000000 0.000000 0.000000 0.000000 0.000000 0.000000 0.000000 0.000000 0.000000 0.000000 0.000000
0.000000 0.000000 0.300103 0.300102 0.300102 0.300102 0.300102 0.300102 0.300102 0.300102 0.300102 0.300102 0.300102 0.300102 0.300102 0.300102 0.300102 0.300102 0.300103 0.000000 0.000000
0.000000 0.000000 0.300005 0.300004 0.300004 0.300004 0.300003 0.300003 0.300003 0.300003 0.300004 0.300004 0.300003 0.300003 0.300004 0.300004 0.300005 0.300005 0.300005 0.000000 0.000000
0.000000 0.000000 0.299974 0.299974 0.299976 0.299980 0.299977 0.299979 0.299977 0.299978 0.299978 0.299979 0.299979 0.299981 0.299976 0.299973 0.299973 0.299972 0.299974 0.000000 0.000000
0.000000 0.000000 0.299290 0.299285 0.299288 0.299287 0.299295 0.299299 0.299300 0.299303 0.299305 0.299300 0.299304 0.299303 0.299299 0.299299 0.299300 0.299295 0.299290 0.000000 0.000000
0.000000 0.000000 0.297069 0.297067 0.297074 0.297084 0.297088 0.297109 0.297109 0.297119 0.297111 0.297109 0.297105 0.297112 0.297114 0.297104 0.297095 0.297091 0.297086 0.000000 0.000000
0.000000 0.000000 0.293769 0.293772 0.293777 0.293795 0.293814 0.293845 0.293843 0.293849 0.293843 0.293845 0.293849 0.293853 0.293832 0.293806 0.293794 0.293787 0.293777 0.000000 0.000000
0.000000 0.000000 0.289980 0.289984 0.289992 0.290015 0.290037 0.290069 0.290065 0.290071 0.290070 0.290072 0.290077 0.290084 0.290053 0.290025 0.290007 0.290002 0.289992 0.000000 0.000000
0.000000 0.000000 0.286182 0.286189 0.286202 0.286218 0.286239 0.286276 0.286273 0.286280 0.286280 0.286279 0.286284 0.286288 0.286260 0.286228 0.286213 0.286207 0.286193 0.000000 0.000000
0.000000 0.000000 0.282408 0.282416 0.282426 0.282443 0.282471 0.282503 0.282498 0.282503 0.282503 0.282503 0.282509 0.282516 0.282484 0.282451 0.282438 0.282432 0.282421 0.000000 0.000000
0.000000 0.000000 0.278602 0.278609 0.278620 0.278633 0.278651 0.278691 0.278686 0.278695 0.278695 0.278693 0.278700 0.278706 0.278680 0.278657 0.278638 0.278631 0.278618 0.000000 0.000000
0.000000 0.000000 0.274682 0.274690 0.274702 0.274724 0.274744 0.274782 0.274782 0.274788 0.274787 0.274789 0.274793 0.274801 0.274765 0.274737 0.274720 0.274714 0.274671 0.000000 0.000000
0.000000 0.000000 0.270729 0.270738 0.270752 0.270767 0.270792 0.270870 0.270869 0.270877 0.270877 0.270877 0.270884 0.270889 0.270822 0.270789 0.270772 0.270766 0.270738 0.000000 0.000000
0.000000 0.000000 0.266571 0.266586 0.266596 0.266613 0.266687 0.266708 0.266720 0.266726 0.266725 0.266725 0.266733 0.266739 0.266718 0.266639 0.266621 0.266605 0.266589 0.000000 0.000000
0.000000 0.000000 0.262115 0.262127 0.262155 0.262220 0.262254 0.262301 0.262327 0.262336 0.262347 0.262349 0.262349 0.262364 0.262329 0.262272 0.262185 0.262189 0.262175 0.000000 0.000000
0.000000 0.000000 0.257546 0.257558 0.257646 0.257658 0.257677 0.257700 0.257704 0.257707 0.257703 0.257706 0.257720 0.257712 0.257703 0.257679 0.257675 0.257588 0.257564 0.000000 0.000000
0.000000 0.000000 0.252507 0.252614 0.252692 0.252720 0.252770 0.252796 0.252803 0.252807 0.252820 0.252820 0.252823 0.252838 0.252821 0.252757 0.252716 0.252668 0.252561 0.000000 0.000000
0.000000 0.000000 0.248523 0.248554 0.248494 0.248532 0.248577 0.248677 0.248687 0.248698 0.248695 0.248697 0.248707 0.248708 0.248620 0.248562 0.248497 0.248590 0.248541 0.000000 0.000000
0.000000 0.000000 0.300000 0.300000 0.300000 0.300000 0.300000 0.300000 0.300000 0.300000 0.300000 0.300000 0.300000 0.300000 0.300000 0.300000 0.300000 0.300000 0.300000 0.000000 0.000000
0.000000 0.000000 0.000000 0.000000 0.000000 0.000000 0.000000 0.000000 0.000000 0.000000 0.000000 0.000000 0.000000 0.000000 0.000000 0.000000 0.000000 0.000000 0.000000 0.000000 0.000000