geotop/1.0zi/1.0Montebello/Templates/testdem/maps/_Eocsilt7037.asc
ncols         21
nrows         20
xllcorner     100.000000
yllcorner     100.000000
cellsize      50.000000
NODATA_value  -9999.0
0.000000 0.000000 0.000000 0.000000 0.000000 0.000000 0.000000 0.000000 0.000000 0.000000 0.000000 0.000000 0.000000 0.000000 0.000000 0.000000 0.000000 0.000000 0.000000 0.000000 0.000000
0.000000 0.000000 0.350141 0.350142 0.350142 0.350142 0.350142 0.350142 0.350142 0.350142 0.350142 0.350142 0.350142 0.350142 0.350142 0.350142 0.350142 0.350142 0.350141 0.000000 0.000000
0.000000 0.000000 0.350003 0.350003 0.350003 0.350003 0.350003 0.350003 0.350003 0.350003 0.350003 0.350003 0.350004 0.350004 0.350003 0.350003 0.350001 0.350001 0.350003 0.000000 0.000000
0.000000 0.000000 0.350060 0.350057 0.350056 0.350050 0.350051 0.350048 0.350051 0.350051 0.350049 0.350050 0.350050 0.350050 0.350052 0.350055 0.350058 0.350059 0.350059 0.000000 0.000000
0.000000 0.000000 0.350741 0.350747 0.350743 0.350735 0.350730 0.350723 0.350721 0.350719 0.350720 0.350720 0.350721 0.350723 0.350733 0.350737 0.350736 0.350744 0.350749 0.000000 0.000000
0.000000 0.000000 0.352800 0.352802 0.352793 0.352779 0.352763 0.352743 0.352743 0.352737 0.352742 0.352743 0.352743 0.352742 0.352752 0.352762 0.352771 0.352777 0.352783 0.000000 0.000000
0.000000 0.000000 0.355854 0.355851 0.355841 0.355819 0.355791 0.355762 0.355764 0.355761 0.355762 0.355760 0.355757 0.355762 0.355785 0.355808 0.355822 0.355835 0.355843 0.000000 0.000000
0.000000 0.000000 0.359520 0.359519 0.359514 0.359491 0.359464 0.359433 0.359434 0.359430 0.359429 0.359426 0.359424 0.359430 0.359457 0.359481 0.359502 0.359506 0.359519 0.000000 0.000000
0.000000 0.000000 0.363404 0.363397 0.363385 0.363370 0.363342 0.363306 0.363308 0.363300 0.363298 0.363296 0.363297 0.363296 0.363331 0.363360 0.363376 0.363385 0.363396 0.000000 0.000000
0.000000 0.000000 0.367397 0.367390 0.367383 0.367370 0.367332 0.367300 0.367302 0.367297 0.367292 0.367294 0.367298 0.367296 0.367325 0.367357 0.367375 0.367381 0.367389 0.000000 0.000000
0.000000 0.000000 0.371596 0.371591 0.371584 0.371554 0.371529 0.371492 0.371501 0.371481 0.371483 0.371482 0.371475 0.371488 0.371512 0.371533 0.371555 0.371567 0.371585 0.000000 0.000000
0.000000 0.000000 0.376120 0.376108 0.376094 0.376074 0.376047 0.376002 0.376002 0.375994 0.376004 0.375990 0.375992 0.375997 0.376040 0.376062 0.376078 0.376086 0.376129 0.000000 0.000000
0.000000 0.000000 0.380878 0.380866 0.380859 0.380834 0.380810 0.380708 0.380707 0.380699 0.380675 0.380686 0.380692 0.380702 0.380779 0.380802 0.380839 0.380843 0.380870 0.000000 0.000000
0.000000 0.000000 0.386221 0.386216 0.386196 0.386178 0.386066 0.386053 0.386030 0.386029 0.386029 0.386025 0.386023 0.386020 0.386023 0.386140 0.386166 0.386196 0.386227 0.000000 0.000000
0.000000 0.000000 0.392302 0.392293 0.392267 0.392137 0.392119 0.392054 0.392018 0.392010 0.391989 0.391970 0.391985 0.391980 0.392039 0.392068 0.392242 0.392223 0.392237 0.000000 0.000000
0.000000 0.000000 0.398899 0.398889 0.398708 0.398715 0.398706 0.398668 0.398722 0.398697 0.398724 0.398705 0.398680 0.398723 0.398745 0.398756 0.398686 0.398925 0.398927 0.000000 0.000000
0.000000 0.000000 0.406850 0.406581 0.406560 0.406476 0.406341 0.406295 0.406252 0.406258 0.406191 0.406190 0.406224 0.406198 0.406264 0.406365 0.406543 0.406503 0.406781 0.000000 0.000000
0.000000 0.000000 0.411573 0.411714 0.411965 0.411929 0.411883 0.411642 0.411654 0.411593 0.411665 0.411645 0.411647 0.411667 0.411881 0.411913 0.412005 0.411769 0.411641 0.000000 0.000000
0.000000 0.000000 0.350000 0.350000 0.350000 0.350000 0.350000 0.350000 0.350000 0.350000 0.350000 0.350000 0.350000 0.350000 0.350000 0.350000 0.350000 0.350000 0.350000 0.000000 0.000000
0.000000 0.000000 0.000000 0.000000 0.000000 0.000000 0.000000 0.000000 0.000000 0.000000 0.000000 0.000000 0.000000 0.000000 0.000000 0.000000 0.000000 0.000000 0.000000 0.000000 0.000000