geotop/1.0zi/1.0Montebello/Templates/testdem/maps/_Eocclay0810.asc
ncols         21
nrows         20
xllcorner     100.000000
yllcorner     100.000000
cellsize      50.000000
NODATA_value  -9999.0
0.000000 0.000000 0.000000 0.000000 0.000000 0.000000 0.000000 0.000000 0.000000 0.000000 0.000000 0.000000 0.000000 0.000000 0.000000 0.000000 0.000000 0.000000 0.000000 0.000000 0.000000
0.000000 0.000000 0.349957 0.349957 0.349957 0.349957 0.349957 0.349957 0.349957 0.349957 0.349957 0.349957 0.349957 0.349957 0.349957 0.349957 0.349957 0.349957 0.349957 0.000000 0.000000
0.000000 0.000000 0.349995 0.349995 0.349995 0.349995 0.349995 0.349995 0.349995 0.349995 0.349995 0.349995 0.349995 0.349995 0.349995 0.349995 0.349995 0.349995 0.349995 0.000000 0.000000
0.000000 0.000000 0.350319 0.350318 0.350316 0.350317 0.350319 0.350319 0.350318 0.350319 0.350319 0.350319 0.350318 0.350319 0.350319 0.350317 0.350316 0.350318 0.350319 0.000000 0.000000
0.000000 0.000000 0.351516 0.351515 0.351513 0.351513 0.351517 0.351516 0.351516 0.351517 0.351517 0.351517 0.351516 0.351516 0.351517 0.351513 0.351513 0.351515 0.351516 0.000000 0.000000
0.000000 0.000000 0.352815 0.352815 0.352813 0.352813 0.352816 0.352815 0.352815 0.352816 0.352815 0.352816 0.352815 0.352815 0.352816 0.352813 0.352813 0.352815 0.352815 0.000000 0.000000
0.000000 0.000000 0.354062 0.354061 0.354060 0.354060 0.354062 0.354062 0.354062 0.354062 0.354062 0.354062 0.354062 0.354062 0.354062 0.354060 0.354060 0.354061 0.354062 0.000000 0.000000
0.000000 0.000000 0.355224 0.355224 0.355222 0.355223 0.355224 0.355224 0.355224 0.355224 0.355224 0.355224 0.355224 0.355224 0.355224 0.355223 0.355222 0.355224 0.355224 0.000000 0.000000
0.000000 0.000000 0.356323 0.356323 0.356322 0.356322 0.356323 0.356323 0.356323 0.356323 0.356323 0.356323 0.356323 0.356323 0.356323 0.356322 0.356322 0.356323 0.356323 0.000000 0.000000
0.000000 0.000000 0.357383 0.357383 0.357381 0.357381 0.357383 0.357383 0.357383 0.357383 0.357383 0.357383 0.357383 0.357383 0.357383 0.357381 0.357381 0.357383 0.357383 0.000000 0.000000
0.000000 0.000000 0.358412 0.358412 0.358411 0.358411 0.358412 0.358412 0.358412 0.358412 0.358412 0.358412 0.358412 0.358412 0.358412 0.358411 0.358411 0.358412 0.358412 0.000000 0.000000
0.000000 0.000000 0.359422 0.359422 0.359420 0.359421 0.359422 0.359422 0.359422 0.359422 0.359422 0.359422 0.359422 0.359422 0.359422 0.359421 0.359420 0.359422 0.359422 0.000000 0.000000
0.000000 0.000000 0.360415 0.360415 0.360414 0.360414 0.360415 0.360415 0.360415 0.360415 0.360415 0.360415 0.360415 0.360415 0.360415 0.360414 0.360414 0.360415 0.360415 0.000000 0.000000
0.000000 0.000000 0.361395 0.361394 0.361393 0.361393 0.361395 0.361395 0.361395 0.361395 0.361395 0.361395 0.361395 0.361395 0.361395 0.361393 0.361393 0.361394 0.361395 0.000000 0.000000
0.000000 0.000000 0.362366 0.362365 0.362364 0.362364 0.362366 0.362366 0.362366 0.362366 0.362366 0.362366 0.362366 0.362366 0.362366 0.362364 0.362364 0.362365 0.362366 0.000000 0.000000
0.000000 0.000000 0.363331 0.363331 0.363330 0.363330 0.363331 0.363331 0.363331 0.363331 0.363331 0.363331 0.363331 0.363331 0.363331 0.363330 0.363330 0.363331 0.363331 0.000000 0.000000
0.000000 0.000000 0.364289 0.364288 0.364287 0.364287 0.364289 0.364289 0.364289 0.364289 0.364289 0.364289 0.364289 0.364289 0.364289 0.364287 0.364287 0.364288 0.364289 0.000000 0.000000
0.000000 0.000000 0.365257 0.365256 0.365255 0.365255 0.365257 0.365257 0.365257 0.365257 0.365257 0.365257 0.365257 0.365257 0.365257 0.365255 0.365255 0.365256 0.365257 0.000000 0.000000
0.000000 0.000000 0.350000 0.350000 0.350000 0.350000 0.350000 0.350000 0.350000 0.350000 0.350000 0.350000 0.350000 0.350000 0.350000 0.350000 0.350000 0.350000 0.350000 0.000000 0.000000
0.000000 0.000000 0.000000 0.000000 0.000000 0.000000 0.000000 0.000000 0.000000 0.000000 0.000000 0.000000 0.000000 0.000000 0.000000 0.000000 0.000000 0.000000 0.000000 0.000000 0.000000