geotop/1.0zi/1.0Montebello/Templates/testdem/maps/_Eocsand0353.asc
ncols         21
nrows         20
xllcorner     100.000000
yllcorner     100.000000
cellsize      50.000000
NODATA_value  -9999.0
0.000000 0.000000 0.000000 0.000000 0.000000 0.000000 0.000000 0.000000 0.000000 0.000000 0.000000 0.000000 0.000000 0.000000 0.000000 0.000000 0.000000 0.000000 0.000000 0.000000 0.000000
0.000000 0.000000 0.300014 0.300014 0.300014 0.300014 0.300014 0.300014 0.300014 0.300014 0.300014 0.300014 0.300014 0.300014 0.300014 0.300014 0.300014 0.300014 0.300014 0.000000 0.000000
0.000000 0.000000 0.300001 0.300001 0.300002 0.300001 0.300001 0.300001 0.300001 0.300001 0.300001 0.300001 0.300001 0.300001 0.300001 0.300001 0.300002 0.300001 0.300001 0.000000 0.000000
0.000000 0.000000 0.299484 0.299484 0.299488 0.299484 0.299484 0.299483 0.299483 0.299483 0.299483 0.299483 0.299483 0.299483 0.299484 0.299484 0.299488 0.299484 0.299484 0.000000 0.000000
0.000000 0.000000 0.298093 0.298093 0.298097 0.298093 0.298093 0.298092 0.298092 0.298092 0.298093 0.298092 0.298092 0.298092 0.298093 0.298093 0.298097 0.298093 0.298093 0.000000 0.000000
0.000000 0.000000 0.296793 0.296793 0.296797 0.296793 0.296793 0.296793 0.296793 0.296793 0.296793 0.296793 0.296793 0.296793 0.296793 0.296793 0.296797 0.296793 0.296793 0.000000 0.000000
0.000000 0.000000 0.295618 0.295617 0.295621 0.295618 0.295617 0.295617 0.295617 0.295617 0.295617 0.295617 0.295617 0.295617 0.295617 0.295618 0.295621 0.295617 0.295618 0.000000 0.000000
0.000000 0.000000 0.294536 0.294536 0.294539 0.294536 0.294536 0.294536 0.294536 0.294536 0.294536 0.294536 0.294536 0.294536 0.294536 0.294536 0.294539 0.294536 0.294536 0.000000 0.000000
0.000000 0.000000 0.293519 0.293519 0.293522 0.293519 0.293519 0.293519 0.293519 0.293519 0.293519 0.293519 0.293519 0.293519 0.293519 0.293519 0.293522 0.293519 0.293519 0.000000 0.000000
0.000000 0.000000 0.292540 0.292540 0.292542 0.292540 0.292540 0.292540 0.292540 0.292540 0.292540 0.292540 0.292540 0.292540 0.292540 0.292540 0.292542 0.292540 0.292540 0.000000 0.000000
0.000000 0.000000 0.291591 0.291591 0.291593 0.291591 0.291591 0.291590 0.291590 0.291590 0.291591 0.291590 0.291590 0.291590 0.291591 0.291591 0.291593 0.291591 0.291591 0.000000 0.000000
0.000000 0.000000 0.290663 0.290663 0.290665 0.290663 0.290663 0.290662 0.290663 0.290663 0.290663 0.290663 0.290663 0.290662 0.290663 0.290663 0.290665 0.290663 0.290663 0.000000 0.000000
0.000000 0.000000 0.289754 0.289754 0.289757 0.289754 0.289754 0.289754 0.289754 0.289754 0.289754 0.289754 0.289754 0.289754 0.289754 0.289754 0.289757 0.289754 0.289754 0.000000 0.000000
0.000000 0.000000 0.288865 0.288865 0.288867 0.288865 0.288865 0.288865 0.288865 0.288865 0.288865 0.288865 0.288865 0.288865 0.288865 0.288865 0.288867 0.288865 0.288865 0.000000 0.000000
0.000000 0.000000 0.287987 0.287987 0.287990 0.287987 0.287987 0.287987 0.287987 0.287987 0.287987 0.287987 0.287987 0.287987 0.287987 0.287987 0.287990 0.287987 0.287987 0.000000 0.000000
0.000000 0.000000 0.287111 0.287111 0.287114 0.287112 0.287111 0.287111 0.287111 0.287111 0.287111 0.287111 0.287111 0.287111 0.287111 0.287112 0.287114 0.287111 0.287111 0.000000 0.000000
0.000000 0.000000 0.286248 0.286248 0.286251 0.286248 0.286248 0.286248 0.286248 0.286248 0.286248 0.286248 0.286248 0.286248 0.286248 0.286248 0.286251 0.286248 0.286248 0.000000 0.000000
0.000000 0.000000 0.285349 0.285348 0.285351 0.285348 0.285348 0.285348 0.285348 0.285348 0.285348 0.285348 0.285348 0.285348 0.285348 0.285348 0.285351 0.285348 0.285348 0.000000 0.000000
0.000000 0.000000 0.300000 0.300000 0.300000 0.300000 0.300000 0.300000 0.300000 0.300000 0.300000 0.300000 0.300000 0.300000 0.300000 0.300000 0.300000 0.300000 0.300000 0.000000 0.000000
0.000000 0.000000 0.000000 0.000000 0.000000 0.000000 0.000000 0.000000 0.000000 0.000000 0.000000 0.000000 0.000000 0.000000 0.000000 0.000000 0.000000 0.000000 0.000000 0.000000 0.000000