geotop/1.0zi/1.0Montebello/Templates/testdem/maps/_Eocclay6087.asc
ncols         21
nrows         20
xllcorner     100.000000
yllcorner     100.000000
cellsize      50.000000
NODATA_value  -9999.0
0.000000 0.000000 0.000000 0.000000 0.000000 0.000000 0.000000 0.000000 0.000000 0.000000 0.000000 0.000000 0.000000 0.000000 0.000000 0.000000 0.000000 0.000000 0.000000 0.000000 0.000000
0.000000 0.000000 0.349730 0.349730 0.349731 0.349731 0.349731 0.349731 0.349731 0.349731 0.349731 0.349731 0.349731 0.349730 0.349731 0.349731 0.349730 0.349730 0.349730 0.000000 0.000000
0.000000 0.000000 0.349989 0.349989 0.349989 0.349989 0.349989 0.349989 0.349989 0.349989 0.349989 0.349988 0.349989 0.349989 0.349989 0.349989 0.349989 0.349989 0.349989 0.000000 0.000000
0.000000 0.000000 0.349983 0.349985 0.349983 0.349985 0.349987 0.349987 0.349987 0.349985 0.349987 0.349985 0.349986 0.349984 0.349986 0.349988 0.349986 0.349987 0.349986 0.000000 0.000000
0.000000 0.000000 0.350507 0.350506 0.350505 0.350501 0.350490 0.350486 0.350487 0.350488 0.350487 0.350487 0.350483 0.350484 0.350488 0.350488 0.350494 0.350496 0.350501 0.000000 0.000000
0.000000 0.000000 0.352202 0.352203 0.352197 0.352177 0.352170 0.352153 0.352153 0.352149 0.352152 0.352152 0.352155 0.352155 0.352160 0.352173 0.352180 0.352192 0.352197 0.000000 0.000000
0.000000 0.000000 0.354695 0.354693 0.354689 0.354671 0.354650 0.354622 0.354622 0.354618 0.354619 0.354621 0.354622 0.354620 0.354641 0.354664 0.354674 0.354682 0.354690 0.000000 0.000000
0.000000 0.000000 0.357714 0.357713 0.357710 0.357689 0.357668 0.357638 0.357639 0.357636 0.357636 0.357635 0.357634 0.357638 0.357661 0.357681 0.357696 0.357702 0.357712 0.000000 0.000000
0.000000 0.000000 0.360802 0.360799 0.360791 0.360779 0.360758 0.360729 0.360731 0.360725 0.360723 0.360724 0.360723 0.360722 0.360749 0.360771 0.360785 0.360789 0.360798 0.000000 0.000000
0.000000 0.000000 0.363943 0.363937 0.363934 0.363925 0.363895 0.363867 0.363869 0.363866 0.363862 0.363866 0.363870 0.363866 0.363888 0.363915 0.363930 0.363932 0.363939 0.000000 0.000000
0.000000 0.000000 0.367219 0.367216 0.367214 0.367192 0.367171 0.367141 0.367147 0.367133 0.367133 0.367134 0.367130 0.367138 0.367157 0.367173 0.367190 0.367200 0.367213 0.000000 0.000000
0.000000 0.000000 0.370675 0.370668 0.370658 0.370642 0.370624 0.370587 0.370588 0.370580 0.370589 0.370580 0.370581 0.370584 0.370617 0.370633 0.370645 0.370650 0.370684 0.000000 0.000000
0.000000 0.000000 0.374247 0.374240 0.374236 0.374218 0.374201 0.374125 0.374125 0.374119 0.374103 0.374112 0.374117 0.374123 0.374179 0.374194 0.374221 0.374224 0.374248 0.000000 0.000000
0.000000 0.000000 0.378153 0.378149 0.378138 0.378126 0.378051 0.378033 0.378016 0.378016 0.378011 0.378013 0.378013 0.378010 0.378019 0.378095 0.378117 0.378136 0.378161 0.000000 0.000000
0.000000 0.000000 0.382485 0.382479 0.382462 0.382383 0.382361 0.382317 0.382288 0.382283 0.382269 0.382261 0.382270 0.382264 0.382298 0.382332 0.382444 0.382435 0.382449 0.000000 0.000000
0.000000 0.000000 0.387096 0.387090 0.386985 0.386971 0.386965 0.386938 0.386961 0.386949 0.386958 0.386947 0.386935 0.386956 0.386973 0.386983 0.386969 0.387104 0.387107 0.000000 0.000000
0.000000 0.000000 0.392436 0.392290 0.392247 0.392206 0.392136 0.392102 0.392088 0.392087 0.392055 0.392051 0.392066 0.392059 0.392099 0.392152 0.392236 0.392257 0.392406 0.000000 0.000000
0.000000 0.000000 0.396218 0.396238 0.396370 0.396337 0.396288 0.396154 0.396152 0.396121 0.396144 0.396136 0.396144 0.396149 0.396271 0.396308 0.396391 0.396255 0.396244 0.000000 0.000000
0.000000 0.000000 0.350000 0.350000 0.350000 0.350000 0.350000 0.350000 0.350000 0.350000 0.350000 0.350000 0.350000 0.350000 0.350000 0.350000 0.350000 0.350000 0.350000 0.000000 0.000000
0.000000 0.000000 0.000000 0.000000 0.000000 0.000000 0.000000 0.000000 0.000000 0.000000 0.000000 0.000000 0.000000 0.000000 0.000000 0.000000 0.000000 0.000000 0.000000 0.000000 0.000000