geotop/1.0zi/1.0Montebello/Templates/testdem/maps/_Eocsand6564.asc
ncols         21
nrows         20
xllcorner     100.000000
yllcorner     100.000000
cellsize      50.000000
NODATA_value  -9999.0
0.000000 0.000000 0.000000 0.000000 0.000000 0.000000 0.000000 0.000000 0.000000 0.000000 0.000000 0.000000 0.000000 0.000000 0.000000 0.000000 0.000000 0.000000 0.000000 0.000000 0.000000
0.000000 0.000000 0.300161 0.300159 0.300159 0.300160 0.300159 0.300158 0.300159 0.300159 0.300160 0.300159 0.300159 0.300159 0.300159 0.300159 0.300160 0.300160 0.300160 0.000000 0.000000
0.000000 0.000000 0.300009 0.300010 0.300009 0.300008 0.300009 0.300010 0.300009 0.300009 0.300010 0.300010 0.300009 0.300010 0.300009 0.300010 0.300010 0.300010 0.300011 0.000000 0.000000
0.000000 0.000000 0.299963 0.299962 0.299966 0.299971 0.299969 0.299971 0.299967 0.299970 0.299967 0.299970 0.299969 0.299970 0.299968 0.299963 0.299963 0.299960 0.299960 0.000000 0.000000
0.000000 0.000000 0.298781 0.298775 0.298780 0.298790 0.298807 0.298815 0.298816 0.298816 0.298820 0.298818 0.298820 0.298818 0.298806 0.298803 0.298796 0.298787 0.298776 0.000000 0.000000
0.000000 0.000000 0.295155 0.295152 0.295168 0.295205 0.295226 0.295263 0.295263 0.295273 0.295267 0.295266 0.295261 0.295264 0.295253 0.295230 0.295209 0.295191 0.295180 0.000000 0.000000
0.000000 0.000000 0.289676 0.289680 0.289693 0.289734 0.289783 0.289838 0.289837 0.289845 0.289843 0.289844 0.289845 0.289842 0.289801 0.289756 0.289729 0.289707 0.289692 0.000000 0.000000
0.000000 0.000000 0.283050 0.283049 0.283058 0.283103 0.283150 0.283211 0.283210 0.283216 0.283218 0.283223 0.283224 0.283215 0.283170 0.283127 0.283085 0.283074 0.283052 0.000000 0.000000
0.000000 0.000000 0.276133 0.276141 0.276162 0.276190 0.276239 0.276303 0.276299 0.276313 0.276319 0.276321 0.276318 0.276322 0.276264 0.276210 0.276177 0.276164 0.276145 0.000000 0.000000
0.000000 0.000000 0.269062 0.269072 0.269082 0.269107 0.269175 0.269233 0.269230 0.269237 0.269249 0.269244 0.269233 0.269241 0.269193 0.269133 0.269096 0.269087 0.269072 0.000000 0.000000
0.000000 0.000000 0.261669 0.261675 0.261684 0.261736 0.261783 0.261848 0.261834 0.261867 0.261866 0.261869 0.261876 0.261856 0.261818 0.261781 0.261737 0.261714 0.261684 0.000000 0.000000
0.000000 0.000000 0.253793 0.253808 0.253831 0.253869 0.253915 0.253995 0.253994 0.254008 0.253993 0.254019 0.254011 0.254005 0.253934 0.253898 0.253863 0.253848 0.253773 0.000000 0.000000
0.000000 0.000000 0.245587 0.245604 0.245616 0.245660 0.245701 0.245874 0.245875 0.245888 0.245929 0.245912 0.245898 0.245885 0.245759 0.245721 0.245651 0.245644 0.245593 0.000000 0.000000
0.000000 0.000000 0.236509 0.236515 0.236545 0.236578 0.236758 0.236792 0.236831 0.236832 0.236840 0.236844 0.236842 0.236848 0.236840 0.236652 0.236596 0.236546 0.236492 0.000000 0.000000
0.000000 0.000000 0.226316 0.226326 0.226369 0.226571 0.226620 0.226720 0.226786 0.226796 0.226833 0.226862 0.226836 0.226849 0.226764 0.226699 0.226414 0.226439 0.226411 0.000000 0.000000
0.000000 0.000000 0.215360 0.215371 0.215644 0.215667 0.215681 0.215743 0.215674 0.215709 0.215679 0.215713 0.215743 0.215682 0.215652 0.215632 0.215685 0.215331 0.215326 0.000000 0.000000
0.000000 0.000000 0.202429 0.202813 0.202893 0.203011 0.203205 0.203280 0.203329 0.203324 0.203421 0.203429 0.203381 0.203411 0.203316 0.203172 0.202924 0.202914 0.202516 0.000000 0.000000
0.000000 0.000000 0.193841 0.193722 0.193362 0.193442 0.193543 0.193899 0.193897 0.193979 0.193903 0.193933 0.193914 0.193897 0.193579 0.193505 0.193310 0.193665 0.193758 0.000000 0.000000
0.000000 0.000000 0.300000 0.300000 0.300000 0.300000 0.300000 0.300000 0.300000 0.300000 0.300000 0.300000 0.300000 0.300000 0.300000 0.300000 0.300000 0.300000 0.300000 0.000000 0.000000
0.000000 0.000000 0.000000 0.000000 0.000000 0.000000 0.000000 0.000000 0.000000 0.000000 0.000000 0.000000 0.000000 0.000000 0.000000 0.000000 0.000000 0.000000 0.000000 0.000000 0.000000