geotop/1.0zi/1.0Montebello/Templates/testdem/maps/_Eocclay9076.asc
ncols         21
nrows         20
xllcorner     100.000000
yllcorner     100.000000
cellsize      50.000000
NODATA_value  -9999.0
0.000000 0.000000 0.000000 0.000000 0.000000 0.000000 0.000000 0.000000 0.000000 0.000000 0.000000 0.000000 0.000000 0.000000 0.000000 0.000000 0.000000 0.000000 0.000000 0.000000 0.000000
0.000000 0.000000 0.349573 0.349576 0.349576 0.349575 0.349576 0.349577 0.349576 0.349576 0.349575 0.349576 0.349576 0.349576 0.349576 0.349576 0.349574 0.349574 0.349575 0.000000 0.000000
0.000000 0.000000 0.349982 0.349980 0.349980 0.349983 0.349980 0.349980 0.349981 0.349980 0.349980 0.349980 0.349981 0.349980 0.349981 0.349981 0.349982 0.349981 0.349979 0.000000 0.000000
0.000000 0.000000 0.350022 0.350027 0.350025 0.350022 0.350023 0.350024 0.350028 0.350025 0.350028 0.350026 0.350027 0.350025 0.350027 0.350029 0.350027 0.350026 0.350024 0.000000 0.000000
0.000000 0.000000 0.351246 0.351239 0.351232 0.351222 0.351204 0.351204 0.351200 0.351201 0.351200 0.351202 0.351200 0.351202 0.351212 0.351216 0.351226 0.351227 0.351236 0.000000 0.000000
0.000000 0.000000 0.354735 0.354728 0.354706 0.354676 0.354650 0.354624 0.354628 0.354622 0.354624 0.354622 0.354628 0.354627 0.354640 0.354666 0.354679 0.354688 0.354694 0.000000 0.000000
0.000000 0.000000 0.359409 0.359398 0.359384 0.359355 0.359319 0.359268 0.359269 0.359264 0.359264 0.359265 0.359265 0.359266 0.359308 0.359339 0.359356 0.359365 0.359374 0.000000 0.000000
0.000000 0.000000 0.364952 0.364940 0.364926 0.364890 0.364852 0.364805 0.364807 0.364802 0.364800 0.364797 0.364794 0.364804 0.364843 0.364874 0.364903 0.364907 0.364921 0.000000 0.000000
0.000000 0.000000 0.370940 0.370924 0.370903 0.370878 0.370835 0.370784 0.370790 0.370779 0.370775 0.370772 0.370773 0.370772 0.370823 0.370862 0.370883 0.370888 0.370902 0.000000 0.000000
0.000000 0.000000 0.377451 0.377430 0.377416 0.377389 0.377328 0.377282 0.377284 0.377277 0.377268 0.377273 0.377279 0.377277 0.377319 0.377368 0.377394 0.377399 0.377407 0.000000 0.000000
0.000000 0.000000 0.384732 0.384717 0.384700 0.384640 0.384600 0.384540 0.384556 0.384521 0.384526 0.384521 0.384509 0.384530 0.384575 0.384604 0.384641 0.384652 0.384682 0.000000 0.000000
0.000000 0.000000 0.393051 0.393022 0.392984 0.392952 0.392896 0.392824 0.392822 0.392819 0.392832 0.392803 0.392815 0.392814 0.392893 0.392936 0.392954 0.392961 0.393026 0.000000 0.000000
0.000000 0.000000 0.402297 0.402264 0.402254 0.402188 0.402143 0.401926 0.401926 0.401915 0.401847 0.401887 0.401894 0.401914 0.402081 0.402121 0.402199 0.402196 0.402221 0.000000 0.000000
0.000000 0.000000 0.413577 0.413563 0.413500 0.413460 0.413154 0.413226 0.413169 0.413171 0.413203 0.413170 0.413164 0.413138 0.413075 0.413398 0.413420 0.413490 0.413541 0.000000 0.000000
0.000000 0.000000 0.427021 0.426975 0.426906 0.426504 0.426612 0.426396 0.426326 0.426305 0.426224 0.426186 0.426231 0.426228 0.426436 0.426342 0.426866 0.426744 0.426737 0.000000 0.000000
0.000000 0.000000 0.441063 0.441029 0.440469 0.440715 0.440636 0.440640 0.440879 0.440815 0.440939 0.440911 0.440809 0.440945 0.440902 0.440966 0.440407 0.441229 0.441215 0.000000 0.000000
0.000000 0.000000 0.456646 0.455938 0.456188 0.455869 0.455518 0.455412 0.455172 0.455231 0.454990 0.455018 0.455158 0.455010 0.455201 0.455459 0.456153 0.455592 0.456321 0.000000 0.000000
0.000000 0.000000 0.460652 0.461209 0.461682 0.461675 0.461707 0.461237 0.461328 0.461187 0.461422 0.461374 0.461335 0.461414 0.461800 0.461778 0.461754 0.461382 0.460824 0.000000 0.000000
0.000000 0.000000 0.350000 0.350000 0.350000 0.350000 0.350000 0.350000 0.350000 0.350000 0.350000 0.350000 0.350000 0.350000 0.350000 0.350000 0.350000 0.350000 0.350000 0.000000 0.000000
0.000000 0.000000 0.000000 0.000000 0.000000 0.000000 0.000000 0.000000 0.000000 0.000000 0.000000 0.000000 0.000000 0.000000 0.000000 0.000000 0.000000 0.000000 0.000000 0.000000 0.000000