geotop/1.0zi/1.0Montebello/Templates/testdem/maps/_Eocsilt8475.asc
ncols         21
nrows         20
xllcorner     100.000000
yllcorner     100.000000
cellsize      50.000000
NODATA_value  -9999.0
0.000000 0.000000 0.000000 0.000000 0.000000 0.000000 0.000000 0.000000 0.000000 0.000000 0.000000 0.000000 0.000000 0.000000 0.000000 0.000000 0.000000 0.000000 0.000000 0.000000 0.000000
0.000000 0.000000 0.350176 0.350176 0.350176 0.350177 0.350176 0.350176 0.350176 0.350176 0.350176 0.350176 0.350176 0.350176 0.350176 0.350176 0.350177 0.350176 0.350176 0.000000 0.000000
0.000000 0.000000 0.350006 0.350006 0.350006 0.350005 0.350006 0.350006 0.350006 0.350006 0.350007 0.350007 0.350007 0.350007 0.350006 0.350006 0.350004 0.350004 0.350006 0.000000 0.000000
0.000000 0.000000 0.350102 0.350098 0.350096 0.350090 0.350092 0.350087 0.350089 0.350090 0.350086 0.350089 0.350089 0.350089 0.350091 0.350095 0.350098 0.350098 0.350100 0.000000 0.000000
0.000000 0.000000 0.351073 0.351078 0.351067 0.351056 0.351047 0.351040 0.351039 0.351036 0.351037 0.351039 0.351043 0.351042 0.351054 0.351059 0.351062 0.351072 0.351074 0.000000 0.000000
0.000000 0.000000 0.353906 0.353903 0.353895 0.353876 0.353855 0.353834 0.353831 0.353825 0.353830 0.353831 0.353834 0.353831 0.353845 0.353858 0.353871 0.353878 0.353885 0.000000 0.000000
0.000000 0.000000 0.358002 0.357995 0.357985 0.357956 0.357921 0.357885 0.357886 0.357882 0.357882 0.357882 0.357880 0.357884 0.357916 0.357943 0.357961 0.357976 0.357983 0.000000 0.000000
0.000000 0.000000 0.362849 0.362845 0.362839 0.362808 0.362776 0.362735 0.362735 0.362729 0.362729 0.362727 0.362725 0.362732 0.362767 0.362795 0.362822 0.362828 0.362841 0.000000 0.000000
0.000000 0.000000 0.368085 0.368073 0.368058 0.368037 0.368001 0.367955 0.367957 0.367947 0.367945 0.367944 0.367946 0.367944 0.367989 0.368024 0.368046 0.368057 0.368068 0.000000 0.000000
0.000000 0.000000 0.373640 0.373628 0.373620 0.373600 0.373549 0.373508 0.373508 0.373503 0.373496 0.373501 0.373507 0.373504 0.373542 0.373583 0.373608 0.373617 0.373624 0.000000 0.000000
0.000000 0.000000 0.379693 0.379686 0.379677 0.379630 0.379596 0.379545 0.379558 0.379529 0.379535 0.379533 0.379523 0.379540 0.379577 0.379601 0.379635 0.379651 0.379674 0.000000 0.000000
0.000000 0.000000 0.386462 0.386440 0.386421 0.386395 0.386351 0.386291 0.386285 0.386280 0.386293 0.386272 0.386281 0.386282 0.386347 0.386381 0.386401 0.386415 0.386469 0.000000 0.000000
0.000000 0.000000 0.393827 0.393805 0.393803 0.393756 0.393722 0.393557 0.393553 0.393545 0.393499 0.393526 0.393533 0.393548 0.393676 0.393707 0.393771 0.393775 0.393802 0.000000 0.000000
0.000000 0.000000 0.402538 0.402531 0.402497 0.402466 0.402253 0.402277 0.402235 0.402235 0.402251 0.402235 0.402231 0.402215 0.402191 0.402415 0.402444 0.402503 0.402543 0.000000 0.000000
0.000000 0.000000 0.412840 0.412817 0.412774 0.412500 0.412535 0.412396 0.412337 0.412323 0.412274 0.412244 0.412275 0.412269 0.412404 0.412382 0.412744 0.412683 0.412687 0.000000 0.000000
0.000000 0.000000 0.424034 0.424014 0.423623 0.423746 0.423710 0.423682 0.423833 0.423786 0.423868 0.423843 0.423778 0.423873 0.423873 0.423898 0.423585 0.424158 0.424150 0.000000 0.000000
0.000000 0.000000 0.437558 0.436968 0.437117 0.436883 0.436589 0.436500 0.436329 0.436368 0.436187 0.436207 0.436311 0.436205 0.436358 0.436574 0.437092 0.436734 0.437348 0.000000 0.000000
0.000000 0.000000 0.442064 0.442594 0.443058 0.443060 0.443090 0.442640 0.442720 0.442587 0.442808 0.442764 0.442729 0.442803 0.443176 0.443153 0.443141 0.442787 0.442265 0.000000 0.000000
0.000000 0.000000 0.350000 0.350000 0.350000 0.350000 0.350000 0.350000 0.350000 0.350000 0.350000 0.350000 0.350000 0.350000 0.350000 0.350000 0.350000 0.350000 0.350000 0.000000 0.000000
0.000000 0.000000 0.000000 0.000000 0.000000 0.000000 0.000000 0.000000 0.000000 0.000000 0.000000 0.000000 0.000000 0.000000 0.000000 0.000000 0.000000 0.000000 0.000000 0.000000 0.000000