geotop/1.0zi/1.0Montebello/Templates/testdem/maps/_Eocsilt0438.asc
ncols         21
nrows         20
xllcorner     100.000000
yllcorner     100.000000
cellsize      50.000000
NODATA_value  -9999.0
0.000000 0.000000 0.000000 0.000000 0.000000 0.000000 0.000000 0.000000 0.000000 0.000000 0.000000 0.000000 0.000000 0.000000 0.000000 0.000000 0.000000 0.000000 0.000000 0.000000 0.000000
0.000000 0.000000 0.350008 0.350008 0.350008 0.350008 0.350008 0.350008 0.350008 0.350008 0.350008 0.350008 0.350008 0.350008 0.350008 0.350008 0.350008 0.350008 0.350008 0.000000 0.000000
0.000000 0.000000 0.349998 0.349998 0.349998 0.349998 0.349998 0.349998 0.349998 0.349998 0.349998 0.349998 0.349998 0.349998 0.349998 0.349998 0.349998 0.349998 0.349998 0.000000 0.000000
0.000000 0.000000 0.350271 0.350271 0.350268 0.350271 0.350271 0.350271 0.350271 0.350271 0.350271 0.350271 0.350271 0.350271 0.350271 0.350271 0.350268 0.350271 0.350271 0.000000 0.000000
0.000000 0.000000 0.351050 0.351050 0.351048 0.351050 0.351050 0.351050 0.351050 0.351050 0.351050 0.351050 0.351050 0.351050 0.351050 0.351050 0.351048 0.351050 0.351050 0.000000 0.000000
0.000000 0.000000 0.351847 0.351847 0.351845 0.351847 0.351847 0.351847 0.351847 0.351847 0.351847 0.351847 0.351847 0.351847 0.351847 0.351847 0.351845 0.351847 0.351847 0.000000 0.000000
0.000000 0.000000 0.352563 0.352563 0.352561 0.352563 0.352563 0.352563 0.352563 0.352563 0.352563 0.352563 0.352563 0.352563 0.352563 0.352563 0.352561 0.352563 0.352563 0.000000 0.000000
0.000000 0.000000 0.353224 0.353224 0.353223 0.353224 0.353224 0.353224 0.353224 0.353224 0.353224 0.353224 0.353224 0.353224 0.353224 0.353224 0.353223 0.353224 0.353224 0.000000 0.000000
0.000000 0.000000 0.353847 0.353847 0.353845 0.353847 0.353847 0.353847 0.353847 0.353847 0.353847 0.353847 0.353847 0.353847 0.353847 0.353847 0.353845 0.353847 0.353847 0.000000 0.000000
0.000000 0.000000 0.354447 0.354447 0.354445 0.354447 0.354447 0.354447 0.354447 0.354447 0.354447 0.354447 0.354447 0.354447 0.354447 0.354447 0.354445 0.354447 0.354447 0.000000 0.000000
0.000000 0.000000 0.355029 0.355029 0.355028 0.355029 0.355029 0.355029 0.355029 0.355029 0.355029 0.355029 0.355029 0.355029 0.355029 0.355029 0.355028 0.355029 0.355029 0.000000 0.000000
0.000000 0.000000 0.355599 0.355599 0.355598 0.355599 0.355599 0.355600 0.355600 0.355600 0.355599 0.355600 0.355600 0.355600 0.355599 0.355599 0.355598 0.355599 0.355599 0.000000 0.000000
0.000000 0.000000 0.356159 0.356159 0.356157 0.356158 0.356159 0.356159 0.356159 0.356159 0.356159 0.356159 0.356159 0.356159 0.356159 0.356158 0.356157 0.356159 0.356159 0.000000 0.000000
0.000000 0.000000 0.356708 0.356708 0.356706 0.356708 0.356708 0.356708 0.356708 0.356708 0.356708 0.356708 0.356708 0.356708 0.356708 0.356708 0.356706 0.356708 0.356708 0.000000 0.000000
0.000000 0.000000 0.357250 0.357250 0.357249 0.357250 0.357250 0.357250 0.357250 0.357250 0.357250 0.357250 0.357250 0.357250 0.357250 0.357250 0.357249 0.357250 0.357250 0.000000 0.000000
0.000000 0.000000 0.357791 0.357791 0.357789 0.357790 0.357791 0.357791 0.357791 0.357791 0.357791 0.357791 0.357791 0.357791 0.357791 0.357790 0.357789 0.357791 0.357791 0.000000 0.000000
0.000000 0.000000 0.358325 0.358325 0.358323 0.358325 0.358325 0.358325 0.358325 0.358325 0.358325 0.358325 0.358325 0.358325 0.358325 0.358325 0.358323 0.358325 0.358325 0.000000 0.000000
0.000000 0.000000 0.358874 0.358874 0.358873 0.358874 0.358874 0.358874 0.358874 0.358874 0.358874 0.358874 0.358874 0.358874 0.358874 0.358874 0.358873 0.358874 0.358874 0.000000 0.000000
0.000000 0.000000 0.350000 0.350000 0.350000 0.350000 0.350000 0.350000 0.350000 0.350000 0.350000 0.350000 0.350000 0.350000 0.350000 0.350000 0.350000 0.350000 0.350000 0.000000 0.000000
0.000000 0.000000 0.000000 0.000000 0.000000 0.000000 0.000000 0.000000 0.000000 0.000000 0.000000 0.000000 0.000000 0.000000 0.000000 0.000000 0.000000 0.000000 0.000000 0.000000 0.000000