geotop/1.0zi/1.0Montebello/Templates/testdem/maps/_Eocclay1985.asc
ncols         21
nrows         20
xllcorner     100.000000
yllcorner     100.000000
cellsize      50.000000
NODATA_value  -9999.0
0.000000 0.000000 0.000000 0.000000 0.000000 0.000000 0.000000 0.000000 0.000000 0.000000 0.000000 0.000000 0.000000 0.000000 0.000000 0.000000 0.000000 0.000000 0.000000 0.000000 0.000000
0.000000 0.000000 0.349896 0.349896 0.349896 0.349896 0.349896 0.349896 0.349896 0.349896 0.349896 0.349896 0.349896 0.349896 0.349896 0.349896 0.349896 0.349896 0.349896 0.000000 0.000000
0.000000 0.000000 0.349993 0.349993 0.349993 0.349993 0.349993 0.349993 0.349993 0.349993 0.349993 0.349993 0.349993 0.349993 0.349993 0.349993 0.349993 0.349993 0.349993 0.000000 0.000000
0.000000 0.000000 0.350657 0.350657 0.350655 0.350656 0.350657 0.350657 0.350657 0.350658 0.350657 0.350658 0.350657 0.350657 0.350657 0.350656 0.350655 0.350657 0.350657 0.000000 0.000000
0.000000 0.000000 0.353477 0.353476 0.353474 0.353474 0.353478 0.353477 0.353477 0.353478 0.353478 0.353478 0.353477 0.353477 0.353478 0.353474 0.353474 0.353476 0.353477 0.000000 0.000000
0.000000 0.000000 0.356746 0.356745 0.356744 0.356744 0.356746 0.356745 0.356746 0.356746 0.356747 0.356746 0.356746 0.356745 0.356746 0.356744 0.356744 0.356745 0.356746 0.000000 0.000000
0.000000 0.000000 0.359846 0.359845 0.359844 0.359844 0.359846 0.359845 0.359845 0.359846 0.359846 0.359846 0.359845 0.359845 0.359846 0.359844 0.359844 0.359845 0.359846 0.000000 0.000000
0.000000 0.000000 0.362702 0.362701 0.362700 0.362700 0.362702 0.362701 0.362702 0.362702 0.362702 0.362702 0.362702 0.362701 0.362702 0.362700 0.362700 0.362701 0.362702 0.000000 0.000000
0.000000 0.000000 0.365375 0.365375 0.365374 0.365374 0.365376 0.365375 0.365375 0.365376 0.365376 0.365376 0.365375 0.365375 0.365376 0.365374 0.365374 0.365375 0.365375 0.000000 0.000000
0.000000 0.000000 0.367930 0.367930 0.367929 0.367929 0.367931 0.367930 0.367930 0.367931 0.367931 0.367931 0.367930 0.367930 0.367931 0.367929 0.367929 0.367930 0.367930 0.000000 0.000000
0.000000 0.000000 0.370395 0.370395 0.370393 0.370394 0.370395 0.370395 0.370395 0.370395 0.370395 0.370395 0.370395 0.370395 0.370395 0.370394 0.370393 0.370395 0.370395 0.000000 0.000000
0.000000 0.000000 0.372790 0.372790 0.372789 0.372789 0.372791 0.372790 0.372790 0.372791 0.372791 0.372791 0.372790 0.372790 0.372791 0.372789 0.372789 0.372790 0.372790 0.000000 0.000000
0.000000 0.000000 0.375134 0.375133 0.375132 0.375132 0.375134 0.375133 0.375133 0.375134 0.375134 0.375134 0.375133 0.375133 0.375134 0.375132 0.375132 0.375133 0.375134 0.000000 0.000000
0.000000 0.000000 0.377430 0.377429 0.377428 0.377429 0.377430 0.377429 0.377430 0.377430 0.377430 0.377430 0.377430 0.377429 0.377430 0.377429 0.377428 0.377429 0.377430 0.000000 0.000000
0.000000 0.000000 0.379690 0.379690 0.379688 0.379689 0.379690 0.379690 0.379690 0.379690 0.379690 0.379690 0.379690 0.379690 0.379690 0.379689 0.379688 0.379690 0.379690 0.000000 0.000000
0.000000 0.000000 0.381920 0.381920 0.381919 0.381919 0.381921 0.381920 0.381920 0.381921 0.381921 0.381921 0.381920 0.381920 0.381921 0.381919 0.381919 0.381920 0.381920 0.000000 0.000000
0.000000 0.000000 0.384120 0.384120 0.384119 0.384119 0.384120 0.384120 0.384120 0.384121 0.384121 0.384121 0.384120 0.384120 0.384120 0.384119 0.384119 0.384120 0.384120 0.000000 0.000000
0.000000 0.000000 0.386325 0.386325 0.386324 0.386325 0.386326 0.386325 0.386326 0.386326 0.386326 0.386326 0.386326 0.386325 0.386326 0.386325 0.386324 0.386325 0.386326 0.000000 0.000000
0.000000 0.000000 0.350000 0.350000 0.350000 0.350000 0.350000 0.350000 0.350000 0.350000 0.350000 0.350000 0.350000 0.350000 0.350000 0.350000 0.350000 0.350000 0.350000 0.000000 0.000000
0.000000 0.000000 0.000000 0.000000 0.000000 0.000000 0.000000 0.000000 0.000000 0.000000 0.000000 0.000000 0.000000 0.000000 0.000000 0.000000 0.000000 0.000000 0.000000 0.000000 0.000000