geotop/1.0zi/1.0Montebello/Templates/testdem/maps/_Eocsand0493.asc
ncols         21
nrows         20
xllcorner     100.000000
yllcorner     100.000000
cellsize      50.000000
NODATA_value  -9999.0
0.000000 0.000000 0.000000 0.000000 0.000000 0.000000 0.000000 0.000000 0.000000 0.000000 0.000000 0.000000 0.000000 0.000000 0.000000 0.000000 0.000000 0.000000 0.000000 0.000000 0.000000
0.000000 0.000000 0.300019 0.300019 0.300019 0.300019 0.300019 0.300019 0.300019 0.300019 0.300019 0.300019 0.300019 0.300019 0.300019 0.300019 0.300019 0.300019 0.300019 0.000000 0.000000
0.000000 0.000000 0.300005 0.300006 0.300006 0.300006 0.300005 0.300005 0.300005 0.300005 0.300005 0.300005 0.300005 0.300005 0.300005 0.300006 0.300006 0.300006 0.300005 0.000000 0.000000
0.000000 0.000000 0.299438 0.299438 0.299442 0.299438 0.299437 0.299437 0.299437 0.299437 0.299437 0.299437 0.299437 0.299437 0.299437 0.299438 0.299442 0.299438 0.299438 0.000000 0.000000
0.000000 0.000000 0.297686 0.297686 0.297691 0.297687 0.297686 0.297686 0.297686 0.297686 0.297686 0.297686 0.297686 0.297686 0.297686 0.297687 0.297691 0.297686 0.297686 0.000000 0.000000
0.000000 0.000000 0.295910 0.295910 0.295913 0.295910 0.295910 0.295909 0.295909 0.295909 0.295910 0.295909 0.295909 0.295909 0.295910 0.295910 0.295913 0.295910 0.295910 0.000000 0.000000
0.000000 0.000000 0.294280 0.294280 0.294284 0.294281 0.294280 0.294280 0.294280 0.294280 0.294280 0.294280 0.294280 0.294280 0.294280 0.294281 0.294284 0.294280 0.294280 0.000000 0.000000
0.000000 0.000000 0.292775 0.292775 0.292777 0.292775 0.292774 0.292774 0.292774 0.292774 0.292774 0.292774 0.292774 0.292774 0.292774 0.292775 0.292777 0.292775 0.292775 0.000000 0.000000
0.000000 0.000000 0.291355 0.291355 0.291358 0.291356 0.291355 0.291355 0.291355 0.291355 0.291355 0.291355 0.291355 0.291355 0.291355 0.291356 0.291358 0.291355 0.291355 0.000000 0.000000
0.000000 0.000000 0.289988 0.289988 0.289991 0.289989 0.289988 0.289988 0.289988 0.289988 0.289988 0.289988 0.289988 0.289988 0.289988 0.289989 0.289991 0.289988 0.289988 0.000000 0.000000
0.000000 0.000000 0.288660 0.288660 0.288663 0.288660 0.288660 0.288660 0.288660 0.288660 0.288660 0.288660 0.288660 0.288660 0.288660 0.288660 0.288663 0.288660 0.288660 0.000000 0.000000
0.000000 0.000000 0.287360 0.287360 0.287362 0.287360 0.287360 0.287360 0.287359 0.287360 0.287360 0.287360 0.287359 0.287360 0.287360 0.287360 0.287362 0.287360 0.287360 0.000000 0.000000
0.000000 0.000000 0.286084 0.286084 0.286087 0.286084 0.286084 0.286084 0.286084 0.286084 0.286084 0.286084 0.286084 0.286084 0.286084 0.286084 0.286087 0.286084 0.286084 0.000000 0.000000
0.000000 0.000000 0.284830 0.284830 0.284833 0.284830 0.284830 0.284830 0.284830 0.284830 0.284830 0.284830 0.284830 0.284830 0.284830 0.284830 0.284833 0.284830 0.284830 0.000000 0.000000
0.000000 0.000000 0.283590 0.283590 0.283593 0.283590 0.283590 0.283590 0.283590 0.283590 0.283590 0.283590 0.283590 0.283590 0.283590 0.283590 0.283593 0.283590 0.283590 0.000000 0.000000
0.000000 0.000000 0.282355 0.282355 0.282358 0.282355 0.282355 0.282355 0.282355 0.282355 0.282355 0.282355 0.282355 0.282355 0.282355 0.282355 0.282358 0.282355 0.282355 0.000000 0.000000
0.000000 0.000000 0.281135 0.281135 0.281138 0.281136 0.281135 0.281135 0.281135 0.281135 0.281135 0.281135 0.281135 0.281135 0.281135 0.281136 0.281138 0.281135 0.281135 0.000000 0.000000
0.000000 0.000000 0.279890 0.279889 0.279892 0.279890 0.279889 0.279889 0.279889 0.279889 0.279889 0.279889 0.279889 0.279889 0.279889 0.279890 0.279892 0.279889 0.279889 0.000000 0.000000
0.000000 0.000000 0.300000 0.300000 0.300000 0.300000 0.300000 0.300000 0.300000 0.300000 0.300000 0.300000 0.300000 0.300000 0.300000 0.300000 0.300000 0.300000 0.300000 0.000000 0.000000
0.000000 0.000000 0.000000 0.000000 0.000000 0.000000 0.000000 0.000000 0.000000 0.000000 0.000000 0.000000 0.000000 0.000000 0.000000 0.000000 0.000000 0.000000 0.000000 0.000000 0.000000