geotop/1.0zi/1.0Montebello/Templates/testdem/maps/_Eocclay5867.asc
ncols         21
nrows         20
xllcorner     100.000000
yllcorner     100.000000
cellsize      50.000000
NODATA_value  -9999.0
0.000000 0.000000 0.000000 0.000000 0.000000 0.000000 0.000000 0.000000 0.000000 0.000000 0.000000 0.000000 0.000000 0.000000 0.000000 0.000000 0.000000 0.000000 0.000000 0.000000 0.000000
0.000000 0.000000 0.349737 0.349737 0.349737 0.349738 0.349738 0.349738 0.349737 0.349737 0.349738 0.349738 0.349738 0.349737 0.349738 0.349738 0.349737 0.349737 0.349737 0.000000 0.000000
0.000000 0.000000 0.349989 0.349990 0.349990 0.349989 0.349989 0.349989 0.349989 0.349989 0.349989 0.349989 0.349989 0.349990 0.349989 0.349989 0.349989 0.349989 0.349989 0.000000 0.000000
0.000000 0.000000 0.349987 0.349988 0.349986 0.349987 0.349989 0.349989 0.349989 0.349987 0.349989 0.349988 0.349988 0.349987 0.349989 0.349991 0.349989 0.349990 0.349989 0.000000 0.000000
0.000000 0.000000 0.350485 0.350484 0.350483 0.350479 0.350468 0.350465 0.350466 0.350467 0.350466 0.350467 0.350462 0.350463 0.350467 0.350466 0.350471 0.350474 0.350478 0.000000 0.000000
0.000000 0.000000 0.352122 0.352123 0.352117 0.352097 0.352090 0.352074 0.352074 0.352070 0.352073 0.352073 0.352076 0.352076 0.352081 0.352094 0.352100 0.352111 0.352115 0.000000 0.000000
0.000000 0.000000 0.354528 0.354526 0.354522 0.354505 0.354485 0.354457 0.354457 0.354453 0.354454 0.354456 0.354457 0.354455 0.354476 0.354498 0.354507 0.354516 0.354523 0.000000 0.000000
0.000000 0.000000 0.357456 0.357455 0.357452 0.357432 0.357412 0.357383 0.357383 0.357380 0.357381 0.357380 0.357378 0.357383 0.357405 0.357423 0.357438 0.357444 0.357453 0.000000 0.000000
0.000000 0.000000 0.360436 0.360433 0.360426 0.360415 0.360394 0.360365 0.360367 0.360362 0.360360 0.360361 0.360361 0.360358 0.360385 0.360406 0.360419 0.360423 0.360431 0.000000 0.000000
0.000000 0.000000 0.363462 0.363456 0.363453 0.363445 0.363415 0.363389 0.363391 0.363387 0.363384 0.363388 0.363391 0.363388 0.363409 0.363434 0.363448 0.363451 0.363457 0.000000 0.000000
0.000000 0.000000 0.366609 0.366606 0.366604 0.366583 0.366563 0.366533 0.366539 0.366526 0.366526 0.366527 0.366524 0.366531 0.366549 0.366564 0.366580 0.366589 0.366602 0.000000 0.000000
0.000000 0.000000 0.369919 0.369912 0.369902 0.369887 0.369869 0.369834 0.369836 0.369828 0.369836 0.369827 0.369829 0.369831 0.369862 0.369878 0.369889 0.369893 0.369926 0.000000 0.000000
0.000000 0.000000 0.373330 0.373323 0.373320 0.373302 0.373286 0.373214 0.373214 0.373208 0.373193 0.373202 0.373207 0.373212 0.373265 0.373279 0.373304 0.373307 0.373330 0.000000 0.000000
0.000000 0.000000 0.377046 0.377042 0.377032 0.377021 0.376950 0.376933 0.376917 0.376916 0.376911 0.376913 0.376914 0.376911 0.376920 0.376990 0.377012 0.377029 0.377053 0.000000 0.000000
0.000000 0.000000 0.381154 0.381149 0.381133 0.381059 0.381037 0.380996 0.380968 0.380963 0.380950 0.380943 0.380951 0.380944 0.380976 0.381010 0.381114 0.381105 0.381119 0.000000 0.000000
0.000000 0.000000 0.385510 0.385505 0.385408 0.385392 0.385387 0.385360 0.385381 0.385369 0.385378 0.385368 0.385356 0.385375 0.385391 0.385401 0.385390 0.385515 0.385518 0.000000 0.000000
0.000000 0.000000 0.390527 0.390394 0.390351 0.390312 0.390248 0.390216 0.390204 0.390203 0.390174 0.390171 0.390183 0.390177 0.390213 0.390262 0.390338 0.390363 0.390498 0.000000 0.000000
0.000000 0.000000 0.394138 0.394150 0.394269 0.394238 0.394190 0.394066 0.394063 0.394036 0.394055 0.394048 0.394056 0.394059 0.394172 0.394207 0.394287 0.394163 0.394160 0.000000 0.000000
0.000000 0.000000 0.350000 0.350000 0.350000 0.350000 0.350000 0.350000 0.350000 0.350000 0.350000 0.350000 0.350000 0.350000 0.350000 0.350000 0.350000 0.350000 0.350000 0.000000 0.000000
0.000000 0.000000 0.000000 0.000000 0.000000 0.000000 0.000000 0.000000 0.000000 0.000000 0.000000 0.000000 0.000000 0.000000 0.000000 0.000000 0.000000 0.000000 0.000000 0.000000 0.000000