geotop/1.0zi/1.0Montebello/Templates/testdem/maps/_Eocsilt4285.asc
ncols         21
nrows         20
xllcorner     100.000000
yllcorner     100.000000
cellsize      50.000000
NODATA_value  -9999.0
0.000000 0.000000 0.000000 0.000000 0.000000 0.000000 0.000000 0.000000 0.000000 0.000000 0.000000 0.000000 0.000000 0.000000 0.000000 0.000000 0.000000 0.000000 0.000000 0.000000 0.000000
0.000000 0.000000 0.350088 0.350088 0.350088 0.350088 0.350088 0.350088 0.350088 0.350088 0.350088 0.350088 0.350088 0.350088 0.350088 0.350088 0.350089 0.350088 0.350088 0.000000 0.000000
0.000000 0.000000 0.350002 0.350002 0.350002 0.350003 0.350003 0.350003 0.350003 0.350003 0.350003 0.350003 0.350003 0.350003 0.350003 0.350002 0.350001 0.350001 0.350001 0.000000 0.000000
0.000000 0.000000 0.350032 0.350031 0.350031 0.350027 0.350028 0.350025 0.350027 0.350028 0.350027 0.350027 0.350027 0.350026 0.350028 0.350030 0.350031 0.350033 0.350032 0.000000 0.000000
0.000000 0.000000 0.350380 0.350380 0.350378 0.350379 0.350378 0.350376 0.350374 0.350371 0.350370 0.350373 0.350373 0.350373 0.350375 0.350374 0.350373 0.350378 0.350380 0.000000 0.000000
0.000000 0.000000 0.351483 0.351485 0.351481 0.351476 0.351472 0.351460 0.351459 0.351454 0.351458 0.351460 0.351462 0.351458 0.351460 0.351465 0.351469 0.351469 0.351471 0.000000 0.000000
0.000000 0.000000 0.353186 0.353184 0.353179 0.353165 0.353152 0.353137 0.353139 0.353137 0.353140 0.353138 0.353135 0.353135 0.353145 0.353158 0.353163 0.353167 0.353175 0.000000 0.000000
0.000000 0.000000 0.355165 0.355160 0.355154 0.355139 0.355125 0.355109 0.355111 0.355107 0.355108 0.355108 0.355105 0.355103 0.355119 0.355135 0.355145 0.355147 0.355152 0.000000 0.000000
0.000000 0.000000 0.357165 0.357158 0.357149 0.357138 0.357124 0.357103 0.357105 0.357100 0.357101 0.357102 0.357100 0.357099 0.357115 0.357132 0.357140 0.357144 0.357153 0.000000 0.000000
0.000000 0.000000 0.359151 0.359145 0.359138 0.359125 0.359109 0.359092 0.359094 0.359091 0.359092 0.359092 0.359089 0.359087 0.359103 0.359121 0.359128 0.359131 0.359138 0.000000 0.000000
0.000000 0.000000 0.361148 0.361142 0.361134 0.361124 0.361113 0.361092 0.361094 0.361089 0.361090 0.361091 0.361087 0.361086 0.361100 0.361112 0.361122 0.361126 0.361133 0.000000 0.000000
0.000000 0.000000 0.363210 0.363203 0.363194 0.363180 0.363167 0.363146 0.363146 0.363143 0.363144 0.363144 0.363142 0.363140 0.363158 0.363174 0.363182 0.363186 0.363209 0.000000 0.000000
0.000000 0.000000 0.365295 0.365288 0.365279 0.365268 0.365252 0.365210 0.365211 0.365207 0.365206 0.365207 0.365203 0.365202 0.365238 0.365256 0.365265 0.365268 0.365283 0.000000 0.000000
0.000000 0.000000 0.367495 0.367485 0.367477 0.367465 0.367423 0.367411 0.367405 0.367401 0.367402 0.367403 0.367398 0.367397 0.367408 0.367451 0.367460 0.367469 0.367478 0.000000 0.000000
0.000000 0.000000 0.369859 0.369850 0.369833 0.369794 0.369773 0.369747 0.369734 0.369729 0.369723 0.369723 0.369723 0.369717 0.369736 0.369767 0.369813 0.369812 0.369820 0.000000 0.000000
0.000000 0.000000 0.372293 0.372283 0.372233 0.372222 0.372209 0.372196 0.372194 0.372192 0.372195 0.372194 0.372186 0.372192 0.372198 0.372212 0.372214 0.372262 0.372276 0.000000 0.000000
0.000000 0.000000 0.374986 0.374924 0.374879 0.374859 0.374829 0.374812 0.374808 0.374806 0.374799 0.374800 0.374799 0.374792 0.374803 0.374839 0.374862 0.374888 0.374948 0.000000 0.000000
0.000000 0.000000 0.377103 0.377084 0.377113 0.377087 0.377060 0.377003 0.376998 0.376992 0.376994 0.376994 0.376988 0.376990 0.377039 0.377071 0.377107 0.377059 0.377086 0.000000 0.000000
0.000000 0.000000 0.350000 0.350000 0.350000 0.350000 0.350000 0.350000 0.350000 0.350000 0.350000 0.350000 0.350000 0.350000 0.350000 0.350000 0.350000 0.350000 0.350000 0.000000 0.000000
0.000000 0.000000 0.000000 0.000000 0.000000 0.000000 0.000000 0.000000 0.000000 0.000000 0.000000 0.000000 0.000000 0.000000 0.000000 0.000000 0.000000 0.000000 0.000000 0.000000 0.000000