geotop/1.0zi/1.0Montebello/Templates/testdem/maps/_Eocclay6222.asc
ncols         21
nrows         20
xllcorner     100.000000
yllcorner     100.000000
cellsize      50.000000
NODATA_value  -9999.0
0.000000 0.000000 0.000000 0.000000 0.000000 0.000000 0.000000 0.000000 0.000000 0.000000 0.000000 0.000000 0.000000 0.000000 0.000000 0.000000 0.000000 0.000000 0.000000 0.000000 0.000000
0.000000 0.000000 0.349727 0.349728 0.349728 0.349727 0.349728 0.349728 0.349728 0.349728 0.349727 0.349728 0.349728 0.349728 0.349728 0.349728 0.349726 0.349726 0.349728 0.000000 0.000000
0.000000 0.000000 0.349989 0.349989 0.349989 0.349990 0.349988 0.349988 0.349988 0.349988 0.349988 0.349988 0.349989 0.349987 0.349989 0.349989 0.349990 0.349990 0.349987 0.000000 0.000000
0.000000 0.000000 0.349981 0.349985 0.349982 0.349982 0.349984 0.349984 0.349985 0.349982 0.349986 0.349984 0.349984 0.349984 0.349983 0.349985 0.349984 0.349985 0.349985 0.000000 0.000000
0.000000 0.000000 0.350545 0.350544 0.350542 0.350539 0.350526 0.350524 0.350524 0.350526 0.350524 0.350523 0.350518 0.350520 0.350526 0.350526 0.350531 0.350533 0.350540 0.000000 0.000000
0.000000 0.000000 0.352292 0.352292 0.352286 0.352264 0.352257 0.352238 0.352239 0.352234 0.352237 0.352238 0.352242 0.352242 0.352246 0.352260 0.352269 0.352280 0.352285 0.000000 0.000000
0.000000 0.000000 0.354902 0.354900 0.354895 0.354877 0.354855 0.354826 0.354826 0.354821 0.354823 0.354825 0.354825 0.354824 0.354846 0.354869 0.354880 0.354889 0.354897 0.000000 0.000000
0.000000 0.000000 0.358049 0.358048 0.358044 0.358022 0.358000 0.357969 0.357969 0.357966 0.357966 0.357966 0.357964 0.357969 0.357994 0.358014 0.358030 0.358036 0.358047 0.000000 0.000000
0.000000 0.000000 0.361282 0.361278 0.361269 0.361257 0.361235 0.361205 0.361207 0.361200 0.361198 0.361198 0.361198 0.361197 0.361226 0.361249 0.361264 0.361268 0.361278 0.000000 0.000000
0.000000 0.000000 0.364580 0.364574 0.364571 0.364560 0.364528 0.364500 0.364502 0.364498 0.364494 0.364498 0.364502 0.364498 0.364523 0.364550 0.364566 0.364569 0.364577 0.000000 0.000000
0.000000 0.000000 0.368029 0.368025 0.368022 0.367999 0.367978 0.367946 0.367953 0.367937 0.367937 0.367939 0.367934 0.367944 0.367964 0.367980 0.367998 0.368009 0.368023 0.000000 0.000000
0.000000 0.000000 0.371679 0.371672 0.371662 0.371644 0.371624 0.371586 0.371587 0.371579 0.371587 0.371578 0.371579 0.371582 0.371618 0.371635 0.371647 0.371653 0.371689 0.000000 0.000000
0.000000 0.000000 0.375465 0.375456 0.375452 0.375432 0.375414 0.375334 0.375334 0.375327 0.375310 0.375319 0.375325 0.375331 0.375391 0.375407 0.375437 0.375440 0.375465 0.000000 0.000000
0.000000 0.000000 0.379620 0.379614 0.379602 0.379588 0.379509 0.379491 0.379472 0.379472 0.379466 0.379469 0.379468 0.379465 0.379476 0.379558 0.379582 0.379602 0.379628 0.000000 0.000000
0.000000 0.000000 0.384248 0.384242 0.384224 0.384137 0.384114 0.384067 0.384036 0.384031 0.384015 0.384005 0.384016 0.384011 0.384049 0.384083 0.384204 0.384194 0.384209 0.000000 0.000000
0.000000 0.000000 0.389194 0.389188 0.389071 0.389058 0.389052 0.389023 0.389050 0.389035 0.389048 0.389034 0.389020 0.389046 0.389065 0.389074 0.389055 0.389205 0.389208 0.000000 0.000000
0.000000 0.000000 0.394967 0.394803 0.394760 0.394712 0.394633 0.394598 0.394580 0.394581 0.394542 0.394540 0.394557 0.394547 0.394591 0.394652 0.394748 0.394765 0.394933 0.000000 0.000000
0.000000 0.000000 0.398961 0.398993 0.399144 0.399110 0.399061 0.398910 0.398908 0.398874 0.398903 0.398893 0.398901 0.398907 0.399046 0.399082 0.399169 0.399017 0.398994 0.000000 0.000000
0.000000 0.000000 0.350000 0.350000 0.350000 0.350000 0.350000 0.350000 0.350000 0.350000 0.350000 0.350000 0.350000 0.350000 0.350000 0.350000 0.350000 0.350000 0.350000 0.000000 0.000000
0.000000 0.000000 0.000000 0.000000 0.000000 0.000000 0.000000 0.000000 0.000000 0.000000 0.000000 0.000000 0.000000 0.000000 0.000000 0.000000 0.000000 0.000000 0.000000 0.000000 0.000000