geotop/1.0zi/1.0Montebello/Templates/testdem/maps/_Eocsilt3868.asc
ncols         21
nrows         20
xllcorner     100.000000
yllcorner     100.000000
cellsize      50.000000
NODATA_value  -9999.0
0.000000 0.000000 0.000000 0.000000 0.000000 0.000000 0.000000 0.000000 0.000000 0.000000 0.000000 0.000000 0.000000 0.000000 0.000000 0.000000 0.000000 0.000000 0.000000 0.000000 0.000000
0.000000 0.000000 0.350078 0.350078 0.350078 0.350078 0.350078 0.350078 0.350078 0.350078 0.350078 0.350078 0.350078 0.350078 0.350078 0.350078 0.350078 0.350078 0.350078 0.000000 0.000000
0.000000 0.000000 0.350001 0.350002 0.350002 0.350002 0.350003 0.350003 0.350003 0.350003 0.350003 0.350003 0.350003 0.350003 0.350002 0.350002 0.350001 0.350001 0.350001 0.000000 0.000000
0.000000 0.000000 0.350032 0.350031 0.350031 0.350027 0.350029 0.350026 0.350028 0.350029 0.350028 0.350028 0.350028 0.350027 0.350028 0.350030 0.350031 0.350032 0.350032 0.000000 0.000000
0.000000 0.000000 0.350374 0.350378 0.350374 0.350377 0.350375 0.350373 0.350372 0.350369 0.350369 0.350370 0.350372 0.350372 0.350372 0.350371 0.350370 0.350375 0.350377 0.000000 0.000000
0.000000 0.000000 0.351425 0.351426 0.351422 0.351415 0.351409 0.351395 0.351395 0.351391 0.351394 0.351396 0.351396 0.351398 0.351405 0.351411 0.351413 0.351412 0.351413 0.000000 0.000000
0.000000 0.000000 0.352975 0.352977 0.352974 0.352959 0.352942 0.352926 0.352927 0.352924 0.352927 0.352927 0.352928 0.352932 0.352947 0.352961 0.352963 0.352966 0.352972 0.000000 0.000000
0.000000 0.000000 0.354759 0.354757 0.354752 0.354736 0.354717 0.354699 0.354700 0.354697 0.354698 0.354697 0.354698 0.354703 0.354724 0.354740 0.354748 0.354748 0.354753 0.000000 0.000000
0.000000 0.000000 0.356553 0.356549 0.356542 0.356529 0.356511 0.356489 0.356489 0.356486 0.356486 0.356487 0.356489 0.356495 0.356514 0.356531 0.356537 0.356540 0.356547 0.000000 0.000000
0.000000 0.000000 0.358330 0.358327 0.358321 0.358308 0.358287 0.358268 0.358270 0.358267 0.358267 0.358268 0.358269 0.358273 0.358294 0.358311 0.358316 0.358318 0.358323 0.000000 0.000000
0.000000 0.000000 0.360108 0.360106 0.360099 0.360088 0.360072 0.360049 0.360051 0.360046 0.360046 0.360048 0.360049 0.360053 0.360072 0.360084 0.360091 0.360094 0.360100 0.000000 0.000000
0.000000 0.000000 0.361936 0.361933 0.361925 0.361910 0.361893 0.361871 0.361870 0.361867 0.361868 0.361867 0.361870 0.361874 0.361897 0.361912 0.361919 0.361920 0.361941 0.000000 0.000000
0.000000 0.000000 0.363774 0.363771 0.363763 0.363750 0.363730 0.363689 0.363689 0.363685 0.363685 0.363686 0.363687 0.363693 0.363730 0.363747 0.363753 0.363756 0.363769 0.000000 0.000000
0.000000 0.000000 0.365703 0.365697 0.365690 0.365677 0.365634 0.365620 0.365614 0.365611 0.365612 0.365612 0.365613 0.365618 0.365634 0.365672 0.365679 0.365686 0.365693 0.000000 0.000000
0.000000 0.000000 0.367764 0.367760 0.367745 0.367710 0.367686 0.367659 0.367646 0.367641 0.367637 0.367636 0.367641 0.367642 0.367665 0.367693 0.367732 0.367729 0.367735 0.000000 0.000000
0.000000 0.000000 0.369872 0.369868 0.369826 0.369815 0.369797 0.369781 0.369778 0.369776 0.369778 0.369778 0.369776 0.369788 0.369799 0.369812 0.369813 0.369852 0.369862 0.000000 0.000000
0.000000 0.000000 0.372191 0.372144 0.372106 0.372087 0.372055 0.372038 0.372034 0.372031 0.372026 0.372027 0.372031 0.372033 0.372047 0.372078 0.372095 0.372117 0.372165 0.000000 0.000000
0.000000 0.000000 0.374036 0.374022 0.374046 0.374022 0.373992 0.373941 0.373935 0.373930 0.373931 0.373931 0.373932 0.373941 0.373988 0.374016 0.374045 0.374002 0.374026 0.000000 0.000000
0.000000 0.000000 0.350000 0.350000 0.350000 0.350000 0.350000 0.350000 0.350000 0.350000 0.350000 0.350000 0.350000 0.350000 0.350000 0.350000 0.350000 0.350000 0.350000 0.000000 0.000000
0.000000 0.000000 0.000000 0.000000 0.000000 0.000000 0.000000 0.000000 0.000000 0.000000 0.000000 0.000000 0.000000 0.000000 0.000000 0.000000 0.000000 0.000000 0.000000 0.000000 0.000000