geotop/1.0zi/1.0Montebello/Templates/testdem/maps/_Eocsilt9714.asc
ncols         21
nrows         20
xllcorner     100.000000
yllcorner     100.000000
cellsize      50.000000
NODATA_value  -9999.0
0.000000 0.000000 0.000000 0.000000 0.000000 0.000000 0.000000 0.000000 0.000000 0.000000 0.000000 0.000000 0.000000 0.000000 0.000000 0.000000 0.000000 0.000000 0.000000 0.000000 0.000000
0.000000 0.000000 0.350207 0.350207 0.350207 0.350207 0.350206 0.350206 0.350207 0.350206 0.350207 0.350206 0.350206 0.350206 0.350206 0.350207 0.350207 0.350207 0.350207 0.000000 0.000000
0.000000 0.000000 0.350008 0.350008 0.350008 0.350007 0.350009 0.350008 0.350008 0.350008 0.350009 0.350008 0.350009 0.350009 0.350008 0.350007 0.350006 0.350006 0.350007 0.000000 0.000000
0.000000 0.000000 0.350150 0.350147 0.350141 0.350137 0.350137 0.350131 0.350135 0.350136 0.350133 0.350136 0.350137 0.350137 0.350139 0.350142 0.350148 0.350149 0.350150 0.000000 0.000000
0.000000 0.000000 0.351496 0.351502 0.351492 0.351472 0.351462 0.351455 0.351458 0.351455 0.351454 0.351457 0.351463 0.351461 0.351475 0.351484 0.351488 0.351494 0.351497 0.000000 0.000000
0.000000 0.000000 0.355154 0.355149 0.355135 0.355109 0.355076 0.355050 0.355048 0.355043 0.355044 0.355045 0.355050 0.355047 0.355064 0.355088 0.355100 0.355108 0.355114 0.000000 0.000000
0.000000 0.000000 0.360293 0.360282 0.360266 0.360229 0.360187 0.360134 0.360136 0.360132 0.360127 0.360126 0.360125 0.360129 0.360172 0.360204 0.360225 0.360241 0.360248 0.000000 0.000000
0.000000 0.000000 0.366384 0.366371 0.366357 0.366314 0.366269 0.366221 0.366222 0.366215 0.366209 0.366206 0.366205 0.366213 0.366254 0.366291 0.366325 0.366330 0.366345 0.000000 0.000000
0.000000 0.000000 0.373093 0.373074 0.373050 0.373016 0.372965 0.372905 0.372910 0.372898 0.372890 0.372888 0.372892 0.372889 0.372948 0.372992 0.373018 0.373030 0.373042 0.000000 0.000000
0.000000 0.000000 0.380472 0.380447 0.380428 0.380392 0.380336 0.380274 0.380276 0.380267 0.380254 0.380259 0.380267 0.380264 0.380311 0.380368 0.380398 0.380409 0.380415 0.000000 0.000000
0.000000 0.000000 0.388826 0.388805 0.388787 0.388706 0.388680 0.388598 0.388615 0.388574 0.388577 0.388571 0.388558 0.388581 0.388633 0.388669 0.388710 0.388725 0.388761 0.000000 0.000000
0.000000 0.000000 0.398553 0.398509 0.398461 0.398423 0.398379 0.398275 0.398273 0.398267 0.398279 0.398244 0.398261 0.398256 0.398350 0.398404 0.398426 0.398440 0.398512 0.000000 0.000000
0.000000 0.000000 0.409477 0.409437 0.409425 0.409349 0.409296 0.409024 0.409019 0.409002 0.408906 0.408964 0.408970 0.408994 0.409196 0.409243 0.409342 0.409347 0.409366 0.000000 0.000000
0.000000 0.000000 0.422927 0.422908 0.422822 0.422768 0.422392 0.422521 0.422440 0.422440 0.422488 0.422437 0.422428 0.422390 0.422270 0.422683 0.422700 0.422796 0.422854 0.000000 0.000000
0.000000 0.000000 0.438086 0.438043 0.437967 0.437490 0.437686 0.437389 0.437322 0.437290 0.437182 0.437145 0.437200 0.437203 0.437464 0.437275 0.437898 0.437753 0.437731 0.000000 0.000000
0.000000 0.000000 0.451458 0.451433 0.450932 0.451187 0.451098 0.451116 0.451334 0.451275 0.451391 0.451371 0.451277 0.451395 0.451328 0.451411 0.450855 0.451616 0.451605 0.000000 0.000000
0.000000 0.000000 0.462441 0.462113 0.462173 0.462047 0.461869 0.461814 0.461723 0.461743 0.461640 0.461651 0.461709 0.461652 0.461740 0.461873 0.462142 0.461968 0.462310 0.000000 0.000000
0.000000 0.000000 0.467705 0.467623 0.467807 0.467708 0.467603 0.467449 0.467407 0.467386 0.467376 0.467372 0.467402 0.467381 0.467534 0.467612 0.467805 0.467562 0.467649 0.000000 0.000000
0.000000 0.000000 0.350000 0.350000 0.350000 0.350000 0.350000 0.350000 0.350000 0.350000 0.350000 0.350000 0.350000 0.350000 0.350000 0.350000 0.350000 0.350000 0.350000 0.000000 0.000000
0.000000 0.000000 0.000000 0.000000 0.000000 0.000000 0.000000 0.000000 0.000000 0.000000 0.000000 0.000000 0.000000 0.000000 0.000000 0.000000 0.000000 0.000000 0.000000 0.000000 0.000000