geotop/1.0zi/1.0Montebello/Templates/testdem/maps/_Eocsand6207.asc
ncols         21
nrows         20
xllcorner     100.000000
yllcorner     100.000000
cellsize      50.000000
NODATA_value  -9999.0
0.000000 0.000000 0.000000 0.000000 0.000000 0.000000 0.000000 0.000000 0.000000 0.000000 0.000000 0.000000 0.000000 0.000000 0.000000 0.000000 0.000000 0.000000 0.000000 0.000000 0.000000
0.000000 0.000000 0.300152 0.300152 0.300151 0.300152 0.300151 0.300151 0.300151 0.300151 0.300152 0.300151 0.300151 0.300152 0.300151 0.300151 0.300152 0.300153 0.300152 0.000000 0.000000
0.000000 0.000000 0.300009 0.300008 0.300008 0.300007 0.300008 0.300008 0.300008 0.300008 0.300008 0.300008 0.300007 0.300008 0.300008 0.300008 0.300009 0.300009 0.300010 0.000000 0.000000
0.000000 0.000000 0.299972 0.299970 0.299973 0.299978 0.299975 0.299977 0.299974 0.299976 0.299973 0.299976 0.299976 0.299976 0.299974 0.299969 0.299970 0.299967 0.299969 0.000000 0.000000
0.000000 0.000000 0.298901 0.298898 0.298901 0.298908 0.298923 0.298931 0.298932 0.298932 0.298936 0.298936 0.298938 0.298936 0.298924 0.298922 0.298918 0.298906 0.298896 0.000000 0.000000
0.000000 0.000000 0.295534 0.295532 0.295544 0.295580 0.295598 0.295633 0.295635 0.295644 0.295636 0.295633 0.295628 0.295631 0.295620 0.295599 0.295581 0.295566 0.295556 0.000000 0.000000
0.000000 0.000000 0.290449 0.290454 0.290465 0.290503 0.290547 0.290600 0.290599 0.290606 0.290603 0.290602 0.290604 0.290601 0.290560 0.290516 0.290496 0.290476 0.290461 0.000000 0.000000
0.000000 0.000000 0.284271 0.284271 0.284277 0.284317 0.284361 0.284419 0.284419 0.284425 0.284425 0.284427 0.284430 0.284421 0.284375 0.284333 0.284300 0.284290 0.284269 0.000000 0.000000
0.000000 0.000000 0.277851 0.277860 0.277878 0.277903 0.277946 0.278008 0.278005 0.278017 0.278022 0.278020 0.278020 0.278023 0.277964 0.277919 0.277889 0.277878 0.277859 0.000000 0.000000
0.000000 0.000000 0.271334 0.271345 0.271353 0.271372 0.271434 0.271490 0.271487 0.271494 0.271503 0.271495 0.271487 0.271493 0.271446 0.271393 0.271361 0.271355 0.271341 0.000000 0.000000
0.000000 0.000000 0.264563 0.264570 0.264575 0.264622 0.264664 0.264726 0.264713 0.264742 0.264742 0.264740 0.264748 0.264731 0.264691 0.264657 0.264622 0.264602 0.264574 0.000000 0.000000
0.000000 0.000000 0.257401 0.257417 0.257438 0.257471 0.257509 0.257583 0.257582 0.257598 0.257581 0.257600 0.257596 0.257589 0.257520 0.257486 0.257461 0.257450 0.257379 0.000000 0.000000
0.000000 0.000000 0.249998 0.250012 0.250020 0.250059 0.250094 0.250249 0.250250 0.250263 0.250297 0.250279 0.250268 0.250255 0.250138 0.250106 0.250050 0.250043 0.249994 0.000000 0.000000
0.000000 0.000000 0.241885 0.241895 0.241918 0.241943 0.242100 0.242133 0.242169 0.242170 0.242180 0.242177 0.242177 0.242181 0.242162 0.242004 0.241958 0.241917 0.241867 0.000000 0.000000
0.000000 0.000000 0.232858 0.232871 0.232907 0.233075 0.233118 0.233211 0.233270 0.233280 0.233311 0.233329 0.233310 0.233321 0.233245 0.233177 0.232941 0.232962 0.232932 0.000000 0.000000
0.000000 0.000000 0.223220 0.223232 0.223457 0.223484 0.223495 0.223550 0.223500 0.223526 0.223505 0.223528 0.223556 0.223508 0.223472 0.223452 0.223488 0.223197 0.223191 0.000000 0.000000
0.000000 0.000000 0.212002 0.212317 0.212401 0.212491 0.212640 0.212711 0.212746 0.212747 0.212818 0.212825 0.212792 0.212807 0.212720 0.212606 0.212421 0.212388 0.212066 0.000000 0.000000
0.000000 0.000000 0.204198 0.204140 0.203851 0.203919 0.204017 0.204304 0.204307 0.204374 0.204320 0.204338 0.204322 0.204310 0.204046 0.203973 0.203802 0.204096 0.204134 0.000000 0.000000
0.000000 0.000000 0.300000 0.300000 0.300000 0.300000 0.300000 0.300000 0.300000 0.300000 0.300000 0.300000 0.300000 0.300000 0.300000 0.300000 0.300000 0.300000 0.300000 0.000000 0.000000
0.000000 0.000000 0.000000 0.000000 0.000000 0.000000 0.000000 0.000000 0.000000 0.000000 0.000000 0.000000 0.000000 0.000000 0.000000 0.000000 0.000000 0.000000 0.000000 0.000000 0.000000