geotop/1.0zi/1.0Montebello/Templates/testdem/maps/_Eocclay2007.asc
ncols         21
nrows         20
xllcorner     100.000000
yllcorner     100.000000
cellsize      50.000000
NODATA_value  -9999.0
0.000000 0.000000 0.000000 0.000000 0.000000 0.000000 0.000000 0.000000 0.000000 0.000000 0.000000 0.000000 0.000000 0.000000 0.000000 0.000000 0.000000 0.000000 0.000000 0.000000 0.000000
0.000000 0.000000 0.349896 0.349896 0.349896 0.349896 0.349896 0.349896 0.349896 0.349896 0.349896 0.349896 0.349896 0.349896 0.349896 0.349896 0.349896 0.349896 0.349896 0.000000 0.000000
0.000000 0.000000 0.349993 0.349993 0.349993 0.349993 0.349993 0.349993 0.349993 0.349993 0.349993 0.349993 0.349993 0.349993 0.349993 0.349993 0.349993 0.349993 0.349993 0.000000 0.000000
0.000000 0.000000 0.350657 0.350657 0.350655 0.350656 0.350657 0.350657 0.350657 0.350657 0.350657 0.350657 0.350657 0.350657 0.350657 0.350656 0.350655 0.350657 0.350657 0.000000 0.000000
0.000000 0.000000 0.353480 0.353479 0.353477 0.353477 0.353481 0.353480 0.353480 0.353481 0.353481 0.353481 0.353480 0.353480 0.353481 0.353477 0.353477 0.353479 0.353480 0.000000 0.000000
0.000000 0.000000 0.356764 0.356764 0.356762 0.356762 0.356765 0.356764 0.356764 0.356765 0.356765 0.356765 0.356764 0.356764 0.356765 0.356762 0.356762 0.356764 0.356764 0.000000 0.000000
0.000000 0.000000 0.359887 0.359887 0.359885 0.359885 0.359888 0.359887 0.359887 0.359888 0.359888 0.359888 0.359887 0.359887 0.359888 0.359885 0.359885 0.359887 0.359887 0.000000 0.000000
0.000000 0.000000 0.362766 0.362766 0.362765 0.362765 0.362767 0.362766 0.362766 0.362767 0.362767 0.362767 0.362766 0.362766 0.362767 0.362765 0.362765 0.362766 0.362766 0.000000 0.000000
0.000000 0.000000 0.365462 0.365462 0.365461 0.365461 0.365463 0.365462 0.365462 0.365463 0.365463 0.365463 0.365462 0.365462 0.365463 0.365461 0.365461 0.365462 0.365462 0.000000 0.000000
0.000000 0.000000 0.368039 0.368039 0.368038 0.368038 0.368040 0.368039 0.368039 0.368040 0.368040 0.368040 0.368039 0.368039 0.368040 0.368038 0.368038 0.368039 0.368039 0.000000 0.000000
0.000000 0.000000 0.370525 0.370525 0.370523 0.370524 0.370525 0.370525 0.370525 0.370525 0.370526 0.370525 0.370525 0.370525 0.370525 0.370524 0.370523 0.370525 0.370525 0.000000 0.000000
0.000000 0.000000 0.372941 0.372941 0.372940 0.372940 0.372942 0.372941 0.372941 0.372942 0.372942 0.372942 0.372941 0.372941 0.372942 0.372940 0.372940 0.372941 0.372941 0.000000 0.000000
0.000000 0.000000 0.375305 0.375304 0.375303 0.375303 0.375305 0.375304 0.375304 0.375305 0.375305 0.375305 0.375304 0.375304 0.375305 0.375303 0.375303 0.375304 0.375305 0.000000 0.000000
0.000000 0.000000 0.377620 0.377620 0.377619 0.377619 0.377621 0.377620 0.377620 0.377621 0.377621 0.377621 0.377620 0.377620 0.377621 0.377619 0.377619 0.377620 0.377620 0.000000 0.000000
0.000000 0.000000 0.379900 0.379900 0.379898 0.379899 0.379900 0.379900 0.379900 0.379900 0.379901 0.379900 0.379900 0.379900 0.379900 0.379899 0.379898 0.379900 0.379900 0.000000 0.000000
0.000000 0.000000 0.382149 0.382149 0.382148 0.382148 0.382150 0.382149 0.382149 0.382150 0.382150 0.382150 0.382149 0.382149 0.382150 0.382148 0.382148 0.382149 0.382149 0.000000 0.000000
0.000000 0.000000 0.384368 0.384368 0.384366 0.384367 0.384368 0.384368 0.384368 0.384368 0.384368 0.384368 0.384368 0.384368 0.384368 0.384367 0.384366 0.384368 0.384368 0.000000 0.000000
0.000000 0.000000 0.386589 0.386589 0.386588 0.386589 0.386590 0.386589 0.386590 0.386590 0.386590 0.386590 0.386590 0.386589 0.386590 0.386589 0.386588 0.386589 0.386590 0.000000 0.000000
0.000000 0.000000 0.350000 0.350000 0.350000 0.350000 0.350000 0.350000 0.350000 0.350000 0.350000 0.350000 0.350000 0.350000 0.350000 0.350000 0.350000 0.350000 0.350000 0.000000 0.000000
0.000000 0.000000 0.000000 0.000000 0.000000 0.000000 0.000000 0.000000 0.000000 0.000000 0.000000 0.000000 0.000000 0.000000 0.000000 0.000000 0.000000 0.000000 0.000000 0.000000 0.000000