geotop/1.0zi/1.0Montebello/Templates/testdem/maps/_Eocclay190l.asc
ncols         21
nrows         20
xllcorner     100.000000
yllcorner     100.000000
cellsize      50.000000
NODATA_value  -9999.0
0.000000 0.000000 0.000000 0.000000 0.000000 0.000000 0.000000 0.000000 0.000000 0.000000 0.000000 0.000000 0.000000 0.000000 0.000000 0.000000 0.000000 0.000000 0.000000 0.000000 0.000000
0.000000 0.000000 0.349429 0.349432 0.349432 0.349431 0.349433 0.349434 0.349433 0.349433 0.349432 0.349433 0.349433 0.349433 0.349433 0.349433 0.349431 0.349431 0.349432 0.000000 0.000000
0.000000 0.000000 0.349973 0.349972 0.349972 0.349974 0.349971 0.349971 0.349972 0.349971 0.349971 0.349972 0.349972 0.349971 0.349972 0.349973 0.349973 0.349973 0.349972 0.000000 0.000000
0.000000 0.000000 0.350126 0.350136 0.350130 0.350127 0.350132 0.350132 0.350133 0.350129 0.350131 0.350128 0.350128 0.350130 0.350131 0.350135 0.350133 0.350132 0.350132 0.000000 0.000000
0.000000 0.000000 0.352329 0.352313 0.352304 0.352285 0.352261 0.352253 0.352248 0.352248 0.352245 0.352253 0.352254 0.352252 0.352260 0.352268 0.352283 0.352295 0.352301 0.000000 0.000000
0.000000 0.000000 0.357801 0.357790 0.357760 0.357713 0.357676 0.357637 0.357638 0.357630 0.357627 0.357629 0.357635 0.357631 0.357648 0.357689 0.357708 0.357727 0.357731 0.000000 0.000000
0.000000 0.000000 0.365071 0.365053 0.365028 0.364978 0.364929 0.364847 0.364840 0.364830 0.364830 0.364831 0.364830 0.364829 0.364887 0.364933 0.364959 0.364982 0.364987 0.000000 0.000000
0.000000 0.000000 0.373966 0.373944 0.373915 0.373844 0.373788 0.373713 0.373703 0.373692 0.373687 0.373686 0.373682 0.373691 0.373741 0.373792 0.373837 0.373852 0.373866 0.000000 0.000000
0.000000 0.000000 0.384279 0.384247 0.384203 0.384145 0.384077 0.383981 0.383975 0.383952 0.383950 0.383942 0.383944 0.383936 0.384014 0.384080 0.384116 0.384141 0.384152 0.000000 0.000000
0.000000 0.000000 0.396561 0.396510 0.396460 0.396401 0.396316 0.396212 0.396192 0.396178 0.396165 0.396170 0.396186 0.396177 0.396237 0.396328 0.396376 0.396404 0.396405 0.000000 0.000000
0.000000 0.000000 0.411722 0.411670 0.411631 0.411465 0.411432 0.411276 0.411302 0.411216 0.411242 0.411222 0.411184 0.411224 0.411306 0.411357 0.411432 0.411466 0.411527 0.000000 0.000000
0.000000 0.000000 0.430554 0.430448 0.430326 0.430274 0.430189 0.429986 0.429946 0.429957 0.429986 0.429917 0.429949 0.429917 0.430083 0.430193 0.430221 0.430258 0.430374 0.000000 0.000000
0.000000 0.000000 0.450421 0.450341 0.450340 0.450182 0.450084 0.449577 0.449533 0.449486 0.449290 0.449442 0.449433 0.449475 0.449832 0.449901 0.450102 0.450135 0.450078 0.000000 0.000000
0.000000 0.000000 0.468328 0.468314 0.468188 0.468140 0.467693 0.467969 0.467859 0.467855 0.467971 0.467866 0.467852 0.467783 0.467553 0.468052 0.468032 0.468152 0.468205 0.000000 0.000000
0.000000 0.000000 0.479371 0.479345 0.479286 0.479056 0.479092 0.478991 0.478945 0.478932 0.478890 0.478868 0.478891 0.478884 0.478966 0.478937 0.479220 0.479171 0.479164 0.000000 0.000000
0.000000 0.000000 0.486792 0.486774 0.486616 0.486607 0.486581 0.486558 0.486594 0.486576 0.486593 0.486577 0.486561 0.486586 0.486589 0.486617 0.486567 0.486747 0.486747 0.000000 0.000000
0.000000 0.000000 0.492782 0.492640 0.492667 0.492531 0.492484 0.492422 0.492364 0.492370 0.492310 0.492308 0.492341 0.492313 0.492379 0.492411 0.492631 0.492509 0.492643 0.000000 0.000000
0.000000 0.000000 0.495687 0.495821 0.495859 0.495832 0.495867 0.495745 0.495778 0.495741 0.495792 0.495777 0.495761 0.495791 0.495882 0.495853 0.495848 0.495833 0.495688 0.000000 0.000000
0.000000 0.000000 0.350000 0.350000 0.350000 0.350000 0.350000 0.350000 0.350000 0.350000 0.350000 0.350000 0.350000 0.350000 0.350000 0.350000 0.350000 0.350000 0.350000 0.000000 0.000000
0.000000 0.000000 0.000000 0.000000 0.000000 0.000000 0.000000 0.000000 0.000000 0.000000 0.000000 0.000000 0.000000 0.000000 0.000000 0.000000 0.000000 0.000000 0.000000 0.000000 0.000000