geotop/1.0zi/1.0Montebello/Templates/testdem/maps/_Eocclay7785.asc
ncols         21
nrows         20
xllcorner     100.000000
yllcorner     100.000000
cellsize      50.000000
NODATA_value  -9999.0
0.000000 0.000000 0.000000 0.000000 0.000000 0.000000 0.000000 0.000000 0.000000 0.000000 0.000000 0.000000 0.000000 0.000000 0.000000 0.000000 0.000000 0.000000 0.000000 0.000000 0.000000
0.000000 0.000000 0.349640 0.349642 0.349642 0.349641 0.349643 0.349643 0.349642 0.349643 0.349641 0.349643 0.349643 0.349642 0.349643 0.349642 0.349640 0.349641 0.349641 0.000000 0.000000
0.000000 0.000000 0.349985 0.349984 0.349985 0.349986 0.349984 0.349984 0.349984 0.349984 0.349983 0.349983 0.349984 0.349983 0.349984 0.349985 0.349985 0.349985 0.349983 0.000000 0.000000
0.000000 0.000000 0.350003 0.350008 0.350004 0.350004 0.350007 0.350004 0.350006 0.350003 0.350006 0.350004 0.350004 0.350003 0.350005 0.350006 0.350005 0.350009 0.350007 0.000000 0.000000
0.000000 0.000000 0.350976 0.350973 0.350969 0.350964 0.350948 0.350946 0.350944 0.350946 0.350943 0.350944 0.350939 0.350943 0.350953 0.350955 0.350963 0.350965 0.350971 0.000000 0.000000
0.000000 0.000000 0.353671 0.353669 0.353657 0.353629 0.353615 0.353591 0.353592 0.353584 0.353588 0.353587 0.353590 0.353592 0.353602 0.353622 0.353636 0.353651 0.353657 0.000000 0.000000
0.000000 0.000000 0.357385 0.357381 0.357372 0.357349 0.357319 0.357281 0.357280 0.357274 0.357276 0.357276 0.357276 0.357277 0.357310 0.357339 0.357354 0.357367 0.357375 0.000000 0.000000
0.000000 0.000000 0.361795 0.361793 0.361784 0.361755 0.361726 0.361685 0.361685 0.361680 0.361680 0.361677 0.361675 0.361683 0.361717 0.361743 0.361768 0.361777 0.361789 0.000000 0.000000
0.000000 0.000000 0.366452 0.366445 0.366431 0.366412 0.366381 0.366340 0.366343 0.366333 0.366330 0.366328 0.366329 0.366329 0.366369 0.366402 0.366422 0.366431 0.366441 0.000000 0.000000
0.000000 0.000000 0.371360 0.371350 0.371343 0.371324 0.371279 0.371241 0.371241 0.371236 0.371230 0.371233 0.371239 0.371237 0.371272 0.371310 0.371333 0.371341 0.371349 0.000000 0.000000
0.000000 0.000000 0.376673 0.376666 0.376657 0.376619 0.376587 0.376542 0.376552 0.376528 0.376531 0.376530 0.376521 0.376537 0.376569 0.376592 0.376622 0.376638 0.376658 0.000000 0.000000
0.000000 0.000000 0.382521 0.382504 0.382486 0.382460 0.382425 0.382371 0.382368 0.382360 0.382372 0.382353 0.382358 0.382362 0.382419 0.382447 0.382468 0.382479 0.382529 0.000000 0.000000
0.000000 0.000000 0.388804 0.388788 0.388781 0.388745 0.388714 0.388575 0.388573 0.388564 0.388528 0.388547 0.388555 0.388568 0.388674 0.388703 0.388756 0.388763 0.388789 0.000000 0.000000
0.000000 0.000000 0.396094 0.396088 0.396060 0.396034 0.395865 0.395869 0.395834 0.395834 0.395841 0.395832 0.395828 0.395822 0.395812 0.395988 0.396020 0.396066 0.396101 0.000000 0.000000
0.000000 0.000000 0.404626 0.404609 0.404573 0.404363 0.404369 0.404265 0.404213 0.404201 0.404167 0.404141 0.404164 0.404159 0.404260 0.404268 0.404545 0.404508 0.404516 0.000000 0.000000
0.000000 0.000000 0.414013 0.413998 0.413696 0.413757 0.413738 0.413701 0.413808 0.413771 0.413826 0.413800 0.413754 0.413829 0.413844 0.413859 0.413667 0.414094 0.414088 0.000000 0.000000
0.000000 0.000000 0.425743 0.425259 0.425322 0.425151 0.424909 0.424839 0.424722 0.424748 0.424612 0.424621 0.424696 0.424626 0.424746 0.424924 0.425303 0.425096 0.425594 0.000000 0.000000
0.000000 0.000000 0.430822 0.431240 0.431680 0.431665 0.431663 0.431250 0.431303 0.431187 0.431364 0.431326 0.431306 0.431364 0.431716 0.431717 0.431758 0.431395 0.430987 0.000000 0.000000
0.000000 0.000000 0.350000 0.350000 0.350000 0.350000 0.350000 0.350000 0.350000 0.350000 0.350000 0.350000 0.350000 0.350000 0.350000 0.350000 0.350000 0.350000 0.350000 0.000000 0.000000
0.000000 0.000000 0.000000 0.000000 0.000000 0.000000 0.000000 0.000000 0.000000 0.000000 0.000000 0.000000 0.000000 0.000000 0.000000 0.000000 0.000000 0.000000 0.000000 0.000000 0.000000