geotop/1.0zi/1.0Montebello/Templates/testdem/maps/_Eocclay7953.asc
ncols         21
nrows         20
xllcorner     100.000000
yllcorner     100.000000
cellsize      50.000000
NODATA_value  -9999.0
0.000000 0.000000 0.000000 0.000000 0.000000 0.000000 0.000000 0.000000 0.000000 0.000000 0.000000 0.000000 0.000000 0.000000 0.000000 0.000000 0.000000 0.000000 0.000000 0.000000 0.000000
0.000000 0.000000 0.349633 0.349635 0.349634 0.349633 0.349635 0.349635 0.349635 0.349635 0.349634 0.349635 0.349635 0.349635 0.349635 0.349635 0.349633 0.349633 0.349634 0.000000 0.000000
0.000000 0.000000 0.349985 0.349983 0.349985 0.349986 0.349984 0.349983 0.349983 0.349983 0.349983 0.349983 0.349983 0.349983 0.349984 0.349984 0.349985 0.349984 0.349983 0.000000 0.000000
0.000000 0.000000 0.350003 0.350008 0.350004 0.350003 0.350006 0.350003 0.350005 0.350003 0.350006 0.350003 0.350004 0.350002 0.350004 0.350006 0.350005 0.350008 0.350006 0.000000 0.000000
0.000000 0.000000 0.350997 0.350994 0.350990 0.350986 0.350970 0.350968 0.350965 0.350968 0.350964 0.350965 0.350961 0.350964 0.350974 0.350976 0.350985 0.350987 0.350993 0.000000 0.000000
0.000000 0.000000 0.353779 0.353776 0.353764 0.353735 0.353720 0.353696 0.353697 0.353690 0.353694 0.353692 0.353695 0.353697 0.353708 0.353728 0.353743 0.353758 0.353764 0.000000 0.000000
0.000000 0.000000 0.357593 0.357589 0.357580 0.357556 0.357525 0.357487 0.357485 0.357479 0.357481 0.357481 0.357481 0.357482 0.357516 0.357545 0.357562 0.357575 0.357582 0.000000 0.000000
0.000000 0.000000 0.362117 0.362114 0.362105 0.362075 0.362045 0.362003 0.362003 0.361998 0.361998 0.361995 0.361993 0.362001 0.362036 0.362062 0.362088 0.362097 0.362110 0.000000 0.000000
0.000000 0.000000 0.366900 0.366893 0.366878 0.366859 0.366827 0.366785 0.366787 0.366778 0.366775 0.366773 0.366774 0.366773 0.366814 0.366848 0.366868 0.366878 0.366888 0.000000 0.000000
0.000000 0.000000 0.371956 0.371945 0.371938 0.371918 0.371872 0.371833 0.371833 0.371828 0.371822 0.371825 0.371831 0.371828 0.371864 0.371903 0.371927 0.371935 0.371943 0.000000 0.000000
0.000000 0.000000 0.377446 0.377439 0.377429 0.377389 0.377356 0.377310 0.377320 0.377295 0.377298 0.377297 0.377288 0.377305 0.377337 0.377362 0.377392 0.377409 0.377430 0.000000 0.000000
0.000000 0.000000 0.383510 0.383493 0.383474 0.383447 0.383410 0.383354 0.383350 0.383343 0.383356 0.383335 0.383341 0.383344 0.383403 0.383433 0.383454 0.383466 0.383518 0.000000 0.000000
0.000000 0.000000 0.390048 0.390030 0.390022 0.389985 0.389952 0.389806 0.389804 0.389795 0.389757 0.389776 0.389785 0.389799 0.389910 0.389941 0.389996 0.390003 0.390029 0.000000 0.000000
0.000000 0.000000 0.397670 0.397663 0.397632 0.397605 0.397425 0.397433 0.397395 0.397395 0.397404 0.397394 0.397390 0.397382 0.397370 0.397557 0.397590 0.397639 0.397675 0.000000 0.000000
0.000000 0.000000 0.406624 0.406606 0.406567 0.406341 0.406352 0.406240 0.406186 0.406173 0.406136 0.406108 0.406133 0.406128 0.406237 0.406240 0.406538 0.406496 0.406504 0.000000 0.000000
0.000000 0.000000 0.416483 0.416466 0.416140 0.416214 0.416190 0.416154 0.416271 0.416232 0.416292 0.416266 0.416215 0.416296 0.416309 0.416327 0.416109 0.416572 0.416565 0.000000 0.000000
0.000000 0.000000 0.428817 0.428295 0.428376 0.428185 0.427924 0.427847 0.427716 0.427745 0.427596 0.427607 0.427691 0.427611 0.427741 0.427934 0.428355 0.428111 0.428650 0.000000 0.000000
0.000000 0.000000 0.433821 0.434289 0.434752 0.434742 0.434749 0.434308 0.434371 0.434245 0.434442 0.434401 0.434375 0.434440 0.434813 0.434808 0.434835 0.434459 0.434002 0.000000 0.000000
0.000000 0.000000 0.350000 0.350000 0.350000 0.350000 0.350000 0.350000 0.350000 0.350000 0.350000 0.350000 0.350000 0.350000 0.350000 0.350000 0.350000 0.350000 0.350000 0.000000 0.000000
0.000000 0.000000 0.000000 0.000000 0.000000 0.000000 0.000000 0.000000 0.000000 0.000000 0.000000 0.000000 0.000000 0.000000 0.000000 0.000000 0.000000 0.000000 0.000000 0.000000 0.000000