geotop/1.0zi/1.0Montebello/Templates/testdem/maps/_Eocclay9100.asc
ncols         21
nrows         20
xllcorner     100.000000
yllcorner     100.000000
cellsize      50.000000
NODATA_value  -9999.0
0.000000 0.000000 0.000000 0.000000 0.000000 0.000000 0.000000 0.000000 0.000000 0.000000 0.000000 0.000000 0.000000 0.000000 0.000000 0.000000 0.000000 0.000000 0.000000 0.000000 0.000000
0.000000 0.000000 0.349573 0.349576 0.349576 0.349575 0.349576 0.349577 0.349576 0.349576 0.349575 0.349576 0.349576 0.349576 0.349576 0.349576 0.349574 0.349574 0.349575 0.000000 0.000000
0.000000 0.000000 0.349982 0.349980 0.349980 0.349983 0.349980 0.349980 0.349981 0.349980 0.349980 0.349980 0.349981 0.349980 0.349981 0.349981 0.349982 0.349981 0.349979 0.000000 0.000000
0.000000 0.000000 0.350022 0.350027 0.350025 0.350022 0.350023 0.350024 0.350028 0.350025 0.350028 0.350026 0.350027 0.350025 0.350027 0.350029 0.350027 0.350026 0.350025 0.000000 0.000000
0.000000 0.000000 0.351242 0.351236 0.351229 0.351219 0.351201 0.351201 0.351197 0.351198 0.351196 0.351198 0.351197 0.351199 0.351208 0.351212 0.351223 0.351223 0.351233 0.000000 0.000000
0.000000 0.000000 0.354740 0.354733 0.354711 0.354681 0.354655 0.354629 0.354633 0.354627 0.354629 0.354628 0.354633 0.354632 0.354645 0.354671 0.354684 0.354693 0.354699 0.000000 0.000000
0.000000 0.000000 0.359419 0.359408 0.359394 0.359365 0.359329 0.359278 0.359280 0.359275 0.359274 0.359275 0.359276 0.359276 0.359318 0.359349 0.359366 0.359376 0.359384 0.000000 0.000000
0.000000 0.000000 0.364975 0.364963 0.364949 0.364912 0.364875 0.364829 0.364830 0.364825 0.364823 0.364820 0.364818 0.364827 0.364866 0.364897 0.364926 0.364930 0.364944 0.000000 0.000000
0.000000 0.000000 0.370980 0.370965 0.370944 0.370919 0.370875 0.370825 0.370831 0.370820 0.370815 0.370813 0.370814 0.370813 0.370864 0.370902 0.370924 0.370928 0.370942 0.000000 0.000000
0.000000 0.000000 0.377514 0.377493 0.377479 0.377452 0.377391 0.377345 0.377347 0.377341 0.377332 0.377336 0.377343 0.377340 0.377382 0.377431 0.377457 0.377463 0.377470 0.000000 0.000000
0.000000 0.000000 0.384827 0.384812 0.384795 0.384735 0.384695 0.384635 0.384651 0.384616 0.384621 0.384617 0.384605 0.384626 0.384670 0.384699 0.384736 0.384747 0.384777 0.000000 0.000000
0.000000 0.000000 0.393187 0.393158 0.393120 0.393088 0.393032 0.392960 0.392958 0.392955 0.392968 0.392939 0.392951 0.392950 0.393028 0.393071 0.393090 0.393097 0.393162 0.000000 0.000000
0.000000 0.000000 0.402485 0.402452 0.402442 0.402376 0.402331 0.402113 0.402113 0.402103 0.402034 0.402074 0.402081 0.402102 0.402268 0.402308 0.402387 0.402384 0.402409 0.000000 0.000000
0.000000 0.000000 0.413837 0.413823 0.413760 0.413719 0.413411 0.413485 0.413428 0.413430 0.413462 0.413430 0.413423 0.413396 0.413332 0.413657 0.413679 0.413749 0.413800 0.000000 0.000000
0.000000 0.000000 0.427368 0.427323 0.427253 0.426848 0.426958 0.426735 0.426665 0.426645 0.426563 0.426524 0.426569 0.426567 0.426781 0.426685 0.427213 0.427090 0.427083 0.000000 0.000000
0.000000 0.000000 0.441478 0.441444 0.440882 0.441130 0.441050 0.441055 0.441296 0.441231 0.441356 0.441328 0.441225 0.441362 0.441318 0.441383 0.440819 0.441646 0.441632 0.000000 0.000000
0.000000 0.000000 0.457086 0.456381 0.456631 0.456312 0.455962 0.455856 0.455616 0.455675 0.455434 0.455463 0.455603 0.455454 0.455645 0.455902 0.456596 0.456035 0.456762 0.000000 0.000000
0.000000 0.000000 0.461126 0.461675 0.462146 0.462137 0.462167 0.461700 0.461790 0.461651 0.461883 0.461835 0.461797 0.461875 0.462258 0.462237 0.462216 0.461845 0.461295 0.000000 0.000000
0.000000 0.000000 0.350000 0.350000 0.350000 0.350000 0.350000 0.350000 0.350000 0.350000 0.350000 0.350000 0.350000 0.350000 0.350000 0.350000 0.350000 0.350000 0.350000 0.000000 0.000000
0.000000 0.000000 0.000000 0.000000 0.000000 0.000000 0.000000 0.000000 0.000000 0.000000 0.000000 0.000000 0.000000 0.000000 0.000000 0.000000 0.000000 0.000000 0.000000 0.000000 0.000000