geotop/1.0zi/1.0Montebello/Templates/testdem/maps/_Eocclay1243.asc
ncols         21
nrows         20
xllcorner     100.000000
yllcorner     100.000000
cellsize      50.000000
NODATA_value  -9999.0
0.000000 0.000000 0.000000 0.000000 0.000000 0.000000 0.000000 0.000000 0.000000 0.000000 0.000000 0.000000 0.000000 0.000000 0.000000 0.000000 0.000000 0.000000 0.000000 0.000000 0.000000
0.000000 0.000000 0.349936 0.349936 0.349937 0.349936 0.349936 0.349936 0.349936 0.349936 0.349936 0.349936 0.349936 0.349936 0.349936 0.349936 0.349937 0.349936 0.349936 0.000000 0.000000
0.000000 0.000000 0.349994 0.349993 0.349993 0.349994 0.349993 0.349994 0.349993 0.349993 0.349993 0.349993 0.349993 0.349994 0.349993 0.349994 0.349993 0.349993 0.349994 0.000000 0.000000
0.000000 0.000000 0.350545 0.350544 0.350542 0.350543 0.350545 0.350544 0.350544 0.350545 0.350545 0.350545 0.350544 0.350544 0.350545 0.350543 0.350542 0.350544 0.350545 0.000000 0.000000
0.000000 0.000000 0.352467 0.352466 0.352464 0.352464 0.352467 0.352467 0.352466 0.352467 0.352467 0.352467 0.352466 0.352467 0.352467 0.352464 0.352464 0.352466 0.352467 0.000000 0.000000
0.000000 0.000000 0.354579 0.354579 0.354577 0.354577 0.354579 0.354579 0.354579 0.354579 0.354579 0.354579 0.354579 0.354579 0.354579 0.354577 0.354577 0.354579 0.354579 0.000000 0.000000
0.000000 0.000000 0.356588 0.356587 0.356586 0.356586 0.356588 0.356588 0.356588 0.356588 0.356588 0.356588 0.356588 0.356588 0.356588 0.356586 0.356586 0.356587 0.356588 0.000000 0.000000
0.000000 0.000000 0.358438 0.358437 0.358436 0.358436 0.358438 0.358437 0.358437 0.358438 0.358438 0.358438 0.358437 0.358437 0.358438 0.358436 0.358436 0.358437 0.358438 0.000000 0.000000
0.000000 0.000000 0.360170 0.360170 0.360168 0.360169 0.360170 0.360170 0.360170 0.360170 0.360170 0.360170 0.360170 0.360170 0.360170 0.360169 0.360168 0.360170 0.360170 0.000000 0.000000
0.000000 0.000000 0.361831 0.361831 0.361830 0.361830 0.361831 0.361831 0.361831 0.361832 0.361832 0.361832 0.361831 0.361831 0.361831 0.361830 0.361830 0.361831 0.361831 0.000000 0.000000
0.000000 0.000000 0.363438 0.363438 0.363437 0.363437 0.363438 0.363438 0.363438 0.363439 0.363439 0.363439 0.363438 0.363438 0.363438 0.363437 0.363437 0.363438 0.363438 0.000000 0.000000
0.000000 0.000000 0.365008 0.365008 0.365007 0.365007 0.365008 0.365008 0.365008 0.365009 0.365009 0.365009 0.365008 0.365008 0.365008 0.365007 0.365007 0.365008 0.365008 0.000000 0.000000
0.000000 0.000000 0.366552 0.366552 0.366551 0.366551 0.366552 0.366552 0.366552 0.366553 0.366553 0.366553 0.366552 0.366552 0.366552 0.366551 0.366551 0.366552 0.366552 0.000000 0.000000
0.000000 0.000000 0.368070 0.368070 0.368068 0.368069 0.368070 0.368070 0.368070 0.368070 0.368070 0.368070 0.368070 0.368070 0.368070 0.368069 0.368068 0.368070 0.368070 0.000000 0.000000
0.000000 0.000000 0.369569 0.369568 0.369567 0.369567 0.369569 0.369568 0.369568 0.369569 0.369569 0.369569 0.369568 0.369568 0.369569 0.369567 0.369567 0.369568 0.369569 0.000000 0.000000
0.000000 0.000000 0.371054 0.371054 0.371052 0.371053 0.371054 0.371054 0.371054 0.371054 0.371054 0.371054 0.371054 0.371054 0.371054 0.371053 0.371052 0.371054 0.371054 0.000000 0.000000
0.000000 0.000000 0.372526 0.372526 0.372524 0.372525 0.372526 0.372526 0.372526 0.372526 0.372526 0.372526 0.372526 0.372526 0.372526 0.372525 0.372524 0.372526 0.372526 0.000000 0.000000
0.000000 0.000000 0.374029 0.374029 0.374027 0.374028 0.374029 0.374029 0.374029 0.374029 0.374029 0.374029 0.374029 0.374029 0.374029 0.374028 0.374027 0.374029 0.374029 0.000000 0.000000
0.000000 0.000000 0.350000 0.350000 0.350000 0.350000 0.350000 0.350000 0.350000 0.350000 0.350000 0.350000 0.350000 0.350000 0.350000 0.350000 0.350000 0.350000 0.350000 0.000000 0.000000
0.000000 0.000000 0.000000 0.000000 0.000000 0.000000 0.000000 0.000000 0.000000 0.000000 0.000000 0.000000 0.000000 0.000000 0.000000 0.000000 0.000000 0.000000 0.000000 0.000000 0.000000