geotop/1.0zi/1.0Montebello/Templates/testdem/maps/_Eocclay9314.asc
ncols         21
nrows         20
xllcorner     100.000000
yllcorner     100.000000
cellsize      50.000000
NODATA_value  -9999.0
0.000000 0.000000 0.000000 0.000000 0.000000 0.000000 0.000000 0.000000 0.000000 0.000000 0.000000 0.000000 0.000000 0.000000 0.000000 0.000000 0.000000 0.000000 0.000000 0.000000 0.000000
0.000000 0.000000 0.349564 0.349567 0.349567 0.349566 0.349568 0.349568 0.349568 0.349568 0.349567 0.349568 0.349568 0.349567 0.349568 0.349567 0.349565 0.349566 0.349567 0.000000 0.000000
0.000000 0.000000 0.349982 0.349980 0.349980 0.349982 0.349980 0.349980 0.349981 0.349980 0.349980 0.349980 0.349981 0.349980 0.349981 0.349981 0.349982 0.349982 0.349980 0.000000 0.000000
0.000000 0.000000 0.350023 0.350027 0.350026 0.350023 0.350024 0.350025 0.350028 0.350026 0.350029 0.350026 0.350026 0.350024 0.350027 0.350029 0.350027 0.350026 0.350024 0.000000 0.000000
0.000000 0.000000 0.351270 0.351264 0.351257 0.351246 0.351228 0.351228 0.351224 0.351226 0.351224 0.351227 0.351226 0.351229 0.351238 0.351242 0.351252 0.351254 0.351264 0.000000 0.000000
0.000000 0.000000 0.354869 0.354864 0.354841 0.354809 0.354780 0.354753 0.354757 0.354750 0.354753 0.354751 0.354757 0.354756 0.354770 0.354798 0.354813 0.354824 0.354830 0.000000 0.000000
0.000000 0.000000 0.359716 0.359706 0.359692 0.359661 0.359623 0.359568 0.359571 0.359566 0.359565 0.359566 0.359567 0.359568 0.359610 0.359643 0.359662 0.359673 0.359682 0.000000 0.000000
0.000000 0.000000 0.365466 0.365456 0.365441 0.365403 0.365363 0.365313 0.365316 0.365310 0.365308 0.365305 0.365302 0.365313 0.365352 0.365386 0.365417 0.365423 0.365438 0.000000 0.000000
0.000000 0.000000 0.371705 0.371690 0.371670 0.371643 0.371597 0.371541 0.371548 0.371537 0.371532 0.371529 0.371531 0.371530 0.371583 0.371624 0.371648 0.371656 0.371669 0.000000 0.000000
0.000000 0.000000 0.378530 0.378510 0.378495 0.378465 0.378402 0.378350 0.378353 0.378346 0.378336 0.378341 0.378348 0.378347 0.378390 0.378443 0.378472 0.378480 0.378488 0.000000 0.000000
0.000000 0.000000 0.386215 0.386201 0.386187 0.386119 0.386078 0.386010 0.386027 0.385991 0.385996 0.385991 0.385979 0.386002 0.386048 0.386081 0.386121 0.386136 0.386169 0.000000 0.000000
0.000000 0.000000 0.395060 0.395029 0.394989 0.394956 0.394896 0.394813 0.394815 0.394809 0.394823 0.394790 0.394805 0.394805 0.394888 0.394936 0.394958 0.394969 0.395038 0.000000 0.000000
0.000000 0.000000 0.404952 0.404923 0.404914 0.404839 0.404789 0.404549 0.404551 0.404538 0.404463 0.404506 0.404515 0.404539 0.404717 0.404762 0.404848 0.404852 0.404877 0.000000 0.000000
0.000000 0.000000 0.417121 0.417110 0.417042 0.416995 0.416659 0.416746 0.416682 0.416684 0.416721 0.416683 0.416676 0.416649 0.416567 0.416928 0.416951 0.417034 0.417088 0.000000 0.000000
0.000000 0.000000 0.431548 0.431506 0.431434 0.430990 0.431126 0.430870 0.430798 0.430773 0.430682 0.430641 0.430692 0.430694 0.430929 0.430807 0.431388 0.431258 0.431247 0.000000 0.000000
0.000000 0.000000 0.446166 0.446137 0.445550 0.445830 0.445737 0.445747 0.446005 0.445936 0.446070 0.446042 0.445934 0.446079 0.446018 0.446096 0.445477 0.446360 0.446347 0.000000 0.000000
0.000000 0.000000 0.461445 0.460783 0.461031 0.460722 0.460389 0.460281 0.460050 0.460105 0.459873 0.459900 0.460035 0.459894 0.460078 0.460323 0.460993 0.460450 0.461138 0.000000 0.000000
0.000000 0.000000 0.465634 0.466080 0.466507 0.466480 0.466483 0.466059 0.466126 0.466005 0.466196 0.466155 0.466129 0.466192 0.466541 0.466541 0.466562 0.466209 0.465766 0.000000 0.000000
0.000000 0.000000 0.350000 0.350000 0.350000 0.350000 0.350000 0.350000 0.350000 0.350000 0.350000 0.350000 0.350000 0.350000 0.350000 0.350000 0.350000 0.350000 0.350000 0.000000 0.000000
0.000000 0.000000 0.000000 0.000000 0.000000 0.000000 0.000000 0.000000 0.000000 0.000000 0.000000 0.000000 0.000000 0.000000 0.000000 0.000000 0.000000 0.000000 0.000000 0.000000 0.000000