geotop/1.0zi/1.0Montebello/Templates/testdem/maps/_Eocsand7097.asc
ncols         21
nrows         20
xllcorner     100.000000
yllcorner     100.000000
cellsize      50.000000
NODATA_value  -9999.0
0.000000 0.000000 0.000000 0.000000 0.000000 0.000000 0.000000 0.000000 0.000000 0.000000 0.000000 0.000000 0.000000 0.000000 0.000000 0.000000 0.000000 0.000000 0.000000 0.000000 0.000000
0.000000 0.000000 0.300177 0.300175 0.300174 0.300175 0.300174 0.300174 0.300174 0.300174 0.300175 0.300174 0.300174 0.300174 0.300174 0.300174 0.300175 0.300176 0.300175 0.000000 0.000000
0.000000 0.000000 0.300010 0.300010 0.300010 0.300009 0.300010 0.300010 0.300010 0.300010 0.300010 0.300010 0.300009 0.300010 0.300010 0.300010 0.300010 0.300011 0.300012 0.000000 0.000000
0.000000 0.000000 0.299958 0.299957 0.299962 0.299967 0.299965 0.299968 0.299963 0.299967 0.299966 0.299966 0.299966 0.299967 0.299965 0.299960 0.299959 0.299955 0.299956 0.000000 0.000000
0.000000 0.000000 0.298485 0.298481 0.298490 0.298502 0.298521 0.298530 0.298533 0.298532 0.298534 0.298533 0.298537 0.298531 0.298513 0.298509 0.298503 0.298494 0.298482 0.000000 0.000000
0.000000 0.000000 0.294145 0.294145 0.294165 0.294203 0.294232 0.294274 0.294272 0.294284 0.294276 0.294275 0.294273 0.294273 0.294255 0.294227 0.294206 0.294187 0.294174 0.000000 0.000000
0.000000 0.000000 0.287867 0.287873 0.287891 0.287934 0.287990 0.288051 0.288050 0.288059 0.288056 0.288057 0.288061 0.288055 0.288004 0.287954 0.287928 0.287904 0.287887 0.000000 0.000000
0.000000 0.000000 0.280356 0.280359 0.280371 0.280420 0.280473 0.280541 0.280539 0.280548 0.280549 0.280554 0.280558 0.280545 0.280489 0.280442 0.280399 0.280387 0.280362 0.000000 0.000000
0.000000 0.000000 0.272465 0.272478 0.272503 0.272533 0.272588 0.272661 0.272656 0.272673 0.272677 0.272680 0.272679 0.272680 0.272611 0.272552 0.272520 0.272504 0.272483 0.000000 0.000000
0.000000 0.000000 0.264311 0.264326 0.264340 0.264367 0.264446 0.264511 0.264508 0.264518 0.264528 0.264522 0.264513 0.264518 0.264460 0.264394 0.264356 0.264345 0.264328 0.000000 0.000000
0.000000 0.000000 0.255680 0.255691 0.255705 0.255766 0.255818 0.255895 0.255877 0.255918 0.255914 0.255914 0.255928 0.255902 0.255853 0.255811 0.255764 0.255740 0.255703 0.000000 0.000000
0.000000 0.000000 0.246369 0.246394 0.246423 0.246464 0.246521 0.246613 0.246613 0.246629 0.246608 0.246638 0.246632 0.246623 0.246535 0.246489 0.246457 0.246440 0.246353 0.000000 0.000000
0.000000 0.000000 0.236550 0.236575 0.236590 0.236642 0.236691 0.236903 0.236904 0.236920 0.236970 0.236947 0.236934 0.236913 0.236754 0.236707 0.236630 0.236622 0.236567 0.000000 0.000000
0.000000 0.000000 0.225483 0.225495 0.225536 0.225574 0.225810 0.225833 0.225881 0.225884 0.225883 0.225890 0.225895 0.225901 0.225897 0.225651 0.225598 0.225534 0.225472 0.000000 0.000000
0.000000 0.000000 0.212848 0.212868 0.212924 0.213196 0.213231 0.213367 0.213444 0.213461 0.213505 0.213542 0.213512 0.213522 0.213397 0.213340 0.212974 0.213014 0.212986 0.000000 0.000000
0.000000 0.000000 0.199115 0.199137 0.199519 0.199500 0.199520 0.199598 0.199481 0.199532 0.199474 0.199515 0.199568 0.199476 0.199433 0.199409 0.199565 0.199057 0.199054 0.000000 0.000000
0.000000 0.000000 0.182469 0.183045 0.183081 0.183261 0.183552 0.183648 0.183745 0.183730 0.183875 0.183875 0.183802 0.183858 0.183717 0.183501 0.183116 0.183214 0.182620 0.000000 0.000000
0.000000 0.000000 0.172785 0.172464 0.171925 0.171998 0.172088 0.172607 0.172579 0.172711 0.172550 0.172593 0.172591 0.172546 0.172087 0.172023 0.171838 0.172342 0.172636 0.000000 0.000000
0.000000 0.000000 0.300000 0.300000 0.300000 0.300000 0.300000 0.300000 0.300000 0.300000 0.300000 0.300000 0.300000 0.300000 0.300000 0.300000 0.300000 0.300000 0.300000 0.000000 0.000000
0.000000 0.000000 0.000000 0.000000 0.000000 0.000000 0.000000 0.000000 0.000000 0.000000 0.000000 0.000000 0.000000 0.000000 0.000000 0.000000 0.000000 0.000000 0.000000 0.000000 0.000000