geotop/1.0zi/1.0Montebello/Templates/testdem/maps/_Eocclay3925.asc
ncols         21
nrows         20
xllcorner     100.000000
yllcorner     100.000000
cellsize      50.000000
NODATA_value  -9999.0
0.000000 0.000000 0.000000 0.000000 0.000000 0.000000 0.000000 0.000000 0.000000 0.000000 0.000000 0.000000 0.000000 0.000000 0.000000 0.000000 0.000000 0.000000 0.000000 0.000000 0.000000
0.000000 0.000000 0.349821 0.349821 0.349821 0.349822 0.349822 0.349821 0.349821 0.349821 0.349821 0.349821 0.349821 0.349821 0.349822 0.349821 0.349821 0.349821 0.349821 0.000000 0.000000
0.000000 0.000000 0.349994 0.349994 0.349994 0.349994 0.349994 0.349994 0.349994 0.349994 0.349993 0.349993 0.349994 0.349994 0.349994 0.349994 0.349994 0.349994 0.349994 0.000000 0.000000
0.000000 0.000000 0.349996 0.349996 0.349995 0.349996 0.349998 0.349998 0.349999 0.349998 0.349998 0.349997 0.349997 0.349995 0.349996 0.349997 0.349996 0.349996 0.349995 0.000000 0.000000
0.000000 0.000000 0.350336 0.350339 0.350337 0.350334 0.350328 0.350323 0.350324 0.350323 0.350324 0.350324 0.350322 0.350323 0.350330 0.350330 0.350332 0.350331 0.350334 0.000000 0.000000
0.000000 0.000000 0.351465 0.351468 0.351463 0.351455 0.351451 0.351442 0.351442 0.351437 0.351441 0.351441 0.351443 0.351444 0.351443 0.351449 0.351452 0.351457 0.351460 0.000000 0.000000
0.000000 0.000000 0.353115 0.353112 0.353108 0.353096 0.353079 0.353058 0.353057 0.353054 0.353057 0.353057 0.353060 0.353065 0.353083 0.353098 0.353104 0.353106 0.353109 0.000000 0.000000
0.000000 0.000000 0.354954 0.354954 0.354949 0.354932 0.354915 0.354896 0.354897 0.354894 0.354895 0.354894 0.354895 0.354899 0.354920 0.354934 0.354940 0.354943 0.354948 0.000000 0.000000
0.000000 0.000000 0.356783 0.356781 0.356773 0.356761 0.356744 0.356722 0.356723 0.356719 0.356720 0.356721 0.356722 0.356727 0.356746 0.356764 0.356769 0.356770 0.356777 0.000000 0.000000
0.000000 0.000000 0.358601 0.358598 0.358592 0.358578 0.358558 0.358538 0.358540 0.358537 0.358537 0.358538 0.358538 0.358542 0.358564 0.358581 0.358587 0.358589 0.358594 0.000000 0.000000
0.000000 0.000000 0.360444 0.360441 0.360434 0.360423 0.360407 0.360384 0.360385 0.360380 0.360381 0.360382 0.360382 0.360387 0.360406 0.360418 0.360426 0.360428 0.360435 0.000000 0.000000
0.000000 0.000000 0.362340 0.362337 0.362329 0.362314 0.362296 0.362274 0.362273 0.362270 0.362271 0.362270 0.362272 0.362275 0.362299 0.362314 0.362321 0.362323 0.362344 0.000000 0.000000
0.000000 0.000000 0.364248 0.364245 0.364236 0.364224 0.364204 0.364162 0.364162 0.364157 0.364158 0.364159 0.364159 0.364165 0.364203 0.364221 0.364228 0.364230 0.364243 0.000000 0.000000
0.000000 0.000000 0.366253 0.366247 0.366240 0.366227 0.366183 0.366169 0.366162 0.366159 0.366160 0.366160 0.366160 0.366165 0.366182 0.366222 0.366229 0.366236 0.366244 0.000000 0.000000
0.000000 0.000000 0.368400 0.368395 0.368380 0.368343 0.368318 0.368291 0.368278 0.368273 0.368268 0.368267 0.368272 0.368273 0.368296 0.368326 0.368366 0.368363 0.368369 0.000000 0.000000
0.000000 0.000000 0.370599 0.370594 0.370550 0.370539 0.370522 0.370506 0.370502 0.370500 0.370503 0.370502 0.370499 0.370512 0.370523 0.370537 0.370537 0.370578 0.370589 0.000000 0.000000
0.000000 0.000000 0.373019 0.372969 0.372929 0.372910 0.372878 0.372860 0.372856 0.372853 0.372848 0.372848 0.372852 0.372853 0.372868 0.372901 0.372919 0.372942 0.372992 0.000000 0.000000
0.000000 0.000000 0.374939 0.374925 0.374951 0.374927 0.374896 0.374843 0.374837 0.374831 0.374833 0.374833 0.374833 0.374841 0.374890 0.374920 0.374951 0.374905 0.374930 0.000000 0.000000
0.000000 0.000000 0.350000 0.350000 0.350000 0.350000 0.350000 0.350000 0.350000 0.350000 0.350000 0.350000 0.350000 0.350000 0.350000 0.350000 0.350000 0.350000 0.350000 0.000000 0.000000
0.000000 0.000000 0.000000 0.000000 0.000000 0.000000 0.000000 0.000000 0.000000 0.000000 0.000000 0.000000 0.000000 0.000000 0.000000 0.000000 0.000000 0.000000 0.000000 0.000000 0.000000