geotop/1.0zi/1.0Montebello/Templates/testdem/maps/_Eocsand8541.asc
ncols         21
nrows         20
xllcorner     100.000000
yllcorner     100.000000
cellsize      50.000000
NODATA_value  -9999.0
0.000000 0.000000 0.000000 0.000000 0.000000 0.000000 0.000000 0.000000 0.000000 0.000000 0.000000 0.000000 0.000000 0.000000 0.000000 0.000000 0.000000 0.000000 0.000000 0.000000 0.000000
0.000000 0.000000 0.300214 0.300212 0.300212 0.300212 0.300211 0.300211 0.300211 0.300211 0.300212 0.300211 0.300212 0.300212 0.300211 0.300212 0.300213 0.300213 0.300213 0.000000 0.000000
0.000000 0.000000 0.300012 0.300013 0.300013 0.300011 0.300012 0.300013 0.300012 0.300012 0.300013 0.300013 0.300012 0.300012 0.300012 0.300012 0.300013 0.300014 0.300014 0.000000 0.000000
0.000000 0.000000 0.299893 0.299892 0.299897 0.299905 0.299900 0.299908 0.299903 0.299906 0.299906 0.299906 0.299906 0.299907 0.299903 0.299898 0.299896 0.299892 0.299893 0.000000 0.000000
0.000000 0.000000 0.297872 0.297874 0.297888 0.297905 0.297931 0.297939 0.297943 0.297945 0.297946 0.297942 0.297941 0.297939 0.297917 0.297911 0.297898 0.297886 0.297875 0.000000 0.000000
0.000000 0.000000 0.291903 0.291908 0.291934 0.291984 0.292023 0.292069 0.292069 0.292083 0.292073 0.292072 0.292064 0.292067 0.292041 0.292008 0.291979 0.291959 0.291946 0.000000 0.000000
0.000000 0.000000 0.283523 0.283537 0.283556 0.283611 0.283681 0.283760 0.283759 0.283768 0.283767 0.283765 0.283767 0.283762 0.283694 0.283636 0.283601 0.283573 0.283557 0.000000 0.000000
0.000000 0.000000 0.273598 0.273608 0.273624 0.273687 0.273752 0.273838 0.273838 0.273850 0.273850 0.273854 0.273859 0.273843 0.273770 0.273714 0.273659 0.273644 0.273618 0.000000 0.000000
0.000000 0.000000 0.262919 0.262943 0.262973 0.263014 0.263088 0.263181 0.263174 0.263195 0.263200 0.263202 0.263199 0.263202 0.263111 0.263040 0.262996 0.262975 0.262952 0.000000 0.000000
0.000000 0.000000 0.251528 0.251554 0.251571 0.251612 0.251717 0.251800 0.251800 0.251810 0.251824 0.251814 0.251802 0.251807 0.251730 0.251645 0.251594 0.251576 0.251561 0.000000 0.000000
0.000000 0.000000 0.239034 0.239049 0.239068 0.239165 0.239234 0.239340 0.239312 0.239373 0.239360 0.239364 0.239383 0.239349 0.239273 0.239223 0.239154 0.239119 0.239072 0.000000 0.000000
0.000000 0.000000 0.225021 0.225066 0.225108 0.225162 0.225253 0.225376 0.225388 0.225398 0.225370 0.225415 0.225395 0.225394 0.225260 0.225189 0.225147 0.225119 0.225007 0.000000 0.000000
0.000000 0.000000 0.209711 0.209756 0.209762 0.209859 0.209929 0.210276 0.210283 0.210299 0.210397 0.210338 0.210323 0.210292 0.210024 0.209961 0.209827 0.209817 0.209764 0.000000 0.000000
0.000000 0.000000 0.191507 0.191520 0.191595 0.191658 0.192109 0.192051 0.192141 0.192140 0.192104 0.192139 0.192146 0.192180 0.192235 0.191762 0.191702 0.191578 0.191495 0.000000 0.000000
0.000000 0.000000 0.169878 0.169928 0.170020 0.170604 0.170520 0.170818 0.170942 0.170972 0.171076 0.171138 0.171071 0.171083 0.170792 0.170850 0.170079 0.170212 0.170206 0.000000 0.000000
0.000000 0.000000 0.146339 0.146381 0.147219 0.146941 0.147022 0.147074 0.146744 0.146844 0.146666 0.146717 0.146858 0.146653 0.146660 0.146604 0.147296 0.146061 0.146079 0.000000 0.000000
0.000000 0.000000 0.117806 0.119077 0.118733 0.119246 0.119879 0.120071 0.120450 0.120362 0.120756 0.120711 0.120481 0.120717 0.120383 0.119917 0.118781 0.119588 0.118267 0.000000 0.000000
0.000000 0.000000 0.108875 0.107700 0.106708 0.106694 0.106615 0.107584 0.107401 0.107690 0.107203 0.107298 0.107378 0.107214 0.106413 0.106473 0.106525 0.107271 0.108430 0.000000 0.000000
0.000000 0.000000 0.300000 0.300000 0.300000 0.300000 0.300000 0.300000 0.300000 0.300000 0.300000 0.300000 0.300000 0.300000 0.300000 0.300000 0.300000 0.300000 0.300000 0.000000 0.000000
0.000000 0.000000 0.000000 0.000000 0.000000 0.000000 0.000000 0.000000 0.000000 0.000000 0.000000 0.000000 0.000000 0.000000 0.000000 0.000000 0.000000 0.000000 0.000000 0.000000 0.000000