geotop/1.0zi/1.0Montebello/Templates/testdem/maps/_Eocsilt9562.asc
ncols         21
nrows         20
xllcorner     100.000000
yllcorner     100.000000
cellsize      50.000000
NODATA_value  -9999.0
0.000000 0.000000 0.000000 0.000000 0.000000 0.000000 0.000000 0.000000 0.000000 0.000000 0.000000 0.000000 0.000000 0.000000 0.000000 0.000000 0.000000 0.000000 0.000000 0.000000 0.000000
0.000000 0.000000 0.350204 0.350204 0.350204 0.350204 0.350203 0.350203 0.350204 0.350203 0.350204 0.350203 0.350203 0.350203 0.350203 0.350204 0.350204 0.350204 0.350204 0.000000 0.000000
0.000000 0.000000 0.350008 0.350008 0.350008 0.350007 0.350008 0.350008 0.350008 0.350008 0.350008 0.350008 0.350009 0.350009 0.350008 0.350007 0.350006 0.350006 0.350007 0.000000 0.000000
0.000000 0.000000 0.350146 0.350143 0.350137 0.350132 0.350132 0.350126 0.350129 0.350130 0.350127 0.350131 0.350132 0.350131 0.350134 0.350138 0.350143 0.350144 0.350146 0.000000 0.000000
0.000000 0.000000 0.351429 0.351435 0.351424 0.351407 0.351397 0.351391 0.351394 0.351391 0.351391 0.351394 0.351399 0.351397 0.351411 0.351418 0.351422 0.351428 0.351431 0.000000 0.000000
0.000000 0.000000 0.354959 0.354954 0.354939 0.354918 0.354887 0.354863 0.354861 0.354855 0.354859 0.354860 0.354865 0.354863 0.354878 0.354900 0.354911 0.354918 0.354926 0.000000 0.000000
0.000000 0.000000 0.359943 0.359934 0.359917 0.359884 0.359843 0.359791 0.359796 0.359793 0.359791 0.359791 0.359789 0.359795 0.359834 0.359865 0.359886 0.359901 0.359909 0.000000 0.000000
0.000000 0.000000 0.365849 0.365838 0.365825 0.365788 0.365746 0.365699 0.365702 0.365696 0.365694 0.365692 0.365690 0.365699 0.365737 0.365773 0.365806 0.365811 0.365826 0.000000 0.000000
0.000000 0.000000 0.372339 0.372323 0.372302 0.372274 0.372226 0.372167 0.372174 0.372163 0.372158 0.372157 0.372160 0.372159 0.372214 0.372256 0.372282 0.372293 0.372306 0.000000 0.000000
0.000000 0.000000 0.379443 0.379425 0.379408 0.379378 0.379313 0.379259 0.379263 0.379256 0.379246 0.379252 0.379260 0.379258 0.379302 0.379357 0.379386 0.379397 0.379405 0.000000 0.000000
0.000000 0.000000 0.387443 0.387429 0.387415 0.387344 0.387302 0.387231 0.387251 0.387213 0.387219 0.387215 0.387203 0.387226 0.387274 0.387308 0.387349 0.387367 0.387400 0.000000 0.000000
0.000000 0.000000 0.396706 0.396674 0.396632 0.396600 0.396537 0.396449 0.396452 0.396447 0.396463 0.396431 0.396449 0.396447 0.396534 0.396584 0.396607 0.396621 0.396691 0.000000 0.000000
0.000000 0.000000 0.407077 0.407050 0.407042 0.406962 0.406911 0.406656 0.406659 0.406646 0.406565 0.406615 0.406625 0.406649 0.406838 0.406884 0.406976 0.406983 0.407004 0.000000 0.000000
0.000000 0.000000 0.419810 0.419802 0.419729 0.419684 0.419327 0.419432 0.419365 0.419368 0.419415 0.419372 0.419367 0.419335 0.419237 0.419621 0.419641 0.419732 0.419788 0.000000 0.000000
0.000000 0.000000 0.434439 0.434397 0.434328 0.433877 0.434037 0.433764 0.433699 0.433673 0.433577 0.433541 0.433595 0.433599 0.433848 0.433700 0.434293 0.434160 0.434144 0.000000 0.000000
0.000000 0.000000 0.448059 0.448036 0.447515 0.447774 0.447680 0.447695 0.447926 0.447865 0.447989 0.447968 0.447872 0.447998 0.447938 0.448018 0.447454 0.448245 0.448234 0.000000 0.000000
0.000000 0.000000 0.460147 0.459735 0.459846 0.459669 0.459454 0.459383 0.459253 0.459283 0.459145 0.459161 0.459241 0.459160 0.459276 0.459437 0.459820 0.459545 0.459975 0.000000 0.000000
0.000000 0.000000 0.465146 0.465170 0.465416 0.465328 0.465243 0.465029 0.465008 0.464966 0.464998 0.464986 0.465007 0.465003 0.465199 0.465263 0.465430 0.465151 0.465133 0.000000 0.000000
0.000000 0.000000 0.350000 0.350000 0.350000 0.350000 0.350000 0.350000 0.350000 0.350000 0.350000 0.350000 0.350000 0.350000 0.350000 0.350000 0.350000 0.350000 0.350000 0.000000 0.000000
0.000000 0.000000 0.000000 0.000000 0.000000 0.000000 0.000000 0.000000 0.000000 0.000000 0.000000 0.000000 0.000000 0.000000 0.000000 0.000000 0.000000 0.000000 0.000000 0.000000 0.000000