geotop/1.0zi/1.0Montebello/Templates/testdem/maps/_Eocclay4193.asc
ncols         21
nrows         20
xllcorner     100.000000
yllcorner     100.000000
cellsize      50.000000
NODATA_value  -9999.0
0.000000 0.000000 0.000000 0.000000 0.000000 0.000000 0.000000 0.000000 0.000000 0.000000 0.000000 0.000000 0.000000 0.000000 0.000000 0.000000 0.000000 0.000000 0.000000 0.000000 0.000000
0.000000 0.000000 0.349807 0.349808 0.349808 0.349808 0.349808 0.349808 0.349808 0.349808 0.349808 0.349808 0.349808 0.349808 0.349808 0.349808 0.349808 0.349808 0.349808 0.000000 0.000000
0.000000 0.000000 0.349993 0.349994 0.349994 0.349994 0.349993 0.349994 0.349993 0.349993 0.349993 0.349993 0.349993 0.349994 0.349993 0.349994 0.349993 0.349993 0.349993 0.000000 0.000000
0.000000 0.000000 0.349994 0.349995 0.349993 0.349994 0.349995 0.349995 0.349996 0.349995 0.349995 0.349994 0.349994 0.349993 0.349996 0.349997 0.349996 0.349996 0.349995 0.000000 0.000000
0.000000 0.000000 0.350334 0.350334 0.350333 0.350333 0.350326 0.350325 0.350325 0.350325 0.350324 0.350326 0.350322 0.350322 0.350325 0.350326 0.350326 0.350326 0.350329 0.000000 0.000000
0.000000 0.000000 0.351538 0.351538 0.351533 0.351524 0.351521 0.351511 0.351511 0.351507 0.351511 0.351510 0.351512 0.351510 0.351508 0.351513 0.351519 0.351524 0.351529 0.000000 0.000000
0.000000 0.000000 0.353295 0.353289 0.353284 0.353275 0.353265 0.353245 0.353245 0.353241 0.353244 0.353244 0.353243 0.353240 0.353254 0.353269 0.353277 0.353280 0.353285 0.000000 0.000000
0.000000 0.000000 0.355276 0.355273 0.355268 0.355255 0.355244 0.355226 0.355228 0.355225 0.355226 0.355225 0.355222 0.355218 0.355234 0.355249 0.355257 0.355261 0.355267 0.000000 0.000000
0.000000 0.000000 0.357252 0.357247 0.357240 0.357231 0.357219 0.357199 0.357201 0.357197 0.357198 0.357198 0.357195 0.357193 0.357208 0.357225 0.357232 0.357235 0.357243 0.000000 0.000000
0.000000 0.000000 0.359222 0.359216 0.359210 0.359201 0.359186 0.359167 0.359171 0.359168 0.359168 0.359169 0.359165 0.359161 0.359178 0.359196 0.359203 0.359206 0.359213 0.000000 0.000000
0.000000 0.000000 0.361227 0.361221 0.361214 0.361208 0.361197 0.361175 0.361178 0.361173 0.361173 0.361174 0.361170 0.361167 0.361181 0.361194 0.361203 0.361207 0.361215 0.000000 0.000000
0.000000 0.000000 0.363297 0.363291 0.363283 0.363272 0.363260 0.363239 0.363240 0.363237 0.363237 0.363236 0.363233 0.363229 0.363248 0.363264 0.363272 0.363276 0.363299 0.000000 0.000000
0.000000 0.000000 0.365388 0.365381 0.365373 0.365364 0.365350 0.365308 0.365309 0.365305 0.365305 0.365306 0.365301 0.365299 0.365335 0.365353 0.365361 0.365365 0.365380 0.000000 0.000000
0.000000 0.000000 0.367594 0.367585 0.367578 0.367569 0.367528 0.367516 0.367510 0.367507 0.367507 0.367507 0.367503 0.367500 0.367511 0.367554 0.367563 0.367572 0.367581 0.000000 0.000000
0.000000 0.000000 0.369966 0.369957 0.369942 0.369906 0.369887 0.369860 0.369847 0.369843 0.369837 0.369836 0.369836 0.369828 0.369847 0.369878 0.369925 0.369923 0.369931 0.000000 0.000000
0.000000 0.000000 0.372404 0.372395 0.372347 0.372339 0.372329 0.372315 0.372314 0.372312 0.372314 0.372313 0.372305 0.372309 0.372315 0.372328 0.372330 0.372378 0.372391 0.000000 0.000000
0.000000 0.000000 0.375101 0.375039 0.374996 0.374980 0.374952 0.374935 0.374932 0.374930 0.374923 0.374924 0.374922 0.374913 0.374924 0.374959 0.374982 0.375008 0.375067 0.000000 0.000000
0.000000 0.000000 0.377220 0.377202 0.377233 0.377211 0.377186 0.377129 0.377124 0.377118 0.377120 0.377120 0.377114 0.377113 0.377163 0.377194 0.377230 0.377180 0.377207 0.000000 0.000000
0.000000 0.000000 0.350000 0.350000 0.350000 0.350000 0.350000 0.350000 0.350000 0.350000 0.350000 0.350000 0.350000 0.350000 0.350000 0.350000 0.350000 0.350000 0.350000 0.000000 0.000000
0.000000 0.000000 0.000000 0.000000 0.000000 0.000000 0.000000 0.000000 0.000000 0.000000 0.000000 0.000000 0.000000 0.000000 0.000000 0.000000 0.000000 0.000000 0.000000 0.000000 0.000000