geotop/1.0zi/1.0Montebello/Templates/testdem/maps/_Eocclay1085.asc
ncols         21
nrows         20
xllcorner     100.000000
yllcorner     100.000000
cellsize      50.000000
NODATA_value  -9999.0
0.000000 0.000000 0.000000 0.000000 0.000000 0.000000 0.000000 0.000000 0.000000 0.000000 0.000000 0.000000 0.000000 0.000000 0.000000 0.000000 0.000000 0.000000 0.000000 0.000000 0.000000
0.000000 0.000000 0.349946 0.349946 0.349946 0.349946 0.349946 0.349946 0.349946 0.349946 0.349946 0.349946 0.349946 0.349946 0.349946 0.349946 0.349946 0.349946 0.349946 0.000000 0.000000
0.000000 0.000000 0.349995 0.349995 0.349994 0.349995 0.349995 0.349995 0.349995 0.349995 0.349995 0.349995 0.349995 0.349995 0.349995 0.349995 0.349994 0.349995 0.349995 0.000000 0.000000
0.000000 0.000000 0.350442 0.350442 0.350440 0.350441 0.350442 0.350442 0.350442 0.350442 0.350442 0.350442 0.350442 0.350442 0.350442 0.350441 0.350440 0.350442 0.350442 0.000000 0.000000
0.000000 0.000000 0.352116 0.352115 0.352112 0.352112 0.352116 0.352115 0.352115 0.352116 0.352116 0.352116 0.352115 0.352115 0.352116 0.352112 0.352112 0.352115 0.352116 0.000000 0.000000
0.000000 0.000000 0.353944 0.353943 0.353941 0.353941 0.353944 0.353944 0.353943 0.353944 0.353944 0.353944 0.353943 0.353944 0.353944 0.353941 0.353941 0.353943 0.353944 0.000000 0.000000
0.000000 0.000000 0.355679 0.355678 0.355677 0.355677 0.355679 0.355679 0.355679 0.355679 0.355679 0.355679 0.355679 0.355679 0.355679 0.355677 0.355677 0.355678 0.355679 0.000000 0.000000
0.000000 0.000000 0.357279 0.357279 0.357277 0.357278 0.357279 0.357279 0.357279 0.357280 0.357279 0.357280 0.357279 0.357279 0.357279 0.357278 0.357277 0.357279 0.357279 0.000000 0.000000
0.000000 0.000000 0.358780 0.358780 0.358778 0.358779 0.358780 0.358780 0.358780 0.358780 0.358780 0.358780 0.358780 0.358780 0.358780 0.358779 0.358778 0.358780 0.358780 0.000000 0.000000
0.000000 0.000000 0.360220 0.360219 0.360218 0.360218 0.360220 0.360220 0.360220 0.360220 0.360220 0.360220 0.360220 0.360220 0.360220 0.360218 0.360218 0.360219 0.360220 0.000000 0.000000
0.000000 0.000000 0.361612 0.361612 0.361611 0.361611 0.361613 0.361612 0.361612 0.361613 0.361613 0.361613 0.361612 0.361612 0.361613 0.361611 0.361611 0.361612 0.361612 0.000000 0.000000
0.000000 0.000000 0.362974 0.362973 0.362972 0.362972 0.362974 0.362973 0.362973 0.362974 0.362974 0.362974 0.362973 0.362973 0.362974 0.362972 0.362972 0.362973 0.362974 0.000000 0.000000
0.000000 0.000000 0.364312 0.364312 0.364311 0.364311 0.364312 0.364312 0.364312 0.364313 0.364313 0.364313 0.364312 0.364312 0.364312 0.364311 0.364311 0.364312 0.364312 0.000000 0.000000
0.000000 0.000000 0.365628 0.365628 0.365626 0.365627 0.365628 0.365628 0.365628 0.365628 0.365628 0.365628 0.365628 0.365628 0.365628 0.365627 0.365626 0.365628 0.365628 0.000000 0.000000
0.000000 0.000000 0.366931 0.366930 0.366929 0.366929 0.366931 0.366931 0.366931 0.366931 0.366931 0.366931 0.366931 0.366931 0.366931 0.366929 0.366929 0.366930 0.366931 0.000000 0.000000
0.000000 0.000000 0.368225 0.368225 0.368224 0.368224 0.368225 0.368225 0.368225 0.368226 0.368225 0.368226 0.368225 0.368225 0.368225 0.368224 0.368224 0.368225 0.368225 0.000000 0.000000
0.000000 0.000000 0.369506 0.369506 0.369505 0.369505 0.369507 0.369506 0.369506 0.369507 0.369507 0.369507 0.369506 0.369506 0.369507 0.369505 0.369505 0.369506 0.369506 0.000000 0.000000
0.000000 0.000000 0.370815 0.370815 0.370814 0.370814 0.370815 0.370815 0.370815 0.370815 0.370815 0.370815 0.370815 0.370815 0.370815 0.370814 0.370814 0.370815 0.370815 0.000000 0.000000
0.000000 0.000000 0.350000 0.350000 0.350000 0.350000 0.350000 0.350000 0.350000 0.350000 0.350000 0.350000 0.350000 0.350000 0.350000 0.350000 0.350000 0.350000 0.350000 0.000000 0.000000
0.000000 0.000000 0.000000 0.000000 0.000000 0.000000 0.000000 0.000000 0.000000 0.000000 0.000000 0.000000 0.000000 0.000000 0.000000 0.000000 0.000000 0.000000 0.000000 0.000000 0.000000