geotop/1.0zi/1.0Montebello/Templates/testdem/maps/_Eocclay8726.asc
ncols         21
nrows         20
xllcorner     100.000000
yllcorner     100.000000
cellsize      50.000000
NODATA_value  -9999.0
0.000000 0.000000 0.000000 0.000000 0.000000 0.000000 0.000000 0.000000 0.000000 0.000000 0.000000 0.000000 0.000000 0.000000 0.000000 0.000000 0.000000 0.000000 0.000000 0.000000 0.000000
0.000000 0.000000 0.349594 0.349596 0.349596 0.349595 0.349597 0.349597 0.349597 0.349597 0.349596 0.349597 0.349597 0.349597 0.349597 0.349597 0.349595 0.349595 0.349596 0.000000 0.000000
0.000000 0.000000 0.349983 0.349982 0.349982 0.349984 0.349982 0.349981 0.349982 0.349981 0.349981 0.349981 0.349982 0.349981 0.349982 0.349983 0.349983 0.349982 0.349981 0.000000 0.000000
0.000000 0.000000 0.350024 0.350029 0.350026 0.350022 0.350023 0.350024 0.350026 0.350024 0.350027 0.350025 0.350025 0.350023 0.350026 0.350028 0.350027 0.350029 0.350027 0.000000 0.000000
0.000000 0.000000 0.351175 0.351168 0.351164 0.351159 0.351141 0.351140 0.351137 0.351138 0.351137 0.351138 0.351137 0.351139 0.351148 0.351150 0.351161 0.351162 0.351173 0.000000 0.000000
0.000000 0.000000 0.354436 0.354433 0.354414 0.354382 0.354363 0.354340 0.354342 0.354335 0.354340 0.354340 0.354345 0.354344 0.354356 0.354378 0.354394 0.354407 0.354414 0.000000 0.000000
0.000000 0.000000 0.358844 0.358837 0.358827 0.358799 0.358763 0.358722 0.358722 0.358717 0.358718 0.358720 0.358721 0.358721 0.358758 0.358790 0.358807 0.358820 0.358829 0.000000 0.000000
0.000000 0.000000 0.364067 0.364061 0.364051 0.364016 0.363982 0.363938 0.363938 0.363932 0.363933 0.363930 0.363928 0.363937 0.363976 0.364004 0.364033 0.364042 0.364056 0.000000 0.000000
0.000000 0.000000 0.369682 0.369671 0.369655 0.369631 0.369593 0.369548 0.369551 0.369541 0.369539 0.369537 0.369539 0.369537 0.369584 0.369622 0.369644 0.369654 0.369666 0.000000 0.000000
0.000000 0.000000 0.375727 0.375712 0.375703 0.375679 0.375623 0.375582 0.375582 0.375577 0.375571 0.375576 0.375583 0.375580 0.375620 0.375665 0.375692 0.375701 0.375710 0.000000 0.000000
0.000000 0.000000 0.382428 0.382419 0.382407 0.382354 0.382317 0.382263 0.382278 0.382246 0.382254 0.382251 0.382241 0.382260 0.382300 0.382326 0.382364 0.382382 0.382408 0.000000 0.000000
0.000000 0.000000 0.390001 0.389976 0.389951 0.389921 0.389871 0.389810 0.389802 0.389799 0.389814 0.389789 0.389801 0.389800 0.389873 0.389912 0.389934 0.389948 0.390009 0.000000 0.000000
0.000000 0.000000 0.398341 0.398316 0.398313 0.398256 0.398218 0.398030 0.398026 0.398019 0.397963 0.397997 0.398006 0.398023 0.398171 0.398206 0.398281 0.398284 0.398312 0.000000 0.000000
0.000000 0.000000 0.408375 0.408368 0.408323 0.408287 0.408028 0.408077 0.408026 0.408028 0.408054 0.408031 0.408027 0.408006 0.407966 0.408238 0.408268 0.408338 0.408385 0.000000 0.000000
0.000000 0.000000 0.420365 0.420335 0.420283 0.419940 0.420006 0.419835 0.419767 0.419751 0.419689 0.419655 0.419694 0.419689 0.419863 0.419810 0.420259 0.420174 0.420175 0.000000 0.000000
0.000000 0.000000 0.433295 0.433271 0.432785 0.432969 0.432913 0.432903 0.433101 0.433046 0.433156 0.433129 0.433044 0.433163 0.433146 0.433186 0.432748 0.433472 0.433463 0.000000 0.000000
0.000000 0.000000 0.448664 0.447959 0.448182 0.447879 0.447526 0.447425 0.447200 0.447255 0.447028 0.447055 0.447190 0.447049 0.447238 0.447499 0.448165 0.447661 0.448398 0.000000 0.000000
0.000000 0.000000 0.452819 0.453469 0.453990 0.454002 0.454052 0.453540 0.453645 0.453490 0.453760 0.453708 0.453661 0.453753 0.454177 0.454139 0.454092 0.453709 0.453067 0.000000 0.000000
0.000000 0.000000 0.350000 0.350000 0.350000 0.350000 0.350000 0.350000 0.350000 0.350000 0.350000 0.350000 0.350000 0.350000 0.350000 0.350000 0.350000 0.350000 0.350000 0.000000 0.000000
0.000000 0.000000 0.000000 0.000000 0.000000 0.000000 0.000000 0.000000 0.000000 0.000000 0.000000 0.000000 0.000000 0.000000 0.000000 0.000000 0.000000 0.000000 0.000000 0.000000 0.000000