geotop/1.0zi/1.0Montebello/Templates/testdem/maps/_Eocsand2815.asc
ncols         21
nrows         20
xllcorner     100.000000
yllcorner     100.000000
cellsize      50.000000
NODATA_value  -9999.0
0.000000 0.000000 0.000000 0.000000 0.000000 0.000000 0.000000 0.000000 0.000000 0.000000 0.000000 0.000000 0.000000 0.000000 0.000000 0.000000 0.000000 0.000000 0.000000 0.000000 0.000000
0.000000 0.000000 0.300083 0.300083 0.300083 0.300083 0.300083 0.300083 0.300083 0.300083 0.300085 0.300083 0.300083 0.300083 0.300083 0.300083 0.300083 0.300083 0.300083 0.000000 0.000000
0.000000 0.000000 0.300009 0.300010 0.300010 0.300009 0.300010 0.300010 0.300010 0.300010 0.300008 0.300010 0.300010 0.300010 0.300010 0.300009 0.300010 0.300010 0.300009 0.000000 0.000000
0.000000 0.000000 0.298002 0.298003 0.298007 0.298005 0.298002 0.298002 0.298002 0.298002 0.298002 0.298002 0.298002 0.298002 0.298002 0.298005 0.298007 0.298003 0.298002 0.000000 0.000000
0.000000 0.000000 0.289920 0.289921 0.289925 0.289925 0.289919 0.289920 0.289920 0.289917 0.289917 0.289917 0.289920 0.289920 0.289919 0.289925 0.289925 0.289921 0.289920 0.000000 0.000000
0.000000 0.000000 0.280253 0.280254 0.280257 0.280257 0.280252 0.280254 0.280254 0.280251 0.280251 0.280251 0.280254 0.280254 0.280252 0.280257 0.280257 0.280254 0.280253 0.000000 0.000000
0.000000 0.000000 0.271295 0.271296 0.271299 0.271298 0.271294 0.271296 0.271296 0.271294 0.271293 0.271294 0.271296 0.271296 0.271294 0.271298 0.271299 0.271296 0.271295 0.000000 0.000000
0.000000 0.000000 0.263136 0.263137 0.263139 0.263139 0.263135 0.263137 0.263136 0.263135 0.263134 0.263135 0.263136 0.263137 0.263135 0.263139 0.263139 0.263137 0.263136 0.000000 0.000000
0.000000 0.000000 0.255566 0.255567 0.255569 0.255569 0.255565 0.255567 0.255566 0.255565 0.255564 0.255565 0.255566 0.255567 0.255565 0.255569 0.255569 0.255567 0.255566 0.000000 0.000000
0.000000 0.000000 0.248407 0.248407 0.248410 0.248409 0.248406 0.248407 0.248407 0.248406 0.248405 0.248406 0.248407 0.248407 0.248406 0.248409 0.248410 0.248407 0.248407 0.000000 0.000000
0.000000 0.000000 0.241573 0.241574 0.241576 0.241575 0.241573 0.241574 0.241574 0.241572 0.241572 0.241572 0.241574 0.241574 0.241573 0.241575 0.241576 0.241574 0.241573 0.000000 0.000000
0.000000 0.000000 0.234999 0.235000 0.235002 0.235001 0.234998 0.234999 0.234999 0.234998 0.234997 0.234998 0.234999 0.234999 0.234998 0.235001 0.235002 0.235000 0.234999 0.000000 0.000000
0.000000 0.000000 0.228635 0.228635 0.228637 0.228636 0.228634 0.228635 0.228635 0.228634 0.228633 0.228634 0.228635 0.228635 0.228634 0.228636 0.228637 0.228635 0.228635 0.000000 0.000000
0.000000 0.000000 0.222437 0.222437 0.222440 0.222439 0.222436 0.222437 0.222437 0.222436 0.222435 0.222436 0.222437 0.222437 0.222436 0.222439 0.222440 0.222437 0.222437 0.000000 0.000000
0.000000 0.000000 0.216389 0.216389 0.216391 0.216391 0.216388 0.216389 0.216389 0.216388 0.216387 0.216388 0.216389 0.216389 0.216388 0.216391 0.216391 0.216389 0.216389 0.000000 0.000000
0.000000 0.000000 0.210479 0.210480 0.210482 0.210481 0.210479 0.210480 0.210479 0.210478 0.210478 0.210478 0.210479 0.210480 0.210479 0.210481 0.210482 0.210480 0.210479 0.000000 0.000000
0.000000 0.000000 0.204699 0.204699 0.204701 0.204700 0.204698 0.204699 0.204699 0.204698 0.204697 0.204698 0.204699 0.204699 0.204698 0.204700 0.204701 0.204699 0.204699 0.000000 0.000000
0.000000 0.000000 0.198940 0.198940 0.198942 0.198941 0.198939 0.198940 0.198940 0.198939 0.198938 0.198939 0.198940 0.198940 0.198939 0.198941 0.198942 0.198940 0.198939 0.000000 0.000000
0.000000 0.000000 0.300000 0.300000 0.300000 0.300000 0.300000 0.300000 0.300000 0.300000 0.300000 0.300000 0.300000 0.300000 0.300000 0.300000 0.300000 0.300000 0.300000 0.000000 0.000000
0.000000 0.000000 0.000000 0.000000 0.000000 0.000000 0.000000 0.000000 0.000000 0.000000 0.000000 0.000000 0.000000 0.000000 0.000000 0.000000 0.000000 0.000000 0.000000 0.000000 0.000000