geotop/1.0zi/1.0Montebello/Templates/testdem/maps/_Eocsilt6663.asc
ncols         21
nrows         20
xllcorner     100.000000
yllcorner     100.000000
cellsize      50.000000
NODATA_value  -9999.0
0.000000 0.000000 0.000000 0.000000 0.000000 0.000000 0.000000 0.000000 0.000000 0.000000 0.000000 0.000000 0.000000 0.000000 0.000000 0.000000 0.000000 0.000000 0.000000 0.000000 0.000000
0.000000 0.000000 0.350134 0.350135 0.350135 0.350135 0.350135 0.350135 0.350135 0.350135 0.350135 0.350135 0.350135 0.350135 0.350135 0.350135 0.350135 0.350135 0.350134 0.000000 0.000000
0.000000 0.000000 0.350003 0.350002 0.350002 0.350002 0.350003 0.350003 0.350003 0.350003 0.350003 0.350003 0.350003 0.350003 0.350003 0.350002 0.350001 0.350001 0.350002 0.000000 0.000000
0.000000 0.000000 0.350056 0.350053 0.350053 0.350047 0.350048 0.350046 0.350048 0.350049 0.350047 0.350047 0.350047 0.350047 0.350049 0.350052 0.350054 0.350055 0.350056 0.000000 0.000000
0.000000 0.000000 0.350639 0.350645 0.350642 0.350634 0.350631 0.350625 0.350624 0.350621 0.350620 0.350623 0.350624 0.350624 0.350632 0.350635 0.350636 0.350643 0.350648 0.000000 0.000000
0.000000 0.000000 0.352447 0.352449 0.352442 0.352428 0.352415 0.352397 0.352396 0.352391 0.352395 0.352396 0.352397 0.352395 0.352402 0.352411 0.352420 0.352426 0.352431 0.000000 0.000000
0.000000 0.000000 0.355207 0.355205 0.355197 0.355175 0.355150 0.355125 0.355126 0.355123 0.355124 0.355122 0.355119 0.355123 0.355143 0.355165 0.355179 0.355191 0.355198 0.000000 0.000000
0.000000 0.000000 0.358559 0.358559 0.358556 0.358534 0.358510 0.358481 0.358481 0.358478 0.358477 0.358475 0.358473 0.358477 0.358500 0.358523 0.358544 0.358548 0.358559 0.000000 0.000000
0.000000 0.000000 0.362094 0.362088 0.362077 0.362063 0.362038 0.362005 0.362007 0.362000 0.361997 0.361996 0.361998 0.361996 0.362026 0.362053 0.362070 0.362077 0.362087 0.000000 0.000000
0.000000 0.000000 0.365699 0.365693 0.365688 0.365676 0.365642 0.365613 0.365615 0.365610 0.365605 0.365608 0.365612 0.365609 0.365633 0.365663 0.365681 0.365686 0.365693 0.000000 0.000000
0.000000 0.000000 0.369454 0.369450 0.369446 0.369419 0.369396 0.369364 0.369371 0.369354 0.369355 0.369355 0.369349 0.369359 0.369379 0.369398 0.369420 0.369431 0.369447 0.000000 0.000000
0.000000 0.000000 0.373465 0.373455 0.373445 0.373426 0.373403 0.373363 0.373363 0.373355 0.373364 0.373352 0.373355 0.373358 0.373394 0.373414 0.373430 0.373437 0.373476 0.000000 0.000000
0.000000 0.000000 0.377646 0.377636 0.377631 0.377609 0.377589 0.377501 0.377500 0.377493 0.377473 0.377481 0.377488 0.377495 0.377559 0.377580 0.377614 0.377617 0.377643 0.000000 0.000000
0.000000 0.000000 0.382280 0.382276 0.382261 0.382245 0.382153 0.382138 0.382117 0.382116 0.382114 0.382112 0.382112 0.382108 0.382112 0.382210 0.382235 0.382261 0.382288 0.000000 0.000000
0.000000 0.000000 0.387490 0.387483 0.387462 0.387358 0.387335 0.387284 0.387251 0.387246 0.387227 0.387212 0.387225 0.387218 0.387262 0.387297 0.387440 0.387427 0.387441 0.000000 0.000000
0.000000 0.000000 0.393100 0.393093 0.392952 0.392943 0.392937 0.392906 0.392943 0.392924 0.392941 0.392925 0.392908 0.392939 0.392955 0.392966 0.392932 0.393116 0.393119 0.000000 0.000000
0.000000 0.000000 0.399737 0.399535 0.399499 0.399437 0.399337 0.399300 0.399273 0.399275 0.399226 0.399223 0.399247 0.399230 0.399279 0.399357 0.399484 0.399483 0.399691 0.000000 0.000000
0.000000 0.000000 0.404079 0.404147 0.404337 0.404298 0.404250 0.404067 0.404069 0.404025 0.404068 0.404053 0.404061 0.404070 0.404234 0.404272 0.404365 0.404180 0.404124 0.000000 0.000000
0.000000 0.000000 0.350000 0.350000 0.350000 0.350000 0.350000 0.350000 0.350000 0.350000 0.350000 0.350000 0.350000 0.350000 0.350000 0.350000 0.350000 0.350000 0.350000 0.000000 0.000000
0.000000 0.000000 0.000000 0.000000 0.000000 0.000000 0.000000 0.000000 0.000000 0.000000 0.000000 0.000000 0.000000 0.000000 0.000000 0.000000 0.000000 0.000000 0.000000 0.000000 0.000000