geotop/1.0zi/1.0Montebello/Templates/testdem/maps/_Eocclay3200.asc
ncols         21
nrows         20
xllcorner     100.000000
yllcorner     100.000000
cellsize      50.000000
NODATA_value  -9999.0
0.000000 0.000000 0.000000 0.000000 0.000000 0.000000 0.000000 0.000000 0.000000 0.000000 0.000000 0.000000 0.000000 0.000000 0.000000 0.000000 0.000000 0.000000 0.000000 0.000000 0.000000
0.000000 0.000000 0.349824 0.349824 0.349824 0.349823 0.349824 0.349824 0.349824 0.349824 0.349823 0.349824 0.349824 0.349824 0.349824 0.349823 0.349824 0.349824 0.349824 0.000000 0.000000
0.000000 0.000000 0.349995 0.349995 0.349995 0.349995 0.349995 0.349995 0.349995 0.349995 0.349996 0.349995 0.349995 0.349995 0.349995 0.349995 0.349995 0.349995 0.349995 0.000000 0.000000
0.000000 0.000000 0.351262 0.351261 0.351259 0.351260 0.351261 0.351261 0.351261 0.351261 0.351261 0.351261 0.351261 0.351261 0.351261 0.351260 0.351259 0.351261 0.351262 0.000000 0.000000
0.000000 0.000000 0.356272 0.356270 0.356269 0.356269 0.356272 0.356271 0.356271 0.356272 0.356273 0.356272 0.356271 0.356271 0.356272 0.356269 0.356269 0.356270 0.356272 0.000000 0.000000
0.000000 0.000000 0.361792 0.361791 0.361790 0.361790 0.361792 0.361791 0.361791 0.361792 0.361793 0.361792 0.361791 0.361791 0.361792 0.361790 0.361790 0.361791 0.361792 0.000000 0.000000
0.000000 0.000000 0.366949 0.366949 0.366947 0.366947 0.366949 0.366949 0.366949 0.366949 0.366950 0.366949 0.366949 0.366949 0.366949 0.366947 0.366947 0.366949 0.366949 0.000000 0.000000
0.000000 0.000000 0.371641 0.371641 0.371640 0.371640 0.371641 0.371641 0.371641 0.371642 0.371642 0.371642 0.371641 0.371641 0.371641 0.371640 0.371640 0.371641 0.371641 0.000000 0.000000
0.000000 0.000000 0.375982 0.375981 0.375980 0.375980 0.375982 0.375981 0.375981 0.375982 0.375982 0.375982 0.375981 0.375981 0.375982 0.375980 0.375980 0.375981 0.375982 0.000000 0.000000
0.000000 0.000000 0.380072 0.380072 0.380070 0.380071 0.380072 0.380072 0.380072 0.380072 0.380073 0.380072 0.380072 0.380072 0.380072 0.380071 0.380070 0.380072 0.380072 0.000000 0.000000
0.000000 0.000000 0.383963 0.383962 0.383961 0.383961 0.383963 0.383962 0.383962 0.383963 0.383963 0.383963 0.383962 0.383962 0.383963 0.383961 0.383961 0.383962 0.383963 0.000000 0.000000
0.000000 0.000000 0.387690 0.387690 0.387689 0.387689 0.387690 0.387690 0.387690 0.387690 0.387691 0.387690 0.387690 0.387690 0.387690 0.387689 0.387689 0.387690 0.387690 0.000000 0.000000
0.000000 0.000000 0.391281 0.391281 0.391280 0.391280 0.391281 0.391281 0.391281 0.391282 0.391282 0.391282 0.391281 0.391281 0.391281 0.391280 0.391280 0.391281 0.391281 0.000000 0.000000
0.000000 0.000000 0.394767 0.394766 0.394765 0.394766 0.394767 0.394766 0.394766 0.394767 0.394767 0.394767 0.394766 0.394766 0.394767 0.394766 0.394765 0.394766 0.394767 0.000000 0.000000
0.000000 0.000000 0.398154 0.398153 0.398152 0.398153 0.398154 0.398153 0.398153 0.398154 0.398154 0.398154 0.398153 0.398153 0.398154 0.398153 0.398152 0.398153 0.398154 0.000000 0.000000
0.000000 0.000000 0.401448 0.401448 0.401447 0.401447 0.401448 0.401448 0.401448 0.401448 0.401449 0.401448 0.401448 0.401448 0.401448 0.401447 0.401447 0.401448 0.401448 0.000000 0.000000
0.000000 0.000000 0.404661 0.404660 0.404659 0.404660 0.404661 0.404660 0.404660 0.404661 0.404661 0.404661 0.404660 0.404660 0.404661 0.404660 0.404659 0.404660 0.404661 0.000000 0.000000
0.000000 0.000000 0.407858 0.407859 0.407857 0.407858 0.407859 0.407858 0.407859 0.407859 0.407859 0.407859 0.407859 0.407858 0.407859 0.407858 0.407857 0.407859 0.407859 0.000000 0.000000
0.000000 0.000000 0.350000 0.350000 0.350000 0.350000 0.350000 0.350000 0.350000 0.350000 0.350000 0.350000 0.350000 0.350000 0.350000 0.350000 0.350000 0.350000 0.350000 0.000000 0.000000
0.000000 0.000000 0.000000 0.000000 0.000000 0.000000 0.000000 0.000000 0.000000 0.000000 0.000000 0.000000 0.000000 0.000000 0.000000 0.000000 0.000000 0.000000 0.000000 0.000000 0.000000