geotop/1.0zi/1.0Montebello/Templates/testdem/maps/_Eocsilt7449.asc
ncols         21
nrows         20
xllcorner     100.000000
yllcorner     100.000000
cellsize      50.000000
NODATA_value  -9999.0
0.000000 0.000000 0.000000 0.000000 0.000000 0.000000 0.000000 0.000000 0.000000 0.000000 0.000000 0.000000 0.000000 0.000000 0.000000 0.000000 0.000000 0.000000 0.000000 0.000000 0.000000
0.000000 0.000000 0.350152 0.350153 0.350153 0.350153 0.350153 0.350153 0.350153 0.350153 0.350153 0.350152 0.350152 0.350152 0.350152 0.350152 0.350153 0.350153 0.350152 0.000000 0.000000
0.000000 0.000000 0.350005 0.350004 0.350004 0.350004 0.350004 0.350004 0.350004 0.350004 0.350005 0.350005 0.350005 0.350005 0.350004 0.350004 0.350002 0.350002 0.350004 0.000000 0.000000
0.000000 0.000000 0.350103 0.350099 0.350098 0.350091 0.350093 0.350088 0.350091 0.350091 0.350088 0.350090 0.350090 0.350090 0.350092 0.350095 0.350099 0.350099 0.350100 0.000000 0.000000
0.000000 0.000000 0.350954 0.350960 0.350955 0.350945 0.350939 0.350933 0.350929 0.350928 0.350928 0.350928 0.350929 0.350931 0.350944 0.350948 0.350950 0.350960 0.350962 0.000000 0.000000
0.000000 0.000000 0.353320 0.353322 0.353312 0.353297 0.353279 0.353258 0.353257 0.353251 0.353255 0.353256 0.353257 0.353256 0.353267 0.353279 0.353291 0.353299 0.353304 0.000000 0.000000
0.000000 0.000000 0.356713 0.356710 0.356699 0.356675 0.356645 0.356614 0.356615 0.356611 0.356612 0.356610 0.356607 0.356612 0.356640 0.356665 0.356681 0.356695 0.356702 0.000000 0.000000
0.000000 0.000000 0.360756 0.360755 0.360750 0.360724 0.360696 0.360661 0.360661 0.360657 0.360656 0.360653 0.360651 0.360657 0.360688 0.360714 0.360738 0.360744 0.360756 0.000000 0.000000
0.000000 0.000000 0.365068 0.365060 0.365047 0.365030 0.365000 0.364961 0.364963 0.364954 0.364952 0.364950 0.364951 0.364950 0.364989 0.365020 0.365040 0.365050 0.365060 0.000000 0.000000
0.000000 0.000000 0.369546 0.369538 0.369531 0.369516 0.369474 0.369439 0.369439 0.369435 0.369429 0.369432 0.369437 0.369435 0.369467 0.369502 0.369524 0.369531 0.369538 0.000000 0.000000
0.000000 0.000000 0.374310 0.374305 0.374298 0.374263 0.374233 0.374194 0.374203 0.374181 0.374183 0.374183 0.374175 0.374189 0.374217 0.374240 0.374267 0.374281 0.374300 0.000000 0.000000
0.000000 0.000000 0.379509 0.379496 0.379480 0.379457 0.379426 0.379376 0.379374 0.379367 0.379378 0.379362 0.379366 0.379370 0.379421 0.379446 0.379465 0.379475 0.379521 0.000000 0.000000
0.000000 0.000000 0.385033 0.385019 0.385012 0.384982 0.384954 0.384834 0.384832 0.384825 0.384794 0.384809 0.384816 0.384827 0.384920 0.384945 0.384992 0.384997 0.385023 0.000000 0.000000
0.000000 0.000000 0.391345 0.391339 0.391316 0.391294 0.391153 0.391150 0.391120 0.391121 0.391124 0.391118 0.391114 0.391110 0.391107 0.391253 0.391283 0.391322 0.391353 0.000000 0.000000
0.000000 0.000000 0.398631 0.398619 0.398588 0.398419 0.398412 0.398329 0.398285 0.398276 0.398248 0.398225 0.398244 0.398239 0.398319 0.398338 0.398565 0.398537 0.398547 0.000000 0.000000
0.000000 0.000000 0.406589 0.406576 0.406338 0.406370 0.406356 0.406319 0.406397 0.406368 0.406407 0.406385 0.406350 0.406409 0.406428 0.406442 0.406315 0.406645 0.406642 0.000000 0.000000
0.000000 0.000000 0.416368 0.415997 0.416015 0.415891 0.415704 0.415647 0.415569 0.415585 0.415484 0.415489 0.415542 0.415496 0.415588 0.415726 0.415999 0.415884 0.416266 0.000000 0.000000
0.000000 0.000000 0.421303 0.421575 0.421919 0.421891 0.421865 0.421542 0.421571 0.421485 0.421606 0.421577 0.421570 0.421607 0.421888 0.421907 0.421980 0.421680 0.421420 0.000000 0.000000
0.000000 0.000000 0.350000 0.350000 0.350000 0.350000 0.350000 0.350000 0.350000 0.350000 0.350000 0.350000 0.350000 0.350000 0.350000 0.350000 0.350000 0.350000 0.350000 0.000000 0.000000
0.000000 0.000000 0.000000 0.000000 0.000000 0.000000 0.000000 0.000000 0.000000 0.000000 0.000000 0.000000 0.000000 0.000000 0.000000 0.000000 0.000000 0.000000 0.000000 0.000000 0.000000