geotop/1.0zi/1.0Montebello/Templates/testdem/maps/_Eocsilt8473.asc
ncols         21
nrows         20
xllcorner     100.000000
yllcorner     100.000000
cellsize      50.000000
NODATA_value  -9999.0
0.000000 0.000000 0.000000 0.000000 0.000000 0.000000 0.000000 0.000000 0.000000 0.000000 0.000000 0.000000 0.000000 0.000000 0.000000 0.000000 0.000000 0.000000 0.000000 0.000000 0.000000
0.000000 0.000000 0.350176 0.350176 0.350176 0.350177 0.350176 0.350176 0.350176 0.350176 0.350176 0.350176 0.350176 0.350176 0.350176 0.350176 0.350177 0.350176 0.350176 0.000000 0.000000
0.000000 0.000000 0.350006 0.350006 0.350006 0.350005 0.350006 0.350006 0.350006 0.350006 0.350007 0.350007 0.350007 0.350007 0.350006 0.350006 0.350004 0.350004 0.350006 0.000000 0.000000
0.000000 0.000000 0.350102 0.350098 0.350096 0.350090 0.350092 0.350087 0.350089 0.350090 0.350086 0.350089 0.350089 0.350089 0.350091 0.350095 0.350098 0.350098 0.350100 0.000000 0.000000
0.000000 0.000000 0.351073 0.351078 0.351067 0.351056 0.351047 0.351040 0.351039 0.351036 0.351037 0.351039 0.351043 0.351042 0.351054 0.351059 0.351062 0.351072 0.351074 0.000000 0.000000
0.000000 0.000000 0.353906 0.353903 0.353895 0.353876 0.353855 0.353834 0.353831 0.353825 0.353830 0.353831 0.353834 0.353831 0.353845 0.353858 0.353871 0.353878 0.353885 0.000000 0.000000
0.000000 0.000000 0.358002 0.357995 0.357985 0.357956 0.357921 0.357885 0.357886 0.357882 0.357882 0.357882 0.357880 0.357884 0.357916 0.357943 0.357961 0.357976 0.357983 0.000000 0.000000
0.000000 0.000000 0.362849 0.362845 0.362838 0.362808 0.362776 0.362735 0.362735 0.362729 0.362729 0.362727 0.362725 0.362732 0.362767 0.362795 0.362822 0.362828 0.362841 0.000000 0.000000
0.000000 0.000000 0.368085 0.368073 0.368058 0.368037 0.368001 0.367955 0.367957 0.367947 0.367945 0.367944 0.367946 0.367944 0.367989 0.368024 0.368046 0.368057 0.368068 0.000000 0.000000
0.000000 0.000000 0.373640 0.373628 0.373619 0.373600 0.373549 0.373508 0.373508 0.373503 0.373496 0.373501 0.373506 0.373504 0.373541 0.373583 0.373608 0.373616 0.373624 0.000000 0.000000
0.000000 0.000000 0.379693 0.379686 0.379677 0.379629 0.379596 0.379544 0.379558 0.379528 0.379535 0.379532 0.379523 0.379539 0.379576 0.379601 0.379634 0.379651 0.379674 0.000000 0.000000
0.000000 0.000000 0.386461 0.386440 0.386420 0.386394 0.386350 0.386290 0.386284 0.386279 0.386292 0.386271 0.386280 0.386281 0.386346 0.386380 0.386400 0.386414 0.386468 0.000000 0.000000
0.000000 0.000000 0.393826 0.393804 0.393802 0.393755 0.393721 0.393555 0.393551 0.393544 0.393497 0.393525 0.393532 0.393547 0.393675 0.393705 0.393769 0.393774 0.393801 0.000000 0.000000
0.000000 0.000000 0.402535 0.402529 0.402494 0.402464 0.402251 0.402275 0.402232 0.402233 0.402249 0.402233 0.402229 0.402213 0.402189 0.402412 0.402442 0.402501 0.402541 0.000000 0.000000
0.000000 0.000000 0.412837 0.412814 0.412770 0.412496 0.412531 0.412392 0.412333 0.412319 0.412271 0.412240 0.412271 0.412265 0.412401 0.412378 0.412740 0.412679 0.412683 0.000000 0.000000
0.000000 0.000000 0.424029 0.424009 0.423618 0.423741 0.423705 0.423678 0.423829 0.423782 0.423863 0.423839 0.423773 0.423868 0.423868 0.423893 0.423581 0.424154 0.424145 0.000000 0.000000
0.000000 0.000000 0.437552 0.436962 0.437111 0.436877 0.436583 0.436494 0.436322 0.436362 0.436181 0.436201 0.436305 0.436199 0.436352 0.436568 0.437086 0.436728 0.437341 0.000000 0.000000
0.000000 0.000000 0.442057 0.442587 0.443051 0.443053 0.443083 0.442633 0.442713 0.442580 0.442801 0.442757 0.442722 0.442796 0.443169 0.443146 0.443134 0.442780 0.442258 0.000000 0.000000
0.000000 0.000000 0.350000 0.350000 0.350000 0.350000 0.350000 0.350000 0.350000 0.350000 0.350000 0.350000 0.350000 0.350000 0.350000 0.350000 0.350000 0.350000 0.350000 0.000000 0.000000
0.000000 0.000000 0.000000 0.000000 0.000000 0.000000 0.000000 0.000000 0.000000 0.000000 0.000000 0.000000 0.000000 0.000000 0.000000 0.000000 0.000000 0.000000 0.000000 0.000000 0.000000