geotop/1.0zi/1.0Montebello/Templates/testdem/maps/_Eocclay3204.asc
ncols         21
nrows         20
xllcorner     100.000000
yllcorner     100.000000
cellsize      50.000000
NODATA_value  -9999.0
0.000000 0.000000 0.000000 0.000000 0.000000 0.000000 0.000000 0.000000 0.000000 0.000000 0.000000 0.000000 0.000000 0.000000 0.000000 0.000000 0.000000 0.000000 0.000000 0.000000 0.000000
0.000000 0.000000 0.349824 0.349824 0.349824 0.349823 0.349824 0.349824 0.349824 0.349824 0.349823 0.349824 0.349824 0.349824 0.349824 0.349823 0.349824 0.349824 0.349824 0.000000 0.000000
0.000000 0.000000 0.349995 0.349995 0.349995 0.349995 0.349995 0.349995 0.349995 0.349995 0.349996 0.349995 0.349995 0.349995 0.349995 0.349995 0.349995 0.349995 0.349995 0.000000 0.000000
0.000000 0.000000 0.351261 0.351261 0.351259 0.351260 0.351261 0.351261 0.351261 0.351261 0.351261 0.351261 0.351261 0.351261 0.351261 0.351260 0.351259 0.351261 0.351261 0.000000 0.000000
0.000000 0.000000 0.356272 0.356271 0.356269 0.356269 0.356272 0.356271 0.356271 0.356273 0.356273 0.356273 0.356271 0.356271 0.356272 0.356269 0.356269 0.356271 0.356272 0.000000 0.000000
0.000000 0.000000 0.361793 0.361792 0.361791 0.361791 0.361793 0.361792 0.361792 0.361793 0.361794 0.361793 0.361792 0.361792 0.361793 0.361791 0.361791 0.361792 0.361793 0.000000 0.000000
0.000000 0.000000 0.366952 0.366952 0.366950 0.366951 0.366953 0.366952 0.366952 0.366953 0.366953 0.366953 0.366952 0.366952 0.366953 0.366951 0.366950 0.366952 0.366952 0.000000 0.000000
0.000000 0.000000 0.371648 0.371647 0.371646 0.371646 0.371648 0.371647 0.371647 0.371648 0.371648 0.371648 0.371647 0.371647 0.371648 0.371646 0.371646 0.371647 0.371648 0.000000 0.000000
0.000000 0.000000 0.375991 0.375991 0.375989 0.375990 0.375991 0.375990 0.375991 0.375991 0.375992 0.375991 0.375991 0.375990 0.375991 0.375990 0.375989 0.375991 0.375991 0.000000 0.000000
0.000000 0.000000 0.380085 0.380084 0.380083 0.380083 0.380085 0.380084 0.380084 0.380085 0.380085 0.380085 0.380084 0.380084 0.380085 0.380083 0.380083 0.380084 0.380085 0.000000 0.000000
0.000000 0.000000 0.383978 0.383978 0.383977 0.383977 0.383978 0.383978 0.383978 0.383978 0.383979 0.383978 0.383978 0.383978 0.383978 0.383977 0.383977 0.383978 0.383978 0.000000 0.000000
0.000000 0.000000 0.387709 0.387709 0.387708 0.387708 0.387709 0.387709 0.387709 0.387709 0.387710 0.387709 0.387709 0.387709 0.387709 0.387708 0.387708 0.387709 0.387709 0.000000 0.000000
0.000000 0.000000 0.391304 0.391303 0.391302 0.391303 0.391304 0.391303 0.391303 0.391304 0.391304 0.391304 0.391303 0.391303 0.391304 0.391303 0.391302 0.391303 0.391304 0.000000 0.000000
0.000000 0.000000 0.394792 0.394792 0.394791 0.394791 0.394792 0.394792 0.394792 0.394792 0.394793 0.394792 0.394792 0.394792 0.394792 0.394791 0.394791 0.394792 0.394792 0.000000 0.000000
0.000000 0.000000 0.398182 0.398182 0.398181 0.398181 0.398182 0.398182 0.398182 0.398183 0.398183 0.398183 0.398182 0.398182 0.398182 0.398181 0.398181 0.398182 0.398182 0.000000 0.000000
0.000000 0.000000 0.401480 0.401480 0.401479 0.401479 0.401480 0.401480 0.401480 0.401480 0.401481 0.401480 0.401480 0.401480 0.401480 0.401479 0.401479 0.401480 0.401480 0.000000 0.000000
0.000000 0.000000 0.404696 0.404695 0.404694 0.404695 0.404696 0.404695 0.404695 0.404696 0.404696 0.404696 0.404695 0.404695 0.404696 0.404695 0.404694 0.404695 0.404696 0.000000 0.000000
0.000000 0.000000 0.407896 0.407896 0.407895 0.407895 0.407896 0.407896 0.407896 0.407896 0.407897 0.407896 0.407896 0.407896 0.407896 0.407895 0.407895 0.407896 0.407896 0.000000 0.000000
0.000000 0.000000 0.350000 0.350000 0.350000 0.350000 0.350000 0.350000 0.350000 0.350000 0.350000 0.350000 0.350000 0.350000 0.350000 0.350000 0.350000 0.350000 0.350000 0.000000 0.000000
0.000000 0.000000 0.000000 0.000000 0.000000 0.000000 0.000000 0.000000 0.000000 0.000000 0.000000 0.000000 0.000000 0.000000 0.000000 0.000000 0.000000 0.000000 0.000000 0.000000 0.000000