geotop/1.0zi/1.0Montebello/Templates/testdem/maps/_Eocsilt9734.asc
ncols         21
nrows         20
xllcorner     100.000000
yllcorner     100.000000
cellsize      50.000000
NODATA_value  -9999.0
0.000000 0.000000 0.000000 0.000000 0.000000 0.000000 0.000000 0.000000 0.000000 0.000000 0.000000 0.000000 0.000000 0.000000 0.000000 0.000000 0.000000 0.000000 0.000000 0.000000 0.000000
0.000000 0.000000 0.350207 0.350207 0.350207 0.350207 0.350206 0.350206 0.350207 0.350206 0.350207 0.350206 0.350206 0.350206 0.350206 0.350207 0.350207 0.350207 0.350207 0.000000 0.000000
0.000000 0.000000 0.350008 0.350008 0.350008 0.350007 0.350009 0.350008 0.350008 0.350008 0.350009 0.350008 0.350009 0.350009 0.350008 0.350007 0.350006 0.350006 0.350007 0.000000 0.000000
0.000000 0.000000 0.350150 0.350147 0.350141 0.350137 0.350137 0.350131 0.350135 0.350136 0.350133 0.350136 0.350137 0.350137 0.350139 0.350142 0.350148 0.350149 0.350150 0.000000 0.000000
0.000000 0.000000 0.351496 0.351502 0.351493 0.351472 0.351463 0.351456 0.351459 0.351456 0.351455 0.351458 0.351464 0.351462 0.351475 0.351484 0.351488 0.351494 0.351498 0.000000 0.000000
0.000000 0.000000 0.355157 0.355151 0.355137 0.355111 0.355078 0.355052 0.355050 0.355044 0.355045 0.355046 0.355051 0.355048 0.355066 0.355090 0.355102 0.355110 0.355117 0.000000 0.000000
0.000000 0.000000 0.360298 0.360288 0.360272 0.360234 0.360192 0.360140 0.360142 0.360137 0.360133 0.360132 0.360130 0.360135 0.360178 0.360210 0.360231 0.360246 0.360253 0.000000 0.000000
0.000000 0.000000 0.366394 0.366381 0.366367 0.366324 0.366279 0.366230 0.366232 0.366225 0.366219 0.366216 0.366215 0.366223 0.366263 0.366301 0.366334 0.366340 0.366354 0.000000 0.000000
0.000000 0.000000 0.373108 0.373089 0.373065 0.373031 0.372980 0.372920 0.372925 0.372913 0.372905 0.372903 0.372907 0.372904 0.372963 0.373007 0.373033 0.373045 0.373057 0.000000 0.000000
0.000000 0.000000 0.380494 0.380470 0.380450 0.380414 0.380359 0.380297 0.380298 0.380289 0.380276 0.380281 0.380289 0.380286 0.380333 0.380390 0.380420 0.380431 0.380437 0.000000 0.000000
0.000000 0.000000 0.388858 0.388838 0.388819 0.388739 0.388713 0.388630 0.388647 0.388607 0.388610 0.388604 0.388591 0.388613 0.388666 0.388701 0.388743 0.388758 0.388794 0.000000 0.000000
0.000000 0.000000 0.398600 0.398556 0.398508 0.398470 0.398426 0.398321 0.398320 0.398314 0.398326 0.398291 0.398308 0.398303 0.398397 0.398451 0.398474 0.398487 0.398559 0.000000 0.000000
0.000000 0.000000 0.409543 0.409503 0.409491 0.409415 0.409362 0.409089 0.409084 0.409067 0.408971 0.409029 0.409035 0.409059 0.409262 0.409308 0.409408 0.409413 0.409431 0.000000 0.000000
0.000000 0.000000 0.423017 0.422998 0.422912 0.422858 0.422482 0.422611 0.422529 0.422529 0.422577 0.422526 0.422518 0.422479 0.422359 0.422773 0.422789 0.422886 0.422944 0.000000 0.000000
0.000000 0.000000 0.438197 0.438153 0.438078 0.437600 0.437796 0.437499 0.437432 0.437400 0.437292 0.437255 0.437310 0.437313 0.437575 0.437385 0.438009 0.437864 0.437842 0.000000 0.000000
0.000000 0.000000 0.451570 0.451544 0.451044 0.451299 0.451209 0.451227 0.451445 0.451385 0.451501 0.451481 0.451388 0.451506 0.451439 0.451522 0.450967 0.451728 0.451717 0.000000 0.000000
0.000000 0.000000 0.462531 0.462204 0.462263 0.462138 0.461961 0.461906 0.461816 0.461836 0.461733 0.461745 0.461802 0.461745 0.461833 0.461966 0.462231 0.462061 0.462401 0.000000 0.000000
0.000000 0.000000 0.467802 0.467717 0.467899 0.467799 0.467694 0.467542 0.467499 0.467478 0.467467 0.467463 0.467494 0.467473 0.467624 0.467703 0.467897 0.467656 0.467746 0.000000 0.000000
0.000000 0.000000 0.350000 0.350000 0.350000 0.350000 0.350000 0.350000 0.350000 0.350000 0.350000 0.350000 0.350000 0.350000 0.350000 0.350000 0.350000 0.350000 0.350000 0.000000 0.000000
0.000000 0.000000 0.000000 0.000000 0.000000 0.000000 0.000000 0.000000 0.000000 0.000000 0.000000 0.000000 0.000000 0.000000 0.000000 0.000000 0.000000 0.000000 0.000000 0.000000 0.000000