geotop/1.0zi/1.0Montebello/Templates/testdem/maps/_Eocsilt0717.asc
ncols         21
nrows         20
xllcorner     100.000000
yllcorner     100.000000
cellsize      50.000000
NODATA_value  -9999.0
0.000000 0.000000 0.000000 0.000000 0.000000 0.000000 0.000000 0.000000 0.000000 0.000000 0.000000 0.000000 0.000000 0.000000 0.000000 0.000000 0.000000 0.000000 0.000000 0.000000 0.000000
0.000000 0.000000 0.350013 0.350013 0.350013 0.350013 0.350013 0.350013 0.350013 0.350013 0.350013 0.350013 0.350013 0.350013 0.350013 0.350013 0.350013 0.350013 0.350013 0.000000 0.000000
0.000000 0.000000 0.350000 0.350000 0.350000 0.350000 0.350000 0.350000 0.350000 0.350000 0.350000 0.350000 0.350000 0.350000 0.350000 0.350000 0.350000 0.350000 0.350000 0.000000 0.000000
0.000000 0.000000 0.350328 0.350327 0.350325 0.350326 0.350328 0.350328 0.350327 0.350328 0.350328 0.350328 0.350327 0.350328 0.350328 0.350326 0.350325 0.350327 0.350328 0.000000 0.000000
0.000000 0.000000 0.351411 0.351410 0.351408 0.351408 0.351411 0.351411 0.351410 0.351411 0.351411 0.351411 0.351410 0.351411 0.351411 0.351408 0.351408 0.351410 0.351411 0.000000 0.000000
0.000000 0.000000 0.352671 0.352670 0.352668 0.352668 0.352671 0.352671 0.352670 0.352671 0.352671 0.352671 0.352670 0.352671 0.352671 0.352668 0.352668 0.352670 0.352671 0.000000 0.000000
0.000000 0.000000 0.353821 0.353821 0.353819 0.353819 0.353821 0.353821 0.353821 0.353821 0.353821 0.353821 0.353821 0.353821 0.353821 0.353819 0.353819 0.353821 0.353821 0.000000 0.000000
0.000000 0.000000 0.354883 0.354883 0.354881 0.354882 0.354883 0.354883 0.354883 0.354883 0.354883 0.354883 0.354883 0.354883 0.354883 0.354882 0.354881 0.354883 0.354883 0.000000 0.000000
0.000000 0.000000 0.355883 0.355882 0.355881 0.355881 0.355883 0.355883 0.355883 0.355883 0.355883 0.355883 0.355883 0.355883 0.355883 0.355881 0.355881 0.355882 0.355883 0.000000 0.000000
0.000000 0.000000 0.356844 0.356844 0.356842 0.356843 0.356844 0.356844 0.356844 0.356844 0.356844 0.356844 0.356844 0.356844 0.356844 0.356843 0.356842 0.356844 0.356844 0.000000 0.000000
0.000000 0.000000 0.357775 0.357775 0.357774 0.357774 0.357775 0.357775 0.357775 0.357775 0.357775 0.357775 0.357775 0.357775 0.357775 0.357774 0.357774 0.357775 0.357775 0.000000 0.000000
0.000000 0.000000 0.358687 0.358687 0.358685 0.358686 0.358687 0.358687 0.358687 0.358687 0.358687 0.358687 0.358687 0.358687 0.358687 0.358686 0.358685 0.358687 0.358687 0.000000 0.000000
0.000000 0.000000 0.359582 0.359581 0.359580 0.359580 0.359582 0.359582 0.359581 0.359582 0.359582 0.359582 0.359581 0.359582 0.359582 0.359580 0.359580 0.359581 0.359582 0.000000 0.000000
0.000000 0.000000 0.360462 0.360462 0.360460 0.360461 0.360462 0.360462 0.360462 0.360462 0.360462 0.360462 0.360462 0.360462 0.360462 0.360461 0.360460 0.360462 0.360462 0.000000 0.000000
0.000000 0.000000 0.361333 0.361333 0.361332 0.361332 0.361333 0.361333 0.361333 0.361333 0.361333 0.361333 0.361333 0.361333 0.361333 0.361332 0.361332 0.361333 0.361333 0.000000 0.000000
0.000000 0.000000 0.362198 0.362198 0.362196 0.362197 0.362198 0.362198 0.362198 0.362198 0.362198 0.362198 0.362198 0.362198 0.362198 0.362197 0.362196 0.362198 0.362198 0.000000 0.000000
0.000000 0.000000 0.363054 0.363053 0.363052 0.363052 0.363054 0.363054 0.363054 0.363054 0.363054 0.363054 0.363054 0.363054 0.363054 0.363052 0.363052 0.363053 0.363054 0.000000 0.000000
0.000000 0.000000 0.363925 0.363925 0.363924 0.363924 0.363926 0.363926 0.363926 0.363926 0.363926 0.363926 0.363926 0.363926 0.363926 0.363924 0.363924 0.363925 0.363926 0.000000 0.000000
0.000000 0.000000 0.350000 0.350000 0.350000 0.350000 0.350000 0.350000 0.350000 0.350000 0.350000 0.350000 0.350000 0.350000 0.350000 0.350000 0.350000 0.350000 0.350000 0.000000 0.000000
0.000000 0.000000 0.000000 0.000000 0.000000 0.000000 0.000000 0.000000 0.000000 0.000000 0.000000 0.000000 0.000000 0.000000 0.000000 0.000000 0.000000 0.000000 0.000000 0.000000 0.000000