geotop/1.0zi/1.0Montebello/Templates/testdem/maps/_Eocsand9229.asc
ncols         21
nrows         20
xllcorner     100.000000
yllcorner     100.000000
cellsize      50.000000
NODATA_value  -9999.0
0.000000 0.000000 0.000000 0.000000 0.000000 0.000000 0.000000 0.000000 0.000000 0.000000 0.000000 0.000000 0.000000 0.000000 0.000000 0.000000 0.000000 0.000000 0.000000 0.000000 0.000000
0.000000 0.000000 0.300234 0.300231 0.300231 0.300232 0.300231 0.300230 0.300231 0.300231 0.300232 0.300231 0.300231 0.300231 0.300231 0.300231 0.300232 0.300232 0.300232 0.000000 0.000000
0.000000 0.000000 0.300012 0.300014 0.300014 0.300012 0.300014 0.300014 0.300014 0.300014 0.300014 0.300014 0.300013 0.300013 0.300013 0.300013 0.300014 0.300015 0.300015 0.000000 0.000000
0.000000 0.000000 0.299855 0.299855 0.299861 0.299869 0.299868 0.299872 0.299865 0.299867 0.299867 0.299867 0.299866 0.299868 0.299863 0.299857 0.299854 0.299855 0.299854 0.000000 0.000000
0.000000 0.000000 0.297491 0.297494 0.297512 0.297537 0.297564 0.297569 0.297572 0.297574 0.297575 0.297572 0.297569 0.297569 0.297546 0.297535 0.297522 0.297518 0.297505 0.000000 0.000000
0.000000 0.000000 0.290717 0.290729 0.290766 0.290816 0.290873 0.290921 0.290919 0.290932 0.290926 0.290928 0.290919 0.290922 0.290893 0.290848 0.290825 0.290812 0.290799 0.000000 0.000000
0.000000 0.000000 0.281311 0.281332 0.281362 0.281423 0.281498 0.281600 0.281593 0.281602 0.281605 0.281606 0.281608 0.281601 0.281522 0.281463 0.281426 0.281404 0.281388 0.000000 0.000000
0.000000 0.000000 0.270160 0.270182 0.270209 0.270280 0.270358 0.270450 0.270446 0.270458 0.270463 0.270469 0.270474 0.270455 0.270381 0.270316 0.270255 0.270248 0.270219 0.000000 0.000000
0.000000 0.000000 0.258041 0.258073 0.258113 0.258164 0.258254 0.258361 0.258349 0.258372 0.258382 0.258388 0.258384 0.258386 0.258281 0.258204 0.258158 0.258144 0.258119 0.000000 0.000000
0.000000 0.000000 0.244867 0.244906 0.244937 0.244992 0.245113 0.245212 0.245207 0.245222 0.245241 0.245233 0.245220 0.245222 0.245139 0.245039 0.244985 0.244971 0.244957 0.000000 0.000000
0.000000 0.000000 0.230144 0.230173 0.230200 0.230329 0.230407 0.230536 0.230503 0.230574 0.230564 0.230575 0.230599 0.230555 0.230466 0.230405 0.230330 0.230304 0.230244 0.000000 0.000000
0.000000 0.000000 0.213280 0.213342 0.213418 0.213481 0.213592 0.213750 0.213747 0.213761 0.213733 0.213796 0.213769 0.213769 0.213610 0.213522 0.213481 0.213464 0.213334 0.000000 0.000000
0.000000 0.000000 0.194524 0.194581 0.194601 0.194741 0.194833 0.195280 0.195279 0.195304 0.195444 0.195366 0.195350 0.195307 0.194970 0.194889 0.194730 0.194726 0.194678 0.000000 0.000000
0.000000 0.000000 0.171617 0.171641 0.171767 0.171855 0.172472 0.172323 0.172443 0.172443 0.172379 0.172449 0.172461 0.172510 0.172651 0.171990 0.171944 0.171797 0.171696 0.000000 0.000000
0.000000 0.000000 0.144491 0.144573 0.144711 0.145524 0.145294 0.145752 0.145890 0.145937 0.146103 0.146183 0.146091 0.146090 0.145668 0.145870 0.144807 0.145044 0.145061 0.000000 0.000000
0.000000 0.000000 0.116697 0.116757 0.117848 0.117359 0.117516 0.117510 0.117041 0.117172 0.116930 0.116987 0.117184 0.116917 0.117015 0.116885 0.117992 0.116374 0.116399 0.000000 0.000000
0.000000 0.000000 0.087230 0.088489 0.088044 0.088616 0.089244 0.089444 0.089871 0.089772 0.090205 0.090157 0.089906 0.090167 0.089825 0.089364 0.088124 0.089117 0.087814 0.000000 0.000000
0.000000 0.000000 0.078703 0.077879 0.077066 0.077121 0.077121 0.077919 0.077798 0.078027 0.077671 0.077750 0.077795 0.077679 0.077021 0.077017 0.076968 0.077648 0.078468 0.000000 0.000000
0.000000 0.000000 0.300000 0.300000 0.300000 0.300000 0.300000 0.300000 0.300000 0.300000 0.300000 0.300000 0.300000 0.300000 0.300000 0.300000 0.300000 0.300000 0.300000 0.000000 0.000000
0.000000 0.000000 0.000000 0.000000 0.000000 0.000000 0.000000 0.000000 0.000000 0.000000 0.000000 0.000000 0.000000 0.000000 0.000000 0.000000 0.000000 0.000000 0.000000 0.000000 0.000000