geotop/1.0zi/1.0Montebello/Templates/testdem/maps/_Eocsand5795.asc
ncols         21
nrows         20
xllcorner     100.000000
yllcorner     100.000000
cellsize      50.000000
NODATA_value  -9999.0
0.000000 0.000000 0.000000 0.000000 0.000000 0.000000 0.000000 0.000000 0.000000 0.000000 0.000000 0.000000 0.000000 0.000000 0.000000 0.000000 0.000000 0.000000 0.000000 0.000000 0.000000
0.000000 0.000000 0.300144 0.300143 0.300143 0.300143 0.300143 0.300142 0.300143 0.300143 0.300143 0.300143 0.300143 0.300143 0.300143 0.300143 0.300143 0.300143 0.300143 0.000000 0.000000
0.000000 0.000000 0.300009 0.300008 0.300008 0.300008 0.300008 0.300008 0.300008 0.300008 0.300008 0.300008 0.300007 0.300007 0.300008 0.300008 0.300010 0.300010 0.300009 0.000000 0.000000
0.000000 0.000000 0.299967 0.299966 0.299970 0.299974 0.299971 0.299973 0.299971 0.299972 0.299971 0.299974 0.299973 0.299974 0.299970 0.299965 0.299966 0.299963 0.299965 0.000000 0.000000
0.000000 0.000000 0.298997 0.298994 0.298996 0.299004 0.299018 0.299026 0.299026 0.299027 0.299030 0.299028 0.299031 0.299029 0.299020 0.299019 0.299014 0.299003 0.298995 0.000000 0.000000
0.000000 0.000000 0.295912 0.295908 0.295917 0.295949 0.295966 0.296000 0.296001 0.296009 0.296002 0.295999 0.295996 0.296000 0.295990 0.295972 0.295957 0.295942 0.295933 0.000000 0.000000
0.000000 0.000000 0.291332 0.291336 0.291342 0.291376 0.291417 0.291467 0.291466 0.291472 0.291468 0.291465 0.291468 0.291467 0.291433 0.291394 0.291378 0.291360 0.291347 0.000000 0.000000
0.000000 0.000000 0.285742 0.285741 0.285742 0.285779 0.285820 0.285874 0.285872 0.285878 0.285877 0.285878 0.285882 0.285875 0.285836 0.285799 0.285770 0.285762 0.285744 0.000000 0.000000
0.000000 0.000000 0.279969 0.279976 0.279989 0.280010 0.280050 0.280108 0.280105 0.280115 0.280119 0.280116 0.280117 0.280122 0.280071 0.280031 0.280004 0.279996 0.279980 0.000000 0.000000
0.000000 0.000000 0.274148 0.274158 0.274161 0.274176 0.274234 0.274285 0.274280 0.274287 0.274295 0.274286 0.274280 0.274287 0.274247 0.274201 0.274174 0.274170 0.274158 0.000000 0.000000
0.000000 0.000000 0.268138 0.268144 0.268144 0.268185 0.268223 0.268281 0.268268 0.268295 0.268294 0.268291 0.268298 0.268285 0.268253 0.268223 0.268193 0.268176 0.268152 0.000000 0.000000
0.000000 0.000000 0.261828 0.261841 0.261856 0.261884 0.261918 0.261986 0.261983 0.261999 0.261982 0.261998 0.261996 0.261992 0.261933 0.261905 0.261884 0.261875 0.261812 0.000000 0.000000
0.000000 0.000000 0.255347 0.255359 0.255363 0.255395 0.255427 0.255564 0.255563 0.255575 0.255603 0.255587 0.255578 0.255569 0.255470 0.255444 0.255396 0.255392 0.255347 0.000000 0.000000
0.000000 0.000000 0.248308 0.248316 0.248331 0.248352 0.248484 0.248519 0.248549 0.248551 0.248561 0.248556 0.248555 0.248561 0.248545 0.248415 0.248374 0.248341 0.248295 0.000000 0.000000
0.000000 0.000000 0.240553 0.240563 0.240590 0.240726 0.240770 0.240849 0.240901 0.240909 0.240934 0.240948 0.240933 0.240946 0.240888 0.240824 0.240630 0.240645 0.240618 0.000000 0.000000
0.000000 0.000000 0.232347 0.232356 0.232533 0.232564 0.232575 0.232626 0.232591 0.232612 0.232597 0.232616 0.232638 0.232603 0.232573 0.232555 0.232569 0.232341 0.232335 0.000000 0.000000
0.000000 0.000000 0.222950 0.223192 0.223275 0.223345 0.223462 0.223522 0.223541 0.223545 0.223597 0.223604 0.223582 0.223593 0.223528 0.223440 0.223302 0.223249 0.223003 0.000000 0.000000
0.000000 0.000000 0.216093 0.216083 0.215867 0.215927 0.216020 0.216248 0.216253 0.216303 0.216270 0.216283 0.216268 0.216264 0.216057 0.215991 0.215841 0.216062 0.216058 0.000000 0.000000
0.000000 0.000000 0.300000 0.300000 0.300000 0.300000 0.300000 0.300000 0.300000 0.300000 0.300000 0.300000 0.300000 0.300000 0.300000 0.300000 0.300000 0.300000 0.300000 0.000000 0.000000
0.000000 0.000000 0.000000 0.000000 0.000000 0.000000 0.000000 0.000000 0.000000 0.000000 0.000000 0.000000 0.000000 0.000000 0.000000 0.000000 0.000000 0.000000 0.000000 0.000000 0.000000