geotop/1.0zi/1.0Montebello/Templates/testdem/maps/_Eocclay0613.asc
ncols         21
nrows         20
xllcorner     100.000000
yllcorner     100.000000
cellsize      50.000000
NODATA_value  -9999.0
0.000000 0.000000 0.000000 0.000000 0.000000 0.000000 0.000000 0.000000 0.000000 0.000000 0.000000 0.000000 0.000000 0.000000 0.000000 0.000000 0.000000 0.000000 0.000000 0.000000 0.000000
0.000000 0.000000 0.349967 0.349967 0.349967 0.349967 0.349967 0.349967 0.349967 0.349967 0.349967 0.349967 0.349967 0.349967 0.349967 0.349967 0.349967 0.349967 0.349967 0.000000 0.000000
0.000000 0.000000 0.349997 0.349997 0.349996 0.349997 0.349997 0.349997 0.349997 0.349997 0.349997 0.349997 0.349997 0.349997 0.349997 0.349997 0.349996 0.349997 0.349997 0.000000 0.000000
0.000000 0.000000 0.350276 0.350277 0.350274 0.350277 0.350277 0.350277 0.350277 0.350277 0.350277 0.350277 0.350277 0.350277 0.350277 0.350277 0.350274 0.350277 0.350276 0.000000 0.000000
0.000000 0.000000 0.351258 0.351258 0.351256 0.351258 0.351258 0.351258 0.351258 0.351258 0.351258 0.351258 0.351258 0.351258 0.351258 0.351258 0.351256 0.351258 0.351258 0.000000 0.000000
0.000000 0.000000 0.352273 0.352273 0.352271 0.352273 0.352273 0.352273 0.352273 0.352273 0.352273 0.352273 0.352273 0.352273 0.352273 0.352273 0.352271 0.352273 0.352273 0.000000 0.000000
0.000000 0.000000 0.353241 0.353241 0.353239 0.353241 0.353241 0.353241 0.353241 0.353241 0.353241 0.353241 0.353241 0.353241 0.353241 0.353241 0.353239 0.353241 0.353241 0.000000 0.000000
0.000000 0.000000 0.354143 0.354143 0.354142 0.354143 0.354143 0.354143 0.354143 0.354143 0.354143 0.354143 0.354143 0.354143 0.354143 0.354143 0.354142 0.354143 0.354143 0.000000 0.000000
0.000000 0.000000 0.354997 0.354997 0.354995 0.354997 0.354997 0.354997 0.354997 0.354997 0.354997 0.354997 0.354997 0.354997 0.354997 0.354997 0.354995 0.354997 0.354997 0.000000 0.000000
0.000000 0.000000 0.355820 0.355820 0.355819 0.355820 0.355820 0.355820 0.355820 0.355820 0.355820 0.355820 0.355820 0.355820 0.355820 0.355820 0.355819 0.355820 0.355820 0.000000 0.000000
0.000000 0.000000 0.356621 0.356621 0.356620 0.356621 0.356622 0.356622 0.356622 0.356622 0.356622 0.356622 0.356622 0.356622 0.356622 0.356621 0.356620 0.356621 0.356621 0.000000 0.000000
0.000000 0.000000 0.357408 0.357408 0.357406 0.357408 0.357408 0.357408 0.357408 0.357408 0.357408 0.357408 0.357408 0.357408 0.357408 0.357408 0.357406 0.357408 0.357408 0.000000 0.000000
0.000000 0.000000 0.358181 0.358181 0.358179 0.358181 0.358181 0.358181 0.358181 0.358181 0.358181 0.358181 0.358181 0.358181 0.358181 0.358181 0.358179 0.358181 0.358181 0.000000 0.000000
0.000000 0.000000 0.358943 0.358943 0.358942 0.358943 0.358943 0.358943 0.358943 0.358943 0.358943 0.358943 0.358943 0.358943 0.358943 0.358943 0.358942 0.358943 0.358943 0.000000 0.000000
0.000000 0.000000 0.359698 0.359698 0.359697 0.359698 0.359698 0.359698 0.359698 0.359698 0.359698 0.359698 0.359698 0.359698 0.359698 0.359698 0.359697 0.359698 0.359698 0.000000 0.000000
0.000000 0.000000 0.360450 0.360450 0.360448 0.360450 0.360450 0.360450 0.360450 0.360450 0.360450 0.360450 0.360450 0.360450 0.360450 0.360450 0.360448 0.360450 0.360450 0.000000 0.000000
0.000000 0.000000 0.361194 0.361194 0.361193 0.361194 0.361194 0.361194 0.361194 0.361194 0.361194 0.361194 0.361194 0.361194 0.361194 0.361194 0.361193 0.361194 0.361194 0.000000 0.000000
0.000000 0.000000 0.361946 0.361946 0.361944 0.361946 0.361946 0.361946 0.361946 0.361946 0.361946 0.361946 0.361946 0.361946 0.361946 0.361946 0.361944 0.361946 0.361946 0.000000 0.000000
0.000000 0.000000 0.350000 0.350000 0.350000 0.350000 0.350000 0.350000 0.350000 0.350000 0.350000 0.350000 0.350000 0.350000 0.350000 0.350000 0.350000 0.350000 0.350000 0.000000 0.000000
0.000000 0.000000 0.000000 0.000000 0.000000 0.000000 0.000000 0.000000 0.000000 0.000000 0.000000 0.000000 0.000000 0.000000 0.000000 0.000000 0.000000 0.000000 0.000000 0.000000 0.000000