geotop/1.0zi/1.0Montebello/Templates/testdem/maps/_Eocsilt0629.asc
ncols         21
nrows         20
xllcorner     100.000000
yllcorner     100.000000
cellsize      50.000000
NODATA_value  -9999.0
0.000000 0.000000 0.000000 0.000000 0.000000 0.000000 0.000000 0.000000 0.000000 0.000000 0.000000 0.000000 0.000000 0.000000 0.000000 0.000000 0.000000 0.000000 0.000000 0.000000 0.000000
0.000000 0.000000 0.350012 0.350012 0.350012 0.350012 0.350012 0.350012 0.350012 0.350012 0.350012 0.350012 0.350012 0.350012 0.350012 0.350012 0.350012 0.350012 0.350012 0.000000 0.000000
0.000000 0.000000 0.349998 0.349997 0.349997 0.349997 0.349998 0.349998 0.349998 0.349998 0.349998 0.349998 0.349998 0.349998 0.349998 0.349997 0.349997 0.349997 0.349998 0.000000 0.000000
0.000000 0.000000 0.350286 0.350286 0.350283 0.350286 0.350286 0.350286 0.350286 0.350286 0.350286 0.350286 0.350286 0.350286 0.350286 0.350286 0.350283 0.350286 0.350286 0.000000 0.000000
0.000000 0.000000 0.351217 0.351218 0.351215 0.351217 0.351218 0.351218 0.351218 0.351218 0.351218 0.351218 0.351218 0.351218 0.351218 0.351217 0.351215 0.351218 0.351217 0.000000 0.000000
0.000000 0.000000 0.352288 0.352288 0.352286 0.352288 0.352288 0.352288 0.352288 0.352288 0.352288 0.352288 0.352288 0.352288 0.352288 0.352288 0.352286 0.352288 0.352288 0.000000 0.000000
0.000000 0.000000 0.353274 0.353274 0.353272 0.353274 0.353274 0.353274 0.353274 0.353274 0.353274 0.353274 0.353274 0.353274 0.353274 0.353274 0.353272 0.353274 0.353274 0.000000 0.000000
0.000000 0.000000 0.354190 0.354190 0.354189 0.354190 0.354190 0.354191 0.354191 0.354190 0.354190 0.354190 0.354191 0.354191 0.354190 0.354190 0.354189 0.354190 0.354190 0.000000 0.000000
0.000000 0.000000 0.355057 0.355057 0.355056 0.355057 0.355057 0.355057 0.355057 0.355057 0.355057 0.355057 0.355057 0.355057 0.355057 0.355057 0.355056 0.355057 0.355057 0.000000 0.000000
0.000000 0.000000 0.355893 0.355893 0.355892 0.355893 0.355893 0.355893 0.355893 0.355893 0.355893 0.355893 0.355893 0.355893 0.355893 0.355893 0.355892 0.355893 0.355893 0.000000 0.000000
0.000000 0.000000 0.356707 0.356707 0.356706 0.356707 0.356707 0.356707 0.356707 0.356707 0.356707 0.356707 0.356707 0.356707 0.356707 0.356707 0.356706 0.356707 0.356707 0.000000 0.000000
0.000000 0.000000 0.357505 0.357505 0.357504 0.357505 0.357505 0.357505 0.357505 0.357505 0.357505 0.357505 0.357505 0.357505 0.357505 0.357505 0.357504 0.357505 0.357505 0.000000 0.000000
0.000000 0.000000 0.358290 0.358290 0.358288 0.358290 0.358290 0.358290 0.358290 0.358290 0.358290 0.358290 0.358290 0.358290 0.358290 0.358290 0.358288 0.358290 0.358290 0.000000 0.000000
0.000000 0.000000 0.359064 0.359064 0.359062 0.359063 0.359064 0.359064 0.359064 0.359064 0.359064 0.359064 0.359064 0.359064 0.359064 0.359063 0.359062 0.359064 0.359064 0.000000 0.000000
0.000000 0.000000 0.359830 0.359830 0.359829 0.359830 0.359830 0.359830 0.359830 0.359830 0.359830 0.359830 0.359830 0.359830 0.359830 0.359830 0.359829 0.359830 0.359830 0.000000 0.000000
0.000000 0.000000 0.360594 0.360594 0.360592 0.360594 0.360594 0.360594 0.360594 0.360594 0.360594 0.360594 0.360594 0.360594 0.360594 0.360594 0.360592 0.360594 0.360594 0.000000 0.000000
0.000000 0.000000 0.361349 0.361349 0.361348 0.361349 0.361349 0.361349 0.361349 0.361349 0.361349 0.361349 0.361349 0.361349 0.361349 0.361349 0.361348 0.361349 0.361349 0.000000 0.000000
0.000000 0.000000 0.362111 0.362111 0.362110 0.362111 0.362111 0.362111 0.362111 0.362111 0.362111 0.362111 0.362111 0.362111 0.362111 0.362111 0.362110 0.362111 0.362111 0.000000 0.000000
0.000000 0.000000 0.350000 0.350000 0.350000 0.350000 0.350000 0.350000 0.350000 0.350000 0.350000 0.350000 0.350000 0.350000 0.350000 0.350000 0.350000 0.350000 0.350000 0.000000 0.000000
0.000000 0.000000 0.000000 0.000000 0.000000 0.000000 0.000000 0.000000 0.000000 0.000000 0.000000 0.000000 0.000000 0.000000 0.000000 0.000000 0.000000 0.000000 0.000000 0.000000 0.000000