geotop/1.0zi/1.0Montebello/Templates/testdem/maps/_Eocsilt0435.asc
ncols         21
nrows         20
xllcorner     100.000000
yllcorner     100.000000
cellsize      50.000000
NODATA_value  -9999.0
0.000000 0.000000 0.000000 0.000000 0.000000 0.000000 0.000000 0.000000 0.000000 0.000000 0.000000 0.000000 0.000000 0.000000 0.000000 0.000000 0.000000 0.000000 0.000000 0.000000 0.000000
0.000000 0.000000 0.350008 0.350008 0.350008 0.350008 0.350008 0.350008 0.350008 0.350008 0.350008 0.350008 0.350008 0.350008 0.350008 0.350008 0.350008 0.350008 0.350008 0.000000 0.000000
0.000000 0.000000 0.349998 0.349998 0.349998 0.349998 0.349998 0.349998 0.349998 0.349998 0.349998 0.349998 0.349998 0.349998 0.349998 0.349998 0.349998 0.349998 0.349998 0.000000 0.000000
0.000000 0.000000 0.350270 0.350270 0.350267 0.350270 0.350270 0.350270 0.350270 0.350270 0.350270 0.350270 0.350270 0.350270 0.350270 0.350270 0.350267 0.350270 0.350270 0.000000 0.000000
0.000000 0.000000 0.351041 0.351041 0.351039 0.351041 0.351041 0.351041 0.351041 0.351041 0.351041 0.351041 0.351041 0.351041 0.351041 0.351041 0.351039 0.351041 0.351041 0.000000 0.000000
0.000000 0.000000 0.351828 0.351828 0.351826 0.351827 0.351828 0.351828 0.351828 0.351828 0.351828 0.351828 0.351828 0.351828 0.351828 0.351827 0.351826 0.351828 0.351828 0.000000 0.000000
0.000000 0.000000 0.352535 0.352535 0.352533 0.352535 0.352535 0.352535 0.352535 0.352535 0.352535 0.352535 0.352535 0.352535 0.352535 0.352535 0.352533 0.352535 0.352535 0.000000 0.000000
0.000000 0.000000 0.353187 0.353188 0.353186 0.353187 0.353188 0.353188 0.353188 0.353188 0.353188 0.353188 0.353188 0.353188 0.353188 0.353187 0.353186 0.353188 0.353187 0.000000 0.000000
0.000000 0.000000 0.353803 0.353803 0.353801 0.353803 0.353803 0.353803 0.353803 0.353803 0.353803 0.353803 0.353803 0.353803 0.353803 0.353803 0.353801 0.353803 0.353803 0.000000 0.000000
0.000000 0.000000 0.354396 0.354396 0.354394 0.354395 0.354396 0.354396 0.354396 0.354396 0.354396 0.354396 0.354396 0.354396 0.354396 0.354395 0.354394 0.354396 0.354396 0.000000 0.000000
0.000000 0.000000 0.354971 0.354971 0.354970 0.354971 0.354971 0.354971 0.354971 0.354971 0.354971 0.354971 0.354971 0.354971 0.354971 0.354971 0.354970 0.354971 0.354971 0.000000 0.000000
0.000000 0.000000 0.355535 0.355535 0.355533 0.355535 0.355535 0.355535 0.355535 0.355535 0.355535 0.355535 0.355535 0.355535 0.355535 0.355535 0.355533 0.355535 0.355535 0.000000 0.000000
0.000000 0.000000 0.356087 0.356087 0.356086 0.356087 0.356087 0.356087 0.356087 0.356087 0.356087 0.356087 0.356087 0.356087 0.356087 0.356087 0.356086 0.356087 0.356087 0.000000 0.000000
0.000000 0.000000 0.356630 0.356630 0.356628 0.356630 0.356630 0.356630 0.356630 0.356630 0.356630 0.356630 0.356630 0.356630 0.356630 0.356630 0.356628 0.356630 0.356630 0.000000 0.000000
0.000000 0.000000 0.357166 0.357166 0.357164 0.357165 0.357166 0.357166 0.357166 0.357166 0.357166 0.357166 0.357166 0.357166 0.357166 0.357165 0.357164 0.357166 0.357166 0.000000 0.000000
0.000000 0.000000 0.357699 0.357699 0.357698 0.357699 0.357699 0.357699 0.357699 0.357699 0.357699 0.357699 0.357699 0.357699 0.357699 0.357699 0.357698 0.357699 0.357699 0.000000 0.000000
0.000000 0.000000 0.358227 0.358227 0.358225 0.358227 0.358227 0.358227 0.358227 0.358227 0.358227 0.358227 0.358227 0.358227 0.358227 0.358227 0.358225 0.358227 0.358227 0.000000 0.000000
0.000000 0.000000 0.358769 0.358770 0.358768 0.358770 0.358770 0.358770 0.358770 0.358770 0.358770 0.358770 0.358770 0.358770 0.358770 0.358770 0.358768 0.358770 0.358770 0.000000 0.000000
0.000000 0.000000 0.350000 0.350000 0.350000 0.350000 0.350000 0.350000 0.350000 0.350000 0.350000 0.350000 0.350000 0.350000 0.350000 0.350000 0.350000 0.350000 0.350000 0.000000 0.000000
0.000000 0.000000 0.000000 0.000000 0.000000 0.000000 0.000000 0.000000 0.000000 0.000000 0.000000 0.000000 0.000000 0.000000 0.000000 0.000000 0.000000 0.000000 0.000000 0.000000 0.000000