geotop/1.0zi/1.0Montebello/Templates/testdem/maps/_Eocsand151 .asc
ncols         21
nrows         20
xllcorner     100.000000
yllcorner     100.000000
cellsize      50.000000
NODATA_value  -9999.0
0.000000 0.000000 0.000000 0.000000 0.000000 0.000000 0.000000 0.000000 0.000000 0.000000 0.000000 0.000000 0.000000 0.000000 0.000000 0.000000 0.000000 0.000000 0.000000 0.000000 0.000000
0.000000 0.000000 0.300295 0.300292 0.300292 0.300293 0.300292 0.300292 0.300292 0.300292 0.300293 0.300292 0.300292 0.300292 0.300292 0.300292 0.300293 0.300292 0.300293 0.000000 0.000000
0.000000 0.000000 0.300011 0.300013 0.300014 0.300011 0.300013 0.300014 0.300013 0.300013 0.300013 0.300012 0.300012 0.300013 0.300012 0.300013 0.300014 0.300014 0.300013 0.000000 0.000000
0.000000 0.000000 0.299626 0.299616 0.299631 0.299639 0.299634 0.299645 0.299642 0.299641 0.299645 0.299643 0.299643 0.299638 0.299640 0.299632 0.299628 0.299624 0.299624 0.000000 0.000000
0.000000 0.000000 0.295610 0.295620 0.295639 0.295674 0.295710 0.295724 0.295728 0.295731 0.295739 0.295727 0.295721 0.295726 0.295702 0.295684 0.295665 0.295647 0.295632 0.000000 0.000000
0.000000 0.000000 0.285562 0.285577 0.285624 0.285702 0.285778 0.285843 0.285845 0.285856 0.285866 0.285863 0.285850 0.285858 0.285822 0.285753 0.285722 0.285691 0.285679 0.000000 0.000000
0.000000 0.000000 0.271852 0.271880 0.271926 0.272019 0.272116 0.272259 0.272267 0.272277 0.272294 0.272292 0.272294 0.272291 0.272184 0.272099 0.272049 0.272006 0.271992 0.000000 0.000000
0.000000 0.000000 0.255235 0.255269 0.255319 0.255445 0.255553 0.255690 0.255705 0.255718 0.255740 0.255742 0.255749 0.255730 0.255633 0.255535 0.255452 0.255428 0.255397 0.000000 0.000000
0.000000 0.000000 0.236167 0.236218 0.236298 0.236399 0.236527 0.236699 0.236705 0.236733 0.236760 0.236765 0.236759 0.236771 0.236624 0.236502 0.236435 0.236398 0.236371 0.000000 0.000000
0.000000 0.000000 0.213866 0.213948 0.214025 0.214135 0.214288 0.214472 0.214499 0.214514 0.214561 0.214545 0.214516 0.214528 0.214413 0.214248 0.214161 0.214119 0.214110 0.000000 0.000000
0.000000 0.000000 0.186820 0.186900 0.186969 0.187248 0.187310 0.187579 0.187539 0.187670 0.187659 0.187682 0.187734 0.187659 0.187518 0.187415 0.187284 0.187230 0.187114 0.000000 0.000000
0.000000 0.000000 0.153523 0.153695 0.153899 0.153993 0.154139 0.154493 0.154558 0.154523 0.154509 0.154618 0.154555 0.154599 0.154305 0.154106 0.154055 0.154001 0.153779 0.000000 0.000000
0.000000 0.000000 0.117141 0.117281 0.117300 0.117582 0.117749 0.118696 0.118759 0.118820 0.119211 0.118931 0.118943 0.118852 0.118190 0.118058 0.117694 0.117650 0.117708 0.000000 0.000000
0.000000 0.000000 0.080987 0.081010 0.081278 0.081372 0.082316 0.081756 0.081979 0.081968 0.081758 0.081963 0.081987 0.082122 0.082592 0.081526 0.081573 0.081329 0.081200 0.000000 0.000000
0.000000 0.000000 0.057976 0.058026 0.058134 0.058609 0.058522 0.058762 0.058846 0.058876 0.058971 0.059020 0.058969 0.058979 0.058765 0.058854 0.058252 0.058364 0.058379 0.000000 0.000000
0.000000 0.000000 0.043872 0.043910 0.044102 0.044305 0.044239 0.044392 0.044371 0.044405 0.044432 0.044460 0.044459 0.044427 0.044309 0.044376 0.044184 0.044046 0.044064 0.000000 0.000000
0.000000 0.000000 0.034060 0.034131 0.034279 0.034394 0.034375 0.034477 0.034455 0.034476 0.034496 0.034511 0.034512 0.034490 0.034413 0.034440 0.034338 0.034215 0.034182 0.000000 0.000000
0.000000 0.000000 0.027319 0.027351 0.027467 0.027513 0.027504 0.027581 0.027543 0.027565 0.027558 0.027571 0.027582 0.027556 0.027502 0.027518 0.027511 0.027381 0.027375 0.000000 0.000000
0.000000 0.000000 0.300000 0.300000 0.300000 0.300000 0.300000 0.300000 0.300000 0.300000 0.300000 0.300000 0.300000 0.300000 0.300000 0.300000 0.300000 0.300000 0.300000 0.000000 0.000000
0.000000 0.000000 0.000000 0.000000 0.000000 0.000000 0.000000 0.000000 0.000000 0.000000 0.000000 0.000000 0.000000 0.000000 0.000000 0.000000 0.000000 0.000000 0.000000 0.000000 0.000000