geotop/1.0zi/1.0Montebello/Templates/testdem/maps/_Eocsilt7535.asc
ncols         21
nrows         20
xllcorner     100.000000
yllcorner     100.000000
cellsize      50.000000
NODATA_value  -9999.0
0.000000 0.000000 0.000000 0.000000 0.000000 0.000000 0.000000 0.000000 0.000000 0.000000 0.000000 0.000000 0.000000 0.000000 0.000000 0.000000 0.000000 0.000000 0.000000 0.000000 0.000000
0.000000 0.000000 0.350152 0.350153 0.350153 0.350153 0.350153 0.350153 0.350153 0.350153 0.350153 0.350153 0.350153 0.350153 0.350153 0.350153 0.350154 0.350153 0.350153 0.000000 0.000000
0.000000 0.000000 0.350005 0.350004 0.350004 0.350004 0.350004 0.350004 0.350004 0.350004 0.350005 0.350005 0.350005 0.350005 0.350004 0.350004 0.350002 0.350002 0.350004 0.000000 0.000000
0.000000 0.000000 0.350103 0.350099 0.350097 0.350090 0.350093 0.350087 0.350090 0.350090 0.350087 0.350089 0.350089 0.350089 0.350092 0.350095 0.350098 0.350098 0.350099 0.000000 0.000000
0.000000 0.000000 0.350961 0.350967 0.350962 0.350952 0.350946 0.350940 0.350936 0.350935 0.350934 0.350935 0.350936 0.350938 0.350951 0.350955 0.350958 0.350968 0.350970 0.000000 0.000000
0.000000 0.000000 0.353348 0.353349 0.353340 0.353324 0.353306 0.353285 0.353284 0.353279 0.353282 0.353283 0.353284 0.353283 0.353295 0.353306 0.353318 0.353326 0.353331 0.000000 0.000000
0.000000 0.000000 0.356775 0.356772 0.356762 0.356737 0.356707 0.356675 0.356676 0.356673 0.356673 0.356672 0.356668 0.356674 0.356701 0.356727 0.356743 0.356757 0.356765 0.000000 0.000000
0.000000 0.000000 0.360857 0.360855 0.360850 0.360824 0.360796 0.360760 0.360760 0.360757 0.360755 0.360753 0.360750 0.360756 0.360788 0.360814 0.360838 0.360844 0.360856 0.000000 0.000000
0.000000 0.000000 0.365214 0.365206 0.365192 0.365175 0.365145 0.365105 0.365107 0.365099 0.365096 0.365094 0.365096 0.365094 0.365134 0.365166 0.365185 0.365195 0.365205 0.000000 0.000000
0.000000 0.000000 0.369744 0.369736 0.369729 0.369713 0.369670 0.369635 0.369635 0.369631 0.369625 0.369628 0.369633 0.369631 0.369663 0.369699 0.369721 0.369729 0.369736 0.000000 0.000000
0.000000 0.000000 0.374569 0.374563 0.374556 0.374521 0.374491 0.374451 0.374460 0.374438 0.374440 0.374440 0.374432 0.374446 0.374475 0.374498 0.374525 0.374540 0.374559 0.000000 0.000000
0.000000 0.000000 0.379844 0.379830 0.379814 0.379791 0.379759 0.379709 0.379707 0.379700 0.379711 0.379694 0.379698 0.379703 0.379754 0.379780 0.379799 0.379810 0.379856 0.000000 0.000000
0.000000 0.000000 0.385454 0.385441 0.385434 0.385403 0.385375 0.385252 0.385251 0.385243 0.385212 0.385227 0.385234 0.385246 0.385340 0.385366 0.385413 0.385419 0.385445 0.000000 0.000000
0.000000 0.000000 0.391878 0.391873 0.391849 0.391827 0.391683 0.391680 0.391650 0.391650 0.391653 0.391648 0.391644 0.391639 0.391636 0.391786 0.391816 0.391856 0.391888 0.000000 0.000000
0.000000 0.000000 0.399305 0.399293 0.399262 0.399088 0.399082 0.398997 0.398952 0.398943 0.398914 0.398891 0.398910 0.398905 0.398988 0.399007 0.399238 0.399210 0.399220 0.000000 0.000000
0.000000 0.000000 0.407425 0.407412 0.407167 0.407202 0.407187 0.407150 0.407231 0.407201 0.407241 0.407220 0.407183 0.407243 0.407263 0.407277 0.407144 0.407485 0.407481 0.000000 0.000000
0.000000 0.000000 0.417416 0.417033 0.417055 0.416927 0.416734 0.416675 0.416593 0.416611 0.416506 0.416512 0.416567 0.416518 0.416614 0.416757 0.417040 0.416916 0.417310 0.000000 0.000000
0.000000 0.000000 0.422370 0.422656 0.423009 0.422982 0.422958 0.422626 0.422658 0.422569 0.422695 0.422666 0.422657 0.422696 0.422985 0.423002 0.423073 0.422767 0.422492 0.000000 0.000000
0.000000 0.000000 0.350000 0.350000 0.350000 0.350000 0.350000 0.350000 0.350000 0.350000 0.350000 0.350000 0.350000 0.350000 0.350000 0.350000 0.350000 0.350000 0.350000 0.000000 0.000000
0.000000 0.000000 0.000000 0.000000 0.000000 0.000000 0.000000 0.000000 0.000000 0.000000 0.000000 0.000000 0.000000 0.000000 0.000000 0.000000 0.000000 0.000000 0.000000 0.000000 0.000000