geotop/1.0zi/1.0Montebello/Templates/testdem/maps/_Eocsilt8061.asc
ncols         21
nrows         20
xllcorner     100.000000
yllcorner     100.000000
cellsize      50.000000
NODATA_value  -9999.0
0.000000 0.000000 0.000000 0.000000 0.000000 0.000000 0.000000 0.000000 0.000000 0.000000 0.000000 0.000000 0.000000 0.000000 0.000000 0.000000 0.000000 0.000000 0.000000 0.000000 0.000000
0.000000 0.000000 0.350168 0.350169 0.350169 0.350170 0.350169 0.350169 0.350169 0.350169 0.350169 0.350169 0.350169 0.350169 0.350169 0.350169 0.350170 0.350169 0.350169 0.000000 0.000000
0.000000 0.000000 0.350005 0.350005 0.350005 0.350005 0.350006 0.350005 0.350005 0.350006 0.350006 0.350006 0.350006 0.350006 0.350006 0.350005 0.350003 0.350004 0.350005 0.000000 0.000000
0.000000 0.000000 0.350103 0.350099 0.350097 0.350091 0.350092 0.350087 0.350090 0.350090 0.350087 0.350089 0.350089 0.350089 0.350092 0.350095 0.350099 0.350099 0.350100 0.000000 0.000000
0.000000 0.000000 0.351019 0.351025 0.351020 0.351009 0.351002 0.350995 0.350991 0.350989 0.350989 0.350989 0.350990 0.350992 0.351006 0.351011 0.351014 0.351024 0.351026 0.000000 0.000000
0.000000 0.000000 0.353700 0.353700 0.353690 0.353673 0.353654 0.353632 0.353631 0.353625 0.353629 0.353629 0.353631 0.353630 0.353642 0.353655 0.353667 0.353676 0.353681 0.000000 0.000000
0.000000 0.000000 0.357541 0.357537 0.357525 0.357499 0.357466 0.357431 0.357432 0.357428 0.357429 0.357427 0.357424 0.357429 0.357459 0.357487 0.357505 0.357519 0.357527 0.000000 0.000000
0.000000 0.000000 0.362084 0.362082 0.362075 0.362047 0.362016 0.361977 0.361977 0.361972 0.361971 0.361968 0.361966 0.361973 0.362006 0.362034 0.362061 0.362067 0.362080 0.000000 0.000000
0.000000 0.000000 0.366968 0.366959 0.366944 0.366925 0.366892 0.366848 0.366849 0.366840 0.366837 0.366835 0.366837 0.366836 0.366878 0.366913 0.366934 0.366945 0.366955 0.000000 0.000000
0.000000 0.000000 0.372103 0.372094 0.372085 0.372067 0.372020 0.371980 0.371980 0.371975 0.371969 0.371972 0.371978 0.371976 0.372011 0.372051 0.372075 0.372083 0.372090 0.000000 0.000000
0.000000 0.000000 0.377646 0.377640 0.377631 0.377590 0.377557 0.377512 0.377521 0.377496 0.377500 0.377498 0.377489 0.377506 0.377538 0.377563 0.377594 0.377610 0.377631 0.000000 0.000000
0.000000 0.000000 0.383787 0.383770 0.383750 0.383725 0.383687 0.383630 0.383626 0.383619 0.383632 0.383613 0.383618 0.383622 0.383681 0.383711 0.383733 0.383744 0.383796 0.000000 0.000000
0.000000 0.000000 0.390404 0.390388 0.390380 0.390343 0.390310 0.390162 0.390160 0.390151 0.390113 0.390132 0.390141 0.390154 0.390267 0.390297 0.390354 0.390360 0.390385 0.000000 0.000000
0.000000 0.000000 0.398125 0.398120 0.398088 0.398062 0.397879 0.397890 0.397852 0.397852 0.397863 0.397852 0.397847 0.397839 0.397824 0.398014 0.398046 0.398095 0.398131 0.000000 0.000000
0.000000 0.000000 0.407188 0.407171 0.407133 0.406902 0.406916 0.406801 0.406749 0.406736 0.406697 0.406669 0.406694 0.406689 0.406800 0.406800 0.407105 0.407060 0.407066 0.000000 0.000000
0.000000 0.000000 0.417102 0.417087 0.416756 0.416836 0.416812 0.416776 0.416897 0.416857 0.416920 0.416896 0.416843 0.416925 0.416936 0.416955 0.416726 0.417199 0.417191 0.000000 0.000000
0.000000 0.000000 0.429326 0.428810 0.428902 0.428713 0.428453 0.428377 0.428241 0.428272 0.428121 0.428133 0.428218 0.428136 0.428266 0.428458 0.428883 0.428623 0.429158 0.000000 0.000000
0.000000 0.000000 0.434095 0.434554 0.434993 0.434988 0.434999 0.434577 0.434642 0.434520 0.434713 0.434673 0.434646 0.434711 0.435065 0.435057 0.435073 0.434722 0.434273 0.000000 0.000000
0.000000 0.000000 0.350000 0.350000 0.350000 0.350000 0.350000 0.350000 0.350000 0.350000 0.350000 0.350000 0.350000 0.350000 0.350000 0.350000 0.350000 0.350000 0.350000 0.000000 0.000000
0.000000 0.000000 0.000000 0.000000 0.000000 0.000000 0.000000 0.000000 0.000000 0.000000 0.000000 0.000000 0.000000 0.000000 0.000000 0.000000 0.000000 0.000000 0.000000 0.000000 0.000000