geotop/1.0zi/1.0Montebello/Templates/testdem/maps/_Eocclay5582.asc
ncols         21
nrows         20
xllcorner     100.000000
yllcorner     100.000000
cellsize      50.000000
NODATA_value  -9999.0
0.000000 0.000000 0.000000 0.000000 0.000000 0.000000 0.000000 0.000000 0.000000 0.000000 0.000000 0.000000 0.000000 0.000000 0.000000 0.000000 0.000000 0.000000 0.000000 0.000000 0.000000
0.000000 0.000000 0.349750 0.349751 0.349751 0.349751 0.349751 0.349751 0.349751 0.349751 0.349751 0.349751 0.349751 0.349751 0.349751 0.349751 0.349751 0.349751 0.349751 0.000000 0.000000
0.000000 0.000000 0.349990 0.349990 0.349990 0.349990 0.349989 0.349989 0.349990 0.349989 0.349989 0.349989 0.349990 0.349990 0.349990 0.349990 0.349990 0.349990 0.349990 0.000000 0.000000
0.000000 0.000000 0.349988 0.349990 0.349987 0.349988 0.349990 0.349990 0.349990 0.349988 0.349990 0.349988 0.349988 0.349988 0.349990 0.349992 0.349990 0.349991 0.349990 0.000000 0.000000
0.000000 0.000000 0.350469 0.350469 0.350469 0.350464 0.350453 0.350450 0.350451 0.350452 0.350451 0.350452 0.350447 0.350448 0.350452 0.350451 0.350456 0.350458 0.350462 0.000000 0.000000
0.000000 0.000000 0.352030 0.352031 0.352026 0.352007 0.352001 0.351985 0.351985 0.351980 0.351984 0.351984 0.351987 0.351987 0.351991 0.352002 0.352008 0.352019 0.352024 0.000000 0.000000
0.000000 0.000000 0.354301 0.354299 0.354297 0.354281 0.354261 0.354235 0.354235 0.354231 0.354233 0.354235 0.354235 0.354233 0.354252 0.354272 0.354281 0.354290 0.354297 0.000000 0.000000
0.000000 0.000000 0.357064 0.357064 0.357063 0.357043 0.357024 0.356996 0.356996 0.356993 0.356994 0.356994 0.356992 0.356996 0.357016 0.357033 0.357047 0.357052 0.357062 0.000000 0.000000
0.000000 0.000000 0.359858 0.359855 0.359850 0.359839 0.359820 0.359792 0.359794 0.359789 0.359787 0.359789 0.359788 0.359786 0.359810 0.359829 0.359842 0.359845 0.359853 0.000000 0.000000
0.000000 0.000000 0.362684 0.362678 0.362677 0.362669 0.362641 0.362616 0.362618 0.362615 0.362611 0.362615 0.362619 0.362615 0.362635 0.362657 0.362671 0.362673 0.362679 0.000000 0.000000
0.000000 0.000000 0.365613 0.365609 0.365609 0.365590 0.365571 0.365543 0.365549 0.365535 0.365536 0.365538 0.365534 0.365541 0.365556 0.365570 0.365585 0.365594 0.365606 0.000000 0.000000
0.000000 0.000000 0.368677 0.368670 0.368663 0.368649 0.368633 0.368600 0.368601 0.368593 0.368602 0.368593 0.368595 0.368597 0.368625 0.368638 0.368649 0.368653 0.368685 0.000000 0.000000
0.000000 0.000000 0.371821 0.371815 0.371814 0.371798 0.371782 0.371716 0.371716 0.371710 0.371697 0.371705 0.371710 0.371714 0.371762 0.371773 0.371797 0.371799 0.371822 0.000000 0.000000
0.000000 0.000000 0.375228 0.375224 0.375216 0.375206 0.375143 0.375126 0.375111 0.375110 0.375105 0.375108 0.375108 0.375106 0.375113 0.375175 0.375195 0.375212 0.375234 0.000000 0.000000
0.000000 0.000000 0.378972 0.378967 0.378954 0.378890 0.378869 0.378831 0.378805 0.378801 0.378789 0.378783 0.378790 0.378784 0.378811 0.378841 0.378935 0.378927 0.378941 0.000000 0.000000
0.000000 0.000000 0.382923 0.382918 0.382835 0.382820 0.382815 0.382791 0.382808 0.382797 0.382804 0.382794 0.382784 0.382801 0.382814 0.382822 0.382817 0.382925 0.382928 0.000000 0.000000
0.000000 0.000000 0.387433 0.387319 0.387278 0.387245 0.387192 0.387164 0.387155 0.387153 0.387129 0.387125 0.387135 0.387130 0.387160 0.387200 0.387265 0.387292 0.387408 0.000000 0.000000
0.000000 0.000000 0.390754 0.390756 0.390858 0.390831 0.390787 0.390680 0.390677 0.390653 0.390668 0.390661 0.390669 0.390671 0.390768 0.390798 0.390871 0.390765 0.390770 0.000000 0.000000
0.000000 0.000000 0.350000 0.350000 0.350000 0.350000 0.350000 0.350000 0.350000 0.350000 0.350000 0.350000 0.350000 0.350000 0.350000 0.350000 0.350000 0.350000 0.350000 0.000000 0.000000
0.000000 0.000000 0.000000 0.000000 0.000000 0.000000 0.000000 0.000000 0.000000 0.000000 0.000000 0.000000 0.000000 0.000000 0.000000 0.000000 0.000000 0.000000 0.000000 0.000000 0.000000