geotop/1.0zi/1.0Montebello/Templates/testdem/maps/_Eocsilt7759.asc
ncols         21
nrows         20
xllcorner     100.000000
yllcorner     100.000000
cellsize      50.000000
NODATA_value  -9999.0
0.000000 0.000000 0.000000 0.000000 0.000000 0.000000 0.000000 0.000000 0.000000 0.000000 0.000000 0.000000 0.000000 0.000000 0.000000 0.000000 0.000000 0.000000 0.000000 0.000000 0.000000
0.000000 0.000000 0.350160 0.350160 0.350160 0.350161 0.350160 0.350160 0.350160 0.350160 0.350160 0.350160 0.350160 0.350160 0.350160 0.350160 0.350161 0.350160 0.350160 0.000000 0.000000
0.000000 0.000000 0.350005 0.350005 0.350004 0.350004 0.350005 0.350005 0.350005 0.350005 0.350005 0.350005 0.350006 0.350006 0.350005 0.350004 0.350003 0.350003 0.350004 0.000000 0.000000
0.000000 0.000000 0.350103 0.350099 0.350097 0.350091 0.350092 0.350087 0.350090 0.350090 0.350087 0.350089 0.350089 0.350089 0.350092 0.350095 0.350098 0.350098 0.350099 0.000000 0.000000
0.000000 0.000000 0.350979 0.350985 0.350981 0.350970 0.350964 0.350957 0.350953 0.350952 0.350952 0.350952 0.350953 0.350955 0.350968 0.350973 0.350975 0.350985 0.350988 0.000000 0.000000
0.000000 0.000000 0.353476 0.353477 0.353467 0.353451 0.353432 0.353411 0.353410 0.353404 0.353408 0.353408 0.353410 0.353409 0.353421 0.353433 0.353445 0.353453 0.353458 0.000000 0.000000
0.000000 0.000000 0.357077 0.357073 0.357062 0.357036 0.357005 0.356972 0.356973 0.356969 0.356970 0.356968 0.356965 0.356970 0.356999 0.357025 0.357042 0.357056 0.357064 0.000000 0.000000
0.000000 0.000000 0.361353 0.361351 0.361345 0.361318 0.361288 0.361252 0.361251 0.361247 0.361246 0.361243 0.361241 0.361247 0.361279 0.361306 0.361332 0.361338 0.361350 0.000000 0.000000
0.000000 0.000000 0.365931 0.365922 0.365908 0.365889 0.365858 0.365816 0.365818 0.365809 0.365807 0.365805 0.365806 0.365805 0.365846 0.365878 0.365899 0.365909 0.365919 0.000000 0.000000
0.000000 0.000000 0.370714 0.370705 0.370697 0.370680 0.370636 0.370599 0.370599 0.370594 0.370588 0.370591 0.370596 0.370594 0.370628 0.370665 0.370688 0.370696 0.370703 0.000000 0.000000
0.000000 0.000000 0.375837 0.375830 0.375822 0.375784 0.375754 0.375711 0.375721 0.375697 0.375700 0.375699 0.375691 0.375706 0.375737 0.375760 0.375788 0.375804 0.375823 0.000000 0.000000
0.000000 0.000000 0.381468 0.381452 0.381434 0.381410 0.381376 0.381322 0.381320 0.381312 0.381324 0.381307 0.381311 0.381316 0.381370 0.381398 0.381417 0.381429 0.381477 0.000000 0.000000
0.000000 0.000000 0.387490 0.387474 0.387467 0.387433 0.387403 0.387270 0.387268 0.387260 0.387226 0.387243 0.387251 0.387263 0.387365 0.387392 0.387443 0.387449 0.387474 0.000000 0.000000
0.000000 0.000000 0.394440 0.394434 0.394407 0.394382 0.394223 0.394226 0.394192 0.394192 0.394199 0.394191 0.394187 0.394181 0.394173 0.394338 0.394369 0.394413 0.394446 0.000000 0.000000
0.000000 0.000000 0.402531 0.402516 0.402481 0.402285 0.402287 0.402190 0.402142 0.402131 0.402099 0.402073 0.402095 0.402090 0.402184 0.402195 0.402455 0.402421 0.402429 0.000000 0.000000
0.000000 0.000000 0.411393 0.411378 0.411098 0.411150 0.411133 0.411096 0.411193 0.411158 0.411208 0.411185 0.411142 0.411211 0.411227 0.411242 0.411072 0.411464 0.411459 0.000000 0.000000
0.000000 0.000000 0.422344 0.421904 0.421952 0.421798 0.421578 0.421513 0.421410 0.421433 0.421310 0.421318 0.421385 0.421324 0.421432 0.421594 0.421934 0.421758 0.422211 0.000000 0.000000
0.000000 0.000000 0.427285 0.427645 0.428039 0.428021 0.428012 0.427639 0.427684 0.427580 0.427736 0.427701 0.427685 0.427735 0.428054 0.428061 0.428109 0.427779 0.427430 0.000000 0.000000
0.000000 0.000000 0.350000 0.350000 0.350000 0.350000 0.350000 0.350000 0.350000 0.350000 0.350000 0.350000 0.350000 0.350000 0.350000 0.350000 0.350000 0.350000 0.350000 0.000000 0.000000
0.000000 0.000000 0.000000 0.000000 0.000000 0.000000 0.000000 0.000000 0.000000 0.000000 0.000000 0.000000 0.000000 0.000000 0.000000 0.000000 0.000000 0.000000 0.000000 0.000000 0.000000