geotop/1.0zi/1.0Montebello/Templates/testdem/maps/_Eocsilt7342.asc
ncols         21
nrows         20
xllcorner     100.000000
yllcorner     100.000000
cellsize      50.000000
NODATA_value  -9999.0
0.000000 0.000000 0.000000 0.000000 0.000000 0.000000 0.000000 0.000000 0.000000 0.000000 0.000000 0.000000 0.000000 0.000000 0.000000 0.000000 0.000000 0.000000 0.000000 0.000000 0.000000
0.000000 0.000000 0.350152 0.350153 0.350153 0.350153 0.350153 0.350153 0.350153 0.350153 0.350153 0.350152 0.350152 0.350152 0.350152 0.350153 0.350153 0.350153 0.350152 0.000000 0.000000
0.000000 0.000000 0.350004 0.350003 0.350003 0.350003 0.350004 0.350004 0.350004 0.350004 0.350004 0.350004 0.350005 0.350004 0.350004 0.350003 0.350002 0.350002 0.350004 0.000000 0.000000
0.000000 0.000000 0.350093 0.350090 0.350088 0.350082 0.350084 0.350079 0.350082 0.350082 0.350079 0.350081 0.350081 0.350081 0.350083 0.350086 0.350089 0.350089 0.350090 0.000000 0.000000
0.000000 0.000000 0.350913 0.350919 0.350914 0.350904 0.350898 0.350892 0.350888 0.350887 0.350887 0.350887 0.350888 0.350890 0.350902 0.350907 0.350909 0.350919 0.350921 0.000000 0.000000
0.000000 0.000000 0.353208 0.353210 0.353200 0.353185 0.353167 0.353147 0.353146 0.353141 0.353144 0.353145 0.353146 0.353145 0.353156 0.353167 0.353179 0.353187 0.353192 0.000000 0.000000
0.000000 0.000000 0.356522 0.356519 0.356508 0.356484 0.356455 0.356424 0.356425 0.356422 0.356422 0.356421 0.356418 0.356423 0.356449 0.356474 0.356490 0.356504 0.356511 0.000000 0.000000
0.000000 0.000000 0.360474 0.360473 0.360468 0.360443 0.360415 0.360381 0.360381 0.360377 0.360376 0.360373 0.360371 0.360377 0.360407 0.360432 0.360456 0.360462 0.360474 0.000000 0.000000
0.000000 0.000000 0.364681 0.364674 0.364660 0.364644 0.364615 0.364576 0.364578 0.364569 0.364567 0.364565 0.364566 0.364565 0.364603 0.364634 0.364653 0.364663 0.364673 0.000000 0.000000
0.000000 0.000000 0.369037 0.369030 0.369023 0.369007 0.368966 0.368932 0.368933 0.368929 0.368923 0.368925 0.368930 0.368928 0.368959 0.368994 0.369015 0.369022 0.369029 0.000000 0.000000
0.000000 0.000000 0.373657 0.373652 0.373645 0.373611 0.373582 0.373544 0.373552 0.373532 0.373533 0.373533 0.373525 0.373539 0.373566 0.373588 0.373615 0.373629 0.373647 0.000000 0.000000
0.000000 0.000000 0.378683 0.378670 0.378654 0.378632 0.378602 0.378554 0.378552 0.378545 0.378555 0.378539 0.378543 0.378548 0.378596 0.378621 0.378639 0.378650 0.378694 0.000000 0.000000
0.000000 0.000000 0.384006 0.383992 0.383986 0.383957 0.383930 0.383814 0.383813 0.383805 0.383776 0.383790 0.383797 0.383808 0.383896 0.383921 0.383966 0.383971 0.383997 0.000000 0.000000
0.000000 0.000000 0.390061 0.390055 0.390033 0.390012 0.389878 0.389873 0.389845 0.389845 0.389847 0.389842 0.389839 0.389834 0.389833 0.389972 0.390001 0.390038 0.390069 0.000000 0.000000
0.000000 0.000000 0.397024 0.397013 0.396983 0.396824 0.396813 0.396736 0.396694 0.396685 0.396658 0.396637 0.396654 0.396649 0.396724 0.396747 0.396960 0.396935 0.396946 0.000000 0.000000
0.000000 0.000000 0.404610 0.404598 0.404375 0.404399 0.404386 0.404349 0.404421 0.404393 0.404428 0.404407 0.404375 0.404429 0.404450 0.404463 0.404353 0.404659 0.404657 0.000000 0.000000
0.000000 0.000000 0.413889 0.413544 0.413550 0.413436 0.413262 0.413209 0.413140 0.413154 0.413062 0.413065 0.413113 0.413072 0.413158 0.413287 0.413535 0.413442 0.413796 0.000000 0.000000
0.000000 0.000000 0.418772 0.419006 0.419326 0.419294 0.419260 0.418959 0.418983 0.418904 0.419011 0.418985 0.418980 0.419012 0.419277 0.419301 0.419382 0.419098 0.418875 0.000000 0.000000
0.000000 0.000000 0.350000 0.350000 0.350000 0.350000 0.350000 0.350000 0.350000 0.350000 0.350000 0.350000 0.350000 0.350000 0.350000 0.350000 0.350000 0.350000 0.350000 0.000000 0.000000
0.000000 0.000000 0.000000 0.000000 0.000000 0.000000 0.000000 0.000000 0.000000 0.000000 0.000000 0.000000 0.000000 0.000000 0.000000 0.000000 0.000000 0.000000 0.000000 0.000000 0.000000