geotop/1.0zi/1.0Montebello/Templates/testdem/maps/_Eocsilt8573.asc
ncols         21
nrows         20
xllcorner     100.000000
yllcorner     100.000000
cellsize      50.000000
NODATA_value  -9999.0
0.000000 0.000000 0.000000 0.000000 0.000000 0.000000 0.000000 0.000000 0.000000 0.000000 0.000000 0.000000 0.000000 0.000000 0.000000 0.000000 0.000000 0.000000 0.000000 0.000000 0.000000
0.000000 0.000000 0.350178 0.350179 0.350179 0.350179 0.350179 0.350179 0.350179 0.350179 0.350179 0.350178 0.350178 0.350178 0.350178 0.350179 0.350179 0.350179 0.350179 0.000000 0.000000
0.000000 0.000000 0.350006 0.350006 0.350006 0.350005 0.350006 0.350006 0.350006 0.350006 0.350007 0.350006 0.350007 0.350007 0.350006 0.350006 0.350004 0.350004 0.350005 0.000000 0.000000
0.000000 0.000000 0.350103 0.350099 0.350097 0.350091 0.350092 0.350087 0.350090 0.350090 0.350087 0.350089 0.350089 0.350089 0.350092 0.350095 0.350099 0.350099 0.350100 0.000000 0.000000
0.000000 0.000000 0.351078 0.351084 0.351073 0.351061 0.351053 0.351045 0.351044 0.351042 0.351042 0.351044 0.351048 0.351047 0.351060 0.351064 0.351068 0.351077 0.351079 0.000000 0.000000
0.000000 0.000000 0.353956 0.353953 0.353944 0.353925 0.353904 0.353883 0.353881 0.353874 0.353879 0.353880 0.353883 0.353881 0.353895 0.353907 0.353921 0.353928 0.353935 0.000000 0.000000
0.000000 0.000000 0.358111 0.358104 0.358093 0.358064 0.358028 0.357991 0.357992 0.357989 0.357989 0.357989 0.357987 0.357991 0.358023 0.358051 0.358069 0.358085 0.358092 0.000000 0.000000
0.000000 0.000000 0.363028 0.363023 0.363016 0.362986 0.362953 0.362912 0.362912 0.362906 0.362906 0.362904 0.362902 0.362909 0.362944 0.362973 0.363001 0.363007 0.363020 0.000000 0.000000
0.000000 0.000000 0.368348 0.368336 0.368320 0.368299 0.368262 0.368216 0.368218 0.368208 0.368206 0.368205 0.368207 0.368205 0.368251 0.368286 0.368309 0.368320 0.368331 0.000000 0.000000
0.000000 0.000000 0.374005 0.373993 0.373984 0.373964 0.373912 0.373870 0.373870 0.373865 0.373859 0.373864 0.373869 0.373867 0.373905 0.373947 0.373972 0.373981 0.373989 0.000000 0.000000
0.000000 0.000000 0.380183 0.380175 0.380166 0.380117 0.380083 0.380031 0.380045 0.380015 0.380021 0.380019 0.380010 0.380027 0.380064 0.380089 0.380123 0.380140 0.380164 0.000000 0.000000
0.000000 0.000000 0.387108 0.387086 0.387065 0.387039 0.386994 0.386933 0.386927 0.386922 0.386935 0.386914 0.386924 0.386924 0.386991 0.387026 0.387047 0.387061 0.387116 0.000000 0.000000
0.000000 0.000000 0.394662 0.394640 0.394637 0.394589 0.394554 0.394383 0.394380 0.394372 0.394324 0.394353 0.394360 0.394375 0.394507 0.394539 0.394605 0.394609 0.394636 0.000000 0.000000
0.000000 0.000000 0.403623 0.403616 0.403580 0.403549 0.403328 0.403355 0.403311 0.403312 0.403330 0.403312 0.403309 0.403292 0.403266 0.403498 0.403527 0.403588 0.403629 0.000000 0.000000
0.000000 0.000000 0.414236 0.414212 0.414167 0.413882 0.413922 0.413776 0.413716 0.413701 0.413650 0.413620 0.413652 0.413646 0.413789 0.413762 0.414138 0.414074 0.414077 0.000000 0.000000
0.000000 0.000000 0.425735 0.425714 0.425308 0.425441 0.425401 0.425374 0.425533 0.425485 0.425570 0.425546 0.425478 0.425577 0.425575 0.425603 0.425271 0.425868 0.425860 0.000000 0.000000
0.000000 0.000000 0.439508 0.438906 0.439064 0.438821 0.438520 0.438427 0.438249 0.438290 0.438103 0.438125 0.438233 0.438122 0.438282 0.438504 0.439042 0.438665 0.439291 0.000000 0.000000
0.000000 0.000000 0.443962 0.444494 0.444955 0.444956 0.444984 0.444531 0.444613 0.444479 0.444703 0.444658 0.444623 0.444697 0.445074 0.445052 0.445039 0.444689 0.444165 0.000000 0.000000
0.000000 0.000000 0.350000 0.350000 0.350000 0.350000 0.350000 0.350000 0.350000 0.350000 0.350000 0.350000 0.350000 0.350000 0.350000 0.350000 0.350000 0.350000 0.350000 0.000000 0.000000
0.000000 0.000000 0.000000 0.000000 0.000000 0.000000 0.000000 0.000000 0.000000 0.000000 0.000000 0.000000 0.000000 0.000000 0.000000 0.000000 0.000000 0.000000 0.000000 0.000000 0.000000