geotop/1.0zi/1.0Montebello/Templates/testdem/maps/_Eocsilt1248.asc
ncols         21
nrows         20
xllcorner     100.000000
yllcorner     100.000000
cellsize      50.000000
NODATA_value  -9999.0
0.000000 0.000000 0.000000 0.000000 0.000000 0.000000 0.000000 0.000000 0.000000 0.000000 0.000000 0.000000 0.000000 0.000000 0.000000 0.000000 0.000000 0.000000 0.000000 0.000000 0.000000
0.000000 0.000000 0.350025 0.350025 0.350025 0.350025 0.350025 0.350025 0.350025 0.350025 0.350025 0.350025 0.350025 0.350025 0.350025 0.350025 0.350025 0.350025 0.350025 0.000000 0.000000
0.000000 0.000000 0.350000 0.350000 0.350000 0.350000 0.350000 0.350000 0.350000 0.350000 0.350000 0.350000 0.350000 0.350000 0.350000 0.350000 0.350000 0.350000 0.350000 0.000000 0.000000
0.000000 0.000000 0.350567 0.350566 0.350564 0.350565 0.350567 0.350567 0.350567 0.350567 0.350567 0.350567 0.350567 0.350567 0.350567 0.350565 0.350564 0.350566 0.350567 0.000000 0.000000
0.000000 0.000000 0.352351 0.352351 0.352348 0.352348 0.352351 0.352351 0.352351 0.352352 0.352351 0.352352 0.352351 0.352351 0.352351 0.352348 0.352348 0.352351 0.352351 0.000000 0.000000
0.000000 0.000000 0.354518 0.354517 0.354515 0.354516 0.354518 0.354518 0.354518 0.354518 0.354518 0.354518 0.354518 0.354518 0.354518 0.354516 0.354515 0.354517 0.354518 0.000000 0.000000
0.000000 0.000000 0.356508 0.356508 0.356506 0.356506 0.356508 0.356508 0.356508 0.356508 0.356508 0.356508 0.356508 0.356508 0.356508 0.356506 0.356506 0.356508 0.356508 0.000000 0.000000
0.000000 0.000000 0.358332 0.358331 0.358330 0.358330 0.358332 0.358331 0.358331 0.358332 0.358332 0.358332 0.358331 0.358331 0.358332 0.358330 0.358330 0.358331 0.358332 0.000000 0.000000
0.000000 0.000000 0.360039 0.360038 0.360037 0.360037 0.360039 0.360038 0.360038 0.360039 0.360039 0.360039 0.360038 0.360038 0.360039 0.360037 0.360037 0.360038 0.360039 0.000000 0.000000
0.000000 0.000000 0.361674 0.361674 0.361672 0.361673 0.361674 0.361674 0.361674 0.361674 0.361674 0.361674 0.361674 0.361674 0.361674 0.361673 0.361672 0.361674 0.361674 0.000000 0.000000
0.000000 0.000000 0.363255 0.363255 0.363254 0.363254 0.363256 0.363255 0.363255 0.363256 0.363256 0.363256 0.363255 0.363255 0.363256 0.363254 0.363254 0.363255 0.363255 0.000000 0.000000
0.000000 0.000000 0.364799 0.364799 0.364798 0.364798 0.364800 0.364799 0.364799 0.364800 0.364800 0.364800 0.364799 0.364799 0.364800 0.364798 0.364798 0.364799 0.364799 0.000000 0.000000
0.000000 0.000000 0.366317 0.366317 0.366315 0.366316 0.366317 0.366317 0.366317 0.366317 0.366317 0.366317 0.366317 0.366317 0.366317 0.366316 0.366315 0.366317 0.366317 0.000000 0.000000
0.000000 0.000000 0.367808 0.367808 0.367806 0.367807 0.367808 0.367808 0.367808 0.367808 0.367808 0.367808 0.367808 0.367808 0.367808 0.367807 0.367806 0.367808 0.367808 0.000000 0.000000
0.000000 0.000000 0.369280 0.369280 0.369278 0.369279 0.369280 0.369280 0.369280 0.369280 0.369280 0.369280 0.369280 0.369280 0.369280 0.369279 0.369278 0.369280 0.369280 0.000000 0.000000
0.000000 0.000000 0.370738 0.370738 0.370736 0.370737 0.370738 0.370738 0.370738 0.370738 0.370738 0.370738 0.370738 0.370738 0.370738 0.370737 0.370736 0.370738 0.370738 0.000000 0.000000
0.000000 0.000000 0.372182 0.372182 0.372180 0.372181 0.372182 0.372182 0.372182 0.372182 0.372182 0.372182 0.372182 0.372182 0.372182 0.372181 0.372180 0.372182 0.372182 0.000000 0.000000
0.000000 0.000000 0.373654 0.373655 0.373653 0.373654 0.373655 0.373655 0.373655 0.373655 0.373655 0.373655 0.373655 0.373655 0.373655 0.373654 0.373653 0.373655 0.373655 0.000000 0.000000
0.000000 0.000000 0.350000 0.350000 0.350000 0.350000 0.350000 0.350000 0.350000 0.350000 0.350000 0.350000 0.350000 0.350000 0.350000 0.350000 0.350000 0.350000 0.350000 0.000000 0.000000
0.000000 0.000000 0.000000 0.000000 0.000000 0.000000 0.000000 0.000000 0.000000 0.000000 0.000000 0.000000 0.000000 0.000000 0.000000 0.000000 0.000000 0.000000 0.000000 0.000000 0.000000