geotop/1.0zi/1.0Montebello/Templates/testdem/maps/_Eocsilt7394.asc
ncols         21
nrows         20
xllcorner     100.000000
yllcorner     100.000000
cellsize      50.000000
NODATA_value  -9999.0
0.000000 0.000000 0.000000 0.000000 0.000000 0.000000 0.000000 0.000000 0.000000 0.000000 0.000000 0.000000 0.000000 0.000000 0.000000 0.000000 0.000000 0.000000 0.000000 0.000000 0.000000
0.000000 0.000000 0.350151 0.350152 0.350152 0.350153 0.350152 0.350152 0.350152 0.350152 0.350153 0.350152 0.350152 0.350152 0.350152 0.350152 0.350153 0.350153 0.350152 0.000000 0.000000
0.000000 0.000000 0.350005 0.350004 0.350004 0.350004 0.350004 0.350004 0.350004 0.350004 0.350005 0.350005 0.350005 0.350005 0.350004 0.350004 0.350002 0.350002 0.350004 0.000000 0.000000
0.000000 0.000000 0.350100 0.350096 0.350095 0.350089 0.350091 0.350086 0.350088 0.350089 0.350085 0.350088 0.350088 0.350088 0.350090 0.350093 0.350096 0.350096 0.350097 0.000000 0.000000
0.000000 0.000000 0.350948 0.350954 0.350950 0.350940 0.350934 0.350927 0.350924 0.350923 0.350922 0.350923 0.350923 0.350925 0.350938 0.350943 0.350945 0.350955 0.350957 0.000000 0.000000
0.000000 0.000000 0.353289 0.353290 0.353281 0.353265 0.353248 0.353227 0.353226 0.353220 0.353224 0.353225 0.353226 0.353225 0.353236 0.353248 0.353259 0.353267 0.353272 0.000000 0.000000
0.000000 0.000000 0.356651 0.356648 0.356637 0.356613 0.356584 0.356553 0.356553 0.356550 0.356551 0.356549 0.356546 0.356551 0.356578 0.356603 0.356619 0.356633 0.356640 0.000000 0.000000
0.000000 0.000000 0.360658 0.360656 0.360651 0.360626 0.360597 0.360563 0.360563 0.360560 0.360558 0.360555 0.360553 0.360559 0.360589 0.360615 0.360639 0.360645 0.360657 0.000000 0.000000
0.000000 0.000000 0.364926 0.364918 0.364905 0.364888 0.364859 0.364820 0.364821 0.364813 0.364810 0.364809 0.364810 0.364809 0.364847 0.364878 0.364898 0.364908 0.364917 0.000000 0.000000
0.000000 0.000000 0.369353 0.369345 0.369338 0.369323 0.369281 0.369246 0.369247 0.369243 0.369237 0.369240 0.369244 0.369242 0.369274 0.369309 0.369331 0.369338 0.369345 0.000000 0.000000
0.000000 0.000000 0.374055 0.374050 0.374043 0.374008 0.373979 0.373941 0.373949 0.373928 0.373930 0.373929 0.373922 0.373935 0.373964 0.373986 0.374012 0.374027 0.374045 0.000000 0.000000
0.000000 0.000000 0.379180 0.379167 0.379151 0.379129 0.379098 0.379049 0.379047 0.379040 0.379051 0.379034 0.379038 0.379043 0.379093 0.379118 0.379136 0.379147 0.379191 0.000000 0.000000
0.000000 0.000000 0.384617 0.384603 0.384597 0.384567 0.384540 0.384421 0.384420 0.384412 0.384382 0.384396 0.384403 0.384415 0.384506 0.384531 0.384576 0.384582 0.384607 0.000000 0.000000
0.000000 0.000000 0.390818 0.390812 0.390789 0.390768 0.390630 0.390627 0.390597 0.390597 0.390600 0.390594 0.390591 0.390587 0.390584 0.390727 0.390757 0.390795 0.390826 0.000000 0.000000
0.000000 0.000000 0.397964 0.397953 0.397922 0.397758 0.397749 0.397668 0.397625 0.397617 0.397589 0.397567 0.397585 0.397580 0.397658 0.397678 0.397899 0.397872 0.397883 0.000000 0.000000
0.000000 0.000000 0.405762 0.405750 0.405517 0.405547 0.405533 0.405496 0.405572 0.405543 0.405580 0.405559 0.405525 0.405582 0.405602 0.405615 0.405495 0.405816 0.405812 0.000000 0.000000
0.000000 0.000000 0.415328 0.414968 0.414981 0.414862 0.414680 0.414625 0.414550 0.414566 0.414468 0.414472 0.414523 0.414479 0.414569 0.414704 0.414966 0.414860 0.415230 0.000000 0.000000
0.000000 0.000000 0.420235 0.420492 0.420827 0.420797 0.420768 0.420454 0.420482 0.420398 0.420514 0.420486 0.420479 0.420515 0.420789 0.420809 0.420886 0.420592 0.420347 0.000000 0.000000
0.000000 0.000000 0.350000 0.350000 0.350000 0.350000 0.350000 0.350000 0.350000 0.350000 0.350000 0.350000 0.350000 0.350000 0.350000 0.350000 0.350000 0.350000 0.350000 0.000000 0.000000
0.000000 0.000000 0.000000 0.000000 0.000000 0.000000 0.000000 0.000000 0.000000 0.000000 0.000000 0.000000 0.000000 0.000000 0.000000 0.000000 0.000000 0.000000 0.000000 0.000000 0.000000