geotop/1.0zi/1.0Montebello/Templates/testdem/maps/_Eocsand3671.asc
ncols         21
nrows         20
xllcorner     100.000000
yllcorner     100.000000
cellsize      50.000000
NODATA_value  -9999.0
0.000000 0.000000 0.000000 0.000000 0.000000 0.000000 0.000000 0.000000 0.000000 0.000000 0.000000 0.000000 0.000000 0.000000 0.000000 0.000000 0.000000 0.000000 0.000000 0.000000 0.000000
0.000000 0.000000 0.300100 0.300100 0.300100 0.300100 0.300100 0.300100 0.300100 0.300100 0.300101 0.300100 0.300100 0.300100 0.300100 0.300100 0.300100 0.300100 0.300100 0.000000 0.000000
0.000000 0.000000 0.300011 0.300011 0.300011 0.300011 0.300011 0.300011 0.300011 0.300011 0.300010 0.300011 0.300011 0.300011 0.300011 0.300011 0.300011 0.300011 0.300011 0.000000 0.000000
0.000000 0.000000 0.297310 0.297312 0.297316 0.297314 0.297311 0.297311 0.297311 0.297311 0.297310 0.297311 0.297311 0.297311 0.297311 0.297314 0.297316 0.297312 0.297310 0.000000 0.000000
0.000000 0.000000 0.286690 0.286692 0.286696 0.286695 0.286690 0.286692 0.286693 0.286691 0.286690 0.286691 0.286693 0.286692 0.286690 0.286695 0.286696 0.286692 0.286690 0.000000 0.000000
0.000000 0.000000 0.274152 0.274154 0.274156 0.274156 0.274152 0.274154 0.274155 0.274153 0.274152 0.274153 0.274155 0.274154 0.274152 0.274156 0.274156 0.274154 0.274152 0.000000 0.000000
0.000000 0.000000 0.262616 0.262617 0.262620 0.262619 0.262616 0.262617 0.262618 0.262617 0.262616 0.262617 0.262618 0.262617 0.262616 0.262619 0.262620 0.262617 0.262616 0.000000 0.000000
0.000000 0.000000 0.252180 0.252182 0.252184 0.252184 0.252181 0.252182 0.252183 0.252182 0.252181 0.252182 0.252183 0.252182 0.252181 0.252184 0.252184 0.252182 0.252180 0.000000 0.000000
0.000000 0.000000 0.242570 0.242572 0.242574 0.242573 0.242571 0.242572 0.242573 0.242572 0.242571 0.242572 0.242573 0.242572 0.242571 0.242573 0.242574 0.242572 0.242570 0.000000 0.000000
0.000000 0.000000 0.233557 0.233558 0.233560 0.233559 0.233557 0.233558 0.233559 0.233558 0.233557 0.233558 0.233559 0.233558 0.233557 0.233559 0.233560 0.233558 0.233557 0.000000 0.000000
0.000000 0.000000 0.225019 0.225020 0.225022 0.225021 0.225019 0.225020 0.225021 0.225020 0.225019 0.225020 0.225021 0.225020 0.225019 0.225021 0.225022 0.225020 0.225019 0.000000 0.000000
0.000000 0.000000 0.216871 0.216873 0.216874 0.216874 0.216872 0.216873 0.216873 0.216872 0.216871 0.216872 0.216873 0.216873 0.216872 0.216874 0.216874 0.216873 0.216871 0.000000 0.000000
0.000000 0.000000 0.209052 0.209054 0.209055 0.209055 0.209053 0.209054 0.209054 0.209053 0.209052 0.209053 0.209054 0.209054 0.209053 0.209055 0.209055 0.209054 0.209052 0.000000 0.000000
0.000000 0.000000 0.201505 0.201506 0.201508 0.201507 0.201505 0.201506 0.201507 0.201506 0.201505 0.201506 0.201507 0.201506 0.201505 0.201507 0.201508 0.201506 0.201505 0.000000 0.000000
0.000000 0.000000 0.194205 0.194206 0.194208 0.194207 0.194205 0.194206 0.194207 0.194206 0.194205 0.194206 0.194207 0.194206 0.194205 0.194207 0.194208 0.194206 0.194205 0.000000 0.000000
0.000000 0.000000 0.187144 0.187145 0.187146 0.187146 0.187144 0.187145 0.187145 0.187144 0.187144 0.187144 0.187145 0.187145 0.187144 0.187146 0.187146 0.187145 0.187144 0.000000 0.000000
0.000000 0.000000 0.180298 0.180299 0.180301 0.180300 0.180298 0.180299 0.180300 0.180299 0.180298 0.180299 0.180300 0.180299 0.180298 0.180300 0.180301 0.180299 0.180298 0.000000 0.000000
0.000000 0.000000 0.173574 0.173574 0.173576 0.173575 0.173573 0.173574 0.173574 0.173574 0.173573 0.173574 0.173574 0.173574 0.173573 0.173575 0.173576 0.173574 0.173573 0.000000 0.000000
0.000000 0.000000 0.300000 0.300000 0.300000 0.300000 0.300000 0.300000 0.300000 0.300000 0.300000 0.300000 0.300000 0.300000 0.300000 0.300000 0.300000 0.300000 0.300000 0.000000 0.000000
0.000000 0.000000 0.000000 0.000000 0.000000 0.000000 0.000000 0.000000 0.000000 0.000000 0.000000 0.000000 0.000000 0.000000 0.000000 0.000000 0.000000 0.000000 0.000000 0.000000 0.000000