geotop/1.0zi/1.0Montebello/Templates/testdem/maps/_Eocsilt8020.asc
ncols         21
nrows         20
xllcorner     100.000000
yllcorner     100.000000
cellsize      50.000000
NODATA_value  -9999.0
0.000000 0.000000 0.000000 0.000000 0.000000 0.000000 0.000000 0.000000 0.000000 0.000000 0.000000 0.000000 0.000000 0.000000 0.000000 0.000000 0.000000 0.000000 0.000000 0.000000 0.000000
0.000000 0.000000 0.350168 0.350168 0.350168 0.350169 0.350168 0.350168 0.350168 0.350168 0.350168 0.350168 0.350168 0.350168 0.350168 0.350168 0.350169 0.350168 0.350168 0.000000 0.000000
0.000000 0.000000 0.350005 0.350005 0.350005 0.350005 0.350006 0.350005 0.350006 0.350006 0.350006 0.350006 0.350006 0.350006 0.350006 0.350005 0.350004 0.350004 0.350005 0.000000 0.000000
0.000000 0.000000 0.350103 0.350099 0.350097 0.350091 0.350093 0.350087 0.350090 0.350090 0.350087 0.350090 0.350089 0.350089 0.350092 0.350095 0.350099 0.350099 0.350100 0.000000 0.000000
0.000000 0.000000 0.351012 0.351018 0.351013 0.351002 0.350995 0.350988 0.350984 0.350983 0.350982 0.350983 0.350984 0.350986 0.350999 0.351004 0.351007 0.351017 0.351020 0.000000 0.000000
0.000000 0.000000 0.353672 0.353672 0.353662 0.353645 0.353626 0.353604 0.353603 0.353597 0.353601 0.353601 0.353602 0.353601 0.353614 0.353626 0.353639 0.353647 0.353652 0.000000 0.000000
0.000000 0.000000 0.357479 0.357475 0.357464 0.357437 0.357405 0.357370 0.357371 0.357367 0.357368 0.357366 0.357363 0.357368 0.357398 0.357425 0.357443 0.357458 0.357465 0.000000 0.000000
0.000000 0.000000 0.361984 0.361982 0.361975 0.361947 0.361916 0.361878 0.361877 0.361873 0.361872 0.361868 0.361867 0.361873 0.361907 0.361935 0.361961 0.361967 0.361979 0.000000 0.000000
0.000000 0.000000 0.366822 0.366813 0.366798 0.366779 0.366746 0.366702 0.366704 0.366695 0.366692 0.366690 0.366692 0.366691 0.366733 0.366767 0.366789 0.366799 0.366810 0.000000 0.000000
0.000000 0.000000 0.371903 0.371894 0.371885 0.371867 0.371820 0.371781 0.371781 0.371776 0.371770 0.371773 0.371778 0.371776 0.371812 0.371851 0.371875 0.371883 0.371890 0.000000 0.000000
0.000000 0.000000 0.377380 0.377374 0.377365 0.377324 0.377291 0.377247 0.377256 0.377231 0.377235 0.377233 0.377224 0.377240 0.377273 0.377298 0.377328 0.377344 0.377365 0.000000 0.000000
0.000000 0.000000 0.383440 0.383423 0.383404 0.383378 0.383341 0.383284 0.383281 0.383274 0.383287 0.383267 0.383273 0.383277 0.383335 0.383365 0.383386 0.383398 0.383448 0.000000 0.000000
0.000000 0.000000 0.389962 0.389946 0.389938 0.389901 0.389868 0.389723 0.389721 0.389712 0.389674 0.389693 0.389701 0.389715 0.389826 0.389856 0.389912 0.389918 0.389943 0.000000 0.000000
0.000000 0.000000 0.397560 0.397555 0.397524 0.397498 0.397318 0.397327 0.397290 0.397290 0.397300 0.397289 0.397284 0.397277 0.397263 0.397450 0.397482 0.397530 0.397566 0.000000 0.000000
0.000000 0.000000 0.406464 0.406447 0.406409 0.406184 0.406197 0.406083 0.406031 0.406019 0.405981 0.405953 0.405978 0.405973 0.406083 0.406084 0.406382 0.406338 0.406345 0.000000 0.000000
0.000000 0.000000 0.416210 0.416195 0.415871 0.415949 0.415924 0.415889 0.416006 0.415967 0.416028 0.416003 0.415952 0.416032 0.416043 0.416062 0.415842 0.416301 0.416294 0.000000 0.000000
0.000000 0.000000 0.428239 0.427734 0.427819 0.427632 0.427377 0.427303 0.427172 0.427202 0.427055 0.427066 0.427149 0.427070 0.427197 0.427384 0.427800 0.427553 0.428075 0.000000 0.000000
0.000000 0.000000 0.433028 0.433474 0.433908 0.433900 0.433908 0.433491 0.433553 0.433433 0.433622 0.433582 0.433557 0.433619 0.433970 0.433964 0.433986 0.433637 0.433201 0.000000 0.000000
0.000000 0.000000 0.350000 0.350000 0.350000 0.350000 0.350000 0.350000 0.350000 0.350000 0.350000 0.350000 0.350000 0.350000 0.350000 0.350000 0.350000 0.350000 0.350000 0.000000 0.000000
0.000000 0.000000 0.000000 0.000000 0.000000 0.000000 0.000000 0.000000 0.000000 0.000000 0.000000 0.000000 0.000000 0.000000 0.000000 0.000000 0.000000 0.000000 0.000000 0.000000 0.000000