geotop/1.0zi/1.0Montebello/Templates/testdem/maps/_Eocsilt9651.asc
ncols         21
nrows         20
xllcorner     100.000000
yllcorner     100.000000
cellsize      50.000000
NODATA_value  -9999.0
0.000000 0.000000 0.000000 0.000000 0.000000 0.000000 0.000000 0.000000 0.000000 0.000000 0.000000 0.000000 0.000000 0.000000 0.000000 0.000000 0.000000 0.000000 0.000000 0.000000 0.000000
0.000000 0.000000 0.350207 0.350207 0.350207 0.350207 0.350206 0.350206 0.350206 0.350206 0.350206 0.350206 0.350206 0.350206 0.350206 0.350206 0.350207 0.350207 0.350207 0.000000 0.000000
0.000000 0.000000 0.350008 0.350008 0.350008 0.350007 0.350009 0.350008 0.350008 0.350008 0.350009 0.350008 0.350009 0.350009 0.350008 0.350007 0.350006 0.350006 0.350007 0.000000 0.000000
0.000000 0.000000 0.350150 0.350147 0.350141 0.350137 0.350137 0.350131 0.350135 0.350136 0.350133 0.350136 0.350137 0.350137 0.350139 0.350142 0.350148 0.350149 0.350150 0.000000 0.000000
0.000000 0.000000 0.351492 0.351497 0.351487 0.351467 0.351457 0.351450 0.351453 0.351450 0.351449 0.351452 0.351458 0.351456 0.351470 0.351479 0.351483 0.351489 0.351493 0.000000 0.000000
0.000000 0.000000 0.355141 0.355136 0.355122 0.355097 0.355064 0.355038 0.355036 0.355030 0.355031 0.355033 0.355037 0.355035 0.355052 0.355075 0.355087 0.355095 0.355101 0.000000 0.000000
0.000000 0.000000 0.360259 0.360249 0.360233 0.360195 0.360154 0.360101 0.360103 0.360099 0.360095 0.360094 0.360092 0.360096 0.360139 0.360171 0.360192 0.360207 0.360214 0.000000 0.000000
0.000000 0.000000 0.366323 0.366311 0.366296 0.366254 0.366209 0.366161 0.366162 0.366155 0.366149 0.366146 0.366145 0.366153 0.366193 0.366231 0.366264 0.366270 0.366284 0.000000 0.000000
0.000000 0.000000 0.372996 0.372977 0.372953 0.372919 0.372868 0.372809 0.372814 0.372802 0.372794 0.372792 0.372796 0.372793 0.372852 0.372895 0.372921 0.372933 0.372945 0.000000 0.000000
0.000000 0.000000 0.380327 0.380303 0.380283 0.380248 0.380192 0.380131 0.380132 0.380123 0.380111 0.380116 0.380124 0.380121 0.380167 0.380224 0.380253 0.380264 0.380270 0.000000 0.000000
0.000000 0.000000 0.388617 0.388596 0.388578 0.388499 0.388472 0.388391 0.388408 0.388367 0.388370 0.388364 0.388352 0.388374 0.388426 0.388461 0.388502 0.388517 0.388553 0.000000 0.000000
0.000000 0.000000 0.398257 0.398215 0.398166 0.398128 0.398085 0.397982 0.397980 0.397975 0.397986 0.397951 0.397968 0.397964 0.398056 0.398110 0.398132 0.398145 0.398217 0.000000 0.000000
0.000000 0.000000 0.409073 0.409033 0.409021 0.408947 0.408894 0.408625 0.408620 0.408603 0.408508 0.408565 0.408571 0.408595 0.408795 0.408841 0.408939 0.408944 0.408963 0.000000 0.000000
0.000000 0.000000 0.422381 0.422362 0.422277 0.422224 0.421852 0.421979 0.421899 0.421898 0.421945 0.421895 0.421886 0.421849 0.421730 0.422139 0.422155 0.422251 0.422308 0.000000 0.000000
0.000000 0.000000 0.437419 0.437376 0.437300 0.436826 0.437020 0.436726 0.436659 0.436627 0.436520 0.436483 0.436538 0.436541 0.436798 0.436612 0.437231 0.437087 0.437066 0.000000 0.000000
0.000000 0.000000 0.450788 0.450762 0.450258 0.450515 0.450426 0.450444 0.450664 0.450604 0.450721 0.450701 0.450606 0.450726 0.450658 0.450741 0.450179 0.450947 0.450936 0.000000 0.000000
0.000000 0.000000 0.461919 0.461577 0.461648 0.461513 0.461329 0.461272 0.461174 0.461196 0.461086 0.461099 0.461160 0.461099 0.461191 0.461329 0.461616 0.461423 0.461780 0.000000 0.000000
0.000000 0.000000 0.467137 0.467073 0.467268 0.467170 0.467068 0.466905 0.466865 0.466841 0.466838 0.466832 0.466861 0.466843 0.467002 0.467078 0.467268 0.467017 0.467087 0.000000 0.000000
0.000000 0.000000 0.350000 0.350000 0.350000 0.350000 0.350000 0.350000 0.350000 0.350000 0.350000 0.350000 0.350000 0.350000 0.350000 0.350000 0.350000 0.350000 0.350000 0.000000 0.000000
0.000000 0.000000 0.000000 0.000000 0.000000 0.000000 0.000000 0.000000 0.000000 0.000000 0.000000 0.000000 0.000000 0.000000 0.000000 0.000000 0.000000 0.000000 0.000000 0.000000 0.000000