geotop/1.0zi/1.0Montebello/Templates/testdem/maps/_Eocsand2536.asc
ncols         21
nrows         20
xllcorner     100.000000
yllcorner     100.000000
cellsize      50.000000
NODATA_value  -9999.0
0.000000 0.000000 0.000000 0.000000 0.000000 0.000000 0.000000 0.000000 0.000000 0.000000 0.000000 0.000000 0.000000 0.000000 0.000000 0.000000 0.000000 0.000000 0.000000 0.000000 0.000000
0.000000 0.000000 0.300074 0.300074 0.300074 0.300074 0.300074 0.300074 0.300074 0.300074 0.300076 0.300074 0.300074 0.300074 0.300074 0.300074 0.300074 0.300074 0.300074 0.000000 0.000000
0.000000 0.000000 0.300012 0.300013 0.300013 0.300012 0.300013 0.300012 0.300012 0.300013 0.300011 0.300013 0.300012 0.300012 0.300013 0.300012 0.300013 0.300013 0.300012 0.000000 0.000000
0.000000 0.000000 0.298377 0.298378 0.298382 0.298380 0.298377 0.298377 0.298377 0.298377 0.298377 0.298377 0.298377 0.298377 0.298377 0.298380 0.298382 0.298378 0.298377 0.000000 0.000000
0.000000 0.000000 0.291470 0.291472 0.291475 0.291475 0.291469 0.291471 0.291471 0.291468 0.291468 0.291468 0.291471 0.291471 0.291469 0.291475 0.291475 0.291472 0.291470 0.000000 0.000000
0.000000 0.000000 0.283042 0.283043 0.283046 0.283046 0.283041 0.283043 0.283043 0.283041 0.283040 0.283041 0.283043 0.283043 0.283041 0.283046 0.283046 0.283043 0.283042 0.000000 0.000000
0.000000 0.000000 0.275178 0.275179 0.275182 0.275181 0.275177 0.275179 0.275179 0.275177 0.275176 0.275177 0.275179 0.275179 0.275177 0.275181 0.275182 0.275179 0.275178 0.000000 0.000000
0.000000 0.000000 0.267972 0.267973 0.267976 0.267975 0.267972 0.267973 0.267973 0.267971 0.267971 0.267971 0.267973 0.267973 0.267972 0.267975 0.267976 0.267973 0.267972 0.000000 0.000000
0.000000 0.000000 0.261254 0.261254 0.261257 0.261256 0.261253 0.261254 0.261254 0.261253 0.261252 0.261253 0.261254 0.261254 0.261253 0.261256 0.261257 0.261254 0.261254 0.000000 0.000000
0.000000 0.000000 0.254870 0.254870 0.254873 0.254872 0.254869 0.254870 0.254870 0.254869 0.254868 0.254869 0.254870 0.254870 0.254869 0.254872 0.254873 0.254870 0.254870 0.000000 0.000000
0.000000 0.000000 0.248746 0.248746 0.248749 0.248748 0.248745 0.248746 0.248746 0.248745 0.248744 0.248745 0.248746 0.248746 0.248745 0.248748 0.248749 0.248746 0.248746 0.000000 0.000000
0.000000 0.000000 0.242826 0.242827 0.242829 0.242828 0.242826 0.242827 0.242827 0.242825 0.242825 0.242825 0.242827 0.242827 0.242826 0.242828 0.242829 0.242827 0.242826 0.000000 0.000000
0.000000 0.000000 0.237069 0.237070 0.237072 0.237071 0.237069 0.237070 0.237070 0.237069 0.237068 0.237069 0.237070 0.237070 0.237069 0.237071 0.237072 0.237070 0.237069 0.000000 0.000000
0.000000 0.000000 0.231447 0.231448 0.231450 0.231449 0.231447 0.231447 0.231447 0.231446 0.231446 0.231446 0.231447 0.231447 0.231447 0.231449 0.231450 0.231448 0.231447 0.000000 0.000000
0.000000 0.000000 0.225938 0.225939 0.225941 0.225940 0.225938 0.225939 0.225939 0.225937 0.225937 0.225937 0.225939 0.225939 0.225938 0.225940 0.225941 0.225939 0.225938 0.000000 0.000000
0.000000 0.000000 0.220534 0.220535 0.220537 0.220536 0.220534 0.220535 0.220534 0.220533 0.220533 0.220533 0.220534 0.220535 0.220534 0.220536 0.220537 0.220535 0.220534 0.000000 0.000000
0.000000 0.000000 0.215229 0.215230 0.215232 0.215231 0.215229 0.215230 0.215229 0.215228 0.215228 0.215228 0.215229 0.215230 0.215229 0.215231 0.215232 0.215230 0.215229 0.000000 0.000000
0.000000 0.000000 0.209946 0.209946 0.209948 0.209947 0.209945 0.209946 0.209946 0.209945 0.209944 0.209945 0.209946 0.209946 0.209945 0.209947 0.209948 0.209946 0.209946 0.000000 0.000000
0.000000 0.000000 0.300000 0.300000 0.300000 0.300000 0.300000 0.300000 0.300000 0.300000 0.300000 0.300000 0.300000 0.300000 0.300000 0.300000 0.300000 0.300000 0.300000 0.000000 0.000000
0.000000 0.000000 0.000000 0.000000 0.000000 0.000000 0.000000 0.000000 0.000000 0.000000 0.000000 0.000000 0.000000 0.000000 0.000000 0.000000 0.000000 0.000000 0.000000 0.000000 0.000000