geotop/1.0zi/1.0Montebello/Templates/testdem/maps/_Eocclay8847.asc
ncols         21
nrows         20
xllcorner     100.000000
yllcorner     100.000000
cellsize      50.000000
NODATA_value  -9999.0
0.000000 0.000000 0.000000 0.000000 0.000000 0.000000 0.000000 0.000000 0.000000 0.000000 0.000000 0.000000 0.000000 0.000000 0.000000 0.000000 0.000000 0.000000 0.000000 0.000000 0.000000
0.000000 0.000000 0.349586 0.349588 0.349588 0.349587 0.349589 0.349589 0.349588 0.349588 0.349587 0.349589 0.349588 0.349588 0.349589 0.349588 0.349586 0.349587 0.349587 0.000000 0.000000
0.000000 0.000000 0.349983 0.349982 0.349982 0.349984 0.349981 0.349981 0.349982 0.349981 0.349981 0.349981 0.349982 0.349981 0.349982 0.349982 0.349983 0.349983 0.349981 0.000000 0.000000
0.000000 0.000000 0.350023 0.350027 0.350026 0.350023 0.350024 0.350025 0.350028 0.350026 0.350029 0.350027 0.350028 0.350026 0.350028 0.350030 0.350028 0.350027 0.350025 0.000000 0.000000
0.000000 0.000000 0.351208 0.351202 0.351198 0.351189 0.351172 0.351171 0.351168 0.351169 0.351167 0.351169 0.351167 0.351169 0.351179 0.351183 0.351193 0.351194 0.351203 0.000000 0.000000
0.000000 0.000000 0.354540 0.354537 0.354518 0.354488 0.354465 0.354441 0.354445 0.354438 0.354443 0.354442 0.354448 0.354447 0.354460 0.354485 0.354497 0.354507 0.354513 0.000000 0.000000
0.000000 0.000000 0.359038 0.359030 0.359021 0.358992 0.358959 0.358910 0.358911 0.358906 0.358907 0.358908 0.358909 0.358910 0.358950 0.358981 0.358998 0.359007 0.359015 0.000000 0.000000
0.000000 0.000000 0.364368 0.364359 0.364350 0.364315 0.364280 0.364236 0.364238 0.364233 0.364232 0.364230 0.364228 0.364238 0.364275 0.364305 0.364333 0.364338 0.364352 0.000000 0.000000
0.000000 0.000000 0.370103 0.370092 0.370077 0.370053 0.370013 0.369965 0.369971 0.369961 0.369958 0.369956 0.369958 0.369957 0.370006 0.370044 0.370064 0.370069 0.370082 0.000000 0.000000
0.000000 0.000000 0.376307 0.376291 0.376283 0.376258 0.376201 0.376158 0.376161 0.376155 0.376148 0.376153 0.376160 0.376158 0.376198 0.376245 0.376270 0.376276 0.376283 0.000000 0.000000
0.000000 0.000000 0.383206 0.383196 0.383187 0.383131 0.383094 0.383038 0.383054 0.383021 0.383028 0.383024 0.383014 0.383034 0.383076 0.383104 0.383140 0.383152 0.383179 0.000000 0.000000
0.000000 0.000000 0.391037 0.391015 0.390987 0.390957 0.390907 0.390840 0.390840 0.390836 0.390851 0.390825 0.390837 0.390836 0.390911 0.390951 0.390969 0.390977 0.391038 0.000000 0.000000
0.000000 0.000000 0.399691 0.399665 0.399663 0.399604 0.399564 0.399366 0.399367 0.399357 0.399298 0.399334 0.399342 0.399362 0.399516 0.399553 0.399626 0.399625 0.399650 0.000000 0.000000
0.000000 0.000000 0.410170 0.410163 0.410117 0.410080 0.409806 0.409864 0.409813 0.409816 0.409844 0.409818 0.409813 0.409791 0.409741 0.410034 0.410058 0.410122 0.410169 0.000000 0.000000
0.000000 0.000000 0.422688 0.422656 0.422601 0.422241 0.422326 0.422139 0.422074 0.422055 0.421988 0.421953 0.421994 0.421991 0.422173 0.422106 0.422579 0.422475 0.422471 0.000000 0.000000
0.000000 0.000000 0.436073 0.436049 0.435540 0.435749 0.435689 0.435683 0.435903 0.435842 0.435957 0.435929 0.435839 0.435966 0.435937 0.435989 0.435500 0.436256 0.436242 0.000000 0.000000
0.000000 0.000000 0.451666 0.450955 0.451199 0.450889 0.450534 0.450431 0.450200 0.450257 0.450023 0.450051 0.450190 0.450045 0.450235 0.450497 0.451180 0.450642 0.451380 0.000000 0.000000
0.000000 0.000000 0.455744 0.456383 0.456900 0.456908 0.456960 0.456457 0.456565 0.456412 0.456676 0.456624 0.456578 0.456669 0.457080 0.457046 0.456995 0.456609 0.455977 0.000000 0.000000
0.000000 0.000000 0.350000 0.350000 0.350000 0.350000 0.350000 0.350000 0.350000 0.350000 0.350000 0.350000 0.350000 0.350000 0.350000 0.350000 0.350000 0.350000 0.350000 0.000000 0.000000
0.000000 0.000000 0.000000 0.000000 0.000000 0.000000 0.000000 0.000000 0.000000 0.000000 0.000000 0.000000 0.000000 0.000000 0.000000 0.000000 0.000000 0.000000 0.000000 0.000000 0.000000