geotop/1.0zi/1.0Montebello/Templates/testdem/maps/_Eocclay5590.asc
ncols         21
nrows         20
xllcorner     100.000000
yllcorner     100.000000
cellsize      50.000000
NODATA_value  -9999.0
0.000000 0.000000 0.000000 0.000000 0.000000 0.000000 0.000000 0.000000 0.000000 0.000000 0.000000 0.000000 0.000000 0.000000 0.000000 0.000000 0.000000 0.000000 0.000000 0.000000 0.000000
0.000000 0.000000 0.349750 0.349750 0.349751 0.349751 0.349751 0.349751 0.349751 0.349751 0.349751 0.349751 0.349751 0.349751 0.349751 0.349751 0.349750 0.349750 0.349750 0.000000 0.000000
0.000000 0.000000 0.349990 0.349990 0.349990 0.349990 0.349989 0.349989 0.349990 0.349989 0.349989 0.349989 0.349990 0.349990 0.349990 0.349990 0.349990 0.349990 0.349990 0.000000 0.000000
0.000000 0.000000 0.349988 0.349990 0.349987 0.349988 0.349990 0.349990 0.349990 0.349988 0.349990 0.349988 0.349989 0.349988 0.349990 0.349992 0.349990 0.349991 0.349990 0.000000 0.000000
0.000000 0.000000 0.350468 0.350468 0.350468 0.350464 0.350453 0.350449 0.350451 0.350452 0.350451 0.350451 0.350447 0.350447 0.350452 0.350451 0.350456 0.350458 0.350461 0.000000 0.000000
0.000000 0.000000 0.352031 0.352033 0.352027 0.352009 0.352003 0.351987 0.351986 0.351982 0.351986 0.351985 0.351989 0.351989 0.351992 0.352003 0.352009 0.352021 0.352026 0.000000 0.000000
0.000000 0.000000 0.354304 0.354302 0.354300 0.354284 0.354264 0.354237 0.354237 0.354233 0.354235 0.354237 0.354238 0.354236 0.354254 0.354274 0.354284 0.354292 0.354299 0.000000 0.000000
0.000000 0.000000 0.357068 0.357068 0.357066 0.357047 0.357028 0.357000 0.357000 0.356997 0.356998 0.356998 0.356996 0.357000 0.357020 0.357036 0.357051 0.357056 0.357066 0.000000 0.000000
0.000000 0.000000 0.359864 0.359861 0.359855 0.359845 0.359826 0.359798 0.359800 0.359795 0.359793 0.359794 0.359794 0.359791 0.359816 0.359835 0.359848 0.359851 0.359859 0.000000 0.000000
0.000000 0.000000 0.362691 0.362686 0.362685 0.362677 0.362649 0.362624 0.362626 0.362623 0.362619 0.362623 0.362626 0.362623 0.362642 0.362665 0.362679 0.362681 0.362687 0.000000 0.000000
0.000000 0.000000 0.365623 0.365620 0.365619 0.365600 0.365581 0.365553 0.365559 0.365545 0.365546 0.365548 0.365544 0.365551 0.365566 0.365580 0.365595 0.365604 0.365616 0.000000 0.000000
0.000000 0.000000 0.368690 0.368683 0.368676 0.368662 0.368646 0.368612 0.368614 0.368606 0.368615 0.368606 0.368607 0.368609 0.368638 0.368651 0.368661 0.368666 0.368697 0.000000 0.000000
0.000000 0.000000 0.371837 0.371831 0.371829 0.371813 0.371798 0.371732 0.371732 0.371726 0.371712 0.371720 0.371725 0.371730 0.371777 0.371789 0.371813 0.371815 0.371838 0.000000 0.000000
0.000000 0.000000 0.375247 0.375243 0.375235 0.375225 0.375162 0.375145 0.375130 0.375129 0.375124 0.375127 0.375127 0.375125 0.375132 0.375194 0.375215 0.375231 0.375254 0.000000 0.000000
0.000000 0.000000 0.378996 0.378991 0.378977 0.378913 0.378892 0.378854 0.378828 0.378824 0.378812 0.378806 0.378813 0.378807 0.378834 0.378864 0.378958 0.378951 0.378965 0.000000 0.000000
0.000000 0.000000 0.382951 0.382946 0.382863 0.382848 0.382843 0.382819 0.382835 0.382825 0.382832 0.382822 0.382812 0.382829 0.382842 0.382850 0.382845 0.382953 0.382956 0.000000 0.000000
0.000000 0.000000 0.387467 0.387352 0.387312 0.387279 0.387225 0.387197 0.387189 0.387187 0.387162 0.387158 0.387168 0.387164 0.387193 0.387233 0.387298 0.387326 0.387441 0.000000 0.000000
0.000000 0.000000 0.390791 0.390793 0.390896 0.390868 0.390824 0.390717 0.390714 0.390690 0.390705 0.390699 0.390706 0.390708 0.390805 0.390835 0.390908 0.390802 0.390807 0.000000 0.000000
0.000000 0.000000 0.350000 0.350000 0.350000 0.350000 0.350000 0.350000 0.350000 0.350000 0.350000 0.350000 0.350000 0.350000 0.350000 0.350000 0.350000 0.350000 0.350000 0.000000 0.000000
0.000000 0.000000 0.000000 0.000000 0.000000 0.000000 0.000000 0.000000 0.000000 0.000000 0.000000 0.000000 0.000000 0.000000 0.000000 0.000000 0.000000 0.000000 0.000000 0.000000 0.000000