geotop/1.0zi/1.0Montebello/Templates/testdem/maps/_Eocsand1678.asc
ncols         21
nrows         20
xllcorner     100.000000
yllcorner     100.000000
cellsize      50.000000
NODATA_value  -9999.0
0.000000 0.000000 0.000000 0.000000 0.000000 0.000000 0.000000 0.000000 0.000000 0.000000 0.000000 0.000000 0.000000 0.000000 0.000000 0.000000 0.000000 0.000000 0.000000 0.000000 0.000000
0.000000 0.000000 0.300052 0.300052 0.300052 0.300052 0.300052 0.300052 0.300052 0.300052 0.300052 0.300052 0.300052 0.300052 0.300052 0.300052 0.300052 0.300052 0.300052 0.000000 0.000000
0.000000 0.000000 0.300008 0.300008 0.300009 0.300008 0.300008 0.300008 0.300008 0.300008 0.300008 0.300008 0.300008 0.300008 0.300008 0.300008 0.300009 0.300008 0.300008 0.000000 0.000000
0.000000 0.000000 0.298719 0.298719 0.298724 0.298722 0.298718 0.298719 0.298719 0.298718 0.298718 0.298718 0.298719 0.298719 0.298718 0.298722 0.298724 0.298719 0.298719 0.000000 0.000000
0.000000 0.000000 0.293875 0.293876 0.293880 0.293880 0.293873 0.293875 0.293875 0.293873 0.293873 0.293873 0.293875 0.293875 0.293873 0.293880 0.293880 0.293876 0.293875 0.000000 0.000000
0.000000 0.000000 0.288167 0.288168 0.288171 0.288170 0.288165 0.288166 0.288166 0.288165 0.288165 0.288165 0.288166 0.288166 0.288165 0.288170 0.288171 0.288168 0.288167 0.000000 0.000000
0.000000 0.000000 0.282830 0.282831 0.282834 0.282833 0.282829 0.282830 0.282830 0.282829 0.282829 0.282829 0.282830 0.282830 0.282829 0.282833 0.282834 0.282831 0.282830 0.000000 0.000000
0.000000 0.000000 0.277923 0.277924 0.277927 0.277926 0.277922 0.277923 0.277923 0.277922 0.277922 0.277922 0.277923 0.277923 0.277922 0.277926 0.277927 0.277924 0.277923 0.000000 0.000000
0.000000 0.000000 0.273327 0.273328 0.273330 0.273329 0.273326 0.273327 0.273327 0.273326 0.273326 0.273326 0.273327 0.273327 0.273326 0.273329 0.273330 0.273328 0.273327 0.000000 0.000000
0.000000 0.000000 0.268929 0.268930 0.268932 0.268931 0.268928 0.268929 0.268929 0.268928 0.268928 0.268928 0.268929 0.268929 0.268928 0.268931 0.268932 0.268930 0.268929 0.000000 0.000000
0.000000 0.000000 0.264684 0.264684 0.264687 0.264686 0.264683 0.264684 0.264684 0.264683 0.264683 0.264683 0.264684 0.264684 0.264683 0.264686 0.264687 0.264684 0.264684 0.000000 0.000000
0.000000 0.000000 0.260550 0.260551 0.260553 0.260552 0.260549 0.260550 0.260550 0.260549 0.260549 0.260549 0.260550 0.260550 0.260549 0.260552 0.260553 0.260551 0.260550 0.000000 0.000000
0.000000 0.000000 0.256498 0.256499 0.256501 0.256500 0.256497 0.256498 0.256498 0.256497 0.256497 0.256497 0.256498 0.256498 0.256497 0.256500 0.256501 0.256499 0.256498 0.000000 0.000000
0.000000 0.000000 0.252528 0.252528 0.252531 0.252530 0.252527 0.252528 0.252528 0.252527 0.252527 0.252527 0.252528 0.252528 0.252527 0.252530 0.252531 0.252528 0.252528 0.000000 0.000000
0.000000 0.000000 0.248619 0.248620 0.248622 0.248621 0.248618 0.248619 0.248619 0.248619 0.248619 0.248619 0.248619 0.248619 0.248618 0.248621 0.248622 0.248620 0.248619 0.000000 0.000000
0.000000 0.000000 0.244760 0.244760 0.244763 0.244762 0.244759 0.244760 0.244760 0.244759 0.244759 0.244759 0.244760 0.244760 0.244759 0.244762 0.244763 0.244760 0.244760 0.000000 0.000000
0.000000 0.000000 0.240948 0.240949 0.240951 0.240950 0.240947 0.240948 0.240948 0.240947 0.240948 0.240947 0.240948 0.240948 0.240947 0.240950 0.240951 0.240949 0.240948 0.000000 0.000000
0.000000 0.000000 0.237109 0.237108 0.237111 0.237110 0.237107 0.237108 0.237108 0.237107 0.237107 0.237107 0.237108 0.237108 0.237107 0.237110 0.237111 0.237108 0.237108 0.000000 0.000000
0.000000 0.000000 0.300000 0.300000 0.300000 0.300000 0.300000 0.300000 0.300000 0.300000 0.300000 0.300000 0.300000 0.300000 0.300000 0.300000 0.300000 0.300000 0.300000 0.000000 0.000000
0.000000 0.000000 0.000000 0.000000 0.000000 0.000000 0.000000 0.000000 0.000000 0.000000 0.000000 0.000000 0.000000 0.000000 0.000000 0.000000 0.000000 0.000000 0.000000 0.000000 0.000000