geotop/1.0zi/1.0Montebello/Templates/testdem/maps/_Eocclay5421.asc
ncols         21
nrows         20
xllcorner     100.000000
yllcorner     100.000000
cellsize      50.000000
NODATA_value  -9999.0
0.000000 0.000000 0.000000 0.000000 0.000000 0.000000 0.000000 0.000000 0.000000 0.000000 0.000000 0.000000 0.000000 0.000000 0.000000 0.000000 0.000000 0.000000 0.000000 0.000000 0.000000
0.000000 0.000000 0.349756 0.349757 0.349757 0.349757 0.349757 0.349757 0.349757 0.349757 0.349757 0.349757 0.349757 0.349757 0.349757 0.349757 0.349757 0.349757 0.349757 0.000000 0.000000
0.000000 0.000000 0.349990 0.349990 0.349990 0.349990 0.349989 0.349990 0.349990 0.349990 0.349989 0.349989 0.349990 0.349990 0.349990 0.349990 0.349990 0.349990 0.349990 0.000000 0.000000
0.000000 0.000000 0.349987 0.349989 0.349987 0.349988 0.349989 0.349989 0.349989 0.349988 0.349989 0.349988 0.349988 0.349987 0.349990 0.349991 0.349989 0.349990 0.349989 0.000000 0.000000
0.000000 0.000000 0.350388 0.350389 0.350389 0.350385 0.350374 0.350371 0.350372 0.350374 0.350372 0.350374 0.350368 0.350368 0.350373 0.350371 0.350376 0.350378 0.350380 0.000000 0.000000
0.000000 0.000000 0.351832 0.351834 0.351830 0.351812 0.351807 0.351791 0.351790 0.351786 0.351790 0.351790 0.351793 0.351793 0.351796 0.351806 0.351811 0.351823 0.351827 0.000000 0.000000
0.000000 0.000000 0.353970 0.353968 0.353967 0.353951 0.353933 0.353907 0.353907 0.353903 0.353905 0.353907 0.353907 0.353905 0.353923 0.353942 0.353951 0.353959 0.353965 0.000000 0.000000
0.000000 0.000000 0.356584 0.356584 0.356584 0.356565 0.356546 0.356519 0.356520 0.356517 0.356518 0.356518 0.356516 0.356520 0.356539 0.356554 0.356568 0.356573 0.356581 0.000000 0.000000
0.000000 0.000000 0.359221 0.359218 0.359213 0.359204 0.359185 0.359159 0.359161 0.359156 0.359154 0.359155 0.359155 0.359152 0.359175 0.359194 0.359206 0.359209 0.359215 0.000000 0.000000
0.000000 0.000000 0.361879 0.361875 0.361874 0.361867 0.361840 0.361816 0.361818 0.361815 0.361811 0.361815 0.361818 0.361815 0.361834 0.361855 0.361868 0.361870 0.361875 0.000000 0.000000
0.000000 0.000000 0.364626 0.364623 0.364624 0.364606 0.364587 0.364560 0.364566 0.364554 0.364554 0.364556 0.364552 0.364559 0.364573 0.364586 0.364600 0.364608 0.364619 0.000000 0.000000
0.000000 0.000000 0.367488 0.367482 0.367477 0.367463 0.367448 0.367416 0.367418 0.367410 0.367418 0.367411 0.367411 0.367413 0.367440 0.367452 0.367462 0.367466 0.367495 0.000000 0.000000
0.000000 0.000000 0.370414 0.370409 0.370408 0.370393 0.370379 0.370317 0.370317 0.370312 0.370299 0.370307 0.370311 0.370316 0.370359 0.370370 0.370392 0.370394 0.370415 0.000000 0.000000
0.000000 0.000000 0.373567 0.373564 0.373557 0.373548 0.373490 0.373473 0.373459 0.373458 0.373453 0.373456 0.373457 0.373454 0.373461 0.373518 0.373538 0.373552 0.373573 0.000000 0.000000
0.000000 0.000000 0.377017 0.377014 0.377001 0.376943 0.376924 0.376889 0.376864 0.376860 0.376849 0.376844 0.376850 0.376844 0.376869 0.376898 0.376984 0.376977 0.376990 0.000000 0.000000
0.000000 0.000000 0.380644 0.380639 0.380566 0.380550 0.380544 0.380521 0.380534 0.380525 0.380530 0.380521 0.380513 0.380527 0.380540 0.380549 0.380549 0.380643 0.380646 0.000000 0.000000
0.000000 0.000000 0.384748 0.384649 0.384608 0.384579 0.384532 0.384506 0.384499 0.384497 0.384476 0.384473 0.384480 0.384477 0.384504 0.384539 0.384596 0.384627 0.384726 0.000000 0.000000
0.000000 0.000000 0.387832 0.387827 0.387913 0.387887 0.387851 0.387756 0.387753 0.387732 0.387743 0.387738 0.387744 0.387746 0.387832 0.387854 0.387923 0.387833 0.387845 0.000000 0.000000
0.000000 0.000000 0.350000 0.350000 0.350000 0.350000 0.350000 0.350000 0.350000 0.350000 0.350000 0.350000 0.350000 0.350000 0.350000 0.350000 0.350000 0.350000 0.350000 0.000000 0.000000
0.000000 0.000000 0.000000 0.000000 0.000000 0.000000 0.000000 0.000000 0.000000 0.000000 0.000000 0.000000 0.000000 0.000000 0.000000 0.000000 0.000000 0.000000 0.000000 0.000000 0.000000