geotop/1.0zi/1.0Montebello/Templates/testdem/maps/_Eocsilt1474.asc
ncols         21
nrows         20
xllcorner     100.000000
yllcorner     100.000000
cellsize      50.000000
NODATA_value  -9999.0
0.000000 0.000000 0.000000 0.000000 0.000000 0.000000 0.000000 0.000000 0.000000 0.000000 0.000000 0.000000 0.000000 0.000000 0.000000 0.000000 0.000000 0.000000 0.000000 0.000000 0.000000
0.000000 0.000000 0.350030 0.350030 0.350030 0.350030 0.350030 0.350030 0.350030 0.350030 0.350030 0.350030 0.350030 0.350030 0.350030 0.350030 0.350030 0.350030 0.350030 0.000000 0.000000
0.000000 0.000000 0.349999 0.349999 0.349999 0.350000 0.349999 0.349999 0.349999 0.349999 0.349999 0.349999 0.349999 0.349999 0.349999 0.350000 0.349999 0.349999 0.349999 0.000000 0.000000
0.000000 0.000000 0.350606 0.350606 0.350603 0.350604 0.350606 0.350606 0.350606 0.350606 0.350606 0.350606 0.350606 0.350606 0.350606 0.350604 0.350603 0.350606 0.350606 0.000000 0.000000
0.000000 0.000000 0.352637 0.352637 0.352634 0.352634 0.352638 0.352637 0.352637 0.352638 0.352638 0.352638 0.352637 0.352637 0.352638 0.352634 0.352634 0.352637 0.352637 0.000000 0.000000
0.000000 0.000000 0.355146 0.355146 0.355144 0.355144 0.355147 0.355146 0.355146 0.355147 0.355147 0.355147 0.355146 0.355146 0.355147 0.355144 0.355144 0.355146 0.355146 0.000000 0.000000
0.000000 0.000000 0.357451 0.357450 0.357449 0.357449 0.357451 0.357450 0.357450 0.357451 0.357451 0.357451 0.357450 0.357450 0.357451 0.357449 0.357449 0.357450 0.357451 0.000000 0.000000
0.000000 0.000000 0.359566 0.359566 0.359564 0.359564 0.359566 0.359566 0.359566 0.359566 0.359566 0.359566 0.359566 0.359566 0.359566 0.359564 0.359564 0.359566 0.359566 0.000000 0.000000
0.000000 0.000000 0.361547 0.361547 0.361545 0.361546 0.361547 0.361547 0.361547 0.361547 0.361547 0.361547 0.361547 0.361547 0.361547 0.361546 0.361545 0.361547 0.361547 0.000000 0.000000
0.000000 0.000000 0.363444 0.363444 0.363442 0.363443 0.363444 0.363444 0.363444 0.363444 0.363444 0.363444 0.363444 0.363444 0.363444 0.363443 0.363442 0.363444 0.363444 0.000000 0.000000
0.000000 0.000000 0.365276 0.365276 0.365274 0.365275 0.365276 0.365276 0.365276 0.365276 0.365276 0.365276 0.365276 0.365276 0.365276 0.365275 0.365274 0.365276 0.365276 0.000000 0.000000
0.000000 0.000000 0.367061 0.367061 0.367060 0.367060 0.367062 0.367061 0.367061 0.367062 0.367062 0.367062 0.367061 0.367061 0.367062 0.367060 0.367060 0.367061 0.367061 0.000000 0.000000
0.000000 0.000000 0.368815 0.368815 0.368813 0.368814 0.368815 0.368815 0.368815 0.368815 0.368815 0.368815 0.368815 0.368815 0.368815 0.368814 0.368813 0.368815 0.368815 0.000000 0.000000
0.000000 0.000000 0.370536 0.370536 0.370534 0.370535 0.370536 0.370536 0.370536 0.370536 0.370536 0.370536 0.370536 0.370536 0.370536 0.370535 0.370534 0.370536 0.370536 0.000000 0.000000
0.000000 0.000000 0.372233 0.372233 0.372232 0.372232 0.372233 0.372233 0.372233 0.372233 0.372233 0.372233 0.372233 0.372233 0.372233 0.372232 0.372232 0.372233 0.372233 0.000000 0.000000
0.000000 0.000000 0.373913 0.373912 0.373911 0.373911 0.373913 0.373912 0.373912 0.373913 0.373913 0.373913 0.373912 0.373912 0.373913 0.373911 0.373911 0.373912 0.373913 0.000000 0.000000
0.000000 0.000000 0.375574 0.375573 0.375572 0.375572 0.375574 0.375573 0.375573 0.375574 0.375574 0.375574 0.375573 0.375573 0.375574 0.375572 0.375572 0.375573 0.375574 0.000000 0.000000
0.000000 0.000000 0.377255 0.377255 0.377254 0.377254 0.377256 0.377255 0.377255 0.377256 0.377256 0.377256 0.377255 0.377255 0.377256 0.377254 0.377254 0.377255 0.377255 0.000000 0.000000
0.000000 0.000000 0.350000 0.350000 0.350000 0.350000 0.350000 0.350000 0.350000 0.350000 0.350000 0.350000 0.350000 0.350000 0.350000 0.350000 0.350000 0.350000 0.350000 0.000000 0.000000
0.000000 0.000000 0.000000 0.000000 0.000000 0.000000 0.000000 0.000000 0.000000 0.000000 0.000000 0.000000 0.000000 0.000000 0.000000 0.000000 0.000000 0.000000 0.000000 0.000000 0.000000