geotop/1.0zi/1.0Montebello/Templates/testdem/maps/_Eocsilt8921.asc
ncols         21
nrows         20
xllcorner     100.000000
yllcorner     100.000000
cellsize      50.000000
NODATA_value  -9999.0
0.000000 0.000000 0.000000 0.000000 0.000000 0.000000 0.000000 0.000000 0.000000 0.000000 0.000000 0.000000 0.000000 0.000000 0.000000 0.000000 0.000000 0.000000 0.000000 0.000000 0.000000
0.000000 0.000000 0.350191 0.350191 0.350191 0.350192 0.350191 0.350191 0.350192 0.350191 0.350192 0.350191 0.350191 0.350191 0.350191 0.350191 0.350192 0.350192 0.350191 0.000000 0.000000
0.000000 0.000000 0.350005 0.350005 0.350005 0.350005 0.350006 0.350006 0.350006 0.350006 0.350006 0.350006 0.350006 0.350006 0.350006 0.350005 0.350004 0.350004 0.350005 0.000000 0.000000
0.000000 0.000000 0.350121 0.350117 0.350112 0.350107 0.350107 0.350102 0.350105 0.350105 0.350102 0.350105 0.350105 0.350105 0.350107 0.350111 0.350116 0.350117 0.350119 0.000000 0.000000
0.000000 0.000000 0.351226 0.351231 0.351224 0.351208 0.351199 0.351196 0.351196 0.351193 0.351193 0.351195 0.351199 0.351198 0.351211 0.351218 0.351220 0.351224 0.351226 0.000000 0.000000
0.000000 0.000000 0.354359 0.354354 0.354343 0.354324 0.354297 0.354275 0.354275 0.354269 0.354273 0.354274 0.354277 0.354275 0.354290 0.354307 0.354318 0.354321 0.354328 0.000000 0.000000
0.000000 0.000000 0.358807 0.358798 0.358785 0.358754 0.358718 0.358674 0.358677 0.358674 0.358674 0.358673 0.358670 0.358676 0.358712 0.358740 0.358759 0.358770 0.358777 0.000000 0.000000
0.000000 0.000000 0.364069 0.364059 0.364051 0.364018 0.363982 0.363941 0.363944 0.363938 0.363937 0.363934 0.363932 0.363940 0.363975 0.364007 0.364036 0.364038 0.364051 0.000000 0.000000
0.000000 0.000000 0.369789 0.369774 0.369757 0.369733 0.369692 0.369643 0.369648 0.369638 0.369635 0.369633 0.369635 0.369634 0.369684 0.369721 0.369743 0.369749 0.369763 0.000000 0.000000
0.000000 0.000000 0.375943 0.375926 0.375916 0.375891 0.375835 0.375791 0.375794 0.375788 0.375780 0.375785 0.375791 0.375789 0.375829 0.375876 0.375900 0.375906 0.375912 0.000000 0.000000
0.000000 0.000000 0.382735 0.382724 0.382713 0.382657 0.382620 0.382565 0.382581 0.382548 0.382554 0.382550 0.382540 0.382559 0.382601 0.382629 0.382664 0.382675 0.382702 0.000000 0.000000
0.000000 0.000000 0.390442 0.390418 0.390389 0.390359 0.390309 0.390241 0.390242 0.390237 0.390251 0.390226 0.390237 0.390238 0.390310 0.390350 0.390368 0.390375 0.390435 0.000000 0.000000
0.000000 0.000000 0.398932 0.398905 0.398901 0.398842 0.398802 0.398607 0.398608 0.398598 0.398539 0.398574 0.398581 0.398600 0.398751 0.398787 0.398858 0.398857 0.398881 0.000000 0.000000
0.000000 0.000000 0.409166 0.409157 0.409109 0.409072 0.408806 0.408860 0.408812 0.408813 0.408839 0.408814 0.408809 0.408787 0.408739 0.409022 0.409045 0.409107 0.409153 0.000000 0.000000
0.000000 0.000000 0.421284 0.421250 0.421195 0.420848 0.420928 0.420746 0.420685 0.420667 0.420601 0.420566 0.420605 0.420603 0.420777 0.420713 0.421166 0.421066 0.421063 0.000000 0.000000
0.000000 0.000000 0.434031 0.434004 0.433528 0.433718 0.433659 0.433652 0.433855 0.433797 0.433902 0.433877 0.433792 0.433910 0.433884 0.433934 0.433482 0.434184 0.434172 0.000000 0.000000
0.000000 0.000000 0.448274 0.447658 0.447857 0.447589 0.447282 0.447190 0.446993 0.447040 0.446838 0.446861 0.446979 0.446857 0.447022 0.447248 0.447832 0.447382 0.448017 0.000000 0.000000
0.000000 0.000000 0.452501 0.452959 0.453380 0.453364 0.453379 0.452969 0.453042 0.452922 0.453119 0.453078 0.453049 0.453114 0.453454 0.453445 0.453448 0.453113 0.452658 0.000000 0.000000
0.000000 0.000000 0.350000 0.350000 0.350000 0.350000 0.350000 0.350000 0.350000 0.350000 0.350000 0.350000 0.350000 0.350000 0.350000 0.350000 0.350000 0.350000 0.350000 0.000000 0.000000
0.000000 0.000000 0.000000 0.000000 0.000000 0.000000 0.000000 0.000000 0.000000 0.000000 0.000000 0.000000 0.000000 0.000000 0.000000 0.000000 0.000000 0.000000 0.000000 0.000000 0.000000