geotop/1.0zi/1.0Montebello/Templates/testdem/maps/_Eocclay6645.asc
ncols         21
nrows         20
xllcorner     100.000000
yllcorner     100.000000
cellsize      50.000000
NODATA_value  -9999.0
0.000000 0.000000 0.000000 0.000000 0.000000 0.000000 0.000000 0.000000 0.000000 0.000000 0.000000 0.000000 0.000000 0.000000 0.000000 0.000000 0.000000 0.000000 0.000000 0.000000 0.000000
0.000000 0.000000 0.349702 0.349704 0.349704 0.349703 0.349704 0.349704 0.349704 0.349704 0.349702 0.349704 0.349704 0.349704 0.349704 0.349704 0.349702 0.349702 0.349703 0.000000 0.000000
0.000000 0.000000 0.349989 0.349988 0.349988 0.349989 0.349987 0.349988 0.349988 0.349988 0.349987 0.349987 0.349988 0.349987 0.349988 0.349988 0.349989 0.349989 0.349987 0.000000 0.000000
0.000000 0.000000 0.349982 0.349986 0.349982 0.349983 0.349984 0.349984 0.349986 0.349982 0.349987 0.349985 0.349985 0.349985 0.349984 0.349986 0.349984 0.349986 0.349985 0.000000 0.000000
0.000000 0.000000 0.350598 0.350598 0.350596 0.350594 0.350581 0.350579 0.350579 0.350582 0.350578 0.350578 0.350574 0.350576 0.350582 0.350582 0.350588 0.350589 0.350596 0.000000 0.000000
0.000000 0.000000 0.352524 0.352524 0.352516 0.352491 0.352483 0.352463 0.352464 0.352459 0.352462 0.352462 0.352464 0.352464 0.352470 0.352485 0.352497 0.352509 0.352515 0.000000 0.000000
0.000000 0.000000 0.355375 0.355373 0.355367 0.355348 0.355324 0.355294 0.355293 0.355289 0.355290 0.355290 0.355291 0.355291 0.355314 0.355338 0.355351 0.355360 0.355369 0.000000 0.000000
0.000000 0.000000 0.358796 0.358796 0.358791 0.358767 0.358743 0.358711 0.358711 0.358708 0.358707 0.358705 0.358704 0.358709 0.358734 0.358755 0.358775 0.358782 0.358794 0.000000 0.000000
0.000000 0.000000 0.362337 0.362333 0.362323 0.362309 0.362285 0.362253 0.362255 0.362248 0.362245 0.362244 0.362244 0.362243 0.362273 0.362300 0.362315 0.362322 0.362331 0.000000 0.000000
0.000000 0.000000 0.365976 0.365969 0.365965 0.365952 0.365917 0.365888 0.365890 0.365885 0.365880 0.365882 0.365888 0.365884 0.365909 0.365940 0.365958 0.365962 0.365970 0.000000 0.000000
0.000000 0.000000 0.369807 0.369803 0.369798 0.369772 0.369748 0.369715 0.369722 0.369704 0.369705 0.369705 0.369700 0.369710 0.369730 0.369750 0.369772 0.369783 0.369799 0.000000 0.000000
0.000000 0.000000 0.373895 0.373885 0.373875 0.373855 0.373832 0.373792 0.373792 0.373784 0.373793 0.373779 0.373782 0.373785 0.373822 0.373842 0.373858 0.373865 0.373905 0.000000 0.000000
0.000000 0.000000 0.378168 0.378158 0.378153 0.378130 0.378109 0.378020 0.378019 0.378012 0.377991 0.378000 0.378007 0.378014 0.378080 0.378101 0.378135 0.378139 0.378166 0.000000 0.000000
0.000000 0.000000 0.382914 0.382909 0.382895 0.382877 0.382782 0.382767 0.382746 0.382745 0.382742 0.382740 0.382740 0.382737 0.382740 0.382841 0.382868 0.382894 0.382922 0.000000 0.000000
0.000000 0.000000 0.388256 0.388249 0.388227 0.388120 0.388097 0.388046 0.388010 0.388004 0.387985 0.387971 0.387984 0.387977 0.388022 0.388057 0.388204 0.388191 0.388205 0.000000 0.000000
0.000000 0.000000 0.394013 0.394005 0.393860 0.393852 0.393845 0.393815 0.393853 0.393834 0.393852 0.393833 0.393816 0.393849 0.393864 0.393876 0.393840 0.394030 0.394033 0.000000 0.000000
0.000000 0.000000 0.400850 0.400640 0.400603 0.400540 0.400436 0.400398 0.400369 0.400372 0.400320 0.400317 0.400342 0.400325 0.400375 0.400456 0.400587 0.400585 0.400802 0.000000 0.000000
0.000000 0.000000 0.405311 0.405383 0.405583 0.405543 0.405493 0.405303 0.405304 0.405259 0.405304 0.405288 0.405296 0.405306 0.405477 0.405516 0.405612 0.405418 0.405358 0.000000 0.000000
0.000000 0.000000 0.350000 0.350000 0.350000 0.350000 0.350000 0.350000 0.350000 0.350000 0.350000 0.350000 0.350000 0.350000 0.350000 0.350000 0.350000 0.350000 0.350000 0.000000 0.000000
0.000000 0.000000 0.000000 0.000000 0.000000 0.000000 0.000000 0.000000 0.000000 0.000000 0.000000 0.000000 0.000000 0.000000 0.000000 0.000000 0.000000 0.000000 0.000000 0.000000 0.000000