geotop/1.0zi/1.0Montebello/Templates/testdem/maps/_Eocsand8072.asc
ncols         21
nrows         20
xllcorner     100.000000
yllcorner     100.000000
cellsize      50.000000
NODATA_value  -9999.0
0.000000 0.000000 0.000000 0.000000 0.000000 0.000000 0.000000 0.000000 0.000000 0.000000 0.000000 0.000000 0.000000 0.000000 0.000000 0.000000 0.000000 0.000000 0.000000 0.000000 0.000000
0.000000 0.000000 0.300206 0.300203 0.300203 0.300204 0.300203 0.300202 0.300203 0.300203 0.300204 0.300203 0.300203 0.300203 0.300203 0.300203 0.300204 0.300204 0.300204 0.000000 0.000000
0.000000 0.000000 0.300011 0.300012 0.300012 0.300010 0.300011 0.300012 0.300011 0.300011 0.300012 0.300012 0.300011 0.300011 0.300011 0.300011 0.300012 0.300012 0.300013 0.000000 0.000000
0.000000 0.000000 0.299894 0.299893 0.299897 0.299905 0.299901 0.299909 0.299904 0.299906 0.299906 0.299906 0.299906 0.299908 0.299903 0.299898 0.299896 0.299893 0.299894 0.000000 0.000000
0.000000 0.000000 0.297969 0.297967 0.297975 0.297991 0.298013 0.298023 0.298030 0.298028 0.298032 0.298032 0.298035 0.298029 0.298005 0.297998 0.297987 0.297975 0.297965 0.000000 0.000000
0.000000 0.000000 0.292407 0.292408 0.292431 0.292477 0.292511 0.292558 0.292558 0.292572 0.292564 0.292565 0.292560 0.292560 0.292537 0.292503 0.292475 0.292452 0.292441 0.000000 0.000000
0.000000 0.000000 0.284625 0.284632 0.284653 0.284704 0.284768 0.284842 0.284843 0.284853 0.284850 0.284852 0.284855 0.284848 0.284785 0.284727 0.284692 0.284664 0.284649 0.000000 0.000000
0.000000 0.000000 0.275410 0.275414 0.275430 0.275488 0.275550 0.275631 0.275632 0.275641 0.275643 0.275649 0.275653 0.275638 0.275569 0.275514 0.275461 0.275445 0.275421 0.000000 0.000000
0.000000 0.000000 0.265570 0.265586 0.265616 0.265654 0.265720 0.265808 0.265804 0.265823 0.265828 0.265832 0.265830 0.265832 0.265747 0.265678 0.265635 0.265615 0.265595 0.000000 0.000000
0.000000 0.000000 0.255180 0.255199 0.255215 0.255253 0.255349 0.255428 0.255428 0.255438 0.255450 0.255444 0.255433 0.255437 0.255365 0.255286 0.255236 0.255220 0.255205 0.000000 0.000000
0.000000 0.000000 0.243907 0.243920 0.243939 0.244020 0.244087 0.244180 0.244161 0.244211 0.244205 0.244207 0.244226 0.244192 0.244126 0.244076 0.244013 0.243980 0.243939 0.000000 0.000000
0.000000 0.000000 0.231410 0.231443 0.231483 0.231535 0.231611 0.231728 0.231736 0.231750 0.231723 0.231764 0.231752 0.231745 0.231625 0.231563 0.231520 0.231496 0.231392 0.000000 0.000000
0.000000 0.000000 0.217911 0.217943 0.217959 0.218035 0.218102 0.218404 0.218409 0.218427 0.218506 0.218465 0.218448 0.218420 0.218190 0.218128 0.218013 0.218000 0.217949 0.000000 0.000000
0.000000 0.000000 0.202119 0.202129 0.202194 0.202247 0.202624 0.202600 0.202678 0.202678 0.202655 0.202678 0.202688 0.202705 0.202736 0.202345 0.202280 0.202178 0.202105 0.000000 0.000000
0.000000 0.000000 0.183528 0.183563 0.183642 0.184118 0.184086 0.184323 0.184431 0.184458 0.184538 0.184595 0.184543 0.184553 0.184324 0.184327 0.183698 0.183792 0.183779 0.000000 0.000000
0.000000 0.000000 0.163135 0.163165 0.163854 0.163681 0.163732 0.163803 0.163551 0.163632 0.163501 0.163551 0.163663 0.163491 0.163471 0.163433 0.163915 0.162931 0.162946 0.000000 0.000000
0.000000 0.000000 0.137821 0.138903 0.138702 0.139100 0.139645 0.139805 0.140092 0.140026 0.140344 0.140318 0.140138 0.140312 0.140040 0.139638 0.138741 0.139299 0.138176 0.000000 0.000000
0.000000 0.000000 0.128186 0.127195 0.126264 0.126267 0.126233 0.127125 0.126984 0.127244 0.126828 0.126914 0.126974 0.126834 0.126087 0.126113 0.126093 0.126832 0.127801 0.000000 0.000000
0.000000 0.000000 0.300000 0.300000 0.300000 0.300000 0.300000 0.300000 0.300000 0.300000 0.300000 0.300000 0.300000 0.300000 0.300000 0.300000 0.300000 0.300000 0.300000 0.000000 0.000000
0.000000 0.000000 0.000000 0.000000 0.000000 0.000000 0.000000 0.000000 0.000000 0.000000 0.000000 0.000000 0.000000 0.000000 0.000000 0.000000 0.000000 0.000000 0.000000 0.000000 0.000000