geotop/1.0zi/1.0Montebello/Templates/testdem/maps/_Eocsand3028.asc
ncols         21
nrows         20
xllcorner     100.000000
yllcorner     100.000000
cellsize      50.000000
NODATA_value  -9999.0
0.000000 0.000000 0.000000 0.000000 0.000000 0.000000 0.000000 0.000000 0.000000 0.000000 0.000000 0.000000 0.000000 0.000000 0.000000 0.000000 0.000000 0.000000 0.000000 0.000000 0.000000
0.000000 0.000000 0.300093 0.300093 0.300093 0.300093 0.300093 0.300093 0.300093 0.300093 0.300095 0.300093 0.300093 0.300093 0.300093 0.300093 0.300093 0.300093 0.300093 0.000000 0.000000
0.000000 0.000000 0.300009 0.300009 0.300009 0.300009 0.300009 0.300009 0.300009 0.300009 0.300007 0.300009 0.300009 0.300009 0.300009 0.300009 0.300009 0.300009 0.300009 0.000000 0.000000
0.000000 0.000000 0.297708 0.297709 0.297713 0.297711 0.297708 0.297708 0.297708 0.297708 0.297707 0.297708 0.297708 0.297708 0.297708 0.297711 0.297713 0.297709 0.297708 0.000000 0.000000
0.000000 0.000000 0.288664 0.288666 0.288669 0.288669 0.288663 0.288665 0.288665 0.288662 0.288661 0.288662 0.288665 0.288665 0.288663 0.288669 0.288669 0.288666 0.288664 0.000000 0.000000
0.000000 0.000000 0.278082 0.278083 0.278086 0.278086 0.278081 0.278083 0.278083 0.278080 0.278079 0.278080 0.278083 0.278083 0.278081 0.278086 0.278086 0.278083 0.278082 0.000000 0.000000
0.000000 0.000000 0.268334 0.268335 0.268338 0.268338 0.268333 0.268335 0.268335 0.268333 0.268332 0.268333 0.268335 0.268335 0.268333 0.268338 0.268338 0.268335 0.268334 0.000000 0.000000
0.000000 0.000000 0.259485 0.259486 0.259489 0.259488 0.259485 0.259486 0.259486 0.259484 0.259483 0.259484 0.259486 0.259486 0.259485 0.259488 0.259489 0.259486 0.259485 0.000000 0.000000
0.000000 0.000000 0.251299 0.251300 0.251303 0.251302 0.251299 0.251300 0.251300 0.251298 0.251298 0.251298 0.251300 0.251300 0.251299 0.251302 0.251303 0.251300 0.251299 0.000000 0.000000
0.000000 0.000000 0.243581 0.243582 0.243584 0.243583 0.243580 0.243581 0.243581 0.243580 0.243579 0.243580 0.243581 0.243581 0.243580 0.243583 0.243584 0.243582 0.243581 0.000000 0.000000
0.000000 0.000000 0.236238 0.236238 0.236241 0.236240 0.236237 0.236238 0.236238 0.236237 0.236236 0.236237 0.236238 0.236238 0.236237 0.236240 0.236241 0.236238 0.236238 0.000000 0.000000
0.000000 0.000000 0.229198 0.229198 0.229201 0.229200 0.229197 0.229198 0.229198 0.229197 0.229196 0.229197 0.229198 0.229198 0.229197 0.229200 0.229201 0.229198 0.229198 0.000000 0.000000
0.000000 0.000000 0.222405 0.222406 0.222408 0.222407 0.222405 0.222405 0.222405 0.222404 0.222404 0.222404 0.222405 0.222405 0.222405 0.222407 0.222408 0.222406 0.222405 0.000000 0.000000
0.000000 0.000000 0.215810 0.215810 0.215812 0.215812 0.215809 0.215810 0.215810 0.215809 0.215808 0.215809 0.215810 0.215810 0.215809 0.215812 0.215812 0.215810 0.215810 0.000000 0.000000
0.000000 0.000000 0.209401 0.209401 0.209404 0.209403 0.209400 0.209401 0.209401 0.209400 0.209399 0.209400 0.209401 0.209401 0.209400 0.209403 0.209404 0.209401 0.209401 0.000000 0.000000
0.000000 0.000000 0.203156 0.203156 0.203159 0.203158 0.203155 0.203156 0.203156 0.203155 0.203154 0.203155 0.203156 0.203156 0.203155 0.203158 0.203159 0.203156 0.203156 0.000000 0.000000
0.000000 0.000000 0.197057 0.197058 0.197060 0.197059 0.197057 0.197058 0.197058 0.197057 0.197056 0.197057 0.197058 0.197058 0.197057 0.197059 0.197060 0.197058 0.197057 0.000000 0.000000
0.000000 0.000000 0.190983 0.190983 0.190985 0.190984 0.190982 0.190983 0.190983 0.190982 0.190981 0.190982 0.190983 0.190983 0.190982 0.190984 0.190985 0.190983 0.190982 0.000000 0.000000
0.000000 0.000000 0.300000 0.300000 0.300000 0.300000 0.300000 0.300000 0.300000 0.300000 0.300000 0.300000 0.300000 0.300000 0.300000 0.300000 0.300000 0.300000 0.300000 0.000000 0.000000
0.000000 0.000000 0.000000 0.000000 0.000000 0.000000 0.000000 0.000000 0.000000 0.000000 0.000000 0.000000 0.000000 0.000000 0.000000 0.000000 0.000000 0.000000 0.000000 0.000000 0.000000