geotop/1.0zi/1.0Montebello/Templates/testdem/maps/_Eocclay3629.asc
ncols         21
nrows         20
xllcorner     100.000000
yllcorner     100.000000
cellsize      50.000000
NODATA_value  -9999.0
0.000000 0.000000 0.000000 0.000000 0.000000 0.000000 0.000000 0.000000 0.000000 0.000000 0.000000 0.000000 0.000000 0.000000 0.000000 0.000000 0.000000 0.000000 0.000000 0.000000 0.000000
0.000000 0.000000 0.349807 0.349807 0.349807 0.349807 0.349807 0.349807 0.349807 0.349807 0.349806 0.349807 0.349807 0.349807 0.349807 0.349807 0.349807 0.349807 0.349807 0.000000 0.000000
0.000000 0.000000 0.349996 0.349996 0.349995 0.349996 0.349996 0.349996 0.349996 0.349996 0.349996 0.349996 0.349996 0.349996 0.349996 0.349996 0.349995 0.349996 0.349996 0.000000 0.000000
0.000000 0.000000 0.351304 0.351304 0.351301 0.351302 0.351303 0.351303 0.351303 0.351304 0.351304 0.351304 0.351303 0.351303 0.351303 0.351302 0.351301 0.351304 0.351304 0.000000 0.000000
0.000000 0.000000 0.356793 0.356791 0.356790 0.356790 0.356793 0.356792 0.356791 0.356792 0.356793 0.356792 0.356791 0.356792 0.356793 0.356790 0.356790 0.356791 0.356793 0.000000 0.000000
0.000000 0.000000 0.362917 0.362916 0.362914 0.362915 0.362917 0.362916 0.362915 0.362916 0.362917 0.362916 0.362915 0.362916 0.362917 0.362915 0.362914 0.362916 0.362917 0.000000 0.000000
0.000000 0.000000 0.368658 0.368657 0.368655 0.368656 0.368657 0.368657 0.368656 0.368657 0.368657 0.368657 0.368656 0.368657 0.368657 0.368656 0.368655 0.368657 0.368658 0.000000 0.000000
0.000000 0.000000 0.373876 0.373875 0.373874 0.373875 0.373876 0.373875 0.373875 0.373876 0.373876 0.373876 0.373875 0.373875 0.373876 0.373875 0.373874 0.373875 0.373876 0.000000 0.000000
0.000000 0.000000 0.378692 0.378692 0.378690 0.378691 0.378692 0.378692 0.378691 0.378692 0.378692 0.378692 0.378691 0.378692 0.378692 0.378691 0.378690 0.378692 0.378692 0.000000 0.000000
0.000000 0.000000 0.383217 0.383216 0.383215 0.383216 0.383217 0.383216 0.383216 0.383216 0.383217 0.383216 0.383216 0.383216 0.383217 0.383216 0.383215 0.383216 0.383217 0.000000 0.000000
0.000000 0.000000 0.387509 0.387508 0.387507 0.387508 0.387509 0.387508 0.387508 0.387508 0.387509 0.387508 0.387508 0.387508 0.387509 0.387508 0.387507 0.387508 0.387509 0.000000 0.000000
0.000000 0.000000 0.391610 0.391610 0.391609 0.391609 0.391610 0.391610 0.391609 0.391610 0.391610 0.391610 0.391609 0.391610 0.391610 0.391609 0.391609 0.391610 0.391610 0.000000 0.000000
0.000000 0.000000 0.395551 0.395551 0.395550 0.395550 0.395551 0.395551 0.395550 0.395551 0.395551 0.395551 0.395550 0.395551 0.395551 0.395550 0.395550 0.395551 0.395551 0.000000 0.000000
0.000000 0.000000 0.399361 0.399361 0.399360 0.399360 0.399361 0.399361 0.399360 0.399361 0.399361 0.399361 0.399360 0.399361 0.399361 0.399360 0.399360 0.399361 0.399361 0.000000 0.000000
0.000000 0.000000 0.403052 0.403051 0.403050 0.403051 0.403052 0.403051 0.403051 0.403051 0.403052 0.403051 0.403051 0.403051 0.403052 0.403051 0.403050 0.403051 0.403052 0.000000 0.000000
0.000000 0.000000 0.406628 0.406627 0.406626 0.406627 0.406628 0.406627 0.406627 0.406628 0.406628 0.406628 0.406627 0.406627 0.406628 0.406627 0.406626 0.406627 0.406628 0.000000 0.000000
0.000000 0.000000 0.410102 0.410102 0.410101 0.410101 0.410102 0.410102 0.410101 0.410102 0.410102 0.410102 0.410101 0.410102 0.410102 0.410101 0.410101 0.410102 0.410102 0.000000 0.000000
0.000000 0.000000 0.413523 0.413523 0.413522 0.413523 0.413524 0.413523 0.413523 0.413523 0.413524 0.413523 0.413523 0.413523 0.413524 0.413523 0.413522 0.413523 0.413524 0.000000 0.000000
0.000000 0.000000 0.350000 0.350000 0.350000 0.350000 0.350000 0.350000 0.350000 0.350000 0.350000 0.350000 0.350000 0.350000 0.350000 0.350000 0.350000 0.350000 0.350000 0.000000 0.000000
0.000000 0.000000 0.000000 0.000000 0.000000 0.000000 0.000000 0.000000 0.000000 0.000000 0.000000 0.000000 0.000000 0.000000 0.000000 0.000000 0.000000 0.000000 0.000000 0.000000 0.000000