geotop/1.0zi/1.0Montebello/Templates/testdem/maps/_Eocclay4715.asc
ncols         21
nrows         20
xllcorner     100.000000
yllcorner     100.000000
cellsize      50.000000
NODATA_value  -9999.0
0.000000 0.000000 0.000000 0.000000 0.000000 0.000000 0.000000 0.000000 0.000000 0.000000 0.000000 0.000000 0.000000 0.000000 0.000000 0.000000 0.000000 0.000000 0.000000 0.000000 0.000000
0.000000 0.000000 0.349788 0.349788 0.349789 0.349789 0.349789 0.349789 0.349789 0.349789 0.349789 0.349789 0.349789 0.349789 0.349789 0.349789 0.349788 0.349788 0.349788 0.000000 0.000000
0.000000 0.000000 0.349992 0.349992 0.349992 0.349992 0.349992 0.349992 0.349992 0.349992 0.349992 0.349991 0.349992 0.349992 0.349992 0.349992 0.349992 0.349992 0.349992 0.000000 0.000000
0.000000 0.000000 0.349992 0.349994 0.349992 0.349993 0.349994 0.349994 0.349994 0.349993 0.349994 0.349993 0.349993 0.349992 0.349994 0.349995 0.349994 0.349994 0.349993 0.000000 0.000000
0.000000 0.000000 0.350338 0.350337 0.350336 0.350331 0.350323 0.350321 0.350321 0.350320 0.350320 0.350322 0.350319 0.350320 0.350325 0.350324 0.350328 0.350329 0.350332 0.000000 0.000000
0.000000 0.000000 0.351596 0.351599 0.351593 0.351578 0.351574 0.351560 0.351559 0.351554 0.351559 0.351559 0.351563 0.351563 0.351565 0.351574 0.351580 0.351587 0.351592 0.000000 0.000000
0.000000 0.000000 0.353479 0.353477 0.353473 0.353459 0.353444 0.353423 0.353422 0.353418 0.353421 0.353422 0.353423 0.353424 0.353439 0.353457 0.353465 0.353472 0.353478 0.000000 0.000000
0.000000 0.000000 0.355703 0.355701 0.355699 0.355683 0.355665 0.355644 0.355645 0.355641 0.355643 0.355643 0.355641 0.355644 0.355663 0.355679 0.355688 0.355693 0.355700 0.000000 0.000000
0.000000 0.000000 0.357929 0.357926 0.357921 0.357910 0.357895 0.357873 0.357875 0.357870 0.357871 0.357873 0.357871 0.357872 0.357889 0.357909 0.357916 0.357920 0.357927 0.000000 0.000000
0.000000 0.000000 0.360166 0.360161 0.360159 0.360147 0.360128 0.360108 0.360110 0.360107 0.360108 0.360109 0.360106 0.360106 0.360126 0.360145 0.360153 0.360157 0.360164 0.000000 0.000000
0.000000 0.000000 0.362448 0.362443 0.362441 0.362432 0.362418 0.362394 0.362396 0.362390 0.362391 0.362392 0.362390 0.362390 0.362407 0.362422 0.362432 0.362436 0.362444 0.000000 0.000000
0.000000 0.000000 0.364810 0.364807 0.364802 0.364788 0.364773 0.364750 0.364750 0.364746 0.364747 0.364746 0.364745 0.364744 0.364766 0.364783 0.364793 0.364797 0.364821 0.000000 0.000000
0.000000 0.000000 0.367209 0.367204 0.367199 0.367189 0.367171 0.367122 0.367123 0.367118 0.367118 0.367120 0.367117 0.367118 0.367160 0.367180 0.367190 0.367194 0.367209 0.000000 0.000000
0.000000 0.000000 0.369756 0.369748 0.369745 0.369734 0.369683 0.369670 0.369663 0.369659 0.369660 0.369661 0.369657 0.369658 0.369672 0.369722 0.369732 0.369742 0.369751 0.000000 0.000000
0.000000 0.000000 0.372511 0.372505 0.372492 0.372448 0.372424 0.372393 0.372377 0.372372 0.372365 0.372366 0.372367 0.372362 0.372387 0.372421 0.372476 0.372474 0.372482 0.000000 0.000000
0.000000 0.000000 0.375362 0.375355 0.375302 0.375293 0.375277 0.375262 0.375261 0.375259 0.375262 0.375262 0.375254 0.375264 0.375272 0.375287 0.375287 0.375347 0.375361 0.000000 0.000000
0.000000 0.000000 0.378545 0.378473 0.378430 0.378409 0.378372 0.378351 0.378347 0.378343 0.378336 0.378337 0.378338 0.378332 0.378347 0.378390 0.378418 0.378447 0.378519 0.000000 0.000000
0.000000 0.000000 0.381012 0.380998 0.381046 0.381019 0.380987 0.380916 0.380909 0.380902 0.380906 0.380905 0.380901 0.380906 0.380971 0.381007 0.381047 0.380986 0.381013 0.000000 0.000000
0.000000 0.000000 0.350000 0.350000 0.350000 0.350000 0.350000 0.350000 0.350000 0.350000 0.350000 0.350000 0.350000 0.350000 0.350000 0.350000 0.350000 0.350000 0.350000 0.000000 0.000000
0.000000 0.000000 0.000000 0.000000 0.000000 0.000000 0.000000 0.000000 0.000000 0.000000 0.000000 0.000000 0.000000 0.000000 0.000000 0.000000 0.000000 0.000000 0.000000 0.000000 0.000000