geotop/1.0zi/1.0Montebello/Templates/testdem/maps/_Eocsand4883.asc
ncols         21
nrows         20
xllcorner     100.000000
yllcorner     100.000000
cellsize      50.000000
NODATA_value  -9999.0
0.000000 0.000000 0.000000 0.000000 0.000000 0.000000 0.000000 0.000000 0.000000 0.000000 0.000000 0.000000 0.000000 0.000000 0.000000 0.000000 0.000000 0.000000 0.000000 0.000000 0.000000
0.000000 0.000000 0.300120 0.300120 0.300119 0.300119 0.300119 0.300119 0.300119 0.300119 0.300119 0.300119 0.300119 0.300119 0.300119 0.300119 0.300119 0.300120 0.300120 0.000000 0.000000
0.000000 0.000000 0.300006 0.300005 0.300005 0.300005 0.300005 0.300005 0.300005 0.300005 0.300005 0.300005 0.300005 0.300004 0.300005 0.300005 0.300007 0.300007 0.300006 0.000000 0.000000
0.000000 0.000000 0.299977 0.299975 0.299977 0.299982 0.299979 0.299981 0.299979 0.299979 0.299979 0.299980 0.299980 0.299982 0.299978 0.299974 0.299976 0.299973 0.299975 0.000000 0.000000
0.000000 0.000000 0.299212 0.299209 0.299211 0.299220 0.299231 0.299237 0.299237 0.299239 0.299243 0.299239 0.299242 0.299240 0.299231 0.299231 0.299226 0.299217 0.299210 0.000000 0.000000
0.000000 0.000000 0.296631 0.296626 0.296636 0.296663 0.296674 0.296703 0.296706 0.296715 0.296707 0.296706 0.296698 0.296698 0.296691 0.296676 0.296665 0.296654 0.296645 0.000000 0.000000
0.000000 0.000000 0.292736 0.292740 0.292750 0.292780 0.292813 0.292853 0.292851 0.292857 0.292852 0.292854 0.292854 0.292849 0.292820 0.292787 0.292773 0.292758 0.292746 0.000000 0.000000
0.000000 0.000000 0.288146 0.288151 0.288155 0.288186 0.288221 0.288261 0.288259 0.288265 0.288265 0.288266 0.288268 0.288265 0.288227 0.288192 0.288174 0.288165 0.288152 0.000000 0.000000
0.000000 0.000000 0.283453 0.283462 0.283473 0.283496 0.283530 0.283575 0.283572 0.283580 0.283580 0.283579 0.283581 0.283577 0.283541 0.283502 0.283487 0.283476 0.283460 0.000000 0.000000
0.000000 0.000000 0.278757 0.278766 0.278774 0.278798 0.278838 0.278878 0.278873 0.278878 0.278879 0.278879 0.278882 0.278882 0.278841 0.278803 0.278788 0.278778 0.278765 0.000000 0.000000
0.000000 0.000000 0.273975 0.273985 0.273992 0.274011 0.274043 0.274092 0.274087 0.274097 0.274097 0.274095 0.274099 0.274098 0.274062 0.274032 0.274013 0.274002 0.273987 0.000000 0.000000
0.000000 0.000000 0.269011 0.269019 0.269031 0.269060 0.269092 0.269140 0.269141 0.269146 0.269146 0.269149 0.269150 0.269150 0.269104 0.269069 0.269051 0.269041 0.268992 0.000000 0.000000
0.000000 0.000000 0.263958 0.263968 0.263980 0.264002 0.264041 0.264143 0.264141 0.264149 0.264151 0.264150 0.264155 0.264152 0.264063 0.264021 0.264003 0.263992 0.263963 0.000000 0.000000
0.000000 0.000000 0.258573 0.258591 0.258600 0.258623 0.258732 0.258757 0.258773 0.258779 0.258778 0.258779 0.258784 0.258782 0.258753 0.258649 0.258629 0.258607 0.258589 0.000000 0.000000
0.000000 0.000000 0.252736 0.252750 0.252780 0.252875 0.252925 0.252990 0.253021 0.253031 0.253046 0.253048 0.253042 0.253051 0.253000 0.252931 0.252815 0.252818 0.252802 0.000000 0.000000
0.000000 0.000000 0.246676 0.246690 0.246808 0.246826 0.246859 0.246891 0.246892 0.246893 0.246887 0.246890 0.246905 0.246881 0.246864 0.246837 0.246841 0.246710 0.246681 0.000000 0.000000
0.000000 0.000000 0.239878 0.240037 0.240128 0.240174 0.240258 0.240302 0.240311 0.240316 0.240335 0.240334 0.240330 0.240342 0.240308 0.240216 0.240155 0.240098 0.239941 0.000000 0.000000
0.000000 0.000000 0.234661 0.234686 0.234580 0.234638 0.234705 0.234861 0.234874 0.234887 0.234880 0.234883 0.234891 0.234877 0.234735 0.234663 0.234579 0.234714 0.234663 0.000000 0.000000
0.000000 0.000000 0.300000 0.300000 0.300000 0.300000 0.300000 0.300000 0.300000 0.300000 0.300000 0.300000 0.300000 0.300000 0.300000 0.300000 0.300000 0.300000 0.300000 0.000000 0.000000
0.000000 0.000000 0.000000 0.000000 0.000000 0.000000 0.000000 0.000000 0.000000 0.000000 0.000000 0.000000 0.000000 0.000000 0.000000 0.000000 0.000000 0.000000 0.000000 0.000000 0.000000