geotop/1.0zi/1.0Montebello/Templates/testdem/maps/_Eocsand6821.asc
ncols         21
nrows         20
xllcorner     100.000000
yllcorner     100.000000
cellsize      50.000000
NODATA_value  -9999.0
0.000000 0.000000 0.000000 0.000000 0.000000 0.000000 0.000000 0.000000 0.000000 0.000000 0.000000 0.000000 0.000000 0.000000 0.000000 0.000000 0.000000 0.000000 0.000000 0.000000 0.000000
0.000000 0.000000 0.300167 0.300165 0.300165 0.300166 0.300165 0.300164 0.300165 0.300165 0.300166 0.300165 0.300165 0.300165 0.300165 0.300165 0.300166 0.300166 0.300166 0.000000 0.000000
0.000000 0.000000 0.300009 0.300010 0.300009 0.300009 0.300010 0.300010 0.300009 0.300009 0.300010 0.300010 0.300009 0.300010 0.300009 0.300010 0.300010 0.300010 0.300011 0.000000 0.000000
0.000000 0.000000 0.299963 0.299962 0.299966 0.299971 0.299969 0.299970 0.299967 0.299970 0.299967 0.299970 0.299969 0.299970 0.299969 0.299964 0.299963 0.299960 0.299960 0.000000 0.000000
0.000000 0.000000 0.298646 0.298641 0.298648 0.298658 0.298675 0.298684 0.298685 0.298686 0.298688 0.298685 0.298688 0.298685 0.298667 0.298663 0.298660 0.298651 0.298639 0.000000 0.000000
0.000000 0.000000 0.294692 0.294691 0.294709 0.294747 0.294770 0.294808 0.294808 0.294819 0.294810 0.294808 0.294806 0.294807 0.294792 0.294766 0.294747 0.294729 0.294717 0.000000 0.000000
0.000000 0.000000 0.288847 0.288853 0.288869 0.288910 0.288960 0.289018 0.289017 0.289026 0.289022 0.289021 0.289024 0.289020 0.288974 0.288926 0.288901 0.288879 0.288863 0.000000 0.000000
0.000000 0.000000 0.281813 0.281815 0.281825 0.281872 0.281921 0.281984 0.281983 0.281990 0.281991 0.281994 0.281997 0.281987 0.281935 0.281890 0.281850 0.281839 0.281815 0.000000 0.000000
0.000000 0.000000 0.274447 0.274458 0.274481 0.274510 0.274559 0.274627 0.274623 0.274638 0.274642 0.274643 0.274642 0.274645 0.274580 0.274524 0.274493 0.274480 0.274460 0.000000 0.000000
0.000000 0.000000 0.266882 0.266896 0.266907 0.266933 0.267004 0.267064 0.267061 0.267071 0.267079 0.267072 0.267063 0.267070 0.267016 0.266953 0.266918 0.266909 0.266894 0.000000 0.000000
0.000000 0.000000 0.258928 0.258937 0.258949 0.259004 0.259051 0.259120 0.259105 0.259142 0.259138 0.259136 0.259148 0.259126 0.259082 0.259042 0.258999 0.258977 0.258943 0.000000 0.000000
0.000000 0.000000 0.250404 0.250425 0.250450 0.250490 0.250538 0.250622 0.250622 0.250638 0.250617 0.250642 0.250637 0.250630 0.250550 0.250508 0.250478 0.250464 0.250383 0.000000 0.000000
0.000000 0.000000 0.241475 0.241497 0.241510 0.241555 0.241598 0.241787 0.241789 0.241804 0.241846 0.241824 0.241811 0.241795 0.241653 0.241610 0.241541 0.241534 0.241481 0.000000 0.000000
0.000000 0.000000 0.231510 0.231520 0.231554 0.231589 0.231791 0.231820 0.231863 0.231866 0.231868 0.231869 0.231871 0.231879 0.231870 0.231655 0.231605 0.231551 0.231493 0.000000 0.000000
0.000000 0.000000 0.220246 0.220262 0.220310 0.220541 0.220582 0.220695 0.220767 0.220780 0.220818 0.220847 0.220820 0.220833 0.220731 0.220665 0.220351 0.220384 0.220355 0.000000 0.000000
0.000000 0.000000 0.208069 0.208087 0.208406 0.208413 0.208427 0.208490 0.208402 0.208445 0.208400 0.208433 0.208474 0.208401 0.208367 0.208343 0.208441 0.208024 0.208020 0.000000 0.000000
0.000000 0.000000 0.193515 0.193982 0.194047 0.194186 0.194415 0.194499 0.194568 0.194560 0.194672 0.194673 0.194617 0.194658 0.194541 0.194364 0.194071 0.194104 0.193624 0.000000 0.000000
0.000000 0.000000 0.184360 0.184168 0.183726 0.183805 0.183898 0.184319 0.184309 0.184413 0.184298 0.184329 0.184319 0.184292 0.183914 0.183838 0.183651 0.184079 0.184247 0.000000 0.000000
0.000000 0.000000 0.300000 0.300000 0.300000 0.300000 0.300000 0.300000 0.300000 0.300000 0.300000 0.300000 0.300000 0.300000 0.300000 0.300000 0.300000 0.300000 0.300000 0.000000 0.000000
0.000000 0.000000 0.000000 0.000000 0.000000 0.000000 0.000000 0.000000 0.000000 0.000000 0.000000 0.000000 0.000000 0.000000 0.000000 0.000000 0.000000 0.000000 0.000000 0.000000 0.000000