geotop/1.0zi/1.0Montebello/Templates/testdem/maps/_Eocsilt8288.asc
ncols         21
nrows         20
xllcorner     100.000000
yllcorner     100.000000
cellsize      50.000000
NODATA_value  -9999.0
0.000000 0.000000 0.000000 0.000000 0.000000 0.000000 0.000000 0.000000 0.000000 0.000000 0.000000 0.000000 0.000000 0.000000 0.000000 0.000000 0.000000 0.000000 0.000000 0.000000 0.000000
0.000000 0.000000 0.350172 0.350172 0.350172 0.350173 0.350172 0.350172 0.350172 0.350172 0.350173 0.350172 0.350172 0.350172 0.350172 0.350172 0.350173 0.350173 0.350172 0.000000 0.000000
0.000000 0.000000 0.350005 0.350005 0.350005 0.350005 0.350006 0.350006 0.350006 0.350006 0.350006 0.350006 0.350006 0.350006 0.350006 0.350005 0.350004 0.350004 0.350005 0.000000 0.000000
0.000000 0.000000 0.350102 0.350099 0.350097 0.350091 0.350092 0.350087 0.350090 0.350090 0.350087 0.350089 0.350089 0.350089 0.350092 0.350095 0.350098 0.350098 0.350100 0.000000 0.000000
0.000000 0.000000 0.351048 0.351054 0.351048 0.351037 0.351030 0.351023 0.351020 0.351019 0.351018 0.351019 0.351019 0.351021 0.351035 0.351039 0.351042 0.351053 0.351054 0.000000 0.000000
0.000000 0.000000 0.353812 0.353813 0.353804 0.353788 0.353769 0.353746 0.353743 0.353738 0.353742 0.353742 0.353744 0.353743 0.353755 0.353769 0.353783 0.353790 0.353797 0.000000 0.000000
0.000000 0.000000 0.357772 0.357768 0.357757 0.357731 0.357698 0.357662 0.357662 0.357658 0.357660 0.357658 0.357655 0.357660 0.357691 0.357719 0.357737 0.357753 0.357760 0.000000 0.000000
0.000000 0.000000 0.362456 0.362454 0.362448 0.362420 0.362388 0.362349 0.362348 0.362344 0.362343 0.362339 0.362338 0.362344 0.362379 0.362408 0.362435 0.362442 0.362454 0.000000 0.000000
0.000000 0.000000 0.367505 0.367496 0.367481 0.367462 0.367429 0.367383 0.367385 0.367375 0.367373 0.367371 0.367373 0.367371 0.367415 0.367450 0.367472 0.367484 0.367495 0.000000 0.000000
0.000000 0.000000 0.372839 0.372831 0.372823 0.372804 0.372756 0.372715 0.372715 0.372710 0.372704 0.372707 0.372713 0.372711 0.372747 0.372788 0.372813 0.372822 0.372830 0.000000 0.000000
0.000000 0.000000 0.378624 0.378618 0.378609 0.378567 0.378534 0.378487 0.378496 0.378471 0.378474 0.378473 0.378464 0.378481 0.378514 0.378540 0.378572 0.378590 0.378611 0.000000 0.000000
0.000000 0.000000 0.385061 0.385044 0.385025 0.384999 0.384961 0.384901 0.384896 0.384890 0.384903 0.384883 0.384889 0.384893 0.384954 0.384986 0.385008 0.385022 0.385075 0.000000 0.000000
0.000000 0.000000 0.392032 0.392016 0.392009 0.391970 0.391937 0.391780 0.391777 0.391768 0.391727 0.391749 0.391757 0.391772 0.391891 0.391923 0.391983 0.391990 0.392015 0.000000 0.000000
0.000000 0.000000 0.400217 0.400213 0.400181 0.400155 0.399958 0.399974 0.399933 0.399934 0.399947 0.399934 0.399929 0.399919 0.399900 0.400105 0.400138 0.400193 0.400230 0.000000 0.000000
0.000000 0.000000 0.409865 0.409847 0.409809 0.409559 0.409582 0.409456 0.409400 0.409387 0.409345 0.409315 0.409343 0.409338 0.409460 0.409451 0.409782 0.409733 0.409739 0.000000 0.000000
0.000000 0.000000 0.420397 0.420383 0.420023 0.420124 0.420096 0.420064 0.420197 0.420156 0.420227 0.420202 0.420143 0.420233 0.420238 0.420260 0.419994 0.420517 0.420509 0.000000 0.000000
0.000000 0.000000 0.433296 0.432743 0.432863 0.432654 0.432378 0.432296 0.432141 0.432178 0.432012 0.432027 0.432122 0.432029 0.432169 0.432374 0.432846 0.432541 0.433117 0.000000 0.000000
0.000000 0.000000 0.437947 0.438450 0.438907 0.438910 0.438933 0.438492 0.438565 0.438436 0.438647 0.438604 0.438572 0.438644 0.439010 0.438994 0.438993 0.438640 0.438148 0.000000 0.000000
0.000000 0.000000 0.350000 0.350000 0.350000 0.350000 0.350000 0.350000 0.350000 0.350000 0.350000 0.350000 0.350000 0.350000 0.350000 0.350000 0.350000 0.350000 0.350000 0.000000 0.000000
0.000000 0.000000 0.000000 0.000000 0.000000 0.000000 0.000000 0.000000 0.000000 0.000000 0.000000 0.000000 0.000000 0.000000 0.000000 0.000000 0.000000 0.000000 0.000000 0.000000 0.000000