geotop/1.0zi/1.0Montebello/Templates/testdem/maps/_Eocclay3971.asc
ncols         21
nrows         20
xllcorner     100.000000
yllcorner     100.000000
cellsize      50.000000
NODATA_value  -9999.0
0.000000 0.000000 0.000000 0.000000 0.000000 0.000000 0.000000 0.000000 0.000000 0.000000 0.000000 0.000000 0.000000 0.000000 0.000000 0.000000 0.000000 0.000000 0.000000 0.000000 0.000000
0.000000 0.000000 0.349820 0.349821 0.349821 0.349821 0.349821 0.349821 0.349821 0.349821 0.349821 0.349821 0.349821 0.349821 0.349821 0.349821 0.349820 0.349820 0.349820 0.000000 0.000000
0.000000 0.000000 0.349994 0.349994 0.349994 0.349994 0.349994 0.349994 0.349994 0.349994 0.349994 0.349993 0.349994 0.349994 0.349994 0.349994 0.349994 0.349994 0.349994 0.000000 0.000000
0.000000 0.000000 0.349995 0.349996 0.349994 0.349995 0.349996 0.349997 0.349997 0.349996 0.349997 0.349996 0.349995 0.349994 0.349996 0.349997 0.349996 0.349996 0.349995 0.000000 0.000000
0.000000 0.000000 0.350336 0.350338 0.350337 0.350334 0.350327 0.350323 0.350323 0.350322 0.350323 0.350324 0.350322 0.350323 0.350330 0.350330 0.350331 0.350330 0.350333 0.000000 0.000000
0.000000 0.000000 0.351466 0.351468 0.351463 0.351455 0.351449 0.351441 0.351441 0.351436 0.351440 0.351440 0.351442 0.351444 0.351442 0.351448 0.351452 0.351456 0.351460 0.000000 0.000000
0.000000 0.000000 0.353120 0.353117 0.353113 0.353102 0.353088 0.353068 0.353068 0.353064 0.353068 0.353068 0.353069 0.353071 0.353088 0.353103 0.353109 0.353111 0.353115 0.000000 0.000000
0.000000 0.000000 0.354983 0.354983 0.354978 0.354962 0.354947 0.354929 0.354931 0.354927 0.354929 0.354927 0.354926 0.354928 0.354949 0.354963 0.354970 0.354972 0.354978 0.000000 0.000000
0.000000 0.000000 0.356840 0.356838 0.356830 0.356818 0.356803 0.356783 0.356784 0.356780 0.356781 0.356781 0.356781 0.356784 0.356803 0.356820 0.356826 0.356827 0.356834 0.000000 0.000000
0.000000 0.000000 0.358688 0.358685 0.358679 0.358667 0.358648 0.358629 0.358632 0.358629 0.358630 0.358629 0.358628 0.358630 0.358651 0.358669 0.358674 0.358676 0.358682 0.000000 0.000000
0.000000 0.000000 0.360564 0.360561 0.360554 0.360545 0.360530 0.360508 0.360510 0.360505 0.360506 0.360507 0.360505 0.360508 0.360526 0.360539 0.360547 0.360549 0.360555 0.000000 0.000000
0.000000 0.000000 0.362496 0.362493 0.362485 0.362471 0.362455 0.362434 0.362434 0.362431 0.362432 0.362430 0.362430 0.362432 0.362455 0.362470 0.362477 0.362479 0.362501 0.000000 0.000000
0.000000 0.000000 0.364441 0.364438 0.364430 0.364418 0.364401 0.364359 0.364360 0.364356 0.364356 0.364356 0.364355 0.364358 0.364396 0.364414 0.364421 0.364424 0.364437 0.000000 0.000000
0.000000 0.000000 0.366488 0.366482 0.366475 0.366463 0.366421 0.366408 0.366401 0.366398 0.366399 0.366399 0.366397 0.366400 0.366416 0.366456 0.366464 0.366471 0.366479 0.000000 0.000000
0.000000 0.000000 0.368681 0.368675 0.368660 0.368624 0.368602 0.368576 0.368563 0.368558 0.368553 0.368552 0.368554 0.368553 0.368576 0.368606 0.368647 0.368644 0.368651 0.000000 0.000000
0.000000 0.000000 0.370930 0.370924 0.370880 0.370870 0.370855 0.370840 0.370838 0.370836 0.370838 0.370837 0.370832 0.370842 0.370852 0.370866 0.370867 0.370909 0.370920 0.000000 0.000000
0.000000 0.000000 0.373407 0.373355 0.373315 0.373297 0.373266 0.373250 0.373246 0.373244 0.373239 0.373238 0.373239 0.373239 0.373253 0.373286 0.373304 0.373328 0.373379 0.000000 0.000000
0.000000 0.000000 0.375370 0.375355 0.375382 0.375359 0.375331 0.375278 0.375273 0.375267 0.375269 0.375268 0.375266 0.375272 0.375321 0.375351 0.375382 0.375336 0.375361 0.000000 0.000000
0.000000 0.000000 0.350000 0.350000 0.350000 0.350000 0.350000 0.350000 0.350000 0.350000 0.350000 0.350000 0.350000 0.350000 0.350000 0.350000 0.350000 0.350000 0.350000 0.000000 0.000000
0.000000 0.000000 0.000000 0.000000 0.000000 0.000000 0.000000 0.000000 0.000000 0.000000 0.000000 0.000000 0.000000 0.000000 0.000000 0.000000 0.000000 0.000000 0.000000 0.000000 0.000000