geotop/1.0zi/1.0Montebello/Templates/testdem/maps/_Eocclay0530.asc
ncols         21
nrows         20
xllcorner     100.000000
yllcorner     100.000000
cellsize      50.000000
NODATA_value  -9999.0
0.000000 0.000000 0.000000 0.000000 0.000000 0.000000 0.000000 0.000000 0.000000 0.000000 0.000000 0.000000 0.000000 0.000000 0.000000 0.000000 0.000000 0.000000 0.000000 0.000000 0.000000
0.000000 0.000000 0.349970 0.349970 0.349970 0.349970 0.349970 0.349970 0.349970 0.349970 0.349970 0.349970 0.349970 0.349970 0.349970 0.349970 0.349970 0.349970 0.349970 0.000000 0.000000
0.000000 0.000000 0.349997 0.349997 0.349997 0.349997 0.349997 0.349997 0.349997 0.349997 0.349997 0.349997 0.349997 0.349997 0.349997 0.349997 0.349997 0.349997 0.349997 0.000000 0.000000
0.000000 0.000000 0.350282 0.350282 0.350280 0.350282 0.350282 0.350282 0.350282 0.350282 0.350282 0.350282 0.350282 0.350282 0.350282 0.350282 0.350280 0.350282 0.350282 0.000000 0.000000
0.000000 0.000000 0.351218 0.351218 0.351216 0.351218 0.351218 0.351218 0.351218 0.351218 0.351218 0.351218 0.351218 0.351218 0.351218 0.351218 0.351216 0.351218 0.351218 0.000000 0.000000
0.000000 0.000000 0.352146 0.352146 0.352144 0.352146 0.352146 0.352146 0.352146 0.352146 0.352146 0.352146 0.352146 0.352146 0.352146 0.352146 0.352144 0.352146 0.352146 0.000000 0.000000
0.000000 0.000000 0.353021 0.353021 0.353020 0.353021 0.353021 0.353022 0.353022 0.353021 0.353021 0.353021 0.353022 0.353022 0.353021 0.353021 0.353020 0.353021 0.353021 0.000000 0.000000
0.000000 0.000000 0.353833 0.353833 0.353831 0.353833 0.353833 0.353833 0.353833 0.353833 0.353833 0.353833 0.353833 0.353833 0.353833 0.353833 0.353831 0.353833 0.353833 0.000000 0.000000
0.000000 0.000000 0.354599 0.354599 0.354597 0.354598 0.354599 0.354599 0.354599 0.354599 0.354599 0.354599 0.354599 0.354599 0.354599 0.354598 0.354597 0.354599 0.354599 0.000000 0.000000
0.000000 0.000000 0.355337 0.355337 0.355336 0.355337 0.355337 0.355337 0.355337 0.355337 0.355337 0.355337 0.355337 0.355337 0.355337 0.355337 0.355336 0.355337 0.355337 0.000000 0.000000
0.000000 0.000000 0.356055 0.356055 0.356053 0.356055 0.356055 0.356055 0.356055 0.356055 0.356055 0.356055 0.356055 0.356055 0.356055 0.356055 0.356053 0.356055 0.356055 0.000000 0.000000
0.000000 0.000000 0.356758 0.356758 0.356757 0.356758 0.356758 0.356759 0.356759 0.356759 0.356758 0.356759 0.356759 0.356759 0.356758 0.356758 0.356757 0.356758 0.356758 0.000000 0.000000
0.000000 0.000000 0.357449 0.357449 0.357448 0.357449 0.357449 0.357449 0.357449 0.357449 0.357449 0.357449 0.357449 0.357449 0.357449 0.357449 0.357448 0.357449 0.357449 0.000000 0.000000
0.000000 0.000000 0.358129 0.358129 0.358128 0.358129 0.358129 0.358130 0.358130 0.358130 0.358129 0.358130 0.358130 0.358130 0.358129 0.358129 0.358128 0.358129 0.358129 0.000000 0.000000
0.000000 0.000000 0.358803 0.358803 0.358801 0.358802 0.358803 0.358803 0.358803 0.358803 0.358803 0.358803 0.358803 0.358803 0.358803 0.358802 0.358801 0.358803 0.358803 0.000000 0.000000
0.000000 0.000000 0.359473 0.359473 0.359471 0.359472 0.359473 0.359473 0.359473 0.359473 0.359473 0.359473 0.359473 0.359473 0.359473 0.359472 0.359471 0.359473 0.359473 0.000000 0.000000
0.000000 0.000000 0.360135 0.360135 0.360134 0.360135 0.360135 0.360135 0.360135 0.360135 0.360135 0.360135 0.360135 0.360135 0.360135 0.360135 0.360134 0.360135 0.360135 0.000000 0.000000
0.000000 0.000000 0.360809 0.360809 0.360808 0.360809 0.360809 0.360809 0.360809 0.360809 0.360809 0.360809 0.360809 0.360809 0.360809 0.360809 0.360808 0.360809 0.360809 0.000000 0.000000
0.000000 0.000000 0.350000 0.350000 0.350000 0.350000 0.350000 0.350000 0.350000 0.350000 0.350000 0.350000 0.350000 0.350000 0.350000 0.350000 0.350000 0.350000 0.350000 0.000000 0.000000
0.000000 0.000000 0.000000 0.000000 0.000000 0.000000 0.000000 0.000000 0.000000 0.000000 0.000000 0.000000 0.000000 0.000000 0.000000 0.000000 0.000000 0.000000 0.000000 0.000000 0.000000