geotop/1.0zi/1.0Montebello/Templates/testdem/maps/_Eocsilt1632.asc
ncols         21
nrows         20
xllcorner     100.000000
yllcorner     100.000000
cellsize      50.000000
NODATA_value  -9999.0
0.000000 0.000000 0.000000 0.000000 0.000000 0.000000 0.000000 0.000000 0.000000 0.000000 0.000000 0.000000 0.000000 0.000000 0.000000 0.000000 0.000000 0.000000 0.000000 0.000000 0.000000
0.000000 0.000000 0.350036 0.350036 0.350036 0.350036 0.350036 0.350036 0.350036 0.350036 0.350036 0.350036 0.350036 0.350036 0.350036 0.350036 0.350036 0.350036 0.350036 0.000000 0.000000
0.000000 0.000000 0.349999 0.349998 0.349998 0.349999 0.349999 0.349999 0.349999 0.349999 0.349999 0.349999 0.349999 0.349999 0.349999 0.349999 0.349998 0.349998 0.349999 0.000000 0.000000
0.000000 0.000000 0.350650 0.350650 0.350647 0.350649 0.350651 0.350650 0.350650 0.350651 0.350651 0.350651 0.350650 0.350650 0.350651 0.350649 0.350647 0.350650 0.350650 0.000000 0.000000
0.000000 0.000000 0.352930 0.352930 0.352928 0.352928 0.352931 0.352930 0.352930 0.352931 0.352931 0.352931 0.352930 0.352930 0.352931 0.352928 0.352928 0.352930 0.352930 0.000000 0.000000
0.000000 0.000000 0.355748 0.355747 0.355746 0.355746 0.355749 0.355748 0.355748 0.355749 0.355749 0.355749 0.355748 0.355748 0.355749 0.355746 0.355746 0.355747 0.355748 0.000000 0.000000
0.000000 0.000000 0.358329 0.358328 0.358327 0.358327 0.358329 0.358329 0.358329 0.358329 0.358329 0.358329 0.358329 0.358329 0.358329 0.358327 0.358327 0.358328 0.358329 0.000000 0.000000
0.000000 0.000000 0.360695 0.360694 0.360693 0.360694 0.360695 0.360695 0.360695 0.360695 0.360695 0.360695 0.360695 0.360695 0.360695 0.360694 0.360693 0.360694 0.360695 0.000000 0.000000
0.000000 0.000000 0.362909 0.362909 0.362908 0.362908 0.362910 0.362909 0.362909 0.362910 0.362910 0.362910 0.362909 0.362909 0.362910 0.362908 0.362908 0.362909 0.362909 0.000000 0.000000
0.000000 0.000000 0.365028 0.365027 0.365026 0.365026 0.365028 0.365028 0.365028 0.365028 0.365028 0.365028 0.365028 0.365028 0.365028 0.365026 0.365026 0.365027 0.365028 0.000000 0.000000
0.000000 0.000000 0.367072 0.367072 0.367070 0.367071 0.367072 0.367072 0.367072 0.367072 0.367072 0.367072 0.367072 0.367072 0.367072 0.367071 0.367070 0.367072 0.367072 0.000000 0.000000
0.000000 0.000000 0.369062 0.369062 0.369060 0.369061 0.369062 0.369062 0.369062 0.369062 0.369062 0.369062 0.369062 0.369062 0.369062 0.369061 0.369060 0.369062 0.369062 0.000000 0.000000
0.000000 0.000000 0.371012 0.371012 0.371011 0.371011 0.371013 0.371012 0.371012 0.371013 0.371013 0.371013 0.371012 0.371012 0.371013 0.371011 0.371011 0.371012 0.371012 0.000000 0.000000
0.000000 0.000000 0.372923 0.372922 0.372921 0.372922 0.372923 0.372923 0.372923 0.372923 0.372923 0.372923 0.372923 0.372923 0.372923 0.372922 0.372921 0.372922 0.372923 0.000000 0.000000
0.000000 0.000000 0.374803 0.374802 0.374801 0.374802 0.374803 0.374803 0.374803 0.374803 0.374803 0.374803 0.374803 0.374803 0.374803 0.374802 0.374801 0.374802 0.374803 0.000000 0.000000
0.000000 0.000000 0.376659 0.376659 0.376658 0.376658 0.376660 0.376659 0.376659 0.376659 0.376659 0.376659 0.376659 0.376659 0.376660 0.376658 0.376658 0.376659 0.376659 0.000000 0.000000
0.000000 0.000000 0.378493 0.378492 0.378491 0.378492 0.378493 0.378493 0.378493 0.378493 0.378493 0.378493 0.378493 0.378493 0.378493 0.378492 0.378491 0.378492 0.378493 0.000000 0.000000
0.000000 0.000000 0.380343 0.380343 0.380342 0.380342 0.380344 0.380343 0.380343 0.380344 0.380344 0.380344 0.380343 0.380343 0.380344 0.380342 0.380342 0.380343 0.380343 0.000000 0.000000
0.000000 0.000000 0.350000 0.350000 0.350000 0.350000 0.350000 0.350000 0.350000 0.350000 0.350000 0.350000 0.350000 0.350000 0.350000 0.350000 0.350000 0.350000 0.350000 0.000000 0.000000
0.000000 0.000000 0.000000 0.000000 0.000000 0.000000 0.000000 0.000000 0.000000 0.000000 0.000000 0.000000 0.000000 0.000000 0.000000 0.000000 0.000000 0.000000 0.000000 0.000000 0.000000