geotop/1.0zi/1.0Montebello/Templates/testdem/maps/_Eocclay6092.asc
ncols         21
nrows         20
xllcorner     100.000000
yllcorner     100.000000
cellsize      50.000000
NODATA_value  -9999.0
0.000000 0.000000 0.000000 0.000000 0.000000 0.000000 0.000000 0.000000 0.000000 0.000000 0.000000 0.000000 0.000000 0.000000 0.000000 0.000000 0.000000 0.000000 0.000000 0.000000 0.000000
0.000000 0.000000 0.349730 0.349730 0.349731 0.349731 0.349731 0.349731 0.349731 0.349731 0.349731 0.349731 0.349731 0.349730 0.349731 0.349731 0.349730 0.349730 0.349730 0.000000 0.000000
0.000000 0.000000 0.349989 0.349989 0.349989 0.349989 0.349989 0.349989 0.349989 0.349989 0.349989 0.349988 0.349989 0.349989 0.349989 0.349989 0.349989 0.349989 0.349989 0.000000 0.000000
0.000000 0.000000 0.349983 0.349985 0.349983 0.349985 0.349987 0.349987 0.349987 0.349985 0.349987 0.349985 0.349986 0.349984 0.349986 0.349988 0.349986 0.349987 0.349986 0.000000 0.000000
0.000000 0.000000 0.350507 0.350506 0.350505 0.350501 0.350490 0.350486 0.350487 0.350488 0.350487 0.350487 0.350483 0.350484 0.350488 0.350488 0.350494 0.350496 0.350501 0.000000 0.000000
0.000000 0.000000 0.352202 0.352203 0.352197 0.352177 0.352170 0.352153 0.352153 0.352149 0.352152 0.352152 0.352155 0.352155 0.352160 0.352173 0.352180 0.352192 0.352197 0.000000 0.000000
0.000000 0.000000 0.354695 0.354693 0.354689 0.354671 0.354650 0.354622 0.354622 0.354618 0.354619 0.354621 0.354622 0.354620 0.354641 0.354664 0.354674 0.354682 0.354690 0.000000 0.000000
0.000000 0.000000 0.357715 0.357715 0.357711 0.357691 0.357670 0.357639 0.357640 0.357637 0.357637 0.357637 0.357635 0.357639 0.357662 0.357682 0.357697 0.357703 0.357713 0.000000 0.000000
0.000000 0.000000 0.360804 0.360801 0.360793 0.360782 0.360761 0.360731 0.360733 0.360727 0.360725 0.360726 0.360726 0.360724 0.360751 0.360773 0.360787 0.360791 0.360800 0.000000 0.000000
0.000000 0.000000 0.363947 0.363941 0.363938 0.363929 0.363898 0.363871 0.363873 0.363869 0.363865 0.363869 0.363873 0.363870 0.363892 0.363918 0.363933 0.363936 0.363943 0.000000 0.000000
0.000000 0.000000 0.367224 0.367221 0.367219 0.367197 0.367176 0.367146 0.367152 0.367138 0.367138 0.367139 0.367135 0.367144 0.367162 0.367179 0.367195 0.367205 0.367218 0.000000 0.000000
0.000000 0.000000 0.370682 0.370675 0.370665 0.370649 0.370631 0.370595 0.370596 0.370588 0.370596 0.370587 0.370588 0.370591 0.370624 0.370640 0.370652 0.370657 0.370692 0.000000 0.000000
0.000000 0.000000 0.374256 0.374249 0.374246 0.374227 0.374210 0.374135 0.374135 0.374129 0.374112 0.374121 0.374127 0.374132 0.374188 0.374204 0.374231 0.374233 0.374257 0.000000 0.000000
0.000000 0.000000 0.378166 0.378161 0.378150 0.378138 0.378063 0.378046 0.378029 0.378028 0.378023 0.378025 0.378025 0.378023 0.378032 0.378107 0.378130 0.378149 0.378174 0.000000 0.000000
0.000000 0.000000 0.382501 0.382495 0.382478 0.382399 0.382377 0.382333 0.382304 0.382299 0.382285 0.382277 0.382285 0.382279 0.382314 0.382348 0.382460 0.382450 0.382465 0.000000 0.000000
0.000000 0.000000 0.387116 0.387110 0.387005 0.386990 0.386985 0.386958 0.386981 0.386969 0.386978 0.386967 0.386954 0.386976 0.386992 0.387002 0.386988 0.387124 0.387127 0.000000 0.000000
0.000000 0.000000 0.392461 0.392315 0.392272 0.392230 0.392161 0.392127 0.392112 0.392111 0.392079 0.392075 0.392090 0.392083 0.392123 0.392176 0.392261 0.392281 0.392430 0.000000 0.000000
0.000000 0.000000 0.396245 0.396265 0.396398 0.396365 0.396316 0.396181 0.396179 0.396149 0.396172 0.396164 0.396172 0.396176 0.396299 0.396335 0.396418 0.396282 0.396272 0.000000 0.000000
0.000000 0.000000 0.350000 0.350000 0.350000 0.350000 0.350000 0.350000 0.350000 0.350000 0.350000 0.350000 0.350000 0.350000 0.350000 0.350000 0.350000 0.350000 0.350000 0.000000 0.000000
0.000000 0.000000 0.000000 0.000000 0.000000 0.000000 0.000000 0.000000 0.000000 0.000000 0.000000 0.000000 0.000000 0.000000 0.000000 0.000000 0.000000 0.000000 0.000000 0.000000 0.000000