geotop/1.0zi/1.0Montebello/Templates/testdem/maps/_Eocsand9688.asc
ncols         21
nrows         20
xllcorner     100.000000
yllcorner     100.000000
cellsize      50.000000
NODATA_value  -9999.0
0.000000 0.000000 0.000000 0.000000 0.000000 0.000000 0.000000 0.000000 0.000000 0.000000 0.000000 0.000000 0.000000 0.000000 0.000000 0.000000 0.000000 0.000000 0.000000 0.000000 0.000000
0.000000 0.000000 0.300241 0.300238 0.300238 0.300239 0.300238 0.300238 0.300238 0.300239 0.300239 0.300238 0.300239 0.300239 0.300238 0.300238 0.300239 0.300239 0.300239 0.000000 0.000000
0.000000 0.000000 0.300011 0.300013 0.300013 0.300011 0.300012 0.300013 0.300012 0.300012 0.300012 0.300012 0.300011 0.300012 0.300012 0.300012 0.300013 0.300013 0.300014 0.000000 0.000000
0.000000 0.000000 0.299810 0.299808 0.299817 0.299825 0.299824 0.299830 0.299822 0.299824 0.299824 0.299823 0.299821 0.299823 0.299818 0.299811 0.299808 0.299805 0.299806 0.000000 0.000000
0.000000 0.000000 0.297016 0.297016 0.297032 0.297065 0.297093 0.297102 0.297102 0.297103 0.297106 0.297099 0.297094 0.297094 0.297070 0.297056 0.297042 0.297032 0.297019 0.000000 0.000000
0.000000 0.000000 0.289441 0.289452 0.289489 0.289550 0.289614 0.289672 0.289668 0.289680 0.289679 0.289679 0.289667 0.289671 0.289638 0.289584 0.289557 0.289536 0.289524 0.000000 0.000000
0.000000 0.000000 0.279101 0.279122 0.279152 0.279225 0.279307 0.279418 0.279415 0.279425 0.279434 0.279433 0.279434 0.279429 0.279339 0.279272 0.279232 0.279203 0.279188 0.000000 0.000000
0.000000 0.000000 0.266811 0.266837 0.266867 0.266955 0.267045 0.267146 0.267144 0.267158 0.267168 0.267174 0.267177 0.267159 0.267076 0.267001 0.266935 0.266921 0.266893 0.000000 0.000000
0.000000 0.000000 0.253322 0.253359 0.253406 0.253474 0.253577 0.253697 0.253686 0.253710 0.253725 0.253730 0.253723 0.253728 0.253611 0.253522 0.253471 0.253449 0.253424 0.000000 0.000000
0.000000 0.000000 0.238437 0.238488 0.238526 0.238598 0.238711 0.238836 0.238834 0.238851 0.238878 0.238867 0.238850 0.238856 0.238762 0.238647 0.238587 0.238564 0.238552 0.000000 0.000000
0.000000 0.000000 0.221518 0.221560 0.221597 0.221759 0.221812 0.221981 0.221945 0.222028 0.222022 0.222034 0.222060 0.222013 0.221908 0.221837 0.221752 0.221722 0.221649 0.000000 0.000000
0.000000 0.000000 0.201788 0.201875 0.201974 0.202051 0.202140 0.202351 0.202355 0.202366 0.202342 0.202415 0.202379 0.202389 0.202200 0.202089 0.202045 0.202018 0.201871 0.000000 0.000000
0.000000 0.000000 0.179559 0.179641 0.179665 0.179819 0.179927 0.180483 0.180493 0.180528 0.180725 0.180606 0.180593 0.180543 0.180131 0.180037 0.179834 0.179823 0.179786 0.000000 0.000000
0.000000 0.000000 0.152041 0.152079 0.152256 0.152366 0.153141 0.152873 0.153040 0.153040 0.152941 0.153045 0.153064 0.153143 0.153393 0.152540 0.152508 0.152309 0.152189 0.000000 0.000000
0.000000 0.000000 0.120699 0.120790 0.120948 0.121950 0.121531 0.122154 0.122295 0.122362 0.122589 0.122665 0.122550 0.122542 0.121995 0.122398 0.121091 0.121398 0.121444 0.000000 0.000000
0.000000 0.000000 0.092516 0.092570 0.093664 0.093085 0.093285 0.093235 0.092752 0.092881 0.092623 0.092666 0.092874 0.092612 0.092770 0.092586 0.093832 0.092156 0.092181 0.000000 0.000000
0.000000 0.000000 0.068180 0.069016 0.068779 0.069136 0.069575 0.069714 0.069977 0.069916 0.070196 0.070163 0.070003 0.070167 0.069939 0.069613 0.068850 0.069416 0.068544 0.000000 0.000000
0.000000 0.000000 0.058228 0.058113 0.057613 0.057774 0.057924 0.058371 0.058400 0.058494 0.058408 0.058435 0.058404 0.058402 0.057998 0.057884 0.057591 0.058139 0.058245 0.000000 0.000000
0.000000 0.000000 0.300000 0.300000 0.300000 0.300000 0.300000 0.300000 0.300000 0.300000 0.300000 0.300000 0.300000 0.300000 0.300000 0.300000 0.300000 0.300000 0.300000 0.000000 0.000000
0.000000 0.000000 0.000000 0.000000 0.000000 0.000000 0.000000 0.000000 0.000000 0.000000 0.000000 0.000000 0.000000 0.000000 0.000000 0.000000 0.000000 0.000000 0.000000 0.000000 0.000000