geotop/1.0zi/1.0Montebello/Templates/testdem/maps/_Eocclay7765.asc
ncols         21
nrows         20
xllcorner     100.000000
yllcorner     100.000000
cellsize      50.000000
NODATA_value  -9999.0
0.000000 0.000000 0.000000 0.000000 0.000000 0.000000 0.000000 0.000000 0.000000 0.000000 0.000000 0.000000 0.000000 0.000000 0.000000 0.000000 0.000000 0.000000 0.000000 0.000000 0.000000
0.000000 0.000000 0.349642 0.349644 0.349644 0.349643 0.349645 0.349645 0.349645 0.349645 0.349643 0.349645 0.349645 0.349645 0.349645 0.349645 0.349643 0.349643 0.349644 0.000000 0.000000
0.000000 0.000000 0.349985 0.349984 0.349985 0.349986 0.349984 0.349983 0.349984 0.349984 0.349983 0.349983 0.349984 0.349983 0.349984 0.349985 0.349985 0.349984 0.349983 0.000000 0.000000
0.000000 0.000000 0.350003 0.350008 0.350005 0.350004 0.350007 0.350004 0.350006 0.350004 0.350007 0.350005 0.350005 0.350003 0.350005 0.350007 0.350006 0.350009 0.350008 0.000000 0.000000
0.000000 0.000000 0.350967 0.350964 0.350960 0.350955 0.350939 0.350937 0.350935 0.350938 0.350934 0.350935 0.350931 0.350935 0.350944 0.350946 0.350955 0.350956 0.350962 0.000000 0.000000
0.000000 0.000000 0.353636 0.353634 0.353623 0.353594 0.353580 0.353556 0.353557 0.353550 0.353554 0.353553 0.353555 0.353557 0.353568 0.353587 0.353601 0.353617 0.353622 0.000000 0.000000
0.000000 0.000000 0.357322 0.357318 0.357309 0.357286 0.357256 0.357219 0.357217 0.357212 0.357213 0.357214 0.357214 0.357215 0.357247 0.357276 0.357291 0.357304 0.357312 0.000000 0.000000
0.000000 0.000000 0.361701 0.361698 0.361690 0.361661 0.361632 0.361591 0.361591 0.361586 0.361586 0.361583 0.361581 0.361589 0.361623 0.361649 0.361673 0.361683 0.361695 0.000000 0.000000
0.000000 0.000000 0.366322 0.366315 0.366301 0.366283 0.366252 0.366211 0.366214 0.366204 0.366202 0.366199 0.366200 0.366200 0.366240 0.366273 0.366292 0.366302 0.366311 0.000000 0.000000
0.000000 0.000000 0.371190 0.371180 0.371173 0.371154 0.371109 0.371072 0.371072 0.371067 0.371061 0.371064 0.371070 0.371068 0.371102 0.371140 0.371163 0.371171 0.371179 0.000000 0.000000
0.000000 0.000000 0.376455 0.376448 0.376439 0.376401 0.376370 0.376325 0.376335 0.376311 0.376314 0.376313 0.376304 0.376320 0.376351 0.376375 0.376404 0.376421 0.376440 0.000000 0.000000
0.000000 0.000000 0.382245 0.382229 0.382211 0.382186 0.382151 0.382096 0.382093 0.382086 0.382098 0.382079 0.382084 0.382088 0.382144 0.382172 0.382193 0.382204 0.382254 0.000000 0.000000
0.000000 0.000000 0.388462 0.388446 0.388438 0.388403 0.388373 0.388235 0.388233 0.388224 0.388189 0.388207 0.388215 0.388228 0.388333 0.388362 0.388414 0.388420 0.388447 0.000000 0.000000
0.000000 0.000000 0.395666 0.395660 0.395632 0.395606 0.395440 0.395443 0.395408 0.395408 0.395415 0.395407 0.395403 0.395396 0.395388 0.395561 0.395592 0.395638 0.395673 0.000000 0.000000
0.000000 0.000000 0.404089 0.404073 0.404037 0.403831 0.403835 0.403733 0.403682 0.403670 0.403636 0.403611 0.403633 0.403628 0.403727 0.403737 0.404010 0.403973 0.403982 0.000000 0.000000
0.000000 0.000000 0.413355 0.413340 0.413044 0.413102 0.413083 0.413046 0.413150 0.413113 0.413166 0.413141 0.413096 0.413169 0.413185 0.413200 0.413016 0.413433 0.413427 0.000000 0.000000
0.000000 0.000000 0.424928 0.424454 0.424512 0.424345 0.424108 0.424039 0.423927 0.423951 0.423818 0.423827 0.423900 0.423833 0.423950 0.424124 0.424492 0.424296 0.424784 0.000000 0.000000
0.000000 0.000000 0.430031 0.430434 0.430867 0.430850 0.430845 0.430439 0.430490 0.430376 0.430548 0.430511 0.430492 0.430548 0.430895 0.430897 0.430943 0.430583 0.430191 0.000000 0.000000
0.000000 0.000000 0.350000 0.350000 0.350000 0.350000 0.350000 0.350000 0.350000 0.350000 0.350000 0.350000 0.350000 0.350000 0.350000 0.350000 0.350000 0.350000 0.350000 0.000000 0.000000
0.000000 0.000000 0.000000 0.000000 0.000000 0.000000 0.000000 0.000000 0.000000 0.000000 0.000000 0.000000 0.000000 0.000000 0.000000 0.000000 0.000000 0.000000 0.000000 0.000000 0.000000