geotop/1.0zi/1.0Montebello/Templates/testdem/maps/_Eocsilt4049.asc
ncols         21
nrows         20
xllcorner     100.000000
yllcorner     100.000000
cellsize      50.000000
NODATA_value  -9999.0
0.000000 0.000000 0.000000 0.000000 0.000000 0.000000 0.000000 0.000000 0.000000 0.000000 0.000000 0.000000 0.000000 0.000000 0.000000 0.000000 0.000000 0.000000 0.000000 0.000000 0.000000
0.000000 0.000000 0.350083 0.350083 0.350084 0.350083 0.350083 0.350083 0.350084 0.350083 0.350083 0.350083 0.350083 0.350084 0.350083 0.350084 0.350084 0.350083 0.350083 0.000000 0.000000
0.000000 0.000000 0.350001 0.350002 0.350002 0.350002 0.350003 0.350003 0.350003 0.350003 0.350003 0.350003 0.350003 0.350003 0.350002 0.350002 0.350001 0.350001 0.350001 0.000000 0.000000
0.000000 0.000000 0.350032 0.350031 0.350031 0.350027 0.350028 0.350025 0.350027 0.350028 0.350027 0.350027 0.350027 0.350026 0.350028 0.350031 0.350031 0.350033 0.350032 0.000000 0.000000
0.000000 0.000000 0.350377 0.350380 0.350378 0.350379 0.350378 0.350376 0.350374 0.350371 0.350370 0.350373 0.350373 0.350374 0.350375 0.350374 0.350373 0.350378 0.350380 0.000000 0.000000
0.000000 0.000000 0.351446 0.351447 0.351444 0.351440 0.351438 0.351427 0.351426 0.351421 0.351425 0.351427 0.351429 0.351424 0.351425 0.351430 0.351433 0.351433 0.351435 0.000000 0.000000
0.000000 0.000000 0.353068 0.353069 0.353067 0.353057 0.353046 0.353033 0.353035 0.353033 0.353036 0.353034 0.353030 0.353029 0.353038 0.353051 0.353055 0.353059 0.353065 0.000000 0.000000
0.000000 0.000000 0.354962 0.354959 0.354955 0.354943 0.354931 0.354916 0.354917 0.354915 0.354915 0.354914 0.354911 0.354908 0.354924 0.354939 0.354949 0.354950 0.354955 0.000000 0.000000
0.000000 0.000000 0.356872 0.356868 0.356861 0.356853 0.356842 0.356823 0.356825 0.356821 0.356821 0.356822 0.356819 0.356817 0.356831 0.356848 0.356855 0.356859 0.356866 0.000000 0.000000
0.000000 0.000000 0.358766 0.358762 0.358757 0.358748 0.358735 0.358719 0.358721 0.358719 0.358719 0.358719 0.358716 0.358712 0.358728 0.358744 0.358751 0.358754 0.358759 0.000000 0.000000
0.000000 0.000000 0.360665 0.360662 0.360657 0.360650 0.360641 0.360621 0.360623 0.360619 0.360619 0.360620 0.360617 0.360613 0.360626 0.360638 0.360647 0.360651 0.360657 0.000000 0.000000
0.000000 0.000000 0.362622 0.362618 0.362611 0.362601 0.362590 0.362571 0.362571 0.362568 0.362569 0.362568 0.362566 0.362562 0.362580 0.362595 0.362603 0.362606 0.362627 0.000000 0.000000
0.000000 0.000000 0.364595 0.364591 0.364584 0.364576 0.364564 0.364525 0.364525 0.364522 0.364521 0.364522 0.364518 0.364515 0.364548 0.364565 0.364573 0.364577 0.364590 0.000000 0.000000
0.000000 0.000000 0.366672 0.366664 0.366659 0.366651 0.366614 0.366604 0.366598 0.366595 0.366595 0.366595 0.366591 0.366588 0.366598 0.366638 0.366646 0.366655 0.366662 0.000000 0.000000
0.000000 0.000000 0.368897 0.368891 0.368878 0.368845 0.368828 0.368804 0.368792 0.368787 0.368782 0.368781 0.368781 0.368773 0.368791 0.368819 0.368862 0.368861 0.368867 0.000000 0.000000
0.000000 0.000000 0.371179 0.371173 0.371129 0.371123 0.371114 0.371102 0.371100 0.371099 0.371100 0.371100 0.371092 0.371096 0.371100 0.371113 0.371115 0.371159 0.371170 0.000000 0.000000
0.000000 0.000000 0.373697 0.373644 0.373605 0.373591 0.373566 0.373553 0.373550 0.373548 0.373541 0.373542 0.373540 0.373532 0.373540 0.373573 0.373593 0.373617 0.373670 0.000000 0.000000
0.000000 0.000000 0.375687 0.375672 0.375702 0.375683 0.375660 0.375610 0.375605 0.375600 0.375601 0.375601 0.375596 0.375595 0.375639 0.375668 0.375700 0.375654 0.375678 0.000000 0.000000
0.000000 0.000000 0.350000 0.350000 0.350000 0.350000 0.350000 0.350000 0.350000 0.350000 0.350000 0.350000 0.350000 0.350000 0.350000 0.350000 0.350000 0.350000 0.350000 0.000000 0.000000
0.000000 0.000000 0.000000 0.000000 0.000000 0.000000 0.000000 0.000000 0.000000 0.000000 0.000000 0.000000 0.000000 0.000000 0.000000 0.000000 0.000000 0.000000 0.000000 0.000000 0.000000