geotop/1.0zi/1.0Montebello/Templates/testdem/maps/_Eocsilt3948.asc
ncols         21
nrows         20
xllcorner     100.000000
yllcorner     100.000000
cellsize      50.000000
NODATA_value  -9999.0
0.000000 0.000000 0.000000 0.000000 0.000000 0.000000 0.000000 0.000000 0.000000 0.000000 0.000000 0.000000 0.000000 0.000000 0.000000 0.000000 0.000000 0.000000 0.000000 0.000000 0.000000
0.000000 0.000000 0.350080 0.350080 0.350080 0.350080 0.350080 0.350080 0.350080 0.350080 0.350080 0.350080 0.350080 0.350080 0.350080 0.350080 0.350080 0.350080 0.350080 0.000000 0.000000
0.000000 0.000000 0.350001 0.350002 0.350002 0.350002 0.350003 0.350003 0.350003 0.350003 0.350003 0.350003 0.350003 0.350003 0.350003 0.350002 0.350001 0.350001 0.350001 0.000000 0.000000
0.000000 0.000000 0.350032 0.350031 0.350031 0.350026 0.350027 0.350025 0.350027 0.350027 0.350027 0.350026 0.350027 0.350026 0.350028 0.350030 0.350031 0.350033 0.350032 0.000000 0.000000
0.000000 0.000000 0.350374 0.350377 0.350374 0.350377 0.350375 0.350373 0.350372 0.350369 0.350369 0.350370 0.350372 0.350372 0.350372 0.350371 0.350370 0.350375 0.350377 0.000000 0.000000
0.000000 0.000000 0.351426 0.351427 0.351423 0.351416 0.351410 0.351396 0.351396 0.351391 0.351395 0.351397 0.351398 0.351400 0.351405 0.351411 0.351414 0.351413 0.351414 0.000000 0.000000
0.000000 0.000000 0.352992 0.352994 0.352991 0.352977 0.352963 0.352947 0.352948 0.352944 0.352948 0.352947 0.352946 0.352949 0.352964 0.352977 0.352981 0.352983 0.352989 0.000000 0.000000
0.000000 0.000000 0.354823 0.354821 0.354815 0.354800 0.354782 0.354764 0.354765 0.354762 0.354763 0.354762 0.354763 0.354766 0.354787 0.354803 0.354812 0.354812 0.354816 0.000000 0.000000
0.000000 0.000000 0.356666 0.356663 0.356655 0.356643 0.356627 0.356605 0.356606 0.356602 0.356603 0.356603 0.356604 0.356608 0.356627 0.356644 0.356650 0.356654 0.356661 0.000000 0.000000
0.000000 0.000000 0.358491 0.358488 0.358482 0.358470 0.358450 0.358431 0.358434 0.358430 0.358431 0.358431 0.358431 0.358434 0.358455 0.358472 0.358477 0.358479 0.358484 0.000000 0.000000
0.000000 0.000000 0.360318 0.360315 0.360309 0.360298 0.360284 0.360261 0.360263 0.360258 0.360259 0.360260 0.360260 0.360263 0.360281 0.360293 0.360301 0.360304 0.360310 0.000000 0.000000
0.000000 0.000000 0.362197 0.362194 0.362186 0.362172 0.362155 0.362133 0.362132 0.362129 0.362130 0.362130 0.362131 0.362134 0.362157 0.362172 0.362179 0.362181 0.362202 0.000000 0.000000
0.000000 0.000000 0.364089 0.364085 0.364077 0.364066 0.364047 0.364006 0.364005 0.364001 0.364002 0.364002 0.364002 0.364006 0.364044 0.364062 0.364068 0.364071 0.364084 0.000000 0.000000
0.000000 0.000000 0.366076 0.366069 0.366063 0.366051 0.366008 0.365995 0.365988 0.365985 0.365986 0.365986 0.365986 0.365990 0.366005 0.366045 0.366052 0.366059 0.366066 0.000000 0.000000
0.000000 0.000000 0.368202 0.368198 0.368183 0.368147 0.368124 0.368097 0.368084 0.368080 0.368075 0.368074 0.368078 0.368078 0.368101 0.368130 0.368169 0.368167 0.368173 0.000000 0.000000
0.000000 0.000000 0.370380 0.370375 0.370331 0.370321 0.370305 0.370289 0.370286 0.370284 0.370286 0.370286 0.370283 0.370294 0.370304 0.370318 0.370319 0.370359 0.370370 0.000000 0.000000
0.000000 0.000000 0.372778 0.372728 0.372689 0.372671 0.372640 0.372623 0.372619 0.372616 0.372611 0.372611 0.372614 0.372615 0.372629 0.372661 0.372679 0.372701 0.372751 0.000000 0.000000
0.000000 0.000000 0.374681 0.374666 0.374691 0.374669 0.374639 0.374587 0.374581 0.374576 0.374578 0.374577 0.374577 0.374584 0.374632 0.374662 0.374692 0.374647 0.374671 0.000000 0.000000
0.000000 0.000000 0.350000 0.350000 0.350000 0.350000 0.350000 0.350000 0.350000 0.350000 0.350000 0.350000 0.350000 0.350000 0.350000 0.350000 0.350000 0.350000 0.350000 0.000000 0.000000
0.000000 0.000000 0.000000 0.000000 0.000000 0.000000 0.000000 0.000000 0.000000 0.000000 0.000000 0.000000 0.000000 0.000000 0.000000 0.000000 0.000000 0.000000 0.000000 0.000000 0.000000