geotop/1.0zi/1.0Montebello/Templates/testdem/maps/_Eocsilt4312.asc
ncols         21
nrows         20
xllcorner     100.000000
yllcorner     100.000000
cellsize      50.000000
NODATA_value  -9999.0
0.000000 0.000000 0.000000 0.000000 0.000000 0.000000 0.000000 0.000000 0.000000 0.000000 0.000000 0.000000 0.000000 0.000000 0.000000 0.000000 0.000000 0.000000 0.000000 0.000000 0.000000
0.000000 0.000000 0.350088 0.350088 0.350088 0.350088 0.350088 0.350088 0.350088 0.350088 0.350088 0.350088 0.350088 0.350088 0.350088 0.350088 0.350089 0.350088 0.350088 0.000000 0.000000
0.000000 0.000000 0.350002 0.350002 0.350002 0.350003 0.350003 0.350003 0.350003 0.350003 0.350003 0.350003 0.350003 0.350003 0.350003 0.350002 0.350001 0.350001 0.350001 0.000000 0.000000
0.000000 0.000000 0.350032 0.350031 0.350031 0.350027 0.350028 0.350025 0.350027 0.350028 0.350027 0.350027 0.350027 0.350026 0.350028 0.350030 0.350031 0.350033 0.350032 0.000000 0.000000
0.000000 0.000000 0.350380 0.350380 0.350378 0.350379 0.350378 0.350376 0.350374 0.350371 0.350370 0.350373 0.350373 0.350373 0.350375 0.350374 0.350373 0.350378 0.350380 0.000000 0.000000
0.000000 0.000000 0.351483 0.351485 0.351481 0.351476 0.351472 0.351460 0.351459 0.351454 0.351458 0.351460 0.351462 0.351458 0.351460 0.351465 0.351469 0.351469 0.351471 0.000000 0.000000
0.000000 0.000000 0.353188 0.353186 0.353180 0.353167 0.353154 0.353139 0.353141 0.353139 0.353142 0.353140 0.353137 0.353137 0.353146 0.353160 0.353165 0.353169 0.353177 0.000000 0.000000
0.000000 0.000000 0.355173 0.355168 0.355162 0.355147 0.355133 0.355117 0.355119 0.355116 0.355116 0.355116 0.355113 0.355112 0.355128 0.355143 0.355154 0.355155 0.355161 0.000000 0.000000
0.000000 0.000000 0.357186 0.357180 0.357171 0.357160 0.357147 0.357126 0.357127 0.357123 0.357124 0.357125 0.357122 0.357122 0.357137 0.357154 0.357162 0.357166 0.357174 0.000000 0.000000
0.000000 0.000000 0.359186 0.359180 0.359173 0.359161 0.359145 0.359128 0.359131 0.359128 0.359128 0.359129 0.359125 0.359123 0.359140 0.359157 0.359164 0.359167 0.359173 0.000000 0.000000
0.000000 0.000000 0.361197 0.361191 0.361184 0.361174 0.361163 0.361142 0.361144 0.361139 0.361140 0.361141 0.361137 0.361136 0.361149 0.361162 0.361171 0.361175 0.361183 0.000000 0.000000
0.000000 0.000000 0.363272 0.363266 0.363258 0.363244 0.363231 0.363210 0.363210 0.363207 0.363208 0.363208 0.363206 0.363203 0.363222 0.363237 0.363246 0.363249 0.363272 0.000000 0.000000
0.000000 0.000000 0.365372 0.365365 0.365356 0.365345 0.365330 0.365288 0.365288 0.365284 0.365284 0.365285 0.365281 0.365280 0.365315 0.365334 0.365342 0.365346 0.365360 0.000000 0.000000
0.000000 0.000000 0.367587 0.367577 0.367569 0.367558 0.367516 0.367504 0.367497 0.367494 0.367495 0.367495 0.367491 0.367489 0.367501 0.367543 0.367552 0.367561 0.367570 0.000000 0.000000
0.000000 0.000000 0.369967 0.369959 0.369942 0.369903 0.369883 0.369856 0.369843 0.369838 0.369832 0.369832 0.369832 0.369826 0.369845 0.369876 0.369922 0.369921 0.369928 0.000000 0.000000
0.000000 0.000000 0.372418 0.372409 0.372359 0.372349 0.372336 0.372322 0.372321 0.372319 0.372321 0.372321 0.372313 0.372319 0.372324 0.372338 0.372340 0.372389 0.372402 0.000000 0.000000
0.000000 0.000000 0.375131 0.375070 0.375025 0.375005 0.374975 0.374958 0.374955 0.374952 0.374946 0.374946 0.374945 0.374938 0.374949 0.374985 0.375008 0.375034 0.375094 0.000000 0.000000
0.000000 0.000000 0.377263 0.377244 0.377274 0.377249 0.377221 0.377165 0.377160 0.377153 0.377156 0.377155 0.377150 0.377151 0.377201 0.377233 0.377268 0.377219 0.377247 0.000000 0.000000
0.000000 0.000000 0.350000 0.350000 0.350000 0.350000 0.350000 0.350000 0.350000 0.350000 0.350000 0.350000 0.350000 0.350000 0.350000 0.350000 0.350000 0.350000 0.350000 0.000000 0.000000
0.000000 0.000000 0.000000 0.000000 0.000000 0.000000 0.000000 0.000000 0.000000 0.000000 0.000000 0.000000 0.000000 0.000000 0.000000 0.000000 0.000000 0.000000 0.000000 0.000000 0.000000