geotop/1.0zi/1.0Montebello/Templates/testdem/maps/_Eocclay1762.asc
ncols         21
nrows         20
xllcorner     100.000000
yllcorner     100.000000
cellsize      50.000000
NODATA_value  -9999.0
0.000000 0.000000 0.000000 0.000000 0.000000 0.000000 0.000000 0.000000 0.000000 0.000000 0.000000 0.000000 0.000000 0.000000 0.000000 0.000000 0.000000 0.000000 0.000000 0.000000 0.000000
0.000000 0.000000 0.349905 0.349905 0.349905 0.349905 0.349905 0.349905 0.349905 0.349905 0.349905 0.349905 0.349905 0.349905 0.349905 0.349905 0.349905 0.349905 0.349905 0.000000 0.000000
0.000000 0.000000 0.349993 0.349993 0.349993 0.349993 0.349993 0.349993 0.349993 0.349993 0.349993 0.349993 0.349993 0.349993 0.349993 0.349993 0.349993 0.349993 0.349993 0.000000 0.000000
0.000000 0.000000 0.350653 0.350653 0.350651 0.350652 0.350653 0.350653 0.350653 0.350653 0.350653 0.350653 0.350653 0.350653 0.350653 0.350652 0.350651 0.350653 0.350653 0.000000 0.000000
0.000000 0.000000 0.353331 0.353330 0.353328 0.353328 0.353332 0.353331 0.353331 0.353332 0.353332 0.353332 0.353331 0.353331 0.353332 0.353328 0.353328 0.353330 0.353331 0.000000 0.000000
0.000000 0.000000 0.356338 0.356338 0.356336 0.356337 0.356339 0.356339 0.356338 0.356339 0.356339 0.356339 0.356338 0.356339 0.356339 0.356337 0.356336 0.356338 0.356338 0.000000 0.000000
0.000000 0.000000 0.359181 0.359181 0.359179 0.359180 0.359182 0.359181 0.359181 0.359182 0.359182 0.359182 0.359181 0.359181 0.359182 0.359180 0.359179 0.359181 0.359181 0.000000 0.000000
0.000000 0.000000 0.361792 0.361792 0.361791 0.361791 0.361793 0.361792 0.361792 0.361793 0.361793 0.361793 0.361792 0.361792 0.361793 0.361791 0.361791 0.361792 0.361792 0.000000 0.000000
0.000000 0.000000 0.364234 0.364234 0.364233 0.364233 0.364235 0.364235 0.364235 0.364235 0.364235 0.364235 0.364235 0.364235 0.364235 0.364233 0.364233 0.364234 0.364234 0.000000 0.000000
0.000000 0.000000 0.366569 0.366568 0.366567 0.366568 0.366569 0.366569 0.366569 0.366569 0.366569 0.366569 0.366569 0.366569 0.366569 0.366568 0.366567 0.366568 0.366569 0.000000 0.000000
0.000000 0.000000 0.368819 0.368819 0.368818 0.368818 0.368820 0.368819 0.368819 0.368820 0.368820 0.368820 0.368819 0.368819 0.368820 0.368818 0.368818 0.368819 0.368819 0.000000 0.000000
0.000000 0.000000 0.371008 0.371008 0.371007 0.371007 0.371009 0.371008 0.371008 0.371008 0.371008 0.371008 0.371008 0.371008 0.371009 0.371007 0.371007 0.371008 0.371008 0.000000 0.000000
0.000000 0.000000 0.373151 0.373151 0.373150 0.373150 0.373152 0.373151 0.373151 0.373152 0.373152 0.373152 0.373151 0.373151 0.373152 0.373150 0.373150 0.373151 0.373151 0.000000 0.000000
0.000000 0.000000 0.375252 0.375251 0.375250 0.375251 0.375252 0.375252 0.375252 0.375252 0.375252 0.375252 0.375252 0.375252 0.375252 0.375251 0.375250 0.375251 0.375252 0.000000 0.000000
0.000000 0.000000 0.377318 0.377318 0.377317 0.377317 0.377319 0.377318 0.377318 0.377319 0.377319 0.377319 0.377318 0.377318 0.377319 0.377317 0.377317 0.377318 0.377318 0.000000 0.000000
0.000000 0.000000 0.379358 0.379357 0.379356 0.379357 0.379358 0.379358 0.379358 0.379358 0.379358 0.379358 0.379358 0.379358 0.379358 0.379357 0.379356 0.379357 0.379358 0.000000 0.000000
0.000000 0.000000 0.381369 0.381368 0.381367 0.381368 0.381369 0.381369 0.381369 0.381369 0.381369 0.381369 0.381369 0.381369 0.381369 0.381368 0.381367 0.381368 0.381369 0.000000 0.000000
0.000000 0.000000 0.383398 0.383398 0.383397 0.383398 0.383399 0.383399 0.383399 0.383399 0.383399 0.383399 0.383399 0.383399 0.383399 0.383398 0.383397 0.383398 0.383399 0.000000 0.000000
0.000000 0.000000 0.350000 0.350000 0.350000 0.350000 0.350000 0.350000 0.350000 0.350000 0.350000 0.350000 0.350000 0.350000 0.350000 0.350000 0.350000 0.350000 0.350000 0.000000 0.000000
0.000000 0.000000 0.000000 0.000000 0.000000 0.000000 0.000000 0.000000 0.000000 0.000000 0.000000 0.000000 0.000000 0.000000 0.000000 0.000000 0.000000 0.000000 0.000000 0.000000 0.000000