geotop/1.0zi/1.0Montebello/Templates/testdem/maps/_Eocsand9891.asc
ncols         21
nrows         20
xllcorner     100.000000
yllcorner     100.000000
cellsize      50.000000
NODATA_value  -9999.0
0.000000 0.000000 0.000000 0.000000 0.000000 0.000000 0.000000 0.000000 0.000000 0.000000 0.000000 0.000000 0.000000 0.000000 0.000000 0.000000 0.000000 0.000000 0.000000 0.000000 0.000000
0.000000 0.000000 0.300244 0.300241 0.300241 0.300242 0.300241 0.300241 0.300241 0.300241 0.300242 0.300241 0.300242 0.300242 0.300241 0.300241 0.300242 0.300242 0.300242 0.000000 0.000000
0.000000 0.000000 0.300011 0.300013 0.300013 0.300011 0.300012 0.300013 0.300012 0.300012 0.300013 0.300012 0.300012 0.300012 0.300012 0.300012 0.300013 0.300013 0.300014 0.000000 0.000000
0.000000 0.000000 0.299810 0.299808 0.299817 0.299825 0.299824 0.299830 0.299822 0.299824 0.299823 0.299822 0.299821 0.299823 0.299818 0.299811 0.299808 0.299805 0.299807 0.000000 0.000000
0.000000 0.000000 0.297020 0.297020 0.297037 0.297069 0.297097 0.297107 0.297107 0.297107 0.297111 0.297104 0.297098 0.297098 0.297075 0.297060 0.297046 0.297037 0.297024 0.000000 0.000000
0.000000 0.000000 0.289349 0.289361 0.289399 0.289461 0.289526 0.289585 0.289581 0.289594 0.289593 0.289593 0.289581 0.289587 0.289551 0.289496 0.289469 0.289448 0.289435 0.000000 0.000000
0.000000 0.000000 0.278738 0.278762 0.278793 0.278868 0.278950 0.279065 0.279061 0.279071 0.279081 0.279081 0.279082 0.279079 0.278984 0.278917 0.278875 0.278847 0.278832 0.000000 0.000000
0.000000 0.000000 0.266137 0.266164 0.266197 0.266286 0.266378 0.266481 0.266478 0.266492 0.266504 0.266510 0.266514 0.266497 0.266410 0.266334 0.266267 0.266253 0.266225 0.000000 0.000000
0.000000 0.000000 0.252265 0.252303 0.252354 0.252424 0.252528 0.252652 0.252640 0.252664 0.252681 0.252686 0.252680 0.252687 0.252564 0.252473 0.252421 0.252400 0.252374 0.000000 0.000000
0.000000 0.000000 0.236892 0.236946 0.236987 0.237062 0.237177 0.237308 0.237305 0.237322 0.237349 0.237339 0.237324 0.237331 0.237231 0.237113 0.237052 0.237029 0.237017 0.000000 0.000000
0.000000 0.000000 0.219340 0.219385 0.219424 0.219593 0.219648 0.219822 0.219785 0.219870 0.219866 0.219880 0.219907 0.219861 0.219749 0.219674 0.219587 0.219558 0.219482 0.000000 0.000000
0.000000 0.000000 0.198768 0.198861 0.198967 0.199046 0.199139 0.199360 0.199364 0.199374 0.199351 0.199428 0.199391 0.199405 0.199203 0.199087 0.199041 0.199014 0.198863 0.000000 0.000000
0.000000 0.000000 0.175503 0.175590 0.175616 0.175777 0.175892 0.176478 0.176488 0.176525 0.176735 0.176609 0.176598 0.176548 0.176109 0.176011 0.175797 0.175788 0.175753 0.000000 0.000000
0.000000 0.000000 0.146685 0.146724 0.146920 0.147028 0.147852 0.147553 0.147728 0.147728 0.147613 0.147734 0.147750 0.147844 0.148110 0.147212 0.147185 0.146977 0.146852 0.000000 0.000000
0.000000 0.000000 0.114411 0.114510 0.114663 0.115702 0.115239 0.115896 0.116035 0.116104 0.116349 0.116420 0.116306 0.116295 0.115716 0.116154 0.114804 0.115129 0.115181 0.000000 0.000000
0.000000 0.000000 0.086646 0.086700 0.087753 0.087194 0.087392 0.087342 0.086878 0.087001 0.086753 0.086794 0.086995 0.086748 0.086897 0.086712 0.087914 0.086304 0.086327 0.000000 0.000000
0.000000 0.000000 0.063891 0.064606 0.064462 0.064740 0.065124 0.065209 0.065410 0.065364 0.065591 0.065565 0.065439 0.065568 0.065410 0.065120 0.064530 0.064926 0.064184 0.000000 0.000000
0.000000 0.000000 0.053638 0.053653 0.053223 0.053387 0.053556 0.053918 0.053966 0.054033 0.053997 0.054014 0.053974 0.053990 0.053650 0.053521 0.053216 0.053717 0.053694 0.000000 0.000000
0.000000 0.000000 0.300000 0.300000 0.300000 0.300000 0.300000 0.300000 0.300000 0.300000 0.300000 0.300000 0.300000 0.300000 0.300000 0.300000 0.300000 0.300000 0.300000 0.000000 0.000000
0.000000 0.000000 0.000000 0.000000 0.000000 0.000000 0.000000 0.000000 0.000000 0.000000 0.000000 0.000000 0.000000 0.000000 0.000000 0.000000 0.000000 0.000000 0.000000 0.000000 0.000000