geotop/1.0zi/1.0Montebello/Templates/testdem/maps/_Eocclay0899.asc
ncols         21
nrows         20
xllcorner     100.000000
yllcorner     100.000000
cellsize      50.000000
NODATA_value  -9999.0
0.000000 0.000000 0.000000 0.000000 0.000000 0.000000 0.000000 0.000000 0.000000 0.000000 0.000000 0.000000 0.000000 0.000000 0.000000 0.000000 0.000000 0.000000 0.000000 0.000000 0.000000
0.000000 0.000000 0.349951 0.349951 0.349951 0.349951 0.349951 0.349951 0.349951 0.349951 0.349951 0.349951 0.349951 0.349951 0.349951 0.349951 0.349951 0.349951 0.349951 0.000000 0.000000
0.000000 0.000000 0.349996 0.349996 0.349995 0.349996 0.349996 0.349996 0.349996 0.349996 0.349996 0.349996 0.349996 0.349996 0.349996 0.349996 0.349995 0.349996 0.349996 0.000000 0.000000
0.000000 0.000000 0.350377 0.350377 0.350374 0.350375 0.350377 0.350377 0.350377 0.350377 0.350377 0.350377 0.350377 0.350377 0.350377 0.350375 0.350374 0.350377 0.350377 0.000000 0.000000
0.000000 0.000000 0.351789 0.351787 0.351786 0.351785 0.351789 0.351789 0.351788 0.351789 0.351789 0.351789 0.351788 0.351789 0.351789 0.351785 0.351786 0.351787 0.351789 0.000000 0.000000
0.000000 0.000000 0.353333 0.353332 0.353331 0.353330 0.353333 0.353333 0.353333 0.353333 0.353333 0.353333 0.353333 0.353333 0.353333 0.353330 0.353331 0.353332 0.353333 0.000000 0.000000
0.000000 0.000000 0.354793 0.354792 0.354791 0.354791 0.354793 0.354793 0.354793 0.354793 0.354793 0.354793 0.354793 0.354793 0.354793 0.354791 0.354791 0.354792 0.354793 0.000000 0.000000
0.000000 0.000000 0.356138 0.356137 0.356136 0.356136 0.356138 0.356137 0.356137 0.356138 0.356138 0.356138 0.356137 0.356137 0.356138 0.356136 0.356136 0.356137 0.356138 0.000000 0.000000
0.000000 0.000000 0.357397 0.357397 0.357395 0.357395 0.357397 0.357397 0.357397 0.357397 0.357397 0.357397 0.357397 0.357397 0.357397 0.357395 0.357395 0.357397 0.357397 0.000000 0.000000
0.000000 0.000000 0.358605 0.358605 0.358604 0.358604 0.358605 0.358605 0.358605 0.358605 0.358605 0.358605 0.358605 0.358605 0.358605 0.358604 0.358604 0.358605 0.358605 0.000000 0.000000
0.000000 0.000000 0.359774 0.359773 0.359772 0.359772 0.359774 0.359774 0.359774 0.359774 0.359774 0.359774 0.359774 0.359774 0.359774 0.359772 0.359772 0.359773 0.359774 0.000000 0.000000
0.000000 0.000000 0.360916 0.360916 0.360914 0.360915 0.360916 0.360916 0.360916 0.360916 0.360916 0.360916 0.360916 0.360916 0.360916 0.360915 0.360914 0.360916 0.360916 0.000000 0.000000
0.000000 0.000000 0.362040 0.362040 0.362038 0.362038 0.362040 0.362040 0.362040 0.362040 0.362040 0.362040 0.362040 0.362040 0.362040 0.362038 0.362038 0.362040 0.362040 0.000000 0.000000
0.000000 0.000000 0.363145 0.363144 0.363143 0.363143 0.363145 0.363145 0.363145 0.363145 0.363145 0.363145 0.363145 0.363145 0.363145 0.363143 0.363143 0.363144 0.363145 0.000000 0.000000
0.000000 0.000000 0.364238 0.364238 0.364236 0.364237 0.364238 0.364238 0.364238 0.364238 0.364238 0.364238 0.364238 0.364238 0.364238 0.364237 0.364236 0.364238 0.364238 0.000000 0.000000
0.000000 0.000000 0.365324 0.365324 0.365323 0.365323 0.365324 0.365324 0.365324 0.365324 0.365324 0.365324 0.365324 0.365324 0.365324 0.365323 0.365323 0.365324 0.365324 0.000000 0.000000
0.000000 0.000000 0.366401 0.366400 0.366399 0.366399 0.366401 0.366401 0.366401 0.366401 0.366401 0.366401 0.366401 0.366401 0.366401 0.366399 0.366399 0.366400 0.366401 0.000000 0.000000
0.000000 0.000000 0.367505 0.367505 0.367504 0.367504 0.367505 0.367505 0.367505 0.367505 0.367505 0.367505 0.367505 0.367505 0.367505 0.367504 0.367504 0.367505 0.367505 0.000000 0.000000
0.000000 0.000000 0.350000 0.350000 0.350000 0.350000 0.350000 0.350000 0.350000 0.350000 0.350000 0.350000 0.350000 0.350000 0.350000 0.350000 0.350000 0.350000 0.350000 0.000000 0.000000
0.000000 0.000000 0.000000 0.000000 0.000000 0.000000 0.000000 0.000000 0.000000 0.000000 0.000000 0.000000 0.000000 0.000000 0.000000 0.000000 0.000000 0.000000 0.000000 0.000000 0.000000