geotop/1.0zi/1.0Montebello/Templates/testdem/maps/_Eocsilt9103.asc
ncols         21
nrows         20
xllcorner     100.000000
yllcorner     100.000000
cellsize      50.000000
NODATA_value  -9999.0
0.000000 0.000000 0.000000 0.000000 0.000000 0.000000 0.000000 0.000000 0.000000 0.000000 0.000000 0.000000 0.000000 0.000000 0.000000 0.000000 0.000000 0.000000 0.000000 0.000000 0.000000
0.000000 0.000000 0.350194 0.350194 0.350194 0.350194 0.350194 0.350194 0.350194 0.350194 0.350194 0.350194 0.350194 0.350194 0.350194 0.350194 0.350195 0.350194 0.350194 0.000000 0.000000
0.000000 0.000000 0.350005 0.350005 0.350006 0.350005 0.350006 0.350006 0.350006 0.350006 0.350006 0.350006 0.350007 0.350007 0.350006 0.350005 0.350004 0.350004 0.350005 0.000000 0.000000
0.000000 0.000000 0.350123 0.350119 0.350114 0.350109 0.350109 0.350104 0.350107 0.350108 0.350104 0.350107 0.350107 0.350107 0.350110 0.350114 0.350119 0.350119 0.350122 0.000000 0.000000
0.000000 0.000000 0.351266 0.351270 0.351260 0.351244 0.351234 0.351230 0.351231 0.351228 0.351228 0.351230 0.351234 0.351232 0.351245 0.351252 0.351255 0.351259 0.351261 0.000000 0.000000
0.000000 0.000000 0.354510 0.354505 0.354490 0.354471 0.354442 0.354421 0.354419 0.354413 0.354417 0.354418 0.354421 0.354419 0.354433 0.354451 0.354461 0.354465 0.354472 0.000000 0.000000
0.000000 0.000000 0.359121 0.359111 0.359095 0.359063 0.359026 0.358980 0.358983 0.358980 0.358979 0.358978 0.358975 0.358979 0.359017 0.359046 0.359064 0.359076 0.359083 0.000000 0.000000
0.000000 0.000000 0.364567 0.364555 0.364543 0.364509 0.364471 0.364429 0.364430 0.364425 0.364423 0.364420 0.364417 0.364425 0.364461 0.364494 0.364523 0.364525 0.364539 0.000000 0.000000
0.000000 0.000000 0.370502 0.370486 0.370464 0.370440 0.370396 0.370345 0.370350 0.370340 0.370335 0.370333 0.370335 0.370333 0.370384 0.370423 0.370445 0.370451 0.370465 0.000000 0.000000
0.000000 0.000000 0.376917 0.376897 0.376882 0.376856 0.376797 0.376752 0.376754 0.376748 0.376739 0.376743 0.376749 0.376747 0.376788 0.376836 0.376861 0.376866 0.376873 0.000000 0.000000
0.000000 0.000000 0.384034 0.384020 0.384004 0.383944 0.383905 0.383848 0.383863 0.383829 0.383834 0.383830 0.383818 0.383838 0.383881 0.383910 0.383946 0.383957 0.383986 0.000000 0.000000
0.000000 0.000000 0.392151 0.392123 0.392086 0.392055 0.392001 0.391930 0.391929 0.391926 0.391938 0.391911 0.391923 0.391922 0.391998 0.392040 0.392058 0.392065 0.392128 0.000000 0.000000
0.000000 0.000000 0.401134 0.401102 0.401093 0.401029 0.400985 0.400777 0.400777 0.400767 0.400701 0.400738 0.400745 0.400765 0.400925 0.400963 0.401039 0.401037 0.401061 0.000000 0.000000
0.000000 0.000000 0.412023 0.412010 0.411950 0.411911 0.411619 0.411688 0.411633 0.411636 0.411665 0.411635 0.411628 0.411603 0.411544 0.411851 0.411873 0.411939 0.411988 0.000000 0.000000
0.000000 0.000000 0.424866 0.424823 0.424758 0.424380 0.424479 0.424271 0.424206 0.424187 0.424111 0.424074 0.424116 0.424114 0.424313 0.424227 0.424720 0.424606 0.424600 0.000000 0.000000
0.000000 0.000000 0.438042 0.438010 0.437501 0.437718 0.437647 0.437648 0.437863 0.437804 0.437916 0.437890 0.437798 0.437921 0.437885 0.437944 0.437443 0.438189 0.438177 0.000000 0.000000
0.000000 0.000000 0.452025 0.451437 0.451629 0.451367 0.451073 0.450984 0.450788 0.450836 0.450637 0.450660 0.450774 0.450654 0.450814 0.451030 0.451598 0.451154 0.451760 0.000000 0.000000
0.000000 0.000000 0.456319 0.456673 0.457047 0.457013 0.457003 0.456636 0.456687 0.456585 0.456744 0.456709 0.456690 0.456739 0.457047 0.457056 0.457097 0.456775 0.456420 0.000000 0.000000
0.000000 0.000000 0.350000 0.350000 0.350000 0.350000 0.350000 0.350000 0.350000 0.350000 0.350000 0.350000 0.350000 0.350000 0.350000 0.350000 0.350000 0.350000 0.350000 0.000000 0.000000
0.000000 0.000000 0.000000 0.000000 0.000000 0.000000 0.000000 0.000000 0.000000 0.000000 0.000000 0.000000 0.000000 0.000000 0.000000 0.000000 0.000000 0.000000 0.000000 0.000000 0.000000