geotop/1.0zi/1.0Montebello/Templates/testdem/maps/_Eocsilt9369.asc
ncols         21
nrows         20
xllcorner     100.000000
yllcorner     100.000000
cellsize      50.000000
NODATA_value  -9999.0
0.000000 0.000000 0.000000 0.000000 0.000000 0.000000 0.000000 0.000000 0.000000 0.000000 0.000000 0.000000 0.000000 0.000000 0.000000 0.000000 0.000000 0.000000 0.000000 0.000000 0.000000
0.000000 0.000000 0.350199 0.350198 0.350199 0.350199 0.350198 0.350198 0.350199 0.350198 0.350199 0.350198 0.350198 0.350198 0.350198 0.350199 0.350199 0.350199 0.350198 0.000000 0.000000
0.000000 0.000000 0.350008 0.350007 0.350008 0.350007 0.350008 0.350008 0.350008 0.350008 0.350008 0.350008 0.350009 0.350009 0.350008 0.350007 0.350006 0.350006 0.350007 0.000000 0.000000
0.000000 0.000000 0.350124 0.350120 0.350115 0.350110 0.350110 0.350105 0.350108 0.350108 0.350105 0.350109 0.350110 0.350110 0.350112 0.350116 0.350121 0.350121 0.350124 0.000000 0.000000
0.000000 0.000000 0.351314 0.351319 0.351309 0.351292 0.351282 0.351277 0.351279 0.351277 0.351277 0.351280 0.351285 0.351283 0.351296 0.351303 0.351307 0.351313 0.351316 0.000000 0.000000
0.000000 0.000000 0.354698 0.354693 0.354678 0.354658 0.354627 0.354604 0.354601 0.354596 0.354599 0.354601 0.354605 0.354603 0.354618 0.354639 0.354650 0.354658 0.354665 0.000000 0.000000
0.000000 0.000000 0.359506 0.359496 0.359480 0.359447 0.359407 0.359357 0.359361 0.359358 0.359357 0.359356 0.359354 0.359360 0.359398 0.359429 0.359449 0.359464 0.359472 0.000000 0.000000
0.000000 0.000000 0.365195 0.365184 0.365171 0.365135 0.365095 0.365049 0.365052 0.365046 0.365043 0.365041 0.365040 0.365049 0.365085 0.365121 0.365152 0.365158 0.365172 0.000000 0.000000
0.000000 0.000000 0.371420 0.371404 0.371384 0.371357 0.371310 0.371254 0.371260 0.371249 0.371244 0.371243 0.371246 0.371245 0.371298 0.371339 0.371364 0.371374 0.371388 0.000000 0.000000
0.000000 0.000000 0.378192 0.378174 0.378158 0.378129 0.378067 0.378015 0.378018 0.378011 0.378002 0.378008 0.378015 0.378014 0.378056 0.378108 0.378137 0.378147 0.378155 0.000000 0.000000
0.000000 0.000000 0.385765 0.385751 0.385738 0.385670 0.385630 0.385563 0.385581 0.385545 0.385551 0.385547 0.385536 0.385558 0.385604 0.385636 0.385676 0.385692 0.385724 0.000000 0.000000
0.000000 0.000000 0.394472 0.394441 0.394402 0.394370 0.394311 0.394229 0.394230 0.394225 0.394240 0.394210 0.394226 0.394225 0.394307 0.394354 0.394376 0.394389 0.394456 0.000000 0.000000
0.000000 0.000000 0.404170 0.404142 0.404133 0.404059 0.404011 0.403777 0.403778 0.403766 0.403693 0.403737 0.403746 0.403769 0.403944 0.403988 0.404072 0.404079 0.404102 0.000000 0.000000
0.000000 0.000000 0.416021 0.416011 0.415945 0.415900 0.415576 0.415660 0.415598 0.415600 0.415637 0.415602 0.415597 0.415570 0.415490 0.415839 0.415862 0.415945 0.415997 0.000000 0.000000
0.000000 0.000000 0.429861 0.429821 0.429753 0.429333 0.429462 0.429218 0.429152 0.429128 0.429042 0.429005 0.429055 0.429057 0.429280 0.429164 0.429715 0.429596 0.429585 0.000000 0.000000
0.000000 0.000000 0.443459 0.443432 0.442907 0.443151 0.443067 0.443073 0.443302 0.443240 0.443360 0.443338 0.443242 0.443371 0.443319 0.443391 0.442844 0.443636 0.443624 0.000000 0.000000
0.000000 0.000000 0.456678 0.456170 0.456335 0.456104 0.455845 0.455759 0.455590 0.455629 0.455455 0.455476 0.455577 0.455474 0.455616 0.455809 0.456304 0.455926 0.456454 0.000000 0.000000
0.000000 0.000000 0.461306 0.461490 0.461795 0.461729 0.461676 0.461382 0.461396 0.461323 0.461417 0.461394 0.461397 0.461419 0.461673 0.461713 0.461824 0.461529 0.461350 0.000000 0.000000
0.000000 0.000000 0.350000 0.350000 0.350000 0.350000 0.350000 0.350000 0.350000 0.350000 0.350000 0.350000 0.350000 0.350000 0.350000 0.350000 0.350000 0.350000 0.350000 0.000000 0.000000
0.000000 0.000000 0.000000 0.000000 0.000000 0.000000 0.000000 0.000000 0.000000 0.000000 0.000000 0.000000 0.000000 0.000000 0.000000 0.000000 0.000000 0.000000 0.000000 0.000000 0.000000