geotop/1.0zi/1.0Montebello/Templates/testdem/maps/_Eocsand0607.asc
ncols         21
nrows         20
xllcorner     100.000000
yllcorner     100.000000
cellsize      50.000000
NODATA_value  -9999.0
0.000000 0.000000 0.000000 0.000000 0.000000 0.000000 0.000000 0.000000 0.000000 0.000000 0.000000 0.000000 0.000000 0.000000 0.000000 0.000000 0.000000 0.000000 0.000000 0.000000 0.000000
0.000000 0.000000 0.300021 0.300021 0.300021 0.300021 0.300021 0.300021 0.300021 0.300021 0.300021 0.300021 0.300021 0.300021 0.300021 0.300021 0.300021 0.300021 0.300021 0.000000 0.000000
0.000000 0.000000 0.300005 0.300006 0.300006 0.300006 0.300005 0.300005 0.300005 0.300005 0.300005 0.300005 0.300005 0.300005 0.300005 0.300006 0.300006 0.300006 0.300005 0.000000 0.000000
0.000000 0.000000 0.299436 0.299436 0.299441 0.299436 0.299436 0.299436 0.299436 0.299436 0.299436 0.299436 0.299436 0.299436 0.299436 0.299436 0.299441 0.299436 0.299436 0.000000 0.000000
0.000000 0.000000 0.297582 0.297581 0.297586 0.297582 0.297581 0.297581 0.297581 0.297581 0.297581 0.297581 0.297581 0.297581 0.297581 0.297582 0.297586 0.297581 0.297582 0.000000 0.000000
0.000000 0.000000 0.295584 0.295584 0.295587 0.295584 0.295584 0.295583 0.295583 0.295583 0.295584 0.295583 0.295583 0.295583 0.295584 0.295584 0.295587 0.295584 0.295584 0.000000 0.000000
0.000000 0.000000 0.293707 0.293707 0.293710 0.293707 0.293707 0.293706 0.293706 0.293706 0.293707 0.293706 0.293706 0.293706 0.293707 0.293707 0.293710 0.293707 0.293707 0.000000 0.000000
0.000000 0.000000 0.291956 0.291956 0.291959 0.291956 0.291956 0.291956 0.291955 0.291956 0.291956 0.291956 0.291955 0.291956 0.291956 0.291956 0.291959 0.291956 0.291956 0.000000 0.000000
0.000000 0.000000 0.290298 0.290298 0.290301 0.290298 0.290298 0.290297 0.290297 0.290298 0.290298 0.290298 0.290297 0.290297 0.290298 0.290298 0.290301 0.290298 0.290298 0.000000 0.000000
0.000000 0.000000 0.288696 0.288696 0.288699 0.288696 0.288696 0.288696 0.288696 0.288696 0.288696 0.288696 0.288696 0.288696 0.288696 0.288696 0.288699 0.288696 0.288696 0.000000 0.000000
0.000000 0.000000 0.287136 0.287136 0.287139 0.287136 0.287136 0.287136 0.287136 0.287136 0.287136 0.287136 0.287136 0.287136 0.287136 0.287136 0.287139 0.287136 0.287136 0.000000 0.000000
0.000000 0.000000 0.285605 0.285605 0.285608 0.285605 0.285605 0.285605 0.285605 0.285605 0.285605 0.285605 0.285605 0.285605 0.285605 0.285605 0.285608 0.285605 0.285605 0.000000 0.000000
0.000000 0.000000 0.284099 0.284099 0.284102 0.284099 0.284099 0.284099 0.284099 0.284099 0.284099 0.284099 0.284099 0.284099 0.284099 0.284099 0.284102 0.284099 0.284099 0.000000 0.000000
0.000000 0.000000 0.282614 0.282614 0.282617 0.282614 0.282614 0.282614 0.282614 0.282614 0.282614 0.282614 0.282614 0.282614 0.282614 0.282614 0.282617 0.282614 0.282614 0.000000 0.000000
0.000000 0.000000 0.281142 0.281142 0.281144 0.281142 0.281142 0.281142 0.281142 0.281142 0.281142 0.281142 0.281142 0.281142 0.281142 0.281142 0.281144 0.281142 0.281142 0.000000 0.000000
0.000000 0.000000 0.279675 0.279675 0.279678 0.279675 0.279675 0.279675 0.279675 0.279675 0.279675 0.279675 0.279675 0.279675 0.279675 0.279675 0.279678 0.279675 0.279675 0.000000 0.000000
0.000000 0.000000 0.278222 0.278222 0.278225 0.278222 0.278222 0.278222 0.278222 0.278222 0.278222 0.278222 0.278222 0.278222 0.278222 0.278222 0.278225 0.278222 0.278222 0.000000 0.000000
0.000000 0.000000 0.276756 0.276756 0.276758 0.276756 0.276755 0.276755 0.276755 0.276755 0.276755 0.276755 0.276755 0.276755 0.276755 0.276756 0.276758 0.276756 0.276756 0.000000 0.000000
0.000000 0.000000 0.300000 0.300000 0.300000 0.300000 0.300000 0.300000 0.300000 0.300000 0.300000 0.300000 0.300000 0.300000 0.300000 0.300000 0.300000 0.300000 0.300000 0.000000 0.000000
0.000000 0.000000 0.000000 0.000000 0.000000 0.000000 0.000000 0.000000 0.000000 0.000000 0.000000 0.000000 0.000000 0.000000 0.000000 0.000000 0.000000 0.000000 0.000000 0.000000 0.000000