geotop/1.0zi/1.0Montebello/Templates/testdem/maps/_Eocclay7380.asc
ncols         21
nrows         20
xllcorner     100.000000
yllcorner     100.000000
cellsize      50.000000
NODATA_value  -9999.0
0.000000 0.000000 0.000000 0.000000 0.000000 0.000000 0.000000 0.000000 0.000000 0.000000 0.000000 0.000000 0.000000 0.000000 0.000000 0.000000 0.000000 0.000000 0.000000 0.000000 0.000000
0.000000 0.000000 0.349660 0.349662 0.349662 0.349661 0.349662 0.349662 0.349662 0.349662 0.349661 0.349662 0.349662 0.349662 0.349662 0.349662 0.349660 0.349660 0.349661 0.000000 0.000000
0.000000 0.000000 0.349986 0.349986 0.349986 0.349987 0.349986 0.349985 0.349986 0.349986 0.349985 0.349985 0.349986 0.349985 0.349986 0.349986 0.349987 0.349986 0.349984 0.000000 0.000000
0.000000 0.000000 0.350007 0.350011 0.350008 0.350007 0.350009 0.350007 0.350009 0.350006 0.350009 0.350007 0.350007 0.350006 0.350008 0.350010 0.350009 0.350012 0.350011 0.000000 0.000000
0.000000 0.000000 0.350915 0.350912 0.350909 0.350903 0.350889 0.350886 0.350883 0.350886 0.350883 0.350883 0.350880 0.350884 0.350893 0.350894 0.350902 0.350903 0.350910 0.000000 0.000000
0.000000 0.000000 0.353378 0.353377 0.353366 0.353340 0.353327 0.353304 0.353306 0.353300 0.353303 0.353302 0.353304 0.353305 0.353315 0.353334 0.353347 0.353362 0.353367 0.000000 0.000000
0.000000 0.000000 0.356801 0.356798 0.356790 0.356768 0.356739 0.356704 0.356703 0.356698 0.356699 0.356700 0.356699 0.356700 0.356731 0.356758 0.356773 0.356786 0.356793 0.000000 0.000000
0.000000 0.000000 0.360882 0.360880 0.360872 0.360845 0.360818 0.360780 0.360779 0.360776 0.360775 0.360772 0.360770 0.360778 0.360810 0.360834 0.360857 0.360866 0.360878 0.000000 0.000000
0.000000 0.000000 0.365152 0.365146 0.365133 0.365117 0.365088 0.365049 0.365052 0.365043 0.365040 0.365039 0.365039 0.365038 0.365076 0.365108 0.365126 0.365134 0.365144 0.000000 0.000000
0.000000 0.000000 0.369613 0.369604 0.369598 0.369582 0.369540 0.369505 0.369505 0.369501 0.369495 0.369498 0.369503 0.369501 0.369533 0.369569 0.369591 0.369598 0.369605 0.000000 0.000000
0.000000 0.000000 0.374397 0.374391 0.374384 0.374350 0.374320 0.374280 0.374288 0.374267 0.374269 0.374268 0.374260 0.374275 0.374304 0.374326 0.374353 0.374368 0.374386 0.000000 0.000000
0.000000 0.000000 0.379609 0.379596 0.379580 0.379557 0.379525 0.379476 0.379474 0.379466 0.379477 0.379460 0.379464 0.379468 0.379519 0.379545 0.379564 0.379574 0.379620 0.000000 0.000000
0.000000 0.000000 0.385153 0.385139 0.385133 0.385102 0.385074 0.384953 0.384952 0.384944 0.384913 0.384928 0.384935 0.384947 0.385040 0.385066 0.385112 0.385118 0.385144 0.000000 0.000000
0.000000 0.000000 0.391490 0.391485 0.391462 0.391439 0.391298 0.391294 0.391264 0.391264 0.391266 0.391261 0.391257 0.391253 0.391251 0.391398 0.391428 0.391468 0.391500 0.000000 0.000000
0.000000 0.000000 0.398813 0.398801 0.398769 0.398600 0.398592 0.398509 0.398464 0.398455 0.398426 0.398405 0.398423 0.398417 0.398497 0.398519 0.398745 0.398718 0.398729 0.000000 0.000000
0.000000 0.000000 0.406826 0.406813 0.406574 0.406604 0.406590 0.406552 0.406631 0.406601 0.406639 0.406617 0.406582 0.406641 0.406661 0.406674 0.406551 0.406881 0.406878 0.000000 0.000000
0.000000 0.000000 0.416724 0.416348 0.416361 0.416238 0.416048 0.415991 0.415914 0.415930 0.415828 0.415832 0.415885 0.415840 0.415934 0.416074 0.416346 0.416236 0.416622 0.000000 0.000000
0.000000 0.000000 0.421803 0.422074 0.422428 0.422398 0.422368 0.422037 0.422065 0.421978 0.422099 0.422070 0.422063 0.422100 0.422390 0.422410 0.422491 0.422179 0.421920 0.000000 0.000000
0.000000 0.000000 0.350000 0.350000 0.350000 0.350000 0.350000 0.350000 0.350000 0.350000 0.350000 0.350000 0.350000 0.350000 0.350000 0.350000 0.350000 0.350000 0.350000 0.000000 0.000000
0.000000 0.000000 0.000000 0.000000 0.000000 0.000000 0.000000 0.000000 0.000000 0.000000 0.000000 0.000000 0.000000 0.000000 0.000000 0.000000 0.000000 0.000000 0.000000 0.000000 0.000000