geotop/1.0zi/1.0Montebello/Templates/testdem/maps/_Eocsilt7683.asc
ncols         21
nrows         20
xllcorner     100.000000
yllcorner     100.000000
cellsize      50.000000
NODATA_value  -9999.0
0.000000 0.000000 0.000000 0.000000 0.000000 0.000000 0.000000 0.000000 0.000000 0.000000 0.000000 0.000000 0.000000 0.000000 0.000000 0.000000 0.000000 0.000000 0.000000 0.000000 0.000000
0.000000 0.000000 0.350158 0.350158 0.350159 0.350159 0.350158 0.350159 0.350159 0.350158 0.350159 0.350158 0.350158 0.350158 0.350158 0.350158 0.350159 0.350159 0.350158 0.000000 0.000000
0.000000 0.000000 0.350005 0.350005 0.350004 0.350004 0.350005 0.350005 0.350005 0.350005 0.350005 0.350005 0.350006 0.350006 0.350005 0.350004 0.350003 0.350003 0.350004 0.000000 0.000000
0.000000 0.000000 0.350103 0.350099 0.350098 0.350091 0.350093 0.350087 0.350090 0.350090 0.350087 0.350089 0.350089 0.350089 0.350092 0.350095 0.350099 0.350098 0.350099 0.000000 0.000000
0.000000 0.000000 0.350968 0.350974 0.350970 0.350959 0.350954 0.350947 0.350943 0.350942 0.350942 0.350942 0.350943 0.350945 0.350958 0.350963 0.350965 0.350975 0.350978 0.000000 0.000000
0.000000 0.000000 0.353411 0.353412 0.353403 0.353387 0.353369 0.353348 0.353347 0.353341 0.353345 0.353345 0.353347 0.353346 0.353357 0.353369 0.353381 0.353389 0.353394 0.000000 0.000000
0.000000 0.000000 0.356948 0.356944 0.356934 0.356908 0.356878 0.356846 0.356846 0.356842 0.356843 0.356842 0.356839 0.356844 0.356872 0.356898 0.356915 0.356929 0.356936 0.000000 0.000000
0.000000 0.000000 0.361154 0.361152 0.361147 0.361120 0.361091 0.361055 0.361055 0.361051 0.361050 0.361047 0.361045 0.361051 0.361083 0.361110 0.361135 0.361141 0.361153 0.000000 0.000000
0.000000 0.000000 0.365653 0.365645 0.365631 0.365614 0.365583 0.365542 0.365544 0.365534 0.365532 0.365530 0.365532 0.365531 0.365571 0.365603 0.365623 0.365634 0.365644 0.000000 0.000000
0.000000 0.000000 0.370346 0.370338 0.370330 0.370314 0.370271 0.370234 0.370235 0.370230 0.370224 0.370227 0.370232 0.370230 0.370263 0.370300 0.370323 0.370330 0.370337 0.000000 0.000000
0.000000 0.000000 0.375363 0.375357 0.375350 0.375313 0.375283 0.375242 0.375250 0.375227 0.375230 0.375229 0.375221 0.375236 0.375266 0.375289 0.375317 0.375333 0.375352 0.000000 0.000000
0.000000 0.000000 0.380868 0.380853 0.380836 0.380813 0.380780 0.380728 0.380725 0.380717 0.380729 0.380712 0.380717 0.380721 0.380774 0.380801 0.380821 0.380832 0.380879 0.000000 0.000000
0.000000 0.000000 0.386746 0.386731 0.386724 0.386692 0.386663 0.386534 0.386532 0.386523 0.386491 0.386507 0.386515 0.386527 0.386626 0.386653 0.386702 0.386708 0.386734 0.000000 0.000000
0.000000 0.000000 0.393512 0.393506 0.393480 0.393457 0.393304 0.393304 0.393272 0.393271 0.393277 0.393270 0.393266 0.393261 0.393255 0.393414 0.393445 0.393488 0.393520 0.000000 0.000000
0.000000 0.000000 0.401369 0.401356 0.401323 0.401135 0.401134 0.401041 0.400995 0.400984 0.400953 0.400929 0.400950 0.400945 0.401035 0.401049 0.401298 0.401267 0.401276 0.000000 0.000000
0.000000 0.000000 0.409973 0.409960 0.409693 0.409739 0.409723 0.409686 0.409776 0.409743 0.409789 0.409767 0.409727 0.409792 0.409810 0.409824 0.409669 0.410042 0.410038 0.000000 0.000000
0.000000 0.000000 0.420593 0.420174 0.420212 0.420068 0.419859 0.419796 0.419700 0.419720 0.419605 0.419612 0.419675 0.419618 0.419723 0.419877 0.420196 0.420041 0.420472 0.000000 0.000000
0.000000 0.000000 0.425562 0.425894 0.426275 0.426254 0.426239 0.425881 0.425921 0.425822 0.425967 0.425935 0.425922 0.425968 0.426276 0.426286 0.426343 0.426022 0.425700 0.000000 0.000000
0.000000 0.000000 0.350000 0.350000 0.350000 0.350000 0.350000 0.350000 0.350000 0.350000 0.350000 0.350000 0.350000 0.350000 0.350000 0.350000 0.350000 0.350000 0.350000 0.000000 0.000000
0.000000 0.000000 0.000000 0.000000 0.000000 0.000000 0.000000 0.000000 0.000000 0.000000 0.000000 0.000000 0.000000 0.000000 0.000000 0.000000 0.000000 0.000000 0.000000 0.000000 0.000000