geotop/1.0zi/1.0Montebello/Templates/testdem/maps/_Eocsilt9008.asc
ncols         21
nrows         20
xllcorner     100.000000
yllcorner     100.000000
cellsize      50.000000
NODATA_value  -9999.0
0.000000 0.000000 0.000000 0.000000 0.000000 0.000000 0.000000 0.000000 0.000000 0.000000 0.000000 0.000000 0.000000 0.000000 0.000000 0.000000 0.000000 0.000000 0.000000 0.000000 0.000000
0.000000 0.000000 0.350192 0.350192 0.350192 0.350192 0.350192 0.350192 0.350192 0.350192 0.350192 0.350192 0.350192 0.350192 0.350192 0.350192 0.350192 0.350192 0.350192 0.000000 0.000000
0.000000 0.000000 0.350005 0.350005 0.350005 0.350005 0.350006 0.350006 0.350006 0.350006 0.350006 0.350006 0.350006 0.350006 0.350006 0.350005 0.350004 0.350004 0.350005 0.000000 0.000000
0.000000 0.000000 0.350121 0.350117 0.350111 0.350107 0.350106 0.350102 0.350105 0.350105 0.350102 0.350105 0.350105 0.350105 0.350107 0.350111 0.350116 0.350116 0.350119 0.000000 0.000000
0.000000 0.000000 0.351249 0.351253 0.351244 0.351228 0.351220 0.351215 0.351217 0.351214 0.351214 0.351216 0.351220 0.351219 0.351232 0.351239 0.351241 0.351245 0.351247 0.000000 0.000000
0.000000 0.000000 0.354421 0.354415 0.354403 0.354383 0.354355 0.354335 0.354333 0.354326 0.354331 0.354332 0.354335 0.354333 0.354348 0.354365 0.354375 0.354379 0.354386 0.000000 0.000000
0.000000 0.000000 0.358920 0.358910 0.358896 0.358865 0.358829 0.358784 0.358787 0.358783 0.358783 0.358782 0.358779 0.358784 0.358822 0.358850 0.358868 0.358880 0.358887 0.000000 0.000000
0.000000 0.000000 0.364242 0.364231 0.364222 0.364188 0.364151 0.364110 0.364112 0.364106 0.364105 0.364102 0.364100 0.364108 0.364143 0.364176 0.364205 0.364206 0.364220 0.000000 0.000000
0.000000 0.000000 0.370034 0.370019 0.370000 0.369976 0.369934 0.369884 0.369889 0.369879 0.369875 0.369873 0.369875 0.369873 0.369924 0.369962 0.369984 0.369990 0.370004 0.000000 0.000000
0.000000 0.000000 0.376278 0.376259 0.376247 0.376222 0.376165 0.376121 0.376123 0.376116 0.376108 0.376113 0.376119 0.376117 0.376157 0.376205 0.376230 0.376235 0.376242 0.000000 0.000000
0.000000 0.000000 0.383182 0.383169 0.383157 0.383098 0.383061 0.383005 0.383020 0.382987 0.382993 0.382989 0.382978 0.382997 0.383040 0.383068 0.383104 0.383114 0.383142 0.000000 0.000000
0.000000 0.000000 0.391032 0.391006 0.390974 0.390943 0.390892 0.390823 0.390823 0.390818 0.390832 0.390806 0.390818 0.390817 0.390892 0.390932 0.390950 0.390957 0.391018 0.000000 0.000000
0.000000 0.000000 0.399696 0.399666 0.399660 0.399599 0.399558 0.399358 0.399358 0.399347 0.399287 0.399322 0.399329 0.399348 0.399503 0.399540 0.399613 0.399611 0.399635 0.000000 0.000000
0.000000 0.000000 0.410162 0.410150 0.410098 0.410059 0.409785 0.409844 0.409792 0.409794 0.409821 0.409794 0.409789 0.409766 0.409714 0.410006 0.410029 0.410092 0.410139 0.000000 0.000000
0.000000 0.000000 0.422544 0.422505 0.422447 0.422089 0.422174 0.421985 0.421922 0.421903 0.421834 0.421799 0.421839 0.421836 0.422018 0.421947 0.422414 0.422309 0.422305 0.000000 0.000000
0.000000 0.000000 0.435469 0.435440 0.434950 0.435149 0.435087 0.435082 0.435288 0.435230 0.435338 0.435313 0.435225 0.435344 0.435316 0.435370 0.434900 0.435618 0.435607 0.000000 0.000000
0.000000 0.000000 0.449668 0.449058 0.449255 0.448988 0.448684 0.448592 0.448394 0.448442 0.448240 0.448263 0.448380 0.448258 0.448423 0.448646 0.449228 0.448777 0.449405 0.000000 0.000000
0.000000 0.000000 0.453910 0.454335 0.454739 0.454717 0.454723 0.454327 0.454393 0.454278 0.454463 0.454424 0.454399 0.454458 0.454789 0.454786 0.454801 0.454470 0.454048 0.000000 0.000000
0.000000 0.000000 0.350000 0.350000 0.350000 0.350000 0.350000 0.350000 0.350000 0.350000 0.350000 0.350000 0.350000 0.350000 0.350000 0.350000 0.350000 0.350000 0.350000 0.000000 0.000000
0.000000 0.000000 0.000000 0.000000 0.000000 0.000000 0.000000 0.000000 0.000000 0.000000 0.000000 0.000000 0.000000 0.000000 0.000000 0.000000 0.000000 0.000000 0.000000 0.000000 0.000000