geotop/1.0zi/1.0Montebello/Templates/testdem/maps/_Eocclay4927.asc
ncols         21
nrows         20
xllcorner     100.000000
yllcorner     100.000000
cellsize      50.000000
NODATA_value  -9999.0
0.000000 0.000000 0.000000 0.000000 0.000000 0.000000 0.000000 0.000000 0.000000 0.000000 0.000000 0.000000 0.000000 0.000000 0.000000 0.000000 0.000000 0.000000 0.000000 0.000000 0.000000
0.000000 0.000000 0.349779 0.349780 0.349780 0.349780 0.349780 0.349780 0.349780 0.349780 0.349780 0.349780 0.349780 0.349780 0.349780 0.349780 0.349780 0.349780 0.349779 0.000000 0.000000
0.000000 0.000000 0.349992 0.349992 0.349992 0.349992 0.349991 0.349992 0.349992 0.349992 0.349991 0.349991 0.349992 0.349992 0.349992 0.349992 0.349992 0.349992 0.349992 0.000000 0.000000
0.000000 0.000000 0.349987 0.349989 0.349987 0.349988 0.349990 0.349990 0.349990 0.349988 0.349990 0.349988 0.349988 0.349987 0.349990 0.349991 0.349989 0.349990 0.349989 0.000000 0.000000
0.000000 0.000000 0.350383 0.350381 0.350381 0.350376 0.350367 0.350365 0.350366 0.350367 0.350365 0.350367 0.350363 0.350365 0.350369 0.350368 0.350372 0.350374 0.350377 0.000000 0.000000
0.000000 0.000000 0.351764 0.351767 0.351762 0.351746 0.351741 0.351728 0.351726 0.351722 0.351726 0.351726 0.351729 0.351730 0.351732 0.351742 0.351747 0.351755 0.351760 0.000000 0.000000
0.000000 0.000000 0.353773 0.353770 0.353766 0.353752 0.353736 0.353714 0.353714 0.353710 0.353713 0.353712 0.353715 0.353715 0.353731 0.353749 0.353757 0.353765 0.353771 0.000000 0.000000
0.000000 0.000000 0.356137 0.356135 0.356132 0.356116 0.356098 0.356076 0.356077 0.356073 0.356074 0.356074 0.356072 0.356075 0.356095 0.356111 0.356120 0.356126 0.356133 0.000000 0.000000
0.000000 0.000000 0.358514 0.358510 0.358505 0.358494 0.358477 0.358455 0.358457 0.358453 0.358452 0.358453 0.358452 0.358454 0.358471 0.358491 0.358498 0.358503 0.358511 0.000000 0.000000
0.000000 0.000000 0.360912 0.360907 0.360904 0.360891 0.360870 0.360850 0.360852 0.360850 0.360849 0.360850 0.360848 0.360848 0.360869 0.360889 0.360896 0.360901 0.360908 0.000000 0.000000
0.000000 0.000000 0.363368 0.363363 0.363359 0.363350 0.363334 0.363308 0.363311 0.363306 0.363305 0.363306 0.363304 0.363305 0.363323 0.363338 0.363348 0.363354 0.363362 0.000000 0.000000
0.000000 0.000000 0.365919 0.365915 0.365909 0.365894 0.365877 0.365853 0.365853 0.365850 0.365850 0.365848 0.365848 0.365848 0.365871 0.365889 0.365898 0.365903 0.365928 0.000000 0.000000
0.000000 0.000000 0.368520 0.368515 0.368509 0.368498 0.368477 0.368425 0.368426 0.368422 0.368421 0.368422 0.368419 0.368421 0.368467 0.368488 0.368498 0.368503 0.368518 0.000000 0.000000
0.000000 0.000000 0.371297 0.371287 0.371283 0.371271 0.371214 0.371201 0.371193 0.371190 0.371190 0.371190 0.371187 0.371188 0.371203 0.371257 0.371268 0.371280 0.371289 0.000000 0.000000
0.000000 0.000000 0.374312 0.374305 0.374289 0.374240 0.374214 0.374180 0.374163 0.374159 0.374150 0.374150 0.374153 0.374149 0.374175 0.374211 0.374272 0.374270 0.374278 0.000000 0.000000
0.000000 0.000000 0.377443 0.377435 0.377374 0.377364 0.377347 0.377331 0.377331 0.377330 0.377334 0.377332 0.377324 0.377337 0.377345 0.377359 0.377357 0.377426 0.377441 0.000000 0.000000
0.000000 0.000000 0.380965 0.380881 0.380834 0.380809 0.380765 0.380741 0.380737 0.380734 0.380724 0.380724 0.380727 0.380720 0.380739 0.380788 0.380820 0.380849 0.380932 0.000000 0.000000
0.000000 0.000000 0.383654 0.383642 0.383699 0.383668 0.383632 0.383550 0.383543 0.383536 0.383540 0.383538 0.383534 0.383542 0.383617 0.383655 0.383699 0.383629 0.383654 0.000000 0.000000
0.000000 0.000000 0.350000 0.350000 0.350000 0.350000 0.350000 0.350000 0.350000 0.350000 0.350000 0.350000 0.350000 0.350000 0.350000 0.350000 0.350000 0.350000 0.350000 0.000000 0.000000
0.000000 0.000000 0.000000 0.000000 0.000000 0.000000 0.000000 0.000000 0.000000 0.000000 0.000000 0.000000 0.000000 0.000000 0.000000 0.000000 0.000000 0.000000 0.000000 0.000000 0.000000