geotop/1.0zi/1.0Montebello/Templates/testdem/maps/_Eocclay2895.asc
ncols         21
nrows         20
xllcorner     100.000000
yllcorner     100.000000
cellsize      50.000000
NODATA_value  -9999.0
0.000000 0.000000 0.000000 0.000000 0.000000 0.000000 0.000000 0.000000 0.000000 0.000000 0.000000 0.000000 0.000000 0.000000 0.000000 0.000000 0.000000 0.000000 0.000000 0.000000 0.000000
0.000000 0.000000 0.349842 0.349842 0.349842 0.349842 0.349842 0.349842 0.349842 0.349842 0.349841 0.349842 0.349842 0.349842 0.349842 0.349842 0.349842 0.349842 0.349842 0.000000 0.000000
0.000000 0.000000 0.349993 0.349993 0.349992 0.349993 0.349993 0.349993 0.349993 0.349993 0.349993 0.349993 0.349993 0.349993 0.349993 0.349993 0.349992 0.349993 0.349993 0.000000 0.000000
0.000000 0.000000 0.350979 0.350979 0.350977 0.350978 0.350979 0.350979 0.350979 0.350979 0.350979 0.350979 0.350979 0.350979 0.350979 0.350978 0.350977 0.350979 0.350979 0.000000 0.000000
0.000000 0.000000 0.355299 0.355298 0.355296 0.355297 0.355300 0.355299 0.355299 0.355301 0.355301 0.355301 0.355299 0.355299 0.355300 0.355297 0.355296 0.355298 0.355299 0.000000 0.000000
0.000000 0.000000 0.360207 0.360207 0.360205 0.360205 0.360208 0.360207 0.360207 0.360208 0.360208 0.360208 0.360207 0.360207 0.360208 0.360205 0.360205 0.360207 0.360207 0.000000 0.000000
0.000000 0.000000 0.364834 0.364834 0.364832 0.364833 0.364835 0.364834 0.364834 0.364835 0.364835 0.364835 0.364834 0.364834 0.364835 0.364833 0.364832 0.364834 0.364834 0.000000 0.000000
0.000000 0.000000 0.369061 0.369061 0.369059 0.369060 0.369061 0.369061 0.369061 0.369062 0.369062 0.369062 0.369061 0.369061 0.369061 0.369060 0.369059 0.369061 0.369061 0.000000 0.000000
0.000000 0.000000 0.372985 0.372984 0.372983 0.372983 0.372985 0.372984 0.372984 0.372985 0.372985 0.372985 0.372984 0.372984 0.372985 0.372983 0.372983 0.372984 0.372985 0.000000 0.000000
0.000000 0.000000 0.376696 0.376696 0.376695 0.376695 0.376696 0.376696 0.376696 0.376697 0.376697 0.376697 0.376696 0.376696 0.376696 0.376695 0.376695 0.376696 0.376696 0.000000 0.000000
0.000000 0.000000 0.380239 0.380239 0.380238 0.380238 0.380240 0.380239 0.380239 0.380240 0.380240 0.380240 0.380239 0.380239 0.380240 0.380238 0.380238 0.380239 0.380239 0.000000 0.000000
0.000000 0.000000 0.383649 0.383649 0.383648 0.383648 0.383650 0.383649 0.383649 0.383650 0.383650 0.383650 0.383649 0.383649 0.383650 0.383648 0.383648 0.383649 0.383649 0.000000 0.000000
0.000000 0.000000 0.386951 0.386951 0.386949 0.386950 0.386951 0.386951 0.386951 0.386951 0.386952 0.386951 0.386951 0.386951 0.386951 0.386950 0.386949 0.386951 0.386951 0.000000 0.000000
0.000000 0.000000 0.390165 0.390165 0.390164 0.390164 0.390166 0.390165 0.390165 0.390166 0.390166 0.390166 0.390165 0.390165 0.390166 0.390164 0.390164 0.390165 0.390165 0.000000 0.000000
0.000000 0.000000 0.393303 0.393302 0.393301 0.393302 0.393303 0.393302 0.393302 0.393303 0.393303 0.393303 0.393302 0.393302 0.393303 0.393302 0.393301 0.393302 0.393303 0.000000 0.000000
0.000000 0.000000 0.396368 0.396368 0.396366 0.396367 0.396368 0.396368 0.396368 0.396368 0.396368 0.396368 0.396368 0.396368 0.396368 0.396367 0.396366 0.396368 0.396368 0.000000 0.000000
0.000000 0.000000 0.399364 0.399364 0.399363 0.399364 0.399365 0.399364 0.399364 0.399365 0.399365 0.399365 0.399364 0.399364 0.399365 0.399364 0.399363 0.399364 0.399364 0.000000 0.000000
0.000000 0.000000 0.402344 0.402344 0.402343 0.402344 0.402345 0.402344 0.402344 0.402345 0.402345 0.402345 0.402344 0.402344 0.402345 0.402344 0.402343 0.402344 0.402345 0.000000 0.000000
0.000000 0.000000 0.350000 0.350000 0.350000 0.350000 0.350000 0.350000 0.350000 0.350000 0.350000 0.350000 0.350000 0.350000 0.350000 0.350000 0.350000 0.350000 0.350000 0.000000 0.000000
0.000000 0.000000 0.000000 0.000000 0.000000 0.000000 0.000000 0.000000 0.000000 0.000000 0.000000 0.000000 0.000000 0.000000 0.000000 0.000000 0.000000 0.000000 0.000000 0.000000 0.000000