geotop/1.0zi/1.0Montebello/Templates/testdem/maps/_Eocclay3086.asc
ncols         21
nrows         20
xllcorner     100.000000
yllcorner     100.000000
cellsize      50.000000
NODATA_value  -9999.0
0.000000 0.000000 0.000000 0.000000 0.000000 0.000000 0.000000 0.000000 0.000000 0.000000 0.000000 0.000000 0.000000 0.000000 0.000000 0.000000 0.000000 0.000000 0.000000 0.000000 0.000000
0.000000 0.000000 0.349828 0.349828 0.349828 0.349828 0.349828 0.349828 0.349828 0.349828 0.349827 0.349828 0.349828 0.349828 0.349828 0.349828 0.349828 0.349828 0.349828 0.000000 0.000000
0.000000 0.000000 0.349995 0.349994 0.349994 0.349995 0.349994 0.349995 0.349995 0.349994 0.349995 0.349994 0.349995 0.349995 0.349994 0.349995 0.349994 0.349994 0.349995 0.000000 0.000000
0.000000 0.000000 0.351224 0.351224 0.351221 0.351222 0.351224 0.351223 0.351223 0.351224 0.351224 0.351224 0.351223 0.351223 0.351224 0.351222 0.351221 0.351224 0.351224 0.000000 0.000000
0.000000 0.000000 0.356102 0.356101 0.356099 0.356099 0.356102 0.356101 0.356101 0.356103 0.356103 0.356103 0.356101 0.356101 0.356102 0.356099 0.356099 0.356101 0.356102 0.000000 0.000000
0.000000 0.000000 0.361471 0.361470 0.361468 0.361469 0.361471 0.361470 0.361470 0.361471 0.361472 0.361471 0.361470 0.361470 0.361471 0.361469 0.361468 0.361470 0.361471 0.000000 0.000000
0.000000 0.000000 0.366482 0.366481 0.366480 0.366480 0.366482 0.366481 0.366481 0.366482 0.366483 0.366482 0.366481 0.366481 0.366482 0.366480 0.366480 0.366481 0.366482 0.000000 0.000000
0.000000 0.000000 0.371041 0.371040 0.371039 0.371039 0.371041 0.371040 0.371040 0.371041 0.371042 0.371041 0.371040 0.371040 0.371041 0.371039 0.371039 0.371040 0.371041 0.000000 0.000000
0.000000 0.000000 0.375259 0.375258 0.375257 0.375257 0.375259 0.375258 0.375258 0.375259 0.375260 0.375259 0.375258 0.375258 0.375259 0.375257 0.375257 0.375258 0.375259 0.000000 0.000000
0.000000 0.000000 0.379236 0.379236 0.379234 0.379235 0.379236 0.379235 0.379236 0.379236 0.379237 0.379236 0.379236 0.379235 0.379236 0.379235 0.379234 0.379236 0.379236 0.000000 0.000000
0.000000 0.000000 0.383020 0.383020 0.383018 0.383019 0.383020 0.383020 0.383020 0.383020 0.383021 0.383020 0.383020 0.383020 0.383020 0.383019 0.383018 0.383020 0.383020 0.000000 0.000000
0.000000 0.000000 0.386648 0.386647 0.386646 0.386647 0.386648 0.386647 0.386647 0.386648 0.386648 0.386648 0.386647 0.386647 0.386648 0.386647 0.386646 0.386647 0.386648 0.000000 0.000000
0.000000 0.000000 0.390145 0.390144 0.390143 0.390143 0.390145 0.390144 0.390144 0.390145 0.390145 0.390145 0.390144 0.390144 0.390145 0.390143 0.390143 0.390144 0.390145 0.000000 0.000000
0.000000 0.000000 0.393540 0.393540 0.393539 0.393539 0.393540 0.393540 0.393540 0.393540 0.393541 0.393540 0.393540 0.393540 0.393540 0.393539 0.393539 0.393540 0.393540 0.000000 0.000000
0.000000 0.000000 0.396841 0.396841 0.396840 0.396840 0.396842 0.396841 0.396841 0.396842 0.396842 0.396842 0.396841 0.396841 0.396842 0.396840 0.396840 0.396841 0.396841 0.000000 0.000000
0.000000 0.000000 0.400055 0.400055 0.400054 0.400054 0.400055 0.400055 0.400055 0.400055 0.400056 0.400055 0.400055 0.400055 0.400055 0.400054 0.400054 0.400055 0.400055 0.000000 0.000000
0.000000 0.000000 0.403192 0.403191 0.403190 0.403191 0.403192 0.403191 0.403191 0.403192 0.403192 0.403192 0.403191 0.403191 0.403192 0.403191 0.403190 0.403191 0.403192 0.000000 0.000000
0.000000 0.000000 0.406324 0.406325 0.406324 0.406324 0.406325 0.406325 0.406325 0.406325 0.406326 0.406325 0.406325 0.406325 0.406325 0.406324 0.406324 0.406325 0.406325 0.000000 0.000000
0.000000 0.000000 0.350000 0.350000 0.350000 0.350000 0.350000 0.350000 0.350000 0.350000 0.350000 0.350000 0.350000 0.350000 0.350000 0.350000 0.350000 0.350000 0.350000 0.000000 0.000000
0.000000 0.000000 0.000000 0.000000 0.000000 0.000000 0.000000 0.000000 0.000000 0.000000 0.000000 0.000000 0.000000 0.000000 0.000000 0.000000 0.000000 0.000000 0.000000 0.000000 0.000000