geotop/1.0zi/1.0Montebello/Templates/testdem/maps/_Eocsilt1286.asc
ncols         21
nrows         20
xllcorner     100.000000
yllcorner     100.000000
cellsize      50.000000
NODATA_value  -9999.0
0.000000 0.000000 0.000000 0.000000 0.000000 0.000000 0.000000 0.000000 0.000000 0.000000 0.000000 0.000000 0.000000 0.000000 0.000000 0.000000 0.000000 0.000000 0.000000 0.000000 0.000000
0.000000 0.000000 0.350025 0.350025 0.350025 0.350025 0.350025 0.350025 0.350025 0.350025 0.350025 0.350025 0.350025 0.350025 0.350025 0.350025 0.350025 0.350025 0.350025 0.000000 0.000000
0.000000 0.000000 0.350000 0.350000 0.350000 0.350000 0.350000 0.350000 0.350000 0.350000 0.350000 0.350000 0.350000 0.350000 0.350000 0.350000 0.350000 0.350000 0.350000 0.000000 0.000000
0.000000 0.000000 0.350570 0.350569 0.350567 0.350568 0.350570 0.350570 0.350570 0.350570 0.350570 0.350570 0.350570 0.350570 0.350570 0.350568 0.350567 0.350569 0.350570 0.000000 0.000000
0.000000 0.000000 0.352375 0.352375 0.352373 0.352373 0.352376 0.352375 0.352375 0.352376 0.352376 0.352376 0.352375 0.352375 0.352376 0.352373 0.352373 0.352375 0.352375 0.000000 0.000000
0.000000 0.000000 0.354590 0.354590 0.354588 0.354588 0.354591 0.354590 0.354590 0.354591 0.354591 0.354591 0.354590 0.354590 0.354591 0.354588 0.354588 0.354590 0.354590 0.000000 0.000000
0.000000 0.000000 0.356630 0.356630 0.356628 0.356628 0.356630 0.356630 0.356630 0.356630 0.356630 0.356630 0.356630 0.356630 0.356630 0.356628 0.356628 0.356630 0.356630 0.000000 0.000000
0.000000 0.000000 0.358502 0.358502 0.358500 0.358500 0.358502 0.358502 0.358502 0.358502 0.358502 0.358502 0.358502 0.358502 0.358502 0.358500 0.358500 0.358502 0.358502 0.000000 0.000000
0.000000 0.000000 0.360256 0.360256 0.360254 0.360255 0.360256 0.360256 0.360256 0.360256 0.360256 0.360256 0.360256 0.360256 0.360256 0.360255 0.360254 0.360256 0.360256 0.000000 0.000000
0.000000 0.000000 0.361937 0.361937 0.361935 0.361936 0.361937 0.361937 0.361937 0.361937 0.361937 0.361937 0.361937 0.361937 0.361937 0.361936 0.361935 0.361937 0.361937 0.000000 0.000000
0.000000 0.000000 0.363563 0.363563 0.363561 0.363562 0.363563 0.363563 0.363563 0.363563 0.363563 0.363563 0.363563 0.363563 0.363563 0.363562 0.363561 0.363563 0.363563 0.000000 0.000000
0.000000 0.000000 0.365151 0.365151 0.365149 0.365150 0.365151 0.365151 0.365151 0.365151 0.365151 0.365151 0.365151 0.365151 0.365151 0.365150 0.365149 0.365151 0.365151 0.000000 0.000000
0.000000 0.000000 0.366712 0.366712 0.366711 0.366711 0.366713 0.366712 0.366712 0.366713 0.366713 0.366713 0.366712 0.366712 0.366713 0.366711 0.366711 0.366712 0.366712 0.000000 0.000000
0.000000 0.000000 0.368247 0.368247 0.368245 0.368246 0.368247 0.368247 0.368247 0.368247 0.368247 0.368247 0.368247 0.368247 0.368247 0.368246 0.368245 0.368247 0.368247 0.000000 0.000000
0.000000 0.000000 0.369762 0.369761 0.369760 0.369760 0.369762 0.369761 0.369761 0.369762 0.369762 0.369762 0.369761 0.369761 0.369762 0.369760 0.369760 0.369761 0.369762 0.000000 0.000000
0.000000 0.000000 0.371263 0.371262 0.371261 0.371261 0.371263 0.371262 0.371262 0.371263 0.371263 0.371263 0.371262 0.371262 0.371263 0.371261 0.371261 0.371262 0.371263 0.000000 0.000000
0.000000 0.000000 0.372749 0.372749 0.372747 0.372748 0.372749 0.372749 0.372749 0.372749 0.372749 0.372749 0.372749 0.372749 0.372749 0.372748 0.372747 0.372749 0.372749 0.000000 0.000000
0.000000 0.000000 0.374261 0.374261 0.374260 0.374260 0.374262 0.374261 0.374261 0.374262 0.374261 0.374262 0.374261 0.374261 0.374262 0.374260 0.374260 0.374261 0.374261 0.000000 0.000000
0.000000 0.000000 0.350000 0.350000 0.350000 0.350000 0.350000 0.350000 0.350000 0.350000 0.350000 0.350000 0.350000 0.350000 0.350000 0.350000 0.350000 0.350000 0.350000 0.000000 0.000000
0.000000 0.000000 0.000000 0.000000 0.000000 0.000000 0.000000 0.000000 0.000000 0.000000 0.000000 0.000000 0.000000 0.000000 0.000000 0.000000 0.000000 0.000000 0.000000 0.000000 0.000000