geotop/1.0zi/1.0Montebello/Templates/testdem/maps/_Eocsilt9758.asc
ncols         21
nrows         20
xllcorner     100.000000
yllcorner     100.000000
cellsize      50.000000
NODATA_value  -9999.0
0.000000 0.000000 0.000000 0.000000 0.000000 0.000000 0.000000 0.000000 0.000000 0.000000 0.000000 0.000000 0.000000 0.000000 0.000000 0.000000 0.000000 0.000000 0.000000 0.000000 0.000000
0.000000 0.000000 0.350207 0.350207 0.350207 0.350207 0.350206 0.350207 0.350207 0.350207 0.350207 0.350206 0.350206 0.350206 0.350207 0.350207 0.350208 0.350208 0.350207 0.000000 0.000000
0.000000 0.000000 0.350008 0.350008 0.350008 0.350007 0.350009 0.350008 0.350008 0.350008 0.350009 0.350008 0.350009 0.350009 0.350008 0.350007 0.350006 0.350006 0.350007 0.000000 0.000000
0.000000 0.000000 0.350150 0.350147 0.350141 0.350137 0.350137 0.350131 0.350135 0.350136 0.350133 0.350136 0.350137 0.350137 0.350139 0.350142 0.350147 0.350149 0.350150 0.000000 0.000000
0.000000 0.000000 0.351497 0.351503 0.351493 0.351473 0.351463 0.351456 0.351460 0.351457 0.351456 0.351459 0.351464 0.351462 0.351476 0.351485 0.351489 0.351495 0.351498 0.000000 0.000000
0.000000 0.000000 0.355165 0.355159 0.355144 0.355119 0.355086 0.355059 0.355057 0.355052 0.355053 0.355054 0.355059 0.355055 0.355074 0.355097 0.355109 0.355117 0.355124 0.000000 0.000000
0.000000 0.000000 0.360325 0.360314 0.360297 0.360260 0.360218 0.360165 0.360167 0.360163 0.360158 0.360157 0.360155 0.360159 0.360203 0.360236 0.360257 0.360272 0.360279 0.000000 0.000000
0.000000 0.000000 0.366444 0.366431 0.366416 0.366373 0.366328 0.366279 0.366281 0.366274 0.366268 0.366265 0.366264 0.366271 0.366313 0.366351 0.366384 0.366390 0.366404 0.000000 0.000000
0.000000 0.000000 0.373189 0.373169 0.373145 0.373111 0.373059 0.372999 0.373004 0.372992 0.372984 0.372982 0.372986 0.372983 0.373042 0.373087 0.373113 0.373124 0.373137 0.000000 0.000000
0.000000 0.000000 0.380613 0.380588 0.380568 0.380532 0.380476 0.380414 0.380415 0.380406 0.380393 0.380399 0.380406 0.380403 0.380451 0.380508 0.380538 0.380550 0.380556 0.000000 0.000000
0.000000 0.000000 0.389027 0.389005 0.388987 0.388906 0.388880 0.388797 0.388814 0.388773 0.388776 0.388770 0.388757 0.388779 0.388833 0.388869 0.388911 0.388925 0.388962 0.000000 0.000000
0.000000 0.000000 0.398834 0.398790 0.398741 0.398702 0.398658 0.398553 0.398551 0.398546 0.398558 0.398522 0.398539 0.398534 0.398629 0.398684 0.398707 0.398720 0.398793 0.000000 0.000000
0.000000 0.000000 0.409857 0.409816 0.409804 0.409727 0.409674 0.409399 0.409394 0.409376 0.409279 0.409338 0.409344 0.409367 0.409573 0.409620 0.409721 0.409726 0.409744 0.000000 0.000000
0.000000 0.000000 0.423432 0.423412 0.423325 0.423271 0.422891 0.423023 0.422941 0.422940 0.422989 0.422938 0.422929 0.422888 0.422768 0.423187 0.423203 0.423300 0.423359 0.000000 0.000000
0.000000 0.000000 0.438686 0.438641 0.438566 0.438085 0.438284 0.437984 0.437917 0.437885 0.437776 0.437739 0.437794 0.437797 0.438062 0.437871 0.438498 0.438351 0.438329 0.000000 0.000000
0.000000 0.000000 0.452029 0.452003 0.451507 0.451759 0.451670 0.451688 0.451904 0.451845 0.451960 0.451940 0.451847 0.451964 0.451898 0.451982 0.451430 0.452186 0.452175 0.000000 0.000000
0.000000 0.000000 0.462860 0.462544 0.462594 0.462476 0.462304 0.462250 0.462166 0.462185 0.462086 0.462097 0.462151 0.462098 0.462183 0.462313 0.462564 0.462408 0.462737 0.000000 0.000000
0.000000 0.000000 0.468158 0.468062 0.468235 0.468135 0.468027 0.467882 0.467837 0.467819 0.467804 0.467800 0.467832 0.467809 0.467955 0.468036 0.468232 0.467996 0.468098 0.000000 0.000000
0.000000 0.000000 0.350000 0.350000 0.350000 0.350000 0.350000 0.350000 0.350000 0.350000 0.350000 0.350000 0.350000 0.350000 0.350000 0.350000 0.350000 0.350000 0.350000 0.000000 0.000000
0.000000 0.000000 0.000000 0.000000 0.000000 0.000000 0.000000 0.000000 0.000000 0.000000 0.000000 0.000000 0.000000 0.000000 0.000000 0.000000 0.000000 0.000000 0.000000 0.000000 0.000000