geotop/1.0zi/1.0Montebello/Templates/testdem/maps/_Eocclay6002.asc
ncols         21
nrows         20
xllcorner     100.000000
yllcorner     100.000000
cellsize      50.000000
NODATA_value  -9999.0
0.000000 0.000000 0.000000 0.000000 0.000000 0.000000 0.000000 0.000000 0.000000 0.000000 0.000000 0.000000 0.000000 0.000000 0.000000 0.000000 0.000000 0.000000 0.000000 0.000000 0.000000
0.000000 0.000000 0.349733 0.349733 0.349734 0.349734 0.349734 0.349734 0.349733 0.349734 0.349734 0.349734 0.349734 0.349733 0.349734 0.349734 0.349733 0.349733 0.349733 0.000000 0.000000
0.000000 0.000000 0.349989 0.349990 0.349990 0.349989 0.349989 0.349989 0.349989 0.349989 0.349989 0.349989 0.349989 0.349990 0.349989 0.349989 0.349989 0.349989 0.349989 0.000000 0.000000
0.000000 0.000000 0.349984 0.349986 0.349984 0.349985 0.349987 0.349987 0.349987 0.349985 0.349987 0.349986 0.349986 0.349985 0.349986 0.349989 0.349986 0.349987 0.349986 0.000000 0.000000
0.000000 0.000000 0.350508 0.350507 0.350506 0.350501 0.350490 0.350487 0.350488 0.350489 0.350488 0.350488 0.350483 0.350485 0.350489 0.350489 0.350494 0.350496 0.350502 0.000000 0.000000
0.000000 0.000000 0.352199 0.352200 0.352193 0.352173 0.352166 0.352150 0.352150 0.352145 0.352149 0.352149 0.352152 0.352152 0.352157 0.352170 0.352176 0.352188 0.352192 0.000000 0.000000
0.000000 0.000000 0.354672 0.354670 0.354666 0.354649 0.354628 0.354600 0.354600 0.354595 0.354597 0.354599 0.354600 0.354598 0.354619 0.354641 0.354652 0.354661 0.354668 0.000000 0.000000
0.000000 0.000000 0.357672 0.357671 0.357668 0.357647 0.357627 0.357597 0.357597 0.357594 0.357595 0.357594 0.357592 0.357597 0.357619 0.357638 0.357654 0.357659 0.357669 0.000000 0.000000
0.000000 0.000000 0.360732 0.360729 0.360721 0.360709 0.360688 0.360659 0.360661 0.360656 0.360653 0.360654 0.360654 0.360652 0.360679 0.360701 0.360714 0.360718 0.360727 0.000000 0.000000
0.000000 0.000000 0.363845 0.363840 0.363837 0.363828 0.363797 0.363771 0.363773 0.363769 0.363765 0.363769 0.363773 0.363770 0.363792 0.363817 0.363832 0.363834 0.363841 0.000000 0.000000
0.000000 0.000000 0.367092 0.367088 0.367086 0.367064 0.367044 0.367013 0.367020 0.367006 0.367006 0.367007 0.367004 0.367011 0.367029 0.367046 0.367062 0.367072 0.367085 0.000000 0.000000
0.000000 0.000000 0.370512 0.370505 0.370495 0.370480 0.370461 0.370426 0.370427 0.370419 0.370427 0.370418 0.370420 0.370422 0.370455 0.370470 0.370482 0.370487 0.370521 0.000000 0.000000
0.000000 0.000000 0.374046 0.374039 0.374036 0.374018 0.374001 0.373926 0.373926 0.373920 0.373904 0.373913 0.373919 0.373924 0.373979 0.373994 0.374020 0.374023 0.374047 0.000000 0.000000
0.000000 0.000000 0.377908 0.377903 0.377893 0.377881 0.377807 0.377790 0.377773 0.377772 0.377768 0.377770 0.377770 0.377768 0.377776 0.377850 0.377872 0.377891 0.377915 0.000000 0.000000
0.000000 0.000000 0.382188 0.382182 0.382165 0.382087 0.382065 0.382022 0.381993 0.381988 0.381974 0.381967 0.381976 0.381969 0.382003 0.382036 0.382146 0.382137 0.382151 0.000000 0.000000
0.000000 0.000000 0.386738 0.386733 0.386629 0.386615 0.386610 0.386583 0.386606 0.386594 0.386603 0.386592 0.386580 0.386601 0.386617 0.386626 0.386613 0.386745 0.386748 0.000000 0.000000
0.000000 0.000000 0.392003 0.391860 0.391817 0.391776 0.391708 0.391675 0.391662 0.391661 0.391629 0.391626 0.391640 0.391633 0.391671 0.391723 0.391805 0.391826 0.391972 0.000000 0.000000
0.000000 0.000000 0.395745 0.395763 0.395893 0.395861 0.395812 0.395681 0.395679 0.395649 0.395672 0.395664 0.395672 0.395676 0.395795 0.395831 0.395913 0.395779 0.395770 0.000000 0.000000
0.000000 0.000000 0.350000 0.350000 0.350000 0.350000 0.350000 0.350000 0.350000 0.350000 0.350000 0.350000 0.350000 0.350000 0.350000 0.350000 0.350000 0.350000 0.350000 0.000000 0.000000
0.000000 0.000000 0.000000 0.000000 0.000000 0.000000 0.000000 0.000000 0.000000 0.000000 0.000000 0.000000 0.000000 0.000000 0.000000 0.000000 0.000000 0.000000 0.000000 0.000000 0.000000