geotop/1.0zi/1.0Montebello/Templates/testdem/maps/_Eocclay9717.asc
ncols         21
nrows         20
xllcorner     100.000000
yllcorner     100.000000
cellsize      50.000000
NODATA_value  -9999.0
0.000000 0.000000 0.000000 0.000000 0.000000 0.000000 0.000000 0.000000 0.000000 0.000000 0.000000 0.000000 0.000000 0.000000 0.000000 0.000000 0.000000 0.000000 0.000000 0.000000 0.000000
0.000000 0.000000 0.349552 0.349555 0.349555 0.349554 0.349556 0.349556 0.349555 0.349555 0.349554 0.349555 0.349555 0.349555 0.349555 0.349555 0.349553 0.349554 0.349555 0.000000 0.000000
0.000000 0.000000 0.349981 0.349979 0.349979 0.349982 0.349979 0.349979 0.349979 0.349979 0.349979 0.349980 0.349980 0.349979 0.349980 0.349981 0.349981 0.349981 0.349979 0.000000 0.000000
0.000000 0.000000 0.350040 0.350045 0.350042 0.350038 0.350039 0.350039 0.350043 0.350040 0.350043 0.350041 0.350042 0.350040 0.350043 0.350046 0.350045 0.350046 0.350043 0.000000 0.000000
0.000000 0.000000 0.351486 0.351481 0.351474 0.351462 0.351444 0.351441 0.351438 0.351440 0.351438 0.351442 0.351442 0.351444 0.351454 0.351458 0.351469 0.351472 0.351482 0.000000 0.000000
0.000000 0.000000 0.355412 0.355407 0.355384 0.355348 0.355317 0.355286 0.355291 0.355284 0.355284 0.355283 0.355290 0.355288 0.355304 0.355336 0.355351 0.355364 0.355369 0.000000 0.000000
0.000000 0.000000 0.360625 0.360614 0.360600 0.360564 0.360524 0.360466 0.360467 0.360461 0.360457 0.360458 0.360459 0.360459 0.360507 0.360542 0.360561 0.360575 0.360583 0.000000 0.000000
0.000000 0.000000 0.366841 0.366827 0.366811 0.366766 0.366721 0.366668 0.366669 0.366662 0.366657 0.366654 0.366653 0.366662 0.366706 0.366742 0.366775 0.366784 0.366798 0.000000 0.000000
0.000000 0.000000 0.373644 0.373626 0.373602 0.373568 0.373516 0.373456 0.373462 0.373450 0.373442 0.373440 0.373443 0.373440 0.373499 0.373544 0.373570 0.373580 0.373592 0.000000 0.000000
0.000000 0.000000 0.381180 0.381153 0.381135 0.381097 0.381040 0.380977 0.380978 0.380969 0.380956 0.380961 0.380970 0.380967 0.381015 0.381073 0.381103 0.381115 0.381121 0.000000 0.000000
0.000000 0.000000 0.389785 0.389763 0.389744 0.389663 0.389635 0.389549 0.389567 0.389525 0.389528 0.389522 0.389509 0.389533 0.389586 0.389622 0.389666 0.389681 0.389718 0.000000 0.000000
0.000000 0.000000 0.399842 0.399798 0.399747 0.399708 0.399663 0.399555 0.399553 0.399547 0.399560 0.399522 0.399540 0.399535 0.399632 0.399688 0.399711 0.399725 0.399800 0.000000 0.000000
0.000000 0.000000 0.411214 0.411172 0.411160 0.411081 0.411025 0.410740 0.410735 0.410716 0.410615 0.410677 0.410683 0.410708 0.410921 0.410969 0.411074 0.411079 0.411098 0.000000 0.000000
0.000000 0.000000 0.425370 0.425350 0.425259 0.425202 0.424800 0.424941 0.424854 0.424854 0.424906 0.424852 0.424842 0.424801 0.424670 0.425113 0.425129 0.425232 0.425294 0.000000 0.000000
0.000000 0.000000 0.441628 0.441580 0.441498 0.440971 0.441195 0.440867 0.440792 0.440757 0.440637 0.440598 0.440659 0.440662 0.440952 0.440737 0.441424 0.441261 0.441236 0.000000 0.000000
0.000000 0.000000 0.456442 0.456413 0.455821 0.456143 0.456033 0.456065 0.456328 0.456259 0.456400 0.456378 0.456264 0.456405 0.456317 0.456418 0.455732 0.456643 0.456630 0.000000 0.000000
0.000000 0.000000 0.469718 0.469218 0.469387 0.469161 0.468904 0.468820 0.468652 0.468691 0.468518 0.468539 0.468639 0.468535 0.468673 0.468864 0.469348 0.468967 0.469489 0.000000 0.000000
0.000000 0.000000 0.474430 0.474617 0.474926 0.474863 0.474816 0.474527 0.474540 0.474468 0.474560 0.474538 0.474540 0.474561 0.474810 0.474848 0.474949 0.474649 0.474466 0.000000 0.000000
0.000000 0.000000 0.350000 0.350000 0.350000 0.350000 0.350000 0.350000 0.350000 0.350000 0.350000 0.350000 0.350000 0.350000 0.350000 0.350000 0.350000 0.350000 0.350000 0.000000 0.000000
0.000000 0.000000 0.000000 0.000000 0.000000 0.000000 0.000000 0.000000 0.000000 0.000000 0.000000 0.000000 0.000000 0.000000 0.000000 0.000000 0.000000 0.000000 0.000000 0.000000 0.000000