geotop/1.0zi/1.0Montebello/Templates/testdem/maps/_Eocsilt1028.asc
ncols         21
nrows         20
xllcorner     100.000000
yllcorner     100.000000
cellsize      50.000000
NODATA_value  -9999.0
0.000000 0.000000 0.000000 0.000000 0.000000 0.000000 0.000000 0.000000 0.000000 0.000000 0.000000 0.000000 0.000000 0.000000 0.000000 0.000000 0.000000 0.000000 0.000000 0.000000 0.000000
0.000000 0.000000 0.350019 0.350019 0.350019 0.350019 0.350019 0.350019 0.350019 0.350019 0.350019 0.350019 0.350019 0.350019 0.350019 0.350019 0.350019 0.350019 0.350019 0.000000 0.000000
0.000000 0.000000 0.350001 0.350001 0.350001 0.350001 0.350001 0.350001 0.350001 0.350001 0.350001 0.350001 0.350001 0.350001 0.350001 0.350001 0.350001 0.350001 0.350001 0.000000 0.000000
0.000000 0.000000 0.350460 0.350459 0.350457 0.350458 0.350460 0.350460 0.350460 0.350460 0.350460 0.350460 0.350460 0.350460 0.350460 0.350458 0.350457 0.350459 0.350460 0.000000 0.000000
0.000000 0.000000 0.351956 0.351955 0.351953 0.351953 0.351956 0.351956 0.351955 0.351956 0.351956 0.351956 0.351955 0.351956 0.351956 0.351953 0.351953 0.351955 0.351956 0.000000 0.000000
0.000000 0.000000 0.353733 0.353733 0.353731 0.353731 0.353733 0.353733 0.353733 0.353733 0.353733 0.353733 0.353733 0.353733 0.353733 0.353731 0.353731 0.353733 0.353733 0.000000 0.000000
0.000000 0.000000 0.355364 0.355363 0.355362 0.355362 0.355364 0.355364 0.355364 0.355364 0.355364 0.355364 0.355364 0.355364 0.355364 0.355362 0.355362 0.355363 0.355364 0.000000 0.000000
0.000000 0.000000 0.356862 0.356862 0.356860 0.356860 0.356862 0.356862 0.356862 0.356862 0.356862 0.356862 0.356862 0.356862 0.356862 0.356860 0.356860 0.356862 0.356862 0.000000 0.000000
0.000000 0.000000 0.358266 0.358266 0.358265 0.358265 0.358266 0.358266 0.358266 0.358267 0.358267 0.358267 0.358266 0.358266 0.358266 0.358265 0.358265 0.358266 0.358266 0.000000 0.000000
0.000000 0.000000 0.359614 0.359613 0.359612 0.359612 0.359614 0.359613 0.359613 0.359614 0.359614 0.359614 0.359613 0.359613 0.359614 0.359612 0.359612 0.359613 0.359614 0.000000 0.000000
0.000000 0.000000 0.360917 0.360916 0.360915 0.360915 0.360917 0.360917 0.360917 0.360917 0.360917 0.360917 0.360917 0.360917 0.360917 0.360915 0.360915 0.360916 0.360917 0.000000 0.000000
0.000000 0.000000 0.362190 0.362190 0.362188 0.362189 0.362190 0.362190 0.362190 0.362190 0.362190 0.362190 0.362190 0.362190 0.362190 0.362189 0.362188 0.362190 0.362190 0.000000 0.000000
0.000000 0.000000 0.363443 0.363443 0.363442 0.363442 0.363443 0.363443 0.363443 0.363443 0.363443 0.363443 0.363443 0.363443 0.363443 0.363442 0.363442 0.363443 0.363443 0.000000 0.000000
0.000000 0.000000 0.364676 0.364676 0.364674 0.364675 0.364676 0.364676 0.364676 0.364676 0.364676 0.364676 0.364676 0.364676 0.364676 0.364675 0.364674 0.364676 0.364676 0.000000 0.000000
0.000000 0.000000 0.365895 0.365895 0.365894 0.365894 0.365895 0.365895 0.365895 0.365895 0.365895 0.365895 0.365895 0.365895 0.365895 0.365894 0.365894 0.365895 0.365895 0.000000 0.000000
0.000000 0.000000 0.367106 0.367106 0.367104 0.367105 0.367106 0.367106 0.367106 0.367106 0.367106 0.367106 0.367106 0.367106 0.367106 0.367105 0.367104 0.367106 0.367106 0.000000 0.000000
0.000000 0.000000 0.368304 0.368303 0.368302 0.368302 0.368304 0.368304 0.368304 0.368304 0.368304 0.368304 0.368304 0.368304 0.368304 0.368302 0.368302 0.368303 0.368304 0.000000 0.000000
0.000000 0.000000 0.369527 0.369527 0.369526 0.369526 0.369527 0.369527 0.369527 0.369527 0.369527 0.369527 0.369527 0.369527 0.369527 0.369526 0.369526 0.369527 0.369527 0.000000 0.000000
0.000000 0.000000 0.350000 0.350000 0.350000 0.350000 0.350000 0.350000 0.350000 0.350000 0.350000 0.350000 0.350000 0.350000 0.350000 0.350000 0.350000 0.350000 0.350000 0.000000 0.000000
0.000000 0.000000 0.000000 0.000000 0.000000 0.000000 0.000000 0.000000 0.000000 0.000000 0.000000 0.000000 0.000000 0.000000 0.000000 0.000000 0.000000 0.000000 0.000000 0.000000 0.000000