geotop/1.0zi/1.0Montebello/Templates/testdem/maps/_Eocsand123.asc
ncols         21
nrows         20
xllcorner     100.000000
yllcorner     100.000000
cellsize      50.000000
NODATA_value  -9999.0
0.000000 0.000000 0.000000 0.000000 0.000000 0.000000 0.000000 0.000000 0.000000 0.000000 0.000000 0.000000 0.000000 0.000000 0.000000 0.000000 0.000000 0.000000 0.000000 0.000000 0.000000
0.000000 0.000000 0.300287 0.300284 0.300285 0.300286 0.300284 0.300284 0.300285 0.300284 0.300285 0.300285 0.300285 0.300285 0.300285 0.300284 0.300285 0.300285 0.300285 0.000000 0.000000
0.000000 0.000000 0.300011 0.300012 0.300013 0.300011 0.300013 0.300013 0.300012 0.300013 0.300012 0.300011 0.300011 0.300012 0.300012 0.300012 0.300013 0.300014 0.300013 0.000000 0.000000
0.000000 0.000000 0.299627 0.299616 0.299631 0.299639 0.299634 0.299645 0.299642 0.299641 0.299645 0.299643 0.299643 0.299638 0.299640 0.299632 0.299628 0.299624 0.299624 0.000000 0.000000
0.000000 0.000000 0.295646 0.295656 0.295672 0.295706 0.295742 0.295756 0.295760 0.295763 0.295771 0.295760 0.295754 0.295759 0.295734 0.295717 0.295697 0.295679 0.295665 0.000000 0.000000
0.000000 0.000000 0.285830 0.285841 0.285886 0.285962 0.286036 0.286102 0.286103 0.286115 0.286125 0.286122 0.286109 0.286117 0.286081 0.286013 0.285982 0.285950 0.285937 0.000000 0.000000
0.000000 0.000000 0.272511 0.272533 0.272575 0.272666 0.272758 0.272901 0.272908 0.272919 0.272937 0.272934 0.272937 0.272934 0.272827 0.272745 0.272695 0.272651 0.272638 0.000000 0.000000
0.000000 0.000000 0.256449 0.256477 0.256521 0.256643 0.256746 0.256883 0.256896 0.256909 0.256932 0.256934 0.256942 0.256924 0.256827 0.256733 0.256650 0.256624 0.256595 0.000000 0.000000
0.000000 0.000000 0.238146 0.238189 0.238261 0.238358 0.238480 0.238650 0.238655 0.238682 0.238711 0.238715 0.238711 0.238723 0.238576 0.238460 0.238393 0.238355 0.238330 0.000000 0.000000
0.000000 0.000000 0.216913 0.216983 0.217051 0.217155 0.217300 0.217480 0.217505 0.217520 0.217567 0.217552 0.217525 0.217538 0.217423 0.217266 0.217181 0.217138 0.217130 0.000000 0.000000
0.000000 0.000000 0.191386 0.191452 0.191511 0.191773 0.191829 0.192091 0.192051 0.192175 0.192169 0.192191 0.192241 0.192171 0.192032 0.191935 0.191808 0.191753 0.191646 0.000000 0.000000
0.000000 0.000000 0.160106 0.160256 0.160439 0.160532 0.160664 0.161008 0.161065 0.161037 0.161027 0.161129 0.161075 0.161114 0.160830 0.160645 0.160591 0.160535 0.160327 0.000000 0.000000
0.000000 0.000000 0.125407 0.125533 0.125548 0.125817 0.125975 0.126898 0.126960 0.127016 0.127395 0.127129 0.127142 0.127057 0.126410 0.126281 0.125929 0.125880 0.125931 0.000000 0.000000
0.000000 0.000000 0.088751 0.088768 0.089048 0.089148 0.090154 0.089566 0.089805 0.089794 0.089578 0.089792 0.089820 0.089964 0.090457 0.089323 0.089367 0.089102 0.088966 0.000000 0.000000
0.000000 0.000000 0.063463 0.063521 0.063629 0.064223 0.064002 0.064358 0.064443 0.064482 0.064625 0.064667 0.064601 0.064602 0.064289 0.064519 0.063752 0.063918 0.063951 0.000000 0.000000
0.000000 0.000000 0.048132 0.048176 0.048427 0.048598 0.048518 0.048680 0.048628 0.048671 0.048686 0.048716 0.048727 0.048677 0.048559 0.048640 0.048515 0.048288 0.048311 0.000000 0.000000
0.000000 0.000000 0.037437 0.037525 0.037704 0.037782 0.037783 0.037874 0.037831 0.037854 0.037864 0.037880 0.037889 0.037858 0.037797 0.037808 0.037773 0.037590 0.037542 0.000000 0.000000
0.000000 0.000000 0.030086 0.030128 0.030259 0.030278 0.030299 0.030367 0.030318 0.030340 0.030328 0.030340 0.030355 0.030326 0.030282 0.030275 0.030310 0.030148 0.030127 0.000000 0.000000
0.000000 0.000000 0.300000 0.300000 0.300000 0.300000 0.300000 0.300000 0.300000 0.300000 0.300000 0.300000 0.300000 0.300000 0.300000 0.300000 0.300000 0.300000 0.300000 0.000000 0.000000
0.000000 0.000000 0.000000 0.000000 0.000000 0.000000 0.000000 0.000000 0.000000 0.000000 0.000000 0.000000 0.000000 0.000000 0.000000 0.000000 0.000000 0.000000 0.000000 0.000000 0.000000