geotop/1.0zi/1.0Montebello/Templates/testdem/maps/_Eocsilt1120.asc
ncols         21
nrows         20
xllcorner     100.000000
yllcorner     100.000000
cellsize      50.000000
NODATA_value  -9999.0
0.000000 0.000000 0.000000 0.000000 0.000000 0.000000 0.000000 0.000000 0.000000 0.000000 0.000000 0.000000 0.000000 0.000000 0.000000 0.000000 0.000000 0.000000 0.000000 0.000000 0.000000
0.000000 0.000000 0.350019 0.350019 0.350019 0.350019 0.350019 0.350019 0.350019 0.350019 0.350019 0.350019 0.350019 0.350019 0.350019 0.350019 0.350019 0.350019 0.350019 0.000000 0.000000
0.000000 0.000000 0.350001 0.350001 0.350001 0.350001 0.350001 0.350001 0.350001 0.350001 0.350001 0.350001 0.350001 0.350001 0.350001 0.350001 0.350001 0.350001 0.350001 0.000000 0.000000
0.000000 0.000000 0.350462 0.350462 0.350459 0.350460 0.350462 0.350462 0.350462 0.350462 0.350462 0.350462 0.350462 0.350462 0.350462 0.350460 0.350459 0.350462 0.350462 0.000000 0.000000
0.000000 0.000000 0.352005 0.352005 0.352002 0.352002 0.352005 0.352005 0.352005 0.352006 0.352005 0.352006 0.352005 0.352005 0.352005 0.352002 0.352002 0.352005 0.352005 0.000000 0.000000
0.000000 0.000000 0.353898 0.353897 0.353895 0.353895 0.353898 0.353897 0.353897 0.353898 0.353898 0.353898 0.353897 0.353897 0.353898 0.353895 0.353895 0.353897 0.353898 0.000000 0.000000
0.000000 0.000000 0.355643 0.355643 0.355641 0.355641 0.355643 0.355643 0.355643 0.355643 0.355643 0.355643 0.355643 0.355643 0.355643 0.355641 0.355641 0.355643 0.355643 0.000000 0.000000
0.000000 0.000000 0.357249 0.357248 0.357247 0.357247 0.357249 0.357249 0.357249 0.357249 0.357249 0.357249 0.357249 0.357249 0.357249 0.357247 0.357247 0.357248 0.357249 0.000000 0.000000
0.000000 0.000000 0.358755 0.358755 0.358754 0.358754 0.358755 0.358755 0.358755 0.358756 0.358756 0.358756 0.358755 0.358755 0.358755 0.358754 0.358754 0.358755 0.358755 0.000000 0.000000
0.000000 0.000000 0.360200 0.360200 0.360199 0.360199 0.360201 0.360200 0.360200 0.360201 0.360201 0.360201 0.360200 0.360200 0.360201 0.360199 0.360199 0.360200 0.360200 0.000000 0.000000
0.000000 0.000000 0.361598 0.361598 0.361597 0.361597 0.361598 0.361598 0.361598 0.361598 0.361598 0.361598 0.361598 0.361598 0.361598 0.361597 0.361597 0.361598 0.361598 0.000000 0.000000
0.000000 0.000000 0.362964 0.362964 0.362962 0.362963 0.362964 0.362964 0.362964 0.362964 0.362964 0.362964 0.362964 0.362964 0.362964 0.362963 0.362962 0.362964 0.362964 0.000000 0.000000
0.000000 0.000000 0.364307 0.364307 0.364305 0.364306 0.364307 0.364307 0.364307 0.364307 0.364307 0.364307 0.364307 0.364307 0.364307 0.364306 0.364305 0.364307 0.364307 0.000000 0.000000
0.000000 0.000000 0.365627 0.365626 0.365625 0.365625 0.365627 0.365626 0.365626 0.365627 0.365627 0.365627 0.365626 0.365626 0.365627 0.365625 0.365625 0.365626 0.365627 0.000000 0.000000
0.000000 0.000000 0.366933 0.366932 0.366931 0.366931 0.366933 0.366932 0.366933 0.366933 0.366933 0.366933 0.366933 0.366932 0.366933 0.366931 0.366931 0.366932 0.366933 0.000000 0.000000
0.000000 0.000000 0.368230 0.368230 0.368229 0.368229 0.368230 0.368230 0.368230 0.368231 0.368231 0.368231 0.368230 0.368230 0.368230 0.368229 0.368229 0.368230 0.368230 0.000000 0.000000
0.000000 0.000000 0.369515 0.369514 0.369513 0.369513 0.369515 0.369514 0.369514 0.369515 0.369515 0.369515 0.369514 0.369514 0.369515 0.369513 0.369513 0.369514 0.369515 0.000000 0.000000
0.000000 0.000000 0.370822 0.370822 0.370820 0.370821 0.370822 0.370822 0.370822 0.370822 0.370822 0.370822 0.370822 0.370822 0.370822 0.370821 0.370820 0.370822 0.370822 0.000000 0.000000
0.000000 0.000000 0.350000 0.350000 0.350000 0.350000 0.350000 0.350000 0.350000 0.350000 0.350000 0.350000 0.350000 0.350000 0.350000 0.350000 0.350000 0.350000 0.350000 0.000000 0.000000
0.000000 0.000000 0.000000 0.000000 0.000000 0.000000 0.000000 0.000000 0.000000 0.000000 0.000000 0.000000 0.000000 0.000000 0.000000 0.000000 0.000000 0.000000 0.000000 0.000000 0.000000