geotop/1.0zi/1.0Montebello/Templates/testdem/maps/_Eocclay6510.asc
ncols         21
nrows         20
xllcorner     100.000000
yllcorner     100.000000
cellsize      50.000000
NODATA_value  -9999.0
0.000000 0.000000 0.000000 0.000000 0.000000 0.000000 0.000000 0.000000 0.000000 0.000000 0.000000 0.000000 0.000000 0.000000 0.000000 0.000000 0.000000 0.000000 0.000000 0.000000 0.000000
0.000000 0.000000 0.349710 0.349711 0.349711 0.349710 0.349711 0.349711 0.349711 0.349711 0.349710 0.349711 0.349711 0.349711 0.349711 0.349711 0.349709 0.349709 0.349710 0.000000 0.000000
0.000000 0.000000 0.349989 0.349988 0.349988 0.349989 0.349987 0.349988 0.349988 0.349988 0.349987 0.349987 0.349988 0.349987 0.349988 0.349988 0.349989 0.349989 0.349987 0.000000 0.000000
0.000000 0.000000 0.349983 0.349987 0.349984 0.349984 0.349986 0.349986 0.349987 0.349984 0.349989 0.349986 0.349986 0.349986 0.349986 0.349988 0.349986 0.349988 0.349987 0.000000 0.000000
0.000000 0.000000 0.350595 0.350594 0.350592 0.350588 0.350574 0.350572 0.350572 0.350575 0.350571 0.350570 0.350565 0.350568 0.350574 0.350573 0.350580 0.350582 0.350589 0.000000 0.000000
0.000000 0.000000 0.352436 0.352436 0.352429 0.352406 0.352399 0.352380 0.352380 0.352375 0.352378 0.352379 0.352383 0.352383 0.352387 0.352402 0.352413 0.352425 0.352430 0.000000 0.000000
0.000000 0.000000 0.355187 0.355186 0.355180 0.355161 0.355138 0.355108 0.355108 0.355103 0.355104 0.355105 0.355107 0.355106 0.355128 0.355152 0.355165 0.355174 0.355182 0.000000 0.000000
0.000000 0.000000 0.358493 0.358493 0.358488 0.358465 0.358442 0.358410 0.358410 0.358407 0.358406 0.358404 0.358404 0.358409 0.358433 0.358454 0.358474 0.358481 0.358492 0.000000 0.000000
0.000000 0.000000 0.361910 0.361907 0.361897 0.361883 0.361859 0.361828 0.361830 0.361823 0.361820 0.361819 0.361820 0.361819 0.361848 0.361872 0.361890 0.361895 0.361905 0.000000 0.000000
0.000000 0.000000 0.365412 0.365406 0.365402 0.365390 0.365355 0.365326 0.365328 0.365324 0.365319 0.365321 0.365328 0.365324 0.365348 0.365376 0.365396 0.365400 0.365407 0.000000 0.000000
0.000000 0.000000 0.369090 0.369087 0.369082 0.369057 0.369034 0.369001 0.369008 0.368992 0.368991 0.368991 0.368988 0.368998 0.369017 0.369035 0.369057 0.369068 0.369083 0.000000 0.000000
0.000000 0.000000 0.373002 0.372996 0.372984 0.372965 0.372942 0.372902 0.372903 0.372895 0.372903 0.372891 0.372894 0.372897 0.372933 0.372952 0.372968 0.372975 0.373013 0.000000 0.000000
0.000000 0.000000 0.377080 0.377072 0.377066 0.377045 0.377024 0.376938 0.376938 0.376931 0.376911 0.376920 0.376927 0.376934 0.376997 0.377015 0.377050 0.377053 0.377079 0.000000 0.000000
0.000000 0.000000 0.381587 0.381583 0.381568 0.381552 0.381462 0.381445 0.381425 0.381425 0.381419 0.381420 0.381420 0.381417 0.381425 0.381517 0.381545 0.381568 0.381595 0.000000 0.000000
0.000000 0.000000 0.386641 0.386636 0.386615 0.386516 0.386491 0.386440 0.386407 0.386401 0.386383 0.386370 0.386384 0.386378 0.386419 0.386454 0.386593 0.386581 0.386597 0.000000 0.000000
0.000000 0.000000 0.392070 0.392065 0.391930 0.391918 0.391910 0.391880 0.391913 0.391897 0.391911 0.391894 0.391880 0.391910 0.391926 0.391937 0.391912 0.392085 0.392087 0.000000 0.000000
0.000000 0.000000 0.398474 0.398285 0.398243 0.398186 0.398091 0.398052 0.398029 0.398031 0.397985 0.397981 0.398005 0.397991 0.398038 0.398110 0.398229 0.398237 0.398434 0.000000 0.000000
0.000000 0.000000 0.402758 0.402812 0.402989 0.402950 0.402898 0.402723 0.402723 0.402682 0.402719 0.402706 0.402716 0.402724 0.402882 0.402919 0.403017 0.402841 0.402799 0.000000 0.000000
0.000000 0.000000 0.350000 0.350000 0.350000 0.350000 0.350000 0.350000 0.350000 0.350000 0.350000 0.350000 0.350000 0.350000 0.350000 0.350000 0.350000 0.350000 0.350000 0.000000 0.000000
0.000000 0.000000 0.000000 0.000000 0.000000 0.000000 0.000000 0.000000 0.000000 0.000000 0.000000 0.000000 0.000000 0.000000 0.000000 0.000000 0.000000 0.000000 0.000000 0.000000 0.000000