geotop/1.0zi/1.0Montebello/Templates/testdem/maps/_Eocsand1991.asc
ncols         21
nrows         20
xllcorner     100.000000
yllcorner     100.000000
cellsize      50.000000
NODATA_value  -9999.0
0.000000 0.000000 0.000000 0.000000 0.000000 0.000000 0.000000 0.000000 0.000000 0.000000 0.000000 0.000000 0.000000 0.000000 0.000000 0.000000 0.000000 0.000000 0.000000 0.000000 0.000000
0.000000 0.000000 0.300059 0.300059 0.300059 0.300059 0.300059 0.300059 0.300059 0.300059 0.300059 0.300059 0.300059 0.300059 0.300059 0.300059 0.300059 0.300059 0.300059 0.000000 0.000000
0.000000 0.000000 0.300008 0.300008 0.300009 0.300008 0.300008 0.300008 0.300008 0.300008 0.300008 0.300008 0.300008 0.300008 0.300008 0.300008 0.300009 0.300008 0.300008 0.000000 0.000000
0.000000 0.000000 0.298650 0.298651 0.298655 0.298653 0.298650 0.298650 0.298650 0.298650 0.298650 0.298650 0.298650 0.298650 0.298650 0.298653 0.298655 0.298651 0.298650 0.000000 0.000000
0.000000 0.000000 0.293248 0.293250 0.293254 0.293254 0.293247 0.293249 0.293249 0.293246 0.293246 0.293246 0.293249 0.293249 0.293247 0.293254 0.293254 0.293250 0.293248 0.000000 0.000000
0.000000 0.000000 0.286649 0.286650 0.286653 0.286653 0.286648 0.286649 0.286649 0.286647 0.286647 0.286647 0.286649 0.286649 0.286648 0.286653 0.286653 0.286650 0.286649 0.000000 0.000000
0.000000 0.000000 0.280483 0.280483 0.280486 0.280486 0.280482 0.280483 0.280483 0.280481 0.280481 0.280481 0.280483 0.280483 0.280482 0.280486 0.280486 0.280483 0.280483 0.000000 0.000000
0.000000 0.000000 0.274816 0.274816 0.274819 0.274819 0.274815 0.274816 0.274816 0.274815 0.274814 0.274815 0.274816 0.274816 0.274815 0.274819 0.274819 0.274816 0.274816 0.000000 0.000000
0.000000 0.000000 0.269514 0.269514 0.269517 0.269516 0.269513 0.269514 0.269514 0.269513 0.269512 0.269513 0.269514 0.269514 0.269513 0.269516 0.269517 0.269514 0.269514 0.000000 0.000000
0.000000 0.000000 0.264449 0.264449 0.264452 0.264451 0.264448 0.264449 0.264449 0.264448 0.264447 0.264448 0.264449 0.264449 0.264448 0.264451 0.264452 0.264449 0.264449 0.000000 0.000000
0.000000 0.000000 0.259566 0.259566 0.259569 0.259568 0.259565 0.259566 0.259566 0.259565 0.259564 0.259565 0.259566 0.259566 0.259565 0.259568 0.259569 0.259566 0.259566 0.000000 0.000000
0.000000 0.000000 0.254820 0.254821 0.254823 0.254822 0.254820 0.254821 0.254820 0.254819 0.254819 0.254819 0.254820 0.254821 0.254820 0.254822 0.254823 0.254821 0.254820 0.000000 0.000000
0.000000 0.000000 0.250181 0.250181 0.250184 0.250183 0.250180 0.250181 0.250181 0.250180 0.250180 0.250180 0.250181 0.250181 0.250180 0.250183 0.250184 0.250181 0.250181 0.000000 0.000000
0.000000 0.000000 0.245636 0.245636 0.245639 0.245638 0.245635 0.245636 0.245636 0.245635 0.245635 0.245635 0.245636 0.245636 0.245635 0.245638 0.245639 0.245636 0.245636 0.000000 0.000000
0.000000 0.000000 0.241164 0.241164 0.241167 0.241166 0.241164 0.241164 0.241164 0.241163 0.241163 0.241163 0.241164 0.241164 0.241164 0.241166 0.241167 0.241164 0.241164 0.000000 0.000000
0.000000 0.000000 0.236753 0.236753 0.236755 0.236755 0.236752 0.236753 0.236753 0.236752 0.236751 0.236752 0.236753 0.236753 0.236752 0.236755 0.236755 0.236753 0.236753 0.000000 0.000000
0.000000 0.000000 0.232403 0.232404 0.232406 0.232406 0.232403 0.232404 0.232404 0.232403 0.232402 0.232403 0.232404 0.232404 0.232403 0.232406 0.232406 0.232404 0.232403 0.000000 0.000000
0.000000 0.000000 0.228047 0.228047 0.228050 0.228049 0.228046 0.228047 0.228047 0.228046 0.228046 0.228046 0.228047 0.228047 0.228046 0.228049 0.228050 0.228047 0.228047 0.000000 0.000000
0.000000 0.000000 0.300000 0.300000 0.300000 0.300000 0.300000 0.300000 0.300000 0.300000 0.300000 0.300000 0.300000 0.300000 0.300000 0.300000 0.300000 0.300000 0.300000 0.000000 0.000000
0.000000 0.000000 0.000000 0.000000 0.000000 0.000000 0.000000 0.000000 0.000000 0.000000 0.000000 0.000000 0.000000 0.000000 0.000000 0.000000 0.000000 0.000000 0.000000 0.000000 0.000000