geotop/1.0zi/1.0Montebello/Templates/testdem/maps/_Eocclay2263.asc
ncols         21
nrows         20
xllcorner     100.000000
yllcorner     100.000000
cellsize      50.000000
NODATA_value  -9999.0
0.000000 0.000000 0.000000 0.000000 0.000000 0.000000 0.000000 0.000000 0.000000 0.000000 0.000000 0.000000 0.000000 0.000000 0.000000 0.000000 0.000000 0.000000 0.000000 0.000000 0.000000
0.000000 0.000000 0.349876 0.349876 0.349876 0.349876 0.349876 0.349876 0.349876 0.349876 0.349876 0.349876 0.349876 0.349876 0.349876 0.349876 0.349876 0.349876 0.349876 0.000000 0.000000
0.000000 0.000000 0.349991 0.349991 0.349990 0.349991 0.349991 0.349991 0.349991 0.349991 0.349991 0.349991 0.349991 0.349991 0.349991 0.349991 0.349990 0.349991 0.349991 0.000000 0.000000
0.000000 0.000000 0.350692 0.350692 0.350690 0.350691 0.350692 0.350692 0.350692 0.350692 0.350692 0.350692 0.350692 0.350692 0.350692 0.350691 0.350690 0.350692 0.350692 0.000000 0.000000
0.000000 0.000000 0.353888 0.353887 0.353886 0.353886 0.353889 0.353888 0.353888 0.353890 0.353890 0.353890 0.353888 0.353888 0.353889 0.353886 0.353886 0.353887 0.353888 0.000000 0.000000
0.000000 0.000000 0.357631 0.357631 0.357629 0.357629 0.357632 0.357631 0.357631 0.357632 0.357632 0.357632 0.357631 0.357631 0.357632 0.357629 0.357629 0.357631 0.357631 0.000000 0.000000
0.000000 0.000000 0.361180 0.361179 0.361178 0.361178 0.361180 0.361180 0.361180 0.361180 0.361181 0.361180 0.361180 0.361180 0.361180 0.361178 0.361178 0.361179 0.361180 0.000000 0.000000
0.000000 0.000000 0.364442 0.364441 0.364440 0.364440 0.364442 0.364442 0.364442 0.364442 0.364443 0.364442 0.364442 0.364442 0.364442 0.364440 0.364440 0.364441 0.364442 0.000000 0.000000
0.000000 0.000000 0.367489 0.367489 0.367488 0.367488 0.367490 0.367489 0.367489 0.367490 0.367490 0.367490 0.367489 0.367489 0.367490 0.367488 0.367488 0.367489 0.367489 0.000000 0.000000
0.000000 0.000000 0.370395 0.370395 0.370394 0.370394 0.370395 0.370395 0.370395 0.370396 0.370396 0.370396 0.370395 0.370395 0.370395 0.370394 0.370394 0.370395 0.370395 0.000000 0.000000
0.000000 0.000000 0.373192 0.373192 0.373190 0.373191 0.373192 0.373192 0.373192 0.373192 0.373192 0.373192 0.373192 0.373192 0.373192 0.373191 0.373190 0.373192 0.373192 0.000000 0.000000
0.000000 0.000000 0.375903 0.375903 0.375902 0.375902 0.375904 0.375903 0.375903 0.375904 0.375904 0.375904 0.375903 0.375903 0.375904 0.375902 0.375902 0.375903 0.375903 0.000000 0.000000
0.000000 0.000000 0.378549 0.378549 0.378548 0.378548 0.378549 0.378549 0.378549 0.378550 0.378550 0.378550 0.378549 0.378549 0.378549 0.378548 0.378548 0.378549 0.378549 0.000000 0.000000
0.000000 0.000000 0.381136 0.381136 0.381135 0.381135 0.381137 0.381136 0.381136 0.381137 0.381137 0.381137 0.381136 0.381136 0.381137 0.381135 0.381135 0.381136 0.381136 0.000000 0.000000
0.000000 0.000000 0.383677 0.383677 0.383675 0.383676 0.383677 0.383677 0.383677 0.383677 0.383678 0.383677 0.383677 0.383677 0.383677 0.383676 0.383675 0.383677 0.383677 0.000000 0.000000
0.000000 0.000000 0.386174 0.386174 0.386173 0.386173 0.386174 0.386174 0.386174 0.386174 0.386175 0.386174 0.386174 0.386174 0.386174 0.386173 0.386173 0.386174 0.386174 0.000000 0.000000
0.000000 0.000000 0.388631 0.388630 0.388629 0.388630 0.388631 0.388630 0.388630 0.388631 0.388631 0.388631 0.388630 0.388630 0.388631 0.388630 0.388629 0.388630 0.388631 0.000000 0.000000
0.000000 0.000000 0.391084 0.391084 0.391083 0.391083 0.391084 0.391084 0.391084 0.391084 0.391085 0.391084 0.391084 0.391084 0.391084 0.391083 0.391083 0.391084 0.391084 0.000000 0.000000
0.000000 0.000000 0.350000 0.350000 0.350000 0.350000 0.350000 0.350000 0.350000 0.350000 0.350000 0.350000 0.350000 0.350000 0.350000 0.350000 0.350000 0.350000 0.350000 0.000000 0.000000
0.000000 0.000000 0.000000 0.000000 0.000000 0.000000 0.000000 0.000000 0.000000 0.000000 0.000000 0.000000 0.000000 0.000000 0.000000 0.000000 0.000000 0.000000 0.000000 0.000000 0.000000