geotop/1.0zi/1.0Montebello/Templates/testdem/maps/_Eocsilt0288.asc
ncols         21
nrows         20
xllcorner     100.000000
yllcorner     100.000000
cellsize      50.000000
NODATA_value  -9999.0
0.000000 0.000000 0.000000 0.000000 0.000000 0.000000 0.000000 0.000000 0.000000 0.000000 0.000000 0.000000 0.000000 0.000000 0.000000 0.000000 0.000000 0.000000 0.000000 0.000000 0.000000
0.000000 0.000000 0.350007 0.350007 0.350007 0.350007 0.350007 0.350007 0.350007 0.350007 0.350007 0.350007 0.350007 0.350007 0.350007 0.350007 0.350007 0.350007 0.350007 0.000000 0.000000
0.000000 0.000000 0.350001 0.350000 0.350001 0.350000 0.350001 0.350001 0.350001 0.350001 0.350001 0.350001 0.350001 0.350001 0.350001 0.350000 0.350001 0.350000 0.350001 0.000000 0.000000
0.000000 0.000000 0.350238 0.350238 0.350235 0.350238 0.350238 0.350238 0.350238 0.350238 0.350238 0.350238 0.350238 0.350238 0.350238 0.350238 0.350235 0.350238 0.350238 0.000000 0.000000
0.000000 0.000000 0.350856 0.350856 0.350854 0.350856 0.350856 0.350856 0.350856 0.350856 0.350856 0.350856 0.350856 0.350856 0.350856 0.350856 0.350854 0.350856 0.350856 0.000000 0.000000
0.000000 0.000000 0.351425 0.351425 0.351423 0.351425 0.351425 0.351425 0.351425 0.351425 0.351425 0.351425 0.351425 0.351425 0.351425 0.351425 0.351423 0.351425 0.351425 0.000000 0.000000
0.000000 0.000000 0.351930 0.351930 0.351929 0.351930 0.351930 0.351930 0.351930 0.351930 0.351930 0.351930 0.351930 0.351930 0.351930 0.351930 0.351929 0.351930 0.351930 0.000000 0.000000
0.000000 0.000000 0.352394 0.352394 0.352392 0.352394 0.352394 0.352394 0.352394 0.352394 0.352394 0.352394 0.352394 0.352394 0.352394 0.352394 0.352392 0.352394 0.352394 0.000000 0.000000
0.000000 0.000000 0.352828 0.352828 0.352827 0.352828 0.352828 0.352829 0.352829 0.352829 0.352828 0.352829 0.352829 0.352829 0.352828 0.352828 0.352827 0.352828 0.352828 0.000000 0.000000
0.000000 0.000000 0.353246 0.353246 0.353245 0.353246 0.353246 0.353246 0.353246 0.353246 0.353246 0.353246 0.353246 0.353246 0.353246 0.353246 0.353245 0.353246 0.353246 0.000000 0.000000
0.000000 0.000000 0.353651 0.353651 0.353649 0.353650 0.353651 0.353651 0.353651 0.353651 0.353651 0.353651 0.353651 0.353651 0.353651 0.353650 0.353649 0.353651 0.353651 0.000000 0.000000
0.000000 0.000000 0.354045 0.354045 0.354044 0.354045 0.354045 0.354045 0.354045 0.354045 0.354045 0.354045 0.354045 0.354045 0.354045 0.354045 0.354044 0.354045 0.354045 0.000000 0.000000
0.000000 0.000000 0.354432 0.354432 0.354430 0.354432 0.354432 0.354432 0.354432 0.354432 0.354432 0.354432 0.354432 0.354432 0.354432 0.354432 0.354430 0.354432 0.354432 0.000000 0.000000
0.000000 0.000000 0.354810 0.354810 0.354809 0.354810 0.354810 0.354810 0.354810 0.354810 0.354810 0.354810 0.354810 0.354810 0.354810 0.354810 0.354809 0.354810 0.354810 0.000000 0.000000
0.000000 0.000000 0.355184 0.355184 0.355182 0.355183 0.355184 0.355184 0.355184 0.355184 0.355184 0.355184 0.355184 0.355184 0.355184 0.355183 0.355182 0.355184 0.355184 0.000000 0.000000
0.000000 0.000000 0.355555 0.355554 0.355553 0.355554 0.355555 0.355555 0.355555 0.355555 0.355555 0.355555 0.355555 0.355555 0.355555 0.355554 0.355553 0.355554 0.355555 0.000000 0.000000
0.000000 0.000000 0.355920 0.355920 0.355918 0.355920 0.355920 0.355920 0.355920 0.355920 0.355920 0.355920 0.355920 0.355920 0.355920 0.355920 0.355918 0.355920 0.355920 0.000000 0.000000
0.000000 0.000000 0.356303 0.356303 0.356302 0.356303 0.356303 0.356303 0.356303 0.356303 0.356303 0.356303 0.356303 0.356303 0.356303 0.356303 0.356302 0.356303 0.356303 0.000000 0.000000
0.000000 0.000000 0.350000 0.350000 0.350000 0.350000 0.350000 0.350000 0.350000 0.350000 0.350000 0.350000 0.350000 0.350000 0.350000 0.350000 0.350000 0.350000 0.350000 0.000000 0.000000
0.000000 0.000000 0.000000 0.000000 0.000000 0.000000 0.000000 0.000000 0.000000 0.000000 0.000000 0.000000 0.000000 0.000000 0.000000 0.000000 0.000000 0.000000 0.000000 0.000000 0.000000