geotop/1.0zi/1.0Montebello/Templates/testdem/maps/_Eocsand8594.asc
ncols         21
nrows         20
xllcorner     100.000000
yllcorner     100.000000
cellsize      50.000000
NODATA_value  -9999.0
0.000000 0.000000 0.000000 0.000000 0.000000 0.000000 0.000000 0.000000 0.000000 0.000000 0.000000 0.000000 0.000000 0.000000 0.000000 0.000000 0.000000 0.000000 0.000000 0.000000 0.000000
0.000000 0.000000 0.300215 0.300213 0.300213 0.300213 0.300212 0.300212 0.300212 0.300212 0.300213 0.300212 0.300212 0.300212 0.300212 0.300212 0.300214 0.300213 0.300213 0.000000 0.000000
0.000000 0.000000 0.300011 0.300013 0.300012 0.300011 0.300012 0.300013 0.300012 0.300012 0.300012 0.300012 0.300012 0.300012 0.300012 0.300012 0.300013 0.300013 0.300014 0.000000 0.000000
0.000000 0.000000 0.299893 0.299892 0.299898 0.299906 0.299902 0.299910 0.299905 0.299907 0.299907 0.299907 0.299908 0.299909 0.299903 0.299898 0.299896 0.299892 0.299893 0.000000 0.000000
0.000000 0.000000 0.297864 0.297865 0.297878 0.297896 0.297922 0.297930 0.297934 0.297936 0.297937 0.297933 0.297932 0.297930 0.297909 0.297903 0.297889 0.297877 0.297866 0.000000 0.000000
0.000000 0.000000 0.291862 0.291868 0.291894 0.291944 0.291983 0.292029 0.292029 0.292043 0.292033 0.292033 0.292024 0.292028 0.292001 0.291968 0.291939 0.291919 0.291906 0.000000 0.000000
0.000000 0.000000 0.283441 0.283456 0.283475 0.283530 0.283601 0.283680 0.283679 0.283689 0.283687 0.283685 0.283687 0.283682 0.283613 0.283555 0.283520 0.283491 0.283476 0.000000 0.000000
0.000000 0.000000 0.273469 0.273479 0.273495 0.273559 0.273624 0.273711 0.273710 0.273723 0.273723 0.273727 0.273732 0.273715 0.273641 0.273586 0.273530 0.273515 0.273488 0.000000 0.000000
0.000000 0.000000 0.262730 0.262754 0.262784 0.262826 0.262900 0.262994 0.262987 0.263008 0.263012 0.263015 0.263012 0.263015 0.262923 0.262851 0.262807 0.262786 0.262763 0.000000 0.000000
0.000000 0.000000 0.251266 0.251292 0.251309 0.251350 0.251457 0.251541 0.251540 0.251551 0.251564 0.251554 0.251542 0.251547 0.251470 0.251384 0.251332 0.251314 0.251298 0.000000 0.000000
0.000000 0.000000 0.238681 0.238696 0.238715 0.238813 0.238883 0.238990 0.238962 0.239023 0.239010 0.239015 0.239034 0.238999 0.238922 0.238872 0.238802 0.238767 0.238719 0.000000 0.000000
0.000000 0.000000 0.224553 0.224599 0.224641 0.224695 0.224788 0.224911 0.224924 0.224934 0.224906 0.224951 0.224931 0.224930 0.224794 0.224723 0.224680 0.224651 0.224539 0.000000 0.000000
0.000000 0.000000 0.209103 0.209149 0.209154 0.209253 0.209325 0.209675 0.209682 0.209698 0.209797 0.209738 0.209723 0.209691 0.209420 0.209355 0.209220 0.209210 0.209156 0.000000 0.000000
0.000000 0.000000 0.190711 0.190724 0.190800 0.190864 0.191322 0.191263 0.191354 0.191353 0.191314 0.191350 0.191358 0.191393 0.191449 0.190968 0.190908 0.190782 0.190698 0.000000 0.000000
0.000000 0.000000 0.168846 0.168896 0.168990 0.169583 0.169496 0.169799 0.169925 0.169955 0.170061 0.170123 0.170056 0.170067 0.169770 0.169831 0.169048 0.169184 0.169178 0.000000 0.000000
0.000000 0.000000 0.145071 0.145114 0.145965 0.145679 0.145764 0.145816 0.145481 0.145582 0.145400 0.145451 0.145596 0.145387 0.145395 0.145335 0.146042 0.144786 0.144805 0.000000 0.000000
0.000000 0.000000 0.116342 0.117623 0.117273 0.117793 0.118433 0.118629 0.119013 0.118923 0.119322 0.119276 0.119044 0.119283 0.118943 0.118471 0.117319 0.118139 0.116808 0.000000 0.000000
0.000000 0.000000 0.107447 0.106271 0.105281 0.105269 0.105193 0.106165 0.105981 0.106271 0.105782 0.105877 0.105959 0.105793 0.104989 0.105046 0.105098 0.105839 0.107000 0.000000 0.000000
0.000000 0.000000 0.300000 0.300000 0.300000 0.300000 0.300000 0.300000 0.300000 0.300000 0.300000 0.300000 0.300000 0.300000 0.300000 0.300000 0.300000 0.300000 0.300000 0.000000 0.000000
0.000000 0.000000 0.000000 0.000000 0.000000 0.000000 0.000000 0.000000 0.000000 0.000000 0.000000 0.000000 0.000000 0.000000 0.000000 0.000000 0.000000 0.000000 0.000000 0.000000 0.000000