geotop/1.0zi/1.0Montebello/Templates/testdem/maps/_Eocsilt7932.asc
ncols         21
nrows         20
xllcorner     100.000000
yllcorner     100.000000
cellsize      50.000000
NODATA_value  -9999.0
0.000000 0.000000 0.000000 0.000000 0.000000 0.000000 0.000000 0.000000 0.000000 0.000000 0.000000 0.000000 0.000000 0.000000 0.000000 0.000000 0.000000 0.000000 0.000000 0.000000 0.000000
0.000000 0.000000 0.350165 0.350165 0.350166 0.350166 0.350165 0.350166 0.350166 0.350165 0.350166 0.350165 0.350165 0.350165 0.350165 0.350165 0.350166 0.350166 0.350165 0.000000 0.000000
0.000000 0.000000 0.350005 0.350005 0.350004 0.350004 0.350005 0.350005 0.350005 0.350005 0.350006 0.350006 0.350006 0.350006 0.350005 0.350005 0.350003 0.350003 0.350005 0.000000 0.000000
0.000000 0.000000 0.350103 0.350099 0.350098 0.350091 0.350093 0.350088 0.350091 0.350091 0.350088 0.350090 0.350090 0.350090 0.350092 0.350096 0.350099 0.350099 0.350100 0.000000 0.000000
0.000000 0.000000 0.351009 0.351014 0.351009 0.350998 0.350992 0.350985 0.350981 0.350979 0.350979 0.350979 0.350980 0.350982 0.350996 0.351000 0.351003 0.351013 0.351016 0.000000 0.000000
0.000000 0.000000 0.353618 0.353618 0.353608 0.353591 0.353572 0.353550 0.353550 0.353544 0.353547 0.353548 0.353549 0.353548 0.353560 0.353573 0.353585 0.353593 0.353599 0.000000 0.000000
0.000000 0.000000 0.357344 0.357339 0.357328 0.357301 0.357269 0.357236 0.357236 0.357232 0.357233 0.357231 0.357228 0.357233 0.357263 0.357290 0.357307 0.357322 0.357329 0.000000 0.000000
0.000000 0.000000 0.361757 0.361754 0.361748 0.361720 0.361690 0.361652 0.361652 0.361647 0.361646 0.361643 0.361641 0.361648 0.361681 0.361708 0.361734 0.361741 0.361753 0.000000 0.000000
0.000000 0.000000 0.366494 0.366484 0.366469 0.366450 0.366418 0.366375 0.366377 0.366367 0.366365 0.366363 0.366365 0.366363 0.366405 0.366439 0.366460 0.366471 0.366481 0.000000 0.000000
0.000000 0.000000 0.371457 0.371448 0.371439 0.371421 0.371375 0.371337 0.371337 0.371332 0.371326 0.371329 0.371334 0.371332 0.371367 0.371406 0.371429 0.371437 0.371445 0.000000 0.000000
0.000000 0.000000 0.376795 0.376788 0.376779 0.376739 0.376707 0.376663 0.376672 0.376648 0.376651 0.376650 0.376641 0.376657 0.376689 0.376713 0.376743 0.376759 0.376779 0.000000 0.000000
0.000000 0.000000 0.382685 0.382668 0.382649 0.382623 0.382588 0.382532 0.382529 0.382522 0.382534 0.382515 0.382521 0.382525 0.382582 0.382611 0.382631 0.382643 0.382693 0.000000 0.000000
0.000000 0.000000 0.389009 0.388992 0.388984 0.388948 0.388917 0.388776 0.388774 0.388765 0.388729 0.388747 0.388755 0.388768 0.388876 0.388905 0.388959 0.388965 0.388991 0.000000 0.000000
0.000000 0.000000 0.396349 0.396343 0.396313 0.396287 0.396116 0.396123 0.396087 0.396087 0.396095 0.396086 0.396081 0.396074 0.396063 0.396241 0.396273 0.396320 0.396355 0.000000 0.000000
0.000000 0.000000 0.404931 0.404914 0.404877 0.404662 0.404671 0.404564 0.404514 0.404502 0.404466 0.404439 0.404463 0.404458 0.404562 0.404567 0.404849 0.404810 0.404818 0.000000 0.000000
0.000000 0.000000 0.414331 0.414315 0.414008 0.414075 0.414053 0.414017 0.414126 0.414089 0.414145 0.414121 0.414073 0.414149 0.414162 0.414180 0.413979 0.414413 0.414407 0.000000 0.000000
0.000000 0.000000 0.425949 0.425467 0.425537 0.425362 0.425120 0.425049 0.424929 0.424956 0.424818 0.424828 0.424905 0.424833 0.424953 0.425131 0.425517 0.425299 0.425796 0.000000 0.000000
0.000000 0.000000 0.430806 0.431219 0.431638 0.431625 0.431625 0.431224 0.431279 0.431165 0.431341 0.431303 0.431281 0.431339 0.431680 0.431679 0.431712 0.431370 0.430967 0.000000 0.000000
0.000000 0.000000 0.350000 0.350000 0.350000 0.350000 0.350000 0.350000 0.350000 0.350000 0.350000 0.350000 0.350000 0.350000 0.350000 0.350000 0.350000 0.350000 0.350000 0.000000 0.000000
0.000000 0.000000 0.000000 0.000000 0.000000 0.000000 0.000000 0.000000 0.000000 0.000000 0.000000 0.000000 0.000000 0.000000 0.000000 0.000000 0.000000 0.000000 0.000000 0.000000 0.000000