geotop/1.0zi/1.0Montebello/Templates/testdem/maps/_Eocclay6816.asc
ncols         21
nrows         20
xllcorner     100.000000
yllcorner     100.000000
cellsize      50.000000
NODATA_value  -9999.0
0.000000 0.000000 0.000000 0.000000 0.000000 0.000000 0.000000 0.000000 0.000000 0.000000 0.000000 0.000000 0.000000 0.000000 0.000000 0.000000 0.000000 0.000000 0.000000 0.000000 0.000000
0.000000 0.000000 0.349697 0.349698 0.349698 0.349697 0.349699 0.349699 0.349698 0.349698 0.349697 0.349698 0.349698 0.349698 0.349699 0.349698 0.349697 0.349697 0.349698 0.000000 0.000000
0.000000 0.000000 0.349988 0.349988 0.349988 0.349989 0.349987 0.349987 0.349987 0.349987 0.349987 0.349987 0.349988 0.349986 0.349988 0.349988 0.349989 0.349989 0.349986 0.000000 0.000000
0.000000 0.000000 0.349979 0.349984 0.349981 0.349981 0.349983 0.349983 0.349984 0.349981 0.349986 0.349983 0.349983 0.349983 0.349982 0.349984 0.349982 0.349984 0.349983 0.000000 0.000000
0.000000 0.000000 0.350658 0.350656 0.350653 0.350651 0.350638 0.350636 0.350636 0.350638 0.350635 0.350636 0.350632 0.350635 0.350643 0.350643 0.350647 0.350649 0.350656 0.000000 0.000000
0.000000 0.000000 0.352702 0.352701 0.352692 0.352668 0.352659 0.352639 0.352640 0.352634 0.352638 0.352638 0.352640 0.352640 0.352647 0.352664 0.352675 0.352687 0.352693 0.000000 0.000000
0.000000 0.000000 0.355672 0.355669 0.355662 0.355643 0.355618 0.355587 0.355587 0.355582 0.355584 0.355585 0.355585 0.355585 0.355610 0.355635 0.355647 0.355657 0.355665 0.000000 0.000000
0.000000 0.000000 0.359231 0.359229 0.359223 0.359199 0.359175 0.359141 0.359142 0.359138 0.359138 0.359137 0.359135 0.359141 0.359168 0.359189 0.359209 0.359216 0.359228 0.000000 0.000000
0.000000 0.000000 0.362921 0.362916 0.362905 0.362891 0.362866 0.362833 0.362835 0.362828 0.362825 0.362825 0.362825 0.362824 0.362856 0.362884 0.362899 0.362905 0.362915 0.000000 0.000000
0.000000 0.000000 0.366726 0.366718 0.366713 0.366700 0.366664 0.366634 0.366635 0.366630 0.366626 0.366629 0.366634 0.366631 0.366658 0.366690 0.366707 0.366712 0.366720 0.000000 0.000000
0.000000 0.000000 0.370748 0.370743 0.370737 0.370709 0.370685 0.370650 0.370658 0.370639 0.370641 0.370642 0.370636 0.370647 0.370669 0.370689 0.370711 0.370722 0.370740 0.000000 0.000000
0.000000 0.000000 0.375056 0.375045 0.375033 0.375013 0.374988 0.374946 0.374946 0.374938 0.374948 0.374936 0.374938 0.374941 0.374982 0.375003 0.375018 0.375025 0.375066 0.000000 0.000000
0.000000 0.000000 0.379576 0.379565 0.379558 0.379535 0.379513 0.379418 0.379417 0.379409 0.379388 0.379399 0.379406 0.379414 0.379486 0.379508 0.379543 0.379546 0.379573 0.000000 0.000000
0.000000 0.000000 0.384626 0.384621 0.384603 0.384585 0.384483 0.384468 0.384446 0.384445 0.384444 0.384443 0.384442 0.384438 0.384443 0.384552 0.384578 0.384605 0.384634 0.000000 0.000000
0.000000 0.000000 0.390339 0.390331 0.390306 0.390189 0.390168 0.390111 0.390074 0.390067 0.390048 0.390034 0.390047 0.390040 0.390093 0.390126 0.390285 0.390269 0.390283 0.000000 0.000000
0.000000 0.000000 0.396519 0.396510 0.396347 0.396344 0.396337 0.396305 0.396350 0.396329 0.396352 0.396334 0.396314 0.396351 0.396368 0.396380 0.396329 0.396542 0.396544 0.000000 0.000000
0.000000 0.000000 0.403922 0.403683 0.403650 0.403579 0.403462 0.403419 0.403384 0.403388 0.403331 0.403331 0.403359 0.403338 0.403398 0.403488 0.403638 0.403621 0.403866 0.000000 0.000000
0.000000 0.000000 0.408566 0.408666 0.408893 0.408853 0.408806 0.408590 0.408595 0.408542 0.408601 0.408585 0.408590 0.408604 0.408798 0.408837 0.408932 0.408712 0.408624 0.000000 0.000000
0.000000 0.000000 0.350000 0.350000 0.350000 0.350000 0.350000 0.350000 0.350000 0.350000 0.350000 0.350000 0.350000 0.350000 0.350000 0.350000 0.350000 0.350000 0.350000 0.000000 0.000000
0.000000 0.000000 0.000000 0.000000 0.000000 0.000000 0.000000 0.000000 0.000000 0.000000 0.000000 0.000000 0.000000 0.000000 0.000000 0.000000 0.000000 0.000000 0.000000 0.000000 0.000000