geotop/1.0zi/1.0Montebello/Templates/testdem/maps/_Eocsand182C.asc
ncols         21
nrows         20
xllcorner     100.000000
yllcorner     100.000000
cellsize      50.000000
NODATA_value  -9999.0
0.000000 0.000000 0.000000 0.000000 0.000000 0.000000 0.000000 0.000000 0.000000 0.000000 0.000000 0.000000 0.000000 0.000000 0.000000 0.000000 0.000000 0.000000 0.000000 0.000000 0.000000
0.000000 0.000000 0.300308 0.300305 0.300305 0.300306 0.300305 0.300305 0.300305 0.300305 0.300306 0.300305 0.300305 0.300305 0.300305 0.300305 0.300306 0.300305 0.300306 0.000000 0.000000
0.000000 0.000000 0.300011 0.300012 0.300012 0.300010 0.300012 0.300012 0.300011 0.300012 0.300011 0.300011 0.300011 0.300011 0.300011 0.300011 0.300012 0.300013 0.300012 0.000000 0.000000
0.000000 0.000000 0.299622 0.299615 0.299630 0.299637 0.299632 0.299643 0.299639 0.299642 0.299643 0.299641 0.299641 0.299636 0.299639 0.299630 0.299626 0.299622 0.299622 0.000000 0.000000
0.000000 0.000000 0.295400 0.295415 0.295439 0.295480 0.295518 0.295535 0.295541 0.295545 0.295551 0.295537 0.295530 0.295537 0.295515 0.295495 0.295472 0.295452 0.295441 0.000000 0.000000
0.000000 0.000000 0.284847 0.284869 0.284921 0.285004 0.285077 0.285151 0.285155 0.285171 0.285175 0.285171 0.285159 0.285169 0.285133 0.285061 0.285027 0.284993 0.284986 0.000000 0.000000
0.000000 0.000000 0.270485 0.270520 0.270572 0.270672 0.270772 0.270929 0.270941 0.270959 0.270960 0.270960 0.270964 0.270963 0.270851 0.270763 0.270709 0.270663 0.270653 0.000000 0.000000
0.000000 0.000000 0.253003 0.253046 0.253101 0.253240 0.253350 0.253495 0.253514 0.253535 0.253547 0.253549 0.253557 0.253541 0.253444 0.253342 0.253252 0.253226 0.253199 0.000000 0.000000
0.000000 0.000000 0.232768 0.232832 0.232920 0.233032 0.233167 0.233358 0.233368 0.233413 0.233419 0.233433 0.233428 0.233445 0.233292 0.233162 0.233090 0.233041 0.233018 0.000000 0.000000
0.000000 0.000000 0.208814 0.208914 0.209013 0.209126 0.209292 0.209495 0.209533 0.209561 0.209587 0.209577 0.209547 0.209564 0.209446 0.209270 0.209175 0.209122 0.209120 0.000000 0.000000
0.000000 0.000000 0.179458 0.179560 0.179634 0.179957 0.180021 0.180323 0.180272 0.180439 0.180389 0.180426 0.180500 0.180423 0.180265 0.180166 0.180020 0.179954 0.179836 0.000000 0.000000
0.000000 0.000000 0.143237 0.143442 0.143675 0.143777 0.143939 0.144330 0.144406 0.144387 0.144331 0.144463 0.144403 0.144463 0.144143 0.143934 0.143880 0.143808 0.143584 0.000000 0.000000
0.000000 0.000000 0.105269 0.105423 0.105428 0.105725 0.105913 0.106872 0.106956 0.107045 0.107413 0.107130 0.107145 0.107068 0.106391 0.106258 0.105880 0.105817 0.105920 0.000000 0.000000
0.000000 0.000000 0.071608 0.071635 0.071861 0.071952 0.072757 0.072279 0.072478 0.072486 0.072287 0.072470 0.072496 0.072617 0.073018 0.072119 0.072148 0.071934 0.071838 0.000000 0.000000
0.000000 0.000000 0.051969 0.052006 0.052115 0.052441 0.052490 0.052570 0.052654 0.052667 0.052710 0.052758 0.052727 0.052749 0.052688 0.052621 0.052235 0.052278 0.052272 0.000000 0.000000
0.000000 0.000000 0.039493 0.039522 0.039665 0.039847 0.039826 0.039926 0.039937 0.039957 0.039985 0.040012 0.040002 0.039990 0.039915 0.039930 0.039732 0.039672 0.039671 0.000000 0.000000
0.000000 0.000000 0.030771 0.030824 0.030920 0.031058 0.031039 0.031129 0.031134 0.031148 0.031179 0.031194 0.031185 0.031175 0.031101 0.031122 0.030971 0.030932 0.030903 0.000000 0.000000
0.000000 0.000000 0.024709 0.024725 0.024812 0.024888 0.024869 0.024945 0.024927 0.024943 0.024951 0.024962 0.024965 0.024946 0.024887 0.024909 0.024847 0.024775 0.024779 0.000000 0.000000
0.000000 0.000000 0.300000 0.300000 0.300000 0.300000 0.300000 0.300000 0.300000 0.300000 0.300000 0.300000 0.300000 0.300000 0.300000 0.300000 0.300000 0.300000 0.300000 0.000000 0.000000
0.000000 0.000000 0.000000 0.000000 0.000000 0.000000 0.000000 0.000000 0.000000 0.000000 0.000000 0.000000 0.000000 0.000000 0.000000 0.000000 0.000000 0.000000 0.000000 0.000000 0.000000