geotop/1.0zi/1.0Montebello/Templates/testdem/maps/_Eocsand9750.asc
ncols         21
nrows         20
xllcorner     100.000000
yllcorner     100.000000
cellsize      50.000000
NODATA_value  -9999.0
0.000000 0.000000 0.000000 0.000000 0.000000 0.000000 0.000000 0.000000 0.000000 0.000000 0.000000 0.000000 0.000000 0.000000 0.000000 0.000000 0.000000 0.000000 0.000000 0.000000 0.000000
0.000000 0.000000 0.300241 0.300238 0.300239 0.300239 0.300238 0.300238 0.300238 0.300239 0.300239 0.300239 0.300239 0.300239 0.300239 0.300238 0.300240 0.300239 0.300239 0.000000 0.000000
0.000000 0.000000 0.300011 0.300013 0.300013 0.300011 0.300012 0.300013 0.300012 0.300012 0.300012 0.300012 0.300011 0.300012 0.300012 0.300012 0.300013 0.300013 0.300014 0.000000 0.000000
0.000000 0.000000 0.299810 0.299808 0.299817 0.299825 0.299824 0.299830 0.299822 0.299824 0.299824 0.299823 0.299821 0.299823 0.299818 0.299811 0.299808 0.299805 0.299806 0.000000 0.000000
0.000000 0.000000 0.297020 0.297020 0.297036 0.297069 0.297096 0.297106 0.297106 0.297107 0.297110 0.297103 0.297097 0.297098 0.297074 0.297060 0.297046 0.297036 0.297023 0.000000 0.000000
0.000000 0.000000 0.289410 0.289421 0.289459 0.289521 0.289584 0.289642 0.289639 0.289651 0.289651 0.289650 0.289638 0.289644 0.289609 0.289554 0.289526 0.289506 0.289493 0.000000 0.000000
0.000000 0.000000 0.279022 0.279044 0.279074 0.279148 0.279230 0.279340 0.279338 0.279349 0.279357 0.279357 0.279357 0.279353 0.279261 0.279194 0.279153 0.279125 0.279110 0.000000 0.000000
0.000000 0.000000 0.266666 0.266693 0.266724 0.266812 0.266903 0.267004 0.267002 0.267016 0.267027 0.267032 0.267035 0.267018 0.266933 0.266858 0.266792 0.266778 0.266749 0.000000 0.000000
0.000000 0.000000 0.253094 0.253131 0.253180 0.253248 0.253351 0.253472 0.253460 0.253485 0.253501 0.253505 0.253498 0.253505 0.253385 0.253295 0.253244 0.253222 0.253197 0.000000 0.000000
0.000000 0.000000 0.238103 0.238155 0.238193 0.238267 0.238380 0.238506 0.238503 0.238521 0.238548 0.238537 0.238521 0.238528 0.238431 0.238315 0.238254 0.238231 0.238219 0.000000 0.000000
0.000000 0.000000 0.221045 0.221088 0.221125 0.221289 0.221342 0.221512 0.221476 0.221560 0.221553 0.221566 0.221592 0.221546 0.221438 0.221366 0.221281 0.221250 0.221177 0.000000 0.000000
0.000000 0.000000 0.201128 0.201217 0.201317 0.201396 0.201485 0.201698 0.201702 0.201713 0.201689 0.201763 0.201727 0.201738 0.201545 0.201433 0.201387 0.201360 0.201212 0.000000 0.000000
0.000000 0.000000 0.178669 0.178753 0.178777 0.178934 0.179043 0.179605 0.179615 0.179652 0.179850 0.179730 0.179717 0.179669 0.179248 0.179153 0.178947 0.178937 0.178900 0.000000 0.000000
0.000000 0.000000 0.150856 0.150896 0.151075 0.151187 0.151971 0.151698 0.151867 0.151868 0.151766 0.151872 0.151891 0.151974 0.152225 0.151360 0.151328 0.151127 0.151006 0.000000 0.000000
0.000000 0.000000 0.119279 0.119373 0.119530 0.120541 0.120115 0.120746 0.120887 0.120955 0.121184 0.121261 0.121144 0.121139 0.120580 0.120990 0.119671 0.119982 0.120029 0.000000 0.000000
0.000000 0.000000 0.091133 0.091188 0.092276 0.091702 0.091902 0.091852 0.091373 0.091502 0.091245 0.091287 0.091495 0.091237 0.091390 0.091204 0.092441 0.090776 0.090800 0.000000 0.000000
0.000000 0.000000 0.067111 0.067922 0.067707 0.068048 0.068475 0.068611 0.068860 0.068804 0.069072 0.069040 0.068888 0.069044 0.068822 0.068503 0.067776 0.068304 0.067460 0.000000 0.000000
0.000000 0.000000 0.057085 0.057004 0.056527 0.056692 0.056848 0.057278 0.057311 0.057400 0.057326 0.057351 0.057317 0.057320 0.056927 0.056807 0.056508 0.057039 0.057112 0.000000 0.000000
0.000000 0.000000 0.300000 0.300000 0.300000 0.300000 0.300000 0.300000 0.300000 0.300000 0.300000 0.300000 0.300000 0.300000 0.300000 0.300000 0.300000 0.300000 0.300000 0.000000 0.000000
0.000000 0.000000 0.000000 0.000000 0.000000 0.000000 0.000000 0.000000 0.000000 0.000000 0.000000 0.000000 0.000000 0.000000 0.000000 0.000000 0.000000 0.000000 0.000000 0.000000 0.000000