geotop/1.0zi/1.0Montebello/Templates/testdem/maps/_Eocclay2756.asc
ncols         21
nrows         20
xllcorner     100.000000
yllcorner     100.000000
cellsize      50.000000
NODATA_value  -9999.0
0.000000 0.000000 0.000000 0.000000 0.000000 0.000000 0.000000 0.000000 0.000000 0.000000 0.000000 0.000000 0.000000 0.000000 0.000000 0.000000 0.000000 0.000000 0.000000 0.000000 0.000000
0.000000 0.000000 0.349851 0.349851 0.349851 0.349851 0.349851 0.349851 0.349851 0.349851 0.349851 0.349851 0.349851 0.349851 0.349851 0.349851 0.349851 0.349851 0.349851 0.000000 0.000000
0.000000 0.000000 0.349990 0.349990 0.349990 0.349990 0.349990 0.349990 0.349990 0.349990 0.349991 0.349990 0.349990 0.349990 0.349990 0.349990 0.349990 0.349990 0.349990 0.000000 0.000000
0.000000 0.000000 0.350857 0.350857 0.350854 0.350855 0.350857 0.350857 0.350856 0.350857 0.350857 0.350857 0.350856 0.350857 0.350857 0.350855 0.350854 0.350857 0.350857 0.000000 0.000000
0.000000 0.000000 0.354858 0.354857 0.354855 0.354855 0.354859 0.354858 0.354858 0.354859 0.354859 0.354859 0.354858 0.354858 0.354859 0.354855 0.354855 0.354857 0.354858 0.000000 0.000000
0.000000 0.000000 0.359472 0.359471 0.359470 0.359470 0.359472 0.359471 0.359471 0.359473 0.359473 0.359473 0.359471 0.359471 0.359472 0.359470 0.359470 0.359471 0.359472 0.000000 0.000000
0.000000 0.000000 0.363847 0.363847 0.363846 0.363846 0.363848 0.363847 0.363847 0.363848 0.363848 0.363848 0.363847 0.363847 0.363848 0.363846 0.363846 0.363847 0.363847 0.000000 0.000000
0.000000 0.000000 0.367857 0.367857 0.367855 0.367856 0.367857 0.367857 0.367857 0.367858 0.367858 0.367858 0.367857 0.367857 0.367857 0.367856 0.367855 0.367857 0.367857 0.000000 0.000000
0.000000 0.000000 0.371587 0.371587 0.371586 0.371586 0.371588 0.371587 0.371587 0.371588 0.371588 0.371588 0.371587 0.371587 0.371588 0.371586 0.371586 0.371587 0.371587 0.000000 0.000000
0.000000 0.000000 0.375123 0.375123 0.375122 0.375122 0.375124 0.375123 0.375123 0.375124 0.375124 0.375124 0.375123 0.375123 0.375124 0.375122 0.375122 0.375123 0.375123 0.000000 0.000000
0.000000 0.000000 0.378507 0.378507 0.378506 0.378506 0.378507 0.378507 0.378507 0.378508 0.378508 0.378508 0.378507 0.378507 0.378507 0.378506 0.378506 0.378507 0.378507 0.000000 0.000000
0.000000 0.000000 0.381772 0.381771 0.381770 0.381771 0.381772 0.381772 0.381772 0.381772 0.381772 0.381772 0.381772 0.381772 0.381772 0.381771 0.381770 0.381771 0.381772 0.000000 0.000000
0.000000 0.000000 0.384940 0.384940 0.384939 0.384939 0.384940 0.384940 0.384940 0.384941 0.384941 0.384941 0.384940 0.384940 0.384940 0.384939 0.384939 0.384940 0.384940 0.000000 0.000000
0.000000 0.000000 0.388029 0.388029 0.388028 0.388028 0.388029 0.388029 0.388029 0.388029 0.388030 0.388029 0.388029 0.388029 0.388029 0.388028 0.388028 0.388029 0.388029 0.000000 0.000000
0.000000 0.000000 0.391046 0.391046 0.391045 0.391045 0.391046 0.391046 0.391046 0.391047 0.391047 0.391047 0.391046 0.391046 0.391046 0.391045 0.391045 0.391046 0.391046 0.000000 0.000000
0.000000 0.000000 0.393999 0.393999 0.393998 0.393998 0.393999 0.393999 0.393999 0.393999 0.394000 0.393999 0.393999 0.393999 0.393999 0.393998 0.393998 0.393999 0.393999 0.000000 0.000000
0.000000 0.000000 0.396892 0.396891 0.396890 0.396891 0.396892 0.396891 0.396891 0.396892 0.396892 0.396892 0.396891 0.396891 0.396892 0.396891 0.396890 0.396891 0.396892 0.000000 0.000000
0.000000 0.000000 0.399766 0.399766 0.399765 0.399765 0.399767 0.399766 0.399766 0.399767 0.399767 0.399767 0.399766 0.399766 0.399767 0.399765 0.399765 0.399766 0.399766 0.000000 0.000000
0.000000 0.000000 0.350000 0.350000 0.350000 0.350000 0.350000 0.350000 0.350000 0.350000 0.350000 0.350000 0.350000 0.350000 0.350000 0.350000 0.350000 0.350000 0.350000 0.000000 0.000000
0.000000 0.000000 0.000000 0.000000 0.000000 0.000000 0.000000 0.000000 0.000000 0.000000 0.000000 0.000000 0.000000 0.000000 0.000000 0.000000 0.000000 0.000000 0.000000 0.000000 0.000000