geotop/1.0zi/1.0Montebello/Templates/testdem/maps/_Eocsand5349.asc
ncols         21
nrows         20
xllcorner     100.000000
yllcorner     100.000000
cellsize      50.000000
NODATA_value  -9999.0
0.000000 0.000000 0.000000 0.000000 0.000000 0.000000 0.000000 0.000000 0.000000 0.000000 0.000000 0.000000 0.000000 0.000000 0.000000 0.000000 0.000000 0.000000 0.000000 0.000000 0.000000
0.000000 0.000000 0.300130 0.300130 0.300129 0.300129 0.300129 0.300129 0.300129 0.300129 0.300129 0.300129 0.300129 0.300130 0.300129 0.300129 0.300129 0.300130 0.300130 0.000000 0.000000
0.000000 0.000000 0.300008 0.300007 0.300007 0.300007 0.300007 0.300007 0.300006 0.300007 0.300007 0.300007 0.300006 0.300006 0.300007 0.300007 0.300008 0.300009 0.300008 0.000000 0.000000
0.000000 0.000000 0.299974 0.299973 0.299975 0.299979 0.299976 0.299978 0.299976 0.299977 0.299976 0.299978 0.299978 0.299980 0.299976 0.299972 0.299973 0.299970 0.299972 0.000000 0.000000
0.000000 0.000000 0.299170 0.299166 0.299167 0.299175 0.299188 0.299196 0.299196 0.299195 0.299200 0.299196 0.299201 0.299201 0.299191 0.299191 0.299186 0.299175 0.299170 0.000000 0.000000
0.000000 0.000000 0.296409 0.296403 0.296411 0.296442 0.296455 0.296486 0.296489 0.296496 0.296488 0.296485 0.296480 0.296484 0.296476 0.296461 0.296447 0.296432 0.296425 0.000000 0.000000
0.000000 0.000000 0.292254 0.292257 0.292261 0.292293 0.292330 0.292376 0.292375 0.292380 0.292376 0.292373 0.292375 0.292374 0.292342 0.292308 0.292292 0.292275 0.292263 0.000000 0.000000
0.000000 0.000000 0.287218 0.287217 0.287217 0.287251 0.287288 0.287336 0.287335 0.287340 0.287339 0.287339 0.287342 0.287336 0.287301 0.287268 0.287240 0.287233 0.287216 0.000000 0.000000
0.000000 0.000000 0.282040 0.282047 0.282058 0.282077 0.282113 0.282166 0.282163 0.282172 0.282176 0.282173 0.282173 0.282178 0.282131 0.282095 0.282070 0.282062 0.282048 0.000000 0.000000
0.000000 0.000000 0.276856 0.276865 0.276867 0.276881 0.276932 0.276978 0.276974 0.276980 0.276987 0.276979 0.276973 0.276979 0.276943 0.276902 0.276876 0.276872 0.276863 0.000000 0.000000
0.000000 0.000000 0.271539 0.271544 0.271543 0.271580 0.271615 0.271665 0.271654 0.271679 0.271678 0.271674 0.271680 0.271668 0.271640 0.271614 0.271586 0.271570 0.271549 0.000000 0.000000
0.000000 0.000000 0.265997 0.266009 0.266021 0.266047 0.266076 0.266137 0.266133 0.266149 0.266132 0.266146 0.266144 0.266140 0.266088 0.266065 0.266045 0.266037 0.265980 0.000000 0.000000
0.000000 0.000000 0.260348 0.260359 0.260361 0.260390 0.260416 0.260535 0.260535 0.260546 0.260570 0.260555 0.260546 0.260537 0.260453 0.260432 0.260388 0.260385 0.260343 0.000000 0.000000
0.000000 0.000000 0.254274 0.254282 0.254294 0.254312 0.254422 0.254454 0.254481 0.254482 0.254493 0.254486 0.254485 0.254489 0.254476 0.254368 0.254329 0.254301 0.254259 0.000000 0.000000
0.000000 0.000000 0.247647 0.247653 0.247678 0.247789 0.247826 0.247892 0.247940 0.247946 0.247968 0.247978 0.247965 0.247976 0.247929 0.247874 0.247708 0.247720 0.247694 0.000000 0.000000
0.000000 0.000000 0.240686 0.240696 0.240834 0.240866 0.240876 0.240920 0.240898 0.240915 0.240905 0.240922 0.240936 0.240909 0.240884 0.240866 0.240864 0.240685 0.240679 0.000000 0.000000
0.000000 0.000000 0.232836 0.233023 0.233102 0.233159 0.233247 0.233295 0.233306 0.233311 0.233350 0.233358 0.233343 0.233347 0.233297 0.233230 0.233123 0.233060 0.232873 0.000000 0.000000
0.000000 0.000000 0.226902 0.226916 0.226757 0.226808 0.226876 0.227053 0.227060 0.227099 0.227080 0.227089 0.227076 0.227073 0.226910 0.226866 0.226733 0.226902 0.226875 0.000000 0.000000
0.000000 0.000000 0.300000 0.300000 0.300000 0.300000 0.300000 0.300000 0.300000 0.300000 0.300000 0.300000 0.300000 0.300000 0.300000 0.300000 0.300000 0.300000 0.300000 0.000000 0.000000
0.000000 0.000000 0.000000 0.000000 0.000000 0.000000 0.000000 0.000000 0.000000 0.000000 0.000000 0.000000 0.000000 0.000000 0.000000 0.000000 0.000000 0.000000 0.000000 0.000000 0.000000