geotop/1.0zi/1.0Montebello/Templates/testdem/maps/_Eocsand2485.asc
ncols         21
nrows         20
xllcorner     100.000000
yllcorner     100.000000
cellsize      50.000000
NODATA_value  -9999.0
0.000000 0.000000 0.000000 0.000000 0.000000 0.000000 0.000000 0.000000 0.000000 0.000000 0.000000 0.000000 0.000000 0.000000 0.000000 0.000000 0.000000 0.000000 0.000000 0.000000 0.000000
0.000000 0.000000 0.300074 0.300074 0.300074 0.300074 0.300074 0.300074 0.300074 0.300074 0.300076 0.300074 0.300074 0.300074 0.300074 0.300074 0.300074 0.300074 0.300074 0.000000 0.000000
0.000000 0.000000 0.300012 0.300013 0.300013 0.300012 0.300013 0.300012 0.300013 0.300013 0.300011 0.300013 0.300013 0.300012 0.300013 0.300012 0.300013 0.300013 0.300012 0.000000 0.000000
0.000000 0.000000 0.298375 0.298376 0.298380 0.298378 0.298375 0.298375 0.298375 0.298375 0.298375 0.298375 0.298375 0.298375 0.298375 0.298378 0.298380 0.298376 0.298375 0.000000 0.000000
0.000000 0.000000 0.291495 0.291496 0.291500 0.291500 0.291494 0.291496 0.291495 0.291493 0.291493 0.291493 0.291495 0.291496 0.291494 0.291500 0.291500 0.291496 0.291495 0.000000 0.000000
0.000000 0.000000 0.283141 0.283142 0.283145 0.283144 0.283139 0.283141 0.283141 0.283139 0.283139 0.283139 0.283141 0.283141 0.283139 0.283144 0.283145 0.283142 0.283141 0.000000 0.000000
0.000000 0.000000 0.275363 0.275364 0.275367 0.275366 0.275362 0.275364 0.275363 0.275362 0.275361 0.275362 0.275363 0.275364 0.275362 0.275366 0.275367 0.275364 0.275363 0.000000 0.000000
0.000000 0.000000 0.268244 0.268245 0.268247 0.268246 0.268243 0.268244 0.268244 0.268243 0.268242 0.268243 0.268244 0.268244 0.268243 0.268246 0.268247 0.268245 0.268244 0.000000 0.000000
0.000000 0.000000 0.261609 0.261610 0.261613 0.261612 0.261609 0.261610 0.261610 0.261608 0.261608 0.261608 0.261610 0.261610 0.261609 0.261612 0.261613 0.261610 0.261609 0.000000 0.000000
0.000000 0.000000 0.255307 0.255307 0.255310 0.255309 0.255306 0.255307 0.255307 0.255306 0.255305 0.255306 0.255307 0.255307 0.255306 0.255309 0.255310 0.255307 0.255307 0.000000 0.000000
0.000000 0.000000 0.249262 0.249262 0.249265 0.249264 0.249261 0.249262 0.249262 0.249261 0.249260 0.249261 0.249262 0.249262 0.249261 0.249264 0.249265 0.249262 0.249262 0.000000 0.000000
0.000000 0.000000 0.243419 0.243420 0.243422 0.243421 0.243419 0.243420 0.243419 0.243418 0.243418 0.243418 0.243419 0.243420 0.243419 0.243421 0.243422 0.243420 0.243419 0.000000 0.000000
0.000000 0.000000 0.237737 0.237738 0.237740 0.237739 0.237737 0.237738 0.237738 0.237736 0.237736 0.237736 0.237738 0.237738 0.237737 0.237739 0.237740 0.237738 0.237737 0.000000 0.000000
0.000000 0.000000 0.232188 0.232189 0.232191 0.232190 0.232188 0.232189 0.232188 0.232187 0.232187 0.232187 0.232188 0.232189 0.232188 0.232190 0.232191 0.232189 0.232188 0.000000 0.000000
0.000000 0.000000 0.226751 0.226752 0.226754 0.226753 0.226751 0.226751 0.226751 0.226750 0.226750 0.226750 0.226751 0.226751 0.226751 0.226753 0.226754 0.226752 0.226751 0.000000 0.000000
0.000000 0.000000 0.221417 0.221417 0.221419 0.221418 0.221416 0.221417 0.221417 0.221416 0.221415 0.221416 0.221417 0.221417 0.221416 0.221418 0.221419 0.221417 0.221417 0.000000 0.000000
0.000000 0.000000 0.216180 0.216180 0.216182 0.216182 0.216179 0.216180 0.216180 0.216179 0.216179 0.216179 0.216180 0.216180 0.216179 0.216182 0.216182 0.216180 0.216180 0.000000 0.000000
0.000000 0.000000 0.210956 0.210955 0.210958 0.210957 0.210954 0.210955 0.210955 0.210954 0.210954 0.210954 0.210955 0.210955 0.210954 0.210957 0.210958 0.210955 0.210955 0.000000 0.000000
0.000000 0.000000 0.300000 0.300000 0.300000 0.300000 0.300000 0.300000 0.300000 0.300000 0.300000 0.300000 0.300000 0.300000 0.300000 0.300000 0.300000 0.300000 0.300000 0.000000 0.000000
0.000000 0.000000 0.000000 0.000000 0.000000 0.000000 0.000000 0.000000 0.000000 0.000000 0.000000 0.000000 0.000000 0.000000 0.000000 0.000000 0.000000 0.000000 0.000000 0.000000 0.000000