geotop/1.0zi/1.0Montebello/Templates/testdem/maps/_Eocsand3454.asc
ncols         21
nrows         20
xllcorner     100.000000
yllcorner     100.000000
cellsize      50.000000
NODATA_value  -9999.0
0.000000 0.000000 0.000000 0.000000 0.000000 0.000000 0.000000 0.000000 0.000000 0.000000 0.000000 0.000000 0.000000 0.000000 0.000000 0.000000 0.000000 0.000000 0.000000 0.000000 0.000000
0.000000 0.000000 0.300092 0.300092 0.300092 0.300092 0.300092 0.300092 0.300092 0.300092 0.300093 0.300092 0.300092 0.300092 0.300092 0.300092 0.300092 0.300092 0.300092 0.000000 0.000000
0.000000 0.000000 0.300010 0.300011 0.300011 0.300010 0.300011 0.300010 0.300010 0.300011 0.300009 0.300011 0.300010 0.300010 0.300011 0.300010 0.300011 0.300011 0.300010 0.000000 0.000000
0.000000 0.000000 0.297325 0.297326 0.297331 0.297329 0.297326 0.297326 0.297326 0.297326 0.297325 0.297326 0.297326 0.297326 0.297326 0.297329 0.297331 0.297326 0.297325 0.000000 0.000000
0.000000 0.000000 0.287102 0.287103 0.287107 0.287107 0.287101 0.287103 0.287103 0.287101 0.287100 0.287101 0.287103 0.287103 0.287101 0.287107 0.287107 0.287103 0.287102 0.000000 0.000000
0.000000 0.000000 0.275213 0.275214 0.275218 0.275217 0.275212 0.275214 0.275214 0.275212 0.275211 0.275212 0.275214 0.275214 0.275212 0.275217 0.275218 0.275214 0.275213 0.000000 0.000000
0.000000 0.000000 0.264263 0.264264 0.264267 0.264267 0.264262 0.264264 0.264264 0.264263 0.264261 0.264263 0.264264 0.264264 0.264262 0.264267 0.264267 0.264264 0.264263 0.000000 0.000000
0.000000 0.000000 0.254338 0.254338 0.254341 0.254341 0.254337 0.254338 0.254338 0.254337 0.254336 0.254337 0.254338 0.254338 0.254337 0.254341 0.254341 0.254338 0.254338 0.000000 0.000000
0.000000 0.000000 0.245179 0.245180 0.245182 0.245181 0.245178 0.245180 0.245179 0.245178 0.245177 0.245178 0.245179 0.245180 0.245178 0.245181 0.245182 0.245180 0.245179 0.000000 0.000000
0.000000 0.000000 0.236572 0.236573 0.236576 0.236575 0.236572 0.236573 0.236573 0.236572 0.236571 0.236572 0.236573 0.236573 0.236572 0.236575 0.236576 0.236573 0.236572 0.000000 0.000000
0.000000 0.000000 0.228407 0.228408 0.228410 0.228410 0.228407 0.228408 0.228408 0.228407 0.228406 0.228407 0.228408 0.228408 0.228407 0.228410 0.228410 0.228408 0.228407 0.000000 0.000000
0.000000 0.000000 0.220605 0.220605 0.220608 0.220607 0.220604 0.220605 0.220605 0.220604 0.220603 0.220604 0.220605 0.220605 0.220604 0.220607 0.220608 0.220605 0.220605 0.000000 0.000000
0.000000 0.000000 0.213106 0.213106 0.213108 0.213107 0.213105 0.213106 0.213106 0.213105 0.213104 0.213105 0.213106 0.213106 0.213105 0.213107 0.213108 0.213106 0.213106 0.000000 0.000000
0.000000 0.000000 0.205852 0.205852 0.205854 0.205853 0.205851 0.205852 0.205852 0.205851 0.205850 0.205851 0.205852 0.205852 0.205851 0.205853 0.205854 0.205852 0.205852 0.000000 0.000000
0.000000 0.000000 0.198821 0.198822 0.198824 0.198823 0.198821 0.198822 0.198822 0.198821 0.198820 0.198821 0.198822 0.198822 0.198821 0.198823 0.198824 0.198822 0.198821 0.000000 0.000000
0.000000 0.000000 0.192004 0.192005 0.192007 0.192006 0.192004 0.192005 0.192005 0.192004 0.192003 0.192004 0.192005 0.192005 0.192004 0.192006 0.192007 0.192005 0.192004 0.000000 0.000000
0.000000 0.000000 0.185377 0.185377 0.185379 0.185378 0.185376 0.185377 0.185377 0.185376 0.185375 0.185376 0.185377 0.185377 0.185376 0.185378 0.185379 0.185377 0.185377 0.000000 0.000000
0.000000 0.000000 0.178826 0.178826 0.178828 0.178827 0.178825 0.178826 0.178826 0.178825 0.178824 0.178825 0.178826 0.178826 0.178825 0.178827 0.178828 0.178826 0.178826 0.000000 0.000000
0.000000 0.000000 0.300000 0.300000 0.300000 0.300000 0.300000 0.300000 0.300000 0.300000 0.300000 0.300000 0.300000 0.300000 0.300000 0.300000 0.300000 0.300000 0.300000 0.000000 0.000000
0.000000 0.000000 0.000000 0.000000 0.000000 0.000000 0.000000 0.000000 0.000000 0.000000 0.000000 0.000000 0.000000 0.000000 0.000000 0.000000 0.000000 0.000000 0.000000 0.000000 0.000000