geotop/1.0zi/1.0Montebello/Templates/testdem/maps/_Eocsilt6531.asc
ncols         21
nrows         20
xllcorner     100.000000
yllcorner     100.000000
cellsize      50.000000
NODATA_value  -9999.0
0.000000 0.000000 0.000000 0.000000 0.000000 0.000000 0.000000 0.000000 0.000000 0.000000 0.000000 0.000000 0.000000 0.000000 0.000000 0.000000 0.000000 0.000000 0.000000 0.000000 0.000000
0.000000 0.000000 0.350131 0.350131 0.350131 0.350132 0.350131 0.350131 0.350131 0.350131 0.350132 0.350131 0.350131 0.350131 0.350131 0.350131 0.350132 0.350132 0.350131 0.000000 0.000000
0.000000 0.000000 0.350003 0.350002 0.350002 0.350002 0.350003 0.350003 0.350003 0.350003 0.350003 0.350003 0.350003 0.350004 0.350003 0.350002 0.350001 0.350001 0.350002 0.000000 0.000000
0.000000 0.000000 0.350054 0.350051 0.350050 0.350044 0.350045 0.350043 0.350045 0.350046 0.350044 0.350044 0.350044 0.350044 0.350047 0.350050 0.350052 0.350053 0.350053 0.000000 0.000000
0.000000 0.000000 0.350626 0.350632 0.350630 0.350625 0.350621 0.350615 0.350614 0.350611 0.350610 0.350612 0.350614 0.350614 0.350620 0.350624 0.350624 0.350633 0.350637 0.000000 0.000000
0.000000 0.000000 0.352369 0.352372 0.352364 0.352349 0.352336 0.352318 0.352317 0.352312 0.352316 0.352318 0.352319 0.352317 0.352323 0.352331 0.352341 0.352346 0.352351 0.000000 0.000000
0.000000 0.000000 0.355019 0.355017 0.355009 0.354988 0.354963 0.354938 0.354939 0.354936 0.354937 0.354935 0.354933 0.354937 0.354956 0.354977 0.354991 0.355003 0.355010 0.000000 0.000000
0.000000 0.000000 0.358257 0.358258 0.358255 0.358234 0.358209 0.358181 0.358181 0.358178 0.358177 0.358175 0.358175 0.358178 0.358200 0.358223 0.358243 0.358247 0.358258 0.000000 0.000000
0.000000 0.000000 0.361672 0.361667 0.361656 0.361642 0.361618 0.361586 0.361587 0.361581 0.361577 0.361577 0.361578 0.361577 0.361606 0.361630 0.361649 0.361656 0.361666 0.000000 0.000000
0.000000 0.000000 0.365146 0.365141 0.365136 0.365125 0.365091 0.365062 0.365064 0.365060 0.365055 0.365057 0.365063 0.365059 0.365083 0.365111 0.365130 0.365134 0.365141 0.000000 0.000000
0.000000 0.000000 0.368755 0.368753 0.368749 0.368723 0.368700 0.368668 0.368675 0.368659 0.368659 0.368658 0.368655 0.368665 0.368683 0.368701 0.368723 0.368734 0.368749 0.000000 0.000000
0.000000 0.000000 0.372599 0.372592 0.372581 0.372562 0.372539 0.372500 0.372501 0.372493 0.372501 0.372490 0.372493 0.372496 0.372532 0.372550 0.372566 0.372573 0.372610 0.000000 0.000000
0.000000 0.000000 0.376594 0.376586 0.376581 0.376559 0.376539 0.376455 0.376455 0.376448 0.376429 0.376437 0.376444 0.376451 0.376512 0.376530 0.376564 0.376567 0.376592 0.000000 0.000000
0.000000 0.000000 0.381002 0.380998 0.380984 0.380968 0.380881 0.380864 0.380845 0.380845 0.380839 0.380839 0.380839 0.380836 0.380843 0.380933 0.380961 0.380983 0.381010 0.000000 0.000000
0.000000 0.000000 0.385940 0.385936 0.385915 0.385818 0.385794 0.385743 0.385712 0.385707 0.385689 0.385674 0.385689 0.385683 0.385722 0.385757 0.385893 0.385882 0.385897 0.000000 0.000000
0.000000 0.000000 0.391243 0.391237 0.391107 0.391094 0.391086 0.391057 0.391088 0.391072 0.391085 0.391070 0.391055 0.391084 0.391100 0.391111 0.391088 0.391256 0.391258 0.000000 0.000000
0.000000 0.000000 0.397476 0.397293 0.397252 0.397197 0.397105 0.397067 0.397045 0.397047 0.397001 0.396998 0.397021 0.397007 0.397053 0.397122 0.397238 0.397246 0.397437 0.000000 0.000000
0.000000 0.000000 0.401655 0.401706 0.401876 0.401837 0.401787 0.401618 0.401619 0.401579 0.401615 0.401601 0.401611 0.401619 0.401770 0.401807 0.401902 0.401734 0.401694 0.000000 0.000000
0.000000 0.000000 0.350000 0.350000 0.350000 0.350000 0.350000 0.350000 0.350000 0.350000 0.350000 0.350000 0.350000 0.350000 0.350000 0.350000 0.350000 0.350000 0.350000 0.000000 0.000000
0.000000 0.000000 0.000000 0.000000 0.000000 0.000000 0.000000 0.000000 0.000000 0.000000 0.000000 0.000000 0.000000 0.000000 0.000000 0.000000 0.000000 0.000000 0.000000 0.000000 0.000000