geotop/1.0zi/1.0Montebello/Templates/testdem/maps/_Eocsand7363.asc
ncols         21
nrows         20
xllcorner     100.000000
yllcorner     100.000000
cellsize      50.000000
NODATA_value  -9999.0
0.000000 0.000000 0.000000 0.000000 0.000000 0.000000 0.000000 0.000000 0.000000 0.000000 0.000000 0.000000 0.000000 0.000000 0.000000 0.000000 0.000000 0.000000 0.000000 0.000000 0.000000
0.000000 0.000000 0.300186 0.300184 0.300183 0.300184 0.300183 0.300183 0.300183 0.300183 0.300184 0.300183 0.300184 0.300184 0.300183 0.300183 0.300185 0.300185 0.300184 0.000000 0.000000
0.000000 0.000000 0.300010 0.300010 0.300010 0.300009 0.300010 0.300010 0.300010 0.300010 0.300010 0.300010 0.300009 0.300010 0.300010 0.300010 0.300011 0.300011 0.300012 0.000000 0.000000
0.000000 0.000000 0.299902 0.299901 0.299906 0.299913 0.299909 0.299917 0.299912 0.299914 0.299914 0.299914 0.299914 0.299915 0.299911 0.299906 0.299904 0.299901 0.299901 0.000000 0.000000
0.000000 0.000000 0.298186 0.298182 0.298191 0.298206 0.298226 0.298235 0.298242 0.298240 0.298244 0.298243 0.298246 0.298240 0.298218 0.298212 0.298202 0.298191 0.298182 0.000000 0.000000
0.000000 0.000000 0.293436 0.293436 0.293457 0.293498 0.293528 0.293572 0.293571 0.293583 0.293576 0.293576 0.293573 0.293573 0.293551 0.293522 0.293497 0.293475 0.293464 0.000000 0.000000
0.000000 0.000000 0.286709 0.286715 0.286734 0.286780 0.286838 0.286903 0.286904 0.286912 0.286911 0.286911 0.286915 0.286909 0.286852 0.286800 0.286769 0.286742 0.286728 0.000000 0.000000
0.000000 0.000000 0.278683 0.278686 0.278699 0.278752 0.278807 0.278879 0.278879 0.278887 0.278889 0.278894 0.278898 0.278885 0.278823 0.278773 0.278726 0.278711 0.278688 0.000000 0.000000
0.000000 0.000000 0.270213 0.270227 0.270253 0.270286 0.270344 0.270421 0.270417 0.270434 0.270439 0.270443 0.270441 0.270443 0.270367 0.270305 0.270268 0.270249 0.270230 0.000000 0.000000
0.000000 0.000000 0.261402 0.261419 0.261432 0.261463 0.261547 0.261615 0.261614 0.261623 0.261635 0.261629 0.261619 0.261624 0.261560 0.261490 0.261447 0.261433 0.261418 0.000000 0.000000
0.000000 0.000000 0.252005 0.252016 0.252031 0.252099 0.252157 0.252236 0.252219 0.252261 0.252257 0.252258 0.252274 0.252245 0.252189 0.252145 0.252092 0.252063 0.252026 0.000000 0.000000
0.000000 0.000000 0.241774 0.241801 0.241832 0.241877 0.241939 0.242037 0.242041 0.242055 0.242034 0.242067 0.242059 0.242051 0.241951 0.241901 0.241864 0.241843 0.241753 0.000000 0.000000
0.000000 0.000000 0.230914 0.230941 0.230954 0.231014 0.231068 0.231305 0.231308 0.231323 0.231383 0.231355 0.231340 0.231318 0.231136 0.231085 0.230995 0.230984 0.230932 0.000000 0.000000
0.000000 0.000000 0.218528 0.218539 0.218584 0.218628 0.218903 0.218913 0.218970 0.218971 0.218966 0.218977 0.218983 0.218992 0.218995 0.218709 0.218649 0.218573 0.218511 0.000000 0.000000
0.000000 0.000000 0.204248 0.204271 0.204332 0.204659 0.204679 0.204839 0.204927 0.204944 0.205000 0.205042 0.205007 0.205017 0.204862 0.204818 0.204379 0.204431 0.204409 0.000000 0.000000
0.000000 0.000000 0.188644 0.188669 0.189131 0.189077 0.189105 0.189180 0.189031 0.189088 0.189015 0.189059 0.189125 0.189012 0.188970 0.188944 0.189175 0.188541 0.188547 0.000000 0.000000
0.000000 0.000000 0.169461 0.170180 0.170162 0.170399 0.170761 0.170873 0.171018 0.170988 0.171181 0.171174 0.171074 0.171159 0.170979 0.170711 0.170193 0.170394 0.169655 0.000000 0.000000
0.000000 0.000000 0.159466 0.158963 0.158291 0.158353 0.158418 0.159050 0.158998 0.159164 0.158937 0.158992 0.159004 0.158934 0.158379 0.158335 0.158172 0.158767 0.159246 0.000000 0.000000
0.000000 0.000000 0.300000 0.300000 0.300000 0.300000 0.300000 0.300000 0.300000 0.300000 0.300000 0.300000 0.300000 0.300000 0.300000 0.300000 0.300000 0.300000 0.300000 0.000000 0.000000
0.000000 0.000000 0.000000 0.000000 0.000000 0.000000 0.000000 0.000000 0.000000 0.000000 0.000000 0.000000 0.000000 0.000000 0.000000 0.000000 0.000000 0.000000 0.000000 0.000000 0.000000