geotop/1.0zi/1.0Montebello/Templates/testdem/maps/_Eocclay1996.asc
ncols         21
nrows         20
xllcorner     100.000000
yllcorner     100.000000
cellsize      50.000000
NODATA_value  -9999.0
0.000000 0.000000 0.000000 0.000000 0.000000 0.000000 0.000000 0.000000 0.000000 0.000000 0.000000 0.000000 0.000000 0.000000 0.000000 0.000000 0.000000 0.000000 0.000000 0.000000 0.000000
0.000000 0.000000 0.349896 0.349896 0.349896 0.349896 0.349896 0.349896 0.349896 0.349896 0.349896 0.349896 0.349896 0.349896 0.349896 0.349896 0.349896 0.349896 0.349896 0.000000 0.000000
0.000000 0.000000 0.349993 0.349993 0.349993 0.349993 0.349993 0.349993 0.349993 0.349993 0.349993 0.349993 0.349993 0.349993 0.349993 0.349993 0.349993 0.349993 0.349993 0.000000 0.000000
0.000000 0.000000 0.350657 0.350657 0.350655 0.350656 0.350657 0.350657 0.350657 0.350658 0.350657 0.350658 0.350657 0.350657 0.350657 0.350656 0.350655 0.350657 0.350657 0.000000 0.000000
0.000000 0.000000 0.353478 0.353477 0.353475 0.353475 0.353479 0.353478 0.353478 0.353479 0.353479 0.353479 0.353478 0.353478 0.353479 0.353475 0.353475 0.353477 0.353478 0.000000 0.000000
0.000000 0.000000 0.356752 0.356751 0.356750 0.356750 0.356752 0.356752 0.356752 0.356753 0.356753 0.356753 0.356752 0.356752 0.356752 0.356750 0.356750 0.356751 0.356752 0.000000 0.000000
0.000000 0.000000 0.359861 0.359860 0.359859 0.359859 0.359861 0.359860 0.359860 0.359861 0.359861 0.359861 0.359860 0.359860 0.359861 0.359859 0.359859 0.359860 0.359861 0.000000 0.000000
0.000000 0.000000 0.362726 0.362726 0.362725 0.362725 0.362727 0.362726 0.362726 0.362727 0.362727 0.362727 0.362726 0.362726 0.362727 0.362725 0.362725 0.362726 0.362726 0.000000 0.000000
0.000000 0.000000 0.365410 0.365410 0.365408 0.365409 0.365410 0.365410 0.365410 0.365410 0.365411 0.365410 0.365410 0.365410 0.365410 0.365409 0.365408 0.365410 0.365410 0.000000 0.000000
0.000000 0.000000 0.367975 0.367975 0.367973 0.367974 0.367975 0.367975 0.367975 0.367975 0.367976 0.367975 0.367975 0.367975 0.367975 0.367974 0.367973 0.367975 0.367975 0.000000 0.000000
0.000000 0.000000 0.370449 0.370449 0.370447 0.370448 0.370449 0.370449 0.370449 0.370449 0.370449 0.370449 0.370449 0.370449 0.370449 0.370448 0.370447 0.370449 0.370449 0.000000 0.000000
0.000000 0.000000 0.372854 0.372854 0.372852 0.372853 0.372854 0.372854 0.372854 0.372854 0.372855 0.372854 0.372854 0.372854 0.372854 0.372853 0.372852 0.372854 0.372854 0.000000 0.000000
0.000000 0.000000 0.375206 0.375206 0.375205 0.375205 0.375206 0.375206 0.375206 0.375207 0.375207 0.375207 0.375206 0.375206 0.375206 0.375205 0.375205 0.375206 0.375206 0.000000 0.000000
0.000000 0.000000 0.377511 0.377511 0.377510 0.377510 0.377512 0.377511 0.377511 0.377512 0.377512 0.377512 0.377511 0.377511 0.377512 0.377510 0.377510 0.377511 0.377511 0.000000 0.000000
0.000000 0.000000 0.379780 0.379780 0.379779 0.379779 0.379781 0.379780 0.379780 0.379781 0.379781 0.379781 0.379780 0.379780 0.379781 0.379779 0.379779 0.379780 0.379780 0.000000 0.000000
0.000000 0.000000 0.382019 0.382019 0.382018 0.382018 0.382020 0.382019 0.382019 0.382020 0.382020 0.382020 0.382019 0.382019 0.382020 0.382018 0.382018 0.382019 0.382019 0.000000 0.000000
0.000000 0.000000 0.384228 0.384227 0.384226 0.384227 0.384228 0.384228 0.384228 0.384228 0.384228 0.384228 0.384228 0.384228 0.384228 0.384227 0.384226 0.384227 0.384228 0.000000 0.000000
0.000000 0.000000 0.386440 0.386440 0.386439 0.386439 0.386441 0.386440 0.386440 0.386441 0.386441 0.386441 0.386440 0.386440 0.386441 0.386439 0.386439 0.386440 0.386440 0.000000 0.000000
0.000000 0.000000 0.350000 0.350000 0.350000 0.350000 0.350000 0.350000 0.350000 0.350000 0.350000 0.350000 0.350000 0.350000 0.350000 0.350000 0.350000 0.350000 0.350000 0.000000 0.000000
0.000000 0.000000 0.000000 0.000000 0.000000 0.000000 0.000000 0.000000 0.000000 0.000000 0.000000 0.000000 0.000000 0.000000 0.000000 0.000000 0.000000 0.000000 0.000000 0.000000 0.000000