geotop/1.0zi/1.0Montebello/Templates/testdem/maps/_Eocsilt6407.asc
ncols         21
nrows         20
xllcorner     100.000000
yllcorner     100.000000
cellsize      50.000000
NODATA_value  -9999.0
0.000000 0.000000 0.000000 0.000000 0.000000 0.000000 0.000000 0.000000 0.000000 0.000000 0.000000 0.000000 0.000000 0.000000 0.000000 0.000000 0.000000 0.000000 0.000000 0.000000 0.000000
0.000000 0.000000 0.350128 0.350129 0.350129 0.350129 0.350128 0.350129 0.350128 0.350128 0.350129 0.350128 0.350128 0.350128 0.350128 0.350129 0.350129 0.350129 0.350128 0.000000 0.000000
0.000000 0.000000 0.350002 0.350002 0.350002 0.350002 0.350003 0.350003 0.350003 0.350003 0.350003 0.350003 0.350003 0.350003 0.350003 0.350002 0.350001 0.350001 0.350002 0.000000 0.000000
0.000000 0.000000 0.350053 0.350051 0.350050 0.350044 0.350045 0.350043 0.350045 0.350046 0.350044 0.350044 0.350044 0.350044 0.350047 0.350050 0.350051 0.350052 0.350053 0.000000 0.000000
0.000000 0.000000 0.350628 0.350634 0.350631 0.350625 0.350621 0.350616 0.350614 0.350612 0.350610 0.350612 0.350614 0.350615 0.350620 0.350624 0.350625 0.350634 0.350637 0.000000 0.000000
0.000000 0.000000 0.352355 0.352359 0.352352 0.352337 0.352324 0.352306 0.352305 0.352300 0.352305 0.352307 0.352308 0.352305 0.352312 0.352320 0.352330 0.352334 0.352340 0.000000 0.000000
0.000000 0.000000 0.354957 0.354955 0.354948 0.354927 0.354903 0.354878 0.354879 0.354876 0.354877 0.354877 0.354874 0.354878 0.354899 0.354920 0.354931 0.354942 0.354949 0.000000 0.000000
0.000000 0.000000 0.358131 0.358131 0.358129 0.358108 0.358085 0.358057 0.358057 0.358054 0.358053 0.358052 0.358051 0.358055 0.358078 0.358100 0.358119 0.358122 0.358133 0.000000 0.000000
0.000000 0.000000 0.361473 0.361468 0.361458 0.361444 0.361421 0.361389 0.361390 0.361383 0.361381 0.361382 0.361382 0.361381 0.361412 0.361435 0.361452 0.361458 0.361468 0.000000 0.000000
0.000000 0.000000 0.364866 0.364861 0.364856 0.364845 0.364813 0.364784 0.364786 0.364782 0.364778 0.364781 0.364785 0.364782 0.364807 0.364835 0.364851 0.364855 0.364862 0.000000 0.000000
0.000000 0.000000 0.368383 0.368380 0.368376 0.368351 0.368329 0.368298 0.368305 0.368289 0.368289 0.368291 0.368286 0.368296 0.368316 0.368334 0.368352 0.368362 0.368377 0.000000 0.000000
0.000000 0.000000 0.372120 0.372114 0.372102 0.372084 0.372063 0.372024 0.372025 0.372017 0.372026 0.372016 0.372018 0.372021 0.372058 0.372076 0.372089 0.372095 0.372132 0.000000 0.000000
0.000000 0.000000 0.375996 0.375988 0.375982 0.375962 0.375943 0.375862 0.375861 0.375854 0.375836 0.375846 0.375851 0.375858 0.375919 0.375937 0.375967 0.375970 0.375995 0.000000 0.000000
0.000000 0.000000 0.380260 0.380256 0.380242 0.380228 0.380145 0.380128 0.380109 0.380108 0.380103 0.380106 0.380104 0.380101 0.380111 0.380197 0.380221 0.380242 0.380269 0.000000 0.000000
0.000000 0.000000 0.385023 0.385019 0.384999 0.384907 0.384884 0.384834 0.384805 0.384799 0.384783 0.384771 0.384783 0.384778 0.384818 0.384852 0.384979 0.384968 0.384983 0.000000 0.000000
0.000000 0.000000 0.390125 0.390120 0.389996 0.389983 0.389977 0.389948 0.389976 0.389961 0.389975 0.389962 0.389946 0.389974 0.389993 0.390003 0.389980 0.390138 0.390141 0.000000 0.000000
0.000000 0.000000 0.396099 0.395927 0.395886 0.395834 0.395749 0.395712 0.395692 0.395693 0.395652 0.395651 0.395669 0.395658 0.395704 0.395769 0.395874 0.395884 0.396064 0.000000 0.000000
0.000000 0.000000 0.400153 0.400196 0.400356 0.400320 0.400271 0.400111 0.400110 0.400073 0.400106 0.400096 0.400103 0.400111 0.400258 0.400294 0.400383 0.400223 0.400190 0.000000 0.000000
0.000000 0.000000 0.350000 0.350000 0.350000 0.350000 0.350000 0.350000 0.350000 0.350000 0.350000 0.350000 0.350000 0.350000 0.350000 0.350000 0.350000 0.350000 0.350000 0.000000 0.000000
0.000000 0.000000 0.000000 0.000000 0.000000 0.000000 0.000000 0.000000 0.000000 0.000000 0.000000 0.000000 0.000000 0.000000 0.000000 0.000000 0.000000 0.000000 0.000000 0.000000 0.000000