geotop/1.0zi/1.0Montebello/Templates/testdem/maps/_Eocclay2483.asc
ncols         21
nrows         20
xllcorner     100.000000
yllcorner     100.000000
cellsize      50.000000
NODATA_value  -9999.0
0.000000 0.000000 0.000000 0.000000 0.000000 0.000000 0.000000 0.000000 0.000000 0.000000 0.000000 0.000000 0.000000 0.000000 0.000000 0.000000 0.000000 0.000000 0.000000 0.000000 0.000000
0.000000 0.000000 0.349866 0.349866 0.349867 0.349866 0.349867 0.349866 0.349866 0.349867 0.349866 0.349867 0.349866 0.349866 0.349867 0.349866 0.349867 0.349866 0.349866 0.000000 0.000000
0.000000 0.000000 0.349990 0.349990 0.349989 0.349990 0.349990 0.349990 0.349990 0.349990 0.349990 0.349990 0.349990 0.349990 0.349990 0.349990 0.349989 0.349990 0.349990 0.000000 0.000000
0.000000 0.000000 0.350782 0.350782 0.350780 0.350781 0.350782 0.350782 0.350782 0.350782 0.350782 0.350782 0.350782 0.350782 0.350782 0.350781 0.350780 0.350782 0.350782 0.000000 0.000000
0.000000 0.000000 0.354390 0.354389 0.354388 0.354388 0.354391 0.354390 0.354390 0.354392 0.354392 0.354392 0.354390 0.354390 0.354391 0.354388 0.354388 0.354389 0.354390 0.000000 0.000000
0.000000 0.000000 0.358522 0.358521 0.358520 0.358520 0.358522 0.358521 0.358521 0.358522 0.358523 0.358522 0.358521 0.358521 0.358522 0.358520 0.358520 0.358521 0.358522 0.000000 0.000000
0.000000 0.000000 0.362437 0.362437 0.362435 0.362436 0.362438 0.362437 0.362437 0.362438 0.362438 0.362438 0.362437 0.362437 0.362438 0.362436 0.362435 0.362437 0.362437 0.000000 0.000000
0.000000 0.000000 0.366032 0.366032 0.366031 0.366031 0.366033 0.366032 0.366032 0.366033 0.366033 0.366033 0.366032 0.366032 0.366033 0.366031 0.366031 0.366032 0.366032 0.000000 0.000000
0.000000 0.000000 0.369385 0.369385 0.369384 0.369384 0.369386 0.369385 0.369385 0.369386 0.369386 0.369386 0.369385 0.369385 0.369386 0.369384 0.369384 0.369385 0.369385 0.000000 0.000000
0.000000 0.000000 0.372572 0.372572 0.372570 0.372571 0.372572 0.372572 0.372572 0.372573 0.372573 0.372573 0.372572 0.372572 0.372572 0.372571 0.372570 0.372572 0.372572 0.000000 0.000000
0.000000 0.000000 0.375630 0.375630 0.375628 0.375629 0.375630 0.375630 0.375630 0.375630 0.375631 0.375630 0.375630 0.375630 0.375630 0.375629 0.375628 0.375630 0.375630 0.000000 0.000000
0.000000 0.000000 0.378587 0.378586 0.378585 0.378586 0.378587 0.378587 0.378587 0.378587 0.378587 0.378587 0.378587 0.378587 0.378587 0.378586 0.378585 0.378586 0.378587 0.000000 0.000000
0.000000 0.000000 0.381464 0.381463 0.381462 0.381463 0.381464 0.381463 0.381464 0.381464 0.381464 0.381464 0.381464 0.381463 0.381464 0.381463 0.381462 0.381463 0.381464 0.000000 0.000000
0.000000 0.000000 0.384275 0.384275 0.384273 0.384274 0.384275 0.384275 0.384275 0.384275 0.384276 0.384275 0.384275 0.384275 0.384275 0.384274 0.384273 0.384275 0.384275 0.000000 0.000000
0.000000 0.000000 0.387031 0.387030 0.387029 0.387030 0.387031 0.387030 0.387030 0.387031 0.387031 0.387031 0.387030 0.387030 0.387031 0.387030 0.387029 0.387030 0.387031 0.000000 0.000000
0.000000 0.000000 0.389736 0.389735 0.389734 0.389735 0.389736 0.389735 0.389736 0.389736 0.389736 0.389736 0.389736 0.389735 0.389736 0.389735 0.389734 0.389735 0.389736 0.000000 0.000000
0.000000 0.000000 0.392393 0.392392 0.392391 0.392392 0.392393 0.392392 0.392392 0.392393 0.392393 0.392393 0.392392 0.392392 0.392393 0.392392 0.392391 0.392392 0.392393 0.000000 0.000000
0.000000 0.000000 0.395045 0.395045 0.395044 0.395045 0.395046 0.395045 0.395045 0.395046 0.395046 0.395046 0.395045 0.395045 0.395046 0.395045 0.395044 0.395045 0.395046 0.000000 0.000000
0.000000 0.000000 0.350000 0.350000 0.350000 0.350000 0.350000 0.350000 0.350000 0.350000 0.350000 0.350000 0.350000 0.350000 0.350000 0.350000 0.350000 0.350000 0.350000 0.000000 0.000000
0.000000 0.000000 0.000000 0.000000 0.000000 0.000000 0.000000 0.000000 0.000000 0.000000 0.000000 0.000000 0.000000 0.000000 0.000000 0.000000 0.000000 0.000000 0.000000 0.000000 0.000000