geotop/1.0zi/1.0Montebello/Templates/testdem/maps/_Eocsilt8002.asc
ncols         21
nrows         20
xllcorner     100.000000
yllcorner     100.000000
cellsize      50.000000
NODATA_value  -9999.0
0.000000 0.000000 0.000000 0.000000 0.000000 0.000000 0.000000 0.000000 0.000000 0.000000 0.000000 0.000000 0.000000 0.000000 0.000000 0.000000 0.000000 0.000000 0.000000 0.000000 0.000000
0.000000 0.000000 0.350167 0.350167 0.350167 0.350168 0.350167 0.350167 0.350167 0.350167 0.350168 0.350167 0.350167 0.350167 0.350167 0.350167 0.350168 0.350168 0.350167 0.000000 0.000000
0.000000 0.000000 0.350005 0.350005 0.350005 0.350005 0.350006 0.350005 0.350005 0.350006 0.350006 0.350006 0.350006 0.350006 0.350006 0.350005 0.350003 0.350004 0.350005 0.000000 0.000000
0.000000 0.000000 0.350103 0.350099 0.350098 0.350091 0.350093 0.350088 0.350090 0.350091 0.350087 0.350090 0.350090 0.350090 0.350092 0.350095 0.350099 0.350099 0.350100 0.000000 0.000000
0.000000 0.000000 0.351010 0.351016 0.351011 0.351000 0.350994 0.350986 0.350982 0.350981 0.350981 0.350981 0.350982 0.350984 0.350997 0.351002 0.351005 0.351015 0.351018 0.000000 0.000000
0.000000 0.000000 0.353652 0.353652 0.353642 0.353625 0.353606 0.353584 0.353583 0.353577 0.353581 0.353581 0.353582 0.353581 0.353593 0.353606 0.353619 0.353627 0.353632 0.000000 0.000000
0.000000 0.000000 0.357439 0.357434 0.357423 0.357396 0.357364 0.357330 0.357330 0.357326 0.357327 0.357325 0.357322 0.357327 0.357357 0.357384 0.357402 0.357417 0.357424 0.000000 0.000000
0.000000 0.000000 0.361921 0.361919 0.361913 0.361885 0.361854 0.361815 0.361815 0.361811 0.361810 0.361806 0.361805 0.361811 0.361844 0.361872 0.361899 0.361905 0.361917 0.000000 0.000000
0.000000 0.000000 0.366735 0.366726 0.366711 0.366692 0.366659 0.366616 0.366617 0.366608 0.366606 0.366603 0.366605 0.366604 0.366646 0.366680 0.366702 0.366712 0.366722 0.000000 0.000000
0.000000 0.000000 0.371787 0.371778 0.371769 0.371751 0.371704 0.371665 0.371665 0.371660 0.371654 0.371657 0.371663 0.371660 0.371696 0.371735 0.371759 0.371767 0.371774 0.000000 0.000000
0.000000 0.000000 0.377230 0.377223 0.377214 0.377174 0.377141 0.377096 0.377105 0.377081 0.377084 0.377083 0.377074 0.377090 0.377122 0.377147 0.377178 0.377194 0.377214 0.000000 0.000000
0.000000 0.000000 0.383247 0.383230 0.383211 0.383185 0.383148 0.383091 0.383088 0.383081 0.383094 0.383074 0.383080 0.383084 0.383142 0.383172 0.383193 0.383204 0.383255 0.000000 0.000000
0.000000 0.000000 0.389718 0.389702 0.389694 0.389657 0.389625 0.389480 0.389478 0.389469 0.389432 0.389450 0.389459 0.389472 0.389582 0.389612 0.389668 0.389673 0.389699 0.000000 0.000000
0.000000 0.000000 0.397250 0.397244 0.397213 0.397187 0.397009 0.397018 0.396981 0.396981 0.396991 0.396980 0.396975 0.396968 0.396955 0.397140 0.397172 0.397220 0.397255 0.000000 0.000000
0.000000 0.000000 0.406070 0.406053 0.406016 0.405793 0.405805 0.405692 0.405641 0.405629 0.405592 0.405564 0.405588 0.405583 0.405692 0.405694 0.405988 0.405945 0.405952 0.000000 0.000000
0.000000 0.000000 0.415727 0.415712 0.415392 0.415467 0.415442 0.415407 0.415522 0.415484 0.415543 0.415519 0.415468 0.415547 0.415559 0.415578 0.415363 0.415815 0.415809 0.000000 0.000000
0.000000 0.000000 0.427653 0.427154 0.427235 0.427051 0.426799 0.426725 0.426597 0.426626 0.426482 0.426493 0.426574 0.426497 0.426622 0.426807 0.427215 0.426976 0.427492 0.000000 0.000000
0.000000 0.000000 0.432462 0.432900 0.433330 0.433321 0.433326 0.432913 0.432973 0.432855 0.433041 0.433001 0.432977 0.433038 0.433387 0.433382 0.433408 0.433060 0.432632 0.000000 0.000000
0.000000 0.000000 0.350000 0.350000 0.350000 0.350000 0.350000 0.350000 0.350000 0.350000 0.350000 0.350000 0.350000 0.350000 0.350000 0.350000 0.350000 0.350000 0.350000 0.000000 0.000000
0.000000 0.000000 0.000000 0.000000 0.000000 0.000000 0.000000 0.000000 0.000000 0.000000 0.000000 0.000000 0.000000 0.000000 0.000000 0.000000 0.000000 0.000000 0.000000 0.000000 0.000000