geotop/1.0zi/1.0Montebello/Templates/testdem/maps/_Eocclay1055.asc
ncols         21
nrows         20
xllcorner     100.000000
yllcorner     100.000000
cellsize      50.000000
NODATA_value  -9999.0
0.000000 0.000000 0.000000 0.000000 0.000000 0.000000 0.000000 0.000000 0.000000 0.000000 0.000000 0.000000 0.000000 0.000000 0.000000 0.000000 0.000000 0.000000 0.000000 0.000000 0.000000
0.000000 0.000000 0.349947 0.349947 0.349947 0.349947 0.349947 0.349947 0.349947 0.349947 0.349947 0.349947 0.349947 0.349947 0.349947 0.349947 0.349947 0.349947 0.349947 0.000000 0.000000
0.000000 0.000000 0.349995 0.349995 0.349994 0.349995 0.349995 0.349995 0.349995 0.349995 0.349995 0.349995 0.349995 0.349995 0.349995 0.349995 0.349994 0.349995 0.349995 0.000000 0.000000
0.000000 0.000000 0.350443 0.350442 0.350440 0.350441 0.350443 0.350442 0.350442 0.350443 0.350443 0.350443 0.350442 0.350442 0.350443 0.350441 0.350440 0.350442 0.350443 0.000000 0.000000
0.000000 0.000000 0.352101 0.352100 0.352098 0.352098 0.352101 0.352100 0.352100 0.352101 0.352101 0.352101 0.352100 0.352100 0.352101 0.352098 0.352098 0.352100 0.352101 0.000000 0.000000
0.000000 0.000000 0.353904 0.353904 0.353902 0.353902 0.353904 0.353904 0.353904 0.353905 0.353904 0.353905 0.353904 0.353904 0.353904 0.353902 0.353902 0.353904 0.353904 0.000000 0.000000
0.000000 0.000000 0.355614 0.355614 0.355612 0.355612 0.355614 0.355614 0.355614 0.355614 0.355614 0.355614 0.355614 0.355614 0.355614 0.355612 0.355612 0.355614 0.355614 0.000000 0.000000
0.000000 0.000000 0.357189 0.357188 0.357187 0.357187 0.357189 0.357189 0.357189 0.357189 0.357189 0.357189 0.357189 0.357189 0.357189 0.357187 0.357187 0.357188 0.357189 0.000000 0.000000
0.000000 0.000000 0.358664 0.358664 0.358662 0.358663 0.358664 0.358664 0.358664 0.358664 0.358664 0.358664 0.358664 0.358664 0.358664 0.358663 0.358662 0.358664 0.358664 0.000000 0.000000
0.000000 0.000000 0.360079 0.360078 0.360077 0.360077 0.360079 0.360079 0.360079 0.360079 0.360079 0.360079 0.360079 0.360079 0.360079 0.360077 0.360077 0.360078 0.360079 0.000000 0.000000
0.000000 0.000000 0.361446 0.361446 0.361445 0.361445 0.361446 0.361446 0.361446 0.361447 0.361447 0.361447 0.361446 0.361446 0.361446 0.361445 0.361445 0.361446 0.361446 0.000000 0.000000
0.000000 0.000000 0.362782 0.362782 0.362780 0.362781 0.362782 0.362782 0.362782 0.362782 0.362782 0.362782 0.362782 0.362782 0.362782 0.362781 0.362780 0.362782 0.362782 0.000000 0.000000
0.000000 0.000000 0.364096 0.364095 0.364094 0.364094 0.364096 0.364095 0.364095 0.364096 0.364096 0.364096 0.364095 0.364095 0.364096 0.364094 0.364094 0.364095 0.364096 0.000000 0.000000
0.000000 0.000000 0.365385 0.365385 0.365384 0.365384 0.365385 0.365385 0.365385 0.365386 0.365386 0.365386 0.365385 0.365385 0.365385 0.365384 0.365384 0.365385 0.365385 0.000000 0.000000
0.000000 0.000000 0.366662 0.366662 0.366660 0.366661 0.366662 0.366662 0.366662 0.366662 0.366662 0.366662 0.366662 0.366662 0.366662 0.366661 0.366660 0.366662 0.366662 0.000000 0.000000
0.000000 0.000000 0.367930 0.367930 0.367929 0.367929 0.367930 0.367930 0.367930 0.367931 0.367931 0.367931 0.367930 0.367930 0.367930 0.367929 0.367929 0.367930 0.367930 0.000000 0.000000
0.000000 0.000000 0.369185 0.369185 0.369184 0.369184 0.369185 0.369185 0.369185 0.369185 0.369185 0.369185 0.369185 0.369185 0.369185 0.369184 0.369184 0.369185 0.369185 0.000000 0.000000
0.000000 0.000000 0.370469 0.370469 0.370468 0.370468 0.370469 0.370469 0.370469 0.370470 0.370469 0.370470 0.370469 0.370469 0.370469 0.370468 0.370468 0.370469 0.370469 0.000000 0.000000
0.000000 0.000000 0.350000 0.350000 0.350000 0.350000 0.350000 0.350000 0.350000 0.350000 0.350000 0.350000 0.350000 0.350000 0.350000 0.350000 0.350000 0.350000 0.350000 0.000000 0.000000
0.000000 0.000000 0.000000 0.000000 0.000000 0.000000 0.000000 0.000000 0.000000 0.000000 0.000000 0.000000 0.000000 0.000000 0.000000 0.000000 0.000000 0.000000 0.000000 0.000000 0.000000