geotop/1.0zi/1.0Montebello/Templates/testdem/maps/_Eocsand3844.asc
ncols         21
nrows         20
xllcorner     100.000000
yllcorner     100.000000
cellsize      50.000000
NODATA_value  -9999.0
0.000000 0.000000 0.000000 0.000000 0.000000 0.000000 0.000000 0.000000 0.000000 0.000000 0.000000 0.000000 0.000000 0.000000 0.000000 0.000000 0.000000 0.000000 0.000000 0.000000 0.000000
0.000000 0.000000 0.300097 0.300097 0.300096 0.300096 0.300096 0.300096 0.300096 0.300096 0.300096 0.300096 0.300096 0.300096 0.300096 0.300096 0.300096 0.300097 0.300097 0.000000 0.000000
0.000000 0.000000 0.300005 0.300004 0.300004 0.300004 0.300004 0.300003 0.300003 0.300003 0.300004 0.300004 0.300003 0.300003 0.300004 0.300004 0.300005 0.300006 0.300005 0.000000 0.000000
0.000000 0.000000 0.299972 0.299973 0.299973 0.299976 0.299973 0.299975 0.299973 0.299973 0.299973 0.299975 0.299974 0.299977 0.299976 0.299972 0.299972 0.299971 0.299972 0.000000 0.000000
0.000000 0.000000 0.299290 0.299283 0.299288 0.299288 0.299297 0.299303 0.299304 0.299308 0.299307 0.299305 0.299305 0.299304 0.299297 0.299298 0.299298 0.299293 0.299289 0.000000 0.000000
0.000000 0.000000 0.297107 0.297104 0.297112 0.297127 0.297139 0.297161 0.297161 0.297171 0.297163 0.297161 0.297157 0.297155 0.297149 0.297137 0.297132 0.297128 0.297123 0.000000 0.000000
0.000000 0.000000 0.293938 0.293939 0.293947 0.293974 0.294006 0.294044 0.294043 0.294050 0.294043 0.294044 0.294041 0.294031 0.293998 0.293970 0.293962 0.293957 0.293948 0.000000 0.000000
0.000000 0.000000 0.290372 0.290374 0.290385 0.290418 0.290455 0.290492 0.290490 0.290497 0.290495 0.290495 0.290493 0.290483 0.290441 0.290412 0.290398 0.290395 0.290385 0.000000 0.000000
0.000000 0.000000 0.286794 0.286799 0.286815 0.286840 0.286876 0.286919 0.286917 0.286925 0.286923 0.286922 0.286919 0.286907 0.286869 0.286835 0.286824 0.286820 0.286806 0.000000 0.000000
0.000000 0.000000 0.283242 0.283247 0.283260 0.283287 0.283328 0.283367 0.283363 0.283369 0.283368 0.283367 0.283365 0.283357 0.283314 0.283280 0.283269 0.283266 0.283255 0.000000 0.000000
0.000000 0.000000 0.279664 0.279669 0.279683 0.279705 0.279738 0.279784 0.279781 0.279791 0.279789 0.279787 0.279785 0.279775 0.279738 0.279714 0.279699 0.279694 0.279682 0.000000 0.000000
0.000000 0.000000 0.275987 0.275992 0.276007 0.276038 0.276073 0.276118 0.276120 0.276126 0.276124 0.276125 0.276120 0.276112 0.276065 0.276036 0.276023 0.276019 0.275977 0.000000 0.000000
0.000000 0.000000 0.272288 0.272294 0.272311 0.272336 0.272376 0.272459 0.272459 0.272467 0.272466 0.272465 0.272462 0.272451 0.272376 0.272341 0.272329 0.272324 0.272298 0.000000 0.000000
0.000000 0.000000 0.268404 0.268416 0.268430 0.268456 0.268542 0.268570 0.268583 0.268590 0.268588 0.268587 0.268585 0.268574 0.268542 0.268466 0.268452 0.268438 0.268423 0.000000 0.000000
0.000000 0.000000 0.264252 0.264261 0.264290 0.264362 0.264412 0.264465 0.264491 0.264500 0.264510 0.264511 0.264500 0.264498 0.264452 0.264395 0.264318 0.264323 0.264311 0.000000 0.000000
0.000000 0.000000 0.260005 0.260015 0.260099 0.260122 0.260157 0.260189 0.260196 0.260199 0.260195 0.260196 0.260199 0.260175 0.260153 0.260126 0.260125 0.260047 0.260026 0.000000 0.000000
0.000000 0.000000 0.255335 0.255430 0.255508 0.255545 0.255610 0.255644 0.255653 0.255658 0.255668 0.255666 0.255659 0.255654 0.255626 0.255563 0.255529 0.255485 0.255389 0.000000 0.000000
0.000000 0.000000 0.251619 0.251647 0.251598 0.251646 0.251707 0.251810 0.251822 0.251833 0.251829 0.251830 0.251827 0.251810 0.251716 0.251658 0.251599 0.251685 0.251639 0.000000 0.000000
0.000000 0.000000 0.300000 0.300000 0.300000 0.300000 0.300000 0.300000 0.300000 0.300000 0.300000 0.300000 0.300000 0.300000 0.300000 0.300000 0.300000 0.300000 0.300000 0.000000 0.000000
0.000000 0.000000 0.000000 0.000000 0.000000 0.000000 0.000000 0.000000 0.000000 0.000000 0.000000 0.000000 0.000000 0.000000 0.000000 0.000000 0.000000 0.000000 0.000000 0.000000 0.000000