geotop/1.0zi/1.0Montebello/Templates/testdem/maps/_Eocclay7491.asc
ncols         21
nrows         20
xllcorner     100.000000
yllcorner     100.000000
cellsize      50.000000
NODATA_value  -9999.0
0.000000 0.000000 0.000000 0.000000 0.000000 0.000000 0.000000 0.000000 0.000000 0.000000 0.000000 0.000000 0.000000 0.000000 0.000000 0.000000 0.000000 0.000000 0.000000 0.000000 0.000000
0.000000 0.000000 0.349659 0.349660 0.349660 0.349659 0.349660 0.349660 0.349660 0.349660 0.349659 0.349660 0.349660 0.349660 0.349661 0.349660 0.349658 0.349659 0.349660 0.000000 0.000000
0.000000 0.000000 0.349986 0.349985 0.349986 0.349987 0.349986 0.349985 0.349985 0.349985 0.349985 0.349985 0.349986 0.349985 0.349986 0.349986 0.349987 0.349986 0.349984 0.000000 0.000000
0.000000 0.000000 0.350004 0.350009 0.350005 0.350005 0.350007 0.350005 0.350007 0.350004 0.350007 0.350005 0.350005 0.350004 0.350005 0.350008 0.350006 0.350010 0.350008 0.000000 0.000000
0.000000 0.000000 0.350951 0.350948 0.350944 0.350939 0.350924 0.350921 0.350918 0.350922 0.350918 0.350919 0.350915 0.350919 0.350929 0.350930 0.350938 0.350939 0.350946 0.000000 0.000000
0.000000 0.000000 0.353478 0.353476 0.353465 0.353439 0.353426 0.353402 0.353404 0.353398 0.353401 0.353400 0.353402 0.353403 0.353414 0.353433 0.353447 0.353461 0.353467 0.000000 0.000000
0.000000 0.000000 0.356974 0.356971 0.356963 0.356940 0.356911 0.356875 0.356874 0.356869 0.356870 0.356871 0.356871 0.356872 0.356903 0.356931 0.356946 0.356959 0.356966 0.000000 0.000000
0.000000 0.000000 0.361141 0.361139 0.361131 0.361103 0.361075 0.361037 0.361036 0.361033 0.361031 0.361029 0.361027 0.361035 0.361068 0.361092 0.361116 0.361125 0.361137 0.000000 0.000000
0.000000 0.000000 0.365509 0.365503 0.365490 0.365473 0.365443 0.365404 0.365406 0.365398 0.365395 0.365393 0.365393 0.365393 0.365432 0.365464 0.365482 0.365491 0.365501 0.000000 0.000000
0.000000 0.000000 0.370082 0.370073 0.370067 0.370051 0.370007 0.369972 0.369972 0.369968 0.369962 0.369965 0.369970 0.369968 0.370001 0.370037 0.370059 0.370067 0.370074 0.000000 0.000000
0.000000 0.000000 0.374999 0.374994 0.374986 0.374951 0.374921 0.374879 0.374888 0.374866 0.374868 0.374868 0.374859 0.374874 0.374904 0.374927 0.374955 0.374970 0.374989 0.000000 0.000000
0.000000 0.000000 0.380371 0.380357 0.380341 0.380317 0.380285 0.380233 0.380231 0.380224 0.380235 0.380218 0.380222 0.380226 0.380278 0.380305 0.380324 0.380335 0.380382 0.000000 0.000000
0.000000 0.000000 0.386099 0.386085 0.386078 0.386047 0.386018 0.385892 0.385890 0.385883 0.385850 0.385866 0.385874 0.385885 0.385982 0.386009 0.386057 0.386063 0.386089 0.000000 0.000000
0.000000 0.000000 0.392673 0.392668 0.392643 0.392620 0.392471 0.392469 0.392438 0.392438 0.392442 0.392436 0.392432 0.392427 0.392423 0.392578 0.392609 0.392650 0.392683 0.000000 0.000000
0.000000 0.000000 0.400294 0.400281 0.400249 0.400070 0.400064 0.399977 0.399930 0.399920 0.399890 0.399868 0.399887 0.399881 0.399967 0.399985 0.400224 0.400195 0.400205 0.000000 0.000000
0.000000 0.000000 0.408647 0.408634 0.408379 0.408417 0.408402 0.408364 0.408450 0.408419 0.408461 0.408438 0.408400 0.408462 0.408482 0.408496 0.408356 0.408710 0.408706 0.000000 0.000000
0.000000 0.000000 0.419007 0.418605 0.418630 0.418495 0.418293 0.418232 0.418146 0.418165 0.418055 0.418061 0.418119 0.418067 0.418167 0.418317 0.418614 0.418481 0.418895 0.000000 0.000000
0.000000 0.000000 0.424106 0.424414 0.424792 0.424765 0.424742 0.424390 0.424424 0.424330 0.424464 0.424434 0.424423 0.424465 0.424771 0.424787 0.424859 0.424532 0.424237 0.000000 0.000000
0.000000 0.000000 0.350000 0.350000 0.350000 0.350000 0.350000 0.350000 0.350000 0.350000 0.350000 0.350000 0.350000 0.350000 0.350000 0.350000 0.350000 0.350000 0.350000 0.000000 0.000000
0.000000 0.000000 0.000000 0.000000 0.000000 0.000000 0.000000 0.000000 0.000000 0.000000 0.000000 0.000000 0.000000 0.000000 0.000000 0.000000 0.000000 0.000000 0.000000 0.000000 0.000000