geotop/1.0zi/1.0Montebello/Templates/testdem/maps/_Eocsand5801.asc
ncols         21
nrows         20
xllcorner     100.000000
yllcorner     100.000000
cellsize      50.000000
NODATA_value  -9999.0
0.000000 0.000000 0.000000 0.000000 0.000000 0.000000 0.000000 0.000000 0.000000 0.000000 0.000000 0.000000 0.000000 0.000000 0.000000 0.000000 0.000000 0.000000 0.000000 0.000000 0.000000
0.000000 0.000000 0.300144 0.300143 0.300143 0.300143 0.300143 0.300143 0.300143 0.300143 0.300143 0.300143 0.300143 0.300143 0.300143 0.300143 0.300143 0.300143 0.300144 0.000000 0.000000
0.000000 0.000000 0.300009 0.300008 0.300008 0.300008 0.300008 0.300008 0.300008 0.300008 0.300008 0.300008 0.300007 0.300007 0.300008 0.300008 0.300010 0.300010 0.300009 0.000000 0.000000
0.000000 0.000000 0.299967 0.299966 0.299970 0.299974 0.299971 0.299973 0.299971 0.299972 0.299971 0.299974 0.299973 0.299974 0.299970 0.299965 0.299966 0.299963 0.299965 0.000000 0.000000
0.000000 0.000000 0.298997 0.298994 0.298996 0.299004 0.299018 0.299026 0.299026 0.299027 0.299030 0.299028 0.299031 0.299029 0.299020 0.299018 0.299014 0.299003 0.298995 0.000000 0.000000
0.000000 0.000000 0.295912 0.295907 0.295917 0.295949 0.295966 0.296000 0.296001 0.296009 0.296002 0.295999 0.295995 0.296000 0.295990 0.295971 0.295957 0.295942 0.295933 0.000000 0.000000
0.000000 0.000000 0.291316 0.291320 0.291326 0.291360 0.291401 0.291452 0.291451 0.291457 0.291452 0.291450 0.291453 0.291452 0.291417 0.291379 0.291362 0.291344 0.291331 0.000000 0.000000
0.000000 0.000000 0.285702 0.285701 0.285702 0.285739 0.285779 0.285834 0.285832 0.285838 0.285837 0.285838 0.285841 0.285835 0.285795 0.285759 0.285730 0.285722 0.285704 0.000000 0.000000
0.000000 0.000000 0.279903 0.279911 0.279923 0.279945 0.279985 0.280043 0.280039 0.280050 0.280054 0.280051 0.280051 0.280057 0.280005 0.279965 0.279939 0.279930 0.279914 0.000000 0.000000
0.000000 0.000000 0.274058 0.274067 0.274071 0.274086 0.274143 0.274195 0.274190 0.274197 0.274204 0.274196 0.274190 0.274197 0.274157 0.274111 0.274084 0.274079 0.274068 0.000000 0.000000
0.000000 0.000000 0.268023 0.268028 0.268028 0.268069 0.268108 0.268165 0.268153 0.268180 0.268178 0.268176 0.268183 0.268170 0.268137 0.268108 0.268078 0.268060 0.268036 0.000000 0.000000
0.000000 0.000000 0.261685 0.261699 0.261714 0.261742 0.261776 0.261844 0.261841 0.261857 0.261840 0.261856 0.261854 0.261849 0.261790 0.261763 0.261742 0.261733 0.261670 0.000000 0.000000
0.000000 0.000000 0.255176 0.255188 0.255192 0.255224 0.255256 0.255394 0.255393 0.255405 0.255433 0.255417 0.255407 0.255398 0.255299 0.255274 0.255226 0.255221 0.255176 0.000000 0.000000
0.000000 0.000000 0.248104 0.248112 0.248128 0.248149 0.248282 0.248317 0.248347 0.248349 0.248358 0.248353 0.248353 0.248359 0.248343 0.248212 0.248171 0.248137 0.248092 0.000000 0.000000
0.000000 0.000000 0.240312 0.240322 0.240350 0.240486 0.240530 0.240610 0.240662 0.240670 0.240695 0.240709 0.240694 0.240707 0.240648 0.240585 0.240389 0.240405 0.240378 0.000000 0.000000
0.000000 0.000000 0.232065 0.232074 0.232252 0.232283 0.232294 0.232346 0.232309 0.232331 0.232315 0.232335 0.232357 0.232322 0.232292 0.232274 0.232288 0.232059 0.232053 0.000000 0.000000
0.000000 0.000000 0.222617 0.222861 0.222944 0.223015 0.223132 0.223192 0.223212 0.223216 0.223268 0.223275 0.223253 0.223264 0.223198 0.223110 0.222971 0.222918 0.222671 0.000000 0.000000
0.000000 0.000000 0.215736 0.215725 0.215507 0.215566 0.215659 0.215889 0.215893 0.215944 0.215910 0.215924 0.215909 0.215905 0.215696 0.215630 0.215479 0.215703 0.215700 0.000000 0.000000
0.000000 0.000000 0.300000 0.300000 0.300000 0.300000 0.300000 0.300000 0.300000 0.300000 0.300000 0.300000 0.300000 0.300000 0.300000 0.300000 0.300000 0.300000 0.300000 0.000000 0.000000
0.000000 0.000000 0.000000 0.000000 0.000000 0.000000 0.000000 0.000000 0.000000 0.000000 0.000000 0.000000 0.000000 0.000000 0.000000 0.000000 0.000000 0.000000 0.000000 0.000000 0.000000