geotop/1.0zi/1.0Montebello/Templates/testdem/maps/_Eocclay1611.asc
ncols         21
nrows         20
xllcorner     100.000000
yllcorner     100.000000
cellsize      50.000000
NODATA_value  -9999.0
0.000000 0.000000 0.000000 0.000000 0.000000 0.000000 0.000000 0.000000 0.000000 0.000000 0.000000 0.000000 0.000000 0.000000 0.000000 0.000000 0.000000 0.000000 0.000000 0.000000 0.000000
0.000000 0.000000 0.349914 0.349914 0.349915 0.349914 0.349914 0.349914 0.349914 0.349914 0.349914 0.349914 0.349914 0.349914 0.349914 0.349914 0.349915 0.349914 0.349914 0.000000 0.000000
0.000000 0.000000 0.349993 0.349993 0.349993 0.349993 0.349993 0.349993 0.349993 0.349993 0.349993 0.349993 0.349993 0.349993 0.349993 0.349993 0.349993 0.349993 0.349993 0.000000 0.000000
0.000000 0.000000 0.350627 0.350626 0.350624 0.350625 0.350626 0.350626 0.350626 0.350627 0.350627 0.350627 0.350626 0.350626 0.350626 0.350625 0.350624 0.350626 0.350627 0.000000 0.000000
0.000000 0.000000 0.353092 0.353091 0.353089 0.353089 0.353093 0.353092 0.353092 0.353093 0.353093 0.353093 0.353092 0.353092 0.353093 0.353089 0.353089 0.353091 0.353092 0.000000 0.000000
0.000000 0.000000 0.355836 0.355836 0.355834 0.355834 0.355837 0.355836 0.355836 0.355837 0.355837 0.355837 0.355836 0.355836 0.355837 0.355834 0.355834 0.355836 0.355836 0.000000 0.000000
0.000000 0.000000 0.358437 0.358436 0.358435 0.358435 0.358437 0.358437 0.358437 0.358437 0.358437 0.358437 0.358437 0.358437 0.358437 0.358435 0.358435 0.358436 0.358437 0.000000 0.000000
0.000000 0.000000 0.360829 0.360829 0.360827 0.360828 0.360830 0.360829 0.360829 0.360829 0.360829 0.360829 0.360829 0.360829 0.360830 0.360828 0.360827 0.360829 0.360829 0.000000 0.000000
0.000000 0.000000 0.363069 0.363069 0.363068 0.363068 0.363070 0.363069 0.363069 0.363070 0.363070 0.363070 0.363069 0.363069 0.363070 0.363068 0.363068 0.363069 0.363069 0.000000 0.000000
0.000000 0.000000 0.365213 0.365213 0.365212 0.365212 0.365214 0.365213 0.365213 0.365214 0.365214 0.365214 0.365213 0.365213 0.365214 0.365212 0.365212 0.365213 0.365213 0.000000 0.000000
0.000000 0.000000 0.367283 0.367283 0.367282 0.367282 0.367284 0.367283 0.367283 0.367283 0.367283 0.367283 0.367283 0.367283 0.367284 0.367282 0.367282 0.367283 0.367283 0.000000 0.000000
0.000000 0.000000 0.369299 0.369299 0.369297 0.369298 0.369299 0.369299 0.369299 0.369299 0.369299 0.369299 0.369299 0.369299 0.369299 0.369298 0.369297 0.369299 0.369299 0.000000 0.000000
0.000000 0.000000 0.371276 0.371275 0.371274 0.371275 0.371276 0.371276 0.371276 0.371276 0.371276 0.371276 0.371276 0.371276 0.371276 0.371275 0.371274 0.371275 0.371276 0.000000 0.000000
0.000000 0.000000 0.373212 0.373212 0.373211 0.373212 0.373213 0.373213 0.373213 0.373213 0.373213 0.373213 0.373213 0.373213 0.373213 0.373212 0.373211 0.373212 0.373212 0.000000 0.000000
0.000000 0.000000 0.375120 0.375119 0.375118 0.375119 0.375120 0.375120 0.375120 0.375120 0.375120 0.375120 0.375120 0.375120 0.375120 0.375119 0.375118 0.375119 0.375120 0.000000 0.000000
0.000000 0.000000 0.377004 0.377004 0.377002 0.377003 0.377004 0.377004 0.377004 0.377004 0.377004 0.377004 0.377004 0.377004 0.377004 0.377003 0.377002 0.377004 0.377004 0.000000 0.000000
0.000000 0.000000 0.378866 0.378865 0.378864 0.378865 0.378866 0.378866 0.378866 0.378866 0.378866 0.378866 0.378866 0.378866 0.378866 0.378865 0.378864 0.378865 0.378866 0.000000 0.000000
0.000000 0.000000 0.380748 0.380748 0.380747 0.380747 0.380749 0.380748 0.380748 0.380749 0.380749 0.380749 0.380748 0.380748 0.380749 0.380747 0.380747 0.380748 0.380748 0.000000 0.000000
0.000000 0.000000 0.350000 0.350000 0.350000 0.350000 0.350000 0.350000 0.350000 0.350000 0.350000 0.350000 0.350000 0.350000 0.350000 0.350000 0.350000 0.350000 0.350000 0.000000 0.000000
0.000000 0.000000 0.000000 0.000000 0.000000 0.000000 0.000000 0.000000 0.000000 0.000000 0.000000 0.000000 0.000000 0.000000 0.000000 0.000000 0.000000 0.000000 0.000000 0.000000 0.000000