geotop/1.0zi/1.0Montebello/Templates/testdem/maps/_Eocsilt3695.asc
ncols         21
nrows         20
xllcorner     100.000000
yllcorner     100.000000
cellsize      50.000000
NODATA_value  -9999.0
0.000000 0.000000 0.000000 0.000000 0.000000 0.000000 0.000000 0.000000 0.000000 0.000000 0.000000 0.000000 0.000000 0.000000 0.000000 0.000000 0.000000 0.000000 0.000000 0.000000 0.000000
0.000000 0.000000 0.350076 0.350076 0.350076 0.350076 0.350075 0.350076 0.350076 0.350076 0.350076 0.350076 0.350076 0.350076 0.350075 0.350076 0.350076 0.350076 0.350076 0.000000 0.000000
0.000000 0.000000 0.350002 0.350002 0.350002 0.350003 0.350003 0.350003 0.350003 0.350003 0.350003 0.350003 0.350003 0.350003 0.350003 0.350002 0.350001 0.350001 0.350001 0.000000 0.000000
0.000000 0.000000 0.350032 0.350031 0.350031 0.350027 0.350029 0.350026 0.350028 0.350029 0.350028 0.350028 0.350029 0.350027 0.350028 0.350030 0.350031 0.350033 0.350032 0.000000 0.000000
0.000000 0.000000 0.350367 0.350369 0.350364 0.350362 0.350358 0.350358 0.350357 0.350355 0.350355 0.350355 0.350356 0.350355 0.350359 0.350362 0.350365 0.350368 0.350369 0.000000 0.000000
0.000000 0.000000 0.351391 0.351390 0.351383 0.351374 0.351367 0.351354 0.351354 0.351351 0.351355 0.351356 0.351356 0.351357 0.351365 0.351372 0.351380 0.351380 0.351383 0.000000 0.000000
0.000000 0.000000 0.352885 0.352886 0.352881 0.352865 0.352848 0.352832 0.352834 0.352830 0.352834 0.352834 0.352835 0.352839 0.352854 0.352868 0.352874 0.352877 0.352883 0.000000 0.000000
0.000000 0.000000 0.354620 0.354618 0.354611 0.354594 0.354574 0.354557 0.354558 0.354555 0.354556 0.354555 0.354557 0.354561 0.354582 0.354598 0.354610 0.354611 0.354615 0.000000 0.000000
0.000000 0.000000 0.356359 0.356355 0.356346 0.356333 0.356314 0.356293 0.356295 0.356291 0.356292 0.356293 0.356294 0.356299 0.356319 0.356336 0.356344 0.356349 0.356356 0.000000 0.000000
0.000000 0.000000 0.358083 0.358079 0.358072 0.358058 0.358037 0.358019 0.358021 0.358019 0.358019 0.358020 0.358021 0.358024 0.358045 0.358062 0.358070 0.358073 0.358078 0.000000 0.000000
0.000000 0.000000 0.359806 0.359803 0.359795 0.359783 0.359766 0.359745 0.359747 0.359742 0.359743 0.359744 0.359745 0.359749 0.359767 0.359780 0.359790 0.359794 0.359800 0.000000 0.000000
0.000000 0.000000 0.361575 0.361570 0.361562 0.361546 0.361528 0.361507 0.361506 0.361504 0.361505 0.361504 0.361507 0.361510 0.361533 0.361548 0.361558 0.361561 0.361582 0.000000 0.000000
0.000000 0.000000 0.363350 0.363345 0.363336 0.363323 0.363302 0.363264 0.363264 0.363260 0.363261 0.363261 0.363262 0.363267 0.363303 0.363321 0.363331 0.363334 0.363348 0.000000 0.000000
0.000000 0.000000 0.365210 0.365202 0.365194 0.365180 0.365138 0.365126 0.365120 0.365117 0.365118 0.365118 0.365119 0.365123 0.365139 0.365176 0.365187 0.365195 0.365203 0.000000 0.000000
0.000000 0.000000 0.367194 0.367187 0.367172 0.367136 0.367112 0.367087 0.367075 0.367071 0.367066 0.367066 0.367071 0.367070 0.367093 0.367121 0.367163 0.367162 0.367168 0.000000 0.000000
0.000000 0.000000 0.369218 0.369211 0.369170 0.369158 0.369139 0.369125 0.369122 0.369121 0.369123 0.369122 0.369120 0.369131 0.369142 0.369156 0.369162 0.369200 0.369211 0.000000 0.000000
0.000000 0.000000 0.371439 0.371393 0.371354 0.371334 0.371302 0.371287 0.371283 0.371282 0.371277 0.371277 0.371281 0.371282 0.371296 0.371327 0.371349 0.371372 0.371417 0.000000 0.000000
0.000000 0.000000 0.373214 0.373198 0.373218 0.373193 0.373162 0.373115 0.373110 0.373105 0.373107 0.373106 0.373107 0.373114 0.373159 0.373189 0.373222 0.373184 0.373207 0.000000 0.000000
0.000000 0.000000 0.350000 0.350000 0.350000 0.350000 0.350000 0.350000 0.350000 0.350000 0.350000 0.350000 0.350000 0.350000 0.350000 0.350000 0.350000 0.350000 0.350000 0.000000 0.000000
0.000000 0.000000 0.000000 0.000000 0.000000 0.000000 0.000000 0.000000 0.000000 0.000000 0.000000 0.000000 0.000000 0.000000 0.000000 0.000000 0.000000 0.000000 0.000000 0.000000 0.000000