geotop/1.0zi/1.0Montebello/Templates/testdem/maps/_Eocclay8799.asc
ncols         21
nrows         20
xllcorner     100.000000
yllcorner     100.000000
cellsize      50.000000
NODATA_value  -9999.0
0.000000 0.000000 0.000000 0.000000 0.000000 0.000000 0.000000 0.000000 0.000000 0.000000 0.000000 0.000000 0.000000 0.000000 0.000000 0.000000 0.000000 0.000000 0.000000 0.000000 0.000000
0.000000 0.000000 0.349589 0.349591 0.349591 0.349590 0.349592 0.349592 0.349591 0.349591 0.349590 0.349592 0.349591 0.349591 0.349592 0.349591 0.349589 0.349590 0.349591 0.000000 0.000000
0.000000 0.000000 0.349983 0.349981 0.349981 0.349984 0.349981 0.349981 0.349982 0.349981 0.349981 0.349981 0.349982 0.349981 0.349982 0.349982 0.349983 0.349982 0.349981 0.000000 0.000000
0.000000 0.000000 0.350023 0.350027 0.350026 0.350023 0.350024 0.350024 0.350028 0.350025 0.350028 0.350027 0.350027 0.350025 0.350028 0.350030 0.350028 0.350027 0.350026 0.000000 0.000000
0.000000 0.000000 0.351197 0.351190 0.351186 0.351176 0.351159 0.351159 0.351155 0.351157 0.351155 0.351156 0.351155 0.351157 0.351166 0.351170 0.351181 0.351181 0.351191 0.000000 0.000000
0.000000 0.000000 0.354508 0.354504 0.354486 0.354455 0.354432 0.354408 0.354412 0.354405 0.354410 0.354409 0.354415 0.354413 0.354427 0.354452 0.354465 0.354475 0.354480 0.000000 0.000000
0.000000 0.000000 0.358978 0.358969 0.358959 0.358930 0.358897 0.358848 0.358849 0.358844 0.358845 0.358847 0.358847 0.358847 0.358888 0.358919 0.358936 0.358946 0.358954 0.000000 0.000000
0.000000 0.000000 0.364270 0.364260 0.364251 0.364215 0.364180 0.364136 0.364138 0.364133 0.364133 0.364130 0.364128 0.364137 0.364175 0.364205 0.364234 0.364239 0.364253 0.000000 0.000000
0.000000 0.000000 0.369958 0.369945 0.369930 0.369906 0.369866 0.369818 0.369824 0.369814 0.369811 0.369809 0.369810 0.369809 0.369859 0.369896 0.369917 0.369923 0.369936 0.000000 0.000000
0.000000 0.000000 0.376103 0.376086 0.376077 0.376052 0.375995 0.375953 0.375955 0.375949 0.375942 0.375947 0.375954 0.375950 0.375991 0.376039 0.376064 0.376071 0.376078 0.000000 0.000000
0.000000 0.000000 0.382928 0.382916 0.382907 0.382850 0.382814 0.382758 0.382774 0.382741 0.382748 0.382744 0.382734 0.382752 0.382795 0.382824 0.382860 0.382872 0.382900 0.000000 0.000000
0.000000 0.000000 0.390663 0.390640 0.390612 0.390581 0.390531 0.390464 0.390465 0.390460 0.390475 0.390449 0.390460 0.390459 0.390534 0.390574 0.390593 0.390602 0.390663 0.000000 0.000000
0.000000 0.000000 0.399198 0.399172 0.399169 0.399110 0.399070 0.398874 0.398875 0.398865 0.398807 0.398842 0.398850 0.398867 0.399022 0.399059 0.399132 0.399132 0.399157 0.000000 0.000000
0.000000 0.000000 0.409519 0.409510 0.409463 0.409425 0.409156 0.409210 0.409160 0.409162 0.409189 0.409164 0.409160 0.409136 0.409091 0.409378 0.409404 0.409469 0.409515 0.000000 0.000000
0.000000 0.000000 0.421840 0.421806 0.421752 0.421397 0.421477 0.421294 0.421229 0.421211 0.421146 0.421111 0.421151 0.421145 0.421324 0.421263 0.421728 0.421628 0.421625 0.000000 0.000000
0.000000 0.000000 0.435056 0.435030 0.434529 0.434728 0.434668 0.434660 0.434874 0.434814 0.434926 0.434899 0.434810 0.434932 0.434908 0.434960 0.434487 0.435231 0.435218 0.000000 0.000000
0.000000 0.000000 0.450569 0.449857 0.450095 0.449785 0.449432 0.449328 0.449099 0.449155 0.448923 0.448951 0.449088 0.448943 0.449135 0.449396 0.450074 0.449547 0.450283 0.000000 0.000000
0.000000 0.000000 0.454658 0.455303 0.455822 0.455830 0.455881 0.455374 0.455483 0.455329 0.455595 0.455544 0.455496 0.455586 0.456002 0.455968 0.455917 0.455531 0.454892 0.000000 0.000000
0.000000 0.000000 0.350000 0.350000 0.350000 0.350000 0.350000 0.350000 0.350000 0.350000 0.350000 0.350000 0.350000 0.350000 0.350000 0.350000 0.350000 0.350000 0.350000 0.000000 0.000000
0.000000 0.000000 0.000000 0.000000 0.000000 0.000000 0.000000 0.000000 0.000000 0.000000 0.000000 0.000000 0.000000 0.000000 0.000000 0.000000 0.000000 0.000000 0.000000 0.000000 0.000000