geotop/1.0zi/1.0Montebello/Templates/testdem/maps/_Eocsand8516.asc
ncols         21
nrows         20
xllcorner     100.000000
yllcorner     100.000000
cellsize      50.000000
NODATA_value  -9999.0
0.000000 0.000000 0.000000 0.000000 0.000000 0.000000 0.000000 0.000000 0.000000 0.000000 0.000000 0.000000 0.000000 0.000000 0.000000 0.000000 0.000000 0.000000 0.000000 0.000000 0.000000
0.000000 0.000000 0.300214 0.300212 0.300212 0.300212 0.300211 0.300211 0.300211 0.300211 0.300212 0.300211 0.300212 0.300212 0.300211 0.300211 0.300213 0.300213 0.300213 0.000000 0.000000
0.000000 0.000000 0.300012 0.300013 0.300013 0.300011 0.300012 0.300013 0.300013 0.300012 0.300013 0.300013 0.300012 0.300012 0.300012 0.300012 0.300013 0.300014 0.300014 0.000000 0.000000
0.000000 0.000000 0.299893 0.299892 0.299897 0.299905 0.299900 0.299908 0.299903 0.299906 0.299906 0.299906 0.299906 0.299907 0.299902 0.299898 0.299895 0.299892 0.299893 0.000000 0.000000
0.000000 0.000000 0.297874 0.297875 0.297889 0.297906 0.297932 0.297940 0.297944 0.297946 0.297947 0.297943 0.297942 0.297940 0.297918 0.297912 0.297899 0.297887 0.297876 0.000000 0.000000
0.000000 0.000000 0.291919 0.291924 0.291950 0.292000 0.292039 0.292085 0.292085 0.292099 0.292089 0.292088 0.292080 0.292083 0.292057 0.292024 0.291995 0.291975 0.291963 0.000000 0.000000
0.000000 0.000000 0.283561 0.283574 0.283594 0.283649 0.283718 0.283797 0.283796 0.283805 0.283804 0.283802 0.283804 0.283799 0.283731 0.283673 0.283639 0.283611 0.283595 0.000000 0.000000
0.000000 0.000000 0.273666 0.273676 0.273691 0.273755 0.273819 0.273905 0.273905 0.273917 0.273918 0.273922 0.273926 0.273910 0.273837 0.273782 0.273727 0.273713 0.273686 0.000000 0.000000
0.000000 0.000000 0.263026 0.263049 0.263079 0.263121 0.263194 0.263287 0.263280 0.263301 0.263305 0.263308 0.263305 0.263308 0.263217 0.263146 0.263103 0.263082 0.263059 0.000000 0.000000
0.000000 0.000000 0.251683 0.251708 0.251725 0.251766 0.251871 0.251954 0.251953 0.251964 0.251977 0.251967 0.251955 0.251960 0.251884 0.251800 0.251749 0.251731 0.251716 0.000000 0.000000
0.000000 0.000000 0.239249 0.239264 0.239282 0.239379 0.239447 0.239554 0.239526 0.239586 0.239573 0.239578 0.239597 0.239562 0.239487 0.239438 0.239369 0.239334 0.239287 0.000000 0.000000
0.000000 0.000000 0.225313 0.225357 0.225399 0.225452 0.225543 0.225665 0.225677 0.225687 0.225660 0.225704 0.225685 0.225684 0.225550 0.225480 0.225438 0.225410 0.225299 0.000000 0.000000
0.000000 0.000000 0.210096 0.210141 0.210146 0.210243 0.210313 0.210657 0.210664 0.210680 0.210777 0.210719 0.210704 0.210673 0.210407 0.210344 0.210211 0.210202 0.210148 0.000000 0.000000
0.000000 0.000000 0.192017 0.192030 0.192103 0.192166 0.192613 0.192557 0.192647 0.192646 0.192609 0.192644 0.192651 0.192685 0.192739 0.192270 0.192211 0.192088 0.192005 0.000000 0.000000
0.000000 0.000000 0.170546 0.170595 0.170686 0.171264 0.171182 0.171477 0.171601 0.171630 0.171734 0.171795 0.171729 0.171741 0.171454 0.171510 0.170746 0.170878 0.170871 0.000000 0.000000
0.000000 0.000000 0.147167 0.147209 0.148040 0.147766 0.147845 0.147897 0.147571 0.147670 0.147494 0.147545 0.147685 0.147481 0.147488 0.147434 0.148117 0.146894 0.146912 0.000000 0.000000
0.000000 0.000000 0.118778 0.120042 0.119703 0.120209 0.120839 0.121029 0.121403 0.121316 0.121708 0.121663 0.121436 0.121669 0.121339 0.120877 0.119751 0.120549 0.119236 0.000000 0.000000
0.000000 0.000000 0.109834 0.108661 0.107667 0.107652 0.107573 0.108538 0.108357 0.108646 0.108159 0.108254 0.108334 0.108171 0.107373 0.107434 0.107486 0.108234 0.109390 0.000000 0.000000
0.000000 0.000000 0.300000 0.300000 0.300000 0.300000 0.300000 0.300000 0.300000 0.300000 0.300000 0.300000 0.300000 0.300000 0.300000 0.300000 0.300000 0.300000 0.300000 0.000000 0.000000
0.000000 0.000000 0.000000 0.000000 0.000000 0.000000 0.000000 0.000000 0.000000 0.000000 0.000000 0.000000 0.000000 0.000000 0.000000 0.000000 0.000000 0.000000 0.000000 0.000000 0.000000