geotop/1.0zi/1.0Montebello/Templates/testdem/maps/_Eocsilt6686.asc
ncols         21
nrows         20
xllcorner     100.000000
yllcorner     100.000000
cellsize      50.000000
NODATA_value  -9999.0
0.000000 0.000000 0.000000 0.000000 0.000000 0.000000 0.000000 0.000000 0.000000 0.000000 0.000000 0.000000 0.000000 0.000000 0.000000 0.000000 0.000000 0.000000 0.000000 0.000000 0.000000
0.000000 0.000000 0.350134 0.350135 0.350135 0.350136 0.350135 0.350135 0.350135 0.350135 0.350136 0.350135 0.350135 0.350135 0.350135 0.350135 0.350136 0.350135 0.350135 0.000000 0.000000
0.000000 0.000000 0.350003 0.350002 0.350002 0.350002 0.350003 0.350003 0.350003 0.350003 0.350003 0.350003 0.350003 0.350003 0.350003 0.350002 0.350001 0.350001 0.350002 0.000000 0.000000
0.000000 0.000000 0.350056 0.350053 0.350053 0.350047 0.350048 0.350046 0.350048 0.350049 0.350047 0.350047 0.350047 0.350047 0.350049 0.350052 0.350054 0.350055 0.350056 0.000000 0.000000
0.000000 0.000000 0.350641 0.350648 0.350645 0.350637 0.350633 0.350627 0.350626 0.350623 0.350623 0.350625 0.350626 0.350627 0.350634 0.350638 0.350638 0.350646 0.350650 0.000000 0.000000
0.000000 0.000000 0.352462 0.352465 0.352457 0.352444 0.352430 0.352412 0.352411 0.352406 0.352410 0.352412 0.352413 0.352410 0.352418 0.352426 0.352436 0.352441 0.352447 0.000000 0.000000
0.000000 0.000000 0.355244 0.355242 0.355233 0.355212 0.355186 0.355161 0.355162 0.355159 0.355160 0.355158 0.355156 0.355160 0.355179 0.355202 0.355215 0.355227 0.355235 0.000000 0.000000
0.000000 0.000000 0.358619 0.358619 0.358615 0.358594 0.358569 0.358540 0.358541 0.358537 0.358536 0.358534 0.358533 0.358537 0.358560 0.358583 0.358604 0.358608 0.358619 0.000000 0.000000
0.000000 0.000000 0.362179 0.362174 0.362163 0.362148 0.362124 0.362091 0.362092 0.362085 0.362083 0.362082 0.362083 0.362081 0.362112 0.362139 0.362156 0.362163 0.362173 0.000000 0.000000
0.000000 0.000000 0.365813 0.365808 0.365802 0.365790 0.365756 0.365727 0.365728 0.365724 0.365719 0.365722 0.365726 0.365723 0.365748 0.365778 0.365796 0.365800 0.365808 0.000000 0.000000
0.000000 0.000000 0.369601 0.369597 0.369593 0.369565 0.369542 0.369510 0.369517 0.369500 0.369501 0.369501 0.369496 0.369506 0.369526 0.369545 0.369567 0.369578 0.369594 0.000000 0.000000
0.000000 0.000000 0.373649 0.373639 0.373628 0.373609 0.373586 0.373546 0.373546 0.373538 0.373547 0.373535 0.373538 0.373541 0.373578 0.373598 0.373614 0.373621 0.373660 0.000000 0.000000
0.000000 0.000000 0.377871 0.377861 0.377856 0.377834 0.377813 0.377725 0.377724 0.377717 0.377696 0.377705 0.377712 0.377719 0.377784 0.377805 0.377839 0.377842 0.377868 0.000000 0.000000
0.000000 0.000000 0.382555 0.382551 0.382536 0.382519 0.382426 0.382411 0.382391 0.382390 0.382387 0.382386 0.382385 0.382382 0.382386 0.382485 0.382510 0.382536 0.382564 0.000000 0.000000
0.000000 0.000000 0.387826 0.387819 0.387798 0.387691 0.387670 0.387618 0.387584 0.387579 0.387560 0.387545 0.387558 0.387552 0.387597 0.387630 0.387775 0.387762 0.387776 0.000000 0.000000
0.000000 0.000000 0.393505 0.393497 0.393354 0.393346 0.393339 0.393309 0.393347 0.393327 0.393346 0.393329 0.393312 0.393344 0.393359 0.393371 0.393335 0.393522 0.393524 0.000000 0.000000
0.000000 0.000000 0.400233 0.400026 0.399991 0.399928 0.399826 0.399789 0.399760 0.399763 0.399713 0.399710 0.399735 0.399718 0.399768 0.399847 0.399976 0.399973 0.400186 0.000000 0.000000
0.000000 0.000000 0.404608 0.404680 0.404875 0.404836 0.404788 0.404602 0.404604 0.404559 0.404604 0.404589 0.404596 0.404606 0.404774 0.404812 0.404904 0.404715 0.404655 0.000000 0.000000
0.000000 0.000000 0.350000 0.350000 0.350000 0.350000 0.350000 0.350000 0.350000 0.350000 0.350000 0.350000 0.350000 0.350000 0.350000 0.350000 0.350000 0.350000 0.350000 0.000000 0.000000
0.000000 0.000000 0.000000 0.000000 0.000000 0.000000 0.000000 0.000000 0.000000 0.000000 0.000000 0.000000 0.000000 0.000000 0.000000 0.000000 0.000000 0.000000 0.000000 0.000000 0.000000