geotop/1.0zi/1.0Montebello/Templates/testdem/maps/_Eocclay062l.asc
ncols         21
nrows         20
xllcorner     100.000000
yllcorner     100.000000
cellsize      50.000000
NODATA_value  -9999.0
0.000000 0.000000 0.000000 0.000000 0.000000 0.000000 0.000000 0.000000 0.000000 0.000000 0.000000 0.000000 0.000000 0.000000 0.000000 0.000000 0.000000 0.000000 0.000000 0.000000 0.000000
0.000000 0.000000 0.349496 0.349499 0.349498 0.349497 0.349499 0.349500 0.349499 0.349499 0.349498 0.349499 0.349499 0.349499 0.349499 0.349499 0.349497 0.349498 0.349498 0.000000 0.000000
0.000000 0.000000 0.349979 0.349977 0.349977 0.349980 0.349977 0.349977 0.349977 0.349977 0.349977 0.349977 0.349977 0.349977 0.349978 0.349978 0.349979 0.349978 0.349977 0.000000 0.000000
0.000000 0.000000 0.350080 0.350089 0.350086 0.350081 0.350083 0.350083 0.350087 0.350084 0.350087 0.350085 0.350085 0.350084 0.350088 0.350091 0.350089 0.350088 0.350086 0.000000 0.000000
0.000000 0.000000 0.351902 0.351889 0.351882 0.351866 0.351846 0.351841 0.351839 0.351841 0.351839 0.351844 0.351844 0.351845 0.351854 0.351861 0.351874 0.351881 0.351890 0.000000 0.000000
0.000000 0.000000 0.356503 0.356496 0.356471 0.356427 0.356392 0.356357 0.356363 0.356359 0.356357 0.356357 0.356363 0.356361 0.356378 0.356412 0.356431 0.356446 0.356452 0.000000 0.000000
0.000000 0.000000 0.362617 0.362604 0.362586 0.362541 0.362496 0.362429 0.362431 0.362427 0.362420 0.362422 0.362422 0.362422 0.362475 0.362514 0.362538 0.362554 0.362562 0.000000 0.000000
0.000000 0.000000 0.369956 0.369938 0.369917 0.369855 0.369804 0.369741 0.369743 0.369738 0.369731 0.369728 0.369725 0.369735 0.369783 0.369825 0.369865 0.369876 0.369891 0.000000 0.000000
0.000000 0.000000 0.378169 0.378146 0.378112 0.378065 0.378005 0.377932 0.377940 0.377929 0.377918 0.377916 0.377918 0.377914 0.377982 0.378034 0.378066 0.378080 0.378092 0.000000 0.000000
0.000000 0.000000 0.387541 0.387506 0.387476 0.387423 0.387354 0.387275 0.387276 0.387272 0.387254 0.387261 0.387268 0.387265 0.387319 0.387389 0.387429 0.387446 0.387451 0.000000 0.000000
0.000000 0.000000 0.398609 0.398579 0.398551 0.398433 0.398401 0.398290 0.398315 0.398266 0.398268 0.398259 0.398239 0.398270 0.398335 0.398378 0.398436 0.398457 0.398504 0.000000 0.000000
0.000000 0.000000 0.412001 0.411936 0.411857 0.411803 0.411738 0.411594 0.411583 0.411590 0.411602 0.411559 0.411580 0.411562 0.411689 0.411766 0.411796 0.411816 0.411911 0.000000 0.000000
0.000000 0.000000 0.427301 0.427239 0.427221 0.427094 0.427015 0.426610 0.426601 0.426580 0.426422 0.426530 0.426528 0.426564 0.426855 0.426914 0.427071 0.427080 0.427080 0.000000 0.000000
0.000000 0.000000 0.445681 0.445654 0.445510 0.445439 0.444888 0.445166 0.445050 0.445056 0.445159 0.445057 0.445042 0.444970 0.444723 0.445329 0.445322 0.445466 0.445545 0.000000 0.000000
0.000000 0.000000 0.462464 0.462409 0.462343 0.461815 0.462103 0.461737 0.461683 0.461649 0.461508 0.461488 0.461543 0.461558 0.461873 0.461584 0.462268 0.462094 0.462056 0.000000 0.000000
0.000000 0.000000 0.473616 0.473590 0.473237 0.473360 0.473319 0.473298 0.473443 0.473404 0.473468 0.473454 0.473395 0.473474 0.473450 0.473484 0.473166 0.473669 0.473657 0.000000 0.000000
0.000000 0.000000 0.482149 0.481942 0.481905 0.481846 0.481734 0.481696 0.481671 0.481676 0.481626 0.481627 0.481649 0.481631 0.481673 0.481755 0.481859 0.481856 0.482056 0.000000 0.000000
0.000000 0.000000 0.486497 0.486580 0.486628 0.486639 0.486612 0.486497 0.486534 0.486498 0.486550 0.486538 0.486524 0.486550 0.486644 0.486660 0.486617 0.486608 0.486522 0.000000 0.000000
0.000000 0.000000 0.350000 0.350000 0.350000 0.350000 0.350000 0.350000 0.350000 0.350000 0.350000 0.350000 0.350000 0.350000 0.350000 0.350000 0.350000 0.350000 0.350000 0.000000 0.000000
0.000000 0.000000 0.000000 0.000000 0.000000 0.000000 0.000000 0.000000 0.000000 0.000000 0.000000 0.000000 0.000000 0.000000 0.000000 0.000000 0.000000 0.000000 0.000000 0.000000 0.000000