geotop/1.0zi/1.0Montebello/Templates/testdem/maps/_Eocsand6580.asc
ncols         21
nrows         20
xllcorner     100.000000
yllcorner     100.000000
cellsize      50.000000
NODATA_value  -9999.0
0.000000 0.000000 0.000000 0.000000 0.000000 0.000000 0.000000 0.000000 0.000000 0.000000 0.000000 0.000000 0.000000 0.000000 0.000000 0.000000 0.000000 0.000000 0.000000 0.000000 0.000000
0.000000 0.000000 0.300161 0.300159 0.300159 0.300160 0.300159 0.300158 0.300159 0.300159 0.300160 0.300159 0.300159 0.300159 0.300159 0.300159 0.300160 0.300160 0.300160 0.000000 0.000000
0.000000 0.000000 0.300009 0.300010 0.300009 0.300008 0.300009 0.300010 0.300009 0.300009 0.300010 0.300010 0.300009 0.300010 0.300009 0.300010 0.300010 0.300010 0.300011 0.000000 0.000000
0.000000 0.000000 0.299963 0.299962 0.299966 0.299971 0.299969 0.299971 0.299967 0.299970 0.299967 0.299970 0.299969 0.299970 0.299968 0.299963 0.299963 0.299960 0.299960 0.000000 0.000000
0.000000 0.000000 0.298782 0.298776 0.298781 0.298791 0.298807 0.298815 0.298817 0.298816 0.298821 0.298819 0.298821 0.298818 0.298806 0.298803 0.298796 0.298787 0.298776 0.000000 0.000000
0.000000 0.000000 0.295151 0.295148 0.295163 0.295201 0.295222 0.295259 0.295259 0.295269 0.295263 0.295263 0.295257 0.295260 0.295250 0.295226 0.295205 0.295187 0.295176 0.000000 0.000000
0.000000 0.000000 0.289656 0.289660 0.289673 0.289714 0.289763 0.289818 0.289817 0.289825 0.289823 0.289824 0.289825 0.289822 0.289781 0.289736 0.289709 0.289687 0.289672 0.000000 0.000000
0.000000 0.000000 0.283006 0.283006 0.283014 0.283059 0.283107 0.283166 0.283166 0.283172 0.283174 0.283179 0.283181 0.283172 0.283126 0.283083 0.283042 0.283031 0.283008 0.000000 0.000000
0.000000 0.000000 0.276062 0.276071 0.276091 0.276119 0.276167 0.276231 0.276227 0.276242 0.276247 0.276250 0.276247 0.276251 0.276193 0.276139 0.276107 0.276093 0.276074 0.000000 0.000000
0.000000 0.000000 0.268959 0.268971 0.268980 0.269004 0.269073 0.269129 0.269127 0.269136 0.269146 0.269142 0.269130 0.269138 0.269091 0.269031 0.268995 0.268985 0.268971 0.000000 0.000000
0.000000 0.000000 0.261531 0.261539 0.261547 0.261600 0.261646 0.261710 0.261696 0.261731 0.261729 0.261730 0.261738 0.261719 0.261681 0.261644 0.261599 0.261578 0.261546 0.000000 0.000000
0.000000 0.000000 0.253614 0.253632 0.253653 0.253691 0.253737 0.253815 0.253815 0.253831 0.253813 0.253839 0.253832 0.253827 0.253756 0.253717 0.253685 0.253670 0.253594 0.000000 0.000000
0.000000 0.000000 0.245363 0.245382 0.245392 0.245436 0.245477 0.245648 0.245650 0.245664 0.245705 0.245689 0.245674 0.245661 0.245535 0.245494 0.245427 0.245420 0.245368 0.000000 0.000000
0.000000 0.000000 0.236229 0.236237 0.236265 0.236299 0.236481 0.236512 0.236552 0.236554 0.236561 0.236564 0.236563 0.236571 0.236563 0.236371 0.236318 0.236268 0.236214 0.000000 0.000000
0.000000 0.000000 0.225970 0.225982 0.226024 0.226228 0.226275 0.226374 0.226441 0.226452 0.226489 0.226518 0.226491 0.226506 0.226421 0.226351 0.226070 0.226094 0.226066 0.000000 0.000000
0.000000 0.000000 0.214936 0.214950 0.215223 0.215246 0.215260 0.215319 0.215250 0.215286 0.215254 0.215289 0.215319 0.215259 0.215229 0.215206 0.215264 0.214908 0.214902 0.000000 0.000000
0.000000 0.000000 0.201903 0.202294 0.202371 0.202491 0.202686 0.202759 0.202810 0.202806 0.202901 0.202909 0.202861 0.202893 0.202799 0.202649 0.202403 0.202395 0.201992 0.000000 0.000000
0.000000 0.000000 0.193265 0.193145 0.192779 0.192859 0.192959 0.193315 0.193314 0.193398 0.193319 0.193349 0.193331 0.193314 0.192995 0.192917 0.192727 0.193086 0.193182 0.000000 0.000000
0.000000 0.000000 0.300000 0.300000 0.300000 0.300000 0.300000 0.300000 0.300000 0.300000 0.300000 0.300000 0.300000 0.300000 0.300000 0.300000 0.300000 0.300000 0.300000 0.000000 0.000000
0.000000 0.000000 0.000000 0.000000 0.000000 0.000000 0.000000 0.000000 0.000000 0.000000 0.000000 0.000000 0.000000 0.000000 0.000000 0.000000 0.000000 0.000000 0.000000 0.000000 0.000000