geotop/1.0zi/1.0Montebello/Templates/testdem/maps/_Eocclay3966.asc
ncols         21
nrows         20
xllcorner     100.000000
yllcorner     100.000000
cellsize      50.000000
NODATA_value  -9999.0
0.000000 0.000000 0.000000 0.000000 0.000000 0.000000 0.000000 0.000000 0.000000 0.000000 0.000000 0.000000 0.000000 0.000000 0.000000 0.000000 0.000000 0.000000 0.000000 0.000000 0.000000
0.000000 0.000000 0.349820 0.349821 0.349821 0.349821 0.349821 0.349821 0.349821 0.349821 0.349821 0.349821 0.349821 0.349821 0.349821 0.349821 0.349820 0.349820 0.349820 0.000000 0.000000
0.000000 0.000000 0.349994 0.349994 0.349994 0.349994 0.349994 0.349994 0.349994 0.349994 0.349994 0.349993 0.349994 0.349994 0.349994 0.349994 0.349994 0.349994 0.349994 0.000000 0.000000
0.000000 0.000000 0.349995 0.349996 0.349994 0.349995 0.349996 0.349997 0.349997 0.349996 0.349997 0.349996 0.349995 0.349994 0.349996 0.349997 0.349996 0.349996 0.349995 0.000000 0.000000
0.000000 0.000000 0.350336 0.350338 0.350337 0.350334 0.350327 0.350323 0.350323 0.350322 0.350323 0.350324 0.350322 0.350323 0.350330 0.350330 0.350331 0.350330 0.350333 0.000000 0.000000
0.000000 0.000000 0.351466 0.351468 0.351464 0.351456 0.351450 0.351441 0.351442 0.351437 0.351441 0.351441 0.351442 0.351445 0.351443 0.351449 0.351453 0.351457 0.351461 0.000000 0.000000
0.000000 0.000000 0.353120 0.353117 0.353112 0.353101 0.353088 0.353067 0.353067 0.353063 0.353067 0.353067 0.353068 0.353070 0.353087 0.353103 0.353108 0.353111 0.353114 0.000000 0.000000
0.000000 0.000000 0.354983 0.354982 0.354977 0.354961 0.354946 0.354928 0.354929 0.354926 0.354927 0.354926 0.354925 0.354928 0.354948 0.354963 0.354969 0.354972 0.354977 0.000000 0.000000
0.000000 0.000000 0.356838 0.356836 0.356828 0.356817 0.356801 0.356781 0.356782 0.356778 0.356779 0.356779 0.356779 0.356782 0.356801 0.356818 0.356824 0.356825 0.356832 0.000000 0.000000
0.000000 0.000000 0.358686 0.358683 0.358676 0.358664 0.358645 0.358626 0.358629 0.358626 0.358627 0.358626 0.358626 0.358628 0.358649 0.358666 0.358672 0.358674 0.358679 0.000000 0.000000
0.000000 0.000000 0.360560 0.360557 0.360551 0.360541 0.360526 0.360504 0.360506 0.360501 0.360502 0.360502 0.360501 0.360504 0.360522 0.360535 0.360543 0.360545 0.360552 0.000000 0.000000
0.000000 0.000000 0.362491 0.362488 0.362480 0.362465 0.362450 0.362429 0.362428 0.362425 0.362426 0.362424 0.362425 0.362427 0.362450 0.362465 0.362472 0.362474 0.362495 0.000000 0.000000
0.000000 0.000000 0.364435 0.364431 0.364423 0.364412 0.364394 0.364352 0.364352 0.364348 0.364349 0.364349 0.364348 0.364352 0.364390 0.364408 0.364415 0.364417 0.364431 0.000000 0.000000
0.000000 0.000000 0.366480 0.366474 0.366466 0.366455 0.366412 0.366399 0.366392 0.366389 0.366390 0.366390 0.366389 0.366392 0.366408 0.366448 0.366456 0.366463 0.366471 0.000000 0.000000
0.000000 0.000000 0.368670 0.368665 0.368650 0.368614 0.368591 0.368565 0.368552 0.368547 0.368542 0.368541 0.368544 0.368543 0.368565 0.368595 0.368637 0.368634 0.368640 0.000000 0.000000
0.000000 0.000000 0.370917 0.370912 0.370867 0.370857 0.370842 0.370827 0.370824 0.370822 0.370825 0.370824 0.370819 0.370830 0.370840 0.370854 0.370855 0.370896 0.370907 0.000000 0.000000
0.000000 0.000000 0.373392 0.373340 0.373300 0.373282 0.373251 0.373234 0.373231 0.373228 0.373223 0.373223 0.373224 0.373224 0.373238 0.373271 0.373290 0.373313 0.373364 0.000000 0.000000
0.000000 0.000000 0.375353 0.375338 0.375365 0.375343 0.375313 0.375261 0.375255 0.375249 0.375252 0.375250 0.375249 0.375255 0.375304 0.375335 0.375366 0.375319 0.375344 0.000000 0.000000
0.000000 0.000000 0.350000 0.350000 0.350000 0.350000 0.350000 0.350000 0.350000 0.350000 0.350000 0.350000 0.350000 0.350000 0.350000 0.350000 0.350000 0.350000 0.350000 0.000000 0.000000
0.000000 0.000000 0.000000 0.000000 0.000000 0.000000 0.000000 0.000000 0.000000 0.000000 0.000000 0.000000 0.000000 0.000000 0.000000 0.000000 0.000000 0.000000 0.000000 0.000000 0.000000