geotop/1.0zi/1.0Montebello/Templates/testdem/maps/_Eocclay4420.asc
ncols         21
nrows         20
xllcorner     100.000000
yllcorner     100.000000
cellsize      50.000000
NODATA_value  -9999.0
0.000000 0.000000 0.000000 0.000000 0.000000 0.000000 0.000000 0.000000 0.000000 0.000000 0.000000 0.000000 0.000000 0.000000 0.000000 0.000000 0.000000 0.000000 0.000000 0.000000 0.000000
0.000000 0.000000 0.349803 0.349803 0.349803 0.349803 0.349804 0.349803 0.349803 0.349803 0.349803 0.349803 0.349803 0.349803 0.349803 0.349803 0.349803 0.349803 0.349803 0.000000 0.000000
0.000000 0.000000 0.349993 0.349993 0.349993 0.349993 0.349993 0.349993 0.349993 0.349993 0.349993 0.349993 0.349993 0.349993 0.349993 0.349993 0.349993 0.349993 0.349993 0.000000 0.000000
0.000000 0.000000 0.349994 0.349996 0.349994 0.349995 0.349996 0.349996 0.349996 0.349995 0.349996 0.349995 0.349995 0.349994 0.349997 0.349998 0.349996 0.349997 0.349995 0.000000 0.000000
0.000000 0.000000 0.350340 0.350342 0.350341 0.350335 0.350327 0.350324 0.350325 0.350325 0.350324 0.350326 0.350322 0.350323 0.350328 0.350330 0.350333 0.350334 0.350338 0.000000 0.000000
0.000000 0.000000 0.351585 0.351586 0.351582 0.351568 0.351564 0.351550 0.351549 0.351544 0.351549 0.351549 0.351553 0.351554 0.351555 0.351562 0.351568 0.351576 0.351580 0.000000 0.000000
0.000000 0.000000 0.353440 0.353437 0.353435 0.353423 0.353409 0.353388 0.353388 0.353384 0.353387 0.353388 0.353388 0.353389 0.353403 0.353419 0.353428 0.353434 0.353440 0.000000 0.000000
0.000000 0.000000 0.355555 0.355555 0.355554 0.355540 0.355527 0.355507 0.355509 0.355505 0.355506 0.355506 0.355503 0.355503 0.355520 0.355535 0.355544 0.355548 0.355555 0.000000 0.000000
0.000000 0.000000 0.357668 0.357665 0.357662 0.357653 0.357640 0.357620 0.357622 0.357618 0.357618 0.357619 0.357617 0.357617 0.357633 0.357650 0.357657 0.357661 0.357668 0.000000 0.000000
0.000000 0.000000 0.359781 0.359778 0.359776 0.359766 0.359750 0.359731 0.359735 0.359732 0.359732 0.359732 0.359729 0.359728 0.359746 0.359763 0.359771 0.359775 0.359781 0.000000 0.000000
0.000000 0.000000 0.361936 0.361932 0.361930 0.361924 0.361912 0.361890 0.361892 0.361887 0.361887 0.361889 0.361885 0.361884 0.361899 0.361912 0.361922 0.361926 0.361933 0.000000 0.000000
0.000000 0.000000 0.364164 0.364161 0.364158 0.364146 0.364134 0.364113 0.364113 0.364110 0.364110 0.364109 0.364107 0.364105 0.364125 0.364141 0.364150 0.364154 0.364177 0.000000 0.000000
0.000000 0.000000 0.366422 0.366418 0.366415 0.366406 0.366391 0.366346 0.366347 0.366343 0.366343 0.366344 0.366340 0.366339 0.366378 0.366397 0.366405 0.366410 0.366424 0.000000 0.000000
0.000000 0.000000 0.368812 0.368805 0.368803 0.368795 0.368750 0.368739 0.368732 0.368729 0.368729 0.368729 0.368725 0.368724 0.368736 0.368781 0.368791 0.368801 0.368809 0.000000 0.000000
0.000000 0.000000 0.371389 0.371384 0.371373 0.371334 0.371314 0.371286 0.371272 0.371268 0.371261 0.371260 0.371261 0.371254 0.371275 0.371307 0.371358 0.371356 0.371363 0.000000 0.000000
0.000000 0.000000 0.374048 0.374042 0.373995 0.373988 0.373976 0.373963 0.373962 0.373961 0.373963 0.373962 0.373954 0.373961 0.373967 0.373980 0.373980 0.374035 0.374048 0.000000 0.000000
0.000000 0.000000 0.377004 0.376939 0.376900 0.376883 0.376852 0.376835 0.376831 0.376828 0.376821 0.376821 0.376820 0.376813 0.376825 0.376864 0.376889 0.376916 0.376981 0.000000 0.000000
0.000000 0.000000 0.379314 0.379301 0.379345 0.379323 0.379295 0.379231 0.379226 0.379219 0.379222 0.379221 0.379215 0.379218 0.379275 0.379308 0.379346 0.379290 0.379315 0.000000 0.000000
0.000000 0.000000 0.350000 0.350000 0.350000 0.350000 0.350000 0.350000 0.350000 0.350000 0.350000 0.350000 0.350000 0.350000 0.350000 0.350000 0.350000 0.350000 0.350000 0.000000 0.000000
0.000000 0.000000 0.000000 0.000000 0.000000 0.000000 0.000000 0.000000 0.000000 0.000000 0.000000 0.000000 0.000000 0.000000 0.000000 0.000000 0.000000 0.000000 0.000000 0.000000 0.000000