geotop/1.0zi/1.0Montebello/Templates/testdem/maps/_Eocsilt7029.asc
ncols         21
nrows         20
xllcorner     100.000000
yllcorner     100.000000
cellsize      50.000000
NODATA_value  -9999.0
0.000000 0.000000 0.000000 0.000000 0.000000 0.000000 0.000000 0.000000 0.000000 0.000000 0.000000 0.000000 0.000000 0.000000 0.000000 0.000000 0.000000 0.000000 0.000000 0.000000 0.000000
0.000000 0.000000 0.350140 0.350141 0.350141 0.350141 0.350141 0.350141 0.350141 0.350141 0.350141 0.350141 0.350141 0.350141 0.350141 0.350141 0.350141 0.350141 0.350140 0.000000 0.000000
0.000000 0.000000 0.350003 0.350003 0.350003 0.350003 0.350003 0.350003 0.350003 0.350003 0.350003 0.350003 0.350004 0.350004 0.350003 0.350003 0.350001 0.350001 0.350003 0.000000 0.000000
0.000000 0.000000 0.350060 0.350057 0.350056 0.350050 0.350051 0.350048 0.350051 0.350051 0.350049 0.350051 0.350050 0.350050 0.350052 0.350055 0.350058 0.350059 0.350059 0.000000 0.000000
0.000000 0.000000 0.350740 0.350746 0.350741 0.350733 0.350728 0.350722 0.350720 0.350718 0.350719 0.350719 0.350720 0.350721 0.350732 0.350736 0.350735 0.350743 0.350748 0.000000 0.000000
0.000000 0.000000 0.352792 0.352794 0.352784 0.352771 0.352755 0.352735 0.352735 0.352729 0.352734 0.352734 0.352735 0.352734 0.352743 0.352753 0.352763 0.352769 0.352775 0.000000 0.000000
0.000000 0.000000 0.355839 0.355836 0.355826 0.355804 0.355776 0.355748 0.355749 0.355746 0.355747 0.355745 0.355742 0.355747 0.355770 0.355793 0.355807 0.355820 0.355828 0.000000 0.000000
0.000000 0.000000 0.359498 0.359497 0.359492 0.359469 0.359442 0.359411 0.359412 0.359408 0.359407 0.359404 0.359402 0.359408 0.359434 0.359458 0.359480 0.359484 0.359497 0.000000 0.000000
0.000000 0.000000 0.363374 0.363367 0.363354 0.363339 0.363312 0.363276 0.363278 0.363270 0.363268 0.363266 0.363267 0.363266 0.363301 0.363330 0.363346 0.363355 0.363365 0.000000 0.000000
0.000000 0.000000 0.367358 0.367351 0.367344 0.367331 0.367293 0.367261 0.367263 0.367258 0.367253 0.367255 0.367259 0.367257 0.367286 0.367318 0.367336 0.367342 0.367350 0.000000 0.000000
0.000000 0.000000 0.371546 0.371542 0.371535 0.371505 0.371479 0.371443 0.371451 0.371432 0.371434 0.371433 0.371426 0.371439 0.371463 0.371483 0.371506 0.371518 0.371536 0.000000 0.000000
0.000000 0.000000 0.376059 0.376047 0.376033 0.376013 0.375986 0.375941 0.375941 0.375933 0.375943 0.375929 0.375932 0.375936 0.375979 0.376001 0.376017 0.376025 0.376068 0.000000 0.000000
0.000000 0.000000 0.380803 0.380791 0.380784 0.380759 0.380735 0.380633 0.380633 0.380625 0.380601 0.380612 0.380618 0.380628 0.380705 0.380727 0.380764 0.380768 0.380795 0.000000 0.000000
0.000000 0.000000 0.386129 0.386124 0.386105 0.386086 0.385975 0.385962 0.385939 0.385938 0.385938 0.385934 0.385932 0.385929 0.385932 0.386049 0.386075 0.386105 0.386135 0.000000 0.000000
0.000000 0.000000 0.392190 0.392181 0.392154 0.392026 0.392007 0.391942 0.391906 0.391898 0.391877 0.391859 0.391873 0.391868 0.391927 0.391957 0.392130 0.392111 0.392125 0.000000 0.000000
0.000000 0.000000 0.398762 0.398752 0.398573 0.398579 0.398569 0.398532 0.398585 0.398561 0.398587 0.398568 0.398543 0.398586 0.398608 0.398620 0.398551 0.398788 0.398790 0.000000 0.000000
0.000000 0.000000 0.406681 0.406414 0.406392 0.406309 0.406174 0.406129 0.406086 0.406092 0.406025 0.406024 0.406057 0.406033 0.406098 0.406199 0.406375 0.406337 0.406612 0.000000 0.000000
0.000000 0.000000 0.411396 0.411535 0.411784 0.411748 0.411702 0.411462 0.411474 0.411413 0.411485 0.411465 0.411467 0.411487 0.411700 0.411732 0.411824 0.411589 0.411463 0.000000 0.000000
0.000000 0.000000 0.350000 0.350000 0.350000 0.350000 0.350000 0.350000 0.350000 0.350000 0.350000 0.350000 0.350000 0.350000 0.350000 0.350000 0.350000 0.350000 0.350000 0.000000 0.000000
0.000000 0.000000 0.000000 0.000000 0.000000 0.000000 0.000000 0.000000 0.000000 0.000000 0.000000 0.000000 0.000000 0.000000 0.000000 0.000000 0.000000 0.000000 0.000000 0.000000 0.000000