geotop/1.0zi/1.0Montebello/Templates/testdem/maps/_Eocsilt7295.asc
ncols         21
nrows         20
xllcorner     100.000000
yllcorner     100.000000
cellsize      50.000000
NODATA_value  -9999.0
0.000000 0.000000 0.000000 0.000000 0.000000 0.000000 0.000000 0.000000 0.000000 0.000000 0.000000 0.000000 0.000000 0.000000 0.000000 0.000000 0.000000 0.000000 0.000000 0.000000 0.000000
0.000000 0.000000 0.350150 0.350151 0.350151 0.350152 0.350151 0.350152 0.350152 0.350151 0.350152 0.350151 0.350151 0.350151 0.350151 0.350151 0.350152 0.350152 0.350151 0.000000 0.000000
0.000000 0.000000 0.350004 0.350003 0.350003 0.350003 0.350004 0.350004 0.350004 0.350004 0.350004 0.350004 0.350005 0.350004 0.350004 0.350003 0.350002 0.350002 0.350004 0.000000 0.000000
0.000000 0.000000 0.350063 0.350060 0.350058 0.350052 0.350054 0.350051 0.350054 0.350053 0.350051 0.350053 0.350053 0.350053 0.350054 0.350057 0.350059 0.350059 0.350060 0.000000 0.000000
0.000000 0.000000 0.350816 0.350822 0.350817 0.350809 0.350803 0.350797 0.350795 0.350793 0.350793 0.350794 0.350794 0.350796 0.350807 0.350812 0.350812 0.350822 0.350826 0.000000 0.000000
0.000000 0.000000 0.353051 0.353053 0.353043 0.353029 0.353012 0.352992 0.352992 0.352985 0.352990 0.352990 0.352991 0.352990 0.353001 0.353011 0.353022 0.353030 0.353036 0.000000 0.000000
0.000000 0.000000 0.356305 0.356302 0.356292 0.356269 0.356239 0.356209 0.356211 0.356207 0.356208 0.356207 0.356203 0.356209 0.356234 0.356258 0.356273 0.356287 0.356295 0.000000 0.000000
0.000000 0.000000 0.360191 0.360190 0.360185 0.360161 0.360133 0.360100 0.360100 0.360096 0.360095 0.360092 0.360090 0.360096 0.360125 0.360150 0.360173 0.360179 0.360191 0.000000 0.000000
0.000000 0.000000 0.364324 0.364317 0.364304 0.364288 0.364259 0.364221 0.364223 0.364215 0.364213 0.364211 0.364212 0.364211 0.364248 0.364278 0.364296 0.364306 0.364317 0.000000 0.000000
0.000000 0.000000 0.368597 0.368590 0.368583 0.368569 0.368528 0.368495 0.368496 0.368491 0.368486 0.368488 0.368493 0.368491 0.368521 0.368556 0.368576 0.368582 0.368590 0.000000 0.000000
0.000000 0.000000 0.373120 0.373115 0.373108 0.373076 0.373047 0.373010 0.373019 0.372998 0.373000 0.372999 0.372992 0.373006 0.373032 0.373054 0.373079 0.373093 0.373111 0.000000 0.000000
0.000000 0.000000 0.378027 0.378014 0.377999 0.377978 0.377948 0.377900 0.377900 0.377892 0.377903 0.377887 0.377891 0.377896 0.377942 0.377966 0.377984 0.377994 0.378038 0.000000 0.000000
0.000000 0.000000 0.383219 0.383206 0.383199 0.383172 0.383146 0.383034 0.383033 0.383025 0.382998 0.383010 0.383017 0.383028 0.383113 0.383138 0.383180 0.383185 0.383212 0.000000 0.000000
0.000000 0.000000 0.389108 0.389103 0.389081 0.389062 0.388933 0.388925 0.388899 0.388898 0.388900 0.388895 0.388892 0.388889 0.388889 0.389022 0.389050 0.389085 0.389117 0.000000 0.000000
0.000000 0.000000 0.395868 0.395857 0.395828 0.395678 0.395665 0.395590 0.395550 0.395540 0.395516 0.395495 0.395512 0.395507 0.395577 0.395603 0.395805 0.395783 0.395795 0.000000 0.000000
0.000000 0.000000 0.403236 0.403225 0.403012 0.403032 0.403020 0.402982 0.403049 0.403021 0.403055 0.403034 0.403004 0.403056 0.403076 0.403089 0.402991 0.403280 0.403279 0.000000 0.000000
0.000000 0.000000 0.412223 0.411898 0.411895 0.411791 0.411627 0.411574 0.411513 0.411524 0.411440 0.411441 0.411486 0.411450 0.411530 0.411652 0.411880 0.411804 0.412139 0.000000 0.000000
0.000000 0.000000 0.417127 0.417335 0.417637 0.417604 0.417567 0.417279 0.417300 0.417224 0.417323 0.417298 0.417296 0.417325 0.417577 0.417604 0.417690 0.417418 0.417223 0.000000 0.000000
0.000000 0.000000 0.350000 0.350000 0.350000 0.350000 0.350000 0.350000 0.350000 0.350000 0.350000 0.350000 0.350000 0.350000 0.350000 0.350000 0.350000 0.350000 0.350000 0.000000 0.000000
0.000000 0.000000 0.000000 0.000000 0.000000 0.000000 0.000000 0.000000 0.000000 0.000000 0.000000 0.000000 0.000000 0.000000 0.000000 0.000000 0.000000 0.000000 0.000000 0.000000 0.000000