geotop/1.0zi/1.0Montebello/Templates/testdem/maps/_Eocsilt3914.asc
ncols         21
nrows         20
xllcorner     100.000000
yllcorner     100.000000
cellsize      50.000000
NODATA_value  -9999.0
0.000000 0.000000 0.000000 0.000000 0.000000 0.000000 0.000000 0.000000 0.000000 0.000000 0.000000 0.000000 0.000000 0.000000 0.000000 0.000000 0.000000 0.000000 0.000000 0.000000 0.000000
0.000000 0.000000 0.350078 0.350078 0.350078 0.350078 0.350078 0.350078 0.350078 0.350078 0.350078 0.350078 0.350078 0.350078 0.350078 0.350078 0.350079 0.350078 0.350078 0.000000 0.000000
0.000000 0.000000 0.350001 0.350002 0.350002 0.350002 0.350003 0.350003 0.350003 0.350003 0.350003 0.350003 0.350003 0.350003 0.350002 0.350002 0.350001 0.350001 0.350001 0.000000 0.000000
0.000000 0.000000 0.350032 0.350031 0.350032 0.350027 0.350029 0.350026 0.350028 0.350029 0.350028 0.350028 0.350028 0.350027 0.350028 0.350030 0.350031 0.350032 0.350032 0.000000 0.000000
0.000000 0.000000 0.350374 0.350378 0.350374 0.350377 0.350375 0.350373 0.350372 0.350369 0.350369 0.350370 0.350372 0.350372 0.350372 0.350371 0.350371 0.350375 0.350377 0.000000 0.000000
0.000000 0.000000 0.351425 0.351426 0.351422 0.351415 0.351408 0.351394 0.351394 0.351390 0.351394 0.351395 0.351396 0.351399 0.351405 0.351411 0.351413 0.351412 0.351413 0.000000 0.000000
0.000000 0.000000 0.352982 0.352983 0.352980 0.352966 0.352951 0.352935 0.352936 0.352932 0.352936 0.352935 0.352935 0.352939 0.352953 0.352967 0.352970 0.352973 0.352979 0.000000 0.000000
0.000000 0.000000 0.354775 0.354774 0.354768 0.354752 0.354733 0.354715 0.354716 0.354713 0.354714 0.354713 0.354714 0.354719 0.354740 0.354756 0.354764 0.354764 0.354769 0.000000 0.000000
0.000000 0.000000 0.356578 0.356575 0.356567 0.356555 0.356537 0.356515 0.356516 0.356512 0.356513 0.356514 0.356515 0.356520 0.356540 0.356557 0.356563 0.356566 0.356573 0.000000 0.000000
0.000000 0.000000 0.358363 0.358361 0.358354 0.358341 0.358321 0.358302 0.358304 0.358301 0.358301 0.358302 0.358302 0.358306 0.358327 0.358345 0.358350 0.358351 0.358356 0.000000 0.000000
0.000000 0.000000 0.360150 0.360147 0.360141 0.360130 0.360114 0.360091 0.360093 0.360088 0.360089 0.360090 0.360090 0.360095 0.360113 0.360126 0.360133 0.360136 0.360142 0.000000 0.000000
0.000000 0.000000 0.361987 0.361984 0.361976 0.361961 0.361944 0.361922 0.361921 0.361918 0.361919 0.361919 0.361921 0.361925 0.361948 0.361963 0.361969 0.361971 0.361992 0.000000 0.000000
0.000000 0.000000 0.363836 0.363833 0.363825 0.363813 0.363793 0.363752 0.363752 0.363748 0.363748 0.363749 0.363749 0.363755 0.363792 0.363810 0.363816 0.363818 0.363831 0.000000 0.000000
0.000000 0.000000 0.365778 0.365772 0.365765 0.365753 0.365710 0.365696 0.365689 0.365686 0.365687 0.365687 0.365687 0.365692 0.365709 0.365747 0.365754 0.365761 0.365768 0.000000 0.000000
0.000000 0.000000 0.367855 0.367850 0.367835 0.367800 0.367775 0.367749 0.367736 0.367731 0.367726 0.367726 0.367731 0.367731 0.367755 0.367783 0.367822 0.367819 0.367825 0.000000 0.000000
0.000000 0.000000 0.369979 0.369974 0.369932 0.369921 0.369903 0.369888 0.369884 0.369882 0.369885 0.369884 0.369882 0.369894 0.369905 0.369919 0.369919 0.369958 0.369969 0.000000 0.000000
0.000000 0.000000 0.372317 0.372270 0.372231 0.372212 0.372180 0.372163 0.372159 0.372156 0.372152 0.372152 0.372155 0.372157 0.372172 0.372203 0.372220 0.372242 0.372291 0.000000 0.000000
0.000000 0.000000 0.374176 0.374161 0.374185 0.374162 0.374131 0.374080 0.374074 0.374069 0.374071 0.374070 0.374071 0.374079 0.374126 0.374156 0.374185 0.374142 0.374166 0.000000 0.000000
0.000000 0.000000 0.350000 0.350000 0.350000 0.350000 0.350000 0.350000 0.350000 0.350000 0.350000 0.350000 0.350000 0.350000 0.350000 0.350000 0.350000 0.350000 0.350000 0.000000 0.000000
0.000000 0.000000 0.000000 0.000000 0.000000 0.000000 0.000000 0.000000 0.000000 0.000000 0.000000 0.000000 0.000000 0.000000 0.000000 0.000000 0.000000 0.000000 0.000000 0.000000 0.000000