geotop/1.0zi/1.0Montebello/Templates/testdem/maps/_Eocclay9289.asc
ncols         21
nrows         20
xllcorner     100.000000
yllcorner     100.000000
cellsize      50.000000
NODATA_value  -9999.0
0.000000 0.000000 0.000000 0.000000 0.000000 0.000000 0.000000 0.000000 0.000000 0.000000 0.000000 0.000000 0.000000 0.000000 0.000000 0.000000 0.000000 0.000000 0.000000 0.000000 0.000000
0.000000 0.000000 0.349565 0.349568 0.349568 0.349567 0.349569 0.349569 0.349568 0.349569 0.349567 0.349569 0.349569 0.349568 0.349569 0.349568 0.349566 0.349567 0.349567 0.000000 0.000000
0.000000 0.000000 0.349982 0.349980 0.349980 0.349982 0.349980 0.349980 0.349980 0.349980 0.349980 0.349980 0.349980 0.349980 0.349981 0.349981 0.349982 0.349981 0.349979 0.000000 0.000000
0.000000 0.000000 0.350023 0.350027 0.350026 0.350023 0.350024 0.350025 0.350028 0.350026 0.350029 0.350026 0.350027 0.350025 0.350028 0.350029 0.350027 0.350026 0.350024 0.000000 0.000000
0.000000 0.000000 0.351254 0.351247 0.351240 0.351230 0.351213 0.351213 0.351208 0.351210 0.351208 0.351210 0.351209 0.351211 0.351221 0.351225 0.351235 0.351237 0.351246 0.000000 0.000000
0.000000 0.000000 0.354821 0.354816 0.354793 0.354761 0.354733 0.354705 0.354709 0.354703 0.354704 0.354703 0.354709 0.354708 0.354721 0.354750 0.354764 0.354775 0.354781 0.000000 0.000000
0.000000 0.000000 0.359637 0.359627 0.359613 0.359583 0.359545 0.359490 0.359493 0.359487 0.359486 0.359487 0.359488 0.359489 0.359531 0.359564 0.359582 0.359593 0.359602 0.000000 0.000000
0.000000 0.000000 0.365354 0.365343 0.365329 0.365291 0.365251 0.365202 0.365204 0.365198 0.365196 0.365192 0.365190 0.365201 0.365239 0.365273 0.365304 0.365310 0.365325 0.000000 0.000000
0.000000 0.000000 0.371551 0.371537 0.371517 0.371490 0.371444 0.371389 0.371395 0.371384 0.371378 0.371376 0.371377 0.371377 0.371429 0.371470 0.371494 0.371501 0.371514 0.000000 0.000000
0.000000 0.000000 0.378326 0.378306 0.378291 0.378262 0.378199 0.378147 0.378150 0.378142 0.378132 0.378137 0.378144 0.378142 0.378185 0.378238 0.378266 0.378275 0.378283 0.000000 0.000000
0.000000 0.000000 0.385946 0.385932 0.385918 0.385851 0.385810 0.385742 0.385759 0.385723 0.385727 0.385722 0.385710 0.385733 0.385779 0.385811 0.385851 0.385866 0.385898 0.000000 0.000000
0.000000 0.000000 0.394708 0.394677 0.394638 0.394605 0.394546 0.394463 0.394464 0.394458 0.394472 0.394439 0.394454 0.394453 0.394535 0.394583 0.394605 0.394616 0.394684 0.000000 0.000000
0.000000 0.000000 0.404500 0.404471 0.404462 0.404387 0.404338 0.404101 0.404102 0.404090 0.404015 0.404057 0.404066 0.404089 0.404265 0.404310 0.404395 0.404398 0.404423 0.000000 0.000000
0.000000 0.000000 0.416532 0.416521 0.416454 0.416408 0.416077 0.416160 0.416097 0.416098 0.416134 0.416095 0.416089 0.416062 0.415983 0.416338 0.416362 0.416442 0.416497 0.000000 0.000000
0.000000 0.000000 0.430819 0.430776 0.430704 0.430267 0.430399 0.430148 0.430076 0.430050 0.429960 0.429919 0.429969 0.429970 0.430200 0.430084 0.430656 0.430529 0.430519 0.000000 0.000000
0.000000 0.000000 0.445385 0.445355 0.444772 0.445047 0.444956 0.444964 0.445219 0.445150 0.445282 0.445253 0.445146 0.445290 0.445231 0.445307 0.444697 0.445572 0.445559 0.000000 0.000000
0.000000 0.000000 0.460780 0.460108 0.460359 0.460046 0.459710 0.459601 0.459367 0.459422 0.459188 0.459215 0.459352 0.459208 0.459394 0.459642 0.460319 0.459769 0.460467 0.000000 0.000000
0.000000 0.000000 0.464949 0.465416 0.465853 0.465830 0.465838 0.465405 0.465476 0.465351 0.465550 0.465507 0.465479 0.465545 0.465900 0.465896 0.465908 0.465552 0.465087 0.000000 0.000000
0.000000 0.000000 0.350000 0.350000 0.350000 0.350000 0.350000 0.350000 0.350000 0.350000 0.350000 0.350000 0.350000 0.350000 0.350000 0.350000 0.350000 0.350000 0.350000 0.000000 0.000000
0.000000 0.000000 0.000000 0.000000 0.000000 0.000000 0.000000 0.000000 0.000000 0.000000 0.000000 0.000000 0.000000 0.000000 0.000000 0.000000 0.000000 0.000000 0.000000 0.000000 0.000000