geotop/1.0zi/1.0Montebello/Templates/testdem/maps/_Eocsand7694.asc
ncols         21
nrows         20
xllcorner     100.000000
yllcorner     100.000000
cellsize      50.000000
NODATA_value  -9999.0
0.000000 0.000000 0.000000 0.000000 0.000000 0.000000 0.000000 0.000000 0.000000 0.000000 0.000000 0.000000 0.000000 0.000000 0.000000 0.000000 0.000000 0.000000 0.000000 0.000000 0.000000
0.000000 0.000000 0.300196 0.300194 0.300194 0.300194 0.300193 0.300193 0.300193 0.300193 0.300194 0.300193 0.300194 0.300194 0.300193 0.300194 0.300195 0.300195 0.300195 0.000000 0.000000
0.000000 0.000000 0.300010 0.300011 0.300011 0.300010 0.300011 0.300011 0.300011 0.300011 0.300011 0.300011 0.300010 0.300011 0.300011 0.300011 0.300012 0.300012 0.300013 0.000000 0.000000
0.000000 0.000000 0.299894 0.299893 0.299898 0.299906 0.299901 0.299909 0.299904 0.299906 0.299906 0.299906 0.299906 0.299908 0.299903 0.299898 0.299896 0.299893 0.299893 0.000000 0.000000
0.000000 0.000000 0.298077 0.298073 0.298082 0.298097 0.298119 0.298128 0.298134 0.298133 0.298136 0.298135 0.298138 0.298132 0.298109 0.298103 0.298093 0.298081 0.298073 0.000000 0.000000
0.000000 0.000000 0.293023 0.293024 0.293045 0.293088 0.293119 0.293164 0.293164 0.293177 0.293169 0.293170 0.293166 0.293165 0.293143 0.293112 0.293086 0.293063 0.293052 0.000000 0.000000
0.000000 0.000000 0.285873 0.285880 0.285899 0.285947 0.286007 0.286076 0.286077 0.286086 0.286084 0.286085 0.286088 0.286081 0.286021 0.285967 0.285935 0.285907 0.285893 0.000000 0.000000
0.000000 0.000000 0.277355 0.277359 0.277373 0.277428 0.277485 0.277561 0.277562 0.277570 0.277572 0.277578 0.277581 0.277567 0.277502 0.277450 0.277401 0.277385 0.277361 0.000000 0.000000
0.000000 0.000000 0.268312 0.268327 0.268354 0.268390 0.268450 0.268532 0.268528 0.268547 0.268551 0.268555 0.268553 0.268554 0.268474 0.268410 0.268371 0.268351 0.268331 0.000000 0.000000
0.000000 0.000000 0.258839 0.258857 0.258871 0.258905 0.258993 0.259066 0.259065 0.259075 0.259087 0.259081 0.259070 0.259075 0.259007 0.258933 0.258888 0.258872 0.258858 0.000000 0.000000
0.000000 0.000000 0.248659 0.248671 0.248687 0.248761 0.248822 0.248907 0.248889 0.248935 0.248930 0.248932 0.248948 0.248917 0.248856 0.248810 0.248753 0.248722 0.248683 0.000000 0.000000
0.000000 0.000000 0.237485 0.237515 0.237549 0.237597 0.237664 0.237770 0.237775 0.237790 0.237766 0.237802 0.237793 0.237785 0.237676 0.237622 0.237582 0.237559 0.237464 0.000000 0.000000
0.000000 0.000000 0.225529 0.225558 0.225573 0.225638 0.225697 0.225960 0.225964 0.225981 0.226048 0.226015 0.225999 0.225974 0.225772 0.225717 0.225617 0.225605 0.225553 0.000000 0.000000
0.000000 0.000000 0.211736 0.211747 0.211800 0.211848 0.212162 0.212160 0.212226 0.212228 0.212216 0.212231 0.212238 0.212249 0.212261 0.211935 0.211873 0.211786 0.211719 0.000000 0.000000
0.000000 0.000000 0.195683 0.195711 0.195778 0.196163 0.196163 0.196353 0.196450 0.196472 0.196535 0.196584 0.196542 0.196552 0.196367 0.196341 0.195829 0.195894 0.195876 0.000000 0.000000
0.000000 0.000000 0.178064 0.178092 0.178642 0.178545 0.178579 0.178653 0.178465 0.178534 0.178437 0.178485 0.178568 0.178431 0.178396 0.178368 0.178692 0.177921 0.177931 0.000000 0.000000
0.000000 0.000000 0.156207 0.157077 0.156993 0.157293 0.157728 0.157858 0.158057 0.158015 0.158256 0.158241 0.158110 0.158228 0.158012 0.157691 0.157027 0.157355 0.156459 0.000000 0.000000
0.000000 0.000000 0.146087 0.145382 0.144585 0.144625 0.144652 0.145399 0.145314 0.145521 0.145215 0.145283 0.145312 0.145215 0.144572 0.144555 0.144442 0.145114 0.145797 0.000000 0.000000
0.000000 0.000000 0.300000 0.300000 0.300000 0.300000 0.300000 0.300000 0.300000 0.300000 0.300000 0.300000 0.300000 0.300000 0.300000 0.300000 0.300000 0.300000 0.300000 0.000000 0.000000
0.000000 0.000000 0.000000 0.000000 0.000000 0.000000 0.000000 0.000000 0.000000 0.000000 0.000000 0.000000 0.000000 0.000000 0.000000 0.000000 0.000000 0.000000 0.000000 0.000000 0.000000