geotop/1.0zi/1.0Montebello/Templates/testdem/maps/_Eocclay7549.asc
ncols         21
nrows         20
xllcorner     100.000000
yllcorner     100.000000
cellsize      50.000000
NODATA_value  -9999.0
0.000000 0.000000 0.000000 0.000000 0.000000 0.000000 0.000000 0.000000 0.000000 0.000000 0.000000 0.000000 0.000000 0.000000 0.000000 0.000000 0.000000 0.000000 0.000000 0.000000 0.000000
0.000000 0.000000 0.349658 0.349659 0.349659 0.349658 0.349660 0.349660 0.349659 0.349659 0.349658 0.349660 0.349660 0.349659 0.349660 0.349660 0.349658 0.349658 0.349659 0.000000 0.000000
0.000000 0.000000 0.349986 0.349985 0.349986 0.349987 0.349986 0.349985 0.349985 0.349985 0.349985 0.349985 0.349985 0.349985 0.349986 0.349986 0.349987 0.349986 0.349984 0.000000 0.000000
0.000000 0.000000 0.350004 0.350008 0.350005 0.350004 0.350007 0.350004 0.350006 0.350003 0.350006 0.350005 0.350004 0.350003 0.350005 0.350007 0.350006 0.350009 0.350008 0.000000 0.000000
0.000000 0.000000 0.350949 0.350946 0.350942 0.350936 0.350921 0.350919 0.350916 0.350919 0.350916 0.350916 0.350912 0.350916 0.350926 0.350928 0.350936 0.350937 0.350944 0.000000 0.000000
0.000000 0.000000 0.353491 0.353489 0.353478 0.353452 0.353439 0.353415 0.353417 0.353411 0.353414 0.353413 0.353415 0.353416 0.353427 0.353446 0.353460 0.353474 0.353480 0.000000 0.000000
0.000000 0.000000 0.357006 0.357003 0.356995 0.356972 0.356943 0.356907 0.356906 0.356901 0.356902 0.356903 0.356902 0.356903 0.356935 0.356963 0.356978 0.356991 0.356998 0.000000 0.000000
0.000000 0.000000 0.361194 0.361192 0.361184 0.361156 0.361128 0.361089 0.361089 0.361085 0.361084 0.361082 0.361079 0.361088 0.361121 0.361145 0.361169 0.361178 0.361190 0.000000 0.000000
0.000000 0.000000 0.365590 0.365583 0.365571 0.365554 0.365524 0.365484 0.365487 0.365478 0.365475 0.365473 0.365474 0.365473 0.365512 0.365544 0.365563 0.365572 0.365582 0.000000 0.000000
0.000000 0.000000 0.370197 0.370188 0.370182 0.370165 0.370121 0.370085 0.370086 0.370081 0.370075 0.370078 0.370084 0.370081 0.370115 0.370152 0.370174 0.370181 0.370189 0.000000 0.000000
0.000000 0.000000 0.375155 0.375149 0.375141 0.375106 0.375075 0.375033 0.375042 0.375020 0.375022 0.375022 0.375014 0.375029 0.375058 0.375081 0.375110 0.375125 0.375144 0.000000 0.000000
0.000000 0.000000 0.380576 0.380562 0.380546 0.380522 0.380489 0.380438 0.380435 0.380428 0.380439 0.380422 0.380426 0.380430 0.380483 0.380510 0.380530 0.380540 0.380588 0.000000 0.000000
0.000000 0.000000 0.386363 0.386349 0.386342 0.386311 0.386282 0.386154 0.386153 0.386145 0.386112 0.386128 0.386136 0.386148 0.386246 0.386273 0.386322 0.386328 0.386354 0.000000 0.000000
0.000000 0.000000 0.393014 0.393009 0.392984 0.392961 0.392810 0.392808 0.392776 0.392776 0.392780 0.392774 0.392770 0.392765 0.392762 0.392919 0.392950 0.392991 0.393024 0.000000 0.000000
0.000000 0.000000 0.400732 0.400720 0.400687 0.400505 0.400501 0.400411 0.400364 0.400354 0.400324 0.400301 0.400320 0.400315 0.400402 0.400420 0.400663 0.400633 0.400643 0.000000 0.000000
0.000000 0.000000 0.409201 0.409188 0.408928 0.408968 0.408952 0.408914 0.409002 0.408970 0.409013 0.408990 0.408951 0.409015 0.409035 0.409049 0.408905 0.409266 0.409262 0.000000 0.000000
0.000000 0.000000 0.419714 0.419304 0.419332 0.419194 0.418988 0.418926 0.418837 0.418856 0.418744 0.418750 0.418809 0.418756 0.418859 0.419011 0.419316 0.419178 0.419600 0.000000 0.000000
0.000000 0.000000 0.424835 0.425153 0.425536 0.425510 0.425488 0.425129 0.425165 0.425068 0.425207 0.425176 0.425164 0.425208 0.425520 0.425534 0.425606 0.425275 0.424970 0.000000 0.000000
0.000000 0.000000 0.350000 0.350000 0.350000 0.350000 0.350000 0.350000 0.350000 0.350000 0.350000 0.350000 0.350000 0.350000 0.350000 0.350000 0.350000 0.350000 0.350000 0.000000 0.000000
0.000000 0.000000 0.000000 0.000000 0.000000 0.000000 0.000000 0.000000 0.000000 0.000000 0.000000 0.000000 0.000000 0.000000 0.000000 0.000000 0.000000 0.000000 0.000000 0.000000 0.000000