geotop/1.0zi/1.0Montebello/Templates/testdem/maps/_Eocsand8751.asc
ncols         21
nrows         20
xllcorner     100.000000
yllcorner     100.000000
cellsize      50.000000
NODATA_value  -9999.0
0.000000 0.000000 0.000000 0.000000 0.000000 0.000000 0.000000 0.000000 0.000000 0.000000 0.000000 0.000000 0.000000 0.000000 0.000000 0.000000 0.000000 0.000000 0.000000 0.000000 0.000000
0.000000 0.000000 0.300221 0.300219 0.300219 0.300219 0.300218 0.300218 0.300218 0.300218 0.300219 0.300218 0.300218 0.300219 0.300218 0.300218 0.300220 0.300220 0.300220 0.000000 0.000000
0.000000 0.000000 0.300012 0.300014 0.300013 0.300012 0.300013 0.300013 0.300013 0.300013 0.300013 0.300013 0.300012 0.300013 0.300013 0.300013 0.300014 0.300014 0.300015 0.000000 0.000000
0.000000 0.000000 0.299856 0.299856 0.299862 0.299871 0.299870 0.299873 0.299868 0.299870 0.299870 0.299869 0.299869 0.299872 0.299865 0.299860 0.299857 0.299856 0.299855 0.000000 0.000000
0.000000 0.000000 0.297621 0.297623 0.297638 0.297657 0.297685 0.297690 0.297694 0.297695 0.297695 0.297692 0.297689 0.297689 0.297667 0.297660 0.297646 0.297635 0.297622 0.000000 0.000000
0.000000 0.000000 0.291297 0.291303 0.291332 0.291385 0.291426 0.291469 0.291469 0.291482 0.291472 0.291471 0.291462 0.291466 0.291440 0.291405 0.291374 0.291355 0.291341 0.000000 0.000000
0.000000 0.000000 0.282535 0.282550 0.282571 0.282629 0.282703 0.282780 0.282779 0.282788 0.282786 0.282784 0.282786 0.282781 0.282710 0.282650 0.282613 0.282585 0.282568 0.000000 0.000000
0.000000 0.000000 0.272164 0.272175 0.272192 0.272260 0.272328 0.272413 0.272413 0.272424 0.272424 0.272429 0.272433 0.272416 0.272340 0.272283 0.272225 0.272211 0.272182 0.000000 0.000000
0.000000 0.000000 0.260955 0.260980 0.261013 0.261059 0.261137 0.261228 0.261221 0.261241 0.261245 0.261248 0.261244 0.261248 0.261153 0.261079 0.261033 0.261012 0.260988 0.000000 0.000000
0.000000 0.000000 0.248925 0.248953 0.248972 0.249019 0.249130 0.249211 0.249211 0.249220 0.249234 0.249223 0.249210 0.249216 0.249136 0.249047 0.248993 0.248975 0.248958 0.000000 0.000000
0.000000 0.000000 0.235640 0.235657 0.235679 0.235786 0.235859 0.235965 0.235935 0.235998 0.235983 0.235989 0.236008 0.235972 0.235892 0.235840 0.235766 0.235731 0.235679 0.000000 0.000000
0.000000 0.000000 0.220630 0.220680 0.220728 0.220787 0.220886 0.221008 0.221023 0.221029 0.220999 0.221048 0.221024 0.221025 0.220882 0.220805 0.220760 0.220733 0.220612 0.000000 0.000000
0.000000 0.000000 0.204125 0.204174 0.204181 0.204292 0.204368 0.204740 0.204746 0.204761 0.204871 0.204803 0.204787 0.204753 0.204461 0.204392 0.204244 0.204237 0.204182 0.000000 0.000000
0.000000 0.000000 0.184312 0.184326 0.184413 0.184485 0.184995 0.184898 0.184998 0.184994 0.184943 0.184989 0.184996 0.185038 0.185115 0.184581 0.184522 0.184385 0.184293 0.000000 0.000000
0.000000 0.000000 0.160726 0.160784 0.160886 0.161557 0.161428 0.161765 0.161897 0.161928 0.162049 0.162116 0.162039 0.162050 0.161708 0.161812 0.160933 0.161099 0.161097 0.000000 0.000000
0.000000 0.000000 0.135458 0.135503 0.136444 0.136090 0.136200 0.136220 0.135837 0.135944 0.135732 0.135783 0.135947 0.135717 0.135750 0.135671 0.136516 0.135114 0.135131 0.000000 0.000000
0.000000 0.000000 0.105908 0.107234 0.106819 0.107390 0.108054 0.108246 0.108669 0.108566 0.108993 0.108942 0.108688 0.108953 0.108595 0.108104 0.106854 0.107791 0.106405 0.000000 0.000000
0.000000 0.000000 0.097541 0.096388 0.095427 0.095422 0.095349 0.096292 0.096108 0.096391 0.095906 0.096001 0.096081 0.095918 0.095133 0.095189 0.095243 0.095961 0.097098 0.000000 0.000000
0.000000 0.000000 0.300000 0.300000 0.300000 0.300000 0.300000 0.300000 0.300000 0.300000 0.300000 0.300000 0.300000 0.300000 0.300000 0.300000 0.300000 0.300000 0.300000 0.000000 0.000000
0.000000 0.000000 0.000000 0.000000 0.000000 0.000000 0.000000 0.000000 0.000000 0.000000 0.000000 0.000000 0.000000 0.000000 0.000000 0.000000 0.000000 0.000000 0.000000 0.000000 0.000000