geotop/1.0zi/1.0Montebello/Templates/testdem/maps/_Eocsilt9150.asc
ncols         21
nrows         20
xllcorner     100.000000
yllcorner     100.000000
cellsize      50.000000
NODATA_value  -9999.0
0.000000 0.000000 0.000000 0.000000 0.000000 0.000000 0.000000 0.000000 0.000000 0.000000 0.000000 0.000000 0.000000 0.000000 0.000000 0.000000 0.000000 0.000000 0.000000 0.000000 0.000000
0.000000 0.000000 0.350194 0.350194 0.350194 0.350195 0.350194 0.350194 0.350194 0.350194 0.350194 0.350194 0.350194 0.350194 0.350194 0.350194 0.350195 0.350195 0.350194 0.000000 0.000000
0.000000 0.000000 0.350005 0.350005 0.350006 0.350005 0.350006 0.350006 0.350006 0.350006 0.350006 0.350006 0.350007 0.350007 0.350006 0.350005 0.350004 0.350004 0.350005 0.000000 0.000000
0.000000 0.000000 0.350123 0.350119 0.350114 0.350109 0.350109 0.350104 0.350107 0.350108 0.350104 0.350107 0.350107 0.350107 0.350110 0.350114 0.350119 0.350119 0.350122 0.000000 0.000000
0.000000 0.000000 0.351266 0.351271 0.351260 0.351244 0.351234 0.351230 0.351231 0.351228 0.351228 0.351230 0.351234 0.351232 0.351246 0.351252 0.351255 0.351259 0.351261 0.000000 0.000000
0.000000 0.000000 0.354523 0.354517 0.354502 0.354483 0.354454 0.354433 0.354430 0.354424 0.354428 0.354428 0.354432 0.354429 0.354444 0.354462 0.354472 0.354476 0.354483 0.000000 0.000000
0.000000 0.000000 0.359160 0.359150 0.359134 0.359103 0.359064 0.359016 0.359020 0.359017 0.359015 0.359014 0.359011 0.359017 0.359054 0.359082 0.359101 0.359113 0.359120 0.000000 0.000000
0.000000 0.000000 0.364639 0.364628 0.364615 0.364581 0.364542 0.364499 0.364501 0.364496 0.364493 0.364490 0.364488 0.364496 0.364532 0.364565 0.364594 0.364596 0.364610 0.000000 0.000000
0.000000 0.000000 0.370609 0.370592 0.370572 0.370547 0.370502 0.370450 0.370455 0.370444 0.370440 0.370437 0.370439 0.370438 0.370490 0.370528 0.370550 0.370557 0.370570 0.000000 0.000000
0.000000 0.000000 0.377067 0.377047 0.377031 0.377005 0.376946 0.376898 0.376900 0.376893 0.376884 0.376888 0.376894 0.376893 0.376934 0.376982 0.377008 0.377015 0.377021 0.000000 0.000000
0.000000 0.000000 0.384240 0.384225 0.384212 0.384148 0.384111 0.384049 0.384065 0.384030 0.384036 0.384031 0.384019 0.384040 0.384083 0.384113 0.384149 0.384161 0.384190 0.000000 0.000000
0.000000 0.000000 0.392432 0.392401 0.392364 0.392333 0.392280 0.392203 0.392205 0.392198 0.392212 0.392183 0.392196 0.392195 0.392272 0.392315 0.392334 0.392342 0.392405 0.000000 0.000000
0.000000 0.000000 0.401504 0.401475 0.401465 0.401398 0.401353 0.401139 0.401139 0.401128 0.401061 0.401099 0.401106 0.401127 0.401289 0.401328 0.401403 0.401404 0.401428 0.000000 0.000000
0.000000 0.000000 0.412524 0.412511 0.412450 0.412408 0.412114 0.412184 0.412126 0.412127 0.412158 0.412125 0.412119 0.412095 0.412029 0.412344 0.412365 0.412435 0.412484 0.000000 0.000000
0.000000 0.000000 0.425507 0.425467 0.425400 0.425016 0.425121 0.424907 0.424840 0.424819 0.424742 0.424703 0.424747 0.424746 0.424944 0.424853 0.425354 0.425242 0.425235 0.000000 0.000000
0.000000 0.000000 0.438770 0.438740 0.438227 0.438449 0.438378 0.438379 0.438596 0.438535 0.438648 0.438622 0.438529 0.438654 0.438611 0.438670 0.438159 0.438915 0.438903 0.000000 0.000000
0.000000 0.000000 0.452706 0.452126 0.452319 0.452060 0.451770 0.451680 0.451486 0.451531 0.451335 0.451357 0.451470 0.451352 0.451509 0.451722 0.452281 0.451840 0.452439 0.000000 0.000000
0.000000 0.000000 0.457037 0.457375 0.457744 0.457708 0.457694 0.457335 0.457381 0.457281 0.457433 0.457399 0.457383 0.457429 0.457729 0.457741 0.457786 0.457466 0.457129 0.000000 0.000000
0.000000 0.000000 0.350000 0.350000 0.350000 0.350000 0.350000 0.350000 0.350000 0.350000 0.350000 0.350000 0.350000 0.350000 0.350000 0.350000 0.350000 0.350000 0.350000 0.000000 0.000000
0.000000 0.000000 0.000000 0.000000 0.000000 0.000000 0.000000 0.000000 0.000000 0.000000 0.000000 0.000000 0.000000 0.000000 0.000000 0.000000 0.000000 0.000000 0.000000 0.000000 0.000000