geotop/1.0zi/1.0Montebello/Templates/testdem/maps/_Eocclay177.asc
ncols         21
nrows         20
xllcorner     100.000000
yllcorner     100.000000
cellsize      50.000000
NODATA_value  -9999.0
0.000000 0.000000 0.000000 0.000000 0.000000 0.000000 0.000000 0.000000 0.000000 0.000000 0.000000 0.000000 0.000000 0.000000 0.000000 0.000000 0.000000 0.000000 0.000000 0.000000 0.000000
0.000000 0.000000 0.349435 0.349438 0.349438 0.349436 0.349438 0.349439 0.349438 0.349439 0.349437 0.349438 0.349438 0.349438 0.349438 0.349438 0.349436 0.349437 0.349437 0.000000 0.000000
0.000000 0.000000 0.349974 0.349973 0.349972 0.349974 0.349972 0.349972 0.349972 0.349972 0.349972 0.349972 0.349972 0.349972 0.349973 0.349973 0.349974 0.349973 0.349972 0.000000 0.000000
0.000000 0.000000 0.350127 0.350136 0.350130 0.350127 0.350132 0.350132 0.350133 0.350130 0.350131 0.350128 0.350129 0.350131 0.350131 0.350135 0.350133 0.350132 0.350132 0.000000 0.000000
0.000000 0.000000 0.352307 0.352291 0.352282 0.352265 0.352241 0.352234 0.352229 0.352229 0.352226 0.352233 0.352234 0.352232 0.352240 0.352248 0.352263 0.352274 0.352281 0.000000 0.000000
0.000000 0.000000 0.357703 0.357692 0.357662 0.357616 0.357580 0.357541 0.357542 0.357534 0.357531 0.357533 0.357539 0.357535 0.357552 0.357593 0.357611 0.357630 0.357634 0.000000 0.000000
0.000000 0.000000 0.364885 0.364868 0.364843 0.364794 0.364746 0.364665 0.364658 0.364648 0.364647 0.364648 0.364648 0.364646 0.364704 0.364750 0.364776 0.364797 0.364803 0.000000 0.000000
0.000000 0.000000 0.373652 0.373631 0.373603 0.373533 0.373478 0.373404 0.373394 0.373383 0.373378 0.373377 0.373373 0.373382 0.373431 0.373482 0.373526 0.373540 0.373554 0.000000 0.000000
0.000000 0.000000 0.383788 0.383757 0.383714 0.383658 0.383591 0.383496 0.383491 0.383468 0.383465 0.383458 0.383460 0.383452 0.383528 0.383594 0.383629 0.383652 0.383664 0.000000 0.000000
0.000000 0.000000 0.395815 0.395765 0.395716 0.395660 0.395577 0.395475 0.395456 0.395441 0.395428 0.395433 0.395449 0.395440 0.395499 0.395588 0.395635 0.395661 0.395664 0.000000 0.000000
0.000000 0.000000 0.410608 0.410558 0.410521 0.410361 0.410328 0.410175 0.410201 0.410116 0.410142 0.410123 0.410085 0.410125 0.410204 0.410254 0.410327 0.410360 0.410421 0.000000 0.000000
0.000000 0.000000 0.428978 0.428875 0.428757 0.428707 0.428625 0.428426 0.428387 0.428396 0.428425 0.428357 0.428387 0.428357 0.428520 0.428627 0.428653 0.428689 0.428805 0.000000 0.000000
0.000000 0.000000 0.448610 0.448531 0.448530 0.448375 0.448277 0.447772 0.447728 0.447681 0.447487 0.447636 0.447628 0.447669 0.448025 0.448095 0.448293 0.448325 0.448272 0.000000 0.000000
0.000000 0.000000 0.466897 0.466884 0.466753 0.466705 0.466238 0.466530 0.466414 0.466411 0.466532 0.466422 0.466407 0.466335 0.466092 0.466614 0.466591 0.466716 0.466774 0.000000 0.000000
0.000000 0.000000 0.478339 0.478312 0.478253 0.478006 0.478062 0.477945 0.477898 0.477885 0.477835 0.477814 0.477840 0.477835 0.477931 0.477881 0.478188 0.478129 0.478121 0.000000 0.000000
0.000000 0.000000 0.485957 0.485939 0.485775 0.485765 0.485749 0.485717 0.485756 0.485736 0.485752 0.485736 0.485719 0.485748 0.485757 0.485775 0.485727 0.485911 0.485910 0.000000 0.000000
0.000000 0.000000 0.492066 0.491924 0.491949 0.491814 0.491769 0.491705 0.491650 0.491656 0.491595 0.491594 0.491626 0.491599 0.491667 0.491696 0.491911 0.491796 0.491929 0.000000 0.000000
0.000000 0.000000 0.495058 0.495193 0.495227 0.495204 0.495240 0.495118 0.495154 0.495117 0.495169 0.495153 0.495137 0.495168 0.495259 0.495228 0.495216 0.495209 0.495063 0.000000 0.000000
0.000000 0.000000 0.350000 0.350000 0.350000 0.350000 0.350000 0.350000 0.350000 0.350000 0.350000 0.350000 0.350000 0.350000 0.350000 0.350000 0.350000 0.350000 0.350000 0.000000 0.000000
0.000000 0.000000 0.000000 0.000000 0.000000 0.000000 0.000000 0.000000 0.000000 0.000000 0.000000 0.000000 0.000000 0.000000 0.000000 0.000000 0.000000 0.000000 0.000000 0.000000 0.000000