geotop/1.0zi/1.0Montebello/Templates/testdem/maps/_Eocsand3276.asc
ncols         21
nrows         20
xllcorner     100.000000
yllcorner     100.000000
cellsize      50.000000
NODATA_value  -9999.0
0.000000 0.000000 0.000000 0.000000 0.000000 0.000000 0.000000 0.000000 0.000000 0.000000 0.000000 0.000000 0.000000 0.000000 0.000000 0.000000 0.000000 0.000000 0.000000 0.000000 0.000000
0.000000 0.000000 0.300089 0.300089 0.300089 0.300090 0.300089 0.300089 0.300089 0.300089 0.300091 0.300089 0.300089 0.300089 0.300089 0.300090 0.300089 0.300089 0.300089 0.000000 0.000000
0.000000 0.000000 0.300011 0.300011 0.300011 0.300011 0.300011 0.300011 0.300011 0.300011 0.300009 0.300011 0.300011 0.300011 0.300011 0.300011 0.300011 0.300011 0.300011 0.000000 0.000000
0.000000 0.000000 0.297431 0.297432 0.297436 0.297434 0.297431 0.297431 0.297432 0.297431 0.297430 0.297431 0.297432 0.297431 0.297431 0.297434 0.297436 0.297432 0.297431 0.000000 0.000000
0.000000 0.000000 0.287722 0.287724 0.287727 0.287727 0.287721 0.287723 0.287723 0.287720 0.287719 0.287720 0.287723 0.287723 0.287721 0.287727 0.287727 0.287724 0.287722 0.000000 0.000000
0.000000 0.000000 0.276434 0.276436 0.276439 0.276438 0.276433 0.276435 0.276435 0.276433 0.276432 0.276433 0.276435 0.276435 0.276433 0.276438 0.276439 0.276436 0.276434 0.000000 0.000000
0.000000 0.000000 0.266045 0.266046 0.266049 0.266048 0.266044 0.266046 0.266046 0.266044 0.266043 0.266044 0.266046 0.266046 0.266044 0.266048 0.266049 0.266046 0.266045 0.000000 0.000000
0.000000 0.000000 0.256622 0.256622 0.256625 0.256625 0.256621 0.256622 0.256622 0.256621 0.256620 0.256621 0.256622 0.256622 0.256621 0.256625 0.256625 0.256622 0.256622 0.000000 0.000000
0.000000 0.000000 0.247914 0.247915 0.247918 0.247917 0.247914 0.247915 0.247915 0.247914 0.247913 0.247914 0.247915 0.247915 0.247914 0.247917 0.247918 0.247915 0.247914 0.000000 0.000000
0.000000 0.000000 0.239716 0.239717 0.239719 0.239719 0.239716 0.239717 0.239717 0.239716 0.239715 0.239716 0.239717 0.239717 0.239716 0.239719 0.239719 0.239717 0.239716 0.000000 0.000000
0.000000 0.000000 0.231926 0.231926 0.231929 0.231928 0.231925 0.231926 0.231926 0.231925 0.231924 0.231925 0.231926 0.231926 0.231925 0.231928 0.231929 0.231926 0.231926 0.000000 0.000000
0.000000 0.000000 0.224467 0.224468 0.224470 0.224470 0.224467 0.224468 0.224468 0.224467 0.224466 0.224467 0.224468 0.224468 0.224467 0.224470 0.224470 0.224468 0.224467 0.000000 0.000000
0.000000 0.000000 0.217290 0.217290 0.217293 0.217292 0.217289 0.217290 0.217290 0.217289 0.217288 0.217289 0.217290 0.217290 0.217289 0.217292 0.217293 0.217290 0.217290 0.000000 0.000000
0.000000 0.000000 0.210333 0.210334 0.210336 0.210335 0.210333 0.210334 0.210334 0.210333 0.210332 0.210333 0.210334 0.210334 0.210333 0.210335 0.210336 0.210334 0.210333 0.000000 0.000000
0.000000 0.000000 0.203580 0.203581 0.203583 0.203582 0.203580 0.203581 0.203580 0.203579 0.203579 0.203579 0.203580 0.203581 0.203580 0.203582 0.203583 0.203581 0.203580 0.000000 0.000000
0.000000 0.000000 0.197017 0.197018 0.197020 0.197019 0.197017 0.197018 0.197018 0.197017 0.197016 0.197017 0.197018 0.197018 0.197017 0.197019 0.197020 0.197018 0.197017 0.000000 0.000000
0.000000 0.000000 0.190626 0.190627 0.190629 0.190628 0.190626 0.190627 0.190626 0.190626 0.190625 0.190626 0.190626 0.190627 0.190626 0.190628 0.190629 0.190627 0.190626 0.000000 0.000000
0.000000 0.000000 0.184285 0.184284 0.184286 0.184285 0.184283 0.184284 0.184284 0.184283 0.184282 0.184283 0.184284 0.184284 0.184283 0.184285 0.184286 0.184284 0.184284 0.000000 0.000000
0.000000 0.000000 0.300000 0.300000 0.300000 0.300000 0.300000 0.300000 0.300000 0.300000 0.300000 0.300000 0.300000 0.300000 0.300000 0.300000 0.300000 0.300000 0.300000 0.000000 0.000000
0.000000 0.000000 0.000000 0.000000 0.000000 0.000000 0.000000 0.000000 0.000000 0.000000 0.000000 0.000000 0.000000 0.000000 0.000000 0.000000 0.000000 0.000000 0.000000 0.000000 0.000000