geotop/1.0zi/1.0Montebello/Templates/testdem/maps/_Eocsilt2811.asc
ncols         21
nrows         20
xllcorner     100.000000
yllcorner     100.000000
cellsize      50.000000
NODATA_value  -9999.0
0.000000 0.000000 0.000000 0.000000 0.000000 0.000000 0.000000 0.000000 0.000000 0.000000 0.000000 0.000000 0.000000 0.000000 0.000000 0.000000 0.000000 0.000000 0.000000 0.000000 0.000000
0.000000 0.000000 0.350072 0.350072 0.350072 0.350072 0.350072 0.350072 0.350072 0.350072 0.350071 0.350072 0.350072 0.350072 0.350072 0.350072 0.350072 0.350072 0.350072 0.000000 0.000000
0.000000 0.000000 0.349998 0.349998 0.349998 0.349998 0.349998 0.349998 0.349998 0.349998 0.349999 0.349998 0.349998 0.349998 0.349998 0.349998 0.349998 0.349998 0.349998 0.000000 0.000000
0.000000 0.000000 0.351021 0.351020 0.351018 0.351019 0.351021 0.351021 0.351020 0.351021 0.351021 0.351021 0.351020 0.351021 0.351021 0.351019 0.351018 0.351020 0.351021 0.000000 0.000000
0.000000 0.000000 0.354866 0.354865 0.354863 0.354864 0.354866 0.354865 0.354865 0.354867 0.354867 0.354867 0.354865 0.354865 0.354866 0.354864 0.354863 0.354865 0.354866 0.000000 0.000000
0.000000 0.000000 0.359730 0.359729 0.359728 0.359728 0.359730 0.359729 0.359729 0.359730 0.359731 0.359730 0.359729 0.359729 0.359730 0.359728 0.359728 0.359729 0.359730 0.000000 0.000000
0.000000 0.000000 0.364161 0.364161 0.364160 0.364160 0.364162 0.364161 0.364161 0.364162 0.364162 0.364162 0.364161 0.364161 0.364162 0.364160 0.364160 0.364161 0.364161 0.000000 0.000000
0.000000 0.000000 0.368185 0.368185 0.368183 0.368184 0.368185 0.368185 0.368185 0.368186 0.368186 0.368186 0.368185 0.368185 0.368185 0.368184 0.368183 0.368185 0.368185 0.000000 0.000000
0.000000 0.000000 0.371916 0.371915 0.371914 0.371914 0.371916 0.371915 0.371915 0.371916 0.371916 0.371916 0.371915 0.371915 0.371916 0.371914 0.371914 0.371915 0.371916 0.000000 0.000000
0.000000 0.000000 0.375442 0.375442 0.375441 0.375441 0.375442 0.375442 0.375442 0.375443 0.375443 0.375443 0.375442 0.375442 0.375442 0.375441 0.375441 0.375442 0.375442 0.000000 0.000000
0.000000 0.000000 0.378806 0.378806 0.378805 0.378805 0.378807 0.378806 0.378806 0.378807 0.378807 0.378807 0.378806 0.378806 0.378807 0.378805 0.378805 0.378806 0.378806 0.000000 0.000000
0.000000 0.000000 0.382042 0.382041 0.382040 0.382041 0.382042 0.382041 0.382042 0.382042 0.382042 0.382042 0.382042 0.382041 0.382042 0.382041 0.382040 0.382041 0.382042 0.000000 0.000000
0.000000 0.000000 0.385173 0.385172 0.385171 0.385172 0.385173 0.385173 0.385173 0.385173 0.385173 0.385173 0.385173 0.385173 0.385173 0.385172 0.385171 0.385172 0.385173 0.000000 0.000000
0.000000 0.000000 0.388221 0.388221 0.388220 0.388220 0.388221 0.388221 0.388221 0.388221 0.388222 0.388221 0.388221 0.388221 0.388221 0.388220 0.388220 0.388221 0.388221 0.000000 0.000000
0.000000 0.000000 0.391194 0.391194 0.391193 0.391193 0.391194 0.391194 0.391194 0.391195 0.391195 0.391195 0.391194 0.391194 0.391194 0.391193 0.391193 0.391194 0.391194 0.000000 0.000000
0.000000 0.000000 0.394098 0.394098 0.394097 0.394097 0.394098 0.394098 0.394098 0.394099 0.394099 0.394099 0.394098 0.394098 0.394098 0.394097 0.394097 0.394098 0.394098 0.000000 0.000000
0.000000 0.000000 0.396937 0.396937 0.396936 0.396936 0.396937 0.396937 0.396937 0.396938 0.396938 0.396938 0.396937 0.396937 0.396937 0.396936 0.396936 0.396937 0.396937 0.000000 0.000000
0.000000 0.000000 0.399763 0.399763 0.399762 0.399762 0.399764 0.399763 0.399763 0.399764 0.399764 0.399764 0.399763 0.399763 0.399764 0.399762 0.399762 0.399763 0.399763 0.000000 0.000000
0.000000 0.000000 0.350000 0.350000 0.350000 0.350000 0.350000 0.350000 0.350000 0.350000 0.350000 0.350000 0.350000 0.350000 0.350000 0.350000 0.350000 0.350000 0.350000 0.000000 0.000000
0.000000 0.000000 0.000000 0.000000 0.000000 0.000000 0.000000 0.000000 0.000000 0.000000 0.000000 0.000000 0.000000 0.000000 0.000000 0.000000 0.000000 0.000000 0.000000 0.000000 0.000000