geotop/1.0zi/1.0Montebello/Templates/testdem/maps/_Eocsand6931.asc
ncols         21
nrows         20
xllcorner     100.000000
yllcorner     100.000000
cellsize      50.000000
NODATA_value  -9999.0
0.000000 0.000000 0.000000 0.000000 0.000000 0.000000 0.000000 0.000000 0.000000 0.000000 0.000000 0.000000 0.000000 0.000000 0.000000 0.000000 0.000000 0.000000 0.000000 0.000000 0.000000
0.000000 0.000000 0.300171 0.300169 0.300169 0.300170 0.300169 0.300168 0.300169 0.300169 0.300170 0.300169 0.300169 0.300169 0.300169 0.300169 0.300170 0.300170 0.300170 0.000000 0.000000
0.000000 0.000000 0.300009 0.300010 0.300010 0.300009 0.300010 0.300010 0.300010 0.300010 0.300010 0.300010 0.300009 0.300010 0.300010 0.300010 0.300010 0.300011 0.300012 0.000000 0.000000
0.000000 0.000000 0.299963 0.299962 0.299966 0.299972 0.299969 0.299971 0.299967 0.299970 0.299967 0.299970 0.299970 0.299970 0.299969 0.299964 0.299963 0.299960 0.299961 0.000000 0.000000
0.000000 0.000000 0.298603 0.298598 0.298606 0.298616 0.298633 0.298642 0.298643 0.298644 0.298646 0.298643 0.298646 0.298643 0.298625 0.298621 0.298617 0.298609 0.298597 0.000000 0.000000
0.000000 0.000000 0.294488 0.294487 0.294506 0.294544 0.294567 0.294607 0.294606 0.294617 0.294609 0.294607 0.294604 0.294606 0.294590 0.294564 0.294544 0.294526 0.294514 0.000000 0.000000
0.000000 0.000000 0.288453 0.288459 0.288475 0.288517 0.288569 0.288627 0.288626 0.288635 0.288631 0.288630 0.288634 0.288629 0.288582 0.288533 0.288508 0.288486 0.288470 0.000000 0.000000
0.000000 0.000000 0.281219 0.281221 0.281232 0.281279 0.281329 0.281393 0.281393 0.281400 0.281401 0.281404 0.281408 0.281397 0.281344 0.281298 0.281257 0.281246 0.281223 0.000000 0.000000
0.000000 0.000000 0.273639 0.273650 0.273674 0.273703 0.273754 0.273823 0.273819 0.273834 0.273838 0.273839 0.273838 0.273841 0.273775 0.273718 0.273687 0.273673 0.273653 0.000000 0.000000
0.000000 0.000000 0.265837 0.265851 0.265863 0.265889 0.265962 0.266024 0.266021 0.266031 0.266040 0.266033 0.266023 0.266030 0.265975 0.265911 0.265875 0.265866 0.265850 0.000000 0.000000
0.000000 0.000000 0.257614 0.257624 0.257636 0.257693 0.257742 0.257813 0.257797 0.257835 0.257831 0.257829 0.257842 0.257819 0.257774 0.257733 0.257689 0.257666 0.257632 0.000000 0.000000
0.000000 0.000000 0.248780 0.248802 0.248828 0.248869 0.248918 0.249005 0.249005 0.249022 0.249000 0.249025 0.249021 0.249014 0.248931 0.248888 0.248857 0.248843 0.248760 0.000000 0.000000
0.000000 0.000000 0.239504 0.239527 0.239540 0.239587 0.239632 0.239829 0.239831 0.239846 0.239891 0.239867 0.239854 0.239838 0.239690 0.239645 0.239573 0.239567 0.239514 0.000000 0.000000
0.000000 0.000000 0.229116 0.229126 0.229162 0.229198 0.229412 0.229438 0.229484 0.229486 0.229487 0.229489 0.229492 0.229500 0.229494 0.229268 0.229216 0.229159 0.229100 0.000000 0.000000
0.000000 0.000000 0.217330 0.217347 0.217397 0.217644 0.217682 0.217803 0.217878 0.217892 0.217932 0.217962 0.217934 0.217948 0.217837 0.217774 0.217441 0.217478 0.217450 0.000000 0.000000
0.000000 0.000000 0.204554 0.204573 0.204916 0.204916 0.204930 0.204997 0.204899 0.204944 0.204894 0.204929 0.204973 0.204895 0.204860 0.204836 0.204954 0.204502 0.204499 0.000000 0.000000
0.000000 0.000000 0.189196 0.189705 0.189758 0.189910 0.190161 0.190250 0.190330 0.190319 0.190443 0.190442 0.190379 0.190428 0.190301 0.190110 0.189785 0.189842 0.189319 0.000000 0.000000
0.000000 0.000000 0.179823 0.179586 0.179102 0.179181 0.179269 0.179725 0.179710 0.179823 0.179692 0.179725 0.179718 0.179686 0.179279 0.179207 0.179021 0.179483 0.179695 0.000000 0.000000
0.000000 0.000000 0.300000 0.300000 0.300000 0.300000 0.300000 0.300000 0.300000 0.300000 0.300000 0.300000 0.300000 0.300000 0.300000 0.300000 0.300000 0.300000 0.300000 0.000000 0.000000
0.000000 0.000000 0.000000 0.000000 0.000000 0.000000 0.000000 0.000000 0.000000 0.000000 0.000000 0.000000 0.000000 0.000000 0.000000 0.000000 0.000000 0.000000 0.000000 0.000000 0.000000