geotop/1.0zi/1.0Montebello/Templates/testdem/maps/_Eocsilt6491.asc
ncols         21
nrows         20
xllcorner     100.000000
yllcorner     100.000000
cellsize      50.000000
NODATA_value  -9999.0
0.000000 0.000000 0.000000 0.000000 0.000000 0.000000 0.000000 0.000000 0.000000 0.000000 0.000000 0.000000 0.000000 0.000000 0.000000 0.000000 0.000000 0.000000 0.000000 0.000000 0.000000
0.000000 0.000000 0.350130 0.350131 0.350131 0.350131 0.350131 0.350131 0.350131 0.350131 0.350131 0.350131 0.350131 0.350131 0.350131 0.350131 0.350131 0.350131 0.350131 0.000000 0.000000
0.000000 0.000000 0.350003 0.350002 0.350002 0.350002 0.350003 0.350003 0.350003 0.350003 0.350003 0.350003 0.350003 0.350004 0.350003 0.350002 0.350001 0.350001 0.350002 0.000000 0.000000
0.000000 0.000000 0.350054 0.350051 0.350050 0.350044 0.350045 0.350043 0.350045 0.350046 0.350044 0.350044 0.350044 0.350044 0.350047 0.350050 0.350052 0.350053 0.350053 0.000000 0.000000
0.000000 0.000000 0.350627 0.350633 0.350630 0.350625 0.350621 0.350615 0.350614 0.350612 0.350610 0.350612 0.350614 0.350614 0.350620 0.350624 0.350624 0.350633 0.350637 0.000000 0.000000
0.000000 0.000000 0.352363 0.352367 0.352360 0.352344 0.352331 0.352314 0.352313 0.352308 0.352312 0.352314 0.352315 0.352312 0.352319 0.352327 0.352337 0.352342 0.352347 0.000000 0.000000
0.000000 0.000000 0.354998 0.354996 0.354988 0.354967 0.354942 0.354917 0.354918 0.354915 0.354917 0.354915 0.354913 0.354917 0.354936 0.354957 0.354971 0.354982 0.354989 0.000000 0.000000
0.000000 0.000000 0.358214 0.358215 0.358212 0.358192 0.358167 0.358139 0.358139 0.358137 0.358135 0.358134 0.358133 0.358137 0.358159 0.358182 0.358202 0.358205 0.358216 0.000000 0.000000
0.000000 0.000000 0.361604 0.361599 0.361589 0.361575 0.361551 0.361519 0.361520 0.361514 0.361511 0.361511 0.361512 0.361511 0.361540 0.361564 0.361583 0.361589 0.361599 0.000000 0.000000
0.000000 0.000000 0.365050 0.365045 0.365040 0.365029 0.364996 0.364967 0.364969 0.364965 0.364960 0.364963 0.364968 0.364964 0.364989 0.365017 0.365035 0.365039 0.365046 0.000000 0.000000
0.000000 0.000000 0.368626 0.368624 0.368620 0.368594 0.368572 0.368540 0.368547 0.368531 0.368531 0.368531 0.368528 0.368537 0.368556 0.368574 0.368595 0.368606 0.368620 0.000000 0.000000
0.000000 0.000000 0.372432 0.372426 0.372414 0.372395 0.372374 0.372334 0.372335 0.372327 0.372336 0.372325 0.372328 0.372331 0.372367 0.372385 0.372400 0.372406 0.372443 0.000000 0.000000
0.000000 0.000000 0.376385 0.376376 0.376371 0.376350 0.376330 0.376247 0.376247 0.376240 0.376221 0.376230 0.376237 0.376244 0.376304 0.376322 0.376355 0.376358 0.376383 0.000000 0.000000
0.000000 0.000000 0.380741 0.380737 0.380723 0.380708 0.380622 0.380605 0.380586 0.380585 0.380580 0.380581 0.380581 0.380578 0.380586 0.380674 0.380701 0.380723 0.380749 0.000000 0.000000
0.000000 0.000000 0.385616 0.385612 0.385592 0.385496 0.385472 0.385422 0.385392 0.385386 0.385369 0.385355 0.385370 0.385364 0.385404 0.385438 0.385571 0.385559 0.385575 0.000000 0.000000
0.000000 0.000000 0.390847 0.390842 0.390713 0.390701 0.390693 0.390664 0.390694 0.390678 0.390693 0.390678 0.390663 0.390692 0.390709 0.390720 0.390697 0.390861 0.390863 0.000000 0.000000
0.000000 0.000000 0.396988 0.396809 0.396768 0.396713 0.396624 0.396587 0.396565 0.396567 0.396523 0.396520 0.396542 0.396530 0.396575 0.396643 0.396755 0.396764 0.396950 0.000000 0.000000
0.000000 0.000000 0.401122 0.401170 0.401336 0.401298 0.401248 0.401083 0.401083 0.401044 0.401079 0.401067 0.401076 0.401084 0.401234 0.401271 0.401364 0.401198 0.401161 0.000000 0.000000
0.000000 0.000000 0.350000 0.350000 0.350000 0.350000 0.350000 0.350000 0.350000 0.350000 0.350000 0.350000 0.350000 0.350000 0.350000 0.350000 0.350000 0.350000 0.350000 0.000000 0.000000
0.000000 0.000000 0.000000 0.000000 0.000000 0.000000 0.000000 0.000000 0.000000 0.000000 0.000000 0.000000 0.000000 0.000000 0.000000 0.000000 0.000000 0.000000 0.000000 0.000000 0.000000