geotop/1.0zi/1.0Montebello/Templates/testdem/maps/_Eocsilt1011.asc
ncols         21
nrows         20
xllcorner     100.000000
yllcorner     100.000000
cellsize      50.000000
NODATA_value  -9999.0
0.000000 0.000000 0.000000 0.000000 0.000000 0.000000 0.000000 0.000000 0.000000 0.000000 0.000000 0.000000 0.000000 0.000000 0.000000 0.000000 0.000000 0.000000 0.000000 0.000000 0.000000
0.000000 0.000000 0.350019 0.350019 0.350019 0.350019 0.350019 0.350019 0.350019 0.350019 0.350019 0.350019 0.350019 0.350019 0.350019 0.350019 0.350019 0.350019 0.350019 0.000000 0.000000
0.000000 0.000000 0.350001 0.350001 0.350001 0.350001 0.350001 0.350001 0.350001 0.350001 0.350001 0.350001 0.350001 0.350001 0.350001 0.350001 0.350001 0.350001 0.350001 0.000000 0.000000
0.000000 0.000000 0.350460 0.350459 0.350457 0.350458 0.350460 0.350460 0.350460 0.350460 0.350460 0.350460 0.350460 0.350460 0.350460 0.350458 0.350457 0.350459 0.350460 0.000000 0.000000
0.000000 0.000000 0.351956 0.351955 0.351953 0.351953 0.351956 0.351956 0.351955 0.351956 0.351956 0.351956 0.351955 0.351956 0.351956 0.351953 0.351953 0.351955 0.351956 0.000000 0.000000
0.000000 0.000000 0.353731 0.353731 0.353729 0.353729 0.353732 0.353731 0.353731 0.353731 0.353731 0.353731 0.353731 0.353731 0.353732 0.353729 0.353729 0.353731 0.353731 0.000000 0.000000
0.000000 0.000000 0.355359 0.355358 0.355357 0.355357 0.355359 0.355359 0.355359 0.355359 0.355359 0.355359 0.355359 0.355359 0.355359 0.355357 0.355357 0.355358 0.355359 0.000000 0.000000
0.000000 0.000000 0.356853 0.356852 0.356851 0.356851 0.356853 0.356853 0.356853 0.356853 0.356853 0.356853 0.356853 0.356853 0.356853 0.356851 0.356851 0.356852 0.356853 0.000000 0.000000
0.000000 0.000000 0.358252 0.358252 0.358251 0.358251 0.358252 0.358252 0.358252 0.358252 0.358252 0.358252 0.358252 0.358252 0.358252 0.358251 0.358251 0.358252 0.358252 0.000000 0.000000
0.000000 0.000000 0.359594 0.359594 0.359592 0.359593 0.359594 0.359594 0.359594 0.359594 0.359594 0.359594 0.359594 0.359594 0.359594 0.359593 0.359592 0.359594 0.359594 0.000000 0.000000
0.000000 0.000000 0.360892 0.360891 0.360890 0.360890 0.360892 0.360892 0.360892 0.360892 0.360892 0.360892 0.360892 0.360892 0.360892 0.360890 0.360890 0.360891 0.360892 0.000000 0.000000
0.000000 0.000000 0.362159 0.362159 0.362157 0.362158 0.362159 0.362159 0.362159 0.362159 0.362159 0.362159 0.362159 0.362159 0.362159 0.362158 0.362157 0.362159 0.362159 0.000000 0.000000
0.000000 0.000000 0.363406 0.363405 0.363404 0.363404 0.363406 0.363406 0.363406 0.363406 0.363406 0.363406 0.363406 0.363406 0.363406 0.363404 0.363404 0.363405 0.363406 0.000000 0.000000
0.000000 0.000000 0.364632 0.364631 0.364630 0.364631 0.364632 0.364632 0.364632 0.364632 0.364632 0.364632 0.364632 0.364632 0.364632 0.364631 0.364630 0.364631 0.364632 0.000000 0.000000
0.000000 0.000000 0.365844 0.365844 0.365843 0.365843 0.365844 0.365844 0.365844 0.365844 0.365844 0.365844 0.365844 0.365844 0.365844 0.365843 0.365843 0.365844 0.365844 0.000000 0.000000
0.000000 0.000000 0.367048 0.367047 0.367046 0.367046 0.367048 0.367048 0.367048 0.367048 0.367048 0.367048 0.367048 0.367048 0.367048 0.367046 0.367046 0.367047 0.367048 0.000000 0.000000
0.000000 0.000000 0.368238 0.368238 0.368236 0.368237 0.368238 0.368238 0.368238 0.368238 0.368238 0.368238 0.368238 0.368238 0.368238 0.368237 0.368236 0.368238 0.368238 0.000000 0.000000
0.000000 0.000000 0.369455 0.369455 0.369454 0.369454 0.369455 0.369455 0.369455 0.369455 0.369455 0.369455 0.369455 0.369455 0.369455 0.369454 0.369454 0.369455 0.369455 0.000000 0.000000
0.000000 0.000000 0.350000 0.350000 0.350000 0.350000 0.350000 0.350000 0.350000 0.350000 0.350000 0.350000 0.350000 0.350000 0.350000 0.350000 0.350000 0.350000 0.350000 0.000000 0.000000
0.000000 0.000000 0.000000 0.000000 0.000000 0.000000 0.000000 0.000000 0.000000 0.000000 0.000000 0.000000 0.000000 0.000000 0.000000 0.000000 0.000000 0.000000 0.000000 0.000000 0.000000