geotop/1.0zi/1.0Montebello/Templates/testdem/maps/_Eocsilt4638.asc
ncols         21
nrows         20
xllcorner     100.000000
yllcorner     100.000000
cellsize      50.000000
NODATA_value  -9999.0
0.000000 0.000000 0.000000 0.000000 0.000000 0.000000 0.000000 0.000000 0.000000 0.000000 0.000000 0.000000 0.000000 0.000000 0.000000 0.000000 0.000000 0.000000 0.000000 0.000000 0.000000
0.000000 0.000000 0.350093 0.350093 0.350093 0.350093 0.350093 0.350093 0.350093 0.350093 0.350093 0.350093 0.350093 0.350094 0.350093 0.350093 0.350094 0.350093 0.350093 0.000000 0.000000
0.000000 0.000000 0.350002 0.350002 0.350003 0.350003 0.350003 0.350003 0.350004 0.350003 0.350004 0.350003 0.350003 0.350003 0.350003 0.350003 0.350001 0.350001 0.350002 0.000000 0.000000
0.000000 0.000000 0.350032 0.350031 0.350031 0.350026 0.350028 0.350025 0.350027 0.350028 0.350027 0.350027 0.350027 0.350026 0.350028 0.350030 0.350031 0.350032 0.350031 0.000000 0.000000
0.000000 0.000000 0.350386 0.350389 0.350388 0.350383 0.350381 0.350378 0.350376 0.350373 0.350372 0.350374 0.350375 0.350376 0.350380 0.350381 0.350382 0.350390 0.350393 0.000000 0.000000
0.000000 0.000000 0.351543 0.351545 0.351541 0.351530 0.351523 0.351508 0.351506 0.351500 0.351505 0.351508 0.351511 0.351511 0.351516 0.351521 0.351528 0.351530 0.351534 0.000000 0.000000
0.000000 0.000000 0.353347 0.353347 0.353343 0.353329 0.353312 0.353295 0.353296 0.353293 0.353297 0.353295 0.353294 0.353297 0.353309 0.353325 0.353331 0.353337 0.353343 0.000000 0.000000
0.000000 0.000000 0.355451 0.355448 0.355447 0.355433 0.355419 0.355402 0.355404 0.355400 0.355401 0.355401 0.355399 0.355398 0.355415 0.355431 0.355441 0.355444 0.355450 0.000000 0.000000
0.000000 0.000000 0.357618 0.357613 0.357609 0.357598 0.357583 0.357561 0.357562 0.357558 0.357559 0.357560 0.357558 0.357558 0.357576 0.357595 0.357603 0.357608 0.357616 0.000000 0.000000
0.000000 0.000000 0.359767 0.359764 0.359761 0.359751 0.359734 0.359715 0.359718 0.359715 0.359715 0.359716 0.359713 0.359711 0.359731 0.359749 0.359756 0.359760 0.359766 0.000000 0.000000
0.000000 0.000000 0.361936 0.361932 0.361930 0.361921 0.361908 0.361886 0.361888 0.361883 0.361884 0.361885 0.361882 0.361881 0.361898 0.361912 0.361921 0.361926 0.361933 0.000000 0.000000
0.000000 0.000000 0.364180 0.364177 0.364173 0.364160 0.364147 0.364124 0.364124 0.364121 0.364122 0.364122 0.364120 0.364119 0.364140 0.364156 0.364165 0.364169 0.364193 0.000000 0.000000
0.000000 0.000000 0.366454 0.366450 0.366446 0.366436 0.366420 0.366373 0.366374 0.366370 0.366370 0.366371 0.366367 0.366367 0.366407 0.366427 0.366436 0.366440 0.366455 0.000000 0.000000
0.000000 0.000000 0.368863 0.368855 0.368853 0.368843 0.368797 0.368784 0.368777 0.368774 0.368775 0.368775 0.368771 0.368771 0.368784 0.368831 0.368841 0.368850 0.368859 0.000000 0.000000
0.000000 0.000000 0.371460 0.371454 0.371443 0.371402 0.371380 0.371350 0.371337 0.371332 0.371326 0.371325 0.371326 0.371321 0.371343 0.371376 0.371428 0.371426 0.371433 0.000000 0.000000
0.000000 0.000000 0.374148 0.374142 0.374092 0.374084 0.374070 0.374055 0.374053 0.374051 0.374054 0.374054 0.374046 0.374055 0.374063 0.374077 0.374078 0.374133 0.374147 0.000000 0.000000
0.000000 0.000000 0.377138 0.377071 0.377031 0.377011 0.376978 0.376958 0.376954 0.376951 0.376944 0.376945 0.376945 0.376939 0.376953 0.376993 0.377019 0.377047 0.377114 0.000000 0.000000
0.000000 0.000000 0.379469 0.379455 0.379498 0.379473 0.379444 0.379377 0.379371 0.379364 0.379368 0.379367 0.379362 0.379366 0.379426 0.379461 0.379499 0.379443 0.379470 0.000000 0.000000
0.000000 0.000000 0.350000 0.350000 0.350000 0.350000 0.350000 0.350000 0.350000 0.350000 0.350000 0.350000 0.350000 0.350000 0.350000 0.350000 0.350000 0.350000 0.350000 0.000000 0.000000
0.000000 0.000000 0.000000 0.000000 0.000000 0.000000 0.000000 0.000000 0.000000 0.000000 0.000000 0.000000 0.000000 0.000000 0.000000 0.000000 0.000000 0.000000 0.000000 0.000000 0.000000