geotop/1.0zi/1.0Montebello/Templates/testdem/maps/_Eocsilt8504.asc
ncols         21
nrows         20
xllcorner     100.000000
yllcorner     100.000000
cellsize      50.000000
NODATA_value  -9999.0
0.000000 0.000000 0.000000 0.000000 0.000000 0.000000 0.000000 0.000000 0.000000 0.000000 0.000000 0.000000 0.000000 0.000000 0.000000 0.000000 0.000000 0.000000 0.000000 0.000000 0.000000
0.000000 0.000000 0.350177 0.350178 0.350178 0.350178 0.350178 0.350178 0.350178 0.350178 0.350178 0.350177 0.350177 0.350177 0.350177 0.350178 0.350178 0.350178 0.350178 0.000000 0.000000
0.000000 0.000000 0.350006 0.350006 0.350006 0.350005 0.350006 0.350006 0.350006 0.350006 0.350007 0.350006 0.350007 0.350007 0.350006 0.350006 0.350004 0.350004 0.350006 0.000000 0.000000
0.000000 0.000000 0.350102 0.350099 0.350096 0.350091 0.350092 0.350087 0.350090 0.350090 0.350087 0.350089 0.350089 0.350089 0.350092 0.350095 0.350098 0.350098 0.350100 0.000000 0.000000
0.000000 0.000000 0.351074 0.351080 0.351069 0.351057 0.351049 0.351042 0.351040 0.351038 0.351038 0.351040 0.351044 0.351043 0.351056 0.351060 0.351064 0.351073 0.351075 0.000000 0.000000
0.000000 0.000000 0.353930 0.353927 0.353918 0.353899 0.353879 0.353857 0.353855 0.353848 0.353854 0.353854 0.353857 0.353855 0.353869 0.353881 0.353895 0.353901 0.353908 0.000000 0.000000
0.000000 0.000000 0.358055 0.358048 0.358037 0.358009 0.357973 0.357936 0.357938 0.357934 0.357934 0.357934 0.357932 0.357936 0.357968 0.357996 0.358013 0.358029 0.358036 0.000000 0.000000
0.000000 0.000000 0.362935 0.362931 0.362924 0.362894 0.362862 0.362820 0.362821 0.362815 0.362814 0.362812 0.362810 0.362817 0.362852 0.362880 0.362908 0.362914 0.362927 0.000000 0.000000
0.000000 0.000000 0.368210 0.368198 0.368183 0.368162 0.368125 0.368079 0.368082 0.368072 0.368069 0.368068 0.368070 0.368068 0.368114 0.368149 0.368171 0.368182 0.368193 0.000000 0.000000
0.000000 0.000000 0.373812 0.373800 0.373791 0.373771 0.373719 0.373678 0.373679 0.373673 0.373667 0.373672 0.373677 0.373675 0.373712 0.373754 0.373779 0.373788 0.373795 0.000000 0.000000
0.000000 0.000000 0.379921 0.379914 0.379905 0.379857 0.379823 0.379772 0.379785 0.379755 0.379762 0.379760 0.379750 0.379767 0.379804 0.379828 0.379862 0.379879 0.379902 0.000000 0.000000
0.000000 0.000000 0.386761 0.386739 0.386718 0.386692 0.386648 0.386588 0.386582 0.386577 0.386590 0.386569 0.386578 0.386579 0.386645 0.386679 0.386699 0.386713 0.386768 0.000000 0.000000
0.000000 0.000000 0.394210 0.394188 0.394186 0.394138 0.394104 0.393936 0.393933 0.393925 0.393878 0.393906 0.393913 0.393928 0.394058 0.394088 0.394153 0.394158 0.394184 0.000000 0.000000
0.000000 0.000000 0.403033 0.403026 0.402991 0.402960 0.402744 0.402770 0.402726 0.402727 0.402744 0.402727 0.402723 0.402707 0.402681 0.402909 0.402938 0.402998 0.403038 0.000000 0.000000
0.000000 0.000000 0.413473 0.413450 0.413406 0.413127 0.413164 0.413023 0.412963 0.412949 0.412899 0.412869 0.412901 0.412895 0.413033 0.413008 0.413376 0.413313 0.413317 0.000000 0.000000
0.000000 0.000000 0.424802 0.424782 0.424384 0.424512 0.424475 0.424448 0.424603 0.424555 0.424639 0.424614 0.424547 0.424644 0.424643 0.424668 0.424346 0.424930 0.424922 0.000000 0.000000
0.000000 0.000000 0.438438 0.437842 0.437996 0.437758 0.437462 0.437372 0.437197 0.437237 0.437053 0.437074 0.437180 0.437072 0.437227 0.437445 0.437972 0.437604 0.438223 0.000000 0.000000
0.000000 0.000000 0.442912 0.443445 0.443910 0.443912 0.443942 0.443492 0.443573 0.443439 0.443662 0.443618 0.443583 0.443657 0.444030 0.444007 0.443993 0.443640 0.443115 0.000000 0.000000
0.000000 0.000000 0.350000 0.350000 0.350000 0.350000 0.350000 0.350000 0.350000 0.350000 0.350000 0.350000 0.350000 0.350000 0.350000 0.350000 0.350000 0.350000 0.350000 0.000000 0.000000
0.000000 0.000000 0.000000 0.000000 0.000000 0.000000 0.000000 0.000000 0.000000 0.000000 0.000000 0.000000 0.000000 0.000000 0.000000 0.000000 0.000000 0.000000 0.000000 0.000000 0.000000