geotop/1.0zi/1.0Montebello/Templates/testdem/maps/_Eocclay9726.asc
ncols         21
nrows         20
xllcorner     100.000000
yllcorner     100.000000
cellsize      50.000000
NODATA_value  -9999.0
0.000000 0.000000 0.000000 0.000000 0.000000 0.000000 0.000000 0.000000 0.000000 0.000000 0.000000 0.000000 0.000000 0.000000 0.000000 0.000000 0.000000 0.000000 0.000000 0.000000 0.000000
0.000000 0.000000 0.349552 0.349555 0.349555 0.349554 0.349556 0.349556 0.349555 0.349555 0.349554 0.349555 0.349555 0.349555 0.349555 0.349555 0.349553 0.349554 0.349555 0.000000 0.000000
0.000000 0.000000 0.349981 0.349979 0.349979 0.349982 0.349979 0.349979 0.349979 0.349979 0.349979 0.349980 0.349980 0.349979 0.349980 0.349981 0.349981 0.349981 0.349979 0.000000 0.000000
0.000000 0.000000 0.350040 0.350045 0.350042 0.350038 0.350039 0.350039 0.350043 0.350040 0.350043 0.350041 0.350042 0.350040 0.350043 0.350046 0.350045 0.350046 0.350043 0.000000 0.000000
0.000000 0.000000 0.351485 0.351479 0.351473 0.351461 0.351443 0.351440 0.351437 0.351439 0.351437 0.351441 0.351441 0.351443 0.351452 0.351457 0.351468 0.351471 0.351480 0.000000 0.000000
0.000000 0.000000 0.355413 0.355407 0.355385 0.355348 0.355318 0.355286 0.355291 0.355285 0.355285 0.355284 0.355291 0.355289 0.355305 0.355337 0.355352 0.355365 0.355370 0.000000 0.000000
0.000000 0.000000 0.360626 0.360615 0.360601 0.360565 0.360525 0.360467 0.360468 0.360462 0.360458 0.360459 0.360460 0.360460 0.360508 0.360543 0.360562 0.360576 0.360583 0.000000 0.000000
0.000000 0.000000 0.366843 0.366830 0.366813 0.366768 0.366723 0.366670 0.366671 0.366664 0.366659 0.366657 0.366655 0.366665 0.366708 0.366744 0.366777 0.366786 0.366800 0.000000 0.000000
0.000000 0.000000 0.373648 0.373631 0.373607 0.373572 0.373521 0.373461 0.373467 0.373455 0.373446 0.373444 0.373447 0.373445 0.373504 0.373549 0.373574 0.373584 0.373597 0.000000 0.000000
0.000000 0.000000 0.381187 0.381161 0.381142 0.381105 0.381048 0.380985 0.380986 0.380977 0.380964 0.380969 0.380978 0.380974 0.381022 0.381081 0.381111 0.381123 0.381129 0.000000 0.000000
0.000000 0.000000 0.389797 0.389776 0.389757 0.389675 0.389648 0.389562 0.389580 0.389537 0.389541 0.389535 0.389521 0.389545 0.389599 0.389635 0.389678 0.389694 0.389731 0.000000 0.000000
0.000000 0.000000 0.399862 0.399817 0.399766 0.399727 0.399682 0.399574 0.399572 0.399566 0.399579 0.399541 0.399559 0.399554 0.399651 0.399707 0.399730 0.399744 0.399819 0.000000 0.000000
0.000000 0.000000 0.411242 0.411200 0.411188 0.411109 0.411053 0.410767 0.410762 0.410744 0.410643 0.410704 0.410711 0.410736 0.410949 0.410997 0.411102 0.411107 0.411126 0.000000 0.000000
0.000000 0.000000 0.425410 0.425390 0.425299 0.425242 0.424839 0.424980 0.424894 0.424893 0.424946 0.424891 0.424882 0.424840 0.424710 0.425153 0.425169 0.425272 0.425334 0.000000 0.000000
0.000000 0.000000 0.441680 0.441631 0.441549 0.441022 0.441246 0.440918 0.440843 0.440808 0.440688 0.440649 0.440710 0.440713 0.441003 0.440788 0.441476 0.441313 0.441288 0.000000 0.000000
0.000000 0.000000 0.456498 0.456469 0.455877 0.456199 0.456089 0.456120 0.456384 0.456314 0.456456 0.456433 0.456319 0.456461 0.456372 0.456474 0.455788 0.456699 0.456686 0.000000 0.000000
0.000000 0.000000 0.469769 0.469269 0.469438 0.469212 0.468955 0.468871 0.468703 0.468743 0.468570 0.468591 0.468691 0.468586 0.468725 0.468916 0.469399 0.469019 0.469540 0.000000 0.000000
0.000000 0.000000 0.474484 0.474670 0.474978 0.474915 0.474868 0.474579 0.474592 0.474520 0.474612 0.474590 0.474592 0.474612 0.474862 0.474900 0.475001 0.474702 0.474520 0.000000 0.000000
0.000000 0.000000 0.350000 0.350000 0.350000 0.350000 0.350000 0.350000 0.350000 0.350000 0.350000 0.350000 0.350000 0.350000 0.350000 0.350000 0.350000 0.350000 0.350000 0.000000 0.000000
0.000000 0.000000 0.000000 0.000000 0.000000 0.000000 0.000000 0.000000 0.000000 0.000000 0.000000 0.000000 0.000000 0.000000 0.000000 0.000000 0.000000 0.000000 0.000000 0.000000 0.000000