geotop/1.0zi/1.0Montebello/Templates/testdem/maps/_Eocclay8794.asc
ncols         21
nrows         20
xllcorner     100.000000
yllcorner     100.000000
cellsize      50.000000
NODATA_value  -9999.0
0.000000 0.000000 0.000000 0.000000 0.000000 0.000000 0.000000 0.000000 0.000000 0.000000 0.000000 0.000000 0.000000 0.000000 0.000000 0.000000 0.000000 0.000000 0.000000 0.000000 0.000000
0.000000 0.000000 0.349591 0.349593 0.349593 0.349592 0.349594 0.349594 0.349593 0.349593 0.349592 0.349594 0.349593 0.349593 0.349594 0.349593 0.349591 0.349592 0.349593 0.000000 0.000000
0.000000 0.000000 0.349983 0.349982 0.349982 0.349984 0.349982 0.349981 0.349982 0.349982 0.349981 0.349981 0.349982 0.349981 0.349982 0.349983 0.349983 0.349983 0.349981 0.000000 0.000000
0.000000 0.000000 0.350023 0.350028 0.350026 0.350021 0.350022 0.350023 0.350026 0.350024 0.350027 0.350025 0.350025 0.350023 0.350026 0.350028 0.350026 0.350028 0.350026 0.000000 0.000000
0.000000 0.000000 0.351191 0.351184 0.351180 0.351171 0.351154 0.351154 0.351151 0.351152 0.351150 0.351151 0.351150 0.351152 0.351161 0.351165 0.351176 0.351175 0.351185 0.000000 0.000000
0.000000 0.000000 0.354494 0.354490 0.354471 0.354441 0.354418 0.354394 0.354397 0.354391 0.354395 0.354395 0.354400 0.354399 0.354412 0.354438 0.354450 0.354461 0.354466 0.000000 0.000000
0.000000 0.000000 0.358953 0.358944 0.358935 0.358906 0.358872 0.358823 0.358825 0.358820 0.358820 0.358822 0.358822 0.358822 0.358863 0.358894 0.358911 0.358921 0.358929 0.000000 0.000000
0.000000 0.000000 0.364233 0.364224 0.364214 0.364179 0.364144 0.364099 0.364101 0.364096 0.364096 0.364094 0.364091 0.364100 0.364138 0.364168 0.364197 0.364202 0.364216 0.000000 0.000000
0.000000 0.000000 0.369907 0.369895 0.369880 0.369856 0.369816 0.369768 0.369774 0.369763 0.369761 0.369759 0.369760 0.369758 0.369808 0.369846 0.369867 0.369873 0.369886 0.000000 0.000000
0.000000 0.000000 0.376036 0.376019 0.376011 0.375985 0.375929 0.375886 0.375888 0.375882 0.375875 0.375880 0.375887 0.375884 0.375925 0.375972 0.375997 0.376004 0.376011 0.000000 0.000000
0.000000 0.000000 0.382841 0.382830 0.382820 0.382764 0.382727 0.382671 0.382687 0.382654 0.382661 0.382658 0.382647 0.382666 0.382709 0.382737 0.382773 0.382786 0.382813 0.000000 0.000000
0.000000 0.000000 0.390551 0.390528 0.390500 0.390469 0.390419 0.390353 0.390353 0.390348 0.390363 0.390337 0.390349 0.390347 0.390422 0.390461 0.390481 0.390490 0.390551 0.000000 0.000000
0.000000 0.000000 0.399056 0.399030 0.399027 0.398967 0.398928 0.398732 0.398733 0.398723 0.398666 0.398701 0.398709 0.398726 0.398879 0.398916 0.398989 0.398990 0.399014 0.000000 0.000000
0.000000 0.000000 0.409335 0.409326 0.409279 0.409241 0.408973 0.409027 0.408977 0.408979 0.409006 0.408981 0.408976 0.408953 0.408909 0.409194 0.409221 0.409285 0.409331 0.000000 0.000000
0.000000 0.000000 0.421608 0.421574 0.421520 0.421167 0.421245 0.421064 0.420999 0.420981 0.420916 0.420881 0.420921 0.420915 0.421093 0.421033 0.421496 0.421397 0.421394 0.000000 0.000000
0.000000 0.000000 0.434786 0.434761 0.434261 0.434457 0.434398 0.434389 0.434602 0.434542 0.434654 0.434626 0.434538 0.434659 0.434637 0.434688 0.434219 0.434959 0.434947 0.000000 0.000000
0.000000 0.000000 0.450288 0.449577 0.449813 0.449504 0.449150 0.449047 0.448819 0.448875 0.448643 0.448670 0.448807 0.448663 0.448855 0.449116 0.449792 0.449267 0.450003 0.000000 0.000000
0.000000 0.000000 0.454392 0.455039 0.455559 0.455567 0.455618 0.455110 0.455220 0.455065 0.455332 0.455280 0.455233 0.455323 0.455739 0.455706 0.455654 0.455268 0.454627 0.000000 0.000000
0.000000 0.000000 0.350000 0.350000 0.350000 0.350000 0.350000 0.350000 0.350000 0.350000 0.350000 0.350000 0.350000 0.350000 0.350000 0.350000 0.350000 0.350000 0.350000 0.000000 0.000000
0.000000 0.000000 0.000000 0.000000 0.000000 0.000000 0.000000 0.000000 0.000000 0.000000 0.000000 0.000000 0.000000 0.000000 0.000000 0.000000 0.000000 0.000000 0.000000 0.000000 0.000000