geotop/1.0zi/1.0Montebello/Templates/testdem/maps/_Eocclay4628.asc
ncols         21
nrows         20
xllcorner     100.000000
yllcorner     100.000000
cellsize      50.000000
NODATA_value  -9999.0
0.000000 0.000000 0.000000 0.000000 0.000000 0.000000 0.000000 0.000000 0.000000 0.000000 0.000000 0.000000 0.000000 0.000000 0.000000 0.000000 0.000000 0.000000 0.000000 0.000000 0.000000
0.000000 0.000000 0.349795 0.349795 0.349796 0.349796 0.349796 0.349796 0.349795 0.349796 0.349795 0.349795 0.349795 0.349795 0.349796 0.349796 0.349795 0.349795 0.349795 0.000000 0.000000
0.000000 0.000000 0.349992 0.349993 0.349993 0.349993 0.349992 0.349993 0.349992 0.349992 0.349992 0.349992 0.349993 0.349993 0.349992 0.349993 0.349992 0.349992 0.349992 0.000000 0.000000
0.000000 0.000000 0.349994 0.349995 0.349993 0.349994 0.349995 0.349995 0.349996 0.349995 0.349995 0.349994 0.349994 0.349993 0.349996 0.349997 0.349996 0.349996 0.349995 0.000000 0.000000
0.000000 0.000000 0.350339 0.350338 0.350337 0.350332 0.350324 0.350322 0.350322 0.350322 0.350321 0.350323 0.350320 0.350321 0.350326 0.350325 0.350329 0.350330 0.350333 0.000000 0.000000
0.000000 0.000000 0.351596 0.351600 0.351594 0.351579 0.351574 0.351561 0.351559 0.351555 0.351559 0.351560 0.351563 0.351564 0.351566 0.351576 0.351581 0.351589 0.351594 0.000000 0.000000
0.000000 0.000000 0.353471 0.353467 0.353465 0.353452 0.353437 0.353416 0.353416 0.353412 0.353415 0.353416 0.353416 0.353417 0.353432 0.353448 0.353457 0.353464 0.353470 0.000000 0.000000
0.000000 0.000000 0.355625 0.355624 0.355623 0.355607 0.355592 0.355571 0.355573 0.355569 0.355571 0.355571 0.355568 0.355568 0.355587 0.355603 0.355612 0.355616 0.355624 0.000000 0.000000
0.000000 0.000000 0.357777 0.357774 0.357771 0.357760 0.357746 0.357725 0.357727 0.357723 0.357724 0.357725 0.357722 0.357723 0.357740 0.357758 0.357765 0.357769 0.357777 0.000000 0.000000
0.000000 0.000000 0.359937 0.359933 0.359931 0.359919 0.359902 0.359882 0.359885 0.359882 0.359883 0.359883 0.359881 0.359879 0.359899 0.359917 0.359925 0.359929 0.359936 0.000000 0.000000
0.000000 0.000000 0.362140 0.362135 0.362133 0.362125 0.362112 0.362089 0.362091 0.362086 0.362086 0.362088 0.362085 0.362084 0.362101 0.362115 0.362124 0.362129 0.362137 0.000000 0.000000
0.000000 0.000000 0.364419 0.364416 0.364412 0.364398 0.364385 0.364363 0.364362 0.364359 0.364360 0.364359 0.364357 0.364356 0.364377 0.364394 0.364403 0.364407 0.364431 0.000000 0.000000
0.000000 0.000000 0.366732 0.366728 0.366724 0.366714 0.366698 0.366651 0.366651 0.366647 0.366647 0.366648 0.366645 0.366645 0.366686 0.366706 0.366715 0.366719 0.366734 0.000000 0.000000
0.000000 0.000000 0.369186 0.369178 0.369176 0.369165 0.369118 0.369105 0.369098 0.369094 0.369095 0.369096 0.369092 0.369092 0.369105 0.369153 0.369163 0.369173 0.369182 0.000000 0.000000
0.000000 0.000000 0.371836 0.371830 0.371818 0.371776 0.371754 0.371724 0.371709 0.371704 0.371698 0.371698 0.371699 0.371693 0.371717 0.371750 0.371803 0.371801 0.371809 0.000000 0.000000
0.000000 0.000000 0.374574 0.374568 0.374518 0.374509 0.374495 0.374480 0.374479 0.374477 0.374480 0.374480 0.374472 0.374481 0.374488 0.374502 0.374503 0.374560 0.374574 0.000000 0.000000
0.000000 0.000000 0.377626 0.377558 0.377517 0.377497 0.377463 0.377443 0.377439 0.377436 0.377429 0.377430 0.377429 0.377423 0.377438 0.377479 0.377505 0.377533 0.377602 0.000000 0.000000
0.000000 0.000000 0.380002 0.379988 0.380033 0.380008 0.379978 0.379910 0.379903 0.379896 0.379900 0.379899 0.379894 0.379899 0.379960 0.379995 0.380034 0.379976 0.380003 0.000000 0.000000
0.000000 0.000000 0.350000 0.350000 0.350000 0.350000 0.350000 0.350000 0.350000 0.350000 0.350000 0.350000 0.350000 0.350000 0.350000 0.350000 0.350000 0.350000 0.350000 0.000000 0.000000
0.000000 0.000000 0.000000 0.000000 0.000000 0.000000 0.000000 0.000000 0.000000 0.000000 0.000000 0.000000 0.000000 0.000000 0.000000 0.000000 0.000000 0.000000 0.000000 0.000000 0.000000