geotop/1.0zi/1.0Montebello/Templates/testdem/maps/_Eocclay9947.asc
ncols         21
nrows         20
xllcorner     100.000000
yllcorner     100.000000
cellsize      50.000000
NODATA_value  -9999.0
0.000000 0.000000 0.000000 0.000000 0.000000 0.000000 0.000000 0.000000 0.000000 0.000000 0.000000 0.000000 0.000000 0.000000 0.000000 0.000000 0.000000 0.000000 0.000000 0.000000 0.000000
0.000000 0.000000 0.349543 0.349546 0.349545 0.349544 0.349546 0.349546 0.349546 0.349546 0.349545 0.349546 0.349546 0.349546 0.349546 0.349546 0.349544 0.349545 0.349545 0.000000 0.000000
0.000000 0.000000 0.349982 0.349980 0.349980 0.349982 0.349979 0.349979 0.349980 0.349979 0.349979 0.349979 0.349979 0.349979 0.349980 0.349981 0.349981 0.349981 0.349979 0.000000 0.000000
0.000000 0.000000 0.350038 0.350043 0.350040 0.350035 0.350037 0.350036 0.350041 0.350038 0.350041 0.350039 0.350039 0.350038 0.350041 0.350044 0.350042 0.350043 0.350041 0.000000 0.000000
0.000000 0.000000 0.351505 0.351499 0.351492 0.351479 0.351460 0.351457 0.351454 0.351456 0.351453 0.351458 0.351458 0.351459 0.351470 0.351475 0.351486 0.351490 0.351498 0.000000 0.000000
0.000000 0.000000 0.355523 0.355517 0.355493 0.355452 0.355420 0.355388 0.355393 0.355389 0.355386 0.355386 0.355393 0.355390 0.355408 0.355439 0.355454 0.355468 0.355473 0.000000 0.000000
0.000000 0.000000 0.360939 0.360927 0.360911 0.360871 0.360830 0.360769 0.360770 0.360766 0.360759 0.360761 0.360762 0.360761 0.360811 0.360846 0.360867 0.360881 0.360888 0.000000 0.000000
0.000000 0.000000 0.367380 0.367365 0.367347 0.367297 0.367250 0.367196 0.367197 0.367192 0.367184 0.367182 0.367180 0.367189 0.367234 0.367272 0.367306 0.367315 0.367329 0.000000 0.000000
0.000000 0.000000 0.374467 0.374448 0.374421 0.374382 0.374329 0.374266 0.374272 0.374262 0.374251 0.374249 0.374251 0.374248 0.374310 0.374356 0.374382 0.374393 0.374405 0.000000 0.000000
0.000000 0.000000 0.382365 0.382337 0.382316 0.382272 0.382213 0.382146 0.382147 0.382140 0.382124 0.382130 0.382138 0.382134 0.382185 0.382245 0.382277 0.382290 0.382295 0.000000 0.000000
0.000000 0.000000 0.391445 0.391421 0.391400 0.391308 0.391279 0.391189 0.391208 0.391166 0.391166 0.391159 0.391145 0.391169 0.391227 0.391265 0.391310 0.391326 0.391364 0.000000 0.000000
0.000000 0.000000 0.402136 0.402088 0.402031 0.401984 0.401936 0.401821 0.401819 0.401817 0.401825 0.401786 0.401805 0.401797 0.401902 0.401962 0.401986 0.402001 0.402078 0.000000 0.000000
0.000000 0.000000 0.414290 0.414245 0.414231 0.414139 0.414078 0.413771 0.413765 0.413748 0.413633 0.413702 0.413707 0.413733 0.413964 0.414015 0.414128 0.414134 0.414149 0.000000 0.000000
0.000000 0.000000 0.429438 0.429418 0.429313 0.429247 0.428809 0.428976 0.428882 0.428886 0.428946 0.428881 0.428872 0.428821 0.428674 0.429152 0.429164 0.429277 0.429341 0.000000 0.000000
0.000000 0.000000 0.446395 0.446342 0.446261 0.445699 0.445958 0.445602 0.445530 0.445496 0.445358 0.445324 0.445384 0.445392 0.445706 0.445458 0.446180 0.446005 0.445974 0.000000 0.000000
0.000000 0.000000 0.460890 0.460862 0.460297 0.460605 0.460494 0.460528 0.460780 0.460717 0.460849 0.460829 0.460719 0.460852 0.460765 0.460868 0.460207 0.461075 0.461062 0.000000 0.000000
0.000000 0.000000 0.473055 0.472637 0.472747 0.472571 0.472351 0.472299 0.472171 0.472202 0.472063 0.472079 0.472157 0.472076 0.472172 0.472338 0.472708 0.472437 0.472870 0.000000 0.000000
0.000000 0.000000 0.477939 0.478047 0.478300 0.478239 0.478182 0.477952 0.477954 0.477900 0.477960 0.477945 0.477951 0.477962 0.478165 0.478210 0.478312 0.478055 0.477949 0.000000 0.000000
0.000000 0.000000 0.350000 0.350000 0.350000 0.350000 0.350000 0.350000 0.350000 0.350000 0.350000 0.350000 0.350000 0.350000 0.350000 0.350000 0.350000 0.350000 0.350000 0.000000 0.000000
0.000000 0.000000 0.000000 0.000000 0.000000 0.000000 0.000000 0.000000 0.000000 0.000000 0.000000 0.000000 0.000000 0.000000 0.000000 0.000000 0.000000 0.000000 0.000000 0.000000 0.000000