geotop/1.0zi/1.0Montebello/Templates/testdem/maps/_Eocsilt5380.asc
ncols         21
nrows         20
xllcorner     100.000000
yllcorner     100.000000
cellsize      50.000000
NODATA_value  -9999.0
0.000000 0.000000 0.000000 0.000000 0.000000 0.000000 0.000000 0.000000 0.000000 0.000000 0.000000 0.000000 0.000000 0.000000 0.000000 0.000000 0.000000 0.000000 0.000000 0.000000 0.000000
0.000000 0.000000 0.350109 0.350109 0.350109 0.350109 0.350109 0.350109 0.350109 0.350109 0.350109 0.350109 0.350109 0.350109 0.350109 0.350109 0.350109 0.350109 0.350109 0.000000 0.000000
0.000000 0.000000 0.350002 0.350002 0.350003 0.350003 0.350003 0.350003 0.350003 0.350003 0.350003 0.350003 0.350004 0.350003 0.350003 0.350003 0.350002 0.350001 0.350002 0.000000 0.000000
0.000000 0.000000 0.350037 0.350037 0.350036 0.350031 0.350033 0.350031 0.350033 0.350034 0.350033 0.350032 0.350032 0.350031 0.350033 0.350036 0.350036 0.350038 0.350037 0.000000 0.000000
0.000000 0.000000 0.350440 0.350444 0.350442 0.350439 0.350436 0.350431 0.350430 0.350429 0.350426 0.350428 0.350429 0.350430 0.350435 0.350437 0.350437 0.350446 0.350449 0.000000 0.000000
0.000000 0.000000 0.351764 0.351768 0.351764 0.351751 0.351742 0.351727 0.351724 0.351721 0.351726 0.351728 0.351729 0.351726 0.351731 0.351736 0.351744 0.351747 0.351751 0.000000 0.000000
0.000000 0.000000 0.353815 0.353813 0.353810 0.353793 0.353774 0.353754 0.353755 0.353753 0.353756 0.353756 0.353753 0.353756 0.353770 0.353786 0.353793 0.353802 0.353807 0.000000 0.000000
0.000000 0.000000 0.356306 0.356307 0.356308 0.356293 0.356274 0.356251 0.356252 0.356249 0.356249 0.356249 0.356248 0.356250 0.356267 0.356284 0.356299 0.356301 0.356309 0.000000 0.000000
0.000000 0.000000 0.358913 0.358909 0.358903 0.358893 0.358875 0.358848 0.358849 0.358845 0.358843 0.358844 0.358845 0.358842 0.358866 0.358884 0.358897 0.358902 0.358910 0.000000 0.000000
0.000000 0.000000 0.361507 0.361503 0.361502 0.361495 0.361470 0.361447 0.361449 0.361446 0.361442 0.361447 0.361449 0.361446 0.361464 0.361484 0.361497 0.361499 0.361504 0.000000 0.000000
0.000000 0.000000 0.364150 0.364148 0.364149 0.364130 0.364113 0.364088 0.364093 0.364081 0.364082 0.364084 0.364080 0.364086 0.364100 0.364113 0.364127 0.364135 0.364145 0.000000 0.000000
0.000000 0.000000 0.366909 0.366903 0.366897 0.366884 0.366870 0.366839 0.366841 0.366833 0.366841 0.366835 0.366836 0.366838 0.366864 0.366875 0.366885 0.366889 0.366918 0.000000 0.000000
0.000000 0.000000 0.369717 0.369711 0.369710 0.369696 0.369683 0.369624 0.369624 0.369619 0.369607 0.369614 0.369618 0.369623 0.369664 0.369675 0.369696 0.369698 0.369719 0.000000 0.000000
0.000000 0.000000 0.372736 0.372732 0.372726 0.372718 0.372663 0.372647 0.372634 0.372633 0.372628 0.372631 0.372632 0.372630 0.372636 0.372689 0.372709 0.372723 0.372743 0.000000 0.000000
0.000000 0.000000 0.376028 0.376026 0.376013 0.375958 0.375940 0.375906 0.375884 0.375881 0.375869 0.375864 0.375871 0.375865 0.375888 0.375916 0.375998 0.375992 0.376005 0.000000 0.000000
0.000000 0.000000 0.379491 0.379486 0.379417 0.379401 0.379396 0.379374 0.379385 0.379376 0.379381 0.379373 0.379366 0.379379 0.379392 0.379401 0.379402 0.379491 0.379494 0.000000 0.000000
0.000000 0.000000 0.383392 0.383299 0.383260 0.383232 0.383188 0.383165 0.383159 0.383157 0.383137 0.383133 0.383141 0.383138 0.383163 0.383196 0.383250 0.383281 0.383373 0.000000 0.000000
0.000000 0.000000 0.386340 0.386333 0.386412 0.386387 0.386353 0.386265 0.386262 0.386243 0.386252 0.386247 0.386254 0.386255 0.386336 0.386358 0.386424 0.386340 0.386354 0.000000 0.000000
0.000000 0.000000 0.350000 0.350000 0.350000 0.350000 0.350000 0.350000 0.350000 0.350000 0.350000 0.350000 0.350000 0.350000 0.350000 0.350000 0.350000 0.350000 0.350000 0.000000 0.000000
0.000000 0.000000 0.000000 0.000000 0.000000 0.000000 0.000000 0.000000 0.000000 0.000000 0.000000 0.000000 0.000000 0.000000 0.000000 0.000000 0.000000 0.000000 0.000000 0.000000 0.000000