geotop/1.0zi/1.0Montebello/Templates/testdem/maps/_Eocclay8560.asc
ncols         21
nrows         20
xllcorner     100.000000
yllcorner     100.000000
cellsize      50.000000
NODATA_value  -9999.0
0.000000 0.000000 0.000000 0.000000 0.000000 0.000000 0.000000 0.000000 0.000000 0.000000 0.000000 0.000000 0.000000 0.000000 0.000000 0.000000 0.000000 0.000000 0.000000 0.000000 0.000000
0.000000 0.000000 0.349607 0.349609 0.349609 0.349608 0.349610 0.349610 0.349610 0.349610 0.349609 0.349610 0.349610 0.349610 0.349610 0.349610 0.349608 0.349608 0.349609 0.000000 0.000000
0.000000 0.000000 0.349982 0.349981 0.349981 0.349984 0.349981 0.349981 0.349981 0.349981 0.349981 0.349981 0.349981 0.349981 0.349982 0.349982 0.349983 0.349982 0.349980 0.000000 0.000000
0.000000 0.000000 0.350004 0.350009 0.350007 0.350004 0.350008 0.350005 0.350007 0.350004 0.350007 0.350005 0.350005 0.350004 0.350006 0.350007 0.350006 0.350009 0.350006 0.000000 0.000000
0.000000 0.000000 0.351050 0.351043 0.351040 0.351034 0.351016 0.351015 0.351012 0.351013 0.351011 0.351013 0.351011 0.351014 0.351023 0.351025 0.351035 0.351038 0.351047 0.000000 0.000000
0.000000 0.000000 0.354148 0.354145 0.354128 0.354097 0.354079 0.354054 0.354057 0.354049 0.354054 0.354054 0.354060 0.354058 0.354070 0.354091 0.354106 0.354119 0.354125 0.000000 0.000000
0.000000 0.000000 0.358382 0.358375 0.358366 0.358340 0.358305 0.358264 0.358263 0.358257 0.358258 0.358260 0.358261 0.358261 0.358298 0.358328 0.358345 0.358358 0.358366 0.000000 0.000000
0.000000 0.000000 0.363401 0.363395 0.363387 0.363354 0.363322 0.363276 0.363276 0.363270 0.363270 0.363268 0.363266 0.363275 0.363313 0.363340 0.363367 0.363376 0.363390 0.000000 0.000000
0.000000 0.000000 0.368775 0.368765 0.368750 0.368729 0.368692 0.368646 0.368649 0.368639 0.368636 0.368635 0.368636 0.368635 0.368680 0.368716 0.368738 0.368748 0.368759 0.000000 0.000000
0.000000 0.000000 0.374530 0.374517 0.374508 0.374487 0.374434 0.374392 0.374392 0.374387 0.374380 0.374385 0.374391 0.374389 0.374427 0.374471 0.374496 0.374506 0.374513 0.000000 0.000000
0.000000 0.000000 0.380872 0.380864 0.380854 0.380806 0.380771 0.380716 0.380730 0.380699 0.380706 0.380704 0.380694 0.380712 0.380750 0.380775 0.380811 0.380828 0.380852 0.000000 0.000000
0.000000 0.000000 0.387992 0.387969 0.387948 0.387920 0.387874 0.387812 0.387805 0.387800 0.387814 0.387792 0.387801 0.387802 0.387870 0.387906 0.387928 0.387942 0.387999 0.000000 0.000000
0.000000 0.000000 0.395790 0.395766 0.395764 0.395714 0.395678 0.395501 0.395497 0.395489 0.395439 0.395469 0.395477 0.395493 0.395630 0.395662 0.395731 0.395736 0.395763 0.000000 0.000000
0.000000 0.000000 0.405088 0.405081 0.405042 0.405010 0.404778 0.404808 0.404762 0.404763 0.404782 0.404764 0.404760 0.404743 0.404714 0.404957 0.404988 0.405051 0.405094 0.000000 0.000000
0.000000 0.000000 0.416173 0.416148 0.416100 0.415799 0.415844 0.415690 0.415626 0.415610 0.415556 0.415525 0.415559 0.415553 0.415704 0.415672 0.416070 0.416001 0.416004 0.000000 0.000000
0.000000 0.000000 0.428289 0.428267 0.427831 0.427978 0.427935 0.427909 0.428082 0.428030 0.428123 0.428097 0.428023 0.428130 0.428125 0.428155 0.427791 0.428435 0.428425 0.000000 0.000000
0.000000 0.000000 0.443114 0.442443 0.442629 0.442357 0.442022 0.441921 0.441720 0.441767 0.441558 0.441582 0.441704 0.441579 0.441755 0.442002 0.442605 0.442172 0.442870 0.000000 0.000000
0.000000 0.000000 0.447593 0.448236 0.448765 0.448777 0.448825 0.448308 0.448409 0.448253 0.448518 0.448467 0.448422 0.448511 0.448938 0.448902 0.448864 0.448470 0.447836 0.000000 0.000000
0.000000 0.000000 0.350000 0.350000 0.350000 0.350000 0.350000 0.350000 0.350000 0.350000 0.350000 0.350000 0.350000 0.350000 0.350000 0.350000 0.350000 0.350000 0.350000 0.000000 0.000000
0.000000 0.000000 0.000000 0.000000 0.000000 0.000000 0.000000 0.000000 0.000000 0.000000 0.000000 0.000000 0.000000 0.000000 0.000000 0.000000 0.000000 0.000000 0.000000 0.000000 0.000000