geotop/1.0zi/1.0Montebello/Templates/testdem/maps/_Eocsilt5798.asc
ncols         21
nrows         20
xllcorner     100.000000
yllcorner     100.000000
cellsize      50.000000
NODATA_value  -9999.0
0.000000 0.000000 0.000000 0.000000 0.000000 0.000000 0.000000 0.000000 0.000000 0.000000 0.000000 0.000000 0.000000 0.000000 0.000000 0.000000 0.000000 0.000000 0.000000 0.000000 0.000000
0.000000 0.000000 0.350115 0.350115 0.350115 0.350115 0.350115 0.350115 0.350115 0.350115 0.350115 0.350115 0.350115 0.350115 0.350115 0.350115 0.350115 0.350115 0.350115 0.000000 0.000000
0.000000 0.000000 0.350002 0.350002 0.350002 0.350003 0.350003 0.350003 0.350003 0.350003 0.350003 0.350003 0.350004 0.350003 0.350003 0.350003 0.350001 0.350001 0.350002 0.000000 0.000000
0.000000 0.000000 0.350046 0.350045 0.350044 0.350039 0.350040 0.350038 0.350040 0.350040 0.350040 0.350039 0.350039 0.350039 0.350041 0.350044 0.350045 0.350047 0.350046 0.000000 0.000000
0.000000 0.000000 0.350525 0.350527 0.350526 0.350522 0.350519 0.350514 0.350513 0.350511 0.350509 0.350510 0.350512 0.350513 0.350518 0.350521 0.350520 0.350529 0.350533 0.000000 0.000000
0.000000 0.000000 0.352008 0.352011 0.352007 0.351994 0.351983 0.351965 0.351964 0.351960 0.351964 0.351967 0.351967 0.351963 0.351970 0.351976 0.351985 0.351989 0.351993 0.000000 0.000000
0.000000 0.000000 0.354265 0.354263 0.354259 0.354241 0.354220 0.354197 0.354199 0.354197 0.354199 0.354199 0.354196 0.354199 0.354215 0.354232 0.354239 0.354249 0.354254 0.000000 0.000000
0.000000 0.000000 0.357021 0.357021 0.357022 0.357005 0.356984 0.356958 0.356959 0.356956 0.356956 0.356956 0.356955 0.356957 0.356976 0.356995 0.357010 0.357012 0.357021 0.000000 0.000000
0.000000 0.000000 0.359915 0.359910 0.359903 0.359892 0.359872 0.359843 0.359844 0.359839 0.359837 0.359838 0.359838 0.359836 0.359862 0.359882 0.359896 0.359901 0.359909 0.000000 0.000000
0.000000 0.000000 0.362817 0.362812 0.362810 0.362803 0.362774 0.362749 0.362751 0.362748 0.362744 0.362748 0.362751 0.362748 0.362768 0.362790 0.362804 0.362806 0.362811 0.000000 0.000000
0.000000 0.000000 0.365794 0.365791 0.365792 0.365771 0.365752 0.365724 0.365730 0.365717 0.365717 0.365719 0.365715 0.365721 0.365738 0.365752 0.365767 0.365776 0.365788 0.000000 0.000000
0.000000 0.000000 0.368922 0.368915 0.368908 0.368894 0.368877 0.368843 0.368845 0.368837 0.368846 0.368838 0.368839 0.368841 0.368871 0.368884 0.368894 0.368899 0.368930 0.000000 0.000000
0.000000 0.000000 0.372129 0.372123 0.372122 0.372105 0.372090 0.372022 0.372022 0.372016 0.372003 0.372010 0.372015 0.372020 0.372068 0.372081 0.372105 0.372107 0.372129 0.000000 0.000000
0.000000 0.000000 0.375611 0.375607 0.375599 0.375589 0.375524 0.375507 0.375492 0.375491 0.375486 0.375489 0.375489 0.375486 0.375494 0.375558 0.375578 0.375595 0.375617 0.000000 0.000000
0.000000 0.000000 0.379444 0.379439 0.379426 0.379358 0.379337 0.379297 0.379272 0.379268 0.379256 0.379248 0.379256 0.379250 0.379279 0.379310 0.379406 0.379398 0.379412 0.000000 0.000000
0.000000 0.000000 0.383501 0.383496 0.383409 0.383394 0.383388 0.383363 0.383380 0.383369 0.383377 0.383368 0.383357 0.383374 0.383389 0.383398 0.383391 0.383504 0.383507 0.000000 0.000000
0.000000 0.000000 0.388141 0.388021 0.387980 0.387946 0.387888 0.387859 0.387849 0.387847 0.387822 0.387818 0.387829 0.387824 0.387856 0.387899 0.387967 0.387993 0.388114 0.000000 0.000000
0.000000 0.000000 0.391528 0.391533 0.391639 0.391609 0.391564 0.391452 0.391449 0.391424 0.391441 0.391434 0.391442 0.391443 0.391545 0.391578 0.391652 0.391543 0.391545 0.000000 0.000000
0.000000 0.000000 0.350000 0.350000 0.350000 0.350000 0.350000 0.350000 0.350000 0.350000 0.350000 0.350000 0.350000 0.350000 0.350000 0.350000 0.350000 0.350000 0.350000 0.000000 0.000000
0.000000 0.000000 0.000000 0.000000 0.000000 0.000000 0.000000 0.000000 0.000000 0.000000 0.000000 0.000000 0.000000 0.000000 0.000000 0.000000 0.000000 0.000000 0.000000 0.000000 0.000000