geotop/1.0zi/1.0Montebello/Templates/testdem/maps/_Eocsand4361.asc
ncols         21
nrows         20
xllcorner     100.000000
yllcorner     100.000000
cellsize      50.000000
NODATA_value  -9999.0
0.000000 0.000000 0.000000 0.000000 0.000000 0.000000 0.000000 0.000000 0.000000 0.000000 0.000000 0.000000 0.000000 0.000000 0.000000 0.000000 0.000000 0.000000 0.000000 0.000000 0.000000
0.000000 0.000000 0.300107 0.300107 0.300106 0.300106 0.300106 0.300106 0.300107 0.300106 0.300107 0.300107 0.300107 0.300107 0.300106 0.300106 0.300107 0.300107 0.300107 0.000000 0.000000
0.000000 0.000000 0.300005 0.300004 0.300004 0.300004 0.300004 0.300004 0.300004 0.300004 0.300004 0.300004 0.300004 0.300004 0.300004 0.300004 0.300006 0.300006 0.300005 0.000000 0.000000
0.000000 0.000000 0.299975 0.299973 0.299976 0.299979 0.299977 0.299979 0.299977 0.299978 0.299978 0.299979 0.299979 0.299981 0.299976 0.299973 0.299973 0.299972 0.299974 0.000000 0.000000
0.000000 0.000000 0.299285 0.299284 0.299289 0.299288 0.299295 0.299299 0.299300 0.299304 0.299306 0.299301 0.299304 0.299304 0.299300 0.299300 0.299300 0.299296 0.299290 0.000000 0.000000
0.000000 0.000000 0.296981 0.296980 0.296990 0.297004 0.297010 0.297031 0.297033 0.297042 0.297034 0.297032 0.297029 0.297035 0.297036 0.297025 0.297016 0.297011 0.297004 0.000000 0.000000
0.000000 0.000000 0.293466 0.293473 0.293484 0.293508 0.293533 0.293567 0.293564 0.293571 0.293565 0.293567 0.293571 0.293571 0.293549 0.293520 0.293508 0.293499 0.293487 0.000000 0.000000
0.000000 0.000000 0.289398 0.289404 0.289414 0.289441 0.289465 0.289498 0.289493 0.289499 0.289499 0.289499 0.289507 0.289512 0.289481 0.289451 0.289434 0.289429 0.289417 0.000000 0.000000
0.000000 0.000000 0.285292 0.285301 0.285317 0.285337 0.285361 0.285400 0.285396 0.285404 0.285404 0.285402 0.285409 0.285412 0.285383 0.285348 0.285334 0.285327 0.285311 0.000000 0.000000
0.000000 0.000000 0.281202 0.281212 0.281224 0.281246 0.281277 0.281311 0.281304 0.281310 0.281310 0.281309 0.281317 0.281324 0.281290 0.281255 0.281242 0.281236 0.281223 0.000000 0.000000
0.000000 0.000000 0.277060 0.277070 0.277083 0.277100 0.277121 0.277163 0.277157 0.277167 0.277167 0.277165 0.277173 0.277178 0.277151 0.277126 0.277107 0.277100 0.277085 0.000000 0.000000
0.000000 0.000000 0.272779 0.272790 0.272805 0.272832 0.272856 0.272896 0.272895 0.272901 0.272901 0.272902 0.272908 0.272915 0.272877 0.272846 0.272829 0.272823 0.272776 0.000000 0.000000
0.000000 0.000000 0.268446 0.268458 0.268475 0.268495 0.268524 0.268610 0.268607 0.268615 0.268616 0.268615 0.268625 0.268628 0.268555 0.268519 0.268502 0.268495 0.268465 0.000000 0.000000
0.000000 0.000000 0.263871 0.263889 0.263903 0.263925 0.264010 0.264032 0.264044 0.264051 0.264050 0.264050 0.264060 0.264065 0.264042 0.263954 0.263936 0.263918 0.263900 0.000000 0.000000
0.000000 0.000000 0.258946 0.258961 0.258994 0.259073 0.259113 0.259165 0.259191 0.259201 0.259214 0.259215 0.259216 0.259230 0.259191 0.259128 0.259032 0.259036 0.259021 0.000000 0.000000
0.000000 0.000000 0.253870 0.253887 0.253989 0.254009 0.254032 0.254058 0.254060 0.254063 0.254059 0.254061 0.254079 0.254067 0.254056 0.254029 0.254026 0.253925 0.253899 0.000000 0.000000
0.000000 0.000000 0.248243 0.248371 0.248461 0.248499 0.248560 0.248592 0.248598 0.248603 0.248618 0.248617 0.248621 0.248637 0.248615 0.248541 0.248493 0.248440 0.248316 0.000000 0.000000
0.000000 0.000000 0.243829 0.243865 0.243799 0.243848 0.243902 0.244023 0.244032 0.244045 0.244041 0.244043 0.244055 0.244053 0.243946 0.243881 0.243808 0.243912 0.243858 0.000000 0.000000
0.000000 0.000000 0.300000 0.300000 0.300000 0.300000 0.300000 0.300000 0.300000 0.300000 0.300000 0.300000 0.300000 0.300000 0.300000 0.300000 0.300000 0.300000 0.300000 0.000000 0.000000
0.000000 0.000000 0.000000 0.000000 0.000000 0.000000 0.000000 0.000000 0.000000 0.000000 0.000000 0.000000 0.000000 0.000000 0.000000 0.000000 0.000000 0.000000 0.000000 0.000000 0.000000