geotop/1.0zi/1.0Montebello/Templates/testdem/maps/_Eocsilt2321.asc
ncols         21
nrows         20
xllcorner     100.000000
yllcorner     100.000000
cellsize      50.000000
NODATA_value  -9999.0
0.000000 0.000000 0.000000 0.000000 0.000000 0.000000 0.000000 0.000000 0.000000 0.000000 0.000000 0.000000 0.000000 0.000000 0.000000 0.000000 0.000000 0.000000 0.000000 0.000000 0.000000
0.000000 0.000000 0.350056 0.350056 0.350056 0.350056 0.350056 0.350056 0.350056 0.350056 0.350056 0.350056 0.350056 0.350056 0.350056 0.350056 0.350056 0.350056 0.350056 0.000000 0.000000
0.000000 0.000000 0.349998 0.349998 0.349998 0.349998 0.349998 0.349998 0.349998 0.349998 0.349998 0.349998 0.349998 0.349998 0.349998 0.349998 0.349998 0.349998 0.349998 0.000000 0.000000
0.000000 0.000000 0.350762 0.350761 0.350759 0.350760 0.350762 0.350762 0.350762 0.350762 0.350762 0.350762 0.350762 0.350762 0.350762 0.350760 0.350759 0.350761 0.350762 0.000000 0.000000
0.000000 0.000000 0.353750 0.353749 0.353747 0.353748 0.353750 0.353749 0.353749 0.353751 0.353751 0.353751 0.353749 0.353749 0.353750 0.353748 0.353747 0.353749 0.353750 0.000000 0.000000
0.000000 0.000000 0.357653 0.357653 0.357651 0.357651 0.357654 0.357653 0.357653 0.357654 0.357654 0.357654 0.357653 0.357653 0.357654 0.357651 0.357651 0.357653 0.357653 0.000000 0.000000
0.000000 0.000000 0.361232 0.361231 0.361230 0.361230 0.361232 0.361231 0.361231 0.361232 0.361232 0.361232 0.361231 0.361231 0.361232 0.361230 0.361230 0.361231 0.361232 0.000000 0.000000
0.000000 0.000000 0.364501 0.364501 0.364499 0.364500 0.364501 0.364501 0.364501 0.364502 0.364502 0.364502 0.364501 0.364501 0.364501 0.364500 0.364499 0.364501 0.364501 0.000000 0.000000
0.000000 0.000000 0.367551 0.367551 0.367550 0.367550 0.367552 0.367551 0.367551 0.367552 0.367552 0.367552 0.367551 0.367551 0.367552 0.367550 0.367550 0.367551 0.367551 0.000000 0.000000
0.000000 0.000000 0.370456 0.370455 0.370454 0.370455 0.370456 0.370455 0.370455 0.370456 0.370456 0.370456 0.370455 0.370455 0.370456 0.370455 0.370454 0.370455 0.370456 0.000000 0.000000
0.000000 0.000000 0.373247 0.373247 0.373246 0.373246 0.373248 0.373247 0.373247 0.373248 0.373248 0.373248 0.373247 0.373247 0.373248 0.373246 0.373246 0.373247 0.373247 0.000000 0.000000
0.000000 0.000000 0.375949 0.375949 0.375948 0.375948 0.375949 0.375949 0.375949 0.375949 0.375950 0.375949 0.375949 0.375949 0.375949 0.375948 0.375948 0.375949 0.375949 0.000000 0.000000
0.000000 0.000000 0.378582 0.378582 0.378581 0.378581 0.378582 0.378582 0.378582 0.378583 0.378583 0.378583 0.378582 0.378582 0.378582 0.378581 0.378581 0.378582 0.378582 0.000000 0.000000
0.000000 0.000000 0.381157 0.381156 0.381155 0.381156 0.381157 0.381156 0.381156 0.381157 0.381157 0.381157 0.381156 0.381156 0.381157 0.381156 0.381155 0.381156 0.381157 0.000000 0.000000
0.000000 0.000000 0.383682 0.383682 0.383681 0.383681 0.383682 0.383682 0.383682 0.383683 0.383683 0.383683 0.383682 0.383682 0.383682 0.383681 0.383681 0.383682 0.383682 0.000000 0.000000
0.000000 0.000000 0.386162 0.386162 0.386161 0.386161 0.386163 0.386162 0.386162 0.386163 0.386163 0.386163 0.386162 0.386162 0.386163 0.386161 0.386161 0.386162 0.386162 0.000000 0.000000
0.000000 0.000000 0.388600 0.388599 0.388598 0.388599 0.388600 0.388599 0.388600 0.388600 0.388600 0.388600 0.388600 0.388599 0.388600 0.388599 0.388598 0.388599 0.388600 0.000000 0.000000
0.000000 0.000000 0.391029 0.391029 0.391028 0.391028 0.391030 0.391029 0.391029 0.391030 0.391030 0.391030 0.391029 0.391029 0.391030 0.391028 0.391028 0.391029 0.391029 0.000000 0.000000
0.000000 0.000000 0.350000 0.350000 0.350000 0.350000 0.350000 0.350000 0.350000 0.350000 0.350000 0.350000 0.350000 0.350000 0.350000 0.350000 0.350000 0.350000 0.350000 0.000000 0.000000
0.000000 0.000000 0.000000 0.000000 0.000000 0.000000 0.000000 0.000000 0.000000 0.000000 0.000000 0.000000 0.000000 0.000000 0.000000 0.000000 0.000000 0.000000 0.000000 0.000000 0.000000