geotop/1.0zi/1.0Montebello/Templates/testdem/maps/_Eocsilt2217.asc
ncols         21
nrows         20
xllcorner     100.000000
yllcorner     100.000000
cellsize      50.000000
NODATA_value  -9999.0
0.000000 0.000000 0.000000 0.000000 0.000000 0.000000 0.000000 0.000000 0.000000 0.000000 0.000000 0.000000 0.000000 0.000000 0.000000 0.000000 0.000000 0.000000 0.000000 0.000000 0.000000
0.000000 0.000000 0.350052 0.350052 0.350052 0.350052 0.350052 0.350052 0.350052 0.350052 0.350052 0.350052 0.350052 0.350052 0.350052 0.350052 0.350052 0.350052 0.350052 0.000000 0.000000
0.000000 0.000000 0.349998 0.349998 0.349998 0.349998 0.349998 0.349998 0.349998 0.349998 0.349998 0.349998 0.349998 0.349998 0.349998 0.349998 0.349998 0.349998 0.349998 0.000000 0.000000
0.000000 0.000000 0.350709 0.350709 0.350707 0.350708 0.350710 0.350710 0.350709 0.350710 0.350710 0.350710 0.350709 0.350710 0.350710 0.350708 0.350707 0.350709 0.350709 0.000000 0.000000
0.000000 0.000000 0.353470 0.353469 0.353468 0.353468 0.353470 0.353470 0.353470 0.353471 0.353471 0.353471 0.353470 0.353470 0.353470 0.353468 0.353468 0.353469 0.353470 0.000000 0.000000
0.000000 0.000000 0.357141 0.357141 0.357139 0.357140 0.357142 0.357141 0.357141 0.357142 0.357142 0.357142 0.357141 0.357141 0.357142 0.357140 0.357139 0.357141 0.357141 0.000000 0.000000
0.000000 0.000000 0.360519 0.360519 0.360517 0.360518 0.360520 0.360519 0.360519 0.360520 0.360520 0.360520 0.360519 0.360519 0.360520 0.360518 0.360517 0.360519 0.360519 0.000000 0.000000
0.000000 0.000000 0.363611 0.363611 0.363610 0.363610 0.363612 0.363611 0.363611 0.363612 0.363612 0.363612 0.363611 0.363611 0.363612 0.363610 0.363610 0.363611 0.363611 0.000000 0.000000
0.000000 0.000000 0.366500 0.366500 0.366499 0.366499 0.366500 0.366500 0.366500 0.366501 0.366501 0.366501 0.366500 0.366500 0.366500 0.366499 0.366499 0.366500 0.366500 0.000000 0.000000
0.000000 0.000000 0.369255 0.369255 0.369254 0.369254 0.369255 0.369255 0.369255 0.369256 0.369256 0.369256 0.369255 0.369255 0.369255 0.369254 0.369254 0.369255 0.369255 0.000000 0.000000
0.000000 0.000000 0.371908 0.371908 0.371906 0.371907 0.371908 0.371908 0.371908 0.371908 0.371909 0.371908 0.371908 0.371908 0.371908 0.371907 0.371906 0.371908 0.371908 0.000000 0.000000
0.000000 0.000000 0.374482 0.374482 0.374481 0.374481 0.374482 0.374482 0.374482 0.374483 0.374483 0.374483 0.374482 0.374482 0.374482 0.374481 0.374481 0.374482 0.374482 0.000000 0.000000
0.000000 0.000000 0.376995 0.376995 0.376994 0.376994 0.376996 0.376995 0.376995 0.376996 0.376996 0.376996 0.376995 0.376995 0.376996 0.376994 0.376994 0.376995 0.376995 0.000000 0.000000
0.000000 0.000000 0.379455 0.379454 0.379453 0.379454 0.379455 0.379454 0.379454 0.379455 0.379455 0.379455 0.379454 0.379454 0.379455 0.379454 0.379453 0.379454 0.379455 0.000000 0.000000
0.000000 0.000000 0.381870 0.381869 0.381868 0.381869 0.381870 0.381869 0.381870 0.381870 0.381870 0.381870 0.381870 0.381869 0.381870 0.381869 0.381868 0.381869 0.381870 0.000000 0.000000
0.000000 0.000000 0.384246 0.384245 0.384244 0.384245 0.384246 0.384245 0.384245 0.384246 0.384246 0.384246 0.384245 0.384245 0.384246 0.384245 0.384244 0.384245 0.384246 0.000000 0.000000
0.000000 0.000000 0.386583 0.386583 0.386582 0.386582 0.386584 0.386583 0.386583 0.386584 0.386584 0.386584 0.386583 0.386583 0.386584 0.386582 0.386582 0.386583 0.386583 0.000000 0.000000
0.000000 0.000000 0.388911 0.388911 0.388909 0.388910 0.388911 0.388911 0.388911 0.388911 0.388911 0.388911 0.388911 0.388911 0.388911 0.388910 0.388909 0.388911 0.388911 0.000000 0.000000
0.000000 0.000000 0.350000 0.350000 0.350000 0.350000 0.350000 0.350000 0.350000 0.350000 0.350000 0.350000 0.350000 0.350000 0.350000 0.350000 0.350000 0.350000 0.350000 0.000000 0.000000
0.000000 0.000000 0.000000 0.000000 0.000000 0.000000 0.000000 0.000000 0.000000 0.000000 0.000000 0.000000 0.000000 0.000000 0.000000 0.000000 0.000000 0.000000 0.000000 0.000000 0.000000