geotop/1.0zi/1.0Montebello/Templates/testdem/maps/_Eocsilt8607.asc
ncols         21
nrows         20
xllcorner     100.000000
yllcorner     100.000000
cellsize      50.000000
NODATA_value  -9999.0
0.000000 0.000000 0.000000 0.000000 0.000000 0.000000 0.000000 0.000000 0.000000 0.000000 0.000000 0.000000 0.000000 0.000000 0.000000 0.000000 0.000000 0.000000 0.000000 0.000000 0.000000
0.000000 0.000000 0.350178 0.350179 0.350179 0.350179 0.350179 0.350179 0.350179 0.350179 0.350179 0.350178 0.350178 0.350178 0.350178 0.350179 0.350179 0.350179 0.350179 0.000000 0.000000
0.000000 0.000000 0.350006 0.350006 0.350006 0.350005 0.350007 0.350006 0.350006 0.350007 0.350007 0.350007 0.350007 0.350007 0.350006 0.350006 0.350004 0.350005 0.350006 0.000000 0.000000
0.000000 0.000000 0.350103 0.350099 0.350096 0.350090 0.350092 0.350086 0.350089 0.350089 0.350086 0.350088 0.350088 0.350089 0.350091 0.350095 0.350099 0.350099 0.350100 0.000000 0.000000
0.000000 0.000000 0.351085 0.351090 0.351079 0.351068 0.351059 0.351052 0.351051 0.351048 0.351049 0.351051 0.351054 0.351053 0.351066 0.351070 0.351074 0.351083 0.351085 0.000000 0.000000
0.000000 0.000000 0.353979 0.353976 0.353967 0.353948 0.353927 0.353905 0.353903 0.353897 0.353902 0.353902 0.353906 0.353903 0.353917 0.353930 0.353943 0.353951 0.353958 0.000000 0.000000
0.000000 0.000000 0.358159 0.358151 0.358141 0.358112 0.358076 0.358039 0.358040 0.358036 0.358037 0.358036 0.358034 0.358038 0.358071 0.358099 0.358117 0.358133 0.358140 0.000000 0.000000
0.000000 0.000000 0.363106 0.363101 0.363094 0.363063 0.363030 0.362989 0.362989 0.362983 0.362982 0.362980 0.362978 0.362985 0.363021 0.363050 0.363078 0.363084 0.363097 0.000000 0.000000
0.000000 0.000000 0.368461 0.368448 0.368433 0.368412 0.368374 0.368327 0.368330 0.368320 0.368318 0.368317 0.368319 0.368317 0.368363 0.368399 0.368421 0.368433 0.368444 0.000000 0.000000
0.000000 0.000000 0.374160 0.374147 0.374138 0.374118 0.374065 0.374024 0.374024 0.374019 0.374012 0.374017 0.374023 0.374020 0.374059 0.374101 0.374127 0.374136 0.374144 0.000000 0.000000
0.000000 0.000000 0.380389 0.380382 0.380372 0.380323 0.380289 0.380236 0.380250 0.380220 0.380226 0.380224 0.380214 0.380231 0.380270 0.380295 0.380330 0.380347 0.380370 0.000000 0.000000
0.000000 0.000000 0.387380 0.387356 0.387335 0.387309 0.387263 0.387202 0.387195 0.387191 0.387204 0.387183 0.387192 0.387193 0.387260 0.387296 0.387317 0.387331 0.387387 0.000000 0.000000
0.000000 0.000000 0.395010 0.394987 0.394985 0.394936 0.394900 0.394728 0.394724 0.394716 0.394668 0.394697 0.394704 0.394720 0.394853 0.394885 0.394952 0.394957 0.394984 0.000000 0.000000
0.000000 0.000000 0.404074 0.404067 0.404029 0.403998 0.403773 0.403802 0.403757 0.403758 0.403777 0.403759 0.403755 0.403738 0.403711 0.403947 0.403977 0.404039 0.404080 0.000000 0.000000
0.000000 0.000000 0.414813 0.414788 0.414742 0.414452 0.414494 0.414345 0.414285 0.414270 0.414218 0.414187 0.414220 0.414215 0.414360 0.414331 0.414714 0.414648 0.414651 0.000000 0.000000
0.000000 0.000000 0.426430 0.426409 0.425997 0.426134 0.426092 0.426066 0.426228 0.426179 0.426266 0.426242 0.426172 0.426273 0.426270 0.426300 0.425960 0.426567 0.426558 0.000000 0.000000
0.000000 0.000000 0.440290 0.439682 0.439845 0.439599 0.439294 0.439201 0.439020 0.439062 0.438873 0.438895 0.439004 0.438892 0.439054 0.439278 0.439823 0.439439 0.440070 0.000000 0.000000
0.000000 0.000000 0.444718 0.445249 0.445709 0.445709 0.445737 0.445284 0.445366 0.445232 0.445456 0.445412 0.445376 0.445451 0.445827 0.445806 0.445793 0.445445 0.444921 0.000000 0.000000
0.000000 0.000000 0.350000 0.350000 0.350000 0.350000 0.350000 0.350000 0.350000 0.350000 0.350000 0.350000 0.350000 0.350000 0.350000 0.350000 0.350000 0.350000 0.350000 0.000000 0.000000
0.000000 0.000000 0.000000 0.000000 0.000000 0.000000 0.000000 0.000000 0.000000 0.000000 0.000000 0.000000 0.000000 0.000000 0.000000 0.000000 0.000000 0.000000 0.000000 0.000000 0.000000