geotop/1.0zi/1.0Montebello/Templates/testdem/maps/_Eocsand7428.asc
ncols         21
nrows         20
xllcorner     100.000000
yllcorner     100.000000
cellsize      50.000000
NODATA_value  -9999.0
0.000000 0.000000 0.000000 0.000000 0.000000 0.000000 0.000000 0.000000 0.000000 0.000000 0.000000 0.000000 0.000000 0.000000 0.000000 0.000000 0.000000 0.000000 0.000000 0.000000 0.000000
0.000000 0.000000 0.300189 0.300187 0.300187 0.300187 0.300186 0.300186 0.300186 0.300186 0.300187 0.300186 0.300187 0.300187 0.300186 0.300186 0.300188 0.300188 0.300187 0.000000 0.000000
0.000000 0.000000 0.300010 0.300011 0.300010 0.300009 0.300010 0.300010 0.300010 0.300010 0.300010 0.300010 0.300009 0.300010 0.300010 0.300010 0.300011 0.300011 0.300012 0.000000 0.000000
0.000000 0.000000 0.299892 0.299891 0.299896 0.299903 0.299899 0.299907 0.299902 0.299904 0.299904 0.299904 0.299904 0.299906 0.299901 0.299896 0.299894 0.299891 0.299891 0.000000 0.000000
0.000000 0.000000 0.298102 0.298099 0.298107 0.298123 0.298143 0.298152 0.298159 0.298157 0.298161 0.298160 0.298163 0.298157 0.298134 0.298129 0.298118 0.298107 0.298098 0.000000 0.000000
0.000000 0.000000 0.293247 0.293248 0.293268 0.293310 0.293341 0.293384 0.293384 0.293395 0.293389 0.293389 0.293386 0.293385 0.293364 0.293333 0.293308 0.293286 0.293275 0.000000 0.000000
0.000000 0.000000 0.286403 0.286409 0.286428 0.286474 0.286533 0.286599 0.286600 0.286608 0.286607 0.286607 0.286611 0.286605 0.286547 0.286494 0.286463 0.286436 0.286421 0.000000 0.000000
0.000000 0.000000 0.278245 0.278248 0.278261 0.278314 0.278370 0.278442 0.278443 0.278450 0.278453 0.278458 0.278462 0.278448 0.278386 0.278335 0.278287 0.278273 0.278249 0.000000 0.000000
0.000000 0.000000 0.269624 0.269638 0.269664 0.269698 0.269757 0.269835 0.269831 0.269848 0.269853 0.269857 0.269855 0.269857 0.269780 0.269717 0.269679 0.269661 0.269641 0.000000 0.000000
0.000000 0.000000 0.260642 0.260658 0.260671 0.260703 0.260788 0.260858 0.260857 0.260865 0.260878 0.260872 0.260862 0.260866 0.260801 0.260730 0.260686 0.260672 0.260658 0.000000 0.000000
0.000000 0.000000 0.251043 0.251054 0.251069 0.251138 0.251197 0.251277 0.251260 0.251303 0.251299 0.251300 0.251316 0.251287 0.251230 0.251185 0.251131 0.251101 0.251064 0.000000 0.000000
0.000000 0.000000 0.240571 0.240599 0.240630 0.240676 0.240739 0.240839 0.240843 0.240857 0.240835 0.240869 0.240861 0.240853 0.240751 0.240699 0.240662 0.240641 0.240549 0.000000 0.000000
0.000000 0.000000 0.229434 0.229462 0.229476 0.229536 0.229592 0.229835 0.229838 0.229853 0.229916 0.229886 0.229871 0.229848 0.229662 0.229609 0.229516 0.229505 0.229454 0.000000 0.000000
0.000000 0.000000 0.216696 0.216706 0.216754 0.216797 0.217083 0.217089 0.217149 0.217149 0.217143 0.217154 0.217161 0.217171 0.217177 0.216880 0.216820 0.216741 0.216677 0.000000 0.000000
0.000000 0.000000 0.201975 0.201999 0.202061 0.202403 0.202417 0.202584 0.202674 0.202692 0.202750 0.202794 0.202757 0.202768 0.202605 0.202566 0.202109 0.202164 0.202144 0.000000 0.000000
0.000000 0.000000 0.185875 0.185900 0.186385 0.186318 0.186347 0.186421 0.186261 0.186321 0.186242 0.186287 0.186358 0.186239 0.186199 0.186173 0.186430 0.185760 0.185767 0.000000 0.000000
0.000000 0.000000 0.166021 0.166779 0.166743 0.166994 0.167375 0.167490 0.167650 0.167616 0.167822 0.167813 0.167704 0.167798 0.167610 0.167328 0.166773 0.167009 0.166229 0.000000 0.000000
0.000000 0.000000 0.156007 0.155448 0.154740 0.154796 0.154850 0.155512 0.155452 0.155628 0.155381 0.155439 0.155455 0.155379 0.154801 0.154765 0.154614 0.155233 0.155767 0.000000 0.000000
0.000000 0.000000 0.300000 0.300000 0.300000 0.300000 0.300000 0.300000 0.300000 0.300000 0.300000 0.300000 0.300000 0.300000 0.300000 0.300000 0.300000 0.300000 0.300000 0.000000 0.000000
0.000000 0.000000 0.000000 0.000000 0.000000 0.000000 0.000000 0.000000 0.000000 0.000000 0.000000 0.000000 0.000000 0.000000 0.000000 0.000000 0.000000 0.000000 0.000000 0.000000 0.000000