geotop/1.0zi/1.0Montebello/Templates/testdem/maps/_Eocsand1303.asc
ncols         21
nrows         20
xllcorner     100.000000
yllcorner     100.000000
cellsize      50.000000
NODATA_value  -9999.0
0.000000 0.000000 0.000000 0.000000 0.000000 0.000000 0.000000 0.000000 0.000000 0.000000 0.000000 0.000000 0.000000 0.000000 0.000000 0.000000 0.000000 0.000000 0.000000 0.000000 0.000000
0.000000 0.000000 0.300040 0.300040 0.300040 0.300040 0.300040 0.300040 0.300040 0.300040 0.300040 0.300040 0.300040 0.300040 0.300040 0.300040 0.300040 0.300040 0.300040 0.000000 0.000000
0.000000 0.000000 0.300006 0.300007 0.300007 0.300006 0.300007 0.300007 0.300007 0.300007 0.300007 0.300007 0.300007 0.300007 0.300007 0.300006 0.300007 0.300007 0.300006 0.000000 0.000000
0.000000 0.000000 0.298884 0.298884 0.298889 0.298887 0.298883 0.298884 0.298884 0.298883 0.298883 0.298883 0.298884 0.298884 0.298883 0.298887 0.298889 0.298884 0.298884 0.000000 0.000000
0.000000 0.000000 0.295100 0.295101 0.295106 0.295106 0.295099 0.295101 0.295101 0.295099 0.295099 0.295099 0.295101 0.295101 0.295099 0.295106 0.295106 0.295101 0.295100 0.000000 0.000000
0.000000 0.000000 0.290690 0.290691 0.290695 0.290694 0.290689 0.290690 0.290691 0.290689 0.290689 0.290689 0.290691 0.290690 0.290689 0.290694 0.290695 0.290691 0.290690 0.000000 0.000000
0.000000 0.000000 0.286550 0.286550 0.286554 0.286553 0.286549 0.286550 0.286550 0.286549 0.286549 0.286549 0.286550 0.286550 0.286549 0.286553 0.286554 0.286550 0.286550 0.000000 0.000000
0.000000 0.000000 0.282738 0.282739 0.282742 0.282741 0.282737 0.282738 0.282738 0.282737 0.282738 0.282737 0.282738 0.282738 0.282737 0.282741 0.282742 0.282739 0.282738 0.000000 0.000000
0.000000 0.000000 0.279165 0.279166 0.279169 0.279168 0.279165 0.279165 0.279165 0.279165 0.279165 0.279165 0.279165 0.279165 0.279165 0.279168 0.279169 0.279166 0.279165 0.000000 0.000000
0.000000 0.000000 0.275740 0.275740 0.275743 0.275742 0.275739 0.275740 0.275740 0.275739 0.275739 0.275739 0.275740 0.275740 0.275739 0.275742 0.275743 0.275740 0.275740 0.000000 0.000000
0.000000 0.000000 0.272425 0.272426 0.272429 0.272428 0.272425 0.272426 0.272426 0.272425 0.272425 0.272425 0.272426 0.272426 0.272425 0.272428 0.272429 0.272426 0.272425 0.000000 0.000000
0.000000 0.000000 0.269188 0.269188 0.269191 0.269190 0.269187 0.269188 0.269188 0.269188 0.269188 0.269188 0.269188 0.269188 0.269187 0.269190 0.269191 0.269188 0.269188 0.000000 0.000000
0.000000 0.000000 0.266004 0.266005 0.266008 0.266007 0.266004 0.266005 0.266005 0.266004 0.266004 0.266004 0.266005 0.266005 0.266004 0.266007 0.266008 0.266005 0.266004 0.000000 0.000000
0.000000 0.000000 0.262875 0.262875 0.262878 0.262877 0.262874 0.262875 0.262875 0.262874 0.262875 0.262874 0.262875 0.262875 0.262874 0.262877 0.262878 0.262875 0.262875 0.000000 0.000000
0.000000 0.000000 0.259784 0.259785 0.259788 0.259787 0.259784 0.259785 0.259785 0.259784 0.259784 0.259784 0.259785 0.259785 0.259784 0.259787 0.259788 0.259785 0.259784 0.000000 0.000000
0.000000 0.000000 0.256721 0.256722 0.256725 0.256724 0.256721 0.256722 0.256722 0.256721 0.256721 0.256721 0.256722 0.256722 0.256721 0.256724 0.256725 0.256722 0.256721 0.000000 0.000000
0.000000 0.000000 0.253687 0.253688 0.253690 0.253689 0.253687 0.253687 0.253687 0.253687 0.253687 0.253687 0.253687 0.253687 0.253687 0.253689 0.253690 0.253688 0.253687 0.000000 0.000000
0.000000 0.000000 0.250603 0.250603 0.250606 0.250605 0.250602 0.250603 0.250603 0.250602 0.250602 0.250602 0.250603 0.250603 0.250602 0.250605 0.250606 0.250603 0.250602 0.000000 0.000000
0.000000 0.000000 0.300000 0.300000 0.300000 0.300000 0.300000 0.300000 0.300000 0.300000 0.300000 0.300000 0.300000 0.300000 0.300000 0.300000 0.300000 0.300000 0.300000 0.000000 0.000000
0.000000 0.000000 0.000000 0.000000 0.000000 0.000000 0.000000 0.000000 0.000000 0.000000 0.000000 0.000000 0.000000 0.000000 0.000000 0.000000 0.000000 0.000000 0.000000 0.000000 0.000000