geotop/1.0zi/1.0Montebello/Templates/testdem/maps/_Eocsilt7820.asc
ncols         21
nrows         20
xllcorner     100.000000
yllcorner     100.000000
cellsize      50.000000
NODATA_value  -9999.0
0.000000 0.000000 0.000000 0.000000 0.000000 0.000000 0.000000 0.000000 0.000000 0.000000 0.000000 0.000000 0.000000 0.000000 0.000000 0.000000 0.000000 0.000000 0.000000 0.000000 0.000000
0.000000 0.000000 0.350161 0.350162 0.350162 0.350162 0.350162 0.350162 0.350162 0.350162 0.350162 0.350161 0.350161 0.350162 0.350161 0.350162 0.350162 0.350162 0.350162 0.000000 0.000000
0.000000 0.000000 0.350005 0.350005 0.350004 0.350004 0.350005 0.350005 0.350005 0.350005 0.350005 0.350005 0.350006 0.350006 0.350005 0.350004 0.350003 0.350003 0.350004 0.000000 0.000000
0.000000 0.000000 0.350103 0.350099 0.350098 0.350091 0.350093 0.350087 0.350090 0.350090 0.350087 0.350089 0.350089 0.350089 0.350092 0.350095 0.350099 0.350099 0.350100 0.000000 0.000000
0.000000 0.000000 0.350987 0.350993 0.350989 0.350978 0.350972 0.350965 0.350961 0.350959 0.350959 0.350959 0.350960 0.350962 0.350976 0.350980 0.350983 0.350993 0.350996 0.000000 0.000000
0.000000 0.000000 0.353517 0.353517 0.353507 0.353491 0.353472 0.353451 0.353450 0.353444 0.353448 0.353448 0.353450 0.353449 0.353461 0.353473 0.353485 0.353493 0.353498 0.000000 0.000000
0.000000 0.000000 0.357151 0.357147 0.357136 0.357110 0.357078 0.357045 0.357046 0.357042 0.357043 0.357041 0.357038 0.357044 0.357072 0.357098 0.357115 0.357130 0.357138 0.000000 0.000000
0.000000 0.000000 0.361465 0.361463 0.361457 0.361430 0.361400 0.361363 0.361363 0.361358 0.361357 0.361354 0.361352 0.361359 0.361391 0.361418 0.361444 0.361450 0.361462 0.000000 0.000000
0.000000 0.000000 0.366088 0.366079 0.366065 0.366046 0.366015 0.365973 0.365975 0.365965 0.365963 0.365961 0.365963 0.365962 0.366003 0.366035 0.366056 0.366067 0.366077 0.000000 0.000000
0.000000 0.000000 0.370924 0.370915 0.370907 0.370889 0.370845 0.370807 0.370808 0.370803 0.370797 0.370800 0.370805 0.370803 0.370837 0.370874 0.370897 0.370905 0.370912 0.000000 0.000000
0.000000 0.000000 0.376109 0.376103 0.376094 0.376056 0.376025 0.375982 0.375991 0.375968 0.375971 0.375970 0.375961 0.375976 0.376007 0.376031 0.376060 0.376076 0.376095 0.000000 0.000000
0.000000 0.000000 0.381816 0.381800 0.381782 0.381757 0.381723 0.381669 0.381666 0.381658 0.381671 0.381653 0.381658 0.381662 0.381717 0.381745 0.381765 0.381776 0.381825 0.000000 0.000000
0.000000 0.000000 0.387927 0.387911 0.387904 0.387869 0.387839 0.387705 0.387703 0.387694 0.387659 0.387676 0.387684 0.387697 0.387800 0.387828 0.387879 0.387886 0.387911 0.000000 0.000000
0.000000 0.000000 0.394993 0.394986 0.394959 0.394934 0.394771 0.394775 0.394741 0.394741 0.394748 0.394739 0.394735 0.394729 0.394721 0.394889 0.394920 0.394965 0.394999 0.000000 0.000000
0.000000 0.000000 0.403228 0.403213 0.403178 0.402976 0.402980 0.402880 0.402832 0.402820 0.402787 0.402761 0.402784 0.402779 0.402876 0.402885 0.403151 0.403115 0.403124 0.000000 0.000000
0.000000 0.000000 0.412253 0.412237 0.411950 0.412007 0.411988 0.411951 0.412051 0.412016 0.412067 0.412044 0.412000 0.412071 0.412086 0.412102 0.411923 0.412327 0.412322 0.000000 0.000000
0.000000 0.000000 0.423408 0.422956 0.423011 0.422850 0.422624 0.422557 0.422449 0.422473 0.422346 0.422354 0.422424 0.422360 0.422472 0.422639 0.422992 0.422804 0.423269 0.000000 0.000000
0.000000 0.000000 0.428340 0.428715 0.429117 0.429100 0.429093 0.428711 0.428759 0.428652 0.428814 0.428779 0.428761 0.428813 0.429139 0.429143 0.429188 0.428854 0.428489 0.000000 0.000000
0.000000 0.000000 0.350000 0.350000 0.350000 0.350000 0.350000 0.350000 0.350000 0.350000 0.350000 0.350000 0.350000 0.350000 0.350000 0.350000 0.350000 0.350000 0.350000 0.000000 0.000000
0.000000 0.000000 0.000000 0.000000 0.000000 0.000000 0.000000 0.000000 0.000000 0.000000 0.000000 0.000000 0.000000 0.000000 0.000000 0.000000 0.000000 0.000000 0.000000 0.000000 0.000000