geotop/1.0zi/1.0Montebello/Templates/testdem/maps/_Eocsand7589.asc
ncols         21
nrows         20
xllcorner     100.000000
yllcorner     100.000000
cellsize      50.000000
NODATA_value  -9999.0
0.000000 0.000000 0.000000 0.000000 0.000000 0.000000 0.000000 0.000000 0.000000 0.000000 0.000000 0.000000 0.000000 0.000000 0.000000 0.000000 0.000000 0.000000 0.000000 0.000000 0.000000
0.000000 0.000000 0.300191 0.300189 0.300188 0.300189 0.300188 0.300188 0.300188 0.300188 0.300189 0.300188 0.300188 0.300189 0.300188 0.300188 0.300190 0.300189 0.300189 0.000000 0.000000
0.000000 0.000000 0.300010 0.300011 0.300010 0.300009 0.300010 0.300011 0.300010 0.300010 0.300010 0.300011 0.300010 0.300010 0.300010 0.300010 0.300011 0.300011 0.300012 0.000000 0.000000
0.000000 0.000000 0.299894 0.299893 0.299898 0.299905 0.299901 0.299909 0.299904 0.299906 0.299906 0.299906 0.299906 0.299908 0.299903 0.299898 0.299896 0.299893 0.299893 0.000000 0.000000
0.000000 0.000000 0.298091 0.298087 0.298096 0.298112 0.298133 0.298142 0.298148 0.298146 0.298150 0.298149 0.298152 0.298147 0.298123 0.298118 0.298107 0.298096 0.298087 0.000000 0.000000
0.000000 0.000000 0.293122 0.293123 0.293143 0.293185 0.293216 0.293261 0.293261 0.293272 0.293266 0.293265 0.293263 0.293262 0.293240 0.293209 0.293184 0.293161 0.293150 0.000000 0.000000
0.000000 0.000000 0.286107 0.286114 0.286132 0.286180 0.286239 0.286307 0.286308 0.286316 0.286315 0.286315 0.286319 0.286313 0.286253 0.286200 0.286168 0.286140 0.286126 0.000000 0.000000
0.000000 0.000000 0.277747 0.277750 0.277763 0.277817 0.277874 0.277949 0.277950 0.277957 0.277960 0.277964 0.277969 0.277955 0.277890 0.277839 0.277790 0.277775 0.277751 0.000000 0.000000
0.000000 0.000000 0.268889 0.268903 0.268930 0.268964 0.269024 0.269105 0.269101 0.269118 0.269124 0.269127 0.269125 0.269127 0.269048 0.268984 0.268945 0.268926 0.268906 0.000000 0.000000
0.000000 0.000000 0.259632 0.259649 0.259662 0.259695 0.259782 0.259854 0.259853 0.259862 0.259874 0.259868 0.259858 0.259862 0.259795 0.259723 0.259678 0.259662 0.259648 0.000000 0.000000
0.000000 0.000000 0.249707 0.249719 0.249734 0.249805 0.249866 0.249948 0.249931 0.249975 0.249971 0.249971 0.249988 0.249958 0.249899 0.249853 0.249797 0.249766 0.249728 0.000000 0.000000
0.000000 0.000000 0.238841 0.238869 0.238902 0.238949 0.239014 0.239118 0.239122 0.239136 0.239114 0.239148 0.239140 0.239132 0.239025 0.238973 0.238933 0.238911 0.238817 0.000000 0.000000
0.000000 0.000000 0.227245 0.227273 0.227287 0.227350 0.227408 0.227663 0.227666 0.227682 0.227747 0.227714 0.227700 0.227676 0.227480 0.227426 0.227329 0.227316 0.227265 0.000000 0.000000
0.000000 0.000000 0.213917 0.213928 0.213977 0.214023 0.214325 0.214328 0.214391 0.214391 0.214382 0.214395 0.214403 0.214413 0.214421 0.214108 0.214046 0.213962 0.213897 0.000000 0.000000
0.000000 0.000000 0.198452 0.198477 0.198542 0.198908 0.198915 0.199095 0.199189 0.199208 0.199269 0.199315 0.199276 0.199286 0.199111 0.199079 0.198590 0.198650 0.198631 0.000000 0.000000
0.000000 0.000000 0.181499 0.181525 0.182045 0.181963 0.181995 0.182070 0.181895 0.181958 0.181870 0.181915 0.181994 0.181866 0.181827 0.181800 0.182092 0.181366 0.181374 0.000000 0.000000
0.000000 0.000000 0.160511 0.161331 0.161269 0.161546 0.161958 0.162082 0.162263 0.162223 0.162449 0.162435 0.162316 0.162423 0.162218 0.161915 0.161300 0.161584 0.160740 0.000000 0.000000
0.000000 0.000000 0.150408 0.149769 0.149011 0.149061 0.149100 0.149812 0.149739 0.149931 0.149652 0.149714 0.149739 0.149651 0.149034 0.149008 0.148874 0.149523 0.150138 0.000000 0.000000
0.000000 0.000000 0.300000 0.300000 0.300000 0.300000 0.300000 0.300000 0.300000 0.300000 0.300000 0.300000 0.300000 0.300000 0.300000 0.300000 0.300000 0.300000 0.300000 0.000000 0.000000
0.000000 0.000000 0.000000 0.000000 0.000000 0.000000 0.000000 0.000000 0.000000 0.000000 0.000000 0.000000 0.000000 0.000000 0.000000 0.000000 0.000000 0.000000 0.000000 0.000000 0.000000