geotop/1.0zi/1.0Montebello/Templates/testdem/maps/_Eocsilt9203.asc
ncols         21
nrows         20
xllcorner     100.000000
yllcorner     100.000000
cellsize      50.000000
NODATA_value  -9999.0
0.000000 0.000000 0.000000 0.000000 0.000000 0.000000 0.000000 0.000000 0.000000 0.000000 0.000000 0.000000 0.000000 0.000000 0.000000 0.000000 0.000000 0.000000 0.000000 0.000000 0.000000
0.000000 0.000000 0.350195 0.350195 0.350195 0.350195 0.350195 0.350195 0.350195 0.350195 0.350195 0.350195 0.350195 0.350195 0.350195 0.350195 0.350195 0.350195 0.350195 0.000000 0.000000
0.000000 0.000000 0.350005 0.350005 0.350006 0.350005 0.350006 0.350006 0.350006 0.350006 0.350006 0.350006 0.350007 0.350007 0.350006 0.350005 0.350004 0.350004 0.350005 0.000000 0.000000
0.000000 0.000000 0.350123 0.350119 0.350114 0.350109 0.350109 0.350104 0.350107 0.350108 0.350105 0.350107 0.350107 0.350107 0.350110 0.350114 0.350119 0.350119 0.350122 0.000000 0.000000
0.000000 0.000000 0.351266 0.351270 0.351259 0.351243 0.351234 0.351229 0.351231 0.351228 0.351228 0.351230 0.351234 0.351232 0.351245 0.351252 0.351255 0.351258 0.351261 0.000000 0.000000
0.000000 0.000000 0.354526 0.354520 0.354506 0.354487 0.354457 0.354436 0.354433 0.354427 0.354431 0.354431 0.354434 0.354432 0.354447 0.354465 0.354475 0.354480 0.354487 0.000000 0.000000
0.000000 0.000000 0.359176 0.359166 0.359149 0.359118 0.359079 0.359031 0.359036 0.359032 0.359030 0.359029 0.359026 0.359032 0.359069 0.359097 0.359116 0.359128 0.359136 0.000000 0.000000
0.000000 0.000000 0.364677 0.364666 0.364654 0.364619 0.364580 0.364537 0.364539 0.364533 0.364530 0.364527 0.364525 0.364533 0.364569 0.364602 0.364632 0.364635 0.364649 0.000000 0.000000
0.000000 0.000000 0.370678 0.370661 0.370641 0.370616 0.370571 0.370517 0.370523 0.370512 0.370507 0.370504 0.370507 0.370505 0.370557 0.370595 0.370619 0.370626 0.370639 0.000000 0.000000
0.000000 0.000000 0.377174 0.377155 0.377139 0.377112 0.377053 0.377004 0.377006 0.376999 0.376990 0.376994 0.377000 0.376998 0.377040 0.377089 0.377116 0.377122 0.377129 0.000000 0.000000
0.000000 0.000000 0.384397 0.384383 0.384370 0.384306 0.384268 0.384205 0.384221 0.384186 0.384191 0.384186 0.384174 0.384195 0.384239 0.384269 0.384306 0.384318 0.384348 0.000000 0.000000
0.000000 0.000000 0.392655 0.392624 0.392587 0.392556 0.392502 0.392424 0.392426 0.392419 0.392433 0.392402 0.392416 0.392416 0.392493 0.392536 0.392557 0.392565 0.392628 0.000000 0.000000
0.000000 0.000000 0.401809 0.401781 0.401771 0.401703 0.401658 0.401441 0.401441 0.401429 0.401361 0.401399 0.401406 0.401427 0.401591 0.401631 0.401708 0.401710 0.401734 0.000000 0.000000
0.000000 0.000000 0.412940 0.412928 0.412867 0.412824 0.412526 0.412596 0.412538 0.412539 0.412569 0.412536 0.412530 0.412506 0.412439 0.412758 0.412780 0.412851 0.412900 0.000000 0.000000
0.000000 0.000000 0.426049 0.426010 0.425943 0.425555 0.425661 0.425443 0.425377 0.425354 0.425275 0.425236 0.425280 0.425280 0.425482 0.425388 0.425897 0.425784 0.425776 0.000000 0.000000
0.000000 0.000000 0.439398 0.439369 0.438854 0.439079 0.439006 0.439006 0.439226 0.439163 0.439277 0.439250 0.439157 0.439283 0.439239 0.439300 0.438785 0.439546 0.439534 0.000000 0.000000
0.000000 0.000000 0.453309 0.452736 0.452928 0.452671 0.452384 0.452293 0.452102 0.452146 0.451951 0.451972 0.452085 0.451968 0.452124 0.452334 0.452890 0.452453 0.453046 0.000000 0.000000
0.000000 0.000000 0.457688 0.458010 0.458371 0.458332 0.458314 0.457962 0.458005 0.457907 0.458052 0.458019 0.458005 0.458049 0.458343 0.458358 0.458411 0.458094 0.457774 0.000000 0.000000
0.000000 0.000000 0.350000 0.350000 0.350000 0.350000 0.350000 0.350000 0.350000 0.350000 0.350000 0.350000 0.350000 0.350000 0.350000 0.350000 0.350000 0.350000 0.350000 0.000000 0.000000
0.000000 0.000000 0.000000 0.000000 0.000000 0.000000 0.000000 0.000000 0.000000 0.000000 0.000000 0.000000 0.000000 0.000000 0.000000 0.000000 0.000000 0.000000 0.000000 0.000000 0.000000