geotop/1.0zi/1.0Montebello/Templates/testdem/maps/_Eocsilt6428.asc
ncols         21
nrows         20
xllcorner     100.000000
yllcorner     100.000000
cellsize      50.000000
NODATA_value  -9999.0
0.000000 0.000000 0.000000 0.000000 0.000000 0.000000 0.000000 0.000000 0.000000 0.000000 0.000000 0.000000 0.000000 0.000000 0.000000 0.000000 0.000000 0.000000 0.000000 0.000000 0.000000
0.000000 0.000000 0.350129 0.350129 0.350129 0.350130 0.350129 0.350129 0.350129 0.350129 0.350130 0.350129 0.350129 0.350129 0.350129 0.350129 0.350130 0.350130 0.350129 0.000000 0.000000
0.000000 0.000000 0.350002 0.350002 0.350002 0.350002 0.350003 0.350003 0.350003 0.350003 0.350003 0.350003 0.350003 0.350003 0.350003 0.350002 0.350001 0.350001 0.350002 0.000000 0.000000
0.000000 0.000000 0.350053 0.350051 0.350050 0.350044 0.350045 0.350043 0.350045 0.350046 0.350044 0.350044 0.350044 0.350044 0.350047 0.350050 0.350051 0.350052 0.350053 0.000000 0.000000
0.000000 0.000000 0.350628 0.350634 0.350631 0.350625 0.350621 0.350616 0.350614 0.350612 0.350610 0.350612 0.350614 0.350615 0.350620 0.350624 0.350625 0.350634 0.350637 0.000000 0.000000
0.000000 0.000000 0.352357 0.352361 0.352354 0.352339 0.352326 0.352308 0.352307 0.352302 0.352307 0.352309 0.352310 0.352307 0.352314 0.352322 0.352331 0.352336 0.352341 0.000000 0.000000
0.000000 0.000000 0.354965 0.354963 0.354955 0.354934 0.354910 0.354885 0.354886 0.354883 0.354884 0.354884 0.354881 0.354885 0.354906 0.354927 0.354938 0.354949 0.354957 0.000000 0.000000
0.000000 0.000000 0.358145 0.358146 0.358143 0.358122 0.358099 0.358070 0.358071 0.358068 0.358067 0.358066 0.358065 0.358068 0.358092 0.358114 0.358133 0.358136 0.358147 0.000000 0.000000
0.000000 0.000000 0.361495 0.361490 0.361479 0.361466 0.361443 0.361410 0.361411 0.361405 0.361403 0.361403 0.361404 0.361402 0.361433 0.361457 0.361474 0.361480 0.361490 0.000000 0.000000
0.000000 0.000000 0.364896 0.364892 0.364886 0.364876 0.364843 0.364814 0.364816 0.364812 0.364808 0.364811 0.364815 0.364812 0.364837 0.364865 0.364882 0.364885 0.364893 0.000000 0.000000
0.000000 0.000000 0.368423 0.368421 0.368417 0.368392 0.368370 0.368338 0.368345 0.368329 0.368330 0.368331 0.368327 0.368336 0.368356 0.368374 0.368393 0.368403 0.368418 0.000000 0.000000
0.000000 0.000000 0.372173 0.372166 0.372155 0.372137 0.372116 0.372076 0.372077 0.372069 0.372078 0.372068 0.372070 0.372074 0.372111 0.372128 0.372142 0.372148 0.372184 0.000000 0.000000
0.000000 0.000000 0.376063 0.376054 0.376049 0.376029 0.376010 0.375928 0.375927 0.375920 0.375902 0.375912 0.375918 0.375924 0.375986 0.376003 0.376034 0.376037 0.376062 0.000000 0.000000
0.000000 0.000000 0.380344 0.380339 0.380326 0.380311 0.380228 0.380210 0.380192 0.380191 0.380186 0.380189 0.380187 0.380184 0.380194 0.380280 0.380305 0.380326 0.380352 0.000000 0.000000
0.000000 0.000000 0.385127 0.385123 0.385103 0.385011 0.384987 0.384938 0.384908 0.384902 0.384886 0.384874 0.384886 0.384881 0.384922 0.384956 0.385084 0.385072 0.385087 0.000000 0.000000
0.000000 0.000000 0.390253 0.390248 0.390123 0.390111 0.390104 0.390075 0.390104 0.390088 0.390102 0.390089 0.390074 0.390101 0.390121 0.390131 0.390107 0.390267 0.390269 0.000000 0.000000
0.000000 0.000000 0.396259 0.396085 0.396044 0.395992 0.395905 0.395868 0.395848 0.395849 0.395807 0.395806 0.395825 0.395814 0.395860 0.395926 0.396032 0.396042 0.396223 0.000000 0.000000
0.000000 0.000000 0.400329 0.400373 0.400533 0.400496 0.400447 0.400286 0.400285 0.400248 0.400281 0.400271 0.400279 0.400286 0.400435 0.400471 0.400560 0.400399 0.400366 0.000000 0.000000
0.000000 0.000000 0.350000 0.350000 0.350000 0.350000 0.350000 0.350000 0.350000 0.350000 0.350000 0.350000 0.350000 0.350000 0.350000 0.350000 0.350000 0.350000 0.350000 0.000000 0.000000
0.000000 0.000000 0.000000 0.000000 0.000000 0.000000 0.000000 0.000000 0.000000 0.000000 0.000000 0.000000 0.000000 0.000000 0.000000 0.000000 0.000000 0.000000 0.000000 0.000000 0.000000