geotop/1.0zi/1.0Montebello/Templates/testdem/maps/_Eocclay8564.asc
ncols         21
nrows         20
xllcorner     100.000000
yllcorner     100.000000
cellsize      50.000000
NODATA_value  -9999.0
0.000000 0.000000 0.000000 0.000000 0.000000 0.000000 0.000000 0.000000 0.000000 0.000000 0.000000 0.000000 0.000000 0.000000 0.000000 0.000000 0.000000 0.000000 0.000000 0.000000 0.000000
0.000000 0.000000 0.349607 0.349609 0.349609 0.349608 0.349610 0.349610 0.349610 0.349610 0.349609 0.349610 0.349610 0.349610 0.349610 0.349610 0.349608 0.349608 0.349609 0.000000 0.000000
0.000000 0.000000 0.349982 0.349981 0.349981 0.349984 0.349981 0.349981 0.349981 0.349981 0.349981 0.349981 0.349981 0.349981 0.349982 0.349982 0.349983 0.349982 0.349980 0.000000 0.000000
0.000000 0.000000 0.350004 0.350009 0.350007 0.350004 0.350008 0.350005 0.350007 0.350004 0.350007 0.350005 0.350005 0.350004 0.350006 0.350007 0.350006 0.350009 0.350006 0.000000 0.000000
0.000000 0.000000 0.351050 0.351043 0.351040 0.351034 0.351016 0.351015 0.351012 0.351013 0.351011 0.351013 0.351011 0.351014 0.351023 0.351025 0.351035 0.351038 0.351047 0.000000 0.000000
0.000000 0.000000 0.354147 0.354145 0.354127 0.354097 0.354079 0.354054 0.354056 0.354049 0.354054 0.354054 0.354059 0.354058 0.354070 0.354091 0.354106 0.354119 0.354125 0.000000 0.000000
0.000000 0.000000 0.358382 0.358375 0.358366 0.358339 0.358305 0.358263 0.358263 0.358257 0.358258 0.358260 0.358261 0.358261 0.358297 0.358328 0.358345 0.358358 0.358366 0.000000 0.000000
0.000000 0.000000 0.363401 0.363396 0.363387 0.363354 0.363322 0.363277 0.363276 0.363270 0.363270 0.363269 0.363266 0.363275 0.363313 0.363340 0.363367 0.363376 0.363390 0.000000 0.000000
0.000000 0.000000 0.368775 0.368765 0.368750 0.368729 0.368692 0.368646 0.368649 0.368639 0.368637 0.368635 0.368636 0.368635 0.368681 0.368717 0.368738 0.368748 0.368759 0.000000 0.000000
0.000000 0.000000 0.374530 0.374517 0.374509 0.374488 0.374434 0.374392 0.374392 0.374387 0.374380 0.374385 0.374392 0.374389 0.374428 0.374471 0.374497 0.374506 0.374514 0.000000 0.000000
0.000000 0.000000 0.380873 0.380865 0.380855 0.380806 0.380771 0.380717 0.380731 0.380700 0.380707 0.380704 0.380695 0.380713 0.380751 0.380776 0.380812 0.380829 0.380853 0.000000 0.000000
0.000000 0.000000 0.387993 0.387971 0.387949 0.387922 0.387875 0.387813 0.387807 0.387802 0.387816 0.387793 0.387803 0.387803 0.387871 0.387907 0.387929 0.387943 0.388000 0.000000 0.000000
0.000000 0.000000 0.395792 0.395769 0.395766 0.395716 0.395680 0.395503 0.395500 0.395491 0.395441 0.395472 0.395479 0.395495 0.395632 0.395665 0.395733 0.395738 0.395765 0.000000 0.000000
0.000000 0.000000 0.405091 0.405085 0.405046 0.405014 0.404782 0.404812 0.404766 0.404766 0.404786 0.404768 0.404764 0.404746 0.404718 0.404961 0.404991 0.405055 0.405098 0.000000 0.000000
0.000000 0.000000 0.416179 0.416154 0.416106 0.415805 0.415849 0.415696 0.415631 0.415616 0.415562 0.415531 0.415565 0.415559 0.415709 0.415678 0.416076 0.416007 0.416010 0.000000 0.000000
0.000000 0.000000 0.428297 0.428276 0.427839 0.427987 0.427944 0.427917 0.428090 0.428039 0.428132 0.428105 0.428031 0.428138 0.428133 0.428163 0.427800 0.428444 0.428434 0.000000 0.000000
0.000000 0.000000 0.443126 0.442455 0.442640 0.442368 0.442033 0.441932 0.441731 0.441778 0.441569 0.441593 0.441715 0.441589 0.441766 0.442013 0.442616 0.442184 0.442881 0.000000 0.000000
0.000000 0.000000 0.447606 0.448248 0.448778 0.448790 0.448838 0.448320 0.448421 0.448265 0.448530 0.448479 0.448434 0.448524 0.448950 0.448914 0.448876 0.448483 0.447849 0.000000 0.000000
0.000000 0.000000 0.350000 0.350000 0.350000 0.350000 0.350000 0.350000 0.350000 0.350000 0.350000 0.350000 0.350000 0.350000 0.350000 0.350000 0.350000 0.350000 0.350000 0.000000 0.000000
0.000000 0.000000 0.000000 0.000000 0.000000 0.000000 0.000000 0.000000 0.000000 0.000000 0.000000 0.000000 0.000000 0.000000 0.000000 0.000000 0.000000 0.000000 0.000000 0.000000 0.000000