geotop/1.0zi/1.0Montebello/Templates/testdem/maps/_Eocsilt3635.asc
ncols         21
nrows         20
xllcorner     100.000000
yllcorner     100.000000
cellsize      50.000000
NODATA_value  -9999.0
0.000000 0.000000 0.000000 0.000000 0.000000 0.000000 0.000000 0.000000 0.000000 0.000000 0.000000 0.000000 0.000000 0.000000 0.000000 0.000000 0.000000 0.000000 0.000000 0.000000 0.000000
0.000000 0.000000 0.350095 0.350095 0.350095 0.350095 0.350095 0.350095 0.350095 0.350095 0.350094 0.350095 0.350095 0.350095 0.350095 0.350095 0.350095 0.350095 0.350095 0.000000 0.000000
0.000000 0.000000 0.349993 0.349993 0.349993 0.349993 0.349993 0.349993 0.349993 0.349993 0.349994 0.349993 0.349993 0.349993 0.349993 0.349993 0.349993 0.349993 0.349993 0.000000 0.000000
0.000000 0.000000 0.351382 0.351381 0.351379 0.351380 0.351382 0.351382 0.351382 0.351381 0.351382 0.351381 0.351382 0.351382 0.351382 0.351380 0.351379 0.351381 0.351382 0.000000 0.000000
0.000000 0.000000 0.356394 0.356393 0.356391 0.356391 0.356393 0.356392 0.356392 0.356394 0.356394 0.356394 0.356392 0.356392 0.356393 0.356391 0.356391 0.356393 0.356394 0.000000 0.000000
0.000000 0.000000 0.362636 0.362635 0.362634 0.362634 0.362636 0.362635 0.362635 0.362636 0.362636 0.362636 0.362635 0.362635 0.362636 0.362634 0.362634 0.362635 0.362636 0.000000 0.000000
0.000000 0.000000 0.368290 0.368289 0.368288 0.368288 0.368290 0.368289 0.368289 0.368290 0.368290 0.368290 0.368289 0.368289 0.368290 0.368288 0.368288 0.368289 0.368290 0.000000 0.000000
0.000000 0.000000 0.373393 0.373392 0.373391 0.373391 0.373392 0.373392 0.373391 0.373392 0.373392 0.373392 0.373391 0.373392 0.373392 0.373391 0.373391 0.373392 0.373393 0.000000 0.000000
0.000000 0.000000 0.378091 0.378090 0.378089 0.378090 0.378091 0.378090 0.378090 0.378091 0.378091 0.378091 0.378090 0.378090 0.378091 0.378090 0.378089 0.378090 0.378091 0.000000 0.000000
0.000000 0.000000 0.382498 0.382497 0.382496 0.382497 0.382498 0.382497 0.382497 0.382497 0.382498 0.382497 0.382497 0.382497 0.382498 0.382497 0.382496 0.382497 0.382498 0.000000 0.000000
0.000000 0.000000 0.386671 0.386670 0.386669 0.386670 0.386671 0.386670 0.386670 0.386670 0.386671 0.386670 0.386670 0.386670 0.386671 0.386670 0.386669 0.386670 0.386671 0.000000 0.000000
0.000000 0.000000 0.390652 0.390651 0.390650 0.390651 0.390652 0.390651 0.390651 0.390651 0.390652 0.390651 0.390651 0.390651 0.390652 0.390651 0.390650 0.390651 0.390652 0.000000 0.000000
0.000000 0.000000 0.394470 0.394470 0.394469 0.394469 0.394470 0.394470 0.394470 0.394470 0.394470 0.394470 0.394470 0.394470 0.394470 0.394469 0.394469 0.394470 0.394470 0.000000 0.000000
0.000000 0.000000 0.398156 0.398155 0.398154 0.398155 0.398156 0.398155 0.398155 0.398155 0.398156 0.398155 0.398155 0.398155 0.398156 0.398155 0.398154 0.398155 0.398156 0.000000 0.000000
0.000000 0.000000 0.401719 0.401719 0.401718 0.401719 0.401719 0.401719 0.401719 0.401719 0.401720 0.401719 0.401719 0.401719 0.401719 0.401719 0.401718 0.401719 0.401719 0.000000 0.000000
0.000000 0.000000 0.405166 0.405166 0.405165 0.405166 0.405166 0.405166 0.405166 0.405166 0.405167 0.405166 0.405166 0.405166 0.405166 0.405166 0.405165 0.405166 0.405166 0.000000 0.000000
0.000000 0.000000 0.408509 0.408509 0.408508 0.408508 0.408509 0.408509 0.408508 0.408509 0.408509 0.408509 0.408508 0.408509 0.408509 0.408508 0.408508 0.408509 0.408509 0.000000 0.000000
0.000000 0.000000 0.411791 0.411791 0.411790 0.411791 0.411792 0.411791 0.411791 0.411791 0.411792 0.411791 0.411791 0.411791 0.411792 0.411791 0.411790 0.411791 0.411792 0.000000 0.000000
0.000000 0.000000 0.350000 0.350000 0.350000 0.350000 0.350000 0.350000 0.350000 0.350000 0.350000 0.350000 0.350000 0.350000 0.350000 0.350000 0.350000 0.350000 0.350000 0.000000 0.000000
0.000000 0.000000 0.000000 0.000000 0.000000 0.000000 0.000000 0.000000 0.000000 0.000000 0.000000 0.000000 0.000000 0.000000 0.000000 0.000000 0.000000 0.000000 0.000000 0.000000 0.000000