geotop/1.0zi/1.0Montebello/Templates/testdem/maps/_Eocclay3970.asc
ncols         21
nrows         20
xllcorner     100.000000
yllcorner     100.000000
cellsize      50.000000
NODATA_value  -9999.0
0.000000 0.000000 0.000000 0.000000 0.000000 0.000000 0.000000 0.000000 0.000000 0.000000 0.000000 0.000000 0.000000 0.000000 0.000000 0.000000 0.000000 0.000000 0.000000 0.000000 0.000000
0.000000 0.000000 0.349820 0.349821 0.349821 0.349821 0.349821 0.349821 0.349821 0.349821 0.349821 0.349821 0.349821 0.349821 0.349821 0.349821 0.349820 0.349820 0.349820 0.000000 0.000000
0.000000 0.000000 0.349994 0.349994 0.349994 0.349994 0.349994 0.349994 0.349994 0.349994 0.349994 0.349993 0.349994 0.349994 0.349994 0.349994 0.349994 0.349994 0.349994 0.000000 0.000000
0.000000 0.000000 0.349995 0.349996 0.349994 0.349995 0.349996 0.349997 0.349997 0.349996 0.349997 0.349996 0.349995 0.349994 0.349996 0.349997 0.349996 0.349996 0.349995 0.000000 0.000000
0.000000 0.000000 0.350336 0.350338 0.350337 0.350334 0.350327 0.350323 0.350323 0.350322 0.350323 0.350324 0.350322 0.350323 0.350330 0.350330 0.350331 0.350330 0.350333 0.000000 0.000000
0.000000 0.000000 0.351466 0.351468 0.351464 0.351455 0.351449 0.351441 0.351441 0.351436 0.351440 0.351440 0.351442 0.351444 0.351443 0.351449 0.351453 0.351457 0.351460 0.000000 0.000000
0.000000 0.000000 0.353120 0.353117 0.353112 0.353102 0.353088 0.353068 0.353068 0.353064 0.353068 0.353067 0.353069 0.353071 0.353087 0.353103 0.353108 0.353111 0.353114 0.000000 0.000000
0.000000 0.000000 0.354983 0.354983 0.354978 0.354962 0.354947 0.354928 0.354930 0.354927 0.354928 0.354927 0.354926 0.354928 0.354948 0.354963 0.354969 0.354972 0.354977 0.000000 0.000000
0.000000 0.000000 0.356839 0.356837 0.356829 0.356818 0.356802 0.356782 0.356783 0.356779 0.356780 0.356780 0.356780 0.356783 0.356802 0.356819 0.356825 0.356826 0.356833 0.000000 0.000000
0.000000 0.000000 0.358687 0.358684 0.358678 0.358665 0.358646 0.358628 0.358630 0.358627 0.358628 0.358628 0.358627 0.358629 0.358650 0.358667 0.358673 0.358675 0.358680 0.000000 0.000000
0.000000 0.000000 0.360562 0.360559 0.360553 0.360543 0.360528 0.360506 0.360508 0.360503 0.360504 0.360505 0.360503 0.360506 0.360524 0.360537 0.360545 0.360547 0.360554 0.000000 0.000000
0.000000 0.000000 0.362493 0.362490 0.362483 0.362468 0.362453 0.362432 0.362431 0.362428 0.362429 0.362428 0.362428 0.362429 0.362452 0.362468 0.362475 0.362477 0.362498 0.000000 0.000000
0.000000 0.000000 0.364439 0.364435 0.364427 0.364415 0.364398 0.364356 0.364356 0.364352 0.364353 0.364353 0.364352 0.364355 0.364393 0.364411 0.364418 0.364421 0.364434 0.000000 0.000000
0.000000 0.000000 0.366485 0.366478 0.366471 0.366459 0.366417 0.366404 0.366398 0.366394 0.366396 0.366395 0.366394 0.366397 0.366412 0.366453 0.366460 0.366468 0.366475 0.000000 0.000000
0.000000 0.000000 0.368677 0.368671 0.368656 0.368620 0.368598 0.368572 0.368558 0.368554 0.368549 0.368547 0.368550 0.368549 0.368572 0.368601 0.368643 0.368640 0.368646 0.000000 0.000000
0.000000 0.000000 0.370925 0.370920 0.370875 0.370865 0.370850 0.370835 0.370832 0.370831 0.370833 0.370832 0.370827 0.370837 0.370848 0.370861 0.370862 0.370904 0.370915 0.000000 0.000000
0.000000 0.000000 0.373401 0.373350 0.373309 0.373291 0.373261 0.373244 0.373241 0.373238 0.373233 0.373233 0.373234 0.373233 0.373247 0.373280 0.373299 0.373322 0.373374 0.000000 0.000000
0.000000 0.000000 0.375364 0.375349 0.375376 0.375353 0.375324 0.375272 0.375266 0.375261 0.375263 0.375262 0.375260 0.375266 0.375315 0.375345 0.375376 0.375330 0.375354 0.000000 0.000000
0.000000 0.000000 0.350000 0.350000 0.350000 0.350000 0.350000 0.350000 0.350000 0.350000 0.350000 0.350000 0.350000 0.350000 0.350000 0.350000 0.350000 0.350000 0.350000 0.000000 0.000000
0.000000 0.000000 0.000000 0.000000 0.000000 0.000000 0.000000 0.000000 0.000000 0.000000 0.000000 0.000000 0.000000 0.000000 0.000000 0.000000 0.000000 0.000000 0.000000 0.000000 0.000000