geotop/1.0zi/1.0Montebello/Templates/testdem/maps/_Eocclay1813.asc
ncols         21
nrows         20
xllcorner     100.000000
yllcorner     100.000000
cellsize      50.000000
NODATA_value  -9999.0
0.000000 0.000000 0.000000 0.000000 0.000000 0.000000 0.000000 0.000000 0.000000 0.000000 0.000000 0.000000 0.000000 0.000000 0.000000 0.000000 0.000000 0.000000 0.000000 0.000000 0.000000
0.000000 0.000000 0.349905 0.349905 0.349905 0.349905 0.349905 0.349905 0.349905 0.349905 0.349905 0.349905 0.349905 0.349905 0.349905 0.349905 0.349905 0.349905 0.349905 0.000000 0.000000
0.000000 0.000000 0.349993 0.349993 0.349993 0.349993 0.349993 0.349993 0.349993 0.349993 0.349993 0.349993 0.349993 0.349993 0.349993 0.349993 0.349993 0.349993 0.349993 0.000000 0.000000
0.000000 0.000000 0.350650 0.350650 0.350648 0.350649 0.350650 0.350650 0.350650 0.350651 0.350650 0.350651 0.350650 0.350650 0.350650 0.350649 0.350648 0.350650 0.350650 0.000000 0.000000
0.000000 0.000000 0.353350 0.353349 0.353347 0.353348 0.353351 0.353350 0.353350 0.353351 0.353351 0.353351 0.353350 0.353350 0.353351 0.353348 0.353347 0.353349 0.353350 0.000000 0.000000
0.000000 0.000000 0.356396 0.356396 0.356394 0.356394 0.356397 0.356396 0.356396 0.356397 0.356397 0.356397 0.356396 0.356396 0.356397 0.356394 0.356394 0.356396 0.356396 0.000000 0.000000
0.000000 0.000000 0.359278 0.359277 0.359276 0.359276 0.359279 0.359278 0.359278 0.359278 0.359279 0.359278 0.359278 0.359278 0.359279 0.359276 0.359276 0.359277 0.359278 0.000000 0.000000
0.000000 0.000000 0.361929 0.361928 0.361927 0.361927 0.361929 0.361929 0.361929 0.361929 0.361929 0.361929 0.361929 0.361929 0.361929 0.361927 0.361927 0.361928 0.361929 0.000000 0.000000
0.000000 0.000000 0.364410 0.364410 0.364408 0.364409 0.364411 0.364410 0.364410 0.364411 0.364411 0.364411 0.364410 0.364410 0.364411 0.364409 0.364408 0.364410 0.364410 0.000000 0.000000
0.000000 0.000000 0.366783 0.366782 0.366781 0.366782 0.366783 0.366783 0.366783 0.366783 0.366783 0.366783 0.366783 0.366783 0.366783 0.366782 0.366781 0.366782 0.366783 0.000000 0.000000
0.000000 0.000000 0.369072 0.369072 0.369070 0.369071 0.369072 0.369072 0.369072 0.369072 0.369072 0.369072 0.369072 0.369072 0.369072 0.369071 0.369070 0.369072 0.369072 0.000000 0.000000
0.000000 0.000000 0.371299 0.371298 0.371297 0.371298 0.371299 0.371299 0.371299 0.371299 0.371299 0.371299 0.371299 0.371299 0.371299 0.371298 0.371297 0.371298 0.371299 0.000000 0.000000
0.000000 0.000000 0.373480 0.373480 0.373478 0.373479 0.373480 0.373480 0.373480 0.373480 0.373480 0.373480 0.373480 0.373480 0.373480 0.373479 0.373478 0.373480 0.373480 0.000000 0.000000
0.000000 0.000000 0.375618 0.375618 0.375617 0.375617 0.375618 0.375618 0.375618 0.375618 0.375618 0.375618 0.375618 0.375618 0.375618 0.375617 0.375617 0.375618 0.375618 0.000000 0.000000
0.000000 0.000000 0.377722 0.377722 0.377721 0.377721 0.377723 0.377722 0.377722 0.377723 0.377723 0.377723 0.377722 0.377722 0.377723 0.377721 0.377721 0.377722 0.377722 0.000000 0.000000
0.000000 0.000000 0.379799 0.379799 0.379797 0.379798 0.379799 0.379799 0.379799 0.379799 0.379799 0.379799 0.379799 0.379799 0.379799 0.379798 0.379797 0.379799 0.379799 0.000000 0.000000
0.000000 0.000000 0.381847 0.381847 0.381846 0.381846 0.381848 0.381847 0.381847 0.381848 0.381847 0.381848 0.381847 0.381847 0.381848 0.381846 0.381846 0.381847 0.381847 0.000000 0.000000
0.000000 0.000000 0.383911 0.383911 0.383910 0.383910 0.383912 0.383911 0.383911 0.383911 0.383911 0.383911 0.383911 0.383911 0.383912 0.383910 0.383910 0.383911 0.383911 0.000000 0.000000
0.000000 0.000000 0.350000 0.350000 0.350000 0.350000 0.350000 0.350000 0.350000 0.350000 0.350000 0.350000 0.350000 0.350000 0.350000 0.350000 0.350000 0.350000 0.350000 0.000000 0.000000
0.000000 0.000000 0.000000 0.000000 0.000000 0.000000 0.000000 0.000000 0.000000 0.000000 0.000000 0.000000 0.000000 0.000000 0.000000 0.000000 0.000000 0.000000 0.000000 0.000000 0.000000