geotop/1.0zi/1.0Montebello/Templates/testdem/maps/_Eocsand2318.asc
ncols         21
nrows         20
xllcorner     100.000000
yllcorner     100.000000
cellsize      50.000000
NODATA_value  -9999.0
0.000000 0.000000 0.000000 0.000000 0.000000 0.000000 0.000000 0.000000 0.000000 0.000000 0.000000 0.000000 0.000000 0.000000 0.000000 0.000000 0.000000 0.000000 0.000000 0.000000 0.000000
0.000000 0.000000 0.300070 0.300070 0.300070 0.300070 0.300070 0.300070 0.300070 0.300070 0.300070 0.300070 0.300070 0.300070 0.300070 0.300070 0.300070 0.300070 0.300070 0.000000 0.000000
0.000000 0.000000 0.300011 0.300011 0.300012 0.300011 0.300011 0.300011 0.300011 0.300011 0.300011 0.300011 0.300011 0.300011 0.300011 0.300011 0.300012 0.300011 0.300011 0.000000 0.000000
0.000000 0.000000 0.298524 0.298525 0.298529 0.298527 0.298524 0.298524 0.298525 0.298524 0.298524 0.298524 0.298525 0.298524 0.298524 0.298527 0.298529 0.298525 0.298524 0.000000 0.000000
0.000000 0.000000 0.292253 0.292255 0.292258 0.292258 0.292252 0.292254 0.292254 0.292251 0.292251 0.292251 0.292254 0.292254 0.292252 0.292258 0.292258 0.292255 0.292253 0.000000 0.000000
0.000000 0.000000 0.284529 0.284530 0.284533 0.284533 0.284528 0.284530 0.284529 0.284527 0.284527 0.284527 0.284529 0.284530 0.284528 0.284533 0.284533 0.284530 0.284529 0.000000 0.000000
0.000000 0.000000 0.277328 0.277329 0.277332 0.277332 0.277328 0.277329 0.277329 0.277327 0.277327 0.277327 0.277329 0.277329 0.277328 0.277332 0.277332 0.277329 0.277328 0.000000 0.000000
0.000000 0.000000 0.270727 0.270728 0.270731 0.270730 0.270727 0.270728 0.270728 0.270726 0.270726 0.270726 0.270728 0.270728 0.270727 0.270730 0.270731 0.270728 0.270727 0.000000 0.000000
0.000000 0.000000 0.264565 0.264565 0.264568 0.264567 0.264564 0.264565 0.264565 0.264564 0.264563 0.264564 0.264565 0.264565 0.264564 0.264567 0.264568 0.264565 0.264565 0.000000 0.000000
0.000000 0.000000 0.258693 0.258694 0.258696 0.258696 0.258693 0.258694 0.258694 0.258692 0.258692 0.258692 0.258694 0.258694 0.258693 0.258696 0.258696 0.258694 0.258693 0.000000 0.000000
0.000000 0.000000 0.253048 0.253048 0.253051 0.253050 0.253047 0.253048 0.253048 0.253047 0.253046 0.253047 0.253048 0.253048 0.253047 0.253050 0.253051 0.253048 0.253048 0.000000 0.000000
0.000000 0.000000 0.247581 0.247582 0.247584 0.247583 0.247581 0.247582 0.247582 0.247580 0.247580 0.247580 0.247582 0.247582 0.247581 0.247583 0.247584 0.247582 0.247581 0.000000 0.000000
0.000000 0.000000 0.242251 0.242252 0.242254 0.242253 0.242251 0.242252 0.242252 0.242250 0.242250 0.242250 0.242252 0.242252 0.242251 0.242253 0.242254 0.242252 0.242251 0.000000 0.000000
0.000000 0.000000 0.237038 0.237039 0.237041 0.237040 0.237038 0.237039 0.237038 0.237037 0.237037 0.237037 0.237038 0.237039 0.237038 0.237040 0.237041 0.237039 0.237038 0.000000 0.000000
0.000000 0.000000 0.231921 0.231922 0.231924 0.231923 0.231921 0.231922 0.231922 0.231920 0.231920 0.231920 0.231922 0.231922 0.231921 0.231923 0.231924 0.231922 0.231921 0.000000 0.000000
0.000000 0.000000 0.226895 0.226895 0.226897 0.226896 0.226894 0.226895 0.226895 0.226894 0.226893 0.226894 0.226895 0.226895 0.226894 0.226896 0.226897 0.226895 0.226895 0.000000 0.000000
0.000000 0.000000 0.221952 0.221953 0.221955 0.221954 0.221952 0.221953 0.221953 0.221952 0.221951 0.221952 0.221953 0.221953 0.221952 0.221954 0.221955 0.221953 0.221952 0.000000 0.000000
0.000000 0.000000 0.217022 0.217022 0.217025 0.217024 0.217021 0.217022 0.217022 0.217021 0.217021 0.217021 0.217022 0.217022 0.217021 0.217024 0.217025 0.217022 0.217022 0.000000 0.000000
0.000000 0.000000 0.300000 0.300000 0.300000 0.300000 0.300000 0.300000 0.300000 0.300000 0.300000 0.300000 0.300000 0.300000 0.300000 0.300000 0.300000 0.300000 0.300000 0.000000 0.000000
0.000000 0.000000 0.000000 0.000000 0.000000 0.000000 0.000000 0.000000 0.000000 0.000000 0.000000 0.000000 0.000000 0.000000 0.000000 0.000000 0.000000 0.000000 0.000000 0.000000 0.000000