geotop/1.0zi/1.0Montebello/Templates/testdem/maps/_Eocclay4037.asc
ncols         21
nrows         20
xllcorner     100.000000
yllcorner     100.000000
cellsize      50.000000
NODATA_value  -9999.0
0.000000 0.000000 0.000000 0.000000 0.000000 0.000000 0.000000 0.000000 0.000000 0.000000 0.000000 0.000000 0.000000 0.000000 0.000000 0.000000 0.000000 0.000000 0.000000 0.000000 0.000000
0.000000 0.000000 0.349814 0.349815 0.349815 0.349815 0.349815 0.349815 0.349815 0.349815 0.349815 0.349815 0.349815 0.349815 0.349815 0.349815 0.349814 0.349815 0.349814 0.000000 0.000000
0.000000 0.000000 0.349994 0.349994 0.349994 0.349994 0.349994 0.349994 0.349994 0.349994 0.349994 0.349993 0.349994 0.349994 0.349994 0.349994 0.349994 0.349994 0.349994 0.000000 0.000000
0.000000 0.000000 0.349994 0.349995 0.349993 0.349994 0.349995 0.349995 0.349995 0.349994 0.349995 0.349994 0.349994 0.349993 0.349996 0.349997 0.349995 0.349996 0.349994 0.000000 0.000000
0.000000 0.000000 0.350333 0.350335 0.350334 0.350334 0.350327 0.350326 0.350326 0.350326 0.350325 0.350327 0.350323 0.350323 0.350326 0.350327 0.350327 0.350327 0.350330 0.000000 0.000000
0.000000 0.000000 0.351494 0.351495 0.351491 0.351484 0.351482 0.351473 0.351473 0.351468 0.351473 0.351472 0.351474 0.351473 0.351469 0.351474 0.351479 0.351484 0.351488 0.000000 0.000000
0.000000 0.000000 0.353186 0.353183 0.353180 0.353172 0.353163 0.353145 0.353145 0.353141 0.353144 0.353144 0.353144 0.353141 0.353153 0.353167 0.353174 0.353178 0.353181 0.000000 0.000000
0.000000 0.000000 0.355100 0.355098 0.355095 0.355082 0.355073 0.355056 0.355058 0.355055 0.355056 0.355055 0.355052 0.355048 0.355063 0.355077 0.355085 0.355089 0.355094 0.000000 0.000000
0.000000 0.000000 0.357008 0.357005 0.356999 0.356991 0.356980 0.356962 0.356963 0.356960 0.356960 0.356961 0.356958 0.356956 0.356970 0.356986 0.356993 0.356996 0.357002 0.000000 0.000000
0.000000 0.000000 0.358909 0.358906 0.358901 0.358892 0.358878 0.358861 0.358864 0.358861 0.358861 0.358862 0.358858 0.358855 0.358871 0.358888 0.358895 0.358898 0.358903 0.000000 0.000000
0.000000 0.000000 0.360841 0.360837 0.360831 0.360825 0.360816 0.360795 0.360798 0.360793 0.360793 0.360794 0.360791 0.360788 0.360801 0.360813 0.360822 0.360826 0.360832 0.000000 0.000000
0.000000 0.000000 0.362831 0.362827 0.362821 0.362810 0.362799 0.362780 0.362780 0.362777 0.362778 0.362777 0.362774 0.362770 0.362788 0.362803 0.362811 0.362814 0.362836 0.000000 0.000000
0.000000 0.000000 0.364838 0.364834 0.364827 0.364819 0.364806 0.364766 0.364767 0.364763 0.364763 0.364764 0.364760 0.364757 0.364791 0.364808 0.364817 0.364820 0.364834 0.000000 0.000000
0.000000 0.000000 0.366952 0.366944 0.366939 0.366930 0.366892 0.366882 0.366876 0.366873 0.366873 0.366874 0.366869 0.366866 0.366877 0.366917 0.366926 0.366935 0.366943 0.000000 0.000000
0.000000 0.000000 0.369218 0.369212 0.369198 0.369164 0.369147 0.369123 0.369110 0.369106 0.369100 0.369099 0.369099 0.369091 0.369109 0.369139 0.369182 0.369181 0.369187 0.000000 0.000000
0.000000 0.000000 0.371544 0.371538 0.371493 0.371487 0.371478 0.371466 0.371464 0.371462 0.371464 0.371463 0.371456 0.371460 0.371464 0.371477 0.371479 0.371523 0.371535 0.000000 0.000000
0.000000 0.000000 0.374110 0.374055 0.374015 0.374001 0.373976 0.373962 0.373959 0.373957 0.373950 0.373951 0.373949 0.373941 0.373949 0.373982 0.374003 0.374028 0.374082 0.000000 0.000000
0.000000 0.000000 0.376137 0.376121 0.376152 0.376133 0.376110 0.376058 0.376053 0.376048 0.376049 0.376049 0.376043 0.376043 0.376088 0.376117 0.376151 0.376103 0.376128 0.000000 0.000000
0.000000 0.000000 0.350000 0.350000 0.350000 0.350000 0.350000 0.350000 0.350000 0.350000 0.350000 0.350000 0.350000 0.350000 0.350000 0.350000 0.350000 0.350000 0.350000 0.000000 0.000000
0.000000 0.000000 0.000000 0.000000 0.000000 0.000000 0.000000 0.000000 0.000000 0.000000 0.000000 0.000000 0.000000 0.000000 0.000000 0.000000 0.000000 0.000000 0.000000 0.000000 0.000000