geotop/1.0zi/1.0Montebello/Templates/testdem/maps/_Eocsand8071.asc
ncols         21
nrows         20
xllcorner     100.000000
yllcorner     100.000000
cellsize      50.000000
NODATA_value  -9999.0
0.000000 0.000000 0.000000 0.000000 0.000000 0.000000 0.000000 0.000000 0.000000 0.000000 0.000000 0.000000 0.000000 0.000000 0.000000 0.000000 0.000000 0.000000 0.000000 0.000000 0.000000
0.000000 0.000000 0.300206 0.300203 0.300203 0.300204 0.300203 0.300202 0.300203 0.300203 0.300204 0.300203 0.300203 0.300203 0.300203 0.300203 0.300204 0.300204 0.300204 0.000000 0.000000
0.000000 0.000000 0.300011 0.300012 0.300012 0.300010 0.300011 0.300012 0.300011 0.300011 0.300012 0.300012 0.300011 0.300011 0.300011 0.300011 0.300012 0.300012 0.300013 0.000000 0.000000
0.000000 0.000000 0.299894 0.299893 0.299897 0.299905 0.299901 0.299909 0.299904 0.299906 0.299906 0.299906 0.299906 0.299908 0.299903 0.299898 0.299896 0.299893 0.299894 0.000000 0.000000
0.000000 0.000000 0.297969 0.297967 0.297975 0.297991 0.298013 0.298023 0.298030 0.298028 0.298032 0.298031 0.298035 0.298029 0.298005 0.297998 0.297987 0.297975 0.297965 0.000000 0.000000
0.000000 0.000000 0.292408 0.292408 0.292432 0.292477 0.292512 0.292559 0.292559 0.292572 0.292564 0.292565 0.292561 0.292560 0.292537 0.292504 0.292475 0.292453 0.292442 0.000000 0.000000
0.000000 0.000000 0.284627 0.284634 0.284655 0.284706 0.284770 0.284844 0.284845 0.284855 0.284852 0.284854 0.284856 0.284850 0.284786 0.284729 0.284694 0.284666 0.284651 0.000000 0.000000
0.000000 0.000000 0.275413 0.275418 0.275434 0.275492 0.275554 0.275635 0.275636 0.275645 0.275647 0.275653 0.275657 0.275642 0.275572 0.275518 0.275465 0.275449 0.275424 0.000000 0.000000
0.000000 0.000000 0.265576 0.265592 0.265622 0.265660 0.265727 0.265814 0.265810 0.265829 0.265834 0.265839 0.265836 0.265838 0.265753 0.265684 0.265642 0.265621 0.265601 0.000000 0.000000
0.000000 0.000000 0.255189 0.255208 0.255225 0.255263 0.255358 0.255437 0.255437 0.255447 0.255460 0.255453 0.255442 0.255447 0.255374 0.255295 0.255245 0.255229 0.255214 0.000000 0.000000
0.000000 0.000000 0.243920 0.243933 0.243952 0.244033 0.244100 0.244193 0.244174 0.244224 0.244218 0.244220 0.244238 0.244205 0.244139 0.244089 0.244026 0.243993 0.243951 0.000000 0.000000
0.000000 0.000000 0.231427 0.231461 0.231501 0.231553 0.231629 0.231746 0.231753 0.231767 0.231741 0.231781 0.231770 0.231763 0.231642 0.231581 0.231537 0.231514 0.231410 0.000000 0.000000
0.000000 0.000000 0.217934 0.217966 0.217983 0.218058 0.218125 0.218427 0.218432 0.218450 0.218529 0.218488 0.218471 0.218443 0.218213 0.218151 0.218036 0.218023 0.217972 0.000000 0.000000
0.000000 0.000000 0.202149 0.202159 0.202224 0.202277 0.202654 0.202630 0.202708 0.202708 0.202686 0.202708 0.202718 0.202735 0.202766 0.202376 0.202310 0.202209 0.202135 0.000000 0.000000
0.000000 0.000000 0.183568 0.183602 0.183681 0.184157 0.184126 0.184362 0.184471 0.184498 0.184577 0.184635 0.184582 0.184593 0.184363 0.184367 0.183738 0.183832 0.183819 0.000000 0.000000
0.000000 0.000000 0.163185 0.163215 0.163904 0.163731 0.163781 0.163853 0.163601 0.163683 0.163551 0.163602 0.163713 0.163541 0.163521 0.163483 0.163964 0.162981 0.162997 0.000000 0.000000
0.000000 0.000000 0.137883 0.138965 0.138764 0.139162 0.139706 0.139866 0.140153 0.140087 0.140405 0.140379 0.140199 0.140373 0.140101 0.139700 0.138803 0.139361 0.138238 0.000000 0.000000
0.000000 0.000000 0.128248 0.127258 0.126327 0.126330 0.126297 0.127188 0.127048 0.127307 0.126892 0.126978 0.127037 0.126897 0.126151 0.126177 0.126156 0.126895 0.127864 0.000000 0.000000
0.000000 0.000000 0.300000 0.300000 0.300000 0.300000 0.300000 0.300000 0.300000 0.300000 0.300000 0.300000 0.300000 0.300000 0.300000 0.300000 0.300000 0.300000 0.300000 0.000000 0.000000
0.000000 0.000000 0.000000 0.000000 0.000000 0.000000 0.000000 0.000000 0.000000 0.000000 0.000000 0.000000 0.000000 0.000000 0.000000 0.000000 0.000000 0.000000 0.000000 0.000000 0.000000