geotop/1.0zi/1.0Montebello/Templates/testdem/maps/_Eocclay0687.asc
ncols         21
nrows         20
xllcorner     100.000000
yllcorner     100.000000
cellsize      50.000000
NODATA_value  -9999.0
0.000000 0.000000 0.000000 0.000000 0.000000 0.000000 0.000000 0.000000 0.000000 0.000000 0.000000 0.000000 0.000000 0.000000 0.000000 0.000000 0.000000 0.000000 0.000000 0.000000 0.000000
0.000000 0.000000 0.349963 0.349963 0.349963 0.349963 0.349963 0.349963 0.349963 0.349963 0.349963 0.349963 0.349963 0.349963 0.349963 0.349963 0.349963 0.349963 0.349963 0.000000 0.000000
0.000000 0.000000 0.349996 0.349996 0.349995 0.349996 0.349996 0.349996 0.349996 0.349996 0.349996 0.349996 0.349996 0.349996 0.349996 0.349996 0.349995 0.349996 0.349996 0.000000 0.000000
0.000000 0.000000 0.350285 0.350285 0.350283 0.350285 0.350285 0.350285 0.350285 0.350285 0.350285 0.350285 0.350285 0.350285 0.350285 0.350285 0.350283 0.350285 0.350285 0.000000 0.000000
0.000000 0.000000 0.351331 0.351331 0.351329 0.351331 0.351331 0.351331 0.351331 0.351331 0.351331 0.351331 0.351331 0.351331 0.351331 0.351331 0.351329 0.351331 0.351331 0.000000 0.000000
0.000000 0.000000 0.352437 0.352438 0.352436 0.352437 0.352438 0.352438 0.352438 0.352438 0.352438 0.352438 0.352438 0.352438 0.352438 0.352437 0.352436 0.352438 0.352437 0.000000 0.000000
0.000000 0.000000 0.353500 0.353500 0.353498 0.353499 0.353500 0.353500 0.353500 0.353500 0.353500 0.353500 0.353500 0.353500 0.353500 0.353499 0.353498 0.353500 0.353500 0.000000 0.000000
0.000000 0.000000 0.354493 0.354493 0.354491 0.354493 0.354493 0.354493 0.354493 0.354493 0.354493 0.354493 0.354493 0.354493 0.354493 0.354493 0.354491 0.354493 0.354493 0.000000 0.000000
0.000000 0.000000 0.355434 0.355434 0.355433 0.355434 0.355434 0.355434 0.355435 0.355434 0.355434 0.355434 0.355435 0.355434 0.355434 0.355434 0.355433 0.355434 0.355434 0.000000 0.000000
0.000000 0.000000 0.356344 0.356344 0.356343 0.356344 0.356344 0.356344 0.356344 0.356344 0.356344 0.356344 0.356344 0.356344 0.356344 0.356344 0.356343 0.356344 0.356344 0.000000 0.000000
0.000000 0.000000 0.357231 0.357231 0.357229 0.357230 0.357231 0.357231 0.357231 0.357231 0.357231 0.357231 0.357231 0.357231 0.357231 0.357230 0.357229 0.357231 0.357231 0.000000 0.000000
0.000000 0.000000 0.358101 0.358101 0.358100 0.358101 0.358101 0.358101 0.358101 0.358101 0.358101 0.358101 0.358101 0.358101 0.358101 0.358101 0.358100 0.358101 0.358101 0.000000 0.000000
0.000000 0.000000 0.358957 0.358957 0.358956 0.358957 0.358957 0.358957 0.358957 0.358957 0.358957 0.358957 0.358957 0.358957 0.358957 0.358957 0.358956 0.358957 0.358957 0.000000 0.000000
0.000000 0.000000 0.359803 0.359803 0.359802 0.359803 0.359803 0.359803 0.359803 0.359803 0.359803 0.359803 0.359803 0.359803 0.359803 0.359803 0.359802 0.359803 0.359803 0.000000 0.000000
0.000000 0.000000 0.360642 0.360642 0.360640 0.360642 0.360642 0.360642 0.360642 0.360642 0.360642 0.360642 0.360642 0.360642 0.360642 0.360642 0.360640 0.360642 0.360642 0.000000 0.000000
0.000000 0.000000 0.361477 0.361477 0.361476 0.361477 0.361477 0.361477 0.361477 0.361477 0.361477 0.361477 0.361477 0.361477 0.361477 0.361477 0.361476 0.361477 0.361477 0.000000 0.000000
0.000000 0.000000 0.362305 0.362305 0.362304 0.362305 0.362305 0.362305 0.362305 0.362305 0.362305 0.362305 0.362305 0.362305 0.362305 0.362305 0.362304 0.362305 0.362305 0.000000 0.000000
0.000000 0.000000 0.363138 0.363138 0.363136 0.363138 0.363138 0.363138 0.363138 0.363138 0.363138 0.363138 0.363138 0.363138 0.363138 0.363138 0.363136 0.363138 0.363138 0.000000 0.000000
0.000000 0.000000 0.350000 0.350000 0.350000 0.350000 0.350000 0.350000 0.350000 0.350000 0.350000 0.350000 0.350000 0.350000 0.350000 0.350000 0.350000 0.350000 0.350000 0.000000 0.000000
0.000000 0.000000 0.000000 0.000000 0.000000 0.000000 0.000000 0.000000 0.000000 0.000000 0.000000 0.000000 0.000000 0.000000 0.000000 0.000000 0.000000 0.000000 0.000000 0.000000 0.000000