geotop/1.0zi/1.0Montebello/Templates/testdem/maps/_Eocsand7671.asc
ncols         21
nrows         20
xllcorner     100.000000
yllcorner     100.000000
cellsize      50.000000
NODATA_value  -9999.0
0.000000 0.000000 0.000000 0.000000 0.000000 0.000000 0.000000 0.000000 0.000000 0.000000 0.000000 0.000000 0.000000 0.000000 0.000000 0.000000 0.000000 0.000000 0.000000 0.000000 0.000000
0.000000 0.000000 0.300196 0.300193 0.300193 0.300194 0.300193 0.300193 0.300193 0.300193 0.300194 0.300193 0.300193 0.300193 0.300193 0.300193 0.300194 0.300194 0.300194 0.000000 0.000000
0.000000 0.000000 0.300010 0.300011 0.300011 0.300010 0.300011 0.300011 0.300011 0.300011 0.300011 0.300011 0.300010 0.300011 0.300011 0.300011 0.300011 0.300012 0.300013 0.000000 0.000000
0.000000 0.000000 0.299894 0.299893 0.299898 0.299906 0.299901 0.299909 0.299904 0.299906 0.299906 0.299906 0.299906 0.299908 0.299903 0.299898 0.299896 0.299893 0.299893 0.000000 0.000000
0.000000 0.000000 0.298077 0.298073 0.298082 0.298097 0.298119 0.298128 0.298134 0.298133 0.298136 0.298135 0.298138 0.298132 0.298109 0.298103 0.298093 0.298081 0.298073 0.000000 0.000000
0.000000 0.000000 0.293030 0.293031 0.293052 0.293094 0.293125 0.293170 0.293170 0.293183 0.293175 0.293176 0.293172 0.293171 0.293149 0.293118 0.293092 0.293069 0.293058 0.000000 0.000000
0.000000 0.000000 0.285904 0.285911 0.285930 0.285978 0.286037 0.286106 0.286107 0.286117 0.286114 0.286115 0.286118 0.286111 0.286051 0.285998 0.285965 0.285938 0.285923 0.000000 0.000000
0.000000 0.000000 0.277418 0.277421 0.277435 0.277489 0.277547 0.277622 0.277623 0.277632 0.277633 0.277639 0.277642 0.277628 0.277563 0.277511 0.277462 0.277446 0.277423 0.000000 0.000000
0.000000 0.000000 0.268412 0.268427 0.268454 0.268489 0.268549 0.268630 0.268626 0.268645 0.268650 0.268653 0.268651 0.268652 0.268573 0.268508 0.268469 0.268449 0.268430 0.000000 0.000000
0.000000 0.000000 0.258983 0.259001 0.259015 0.259048 0.259136 0.259209 0.259208 0.259218 0.259229 0.259224 0.259212 0.259217 0.259149 0.259076 0.259030 0.259015 0.259000 0.000000 0.000000
0.000000 0.000000 0.248856 0.248868 0.248884 0.248956 0.249018 0.249101 0.249084 0.249130 0.249124 0.249126 0.249142 0.249111 0.249051 0.249005 0.248948 0.248916 0.248878 0.000000 0.000000
0.000000 0.000000 0.237746 0.237775 0.237809 0.237857 0.237923 0.238028 0.238033 0.238048 0.238024 0.238060 0.238051 0.238042 0.237934 0.237880 0.237840 0.237818 0.237722 0.000000 0.000000
0.000000 0.000000 0.225865 0.225894 0.225908 0.225973 0.226031 0.226292 0.226296 0.226313 0.226379 0.226347 0.226330 0.226305 0.226105 0.226050 0.225951 0.225938 0.225886 0.000000 0.000000
0.000000 0.000000 0.212170 0.212180 0.212232 0.212279 0.212590 0.212590 0.212655 0.212657 0.212645 0.212660 0.212667 0.212678 0.212689 0.212365 0.212303 0.212216 0.212150 0.000000 0.000000
0.000000 0.000000 0.196240 0.196266 0.196333 0.196714 0.196715 0.196903 0.196999 0.197021 0.197083 0.197132 0.197090 0.197100 0.196917 0.196889 0.196381 0.196446 0.196427 0.000000 0.000000
0.000000 0.000000 0.178762 0.178788 0.179332 0.179238 0.179271 0.179345 0.179160 0.179228 0.179133 0.179180 0.179261 0.179126 0.179091 0.179062 0.179379 0.178618 0.178628 0.000000 0.000000
0.000000 0.000000 0.157087 0.157947 0.157867 0.158162 0.158592 0.158721 0.158917 0.158876 0.159113 0.159099 0.158969 0.159085 0.158871 0.158553 0.157898 0.158218 0.157332 0.000000 0.000000
0.000000 0.000000 0.146982 0.146289 0.145500 0.145542 0.145571 0.146311 0.146229 0.146434 0.146133 0.146200 0.146227 0.146131 0.145493 0.145475 0.145356 0.146024 0.146693 0.000000 0.000000
0.000000 0.000000 0.300000 0.300000 0.300000 0.300000 0.300000 0.300000 0.300000 0.300000 0.300000 0.300000 0.300000 0.300000 0.300000 0.300000 0.300000 0.300000 0.300000 0.000000 0.000000
0.000000 0.000000 0.000000 0.000000 0.000000 0.000000 0.000000 0.000000 0.000000 0.000000 0.000000 0.000000 0.000000 0.000000 0.000000 0.000000 0.000000 0.000000 0.000000 0.000000 0.000000