geotop/1.0zi/1.0Montebello/Templates/testdem/maps/_Eocclay0299.asc
ncols         21
nrows         20
xllcorner     100.000000
yllcorner     100.000000
cellsize      50.000000
NODATA_value  -9999.0
0.000000 0.000000 0.000000 0.000000 0.000000 0.000000 0.000000 0.000000 0.000000 0.000000 0.000000 0.000000 0.000000 0.000000 0.000000 0.000000 0.000000 0.000000 0.000000 0.000000 0.000000
0.000000 0.000000 0.349979 0.349979 0.349979 0.349979 0.349979 0.349979 0.349979 0.349979 0.349979 0.349979 0.349979 0.349979 0.349979 0.349979 0.349979 0.349979 0.349979 0.000000 0.000000
0.000000 0.000000 0.349999 0.349998 0.349998 0.349998 0.349999 0.349999 0.349999 0.349999 0.349999 0.349999 0.349999 0.349999 0.349999 0.349998 0.349998 0.349998 0.349999 0.000000 0.000000
0.000000 0.000000 0.350257 0.350257 0.350255 0.350257 0.350257 0.350257 0.350257 0.350257 0.350257 0.350257 0.350257 0.350257 0.350257 0.350257 0.350255 0.350257 0.350257 0.000000 0.000000
0.000000 0.000000 0.350897 0.350897 0.350895 0.350896 0.350897 0.350897 0.350897 0.350897 0.350897 0.350897 0.350897 0.350897 0.350897 0.350896 0.350895 0.350897 0.350897 0.000000 0.000000
0.000000 0.000000 0.351482 0.351482 0.351480 0.351482 0.351482 0.351482 0.351482 0.351482 0.351482 0.351482 0.351482 0.351482 0.351482 0.351482 0.351480 0.351482 0.351482 0.000000 0.000000
0.000000 0.000000 0.352012 0.352012 0.352010 0.352012 0.352012 0.352012 0.352012 0.352012 0.352012 0.352012 0.352012 0.352012 0.352012 0.352012 0.352010 0.352012 0.352012 0.000000 0.000000
0.000000 0.000000 0.352498 0.352498 0.352496 0.352498 0.352498 0.352498 0.352498 0.352498 0.352498 0.352498 0.352498 0.352498 0.352498 0.352498 0.352496 0.352498 0.352498 0.000000 0.000000
0.000000 0.000000 0.352954 0.352954 0.352952 0.352954 0.352954 0.352954 0.352954 0.352954 0.352954 0.352954 0.352954 0.352954 0.352954 0.352954 0.352952 0.352954 0.352954 0.000000 0.000000
0.000000 0.000000 0.353392 0.353392 0.353391 0.353392 0.353392 0.353392 0.353392 0.353392 0.353392 0.353392 0.353392 0.353392 0.353392 0.353392 0.353391 0.353392 0.353392 0.000000 0.000000
0.000000 0.000000 0.353816 0.353816 0.353815 0.353816 0.353816 0.353816 0.353816 0.353816 0.353816 0.353816 0.353816 0.353816 0.353816 0.353816 0.353815 0.353816 0.353816 0.000000 0.000000
0.000000 0.000000 0.354230 0.354230 0.354228 0.354230 0.354230 0.354230 0.354230 0.354230 0.354230 0.354230 0.354230 0.354230 0.354230 0.354230 0.354228 0.354230 0.354230 0.000000 0.000000
0.000000 0.000000 0.354635 0.354635 0.354634 0.354635 0.354635 0.354635 0.354635 0.354635 0.354635 0.354635 0.354635 0.354635 0.354635 0.354635 0.354634 0.354635 0.354635 0.000000 0.000000
0.000000 0.000000 0.355033 0.355033 0.355031 0.355033 0.355033 0.355033 0.355033 0.355033 0.355033 0.355033 0.355033 0.355033 0.355033 0.355033 0.355031 0.355033 0.355033 0.000000 0.000000
0.000000 0.000000 0.355425 0.355425 0.355424 0.355425 0.355425 0.355425 0.355425 0.355425 0.355425 0.355425 0.355425 0.355425 0.355425 0.355425 0.355424 0.355425 0.355425 0.000000 0.000000
0.000000 0.000000 0.355815 0.355815 0.355813 0.355814 0.355815 0.355815 0.355815 0.355815 0.355815 0.355815 0.355815 0.355815 0.355815 0.355814 0.355813 0.355815 0.355815 0.000000 0.000000
0.000000 0.000000 0.356198 0.356198 0.356197 0.356198 0.356198 0.356198 0.356198 0.356198 0.356198 0.356198 0.356198 0.356198 0.356198 0.356198 0.356197 0.356198 0.356198 0.000000 0.000000
0.000000 0.000000 0.356600 0.356600 0.356599 0.356600 0.356600 0.356600 0.356600 0.356600 0.356600 0.356600 0.356600 0.356600 0.356600 0.356600 0.356599 0.356600 0.356600 0.000000 0.000000
0.000000 0.000000 0.350000 0.350000 0.350000 0.350000 0.350000 0.350000 0.350000 0.350000 0.350000 0.350000 0.350000 0.350000 0.350000 0.350000 0.350000 0.350000 0.350000 0.000000 0.000000
0.000000 0.000000 0.000000 0.000000 0.000000 0.000000 0.000000 0.000000 0.000000 0.000000 0.000000 0.000000 0.000000 0.000000 0.000000 0.000000 0.000000 0.000000 0.000000 0.000000 0.000000