geotop/1.0zi/1.0Montebello/Templates/testdem/maps/_Eocsand6591.asc
ncols         21
nrows         20
xllcorner     100.000000
yllcorner     100.000000
cellsize      50.000000
NODATA_value  -9999.0
0.000000 0.000000 0.000000 0.000000 0.000000 0.000000 0.000000 0.000000 0.000000 0.000000 0.000000 0.000000 0.000000 0.000000 0.000000 0.000000 0.000000 0.000000 0.000000 0.000000 0.000000
0.000000 0.000000 0.300161 0.300159 0.300159 0.300160 0.300159 0.300158 0.300159 0.300159 0.300160 0.300159 0.300159 0.300159 0.300159 0.300159 0.300160 0.300160 0.300160 0.000000 0.000000
0.000000 0.000000 0.300009 0.300010 0.300009 0.300008 0.300009 0.300010 0.300009 0.300009 0.300010 0.300010 0.300009 0.300010 0.300009 0.300010 0.300010 0.300010 0.300011 0.000000 0.000000
0.000000 0.000000 0.299963 0.299962 0.299966 0.299971 0.299969 0.299971 0.299967 0.299970 0.299967 0.299970 0.299969 0.299970 0.299968 0.299963 0.299963 0.299960 0.299960 0.000000 0.000000
0.000000 0.000000 0.298782 0.298776 0.298781 0.298791 0.298807 0.298815 0.298817 0.298816 0.298821 0.298819 0.298821 0.298818 0.298806 0.298803 0.298796 0.298787 0.298776 0.000000 0.000000
0.000000 0.000000 0.295152 0.295149 0.295164 0.295202 0.295223 0.295260 0.295260 0.295270 0.295264 0.295263 0.295258 0.295261 0.295250 0.295227 0.295205 0.295188 0.295176 0.000000 0.000000
0.000000 0.000000 0.289655 0.289659 0.289672 0.289713 0.289762 0.289816 0.289816 0.289824 0.289822 0.289823 0.289824 0.289821 0.289780 0.289735 0.289708 0.289686 0.289671 0.000000 0.000000
0.000000 0.000000 0.283004 0.283003 0.283012 0.283057 0.283104 0.283164 0.283164 0.283170 0.283172 0.283177 0.283179 0.283169 0.283124 0.283081 0.283039 0.283028 0.283006 0.000000 0.000000
0.000000 0.000000 0.276056 0.276065 0.276085 0.276113 0.276161 0.276225 0.276222 0.276236 0.276241 0.276244 0.276241 0.276245 0.276187 0.276133 0.276101 0.276087 0.276068 0.000000 0.000000
0.000000 0.000000 0.268949 0.268960 0.268969 0.268994 0.269062 0.269119 0.269117 0.269125 0.269135 0.269131 0.269120 0.269128 0.269080 0.269020 0.268984 0.268974 0.268960 0.000000 0.000000
0.000000 0.000000 0.261514 0.261522 0.261530 0.261583 0.261629 0.261692 0.261679 0.261713 0.261712 0.261713 0.261721 0.261702 0.261664 0.261626 0.261582 0.261560 0.261529 0.000000 0.000000
0.000000 0.000000 0.253588 0.253606 0.253627 0.253665 0.253711 0.253789 0.253789 0.253805 0.253788 0.253813 0.253807 0.253801 0.253730 0.253692 0.253659 0.253644 0.253568 0.000000 0.000000
0.000000 0.000000 0.245327 0.245346 0.245356 0.245399 0.245440 0.245612 0.245615 0.245628 0.245669 0.245653 0.245638 0.245624 0.245499 0.245458 0.245391 0.245383 0.245332 0.000000 0.000000
0.000000 0.000000 0.236179 0.236188 0.236216 0.236250 0.236432 0.236463 0.236503 0.236506 0.236512 0.236515 0.236514 0.236521 0.236514 0.236322 0.236269 0.236219 0.236164 0.000000 0.000000
0.000000 0.000000 0.225904 0.225917 0.225958 0.226163 0.226210 0.226309 0.226376 0.226387 0.226424 0.226454 0.226427 0.226440 0.226356 0.226286 0.226004 0.226028 0.226000 0.000000 0.000000
0.000000 0.000000 0.214850 0.214864 0.215138 0.215160 0.215174 0.215234 0.215165 0.215201 0.215169 0.215204 0.215234 0.215174 0.215144 0.215120 0.215179 0.214822 0.214816 0.000000 0.000000
0.000000 0.000000 0.201791 0.202184 0.202260 0.202380 0.202576 0.202648 0.202700 0.202696 0.202792 0.202800 0.202752 0.202783 0.202689 0.202539 0.202293 0.202284 0.201880 0.000000 0.000000
0.000000 0.000000 0.193137 0.193017 0.192650 0.192729 0.192830 0.193186 0.193185 0.193270 0.193190 0.193220 0.193202 0.193185 0.192866 0.192787 0.192598 0.192957 0.193053 0.000000 0.000000
0.000000 0.000000 0.300000 0.300000 0.300000 0.300000 0.300000 0.300000 0.300000 0.300000 0.300000 0.300000 0.300000 0.300000 0.300000 0.300000 0.300000 0.300000 0.300000 0.000000 0.000000
0.000000 0.000000 0.000000 0.000000 0.000000 0.000000 0.000000 0.000000 0.000000 0.000000 0.000000 0.000000 0.000000 0.000000 0.000000 0.000000 0.000000 0.000000 0.000000 0.000000 0.000000