geotop/1.0zi/1.0Montebello/Templates/testdem/maps/_Eocclay7432.asc
ncols         21
nrows         20
xllcorner     100.000000
yllcorner     100.000000
cellsize      50.000000
NODATA_value  -9999.0
0.000000 0.000000 0.000000 0.000000 0.000000 0.000000 0.000000 0.000000 0.000000 0.000000 0.000000 0.000000 0.000000 0.000000 0.000000 0.000000 0.000000 0.000000 0.000000 0.000000 0.000000
0.000000 0.000000 0.349659 0.349661 0.349661 0.349660 0.349661 0.349661 0.349661 0.349661 0.349660 0.349661 0.349661 0.349661 0.349661 0.349661 0.349659 0.349660 0.349661 0.000000 0.000000
0.000000 0.000000 0.349986 0.349986 0.349986 0.349987 0.349986 0.349985 0.349986 0.349986 0.349985 0.349985 0.349986 0.349985 0.349986 0.349986 0.349987 0.349986 0.349984 0.000000 0.000000
0.000000 0.000000 0.350005 0.350010 0.350006 0.350006 0.350008 0.350006 0.350008 0.350005 0.350008 0.350006 0.350006 0.350005 0.350007 0.350009 0.350008 0.350011 0.350009 0.000000 0.000000
0.000000 0.000000 0.350947 0.350944 0.350940 0.350935 0.350920 0.350917 0.350914 0.350917 0.350914 0.350914 0.350911 0.350915 0.350924 0.350926 0.350934 0.350935 0.350942 0.000000 0.000000
0.000000 0.000000 0.353445 0.353443 0.353433 0.353406 0.353393 0.353371 0.353372 0.353366 0.353369 0.353368 0.353370 0.353372 0.353382 0.353400 0.353414 0.353428 0.353434 0.000000 0.000000
0.000000 0.000000 0.356911 0.356908 0.356900 0.356877 0.356849 0.356813 0.356812 0.356807 0.356808 0.356809 0.356809 0.356810 0.356841 0.356868 0.356883 0.356896 0.356903 0.000000 0.000000
0.000000 0.000000 0.361043 0.361041 0.361034 0.361006 0.360978 0.360940 0.360940 0.360936 0.360935 0.360932 0.360930 0.360938 0.360971 0.360995 0.361019 0.361027 0.361039 0.000000 0.000000
0.000000 0.000000 0.365372 0.365366 0.365353 0.365337 0.365307 0.365268 0.365271 0.365262 0.365259 0.365258 0.365258 0.365257 0.365296 0.365327 0.365346 0.365354 0.365364 0.000000 0.000000
0.000000 0.000000 0.369901 0.369892 0.369886 0.369869 0.369827 0.369792 0.369792 0.369788 0.369781 0.369784 0.369790 0.369787 0.369820 0.369856 0.369878 0.369885 0.369893 0.000000 0.000000
0.000000 0.000000 0.374764 0.374758 0.374751 0.374716 0.374686 0.374646 0.374654 0.374632 0.374634 0.374634 0.374626 0.374641 0.374670 0.374692 0.374720 0.374735 0.374753 0.000000 0.000000
0.000000 0.000000 0.380071 0.380058 0.380042 0.380018 0.379986 0.379936 0.379934 0.379927 0.379938 0.379920 0.379924 0.379928 0.379980 0.380006 0.380025 0.380036 0.380082 0.000000 0.000000
0.000000 0.000000 0.385725 0.385711 0.385704 0.385674 0.385645 0.385521 0.385520 0.385512 0.385481 0.385496 0.385503 0.385515 0.385610 0.385637 0.385684 0.385690 0.385716 0.000000 0.000000
0.000000 0.000000 0.392203 0.392198 0.392174 0.392151 0.392006 0.392003 0.391972 0.391972 0.391976 0.391970 0.391966 0.391961 0.391958 0.392110 0.392140 0.392180 0.392213 0.000000 0.000000
0.000000 0.000000 0.399702 0.399690 0.399658 0.399484 0.399477 0.399392 0.399345 0.399336 0.399306 0.399284 0.399303 0.399298 0.399381 0.399400 0.399634 0.399606 0.399616 0.000000 0.000000
0.000000 0.000000 0.407917 0.407905 0.407656 0.407691 0.407677 0.407639 0.407722 0.407691 0.407732 0.407709 0.407672 0.407734 0.407753 0.407766 0.407633 0.407977 0.407973 0.000000 0.000000
0.000000 0.000000 0.418090 0.417699 0.417719 0.417589 0.417392 0.417333 0.417250 0.417268 0.417161 0.417166 0.417222 0.417173 0.417271 0.417416 0.417703 0.417579 0.417982 0.000000 0.000000
0.000000 0.000000 0.423180 0.423473 0.423842 0.423813 0.423788 0.423444 0.423476 0.423384 0.423513 0.423483 0.423474 0.423514 0.423814 0.423831 0.423907 0.423586 0.423305 0.000000 0.000000
0.000000 0.000000 0.350000 0.350000 0.350000 0.350000 0.350000 0.350000 0.350000 0.350000 0.350000 0.350000 0.350000 0.350000 0.350000 0.350000 0.350000 0.350000 0.350000 0.000000 0.000000
0.000000 0.000000 0.000000 0.000000 0.000000 0.000000 0.000000 0.000000 0.000000 0.000000 0.000000 0.000000 0.000000 0.000000 0.000000 0.000000 0.000000 0.000000 0.000000 0.000000 0.000000