geotop/1.0zi/1.0Montebello/Templates/testdem/maps/_Eocsilt6555.asc
ncols         21
nrows         20
xllcorner     100.000000
yllcorner     100.000000
cellsize      50.000000
NODATA_value  -9999.0
0.000000 0.000000 0.000000 0.000000 0.000000 0.000000 0.000000 0.000000 0.000000 0.000000 0.000000 0.000000 0.000000 0.000000 0.000000 0.000000 0.000000 0.000000 0.000000 0.000000 0.000000
0.000000 0.000000 0.350131 0.350132 0.350132 0.350132 0.350132 0.350132 0.350132 0.350132 0.350132 0.350132 0.350132 0.350132 0.350132 0.350132 0.350132 0.350132 0.350132 0.000000 0.000000
0.000000 0.000000 0.350003 0.350002 0.350002 0.350003 0.350003 0.350003 0.350003 0.350003 0.350003 0.350003 0.350004 0.350004 0.350003 0.350002 0.350001 0.350001 0.350002 0.000000 0.000000
0.000000 0.000000 0.350054 0.350051 0.350050 0.350044 0.350045 0.350043 0.350045 0.350046 0.350044 0.350044 0.350044 0.350044 0.350047 0.350050 0.350052 0.350053 0.350053 0.000000 0.000000
0.000000 0.000000 0.350628 0.350634 0.350631 0.350623 0.350620 0.350614 0.350613 0.350610 0.350609 0.350612 0.350614 0.350614 0.350620 0.350624 0.350624 0.350632 0.350636 0.000000 0.000000
0.000000 0.000000 0.352382 0.352385 0.352377 0.352364 0.352351 0.352333 0.352332 0.352327 0.352331 0.352332 0.352333 0.352331 0.352337 0.352345 0.352355 0.352361 0.352366 0.000000 0.000000
0.000000 0.000000 0.355061 0.355059 0.355051 0.355029 0.355004 0.354979 0.354980 0.354977 0.354978 0.354976 0.354974 0.354978 0.354997 0.355018 0.355032 0.355044 0.355051 0.000000 0.000000
0.000000 0.000000 0.358326 0.358326 0.358323 0.358302 0.358278 0.358249 0.358250 0.358247 0.358245 0.358243 0.358243 0.358246 0.358268 0.358291 0.358312 0.358315 0.358326 0.000000 0.000000
0.000000 0.000000 0.361769 0.361764 0.361753 0.361739 0.361715 0.361682 0.361684 0.361677 0.361674 0.361673 0.361675 0.361673 0.361702 0.361727 0.361746 0.361753 0.361763 0.000000 0.000000
0.000000 0.000000 0.365275 0.365270 0.365264 0.365253 0.365219 0.365190 0.365192 0.365188 0.365183 0.365185 0.365190 0.365186 0.365210 0.365239 0.365258 0.365262 0.365269 0.000000 0.000000
0.000000 0.000000 0.368918 0.368916 0.368911 0.368885 0.368862 0.368830 0.368837 0.368821 0.368821 0.368820 0.368817 0.368826 0.368845 0.368863 0.368885 0.368896 0.368911 0.000000 0.000000
0.000000 0.000000 0.372801 0.372795 0.372783 0.372764 0.372741 0.372702 0.372703 0.372695 0.372703 0.372691 0.372694 0.372697 0.372733 0.372751 0.372768 0.372774 0.372812 0.000000 0.000000
0.000000 0.000000 0.376840 0.376831 0.376826 0.376804 0.376784 0.376699 0.376699 0.376692 0.376672 0.376680 0.376687 0.376694 0.376755 0.376773 0.376808 0.376812 0.376837 0.000000 0.000000
0.000000 0.000000 0.381299 0.381294 0.381280 0.381264 0.381175 0.381159 0.381140 0.381139 0.381134 0.381134 0.381133 0.381130 0.381137 0.381227 0.381256 0.381279 0.381306 0.000000 0.000000
0.000000 0.000000 0.386298 0.386294 0.386273 0.386174 0.386150 0.386098 0.386068 0.386062 0.386044 0.386029 0.386044 0.386038 0.386078 0.386112 0.386250 0.386239 0.386254 0.000000 0.000000
0.000000 0.000000 0.391672 0.391667 0.391534 0.391521 0.391513 0.391484 0.391516 0.391500 0.391514 0.391497 0.391483 0.391512 0.391528 0.391539 0.391514 0.391686 0.391688 0.000000 0.000000
0.000000 0.000000 0.397999 0.397812 0.397772 0.397715 0.397621 0.397583 0.397560 0.397562 0.397515 0.397512 0.397535 0.397521 0.397567 0.397637 0.397757 0.397764 0.397958 0.000000 0.000000
0.000000 0.000000 0.402218 0.402273 0.402447 0.402408 0.402358 0.402186 0.402187 0.402146 0.402183 0.402169 0.402178 0.402186 0.402341 0.402378 0.402473 0.402301 0.402258 0.000000 0.000000
0.000000 0.000000 0.350000 0.350000 0.350000 0.350000 0.350000 0.350000 0.350000 0.350000 0.350000 0.350000 0.350000 0.350000 0.350000 0.350000 0.350000 0.350000 0.350000 0.000000 0.000000
0.000000 0.000000 0.000000 0.000000 0.000000 0.000000 0.000000 0.000000 0.000000 0.000000 0.000000 0.000000 0.000000 0.000000 0.000000 0.000000 0.000000 0.000000 0.000000 0.000000 0.000000