geotop/1.0zi/1.0Montebello/Templates/testdem/maps/_Eocsand1769.asc
ncols         21
nrows         20
xllcorner     100.000000
yllcorner     100.000000
cellsize      50.000000
NODATA_value  -9999.0
0.000000 0.000000 0.000000 0.000000 0.000000 0.000000 0.000000 0.000000 0.000000 0.000000 0.000000 0.000000 0.000000 0.000000 0.000000 0.000000 0.000000 0.000000 0.000000 0.000000 0.000000
0.000000 0.000000 0.300055 0.300055 0.300055 0.300055 0.300055 0.300055 0.300055 0.300055 0.300055 0.300055 0.300055 0.300055 0.300055 0.300055 0.300055 0.300055 0.300055 0.000000 0.000000
0.000000 0.000000 0.300008 0.300009 0.300009 0.300008 0.300008 0.300008 0.300008 0.300008 0.300008 0.300008 0.300008 0.300008 0.300008 0.300008 0.300009 0.300009 0.300008 0.000000 0.000000
0.000000 0.000000 0.298664 0.298664 0.298669 0.298667 0.298663 0.298664 0.298664 0.298663 0.298663 0.298663 0.298664 0.298664 0.298663 0.298667 0.298669 0.298664 0.298664 0.000000 0.000000
0.000000 0.000000 0.293528 0.293530 0.293533 0.293533 0.293526 0.293528 0.293528 0.293526 0.293526 0.293526 0.293528 0.293528 0.293526 0.293533 0.293533 0.293530 0.293528 0.000000 0.000000
0.000000 0.000000 0.287448 0.287449 0.287452 0.287451 0.287446 0.287448 0.287448 0.287446 0.287446 0.287446 0.287448 0.287448 0.287446 0.287451 0.287452 0.287449 0.287448 0.000000 0.000000
0.000000 0.000000 0.281797 0.281797 0.281800 0.281799 0.281795 0.281796 0.281797 0.281795 0.281796 0.281795 0.281797 0.281796 0.281795 0.281799 0.281800 0.281797 0.281797 0.000000 0.000000
0.000000 0.000000 0.276615 0.276615 0.276618 0.276617 0.276614 0.276615 0.276615 0.276614 0.276614 0.276614 0.276615 0.276615 0.276614 0.276617 0.276618 0.276615 0.276615 0.000000 0.000000
0.000000 0.000000 0.271769 0.271770 0.271772 0.271771 0.271768 0.271769 0.271769 0.271768 0.271768 0.271768 0.271769 0.271769 0.271768 0.271771 0.271772 0.271770 0.271769 0.000000 0.000000
0.000000 0.000000 0.267138 0.267139 0.267142 0.267141 0.267137 0.267138 0.267138 0.267138 0.267138 0.267138 0.267138 0.267138 0.267137 0.267141 0.267142 0.267139 0.267138 0.000000 0.000000
0.000000 0.000000 0.262674 0.262674 0.262677 0.262676 0.262673 0.262674 0.262674 0.262673 0.262673 0.262673 0.262674 0.262674 0.262673 0.262676 0.262677 0.262674 0.262674 0.000000 0.000000
0.000000 0.000000 0.258332 0.258333 0.258335 0.258334 0.258332 0.258332 0.258332 0.258332 0.258332 0.258332 0.258332 0.258332 0.258332 0.258334 0.258335 0.258333 0.258332 0.000000 0.000000
0.000000 0.000000 0.254082 0.254082 0.254085 0.254084 0.254081 0.254082 0.254082 0.254081 0.254081 0.254081 0.254082 0.254082 0.254081 0.254084 0.254085 0.254082 0.254082 0.000000 0.000000
0.000000 0.000000 0.249917 0.249918 0.249920 0.249919 0.249917 0.249917 0.249917 0.249917 0.249917 0.249917 0.249917 0.249917 0.249917 0.249919 0.249920 0.249918 0.249917 0.000000 0.000000
0.000000 0.000000 0.245820 0.245821 0.245823 0.245822 0.245819 0.245820 0.245820 0.245819 0.245820 0.245819 0.245820 0.245820 0.245819 0.245822 0.245823 0.245821 0.245820 0.000000 0.000000
0.000000 0.000000 0.241778 0.241779 0.241781 0.241780 0.241777 0.241778 0.241778 0.241777 0.241778 0.241777 0.241778 0.241778 0.241777 0.241780 0.241781 0.241779 0.241778 0.000000 0.000000
0.000000 0.000000 0.237793 0.237793 0.237796 0.237795 0.237792 0.237793 0.237793 0.237792 0.237792 0.237792 0.237793 0.237793 0.237792 0.237795 0.237796 0.237793 0.237793 0.000000 0.000000
0.000000 0.000000 0.233774 0.233774 0.233776 0.233775 0.233773 0.233774 0.233774 0.233773 0.233773 0.233773 0.233774 0.233774 0.233773 0.233775 0.233776 0.233774 0.233774 0.000000 0.000000
0.000000 0.000000 0.300000 0.300000 0.300000 0.300000 0.300000 0.300000 0.300000 0.300000 0.300000 0.300000 0.300000 0.300000 0.300000 0.300000 0.300000 0.300000 0.300000 0.000000 0.000000
0.000000 0.000000 0.000000 0.000000 0.000000 0.000000 0.000000 0.000000 0.000000 0.000000 0.000000 0.000000 0.000000 0.000000 0.000000 0.000000 0.000000 0.000000 0.000000 0.000000 0.000000