geotop/1.0zi/1.0Montebello/Templates/testdem/maps/_Eocclay2930.asc
ncols         21
nrows         20
xllcorner     100.000000
yllcorner     100.000000
cellsize      50.000000
NODATA_value  -9999.0
0.000000 0.000000 0.000000 0.000000 0.000000 0.000000 0.000000 0.000000 0.000000 0.000000 0.000000 0.000000 0.000000 0.000000 0.000000 0.000000 0.000000 0.000000 0.000000 0.000000 0.000000
0.000000 0.000000 0.349837 0.349837 0.349837 0.349837 0.349837 0.349837 0.349837 0.349837 0.349836 0.349837 0.349837 0.349837 0.349837 0.349837 0.349837 0.349837 0.349837 0.000000 0.000000
0.000000 0.000000 0.349993 0.349993 0.349992 0.349993 0.349993 0.349993 0.349993 0.349993 0.349993 0.349993 0.349993 0.349993 0.349993 0.349993 0.349992 0.349993 0.349993 0.000000 0.000000
0.000000 0.000000 0.351007 0.351007 0.351004 0.351005 0.351007 0.351007 0.351006 0.351007 0.351007 0.351007 0.351006 0.351007 0.351007 0.351005 0.351004 0.351007 0.351007 0.000000 0.000000
0.000000 0.000000 0.355431 0.355430 0.355429 0.355429 0.355432 0.355431 0.355431 0.355433 0.355433 0.355433 0.355431 0.355431 0.355432 0.355429 0.355429 0.355430 0.355431 0.000000 0.000000
0.000000 0.000000 0.360441 0.360441 0.360439 0.360439 0.360442 0.360441 0.360441 0.360442 0.360442 0.360442 0.360441 0.360441 0.360442 0.360439 0.360439 0.360441 0.360441 0.000000 0.000000
0.000000 0.000000 0.365157 0.365156 0.365155 0.365155 0.365157 0.365156 0.365156 0.365157 0.365158 0.365157 0.365156 0.365156 0.365157 0.365155 0.365155 0.365156 0.365157 0.000000 0.000000
0.000000 0.000000 0.369460 0.369460 0.369458 0.369459 0.369460 0.369460 0.369460 0.369461 0.369461 0.369461 0.369460 0.369460 0.369460 0.369459 0.369458 0.369460 0.369460 0.000000 0.000000
0.000000 0.000000 0.373452 0.373451 0.373450 0.373450 0.373452 0.373451 0.373451 0.373452 0.373453 0.373452 0.373451 0.373451 0.373452 0.373450 0.373450 0.373451 0.373452 0.000000 0.000000
0.000000 0.000000 0.377225 0.377225 0.377223 0.377224 0.377225 0.377225 0.377225 0.377225 0.377226 0.377225 0.377225 0.377225 0.377225 0.377224 0.377223 0.377225 0.377225 0.000000 0.000000
0.000000 0.000000 0.380825 0.380824 0.380823 0.380824 0.380825 0.380825 0.380825 0.380825 0.380826 0.380825 0.380825 0.380825 0.380825 0.380824 0.380823 0.380824 0.380825 0.000000 0.000000
0.000000 0.000000 0.384287 0.384286 0.384285 0.384286 0.384287 0.384286 0.384286 0.384287 0.384287 0.384287 0.384286 0.384286 0.384287 0.384286 0.384285 0.384286 0.384287 0.000000 0.000000
0.000000 0.000000 0.387635 0.387635 0.387634 0.387634 0.387635 0.387635 0.387635 0.387636 0.387636 0.387636 0.387635 0.387635 0.387635 0.387634 0.387634 0.387635 0.387635 0.000000 0.000000
0.000000 0.000000 0.390891 0.390891 0.390890 0.390891 0.390892 0.390891 0.390891 0.390892 0.390892 0.390892 0.390891 0.390891 0.390892 0.390891 0.390890 0.390891 0.390891 0.000000 0.000000
0.000000 0.000000 0.394064 0.394064 0.394063 0.394063 0.394064 0.394064 0.394064 0.394065 0.394065 0.394065 0.394064 0.394064 0.394064 0.394063 0.394063 0.394064 0.394064 0.000000 0.000000
0.000000 0.000000 0.397161 0.397161 0.397160 0.397160 0.397161 0.397161 0.397161 0.397162 0.397162 0.397162 0.397161 0.397161 0.397161 0.397160 0.397160 0.397161 0.397161 0.000000 0.000000
0.000000 0.000000 0.400188 0.400188 0.400187 0.400188 0.400189 0.400188 0.400188 0.400189 0.400189 0.400189 0.400188 0.400188 0.400189 0.400188 0.400187 0.400188 0.400188 0.000000 0.000000
0.000000 0.000000 0.403201 0.403202 0.403201 0.403201 0.403202 0.403202 0.403202 0.403202 0.403203 0.403202 0.403202 0.403202 0.403202 0.403201 0.403201 0.403202 0.403202 0.000000 0.000000
0.000000 0.000000 0.350000 0.350000 0.350000 0.350000 0.350000 0.350000 0.350000 0.350000 0.350000 0.350000 0.350000 0.350000 0.350000 0.350000 0.350000 0.350000 0.350000 0.000000 0.000000
0.000000 0.000000 0.000000 0.000000 0.000000 0.000000 0.000000 0.000000 0.000000 0.000000 0.000000 0.000000 0.000000 0.000000 0.000000 0.000000 0.000000 0.000000 0.000000 0.000000 0.000000