geotop/1.0zi/1.0Montebello/Templates/testdem/maps/_Eocsilt6355.asc
ncols         21
nrows         20
xllcorner     100.000000
yllcorner     100.000000
cellsize      50.000000
NODATA_value  -9999.0
0.000000 0.000000 0.000000 0.000000 0.000000 0.000000 0.000000 0.000000 0.000000 0.000000 0.000000 0.000000 0.000000 0.000000 0.000000 0.000000 0.000000 0.000000 0.000000 0.000000 0.000000
0.000000 0.000000 0.350128 0.350128 0.350128 0.350129 0.350128 0.350128 0.350128 0.350128 0.350129 0.350128 0.350128 0.350128 0.350128 0.350128 0.350129 0.350129 0.350128 0.000000 0.000000
0.000000 0.000000 0.350002 0.350002 0.350002 0.350002 0.350003 0.350003 0.350003 0.350003 0.350003 0.350003 0.350003 0.350003 0.350003 0.350002 0.350001 0.350001 0.350002 0.000000 0.000000
0.000000 0.000000 0.350053 0.350051 0.350050 0.350044 0.350045 0.350043 0.350045 0.350046 0.350044 0.350044 0.350044 0.350044 0.350047 0.350050 0.350051 0.350052 0.350053 0.000000 0.000000
0.000000 0.000000 0.350624 0.350630 0.350627 0.350622 0.350618 0.350612 0.350611 0.350609 0.350607 0.350609 0.350611 0.350611 0.350617 0.350620 0.350621 0.350630 0.350634 0.000000 0.000000
0.000000 0.000000 0.352350 0.352354 0.352346 0.352331 0.352319 0.352301 0.352300 0.352295 0.352300 0.352302 0.352303 0.352300 0.352307 0.352315 0.352324 0.352329 0.352334 0.000000 0.000000
0.000000 0.000000 0.354933 0.354931 0.354924 0.354903 0.354879 0.354854 0.354855 0.354852 0.354854 0.354854 0.354851 0.354855 0.354875 0.354896 0.354907 0.354918 0.354925 0.000000 0.000000
0.000000 0.000000 0.358085 0.358086 0.358083 0.358063 0.358039 0.358011 0.358012 0.358009 0.358008 0.358007 0.358006 0.358009 0.358033 0.358055 0.358073 0.358076 0.358087 0.000000 0.000000
0.000000 0.000000 0.361404 0.361399 0.361388 0.361375 0.361352 0.361320 0.361321 0.361315 0.361313 0.361313 0.361314 0.361312 0.361343 0.361366 0.361383 0.361389 0.361399 0.000000 0.000000
0.000000 0.000000 0.364771 0.364766 0.364761 0.364750 0.364718 0.364689 0.364691 0.364687 0.364683 0.364687 0.364691 0.364687 0.364712 0.364740 0.364756 0.364759 0.364767 0.000000 0.000000
0.000000 0.000000 0.368259 0.368256 0.368252 0.368228 0.368206 0.368175 0.368182 0.368166 0.368166 0.368168 0.368163 0.368173 0.368193 0.368210 0.368229 0.368239 0.368253 0.000000 0.000000
0.000000 0.000000 0.371961 0.371955 0.371944 0.371926 0.371905 0.371867 0.371867 0.371860 0.371868 0.371859 0.371861 0.371864 0.371900 0.371917 0.371931 0.371936 0.371973 0.000000 0.000000
0.000000 0.000000 0.375800 0.375791 0.375786 0.375766 0.375748 0.375667 0.375666 0.375660 0.375642 0.375651 0.375657 0.375664 0.375724 0.375741 0.375771 0.375774 0.375799 0.000000 0.000000
0.000000 0.000000 0.380018 0.380014 0.380000 0.379986 0.379904 0.379887 0.379869 0.379868 0.379863 0.379866 0.379864 0.379861 0.379871 0.379955 0.379979 0.380000 0.380027 0.000000 0.000000
0.000000 0.000000 0.384726 0.384721 0.384702 0.384611 0.384589 0.384540 0.384510 0.384505 0.384489 0.384477 0.384489 0.384484 0.384523 0.384557 0.384682 0.384671 0.384686 0.000000 0.000000
0.000000 0.000000 0.389767 0.389761 0.389639 0.389627 0.389621 0.389592 0.389620 0.389605 0.389619 0.389606 0.389590 0.389618 0.389636 0.389646 0.389623 0.389779 0.389782 0.000000 0.000000
0.000000 0.000000 0.395662 0.395493 0.395452 0.395402 0.395318 0.395283 0.395263 0.395265 0.395224 0.395223 0.395241 0.395230 0.395275 0.395338 0.395440 0.395452 0.395628 0.000000 0.000000
0.000000 0.000000 0.399679 0.399721 0.399878 0.399842 0.399794 0.399637 0.399637 0.399600 0.399632 0.399622 0.399630 0.399637 0.399781 0.399816 0.399904 0.399746 0.399715 0.000000 0.000000
0.000000 0.000000 0.350000 0.350000 0.350000 0.350000 0.350000 0.350000 0.350000 0.350000 0.350000 0.350000 0.350000 0.350000 0.350000 0.350000 0.350000 0.350000 0.350000 0.000000 0.000000
0.000000 0.000000 0.000000 0.000000 0.000000 0.000000 0.000000 0.000000 0.000000 0.000000 0.000000 0.000000 0.000000 0.000000 0.000000 0.000000 0.000000 0.000000 0.000000 0.000000 0.000000