geotop/1.0zi/1.0Montebello/Templates/testdem/maps/_Eocsand3533.asc
ncols         21
nrows         20
xllcorner     100.000000
yllcorner     100.000000
cellsize      50.000000
NODATA_value  -9999.0
0.000000 0.000000 0.000000 0.000000 0.000000 0.000000 0.000000 0.000000 0.000000 0.000000 0.000000 0.000000 0.000000 0.000000 0.000000 0.000000 0.000000 0.000000 0.000000 0.000000 0.000000
0.000000 0.000000 0.300093 0.300093 0.300093 0.300093 0.300093 0.300093 0.300093 0.300093 0.300094 0.300093 0.300093 0.300093 0.300093 0.300093 0.300093 0.300093 0.300093 0.000000 0.000000
0.000000 0.000000 0.300010 0.300011 0.300011 0.300010 0.300010 0.300010 0.300010 0.300010 0.300009 0.300010 0.300010 0.300010 0.300010 0.300010 0.300011 0.300011 0.300010 0.000000 0.000000
0.000000 0.000000 0.297317 0.297318 0.297323 0.297321 0.297318 0.297318 0.297318 0.297317 0.297317 0.297317 0.297318 0.297318 0.297318 0.297321 0.297323 0.297318 0.297317 0.000000 0.000000
0.000000 0.000000 0.286956 0.286957 0.286961 0.286960 0.286954 0.286957 0.286958 0.286955 0.286954 0.286955 0.286958 0.286957 0.286954 0.286960 0.286961 0.286957 0.286956 0.000000 0.000000
0.000000 0.000000 0.274869 0.274870 0.274874 0.274873 0.274868 0.274871 0.274871 0.274869 0.274868 0.274869 0.274871 0.274871 0.274868 0.274873 0.274874 0.274870 0.274869 0.000000 0.000000
0.000000 0.000000 0.263734 0.263735 0.263738 0.263737 0.263733 0.263735 0.263736 0.263734 0.263733 0.263734 0.263736 0.263735 0.263733 0.263737 0.263738 0.263735 0.263734 0.000000 0.000000
0.000000 0.000000 0.253641 0.253641 0.253644 0.253644 0.253640 0.253642 0.253642 0.253641 0.253640 0.253641 0.253642 0.253642 0.253640 0.253644 0.253644 0.253641 0.253641 0.000000 0.000000
0.000000 0.000000 0.244329 0.244330 0.244333 0.244332 0.244329 0.244331 0.244331 0.244330 0.244328 0.244330 0.244331 0.244331 0.244329 0.244332 0.244333 0.244330 0.244329 0.000000 0.000000
0.000000 0.000000 0.235583 0.235584 0.235586 0.235585 0.235583 0.235584 0.235584 0.235583 0.235582 0.235583 0.235584 0.235584 0.235583 0.235585 0.235586 0.235584 0.235583 0.000000 0.000000
0.000000 0.000000 0.227288 0.227289 0.227291 0.227290 0.227288 0.227289 0.227289 0.227288 0.227287 0.227288 0.227289 0.227289 0.227288 0.227290 0.227291 0.227289 0.227288 0.000000 0.000000
0.000000 0.000000 0.219364 0.219365 0.219367 0.219366 0.219364 0.219365 0.219365 0.219364 0.219363 0.219364 0.219365 0.219365 0.219364 0.219366 0.219367 0.219365 0.219364 0.000000 0.000000
0.000000 0.000000 0.211751 0.211752 0.211754 0.211753 0.211751 0.211752 0.211752 0.211751 0.211750 0.211751 0.211752 0.211752 0.211751 0.211753 0.211754 0.211752 0.211751 0.000000 0.000000
0.000000 0.000000 0.204392 0.204393 0.204395 0.204394 0.204392 0.204393 0.204393 0.204392 0.204391 0.204392 0.204393 0.204393 0.204392 0.204394 0.204395 0.204393 0.204392 0.000000 0.000000
0.000000 0.000000 0.197265 0.197266 0.197268 0.197267 0.197265 0.197266 0.197266 0.197265 0.197264 0.197265 0.197266 0.197266 0.197265 0.197267 0.197268 0.197266 0.197265 0.000000 0.000000
0.000000 0.000000 0.190360 0.190360 0.190362 0.190362 0.190359 0.190361 0.190361 0.190360 0.190359 0.190360 0.190361 0.190361 0.190359 0.190362 0.190362 0.190360 0.190360 0.000000 0.000000
0.000000 0.000000 0.183650 0.183651 0.183653 0.183652 0.183650 0.183651 0.183651 0.183650 0.183650 0.183650 0.183651 0.183651 0.183650 0.183652 0.183653 0.183651 0.183650 0.000000 0.000000
0.000000 0.000000 0.177033 0.177032 0.177034 0.177034 0.177032 0.177033 0.177033 0.177032 0.177031 0.177032 0.177033 0.177033 0.177032 0.177034 0.177034 0.177032 0.177032 0.000000 0.000000
0.000000 0.000000 0.300000 0.300000 0.300000 0.300000 0.300000 0.300000 0.300000 0.300000 0.300000 0.300000 0.300000 0.300000 0.300000 0.300000 0.300000 0.300000 0.300000 0.000000 0.000000
0.000000 0.000000 0.000000 0.000000 0.000000 0.000000 0.000000 0.000000 0.000000 0.000000 0.000000 0.000000 0.000000 0.000000 0.000000 0.000000 0.000000 0.000000 0.000000 0.000000 0.000000