geotop/1.0zi/1.0Montebello/Templates/testdem/maps/_Eocsand3285.asc
ncols         21
nrows         20
xllcorner     100.000000
yllcorner     100.000000
cellsize      50.000000
NODATA_value  -9999.0
0.000000 0.000000 0.000000 0.000000 0.000000 0.000000 0.000000 0.000000 0.000000 0.000000 0.000000 0.000000 0.000000 0.000000 0.000000 0.000000 0.000000 0.000000 0.000000 0.000000 0.000000
0.000000 0.000000 0.300089 0.300089 0.300089 0.300090 0.300089 0.300089 0.300089 0.300089 0.300091 0.300089 0.300089 0.300089 0.300089 0.300090 0.300089 0.300089 0.300089 0.000000 0.000000
0.000000 0.000000 0.300011 0.300011 0.300011 0.300011 0.300011 0.300011 0.300011 0.300011 0.300009 0.300011 0.300011 0.300011 0.300011 0.300011 0.300011 0.300011 0.300011 0.000000 0.000000
0.000000 0.000000 0.297431 0.297432 0.297437 0.297435 0.297431 0.297432 0.297432 0.297431 0.297431 0.297431 0.297432 0.297432 0.297431 0.297435 0.297437 0.297432 0.297431 0.000000 0.000000
0.000000 0.000000 0.287721 0.287722 0.287725 0.287725 0.287719 0.287721 0.287721 0.287718 0.287718 0.287718 0.287721 0.287721 0.287719 0.287725 0.287725 0.287722 0.287721 0.000000 0.000000
0.000000 0.000000 0.276423 0.276424 0.276428 0.276427 0.276422 0.276424 0.276424 0.276422 0.276421 0.276422 0.276424 0.276424 0.276422 0.276427 0.276428 0.276424 0.276423 0.000000 0.000000
0.000000 0.000000 0.266018 0.266019 0.266021 0.266021 0.266017 0.266018 0.266018 0.266017 0.266016 0.266017 0.266018 0.266018 0.266017 0.266021 0.266021 0.266019 0.266018 0.000000 0.000000
0.000000 0.000000 0.256576 0.256576 0.256579 0.256579 0.256575 0.256576 0.256576 0.256575 0.256574 0.256575 0.256576 0.256576 0.256575 0.256579 0.256579 0.256576 0.256576 0.000000 0.000000
0.000000 0.000000 0.247849 0.247850 0.247852 0.247851 0.247848 0.247850 0.247849 0.247848 0.247847 0.247848 0.247849 0.247850 0.247848 0.247851 0.247852 0.247850 0.247849 0.000000 0.000000
0.000000 0.000000 0.239632 0.239632 0.239635 0.239634 0.239631 0.239632 0.239632 0.239631 0.239630 0.239631 0.239632 0.239632 0.239631 0.239634 0.239635 0.239632 0.239632 0.000000 0.000000
0.000000 0.000000 0.231822 0.231822 0.231825 0.231824 0.231821 0.231822 0.231822 0.231821 0.231820 0.231821 0.231822 0.231822 0.231821 0.231824 0.231825 0.231822 0.231822 0.000000 0.000000
0.000000 0.000000 0.224346 0.224346 0.224348 0.224348 0.224345 0.224346 0.224346 0.224345 0.224344 0.224345 0.224346 0.224346 0.224345 0.224348 0.224348 0.224346 0.224346 0.000000 0.000000
0.000000 0.000000 0.217151 0.217151 0.217154 0.217153 0.217150 0.217151 0.217151 0.217150 0.217149 0.217150 0.217151 0.217151 0.217150 0.217153 0.217154 0.217151 0.217151 0.000000 0.000000
0.000000 0.000000 0.210178 0.210178 0.210180 0.210180 0.210177 0.210178 0.210178 0.210177 0.210176 0.210177 0.210178 0.210178 0.210177 0.210180 0.210180 0.210178 0.210178 0.000000 0.000000
0.000000 0.000000 0.203409 0.203409 0.203412 0.203411 0.203408 0.203409 0.203409 0.203408 0.203407 0.203408 0.203409 0.203409 0.203408 0.203411 0.203412 0.203409 0.203409 0.000000 0.000000
0.000000 0.000000 0.196832 0.196832 0.196834 0.196833 0.196831 0.196832 0.196832 0.196831 0.196830 0.196831 0.196832 0.196832 0.196831 0.196833 0.196834 0.196832 0.196832 0.000000 0.000000
0.000000 0.000000 0.190426 0.190427 0.190429 0.190428 0.190426 0.190427 0.190426 0.190426 0.190425 0.190426 0.190426 0.190427 0.190426 0.190428 0.190429 0.190427 0.190426 0.000000 0.000000
0.000000 0.000000 0.184073 0.184073 0.184075 0.184074 0.184072 0.184073 0.184073 0.184072 0.184071 0.184072 0.184073 0.184073 0.184072 0.184074 0.184075 0.184073 0.184072 0.000000 0.000000
0.000000 0.000000 0.300000 0.300000 0.300000 0.300000 0.300000 0.300000 0.300000 0.300000 0.300000 0.300000 0.300000 0.300000 0.300000 0.300000 0.300000 0.300000 0.300000 0.000000 0.000000
0.000000 0.000000 0.000000 0.000000 0.000000 0.000000 0.000000 0.000000 0.000000 0.000000 0.000000 0.000000 0.000000 0.000000 0.000000 0.000000 0.000000 0.000000 0.000000 0.000000 0.000000