geotop/1.0zi/1.0Montebello/Templates/testdem/maps/_Eocsand4069.asc
ncols         21
nrows         20
xllcorner     100.000000
yllcorner     100.000000
cellsize      50.000000
NODATA_value  -9999.0
0.000000 0.000000 0.000000 0.000000 0.000000 0.000000 0.000000 0.000000 0.000000 0.000000 0.000000 0.000000 0.000000 0.000000 0.000000 0.000000 0.000000 0.000000 0.000000 0.000000 0.000000
0.000000 0.000000 0.300103 0.300102 0.300102 0.300102 0.300102 0.300102 0.300102 0.300102 0.300102 0.300102 0.300102 0.300102 0.300102 0.300102 0.300102 0.300102 0.300103 0.000000 0.000000
0.000000 0.000000 0.300005 0.300004 0.300004 0.300004 0.300003 0.300003 0.300003 0.300003 0.300004 0.300004 0.300003 0.300003 0.300004 0.300004 0.300005 0.300005 0.300005 0.000000 0.000000
0.000000 0.000000 0.299974 0.299974 0.299976 0.299979 0.299977 0.299979 0.299977 0.299978 0.299978 0.299979 0.299979 0.299981 0.299976 0.299973 0.299973 0.299972 0.299974 0.000000 0.000000
0.000000 0.000000 0.299289 0.299284 0.299288 0.299287 0.299294 0.299298 0.299299 0.299302 0.299304 0.299300 0.299303 0.299303 0.299298 0.299299 0.299299 0.299295 0.299289 0.000000 0.000000
0.000000 0.000000 0.297039 0.297038 0.297045 0.297056 0.297060 0.297080 0.297081 0.297091 0.297082 0.297080 0.297077 0.297083 0.297086 0.297076 0.297067 0.297063 0.297057 0.000000 0.000000
0.000000 0.000000 0.293697 0.293701 0.293706 0.293724 0.293744 0.293776 0.293773 0.293779 0.293774 0.293775 0.293779 0.293783 0.293763 0.293735 0.293724 0.293716 0.293706 0.000000 0.000000
0.000000 0.000000 0.289858 0.289863 0.289870 0.289894 0.289917 0.289949 0.289945 0.289951 0.289950 0.289951 0.289958 0.289964 0.289933 0.289904 0.289886 0.289881 0.289871 0.000000 0.000000
0.000000 0.000000 0.286004 0.286012 0.286025 0.286041 0.286063 0.286101 0.286098 0.286105 0.286105 0.286103 0.286109 0.286113 0.286085 0.286052 0.286038 0.286031 0.286017 0.000000 0.000000
0.000000 0.000000 0.282172 0.282180 0.282190 0.282208 0.282236 0.282269 0.282264 0.282269 0.282269 0.282268 0.282275 0.282282 0.282250 0.282217 0.282203 0.282197 0.282186 0.000000 0.000000
0.000000 0.000000 0.278302 0.278310 0.278321 0.278334 0.278353 0.278393 0.278388 0.278398 0.278397 0.278395 0.278403 0.278409 0.278382 0.278359 0.278340 0.278333 0.278320 0.000000 0.000000
0.000000 0.000000 0.274313 0.274321 0.274334 0.274356 0.274377 0.274416 0.274416 0.274422 0.274421 0.274422 0.274427 0.274435 0.274399 0.274370 0.274353 0.274347 0.274303 0.000000 0.000000
0.000000 0.000000 0.270287 0.270297 0.270311 0.270326 0.270352 0.270432 0.270431 0.270438 0.270439 0.270438 0.270446 0.270451 0.270383 0.270349 0.270332 0.270325 0.270298 0.000000 0.000000
0.000000 0.000000 0.266047 0.266063 0.266074 0.266090 0.266167 0.266188 0.266200 0.266206 0.266205 0.266205 0.266214 0.266220 0.266199 0.266118 0.266101 0.266083 0.266067 0.000000 0.000000
0.000000 0.000000 0.261500 0.261513 0.261541 0.261608 0.261643 0.261691 0.261717 0.261726 0.261738 0.261739 0.261739 0.261754 0.261719 0.261661 0.261573 0.261576 0.261563 0.000000 0.000000
0.000000 0.000000 0.256833 0.256846 0.256935 0.256948 0.256967 0.256991 0.256995 0.256997 0.256994 0.256996 0.257011 0.257003 0.256994 0.256969 0.256966 0.256876 0.256853 0.000000 0.000000
0.000000 0.000000 0.251679 0.251790 0.251870 0.251898 0.251949 0.251977 0.251984 0.251988 0.252001 0.252000 0.252004 0.252019 0.252003 0.251937 0.251895 0.251846 0.251737 0.000000 0.000000
0.000000 0.000000 0.247614 0.247644 0.247583 0.247621 0.247667 0.247771 0.247781 0.247791 0.247788 0.247790 0.247800 0.247801 0.247712 0.247653 0.247587 0.247681 0.247633 0.000000 0.000000
0.000000 0.000000 0.300000 0.300000 0.300000 0.300000 0.300000 0.300000 0.300000 0.300000 0.300000 0.300000 0.300000 0.300000 0.300000 0.300000 0.300000 0.300000 0.300000 0.000000 0.000000
0.000000 0.000000 0.000000 0.000000 0.000000 0.000000 0.000000 0.000000 0.000000 0.000000 0.000000 0.000000 0.000000 0.000000 0.000000 0.000000 0.000000 0.000000 0.000000 0.000000 0.000000