geotop/1.0zi/1.0Montebello/Templates/testdem/maps/_Eocsand7515.asc
ncols         21
nrows         20
xllcorner     100.000000
yllcorner     100.000000
cellsize      50.000000
NODATA_value  -9999.0
0.000000 0.000000 0.000000 0.000000 0.000000 0.000000 0.000000 0.000000 0.000000 0.000000 0.000000 0.000000 0.000000 0.000000 0.000000 0.000000 0.000000 0.000000 0.000000 0.000000 0.000000
0.000000 0.000000 0.300189 0.300187 0.300187 0.300188 0.300187 0.300186 0.300187 0.300187 0.300188 0.300187 0.300187 0.300187 0.300187 0.300187 0.300188 0.300188 0.300188 0.000000 0.000000
0.000000 0.000000 0.300010 0.300011 0.300010 0.300009 0.300010 0.300011 0.300010 0.300010 0.300010 0.300010 0.300009 0.300010 0.300010 0.300010 0.300011 0.300011 0.300012 0.000000 0.000000
0.000000 0.000000 0.299894 0.299893 0.299898 0.299905 0.299901 0.299909 0.299904 0.299906 0.299906 0.299906 0.299906 0.299908 0.299903 0.299898 0.299896 0.299893 0.299893 0.000000 0.000000
0.000000 0.000000 0.298089 0.298085 0.298094 0.298110 0.298131 0.298140 0.298146 0.298144 0.298148 0.298147 0.298150 0.298144 0.298121 0.298116 0.298105 0.298094 0.298085 0.000000 0.000000
0.000000 0.000000 0.293168 0.293168 0.293189 0.293230 0.293261 0.293306 0.293305 0.293317 0.293310 0.293310 0.293307 0.293307 0.293285 0.293254 0.293229 0.293206 0.293195 0.000000 0.000000
0.000000 0.000000 0.286241 0.286248 0.286267 0.286314 0.286373 0.286441 0.286441 0.286449 0.286448 0.286448 0.286452 0.286446 0.286387 0.286333 0.286302 0.286275 0.286260 0.000000 0.000000
0.000000 0.000000 0.277991 0.277995 0.278008 0.278061 0.278118 0.278192 0.278192 0.278200 0.278202 0.278207 0.278212 0.278198 0.278134 0.278083 0.278034 0.278019 0.277996 0.000000 0.000000
0.000000 0.000000 0.269262 0.269277 0.269303 0.269337 0.269396 0.269476 0.269472 0.269489 0.269494 0.269498 0.269496 0.269498 0.269420 0.269356 0.269318 0.269299 0.269279 0.000000 0.000000
0.000000 0.000000 0.260154 0.260171 0.260184 0.260217 0.260303 0.260374 0.260373 0.260381 0.260394 0.260387 0.260377 0.260382 0.260316 0.260244 0.260200 0.260185 0.260170 0.000000 0.000000
0.000000 0.000000 0.250406 0.250417 0.250432 0.250502 0.250562 0.250644 0.250626 0.250670 0.250666 0.250667 0.250683 0.250654 0.250595 0.250550 0.250494 0.250464 0.250427 0.000000 0.000000
0.000000 0.000000 0.239752 0.239780 0.239812 0.239858 0.239923 0.240025 0.240029 0.240043 0.240021 0.240055 0.240047 0.240039 0.239934 0.239882 0.239843 0.239822 0.239729 0.000000 0.000000
0.000000 0.000000 0.228404 0.228432 0.228446 0.228508 0.228565 0.228814 0.228817 0.228832 0.228896 0.228865 0.228851 0.228827 0.228636 0.228582 0.228487 0.228476 0.228424 0.000000 0.000000
0.000000 0.000000 0.215395 0.215405 0.215454 0.215499 0.215792 0.215797 0.215858 0.215858 0.215851 0.215863 0.215870 0.215880 0.215887 0.215582 0.215521 0.215440 0.215376 0.000000 0.000000
0.000000 0.000000 0.200332 0.200356 0.200420 0.200773 0.200784 0.200958 0.201049 0.201068 0.201127 0.201172 0.201134 0.201145 0.200976 0.200940 0.200468 0.200526 0.200505 0.000000 0.000000
0.000000 0.000000 0.183841 0.183866 0.184367 0.184293 0.184324 0.184399 0.184231 0.184292 0.184210 0.184254 0.184329 0.184206 0.184167 0.184139 0.184413 0.183717 0.183725 0.000000 0.000000
0.000000 0.000000 0.163463 0.164250 0.164202 0.164466 0.164861 0.164981 0.165149 0.165113 0.165328 0.165317 0.165203 0.165304 0.165107 0.164815 0.164233 0.164491 0.163681 0.000000 0.000000
0.000000 0.000000 0.153407 0.152811 0.152079 0.152133 0.152179 0.152865 0.152798 0.152982 0.152720 0.152780 0.152800 0.152719 0.152122 0.152091 0.151948 0.152582 0.153153 0.000000 0.000000
0.000000 0.000000 0.300000 0.300000 0.300000 0.300000 0.300000 0.300000 0.300000 0.300000 0.300000 0.300000 0.300000 0.300000 0.300000 0.300000 0.300000 0.300000 0.300000 0.000000 0.000000
0.000000 0.000000 0.000000 0.000000 0.000000 0.000000 0.000000 0.000000 0.000000 0.000000 0.000000 0.000000 0.000000 0.000000 0.000000 0.000000 0.000000 0.000000 0.000000 0.000000 0.000000