geotop/1.0zi/1.0Montebello/Templates/testdem/maps/_Eocsand2271.asc
ncols         21
nrows         20
xllcorner     100.000000
yllcorner     100.000000
cellsize      50.000000
NODATA_value  -9999.0
0.000000 0.000000 0.000000 0.000000 0.000000 0.000000 0.000000 0.000000 0.000000 0.000000 0.000000 0.000000 0.000000 0.000000 0.000000 0.000000 0.000000 0.000000 0.000000 0.000000 0.000000
0.000000 0.000000 0.300069 0.300069 0.300068 0.300069 0.300068 0.300069 0.300069 0.300069 0.300069 0.300069 0.300069 0.300069 0.300068 0.300069 0.300068 0.300069 0.300069 0.000000 0.000000
0.000000 0.000000 0.300011 0.300011 0.300011 0.300011 0.300011 0.300011 0.300011 0.300011 0.300011 0.300011 0.300011 0.300011 0.300011 0.300011 0.300011 0.300011 0.300011 0.000000 0.000000
0.000000 0.000000 0.298571 0.298572 0.298576 0.298574 0.298571 0.298571 0.298572 0.298571 0.298571 0.298571 0.298572 0.298571 0.298571 0.298574 0.298576 0.298572 0.298571 0.000000 0.000000
0.000000 0.000000 0.292455 0.292457 0.292461 0.292460 0.292454 0.292456 0.292456 0.292453 0.292453 0.292453 0.292456 0.292456 0.292454 0.292460 0.292461 0.292457 0.292455 0.000000 0.000000
0.000000 0.000000 0.284875 0.284876 0.284879 0.284879 0.284874 0.284876 0.284876 0.284874 0.284873 0.284874 0.284876 0.284876 0.284874 0.284879 0.284879 0.284876 0.284875 0.000000 0.000000
0.000000 0.000000 0.277806 0.277806 0.277809 0.277809 0.277805 0.277806 0.277806 0.277804 0.277804 0.277804 0.277806 0.277806 0.277805 0.277809 0.277809 0.277806 0.277806 0.000000 0.000000
0.000000 0.000000 0.271326 0.271327 0.271330 0.271329 0.271326 0.271327 0.271327 0.271325 0.271325 0.271325 0.271327 0.271327 0.271326 0.271329 0.271330 0.271327 0.271326 0.000000 0.000000
0.000000 0.000000 0.265276 0.265277 0.265280 0.265279 0.265276 0.265277 0.265277 0.265275 0.265275 0.265275 0.265277 0.265277 0.265276 0.265279 0.265280 0.265277 0.265276 0.000000 0.000000
0.000000 0.000000 0.259511 0.259512 0.259514 0.259513 0.259510 0.259511 0.259511 0.259510 0.259510 0.259510 0.259511 0.259511 0.259510 0.259513 0.259514 0.259512 0.259511 0.000000 0.000000
0.000000 0.000000 0.253964 0.253964 0.253967 0.253966 0.253963 0.253964 0.253964 0.253963 0.253962 0.253963 0.253964 0.253964 0.253963 0.253966 0.253967 0.253964 0.253964 0.000000 0.000000
0.000000 0.000000 0.248587 0.248588 0.248590 0.248589 0.248587 0.248588 0.248588 0.248587 0.248586 0.248587 0.248588 0.248588 0.248587 0.248589 0.248590 0.248588 0.248587 0.000000 0.000000
0.000000 0.000000 0.243344 0.243344 0.243347 0.243346 0.243343 0.243344 0.243344 0.243343 0.243343 0.243343 0.243344 0.243344 0.243343 0.243346 0.243347 0.243344 0.243344 0.000000 0.000000
0.000000 0.000000 0.238218 0.238219 0.238221 0.238220 0.238218 0.238219 0.238219 0.238217 0.238217 0.238217 0.238219 0.238219 0.238218 0.238220 0.238221 0.238219 0.238218 0.000000 0.000000
0.000000 0.000000 0.233187 0.233188 0.233190 0.233189 0.233187 0.233188 0.233188 0.233186 0.233186 0.233186 0.233188 0.233188 0.233187 0.233189 0.233190 0.233188 0.233187 0.000000 0.000000
0.000000 0.000000 0.228244 0.228245 0.228247 0.228246 0.228244 0.228245 0.228244 0.228243 0.228243 0.228243 0.228244 0.228245 0.228244 0.228246 0.228247 0.228245 0.228244 0.000000 0.000000
0.000000 0.000000 0.223383 0.223384 0.223386 0.223385 0.223383 0.223384 0.223384 0.223383 0.223382 0.223383 0.223384 0.223384 0.223383 0.223385 0.223386 0.223384 0.223383 0.000000 0.000000
0.000000 0.000000 0.218534 0.218534 0.218536 0.218535 0.218533 0.218534 0.218533 0.218532 0.218532 0.218532 0.218533 0.218534 0.218533 0.218535 0.218536 0.218534 0.218533 0.000000 0.000000
0.000000 0.000000 0.300000 0.300000 0.300000 0.300000 0.300000 0.300000 0.300000 0.300000 0.300000 0.300000 0.300000 0.300000 0.300000 0.300000 0.300000 0.300000 0.300000 0.000000 0.000000
0.000000 0.000000 0.000000 0.000000 0.000000 0.000000 0.000000 0.000000 0.000000 0.000000 0.000000 0.000000 0.000000 0.000000 0.000000 0.000000 0.000000 0.000000 0.000000 0.000000 0.000000