geotop/1.0zi/1.0Montebello/Templates/testdem/maps/_Eocsand1987.asc
ncols         21
nrows         20
xllcorner     100.000000
yllcorner     100.000000
cellsize      50.000000
NODATA_value  -9999.0
0.000000 0.000000 0.000000 0.000000 0.000000 0.000000 0.000000 0.000000 0.000000 0.000000 0.000000 0.000000 0.000000 0.000000 0.000000 0.000000 0.000000 0.000000 0.000000 0.000000 0.000000
0.000000 0.000000 0.300059 0.300059 0.300059 0.300059 0.300059 0.300059 0.300059 0.300059 0.300059 0.300059 0.300059 0.300059 0.300059 0.300059 0.300059 0.300059 0.300059 0.000000 0.000000
0.000000 0.000000 0.300008 0.300008 0.300009 0.300008 0.300008 0.300008 0.300008 0.300008 0.300008 0.300008 0.300008 0.300008 0.300008 0.300008 0.300009 0.300008 0.300008 0.000000 0.000000
0.000000 0.000000 0.298650 0.298651 0.298655 0.298653 0.298650 0.298650 0.298650 0.298650 0.298650 0.298650 0.298650 0.298650 0.298650 0.298653 0.298655 0.298651 0.298650 0.000000 0.000000
0.000000 0.000000 0.293249 0.293250 0.293254 0.293254 0.293247 0.293249 0.293249 0.293247 0.293247 0.293247 0.293249 0.293249 0.293247 0.293254 0.293254 0.293250 0.293249 0.000000 0.000000
0.000000 0.000000 0.286654 0.286655 0.286658 0.286658 0.286653 0.286654 0.286654 0.286652 0.286652 0.286652 0.286654 0.286654 0.286653 0.286658 0.286658 0.286655 0.286654 0.000000 0.000000
0.000000 0.000000 0.280496 0.280497 0.280499 0.280499 0.280495 0.280496 0.280496 0.280494 0.280494 0.280494 0.280496 0.280496 0.280495 0.280499 0.280499 0.280497 0.280496 0.000000 0.000000
0.000000 0.000000 0.274838 0.274838 0.274841 0.274841 0.274837 0.274838 0.274838 0.274837 0.274836 0.274837 0.274838 0.274838 0.274837 0.274841 0.274841 0.274838 0.274838 0.000000 0.000000
0.000000 0.000000 0.269544 0.269545 0.269547 0.269547 0.269543 0.269544 0.269544 0.269543 0.269543 0.269543 0.269544 0.269544 0.269543 0.269547 0.269547 0.269545 0.269544 0.000000 0.000000
0.000000 0.000000 0.264487 0.264487 0.264490 0.264489 0.264486 0.264487 0.264487 0.264486 0.264486 0.264486 0.264487 0.264487 0.264486 0.264489 0.264490 0.264487 0.264487 0.000000 0.000000
0.000000 0.000000 0.259611 0.259612 0.259614 0.259614 0.259611 0.259612 0.259612 0.259610 0.259610 0.259610 0.259612 0.259612 0.259611 0.259614 0.259614 0.259612 0.259611 0.000000 0.000000
0.000000 0.000000 0.254874 0.254874 0.254877 0.254876 0.254873 0.254874 0.254874 0.254873 0.254872 0.254873 0.254874 0.254874 0.254873 0.254876 0.254877 0.254874 0.254874 0.000000 0.000000
0.000000 0.000000 0.250241 0.250242 0.250244 0.250244 0.250241 0.250242 0.250242 0.250240 0.250240 0.250240 0.250242 0.250242 0.250241 0.250244 0.250244 0.250242 0.250241 0.000000 0.000000
0.000000 0.000000 0.245704 0.245704 0.245707 0.245706 0.245703 0.245704 0.245704 0.245703 0.245703 0.245703 0.245704 0.245704 0.245703 0.245706 0.245707 0.245704 0.245704 0.000000 0.000000
0.000000 0.000000 0.241239 0.241239 0.241242 0.241241 0.241238 0.241239 0.241239 0.241238 0.241237 0.241238 0.241239 0.241239 0.241238 0.241241 0.241242 0.241239 0.241239 0.000000 0.000000
0.000000 0.000000 0.236834 0.236834 0.236837 0.236836 0.236833 0.236834 0.236834 0.236833 0.236833 0.236833 0.236834 0.236834 0.236833 0.236836 0.236837 0.236834 0.236834 0.000000 0.000000
0.000000 0.000000 0.232491 0.232492 0.232494 0.232493 0.232491 0.232492 0.232491 0.232490 0.232490 0.232490 0.232491 0.232492 0.232491 0.232493 0.232494 0.232492 0.232491 0.000000 0.000000
0.000000 0.000000 0.228141 0.228141 0.228143 0.228142 0.228140 0.228141 0.228140 0.228139 0.228139 0.228139 0.228140 0.228141 0.228140 0.228142 0.228143 0.228141 0.228140 0.000000 0.000000
0.000000 0.000000 0.300000 0.300000 0.300000 0.300000 0.300000 0.300000 0.300000 0.300000 0.300000 0.300000 0.300000 0.300000 0.300000 0.300000 0.300000 0.300000 0.300000 0.000000 0.000000
0.000000 0.000000 0.000000 0.000000 0.000000 0.000000 0.000000 0.000000 0.000000 0.000000 0.000000 0.000000 0.000000 0.000000 0.000000 0.000000 0.000000 0.000000 0.000000 0.000000 0.000000