geotop/1.0zi/1.0Montebello/Templates/testdem/maps/_Eocsilt9842.asc
ncols         21
nrows         20
xllcorner     100.000000
yllcorner     100.000000
cellsize      50.000000
NODATA_value  -9999.0
0.000000 0.000000 0.000000 0.000000 0.000000 0.000000 0.000000 0.000000 0.000000 0.000000 0.000000 0.000000 0.000000 0.000000 0.000000 0.000000 0.000000 0.000000 0.000000 0.000000 0.000000
0.000000 0.000000 0.350208 0.350208 0.350208 0.350209 0.350208 0.350208 0.350208 0.350208 0.350208 0.350208 0.350208 0.350208 0.350208 0.350208 0.350209 0.350209 0.350208 0.000000 0.000000
0.000000 0.000000 0.350008 0.350008 0.350008 0.350008 0.350009 0.350008 0.350008 0.350008 0.350009 0.350008 0.350009 0.350009 0.350008 0.350008 0.350006 0.350006 0.350007 0.000000 0.000000
0.000000 0.000000 0.350150 0.350147 0.350141 0.350137 0.350137 0.350131 0.350135 0.350136 0.350133 0.350136 0.350137 0.350137 0.350139 0.350142 0.350148 0.350149 0.350150 0.000000 0.000000
0.000000 0.000000 0.351497 0.351503 0.351493 0.351473 0.351463 0.351456 0.351459 0.351456 0.351456 0.351459 0.351464 0.351462 0.351476 0.351485 0.351489 0.351495 0.351498 0.000000 0.000000
0.000000 0.000000 0.355181 0.355174 0.355160 0.355134 0.355101 0.355074 0.355073 0.355067 0.355068 0.355069 0.355074 0.355070 0.355089 0.355113 0.355125 0.355133 0.355140 0.000000 0.000000
0.000000 0.000000 0.360386 0.360375 0.360358 0.360320 0.360278 0.360225 0.360227 0.360223 0.360219 0.360217 0.360216 0.360220 0.360264 0.360296 0.360318 0.360333 0.360340 0.000000 0.000000
0.000000 0.000000 0.366563 0.366550 0.366535 0.366492 0.366447 0.366398 0.366399 0.366392 0.366386 0.366383 0.366382 0.366389 0.366431 0.366469 0.366503 0.366508 0.366523 0.000000 0.000000
0.000000 0.000000 0.373374 0.373354 0.373329 0.373295 0.373244 0.373183 0.373188 0.373176 0.373168 0.373166 0.373170 0.373166 0.373227 0.373271 0.373298 0.373309 0.373322 0.000000 0.000000
0.000000 0.000000 0.380881 0.380856 0.380835 0.380799 0.380743 0.380680 0.380681 0.380673 0.380659 0.380664 0.380672 0.380669 0.380717 0.380775 0.380806 0.380817 0.380823 0.000000 0.000000
0.000000 0.000000 0.389401 0.389379 0.389360 0.389278 0.389252 0.389168 0.389186 0.389144 0.389147 0.389141 0.389128 0.389150 0.389204 0.389241 0.389283 0.389298 0.389334 0.000000 0.000000
0.000000 0.000000 0.399345 0.399300 0.399250 0.399211 0.399167 0.399061 0.399059 0.399053 0.399065 0.399029 0.399046 0.399041 0.399138 0.399194 0.399216 0.399229 0.399303 0.000000 0.000000
0.000000 0.000000 0.410533 0.410491 0.410479 0.410401 0.410347 0.410068 0.410063 0.410045 0.409946 0.410006 0.410011 0.410035 0.410245 0.410292 0.410395 0.410400 0.410417 0.000000 0.000000
0.000000 0.000000 0.424310 0.424290 0.424201 0.424146 0.423760 0.423896 0.423813 0.423813 0.423864 0.423810 0.423801 0.423759 0.423636 0.424062 0.424077 0.424176 0.424235 0.000000 0.000000
0.000000 0.000000 0.439689 0.439644 0.439569 0.439084 0.439289 0.438984 0.438918 0.438885 0.438775 0.438738 0.438793 0.438796 0.439067 0.438869 0.439502 0.439353 0.439329 0.000000 0.000000
0.000000 0.000000 0.452927 0.452902 0.452414 0.452661 0.452573 0.452591 0.452803 0.452745 0.452858 0.452838 0.452747 0.452861 0.452797 0.452880 0.452339 0.453081 0.453070 0.000000 0.000000
0.000000 0.000000 0.463452 0.463158 0.463191 0.463088 0.462926 0.462876 0.462804 0.462819 0.462731 0.462741 0.462789 0.462742 0.462820 0.462943 0.463160 0.463037 0.463342 0.000000 0.000000
0.000000 0.000000 0.468803 0.468682 0.468838 0.468737 0.468626 0.468497 0.468448 0.468434 0.468410 0.468409 0.468442 0.468416 0.468550 0.468633 0.468832 0.468610 0.468736 0.000000 0.000000
0.000000 0.000000 0.350000 0.350000 0.350000 0.350000 0.350000 0.350000 0.350000 0.350000 0.350000 0.350000 0.350000 0.350000 0.350000 0.350000 0.350000 0.350000 0.350000 0.000000 0.000000
0.000000 0.000000 0.000000 0.000000 0.000000 0.000000 0.000000 0.000000 0.000000 0.000000 0.000000 0.000000 0.000000 0.000000 0.000000 0.000000 0.000000 0.000000 0.000000 0.000000 0.000000