geotop/1.0zi/1.0Montebello/Templates/testdem/maps/_Eocsilt0243.asc
ncols         21
nrows         20
xllcorner     100.000000
yllcorner     100.000000
cellsize      50.000000
NODATA_value  -9999.0
0.000000 0.000000 0.000000 0.000000 0.000000 0.000000 0.000000 0.000000 0.000000 0.000000 0.000000 0.000000 0.000000 0.000000 0.000000 0.000000 0.000000 0.000000 0.000000 0.000000 0.000000
0.000000 0.000000 0.350006 0.350006 0.350006 0.350006 0.350006 0.350006 0.350006 0.350006 0.350006 0.350006 0.350006 0.350006 0.350006 0.350006 0.350006 0.350006 0.350006 0.000000 0.000000
0.000000 0.000000 0.350001 0.350001 0.350001 0.350001 0.350001 0.350001 0.350001 0.350001 0.350001 0.350001 0.350001 0.350001 0.350001 0.350001 0.350001 0.350001 0.350001 0.000000 0.000000
0.000000 0.000000 0.350216 0.350216 0.350214 0.350216 0.350216 0.350216 0.350216 0.350216 0.350216 0.350216 0.350216 0.350216 0.350216 0.350216 0.350214 0.350216 0.350216 0.000000 0.000000
0.000000 0.000000 0.350770 0.350770 0.350768 0.350770 0.350770 0.350770 0.350770 0.350770 0.350770 0.350770 0.350770 0.350770 0.350770 0.350770 0.350768 0.350770 0.350770 0.000000 0.000000
0.000000 0.000000 0.351276 0.351275 0.351274 0.351275 0.351276 0.351276 0.351276 0.351276 0.351276 0.351276 0.351276 0.351276 0.351276 0.351275 0.351274 0.351275 0.351276 0.000000 0.000000
0.000000 0.000000 0.351720 0.351720 0.351718 0.351720 0.351720 0.351720 0.351720 0.351720 0.351720 0.351720 0.351720 0.351720 0.351720 0.351720 0.351718 0.351720 0.351720 0.000000 0.000000
0.000000 0.000000 0.352124 0.352124 0.352122 0.352124 0.352124 0.352124 0.352124 0.352124 0.352124 0.352124 0.352124 0.352124 0.352124 0.352124 0.352122 0.352124 0.352124 0.000000 0.000000
0.000000 0.000000 0.352500 0.352500 0.352499 0.352500 0.352500 0.352500 0.352500 0.352500 0.352500 0.352500 0.352500 0.352500 0.352500 0.352500 0.352499 0.352500 0.352500 0.000000 0.000000
0.000000 0.000000 0.352861 0.352861 0.352859 0.352861 0.352861 0.352861 0.352861 0.352861 0.352861 0.352861 0.352861 0.352861 0.352861 0.352861 0.352859 0.352861 0.352861 0.000000 0.000000
0.000000 0.000000 0.353208 0.353208 0.353206 0.353208 0.353208 0.353208 0.353208 0.353208 0.353208 0.353208 0.353208 0.353208 0.353208 0.353208 0.353206 0.353208 0.353208 0.000000 0.000000
0.000000 0.000000 0.353545 0.353545 0.353544 0.353545 0.353545 0.353545 0.353545 0.353545 0.353545 0.353545 0.353545 0.353545 0.353545 0.353545 0.353544 0.353545 0.353545 0.000000 0.000000
0.000000 0.000000 0.353875 0.353875 0.353874 0.353875 0.353875 0.353875 0.353875 0.353875 0.353875 0.353875 0.353875 0.353875 0.353875 0.353875 0.353874 0.353875 0.353875 0.000000 0.000000
0.000000 0.000000 0.354197 0.354197 0.354196 0.354197 0.354197 0.354197 0.354197 0.354197 0.354197 0.354197 0.354197 0.354197 0.354197 0.354197 0.354196 0.354197 0.354197 0.000000 0.000000
0.000000 0.000000 0.354514 0.354514 0.354513 0.354514 0.354514 0.354514 0.354514 0.354514 0.354514 0.354514 0.354514 0.354514 0.354514 0.354514 0.354513 0.354514 0.354514 0.000000 0.000000
0.000000 0.000000 0.354828 0.354828 0.354827 0.354828 0.354828 0.354828 0.354828 0.354828 0.354828 0.354828 0.354828 0.354828 0.354828 0.354828 0.354827 0.354828 0.354828 0.000000 0.000000
0.000000 0.000000 0.355136 0.355136 0.355135 0.355136 0.355136 0.355136 0.355136 0.355136 0.355136 0.355136 0.355136 0.355136 0.355136 0.355136 0.355135 0.355136 0.355136 0.000000 0.000000
0.000000 0.000000 0.355465 0.355465 0.355464 0.355465 0.355465 0.355465 0.355465 0.355465 0.355465 0.355465 0.355465 0.355465 0.355465 0.355465 0.355464 0.355465 0.355465 0.000000 0.000000
0.000000 0.000000 0.350000 0.350000 0.350000 0.350000 0.350000 0.350000 0.350000 0.350000 0.350000 0.350000 0.350000 0.350000 0.350000 0.350000 0.350000 0.350000 0.350000 0.000000 0.000000
0.000000 0.000000 0.000000 0.000000 0.000000 0.000000 0.000000 0.000000 0.000000 0.000000 0.000000 0.000000 0.000000 0.000000 0.000000 0.000000 0.000000 0.000000 0.000000 0.000000 0.000000