geotop/1.0zi/1.0Montebello/Templates/testdem/maps/_Eocclay6896.asc
ncols         21
nrows         20
xllcorner     100.000000
yllcorner     100.000000
cellsize      50.000000
NODATA_value  -9999.0
0.000000 0.000000 0.000000 0.000000 0.000000 0.000000 0.000000 0.000000 0.000000 0.000000 0.000000 0.000000 0.000000 0.000000 0.000000 0.000000 0.000000 0.000000 0.000000 0.000000 0.000000
0.000000 0.000000 0.349693 0.349694 0.349694 0.349693 0.349694 0.349694 0.349694 0.349694 0.349693 0.349694 0.349694 0.349694 0.349694 0.349694 0.349692 0.349692 0.349693 0.000000 0.000000
0.000000 0.000000 0.349988 0.349987 0.349988 0.349988 0.349987 0.349987 0.349987 0.349987 0.349987 0.349986 0.349987 0.349986 0.349987 0.349987 0.349988 0.349988 0.349986 0.000000 0.000000
0.000000 0.000000 0.349977 0.349982 0.349979 0.349979 0.349980 0.349980 0.349982 0.349978 0.349983 0.349981 0.349981 0.349980 0.349980 0.349982 0.349980 0.349981 0.349981 0.000000 0.000000
0.000000 0.000000 0.350676 0.350674 0.350671 0.350669 0.350656 0.350654 0.350653 0.350655 0.350653 0.350654 0.350650 0.350652 0.350660 0.350661 0.350665 0.350666 0.350674 0.000000 0.000000
0.000000 0.000000 0.352784 0.352783 0.352773 0.352749 0.352740 0.352719 0.352720 0.352715 0.352719 0.352719 0.352721 0.352721 0.352728 0.352745 0.352756 0.352768 0.352775 0.000000 0.000000
0.000000 0.000000 0.355825 0.355823 0.355816 0.355796 0.355771 0.355740 0.355739 0.355734 0.355736 0.355738 0.355738 0.355738 0.355763 0.355789 0.355801 0.355811 0.355819 0.000000 0.000000
0.000000 0.000000 0.359459 0.359457 0.359451 0.359426 0.359402 0.359368 0.359368 0.359365 0.359365 0.359364 0.359362 0.359368 0.359395 0.359417 0.359437 0.359444 0.359456 0.000000 0.000000
0.000000 0.000000 0.363227 0.363223 0.363211 0.363197 0.363172 0.363138 0.363140 0.363133 0.363131 0.363130 0.363130 0.363129 0.363162 0.363190 0.363205 0.363211 0.363221 0.000000 0.000000
0.000000 0.000000 0.367118 0.367111 0.367106 0.367092 0.367056 0.367025 0.367026 0.367022 0.367017 0.367021 0.367026 0.367022 0.367050 0.367082 0.367100 0.367105 0.367113 0.000000 0.000000
0.000000 0.000000 0.371238 0.371233 0.371227 0.371200 0.371175 0.371139 0.371147 0.371128 0.371130 0.371131 0.371125 0.371136 0.371159 0.371179 0.371202 0.371213 0.371230 0.000000 0.000000
0.000000 0.000000 0.375660 0.375649 0.375637 0.375616 0.375591 0.375548 0.375548 0.375540 0.375550 0.375538 0.375540 0.375543 0.375585 0.375606 0.375622 0.375629 0.375671 0.000000 0.000000
0.000000 0.000000 0.380306 0.380295 0.380288 0.380265 0.380242 0.380144 0.380143 0.380135 0.380113 0.380125 0.380132 0.380140 0.380214 0.380237 0.380273 0.380276 0.380303 0.000000 0.000000
0.000000 0.000000 0.385510 0.385505 0.385487 0.385469 0.385362 0.385348 0.385325 0.385324 0.385324 0.385323 0.385321 0.385318 0.385321 0.385435 0.385461 0.385489 0.385519 0.000000 0.000000
0.000000 0.000000 0.391414 0.391405 0.391380 0.391257 0.391238 0.391178 0.391139 0.391132 0.391112 0.391098 0.391112 0.391105 0.391160 0.391192 0.391359 0.391341 0.391355 0.000000 0.000000
0.000000 0.000000 0.397813 0.397803 0.397632 0.397631 0.397625 0.397592 0.397641 0.397619 0.397644 0.397626 0.397604 0.397643 0.397660 0.397672 0.397614 0.397839 0.397841 0.000000 0.000000
0.000000 0.000000 0.405513 0.405258 0.405230 0.405154 0.405029 0.404985 0.404945 0.404951 0.404889 0.404890 0.404921 0.404897 0.404960 0.405056 0.405218 0.405191 0.405453 0.000000 0.000000
0.000000 0.000000 0.410237 0.410354 0.410597 0.410558 0.410512 0.410283 0.410290 0.410234 0.410299 0.410283 0.410287 0.410303 0.410507 0.410544 0.410639 0.410406 0.410302 0.000000 0.000000
0.000000 0.000000 0.350000 0.350000 0.350000 0.350000 0.350000 0.350000 0.350000 0.350000 0.350000 0.350000 0.350000 0.350000 0.350000 0.350000 0.350000 0.350000 0.350000 0.000000 0.000000
0.000000 0.000000 0.000000 0.000000 0.000000 0.000000 0.000000 0.000000 0.000000 0.000000 0.000000 0.000000 0.000000 0.000000 0.000000 0.000000 0.000000 0.000000 0.000000 0.000000 0.000000