geotop/1.0zi/1.0Montebello/Templates/testdem/maps/_Eocsand7921.asc
ncols         21
nrows         20
xllcorner     100.000000
yllcorner     100.000000
cellsize      50.000000
NODATA_value  -9999.0
0.000000 0.000000 0.000000 0.000000 0.000000 0.000000 0.000000 0.000000 0.000000 0.000000 0.000000 0.000000 0.000000 0.000000 0.000000 0.000000 0.000000 0.000000 0.000000 0.000000 0.000000
0.000000 0.000000 0.300202 0.300200 0.300200 0.300201 0.300200 0.300199 0.300199 0.300200 0.300200 0.300200 0.300200 0.300200 0.300200 0.300200 0.300201 0.300201 0.300201 0.000000 0.000000
0.000000 0.000000 0.300010 0.300012 0.300011 0.300010 0.300011 0.300012 0.300011 0.300011 0.300011 0.300012 0.300011 0.300011 0.300011 0.300011 0.300012 0.300012 0.300013 0.000000 0.000000
0.000000 0.000000 0.299894 0.299893 0.299898 0.299906 0.299901 0.299909 0.299904 0.299907 0.299907 0.299907 0.299907 0.299908 0.299904 0.299899 0.299896 0.299893 0.299894 0.000000 0.000000
0.000000 0.000000 0.297994 0.297991 0.298000 0.298016 0.298038 0.298047 0.298054 0.298053 0.298057 0.298056 0.298059 0.298053 0.298029 0.298023 0.298011 0.297999 0.297991 0.000000 0.000000
0.000000 0.000000 0.292613 0.292616 0.292638 0.292684 0.292717 0.292764 0.292764 0.292777 0.292769 0.292770 0.292766 0.292765 0.292742 0.292710 0.292682 0.292659 0.292648 0.000000 0.000000
0.000000 0.000000 0.285094 0.285103 0.285123 0.285174 0.285237 0.285308 0.285309 0.285319 0.285317 0.285318 0.285321 0.285315 0.285252 0.285196 0.285162 0.285134 0.285119 0.000000 0.000000
0.000000 0.000000 0.276185 0.276191 0.276206 0.276264 0.276324 0.276403 0.276404 0.276413 0.276415 0.276421 0.276425 0.276410 0.276342 0.276288 0.276237 0.276221 0.276197 0.000000 0.000000
0.000000 0.000000 0.266699 0.266717 0.266746 0.266784 0.266848 0.266933 0.266929 0.266948 0.266952 0.266957 0.266954 0.266956 0.266873 0.266806 0.266765 0.266745 0.266724 0.000000 0.000000
0.000000 0.000000 0.256721 0.256741 0.256757 0.256795 0.256887 0.256964 0.256964 0.256973 0.256985 0.256980 0.256968 0.256973 0.256902 0.256825 0.256777 0.256761 0.256746 0.000000 0.000000
0.000000 0.000000 0.245944 0.245958 0.245976 0.246056 0.246120 0.246210 0.246191 0.246240 0.246234 0.246236 0.246253 0.246221 0.246157 0.246109 0.246048 0.246016 0.245975 0.000000 0.000000
0.000000 0.000000 0.234051 0.234085 0.234123 0.234175 0.234247 0.234359 0.234366 0.234380 0.234355 0.234393 0.234383 0.234375 0.234260 0.234201 0.234159 0.234136 0.234035 0.000000 0.000000
0.000000 0.000000 0.221263 0.221297 0.221313 0.221386 0.221449 0.221734 0.221739 0.221757 0.221830 0.221793 0.221776 0.221750 0.221532 0.221473 0.221364 0.221352 0.221300 0.000000 0.000000
0.000000 0.000000 0.206397 0.206411 0.206471 0.206523 0.206872 0.206858 0.206931 0.206931 0.206914 0.206933 0.206942 0.206956 0.206979 0.206617 0.206553 0.206458 0.206387 0.000000 0.000000
0.000000 0.000000 0.188987 0.189021 0.189096 0.189533 0.189514 0.189731 0.189835 0.189860 0.189932 0.189986 0.189938 0.189948 0.189737 0.189728 0.189152 0.189233 0.189217 0.000000 0.000000
0.000000 0.000000 0.169869 0.169902 0.170529 0.170391 0.170435 0.170507 0.170284 0.170360 0.170244 0.170294 0.170393 0.170237 0.170210 0.170175 0.170587 0.169701 0.169713 0.000000 0.000000
0.000000 0.000000 0.146094 0.147089 0.146943 0.147304 0.147802 0.147949 0.148196 0.148141 0.148424 0.148404 0.148246 0.148395 0.148146 0.147779 0.146983 0.147436 0.146411 0.000000 0.000000
0.000000 0.000000 0.136236 0.135368 0.134492 0.134516 0.134511 0.135347 0.135231 0.135469 0.135100 0.135178 0.135225 0.135103 0.134394 0.134399 0.134335 0.135050 0.135898 0.000000 0.000000
0.000000 0.000000 0.300000 0.300000 0.300000 0.300000 0.300000 0.300000 0.300000 0.300000 0.300000 0.300000 0.300000 0.300000 0.300000 0.300000 0.300000 0.300000 0.300000 0.000000 0.000000
0.000000 0.000000 0.000000 0.000000 0.000000 0.000000 0.000000 0.000000 0.000000 0.000000 0.000000 0.000000 0.000000 0.000000 0.000000 0.000000 0.000000 0.000000 0.000000 0.000000 0.000000