geotop/1.0zi/1.0Montebello/Templates/testdem/maps/_Eocclay4002.asc
ncols         21
nrows         20
xllcorner     100.000000
yllcorner     100.000000
cellsize      50.000000
NODATA_value  -9999.0
0.000000 0.000000 0.000000 0.000000 0.000000 0.000000 0.000000 0.000000 0.000000 0.000000 0.000000 0.000000 0.000000 0.000000 0.000000 0.000000 0.000000 0.000000 0.000000 0.000000 0.000000
0.000000 0.000000 0.349814 0.349815 0.349815 0.349815 0.349815 0.349815 0.349815 0.349815 0.349815 0.349815 0.349815 0.349815 0.349815 0.349815 0.349814 0.349815 0.349814 0.000000 0.000000
0.000000 0.000000 0.349994 0.349994 0.349994 0.349994 0.349994 0.349994 0.349994 0.349994 0.349994 0.349993 0.349994 0.349994 0.349994 0.349994 0.349994 0.349994 0.349994 0.000000 0.000000
0.000000 0.000000 0.349994 0.349995 0.349993 0.349994 0.349995 0.349995 0.349995 0.349994 0.349995 0.349994 0.349994 0.349993 0.349996 0.349997 0.349995 0.349996 0.349994 0.000000 0.000000
0.000000 0.000000 0.350335 0.350337 0.350336 0.350336 0.350329 0.350327 0.350328 0.350328 0.350327 0.350329 0.350325 0.350325 0.350328 0.350329 0.350329 0.350329 0.350332 0.000000 0.000000
0.000000 0.000000 0.351490 0.351491 0.351488 0.351480 0.351479 0.351470 0.351470 0.351465 0.351469 0.351469 0.351471 0.351470 0.351466 0.351471 0.351476 0.351481 0.351484 0.000000 0.000000
0.000000 0.000000 0.353180 0.353176 0.353173 0.353165 0.353156 0.353138 0.353138 0.353134 0.353137 0.353137 0.353137 0.353134 0.353146 0.353160 0.353167 0.353171 0.353174 0.000000 0.000000
0.000000 0.000000 0.355086 0.355085 0.355081 0.355069 0.355059 0.355043 0.355045 0.355042 0.355042 0.355042 0.355038 0.355035 0.355050 0.355064 0.355072 0.355075 0.355081 0.000000 0.000000
0.000000 0.000000 0.356986 0.356983 0.356977 0.356969 0.356958 0.356940 0.356942 0.356938 0.356938 0.356939 0.356936 0.356934 0.356948 0.356964 0.356971 0.356974 0.356981 0.000000 0.000000
0.000000 0.000000 0.358878 0.358874 0.358870 0.358861 0.358847 0.358830 0.358833 0.358830 0.358830 0.358831 0.358827 0.358824 0.358840 0.358857 0.358864 0.358866 0.358872 0.000000 0.000000
0.000000 0.000000 0.360799 0.360795 0.360790 0.360783 0.360774 0.360754 0.360756 0.360751 0.360752 0.360752 0.360749 0.360746 0.360759 0.360771 0.360780 0.360784 0.360790 0.000000 0.000000
0.000000 0.000000 0.362777 0.362773 0.362767 0.362756 0.362746 0.362727 0.362727 0.362724 0.362724 0.362723 0.362720 0.362717 0.362735 0.362749 0.362757 0.362760 0.362782 0.000000 0.000000
0.000000 0.000000 0.364771 0.364767 0.364760 0.364752 0.364739 0.364700 0.364700 0.364697 0.364696 0.364697 0.364693 0.364691 0.364724 0.364741 0.364750 0.364753 0.364767 0.000000 0.000000
0.000000 0.000000 0.366870 0.366863 0.366857 0.366849 0.366811 0.366801 0.366795 0.366791 0.366792 0.366792 0.366788 0.366785 0.366795 0.366836 0.366844 0.366853 0.366861 0.000000 0.000000
0.000000 0.000000 0.369119 0.369113 0.369099 0.369066 0.369049 0.369025 0.369012 0.369008 0.369002 0.369001 0.369001 0.368993 0.369011 0.369040 0.369084 0.369082 0.369089 0.000000 0.000000
0.000000 0.000000 0.371427 0.371420 0.371376 0.371370 0.371361 0.371349 0.371347 0.371346 0.371347 0.371346 0.371339 0.371343 0.371348 0.371360 0.371362 0.371406 0.371418 0.000000 0.000000
0.000000 0.000000 0.373971 0.373917 0.373877 0.373863 0.373838 0.373825 0.373821 0.373819 0.373813 0.373813 0.373811 0.373804 0.373812 0.373845 0.373865 0.373890 0.373943 0.000000 0.000000
0.000000 0.000000 0.375982 0.375966 0.375997 0.375978 0.375955 0.375904 0.375899 0.375893 0.375895 0.375894 0.375889 0.375889 0.375933 0.375962 0.375996 0.375948 0.375973 0.000000 0.000000
0.000000 0.000000 0.350000 0.350000 0.350000 0.350000 0.350000 0.350000 0.350000 0.350000 0.350000 0.350000 0.350000 0.350000 0.350000 0.350000 0.350000 0.350000 0.350000 0.000000 0.000000
0.000000 0.000000 0.000000 0.000000 0.000000 0.000000 0.000000 0.000000 0.000000 0.000000 0.000000 0.000000 0.000000 0.000000 0.000000 0.000000 0.000000 0.000000 0.000000 0.000000 0.000000