geotop/1.0zi/1.0Montebello/Templates/testdem/maps/_Eocclay7296.asc
ncols         21
nrows         20
xllcorner     100.000000
yllcorner     100.000000
cellsize      50.000000
NODATA_value  -9999.0
0.000000 0.000000 0.000000 0.000000 0.000000 0.000000 0.000000 0.000000 0.000000 0.000000 0.000000 0.000000 0.000000 0.000000 0.000000 0.000000 0.000000 0.000000 0.000000 0.000000 0.000000
0.000000 0.000000 0.349664 0.349666 0.349666 0.349665 0.349666 0.349666 0.349666 0.349666 0.349665 0.349666 0.349666 0.349666 0.349666 0.349666 0.349664 0.349664 0.349665 0.000000 0.000000
0.000000 0.000000 0.349986 0.349986 0.349987 0.349988 0.349986 0.349986 0.349986 0.349986 0.349986 0.349985 0.349986 0.349985 0.349986 0.349986 0.349987 0.349987 0.349984 0.000000 0.000000
0.000000 0.000000 0.349979 0.349984 0.349980 0.349981 0.349982 0.349981 0.349984 0.349980 0.349984 0.349982 0.349982 0.349981 0.349981 0.349983 0.349981 0.349985 0.349984 0.000000 0.000000
0.000000 0.000000 0.350795 0.350793 0.350789 0.350785 0.350771 0.350769 0.350767 0.350769 0.350767 0.350767 0.350764 0.350768 0.350775 0.350776 0.350782 0.350784 0.350792 0.000000 0.000000
0.000000 0.000000 0.353184 0.353182 0.353172 0.353146 0.353134 0.353112 0.353114 0.353107 0.353111 0.353110 0.353112 0.353114 0.353122 0.353141 0.353153 0.353167 0.353174 0.000000 0.000000
0.000000 0.000000 0.356520 0.356517 0.356509 0.356488 0.356460 0.356426 0.356425 0.356420 0.356421 0.356422 0.356422 0.356423 0.356452 0.356479 0.356493 0.356505 0.356514 0.000000 0.000000
0.000000 0.000000 0.360504 0.360502 0.360495 0.360469 0.360441 0.360404 0.360405 0.360400 0.360400 0.360398 0.360395 0.360403 0.360434 0.360457 0.360480 0.360488 0.360501 0.000000 0.000000
0.000000 0.000000 0.364664 0.364659 0.364646 0.364631 0.364602 0.364565 0.364568 0.364559 0.364557 0.364555 0.364555 0.364555 0.364591 0.364621 0.364639 0.364647 0.364657 0.000000 0.000000
0.000000 0.000000 0.369000 0.368992 0.368986 0.368971 0.368929 0.368895 0.368897 0.368892 0.368886 0.368889 0.368894 0.368892 0.368923 0.368958 0.368978 0.368985 0.368993 0.000000 0.000000
0.000000 0.000000 0.373636 0.373631 0.373623 0.373592 0.373562 0.373523 0.373532 0.373511 0.373513 0.373512 0.373505 0.373519 0.373546 0.373568 0.373594 0.373608 0.373627 0.000000 0.000000
0.000000 0.000000 0.378667 0.378654 0.378638 0.378616 0.378586 0.378538 0.378537 0.378529 0.378540 0.378523 0.378527 0.378531 0.378579 0.378604 0.378622 0.378632 0.378678 0.000000 0.000000
0.000000 0.000000 0.384007 0.383994 0.383987 0.383959 0.383931 0.383816 0.383815 0.383807 0.383779 0.383792 0.383799 0.383810 0.383899 0.383924 0.383967 0.383973 0.384000 0.000000 0.000000
0.000000 0.000000 0.390082 0.390077 0.390054 0.390034 0.389900 0.389892 0.389865 0.389864 0.389866 0.389861 0.389859 0.389855 0.389854 0.389993 0.390022 0.390059 0.390092 0.000000 0.000000
0.000000 0.000000 0.397076 0.397065 0.397035 0.396879 0.396865 0.396788 0.396745 0.396736 0.396710 0.396690 0.396707 0.396701 0.396775 0.396800 0.397011 0.396987 0.397000 0.000000 0.000000
0.000000 0.000000 0.404720 0.404708 0.404486 0.404508 0.404495 0.404456 0.404528 0.404499 0.404535 0.404512 0.404481 0.404535 0.404556 0.404569 0.404463 0.404767 0.404766 0.000000 0.000000
0.000000 0.000000 0.414110 0.413765 0.413764 0.413654 0.413480 0.413425 0.413360 0.413371 0.413282 0.413284 0.413331 0.413293 0.413378 0.413507 0.413748 0.413665 0.414020 0.000000 0.000000
0.000000 0.000000 0.419176 0.419404 0.419729 0.419696 0.419658 0.419350 0.419373 0.419293 0.419399 0.419373 0.419370 0.419401 0.419671 0.419698 0.419785 0.419494 0.419280 0.000000 0.000000
0.000000 0.000000 0.350000 0.350000 0.350000 0.350000 0.350000 0.350000 0.350000 0.350000 0.350000 0.350000 0.350000 0.350000 0.350000 0.350000 0.350000 0.350000 0.350000 0.000000 0.000000
0.000000 0.000000 0.000000 0.000000 0.000000 0.000000 0.000000 0.000000 0.000000 0.000000 0.000000 0.000000 0.000000 0.000000 0.000000 0.000000 0.000000 0.000000 0.000000 0.000000 0.000000