geotop/1.0zi/1.0Montebello/Templates/testdem/maps/_Eocclay4359.asc
ncols         21
nrows         20
xllcorner     100.000000
yllcorner     100.000000
cellsize      50.000000
NODATA_value  -9999.0
0.000000 0.000000 0.000000 0.000000 0.000000 0.000000 0.000000 0.000000 0.000000 0.000000 0.000000 0.000000 0.000000 0.000000 0.000000 0.000000 0.000000 0.000000 0.000000 0.000000 0.000000
0.000000 0.000000 0.349804 0.349805 0.349805 0.349805 0.349805 0.349805 0.349805 0.349805 0.349805 0.349805 0.349805 0.349805 0.349805 0.349805 0.349805 0.349805 0.349805 0.000000 0.000000
0.000000 0.000000 0.349993 0.349994 0.349993 0.349993 0.349993 0.349993 0.349993 0.349993 0.349993 0.349993 0.349993 0.349993 0.349993 0.349993 0.349993 0.349993 0.349993 0.000000 0.000000
0.000000 0.000000 0.349994 0.349995 0.349993 0.349994 0.349995 0.349995 0.349995 0.349995 0.349995 0.349994 0.349994 0.349993 0.349996 0.349997 0.349996 0.349996 0.349995 0.000000 0.000000
0.000000 0.000000 0.350335 0.350335 0.350333 0.350333 0.350326 0.350325 0.350326 0.350325 0.350324 0.350326 0.350323 0.350323 0.350326 0.350326 0.350327 0.350326 0.350329 0.000000 0.000000
0.000000 0.000000 0.351536 0.351535 0.351529 0.351520 0.351518 0.351509 0.351508 0.351504 0.351508 0.351508 0.351510 0.351507 0.351504 0.351510 0.351515 0.351520 0.351525 0.000000 0.000000
0.000000 0.000000 0.353332 0.353327 0.353321 0.353310 0.353298 0.353279 0.353279 0.353275 0.353278 0.353278 0.353278 0.353277 0.353290 0.353305 0.353313 0.353317 0.353321 0.000000 0.000000
0.000000 0.000000 0.355383 0.355381 0.355377 0.355362 0.355351 0.355334 0.355336 0.355333 0.355333 0.355333 0.355329 0.355326 0.355342 0.355357 0.355364 0.355368 0.355375 0.000000 0.000000
0.000000 0.000000 0.357439 0.357435 0.357427 0.357417 0.357405 0.357386 0.357389 0.357385 0.357385 0.357386 0.357382 0.357381 0.357395 0.357412 0.357419 0.357422 0.357429 0.000000 0.000000
0.000000 0.000000 0.359491 0.359486 0.359480 0.359469 0.359454 0.359436 0.359440 0.359437 0.359437 0.359437 0.359433 0.359430 0.359447 0.359464 0.359471 0.359475 0.359481 0.000000 0.000000
0.000000 0.000000 0.361584 0.361578 0.361572 0.361563 0.361552 0.361531 0.361534 0.361529 0.361529 0.361530 0.361526 0.361523 0.361537 0.361550 0.361559 0.361563 0.361570 0.000000 0.000000
0.000000 0.000000 0.363747 0.363742 0.363734 0.363720 0.363708 0.363688 0.363689 0.363686 0.363686 0.363685 0.363682 0.363678 0.363697 0.363713 0.363721 0.363724 0.363748 0.000000 0.000000
0.000000 0.000000 0.365937 0.365931 0.365922 0.365912 0.365897 0.365854 0.365855 0.365851 0.365851 0.365851 0.365847 0.365845 0.365882 0.365900 0.365909 0.365912 0.365927 0.000000 0.000000
0.000000 0.000000 0.368250 0.368241 0.368234 0.368223 0.368180 0.368169 0.368163 0.368159 0.368159 0.368159 0.368154 0.368152 0.368164 0.368208 0.368217 0.368227 0.368236 0.000000 0.000000
0.000000 0.000000 0.370742 0.370734 0.370718 0.370678 0.370658 0.370631 0.370618 0.370613 0.370607 0.370606 0.370605 0.370598 0.370618 0.370650 0.370699 0.370697 0.370704 0.000000 0.000000
0.000000 0.000000 0.373311 0.373302 0.373251 0.373241 0.373229 0.373216 0.373215 0.373213 0.373215 0.373214 0.373205 0.373211 0.373216 0.373230 0.373232 0.373283 0.373296 0.000000 0.000000
0.000000 0.000000 0.376159 0.376094 0.376049 0.376029 0.375999 0.375982 0.375979 0.375976 0.375969 0.375969 0.375967 0.375960 0.375970 0.376008 0.376032 0.376059 0.376122 0.000000 0.000000
0.000000 0.000000 0.378391 0.378373 0.378407 0.378382 0.378355 0.378293 0.378289 0.378282 0.378284 0.378283 0.378277 0.378278 0.378333 0.378366 0.378402 0.378349 0.378377 0.000000 0.000000
0.000000 0.000000 0.350000 0.350000 0.350000 0.350000 0.350000 0.350000 0.350000 0.350000 0.350000 0.350000 0.350000 0.350000 0.350000 0.350000 0.350000 0.350000 0.350000 0.000000 0.000000
0.000000 0.000000 0.000000 0.000000 0.000000 0.000000 0.000000 0.000000 0.000000 0.000000 0.000000 0.000000 0.000000 0.000000 0.000000 0.000000 0.000000 0.000000 0.000000 0.000000 0.000000