geotop/1.0zi/1.0Montebello/Templates/testdem/maps/_Eocsilt6497.asc
ncols         21
nrows         20
xllcorner     100.000000
yllcorner     100.000000
cellsize      50.000000
NODATA_value  -9999.0
0.000000 0.000000 0.000000 0.000000 0.000000 0.000000 0.000000 0.000000 0.000000 0.000000 0.000000 0.000000 0.000000 0.000000 0.000000 0.000000 0.000000 0.000000 0.000000 0.000000 0.000000
0.000000 0.000000 0.350130 0.350131 0.350131 0.350131 0.350131 0.350131 0.350131 0.350131 0.350131 0.350131 0.350131 0.350131 0.350131 0.350131 0.350131 0.350131 0.350131 0.000000 0.000000
0.000000 0.000000 0.350003 0.350002 0.350002 0.350002 0.350003 0.350003 0.350003 0.350003 0.350003 0.350003 0.350003 0.350004 0.350003 0.350002 0.350001 0.350001 0.350002 0.000000 0.000000
0.000000 0.000000 0.350054 0.350051 0.350050 0.350044 0.350045 0.350043 0.350045 0.350046 0.350044 0.350044 0.350044 0.350044 0.350047 0.350050 0.350052 0.350053 0.350053 0.000000 0.000000
0.000000 0.000000 0.350627 0.350633 0.350630 0.350625 0.350621 0.350615 0.350614 0.350612 0.350610 0.350612 0.350614 0.350614 0.350620 0.350624 0.350624 0.350633 0.350637 0.000000 0.000000
0.000000 0.000000 0.352364 0.352367 0.352360 0.352345 0.352332 0.352314 0.352313 0.352308 0.352312 0.352314 0.352315 0.352312 0.352319 0.352327 0.352337 0.352342 0.352347 0.000000 0.000000
0.000000 0.000000 0.354999 0.354997 0.354989 0.354968 0.354943 0.354918 0.354919 0.354916 0.354918 0.354916 0.354914 0.354918 0.354937 0.354958 0.354972 0.354983 0.354990 0.000000 0.000000
0.000000 0.000000 0.358217 0.358218 0.358215 0.358195 0.358170 0.358142 0.358142 0.358140 0.358138 0.358136 0.358136 0.358140 0.358162 0.358185 0.358205 0.358208 0.358219 0.000000 0.000000
0.000000 0.000000 0.361610 0.361605 0.361595 0.361581 0.361557 0.361524 0.361526 0.361519 0.361517 0.361516 0.361518 0.361516 0.361546 0.361570 0.361588 0.361595 0.361605 0.000000 0.000000
0.000000 0.000000 0.365059 0.365054 0.365049 0.365038 0.365005 0.364976 0.364978 0.364974 0.364969 0.364971 0.364977 0.364973 0.364997 0.365025 0.365044 0.365048 0.365055 0.000000 0.000000
0.000000 0.000000 0.368639 0.368637 0.368633 0.368607 0.368584 0.368553 0.368560 0.368544 0.368544 0.368544 0.368541 0.368550 0.368569 0.368587 0.368608 0.368619 0.368633 0.000000 0.000000
0.000000 0.000000 0.372450 0.372443 0.372432 0.372413 0.372391 0.372352 0.372353 0.372345 0.372353 0.372342 0.372345 0.372349 0.372384 0.372402 0.372418 0.372424 0.372461 0.000000 0.000000
0.000000 0.000000 0.376408 0.376399 0.376394 0.376373 0.376353 0.376270 0.376270 0.376263 0.376244 0.376252 0.376260 0.376266 0.376327 0.376345 0.376378 0.376381 0.376406 0.000000 0.000000
0.000000 0.000000 0.380771 0.380767 0.380753 0.380737 0.380651 0.380635 0.380616 0.380615 0.380610 0.380611 0.380610 0.380608 0.380615 0.380703 0.380731 0.380753 0.380779 0.000000 0.000000
0.000000 0.000000 0.385654 0.385650 0.385630 0.385534 0.385510 0.385460 0.385429 0.385423 0.385407 0.385393 0.385407 0.385401 0.385441 0.385476 0.385609 0.385597 0.385612 0.000000 0.000000
0.000000 0.000000 0.390894 0.390889 0.390761 0.390748 0.390740 0.390711 0.390741 0.390725 0.390740 0.390724 0.390710 0.390739 0.390756 0.390766 0.390744 0.390908 0.390911 0.000000 0.000000
0.000000 0.000000 0.397047 0.396868 0.396827 0.396772 0.396682 0.396645 0.396623 0.396625 0.396581 0.396578 0.396600 0.396588 0.396633 0.396701 0.396814 0.396823 0.397010 0.000000 0.000000
0.000000 0.000000 0.401188 0.401237 0.401403 0.401365 0.401315 0.401149 0.401149 0.401110 0.401145 0.401133 0.401142 0.401150 0.401300 0.401337 0.401430 0.401264 0.401227 0.000000 0.000000
0.000000 0.000000 0.350000 0.350000 0.350000 0.350000 0.350000 0.350000 0.350000 0.350000 0.350000 0.350000 0.350000 0.350000 0.350000 0.350000 0.350000 0.350000 0.350000 0.000000 0.000000
0.000000 0.000000 0.000000 0.000000 0.000000 0.000000 0.000000 0.000000 0.000000 0.000000 0.000000 0.000000 0.000000 0.000000 0.000000 0.000000 0.000000 0.000000 0.000000 0.000000 0.000000