geotop/1.0zi/1.0Montebello/Templates/testdem/maps/_Eocclay4448.asc
ncols         21
nrows         20
xllcorner     100.000000
yllcorner     100.000000
cellsize      50.000000
NODATA_value  -9999.0
0.000000 0.000000 0.000000 0.000000 0.000000 0.000000 0.000000 0.000000 0.000000 0.000000 0.000000 0.000000 0.000000 0.000000 0.000000 0.000000 0.000000 0.000000 0.000000 0.000000 0.000000
0.000000 0.000000 0.349803 0.349803 0.349803 0.349803 0.349804 0.349803 0.349803 0.349803 0.349803 0.349803 0.349803 0.349803 0.349803 0.349803 0.349803 0.349803 0.349803 0.000000 0.000000
0.000000 0.000000 0.349993 0.349993 0.349993 0.349993 0.349993 0.349993 0.349993 0.349993 0.349993 0.349993 0.349993 0.349993 0.349993 0.349993 0.349993 0.349993 0.349993 0.000000 0.000000
0.000000 0.000000 0.349994 0.349996 0.349994 0.349995 0.349996 0.349996 0.349996 0.349995 0.349996 0.349995 0.349995 0.349994 0.349997 0.349998 0.349996 0.349997 0.349995 0.000000 0.000000
0.000000 0.000000 0.350339 0.350341 0.350340 0.350334 0.350326 0.350323 0.350324 0.350324 0.350323 0.350325 0.350321 0.350322 0.350327 0.350329 0.350332 0.350333 0.350337 0.000000 0.000000
0.000000 0.000000 0.351586 0.351587 0.351583 0.351568 0.351564 0.351551 0.351549 0.351545 0.351549 0.351550 0.351553 0.351554 0.351555 0.351562 0.351569 0.351576 0.351581 0.000000 0.000000
0.000000 0.000000 0.353444 0.353441 0.353439 0.353427 0.353413 0.353392 0.353392 0.353387 0.353391 0.353391 0.353392 0.353392 0.353407 0.353423 0.353432 0.353438 0.353444 0.000000 0.000000
0.000000 0.000000 0.355564 0.355564 0.355563 0.355548 0.355535 0.355515 0.355517 0.355514 0.355514 0.355514 0.355512 0.355511 0.355529 0.355544 0.355552 0.355557 0.355563 0.000000 0.000000
0.000000 0.000000 0.357681 0.357679 0.357676 0.357666 0.357653 0.357633 0.357635 0.357630 0.357631 0.357632 0.357629 0.357630 0.357646 0.357663 0.357671 0.357674 0.357681 0.000000 0.000000
0.000000 0.000000 0.359800 0.359797 0.359795 0.359785 0.359769 0.359750 0.359753 0.359750 0.359750 0.359751 0.359748 0.359746 0.359765 0.359783 0.359790 0.359794 0.359800 0.000000 0.000000
0.000000 0.000000 0.361961 0.361958 0.361956 0.361949 0.361937 0.361914 0.361917 0.361912 0.361912 0.361913 0.361910 0.361909 0.361925 0.361938 0.361947 0.361952 0.361959 0.000000 0.000000
0.000000 0.000000 0.364198 0.364195 0.364192 0.364179 0.364167 0.364145 0.364145 0.364142 0.364142 0.364141 0.364139 0.364137 0.364158 0.364174 0.364183 0.364187 0.364210 0.000000 0.000000
0.000000 0.000000 0.366464 0.366460 0.366457 0.366448 0.366432 0.366387 0.366388 0.366383 0.366383 0.366384 0.366380 0.366380 0.366420 0.366438 0.366447 0.366452 0.366466 0.000000 0.000000
0.000000 0.000000 0.368864 0.368857 0.368855 0.368846 0.368801 0.368789 0.368782 0.368779 0.368779 0.368780 0.368776 0.368775 0.368787 0.368833 0.368843 0.368853 0.368861 0.000000 0.000000
0.000000 0.000000 0.371453 0.371448 0.371437 0.371397 0.371376 0.371348 0.371334 0.371329 0.371322 0.371322 0.371323 0.371317 0.371339 0.371370 0.371422 0.371420 0.371427 0.000000 0.000000
0.000000 0.000000 0.374125 0.374120 0.374072 0.374064 0.374052 0.374037 0.374036 0.374035 0.374038 0.374037 0.374029 0.374037 0.374044 0.374057 0.374057 0.374112 0.374125 0.000000 0.000000
0.000000 0.000000 0.377097 0.377032 0.376993 0.376975 0.376942 0.376924 0.376920 0.376918 0.376910 0.376911 0.376910 0.376904 0.376917 0.376956 0.376981 0.377009 0.377074 0.000000 0.000000
0.000000 0.000000 0.379419 0.379406 0.379451 0.379428 0.379399 0.379333 0.379328 0.379321 0.379324 0.379323 0.379318 0.379322 0.379380 0.379414 0.379452 0.379395 0.379421 0.000000 0.000000
0.000000 0.000000 0.350000 0.350000 0.350000 0.350000 0.350000 0.350000 0.350000 0.350000 0.350000 0.350000 0.350000 0.350000 0.350000 0.350000 0.350000 0.350000 0.350000 0.000000 0.000000
0.000000 0.000000 0.000000 0.000000 0.000000 0.000000 0.000000 0.000000 0.000000 0.000000 0.000000 0.000000 0.000000 0.000000 0.000000 0.000000 0.000000 0.000000 0.000000 0.000000 0.000000