geotop/1.0zi/1.0Montebello/Templates/testdem/maps/_Eocclay9859.asc
ncols         21
nrows         20
xllcorner     100.000000
yllcorner     100.000000
cellsize      50.000000
NODATA_value  -9999.0
0.000000 0.000000 0.000000 0.000000 0.000000 0.000000 0.000000 0.000000 0.000000 0.000000 0.000000 0.000000 0.000000 0.000000 0.000000 0.000000 0.000000 0.000000 0.000000 0.000000 0.000000
0.000000 0.000000 0.349549 0.349552 0.349552 0.349551 0.349553 0.349553 0.349552 0.349552 0.349551 0.349552 0.349552 0.349552 0.349552 0.349552 0.349550 0.349551 0.349552 0.000000 0.000000
0.000000 0.000000 0.349981 0.349979 0.349979 0.349981 0.349979 0.349979 0.349979 0.349979 0.349979 0.349979 0.349979 0.349979 0.349980 0.349980 0.349981 0.349980 0.349979 0.000000 0.000000
0.000000 0.000000 0.350040 0.350045 0.350042 0.350038 0.350039 0.350039 0.350043 0.350040 0.350043 0.350041 0.350041 0.350040 0.350043 0.350046 0.350045 0.350046 0.350043 0.000000 0.000000
0.000000 0.000000 0.351483 0.351477 0.351470 0.351458 0.351440 0.351437 0.351434 0.351436 0.351434 0.351438 0.351439 0.351440 0.351450 0.351455 0.351465 0.351469 0.351478 0.000000 0.000000
0.000000 0.000000 0.355435 0.355429 0.355406 0.355370 0.355339 0.355307 0.355313 0.355306 0.355306 0.355305 0.355312 0.355310 0.355326 0.355358 0.355373 0.355386 0.355391 0.000000 0.000000
0.000000 0.000000 0.360734 0.360723 0.360708 0.360672 0.360632 0.360574 0.360574 0.360568 0.360564 0.360565 0.360566 0.360566 0.360615 0.360650 0.360670 0.360683 0.360691 0.000000 0.000000
0.000000 0.000000 0.367039 0.367025 0.367008 0.366962 0.366917 0.366864 0.366865 0.366858 0.366853 0.366850 0.366848 0.366858 0.366902 0.366939 0.366972 0.366981 0.366995 0.000000 0.000000
0.000000 0.000000 0.373961 0.373943 0.373918 0.373883 0.373832 0.373771 0.373777 0.373764 0.373756 0.373754 0.373757 0.373754 0.373814 0.373860 0.373886 0.373896 0.373908 0.000000 0.000000
0.000000 0.000000 0.381650 0.381623 0.381604 0.381566 0.381508 0.381444 0.381445 0.381436 0.381422 0.381428 0.381436 0.381432 0.381482 0.381542 0.381572 0.381584 0.381590 0.000000 0.000000
0.000000 0.000000 0.390457 0.390434 0.390414 0.390331 0.390304 0.390216 0.390234 0.390191 0.390194 0.390188 0.390174 0.390198 0.390254 0.390291 0.390335 0.390350 0.390388 0.000000 0.000000
0.000000 0.000000 0.400782 0.400736 0.400683 0.400643 0.400597 0.400487 0.400485 0.400479 0.400492 0.400453 0.400471 0.400465 0.400566 0.400624 0.400647 0.400661 0.400738 0.000000 0.000000
0.000000 0.000000 0.412486 0.412443 0.412430 0.412348 0.412292 0.411998 0.411993 0.411973 0.411868 0.411932 0.411939 0.411964 0.412185 0.412234 0.412342 0.412347 0.412365 0.000000 0.000000
0.000000 0.000000 0.427072 0.427051 0.426956 0.426898 0.426482 0.426633 0.426544 0.426543 0.426599 0.426541 0.426531 0.426486 0.426350 0.426809 0.426824 0.426930 0.426994 0.000000 0.000000
0.000000 0.000000 0.443669 0.443619 0.443537 0.442998 0.443235 0.442895 0.442821 0.442785 0.442661 0.442622 0.442684 0.442687 0.442990 0.442762 0.443465 0.443297 0.443269 0.000000 0.000000
0.000000 0.000000 0.458423 0.458394 0.457811 0.458130 0.458019 0.458052 0.458312 0.458244 0.458384 0.458361 0.458249 0.458387 0.458300 0.458403 0.457724 0.458622 0.458609 0.000000 0.000000
0.000000 0.000000 0.471267 0.470800 0.470944 0.470739 0.470498 0.470420 0.470269 0.470303 0.470145 0.470164 0.470255 0.470160 0.470289 0.470470 0.470906 0.470572 0.471057 0.000000 0.000000
0.000000 0.000000 0.476074 0.476221 0.476500 0.476436 0.476384 0.476119 0.476126 0.476062 0.476139 0.476120 0.476124 0.476140 0.476371 0.476414 0.476520 0.476242 0.476098 0.000000 0.000000
0.000000 0.000000 0.350000 0.350000 0.350000 0.350000 0.350000 0.350000 0.350000 0.350000 0.350000 0.350000 0.350000 0.350000 0.350000 0.350000 0.350000 0.350000 0.350000 0.000000 0.000000
0.000000 0.000000 0.000000 0.000000 0.000000 0.000000 0.000000 0.000000 0.000000 0.000000 0.000000 0.000000 0.000000 0.000000 0.000000 0.000000 0.000000 0.000000 0.000000 0.000000 0.000000