geotop/1.0zi/1.0Montebello/Templates/testdem/maps/_Eocclay2987.asc
ncols         21
nrows         20
xllcorner     100.000000
yllcorner     100.000000
cellsize      50.000000
NODATA_value  -9999.0
0.000000 0.000000 0.000000 0.000000 0.000000 0.000000 0.000000 0.000000 0.000000 0.000000 0.000000 0.000000 0.000000 0.000000 0.000000 0.000000 0.000000 0.000000 0.000000 0.000000 0.000000
0.000000 0.000000 0.349827 0.349827 0.349827 0.349827 0.349827 0.349827 0.349827 0.349827 0.349826 0.349827 0.349827 0.349827 0.349827 0.349827 0.349827 0.349827 0.349827 0.000000 0.000000
0.000000 0.000000 0.349995 0.349995 0.349995 0.349995 0.349995 0.349995 0.349995 0.349995 0.349996 0.349995 0.349995 0.349995 0.349995 0.349995 0.349995 0.349995 0.349995 0.000000 0.000000
0.000000 0.000000 0.351091 0.351091 0.351089 0.351090 0.351091 0.351091 0.351091 0.351091 0.351092 0.351091 0.351091 0.351091 0.351091 0.351090 0.351089 0.351091 0.351091 0.000000 0.000000
0.000000 0.000000 0.355727 0.355726 0.355724 0.355724 0.355728 0.355727 0.355727 0.355728 0.355729 0.355728 0.355727 0.355727 0.355728 0.355724 0.355724 0.355726 0.355727 0.000000 0.000000
0.000000 0.000000 0.360912 0.360912 0.360910 0.360910 0.360913 0.360912 0.360912 0.360913 0.360914 0.360913 0.360912 0.360912 0.360913 0.360910 0.360910 0.360912 0.360912 0.000000 0.000000
0.000000 0.000000 0.365770 0.365770 0.365768 0.365769 0.365771 0.365770 0.365770 0.365771 0.365771 0.365771 0.365770 0.365770 0.365771 0.365769 0.365768 0.365770 0.365770 0.000000 0.000000
0.000000 0.000000 0.370195 0.370194 0.370193 0.370193 0.370195 0.370194 0.370194 0.370195 0.370196 0.370195 0.370194 0.370194 0.370195 0.370193 0.370193 0.370194 0.370195 0.000000 0.000000
0.000000 0.000000 0.374292 0.374292 0.374291 0.374291 0.374293 0.374292 0.374292 0.374293 0.374293 0.374293 0.374292 0.374292 0.374293 0.374291 0.374291 0.374292 0.374292 0.000000 0.000000
0.000000 0.000000 0.378160 0.378160 0.378159 0.378159 0.378161 0.378160 0.378160 0.378161 0.378161 0.378161 0.378160 0.378160 0.378161 0.378159 0.378159 0.378160 0.378160 0.000000 0.000000
0.000000 0.000000 0.381844 0.381844 0.381842 0.381843 0.381844 0.381844 0.381844 0.381844 0.381845 0.381844 0.381844 0.381844 0.381844 0.381843 0.381842 0.381844 0.381844 0.000000 0.000000
0.000000 0.000000 0.385379 0.385378 0.385377 0.385378 0.385379 0.385378 0.385378 0.385379 0.385379 0.385379 0.385378 0.385378 0.385379 0.385378 0.385377 0.385378 0.385379 0.000000 0.000000
0.000000 0.000000 0.388793 0.388792 0.388791 0.388792 0.388793 0.388792 0.388793 0.388793 0.388793 0.388793 0.388793 0.388792 0.388793 0.388792 0.388791 0.388792 0.388793 0.000000 0.000000
0.000000 0.000000 0.392112 0.392112 0.392111 0.392111 0.392112 0.392112 0.392112 0.392113 0.392113 0.392113 0.392112 0.392112 0.392112 0.392111 0.392111 0.392112 0.392112 0.000000 0.000000
0.000000 0.000000 0.395343 0.395343 0.395342 0.395342 0.395343 0.395343 0.395343 0.395344 0.395344 0.395344 0.395343 0.395343 0.395343 0.395342 0.395342 0.395343 0.395343 0.000000 0.000000
0.000000 0.000000 0.398492 0.398492 0.398491 0.398491 0.398492 0.398492 0.398492 0.398492 0.398493 0.398492 0.398492 0.398492 0.398492 0.398491 0.398491 0.398492 0.398492 0.000000 0.000000
0.000000 0.000000 0.401569 0.401568 0.401567 0.401568 0.401569 0.401568 0.401568 0.401569 0.401569 0.401569 0.401568 0.401568 0.401569 0.401568 0.401567 0.401568 0.401569 0.000000 0.000000
0.000000 0.000000 0.404637 0.404638 0.404636 0.404637 0.404638 0.404638 0.404638 0.404638 0.404638 0.404638 0.404638 0.404638 0.404638 0.404637 0.404636 0.404638 0.404638 0.000000 0.000000
0.000000 0.000000 0.350000 0.350000 0.350000 0.350000 0.350000 0.350000 0.350000 0.350000 0.350000 0.350000 0.350000 0.350000 0.350000 0.350000 0.350000 0.350000 0.350000 0.000000 0.000000
0.000000 0.000000 0.000000 0.000000 0.000000 0.000000 0.000000 0.000000 0.000000 0.000000 0.000000 0.000000 0.000000 0.000000 0.000000 0.000000 0.000000 0.000000 0.000000 0.000000 0.000000