geotop/1.0zi/1.0Montebello/Templates/testdem/maps/_Eocsilt6941.asc
ncols         21
nrows         20
xllcorner     100.000000
yllcorner     100.000000
cellsize      50.000000
NODATA_value  -9999.0
0.000000 0.000000 0.000000 0.000000 0.000000 0.000000 0.000000 0.000000 0.000000 0.000000 0.000000 0.000000 0.000000 0.000000 0.000000 0.000000 0.000000 0.000000 0.000000 0.000000 0.000000
0.000000 0.000000 0.350138 0.350139 0.350139 0.350140 0.350139 0.350140 0.350140 0.350139 0.350140 0.350139 0.350139 0.350139 0.350139 0.350139 0.350140 0.350140 0.350139 0.000000 0.000000
0.000000 0.000000 0.350003 0.350002 0.350003 0.350003 0.350003 0.350003 0.350003 0.350003 0.350003 0.350003 0.350004 0.350004 0.350003 0.350003 0.350001 0.350001 0.350002 0.000000 0.000000
0.000000 0.000000 0.350060 0.350057 0.350055 0.350050 0.350051 0.350049 0.350051 0.350052 0.350050 0.350050 0.350050 0.350050 0.350052 0.350055 0.350058 0.350059 0.350059 0.000000 0.000000
0.000000 0.000000 0.350723 0.350729 0.350725 0.350717 0.350713 0.350706 0.350705 0.350702 0.350703 0.350705 0.350706 0.350707 0.350716 0.350720 0.350719 0.350727 0.350731 0.000000 0.000000
0.000000 0.000000 0.352727 0.352729 0.352720 0.352707 0.352692 0.352674 0.352673 0.352668 0.352672 0.352674 0.352675 0.352673 0.352681 0.352691 0.352700 0.352705 0.352711 0.000000 0.000000
0.000000 0.000000 0.355716 0.355713 0.355704 0.355682 0.355655 0.355628 0.355629 0.355626 0.355628 0.355627 0.355624 0.355628 0.355650 0.355673 0.355686 0.355698 0.355706 0.000000 0.000000
0.000000 0.000000 0.359307 0.359307 0.359302 0.359280 0.359254 0.359224 0.359224 0.359221 0.359220 0.359218 0.359217 0.359221 0.359247 0.359271 0.359291 0.359295 0.359307 0.000000 0.000000
0.000000 0.000000 0.363107 0.363100 0.363088 0.363073 0.363047 0.363013 0.363014 0.363007 0.363005 0.363004 0.363005 0.363004 0.363037 0.363065 0.363081 0.363089 0.363099 0.000000 0.000000
0.000000 0.000000 0.367003 0.366996 0.366990 0.366977 0.366941 0.366910 0.366912 0.366907 0.366902 0.366906 0.366910 0.366907 0.366934 0.366966 0.366984 0.366988 0.366996 0.000000 0.000000
0.000000 0.000000 0.371089 0.371084 0.371079 0.371049 0.371025 0.370991 0.370998 0.370979 0.370982 0.370982 0.370976 0.370987 0.371010 0.371030 0.371052 0.371063 0.371080 0.000000 0.000000
0.000000 0.000000 0.375481 0.375470 0.375457 0.375437 0.375412 0.375369 0.375369 0.375361 0.375371 0.375359 0.375362 0.375365 0.375407 0.375428 0.375443 0.375450 0.375491 0.000000 0.000000
0.000000 0.000000 0.380088 0.380076 0.380070 0.380046 0.380024 0.379927 0.379926 0.379918 0.379896 0.379907 0.379914 0.379922 0.379995 0.380017 0.380053 0.380056 0.380082 0.000000 0.000000
0.000000 0.000000 0.385243 0.385238 0.385220 0.385202 0.385096 0.385084 0.385061 0.385060 0.385060 0.385059 0.385057 0.385053 0.385055 0.385167 0.385193 0.385221 0.385250 0.000000 0.000000
0.000000 0.000000 0.391087 0.391079 0.391054 0.390931 0.390913 0.390853 0.390816 0.390809 0.390790 0.390774 0.390788 0.390781 0.390836 0.390867 0.391032 0.391014 0.391028 0.000000 0.000000
0.000000 0.000000 0.397418 0.397409 0.397239 0.397242 0.397235 0.397199 0.397247 0.397225 0.397250 0.397233 0.397210 0.397249 0.397270 0.397281 0.397220 0.397443 0.397445 0.000000 0.000000
0.000000 0.000000 0.405014 0.404763 0.404737 0.404659 0.404535 0.404493 0.404453 0.404459 0.404398 0.404398 0.404429 0.404405 0.404465 0.404560 0.404723 0.404694 0.404952 0.000000 0.000000
0.000000 0.000000 0.409636 0.409757 0.409992 0.409955 0.409910 0.409686 0.409693 0.409637 0.409703 0.409686 0.409690 0.409706 0.409906 0.409940 0.410032 0.409808 0.409699 0.000000 0.000000
0.000000 0.000000 0.350000 0.350000 0.350000 0.350000 0.350000 0.350000 0.350000 0.350000 0.350000 0.350000 0.350000 0.350000 0.350000 0.350000 0.350000 0.350000 0.350000 0.000000 0.000000
0.000000 0.000000 0.000000 0.000000 0.000000 0.000000 0.000000 0.000000 0.000000 0.000000 0.000000 0.000000 0.000000 0.000000 0.000000 0.000000 0.000000 0.000000 0.000000 0.000000 0.000000