geotop/1.0zi/1.0Montebello/Templates/testdem/maps/_Eocsilt7242.asc
ncols         21
nrows         20
xllcorner     100.000000
yllcorner     100.000000
cellsize      50.000000
NODATA_value  -9999.0
0.000000 0.000000 0.000000 0.000000 0.000000 0.000000 0.000000 0.000000 0.000000 0.000000 0.000000 0.000000 0.000000 0.000000 0.000000 0.000000 0.000000 0.000000 0.000000 0.000000 0.000000
0.000000 0.000000 0.350148 0.350148 0.350149 0.350149 0.350148 0.350149 0.350149 0.350149 0.350149 0.350148 0.350148 0.350148 0.350148 0.350148 0.350149 0.350149 0.350148 0.000000 0.000000
0.000000 0.000000 0.350004 0.350003 0.350003 0.350003 0.350004 0.350003 0.350004 0.350004 0.350004 0.350004 0.350004 0.350004 0.350004 0.350003 0.350002 0.350002 0.350003 0.000000 0.000000
0.000000 0.000000 0.350063 0.350059 0.350058 0.350052 0.350053 0.350050 0.350053 0.350053 0.350050 0.350052 0.350052 0.350052 0.350054 0.350056 0.350060 0.350061 0.350061 0.000000 0.000000
0.000000 0.000000 0.350805 0.350811 0.350806 0.350798 0.350793 0.350786 0.350784 0.350782 0.350783 0.350783 0.350784 0.350785 0.350796 0.350800 0.350800 0.350808 0.350813 0.000000 0.000000
0.000000 0.000000 0.352993 0.352994 0.352985 0.352971 0.352954 0.352933 0.352933 0.352927 0.352932 0.352932 0.352933 0.352932 0.352942 0.352953 0.352963 0.352970 0.352976 0.000000 0.000000
0.000000 0.000000 0.356192 0.356189 0.356179 0.356156 0.356127 0.356097 0.356099 0.356095 0.356096 0.356095 0.356092 0.356097 0.356121 0.356145 0.356160 0.356173 0.356181 0.000000 0.000000
0.000000 0.000000 0.360016 0.360015 0.360010 0.359986 0.359959 0.359926 0.359927 0.359922 0.359922 0.359919 0.359917 0.359923 0.359951 0.359976 0.359998 0.360003 0.360015 0.000000 0.000000
0.000000 0.000000 0.364080 0.364072 0.364059 0.364044 0.364015 0.363978 0.363980 0.363971 0.363970 0.363968 0.363969 0.363968 0.364004 0.364034 0.364051 0.364060 0.364071 0.000000 0.000000
0.000000 0.000000 0.368274 0.368267 0.368260 0.368246 0.368206 0.368172 0.368174 0.368169 0.368164 0.368167 0.368171 0.368169 0.368199 0.368232 0.368252 0.368258 0.368266 0.000000 0.000000
0.000000 0.000000 0.372705 0.372700 0.372693 0.372661 0.372635 0.372596 0.372605 0.372584 0.372587 0.372586 0.372579 0.372592 0.372618 0.372639 0.372663 0.372676 0.372695 0.000000 0.000000
0.000000 0.000000 0.377503 0.377490 0.377475 0.377454 0.377425 0.377378 0.377378 0.377370 0.377381 0.377365 0.377369 0.377373 0.377419 0.377443 0.377459 0.377469 0.377512 0.000000 0.000000
0.000000 0.000000 0.382570 0.382558 0.382551 0.382524 0.382499 0.382389 0.382388 0.382380 0.382354 0.382366 0.382373 0.382383 0.382466 0.382490 0.382530 0.382535 0.382562 0.000000 0.000000
0.000000 0.000000 0.388303 0.388298 0.388277 0.388258 0.388134 0.388123 0.388099 0.388097 0.388099 0.388094 0.388092 0.388088 0.388089 0.388218 0.388245 0.388279 0.388311 0.000000 0.000000
0.000000 0.000000 0.394869 0.394859 0.394831 0.394686 0.394671 0.394599 0.394560 0.394551 0.394528 0.394507 0.394524 0.394519 0.394586 0.394613 0.394806 0.394785 0.394798 0.000000 0.000000
0.000000 0.000000 0.402017 0.402006 0.401802 0.401818 0.401807 0.401768 0.401831 0.401804 0.401836 0.401815 0.401787 0.401836 0.401858 0.401870 0.401780 0.402054 0.402054 0.000000 0.000000
0.000000 0.000000 0.410708 0.410399 0.410390 0.410292 0.410135 0.410084 0.410029 0.410038 0.409959 0.409960 0.410001 0.409968 0.410045 0.410161 0.410373 0.410308 0.410627 0.000000 0.000000
0.000000 0.000000 0.415570 0.415758 0.416045 0.416010 0.415969 0.415694 0.415712 0.415641 0.415732 0.415708 0.415707 0.415733 0.415976 0.416005 0.416093 0.415831 0.415656 0.000000 0.000000
0.000000 0.000000 0.350000 0.350000 0.350000 0.350000 0.350000 0.350000 0.350000 0.350000 0.350000 0.350000 0.350000 0.350000 0.350000 0.350000 0.350000 0.350000 0.350000 0.000000 0.000000
0.000000 0.000000 0.000000 0.000000 0.000000 0.000000 0.000000 0.000000 0.000000 0.000000 0.000000 0.000000 0.000000 0.000000 0.000000 0.000000 0.000000 0.000000 0.000000 0.000000 0.000000