geotop/1.0zi/1.0Montebello/Templates/testdem/maps/_Eocclay8464.asc
ncols         21
nrows         20
xllcorner     100.000000
yllcorner     100.000000
cellsize      50.000000
NODATA_value  -9999.0
0.000000 0.000000 0.000000 0.000000 0.000000 0.000000 0.000000 0.000000 0.000000 0.000000 0.000000 0.000000 0.000000 0.000000 0.000000 0.000000 0.000000 0.000000 0.000000 0.000000 0.000000
0.000000 0.000000 0.349613 0.349614 0.349614 0.349613 0.349615 0.349615 0.349615 0.349615 0.349614 0.349615 0.349615 0.349615 0.349615 0.349615 0.349613 0.349613 0.349614 0.000000 0.000000
0.000000 0.000000 0.349982 0.349981 0.349981 0.349983 0.349981 0.349981 0.349981 0.349981 0.349981 0.349981 0.349981 0.349981 0.349981 0.349982 0.349983 0.349982 0.349980 0.000000 0.000000
0.000000 0.000000 0.350006 0.350010 0.350008 0.350005 0.350009 0.350006 0.350008 0.350005 0.350008 0.350006 0.350006 0.350005 0.350007 0.350008 0.350007 0.350010 0.350008 0.000000 0.000000
0.000000 0.000000 0.351040 0.351034 0.351031 0.351025 0.351008 0.351007 0.351004 0.351005 0.351003 0.351005 0.351002 0.351005 0.351015 0.351016 0.351025 0.351028 0.351037 0.000000 0.000000
0.000000 0.000000 0.354094 0.354092 0.354075 0.354044 0.354027 0.354002 0.354004 0.353997 0.354002 0.354001 0.354007 0.354005 0.354017 0.354038 0.354053 0.354066 0.354072 0.000000 0.000000
0.000000 0.000000 0.358271 0.358265 0.358257 0.358230 0.358196 0.358155 0.358154 0.358149 0.358150 0.358152 0.358152 0.358153 0.358188 0.358218 0.358235 0.358248 0.358256 0.000000 0.000000
0.000000 0.000000 0.363218 0.363213 0.363204 0.363172 0.363140 0.363095 0.363095 0.363089 0.363089 0.363087 0.363085 0.363094 0.363131 0.363157 0.363185 0.363193 0.363207 0.000000 0.000000
0.000000 0.000000 0.368504 0.368493 0.368479 0.368458 0.368422 0.368376 0.368380 0.368369 0.368367 0.368366 0.368367 0.368365 0.368410 0.368445 0.368467 0.368476 0.368488 0.000000 0.000000
0.000000 0.000000 0.374151 0.374138 0.374130 0.374109 0.374057 0.374016 0.374016 0.374010 0.374004 0.374009 0.374015 0.374012 0.374050 0.374092 0.374118 0.374127 0.374135 0.000000 0.000000
0.000000 0.000000 0.380359 0.380352 0.380343 0.380295 0.380261 0.380207 0.380221 0.380191 0.380197 0.380195 0.380185 0.380203 0.380240 0.380265 0.380299 0.380317 0.380340 0.000000 0.000000
0.000000 0.000000 0.387311 0.387289 0.387268 0.387242 0.387197 0.387135 0.387129 0.387124 0.387138 0.387115 0.387124 0.387125 0.387192 0.387227 0.387248 0.387262 0.387317 0.000000 0.000000
0.000000 0.000000 0.394904 0.394881 0.394879 0.394830 0.394796 0.394623 0.394620 0.394612 0.394563 0.394592 0.394600 0.394615 0.394748 0.394779 0.394846 0.394851 0.394878 0.000000 0.000000
0.000000 0.000000 0.403926 0.403920 0.403884 0.403852 0.403629 0.403656 0.403611 0.403611 0.403629 0.403611 0.403608 0.403591 0.403565 0.403799 0.403829 0.403891 0.403932 0.000000 0.000000
0.000000 0.000000 0.414664 0.414640 0.414594 0.414306 0.414345 0.414199 0.414135 0.414121 0.414069 0.414039 0.414071 0.414065 0.414207 0.414181 0.414563 0.414498 0.414502 0.000000 0.000000
0.000000 0.000000 0.426424 0.426403 0.425985 0.426121 0.426083 0.426055 0.426219 0.426169 0.426257 0.426230 0.426159 0.426262 0.426259 0.426285 0.425945 0.426561 0.426551 0.000000 0.000000
0.000000 0.000000 0.440915 0.440262 0.440435 0.440176 0.439852 0.439755 0.439563 0.439607 0.439406 0.439428 0.439544 0.439425 0.439594 0.439833 0.440409 0.440003 0.440680 0.000000 0.000000
0.000000 0.000000 0.445466 0.446095 0.446624 0.446636 0.446683 0.446173 0.446269 0.446116 0.446375 0.446324 0.446281 0.446368 0.446789 0.446753 0.446721 0.446324 0.445704 0.000000 0.000000
0.000000 0.000000 0.350000 0.350000 0.350000 0.350000 0.350000 0.350000 0.350000 0.350000 0.350000 0.350000 0.350000 0.350000 0.350000 0.350000 0.350000 0.350000 0.350000 0.000000 0.000000
0.000000 0.000000 0.000000 0.000000 0.000000 0.000000 0.000000 0.000000 0.000000 0.000000 0.000000 0.000000 0.000000 0.000000 0.000000 0.000000 0.000000 0.000000 0.000000 0.000000 0.000000