geotop/1.0zi/1.0Montebello/Templates/testdem/maps/_Eocclay0342.asc
ncols         21
nrows         20
xllcorner     100.000000
yllcorner     100.000000
cellsize      50.000000
NODATA_value  -9999.0
0.000000 0.000000 0.000000 0.000000 0.000000 0.000000 0.000000 0.000000 0.000000 0.000000 0.000000 0.000000 0.000000 0.000000 0.000000 0.000000 0.000000 0.000000 0.000000 0.000000 0.000000
0.000000 0.000000 0.349978 0.349978 0.349978 0.349978 0.349978 0.349978 0.349978 0.349978 0.349978 0.349978 0.349978 0.349978 0.349978 0.349978 0.349978 0.349978 0.349978 0.000000 0.000000
0.000000 0.000000 0.349999 0.349998 0.349998 0.349998 0.349998 0.349999 0.349998 0.349998 0.349998 0.349998 0.349998 0.349999 0.349998 0.349998 0.349998 0.349998 0.349999 0.000000 0.000000
0.000000 0.000000 0.350261 0.350261 0.350259 0.350261 0.350261 0.350261 0.350261 0.350261 0.350261 0.350261 0.350261 0.350261 0.350261 0.350261 0.350259 0.350261 0.350261 0.000000 0.000000
0.000000 0.000000 0.350945 0.350945 0.350942 0.350944 0.350945 0.350945 0.350945 0.350945 0.350945 0.350945 0.350945 0.350945 0.350945 0.350944 0.350942 0.350945 0.350945 0.000000 0.000000
0.000000 0.000000 0.351566 0.351566 0.351564 0.351566 0.351566 0.351566 0.351566 0.351566 0.351566 0.351566 0.351566 0.351566 0.351566 0.351566 0.351564 0.351566 0.351566 0.000000 0.000000
0.000000 0.000000 0.352135 0.352135 0.352133 0.352135 0.352135 0.352135 0.352135 0.352135 0.352135 0.352135 0.352135 0.352135 0.352135 0.352135 0.352133 0.352135 0.352135 0.000000 0.000000
0.000000 0.000000 0.352659 0.352659 0.352658 0.352659 0.352659 0.352659 0.352659 0.352659 0.352659 0.352659 0.352659 0.352659 0.352659 0.352659 0.352658 0.352659 0.352659 0.000000 0.000000
0.000000 0.000000 0.353152 0.353152 0.353150 0.353151 0.353152 0.353152 0.353152 0.353152 0.353152 0.353152 0.353152 0.353152 0.353152 0.353151 0.353150 0.353152 0.353152 0.000000 0.000000
0.000000 0.000000 0.353626 0.353626 0.353624 0.353626 0.353626 0.353626 0.353626 0.353626 0.353626 0.353626 0.353626 0.353626 0.353626 0.353626 0.353624 0.353626 0.353626 0.000000 0.000000
0.000000 0.000000 0.354086 0.354086 0.354084 0.354085 0.354086 0.354086 0.354086 0.354086 0.354086 0.354086 0.354086 0.354086 0.354086 0.354085 0.354084 0.354086 0.354086 0.000000 0.000000
0.000000 0.000000 0.354535 0.354535 0.354533 0.354535 0.354535 0.354535 0.354535 0.354535 0.354535 0.354535 0.354535 0.354535 0.354535 0.354535 0.354533 0.354535 0.354535 0.000000 0.000000
0.000000 0.000000 0.354974 0.354974 0.354973 0.354974 0.354974 0.354974 0.354974 0.354974 0.354974 0.354974 0.354974 0.354974 0.354974 0.354974 0.354973 0.354974 0.354974 0.000000 0.000000
0.000000 0.000000 0.355404 0.355404 0.355403 0.355404 0.355404 0.355404 0.355404 0.355404 0.355404 0.355404 0.355404 0.355404 0.355404 0.355404 0.355403 0.355404 0.355404 0.000000 0.000000
0.000000 0.000000 0.355829 0.355829 0.355827 0.355829 0.355829 0.355829 0.355829 0.355829 0.355829 0.355829 0.355829 0.355829 0.355829 0.355829 0.355827 0.355829 0.355829 0.000000 0.000000
0.000000 0.000000 0.356252 0.356252 0.356251 0.356252 0.356252 0.356252 0.356252 0.356252 0.356252 0.356252 0.356252 0.356252 0.356252 0.356252 0.356251 0.356252 0.356252 0.000000 0.000000
0.000000 0.000000 0.356670 0.356670 0.356669 0.356670 0.356670 0.356670 0.356670 0.356670 0.356670 0.356670 0.356670 0.356670 0.356670 0.356670 0.356669 0.356670 0.356670 0.000000 0.000000
0.000000 0.000000 0.357106 0.357107 0.357105 0.357106 0.357107 0.357107 0.357107 0.357107 0.357107 0.357107 0.357107 0.357107 0.357107 0.357106 0.357105 0.357107 0.357107 0.000000 0.000000
0.000000 0.000000 0.350000 0.350000 0.350000 0.350000 0.350000 0.350000 0.350000 0.350000 0.350000 0.350000 0.350000 0.350000 0.350000 0.350000 0.350000 0.350000 0.350000 0.000000 0.000000
0.000000 0.000000 0.000000 0.000000 0.000000 0.000000 0.000000 0.000000 0.000000 0.000000 0.000000 0.000000 0.000000 0.000000 0.000000 0.000000 0.000000 0.000000 0.000000 0.000000 0.000000