geotop/1.0zi/1.0Montebello/Templates/testdem/maps/_Eocclay8158.asc
ncols         21
nrows         20
xllcorner     100.000000
yllcorner     100.000000
cellsize      50.000000
NODATA_value  -9999.0
0.000000 0.000000 0.000000 0.000000 0.000000 0.000000 0.000000 0.000000 0.000000 0.000000 0.000000 0.000000 0.000000 0.000000 0.000000 0.000000 0.000000 0.000000 0.000000 0.000000 0.000000
0.000000 0.000000 0.349622 0.349624 0.349624 0.349623 0.349625 0.349625 0.349624 0.349625 0.349623 0.349625 0.349625 0.349624 0.349625 0.349624 0.349622 0.349623 0.349623 0.000000 0.000000
0.000000 0.000000 0.349984 0.349983 0.349983 0.349985 0.349983 0.349983 0.349983 0.349983 0.349982 0.349982 0.349983 0.349982 0.349983 0.349984 0.349984 0.349984 0.349982 0.000000 0.000000
0.000000 0.000000 0.350004 0.350009 0.350006 0.350004 0.350007 0.350004 0.350006 0.350003 0.350007 0.350004 0.350004 0.350003 0.350005 0.350006 0.350005 0.350009 0.350006 0.000000 0.000000
0.000000 0.000000 0.351016 0.351013 0.351009 0.351005 0.350989 0.350987 0.350984 0.350987 0.350983 0.350984 0.350980 0.350984 0.350994 0.350996 0.351004 0.351007 0.351015 0.000000 0.000000
0.000000 0.000000 0.353941 0.353940 0.353927 0.353898 0.353883 0.353858 0.353858 0.353851 0.353855 0.353854 0.353857 0.353858 0.353869 0.353890 0.353906 0.353920 0.353926 0.000000 0.000000
0.000000 0.000000 0.357921 0.357918 0.357908 0.357884 0.357852 0.357813 0.357812 0.357806 0.357807 0.357808 0.357808 0.357809 0.357843 0.357873 0.357890 0.357903 0.357912 0.000000 0.000000
0.000000 0.000000 0.362641 0.362638 0.362629 0.362599 0.362568 0.362525 0.362524 0.362520 0.362519 0.362516 0.362514 0.362523 0.362559 0.362586 0.362612 0.362622 0.362635 0.000000 0.000000
0.000000 0.000000 0.367651 0.367644 0.367629 0.367610 0.367577 0.367534 0.367536 0.367526 0.367524 0.367521 0.367522 0.367521 0.367564 0.367599 0.367620 0.367630 0.367640 0.000000 0.000000
0.000000 0.000000 0.372974 0.372964 0.372956 0.372936 0.372888 0.372847 0.372847 0.372842 0.372836 0.372839 0.372845 0.372843 0.372880 0.372920 0.372946 0.372954 0.372963 0.000000 0.000000
0.000000 0.000000 0.378785 0.378779 0.378769 0.378728 0.378694 0.378646 0.378655 0.378630 0.378633 0.378632 0.378623 0.378640 0.378674 0.378699 0.378731 0.378749 0.378771 0.000000 0.000000
0.000000 0.000000 0.385243 0.385227 0.385206 0.385179 0.385141 0.385081 0.385076 0.385070 0.385083 0.385062 0.385068 0.385071 0.385133 0.385165 0.385187 0.385200 0.385254 0.000000 0.000000
0.000000 0.000000 0.392245 0.392229 0.392221 0.392182 0.392147 0.391990 0.391988 0.391978 0.391937 0.391959 0.391968 0.391982 0.392102 0.392134 0.392194 0.392201 0.392227 0.000000 0.000000
0.000000 0.000000 0.400478 0.400474 0.400439 0.400412 0.400214 0.400229 0.400188 0.400189 0.400201 0.400189 0.400183 0.400175 0.400156 0.400362 0.400395 0.400450 0.400489 0.000000 0.000000
0.000000 0.000000 0.410213 0.410195 0.410154 0.409902 0.409924 0.409798 0.409741 0.409726 0.409684 0.409654 0.409682 0.409677 0.409799 0.409792 0.410126 0.410076 0.410083 0.000000 0.000000
0.000000 0.000000 0.420921 0.420906 0.420537 0.420638 0.420610 0.420576 0.420714 0.420670 0.420742 0.420716 0.420656 0.420748 0.420754 0.420775 0.420507 0.421037 0.421030 0.000000 0.000000
0.000000 0.000000 0.434285 0.433703 0.433824 0.433607 0.433315 0.433230 0.433071 0.433108 0.432934 0.432949 0.433048 0.432951 0.433098 0.433313 0.433804 0.433487 0.434095 0.000000 0.000000
0.000000 0.000000 0.439105 0.439660 0.440161 0.440167 0.440196 0.439717 0.439797 0.439656 0.439886 0.439840 0.439804 0.439883 0.440281 0.440260 0.440255 0.439865 0.439323 0.000000 0.000000
0.000000 0.000000 0.350000 0.350000 0.350000 0.350000 0.350000 0.350000 0.350000 0.350000 0.350000 0.350000 0.350000 0.350000 0.350000 0.350000 0.350000 0.350000 0.350000 0.000000 0.000000
0.000000 0.000000 0.000000 0.000000 0.000000 0.000000 0.000000 0.000000 0.000000 0.000000 0.000000 0.000000 0.000000 0.000000 0.000000 0.000000 0.000000 0.000000 0.000000 0.000000 0.000000