geotop/1.0zi/1.0Montebello/Templates/testdem/maps/_Eocclay6711.asc
ncols         21
nrows         20
xllcorner     100.000000
yllcorner     100.000000
cellsize      50.000000
NODATA_value  -9999.0
0.000000 0.000000 0.000000 0.000000 0.000000 0.000000 0.000000 0.000000 0.000000 0.000000 0.000000 0.000000 0.000000 0.000000 0.000000 0.000000 0.000000 0.000000 0.000000 0.000000 0.000000
0.000000 0.000000 0.349698 0.349699 0.349699 0.349698 0.349699 0.349699 0.349699 0.349699 0.349698 0.349699 0.349699 0.349699 0.349699 0.349699 0.349697 0.349697 0.349699 0.000000 0.000000
0.000000 0.000000 0.349988 0.349988 0.349988 0.349989 0.349987 0.349987 0.349987 0.349987 0.349987 0.349987 0.349988 0.349986 0.349988 0.349988 0.349989 0.349989 0.349986 0.000000 0.000000
0.000000 0.000000 0.349981 0.349985 0.349982 0.349983 0.349984 0.349984 0.349986 0.349982 0.349987 0.349984 0.349985 0.349984 0.349983 0.349985 0.349984 0.349986 0.349985 0.000000 0.000000
0.000000 0.000000 0.350650 0.350648 0.350646 0.350644 0.350630 0.350628 0.350628 0.350631 0.350628 0.350629 0.350624 0.350627 0.350635 0.350635 0.350639 0.350640 0.350647 0.000000 0.000000
0.000000 0.000000 0.352638 0.352638 0.352629 0.352604 0.352596 0.352576 0.352577 0.352572 0.352575 0.352575 0.352577 0.352578 0.352584 0.352600 0.352611 0.352623 0.352629 0.000000 0.000000
0.000000 0.000000 0.355550 0.355548 0.355542 0.355522 0.355498 0.355467 0.355467 0.355462 0.355463 0.355465 0.355465 0.355465 0.355489 0.355514 0.355526 0.355536 0.355544 0.000000 0.000000
0.000000 0.000000 0.359041 0.359041 0.359035 0.359011 0.358987 0.358954 0.358954 0.358951 0.358951 0.358949 0.358947 0.358953 0.358979 0.359001 0.359020 0.359027 0.359039 0.000000 0.000000
0.000000 0.000000 0.362659 0.362655 0.362645 0.362630 0.362606 0.362573 0.362575 0.362568 0.362566 0.362565 0.362565 0.362564 0.362595 0.362623 0.362638 0.362644 0.362654 0.000000 0.000000
0.000000 0.000000 0.366384 0.366377 0.366372 0.366359 0.366323 0.366294 0.366295 0.366291 0.366286 0.366289 0.366294 0.366291 0.366317 0.366348 0.366366 0.366371 0.366378 0.000000 0.000000
0.000000 0.000000 0.370313 0.370308 0.370303 0.370276 0.370252 0.370218 0.370226 0.370208 0.370209 0.370209 0.370204 0.370215 0.370236 0.370255 0.370278 0.370289 0.370305 0.000000 0.000000
0.000000 0.000000 0.374514 0.374504 0.374493 0.374472 0.374449 0.374408 0.374408 0.374400 0.374409 0.374396 0.374399 0.374402 0.374441 0.374461 0.374477 0.374484 0.374524 0.000000 0.000000
0.000000 0.000000 0.378913 0.378903 0.378897 0.378874 0.378853 0.378760 0.378759 0.378752 0.378731 0.378741 0.378748 0.378756 0.378825 0.378846 0.378881 0.378884 0.378911 0.000000 0.000000
0.000000 0.000000 0.383815 0.383810 0.383794 0.383777 0.383678 0.383663 0.383642 0.383641 0.383639 0.383638 0.383637 0.383633 0.383637 0.383742 0.383768 0.383795 0.383824 0.000000 0.000000
0.000000 0.000000 0.389348 0.389340 0.389318 0.389205 0.389184 0.389129 0.389093 0.389087 0.389067 0.389053 0.389066 0.389060 0.389108 0.389142 0.389296 0.389280 0.389295 0.000000 0.000000
0.000000 0.000000 0.395322 0.395314 0.395160 0.395154 0.395147 0.395116 0.395159 0.395138 0.395159 0.395141 0.395122 0.395157 0.395173 0.395184 0.395141 0.395342 0.395344 0.000000 0.000000
0.000000 0.000000 0.402450 0.402225 0.402191 0.402124 0.402013 0.401973 0.401941 0.401945 0.401890 0.401888 0.401915 0.401896 0.401951 0.402036 0.402177 0.402167 0.402398 0.000000 0.000000
0.000000 0.000000 0.407007 0.407094 0.407309 0.407268 0.407220 0.407017 0.407020 0.406971 0.407023 0.407008 0.407014 0.407026 0.407208 0.407247 0.407343 0.407135 0.407060 0.000000 0.000000
0.000000 0.000000 0.350000 0.350000 0.350000 0.350000 0.350000 0.350000 0.350000 0.350000 0.350000 0.350000 0.350000 0.350000 0.350000 0.350000 0.350000 0.350000 0.350000 0.000000 0.000000
0.000000 0.000000 0.000000 0.000000 0.000000 0.000000 0.000000 0.000000 0.000000 0.000000 0.000000 0.000000 0.000000 0.000000 0.000000 0.000000 0.000000 0.000000 0.000000 0.000000 0.000000