geotop/1.0zi/1.0Montebello/Templates/testdem/maps/_Eocsilt1693.asc
ncols         21
nrows         20
xllcorner     100.000000
yllcorner     100.000000
cellsize      50.000000
NODATA_value  -9999.0
0.000000 0.000000 0.000000 0.000000 0.000000 0.000000 0.000000 0.000000 0.000000 0.000000 0.000000 0.000000 0.000000 0.000000 0.000000 0.000000 0.000000 0.000000 0.000000 0.000000 0.000000
0.000000 0.000000 0.350038 0.350038 0.350038 0.350038 0.350038 0.350038 0.350038 0.350038 0.350038 0.350038 0.350038 0.350038 0.350038 0.350038 0.350038 0.350038 0.350038 0.000000 0.000000
0.000000 0.000000 0.349998 0.349998 0.349998 0.349998 0.349998 0.349998 0.349998 0.349998 0.349998 0.349998 0.349998 0.349998 0.349998 0.349998 0.349998 0.349998 0.349998 0.000000 0.000000
0.000000 0.000000 0.350653 0.350653 0.350651 0.350652 0.350654 0.350654 0.350653 0.350654 0.350654 0.350654 0.350653 0.350654 0.350654 0.350652 0.350651 0.350653 0.350653 0.000000 0.000000
0.000000 0.000000 0.352974 0.352973 0.352971 0.352971 0.352974 0.352974 0.352973 0.352974 0.352974 0.352974 0.352973 0.352974 0.352974 0.352971 0.352971 0.352973 0.352974 0.000000 0.000000
0.000000 0.000000 0.355859 0.355859 0.355857 0.355857 0.355860 0.355859 0.355859 0.355860 0.355860 0.355860 0.355859 0.355859 0.355860 0.355857 0.355857 0.355859 0.355859 0.000000 0.000000
0.000000 0.000000 0.358512 0.358512 0.358510 0.358511 0.358513 0.358512 0.358512 0.358513 0.358513 0.358513 0.358512 0.358512 0.358513 0.358511 0.358510 0.358512 0.358512 0.000000 0.000000
0.000000 0.000000 0.360949 0.360948 0.360947 0.360947 0.360949 0.360949 0.360949 0.360949 0.360949 0.360949 0.360949 0.360949 0.360949 0.360947 0.360947 0.360948 0.360949 0.000000 0.000000
0.000000 0.000000 0.363231 0.363231 0.363229 0.363230 0.363232 0.363231 0.363231 0.363232 0.363231 0.363232 0.363231 0.363231 0.363232 0.363230 0.363229 0.363231 0.363231 0.000000 0.000000
0.000000 0.000000 0.365415 0.365414 0.365413 0.365414 0.365415 0.365415 0.365415 0.365415 0.365415 0.365415 0.365415 0.365415 0.365415 0.365414 0.365413 0.365414 0.365415 0.000000 0.000000
0.000000 0.000000 0.367523 0.367522 0.367521 0.367522 0.367523 0.367523 0.367523 0.367523 0.367523 0.367523 0.367523 0.367523 0.367523 0.367522 0.367521 0.367522 0.367523 0.000000 0.000000
0.000000 0.000000 0.369575 0.369574 0.369573 0.369574 0.369575 0.369575 0.369575 0.369575 0.369575 0.369575 0.369575 0.369575 0.369575 0.369574 0.369573 0.369574 0.369575 0.000000 0.000000
0.000000 0.000000 0.371586 0.371585 0.371584 0.371585 0.371586 0.371586 0.371586 0.371586 0.371586 0.371586 0.371586 0.371586 0.371586 0.371585 0.371584 0.371585 0.371586 0.000000 0.000000
0.000000 0.000000 0.373556 0.373556 0.373555 0.373555 0.373556 0.373556 0.373556 0.373556 0.373556 0.373556 0.373556 0.373556 0.373556 0.373555 0.373555 0.373556 0.373556 0.000000 0.000000
0.000000 0.000000 0.375495 0.375495 0.375494 0.375494 0.375495 0.375495 0.375495 0.375495 0.375495 0.375495 0.375495 0.375495 0.375495 0.375494 0.375494 0.375495 0.375495 0.000000 0.000000
0.000000 0.000000 0.377409 0.377409 0.377408 0.377408 0.377410 0.377409 0.377409 0.377410 0.377410 0.377410 0.377409 0.377409 0.377410 0.377408 0.377408 0.377409 0.377409 0.000000 0.000000
0.000000 0.000000 0.379300 0.379299 0.379298 0.379299 0.379300 0.379300 0.379300 0.379300 0.379300 0.379300 0.379300 0.379300 0.379300 0.379299 0.379298 0.379299 0.379300 0.000000 0.000000
0.000000 0.000000 0.381202 0.381202 0.381200 0.381201 0.381202 0.381202 0.381202 0.381202 0.381202 0.381202 0.381202 0.381202 0.381202 0.381201 0.381200 0.381202 0.381202 0.000000 0.000000
0.000000 0.000000 0.350000 0.350000 0.350000 0.350000 0.350000 0.350000 0.350000 0.350000 0.350000 0.350000 0.350000 0.350000 0.350000 0.350000 0.350000 0.350000 0.350000 0.000000 0.000000
0.000000 0.000000 0.000000 0.000000 0.000000 0.000000 0.000000 0.000000 0.000000 0.000000 0.000000 0.000000 0.000000 0.000000 0.000000 0.000000 0.000000 0.000000 0.000000 0.000000 0.000000