geotop/1.0zi/1.0Montebello/Templates/testdem/maps/_Eocsilt1040.asc
ncols         21
nrows         20
xllcorner     100.000000
yllcorner     100.000000
cellsize      50.000000
NODATA_value  -9999.0
0.000000 0.000000 0.000000 0.000000 0.000000 0.000000 0.000000 0.000000 0.000000 0.000000 0.000000 0.000000 0.000000 0.000000 0.000000 0.000000 0.000000 0.000000 0.000000 0.000000 0.000000
0.000000 0.000000 0.350019 0.350019 0.350019 0.350019 0.350019 0.350019 0.350019 0.350019 0.350019 0.350019 0.350019 0.350019 0.350019 0.350019 0.350019 0.350019 0.350019 0.000000 0.000000
0.000000 0.000000 0.350001 0.350001 0.350001 0.350001 0.350001 0.350001 0.350001 0.350001 0.350001 0.350001 0.350001 0.350001 0.350001 0.350001 0.350001 0.350001 0.350001 0.000000 0.000000
0.000000 0.000000 0.350460 0.350459 0.350457 0.350458 0.350460 0.350460 0.350460 0.350460 0.350460 0.350460 0.350460 0.350460 0.350460 0.350458 0.350457 0.350459 0.350460 0.000000 0.000000
0.000000 0.000000 0.351957 0.351956 0.351954 0.351953 0.351957 0.351956 0.351956 0.351957 0.351957 0.351957 0.351956 0.351956 0.351957 0.351953 0.351954 0.351956 0.351957 0.000000 0.000000
0.000000 0.000000 0.353740 0.353739 0.353738 0.353738 0.353740 0.353740 0.353740 0.353740 0.353740 0.353740 0.353740 0.353740 0.353740 0.353738 0.353738 0.353739 0.353740 0.000000 0.000000
0.000000 0.000000 0.355379 0.355379 0.355377 0.355378 0.355380 0.355379 0.355379 0.355380 0.355380 0.355380 0.355379 0.355379 0.355380 0.355378 0.355377 0.355379 0.355379 0.000000 0.000000
0.000000 0.000000 0.356887 0.356887 0.356885 0.356885 0.356887 0.356887 0.356887 0.356887 0.356887 0.356887 0.356887 0.356887 0.356887 0.356885 0.356885 0.356887 0.356887 0.000000 0.000000
0.000000 0.000000 0.358301 0.358301 0.358299 0.358300 0.358301 0.358301 0.358301 0.358301 0.358301 0.358301 0.358301 0.358301 0.358301 0.358300 0.358299 0.358301 0.358301 0.000000 0.000000
0.000000 0.000000 0.359658 0.359657 0.359656 0.359656 0.359658 0.359658 0.359658 0.359658 0.359658 0.359658 0.359658 0.359658 0.359658 0.359656 0.359656 0.359657 0.359658 0.000000 0.000000
0.000000 0.000000 0.360970 0.360970 0.360969 0.360969 0.360970 0.360970 0.360970 0.360970 0.360970 0.360970 0.360970 0.360970 0.360970 0.360969 0.360969 0.360970 0.360970 0.000000 0.000000
0.000000 0.000000 0.362253 0.362253 0.362251 0.362252 0.362253 0.362253 0.362253 0.362253 0.362253 0.362253 0.362253 0.362253 0.362253 0.362252 0.362251 0.362253 0.362253 0.000000 0.000000
0.000000 0.000000 0.363515 0.363515 0.363514 0.363514 0.363515 0.363515 0.363515 0.363515 0.363515 0.363515 0.363515 0.363515 0.363515 0.363514 0.363514 0.363515 0.363515 0.000000 0.000000
0.000000 0.000000 0.364757 0.364757 0.364756 0.364756 0.364757 0.364757 0.364757 0.364757 0.364757 0.364757 0.364757 0.364757 0.364757 0.364756 0.364756 0.364757 0.364757 0.000000 0.000000
0.000000 0.000000 0.365986 0.365985 0.365984 0.365984 0.365986 0.365986 0.365986 0.365986 0.365986 0.365986 0.365986 0.365986 0.365986 0.365984 0.365984 0.365985 0.365986 0.000000 0.000000
0.000000 0.000000 0.367205 0.367205 0.367204 0.367204 0.367205 0.367205 0.367205 0.367205 0.367205 0.367205 0.367205 0.367205 0.367205 0.367204 0.367204 0.367205 0.367205 0.000000 0.000000
0.000000 0.000000 0.368412 0.368411 0.368410 0.368410 0.368412 0.368412 0.368412 0.368412 0.368412 0.368412 0.368412 0.368412 0.368412 0.368410 0.368410 0.368411 0.368412 0.000000 0.000000
0.000000 0.000000 0.369643 0.369643 0.369642 0.369642 0.369643 0.369643 0.369643 0.369643 0.369643 0.369643 0.369643 0.369643 0.369643 0.369642 0.369642 0.369643 0.369643 0.000000 0.000000
0.000000 0.000000 0.350000 0.350000 0.350000 0.350000 0.350000 0.350000 0.350000 0.350000 0.350000 0.350000 0.350000 0.350000 0.350000 0.350000 0.350000 0.350000 0.350000 0.000000 0.000000
0.000000 0.000000 0.000000 0.000000 0.000000 0.000000 0.000000 0.000000 0.000000 0.000000 0.000000 0.000000 0.000000 0.000000 0.000000 0.000000 0.000000 0.000000 0.000000 0.000000 0.000000