geotop/1.0zi/1.0Montebello/Templates/testdem/maps/_Eocclay1659.asc
ncols         21
nrows         20
xllcorner     100.000000
yllcorner     100.000000
cellsize      50.000000
NODATA_value  -9999.0
0.000000 0.000000 0.000000 0.000000 0.000000 0.000000 0.000000 0.000000 0.000000 0.000000 0.000000 0.000000 0.000000 0.000000 0.000000 0.000000 0.000000 0.000000 0.000000 0.000000 0.000000
0.000000 0.000000 0.349910 0.349910 0.349910 0.349910 0.349910 0.349910 0.349910 0.349910 0.349910 0.349910 0.349910 0.349910 0.349910 0.349910 0.349910 0.349910 0.349910 0.000000 0.000000
0.000000 0.000000 0.349993 0.349993 0.349993 0.349993 0.349993 0.349993 0.349993 0.349993 0.349993 0.349993 0.349993 0.349993 0.349993 0.349993 0.349993 0.349993 0.349993 0.000000 0.000000
0.000000 0.000000 0.350629 0.350629 0.350627 0.350628 0.350629 0.350629 0.350629 0.350629 0.350629 0.350629 0.350629 0.350629 0.350629 0.350628 0.350627 0.350629 0.350629 0.000000 0.000000
0.000000 0.000000 0.353151 0.353150 0.353148 0.353148 0.353152 0.353151 0.353151 0.353152 0.353152 0.353152 0.353151 0.353151 0.353152 0.353148 0.353148 0.353150 0.353151 0.000000 0.000000
0.000000 0.000000 0.355973 0.355972 0.355971 0.355971 0.355974 0.355973 0.355973 0.355974 0.355973 0.355974 0.355973 0.355973 0.355974 0.355971 0.355971 0.355972 0.355973 0.000000 0.000000
0.000000 0.000000 0.358652 0.358652 0.358651 0.358651 0.358653 0.358652 0.358652 0.358653 0.358653 0.358653 0.358652 0.358652 0.358653 0.358651 0.358651 0.358652 0.358652 0.000000 0.000000
0.000000 0.000000 0.361118 0.361118 0.361117 0.361117 0.361119 0.361118 0.361118 0.361119 0.361119 0.361119 0.361118 0.361118 0.361119 0.361117 0.361117 0.361118 0.361118 0.000000 0.000000
0.000000 0.000000 0.363428 0.363427 0.363426 0.363427 0.363428 0.363428 0.363428 0.363428 0.363428 0.363428 0.363428 0.363428 0.363428 0.363427 0.363426 0.363427 0.363428 0.000000 0.000000
0.000000 0.000000 0.365637 0.365637 0.365636 0.365636 0.365638 0.365637 0.365637 0.365638 0.365638 0.365638 0.365637 0.365637 0.365638 0.365636 0.365636 0.365637 0.365637 0.000000 0.000000
0.000000 0.000000 0.367770 0.367770 0.367769 0.367769 0.367771 0.367770 0.367770 0.367771 0.367771 0.367771 0.367770 0.367770 0.367771 0.367769 0.367769 0.367770 0.367770 0.000000 0.000000
0.000000 0.000000 0.369847 0.369847 0.369846 0.369846 0.369848 0.369847 0.369847 0.369848 0.369848 0.369848 0.369847 0.369847 0.369848 0.369846 0.369846 0.369847 0.369847 0.000000 0.000000
0.000000 0.000000 0.371883 0.371883 0.371882 0.371882 0.371884 0.371883 0.371883 0.371884 0.371884 0.371884 0.371883 0.371883 0.371884 0.371882 0.371882 0.371883 0.371883 0.000000 0.000000
0.000000 0.000000 0.373879 0.373879 0.373877 0.373878 0.373879 0.373879 0.373879 0.373879 0.373879 0.373879 0.373879 0.373879 0.373879 0.373878 0.373877 0.373879 0.373879 0.000000 0.000000
0.000000 0.000000 0.375843 0.375843 0.375842 0.375842 0.375844 0.375843 0.375843 0.375844 0.375844 0.375844 0.375843 0.375843 0.375844 0.375842 0.375842 0.375843 0.375843 0.000000 0.000000
0.000000 0.000000 0.377783 0.377783 0.377782 0.377782 0.377784 0.377783 0.377783 0.377784 0.377784 0.377784 0.377783 0.377783 0.377784 0.377782 0.377782 0.377783 0.377783 0.000000 0.000000
0.000000 0.000000 0.379700 0.379700 0.379698 0.379699 0.379700 0.379700 0.379700 0.379700 0.379700 0.379700 0.379700 0.379700 0.379700 0.379699 0.379698 0.379700 0.379700 0.000000 0.000000
0.000000 0.000000 0.381633 0.381633 0.381632 0.381632 0.381634 0.381633 0.381633 0.381633 0.381633 0.381633 0.381633 0.381633 0.381634 0.381632 0.381632 0.381633 0.381633 0.000000 0.000000
0.000000 0.000000 0.350000 0.350000 0.350000 0.350000 0.350000 0.350000 0.350000 0.350000 0.350000 0.350000 0.350000 0.350000 0.350000 0.350000 0.350000 0.350000 0.350000 0.000000 0.000000
0.000000 0.000000 0.000000 0.000000 0.000000 0.000000 0.000000 0.000000 0.000000 0.000000 0.000000 0.000000 0.000000 0.000000 0.000000 0.000000 0.000000 0.000000 0.000000 0.000000 0.000000