geotop/1.0zi/1.0Montebello/Templates/testdem/maps/_Eocsand9900.asc
ncols         21
nrows         20
xllcorner     100.000000
yllcorner     100.000000
cellsize      50.000000
NODATA_value  -9999.0
0.000000 0.000000 0.000000 0.000000 0.000000 0.000000 0.000000 0.000000 0.000000 0.000000 0.000000 0.000000 0.000000 0.000000 0.000000 0.000000 0.000000 0.000000 0.000000 0.000000 0.000000
0.000000 0.000000 0.300245 0.300242 0.300242 0.300243 0.300242 0.300242 0.300242 0.300242 0.300243 0.300243 0.300243 0.300243 0.300242 0.300242 0.300243 0.300243 0.300243 0.000000 0.000000
0.000000 0.000000 0.300011 0.300013 0.300012 0.300011 0.300012 0.300013 0.300012 0.300012 0.300012 0.300012 0.300012 0.300012 0.300012 0.300012 0.300013 0.300013 0.300014 0.000000 0.000000
0.000000 0.000000 0.299810 0.299808 0.299817 0.299825 0.299824 0.299830 0.299822 0.299824 0.299824 0.299823 0.299821 0.299823 0.299818 0.299811 0.299808 0.299805 0.299807 0.000000 0.000000
0.000000 0.000000 0.297013 0.297013 0.297030 0.297063 0.297091 0.297101 0.297101 0.297101 0.297105 0.297098 0.297092 0.297093 0.297069 0.297055 0.297040 0.297031 0.297018 0.000000 0.000000
0.000000 0.000000 0.289312 0.289324 0.289362 0.289430 0.289495 0.289554 0.289550 0.289559 0.289562 0.289562 0.289550 0.289556 0.289520 0.289464 0.289437 0.289417 0.289404 0.000000 0.000000
0.000000 0.000000 0.278660 0.278683 0.278715 0.278794 0.278876 0.278991 0.278988 0.278995 0.279007 0.279008 0.279009 0.279005 0.278910 0.278843 0.278802 0.278773 0.278758 0.000000 0.000000
0.000000 0.000000 0.266007 0.266035 0.266067 0.266161 0.266253 0.266356 0.266353 0.266365 0.266379 0.266385 0.266389 0.266372 0.266285 0.266209 0.266142 0.266128 0.266099 0.000000 0.000000
0.000000 0.000000 0.252072 0.252111 0.252162 0.252236 0.252340 0.252464 0.252452 0.252474 0.252494 0.252498 0.252492 0.252499 0.252376 0.252285 0.252233 0.252211 0.252186 0.000000 0.000000
0.000000 0.000000 0.236621 0.236675 0.236716 0.236795 0.236910 0.237041 0.237038 0.237053 0.237084 0.237073 0.237058 0.237065 0.236965 0.236846 0.236785 0.236762 0.236750 0.000000 0.000000
0.000000 0.000000 0.218965 0.219011 0.219050 0.219224 0.219279 0.219453 0.219416 0.219499 0.219498 0.219511 0.219539 0.219493 0.219380 0.219305 0.219218 0.219189 0.219112 0.000000 0.000000
0.000000 0.000000 0.198258 0.198352 0.198458 0.198541 0.198635 0.198856 0.198861 0.198867 0.198847 0.198925 0.198888 0.198902 0.198698 0.198582 0.198536 0.198510 0.198357 0.000000 0.000000
0.000000 0.000000 0.174830 0.174918 0.174943 0.175109 0.175225 0.175814 0.175824 0.175860 0.176074 0.175946 0.175936 0.175886 0.175443 0.175345 0.175129 0.175120 0.175086 0.000000 0.000000
0.000000 0.000000 0.145812 0.145851 0.146047 0.146161 0.146990 0.146685 0.146861 0.146858 0.146745 0.146867 0.146884 0.146978 0.147251 0.146343 0.146318 0.146108 0.145982 0.000000 0.000000
0.000000 0.000000 0.113431 0.113530 0.113682 0.114726 0.114257 0.114918 0.115056 0.115123 0.115373 0.115443 0.115329 0.115317 0.114734 0.115179 0.113824 0.114151 0.114205 0.000000 0.000000
0.000000 0.000000 0.085793 0.085847 0.086889 0.086334 0.086531 0.086481 0.086020 0.086142 0.085897 0.085937 0.086137 0.085892 0.086040 0.085856 0.087049 0.085453 0.085476 0.000000 0.000000
0.000000 0.000000 0.063331 0.064025 0.063896 0.064158 0.064533 0.064615 0.064806 0.064764 0.064981 0.064956 0.064836 0.064958 0.064806 0.064522 0.063961 0.064330 0.063610 0.000000 0.000000
0.000000 0.000000 0.053052 0.053083 0.052671 0.052830 0.053001 0.053349 0.053398 0.053464 0.053432 0.053449 0.053407 0.053426 0.053097 0.052966 0.052663 0.053149 0.053110 0.000000 0.000000
0.000000 0.000000 0.300000 0.300000 0.300000 0.300000 0.300000 0.300000 0.300000 0.300000 0.300000 0.300000 0.300000 0.300000 0.300000 0.300000 0.300000 0.300000 0.300000 0.000000 0.000000
0.000000 0.000000 0.000000 0.000000 0.000000 0.000000 0.000000 0.000000 0.000000 0.000000 0.000000 0.000000 0.000000 0.000000 0.000000 0.000000 0.000000 0.000000 0.000000 0.000000 0.000000