geotop/1.0zi/1.0Montebello/Templates/testdem/maps/_Eocsilt6930.asc
ncols         21
nrows         20
xllcorner     100.000000
yllcorner     100.000000
cellsize      50.000000
NODATA_value  -9999.0
0.000000 0.000000 0.000000 0.000000 0.000000 0.000000 0.000000 0.000000 0.000000 0.000000 0.000000 0.000000 0.000000 0.000000 0.000000 0.000000 0.000000 0.000000 0.000000 0.000000 0.000000
0.000000 0.000000 0.350137 0.350138 0.350138 0.350139 0.350138 0.350138 0.350139 0.350138 0.350139 0.350138 0.350138 0.350138 0.350138 0.350138 0.350139 0.350139 0.350138 0.000000 0.000000
0.000000 0.000000 0.350003 0.350002 0.350003 0.350003 0.350003 0.350003 0.350003 0.350003 0.350003 0.350003 0.350004 0.350004 0.350003 0.350003 0.350001 0.350001 0.350002 0.000000 0.000000
0.000000 0.000000 0.350060 0.350057 0.350055 0.350050 0.350051 0.350049 0.350051 0.350052 0.350050 0.350050 0.350050 0.350050 0.350052 0.350055 0.350058 0.350059 0.350059 0.000000 0.000000
0.000000 0.000000 0.350718 0.350724 0.350720 0.350712 0.350708 0.350701 0.350700 0.350697 0.350698 0.350700 0.350701 0.350701 0.350711 0.350715 0.350714 0.350721 0.350726 0.000000 0.000000
0.000000 0.000000 0.352702 0.352704 0.352696 0.352682 0.352668 0.352649 0.352648 0.352643 0.352648 0.352649 0.352650 0.352648 0.352656 0.352666 0.352675 0.352681 0.352686 0.000000 0.000000
0.000000 0.000000 0.355673 0.355670 0.355660 0.355638 0.355612 0.355585 0.355586 0.355583 0.355584 0.355584 0.355580 0.355585 0.355606 0.355629 0.355643 0.355655 0.355663 0.000000 0.000000
0.000000 0.000000 0.359245 0.359244 0.359240 0.359217 0.359192 0.359162 0.359162 0.359158 0.359158 0.359156 0.359154 0.359159 0.359184 0.359208 0.359229 0.359233 0.359244 0.000000 0.000000
0.000000 0.000000 0.363024 0.363017 0.363005 0.362990 0.362965 0.362930 0.362932 0.362924 0.362922 0.362922 0.362923 0.362921 0.362954 0.362982 0.362999 0.363006 0.363017 0.000000 0.000000
0.000000 0.000000 0.366898 0.366891 0.366885 0.366872 0.366836 0.366805 0.366807 0.366802 0.366798 0.366801 0.366805 0.366802 0.366829 0.366861 0.366879 0.366883 0.366891 0.000000 0.000000
0.000000 0.000000 0.370958 0.370954 0.370948 0.370919 0.370895 0.370861 0.370868 0.370849 0.370852 0.370852 0.370846 0.370857 0.370880 0.370900 0.370922 0.370933 0.370950 0.000000 0.000000
0.000000 0.000000 0.375322 0.375310 0.375298 0.375278 0.375253 0.375210 0.375210 0.375202 0.375213 0.375201 0.375203 0.375206 0.375248 0.375269 0.375284 0.375291 0.375332 0.000000 0.000000
0.000000 0.000000 0.379896 0.379884 0.379878 0.379855 0.379833 0.379736 0.379735 0.379727 0.379705 0.379717 0.379723 0.379731 0.379804 0.379826 0.379861 0.379865 0.379891 0.000000 0.000000
0.000000 0.000000 0.385012 0.385006 0.384989 0.384971 0.384866 0.384853 0.384831 0.384830 0.384829 0.384828 0.384827 0.384823 0.384826 0.384937 0.384962 0.384990 0.385019 0.000000 0.000000
0.000000 0.000000 0.390809 0.390800 0.390776 0.390655 0.390636 0.390576 0.390540 0.390533 0.390514 0.390498 0.390512 0.390505 0.390560 0.390591 0.390754 0.390736 0.390750 0.000000 0.000000
0.000000 0.000000 0.397088 0.397078 0.396911 0.396910 0.396903 0.396870 0.396917 0.396895 0.396920 0.396903 0.396881 0.396919 0.396937 0.396949 0.396892 0.397113 0.397114 0.000000 0.000000
0.000000 0.000000 0.404615 0.404367 0.404340 0.404266 0.404144 0.404100 0.404061 0.404067 0.404006 0.404007 0.404037 0.404014 0.404076 0.404169 0.404327 0.404300 0.404555 0.000000 0.000000
0.000000 0.000000 0.409226 0.409339 0.409574 0.409535 0.409491 0.409270 0.409277 0.409222 0.409285 0.409269 0.409273 0.409288 0.409486 0.409522 0.409613 0.409389 0.409288 0.000000 0.000000
0.000000 0.000000 0.350000 0.350000 0.350000 0.350000 0.350000 0.350000 0.350000 0.350000 0.350000 0.350000 0.350000 0.350000 0.350000 0.350000 0.350000 0.350000 0.350000 0.000000 0.000000
0.000000 0.000000 0.000000 0.000000 0.000000 0.000000 0.000000 0.000000 0.000000 0.000000 0.000000 0.000000 0.000000 0.000000 0.000000 0.000000 0.000000 0.000000 0.000000 0.000000 0.000000