geotop/1.0zi/1.0Montebello/Templates/testdem/maps/_Eocclay2848.asc
ncols         21
nrows         20
xllcorner     100.000000
yllcorner     100.000000
cellsize      50.000000
NODATA_value  -9999.0
0.000000 0.000000 0.000000 0.000000 0.000000 0.000000 0.000000 0.000000 0.000000 0.000000 0.000000 0.000000 0.000000 0.000000 0.000000 0.000000 0.000000 0.000000 0.000000 0.000000 0.000000
0.000000 0.000000 0.349844 0.349844 0.349844 0.349844 0.349844 0.349844 0.349844 0.349844 0.349843 0.349844 0.349844 0.349844 0.349844 0.349844 0.349844 0.349844 0.349844 0.000000 0.000000
0.000000 0.000000 0.349993 0.349992 0.349992 0.349993 0.349992 0.349993 0.349993 0.349992 0.349993 0.349992 0.349993 0.349993 0.349992 0.349993 0.349992 0.349992 0.349993 0.000000 0.000000
0.000000 0.000000 0.350974 0.350974 0.350972 0.350973 0.350974 0.350974 0.350974 0.350974 0.350974 0.350974 0.350974 0.350974 0.350974 0.350973 0.350972 0.350974 0.350974 0.000000 0.000000
0.000000 0.000000 0.355232 0.355231 0.355229 0.355229 0.355233 0.355232 0.355232 0.355233 0.355234 0.355233 0.355232 0.355232 0.355233 0.355229 0.355229 0.355231 0.355232 0.000000 0.000000
0.000000 0.000000 0.360073 0.360073 0.360071 0.360071 0.360074 0.360073 0.360073 0.360074 0.360074 0.360074 0.360073 0.360073 0.360074 0.360071 0.360071 0.360073 0.360073 0.000000 0.000000
0.000000 0.000000 0.364638 0.364638 0.364636 0.364637 0.364639 0.364638 0.364638 0.364639 0.364639 0.364639 0.364638 0.364638 0.364639 0.364637 0.364636 0.364638 0.364638 0.000000 0.000000
0.000000 0.000000 0.368810 0.368809 0.368808 0.368808 0.368810 0.368809 0.368810 0.368810 0.368811 0.368810 0.368810 0.368809 0.368810 0.368808 0.368808 0.368809 0.368810 0.000000 0.000000
0.000000 0.000000 0.372683 0.372682 0.372681 0.372681 0.372683 0.372682 0.372682 0.372683 0.372683 0.372683 0.372682 0.372682 0.372683 0.372681 0.372681 0.372682 0.372683 0.000000 0.000000
0.000000 0.000000 0.376347 0.376347 0.376346 0.376346 0.376348 0.376347 0.376347 0.376348 0.376348 0.376348 0.376347 0.376347 0.376348 0.376346 0.376346 0.376347 0.376347 0.000000 0.000000
0.000000 0.000000 0.379847 0.379846 0.379845 0.379846 0.379847 0.379846 0.379846 0.379847 0.379847 0.379847 0.379846 0.379846 0.379847 0.379846 0.379845 0.379846 0.379847 0.000000 0.000000
0.000000 0.000000 0.383215 0.383214 0.383213 0.383214 0.383215 0.383215 0.383215 0.383215 0.383215 0.383215 0.383215 0.383215 0.383215 0.383214 0.383213 0.383214 0.383215 0.000000 0.000000
0.000000 0.000000 0.386477 0.386477 0.386475 0.386476 0.386477 0.386477 0.386477 0.386477 0.386478 0.386477 0.386477 0.386477 0.386477 0.386476 0.386475 0.386477 0.386477 0.000000 0.000000
0.000000 0.000000 0.389655 0.389654 0.389653 0.389654 0.389655 0.389654 0.389654 0.389655 0.389655 0.389655 0.389654 0.389654 0.389655 0.389654 0.389653 0.389654 0.389655 0.000000 0.000000
0.000000 0.000000 0.392757 0.392757 0.392756 0.392756 0.392757 0.392757 0.392757 0.392757 0.392758 0.392757 0.392757 0.392757 0.392757 0.392756 0.392756 0.392757 0.392757 0.000000 0.000000
0.000000 0.000000 0.395790 0.395790 0.395788 0.395789 0.395790 0.395790 0.395790 0.395790 0.395790 0.395790 0.395790 0.395790 0.395790 0.395789 0.395788 0.395790 0.395790 0.000000 0.000000
0.000000 0.000000 0.398757 0.398757 0.398756 0.398756 0.398758 0.398757 0.398757 0.398758 0.398758 0.398758 0.398757 0.398757 0.398758 0.398756 0.398756 0.398757 0.398757 0.000000 0.000000
0.000000 0.000000 0.401712 0.401713 0.401711 0.401712 0.401713 0.401713 0.401713 0.401713 0.401713 0.401713 0.401713 0.401713 0.401713 0.401712 0.401711 0.401713 0.401713 0.000000 0.000000
0.000000 0.000000 0.350000 0.350000 0.350000 0.350000 0.350000 0.350000 0.350000 0.350000 0.350000 0.350000 0.350000 0.350000 0.350000 0.350000 0.350000 0.350000 0.350000 0.000000 0.000000
0.000000 0.000000 0.000000 0.000000 0.000000 0.000000 0.000000 0.000000 0.000000 0.000000 0.000000 0.000000 0.000000 0.000000 0.000000 0.000000 0.000000 0.000000 0.000000 0.000000 0.000000