geotop/1.0zi/1.0Montebello/Templates/testdem/maps/_Eocclay054@.asc
ncols         21
nrows         20
xllcorner     100.000000
yllcorner     100.000000
cellsize      50.000000
NODATA_value  -9999.0
0.000000 0.000000 0.000000 0.000000 0.000000 0.000000 0.000000 0.000000 0.000000 0.000000 0.000000 0.000000 0.000000 0.000000 0.000000 0.000000 0.000000 0.000000 0.000000 0.000000 0.000000
0.000000 0.000000 0.349497 0.349500 0.349499 0.349498 0.349500 0.349501 0.349500 0.349500 0.349499 0.349500 0.349500 0.349500 0.349500 0.349500 0.349498 0.349499 0.349499 0.000000 0.000000
0.000000 0.000000 0.349980 0.349978 0.349977 0.349980 0.349977 0.349977 0.349977 0.349977 0.349977 0.349977 0.349977 0.349977 0.349978 0.349978 0.349979 0.349978 0.349977 0.000000 0.000000
0.000000 0.000000 0.350081 0.350091 0.350087 0.350083 0.350084 0.350084 0.350088 0.350086 0.350089 0.350086 0.350087 0.350085 0.350089 0.350092 0.350091 0.350090 0.350088 0.000000 0.000000
0.000000 0.000000 0.351865 0.351855 0.351846 0.351831 0.351811 0.351807 0.351804 0.351807 0.351804 0.351809 0.351809 0.351810 0.351820 0.351826 0.351839 0.351846 0.351855 0.000000 0.000000
0.000000 0.000000 0.356398 0.356393 0.356367 0.356323 0.356289 0.356255 0.356261 0.356256 0.356254 0.356254 0.356261 0.356258 0.356275 0.356310 0.356328 0.356343 0.356348 0.000000 0.000000
0.000000 0.000000 0.362430 0.362418 0.362401 0.362357 0.362312 0.362245 0.362247 0.362243 0.362237 0.362238 0.362239 0.362238 0.362290 0.362329 0.362353 0.362369 0.362377 0.000000 0.000000
0.000000 0.000000 0.369655 0.369641 0.369620 0.369563 0.369512 0.369452 0.369454 0.369449 0.369441 0.369438 0.369436 0.369446 0.369493 0.369535 0.369574 0.369585 0.369600 0.000000 0.000000
0.000000 0.000000 0.377735 0.377715 0.377682 0.377637 0.377578 0.377507 0.377515 0.377504 0.377492 0.377490 0.377493 0.377489 0.377556 0.377608 0.377639 0.377653 0.377665 0.000000 0.000000
0.000000 0.000000 0.386925 0.386894 0.386865 0.386813 0.386746 0.386669 0.386671 0.386665 0.386647 0.386654 0.386662 0.386658 0.386712 0.386781 0.386820 0.386836 0.386841 0.000000 0.000000
0.000000 0.000000 0.397740 0.397715 0.397687 0.397574 0.397543 0.397435 0.397459 0.397410 0.397412 0.397403 0.397385 0.397414 0.397478 0.397521 0.397577 0.397598 0.397644 0.000000 0.000000
0.000000 0.000000 0.410778 0.410721 0.410646 0.410596 0.410531 0.410394 0.410389 0.410396 0.410407 0.410356 0.410383 0.410368 0.410491 0.410567 0.410596 0.410616 0.410709 0.000000 0.000000
0.000000 0.000000 0.425690 0.425641 0.425628 0.425510 0.425432 0.425038 0.425034 0.425014 0.424861 0.424960 0.424961 0.424998 0.425281 0.425340 0.425492 0.425501 0.425503 0.000000 0.000000
0.000000 0.000000 0.443761 0.443747 0.443610 0.443542 0.442999 0.443266 0.443154 0.443166 0.443269 0.443169 0.443156 0.443086 0.442848 0.443445 0.443440 0.443583 0.443660 0.000000 0.000000
0.000000 0.000000 0.460802 0.460755 0.460687 0.460147 0.460442 0.460064 0.460009 0.459979 0.459837 0.459813 0.459872 0.459887 0.460211 0.459917 0.460622 0.460443 0.460404 0.000000 0.000000
0.000000 0.000000 0.472374 0.472353 0.471978 0.472125 0.472072 0.472060 0.472219 0.472178 0.472252 0.472237 0.472171 0.472256 0.472224 0.472272 0.471908 0.472456 0.472444 0.000000 0.000000
0.000000 0.000000 0.481222 0.481003 0.480967 0.480905 0.480783 0.480745 0.480718 0.480724 0.480670 0.480675 0.480699 0.480677 0.480723 0.480817 0.480927 0.480920 0.481137 0.000000 0.000000
0.000000 0.000000 0.485686 0.485758 0.485818 0.485823 0.485789 0.485666 0.485699 0.485663 0.485713 0.485702 0.485691 0.485714 0.485818 0.485839 0.485812 0.485788 0.485713 0.000000 0.000000
0.000000 0.000000 0.350000 0.350000 0.350000 0.350000 0.350000 0.350000 0.350000 0.350000 0.350000 0.350000 0.350000 0.350000 0.350000 0.350000 0.350000 0.350000 0.350000 0.000000 0.000000
0.000000 0.000000 0.000000 0.000000 0.000000 0.000000 0.000000 0.000000 0.000000 0.000000 0.000000 0.000000 0.000000 0.000000 0.000000 0.000000 0.000000 0.000000 0.000000 0.000000 0.000000