geotop/1.0zi/1.0Montebello/Templates/testdem/maps/_Eocsilt2650.asc
ncols         21
nrows         20
xllcorner     100.000000
yllcorner     100.000000
cellsize      50.000000
NODATA_value  -9999.0
0.000000 0.000000 0.000000 0.000000 0.000000 0.000000 0.000000 0.000000 0.000000 0.000000 0.000000 0.000000 0.000000 0.000000 0.000000 0.000000 0.000000 0.000000 0.000000 0.000000 0.000000
0.000000 0.000000 0.350063 0.350063 0.350063 0.350063 0.350063 0.350063 0.350063 0.350063 0.350062 0.350063 0.350063 0.350063 0.350063 0.350063 0.350063 0.350063 0.350063 0.000000 0.000000
0.000000 0.000000 0.349998 0.349997 0.349998 0.349998 0.349998 0.349998 0.349998 0.349998 0.349998 0.349998 0.349998 0.349998 0.349998 0.349998 0.349998 0.349997 0.349998 0.000000 0.000000
0.000000 0.000000 0.350877 0.350876 0.350874 0.350875 0.350877 0.350877 0.350876 0.350877 0.350877 0.350877 0.350876 0.350877 0.350877 0.350875 0.350874 0.350876 0.350877 0.000000 0.000000
0.000000 0.000000 0.354303 0.354302 0.354300 0.354301 0.354303 0.354302 0.354302 0.354304 0.354304 0.354304 0.354302 0.354302 0.354303 0.354301 0.354300 0.354302 0.354303 0.000000 0.000000
0.000000 0.000000 0.358761 0.358761 0.358759 0.358759 0.358762 0.358761 0.358761 0.358762 0.358762 0.358762 0.358761 0.358761 0.358762 0.358759 0.358759 0.358761 0.358761 0.000000 0.000000
0.000000 0.000000 0.362852 0.362851 0.362850 0.362850 0.362852 0.362852 0.362852 0.362852 0.362853 0.362852 0.362852 0.362852 0.362852 0.362850 0.362850 0.362851 0.362852 0.000000 0.000000
0.000000 0.000000 0.366583 0.366582 0.366581 0.366581 0.366583 0.366582 0.366582 0.366583 0.366583 0.366583 0.366582 0.366582 0.366583 0.366581 0.366581 0.366582 0.366583 0.000000 0.000000
0.000000 0.000000 0.370054 0.370054 0.370053 0.370053 0.370054 0.370054 0.370054 0.370055 0.370055 0.370055 0.370054 0.370054 0.370054 0.370053 0.370053 0.370054 0.370054 0.000000 0.000000
0.000000 0.000000 0.373346 0.373346 0.373345 0.373345 0.373347 0.373346 0.373346 0.373347 0.373347 0.373347 0.373346 0.373346 0.373347 0.373345 0.373345 0.373346 0.373346 0.000000 0.000000
0.000000 0.000000 0.376499 0.376499 0.376498 0.376498 0.376500 0.376499 0.376499 0.376500 0.376500 0.376500 0.376499 0.376499 0.376500 0.376498 0.376498 0.376499 0.376499 0.000000 0.000000
0.000000 0.000000 0.379543 0.379542 0.379541 0.379542 0.379543 0.379543 0.379543 0.379543 0.379543 0.379543 0.379543 0.379543 0.379543 0.379542 0.379541 0.379542 0.379543 0.000000 0.000000
0.000000 0.000000 0.382498 0.382498 0.382497 0.382497 0.382499 0.382498 0.382498 0.382499 0.382499 0.382499 0.382498 0.382498 0.382499 0.382497 0.382497 0.382498 0.382498 0.000000 0.000000
0.000000 0.000000 0.385381 0.385381 0.385380 0.385380 0.385381 0.385381 0.385381 0.385381 0.385382 0.385381 0.385381 0.385381 0.385381 0.385380 0.385380 0.385381 0.385381 0.000000 0.000000
0.000000 0.000000 0.388199 0.388199 0.388198 0.388199 0.388200 0.388199 0.388199 0.388200 0.388200 0.388200 0.388199 0.388199 0.388200 0.388199 0.388198 0.388199 0.388199 0.000000 0.000000
0.000000 0.000000 0.390960 0.390960 0.390958 0.390959 0.390960 0.390960 0.390960 0.390960 0.390960 0.390960 0.390960 0.390960 0.390960 0.390959 0.390958 0.390960 0.390960 0.000000 0.000000
0.000000 0.000000 0.393665 0.393665 0.393664 0.393664 0.393665 0.393665 0.393665 0.393665 0.393665 0.393665 0.393665 0.393665 0.393665 0.393664 0.393664 0.393665 0.393665 0.000000 0.000000
0.000000 0.000000 0.396351 0.396351 0.396350 0.396350 0.396351 0.396351 0.396351 0.396351 0.396352 0.396351 0.396351 0.396351 0.396351 0.396350 0.396350 0.396351 0.396351 0.000000 0.000000
0.000000 0.000000 0.350000 0.350000 0.350000 0.350000 0.350000 0.350000 0.350000 0.350000 0.350000 0.350000 0.350000 0.350000 0.350000 0.350000 0.350000 0.350000 0.350000 0.000000 0.000000
0.000000 0.000000 0.000000 0.000000 0.000000 0.000000 0.000000 0.000000 0.000000 0.000000 0.000000 0.000000 0.000000 0.000000 0.000000 0.000000 0.000000 0.000000 0.000000 0.000000 0.000000