geotop/1.0zi/1.0Montebello/Templates/testdem/maps/_Eocsilt165=.asc
ncols         21
nrows         20
xllcorner     100.000000
yllcorner     100.000000
cellsize      50.000000
NODATA_value  -9999.0
0.000000 0.000000 0.000000 0.000000 0.000000 0.000000 0.000000 0.000000 0.000000 0.000000 0.000000 0.000000 0.000000 0.000000 0.000000 0.000000 0.000000 0.000000 0.000000 0.000000 0.000000
0.000000 0.000000 0.350259 0.350260 0.350260 0.350260 0.350259 0.350259 0.350259 0.350259 0.350259 0.350259 0.350259 0.350259 0.350259 0.350259 0.350260 0.350260 0.350259 0.000000 0.000000
0.000000 0.000000 0.350013 0.350013 0.350013 0.350013 0.350014 0.350014 0.350014 0.350014 0.350014 0.350014 0.350015 0.350014 0.350013 0.350013 0.350011 0.350011 0.350013 0.000000 0.000000
0.000000 0.000000 0.350249 0.350247 0.350238 0.350234 0.350234 0.350224 0.350227 0.350228 0.350225 0.350229 0.350229 0.350232 0.350230 0.350234 0.350239 0.350244 0.350245 0.000000 0.000000
0.000000 0.000000 0.352199 0.352203 0.352191 0.352170 0.352157 0.352150 0.352148 0.352145 0.352141 0.352147 0.352152 0.352148 0.352163 0.352174 0.352181 0.352188 0.352194 0.000000 0.000000
0.000000 0.000000 0.357177 0.357169 0.357149 0.357115 0.357077 0.357047 0.357042 0.357035 0.357032 0.357034 0.357040 0.357035 0.357054 0.357084 0.357098 0.357111 0.357117 0.000000 0.000000
0.000000 0.000000 0.364132 0.364118 0.364092 0.364045 0.363995 0.363926 0.363922 0.363916 0.363909 0.363910 0.363907 0.363911 0.363962 0.364004 0.364030 0.364052 0.364059 0.000000 0.000000
0.000000 0.000000 0.372546 0.372529 0.372503 0.372441 0.372387 0.372319 0.372311 0.372303 0.372294 0.372293 0.372290 0.372298 0.372346 0.372396 0.372438 0.372448 0.372464 0.000000 0.000000
0.000000 0.000000 0.382242 0.382215 0.382173 0.382122 0.382058 0.381970 0.381966 0.381951 0.381939 0.381937 0.381941 0.381934 0.382008 0.382070 0.382104 0.382122 0.382136 0.000000 0.000000
0.000000 0.000000 0.393599 0.393558 0.393517 0.393461 0.393385 0.393292 0.393276 0.393268 0.393246 0.393255 0.393270 0.393264 0.393321 0.393404 0.393447 0.393468 0.393472 0.000000 0.000000
0.000000 0.000000 0.407368 0.407327 0.407290 0.407148 0.407118 0.406983 0.407001 0.406933 0.406942 0.406931 0.406904 0.406942 0.407012 0.407064 0.407129 0.407156 0.407214 0.000000 0.000000
0.000000 0.000000 0.424244 0.424157 0.424052 0.424006 0.423934 0.423757 0.423722 0.423738 0.423748 0.423696 0.423728 0.423706 0.423851 0.423951 0.423975 0.424001 0.424111 0.000000 0.000000
0.000000 0.000000 0.442186 0.442119 0.442109 0.441973 0.441894 0.441438 0.441405 0.441374 0.441188 0.441326 0.441319 0.441364 0.441681 0.441743 0.441918 0.441938 0.441908 0.000000 0.000000
0.000000 0.000000 0.458645 0.458634 0.458523 0.458481 0.458089 0.458310 0.458217 0.458220 0.458305 0.458223 0.458213 0.458158 0.457972 0.458414 0.458398 0.458497 0.458550 0.000000 0.000000
0.000000 0.000000 0.467993 0.467979 0.467930 0.467801 0.467740 0.467722 0.467684 0.467677 0.467669 0.467641 0.467652 0.467639 0.467658 0.467724 0.467875 0.467868 0.467876 0.000000 0.000000
0.000000 0.000000 0.473410 0.473396 0.473402 0.473218 0.473272 0.473182 0.473141 0.473135 0.473092 0.473079 0.473104 0.473093 0.473178 0.473125 0.473377 0.473276 0.473271 0.000000 0.000000
0.000000 0.000000 0.476395 0.476478 0.476341 0.476341 0.476407 0.476373 0.476432 0.476410 0.476443 0.476429 0.476403 0.476443 0.476453 0.476398 0.476322 0.476505 0.476400 0.000000 0.000000
0.000000 0.000000 0.479702 0.479546 0.479414 0.479369 0.479350 0.479393 0.479382 0.479401 0.479347 0.479350 0.479360 0.479351 0.479319 0.479328 0.479385 0.479486 0.479630 0.000000 0.000000
0.000000 0.000000 0.350000 0.350000 0.350000 0.350000 0.350000 0.350000 0.350000 0.350000 0.350000 0.350000 0.350000 0.350000 0.350000 0.350000 0.350000 0.350000 0.350000 0.000000 0.000000
0.000000 0.000000 0.000000 0.000000 0.000000 0.000000 0.000000 0.000000 0.000000 0.000000 0.000000 0.000000 0.000000 0.000000 0.000000 0.000000 0.000000 0.000000 0.000000 0.000000 0.000000