geotop/1.0zi/1.0Montebello/Templates/testdem/maps/_Eocsilt0752.asc
ncols         21
nrows         20
xllcorner     100.000000
yllcorner     100.000000
cellsize      50.000000
NODATA_value  -9999.0
0.000000 0.000000 0.000000 0.000000 0.000000 0.000000 0.000000 0.000000 0.000000 0.000000 0.000000 0.000000 0.000000 0.000000 0.000000 0.000000 0.000000 0.000000 0.000000 0.000000 0.000000
0.000000 0.000000 0.350014 0.350014 0.350014 0.350014 0.350014 0.350014 0.350014 0.350014 0.350014 0.350014 0.350014 0.350014 0.350014 0.350014 0.350014 0.350014 0.350014 0.000000 0.000000
0.000000 0.000000 0.350000 0.350000 0.350000 0.350000 0.350000 0.350000 0.350000 0.350000 0.350000 0.350000 0.350000 0.350000 0.350000 0.350000 0.350000 0.350000 0.350000 0.000000 0.000000
0.000000 0.000000 0.350329 0.350329 0.350326 0.350328 0.350330 0.350329 0.350329 0.350329 0.350329 0.350329 0.350329 0.350329 0.350330 0.350328 0.350326 0.350329 0.350329 0.000000 0.000000
0.000000 0.000000 0.351427 0.351426 0.351424 0.351423 0.351427 0.351426 0.351426 0.351427 0.351427 0.351427 0.351426 0.351426 0.351427 0.351423 0.351424 0.351426 0.351427 0.000000 0.000000
0.000000 0.000000 0.352717 0.352717 0.352715 0.352715 0.352717 0.352717 0.352717 0.352717 0.352717 0.352717 0.352717 0.352717 0.352717 0.352715 0.352715 0.352717 0.352717 0.000000 0.000000
0.000000 0.000000 0.353902 0.353901 0.353900 0.353900 0.353902 0.353902 0.353902 0.353902 0.353902 0.353902 0.353902 0.353902 0.353902 0.353900 0.353900 0.353901 0.353902 0.000000 0.000000
0.000000 0.000000 0.354998 0.354997 0.354996 0.354996 0.354998 0.354998 0.354998 0.354998 0.354998 0.354998 0.354998 0.354998 0.354998 0.354996 0.354996 0.354997 0.354998 0.000000 0.000000
0.000000 0.000000 0.356031 0.356031 0.356030 0.356030 0.356031 0.356031 0.356031 0.356031 0.356031 0.356031 0.356031 0.356031 0.356031 0.356030 0.356030 0.356031 0.356031 0.000000 0.000000
0.000000 0.000000 0.357026 0.357025 0.357024 0.357024 0.357026 0.357026 0.357026 0.357026 0.357026 0.357026 0.357026 0.357026 0.357026 0.357024 0.357024 0.357025 0.357026 0.000000 0.000000
0.000000 0.000000 0.357991 0.357990 0.357989 0.357989 0.357991 0.357991 0.357991 0.357991 0.357991 0.357991 0.357991 0.357991 0.357991 0.357989 0.357989 0.357990 0.357991 0.000000 0.000000
0.000000 0.000000 0.358936 0.358936 0.358934 0.358935 0.358936 0.358936 0.358936 0.358936 0.358936 0.358936 0.358936 0.358936 0.358936 0.358935 0.358934 0.358936 0.358936 0.000000 0.000000
0.000000 0.000000 0.359865 0.359864 0.359863 0.359863 0.359865 0.359865 0.359864 0.359865 0.359865 0.359865 0.359864 0.359865 0.359865 0.359863 0.359863 0.359864 0.359865 0.000000 0.000000
0.000000 0.000000 0.360779 0.360779 0.360778 0.360778 0.360779 0.360779 0.360779 0.360779 0.360779 0.360779 0.360779 0.360779 0.360779 0.360778 0.360778 0.360779 0.360779 0.000000 0.000000
0.000000 0.000000 0.361685 0.361685 0.361683 0.361684 0.361685 0.361685 0.361685 0.361685 0.361685 0.361685 0.361685 0.361685 0.361685 0.361684 0.361683 0.361685 0.361685 0.000000 0.000000
0.000000 0.000000 0.362585 0.362584 0.362583 0.362583 0.362585 0.362585 0.362585 0.362585 0.362585 0.362585 0.362585 0.362585 0.362585 0.362583 0.362583 0.362584 0.362585 0.000000 0.000000
0.000000 0.000000 0.363476 0.363476 0.363475 0.363475 0.363476 0.363476 0.363476 0.363476 0.363476 0.363476 0.363476 0.363476 0.363476 0.363475 0.363475 0.363476 0.363476 0.000000 0.000000
0.000000 0.000000 0.364381 0.364381 0.364380 0.364380 0.364381 0.364381 0.364381 0.364381 0.364381 0.364381 0.364381 0.364381 0.364381 0.364380 0.364380 0.364381 0.364381 0.000000 0.000000
0.000000 0.000000 0.350000 0.350000 0.350000 0.350000 0.350000 0.350000 0.350000 0.350000 0.350000 0.350000 0.350000 0.350000 0.350000 0.350000 0.350000 0.350000 0.350000 0.000000 0.000000
0.000000 0.000000 0.000000 0.000000 0.000000 0.000000 0.000000 0.000000 0.000000 0.000000 0.000000 0.000000 0.000000 0.000000 0.000000 0.000000 0.000000 0.000000 0.000000 0.000000 0.000000