geotop/1.0zi/1.0Montebello/Templates/testdem/maps/_Eocclay3048.asc
ncols         21
nrows         20
xllcorner     100.000000
yllcorner     100.000000
cellsize      50.000000
NODATA_value  -9999.0
0.000000 0.000000 0.000000 0.000000 0.000000 0.000000 0.000000 0.000000 0.000000 0.000000 0.000000 0.000000 0.000000 0.000000 0.000000 0.000000 0.000000 0.000000 0.000000 0.000000 0.000000
0.000000 0.000000 0.349830 0.349830 0.349830 0.349830 0.349830 0.349830 0.349830 0.349830 0.349829 0.349830 0.349830 0.349830 0.349830 0.349830 0.349830 0.349830 0.349830 0.000000 0.000000
0.000000 0.000000 0.349995 0.349995 0.349995 0.349995 0.349995 0.349995 0.349995 0.349995 0.349996 0.349995 0.349995 0.349995 0.349995 0.349995 0.349995 0.349995 0.349995 0.000000 0.000000
0.000000 0.000000 0.351183 0.351183 0.351181 0.351182 0.351183 0.351183 0.351183 0.351183 0.351184 0.351183 0.351183 0.351183 0.351183 0.351182 0.351181 0.351183 0.351183 0.000000 0.000000
0.000000 0.000000 0.355954 0.355953 0.355951 0.355951 0.355955 0.355953 0.355954 0.355955 0.355955 0.355955 0.355954 0.355953 0.355955 0.355951 0.355951 0.355953 0.355954 0.000000 0.000000
0.000000 0.000000 0.361244 0.361243 0.361242 0.361242 0.361245 0.361244 0.361244 0.361245 0.361245 0.361245 0.361244 0.361244 0.361245 0.361242 0.361242 0.361243 0.361244 0.000000 0.000000
0.000000 0.000000 0.366196 0.366195 0.366194 0.366194 0.366196 0.366196 0.366196 0.366197 0.366197 0.366197 0.366196 0.366196 0.366196 0.366194 0.366194 0.366195 0.366196 0.000000 0.000000
0.000000 0.000000 0.370705 0.370705 0.370704 0.370704 0.370706 0.370705 0.370705 0.370706 0.370706 0.370706 0.370705 0.370705 0.370706 0.370704 0.370704 0.370705 0.370705 0.000000 0.000000
0.000000 0.000000 0.374880 0.374880 0.374879 0.374879 0.374880 0.374880 0.374880 0.374881 0.374881 0.374881 0.374880 0.374880 0.374880 0.374879 0.374879 0.374880 0.374880 0.000000 0.000000
0.000000 0.000000 0.378818 0.378818 0.378817 0.378817 0.378819 0.378818 0.378818 0.378819 0.378819 0.378819 0.378818 0.378818 0.378819 0.378817 0.378817 0.378818 0.378818 0.000000 0.000000
0.000000 0.000000 0.382567 0.382567 0.382565 0.382566 0.382567 0.382567 0.382567 0.382567 0.382568 0.382567 0.382567 0.382567 0.382567 0.382566 0.382565 0.382567 0.382567 0.000000 0.000000
0.000000 0.000000 0.386162 0.386162 0.386160 0.386161 0.386162 0.386162 0.386162 0.386162 0.386163 0.386162 0.386162 0.386162 0.386162 0.386161 0.386160 0.386162 0.386162 0.000000 0.000000
0.000000 0.000000 0.389632 0.389631 0.389630 0.389631 0.389632 0.389631 0.389632 0.389632 0.389633 0.389632 0.389632 0.389631 0.389632 0.389631 0.389630 0.389631 0.389632 0.000000 0.000000
0.000000 0.000000 0.393004 0.393003 0.393002 0.393003 0.393004 0.393003 0.393004 0.393004 0.393004 0.393004 0.393004 0.393003 0.393004 0.393003 0.393002 0.393003 0.393004 0.000000 0.000000
0.000000 0.000000 0.396284 0.396283 0.396282 0.396283 0.396284 0.396283 0.396283 0.396284 0.396284 0.396284 0.396283 0.396283 0.396284 0.396283 0.396282 0.396283 0.396284 0.000000 0.000000
0.000000 0.000000 0.399478 0.399478 0.399477 0.399477 0.399479 0.399478 0.399478 0.399479 0.399479 0.399479 0.399478 0.399478 0.399479 0.399477 0.399477 0.399478 0.399478 0.000000 0.000000
0.000000 0.000000 0.402597 0.402597 0.402596 0.402596 0.402597 0.402597 0.402597 0.402597 0.402598 0.402597 0.402597 0.402597 0.402597 0.402596 0.402596 0.402597 0.402597 0.000000 0.000000
0.000000 0.000000 0.405709 0.405709 0.405708 0.405708 0.405710 0.405709 0.405709 0.405710 0.405710 0.405710 0.405709 0.405709 0.405710 0.405708 0.405708 0.405709 0.405709 0.000000 0.000000
0.000000 0.000000 0.350000 0.350000 0.350000 0.350000 0.350000 0.350000 0.350000 0.350000 0.350000 0.350000 0.350000 0.350000 0.350000 0.350000 0.350000 0.350000 0.350000 0.000000 0.000000
0.000000 0.000000 0.000000 0.000000 0.000000 0.000000 0.000000 0.000000 0.000000 0.000000 0.000000 0.000000 0.000000 0.000000 0.000000 0.000000 0.000000 0.000000 0.000000 0.000000 0.000000