geotop/1.0zi/1.0Montebello/Templates/testdem/maps/_Eocsilt4399.asc
ncols         21
nrows         20
xllcorner     100.000000
yllcorner     100.000000
cellsize      50.000000
NODATA_value  -9999.0
0.000000 0.000000 0.000000 0.000000 0.000000 0.000000 0.000000 0.000000 0.000000 0.000000 0.000000 0.000000 0.000000 0.000000 0.000000 0.000000 0.000000 0.000000 0.000000 0.000000 0.000000
0.000000 0.000000 0.350089 0.350089 0.350089 0.350089 0.350089 0.350089 0.350089 0.350089 0.350089 0.350089 0.350089 0.350089 0.350089 0.350089 0.350090 0.350089 0.350089 0.000000 0.000000
0.000000 0.000000 0.350002 0.350002 0.350002 0.350003 0.350003 0.350003 0.350003 0.350003 0.350003 0.350003 0.350003 0.350003 0.350003 0.350002 0.350001 0.350001 0.350002 0.000000 0.000000
0.000000 0.000000 0.350032 0.350031 0.350031 0.350026 0.350027 0.350025 0.350027 0.350027 0.350027 0.350027 0.350027 0.350026 0.350028 0.350030 0.350031 0.350032 0.350031 0.000000 0.000000
0.000000 0.000000 0.350380 0.350381 0.350378 0.350380 0.350378 0.350376 0.350374 0.350371 0.350370 0.350373 0.350373 0.350374 0.350375 0.350374 0.350373 0.350378 0.350381 0.000000 0.000000
0.000000 0.000000 0.351486 0.351487 0.351484 0.351479 0.351475 0.351463 0.351462 0.351457 0.351461 0.351463 0.351465 0.351461 0.351463 0.351468 0.351472 0.351472 0.351475 0.000000 0.000000
0.000000 0.000000 0.353219 0.353219 0.353216 0.353205 0.353192 0.353178 0.353179 0.353177 0.353180 0.353178 0.353175 0.353176 0.353186 0.353199 0.353204 0.353209 0.353214 0.000000 0.000000
0.000000 0.000000 0.355256 0.355253 0.355252 0.355243 0.355231 0.355216 0.355218 0.355215 0.355215 0.355215 0.355212 0.355208 0.355224 0.355238 0.355248 0.355249 0.355254 0.000000 0.000000
0.000000 0.000000 0.357334 0.357329 0.357325 0.357318 0.357307 0.357287 0.357289 0.357285 0.357285 0.357286 0.357283 0.357281 0.357296 0.357313 0.357320 0.357324 0.357332 0.000000 0.000000
0.000000 0.000000 0.359397 0.359393 0.359391 0.359384 0.359370 0.359354 0.359357 0.359354 0.359354 0.359354 0.359350 0.359347 0.359364 0.359380 0.359386 0.359389 0.359395 0.000000 0.000000
0.000000 0.000000 0.361475 0.361471 0.361469 0.361464 0.361455 0.361435 0.361438 0.361433 0.361433 0.361434 0.361430 0.361427 0.361441 0.361453 0.361461 0.361465 0.361471 0.000000 0.000000
0.000000 0.000000 0.363621 0.363617 0.363614 0.363605 0.363594 0.363574 0.363575 0.363572 0.363572 0.363572 0.363569 0.363566 0.363585 0.363599 0.363607 0.363610 0.363632 0.000000 0.000000
0.000000 0.000000 0.365795 0.365791 0.365787 0.365782 0.365768 0.365726 0.365728 0.365724 0.365723 0.365723 0.365719 0.365717 0.365753 0.365771 0.365778 0.365781 0.365795 0.000000 0.000000
0.000000 0.000000 0.368091 0.368084 0.368082 0.368076 0.368034 0.368024 0.368018 0.368015 0.368016 0.368015 0.368010 0.368008 0.368018 0.368061 0.368070 0.368078 0.368086 0.000000 0.000000
0.000000 0.000000 0.370563 0.370557 0.370545 0.370511 0.370493 0.370467 0.370454 0.370450 0.370443 0.370442 0.370442 0.370435 0.370454 0.370484 0.370531 0.370529 0.370535 0.000000 0.000000
0.000000 0.000000 0.373110 0.373104 0.373058 0.373054 0.373044 0.373031 0.373031 0.373029 0.373031 0.373030 0.373021 0.373027 0.373032 0.373044 0.373045 0.373095 0.373107 0.000000 0.000000
0.000000 0.000000 0.375936 0.375874 0.375834 0.375821 0.375792 0.375777 0.375774 0.375772 0.375764 0.375765 0.375763 0.375755 0.375765 0.375801 0.375824 0.375850 0.375911 0.000000 0.000000
0.000000 0.000000 0.378151 0.378136 0.378174 0.378156 0.378131 0.378071 0.378066 0.378060 0.378062 0.378061 0.378055 0.378056 0.378109 0.378141 0.378176 0.378122 0.378148 0.000000 0.000000
0.000000 0.000000 0.350000 0.350000 0.350000 0.350000 0.350000 0.350000 0.350000 0.350000 0.350000 0.350000 0.350000 0.350000 0.350000 0.350000 0.350000 0.350000 0.350000 0.000000 0.000000
0.000000 0.000000 0.000000 0.000000 0.000000 0.000000 0.000000 0.000000 0.000000 0.000000 0.000000 0.000000 0.000000 0.000000 0.000000 0.000000 0.000000 0.000000 0.000000 0.000000 0.000000