geotop/1.0zi/1.0Montebello/Templates/testdem/maps/_Eocsand9637.asc
ncols         21
nrows         20
xllcorner     100.000000
yllcorner     100.000000
cellsize      50.000000
NODATA_value  -9999.0
0.000000 0.000000 0.000000 0.000000 0.000000 0.000000 0.000000 0.000000 0.000000 0.000000 0.000000 0.000000 0.000000 0.000000 0.000000 0.000000 0.000000 0.000000 0.000000 0.000000 0.000000
0.000000 0.000000 0.300241 0.300238 0.300238 0.300239 0.300238 0.300238 0.300238 0.300238 0.300239 0.300238 0.300239 0.300239 0.300238 0.300238 0.300239 0.300239 0.300239 0.000000 0.000000
0.000000 0.000000 0.300011 0.300013 0.300013 0.300011 0.300012 0.300013 0.300012 0.300012 0.300012 0.300012 0.300011 0.300012 0.300012 0.300012 0.300013 0.300013 0.300014 0.000000 0.000000
0.000000 0.000000 0.299817 0.299815 0.299824 0.299832 0.299831 0.299837 0.299829 0.299831 0.299831 0.299830 0.299828 0.299830 0.299825 0.299818 0.299815 0.299812 0.299813 0.000000 0.000000
0.000000 0.000000 0.297072 0.297072 0.297088 0.297121 0.297148 0.297158 0.297158 0.297159 0.297162 0.297155 0.297149 0.297150 0.297126 0.297112 0.297098 0.297088 0.297075 0.000000 0.000000
0.000000 0.000000 0.289562 0.289573 0.289610 0.289671 0.289734 0.289792 0.289788 0.289800 0.289800 0.289799 0.289787 0.289791 0.289759 0.289705 0.289678 0.289657 0.289645 0.000000 0.000000
0.000000 0.000000 0.279288 0.279310 0.279339 0.279412 0.279494 0.279603 0.279601 0.279611 0.279619 0.279619 0.279619 0.279615 0.279525 0.279459 0.279419 0.279390 0.279375 0.000000 0.000000
0.000000 0.000000 0.267082 0.267107 0.267138 0.267225 0.267315 0.267415 0.267413 0.267427 0.267437 0.267443 0.267446 0.267428 0.267345 0.267272 0.267206 0.267192 0.267163 0.000000 0.000000
0.000000 0.000000 0.253698 0.253734 0.253782 0.253849 0.253951 0.254070 0.254059 0.254083 0.254099 0.254103 0.254096 0.254101 0.253985 0.253897 0.253846 0.253825 0.253799 0.000000 0.000000
0.000000 0.000000 0.238946 0.238997 0.239035 0.239107 0.239219 0.239343 0.239341 0.239358 0.239384 0.239373 0.239357 0.239363 0.239269 0.239155 0.239096 0.239073 0.239061 0.000000 0.000000
0.000000 0.000000 0.222204 0.222246 0.222282 0.222442 0.222495 0.222662 0.222627 0.222709 0.222703 0.222715 0.222740 0.222694 0.222590 0.222520 0.222436 0.222406 0.222334 0.000000 0.000000
0.000000 0.000000 0.202708 0.202794 0.202892 0.202969 0.203056 0.203265 0.203269 0.203280 0.203257 0.203328 0.203294 0.203303 0.203116 0.203007 0.202963 0.202936 0.202790 0.000000 0.000000
0.000000 0.000000 0.180764 0.180845 0.180869 0.181021 0.181128 0.181675 0.181685 0.181720 0.181913 0.181797 0.181784 0.181735 0.181329 0.181236 0.181036 0.181026 0.180988 0.000000 0.000000
0.000000 0.000000 0.153613 0.153652 0.153825 0.153935 0.154696 0.154438 0.154603 0.154604 0.154509 0.154610 0.154627 0.154704 0.154946 0.154109 0.154075 0.153879 0.153761 0.000000 0.000000
0.000000 0.000000 0.122542 0.122632 0.122790 0.123781 0.123375 0.123988 0.124130 0.124196 0.124420 0.124496 0.124382 0.124376 0.123838 0.124227 0.122935 0.123237 0.123281 0.000000 0.000000
0.000000 0.000000 0.094244 0.094299 0.095403 0.094823 0.095022 0.094975 0.094488 0.094619 0.094360 0.094404 0.094613 0.094349 0.094506 0.094322 0.095573 0.093884 0.093909 0.000000 0.000000
0.000000 0.000000 0.069415 0.070288 0.070026 0.070407 0.070864 0.071010 0.071291 0.071226 0.071522 0.071487 0.071317 0.071491 0.071251 0.070912 0.070098 0.070713 0.069802 0.000000 0.000000
0.000000 0.000000 0.059577 0.059416 0.058887 0.059046 0.059188 0.059663 0.059683 0.059786 0.059684 0.059714 0.059686 0.059678 0.059253 0.059144 0.058861 0.059427 0.059580 0.000000 0.000000
0.000000 0.000000 0.300000 0.300000 0.300000 0.300000 0.300000 0.300000 0.300000 0.300000 0.300000 0.300000 0.300000 0.300000 0.300000 0.300000 0.300000 0.300000 0.300000 0.000000 0.000000
0.000000 0.000000 0.000000 0.000000 0.000000 0.000000 0.000000 0.000000 0.000000 0.000000 0.000000 0.000000 0.000000 0.000000 0.000000 0.000000 0.000000 0.000000 0.000000 0.000000 0.000000