geotop/1.0zi/1.0Montebello/Templates/testdem/maps/_Eocsilt9091.asc
ncols         21
nrows         20
xllcorner     100.000000
yllcorner     100.000000
cellsize      50.000000
NODATA_value  -9999.0
0.000000 0.000000 0.000000 0.000000 0.000000 0.000000 0.000000 0.000000 0.000000 0.000000 0.000000 0.000000 0.000000 0.000000 0.000000 0.000000 0.000000 0.000000 0.000000 0.000000 0.000000
0.000000 0.000000 0.350194 0.350194 0.350194 0.350194 0.350194 0.350194 0.350194 0.350194 0.350194 0.350194 0.350194 0.350194 0.350194 0.350194 0.350195 0.350194 0.350194 0.000000 0.000000
0.000000 0.000000 0.350005 0.350005 0.350006 0.350005 0.350006 0.350006 0.350006 0.350006 0.350006 0.350006 0.350007 0.350007 0.350006 0.350005 0.350004 0.350004 0.350005 0.000000 0.000000
0.000000 0.000000 0.350123 0.350119 0.350114 0.350109 0.350109 0.350104 0.350107 0.350108 0.350105 0.350107 0.350107 0.350107 0.350110 0.350114 0.350119 0.350119 0.350122 0.000000 0.000000
0.000000 0.000000 0.351265 0.351269 0.351259 0.351243 0.351234 0.351229 0.351231 0.351228 0.351228 0.351229 0.351233 0.351232 0.351245 0.351252 0.351254 0.351258 0.351261 0.000000 0.000000
0.000000 0.000000 0.354510 0.354504 0.354490 0.354471 0.354442 0.354421 0.354419 0.354413 0.354417 0.354417 0.354421 0.354418 0.354433 0.354451 0.354461 0.354464 0.354472 0.000000 0.000000
0.000000 0.000000 0.359116 0.359106 0.359090 0.359059 0.359021 0.358975 0.358979 0.358975 0.358974 0.358973 0.358970 0.358975 0.359012 0.359041 0.359059 0.359071 0.359078 0.000000 0.000000
0.000000 0.000000 0.364556 0.364545 0.364533 0.364499 0.364461 0.364418 0.364420 0.364415 0.364413 0.364409 0.364407 0.364415 0.364451 0.364483 0.364513 0.364514 0.364528 0.000000 0.000000
0.000000 0.000000 0.370484 0.370468 0.370446 0.370422 0.370378 0.370327 0.370332 0.370322 0.370318 0.370315 0.370317 0.370315 0.370367 0.370405 0.370427 0.370433 0.370447 0.000000 0.000000
0.000000 0.000000 0.376889 0.376870 0.376855 0.376829 0.376769 0.376725 0.376726 0.376720 0.376711 0.376716 0.376722 0.376720 0.376760 0.376808 0.376834 0.376839 0.376846 0.000000 0.000000
0.000000 0.000000 0.383995 0.383980 0.383965 0.383905 0.383866 0.383808 0.383824 0.383790 0.383795 0.383790 0.383779 0.383798 0.383842 0.383871 0.383907 0.383918 0.383946 0.000000 0.000000
0.000000 0.000000 0.392096 0.392068 0.392031 0.392000 0.391946 0.391875 0.391874 0.391871 0.391883 0.391856 0.391868 0.391867 0.391944 0.391985 0.392003 0.392010 0.392073 0.000000 0.000000
0.000000 0.000000 0.401061 0.401029 0.401019 0.400956 0.400912 0.400703 0.400703 0.400693 0.400627 0.400665 0.400672 0.400691 0.400852 0.400890 0.400965 0.400963 0.400987 0.000000 0.000000
0.000000 0.000000 0.411924 0.411911 0.411851 0.411812 0.411521 0.411589 0.411534 0.411537 0.411566 0.411535 0.411529 0.411504 0.411446 0.411753 0.411774 0.411840 0.411889 0.000000 0.000000
0.000000 0.000000 0.424738 0.424696 0.424630 0.424254 0.424352 0.424143 0.424079 0.424060 0.423984 0.423947 0.423989 0.423987 0.424186 0.424101 0.424592 0.424479 0.424473 0.000000 0.000000
0.000000 0.000000 0.437894 0.437863 0.437355 0.437571 0.437500 0.437499 0.437714 0.437655 0.437767 0.437741 0.437649 0.437772 0.437737 0.437796 0.437297 0.438041 0.438029 0.000000 0.000000
0.000000 0.000000 0.451883 0.451293 0.451486 0.451223 0.450929 0.450838 0.450643 0.450690 0.450491 0.450514 0.450628 0.450508 0.450670 0.450886 0.451455 0.451010 0.451618 0.000000 0.000000
0.000000 0.000000 0.456168 0.456527 0.456902 0.456868 0.456859 0.456490 0.456542 0.456439 0.456599 0.456564 0.456545 0.456595 0.456905 0.456913 0.456952 0.456631 0.456272 0.000000 0.000000
0.000000 0.000000 0.350000 0.350000 0.350000 0.350000 0.350000 0.350000 0.350000 0.350000 0.350000 0.350000 0.350000 0.350000 0.350000 0.350000 0.350000 0.350000 0.350000 0.000000 0.000000
0.000000 0.000000 0.000000 0.000000 0.000000 0.000000 0.000000 0.000000 0.000000 0.000000 0.000000 0.000000 0.000000 0.000000 0.000000 0.000000 0.000000 0.000000 0.000000 0.000000 0.000000