geotop/1.0zi/1.0Montebello/Templates/testdem/maps/_Eocsilt9083.asc
ncols         21
nrows         20
xllcorner     100.000000
yllcorner     100.000000
cellsize      50.000000
NODATA_value  -9999.0
0.000000 0.000000 0.000000 0.000000 0.000000 0.000000 0.000000 0.000000 0.000000 0.000000 0.000000 0.000000 0.000000 0.000000 0.000000 0.000000 0.000000 0.000000 0.000000 0.000000 0.000000
0.000000 0.000000 0.350194 0.350194 0.350194 0.350194 0.350194 0.350194 0.350194 0.350194 0.350194 0.350194 0.350194 0.350194 0.350194 0.350194 0.350195 0.350194 0.350194 0.000000 0.000000
0.000000 0.000000 0.350005 0.350005 0.350006 0.350005 0.350006 0.350006 0.350006 0.350006 0.350006 0.350006 0.350007 0.350007 0.350006 0.350005 0.350004 0.350004 0.350005 0.000000 0.000000
0.000000 0.000000 0.350123 0.350119 0.350114 0.350109 0.350109 0.350104 0.350107 0.350108 0.350105 0.350107 0.350107 0.350107 0.350110 0.350114 0.350119 0.350119 0.350122 0.000000 0.000000
0.000000 0.000000 0.351265 0.351269 0.351259 0.351243 0.351234 0.351229 0.351231 0.351228 0.351228 0.351229 0.351233 0.351232 0.351245 0.351252 0.351254 0.351258 0.351261 0.000000 0.000000
0.000000 0.000000 0.354510 0.354504 0.354490 0.354471 0.354442 0.354421 0.354418 0.354413 0.354417 0.354417 0.354420 0.354418 0.354433 0.354450 0.354461 0.354464 0.354472 0.000000 0.000000
0.000000 0.000000 0.359115 0.359104 0.359088 0.359057 0.359019 0.358974 0.358977 0.358974 0.358972 0.358971 0.358968 0.358973 0.359011 0.359040 0.359058 0.359069 0.359077 0.000000 0.000000
0.000000 0.000000 0.364552 0.364541 0.364529 0.364495 0.364457 0.364414 0.364416 0.364411 0.364408 0.364405 0.364403 0.364411 0.364447 0.364480 0.364509 0.364510 0.364524 0.000000 0.000000
0.000000 0.000000 0.370477 0.370460 0.370439 0.370414 0.370370 0.370319 0.370324 0.370314 0.370310 0.370307 0.370309 0.370307 0.370359 0.370397 0.370419 0.370425 0.370439 0.000000 0.000000
0.000000 0.000000 0.376877 0.376857 0.376842 0.376816 0.376757 0.376712 0.376714 0.376707 0.376698 0.376703 0.376709 0.376707 0.376748 0.376796 0.376821 0.376826 0.376833 0.000000 0.000000
0.000000 0.000000 0.383974 0.383960 0.383944 0.383884 0.383845 0.383787 0.383803 0.383769 0.383774 0.383770 0.383758 0.383778 0.383822 0.383850 0.383886 0.383897 0.383926 0.000000 0.000000
0.000000 0.000000 0.392066 0.392037 0.392001 0.391970 0.391915 0.391845 0.391844 0.391840 0.391853 0.391825 0.391838 0.391837 0.391913 0.391954 0.391972 0.391980 0.392042 0.000000 0.000000
0.000000 0.000000 0.401018 0.400986 0.400976 0.400913 0.400869 0.400660 0.400660 0.400650 0.400584 0.400622 0.400629 0.400648 0.400809 0.400847 0.400922 0.400920 0.400944 0.000000 0.000000
0.000000 0.000000 0.411864 0.411851 0.411791 0.411752 0.411462 0.411529 0.411474 0.411477 0.411506 0.411476 0.411469 0.411444 0.411386 0.411693 0.411714 0.411780 0.411829 0.000000 0.000000
0.000000 0.000000 0.424658 0.424616 0.424550 0.424174 0.424272 0.424067 0.424002 0.423983 0.423907 0.423870 0.423912 0.423910 0.424107 0.424022 0.424512 0.424399 0.424393 0.000000 0.000000
0.000000 0.000000 0.437802 0.437770 0.437262 0.437478 0.437407 0.437409 0.437623 0.437564 0.437676 0.437651 0.437559 0.437681 0.437644 0.437703 0.437205 0.437948 0.437936 0.000000 0.000000
0.000000 0.000000 0.451792 0.451201 0.451394 0.451131 0.450836 0.450747 0.450551 0.450599 0.450400 0.450423 0.450537 0.450416 0.450577 0.450794 0.451363 0.450918 0.451526 0.000000 0.000000
0.000000 0.000000 0.456072 0.456432 0.456809 0.456775 0.456766 0.456398 0.456450 0.456346 0.456508 0.456472 0.456453 0.456503 0.456813 0.456820 0.456859 0.456537 0.456176 0.000000 0.000000
0.000000 0.000000 0.350000 0.350000 0.350000 0.350000 0.350000 0.350000 0.350000 0.350000 0.350000 0.350000 0.350000 0.350000 0.350000 0.350000 0.350000 0.350000 0.350000 0.000000 0.000000
0.000000 0.000000 0.000000 0.000000 0.000000 0.000000 0.000000 0.000000 0.000000 0.000000 0.000000 0.000000 0.000000 0.000000 0.000000 0.000000 0.000000 0.000000 0.000000 0.000000 0.000000