geotop/1.0zi/1.0Montebello/Templates/testdem/maps/_Eocclay5399.asc
ncols         21
nrows         20
xllcorner     100.000000
yllcorner     100.000000
cellsize      50.000000
NODATA_value  -9999.0
0.000000 0.000000 0.000000 0.000000 0.000000 0.000000 0.000000 0.000000 0.000000 0.000000 0.000000 0.000000 0.000000 0.000000 0.000000 0.000000 0.000000 0.000000 0.000000 0.000000 0.000000
0.000000 0.000000 0.349758 0.349758 0.349758 0.349758 0.349759 0.349759 0.349758 0.349758 0.349758 0.349758 0.349758 0.349758 0.349758 0.349758 0.349758 0.349758 0.349758 0.000000 0.000000
0.000000 0.000000 0.349990 0.349990 0.349990 0.349990 0.349990 0.349990 0.349990 0.349990 0.349989 0.349989 0.349990 0.349990 0.349990 0.349990 0.349990 0.349990 0.349990 0.000000 0.000000
0.000000 0.000000 0.349988 0.349990 0.349988 0.349989 0.349991 0.349991 0.349991 0.349989 0.349991 0.349989 0.349989 0.349988 0.349991 0.349992 0.349990 0.349991 0.349990 0.000000 0.000000
0.000000 0.000000 0.350389 0.350389 0.350390 0.350385 0.350375 0.350371 0.350372 0.350375 0.350373 0.350374 0.350369 0.350369 0.350373 0.350371 0.350376 0.350378 0.350380 0.000000 0.000000
0.000000 0.000000 0.351828 0.351830 0.351825 0.351807 0.351803 0.351788 0.351787 0.351783 0.351787 0.351787 0.351791 0.351791 0.351793 0.351804 0.351809 0.351820 0.351824 0.000000 0.000000
0.000000 0.000000 0.353945 0.353943 0.353942 0.353927 0.353909 0.353884 0.353884 0.353881 0.353882 0.353885 0.353885 0.353883 0.353901 0.353920 0.353929 0.353937 0.353943 0.000000 0.000000
0.000000 0.000000 0.356531 0.356531 0.356531 0.356512 0.356494 0.356468 0.356468 0.356466 0.356466 0.356466 0.356464 0.356469 0.356487 0.356503 0.356517 0.356522 0.356530 0.000000 0.000000
0.000000 0.000000 0.359141 0.359139 0.359134 0.359124 0.359106 0.359080 0.359082 0.359077 0.359075 0.359077 0.359077 0.359074 0.359097 0.359115 0.359127 0.359130 0.359137 0.000000 0.000000
0.000000 0.000000 0.361772 0.361768 0.361767 0.361760 0.361734 0.361710 0.361712 0.361709 0.361706 0.361710 0.361713 0.361710 0.361728 0.361749 0.361762 0.361764 0.361769 0.000000 0.000000
0.000000 0.000000 0.364491 0.364488 0.364488 0.364471 0.364453 0.364427 0.364432 0.364420 0.364420 0.364422 0.364419 0.364425 0.364439 0.364452 0.364467 0.364475 0.364485 0.000000 0.000000
0.000000 0.000000 0.367323 0.367317 0.367312 0.367298 0.367283 0.367253 0.367254 0.367246 0.367254 0.367247 0.367248 0.367250 0.367276 0.367288 0.367298 0.367302 0.367331 0.000000 0.000000
0.000000 0.000000 0.370218 0.370212 0.370211 0.370196 0.370183 0.370122 0.370122 0.370117 0.370104 0.370112 0.370116 0.370121 0.370164 0.370175 0.370197 0.370199 0.370220 0.000000 0.000000
0.000000 0.000000 0.373334 0.373330 0.373324 0.373315 0.373258 0.373241 0.373228 0.373227 0.373222 0.373225 0.373226 0.373223 0.373230 0.373286 0.373306 0.373320 0.373341 0.000000 0.000000
0.000000 0.000000 0.376741 0.376738 0.376725 0.376668 0.376649 0.376616 0.376591 0.376587 0.376576 0.376571 0.376578 0.376572 0.376596 0.376625 0.376710 0.376704 0.376717 0.000000 0.000000
0.000000 0.000000 0.380322 0.380317 0.380245 0.380229 0.380224 0.380201 0.380214 0.380205 0.380210 0.380201 0.380193 0.380208 0.380220 0.380229 0.380230 0.380322 0.380325 0.000000 0.000000
0.000000 0.000000 0.384370 0.384273 0.384232 0.384203 0.384157 0.384133 0.384126 0.384124 0.384104 0.384100 0.384108 0.384105 0.384131 0.384166 0.384221 0.384253 0.384350 0.000000 0.000000
0.000000 0.000000 0.387420 0.387414 0.387498 0.387472 0.387437 0.387344 0.387341 0.387321 0.387331 0.387326 0.387333 0.387334 0.387419 0.387441 0.387509 0.387421 0.387434 0.000000 0.000000
0.000000 0.000000 0.350000 0.350000 0.350000 0.350000 0.350000 0.350000 0.350000 0.350000 0.350000 0.350000 0.350000 0.350000 0.350000 0.350000 0.350000 0.350000 0.350000 0.000000 0.000000
0.000000 0.000000 0.000000 0.000000 0.000000 0.000000 0.000000 0.000000 0.000000 0.000000 0.000000 0.000000 0.000000 0.000000 0.000000 0.000000 0.000000 0.000000 0.000000 0.000000 0.000000