geotop/1.0zi/1.0Montebello/Templates/testdem/maps/_Eocsand3785.asc
ncols         21
nrows         20
xllcorner     100.000000
yllcorner     100.000000
cellsize      50.000000
NODATA_value  -9999.0
0.000000 0.000000 0.000000 0.000000 0.000000 0.000000 0.000000 0.000000 0.000000 0.000000 0.000000 0.000000 0.000000 0.000000 0.000000 0.000000 0.000000 0.000000 0.000000 0.000000 0.000000
0.000000 0.000000 0.300096 0.300096 0.300095 0.300095 0.300095 0.300095 0.300095 0.300095 0.300095 0.300095 0.300095 0.300095 0.300095 0.300095 0.300095 0.300096 0.300096 0.000000 0.000000
0.000000 0.000000 0.300005 0.300004 0.300004 0.300004 0.300003 0.300003 0.300003 0.300003 0.300003 0.300004 0.300003 0.300003 0.300004 0.300004 0.300005 0.300005 0.300005 0.000000 0.000000
0.000000 0.000000 0.299972 0.299973 0.299973 0.299976 0.299973 0.299975 0.299973 0.299973 0.299973 0.299975 0.299974 0.299977 0.299976 0.299972 0.299972 0.299971 0.299972 0.000000 0.000000
0.000000 0.000000 0.299292 0.299285 0.299290 0.299290 0.299299 0.299305 0.299306 0.299310 0.299309 0.299307 0.299307 0.299306 0.299299 0.299301 0.299300 0.299296 0.299291 0.000000 0.000000
0.000000 0.000000 0.297120 0.297115 0.297125 0.297139 0.297152 0.297174 0.297174 0.297184 0.297176 0.297173 0.297168 0.297166 0.297162 0.297151 0.297145 0.297142 0.297137 0.000000 0.000000
0.000000 0.000000 0.293981 0.293980 0.293988 0.294015 0.294048 0.294085 0.294085 0.294092 0.294085 0.294085 0.294081 0.294071 0.294039 0.294013 0.294005 0.294000 0.293991 0.000000 0.000000
0.000000 0.000000 0.290443 0.290443 0.290454 0.290487 0.290524 0.290562 0.290560 0.290566 0.290564 0.290564 0.290560 0.290551 0.290510 0.290483 0.290469 0.290466 0.290457 0.000000 0.000000
0.000000 0.000000 0.286896 0.286899 0.286915 0.286940 0.286976 0.287020 0.287018 0.287026 0.287024 0.287022 0.287018 0.287006 0.286969 0.286938 0.286926 0.286922 0.286909 0.000000 0.000000
0.000000 0.000000 0.283378 0.283382 0.283395 0.283421 0.283463 0.283502 0.283498 0.283504 0.283503 0.283501 0.283498 0.283490 0.283448 0.283417 0.283406 0.283403 0.283393 0.000000 0.000000
0.000000 0.000000 0.279835 0.279839 0.279852 0.279874 0.279907 0.279953 0.279950 0.279960 0.279958 0.279956 0.279952 0.279943 0.279907 0.279885 0.279870 0.279865 0.279853 0.000000 0.000000
0.000000 0.000000 0.276196 0.276199 0.276215 0.276245 0.276281 0.276325 0.276327 0.276333 0.276332 0.276332 0.276326 0.276318 0.276272 0.276245 0.276232 0.276228 0.276187 0.000000 0.000000
0.000000 0.000000 0.272538 0.272542 0.272559 0.272584 0.272624 0.272706 0.272706 0.272714 0.272714 0.272712 0.272708 0.272696 0.272623 0.272591 0.272578 0.272574 0.272548 0.000000 0.000000
0.000000 0.000000 0.268698 0.268709 0.268722 0.268748 0.268834 0.268862 0.268875 0.268882 0.268879 0.268878 0.268875 0.268864 0.268834 0.268760 0.268746 0.268733 0.268718 0.000000 0.000000
0.000000 0.000000 0.264596 0.264604 0.264633 0.264704 0.264753 0.264806 0.264833 0.264841 0.264851 0.264851 0.264839 0.264837 0.264793 0.264739 0.264662 0.264667 0.264656 0.000000 0.000000
0.000000 0.000000 0.260404 0.260411 0.260494 0.260517 0.260552 0.260584 0.260591 0.260595 0.260591 0.260591 0.260592 0.260568 0.260548 0.260524 0.260522 0.260446 0.260426 0.000000 0.000000
0.000000 0.000000 0.255797 0.255888 0.255965 0.256002 0.256067 0.256101 0.256110 0.256114 0.256124 0.256122 0.256113 0.256108 0.256081 0.256022 0.255988 0.255945 0.255851 0.000000 0.000000
0.000000 0.000000 0.252126 0.252152 0.252105 0.252151 0.252213 0.252315 0.252327 0.252337 0.252334 0.252334 0.252329 0.252313 0.252221 0.252166 0.252108 0.252193 0.252148 0.000000 0.000000
0.000000 0.000000 0.300000 0.300000 0.300000 0.300000 0.300000 0.300000 0.300000 0.300000 0.300000 0.300000 0.300000 0.300000 0.300000 0.300000 0.300000 0.300000 0.300000 0.000000 0.000000
0.000000 0.000000 0.000000 0.000000 0.000000 0.000000 0.000000 0.000000 0.000000 0.000000 0.000000 0.000000 0.000000 0.000000 0.000000 0.000000 0.000000 0.000000 0.000000 0.000000 0.000000