geotop/1.0zi/1.0Montebello/Templates/testdem/maps/_Eocsand9780.asc
ncols         21
nrows         20
xllcorner     100.000000
yllcorner     100.000000
cellsize      50.000000
NODATA_value  -9999.0
0.000000 0.000000 0.000000 0.000000 0.000000 0.000000 0.000000 0.000000 0.000000 0.000000 0.000000 0.000000 0.000000 0.000000 0.000000 0.000000 0.000000 0.000000 0.000000 0.000000 0.000000
0.000000 0.000000 0.300241 0.300238 0.300239 0.300239 0.300238 0.300238 0.300238 0.300239 0.300239 0.300239 0.300239 0.300239 0.300239 0.300238 0.300240 0.300239 0.300239 0.000000 0.000000
0.000000 0.000000 0.300011 0.300013 0.300013 0.300011 0.300012 0.300013 0.300012 0.300012 0.300012 0.300012 0.300011 0.300012 0.300012 0.300012 0.300013 0.300013 0.300014 0.000000 0.000000
0.000000 0.000000 0.299810 0.299808 0.299817 0.299825 0.299824 0.299830 0.299822 0.299824 0.299824 0.299823 0.299821 0.299823 0.299818 0.299811 0.299808 0.299805 0.299806 0.000000 0.000000
0.000000 0.000000 0.297020 0.297021 0.297037 0.297070 0.297097 0.297107 0.297107 0.297108 0.297111 0.297104 0.297098 0.297099 0.297075 0.297061 0.297046 0.297037 0.297024 0.000000 0.000000
0.000000 0.000000 0.289410 0.289422 0.289459 0.289521 0.289584 0.289642 0.289639 0.289651 0.289651 0.289650 0.289638 0.289644 0.289609 0.289554 0.289527 0.289506 0.289493 0.000000 0.000000
0.000000 0.000000 0.279015 0.279037 0.279067 0.279141 0.279223 0.279334 0.279332 0.279342 0.279350 0.279350 0.279351 0.279347 0.279255 0.279188 0.279147 0.279118 0.279103 0.000000 0.000000
0.000000 0.000000 0.266650 0.266677 0.266708 0.266796 0.266887 0.266988 0.266986 0.267001 0.267011 0.267017 0.267020 0.267003 0.266918 0.266842 0.266776 0.266762 0.266733 0.000000 0.000000
0.000000 0.000000 0.253061 0.253099 0.253148 0.253216 0.253319 0.253440 0.253428 0.253453 0.253469 0.253473 0.253467 0.253473 0.253353 0.253263 0.253212 0.253190 0.253165 0.000000 0.000000
0.000000 0.000000 0.238048 0.238100 0.238139 0.238212 0.238325 0.238451 0.238449 0.238467 0.238493 0.238483 0.238466 0.238474 0.238376 0.238260 0.238199 0.238176 0.238164 0.000000 0.000000
0.000000 0.000000 0.220957 0.221001 0.221038 0.221202 0.221256 0.221425 0.221390 0.221474 0.221467 0.221480 0.221506 0.221460 0.221352 0.221279 0.221194 0.221163 0.221090 0.000000 0.000000
0.000000 0.000000 0.200995 0.201085 0.201186 0.201264 0.201354 0.201567 0.201571 0.201582 0.201558 0.201632 0.201596 0.201608 0.201413 0.201301 0.201255 0.201228 0.201080 0.000000 0.000000
0.000000 0.000000 0.178478 0.178562 0.178586 0.178744 0.178853 0.179416 0.179426 0.179464 0.179662 0.179542 0.179529 0.179481 0.179059 0.178962 0.178756 0.178746 0.178709 0.000000 0.000000
0.000000 0.000000 0.150586 0.150627 0.150807 0.150919 0.151705 0.151430 0.151600 0.151601 0.151499 0.151606 0.151625 0.151708 0.151959 0.151091 0.151059 0.150858 0.150736 0.000000 0.000000
0.000000 0.000000 0.118937 0.119031 0.119189 0.120201 0.119774 0.120407 0.120548 0.120616 0.120846 0.120922 0.120806 0.120801 0.120240 0.120650 0.119329 0.119641 0.119688 0.000000 0.000000
0.000000 0.000000 0.090774 0.090830 0.091916 0.091344 0.091544 0.091494 0.091016 0.091144 0.090888 0.090930 0.091137 0.090881 0.091033 0.090846 0.092081 0.090418 0.090442 0.000000 0.000000
0.000000 0.000000 0.066803 0.067608 0.067398 0.067736 0.068160 0.068295 0.068542 0.068486 0.068752 0.068721 0.068570 0.068725 0.068504 0.068186 0.067468 0.067987 0.067148 0.000000 0.000000
0.000000 0.000000 0.056755 0.056681 0.056210 0.056374 0.056532 0.056958 0.056992 0.057079 0.057008 0.057032 0.056998 0.057003 0.056612 0.056491 0.056191 0.056718 0.056784 0.000000 0.000000
0.000000 0.000000 0.300000 0.300000 0.300000 0.300000 0.300000 0.300000 0.300000 0.300000 0.300000 0.300000 0.300000 0.300000 0.300000 0.300000 0.300000 0.300000 0.300000 0.000000 0.000000
0.000000 0.000000 0.000000 0.000000 0.000000 0.000000 0.000000 0.000000 0.000000 0.000000 0.000000 0.000000 0.000000 0.000000 0.000000 0.000000 0.000000 0.000000 0.000000 0.000000 0.000000