geotop/1.0zi/1.0Montebello/Templates/testdem/maps/_Eocsand8147.asc
ncols         21
nrows         20
xllcorner     100.000000
yllcorner     100.000000
cellsize      50.000000
NODATA_value  -9999.0
0.000000 0.000000 0.000000 0.000000 0.000000 0.000000 0.000000 0.000000 0.000000 0.000000 0.000000 0.000000 0.000000 0.000000 0.000000 0.000000 0.000000 0.000000 0.000000 0.000000 0.000000
0.000000 0.000000 0.300207 0.300205 0.300205 0.300205 0.300204 0.300204 0.300204 0.300204 0.300205 0.300204 0.300204 0.300205 0.300204 0.300204 0.300206 0.300206 0.300206 0.000000 0.000000
0.000000 0.000000 0.300011 0.300012 0.300012 0.300010 0.300011 0.300012 0.300011 0.300011 0.300012 0.300012 0.300011 0.300011 0.300011 0.300011 0.300012 0.300013 0.300013 0.000000 0.000000
0.000000 0.000000 0.299894 0.299893 0.299897 0.299906 0.299901 0.299909 0.299904 0.299906 0.299906 0.299906 0.299906 0.299908 0.299903 0.299899 0.299896 0.299893 0.299894 0.000000 0.000000
0.000000 0.000000 0.297964 0.297960 0.297969 0.297985 0.298007 0.298017 0.298024 0.298022 0.298026 0.298025 0.298028 0.298023 0.297999 0.297992 0.297980 0.297967 0.297957 0.000000 0.000000
0.000000 0.000000 0.292348 0.292349 0.292372 0.292418 0.292452 0.292500 0.292500 0.292513 0.292505 0.292506 0.292502 0.292501 0.292478 0.292444 0.292416 0.292394 0.292382 0.000000 0.000000
0.000000 0.000000 0.284501 0.284508 0.284529 0.284580 0.284645 0.284719 0.284719 0.284730 0.284727 0.284728 0.284731 0.284725 0.284661 0.284603 0.284568 0.284540 0.284524 0.000000 0.000000
0.000000 0.000000 0.275206 0.275210 0.275226 0.275284 0.275346 0.275428 0.275429 0.275438 0.275440 0.275446 0.275450 0.275435 0.275365 0.275310 0.275257 0.275240 0.275215 0.000000 0.000000
0.000000 0.000000 0.265272 0.265287 0.265318 0.265356 0.265422 0.265510 0.265506 0.265526 0.265531 0.265535 0.265532 0.265534 0.265449 0.265379 0.265337 0.265316 0.265294 0.000000 0.000000
0.000000 0.000000 0.254768 0.254786 0.254803 0.254841 0.254937 0.255017 0.255017 0.255027 0.255039 0.255033 0.255022 0.255026 0.254954 0.254873 0.254823 0.254806 0.254790 0.000000 0.000000
0.000000 0.000000 0.243355 0.243367 0.243387 0.243469 0.243536 0.243630 0.243611 0.243661 0.243655 0.243657 0.243676 0.243642 0.243575 0.243525 0.243461 0.243427 0.243384 0.000000 0.000000
0.000000 0.000000 0.230683 0.230717 0.230757 0.230809 0.230886 0.231004 0.231012 0.231026 0.230999 0.231040 0.231028 0.231021 0.230899 0.230837 0.230793 0.230769 0.230662 0.000000 0.000000
0.000000 0.000000 0.216975 0.217007 0.217023 0.217100 0.217167 0.217475 0.217479 0.217498 0.217578 0.217536 0.217519 0.217490 0.217256 0.217193 0.217076 0.217063 0.217010 0.000000 0.000000
0.000000 0.000000 0.200906 0.200915 0.200982 0.201035 0.201419 0.201392 0.201472 0.201471 0.201448 0.201471 0.201482 0.201499 0.201533 0.201134 0.201068 0.200963 0.200887 0.000000 0.000000
0.000000 0.000000 0.181962 0.181996 0.182077 0.182564 0.182527 0.182769 0.182880 0.182907 0.182989 0.183047 0.182994 0.183004 0.182768 0.182776 0.182132 0.182228 0.182214 0.000000 0.000000
0.000000 0.000000 0.161181 0.161211 0.161918 0.161733 0.161785 0.161855 0.161594 0.161677 0.161541 0.161592 0.161707 0.161531 0.161514 0.161474 0.161978 0.160964 0.160977 0.000000 0.000000
0.000000 0.000000 0.135417 0.136523 0.136305 0.136715 0.137271 0.137433 0.137731 0.137662 0.137990 0.137962 0.137776 0.137957 0.137679 0.137269 0.136343 0.136928 0.135776 0.000000 0.000000
0.000000 0.000000 0.125828 0.124805 0.123862 0.123858 0.123816 0.124721 0.124574 0.124839 0.124412 0.124499 0.124562 0.124417 0.123663 0.123695 0.123687 0.124428 0.125426 0.000000 0.000000
0.000000 0.000000 0.300000 0.300000 0.300000 0.300000 0.300000 0.300000 0.300000 0.300000 0.300000 0.300000 0.300000 0.300000 0.300000 0.300000 0.300000 0.300000 0.300000 0.000000 0.000000
0.000000 0.000000 0.000000 0.000000 0.000000 0.000000 0.000000 0.000000 0.000000 0.000000 0.000000 0.000000 0.000000 0.000000 0.000000 0.000000 0.000000 0.000000 0.000000 0.000000 0.000000