geotop/1.0zi/1.0Montebello/Templates/testdem/maps/_Eocsilt4858.asc
ncols         21
nrows         20
xllcorner     100.000000
yllcorner     100.000000
cellsize      50.000000
NODATA_value  -9999.0
0.000000 0.000000 0.000000 0.000000 0.000000 0.000000 0.000000 0.000000 0.000000 0.000000 0.000000 0.000000 0.000000 0.000000 0.000000 0.000000 0.000000 0.000000 0.000000 0.000000 0.000000
0.000000 0.000000 0.350099 0.350099 0.350099 0.350099 0.350099 0.350099 0.350099 0.350099 0.350099 0.350099 0.350099 0.350099 0.350099 0.350099 0.350099 0.350099 0.350099 0.000000 0.000000
0.000000 0.000000 0.350002 0.350002 0.350003 0.350003 0.350003 0.350003 0.350004 0.350003 0.350003 0.350003 0.350003 0.350003 0.350003 0.350003 0.350002 0.350002 0.350002 0.000000 0.000000
0.000000 0.000000 0.350037 0.350036 0.350036 0.350031 0.350032 0.350030 0.350032 0.350033 0.350032 0.350032 0.350032 0.350031 0.350033 0.350035 0.350036 0.350038 0.350036 0.000000 0.000000
0.000000 0.000000 0.350414 0.350418 0.350417 0.350412 0.350410 0.350406 0.350405 0.350402 0.350401 0.350403 0.350403 0.350404 0.350409 0.350410 0.350410 0.350418 0.350422 0.000000 0.000000
0.000000 0.000000 0.351653 0.351656 0.351652 0.351640 0.351634 0.351619 0.351616 0.351612 0.351616 0.351618 0.351622 0.351621 0.351626 0.351631 0.351638 0.351640 0.351644 0.000000 0.000000
0.000000 0.000000 0.353566 0.353565 0.353559 0.353544 0.353526 0.353508 0.353510 0.353507 0.353510 0.353508 0.353506 0.353511 0.353524 0.353539 0.353545 0.353552 0.353559 0.000000 0.000000
0.000000 0.000000 0.355823 0.355820 0.355819 0.355805 0.355788 0.355769 0.355771 0.355767 0.355767 0.355767 0.355766 0.355767 0.355784 0.355803 0.355813 0.355816 0.355822 0.000000 0.000000
0.000000 0.000000 0.358172 0.358167 0.358161 0.358149 0.358132 0.358109 0.358110 0.358106 0.358106 0.358107 0.358106 0.358108 0.358127 0.358146 0.358154 0.358160 0.358169 0.000000 0.000000
0.000000 0.000000 0.360505 0.360501 0.360497 0.360485 0.360466 0.360446 0.360449 0.360446 0.360445 0.360446 0.360444 0.360444 0.360464 0.360483 0.360490 0.360495 0.360501 0.000000 0.000000
0.000000 0.000000 0.362867 0.362862 0.362859 0.362849 0.362834 0.362810 0.362812 0.362807 0.362807 0.362808 0.362806 0.362806 0.362824 0.362839 0.362849 0.362854 0.362862 0.000000 0.000000
0.000000 0.000000 0.365320 0.365316 0.365310 0.365296 0.365280 0.365256 0.365256 0.365253 0.365253 0.365252 0.365252 0.365252 0.365275 0.365292 0.365301 0.365305 0.365330 0.000000 0.000000
0.000000 0.000000 0.367814 0.367809 0.367803 0.367792 0.367773 0.367723 0.367723 0.367719 0.367719 0.367719 0.367716 0.367718 0.367762 0.367783 0.367792 0.367797 0.367811 0.000000 0.000000
0.000000 0.000000 0.370470 0.370461 0.370457 0.370446 0.370392 0.370380 0.370372 0.370369 0.370369 0.370369 0.370366 0.370367 0.370382 0.370432 0.370442 0.370454 0.370462 0.000000 0.000000
0.000000 0.000000 0.373346 0.373339 0.373324 0.373277 0.373253 0.373221 0.373206 0.373202 0.373194 0.373192 0.373195 0.373191 0.373216 0.373250 0.373307 0.373305 0.373313 0.000000 0.000000
0.000000 0.000000 0.376333 0.376325 0.376268 0.376259 0.376243 0.376227 0.376226 0.376225 0.376228 0.376227 0.376220 0.376232 0.376240 0.376253 0.376251 0.376316 0.376330 0.000000 0.000000
0.000000 0.000000 0.379679 0.379601 0.379556 0.379533 0.379492 0.379471 0.379467 0.379464 0.379455 0.379455 0.379457 0.379451 0.379468 0.379513 0.379543 0.379571 0.379648 0.000000 0.000000
0.000000 0.000000 0.382250 0.382238 0.382290 0.382262 0.382229 0.382153 0.382146 0.382139 0.382143 0.382141 0.382137 0.382145 0.382214 0.382250 0.382291 0.382224 0.382250 0.000000 0.000000
0.000000 0.000000 0.350000 0.350000 0.350000 0.350000 0.350000 0.350000 0.350000 0.350000 0.350000 0.350000 0.350000 0.350000 0.350000 0.350000 0.350000 0.350000 0.350000 0.000000 0.000000
0.000000 0.000000 0.000000 0.000000 0.000000 0.000000 0.000000 0.000000 0.000000 0.000000 0.000000 0.000000 0.000000 0.000000 0.000000 0.000000 0.000000 0.000000 0.000000 0.000000 0.000000