geotop/1.0zi/1.0Montebello/Templates/testdem/maps/_Eocsand3652.asc
ncols         21
nrows         20
xllcorner     100.000000
yllcorner     100.000000
cellsize      50.000000
NODATA_value  -9999.0
0.000000 0.000000 0.000000 0.000000 0.000000 0.000000 0.000000 0.000000 0.000000 0.000000 0.000000 0.000000 0.000000 0.000000 0.000000 0.000000 0.000000 0.000000 0.000000 0.000000 0.000000
0.000000 0.000000 0.300099 0.300099 0.300099 0.300099 0.300099 0.300099 0.300099 0.300099 0.300100 0.300099 0.300099 0.300099 0.300099 0.300099 0.300099 0.300099 0.300099 0.000000 0.000000
0.000000 0.000000 0.300011 0.300011 0.300011 0.300011 0.300011 0.300011 0.300011 0.300011 0.300010 0.300011 0.300011 0.300011 0.300011 0.300011 0.300011 0.300011 0.300011 0.000000 0.000000
0.000000 0.000000 0.297315 0.297316 0.297321 0.297319 0.297316 0.297316 0.297316 0.297316 0.297315 0.297316 0.297316 0.297316 0.297316 0.297319 0.297321 0.297316 0.297315 0.000000 0.000000
0.000000 0.000000 0.286785 0.286787 0.286790 0.286790 0.286784 0.286787 0.286788 0.286785 0.286784 0.286785 0.286788 0.286787 0.286784 0.286790 0.286790 0.286787 0.286785 0.000000 0.000000
0.000000 0.000000 0.274362 0.274364 0.274367 0.274367 0.274363 0.274364 0.274365 0.274364 0.274363 0.274364 0.274365 0.274364 0.274363 0.274367 0.274367 0.274364 0.274362 0.000000 0.000000
0.000000 0.000000 0.262909 0.262911 0.262913 0.262913 0.262910 0.262911 0.262912 0.262911 0.262909 0.262911 0.262912 0.262911 0.262910 0.262913 0.262913 0.262911 0.262909 0.000000 0.000000
0.000000 0.000000 0.252536 0.252537 0.252540 0.252539 0.252536 0.252537 0.252538 0.252537 0.252536 0.252537 0.252538 0.252537 0.252536 0.252539 0.252540 0.252537 0.252536 0.000000 0.000000
0.000000 0.000000 0.242974 0.242976 0.242978 0.242977 0.242975 0.242976 0.242977 0.242976 0.242975 0.242976 0.242977 0.242976 0.242975 0.242977 0.242978 0.242976 0.242974 0.000000 0.000000
0.000000 0.000000 0.234001 0.234002 0.234004 0.234004 0.234001 0.234002 0.234003 0.234002 0.234001 0.234002 0.234003 0.234002 0.234001 0.234004 0.234004 0.234002 0.234001 0.000000 0.000000
0.000000 0.000000 0.225497 0.225499 0.225500 0.225500 0.225498 0.225499 0.225499 0.225498 0.225497 0.225498 0.225499 0.225499 0.225498 0.225500 0.225500 0.225499 0.225497 0.000000 0.000000
0.000000 0.000000 0.217380 0.217381 0.217383 0.217382 0.217380 0.217381 0.217381 0.217381 0.217380 0.217381 0.217381 0.217381 0.217380 0.217382 0.217383 0.217381 0.217380 0.000000 0.000000
0.000000 0.000000 0.209587 0.209588 0.209590 0.209589 0.209587 0.209588 0.209588 0.209588 0.209587 0.209588 0.209588 0.209588 0.209587 0.209589 0.209590 0.209588 0.209587 0.000000 0.000000
0.000000 0.000000 0.202061 0.202062 0.202064 0.202063 0.202061 0.202062 0.202063 0.202062 0.202061 0.202062 0.202063 0.202062 0.202061 0.202063 0.202064 0.202062 0.202061 0.000000 0.000000
0.000000 0.000000 0.194778 0.194779 0.194781 0.194780 0.194778 0.194779 0.194780 0.194779 0.194778 0.194779 0.194780 0.194779 0.194778 0.194780 0.194781 0.194779 0.194778 0.000000 0.000000
0.000000 0.000000 0.187729 0.187730 0.187732 0.187731 0.187729 0.187730 0.187731 0.187730 0.187729 0.187730 0.187731 0.187730 0.187729 0.187731 0.187732 0.187730 0.187729 0.000000 0.000000
0.000000 0.000000 0.180890 0.180891 0.180893 0.180892 0.180890 0.180891 0.180891 0.180891 0.180890 0.180891 0.180891 0.180891 0.180890 0.180892 0.180893 0.180891 0.180890 0.000000 0.000000
0.000000 0.000000 0.174169 0.174169 0.174171 0.174170 0.174169 0.174169 0.174170 0.174169 0.174168 0.174169 0.174170 0.174169 0.174169 0.174170 0.174171 0.174169 0.174168 0.000000 0.000000
0.000000 0.000000 0.300000 0.300000 0.300000 0.300000 0.300000 0.300000 0.300000 0.300000 0.300000 0.300000 0.300000 0.300000 0.300000 0.300000 0.300000 0.300000 0.300000 0.000000 0.000000
0.000000 0.000000 0.000000 0.000000 0.000000 0.000000 0.000000 0.000000 0.000000 0.000000 0.000000 0.000000 0.000000 0.000000 0.000000 0.000000 0.000000 0.000000 0.000000 0.000000 0.000000