geotop/1.0zi/1.0Montebello/Templates/testdem/maps/_Eocsand3096.asc
ncols         21
nrows         20
xllcorner     100.000000
yllcorner     100.000000
cellsize      50.000000
NODATA_value  -9999.0
0.000000 0.000000 0.000000 0.000000 0.000000 0.000000 0.000000 0.000000 0.000000 0.000000 0.000000 0.000000 0.000000 0.000000 0.000000 0.000000 0.000000 0.000000 0.000000 0.000000 0.000000
0.000000 0.000000 0.300087 0.300087 0.300087 0.300087 0.300087 0.300087 0.300087 0.300087 0.300089 0.300087 0.300087 0.300087 0.300087 0.300087 0.300087 0.300087 0.300087 0.000000 0.000000
0.000000 0.000000 0.300011 0.300011 0.300011 0.300011 0.300011 0.300011 0.300011 0.300011 0.300009 0.300011 0.300011 0.300011 0.300011 0.300011 0.300011 0.300011 0.300011 0.000000 0.000000
0.000000 0.000000 0.297504 0.297505 0.297510 0.297508 0.297504 0.297505 0.297505 0.297504 0.297504 0.297504 0.297505 0.297505 0.297504 0.297508 0.297510 0.297505 0.297504 0.000000 0.000000
0.000000 0.000000 0.288113 0.288114 0.288118 0.288118 0.288112 0.288114 0.288114 0.288111 0.288110 0.288111 0.288114 0.288114 0.288112 0.288118 0.288118 0.288114 0.288113 0.000000 0.000000
0.000000 0.000000 0.277262 0.277263 0.277266 0.277266 0.277261 0.277263 0.277263 0.277261 0.277260 0.277261 0.277263 0.277263 0.277261 0.277266 0.277266 0.277263 0.277262 0.000000 0.000000
0.000000 0.000000 0.267298 0.267299 0.267302 0.267302 0.267298 0.267299 0.267299 0.267297 0.267296 0.267297 0.267299 0.267299 0.267298 0.267302 0.267302 0.267299 0.267298 0.000000 0.000000
0.000000 0.000000 0.258264 0.258264 0.258267 0.258267 0.258263 0.258265 0.258264 0.258263 0.258262 0.258263 0.258264 0.258265 0.258263 0.258267 0.258267 0.258264 0.258264 0.000000 0.000000
0.000000 0.000000 0.249912 0.249913 0.249915 0.249915 0.249912 0.249913 0.249913 0.249911 0.249910 0.249911 0.249913 0.249913 0.249912 0.249915 0.249915 0.249913 0.249912 0.000000 0.000000
0.000000 0.000000 0.242043 0.242044 0.242046 0.242046 0.242043 0.242044 0.242044 0.242043 0.242042 0.242043 0.242044 0.242044 0.242043 0.242046 0.242046 0.242044 0.242043 0.000000 0.000000
0.000000 0.000000 0.234561 0.234561 0.234564 0.234563 0.234561 0.234561 0.234561 0.234560 0.234559 0.234560 0.234561 0.234561 0.234561 0.234563 0.234564 0.234561 0.234561 0.000000 0.000000
0.000000 0.000000 0.227392 0.227393 0.227395 0.227395 0.227392 0.227393 0.227393 0.227392 0.227391 0.227392 0.227393 0.227393 0.227392 0.227395 0.227395 0.227393 0.227392 0.000000 0.000000
0.000000 0.000000 0.220487 0.220488 0.220490 0.220489 0.220487 0.220488 0.220488 0.220487 0.220486 0.220487 0.220488 0.220488 0.220487 0.220489 0.220490 0.220488 0.220487 0.000000 0.000000
0.000000 0.000000 0.213786 0.213787 0.213789 0.213788 0.213786 0.213787 0.213787 0.213786 0.213785 0.213786 0.213787 0.213787 0.213786 0.213788 0.213789 0.213787 0.213786 0.000000 0.000000
0.000000 0.000000 0.207276 0.207276 0.207279 0.207278 0.207276 0.207276 0.207276 0.207275 0.207274 0.207275 0.207276 0.207276 0.207276 0.207278 0.207279 0.207276 0.207276 0.000000 0.000000
0.000000 0.000000 0.200942 0.200943 0.200945 0.200944 0.200942 0.200943 0.200943 0.200942 0.200941 0.200942 0.200943 0.200943 0.200942 0.200944 0.200945 0.200943 0.200942 0.000000 0.000000
0.000000 0.000000 0.194765 0.194766 0.194768 0.194767 0.194765 0.194766 0.194766 0.194765 0.194764 0.194765 0.194766 0.194766 0.194765 0.194767 0.194768 0.194766 0.194765 0.000000 0.000000
0.000000 0.000000 0.188604 0.188603 0.188605 0.188605 0.188603 0.188603 0.188603 0.188602 0.188601 0.188602 0.188603 0.188603 0.188603 0.188605 0.188605 0.188603 0.188603 0.000000 0.000000
0.000000 0.000000 0.300000 0.300000 0.300000 0.300000 0.300000 0.300000 0.300000 0.300000 0.300000 0.300000 0.300000 0.300000 0.300000 0.300000 0.300000 0.300000 0.300000 0.000000 0.000000
0.000000 0.000000 0.000000 0.000000 0.000000 0.000000 0.000000 0.000000 0.000000 0.000000 0.000000 0.000000 0.000000 0.000000 0.000000 0.000000 0.000000 0.000000 0.000000 0.000000 0.000000