geotop/1.0zi/1.0Montebello/Templates/testdem/maps/_Eocclay0634.asc
ncols         21
nrows         20
xllcorner     100.000000
yllcorner     100.000000
cellsize      50.000000
NODATA_value  -9999.0
0.000000 0.000000 0.000000 0.000000 0.000000 0.000000 0.000000 0.000000 0.000000 0.000000 0.000000 0.000000 0.000000 0.000000 0.000000 0.000000 0.000000 0.000000 0.000000 0.000000 0.000000
0.000000 0.000000 0.349965 0.349965 0.349965 0.349965 0.349965 0.349965 0.349965 0.349965 0.349965 0.349965 0.349965 0.349965 0.349965 0.349965 0.349965 0.349965 0.349965 0.000000 0.000000
0.000000 0.000000 0.349997 0.349997 0.349997 0.349997 0.349997 0.349997 0.349997 0.349997 0.349997 0.349997 0.349997 0.349997 0.349997 0.349997 0.349997 0.349997 0.349997 0.000000 0.000000
0.000000 0.000000 0.350279 0.350279 0.350277 0.350279 0.350279 0.350279 0.350279 0.350279 0.350279 0.350279 0.350279 0.350279 0.350279 0.350279 0.350277 0.350279 0.350279 0.000000 0.000000
0.000000 0.000000 0.351285 0.351285 0.351283 0.351285 0.351285 0.351285 0.351285 0.351285 0.351285 0.351285 0.351285 0.351285 0.351285 0.351285 0.351283 0.351285 0.351285 0.000000 0.000000
0.000000 0.000000 0.352335 0.352335 0.352333 0.352335 0.352335 0.352335 0.352335 0.352335 0.352335 0.352335 0.352335 0.352335 0.352335 0.352335 0.352333 0.352335 0.352335 0.000000 0.000000
0.000000 0.000000 0.353339 0.353339 0.353337 0.353338 0.353339 0.353339 0.353339 0.353339 0.353339 0.353339 0.353339 0.353339 0.353339 0.353338 0.353337 0.353339 0.353339 0.000000 0.000000
0.000000 0.000000 0.354275 0.354275 0.354274 0.354275 0.354275 0.354275 0.354275 0.354275 0.354275 0.354275 0.354275 0.354275 0.354275 0.354275 0.354274 0.354275 0.354275 0.000000 0.000000
0.000000 0.000000 0.355162 0.355162 0.355160 0.355161 0.355162 0.355162 0.355162 0.355162 0.355162 0.355162 0.355162 0.355162 0.355162 0.355161 0.355160 0.355162 0.355162 0.000000 0.000000
0.000000 0.000000 0.356017 0.356017 0.356016 0.356017 0.356018 0.356018 0.356018 0.356018 0.356018 0.356018 0.356018 0.356018 0.356018 0.356017 0.356016 0.356017 0.356017 0.000000 0.000000
0.000000 0.000000 0.356851 0.356851 0.356850 0.356851 0.356851 0.356851 0.356851 0.356851 0.356851 0.356851 0.356851 0.356851 0.356851 0.356851 0.356850 0.356851 0.356851 0.000000 0.000000
0.000000 0.000000 0.357669 0.357669 0.357668 0.357669 0.357669 0.357669 0.357669 0.357669 0.357669 0.357669 0.357669 0.357669 0.357669 0.357669 0.357668 0.357669 0.357669 0.000000 0.000000
0.000000 0.000000 0.358474 0.358474 0.358473 0.358474 0.358474 0.358474 0.358474 0.358474 0.358474 0.358474 0.358474 0.358474 0.358474 0.358474 0.358473 0.358474 0.358474 0.000000 0.000000
0.000000 0.000000 0.359268 0.359268 0.359267 0.359268 0.359268 0.359268 0.359268 0.359268 0.359268 0.359268 0.359268 0.359268 0.359268 0.359268 0.359267 0.359268 0.359268 0.000000 0.000000
0.000000 0.000000 0.360055 0.360055 0.360054 0.360055 0.360055 0.360055 0.360055 0.360055 0.360055 0.360055 0.360055 0.360055 0.360055 0.360055 0.360054 0.360055 0.360055 0.000000 0.000000
0.000000 0.000000 0.360839 0.360839 0.360838 0.360839 0.360839 0.360839 0.360839 0.360839 0.360839 0.360839 0.360839 0.360839 0.360839 0.360839 0.360838 0.360839 0.360839 0.000000 0.000000
0.000000 0.000000 0.361615 0.361615 0.361614 0.361615 0.361615 0.361615 0.361615 0.361615 0.361615 0.361615 0.361615 0.361615 0.361615 0.361615 0.361614 0.361615 0.361615 0.000000 0.000000
0.000000 0.000000 0.362398 0.362398 0.362396 0.362398 0.362398 0.362398 0.362398 0.362398 0.362398 0.362398 0.362398 0.362398 0.362398 0.362398 0.362396 0.362398 0.362398 0.000000 0.000000
0.000000 0.000000 0.350000 0.350000 0.350000 0.350000 0.350000 0.350000 0.350000 0.350000 0.350000 0.350000 0.350000 0.350000 0.350000 0.350000 0.350000 0.350000 0.350000 0.000000 0.000000
0.000000 0.000000 0.000000 0.000000 0.000000 0.000000 0.000000 0.000000 0.000000 0.000000 0.000000 0.000000 0.000000 0.000000 0.000000 0.000000 0.000000 0.000000 0.000000 0.000000 0.000000