geotop/1.0zi/1.0Montebello/Templates/testdem/maps/_Eocsand1880.asc
ncols         21
nrows         20
xllcorner     100.000000
yllcorner     100.000000
cellsize      50.000000
NODATA_value  -9999.0
0.000000 0.000000 0.000000 0.000000 0.000000 0.000000 0.000000 0.000000 0.000000 0.000000 0.000000 0.000000 0.000000 0.000000 0.000000 0.000000 0.000000 0.000000 0.000000 0.000000 0.000000
0.000000 0.000000 0.300057 0.300057 0.300057 0.300057 0.300057 0.300057 0.300057 0.300057 0.300057 0.300057 0.300057 0.300057 0.300057 0.300057 0.300057 0.300057 0.300057 0.000000 0.000000
0.000000 0.000000 0.300008 0.300008 0.300009 0.300008 0.300008 0.300008 0.300008 0.300008 0.300008 0.300008 0.300008 0.300008 0.300008 0.300008 0.300009 0.300008 0.300008 0.000000 0.000000
0.000000 0.000000 0.298651 0.298652 0.298656 0.298654 0.298650 0.298651 0.298651 0.298650 0.298651 0.298650 0.298651 0.298651 0.298650 0.298654 0.298656 0.298652 0.298651 0.000000 0.000000
0.000000 0.000000 0.293365 0.293366 0.293370 0.293370 0.293363 0.293365 0.293365 0.293363 0.293363 0.293363 0.293365 0.293365 0.293363 0.293370 0.293370 0.293366 0.293365 0.000000 0.000000
0.000000 0.000000 0.287009 0.287010 0.287013 0.287013 0.287008 0.287009 0.287009 0.287007 0.287007 0.287007 0.287009 0.287009 0.287008 0.287013 0.287013 0.287010 0.287009 0.000000 0.000000
0.000000 0.000000 0.281078 0.281078 0.281081 0.281081 0.281077 0.281078 0.281078 0.281076 0.281076 0.281076 0.281078 0.281078 0.281077 0.281081 0.281081 0.281078 0.281078 0.000000 0.000000
0.000000 0.000000 0.275632 0.275633 0.275636 0.275635 0.275632 0.275633 0.275632 0.275631 0.275631 0.275631 0.275632 0.275633 0.275632 0.275635 0.275636 0.275633 0.275632 0.000000 0.000000
0.000000 0.000000 0.270540 0.270540 0.270543 0.270542 0.270539 0.270540 0.270540 0.270539 0.270538 0.270539 0.270540 0.270540 0.270539 0.270542 0.270543 0.270540 0.270540 0.000000 0.000000
0.000000 0.000000 0.265675 0.265676 0.265678 0.265678 0.265675 0.265675 0.265675 0.265674 0.265674 0.265674 0.265675 0.265675 0.265675 0.265678 0.265678 0.265676 0.265675 0.000000 0.000000
0.000000 0.000000 0.260986 0.260986 0.260989 0.260988 0.260985 0.260986 0.260986 0.260985 0.260985 0.260985 0.260986 0.260986 0.260985 0.260988 0.260989 0.260986 0.260986 0.000000 0.000000
0.000000 0.000000 0.256428 0.256428 0.256431 0.256430 0.256427 0.256428 0.256428 0.256427 0.256427 0.256427 0.256428 0.256428 0.256427 0.256430 0.256431 0.256428 0.256428 0.000000 0.000000
0.000000 0.000000 0.251969 0.251970 0.251972 0.251972 0.251969 0.251970 0.251970 0.251968 0.251968 0.251968 0.251970 0.251970 0.251969 0.251972 0.251972 0.251970 0.251969 0.000000 0.000000
0.000000 0.000000 0.247603 0.247603 0.247606 0.247605 0.247602 0.247603 0.247603 0.247602 0.247602 0.247602 0.247603 0.247603 0.247602 0.247605 0.247606 0.247603 0.247603 0.000000 0.000000
0.000000 0.000000 0.243307 0.243308 0.243310 0.243309 0.243307 0.243308 0.243307 0.243306 0.243306 0.243306 0.243307 0.243308 0.243307 0.243309 0.243310 0.243308 0.243307 0.000000 0.000000
0.000000 0.000000 0.239070 0.239070 0.239073 0.239072 0.239069 0.239070 0.239070 0.239069 0.239068 0.239069 0.239070 0.239070 0.239069 0.239072 0.239073 0.239070 0.239070 0.000000 0.000000
0.000000 0.000000 0.234892 0.234892 0.234895 0.234894 0.234891 0.234892 0.234892 0.234891 0.234891 0.234891 0.234892 0.234892 0.234891 0.234894 0.234895 0.234892 0.234892 0.000000 0.000000
0.000000 0.000000 0.230693 0.230693 0.230696 0.230695 0.230692 0.230693 0.230693 0.230692 0.230691 0.230692 0.230693 0.230693 0.230692 0.230695 0.230696 0.230693 0.230693 0.000000 0.000000
0.000000 0.000000 0.300000 0.300000 0.300000 0.300000 0.300000 0.300000 0.300000 0.300000 0.300000 0.300000 0.300000 0.300000 0.300000 0.300000 0.300000 0.300000 0.300000 0.000000 0.000000
0.000000 0.000000 0.000000 0.000000 0.000000 0.000000 0.000000 0.000000 0.000000 0.000000 0.000000 0.000000 0.000000 0.000000 0.000000 0.000000 0.000000 0.000000 0.000000 0.000000 0.000000