geotop/1.0zi/1.0Montebello/Templates/testdem/maps/_Eocsilt0400.asc
ncols         21
nrows         20
xllcorner     100.000000
yllcorner     100.000000
cellsize      50.000000
NODATA_value  -9999.0
0.000000 0.000000 0.000000 0.000000 0.000000 0.000000 0.000000 0.000000 0.000000 0.000000 0.000000 0.000000 0.000000 0.000000 0.000000 0.000000 0.000000 0.000000 0.000000 0.000000 0.000000
0.000000 0.000000 0.350009 0.350009 0.350009 0.350009 0.350009 0.350009 0.350009 0.350009 0.350009 0.350009 0.350009 0.350009 0.350009 0.350009 0.350009 0.350009 0.350009 0.000000 0.000000
0.000000 0.000000 0.349999 0.349999 0.349999 0.349999 0.349999 0.349999 0.349999 0.349999 0.349999 0.349999 0.349999 0.349999 0.349999 0.349999 0.349999 0.349999 0.349999 0.000000 0.000000
0.000000 0.000000 0.350256 0.350256 0.350254 0.350256 0.350256 0.350256 0.350256 0.350256 0.350256 0.350256 0.350256 0.350256 0.350256 0.350256 0.350254 0.350256 0.350256 0.000000 0.000000
0.000000 0.000000 0.350962 0.350962 0.350960 0.350962 0.350962 0.350963 0.350963 0.350963 0.350962 0.350963 0.350963 0.350963 0.350962 0.350962 0.350960 0.350962 0.350962 0.000000 0.000000
0.000000 0.000000 0.351661 0.351661 0.351659 0.351661 0.351661 0.351661 0.351661 0.351661 0.351661 0.351661 0.351661 0.351661 0.351661 0.351661 0.351659 0.351661 0.351661 0.000000 0.000000
0.000000 0.000000 0.352290 0.352290 0.352288 0.352289 0.352290 0.352290 0.352290 0.352290 0.352290 0.352290 0.352290 0.352290 0.352290 0.352289 0.352288 0.352290 0.352290 0.000000 0.000000
0.000000 0.000000 0.352873 0.352873 0.352871 0.352872 0.352873 0.352873 0.352873 0.352873 0.352873 0.352873 0.352873 0.352873 0.352873 0.352872 0.352871 0.352873 0.352873 0.000000 0.000000
0.000000 0.000000 0.353424 0.353424 0.353422 0.353423 0.353424 0.353424 0.353424 0.353424 0.353424 0.353424 0.353424 0.353424 0.353424 0.353423 0.353422 0.353424 0.353424 0.000000 0.000000
0.000000 0.000000 0.353956 0.353956 0.353954 0.353956 0.353956 0.353956 0.353956 0.353956 0.353956 0.353956 0.353956 0.353956 0.353956 0.353956 0.353954 0.353956 0.353956 0.000000 0.000000
0.000000 0.000000 0.354473 0.354473 0.354472 0.354473 0.354473 0.354473 0.354473 0.354473 0.354473 0.354473 0.354473 0.354473 0.354473 0.354473 0.354472 0.354473 0.354473 0.000000 0.000000
0.000000 0.000000 0.354981 0.354981 0.354979 0.354980 0.354981 0.354981 0.354981 0.354981 0.354981 0.354981 0.354981 0.354981 0.354981 0.354980 0.354979 0.354981 0.354981 0.000000 0.000000
0.000000 0.000000 0.355479 0.355479 0.355477 0.355479 0.355479 0.355479 0.355479 0.355479 0.355479 0.355479 0.355479 0.355479 0.355479 0.355479 0.355477 0.355479 0.355479 0.000000 0.000000
0.000000 0.000000 0.355968 0.355968 0.355966 0.355968 0.355968 0.355968 0.355968 0.355968 0.355968 0.355968 0.355968 0.355968 0.355968 0.355968 0.355966 0.355968 0.355968 0.000000 0.000000
0.000000 0.000000 0.356452 0.356452 0.356450 0.356452 0.356452 0.356452 0.356452 0.356452 0.356452 0.356452 0.356452 0.356452 0.356452 0.356452 0.356450 0.356452 0.356452 0.000000 0.000000
0.000000 0.000000 0.356935 0.356935 0.356934 0.356935 0.356935 0.356935 0.356935 0.356935 0.356935 0.356935 0.356935 0.356935 0.356935 0.356935 0.356934 0.356935 0.356935 0.000000 0.000000
0.000000 0.000000 0.357413 0.357413 0.357411 0.357413 0.357413 0.357413 0.357413 0.357413 0.357413 0.357413 0.357413 0.357413 0.357413 0.357413 0.357411 0.357413 0.357413 0.000000 0.000000
0.000000 0.000000 0.357906 0.357906 0.357905 0.357906 0.357906 0.357906 0.357906 0.357906 0.357906 0.357906 0.357906 0.357906 0.357906 0.357906 0.357905 0.357906 0.357906 0.000000 0.000000
0.000000 0.000000 0.350000 0.350000 0.350000 0.350000 0.350000 0.350000 0.350000 0.350000 0.350000 0.350000 0.350000 0.350000 0.350000 0.350000 0.350000 0.350000 0.350000 0.000000 0.000000
0.000000 0.000000 0.000000 0.000000 0.000000 0.000000 0.000000 0.000000 0.000000 0.000000 0.000000 0.000000 0.000000 0.000000 0.000000 0.000000 0.000000 0.000000 0.000000 0.000000 0.000000