geotop/1.0zi/1.0Montebello/Templates/testdem/maps/_Eocsilt7315.asc
ncols         21
nrows         20
xllcorner     100.000000
yllcorner     100.000000
cellsize      50.000000
NODATA_value  -9999.0
0.000000 0.000000 0.000000 0.000000 0.000000 0.000000 0.000000 0.000000 0.000000 0.000000 0.000000 0.000000 0.000000 0.000000 0.000000 0.000000 0.000000 0.000000 0.000000 0.000000 0.000000
0.000000 0.000000 0.350150 0.350151 0.350151 0.350151 0.350151 0.350151 0.350151 0.350151 0.350151 0.350151 0.350151 0.350151 0.350151 0.350151 0.350151 0.350151 0.350150 0.000000 0.000000
0.000000 0.000000 0.350004 0.350003 0.350003 0.350003 0.350004 0.350003 0.350004 0.350004 0.350004 0.350004 0.350004 0.350004 0.350004 0.350003 0.350002 0.350002 0.350003 0.000000 0.000000
0.000000 0.000000 0.350081 0.350077 0.350076 0.350069 0.350071 0.350067 0.350070 0.350070 0.350067 0.350069 0.350069 0.350069 0.350071 0.350073 0.350077 0.350076 0.350077 0.000000 0.000000
0.000000 0.000000 0.350861 0.350867 0.350862 0.350852 0.350847 0.350840 0.350837 0.350836 0.350835 0.350836 0.350836 0.350838 0.350851 0.350855 0.350857 0.350867 0.350869 0.000000 0.000000
0.000000 0.000000 0.353126 0.353128 0.353118 0.353103 0.353086 0.353065 0.353065 0.353059 0.353063 0.353063 0.353064 0.353063 0.353074 0.353086 0.353097 0.353105 0.353110 0.000000 0.000000
0.000000 0.000000 0.356411 0.356408 0.356398 0.356374 0.356345 0.356315 0.356315 0.356312 0.356313 0.356311 0.356308 0.356313 0.356339 0.356364 0.356380 0.356394 0.356401 0.000000 0.000000
0.000000 0.000000 0.360333 0.360331 0.360326 0.360301 0.360273 0.360240 0.360240 0.360236 0.360235 0.360232 0.360230 0.360236 0.360266 0.360291 0.360315 0.360320 0.360332 0.000000 0.000000
0.000000 0.000000 0.364504 0.364496 0.364483 0.364467 0.364438 0.364400 0.364401 0.364393 0.364390 0.364389 0.364390 0.364389 0.364427 0.364457 0.364476 0.364486 0.364496 0.000000 0.000000
0.000000 0.000000 0.368820 0.368813 0.368806 0.368791 0.368750 0.368716 0.368717 0.368713 0.368707 0.368710 0.368714 0.368712 0.368743 0.368778 0.368799 0.368805 0.368812 0.000000 0.000000
0.000000 0.000000 0.373394 0.373389 0.373382 0.373348 0.373320 0.373282 0.373290 0.373270 0.373271 0.373271 0.373263 0.373277 0.373304 0.373326 0.373352 0.373366 0.373384 0.000000 0.000000
0.000000 0.000000 0.378366 0.378352 0.378337 0.378315 0.378285 0.378237 0.378236 0.378229 0.378239 0.378223 0.378227 0.378232 0.378280 0.378304 0.378322 0.378332 0.378376 0.000000 0.000000
0.000000 0.000000 0.383627 0.383614 0.383608 0.383579 0.383552 0.383439 0.383437 0.383430 0.383401 0.383414 0.383421 0.383432 0.383519 0.383544 0.383588 0.383593 0.383619 0.000000 0.000000
0.000000 0.000000 0.389606 0.389600 0.389579 0.389558 0.389426 0.389420 0.389393 0.389392 0.389394 0.389389 0.389386 0.389382 0.389382 0.389518 0.389547 0.389583 0.389614 0.000000 0.000000
0.000000 0.000000 0.396476 0.396465 0.396436 0.396281 0.396268 0.396192 0.396151 0.396143 0.396116 0.396095 0.396112 0.396107 0.396180 0.396204 0.396413 0.396389 0.396400 0.000000 0.000000
0.000000 0.000000 0.403967 0.403956 0.403738 0.403759 0.403746 0.403709 0.403777 0.403750 0.403784 0.403763 0.403732 0.403785 0.403807 0.403820 0.403716 0.404014 0.404011 0.000000 0.000000
0.000000 0.000000 0.413121 0.412786 0.412787 0.412677 0.412507 0.412455 0.412389 0.412402 0.412313 0.412315 0.412361 0.412323 0.412407 0.412533 0.412772 0.412687 0.413032 0.000000 0.000000
0.000000 0.000000 0.418027 0.418248 0.418560 0.418527 0.418490 0.418196 0.418218 0.418141 0.418243 0.418218 0.418214 0.418245 0.418505 0.418530 0.418615 0.418336 0.418126 0.000000 0.000000
0.000000 0.000000 0.350000 0.350000 0.350000 0.350000 0.350000 0.350000 0.350000 0.350000 0.350000 0.350000 0.350000 0.350000 0.350000 0.350000 0.350000 0.350000 0.350000 0.000000 0.000000
0.000000 0.000000 0.000000 0.000000 0.000000 0.000000 0.000000 0.000000 0.000000 0.000000 0.000000 0.000000 0.000000 0.000000 0.000000 0.000000 0.000000 0.000000 0.000000 0.000000 0.000000