geotop/1.0zi/1.0Montebello/Templates/testdem/maps/_Eocsilt6139.asc
ncols         21
nrows         20
xllcorner     100.000000
yllcorner     100.000000
cellsize      50.000000
NODATA_value  -9999.0
0.000000 0.000000 0.000000 0.000000 0.000000 0.000000 0.000000 0.000000 0.000000 0.000000 0.000000 0.000000 0.000000 0.000000 0.000000 0.000000 0.000000 0.000000 0.000000 0.000000 0.000000
0.000000 0.000000 0.350120 0.350120 0.350120 0.350121 0.350120 0.350120 0.350120 0.350120 0.350121 0.350120 0.350120 0.350120 0.350120 0.350120 0.350121 0.350121 0.350120 0.000000 0.000000
0.000000 0.000000 0.350002 0.350002 0.350002 0.350003 0.350003 0.350003 0.350003 0.350003 0.350003 0.350003 0.350004 0.350004 0.350003 0.350003 0.350001 0.350001 0.350002 0.000000 0.000000
0.000000 0.000000 0.350047 0.350046 0.350045 0.350040 0.350041 0.350039 0.350041 0.350042 0.350040 0.350040 0.350040 0.350040 0.350042 0.350045 0.350046 0.350048 0.350047 0.000000 0.000000
0.000000 0.000000 0.350550 0.350553 0.350552 0.350548 0.350545 0.350540 0.350539 0.350536 0.350535 0.350536 0.350539 0.350539 0.350544 0.350547 0.350546 0.350555 0.350559 0.000000 0.000000
0.000000 0.000000 0.352134 0.352137 0.352131 0.352117 0.352106 0.352088 0.352087 0.352083 0.352088 0.352089 0.352090 0.352087 0.352093 0.352101 0.352109 0.352113 0.352119 0.000000 0.000000
0.000000 0.000000 0.354557 0.354554 0.354548 0.354529 0.354506 0.354482 0.354484 0.354481 0.354483 0.354483 0.354479 0.354483 0.354502 0.354522 0.354531 0.354541 0.354548 0.000000 0.000000
0.000000 0.000000 0.357531 0.357531 0.357530 0.357511 0.357490 0.357463 0.357463 0.357460 0.357460 0.357459 0.357458 0.357461 0.357482 0.357503 0.357520 0.357523 0.357533 0.000000 0.000000
0.000000 0.000000 0.360660 0.360655 0.360647 0.360635 0.360613 0.360582 0.360583 0.360578 0.360576 0.360577 0.360577 0.360575 0.360604 0.360626 0.360641 0.360646 0.360656 0.000000 0.000000
0.000000 0.000000 0.363821 0.363816 0.363812 0.363803 0.363774 0.363746 0.363748 0.363744 0.363740 0.363744 0.363747 0.363744 0.363767 0.363793 0.363808 0.363810 0.363817 0.000000 0.000000
0.000000 0.000000 0.367079 0.367076 0.367075 0.367052 0.367031 0.367002 0.367008 0.366994 0.366994 0.366995 0.366991 0.366999 0.367018 0.367035 0.367051 0.367060 0.367074 0.000000 0.000000
0.000000 0.000000 0.370524 0.370516 0.370506 0.370491 0.370472 0.370436 0.370437 0.370429 0.370438 0.370429 0.370431 0.370434 0.370467 0.370483 0.370495 0.370500 0.370534 0.000000 0.000000
0.000000 0.000000 0.374076 0.374069 0.374065 0.374047 0.374030 0.373956 0.373956 0.373950 0.373934 0.373942 0.373947 0.373953 0.374008 0.374024 0.374050 0.374053 0.374077 0.000000 0.000000
0.000000 0.000000 0.377961 0.377956 0.377945 0.377934 0.377860 0.377843 0.377826 0.377825 0.377820 0.377822 0.377822 0.377820 0.377829 0.377903 0.377925 0.377944 0.377969 0.000000 0.000000
0.000000 0.000000 0.382268 0.382262 0.382245 0.382167 0.382145 0.382101 0.382073 0.382068 0.382054 0.382045 0.382054 0.382049 0.382083 0.382117 0.382228 0.382218 0.382233 0.000000 0.000000
0.000000 0.000000 0.386857 0.386852 0.386747 0.386733 0.386728 0.386701 0.386723 0.386710 0.386720 0.386710 0.386697 0.386718 0.386736 0.386745 0.386731 0.386866 0.386869 0.000000 0.000000
0.000000 0.000000 0.392167 0.392022 0.391980 0.391939 0.391870 0.391837 0.391822 0.391821 0.391789 0.391785 0.391800 0.391793 0.391833 0.391885 0.391970 0.391989 0.392137 0.000000 0.000000
0.000000 0.000000 0.395918 0.395939 0.396070 0.396038 0.395990 0.395858 0.395856 0.395825 0.395848 0.395840 0.395848 0.395853 0.395974 0.396010 0.396091 0.395957 0.395945 0.000000 0.000000
0.000000 0.000000 0.350000 0.350000 0.350000 0.350000 0.350000 0.350000 0.350000 0.350000 0.350000 0.350000 0.350000 0.350000 0.350000 0.350000 0.350000 0.350000 0.350000 0.000000 0.000000
0.000000 0.000000 0.000000 0.000000 0.000000 0.000000 0.000000 0.000000 0.000000 0.000000 0.000000 0.000000 0.000000 0.000000 0.000000 0.000000 0.000000 0.000000 0.000000 0.000000 0.000000