geotop/1.0zi/1.0Montebello/Templates/testdem/maps/_Eocclay1860.asc
ncols         21
nrows         20
xllcorner     100.000000
yllcorner     100.000000
cellsize      50.000000
NODATA_value  -9999.0
0.000000 0.000000 0.000000 0.000000 0.000000 0.000000 0.000000 0.000000 0.000000 0.000000 0.000000 0.000000 0.000000 0.000000 0.000000 0.000000 0.000000 0.000000 0.000000 0.000000 0.000000
0.000000 0.000000 0.349904 0.349904 0.349904 0.349904 0.349904 0.349904 0.349904 0.349904 0.349904 0.349904 0.349904 0.349904 0.349904 0.349904 0.349904 0.349904 0.349904 0.000000 0.000000
0.000000 0.000000 0.349993 0.349993 0.349993 0.349993 0.349993 0.349993 0.349993 0.349993 0.349993 0.349993 0.349993 0.349993 0.349993 0.349993 0.349993 0.349993 0.349993 0.000000 0.000000
0.000000 0.000000 0.350648 0.350648 0.350646 0.350647 0.350648 0.350648 0.350648 0.350648 0.350648 0.350648 0.350648 0.350648 0.350648 0.350647 0.350646 0.350648 0.350648 0.000000 0.000000
0.000000 0.000000 0.353366 0.353365 0.353363 0.353364 0.353367 0.353366 0.353366 0.353367 0.353368 0.353367 0.353366 0.353366 0.353367 0.353364 0.353363 0.353365 0.353366 0.000000 0.000000
0.000000 0.000000 0.356471 0.356471 0.356469 0.356469 0.356472 0.356471 0.356471 0.356472 0.356472 0.356472 0.356471 0.356471 0.356472 0.356469 0.356469 0.356471 0.356471 0.000000 0.000000
0.000000 0.000000 0.359418 0.359418 0.359416 0.359417 0.359419 0.359418 0.359418 0.359419 0.359419 0.359419 0.359418 0.359418 0.359419 0.359417 0.359416 0.359418 0.359418 0.000000 0.000000
0.000000 0.000000 0.362131 0.362130 0.362129 0.362129 0.362131 0.362131 0.362131 0.362131 0.362132 0.362131 0.362131 0.362131 0.362131 0.362129 0.362129 0.362130 0.362131 0.000000 0.000000
0.000000 0.000000 0.364669 0.364669 0.364668 0.364668 0.364670 0.364669 0.364669 0.364670 0.364670 0.364670 0.364669 0.364669 0.364670 0.364668 0.364668 0.364669 0.364669 0.000000 0.000000
0.000000 0.000000 0.367096 0.367096 0.367094 0.367095 0.367096 0.367096 0.367096 0.367096 0.367097 0.367096 0.367096 0.367096 0.367096 0.367095 0.367094 0.367096 0.367096 0.000000 0.000000
0.000000 0.000000 0.369436 0.369436 0.369435 0.369435 0.369437 0.369436 0.369436 0.369437 0.369437 0.369437 0.369436 0.369436 0.369437 0.369435 0.369435 0.369436 0.369436 0.000000 0.000000
0.000000 0.000000 0.371712 0.371712 0.371711 0.371711 0.371713 0.371712 0.371712 0.371713 0.371713 0.371713 0.371712 0.371712 0.371713 0.371711 0.371711 0.371712 0.371712 0.000000 0.000000
0.000000 0.000000 0.373941 0.373941 0.373940 0.373940 0.373942 0.373941 0.373941 0.373942 0.373942 0.373942 0.373941 0.373941 0.373942 0.373940 0.373940 0.373941 0.373941 0.000000 0.000000
0.000000 0.000000 0.376126 0.376126 0.376124 0.376125 0.376126 0.376126 0.376126 0.376126 0.376126 0.376126 0.376126 0.376126 0.376126 0.376125 0.376124 0.376126 0.376126 0.000000 0.000000
0.000000 0.000000 0.378276 0.378275 0.378274 0.378275 0.378276 0.378276 0.378276 0.378276 0.378276 0.378276 0.378276 0.378276 0.378276 0.378275 0.378274 0.378275 0.378276 0.000000 0.000000
0.000000 0.000000 0.380397 0.380397 0.380395 0.380396 0.380397 0.380397 0.380397 0.380397 0.380397 0.380397 0.380397 0.380397 0.380397 0.380396 0.380395 0.380397 0.380397 0.000000 0.000000
0.000000 0.000000 0.382489 0.382489 0.382488 0.382488 0.382489 0.382489 0.382489 0.382489 0.382490 0.382489 0.382489 0.382489 0.382489 0.382488 0.382488 0.382489 0.382489 0.000000 0.000000
0.000000 0.000000 0.384593 0.384593 0.384591 0.384592 0.384593 0.384593 0.384593 0.384593 0.384593 0.384593 0.384593 0.384593 0.384593 0.384592 0.384591 0.384593 0.384593 0.000000 0.000000
0.000000 0.000000 0.350000 0.350000 0.350000 0.350000 0.350000 0.350000 0.350000 0.350000 0.350000 0.350000 0.350000 0.350000 0.350000 0.350000 0.350000 0.350000 0.350000 0.000000 0.000000
0.000000 0.000000 0.000000 0.000000 0.000000 0.000000 0.000000 0.000000 0.000000 0.000000 0.000000 0.000000 0.000000 0.000000 0.000000 0.000000 0.000000 0.000000 0.000000 0.000000 0.000000