geotop/1.0zi/1.0Montebello/Templates/testdem/maps/_Eocsand3532.asc
ncols         21
nrows         20
xllcorner     100.000000
yllcorner     100.000000
cellsize      50.000000
NODATA_value  -9999.0
0.000000 0.000000 0.000000 0.000000 0.000000 0.000000 0.000000 0.000000 0.000000 0.000000 0.000000 0.000000 0.000000 0.000000 0.000000 0.000000 0.000000 0.000000 0.000000 0.000000 0.000000
0.000000 0.000000 0.300093 0.300093 0.300093 0.300093 0.300093 0.300093 0.300093 0.300093 0.300094 0.300093 0.300093 0.300093 0.300093 0.300093 0.300093 0.300093 0.300093 0.000000 0.000000
0.000000 0.000000 0.300010 0.300011 0.300011 0.300010 0.300010 0.300010 0.300010 0.300010 0.300009 0.300010 0.300010 0.300010 0.300010 0.300010 0.300011 0.300011 0.300010 0.000000 0.000000
0.000000 0.000000 0.297317 0.297318 0.297323 0.297321 0.297318 0.297318 0.297318 0.297317 0.297317 0.297317 0.297318 0.297318 0.297318 0.297321 0.297323 0.297318 0.297317 0.000000 0.000000
0.000000 0.000000 0.286956 0.286957 0.286961 0.286960 0.286954 0.286957 0.286958 0.286955 0.286954 0.286955 0.286958 0.286957 0.286954 0.286960 0.286961 0.286957 0.286956 0.000000 0.000000
0.000000 0.000000 0.274870 0.274871 0.274874 0.274874 0.274869 0.274871 0.274871 0.274870 0.274868 0.274870 0.274871 0.274871 0.274869 0.274874 0.274874 0.274871 0.274870 0.000000 0.000000
0.000000 0.000000 0.263735 0.263736 0.263739 0.263738 0.263734 0.263736 0.263737 0.263735 0.263734 0.263735 0.263737 0.263736 0.263734 0.263738 0.263739 0.263736 0.263735 0.000000 0.000000
0.000000 0.000000 0.253642 0.253643 0.253646 0.253645 0.253642 0.253644 0.253644 0.253642 0.253641 0.253642 0.253644 0.253644 0.253642 0.253645 0.253646 0.253643 0.253642 0.000000 0.000000
0.000000 0.000000 0.244332 0.244332 0.244335 0.244334 0.244331 0.244333 0.244333 0.244332 0.244331 0.244332 0.244333 0.244333 0.244331 0.244334 0.244335 0.244332 0.244332 0.000000 0.000000
0.000000 0.000000 0.235586 0.235587 0.235589 0.235588 0.235586 0.235587 0.235587 0.235586 0.235585 0.235586 0.235587 0.235587 0.235586 0.235588 0.235589 0.235587 0.235586 0.000000 0.000000
0.000000 0.000000 0.227292 0.227292 0.227295 0.227294 0.227291 0.227293 0.227293 0.227292 0.227291 0.227292 0.227293 0.227293 0.227291 0.227294 0.227295 0.227292 0.227292 0.000000 0.000000
0.000000 0.000000 0.219369 0.219369 0.219371 0.219371 0.219368 0.219369 0.219369 0.219368 0.219368 0.219368 0.219369 0.219369 0.219368 0.219371 0.219371 0.219369 0.219369 0.000000 0.000000
0.000000 0.000000 0.211756 0.211757 0.211759 0.211758 0.211756 0.211757 0.211757 0.211756 0.211755 0.211756 0.211757 0.211757 0.211756 0.211758 0.211759 0.211757 0.211756 0.000000 0.000000
0.000000 0.000000 0.204398 0.204398 0.204401 0.204400 0.204397 0.204399 0.204399 0.204398 0.204397 0.204398 0.204399 0.204399 0.204397 0.204400 0.204401 0.204398 0.204398 0.000000 0.000000
0.000000 0.000000 0.197272 0.197272 0.197274 0.197273 0.197271 0.197272 0.197272 0.197271 0.197271 0.197271 0.197272 0.197272 0.197271 0.197273 0.197274 0.197272 0.197272 0.000000 0.000000
0.000000 0.000000 0.190367 0.190367 0.190370 0.190369 0.190367 0.190368 0.190368 0.190367 0.190366 0.190367 0.190368 0.190368 0.190367 0.190369 0.190370 0.190367 0.190367 0.000000 0.000000
0.000000 0.000000 0.183658 0.183659 0.183661 0.183660 0.183658 0.183659 0.183659 0.183658 0.183657 0.183658 0.183659 0.183659 0.183658 0.183660 0.183661 0.183659 0.183658 0.000000 0.000000
0.000000 0.000000 0.177041 0.177041 0.177043 0.177042 0.177040 0.177041 0.177041 0.177040 0.177039 0.177040 0.177041 0.177041 0.177040 0.177042 0.177043 0.177041 0.177040 0.000000 0.000000
0.000000 0.000000 0.300000 0.300000 0.300000 0.300000 0.300000 0.300000 0.300000 0.300000 0.300000 0.300000 0.300000 0.300000 0.300000 0.300000 0.300000 0.300000 0.300000 0.000000 0.000000
0.000000 0.000000 0.000000 0.000000 0.000000 0.000000 0.000000 0.000000 0.000000 0.000000 0.000000 0.000000 0.000000 0.000000 0.000000 0.000000 0.000000 0.000000 0.000000 0.000000 0.000000