geotop/1.0zi/1.0Montebello/Templates/testdem/maps/_Eocclay1857.asc
ncols         21
nrows         20
xllcorner     100.000000
yllcorner     100.000000
cellsize      50.000000
NODATA_value  -9999.0
0.000000 0.000000 0.000000 0.000000 0.000000 0.000000 0.000000 0.000000 0.000000 0.000000 0.000000 0.000000 0.000000 0.000000 0.000000 0.000000 0.000000 0.000000 0.000000 0.000000 0.000000
0.000000 0.000000 0.349904 0.349904 0.349904 0.349904 0.349904 0.349904 0.349904 0.349904 0.349904 0.349904 0.349904 0.349904 0.349904 0.349904 0.349904 0.349904 0.349904 0.000000 0.000000
0.000000 0.000000 0.349993 0.349993 0.349993 0.349993 0.349993 0.349993 0.349993 0.349993 0.349993 0.349993 0.349993 0.349993 0.349993 0.349993 0.349993 0.349993 0.349993 0.000000 0.000000
0.000000 0.000000 0.350649 0.350649 0.350647 0.350648 0.350649 0.350649 0.350649 0.350649 0.350649 0.350649 0.350649 0.350649 0.350649 0.350648 0.350647 0.350649 0.350649 0.000000 0.000000
0.000000 0.000000 0.353365 0.353364 0.353362 0.353362 0.353366 0.353365 0.353365 0.353366 0.353366 0.353366 0.353365 0.353365 0.353366 0.353362 0.353362 0.353364 0.353365 0.000000 0.000000
0.000000 0.000000 0.356466 0.356466 0.356464 0.356464 0.356467 0.356466 0.356466 0.356467 0.356467 0.356467 0.356466 0.356466 0.356467 0.356464 0.356464 0.356466 0.356466 0.000000 0.000000
0.000000 0.000000 0.359407 0.359407 0.359405 0.359406 0.359408 0.359407 0.359407 0.359408 0.359408 0.359408 0.359407 0.359407 0.359408 0.359406 0.359405 0.359407 0.359407 0.000000 0.000000
0.000000 0.000000 0.362114 0.362113 0.362112 0.362112 0.362114 0.362114 0.362114 0.362114 0.362114 0.362114 0.362114 0.362114 0.362114 0.362112 0.362112 0.362113 0.362114 0.000000 0.000000
0.000000 0.000000 0.364646 0.364646 0.364645 0.364645 0.364647 0.364646 0.364646 0.364647 0.364647 0.364647 0.364646 0.364646 0.364647 0.364645 0.364645 0.364646 0.364646 0.000000 0.000000
0.000000 0.000000 0.367067 0.367067 0.367066 0.367066 0.367068 0.367067 0.367067 0.367068 0.367068 0.367068 0.367067 0.367067 0.367068 0.367066 0.367066 0.367067 0.367067 0.000000 0.000000
0.000000 0.000000 0.369402 0.369402 0.369400 0.369401 0.369402 0.369402 0.369402 0.369402 0.369402 0.369402 0.369402 0.369402 0.369402 0.369401 0.369400 0.369402 0.369402 0.000000 0.000000
0.000000 0.000000 0.371673 0.371672 0.371671 0.371672 0.371673 0.371673 0.371673 0.371673 0.371673 0.371673 0.371673 0.371673 0.371673 0.371672 0.371671 0.371672 0.371673 0.000000 0.000000
0.000000 0.000000 0.373896 0.373896 0.373895 0.373895 0.373897 0.373896 0.373896 0.373897 0.373897 0.373897 0.373896 0.373896 0.373897 0.373895 0.373895 0.373896 0.373896 0.000000 0.000000
0.000000 0.000000 0.376076 0.376075 0.376074 0.376075 0.376076 0.376076 0.376076 0.376076 0.376076 0.376076 0.376076 0.376076 0.376076 0.376075 0.376074 0.376075 0.376076 0.000000 0.000000
0.000000 0.000000 0.378220 0.378220 0.378219 0.378220 0.378221 0.378221 0.378220 0.378221 0.378221 0.378221 0.378220 0.378221 0.378221 0.378220 0.378219 0.378220 0.378220 0.000000 0.000000
0.000000 0.000000 0.380337 0.380337 0.380335 0.380336 0.380337 0.380337 0.380337 0.380337 0.380337 0.380337 0.380337 0.380337 0.380337 0.380336 0.380335 0.380337 0.380337 0.000000 0.000000
0.000000 0.000000 0.382424 0.382424 0.382423 0.382423 0.382424 0.382424 0.382424 0.382425 0.382425 0.382425 0.382424 0.382424 0.382424 0.382423 0.382423 0.382424 0.382424 0.000000 0.000000
0.000000 0.000000 0.384523 0.384523 0.384522 0.384523 0.384524 0.384524 0.384523 0.384524 0.384524 0.384524 0.384523 0.384524 0.384524 0.384523 0.384522 0.384523 0.384523 0.000000 0.000000
0.000000 0.000000 0.350000 0.350000 0.350000 0.350000 0.350000 0.350000 0.350000 0.350000 0.350000 0.350000 0.350000 0.350000 0.350000 0.350000 0.350000 0.350000 0.350000 0.000000 0.000000
0.000000 0.000000 0.000000 0.000000 0.000000 0.000000 0.000000 0.000000 0.000000 0.000000 0.000000 0.000000 0.000000 0.000000 0.000000 0.000000 0.000000 0.000000 0.000000 0.000000 0.000000