geotop/1.0zi/1.0Montebello/Templates/testdem/maps/_Eocclay6466.asc
ncols         21
nrows         20
xllcorner     100.000000
yllcorner     100.000000
cellsize      50.000000
NODATA_value  -9999.0
0.000000 0.000000 0.000000 0.000000 0.000000 0.000000 0.000000 0.000000 0.000000 0.000000 0.000000 0.000000 0.000000 0.000000 0.000000 0.000000 0.000000 0.000000 0.000000 0.000000 0.000000
0.000000 0.000000 0.349710 0.349711 0.349712 0.349711 0.349712 0.349712 0.349712 0.349712 0.349710 0.349712 0.349712 0.349711 0.349712 0.349712 0.349710 0.349710 0.349711 0.000000 0.000000
0.000000 0.000000 0.349989 0.349988 0.349988 0.349989 0.349988 0.349988 0.349988 0.349988 0.349987 0.349987 0.349988 0.349987 0.349988 0.349988 0.349989 0.349989 0.349987 0.000000 0.000000
0.000000 0.000000 0.349983 0.349987 0.349984 0.349984 0.349986 0.349986 0.349987 0.349984 0.349989 0.349986 0.349986 0.349986 0.349986 0.349988 0.349986 0.349988 0.349987 0.000000 0.000000
0.000000 0.000000 0.350594 0.350594 0.350591 0.350588 0.350574 0.350572 0.350572 0.350574 0.350571 0.350570 0.350566 0.350568 0.350574 0.350574 0.350580 0.350582 0.350589 0.000000 0.000000
0.000000 0.000000 0.352434 0.352435 0.352428 0.352405 0.352397 0.352378 0.352379 0.352374 0.352377 0.352378 0.352382 0.352382 0.352387 0.352402 0.352412 0.352423 0.352428 0.000000 0.000000
0.000000 0.000000 0.355163 0.355161 0.355156 0.355137 0.355114 0.355084 0.355084 0.355079 0.355081 0.355082 0.355083 0.355082 0.355105 0.355129 0.355141 0.355150 0.355158 0.000000 0.000000
0.000000 0.000000 0.358441 0.358441 0.358436 0.358413 0.358390 0.358358 0.358358 0.358355 0.358355 0.358354 0.358353 0.358358 0.358384 0.358404 0.358422 0.358429 0.358440 0.000000 0.000000
0.000000 0.000000 0.361823 0.361820 0.361810 0.361797 0.361774 0.361742 0.361744 0.361737 0.361735 0.361735 0.361735 0.361734 0.361764 0.361788 0.361804 0.361809 0.361819 0.000000 0.000000
0.000000 0.000000 0.365286 0.365281 0.365277 0.365265 0.365231 0.365202 0.365204 0.365200 0.365195 0.365199 0.365204 0.365200 0.365226 0.365254 0.365272 0.365275 0.365283 0.000000 0.000000
0.000000 0.000000 0.368921 0.368918 0.368914 0.368889 0.368866 0.368834 0.368840 0.368824 0.368825 0.368825 0.368821 0.368832 0.368852 0.368870 0.368890 0.368900 0.368915 0.000000 0.000000
0.000000 0.000000 0.372784 0.372778 0.372766 0.372747 0.372725 0.372685 0.372686 0.372678 0.372687 0.372676 0.372678 0.372681 0.372719 0.372737 0.372751 0.372757 0.372795 0.000000 0.000000
0.000000 0.000000 0.376807 0.376798 0.376793 0.376772 0.376752 0.376667 0.376666 0.376659 0.376640 0.376650 0.376657 0.376664 0.376727 0.376745 0.376778 0.376781 0.376806 0.000000 0.000000
0.000000 0.000000 0.381247 0.381243 0.381228 0.381213 0.381125 0.381107 0.381088 0.381087 0.381082 0.381084 0.381083 0.381081 0.381090 0.381181 0.381207 0.381229 0.381256 0.000000 0.000000
0.000000 0.000000 0.386220 0.386216 0.386195 0.386098 0.386074 0.386023 0.385990 0.385984 0.385968 0.385956 0.385969 0.385963 0.386005 0.386040 0.386175 0.386162 0.386178 0.000000 0.000000
0.000000 0.000000 0.391557 0.391552 0.391420 0.391408 0.391401 0.391371 0.391403 0.391386 0.391401 0.391386 0.391371 0.391400 0.391419 0.391429 0.391404 0.391572 0.391574 0.000000 0.000000
0.000000 0.000000 0.397841 0.397657 0.397615 0.397559 0.397467 0.397429 0.397407 0.397408 0.397364 0.397362 0.397383 0.397371 0.397419 0.397489 0.397602 0.397611 0.397803 0.000000 0.000000
0.000000 0.000000 0.402068 0.402118 0.402291 0.402252 0.402201 0.402029 0.402029 0.401989 0.402026 0.402014 0.402023 0.402031 0.402188 0.402226 0.402320 0.402147 0.402109 0.000000 0.000000
0.000000 0.000000 0.350000 0.350000 0.350000 0.350000 0.350000 0.350000 0.350000 0.350000 0.350000 0.350000 0.350000 0.350000 0.350000 0.350000 0.350000 0.350000 0.350000 0.000000 0.000000
0.000000 0.000000 0.000000 0.000000 0.000000 0.000000 0.000000 0.000000 0.000000 0.000000 0.000000 0.000000 0.000000 0.000000 0.000000 0.000000 0.000000 0.000000 0.000000 0.000000 0.000000