geotop/1.0zi/1.0Montebello/Templates/testdem/maps/_Eocsand7540.asc
ncols         21
nrows         20
xllcorner     100.000000
yllcorner     100.000000
cellsize      50.000000
NODATA_value  -9999.0
0.000000 0.000000 0.000000 0.000000 0.000000 0.000000 0.000000 0.000000 0.000000 0.000000 0.000000 0.000000 0.000000 0.000000 0.000000 0.000000 0.000000 0.000000 0.000000 0.000000 0.000000
0.000000 0.000000 0.300189 0.300187 0.300187 0.300188 0.300187 0.300187 0.300187 0.300187 0.300188 0.300187 0.300187 0.300187 0.300187 0.300187 0.300188 0.300188 0.300188 0.000000 0.000000
0.000000 0.000000 0.300010 0.300011 0.300010 0.300009 0.300010 0.300011 0.300010 0.300010 0.300010 0.300011 0.300009 0.300010 0.300010 0.300010 0.300011 0.300011 0.300012 0.000000 0.000000
0.000000 0.000000 0.299894 0.299893 0.299898 0.299905 0.299901 0.299909 0.299904 0.299906 0.299906 0.299906 0.299906 0.299908 0.299903 0.299898 0.299896 0.299893 0.299893 0.000000 0.000000
0.000000 0.000000 0.298090 0.298086 0.298095 0.298111 0.298132 0.298141 0.298147 0.298145 0.298149 0.298148 0.298151 0.298145 0.298122 0.298116 0.298106 0.298095 0.298086 0.000000 0.000000
0.000000 0.000000 0.293163 0.293164 0.293184 0.293226 0.293257 0.293302 0.293301 0.293313 0.293306 0.293305 0.293303 0.293303 0.293280 0.293250 0.293224 0.293202 0.293191 0.000000 0.000000
0.000000 0.000000 0.286226 0.286233 0.286251 0.286299 0.286357 0.286425 0.286426 0.286434 0.286433 0.286433 0.286437 0.286431 0.286371 0.286318 0.286286 0.286259 0.286245 0.000000 0.000000
0.000000 0.000000 0.277959 0.277963 0.277976 0.278029 0.278086 0.278160 0.278161 0.278168 0.278171 0.278175 0.278180 0.278166 0.278102 0.278051 0.278002 0.277987 0.277964 0.000000 0.000000
0.000000 0.000000 0.269210 0.269224 0.269250 0.269284 0.269344 0.269424 0.269419 0.269436 0.269442 0.269445 0.269444 0.269445 0.269367 0.269303 0.269265 0.269246 0.269226 0.000000 0.000000
0.000000 0.000000 0.260076 0.260093 0.260106 0.260139 0.260224 0.260296 0.260295 0.260304 0.260316 0.260309 0.260300 0.260304 0.260238 0.260165 0.260121 0.260106 0.260092 0.000000 0.000000
0.000000 0.000000 0.250296 0.250308 0.250323 0.250393 0.250453 0.250535 0.250517 0.250561 0.250557 0.250558 0.250574 0.250545 0.250486 0.250440 0.250385 0.250355 0.250317 0.000000 0.000000
0.000000 0.000000 0.239604 0.239632 0.239664 0.239711 0.239776 0.239878 0.239882 0.239896 0.239874 0.239908 0.239900 0.239892 0.239787 0.239734 0.239696 0.239674 0.239581 0.000000 0.000000
0.000000 0.000000 0.228212 0.228240 0.228253 0.228316 0.228373 0.228623 0.228626 0.228641 0.228705 0.228674 0.228660 0.228636 0.228444 0.228390 0.228295 0.228283 0.228231 0.000000 0.000000
0.000000 0.000000 0.215144 0.215155 0.215204 0.215249 0.215543 0.215548 0.215610 0.215610 0.215602 0.215614 0.215622 0.215632 0.215639 0.215332 0.215271 0.215190 0.215125 0.000000 0.000000
0.000000 0.000000 0.200008 0.200032 0.200096 0.200452 0.200462 0.200637 0.200729 0.200747 0.200807 0.200852 0.200814 0.200825 0.200655 0.200618 0.200144 0.200202 0.200182 0.000000 0.000000
0.000000 0.000000 0.183430 0.183455 0.183960 0.183885 0.183916 0.183991 0.183823 0.183884 0.183801 0.183845 0.183921 0.183797 0.183758 0.183730 0.184005 0.183305 0.183312 0.000000 0.000000
0.000000 0.000000 0.162939 0.163731 0.163681 0.163947 0.164345 0.164466 0.164637 0.164600 0.164817 0.164805 0.164691 0.164792 0.164594 0.164299 0.163712 0.163974 0.163158 0.000000 0.000000
0.000000 0.000000 0.152863 0.152261 0.151525 0.151578 0.151624 0.152315 0.152247 0.152432 0.152168 0.152228 0.152249 0.152166 0.151566 0.151534 0.151392 0.152028 0.152606 0.000000 0.000000
0.000000 0.000000 0.300000 0.300000 0.300000 0.300000 0.300000 0.300000 0.300000 0.300000 0.300000 0.300000 0.300000 0.300000 0.300000 0.300000 0.300000 0.300000 0.300000 0.000000 0.000000
0.000000 0.000000 0.000000 0.000000 0.000000 0.000000 0.000000 0.000000 0.000000 0.000000 0.000000 0.000000 0.000000 0.000000 0.000000 0.000000 0.000000 0.000000 0.000000 0.000000 0.000000