geotop/1.0zi/1.0Montebello/Templates/testdem/maps/_Eocclay5490.asc
ncols         21
nrows         20
xllcorner     100.000000
yllcorner     100.000000
cellsize      50.000000
NODATA_value  -9999.0
0.000000 0.000000 0.000000 0.000000 0.000000 0.000000 0.000000 0.000000 0.000000 0.000000 0.000000 0.000000 0.000000 0.000000 0.000000 0.000000 0.000000 0.000000 0.000000 0.000000 0.000000
0.000000 0.000000 0.349753 0.349753 0.349753 0.349753 0.349754 0.349754 0.349753 0.349753 0.349753 0.349753 0.349753 0.349753 0.349754 0.349753 0.349753 0.349753 0.349753 0.000000 0.000000
0.000000 0.000000 0.349990 0.349990 0.349990 0.349990 0.349989 0.349989 0.349990 0.349990 0.349989 0.349989 0.349990 0.349990 0.349990 0.349990 0.349990 0.349990 0.349990 0.000000 0.000000
0.000000 0.000000 0.349986 0.349988 0.349986 0.349987 0.349989 0.349989 0.349989 0.349987 0.349989 0.349987 0.349987 0.349986 0.349989 0.349990 0.349988 0.349989 0.349988 0.000000 0.000000
0.000000 0.000000 0.350406 0.350406 0.350407 0.350402 0.350391 0.350387 0.350389 0.350391 0.350389 0.350390 0.350385 0.350385 0.350389 0.350388 0.350393 0.350395 0.350399 0.000000 0.000000
0.000000 0.000000 0.351900 0.351902 0.351896 0.351878 0.351873 0.351857 0.351856 0.351852 0.351856 0.351856 0.351859 0.351859 0.351862 0.351872 0.351878 0.351890 0.351894 0.000000 0.000000
0.000000 0.000000 0.354105 0.354103 0.354102 0.354086 0.354067 0.354040 0.354040 0.354037 0.354039 0.354041 0.354041 0.354039 0.354057 0.354076 0.354085 0.354094 0.354101 0.000000 0.000000
0.000000 0.000000 0.356798 0.356798 0.356797 0.356778 0.356759 0.356731 0.356732 0.356729 0.356730 0.356730 0.356727 0.356731 0.356751 0.356767 0.356781 0.356786 0.356795 0.000000 0.000000
0.000000 0.000000 0.359517 0.359515 0.359509 0.359499 0.359480 0.359453 0.359455 0.359450 0.359448 0.359450 0.359449 0.359446 0.359470 0.359489 0.359501 0.359504 0.359512 0.000000 0.000000
0.000000 0.000000 0.362264 0.362258 0.362258 0.362250 0.362222 0.362198 0.362200 0.362197 0.362193 0.362197 0.362200 0.362197 0.362216 0.362238 0.362251 0.362253 0.362259 0.000000 0.000000
0.000000 0.000000 0.365105 0.365102 0.365102 0.365083 0.365065 0.365037 0.365043 0.365030 0.365031 0.365032 0.365029 0.365035 0.365050 0.365063 0.365078 0.365086 0.365098 0.000000 0.000000
0.000000 0.000000 0.368072 0.368066 0.368060 0.368046 0.368030 0.367997 0.367999 0.367991 0.367999 0.367992 0.367992 0.367994 0.368022 0.368034 0.368044 0.368049 0.368079 0.000000 0.000000
0.000000 0.000000 0.371111 0.371105 0.371104 0.371089 0.371074 0.371010 0.371010 0.371004 0.370991 0.370999 0.371003 0.371008 0.371053 0.371065 0.371087 0.371090 0.371112 0.000000 0.000000
0.000000 0.000000 0.374394 0.374390 0.374383 0.374373 0.374312 0.374295 0.374281 0.374280 0.374275 0.374278 0.374278 0.374275 0.374282 0.374342 0.374362 0.374377 0.374399 0.000000 0.000000
0.000000 0.000000 0.377993 0.377988 0.377976 0.377914 0.377893 0.377857 0.377831 0.377828 0.377816 0.377810 0.377817 0.377811 0.377836 0.377866 0.377955 0.377949 0.377963 0.000000 0.000000
0.000000 0.000000 0.381781 0.381777 0.381699 0.381683 0.381678 0.381654 0.381668 0.381659 0.381665 0.381656 0.381646 0.381661 0.381674 0.381682 0.381680 0.381781 0.381785 0.000000 0.000000
0.000000 0.000000 0.386089 0.385982 0.385942 0.385910 0.385860 0.385833 0.385825 0.385823 0.385801 0.385797 0.385805 0.385801 0.385829 0.385867 0.385927 0.385957 0.386064 0.000000 0.000000
0.000000 0.000000 0.389295 0.389292 0.389386 0.389359 0.389316 0.389215 0.389212 0.389190 0.389202 0.389197 0.389204 0.389205 0.389296 0.389326 0.389396 0.389299 0.389308 0.000000 0.000000
0.000000 0.000000 0.350000 0.350000 0.350000 0.350000 0.350000 0.350000 0.350000 0.350000 0.350000 0.350000 0.350000 0.350000 0.350000 0.350000 0.350000 0.350000 0.350000 0.000000 0.000000
0.000000 0.000000 0.000000 0.000000 0.000000 0.000000 0.000000 0.000000 0.000000 0.000000 0.000000 0.000000 0.000000 0.000000 0.000000 0.000000 0.000000 0.000000 0.000000 0.000000 0.000000