geotop/1.0zi/1.0Montebello/Templates/testdem/maps/_Eocsilt8001.asc
ncols         21
nrows         20
xllcorner     100.000000
yllcorner     100.000000
cellsize      50.000000
NODATA_value  -9999.0
0.000000 0.000000 0.000000 0.000000 0.000000 0.000000 0.000000 0.000000 0.000000 0.000000 0.000000 0.000000 0.000000 0.000000 0.000000 0.000000 0.000000 0.000000 0.000000 0.000000 0.000000
0.000000 0.000000 0.350167 0.350167 0.350167 0.350168 0.350167 0.350167 0.350167 0.350167 0.350168 0.350167 0.350167 0.350167 0.350167 0.350167 0.350168 0.350168 0.350167 0.000000 0.000000
0.000000 0.000000 0.350005 0.350005 0.350005 0.350005 0.350006 0.350005 0.350005 0.350006 0.350006 0.350006 0.350006 0.350006 0.350006 0.350005 0.350003 0.350004 0.350005 0.000000 0.000000
0.000000 0.000000 0.350103 0.350099 0.350098 0.350091 0.350093 0.350088 0.350090 0.350091 0.350087 0.350090 0.350090 0.350090 0.350092 0.350095 0.350099 0.350099 0.350100 0.000000 0.000000
0.000000 0.000000 0.351010 0.351016 0.351011 0.351000 0.350994 0.350986 0.350982 0.350981 0.350981 0.350981 0.350982 0.350984 0.350997 0.351002 0.351005 0.351015 0.351018 0.000000 0.000000
0.000000 0.000000 0.353652 0.353652 0.353642 0.353625 0.353606 0.353584 0.353583 0.353577 0.353581 0.353581 0.353582 0.353581 0.353593 0.353606 0.353619 0.353627 0.353632 0.000000 0.000000
0.000000 0.000000 0.357438 0.357434 0.357422 0.357396 0.357363 0.357329 0.357330 0.357326 0.357327 0.357325 0.357322 0.357327 0.357357 0.357384 0.357402 0.357416 0.357424 0.000000 0.000000
0.000000 0.000000 0.361920 0.361918 0.361911 0.361883 0.361852 0.361814 0.361814 0.361809 0.361808 0.361805 0.361803 0.361810 0.361843 0.361871 0.361898 0.361904 0.361916 0.000000 0.000000
0.000000 0.000000 0.366733 0.366724 0.366709 0.366689 0.366657 0.366613 0.366615 0.366605 0.366603 0.366601 0.366602 0.366601 0.366644 0.366678 0.366699 0.366710 0.366720 0.000000 0.000000
0.000000 0.000000 0.371783 0.371773 0.371765 0.371746 0.371700 0.371661 0.371661 0.371656 0.371650 0.371653 0.371658 0.371656 0.371692 0.371731 0.371755 0.371762 0.371770 0.000000 0.000000
0.000000 0.000000 0.377223 0.377217 0.377208 0.377167 0.377135 0.377090 0.377099 0.377075 0.377078 0.377077 0.377068 0.377084 0.377116 0.377141 0.377171 0.377187 0.377207 0.000000 0.000000
0.000000 0.000000 0.383238 0.383221 0.383202 0.383176 0.383139 0.383083 0.383079 0.383072 0.383085 0.383066 0.383071 0.383075 0.383133 0.383163 0.383184 0.383195 0.383246 0.000000 0.000000
0.000000 0.000000 0.389706 0.389690 0.389682 0.389645 0.389613 0.389468 0.389466 0.389457 0.389420 0.389439 0.389447 0.389460 0.389571 0.389601 0.389656 0.389662 0.389687 0.000000 0.000000
0.000000 0.000000 0.397234 0.397228 0.397198 0.397172 0.396994 0.397002 0.396965 0.396966 0.396975 0.396965 0.396960 0.396952 0.396940 0.397124 0.397156 0.397204 0.397239 0.000000 0.000000
0.000000 0.000000 0.406050 0.406033 0.405995 0.405773 0.405784 0.405672 0.405621 0.405608 0.405572 0.405544 0.405568 0.405563 0.405672 0.405674 0.405968 0.405925 0.405932 0.000000 0.000000
0.000000 0.000000 0.415701 0.415686 0.415367 0.415441 0.415417 0.415382 0.415496 0.415458 0.415518 0.415493 0.415443 0.415521 0.415533 0.415552 0.415337 0.415789 0.415783 0.000000 0.000000
0.000000 0.000000 0.427621 0.427123 0.427203 0.427019 0.426768 0.426694 0.426566 0.426595 0.426451 0.426462 0.426542 0.426465 0.426591 0.426776 0.427183 0.426944 0.427460 0.000000 0.000000
0.000000 0.000000 0.432430 0.432868 0.433297 0.433289 0.433294 0.432881 0.432941 0.432823 0.433008 0.432969 0.432944 0.433006 0.433354 0.433350 0.433375 0.433027 0.432600 0.000000 0.000000
0.000000 0.000000 0.350000 0.350000 0.350000 0.350000 0.350000 0.350000 0.350000 0.350000 0.350000 0.350000 0.350000 0.350000 0.350000 0.350000 0.350000 0.350000 0.350000 0.000000 0.000000
0.000000 0.000000 0.000000 0.000000 0.000000 0.000000 0.000000 0.000000 0.000000 0.000000 0.000000 0.000000 0.000000 0.000000 0.000000 0.000000 0.000000 0.000000 0.000000 0.000000 0.000000