geotop/1.0zi/1.0Montebello/Templates/testdem/maps/_Eocsilt1384.asc
ncols         21
nrows         20
xllcorner     100.000000
yllcorner     100.000000
cellsize      50.000000
NODATA_value  -9999.0
0.000000 0.000000 0.000000 0.000000 0.000000 0.000000 0.000000 0.000000 0.000000 0.000000 0.000000 0.000000 0.000000 0.000000 0.000000 0.000000 0.000000 0.000000 0.000000 0.000000 0.000000
0.000000 0.000000 0.350029 0.350029 0.350029 0.350029 0.350029 0.350029 0.350029 0.350029 0.350029 0.350029 0.350029 0.350029 0.350029 0.350029 0.350029 0.350029 0.350029 0.000000 0.000000
0.000000 0.000000 0.350000 0.350000 0.350000 0.350000 0.350000 0.350000 0.350000 0.350000 0.350000 0.350000 0.350000 0.350000 0.350000 0.350000 0.350000 0.350000 0.350000 0.000000 0.000000
0.000000 0.000000 0.350579 0.350578 0.350576 0.350577 0.350579 0.350579 0.350579 0.350579 0.350579 0.350579 0.350579 0.350579 0.350579 0.350577 0.350576 0.350578 0.350579 0.000000 0.000000
0.000000 0.000000 0.352495 0.352495 0.352492 0.352493 0.352496 0.352495 0.352495 0.352496 0.352496 0.352496 0.352495 0.352495 0.352496 0.352493 0.352492 0.352495 0.352495 0.000000 0.000000
0.000000 0.000000 0.354871 0.354870 0.354868 0.354869 0.354871 0.354871 0.354871 0.354871 0.354871 0.354871 0.354871 0.354871 0.354871 0.354869 0.354868 0.354870 0.354871 0.000000 0.000000
0.000000 0.000000 0.357055 0.357055 0.357053 0.357053 0.357055 0.357055 0.357055 0.357055 0.357055 0.357055 0.357055 0.357055 0.357055 0.357053 0.357053 0.357055 0.357055 0.000000 0.000000
0.000000 0.000000 0.359060 0.359060 0.359058 0.359059 0.359061 0.359060 0.359060 0.359061 0.359061 0.359061 0.359060 0.359060 0.359061 0.359059 0.359058 0.359060 0.359060 0.000000 0.000000
0.000000 0.000000 0.360940 0.360939 0.360938 0.360938 0.360940 0.360939 0.360939 0.360940 0.360940 0.360940 0.360939 0.360939 0.360940 0.360938 0.360938 0.360939 0.360940 0.000000 0.000000
0.000000 0.000000 0.362740 0.362740 0.362739 0.362739 0.362741 0.362740 0.362740 0.362741 0.362740 0.362741 0.362740 0.362740 0.362741 0.362739 0.362739 0.362740 0.362740 0.000000 0.000000
0.000000 0.000000 0.364482 0.364481 0.364480 0.364480 0.364482 0.364481 0.364481 0.364482 0.364482 0.364482 0.364481 0.364481 0.364482 0.364480 0.364480 0.364481 0.364482 0.000000 0.000000
0.000000 0.000000 0.366182 0.366182 0.366180 0.366181 0.366182 0.366182 0.366182 0.366182 0.366182 0.366182 0.366182 0.366182 0.366182 0.366181 0.366180 0.366182 0.366182 0.000000 0.000000
0.000000 0.000000 0.367853 0.367853 0.367851 0.367852 0.367853 0.367853 0.367853 0.367853 0.367853 0.367853 0.367853 0.367853 0.367853 0.367852 0.367851 0.367853 0.367853 0.000000 0.000000
0.000000 0.000000 0.369494 0.369493 0.369492 0.369492 0.369494 0.369494 0.369493 0.369494 0.369494 0.369494 0.369493 0.369494 0.369494 0.369492 0.369492 0.369493 0.369494 0.000000 0.000000
0.000000 0.000000 0.371112 0.371112 0.371110 0.371111 0.371112 0.371112 0.371112 0.371112 0.371112 0.371112 0.371112 0.371112 0.371112 0.371111 0.371110 0.371112 0.371112 0.000000 0.000000
0.000000 0.000000 0.372713 0.372713 0.372712 0.372712 0.372714 0.372713 0.372713 0.372714 0.372714 0.372714 0.372713 0.372713 0.372714 0.372712 0.372712 0.372713 0.372713 0.000000 0.000000
0.000000 0.000000 0.374297 0.374297 0.374295 0.374296 0.374297 0.374297 0.374297 0.374297 0.374297 0.374297 0.374297 0.374297 0.374297 0.374296 0.374295 0.374297 0.374297 0.000000 0.000000
0.000000 0.000000 0.375900 0.375900 0.375899 0.375899 0.375901 0.375900 0.375900 0.375901 0.375901 0.375901 0.375900 0.375900 0.375901 0.375899 0.375899 0.375900 0.375900 0.000000 0.000000
0.000000 0.000000 0.350000 0.350000 0.350000 0.350000 0.350000 0.350000 0.350000 0.350000 0.350000 0.350000 0.350000 0.350000 0.350000 0.350000 0.350000 0.350000 0.350000 0.000000 0.000000
0.000000 0.000000 0.000000 0.000000 0.000000 0.000000 0.000000 0.000000 0.000000 0.000000 0.000000 0.000000 0.000000 0.000000 0.000000 0.000000 0.000000 0.000000 0.000000 0.000000 0.000000