geotop/1.0zi/1.0Montebello/Templates/testdem/maps/_Eocsand2323.asc
ncols         21
nrows         20
xllcorner     100.000000
yllcorner     100.000000
cellsize      50.000000
NODATA_value  -9999.0
0.000000 0.000000 0.000000 0.000000 0.000000 0.000000 0.000000 0.000000 0.000000 0.000000 0.000000 0.000000 0.000000 0.000000 0.000000 0.000000 0.000000 0.000000 0.000000 0.000000 0.000000
0.000000 0.000000 0.300070 0.300070 0.300070 0.300070 0.300070 0.300070 0.300070 0.300070 0.300070 0.300070 0.300070 0.300070 0.300070 0.300070 0.300070 0.300070 0.300070 0.000000 0.000000
0.000000 0.000000 0.300011 0.300011 0.300012 0.300011 0.300011 0.300011 0.300011 0.300011 0.300011 0.300011 0.300011 0.300011 0.300011 0.300011 0.300012 0.300011 0.300011 0.000000 0.000000
0.000000 0.000000 0.298525 0.298526 0.298530 0.298528 0.298524 0.298525 0.298525 0.298524 0.298524 0.298524 0.298525 0.298525 0.298524 0.298528 0.298530 0.298526 0.298525 0.000000 0.000000
0.000000 0.000000 0.292251 0.292253 0.292257 0.292256 0.292250 0.292252 0.292252 0.292249 0.292249 0.292249 0.292252 0.292252 0.292250 0.292256 0.292257 0.292253 0.292251 0.000000 0.000000
0.000000 0.000000 0.284518 0.284519 0.284522 0.284522 0.284517 0.284519 0.284519 0.284517 0.284516 0.284517 0.284519 0.284519 0.284517 0.284522 0.284522 0.284519 0.284518 0.000000 0.000000
0.000000 0.000000 0.277304 0.277305 0.277308 0.277307 0.277303 0.277305 0.277305 0.277303 0.277303 0.277303 0.277305 0.277305 0.277303 0.277307 0.277308 0.277305 0.277304 0.000000 0.000000
0.000000 0.000000 0.270691 0.270691 0.270694 0.270693 0.270690 0.270691 0.270691 0.270690 0.270689 0.270690 0.270691 0.270691 0.270690 0.270693 0.270694 0.270691 0.270691 0.000000 0.000000
0.000000 0.000000 0.264516 0.264517 0.264519 0.264519 0.264516 0.264517 0.264517 0.264515 0.264515 0.264515 0.264517 0.264517 0.264516 0.264519 0.264519 0.264517 0.264516 0.000000 0.000000
0.000000 0.000000 0.258634 0.258635 0.258637 0.258637 0.258634 0.258635 0.258635 0.258633 0.258633 0.258633 0.258635 0.258635 0.258634 0.258637 0.258637 0.258635 0.258634 0.000000 0.000000
0.000000 0.000000 0.252978 0.252979 0.252981 0.252980 0.252978 0.252979 0.252979 0.252977 0.252977 0.252977 0.252979 0.252979 0.252978 0.252980 0.252981 0.252979 0.252978 0.000000 0.000000
0.000000 0.000000 0.247502 0.247503 0.247505 0.247504 0.247501 0.247502 0.247502 0.247501 0.247501 0.247501 0.247502 0.247502 0.247501 0.247504 0.247505 0.247503 0.247502 0.000000 0.000000
0.000000 0.000000 0.242162 0.242163 0.242165 0.242164 0.242162 0.242163 0.242163 0.242162 0.242161 0.242162 0.242163 0.242163 0.242162 0.242164 0.242165 0.242163 0.242162 0.000000 0.000000
0.000000 0.000000 0.236940 0.236941 0.236943 0.236942 0.236939 0.236940 0.236940 0.236939 0.236939 0.236939 0.236940 0.236940 0.236939 0.236942 0.236943 0.236941 0.236940 0.000000 0.000000
0.000000 0.000000 0.231814 0.231815 0.231817 0.231816 0.231814 0.231815 0.231814 0.231813 0.231813 0.231813 0.231814 0.231815 0.231814 0.231816 0.231817 0.231815 0.231814 0.000000 0.000000
0.000000 0.000000 0.226778 0.226779 0.226781 0.226780 0.226778 0.226779 0.226779 0.226777 0.226777 0.226777 0.226779 0.226779 0.226778 0.226780 0.226781 0.226779 0.226778 0.000000 0.000000
0.000000 0.000000 0.221827 0.221828 0.221830 0.221829 0.221827 0.221828 0.221828 0.221826 0.221826 0.221826 0.221828 0.221828 0.221827 0.221829 0.221830 0.221828 0.221827 0.000000 0.000000
0.000000 0.000000 0.216890 0.216890 0.216892 0.216891 0.216889 0.216889 0.216889 0.216888 0.216888 0.216888 0.216889 0.216889 0.216889 0.216891 0.216892 0.216890 0.216889 0.000000 0.000000
0.000000 0.000000 0.300000 0.300000 0.300000 0.300000 0.300000 0.300000 0.300000 0.300000 0.300000 0.300000 0.300000 0.300000 0.300000 0.300000 0.300000 0.300000 0.300000 0.000000 0.000000
0.000000 0.000000 0.000000 0.000000 0.000000 0.000000 0.000000 0.000000 0.000000 0.000000 0.000000 0.000000 0.000000 0.000000 0.000000 0.000000 0.000000 0.000000 0.000000 0.000000 0.000000