geotop/1.0zi/1.0Montebello/Templates/testdem/maps/_Eocsand2793.asc
ncols         21
nrows         20
xllcorner     100.000000
yllcorner     100.000000
cellsize      50.000000
NODATA_value  -9999.0
0.000000 0.000000 0.000000 0.000000 0.000000 0.000000 0.000000 0.000000 0.000000 0.000000 0.000000 0.000000 0.000000 0.000000 0.000000 0.000000 0.000000 0.000000 0.000000 0.000000 0.000000
0.000000 0.000000 0.300081 0.300081 0.300081 0.300081 0.300081 0.300081 0.300081 0.300081 0.300082 0.300081 0.300081 0.300081 0.300081 0.300081 0.300081 0.300081 0.300081 0.000000 0.000000
0.000000 0.000000 0.300010 0.300010 0.300011 0.300010 0.300010 0.300010 0.300010 0.300010 0.300009 0.300010 0.300010 0.300010 0.300010 0.300010 0.300011 0.300010 0.300010 0.000000 0.000000
0.000000 0.000000 0.298097 0.298097 0.298102 0.298100 0.298096 0.298097 0.298097 0.298096 0.298096 0.298096 0.298097 0.298097 0.298096 0.298100 0.298102 0.298097 0.298097 0.000000 0.000000
0.000000 0.000000 0.290283 0.290285 0.290288 0.290288 0.290282 0.290284 0.290284 0.290281 0.290281 0.290281 0.290284 0.290284 0.290282 0.290288 0.290288 0.290285 0.290283 0.000000 0.000000
0.000000 0.000000 0.280828 0.280830 0.280833 0.280832 0.280827 0.280829 0.280829 0.280827 0.280826 0.280827 0.280829 0.280829 0.280827 0.280832 0.280833 0.280830 0.280828 0.000000 0.000000
0.000000 0.000000 0.272046 0.272046 0.272049 0.272049 0.272045 0.272046 0.272046 0.272044 0.272044 0.272044 0.272046 0.272046 0.272045 0.272049 0.272049 0.272046 0.272046 0.000000 0.000000
0.000000 0.000000 0.264022 0.264023 0.264026 0.264025 0.264022 0.264023 0.264023 0.264021 0.264020 0.264021 0.264023 0.264023 0.264022 0.264025 0.264026 0.264023 0.264022 0.000000 0.000000
0.000000 0.000000 0.256558 0.256559 0.256561 0.256560 0.256557 0.256559 0.256558 0.256557 0.256556 0.256557 0.256558 0.256559 0.256557 0.256560 0.256561 0.256559 0.256558 0.000000 0.000000
0.000000 0.000000 0.249487 0.249488 0.249490 0.249490 0.249487 0.249488 0.249488 0.249486 0.249486 0.249486 0.249488 0.249488 0.249487 0.249490 0.249490 0.249488 0.249487 0.000000 0.000000
0.000000 0.000000 0.242725 0.242726 0.242728 0.242728 0.242725 0.242726 0.242726 0.242725 0.242724 0.242725 0.242726 0.242726 0.242725 0.242728 0.242728 0.242726 0.242725 0.000000 0.000000
0.000000 0.000000 0.236211 0.236211 0.236213 0.236213 0.236210 0.236211 0.236211 0.236210 0.236209 0.236210 0.236211 0.236211 0.236210 0.236213 0.236213 0.236211 0.236211 0.000000 0.000000
0.000000 0.000000 0.229892 0.229892 0.229895 0.229894 0.229891 0.229892 0.229892 0.229891 0.229890 0.229891 0.229892 0.229892 0.229891 0.229894 0.229895 0.229892 0.229892 0.000000 0.000000
0.000000 0.000000 0.223736 0.223737 0.223739 0.223738 0.223736 0.223737 0.223736 0.223735 0.223735 0.223735 0.223736 0.223737 0.223736 0.223738 0.223739 0.223737 0.223736 0.000000 0.000000
0.000000 0.000000 0.217728 0.217728 0.217731 0.217730 0.217727 0.217728 0.217728 0.217727 0.217726 0.217727 0.217728 0.217728 0.217727 0.217730 0.217731 0.217728 0.217728 0.000000 0.000000
0.000000 0.000000 0.211854 0.211855 0.211857 0.211856 0.211854 0.211855 0.211854 0.211853 0.211853 0.211853 0.211854 0.211855 0.211854 0.211856 0.211857 0.211855 0.211854 0.000000 0.000000
0.000000 0.000000 0.206106 0.206107 0.206109 0.206108 0.206106 0.206107 0.206107 0.206105 0.206105 0.206105 0.206107 0.206107 0.206106 0.206108 0.206109 0.206107 0.206106 0.000000 0.000000
0.000000 0.000000 0.200400 0.200400 0.200402 0.200401 0.200399 0.200400 0.200399 0.200398 0.200398 0.200398 0.200399 0.200400 0.200399 0.200401 0.200402 0.200400 0.200399 0.000000 0.000000
0.000000 0.000000 0.300000 0.300000 0.300000 0.300000 0.300000 0.300000 0.300000 0.300000 0.300000 0.300000 0.300000 0.300000 0.300000 0.300000 0.300000 0.300000 0.300000 0.000000 0.000000
0.000000 0.000000 0.000000 0.000000 0.000000 0.000000 0.000000 0.000000 0.000000 0.000000 0.000000 0.000000 0.000000 0.000000 0.000000 0.000000 0.000000 0.000000 0.000000 0.000000 0.000000