geotop/1.0zi/1.0Montebello/Templates/testdem/maps/_Eocsilt9225.asc
ncols         21
nrows         20
xllcorner     100.000000
yllcorner     100.000000
cellsize      50.000000
NODATA_value  -9999.0
0.000000 0.000000 0.000000 0.000000 0.000000 0.000000 0.000000 0.000000 0.000000 0.000000 0.000000 0.000000 0.000000 0.000000 0.000000 0.000000 0.000000 0.000000 0.000000 0.000000 0.000000
0.000000 0.000000 0.350195 0.350195 0.350195 0.350195 0.350195 0.350195 0.350195 0.350195 0.350195 0.350195 0.350195 0.350195 0.350195 0.350195 0.350196 0.350195 0.350195 0.000000 0.000000
0.000000 0.000000 0.350005 0.350005 0.350006 0.350005 0.350006 0.350006 0.350006 0.350006 0.350006 0.350006 0.350007 0.350007 0.350006 0.350005 0.350004 0.350004 0.350005 0.000000 0.000000
0.000000 0.000000 0.350123 0.350119 0.350114 0.350109 0.350109 0.350104 0.350107 0.350108 0.350105 0.350107 0.350107 0.350107 0.350110 0.350114 0.350119 0.350119 0.350122 0.000000 0.000000
0.000000 0.000000 0.351266 0.351270 0.351259 0.351243 0.351234 0.351229 0.351231 0.351228 0.351228 0.351230 0.351234 0.351232 0.351245 0.351252 0.351255 0.351258 0.351261 0.000000 0.000000
0.000000 0.000000 0.354529 0.354523 0.354509 0.354490 0.354460 0.354438 0.354436 0.354430 0.354433 0.354434 0.354437 0.354435 0.354450 0.354468 0.354478 0.354483 0.354490 0.000000 0.000000
0.000000 0.000000 0.359192 0.359182 0.359165 0.359134 0.359095 0.359047 0.359051 0.359048 0.359046 0.359044 0.359042 0.359047 0.359085 0.359113 0.359132 0.359144 0.359152 0.000000 0.000000
0.000000 0.000000 0.364710 0.364699 0.364687 0.364652 0.364613 0.364570 0.364572 0.364566 0.364563 0.364560 0.364557 0.364566 0.364602 0.364635 0.364665 0.364668 0.364682 0.000000 0.000000
0.000000 0.000000 0.370731 0.370715 0.370695 0.370669 0.370624 0.370570 0.370576 0.370565 0.370560 0.370557 0.370559 0.370558 0.370610 0.370649 0.370672 0.370680 0.370693 0.000000 0.000000
0.000000 0.000000 0.377252 0.377233 0.377217 0.377190 0.377131 0.377082 0.377084 0.377077 0.377067 0.377071 0.377078 0.377076 0.377118 0.377167 0.377194 0.377201 0.377208 0.000000 0.000000
0.000000 0.000000 0.384507 0.384493 0.384480 0.384415 0.384377 0.384314 0.384330 0.384295 0.384300 0.384295 0.384283 0.384304 0.384348 0.384379 0.384416 0.384428 0.384458 0.000000 0.000000
0.000000 0.000000 0.392805 0.392774 0.392737 0.392706 0.392652 0.392574 0.392575 0.392568 0.392582 0.392551 0.392565 0.392565 0.392643 0.392686 0.392707 0.392715 0.392779 0.000000 0.000000
0.000000 0.000000 0.402009 0.401981 0.401971 0.401903 0.401857 0.401639 0.401639 0.401627 0.401559 0.401596 0.401604 0.401626 0.401790 0.401830 0.401908 0.401910 0.401933 0.000000 0.000000
0.000000 0.000000 0.413206 0.413194 0.413132 0.413089 0.412790 0.412861 0.412803 0.412803 0.412834 0.412800 0.412794 0.412770 0.412702 0.413023 0.413046 0.413117 0.413167 0.000000 0.000000
0.000000 0.000000 0.426388 0.426348 0.426281 0.425890 0.425998 0.425778 0.425712 0.425689 0.425609 0.425570 0.425615 0.425615 0.425818 0.425723 0.426235 0.426121 0.426113 0.000000 0.000000
0.000000 0.000000 0.439777 0.439748 0.439231 0.439458 0.439385 0.439385 0.439606 0.439543 0.439657 0.439630 0.439537 0.439663 0.439619 0.439681 0.439162 0.439927 0.439915 0.000000 0.000000
0.000000 0.000000 0.453652 0.453084 0.453275 0.453019 0.452735 0.452644 0.452454 0.452498 0.452304 0.452325 0.452437 0.452321 0.452476 0.452685 0.453237 0.452804 0.453392 0.000000 0.000000
0.000000 0.000000 0.458055 0.458365 0.458722 0.458681 0.458660 0.458312 0.458353 0.458257 0.458398 0.458365 0.458352 0.458395 0.458686 0.458703 0.458760 0.458445 0.458137 0.000000 0.000000
0.000000 0.000000 0.350000 0.350000 0.350000 0.350000 0.350000 0.350000 0.350000 0.350000 0.350000 0.350000 0.350000 0.350000 0.350000 0.350000 0.350000 0.350000 0.350000 0.000000 0.000000
0.000000 0.000000 0.000000 0.000000 0.000000 0.000000 0.000000 0.000000 0.000000 0.000000 0.000000 0.000000 0.000000 0.000000 0.000000 0.000000 0.000000 0.000000 0.000000 0.000000 0.000000