geotop/1.0zi/1.0Montebello/Templates/testdem/maps/_Eocsilt3576.asc
ncols         21
nrows         20
xllcorner     100.000000
yllcorner     100.000000
cellsize      50.000000
NODATA_value  -9999.0
0.000000 0.000000 0.000000 0.000000 0.000000 0.000000 0.000000 0.000000 0.000000 0.000000 0.000000 0.000000 0.000000 0.000000 0.000000 0.000000 0.000000 0.000000 0.000000 0.000000 0.000000
0.000000 0.000000 0.350095 0.350095 0.350095 0.350095 0.350095 0.350095 0.350095 0.350095 0.350094 0.350095 0.350095 0.350095 0.350095 0.350095 0.350095 0.350095 0.350095 0.000000 0.000000
0.000000 0.000000 0.349994 0.349993 0.349993 0.349994 0.349994 0.349993 0.349994 0.349994 0.349994 0.349994 0.349994 0.349993 0.349994 0.349994 0.349993 0.349993 0.349994 0.000000 0.000000
0.000000 0.000000 0.351378 0.351378 0.351375 0.351376 0.351379 0.351378 0.351378 0.351378 0.351379 0.351378 0.351378 0.351378 0.351379 0.351376 0.351375 0.351378 0.351378 0.000000 0.000000
0.000000 0.000000 0.356352 0.356352 0.356350 0.356350 0.356352 0.356351 0.356351 0.356353 0.356353 0.356353 0.356351 0.356351 0.356352 0.356350 0.356350 0.356352 0.356352 0.000000 0.000000
0.000000 0.000000 0.362522 0.362521 0.362520 0.362520 0.362522 0.362521 0.362521 0.362522 0.362522 0.362522 0.362521 0.362521 0.362522 0.362520 0.362520 0.362521 0.362522 0.000000 0.000000
0.000000 0.000000 0.368106 0.368105 0.368104 0.368104 0.368106 0.368105 0.368105 0.368106 0.368106 0.368106 0.368105 0.368105 0.368106 0.368104 0.368104 0.368105 0.368106 0.000000 0.000000
0.000000 0.000000 0.373144 0.373143 0.373142 0.373142 0.373144 0.373143 0.373143 0.373144 0.373144 0.373144 0.373143 0.373143 0.373144 0.373142 0.373142 0.373143 0.373144 0.000000 0.000000
0.000000 0.000000 0.377783 0.377783 0.377781 0.377782 0.377783 0.377782 0.377782 0.377783 0.377783 0.377783 0.377782 0.377782 0.377783 0.377782 0.377781 0.377783 0.377783 0.000000 0.000000
0.000000 0.000000 0.382134 0.382134 0.382133 0.382133 0.382134 0.382134 0.382134 0.382134 0.382135 0.382134 0.382134 0.382134 0.382134 0.382133 0.382133 0.382134 0.382134 0.000000 0.000000
0.000000 0.000000 0.386255 0.386255 0.386254 0.386254 0.386256 0.386255 0.386255 0.386255 0.386256 0.386255 0.386255 0.386255 0.386256 0.386254 0.386254 0.386255 0.386255 0.000000 0.000000
0.000000 0.000000 0.390188 0.390188 0.390186 0.390187 0.390188 0.390187 0.390187 0.390188 0.390188 0.390188 0.390187 0.390187 0.390188 0.390187 0.390186 0.390188 0.390188 0.000000 0.000000
0.000000 0.000000 0.393961 0.393961 0.393960 0.393960 0.393961 0.393961 0.393961 0.393961 0.393962 0.393961 0.393961 0.393961 0.393961 0.393960 0.393960 0.393961 0.393961 0.000000 0.000000
0.000000 0.000000 0.397604 0.397604 0.397603 0.397603 0.397604 0.397604 0.397604 0.397604 0.397605 0.397604 0.397604 0.397604 0.397604 0.397603 0.397603 0.397604 0.397604 0.000000 0.000000
0.000000 0.000000 0.401128 0.401128 0.401127 0.401127 0.401128 0.401128 0.401128 0.401128 0.401129 0.401128 0.401128 0.401128 0.401128 0.401127 0.401127 0.401128 0.401128 0.000000 0.000000
0.000000 0.000000 0.404538 0.404538 0.404537 0.404537 0.404538 0.404538 0.404538 0.404538 0.404538 0.404538 0.404538 0.404538 0.404538 0.404537 0.404537 0.404538 0.404538 0.000000 0.000000
0.000000 0.000000 0.407846 0.407846 0.407845 0.407845 0.407846 0.407846 0.407846 0.407846 0.407847 0.407846 0.407846 0.407846 0.407846 0.407845 0.407845 0.407846 0.407846 0.000000 0.000000
0.000000 0.000000 0.411101 0.411101 0.411100 0.411100 0.411101 0.411101 0.411101 0.411101 0.411102 0.411101 0.411101 0.411101 0.411101 0.411100 0.411100 0.411101 0.411101 0.000000 0.000000
0.000000 0.000000 0.350000 0.350000 0.350000 0.350000 0.350000 0.350000 0.350000 0.350000 0.350000 0.350000 0.350000 0.350000 0.350000 0.350000 0.350000 0.350000 0.350000 0.000000 0.000000
0.000000 0.000000 0.000000 0.000000 0.000000 0.000000 0.000000 0.000000 0.000000 0.000000 0.000000 0.000000 0.000000 0.000000 0.000000 0.000000 0.000000 0.000000 0.000000 0.000000 0.000000