geotop/1.0zi/1.0Montebello/Templates/testdem/maps/_Eocsand0477.asc
ncols         21
nrows         20
xllcorner     100.000000
yllcorner     100.000000
cellsize      50.000000
NODATA_value  -9999.0
0.000000 0.000000 0.000000 0.000000 0.000000 0.000000 0.000000 0.000000 0.000000 0.000000 0.000000 0.000000 0.000000 0.000000 0.000000 0.000000 0.000000 0.000000 0.000000 0.000000 0.000000
0.000000 0.000000 0.300019 0.300019 0.300019 0.300019 0.300019 0.300019 0.300019 0.300019 0.300019 0.300019 0.300019 0.300019 0.300019 0.300019 0.300019 0.300019 0.300019 0.000000 0.000000
0.000000 0.000000 0.300005 0.300006 0.300006 0.300006 0.300005 0.300005 0.300005 0.300005 0.300005 0.300005 0.300005 0.300005 0.300005 0.300006 0.300006 0.300006 0.300005 0.000000 0.000000
0.000000 0.000000 0.299440 0.299440 0.299445 0.299440 0.299440 0.299440 0.299440 0.299440 0.299440 0.299440 0.299440 0.299440 0.299440 0.299440 0.299445 0.299440 0.299440 0.000000 0.000000
0.000000 0.000000 0.297733 0.297733 0.297737 0.297733 0.297733 0.297732 0.297732 0.297733 0.297733 0.297733 0.297732 0.297732 0.297733 0.297733 0.297737 0.297733 0.297733 0.000000 0.000000
0.000000 0.000000 0.296019 0.296019 0.296023 0.296019 0.296019 0.296019 0.296019 0.296019 0.296019 0.296019 0.296019 0.296019 0.296019 0.296019 0.296023 0.296019 0.296019 0.000000 0.000000
0.000000 0.000000 0.294450 0.294450 0.294453 0.294450 0.294450 0.294450 0.294450 0.294450 0.294450 0.294450 0.294450 0.294450 0.294450 0.294450 0.294453 0.294450 0.294450 0.000000 0.000000
0.000000 0.000000 0.292998 0.292998 0.293001 0.292999 0.292998 0.292998 0.292998 0.292998 0.292998 0.292998 0.292998 0.292998 0.292998 0.292999 0.293001 0.292998 0.292998 0.000000 0.000000
0.000000 0.000000 0.291629 0.291629 0.291632 0.291629 0.291629 0.291629 0.291629 0.291629 0.291629 0.291629 0.291629 0.291629 0.291629 0.291629 0.291632 0.291629 0.291629 0.000000 0.000000
0.000000 0.000000 0.290309 0.290309 0.290312 0.290309 0.290309 0.290309 0.290309 0.290309 0.290309 0.290309 0.290309 0.290309 0.290309 0.290309 0.290312 0.290309 0.290309 0.000000 0.000000
0.000000 0.000000 0.289026 0.289026 0.289028 0.289026 0.289026 0.289026 0.289026 0.289026 0.289026 0.289026 0.289026 0.289026 0.289026 0.289026 0.289028 0.289026 0.289026 0.000000 0.000000
0.000000 0.000000 0.287769 0.287769 0.287772 0.287769 0.287769 0.287769 0.287769 0.287769 0.287769 0.287769 0.287769 0.287769 0.287769 0.287769 0.287772 0.287769 0.287769 0.000000 0.000000
0.000000 0.000000 0.286536 0.286536 0.286539 0.286536 0.286536 0.286536 0.286536 0.286536 0.286536 0.286536 0.286536 0.286536 0.286536 0.286536 0.286539 0.286536 0.286536 0.000000 0.000000
0.000000 0.000000 0.285324 0.285324 0.285327 0.285324 0.285324 0.285324 0.285324 0.285324 0.285324 0.285324 0.285324 0.285324 0.285324 0.285324 0.285327 0.285324 0.285324 0.000000 0.000000
0.000000 0.000000 0.284125 0.284125 0.284128 0.284125 0.284125 0.284125 0.284125 0.284125 0.284125 0.284125 0.284125 0.284125 0.284125 0.284125 0.284128 0.284125 0.284125 0.000000 0.000000
0.000000 0.000000 0.282932 0.282932 0.282934 0.282932 0.282931 0.282931 0.282931 0.282931 0.282931 0.282931 0.282931 0.282931 0.282931 0.282932 0.282934 0.282932 0.282932 0.000000 0.000000
0.000000 0.000000 0.281753 0.281753 0.281755 0.281753 0.281753 0.281753 0.281753 0.281753 0.281753 0.281753 0.281753 0.281753 0.281753 0.281753 0.281755 0.281753 0.281753 0.000000 0.000000
0.000000 0.000000 0.280546 0.280546 0.280549 0.280546 0.280546 0.280546 0.280546 0.280546 0.280546 0.280546 0.280546 0.280546 0.280546 0.280546 0.280549 0.280546 0.280546 0.000000 0.000000
0.000000 0.000000 0.300000 0.300000 0.300000 0.300000 0.300000 0.300000 0.300000 0.300000 0.300000 0.300000 0.300000 0.300000 0.300000 0.300000 0.300000 0.300000 0.300000 0.000000 0.000000
0.000000 0.000000 0.000000 0.000000 0.000000 0.000000 0.000000 0.000000 0.000000 0.000000 0.000000 0.000000 0.000000 0.000000 0.000000 0.000000 0.000000 0.000000 0.000000 0.000000 0.000000