geotop/1.0zi/1.0Montebello/Templates/testdem/maps/_Eocclay2576.asc
ncols         21
nrows         20
xllcorner     100.000000
yllcorner     100.000000
cellsize      50.000000
NODATA_value  -9999.0
0.000000 0.000000 0.000000 0.000000 0.000000 0.000000 0.000000 0.000000 0.000000 0.000000 0.000000 0.000000 0.000000 0.000000 0.000000 0.000000 0.000000 0.000000 0.000000 0.000000 0.000000
0.000000 0.000000 0.349863 0.349863 0.349863 0.349863 0.349863 0.349863 0.349863 0.349863 0.349862 0.349863 0.349863 0.349863 0.349863 0.349863 0.349863 0.349863 0.349863 0.000000 0.000000
0.000000 0.000000 0.349990 0.349990 0.349989 0.349990 0.349990 0.349990 0.349990 0.349990 0.349990 0.349990 0.349990 0.349990 0.349990 0.349990 0.349989 0.349990 0.349990 0.000000 0.000000
0.000000 0.000000 0.350799 0.350798 0.350796 0.350797 0.350799 0.350799 0.350798 0.350799 0.350799 0.350799 0.350798 0.350799 0.350799 0.350797 0.350796 0.350798 0.350799 0.000000 0.000000
0.000000 0.000000 0.354497 0.354496 0.354494 0.354494 0.354497 0.354496 0.354496 0.354498 0.354498 0.354498 0.354496 0.354496 0.354497 0.354494 0.354494 0.354496 0.354497 0.000000 0.000000
0.000000 0.000000 0.358761 0.358761 0.358759 0.358759 0.358762 0.358761 0.358761 0.358762 0.358762 0.358762 0.358761 0.358761 0.358762 0.358759 0.358759 0.358761 0.358761 0.000000 0.000000
0.000000 0.000000 0.362810 0.362810 0.362808 0.362809 0.362811 0.362810 0.362810 0.362811 0.362811 0.362811 0.362810 0.362810 0.362811 0.362809 0.362808 0.362810 0.362810 0.000000 0.000000
0.000000 0.000000 0.366528 0.366528 0.366527 0.366527 0.366529 0.366528 0.366528 0.366529 0.366529 0.366529 0.366528 0.366528 0.366529 0.366527 0.366527 0.366528 0.366528 0.000000 0.000000
0.000000 0.000000 0.369994 0.369994 0.369993 0.369993 0.369995 0.369994 0.369994 0.369995 0.369995 0.369995 0.369994 0.369994 0.369995 0.369993 0.369993 0.369994 0.369994 0.000000 0.000000
0.000000 0.000000 0.373287 0.373286 0.373285 0.373286 0.373287 0.373287 0.373287 0.373287 0.373288 0.373287 0.373287 0.373287 0.373287 0.373286 0.373285 0.373286 0.373287 0.000000 0.000000
0.000000 0.000000 0.376445 0.376445 0.376443 0.376444 0.376445 0.376445 0.376445 0.376445 0.376446 0.376445 0.376445 0.376445 0.376445 0.376444 0.376443 0.376445 0.376445 0.000000 0.000000
0.000000 0.000000 0.379498 0.379497 0.379496 0.379497 0.379498 0.379497 0.379497 0.379498 0.379498 0.379498 0.379497 0.379497 0.379498 0.379497 0.379496 0.379497 0.379498 0.000000 0.000000
0.000000 0.000000 0.382467 0.382466 0.382465 0.382466 0.382467 0.382466 0.382466 0.382467 0.382467 0.382467 0.382466 0.382466 0.382467 0.382466 0.382465 0.382466 0.382467 0.000000 0.000000
0.000000 0.000000 0.385366 0.385366 0.385365 0.385365 0.385367 0.385366 0.385366 0.385367 0.385367 0.385367 0.385366 0.385366 0.385367 0.385365 0.385365 0.385366 0.385366 0.000000 0.000000
0.000000 0.000000 0.388207 0.388207 0.388206 0.388206 0.388207 0.388207 0.388207 0.388208 0.388208 0.388208 0.388207 0.388207 0.388207 0.388206 0.388206 0.388207 0.388207 0.000000 0.000000
0.000000 0.000000 0.390994 0.390994 0.390993 0.390993 0.390994 0.390994 0.390994 0.390994 0.390995 0.390994 0.390994 0.390994 0.390994 0.390993 0.390993 0.390994 0.390994 0.000000 0.000000
0.000000 0.000000 0.393730 0.393730 0.393728 0.393729 0.393730 0.393730 0.393730 0.393730 0.393730 0.393730 0.393730 0.393730 0.393730 0.393729 0.393728 0.393730 0.393730 0.000000 0.000000
0.000000 0.000000 0.396455 0.396455 0.396454 0.396455 0.396456 0.396455 0.396455 0.396456 0.396456 0.396456 0.396455 0.396455 0.396456 0.396455 0.396454 0.396455 0.396456 0.000000 0.000000
0.000000 0.000000 0.350000 0.350000 0.350000 0.350000 0.350000 0.350000 0.350000 0.350000 0.350000 0.350000 0.350000 0.350000 0.350000 0.350000 0.350000 0.350000 0.350000 0.000000 0.000000
0.000000 0.000000 0.000000 0.000000 0.000000 0.000000 0.000000 0.000000 0.000000 0.000000 0.000000 0.000000 0.000000 0.000000 0.000000 0.000000 0.000000 0.000000 0.000000 0.000000 0.000000