geotop/1.0zi/1.0Montebello/Templates/testdem/maps/_Eocclay8443.asc
ncols         21
nrows         20
xllcorner     100.000000
yllcorner     100.000000
cellsize      50.000000
NODATA_value  -9999.0
0.000000 0.000000 0.000000 0.000000 0.000000 0.000000 0.000000 0.000000 0.000000 0.000000 0.000000 0.000000 0.000000 0.000000 0.000000 0.000000 0.000000 0.000000 0.000000 0.000000 0.000000
0.000000 0.000000 0.349616 0.349618 0.349618 0.349617 0.349618 0.349618 0.349618 0.349618 0.349617 0.349619 0.349618 0.349618 0.349619 0.349618 0.349616 0.349617 0.349617 0.000000 0.000000
0.000000 0.000000 0.349983 0.349982 0.349982 0.349984 0.349982 0.349982 0.349982 0.349982 0.349982 0.349982 0.349982 0.349982 0.349982 0.349983 0.349984 0.349983 0.349981 0.000000 0.000000
0.000000 0.000000 0.350004 0.350009 0.350006 0.350004 0.350007 0.350004 0.350006 0.350004 0.350007 0.350004 0.350005 0.350003 0.350005 0.350006 0.350005 0.350009 0.350006 0.000000 0.000000
0.000000 0.000000 0.351015 0.351011 0.351010 0.351005 0.350991 0.350988 0.350984 0.350987 0.350983 0.350984 0.350980 0.350984 0.350994 0.350995 0.351005 0.351008 0.351017 0.000000 0.000000
0.000000 0.000000 0.354016 0.354016 0.354001 0.353972 0.353955 0.353930 0.353932 0.353925 0.353929 0.353928 0.353930 0.353932 0.353944 0.353965 0.353980 0.353994 0.353999 0.000000 0.000000
0.000000 0.000000 0.358135 0.358129 0.358122 0.358097 0.358064 0.358022 0.358021 0.358016 0.358016 0.358018 0.358018 0.358019 0.358054 0.358085 0.358101 0.358114 0.358122 0.000000 0.000000
0.000000 0.000000 0.363023 0.363018 0.363011 0.362978 0.362948 0.362903 0.362902 0.362897 0.362896 0.362894 0.362891 0.362900 0.362938 0.362964 0.362991 0.363000 0.363013 0.000000 0.000000
0.000000 0.000000 0.368245 0.368235 0.368222 0.368202 0.368167 0.368121 0.368124 0.368114 0.368111 0.368109 0.368110 0.368109 0.368154 0.368189 0.368210 0.368220 0.368231 0.000000 0.000000
0.000000 0.000000 0.373819 0.373807 0.373800 0.373780 0.373729 0.373687 0.373687 0.373682 0.373675 0.373679 0.373684 0.373682 0.373721 0.373763 0.373788 0.373797 0.373805 0.000000 0.000000
0.000000 0.000000 0.379939 0.379933 0.379925 0.379878 0.379845 0.379791 0.379804 0.379775 0.379781 0.379778 0.379767 0.379786 0.379823 0.379848 0.379882 0.379899 0.379922 0.000000 0.000000
0.000000 0.000000 0.386783 0.386763 0.386744 0.386718 0.386674 0.386613 0.386607 0.386602 0.386615 0.386592 0.386600 0.386601 0.386667 0.386702 0.386723 0.386738 0.386792 0.000000 0.000000
0.000000 0.000000 0.394253 0.394231 0.394230 0.394184 0.394150 0.393981 0.393977 0.393969 0.393921 0.393949 0.393955 0.393971 0.394102 0.394133 0.394198 0.394204 0.394231 0.000000 0.000000
0.000000 0.000000 0.403110 0.403105 0.403072 0.403041 0.402825 0.402847 0.402803 0.402804 0.402819 0.402802 0.402797 0.402782 0.402760 0.402988 0.403018 0.403079 0.403120 0.000000 0.000000
0.000000 0.000000 0.413641 0.413619 0.413576 0.413298 0.413332 0.413190 0.413127 0.413114 0.413063 0.413032 0.413062 0.413057 0.413195 0.413176 0.413545 0.413485 0.413489 0.000000 0.000000
0.000000 0.000000 0.425203 0.425184 0.424780 0.424906 0.424872 0.424840 0.424996 0.424949 0.425031 0.425003 0.424934 0.425035 0.425036 0.425062 0.424741 0.425336 0.425327 0.000000 0.000000
0.000000 0.000000 0.439512 0.438875 0.439036 0.438787 0.438470 0.438374 0.438189 0.438233 0.438037 0.438057 0.438167 0.438054 0.438220 0.438454 0.439010 0.438628 0.439290 0.000000 0.000000
0.000000 0.000000 0.444181 0.444795 0.445322 0.445331 0.445374 0.444868 0.444960 0.444811 0.445062 0.445012 0.444968 0.445055 0.445474 0.445442 0.445417 0.445021 0.444417 0.000000 0.000000
0.000000 0.000000 0.350000 0.350000 0.350000 0.350000 0.350000 0.350000 0.350000 0.350000 0.350000 0.350000 0.350000 0.350000 0.350000 0.350000 0.350000 0.350000 0.350000 0.000000 0.000000
0.000000 0.000000 0.000000 0.000000 0.000000 0.000000 0.000000 0.000000 0.000000 0.000000 0.000000 0.000000 0.000000 0.000000 0.000000 0.000000 0.000000 0.000000 0.000000 0.000000 0.000000