geotop/1.0zi/1.0Montebello/Templates/testdem/maps/_Eocclay3614.asc
ncols         21
nrows         20
xllcorner     100.000000
yllcorner     100.000000
cellsize      50.000000
NODATA_value  -9999.0
0.000000 0.000000 0.000000 0.000000 0.000000 0.000000 0.000000 0.000000 0.000000 0.000000 0.000000 0.000000 0.000000 0.000000 0.000000 0.000000 0.000000 0.000000 0.000000 0.000000 0.000000
0.000000 0.000000 0.349807 0.349807 0.349807 0.349807 0.349807 0.349807 0.349807 0.349807 0.349806 0.349807 0.349807 0.349807 0.349807 0.349807 0.349807 0.349807 0.349807 0.000000 0.000000
0.000000 0.000000 0.349996 0.349996 0.349995 0.349996 0.349996 0.349996 0.349996 0.349996 0.349996 0.349996 0.349996 0.349996 0.349996 0.349996 0.349995 0.349996 0.349996 0.000000 0.000000
0.000000 0.000000 0.351305 0.351305 0.351302 0.351303 0.351304 0.351304 0.351304 0.351305 0.351305 0.351305 0.351304 0.351304 0.351304 0.351303 0.351302 0.351305 0.351305 0.000000 0.000000
0.000000 0.000000 0.356790 0.356789 0.356788 0.356788 0.356791 0.356790 0.356789 0.356790 0.356791 0.356790 0.356789 0.356790 0.356791 0.356788 0.356788 0.356789 0.356790 0.000000 0.000000
0.000000 0.000000 0.362908 0.362907 0.362906 0.362906 0.362908 0.362907 0.362907 0.362907 0.362908 0.362907 0.362907 0.362907 0.362908 0.362906 0.362906 0.362907 0.362908 0.000000 0.000000
0.000000 0.000000 0.368640 0.368639 0.368638 0.368639 0.368640 0.368639 0.368639 0.368640 0.368640 0.368640 0.368639 0.368639 0.368640 0.368639 0.368638 0.368639 0.368640 0.000000 0.000000
0.000000 0.000000 0.373850 0.373849 0.373848 0.373848 0.373849 0.373849 0.373848 0.373849 0.373849 0.373849 0.373848 0.373849 0.373849 0.373848 0.373848 0.373849 0.373850 0.000000 0.000000
0.000000 0.000000 0.378656 0.378655 0.378654 0.378654 0.378656 0.378655 0.378655 0.378655 0.378656 0.378655 0.378655 0.378655 0.378656 0.378654 0.378654 0.378655 0.378656 0.000000 0.000000
0.000000 0.000000 0.383171 0.383170 0.383169 0.383170 0.383171 0.383170 0.383170 0.383170 0.383171 0.383170 0.383170 0.383170 0.383171 0.383170 0.383169 0.383170 0.383171 0.000000 0.000000
0.000000 0.000000 0.387453 0.387453 0.387452 0.387452 0.387453 0.387453 0.387452 0.387453 0.387453 0.387453 0.387452 0.387453 0.387453 0.387452 0.387452 0.387453 0.387453 0.000000 0.000000
0.000000 0.000000 0.391545 0.391544 0.391543 0.391544 0.391545 0.391544 0.391544 0.391544 0.391545 0.391544 0.391544 0.391544 0.391545 0.391544 0.391543 0.391544 0.391545 0.000000 0.000000
0.000000 0.000000 0.395477 0.395476 0.395475 0.395476 0.395477 0.395476 0.395476 0.395476 0.395477 0.395476 0.395476 0.395476 0.395477 0.395476 0.395475 0.395476 0.395477 0.000000 0.000000
0.000000 0.000000 0.399277 0.399277 0.399276 0.399276 0.399277 0.399277 0.399277 0.399277 0.399277 0.399277 0.399277 0.399277 0.399277 0.399276 0.399276 0.399277 0.399277 0.000000 0.000000
0.000000 0.000000 0.402959 0.402959 0.402958 0.402958 0.402959 0.402959 0.402958 0.402959 0.402959 0.402959 0.402958 0.402959 0.402959 0.402958 0.402958 0.402959 0.402959 0.000000 0.000000
0.000000 0.000000 0.406527 0.406526 0.406525 0.406526 0.406527 0.406526 0.406526 0.406527 0.406527 0.406527 0.406526 0.406526 0.406527 0.406526 0.406525 0.406526 0.406527 0.000000 0.000000
0.000000 0.000000 0.409993 0.409992 0.409992 0.409992 0.409993 0.409992 0.409992 0.409993 0.409993 0.409993 0.409992 0.409992 0.409993 0.409992 0.409992 0.409992 0.409993 0.000000 0.000000
0.000000 0.000000 0.413408 0.413407 0.413407 0.413407 0.413408 0.413407 0.413407 0.413408 0.413408 0.413408 0.413407 0.413407 0.413408 0.413407 0.413407 0.413407 0.413408 0.000000 0.000000
0.000000 0.000000 0.350000 0.350000 0.350000 0.350000 0.350000 0.350000 0.350000 0.350000 0.350000 0.350000 0.350000 0.350000 0.350000 0.350000 0.350000 0.350000 0.350000 0.000000 0.000000
0.000000 0.000000 0.000000 0.000000 0.000000 0.000000 0.000000 0.000000 0.000000 0.000000 0.000000 0.000000 0.000000 0.000000 0.000000 0.000000 0.000000 0.000000 0.000000 0.000000 0.000000