geotop/1.0zi/1.0Montebello/Templates/testdem/maps/_Eocclay8111.asc
ncols         21
nrows         20
xllcorner     100.000000
yllcorner     100.000000
cellsize      50.000000
NODATA_value  -9999.0
0.000000 0.000000 0.000000 0.000000 0.000000 0.000000 0.000000 0.000000 0.000000 0.000000 0.000000 0.000000 0.000000 0.000000 0.000000 0.000000 0.000000 0.000000 0.000000 0.000000 0.000000
0.000000 0.000000 0.349624 0.349626 0.349626 0.349625 0.349627 0.349627 0.349627 0.349627 0.349625 0.349627 0.349627 0.349626 0.349627 0.349626 0.349624 0.349625 0.349626 0.000000 0.000000
0.000000 0.000000 0.349984 0.349983 0.349983 0.349985 0.349983 0.349983 0.349983 0.349983 0.349983 0.349982 0.349983 0.349982 0.349983 0.349984 0.349985 0.349984 0.349982 0.000000 0.000000
0.000000 0.000000 0.350004 0.350008 0.350006 0.350004 0.350007 0.350004 0.350006 0.350003 0.350006 0.350004 0.350004 0.350003 0.350005 0.350006 0.350005 0.350009 0.350006 0.000000 0.000000
0.000000 0.000000 0.351009 0.351005 0.351002 0.350997 0.350981 0.350979 0.350976 0.350979 0.350976 0.350976 0.350972 0.350976 0.350986 0.350988 0.350996 0.351000 0.351007 0.000000 0.000000
0.000000 0.000000 0.353890 0.353889 0.353876 0.353847 0.353832 0.353807 0.353807 0.353800 0.353804 0.353803 0.353806 0.353807 0.353818 0.353839 0.353855 0.353869 0.353875 0.000000 0.000000
0.000000 0.000000 0.357833 0.357829 0.357820 0.357796 0.357764 0.357725 0.357724 0.357718 0.357719 0.357720 0.357720 0.357721 0.357755 0.357785 0.357802 0.357815 0.357823 0.000000 0.000000
0.000000 0.000000 0.362507 0.362504 0.362495 0.362465 0.362434 0.362392 0.362391 0.362386 0.362386 0.362383 0.362381 0.362389 0.362425 0.362452 0.362478 0.362488 0.362500 0.000000 0.000000
0.000000 0.000000 0.367465 0.367458 0.367443 0.367424 0.367391 0.367348 0.367350 0.367340 0.367338 0.367335 0.367336 0.367335 0.367378 0.367413 0.367433 0.367443 0.367454 0.000000 0.000000
0.000000 0.000000 0.372725 0.372715 0.372707 0.372688 0.372639 0.372599 0.372599 0.372594 0.372588 0.372591 0.372597 0.372595 0.372631 0.372672 0.372697 0.372705 0.372713 0.000000 0.000000
0.000000 0.000000 0.378461 0.378455 0.378445 0.378404 0.378370 0.378322 0.378332 0.378307 0.378310 0.378309 0.378300 0.378317 0.378350 0.378375 0.378407 0.378425 0.378446 0.000000 0.000000
0.000000 0.000000 0.384828 0.384811 0.384791 0.384764 0.384726 0.384666 0.384662 0.384655 0.384669 0.384648 0.384654 0.384657 0.384718 0.384750 0.384772 0.384784 0.384838 0.000000 0.000000
0.000000 0.000000 0.391722 0.391706 0.391698 0.391659 0.391625 0.391470 0.391468 0.391459 0.391418 0.391439 0.391448 0.391462 0.391580 0.391612 0.391671 0.391678 0.391704 0.000000 0.000000
0.000000 0.000000 0.399812 0.399807 0.399773 0.399746 0.399552 0.399565 0.399525 0.399525 0.399537 0.399525 0.399520 0.399512 0.399495 0.399696 0.399729 0.399783 0.399821 0.000000 0.000000
0.000000 0.000000 0.409364 0.409347 0.409306 0.409060 0.409078 0.408956 0.408900 0.408886 0.408845 0.408816 0.408843 0.408837 0.408956 0.408952 0.409278 0.409229 0.409237 0.000000 0.000000
0.000000 0.000000 0.419876 0.419861 0.419502 0.419595 0.419569 0.419534 0.419666 0.419624 0.419693 0.419667 0.419609 0.419698 0.419707 0.419726 0.419472 0.419986 0.419979 0.000000 0.000000
0.000000 0.000000 0.433011 0.432442 0.432553 0.432343 0.432058 0.431975 0.431823 0.431858 0.431690 0.431704 0.431799 0.431707 0.431849 0.432060 0.432533 0.432234 0.432826 0.000000 0.000000
0.000000 0.000000 0.437890 0.438425 0.438918 0.438920 0.438944 0.438473 0.438550 0.438412 0.438634 0.438589 0.438556 0.438631 0.439024 0.439006 0.439009 0.438621 0.438099 0.000000 0.000000
0.000000 0.000000 0.350000 0.350000 0.350000 0.350000 0.350000 0.350000 0.350000 0.350000 0.350000 0.350000 0.350000 0.350000 0.350000 0.350000 0.350000 0.350000 0.350000 0.000000 0.000000
0.000000 0.000000 0.000000 0.000000 0.000000 0.000000 0.000000 0.000000 0.000000 0.000000 0.000000 0.000000 0.000000 0.000000 0.000000 0.000000 0.000000 0.000000 0.000000 0.000000 0.000000