geotop/1.0zi/1.0Montebello/Templates/testdem/maps/_Eocsand4374.asc
ncols         21
nrows         20
xllcorner     100.000000
yllcorner     100.000000
cellsize      50.000000
NODATA_value  -9999.0
0.000000 0.000000 0.000000 0.000000 0.000000 0.000000 0.000000 0.000000 0.000000 0.000000 0.000000 0.000000 0.000000 0.000000 0.000000 0.000000 0.000000 0.000000 0.000000 0.000000 0.000000
0.000000 0.000000 0.300107 0.300107 0.300106 0.300106 0.300106 0.300106 0.300107 0.300106 0.300107 0.300107 0.300107 0.300107 0.300106 0.300106 0.300107 0.300107 0.300107 0.000000 0.000000
0.000000 0.000000 0.300005 0.300004 0.300004 0.300004 0.300004 0.300004 0.300004 0.300004 0.300004 0.300004 0.300004 0.300004 0.300004 0.300004 0.300006 0.300006 0.300005 0.000000 0.000000
0.000000 0.000000 0.299975 0.299973 0.299976 0.299979 0.299977 0.299979 0.299977 0.299978 0.299978 0.299979 0.299979 0.299981 0.299976 0.299973 0.299973 0.299972 0.299974 0.000000 0.000000
0.000000 0.000000 0.299285 0.299284 0.299289 0.299288 0.299295 0.299299 0.299300 0.299304 0.299306 0.299301 0.299304 0.299304 0.299300 0.299300 0.299300 0.299296 0.299290 0.000000 0.000000
0.000000 0.000000 0.296981 0.296980 0.296990 0.297004 0.297010 0.297031 0.297033 0.297042 0.297034 0.297032 0.297029 0.297035 0.297036 0.297025 0.297016 0.297011 0.297004 0.000000 0.000000
0.000000 0.000000 0.293468 0.293475 0.293486 0.293509 0.293534 0.293567 0.293565 0.293572 0.293566 0.293567 0.293571 0.293572 0.293550 0.293521 0.293508 0.293499 0.293488 0.000000 0.000000
0.000000 0.000000 0.289397 0.289403 0.289412 0.289440 0.289464 0.289496 0.289492 0.289498 0.289497 0.289498 0.289506 0.289511 0.289480 0.289450 0.289433 0.289428 0.289416 0.000000 0.000000
0.000000 0.000000 0.285290 0.285299 0.285314 0.285334 0.285357 0.285397 0.285392 0.285400 0.285400 0.285399 0.285405 0.285408 0.285379 0.285345 0.285331 0.285324 0.285308 0.000000 0.000000
0.000000 0.000000 0.281196 0.281205 0.281217 0.281238 0.281268 0.281302 0.281295 0.281301 0.281301 0.281301 0.281309 0.281315 0.281282 0.281247 0.281234 0.281228 0.281216 0.000000 0.000000
0.000000 0.000000 0.277048 0.277058 0.277070 0.277086 0.277107 0.277149 0.277143 0.277152 0.277152 0.277150 0.277159 0.277164 0.277137 0.277112 0.277094 0.277086 0.277072 0.000000 0.000000
0.000000 0.000000 0.272762 0.272771 0.272786 0.272812 0.272835 0.272875 0.272874 0.272880 0.272880 0.272881 0.272887 0.272894 0.272856 0.272826 0.272809 0.272803 0.272757 0.000000 0.000000
0.000000 0.000000 0.268422 0.268433 0.268449 0.268468 0.268497 0.268582 0.268579 0.268587 0.268588 0.268587 0.268597 0.268600 0.268528 0.268491 0.268475 0.268468 0.268439 0.000000 0.000000
0.000000 0.000000 0.263839 0.263856 0.263870 0.263890 0.263975 0.263997 0.264009 0.264015 0.264015 0.264015 0.264025 0.264030 0.264007 0.263919 0.263902 0.263884 0.263866 0.000000 0.000000
0.000000 0.000000 0.258906 0.258920 0.258951 0.259029 0.259069 0.259121 0.259147 0.259156 0.259169 0.259171 0.259172 0.259187 0.259147 0.259085 0.258989 0.258993 0.258978 0.000000 0.000000
0.000000 0.000000 0.253820 0.253836 0.253937 0.253955 0.253978 0.254004 0.254006 0.254009 0.254005 0.254007 0.254025 0.254014 0.254003 0.253976 0.253974 0.253873 0.253846 0.000000 0.000000
0.000000 0.000000 0.248183 0.248309 0.248398 0.248435 0.248495 0.248527 0.248533 0.248538 0.248553 0.248552 0.248557 0.248572 0.248551 0.248477 0.248430 0.248376 0.248252 0.000000 0.000000
0.000000 0.000000 0.243760 0.243795 0.243727 0.243775 0.243829 0.243950 0.243959 0.243971 0.243967 0.243969 0.243982 0.243980 0.243873 0.243808 0.243736 0.243841 0.243786 0.000000 0.000000
0.000000 0.000000 0.300000 0.300000 0.300000 0.300000 0.300000 0.300000 0.300000 0.300000 0.300000 0.300000 0.300000 0.300000 0.300000 0.300000 0.300000 0.300000 0.300000 0.000000 0.000000
0.000000 0.000000 0.000000 0.000000 0.000000 0.000000 0.000000 0.000000 0.000000 0.000000 0.000000 0.000000 0.000000 0.000000 0.000000 0.000000 0.000000 0.000000 0.000000 0.000000 0.000000