geotop/1.0zi/1.0Montebello/Templates/testdem/maps/_Eocsand6321.asc
ncols         21
nrows         20
xllcorner     100.000000
yllcorner     100.000000
cellsize      50.000000
NODATA_value  -9999.0
0.000000 0.000000 0.000000 0.000000 0.000000 0.000000 0.000000 0.000000 0.000000 0.000000 0.000000 0.000000 0.000000 0.000000 0.000000 0.000000 0.000000 0.000000 0.000000 0.000000 0.000000
0.000000 0.000000 0.300156 0.300154 0.300154 0.300155 0.300154 0.300154 0.300154 0.300154 0.300155 0.300154 0.300155 0.300155 0.300154 0.300154 0.300155 0.300156 0.300155 0.000000 0.000000
0.000000 0.000000 0.300009 0.300010 0.300009 0.300008 0.300009 0.300009 0.300009 0.300009 0.300009 0.300009 0.300008 0.300009 0.300009 0.300009 0.300010 0.300010 0.300011 0.000000 0.000000
0.000000 0.000000 0.299963 0.299962 0.299966 0.299971 0.299969 0.299970 0.299967 0.299970 0.299967 0.299970 0.299969 0.299970 0.299967 0.299962 0.299962 0.299960 0.299960 0.000000 0.000000
0.000000 0.000000 0.298791 0.298785 0.298791 0.298800 0.298817 0.298825 0.298826 0.298826 0.298830 0.298830 0.298833 0.298830 0.298817 0.298814 0.298808 0.298797 0.298786 0.000000 0.000000
0.000000 0.000000 0.295277 0.295273 0.295287 0.295324 0.295344 0.295381 0.295381 0.295391 0.295384 0.295380 0.295376 0.295379 0.295367 0.295345 0.295326 0.295310 0.295299 0.000000 0.000000
0.000000 0.000000 0.290028 0.290032 0.290045 0.290084 0.290130 0.290184 0.290184 0.290192 0.290188 0.290186 0.290189 0.290186 0.290143 0.290099 0.290077 0.290057 0.290041 0.000000 0.000000
0.000000 0.000000 0.283670 0.283669 0.283677 0.283719 0.283765 0.283824 0.283824 0.283830 0.283831 0.283832 0.283835 0.283826 0.283778 0.283736 0.283701 0.283691 0.283669 0.000000 0.000000
0.000000 0.000000 0.277050 0.277057 0.277077 0.277103 0.277149 0.277212 0.277209 0.277221 0.277226 0.277225 0.277225 0.277228 0.277167 0.277121 0.277089 0.277078 0.277058 0.000000 0.000000
0.000000 0.000000 0.270307 0.270318 0.270327 0.270349 0.270413 0.270470 0.270467 0.270475 0.270483 0.270476 0.270467 0.270475 0.270424 0.270370 0.270336 0.270330 0.270315 0.000000 0.000000
0.000000 0.000000 0.263284 0.263289 0.263297 0.263346 0.263389 0.263452 0.263439 0.263471 0.263470 0.263467 0.263476 0.263457 0.263417 0.263383 0.263345 0.263325 0.263295 0.000000 0.000000
0.000000 0.000000 0.255830 0.255842 0.255865 0.255901 0.255943 0.256020 0.256018 0.256034 0.256017 0.256037 0.256033 0.256027 0.255954 0.255920 0.255893 0.255881 0.255807 0.000000 0.000000
0.000000 0.000000 0.248092 0.248109 0.248119 0.248160 0.248197 0.248360 0.248361 0.248374 0.248410 0.248391 0.248380 0.248366 0.248244 0.248211 0.248149 0.248144 0.248093 0.000000 0.000000
0.000000 0.000000 0.239581 0.239590 0.239617 0.239647 0.239811 0.239846 0.239883 0.239884 0.239894 0.239889 0.239892 0.239897 0.239879 0.239709 0.239659 0.239618 0.239564 0.000000 0.000000
0.000000 0.000000 0.230080 0.230089 0.230129 0.230311 0.230356 0.230453 0.230515 0.230526 0.230558 0.230581 0.230556 0.230568 0.230488 0.230421 0.230169 0.230192 0.230160 0.000000 0.000000
0.000000 0.000000 0.219908 0.219919 0.220164 0.220189 0.220201 0.220258 0.220201 0.220232 0.220204 0.220231 0.220262 0.220207 0.220170 0.220152 0.220197 0.219883 0.219878 0.000000 0.000000
0.000000 0.000000 0.207998 0.208339 0.208422 0.208523 0.208691 0.208761 0.208801 0.208799 0.208881 0.208884 0.208847 0.208869 0.208779 0.208652 0.208446 0.208423 0.208068 0.000000 0.000000
0.000000 0.000000 0.199873 0.199789 0.199471 0.199543 0.199638 0.199955 0.199956 0.200031 0.199966 0.199986 0.199971 0.199956 0.199665 0.199596 0.199418 0.199739 0.199800 0.000000 0.000000
0.000000 0.000000 0.300000 0.300000 0.300000 0.300000 0.300000 0.300000 0.300000 0.300000 0.300000 0.300000 0.300000 0.300000 0.300000 0.300000 0.300000 0.300000 0.300000 0.000000 0.000000
0.000000 0.000000 0.000000 0.000000 0.000000 0.000000 0.000000 0.000000 0.000000 0.000000 0.000000 0.000000 0.000000 0.000000 0.000000 0.000000 0.000000 0.000000 0.000000 0.000000 0.000000