geotop/1.0zi/1.0Montebello/Templates/testdem/maps/_Eocsand6070.asc
ncols         21
nrows         20
xllcorner     100.000000
yllcorner     100.000000
cellsize      50.000000
NODATA_value  -9999.0
0.000000 0.000000 0.000000 0.000000 0.000000 0.000000 0.000000 0.000000 0.000000 0.000000 0.000000 0.000000 0.000000 0.000000 0.000000 0.000000 0.000000 0.000000 0.000000 0.000000 0.000000
0.000000 0.000000 0.300150 0.300150 0.300150 0.300149 0.300149 0.300149 0.300150 0.300150 0.300150 0.300150 0.300150 0.300150 0.300150 0.300150 0.300150 0.300150 0.300150 0.000000 0.000000
0.000000 0.000000 0.300009 0.300008 0.300008 0.300008 0.300008 0.300008 0.300008 0.300008 0.300008 0.300008 0.300007 0.300007 0.300008 0.300008 0.300010 0.300010 0.300009 0.000000 0.000000
0.000000 0.000000 0.299970 0.299968 0.299972 0.299976 0.299973 0.299975 0.299972 0.299974 0.299973 0.299975 0.299974 0.299976 0.299972 0.299967 0.299968 0.299965 0.299967 0.000000 0.000000
0.000000 0.000000 0.298943 0.298941 0.298943 0.298951 0.298965 0.298974 0.298974 0.298975 0.298978 0.298977 0.298979 0.298977 0.298967 0.298965 0.298960 0.298949 0.298940 0.000000 0.000000
0.000000 0.000000 0.295664 0.295660 0.295673 0.295707 0.295725 0.295759 0.295760 0.295769 0.295762 0.295759 0.295755 0.295758 0.295747 0.295726 0.295711 0.295695 0.295685 0.000000 0.000000
0.000000 0.000000 0.290769 0.290774 0.290784 0.290820 0.290864 0.290915 0.290914 0.290921 0.290917 0.290916 0.290918 0.290916 0.290877 0.290835 0.290816 0.290797 0.290783 0.000000 0.000000
0.000000 0.000000 0.284824 0.284824 0.284829 0.284868 0.284911 0.284967 0.284966 0.284973 0.284972 0.284974 0.284977 0.284969 0.284925 0.284885 0.284853 0.284845 0.284825 0.000000 0.000000
0.000000 0.000000 0.278664 0.278672 0.278689 0.278712 0.278754 0.278815 0.278811 0.278822 0.278827 0.278825 0.278824 0.278829 0.278773 0.278729 0.278701 0.278691 0.278673 0.000000 0.000000
0.000000 0.000000 0.272426 0.272437 0.272444 0.272461 0.272522 0.272576 0.272572 0.272579 0.272587 0.272579 0.272572 0.272579 0.272535 0.272483 0.272454 0.272448 0.272435 0.000000 0.000000
0.000000 0.000000 0.265964 0.265971 0.265974 0.266019 0.266059 0.266119 0.266107 0.266135 0.266134 0.266132 0.266139 0.266124 0.266087 0.266055 0.266022 0.266003 0.265976 0.000000 0.000000
0.000000 0.000000 0.259146 0.259161 0.259180 0.259211 0.259248 0.259320 0.259317 0.259334 0.259316 0.259334 0.259330 0.259325 0.259260 0.259229 0.259205 0.259195 0.259128 0.000000 0.000000
0.000000 0.000000 0.252113 0.252126 0.252134 0.252170 0.252203 0.252351 0.252352 0.252364 0.252396 0.252378 0.252367 0.252356 0.252247 0.252217 0.252164 0.252159 0.252111 0.000000 0.000000
0.000000 0.000000 0.244428 0.244437 0.244459 0.244482 0.244629 0.244663 0.244696 0.244697 0.244707 0.244703 0.244702 0.244707 0.244691 0.244543 0.244499 0.244462 0.244413 0.000000 0.000000
0.000000 0.000000 0.235915 0.235927 0.235960 0.236115 0.236158 0.236246 0.236302 0.236311 0.236339 0.236356 0.236338 0.236349 0.236282 0.236215 0.235997 0.236015 0.235986 0.000000 0.000000
0.000000 0.000000 0.226859 0.226870 0.227076 0.227105 0.227115 0.227169 0.227125 0.227149 0.227130 0.227151 0.227176 0.227134 0.227101 0.227082 0.227109 0.226845 0.226838 0.000000 0.000000
0.000000 0.000000 0.216391 0.216675 0.216760 0.216841 0.216976 0.217042 0.217070 0.217072 0.217135 0.217142 0.217113 0.217126 0.217050 0.216947 0.216782 0.216741 0.216451 0.000000 0.000000
0.000000 0.000000 0.208962 0.208925 0.208668 0.208732 0.208827 0.209089 0.209093 0.209153 0.209108 0.209124 0.209107 0.209099 0.208861 0.208790 0.208628 0.208892 0.208912 0.000000 0.000000
0.000000 0.000000 0.300000 0.300000 0.300000 0.300000 0.300000 0.300000 0.300000 0.300000 0.300000 0.300000 0.300000 0.300000 0.300000 0.300000 0.300000 0.300000 0.300000 0.000000 0.000000
0.000000 0.000000 0.000000 0.000000 0.000000 0.000000 0.000000 0.000000 0.000000 0.000000 0.000000 0.000000 0.000000 0.000000 0.000000 0.000000 0.000000 0.000000 0.000000 0.000000 0.000000