geotop/1.0zi/1.0Montebello/Templates/testdem/maps/_Eocsand2448.asc
ncols         21
nrows         20
xllcorner     100.000000
yllcorner     100.000000
cellsize      50.000000
NODATA_value  -9999.0
0.000000 0.000000 0.000000 0.000000 0.000000 0.000000 0.000000 0.000000 0.000000 0.000000 0.000000 0.000000 0.000000 0.000000 0.000000 0.000000 0.000000 0.000000 0.000000 0.000000 0.000000
0.000000 0.000000 0.300074 0.300074 0.300074 0.300074 0.300074 0.300074 0.300074 0.300074 0.300076 0.300074 0.300074 0.300074 0.300074 0.300074 0.300074 0.300074 0.300074 0.000000 0.000000
0.000000 0.000000 0.300012 0.300013 0.300013 0.300012 0.300013 0.300013 0.300013 0.300013 0.300011 0.300013 0.300013 0.300013 0.300013 0.300012 0.300013 0.300013 0.300012 0.000000 0.000000
0.000000 0.000000 0.298414 0.298415 0.298419 0.298417 0.298413 0.298414 0.298414 0.298414 0.298413 0.298414 0.298414 0.298414 0.298413 0.298417 0.298419 0.298415 0.298414 0.000000 0.000000
0.000000 0.000000 0.291680 0.291682 0.291686 0.291685 0.291679 0.291681 0.291681 0.291678 0.291678 0.291678 0.291681 0.291681 0.291679 0.291685 0.291686 0.291682 0.291680 0.000000 0.000000
0.000000 0.000000 0.283465 0.283466 0.283469 0.283469 0.283464 0.283466 0.283466 0.283464 0.283463 0.283464 0.283466 0.283466 0.283464 0.283469 0.283469 0.283466 0.283465 0.000000 0.000000
0.000000 0.000000 0.275818 0.275819 0.275821 0.275821 0.275817 0.275818 0.275818 0.275817 0.275816 0.275817 0.275818 0.275818 0.275817 0.275821 0.275821 0.275819 0.275818 0.000000 0.000000
0.000000 0.000000 0.268818 0.268819 0.268821 0.268821 0.268817 0.268818 0.268818 0.268817 0.268816 0.268817 0.268818 0.268818 0.268817 0.268821 0.268821 0.268819 0.268818 0.000000 0.000000
0.000000 0.000000 0.262294 0.262295 0.262297 0.262297 0.262294 0.262295 0.262295 0.262293 0.262293 0.262293 0.262295 0.262295 0.262294 0.262297 0.262297 0.262295 0.262294 0.000000 0.000000
0.000000 0.000000 0.256095 0.256096 0.256098 0.256098 0.256095 0.256096 0.256096 0.256094 0.256094 0.256094 0.256096 0.256096 0.256095 0.256098 0.256098 0.256096 0.256095 0.000000 0.000000
0.000000 0.000000 0.250149 0.250149 0.250152 0.250151 0.250148 0.250149 0.250149 0.250148 0.250147 0.250148 0.250149 0.250149 0.250148 0.250151 0.250152 0.250149 0.250149 0.000000 0.000000
0.000000 0.000000 0.244399 0.244400 0.244402 0.244401 0.244399 0.244400 0.244400 0.244399 0.244398 0.244399 0.244400 0.244400 0.244399 0.244401 0.244402 0.244400 0.244399 0.000000 0.000000
0.000000 0.000000 0.238807 0.238807 0.238810 0.238809 0.238806 0.238807 0.238807 0.238806 0.238806 0.238806 0.238807 0.238807 0.238806 0.238809 0.238810 0.238807 0.238807 0.000000 0.000000
0.000000 0.000000 0.233342 0.233342 0.233345 0.233344 0.233341 0.233342 0.233342 0.233341 0.233341 0.233341 0.233342 0.233342 0.233341 0.233344 0.233345 0.233342 0.233342 0.000000 0.000000
0.000000 0.000000 0.227986 0.227987 0.227989 0.227988 0.227986 0.227987 0.227987 0.227985 0.227985 0.227985 0.227987 0.227987 0.227986 0.227988 0.227989 0.227987 0.227986 0.000000 0.000000
0.000000 0.000000 0.222731 0.222732 0.222734 0.222733 0.222731 0.222732 0.222732 0.222730 0.222730 0.222730 0.222732 0.222732 0.222731 0.222733 0.222734 0.222732 0.222731 0.000000 0.000000
0.000000 0.000000 0.217568 0.217569 0.217571 0.217570 0.217568 0.217569 0.217568 0.217567 0.217567 0.217567 0.217568 0.217569 0.217568 0.217570 0.217571 0.217569 0.217568 0.000000 0.000000
0.000000 0.000000 0.212417 0.212416 0.212419 0.212418 0.212415 0.212416 0.212416 0.212415 0.212415 0.212415 0.212416 0.212416 0.212415 0.212418 0.212419 0.212416 0.212416 0.000000 0.000000
0.000000 0.000000 0.300000 0.300000 0.300000 0.300000 0.300000 0.300000 0.300000 0.300000 0.300000 0.300000 0.300000 0.300000 0.300000 0.300000 0.300000 0.300000 0.300000 0.000000 0.000000
0.000000 0.000000 0.000000 0.000000 0.000000 0.000000 0.000000 0.000000 0.000000 0.000000 0.000000 0.000000 0.000000 0.000000 0.000000 0.000000 0.000000 0.000000 0.000000 0.000000 0.000000