geotop/1.0zi/1.0Montebello/Templates/testdem/maps/_Eocsand9735.asc
ncols         21
nrows         20
xllcorner     100.000000
yllcorner     100.000000
cellsize      50.000000
NODATA_value  -9999.0
0.000000 0.000000 0.000000 0.000000 0.000000 0.000000 0.000000 0.000000 0.000000 0.000000 0.000000 0.000000 0.000000 0.000000 0.000000 0.000000 0.000000 0.000000 0.000000 0.000000 0.000000
0.000000 0.000000 0.300241 0.300238 0.300238 0.300239 0.300238 0.300238 0.300238 0.300239 0.300239 0.300239 0.300239 0.300239 0.300238 0.300238 0.300239 0.300239 0.300239 0.000000 0.000000
0.000000 0.000000 0.300011 0.300013 0.300013 0.300011 0.300012 0.300013 0.300012 0.300012 0.300012 0.300012 0.300011 0.300012 0.300012 0.300012 0.300013 0.300013 0.300014 0.000000 0.000000
0.000000 0.000000 0.299810 0.299808 0.299817 0.299825 0.299824 0.299830 0.299822 0.299824 0.299824 0.299823 0.299821 0.299823 0.299818 0.299811 0.299808 0.299805 0.299807 0.000000 0.000000
0.000000 0.000000 0.297019 0.297020 0.297036 0.297068 0.297096 0.297106 0.297106 0.297106 0.297109 0.297102 0.297097 0.297097 0.297073 0.297060 0.297045 0.297036 0.297023 0.000000 0.000000
0.000000 0.000000 0.289422 0.289433 0.289471 0.289533 0.289596 0.289654 0.289651 0.289663 0.289662 0.289662 0.289650 0.289655 0.289621 0.289566 0.289539 0.289518 0.289505 0.000000 0.000000
0.000000 0.000000 0.279059 0.279081 0.279111 0.279184 0.279266 0.279377 0.279375 0.279385 0.279393 0.279393 0.279393 0.279389 0.279298 0.279231 0.279190 0.279162 0.279147 0.000000 0.000000
0.000000 0.000000 0.266739 0.266765 0.266796 0.266884 0.266974 0.267075 0.267073 0.267087 0.267097 0.267103 0.267106 0.267089 0.267005 0.266930 0.266864 0.266850 0.266821 0.000000 0.000000
0.000000 0.000000 0.253211 0.253247 0.253295 0.253364 0.253466 0.253587 0.253575 0.253600 0.253616 0.253620 0.253613 0.253619 0.253500 0.253411 0.253360 0.253338 0.253313 0.000000 0.000000
0.000000 0.000000 0.238275 0.238327 0.238365 0.238438 0.238551 0.238676 0.238674 0.238691 0.238718 0.238707 0.238691 0.238697 0.238602 0.238486 0.238426 0.238403 0.238390 0.000000 0.000000
0.000000 0.000000 0.221289 0.221332 0.221369 0.221531 0.221585 0.221754 0.221718 0.221801 0.221795 0.221807 0.221833 0.221787 0.221681 0.221609 0.221524 0.221494 0.221420 0.000000 0.000000
0.000000 0.000000 0.201468 0.201556 0.201655 0.201733 0.201822 0.202034 0.202038 0.202049 0.202025 0.202098 0.202062 0.202073 0.201882 0.201770 0.201725 0.201698 0.201550 0.000000 0.000000
0.000000 0.000000 0.179125 0.179208 0.179232 0.179387 0.179496 0.180055 0.180065 0.180101 0.180298 0.180178 0.180166 0.180117 0.179700 0.179605 0.179401 0.179391 0.179353 0.000000 0.000000
0.000000 0.000000 0.151460 0.151499 0.151676 0.151787 0.152567 0.152296 0.152464 0.152465 0.152365 0.152470 0.152488 0.152569 0.152820 0.151961 0.151929 0.151729 0.151608 0.000000 0.000000
0.000000 0.000000 0.119995 0.120087 0.120245 0.121251 0.120829 0.121456 0.121597 0.121664 0.121893 0.121969 0.121853 0.121847 0.121294 0.121700 0.120387 0.120696 0.120742 0.000000 0.000000
0.000000 0.000000 0.091817 0.091871 0.092963 0.092387 0.092586 0.092537 0.092056 0.092185 0.091927 0.091970 0.092178 0.091918 0.092073 0.091889 0.093129 0.091458 0.091483 0.000000 0.000000
0.000000 0.000000 0.067622 0.068446 0.068220 0.068570 0.069003 0.069141 0.069397 0.069338 0.069613 0.069580 0.069424 0.069584 0.069358 0.069035 0.068291 0.068837 0.067978 0.000000 0.000000
0.000000 0.000000 0.057628 0.057531 0.057043 0.057206 0.057360 0.057799 0.057830 0.057921 0.057842 0.057867 0.057835 0.057835 0.057436 0.057319 0.057022 0.057561 0.057650 0.000000 0.000000
0.000000 0.000000 0.300000 0.300000 0.300000 0.300000 0.300000 0.300000 0.300000 0.300000 0.300000 0.300000 0.300000 0.300000 0.300000 0.300000 0.300000 0.300000 0.300000 0.000000 0.000000
0.000000 0.000000 0.000000 0.000000 0.000000 0.000000 0.000000 0.000000 0.000000 0.000000 0.000000 0.000000 0.000000 0.000000 0.000000 0.000000 0.000000 0.000000 0.000000 0.000000 0.000000