geotop/1.0zi/1.0Montebello/Templates/testdem/maps/_Eocsand8853.asc
ncols         21
nrows         20
xllcorner     100.000000
yllcorner     100.000000
cellsize      50.000000
NODATA_value  -9999.0
0.000000 0.000000 0.000000 0.000000 0.000000 0.000000 0.000000 0.000000 0.000000 0.000000 0.000000 0.000000 0.000000 0.000000 0.000000 0.000000 0.000000 0.000000 0.000000 0.000000 0.000000
0.000000 0.000000 0.300225 0.300222 0.300222 0.300223 0.300222 0.300222 0.300222 0.300222 0.300223 0.300222 0.300222 0.300222 0.300222 0.300222 0.300224 0.300223 0.300223 0.000000 0.000000
0.000000 0.000000 0.300012 0.300014 0.300013 0.300012 0.300013 0.300013 0.300013 0.300013 0.300013 0.300013 0.300012 0.300013 0.300013 0.300013 0.300014 0.300014 0.300015 0.000000 0.000000
0.000000 0.000000 0.299856 0.299856 0.299862 0.299870 0.299869 0.299873 0.299867 0.299868 0.299869 0.299868 0.299867 0.299869 0.299864 0.299859 0.299856 0.299856 0.299855 0.000000 0.000000
0.000000 0.000000 0.297569 0.297570 0.297582 0.297609 0.297634 0.297638 0.297642 0.297643 0.297645 0.297641 0.297639 0.297638 0.297615 0.297605 0.297592 0.297587 0.297575 0.000000 0.000000
0.000000 0.000000 0.291126 0.291134 0.291162 0.291210 0.291260 0.291305 0.291301 0.291314 0.291305 0.291305 0.291296 0.291299 0.291271 0.291229 0.291206 0.291193 0.291181 0.000000 0.000000
0.000000 0.000000 0.282209 0.282226 0.282247 0.282306 0.282375 0.282468 0.282462 0.282471 0.282470 0.282469 0.282471 0.282465 0.282388 0.282330 0.282295 0.282274 0.282259 0.000000 0.000000
0.000000 0.000000 0.271655 0.271672 0.271688 0.271756 0.271826 0.271911 0.271907 0.271917 0.271918 0.271923 0.271927 0.271909 0.271837 0.271775 0.271718 0.271712 0.271685 0.000000 0.000000
0.000000 0.000000 0.260246 0.260270 0.260301 0.260348 0.260428 0.260525 0.260513 0.260534 0.260539 0.260543 0.260539 0.260542 0.260442 0.260368 0.260326 0.260314 0.260288 0.000000 0.000000
0.000000 0.000000 0.247944 0.247976 0.247993 0.248041 0.248153 0.248239 0.248234 0.248246 0.248259 0.248250 0.248237 0.248241 0.248161 0.248067 0.248018 0.248006 0.247993 0.000000 0.000000
0.000000 0.000000 0.234323 0.234344 0.234362 0.234473 0.234545 0.234655 0.234623 0.234689 0.234675 0.234682 0.234703 0.234664 0.234580 0.234524 0.234454 0.234431 0.234377 0.000000 0.000000
0.000000 0.000000 0.218876 0.218920 0.218975 0.219034 0.219132 0.219265 0.219264 0.219273 0.219244 0.219295 0.219271 0.219271 0.219125 0.219046 0.219010 0.218995 0.218874 0.000000 0.000000
0.000000 0.000000 0.201843 0.201893 0.201897 0.202013 0.202091 0.202481 0.202479 0.202498 0.202614 0.202543 0.202527 0.202490 0.202186 0.202113 0.201971 0.201973 0.201924 0.000000 0.000000
0.000000 0.000000 0.181277 0.181291 0.181382 0.181454 0.181988 0.181877 0.181975 0.181971 0.181917 0.181967 0.181976 0.182019 0.182116 0.181545 0.181498 0.181372 0.181280 0.000000 0.000000
0.000000 0.000000 0.156815 0.156878 0.156984 0.157682 0.157521 0.157885 0.158010 0.158045 0.158176 0.158246 0.158165 0.158171 0.157818 0.157946 0.157028 0.157229 0.157236 0.000000 0.000000
0.000000 0.000000 0.130819 0.130866 0.131843 0.131448 0.131563 0.131576 0.131157 0.131274 0.131055 0.131107 0.131281 0.131038 0.131091 0.130989 0.131920 0.130473 0.130498 0.000000 0.000000
0.000000 0.000000 0.100999 0.102326 0.101881 0.102459 0.103121 0.103315 0.103742 0.103637 0.104074 0.104021 0.103764 0.104031 0.103675 0.103186 0.101919 0.102906 0.101529 0.000000 0.000000
0.000000 0.000000 0.092709 0.091591 0.090645 0.090648 0.090577 0.091496 0.091312 0.091588 0.091119 0.091213 0.091288 0.091130 0.090374 0.090419 0.090474 0.091197 0.092301 0.000000 0.000000
0.000000 0.000000 0.300000 0.300000 0.300000 0.300000 0.300000 0.300000 0.300000 0.300000 0.300000 0.300000 0.300000 0.300000 0.300000 0.300000 0.300000 0.300000 0.300000 0.000000 0.000000
0.000000 0.000000 0.000000 0.000000 0.000000 0.000000 0.000000 0.000000 0.000000 0.000000 0.000000 0.000000 0.000000 0.000000 0.000000 0.000000 0.000000 0.000000 0.000000 0.000000 0.000000