geotop/1.0zi/1.0Montebello/Templates/testdem/maps/_Eocsilt1124.asc
ncols         21
nrows         20
xllcorner     100.000000
yllcorner     100.000000
cellsize      50.000000
NODATA_value  -9999.0
0.000000 0.000000 0.000000 0.000000 0.000000 0.000000 0.000000 0.000000 0.000000 0.000000 0.000000 0.000000 0.000000 0.000000 0.000000 0.000000 0.000000 0.000000 0.000000 0.000000 0.000000
0.000000 0.000000 0.350019 0.350019 0.350019 0.350019 0.350019 0.350019 0.350019 0.350019 0.350019 0.350019 0.350019 0.350019 0.350019 0.350019 0.350019 0.350019 0.350019 0.000000 0.000000
0.000000 0.000000 0.350001 0.350001 0.350001 0.350001 0.350001 0.350001 0.350001 0.350001 0.350001 0.350001 0.350001 0.350001 0.350001 0.350001 0.350001 0.350001 0.350001 0.000000 0.000000
0.000000 0.000000 0.350462 0.350462 0.350459 0.350460 0.350462 0.350462 0.350462 0.350462 0.350462 0.350462 0.350462 0.350462 0.350462 0.350460 0.350459 0.350462 0.350462 0.000000 0.000000
0.000000 0.000000 0.352005 0.352005 0.352002 0.352002 0.352005 0.352005 0.352005 0.352006 0.352005 0.352006 0.352005 0.352005 0.352005 0.352002 0.352002 0.352005 0.352005 0.000000 0.000000
0.000000 0.000000 0.353898 0.353897 0.353895 0.353896 0.353898 0.353898 0.353898 0.353898 0.353898 0.353898 0.353898 0.353898 0.353898 0.353896 0.353895 0.353897 0.353898 0.000000 0.000000
0.000000 0.000000 0.355644 0.355644 0.355642 0.355642 0.355644 0.355644 0.355644 0.355644 0.355644 0.355644 0.355644 0.355644 0.355644 0.355642 0.355642 0.355644 0.355644 0.000000 0.000000
0.000000 0.000000 0.357251 0.357251 0.357250 0.357250 0.357252 0.357251 0.357251 0.357252 0.357252 0.357252 0.357251 0.357251 0.357252 0.357250 0.357250 0.357251 0.357251 0.000000 0.000000
0.000000 0.000000 0.358760 0.358760 0.358758 0.358759 0.358760 0.358760 0.358760 0.358760 0.358760 0.358760 0.358760 0.358760 0.358760 0.358759 0.358758 0.358760 0.358760 0.000000 0.000000
0.000000 0.000000 0.360207 0.360207 0.360206 0.360206 0.360207 0.360207 0.360207 0.360207 0.360207 0.360207 0.360207 0.360207 0.360207 0.360206 0.360206 0.360207 0.360207 0.000000 0.000000
0.000000 0.000000 0.361607 0.361607 0.361606 0.361606 0.361607 0.361607 0.361607 0.361608 0.361608 0.361608 0.361607 0.361607 0.361607 0.361606 0.361606 0.361607 0.361607 0.000000 0.000000
0.000000 0.000000 0.362976 0.362975 0.362974 0.362974 0.362976 0.362975 0.362975 0.362976 0.362976 0.362976 0.362975 0.362975 0.362976 0.362974 0.362974 0.362975 0.362976 0.000000 0.000000
0.000000 0.000000 0.364321 0.364321 0.364319 0.364320 0.364321 0.364321 0.364321 0.364321 0.364321 0.364321 0.364321 0.364321 0.364321 0.364320 0.364319 0.364321 0.364321 0.000000 0.000000
0.000000 0.000000 0.365644 0.365643 0.365642 0.365642 0.365644 0.365643 0.365643 0.365644 0.365644 0.365644 0.365643 0.365643 0.365644 0.365642 0.365642 0.365643 0.365644 0.000000 0.000000
0.000000 0.000000 0.366952 0.366952 0.366951 0.366951 0.366952 0.366952 0.366952 0.366953 0.366953 0.366953 0.366952 0.366952 0.366952 0.366951 0.366951 0.366952 0.366952 0.000000 0.000000
0.000000 0.000000 0.368253 0.368253 0.368251 0.368252 0.368253 0.368253 0.368253 0.368253 0.368253 0.368253 0.368253 0.368253 0.368253 0.368252 0.368251 0.368253 0.368253 0.000000 0.000000
0.000000 0.000000 0.369540 0.369540 0.369538 0.369539 0.369540 0.369540 0.369540 0.369540 0.369540 0.369540 0.369540 0.369540 0.369540 0.369539 0.369538 0.369540 0.369540 0.000000 0.000000
0.000000 0.000000 0.370850 0.370850 0.370849 0.370849 0.370850 0.370850 0.370850 0.370850 0.370850 0.370850 0.370850 0.370850 0.370850 0.370849 0.370849 0.370850 0.370850 0.000000 0.000000
0.000000 0.000000 0.350000 0.350000 0.350000 0.350000 0.350000 0.350000 0.350000 0.350000 0.350000 0.350000 0.350000 0.350000 0.350000 0.350000 0.350000 0.350000 0.350000 0.000000 0.000000
0.000000 0.000000 0.000000 0.000000 0.000000 0.000000 0.000000 0.000000 0.000000 0.000000 0.000000 0.000000 0.000000 0.000000 0.000000 0.000000 0.000000 0.000000 0.000000 0.000000 0.000000