geotop/1.0zi/1.0Montebello/Templates/testdem/maps/_Eocclay5601.asc
ncols         21
nrows         20
xllcorner     100.000000
yllcorner     100.000000
cellsize      50.000000
NODATA_value  -9999.0
0.000000 0.000000 0.000000 0.000000 0.000000 0.000000 0.000000 0.000000 0.000000 0.000000 0.000000 0.000000 0.000000 0.000000 0.000000 0.000000 0.000000 0.000000 0.000000 0.000000 0.000000
0.000000 0.000000 0.349750 0.349750 0.349750 0.349751 0.349751 0.349751 0.349750 0.349750 0.349750 0.349751 0.349751 0.349750 0.349751 0.349751 0.349750 0.349750 0.349750 0.000000 0.000000
0.000000 0.000000 0.349990 0.349990 0.349990 0.349990 0.349989 0.349989 0.349990 0.349989 0.349989 0.349989 0.349990 0.349990 0.349990 0.349990 0.349990 0.349990 0.349990 0.000000 0.000000
0.000000 0.000000 0.349988 0.349990 0.349987 0.349988 0.349990 0.349990 0.349990 0.349988 0.349990 0.349988 0.349989 0.349988 0.349990 0.349992 0.349990 0.349991 0.349990 0.000000 0.000000
0.000000 0.000000 0.350468 0.350468 0.350468 0.350463 0.350453 0.350449 0.350450 0.350452 0.350450 0.350451 0.350446 0.350447 0.350452 0.350450 0.350456 0.350457 0.350461 0.000000 0.000000
0.000000 0.000000 0.352032 0.352034 0.352028 0.352010 0.352004 0.351988 0.351987 0.351983 0.351987 0.351986 0.351990 0.351990 0.351993 0.352004 0.352010 0.352022 0.352027 0.000000 0.000000
0.000000 0.000000 0.354308 0.354306 0.354304 0.354288 0.354269 0.354242 0.354242 0.354238 0.354240 0.354242 0.354242 0.354240 0.354259 0.354279 0.354288 0.354297 0.354304 0.000000 0.000000
0.000000 0.000000 0.357075 0.357074 0.357073 0.357054 0.357034 0.357006 0.357007 0.357004 0.357005 0.357004 0.357002 0.357006 0.357026 0.357043 0.357057 0.357063 0.357072 0.000000 0.000000
0.000000 0.000000 0.359873 0.359870 0.359865 0.359854 0.359835 0.359807 0.359810 0.359804 0.359802 0.359804 0.359803 0.359801 0.359825 0.359844 0.359857 0.359860 0.359868 0.000000 0.000000
0.000000 0.000000 0.362704 0.362699 0.362698 0.362690 0.362661 0.362636 0.362638 0.362635 0.362632 0.362636 0.362639 0.362635 0.362655 0.362678 0.362691 0.362693 0.362699 0.000000 0.000000
0.000000 0.000000 0.365639 0.365636 0.365636 0.365616 0.365597 0.365569 0.365575 0.365562 0.365562 0.365564 0.365560 0.365567 0.365583 0.365596 0.365612 0.365620 0.365632 0.000000 0.000000
0.000000 0.000000 0.368710 0.368704 0.368697 0.368683 0.368666 0.368633 0.368634 0.368626 0.368635 0.368627 0.368628 0.368630 0.368658 0.368671 0.368682 0.368686 0.368718 0.000000 0.000000
0.000000 0.000000 0.371862 0.371856 0.371855 0.371839 0.371823 0.371757 0.371757 0.371751 0.371738 0.371745 0.371750 0.371755 0.371802 0.371814 0.371838 0.371840 0.371863 0.000000 0.000000
0.000000 0.000000 0.375278 0.375274 0.375266 0.375256 0.375193 0.375175 0.375161 0.375160 0.375155 0.375157 0.375158 0.375155 0.375162 0.375225 0.375246 0.375262 0.375285 0.000000 0.000000
0.000000 0.000000 0.379034 0.379028 0.379015 0.378950 0.378929 0.378892 0.378865 0.378861 0.378849 0.378843 0.378850 0.378844 0.378871 0.378901 0.378996 0.378988 0.379002 0.000000 0.000000
0.000000 0.000000 0.382996 0.382992 0.382908 0.382893 0.382888 0.382863 0.382880 0.382870 0.382877 0.382867 0.382857 0.382874 0.382887 0.382895 0.382890 0.382998 0.383002 0.000000 0.000000
0.000000 0.000000 0.387521 0.387407 0.387366 0.387333 0.387279 0.387251 0.387242 0.387240 0.387216 0.387212 0.387222 0.387218 0.387248 0.387288 0.387353 0.387380 0.387496 0.000000 0.000000
0.000000 0.000000 0.390852 0.390854 0.390957 0.390929 0.390884 0.390777 0.390774 0.390750 0.390765 0.390759 0.390766 0.390768 0.390865 0.390896 0.390969 0.390863 0.390868 0.000000 0.000000
0.000000 0.000000 0.350000 0.350000 0.350000 0.350000 0.350000 0.350000 0.350000 0.350000 0.350000 0.350000 0.350000 0.350000 0.350000 0.350000 0.350000 0.350000 0.350000 0.000000 0.000000
0.000000 0.000000 0.000000 0.000000 0.000000 0.000000 0.000000 0.000000 0.000000 0.000000 0.000000 0.000000 0.000000 0.000000 0.000000 0.000000 0.000000 0.000000 0.000000 0.000000 0.000000