geotop/1.0zi/1.0Montebello/Templates/testdem/maps/_Eocclay3668.asc
ncols         21
nrows         20
xllcorner     100.000000
yllcorner     100.000000
cellsize      50.000000
NODATA_value  -9999.0
0.000000 0.000000 0.000000 0.000000 0.000000 0.000000 0.000000 0.000000 0.000000 0.000000 0.000000 0.000000 0.000000 0.000000 0.000000 0.000000 0.000000 0.000000 0.000000 0.000000 0.000000
0.000000 0.000000 0.349805 0.349805 0.349805 0.349804 0.349805 0.349805 0.349805 0.349805 0.349804 0.349805 0.349805 0.349805 0.349805 0.349804 0.349805 0.349805 0.349805 0.000000 0.000000
0.000000 0.000000 0.349996 0.349996 0.349995 0.349996 0.349996 0.349996 0.349996 0.349996 0.349996 0.349996 0.349996 0.349996 0.349996 0.349996 0.349995 0.349996 0.349996 0.000000 0.000000
0.000000 0.000000 0.351300 0.351300 0.351297 0.351298 0.351299 0.351299 0.351299 0.351300 0.351300 0.351300 0.351299 0.351299 0.351299 0.351298 0.351297 0.351300 0.351300 0.000000 0.000000
0.000000 0.000000 0.356845 0.356844 0.356843 0.356843 0.356846 0.356845 0.356844 0.356845 0.356846 0.356845 0.356844 0.356845 0.356846 0.356843 0.356843 0.356844 0.356845 0.000000 0.000000
0.000000 0.000000 0.363043 0.363042 0.363040 0.363041 0.363043 0.363042 0.363041 0.363042 0.363043 0.363042 0.363041 0.363042 0.363043 0.363041 0.363040 0.363042 0.363043 0.000000 0.000000
0.000000 0.000000 0.368847 0.368846 0.368845 0.368845 0.368847 0.368846 0.368846 0.368846 0.368847 0.368846 0.368846 0.368846 0.368847 0.368845 0.368845 0.368846 0.368847 0.000000 0.000000
0.000000 0.000000 0.374118 0.374117 0.374116 0.374116 0.374118 0.374117 0.374117 0.374117 0.374118 0.374117 0.374117 0.374117 0.374118 0.374116 0.374116 0.374117 0.374118 0.000000 0.000000
0.000000 0.000000 0.378978 0.378977 0.378976 0.378976 0.378977 0.378977 0.378976 0.378977 0.378977 0.378977 0.378976 0.378977 0.378977 0.378976 0.378976 0.378977 0.378978 0.000000 0.000000
0.000000 0.000000 0.383540 0.383539 0.383538 0.383539 0.383540 0.383539 0.383539 0.383540 0.383540 0.383540 0.383539 0.383539 0.383540 0.383539 0.383538 0.383539 0.383540 0.000000 0.000000
0.000000 0.000000 0.387866 0.387865 0.387864 0.387864 0.387866 0.387865 0.387865 0.387865 0.387866 0.387865 0.387865 0.387865 0.387866 0.387864 0.387864 0.387865 0.387866 0.000000 0.000000
0.000000 0.000000 0.391997 0.391997 0.391996 0.391996 0.391997 0.391997 0.391996 0.391997 0.391997 0.391997 0.391996 0.391997 0.391997 0.391996 0.391996 0.391997 0.391997 0.000000 0.000000
0.000000 0.000000 0.395966 0.395965 0.395964 0.395965 0.395966 0.395965 0.395965 0.395965 0.395966 0.395965 0.395965 0.395965 0.395966 0.395965 0.395964 0.395965 0.395966 0.000000 0.000000
0.000000 0.000000 0.399800 0.399799 0.399798 0.399799 0.399800 0.399799 0.399799 0.399799 0.399800 0.399799 0.399799 0.399799 0.399800 0.399799 0.399798 0.399799 0.399800 0.000000 0.000000
0.000000 0.000000 0.403512 0.403511 0.403510 0.403511 0.403512 0.403511 0.403511 0.403512 0.403512 0.403512 0.403511 0.403511 0.403512 0.403511 0.403510 0.403511 0.403512 0.000000 0.000000
0.000000 0.000000 0.407107 0.407106 0.407105 0.407106 0.407107 0.407106 0.407106 0.407106 0.407107 0.407106 0.407106 0.407106 0.407107 0.407106 0.407105 0.407106 0.407107 0.000000 0.000000
0.000000 0.000000 0.410596 0.410596 0.410595 0.410595 0.410596 0.410596 0.410595 0.410596 0.410596 0.410596 0.410595 0.410596 0.410596 0.410595 0.410595 0.410596 0.410596 0.000000 0.000000
0.000000 0.000000 0.414028 0.414028 0.414027 0.414028 0.414029 0.414028 0.414028 0.414028 0.414029 0.414028 0.414028 0.414028 0.414029 0.414028 0.414027 0.414028 0.414029 0.000000 0.000000
0.000000 0.000000 0.350000 0.350000 0.350000 0.350000 0.350000 0.350000 0.350000 0.350000 0.350000 0.350000 0.350000 0.350000 0.350000 0.350000 0.350000 0.350000 0.350000 0.000000 0.000000
0.000000 0.000000 0.000000 0.000000 0.000000 0.000000 0.000000 0.000000 0.000000 0.000000 0.000000 0.000000 0.000000 0.000000 0.000000 0.000000 0.000000 0.000000 0.000000 0.000000 0.000000