geotop/1.0zi/1.0Montebello/Templates/testdem/maps/_Eocsilt5108.asc
ncols         21
nrows         20
xllcorner     100.000000
yllcorner     100.000000
cellsize      50.000000
NODATA_value  -9999.0
0.000000 0.000000 0.000000 0.000000 0.000000 0.000000 0.000000 0.000000 0.000000 0.000000 0.000000 0.000000 0.000000 0.000000 0.000000 0.000000 0.000000 0.000000 0.000000 0.000000 0.000000
0.000000 0.000000 0.350103 0.350103 0.350103 0.350103 0.350103 0.350103 0.350103 0.350103 0.350103 0.350103 0.350103 0.350103 0.350103 0.350103 0.350103 0.350103 0.350103 0.000000 0.000000
0.000000 0.000000 0.350002 0.350002 0.350002 0.350003 0.350003 0.350003 0.350003 0.350003 0.350003 0.350003 0.350003 0.350003 0.350003 0.350002 0.350001 0.350001 0.350001 0.000000 0.000000
0.000000 0.000000 0.350037 0.350037 0.350036 0.350032 0.350033 0.350031 0.350033 0.350034 0.350033 0.350032 0.350032 0.350032 0.350033 0.350036 0.350036 0.350038 0.350037 0.000000 0.000000
0.000000 0.000000 0.350427 0.350431 0.350430 0.350426 0.350423 0.350420 0.350418 0.350416 0.350414 0.350416 0.350417 0.350417 0.350422 0.350423 0.350424 0.350431 0.350435 0.000000 0.000000
0.000000 0.000000 0.351701 0.351704 0.351700 0.351688 0.351681 0.351666 0.351663 0.351658 0.351662 0.351665 0.351669 0.351667 0.351672 0.351678 0.351685 0.351689 0.351693 0.000000 0.000000
0.000000 0.000000 0.353683 0.353682 0.353677 0.353661 0.353643 0.353625 0.353625 0.353623 0.353626 0.353625 0.353623 0.353627 0.353640 0.353655 0.353662 0.353671 0.353677 0.000000 0.000000
0.000000 0.000000 0.356075 0.356074 0.356074 0.356059 0.356040 0.356021 0.356021 0.356018 0.356018 0.356018 0.356018 0.356018 0.356035 0.356054 0.356065 0.356069 0.356076 0.000000 0.000000
0.000000 0.000000 0.358576 0.358572 0.358567 0.358554 0.358536 0.358512 0.358512 0.358509 0.358508 0.358510 0.358509 0.358510 0.358529 0.358548 0.358558 0.358565 0.358575 0.000000 0.000000
0.000000 0.000000 0.361058 0.361057 0.361053 0.361044 0.361023 0.361001 0.361003 0.361000 0.361000 0.361001 0.360999 0.360999 0.361020 0.361038 0.361044 0.361051 0.361057 0.000000 0.000000
0.000000 0.000000 0.363584 0.363581 0.363580 0.363564 0.363548 0.363523 0.363525 0.363520 0.363519 0.363521 0.363519 0.363519 0.363537 0.363552 0.363566 0.363572 0.363581 0.000000 0.000000
0.000000 0.000000 0.366210 0.366207 0.366203 0.366189 0.366171 0.366146 0.366145 0.366143 0.366142 0.366142 0.366142 0.366142 0.366165 0.366182 0.366190 0.366196 0.366222 0.000000 0.000000
0.000000 0.000000 0.368880 0.368877 0.368872 0.368860 0.368839 0.368786 0.368786 0.368782 0.368781 0.368782 0.368779 0.368781 0.368827 0.368847 0.368858 0.368864 0.368880 0.000000 0.000000
0.000000 0.000000 0.371740 0.371733 0.371730 0.371718 0.371661 0.371647 0.371638 0.371636 0.371636 0.371636 0.371633 0.371634 0.371647 0.371701 0.371712 0.371725 0.371735 0.000000 0.000000
0.000000 0.000000 0.374845 0.374840 0.374826 0.374775 0.374749 0.374714 0.374698 0.374693 0.374685 0.374684 0.374687 0.374683 0.374708 0.374742 0.374806 0.374804 0.374813 0.000000 0.000000
0.000000 0.000000 0.378086 0.378080 0.378019 0.378003 0.377986 0.377969 0.377967 0.377967 0.377970 0.377970 0.377962 0.377975 0.377984 0.377997 0.377998 0.378072 0.378088 0.000000 0.000000
0.000000 0.000000 0.381730 0.381645 0.381598 0.381573 0.381526 0.381501 0.381495 0.381492 0.381482 0.381483 0.381486 0.381478 0.381497 0.381547 0.381583 0.381612 0.381700 0.000000 0.000000
0.000000 0.000000 0.384500 0.384492 0.384556 0.384525 0.384489 0.384403 0.384395 0.384388 0.384392 0.384392 0.384388 0.384395 0.384473 0.384509 0.384553 0.384479 0.384505 0.000000 0.000000
0.000000 0.000000 0.350000 0.350000 0.350000 0.350000 0.350000 0.350000 0.350000 0.350000 0.350000 0.350000 0.350000 0.350000 0.350000 0.350000 0.350000 0.350000 0.350000 0.000000 0.000000
0.000000 0.000000 0.000000 0.000000 0.000000 0.000000 0.000000 0.000000 0.000000 0.000000 0.000000 0.000000 0.000000 0.000000 0.000000 0.000000 0.000000 0.000000 0.000000 0.000000 0.000000