geotop/1.0zi/1.0Montebello/Templates/testdem/maps/_Eocsilt6973.asc
ncols         21
nrows         20
xllcorner     100.000000
yllcorner     100.000000
cellsize      50.000000
NODATA_value  -9999.0
0.000000 0.000000 0.000000 0.000000 0.000000 0.000000 0.000000 0.000000 0.000000 0.000000 0.000000 0.000000 0.000000 0.000000 0.000000 0.000000 0.000000 0.000000 0.000000 0.000000 0.000000
0.000000 0.000000 0.350140 0.350141 0.350141 0.350141 0.350141 0.350141 0.350141 0.350141 0.350141 0.350141 0.350141 0.350141 0.350140 0.350141 0.350141 0.350141 0.350140 0.000000 0.000000
0.000000 0.000000 0.350003 0.350003 0.350003 0.350003 0.350003 0.350003 0.350003 0.350003 0.350003 0.350003 0.350004 0.350004 0.350003 0.350003 0.350001 0.350001 0.350003 0.000000 0.000000
0.000000 0.000000 0.350060 0.350057 0.350055 0.350050 0.350051 0.350048 0.350051 0.350051 0.350049 0.350050 0.350050 0.350050 0.350052 0.350054 0.350058 0.350059 0.350059 0.000000 0.000000
0.000000 0.000000 0.350737 0.350743 0.350738 0.350730 0.350725 0.350719 0.350717 0.350715 0.350715 0.350716 0.350716 0.350718 0.350729 0.350733 0.350732 0.350740 0.350745 0.000000 0.000000
0.000000 0.000000 0.352774 0.352776 0.352766 0.352753 0.352737 0.352717 0.352717 0.352711 0.352716 0.352717 0.352717 0.352716 0.352726 0.352735 0.352745 0.352751 0.352757 0.000000 0.000000
0.000000 0.000000 0.355798 0.355795 0.355785 0.355763 0.355735 0.355707 0.355708 0.355705 0.355706 0.355705 0.355701 0.355706 0.355729 0.355752 0.355766 0.355779 0.355787 0.000000 0.000000
0.000000 0.000000 0.359428 0.359427 0.359422 0.359399 0.359373 0.359342 0.359342 0.359338 0.359338 0.359335 0.359333 0.359339 0.359365 0.359389 0.359410 0.359414 0.359427 0.000000 0.000000
0.000000 0.000000 0.363271 0.363264 0.363251 0.363236 0.363209 0.363173 0.363176 0.363167 0.363166 0.363164 0.363165 0.363164 0.363198 0.363227 0.363243 0.363251 0.363262 0.000000 0.000000
0.000000 0.000000 0.367216 0.367209 0.367202 0.367189 0.367151 0.367120 0.367121 0.367117 0.367112 0.367115 0.367119 0.367116 0.367144 0.367176 0.367195 0.367200 0.367208 0.000000 0.000000
0.000000 0.000000 0.371359 0.371354 0.371348 0.371318 0.371293 0.371256 0.371265 0.371245 0.371247 0.371247 0.371240 0.371252 0.371276 0.371297 0.371319 0.371331 0.371349 0.000000 0.000000
0.000000 0.000000 0.375817 0.375806 0.375792 0.375772 0.375745 0.375701 0.375701 0.375693 0.375703 0.375690 0.375692 0.375696 0.375739 0.375761 0.375776 0.375784 0.375826 0.000000 0.000000
0.000000 0.000000 0.380500 0.380488 0.380481 0.380456 0.380433 0.380333 0.380332 0.380324 0.380301 0.380312 0.380318 0.380327 0.380403 0.380425 0.380461 0.380465 0.380492 0.000000 0.000000
0.000000 0.000000 0.385749 0.385744 0.385725 0.385707 0.385597 0.385584 0.385562 0.385560 0.385560 0.385558 0.385555 0.385552 0.385555 0.385670 0.385695 0.385725 0.385755 0.000000 0.000000
0.000000 0.000000 0.391713 0.391704 0.391678 0.391552 0.391533 0.391470 0.391434 0.391426 0.391406 0.391388 0.391402 0.391397 0.391454 0.391484 0.391654 0.391636 0.391650 0.000000 0.000000
0.000000 0.000000 0.398174 0.398164 0.397988 0.397993 0.397985 0.397948 0.397999 0.397975 0.398001 0.397983 0.397959 0.398000 0.398022 0.398033 0.397967 0.398199 0.398200 0.000000 0.000000
0.000000 0.000000 0.405944 0.405684 0.405661 0.405580 0.405449 0.405405 0.405364 0.405369 0.405305 0.405305 0.405337 0.405312 0.405375 0.405473 0.405644 0.405609 0.405878 0.000000 0.000000
0.000000 0.000000 0.410611 0.410743 0.410986 0.410949 0.410903 0.410670 0.410680 0.410621 0.410690 0.410672 0.410674 0.410692 0.410900 0.410933 0.411025 0.410795 0.410675 0.000000 0.000000
0.000000 0.000000 0.350000 0.350000 0.350000 0.350000 0.350000 0.350000 0.350000 0.350000 0.350000 0.350000 0.350000 0.350000 0.350000 0.350000 0.350000 0.350000 0.350000 0.000000 0.000000
0.000000 0.000000 0.000000 0.000000 0.000000 0.000000 0.000000 0.000000 0.000000 0.000000 0.000000 0.000000 0.000000 0.000000 0.000000 0.000000 0.000000 0.000000 0.000000 0.000000 0.000000