geotop/1.0zi/1.0Montebello/Templates/testdem/maps/_Eocclay5835.asc
ncols         21
nrows         20
xllcorner     100.000000
yllcorner     100.000000
cellsize      50.000000
NODATA_value  -9999.0
0.000000 0.000000 0.000000 0.000000 0.000000 0.000000 0.000000 0.000000 0.000000 0.000000 0.000000 0.000000 0.000000 0.000000 0.000000 0.000000 0.000000 0.000000 0.000000 0.000000 0.000000
0.000000 0.000000 0.349739 0.349739 0.349740 0.349740 0.349740 0.349740 0.349740 0.349740 0.349740 0.349740 0.349740 0.349740 0.349740 0.349740 0.349739 0.349739 0.349739 0.000000 0.000000
0.000000 0.000000 0.349989 0.349990 0.349990 0.349989 0.349989 0.349989 0.349989 0.349989 0.349989 0.349989 0.349989 0.349990 0.349989 0.349989 0.349989 0.349989 0.349989 0.000000 0.000000
0.000000 0.000000 0.349987 0.349989 0.349986 0.349988 0.349989 0.349989 0.349989 0.349987 0.349989 0.349988 0.349988 0.349987 0.349989 0.349991 0.349989 0.349990 0.349989 0.000000 0.000000
0.000000 0.000000 0.350479 0.350479 0.350479 0.350474 0.350463 0.350460 0.350461 0.350462 0.350461 0.350462 0.350457 0.350458 0.350462 0.350461 0.350466 0.350468 0.350472 0.000000 0.000000
0.000000 0.000000 0.352083 0.352084 0.352078 0.352060 0.352053 0.352037 0.352037 0.352033 0.352036 0.352036 0.352040 0.352039 0.352042 0.352054 0.352060 0.352072 0.352076 0.000000 0.000000
0.000000 0.000000 0.354443 0.354441 0.354439 0.354422 0.354402 0.354375 0.354374 0.354371 0.354372 0.354374 0.354375 0.354373 0.354392 0.354413 0.354423 0.354431 0.354438 0.000000 0.000000
0.000000 0.000000 0.357325 0.357325 0.357323 0.357303 0.357283 0.357254 0.357255 0.357252 0.357253 0.357252 0.357250 0.357254 0.357275 0.357293 0.357307 0.357313 0.357322 0.000000 0.000000
0.000000 0.000000 0.360257 0.360254 0.360248 0.360237 0.360217 0.360189 0.360190 0.360185 0.360183 0.360184 0.360184 0.360182 0.360207 0.360227 0.360240 0.360244 0.360252 0.000000 0.000000
0.000000 0.000000 0.363231 0.363226 0.363224 0.363216 0.363187 0.363161 0.363163 0.363160 0.363156 0.363160 0.363163 0.363160 0.363181 0.363204 0.363218 0.363220 0.363226 0.000000 0.000000
0.000000 0.000000 0.366323 0.366320 0.366320 0.366299 0.366279 0.366250 0.366256 0.366243 0.366243 0.366245 0.366241 0.366248 0.366265 0.366279 0.366295 0.366304 0.366316 0.000000 0.000000
0.000000 0.000000 0.369571 0.369564 0.369557 0.369542 0.369524 0.369490 0.369491 0.369483 0.369492 0.369483 0.369485 0.369487 0.369517 0.369531 0.369542 0.369546 0.369579 0.000000 0.000000
0.000000 0.000000 0.372915 0.372909 0.372907 0.372890 0.372874 0.372804 0.372804 0.372798 0.372783 0.372792 0.372797 0.372801 0.372853 0.372866 0.372891 0.372893 0.372916 0.000000 0.000000
0.000000 0.000000 0.376555 0.376551 0.376542 0.376531 0.376463 0.376445 0.376429 0.376429 0.376424 0.376426 0.376426 0.376424 0.376432 0.376500 0.376521 0.376538 0.376561 0.000000 0.000000
0.000000 0.000000 0.380572 0.380567 0.380552 0.380481 0.380459 0.380419 0.380391 0.380387 0.380374 0.380367 0.380375 0.380369 0.380399 0.380431 0.380533 0.380524 0.380538 0.000000 0.000000
0.000000 0.000000 0.384827 0.384823 0.384730 0.384715 0.384709 0.384683 0.384702 0.384691 0.384699 0.384689 0.384678 0.384696 0.384711 0.384720 0.384712 0.384832 0.384834 0.000000 0.000000
0.000000 0.000000 0.389718 0.389590 0.389547 0.389510 0.389449 0.389418 0.389407 0.389405 0.389378 0.389374 0.389386 0.389380 0.389415 0.389461 0.389534 0.389560 0.389689 0.000000 0.000000
0.000000 0.000000 0.393262 0.393270 0.393385 0.393354 0.393307 0.393187 0.393185 0.393158 0.393176 0.393169 0.393177 0.393179 0.393288 0.393322 0.393400 0.393282 0.393282 0.000000 0.000000
0.000000 0.000000 0.350000 0.350000 0.350000 0.350000 0.350000 0.350000 0.350000 0.350000 0.350000 0.350000 0.350000 0.350000 0.350000 0.350000 0.350000 0.350000 0.350000 0.000000 0.000000
0.000000 0.000000 0.000000 0.000000 0.000000 0.000000 0.000000 0.000000 0.000000 0.000000 0.000000 0.000000 0.000000 0.000000 0.000000 0.000000 0.000000 0.000000 0.000000 0.000000 0.000000