geotop/1.0zi/1.0Montebello/Templates/testdem/maps/_Eocsilt7611.asc
ncols         21
nrows         20
xllcorner     100.000000
yllcorner     100.000000
cellsize      50.000000
NODATA_value  -9999.0
0.000000 0.000000 0.000000 0.000000 0.000000 0.000000 0.000000 0.000000 0.000000 0.000000 0.000000 0.000000 0.000000 0.000000 0.000000 0.000000 0.000000 0.000000 0.000000 0.000000 0.000000
0.000000 0.000000 0.350155 0.350155 0.350155 0.350156 0.350155 0.350156 0.350155 0.350155 0.350156 0.350155 0.350155 0.350155 0.350155 0.350155 0.350156 0.350156 0.350155 0.000000 0.000000
0.000000 0.000000 0.350005 0.350004 0.350004 0.350004 0.350004 0.350004 0.350004 0.350005 0.350005 0.350005 0.350005 0.350005 0.350004 0.350004 0.350002 0.350003 0.350004 0.000000 0.000000
0.000000 0.000000 0.350103 0.350099 0.350097 0.350091 0.350093 0.350087 0.350090 0.350090 0.350087 0.350089 0.350089 0.350089 0.350092 0.350095 0.350098 0.350098 0.350099 0.000000 0.000000
0.000000 0.000000 0.350964 0.350970 0.350966 0.350956 0.350950 0.350943 0.350939 0.350938 0.350938 0.350939 0.350939 0.350941 0.350954 0.350959 0.350961 0.350971 0.350973 0.000000 0.000000
0.000000 0.000000 0.353383 0.353384 0.353374 0.353359 0.353341 0.353320 0.353319 0.353313 0.353317 0.353318 0.353319 0.353318 0.353329 0.353341 0.353353 0.353361 0.353366 0.000000 0.000000
0.000000 0.000000 0.356870 0.356867 0.356857 0.356832 0.356801 0.356769 0.356770 0.356767 0.356767 0.356766 0.356763 0.356768 0.356796 0.356821 0.356838 0.356852 0.356860 0.000000 0.000000
0.000000 0.000000 0.361020 0.361019 0.361013 0.360987 0.360958 0.360923 0.360922 0.360919 0.360917 0.360915 0.360913 0.360919 0.360950 0.360976 0.361001 0.361008 0.361019 0.000000 0.000000
0.000000 0.000000 0.365455 0.365447 0.365433 0.365416 0.365386 0.365345 0.365347 0.365338 0.365336 0.365334 0.365335 0.365334 0.365374 0.365406 0.365426 0.365436 0.365446 0.000000 0.000000
0.000000 0.000000 0.370075 0.370067 0.370059 0.370043 0.370000 0.369964 0.369965 0.369960 0.369954 0.369958 0.369962 0.369960 0.369993 0.370030 0.370052 0.370059 0.370067 0.000000 0.000000
0.000000 0.000000 0.375005 0.375000 0.374993 0.374957 0.374927 0.374886 0.374895 0.374873 0.374875 0.374875 0.374866 0.374881 0.374911 0.374933 0.374961 0.374977 0.374995 0.000000 0.000000
0.000000 0.000000 0.380407 0.380393 0.380377 0.380354 0.380321 0.380269 0.380267 0.380260 0.380271 0.380255 0.380259 0.380263 0.380316 0.380342 0.380362 0.380373 0.380419 0.000000 0.000000
0.000000 0.000000 0.386165 0.386151 0.386144 0.386113 0.386084 0.385958 0.385956 0.385948 0.385916 0.385932 0.385939 0.385951 0.386048 0.386075 0.386123 0.386129 0.386155 0.000000 0.000000
0.000000 0.000000 0.392776 0.392771 0.392747 0.392724 0.392575 0.392574 0.392542 0.392542 0.392547 0.392541 0.392537 0.392531 0.392527 0.392682 0.392712 0.392754 0.392786 0.000000 0.000000
0.000000 0.000000 0.400440 0.400428 0.400396 0.400215 0.400211 0.400122 0.400076 0.400067 0.400036 0.400013 0.400032 0.400027 0.400114 0.400130 0.400372 0.400342 0.400351 0.000000 0.000000
0.000000 0.000000 0.408827 0.408814 0.408557 0.408598 0.408582 0.408545 0.408631 0.408600 0.408643 0.408622 0.408583 0.408646 0.408665 0.408679 0.408534 0.408893 0.408888 0.000000 0.000000
0.000000 0.000000 0.419166 0.418764 0.418795 0.418658 0.418457 0.418395 0.418306 0.418326 0.418215 0.418221 0.418280 0.418227 0.418328 0.418477 0.418780 0.418639 0.419054 0.000000 0.000000
0.000000 0.000000 0.424136 0.424447 0.424816 0.424791 0.424772 0.424425 0.424462 0.424368 0.424504 0.424474 0.424462 0.424505 0.424805 0.424817 0.424883 0.424568 0.424268 0.000000 0.000000
0.000000 0.000000 0.350000 0.350000 0.350000 0.350000 0.350000 0.350000 0.350000 0.350000 0.350000 0.350000 0.350000 0.350000 0.350000 0.350000 0.350000 0.350000 0.350000 0.000000 0.000000
0.000000 0.000000 0.000000 0.000000 0.000000 0.000000 0.000000 0.000000 0.000000 0.000000 0.000000 0.000000 0.000000 0.000000 0.000000 0.000000 0.000000 0.000000 0.000000 0.000000 0.000000