geotop/1.0zi/1.0Montebello/Templates/testdem/maps/_Eocsand3095.asc
ncols         21
nrows         20
xllcorner     100.000000
yllcorner     100.000000
cellsize      50.000000
NODATA_value  -9999.0
0.000000 0.000000 0.000000 0.000000 0.000000 0.000000 0.000000 0.000000 0.000000 0.000000 0.000000 0.000000 0.000000 0.000000 0.000000 0.000000 0.000000 0.000000 0.000000 0.000000 0.000000
0.000000 0.000000 0.300087 0.300087 0.300087 0.300087 0.300087 0.300087 0.300087 0.300087 0.300089 0.300087 0.300087 0.300087 0.300087 0.300087 0.300087 0.300087 0.300087 0.000000 0.000000
0.000000 0.000000 0.300011 0.300011 0.300011 0.300011 0.300011 0.300011 0.300011 0.300011 0.300009 0.300011 0.300011 0.300011 0.300011 0.300011 0.300011 0.300011 0.300011 0.000000 0.000000
0.000000 0.000000 0.297505 0.297506 0.297510 0.297508 0.297505 0.297505 0.297506 0.297505 0.297504 0.297505 0.297506 0.297505 0.297505 0.297508 0.297510 0.297506 0.297505 0.000000 0.000000
0.000000 0.000000 0.288117 0.288119 0.288123 0.288122 0.288117 0.288118 0.288118 0.288115 0.288115 0.288115 0.288118 0.288118 0.288117 0.288122 0.288123 0.288119 0.288117 0.000000 0.000000
0.000000 0.000000 0.277271 0.277272 0.277276 0.277275 0.277270 0.277272 0.277272 0.277270 0.277269 0.277270 0.277272 0.277272 0.277270 0.277275 0.277276 0.277272 0.277271 0.000000 0.000000
0.000000 0.000000 0.267312 0.267313 0.267316 0.267315 0.267312 0.267313 0.267313 0.267311 0.267310 0.267311 0.267313 0.267313 0.267312 0.267315 0.267316 0.267313 0.267312 0.000000 0.000000
0.000000 0.000000 0.258281 0.258282 0.258285 0.258284 0.258281 0.258282 0.258282 0.258281 0.258280 0.258281 0.258282 0.258282 0.258281 0.258284 0.258285 0.258282 0.258281 0.000000 0.000000
0.000000 0.000000 0.249933 0.249934 0.249937 0.249936 0.249933 0.249934 0.249934 0.249933 0.249932 0.249933 0.249934 0.249934 0.249933 0.249936 0.249937 0.249934 0.249933 0.000000 0.000000
0.000000 0.000000 0.242067 0.242068 0.242070 0.242070 0.242067 0.242068 0.242068 0.242067 0.242066 0.242067 0.242068 0.242068 0.242067 0.242070 0.242070 0.242068 0.242067 0.000000 0.000000
0.000000 0.000000 0.234587 0.234588 0.234590 0.234590 0.234587 0.234588 0.234588 0.234587 0.234586 0.234587 0.234588 0.234588 0.234587 0.234590 0.234590 0.234588 0.234587 0.000000 0.000000
0.000000 0.000000 0.227421 0.227422 0.227424 0.227423 0.227421 0.227422 0.227422 0.227421 0.227420 0.227421 0.227422 0.227422 0.227421 0.227423 0.227424 0.227422 0.227421 0.000000 0.000000
0.000000 0.000000 0.220518 0.220518 0.220521 0.220520 0.220518 0.220519 0.220518 0.220517 0.220516 0.220517 0.220518 0.220519 0.220518 0.220520 0.220521 0.220518 0.220518 0.000000 0.000000
0.000000 0.000000 0.213819 0.213819 0.213822 0.213821 0.213819 0.213819 0.213819 0.213818 0.213817 0.213818 0.213819 0.213819 0.213819 0.213821 0.213822 0.213819 0.213819 0.000000 0.000000
0.000000 0.000000 0.207310 0.207310 0.207312 0.207312 0.207309 0.207310 0.207310 0.207309 0.207308 0.207309 0.207310 0.207310 0.207309 0.207312 0.207312 0.207310 0.207310 0.000000 0.000000
0.000000 0.000000 0.200978 0.200978 0.200980 0.200980 0.200977 0.200978 0.200978 0.200977 0.200976 0.200977 0.200978 0.200978 0.200977 0.200980 0.200980 0.200978 0.200978 0.000000 0.000000
0.000000 0.000000 0.194802 0.194802 0.194804 0.194803 0.194801 0.194802 0.194802 0.194801 0.194800 0.194801 0.194802 0.194802 0.194801 0.194803 0.194804 0.194802 0.194802 0.000000 0.000000
0.000000 0.000000 0.188641 0.188641 0.188643 0.188642 0.188640 0.188641 0.188641 0.188640 0.188639 0.188640 0.188641 0.188641 0.188640 0.188642 0.188643 0.188641 0.188640 0.000000 0.000000
0.000000 0.000000 0.300000 0.300000 0.300000 0.300000 0.300000 0.300000 0.300000 0.300000 0.300000 0.300000 0.300000 0.300000 0.300000 0.300000 0.300000 0.300000 0.300000 0.000000 0.000000
0.000000 0.000000 0.000000 0.000000 0.000000 0.000000 0.000000 0.000000 0.000000 0.000000 0.000000 0.000000 0.000000 0.000000 0.000000 0.000000 0.000000 0.000000 0.000000 0.000000 0.000000