geotop/1.0zi/1.0Montebello/Templates/testdem/maps/_Eocclay0694.asc
ncols         21
nrows         20
xllcorner     100.000000
yllcorner     100.000000
cellsize      50.000000
NODATA_value  -9999.0
0.000000 0.000000 0.000000 0.000000 0.000000 0.000000 0.000000 0.000000 0.000000 0.000000 0.000000 0.000000 0.000000 0.000000 0.000000 0.000000 0.000000 0.000000 0.000000 0.000000 0.000000
0.000000 0.000000 0.349963 0.349963 0.349963 0.349963 0.349963 0.349963 0.349963 0.349963 0.349963 0.349963 0.349963 0.349963 0.349963 0.349963 0.349963 0.349963 0.349963 0.000000 0.000000
0.000000 0.000000 0.349996 0.349996 0.349995 0.349996 0.349996 0.349996 0.349996 0.349996 0.349996 0.349996 0.349996 0.349996 0.349996 0.349996 0.349995 0.349996 0.349996 0.000000 0.000000
0.000000 0.000000 0.350285 0.350285 0.350283 0.350285 0.350285 0.350285 0.350285 0.350285 0.350285 0.350285 0.350285 0.350285 0.350285 0.350285 0.350283 0.350285 0.350285 0.000000 0.000000
0.000000 0.000000 0.351335 0.351335 0.351332 0.351334 0.351335 0.351335 0.351335 0.351335 0.351335 0.351335 0.351335 0.351335 0.351335 0.351334 0.351332 0.351335 0.351335 0.000000 0.000000
0.000000 0.000000 0.352455 0.352455 0.352453 0.352455 0.352455 0.352455 0.352455 0.352455 0.352455 0.352455 0.352455 0.352455 0.352455 0.352455 0.352453 0.352455 0.352455 0.000000 0.000000
0.000000 0.000000 0.353527 0.353527 0.353526 0.353527 0.353527 0.353527 0.353527 0.353527 0.353527 0.353527 0.353527 0.353527 0.353527 0.353527 0.353526 0.353527 0.353527 0.000000 0.000000
0.000000 0.000000 0.354529 0.354529 0.354528 0.354529 0.354529 0.354529 0.354529 0.354529 0.354529 0.354529 0.354529 0.354529 0.354529 0.354529 0.354528 0.354529 0.354529 0.000000 0.000000
0.000000 0.000000 0.355478 0.355478 0.355477 0.355478 0.355478 0.355478 0.355478 0.355478 0.355478 0.355478 0.355478 0.355478 0.355478 0.355478 0.355477 0.355478 0.355478 0.000000 0.000000
0.000000 0.000000 0.356394 0.356394 0.356393 0.356394 0.356394 0.356395 0.356395 0.356395 0.356394 0.356395 0.356395 0.356395 0.356394 0.356394 0.356393 0.356394 0.356394 0.000000 0.000000
0.000000 0.000000 0.357287 0.357287 0.357286 0.357287 0.357287 0.357287 0.357287 0.357287 0.357287 0.357287 0.357287 0.357287 0.357287 0.357287 0.357286 0.357287 0.357287 0.000000 0.000000
0.000000 0.000000 0.358163 0.358163 0.358162 0.358163 0.358163 0.358163 0.358163 0.358163 0.358163 0.358163 0.358163 0.358163 0.358163 0.358163 0.358162 0.358163 0.358163 0.000000 0.000000
0.000000 0.000000 0.359025 0.359025 0.359024 0.359025 0.359025 0.359026 0.359026 0.359025 0.359025 0.359025 0.359026 0.359026 0.359025 0.359025 0.359024 0.359025 0.359025 0.000000 0.000000
0.000000 0.000000 0.359876 0.359876 0.359875 0.359876 0.359876 0.359876 0.359876 0.359876 0.359876 0.359876 0.359876 0.359876 0.359876 0.359876 0.359875 0.359876 0.359876 0.000000 0.000000
0.000000 0.000000 0.360720 0.360720 0.360719 0.360720 0.360720 0.360721 0.360721 0.360720 0.360720 0.360720 0.360721 0.360721 0.360720 0.360720 0.360719 0.360720 0.360720 0.000000 0.000000
0.000000 0.000000 0.361561 0.361561 0.361560 0.361561 0.361561 0.361561 0.361561 0.361561 0.361561 0.361561 0.361561 0.361561 0.361561 0.361561 0.361560 0.361561 0.361561 0.000000 0.000000
0.000000 0.000000 0.362394 0.362394 0.362393 0.362394 0.362394 0.362394 0.362394 0.362394 0.362394 0.362394 0.362394 0.362394 0.362394 0.362394 0.362393 0.362394 0.362394 0.000000 0.000000
0.000000 0.000000 0.363232 0.363232 0.363231 0.363232 0.363232 0.363232 0.363232 0.363232 0.363232 0.363232 0.363232 0.363232 0.363232 0.363232 0.363231 0.363232 0.363232 0.000000 0.000000
0.000000 0.000000 0.350000 0.350000 0.350000 0.350000 0.350000 0.350000 0.350000 0.350000 0.350000 0.350000 0.350000 0.350000 0.350000 0.350000 0.350000 0.350000 0.350000 0.000000 0.000000
0.000000 0.000000 0.000000 0.000000 0.000000 0.000000 0.000000 0.000000 0.000000 0.000000 0.000000 0.000000 0.000000 0.000000 0.000000 0.000000 0.000000 0.000000 0.000000 0.000000 0.000000