geotop/1.0zi/1.0Montebello/Templates/testdem/maps/_Eocsand3234.asc
ncols         21
nrows         20
xllcorner     100.000000
yllcorner     100.000000
cellsize      50.000000
NODATA_value  -9999.0
0.000000 0.000000 0.000000 0.000000 0.000000 0.000000 0.000000 0.000000 0.000000 0.000000 0.000000 0.000000 0.000000 0.000000 0.000000 0.000000 0.000000 0.000000 0.000000 0.000000 0.000000
0.000000 0.000000 0.300089 0.300089 0.300089 0.300089 0.300089 0.300089 0.300089 0.300089 0.300090 0.300089 0.300089 0.300089 0.300089 0.300089 0.300089 0.300089 0.300089 0.000000 0.000000
0.000000 0.000000 0.300011 0.300011 0.300011 0.300011 0.300011 0.300011 0.300011 0.300011 0.300009 0.300011 0.300011 0.300011 0.300011 0.300011 0.300011 0.300011 0.300011 0.000000 0.000000
0.000000 0.000000 0.297432 0.297433 0.297438 0.297436 0.297432 0.297433 0.297433 0.297432 0.297432 0.297432 0.297433 0.297433 0.297432 0.297436 0.297438 0.297433 0.297432 0.000000 0.000000
0.000000 0.000000 0.287803 0.287805 0.287809 0.287808 0.287803 0.287805 0.287804 0.287802 0.287801 0.287802 0.287804 0.287805 0.287803 0.287808 0.287809 0.287805 0.287803 0.000000 0.000000
0.000000 0.000000 0.276652 0.276653 0.276656 0.276656 0.276651 0.276653 0.276653 0.276651 0.276650 0.276651 0.276653 0.276653 0.276651 0.276656 0.276656 0.276653 0.276652 0.000000 0.000000
0.000000 0.000000 0.266384 0.266385 0.266388 0.266387 0.266384 0.266385 0.266385 0.266383 0.266382 0.266383 0.266385 0.266385 0.266384 0.266387 0.266388 0.266385 0.266384 0.000000 0.000000
0.000000 0.000000 0.257064 0.257065 0.257068 0.257068 0.257064 0.257065 0.257065 0.257064 0.257063 0.257064 0.257065 0.257065 0.257064 0.257068 0.257068 0.257065 0.257064 0.000000 0.000000
0.000000 0.000000 0.248448 0.248449 0.248452 0.248451 0.248448 0.248449 0.248449 0.248448 0.248447 0.248448 0.248449 0.248449 0.248448 0.248451 0.248452 0.248449 0.248448 0.000000 0.000000
0.000000 0.000000 0.240332 0.240333 0.240335 0.240335 0.240332 0.240333 0.240333 0.240332 0.240331 0.240332 0.240333 0.240333 0.240332 0.240335 0.240335 0.240333 0.240332 0.000000 0.000000
0.000000 0.000000 0.232616 0.232617 0.232620 0.232619 0.232616 0.232617 0.232617 0.232616 0.232615 0.232616 0.232617 0.232617 0.232616 0.232619 0.232620 0.232617 0.232616 0.000000 0.000000
0.000000 0.000000 0.225228 0.225229 0.225231 0.225230 0.225228 0.225229 0.225229 0.225228 0.225227 0.225228 0.225229 0.225229 0.225228 0.225230 0.225231 0.225229 0.225228 0.000000 0.000000
0.000000 0.000000 0.218114 0.218115 0.218117 0.218116 0.218114 0.218115 0.218115 0.218114 0.218113 0.218114 0.218115 0.218115 0.218114 0.218116 0.218117 0.218115 0.218114 0.000000 0.000000
0.000000 0.000000 0.211215 0.211215 0.211218 0.211217 0.211215 0.211216 0.211215 0.211214 0.211214 0.211214 0.211215 0.211216 0.211215 0.211217 0.211218 0.211215 0.211215 0.000000 0.000000
0.000000 0.000000 0.204515 0.204516 0.204518 0.204517 0.204515 0.204516 0.204516 0.204515 0.204514 0.204515 0.204516 0.204516 0.204515 0.204517 0.204518 0.204516 0.204515 0.000000 0.000000
0.000000 0.000000 0.198003 0.198004 0.198006 0.198005 0.198003 0.198004 0.198004 0.198003 0.198002 0.198003 0.198004 0.198004 0.198003 0.198005 0.198006 0.198004 0.198003 0.000000 0.000000
0.000000 0.000000 0.191658 0.191659 0.191661 0.191660 0.191658 0.191659 0.191659 0.191658 0.191657 0.191658 0.191659 0.191659 0.191658 0.191660 0.191661 0.191659 0.191658 0.000000 0.000000
0.000000 0.000000 0.185356 0.185356 0.185358 0.185357 0.185355 0.185356 0.185356 0.185355 0.185354 0.185355 0.185356 0.185356 0.185355 0.185357 0.185358 0.185356 0.185355 0.000000 0.000000
0.000000 0.000000 0.300000 0.300000 0.300000 0.300000 0.300000 0.300000 0.300000 0.300000 0.300000 0.300000 0.300000 0.300000 0.300000 0.300000 0.300000 0.300000 0.300000 0.000000 0.000000
0.000000 0.000000 0.000000 0.000000 0.000000 0.000000 0.000000 0.000000 0.000000 0.000000 0.000000 0.000000 0.000000 0.000000 0.000000 0.000000 0.000000 0.000000 0.000000 0.000000 0.000000