geotop/1.0zi/1.0Montebello/Templates/testdem/maps/_Eocsand0954.asc
ncols         21
nrows         20
xllcorner     100.000000
yllcorner     100.000000
cellsize      50.000000
NODATA_value  -9999.0
0.000000 0.000000 0.000000 0.000000 0.000000 0.000000 0.000000 0.000000 0.000000 0.000000 0.000000 0.000000 0.000000 0.000000 0.000000 0.000000 0.000000 0.000000 0.000000 0.000000 0.000000
0.000000 0.000000 0.300032 0.300032 0.300032 0.300032 0.300032 0.300032 0.300032 0.300032 0.300032 0.300032 0.300032 0.300032 0.300032 0.300032 0.300032 0.300032 0.300032 0.000000 0.000000
0.000000 0.000000 0.300005 0.300005 0.300005 0.300005 0.300005 0.300005 0.300005 0.300005 0.300005 0.300005 0.300005 0.300005 0.300005 0.300005 0.300005 0.300005 0.300005 0.000000 0.000000
0.000000 0.000000 0.299178 0.299179 0.299184 0.299182 0.299178 0.299178 0.299179 0.299178 0.299178 0.299178 0.299179 0.299178 0.299178 0.299182 0.299184 0.299179 0.299178 0.000000 0.000000
0.000000 0.000000 0.296264 0.296266 0.296270 0.296271 0.296264 0.296265 0.296265 0.296264 0.296264 0.296264 0.296265 0.296265 0.296264 0.296271 0.296270 0.296266 0.296264 0.000000 0.000000
0.000000 0.000000 0.292948 0.292950 0.292953 0.292953 0.292948 0.292948 0.292949 0.292948 0.292948 0.292948 0.292949 0.292948 0.292948 0.292953 0.292953 0.292950 0.292948 0.000000 0.000000
0.000000 0.000000 0.289861 0.289862 0.289865 0.289865 0.289861 0.289861 0.289862 0.289861 0.289861 0.289861 0.289862 0.289861 0.289861 0.289865 0.289865 0.289862 0.289861 0.000000 0.000000
0.000000 0.000000 0.287025 0.287026 0.287029 0.287029 0.287025 0.287025 0.287025 0.287025 0.287025 0.287025 0.287025 0.287025 0.287025 0.287029 0.287029 0.287026 0.287025 0.000000 0.000000
0.000000 0.000000 0.284370 0.284371 0.284373 0.284373 0.284370 0.284370 0.284370 0.284370 0.284370 0.284370 0.284370 0.284370 0.284370 0.284373 0.284373 0.284371 0.284370 0.000000 0.000000
0.000000 0.000000 0.281824 0.281825 0.281828 0.281827 0.281824 0.281824 0.281824 0.281824 0.281824 0.281824 0.281824 0.281824 0.281824 0.281827 0.281828 0.281825 0.281824 0.000000 0.000000
0.000000 0.000000 0.279363 0.279364 0.279366 0.279366 0.279363 0.279363 0.279363 0.279363 0.279363 0.279363 0.279363 0.279363 0.279363 0.279366 0.279366 0.279364 0.279363 0.000000 0.000000
0.000000 0.000000 0.276959 0.276959 0.276962 0.276961 0.276959 0.276959 0.276959 0.276959 0.276959 0.276959 0.276959 0.276959 0.276959 0.276961 0.276962 0.276959 0.276959 0.000000 0.000000
0.000000 0.000000 0.274592 0.274593 0.274596 0.274595 0.274592 0.274592 0.274593 0.274592 0.274592 0.274592 0.274593 0.274592 0.274592 0.274595 0.274596 0.274593 0.274592 0.000000 0.000000
0.000000 0.000000 0.272265 0.272266 0.272268 0.272268 0.272265 0.272265 0.272265 0.272265 0.272265 0.272265 0.272265 0.272265 0.272265 0.272268 0.272268 0.272266 0.272265 0.000000 0.000000
0.000000 0.000000 0.269964 0.269965 0.269967 0.269967 0.269964 0.269964 0.269964 0.269964 0.269964 0.269964 0.269964 0.269964 0.269964 0.269967 0.269967 0.269965 0.269964 0.000000 0.000000
0.000000 0.000000 0.267679 0.267680 0.267683 0.267682 0.267679 0.267679 0.267680 0.267679 0.267679 0.267679 0.267680 0.267679 0.267679 0.267682 0.267683 0.267680 0.267679 0.000000 0.000000
0.000000 0.000000 0.265419 0.265420 0.265422 0.265422 0.265419 0.265419 0.265419 0.265419 0.265419 0.265419 0.265419 0.265419 0.265419 0.265422 0.265422 0.265420 0.265419 0.000000 0.000000
0.000000 0.000000 0.263105 0.263105 0.263107 0.263107 0.263104 0.263104 0.263104 0.263104 0.263104 0.263104 0.263104 0.263104 0.263104 0.263107 0.263107 0.263105 0.263104 0.000000 0.000000
0.000000 0.000000 0.300000 0.300000 0.300000 0.300000 0.300000 0.300000 0.300000 0.300000 0.300000 0.300000 0.300000 0.300000 0.300000 0.300000 0.300000 0.300000 0.300000 0.000000 0.000000
0.000000 0.000000 0.000000 0.000000 0.000000 0.000000 0.000000 0.000000 0.000000 0.000000 0.000000 0.000000 0.000000 0.000000 0.000000 0.000000 0.000000 0.000000 0.000000 0.000000 0.000000