geotop/1.0zi/1.0Montebello/Templates/testdem/maps/_Eocclay7665.asc
ncols         21
nrows         20
xllcorner     100.000000
yllcorner     100.000000
cellsize      50.000000
NODATA_value  -9999.0
0.000000 0.000000 0.000000 0.000000 0.000000 0.000000 0.000000 0.000000 0.000000 0.000000 0.000000 0.000000 0.000000 0.000000 0.000000 0.000000 0.000000 0.000000 0.000000 0.000000 0.000000
0.000000 0.000000 0.349647 0.349649 0.349649 0.349648 0.349649 0.349650 0.349649 0.349649 0.349648 0.349650 0.349649 0.349649 0.349650 0.349649 0.349647 0.349648 0.349649 0.000000 0.000000
0.000000 0.000000 0.349985 0.349984 0.349985 0.349986 0.349984 0.349984 0.349984 0.349984 0.349984 0.349984 0.349984 0.349984 0.349985 0.349985 0.349986 0.349985 0.349983 0.000000 0.000000
0.000000 0.000000 0.350003 0.350008 0.350004 0.350004 0.350007 0.350004 0.350006 0.350003 0.350006 0.350004 0.350004 0.350003 0.350005 0.350007 0.350006 0.350009 0.350007 0.000000 0.000000
0.000000 0.000000 0.350955 0.350953 0.350949 0.350943 0.350927 0.350925 0.350923 0.350925 0.350922 0.350923 0.350919 0.350923 0.350932 0.350934 0.350942 0.350944 0.350950 0.000000 0.000000
0.000000 0.000000 0.353562 0.353560 0.353549 0.353522 0.353509 0.353486 0.353487 0.353479 0.353483 0.353482 0.353485 0.353487 0.353497 0.353516 0.353530 0.353545 0.353551 0.000000 0.000000
0.000000 0.000000 0.357161 0.357158 0.357150 0.357127 0.357098 0.357061 0.357060 0.357054 0.357056 0.357056 0.357056 0.357057 0.357089 0.357117 0.357133 0.357146 0.357153 0.000000 0.000000
0.000000 0.000000 0.361454 0.361452 0.361444 0.361416 0.361387 0.361348 0.361347 0.361343 0.361342 0.361340 0.361338 0.361346 0.361379 0.361404 0.361429 0.361438 0.361450 0.000000 0.000000
0.000000 0.000000 0.365973 0.365966 0.365953 0.365936 0.365905 0.365865 0.365867 0.365858 0.365856 0.365854 0.365854 0.365854 0.365894 0.365926 0.365945 0.365955 0.365964 0.000000 0.000000
0.000000 0.000000 0.370722 0.370713 0.370706 0.370689 0.370645 0.370608 0.370608 0.370603 0.370598 0.370600 0.370606 0.370604 0.370638 0.370675 0.370698 0.370706 0.370714 0.000000 0.000000
0.000000 0.000000 0.375847 0.375841 0.375833 0.375797 0.375766 0.375723 0.375732 0.375709 0.375711 0.375711 0.375703 0.375718 0.375749 0.375772 0.375801 0.375817 0.375836 0.000000 0.000000
0.000000 0.000000 0.381471 0.381456 0.381439 0.381415 0.381381 0.381328 0.381326 0.381318 0.381330 0.381312 0.381316 0.381320 0.381375 0.381402 0.381423 0.381434 0.381482 0.000000 0.000000
0.000000 0.000000 0.387494 0.387480 0.387473 0.387440 0.387410 0.387277 0.387275 0.387267 0.387233 0.387250 0.387258 0.387271 0.387373 0.387401 0.387451 0.387458 0.387484 0.000000 0.000000
0.000000 0.000000 0.394449 0.394444 0.394417 0.394394 0.394235 0.394235 0.394202 0.394201 0.394207 0.394200 0.394196 0.394191 0.394185 0.394350 0.394382 0.394426 0.394460 0.000000 0.000000
0.000000 0.000000 0.402554 0.402540 0.402506 0.402312 0.402312 0.402216 0.402166 0.402155 0.402123 0.402099 0.402121 0.402115 0.402209 0.402222 0.402482 0.402449 0.402458 0.000000 0.000000
0.000000 0.000000 0.411462 0.411449 0.411170 0.411219 0.411202 0.411165 0.411260 0.411226 0.411274 0.411250 0.411208 0.411278 0.411295 0.411310 0.411146 0.411537 0.411532 0.000000 0.000000
0.000000 0.000000 0.422561 0.422117 0.422160 0.422008 0.421786 0.421720 0.421618 0.421640 0.421517 0.421525 0.421592 0.421532 0.421642 0.421806 0.422144 0.421977 0.422435 0.000000 0.000000
0.000000 0.000000 0.427693 0.428056 0.428467 0.428445 0.428433 0.428048 0.428092 0.427985 0.428142 0.428108 0.428093 0.428143 0.428474 0.428482 0.428542 0.428195 0.427844 0.000000 0.000000
0.000000 0.000000 0.350000 0.350000 0.350000 0.350000 0.350000 0.350000 0.350000 0.350000 0.350000 0.350000 0.350000 0.350000 0.350000 0.350000 0.350000 0.350000 0.350000 0.000000 0.000000
0.000000 0.000000 0.000000 0.000000 0.000000 0.000000 0.000000 0.000000 0.000000 0.000000 0.000000 0.000000 0.000000 0.000000 0.000000 0.000000 0.000000 0.000000 0.000000 0.000000 0.000000