geotop/1.0zi/1.0Montebello/Templates/testdem/maps/_Eocclay7032.asc
ncols         21
nrows         20
xllcorner     100.000000
yllcorner     100.000000
cellsize      50.000000
NODATA_value  -9999.0
0.000000 0.000000 0.000000 0.000000 0.000000 0.000000 0.000000 0.000000 0.000000 0.000000 0.000000 0.000000 0.000000 0.000000 0.000000 0.000000 0.000000 0.000000 0.000000 0.000000 0.000000
0.000000 0.000000 0.349687 0.349688 0.349688 0.349687 0.349688 0.349688 0.349688 0.349688 0.349687 0.349688 0.349688 0.349688 0.349688 0.349688 0.349686 0.349686 0.349687 0.000000 0.000000
0.000000 0.000000 0.349987 0.349987 0.349988 0.349988 0.349987 0.349987 0.349987 0.349987 0.349987 0.349986 0.349987 0.349986 0.349987 0.349987 0.349988 0.349988 0.349985 0.000000 0.000000
0.000000 0.000000 0.349976 0.349981 0.349977 0.349977 0.349979 0.349978 0.349980 0.349976 0.349981 0.349978 0.349978 0.349977 0.349978 0.349980 0.349978 0.349980 0.349980 0.000000 0.000000
0.000000 0.000000 0.350707 0.350705 0.350701 0.350698 0.350684 0.350682 0.350681 0.350684 0.350681 0.350682 0.350677 0.350681 0.350689 0.350689 0.350694 0.350696 0.350703 0.000000 0.000000
0.000000 0.000000 0.352902 0.352901 0.352891 0.352866 0.352855 0.352833 0.352835 0.352829 0.352833 0.352832 0.352834 0.352835 0.352843 0.352860 0.352872 0.352884 0.352891 0.000000 0.000000
0.000000 0.000000 0.356041 0.356038 0.356030 0.356010 0.355983 0.355951 0.355951 0.355945 0.355947 0.355948 0.355947 0.355948 0.355975 0.356001 0.356013 0.356024 0.356033 0.000000 0.000000
0.000000 0.000000 0.359789 0.359788 0.359781 0.359755 0.359730 0.359694 0.359695 0.359691 0.359691 0.359688 0.359686 0.359693 0.359722 0.359744 0.359765 0.359772 0.359785 0.000000 0.000000
0.000000 0.000000 0.363689 0.363684 0.363672 0.363657 0.363630 0.363594 0.363597 0.363589 0.363587 0.363585 0.363585 0.363585 0.363619 0.363648 0.363663 0.363670 0.363681 0.000000 0.000000
0.000000 0.000000 0.367728 0.367720 0.367715 0.367700 0.367661 0.367629 0.367631 0.367626 0.367621 0.367623 0.367628 0.367626 0.367655 0.367688 0.367706 0.367712 0.367720 0.000000 0.000000
0.000000 0.000000 0.372021 0.372015 0.372008 0.371979 0.371953 0.371914 0.371923 0.371903 0.371905 0.371904 0.371897 0.371911 0.371935 0.371956 0.371979 0.371991 0.372010 0.000000 0.000000
0.000000 0.000000 0.376644 0.376632 0.376618 0.376597 0.376569 0.376524 0.376524 0.376516 0.376526 0.376511 0.376513 0.376518 0.376562 0.376585 0.376600 0.376609 0.376652 0.000000 0.000000
0.000000 0.000000 0.381521 0.381509 0.381502 0.381476 0.381451 0.381346 0.381346 0.381338 0.381313 0.381325 0.381331 0.381341 0.381420 0.381444 0.381482 0.381486 0.381513 0.000000 0.000000
0.000000 0.000000 0.387011 0.387006 0.386986 0.386966 0.386850 0.386837 0.386814 0.386812 0.386812 0.386809 0.386807 0.386804 0.386807 0.386928 0.386955 0.386986 0.387017 0.000000 0.000000
0.000000 0.000000 0.393273 0.393264 0.393236 0.393102 0.393084 0.393018 0.392979 0.392971 0.392949 0.392931 0.392945 0.392940 0.393001 0.393031 0.393211 0.393191 0.393206 0.000000 0.000000
0.000000 0.000000 0.400078 0.400068 0.399880 0.399888 0.399878 0.399840 0.399897 0.399872 0.399900 0.399879 0.399853 0.399898 0.399920 0.399931 0.399857 0.400106 0.400108 0.000000 0.000000
0.000000 0.000000 0.408324 0.408043 0.408021 0.407934 0.407792 0.407745 0.407699 0.407706 0.407636 0.407635 0.407670 0.407643 0.407712 0.407818 0.408004 0.407961 0.408252 0.000000 0.000000
0.000000 0.000000 0.413196 0.413348 0.413614 0.413577 0.413531 0.413276 0.413288 0.413224 0.413301 0.413280 0.413281 0.413303 0.413529 0.413562 0.413657 0.413406 0.413268 0.000000 0.000000
0.000000 0.000000 0.350000 0.350000 0.350000 0.350000 0.350000 0.350000 0.350000 0.350000 0.350000 0.350000 0.350000 0.350000 0.350000 0.350000 0.350000 0.350000 0.350000 0.000000 0.000000
0.000000 0.000000 0.000000 0.000000 0.000000 0.000000 0.000000 0.000000 0.000000 0.000000 0.000000 0.000000 0.000000 0.000000 0.000000 0.000000 0.000000 0.000000 0.000000 0.000000 0.000000