geotop/1.0zi/1.0Montebello/Templates/testdem/maps/_Eocclay0606.asc
ncols         21
nrows         20
xllcorner     100.000000
yllcorner     100.000000
cellsize      50.000000
NODATA_value  -9999.0
0.000000 0.000000 0.000000 0.000000 0.000000 0.000000 0.000000 0.000000 0.000000 0.000000 0.000000 0.000000 0.000000 0.000000 0.000000 0.000000 0.000000 0.000000 0.000000 0.000000 0.000000
0.000000 0.000000 0.349967 0.349967 0.349967 0.349967 0.349967 0.349967 0.349967 0.349967 0.349967 0.349967 0.349967 0.349967 0.349967 0.349967 0.349967 0.349967 0.349967 0.000000 0.000000
0.000000 0.000000 0.349997 0.349997 0.349996 0.349997 0.349997 0.349997 0.349997 0.349997 0.349997 0.349997 0.349997 0.349997 0.349997 0.349997 0.349996 0.349997 0.349997 0.000000 0.000000
0.000000 0.000000 0.350281 0.350281 0.350279 0.350281 0.350281 0.350281 0.350281 0.350281 0.350281 0.350281 0.350281 0.350281 0.350281 0.350281 0.350279 0.350281 0.350281 0.000000 0.000000
0.000000 0.000000 0.351239 0.351239 0.351237 0.351239 0.351239 0.351239 0.351239 0.351239 0.351239 0.351239 0.351239 0.351239 0.351239 0.351239 0.351237 0.351239 0.351239 0.000000 0.000000
0.000000 0.000000 0.352230 0.352230 0.352228 0.352230 0.352230 0.352230 0.352230 0.352230 0.352230 0.352230 0.352230 0.352230 0.352230 0.352230 0.352228 0.352230 0.352230 0.000000 0.000000
0.000000 0.000000 0.353175 0.353175 0.353174 0.353175 0.353176 0.353176 0.353176 0.353176 0.353176 0.353176 0.353176 0.353176 0.353176 0.353175 0.353174 0.353175 0.353175 0.000000 0.000000
0.000000 0.000000 0.354059 0.354059 0.354057 0.354059 0.354059 0.354059 0.354059 0.354059 0.354059 0.354059 0.354059 0.354059 0.354059 0.354059 0.354057 0.354059 0.354059 0.000000 0.000000
0.000000 0.000000 0.354895 0.354895 0.354893 0.354895 0.354895 0.354895 0.354895 0.354895 0.354895 0.354895 0.354895 0.354895 0.354895 0.354895 0.354893 0.354895 0.354895 0.000000 0.000000
0.000000 0.000000 0.355703 0.355703 0.355701 0.355703 0.355703 0.355703 0.355703 0.355703 0.355703 0.355703 0.355703 0.355703 0.355703 0.355703 0.355701 0.355703 0.355703 0.000000 0.000000
0.000000 0.000000 0.356490 0.356490 0.356488 0.356489 0.356490 0.356490 0.356490 0.356490 0.356490 0.356490 0.356490 0.356490 0.356490 0.356489 0.356488 0.356490 0.356490 0.000000 0.000000
0.000000 0.000000 0.357262 0.357262 0.357261 0.357262 0.357262 0.357262 0.357262 0.357262 0.357262 0.357262 0.357262 0.357262 0.357262 0.357262 0.357261 0.357262 0.357262 0.000000 0.000000
0.000000 0.000000 0.358022 0.358022 0.358020 0.358022 0.358022 0.358022 0.358022 0.358022 0.358022 0.358022 0.358022 0.358022 0.358022 0.358022 0.358020 0.358022 0.358022 0.000000 0.000000
0.000000 0.000000 0.358771 0.358771 0.358770 0.358771 0.358771 0.358771 0.358771 0.358771 0.358771 0.358771 0.358771 0.358771 0.358771 0.358771 0.358770 0.358771 0.358771 0.000000 0.000000
0.000000 0.000000 0.359514 0.359514 0.359512 0.359514 0.359514 0.359514 0.359514 0.359514 0.359514 0.359514 0.359514 0.359514 0.359514 0.359514 0.359512 0.359514 0.359514 0.000000 0.000000
0.000000 0.000000 0.360254 0.360254 0.360253 0.360254 0.360254 0.360254 0.360254 0.360254 0.360254 0.360254 0.360254 0.360254 0.360254 0.360254 0.360253 0.360254 0.360254 0.000000 0.000000
0.000000 0.000000 0.360987 0.360987 0.360986 0.360987 0.360987 0.360987 0.360987 0.360987 0.360987 0.360987 0.360987 0.360987 0.360987 0.360987 0.360986 0.360987 0.360987 0.000000 0.000000
0.000000 0.000000 0.361727 0.361727 0.361726 0.361727 0.361727 0.361727 0.361727 0.361727 0.361727 0.361727 0.361727 0.361727 0.361727 0.361727 0.361726 0.361727 0.361727 0.000000 0.000000
0.000000 0.000000 0.350000 0.350000 0.350000 0.350000 0.350000 0.350000 0.350000 0.350000 0.350000 0.350000 0.350000 0.350000 0.350000 0.350000 0.350000 0.350000 0.350000 0.000000 0.000000
0.000000 0.000000 0.000000 0.000000 0.000000 0.000000 0.000000 0.000000 0.000000 0.000000 0.000000 0.000000 0.000000 0.000000 0.000000 0.000000 0.000000 0.000000 0.000000 0.000000 0.000000