geotop/1.0zi/1.0Montebello/Templates/testdem/maps/_Eocsilt2241.asc
ncols         21
nrows         20
xllcorner     100.000000
yllcorner     100.000000
cellsize      50.000000
NODATA_value  -9999.0
0.000000 0.000000 0.000000 0.000000 0.000000 0.000000 0.000000 0.000000 0.000000 0.000000 0.000000 0.000000 0.000000 0.000000 0.000000 0.000000 0.000000 0.000000 0.000000 0.000000 0.000000
0.000000 0.000000 0.350055 0.350055 0.350055 0.350055 0.350055 0.350055 0.350055 0.350055 0.350055 0.350055 0.350055 0.350055 0.350055 0.350055 0.350055 0.350055 0.350055 0.000000 0.000000
0.000000 0.000000 0.349998 0.349998 0.349998 0.349998 0.349998 0.349998 0.349998 0.349998 0.349998 0.349998 0.349998 0.349998 0.349998 0.349998 0.349998 0.349998 0.349998 0.000000 0.000000
0.000000 0.000000 0.350720 0.350719 0.350717 0.350718 0.350720 0.350720 0.350720 0.350720 0.350720 0.350720 0.350720 0.350720 0.350720 0.350718 0.350717 0.350719 0.350720 0.000000 0.000000
0.000000 0.000000 0.353543 0.353543 0.353541 0.353541 0.353544 0.353543 0.353543 0.353544 0.353544 0.353544 0.353543 0.353543 0.353544 0.353541 0.353541 0.353543 0.353543 0.000000 0.000000
0.000000 0.000000 0.357276 0.357275 0.357274 0.357274 0.357276 0.357276 0.357276 0.357277 0.357277 0.357277 0.357276 0.357276 0.357276 0.357274 0.357274 0.357275 0.357276 0.000000 0.000000
0.000000 0.000000 0.360704 0.360703 0.360702 0.360702 0.360704 0.360703 0.360703 0.360704 0.360704 0.360704 0.360703 0.360703 0.360704 0.360702 0.360702 0.360703 0.360704 0.000000 0.000000
0.000000 0.000000 0.363838 0.363838 0.363837 0.363837 0.363839 0.363838 0.363838 0.363839 0.363839 0.363839 0.363838 0.363838 0.363839 0.363837 0.363837 0.363838 0.363838 0.000000 0.000000
0.000000 0.000000 0.366765 0.366765 0.366764 0.366764 0.366765 0.366765 0.366765 0.366766 0.366766 0.366766 0.366765 0.366765 0.366765 0.366764 0.366764 0.366765 0.366765 0.000000 0.000000
0.000000 0.000000 0.369555 0.369555 0.369554 0.369554 0.369555 0.369555 0.369555 0.369556 0.369556 0.369556 0.369555 0.369555 0.369555 0.369554 0.369554 0.369555 0.369555 0.000000 0.000000
0.000000 0.000000 0.372241 0.372240 0.372239 0.372240 0.372241 0.372240 0.372240 0.372241 0.372241 0.372241 0.372240 0.372240 0.372241 0.372240 0.372239 0.372240 0.372241 0.000000 0.000000
0.000000 0.000000 0.374846 0.374846 0.374845 0.374845 0.374846 0.374846 0.374846 0.374846 0.374847 0.374846 0.374846 0.374846 0.374846 0.374845 0.374845 0.374846 0.374846 0.000000 0.000000
0.000000 0.000000 0.377388 0.377388 0.377387 0.377387 0.377389 0.377388 0.377388 0.377389 0.377389 0.377389 0.377388 0.377388 0.377389 0.377387 0.377387 0.377388 0.377388 0.000000 0.000000
0.000000 0.000000 0.379874 0.379874 0.379873 0.379873 0.379874 0.379874 0.379874 0.379874 0.379875 0.379874 0.379874 0.379874 0.379874 0.379873 0.379873 0.379874 0.379874 0.000000 0.000000
0.000000 0.000000 0.382313 0.382313 0.382312 0.382312 0.382313 0.382313 0.382313 0.382314 0.382314 0.382314 0.382313 0.382313 0.382313 0.382312 0.382312 0.382313 0.382313 0.000000 0.000000
0.000000 0.000000 0.384710 0.384710 0.384709 0.384709 0.384710 0.384710 0.384710 0.384711 0.384711 0.384711 0.384710 0.384710 0.384710 0.384709 0.384709 0.384710 0.384710 0.000000 0.000000
0.000000 0.000000 0.387067 0.387066 0.387065 0.387066 0.387067 0.387066 0.387066 0.387067 0.387067 0.387067 0.387066 0.387066 0.387067 0.387066 0.387065 0.387066 0.387067 0.000000 0.000000
0.000000 0.000000 0.389416 0.389416 0.389415 0.389415 0.389416 0.389416 0.389416 0.389416 0.389416 0.389416 0.389416 0.389416 0.389416 0.389415 0.389415 0.389416 0.389416 0.000000 0.000000
0.000000 0.000000 0.350000 0.350000 0.350000 0.350000 0.350000 0.350000 0.350000 0.350000 0.350000 0.350000 0.350000 0.350000 0.350000 0.350000 0.350000 0.350000 0.350000 0.000000 0.000000
0.000000 0.000000 0.000000 0.000000 0.000000 0.000000 0.000000 0.000000 0.000000 0.000000 0.000000 0.000000 0.000000 0.000000 0.000000 0.000000 0.000000 0.000000 0.000000 0.000000 0.000000