geotop/1.0zi/1.0Montebello/Templates/testdem/maps/_Eocsand8278.asc
ncols         21
nrows         20
xllcorner     100.000000
yllcorner     100.000000
cellsize      50.000000
NODATA_value  -9999.0
0.000000 0.000000 0.000000 0.000000 0.000000 0.000000 0.000000 0.000000 0.000000 0.000000 0.000000 0.000000 0.000000 0.000000 0.000000 0.000000 0.000000 0.000000 0.000000 0.000000 0.000000
0.000000 0.000000 0.300209 0.300206 0.300206 0.300207 0.300206 0.300205 0.300206 0.300206 0.300207 0.300206 0.300206 0.300206 0.300206 0.300206 0.300207 0.300207 0.300207 0.000000 0.000000
0.000000 0.000000 0.300011 0.300012 0.300012 0.300010 0.300011 0.300012 0.300012 0.300012 0.300012 0.300012 0.300011 0.300012 0.300011 0.300011 0.300012 0.300013 0.300013 0.000000 0.000000
0.000000 0.000000 0.299893 0.299893 0.299897 0.299905 0.299900 0.299909 0.299904 0.299906 0.299906 0.299906 0.299906 0.299908 0.299903 0.299898 0.299896 0.299893 0.299894 0.000000 0.000000
0.000000 0.000000 0.297936 0.297933 0.297942 0.297957 0.297979 0.297989 0.297996 0.297994 0.297998 0.297997 0.298000 0.297994 0.297971 0.297964 0.297952 0.297938 0.297929 0.000000 0.000000
0.000000 0.000000 0.292189 0.292190 0.292212 0.292257 0.292292 0.292340 0.292341 0.292354 0.292345 0.292346 0.292342 0.292341 0.292318 0.292283 0.292255 0.292232 0.292220 0.000000 0.000000
0.000000 0.000000 0.284202 0.284209 0.284229 0.284280 0.284345 0.284420 0.284421 0.284431 0.284428 0.284429 0.284432 0.284426 0.284361 0.284303 0.284267 0.284238 0.284222 0.000000 0.000000
0.000000 0.000000 0.274736 0.274740 0.274755 0.274814 0.274876 0.274960 0.274961 0.274970 0.274971 0.274977 0.274981 0.274966 0.274895 0.274839 0.274785 0.274768 0.274743 0.000000 0.000000
0.000000 0.000000 0.264599 0.264615 0.264645 0.264683 0.264750 0.264840 0.264836 0.264855 0.264860 0.264864 0.264861 0.264863 0.264777 0.264706 0.264663 0.264641 0.264620 0.000000 0.000000
0.000000 0.000000 0.253853 0.253871 0.253887 0.253925 0.254022 0.254104 0.254104 0.254114 0.254126 0.254120 0.254108 0.254112 0.254039 0.253957 0.253906 0.253888 0.253872 0.000000 0.000000
0.000000 0.000000 0.242146 0.242159 0.242177 0.242260 0.242328 0.242424 0.242405 0.242456 0.242449 0.242452 0.242470 0.242436 0.242368 0.242317 0.242252 0.242215 0.242172 0.000000 0.000000
0.000000 0.000000 0.229113 0.229147 0.229186 0.229239 0.229317 0.229438 0.229447 0.229460 0.229432 0.229474 0.229462 0.229455 0.229330 0.229266 0.229221 0.229195 0.229087 0.000000 0.000000
0.000000 0.000000 0.214975 0.215008 0.215022 0.215100 0.215168 0.215487 0.215492 0.215510 0.215594 0.215549 0.215531 0.215502 0.215260 0.215195 0.215074 0.215059 0.215008 0.000000 0.000000
0.000000 0.000000 0.198336 0.198345 0.198412 0.198465 0.198867 0.198832 0.198917 0.198915 0.198887 0.198913 0.198924 0.198943 0.198983 0.198565 0.198499 0.198388 0.198310 0.000000 0.000000
0.000000 0.000000 0.178674 0.178709 0.178789 0.179301 0.179251 0.179508 0.179623 0.179651 0.179737 0.179797 0.179741 0.179750 0.179501 0.179520 0.178842 0.178945 0.178933 0.000000 0.000000
0.000000 0.000000 0.157133 0.157163 0.157905 0.157693 0.157750 0.157816 0.157538 0.157624 0.157476 0.157528 0.157651 0.157464 0.157455 0.157411 0.157964 0.156887 0.156903 0.000000 0.000000
0.000000 0.000000 0.130528 0.131684 0.131428 0.131864 0.132442 0.132611 0.132936 0.132859 0.133206 0.133174 0.132975 0.133171 0.132879 0.132451 0.131463 0.132109 0.130903 0.000000 0.000000
0.000000 0.000000 0.121128 0.120045 0.119077 0.119063 0.119005 0.119937 0.119778 0.120052 0.119601 0.119692 0.119762 0.119608 0.118836 0.118878 0.118893 0.119638 0.120697 0.000000 0.000000
0.000000 0.000000 0.300000 0.300000 0.300000 0.300000 0.300000 0.300000 0.300000 0.300000 0.300000 0.300000 0.300000 0.300000 0.300000 0.300000 0.300000 0.300000 0.300000 0.000000 0.000000
0.000000 0.000000 0.000000 0.000000 0.000000 0.000000 0.000000 0.000000 0.000000 0.000000 0.000000 0.000000 0.000000 0.000000 0.000000 0.000000 0.000000 0.000000 0.000000 0.000000 0.000000