geotop/1.0zi/1.0Montebello/Templates/testdem/maps/_Eocclay5675.asc
ncols         21
nrows         20
xllcorner     100.000000
yllcorner     100.000000
cellsize      50.000000
NODATA_value  -9999.0
0.000000 0.000000 0.000000 0.000000 0.000000 0.000000 0.000000 0.000000 0.000000 0.000000 0.000000 0.000000 0.000000 0.000000 0.000000 0.000000 0.000000 0.000000 0.000000 0.000000 0.000000
0.000000 0.000000 0.349746 0.349747 0.349747 0.349747 0.349747 0.349747 0.349747 0.349747 0.349747 0.349747 0.349747 0.349747 0.349747 0.349747 0.349746 0.349746 0.349746 0.000000 0.000000
0.000000 0.000000 0.349989 0.349990 0.349990 0.349989 0.349989 0.349989 0.349989 0.349989 0.349989 0.349989 0.349989 0.349990 0.349989 0.349989 0.349989 0.349989 0.349989 0.000000 0.000000
0.000000 0.000000 0.349988 0.349990 0.349987 0.349988 0.349990 0.349990 0.349989 0.349988 0.349990 0.349988 0.349988 0.349988 0.349990 0.349992 0.349990 0.349991 0.349990 0.000000 0.000000
0.000000 0.000000 0.350479 0.350479 0.350479 0.350474 0.350463 0.350460 0.350461 0.350462 0.350461 0.350462 0.350457 0.350458 0.350462 0.350461 0.350466 0.350468 0.350472 0.000000 0.000000
0.000000 0.000000 0.352080 0.352082 0.352076 0.352058 0.352051 0.352035 0.352035 0.352030 0.352034 0.352034 0.352037 0.352036 0.352040 0.352052 0.352058 0.352070 0.352074 0.000000 0.000000
0.000000 0.000000 0.354391 0.354389 0.354387 0.354371 0.354351 0.354324 0.354324 0.354320 0.354322 0.354324 0.354324 0.354322 0.354341 0.354362 0.354371 0.354379 0.354386 0.000000 0.000000
0.000000 0.000000 0.357193 0.357193 0.357192 0.357172 0.357152 0.357124 0.357125 0.357122 0.357123 0.357122 0.357120 0.357124 0.357145 0.357162 0.357176 0.357181 0.357190 0.000000 0.000000
0.000000 0.000000 0.360028 0.360025 0.360019 0.360009 0.359989 0.359961 0.359963 0.359958 0.359956 0.359957 0.359957 0.359954 0.359979 0.359999 0.360011 0.360015 0.360023 0.000000 0.000000
0.000000 0.000000 0.362899 0.362893 0.362892 0.362884 0.362856 0.362830 0.362833 0.362829 0.362826 0.362830 0.362833 0.362829 0.362849 0.362872 0.362886 0.362888 0.362894 0.000000 0.000000
0.000000 0.000000 0.365878 0.365875 0.365874 0.365855 0.365835 0.365807 0.365813 0.365799 0.365800 0.365801 0.365798 0.365805 0.365820 0.365835 0.365850 0.365859 0.365871 0.000000 0.000000
0.000000 0.000000 0.368999 0.368992 0.368985 0.368970 0.368954 0.368920 0.368922 0.368914 0.368922 0.368914 0.368915 0.368917 0.368946 0.368959 0.368970 0.368974 0.369006 0.000000 0.000000
0.000000 0.000000 0.372205 0.372198 0.372197 0.372180 0.372165 0.372097 0.372097 0.372091 0.372078 0.372086 0.372091 0.372095 0.372144 0.372156 0.372180 0.372182 0.372205 0.000000 0.000000
0.000000 0.000000 0.375684 0.375680 0.375672 0.375661 0.375596 0.375579 0.375564 0.375563 0.375558 0.375561 0.375561 0.375558 0.375565 0.375630 0.375651 0.375667 0.375690 0.000000 0.000000
0.000000 0.000000 0.379514 0.379508 0.379495 0.379428 0.379406 0.379368 0.379341 0.379337 0.379325 0.379318 0.379326 0.379319 0.379348 0.379379 0.379475 0.379467 0.379481 0.000000 0.000000
0.000000 0.000000 0.383559 0.383554 0.383468 0.383452 0.383447 0.383422 0.383440 0.383429 0.383437 0.383427 0.383416 0.383433 0.383447 0.383456 0.383450 0.383562 0.383565 0.000000 0.000000
0.000000 0.000000 0.388188 0.388069 0.388028 0.387993 0.387936 0.387907 0.387898 0.387896 0.387870 0.387867 0.387877 0.387872 0.387904 0.387947 0.388014 0.388042 0.388162 0.000000 0.000000
0.000000 0.000000 0.391577 0.391581 0.391687 0.391657 0.391611 0.391499 0.391496 0.391471 0.391488 0.391481 0.391488 0.391490 0.391592 0.391625 0.391700 0.391590 0.391594 0.000000 0.000000
0.000000 0.000000 0.350000 0.350000 0.350000 0.350000 0.350000 0.350000 0.350000 0.350000 0.350000 0.350000 0.350000 0.350000 0.350000 0.350000 0.350000 0.350000 0.350000 0.000000 0.000000
0.000000 0.000000 0.000000 0.000000 0.000000 0.000000 0.000000 0.000000 0.000000 0.000000 0.000000 0.000000 0.000000 0.000000 0.000000 0.000000 0.000000 0.000000 0.000000 0.000000 0.000000