geotop/1.0zi/1.0Montebello/Templates/testdem/maps/_Eocclay005t.asc
ncols         21
nrows         20
xllcorner     100.000000
yllcorner     100.000000
cellsize      50.000000
NODATA_value  -9999.0
0.000000 0.000000 0.000000 0.000000 0.000000 0.000000 0.000000 0.000000 0.000000 0.000000 0.000000 0.000000 0.000000 0.000000 0.000000 0.000000 0.000000 0.000000 0.000000 0.000000 0.000000
0.000000 0.000000 0.349540 0.349543 0.349542 0.349541 0.349543 0.349544 0.349543 0.349543 0.349542 0.349543 0.349543 0.349543 0.349543 0.349543 0.349541 0.349542 0.349542 0.000000 0.000000
0.000000 0.000000 0.349982 0.349980 0.349980 0.349982 0.349979 0.349979 0.349980 0.349979 0.349979 0.349980 0.349980 0.349979 0.349980 0.349981 0.349981 0.349981 0.349980 0.000000 0.000000
0.000000 0.000000 0.350040 0.350045 0.350041 0.350036 0.350038 0.350038 0.350042 0.350039 0.350043 0.350040 0.350041 0.350039 0.350042 0.350045 0.350044 0.350045 0.350042 0.000000 0.000000
0.000000 0.000000 0.351538 0.351533 0.351525 0.351511 0.351492 0.351489 0.351486 0.351489 0.351486 0.351490 0.351490 0.351492 0.351502 0.351507 0.351518 0.351523 0.351531 0.000000 0.000000
0.000000 0.000000 0.355619 0.355614 0.355589 0.355547 0.355515 0.355483 0.355488 0.355483 0.355481 0.355480 0.355487 0.355485 0.355502 0.355534 0.355550 0.355563 0.355568 0.000000 0.000000
0.000000 0.000000 0.361110 0.361098 0.361082 0.361041 0.361000 0.360938 0.360939 0.360935 0.360928 0.360930 0.360931 0.360931 0.360981 0.361016 0.361037 0.361051 0.361058 0.000000 0.000000
0.000000 0.000000 0.367648 0.367635 0.367615 0.367564 0.367517 0.367462 0.367463 0.367458 0.367450 0.367448 0.367446 0.367455 0.367501 0.367539 0.367573 0.367582 0.367596 0.000000 0.000000
0.000000 0.000000 0.374858 0.374839 0.374812 0.374771 0.374717 0.374654 0.374660 0.374650 0.374638 0.374636 0.374639 0.374636 0.374699 0.374746 0.374772 0.374783 0.374795 0.000000 0.000000
0.000000 0.000000 0.382914 0.382886 0.382863 0.382819 0.382758 0.382691 0.382692 0.382685 0.382668 0.382674 0.382682 0.382678 0.382731 0.382792 0.382824 0.382837 0.382842 0.000000 0.000000
0.000000 0.000000 0.392201 0.392179 0.392155 0.392061 0.392032 0.391940 0.391959 0.391916 0.391916 0.391910 0.391895 0.391920 0.391979 0.392017 0.392063 0.392080 0.392119 0.000000 0.000000
0.000000 0.000000 0.403172 0.403123 0.403063 0.403016 0.402966 0.402849 0.402846 0.402845 0.402854 0.402813 0.402833 0.402825 0.402933 0.402994 0.403018 0.403034 0.403113 0.000000 0.000000
0.000000 0.000000 0.415666 0.415622 0.415606 0.415511 0.415448 0.415131 0.415125 0.415108 0.414989 0.415061 0.415066 0.415094 0.415332 0.415383 0.415501 0.415507 0.415520 0.000000 0.000000
0.000000 0.000000 0.431232 0.431215 0.431103 0.431037 0.430583 0.430762 0.430665 0.430670 0.430735 0.430666 0.430657 0.430604 0.430447 0.430942 0.430952 0.431069 0.431135 0.000000 0.000000
0.000000 0.000000 0.448405 0.448354 0.448272 0.447703 0.447973 0.447607 0.447535 0.447501 0.447361 0.447328 0.447389 0.447398 0.447721 0.447461 0.448194 0.448014 0.447981 0.000000 0.000000
0.000000 0.000000 0.462654 0.462628 0.462081 0.462376 0.462266 0.462298 0.462540 0.462480 0.462608 0.462589 0.462483 0.462611 0.462529 0.462631 0.461993 0.462833 0.462820 0.000000 0.000000
0.000000 0.000000 0.474335 0.473951 0.474032 0.473877 0.473670 0.473619 0.473509 0.473535 0.473412 0.473427 0.473494 0.473424 0.473513 0.473671 0.473993 0.473773 0.474170 0.000000 0.000000
0.000000 0.000000 0.479245 0.479330 0.479550 0.479491 0.479430 0.479219 0.479220 0.479172 0.479224 0.479210 0.479217 0.479226 0.479413 0.479462 0.479558 0.479333 0.479251 0.000000 0.000000
0.000000 0.000000 0.350000 0.350000 0.350000 0.350000 0.350000 0.350000 0.350000 0.350000 0.350000 0.350000 0.350000 0.350000 0.350000 0.350000 0.350000 0.350000 0.350000 0.000000 0.000000
0.000000 0.000000 0.000000 0.000000 0.000000 0.000000 0.000000 0.000000 0.000000 0.000000 0.000000 0.000000 0.000000 0.000000 0.000000 0.000000 0.000000 0.000000 0.000000 0.000000 0.000000