geotop/1.0zi/1.0Montebello/Templates/testdem/maps/_Eocsand5334.asc
ncols         21
nrows         20
xllcorner     100.000000
yllcorner     100.000000
cellsize      50.000000
NODATA_value  -9999.0
0.000000 0.000000 0.000000 0.000000 0.000000 0.000000 0.000000 0.000000 0.000000 0.000000 0.000000 0.000000 0.000000 0.000000 0.000000 0.000000 0.000000 0.000000 0.000000 0.000000 0.000000
0.000000 0.000000 0.300129 0.300128 0.300128 0.300128 0.300128 0.300127 0.300128 0.300128 0.300128 0.300128 0.300128 0.300128 0.300128 0.300128 0.300128 0.300128 0.300128 0.000000 0.000000
0.000000 0.000000 0.300008 0.300007 0.300007 0.300007 0.300007 0.300007 0.300006 0.300007 0.300007 0.300007 0.300006 0.300006 0.300006 0.300007 0.300008 0.300009 0.300008 0.000000 0.000000
0.000000 0.000000 0.299974 0.299972 0.299975 0.299979 0.299976 0.299978 0.299976 0.299977 0.299976 0.299978 0.299978 0.299980 0.299976 0.299971 0.299973 0.299970 0.299972 0.000000 0.000000
0.000000 0.000000 0.299170 0.299166 0.299167 0.299175 0.299188 0.299196 0.299196 0.299195 0.299200 0.299196 0.299201 0.299201 0.299191 0.299191 0.299186 0.299175 0.299170 0.000000 0.000000
0.000000 0.000000 0.296409 0.296404 0.296412 0.296442 0.296456 0.296486 0.296490 0.296496 0.296488 0.296486 0.296481 0.296484 0.296477 0.296462 0.296448 0.296433 0.296425 0.000000 0.000000
0.000000 0.000000 0.292276 0.292280 0.292284 0.292316 0.292353 0.292398 0.292397 0.292403 0.292398 0.292395 0.292398 0.292396 0.292365 0.292331 0.292314 0.292297 0.292286 0.000000 0.000000
0.000000 0.000000 0.287280 0.287279 0.287279 0.287313 0.287350 0.287398 0.287397 0.287402 0.287401 0.287401 0.287404 0.287398 0.287363 0.287330 0.287301 0.287294 0.287278 0.000000 0.000000
0.000000 0.000000 0.282133 0.282139 0.282150 0.282170 0.282206 0.282258 0.282255 0.282264 0.282268 0.282265 0.282265 0.282269 0.282223 0.282187 0.282162 0.282154 0.282140 0.000000 0.000000
0.000000 0.000000 0.276977 0.276985 0.276988 0.277001 0.277053 0.277099 0.277094 0.277101 0.277107 0.277099 0.277093 0.277099 0.277063 0.277022 0.276996 0.276993 0.276983 0.000000 0.000000
0.000000 0.000000 0.271689 0.271694 0.271693 0.271730 0.271764 0.271815 0.271803 0.271828 0.271827 0.271823 0.271829 0.271817 0.271789 0.271764 0.271735 0.271720 0.271699 0.000000 0.000000
0.000000 0.000000 0.266178 0.266190 0.266201 0.266228 0.266257 0.266317 0.266313 0.266329 0.266313 0.266327 0.266325 0.266320 0.266268 0.266246 0.266226 0.266218 0.266160 0.000000 0.000000
0.000000 0.000000 0.260562 0.260573 0.260575 0.260604 0.260630 0.260748 0.260748 0.260759 0.260782 0.260768 0.260759 0.260750 0.260667 0.260646 0.260602 0.260599 0.260557 0.000000 0.000000
0.000000 0.000000 0.254526 0.254533 0.254545 0.254563 0.254672 0.254705 0.254731 0.254733 0.254743 0.254737 0.254735 0.254739 0.254726 0.254619 0.254580 0.254552 0.254510 0.000000 0.000000
0.000000 0.000000 0.247941 0.247947 0.247972 0.248082 0.248119 0.248185 0.248232 0.248238 0.248260 0.248270 0.248257 0.248268 0.248222 0.248166 0.248002 0.248014 0.247988 0.000000 0.000000
0.000000 0.000000 0.241027 0.241037 0.241174 0.241207 0.241216 0.241260 0.241237 0.241255 0.241245 0.241261 0.241276 0.241248 0.241225 0.241207 0.241204 0.241027 0.241020 0.000000 0.000000
0.000000 0.000000 0.233236 0.233421 0.233500 0.233556 0.233643 0.233690 0.233701 0.233706 0.233745 0.233752 0.233737 0.233742 0.233692 0.233627 0.233520 0.233457 0.233273 0.000000 0.000000
0.000000 0.000000 0.227338 0.227353 0.227196 0.227246 0.227314 0.227489 0.227496 0.227534 0.227515 0.227525 0.227511 0.227508 0.227347 0.227304 0.227172 0.227339 0.227312 0.000000 0.000000
0.000000 0.000000 0.300000 0.300000 0.300000 0.300000 0.300000 0.300000 0.300000 0.300000 0.300000 0.300000 0.300000 0.300000 0.300000 0.300000 0.300000 0.300000 0.300000 0.000000 0.000000
0.000000 0.000000 0.000000 0.000000 0.000000 0.000000 0.000000 0.000000 0.000000 0.000000 0.000000 0.000000 0.000000 0.000000 0.000000 0.000000 0.000000 0.000000 0.000000 0.000000 0.000000