geotop/1.0zi/1.0Montebello/Templates/testdem/maps/_Eocsilt1048.asc
ncols         21
nrows         20
xllcorner     100.000000
yllcorner     100.000000
cellsize      50.000000
NODATA_value  -9999.0
0.000000 0.000000 0.000000 0.000000 0.000000 0.000000 0.000000 0.000000 0.000000 0.000000 0.000000 0.000000 0.000000 0.000000 0.000000 0.000000 0.000000 0.000000 0.000000 0.000000 0.000000
0.000000 0.000000 0.350018 0.350018 0.350018 0.350018 0.350018 0.350018 0.350018 0.350018 0.350018 0.350018 0.350018 0.350018 0.350018 0.350018 0.350018 0.350018 0.350018 0.000000 0.000000
0.000000 0.000000 0.350001 0.350001 0.350001 0.350001 0.350001 0.350001 0.350001 0.350001 0.350001 0.350001 0.350001 0.350001 0.350001 0.350001 0.350001 0.350001 0.350001 0.000000 0.000000
0.000000 0.000000 0.350461 0.350461 0.350458 0.350459 0.350461 0.350461 0.350461 0.350461 0.350461 0.350461 0.350461 0.350461 0.350461 0.350459 0.350458 0.350461 0.350461 0.000000 0.000000
0.000000 0.000000 0.351987 0.351986 0.351984 0.351984 0.351987 0.351986 0.351986 0.351987 0.351987 0.351987 0.351986 0.351986 0.351987 0.351984 0.351984 0.351986 0.351987 0.000000 0.000000
0.000000 0.000000 0.353821 0.353820 0.353818 0.353818 0.353821 0.353820 0.353820 0.353821 0.353821 0.353821 0.353820 0.353820 0.353821 0.353818 0.353818 0.353820 0.353821 0.000000 0.000000
0.000000 0.000000 0.355497 0.355497 0.355495 0.355495 0.355497 0.355497 0.355497 0.355497 0.355497 0.355497 0.355497 0.355497 0.355497 0.355495 0.355495 0.355497 0.355497 0.000000 0.000000
0.000000 0.000000 0.357034 0.357033 0.357032 0.357032 0.357034 0.357033 0.357033 0.357034 0.357034 0.357034 0.357033 0.357033 0.357034 0.357032 0.357032 0.357033 0.357034 0.000000 0.000000
0.000000 0.000000 0.358471 0.358471 0.358469 0.358470 0.358471 0.358471 0.358471 0.358471 0.358471 0.358471 0.358471 0.358471 0.358471 0.358470 0.358469 0.358471 0.358471 0.000000 0.000000
0.000000 0.000000 0.359848 0.359848 0.359846 0.359847 0.359848 0.359848 0.359848 0.359848 0.359848 0.359848 0.359848 0.359848 0.359848 0.359847 0.359846 0.359848 0.359848 0.000000 0.000000
0.000000 0.000000 0.361178 0.361178 0.361176 0.361177 0.361178 0.361178 0.361178 0.361178 0.361178 0.361178 0.361178 0.361178 0.361178 0.361177 0.361176 0.361178 0.361178 0.000000 0.000000
0.000000 0.000000 0.362476 0.362476 0.362474 0.362475 0.362476 0.362476 0.362476 0.362476 0.362476 0.362476 0.362476 0.362476 0.362476 0.362475 0.362474 0.362476 0.362476 0.000000 0.000000
0.000000 0.000000 0.363752 0.363751 0.363750 0.363750 0.363752 0.363752 0.363752 0.363752 0.363752 0.363752 0.363752 0.363752 0.363752 0.363750 0.363750 0.363751 0.363752 0.000000 0.000000
0.000000 0.000000 0.365004 0.365003 0.365002 0.365002 0.365004 0.365004 0.365003 0.365004 0.365004 0.365004 0.365003 0.365004 0.365004 0.365002 0.365002 0.365003 0.365004 0.000000 0.000000
0.000000 0.000000 0.366242 0.366241 0.366240 0.366241 0.366242 0.366242 0.366242 0.366242 0.366242 0.366242 0.366242 0.366242 0.366242 0.366241 0.366240 0.366241 0.366242 0.000000 0.000000
0.000000 0.000000 0.367472 0.367471 0.367470 0.367470 0.367471 0.367471 0.367471 0.367472 0.367472 0.367472 0.367471 0.367471 0.367471 0.367470 0.367470 0.367471 0.367472 0.000000 0.000000
0.000000 0.000000 0.368687 0.368687 0.368686 0.368686 0.368687 0.368687 0.368687 0.368687 0.368687 0.368687 0.368687 0.368687 0.368687 0.368686 0.368686 0.368687 0.368687 0.000000 0.000000
0.000000 0.000000 0.369931 0.369931 0.369930 0.369930 0.369931 0.369931 0.369931 0.369931 0.369931 0.369931 0.369931 0.369931 0.369931 0.369930 0.369930 0.369931 0.369931 0.000000 0.000000
0.000000 0.000000 0.350000 0.350000 0.350000 0.350000 0.350000 0.350000 0.350000 0.350000 0.350000 0.350000 0.350000 0.350000 0.350000 0.350000 0.350000 0.350000 0.350000 0.000000 0.000000
0.000000 0.000000 0.000000 0.000000 0.000000 0.000000 0.000000 0.000000 0.000000 0.000000 0.000000 0.000000 0.000000 0.000000 0.000000 0.000000 0.000000 0.000000 0.000000 0.000000 0.000000