geotop/1.0zi/1.0Montebello/Templates/testdem/maps/_Eocsilt7839.asc
ncols         21
nrows         20
xllcorner     100.000000
yllcorner     100.000000
cellsize      50.000000
NODATA_value  -9999.0
0.000000 0.000000 0.000000 0.000000 0.000000 0.000000 0.000000 0.000000 0.000000 0.000000 0.000000 0.000000 0.000000 0.000000 0.000000 0.000000 0.000000 0.000000 0.000000 0.000000 0.000000
0.000000 0.000000 0.350163 0.350163 0.350163 0.350164 0.350163 0.350163 0.350163 0.350163 0.350163 0.350163 0.350163 0.350163 0.350163 0.350163 0.350164 0.350163 0.350163 0.000000 0.000000
0.000000 0.000000 0.350005 0.350005 0.350004 0.350004 0.350005 0.350005 0.350005 0.350005 0.350006 0.350006 0.350006 0.350006 0.350005 0.350005 0.350003 0.350003 0.350005 0.000000 0.000000
0.000000 0.000000 0.350103 0.350099 0.350098 0.350091 0.350093 0.350087 0.350090 0.350090 0.350087 0.350090 0.350089 0.350089 0.350092 0.350095 0.350099 0.350099 0.350100 0.000000 0.000000
0.000000 0.000000 0.350989 0.350995 0.350991 0.350980 0.350974 0.350967 0.350963 0.350961 0.350961 0.350961 0.350962 0.350964 0.350978 0.350982 0.350985 0.350995 0.350998 0.000000 0.000000
0.000000 0.000000 0.353533 0.353533 0.353523 0.353507 0.353488 0.353467 0.353466 0.353460 0.353464 0.353464 0.353466 0.353465 0.353477 0.353489 0.353501 0.353509 0.353514 0.000000 0.000000
0.000000 0.000000 0.357183 0.357179 0.357168 0.357142 0.357111 0.357077 0.357078 0.357074 0.357075 0.357073 0.357070 0.357076 0.357104 0.357131 0.357148 0.357163 0.357170 0.000000 0.000000
0.000000 0.000000 0.361516 0.361514 0.361507 0.361480 0.361450 0.361413 0.361413 0.361408 0.361407 0.361404 0.361402 0.361409 0.361441 0.361468 0.361494 0.361500 0.361512 0.000000 0.000000
0.000000 0.000000 0.366160 0.366150 0.366136 0.366117 0.366086 0.366044 0.366045 0.366036 0.366034 0.366032 0.366033 0.366032 0.366073 0.366106 0.366127 0.366138 0.366148 0.000000 0.000000
0.000000 0.000000 0.371019 0.371009 0.371001 0.370983 0.370939 0.370901 0.370902 0.370897 0.370891 0.370894 0.370899 0.370897 0.370931 0.370969 0.370992 0.371000 0.371007 0.000000 0.000000
0.000000 0.000000 0.376232 0.376225 0.376217 0.376178 0.376147 0.376104 0.376113 0.376089 0.376092 0.376091 0.376083 0.376098 0.376129 0.376153 0.376182 0.376198 0.376217 0.000000 0.000000
0.000000 0.000000 0.381972 0.381956 0.381938 0.381913 0.381878 0.381824 0.381821 0.381814 0.381826 0.381808 0.381813 0.381817 0.381873 0.381900 0.381920 0.381932 0.381981 0.000000 0.000000
0.000000 0.000000 0.388123 0.388107 0.388099 0.388065 0.388034 0.387898 0.387896 0.387887 0.387853 0.387870 0.387878 0.387891 0.387995 0.388023 0.388075 0.388081 0.388106 0.000000 0.000000
0.000000 0.000000 0.395239 0.395233 0.395205 0.395180 0.395016 0.395020 0.394985 0.394985 0.394992 0.394984 0.394980 0.394973 0.394964 0.395135 0.395166 0.395211 0.395245 0.000000 0.000000
0.000000 0.000000 0.403539 0.403523 0.403488 0.403284 0.403289 0.403187 0.403138 0.403127 0.403093 0.403067 0.403090 0.403085 0.403183 0.403192 0.403461 0.403425 0.403433 0.000000 0.000000
0.000000 0.000000 0.412634 0.412619 0.412328 0.412386 0.412366 0.412329 0.412431 0.412395 0.412447 0.412424 0.412379 0.412451 0.412466 0.412483 0.412300 0.412709 0.412704 0.000000 0.000000
0.000000 0.000000 0.423877 0.423420 0.423476 0.423313 0.423084 0.423015 0.422906 0.422929 0.422801 0.422809 0.422880 0.422815 0.422929 0.423098 0.423457 0.423265 0.423735 0.000000 0.000000
0.000000 0.000000 0.428800 0.429182 0.429586 0.429569 0.429563 0.429177 0.429226 0.429118 0.429282 0.429246 0.429228 0.429281 0.429611 0.429615 0.429658 0.429323 0.428951 0.000000 0.000000
0.000000 0.000000 0.350000 0.350000 0.350000 0.350000 0.350000 0.350000 0.350000 0.350000 0.350000 0.350000 0.350000 0.350000 0.350000 0.350000 0.350000 0.350000 0.350000 0.000000 0.000000
0.000000 0.000000 0.000000 0.000000 0.000000 0.000000 0.000000 0.000000 0.000000 0.000000 0.000000 0.000000 0.000000 0.000000 0.000000 0.000000 0.000000 0.000000 0.000000 0.000000 0.000000