geotop/1.0zi/1.0Montebello/Templates/testdem/maps/_Eocsilt4898.asc
ncols         21
nrows         20
xllcorner     100.000000
yllcorner     100.000000
cellsize      50.000000
NODATA_value  -9999.0
0.000000 0.000000 0.000000 0.000000 0.000000 0.000000 0.000000 0.000000 0.000000 0.000000 0.000000 0.000000 0.000000 0.000000 0.000000 0.000000 0.000000 0.000000 0.000000 0.000000 0.000000
0.000000 0.000000 0.350099 0.350099 0.350099 0.350099 0.350099 0.350099 0.350099 0.350099 0.350099 0.350099 0.350099 0.350100 0.350099 0.350100 0.350100 0.350099 0.350099 0.000000 0.000000
0.000000 0.000000 0.350002 0.350002 0.350003 0.350003 0.350003 0.350003 0.350004 0.350003 0.350004 0.350003 0.350004 0.350003 0.350003 0.350003 0.350002 0.350002 0.350002 0.000000 0.000000
0.000000 0.000000 0.350037 0.350036 0.350036 0.350031 0.350032 0.350030 0.350032 0.350033 0.350032 0.350032 0.350032 0.350031 0.350032 0.350035 0.350036 0.350037 0.350036 0.000000 0.000000
0.000000 0.000000 0.350416 0.350419 0.350418 0.350414 0.350412 0.350408 0.350406 0.350404 0.350403 0.350405 0.350405 0.350406 0.350410 0.350411 0.350412 0.350419 0.350423 0.000000 0.000000
0.000000 0.000000 0.351658 0.351661 0.351656 0.351645 0.351638 0.351623 0.351620 0.351616 0.351620 0.351622 0.351626 0.351625 0.351630 0.351636 0.351642 0.351645 0.351649 0.000000 0.000000
0.000000 0.000000 0.353581 0.353580 0.353574 0.353559 0.353541 0.353523 0.353524 0.353522 0.353525 0.353523 0.353521 0.353526 0.353539 0.353554 0.353560 0.353567 0.353574 0.000000 0.000000
0.000000 0.000000 0.355850 0.355847 0.355846 0.355831 0.355814 0.355795 0.355797 0.355793 0.355793 0.355793 0.355792 0.355793 0.355811 0.355829 0.355839 0.355842 0.355848 0.000000 0.000000
0.000000 0.000000 0.358211 0.358206 0.358200 0.358188 0.358171 0.358147 0.358149 0.358145 0.358144 0.358145 0.358144 0.358146 0.358165 0.358185 0.358193 0.358199 0.358207 0.000000 0.000000
0.000000 0.000000 0.360556 0.360552 0.360548 0.360537 0.360517 0.360497 0.360499 0.360497 0.360496 0.360496 0.360494 0.360495 0.360515 0.360534 0.360542 0.360546 0.360553 0.000000 0.000000
0.000000 0.000000 0.362933 0.362928 0.362925 0.362915 0.362899 0.362875 0.362878 0.362873 0.362872 0.362873 0.362871 0.362872 0.362890 0.362905 0.362914 0.362920 0.362928 0.000000 0.000000
0.000000 0.000000 0.365401 0.365397 0.365391 0.365377 0.365361 0.365337 0.365336 0.365334 0.365334 0.365333 0.365332 0.365332 0.365355 0.365373 0.365382 0.365387 0.365411 0.000000 0.000000
0.000000 0.000000 0.367911 0.367906 0.367900 0.367890 0.367870 0.367819 0.367820 0.367816 0.367815 0.367815 0.367813 0.367815 0.367859 0.367880 0.367889 0.367894 0.367909 0.000000 0.000000
0.000000 0.000000 0.370586 0.370576 0.370572 0.370561 0.370507 0.370494 0.370486 0.370483 0.370484 0.370483 0.370481 0.370482 0.370496 0.370548 0.370558 0.370569 0.370578 0.000000 0.000000
0.000000 0.000000 0.373482 0.373475 0.373460 0.373413 0.373388 0.373356 0.373341 0.373336 0.373328 0.373327 0.373330 0.373326 0.373351 0.373385 0.373443 0.373441 0.373449 0.000000 0.000000
0.000000 0.000000 0.376491 0.376484 0.376425 0.376416 0.376400 0.376384 0.376383 0.376382 0.376385 0.376384 0.376377 0.376388 0.376397 0.376411 0.376409 0.376474 0.376489 0.000000 0.000000
0.000000 0.000000 0.379864 0.379785 0.379740 0.379717 0.379675 0.379653 0.379649 0.379646 0.379637 0.379637 0.379639 0.379633 0.379650 0.379696 0.379727 0.379755 0.379833 0.000000 0.000000
0.000000 0.000000 0.382452 0.382440 0.382492 0.382463 0.382429 0.382352 0.382345 0.382339 0.382342 0.382341 0.382337 0.382344 0.382414 0.382451 0.382493 0.382426 0.382452 0.000000 0.000000
0.000000 0.000000 0.350000 0.350000 0.350000 0.350000 0.350000 0.350000 0.350000 0.350000 0.350000 0.350000 0.350000 0.350000 0.350000 0.350000 0.350000 0.350000 0.350000 0.000000 0.000000
0.000000 0.000000 0.000000 0.000000 0.000000 0.000000 0.000000 0.000000 0.000000 0.000000 0.000000 0.000000 0.000000 0.000000 0.000000 0.000000 0.000000 0.000000 0.000000 0.000000 0.000000