geotop/1.0zi/1.0Montebello/Templates/testdem/maps/_Eocsilt5677.asc
ncols         21
nrows         20
xllcorner     100.000000
yllcorner     100.000000
cellsize      50.000000
NODATA_value  -9999.0
0.000000 0.000000 0.000000 0.000000 0.000000 0.000000 0.000000 0.000000 0.000000 0.000000 0.000000 0.000000 0.000000 0.000000 0.000000 0.000000 0.000000 0.000000 0.000000 0.000000 0.000000
0.000000 0.000000 0.350112 0.350112 0.350113 0.350113 0.350112 0.350113 0.350113 0.350113 0.350113 0.350112 0.350112 0.350112 0.350112 0.350113 0.350113 0.350112 0.350112 0.000000 0.000000
0.000000 0.000000 0.350002 0.350002 0.350002 0.350003 0.350003 0.350003 0.350003 0.350003 0.350003 0.350003 0.350003 0.350003 0.350003 0.350002 0.350001 0.350001 0.350002 0.000000 0.000000
0.000000 0.000000 0.350045 0.350045 0.350043 0.350039 0.350040 0.350038 0.350040 0.350040 0.350039 0.350039 0.350039 0.350039 0.350041 0.350044 0.350045 0.350047 0.350046 0.000000 0.000000
0.000000 0.000000 0.350524 0.350527 0.350525 0.350522 0.350519 0.350514 0.350513 0.350511 0.350509 0.350510 0.350512 0.350513 0.350518 0.350520 0.350520 0.350529 0.350533 0.000000 0.000000
0.000000 0.000000 0.352006 0.352010 0.352006 0.351992 0.351982 0.351964 0.351963 0.351959 0.351963 0.351965 0.351966 0.351962 0.351968 0.351975 0.351984 0.351987 0.351992 0.000000 0.000000
0.000000 0.000000 0.354252 0.354250 0.354246 0.354228 0.354207 0.354184 0.354186 0.354183 0.354186 0.354186 0.354183 0.354186 0.354202 0.354219 0.354226 0.354235 0.354241 0.000000 0.000000
0.000000 0.000000 0.356960 0.356961 0.356961 0.356944 0.356924 0.356899 0.356900 0.356897 0.356897 0.356897 0.356895 0.356897 0.356915 0.356934 0.356950 0.356952 0.356961 0.000000 0.000000
0.000000 0.000000 0.359802 0.359797 0.359791 0.359780 0.359760 0.359731 0.359733 0.359727 0.359725 0.359727 0.359727 0.359724 0.359750 0.359770 0.359783 0.359788 0.359797 0.000000 0.000000
0.000000 0.000000 0.362645 0.362641 0.362638 0.362631 0.362603 0.362578 0.362581 0.362577 0.362573 0.362578 0.362580 0.362577 0.362596 0.362619 0.362632 0.362634 0.362640 0.000000 0.000000
0.000000 0.000000 0.365560 0.365558 0.365558 0.365537 0.365518 0.365491 0.365497 0.365484 0.365484 0.365486 0.365482 0.365488 0.365504 0.365519 0.365533 0.365542 0.365554 0.000000 0.000000
0.000000 0.000000 0.368619 0.368612 0.368605 0.368591 0.368575 0.368541 0.368543 0.368535 0.368544 0.368536 0.368537 0.368540 0.368568 0.368581 0.368592 0.368596 0.368627 0.000000 0.000000
0.000000 0.000000 0.371751 0.371745 0.371743 0.371728 0.371712 0.371646 0.371646 0.371641 0.371627 0.371635 0.371639 0.371644 0.371691 0.371703 0.371727 0.371729 0.371751 0.000000 0.000000
0.000000 0.000000 0.375146 0.375142 0.375135 0.375125 0.375061 0.375044 0.375030 0.375029 0.375024 0.375027 0.375027 0.375024 0.375031 0.375094 0.375114 0.375130 0.375152 0.000000 0.000000
0.000000 0.000000 0.378875 0.378870 0.378857 0.378792 0.378771 0.378733 0.378708 0.378704 0.378692 0.378685 0.378692 0.378686 0.378714 0.378744 0.378837 0.378830 0.378844 0.000000 0.000000
0.000000 0.000000 0.382817 0.382812 0.382728 0.382713 0.382708 0.382683 0.382699 0.382689 0.382696 0.382687 0.382677 0.382693 0.382707 0.382716 0.382711 0.382819 0.382822 0.000000 0.000000
0.000000 0.000000 0.387313 0.387199 0.387159 0.387125 0.387070 0.387042 0.387033 0.387031 0.387006 0.387003 0.387013 0.387008 0.387039 0.387080 0.387145 0.387172 0.387288 0.000000 0.000000
0.000000 0.000000 0.390613 0.390616 0.390717 0.390688 0.390643 0.390535 0.390533 0.390509 0.390525 0.390518 0.390525 0.390527 0.390625 0.390657 0.390730 0.390625 0.390629 0.000000 0.000000
0.000000 0.000000 0.350000 0.350000 0.350000 0.350000 0.350000 0.350000 0.350000 0.350000 0.350000 0.350000 0.350000 0.350000 0.350000 0.350000 0.350000 0.350000 0.350000 0.000000 0.000000
0.000000 0.000000 0.000000 0.000000 0.000000 0.000000 0.000000 0.000000 0.000000 0.000000 0.000000 0.000000 0.000000 0.000000 0.000000 0.000000 0.000000 0.000000 0.000000 0.000000 0.000000