geotop/1.0zi/1.0Montebello/Templates/testdem/maps/_Eocsand8704.asc
ncols         21
nrows         20
xllcorner     100.000000
yllcorner     100.000000
cellsize      50.000000
NODATA_value  -9999.0
0.000000 0.000000 0.000000 0.000000 0.000000 0.000000 0.000000 0.000000 0.000000 0.000000 0.000000 0.000000 0.000000 0.000000 0.000000 0.000000 0.000000 0.000000 0.000000 0.000000 0.000000
0.000000 0.000000 0.300220 0.300218 0.300218 0.300219 0.300218 0.300217 0.300217 0.300217 0.300218 0.300217 0.300218 0.300218 0.300217 0.300218 0.300219 0.300219 0.300219 0.000000 0.000000
0.000000 0.000000 0.300012 0.300014 0.300013 0.300012 0.300013 0.300013 0.300013 0.300013 0.300013 0.300013 0.300012 0.300013 0.300013 0.300013 0.300014 0.300014 0.300015 0.000000 0.000000
0.000000 0.000000 0.299862 0.299862 0.299868 0.299877 0.299876 0.299879 0.299874 0.299876 0.299876 0.299876 0.299875 0.299878 0.299872 0.299866 0.299863 0.299862 0.299862 0.000000 0.000000
0.000000 0.000000 0.297666 0.297668 0.297683 0.297703 0.297730 0.297735 0.297740 0.297740 0.297741 0.297737 0.297735 0.297734 0.297713 0.297706 0.297691 0.297681 0.297668 0.000000 0.000000
0.000000 0.000000 0.291406 0.291412 0.291440 0.291493 0.291534 0.291577 0.291577 0.291590 0.291580 0.291579 0.291570 0.291574 0.291548 0.291513 0.291482 0.291463 0.291449 0.000000 0.000000
0.000000 0.000000 0.282710 0.282725 0.282746 0.282805 0.282878 0.282955 0.282954 0.282963 0.282961 0.282959 0.282960 0.282956 0.282886 0.282825 0.282789 0.282761 0.282744 0.000000 0.000000
0.000000 0.000000 0.272420 0.272431 0.272449 0.272517 0.272584 0.272668 0.272668 0.272680 0.272680 0.272684 0.272688 0.272672 0.272597 0.272539 0.272481 0.272467 0.272439 0.000000 0.000000
0.000000 0.000000 0.261310 0.261335 0.261367 0.261413 0.261491 0.261581 0.261575 0.261595 0.261599 0.261602 0.261598 0.261602 0.261508 0.261433 0.261388 0.261367 0.261343 0.000000 0.000000
0.000000 0.000000 0.249400 0.249427 0.249447 0.249493 0.249604 0.249684 0.249684 0.249693 0.249706 0.249696 0.249683 0.249689 0.249610 0.249521 0.249467 0.249449 0.249432 0.000000 0.000000
0.000000 0.000000 0.236264 0.236281 0.236303 0.236409 0.236482 0.236586 0.236557 0.236619 0.236604 0.236610 0.236630 0.236593 0.236514 0.236462 0.236388 0.236354 0.236303 0.000000 0.000000
0.000000 0.000000 0.221443 0.221492 0.221540 0.221599 0.221697 0.221818 0.221832 0.221839 0.221809 0.221857 0.221834 0.221835 0.221693 0.221617 0.221572 0.221545 0.221426 0.000000 0.000000
0.000000 0.000000 0.205166 0.205215 0.205222 0.205332 0.205408 0.205773 0.205780 0.205795 0.205902 0.205836 0.205820 0.205787 0.205499 0.205431 0.205285 0.205278 0.205223 0.000000 0.000000
0.000000 0.000000 0.185662 0.185676 0.185762 0.185834 0.186333 0.186242 0.186341 0.186337 0.186288 0.186332 0.186339 0.186380 0.186453 0.185929 0.185870 0.185735 0.185644 0.000000 0.000000
0.000000 0.000000 0.162448 0.162505 0.162607 0.163263 0.163145 0.163471 0.163602 0.163633 0.163751 0.163817 0.163741 0.163753 0.163421 0.163514 0.162655 0.162815 0.162811 0.000000 0.000000
0.000000 0.000000 0.137498 0.137544 0.138468 0.138129 0.138235 0.138260 0.137886 0.137991 0.137785 0.137837 0.137997 0.137771 0.137799 0.137723 0.138539 0.137168 0.137184 0.000000 0.000000
0.000000 0.000000 0.108095 0.109417 0.109014 0.109578 0.110240 0.110431 0.110848 0.110747 0.111169 0.111119 0.110869 0.111129 0.110774 0.110285 0.109050 0.109967 0.108588 0.000000 0.000000
0.000000 0.000000 0.099658 0.098493 0.097525 0.097518 0.097443 0.098394 0.098208 0.098494 0.098005 0.098100 0.098182 0.098017 0.097226 0.097282 0.097338 0.098062 0.099212 0.000000 0.000000
0.000000 0.000000 0.300000 0.300000 0.300000 0.300000 0.300000 0.300000 0.300000 0.300000 0.300000 0.300000 0.300000 0.300000 0.300000 0.300000 0.300000 0.300000 0.300000 0.000000 0.000000
0.000000 0.000000 0.000000 0.000000 0.000000 0.000000 0.000000 0.000000 0.000000 0.000000 0.000000 0.000000 0.000000 0.000000 0.000000 0.000000 0.000000 0.000000 0.000000 0.000000 0.000000