geotop/1.0zi/1.0Montebello/Templates/testdem/maps/_Eocsilt9655.asc
ncols         21
nrows         20
xllcorner     100.000000
yllcorner     100.000000
cellsize      50.000000
NODATA_value  -9999.0
0.000000 0.000000 0.000000 0.000000 0.000000 0.000000 0.000000 0.000000 0.000000 0.000000 0.000000 0.000000 0.000000 0.000000 0.000000 0.000000 0.000000 0.000000 0.000000 0.000000 0.000000
0.000000 0.000000 0.350207 0.350207 0.350207 0.350207 0.350206 0.350206 0.350206 0.350206 0.350206 0.350206 0.350206 0.350206 0.350206 0.350206 0.350207 0.350207 0.350207 0.000000 0.000000
0.000000 0.000000 0.350008 0.350008 0.350008 0.350007 0.350009 0.350008 0.350008 0.350008 0.350009 0.350008 0.350009 0.350009 0.350008 0.350007 0.350006 0.350006 0.350007 0.000000 0.000000
0.000000 0.000000 0.350150 0.350147 0.350141 0.350137 0.350137 0.350131 0.350135 0.350136 0.350133 0.350137 0.350137 0.350137 0.350139 0.350142 0.350148 0.350149 0.350150 0.000000 0.000000
0.000000 0.000000 0.351493 0.351499 0.351489 0.351468 0.351459 0.351452 0.351455 0.351452 0.351451 0.351454 0.351459 0.351457 0.351471 0.351481 0.351485 0.351491 0.351494 0.000000 0.000000
0.000000 0.000000 0.355147 0.355142 0.355127 0.355103 0.355070 0.355043 0.355041 0.355036 0.355037 0.355038 0.355043 0.355040 0.355057 0.355081 0.355092 0.355100 0.355107 0.000000 0.000000
0.000000 0.000000 0.360271 0.360260 0.360244 0.360207 0.360165 0.360113 0.360115 0.360110 0.360106 0.360105 0.360103 0.360108 0.360151 0.360183 0.360203 0.360219 0.360226 0.000000 0.000000
0.000000 0.000000 0.366343 0.366330 0.366316 0.366274 0.366228 0.366180 0.366181 0.366174 0.366169 0.366166 0.366165 0.366173 0.366213 0.366251 0.366284 0.366289 0.366303 0.000000 0.000000
0.000000 0.000000 0.373026 0.373007 0.372983 0.372949 0.372898 0.372839 0.372844 0.372832 0.372824 0.372822 0.372826 0.372823 0.372882 0.372926 0.372951 0.372963 0.372975 0.000000 0.000000
0.000000 0.000000 0.380371 0.380347 0.380327 0.380292 0.380236 0.380175 0.380176 0.380167 0.380154 0.380160 0.380167 0.380165 0.380211 0.380268 0.380297 0.380308 0.380314 0.000000 0.000000
0.000000 0.000000 0.388679 0.388659 0.388641 0.388561 0.388535 0.388453 0.388470 0.388429 0.388432 0.388427 0.388414 0.388436 0.388488 0.388523 0.388565 0.388579 0.388615 0.000000 0.000000
0.000000 0.000000 0.398345 0.398302 0.398254 0.398216 0.398173 0.398069 0.398067 0.398062 0.398074 0.398038 0.398056 0.398051 0.398144 0.398198 0.398220 0.398233 0.398305 0.000000 0.000000
0.000000 0.000000 0.409193 0.409153 0.409141 0.409067 0.409014 0.408744 0.408739 0.408721 0.408626 0.408684 0.408690 0.408714 0.408914 0.408960 0.409059 0.409064 0.409082 0.000000 0.000000
0.000000 0.000000 0.422544 0.422525 0.422440 0.422387 0.422014 0.422142 0.422061 0.422061 0.422108 0.422058 0.422049 0.422011 0.421892 0.422302 0.422318 0.422414 0.422472 0.000000 0.000000
0.000000 0.000000 0.437621 0.437579 0.437503 0.437028 0.437223 0.436928 0.436861 0.436829 0.436722 0.436684 0.436739 0.436743 0.437001 0.436814 0.437434 0.437289 0.437268 0.000000 0.000000
0.000000 0.000000 0.450997 0.450972 0.450469 0.450726 0.450636 0.450655 0.450874 0.450815 0.450931 0.450911 0.450817 0.450936 0.450868 0.450951 0.450391 0.451157 0.451145 0.000000 0.000000
0.000000 0.000000 0.462080 0.461742 0.461811 0.461678 0.461496 0.461440 0.461344 0.461366 0.461258 0.461270 0.461330 0.461270 0.461361 0.461497 0.461779 0.461592 0.461943 0.000000 0.000000
0.000000 0.000000 0.467312 0.467242 0.467434 0.467336 0.467233 0.467073 0.467032 0.467009 0.467004 0.466999 0.467028 0.467009 0.467166 0.467242 0.467433 0.467185 0.467260 0.000000 0.000000
0.000000 0.000000 0.350000 0.350000 0.350000 0.350000 0.350000 0.350000 0.350000 0.350000 0.350000 0.350000 0.350000 0.350000 0.350000 0.350000 0.350000 0.350000 0.350000 0.000000 0.000000
0.000000 0.000000 0.000000 0.000000 0.000000 0.000000 0.000000 0.000000 0.000000 0.000000 0.000000 0.000000 0.000000 0.000000 0.000000 0.000000 0.000000 0.000000 0.000000 0.000000 0.000000