geotop/1.0zi/1.0Montebello/Templates/testdem/maps/_Eocsand9734.asc
ncols         21
nrows         20
xllcorner     100.000000
yllcorner     100.000000
cellsize      50.000000
NODATA_value  -9999.0
0.000000 0.000000 0.000000 0.000000 0.000000 0.000000 0.000000 0.000000 0.000000 0.000000 0.000000 0.000000 0.000000 0.000000 0.000000 0.000000 0.000000 0.000000 0.000000 0.000000 0.000000
0.000000 0.000000 0.300241 0.300238 0.300238 0.300239 0.300238 0.300238 0.300238 0.300239 0.300239 0.300239 0.300239 0.300239 0.300238 0.300238 0.300239 0.300239 0.300239 0.000000 0.000000
0.000000 0.000000 0.300011 0.300013 0.300013 0.300011 0.300012 0.300013 0.300012 0.300012 0.300012 0.300012 0.300011 0.300012 0.300012 0.300012 0.300013 0.300013 0.300014 0.000000 0.000000
0.000000 0.000000 0.299810 0.299808 0.299817 0.299825 0.299824 0.299830 0.299822 0.299824 0.299824 0.299823 0.299821 0.299823 0.299818 0.299811 0.299808 0.299805 0.299807 0.000000 0.000000
0.000000 0.000000 0.297020 0.297020 0.297036 0.297069 0.297096 0.297106 0.297106 0.297107 0.297110 0.297103 0.297097 0.297097 0.297074 0.297060 0.297046 0.297036 0.297023 0.000000 0.000000
0.000000 0.000000 0.289427 0.289438 0.289475 0.289537 0.289601 0.289659 0.289655 0.289667 0.289667 0.289666 0.289654 0.289659 0.289625 0.289570 0.289543 0.289522 0.289510 0.000000 0.000000
0.000000 0.000000 0.279070 0.279092 0.279122 0.279195 0.279277 0.279388 0.279385 0.279395 0.279404 0.279403 0.279404 0.279399 0.279309 0.279242 0.279201 0.279173 0.279157 0.000000 0.000000
0.000000 0.000000 0.266756 0.266782 0.266813 0.266901 0.266991 0.267092 0.267090 0.267104 0.267114 0.267120 0.267123 0.267105 0.267022 0.266947 0.266881 0.266867 0.266838 0.000000 0.000000
0.000000 0.000000 0.253234 0.253271 0.253319 0.253387 0.253490 0.253610 0.253599 0.253623 0.253639 0.253643 0.253636 0.253642 0.253523 0.253434 0.253383 0.253362 0.253336 0.000000 0.000000
0.000000 0.000000 0.238305 0.238356 0.238395 0.238468 0.238581 0.238706 0.238704 0.238721 0.238747 0.238737 0.238720 0.238727 0.238631 0.238516 0.238456 0.238433 0.238420 0.000000 0.000000
0.000000 0.000000 0.221327 0.221369 0.221407 0.221569 0.221623 0.221791 0.221756 0.221839 0.221833 0.221845 0.221871 0.221825 0.221718 0.221647 0.221562 0.221531 0.221458 0.000000 0.000000
0.000000 0.000000 0.201515 0.201603 0.201703 0.201781 0.201870 0.202082 0.202085 0.202096 0.202072 0.202145 0.202110 0.202120 0.201929 0.201818 0.201773 0.201746 0.201598 0.000000 0.000000
0.000000 0.000000 0.179184 0.179267 0.179291 0.179446 0.179554 0.180113 0.180123 0.180159 0.180356 0.180237 0.180224 0.180175 0.179759 0.179664 0.179460 0.179449 0.179412 0.000000 0.000000
0.000000 0.000000 0.151532 0.151571 0.151749 0.151860 0.152639 0.152369 0.152537 0.152538 0.152437 0.152542 0.152561 0.152641 0.152892 0.152034 0.152001 0.151801 0.151681 0.000000 0.000000
0.000000 0.000000 0.120075 0.120167 0.120324 0.121330 0.120909 0.121536 0.121677 0.121744 0.121972 0.122048 0.121932 0.121926 0.121374 0.121779 0.120467 0.120775 0.120822 0.000000 0.000000
0.000000 0.000000 0.091884 0.091939 0.093031 0.092455 0.092655 0.092605 0.092124 0.092253 0.091995 0.092038 0.092246 0.091986 0.092141 0.091956 0.093198 0.091526 0.091550 0.000000 0.000000
0.000000 0.000000 0.067662 0.068488 0.068261 0.068612 0.069046 0.069184 0.069441 0.069382 0.069657 0.069625 0.069468 0.069629 0.069403 0.069079 0.068332 0.068880 0.068020 0.000000 0.000000
0.000000 0.000000 0.057672 0.057573 0.057083 0.057246 0.057400 0.057840 0.057871 0.057962 0.057882 0.057908 0.057876 0.057876 0.057476 0.057359 0.057063 0.057602 0.057693 0.000000 0.000000
0.000000 0.000000 0.300000 0.300000 0.300000 0.300000 0.300000 0.300000 0.300000 0.300000 0.300000 0.300000 0.300000 0.300000 0.300000 0.300000 0.300000 0.300000 0.300000 0.000000 0.000000
0.000000 0.000000 0.000000 0.000000 0.000000 0.000000 0.000000 0.000000 0.000000 0.000000 0.000000 0.000000 0.000000 0.000000 0.000000 0.000000 0.000000 0.000000 0.000000 0.000000 0.000000