geotop/1.0zi/1.0Montebello/Templates/testdem/maps/_Eocsilt059.asc
ncols         21
nrows         20
xllcorner     100.000000
yllcorner     100.000000
cellsize      50.000000
NODATA_value  -9999.0
0.000000 0.000000 0.000000 0.000000 0.000000 0.000000 0.000000 0.000000 0.000000 0.000000 0.000000 0.000000 0.000000 0.000000 0.000000 0.000000 0.000000 0.000000 0.000000 0.000000 0.000000
0.000000 0.000000 0.350232 0.350232 0.350232 0.350232 0.350231 0.350231 0.350232 0.350231 0.350232 0.350231 0.350231 0.350231 0.350231 0.350232 0.350232 0.350232 0.350232 0.000000 0.000000
0.000000 0.000000 0.350009 0.350009 0.350009 0.350008 0.350010 0.350009 0.350009 0.350010 0.350010 0.350009 0.350010 0.350010 0.350009 0.350008 0.350007 0.350007 0.350008 0.000000 0.000000
0.000000 0.000000 0.350196 0.350192 0.350185 0.350182 0.350180 0.350174 0.350178 0.350179 0.350176 0.350180 0.350181 0.350181 0.350183 0.350186 0.350190 0.350193 0.350194 0.000000 0.000000
0.000000 0.000000 0.351850 0.351855 0.351845 0.351821 0.351810 0.351802 0.351805 0.351803 0.351802 0.351805 0.351810 0.351808 0.351822 0.351832 0.351839 0.351845 0.351850 0.000000 0.000000
0.000000 0.000000 0.356146 0.356139 0.356121 0.356089 0.356052 0.356023 0.356022 0.356019 0.356017 0.356019 0.356023 0.356020 0.356039 0.356065 0.356081 0.356091 0.356098 0.000000 0.000000
0.000000 0.000000 0.362127 0.362114 0.362095 0.362049 0.362002 0.361941 0.361945 0.361942 0.361936 0.361935 0.361932 0.361936 0.361984 0.362020 0.362045 0.362063 0.362071 0.000000 0.000000
0.000000 0.000000 0.369273 0.369257 0.369237 0.369179 0.369129 0.369071 0.369073 0.369068 0.369060 0.369057 0.369055 0.369063 0.369108 0.369151 0.369190 0.369198 0.369213 0.000000 0.000000
0.000000 0.000000 0.377289 0.377265 0.377232 0.377186 0.377126 0.377054 0.377062 0.377052 0.377040 0.377038 0.377042 0.377037 0.377104 0.377155 0.377187 0.377202 0.377215 0.000000 0.000000
0.000000 0.000000 0.386355 0.386323 0.386293 0.386243 0.386176 0.386100 0.386102 0.386097 0.386079 0.386085 0.386093 0.386089 0.386142 0.386210 0.386248 0.386264 0.386269 0.000000 0.000000
0.000000 0.000000 0.396952 0.396925 0.396898 0.396785 0.396755 0.396649 0.396673 0.396626 0.396628 0.396619 0.396601 0.396629 0.396691 0.396733 0.396788 0.396809 0.396854 0.000000 0.000000
0.000000 0.000000 0.409677 0.409616 0.409542 0.409491 0.409429 0.409293 0.409282 0.409288 0.409299 0.409260 0.409280 0.409264 0.409384 0.409456 0.409484 0.409504 0.409593 0.000000 0.000000
0.000000 0.000000 0.424063 0.424005 0.423987 0.423870 0.423796 0.423421 0.423412 0.423392 0.423246 0.423345 0.423344 0.423377 0.423647 0.423703 0.423847 0.423856 0.423859 0.000000 0.000000
0.000000 0.000000 0.441025 0.441000 0.440871 0.440805 0.440312 0.440552 0.440448 0.440451 0.440539 0.440451 0.440438 0.440374 0.440160 0.440702 0.440698 0.440828 0.440898 0.000000 0.000000
0.000000 0.000000 0.455993 0.455949 0.455890 0.455457 0.455672 0.455378 0.455332 0.455304 0.455190 0.455169 0.455215 0.455226 0.455477 0.455262 0.455823 0.455687 0.455658 0.000000 0.000000
0.000000 0.000000 0.465250 0.465229 0.465012 0.465015 0.465022 0.464965 0.465041 0.465014 0.465036 0.465023 0.464997 0.465043 0.465065 0.465056 0.464961 0.465231 0.465221 0.000000 0.000000
0.000000 0.000000 0.471044 0.471046 0.470862 0.470938 0.470920 0.470918 0.470996 0.470975 0.471014 0.471003 0.470970 0.471014 0.470994 0.471009 0.470827 0.471101 0.471084 0.000000 0.000000
0.000000 0.000000 0.475963 0.475756 0.475657 0.475635 0.475548 0.475587 0.475566 0.475585 0.475529 0.475536 0.475552 0.475534 0.475514 0.475575 0.475622 0.475691 0.475900 0.000000 0.000000
0.000000 0.000000 0.350000 0.350000 0.350000 0.350000 0.350000 0.350000 0.350000 0.350000 0.350000 0.350000 0.350000 0.350000 0.350000 0.350000 0.350000 0.350000 0.350000 0.000000 0.000000
0.000000 0.000000 0.000000 0.000000 0.000000 0.000000 0.000000 0.000000 0.000000 0.000000 0.000000 0.000000 0.000000 0.000000 0.000000 0.000000 0.000000 0.000000 0.000000 0.000000 0.000000