geotop/1.0zi/1.0Montebello/Templates/testdem/maps/_Eocsilt179K.asc
ncols         21
nrows         20
xllcorner     100.000000
yllcorner     100.000000
cellsize      50.000000
NODATA_value  -9999.0
0.000000 0.000000 0.000000 0.000000 0.000000 0.000000 0.000000 0.000000 0.000000 0.000000 0.000000 0.000000 0.000000 0.000000 0.000000 0.000000 0.000000 0.000000 0.000000 0.000000 0.000000
0.000000 0.000000 0.350259 0.350259 0.350260 0.350260 0.350259 0.350259 0.350259 0.350259 0.350259 0.350259 0.350259 0.350259 0.350259 0.350259 0.350260 0.350260 0.350259 0.000000 0.000000
0.000000 0.000000 0.350016 0.350016 0.350016 0.350015 0.350017 0.350017 0.350017 0.350017 0.350017 0.350017 0.350018 0.350017 0.350016 0.350016 0.350014 0.350014 0.350016 0.000000 0.000000
0.000000 0.000000 0.350251 0.350249 0.350239 0.350235 0.350235 0.350224 0.350227 0.350228 0.350226 0.350230 0.350230 0.350233 0.350230 0.350235 0.350240 0.350245 0.350246 0.000000 0.000000
0.000000 0.000000 0.352255 0.352256 0.352242 0.352221 0.352207 0.352199 0.352197 0.352193 0.352190 0.352196 0.352201 0.352197 0.352211 0.352223 0.352231 0.352238 0.352244 0.000000 0.000000
0.000000 0.000000 0.357343 0.357333 0.357311 0.357276 0.357239 0.357205 0.357200 0.357192 0.357191 0.357193 0.357198 0.357192 0.357211 0.357243 0.357257 0.357271 0.357276 0.000000 0.000000
0.000000 0.000000 0.364446 0.364429 0.364403 0.364352 0.364302 0.364227 0.364222 0.364214 0.364213 0.364212 0.364208 0.364211 0.364264 0.364307 0.364334 0.364357 0.364363 0.000000 0.000000
0.000000 0.000000 0.373054 0.373033 0.373007 0.372940 0.372885 0.372815 0.372806 0.372796 0.372790 0.372789 0.372785 0.372792 0.372839 0.372890 0.372935 0.372945 0.372960 0.000000 0.000000
0.000000 0.000000 0.383007 0.382975 0.382932 0.382877 0.382811 0.382717 0.382711 0.382689 0.382686 0.382679 0.382682 0.382674 0.382749 0.382813 0.382849 0.382873 0.382885 0.000000 0.000000
0.000000 0.000000 0.394726 0.394678 0.394629 0.394575 0.394494 0.394395 0.394376 0.394363 0.394350 0.394355 0.394369 0.394360 0.394418 0.394505 0.394551 0.394576 0.394578 0.000000 0.000000
0.000000 0.000000 0.408994 0.408944 0.408909 0.408753 0.408722 0.408576 0.408601 0.408520 0.408544 0.408526 0.408490 0.408527 0.408604 0.408653 0.408723 0.408754 0.408812 0.000000 0.000000
0.000000 0.000000 0.426488 0.426389 0.426278 0.426230 0.426152 0.425964 0.425928 0.425936 0.425963 0.425900 0.425928 0.425900 0.426054 0.426154 0.426180 0.426214 0.426323 0.000000 0.000000
0.000000 0.000000 0.444684 0.444610 0.444607 0.444468 0.444378 0.443925 0.443885 0.443843 0.443670 0.443802 0.443796 0.443831 0.444152 0.444217 0.444394 0.444424 0.444378 0.000000 0.000000
0.000000 0.000000 0.460455 0.460442 0.460342 0.460299 0.459943 0.460144 0.460055 0.460051 0.460135 0.460057 0.460045 0.459992 0.459823 0.460221 0.460212 0.460306 0.460349 0.000000 0.000000
0.000000 0.000000 0.469037 0.469026 0.468976 0.468882 0.468796 0.468817 0.468779 0.468778 0.468778 0.468753 0.468761 0.468745 0.468724 0.468821 0.468922 0.468930 0.468942 0.000000 0.000000
0.000000 0.000000 0.474082 0.474071 0.474087 0.473914 0.473959 0.473883 0.473835 0.473834 0.473790 0.473778 0.473805 0.473791 0.473862 0.473821 0.474068 0.473948 0.473950 0.000000 0.000000
0.000000 0.000000 0.476806 0.476895 0.476771 0.476769 0.476835 0.476807 0.476859 0.476840 0.476869 0.476856 0.476832 0.476870 0.476878 0.476825 0.476757 0.476918 0.476813 0.000000 0.000000
0.000000 0.000000 0.479948 0.479798 0.479674 0.479623 0.479607 0.479652 0.479637 0.479657 0.479599 0.479603 0.479616 0.479605 0.479573 0.479581 0.479649 0.479735 0.479877 0.000000 0.000000
0.000000 0.000000 0.350000 0.350000 0.350000 0.350000 0.350000 0.350000 0.350000 0.350000 0.350000 0.350000 0.350000 0.350000 0.350000 0.350000 0.350000 0.350000 0.350000 0.000000 0.000000
0.000000 0.000000 0.000000 0.000000 0.000000 0.000000 0.000000 0.000000 0.000000 0.000000 0.000000 0.000000 0.000000 0.000000 0.000000 0.000000 0.000000 0.000000 0.000000 0.000000 0.000000