geotop/1.0zi/1.0Montebello/Templates/testdem/maps/_Eocsilt3546.asc
ncols         21
nrows         20
xllcorner     100.000000
yllcorner     100.000000
cellsize      50.000000
NODATA_value  -9999.0
0.000000 0.000000 0.000000 0.000000 0.000000 0.000000 0.000000 0.000000 0.000000 0.000000 0.000000 0.000000 0.000000 0.000000 0.000000 0.000000 0.000000 0.000000 0.000000 0.000000 0.000000
0.000000 0.000000 0.350094 0.350094 0.350094 0.350094 0.350094 0.350094 0.350094 0.350094 0.350094 0.350094 0.350094 0.350094 0.350094 0.350094 0.350094 0.350094 0.350094 0.000000 0.000000
0.000000 0.000000 0.349994 0.349993 0.349994 0.349994 0.349994 0.349994 0.349994 0.349994 0.349994 0.349994 0.349994 0.349994 0.349994 0.349994 0.349994 0.349993 0.349994 0.000000 0.000000
0.000000 0.000000 0.351378 0.351377 0.351375 0.351376 0.351378 0.351378 0.351378 0.351378 0.351378 0.351378 0.351378 0.351378 0.351378 0.351376 0.351375 0.351377 0.351378 0.000000 0.000000
0.000000 0.000000 0.356333 0.356333 0.356331 0.356331 0.356333 0.356332 0.356332 0.356333 0.356334 0.356333 0.356332 0.356332 0.356333 0.356331 0.356331 0.356333 0.356333 0.000000 0.000000
0.000000 0.000000 0.362445 0.362445 0.362443 0.362443 0.362446 0.362444 0.362444 0.362445 0.362446 0.362445 0.362444 0.362444 0.362446 0.362443 0.362443 0.362445 0.362445 0.000000 0.000000
0.000000 0.000000 0.367977 0.367976 0.367975 0.367975 0.367977 0.367976 0.367976 0.367976 0.367977 0.367976 0.367976 0.367976 0.367977 0.367975 0.367975 0.367976 0.367977 0.000000 0.000000
0.000000 0.000000 0.372970 0.372970 0.372968 0.372969 0.372970 0.372969 0.372969 0.372970 0.372971 0.372970 0.372969 0.372969 0.372970 0.372969 0.372968 0.372970 0.372970 0.000000 0.000000
0.000000 0.000000 0.377571 0.377571 0.377569 0.377570 0.377571 0.377570 0.377570 0.377571 0.377572 0.377571 0.377570 0.377570 0.377571 0.377570 0.377569 0.377571 0.377571 0.000000 0.000000
0.000000 0.000000 0.381889 0.381888 0.381887 0.381887 0.381889 0.381888 0.381888 0.381889 0.381889 0.381889 0.381888 0.381888 0.381889 0.381887 0.381887 0.381888 0.381889 0.000000 0.000000
0.000000 0.000000 0.385980 0.385979 0.385978 0.385979 0.385980 0.385979 0.385979 0.385980 0.385980 0.385980 0.385979 0.385979 0.385980 0.385979 0.385978 0.385979 0.385980 0.000000 0.000000
0.000000 0.000000 0.389885 0.389884 0.389883 0.389884 0.389885 0.389884 0.389884 0.389885 0.389885 0.389885 0.389884 0.389884 0.389885 0.389884 0.389883 0.389884 0.389885 0.000000 0.000000
0.000000 0.000000 0.393633 0.393633 0.393632 0.393632 0.393633 0.393633 0.393633 0.393633 0.393633 0.393633 0.393633 0.393633 0.393633 0.393632 0.393632 0.393633 0.393633 0.000000 0.000000
0.000000 0.000000 0.397253 0.397253 0.397252 0.397252 0.397254 0.397253 0.397253 0.397253 0.397254 0.397253 0.397253 0.397253 0.397254 0.397252 0.397252 0.397253 0.397253 0.000000 0.000000
0.000000 0.000000 0.400757 0.400756 0.400755 0.400756 0.400757 0.400756 0.400756 0.400757 0.400757 0.400757 0.400756 0.400756 0.400757 0.400756 0.400755 0.400756 0.400757 0.000000 0.000000
0.000000 0.000000 0.404148 0.404148 0.404147 0.404147 0.404148 0.404147 0.404147 0.404148 0.404148 0.404148 0.404147 0.404147 0.404148 0.404147 0.404147 0.404148 0.404148 0.000000 0.000000
0.000000 0.000000 0.407440 0.407439 0.407438 0.407439 0.407440 0.407439 0.407439 0.407440 0.407440 0.407440 0.407439 0.407439 0.407440 0.407439 0.407438 0.407439 0.407440 0.000000 0.000000
0.000000 0.000000 0.410681 0.410682 0.410681 0.410681 0.410682 0.410681 0.410681 0.410682 0.410682 0.410682 0.410681 0.410681 0.410682 0.410681 0.410681 0.410682 0.410682 0.000000 0.000000
0.000000 0.000000 0.350000 0.350000 0.350000 0.350000 0.350000 0.350000 0.350000 0.350000 0.350000 0.350000 0.350000 0.350000 0.350000 0.350000 0.350000 0.350000 0.350000 0.000000 0.000000
0.000000 0.000000 0.000000 0.000000 0.000000 0.000000 0.000000 0.000000 0.000000 0.000000 0.000000 0.000000 0.000000 0.000000 0.000000 0.000000 0.000000 0.000000 0.000000 0.000000 0.000000