geotop/1.0zi/1.0Montebello/Templates/testdem/maps/_Eocclay6928.asc
ncols         21
nrows         20
xllcorner     100.000000
yllcorner     100.000000
cellsize      50.000000
NODATA_value  -9999.0
0.000000 0.000000 0.000000 0.000000 0.000000 0.000000 0.000000 0.000000 0.000000 0.000000 0.000000 0.000000 0.000000 0.000000 0.000000 0.000000 0.000000 0.000000 0.000000 0.000000 0.000000
0.000000 0.000000 0.349691 0.349693 0.349693 0.349692 0.349693 0.349693 0.349693 0.349693 0.349692 0.349693 0.349693 0.349693 0.349693 0.349693 0.349691 0.349691 0.349692 0.000000 0.000000
0.000000 0.000000 0.349988 0.349988 0.349988 0.349988 0.349987 0.349987 0.349987 0.349987 0.349987 0.349986 0.349987 0.349986 0.349987 0.349987 0.349988 0.349988 0.349986 0.000000 0.000000
0.000000 0.000000 0.349977 0.349982 0.349978 0.349979 0.349980 0.349980 0.349982 0.349978 0.349983 0.349981 0.349981 0.349980 0.349979 0.349981 0.349979 0.349981 0.349980 0.000000 0.000000
0.000000 0.000000 0.350679 0.350678 0.350675 0.350672 0.350659 0.350657 0.350656 0.350659 0.350656 0.350657 0.350653 0.350656 0.350664 0.350664 0.350669 0.350670 0.350677 0.000000 0.000000
0.000000 0.000000 0.352806 0.352805 0.352796 0.352771 0.352762 0.352741 0.352742 0.352737 0.352740 0.352741 0.352743 0.352743 0.352750 0.352767 0.352778 0.352790 0.352797 0.000000 0.000000
0.000000 0.000000 0.355867 0.355864 0.355857 0.355837 0.355812 0.355780 0.355780 0.355775 0.355777 0.355778 0.355778 0.355778 0.355804 0.355829 0.355841 0.355851 0.355860 0.000000 0.000000
0.000000 0.000000 0.359523 0.359522 0.359516 0.359491 0.359466 0.359432 0.359432 0.359429 0.359429 0.359428 0.359425 0.359432 0.359459 0.359481 0.359501 0.359508 0.359520 0.000000 0.000000
0.000000 0.000000 0.363319 0.363314 0.363303 0.363288 0.363263 0.363229 0.363231 0.363224 0.363222 0.363221 0.363221 0.363220 0.363253 0.363281 0.363296 0.363302 0.363312 0.000000 0.000000
0.000000 0.000000 0.367241 0.367233 0.367228 0.367214 0.367177 0.367146 0.367148 0.367143 0.367139 0.367142 0.367147 0.367144 0.367171 0.367203 0.367222 0.367226 0.367234 0.000000 0.000000
0.000000 0.000000 0.371396 0.371391 0.371385 0.371357 0.371332 0.371296 0.371304 0.371284 0.371287 0.371287 0.371281 0.371293 0.371316 0.371336 0.371358 0.371370 0.371387 0.000000 0.000000
0.000000 0.000000 0.375859 0.375848 0.375835 0.375814 0.375789 0.375746 0.375746 0.375737 0.375748 0.375735 0.375737 0.375741 0.375783 0.375804 0.375820 0.375827 0.375869 0.000000 0.000000
0.000000 0.000000 0.380552 0.380541 0.380534 0.380510 0.380487 0.380388 0.380387 0.380379 0.380356 0.380368 0.380375 0.380384 0.380459 0.380481 0.380518 0.380521 0.380548 0.000000 0.000000
0.000000 0.000000 0.385814 0.385809 0.385790 0.385772 0.385663 0.385650 0.385627 0.385626 0.385626 0.385624 0.385623 0.385619 0.385622 0.385737 0.385763 0.385792 0.385822 0.000000 0.000000
0.000000 0.000000 0.391789 0.391780 0.391755 0.391629 0.391611 0.391549 0.391511 0.391504 0.391483 0.391469 0.391483 0.391476 0.391532 0.391563 0.391733 0.391714 0.391728 0.000000 0.000000
0.000000 0.000000 0.398271 0.398261 0.398087 0.398087 0.398080 0.398047 0.398097 0.398074 0.398100 0.398082 0.398059 0.398099 0.398117 0.398129 0.398068 0.398298 0.398299 0.000000 0.000000
0.000000 0.000000 0.406081 0.405822 0.405795 0.405717 0.405589 0.405544 0.405503 0.405509 0.405445 0.405446 0.405478 0.405453 0.405518 0.405616 0.405782 0.405752 0.406019 0.000000 0.000000
0.000000 0.000000 0.410838 0.410960 0.411209 0.411169 0.411125 0.410891 0.410899 0.410841 0.410908 0.410891 0.410895 0.410912 0.411121 0.411157 0.411252 0.411014 0.410904 0.000000 0.000000
0.000000 0.000000 0.350000 0.350000 0.350000 0.350000 0.350000 0.350000 0.350000 0.350000 0.350000 0.350000 0.350000 0.350000 0.350000 0.350000 0.350000 0.350000 0.350000 0.000000 0.000000
0.000000 0.000000 0.000000 0.000000 0.000000 0.000000 0.000000 0.000000 0.000000 0.000000 0.000000 0.000000 0.000000 0.000000 0.000000 0.000000 0.000000 0.000000 0.000000 0.000000 0.000000