geotop/1.0zi/1.0Montebello/Templates/testdem/maps/_Eocclay7926.asc
ncols         21
nrows         20
xllcorner     100.000000
yllcorner     100.000000
cellsize      50.000000
NODATA_value  -9999.0
0.000000 0.000000 0.000000 0.000000 0.000000 0.000000 0.000000 0.000000 0.000000 0.000000 0.000000 0.000000 0.000000 0.000000 0.000000 0.000000 0.000000 0.000000 0.000000 0.000000 0.000000
0.000000 0.000000 0.349633 0.349635 0.349634 0.349633 0.349635 0.349635 0.349635 0.349635 0.349634 0.349635 0.349635 0.349635 0.349635 0.349635 0.349633 0.349633 0.349634 0.000000 0.000000
0.000000 0.000000 0.349985 0.349983 0.349985 0.349986 0.349984 0.349983 0.349983 0.349983 0.349983 0.349983 0.349983 0.349983 0.349984 0.349984 0.349985 0.349984 0.349983 0.000000 0.000000
0.000000 0.000000 0.350003 0.350008 0.350004 0.350003 0.350006 0.350003 0.350005 0.350003 0.350006 0.350003 0.350004 0.350002 0.350004 0.350006 0.350005 0.350008 0.350006 0.000000 0.000000
0.000000 0.000000 0.350998 0.350994 0.350990 0.350986 0.350970 0.350968 0.350965 0.350968 0.350964 0.350965 0.350961 0.350965 0.350975 0.350977 0.350985 0.350987 0.350993 0.000000 0.000000
0.000000 0.000000 0.353775 0.353773 0.353761 0.353731 0.353717 0.353693 0.353694 0.353686 0.353691 0.353689 0.353692 0.353694 0.353705 0.353725 0.353739 0.353754 0.353760 0.000000 0.000000
0.000000 0.000000 0.357581 0.357577 0.357568 0.357544 0.357513 0.357475 0.357473 0.357468 0.357469 0.357469 0.357470 0.357471 0.357504 0.357533 0.357550 0.357563 0.357570 0.000000 0.000000
0.000000 0.000000 0.362092 0.362089 0.362081 0.362050 0.362021 0.361979 0.361978 0.361974 0.361973 0.361970 0.361968 0.361977 0.362012 0.362038 0.362063 0.362073 0.362085 0.000000 0.000000
0.000000 0.000000 0.366860 0.366852 0.366838 0.366819 0.366787 0.366745 0.366747 0.366738 0.366735 0.366733 0.366734 0.366733 0.366775 0.366808 0.366828 0.366838 0.366848 0.000000 0.000000
0.000000 0.000000 0.371897 0.371886 0.371879 0.371859 0.371813 0.371774 0.371774 0.371769 0.371763 0.371766 0.371772 0.371769 0.371805 0.371844 0.371868 0.371876 0.371884 0.000000 0.000000
0.000000 0.000000 0.377363 0.377356 0.377347 0.377307 0.377274 0.377228 0.377238 0.377213 0.377216 0.377215 0.377206 0.377223 0.377255 0.377279 0.377310 0.377327 0.377347 0.000000 0.000000
0.000000 0.000000 0.383399 0.383382 0.383362 0.383336 0.383299 0.383243 0.383239 0.383232 0.383245 0.383225 0.383230 0.383234 0.383292 0.383322 0.383343 0.383355 0.383406 0.000000 0.000000
0.000000 0.000000 0.389901 0.389884 0.389876 0.389839 0.389807 0.389661 0.389659 0.389650 0.389613 0.389632 0.389640 0.389654 0.389765 0.389795 0.389850 0.389857 0.389883 0.000000 0.000000
0.000000 0.000000 0.397477 0.397471 0.397440 0.397413 0.397234 0.397242 0.397205 0.397204 0.397214 0.397204 0.397199 0.397192 0.397180 0.397366 0.397398 0.397447 0.397483 0.000000 0.000000
0.000000 0.000000 0.406372 0.406354 0.406316 0.406091 0.406102 0.405991 0.405937 0.405924 0.405888 0.405860 0.405885 0.405879 0.405988 0.405992 0.406287 0.406245 0.406253 0.000000 0.000000
0.000000 0.000000 0.416163 0.416146 0.415822 0.415895 0.415872 0.415836 0.415952 0.415913 0.415973 0.415947 0.415896 0.415977 0.415989 0.416007 0.415792 0.416250 0.416244 0.000000 0.000000
0.000000 0.000000 0.428410 0.427892 0.427971 0.427783 0.427524 0.427448 0.427318 0.427348 0.427200 0.427211 0.427293 0.427215 0.427344 0.427535 0.427951 0.427711 0.428245 0.000000 0.000000
0.000000 0.000000 0.433411 0.433873 0.434333 0.434323 0.434329 0.433891 0.433953 0.433828 0.434023 0.433982 0.433957 0.434022 0.434392 0.434387 0.434416 0.434042 0.433590 0.000000 0.000000
0.000000 0.000000 0.350000 0.350000 0.350000 0.350000 0.350000 0.350000 0.350000 0.350000 0.350000 0.350000 0.350000 0.350000 0.350000 0.350000 0.350000 0.350000 0.350000 0.000000 0.000000
0.000000 0.000000 0.000000 0.000000 0.000000 0.000000 0.000000 0.000000 0.000000 0.000000 0.000000 0.000000 0.000000 0.000000 0.000000 0.000000 0.000000 0.000000 0.000000 0.000000 0.000000