geotop/1.0zi/1.0Montebello/Templates/testdem/maps/_Eocsand4027.asc
ncols         21
nrows         20
xllcorner     100.000000
yllcorner     100.000000
cellsize      50.000000
NODATA_value  -9999.0
0.000000 0.000000 0.000000 0.000000 0.000000 0.000000 0.000000 0.000000 0.000000 0.000000 0.000000 0.000000 0.000000 0.000000 0.000000 0.000000 0.000000 0.000000 0.000000 0.000000 0.000000
0.000000 0.000000 0.300103 0.300102 0.300102 0.300102 0.300102 0.300102 0.300102 0.300102 0.300102 0.300102 0.300102 0.300102 0.300102 0.300102 0.300102 0.300102 0.300103 0.000000 0.000000
0.000000 0.000000 0.300005 0.300004 0.300004 0.300004 0.300003 0.300003 0.300003 0.300003 0.300004 0.300004 0.300003 0.300003 0.300004 0.300004 0.300005 0.300005 0.300005 0.000000 0.000000
0.000000 0.000000 0.299974 0.299974 0.299976 0.299979 0.299977 0.299979 0.299977 0.299978 0.299978 0.299979 0.299979 0.299981 0.299976 0.299973 0.299973 0.299972 0.299974 0.000000 0.000000
0.000000 0.000000 0.299290 0.299285 0.299289 0.299288 0.299295 0.299299 0.299300 0.299303 0.299305 0.299301 0.299304 0.299304 0.299299 0.299300 0.299300 0.299295 0.299290 0.000000 0.000000
0.000000 0.000000 0.297066 0.297065 0.297071 0.297082 0.297086 0.297106 0.297107 0.297117 0.297108 0.297106 0.297103 0.297109 0.297112 0.297102 0.297093 0.297089 0.297084 0.000000 0.000000
0.000000 0.000000 0.293761 0.293765 0.293769 0.293787 0.293807 0.293838 0.293836 0.293842 0.293836 0.293838 0.293842 0.293846 0.293825 0.293798 0.293786 0.293779 0.293769 0.000000 0.000000
0.000000 0.000000 0.289966 0.289971 0.289978 0.290002 0.290024 0.290055 0.290052 0.290057 0.290057 0.290058 0.290064 0.290070 0.290039 0.290011 0.289993 0.289989 0.289978 0.000000 0.000000
0.000000 0.000000 0.286160 0.286168 0.286180 0.286196 0.286218 0.286255 0.286252 0.286259 0.286258 0.286257 0.286263 0.286266 0.286239 0.286207 0.286192 0.286186 0.286171 0.000000 0.000000
0.000000 0.000000 0.282379 0.282386 0.282396 0.282414 0.282441 0.282474 0.282468 0.282473 0.282473 0.282473 0.282479 0.282486 0.282454 0.282422 0.282408 0.282403 0.282391 0.000000 0.000000
0.000000 0.000000 0.278563 0.278570 0.278581 0.278594 0.278612 0.278652 0.278647 0.278656 0.278656 0.278655 0.278661 0.278667 0.278641 0.278618 0.278599 0.278592 0.278579 0.000000 0.000000
0.000000 0.000000 0.274633 0.274640 0.274653 0.274675 0.274695 0.274733 0.274733 0.274739 0.274738 0.274740 0.274744 0.274752 0.274716 0.274687 0.274670 0.274665 0.274621 0.000000 0.000000
0.000000 0.000000 0.270669 0.270678 0.270691 0.270707 0.270732 0.270810 0.270809 0.270817 0.270817 0.270817 0.270824 0.270829 0.270762 0.270728 0.270712 0.270705 0.270678 0.000000 0.000000
0.000000 0.000000 0.266498 0.266513 0.266523 0.266540 0.266615 0.266635 0.266647 0.266653 0.266652 0.266653 0.266661 0.266667 0.266646 0.266566 0.266549 0.266532 0.266516 0.000000 0.000000
0.000000 0.000000 0.262028 0.262040 0.262067 0.262133 0.262167 0.262214 0.262240 0.262249 0.262261 0.262262 0.262262 0.262277 0.262242 0.262185 0.262098 0.262101 0.262088 0.000000 0.000000
0.000000 0.000000 0.257443 0.257456 0.257544 0.257556 0.257575 0.257598 0.257602 0.257605 0.257601 0.257604 0.257618 0.257610 0.257601 0.257577 0.257572 0.257485 0.257462 0.000000 0.000000
0.000000 0.000000 0.252386 0.252494 0.252572 0.252600 0.252650 0.252677 0.252684 0.252688 0.252700 0.252700 0.252704 0.252718 0.252702 0.252638 0.252596 0.252548 0.252441 0.000000 0.000000
0.000000 0.000000 0.248389 0.248420 0.248360 0.248398 0.248443 0.248544 0.248554 0.248565 0.248562 0.248564 0.248574 0.248575 0.248486 0.248428 0.248363 0.248456 0.248407 0.000000 0.000000
0.000000 0.000000 0.300000 0.300000 0.300000 0.300000 0.300000 0.300000 0.300000 0.300000 0.300000 0.300000 0.300000 0.300000 0.300000 0.300000 0.300000 0.300000 0.300000 0.000000 0.000000
0.000000 0.000000 0.000000 0.000000 0.000000 0.000000 0.000000 0.000000 0.000000 0.000000 0.000000 0.000000 0.000000 0.000000 0.000000 0.000000 0.000000 0.000000 0.000000 0.000000 0.000000