geotop/1.0zi/1.0Montebello/Templates/testdem/maps/_Eocsilt2538.asc
ncols         21
nrows         20
xllcorner     100.000000
yllcorner     100.000000
cellsize      50.000000
NODATA_value  -9999.0
0.000000 0.000000 0.000000 0.000000 0.000000 0.000000 0.000000 0.000000 0.000000 0.000000 0.000000 0.000000 0.000000 0.000000 0.000000 0.000000 0.000000 0.000000 0.000000 0.000000 0.000000
0.000000 0.000000 0.350060 0.350060 0.350060 0.350060 0.350060 0.350060 0.350060 0.350060 0.350059 0.350060 0.350060 0.350060 0.350060 0.350060 0.350060 0.350060 0.350060 0.000000 0.000000
0.000000 0.000000 0.349998 0.349998 0.349998 0.349998 0.349998 0.349998 0.349998 0.349998 0.349998 0.349998 0.349998 0.349998 0.349998 0.349998 0.349998 0.349998 0.349998 0.000000 0.000000
0.000000 0.000000 0.350844 0.350843 0.350841 0.350842 0.350844 0.350844 0.350843 0.350844 0.350844 0.350844 0.350843 0.350844 0.350844 0.350842 0.350841 0.350843 0.350844 0.000000 0.000000
0.000000 0.000000 0.354126 0.354125 0.354123 0.354124 0.354126 0.354125 0.354125 0.354127 0.354127 0.354127 0.354125 0.354125 0.354126 0.354124 0.354123 0.354125 0.354126 0.000000 0.000000
0.000000 0.000000 0.358385 0.358385 0.358383 0.358384 0.358386 0.358385 0.358385 0.358386 0.358386 0.358386 0.358385 0.358385 0.358386 0.358384 0.358383 0.358385 0.358385 0.000000 0.000000
0.000000 0.000000 0.362290 0.362289 0.362288 0.362288 0.362290 0.362289 0.362289 0.362290 0.362290 0.362290 0.362289 0.362289 0.362290 0.362288 0.362288 0.362289 0.362290 0.000000 0.000000
0.000000 0.000000 0.365855 0.365855 0.365853 0.365854 0.365855 0.365855 0.365855 0.365856 0.365856 0.365856 0.365855 0.365855 0.365855 0.365854 0.365853 0.365855 0.365855 0.000000 0.000000
0.000000 0.000000 0.369177 0.369177 0.369176 0.369176 0.369177 0.369177 0.369177 0.369178 0.369178 0.369178 0.369177 0.369177 0.369177 0.369176 0.369176 0.369177 0.369177 0.000000 0.000000
0.000000 0.000000 0.372332 0.372332 0.372331 0.372331 0.372333 0.372332 0.372332 0.372333 0.372333 0.372333 0.372332 0.372332 0.372333 0.372331 0.372331 0.372332 0.372332 0.000000 0.000000
0.000000 0.000000 0.375357 0.375357 0.375356 0.375356 0.375358 0.375357 0.375357 0.375358 0.375358 0.375358 0.375357 0.375357 0.375358 0.375356 0.375356 0.375357 0.375357 0.000000 0.000000
0.000000 0.000000 0.378280 0.378280 0.378279 0.378279 0.378280 0.378280 0.378280 0.378280 0.378281 0.378280 0.378280 0.378280 0.378280 0.378279 0.378279 0.378280 0.378280 0.000000 0.000000
0.000000 0.000000 0.381121 0.381121 0.381120 0.381120 0.381121 0.381121 0.381121 0.381121 0.381122 0.381121 0.381121 0.381121 0.381121 0.381120 0.381120 0.381121 0.381121 0.000000 0.000000
0.000000 0.000000 0.383895 0.383894 0.383893 0.383894 0.383895 0.383894 0.383894 0.383895 0.383895 0.383895 0.383894 0.383894 0.383895 0.383894 0.383893 0.383894 0.383895 0.000000 0.000000
0.000000 0.000000 0.386611 0.386610 0.386609 0.386610 0.386611 0.386610 0.386610 0.386611 0.386611 0.386611 0.386610 0.386610 0.386611 0.386610 0.386609 0.386610 0.386611 0.000000 0.000000
0.000000 0.000000 0.389274 0.389273 0.389272 0.389273 0.389274 0.389273 0.389273 0.389274 0.389274 0.389274 0.389273 0.389273 0.389274 0.389273 0.389272 0.389273 0.389274 0.000000 0.000000
0.000000 0.000000 0.391887 0.391886 0.391885 0.391886 0.391887 0.391886 0.391887 0.391887 0.391887 0.391887 0.391887 0.391886 0.391887 0.391886 0.391885 0.391886 0.391887 0.000000 0.000000
0.000000 0.000000 0.394487 0.394487 0.394486 0.394486 0.394487 0.394487 0.394487 0.394487 0.394488 0.394487 0.394487 0.394487 0.394487 0.394486 0.394486 0.394487 0.394487 0.000000 0.000000
0.000000 0.000000 0.350000 0.350000 0.350000 0.350000 0.350000 0.350000 0.350000 0.350000 0.350000 0.350000 0.350000 0.350000 0.350000 0.350000 0.350000 0.350000 0.350000 0.000000 0.000000
0.000000 0.000000 0.000000 0.000000 0.000000 0.000000 0.000000 0.000000 0.000000 0.000000 0.000000 0.000000 0.000000 0.000000 0.000000 0.000000 0.000000 0.000000 0.000000 0.000000 0.000000