geotop/1.0zi/1.0Montebello/Templates/testdem/maps/_Eocsilt4468.asc
ncols         21
nrows         20
xllcorner     100.000000
yllcorner     100.000000
cellsize      50.000000
NODATA_value  -9999.0
0.000000 0.000000 0.000000 0.000000 0.000000 0.000000 0.000000 0.000000 0.000000 0.000000 0.000000 0.000000 0.000000 0.000000 0.000000 0.000000 0.000000 0.000000 0.000000 0.000000 0.000000
0.000000 0.000000 0.350090 0.350090 0.350090 0.350090 0.350090 0.350090 0.350090 0.350090 0.350090 0.350090 0.350090 0.350090 0.350090 0.350090 0.350090 0.350090 0.350090 0.000000 0.000000
0.000000 0.000000 0.350002 0.350002 0.350002 0.350003 0.350003 0.350003 0.350003 0.350003 0.350003 0.350003 0.350003 0.350003 0.350003 0.350002 0.350001 0.350001 0.350002 0.000000 0.000000
0.000000 0.000000 0.350031 0.350031 0.350030 0.350026 0.350027 0.350025 0.350027 0.350027 0.350027 0.350026 0.350027 0.350026 0.350027 0.350030 0.350031 0.350032 0.350031 0.000000 0.000000
0.000000 0.000000 0.350387 0.350389 0.350388 0.350384 0.350381 0.350378 0.350376 0.350373 0.350372 0.350375 0.350375 0.350376 0.350380 0.350380 0.350381 0.350389 0.350392 0.000000 0.000000
0.000000 0.000000 0.351535 0.351538 0.351535 0.351523 0.351516 0.351501 0.351499 0.351494 0.351498 0.351501 0.351505 0.351504 0.351509 0.351516 0.351522 0.351524 0.351528 0.000000 0.000000
0.000000 0.000000 0.353322 0.353322 0.353319 0.353305 0.353290 0.353273 0.353274 0.353272 0.353275 0.353274 0.353271 0.353275 0.353286 0.353301 0.353307 0.353313 0.353319 0.000000 0.000000
0.000000 0.000000 0.355403 0.355401 0.355400 0.355387 0.355373 0.355356 0.355358 0.355355 0.355356 0.355355 0.355353 0.355352 0.355369 0.355385 0.355395 0.355397 0.355403 0.000000 0.000000
0.000000 0.000000 0.357526 0.357522 0.357518 0.357508 0.357495 0.357473 0.357475 0.357470 0.357471 0.357472 0.357470 0.357470 0.357487 0.357505 0.357512 0.357518 0.357526 0.000000 0.000000
0.000000 0.000000 0.359635 0.359632 0.359630 0.359620 0.359604 0.359585 0.359588 0.359585 0.359585 0.359586 0.359583 0.359581 0.359600 0.359617 0.359625 0.359628 0.359634 0.000000 0.000000
0.000000 0.000000 0.361760 0.361757 0.361755 0.361747 0.361736 0.361713 0.361716 0.361711 0.361711 0.361713 0.361710 0.361709 0.361724 0.361737 0.361747 0.361751 0.361758 0.000000 0.000000
0.000000 0.000000 0.363956 0.363953 0.363950 0.363938 0.363925 0.363903 0.363903 0.363900 0.363901 0.363900 0.363899 0.363897 0.363918 0.363934 0.363942 0.363946 0.363969 0.000000 0.000000
0.000000 0.000000 0.366183 0.366179 0.366176 0.366167 0.366151 0.366106 0.366107 0.366103 0.366103 0.366103 0.366100 0.366100 0.366139 0.366157 0.366166 0.366170 0.366184 0.000000 0.000000
0.000000 0.000000 0.368538 0.368531 0.368529 0.368520 0.368475 0.368464 0.368457 0.368453 0.368454 0.368455 0.368451 0.368450 0.368462 0.368507 0.368517 0.368526 0.368535 0.000000 0.000000
0.000000 0.000000 0.371075 0.371071 0.371059 0.371021 0.371000 0.370972 0.370958 0.370953 0.370947 0.370947 0.370948 0.370942 0.370963 0.370994 0.371044 0.371043 0.371050 0.000000 0.000000
0.000000 0.000000 0.373695 0.373690 0.373643 0.373636 0.373623 0.373609 0.373608 0.373606 0.373609 0.373608 0.373600 0.373609 0.373615 0.373628 0.373629 0.373683 0.373695 0.000000 0.000000
0.000000 0.000000 0.376607 0.376544 0.376505 0.376488 0.376456 0.376438 0.376434 0.376431 0.376424 0.376425 0.376425 0.376419 0.376431 0.376469 0.376494 0.376521 0.376585 0.000000 0.000000
0.000000 0.000000 0.378885 0.378873 0.378915 0.378893 0.378865 0.378801 0.378795 0.378789 0.378792 0.378791 0.378786 0.378789 0.378847 0.378879 0.378916 0.378861 0.378887 0.000000 0.000000
0.000000 0.000000 0.350000 0.350000 0.350000 0.350000 0.350000 0.350000 0.350000 0.350000 0.350000 0.350000 0.350000 0.350000 0.350000 0.350000 0.350000 0.350000 0.350000 0.000000 0.000000
0.000000 0.000000 0.000000 0.000000 0.000000 0.000000 0.000000 0.000000 0.000000 0.000000 0.000000 0.000000 0.000000 0.000000 0.000000 0.000000 0.000000 0.000000 0.000000 0.000000 0.000000