geotop/1.0zi/1.0Montebello/Templates/testdem/maps/_Eocclay1612.asc
ncols         21
nrows         20
xllcorner     100.000000
yllcorner     100.000000
cellsize      50.000000
NODATA_value  -9999.0
0.000000 0.000000 0.000000 0.000000 0.000000 0.000000 0.000000 0.000000 0.000000 0.000000 0.000000 0.000000 0.000000 0.000000 0.000000 0.000000 0.000000 0.000000 0.000000 0.000000 0.000000
0.000000 0.000000 0.349914 0.349914 0.349915 0.349914 0.349914 0.349914 0.349914 0.349914 0.349914 0.349914 0.349914 0.349914 0.349914 0.349914 0.349915 0.349914 0.349914 0.000000 0.000000
0.000000 0.000000 0.349993 0.349993 0.349993 0.349993 0.349993 0.349993 0.349993 0.349993 0.349993 0.349993 0.349993 0.349993 0.349993 0.349993 0.349993 0.349993 0.349993 0.000000 0.000000
0.000000 0.000000 0.350626 0.350626 0.350624 0.350624 0.350626 0.350626 0.350626 0.350626 0.350626 0.350626 0.350626 0.350626 0.350626 0.350624 0.350624 0.350626 0.350626 0.000000 0.000000
0.000000 0.000000 0.353094 0.353093 0.353091 0.353091 0.353095 0.353094 0.353094 0.353095 0.353095 0.353095 0.353094 0.353094 0.353095 0.353091 0.353091 0.353093 0.353094 0.000000 0.000000
0.000000 0.000000 0.355839 0.355839 0.355837 0.355838 0.355840 0.355840 0.355839 0.355840 0.355840 0.355840 0.355839 0.355840 0.355840 0.355838 0.355837 0.355839 0.355839 0.000000 0.000000
0.000000 0.000000 0.358442 0.358441 0.358440 0.358440 0.358442 0.358442 0.358442 0.358442 0.358442 0.358442 0.358442 0.358442 0.358442 0.358440 0.358440 0.358441 0.358442 0.000000 0.000000
0.000000 0.000000 0.360835 0.360835 0.360834 0.360834 0.360836 0.360836 0.360836 0.360836 0.360836 0.360836 0.360836 0.360836 0.360836 0.360834 0.360834 0.360835 0.360835 0.000000 0.000000
0.000000 0.000000 0.363077 0.363077 0.363076 0.363076 0.363078 0.363077 0.363077 0.363078 0.363078 0.363078 0.363077 0.363077 0.363078 0.363076 0.363076 0.363077 0.363077 0.000000 0.000000
0.000000 0.000000 0.365222 0.365222 0.365221 0.365221 0.365223 0.365222 0.365222 0.365223 0.365223 0.365223 0.365222 0.365222 0.365223 0.365221 0.365221 0.365222 0.365222 0.000000 0.000000
0.000000 0.000000 0.367294 0.367293 0.367292 0.367293 0.367294 0.367294 0.367294 0.367294 0.367294 0.367294 0.367294 0.367294 0.367294 0.367293 0.367292 0.367293 0.367294 0.000000 0.000000
0.000000 0.000000 0.369311 0.369310 0.369309 0.369310 0.369311 0.369311 0.369311 0.369311 0.369311 0.369311 0.369311 0.369311 0.369311 0.369310 0.369309 0.369310 0.369311 0.000000 0.000000
0.000000 0.000000 0.371288 0.371288 0.371287 0.371287 0.371289 0.371288 0.371288 0.371289 0.371289 0.371289 0.371288 0.371288 0.371289 0.371287 0.371287 0.371288 0.371288 0.000000 0.000000
0.000000 0.000000 0.373226 0.373226 0.373225 0.373225 0.373227 0.373227 0.373227 0.373227 0.373227 0.373227 0.373227 0.373227 0.373227 0.373225 0.373225 0.373226 0.373226 0.000000 0.000000
0.000000 0.000000 0.375135 0.375134 0.375133 0.375134 0.375135 0.375135 0.375135 0.375135 0.375135 0.375135 0.375135 0.375135 0.375135 0.375134 0.375133 0.375134 0.375135 0.000000 0.000000
0.000000 0.000000 0.377020 0.377020 0.377018 0.377019 0.377020 0.377020 0.377020 0.377020 0.377020 0.377020 0.377020 0.377020 0.377020 0.377019 0.377018 0.377020 0.377020 0.000000 0.000000
0.000000 0.000000 0.378883 0.378882 0.378881 0.378882 0.378883 0.378883 0.378883 0.378883 0.378883 0.378883 0.378883 0.378883 0.378883 0.378882 0.378881 0.378882 0.378883 0.000000 0.000000
0.000000 0.000000 0.380766 0.380766 0.380765 0.380765 0.380767 0.380766 0.380766 0.380767 0.380767 0.380767 0.380766 0.380766 0.380767 0.380765 0.380765 0.380766 0.380766 0.000000 0.000000
0.000000 0.000000 0.350000 0.350000 0.350000 0.350000 0.350000 0.350000 0.350000 0.350000 0.350000 0.350000 0.350000 0.350000 0.350000 0.350000 0.350000 0.350000 0.350000 0.000000 0.000000
0.000000 0.000000 0.000000 0.000000 0.000000 0.000000 0.000000 0.000000 0.000000 0.000000 0.000000 0.000000 0.000000 0.000000 0.000000 0.000000 0.000000 0.000000 0.000000 0.000000 0.000000