geotop/1.0zi/1.0Montebello/Templates/testdem/maps/_Eocclay4952.asc
ncols         21
nrows         20
xllcorner     100.000000
yllcorner     100.000000
cellsize      50.000000
NODATA_value  -9999.0
0.000000 0.000000 0.000000 0.000000 0.000000 0.000000 0.000000 0.000000 0.000000 0.000000 0.000000 0.000000 0.000000 0.000000 0.000000 0.000000 0.000000 0.000000 0.000000 0.000000 0.000000
0.000000 0.000000 0.349779 0.349780 0.349780 0.349780 0.349780 0.349780 0.349780 0.349780 0.349780 0.349780 0.349780 0.349780 0.349780 0.349780 0.349780 0.349780 0.349779 0.000000 0.000000
0.000000 0.000000 0.349992 0.349992 0.349992 0.349992 0.349991 0.349992 0.349992 0.349992 0.349991 0.349991 0.349992 0.349992 0.349992 0.349992 0.349992 0.349992 0.349992 0.000000 0.000000
0.000000 0.000000 0.349987 0.349989 0.349987 0.349988 0.349990 0.349990 0.349990 0.349988 0.349990 0.349988 0.349988 0.349987 0.349990 0.349991 0.349989 0.349990 0.349989 0.000000 0.000000
0.000000 0.000000 0.350382 0.350381 0.350381 0.350376 0.350367 0.350365 0.350366 0.350367 0.350364 0.350366 0.350363 0.350364 0.350369 0.350368 0.350372 0.350374 0.350377 0.000000 0.000000
0.000000 0.000000 0.351764 0.351766 0.351761 0.351745 0.351740 0.351727 0.351726 0.351722 0.351725 0.351725 0.351728 0.351730 0.351731 0.351741 0.351746 0.351755 0.351759 0.000000 0.000000
0.000000 0.000000 0.353775 0.353772 0.353768 0.353754 0.353738 0.353716 0.353715 0.353712 0.353714 0.353714 0.353716 0.353716 0.353732 0.353750 0.353759 0.353766 0.353773 0.000000 0.000000
0.000000 0.000000 0.356141 0.356139 0.356136 0.356120 0.356101 0.356079 0.356080 0.356077 0.356078 0.356077 0.356076 0.356078 0.356098 0.356115 0.356124 0.356130 0.356137 0.000000 0.000000
0.000000 0.000000 0.358522 0.358519 0.358514 0.358502 0.358485 0.358463 0.358465 0.358461 0.358461 0.358462 0.358460 0.358462 0.358480 0.358500 0.358507 0.358512 0.358520 0.000000 0.000000
0.000000 0.000000 0.360924 0.360919 0.360915 0.360903 0.360882 0.360861 0.360864 0.360861 0.360861 0.360861 0.360859 0.360859 0.360880 0.360900 0.360908 0.360913 0.360920 0.000000 0.000000
0.000000 0.000000 0.363384 0.363379 0.363375 0.363366 0.363350 0.363325 0.363327 0.363322 0.363322 0.363323 0.363321 0.363322 0.363340 0.363355 0.363365 0.363370 0.363378 0.000000 0.000000
0.000000 0.000000 0.365941 0.365937 0.365930 0.365916 0.365899 0.365875 0.365874 0.365872 0.365871 0.365870 0.365869 0.365869 0.365893 0.365911 0.365920 0.365925 0.365950 0.000000 0.000000
0.000000 0.000000 0.368548 0.368543 0.368537 0.368525 0.368505 0.368453 0.368453 0.368449 0.368448 0.368449 0.368447 0.368448 0.368494 0.368516 0.368525 0.368531 0.368546 0.000000 0.000000
0.000000 0.000000 0.371331 0.371322 0.371317 0.371305 0.371249 0.371236 0.371227 0.371224 0.371225 0.371224 0.371222 0.371223 0.371238 0.371292 0.371303 0.371314 0.371323 0.000000 0.000000
0.000000 0.000000 0.374355 0.374347 0.374332 0.374282 0.374256 0.374223 0.374206 0.374201 0.374193 0.374193 0.374195 0.374191 0.374217 0.374254 0.374315 0.374312 0.374321 0.000000 0.000000
0.000000 0.000000 0.377495 0.377487 0.377426 0.377416 0.377399 0.377382 0.377382 0.377382 0.377385 0.377383 0.377376 0.377388 0.377397 0.377411 0.377409 0.377478 0.377493 0.000000 0.000000
0.000000 0.000000 0.381028 0.380944 0.380896 0.380872 0.380827 0.380803 0.380799 0.380796 0.380786 0.380786 0.380789 0.380782 0.380801 0.380850 0.380883 0.380912 0.380995 0.000000 0.000000
0.000000 0.000000 0.383726 0.383714 0.383770 0.383739 0.383703 0.383620 0.383613 0.383606 0.383610 0.383609 0.383604 0.383612 0.383688 0.383726 0.383771 0.383700 0.383726 0.000000 0.000000
0.000000 0.000000 0.350000 0.350000 0.350000 0.350000 0.350000 0.350000 0.350000 0.350000 0.350000 0.350000 0.350000 0.350000 0.350000 0.350000 0.350000 0.350000 0.350000 0.000000 0.000000
0.000000 0.000000 0.000000 0.000000 0.000000 0.000000 0.000000 0.000000 0.000000 0.000000 0.000000 0.000000 0.000000 0.000000 0.000000 0.000000 0.000000 0.000000 0.000000 0.000000 0.000000