geotop/1.0zi/1.0Montebello/Templates/testdem/maps/_Eocsand6988.asc
ncols         21
nrows         20
xllcorner     100.000000
yllcorner     100.000000
cellsize      50.000000
NODATA_value  -9999.0
0.000000 0.000000 0.000000 0.000000 0.000000 0.000000 0.000000 0.000000 0.000000 0.000000 0.000000 0.000000 0.000000 0.000000 0.000000 0.000000 0.000000 0.000000 0.000000 0.000000 0.000000
0.000000 0.000000 0.300173 0.300171 0.300171 0.300172 0.300171 0.300171 0.300171 0.300171 0.300172 0.300171 0.300171 0.300171 0.300171 0.300171 0.300172 0.300172 0.300172 0.000000 0.000000
0.000000 0.000000 0.300010 0.300010 0.300010 0.300009 0.300010 0.300010 0.300010 0.300010 0.300010 0.300010 0.300009 0.300010 0.300010 0.300010 0.300010 0.300011 0.300012 0.000000 0.000000
0.000000 0.000000 0.299964 0.299963 0.299968 0.299972 0.299970 0.299974 0.299968 0.299973 0.299970 0.299971 0.299971 0.299972 0.299970 0.299965 0.299964 0.299961 0.299961 0.000000 0.000000
0.000000 0.000000 0.298558 0.298554 0.298562 0.298573 0.298592 0.298601 0.298603 0.298603 0.298605 0.298604 0.298608 0.298602 0.298584 0.298580 0.298575 0.298566 0.298554 0.000000 0.000000
0.000000 0.000000 0.294339 0.294338 0.294358 0.294396 0.294423 0.294465 0.294462 0.294475 0.294466 0.294466 0.294464 0.294464 0.294446 0.294419 0.294399 0.294380 0.294367 0.000000 0.000000
0.000000 0.000000 0.288191 0.288197 0.288215 0.288257 0.288312 0.288372 0.288371 0.288380 0.288377 0.288378 0.288382 0.288376 0.288326 0.288277 0.288251 0.288227 0.288210 0.000000 0.000000
0.000000 0.000000 0.280831 0.280833 0.280846 0.280893 0.280946 0.281012 0.281010 0.281019 0.281020 0.281025 0.281029 0.281016 0.280961 0.280915 0.280873 0.280861 0.280836 0.000000 0.000000
0.000000 0.000000 0.273110 0.273122 0.273146 0.273176 0.273230 0.273302 0.273296 0.273313 0.273317 0.273320 0.273320 0.273321 0.273252 0.273195 0.273163 0.273148 0.273126 0.000000 0.000000
0.000000 0.000000 0.265149 0.265164 0.265176 0.265204 0.265281 0.265344 0.265341 0.265351 0.265360 0.265355 0.265347 0.265351 0.265294 0.265229 0.265192 0.265182 0.265165 0.000000 0.000000
0.000000 0.000000 0.256742 0.256751 0.256765 0.256824 0.256876 0.256951 0.256933 0.256973 0.256968 0.256969 0.256983 0.256958 0.256909 0.256869 0.256823 0.256799 0.256762 0.000000 0.000000
0.000000 0.000000 0.247692 0.247715 0.247743 0.247784 0.247839 0.247928 0.247928 0.247945 0.247923 0.247953 0.247948 0.247939 0.247852 0.247808 0.247777 0.247760 0.247675 0.000000 0.000000
0.000000 0.000000 0.238170 0.238194 0.238208 0.238258 0.238306 0.238511 0.238511 0.238527 0.238575 0.238553 0.238541 0.238521 0.238367 0.238322 0.238247 0.238239 0.238185 0.000000 0.000000
0.000000 0.000000 0.227476 0.227487 0.227526 0.227563 0.227788 0.227815 0.227860 0.227863 0.227863 0.227869 0.227874 0.227880 0.227873 0.227638 0.227586 0.227525 0.227464 0.000000 0.000000
0.000000 0.000000 0.215306 0.215324 0.215378 0.215636 0.215673 0.215802 0.215877 0.215893 0.215935 0.215971 0.215943 0.215953 0.215834 0.215775 0.215427 0.215464 0.215435 0.000000 0.000000
0.000000 0.000000 0.202104 0.202124 0.202485 0.202473 0.202492 0.202568 0.202460 0.202508 0.202455 0.202495 0.202544 0.202458 0.202414 0.202391 0.202529 0.202052 0.202048 0.000000 0.000000
0.000000 0.000000 0.186174 0.186711 0.186757 0.186924 0.187195 0.187286 0.187372 0.187360 0.187493 0.187495 0.187429 0.187479 0.187347 0.187145 0.186792 0.186866 0.186312 0.000000 0.000000
0.000000 0.000000 0.176657 0.176378 0.175874 0.175947 0.176040 0.176525 0.176503 0.176625 0.176481 0.176522 0.176518 0.176477 0.176046 0.175980 0.175793 0.176270 0.176522 0.000000 0.000000
0.000000 0.000000 0.300000 0.300000 0.300000 0.300000 0.300000 0.300000 0.300000 0.300000 0.300000 0.300000 0.300000 0.300000 0.300000 0.300000 0.300000 0.300000 0.300000 0.000000 0.000000
0.000000 0.000000 0.000000 0.000000 0.000000 0.000000 0.000000 0.000000 0.000000 0.000000 0.000000 0.000000 0.000000 0.000000 0.000000 0.000000 0.000000 0.000000 0.000000 0.000000 0.000000