geotop/1.0zi/1.0Montebello/Templates/testdem/maps/_Eocsand6770.asc
ncols         21
nrows         20
xllcorner     100.000000
yllcorner     100.000000
cellsize      50.000000
NODATA_value  -9999.0
0.000000 0.000000 0.000000 0.000000 0.000000 0.000000 0.000000 0.000000 0.000000 0.000000 0.000000 0.000000 0.000000 0.000000 0.000000 0.000000 0.000000 0.000000 0.000000 0.000000 0.000000
0.000000 0.000000 0.300167 0.300165 0.300165 0.300165 0.300164 0.300164 0.300165 0.300165 0.300166 0.300165 0.300165 0.300165 0.300165 0.300165 0.300166 0.300166 0.300166 0.000000 0.000000
0.000000 0.000000 0.300009 0.300010 0.300009 0.300009 0.300010 0.300010 0.300009 0.300009 0.300010 0.300010 0.300009 0.300010 0.300009 0.300010 0.300010 0.300010 0.300011 0.000000 0.000000
0.000000 0.000000 0.299963 0.299962 0.299966 0.299971 0.299969 0.299971 0.299967 0.299970 0.299967 0.299970 0.299969 0.299970 0.299969 0.299964 0.299963 0.299960 0.299960 0.000000 0.000000
0.000000 0.000000 0.298659 0.298655 0.298661 0.298671 0.298689 0.298697 0.298699 0.298699 0.298701 0.298698 0.298701 0.298698 0.298680 0.298676 0.298673 0.298664 0.298653 0.000000 0.000000
0.000000 0.000000 0.294792 0.294790 0.294808 0.294846 0.294868 0.294907 0.294906 0.294917 0.294909 0.294907 0.294904 0.294905 0.294890 0.294865 0.294846 0.294828 0.294816 0.000000 0.000000
0.000000 0.000000 0.289048 0.289053 0.289068 0.289110 0.289160 0.289216 0.289216 0.289223 0.289221 0.289220 0.289223 0.289218 0.289172 0.289125 0.289100 0.289079 0.289063 0.000000 0.000000
0.000000 0.000000 0.282126 0.282127 0.282137 0.282183 0.282232 0.282294 0.282294 0.282300 0.282302 0.282304 0.282308 0.282297 0.282246 0.282201 0.282162 0.282151 0.282128 0.000000 0.000000
0.000000 0.000000 0.274884 0.274894 0.274916 0.274945 0.274995 0.275061 0.275057 0.275072 0.275076 0.275077 0.275076 0.275078 0.275015 0.274959 0.274929 0.274916 0.274896 0.000000 0.000000
0.000000 0.000000 0.267457 0.267470 0.267480 0.267506 0.267577 0.267636 0.267633 0.267642 0.267651 0.267644 0.267635 0.267641 0.267588 0.267527 0.267492 0.267483 0.267468 0.000000 0.000000
0.000000 0.000000 0.259659 0.259669 0.259679 0.259734 0.259781 0.259849 0.259834 0.259870 0.259867 0.259865 0.259877 0.259854 0.259811 0.259772 0.259729 0.259707 0.259674 0.000000 0.000000
0.000000 0.000000 0.251318 0.251339 0.251362 0.251402 0.251449 0.251531 0.251531 0.251547 0.251528 0.251551 0.251547 0.251540 0.251461 0.251420 0.251390 0.251376 0.251296 0.000000 0.000000
0.000000 0.000000 0.242593 0.242615 0.242626 0.242672 0.242714 0.242898 0.242900 0.242914 0.242956 0.242935 0.242922 0.242906 0.242767 0.242725 0.242657 0.242651 0.242599 0.000000 0.000000
0.000000 0.000000 0.232878 0.232888 0.232920 0.232955 0.233151 0.233180 0.233223 0.233225 0.233228 0.233229 0.233232 0.233237 0.233228 0.233020 0.232970 0.232917 0.232860 0.000000 0.000000
0.000000 0.000000 0.221918 0.221933 0.221979 0.222203 0.222245 0.222353 0.222424 0.222436 0.222473 0.222502 0.222476 0.222488 0.222390 0.222323 0.222020 0.222050 0.222022 0.000000 0.000000
0.000000 0.000000 0.210088 0.210105 0.210410 0.210423 0.210436 0.210497 0.210415 0.210455 0.210414 0.210447 0.210486 0.210415 0.210381 0.210357 0.210445 0.210047 0.210042 0.000000 0.000000
0.000000 0.000000 0.195998 0.196443 0.196510 0.196643 0.196862 0.196941 0.197005 0.196997 0.197104 0.197106 0.197054 0.197091 0.196979 0.196811 0.196534 0.196555 0.196099 0.000000 0.000000
0.000000 0.000000 0.186988 0.186819 0.186398 0.186478 0.186572 0.186972 0.186966 0.187062 0.186959 0.186989 0.186977 0.186951 0.186590 0.186514 0.186328 0.186736 0.186882 0.000000 0.000000
0.000000 0.000000 0.300000 0.300000 0.300000 0.300000 0.300000 0.300000 0.300000 0.300000 0.300000 0.300000 0.300000 0.300000 0.300000 0.300000 0.300000 0.300000 0.300000 0.000000 0.000000
0.000000 0.000000 0.000000 0.000000 0.000000 0.000000 0.000000 0.000000 0.000000 0.000000 0.000000 0.000000 0.000000 0.000000 0.000000 0.000000 0.000000 0.000000 0.000000 0.000000 0.000000