geotop/1.0zi/1.0Montebello/Templates/testdem/maps/_Eocsilt0850.asc
ncols         21
nrows         20
xllcorner     100.000000
yllcorner     100.000000
cellsize      50.000000
NODATA_value  -9999.0
0.000000 0.000000 0.000000 0.000000 0.000000 0.000000 0.000000 0.000000 0.000000 0.000000 0.000000 0.000000 0.000000 0.000000 0.000000 0.000000 0.000000 0.000000 0.000000 0.000000 0.000000
0.000000 0.000000 0.350016 0.350016 0.350016 0.350016 0.350016 0.350016 0.350016 0.350016 0.350016 0.350016 0.350016 0.350016 0.350016 0.350016 0.350016 0.350016 0.350016 0.000000 0.000000
0.000000 0.000000 0.350000 0.349999 0.350000 0.350000 0.350000 0.350000 0.350000 0.350000 0.350000 0.350000 0.350000 0.350000 0.350000 0.350000 0.350000 0.349999 0.350000 0.000000 0.000000
0.000000 0.000000 0.350331 0.350331 0.350328 0.350329 0.350331 0.350331 0.350331 0.350331 0.350331 0.350331 0.350331 0.350331 0.350331 0.350329 0.350328 0.350331 0.350331 0.000000 0.000000
0.000000 0.000000 0.351501 0.351500 0.351498 0.351497 0.351501 0.351500 0.351500 0.351500 0.351500 0.351500 0.351500 0.351500 0.351501 0.351497 0.351498 0.351500 0.351501 0.000000 0.000000
0.000000 0.000000 0.352952 0.352951 0.352950 0.352949 0.352952 0.352952 0.352952 0.352952 0.352952 0.352952 0.352952 0.352952 0.352952 0.352949 0.352950 0.352951 0.352952 0.000000 0.000000
0.000000 0.000000 0.354291 0.354291 0.354289 0.354289 0.354291 0.354291 0.354291 0.354291 0.354291 0.354291 0.354291 0.354291 0.354291 0.354289 0.354289 0.354291 0.354291 0.000000 0.000000
0.000000 0.000000 0.355527 0.355527 0.355526 0.355526 0.355527 0.355527 0.355527 0.355527 0.355527 0.355527 0.355527 0.355527 0.355527 0.355526 0.355526 0.355527 0.355527 0.000000 0.000000
0.000000 0.000000 0.356690 0.356689 0.356688 0.356688 0.356690 0.356690 0.356690 0.356690 0.356690 0.356690 0.356690 0.356690 0.356690 0.356688 0.356688 0.356689 0.356690 0.000000 0.000000
0.000000 0.000000 0.357804 0.357804 0.357803 0.357803 0.357804 0.357804 0.357804 0.357804 0.357804 0.357804 0.357804 0.357804 0.357804 0.357803 0.357803 0.357804 0.357804 0.000000 0.000000
0.000000 0.000000 0.358885 0.358885 0.358884 0.358884 0.358885 0.358885 0.358885 0.358885 0.358885 0.358885 0.358885 0.358885 0.358885 0.358884 0.358884 0.358885 0.358885 0.000000 0.000000
0.000000 0.000000 0.359942 0.359942 0.359940 0.359941 0.359942 0.359942 0.359942 0.359942 0.359942 0.359942 0.359942 0.359942 0.359942 0.359941 0.359940 0.359942 0.359942 0.000000 0.000000
0.000000 0.000000 0.360979 0.360978 0.360977 0.360977 0.360979 0.360979 0.360979 0.360979 0.360979 0.360979 0.360979 0.360979 0.360979 0.360977 0.360977 0.360978 0.360979 0.000000 0.000000
0.000000 0.000000 0.361998 0.361998 0.361997 0.361997 0.361998 0.361998 0.361998 0.361998 0.361998 0.361998 0.361998 0.361998 0.361998 0.361997 0.361997 0.361998 0.361998 0.000000 0.000000
0.000000 0.000000 0.363006 0.363006 0.363005 0.363005 0.363006 0.363006 0.363006 0.363006 0.363006 0.363006 0.363006 0.363006 0.363006 0.363005 0.363005 0.363006 0.363006 0.000000 0.000000
0.000000 0.000000 0.364008 0.364007 0.364006 0.364006 0.364007 0.364007 0.364007 0.364008 0.364007 0.364008 0.364007 0.364007 0.364007 0.364006 0.364006 0.364007 0.364008 0.000000 0.000000
0.000000 0.000000 0.364998 0.364998 0.364997 0.364997 0.364998 0.364998 0.364998 0.364998 0.364998 0.364998 0.364998 0.364998 0.364998 0.364997 0.364997 0.364998 0.364998 0.000000 0.000000
0.000000 0.000000 0.366007 0.366006 0.366005 0.366005 0.366007 0.366007 0.366007 0.366007 0.366007 0.366007 0.366007 0.366007 0.366007 0.366005 0.366005 0.366006 0.366007 0.000000 0.000000
0.000000 0.000000 0.350000 0.350000 0.350000 0.350000 0.350000 0.350000 0.350000 0.350000 0.350000 0.350000 0.350000 0.350000 0.350000 0.350000 0.350000 0.350000 0.350000 0.000000 0.000000
0.000000 0.000000 0.000000 0.000000 0.000000 0.000000 0.000000 0.000000 0.000000 0.000000 0.000000 0.000000 0.000000 0.000000 0.000000 0.000000 0.000000 0.000000 0.000000 0.000000 0.000000