geotop/1.0zi/1.0Montebello/Templates/testdem/maps/_Eocsilt7019.asc
ncols         21
nrows         20
xllcorner     100.000000
yllcorner     100.000000
cellsize      50.000000
NODATA_value  -9999.0
0.000000 0.000000 0.000000 0.000000 0.000000 0.000000 0.000000 0.000000 0.000000 0.000000 0.000000 0.000000 0.000000 0.000000 0.000000 0.000000 0.000000 0.000000 0.000000 0.000000 0.000000
0.000000 0.000000 0.350140 0.350141 0.350141 0.350141 0.350141 0.350141 0.350141 0.350141 0.350141 0.350141 0.350141 0.350141 0.350141 0.350141 0.350141 0.350141 0.350140 0.000000 0.000000
0.000000 0.000000 0.350003 0.350003 0.350003 0.350003 0.350003 0.350003 0.350003 0.350003 0.350003 0.350003 0.350004 0.350004 0.350003 0.350003 0.350001 0.350001 0.350003 0.000000 0.000000
0.000000 0.000000 0.350060 0.350057 0.350056 0.350050 0.350051 0.350048 0.350051 0.350051 0.350049 0.350051 0.350050 0.350050 0.350052 0.350055 0.350058 0.350059 0.350059 0.000000 0.000000
0.000000 0.000000 0.350738 0.350744 0.350740 0.350732 0.350727 0.350720 0.350719 0.350717 0.350717 0.350717 0.350718 0.350720 0.350730 0.350735 0.350734 0.350741 0.350746 0.000000 0.000000
0.000000 0.000000 0.352784 0.352785 0.352776 0.352763 0.352746 0.352727 0.352727 0.352721 0.352725 0.352726 0.352727 0.352726 0.352735 0.352745 0.352754 0.352760 0.352767 0.000000 0.000000
0.000000 0.000000 0.355823 0.355820 0.355810 0.355787 0.355759 0.355731 0.355733 0.355729 0.355731 0.355729 0.355725 0.355731 0.355754 0.355777 0.355790 0.355803 0.355812 0.000000 0.000000
0.000000 0.000000 0.359472 0.359471 0.359466 0.359443 0.359416 0.359385 0.359386 0.359382 0.359381 0.359378 0.359376 0.359382 0.359409 0.359433 0.359454 0.359458 0.359471 0.000000 0.000000
0.000000 0.000000 0.363338 0.363331 0.363318 0.363303 0.363276 0.363239 0.363242 0.363234 0.363232 0.363230 0.363231 0.363230 0.363265 0.363293 0.363310 0.363318 0.363329 0.000000 0.000000
0.000000 0.000000 0.367310 0.367303 0.367296 0.367283 0.367245 0.367213 0.367215 0.367210 0.367205 0.367208 0.367212 0.367209 0.367238 0.367270 0.367288 0.367294 0.367302 0.000000 0.000000
0.000000 0.000000 0.371485 0.371480 0.371474 0.371444 0.371418 0.371381 0.371390 0.371370 0.371373 0.371372 0.371365 0.371378 0.371402 0.371422 0.371445 0.371457 0.371475 0.000000 0.000000
0.000000 0.000000 0.375982 0.375970 0.375956 0.375936 0.375909 0.375864 0.375864 0.375856 0.375867 0.375852 0.375855 0.375860 0.375903 0.375925 0.375940 0.375948 0.375991 0.000000 0.000000
0.000000 0.000000 0.380709 0.380697 0.380690 0.380665 0.380641 0.380539 0.380539 0.380531 0.380508 0.380518 0.380524 0.380534 0.380611 0.380633 0.380670 0.380674 0.380701 0.000000 0.000000
0.000000 0.000000 0.386013 0.386008 0.385989 0.385970 0.385859 0.385846 0.385824 0.385822 0.385822 0.385819 0.385816 0.385813 0.385817 0.385933 0.385958 0.385989 0.386019 0.000000 0.000000
0.000000 0.000000 0.392047 0.392038 0.392011 0.391884 0.391865 0.391800 0.391764 0.391757 0.391736 0.391717 0.391731 0.391727 0.391785 0.391815 0.391987 0.391969 0.391983 0.000000 0.000000
0.000000 0.000000 0.398589 0.398579 0.398401 0.398407 0.398397 0.398359 0.398412 0.398388 0.398415 0.398395 0.398371 0.398414 0.398435 0.398447 0.398379 0.398615 0.398616 0.000000 0.000000
0.000000 0.000000 0.406467 0.406202 0.406180 0.406097 0.405964 0.405919 0.405876 0.405882 0.405816 0.405815 0.405848 0.405824 0.405889 0.405988 0.406163 0.406126 0.406399 0.000000 0.000000
0.000000 0.000000 0.411173 0.411310 0.411557 0.411521 0.411475 0.411236 0.411248 0.411188 0.411259 0.411238 0.411240 0.411260 0.411472 0.411505 0.411596 0.411363 0.411239 0.000000 0.000000
0.000000 0.000000 0.350000 0.350000 0.350000 0.350000 0.350000 0.350000 0.350000 0.350000 0.350000 0.350000 0.350000 0.350000 0.350000 0.350000 0.350000 0.350000 0.350000 0.000000 0.000000
0.000000 0.000000 0.000000 0.000000 0.000000 0.000000 0.000000 0.000000 0.000000 0.000000 0.000000 0.000000 0.000000 0.000000 0.000000 0.000000 0.000000 0.000000 0.000000 0.000000 0.000000