geotop/1.0zi/1.0Montebello/Templates/testdem/maps/_Eocsand6965.asc
ncols         21
nrows         20
xllcorner     100.000000
yllcorner     100.000000
cellsize      50.000000
NODATA_value  -9999.0
0.000000 0.000000 0.000000 0.000000 0.000000 0.000000 0.000000 0.000000 0.000000 0.000000 0.000000 0.000000 0.000000 0.000000 0.000000 0.000000 0.000000 0.000000 0.000000 0.000000 0.000000
0.000000 0.000000 0.300173 0.300171 0.300171 0.300172 0.300171 0.300170 0.300171 0.300171 0.300172 0.300171 0.300171 0.300171 0.300171 0.300171 0.300172 0.300172 0.300172 0.000000 0.000000
0.000000 0.000000 0.300010 0.300010 0.300010 0.300009 0.300010 0.300010 0.300010 0.300010 0.300010 0.300010 0.300009 0.300010 0.300010 0.300010 0.300010 0.300011 0.300012 0.000000 0.000000
0.000000 0.000000 0.299964 0.299962 0.299967 0.299972 0.299970 0.299973 0.299968 0.299972 0.299970 0.299970 0.299970 0.299972 0.299970 0.299965 0.299964 0.299960 0.299961 0.000000 0.000000
0.000000 0.000000 0.298565 0.298561 0.298569 0.298580 0.298599 0.298607 0.298610 0.298609 0.298611 0.298610 0.298614 0.298609 0.298591 0.298586 0.298582 0.298573 0.298561 0.000000 0.000000
0.000000 0.000000 0.294363 0.294362 0.294382 0.294420 0.294446 0.294487 0.294485 0.294497 0.294489 0.294488 0.294485 0.294486 0.294469 0.294442 0.294422 0.294404 0.294391 0.000000 0.000000
0.000000 0.000000 0.288238 0.288244 0.288261 0.288304 0.288357 0.288417 0.288416 0.288425 0.288421 0.288421 0.288425 0.288420 0.288371 0.288323 0.288297 0.288274 0.288257 0.000000 0.000000
0.000000 0.000000 0.280907 0.280909 0.280920 0.280968 0.281019 0.281085 0.281084 0.281092 0.281092 0.281096 0.281100 0.281089 0.281035 0.280989 0.280947 0.280936 0.280912 0.000000 0.000000
0.000000 0.000000 0.273219 0.273231 0.273255 0.273284 0.273337 0.273407 0.273403 0.273419 0.273423 0.273424 0.273423 0.273426 0.273359 0.273302 0.273270 0.273256 0.273235 0.000000 0.000000
0.000000 0.000000 0.265297 0.265312 0.265324 0.265351 0.265426 0.265489 0.265486 0.265495 0.265505 0.265498 0.265489 0.265496 0.265440 0.265375 0.265339 0.265329 0.265313 0.000000 0.000000
0.000000 0.000000 0.256936 0.256945 0.256958 0.257018 0.257067 0.257140 0.257124 0.257163 0.257158 0.257157 0.257171 0.257148 0.257101 0.257060 0.257015 0.256992 0.256956 0.000000 0.000000
0.000000 0.000000 0.247941 0.247964 0.247991 0.248032 0.248084 0.248172 0.248173 0.248189 0.248168 0.248194 0.248190 0.248183 0.248098 0.248054 0.248024 0.248008 0.247924 0.000000 0.000000
0.000000 0.000000 0.238482 0.238506 0.238519 0.238569 0.238615 0.238817 0.238819 0.238834 0.238881 0.238857 0.238844 0.238827 0.238676 0.238631 0.238557 0.238550 0.238497 0.000000 0.000000
0.000000 0.000000 0.227868 0.227878 0.227916 0.227953 0.228174 0.228199 0.228246 0.228248 0.228248 0.228251 0.228256 0.228264 0.228259 0.228026 0.227975 0.227916 0.227855 0.000000 0.000000
0.000000 0.000000 0.215808 0.215826 0.215877 0.216133 0.216168 0.216295 0.216371 0.216385 0.216427 0.216459 0.216431 0.216444 0.216329 0.216269 0.215925 0.215963 0.215936 0.000000 0.000000
0.000000 0.000000 0.202724 0.202743 0.203099 0.203089 0.203105 0.203178 0.203074 0.203121 0.203068 0.203104 0.203152 0.203070 0.203029 0.203006 0.203141 0.202671 0.202669 0.000000 0.000000
0.000000 0.000000 0.186952 0.187482 0.187528 0.187694 0.187957 0.188045 0.188131 0.188118 0.188249 0.188247 0.188182 0.188235 0.188107 0.187908 0.187560 0.187633 0.187087 0.000000 0.000000
0.000000 0.000000 0.177488 0.177219 0.176719 0.176793 0.176884 0.177361 0.177342 0.177461 0.177319 0.177355 0.177351 0.177315 0.176892 0.176825 0.176639 0.177112 0.177356 0.000000 0.000000
0.000000 0.000000 0.300000 0.300000 0.300000 0.300000 0.300000 0.300000 0.300000 0.300000 0.300000 0.300000 0.300000 0.300000 0.300000 0.300000 0.300000 0.300000 0.300000 0.000000 0.000000
0.000000 0.000000 0.000000 0.000000 0.000000 0.000000 0.000000 0.000000 0.000000 0.000000 0.000000 0.000000 0.000000 0.000000 0.000000 0.000000 0.000000 0.000000 0.000000 0.000000 0.000000