geotop/1.0zi/1.0Montebello/Templates/testdem/maps/_Eocsand7584.asc
ncols         21
nrows         20
xllcorner     100.000000
yllcorner     100.000000
cellsize      50.000000
NODATA_value  -9999.0
0.000000 0.000000 0.000000 0.000000 0.000000 0.000000 0.000000 0.000000 0.000000 0.000000 0.000000 0.000000 0.000000 0.000000 0.000000 0.000000 0.000000 0.000000 0.000000 0.000000 0.000000
0.000000 0.000000 0.300191 0.300189 0.300188 0.300189 0.300188 0.300188 0.300188 0.300188 0.300189 0.300188 0.300188 0.300189 0.300188 0.300188 0.300190 0.300189 0.300189 0.000000 0.000000
0.000000 0.000000 0.300010 0.300011 0.300010 0.300009 0.300010 0.300011 0.300010 0.300010 0.300010 0.300011 0.300010 0.300010 0.300010 0.300010 0.300011 0.300011 0.300012 0.000000 0.000000
0.000000 0.000000 0.299894 0.299893 0.299898 0.299905 0.299901 0.299909 0.299904 0.299906 0.299906 0.299906 0.299906 0.299908 0.299903 0.299898 0.299896 0.299893 0.299893 0.000000 0.000000
0.000000 0.000000 0.298091 0.298087 0.298095 0.298112 0.298133 0.298142 0.298148 0.298146 0.298150 0.298149 0.298152 0.298146 0.298123 0.298117 0.298107 0.298095 0.298087 0.000000 0.000000
0.000000 0.000000 0.293123 0.293123 0.293144 0.293186 0.293217 0.293262 0.293261 0.293273 0.293266 0.293265 0.293263 0.293262 0.293240 0.293210 0.293184 0.293161 0.293150 0.000000 0.000000
0.000000 0.000000 0.286109 0.286116 0.286134 0.286182 0.286241 0.286309 0.286310 0.286318 0.286317 0.286317 0.286321 0.286315 0.286255 0.286202 0.286170 0.286142 0.286128 0.000000 0.000000
0.000000 0.000000 0.277752 0.277756 0.277769 0.277823 0.277880 0.277955 0.277955 0.277963 0.277965 0.277970 0.277975 0.277960 0.277896 0.277845 0.277796 0.277780 0.277757 0.000000 0.000000
0.000000 0.000000 0.268900 0.268914 0.268941 0.268975 0.269035 0.269116 0.269112 0.269129 0.269134 0.269137 0.269136 0.269138 0.269058 0.268995 0.268956 0.268936 0.268917 0.000000 0.000000
0.000000 0.000000 0.259649 0.259666 0.259679 0.259712 0.259799 0.259871 0.259870 0.259879 0.259891 0.259885 0.259875 0.259879 0.259812 0.259740 0.259695 0.259679 0.259665 0.000000 0.000000
0.000000 0.000000 0.249732 0.249743 0.249759 0.249830 0.249890 0.249973 0.249955 0.250000 0.249995 0.249996 0.250013 0.249983 0.249923 0.249878 0.249822 0.249791 0.249753 0.000000 0.000000
0.000000 0.000000 0.238875 0.238903 0.238936 0.238983 0.239048 0.239152 0.239156 0.239170 0.239148 0.239182 0.239174 0.239166 0.239060 0.239007 0.238967 0.238945 0.238851 0.000000 0.000000
0.000000 0.000000 0.227290 0.227319 0.227332 0.227395 0.227453 0.227708 0.227711 0.227727 0.227792 0.227760 0.227745 0.227721 0.227525 0.227472 0.227374 0.227362 0.227310 0.000000 0.000000
0.000000 0.000000 0.213977 0.213988 0.214037 0.214083 0.214384 0.214387 0.214450 0.214450 0.214442 0.214454 0.214462 0.214473 0.214481 0.214168 0.214106 0.214022 0.213957 0.000000 0.000000
0.000000 0.000000 0.198531 0.198556 0.198621 0.198986 0.198993 0.199173 0.199266 0.199286 0.199347 0.199392 0.199354 0.199364 0.199189 0.199157 0.198669 0.198729 0.198709 0.000000 0.000000
0.000000 0.000000 0.181600 0.181625 0.182145 0.182063 0.182094 0.182170 0.181995 0.182058 0.181971 0.182015 0.182094 0.181966 0.181928 0.181900 0.182191 0.181467 0.181475 0.000000 0.000000
0.000000 0.000000 0.160641 0.161459 0.161398 0.161675 0.162085 0.162209 0.162389 0.162350 0.162575 0.162562 0.162443 0.162550 0.162345 0.162042 0.161429 0.161712 0.160869 0.000000 0.000000
0.000000 0.000000 0.150544 0.149906 0.149149 0.149199 0.149238 0.149949 0.149876 0.150068 0.149790 0.149852 0.149876 0.149789 0.149173 0.149147 0.149012 0.149660 0.150274 0.000000 0.000000
0.000000 0.000000 0.300000 0.300000 0.300000 0.300000 0.300000 0.300000 0.300000 0.300000 0.300000 0.300000 0.300000 0.300000 0.300000 0.300000 0.300000 0.300000 0.300000 0.000000 0.000000
0.000000 0.000000 0.000000 0.000000 0.000000 0.000000 0.000000 0.000000 0.000000 0.000000 0.000000 0.000000 0.000000 0.000000 0.000000 0.000000 0.000000 0.000000 0.000000 0.000000 0.000000