geotop/1.0zi/1.0Montebello/Templates/testdem/maps/_Eocclay9233.asc
ncols         21
nrows         20
xllcorner     100.000000
yllcorner     100.000000
cellsize      50.000000
NODATA_value  -9999.0
0.000000 0.000000 0.000000 0.000000 0.000000 0.000000 0.000000 0.000000 0.000000 0.000000 0.000000 0.000000 0.000000 0.000000 0.000000 0.000000 0.000000 0.000000 0.000000 0.000000 0.000000
0.000000 0.000000 0.349571 0.349574 0.349574 0.349573 0.349574 0.349575 0.349574 0.349574 0.349573 0.349574 0.349574 0.349574 0.349574 0.349574 0.349572 0.349572 0.349573 0.000000 0.000000
0.000000 0.000000 0.349982 0.349980 0.349980 0.349982 0.349980 0.349980 0.349981 0.349980 0.349980 0.349980 0.349980 0.349980 0.349981 0.349981 0.349982 0.349981 0.349979 0.000000 0.000000
0.000000 0.000000 0.350022 0.350027 0.350025 0.350022 0.350023 0.350024 0.350028 0.350025 0.350028 0.350026 0.350027 0.350025 0.350027 0.350029 0.350027 0.350026 0.350024 0.000000 0.000000
0.000000 0.000000 0.351243 0.351236 0.351229 0.351219 0.351202 0.351202 0.351197 0.351198 0.351197 0.351199 0.351197 0.351200 0.351209 0.351213 0.351223 0.351224 0.351234 0.000000 0.000000
0.000000 0.000000 0.354754 0.354748 0.354725 0.354695 0.354667 0.354641 0.354645 0.354639 0.354641 0.354639 0.354644 0.354643 0.354657 0.354683 0.354697 0.354706 0.354712 0.000000 0.000000
0.000000 0.000000 0.359499 0.359488 0.359474 0.359445 0.359408 0.359354 0.359357 0.359351 0.359350 0.359351 0.359352 0.359353 0.359395 0.359426 0.359444 0.359454 0.359462 0.000000 0.000000
0.000000 0.000000 0.365133 0.365121 0.365107 0.365070 0.365031 0.364983 0.364985 0.364979 0.364977 0.364974 0.364971 0.364982 0.365020 0.365052 0.365082 0.365087 0.365102 0.000000 0.000000
0.000000 0.000000 0.371232 0.371217 0.371197 0.371171 0.371126 0.371072 0.371079 0.371067 0.371062 0.371059 0.371061 0.371060 0.371112 0.371151 0.371174 0.371180 0.371193 0.000000 0.000000
0.000000 0.000000 0.377886 0.377866 0.377851 0.377823 0.377761 0.377712 0.377714 0.377706 0.377697 0.377701 0.377708 0.377706 0.377748 0.377799 0.377826 0.377833 0.377841 0.000000 0.000000
0.000000 0.000000 0.385355 0.385340 0.385326 0.385262 0.385222 0.385156 0.385173 0.385137 0.385142 0.385136 0.385124 0.385147 0.385192 0.385223 0.385261 0.385274 0.385305 0.000000 0.000000
0.000000 0.000000 0.393922 0.393891 0.393852 0.393820 0.393764 0.393684 0.393685 0.393678 0.393692 0.393660 0.393674 0.393673 0.393754 0.393799 0.393820 0.393828 0.393895 0.000000 0.000000
0.000000 0.000000 0.403476 0.403447 0.403437 0.403365 0.403318 0.403090 0.403090 0.403078 0.403006 0.403046 0.403054 0.403076 0.403249 0.403290 0.403371 0.403373 0.403397 0.000000 0.000000
0.000000 0.000000 0.415188 0.415176 0.415111 0.415066 0.414748 0.414826 0.414764 0.414765 0.414798 0.414762 0.414756 0.414730 0.414657 0.414997 0.415020 0.415096 0.415148 0.000000 0.000000
0.000000 0.000000 0.429133 0.429091 0.429019 0.428598 0.428719 0.428482 0.428410 0.428386 0.428299 0.428258 0.428306 0.428307 0.428526 0.428419 0.428970 0.428847 0.428838 0.000000 0.000000
0.000000 0.000000 0.443538 0.443507 0.442933 0.443195 0.443112 0.443117 0.443366 0.443297 0.443425 0.443395 0.443291 0.443432 0.443378 0.443447 0.442858 0.443712 0.443699 0.000000 0.000000
0.000000 0.000000 0.459129 0.458438 0.458693 0.458375 0.458032 0.457924 0.457686 0.457741 0.457502 0.457529 0.457668 0.457523 0.457710 0.457962 0.458650 0.458090 0.458805 0.000000 0.000000
0.000000 0.000000 0.463252 0.463766 0.464222 0.464208 0.464229 0.463778 0.463859 0.463725 0.463941 0.463895 0.463862 0.463935 0.464303 0.464289 0.464281 0.463916 0.463405 0.000000 0.000000
0.000000 0.000000 0.350000 0.350000 0.350000 0.350000 0.350000 0.350000 0.350000 0.350000 0.350000 0.350000 0.350000 0.350000 0.350000 0.350000 0.350000 0.350000 0.350000 0.000000 0.000000
0.000000 0.000000 0.000000 0.000000 0.000000 0.000000 0.000000 0.000000 0.000000 0.000000 0.000000 0.000000 0.000000 0.000000 0.000000 0.000000 0.000000 0.000000 0.000000 0.000000 0.000000