geotop/1.0zi/1.0Montebello/Templates/testdem/maps/_Eocclay2778.asc
ncols         21
nrows         20
xllcorner     100.000000
yllcorner     100.000000
cellsize      50.000000
NODATA_value  -9999.0
0.000000 0.000000 0.000000 0.000000 0.000000 0.000000 0.000000 0.000000 0.000000 0.000000 0.000000 0.000000 0.000000 0.000000 0.000000 0.000000 0.000000 0.000000 0.000000 0.000000 0.000000
0.000000 0.000000 0.349849 0.349849 0.349849 0.349849 0.349849 0.349849 0.349849 0.349849 0.349848 0.349849 0.349849 0.349849 0.349849 0.349849 0.349849 0.349849 0.349849 0.000000 0.000000
0.000000 0.000000 0.349991 0.349990 0.349990 0.349991 0.349990 0.349991 0.349991 0.349990 0.349991 0.349990 0.349991 0.349991 0.349990 0.349991 0.349990 0.349990 0.349991 0.000000 0.000000
0.000000 0.000000 0.350882 0.350882 0.350880 0.350881 0.350882 0.350882 0.350882 0.350882 0.350882 0.350882 0.350882 0.350882 0.350882 0.350881 0.350880 0.350882 0.350882 0.000000 0.000000
0.000000 0.000000 0.354947 0.354946 0.354944 0.354944 0.354948 0.354947 0.354947 0.354948 0.354948 0.354948 0.354947 0.354947 0.354948 0.354944 0.354944 0.354946 0.354947 0.000000 0.000000
0.000000 0.000000 0.359627 0.359626 0.359625 0.359625 0.359627 0.359627 0.359627 0.359628 0.359628 0.359628 0.359627 0.359627 0.359627 0.359625 0.359625 0.359626 0.359627 0.000000 0.000000
0.000000 0.000000 0.364056 0.364055 0.364054 0.364054 0.364056 0.364055 0.364055 0.364056 0.364057 0.364056 0.364055 0.364055 0.364056 0.364054 0.364054 0.364055 0.364056 0.000000 0.000000
0.000000 0.000000 0.368110 0.368109 0.368108 0.368109 0.368110 0.368110 0.368110 0.368110 0.368111 0.368110 0.368110 0.368110 0.368110 0.368109 0.368108 0.368109 0.368110 0.000000 0.000000
0.000000 0.000000 0.371878 0.371878 0.371877 0.371877 0.371879 0.371878 0.371878 0.371879 0.371879 0.371879 0.371878 0.371878 0.371879 0.371877 0.371877 0.371878 0.371878 0.000000 0.000000
0.000000 0.000000 0.375448 0.375448 0.375447 0.375447 0.375448 0.375448 0.375448 0.375449 0.375449 0.375449 0.375448 0.375448 0.375448 0.375447 0.375447 0.375448 0.375448 0.000000 0.000000
0.000000 0.000000 0.378863 0.378863 0.378861 0.378862 0.378863 0.378863 0.378863 0.378863 0.378864 0.378863 0.378863 0.378863 0.378863 0.378862 0.378861 0.378863 0.378863 0.000000 0.000000
0.000000 0.000000 0.382154 0.382154 0.382153 0.382153 0.382154 0.382154 0.382154 0.382155 0.382155 0.382155 0.382154 0.382154 0.382154 0.382153 0.382153 0.382154 0.382154 0.000000 0.000000
0.000000 0.000000 0.385348 0.385347 0.385346 0.385347 0.385348 0.385348 0.385348 0.385348 0.385348 0.385348 0.385348 0.385348 0.385348 0.385347 0.385346 0.385347 0.385348 0.000000 0.000000
0.000000 0.000000 0.388461 0.388460 0.388459 0.388460 0.388461 0.388460 0.388460 0.388461 0.388461 0.388461 0.388460 0.388460 0.388461 0.388460 0.388459 0.388460 0.388461 0.000000 0.000000
0.000000 0.000000 0.391500 0.391500 0.391499 0.391499 0.391501 0.391500 0.391500 0.391501 0.391501 0.391501 0.391500 0.391500 0.391501 0.391499 0.391499 0.391500 0.391500 0.000000 0.000000
0.000000 0.000000 0.394474 0.394473 0.394472 0.394473 0.394474 0.394473 0.394473 0.394474 0.394474 0.394474 0.394473 0.394473 0.394474 0.394473 0.394472 0.394473 0.394474 0.000000 0.000000
0.000000 0.000000 0.397385 0.397384 0.397383 0.397384 0.397385 0.397384 0.397385 0.397385 0.397385 0.397385 0.397385 0.397384 0.397385 0.397384 0.397383 0.397384 0.397385 0.000000 0.000000
0.000000 0.000000 0.400277 0.400277 0.400276 0.400276 0.400278 0.400277 0.400277 0.400278 0.400278 0.400278 0.400277 0.400277 0.400278 0.400276 0.400276 0.400277 0.400277 0.000000 0.000000
0.000000 0.000000 0.350000 0.350000 0.350000 0.350000 0.350000 0.350000 0.350000 0.350000 0.350000 0.350000 0.350000 0.350000 0.350000 0.350000 0.350000 0.350000 0.350000 0.000000 0.000000
0.000000 0.000000 0.000000 0.000000 0.000000 0.000000 0.000000 0.000000 0.000000 0.000000 0.000000 0.000000 0.000000 0.000000 0.000000 0.000000 0.000000 0.000000 0.000000 0.000000 0.000000