geotop/1.0zi/1.0Montebello/Templates/testdem/maps/_Eocsand0794.asc
ncols         21
nrows         20
xllcorner     100.000000
yllcorner     100.000000
cellsize      50.000000
NODATA_value  -9999.0
0.000000 0.000000 0.000000 0.000000 0.000000 0.000000 0.000000 0.000000 0.000000 0.000000 0.000000 0.000000 0.000000 0.000000 0.000000 0.000000 0.000000 0.000000 0.000000 0.000000 0.000000
0.000000 0.000000 0.300029 0.300029 0.300029 0.300029 0.300029 0.300029 0.300029 0.300029 0.300029 0.300029 0.300029 0.300029 0.300029 0.300029 0.300029 0.300029 0.300029 0.000000 0.000000
0.000000 0.000000 0.300005 0.300006 0.300006 0.300005 0.300005 0.300005 0.300005 0.300005 0.300005 0.300005 0.300005 0.300005 0.300005 0.300005 0.300006 0.300006 0.300005 0.000000 0.000000
0.000000 0.000000 0.299351 0.299351 0.299356 0.299354 0.299350 0.299351 0.299351 0.299350 0.299351 0.299350 0.299351 0.299351 0.299350 0.299354 0.299356 0.299351 0.299351 0.000000 0.000000
0.000000 0.000000 0.297051 0.297053 0.297057 0.297058 0.297051 0.297052 0.297052 0.297051 0.297051 0.297051 0.297052 0.297052 0.297051 0.297058 0.297057 0.297053 0.297051 0.000000 0.000000
0.000000 0.000000 0.294430 0.294432 0.294435 0.294436 0.294430 0.294431 0.294431 0.294430 0.294430 0.294430 0.294431 0.294431 0.294430 0.294436 0.294435 0.294432 0.294430 0.000000 0.000000
0.000000 0.000000 0.291959 0.291960 0.291963 0.291963 0.291959 0.291959 0.291959 0.291959 0.291959 0.291959 0.291959 0.291959 0.291959 0.291963 0.291963 0.291960 0.291959 0.000000 0.000000
0.000000 0.000000 0.289662 0.289663 0.289665 0.289665 0.289662 0.289662 0.289662 0.289661 0.289662 0.289661 0.289662 0.289662 0.289662 0.289665 0.289665 0.289663 0.289662 0.000000 0.000000
0.000000 0.000000 0.287493 0.287494 0.287496 0.287496 0.287493 0.287493 0.287493 0.287493 0.287493 0.287493 0.287493 0.287493 0.287493 0.287496 0.287496 0.287494 0.287493 0.000000 0.000000
0.000000 0.000000 0.285405 0.285406 0.285408 0.285408 0.285405 0.285405 0.285405 0.285405 0.285405 0.285405 0.285405 0.285405 0.285405 0.285408 0.285408 0.285406 0.285405 0.000000 0.000000
0.000000 0.000000 0.283378 0.283379 0.283382 0.283381 0.283378 0.283378 0.283378 0.283378 0.283378 0.283378 0.283378 0.283378 0.283378 0.283381 0.283382 0.283379 0.283378 0.000000 0.000000
0.000000 0.000000 0.281392 0.281393 0.281396 0.281395 0.281392 0.281392 0.281392 0.281392 0.281392 0.281392 0.281392 0.281392 0.281392 0.281395 0.281396 0.281393 0.281392 0.000000 0.000000
0.000000 0.000000 0.279440 0.279441 0.279444 0.279443 0.279440 0.279440 0.279440 0.279440 0.279440 0.279440 0.279440 0.279440 0.279440 0.279443 0.279444 0.279441 0.279440 0.000000 0.000000
0.000000 0.000000 0.277516 0.277517 0.277520 0.277519 0.277516 0.277516 0.277517 0.277516 0.277516 0.277516 0.277517 0.277516 0.277516 0.277519 0.277520 0.277517 0.277516 0.000000 0.000000
0.000000 0.000000 0.275610 0.275611 0.275614 0.275613 0.275610 0.275610 0.275610 0.275610 0.275610 0.275610 0.275610 0.275610 0.275610 0.275613 0.275614 0.275611 0.275610 0.000000 0.000000
0.000000 0.000000 0.273716 0.273717 0.273719 0.273719 0.273716 0.273716 0.273716 0.273716 0.273716 0.273716 0.273716 0.273716 0.273716 0.273719 0.273719 0.273717 0.273716 0.000000 0.000000
0.000000 0.000000 0.271838 0.271839 0.271841 0.271841 0.271838 0.271838 0.271838 0.271838 0.271838 0.271838 0.271838 0.271838 0.271838 0.271841 0.271841 0.271839 0.271838 0.000000 0.000000
0.000000 0.000000 0.269938 0.269939 0.269941 0.269941 0.269938 0.269938 0.269938 0.269938 0.269938 0.269938 0.269938 0.269938 0.269938 0.269941 0.269941 0.269939 0.269938 0.000000 0.000000
0.000000 0.000000 0.300000 0.300000 0.300000 0.300000 0.300000 0.300000 0.300000 0.300000 0.300000 0.300000 0.300000 0.300000 0.300000 0.300000 0.300000 0.300000 0.300000 0.000000 0.000000
0.000000 0.000000 0.000000 0.000000 0.000000 0.000000 0.000000 0.000000 0.000000 0.000000 0.000000 0.000000 0.000000 0.000000 0.000000 0.000000 0.000000 0.000000 0.000000 0.000000 0.000000