geotop/1.0zi/1.0Montebello/Templates/testdem/maps/_Eocsand3484.asc
ncols         21
nrows         20
xllcorner     100.000000
yllcorner     100.000000
cellsize      50.000000
NODATA_value  -9999.0
0.000000 0.000000 0.000000 0.000000 0.000000 0.000000 0.000000 0.000000 0.000000 0.000000 0.000000 0.000000 0.000000 0.000000 0.000000 0.000000 0.000000 0.000000 0.000000 0.000000 0.000000
0.000000 0.000000 0.300092 0.300092 0.300092 0.300092 0.300092 0.300092 0.300092 0.300092 0.300094 0.300092 0.300092 0.300092 0.300092 0.300092 0.300092 0.300092 0.300092 0.000000 0.000000
0.000000 0.000000 0.300010 0.300011 0.300011 0.300010 0.300011 0.300010 0.300010 0.300011 0.300009 0.300011 0.300010 0.300010 0.300011 0.300010 0.300011 0.300011 0.300010 0.000000 0.000000
0.000000 0.000000 0.297322 0.297323 0.297328 0.297326 0.297323 0.297323 0.297323 0.297322 0.297322 0.297322 0.297323 0.297323 0.297323 0.297326 0.297328 0.297323 0.297322 0.000000 0.000000
0.000000 0.000000 0.287043 0.287045 0.287049 0.287048 0.287042 0.287045 0.287045 0.287043 0.287042 0.287043 0.287045 0.287045 0.287042 0.287048 0.287049 0.287045 0.287043 0.000000 0.000000
0.000000 0.000000 0.275067 0.275068 0.275071 0.275071 0.275066 0.275068 0.275068 0.275066 0.275065 0.275066 0.275068 0.275068 0.275066 0.275071 0.275071 0.275068 0.275067 0.000000 0.000000
0.000000 0.000000 0.264039 0.264039 0.264042 0.264042 0.264038 0.264040 0.264040 0.264038 0.264037 0.264038 0.264040 0.264040 0.264038 0.264042 0.264042 0.264039 0.264039 0.000000 0.000000
0.000000 0.000000 0.254046 0.254047 0.254050 0.254049 0.254045 0.254047 0.254047 0.254046 0.254045 0.254046 0.254047 0.254047 0.254045 0.254049 0.254050 0.254047 0.254046 0.000000 0.000000
0.000000 0.000000 0.244829 0.244830 0.244833 0.244832 0.244829 0.244830 0.244830 0.244829 0.244828 0.244829 0.244830 0.244830 0.244829 0.244832 0.244833 0.244830 0.244829 0.000000 0.000000
0.000000 0.000000 0.236172 0.236172 0.236175 0.236174 0.236171 0.236172 0.236172 0.236171 0.236170 0.236171 0.236172 0.236172 0.236171 0.236174 0.236175 0.236172 0.236172 0.000000 0.000000
0.000000 0.000000 0.227960 0.227960 0.227963 0.227962 0.227959 0.227961 0.227961 0.227960 0.227959 0.227960 0.227961 0.227961 0.227959 0.227962 0.227963 0.227960 0.227960 0.000000 0.000000
0.000000 0.000000 0.220115 0.220115 0.220117 0.220117 0.220114 0.220115 0.220115 0.220114 0.220113 0.220114 0.220115 0.220115 0.220114 0.220117 0.220117 0.220115 0.220115 0.000000 0.000000
0.000000 0.000000 0.212576 0.212576 0.212579 0.212578 0.212575 0.212576 0.212576 0.212575 0.212575 0.212575 0.212576 0.212576 0.212575 0.212578 0.212579 0.212576 0.212576 0.000000 0.000000
0.000000 0.000000 0.205287 0.205287 0.205290 0.205289 0.205286 0.205288 0.205288 0.205287 0.205286 0.205287 0.205288 0.205288 0.205286 0.205289 0.205290 0.205287 0.205287 0.000000 0.000000
0.000000 0.000000 0.198228 0.198228 0.198230 0.198229 0.198227 0.198228 0.198228 0.198227 0.198226 0.198227 0.198228 0.198228 0.198227 0.198229 0.198230 0.198228 0.198228 0.000000 0.000000
0.000000 0.000000 0.191390 0.191390 0.191392 0.191392 0.191389 0.191390 0.191390 0.191389 0.191389 0.191389 0.191390 0.191390 0.191389 0.191392 0.191392 0.191390 0.191390 0.000000 0.000000
0.000000 0.000000 0.184740 0.184740 0.184742 0.184742 0.184739 0.184740 0.184740 0.184739 0.184739 0.184739 0.184740 0.184740 0.184739 0.184742 0.184742 0.184740 0.184740 0.000000 0.000000
0.000000 0.000000 0.178168 0.178168 0.178170 0.178169 0.178167 0.178168 0.178168 0.178167 0.178166 0.178167 0.178168 0.178168 0.178167 0.178169 0.178170 0.178168 0.178168 0.000000 0.000000
0.000000 0.000000 0.300000 0.300000 0.300000 0.300000 0.300000 0.300000 0.300000 0.300000 0.300000 0.300000 0.300000 0.300000 0.300000 0.300000 0.300000 0.300000 0.300000 0.000000 0.000000
0.000000 0.000000 0.000000 0.000000 0.000000 0.000000 0.000000 0.000000 0.000000 0.000000 0.000000 0.000000 0.000000 0.000000 0.000000 0.000000 0.000000 0.000000 0.000000 0.000000 0.000000