geotop/1.0zi/1.0Montebello/Templates/testdem/maps/_Eocsand5220.asc
ncols         21
nrows         20
xllcorner     100.000000
yllcorner     100.000000
cellsize      50.000000
NODATA_value  -9999.0
0.000000 0.000000 0.000000 0.000000 0.000000 0.000000 0.000000 0.000000 0.000000 0.000000 0.000000 0.000000 0.000000 0.000000 0.000000 0.000000 0.000000 0.000000 0.000000 0.000000 0.000000
0.000000 0.000000 0.300128 0.300127 0.300127 0.300127 0.300127 0.300126 0.300127 0.300127 0.300127 0.300127 0.300127 0.300127 0.300127 0.300127 0.300127 0.300127 0.300128 0.000000 0.000000
0.000000 0.000000 0.300008 0.300007 0.300007 0.300007 0.300007 0.300007 0.300006 0.300006 0.300007 0.300007 0.300006 0.300006 0.300006 0.300007 0.300008 0.300009 0.300008 0.000000 0.000000
0.000000 0.000000 0.299974 0.299972 0.299975 0.299979 0.299976 0.299978 0.299976 0.299977 0.299976 0.299978 0.299978 0.299980 0.299976 0.299971 0.299973 0.299970 0.299972 0.000000 0.000000
0.000000 0.000000 0.299167 0.299164 0.299165 0.299174 0.299187 0.299194 0.299194 0.299193 0.299198 0.299194 0.299199 0.299198 0.299188 0.299189 0.299184 0.299173 0.299168 0.000000 0.000000
0.000000 0.000000 0.296411 0.296406 0.296413 0.296443 0.296457 0.296488 0.296492 0.296499 0.296490 0.296488 0.296483 0.296486 0.296479 0.296463 0.296449 0.296435 0.296427 0.000000 0.000000
0.000000 0.000000 0.292291 0.292294 0.292299 0.292331 0.292368 0.292412 0.292411 0.292417 0.292412 0.292410 0.292412 0.292410 0.292379 0.292345 0.292328 0.292311 0.292299 0.000000 0.000000
0.000000 0.000000 0.287326 0.287326 0.287326 0.287361 0.287397 0.287444 0.287443 0.287448 0.287447 0.287447 0.287450 0.287443 0.287408 0.287376 0.287347 0.287340 0.287323 0.000000 0.000000
0.000000 0.000000 0.282216 0.282223 0.282234 0.282255 0.282290 0.282342 0.282339 0.282348 0.282352 0.282348 0.282348 0.282352 0.282306 0.282270 0.282245 0.282237 0.282222 0.000000 0.000000
0.000000 0.000000 0.277102 0.277111 0.277114 0.277128 0.277179 0.277224 0.277220 0.277226 0.277233 0.277224 0.277218 0.277224 0.277188 0.277147 0.277121 0.277117 0.277107 0.000000 0.000000
0.000000 0.000000 0.271862 0.271867 0.271867 0.271904 0.271938 0.271987 0.271976 0.272000 0.271999 0.271996 0.272001 0.271988 0.271961 0.271935 0.271907 0.271891 0.271870 0.000000 0.000000
0.000000 0.000000 0.266404 0.266416 0.266428 0.266455 0.266484 0.266543 0.266539 0.266554 0.266538 0.266552 0.266550 0.266545 0.266493 0.266471 0.266451 0.266443 0.266385 0.000000 0.000000
0.000000 0.000000 0.260847 0.260859 0.260861 0.260891 0.260916 0.261032 0.261031 0.261042 0.261066 0.261052 0.261042 0.261032 0.260950 0.260930 0.260886 0.260883 0.260840 0.000000 0.000000
0.000000 0.000000 0.254880 0.254888 0.254901 0.254919 0.255026 0.255057 0.255083 0.255085 0.255095 0.255089 0.255087 0.255090 0.255077 0.254972 0.254933 0.254905 0.254862 0.000000 0.000000
0.000000 0.000000 0.248377 0.248383 0.248409 0.248518 0.248554 0.248617 0.248664 0.248670 0.248692 0.248702 0.248688 0.248698 0.248653 0.248598 0.248436 0.248447 0.248421 0.000000 0.000000
0.000000 0.000000 0.241557 0.241568 0.241703 0.241735 0.241745 0.241786 0.241764 0.241781 0.241772 0.241788 0.241802 0.241774 0.241750 0.241733 0.241730 0.241555 0.241548 0.000000 0.000000
0.000000 0.000000 0.233879 0.234061 0.234140 0.234196 0.234280 0.234325 0.234336 0.234341 0.234379 0.234387 0.234372 0.234374 0.234326 0.234261 0.234157 0.234094 0.233913 0.000000 0.000000
0.000000 0.000000 0.228056 0.228072 0.227917 0.227968 0.228034 0.228205 0.228211 0.228249 0.228231 0.228240 0.228227 0.228222 0.228064 0.228021 0.227891 0.228055 0.228027 0.000000 0.000000
0.000000 0.000000 0.300000 0.300000 0.300000 0.300000 0.300000 0.300000 0.300000 0.300000 0.300000 0.300000 0.300000 0.300000 0.300000 0.300000 0.300000 0.300000 0.300000 0.000000 0.000000
0.000000 0.000000 0.000000 0.000000 0.000000 0.000000 0.000000 0.000000 0.000000 0.000000 0.000000 0.000000 0.000000 0.000000 0.000000 0.000000 0.000000 0.000000 0.000000 0.000000 0.000000