geotop/1.0zi/1.0Montebello/Templates/testdem/maps/_Eocclay8166.asc
ncols         21
nrows         20
xllcorner     100.000000
yllcorner     100.000000
cellsize      50.000000
NODATA_value  -9999.0
0.000000 0.000000 0.000000 0.000000 0.000000 0.000000 0.000000 0.000000 0.000000 0.000000 0.000000 0.000000 0.000000 0.000000 0.000000 0.000000 0.000000 0.000000 0.000000 0.000000 0.000000
0.000000 0.000000 0.349622 0.349624 0.349624 0.349623 0.349625 0.349625 0.349624 0.349625 0.349623 0.349625 0.349625 0.349624 0.349625 0.349624 0.349622 0.349623 0.349623 0.000000 0.000000
0.000000 0.000000 0.349984 0.349983 0.349983 0.349985 0.349983 0.349983 0.349983 0.349983 0.349982 0.349982 0.349983 0.349982 0.349983 0.349984 0.349984 0.349984 0.349982 0.000000 0.000000
0.000000 0.000000 0.350004 0.350009 0.350006 0.350004 0.350007 0.350004 0.350006 0.350003 0.350007 0.350004 0.350004 0.350003 0.350005 0.350006 0.350005 0.350009 0.350006 0.000000 0.000000
0.000000 0.000000 0.351016 0.351013 0.351009 0.351004 0.350989 0.350986 0.350984 0.350986 0.350983 0.350983 0.350979 0.350983 0.350993 0.350995 0.351004 0.351007 0.351015 0.000000 0.000000
0.000000 0.000000 0.353942 0.353940 0.353928 0.353899 0.353884 0.353858 0.353859 0.353852 0.353856 0.353855 0.353858 0.353859 0.353870 0.353891 0.353907 0.353921 0.353927 0.000000 0.000000
0.000000 0.000000 0.357924 0.357920 0.357911 0.357887 0.357855 0.357816 0.357814 0.357808 0.357810 0.357810 0.357810 0.357811 0.357845 0.357876 0.357893 0.357906 0.357914 0.000000 0.000000
0.000000 0.000000 0.362646 0.362644 0.362635 0.362605 0.362574 0.362531 0.362530 0.362526 0.362525 0.362522 0.362520 0.362528 0.362565 0.362592 0.362618 0.362628 0.362640 0.000000 0.000000
0.000000 0.000000 0.367662 0.367655 0.367640 0.367621 0.367587 0.367544 0.367546 0.367536 0.367534 0.367531 0.367532 0.367531 0.367574 0.367609 0.367630 0.367640 0.367651 0.000000 0.000000
0.000000 0.000000 0.372989 0.372979 0.372971 0.372952 0.372903 0.372863 0.372863 0.372858 0.372851 0.372854 0.372861 0.372858 0.372895 0.372936 0.372961 0.372970 0.372978 0.000000 0.000000
0.000000 0.000000 0.378807 0.378801 0.378791 0.378750 0.378716 0.378667 0.378677 0.378651 0.378655 0.378653 0.378644 0.378662 0.378695 0.378721 0.378753 0.378771 0.378793 0.000000 0.000000
0.000000 0.000000 0.385274 0.385257 0.385236 0.385209 0.385171 0.385111 0.385106 0.385100 0.385113 0.385092 0.385098 0.385101 0.385163 0.385195 0.385217 0.385230 0.385284 0.000000 0.000000
0.000000 0.000000 0.392285 0.392269 0.392261 0.392222 0.392187 0.392030 0.392027 0.392018 0.391976 0.391998 0.392007 0.392022 0.392142 0.392174 0.392234 0.392241 0.392268 0.000000 0.000000
0.000000 0.000000 0.400531 0.400527 0.400493 0.400466 0.400267 0.400282 0.400241 0.400241 0.400254 0.400242 0.400236 0.400227 0.400209 0.400415 0.400448 0.400503 0.400542 0.000000 0.000000
0.000000 0.000000 0.410283 0.410266 0.410225 0.409972 0.409994 0.409868 0.409810 0.409796 0.409753 0.409724 0.409751 0.409746 0.409869 0.409862 0.410196 0.410146 0.410153 0.000000 0.000000
0.000000 0.000000 0.421011 0.420995 0.420626 0.420727 0.420699 0.420665 0.420803 0.420760 0.420832 0.420805 0.420745 0.420837 0.420844 0.420865 0.420595 0.421127 0.421120 0.000000 0.000000
0.000000 0.000000 0.434397 0.433814 0.433935 0.433718 0.433425 0.433340 0.433180 0.433218 0.433044 0.433059 0.433158 0.433061 0.433208 0.433424 0.433916 0.433598 0.434207 0.000000 0.000000
0.000000 0.000000 0.439218 0.439774 0.440275 0.440281 0.440310 0.439830 0.439911 0.439770 0.440000 0.439954 0.439918 0.439997 0.440396 0.440374 0.440369 0.439979 0.439436 0.000000 0.000000
0.000000 0.000000 0.350000 0.350000 0.350000 0.350000 0.350000 0.350000 0.350000 0.350000 0.350000 0.350000 0.350000 0.350000 0.350000 0.350000 0.350000 0.350000 0.350000 0.000000 0.000000
0.000000 0.000000 0.000000 0.000000 0.000000 0.000000 0.000000 0.000000 0.000000 0.000000 0.000000 0.000000 0.000000 0.000000 0.000000 0.000000 0.000000 0.000000 0.000000 0.000000 0.000000