geotop/1.0zi/1.0Montebello/Templates/testdem/maps/_Eocclay0276.asc
ncols         21
nrows         20
xllcorner     100.000000
yllcorner     100.000000
cellsize      50.000000
NODATA_value  -9999.0
0.000000 0.000000 0.000000 0.000000 0.000000 0.000000 0.000000 0.000000 0.000000 0.000000 0.000000 0.000000 0.000000 0.000000 0.000000 0.000000 0.000000 0.000000 0.000000 0.000000 0.000000
0.000000 0.000000 0.349980 0.349980 0.349980 0.349980 0.349980 0.349980 0.349980 0.349980 0.349980 0.349980 0.349980 0.349980 0.349980 0.349980 0.349980 0.349980 0.349980 0.000000 0.000000
0.000000 0.000000 0.349999 0.349998 0.349998 0.349998 0.349999 0.349999 0.349999 0.349999 0.349999 0.349999 0.349999 0.349999 0.349999 0.349998 0.349998 0.349998 0.349999 0.000000 0.000000
0.000000 0.000000 0.350256 0.350256 0.350254 0.350256 0.350256 0.350256 0.350256 0.350256 0.350256 0.350256 0.350256 0.350256 0.350256 0.350256 0.350254 0.350256 0.350256 0.000000 0.000000
0.000000 0.000000 0.350877 0.350877 0.350875 0.350877 0.350877 0.350877 0.350877 0.350877 0.350877 0.350877 0.350877 0.350877 0.350877 0.350877 0.350875 0.350877 0.350877 0.000000 0.000000
0.000000 0.000000 0.351440 0.351440 0.351438 0.351440 0.351440 0.351440 0.351440 0.351440 0.351440 0.351440 0.351440 0.351440 0.351440 0.351440 0.351438 0.351440 0.351440 0.000000 0.000000
0.000000 0.000000 0.351946 0.351946 0.351944 0.351946 0.351946 0.351946 0.351946 0.351946 0.351946 0.351946 0.351946 0.351946 0.351946 0.351946 0.351944 0.351946 0.351946 0.000000 0.000000
0.000000 0.000000 0.352408 0.352408 0.352407 0.352408 0.352408 0.352408 0.352408 0.352408 0.352408 0.352408 0.352408 0.352408 0.352408 0.352408 0.352407 0.352408 0.352408 0.000000 0.000000
0.000000 0.000000 0.352841 0.352841 0.352839 0.352841 0.352841 0.352841 0.352841 0.352841 0.352841 0.352841 0.352841 0.352841 0.352841 0.352841 0.352839 0.352841 0.352841 0.000000 0.000000
0.000000 0.000000 0.353256 0.353256 0.353255 0.353256 0.353256 0.353256 0.353256 0.353256 0.353256 0.353256 0.353256 0.353256 0.353256 0.353256 0.353255 0.353256 0.353256 0.000000 0.000000
0.000000 0.000000 0.353657 0.353657 0.353656 0.353657 0.353657 0.353657 0.353657 0.353657 0.353657 0.353657 0.353657 0.353657 0.353657 0.353657 0.353656 0.353657 0.353657 0.000000 0.000000
0.000000 0.000000 0.354048 0.354048 0.354047 0.354048 0.354048 0.354048 0.354048 0.354048 0.354048 0.354048 0.354048 0.354048 0.354048 0.354048 0.354047 0.354048 0.354048 0.000000 0.000000
0.000000 0.000000 0.354431 0.354431 0.354430 0.354431 0.354431 0.354431 0.354431 0.354431 0.354431 0.354431 0.354431 0.354431 0.354431 0.354431 0.354430 0.354431 0.354431 0.000000 0.000000
0.000000 0.000000 0.354806 0.354806 0.354804 0.354806 0.354806 0.354806 0.354806 0.354806 0.354806 0.354806 0.354806 0.354806 0.354806 0.354806 0.354804 0.354806 0.354806 0.000000 0.000000
0.000000 0.000000 0.355175 0.355175 0.355174 0.355175 0.355175 0.355175 0.355175 0.355175 0.355175 0.355175 0.355175 0.355175 0.355175 0.355175 0.355174 0.355175 0.355175 0.000000 0.000000
0.000000 0.000000 0.355542 0.355542 0.355540 0.355541 0.355542 0.355542 0.355542 0.355542 0.355542 0.355542 0.355542 0.355542 0.355542 0.355541 0.355540 0.355542 0.355542 0.000000 0.000000
0.000000 0.000000 0.355902 0.355902 0.355901 0.355902 0.355902 0.355902 0.355902 0.355902 0.355902 0.355902 0.355902 0.355902 0.355902 0.355902 0.355901 0.355902 0.355902 0.000000 0.000000
0.000000 0.000000 0.356282 0.356282 0.356281 0.356282 0.356282 0.356283 0.356283 0.356283 0.356283 0.356283 0.356283 0.356283 0.356282 0.356282 0.356281 0.356282 0.356283 0.000000 0.000000
0.000000 0.000000 0.350000 0.350000 0.350000 0.350000 0.350000 0.350000 0.350000 0.350000 0.350000 0.350000 0.350000 0.350000 0.350000 0.350000 0.350000 0.350000 0.350000 0.000000 0.000000
0.000000 0.000000 0.000000 0.000000 0.000000 0.000000 0.000000 0.000000 0.000000 0.000000 0.000000 0.000000 0.000000 0.000000 0.000000 0.000000 0.000000 0.000000 0.000000 0.000000 0.000000