geotop/1.0zi/1.0Montebello/Templates/testdem/maps/_Eocclay9494.asc
ncols         21
nrows         20
xllcorner     100.000000
yllcorner     100.000000
cellsize      50.000000
NODATA_value  -9999.0
0.000000 0.000000 0.000000 0.000000 0.000000 0.000000 0.000000 0.000000 0.000000 0.000000 0.000000 0.000000 0.000000 0.000000 0.000000 0.000000 0.000000 0.000000 0.000000 0.000000 0.000000
0.000000 0.000000 0.349558 0.349561 0.349561 0.349560 0.349561 0.349562 0.349561 0.349561 0.349560 0.349561 0.349561 0.349561 0.349561 0.349561 0.349559 0.349560 0.349560 0.000000 0.000000
0.000000 0.000000 0.349981 0.349979 0.349979 0.349982 0.349979 0.349979 0.349980 0.349979 0.349979 0.349979 0.349980 0.349979 0.349980 0.349981 0.349981 0.349981 0.349979 0.000000 0.000000
0.000000 0.000000 0.350041 0.350045 0.350044 0.350041 0.350042 0.350042 0.350046 0.350043 0.350046 0.350044 0.350045 0.350043 0.350046 0.350048 0.350046 0.350046 0.350045 0.000000 0.000000
0.000000 0.000000 0.351417 0.351411 0.351403 0.351393 0.351374 0.351372 0.351370 0.351371 0.351370 0.351374 0.351374 0.351376 0.351385 0.351390 0.351401 0.351404 0.351413 0.000000 0.000000
0.000000 0.000000 0.355174 0.355169 0.355145 0.355113 0.355084 0.355055 0.355060 0.355054 0.355056 0.355056 0.355062 0.355061 0.355075 0.355104 0.355119 0.355132 0.355138 0.000000 0.000000
0.000000 0.000000 0.360209 0.360200 0.360185 0.360154 0.360115 0.360057 0.360061 0.360056 0.360055 0.360057 0.360059 0.360060 0.360103 0.360137 0.360156 0.360169 0.360178 0.000000 0.000000
0.000000 0.000000 0.366193 0.366183 0.366168 0.366129 0.366087 0.366036 0.366039 0.366033 0.366031 0.366029 0.366027 0.366038 0.366078 0.366113 0.366145 0.366153 0.366168 0.000000 0.000000
0.000000 0.000000 0.372719 0.372704 0.372683 0.372655 0.372607 0.372549 0.372557 0.372546 0.372540 0.372539 0.372541 0.372540 0.372596 0.372638 0.372662 0.372672 0.372686 0.000000 0.000000
0.000000 0.000000 0.379902 0.379882 0.379866 0.379835 0.379769 0.379714 0.379718 0.379711 0.379701 0.379707 0.379716 0.379714 0.379758 0.379814 0.379844 0.379855 0.379863 0.000000 0.000000
0.000000 0.000000 0.388048 0.388035 0.388019 0.387948 0.387905 0.387832 0.387852 0.387813 0.387820 0.387815 0.387803 0.387828 0.387877 0.387910 0.387953 0.387971 0.388005 0.000000 0.000000
0.000000 0.000000 0.397498 0.397466 0.397422 0.397389 0.397326 0.397236 0.397238 0.397234 0.397250 0.397216 0.397234 0.397232 0.397321 0.397373 0.397396 0.397410 0.397482 0.000000 0.000000
0.000000 0.000000 0.408129 0.408100 0.408091 0.408009 0.407957 0.407694 0.407697 0.407684 0.407600 0.407652 0.407662 0.407688 0.407883 0.407930 0.408024 0.408032 0.408054 0.000000 0.000000
0.000000 0.000000 0.421291 0.421283 0.421206 0.421160 0.420786 0.420897 0.420827 0.420830 0.420879 0.420834 0.420828 0.420796 0.420693 0.421095 0.421115 0.421211 0.421269 0.000000 0.000000
0.000000 0.000000 0.436697 0.436652 0.436577 0.436091 0.436266 0.435974 0.435902 0.435875 0.435772 0.435733 0.435791 0.435795 0.436063 0.435901 0.436540 0.436396 0.436379 0.000000 0.000000
0.000000 0.000000 0.451562 0.451535 0.450935 0.451246 0.451141 0.451164 0.451434 0.451365 0.451510 0.451486 0.451374 0.451521 0.451446 0.451534 0.450867 0.451785 0.451772 0.000000 0.000000
0.000000 0.000000 0.465937 0.465351 0.465567 0.465292 0.464996 0.464898 0.464693 0.464742 0.464536 0.464562 0.464683 0.464557 0.464723 0.464943 0.465536 0.465062 0.465673 0.000000 0.000000
0.000000 0.000000 0.470380 0.470682 0.471054 0.471004 0.470978 0.470623 0.470660 0.470566 0.470703 0.470673 0.470664 0.470704 0.471002 0.471024 0.471097 0.470763 0.470466 0.000000 0.000000
0.000000 0.000000 0.350000 0.350000 0.350000 0.350000 0.350000 0.350000 0.350000 0.350000 0.350000 0.350000 0.350000 0.350000 0.350000 0.350000 0.350000 0.350000 0.350000 0.000000 0.000000
0.000000 0.000000 0.000000 0.000000 0.000000 0.000000 0.000000 0.000000 0.000000 0.000000 0.000000 0.000000 0.000000 0.000000 0.000000 0.000000 0.000000 0.000000 0.000000 0.000000 0.000000