geotop/1.0zi/1.0Montebello/Templates/testdem/maps/_Eocsand3295.asc
ncols         21
nrows         20
xllcorner     100.000000
yllcorner     100.000000
cellsize      50.000000
NODATA_value  -9999.0
0.000000 0.000000 0.000000 0.000000 0.000000 0.000000 0.000000 0.000000 0.000000 0.000000 0.000000 0.000000 0.000000 0.000000 0.000000 0.000000 0.000000 0.000000 0.000000 0.000000 0.000000
0.000000 0.000000 0.300090 0.300090 0.300090 0.300090 0.300090 0.300090 0.300090 0.300090 0.300091 0.300090 0.300090 0.300090 0.300090 0.300090 0.300090 0.300090 0.300090 0.000000 0.000000
0.000000 0.000000 0.300011 0.300011 0.300011 0.300011 0.300011 0.300011 0.300011 0.300011 0.300009 0.300011 0.300011 0.300011 0.300011 0.300011 0.300011 0.300011 0.300011 0.000000 0.000000
0.000000 0.000000 0.297432 0.297433 0.297437 0.297435 0.297432 0.297432 0.297433 0.297432 0.297431 0.297432 0.297433 0.297432 0.297432 0.297435 0.297437 0.297433 0.297432 0.000000 0.000000
0.000000 0.000000 0.287706 0.287707 0.287711 0.287710 0.287704 0.287706 0.287706 0.287704 0.287703 0.287704 0.287706 0.287706 0.287704 0.287710 0.287711 0.287707 0.287706 0.000000 0.000000
0.000000 0.000000 0.276377 0.276379 0.276382 0.276381 0.276376 0.276378 0.276378 0.276376 0.276375 0.276376 0.276378 0.276378 0.276376 0.276381 0.276382 0.276379 0.276377 0.000000 0.000000
0.000000 0.000000 0.265942 0.265943 0.265945 0.265945 0.265941 0.265942 0.265942 0.265941 0.265940 0.265941 0.265942 0.265942 0.265941 0.265945 0.265945 0.265943 0.265942 0.000000 0.000000
0.000000 0.000000 0.256474 0.256475 0.256477 0.256477 0.256473 0.256474 0.256474 0.256473 0.256472 0.256473 0.256474 0.256474 0.256473 0.256477 0.256477 0.256475 0.256474 0.000000 0.000000
0.000000 0.000000 0.247724 0.247725 0.247727 0.247727 0.247723 0.247725 0.247725 0.247724 0.247722 0.247724 0.247725 0.247725 0.247723 0.247727 0.247727 0.247725 0.247724 0.000000 0.000000
0.000000 0.000000 0.239486 0.239487 0.239489 0.239489 0.239486 0.239487 0.239487 0.239486 0.239485 0.239486 0.239487 0.239487 0.239486 0.239489 0.239489 0.239487 0.239486 0.000000 0.000000
0.000000 0.000000 0.231658 0.231659 0.231661 0.231660 0.231657 0.231659 0.231659 0.231657 0.231657 0.231657 0.231659 0.231659 0.231657 0.231660 0.231661 0.231659 0.231658 0.000000 0.000000
0.000000 0.000000 0.224165 0.224165 0.224167 0.224167 0.224164 0.224165 0.224165 0.224164 0.224163 0.224164 0.224165 0.224165 0.224164 0.224167 0.224167 0.224165 0.224165 0.000000 0.000000
0.000000 0.000000 0.216954 0.216954 0.216957 0.216956 0.216953 0.216954 0.216954 0.216953 0.216952 0.216953 0.216954 0.216954 0.216953 0.216956 0.216957 0.216954 0.216954 0.000000 0.000000
0.000000 0.000000 0.209966 0.209966 0.209969 0.209968 0.209965 0.209966 0.209966 0.209965 0.209964 0.209965 0.209966 0.209966 0.209965 0.209968 0.209969 0.209966 0.209966 0.000000 0.000000
0.000000 0.000000 0.203183 0.203184 0.203186 0.203185 0.203183 0.203184 0.203184 0.203183 0.203182 0.203183 0.203184 0.203184 0.203183 0.203185 0.203186 0.203184 0.203183 0.000000 0.000000
0.000000 0.000000 0.196593 0.196594 0.196596 0.196595 0.196592 0.196593 0.196593 0.196592 0.196592 0.196592 0.196593 0.196593 0.196592 0.196595 0.196596 0.196594 0.196593 0.000000 0.000000
0.000000 0.000000 0.190176 0.190176 0.190178 0.190177 0.190175 0.190176 0.190176 0.190175 0.190174 0.190175 0.190176 0.190176 0.190175 0.190177 0.190178 0.190176 0.190176 0.000000 0.000000
0.000000 0.000000 0.183813 0.183813 0.183815 0.183814 0.183812 0.183813 0.183812 0.183812 0.183811 0.183812 0.183812 0.183813 0.183812 0.183814 0.183815 0.183813 0.183812 0.000000 0.000000
0.000000 0.000000 0.300000 0.300000 0.300000 0.300000 0.300000 0.300000 0.300000 0.300000 0.300000 0.300000 0.300000 0.300000 0.300000 0.300000 0.300000 0.300000 0.300000 0.000000 0.000000
0.000000 0.000000 0.000000 0.000000 0.000000 0.000000 0.000000 0.000000 0.000000 0.000000 0.000000 0.000000 0.000000 0.000000 0.000000 0.000000 0.000000 0.000000 0.000000 0.000000 0.000000