geotop/1.0zi/1.0Montebello/Templates/testdem/maps/_Eocsilt7016.asc
ncols         21
nrows         20
xllcorner     100.000000
yllcorner     100.000000
cellsize      50.000000
NODATA_value  -9999.0
0.000000 0.000000 0.000000 0.000000 0.000000 0.000000 0.000000 0.000000 0.000000 0.000000 0.000000 0.000000 0.000000 0.000000 0.000000 0.000000 0.000000 0.000000 0.000000 0.000000 0.000000
0.000000 0.000000 0.350140 0.350141 0.350141 0.350141 0.350141 0.350141 0.350141 0.350141 0.350141 0.350141 0.350141 0.350141 0.350141 0.350141 0.350141 0.350141 0.350140 0.000000 0.000000
0.000000 0.000000 0.350003 0.350003 0.350003 0.350003 0.350003 0.350003 0.350003 0.350003 0.350003 0.350003 0.350004 0.350004 0.350003 0.350003 0.350001 0.350001 0.350003 0.000000 0.000000
0.000000 0.000000 0.350060 0.350057 0.350056 0.350050 0.350051 0.350048 0.350051 0.350051 0.350049 0.350051 0.350050 0.350050 0.350052 0.350055 0.350058 0.350059 0.350059 0.000000 0.000000
0.000000 0.000000 0.350738 0.350744 0.350740 0.350732 0.350727 0.350720 0.350719 0.350717 0.350717 0.350717 0.350718 0.350720 0.350730 0.350735 0.350734 0.350741 0.350746 0.000000 0.000000
0.000000 0.000000 0.352783 0.352785 0.352776 0.352763 0.352746 0.352726 0.352727 0.352721 0.352725 0.352726 0.352726 0.352725 0.352735 0.352745 0.352754 0.352760 0.352766 0.000000 0.000000
0.000000 0.000000 0.355822 0.355819 0.355809 0.355786 0.355759 0.355730 0.355732 0.355728 0.355730 0.355728 0.355724 0.355730 0.355753 0.355776 0.355790 0.355802 0.355811 0.000000 0.000000
0.000000 0.000000 0.359470 0.359469 0.359464 0.359441 0.359414 0.359383 0.359384 0.359380 0.359379 0.359376 0.359374 0.359380 0.359407 0.359430 0.359452 0.359456 0.359469 0.000000 0.000000
0.000000 0.000000 0.363334 0.363327 0.363315 0.363300 0.363272 0.363236 0.363239 0.363230 0.363228 0.363227 0.363228 0.363227 0.363261 0.363290 0.363306 0.363315 0.363326 0.000000 0.000000
0.000000 0.000000 0.367305 0.367298 0.367291 0.367278 0.367240 0.367208 0.367210 0.367205 0.367200 0.367203 0.367207 0.367204 0.367233 0.367265 0.367283 0.367289 0.367297 0.000000 0.000000
0.000000 0.000000 0.371478 0.371473 0.371467 0.371437 0.371411 0.371374 0.371383 0.371363 0.371366 0.371365 0.371358 0.371371 0.371395 0.371415 0.371438 0.371450 0.371468 0.000000 0.000000
0.000000 0.000000 0.375973 0.375961 0.375947 0.375927 0.375900 0.375855 0.375855 0.375847 0.375857 0.375843 0.375846 0.375850 0.375893 0.375915 0.375931 0.375939 0.375981 0.000000 0.000000
0.000000 0.000000 0.380697 0.380685 0.380678 0.380653 0.380629 0.380528 0.380527 0.380519 0.380496 0.380506 0.380512 0.380522 0.380599 0.380621 0.380658 0.380662 0.380689 0.000000 0.000000
0.000000 0.000000 0.385998 0.385992 0.385973 0.385955 0.385844 0.385831 0.385808 0.385807 0.385807 0.385804 0.385801 0.385798 0.385802 0.385917 0.385943 0.385973 0.386004 0.000000 0.000000
0.000000 0.000000 0.392027 0.392018 0.391992 0.391864 0.391845 0.391781 0.391745 0.391737 0.391716 0.391698 0.391712 0.391707 0.391766 0.391796 0.391967 0.391949 0.391963 0.000000 0.000000
0.000000 0.000000 0.398565 0.398555 0.398377 0.398382 0.398373 0.398335 0.398388 0.398364 0.398390 0.398371 0.398346 0.398389 0.398411 0.398423 0.398354 0.398590 0.398592 0.000000 0.000000
0.000000 0.000000 0.406437 0.406172 0.406149 0.406067 0.405933 0.405888 0.405846 0.405852 0.405786 0.405785 0.405818 0.405793 0.405859 0.405958 0.406132 0.406095 0.406369 0.000000 0.000000
0.000000 0.000000 0.411140 0.411277 0.411523 0.411487 0.411441 0.411203 0.411214 0.411154 0.411225 0.411205 0.411207 0.411227 0.411438 0.411471 0.411563 0.411330 0.411206 0.000000 0.000000
0.000000 0.000000 0.350000 0.350000 0.350000 0.350000 0.350000 0.350000 0.350000 0.350000 0.350000 0.350000 0.350000 0.350000 0.350000 0.350000 0.350000 0.350000 0.350000 0.000000 0.000000
0.000000 0.000000 0.000000 0.000000 0.000000 0.000000 0.000000 0.000000 0.000000 0.000000 0.000000 0.000000 0.000000 0.000000 0.000000 0.000000 0.000000 0.000000 0.000000 0.000000 0.000000