geotop/1.0zi/1.0Montebello/Templates/testdem/maps/_Eocsilt105P.asc
ncols         21
nrows         20
xllcorner     100.000000
yllcorner     100.000000
cellsize      50.000000
NODATA_value  -9999.0
0.000000 0.000000 0.000000 0.000000 0.000000 0.000000 0.000000 0.000000 0.000000 0.000000 0.000000 0.000000 0.000000 0.000000 0.000000 0.000000 0.000000 0.000000 0.000000 0.000000 0.000000
0.000000 0.000000 0.350243 0.350243 0.350243 0.350244 0.350243 0.350243 0.350243 0.350243 0.350243 0.350243 0.350243 0.350243 0.350243 0.350243 0.350244 0.350244 0.350243 0.000000 0.000000
0.000000 0.000000 0.350012 0.350012 0.350012 0.350012 0.350013 0.350013 0.350013 0.350013 0.350013 0.350013 0.350013 0.350013 0.350012 0.350012 0.350010 0.350010 0.350012 0.000000 0.000000
0.000000 0.000000 0.350246 0.350245 0.350235 0.350231 0.350232 0.350221 0.350225 0.350226 0.350223 0.350227 0.350226 0.350230 0.350227 0.350232 0.350237 0.350241 0.350242 0.000000 0.000000
0.000000 0.000000 0.352147 0.352152 0.352142 0.352122 0.352109 0.352102 0.352101 0.352097 0.352093 0.352098 0.352104 0.352099 0.352115 0.352125 0.352132 0.352139 0.352144 0.000000 0.000000
0.000000 0.000000 0.356861 0.356855 0.356837 0.356804 0.356767 0.356736 0.356732 0.356727 0.356722 0.356725 0.356730 0.356725 0.356744 0.356774 0.356788 0.356802 0.356809 0.000000 0.000000
0.000000 0.000000 0.363365 0.363354 0.363332 0.363287 0.363240 0.363172 0.363170 0.363165 0.363157 0.363157 0.363153 0.363157 0.363208 0.363247 0.363272 0.363295 0.363301 0.000000 0.000000
0.000000 0.000000 0.371179 0.371166 0.371145 0.371086 0.371035 0.370970 0.370964 0.370958 0.370946 0.370945 0.370941 0.370949 0.370996 0.371043 0.371084 0.371094 0.371109 0.000000 0.000000
0.000000 0.000000 0.380064 0.380043 0.380007 0.379960 0.379900 0.379817 0.379814 0.379801 0.379787 0.379785 0.379787 0.379781 0.379853 0.379910 0.379943 0.379962 0.379974 0.000000 0.000000
0.000000 0.000000 0.390290 0.390257 0.390223 0.390173 0.390103 0.390016 0.390004 0.389997 0.389974 0.389981 0.389994 0.389988 0.390044 0.390119 0.390160 0.390181 0.390185 0.000000 0.000000
0.000000 0.000000 0.402473 0.402441 0.402413 0.402287 0.402260 0.402135 0.402154 0.402095 0.402098 0.402088 0.402064 0.402097 0.402163 0.402210 0.402271 0.402297 0.402348 0.000000 0.000000
0.000000 0.000000 0.417291 0.417221 0.417134 0.417088 0.417026 0.416862 0.416837 0.416848 0.416853 0.416805 0.416830 0.416813 0.416947 0.417034 0.417060 0.417087 0.417186 0.000000 0.000000
0.000000 0.000000 0.433680 0.433619 0.433610 0.433483 0.433408 0.432975 0.432946 0.432920 0.432744 0.432866 0.432860 0.432899 0.433203 0.433265 0.433430 0.433453 0.433432 0.000000 0.000000
0.000000 0.000000 0.451087 0.451078 0.450945 0.450895 0.450422 0.450690 0.450578 0.450583 0.450680 0.450582 0.450568 0.450502 0.450276 0.450809 0.450791 0.450916 0.450980 0.000000 0.000000
0.000000 0.000000 0.463052 0.463026 0.462975 0.462713 0.462798 0.462648 0.462610 0.462592 0.462531 0.462510 0.462539 0.462537 0.462670 0.462579 0.462917 0.462847 0.462834 0.000000 0.000000
0.000000 0.000000 0.469881 0.469860 0.469800 0.469651 0.469721 0.469618 0.469613 0.469597 0.469567 0.469553 0.469563 0.469574 0.469659 0.469591 0.469767 0.469765 0.469754 0.000000 0.000000
0.000000 0.000000 0.473916 0.473979 0.473806 0.473845 0.473890 0.473866 0.473947 0.473922 0.473966 0.473952 0.473918 0.473967 0.473962 0.473923 0.473778 0.474026 0.473937 0.000000 0.000000
0.000000 0.000000 0.477962 0.477795 0.477649 0.477631 0.477587 0.477636 0.477636 0.477654 0.477606 0.477610 0.477616 0.477611 0.477570 0.477598 0.477612 0.477744 0.477904 0.000000 0.000000
0.000000 0.000000 0.350000 0.350000 0.350000 0.350000 0.350000 0.350000 0.350000 0.350000 0.350000 0.350000 0.350000 0.350000 0.350000 0.350000 0.350000 0.350000 0.350000 0.000000 0.000000
0.000000 0.000000 0.000000 0.000000 0.000000 0.000000 0.000000 0.000000 0.000000 0.000000 0.000000 0.000000 0.000000 0.000000 0.000000 0.000000 0.000000 0.000000 0.000000 0.000000 0.000000