geotop/1.0zi/1.0Montebello/Templates/testdem/maps/_Eocclay9996.asc
ncols         21
nrows         20
xllcorner     100.000000
yllcorner     100.000000
cellsize      50.000000
NODATA_value  -9999.0
0.000000 0.000000 0.000000 0.000000 0.000000 0.000000 0.000000 0.000000 0.000000 0.000000 0.000000 0.000000 0.000000 0.000000 0.000000 0.000000 0.000000 0.000000 0.000000 0.000000 0.000000
0.000000 0.000000 0.349540 0.349543 0.349542 0.349541 0.349543 0.349544 0.349543 0.349543 0.349542 0.349543 0.349543 0.349543 0.349543 0.349543 0.349541 0.349542 0.349542 0.000000 0.000000
0.000000 0.000000 0.349982 0.349980 0.349980 0.349982 0.349979 0.349979 0.349980 0.349979 0.349979 0.349980 0.349980 0.349979 0.349980 0.349981 0.349981 0.349981 0.349980 0.000000 0.000000
0.000000 0.000000 0.350041 0.350046 0.350043 0.350038 0.350039 0.350039 0.350043 0.350041 0.350044 0.350042 0.350042 0.350041 0.350044 0.350047 0.350045 0.350046 0.350044 0.000000 0.000000
0.000000 0.000000 0.351537 0.351532 0.351524 0.351510 0.351492 0.351489 0.351485 0.351488 0.351485 0.351489 0.351489 0.351491 0.351501 0.351506 0.351517 0.351522 0.351530 0.000000 0.000000
0.000000 0.000000 0.355604 0.355599 0.355574 0.355532 0.355500 0.355468 0.355473 0.355469 0.355466 0.355466 0.355473 0.355470 0.355488 0.355519 0.355535 0.355548 0.355554 0.000000 0.000000
0.000000 0.000000 0.361077 0.361066 0.361049 0.361008 0.360967 0.360906 0.360907 0.360902 0.360896 0.360897 0.360898 0.360898 0.360948 0.360984 0.361004 0.361018 0.361026 0.000000 0.000000
0.000000 0.000000 0.367587 0.367574 0.367555 0.367504 0.367457 0.367403 0.367404 0.367398 0.367391 0.367388 0.367386 0.367396 0.367441 0.367479 0.367513 0.367522 0.367536 0.000000 0.000000
0.000000 0.000000 0.374760 0.374742 0.374714 0.374674 0.374621 0.374558 0.374564 0.374553 0.374542 0.374540 0.374543 0.374540 0.374603 0.374649 0.374675 0.374686 0.374698 0.000000 0.000000
0.000000 0.000000 0.382768 0.382740 0.382717 0.382673 0.382613 0.382546 0.382547 0.382540 0.382523 0.382529 0.382537 0.382534 0.382586 0.382646 0.382678 0.382691 0.382696 0.000000 0.000000
0.000000 0.000000 0.391990 0.391967 0.391944 0.391849 0.391821 0.391730 0.391749 0.391706 0.391706 0.391700 0.391685 0.391709 0.391768 0.391806 0.391852 0.391869 0.391908 0.000000 0.000000
0.000000 0.000000 0.402870 0.402822 0.402762 0.402715 0.402665 0.402549 0.402546 0.402545 0.402554 0.402514 0.402533 0.402525 0.402632 0.402693 0.402717 0.402732 0.402811 0.000000 0.000000
0.000000 0.000000 0.415252 0.415208 0.415192 0.415098 0.415036 0.414721 0.414716 0.414699 0.414581 0.414652 0.414657 0.414684 0.414920 0.414971 0.415087 0.415093 0.415107 0.000000 0.000000
0.000000 0.000000 0.430678 0.430660 0.430550 0.430484 0.430035 0.430211 0.430115 0.430120 0.430184 0.430115 0.430106 0.430054 0.429899 0.430389 0.430400 0.430515 0.430581 0.000000 0.000000
0.000000 0.000000 0.447764 0.447712 0.447630 0.447063 0.447331 0.446968 0.446896 0.446863 0.446723 0.446690 0.446750 0.446759 0.447080 0.446822 0.447551 0.447373 0.447340 0.000000 0.000000
0.000000 0.000000 0.462059 0.462032 0.461480 0.461779 0.461669 0.461703 0.461949 0.461888 0.462017 0.461997 0.461890 0.462020 0.461935 0.462037 0.461391 0.462240 0.462226 0.000000 0.000000
0.000000 0.000000 0.473861 0.473467 0.473557 0.473397 0.473186 0.473136 0.473021 0.473049 0.472921 0.472936 0.473007 0.472933 0.473024 0.473183 0.473518 0.473282 0.473689 0.000000 0.000000
0.000000 0.000000 0.478764 0.478855 0.479086 0.479026 0.478967 0.478752 0.478753 0.478704 0.478758 0.478743 0.478750 0.478759 0.478950 0.478997 0.479095 0.478859 0.478770 0.000000 0.000000
0.000000 0.000000 0.350000 0.350000 0.350000 0.350000 0.350000 0.350000 0.350000 0.350000 0.350000 0.350000 0.350000 0.350000 0.350000 0.350000 0.350000 0.350000 0.350000 0.000000 0.000000
0.000000 0.000000 0.000000 0.000000 0.000000 0.000000 0.000000 0.000000 0.000000 0.000000 0.000000 0.000000 0.000000 0.000000 0.000000 0.000000 0.000000 0.000000 0.000000 0.000000 0.000000