geotop/1.0zi/1.0Montebello/Templates/testdem/maps/_Eocsilt7030.asc
ncols         21
nrows         20
xllcorner     100.000000
yllcorner     100.000000
cellsize      50.000000
NODATA_value  -9999.0
0.000000 0.000000 0.000000 0.000000 0.000000 0.000000 0.000000 0.000000 0.000000 0.000000 0.000000 0.000000 0.000000 0.000000 0.000000 0.000000 0.000000 0.000000 0.000000 0.000000 0.000000
0.000000 0.000000 0.350140 0.350141 0.350141 0.350141 0.350141 0.350141 0.350141 0.350141 0.350141 0.350141 0.350141 0.350141 0.350141 0.350141 0.350141 0.350141 0.350140 0.000000 0.000000
0.000000 0.000000 0.350003 0.350003 0.350003 0.350003 0.350003 0.350003 0.350003 0.350003 0.350003 0.350003 0.350004 0.350004 0.350003 0.350003 0.350001 0.350001 0.350003 0.000000 0.000000
0.000000 0.000000 0.350060 0.350057 0.350056 0.350050 0.350051 0.350048 0.350051 0.350051 0.350049 0.350051 0.350050 0.350050 0.350052 0.350055 0.350058 0.350059 0.350059 0.000000 0.000000
0.000000 0.000000 0.350740 0.350746 0.350741 0.350733 0.350728 0.350722 0.350720 0.350718 0.350719 0.350719 0.350720 0.350721 0.350732 0.350736 0.350735 0.350743 0.350748 0.000000 0.000000
0.000000 0.000000 0.352792 0.352794 0.352784 0.352771 0.352755 0.352735 0.352735 0.352729 0.352734 0.352734 0.352735 0.352734 0.352743 0.352753 0.352763 0.352769 0.352775 0.000000 0.000000
0.000000 0.000000 0.355839 0.355836 0.355826 0.355804 0.355776 0.355748 0.355749 0.355746 0.355747 0.355745 0.355742 0.355747 0.355770 0.355794 0.355807 0.355820 0.355828 0.000000 0.000000
0.000000 0.000000 0.359498 0.359497 0.359492 0.359469 0.359442 0.359411 0.359412 0.359408 0.359407 0.359404 0.359402 0.359408 0.359435 0.359459 0.359480 0.359484 0.359497 0.000000 0.000000
0.000000 0.000000 0.363374 0.363367 0.363355 0.363340 0.363312 0.363276 0.363279 0.363270 0.363268 0.363267 0.363268 0.363267 0.363301 0.363330 0.363347 0.363355 0.363366 0.000000 0.000000
0.000000 0.000000 0.367359 0.367352 0.367345 0.367332 0.367293 0.367261 0.367263 0.367259 0.367254 0.367256 0.367260 0.367258 0.367287 0.367319 0.367337 0.367342 0.367351 0.000000 0.000000
0.000000 0.000000 0.371548 0.371543 0.371536 0.371506 0.371481 0.371444 0.371453 0.371433 0.371435 0.371434 0.371427 0.371440 0.371464 0.371485 0.371507 0.371519 0.371537 0.000000 0.000000
0.000000 0.000000 0.376061 0.376049 0.376035 0.376015 0.375987 0.375942 0.375943 0.375935 0.375945 0.375931 0.375933 0.375938 0.375981 0.376003 0.376019 0.376027 0.376069 0.000000 0.000000
0.000000 0.000000 0.380806 0.380794 0.380787 0.380762 0.380738 0.380636 0.380636 0.380628 0.380604 0.380615 0.380621 0.380630 0.380707 0.380730 0.380767 0.380771 0.380798 0.000000 0.000000
0.000000 0.000000 0.386133 0.386128 0.386108 0.386090 0.385978 0.385965 0.385943 0.385941 0.385941 0.385938 0.385935 0.385932 0.385936 0.386052 0.386078 0.386108 0.386139 0.000000 0.000000
0.000000 0.000000 0.392194 0.392185 0.392159 0.392030 0.392012 0.391947 0.391911 0.391903 0.391882 0.391863 0.391877 0.391873 0.391932 0.391961 0.392134 0.392116 0.392130 0.000000 0.000000
0.000000 0.000000 0.398768 0.398758 0.398579 0.398585 0.398576 0.398538 0.398591 0.398567 0.398594 0.398574 0.398549 0.398593 0.398614 0.398626 0.398557 0.398794 0.398796 0.000000 0.000000
0.000000 0.000000 0.406689 0.406422 0.406400 0.406317 0.406182 0.406137 0.406094 0.406100 0.406033 0.406032 0.406065 0.406041 0.406106 0.406207 0.406383 0.406345 0.406620 0.000000 0.000000
0.000000 0.000000 0.411405 0.411545 0.411794 0.411757 0.411712 0.411472 0.411483 0.411423 0.411494 0.411474 0.411476 0.411496 0.411709 0.411742 0.411833 0.411599 0.411472 0.000000 0.000000
0.000000 0.000000 0.350000 0.350000 0.350000 0.350000 0.350000 0.350000 0.350000 0.350000 0.350000 0.350000 0.350000 0.350000 0.350000 0.350000 0.350000 0.350000 0.350000 0.000000 0.000000
0.000000 0.000000 0.000000 0.000000 0.000000 0.000000 0.000000 0.000000 0.000000 0.000000 0.000000 0.000000 0.000000 0.000000 0.000000 0.000000 0.000000 0.000000 0.000000 0.000000 0.000000