geotop/1.0zi/1.0Montebello/Templates/testdem/maps/_Eocsand6288.asc
ncols         21
nrows         20
xllcorner     100.000000
yllcorner     100.000000
cellsize      50.000000
NODATA_value  -9999.0
0.000000 0.000000 0.000000 0.000000 0.000000 0.000000 0.000000 0.000000 0.000000 0.000000 0.000000 0.000000 0.000000 0.000000 0.000000 0.000000 0.000000 0.000000 0.000000 0.000000 0.000000
0.000000 0.000000 0.300155 0.300153 0.300153 0.300154 0.300153 0.300152 0.300153 0.300153 0.300154 0.300153 0.300153 0.300153 0.300153 0.300153 0.300154 0.300154 0.300154 0.000000 0.000000
0.000000 0.000000 0.300008 0.300009 0.300009 0.300008 0.300009 0.300009 0.300009 0.300009 0.300009 0.300009 0.300008 0.300009 0.300009 0.300009 0.300010 0.300010 0.300011 0.000000 0.000000
0.000000 0.000000 0.299966 0.299965 0.299969 0.299974 0.299971 0.299973 0.299970 0.299972 0.299969 0.299972 0.299972 0.299972 0.299970 0.299965 0.299965 0.299962 0.299963 0.000000 0.000000
0.000000 0.000000 0.298832 0.298826 0.298832 0.298840 0.298856 0.298864 0.298865 0.298865 0.298869 0.298869 0.298872 0.298869 0.298857 0.298854 0.298849 0.298838 0.298827 0.000000 0.000000
0.000000 0.000000 0.295377 0.295373 0.295387 0.295424 0.295443 0.295480 0.295480 0.295490 0.295483 0.295479 0.295475 0.295478 0.295466 0.295444 0.295426 0.295410 0.295400 0.000000 0.000000
0.000000 0.000000 0.290191 0.290195 0.290207 0.290246 0.290292 0.290345 0.290345 0.290352 0.290349 0.290347 0.290350 0.290347 0.290305 0.290261 0.290240 0.290220 0.290204 0.000000 0.000000
0.000000 0.000000 0.283897 0.283896 0.283904 0.283945 0.283991 0.284050 0.284049 0.284055 0.284056 0.284057 0.284061 0.284052 0.284004 0.283962 0.283928 0.283918 0.283896 0.000000 0.000000
0.000000 0.000000 0.277347 0.277355 0.277375 0.277400 0.277445 0.277508 0.277505 0.277517 0.277522 0.277521 0.277521 0.277524 0.277464 0.277418 0.277386 0.277376 0.277356 0.000000 0.000000
0.000000 0.000000 0.270683 0.270693 0.270702 0.270723 0.270787 0.270843 0.270840 0.270848 0.270856 0.270849 0.270841 0.270848 0.270798 0.270744 0.270712 0.270705 0.270690 0.000000 0.000000
0.000000 0.000000 0.263747 0.263752 0.263760 0.263808 0.263851 0.263913 0.263899 0.263931 0.263930 0.263927 0.263936 0.263918 0.263878 0.263844 0.263807 0.263787 0.263758 0.000000 0.000000
0.000000 0.000000 0.256392 0.256404 0.256426 0.256462 0.256502 0.256579 0.256577 0.256593 0.256576 0.256596 0.256592 0.256586 0.256514 0.256480 0.256454 0.256443 0.256369 0.000000 0.000000
0.000000 0.000000 0.248761 0.248778 0.248789 0.248828 0.248864 0.249025 0.249026 0.249039 0.249075 0.249056 0.249045 0.249031 0.248912 0.248878 0.248818 0.248813 0.248762 0.000000 0.000000
0.000000 0.000000 0.240381 0.240390 0.240416 0.240445 0.240607 0.240641 0.240678 0.240679 0.240689 0.240684 0.240688 0.240693 0.240673 0.240507 0.240458 0.240417 0.240364 0.000000 0.000000
0.000000 0.000000 0.231036 0.231044 0.231084 0.231261 0.231307 0.231402 0.231462 0.231474 0.231505 0.231527 0.231504 0.231515 0.231437 0.231369 0.231123 0.231145 0.231113 0.000000 0.000000
0.000000 0.000000 0.221037 0.221047 0.221287 0.221313 0.221325 0.221382 0.221327 0.221357 0.221331 0.221358 0.221387 0.221334 0.221297 0.221278 0.221319 0.221014 0.221008 0.000000 0.000000
0.000000 0.000000 0.209357 0.209687 0.209772 0.209871 0.210034 0.210102 0.210140 0.210139 0.210218 0.210221 0.210185 0.210207 0.210119 0.209995 0.209797 0.209769 0.209424 0.000000 0.000000
0.000000 0.000000 0.201330 0.201256 0.200949 0.201020 0.201116 0.201423 0.201425 0.201497 0.201436 0.201456 0.201440 0.201427 0.201144 0.201074 0.200898 0.201209 0.201261 0.000000 0.000000
0.000000 0.000000 0.300000 0.300000 0.300000 0.300000 0.300000 0.300000 0.300000 0.300000 0.300000 0.300000 0.300000 0.300000 0.300000 0.300000 0.300000 0.300000 0.300000 0.000000 0.000000
0.000000 0.000000 0.000000 0.000000 0.000000 0.000000 0.000000 0.000000 0.000000 0.000000 0.000000 0.000000 0.000000 0.000000 0.000000 0.000000 0.000000 0.000000 0.000000 0.000000 0.000000