geotop/1.0zi/1.0Montebello/Templates/testdem/maps/_Eocsilt7257.asc
ncols         21
nrows         20
xllcorner     100.000000
yllcorner     100.000000
cellsize      50.000000
NODATA_value  -9999.0
0.000000 0.000000 0.000000 0.000000 0.000000 0.000000 0.000000 0.000000 0.000000 0.000000 0.000000 0.000000 0.000000 0.000000 0.000000 0.000000 0.000000 0.000000 0.000000 0.000000 0.000000
0.000000 0.000000 0.350148 0.350148 0.350149 0.350149 0.350148 0.350149 0.350149 0.350149 0.350149 0.350148 0.350148 0.350148 0.350148 0.350148 0.350149 0.350149 0.350148 0.000000 0.000000
0.000000 0.000000 0.350004 0.350003 0.350003 0.350003 0.350004 0.350003 0.350004 0.350004 0.350004 0.350004 0.350004 0.350004 0.350004 0.350003 0.350002 0.350002 0.350003 0.000000 0.000000
0.000000 0.000000 0.350063 0.350059 0.350058 0.350052 0.350053 0.350050 0.350053 0.350053 0.350050 0.350052 0.350052 0.350052 0.350054 0.350056 0.350060 0.350061 0.350061 0.000000 0.000000
0.000000 0.000000 0.350805 0.350811 0.350807 0.350798 0.350793 0.350787 0.350785 0.350783 0.350783 0.350784 0.350784 0.350786 0.350797 0.350801 0.350800 0.350808 0.350813 0.000000 0.000000
0.000000 0.000000 0.353000 0.353001 0.352992 0.352978 0.352960 0.352940 0.352940 0.352934 0.352939 0.352939 0.352940 0.352939 0.352949 0.352960 0.352970 0.352977 0.352983 0.000000 0.000000
0.000000 0.000000 0.356210 0.356207 0.356197 0.356174 0.356145 0.356116 0.356117 0.356113 0.356115 0.356113 0.356110 0.356115 0.356140 0.356164 0.356178 0.356192 0.356200 0.000000 0.000000
0.000000 0.000000 0.360049 0.360048 0.360043 0.360019 0.359992 0.359959 0.359959 0.359955 0.359954 0.359952 0.359950 0.359956 0.359984 0.360009 0.360031 0.360036 0.360049 0.000000 0.000000
0.000000 0.000000 0.364130 0.364122 0.364109 0.364094 0.364065 0.364027 0.364030 0.364021 0.364019 0.364018 0.364019 0.364018 0.364054 0.364084 0.364101 0.364111 0.364122 0.000000 0.000000
0.000000 0.000000 0.368344 0.368336 0.368329 0.368315 0.368275 0.368242 0.368244 0.368239 0.368234 0.368236 0.368241 0.368238 0.368268 0.368302 0.368322 0.368328 0.368336 0.000000 0.000000
0.000000 0.000000 0.372798 0.372792 0.372786 0.372754 0.372727 0.372688 0.372697 0.372677 0.372679 0.372678 0.372671 0.372684 0.372710 0.372732 0.372756 0.372769 0.372788 0.000000 0.000000
0.000000 0.000000 0.377622 0.377609 0.377595 0.377574 0.377545 0.377497 0.377497 0.377489 0.377500 0.377485 0.377488 0.377493 0.377539 0.377562 0.377579 0.377589 0.377633 0.000000 0.000000
0.000000 0.000000 0.382721 0.382709 0.382702 0.382675 0.382649 0.382539 0.382538 0.382530 0.382504 0.382516 0.382523 0.382533 0.382617 0.382641 0.382681 0.382686 0.382713 0.000000 0.000000
0.000000 0.000000 0.388493 0.388488 0.388467 0.388447 0.388323 0.388313 0.388288 0.388286 0.388288 0.388283 0.388281 0.388277 0.388278 0.388408 0.388435 0.388469 0.388501 0.000000 0.000000
0.000000 0.000000 0.395108 0.395098 0.395069 0.394924 0.394909 0.394836 0.394796 0.394788 0.394764 0.394743 0.394760 0.394755 0.394823 0.394849 0.395045 0.395023 0.395036 0.000000 0.000000
0.000000 0.000000 0.402312 0.402300 0.402095 0.402111 0.402100 0.402061 0.402125 0.402098 0.402130 0.402109 0.402081 0.402130 0.402152 0.402164 0.402072 0.402350 0.402350 0.000000 0.000000
0.000000 0.000000 0.411077 0.410764 0.410756 0.410657 0.410499 0.410447 0.410391 0.410400 0.410320 0.410321 0.410363 0.410329 0.410406 0.410524 0.410740 0.410672 0.410995 0.000000 0.000000
0.000000 0.000000 0.415955 0.416148 0.416438 0.416404 0.416364 0.416085 0.416104 0.416032 0.416125 0.416101 0.416099 0.416126 0.416371 0.416400 0.416487 0.416222 0.416043 0.000000 0.000000
0.000000 0.000000 0.350000 0.350000 0.350000 0.350000 0.350000 0.350000 0.350000 0.350000 0.350000 0.350000 0.350000 0.350000 0.350000 0.350000 0.350000 0.350000 0.350000 0.000000 0.000000
0.000000 0.000000 0.000000 0.000000 0.000000 0.000000 0.000000 0.000000 0.000000 0.000000 0.000000 0.000000 0.000000 0.000000 0.000000 0.000000 0.000000 0.000000 0.000000 0.000000 0.000000