geotop/1.0zi/1.0Montebello/Templates/testdem/maps/_Eocsilt8427.asc
ncols         21
nrows         20
xllcorner     100.000000
yllcorner     100.000000
cellsize      50.000000
NODATA_value  -9999.0
0.000000 0.000000 0.000000 0.000000 0.000000 0.000000 0.000000 0.000000 0.000000 0.000000 0.000000 0.000000 0.000000 0.000000 0.000000 0.000000 0.000000 0.000000 0.000000 0.000000 0.000000
0.000000 0.000000 0.350174 0.350174 0.350174 0.350175 0.350174 0.350174 0.350174 0.350174 0.350174 0.350174 0.350174 0.350174 0.350174 0.350174 0.350175 0.350175 0.350174 0.000000 0.000000
0.000000 0.000000 0.350006 0.350006 0.350006 0.350005 0.350006 0.350006 0.350006 0.350006 0.350006 0.350006 0.350007 0.350007 0.350006 0.350005 0.350004 0.350004 0.350005 0.000000 0.000000
0.000000 0.000000 0.350102 0.350099 0.350097 0.350091 0.350092 0.350087 0.350090 0.350090 0.350087 0.350089 0.350089 0.350089 0.350092 0.350095 0.350099 0.350098 0.350100 0.000000 0.000000
0.000000 0.000000 0.351048 0.351055 0.351047 0.351037 0.351030 0.351023 0.351020 0.351019 0.351018 0.351019 0.351020 0.351021 0.351034 0.351039 0.351042 0.351053 0.351054 0.000000 0.000000
0.000000 0.000000 0.353830 0.353829 0.353822 0.353804 0.353785 0.353762 0.353760 0.353754 0.353759 0.353758 0.353760 0.353759 0.353773 0.353786 0.353799 0.353806 0.353813 0.000000 0.000000
0.000000 0.000000 0.357851 0.357845 0.357835 0.357808 0.357774 0.357737 0.357738 0.357734 0.357734 0.357733 0.357730 0.357735 0.357767 0.357795 0.357812 0.357828 0.357835 0.000000 0.000000
0.000000 0.000000 0.362619 0.362615 0.362610 0.362580 0.362549 0.362508 0.362508 0.362503 0.362501 0.362499 0.362496 0.362503 0.362539 0.362567 0.362594 0.362600 0.362613 0.000000 0.000000
0.000000 0.000000 0.367768 0.367756 0.367743 0.367723 0.367688 0.367641 0.367644 0.367634 0.367631 0.367630 0.367631 0.367629 0.367675 0.367709 0.367731 0.367743 0.367754 0.000000 0.000000
0.000000 0.000000 0.373222 0.373211 0.373204 0.373185 0.373135 0.373094 0.373094 0.373089 0.373082 0.373086 0.373091 0.373089 0.373126 0.373168 0.373192 0.373202 0.373209 0.000000 0.000000
0.000000 0.000000 0.379154 0.379148 0.379141 0.379094 0.379062 0.379011 0.379024 0.378995 0.379001 0.378998 0.378987 0.379004 0.379041 0.379066 0.379099 0.379116 0.379138 0.000000 0.000000
0.000000 0.000000 0.385775 0.385755 0.385737 0.385712 0.385670 0.385611 0.385605 0.385600 0.385612 0.385591 0.385598 0.385600 0.385664 0.385698 0.385718 0.385732 0.385785 0.000000 0.000000
0.000000 0.000000 0.392969 0.392949 0.392948 0.392903 0.392871 0.392709 0.392704 0.392698 0.392652 0.392677 0.392683 0.392698 0.392824 0.392854 0.392916 0.392922 0.392948 0.000000 0.000000
0.000000 0.000000 0.401453 0.401448 0.401416 0.401387 0.401183 0.401202 0.401160 0.401161 0.401174 0.401158 0.401154 0.401140 0.401120 0.401336 0.401365 0.401423 0.401462 0.000000 0.000000
0.000000 0.000000 0.411474 0.411455 0.411414 0.411152 0.411182 0.411048 0.410990 0.410977 0.410930 0.410899 0.410927 0.410922 0.411052 0.411037 0.411384 0.411328 0.411333 0.000000 0.000000
0.000000 0.000000 0.422401 0.422383 0.422010 0.422121 0.422090 0.422058 0.422200 0.422156 0.422231 0.422205 0.422141 0.422234 0.422239 0.422263 0.421973 0.422522 0.422514 0.000000 0.000000
0.000000 0.000000 0.435701 0.435126 0.435263 0.435041 0.434755 0.434666 0.434502 0.434540 0.434364 0.434382 0.434479 0.434380 0.434530 0.434742 0.435239 0.434907 0.435504 0.000000 0.000000
0.000000 0.000000 0.440313 0.440832 0.441297 0.441297 0.441324 0.440876 0.440952 0.440821 0.441037 0.440992 0.440957 0.441030 0.441404 0.441385 0.441380 0.441024 0.440514 0.000000 0.000000
0.000000 0.000000 0.350000 0.350000 0.350000 0.350000 0.350000 0.350000 0.350000 0.350000 0.350000 0.350000 0.350000 0.350000 0.350000 0.350000 0.350000 0.350000 0.350000 0.000000 0.000000
0.000000 0.000000 0.000000 0.000000 0.000000 0.000000 0.000000 0.000000 0.000000 0.000000 0.000000 0.000000 0.000000 0.000000 0.000000 0.000000 0.000000 0.000000 0.000000 0.000000 0.000000