geotop/1.0zi/1.0Montebello/Templates/testdem/maps/_Eocsand3036.asc
ncols         21
nrows         20
xllcorner     100.000000
yllcorner     100.000000
cellsize      50.000000
NODATA_value  -9999.0
0.000000 0.000000 0.000000 0.000000 0.000000 0.000000 0.000000 0.000000 0.000000 0.000000 0.000000 0.000000 0.000000 0.000000 0.000000 0.000000 0.000000 0.000000 0.000000 0.000000 0.000000
0.000000 0.000000 0.300086 0.300086 0.300086 0.300086 0.300086 0.300086 0.300086 0.300086 0.300087 0.300086 0.300086 0.300086 0.300086 0.300086 0.300086 0.300086 0.300086 0.000000 0.000000
0.000000 0.000000 0.300009 0.300009 0.300010 0.300009 0.300009 0.300009 0.300009 0.300009 0.300008 0.300009 0.300009 0.300009 0.300009 0.300009 0.300010 0.300009 0.300009 0.000000 0.000000
0.000000 0.000000 0.297589 0.297590 0.297594 0.297592 0.297589 0.297589 0.297590 0.297589 0.297588 0.297589 0.297590 0.297589 0.297589 0.297592 0.297594 0.297590 0.297589 0.000000 0.000000
0.000000 0.000000 0.288442 0.288444 0.288448 0.288447 0.288441 0.288443 0.288443 0.288440 0.288439 0.288440 0.288443 0.288443 0.288441 0.288447 0.288448 0.288444 0.288442 0.000000 0.000000
0.000000 0.000000 0.277795 0.277797 0.277800 0.277799 0.277794 0.277796 0.277796 0.277794 0.277793 0.277794 0.277796 0.277796 0.277794 0.277799 0.277800 0.277797 0.277795 0.000000 0.000000
0.000000 0.000000 0.267996 0.267997 0.268000 0.268000 0.267996 0.267997 0.267997 0.267995 0.267994 0.267995 0.267997 0.267997 0.267996 0.268000 0.268000 0.267997 0.267996 0.000000 0.000000
0.000000 0.000000 0.259105 0.259106 0.259109 0.259108 0.259105 0.259106 0.259106 0.259104 0.259103 0.259104 0.259106 0.259106 0.259105 0.259108 0.259109 0.259106 0.259105 0.000000 0.000000
0.000000 0.000000 0.250884 0.250885 0.250887 0.250886 0.250883 0.250885 0.250884 0.250883 0.250882 0.250883 0.250884 0.250885 0.250883 0.250886 0.250887 0.250885 0.250884 0.000000 0.000000
0.000000 0.000000 0.243136 0.243137 0.243139 0.243139 0.243136 0.243137 0.243137 0.243135 0.243134 0.243135 0.243137 0.243137 0.243136 0.243139 0.243139 0.243137 0.243136 0.000000 0.000000
0.000000 0.000000 0.235769 0.235769 0.235772 0.235771 0.235768 0.235769 0.235769 0.235768 0.235767 0.235768 0.235769 0.235769 0.235768 0.235771 0.235772 0.235769 0.235769 0.000000 0.000000
0.000000 0.000000 0.228710 0.228710 0.228712 0.228712 0.228709 0.228710 0.228710 0.228709 0.228708 0.228709 0.228710 0.228710 0.228709 0.228712 0.228712 0.228710 0.228710 0.000000 0.000000
0.000000 0.000000 0.221906 0.221906 0.221908 0.221908 0.221905 0.221906 0.221906 0.221905 0.221904 0.221905 0.221906 0.221906 0.221905 0.221908 0.221908 0.221906 0.221906 0.000000 0.000000
0.000000 0.000000 0.215307 0.215308 0.215310 0.215309 0.215307 0.215308 0.215308 0.215306 0.215306 0.215306 0.215308 0.215308 0.215307 0.215309 0.215310 0.215308 0.215307 0.000000 0.000000
0.000000 0.000000 0.208902 0.208902 0.208905 0.208904 0.208901 0.208902 0.208902 0.208901 0.208900 0.208901 0.208902 0.208902 0.208901 0.208904 0.208905 0.208902 0.208902 0.000000 0.000000
0.000000 0.000000 0.202658 0.202659 0.202661 0.202660 0.202658 0.202659 0.202659 0.202658 0.202657 0.202658 0.202659 0.202659 0.202658 0.202660 0.202661 0.202659 0.202658 0.000000 0.000000
0.000000 0.000000 0.196561 0.196561 0.196564 0.196563 0.196560 0.196561 0.196561 0.196560 0.196559 0.196560 0.196561 0.196561 0.196560 0.196563 0.196564 0.196561 0.196561 0.000000 0.000000
0.000000 0.000000 0.190476 0.190476 0.190478 0.190477 0.190475 0.190476 0.190476 0.190475 0.190474 0.190475 0.190476 0.190476 0.190475 0.190477 0.190478 0.190476 0.190475 0.000000 0.000000
0.000000 0.000000 0.300000 0.300000 0.300000 0.300000 0.300000 0.300000 0.300000 0.300000 0.300000 0.300000 0.300000 0.300000 0.300000 0.300000 0.300000 0.300000 0.300000 0.000000 0.000000
0.000000 0.000000 0.000000 0.000000 0.000000 0.000000 0.000000 0.000000 0.000000 0.000000 0.000000 0.000000 0.000000 0.000000 0.000000 0.000000 0.000000 0.000000 0.000000 0.000000 0.000000