geotop/1.0zi/1.0Montebello/Templates/testdem/maps/_Eocsilt7676.asc
ncols         21
nrows         20
xllcorner     100.000000
yllcorner     100.000000
cellsize      50.000000
NODATA_value  -9999.0
0.000000 0.000000 0.000000 0.000000 0.000000 0.000000 0.000000 0.000000 0.000000 0.000000 0.000000 0.000000 0.000000 0.000000 0.000000 0.000000 0.000000 0.000000 0.000000 0.000000 0.000000
0.000000 0.000000 0.350157 0.350158 0.350158 0.350158 0.350158 0.350158 0.350158 0.350158 0.350158 0.350158 0.350158 0.350158 0.350158 0.350158 0.350158 0.350158 0.350158 0.000000 0.000000
0.000000 0.000000 0.350005 0.350005 0.350004 0.350004 0.350005 0.350005 0.350005 0.350005 0.350005 0.350005 0.350006 0.350006 0.350005 0.350004 0.350003 0.350003 0.350004 0.000000 0.000000
0.000000 0.000000 0.350103 0.350099 0.350098 0.350091 0.350092 0.350087 0.350090 0.350090 0.350087 0.350089 0.350089 0.350089 0.350092 0.350095 0.350098 0.350098 0.350099 0.000000 0.000000
0.000000 0.000000 0.350968 0.350974 0.350970 0.350960 0.350954 0.350947 0.350943 0.350942 0.350942 0.350942 0.350943 0.350945 0.350958 0.350963 0.350965 0.350975 0.350978 0.000000 0.000000
0.000000 0.000000 0.353408 0.353410 0.353400 0.353384 0.353366 0.353345 0.353344 0.353338 0.353342 0.353343 0.353344 0.353343 0.353355 0.353367 0.353379 0.353387 0.353392 0.000000 0.000000
0.000000 0.000000 0.356934 0.356930 0.356920 0.356895 0.356864 0.356832 0.356833 0.356829 0.356830 0.356828 0.356825 0.356830 0.356858 0.356884 0.356901 0.356916 0.356923 0.000000 0.000000
0.000000 0.000000 0.361128 0.361126 0.361121 0.361095 0.361066 0.361030 0.361030 0.361025 0.361024 0.361021 0.361020 0.361026 0.361058 0.361084 0.361109 0.361115 0.361127 0.000000 0.000000
0.000000 0.000000 0.365615 0.365607 0.365593 0.365576 0.365545 0.365504 0.365506 0.365497 0.365495 0.365493 0.365494 0.365493 0.365534 0.365566 0.365586 0.365596 0.365606 0.000000 0.000000
0.000000 0.000000 0.370295 0.370287 0.370279 0.370263 0.370220 0.370184 0.370184 0.370179 0.370173 0.370176 0.370181 0.370179 0.370213 0.370249 0.370272 0.370280 0.370287 0.000000 0.000000
0.000000 0.000000 0.375297 0.375291 0.375284 0.375247 0.375217 0.375176 0.375185 0.375162 0.375165 0.375164 0.375156 0.375171 0.375201 0.375224 0.375252 0.375268 0.375286 0.000000 0.000000
0.000000 0.000000 0.380785 0.380770 0.380754 0.380730 0.380697 0.380645 0.380643 0.380635 0.380647 0.380630 0.380635 0.380639 0.380692 0.380719 0.380738 0.380750 0.380797 0.000000 0.000000
0.000000 0.000000 0.386643 0.386629 0.386622 0.386590 0.386561 0.386433 0.386431 0.386422 0.386390 0.386406 0.386413 0.386426 0.386524 0.386551 0.386600 0.386607 0.386632 0.000000 0.000000
0.000000 0.000000 0.393384 0.393378 0.393353 0.393330 0.393178 0.393178 0.393145 0.393145 0.393150 0.393143 0.393140 0.393134 0.393129 0.393288 0.393318 0.393361 0.393394 0.000000 0.000000
0.000000 0.000000 0.401210 0.401197 0.401164 0.400978 0.400977 0.400884 0.400838 0.400827 0.400797 0.400772 0.400793 0.400788 0.400878 0.400892 0.401141 0.401109 0.401118 0.000000 0.000000
0.000000 0.000000 0.409781 0.409768 0.409502 0.409547 0.409531 0.409494 0.409584 0.409551 0.409597 0.409574 0.409535 0.409600 0.409618 0.409632 0.409479 0.409850 0.409845 0.000000 0.000000
0.000000 0.000000 0.420357 0.419941 0.419978 0.419835 0.419627 0.419564 0.419470 0.419490 0.419375 0.419382 0.419444 0.419389 0.419493 0.419646 0.419963 0.419810 0.420239 0.000000 0.000000
0.000000 0.000000 0.425331 0.425660 0.426038 0.426018 0.426001 0.425646 0.425685 0.425586 0.425730 0.425698 0.425685 0.425731 0.426038 0.426049 0.426107 0.425787 0.425469 0.000000 0.000000
0.000000 0.000000 0.350000 0.350000 0.350000 0.350000 0.350000 0.350000 0.350000 0.350000 0.350000 0.350000 0.350000 0.350000 0.350000 0.350000 0.350000 0.350000 0.350000 0.000000 0.000000
0.000000 0.000000 0.000000 0.000000 0.000000 0.000000 0.000000 0.000000 0.000000 0.000000 0.000000 0.000000 0.000000 0.000000 0.000000 0.000000 0.000000 0.000000 0.000000 0.000000 0.000000