geotop/1.0zi/1.0Montebello/Templates/testdem/maps/_Eocsilt9308.asc
ncols         21
nrows         20
xllcorner     100.000000
yllcorner     100.000000
cellsize      50.000000
NODATA_value  -9999.0
0.000000 0.000000 0.000000 0.000000 0.000000 0.000000 0.000000 0.000000 0.000000 0.000000 0.000000 0.000000 0.000000 0.000000 0.000000 0.000000 0.000000 0.000000 0.000000 0.000000 0.000000
0.000000 0.000000 0.350198 0.350198 0.350198 0.350199 0.350198 0.350198 0.350198 0.350198 0.350198 0.350198 0.350198 0.350198 0.350198 0.350198 0.350199 0.350199 0.350198 0.000000 0.000000
0.000000 0.000000 0.350006 0.350005 0.350006 0.350005 0.350006 0.350006 0.350006 0.350006 0.350006 0.350006 0.350007 0.350007 0.350006 0.350005 0.350004 0.350004 0.350005 0.000000 0.000000
0.000000 0.000000 0.350122 0.350119 0.350114 0.350109 0.350109 0.350104 0.350107 0.350107 0.350104 0.350107 0.350107 0.350107 0.350109 0.350113 0.350119 0.350119 0.350122 0.000000 0.000000
0.000000 0.000000 0.351288 0.351293 0.351282 0.351266 0.351256 0.351251 0.351253 0.351250 0.351251 0.351252 0.351256 0.351255 0.351268 0.351275 0.351278 0.351282 0.351285 0.000000 0.000000
0.000000 0.000000 0.354628 0.354622 0.354608 0.354588 0.354557 0.354534 0.354532 0.354526 0.354529 0.354530 0.354534 0.354532 0.354547 0.354567 0.354578 0.354584 0.354592 0.000000 0.000000
0.000000 0.000000 0.359386 0.359377 0.359361 0.359329 0.359288 0.359238 0.359243 0.359240 0.359238 0.359237 0.359235 0.359240 0.359278 0.359308 0.359329 0.359342 0.359350 0.000000 0.000000
0.000000 0.000000 0.365015 0.365005 0.364992 0.364957 0.364916 0.364871 0.364874 0.364868 0.364865 0.364862 0.364860 0.364869 0.364905 0.364940 0.364972 0.364975 0.364990 0.000000 0.000000
0.000000 0.000000 0.371166 0.371150 0.371130 0.371103 0.371057 0.371001 0.371007 0.370996 0.370991 0.370989 0.370992 0.370990 0.371043 0.371084 0.371108 0.371117 0.371131 0.000000 0.000000
0.000000 0.000000 0.377845 0.377827 0.377811 0.377783 0.377721 0.377670 0.377673 0.377666 0.377656 0.377661 0.377668 0.377666 0.377708 0.377760 0.377788 0.377797 0.377804 0.000000 0.000000
0.000000 0.000000 0.385298 0.385285 0.385272 0.385205 0.385165 0.385099 0.385117 0.385081 0.385086 0.385081 0.385070 0.385091 0.385136 0.385169 0.385208 0.385222 0.385253 0.000000 0.000000
0.000000 0.000000 0.393849 0.393819 0.393781 0.393749 0.393691 0.393610 0.393612 0.393606 0.393620 0.393589 0.393604 0.393603 0.393683 0.393730 0.393752 0.393762 0.393828 0.000000 0.000000
0.000000 0.000000 0.403358 0.403330 0.403321 0.403249 0.403201 0.402973 0.402974 0.402962 0.402890 0.402931 0.402939 0.402962 0.403132 0.403175 0.403257 0.403261 0.403285 0.000000 0.000000
0.000000 0.000000 0.414956 0.414946 0.414882 0.414838 0.414522 0.414601 0.414540 0.414542 0.414576 0.414540 0.414534 0.414509 0.414433 0.414772 0.414795 0.414873 0.414925 0.000000 0.000000
0.000000 0.000000 0.428543 0.428504 0.428436 0.428027 0.428148 0.427912 0.427845 0.427822 0.427738 0.427699 0.427746 0.427748 0.427963 0.427856 0.428393 0.428274 0.428265 0.000000 0.000000
0.000000 0.000000 0.442065 0.442038 0.441515 0.441754 0.441672 0.441676 0.441902 0.441840 0.441958 0.441932 0.441837 0.441965 0.441916 0.441985 0.441448 0.442230 0.442218 0.000000 0.000000
0.000000 0.000000 0.455541 0.455009 0.455185 0.454944 0.454674 0.454585 0.454407 0.454448 0.454265 0.454286 0.454391 0.454283 0.454431 0.454631 0.455151 0.454748 0.455301 0.000000 0.000000
0.000000 0.000000 0.460069 0.460301 0.460626 0.460569 0.460528 0.460213 0.460236 0.460155 0.460266 0.460239 0.460235 0.460265 0.460534 0.460566 0.460658 0.460354 0.460127 0.000000 0.000000
0.000000 0.000000 0.350000 0.350000 0.350000 0.350000 0.350000 0.350000 0.350000 0.350000 0.350000 0.350000 0.350000 0.350000 0.350000 0.350000 0.350000 0.350000 0.350000 0.000000 0.000000
0.000000 0.000000 0.000000 0.000000 0.000000 0.000000 0.000000 0.000000 0.000000 0.000000 0.000000 0.000000 0.000000 0.000000 0.000000 0.000000 0.000000 0.000000 0.000000 0.000000 0.000000