geotop/1.0zi/1.0Montebello/Templates/testdem/maps/_Eocsand7623.asc
ncols         21
nrows         20
xllcorner     100.000000
yllcorner     100.000000
cellsize      50.000000
NODATA_value  -9999.0
0.000000 0.000000 0.000000 0.000000 0.000000 0.000000 0.000000 0.000000 0.000000 0.000000 0.000000 0.000000 0.000000 0.000000 0.000000 0.000000 0.000000 0.000000 0.000000 0.000000 0.000000
0.000000 0.000000 0.300195 0.300193 0.300193 0.300194 0.300193 0.300192 0.300193 0.300193 0.300194 0.300193 0.300193 0.300193 0.300193 0.300193 0.300194 0.300194 0.300194 0.000000 0.000000
0.000000 0.000000 0.300010 0.300011 0.300011 0.300010 0.300010 0.300011 0.300011 0.300011 0.300011 0.300011 0.300010 0.300011 0.300010 0.300011 0.300011 0.300012 0.300013 0.000000 0.000000
0.000000 0.000000 0.299894 0.299893 0.299898 0.299905 0.299901 0.299909 0.299904 0.299906 0.299907 0.299906 0.299906 0.299908 0.299903 0.299898 0.299896 0.299893 0.299893 0.000000 0.000000
0.000000 0.000000 0.298075 0.298071 0.298080 0.298096 0.298117 0.298126 0.298133 0.298131 0.298135 0.298134 0.298137 0.298131 0.298108 0.298102 0.298091 0.298080 0.298071 0.000000 0.000000
0.000000 0.000000 0.293038 0.293039 0.293060 0.293102 0.293133 0.293178 0.293177 0.293191 0.293183 0.293183 0.293179 0.293179 0.293156 0.293126 0.293100 0.293077 0.293066 0.000000 0.000000
0.000000 0.000000 0.285936 0.285943 0.285962 0.286010 0.286069 0.286138 0.286138 0.286148 0.286146 0.286147 0.286149 0.286143 0.286083 0.286030 0.285997 0.285970 0.285955 0.000000 0.000000
0.000000 0.000000 0.277483 0.277487 0.277500 0.277554 0.277612 0.277687 0.277688 0.277696 0.277698 0.277703 0.277707 0.277693 0.277628 0.277576 0.277527 0.277511 0.277488 0.000000 0.000000
0.000000 0.000000 0.268523 0.268537 0.268564 0.268598 0.268659 0.268740 0.268736 0.268754 0.268759 0.268762 0.268760 0.268762 0.268682 0.268618 0.268579 0.268559 0.268539 0.000000 0.000000
0.000000 0.000000 0.259149 0.259166 0.259179 0.259213 0.259300 0.259372 0.259372 0.259382 0.259393 0.259387 0.259376 0.259381 0.259313 0.259240 0.259195 0.259179 0.259165 0.000000 0.000000
0.000000 0.000000 0.249089 0.249101 0.249116 0.249188 0.249249 0.249332 0.249315 0.249361 0.249355 0.249357 0.249373 0.249342 0.249282 0.249237 0.249180 0.249148 0.249110 0.000000 0.000000
0.000000 0.000000 0.238062 0.238091 0.238124 0.238172 0.238238 0.238342 0.238347 0.238362 0.238338 0.238374 0.238365 0.238356 0.238249 0.238195 0.238156 0.238133 0.238038 0.000000 0.000000
0.000000 0.000000 0.226282 0.226310 0.226324 0.226388 0.226446 0.226705 0.226709 0.226726 0.226791 0.226759 0.226743 0.226719 0.226519 0.226465 0.226366 0.226353 0.226302 0.000000 0.000000
0.000000 0.000000 0.212717 0.212727 0.212778 0.212824 0.213132 0.213132 0.213197 0.213198 0.213187 0.213201 0.213208 0.213219 0.213230 0.212910 0.212847 0.212762 0.212695 0.000000 0.000000
0.000000 0.000000 0.196953 0.196979 0.197045 0.197420 0.197423 0.197608 0.197704 0.197725 0.197787 0.197835 0.197793 0.197803 0.197623 0.197594 0.197092 0.197156 0.197137 0.000000 0.000000
0.000000 0.000000 0.179669 0.179695 0.180232 0.180140 0.180173 0.180247 0.180064 0.180131 0.180038 0.180085 0.180165 0.180032 0.179996 0.179968 0.180278 0.179527 0.179537 0.000000 0.000000
0.000000 0.000000 0.158251 0.159097 0.159022 0.159311 0.159735 0.159862 0.160053 0.160012 0.160246 0.160232 0.160105 0.160219 0.160008 0.159695 0.159053 0.159363 0.158490 0.000000 0.000000
0.000000 0.000000 0.148188 0.147511 0.146731 0.146776 0.146807 0.147539 0.147459 0.147660 0.147366 0.147431 0.147457 0.147364 0.146733 0.146713 0.146588 0.147250 0.147903 0.000000 0.000000
0.000000 0.000000 0.300000 0.300000 0.300000 0.300000 0.300000 0.300000 0.300000 0.300000 0.300000 0.300000 0.300000 0.300000 0.300000 0.300000 0.300000 0.300000 0.300000 0.000000 0.000000
0.000000 0.000000 0.000000 0.000000 0.000000 0.000000 0.000000 0.000000 0.000000 0.000000 0.000000 0.000000 0.000000 0.000000 0.000000 0.000000 0.000000 0.000000 0.000000 0.000000 0.000000