geotop/1.0zi/1.0Montebello/Templates/testdem/maps/_Eocsilt1421.asc
ncols         21
nrows         20
xllcorner     100.000000
yllcorner     100.000000
cellsize      50.000000
NODATA_value  -9999.0
0.000000 0.000000 0.000000 0.000000 0.000000 0.000000 0.000000 0.000000 0.000000 0.000000 0.000000 0.000000 0.000000 0.000000 0.000000 0.000000 0.000000 0.000000 0.000000 0.000000 0.000000
0.000000 0.000000 0.350030 0.350030 0.350030 0.350030 0.350030 0.350030 0.350030 0.350030 0.350030 0.350030 0.350030 0.350030 0.350030 0.350030 0.350030 0.350030 0.350030 0.000000 0.000000
0.000000 0.000000 0.350000 0.349999 0.350000 0.350000 0.350000 0.350000 0.350000 0.350000 0.350000 0.350000 0.350000 0.350000 0.350000 0.350000 0.350000 0.349999 0.350000 0.000000 0.000000
0.000000 0.000000 0.350601 0.350601 0.350598 0.350599 0.350601 0.350601 0.350601 0.350601 0.350601 0.350601 0.350601 0.350601 0.350601 0.350599 0.350598 0.350601 0.350601 0.000000 0.000000
0.000000 0.000000 0.352594 0.352594 0.352591 0.352591 0.352594 0.352594 0.352594 0.352595 0.352595 0.352595 0.352594 0.352594 0.352594 0.352591 0.352591 0.352594 0.352594 0.000000 0.000000
0.000000 0.000000 0.355050 0.355050 0.355048 0.355048 0.355051 0.355050 0.355050 0.355051 0.355050 0.355051 0.355050 0.355050 0.355051 0.355048 0.355048 0.355050 0.355050 0.000000 0.000000
0.000000 0.000000 0.357305 0.357305 0.357303 0.357303 0.357306 0.357305 0.357305 0.357305 0.357305 0.357305 0.357305 0.357305 0.357306 0.357303 0.357303 0.357305 0.357305 0.000000 0.000000
0.000000 0.000000 0.359374 0.359374 0.359372 0.359373 0.359375 0.359374 0.359374 0.359375 0.359375 0.359375 0.359374 0.359374 0.359375 0.359373 0.359372 0.359374 0.359374 0.000000 0.000000
0.000000 0.000000 0.361312 0.361312 0.361310 0.361311 0.361313 0.361312 0.361312 0.361312 0.361312 0.361312 0.361312 0.361312 0.361313 0.361311 0.361310 0.361312 0.361312 0.000000 0.000000
0.000000 0.000000 0.363168 0.363167 0.363166 0.363166 0.363168 0.363167 0.363167 0.363168 0.363168 0.363168 0.363167 0.363167 0.363168 0.363166 0.363166 0.363167 0.363168 0.000000 0.000000
0.000000 0.000000 0.364959 0.364959 0.364958 0.364958 0.364960 0.364959 0.364959 0.364960 0.364960 0.364960 0.364959 0.364959 0.364960 0.364958 0.364958 0.364959 0.364959 0.000000 0.000000
0.000000 0.000000 0.366705 0.366705 0.366703 0.366704 0.366705 0.366705 0.366705 0.366705 0.366705 0.366705 0.366705 0.366705 0.366705 0.366704 0.366703 0.366705 0.366705 0.000000 0.000000
0.000000 0.000000 0.368417 0.368417 0.368415 0.368416 0.368417 0.368417 0.368417 0.368417 0.368417 0.368417 0.368417 0.368417 0.368417 0.368416 0.368415 0.368417 0.368417 0.000000 0.000000
0.000000 0.000000 0.370099 0.370099 0.370097 0.370098 0.370099 0.370099 0.370099 0.370099 0.370099 0.370099 0.370099 0.370099 0.370099 0.370098 0.370097 0.370099 0.370099 0.000000 0.000000
0.000000 0.000000 0.371759 0.371759 0.371758 0.371758 0.371760 0.371759 0.371759 0.371760 0.371759 0.371760 0.371759 0.371759 0.371760 0.371758 0.371758 0.371759 0.371759 0.000000 0.000000
0.000000 0.000000 0.373402 0.373402 0.373400 0.373401 0.373402 0.373402 0.373402 0.373402 0.373402 0.373402 0.373402 0.373402 0.373402 0.373401 0.373400 0.373402 0.373402 0.000000 0.000000
0.000000 0.000000 0.375024 0.375024 0.375022 0.375023 0.375024 0.375024 0.375024 0.375024 0.375024 0.375024 0.375024 0.375024 0.375024 0.375023 0.375022 0.375024 0.375024 0.000000 0.000000
0.000000 0.000000 0.376666 0.376666 0.376664 0.376665 0.376666 0.376666 0.376666 0.376666 0.376666 0.376666 0.376666 0.376666 0.376666 0.376665 0.376664 0.376666 0.376666 0.000000 0.000000
0.000000 0.000000 0.350000 0.350000 0.350000 0.350000 0.350000 0.350000 0.350000 0.350000 0.350000 0.350000 0.350000 0.350000 0.350000 0.350000 0.350000 0.350000 0.350000 0.000000 0.000000
0.000000 0.000000 0.000000 0.000000 0.000000 0.000000 0.000000 0.000000 0.000000 0.000000 0.000000 0.000000 0.000000 0.000000 0.000000 0.000000 0.000000 0.000000 0.000000 0.000000 0.000000