geotop/1.0zi/1.0Montebello/Templates/testdem/maps/_Eocclay6875.asc
ncols         21
nrows         20
xllcorner     100.000000
yllcorner     100.000000
cellsize      50.000000
NODATA_value  -9999.0
0.000000 0.000000 0.000000 0.000000 0.000000 0.000000 0.000000 0.000000 0.000000 0.000000 0.000000 0.000000 0.000000 0.000000 0.000000 0.000000 0.000000 0.000000 0.000000 0.000000 0.000000
0.000000 0.000000 0.349693 0.349694 0.349694 0.349693 0.349694 0.349694 0.349694 0.349694 0.349693 0.349694 0.349694 0.349694 0.349694 0.349694 0.349692 0.349692 0.349693 0.000000 0.000000
0.000000 0.000000 0.349988 0.349987 0.349988 0.349988 0.349987 0.349987 0.349987 0.349987 0.349987 0.349986 0.349987 0.349986 0.349987 0.349987 0.349988 0.349988 0.349986 0.000000 0.000000
0.000000 0.000000 0.349977 0.349982 0.349979 0.349979 0.349980 0.349980 0.349982 0.349978 0.349983 0.349981 0.349981 0.349980 0.349980 0.349982 0.349980 0.349981 0.349981 0.000000 0.000000
0.000000 0.000000 0.350678 0.350676 0.350673 0.350670 0.350658 0.350656 0.350655 0.350657 0.350654 0.350656 0.350651 0.350654 0.350662 0.350662 0.350667 0.350668 0.350675 0.000000 0.000000
0.000000 0.000000 0.352782 0.352781 0.352771 0.352747 0.352738 0.352717 0.352719 0.352713 0.352717 0.352717 0.352719 0.352719 0.352726 0.352743 0.352754 0.352766 0.352773 0.000000 0.000000
0.000000 0.000000 0.355822 0.355820 0.355813 0.355793 0.355768 0.355737 0.355736 0.355731 0.355733 0.355735 0.355735 0.355735 0.355760 0.355786 0.355798 0.355807 0.355816 0.000000 0.000000
0.000000 0.000000 0.359452 0.359451 0.359444 0.359420 0.359395 0.359362 0.359362 0.359358 0.359358 0.359357 0.359355 0.359361 0.359388 0.359410 0.359430 0.359437 0.359449 0.000000 0.000000
0.000000 0.000000 0.363216 0.363211 0.363200 0.363185 0.363160 0.363126 0.363129 0.363121 0.363119 0.363119 0.363119 0.363117 0.363150 0.363178 0.363193 0.363199 0.363209 0.000000 0.000000
0.000000 0.000000 0.367100 0.367093 0.367087 0.367074 0.367037 0.367007 0.367008 0.367003 0.366999 0.367003 0.367008 0.367004 0.367032 0.367063 0.367081 0.367086 0.367094 0.000000 0.000000
0.000000 0.000000 0.371212 0.371207 0.371201 0.371173 0.371149 0.371113 0.371120 0.371101 0.371104 0.371105 0.371098 0.371110 0.371133 0.371153 0.371175 0.371186 0.371204 0.000000 0.000000
0.000000 0.000000 0.375623 0.375613 0.375600 0.375579 0.375555 0.375512 0.375512 0.375503 0.375514 0.375501 0.375503 0.375507 0.375548 0.375570 0.375585 0.375592 0.375634 0.000000 0.000000
0.000000 0.000000 0.380258 0.380246 0.380240 0.380216 0.380194 0.380095 0.380095 0.380087 0.380065 0.380076 0.380083 0.380092 0.380166 0.380188 0.380224 0.380227 0.380254 0.000000 0.000000
0.000000 0.000000 0.385446 0.385441 0.385423 0.385405 0.385298 0.385285 0.385262 0.385261 0.385260 0.385260 0.385258 0.385254 0.385257 0.385371 0.385397 0.385425 0.385455 0.000000 0.000000
0.000000 0.000000 0.391331 0.391322 0.391297 0.391174 0.391155 0.391095 0.391057 0.391050 0.391030 0.391016 0.391029 0.391023 0.391077 0.391110 0.391276 0.391258 0.391272 0.000000 0.000000
0.000000 0.000000 0.397706 0.397697 0.397526 0.397526 0.397519 0.397487 0.397536 0.397514 0.397538 0.397521 0.397498 0.397538 0.397554 0.397566 0.397508 0.397733 0.397734 0.000000 0.000000
0.000000 0.000000 0.405376 0.405123 0.405095 0.405019 0.404895 0.404850 0.404811 0.404816 0.404755 0.404756 0.404787 0.404763 0.404826 0.404921 0.405082 0.405056 0.405316 0.000000 0.000000
0.000000 0.000000 0.410086 0.410202 0.410444 0.410405 0.410359 0.410132 0.410138 0.410082 0.410147 0.410130 0.410135 0.410150 0.410354 0.410391 0.410486 0.410253 0.410151 0.000000 0.000000
0.000000 0.000000 0.350000 0.350000 0.350000 0.350000 0.350000 0.350000 0.350000 0.350000 0.350000 0.350000 0.350000 0.350000 0.350000 0.350000 0.350000 0.350000 0.350000 0.000000 0.000000
0.000000 0.000000 0.000000 0.000000 0.000000 0.000000 0.000000 0.000000 0.000000 0.000000 0.000000 0.000000 0.000000 0.000000 0.000000 0.000000 0.000000 0.000000 0.000000 0.000000 0.000000