geotop/1.0zi/1.0Montebello/Templates/testdem/maps/_Eocsand2922.asc
ncols         21
nrows         20
xllcorner     100.000000
yllcorner     100.000000
cellsize      50.000000
NODATA_value  -9999.0
0.000000 0.000000 0.000000 0.000000 0.000000 0.000000 0.000000 0.000000 0.000000 0.000000 0.000000 0.000000 0.000000 0.000000 0.000000 0.000000 0.000000 0.000000 0.000000 0.000000 0.000000
0.000000 0.000000 0.300088 0.300088 0.300088 0.300088 0.300088 0.300088 0.300088 0.300088 0.300089 0.300088 0.300088 0.300088 0.300088 0.300088 0.300088 0.300088 0.300088 0.000000 0.000000
0.000000 0.000000 0.300010 0.300010 0.300011 0.300010 0.300010 0.300010 0.300010 0.300010 0.300009 0.300010 0.300010 0.300010 0.300010 0.300010 0.300011 0.300010 0.300010 0.000000 0.000000
0.000000 0.000000 0.297953 0.297954 0.297958 0.297956 0.297952 0.297953 0.297953 0.297952 0.297952 0.297952 0.297953 0.297953 0.297952 0.297956 0.297958 0.297954 0.297953 0.000000 0.000000
0.000000 0.000000 0.289553 0.289555 0.289558 0.289558 0.289552 0.289554 0.289554 0.289551 0.289551 0.289551 0.289554 0.289554 0.289552 0.289558 0.289558 0.289555 0.289553 0.000000 0.000000
0.000000 0.000000 0.279505 0.279506 0.279509 0.279509 0.279504 0.279506 0.279506 0.279503 0.279503 0.279503 0.279506 0.279506 0.279504 0.279509 0.279509 0.279506 0.279505 0.000000 0.000000
0.000000 0.000000 0.270199 0.270200 0.270203 0.270202 0.270199 0.270200 0.270200 0.270198 0.270197 0.270198 0.270200 0.270200 0.270199 0.270202 0.270203 0.270200 0.270199 0.000000 0.000000
0.000000 0.000000 0.261730 0.261731 0.261734 0.261733 0.261730 0.261731 0.261731 0.261729 0.261729 0.261729 0.261731 0.261731 0.261730 0.261733 0.261734 0.261731 0.261730 0.000000 0.000000
0.000000 0.000000 0.253879 0.253880 0.253882 0.253882 0.253879 0.253880 0.253880 0.253878 0.253878 0.253878 0.253880 0.253880 0.253879 0.253882 0.253882 0.253880 0.253879 0.000000 0.000000
0.000000 0.000000 0.246461 0.246461 0.246464 0.246463 0.246460 0.246461 0.246461 0.246459 0.246459 0.246459 0.246461 0.246461 0.246460 0.246463 0.246464 0.246461 0.246461 0.000000 0.000000
0.000000 0.000000 0.239386 0.239386 0.239388 0.239388 0.239385 0.239386 0.239386 0.239385 0.239384 0.239385 0.239386 0.239386 0.239385 0.239388 0.239388 0.239386 0.239386 0.000000 0.000000
0.000000 0.000000 0.232585 0.232585 0.232588 0.232587 0.232584 0.232585 0.232585 0.232584 0.232583 0.232584 0.232585 0.232585 0.232584 0.232587 0.232588 0.232585 0.232585 0.000000 0.000000
0.000000 0.000000 0.226008 0.226008 0.226011 0.226010 0.226007 0.226008 0.226008 0.226007 0.226006 0.226007 0.226008 0.226008 0.226007 0.226010 0.226011 0.226008 0.226008 0.000000 0.000000
0.000000 0.000000 0.219613 0.219613 0.219615 0.219614 0.219612 0.219613 0.219613 0.219612 0.219611 0.219612 0.219613 0.219613 0.219612 0.219614 0.219615 0.219613 0.219613 0.000000 0.000000
0.000000 0.000000 0.213383 0.213384 0.213386 0.213385 0.213383 0.213384 0.213384 0.213383 0.213382 0.213383 0.213384 0.213384 0.213383 0.213385 0.213386 0.213384 0.213383 0.000000 0.000000
0.000000 0.000000 0.207306 0.207307 0.207309 0.207308 0.207306 0.207307 0.207306 0.207305 0.207305 0.207305 0.207306 0.207307 0.207306 0.207308 0.207309 0.207307 0.207306 0.000000 0.000000
0.000000 0.000000 0.201366 0.201366 0.201368 0.201367 0.201365 0.201366 0.201366 0.201365 0.201364 0.201365 0.201366 0.201366 0.201365 0.201367 0.201368 0.201366 0.201366 0.000000 0.000000
0.000000 0.000000 0.195460 0.195459 0.195461 0.195460 0.195458 0.195459 0.195459 0.195458 0.195457 0.195458 0.195459 0.195459 0.195458 0.195460 0.195461 0.195459 0.195459 0.000000 0.000000
0.000000 0.000000 0.300000 0.300000 0.300000 0.300000 0.300000 0.300000 0.300000 0.300000 0.300000 0.300000 0.300000 0.300000 0.300000 0.300000 0.300000 0.300000 0.300000 0.000000 0.000000
0.000000 0.000000 0.000000 0.000000 0.000000 0.000000 0.000000 0.000000 0.000000 0.000000 0.000000 0.000000 0.000000 0.000000 0.000000 0.000000 0.000000 0.000000 0.000000 0.000000 0.000000