geotop/1.0zi/1.0Montebello/Templates/testdem/maps/_Eocsand8786.asc
ncols         21
nrows         20
xllcorner     100.000000
yllcorner     100.000000
cellsize      50.000000
NODATA_value  -9999.0
0.000000 0.000000 0.000000 0.000000 0.000000 0.000000 0.000000 0.000000 0.000000 0.000000 0.000000 0.000000 0.000000 0.000000 0.000000 0.000000 0.000000 0.000000 0.000000 0.000000 0.000000
0.000000 0.000000 0.300223 0.300220 0.300220 0.300221 0.300220 0.300219 0.300220 0.300220 0.300220 0.300220 0.300220 0.300220 0.300220 0.300220 0.300221 0.300221 0.300221 0.000000 0.000000
0.000000 0.000000 0.300012 0.300014 0.300013 0.300012 0.300013 0.300013 0.300013 0.300013 0.300013 0.300013 0.300012 0.300013 0.300013 0.300013 0.300014 0.300014 0.300015 0.000000 0.000000
0.000000 0.000000 0.299857 0.299856 0.299861 0.299871 0.299870 0.299873 0.299867 0.299869 0.299869 0.299869 0.299868 0.299871 0.299865 0.299859 0.299857 0.299856 0.299855 0.000000 0.000000
0.000000 0.000000 0.297601 0.297604 0.297618 0.297644 0.297670 0.297674 0.297678 0.297680 0.297681 0.297677 0.297675 0.297675 0.297652 0.297641 0.297626 0.297622 0.297609 0.000000 0.000000
0.000000 0.000000 0.291237 0.291245 0.291274 0.291323 0.291373 0.291418 0.291415 0.291428 0.291419 0.291419 0.291410 0.291414 0.291385 0.291343 0.291319 0.291305 0.291292 0.000000 0.000000
0.000000 0.000000 0.282421 0.282439 0.282461 0.282520 0.282590 0.282682 0.282677 0.282686 0.282685 0.282684 0.282686 0.282682 0.282604 0.282545 0.282510 0.282487 0.282472 0.000000 0.000000
0.000000 0.000000 0.271993 0.272012 0.272028 0.272097 0.272167 0.272252 0.272248 0.272259 0.272259 0.272264 0.272269 0.272253 0.272179 0.272118 0.272060 0.272052 0.272024 0.000000 0.000000
0.000000 0.000000 0.260738 0.260764 0.260795 0.260843 0.260924 0.261019 0.261009 0.261029 0.261035 0.261038 0.261034 0.261039 0.260939 0.260865 0.260821 0.260808 0.260781 0.000000 0.000000
0.000000 0.000000 0.248625 0.248658 0.248676 0.248726 0.248838 0.248922 0.248918 0.248930 0.248944 0.248934 0.248921 0.248927 0.248846 0.248753 0.248702 0.248689 0.248675 0.000000 0.000000
0.000000 0.000000 0.235241 0.235263 0.235282 0.235394 0.235466 0.235575 0.235544 0.235610 0.235596 0.235603 0.235623 0.235587 0.235502 0.235446 0.235375 0.235350 0.235296 0.000000 0.000000
0.000000 0.000000 0.220096 0.220142 0.220197 0.220258 0.220356 0.220487 0.220487 0.220496 0.220468 0.220518 0.220495 0.220497 0.220351 0.220273 0.220235 0.220217 0.220096 0.000000 0.000000
0.000000 0.000000 0.203433 0.203486 0.203492 0.203608 0.203686 0.204068 0.204066 0.204085 0.204197 0.204130 0.204115 0.204081 0.203781 0.203709 0.203566 0.203564 0.203515 0.000000 0.000000
0.000000 0.000000 0.183365 0.183382 0.183474 0.183548 0.184068 0.183967 0.184064 0.184060 0.184010 0.184057 0.184066 0.184111 0.184195 0.183641 0.183589 0.183463 0.183373 0.000000 0.000000
0.000000 0.000000 0.159501 0.159567 0.159673 0.160353 0.160209 0.160558 0.160683 0.160717 0.160842 0.160911 0.160834 0.160846 0.160503 0.160613 0.159721 0.159910 0.159913 0.000000 0.000000
0.000000 0.000000 0.133999 0.134049 0.135003 0.134637 0.134750 0.134772 0.134369 0.134484 0.134273 0.134325 0.134493 0.134262 0.134300 0.134202 0.135085 0.133674 0.133698 0.000000 0.000000
0.000000 0.000000 0.104349 0.105681 0.105253 0.105829 0.106492 0.106688 0.107111 0.107008 0.107439 0.107389 0.107135 0.107401 0.107042 0.106552 0.105296 0.106255 0.104879 0.000000 0.000000
0.000000 0.000000 0.096026 0.094879 0.093920 0.093920 0.093848 0.094785 0.094594 0.094877 0.094398 0.094492 0.094572 0.094413 0.093640 0.093686 0.093747 0.094473 0.095609 0.000000 0.000000
0.000000 0.000000 0.300000 0.300000 0.300000 0.300000 0.300000 0.300000 0.300000 0.300000 0.300000 0.300000 0.300000 0.300000 0.300000 0.300000 0.300000 0.300000 0.300000 0.000000 0.000000
0.000000 0.000000 0.000000 0.000000 0.000000 0.000000 0.000000 0.000000 0.000000 0.000000 0.000000 0.000000 0.000000 0.000000 0.000000 0.000000 0.000000 0.000000 0.000000 0.000000 0.000000