geotop/1.0zi/1.0Montebello/Templates/testdem/maps/_Eocsilt6838.asc
ncols         21
nrows         20
xllcorner     100.000000
yllcorner     100.000000
cellsize      50.000000
NODATA_value  -9999.0
0.000000 0.000000 0.000000 0.000000 0.000000 0.000000 0.000000 0.000000 0.000000 0.000000 0.000000 0.000000 0.000000 0.000000 0.000000 0.000000 0.000000 0.000000 0.000000 0.000000 0.000000
0.000000 0.000000 0.350136 0.350137 0.350137 0.350137 0.350137 0.350137 0.350137 0.350137 0.350137 0.350137 0.350137 0.350137 0.350137 0.350137 0.350137 0.350137 0.350136 0.000000 0.000000
0.000000 0.000000 0.350003 0.350002 0.350003 0.350003 0.350003 0.350003 0.350003 0.350003 0.350003 0.350003 0.350004 0.350004 0.350003 0.350003 0.350001 0.350001 0.350002 0.000000 0.000000
0.000000 0.000000 0.350058 0.350054 0.350053 0.350048 0.350049 0.350047 0.350049 0.350049 0.350047 0.350048 0.350048 0.350048 0.350050 0.350053 0.350056 0.350057 0.350057 0.000000 0.000000
0.000000 0.000000 0.350697 0.350703 0.350699 0.350692 0.350688 0.350681 0.350680 0.350677 0.350678 0.350680 0.350681 0.350681 0.350691 0.350695 0.350694 0.350701 0.350706 0.000000 0.000000
0.000000 0.000000 0.352613 0.352615 0.352607 0.352593 0.352579 0.352561 0.352560 0.352555 0.352559 0.352561 0.352562 0.352560 0.352568 0.352578 0.352586 0.352592 0.352598 0.000000 0.000000
0.000000 0.000000 0.355497 0.355494 0.355485 0.355464 0.355438 0.355411 0.355412 0.355409 0.355411 0.355410 0.355407 0.355411 0.355432 0.355455 0.355468 0.355480 0.355488 0.000000 0.000000
0.000000 0.000000 0.358981 0.358980 0.358976 0.358954 0.358929 0.358899 0.358899 0.358896 0.358895 0.358894 0.358892 0.358896 0.358921 0.358945 0.358965 0.358969 0.358981 0.000000 0.000000
0.000000 0.000000 0.362664 0.362658 0.362646 0.362632 0.362606 0.362572 0.362574 0.362566 0.362564 0.362564 0.362565 0.362563 0.362596 0.362624 0.362640 0.362647 0.362658 0.000000 0.000000
0.000000 0.000000 0.366433 0.366426 0.366420 0.366408 0.366372 0.366342 0.366344 0.366339 0.366335 0.366338 0.366343 0.366339 0.366366 0.366397 0.366415 0.366419 0.366427 0.000000 0.000000
0.000000 0.000000 0.370375 0.370370 0.370365 0.370337 0.370313 0.370279 0.370287 0.370268 0.370270 0.370271 0.370265 0.370276 0.370298 0.370318 0.370339 0.370350 0.370367 0.000000 0.000000
0.000000 0.000000 0.374601 0.374590 0.374578 0.374559 0.374535 0.374493 0.374493 0.374485 0.374495 0.374483 0.374486 0.374489 0.374529 0.374550 0.374565 0.374572 0.374612 0.000000 0.000000
0.000000 0.000000 0.379023 0.379012 0.379006 0.378983 0.378962 0.378868 0.378868 0.378860 0.378839 0.378850 0.378856 0.378864 0.378934 0.378956 0.378990 0.378993 0.379019 0.000000 0.000000
0.000000 0.000000 0.383954 0.383949 0.383932 0.383915 0.383815 0.383801 0.383779 0.383778 0.383777 0.383777 0.383775 0.383771 0.383776 0.383882 0.383907 0.383933 0.383962 0.000000 0.000000
0.000000 0.000000 0.389524 0.389516 0.389492 0.389378 0.389357 0.389301 0.389266 0.389260 0.389241 0.389226 0.389240 0.389233 0.389284 0.389317 0.389472 0.389456 0.389470 0.000000 0.000000
0.000000 0.000000 0.395543 0.395534 0.395376 0.395372 0.395366 0.395334 0.395377 0.395356 0.395378 0.395362 0.395342 0.395378 0.395395 0.395407 0.395359 0.395564 0.395566 0.000000 0.000000
0.000000 0.000000 0.402722 0.402493 0.402461 0.402392 0.402279 0.402238 0.402204 0.402208 0.402153 0.402153 0.402180 0.402160 0.402217 0.402304 0.402449 0.402433 0.402669 0.000000 0.000000
0.000000 0.000000 0.407241 0.407335 0.407551 0.407512 0.407466 0.407260 0.407265 0.407214 0.407270 0.407255 0.407260 0.407273 0.407458 0.407496 0.407588 0.407379 0.407296 0.000000 0.000000
0.000000 0.000000 0.350000 0.350000 0.350000 0.350000 0.350000 0.350000 0.350000 0.350000 0.350000 0.350000 0.350000 0.350000 0.350000 0.350000 0.350000 0.350000 0.350000 0.000000 0.000000
0.000000 0.000000 0.000000 0.000000 0.000000 0.000000 0.000000 0.000000 0.000000 0.000000 0.000000 0.000000 0.000000 0.000000 0.000000 0.000000 0.000000 0.000000 0.000000 0.000000 0.000000