geotop/1.0zi/1.0Montebello/Templates/testdem/maps/_Eocsand5624.asc
ncols         21
nrows         20
xllcorner     100.000000
yllcorner     100.000000
cellsize      50.000000
NODATA_value  -9999.0
0.000000 0.000000 0.000000 0.000000 0.000000 0.000000 0.000000 0.000000 0.000000 0.000000 0.000000 0.000000 0.000000 0.000000 0.000000 0.000000 0.000000 0.000000 0.000000 0.000000 0.000000
0.000000 0.000000 0.300142 0.300141 0.300141 0.300141 0.300141 0.300140 0.300141 0.300141 0.300141 0.300141 0.300141 0.300141 0.300141 0.300141 0.300141 0.300141 0.300141 0.000000 0.000000
0.000000 0.000000 0.300009 0.300008 0.300008 0.300008 0.300008 0.300008 0.300008 0.300008 0.300008 0.300008 0.300007 0.300007 0.300008 0.300008 0.300009 0.300010 0.300009 0.000000 0.000000
0.000000 0.000000 0.299967 0.299966 0.299970 0.299973 0.299971 0.299973 0.299970 0.299972 0.299971 0.299973 0.299973 0.299974 0.299970 0.299965 0.299966 0.299963 0.299965 0.000000 0.000000
0.000000 0.000000 0.299007 0.299004 0.299006 0.299014 0.299028 0.299037 0.299036 0.299037 0.299041 0.299038 0.299042 0.299041 0.299030 0.299029 0.299024 0.299013 0.299006 0.000000 0.000000
0.000000 0.000000 0.295970 0.295965 0.295975 0.296007 0.296023 0.296057 0.296059 0.296067 0.296059 0.296057 0.296052 0.296056 0.296047 0.296030 0.296015 0.296000 0.295990 0.000000 0.000000
0.000000 0.000000 0.291451 0.291455 0.291461 0.291495 0.291535 0.291585 0.291584 0.291590 0.291585 0.291583 0.291586 0.291585 0.291551 0.291514 0.291497 0.291479 0.291466 0.000000 0.000000
0.000000 0.000000 0.285980 0.285979 0.285980 0.286016 0.286056 0.286109 0.286108 0.286114 0.286113 0.286113 0.286117 0.286111 0.286072 0.286037 0.286007 0.286000 0.285981 0.000000 0.000000
0.000000 0.000000 0.280342 0.280350 0.280362 0.280383 0.280423 0.280480 0.280476 0.280486 0.280490 0.280487 0.280488 0.280493 0.280443 0.280404 0.280378 0.280369 0.280353 0.000000 0.000000
0.000000 0.000000 0.274673 0.274683 0.274686 0.274701 0.274758 0.274808 0.274803 0.274810 0.274817 0.274809 0.274803 0.274810 0.274771 0.274726 0.274699 0.274695 0.274683 0.000000 0.000000
0.000000 0.000000 0.268828 0.268834 0.268833 0.268874 0.268912 0.268967 0.268955 0.268982 0.268980 0.268977 0.268985 0.268972 0.268940 0.268912 0.268882 0.268865 0.268841 0.000000 0.000000
0.000000 0.000000 0.262703 0.262716 0.262730 0.262758 0.262791 0.262858 0.262854 0.262870 0.262853 0.262869 0.262867 0.262863 0.262806 0.262780 0.262759 0.262750 0.262687 0.000000 0.000000
0.000000 0.000000 0.256424 0.256436 0.256440 0.256471 0.256502 0.256634 0.256634 0.256646 0.256673 0.256657 0.256648 0.256639 0.256544 0.256520 0.256473 0.256468 0.256423 0.000000 0.000000
0.000000 0.000000 0.249620 0.249628 0.249643 0.249663 0.249790 0.249824 0.249853 0.249855 0.249864 0.249859 0.249858 0.249864 0.249850 0.249725 0.249685 0.249652 0.249608 0.000000 0.000000
0.000000 0.000000 0.242144 0.242154 0.242180 0.242310 0.242352 0.242427 0.242478 0.242486 0.242510 0.242524 0.242509 0.242521 0.242467 0.242406 0.242219 0.242234 0.242206 0.000000 0.000000
0.000000 0.000000 0.234249 0.234258 0.234425 0.234455 0.234465 0.234515 0.234481 0.234502 0.234488 0.234507 0.234527 0.234494 0.234466 0.234450 0.234461 0.234245 0.234238 0.000000 0.000000
0.000000 0.000000 0.225239 0.225467 0.225548 0.225614 0.225723 0.225779 0.225796 0.225800 0.225849 0.225857 0.225836 0.225846 0.225786 0.225705 0.225575 0.225520 0.225289 0.000000 0.000000
0.000000 0.000000 0.218617 0.218611 0.218408 0.218464 0.218553 0.218768 0.218772 0.218820 0.218790 0.218803 0.218789 0.218785 0.218590 0.218528 0.218383 0.218593 0.218584 0.000000 0.000000
0.000000 0.000000 0.300000 0.300000 0.300000 0.300000 0.300000 0.300000 0.300000 0.300000 0.300000 0.300000 0.300000 0.300000 0.300000 0.300000 0.300000 0.300000 0.300000 0.000000 0.000000
0.000000 0.000000 0.000000 0.000000 0.000000 0.000000 0.000000 0.000000 0.000000 0.000000 0.000000 0.000000 0.000000 0.000000 0.000000 0.000000 0.000000 0.000000 0.000000 0.000000 0.000000