geotop/1.0zi/1.0Montebello/Templates/testdem/maps/_Eocclay6997.asc
ncols         21
nrows         20
xllcorner     100.000000
yllcorner     100.000000
cellsize      50.000000
NODATA_value  -9999.0
0.000000 0.000000 0.000000 0.000000 0.000000 0.000000 0.000000 0.000000 0.000000 0.000000 0.000000 0.000000 0.000000 0.000000 0.000000 0.000000 0.000000 0.000000 0.000000 0.000000 0.000000
0.000000 0.000000 0.349687 0.349688 0.349688 0.349687 0.349688 0.349688 0.349688 0.349688 0.349687 0.349688 0.349688 0.349688 0.349688 0.349688 0.349686 0.349686 0.349688 0.000000 0.000000
0.000000 0.000000 0.349987 0.349987 0.349988 0.349988 0.349987 0.349987 0.349987 0.349987 0.349987 0.349986 0.349987 0.349986 0.349987 0.349987 0.349988 0.349988 0.349985 0.000000 0.000000
0.000000 0.000000 0.349976 0.349981 0.349977 0.349977 0.349979 0.349978 0.349980 0.349976 0.349981 0.349978 0.349978 0.349977 0.349978 0.349980 0.349978 0.349980 0.349980 0.000000 0.000000
0.000000 0.000000 0.350705 0.350703 0.350700 0.350697 0.350683 0.350681 0.350680 0.350682 0.350680 0.350680 0.350676 0.350680 0.350687 0.350687 0.350693 0.350694 0.350702 0.000000 0.000000
0.000000 0.000000 0.352890 0.352889 0.352878 0.352854 0.352843 0.352821 0.352823 0.352816 0.352820 0.352820 0.352821 0.352823 0.352831 0.352848 0.352859 0.352872 0.352879 0.000000 0.000000
0.000000 0.000000 0.356012 0.356010 0.356002 0.355982 0.355955 0.355922 0.355922 0.355917 0.355919 0.355919 0.355919 0.355920 0.355947 0.355973 0.355985 0.355996 0.356004 0.000000 0.000000
0.000000 0.000000 0.359740 0.359739 0.359732 0.359706 0.359681 0.359646 0.359646 0.359642 0.359642 0.359640 0.359637 0.359645 0.359673 0.359695 0.359716 0.359723 0.359736 0.000000 0.000000
0.000000 0.000000 0.363615 0.363610 0.363598 0.363583 0.363556 0.363521 0.363524 0.363515 0.363513 0.363512 0.363511 0.363511 0.363545 0.363574 0.363590 0.363597 0.363607 0.000000 0.000000
0.000000 0.000000 0.367626 0.367618 0.367612 0.367598 0.367559 0.367527 0.367529 0.367524 0.367519 0.367521 0.367526 0.367524 0.367553 0.367585 0.367604 0.367609 0.367618 0.000000 0.000000
0.000000 0.000000 0.371885 0.371880 0.371872 0.371843 0.371817 0.371779 0.371788 0.371767 0.371770 0.371769 0.371762 0.371775 0.371800 0.371820 0.371843 0.371855 0.371874 0.000000 0.000000
0.000000 0.000000 0.376469 0.376457 0.376443 0.376422 0.376394 0.376349 0.376349 0.376341 0.376351 0.376336 0.376339 0.376343 0.376387 0.376409 0.376425 0.376434 0.376477 0.000000 0.000000
0.000000 0.000000 0.381300 0.381288 0.381281 0.381255 0.381231 0.381126 0.381126 0.381118 0.381094 0.381105 0.381112 0.381122 0.381200 0.381223 0.381261 0.381265 0.381293 0.000000 0.000000
0.000000 0.000000 0.386734 0.386728 0.386708 0.386689 0.386574 0.386561 0.386538 0.386536 0.386536 0.386533 0.386531 0.386528 0.386531 0.386651 0.386678 0.386709 0.386740 0.000000 0.000000
0.000000 0.000000 0.392925 0.392916 0.392889 0.392757 0.392738 0.392673 0.392634 0.392626 0.392604 0.392587 0.392601 0.392596 0.392656 0.392686 0.392864 0.392845 0.392859 0.000000 0.000000
0.000000 0.000000 0.399649 0.399639 0.399454 0.399461 0.399451 0.399413 0.399469 0.399444 0.399471 0.399450 0.399425 0.399470 0.399492 0.399503 0.399431 0.399676 0.399678 0.000000 0.000000
0.000000 0.000000 0.407786 0.407510 0.407487 0.407401 0.407262 0.407215 0.407171 0.407177 0.407108 0.407108 0.407142 0.407116 0.407184 0.407287 0.407470 0.407430 0.407715 0.000000 0.000000
0.000000 0.000000 0.412624 0.412770 0.413031 0.412994 0.412947 0.412697 0.412709 0.412646 0.412720 0.412699 0.412701 0.412722 0.412945 0.412978 0.413073 0.412827 0.412694 0.000000 0.000000
0.000000 0.000000 0.350000 0.350000 0.350000 0.350000 0.350000 0.350000 0.350000 0.350000 0.350000 0.350000 0.350000 0.350000 0.350000 0.350000 0.350000 0.350000 0.350000 0.000000 0.000000
0.000000 0.000000 0.000000 0.000000 0.000000 0.000000 0.000000 0.000000 0.000000 0.000000 0.000000 0.000000 0.000000 0.000000 0.000000 0.000000 0.000000 0.000000 0.000000 0.000000 0.000000