geotop/1.0zi/1.0Montebello/Templates/testdem/maps/_Eocclay4681.asc
ncols         21
nrows         20
xllcorner     100.000000
yllcorner     100.000000
cellsize      50.000000
NODATA_value  -9999.0
0.000000 0.000000 0.000000 0.000000 0.000000 0.000000 0.000000 0.000000 0.000000 0.000000 0.000000 0.000000 0.000000 0.000000 0.000000 0.000000 0.000000 0.000000 0.000000 0.000000 0.000000
0.000000 0.000000 0.349789 0.349790 0.349790 0.349790 0.349790 0.349790 0.349790 0.349790 0.349790 0.349790 0.349790 0.349790 0.349790 0.349790 0.349789 0.349790 0.349789 0.000000 0.000000
0.000000 0.000000 0.349992 0.349992 0.349992 0.349992 0.349992 0.349992 0.349992 0.349992 0.349992 0.349991 0.349992 0.349992 0.349992 0.349992 0.349992 0.349992 0.349992 0.000000 0.000000
0.000000 0.000000 0.349992 0.349994 0.349992 0.349993 0.349994 0.349994 0.349994 0.349993 0.349994 0.349993 0.349993 0.349992 0.349994 0.349996 0.349994 0.349995 0.349993 0.000000 0.000000
0.000000 0.000000 0.350338 0.350337 0.350336 0.350331 0.350323 0.350321 0.350321 0.350320 0.350320 0.350322 0.350319 0.350320 0.350325 0.350324 0.350328 0.350329 0.350332 0.000000 0.000000
0.000000 0.000000 0.351596 0.351600 0.351594 0.351578 0.351574 0.351560 0.351559 0.351554 0.351559 0.351559 0.351563 0.351564 0.351566 0.351575 0.351580 0.351588 0.351593 0.000000 0.000000
0.000000 0.000000 0.353477 0.353473 0.353470 0.353457 0.353442 0.353421 0.353421 0.353416 0.353420 0.353420 0.353421 0.353421 0.353436 0.353454 0.353463 0.353469 0.353475 0.000000 0.000000
0.000000 0.000000 0.355684 0.355683 0.355681 0.355665 0.355648 0.355627 0.355628 0.355624 0.355626 0.355626 0.355624 0.355626 0.355645 0.355661 0.355670 0.355675 0.355682 0.000000 0.000000
0.000000 0.000000 0.357894 0.357891 0.357887 0.357876 0.357861 0.357840 0.357841 0.357837 0.357838 0.357839 0.357837 0.357838 0.357855 0.357874 0.357882 0.357885 0.357893 0.000000 0.000000
0.000000 0.000000 0.360111 0.360107 0.360105 0.360093 0.360074 0.360054 0.360057 0.360054 0.360054 0.360055 0.360053 0.360052 0.360072 0.360091 0.360099 0.360103 0.360110 0.000000 0.000000
0.000000 0.000000 0.362372 0.362367 0.362365 0.362357 0.362342 0.362319 0.362321 0.362315 0.362316 0.362317 0.362315 0.362315 0.362332 0.362346 0.362356 0.362361 0.362369 0.000000 0.000000
0.000000 0.000000 0.364710 0.364707 0.364702 0.364689 0.364675 0.364652 0.364651 0.364648 0.364648 0.364648 0.364646 0.364645 0.364667 0.364684 0.364694 0.364697 0.364722 0.000000 0.000000
0.000000 0.000000 0.367084 0.367080 0.367075 0.367065 0.367047 0.366999 0.366999 0.366995 0.366995 0.366996 0.366993 0.366994 0.367036 0.367056 0.367065 0.367070 0.367085 0.000000 0.000000
0.000000 0.000000 0.369602 0.369595 0.369592 0.369581 0.369532 0.369519 0.369511 0.369507 0.369509 0.369509 0.369506 0.369506 0.369520 0.369569 0.369579 0.369589 0.369598 0.000000 0.000000
0.000000 0.000000 0.372325 0.372320 0.372307 0.372264 0.372240 0.372209 0.372194 0.372189 0.372182 0.372183 0.372184 0.372179 0.372203 0.372237 0.372292 0.372289 0.372297 0.000000 0.000000
0.000000 0.000000 0.375141 0.375135 0.375082 0.375073 0.375058 0.375043 0.375042 0.375040 0.375043 0.375043 0.375035 0.375045 0.375052 0.375067 0.375068 0.375126 0.375141 0.000000 0.000000
0.000000 0.000000 0.378283 0.378212 0.378169 0.378149 0.378112 0.378092 0.378088 0.378084 0.378077 0.378078 0.378078 0.378072 0.378087 0.378130 0.378158 0.378186 0.378257 0.000000 0.000000
0.000000 0.000000 0.380719 0.380706 0.380753 0.380727 0.380695 0.380624 0.380618 0.380610 0.380614 0.380614 0.380609 0.380614 0.380678 0.380714 0.380754 0.380693 0.380720 0.000000 0.000000
0.000000 0.000000 0.350000 0.350000 0.350000 0.350000 0.350000 0.350000 0.350000 0.350000 0.350000 0.350000 0.350000 0.350000 0.350000 0.350000 0.350000 0.350000 0.350000 0.000000 0.000000
0.000000 0.000000 0.000000 0.000000 0.000000 0.000000 0.000000 0.000000 0.000000 0.000000 0.000000 0.000000 0.000000 0.000000 0.000000 0.000000 0.000000 0.000000 0.000000 0.000000 0.000000