geotop/1.0zi/1.0Montebello/Templates/testdem/maps/_Eocsilt2342.asc
ncols         21
nrows         20
xllcorner     100.000000
yllcorner     100.000000
cellsize      50.000000
NODATA_value  -9999.0
0.000000 0.000000 0.000000 0.000000 0.000000 0.000000 0.000000 0.000000 0.000000 0.000000 0.000000 0.000000 0.000000 0.000000 0.000000 0.000000 0.000000 0.000000 0.000000 0.000000 0.000000
0.000000 0.000000 0.350056 0.350056 0.350056 0.350056 0.350056 0.350056 0.350056 0.350056 0.350055 0.350056 0.350056 0.350056 0.350056 0.350056 0.350056 0.350056 0.350056 0.000000 0.000000
0.000000 0.000000 0.349997 0.349997 0.349997 0.349998 0.349997 0.349997 0.349997 0.349997 0.349998 0.349997 0.349997 0.349997 0.349997 0.349998 0.349997 0.349997 0.349997 0.000000 0.000000
0.000000 0.000000 0.350780 0.350779 0.350777 0.350778 0.350780 0.350780 0.350780 0.350780 0.350780 0.350780 0.350780 0.350780 0.350780 0.350778 0.350777 0.350779 0.350780 0.000000 0.000000
0.000000 0.000000 0.353809 0.353809 0.353807 0.353807 0.353809 0.353809 0.353809 0.353810 0.353810 0.353810 0.353809 0.353809 0.353809 0.353807 0.353807 0.353809 0.353809 0.000000 0.000000
0.000000 0.000000 0.357752 0.357752 0.357750 0.357751 0.357753 0.357752 0.357752 0.357753 0.357753 0.357753 0.357752 0.357752 0.357753 0.357751 0.357750 0.357752 0.357752 0.000000 0.000000
0.000000 0.000000 0.361365 0.361365 0.361364 0.361364 0.361366 0.361365 0.361365 0.361366 0.361366 0.361366 0.361365 0.361365 0.361366 0.361364 0.361364 0.361365 0.361365 0.000000 0.000000
0.000000 0.000000 0.364666 0.364666 0.364664 0.364665 0.364666 0.364666 0.364666 0.364666 0.364667 0.364666 0.364666 0.364666 0.364666 0.364665 0.364664 0.364666 0.364666 0.000000 0.000000
0.000000 0.000000 0.367743 0.367743 0.367742 0.367742 0.367744 0.367743 0.367743 0.367744 0.367744 0.367744 0.367743 0.367743 0.367744 0.367742 0.367742 0.367743 0.367743 0.000000 0.000000
0.000000 0.000000 0.370669 0.370669 0.370668 0.370668 0.370669 0.370669 0.370669 0.370670 0.370670 0.370670 0.370669 0.370669 0.370669 0.370668 0.370668 0.370669 0.370669 0.000000 0.000000
0.000000 0.000000 0.373481 0.373481 0.373479 0.373480 0.373481 0.373481 0.373481 0.373481 0.373482 0.373481 0.373481 0.373481 0.373481 0.373480 0.373479 0.373481 0.373481 0.000000 0.000000
0.000000 0.000000 0.376204 0.376203 0.376202 0.376203 0.376204 0.376203 0.376203 0.376204 0.376204 0.376204 0.376203 0.376203 0.376204 0.376203 0.376202 0.376203 0.376204 0.000000 0.000000
0.000000 0.000000 0.378858 0.378857 0.378856 0.378857 0.378858 0.378858 0.378858 0.378858 0.378858 0.378858 0.378858 0.378858 0.378858 0.378857 0.378856 0.378857 0.378858 0.000000 0.000000
0.000000 0.000000 0.381453 0.381453 0.381451 0.381452 0.381453 0.381453 0.381453 0.381453 0.381453 0.381453 0.381453 0.381453 0.381453 0.381452 0.381451 0.381453 0.381453 0.000000 0.000000
0.000000 0.000000 0.383999 0.383998 0.383997 0.383998 0.383999 0.383998 0.383998 0.383999 0.383999 0.383999 0.383998 0.383998 0.383999 0.383998 0.383997 0.383998 0.383999 0.000000 0.000000
0.000000 0.000000 0.386498 0.386498 0.386497 0.386497 0.386498 0.386498 0.386498 0.386499 0.386499 0.386499 0.386498 0.386498 0.386498 0.386497 0.386497 0.386498 0.386498 0.000000 0.000000
0.000000 0.000000 0.388954 0.388954 0.388953 0.388953 0.388954 0.388954 0.388954 0.388955 0.388955 0.388955 0.388954 0.388954 0.388954 0.388953 0.388953 0.388954 0.388954 0.000000 0.000000
0.000000 0.000000 0.391402 0.391402 0.391401 0.391401 0.391402 0.391402 0.391402 0.391403 0.391403 0.391403 0.391402 0.391402 0.391402 0.391401 0.391401 0.391402 0.391402 0.000000 0.000000
0.000000 0.000000 0.350000 0.350000 0.350000 0.350000 0.350000 0.350000 0.350000 0.350000 0.350000 0.350000 0.350000 0.350000 0.350000 0.350000 0.350000 0.350000 0.350000 0.000000 0.000000
0.000000 0.000000 0.000000 0.000000 0.000000 0.000000 0.000000 0.000000 0.000000 0.000000 0.000000 0.000000 0.000000 0.000000 0.000000 0.000000 0.000000 0.000000 0.000000 0.000000 0.000000