geotop/1.0zi/1.0Montebello/Templates/testdem/maps/_Eocsilt3975.asc
ncols         21
nrows         20
xllcorner     100.000000
yllcorner     100.000000
cellsize      50.000000
NODATA_value  -9999.0
0.000000 0.000000 0.000000 0.000000 0.000000 0.000000 0.000000 0.000000 0.000000 0.000000 0.000000 0.000000 0.000000 0.000000 0.000000 0.000000 0.000000 0.000000 0.000000 0.000000 0.000000
0.000000 0.000000 0.350081 0.350081 0.350081 0.350081 0.350081 0.350081 0.350081 0.350081 0.350081 0.350081 0.350081 0.350081 0.350081 0.350081 0.350082 0.350081 0.350081 0.000000 0.000000
0.000000 0.000000 0.350001 0.350002 0.350002 0.350002 0.350003 0.350003 0.350003 0.350003 0.350003 0.350003 0.350003 0.350003 0.350003 0.350002 0.350001 0.350001 0.350001 0.000000 0.000000
0.000000 0.000000 0.350031 0.350031 0.350031 0.350026 0.350027 0.350025 0.350027 0.350027 0.350027 0.350026 0.350027 0.350026 0.350028 0.350030 0.350031 0.350033 0.350032 0.000000 0.000000
0.000000 0.000000 0.350374 0.350378 0.350375 0.350377 0.350375 0.350374 0.350372 0.350369 0.350369 0.350371 0.350373 0.350372 0.350372 0.350371 0.350370 0.350375 0.350377 0.000000 0.000000
0.000000 0.000000 0.351427 0.351428 0.351424 0.351418 0.351414 0.351400 0.351399 0.351394 0.351398 0.351401 0.351402 0.351402 0.351407 0.351412 0.351415 0.351414 0.351416 0.000000 0.000000
0.000000 0.000000 0.353002 0.353003 0.353000 0.352988 0.352975 0.352961 0.352963 0.352960 0.352964 0.352961 0.352958 0.352961 0.352973 0.352987 0.352990 0.352993 0.352999 0.000000 0.000000
0.000000 0.000000 0.354847 0.354844 0.354839 0.354826 0.354811 0.354794 0.354796 0.354793 0.354794 0.354792 0.354791 0.354791 0.354811 0.354827 0.354836 0.354836 0.354840 0.000000 0.000000
0.000000 0.000000 0.356706 0.356703 0.356695 0.356684 0.356670 0.356650 0.356652 0.356648 0.356649 0.356649 0.356647 0.356649 0.356667 0.356684 0.356690 0.356694 0.356701 0.000000 0.000000
0.000000 0.000000 0.358547 0.358544 0.358538 0.358526 0.358509 0.358492 0.358495 0.358492 0.358493 0.358492 0.358490 0.358490 0.358511 0.358528 0.358533 0.358535 0.358540 0.000000 0.000000
0.000000 0.000000 0.360391 0.360388 0.360381 0.360372 0.360359 0.360338 0.360340 0.360335 0.360336 0.360337 0.360335 0.360336 0.360353 0.360366 0.360374 0.360376 0.360382 0.000000 0.000000
0.000000 0.000000 0.362287 0.362283 0.362276 0.362262 0.362248 0.362228 0.362227 0.362224 0.362225 0.362224 0.362224 0.362225 0.362247 0.362262 0.362269 0.362271 0.362292 0.000000 0.000000
0.000000 0.000000 0.364197 0.364194 0.364185 0.364175 0.364158 0.364118 0.364118 0.364115 0.364115 0.364114 0.364112 0.364115 0.364152 0.364170 0.364177 0.364179 0.364192 0.000000 0.000000
0.000000 0.000000 0.366204 0.366198 0.366191 0.366180 0.366139 0.366127 0.366121 0.366118 0.366119 0.366118 0.366116 0.366118 0.366133 0.366173 0.366180 0.366187 0.366195 0.000000 0.000000
0.000000 0.000000 0.368353 0.368348 0.368334 0.368299 0.368277 0.368252 0.368240 0.368235 0.368230 0.368229 0.368231 0.368228 0.368251 0.368280 0.368320 0.368318 0.368324 0.000000 0.000000
0.000000 0.000000 0.370554 0.370549 0.370506 0.370496 0.370482 0.370468 0.370466 0.370464 0.370466 0.370465 0.370459 0.370469 0.370479 0.370492 0.370493 0.370534 0.370545 0.000000 0.000000
0.000000 0.000000 0.372980 0.372930 0.372890 0.372873 0.372844 0.372829 0.372825 0.372823 0.372818 0.372817 0.372817 0.372816 0.372829 0.372862 0.372880 0.372903 0.372953 0.000000 0.000000
0.000000 0.000000 0.374902 0.374888 0.374914 0.374892 0.374864 0.374814 0.374809 0.374803 0.374805 0.374804 0.374801 0.374806 0.374854 0.374884 0.374914 0.374869 0.374893 0.000000 0.000000
0.000000 0.000000 0.350000 0.350000 0.350000 0.350000 0.350000 0.350000 0.350000 0.350000 0.350000 0.350000 0.350000 0.350000 0.350000 0.350000 0.350000 0.350000 0.350000 0.000000 0.000000
0.000000 0.000000 0.000000 0.000000 0.000000 0.000000 0.000000 0.000000 0.000000 0.000000 0.000000 0.000000 0.000000 0.000000 0.000000 0.000000 0.000000 0.000000 0.000000 0.000000 0.000000