geotop/1.0zi/1.0Montebello/Templates/testdem/maps/_Eocclay6590.asc
ncols         21
nrows         20
xllcorner     100.000000
yllcorner     100.000000
cellsize      50.000000
NODATA_value  -9999.0
0.000000 0.000000 0.000000 0.000000 0.000000 0.000000 0.000000 0.000000 0.000000 0.000000 0.000000 0.000000 0.000000 0.000000 0.000000 0.000000 0.000000 0.000000 0.000000 0.000000 0.000000
0.000000 0.000000 0.349707 0.349709 0.349709 0.349708 0.349709 0.349709 0.349709 0.349709 0.349707 0.349709 0.349709 0.349709 0.349709 0.349709 0.349707 0.349707 0.349708 0.000000 0.000000
0.000000 0.000000 0.349988 0.349988 0.349988 0.349989 0.349987 0.349987 0.349988 0.349987 0.349987 0.349987 0.349988 0.349987 0.349988 0.349988 0.349989 0.349989 0.349986 0.000000 0.000000
0.000000 0.000000 0.349983 0.349987 0.349984 0.349984 0.349986 0.349986 0.349987 0.349984 0.349989 0.349986 0.349986 0.349986 0.349986 0.349988 0.349986 0.349988 0.349987 0.000000 0.000000
0.000000 0.000000 0.350589 0.350589 0.350587 0.350585 0.350572 0.350570 0.350570 0.350572 0.350569 0.350569 0.350565 0.350567 0.350573 0.350573 0.350579 0.350580 0.350586 0.000000 0.000000
0.000000 0.000000 0.352464 0.352464 0.352456 0.352431 0.352423 0.352404 0.352405 0.352400 0.352403 0.352402 0.352405 0.352405 0.352409 0.352425 0.352436 0.352449 0.352455 0.000000 0.000000
0.000000 0.000000 0.355265 0.355263 0.355257 0.355238 0.355214 0.355185 0.355184 0.355179 0.355181 0.355181 0.355182 0.355182 0.355204 0.355228 0.355241 0.355251 0.355258 0.000000 0.000000
0.000000 0.000000 0.358629 0.358629 0.358624 0.358600 0.358576 0.358545 0.358545 0.358542 0.358541 0.358539 0.358537 0.358543 0.358567 0.358587 0.358608 0.358615 0.358626 0.000000 0.000000
0.000000 0.000000 0.362110 0.362106 0.362096 0.362082 0.362059 0.362027 0.362029 0.362022 0.362019 0.362018 0.362019 0.362017 0.362046 0.362073 0.362088 0.362095 0.362104 0.000000 0.000000
0.000000 0.000000 0.365684 0.365678 0.365674 0.365661 0.365627 0.365598 0.365599 0.365595 0.365590 0.365592 0.365598 0.365594 0.365618 0.365648 0.365666 0.365671 0.365679 0.000000 0.000000
0.000000 0.000000 0.369445 0.369441 0.369436 0.369410 0.369387 0.369354 0.369361 0.369344 0.369344 0.369344 0.369340 0.369350 0.369368 0.369387 0.369410 0.369421 0.369437 0.000000 0.000000
0.000000 0.000000 0.373452 0.373443 0.373432 0.373412 0.373389 0.373350 0.373350 0.373342 0.373351 0.373338 0.373341 0.373343 0.373379 0.373399 0.373415 0.373423 0.373461 0.000000 0.000000
0.000000 0.000000 0.377635 0.377625 0.377620 0.377598 0.377577 0.377490 0.377489 0.377482 0.377461 0.377469 0.377477 0.377484 0.377548 0.377568 0.377603 0.377606 0.377632 0.000000 0.000000
0.000000 0.000000 0.382271 0.382267 0.382253 0.382235 0.382143 0.382127 0.382107 0.382105 0.382102 0.382100 0.382101 0.382098 0.382101 0.382199 0.382226 0.382252 0.382279 0.000000 0.000000
0.000000 0.000000 0.387484 0.387478 0.387457 0.387353 0.387329 0.387279 0.387244 0.387238 0.387220 0.387205 0.387219 0.387212 0.387254 0.387290 0.387433 0.387421 0.387435 0.000000 0.000000
0.000000 0.000000 0.393094 0.393087 0.392948 0.392937 0.392930 0.392899 0.392935 0.392917 0.392933 0.392915 0.392900 0.392931 0.392945 0.392957 0.392927 0.393109 0.393112 0.000000 0.000000
0.000000 0.000000 0.399736 0.399535 0.399496 0.399435 0.399335 0.399298 0.399272 0.399274 0.399225 0.399221 0.399246 0.399230 0.399277 0.399354 0.399480 0.399484 0.399690 0.000000 0.000000
0.000000 0.000000 0.404127 0.404190 0.404378 0.404338 0.404287 0.404105 0.404105 0.404062 0.404103 0.404087 0.404096 0.404105 0.404268 0.404308 0.404405 0.404221 0.404170 0.000000 0.000000
0.000000 0.000000 0.350000 0.350000 0.350000 0.350000 0.350000 0.350000 0.350000 0.350000 0.350000 0.350000 0.350000 0.350000 0.350000 0.350000 0.350000 0.350000 0.350000 0.000000 0.000000
0.000000 0.000000 0.000000 0.000000 0.000000 0.000000 0.000000 0.000000 0.000000 0.000000 0.000000 0.000000 0.000000 0.000000 0.000000 0.000000 0.000000 0.000000 0.000000 0.000000 0.000000