geotop/1.0zi/1.0Montebello/Templates/testdem/maps/_Eocclay9561.asc
ncols         21
nrows         20
xllcorner     100.000000
yllcorner     100.000000
cellsize      50.000000
NODATA_value  -9999.0
0.000000 0.000000 0.000000 0.000000 0.000000 0.000000 0.000000 0.000000 0.000000 0.000000 0.000000 0.000000 0.000000 0.000000 0.000000 0.000000 0.000000 0.000000 0.000000 0.000000 0.000000
0.000000 0.000000 0.349557 0.349560 0.349560 0.349559 0.349560 0.349561 0.349560 0.349560 0.349559 0.349560 0.349560 0.349560 0.349560 0.349560 0.349558 0.349559 0.349559 0.000000 0.000000
0.000000 0.000000 0.349981 0.349979 0.349979 0.349981 0.349979 0.349979 0.349980 0.349979 0.349979 0.349979 0.349979 0.349979 0.349980 0.349980 0.349981 0.349981 0.349979 0.000000 0.000000
0.000000 0.000000 0.350039 0.350044 0.350042 0.350039 0.350040 0.350040 0.350044 0.350042 0.350045 0.350043 0.350043 0.350042 0.350045 0.350046 0.350044 0.350045 0.350043 0.000000 0.000000
0.000000 0.000000 0.351421 0.351415 0.351408 0.351397 0.351378 0.351376 0.351373 0.351375 0.351374 0.351378 0.351378 0.351379 0.351389 0.351394 0.351405 0.351408 0.351417 0.000000 0.000000
0.000000 0.000000 0.355203 0.355198 0.355175 0.355143 0.355113 0.355084 0.355089 0.355083 0.355085 0.355085 0.355091 0.355090 0.355105 0.355134 0.355149 0.355161 0.355168 0.000000 0.000000
0.000000 0.000000 0.360267 0.360257 0.360242 0.360211 0.360172 0.360114 0.360118 0.360113 0.360112 0.360114 0.360116 0.360117 0.360160 0.360194 0.360214 0.360227 0.360236 0.000000 0.000000
0.000000 0.000000 0.366291 0.366281 0.366266 0.366226 0.366185 0.366133 0.366136 0.366130 0.366128 0.366126 0.366125 0.366135 0.366175 0.366210 0.366243 0.366251 0.366266 0.000000 0.000000
0.000000 0.000000 0.372868 0.372854 0.372833 0.372805 0.372756 0.372698 0.372705 0.372694 0.372689 0.372687 0.372690 0.372689 0.372744 0.372787 0.372812 0.372822 0.372835 0.000000 0.000000
0.000000 0.000000 0.380118 0.380098 0.380082 0.380051 0.379984 0.379929 0.379933 0.379925 0.379916 0.379922 0.379930 0.379929 0.379973 0.380029 0.380060 0.380071 0.380078 0.000000 0.000000
0.000000 0.000000 0.388351 0.388338 0.388322 0.388250 0.388207 0.388133 0.388153 0.388114 0.388121 0.388116 0.388104 0.388129 0.388178 0.388212 0.388255 0.388273 0.388307 0.000000 0.000000
0.000000 0.000000 0.397917 0.397885 0.397841 0.397808 0.397743 0.397652 0.397655 0.397650 0.397666 0.397632 0.397651 0.397648 0.397738 0.397791 0.397814 0.397828 0.397901 0.000000 0.000000
0.000000 0.000000 0.408693 0.408665 0.408656 0.408573 0.408520 0.408253 0.408256 0.408242 0.408157 0.408211 0.408221 0.408246 0.408444 0.408492 0.408588 0.408595 0.408617 0.000000 0.000000
0.000000 0.000000 0.422051 0.422043 0.421966 0.421919 0.421538 0.421653 0.421582 0.421585 0.421636 0.421590 0.421584 0.421550 0.421444 0.421853 0.421873 0.421970 0.422029 0.000000 0.000000
0.000000 0.000000 0.437647 0.437601 0.437527 0.437034 0.437215 0.436917 0.436845 0.436817 0.436712 0.436673 0.436733 0.436737 0.437010 0.436841 0.437490 0.437342 0.437324 0.000000 0.000000
0.000000 0.000000 0.452562 0.452536 0.451936 0.452250 0.452139 0.452164 0.452435 0.452366 0.452511 0.452488 0.452376 0.452522 0.452445 0.452540 0.451867 0.452788 0.452775 0.000000 0.000000
0.000000 0.000000 0.466782 0.466212 0.466419 0.466153 0.465863 0.465767 0.465568 0.465616 0.465416 0.465441 0.465559 0.465436 0.465597 0.465813 0.466388 0.465930 0.466526 0.000000 0.000000
0.000000 0.000000 0.471290 0.471568 0.471933 0.471881 0.471850 0.471508 0.471540 0.471450 0.471579 0.471551 0.471544 0.471580 0.471869 0.471894 0.471973 0.471641 0.471367 0.000000 0.000000
0.000000 0.000000 0.350000 0.350000 0.350000 0.350000 0.350000 0.350000 0.350000 0.350000 0.350000 0.350000 0.350000 0.350000 0.350000 0.350000 0.350000 0.350000 0.350000 0.000000 0.000000
0.000000 0.000000 0.000000 0.000000 0.000000 0.000000 0.000000 0.000000 0.000000 0.000000 0.000000 0.000000 0.000000 0.000000 0.000000 0.000000 0.000000 0.000000 0.000000 0.000000 0.000000