geotop/1.0zi/1.0Montebello/Templates/testdem/maps/_Eocsilt2389.asc
ncols         21
nrows         20
xllcorner     100.000000
yllcorner     100.000000
cellsize      50.000000
NODATA_value  -9999.0
0.000000 0.000000 0.000000 0.000000 0.000000 0.000000 0.000000 0.000000 0.000000 0.000000 0.000000 0.000000 0.000000 0.000000 0.000000 0.000000 0.000000 0.000000 0.000000 0.000000 0.000000
0.000000 0.000000 0.350057 0.350057 0.350057 0.350057 0.350057 0.350057 0.350057 0.350057 0.350056 0.350057 0.350057 0.350057 0.350057 0.350057 0.350057 0.350057 0.350057 0.000000 0.000000
0.000000 0.000000 0.349998 0.349998 0.349998 0.349998 0.349998 0.349998 0.349998 0.349998 0.349999 0.349998 0.349998 0.349998 0.349998 0.349998 0.349998 0.349998 0.349998 0.000000 0.000000
0.000000 0.000000 0.350792 0.350792 0.350789 0.350790 0.350793 0.350792 0.350792 0.350792 0.350793 0.350792 0.350792 0.350792 0.350793 0.350790 0.350789 0.350792 0.350792 0.000000 0.000000
0.000000 0.000000 0.353873 0.353872 0.353870 0.353871 0.353873 0.353872 0.353873 0.353874 0.353874 0.353874 0.353873 0.353872 0.353873 0.353871 0.353870 0.353872 0.353873 0.000000 0.000000
0.000000 0.000000 0.357891 0.357890 0.357889 0.357889 0.357891 0.357891 0.357891 0.357892 0.357892 0.357892 0.357891 0.357891 0.357891 0.357889 0.357889 0.357890 0.357891 0.000000 0.000000
0.000000 0.000000 0.361575 0.361575 0.361573 0.361573 0.361575 0.361575 0.361575 0.361576 0.361576 0.361576 0.361575 0.361575 0.361575 0.361573 0.361573 0.361575 0.361575 0.000000 0.000000
0.000000 0.000000 0.364940 0.364940 0.364939 0.364939 0.364941 0.364940 0.364940 0.364941 0.364941 0.364941 0.364940 0.364940 0.364941 0.364939 0.364939 0.364940 0.364940 0.000000 0.000000
0.000000 0.000000 0.368078 0.368077 0.368076 0.368076 0.368078 0.368077 0.368077 0.368078 0.368078 0.368078 0.368077 0.368077 0.368078 0.368076 0.368076 0.368077 0.368078 0.000000 0.000000
0.000000 0.000000 0.371060 0.371060 0.371058 0.371059 0.371060 0.371060 0.371060 0.371060 0.371061 0.371060 0.371060 0.371060 0.371060 0.371059 0.371058 0.371060 0.371060 0.000000 0.000000
0.000000 0.000000 0.373923 0.373922 0.373921 0.373922 0.373923 0.373922 0.373922 0.373923 0.373923 0.373923 0.373922 0.373922 0.373923 0.373922 0.373921 0.373922 0.373923 0.000000 0.000000
0.000000 0.000000 0.376692 0.376692 0.376691 0.376691 0.376693 0.376692 0.376692 0.376693 0.376693 0.376693 0.376692 0.376692 0.376693 0.376691 0.376691 0.376692 0.376692 0.000000 0.000000
0.000000 0.000000 0.379390 0.379390 0.379389 0.379389 0.379390 0.379390 0.379390 0.379390 0.379391 0.379390 0.379390 0.379390 0.379390 0.379389 0.379389 0.379390 0.379390 0.000000 0.000000
0.000000 0.000000 0.382027 0.382027 0.382026 0.382026 0.382028 0.382027 0.382027 0.382028 0.382028 0.382028 0.382027 0.382027 0.382028 0.382026 0.382026 0.382027 0.382027 0.000000 0.000000
0.000000 0.000000 0.384614 0.384614 0.384613 0.384613 0.384614 0.384614 0.384614 0.384614 0.384615 0.384614 0.384614 0.384614 0.384614 0.384613 0.384613 0.384614 0.384614 0.000000 0.000000
0.000000 0.000000 0.387153 0.387152 0.387151 0.387152 0.387153 0.387153 0.387153 0.387153 0.387153 0.387153 0.387153 0.387153 0.387153 0.387152 0.387151 0.387152 0.387153 0.000000 0.000000
0.000000 0.000000 0.389646 0.389646 0.389644 0.389645 0.389646 0.389646 0.389646 0.389646 0.389646 0.389646 0.389646 0.389646 0.389646 0.389645 0.389644 0.389646 0.389646 0.000000 0.000000
0.000000 0.000000 0.392129 0.392129 0.392128 0.392129 0.392130 0.392129 0.392129 0.392130 0.392130 0.392130 0.392129 0.392129 0.392130 0.392129 0.392128 0.392129 0.392130 0.000000 0.000000
0.000000 0.000000 0.350000 0.350000 0.350000 0.350000 0.350000 0.350000 0.350000 0.350000 0.350000 0.350000 0.350000 0.350000 0.350000 0.350000 0.350000 0.350000 0.350000 0.000000 0.000000
0.000000 0.000000 0.000000 0.000000 0.000000 0.000000 0.000000 0.000000 0.000000 0.000000 0.000000 0.000000 0.000000 0.000000 0.000000 0.000000 0.000000 0.000000 0.000000 0.000000 0.000000