geotop/1.0zi/1.0Montebello/Templates/testdem/maps/_Eocsilt7131.asc
ncols         21
nrows         20
xllcorner     100.000000
yllcorner     100.000000
cellsize      50.000000
NODATA_value  -9999.0
0.000000 0.000000 0.000000 0.000000 0.000000 0.000000 0.000000 0.000000 0.000000 0.000000 0.000000 0.000000 0.000000 0.000000 0.000000 0.000000 0.000000 0.000000 0.000000 0.000000 0.000000
0.000000 0.000000 0.350143 0.350144 0.350144 0.350144 0.350144 0.350144 0.350144 0.350144 0.350144 0.350144 0.350144 0.350144 0.350144 0.350144 0.350144 0.350144 0.350143 0.000000 0.000000
0.000000 0.000000 0.350004 0.350003 0.350003 0.350003 0.350003 0.350003 0.350003 0.350003 0.350004 0.350004 0.350004 0.350004 0.350003 0.350003 0.350001 0.350001 0.350003 0.000000 0.000000
0.000000 0.000000 0.350063 0.350060 0.350058 0.350052 0.350054 0.350051 0.350054 0.350053 0.350051 0.350053 0.350053 0.350053 0.350054 0.350057 0.350060 0.350062 0.350062 0.000000 0.000000
0.000000 0.000000 0.350775 0.350781 0.350776 0.350768 0.350763 0.350756 0.350755 0.350753 0.350753 0.350753 0.350754 0.350756 0.350767 0.350771 0.350770 0.350778 0.350783 0.000000 0.000000
0.000000 0.000000 0.352879 0.352880 0.352871 0.352857 0.352840 0.352820 0.352820 0.352814 0.352819 0.352820 0.352820 0.352819 0.352829 0.352839 0.352849 0.352855 0.352862 0.000000 0.000000
0.000000 0.000000 0.355986 0.355983 0.355973 0.355950 0.355922 0.355893 0.355895 0.355891 0.355892 0.355891 0.355887 0.355892 0.355916 0.355940 0.355954 0.355967 0.355975 0.000000 0.000000
0.000000 0.000000 0.359710 0.359709 0.359704 0.359681 0.359653 0.359621 0.359622 0.359618 0.359617 0.359615 0.359613 0.359618 0.359645 0.359670 0.359692 0.359696 0.359709 0.000000 0.000000
0.000000 0.000000 0.363661 0.363653 0.363640 0.363625 0.363597 0.363560 0.363563 0.363554 0.363552 0.363551 0.363552 0.363551 0.363586 0.363615 0.363632 0.363641 0.363652 0.000000 0.000000
0.000000 0.000000 0.367729 0.367721 0.367714 0.367701 0.367661 0.367629 0.367631 0.367626 0.367621 0.367623 0.367628 0.367626 0.367654 0.367687 0.367706 0.367712 0.367720 0.000000 0.000000
0.000000 0.000000 0.372014 0.372009 0.372002 0.371971 0.371945 0.371908 0.371916 0.371896 0.371898 0.371898 0.371891 0.371904 0.371929 0.371949 0.371973 0.371985 0.372003 0.000000 0.000000
0.000000 0.000000 0.376641 0.376628 0.376614 0.376593 0.376565 0.376519 0.376519 0.376511 0.376522 0.376507 0.376510 0.376515 0.376559 0.376581 0.376597 0.376606 0.376649 0.000000 0.000000
0.000000 0.000000 0.381514 0.381502 0.381494 0.381469 0.381444 0.381339 0.381338 0.381330 0.381306 0.381317 0.381323 0.381333 0.381413 0.381436 0.381474 0.381478 0.381505 0.000000 0.000000
0.000000 0.000000 0.387003 0.386998 0.386977 0.386958 0.386842 0.386830 0.386806 0.386805 0.386805 0.386802 0.386799 0.386796 0.386798 0.386920 0.386946 0.386978 0.387009 0.000000 0.000000
0.000000 0.000000 0.393267 0.393257 0.393229 0.393094 0.393077 0.393009 0.392971 0.392963 0.392941 0.392922 0.392937 0.392932 0.392994 0.393023 0.393204 0.393185 0.393198 0.000000 0.000000
0.000000 0.000000 0.400070 0.400059 0.399870 0.399880 0.399869 0.399831 0.399888 0.399863 0.399891 0.399871 0.399845 0.399891 0.399912 0.399925 0.399847 0.400099 0.400101 0.000000 0.000000
0.000000 0.000000 0.408299 0.408015 0.407997 0.407907 0.407764 0.407716 0.407668 0.407675 0.407604 0.407604 0.407640 0.407612 0.407682 0.407789 0.407980 0.407931 0.408224 0.000000 0.000000
0.000000 0.000000 0.413084 0.413242 0.413505 0.413468 0.413423 0.413168 0.413182 0.413117 0.413197 0.413175 0.413176 0.413198 0.413424 0.413456 0.413547 0.413302 0.413158 0.000000 0.000000
0.000000 0.000000 0.350000 0.350000 0.350000 0.350000 0.350000 0.350000 0.350000 0.350000 0.350000 0.350000 0.350000 0.350000 0.350000 0.350000 0.350000 0.350000 0.350000 0.000000 0.000000
0.000000 0.000000 0.000000 0.000000 0.000000 0.000000 0.000000 0.000000 0.000000 0.000000 0.000000 0.000000 0.000000 0.000000 0.000000 0.000000 0.000000 0.000000 0.000000 0.000000 0.000000