geotop/1.0zi/1.0Montebello/Templates/testdem/maps/_Eocclay4419.asc
ncols         21
nrows         20
xllcorner     100.000000
yllcorner     100.000000
cellsize      50.000000
NODATA_value  -9999.0
0.000000 0.000000 0.000000 0.000000 0.000000 0.000000 0.000000 0.000000 0.000000 0.000000 0.000000 0.000000 0.000000 0.000000 0.000000 0.000000 0.000000 0.000000 0.000000 0.000000 0.000000
0.000000 0.000000 0.349803 0.349803 0.349803 0.349803 0.349804 0.349803 0.349803 0.349803 0.349803 0.349803 0.349803 0.349803 0.349803 0.349803 0.349803 0.349803 0.349803 0.000000 0.000000
0.000000 0.000000 0.349993 0.349993 0.349993 0.349993 0.349993 0.349993 0.349993 0.349993 0.349993 0.349993 0.349993 0.349993 0.349993 0.349993 0.349993 0.349993 0.349993 0.000000 0.000000
0.000000 0.000000 0.349994 0.349996 0.349994 0.349995 0.349996 0.349996 0.349996 0.349995 0.349996 0.349995 0.349995 0.349994 0.349997 0.349998 0.349996 0.349997 0.349995 0.000000 0.000000
0.000000 0.000000 0.350340 0.350342 0.350341 0.350335 0.350327 0.350324 0.350325 0.350325 0.350324 0.350326 0.350322 0.350323 0.350328 0.350330 0.350333 0.350334 0.350338 0.000000 0.000000
0.000000 0.000000 0.351585 0.351586 0.351582 0.351568 0.351564 0.351550 0.351549 0.351544 0.351549 0.351549 0.351553 0.351554 0.351555 0.351562 0.351568 0.351576 0.351580 0.000000 0.000000
0.000000 0.000000 0.353440 0.353437 0.353435 0.353423 0.353409 0.353388 0.353388 0.353384 0.353387 0.353387 0.353388 0.353388 0.353403 0.353419 0.353428 0.353434 0.353440 0.000000 0.000000
0.000000 0.000000 0.355554 0.355554 0.355554 0.355539 0.355526 0.355506 0.355508 0.355505 0.355506 0.355506 0.355503 0.355502 0.355520 0.355535 0.355543 0.355548 0.355554 0.000000 0.000000
0.000000 0.000000 0.357666 0.357664 0.357661 0.357652 0.357639 0.357619 0.357621 0.357617 0.357617 0.357618 0.357616 0.357616 0.357631 0.357649 0.357656 0.357660 0.357667 0.000000 0.000000
0.000000 0.000000 0.359779 0.359776 0.359774 0.359765 0.359748 0.359730 0.359733 0.359730 0.359730 0.359731 0.359728 0.359726 0.359744 0.359762 0.359769 0.359773 0.359779 0.000000 0.000000
0.000000 0.000000 0.361933 0.361930 0.361928 0.361921 0.361910 0.361887 0.361890 0.361885 0.361885 0.361887 0.361883 0.361882 0.361897 0.361910 0.361919 0.361924 0.361931 0.000000 0.000000
0.000000 0.000000 0.364161 0.364158 0.364155 0.364143 0.364131 0.364110 0.364110 0.364107 0.364107 0.364106 0.364104 0.364101 0.364122 0.364138 0.364146 0.364150 0.364174 0.000000 0.000000
0.000000 0.000000 0.366417 0.366414 0.366410 0.366402 0.366387 0.366342 0.366344 0.366339 0.366339 0.366340 0.366336 0.366335 0.366374 0.366392 0.366401 0.366405 0.366420 0.000000 0.000000
0.000000 0.000000 0.368806 0.368800 0.368798 0.368789 0.368745 0.368734 0.368727 0.368724 0.368724 0.368724 0.368720 0.368719 0.368730 0.368776 0.368785 0.368795 0.368804 0.000000 0.000000
0.000000 0.000000 0.371382 0.371377 0.371366 0.371328 0.371308 0.371280 0.371266 0.371262 0.371255 0.371254 0.371254 0.371248 0.371269 0.371300 0.371351 0.371349 0.371356 0.000000 0.000000
0.000000 0.000000 0.374040 0.374034 0.373987 0.373980 0.373969 0.373955 0.373955 0.373953 0.373956 0.373955 0.373946 0.373953 0.373959 0.373972 0.373972 0.374027 0.374040 0.000000 0.000000
0.000000 0.000000 0.376995 0.376930 0.376890 0.376874 0.376843 0.376825 0.376822 0.376820 0.376812 0.376812 0.376811 0.376804 0.376816 0.376854 0.376879 0.376906 0.376972 0.000000 0.000000
0.000000 0.000000 0.379303 0.379290 0.379334 0.379312 0.379285 0.379221 0.379216 0.379209 0.379212 0.379211 0.379205 0.379207 0.379264 0.379297 0.379335 0.379278 0.379304 0.000000 0.000000
0.000000 0.000000 0.350000 0.350000 0.350000 0.350000 0.350000 0.350000 0.350000 0.350000 0.350000 0.350000 0.350000 0.350000 0.350000 0.350000 0.350000 0.350000 0.350000 0.000000 0.000000
0.000000 0.000000 0.000000 0.000000 0.000000 0.000000 0.000000 0.000000 0.000000 0.000000 0.000000 0.000000 0.000000 0.000000 0.000000 0.000000 0.000000 0.000000 0.000000 0.000000 0.000000