geotop/1.0zi/1.0Montebello/Templates/testdem/maps/_Eocsand099n.asc
ncols         21
nrows         20
xllcorner     100.000000
yllcorner     100.000000
cellsize      50.000000
NODATA_value  -9999.0
0.000000 0.000000 0.000000 0.000000 0.000000 0.000000 0.000000 0.000000 0.000000 0.000000 0.000000 0.000000 0.000000 0.000000 0.000000 0.000000 0.000000 0.000000 0.000000 0.000000 0.000000
0.000000 0.000000 0.300279 0.300276 0.300276 0.300277 0.300276 0.300276 0.300276 0.300276 0.300277 0.300276 0.300277 0.300277 0.300276 0.300276 0.300277 0.300277 0.300277 0.000000 0.000000
0.000000 0.000000 0.300011 0.300012 0.300013 0.300010 0.300012 0.300013 0.300012 0.300012 0.300012 0.300011 0.300012 0.300012 0.300012 0.300012 0.300013 0.300014 0.300013 0.000000 0.000000
0.000000 0.000000 0.299652 0.299641 0.299658 0.299666 0.299664 0.299675 0.299667 0.299665 0.299668 0.299667 0.299667 0.299661 0.299664 0.299655 0.299651 0.299647 0.299646 0.000000 0.000000
0.000000 0.000000 0.295788 0.295795 0.295816 0.295851 0.295889 0.295906 0.295899 0.295899 0.295907 0.295896 0.295891 0.295895 0.295870 0.295853 0.295834 0.295818 0.295802 0.000000 0.000000
0.000000 0.000000 0.286223 0.286233 0.286280 0.286357 0.286434 0.286501 0.286492 0.286501 0.286511 0.286507 0.286495 0.286503 0.286467 0.286400 0.286368 0.286337 0.286324 0.000000 0.000000
0.000000 0.000000 0.273274 0.273294 0.273339 0.273429 0.273527 0.273667 0.273661 0.273669 0.273686 0.273684 0.273687 0.273684 0.273579 0.273498 0.273449 0.273406 0.273392 0.000000 0.000000
0.000000 0.000000 0.257688 0.257714 0.257761 0.257881 0.257992 0.258124 0.258120 0.258131 0.258153 0.258155 0.258163 0.258145 0.258049 0.257958 0.257876 0.257852 0.257822 0.000000 0.000000
0.000000 0.000000 0.240018 0.240058 0.240132 0.240228 0.240358 0.240523 0.240506 0.240530 0.240558 0.240563 0.240559 0.240570 0.240427 0.240314 0.240249 0.240212 0.240187 0.000000 0.000000
0.000000 0.000000 0.219648 0.219714 0.219785 0.219887 0.220041 0.220216 0.220215 0.220226 0.220272 0.220258 0.220232 0.220244 0.220132 0.219980 0.219898 0.219857 0.219848 0.000000 0.000000
0.000000 0.000000 0.195331 0.195394 0.195457 0.195708 0.195780 0.196031 0.195965 0.196079 0.196074 0.196094 0.196142 0.196075 0.195941 0.195847 0.195725 0.195673 0.195569 0.000000 0.000000
0.000000 0.000000 0.165664 0.165805 0.165985 0.166082 0.166224 0.166555 0.166573 0.166546 0.166536 0.166634 0.166585 0.166618 0.166347 0.166173 0.166119 0.166066 0.165863 0.000000 0.000000
0.000000 0.000000 0.132406 0.132529 0.132557 0.132819 0.132990 0.133880 0.133906 0.133954 0.134314 0.134066 0.134076 0.133996 0.133372 0.133244 0.132907 0.132860 0.132898 0.000000 0.000000
0.000000 0.000000 0.095679 0.095698 0.095994 0.096104 0.097156 0.096568 0.096792 0.096778 0.096564 0.096779 0.096809 0.096955 0.097451 0.096282 0.096320 0.096045 0.095903 0.000000 0.000000
0.000000 0.000000 0.068321 0.068388 0.068504 0.069205 0.068883 0.069336 0.069421 0.069468 0.069650 0.069689 0.069608 0.069602 0.069206 0.069546 0.068632 0.068846 0.068893 0.000000 0.000000
0.000000 0.000000 0.051783 0.051832 0.052150 0.052264 0.052193 0.052347 0.052263 0.052312 0.052308 0.052339 0.052367 0.052297 0.052198 0.052267 0.052250 0.051910 0.051936 0.000000 0.000000
0.000000 0.000000 0.040245 0.040353 0.040554 0.040595 0.040622 0.040698 0.040645 0.040669 0.040671 0.040685 0.040700 0.040665 0.040623 0.040611 0.040640 0.040403 0.040338 0.000000 0.000000
0.000000 0.000000 0.032328 0.032385 0.032515 0.032516 0.032559 0.032621 0.032577 0.032597 0.032584 0.032595 0.032610 0.032581 0.032541 0.032516 0.032572 0.032401 0.032361 0.000000 0.000000
0.000000 0.000000 0.300000 0.300000 0.300000 0.300000 0.300000 0.300000 0.300000 0.300000 0.300000 0.300000 0.300000 0.300000 0.300000 0.300000 0.300000 0.300000 0.300000 0.000000 0.000000
0.000000 0.000000 0.000000 0.000000 0.000000 0.000000 0.000000 0.000000 0.000000 0.000000 0.000000 0.000000 0.000000 0.000000 0.000000 0.000000 0.000000 0.000000 0.000000 0.000000 0.000000