geotop/1.0zi/1.0Montebello/Templates/testdem/maps/_Eocsilt6112.asc
ncols         21
nrows         20
xllcorner     100.000000
yllcorner     100.000000
cellsize      50.000000
NODATA_value  -9999.0
0.000000 0.000000 0.000000 0.000000 0.000000 0.000000 0.000000 0.000000 0.000000 0.000000 0.000000 0.000000 0.000000 0.000000 0.000000 0.000000 0.000000 0.000000 0.000000 0.000000 0.000000
0.000000 0.000000 0.350120 0.350120 0.350120 0.350120 0.350120 0.350120 0.350120 0.350120 0.350120 0.350120 0.350120 0.350120 0.350120 0.350120 0.350120 0.350120 0.350120 0.000000 0.000000
0.000000 0.000000 0.350002 0.350002 0.350002 0.350003 0.350003 0.350003 0.350003 0.350003 0.350003 0.350003 0.350004 0.350003 0.350003 0.350003 0.350001 0.350001 0.350002 0.000000 0.000000
0.000000 0.000000 0.350047 0.350046 0.350045 0.350040 0.350041 0.350039 0.350041 0.350041 0.350041 0.350039 0.350040 0.350040 0.350042 0.350045 0.350046 0.350048 0.350047 0.000000 0.000000
0.000000 0.000000 0.350550 0.350553 0.350552 0.350549 0.350545 0.350540 0.350539 0.350537 0.350535 0.350536 0.350538 0.350539 0.350545 0.350547 0.350546 0.350555 0.350559 0.000000 0.000000
0.000000 0.000000 0.352132 0.352135 0.352129 0.352115 0.352104 0.352086 0.352085 0.352080 0.352085 0.352087 0.352088 0.352085 0.352091 0.352098 0.352107 0.352111 0.352117 0.000000 0.000000
0.000000 0.000000 0.354550 0.354547 0.354541 0.354522 0.354500 0.354476 0.354477 0.354475 0.354476 0.354476 0.354473 0.354477 0.354495 0.354515 0.354524 0.354534 0.354541 0.000000 0.000000
0.000000 0.000000 0.357500 0.357500 0.357499 0.357481 0.357459 0.357432 0.357433 0.357430 0.357429 0.357429 0.357427 0.357430 0.357451 0.357472 0.357489 0.357492 0.357501 0.000000 0.000000
0.000000 0.000000 0.360603 0.360598 0.360589 0.360577 0.360556 0.360525 0.360527 0.360521 0.360519 0.360520 0.360520 0.360518 0.360546 0.360568 0.360583 0.360589 0.360598 0.000000 0.000000
0.000000 0.000000 0.363734 0.363730 0.363725 0.363717 0.363687 0.363660 0.363662 0.363659 0.363654 0.363658 0.363662 0.363658 0.363681 0.363706 0.363721 0.363724 0.363730 0.000000 0.000000
0.000000 0.000000 0.366961 0.366958 0.366956 0.366933 0.366913 0.366884 0.366890 0.366876 0.366877 0.366878 0.366874 0.366881 0.366900 0.366916 0.366932 0.366942 0.366955 0.000000 0.000000
0.000000 0.000000 0.370369 0.370362 0.370352 0.370337 0.370319 0.370283 0.370284 0.370276 0.370284 0.370276 0.370278 0.370280 0.370313 0.370329 0.370340 0.370346 0.370379 0.000000 0.000000
0.000000 0.000000 0.373882 0.373875 0.373872 0.373854 0.373837 0.373763 0.373763 0.373757 0.373741 0.373750 0.373755 0.373760 0.373815 0.373830 0.373856 0.373859 0.373883 0.000000 0.000000
0.000000 0.000000 0.377721 0.377716 0.377706 0.377694 0.377621 0.377604 0.377588 0.377587 0.377582 0.377584 0.377584 0.377582 0.377590 0.377664 0.377686 0.377704 0.377728 0.000000 0.000000
0.000000 0.000000 0.381973 0.381968 0.381951 0.381874 0.381852 0.381808 0.381781 0.381776 0.381762 0.381753 0.381762 0.381757 0.381790 0.381824 0.381933 0.381924 0.381938 0.000000 0.000000
0.000000 0.000000 0.386501 0.386495 0.386392 0.386378 0.386373 0.386346 0.386368 0.386356 0.386365 0.386355 0.386342 0.386363 0.386380 0.386390 0.386376 0.386508 0.386512 0.000000 0.000000
0.000000 0.000000 0.391732 0.391590 0.391548 0.391507 0.391440 0.391407 0.391393 0.391392 0.391360 0.391357 0.391371 0.391364 0.391403 0.391455 0.391537 0.391557 0.391703 0.000000 0.000000
0.000000 0.000000 0.395439 0.395458 0.395586 0.395554 0.395507 0.395376 0.395375 0.395345 0.395367 0.395359 0.395367 0.395371 0.395490 0.395526 0.395607 0.395475 0.395465 0.000000 0.000000
0.000000 0.000000 0.350000 0.350000 0.350000 0.350000 0.350000 0.350000 0.350000 0.350000 0.350000 0.350000 0.350000 0.350000 0.350000 0.350000 0.350000 0.350000 0.350000 0.000000 0.000000
0.000000 0.000000 0.000000 0.000000 0.000000 0.000000 0.000000 0.000000 0.000000 0.000000 0.000000 0.000000 0.000000 0.000000 0.000000 0.000000 0.000000 0.000000 0.000000 0.000000 0.000000