geotop/1.0zi/1.0Montebello/Templates/testdem/maps/_Eocclay9932.asc
ncols         21
nrows         20
xllcorner     100.000000
yllcorner     100.000000
cellsize      50.000000
NODATA_value  -9999.0
0.000000 0.000000 0.000000 0.000000 0.000000 0.000000 0.000000 0.000000 0.000000 0.000000 0.000000 0.000000 0.000000 0.000000 0.000000 0.000000 0.000000 0.000000 0.000000 0.000000 0.000000
0.000000 0.000000 0.349543 0.349546 0.349545 0.349544 0.349546 0.349546 0.349546 0.349546 0.349545 0.349546 0.349546 0.349546 0.349546 0.349546 0.349544 0.349545 0.349545 0.000000 0.000000
0.000000 0.000000 0.349982 0.349980 0.349980 0.349982 0.349979 0.349979 0.349980 0.349979 0.349979 0.349979 0.349979 0.349979 0.349980 0.349981 0.349981 0.349981 0.349979 0.000000 0.000000
0.000000 0.000000 0.350038 0.350043 0.350040 0.350035 0.350037 0.350037 0.350041 0.350038 0.350041 0.350039 0.350040 0.350038 0.350041 0.350044 0.350043 0.350044 0.350041 0.000000 0.000000
0.000000 0.000000 0.351505 0.351498 0.351492 0.351479 0.351460 0.351457 0.351454 0.351456 0.351453 0.351457 0.351458 0.351459 0.351469 0.351474 0.351485 0.351489 0.351498 0.000000 0.000000
0.000000 0.000000 0.355522 0.355516 0.355493 0.355451 0.355420 0.355388 0.355393 0.355388 0.355386 0.355385 0.355392 0.355390 0.355407 0.355438 0.355454 0.355467 0.355472 0.000000 0.000000
0.000000 0.000000 0.360937 0.360925 0.360909 0.360869 0.360828 0.360768 0.360768 0.360764 0.360758 0.360759 0.360760 0.360760 0.360810 0.360845 0.360865 0.360879 0.360886 0.000000 0.000000
0.000000 0.000000 0.367375 0.367361 0.367343 0.367292 0.367246 0.367192 0.367193 0.367188 0.367180 0.367177 0.367175 0.367185 0.367230 0.367267 0.367301 0.367310 0.367324 0.000000 0.000000
0.000000 0.000000 0.374458 0.374439 0.374412 0.374373 0.374320 0.374258 0.374264 0.374253 0.374242 0.374240 0.374243 0.374239 0.374302 0.374348 0.374374 0.374385 0.374397 0.000000 0.000000
0.000000 0.000000 0.382349 0.382321 0.382300 0.382257 0.382198 0.382132 0.382132 0.382126 0.382109 0.382115 0.382123 0.382119 0.382170 0.382230 0.382262 0.382275 0.382280 0.000000 0.000000
0.000000 0.000000 0.391419 0.391396 0.391375 0.391283 0.391255 0.391165 0.391184 0.391142 0.391142 0.391135 0.391121 0.391145 0.391203 0.391240 0.391285 0.391301 0.391340 0.000000 0.000000
0.000000 0.000000 0.402097 0.402048 0.401992 0.401946 0.401898 0.401784 0.401781 0.401779 0.401788 0.401748 0.401767 0.401759 0.401865 0.401925 0.401948 0.401963 0.402041 0.000000 0.000000
0.000000 0.000000 0.414232 0.414187 0.414173 0.414083 0.414022 0.413715 0.413710 0.413693 0.413578 0.413647 0.413652 0.413678 0.413909 0.413959 0.414072 0.414078 0.414093 0.000000 0.000000
0.000000 0.000000 0.429355 0.429335 0.429231 0.429167 0.428730 0.428896 0.428803 0.428807 0.428867 0.428801 0.428793 0.428742 0.428595 0.429072 0.429084 0.429196 0.429261 0.000000 0.000000
0.000000 0.000000 0.446290 0.446237 0.446157 0.445598 0.445857 0.445502 0.445429 0.445396 0.445259 0.445224 0.445284 0.445292 0.445605 0.445358 0.446079 0.445903 0.445873 0.000000 0.000000
0.000000 0.000000 0.460782 0.460754 0.460190 0.460499 0.460388 0.460424 0.460675 0.460612 0.460745 0.460724 0.460615 0.460748 0.460661 0.460764 0.460101 0.460970 0.460957 0.000000 0.000000
0.000000 0.000000 0.472960 0.472540 0.472652 0.472476 0.472256 0.472203 0.472075 0.472106 0.471967 0.471983 0.472061 0.471980 0.472076 0.472242 0.472614 0.472341 0.472776 0.000000 0.000000
0.000000 0.000000 0.477839 0.477947 0.478203 0.478142 0.478086 0.477855 0.477857 0.477803 0.477864 0.477848 0.477854 0.477865 0.478069 0.478114 0.478216 0.477957 0.477851 0.000000 0.000000
0.000000 0.000000 0.350000 0.350000 0.350000 0.350000 0.350000 0.350000 0.350000 0.350000 0.350000 0.350000 0.350000 0.350000 0.350000 0.350000 0.350000 0.350000 0.350000 0.000000 0.000000
0.000000 0.000000 0.000000 0.000000 0.000000 0.000000 0.000000 0.000000 0.000000 0.000000 0.000000 0.000000 0.000000 0.000000 0.000000 0.000000 0.000000 0.000000 0.000000 0.000000 0.000000