geotop/1.0zi/1.0Montebello/Templates/testdem/maps/_Eocsilt9339.asc
ncols         21
nrows         20
xllcorner     100.000000
yllcorner     100.000000
cellsize      50.000000
NODATA_value  -9999.0
0.000000 0.000000 0.000000 0.000000 0.000000 0.000000 0.000000 0.000000 0.000000 0.000000 0.000000 0.000000 0.000000 0.000000 0.000000 0.000000 0.000000 0.000000 0.000000 0.000000 0.000000
0.000000 0.000000 0.350198 0.350198 0.350199 0.350199 0.350198 0.350198 0.350199 0.350198 0.350199 0.350198 0.350198 0.350198 0.350198 0.350198 0.350199 0.350199 0.350198 0.000000 0.000000
0.000000 0.000000 0.350008 0.350007 0.350008 0.350007 0.350008 0.350008 0.350008 0.350008 0.350008 0.350008 0.350009 0.350009 0.350008 0.350007 0.350006 0.350006 0.350007 0.000000 0.000000
0.000000 0.000000 0.350123 0.350119 0.350114 0.350109 0.350109 0.350104 0.350107 0.350108 0.350105 0.350108 0.350109 0.350109 0.350111 0.350115 0.350120 0.350121 0.350123 0.000000 0.000000
0.000000 0.000000 0.351314 0.351319 0.351308 0.351292 0.351282 0.351277 0.351279 0.351276 0.351277 0.351279 0.351285 0.351283 0.351296 0.351303 0.351307 0.351313 0.351316 0.000000 0.000000
0.000000 0.000000 0.354692 0.354687 0.354672 0.354652 0.354621 0.354598 0.354596 0.354590 0.354594 0.354595 0.354599 0.354598 0.354613 0.354633 0.354644 0.354652 0.354659 0.000000 0.000000
0.000000 0.000000 0.359492 0.359483 0.359466 0.359434 0.359393 0.359343 0.359348 0.359345 0.359343 0.359343 0.359341 0.359347 0.359385 0.359415 0.359436 0.359450 0.359458 0.000000 0.000000
0.000000 0.000000 0.365170 0.365159 0.365146 0.365110 0.365070 0.365024 0.365027 0.365021 0.365019 0.365016 0.365015 0.365024 0.365060 0.365096 0.365127 0.365132 0.365147 0.000000 0.000000
0.000000 0.000000 0.371379 0.371363 0.371343 0.371316 0.371269 0.371213 0.371219 0.371208 0.371203 0.371202 0.371205 0.371204 0.371258 0.371298 0.371323 0.371333 0.371347 0.000000 0.000000
0.000000 0.000000 0.378130 0.378111 0.378095 0.378067 0.378005 0.377954 0.377957 0.377949 0.377940 0.377946 0.377953 0.377952 0.377994 0.378046 0.378075 0.378085 0.378093 0.000000 0.000000
0.000000 0.000000 0.385674 0.385661 0.385648 0.385580 0.385540 0.385473 0.385491 0.385455 0.385461 0.385457 0.385446 0.385468 0.385514 0.385546 0.385585 0.385602 0.385633 0.000000 0.000000
0.000000 0.000000 0.394344 0.394313 0.394274 0.394242 0.394184 0.394101 0.394103 0.394098 0.394112 0.394082 0.394098 0.394098 0.394179 0.394226 0.394248 0.394261 0.394328 0.000000 0.000000
0.000000 0.000000 0.403994 0.403967 0.403958 0.403884 0.403836 0.403603 0.403605 0.403593 0.403520 0.403564 0.403573 0.403596 0.403770 0.403813 0.403897 0.403904 0.403927 0.000000 0.000000
0.000000 0.000000 0.415782 0.415772 0.415707 0.415662 0.415339 0.415423 0.415362 0.415363 0.415400 0.415365 0.415360 0.415333 0.415254 0.415601 0.415623 0.415706 0.415758 0.000000 0.000000
0.000000 0.000000 0.429553 0.429513 0.429446 0.429028 0.429156 0.428914 0.428848 0.428825 0.428739 0.428702 0.428752 0.428753 0.428975 0.428860 0.429408 0.429289 0.429279 0.000000 0.000000
0.000000 0.000000 0.443117 0.443090 0.442566 0.442810 0.442726 0.442733 0.442961 0.442899 0.443019 0.442996 0.442901 0.443030 0.442978 0.443049 0.442503 0.443293 0.443282 0.000000 0.000000
0.000000 0.000000 0.456374 0.455861 0.456029 0.455797 0.455535 0.455450 0.455278 0.455318 0.455142 0.455163 0.455265 0.455160 0.455304 0.455498 0.455999 0.455614 0.456148 0.000000 0.000000
0.000000 0.000000 0.460971 0.461166 0.461476 0.461413 0.461363 0.461065 0.461080 0.461006 0.461104 0.461080 0.461081 0.461105 0.461362 0.461400 0.461506 0.461209 0.461019 0.000000 0.000000
0.000000 0.000000 0.350000 0.350000 0.350000 0.350000 0.350000 0.350000 0.350000 0.350000 0.350000 0.350000 0.350000 0.350000 0.350000 0.350000 0.350000 0.350000 0.350000 0.000000 0.000000
0.000000 0.000000 0.000000 0.000000 0.000000 0.000000 0.000000 0.000000 0.000000 0.000000 0.000000 0.000000 0.000000 0.000000 0.000000 0.000000 0.000000 0.000000 0.000000 0.000000 0.000000