geotop/1.0zi/1.0Montebello/Templates/testdem/maps/_Eocclay9078.asc
ncols         21
nrows         20
xllcorner     100.000000
yllcorner     100.000000
cellsize      50.000000
NODATA_value  -9999.0
0.000000 0.000000 0.000000 0.000000 0.000000 0.000000 0.000000 0.000000 0.000000 0.000000 0.000000 0.000000 0.000000 0.000000 0.000000 0.000000 0.000000 0.000000 0.000000 0.000000 0.000000
0.000000 0.000000 0.349573 0.349576 0.349576 0.349575 0.349576 0.349577 0.349576 0.349576 0.349575 0.349576 0.349576 0.349576 0.349576 0.349576 0.349574 0.349574 0.349575 0.000000 0.000000
0.000000 0.000000 0.349982 0.349980 0.349980 0.349983 0.349980 0.349980 0.349981 0.349980 0.349980 0.349980 0.349981 0.349980 0.349981 0.349981 0.349982 0.349981 0.349979 0.000000 0.000000
0.000000 0.000000 0.350022 0.350027 0.350025 0.350022 0.350023 0.350024 0.350028 0.350025 0.350028 0.350026 0.350027 0.350025 0.350027 0.350029 0.350027 0.350026 0.350024 0.000000 0.000000
0.000000 0.000000 0.351246 0.351239 0.351232 0.351222 0.351204 0.351204 0.351200 0.351201 0.351200 0.351202 0.351200 0.351202 0.351212 0.351216 0.351226 0.351227 0.351236 0.000000 0.000000
0.000000 0.000000 0.354736 0.354729 0.354707 0.354677 0.354651 0.354625 0.354629 0.354623 0.354625 0.354623 0.354629 0.354628 0.354641 0.354667 0.354680 0.354689 0.354695 0.000000 0.000000
0.000000 0.000000 0.359413 0.359402 0.359388 0.359359 0.359323 0.359272 0.359274 0.359269 0.359268 0.359269 0.359270 0.359270 0.359312 0.359343 0.359360 0.359370 0.359378 0.000000 0.000000
0.000000 0.000000 0.364961 0.364949 0.364935 0.364898 0.364861 0.364814 0.364816 0.364810 0.364809 0.364806 0.364803 0.364813 0.364851 0.364883 0.364912 0.364916 0.364930 0.000000 0.000000
0.000000 0.000000 0.370954 0.370939 0.370918 0.370893 0.370849 0.370799 0.370804 0.370794 0.370789 0.370787 0.370788 0.370786 0.370838 0.370876 0.370898 0.370902 0.370916 0.000000 0.000000
0.000000 0.000000 0.377472 0.377451 0.377437 0.377410 0.377349 0.377303 0.377305 0.377299 0.377290 0.377294 0.377301 0.377298 0.377340 0.377389 0.377415 0.377421 0.377428 0.000000 0.000000
0.000000 0.000000 0.384763 0.384747 0.384731 0.384671 0.384630 0.384570 0.384586 0.384551 0.384557 0.384552 0.384540 0.384561 0.384605 0.384635 0.384672 0.384683 0.384712 0.000000 0.000000
0.000000 0.000000 0.393094 0.393064 0.393026 0.392994 0.392939 0.392866 0.392865 0.392861 0.392874 0.392845 0.392858 0.392856 0.392935 0.392978 0.392996 0.393004 0.393069 0.000000 0.000000
0.000000 0.000000 0.402355 0.402322 0.402311 0.402246 0.402200 0.401983 0.401983 0.401972 0.401904 0.401944 0.401951 0.401971 0.402138 0.402178 0.402256 0.402254 0.402278 0.000000 0.000000
0.000000 0.000000 0.413655 0.413641 0.413578 0.413538 0.413231 0.413304 0.413246 0.413249 0.413280 0.413248 0.413241 0.413215 0.413152 0.413476 0.413498 0.413568 0.413619 0.000000 0.000000
0.000000 0.000000 0.427124 0.427079 0.427009 0.426607 0.426715 0.426498 0.426428 0.426408 0.426326 0.426288 0.426333 0.426331 0.426539 0.426444 0.426969 0.426847 0.426840 0.000000 0.000000
0.000000 0.000000 0.441188 0.441154 0.440594 0.440840 0.440761 0.440766 0.441005 0.440941 0.441065 0.441037 0.440935 0.441071 0.441028 0.441093 0.440531 0.441355 0.441341 0.000000 0.000000
0.000000 0.000000 0.456783 0.456076 0.456327 0.456007 0.455656 0.455551 0.455311 0.455370 0.455129 0.455157 0.455297 0.455148 0.455340 0.455597 0.456292 0.455730 0.456458 0.000000 0.000000
0.000000 0.000000 0.460806 0.461361 0.461833 0.461825 0.461857 0.461388 0.461478 0.461338 0.461572 0.461525 0.461485 0.461564 0.461949 0.461927 0.461904 0.461532 0.460977 0.000000 0.000000
0.000000 0.000000 0.350000 0.350000 0.350000 0.350000 0.350000 0.350000 0.350000 0.350000 0.350000 0.350000 0.350000 0.350000 0.350000 0.350000 0.350000 0.350000 0.350000 0.000000 0.000000
0.000000 0.000000 0.000000 0.000000 0.000000 0.000000 0.000000 0.000000 0.000000 0.000000 0.000000 0.000000 0.000000 0.000000 0.000000 0.000000 0.000000 0.000000 0.000000 0.000000 0.000000