geotop/1.0zi/1.0Montebello/Templates/testdem/maps/_Eocsand9561.asc
ncols         21
nrows         20
xllcorner     100.000000
yllcorner     100.000000
cellsize      50.000000
NODATA_value  -9999.0
0.000000 0.000000 0.000000 0.000000 0.000000 0.000000 0.000000 0.000000 0.000000 0.000000 0.000000 0.000000 0.000000 0.000000 0.000000 0.000000 0.000000 0.000000 0.000000 0.000000 0.000000
0.000000 0.000000 0.300239 0.300236 0.300236 0.300237 0.300236 0.300236 0.300236 0.300236 0.300237 0.300236 0.300237 0.300237 0.300236 0.300236 0.300237 0.300237 0.300237 0.000000 0.000000
0.000000 0.000000 0.300011 0.300013 0.300013 0.300011 0.300012 0.300013 0.300012 0.300012 0.300012 0.300013 0.300012 0.300012 0.300012 0.300012 0.300013 0.300013 0.300014 0.000000 0.000000
0.000000 0.000000 0.299815 0.299814 0.299821 0.299829 0.299828 0.299834 0.299826 0.299828 0.299828 0.299826 0.299825 0.299827 0.299822 0.299816 0.299813 0.299811 0.299811 0.000000 0.000000
0.000000 0.000000 0.297150 0.297150 0.297169 0.297197 0.297225 0.297233 0.297233 0.297234 0.297235 0.297228 0.297224 0.297224 0.297200 0.297188 0.297173 0.297164 0.297152 0.000000 0.000000
0.000000 0.000000 0.289838 0.289848 0.289886 0.289939 0.290000 0.290053 0.290050 0.290062 0.290056 0.290055 0.290044 0.290047 0.290017 0.289966 0.289941 0.289920 0.289907 0.000000 0.000000
0.000000 0.000000 0.279790 0.279809 0.279840 0.279905 0.279985 0.280095 0.280086 0.280094 0.280097 0.280095 0.280095 0.280088 0.280006 0.279940 0.279900 0.279872 0.279855 0.000000 0.000000
0.000000 0.000000 0.267861 0.267881 0.267910 0.267986 0.268069 0.268169 0.268162 0.268174 0.268178 0.268183 0.268186 0.268166 0.268089 0.268017 0.267952 0.267939 0.267909 0.000000 0.000000
0.000000 0.000000 0.254794 0.254824 0.254866 0.254922 0.255019 0.255136 0.255122 0.255144 0.255154 0.255157 0.255151 0.255153 0.255043 0.254958 0.254908 0.254887 0.254860 0.000000 0.000000
0.000000 0.000000 0.240440 0.240479 0.240512 0.240573 0.240704 0.240813 0.240806 0.240821 0.240840 0.240828 0.240811 0.240814 0.240726 0.240616 0.240556 0.240533 0.240518 0.000000 0.000000
0.000000 0.000000 0.224208 0.224235 0.224265 0.224409 0.224493 0.224638 0.224599 0.224675 0.224662 0.224671 0.224695 0.224647 0.224550 0.224482 0.224398 0.224362 0.224295 0.000000 0.000000
0.000000 0.000000 0.205380 0.205444 0.205530 0.205596 0.205723 0.205902 0.205897 0.205906 0.205874 0.205940 0.205904 0.205908 0.205732 0.205628 0.205583 0.205555 0.205411 0.000000 0.000000
0.000000 0.000000 0.184235 0.184290 0.184307 0.184471 0.184575 0.185096 0.185090 0.185117 0.185283 0.185179 0.185160 0.185109 0.184723 0.184628 0.184442 0.184426 0.184384 0.000000 0.000000
0.000000 0.000000 0.158146 0.158162 0.158312 0.158404 0.159142 0.158921 0.159060 0.159054 0.158956 0.159044 0.159056 0.159121 0.159326 0.158532 0.158493 0.158304 0.158189 0.000000 0.000000
0.000000 0.000000 0.127923 0.128010 0.128154 0.129098 0.128757 0.129327 0.129465 0.129518 0.129719 0.129794 0.129681 0.129673 0.129151 0.129467 0.128226 0.128507 0.128541 0.000000 0.000000
0.000000 0.000000 0.099388 0.099438 0.100558 0.099986 0.100190 0.100149 0.099649 0.099778 0.099509 0.099553 0.099762 0.099489 0.099626 0.099451 0.100687 0.098976 0.099000 0.000000 0.000000
0.000000 0.000000 0.073079 0.074062 0.073743 0.074187 0.074692 0.074858 0.075188 0.075109 0.075448 0.075407 0.075209 0.075412 0.075135 0.074758 0.073800 0.074533 0.073508 0.000000 0.000000
0.000000 0.000000 0.063573 0.063270 0.062659 0.062799 0.062915 0.063472 0.063461 0.063593 0.063432 0.063471 0.063458 0.063426 0.062940 0.062852 0.062605 0.063217 0.063509 0.000000 0.000000
0.000000 0.000000 0.300000 0.300000 0.300000 0.300000 0.300000 0.300000 0.300000 0.300000 0.300000 0.300000 0.300000 0.300000 0.300000 0.300000 0.300000 0.300000 0.300000 0.000000 0.000000
0.000000 0.000000 0.000000 0.000000 0.000000 0.000000 0.000000 0.000000 0.000000 0.000000 0.000000 0.000000 0.000000 0.000000 0.000000 0.000000 0.000000 0.000000 0.000000 0.000000 0.000000