geotop/1.0zi/1.0Montebello/Templates/testdem/maps/_Eocsilt0707.asc
ncols         21
nrows         20
xllcorner     100.000000
yllcorner     100.000000
cellsize      50.000000
NODATA_value  -9999.0
0.000000 0.000000 0.000000 0.000000 0.000000 0.000000 0.000000 0.000000 0.000000 0.000000 0.000000 0.000000 0.000000 0.000000 0.000000 0.000000 0.000000 0.000000 0.000000 0.000000 0.000000
0.000000 0.000000 0.350013 0.350013 0.350012 0.350013 0.350013 0.350013 0.350013 0.350013 0.350013 0.350013 0.350013 0.350013 0.350013 0.350013 0.350012 0.350013 0.350013 0.000000 0.000000
0.000000 0.000000 0.349999 0.349999 0.349999 0.349999 0.349999 0.349999 0.349999 0.349999 0.349999 0.349999 0.349999 0.349999 0.349999 0.349999 0.349999 0.349999 0.349999 0.000000 0.000000
0.000000 0.000000 0.350299 0.350298 0.350296 0.350297 0.350299 0.350299 0.350299 0.350299 0.350299 0.350299 0.350299 0.350299 0.350299 0.350297 0.350296 0.350298 0.350299 0.000000 0.000000
0.000000 0.000000 0.351306 0.351306 0.351304 0.351303 0.351306 0.351306 0.351306 0.351306 0.351306 0.351306 0.351306 0.351306 0.351306 0.351303 0.351304 0.351306 0.351306 0.000000 0.000000
0.000000 0.000000 0.352510 0.352509 0.352507 0.352507 0.352510 0.352510 0.352509 0.352510 0.352510 0.352510 0.352509 0.352510 0.352510 0.352507 0.352507 0.352509 0.352510 0.000000 0.000000
0.000000 0.000000 0.353616 0.353616 0.353614 0.353614 0.353616 0.353616 0.353616 0.353616 0.353616 0.353616 0.353616 0.353616 0.353616 0.353614 0.353614 0.353616 0.353616 0.000000 0.000000
0.000000 0.000000 0.354642 0.354641 0.354640 0.354640 0.354642 0.354642 0.354642 0.354642 0.354642 0.354642 0.354642 0.354642 0.354642 0.354640 0.354640 0.354641 0.354642 0.000000 0.000000
0.000000 0.000000 0.355610 0.355610 0.355609 0.355609 0.355610 0.355610 0.355610 0.355610 0.355610 0.355610 0.355610 0.355610 0.355610 0.355609 0.355609 0.355610 0.355610 0.000000 0.000000
0.000000 0.000000 0.356543 0.356543 0.356542 0.356542 0.356543 0.356543 0.356543 0.356543 0.356543 0.356543 0.356543 0.356543 0.356543 0.356542 0.356542 0.356543 0.356543 0.000000 0.000000
0.000000 0.000000 0.357450 0.357449 0.357448 0.357448 0.357450 0.357450 0.357449 0.357450 0.357450 0.357450 0.357449 0.357450 0.357450 0.357448 0.357448 0.357449 0.357450 0.000000 0.000000
0.000000 0.000000 0.358338 0.358337 0.358336 0.358337 0.358338 0.358338 0.358338 0.358338 0.358338 0.358338 0.358338 0.358338 0.358338 0.358337 0.358336 0.358337 0.358338 0.000000 0.000000
0.000000 0.000000 0.359210 0.359210 0.359209 0.359209 0.359210 0.359210 0.359210 0.359210 0.359210 0.359210 0.359210 0.359210 0.359210 0.359209 0.359209 0.359210 0.359210 0.000000 0.000000
0.000000 0.000000 0.360070 0.360069 0.360068 0.360069 0.360070 0.360070 0.360070 0.360070 0.360070 0.360070 0.360070 0.360070 0.360070 0.360069 0.360068 0.360069 0.360070 0.000000 0.000000
0.000000 0.000000 0.360920 0.360920 0.360919 0.360919 0.360920 0.360920 0.360920 0.360920 0.360920 0.360920 0.360920 0.360920 0.360920 0.360919 0.360919 0.360920 0.360920 0.000000 0.000000
0.000000 0.000000 0.361765 0.361764 0.361763 0.361764 0.361765 0.361765 0.361765 0.361765 0.361765 0.361765 0.361765 0.361765 0.361765 0.361764 0.361763 0.361764 0.361765 0.000000 0.000000
0.000000 0.000000 0.362602 0.362602 0.362601 0.362601 0.362602 0.362602 0.362602 0.362602 0.362602 0.362602 0.362602 0.362602 0.362602 0.362601 0.362601 0.362602 0.362602 0.000000 0.000000
0.000000 0.000000 0.363449 0.363449 0.363447 0.363448 0.363449 0.363449 0.363449 0.363449 0.363449 0.363449 0.363449 0.363449 0.363449 0.363448 0.363447 0.363449 0.363449 0.000000 0.000000
0.000000 0.000000 0.350000 0.350000 0.350000 0.350000 0.350000 0.350000 0.350000 0.350000 0.350000 0.350000 0.350000 0.350000 0.350000 0.350000 0.350000 0.350000 0.350000 0.000000 0.000000
0.000000 0.000000 0.000000 0.000000 0.000000 0.000000 0.000000 0.000000 0.000000 0.000000 0.000000 0.000000 0.000000 0.000000 0.000000 0.000000 0.000000 0.000000 0.000000 0.000000 0.000000