geotop/1.0zi/1.0Montebello/Templates/testdem/maps/_Eocclay8604.asc
ncols         21
nrows         20
xllcorner     100.000000
yllcorner     100.000000
cellsize      50.000000
NODATA_value  -9999.0
0.000000 0.000000 0.000000 0.000000 0.000000 0.000000 0.000000 0.000000 0.000000 0.000000 0.000000 0.000000 0.000000 0.000000 0.000000 0.000000 0.000000 0.000000 0.000000 0.000000 0.000000
0.000000 0.000000 0.349606 0.349608 0.349608 0.349607 0.349609 0.349609 0.349609 0.349609 0.349608 0.349609 0.349609 0.349609 0.349609 0.349609 0.349607 0.349607 0.349608 0.000000 0.000000
0.000000 0.000000 0.349982 0.349981 0.349981 0.349984 0.349981 0.349981 0.349981 0.349981 0.349981 0.349981 0.349981 0.349981 0.349982 0.349982 0.349983 0.349982 0.349980 0.000000 0.000000
0.000000 0.000000 0.350004 0.350009 0.350006 0.350004 0.350007 0.350004 0.350006 0.350003 0.350006 0.350004 0.350004 0.350003 0.350006 0.350007 0.350006 0.350009 0.350006 0.000000 0.000000
0.000000 0.000000 0.351054 0.351048 0.351045 0.351039 0.351021 0.351020 0.351017 0.351018 0.351016 0.351018 0.351016 0.351019 0.351028 0.351029 0.351039 0.351042 0.351051 0.000000 0.000000
0.000000 0.000000 0.354172 0.354170 0.354152 0.354121 0.354103 0.354078 0.354080 0.354073 0.354078 0.354078 0.354083 0.354082 0.354094 0.354115 0.354131 0.354144 0.354150 0.000000 0.000000
0.000000 0.000000 0.358432 0.358425 0.358416 0.358389 0.358355 0.358313 0.358312 0.358307 0.358308 0.358310 0.358310 0.358311 0.358347 0.358378 0.358395 0.358408 0.358416 0.000000 0.000000
0.000000 0.000000 0.363480 0.363474 0.363465 0.363432 0.363399 0.363354 0.363354 0.363348 0.363348 0.363346 0.363343 0.363353 0.363391 0.363418 0.363446 0.363455 0.363468 0.000000 0.000000
0.000000 0.000000 0.368889 0.368878 0.368863 0.368842 0.368804 0.368758 0.368761 0.368751 0.368749 0.368747 0.368748 0.368747 0.368793 0.368829 0.368851 0.368861 0.368872 0.000000 0.000000
0.000000 0.000000 0.374685 0.374671 0.374663 0.374641 0.374587 0.374545 0.374545 0.374540 0.374533 0.374538 0.374545 0.374542 0.374581 0.374625 0.374651 0.374660 0.374668 0.000000 0.000000
0.000000 0.000000 0.381078 0.381070 0.381060 0.381011 0.380975 0.380920 0.380934 0.380903 0.380910 0.380908 0.380898 0.380916 0.380955 0.380980 0.381016 0.381034 0.381058 0.000000 0.000000
0.000000 0.000000 0.388262 0.388239 0.388217 0.388190 0.388142 0.388080 0.388073 0.388068 0.388082 0.388059 0.388069 0.388070 0.388139 0.388175 0.388197 0.388212 0.388269 0.000000 0.000000
0.000000 0.000000 0.396137 0.396113 0.396111 0.396060 0.396024 0.395844 0.395841 0.395833 0.395782 0.395813 0.395820 0.395837 0.395975 0.396008 0.396078 0.396083 0.396110 0.000000 0.000000
0.000000 0.000000 0.405540 0.405533 0.405494 0.405461 0.405225 0.405257 0.405210 0.405210 0.405230 0.405212 0.405208 0.405190 0.405161 0.405408 0.405439 0.405504 0.405547 0.000000 0.000000
0.000000 0.000000 0.416757 0.416731 0.416683 0.416376 0.416423 0.416266 0.416201 0.416185 0.416130 0.416099 0.416133 0.416128 0.416282 0.416248 0.416653 0.416583 0.416585 0.000000 0.000000
0.000000 0.000000 0.429002 0.428980 0.428537 0.428689 0.428644 0.428618 0.428795 0.428742 0.428837 0.428811 0.428735 0.428844 0.428839 0.428870 0.428498 0.429153 0.429143 0.000000 0.000000
0.000000 0.000000 0.443939 0.443262 0.443453 0.443176 0.442838 0.442735 0.442530 0.442578 0.442366 0.442391 0.442515 0.442387 0.442567 0.442816 0.443429 0.442988 0.443692 0.000000 0.000000
0.000000 0.000000 0.448386 0.449031 0.449560 0.449572 0.449620 0.449101 0.449203 0.449047 0.449313 0.449262 0.449216 0.449306 0.449735 0.449699 0.449659 0.449268 0.448630 0.000000 0.000000
0.000000 0.000000 0.350000 0.350000 0.350000 0.350000 0.350000 0.350000 0.350000 0.350000 0.350000 0.350000 0.350000 0.350000 0.350000 0.350000 0.350000 0.350000 0.350000 0.000000 0.000000
0.000000 0.000000 0.000000 0.000000 0.000000 0.000000 0.000000 0.000000 0.000000 0.000000 0.000000 0.000000 0.000000 0.000000 0.000000 0.000000 0.000000 0.000000 0.000000 0.000000 0.000000