geotop/1.0zi/1.0Montebello/Templates/testdem/maps/_Eocsand7915.asc
ncols         21
nrows         20
xllcorner     100.000000
yllcorner     100.000000
cellsize      50.000000
NODATA_value  -9999.0
0.000000 0.000000 0.000000 0.000000 0.000000 0.000000 0.000000 0.000000 0.000000 0.000000 0.000000 0.000000 0.000000 0.000000 0.000000 0.000000 0.000000 0.000000 0.000000 0.000000 0.000000
0.000000 0.000000 0.300202 0.300199 0.300199 0.300200 0.300199 0.300199 0.300199 0.300199 0.300200 0.300199 0.300199 0.300199 0.300199 0.300199 0.300200 0.300200 0.300200 0.000000 0.000000
0.000000 0.000000 0.300010 0.300012 0.300011 0.300010 0.300011 0.300012 0.300011 0.300011 0.300011 0.300012 0.300011 0.300011 0.300011 0.300011 0.300012 0.300012 0.300013 0.000000 0.000000
0.000000 0.000000 0.299894 0.299893 0.299898 0.299906 0.299901 0.299909 0.299904 0.299907 0.299907 0.299907 0.299907 0.299908 0.299903 0.299899 0.299896 0.299893 0.299893 0.000000 0.000000
0.000000 0.000000 0.298001 0.297999 0.298007 0.298023 0.298045 0.298055 0.298061 0.298060 0.298064 0.298063 0.298066 0.298060 0.298037 0.298030 0.298018 0.298007 0.297998 0.000000 0.000000
0.000000 0.000000 0.292644 0.292647 0.292669 0.292715 0.292748 0.292794 0.292794 0.292807 0.292799 0.292800 0.292796 0.292795 0.292772 0.292740 0.292713 0.292690 0.292679 0.000000 0.000000
0.000000 0.000000 0.285151 0.285160 0.285180 0.285230 0.285292 0.285364 0.285365 0.285375 0.285372 0.285374 0.285376 0.285370 0.285308 0.285252 0.285218 0.285190 0.285175 0.000000 0.000000
0.000000 0.000000 0.276269 0.276274 0.276289 0.276347 0.276407 0.276486 0.276487 0.276495 0.276497 0.276503 0.276507 0.276492 0.276425 0.276371 0.276320 0.276304 0.276280 0.000000 0.000000
0.000000 0.000000 0.266812 0.266829 0.266858 0.266896 0.266959 0.267044 0.267040 0.267059 0.267064 0.267068 0.267066 0.267067 0.266984 0.266918 0.266877 0.266857 0.266836 0.000000 0.000000
0.000000 0.000000 0.256866 0.256886 0.256901 0.256939 0.257031 0.257107 0.257107 0.257117 0.257129 0.257123 0.257112 0.257116 0.257046 0.256969 0.256921 0.256905 0.256890 0.000000 0.000000
0.000000 0.000000 0.246125 0.246140 0.246158 0.246237 0.246301 0.246390 0.246372 0.246420 0.246414 0.246416 0.246433 0.246401 0.246338 0.246290 0.246229 0.246197 0.246157 0.000000 0.000000
0.000000 0.000000 0.234277 0.234311 0.234349 0.234400 0.234472 0.234583 0.234590 0.234604 0.234579 0.234618 0.234607 0.234600 0.234485 0.234427 0.234385 0.234362 0.234261 0.000000 0.000000
0.000000 0.000000 0.221541 0.221575 0.221590 0.221663 0.221726 0.222009 0.222013 0.222031 0.222104 0.222067 0.222051 0.222024 0.221807 0.221749 0.221641 0.221628 0.221577 0.000000 0.000000
0.000000 0.000000 0.206741 0.206755 0.206814 0.206867 0.207213 0.207200 0.207272 0.207272 0.207255 0.207274 0.207283 0.207297 0.207319 0.206959 0.206896 0.206801 0.206730 0.000000 0.000000
0.000000 0.000000 0.189413 0.189448 0.189522 0.189955 0.189938 0.190153 0.190256 0.190281 0.190352 0.190406 0.190358 0.190369 0.190159 0.190149 0.189578 0.189657 0.189641 0.000000 0.000000
0.000000 0.000000 0.170383 0.170416 0.171037 0.170903 0.170946 0.171018 0.170798 0.170873 0.170759 0.170808 0.170906 0.170751 0.170724 0.170689 0.171095 0.170217 0.170229 0.000000 0.000000
0.000000 0.000000 0.146716 0.147703 0.147561 0.147919 0.148413 0.148558 0.148803 0.148748 0.149029 0.149009 0.148852 0.148999 0.148753 0.148388 0.147601 0.148045 0.147029 0.000000 0.000000
0.000000 0.000000 0.136820 0.135962 0.135091 0.135116 0.135114 0.135945 0.135832 0.136067 0.135703 0.135780 0.135825 0.135705 0.135000 0.135003 0.134935 0.135647 0.136485 0.000000 0.000000
0.000000 0.000000 0.300000 0.300000 0.300000 0.300000 0.300000 0.300000 0.300000 0.300000 0.300000 0.300000 0.300000 0.300000 0.300000 0.300000 0.300000 0.300000 0.300000 0.000000 0.000000
0.000000 0.000000 0.000000 0.000000 0.000000 0.000000 0.000000 0.000000 0.000000 0.000000 0.000000 0.000000 0.000000 0.000000 0.000000 0.000000 0.000000 0.000000 0.000000 0.000000 0.000000