geotop/1.0zi/1.0Montebello/Templates/testdem/maps/_Eocsilt0348.asc
ncols         21
nrows         20
xllcorner     100.000000
yllcorner     100.000000
cellsize      50.000000
NODATA_value  -9999.0
0.000000 0.000000 0.000000 0.000000 0.000000 0.000000 0.000000 0.000000 0.000000 0.000000 0.000000 0.000000 0.000000 0.000000 0.000000 0.000000 0.000000 0.000000 0.000000 0.000000 0.000000
0.000000 0.000000 0.350009 0.350009 0.350009 0.350009 0.350009 0.350009 0.350009 0.350009 0.350009 0.350009 0.350009 0.350009 0.350009 0.350009 0.350009 0.350009 0.350009 0.000000 0.000000
0.000000 0.000000 0.350001 0.350000 0.350000 0.350000 0.350001 0.350001 0.350001 0.350001 0.350001 0.350001 0.350001 0.350001 0.350001 0.350000 0.350000 0.350000 0.350001 0.000000 0.000000
0.000000 0.000000 0.350250 0.350250 0.350247 0.350250 0.350250 0.350250 0.350250 0.350250 0.350250 0.350250 0.350250 0.350250 0.350250 0.350250 0.350247 0.350250 0.350250 0.000000 0.000000
0.000000 0.000000 0.350919 0.350919 0.350917 0.350919 0.350919 0.350919 0.350919 0.350919 0.350919 0.350919 0.350919 0.350919 0.350919 0.350919 0.350917 0.350919 0.350919 0.000000 0.000000
0.000000 0.000000 0.351556 0.351556 0.351554 0.351556 0.351556 0.351556 0.351556 0.351556 0.351556 0.351556 0.351556 0.351556 0.351556 0.351556 0.351554 0.351556 0.351556 0.000000 0.000000
0.000000 0.000000 0.352123 0.352123 0.352122 0.352123 0.352123 0.352123 0.352123 0.352123 0.352123 0.352123 0.352123 0.352123 0.352123 0.352123 0.352122 0.352123 0.352123 0.000000 0.000000
0.000000 0.000000 0.352646 0.352646 0.352645 0.352646 0.352646 0.352646 0.352646 0.352646 0.352646 0.352646 0.352646 0.352646 0.352646 0.352646 0.352645 0.352646 0.352646 0.000000 0.000000
0.000000 0.000000 0.353138 0.353138 0.353136 0.353138 0.353138 0.353138 0.353138 0.353138 0.353138 0.353138 0.353138 0.353138 0.353138 0.353138 0.353136 0.353138 0.353138 0.000000 0.000000
0.000000 0.000000 0.353611 0.353611 0.353610 0.353611 0.353611 0.353611 0.353611 0.353611 0.353611 0.353611 0.353611 0.353611 0.353611 0.353611 0.353610 0.353611 0.353611 0.000000 0.000000
0.000000 0.000000 0.354071 0.354071 0.354069 0.354070 0.354071 0.354071 0.354071 0.354071 0.354071 0.354071 0.354071 0.354071 0.354071 0.354070 0.354069 0.354071 0.354071 0.000000 0.000000
0.000000 0.000000 0.354520 0.354520 0.354518 0.354520 0.354520 0.354520 0.354520 0.354520 0.354520 0.354520 0.354520 0.354520 0.354520 0.354520 0.354518 0.354520 0.354520 0.000000 0.000000
0.000000 0.000000 0.354960 0.354960 0.354958 0.354960 0.354960 0.354960 0.354960 0.354960 0.354960 0.354960 0.354960 0.354960 0.354960 0.354960 0.354958 0.354960 0.354960 0.000000 0.000000
0.000000 0.000000 0.355390 0.355390 0.355389 0.355390 0.355390 0.355390 0.355390 0.355390 0.355390 0.355390 0.355390 0.355390 0.355390 0.355390 0.355389 0.355390 0.355390 0.000000 0.000000
0.000000 0.000000 0.355815 0.355815 0.355814 0.355815 0.355815 0.355815 0.355815 0.355815 0.355815 0.355815 0.355815 0.355815 0.355815 0.355815 0.355814 0.355815 0.355815 0.000000 0.000000
0.000000 0.000000 0.356240 0.356240 0.356239 0.356240 0.356240 0.356240 0.356240 0.356240 0.356240 0.356240 0.356240 0.356240 0.356240 0.356240 0.356239 0.356240 0.356240 0.000000 0.000000
0.000000 0.000000 0.356660 0.356660 0.356658 0.356660 0.356660 0.356660 0.356660 0.356660 0.356660 0.356660 0.356660 0.356660 0.356660 0.356660 0.356658 0.356660 0.356660 0.000000 0.000000
0.000000 0.000000 0.357096 0.357097 0.357095 0.357096 0.357097 0.357097 0.357097 0.357097 0.357097 0.357097 0.357097 0.357097 0.357097 0.357096 0.357095 0.357097 0.357097 0.000000 0.000000
0.000000 0.000000 0.350000 0.350000 0.350000 0.350000 0.350000 0.350000 0.350000 0.350000 0.350000 0.350000 0.350000 0.350000 0.350000 0.350000 0.350000 0.350000 0.350000 0.000000 0.000000
0.000000 0.000000 0.000000 0.000000 0.000000 0.000000 0.000000 0.000000 0.000000 0.000000 0.000000 0.000000 0.000000 0.000000 0.000000 0.000000 0.000000 0.000000 0.000000 0.000000 0.000000