geotop/1.0zi/1.0Montebello/Templates/testdem/maps/_Eocsilt7176.asc
ncols         21
nrows         20
xllcorner     100.000000
yllcorner     100.000000
cellsize      50.000000
NODATA_value  -9999.0
0.000000 0.000000 0.000000 0.000000 0.000000 0.000000 0.000000 0.000000 0.000000 0.000000 0.000000 0.000000 0.000000 0.000000 0.000000 0.000000 0.000000 0.000000 0.000000 0.000000 0.000000
0.000000 0.000000 0.350145 0.350145 0.350145 0.350146 0.350145 0.350146 0.350146 0.350145 0.350146 0.350145 0.350145 0.350145 0.350145 0.350145 0.350146 0.350146 0.350145 0.000000 0.000000
0.000000 0.000000 0.350004 0.350003 0.350003 0.350003 0.350004 0.350003 0.350003 0.350004 0.350004 0.350004 0.350004 0.350004 0.350003 0.350003 0.350001 0.350002 0.350003 0.000000 0.000000
0.000000 0.000000 0.350063 0.350060 0.350058 0.350053 0.350054 0.350051 0.350054 0.350053 0.350051 0.350053 0.350053 0.350053 0.350054 0.350057 0.350060 0.350062 0.350062 0.000000 0.000000
0.000000 0.000000 0.350781 0.350787 0.350782 0.350774 0.350769 0.350762 0.350760 0.350758 0.350759 0.350759 0.350760 0.350762 0.350773 0.350777 0.350776 0.350784 0.350789 0.000000 0.000000
0.000000 0.000000 0.352908 0.352909 0.352900 0.352886 0.352869 0.352849 0.352849 0.352843 0.352848 0.352848 0.352849 0.352848 0.352858 0.352868 0.352878 0.352884 0.352891 0.000000 0.000000
0.000000 0.000000 0.356039 0.356036 0.356026 0.356003 0.355974 0.355945 0.355947 0.355943 0.355945 0.355943 0.355940 0.355945 0.355969 0.355992 0.356006 0.356020 0.356028 0.000000 0.000000
0.000000 0.000000 0.359788 0.359786 0.359781 0.359758 0.359730 0.359698 0.359699 0.359695 0.359694 0.359691 0.359689 0.359695 0.359722 0.359747 0.359769 0.359774 0.359786 0.000000 0.000000
0.000000 0.000000 0.363767 0.363759 0.363746 0.363731 0.363703 0.363666 0.363668 0.363660 0.363658 0.363656 0.363657 0.363656 0.363692 0.363721 0.363738 0.363747 0.363758 0.000000 0.000000
0.000000 0.000000 0.367867 0.367860 0.367853 0.367839 0.367800 0.367767 0.367769 0.367764 0.367759 0.367762 0.367766 0.367764 0.367793 0.367826 0.367845 0.367851 0.367859 0.000000 0.000000
0.000000 0.000000 0.372191 0.372186 0.372179 0.372148 0.372122 0.372084 0.372093 0.372072 0.372075 0.372074 0.372067 0.372080 0.372105 0.372126 0.372149 0.372162 0.372180 0.000000 0.000000
0.000000 0.000000 0.376863 0.376850 0.376836 0.376815 0.376787 0.376741 0.376741 0.376732 0.376743 0.376728 0.376732 0.376736 0.376781 0.376804 0.376820 0.376829 0.376872 0.000000 0.000000
0.000000 0.000000 0.381788 0.381775 0.381768 0.381742 0.381717 0.381611 0.381610 0.381602 0.381577 0.381589 0.381595 0.381605 0.381686 0.381709 0.381748 0.381752 0.381779 0.000000 0.000000
0.000000 0.000000 0.387342 0.387336 0.387316 0.387297 0.387178 0.387166 0.387143 0.387141 0.387142 0.387138 0.387136 0.387132 0.387135 0.387258 0.387284 0.387317 0.387348 0.000000 0.000000
0.000000 0.000000 0.393686 0.393676 0.393648 0.393511 0.393494 0.393425 0.393387 0.393378 0.393356 0.393337 0.393352 0.393347 0.393411 0.393439 0.393623 0.393603 0.393617 0.000000 0.000000
0.000000 0.000000 0.400582 0.400571 0.400378 0.400389 0.400378 0.400339 0.400398 0.400373 0.400402 0.400382 0.400355 0.400401 0.400423 0.400436 0.400356 0.400613 0.400614 0.000000 0.000000
0.000000 0.000000 0.408936 0.408645 0.408629 0.408537 0.408390 0.408340 0.408291 0.408299 0.408225 0.408225 0.408263 0.408234 0.408306 0.408415 0.408611 0.408560 0.408859 0.000000 0.000000
0.000000 0.000000 0.413749 0.413913 0.414182 0.414145 0.414101 0.413840 0.413855 0.413789 0.413871 0.413848 0.413849 0.413872 0.414103 0.414135 0.414226 0.413977 0.413825 0.000000 0.000000
0.000000 0.000000 0.350000 0.350000 0.350000 0.350000 0.350000 0.350000 0.350000 0.350000 0.350000 0.350000 0.350000 0.350000 0.350000 0.350000 0.350000 0.350000 0.350000 0.000000 0.000000
0.000000 0.000000 0.000000 0.000000 0.000000 0.000000 0.000000 0.000000 0.000000 0.000000 0.000000 0.000000 0.000000 0.000000 0.000000 0.000000 0.000000 0.000000 0.000000 0.000000 0.000000