geotop/1.0zi/1.0Montebello/Templates/testdem/maps/_Eocsilt1965.asc
ncols         21
nrows         20
xllcorner     100.000000
yllcorner     100.000000
cellsize      50.000000
NODATA_value  -9999.0
0.000000 0.000000 0.000000 0.000000 0.000000 0.000000 0.000000 0.000000 0.000000 0.000000 0.000000 0.000000 0.000000 0.000000 0.000000 0.000000 0.000000 0.000000 0.000000 0.000000 0.000000
0.000000 0.000000 0.350044 0.350044 0.350044 0.350044 0.350044 0.350044 0.350044 0.350044 0.350044 0.350044 0.350044 0.350044 0.350044 0.350044 0.350044 0.350044 0.350044 0.000000 0.000000
0.000000 0.000000 0.349998 0.349998 0.349998 0.349998 0.349998 0.349998 0.349998 0.349998 0.349998 0.349998 0.349998 0.349998 0.349998 0.349998 0.349998 0.349998 0.349998 0.000000 0.000000
0.000000 0.000000 0.350691 0.350691 0.350689 0.350690 0.350692 0.350692 0.350691 0.350692 0.350692 0.350692 0.350691 0.350692 0.350692 0.350690 0.350689 0.350691 0.350691 0.000000 0.000000
0.000000 0.000000 0.353256 0.353255 0.353253 0.353253 0.353256 0.353255 0.353256 0.353257 0.353257 0.353257 0.353256 0.353255 0.353256 0.353253 0.353253 0.353255 0.353256 0.000000 0.000000
0.000000 0.000000 0.356551 0.356550 0.356549 0.356549 0.356551 0.356551 0.356551 0.356552 0.356552 0.356552 0.356551 0.356551 0.356551 0.356549 0.356549 0.356550 0.356551 0.000000 0.000000
0.000000 0.000000 0.359578 0.359577 0.359576 0.359576 0.359578 0.359577 0.359578 0.359578 0.359578 0.359578 0.359578 0.359577 0.359578 0.359576 0.359576 0.359577 0.359578 0.000000 0.000000
0.000000 0.000000 0.362350 0.362350 0.362349 0.362349 0.362351 0.362350 0.362350 0.362351 0.362351 0.362351 0.362350 0.362350 0.362351 0.362349 0.362349 0.362350 0.362350 0.000000 0.000000
0.000000 0.000000 0.364943 0.364943 0.364942 0.364942 0.364944 0.364943 0.364943 0.364944 0.364944 0.364944 0.364943 0.364943 0.364944 0.364942 0.364942 0.364943 0.364943 0.000000 0.000000
0.000000 0.000000 0.367419 0.367419 0.367418 0.367418 0.367420 0.367419 0.367419 0.367420 0.367420 0.367420 0.367419 0.367419 0.367420 0.367418 0.367418 0.367419 0.367419 0.000000 0.000000
0.000000 0.000000 0.369806 0.369806 0.369805 0.369805 0.369807 0.369806 0.369806 0.369807 0.369807 0.369807 0.369806 0.369806 0.369807 0.369805 0.369805 0.369806 0.369806 0.000000 0.000000
0.000000 0.000000 0.372126 0.372126 0.372125 0.372125 0.372127 0.372126 0.372126 0.372127 0.372127 0.372127 0.372126 0.372126 0.372127 0.372125 0.372125 0.372126 0.372126 0.000000 0.000000
0.000000 0.000000 0.374395 0.374395 0.374394 0.374394 0.374395 0.374395 0.374395 0.374395 0.374396 0.374395 0.374395 0.374395 0.374395 0.374394 0.374394 0.374395 0.374395 0.000000 0.000000
0.000000 0.000000 0.376617 0.376617 0.376615 0.376616 0.376617 0.376617 0.376617 0.376617 0.376617 0.376617 0.376617 0.376617 0.376617 0.376616 0.376615 0.376617 0.376617 0.000000 0.000000
0.000000 0.000000 0.378802 0.378802 0.378800 0.378801 0.378802 0.378802 0.378802 0.378802 0.378802 0.378802 0.378802 0.378802 0.378802 0.378801 0.378800 0.378802 0.378802 0.000000 0.000000
0.000000 0.000000 0.380957 0.380956 0.380955 0.380956 0.380957 0.380957 0.380957 0.380957 0.380957 0.380957 0.380957 0.380957 0.380957 0.380956 0.380955 0.380956 0.380957 0.000000 0.000000
0.000000 0.000000 0.383080 0.383080 0.383079 0.383079 0.383081 0.383080 0.383080 0.383081 0.383081 0.383081 0.383080 0.383080 0.383081 0.383079 0.383079 0.383080 0.383080 0.000000 0.000000
0.000000 0.000000 0.385207 0.385207 0.385206 0.385206 0.385208 0.385207 0.385207 0.385208 0.385208 0.385208 0.385207 0.385207 0.385208 0.385206 0.385206 0.385207 0.385207 0.000000 0.000000
0.000000 0.000000 0.350000 0.350000 0.350000 0.350000 0.350000 0.350000 0.350000 0.350000 0.350000 0.350000 0.350000 0.350000 0.350000 0.350000 0.350000 0.350000 0.350000 0.000000 0.000000
0.000000 0.000000 0.000000 0.000000 0.000000 0.000000 0.000000 0.000000 0.000000 0.000000 0.000000 0.000000 0.000000 0.000000 0.000000 0.000000 0.000000 0.000000 0.000000 0.000000 0.000000