geotop/1.0zi/1.0Montebello/Templates/testdem/maps/_Eocsand105P.asc
ncols         21
nrows         20
xllcorner     100.000000
yllcorner     100.000000
cellsize      50.000000
NODATA_value  -9999.0
0.000000 0.000000 0.000000 0.000000 0.000000 0.000000 0.000000 0.000000 0.000000 0.000000 0.000000 0.000000 0.000000 0.000000 0.000000 0.000000 0.000000 0.000000 0.000000 0.000000 0.000000
0.000000 0.000000 0.300284 0.300281 0.300281 0.300282 0.300281 0.300281 0.300282 0.300281 0.300282 0.300282 0.300282 0.300282 0.300281 0.300281 0.300282 0.300282 0.300282 0.000000 0.000000
0.000000 0.000000 0.300010 0.300012 0.300013 0.300010 0.300012 0.300013 0.300012 0.300012 0.300012 0.300011 0.300011 0.300012 0.300011 0.300012 0.300013 0.300013 0.300013 0.000000 0.000000
0.000000 0.000000 0.299625 0.299614 0.299630 0.299638 0.299632 0.299643 0.299640 0.299640 0.299644 0.299642 0.299642 0.299637 0.299639 0.299630 0.299626 0.299622 0.299622 0.000000 0.000000
0.000000 0.000000 0.295657 0.295665 0.295682 0.295715 0.295751 0.295764 0.295768 0.295771 0.295779 0.295768 0.295763 0.295768 0.295743 0.295725 0.295707 0.295690 0.295676 0.000000 0.000000
0.000000 0.000000 0.285958 0.285968 0.286013 0.286090 0.286163 0.286229 0.286230 0.286241 0.286252 0.286248 0.286235 0.286244 0.286208 0.286140 0.286108 0.286076 0.286064 0.000000 0.000000
0.000000 0.000000 0.272850 0.272872 0.272914 0.273004 0.273096 0.273238 0.273244 0.273255 0.273272 0.273270 0.273273 0.273271 0.273165 0.273083 0.273034 0.272990 0.272977 0.000000 0.000000
0.000000 0.000000 0.257064 0.257091 0.257135 0.257256 0.257358 0.257492 0.257505 0.257518 0.257541 0.257543 0.257551 0.257533 0.257437 0.257345 0.257263 0.257238 0.257209 0.000000 0.000000
0.000000 0.000000 0.239133 0.239174 0.239246 0.239341 0.239461 0.239629 0.239633 0.239660 0.239688 0.239693 0.239689 0.239700 0.239556 0.239442 0.239377 0.239339 0.239315 0.000000 0.000000
0.000000 0.000000 0.218413 0.218482 0.218549 0.218651 0.218793 0.218970 0.218994 0.219008 0.219055 0.219041 0.219015 0.219027 0.218914 0.218760 0.218678 0.218635 0.218628 0.000000 0.000000
0.000000 0.000000 0.193610 0.193675 0.193733 0.193988 0.194044 0.194299 0.194260 0.194381 0.194375 0.194396 0.194445 0.194377 0.194242 0.194147 0.194023 0.193970 0.193866 0.000000 0.000000
0.000000 0.000000 0.163303 0.163448 0.163627 0.163721 0.163848 0.164184 0.164237 0.164212 0.164202 0.164302 0.164251 0.164287 0.164011 0.163832 0.163779 0.163725 0.163521 0.000000 0.000000
0.000000 0.000000 0.129501 0.129626 0.129644 0.129908 0.130064 0.130967 0.131026 0.131081 0.131449 0.131194 0.131205 0.131123 0.130490 0.130362 0.130019 0.129971 0.130017 0.000000 0.000000
0.000000 0.000000 0.092867 0.092885 0.093172 0.093277 0.094303 0.093709 0.093952 0.093942 0.093725 0.093941 0.093971 0.094116 0.094616 0.093461 0.093503 0.093231 0.093093 0.000000 0.000000
0.000000 0.000000 0.066496 0.066559 0.066670 0.067323 0.067041 0.067452 0.067539 0.067583 0.067748 0.067788 0.067714 0.067710 0.067350 0.067645 0.066797 0.066990 0.067031 0.000000 0.000000
0.000000 0.000000 0.050527 0.050573 0.050860 0.051001 0.050924 0.051082 0.051009 0.051057 0.051061 0.051093 0.051113 0.051052 0.050943 0.051021 0.050953 0.050667 0.050691 0.000000 0.000000
0.000000 0.000000 0.039351 0.039448 0.039641 0.039698 0.039713 0.039796 0.039741 0.039765 0.039769 0.039784 0.039797 0.039763 0.039713 0.039713 0.039716 0.039502 0.039446 0.000000 0.000000
0.000000 0.000000 0.031631 0.031677 0.031810 0.031817 0.031851 0.031914 0.031862 0.031883 0.031870 0.031882 0.031898 0.031869 0.031829 0.031813 0.031865 0.031695 0.031665 0.000000 0.000000
0.000000 0.000000 0.300000 0.300000 0.300000 0.300000 0.300000 0.300000 0.300000 0.300000 0.300000 0.300000 0.300000 0.300000 0.300000 0.300000 0.300000 0.300000 0.300000 0.000000 0.000000
0.000000 0.000000 0.000000 0.000000 0.000000 0.000000 0.000000 0.000000 0.000000 0.000000 0.000000 0.000000 0.000000 0.000000 0.000000 0.000000 0.000000 0.000000 0.000000 0.000000 0.000000