geotop/1.0zi/1.0Montebello/Templates/testdem/maps/_Eocclay9235.asc
ncols         21
nrows         20
xllcorner     100.000000
yllcorner     100.000000
cellsize      50.000000
NODATA_value  -9999.0
0.000000 0.000000 0.000000 0.000000 0.000000 0.000000 0.000000 0.000000 0.000000 0.000000 0.000000 0.000000 0.000000 0.000000 0.000000 0.000000 0.000000 0.000000 0.000000 0.000000 0.000000
0.000000 0.000000 0.349571 0.349574 0.349574 0.349573 0.349574 0.349575 0.349574 0.349574 0.349573 0.349574 0.349574 0.349574 0.349574 0.349574 0.349572 0.349572 0.349573 0.000000 0.000000
0.000000 0.000000 0.349982 0.349980 0.349980 0.349982 0.349980 0.349980 0.349981 0.349980 0.349980 0.349980 0.349980 0.349980 0.349981 0.349981 0.349982 0.349981 0.349979 0.000000 0.000000
0.000000 0.000000 0.350022 0.350027 0.350025 0.350022 0.350023 0.350024 0.350028 0.350025 0.350028 0.350026 0.350027 0.350025 0.350027 0.350029 0.350027 0.350026 0.350024 0.000000 0.000000
0.000000 0.000000 0.351243 0.351236 0.351229 0.351219 0.351202 0.351202 0.351197 0.351198 0.351197 0.351199 0.351197 0.351200 0.351209 0.351213 0.351223 0.351224 0.351234 0.000000 0.000000
0.000000 0.000000 0.354754 0.354748 0.354725 0.354694 0.354667 0.354641 0.354645 0.354638 0.354640 0.354639 0.354644 0.354643 0.354657 0.354683 0.354696 0.354706 0.354712 0.000000 0.000000
0.000000 0.000000 0.359499 0.359488 0.359474 0.359445 0.359408 0.359354 0.359357 0.359352 0.359351 0.359352 0.359352 0.359353 0.359395 0.359426 0.359444 0.359454 0.359462 0.000000 0.000000
0.000000 0.000000 0.365133 0.365122 0.365108 0.365071 0.365032 0.364984 0.364986 0.364980 0.364978 0.364974 0.364972 0.364982 0.365021 0.365053 0.365083 0.365088 0.365102 0.000000 0.000000
0.000000 0.000000 0.371233 0.371218 0.371198 0.371173 0.371128 0.371074 0.371080 0.371069 0.371064 0.371061 0.371062 0.371062 0.371114 0.371153 0.371176 0.371182 0.371194 0.000000 0.000000
0.000000 0.000000 0.377889 0.377869 0.377854 0.377826 0.377764 0.377715 0.377717 0.377709 0.377700 0.377704 0.377711 0.377709 0.377751 0.377802 0.377830 0.377837 0.377844 0.000000 0.000000
0.000000 0.000000 0.385360 0.385345 0.385332 0.385267 0.385227 0.385161 0.385178 0.385142 0.385147 0.385141 0.385130 0.385152 0.385197 0.385228 0.385266 0.385279 0.385310 0.000000 0.000000
0.000000 0.000000 0.393930 0.393899 0.393860 0.393828 0.393772 0.393691 0.393693 0.393686 0.393700 0.393667 0.393681 0.393681 0.393762 0.393806 0.393828 0.393836 0.393902 0.000000 0.000000
0.000000 0.000000 0.403487 0.403458 0.403448 0.403376 0.403329 0.403101 0.403101 0.403089 0.403017 0.403057 0.403065 0.403087 0.403260 0.403301 0.403382 0.403384 0.403409 0.000000 0.000000
0.000000 0.000000 0.415204 0.415192 0.415127 0.415081 0.414764 0.414841 0.414780 0.414780 0.414813 0.414777 0.414771 0.414746 0.414672 0.415013 0.415036 0.415111 0.415164 0.000000 0.000000
0.000000 0.000000 0.429154 0.429112 0.429041 0.428619 0.428740 0.428503 0.428431 0.428406 0.428320 0.428279 0.428327 0.428327 0.428547 0.428440 0.428991 0.428868 0.428859 0.000000 0.000000
0.000000 0.000000 0.443564 0.443532 0.442958 0.443220 0.443137 0.443142 0.443391 0.443322 0.443451 0.443421 0.443316 0.443457 0.443403 0.443472 0.442883 0.443738 0.443724 0.000000 0.000000
0.000000 0.000000 0.459155 0.458464 0.458719 0.458402 0.458058 0.457950 0.457712 0.457768 0.457528 0.457555 0.457695 0.457549 0.457736 0.457988 0.458676 0.458116 0.458831 0.000000 0.000000
0.000000 0.000000 0.463280 0.463793 0.464248 0.464235 0.464256 0.463804 0.463885 0.463752 0.463968 0.463922 0.463889 0.463962 0.464329 0.464316 0.464308 0.463943 0.463432 0.000000 0.000000
0.000000 0.000000 0.350000 0.350000 0.350000 0.350000 0.350000 0.350000 0.350000 0.350000 0.350000 0.350000 0.350000 0.350000 0.350000 0.350000 0.350000 0.350000 0.350000 0.000000 0.000000
0.000000 0.000000 0.000000 0.000000 0.000000 0.000000 0.000000 0.000000 0.000000 0.000000 0.000000 0.000000 0.000000 0.000000 0.000000 0.000000 0.000000 0.000000 0.000000 0.000000 0.000000