geotop/1.0zi/1.0Montebello/Templates/testdem/maps/_Eocclay9564.asc
ncols         21
nrows         20
xllcorner     100.000000
yllcorner     100.000000
cellsize      50.000000
NODATA_value  -9999.0
0.000000 0.000000 0.000000 0.000000 0.000000 0.000000 0.000000 0.000000 0.000000 0.000000 0.000000 0.000000 0.000000 0.000000 0.000000 0.000000 0.000000 0.000000 0.000000 0.000000 0.000000
0.000000 0.000000 0.349557 0.349560 0.349560 0.349559 0.349560 0.349561 0.349560 0.349560 0.349559 0.349560 0.349560 0.349560 0.349560 0.349560 0.349558 0.349559 0.349559 0.000000 0.000000
0.000000 0.000000 0.349981 0.349979 0.349979 0.349981 0.349979 0.349979 0.349980 0.349979 0.349979 0.349979 0.349979 0.349979 0.349980 0.349980 0.349981 0.349981 0.349979 0.000000 0.000000
0.000000 0.000000 0.350039 0.350044 0.350042 0.350039 0.350040 0.350040 0.350044 0.350042 0.350045 0.350043 0.350043 0.350042 0.350045 0.350046 0.350044 0.350045 0.350043 0.000000 0.000000
0.000000 0.000000 0.351421 0.351415 0.351407 0.351397 0.351378 0.351376 0.351373 0.351375 0.351373 0.351378 0.351377 0.351379 0.351389 0.351394 0.351405 0.351408 0.351417 0.000000 0.000000
0.000000 0.000000 0.355203 0.355198 0.355175 0.355143 0.355113 0.355085 0.355089 0.355083 0.355085 0.355085 0.355092 0.355091 0.355105 0.355134 0.355149 0.355161 0.355168 0.000000 0.000000
0.000000 0.000000 0.360267 0.360257 0.360243 0.360211 0.360172 0.360114 0.360118 0.360113 0.360112 0.360114 0.360116 0.360117 0.360161 0.360194 0.360214 0.360227 0.360236 0.000000 0.000000
0.000000 0.000000 0.366292 0.366282 0.366266 0.366227 0.366185 0.366134 0.366137 0.366131 0.366129 0.366127 0.366125 0.366136 0.366176 0.366211 0.366243 0.366252 0.366267 0.000000 0.000000
0.000000 0.000000 0.372870 0.372856 0.372835 0.372807 0.372758 0.372699 0.372707 0.372696 0.372691 0.372689 0.372692 0.372691 0.372746 0.372789 0.372814 0.372823 0.372837 0.000000 0.000000
0.000000 0.000000 0.380121 0.380101 0.380085 0.380054 0.379987 0.379932 0.379936 0.379929 0.379919 0.379925 0.379934 0.379932 0.379977 0.380032 0.380063 0.380074 0.380082 0.000000 0.000000
0.000000 0.000000 0.388357 0.388343 0.388328 0.388256 0.388213 0.388139 0.388159 0.388120 0.388126 0.388122 0.388110 0.388134 0.388183 0.388218 0.388260 0.388279 0.388313 0.000000 0.000000
0.000000 0.000000 0.397926 0.397893 0.397850 0.397816 0.397752 0.397661 0.397663 0.397659 0.397675 0.397641 0.397659 0.397657 0.397747 0.397799 0.397822 0.397837 0.397909 0.000000 0.000000
0.000000 0.000000 0.408705 0.408677 0.408669 0.408585 0.408532 0.408265 0.408268 0.408254 0.408169 0.408223 0.408233 0.408258 0.408456 0.408504 0.408600 0.408608 0.408629 0.000000 0.000000
0.000000 0.000000 0.422069 0.422061 0.421983 0.421936 0.421555 0.421670 0.421599 0.421602 0.421653 0.421607 0.421601 0.421567 0.421461 0.421871 0.421890 0.421988 0.422047 0.000000 0.000000
0.000000 0.000000 0.437670 0.437624 0.437550 0.437056 0.437237 0.436940 0.436868 0.436840 0.436735 0.436696 0.436755 0.436759 0.437032 0.436864 0.437513 0.437365 0.437347 0.000000 0.000000
0.000000 0.000000 0.452588 0.452562 0.451962 0.452276 0.452165 0.452190 0.452461 0.452392 0.452537 0.452514 0.452401 0.452548 0.452471 0.452566 0.451893 0.452814 0.452801 0.000000 0.000000
0.000000 0.000000 0.466806 0.466236 0.466443 0.466177 0.465887 0.465792 0.465593 0.465641 0.465441 0.465466 0.465584 0.465461 0.465622 0.465837 0.466412 0.465955 0.466550 0.000000 0.000000
0.000000 0.000000 0.471316 0.471594 0.471959 0.471906 0.471875 0.471533 0.471565 0.471476 0.471604 0.471576 0.471569 0.471605 0.471894 0.471919 0.471999 0.471666 0.471393 0.000000 0.000000
0.000000 0.000000 0.350000 0.350000 0.350000 0.350000 0.350000 0.350000 0.350000 0.350000 0.350000 0.350000 0.350000 0.350000 0.350000 0.350000 0.350000 0.350000 0.350000 0.000000 0.000000
0.000000 0.000000 0.000000 0.000000 0.000000 0.000000 0.000000 0.000000 0.000000 0.000000 0.000000 0.000000 0.000000 0.000000 0.000000 0.000000 0.000000 0.000000 0.000000 0.000000 0.000000