geotop/1.0zi/1.0Montebello/Templates/testdem/maps/_Eocsand5605.asc
ncols         21
nrows         20
xllcorner     100.000000
yllcorner     100.000000
cellsize      50.000000
NODATA_value  -9999.0
0.000000 0.000000 0.000000 0.000000 0.000000 0.000000 0.000000 0.000000 0.000000 0.000000 0.000000 0.000000 0.000000 0.000000 0.000000 0.000000 0.000000 0.000000 0.000000 0.000000 0.000000
0.000000 0.000000 0.300141 0.300140 0.300140 0.300140 0.300140 0.300139 0.300140 0.300140 0.300140 0.300140 0.300140 0.300140 0.300140 0.300140 0.300140 0.300140 0.300141 0.000000 0.000000
0.000000 0.000000 0.300009 0.300008 0.300008 0.300008 0.300008 0.300008 0.300008 0.300008 0.300008 0.300008 0.300007 0.300007 0.300008 0.300008 0.300009 0.300010 0.300009 0.000000 0.000000
0.000000 0.000000 0.299967 0.299966 0.299969 0.299973 0.299971 0.299973 0.299970 0.299972 0.299971 0.299973 0.299973 0.299974 0.299969 0.299965 0.299966 0.299963 0.299965 0.000000 0.000000
0.000000 0.000000 0.299009 0.299006 0.299008 0.299016 0.299030 0.299038 0.299038 0.299039 0.299042 0.299040 0.299043 0.299042 0.299032 0.299030 0.299026 0.299015 0.299008 0.000000 0.000000
0.000000 0.000000 0.295983 0.295978 0.295988 0.296020 0.296036 0.296070 0.296072 0.296080 0.296071 0.296070 0.296065 0.296068 0.296060 0.296043 0.296028 0.296013 0.296003 0.000000 0.000000
0.000000 0.000000 0.291478 0.291482 0.291488 0.291522 0.291562 0.291612 0.291610 0.291616 0.291612 0.291610 0.291613 0.291611 0.291578 0.291540 0.291524 0.291506 0.291493 0.000000 0.000000
0.000000 0.000000 0.286023 0.286023 0.286024 0.286060 0.286100 0.286153 0.286151 0.286157 0.286156 0.286157 0.286160 0.286154 0.286116 0.286081 0.286051 0.286043 0.286025 0.000000 0.000000
0.000000 0.000000 0.280407 0.280414 0.280427 0.280447 0.280487 0.280543 0.280540 0.280550 0.280554 0.280551 0.280552 0.280557 0.280507 0.280468 0.280442 0.280434 0.280417 0.000000 0.000000
0.000000 0.000000 0.274760 0.274770 0.274773 0.274788 0.274844 0.274894 0.274889 0.274896 0.274903 0.274895 0.274889 0.274896 0.274857 0.274813 0.274785 0.274781 0.274770 0.000000 0.000000
0.000000 0.000000 0.268940 0.268946 0.268946 0.268986 0.269023 0.269079 0.269067 0.269093 0.269092 0.269089 0.269096 0.269083 0.269052 0.269024 0.268994 0.268977 0.268953 0.000000 0.000000
0.000000 0.000000 0.262844 0.262858 0.262872 0.262900 0.262933 0.262999 0.262996 0.263012 0.262995 0.263011 0.263008 0.263004 0.262947 0.262921 0.262900 0.262891 0.262829 0.000000 0.000000
0.000000 0.000000 0.256599 0.256611 0.256614 0.256646 0.256676 0.256808 0.256808 0.256819 0.256846 0.256831 0.256821 0.256812 0.256718 0.256695 0.256647 0.256643 0.256598 0.000000 0.000000
0.000000 0.000000 0.249833 0.249841 0.249856 0.249876 0.250002 0.250036 0.250065 0.250066 0.250076 0.250071 0.250070 0.250076 0.250062 0.249938 0.249898 0.249865 0.249820 0.000000 0.000000
0.000000 0.000000 0.242402 0.242413 0.242439 0.242567 0.242609 0.242684 0.242734 0.242742 0.242767 0.242780 0.242765 0.242777 0.242723 0.242664 0.242477 0.242492 0.242464 0.000000 0.000000
0.000000 0.000000 0.234558 0.234568 0.234734 0.234763 0.234773 0.234822 0.234789 0.234810 0.234795 0.234814 0.234835 0.234802 0.234774 0.234759 0.234769 0.234554 0.234548 0.000000 0.000000
0.000000 0.000000 0.225612 0.225838 0.225918 0.225983 0.226091 0.226146 0.226163 0.226167 0.226216 0.226224 0.226203 0.226212 0.226153 0.226074 0.225945 0.225890 0.225661 0.000000 0.000000
0.000000 0.000000 0.219029 0.219024 0.218822 0.218878 0.218965 0.219178 0.219183 0.219230 0.219201 0.219214 0.219199 0.219195 0.219003 0.218942 0.218797 0.219006 0.218997 0.000000 0.000000
0.000000 0.000000 0.300000 0.300000 0.300000 0.300000 0.300000 0.300000 0.300000 0.300000 0.300000 0.300000 0.300000 0.300000 0.300000 0.300000 0.300000 0.300000 0.300000 0.000000 0.000000
0.000000 0.000000 0.000000 0.000000 0.000000 0.000000 0.000000 0.000000 0.000000 0.000000 0.000000 0.000000 0.000000 0.000000 0.000000 0.000000 0.000000 0.000000 0.000000 0.000000 0.000000