geotop/1.0zi/1.0Montebello/Templates/testdem/maps/_Eocsand8552.asc
ncols         21
nrows         20
xllcorner     100.000000
yllcorner     100.000000
cellsize      50.000000
NODATA_value  -9999.0
0.000000 0.000000 0.000000 0.000000 0.000000 0.000000 0.000000 0.000000 0.000000 0.000000 0.000000 0.000000 0.000000 0.000000 0.000000 0.000000 0.000000 0.000000 0.000000 0.000000 0.000000
0.000000 0.000000 0.300214 0.300212 0.300212 0.300212 0.300211 0.300211 0.300211 0.300211 0.300212 0.300211 0.300212 0.300212 0.300211 0.300212 0.300213 0.300213 0.300213 0.000000 0.000000
0.000000 0.000000 0.300012 0.300013 0.300013 0.300011 0.300012 0.300013 0.300012 0.300012 0.300013 0.300013 0.300012 0.300012 0.300012 0.300012 0.300013 0.300014 0.300014 0.000000 0.000000
0.000000 0.000000 0.299893 0.299892 0.299897 0.299905 0.299900 0.299908 0.299903 0.299906 0.299906 0.299906 0.299906 0.299907 0.299903 0.299898 0.299896 0.299892 0.299893 0.000000 0.000000
0.000000 0.000000 0.297873 0.297874 0.297888 0.297906 0.297932 0.297940 0.297944 0.297946 0.297947 0.297943 0.297942 0.297940 0.297918 0.297911 0.297898 0.297886 0.297875 0.000000 0.000000
0.000000 0.000000 0.291902 0.291907 0.291934 0.291983 0.292022 0.292068 0.292068 0.292082 0.292072 0.292071 0.292063 0.292066 0.292040 0.292008 0.291978 0.291958 0.291946 0.000000 0.000000
0.000000 0.000000 0.283521 0.283535 0.283554 0.283609 0.283679 0.283758 0.283757 0.283767 0.283765 0.283763 0.283765 0.283760 0.283692 0.283634 0.283599 0.283571 0.283555 0.000000 0.000000
0.000000 0.000000 0.273593 0.273603 0.273619 0.273683 0.273747 0.273833 0.273833 0.273845 0.273846 0.273850 0.273854 0.273838 0.273765 0.273710 0.273654 0.273639 0.273613 0.000000 0.000000
0.000000 0.000000 0.262910 0.262933 0.262963 0.263005 0.263079 0.263171 0.263165 0.263185 0.263190 0.263193 0.263189 0.263193 0.263101 0.263030 0.262987 0.262965 0.262943 0.000000 0.000000
0.000000 0.000000 0.251511 0.251537 0.251554 0.251595 0.251701 0.251784 0.251783 0.251794 0.251807 0.251797 0.251785 0.251790 0.251714 0.251629 0.251578 0.251559 0.251544 0.000000 0.000000
0.000000 0.000000 0.239008 0.239023 0.239042 0.239139 0.239208 0.239314 0.239286 0.239347 0.239334 0.239339 0.239358 0.239323 0.239247 0.239198 0.239128 0.239093 0.239046 0.000000 0.000000
0.000000 0.000000 0.224982 0.225027 0.225070 0.225123 0.225214 0.225337 0.225350 0.225360 0.225332 0.225377 0.225357 0.225356 0.225222 0.225151 0.225108 0.225080 0.224969 0.000000 0.000000
0.000000 0.000000 0.209656 0.209701 0.209707 0.209805 0.209875 0.210222 0.210229 0.210245 0.210343 0.210284 0.210269 0.210238 0.209970 0.209906 0.209772 0.209762 0.209709 0.000000 0.000000
0.000000 0.000000 0.191430 0.191443 0.191518 0.191581 0.192032 0.191975 0.192065 0.192064 0.192027 0.192062 0.192070 0.192104 0.192159 0.191685 0.191626 0.191501 0.191418 0.000000 0.000000
0.000000 0.000000 0.169772 0.169821 0.169914 0.170499 0.170415 0.170713 0.170837 0.170867 0.170972 0.171033 0.170967 0.170979 0.170687 0.170746 0.169973 0.170106 0.170100 0.000000 0.000000
0.000000 0.000000 0.146200 0.146242 0.147082 0.146803 0.146885 0.146937 0.146606 0.146706 0.146528 0.146579 0.146721 0.146515 0.146522 0.146465 0.147159 0.145921 0.145940 0.000000 0.000000
0.000000 0.000000 0.117636 0.118908 0.118564 0.119077 0.119712 0.119904 0.120283 0.120195 0.120590 0.120544 0.120314 0.120551 0.120216 0.119749 0.118611 0.119419 0.118097 0.000000 0.000000
0.000000 0.000000 0.108698 0.107524 0.106532 0.106518 0.106440 0.107410 0.107227 0.107516 0.107028 0.107123 0.107204 0.107040 0.106238 0.106297 0.106349 0.107094 0.108253 0.000000 0.000000
0.000000 0.000000 0.300000 0.300000 0.300000 0.300000 0.300000 0.300000 0.300000 0.300000 0.300000 0.300000 0.300000 0.300000 0.300000 0.300000 0.300000 0.300000 0.300000 0.000000 0.000000
0.000000 0.000000 0.000000 0.000000 0.000000 0.000000 0.000000 0.000000 0.000000 0.000000 0.000000 0.000000 0.000000 0.000000 0.000000 0.000000 0.000000 0.000000 0.000000 0.000000 0.000000