geotop/1.0zi/1.0Montebello/Templates/testdem/maps/_Eocclay4217.asc
ncols         21
nrows         20
xllcorner     100.000000
yllcorner     100.000000
cellsize      50.000000
NODATA_value  -9999.0
0.000000 0.000000 0.000000 0.000000 0.000000 0.000000 0.000000 0.000000 0.000000 0.000000 0.000000 0.000000 0.000000 0.000000 0.000000 0.000000 0.000000 0.000000 0.000000 0.000000 0.000000
0.000000 0.000000 0.349807 0.349808 0.349808 0.349808 0.349808 0.349808 0.349808 0.349808 0.349808 0.349808 0.349808 0.349808 0.349808 0.349808 0.349807 0.349808 0.349807 0.000000 0.000000
0.000000 0.000000 0.349993 0.349994 0.349994 0.349993 0.349993 0.349994 0.349993 0.349993 0.349993 0.349993 0.349993 0.349994 0.349993 0.349993 0.349993 0.349993 0.349993 0.000000 0.000000
0.000000 0.000000 0.349994 0.349995 0.349993 0.349994 0.349995 0.349995 0.349996 0.349995 0.349995 0.349994 0.349994 0.349993 0.349996 0.349997 0.349996 0.349996 0.349995 0.000000 0.000000
0.000000 0.000000 0.350334 0.350335 0.350333 0.350333 0.350326 0.350325 0.350325 0.350325 0.350324 0.350326 0.350322 0.350322 0.350325 0.350326 0.350326 0.350326 0.350329 0.000000 0.000000
0.000000 0.000000 0.351532 0.351532 0.351527 0.351519 0.351517 0.351506 0.351507 0.351502 0.351506 0.351505 0.351507 0.351505 0.351502 0.351508 0.351513 0.351518 0.351523 0.000000 0.000000
0.000000 0.000000 0.353300 0.353295 0.353290 0.353280 0.353269 0.353249 0.353249 0.353245 0.353248 0.353248 0.353248 0.353245 0.353259 0.353274 0.353282 0.353286 0.353291 0.000000 0.000000
0.000000 0.000000 0.355281 0.355278 0.355274 0.355260 0.355249 0.355231 0.355233 0.355230 0.355231 0.355230 0.355226 0.355223 0.355239 0.355254 0.355262 0.355266 0.355272 0.000000 0.000000
0.000000 0.000000 0.357264 0.357259 0.357251 0.357242 0.357230 0.357210 0.357212 0.357208 0.357209 0.357210 0.357207 0.357205 0.357219 0.357237 0.357244 0.357247 0.357255 0.000000 0.000000
0.000000 0.000000 0.359241 0.359235 0.359229 0.359219 0.359203 0.359185 0.359188 0.359185 0.359186 0.359186 0.359183 0.359179 0.359196 0.359214 0.359221 0.359224 0.359231 0.000000 0.000000
0.000000 0.000000 0.361254 0.361248 0.361241 0.361234 0.361223 0.361201 0.361204 0.361199 0.361199 0.361200 0.361196 0.361193 0.361207 0.361220 0.361230 0.361233 0.361241 0.000000 0.000000
0.000000 0.000000 0.363333 0.363327 0.363319 0.363307 0.363295 0.363274 0.363274 0.363271 0.363272 0.363271 0.363268 0.363264 0.363283 0.363299 0.363308 0.363311 0.363334 0.000000 0.000000
0.000000 0.000000 0.365434 0.365427 0.365418 0.365409 0.365395 0.365352 0.365354 0.365349 0.365349 0.365350 0.365346 0.365343 0.365379 0.365398 0.365406 0.365410 0.365425 0.000000 0.000000
0.000000 0.000000 0.367652 0.367642 0.367635 0.367625 0.367584 0.367572 0.367566 0.367562 0.367563 0.367563 0.367558 0.367555 0.367567 0.367610 0.367620 0.367629 0.367638 0.000000 0.000000
0.000000 0.000000 0.370037 0.370028 0.370012 0.369975 0.369956 0.369929 0.369916 0.369911 0.369905 0.369904 0.369904 0.369896 0.369916 0.369947 0.369994 0.369993 0.370000 0.000000 0.000000
0.000000 0.000000 0.372490 0.372480 0.372431 0.372423 0.372412 0.372398 0.372397 0.372395 0.372398 0.372396 0.372388 0.372392 0.372398 0.372412 0.372414 0.372462 0.372476 0.000000 0.000000
0.000000 0.000000 0.375203 0.375141 0.375098 0.375081 0.375052 0.375035 0.375032 0.375029 0.375023 0.375023 0.375021 0.375013 0.375024 0.375060 0.375083 0.375109 0.375169 0.000000 0.000000
0.000000 0.000000 0.377336 0.377318 0.377349 0.377326 0.377300 0.377243 0.377238 0.377232 0.377234 0.377233 0.377227 0.377227 0.377277 0.377309 0.377345 0.377295 0.377323 0.000000 0.000000
0.000000 0.000000 0.350000 0.350000 0.350000 0.350000 0.350000 0.350000 0.350000 0.350000 0.350000 0.350000 0.350000 0.350000 0.350000 0.350000 0.350000 0.350000 0.350000 0.000000 0.000000
0.000000 0.000000 0.000000 0.000000 0.000000 0.000000 0.000000 0.000000 0.000000 0.000000 0.000000 0.000000 0.000000 0.000000 0.000000 0.000000 0.000000 0.000000 0.000000 0.000000 0.000000