geotop/1.0zi/1.0Montebello/Templates/testdem/maps/_Eocsilt0750.asc
ncols         21
nrows         20
xllcorner     100.000000
yllcorner     100.000000
cellsize      50.000000
NODATA_value  -9999.0
0.000000 0.000000 0.000000 0.000000 0.000000 0.000000 0.000000 0.000000 0.000000 0.000000 0.000000 0.000000 0.000000 0.000000 0.000000 0.000000 0.000000 0.000000 0.000000 0.000000 0.000000
0.000000 0.000000 0.350014 0.350014 0.350014 0.350014 0.350014 0.350014 0.350014 0.350014 0.350014 0.350014 0.350014 0.350014 0.350014 0.350014 0.350014 0.350014 0.350014 0.000000 0.000000
0.000000 0.000000 0.350000 0.350000 0.350000 0.350000 0.350000 0.350000 0.350000 0.350000 0.350000 0.350000 0.350000 0.350000 0.350000 0.350000 0.350000 0.350000 0.350000 0.000000 0.000000
0.000000 0.000000 0.350329 0.350329 0.350326 0.350327 0.350329 0.350329 0.350329 0.350329 0.350329 0.350329 0.350329 0.350329 0.350329 0.350327 0.350326 0.350329 0.350329 0.000000 0.000000
0.000000 0.000000 0.351426 0.351426 0.351424 0.351423 0.351426 0.351426 0.351426 0.351426 0.351426 0.351426 0.351426 0.351426 0.351426 0.351423 0.351424 0.351426 0.351426 0.000000 0.000000
0.000000 0.000000 0.352716 0.352715 0.352713 0.352713 0.352716 0.352716 0.352715 0.352716 0.352716 0.352716 0.352715 0.352716 0.352716 0.352713 0.352713 0.352715 0.352716 0.000000 0.000000
0.000000 0.000000 0.353899 0.353898 0.353897 0.353897 0.353899 0.353899 0.353899 0.353899 0.353899 0.353899 0.353899 0.353899 0.353899 0.353897 0.353897 0.353898 0.353899 0.000000 0.000000
0.000000 0.000000 0.354993 0.354993 0.354992 0.354992 0.354993 0.354993 0.354993 0.354993 0.354993 0.354993 0.354993 0.354993 0.354993 0.354992 0.354992 0.354993 0.354993 0.000000 0.000000
0.000000 0.000000 0.356026 0.356025 0.356024 0.356024 0.356026 0.356026 0.356025 0.356026 0.356026 0.356026 0.356025 0.356026 0.356026 0.356024 0.356024 0.356025 0.356026 0.000000 0.000000
0.000000 0.000000 0.357019 0.357019 0.357017 0.357017 0.357019 0.357019 0.357019 0.357019 0.357019 0.357019 0.357019 0.357019 0.357019 0.357017 0.357017 0.357019 0.357019 0.000000 0.000000
0.000000 0.000000 0.357983 0.357982 0.357981 0.357981 0.357983 0.357983 0.357983 0.357983 0.357983 0.357983 0.357983 0.357983 0.357983 0.357981 0.357981 0.357982 0.357983 0.000000 0.000000
0.000000 0.000000 0.358927 0.358926 0.358925 0.358925 0.358927 0.358927 0.358927 0.358927 0.358927 0.358927 0.358927 0.358927 0.358927 0.358925 0.358925 0.358926 0.358927 0.000000 0.000000
0.000000 0.000000 0.359854 0.359854 0.359853 0.359853 0.359854 0.359854 0.359854 0.359854 0.359854 0.359854 0.359854 0.359854 0.359854 0.359853 0.359853 0.359854 0.359854 0.000000 0.000000
0.000000 0.000000 0.360768 0.360767 0.360766 0.360767 0.360768 0.360768 0.360768 0.360768 0.360768 0.360768 0.360768 0.360768 0.360768 0.360767 0.360766 0.360767 0.360768 0.000000 0.000000
0.000000 0.000000 0.361672 0.361672 0.361671 0.361671 0.361672 0.361672 0.361672 0.361673 0.361672 0.361673 0.361672 0.361672 0.361672 0.361671 0.361671 0.361672 0.361672 0.000000 0.000000
0.000000 0.000000 0.362571 0.362571 0.362570 0.362570 0.362571 0.362571 0.362571 0.362571 0.362571 0.362571 0.362571 0.362571 0.362571 0.362570 0.362570 0.362571 0.362571 0.000000 0.000000
0.000000 0.000000 0.363461 0.363461 0.363460 0.363460 0.363461 0.363461 0.363461 0.363461 0.363461 0.363461 0.363461 0.363461 0.363461 0.363460 0.363460 0.363461 0.363461 0.000000 0.000000
0.000000 0.000000 0.364365 0.364365 0.364364 0.364364 0.364365 0.364365 0.364365 0.364365 0.364365 0.364365 0.364365 0.364365 0.364365 0.364364 0.364364 0.364365 0.364365 0.000000 0.000000
0.000000 0.000000 0.350000 0.350000 0.350000 0.350000 0.350000 0.350000 0.350000 0.350000 0.350000 0.350000 0.350000 0.350000 0.350000 0.350000 0.350000 0.350000 0.350000 0.000000 0.000000
0.000000 0.000000 0.000000 0.000000 0.000000 0.000000 0.000000 0.000000 0.000000 0.000000 0.000000 0.000000 0.000000 0.000000 0.000000 0.000000 0.000000 0.000000 0.000000 0.000000 0.000000