geotop/1.0zi/1.0Montebello/Templates/testdem/maps/_Eocsilt5381.asc
ncols         21
nrows         20
xllcorner     100.000000
yllcorner     100.000000
cellsize      50.000000
NODATA_value  -9999.0
0.000000 0.000000 0.000000 0.000000 0.000000 0.000000 0.000000 0.000000 0.000000 0.000000 0.000000 0.000000 0.000000 0.000000 0.000000 0.000000 0.000000 0.000000 0.000000 0.000000 0.000000
0.000000 0.000000 0.350109 0.350109 0.350109 0.350109 0.350109 0.350109 0.350109 0.350109 0.350109 0.350109 0.350109 0.350109 0.350109 0.350109 0.350109 0.350109 0.350109 0.000000 0.000000
0.000000 0.000000 0.350002 0.350002 0.350003 0.350003 0.350003 0.350003 0.350003 0.350003 0.350003 0.350003 0.350004 0.350003 0.350003 0.350003 0.350002 0.350001 0.350002 0.000000 0.000000
0.000000 0.000000 0.350037 0.350037 0.350036 0.350031 0.350033 0.350031 0.350033 0.350034 0.350033 0.350032 0.350032 0.350031 0.350033 0.350036 0.350036 0.350038 0.350037 0.000000 0.000000
0.000000 0.000000 0.350440 0.350444 0.350442 0.350439 0.350436 0.350431 0.350430 0.350429 0.350426 0.350428 0.350429 0.350430 0.350435 0.350437 0.350437 0.350446 0.350449 0.000000 0.000000
0.000000 0.000000 0.351764 0.351768 0.351764 0.351751 0.351742 0.351727 0.351724 0.351721 0.351726 0.351728 0.351729 0.351726 0.351731 0.351736 0.351744 0.351747 0.351751 0.000000 0.000000
0.000000 0.000000 0.353815 0.353813 0.353810 0.353793 0.353775 0.353754 0.353755 0.353753 0.353756 0.353756 0.353753 0.353756 0.353770 0.353786 0.353793 0.353802 0.353807 0.000000 0.000000
0.000000 0.000000 0.356308 0.356309 0.356310 0.356294 0.356275 0.356252 0.356253 0.356250 0.356250 0.356250 0.356249 0.356251 0.356268 0.356285 0.356300 0.356302 0.356310 0.000000 0.000000
0.000000 0.000000 0.358917 0.358913 0.358907 0.358897 0.358879 0.358852 0.358853 0.358848 0.358846 0.358848 0.358848 0.358846 0.358869 0.358888 0.358901 0.358905 0.358913 0.000000 0.000000
0.000000 0.000000 0.361513 0.361509 0.361507 0.361501 0.361475 0.361452 0.361455 0.361452 0.361448 0.361452 0.361455 0.361452 0.361470 0.361490 0.361503 0.361505 0.361509 0.000000 0.000000
0.000000 0.000000 0.364158 0.364156 0.364157 0.364138 0.364121 0.364096 0.364102 0.364089 0.364090 0.364092 0.364088 0.364094 0.364108 0.364121 0.364135 0.364143 0.364154 0.000000 0.000000
0.000000 0.000000 0.366920 0.366913 0.366908 0.366895 0.366880 0.366850 0.366852 0.366844 0.366852 0.366845 0.366847 0.366849 0.366875 0.366886 0.366896 0.366900 0.366928 0.000000 0.000000
0.000000 0.000000 0.369730 0.369725 0.369724 0.369709 0.369696 0.369637 0.369638 0.369632 0.369620 0.369627 0.369632 0.369636 0.369678 0.369688 0.369710 0.369711 0.369732 0.000000 0.000000
0.000000 0.000000 0.372752 0.372749 0.372743 0.372734 0.372679 0.372663 0.372650 0.372649 0.372644 0.372647 0.372648 0.372646 0.372652 0.372706 0.372725 0.372739 0.372760 0.000000 0.000000
0.000000 0.000000 0.376048 0.376045 0.376033 0.375978 0.375959 0.375926 0.375903 0.375900 0.375889 0.375883 0.375890 0.375884 0.375908 0.375935 0.376018 0.376012 0.376024 0.000000 0.000000
0.000000 0.000000 0.379514 0.379509 0.379440 0.379424 0.379419 0.379397 0.379408 0.379399 0.379404 0.379396 0.379389 0.379402 0.379415 0.379424 0.379425 0.379514 0.379517 0.000000 0.000000
0.000000 0.000000 0.383419 0.383326 0.383287 0.383259 0.383215 0.383191 0.383185 0.383183 0.383163 0.383160 0.383167 0.383165 0.383190 0.383223 0.383276 0.383307 0.383400 0.000000 0.000000
0.000000 0.000000 0.386369 0.386362 0.386441 0.386416 0.386382 0.386294 0.386291 0.386272 0.386281 0.386276 0.386283 0.386284 0.386365 0.386387 0.386453 0.386369 0.386383 0.000000 0.000000
0.000000 0.000000 0.350000 0.350000 0.350000 0.350000 0.350000 0.350000 0.350000 0.350000 0.350000 0.350000 0.350000 0.350000 0.350000 0.350000 0.350000 0.350000 0.350000 0.000000 0.000000
0.000000 0.000000 0.000000 0.000000 0.000000 0.000000 0.000000 0.000000 0.000000 0.000000 0.000000 0.000000 0.000000 0.000000 0.000000 0.000000 0.000000 0.000000 0.000000 0.000000 0.000000