geotop/1.0zi/1.0Montebello/Templates/testdem/maps/_Eocsilt2498.asc
ncols         21
nrows         20
xllcorner     100.000000
yllcorner     100.000000
cellsize      50.000000
NODATA_value  -9999.0
0.000000 0.000000 0.000000 0.000000 0.000000 0.000000 0.000000 0.000000 0.000000 0.000000 0.000000 0.000000 0.000000 0.000000 0.000000 0.000000 0.000000 0.000000 0.000000 0.000000 0.000000
0.000000 0.000000 0.350059 0.350059 0.350059 0.350059 0.350059 0.350059 0.350059 0.350059 0.350059 0.350059 0.350059 0.350059 0.350059 0.350059 0.350059 0.350059 0.350059 0.000000 0.000000
0.000000 0.000000 0.349998 0.349998 0.349998 0.349998 0.349998 0.349998 0.349998 0.349998 0.349998 0.349998 0.349998 0.349998 0.349998 0.349998 0.349998 0.349998 0.349998 0.000000 0.000000
0.000000 0.000000 0.350844 0.350843 0.350841 0.350842 0.350844 0.350844 0.350844 0.350844 0.350844 0.350844 0.350844 0.350844 0.350844 0.350842 0.350841 0.350843 0.350844 0.000000 0.000000
0.000000 0.000000 0.354121 0.354121 0.354119 0.354119 0.354121 0.354121 0.354121 0.354122 0.354122 0.354122 0.354121 0.354121 0.354121 0.354119 0.354119 0.354121 0.354121 0.000000 0.000000
0.000000 0.000000 0.358359 0.358358 0.358357 0.358357 0.358359 0.358358 0.358358 0.358359 0.358360 0.358359 0.358358 0.358358 0.358359 0.358357 0.358357 0.358358 0.358359 0.000000 0.000000
0.000000 0.000000 0.362234 0.362234 0.362232 0.362232 0.362234 0.362234 0.362234 0.362235 0.362235 0.362235 0.362234 0.362234 0.362234 0.362232 0.362232 0.362234 0.362234 0.000000 0.000000
0.000000 0.000000 0.365770 0.365770 0.365769 0.365769 0.365771 0.365770 0.365770 0.365771 0.365771 0.365771 0.365770 0.365770 0.365771 0.365769 0.365769 0.365770 0.365770 0.000000 0.000000
0.000000 0.000000 0.369064 0.369063 0.369062 0.369063 0.369064 0.369064 0.369064 0.369064 0.369065 0.369064 0.369064 0.369064 0.369064 0.369063 0.369062 0.369063 0.369064 0.000000 0.000000
0.000000 0.000000 0.372191 0.372191 0.372189 0.372190 0.372191 0.372191 0.372191 0.372191 0.372192 0.372191 0.372191 0.372191 0.372191 0.372190 0.372189 0.372191 0.372191 0.000000 0.000000
0.000000 0.000000 0.375188 0.375188 0.375187 0.375187 0.375189 0.375188 0.375188 0.375189 0.375189 0.375189 0.375188 0.375188 0.375189 0.375187 0.375187 0.375188 0.375188 0.000000 0.000000
0.000000 0.000000 0.378084 0.378084 0.378083 0.378083 0.378084 0.378084 0.378084 0.378085 0.378085 0.378085 0.378084 0.378084 0.378084 0.378083 0.378083 0.378084 0.378084 0.000000 0.000000
0.000000 0.000000 0.380899 0.380898 0.380897 0.380898 0.380899 0.380898 0.380898 0.380899 0.380899 0.380899 0.380898 0.380898 0.380899 0.380898 0.380897 0.380898 0.380899 0.000000 0.000000
0.000000 0.000000 0.383646 0.383646 0.383645 0.383645 0.383646 0.383646 0.383646 0.383646 0.383647 0.383646 0.383646 0.383646 0.383646 0.383645 0.383645 0.383646 0.383646 0.000000 0.000000
0.000000 0.000000 0.386336 0.386336 0.386335 0.386336 0.386337 0.386336 0.386336 0.386337 0.386337 0.386337 0.386336 0.386336 0.386337 0.386336 0.386335 0.386336 0.386336 0.000000 0.000000
0.000000 0.000000 0.388975 0.388974 0.388973 0.388974 0.388975 0.388974 0.388974 0.388975 0.388975 0.388975 0.388974 0.388974 0.388975 0.388974 0.388973 0.388974 0.388975 0.000000 0.000000
0.000000 0.000000 0.391563 0.391563 0.391562 0.391562 0.391563 0.391563 0.391563 0.391563 0.391564 0.391563 0.391563 0.391563 0.391563 0.391562 0.391562 0.391563 0.391563 0.000000 0.000000
0.000000 0.000000 0.394142 0.394142 0.394141 0.394142 0.394143 0.394142 0.394142 0.394143 0.394143 0.394143 0.394142 0.394142 0.394143 0.394142 0.394141 0.394142 0.394142 0.000000 0.000000
0.000000 0.000000 0.350000 0.350000 0.350000 0.350000 0.350000 0.350000 0.350000 0.350000 0.350000 0.350000 0.350000 0.350000 0.350000 0.350000 0.350000 0.350000 0.350000 0.000000 0.000000
0.000000 0.000000 0.000000 0.000000 0.000000 0.000000 0.000000 0.000000 0.000000 0.000000 0.000000 0.000000 0.000000 0.000000 0.000000 0.000000 0.000000 0.000000 0.000000 0.000000 0.000000