geotop/1.0zi/1.0Montebello/Templates/testdem/maps/_Eocsand1766.asc
ncols         21
nrows         20
xllcorner     100.000000
yllcorner     100.000000
cellsize      50.000000
NODATA_value  -9999.0
0.000000 0.000000 0.000000 0.000000 0.000000 0.000000 0.000000 0.000000 0.000000 0.000000 0.000000 0.000000 0.000000 0.000000 0.000000 0.000000 0.000000 0.000000 0.000000 0.000000 0.000000
0.000000 0.000000 0.300055 0.300055 0.300055 0.300055 0.300055 0.300055 0.300055 0.300055 0.300055 0.300055 0.300055 0.300055 0.300055 0.300055 0.300055 0.300055 0.300055 0.000000 0.000000
0.000000 0.000000 0.300008 0.300009 0.300009 0.300008 0.300008 0.300008 0.300008 0.300008 0.300008 0.300008 0.300008 0.300008 0.300008 0.300008 0.300009 0.300009 0.300008 0.000000 0.000000
0.000000 0.000000 0.298663 0.298664 0.298668 0.298666 0.298663 0.298663 0.298663 0.298663 0.298663 0.298663 0.298663 0.298663 0.298663 0.298666 0.298668 0.298664 0.298663 0.000000 0.000000
0.000000 0.000000 0.293530 0.293532 0.293535 0.293535 0.293528 0.293530 0.293530 0.293528 0.293528 0.293528 0.293530 0.293530 0.293528 0.293535 0.293535 0.293532 0.293530 0.000000 0.000000
0.000000 0.000000 0.287455 0.287456 0.287459 0.287458 0.287453 0.287455 0.287455 0.287453 0.287453 0.287453 0.287455 0.287455 0.287453 0.287458 0.287459 0.287456 0.287455 0.000000 0.000000
0.000000 0.000000 0.281810 0.281811 0.281814 0.281813 0.281809 0.281810 0.281810 0.281809 0.281809 0.281809 0.281810 0.281810 0.281809 0.281813 0.281814 0.281811 0.281810 0.000000 0.000000
0.000000 0.000000 0.276634 0.276635 0.276637 0.276637 0.276633 0.276634 0.276634 0.276633 0.276633 0.276633 0.276634 0.276634 0.276633 0.276637 0.276637 0.276635 0.276634 0.000000 0.000000
0.000000 0.000000 0.271794 0.271795 0.271797 0.271796 0.271793 0.271794 0.271794 0.271793 0.271793 0.271793 0.271794 0.271794 0.271793 0.271796 0.271797 0.271795 0.271794 0.000000 0.000000
0.000000 0.000000 0.267169 0.267170 0.267172 0.267171 0.267168 0.267169 0.267169 0.267168 0.267168 0.267168 0.267169 0.267169 0.267168 0.267171 0.267172 0.267170 0.267169 0.000000 0.000000
0.000000 0.000000 0.262710 0.262711 0.262713 0.262712 0.262709 0.262710 0.262710 0.262709 0.262709 0.262709 0.262710 0.262710 0.262709 0.262712 0.262713 0.262711 0.262710 0.000000 0.000000
0.000000 0.000000 0.258375 0.258375 0.258378 0.258376 0.258374 0.258374 0.258374 0.258374 0.258374 0.258374 0.258374 0.258374 0.258374 0.258376 0.258378 0.258375 0.258375 0.000000 0.000000
0.000000 0.000000 0.254130 0.254130 0.254133 0.254132 0.254129 0.254130 0.254130 0.254129 0.254129 0.254129 0.254130 0.254130 0.254129 0.254132 0.254133 0.254130 0.254130 0.000000 0.000000
0.000000 0.000000 0.249971 0.249972 0.249974 0.249973 0.249970 0.249971 0.249971 0.249971 0.249971 0.249971 0.249971 0.249971 0.249970 0.249973 0.249974 0.249972 0.249971 0.000000 0.000000
0.000000 0.000000 0.245880 0.245881 0.245883 0.245882 0.245879 0.245880 0.245880 0.245879 0.245879 0.245879 0.245880 0.245880 0.245879 0.245882 0.245883 0.245881 0.245880 0.000000 0.000000
0.000000 0.000000 0.241844 0.241845 0.241847 0.241846 0.241843 0.241844 0.241844 0.241843 0.241843 0.241843 0.241844 0.241844 0.241843 0.241846 0.241847 0.241845 0.241844 0.000000 0.000000
0.000000 0.000000 0.237865 0.237865 0.237868 0.237867 0.237864 0.237865 0.237865 0.237864 0.237864 0.237864 0.237865 0.237865 0.237864 0.237867 0.237868 0.237865 0.237865 0.000000 0.000000
0.000000 0.000000 0.233852 0.233851 0.233854 0.233853 0.233850 0.233851 0.233851 0.233850 0.233850 0.233850 0.233851 0.233851 0.233850 0.233853 0.233854 0.233851 0.233851 0.000000 0.000000
0.000000 0.000000 0.300000 0.300000 0.300000 0.300000 0.300000 0.300000 0.300000 0.300000 0.300000 0.300000 0.300000 0.300000 0.300000 0.300000 0.300000 0.300000 0.300000 0.000000 0.000000
0.000000 0.000000 0.000000 0.000000 0.000000 0.000000 0.000000 0.000000 0.000000 0.000000 0.000000 0.000000 0.000000 0.000000 0.000000 0.000000 0.000000 0.000000 0.000000 0.000000 0.000000