geotop/1.0zi/1.0Montebello/Templates/testdem/maps/_Eocsilt2606.asc
ncols         21
nrows         20
xllcorner     100.000000
yllcorner     100.000000
cellsize      50.000000
NODATA_value  -9999.0
0.000000 0.000000 0.000000 0.000000 0.000000 0.000000 0.000000 0.000000 0.000000 0.000000 0.000000 0.000000 0.000000 0.000000 0.000000 0.000000 0.000000 0.000000 0.000000 0.000000 0.000000
0.000000 0.000000 0.350063 0.350063 0.350063 0.350063 0.350063 0.350063 0.350063 0.350063 0.350062 0.350063 0.350063 0.350063 0.350063 0.350063 0.350063 0.350063 0.350063 0.000000 0.000000
0.000000 0.000000 0.349998 0.349997 0.349998 0.349998 0.349998 0.349998 0.349998 0.349998 0.349998 0.349998 0.349998 0.349998 0.349998 0.349998 0.349998 0.349997 0.349998 0.000000 0.000000
0.000000 0.000000 0.350876 0.350875 0.350873 0.350874 0.350876 0.350876 0.350876 0.350876 0.350876 0.350876 0.350876 0.350876 0.350876 0.350874 0.350873 0.350875 0.350876 0.000000 0.000000
0.000000 0.000000 0.354295 0.354295 0.354293 0.354293 0.354296 0.354295 0.354295 0.354296 0.354297 0.354296 0.354295 0.354295 0.354296 0.354293 0.354293 0.354295 0.354295 0.000000 0.000000
0.000000 0.000000 0.358718 0.358717 0.358716 0.358716 0.358718 0.358718 0.358718 0.358719 0.358719 0.358719 0.358718 0.358718 0.358718 0.358716 0.358716 0.358717 0.358718 0.000000 0.000000
0.000000 0.000000 0.362765 0.362764 0.362763 0.362763 0.362765 0.362764 0.362764 0.362765 0.362765 0.362765 0.362764 0.362764 0.362765 0.362763 0.362763 0.362764 0.362765 0.000000 0.000000
0.000000 0.000000 0.366455 0.366455 0.366454 0.366454 0.366456 0.366455 0.366455 0.366456 0.366456 0.366456 0.366455 0.366455 0.366456 0.366454 0.366454 0.366455 0.366455 0.000000 0.000000
0.000000 0.000000 0.369889 0.369889 0.369888 0.369888 0.369890 0.369889 0.369889 0.369890 0.369890 0.369890 0.369889 0.369889 0.369890 0.369888 0.369888 0.369889 0.369889 0.000000 0.000000
0.000000 0.000000 0.373147 0.373146 0.373145 0.373146 0.373147 0.373147 0.373147 0.373147 0.373147 0.373147 0.373147 0.373147 0.373147 0.373146 0.373145 0.373146 0.373147 0.000000 0.000000
0.000000 0.000000 0.376267 0.376267 0.376265 0.376266 0.376267 0.376267 0.376267 0.376267 0.376268 0.376267 0.376267 0.376267 0.376267 0.376266 0.376265 0.376267 0.376267 0.000000 0.000000
0.000000 0.000000 0.379278 0.379278 0.379277 0.379277 0.379279 0.379278 0.379278 0.379279 0.379279 0.379279 0.379278 0.379278 0.379279 0.379277 0.379277 0.379278 0.379278 0.000000 0.000000
0.000000 0.000000 0.382204 0.382203 0.382202 0.382203 0.382204 0.382203 0.382203 0.382204 0.382204 0.382204 0.382203 0.382203 0.382204 0.382203 0.382202 0.382203 0.382204 0.000000 0.000000
0.000000 0.000000 0.385057 0.385056 0.385055 0.385056 0.385057 0.385056 0.385056 0.385057 0.385057 0.385057 0.385056 0.385056 0.385057 0.385056 0.385055 0.385056 0.385057 0.000000 0.000000
0.000000 0.000000 0.387847 0.387846 0.387845 0.387846 0.387847 0.387846 0.387846 0.387847 0.387847 0.387847 0.387846 0.387846 0.387847 0.387846 0.387845 0.387846 0.387847 0.000000 0.000000
0.000000 0.000000 0.390579 0.390579 0.390578 0.390578 0.390579 0.390579 0.390579 0.390580 0.390580 0.390580 0.390579 0.390579 0.390579 0.390578 0.390578 0.390579 0.390579 0.000000 0.000000
0.000000 0.000000 0.393257 0.393257 0.393256 0.393256 0.393257 0.393257 0.393257 0.393258 0.393258 0.393258 0.393257 0.393257 0.393257 0.393256 0.393256 0.393257 0.393257 0.000000 0.000000
0.000000 0.000000 0.395920 0.395920 0.395919 0.395919 0.395920 0.395920 0.395920 0.395921 0.395921 0.395921 0.395920 0.395920 0.395920 0.395919 0.395919 0.395920 0.395920 0.000000 0.000000
0.000000 0.000000 0.350000 0.350000 0.350000 0.350000 0.350000 0.350000 0.350000 0.350000 0.350000 0.350000 0.350000 0.350000 0.350000 0.350000 0.350000 0.350000 0.350000 0.000000 0.000000
0.000000 0.000000 0.000000 0.000000 0.000000 0.000000 0.000000 0.000000 0.000000 0.000000 0.000000 0.000000 0.000000 0.000000 0.000000 0.000000 0.000000 0.000000 0.000000 0.000000 0.000000