geotop/1.0zi/1.0Montebello/Templates/testdem/maps/_Eocsand6515.asc
ncols         21
nrows         20
xllcorner     100.000000
yllcorner     100.000000
cellsize      50.000000
NODATA_value  -9999.0
0.000000 0.000000 0.000000 0.000000 0.000000 0.000000 0.000000 0.000000 0.000000 0.000000 0.000000 0.000000 0.000000 0.000000 0.000000 0.000000 0.000000 0.000000 0.000000 0.000000 0.000000
0.000000 0.000000 0.300160 0.300158 0.300158 0.300159 0.300158 0.300157 0.300158 0.300158 0.300159 0.300158 0.300158 0.300158 0.300158 0.300158 0.300159 0.300159 0.300159 0.000000 0.000000
0.000000 0.000000 0.300009 0.300010 0.300009 0.300008 0.300009 0.300010 0.300009 0.300009 0.300009 0.300010 0.300009 0.300010 0.300009 0.300010 0.300010 0.300010 0.300011 0.000000 0.000000
0.000000 0.000000 0.299963 0.299962 0.299966 0.299971 0.299969 0.299971 0.299967 0.299970 0.299967 0.299970 0.299969 0.299970 0.299968 0.299963 0.299963 0.299960 0.299960 0.000000 0.000000
0.000000 0.000000 0.298778 0.298773 0.298779 0.298787 0.298805 0.298813 0.298814 0.298814 0.298818 0.298818 0.298821 0.298818 0.298806 0.298803 0.298796 0.298785 0.298774 0.000000 0.000000
0.000000 0.000000 0.295199 0.295196 0.295210 0.295248 0.295269 0.295305 0.295306 0.295316 0.295309 0.295306 0.295301 0.295303 0.295293 0.295270 0.295249 0.295233 0.295222 0.000000 0.000000
0.000000 0.000000 0.289804 0.289808 0.289821 0.289861 0.289910 0.289964 0.289964 0.289971 0.289969 0.289969 0.289970 0.289967 0.289926 0.289881 0.289855 0.289834 0.289819 0.000000 0.000000
0.000000 0.000000 0.283267 0.283267 0.283275 0.283318 0.283366 0.283427 0.283426 0.283432 0.283434 0.283438 0.283439 0.283430 0.283384 0.283340 0.283300 0.283290 0.283268 0.000000 0.000000
0.000000 0.000000 0.276444 0.276452 0.276473 0.276500 0.276548 0.276612 0.276609 0.276621 0.276628 0.276629 0.276627 0.276629 0.276571 0.276523 0.276486 0.276474 0.276455 0.000000 0.000000
0.000000 0.000000 0.269477 0.269487 0.269497 0.269520 0.269588 0.269646 0.269642 0.269650 0.269660 0.269656 0.269644 0.269652 0.269603 0.269547 0.269508 0.269500 0.269486 0.000000 0.000000
0.000000 0.000000 0.262200 0.262205 0.262214 0.262265 0.262311 0.262375 0.262361 0.262394 0.262394 0.262394 0.262401 0.262381 0.262344 0.262308 0.262264 0.262242 0.262213 0.000000 0.000000
0.000000 0.000000 0.254455 0.254468 0.254492 0.254530 0.254574 0.254653 0.254652 0.254667 0.254651 0.254675 0.254668 0.254662 0.254590 0.254554 0.254521 0.254508 0.254434 0.000000 0.000000
0.000000 0.000000 0.246394 0.246411 0.246422 0.246465 0.246505 0.246675 0.246676 0.246689 0.246729 0.246712 0.246697 0.246683 0.246560 0.246524 0.246455 0.246448 0.246398 0.000000 0.000000
0.000000 0.000000 0.237495 0.237504 0.237532 0.237564 0.237740 0.237774 0.237813 0.237814 0.237825 0.237824 0.237824 0.237830 0.237815 0.237634 0.237578 0.237533 0.237479 0.000000 0.000000
0.000000 0.000000 0.227522 0.227531 0.227572 0.227768 0.227817 0.227919 0.227982 0.227994 0.228029 0.228057 0.228028 0.228040 0.227960 0.227890 0.227615 0.227639 0.227608 0.000000 0.000000
0.000000 0.000000 0.216810 0.216821 0.217086 0.217111 0.217127 0.217185 0.217122 0.217154 0.217126 0.217158 0.217187 0.217129 0.217096 0.217075 0.217122 0.216782 0.216778 0.000000 0.000000
0.000000 0.000000 0.204200 0.204570 0.204653 0.204766 0.204952 0.205028 0.205073 0.205070 0.205161 0.205168 0.205122 0.205149 0.205056 0.204916 0.204681 0.204665 0.204279 0.000000 0.000000
0.000000 0.000000 0.195748 0.195644 0.195298 0.195376 0.195478 0.195821 0.195820 0.195901 0.195828 0.195855 0.195835 0.195819 0.195511 0.195436 0.195244 0.195587 0.195669 0.000000 0.000000
0.000000 0.000000 0.300000 0.300000 0.300000 0.300000 0.300000 0.300000 0.300000 0.300000 0.300000 0.300000 0.300000 0.300000 0.300000 0.300000 0.300000 0.300000 0.300000 0.000000 0.000000
0.000000 0.000000 0.000000 0.000000 0.000000 0.000000 0.000000 0.000000 0.000000 0.000000 0.000000 0.000000 0.000000 0.000000 0.000000 0.000000 0.000000 0.000000 0.000000 0.000000 0.000000