geotop/1.0zi/1.0Montebello/Templates/testdem/maps/_Eocclay3666.asc
ncols         21
nrows         20
xllcorner     100.000000
yllcorner     100.000000
cellsize      50.000000
NODATA_value  -9999.0
0.000000 0.000000 0.000000 0.000000 0.000000 0.000000 0.000000 0.000000 0.000000 0.000000 0.000000 0.000000 0.000000 0.000000 0.000000 0.000000 0.000000 0.000000 0.000000 0.000000 0.000000
0.000000 0.000000 0.349805 0.349805 0.349805 0.349805 0.349805 0.349805 0.349805 0.349805 0.349804 0.349805 0.349805 0.349805 0.349805 0.349805 0.349805 0.349805 0.349805 0.000000 0.000000
0.000000 0.000000 0.349996 0.349996 0.349995 0.349996 0.349996 0.349996 0.349996 0.349996 0.349996 0.349996 0.349996 0.349996 0.349996 0.349996 0.349995 0.349996 0.349996 0.000000 0.000000
0.000000 0.000000 0.351299 0.351299 0.351296 0.351297 0.351298 0.351298 0.351298 0.351299 0.351299 0.351299 0.351298 0.351298 0.351298 0.351297 0.351296 0.351299 0.351299 0.000000 0.000000
0.000000 0.000000 0.356837 0.356835 0.356834 0.356834 0.356837 0.356836 0.356835 0.356836 0.356837 0.356836 0.356835 0.356836 0.356837 0.356834 0.356834 0.356835 0.356837 0.000000 0.000000
0.000000 0.000000 0.363026 0.363024 0.363023 0.363023 0.363025 0.363025 0.363024 0.363025 0.363025 0.363025 0.363024 0.363025 0.363025 0.363023 0.363023 0.363024 0.363026 0.000000 0.000000
0.000000 0.000000 0.368823 0.368822 0.368821 0.368821 0.368823 0.368822 0.368821 0.368822 0.368823 0.368822 0.368821 0.368822 0.368823 0.368821 0.368821 0.368822 0.368823 0.000000 0.000000
0.000000 0.000000 0.374087 0.374087 0.374086 0.374086 0.374087 0.374087 0.374086 0.374087 0.374087 0.374087 0.374086 0.374087 0.374087 0.374086 0.374086 0.374087 0.374087 0.000000 0.000000
0.000000 0.000000 0.378942 0.378941 0.378940 0.378940 0.378942 0.378941 0.378941 0.378941 0.378942 0.378941 0.378941 0.378941 0.378942 0.378940 0.378940 0.378941 0.378942 0.000000 0.000000
0.000000 0.000000 0.383500 0.383499 0.383498 0.383498 0.383499 0.383499 0.383499 0.383499 0.383500 0.383499 0.383499 0.383499 0.383499 0.383498 0.383498 0.383499 0.383500 0.000000 0.000000
0.000000 0.000000 0.387821 0.387820 0.387819 0.387820 0.387821 0.387820 0.387820 0.387820 0.387821 0.387820 0.387820 0.387820 0.387821 0.387820 0.387819 0.387820 0.387821 0.000000 0.000000
0.000000 0.000000 0.391949 0.391948 0.391947 0.391947 0.391948 0.391948 0.391948 0.391948 0.391949 0.391948 0.391948 0.391948 0.391948 0.391947 0.391947 0.391948 0.391949 0.000000 0.000000
0.000000 0.000000 0.395914 0.395913 0.395912 0.395913 0.395914 0.395913 0.395913 0.395913 0.395914 0.395913 0.395913 0.395913 0.395914 0.395913 0.395912 0.395913 0.395914 0.000000 0.000000
0.000000 0.000000 0.399745 0.399744 0.399743 0.399744 0.399745 0.399744 0.399744 0.399744 0.399745 0.399744 0.399744 0.399744 0.399745 0.399744 0.399743 0.399744 0.399745 0.000000 0.000000
0.000000 0.000000 0.403454 0.403454 0.403453 0.403453 0.403454 0.403454 0.403454 0.403454 0.403454 0.403454 0.403454 0.403454 0.403454 0.403453 0.403453 0.403454 0.403454 0.000000 0.000000
0.000000 0.000000 0.407048 0.407047 0.407046 0.407047 0.407047 0.407047 0.407047 0.407047 0.407048 0.407047 0.407047 0.407047 0.407047 0.407047 0.407046 0.407047 0.407048 0.000000 0.000000
0.000000 0.000000 0.410536 0.410536 0.410535 0.410535 0.410536 0.410536 0.410535 0.410536 0.410536 0.410536 0.410535 0.410536 0.410536 0.410535 0.410535 0.410536 0.410536 0.000000 0.000000
0.000000 0.000000 0.413968 0.413968 0.413967 0.413967 0.413968 0.413968 0.413967 0.413968 0.413968 0.413968 0.413967 0.413968 0.413968 0.413967 0.413967 0.413968 0.413968 0.000000 0.000000
0.000000 0.000000 0.350000 0.350000 0.350000 0.350000 0.350000 0.350000 0.350000 0.350000 0.350000 0.350000 0.350000 0.350000 0.350000 0.350000 0.350000 0.350000 0.350000 0.000000 0.000000
0.000000 0.000000 0.000000 0.000000 0.000000 0.000000 0.000000 0.000000 0.000000 0.000000 0.000000 0.000000 0.000000 0.000000 0.000000 0.000000 0.000000 0.000000 0.000000 0.000000 0.000000