geotop/1.0zi/1.0Montebello/Templates/testdem/maps/_Eocsilt2718.asc
ncols         21
nrows         20
xllcorner     100.000000
yllcorner     100.000000
cellsize      50.000000
NODATA_value  -9999.0
0.000000 0.000000 0.000000 0.000000 0.000000 0.000000 0.000000 0.000000 0.000000 0.000000 0.000000 0.000000 0.000000 0.000000 0.000000 0.000000 0.000000 0.000000 0.000000 0.000000 0.000000
0.000000 0.000000 0.350066 0.350066 0.350066 0.350066 0.350066 0.350066 0.350066 0.350066 0.350065 0.350066 0.350066 0.350066 0.350066 0.350066 0.350066 0.350066 0.350066 0.000000 0.000000
0.000000 0.000000 0.349999 0.349999 0.349999 0.349999 0.349999 0.349999 0.349999 0.349999 0.349999 0.349999 0.349999 0.349999 0.349999 0.349999 0.349999 0.349999 0.349999 0.000000 0.000000
0.000000 0.000000 0.350906 0.350906 0.350904 0.350905 0.350907 0.350907 0.350906 0.350907 0.350907 0.350907 0.350906 0.350907 0.350907 0.350905 0.350904 0.350906 0.350906 0.000000 0.000000
0.000000 0.000000 0.354483 0.354482 0.354480 0.354481 0.354483 0.354482 0.354482 0.354484 0.354484 0.354484 0.354482 0.354482 0.354483 0.354481 0.354480 0.354482 0.354483 0.000000 0.000000
0.000000 0.000000 0.359109 0.359109 0.359107 0.359108 0.359110 0.359109 0.359109 0.359110 0.359111 0.359110 0.359109 0.359109 0.359110 0.359108 0.359107 0.359109 0.359109 0.000000 0.000000
0.000000 0.000000 0.363346 0.363346 0.363344 0.363345 0.363347 0.363346 0.363346 0.363347 0.363347 0.363347 0.363346 0.363346 0.363347 0.363345 0.363344 0.363346 0.363346 0.000000 0.000000
0.000000 0.000000 0.367205 0.367204 0.367203 0.367203 0.367205 0.367204 0.367204 0.367205 0.367205 0.367205 0.367204 0.367204 0.367205 0.367203 0.367203 0.367204 0.367205 0.000000 0.000000
0.000000 0.000000 0.370790 0.370790 0.370788 0.370789 0.370790 0.370790 0.370790 0.370790 0.370791 0.370790 0.370790 0.370790 0.370790 0.370789 0.370788 0.370790 0.370790 0.000000 0.000000
0.000000 0.000000 0.374186 0.374185 0.374184 0.374185 0.374186 0.374185 0.374185 0.374186 0.374186 0.374186 0.374185 0.374185 0.374186 0.374185 0.374184 0.374185 0.374186 0.000000 0.000000
0.000000 0.000000 0.377433 0.377433 0.377431 0.377432 0.377433 0.377433 0.377433 0.377433 0.377434 0.377433 0.377433 0.377433 0.377433 0.377432 0.377431 0.377433 0.377433 0.000000 0.000000
0.000000 0.000000 0.380563 0.380563 0.380562 0.380562 0.380563 0.380563 0.380563 0.380563 0.380564 0.380563 0.380563 0.380563 0.380563 0.380562 0.380562 0.380563 0.380563 0.000000 0.000000
0.000000 0.000000 0.383599 0.383599 0.383598 0.383598 0.383599 0.383599 0.383599 0.383599 0.383600 0.383599 0.383599 0.383599 0.383599 0.383598 0.383598 0.383599 0.383599 0.000000 0.000000
0.000000 0.000000 0.386557 0.386557 0.386556 0.386556 0.386557 0.386557 0.386557 0.386557 0.386558 0.386557 0.386557 0.386557 0.386557 0.386556 0.386556 0.386557 0.386557 0.000000 0.000000
0.000000 0.000000 0.389445 0.389445 0.389444 0.389445 0.389446 0.389445 0.389445 0.389446 0.389446 0.389446 0.389445 0.389445 0.389446 0.389445 0.389444 0.389445 0.389445 0.000000 0.000000
0.000000 0.000000 0.392270 0.392270 0.392269 0.392269 0.392270 0.392270 0.392270 0.392271 0.392271 0.392271 0.392270 0.392270 0.392270 0.392269 0.392269 0.392270 0.392270 0.000000 0.000000
0.000000 0.000000 0.395035 0.395034 0.395033 0.395034 0.395035 0.395034 0.395034 0.395035 0.395035 0.395035 0.395034 0.395034 0.395035 0.395034 0.395033 0.395034 0.395035 0.000000 0.000000
0.000000 0.000000 0.397779 0.397779 0.397778 0.397779 0.397780 0.397779 0.397779 0.397780 0.397780 0.397780 0.397779 0.397779 0.397780 0.397779 0.397778 0.397779 0.397780 0.000000 0.000000
0.000000 0.000000 0.350000 0.350000 0.350000 0.350000 0.350000 0.350000 0.350000 0.350000 0.350000 0.350000 0.350000 0.350000 0.350000 0.350000 0.350000 0.350000 0.350000 0.000000 0.000000
0.000000 0.000000 0.000000 0.000000 0.000000 0.000000 0.000000 0.000000 0.000000 0.000000 0.000000 0.000000 0.000000 0.000000 0.000000 0.000000 0.000000 0.000000 0.000000 0.000000 0.000000