geotop/1.0zi/1.0Montebello/Templates/testdem/maps/_Eocsilt2632.asc
ncols         21
nrows         20
xllcorner     100.000000
yllcorner     100.000000
cellsize      50.000000
NODATA_value  -9999.0
0.000000 0.000000 0.000000 0.000000 0.000000 0.000000 0.000000 0.000000 0.000000 0.000000 0.000000 0.000000 0.000000 0.000000 0.000000 0.000000 0.000000 0.000000 0.000000 0.000000 0.000000
0.000000 0.000000 0.350063 0.350063 0.350063 0.350063 0.350063 0.350063 0.350063 0.350063 0.350062 0.350063 0.350063 0.350063 0.350063 0.350063 0.350063 0.350063 0.350063 0.000000 0.000000
0.000000 0.000000 0.349998 0.349997 0.349998 0.349998 0.349998 0.349998 0.349998 0.349998 0.349998 0.349998 0.349998 0.349998 0.349998 0.349998 0.349998 0.349997 0.349998 0.000000 0.000000
0.000000 0.000000 0.350876 0.350875 0.350873 0.350874 0.350876 0.350876 0.350876 0.350876 0.350876 0.350876 0.350876 0.350876 0.350876 0.350874 0.350873 0.350875 0.350876 0.000000 0.000000
0.000000 0.000000 0.354298 0.354297 0.354295 0.354296 0.354298 0.354297 0.354297 0.354299 0.354299 0.354299 0.354297 0.354297 0.354298 0.354296 0.354295 0.354297 0.354298 0.000000 0.000000
0.000000 0.000000 0.358729 0.358728 0.358727 0.358727 0.358729 0.358728 0.358728 0.358729 0.358730 0.358729 0.358728 0.358728 0.358729 0.358727 0.358727 0.358728 0.358729 0.000000 0.000000
0.000000 0.000000 0.362789 0.362788 0.362787 0.362787 0.362789 0.362788 0.362788 0.362789 0.362789 0.362789 0.362788 0.362788 0.362789 0.362787 0.362787 0.362788 0.362789 0.000000 0.000000
0.000000 0.000000 0.366493 0.366492 0.366491 0.366491 0.366493 0.366492 0.366492 0.366493 0.366493 0.366493 0.366492 0.366492 0.366493 0.366491 0.366491 0.366492 0.366493 0.000000 0.000000
0.000000 0.000000 0.369940 0.369940 0.369939 0.369939 0.369941 0.369940 0.369940 0.369941 0.369941 0.369941 0.369940 0.369940 0.369941 0.369939 0.369939 0.369940 0.369940 0.000000 0.000000
0.000000 0.000000 0.373211 0.373211 0.373210 0.373210 0.373212 0.373211 0.373211 0.373212 0.373212 0.373212 0.373211 0.373211 0.373212 0.373210 0.373210 0.373211 0.373211 0.000000 0.000000
0.000000 0.000000 0.376345 0.376345 0.376343 0.376344 0.376345 0.376345 0.376345 0.376345 0.376346 0.376345 0.376345 0.376345 0.376345 0.376344 0.376343 0.376345 0.376345 0.000000 0.000000
0.000000 0.000000 0.379370 0.379370 0.379369 0.379369 0.379370 0.379370 0.379370 0.379370 0.379371 0.379370 0.379370 0.379370 0.379370 0.379369 0.379369 0.379370 0.379370 0.000000 0.000000
0.000000 0.000000 0.382308 0.382308 0.382307 0.382307 0.382309 0.382308 0.382308 0.382309 0.382309 0.382309 0.382308 0.382308 0.382309 0.382307 0.382307 0.382308 0.382308 0.000000 0.000000
0.000000 0.000000 0.385175 0.385174 0.385173 0.385174 0.385175 0.385174 0.385175 0.385175 0.385175 0.385175 0.385175 0.385174 0.385175 0.385174 0.385173 0.385174 0.385175 0.000000 0.000000
0.000000 0.000000 0.387978 0.387978 0.387976 0.387977 0.387978 0.387978 0.387978 0.387978 0.387978 0.387978 0.387978 0.387978 0.387978 0.387977 0.387976 0.387978 0.387978 0.000000 0.000000
0.000000 0.000000 0.390723 0.390723 0.390722 0.390722 0.390724 0.390723 0.390723 0.390724 0.390724 0.390724 0.390723 0.390723 0.390724 0.390722 0.390722 0.390723 0.390723 0.000000 0.000000
0.000000 0.000000 0.393414 0.393414 0.393413 0.393413 0.393414 0.393414 0.393414 0.393415 0.393415 0.393415 0.393414 0.393414 0.393414 0.393413 0.393413 0.393414 0.393414 0.000000 0.000000
0.000000 0.000000 0.396088 0.396088 0.396087 0.396087 0.396088 0.396088 0.396088 0.396089 0.396089 0.396089 0.396088 0.396088 0.396088 0.396087 0.396087 0.396088 0.396088 0.000000 0.000000
0.000000 0.000000 0.350000 0.350000 0.350000 0.350000 0.350000 0.350000 0.350000 0.350000 0.350000 0.350000 0.350000 0.350000 0.350000 0.350000 0.350000 0.350000 0.350000 0.000000 0.000000
0.000000 0.000000 0.000000 0.000000 0.000000 0.000000 0.000000 0.000000 0.000000 0.000000 0.000000 0.000000 0.000000 0.000000 0.000000 0.000000 0.000000 0.000000 0.000000 0.000000 0.000000