geotop/1.0zi/1.0Montebello/Templates/testdem/maps/_Eocsand9308.asc
ncols         21
nrows         20
xllcorner     100.000000
yllcorner     100.000000
cellsize      50.000000
NODATA_value  -9999.0
0.000000 0.000000 0.000000 0.000000 0.000000 0.000000 0.000000 0.000000 0.000000 0.000000 0.000000 0.000000 0.000000 0.000000 0.000000 0.000000 0.000000 0.000000 0.000000 0.000000 0.000000
0.000000 0.000000 0.300237 0.300234 0.300234 0.300235 0.300234 0.300233 0.300233 0.300234 0.300234 0.300234 0.300234 0.300234 0.300234 0.300234 0.300235 0.300235 0.300235 0.000000 0.000000
0.000000 0.000000 0.300012 0.300014 0.300014 0.300012 0.300014 0.300014 0.300013 0.300013 0.300014 0.300014 0.300013 0.300013 0.300013 0.300013 0.300014 0.300015 0.300015 0.000000 0.000000
0.000000 0.000000 0.299855 0.299854 0.299861 0.299869 0.299868 0.299871 0.299865 0.299867 0.299867 0.299867 0.299866 0.299868 0.299863 0.299857 0.299854 0.299855 0.299854 0.000000 0.000000
0.000000 0.000000 0.297446 0.297447 0.297465 0.297492 0.297520 0.297524 0.297526 0.297528 0.297529 0.297525 0.297522 0.297522 0.297499 0.297488 0.297474 0.297469 0.297456 0.000000 0.000000
0.000000 0.000000 0.290515 0.290525 0.290563 0.290615 0.290674 0.290724 0.290723 0.290734 0.290729 0.290730 0.290720 0.290723 0.290694 0.290646 0.290620 0.290603 0.290589 0.000000 0.000000
0.000000 0.000000 0.280916 0.280935 0.280966 0.281029 0.281107 0.281212 0.281204 0.281213 0.281215 0.281215 0.281217 0.281210 0.281130 0.281067 0.281028 0.281003 0.280987 0.000000 0.000000
0.000000 0.000000 0.269546 0.269567 0.269594 0.269668 0.269748 0.269843 0.269838 0.269849 0.269854 0.269861 0.269865 0.269845 0.269770 0.269702 0.269639 0.269629 0.269599 0.000000 0.000000
0.000000 0.000000 0.257168 0.257198 0.257239 0.257292 0.257385 0.257496 0.257483 0.257505 0.257516 0.257521 0.257516 0.257518 0.257412 0.257331 0.257282 0.257266 0.257239 0.000000 0.000000
0.000000 0.000000 0.243678 0.243716 0.243747 0.243805 0.243930 0.244032 0.244027 0.244041 0.244060 0.244051 0.244037 0.244040 0.243955 0.243851 0.243793 0.243776 0.243761 0.000000 0.000000
0.000000 0.000000 0.228558 0.228586 0.228613 0.228747 0.228828 0.228963 0.228928 0.229000 0.228989 0.229000 0.229023 0.228978 0.228887 0.228822 0.228743 0.228714 0.228650 0.000000 0.000000
0.000000 0.000000 0.211188 0.211249 0.211327 0.211392 0.211509 0.211674 0.211670 0.211682 0.211654 0.211718 0.211688 0.211689 0.211526 0.211432 0.211387 0.211366 0.211232 0.000000 0.000000
0.000000 0.000000 0.191819 0.191875 0.191893 0.192041 0.192139 0.192606 0.192603 0.192628 0.192775 0.192691 0.192674 0.192628 0.192279 0.192191 0.192023 0.192015 0.191967 0.000000 0.000000
0.000000 0.000000 0.168095 0.168115 0.168247 0.168339 0.168989 0.168824 0.168949 0.168946 0.168874 0.168949 0.168961 0.169013 0.169170 0.168472 0.168425 0.168266 0.168160 0.000000 0.000000
0.000000 0.000000 0.140127 0.140209 0.140349 0.141200 0.140944 0.141435 0.141573 0.141621 0.141797 0.141877 0.141779 0.141776 0.141326 0.141554 0.140438 0.140686 0.140706 0.000000 0.000000
0.000000 0.000000 0.112011 0.112068 0.113176 0.112660 0.112834 0.112820 0.112337 0.112468 0.112216 0.112270 0.112473 0.112201 0.112310 0.112163 0.113317 0.111655 0.111679 0.000000 0.000000
0.000000 0.000000 0.083231 0.084428 0.084003 0.084555 0.085159 0.085356 0.085766 0.085670 0.086085 0.086038 0.085797 0.086047 0.085715 0.085269 0.084076 0.085024 0.083780 0.000000 0.000000
0.000000 0.000000 0.074524 0.073840 0.073085 0.073168 0.073205 0.073948 0.073856 0.074060 0.073754 0.073823 0.073853 0.073759 0.073140 0.073108 0.072999 0.073656 0.074333 0.000000 0.000000
0.000000 0.000000 0.300000 0.300000 0.300000 0.300000 0.300000 0.300000 0.300000 0.300000 0.300000 0.300000 0.300000 0.300000 0.300000 0.300000 0.300000 0.300000 0.300000 0.000000 0.000000
0.000000 0.000000 0.000000 0.000000 0.000000 0.000000 0.000000 0.000000 0.000000 0.000000 0.000000 0.000000 0.000000 0.000000 0.000000 0.000000 0.000000 0.000000 0.000000 0.000000 0.000000