geotop/1.0zi/1.0Montebello/Templates/testdem/maps/_Eocclay8778.asc
ncols         21
nrows         20
xllcorner     100.000000
yllcorner     100.000000
cellsize      50.000000
NODATA_value  -9999.0
0.000000 0.000000 0.000000 0.000000 0.000000 0.000000 0.000000 0.000000 0.000000 0.000000 0.000000 0.000000 0.000000 0.000000 0.000000 0.000000 0.000000 0.000000 0.000000 0.000000 0.000000
0.000000 0.000000 0.349593 0.349595 0.349595 0.349594 0.349596 0.349596 0.349595 0.349595 0.349594 0.349596 0.349595 0.349595 0.349596 0.349595 0.349593 0.349594 0.349595 0.000000 0.000000
0.000000 0.000000 0.349983 0.349982 0.349982 0.349984 0.349982 0.349982 0.349982 0.349982 0.349981 0.349981 0.349982 0.349981 0.349982 0.349983 0.349983 0.349983 0.349981 0.000000 0.000000
0.000000 0.000000 0.350022 0.350027 0.350025 0.350020 0.350021 0.350022 0.350025 0.350023 0.350026 0.350024 0.350024 0.350022 0.350025 0.350027 0.350025 0.350027 0.350025 0.000000 0.000000
0.000000 0.000000 0.351188 0.351180 0.351177 0.351168 0.351151 0.351150 0.351147 0.351148 0.351146 0.351148 0.351146 0.351148 0.351158 0.351161 0.351172 0.351171 0.351181 0.000000 0.000000
0.000000 0.000000 0.354478 0.354474 0.354455 0.354425 0.354401 0.354377 0.354381 0.354374 0.354379 0.354378 0.354384 0.354382 0.354396 0.354421 0.354434 0.354444 0.354450 0.000000 0.000000
0.000000 0.000000 0.358922 0.358913 0.358903 0.358874 0.358840 0.358791 0.358793 0.358788 0.358788 0.358790 0.358791 0.358790 0.358832 0.358862 0.358879 0.358890 0.358898 0.000000 0.000000
0.000000 0.000000 0.364183 0.364173 0.364164 0.364128 0.364093 0.364049 0.364051 0.364045 0.364045 0.364043 0.364040 0.364049 0.364087 0.364117 0.364146 0.364152 0.364166 0.000000 0.000000
0.000000 0.000000 0.369835 0.369822 0.369807 0.369783 0.369743 0.369695 0.369700 0.369690 0.369687 0.369686 0.369687 0.369685 0.369735 0.369772 0.369794 0.369800 0.369813 0.000000 0.000000
0.000000 0.000000 0.375937 0.375919 0.375911 0.375886 0.375829 0.375786 0.375788 0.375782 0.375775 0.375780 0.375787 0.375784 0.375825 0.375872 0.375897 0.375905 0.375912 0.000000 0.000000
0.000000 0.000000 0.382708 0.382697 0.382687 0.382631 0.382594 0.382539 0.382554 0.382521 0.382528 0.382525 0.382514 0.382533 0.382576 0.382604 0.382640 0.382653 0.382681 0.000000 0.000000
0.000000 0.000000 0.390376 0.390353 0.390325 0.390294 0.390245 0.390178 0.390178 0.390173 0.390188 0.390162 0.390173 0.390172 0.390246 0.390286 0.390305 0.390315 0.390376 0.000000 0.000000
0.000000 0.000000 0.398831 0.398804 0.398801 0.398742 0.398702 0.398508 0.398508 0.398499 0.398441 0.398476 0.398484 0.398501 0.398654 0.398690 0.398763 0.398764 0.398790 0.000000 0.000000
0.000000 0.000000 0.409041 0.409032 0.408986 0.408948 0.408682 0.408734 0.408684 0.408685 0.408711 0.408687 0.408682 0.408660 0.408616 0.408900 0.408926 0.408991 0.409038 0.000000 0.000000
0.000000 0.000000 0.421232 0.421198 0.421144 0.420794 0.420869 0.420690 0.420625 0.420607 0.420542 0.420508 0.420547 0.420541 0.420717 0.420660 0.421118 0.421022 0.421020 0.000000 0.000000
0.000000 0.000000 0.434340 0.434314 0.433819 0.434011 0.433952 0.433942 0.434152 0.434092 0.434202 0.434174 0.434087 0.434207 0.434186 0.434237 0.433775 0.434510 0.434498 0.000000 0.000000
0.000000 0.000000 0.449810 0.449100 0.449334 0.449026 0.448672 0.448568 0.448340 0.448395 0.448165 0.448192 0.448328 0.448185 0.448376 0.448637 0.449310 0.448792 0.449527 0.000000 0.000000
0.000000 0.000000 0.453929 0.454578 0.455100 0.455109 0.455159 0.454649 0.454757 0.454602 0.454870 0.454818 0.454770 0.454861 0.455279 0.455246 0.455194 0.454808 0.454165 0.000000 0.000000
0.000000 0.000000 0.350000 0.350000 0.350000 0.350000 0.350000 0.350000 0.350000 0.350000 0.350000 0.350000 0.350000 0.350000 0.350000 0.350000 0.350000 0.350000 0.350000 0.000000 0.000000
0.000000 0.000000 0.000000 0.000000 0.000000 0.000000 0.000000 0.000000 0.000000 0.000000 0.000000 0.000000 0.000000 0.000000 0.000000 0.000000 0.000000 0.000000 0.000000 0.000000 0.000000