geotop/1.0zi/1.0Montebello/Templates/testdem/maps/_Eocsilt2669.asc
ncols         21
nrows         20
xllcorner     100.000000
yllcorner     100.000000
cellsize      50.000000
NODATA_value  -9999.0
0.000000 0.000000 0.000000 0.000000 0.000000 0.000000 0.000000 0.000000 0.000000 0.000000 0.000000 0.000000 0.000000 0.000000 0.000000 0.000000 0.000000 0.000000 0.000000 0.000000 0.000000
0.000000 0.000000 0.350063 0.350063 0.350063 0.350063 0.350063 0.350063 0.350063 0.350063 0.350063 0.350063 0.350063 0.350063 0.350063 0.350063 0.350063 0.350063 0.350063 0.000000 0.000000
0.000000 0.000000 0.349998 0.349997 0.349998 0.349998 0.349998 0.349998 0.349998 0.349998 0.349998 0.349998 0.349998 0.349998 0.349998 0.349998 0.349998 0.349997 0.349998 0.000000 0.000000
0.000000 0.000000 0.350877 0.350876 0.350874 0.350875 0.350877 0.350877 0.350877 0.350877 0.350877 0.350877 0.350877 0.350877 0.350877 0.350875 0.350874 0.350876 0.350877 0.000000 0.000000
0.000000 0.000000 0.354312 0.354311 0.354310 0.354310 0.354312 0.354312 0.354312 0.354313 0.354313 0.354313 0.354312 0.354312 0.354312 0.354310 0.354310 0.354311 0.354312 0.000000 0.000000
0.000000 0.000000 0.358801 0.358800 0.358799 0.358799 0.358801 0.358801 0.358801 0.358802 0.358802 0.358802 0.358801 0.358801 0.358801 0.358799 0.358799 0.358800 0.358801 0.000000 0.000000
0.000000 0.000000 0.362921 0.362921 0.362920 0.362920 0.362922 0.362921 0.362921 0.362922 0.362922 0.362922 0.362921 0.362921 0.362922 0.362920 0.362920 0.362921 0.362921 0.000000 0.000000
0.000000 0.000000 0.366679 0.366679 0.366677 0.366678 0.366679 0.366679 0.366679 0.366680 0.366680 0.366680 0.366679 0.366679 0.366679 0.366678 0.366677 0.366679 0.366679 0.000000 0.000000
0.000000 0.000000 0.370175 0.370174 0.370173 0.370173 0.370175 0.370174 0.370174 0.370175 0.370175 0.370175 0.370174 0.370174 0.370175 0.370173 0.370173 0.370174 0.370175 0.000000 0.000000
0.000000 0.000000 0.373489 0.373489 0.373487 0.373488 0.373489 0.373489 0.373489 0.373489 0.373490 0.373489 0.373489 0.373489 0.373489 0.373488 0.373487 0.373489 0.373489 0.000000 0.000000
0.000000 0.000000 0.376662 0.376662 0.376661 0.376661 0.376663 0.376662 0.376662 0.376663 0.376663 0.376663 0.376662 0.376662 0.376663 0.376661 0.376661 0.376662 0.376662 0.000000 0.000000
0.000000 0.000000 0.379725 0.379724 0.379723 0.379724 0.379725 0.379724 0.379725 0.379725 0.379725 0.379725 0.379725 0.379724 0.379725 0.379724 0.379723 0.379724 0.379725 0.000000 0.000000
0.000000 0.000000 0.382698 0.382698 0.382697 0.382697 0.382699 0.382698 0.382698 0.382699 0.382699 0.382699 0.382698 0.382698 0.382699 0.382697 0.382697 0.382698 0.382698 0.000000 0.000000
0.000000 0.000000 0.385598 0.385597 0.385596 0.385597 0.385598 0.385598 0.385598 0.385598 0.385598 0.385598 0.385598 0.385598 0.385598 0.385597 0.385596 0.385597 0.385598 0.000000 0.000000
0.000000 0.000000 0.388432 0.388432 0.388431 0.388432 0.388433 0.388432 0.388432 0.388433 0.388433 0.388433 0.388432 0.388432 0.388433 0.388432 0.388431 0.388432 0.388432 0.000000 0.000000
0.000000 0.000000 0.391208 0.391208 0.391207 0.391207 0.391208 0.391208 0.391208 0.391209 0.391209 0.391209 0.391208 0.391208 0.391208 0.391207 0.391207 0.391208 0.391208 0.000000 0.000000
0.000000 0.000000 0.393928 0.393927 0.393926 0.393927 0.393928 0.393927 0.393928 0.393928 0.393928 0.393928 0.393928 0.393927 0.393928 0.393927 0.393926 0.393927 0.393928 0.000000 0.000000
0.000000 0.000000 0.396626 0.396626 0.396625 0.396626 0.396627 0.396626 0.396626 0.396627 0.396627 0.396627 0.396626 0.396626 0.396627 0.396626 0.396625 0.396626 0.396626 0.000000 0.000000
0.000000 0.000000 0.350000 0.350000 0.350000 0.350000 0.350000 0.350000 0.350000 0.350000 0.350000 0.350000 0.350000 0.350000 0.350000 0.350000 0.350000 0.350000 0.350000 0.000000 0.000000
0.000000 0.000000 0.000000 0.000000 0.000000 0.000000 0.000000 0.000000 0.000000 0.000000 0.000000 0.000000 0.000000 0.000000 0.000000 0.000000 0.000000 0.000000 0.000000 0.000000 0.000000