geotop/1.0zi/1.0Montebello/Templates/testdem/maps/_Eocsand1063.asc
ncols         21
nrows         20
xllcorner     100.000000
yllcorner     100.000000
cellsize      50.000000
NODATA_value  -9999.0
0.000000 0.000000 0.000000 0.000000 0.000000 0.000000 0.000000 0.000000 0.000000 0.000000 0.000000 0.000000 0.000000 0.000000 0.000000 0.000000 0.000000 0.000000 0.000000 0.000000 0.000000
0.000000 0.000000 0.300035 0.300035 0.300035 0.300035 0.300035 0.300035 0.300035 0.300035 0.300035 0.300035 0.300035 0.300035 0.300035 0.300035 0.300035 0.300035 0.300035 0.000000 0.000000
0.000000 0.000000 0.300004 0.300004 0.300005 0.300004 0.300004 0.300004 0.300004 0.300004 0.300004 0.300004 0.300004 0.300004 0.300004 0.300004 0.300005 0.300004 0.300004 0.000000 0.000000
0.000000 0.000000 0.299096 0.299097 0.299102 0.299100 0.299096 0.299096 0.299096 0.299096 0.299096 0.299096 0.299096 0.299096 0.299096 0.299100 0.299102 0.299097 0.299096 0.000000 0.000000
0.000000 0.000000 0.295910 0.295911 0.295916 0.295916 0.295909 0.295911 0.295911 0.295909 0.295909 0.295909 0.295911 0.295911 0.295909 0.295916 0.295916 0.295911 0.295910 0.000000 0.000000
0.000000 0.000000 0.292255 0.292256 0.292260 0.292260 0.292255 0.292256 0.292256 0.292254 0.292255 0.292254 0.292256 0.292256 0.292255 0.292260 0.292260 0.292256 0.292255 0.000000 0.000000
0.000000 0.000000 0.288845 0.288845 0.288849 0.288848 0.288844 0.288845 0.288845 0.288844 0.288844 0.288844 0.288845 0.288845 0.288844 0.288848 0.288849 0.288845 0.288845 0.000000 0.000000
0.000000 0.000000 0.285709 0.285710 0.285713 0.285713 0.285709 0.285710 0.285710 0.285709 0.285709 0.285709 0.285710 0.285710 0.285709 0.285713 0.285713 0.285710 0.285709 0.000000 0.000000
0.000000 0.000000 0.282773 0.282773 0.282776 0.282776 0.282773 0.282773 0.282773 0.282772 0.282772 0.282772 0.282773 0.282773 0.282773 0.282776 0.282776 0.282773 0.282773 0.000000 0.000000
0.000000 0.000000 0.279958 0.279958 0.279961 0.279960 0.279958 0.279958 0.279958 0.279957 0.279958 0.279957 0.279958 0.279958 0.279958 0.279960 0.279961 0.279958 0.279958 0.000000 0.000000
0.000000 0.000000 0.277237 0.277237 0.277240 0.277239 0.277237 0.277237 0.277237 0.277236 0.277237 0.277236 0.277237 0.277237 0.277237 0.277239 0.277240 0.277237 0.277237 0.000000 0.000000
0.000000 0.000000 0.274580 0.274580 0.274583 0.274582 0.274580 0.274580 0.274580 0.274579 0.274579 0.274579 0.274580 0.274580 0.274580 0.274582 0.274583 0.274580 0.274580 0.000000 0.000000
0.000000 0.000000 0.271967 0.271968 0.271971 0.271970 0.271967 0.271968 0.271968 0.271967 0.271967 0.271967 0.271968 0.271968 0.271967 0.271970 0.271971 0.271968 0.271967 0.000000 0.000000
0.000000 0.000000 0.269402 0.269402 0.269405 0.269404 0.269401 0.269402 0.269402 0.269401 0.269401 0.269401 0.269402 0.269402 0.269401 0.269404 0.269405 0.269402 0.269402 0.000000 0.000000
0.000000 0.000000 0.266863 0.266863 0.266866 0.266865 0.266862 0.266863 0.266863 0.266862 0.266862 0.266862 0.266863 0.266863 0.266862 0.266865 0.266866 0.266863 0.266863 0.000000 0.000000
0.000000 0.000000 0.264340 0.264341 0.264343 0.264342 0.264340 0.264340 0.264340 0.264340 0.264340 0.264340 0.264340 0.264340 0.264340 0.264342 0.264343 0.264341 0.264340 0.000000 0.000000
0.000000 0.000000 0.261845 0.261845 0.261848 0.261847 0.261845 0.261845 0.261845 0.261845 0.261845 0.261845 0.261845 0.261845 0.261845 0.261847 0.261848 0.261845 0.261845 0.000000 0.000000
0.000000 0.000000 0.259294 0.259294 0.259296 0.259296 0.259293 0.259293 0.259293 0.259293 0.259293 0.259293 0.259293 0.259293 0.259293 0.259296 0.259296 0.259294 0.259293 0.000000 0.000000
0.000000 0.000000 0.300000 0.300000 0.300000 0.300000 0.300000 0.300000 0.300000 0.300000 0.300000 0.300000 0.300000 0.300000 0.300000 0.300000 0.300000 0.300000 0.300000 0.000000 0.000000
0.000000 0.000000 0.000000 0.000000 0.000000 0.000000 0.000000 0.000000 0.000000 0.000000 0.000000 0.000000 0.000000 0.000000 0.000000 0.000000 0.000000 0.000000 0.000000 0.000000 0.000000