geotop/1.0zi/1.0Montebello/Templates/testdem/maps/_Eocsand2281.asc
ncols         21
nrows         20
xllcorner     100.000000
yllcorner     100.000000
cellsize      50.000000
NODATA_value  -9999.0
0.000000 0.000000 0.000000 0.000000 0.000000 0.000000 0.000000 0.000000 0.000000 0.000000 0.000000 0.000000 0.000000 0.000000 0.000000 0.000000 0.000000 0.000000 0.000000 0.000000 0.000000
0.000000 0.000000 0.300069 0.300069 0.300069 0.300069 0.300069 0.300069 0.300069 0.300069 0.300069 0.300069 0.300069 0.300069 0.300069 0.300069 0.300069 0.300069 0.300069 0.000000 0.000000
0.000000 0.000000 0.300011 0.300011 0.300011 0.300011 0.300011 0.300011 0.300011 0.300011 0.300011 0.300011 0.300011 0.300011 0.300011 0.300011 0.300011 0.300011 0.300011 0.000000 0.000000
0.000000 0.000000 0.298527 0.298528 0.298532 0.298530 0.298527 0.298527 0.298527 0.298527 0.298527 0.298527 0.298527 0.298527 0.298527 0.298530 0.298532 0.298528 0.298527 0.000000 0.000000
0.000000 0.000000 0.292318 0.292319 0.292323 0.292322 0.292316 0.292318 0.292318 0.292315 0.292315 0.292315 0.292318 0.292318 0.292316 0.292322 0.292323 0.292319 0.292318 0.000000 0.000000
0.000000 0.000000 0.284672 0.284673 0.284676 0.284676 0.284671 0.284673 0.284673 0.284671 0.284670 0.284671 0.284673 0.284673 0.284671 0.284676 0.284676 0.284673 0.284672 0.000000 0.000000
0.000000 0.000000 0.277550 0.277551 0.277554 0.277554 0.277550 0.277551 0.277551 0.277549 0.277549 0.277549 0.277551 0.277551 0.277550 0.277554 0.277554 0.277551 0.277550 0.000000 0.000000
0.000000 0.000000 0.271026 0.271027 0.271029 0.271029 0.271025 0.271027 0.271026 0.271025 0.271025 0.271025 0.271026 0.271027 0.271025 0.271029 0.271029 0.271027 0.271026 0.000000 0.000000
0.000000 0.000000 0.264937 0.264937 0.264940 0.264939 0.264936 0.264937 0.264937 0.264936 0.264935 0.264936 0.264937 0.264937 0.264936 0.264939 0.264940 0.264937 0.264937 0.000000 0.000000
0.000000 0.000000 0.259136 0.259137 0.259139 0.259138 0.259135 0.259136 0.259136 0.259135 0.259135 0.259135 0.259136 0.259136 0.259135 0.259138 0.259139 0.259137 0.259136 0.000000 0.000000
0.000000 0.000000 0.253559 0.253559 0.253562 0.253561 0.253558 0.253559 0.253559 0.253558 0.253557 0.253558 0.253559 0.253559 0.253558 0.253561 0.253562 0.253559 0.253559 0.000000 0.000000
0.000000 0.000000 0.248159 0.248160 0.248162 0.248161 0.248158 0.248159 0.248159 0.248158 0.248158 0.248158 0.248159 0.248159 0.248158 0.248161 0.248162 0.248160 0.248159 0.000000 0.000000
0.000000 0.000000 0.242894 0.242895 0.242897 0.242896 0.242894 0.242895 0.242894 0.242893 0.242893 0.242893 0.242894 0.242895 0.242894 0.242896 0.242897 0.242895 0.242894 0.000000 0.000000
0.000000 0.000000 0.237745 0.237745 0.237747 0.237746 0.237744 0.237745 0.237745 0.237744 0.237743 0.237744 0.237745 0.237745 0.237744 0.237746 0.237747 0.237745 0.237745 0.000000 0.000000
0.000000 0.000000 0.232690 0.232691 0.232693 0.232692 0.232690 0.232691 0.232690 0.232689 0.232689 0.232689 0.232690 0.232691 0.232690 0.232692 0.232693 0.232691 0.232690 0.000000 0.000000
0.000000 0.000000 0.227724 0.227725 0.227727 0.227726 0.227724 0.227725 0.227725 0.227724 0.227723 0.227724 0.227725 0.227725 0.227724 0.227726 0.227727 0.227725 0.227724 0.000000 0.000000
0.000000 0.000000 0.222842 0.222842 0.222845 0.222844 0.222841 0.222842 0.222842 0.222841 0.222841 0.222841 0.222842 0.222842 0.222841 0.222844 0.222845 0.222842 0.222842 0.000000 0.000000
0.000000 0.000000 0.217965 0.217965 0.217967 0.217966 0.217964 0.217965 0.217965 0.217964 0.217963 0.217964 0.217965 0.217965 0.217964 0.217966 0.217967 0.217965 0.217965 0.000000 0.000000
0.000000 0.000000 0.300000 0.300000 0.300000 0.300000 0.300000 0.300000 0.300000 0.300000 0.300000 0.300000 0.300000 0.300000 0.300000 0.300000 0.300000 0.300000 0.300000 0.000000 0.000000
0.000000 0.000000 0.000000 0.000000 0.000000 0.000000 0.000000 0.000000 0.000000 0.000000 0.000000 0.000000 0.000000 0.000000 0.000000 0.000000 0.000000 0.000000 0.000000 0.000000 0.000000