geotop/1.0zi/1.0Montebello/Templates/testdem/maps/_Eocsilt1634.asc
ncols         21
nrows         20
xllcorner     100.000000
yllcorner     100.000000
cellsize      50.000000
NODATA_value  -9999.0
0.000000 0.000000 0.000000 0.000000 0.000000 0.000000 0.000000 0.000000 0.000000 0.000000 0.000000 0.000000 0.000000 0.000000 0.000000 0.000000 0.000000 0.000000 0.000000 0.000000 0.000000
0.000000 0.000000 0.350036 0.350036 0.350036 0.350036 0.350036 0.350036 0.350036 0.350036 0.350036 0.350036 0.350036 0.350036 0.350036 0.350036 0.350036 0.350036 0.350036 0.000000 0.000000
0.000000 0.000000 0.349999 0.349998 0.349998 0.349999 0.349999 0.349999 0.349999 0.349999 0.349999 0.349999 0.349999 0.349999 0.349999 0.349999 0.349998 0.349998 0.349999 0.000000 0.000000
0.000000 0.000000 0.350650 0.350650 0.350647 0.350649 0.350651 0.350650 0.350650 0.350651 0.350651 0.350651 0.350650 0.350650 0.350651 0.350649 0.350647 0.350650 0.350650 0.000000 0.000000
0.000000 0.000000 0.352932 0.352931 0.352929 0.352929 0.352932 0.352932 0.352932 0.352933 0.352932 0.352933 0.352932 0.352932 0.352932 0.352929 0.352929 0.352931 0.352932 0.000000 0.000000
0.000000 0.000000 0.355755 0.355755 0.355753 0.355753 0.355756 0.355755 0.355755 0.355756 0.355756 0.355756 0.355755 0.355755 0.355756 0.355753 0.355753 0.355755 0.355755 0.000000 0.000000
0.000000 0.000000 0.358342 0.358342 0.358340 0.358341 0.358343 0.358342 0.358342 0.358343 0.358343 0.358343 0.358342 0.358342 0.358343 0.358341 0.358340 0.358342 0.358342 0.000000 0.000000
0.000000 0.000000 0.360713 0.360713 0.360712 0.360712 0.360714 0.360713 0.360713 0.360714 0.360714 0.360714 0.360713 0.360713 0.360714 0.360712 0.360712 0.360713 0.360713 0.000000 0.000000
0.000000 0.000000 0.362932 0.362932 0.362930 0.362931 0.362933 0.362932 0.362932 0.362933 0.362932 0.362933 0.362932 0.362932 0.362933 0.362931 0.362930 0.362932 0.362932 0.000000 0.000000
0.000000 0.000000 0.365054 0.365053 0.365052 0.365053 0.365054 0.365054 0.365054 0.365054 0.365054 0.365054 0.365054 0.365054 0.365054 0.365053 0.365052 0.365053 0.365054 0.000000 0.000000
0.000000 0.000000 0.367101 0.367100 0.367099 0.367100 0.367101 0.367101 0.367101 0.367101 0.367101 0.367101 0.367101 0.367101 0.367101 0.367100 0.367099 0.367100 0.367101 0.000000 0.000000
0.000000 0.000000 0.369093 0.369093 0.369092 0.369092 0.369094 0.369093 0.369093 0.369094 0.369094 0.369094 0.369093 0.369093 0.369094 0.369092 0.369092 0.369093 0.369093 0.000000 0.000000
0.000000 0.000000 0.371046 0.371046 0.371044 0.371045 0.371046 0.371046 0.371046 0.371046 0.371046 0.371046 0.371046 0.371046 0.371046 0.371045 0.371044 0.371046 0.371046 0.000000 0.000000
0.000000 0.000000 0.372958 0.372958 0.372957 0.372957 0.372959 0.372958 0.372958 0.372959 0.372959 0.372959 0.372958 0.372958 0.372959 0.372957 0.372957 0.372958 0.372958 0.000000 0.000000
0.000000 0.000000 0.374841 0.374840 0.374839 0.374840 0.374841 0.374841 0.374841 0.374841 0.374841 0.374841 0.374841 0.374841 0.374841 0.374840 0.374839 0.374840 0.374841 0.000000 0.000000
0.000000 0.000000 0.376699 0.376699 0.376697 0.376698 0.376699 0.376699 0.376699 0.376699 0.376699 0.376699 0.376699 0.376699 0.376699 0.376698 0.376697 0.376699 0.376699 0.000000 0.000000
0.000000 0.000000 0.378534 0.378534 0.378533 0.378534 0.378535 0.378534 0.378534 0.378535 0.378535 0.378535 0.378534 0.378534 0.378535 0.378534 0.378533 0.378534 0.378534 0.000000 0.000000
0.000000 0.000000 0.380386 0.380387 0.380385 0.380386 0.380387 0.380387 0.380387 0.380387 0.380387 0.380387 0.380387 0.380387 0.380387 0.380386 0.380385 0.380386 0.380387 0.000000 0.000000
0.000000 0.000000 0.350000 0.350000 0.350000 0.350000 0.350000 0.350000 0.350000 0.350000 0.350000 0.350000 0.350000 0.350000 0.350000 0.350000 0.350000 0.350000 0.350000 0.000000 0.000000
0.000000 0.000000 0.000000 0.000000 0.000000 0.000000 0.000000 0.000000 0.000000 0.000000 0.000000 0.000000 0.000000 0.000000 0.000000 0.000000 0.000000 0.000000 0.000000 0.000000 0.000000