geotop/1.0zi/1.0Montebello/Templates/testdem/maps/_Eocsilt2109.asc
ncols         21
nrows         20
xllcorner     100.000000
yllcorner     100.000000
cellsize      50.000000
NODATA_value  -9999.0
0.000000 0.000000 0.000000 0.000000 0.000000 0.000000 0.000000 0.000000 0.000000 0.000000 0.000000 0.000000 0.000000 0.000000 0.000000 0.000000 0.000000 0.000000 0.000000 0.000000 0.000000
0.000000 0.000000 0.350049 0.350049 0.350049 0.350049 0.350049 0.350049 0.350049 0.350049 0.350049 0.350049 0.350049 0.350049 0.350049 0.350049 0.350049 0.350049 0.350049 0.000000 0.000000
0.000000 0.000000 0.349997 0.349997 0.349997 0.349997 0.349997 0.349997 0.349997 0.349997 0.349997 0.349997 0.349997 0.349997 0.349997 0.349997 0.349997 0.349997 0.349997 0.000000 0.000000
0.000000 0.000000 0.350700 0.350699 0.350697 0.350698 0.350700 0.350700 0.350700 0.350700 0.350700 0.350700 0.350700 0.350700 0.350700 0.350698 0.350697 0.350699 0.350700 0.000000 0.000000
0.000000 0.000000 0.353379 0.353379 0.353377 0.353377 0.353380 0.353379 0.353379 0.353380 0.353380 0.353380 0.353379 0.353379 0.353380 0.353377 0.353377 0.353379 0.353379 0.000000 0.000000
0.000000 0.000000 0.356893 0.356892 0.356891 0.356891 0.356893 0.356893 0.356893 0.356894 0.356894 0.356894 0.356893 0.356893 0.356893 0.356891 0.356891 0.356892 0.356893 0.000000 0.000000
0.000000 0.000000 0.360116 0.360116 0.360114 0.360114 0.360116 0.360116 0.360116 0.360117 0.360117 0.360117 0.360116 0.360116 0.360116 0.360114 0.360114 0.360116 0.360116 0.000000 0.000000
0.000000 0.000000 0.363063 0.363063 0.363062 0.363062 0.363064 0.363063 0.363063 0.363064 0.363064 0.363064 0.363063 0.363063 0.363064 0.363062 0.363062 0.363063 0.363063 0.000000 0.000000
0.000000 0.000000 0.365816 0.365816 0.365815 0.365815 0.365817 0.365816 0.365816 0.365817 0.365817 0.365817 0.365816 0.365816 0.365817 0.365815 0.365815 0.365816 0.365816 0.000000 0.000000
0.000000 0.000000 0.368443 0.368443 0.368441 0.368442 0.368443 0.368443 0.368443 0.368443 0.368444 0.368443 0.368443 0.368443 0.368443 0.368442 0.368441 0.368443 0.368443 0.000000 0.000000
0.000000 0.000000 0.370972 0.370972 0.370971 0.370971 0.370973 0.370972 0.370972 0.370973 0.370973 0.370973 0.370972 0.370972 0.370973 0.370971 0.370971 0.370972 0.370972 0.000000 0.000000
0.000000 0.000000 0.373428 0.373428 0.373426 0.373427 0.373428 0.373428 0.373428 0.373428 0.373428 0.373428 0.373428 0.373428 0.373428 0.373427 0.373426 0.373428 0.373428 0.000000 0.000000
0.000000 0.000000 0.375826 0.375826 0.375825 0.375826 0.375827 0.375826 0.375826 0.375827 0.375827 0.375827 0.375826 0.375826 0.375827 0.375826 0.375825 0.375826 0.375826 0.000000 0.000000
0.000000 0.000000 0.378174 0.378174 0.378173 0.378174 0.378175 0.378174 0.378174 0.378175 0.378175 0.378175 0.378174 0.378174 0.378175 0.378174 0.378173 0.378174 0.378174 0.000000 0.000000
0.000000 0.000000 0.380481 0.380481 0.380480 0.380480 0.380481 0.380481 0.380481 0.380482 0.380482 0.380482 0.380481 0.380481 0.380481 0.380480 0.380480 0.380481 0.380481 0.000000 0.000000
0.000000 0.000000 0.382748 0.382748 0.382747 0.382747 0.382749 0.382748 0.382748 0.382749 0.382749 0.382749 0.382748 0.382748 0.382749 0.382747 0.382747 0.382748 0.382748 0.000000 0.000000
0.000000 0.000000 0.384980 0.384980 0.384979 0.384980 0.384981 0.384980 0.384980 0.384981 0.384981 0.384981 0.384980 0.384980 0.384981 0.384980 0.384979 0.384980 0.384980 0.000000 0.000000
0.000000 0.000000 0.387211 0.387211 0.387210 0.387210 0.387211 0.387211 0.387211 0.387212 0.387212 0.387212 0.387211 0.387211 0.387211 0.387210 0.387210 0.387211 0.387211 0.000000 0.000000
0.000000 0.000000 0.350000 0.350000 0.350000 0.350000 0.350000 0.350000 0.350000 0.350000 0.350000 0.350000 0.350000 0.350000 0.350000 0.350000 0.350000 0.350000 0.350000 0.000000 0.000000
0.000000 0.000000 0.000000 0.000000 0.000000 0.000000 0.000000 0.000000 0.000000 0.000000 0.000000 0.000000 0.000000 0.000000 0.000000 0.000000 0.000000 0.000000 0.000000 0.000000 0.000000