geotop/1.0zi/1.0Montebello/Templates/testdem/maps/_Eocsand1539.asc
ncols         21
nrows         20
xllcorner     100.000000
yllcorner     100.000000
cellsize      50.000000
NODATA_value  -9999.0
0.000000 0.000000 0.000000 0.000000 0.000000 0.000000 0.000000 0.000000 0.000000 0.000000 0.000000 0.000000 0.000000 0.000000 0.000000 0.000000 0.000000 0.000000 0.000000 0.000000 0.000000
0.000000 0.000000 0.300048 0.300048 0.300048 0.300048 0.300048 0.300048 0.300048 0.300048 0.300048 0.300048 0.300048 0.300048 0.300048 0.300048 0.300048 0.300048 0.300048 0.000000 0.000000
0.000000 0.000000 0.300008 0.300009 0.300009 0.300008 0.300008 0.300008 0.300008 0.300008 0.300008 0.300008 0.300008 0.300008 0.300008 0.300008 0.300009 0.300009 0.300008 0.000000 0.000000
0.000000 0.000000 0.298751 0.298752 0.298756 0.298754 0.298751 0.298751 0.298751 0.298751 0.298751 0.298751 0.298751 0.298751 0.298751 0.298754 0.298756 0.298752 0.298751 0.000000 0.000000
0.000000 0.000000 0.294225 0.294226 0.294230 0.294230 0.294223 0.294225 0.294225 0.294223 0.294223 0.294223 0.294225 0.294225 0.294223 0.294230 0.294230 0.294226 0.294225 0.000000 0.000000
0.000000 0.000000 0.288924 0.288925 0.288928 0.288927 0.288922 0.288923 0.288924 0.288922 0.288922 0.288922 0.288924 0.288923 0.288922 0.288927 0.288928 0.288925 0.288924 0.000000 0.000000
0.000000 0.000000 0.283984 0.283985 0.283988 0.283987 0.283983 0.283984 0.283984 0.283983 0.283983 0.283983 0.283984 0.283984 0.283983 0.283987 0.283988 0.283985 0.283984 0.000000 0.000000
0.000000 0.000000 0.279450 0.279450 0.279453 0.279452 0.279448 0.279449 0.279450 0.279449 0.279449 0.279449 0.279450 0.279449 0.279448 0.279452 0.279453 0.279450 0.279450 0.000000 0.000000
0.000000 0.000000 0.275206 0.275207 0.275209 0.275208 0.275205 0.275206 0.275206 0.275205 0.275205 0.275205 0.275206 0.275206 0.275205 0.275208 0.275209 0.275207 0.275206 0.000000 0.000000
0.000000 0.000000 0.271146 0.271147 0.271149 0.271148 0.271145 0.271146 0.271146 0.271145 0.271145 0.271145 0.271146 0.271146 0.271145 0.271148 0.271149 0.271147 0.271146 0.000000 0.000000
0.000000 0.000000 0.267228 0.267228 0.267231 0.267230 0.267227 0.267228 0.267228 0.267227 0.267227 0.267227 0.267228 0.267228 0.267227 0.267230 0.267231 0.267228 0.267228 0.000000 0.000000
0.000000 0.000000 0.263413 0.263413 0.263416 0.263415 0.263412 0.263413 0.263413 0.263412 0.263412 0.263412 0.263413 0.263413 0.263412 0.263415 0.263416 0.263413 0.263413 0.000000 0.000000
0.000000 0.000000 0.259670 0.259670 0.259673 0.259672 0.259669 0.259670 0.259670 0.259669 0.259669 0.259669 0.259670 0.259670 0.259669 0.259672 0.259673 0.259670 0.259670 0.000000 0.000000
0.000000 0.000000 0.256001 0.256001 0.256004 0.256003 0.256000 0.256001 0.256001 0.256000 0.256000 0.256000 0.256001 0.256001 0.256000 0.256003 0.256004 0.256001 0.256001 0.000000 0.000000
0.000000 0.000000 0.252390 0.252390 0.252393 0.252392 0.252389 0.252390 0.252390 0.252389 0.252389 0.252389 0.252390 0.252390 0.252389 0.252392 0.252393 0.252390 0.252390 0.000000 0.000000
0.000000 0.000000 0.248821 0.248822 0.248824 0.248823 0.248820 0.248821 0.248821 0.248820 0.248820 0.248820 0.248821 0.248821 0.248820 0.248823 0.248824 0.248822 0.248821 0.000000 0.000000
0.000000 0.000000 0.245295 0.245296 0.245298 0.245297 0.245294 0.245295 0.245295 0.245294 0.245295 0.245294 0.245295 0.245295 0.245294 0.245297 0.245298 0.245296 0.245295 0.000000 0.000000
0.000000 0.000000 0.241728 0.241728 0.241731 0.241730 0.241727 0.241728 0.241728 0.241727 0.241727 0.241727 0.241728 0.241728 0.241727 0.241730 0.241731 0.241728 0.241728 0.000000 0.000000
0.000000 0.000000 0.300000 0.300000 0.300000 0.300000 0.300000 0.300000 0.300000 0.300000 0.300000 0.300000 0.300000 0.300000 0.300000 0.300000 0.300000 0.300000 0.300000 0.000000 0.000000
0.000000 0.000000 0.000000 0.000000 0.000000 0.000000 0.000000 0.000000 0.000000 0.000000 0.000000 0.000000 0.000000 0.000000 0.000000 0.000000 0.000000 0.000000 0.000000 0.000000 0.000000