geotop/1.0zi/1.0Montebello/Templates/testdem/maps/_Eocsilt7967.asc
ncols         21
nrows         20
xllcorner     100.000000
yllcorner     100.000000
cellsize      50.000000
NODATA_value  -9999.0
0.000000 0.000000 0.000000 0.000000 0.000000 0.000000 0.000000 0.000000 0.000000 0.000000 0.000000 0.000000 0.000000 0.000000 0.000000 0.000000 0.000000 0.000000 0.000000 0.000000 0.000000
0.000000 0.000000 0.350165 0.350166 0.350166 0.350166 0.350166 0.350166 0.350166 0.350166 0.350166 0.350166 0.350166 0.350166 0.350165 0.350166 0.350166 0.350166 0.350166 0.000000 0.000000
0.000000 0.000000 0.350005 0.350005 0.350004 0.350004 0.350005 0.350005 0.350005 0.350006 0.350006 0.350006 0.350006 0.350006 0.350005 0.350005 0.350003 0.350004 0.350005 0.000000 0.000000
0.000000 0.000000 0.350103 0.350099 0.350098 0.350091 0.350093 0.350088 0.350091 0.350091 0.350088 0.350090 0.350090 0.350090 0.350092 0.350096 0.350099 0.350099 0.350100 0.000000 0.000000
0.000000 0.000000 0.351008 0.351014 0.351009 0.350998 0.350992 0.350984 0.350980 0.350979 0.350979 0.350979 0.350980 0.350982 0.350996 0.351000 0.351003 0.351013 0.351016 0.000000 0.000000
0.000000 0.000000 0.353622 0.353621 0.353611 0.353595 0.353576 0.353553 0.353553 0.353547 0.353551 0.353551 0.353552 0.353551 0.353563 0.353576 0.353589 0.353597 0.353602 0.000000 0.000000
0.000000 0.000000 0.357354 0.357350 0.357339 0.357312 0.357280 0.357246 0.357247 0.357243 0.357244 0.357242 0.357239 0.357244 0.357273 0.357300 0.357318 0.357333 0.357340 0.000000 0.000000
0.000000 0.000000 0.361778 0.361776 0.361769 0.361741 0.361711 0.361673 0.361673 0.361668 0.361667 0.361664 0.361662 0.361669 0.361702 0.361730 0.361756 0.361762 0.361774 0.000000 0.000000
0.000000 0.000000 0.366527 0.366517 0.366502 0.366483 0.366451 0.366408 0.366409 0.366400 0.366398 0.366395 0.366397 0.366396 0.366438 0.366472 0.366492 0.366503 0.366514 0.000000 0.000000
0.000000 0.000000 0.371503 0.371494 0.371485 0.371467 0.371421 0.371383 0.371383 0.371378 0.371372 0.371375 0.371380 0.371378 0.371413 0.371451 0.371475 0.371483 0.371491 0.000000 0.000000
0.000000 0.000000 0.376858 0.376851 0.376842 0.376802 0.376770 0.376726 0.376735 0.376711 0.376714 0.376713 0.376704 0.376720 0.376752 0.376776 0.376806 0.376822 0.376842 0.000000 0.000000
0.000000 0.000000 0.382770 0.382752 0.382734 0.382708 0.382672 0.382616 0.382613 0.382606 0.382618 0.382599 0.382605 0.382609 0.382666 0.382695 0.382716 0.382727 0.382777 0.000000 0.000000
0.000000 0.000000 0.389119 0.389102 0.389094 0.389058 0.389026 0.388885 0.388883 0.388874 0.388838 0.388856 0.388864 0.388877 0.388985 0.389015 0.389068 0.389075 0.389100 0.000000 0.000000
0.000000 0.000000 0.396493 0.396486 0.396457 0.396430 0.396258 0.396265 0.396228 0.396228 0.396237 0.396227 0.396223 0.396216 0.396205 0.396384 0.396415 0.396463 0.396498 0.000000 0.000000
0.000000 0.000000 0.405117 0.405100 0.405063 0.404846 0.404856 0.404748 0.404697 0.404685 0.404650 0.404622 0.404646 0.404641 0.404746 0.404750 0.405035 0.404995 0.405003 0.000000 0.000000
0.000000 0.000000 0.414566 0.414549 0.414241 0.414308 0.414286 0.414250 0.414359 0.414322 0.414379 0.414355 0.414306 0.414383 0.414396 0.414414 0.414211 0.414648 0.414642 0.000000 0.000000
0.000000 0.000000 0.426243 0.425758 0.425829 0.425652 0.425409 0.425337 0.425216 0.425243 0.425105 0.425115 0.425192 0.425119 0.425241 0.425420 0.425809 0.425588 0.426088 0.000000 0.000000
0.000000 0.000000 0.431102 0.431518 0.431939 0.431926 0.431927 0.431524 0.431580 0.431465 0.431643 0.431605 0.431582 0.431641 0.431983 0.431982 0.432014 0.431671 0.431264 0.000000 0.000000
0.000000 0.000000 0.350000 0.350000 0.350000 0.350000 0.350000 0.350000 0.350000 0.350000 0.350000 0.350000 0.350000 0.350000 0.350000 0.350000 0.350000 0.350000 0.350000 0.000000 0.000000
0.000000 0.000000 0.000000 0.000000 0.000000 0.000000 0.000000 0.000000 0.000000 0.000000 0.000000 0.000000 0.000000 0.000000 0.000000 0.000000 0.000000 0.000000 0.000000 0.000000 0.000000