geotop/1.0zi/1.0Montebello/Templates/testdem/maps/_Eocsilt6172.asc
ncols         21
nrows         20
xllcorner     100.000000
yllcorner     100.000000
cellsize      50.000000
NODATA_value  -9999.0
0.000000 0.000000 0.000000 0.000000 0.000000 0.000000 0.000000 0.000000 0.000000 0.000000 0.000000 0.000000 0.000000 0.000000 0.000000 0.000000 0.000000 0.000000 0.000000 0.000000 0.000000
0.000000 0.000000 0.350120 0.350120 0.350121 0.350121 0.350120 0.350121 0.350121 0.350120 0.350121 0.350120 0.350120 0.350120 0.350120 0.350121 0.350121 0.350121 0.350120 0.000000 0.000000
0.000000 0.000000 0.350002 0.350002 0.350002 0.350003 0.350003 0.350003 0.350003 0.350003 0.350003 0.350003 0.350004 0.350004 0.350003 0.350003 0.350001 0.350001 0.350002 0.000000 0.000000
0.000000 0.000000 0.350047 0.350046 0.350045 0.350040 0.350041 0.350039 0.350041 0.350042 0.350040 0.350039 0.350040 0.350039 0.350042 0.350045 0.350046 0.350048 0.350047 0.000000 0.000000
0.000000 0.000000 0.350550 0.350553 0.350553 0.350548 0.350545 0.350540 0.350539 0.350537 0.350535 0.350537 0.350539 0.350539 0.350544 0.350547 0.350546 0.350555 0.350559 0.000000 0.000000
0.000000 0.000000 0.352144 0.352147 0.352140 0.352126 0.352116 0.352098 0.352096 0.352092 0.352097 0.352099 0.352100 0.352097 0.352103 0.352110 0.352119 0.352123 0.352128 0.000000 0.000000
0.000000 0.000000 0.354595 0.354593 0.354586 0.354567 0.354545 0.354520 0.354522 0.354519 0.354521 0.354521 0.354517 0.354521 0.354540 0.354560 0.354570 0.354580 0.354587 0.000000 0.000000
0.000000 0.000000 0.357605 0.357605 0.357603 0.357585 0.357563 0.357535 0.357536 0.357533 0.357532 0.357532 0.357530 0.357533 0.357555 0.357577 0.357593 0.357596 0.357606 0.000000 0.000000
0.000000 0.000000 0.360771 0.360765 0.360757 0.360744 0.360723 0.360692 0.360693 0.360687 0.360685 0.360686 0.360687 0.360684 0.360713 0.360736 0.360751 0.360756 0.360766 0.000000 0.000000
0.000000 0.000000 0.363970 0.363965 0.363961 0.363953 0.363922 0.363895 0.363897 0.363893 0.363889 0.363892 0.363896 0.363893 0.363916 0.363942 0.363957 0.363960 0.363966 0.000000 0.000000
0.000000 0.000000 0.367272 0.367269 0.367267 0.367244 0.367224 0.367194 0.367200 0.367186 0.367186 0.367187 0.367183 0.367191 0.367210 0.367227 0.367243 0.367253 0.367267 0.000000 0.000000
0.000000 0.000000 0.370765 0.370757 0.370747 0.370732 0.370713 0.370676 0.370677 0.370669 0.370678 0.370669 0.370671 0.370674 0.370708 0.370724 0.370736 0.370741 0.370775 0.000000 0.000000
0.000000 0.000000 0.374370 0.374364 0.374360 0.374342 0.374324 0.374249 0.374249 0.374242 0.374226 0.374235 0.374240 0.374246 0.374302 0.374318 0.374345 0.374347 0.374372 0.000000 0.000000
0.000000 0.000000 0.378318 0.378313 0.378302 0.378290 0.378215 0.378198 0.378181 0.378181 0.378176 0.378177 0.378177 0.378175 0.378184 0.378260 0.378282 0.378301 0.378326 0.000000 0.000000
0.000000 0.000000 0.382699 0.382693 0.382676 0.382595 0.382574 0.382529 0.382501 0.382496 0.382481 0.382472 0.382481 0.382476 0.382511 0.382545 0.382658 0.382648 0.382663 0.000000 0.000000
0.000000 0.000000 0.387371 0.387365 0.387258 0.387244 0.387239 0.387212 0.387235 0.387222 0.387232 0.387221 0.387208 0.387231 0.387248 0.387258 0.387242 0.387381 0.387384 0.000000 0.000000
0.000000 0.000000 0.392787 0.392638 0.392596 0.392554 0.392483 0.392449 0.392433 0.392433 0.392399 0.392396 0.392411 0.392404 0.392445 0.392499 0.392586 0.392604 0.392757 0.000000 0.000000
0.000000 0.000000 0.396593 0.396617 0.396752 0.396720 0.396672 0.396535 0.396534 0.396502 0.396527 0.396518 0.396526 0.396531 0.396656 0.396692 0.396774 0.396636 0.396622 0.000000 0.000000
0.000000 0.000000 0.350000 0.350000 0.350000 0.350000 0.350000 0.350000 0.350000 0.350000 0.350000 0.350000 0.350000 0.350000 0.350000 0.350000 0.350000 0.350000 0.350000 0.000000 0.000000
0.000000 0.000000 0.000000 0.000000 0.000000 0.000000 0.000000 0.000000 0.000000 0.000000 0.000000 0.000000 0.000000 0.000000 0.000000 0.000000 0.000000 0.000000 0.000000 0.000000 0.000000