geotop/1.0zi/1.0Montebello/Templates/testdem/maps/_Eocsilt7773.asc
ncols         21
nrows         20
xllcorner     100.000000
yllcorner     100.000000
cellsize      50.000000
NODATA_value  -9999.0
0.000000 0.000000 0.000000 0.000000 0.000000 0.000000 0.000000 0.000000 0.000000 0.000000 0.000000 0.000000 0.000000 0.000000 0.000000 0.000000 0.000000 0.000000 0.000000 0.000000 0.000000
0.000000 0.000000 0.350160 0.350160 0.350161 0.350161 0.350160 0.350161 0.350161 0.350160 0.350161 0.350160 0.350160 0.350160 0.350160 0.350160 0.350161 0.350161 0.350160 0.000000 0.000000
0.000000 0.000000 0.350005 0.350005 0.350004 0.350004 0.350005 0.350005 0.350005 0.350005 0.350005 0.350005 0.350006 0.350006 0.350005 0.350004 0.350003 0.350003 0.350004 0.000000 0.000000
0.000000 0.000000 0.350103 0.350099 0.350097 0.350091 0.350092 0.350087 0.350090 0.350090 0.350087 0.350089 0.350089 0.350089 0.350092 0.350095 0.350099 0.350098 0.350099 0.000000 0.000000
0.000000 0.000000 0.350981 0.350987 0.350982 0.350972 0.350966 0.350959 0.350955 0.350953 0.350953 0.350954 0.350955 0.350957 0.350970 0.350974 0.350977 0.350987 0.350989 0.000000 0.000000
0.000000 0.000000 0.353487 0.353487 0.353477 0.353462 0.353443 0.353421 0.353421 0.353414 0.353418 0.353419 0.353420 0.353419 0.353431 0.353443 0.353455 0.353463 0.353469 0.000000 0.000000
0.000000 0.000000 0.357098 0.357093 0.357082 0.357056 0.357025 0.356993 0.356993 0.356989 0.356990 0.356988 0.356985 0.356991 0.357019 0.357045 0.357062 0.357077 0.357084 0.000000 0.000000
0.000000 0.000000 0.361385 0.361383 0.361377 0.361350 0.361320 0.361283 0.361283 0.361279 0.361278 0.361275 0.361273 0.361279 0.361311 0.361338 0.361364 0.361370 0.361382 0.000000 0.000000
0.000000 0.000000 0.365976 0.365967 0.365953 0.365935 0.365904 0.365862 0.365864 0.365854 0.365852 0.365850 0.365852 0.365851 0.365891 0.365924 0.365944 0.365955 0.365965 0.000000 0.000000
0.000000 0.000000 0.370776 0.370767 0.370759 0.370742 0.370698 0.370661 0.370661 0.370656 0.370650 0.370653 0.370658 0.370656 0.370690 0.370727 0.370750 0.370758 0.370765 0.000000 0.000000
0.000000 0.000000 0.375919 0.375913 0.375905 0.375866 0.375836 0.375793 0.375803 0.375779 0.375782 0.375781 0.375773 0.375788 0.375819 0.375842 0.375870 0.375886 0.375905 0.000000 0.000000
0.000000 0.000000 0.381575 0.381559 0.381542 0.381517 0.381483 0.381430 0.381427 0.381419 0.381432 0.381414 0.381418 0.381423 0.381477 0.381505 0.381525 0.381536 0.381584 0.000000 0.000000
0.000000 0.000000 0.387627 0.387612 0.387605 0.387570 0.387540 0.387407 0.387405 0.387397 0.387363 0.387379 0.387387 0.387400 0.387502 0.387530 0.387580 0.387587 0.387612 0.000000 0.000000
0.000000 0.000000 0.394618 0.394611 0.394584 0.394560 0.394400 0.394402 0.394369 0.394368 0.394375 0.394367 0.394363 0.394357 0.394349 0.394515 0.394546 0.394590 0.394624 0.000000 0.000000
0.000000 0.000000 0.402759 0.402744 0.402709 0.402511 0.402514 0.402416 0.402368 0.402356 0.402324 0.402298 0.402320 0.402315 0.402410 0.402421 0.402682 0.402648 0.402656 0.000000 0.000000
0.000000 0.000000 0.411678 0.411663 0.411381 0.411435 0.411416 0.411380 0.411478 0.411443 0.411493 0.411470 0.411427 0.411496 0.411512 0.411527 0.411354 0.411750 0.411745 0.000000 0.000000
0.000000 0.000000 0.422702 0.422259 0.422309 0.422153 0.421931 0.421866 0.421761 0.421784 0.421660 0.421668 0.421736 0.421674 0.421783 0.421947 0.422290 0.422111 0.422567 0.000000 0.000000
0.000000 0.000000 0.427649 0.428014 0.428411 0.428393 0.428385 0.428009 0.428055 0.427950 0.428108 0.428073 0.428057 0.428107 0.428428 0.428434 0.428481 0.428149 0.427795 0.000000 0.000000
0.000000 0.000000 0.350000 0.350000 0.350000 0.350000 0.350000 0.350000 0.350000 0.350000 0.350000 0.350000 0.350000 0.350000 0.350000 0.350000 0.350000 0.350000 0.350000 0.000000 0.000000
0.000000 0.000000 0.000000 0.000000 0.000000 0.000000 0.000000 0.000000 0.000000 0.000000 0.000000 0.000000 0.000000 0.000000 0.000000 0.000000 0.000000 0.000000 0.000000 0.000000 0.000000