geotop/1.0zi/1.0Montebello/Templates/testdem/maps/_Eocsilt062m.asc
ncols         21
nrows         20
xllcorner     100.000000
yllcorner     100.000000
cellsize      50.000000
NODATA_value  -9999.0
0.000000 0.000000 0.000000 0.000000 0.000000 0.000000 0.000000 0.000000 0.000000 0.000000 0.000000 0.000000 0.000000 0.000000 0.000000 0.000000 0.000000 0.000000 0.000000 0.000000 0.000000
0.000000 0.000000 0.350232 0.350232 0.350232 0.350233 0.350232 0.350232 0.350232 0.350232 0.350232 0.350232 0.350232 0.350232 0.350232 0.350232 0.350233 0.350233 0.350232 0.000000 0.000000
0.000000 0.000000 0.350009 0.350008 0.350009 0.350008 0.350010 0.350009 0.350009 0.350010 0.350010 0.350009 0.350010 0.350010 0.350009 0.350008 0.350007 0.350007 0.350008 0.000000 0.000000
0.000000 0.000000 0.350198 0.350194 0.350187 0.350183 0.350182 0.350176 0.350179 0.350180 0.350178 0.350182 0.350183 0.350182 0.350184 0.350188 0.350191 0.350195 0.350196 0.000000 0.000000
0.000000 0.000000 0.351874 0.351879 0.351869 0.351844 0.351833 0.351825 0.351829 0.351826 0.351826 0.351828 0.351833 0.351832 0.351846 0.351855 0.351863 0.351869 0.351873 0.000000 0.000000
0.000000 0.000000 0.356206 0.356198 0.356181 0.356148 0.356111 0.356081 0.356081 0.356077 0.356076 0.356078 0.356082 0.356079 0.356098 0.356124 0.356140 0.356150 0.356157 0.000000 0.000000
0.000000 0.000000 0.362227 0.362214 0.362194 0.362148 0.362101 0.362039 0.362043 0.362041 0.362034 0.362033 0.362030 0.362035 0.362083 0.362119 0.362145 0.362163 0.362170 0.000000 0.000000
0.000000 0.000000 0.369423 0.369406 0.369387 0.369328 0.369277 0.369219 0.369221 0.369216 0.369208 0.369205 0.369203 0.369211 0.369256 0.369299 0.369339 0.369347 0.369362 0.000000 0.000000
0.000000 0.000000 0.377502 0.377478 0.377445 0.377398 0.377338 0.377266 0.377273 0.377263 0.377252 0.377250 0.377253 0.377249 0.377316 0.377368 0.377400 0.377414 0.377428 0.000000 0.000000
0.000000 0.000000 0.386652 0.386620 0.386589 0.386538 0.386472 0.386394 0.386396 0.386391 0.386374 0.386380 0.386387 0.386384 0.386437 0.386506 0.386544 0.386560 0.386565 0.000000 0.000000
0.000000 0.000000 0.397363 0.397334 0.397307 0.397193 0.397162 0.397056 0.397080 0.397032 0.397035 0.397026 0.397006 0.397035 0.397098 0.397140 0.397196 0.397217 0.397262 0.000000 0.000000
0.000000 0.000000 0.410238 0.410175 0.410100 0.410048 0.409986 0.409848 0.409837 0.409843 0.409855 0.409815 0.409835 0.409818 0.409940 0.410013 0.410042 0.410062 0.410152 0.000000 0.000000
0.000000 0.000000 0.424777 0.424718 0.424700 0.424581 0.424506 0.424127 0.424118 0.424098 0.423950 0.424051 0.424049 0.424083 0.424356 0.424412 0.424559 0.424567 0.424569 0.000000 0.000000
0.000000 0.000000 0.441826 0.441800 0.441670 0.441605 0.441110 0.441354 0.441250 0.441254 0.441344 0.441254 0.441241 0.441176 0.440959 0.441503 0.441499 0.441629 0.441699 0.000000 0.000000
0.000000 0.000000 0.456607 0.456563 0.456506 0.456082 0.456292 0.456006 0.455961 0.455934 0.455823 0.455803 0.455847 0.455857 0.456102 0.455892 0.456440 0.456307 0.456279 0.000000 0.000000
0.000000 0.000000 0.465636 0.465614 0.465412 0.465400 0.465413 0.465352 0.465419 0.465394 0.465410 0.465398 0.465375 0.465418 0.465447 0.465431 0.465363 0.465607 0.465597 0.000000 0.000000
0.000000 0.000000 0.471260 0.471270 0.471083 0.471160 0.471147 0.471144 0.471223 0.471202 0.471243 0.471232 0.471198 0.471244 0.471224 0.471234 0.471049 0.471328 0.471301 0.000000 0.000000
0.000000 0.000000 0.476117 0.475912 0.475806 0.475787 0.475703 0.475746 0.475728 0.475746 0.475690 0.475697 0.475713 0.475696 0.475672 0.475731 0.475771 0.475850 0.476055 0.000000 0.000000
0.000000 0.000000 0.350000 0.350000 0.350000 0.350000 0.350000 0.350000 0.350000 0.350000 0.350000 0.350000 0.350000 0.350000 0.350000 0.350000 0.350000 0.350000 0.350000 0.000000 0.000000
0.000000 0.000000 0.000000 0.000000 0.000000 0.000000 0.000000 0.000000 0.000000 0.000000 0.000000 0.000000 0.000000 0.000000 0.000000 0.000000 0.000000 0.000000 0.000000 0.000000 0.000000