geotop/1.0zi/1.0Montebello/Templates/testdem/maps/_Eocsand6013.asc
ncols         21
nrows         20
xllcorner     100.000000
yllcorner     100.000000
cellsize      50.000000
NODATA_value  -9999.0
0.000000 0.000000 0.000000 0.000000 0.000000 0.000000 0.000000 0.000000 0.000000 0.000000 0.000000 0.000000 0.000000 0.000000 0.000000 0.000000 0.000000 0.000000 0.000000 0.000000 0.000000
0.000000 0.000000 0.300150 0.300149 0.300149 0.300149 0.300149 0.300148 0.300149 0.300149 0.300149 0.300149 0.300149 0.300149 0.300149 0.300149 0.300149 0.300149 0.300150 0.000000 0.000000
0.000000 0.000000 0.300009 0.300008 0.300008 0.300008 0.300008 0.300008 0.300008 0.300008 0.300008 0.300008 0.300007 0.300007 0.300008 0.300008 0.300010 0.300010 0.300009 0.000000 0.000000
0.000000 0.000000 0.299969 0.299968 0.299972 0.299975 0.299973 0.299974 0.299972 0.299974 0.299973 0.299975 0.299974 0.299976 0.299972 0.299967 0.299968 0.299965 0.299967 0.000000 0.000000
0.000000 0.000000 0.298943 0.298941 0.298943 0.298951 0.298965 0.298974 0.298974 0.298975 0.298978 0.298976 0.298979 0.298977 0.298967 0.298965 0.298960 0.298949 0.298940 0.000000 0.000000
0.000000 0.000000 0.295661 0.295657 0.295670 0.295704 0.295722 0.295756 0.295758 0.295767 0.295759 0.295757 0.295753 0.295756 0.295745 0.295724 0.295708 0.295692 0.295682 0.000000 0.000000
0.000000 0.000000 0.290781 0.290785 0.290795 0.290832 0.290875 0.290927 0.290926 0.290932 0.290928 0.290926 0.290929 0.290927 0.290889 0.290847 0.290828 0.290809 0.290795 0.000000 0.000000
0.000000 0.000000 0.284855 0.284855 0.284860 0.284899 0.284941 0.284998 0.284997 0.285003 0.285002 0.285004 0.285007 0.284999 0.284956 0.284916 0.284884 0.284876 0.284856 0.000000 0.000000
0.000000 0.000000 0.278720 0.278728 0.278745 0.278768 0.278810 0.278870 0.278867 0.278878 0.278883 0.278880 0.278880 0.278884 0.278829 0.278785 0.278757 0.278748 0.278730 0.000000 0.000000
0.000000 0.000000 0.272511 0.272521 0.272528 0.272546 0.272606 0.272659 0.272655 0.272662 0.272670 0.272662 0.272655 0.272661 0.272617 0.272567 0.272538 0.272533 0.272520 0.000000 0.000000
0.000000 0.000000 0.266073 0.266080 0.266084 0.266128 0.266168 0.266228 0.266216 0.266244 0.266243 0.266241 0.266248 0.266233 0.266197 0.266164 0.266131 0.266113 0.266086 0.000000 0.000000
0.000000 0.000000 0.259285 0.259300 0.259319 0.259350 0.259387 0.259458 0.259456 0.259472 0.259454 0.259472 0.259468 0.259463 0.259399 0.259368 0.259344 0.259335 0.259267 0.000000 0.000000
0.000000 0.000000 0.252284 0.252297 0.252304 0.252340 0.252374 0.252521 0.252521 0.252533 0.252565 0.252548 0.252537 0.252526 0.252417 0.252388 0.252335 0.252330 0.252283 0.000000 0.000000
0.000000 0.000000 0.244635 0.244644 0.244665 0.244688 0.244834 0.244868 0.244901 0.244902 0.244912 0.244908 0.244907 0.244912 0.244896 0.244749 0.244706 0.244669 0.244621 0.000000 0.000000
0.000000 0.000000 0.236164 0.236176 0.236210 0.236363 0.236407 0.236493 0.236549 0.236558 0.236586 0.236602 0.236584 0.236596 0.236530 0.236463 0.236246 0.236265 0.236236 0.000000 0.000000
0.000000 0.000000 0.227156 0.227166 0.227371 0.227400 0.227410 0.227463 0.227419 0.227443 0.227424 0.227446 0.227470 0.227429 0.227397 0.227377 0.227404 0.227142 0.227136 0.000000 0.000000
0.000000 0.000000 0.216747 0.217028 0.217113 0.217194 0.217328 0.217393 0.217420 0.217422 0.217484 0.217491 0.217463 0.217477 0.217401 0.217299 0.217136 0.217094 0.216807 0.000000 0.000000
0.000000 0.000000 0.209347 0.209311 0.209057 0.209120 0.209216 0.209475 0.209478 0.209537 0.209493 0.209508 0.209493 0.209485 0.209249 0.209178 0.209017 0.209280 0.209299 0.000000 0.000000
0.000000 0.000000 0.300000 0.300000 0.300000 0.300000 0.300000 0.300000 0.300000 0.300000 0.300000 0.300000 0.300000 0.300000 0.300000 0.300000 0.300000 0.300000 0.300000 0.000000 0.000000
0.000000 0.000000 0.000000 0.000000 0.000000 0.000000 0.000000 0.000000 0.000000 0.000000 0.000000 0.000000 0.000000 0.000000 0.000000 0.000000 0.000000 0.000000 0.000000 0.000000 0.000000