geotop/1.0zi/1.0Montebello/Templates/testdem/maps/_Eocsilt139`.asc
ncols         21
nrows         20
xllcorner     100.000000
yllcorner     100.000000
cellsize      50.000000
NODATA_value  -9999.0
0.000000 0.000000 0.000000 0.000000 0.000000 0.000000 0.000000 0.000000 0.000000 0.000000 0.000000 0.000000 0.000000 0.000000 0.000000 0.000000 0.000000 0.000000 0.000000 0.000000 0.000000
0.000000 0.000000 0.350252 0.350252 0.350252 0.350252 0.350252 0.350251 0.350252 0.350252 0.350252 0.350251 0.350251 0.350251 0.350252 0.350252 0.350253 0.350253 0.350252 0.000000 0.000000
0.000000 0.000000 0.350013 0.350013 0.350013 0.350012 0.350013 0.350013 0.350013 0.350014 0.350014 0.350014 0.350014 0.350014 0.350013 0.350012 0.350011 0.350011 0.350013 0.000000 0.000000
0.000000 0.000000 0.350249 0.350247 0.350237 0.350233 0.350234 0.350224 0.350227 0.350229 0.350225 0.350229 0.350228 0.350232 0.350229 0.350234 0.350239 0.350243 0.350245 0.000000 0.000000
0.000000 0.000000 0.352155 0.352159 0.352148 0.352127 0.352114 0.352107 0.352106 0.352103 0.352098 0.352104 0.352109 0.352105 0.352120 0.352131 0.352138 0.352146 0.352151 0.000000 0.000000
0.000000 0.000000 0.356969 0.356962 0.356943 0.356911 0.356874 0.356844 0.356839 0.356833 0.356830 0.356831 0.356837 0.356832 0.356851 0.356881 0.356895 0.356908 0.356915 0.000000 0.000000
0.000000 0.000000 0.363707 0.363695 0.363672 0.363626 0.363578 0.363509 0.363506 0.363502 0.363493 0.363493 0.363490 0.363494 0.363545 0.363586 0.363612 0.363635 0.363641 0.000000 0.000000
0.000000 0.000000 0.371836 0.371821 0.371799 0.371739 0.371686 0.371619 0.371613 0.371606 0.371594 0.371593 0.371589 0.371598 0.371645 0.371694 0.371736 0.371747 0.371762 0.000000 0.000000
0.000000 0.000000 0.381143 0.381119 0.381082 0.381033 0.380971 0.380886 0.380883 0.380869 0.380855 0.380852 0.380855 0.380849 0.380923 0.380982 0.381016 0.381036 0.381049 0.000000 0.000000
0.000000 0.000000 0.391953 0.391916 0.391881 0.391829 0.391755 0.391665 0.391652 0.391644 0.391621 0.391628 0.391641 0.391636 0.391693 0.391773 0.391816 0.391838 0.391841 0.000000 0.000000
0.000000 0.000000 0.404957 0.404922 0.404892 0.404759 0.404730 0.404599 0.404619 0.404556 0.404559 0.404548 0.404523 0.404559 0.404628 0.404678 0.404742 0.404770 0.404824 0.000000 0.000000
0.000000 0.000000 0.420860 0.420783 0.420690 0.420645 0.420577 0.420406 0.420377 0.420391 0.420396 0.420345 0.420373 0.420354 0.420496 0.420590 0.420616 0.420644 0.420749 0.000000 0.000000
0.000000 0.000000 0.438182 0.438119 0.438112 0.437981 0.437902 0.437453 0.437424 0.437395 0.437209 0.437340 0.437333 0.437376 0.437692 0.437755 0.437927 0.437951 0.437925 0.000000 0.000000
0.000000 0.000000 0.455379 0.455371 0.455249 0.455204 0.454764 0.455017 0.454913 0.454917 0.455011 0.454918 0.454905 0.454844 0.454632 0.455128 0.455110 0.455225 0.455284 0.000000 0.000000
0.000000 0.000000 0.466005 0.465986 0.465938 0.465749 0.465754 0.465674 0.465637 0.465625 0.465591 0.465567 0.465587 0.465579 0.465652 0.465646 0.465883 0.465847 0.465844 0.000000 0.000000
0.000000 0.000000 0.472063 0.472046 0.472028 0.471851 0.471921 0.471818 0.471791 0.471781 0.471740 0.471728 0.471748 0.471746 0.471837 0.471768 0.471999 0.471933 0.471924 0.000000 0.000000
0.000000 0.000000 0.475506 0.475581 0.475427 0.475443 0.475505 0.475474 0.475543 0.475518 0.475556 0.475542 0.475512 0.475557 0.475562 0.475510 0.475405 0.475617 0.475517 0.000000 0.000000
0.000000 0.000000 0.479113 0.478953 0.478815 0.478784 0.478760 0.478806 0.478801 0.478819 0.478769 0.478772 0.478780 0.478773 0.478736 0.478748 0.478782 0.478899 0.479048 0.000000 0.000000
0.000000 0.000000 0.350000 0.350000 0.350000 0.350000 0.350000 0.350000 0.350000 0.350000 0.350000 0.350000 0.350000 0.350000 0.350000 0.350000 0.350000 0.350000 0.350000 0.000000 0.000000
0.000000 0.000000 0.000000 0.000000 0.000000 0.000000 0.000000 0.000000 0.000000 0.000000 0.000000 0.000000 0.000000 0.000000 0.000000 0.000000 0.000000 0.000000 0.000000 0.000000 0.000000