geotop/1.0zi/1.0Montebello/Templates/testdem/maps/_Eocsilt8609.asc
ncols         21
nrows         20
xllcorner     100.000000
yllcorner     100.000000
cellsize      50.000000
NODATA_value  -9999.0
0.000000 0.000000 0.000000 0.000000 0.000000 0.000000 0.000000 0.000000 0.000000 0.000000 0.000000 0.000000 0.000000 0.000000 0.000000 0.000000 0.000000 0.000000 0.000000 0.000000 0.000000
0.000000 0.000000 0.350179 0.350180 0.350180 0.350180 0.350180 0.350180 0.350180 0.350180 0.350180 0.350179 0.350179 0.350180 0.350179 0.350180 0.350180 0.350180 0.350180 0.000000 0.000000
0.000000 0.000000 0.350006 0.350006 0.350006 0.350006 0.350007 0.350006 0.350007 0.350007 0.350007 0.350007 0.350007 0.350007 0.350007 0.350006 0.350004 0.350005 0.350006 0.000000 0.000000
0.000000 0.000000 0.350103 0.350099 0.350096 0.350090 0.350092 0.350087 0.350089 0.350090 0.350086 0.350089 0.350088 0.350089 0.350092 0.350095 0.350099 0.350099 0.350101 0.000000 0.000000
0.000000 0.000000 0.351086 0.351091 0.351080 0.351069 0.351060 0.351053 0.351052 0.351049 0.351050 0.351052 0.351056 0.351055 0.351067 0.351071 0.351075 0.351084 0.351086 0.000000 0.000000
0.000000 0.000000 0.353984 0.353981 0.353972 0.353953 0.353932 0.353911 0.353908 0.353902 0.353907 0.353908 0.353911 0.353909 0.353922 0.353935 0.353949 0.353956 0.353963 0.000000 0.000000
0.000000 0.000000 0.358166 0.358158 0.358147 0.358119 0.358082 0.358045 0.358047 0.358043 0.358043 0.358043 0.358041 0.358045 0.358078 0.358106 0.358124 0.358140 0.358147 0.000000 0.000000
0.000000 0.000000 0.363114 0.363109 0.363103 0.363072 0.363039 0.362997 0.362998 0.362992 0.362991 0.362989 0.362987 0.362994 0.363030 0.363059 0.363087 0.363093 0.363106 0.000000 0.000000
0.000000 0.000000 0.368472 0.368459 0.368444 0.368423 0.368385 0.368339 0.368341 0.368331 0.368329 0.368328 0.368330 0.368328 0.368374 0.368410 0.368433 0.368444 0.368456 0.000000 0.000000
0.000000 0.000000 0.374174 0.374162 0.374153 0.374132 0.374080 0.374038 0.374038 0.374033 0.374026 0.374031 0.374037 0.374035 0.374073 0.374116 0.374141 0.374151 0.374158 0.000000 0.000000
0.000000 0.000000 0.380408 0.380400 0.380391 0.380341 0.380307 0.380254 0.380268 0.380238 0.380245 0.380242 0.380232 0.380250 0.380288 0.380313 0.380348 0.380365 0.380389 0.000000 0.000000
0.000000 0.000000 0.387403 0.387380 0.387359 0.387332 0.387286 0.387225 0.387219 0.387214 0.387228 0.387206 0.387216 0.387216 0.387284 0.387319 0.387340 0.387355 0.387410 0.000000 0.000000
0.000000 0.000000 0.395040 0.395017 0.395014 0.394965 0.394930 0.394757 0.394753 0.394746 0.394697 0.394726 0.394733 0.394749 0.394883 0.394915 0.394982 0.394987 0.395013 0.000000 0.000000
0.000000 0.000000 0.404111 0.404104 0.404067 0.404036 0.403810 0.403839 0.403795 0.403795 0.403814 0.403796 0.403792 0.403775 0.403748 0.403984 0.404014 0.404076 0.404117 0.000000 0.000000
0.000000 0.000000 0.414860 0.414835 0.414789 0.414499 0.414541 0.414392 0.414331 0.414317 0.414265 0.414234 0.414267 0.414261 0.414407 0.414378 0.414761 0.414695 0.414698 0.000000 0.000000
0.000000 0.000000 0.426486 0.426465 0.426052 0.426190 0.426148 0.426122 0.426284 0.426235 0.426323 0.426299 0.426228 0.426330 0.426326 0.426356 0.426015 0.426624 0.426615 0.000000 0.000000
0.000000 0.000000 0.440351 0.439744 0.439907 0.439660 0.439356 0.439262 0.439081 0.439123 0.438934 0.438956 0.439066 0.438953 0.439115 0.439339 0.439885 0.439500 0.440131 0.000000 0.000000
0.000000 0.000000 0.444778 0.445309 0.445769 0.445769 0.445797 0.445344 0.445426 0.445292 0.445516 0.445472 0.445436 0.445511 0.445887 0.445866 0.445853 0.445505 0.444981 0.000000 0.000000
0.000000 0.000000 0.350000 0.350000 0.350000 0.350000 0.350000 0.350000 0.350000 0.350000 0.350000 0.350000 0.350000 0.350000 0.350000 0.350000 0.350000 0.350000 0.350000 0.000000 0.000000
0.000000 0.000000 0.000000 0.000000 0.000000 0.000000 0.000000 0.000000 0.000000 0.000000 0.000000 0.000000 0.000000 0.000000 0.000000 0.000000 0.000000 0.000000 0.000000 0.000000 0.000000