geotop/1.0zi/1.0Montebello/Templates/testdem/maps/_Eocclay7546.asc
ncols         21
nrows         20
xllcorner     100.000000
yllcorner     100.000000
cellsize      50.000000
NODATA_value  -9999.0
0.000000 0.000000 0.000000 0.000000 0.000000 0.000000 0.000000 0.000000 0.000000 0.000000 0.000000 0.000000 0.000000 0.000000 0.000000 0.000000 0.000000 0.000000 0.000000 0.000000 0.000000
0.000000 0.000000 0.349658 0.349660 0.349660 0.349659 0.349660 0.349660 0.349660 0.349660 0.349659 0.349660 0.349660 0.349660 0.349660 0.349660 0.349658 0.349658 0.349659 0.000000 0.000000
0.000000 0.000000 0.349986 0.349985 0.349986 0.349987 0.349986 0.349985 0.349985 0.349985 0.349985 0.349985 0.349986 0.349985 0.349986 0.349986 0.349987 0.349986 0.349984 0.000000 0.000000
0.000000 0.000000 0.350004 0.350008 0.350005 0.350004 0.350007 0.350004 0.350006 0.350003 0.350006 0.350005 0.350004 0.350003 0.350005 0.350007 0.350006 0.350009 0.350008 0.000000 0.000000
0.000000 0.000000 0.350949 0.350947 0.350943 0.350937 0.350922 0.350920 0.350917 0.350920 0.350917 0.350917 0.350913 0.350917 0.350927 0.350928 0.350936 0.350938 0.350944 0.000000 0.000000
0.000000 0.000000 0.353488 0.353486 0.353475 0.353449 0.353436 0.353412 0.353414 0.353408 0.353411 0.353410 0.353412 0.353413 0.353424 0.353443 0.353457 0.353471 0.353477 0.000000 0.000000
0.000000 0.000000 0.356999 0.356996 0.356988 0.356965 0.356936 0.356900 0.356899 0.356894 0.356895 0.356896 0.356895 0.356896 0.356928 0.356956 0.356971 0.356983 0.356991 0.000000 0.000000
0.000000 0.000000 0.361182 0.361180 0.361173 0.361145 0.361117 0.361078 0.361077 0.361074 0.361073 0.361070 0.361068 0.361076 0.361109 0.361134 0.361158 0.361167 0.361179 0.000000 0.000000
0.000000 0.000000 0.365574 0.365568 0.365555 0.365538 0.365508 0.365469 0.365471 0.365462 0.365459 0.365458 0.365458 0.365457 0.365497 0.365529 0.365547 0.365556 0.365566 0.000000 0.000000
0.000000 0.000000 0.370177 0.370168 0.370162 0.370145 0.370102 0.370066 0.370066 0.370062 0.370055 0.370059 0.370064 0.370062 0.370095 0.370132 0.370154 0.370162 0.370169 0.000000 0.000000
0.000000 0.000000 0.375130 0.375124 0.375116 0.375082 0.375051 0.375009 0.375018 0.374996 0.374998 0.374998 0.374989 0.375004 0.375034 0.375057 0.375085 0.375100 0.375119 0.000000 0.000000
0.000000 0.000000 0.380546 0.380532 0.380516 0.380492 0.380459 0.380408 0.380406 0.380398 0.380410 0.380392 0.380396 0.380400 0.380453 0.380480 0.380500 0.380510 0.380558 0.000000 0.000000
0.000000 0.000000 0.386327 0.386313 0.386306 0.386275 0.386246 0.386118 0.386117 0.386109 0.386077 0.386093 0.386100 0.386112 0.386210 0.386237 0.386286 0.386292 0.386318 0.000000 0.000000
0.000000 0.000000 0.392970 0.392965 0.392940 0.392917 0.392766 0.392764 0.392733 0.392733 0.392736 0.392730 0.392727 0.392722 0.392718 0.392875 0.392906 0.392947 0.392980 0.000000 0.000000
0.000000 0.000000 0.400678 0.400665 0.400633 0.400451 0.400447 0.400358 0.400310 0.400300 0.400270 0.400248 0.400267 0.400261 0.400348 0.400366 0.400609 0.400579 0.400589 0.000000 0.000000
0.000000 0.000000 0.409135 0.409122 0.408863 0.408902 0.408887 0.408849 0.408936 0.408904 0.408947 0.408924 0.408885 0.408949 0.408969 0.408983 0.408840 0.409200 0.409196 0.000000 0.000000
0.000000 0.000000 0.419633 0.419224 0.419251 0.419114 0.418908 0.418846 0.418757 0.418777 0.418665 0.418671 0.418730 0.418677 0.418779 0.418932 0.419236 0.419098 0.419520 0.000000 0.000000
0.000000 0.000000 0.424755 0.425071 0.425454 0.425428 0.425406 0.425047 0.425083 0.424987 0.425125 0.425094 0.425082 0.425125 0.425437 0.425452 0.425524 0.425193 0.424889 0.000000 0.000000
0.000000 0.000000 0.350000 0.350000 0.350000 0.350000 0.350000 0.350000 0.350000 0.350000 0.350000 0.350000 0.350000 0.350000 0.350000 0.350000 0.350000 0.350000 0.350000 0.000000 0.000000
0.000000 0.000000 0.000000 0.000000 0.000000 0.000000 0.000000 0.000000 0.000000 0.000000 0.000000 0.000000 0.000000 0.000000 0.000000 0.000000 0.000000 0.000000 0.000000 0.000000 0.000000