geotop/1.0zi/1.0Montebello/Templates/testdem/maps/_Eocsilt1998.asc
ncols         21
nrows         20
xllcorner     100.000000
yllcorner     100.000000
cellsize      50.000000
NODATA_value  -9999.0
0.000000 0.000000 0.000000 0.000000 0.000000 0.000000 0.000000 0.000000 0.000000 0.000000 0.000000 0.000000 0.000000 0.000000 0.000000 0.000000 0.000000 0.000000 0.000000 0.000000 0.000000
0.000000 0.000000 0.350045 0.350045 0.350045 0.350045 0.350045 0.350045 0.350045 0.350045 0.350045 0.350045 0.350045 0.350045 0.350045 0.350045 0.350045 0.350045 0.350045 0.000000 0.000000
0.000000 0.000000 0.349999 0.349998 0.349998 0.349999 0.349999 0.349999 0.349999 0.349999 0.349999 0.349999 0.349999 0.349999 0.349999 0.349999 0.349998 0.349998 0.349999 0.000000 0.000000
0.000000 0.000000 0.350692 0.350692 0.350689 0.350691 0.350693 0.350692 0.350692 0.350693 0.350693 0.350693 0.350692 0.350692 0.350693 0.350691 0.350689 0.350692 0.350692 0.000000 0.000000
0.000000 0.000000 0.353276 0.353275 0.353273 0.353273 0.353276 0.353275 0.353276 0.353277 0.353277 0.353277 0.353276 0.353275 0.353276 0.353273 0.353273 0.353275 0.353276 0.000000 0.000000
0.000000 0.000000 0.356611 0.356611 0.356609 0.356609 0.356612 0.356611 0.356611 0.356612 0.356612 0.356612 0.356611 0.356611 0.356612 0.356609 0.356609 0.356611 0.356611 0.000000 0.000000
0.000000 0.000000 0.359679 0.359678 0.359677 0.359677 0.359679 0.359679 0.359679 0.359679 0.359680 0.359679 0.359679 0.359679 0.359679 0.359677 0.359677 0.359678 0.359679 0.000000 0.000000
0.000000 0.000000 0.362490 0.362489 0.362488 0.362488 0.362490 0.362489 0.362490 0.362490 0.362490 0.362490 0.362490 0.362489 0.362490 0.362488 0.362488 0.362489 0.362490 0.000000 0.000000
0.000000 0.000000 0.365118 0.365118 0.365116 0.365117 0.365118 0.365118 0.365118 0.365119 0.365119 0.365119 0.365118 0.365118 0.365118 0.365117 0.365116 0.365118 0.365118 0.000000 0.000000
0.000000 0.000000 0.367628 0.367628 0.367626 0.367627 0.367628 0.367628 0.367628 0.367628 0.367628 0.367628 0.367628 0.367628 0.367628 0.367627 0.367626 0.367628 0.367628 0.000000 0.000000
0.000000 0.000000 0.370047 0.370046 0.370045 0.370046 0.370047 0.370047 0.370047 0.370047 0.370047 0.370047 0.370047 0.370047 0.370047 0.370046 0.370045 0.370046 0.370047 0.000000 0.000000
0.000000 0.000000 0.372396 0.372396 0.372395 0.372395 0.372397 0.372396 0.372396 0.372397 0.372397 0.372397 0.372396 0.372396 0.372397 0.372395 0.372395 0.372396 0.372396 0.000000 0.000000
0.000000 0.000000 0.374693 0.374693 0.374692 0.374692 0.374693 0.374693 0.374693 0.374694 0.374694 0.374694 0.374693 0.374693 0.374693 0.374692 0.374692 0.374693 0.374693 0.000000 0.000000
0.000000 0.000000 0.376942 0.376942 0.376941 0.376941 0.376942 0.376942 0.376942 0.376943 0.376943 0.376943 0.376942 0.376942 0.376942 0.376941 0.376941 0.376942 0.376942 0.000000 0.000000
0.000000 0.000000 0.379154 0.379154 0.379153 0.379153 0.379155 0.379154 0.379154 0.379155 0.379155 0.379155 0.379154 0.379154 0.379155 0.379153 0.379153 0.379154 0.379154 0.000000 0.000000
0.000000 0.000000 0.381336 0.381336 0.381335 0.381335 0.381336 0.381336 0.381336 0.381336 0.381337 0.381336 0.381336 0.381336 0.381336 0.381335 0.381335 0.381336 0.381336 0.000000 0.000000
0.000000 0.000000 0.383486 0.383486 0.383485 0.383485 0.383486 0.383486 0.383486 0.383486 0.383487 0.383486 0.383486 0.383486 0.383486 0.383485 0.383485 0.383486 0.383486 0.000000 0.000000
0.000000 0.000000 0.385638 0.385638 0.385636 0.385637 0.385638 0.385638 0.385638 0.385638 0.385638 0.385638 0.385638 0.385638 0.385638 0.385637 0.385636 0.385638 0.385638 0.000000 0.000000
0.000000 0.000000 0.350000 0.350000 0.350000 0.350000 0.350000 0.350000 0.350000 0.350000 0.350000 0.350000 0.350000 0.350000 0.350000 0.350000 0.350000 0.350000 0.350000 0.000000 0.000000
0.000000 0.000000 0.000000 0.000000 0.000000 0.000000 0.000000 0.000000 0.000000 0.000000 0.000000 0.000000 0.000000 0.000000 0.000000 0.000000 0.000000 0.000000 0.000000 0.000000 0.000000