geotop/1.0zi/1.0Montebello/Templates/testdem/maps/_Eocsilt4495.asc
ncols         21
nrows         20
xllcorner     100.000000
yllcorner     100.000000
cellsize      50.000000
NODATA_value  -9999.0
0.000000 0.000000 0.000000 0.000000 0.000000 0.000000 0.000000 0.000000 0.000000 0.000000 0.000000 0.000000 0.000000 0.000000 0.000000 0.000000 0.000000 0.000000 0.000000 0.000000 0.000000
0.000000 0.000000 0.350091 0.350091 0.350091 0.350091 0.350091 0.350091 0.350091 0.350091 0.350091 0.350091 0.350091 0.350091 0.350091 0.350091 0.350092 0.350091 0.350091 0.000000 0.000000
0.000000 0.000000 0.350002 0.350002 0.350002 0.350003 0.350003 0.350003 0.350003 0.350003 0.350003 0.350003 0.350003 0.350003 0.350003 0.350002 0.350001 0.350001 0.350002 0.000000 0.000000
0.000000 0.000000 0.350031 0.350031 0.350031 0.350026 0.350027 0.350025 0.350027 0.350027 0.350027 0.350027 0.350027 0.350026 0.350027 0.350030 0.350031 0.350032 0.350031 0.000000 0.000000
0.000000 0.000000 0.350386 0.350389 0.350388 0.350383 0.350381 0.350377 0.350376 0.350373 0.350372 0.350374 0.350374 0.350375 0.350380 0.350381 0.350382 0.350389 0.350393 0.000000 0.000000
0.000000 0.000000 0.351542 0.351545 0.351541 0.351530 0.351523 0.351508 0.351505 0.351500 0.351505 0.351507 0.351511 0.351511 0.351515 0.351521 0.351528 0.351529 0.351533 0.000000 0.000000
0.000000 0.000000 0.353341 0.353341 0.353338 0.353324 0.353308 0.353291 0.353292 0.353289 0.353293 0.353291 0.353289 0.353293 0.353305 0.353320 0.353325 0.353332 0.353338 0.000000 0.000000
0.000000 0.000000 0.355430 0.355428 0.355426 0.355413 0.355399 0.355382 0.355384 0.355380 0.355381 0.355381 0.355379 0.355377 0.355395 0.355411 0.355421 0.355424 0.355429 0.000000 0.000000
0.000000 0.000000 0.357561 0.357557 0.357553 0.357542 0.357529 0.357507 0.357509 0.357504 0.357505 0.357506 0.357504 0.357504 0.357521 0.357539 0.357547 0.357552 0.357560 0.000000 0.000000
0.000000 0.000000 0.359677 0.359674 0.359672 0.359662 0.359645 0.359626 0.359629 0.359626 0.359626 0.359627 0.359624 0.359623 0.359641 0.359659 0.359667 0.359671 0.359677 0.000000 0.000000
0.000000 0.000000 0.361810 0.361807 0.361805 0.361797 0.361785 0.361762 0.361765 0.361760 0.361760 0.361762 0.361759 0.361758 0.361773 0.361786 0.361796 0.361801 0.361808 0.000000 0.000000
0.000000 0.000000 0.364014 0.364011 0.364008 0.363995 0.363982 0.363960 0.363960 0.363957 0.363957 0.363957 0.363956 0.363954 0.363975 0.363991 0.364000 0.364004 0.364027 0.000000 0.000000
0.000000 0.000000 0.366249 0.366245 0.366241 0.366232 0.366216 0.366171 0.366172 0.366168 0.366167 0.366168 0.366165 0.366165 0.366204 0.366223 0.366232 0.366236 0.366250 0.000000 0.000000
0.000000 0.000000 0.368613 0.368606 0.368604 0.368594 0.368549 0.368537 0.368530 0.368527 0.368528 0.368528 0.368524 0.368524 0.368536 0.368581 0.368591 0.368601 0.368609 0.000000 0.000000
0.000000 0.000000 0.371161 0.371156 0.371144 0.371105 0.371084 0.371056 0.371042 0.371037 0.371031 0.371030 0.371031 0.371026 0.371048 0.371079 0.371129 0.371128 0.371135 0.000000 0.000000
0.000000 0.000000 0.373791 0.373786 0.373738 0.373731 0.373718 0.373703 0.373702 0.373701 0.373703 0.373703 0.373695 0.373703 0.373710 0.373723 0.373724 0.373778 0.373791 0.000000 0.000000
0.000000 0.000000 0.376717 0.376653 0.376613 0.376595 0.376563 0.376545 0.376541 0.376538 0.376531 0.376532 0.376532 0.376526 0.376538 0.376577 0.376602 0.376629 0.376694 0.000000 0.000000
0.000000 0.000000 0.379002 0.378989 0.379032 0.379009 0.378981 0.378916 0.378911 0.378904 0.378907 0.378907 0.378902 0.378905 0.378963 0.378996 0.379033 0.378978 0.379004 0.000000 0.000000
0.000000 0.000000 0.350000 0.350000 0.350000 0.350000 0.350000 0.350000 0.350000 0.350000 0.350000 0.350000 0.350000 0.350000 0.350000 0.350000 0.350000 0.350000 0.350000 0.000000 0.000000
0.000000 0.000000 0.000000 0.000000 0.000000 0.000000 0.000000 0.000000 0.000000 0.000000 0.000000 0.000000 0.000000 0.000000 0.000000 0.000000 0.000000 0.000000 0.000000 0.000000 0.000000