geotop/1.0zi/1.0Montebello/Templates/testdem/maps/_Eocsilt6231.asc
ncols         21
nrows         20
xllcorner     100.000000
yllcorner     100.000000
cellsize      50.000000
NODATA_value  -9999.0
0.000000 0.000000 0.000000 0.000000 0.000000 0.000000 0.000000 0.000000 0.000000 0.000000 0.000000 0.000000 0.000000 0.000000 0.000000 0.000000 0.000000 0.000000 0.000000 0.000000 0.000000
0.000000 0.000000 0.350122 0.350122 0.350123 0.350123 0.350122 0.350123 0.350122 0.350122 0.350123 0.350122 0.350122 0.350122 0.350122 0.350123 0.350123 0.350123 0.350122 0.000000 0.000000
0.000000 0.000000 0.350002 0.350002 0.350002 0.350002 0.350003 0.350002 0.350003 0.350003 0.350003 0.350003 0.350003 0.350003 0.350002 0.350002 0.350000 0.350000 0.350002 0.000000 0.000000
0.000000 0.000000 0.350052 0.350049 0.350048 0.350043 0.350044 0.350042 0.350044 0.350045 0.350043 0.350043 0.350043 0.350042 0.350045 0.350048 0.350050 0.350051 0.350051 0.000000 0.000000
0.000000 0.000000 0.350583 0.350588 0.350586 0.350581 0.350577 0.350572 0.350570 0.350568 0.350567 0.350568 0.350570 0.350571 0.350576 0.350579 0.350580 0.350588 0.350592 0.000000 0.000000
0.000000 0.000000 0.352231 0.352234 0.352227 0.352212 0.352200 0.352182 0.352181 0.352177 0.352181 0.352183 0.352184 0.352181 0.352188 0.352196 0.352205 0.352209 0.352215 0.000000 0.000000
0.000000 0.000000 0.354737 0.354735 0.354728 0.354708 0.354684 0.354660 0.354661 0.354658 0.354660 0.354660 0.354656 0.354660 0.354680 0.354700 0.354711 0.354722 0.354729 0.000000 0.000000
0.000000 0.000000 0.357806 0.357806 0.357803 0.357784 0.357761 0.357734 0.357734 0.357731 0.357730 0.357730 0.357728 0.357731 0.357754 0.357776 0.357793 0.357796 0.357807 0.000000 0.000000
0.000000 0.000000 0.361034 0.361029 0.361019 0.361006 0.360984 0.360952 0.360954 0.360947 0.360945 0.360946 0.360946 0.360945 0.360974 0.360997 0.361013 0.361019 0.361029 0.000000 0.000000
0.000000 0.000000 0.364301 0.364296 0.364291 0.364282 0.364251 0.364223 0.364225 0.364221 0.364217 0.364220 0.364224 0.364220 0.364245 0.364271 0.364287 0.364290 0.364298 0.000000 0.000000
0.000000 0.000000 0.367678 0.367674 0.367671 0.367647 0.367626 0.367596 0.367602 0.367587 0.367587 0.367589 0.367584 0.367593 0.367613 0.367630 0.367647 0.367657 0.367672 0.000000 0.000000
0.000000 0.000000 0.371254 0.371247 0.371236 0.371219 0.371199 0.371162 0.371163 0.371155 0.371163 0.371154 0.371156 0.371159 0.371194 0.371211 0.371223 0.371229 0.371265 0.000000 0.000000
0.000000 0.000000 0.374953 0.374944 0.374940 0.374920 0.374902 0.374825 0.374824 0.374818 0.374801 0.374809 0.374815 0.374821 0.374879 0.374895 0.374924 0.374927 0.374952 0.000000 0.000000
0.000000 0.000000 0.379007 0.379001 0.378988 0.378975 0.378898 0.378881 0.378863 0.378862 0.378857 0.378860 0.378858 0.378856 0.378866 0.378945 0.378969 0.378989 0.379014 0.000000 0.000000
0.000000 0.000000 0.383515 0.383510 0.383492 0.383407 0.383384 0.383338 0.383309 0.383304 0.383289 0.383277 0.383289 0.383283 0.383321 0.383354 0.383472 0.383462 0.383478 0.000000 0.000000
0.000000 0.000000 0.388333 0.388326 0.388213 0.388199 0.388193 0.388165 0.388190 0.388176 0.388188 0.388175 0.388161 0.388187 0.388205 0.388215 0.388197 0.388342 0.388345 0.000000 0.000000
0.000000 0.000000 0.393937 0.393779 0.393737 0.393691 0.393614 0.393580 0.393563 0.393563 0.393526 0.393524 0.393541 0.393531 0.393574 0.393632 0.393725 0.393742 0.393905 0.000000 0.000000
0.000000 0.000000 0.397828 0.397857 0.398001 0.397967 0.397919 0.397775 0.397773 0.397739 0.397767 0.397757 0.397765 0.397771 0.397904 0.397939 0.398024 0.397879 0.397859 0.000000 0.000000
0.000000 0.000000 0.350000 0.350000 0.350000 0.350000 0.350000 0.350000 0.350000 0.350000 0.350000 0.350000 0.350000 0.350000 0.350000 0.350000 0.350000 0.350000 0.350000 0.000000 0.000000
0.000000 0.000000 0.000000 0.000000 0.000000 0.000000 0.000000 0.000000 0.000000 0.000000 0.000000 0.000000 0.000000 0.000000 0.000000 0.000000 0.000000 0.000000 0.000000 0.000000 0.000000