geotop/1.0zi/1.0Montebello/Templates/testdem/maps/_Eocclay0465.asc
ncols         21
nrows         20
xllcorner     100.000000
yllcorner     100.000000
cellsize      50.000000
NODATA_value  -9999.0
0.000000 0.000000 0.000000 0.000000 0.000000 0.000000 0.000000 0.000000 0.000000 0.000000 0.000000 0.000000 0.000000 0.000000 0.000000 0.000000 0.000000 0.000000 0.000000 0.000000 0.000000
0.000000 0.000000 0.349972 0.349972 0.349972 0.349972 0.349972 0.349972 0.349972 0.349972 0.349972 0.349972 0.349972 0.349972 0.349972 0.349972 0.349972 0.349972 0.349972 0.000000 0.000000
0.000000 0.000000 0.349997 0.349997 0.349996 0.349997 0.349997 0.349997 0.349997 0.349997 0.349997 0.349997 0.349997 0.349997 0.349997 0.349997 0.349996 0.349997 0.349997 0.000000 0.000000
0.000000 0.000000 0.350282 0.350282 0.350280 0.350282 0.350282 0.350282 0.350282 0.350282 0.350282 0.350282 0.350282 0.350282 0.350282 0.350282 0.350280 0.350282 0.350282 0.000000 0.000000
0.000000 0.000000 0.351147 0.351147 0.351145 0.351147 0.351147 0.351147 0.351147 0.351147 0.351147 0.351147 0.351147 0.351147 0.351147 0.351147 0.351145 0.351147 0.351147 0.000000 0.000000
0.000000 0.000000 0.351977 0.351977 0.351975 0.351977 0.351977 0.351977 0.351977 0.351977 0.351977 0.351977 0.351977 0.351977 0.351977 0.351977 0.351975 0.351977 0.351977 0.000000 0.000000
0.000000 0.000000 0.352745 0.352745 0.352744 0.352745 0.352746 0.352746 0.352746 0.352746 0.352746 0.352746 0.352746 0.352746 0.352746 0.352745 0.352744 0.352745 0.352745 0.000000 0.000000
0.000000 0.000000 0.353455 0.353455 0.353453 0.353455 0.353455 0.353455 0.353455 0.353455 0.353455 0.353455 0.353455 0.353455 0.353455 0.353455 0.353453 0.353455 0.353455 0.000000 0.000000
0.000000 0.000000 0.354123 0.354123 0.354122 0.354123 0.354123 0.354123 0.354123 0.354123 0.354123 0.354123 0.354123 0.354123 0.354123 0.354123 0.354122 0.354123 0.354123 0.000000 0.000000
0.000000 0.000000 0.354768 0.354768 0.354766 0.354768 0.354768 0.354768 0.354768 0.354768 0.354768 0.354768 0.354768 0.354768 0.354768 0.354768 0.354766 0.354768 0.354768 0.000000 0.000000
0.000000 0.000000 0.355394 0.355394 0.355392 0.355394 0.355394 0.355394 0.355394 0.355394 0.355394 0.355394 0.355394 0.355394 0.355394 0.355394 0.355392 0.355394 0.355394 0.000000 0.000000
0.000000 0.000000 0.356007 0.356007 0.356006 0.356007 0.356007 0.356007 0.356007 0.356007 0.356007 0.356007 0.356007 0.356007 0.356007 0.356007 0.356006 0.356007 0.356007 0.000000 0.000000
0.000000 0.000000 0.356608 0.356608 0.356607 0.356608 0.356608 0.356608 0.356608 0.356608 0.356608 0.356608 0.356608 0.356608 0.356608 0.356608 0.356607 0.356608 0.356608 0.000000 0.000000
0.000000 0.000000 0.357198 0.357198 0.357197 0.357198 0.357198 0.357198 0.357198 0.357198 0.357198 0.357198 0.357198 0.357198 0.357198 0.357198 0.357197 0.357198 0.357198 0.000000 0.000000
0.000000 0.000000 0.357780 0.357780 0.357779 0.357780 0.357780 0.357780 0.357780 0.357780 0.357780 0.357780 0.357780 0.357780 0.357780 0.357780 0.357779 0.357780 0.357780 0.000000 0.000000
0.000000 0.000000 0.358362 0.358362 0.358361 0.358362 0.358362 0.358362 0.358362 0.358362 0.358362 0.358362 0.358362 0.358362 0.358362 0.358362 0.358361 0.358362 0.358362 0.000000 0.000000
0.000000 0.000000 0.358938 0.358938 0.358937 0.358938 0.358938 0.358938 0.358938 0.358938 0.358938 0.358938 0.358938 0.358938 0.358938 0.358938 0.358937 0.358938 0.358938 0.000000 0.000000
0.000000 0.000000 0.359528 0.359528 0.359527 0.359528 0.359529 0.359529 0.359529 0.359529 0.359529 0.359529 0.359529 0.359529 0.359529 0.359528 0.359527 0.359528 0.359528 0.000000 0.000000
0.000000 0.000000 0.350000 0.350000 0.350000 0.350000 0.350000 0.350000 0.350000 0.350000 0.350000 0.350000 0.350000 0.350000 0.350000 0.350000 0.350000 0.350000 0.350000 0.000000 0.000000
0.000000 0.000000 0.000000 0.000000 0.000000 0.000000 0.000000 0.000000 0.000000 0.000000 0.000000 0.000000 0.000000 0.000000 0.000000 0.000000 0.000000 0.000000 0.000000 0.000000 0.000000