geotop/1.0zi/1.0Montebello/Templates/testdem/maps/_Eocsand9334.asc
ncols         21
nrows         20
xllcorner     100.000000
yllcorner     100.000000
cellsize      50.000000
NODATA_value  -9999.0
0.000000 0.000000 0.000000 0.000000 0.000000 0.000000 0.000000 0.000000 0.000000 0.000000 0.000000 0.000000 0.000000 0.000000 0.000000 0.000000 0.000000 0.000000 0.000000 0.000000 0.000000
0.000000 0.000000 0.300239 0.300237 0.300237 0.300237 0.300236 0.300236 0.300236 0.300236 0.300237 0.300236 0.300236 0.300237 0.300236 0.300236 0.300238 0.300237 0.300237 0.000000 0.000000
0.000000 0.000000 0.300012 0.300013 0.300013 0.300012 0.300013 0.300013 0.300013 0.300013 0.300013 0.300013 0.300012 0.300012 0.300012 0.300012 0.300013 0.300014 0.300015 0.000000 0.000000
0.000000 0.000000 0.299852 0.299851 0.299858 0.299866 0.299865 0.299868 0.299862 0.299864 0.299864 0.299862 0.299861 0.299863 0.299858 0.299852 0.299849 0.299848 0.299848 0.000000 0.000000
0.000000 0.000000 0.297409 0.297411 0.297428 0.297455 0.297483 0.297488 0.297490 0.297491 0.297492 0.297485 0.297481 0.297480 0.297458 0.297447 0.297433 0.297423 0.297411 0.000000 0.000000
0.000000 0.000000 0.290419 0.290430 0.290467 0.290520 0.290579 0.290629 0.290628 0.290639 0.290634 0.290632 0.290622 0.290625 0.290596 0.290547 0.290521 0.290501 0.290488 0.000000 0.000000
0.000000 0.000000 0.280756 0.280775 0.280806 0.280869 0.280947 0.281053 0.281045 0.281053 0.281056 0.281054 0.281054 0.281047 0.280967 0.280904 0.280865 0.280837 0.280820 0.000000 0.000000
0.000000 0.000000 0.269306 0.269328 0.269355 0.269429 0.269510 0.269605 0.269600 0.269611 0.269616 0.269620 0.269623 0.269604 0.269529 0.269460 0.269396 0.269383 0.269354 0.000000 0.000000
0.000000 0.000000 0.256832 0.256863 0.256903 0.256957 0.257051 0.257162 0.257149 0.257171 0.257181 0.257184 0.257178 0.257180 0.257074 0.256992 0.256943 0.256924 0.256897 0.000000 0.000000
0.000000 0.000000 0.243223 0.243262 0.243293 0.243352 0.243477 0.243580 0.243574 0.243589 0.243607 0.243596 0.243580 0.243583 0.243498 0.243393 0.243335 0.243314 0.243299 0.000000 0.000000
0.000000 0.000000 0.227953 0.227980 0.228008 0.228143 0.228224 0.228360 0.228324 0.228397 0.228386 0.228394 0.228416 0.228370 0.228278 0.228213 0.228133 0.228100 0.228036 0.000000 0.000000
0.000000 0.000000 0.210384 0.210447 0.210525 0.210591 0.210708 0.210875 0.210871 0.210882 0.210853 0.210914 0.210882 0.210883 0.210719 0.210623 0.210579 0.210552 0.210417 0.000000 0.000000
0.000000 0.000000 0.190774 0.190830 0.190848 0.190998 0.191096 0.191570 0.191567 0.191591 0.191740 0.191650 0.191632 0.191585 0.191231 0.191143 0.190972 0.190958 0.190911 0.000000 0.000000
0.000000 0.000000 0.166724 0.166745 0.166878 0.166971 0.167632 0.167459 0.167585 0.167582 0.167506 0.167578 0.167588 0.167643 0.167806 0.167095 0.167050 0.166880 0.166773 0.000000 0.000000
0.000000 0.000000 0.138424 0.138507 0.138647 0.139512 0.139244 0.139745 0.139883 0.139932 0.140110 0.140185 0.140083 0.140079 0.139619 0.139860 0.138726 0.138972 0.138994 0.000000 0.000000
0.000000 0.000000 0.110194 0.110250 0.111363 0.110836 0.111014 0.110996 0.110508 0.110639 0.110382 0.110431 0.110634 0.110360 0.110475 0.110324 0.111496 0.109814 0.109838 0.000000 0.000000
0.000000 0.000000 0.081710 0.082880 0.082464 0.083006 0.083597 0.083790 0.084192 0.084097 0.084504 0.084455 0.084217 0.084462 0.084136 0.083698 0.082531 0.083454 0.082237 0.000000 0.000000
0.000000 0.000000 0.072911 0.072282 0.071550 0.071642 0.071691 0.072408 0.072328 0.072522 0.072236 0.072299 0.072321 0.072236 0.071635 0.071594 0.071463 0.072109 0.072730 0.000000 0.000000
0.000000 0.000000 0.300000 0.300000 0.300000 0.300000 0.300000 0.300000 0.300000 0.300000 0.300000 0.300000 0.300000 0.300000 0.300000 0.300000 0.300000 0.300000 0.300000 0.000000 0.000000
0.000000 0.000000 0.000000 0.000000 0.000000 0.000000 0.000000 0.000000 0.000000 0.000000 0.000000 0.000000 0.000000 0.000000 0.000000 0.000000 0.000000 0.000000 0.000000 0.000000 0.000000