geotop/1.0zi/1.0Montebello/Templates/testdem/maps/_Eocsilt6850.asc
ncols         21
nrows         20
xllcorner     100.000000
yllcorner     100.000000
cellsize      50.000000
NODATA_value  -9999.0
0.000000 0.000000 0.000000 0.000000 0.000000 0.000000 0.000000 0.000000 0.000000 0.000000 0.000000 0.000000 0.000000 0.000000 0.000000 0.000000 0.000000 0.000000 0.000000 0.000000 0.000000
0.000000 0.000000 0.350136 0.350137 0.350137 0.350137 0.350137 0.350137 0.350137 0.350137 0.350137 0.350137 0.350137 0.350137 0.350137 0.350137 0.350137 0.350137 0.350136 0.000000 0.000000
0.000000 0.000000 0.350003 0.350002 0.350003 0.350003 0.350003 0.350003 0.350003 0.350003 0.350003 0.350003 0.350004 0.350004 0.350003 0.350003 0.350001 0.350001 0.350002 0.000000 0.000000
0.000000 0.000000 0.350058 0.350054 0.350053 0.350048 0.350049 0.350047 0.350049 0.350049 0.350047 0.350048 0.350048 0.350048 0.350050 0.350053 0.350056 0.350057 0.350057 0.000000 0.000000
0.000000 0.000000 0.350697 0.350703 0.350699 0.350692 0.350688 0.350681 0.350680 0.350677 0.350678 0.350680 0.350681 0.350681 0.350691 0.350695 0.350694 0.350701 0.350706 0.000000 0.000000
0.000000 0.000000 0.352614 0.352616 0.352607 0.352594 0.352580 0.352561 0.352560 0.352555 0.352560 0.352562 0.352562 0.352560 0.352569 0.352578 0.352587 0.352592 0.352598 0.000000 0.000000
0.000000 0.000000 0.355498 0.355495 0.355486 0.355464 0.355438 0.355412 0.355413 0.355409 0.355411 0.355410 0.355407 0.355411 0.355433 0.355456 0.355469 0.355481 0.355488 0.000000 0.000000
0.000000 0.000000 0.358983 0.358982 0.358978 0.358956 0.358931 0.358901 0.358902 0.358898 0.358897 0.358896 0.358894 0.358899 0.358924 0.358947 0.358968 0.358971 0.358983 0.000000 0.000000
0.000000 0.000000 0.362668 0.362662 0.362650 0.362635 0.362610 0.362576 0.362578 0.362570 0.362568 0.362568 0.362569 0.362567 0.362600 0.362628 0.362644 0.362651 0.362661 0.000000 0.000000
0.000000 0.000000 0.366439 0.366432 0.366426 0.366414 0.366378 0.366348 0.366350 0.366345 0.366341 0.366344 0.366349 0.366345 0.366372 0.366403 0.366421 0.366425 0.366433 0.000000 0.000000
0.000000 0.000000 0.370383 0.370378 0.370373 0.370345 0.370321 0.370287 0.370295 0.370277 0.370279 0.370280 0.370274 0.370284 0.370306 0.370326 0.370348 0.370359 0.370375 0.000000 0.000000
0.000000 0.000000 0.374612 0.374601 0.374589 0.374570 0.374546 0.374504 0.374504 0.374496 0.374506 0.374494 0.374497 0.374500 0.374540 0.374561 0.374576 0.374583 0.374623 0.000000 0.000000
0.000000 0.000000 0.379038 0.379027 0.379020 0.378998 0.378976 0.378883 0.378882 0.378875 0.378854 0.378864 0.378871 0.378878 0.378949 0.378970 0.379005 0.379008 0.379034 0.000000 0.000000
0.000000 0.000000 0.383973 0.383967 0.383950 0.383933 0.383834 0.383819 0.383798 0.383797 0.383796 0.383795 0.383794 0.383790 0.383794 0.383900 0.383925 0.383952 0.383981 0.000000 0.000000
0.000000 0.000000 0.389548 0.389540 0.389516 0.389402 0.389381 0.389325 0.389290 0.389284 0.389265 0.389250 0.389263 0.389257 0.389308 0.389341 0.389496 0.389480 0.389494 0.000000 0.000000
0.000000 0.000000 0.395573 0.395565 0.395407 0.395403 0.395396 0.395365 0.395407 0.395387 0.395409 0.395393 0.395373 0.395408 0.395426 0.395438 0.395390 0.395595 0.395597 0.000000 0.000000
0.000000 0.000000 0.402762 0.402532 0.402500 0.402431 0.402318 0.402277 0.402243 0.402247 0.402191 0.402191 0.402219 0.402198 0.402256 0.402343 0.402488 0.402472 0.402709 0.000000 0.000000
0.000000 0.000000 0.407285 0.407379 0.407595 0.407556 0.407510 0.407304 0.407308 0.407258 0.407314 0.407299 0.407304 0.407317 0.407502 0.407540 0.407632 0.407423 0.407340 0.000000 0.000000
0.000000 0.000000 0.350000 0.350000 0.350000 0.350000 0.350000 0.350000 0.350000 0.350000 0.350000 0.350000 0.350000 0.350000 0.350000 0.350000 0.350000 0.350000 0.350000 0.000000 0.000000
0.000000 0.000000 0.000000 0.000000 0.000000 0.000000 0.000000 0.000000 0.000000 0.000000 0.000000 0.000000 0.000000 0.000000 0.000000 0.000000 0.000000 0.000000 0.000000 0.000000 0.000000