geotop/1.0zi/1.0Montebello/Templates/testdem/maps/_Eocclay0516.asc
ncols         21
nrows         20
xllcorner     100.000000
yllcorner     100.000000
cellsize      50.000000
NODATA_value  -9999.0
0.000000 0.000000 0.000000 0.000000 0.000000 0.000000 0.000000 0.000000 0.000000 0.000000 0.000000 0.000000 0.000000 0.000000 0.000000 0.000000 0.000000 0.000000 0.000000 0.000000 0.000000
0.000000 0.000000 0.349970 0.349970 0.349970 0.349970 0.349970 0.349970 0.349970 0.349970 0.349970 0.349970 0.349970 0.349970 0.349970 0.349970 0.349970 0.349970 0.349970 0.000000 0.000000
0.000000 0.000000 0.349997 0.349997 0.349997 0.349997 0.349997 0.349997 0.349997 0.349997 0.349997 0.349997 0.349997 0.349997 0.349997 0.349997 0.349997 0.349997 0.349997 0.000000 0.000000
0.000000 0.000000 0.350285 0.350285 0.350283 0.350285 0.350285 0.350285 0.350285 0.350285 0.350285 0.350285 0.350285 0.350285 0.350285 0.350285 0.350283 0.350285 0.350285 0.000000 0.000000
0.000000 0.000000 0.351213 0.351213 0.351210 0.351213 0.351213 0.351213 0.351213 0.351213 0.351213 0.351213 0.351213 0.351213 0.351213 0.351213 0.351210 0.351213 0.351213 0.000000 0.000000
0.000000 0.000000 0.352132 0.352132 0.352130 0.352132 0.352132 0.352132 0.352132 0.352132 0.352132 0.352132 0.352132 0.352132 0.352132 0.352132 0.352130 0.352132 0.352132 0.000000 0.000000
0.000000 0.000000 0.352992 0.352992 0.352990 0.352992 0.352992 0.352992 0.352992 0.352992 0.352992 0.352992 0.352992 0.352992 0.352992 0.352992 0.352990 0.352992 0.352992 0.000000 0.000000
0.000000 0.000000 0.353787 0.353787 0.353786 0.353787 0.353787 0.353787 0.353787 0.353787 0.353787 0.353787 0.353787 0.353787 0.353787 0.353787 0.353786 0.353787 0.353787 0.000000 0.000000
0.000000 0.000000 0.354537 0.354537 0.354536 0.354537 0.354537 0.354537 0.354537 0.354537 0.354537 0.354537 0.354537 0.354537 0.354537 0.354537 0.354536 0.354537 0.354537 0.000000 0.000000
0.000000 0.000000 0.355260 0.355260 0.355259 0.355260 0.355260 0.355260 0.355260 0.355260 0.355260 0.355260 0.355260 0.355260 0.355260 0.355260 0.355259 0.355260 0.355260 0.000000 0.000000
0.000000 0.000000 0.355963 0.355963 0.355962 0.355963 0.355963 0.355963 0.355963 0.355963 0.355963 0.355963 0.355963 0.355963 0.355963 0.355963 0.355962 0.355963 0.355963 0.000000 0.000000
0.000000 0.000000 0.356652 0.356652 0.356650 0.356652 0.356652 0.356652 0.356652 0.356652 0.356652 0.356652 0.356652 0.356652 0.356652 0.356652 0.356650 0.356652 0.356652 0.000000 0.000000
0.000000 0.000000 0.357328 0.357328 0.357326 0.357327 0.357328 0.357328 0.357328 0.357328 0.357328 0.357328 0.357328 0.357328 0.357328 0.357327 0.357326 0.357328 0.357328 0.000000 0.000000
0.000000 0.000000 0.357993 0.357993 0.357991 0.357993 0.357993 0.357993 0.357993 0.357993 0.357993 0.357993 0.357993 0.357993 0.357993 0.357993 0.357991 0.357993 0.357993 0.000000 0.000000
0.000000 0.000000 0.358651 0.358651 0.358649 0.358651 0.358651 0.358651 0.358651 0.358651 0.358651 0.358651 0.358651 0.358651 0.358651 0.358651 0.358649 0.358651 0.358651 0.000000 0.000000
0.000000 0.000000 0.359305 0.359305 0.359304 0.359305 0.359305 0.359306 0.359306 0.359306 0.359306 0.359306 0.359306 0.359306 0.359305 0.359305 0.359304 0.359305 0.359305 0.000000 0.000000
0.000000 0.000000 0.359953 0.359953 0.359951 0.359952 0.359953 0.359953 0.359953 0.359953 0.359953 0.359953 0.359953 0.359953 0.359953 0.359952 0.359951 0.359953 0.359953 0.000000 0.000000
0.000000 0.000000 0.360612 0.360612 0.360611 0.360612 0.360612 0.360613 0.360613 0.360613 0.360613 0.360613 0.360613 0.360613 0.360612 0.360612 0.360611 0.360612 0.360612 0.000000 0.000000
0.000000 0.000000 0.350000 0.350000 0.350000 0.350000 0.350000 0.350000 0.350000 0.350000 0.350000 0.350000 0.350000 0.350000 0.350000 0.350000 0.350000 0.350000 0.350000 0.000000 0.000000
0.000000 0.000000 0.000000 0.000000 0.000000 0.000000 0.000000 0.000000 0.000000 0.000000 0.000000 0.000000 0.000000 0.000000 0.000000 0.000000 0.000000 0.000000 0.000000 0.000000 0.000000