geotop/1.0zi/1.0Montebello/Templates/testdem/maps/_Eocsilt2585.asc
ncols         21
nrows         20
xllcorner     100.000000
yllcorner     100.000000
cellsize      50.000000
NODATA_value  -9999.0
0.000000 0.000000 0.000000 0.000000 0.000000 0.000000 0.000000 0.000000 0.000000 0.000000 0.000000 0.000000 0.000000 0.000000 0.000000 0.000000 0.000000 0.000000 0.000000 0.000000 0.000000
0.000000 0.000000 0.350062 0.350062 0.350062 0.350062 0.350062 0.350062 0.350062 0.350062 0.350062 0.350062 0.350062 0.350062 0.350062 0.350062 0.350062 0.350062 0.350062 0.000000 0.000000
0.000000 0.000000 0.349998 0.349997 0.349998 0.349998 0.349998 0.349998 0.349998 0.349998 0.349998 0.349998 0.349998 0.349998 0.349998 0.349998 0.349998 0.349997 0.349998 0.000000 0.000000
0.000000 0.000000 0.350865 0.350864 0.350862 0.350863 0.350865 0.350865 0.350864 0.350865 0.350865 0.350865 0.350864 0.350865 0.350865 0.350863 0.350862 0.350864 0.350865 0.000000 0.000000
0.000000 0.000000 0.354241 0.354240 0.354238 0.354239 0.354241 0.354240 0.354240 0.354242 0.354242 0.354242 0.354240 0.354240 0.354241 0.354239 0.354238 0.354240 0.354241 0.000000 0.000000
0.000000 0.000000 0.358617 0.358617 0.358615 0.358616 0.358618 0.358617 0.358617 0.358618 0.358618 0.358618 0.358617 0.358617 0.358618 0.358616 0.358615 0.358617 0.358617 0.000000 0.000000
0.000000 0.000000 0.362623 0.362623 0.362621 0.362622 0.362624 0.362623 0.362623 0.362624 0.362624 0.362624 0.362623 0.362623 0.362624 0.362622 0.362621 0.362623 0.362623 0.000000 0.000000
0.000000 0.000000 0.366277 0.366276 0.366275 0.366276 0.366277 0.366277 0.366277 0.366277 0.366278 0.366277 0.366277 0.366277 0.366277 0.366276 0.366275 0.366276 0.366277 0.000000 0.000000
0.000000 0.000000 0.369677 0.369676 0.369675 0.369676 0.369677 0.369677 0.369677 0.369677 0.369678 0.369677 0.369677 0.369677 0.369677 0.369676 0.369675 0.369676 0.369677 0.000000 0.000000
0.000000 0.000000 0.372902 0.372902 0.372901 0.372901 0.372903 0.372902 0.372902 0.372903 0.372903 0.372903 0.372902 0.372902 0.372903 0.372901 0.372901 0.372902 0.372902 0.000000 0.000000
0.000000 0.000000 0.375993 0.375992 0.375991 0.375991 0.375993 0.375992 0.375992 0.375993 0.375993 0.375993 0.375992 0.375992 0.375993 0.375991 0.375991 0.375992 0.375993 0.000000 0.000000
0.000000 0.000000 0.378976 0.378976 0.378975 0.378975 0.378977 0.378976 0.378976 0.378977 0.378977 0.378977 0.378976 0.378976 0.378977 0.378975 0.378975 0.378976 0.378976 0.000000 0.000000
0.000000 0.000000 0.381875 0.381875 0.381874 0.381874 0.381876 0.381875 0.381875 0.381876 0.381876 0.381876 0.381875 0.381875 0.381876 0.381874 0.381874 0.381875 0.381875 0.000000 0.000000
0.000000 0.000000 0.384704 0.384703 0.384702 0.384703 0.384704 0.384703 0.384703 0.384704 0.384704 0.384704 0.384703 0.384703 0.384704 0.384703 0.384702 0.384703 0.384704 0.000000 0.000000
0.000000 0.000000 0.387470 0.387470 0.387469 0.387470 0.387471 0.387470 0.387470 0.387471 0.387471 0.387471 0.387470 0.387470 0.387471 0.387470 0.387469 0.387470 0.387470 0.000000 0.000000
0.000000 0.000000 0.390180 0.390179 0.390178 0.390179 0.390180 0.390179 0.390179 0.390180 0.390180 0.390180 0.390179 0.390179 0.390180 0.390179 0.390178 0.390179 0.390180 0.000000 0.000000
0.000000 0.000000 0.392837 0.392837 0.392836 0.392836 0.392837 0.392837 0.392837 0.392838 0.392838 0.392838 0.392837 0.392837 0.392837 0.392836 0.392836 0.392837 0.392837 0.000000 0.000000
0.000000 0.000000 0.395482 0.395482 0.395481 0.395481 0.395482 0.395482 0.395482 0.395482 0.395483 0.395482 0.395482 0.395482 0.395482 0.395481 0.395481 0.395482 0.395482 0.000000 0.000000
0.000000 0.000000 0.350000 0.350000 0.350000 0.350000 0.350000 0.350000 0.350000 0.350000 0.350000 0.350000 0.350000 0.350000 0.350000 0.350000 0.350000 0.350000 0.350000 0.000000 0.000000
0.000000 0.000000 0.000000 0.000000 0.000000 0.000000 0.000000 0.000000 0.000000 0.000000 0.000000 0.000000 0.000000 0.000000 0.000000 0.000000 0.000000 0.000000 0.000000 0.000000 0.000000