geotop/1.0zi/1.0Montebello/Templates/testdem/maps/_Eocsand7682.asc
ncols         21
nrows         20
xllcorner     100.000000
yllcorner     100.000000
cellsize      50.000000
NODATA_value  -9999.0
0.000000 0.000000 0.000000 0.000000 0.000000 0.000000 0.000000 0.000000 0.000000 0.000000 0.000000 0.000000 0.000000 0.000000 0.000000 0.000000 0.000000 0.000000 0.000000 0.000000 0.000000
0.000000 0.000000 0.300196 0.300194 0.300194 0.300194 0.300193 0.300193 0.300193 0.300193 0.300194 0.300193 0.300194 0.300194 0.300193 0.300193 0.300195 0.300195 0.300194 0.000000 0.000000
0.000000 0.000000 0.300010 0.300011 0.300011 0.300010 0.300011 0.300011 0.300011 0.300011 0.300011 0.300011 0.300010 0.300011 0.300011 0.300011 0.300012 0.300012 0.300013 0.000000 0.000000
0.000000 0.000000 0.299894 0.299893 0.299898 0.299906 0.299901 0.299909 0.299904 0.299906 0.299906 0.299906 0.299906 0.299908 0.299903 0.299898 0.299896 0.299893 0.299893 0.000000 0.000000
0.000000 0.000000 0.298077 0.298073 0.298082 0.298097 0.298119 0.298128 0.298134 0.298133 0.298136 0.298135 0.298138 0.298132 0.298109 0.298103 0.298093 0.298081 0.298073 0.000000 0.000000
0.000000 0.000000 0.293024 0.293025 0.293045 0.293088 0.293120 0.293164 0.293164 0.293177 0.293169 0.293170 0.293166 0.293165 0.293143 0.293112 0.293086 0.293063 0.293052 0.000000 0.000000
0.000000 0.000000 0.285879 0.285886 0.285905 0.285953 0.286013 0.286082 0.286082 0.286092 0.286090 0.286091 0.286093 0.286087 0.286027 0.285973 0.285941 0.285913 0.285899 0.000000 0.000000
0.000000 0.000000 0.277372 0.277376 0.277389 0.277444 0.277502 0.277577 0.277578 0.277587 0.277588 0.277594 0.277598 0.277583 0.277518 0.277467 0.277417 0.277401 0.277378 0.000000 0.000000
0.000000 0.000000 0.268344 0.268359 0.268386 0.268421 0.268482 0.268563 0.268559 0.268578 0.268582 0.268586 0.268584 0.268585 0.268505 0.268441 0.268402 0.268382 0.268362 0.000000 0.000000
0.000000 0.000000 0.258890 0.258908 0.258922 0.258956 0.259044 0.259117 0.259116 0.259126 0.259138 0.259132 0.259121 0.259125 0.259057 0.258984 0.258938 0.258923 0.258908 0.000000 0.000000
0.000000 0.000000 0.248735 0.248747 0.248763 0.248836 0.248897 0.248981 0.248963 0.249010 0.249004 0.249006 0.249022 0.248991 0.248931 0.248885 0.248828 0.248796 0.248758 0.000000 0.000000
0.000000 0.000000 0.237591 0.237620 0.237655 0.237702 0.237769 0.237874 0.237880 0.237895 0.237871 0.237907 0.237897 0.237889 0.237781 0.237727 0.237687 0.237664 0.237569 0.000000 0.000000
0.000000 0.000000 0.225671 0.225701 0.225715 0.225780 0.225839 0.226101 0.226105 0.226122 0.226188 0.226156 0.226140 0.226115 0.225913 0.225859 0.225759 0.225746 0.225695 0.000000 0.000000
0.000000 0.000000 0.211926 0.211937 0.211990 0.212037 0.212350 0.212348 0.212414 0.212416 0.212404 0.212419 0.212426 0.212437 0.212449 0.212124 0.212062 0.211975 0.211908 0.000000 0.000000
0.000000 0.000000 0.195934 0.195962 0.196029 0.196412 0.196412 0.196601 0.196698 0.196720 0.196783 0.196831 0.196789 0.196799 0.196616 0.196588 0.196078 0.196143 0.196125 0.000000 0.000000
0.000000 0.000000 0.178387 0.178415 0.178962 0.178866 0.178899 0.178973 0.178787 0.178855 0.178759 0.178807 0.178889 0.178753 0.178718 0.178690 0.179011 0.178244 0.178254 0.000000 0.000000
0.000000 0.000000 0.156624 0.157489 0.157408 0.157705 0.158138 0.158267 0.158465 0.158423 0.158662 0.158648 0.158517 0.158634 0.158419 0.158099 0.157439 0.157765 0.156873 0.000000 0.000000
0.000000 0.000000 0.146522 0.145823 0.145030 0.145070 0.145097 0.145841 0.145757 0.145963 0.145660 0.145727 0.145755 0.145659 0.145018 0.145000 0.144886 0.145556 0.146233 0.000000 0.000000
0.000000 0.000000 0.300000 0.300000 0.300000 0.300000 0.300000 0.300000 0.300000 0.300000 0.300000 0.300000 0.300000 0.300000 0.300000 0.300000 0.300000 0.300000 0.300000 0.000000 0.000000
0.000000 0.000000 0.000000 0.000000 0.000000 0.000000 0.000000 0.000000 0.000000 0.000000 0.000000 0.000000 0.000000 0.000000 0.000000 0.000000 0.000000 0.000000 0.000000 0.000000 0.000000