geotop/1.0zi/1.0Montebello/Templates/testdem/maps/_Eocclay045d.asc
ncols         21
nrows         20
xllcorner     100.000000
yllcorner     100.000000
cellsize      50.000000
NODATA_value  -9999.0
0.000000 0.000000 0.000000 0.000000 0.000000 0.000000 0.000000 0.000000 0.000000 0.000000 0.000000 0.000000 0.000000 0.000000 0.000000 0.000000 0.000000 0.000000 0.000000 0.000000 0.000000
0.000000 0.000000 0.349505 0.349507 0.349507 0.349506 0.349508 0.349508 0.349507 0.349508 0.349507 0.349508 0.349508 0.349507 0.349508 0.349508 0.349506 0.349506 0.349507 0.000000 0.000000
0.000000 0.000000 0.349981 0.349979 0.349978 0.349981 0.349978 0.349978 0.349978 0.349978 0.349978 0.349978 0.349978 0.349978 0.349979 0.349980 0.349980 0.349979 0.349978 0.000000 0.000000
0.000000 0.000000 0.350082 0.350091 0.350087 0.350082 0.350084 0.350084 0.350088 0.350085 0.350088 0.350086 0.350086 0.350085 0.350089 0.350092 0.350091 0.350090 0.350088 0.000000 0.000000
0.000000 0.000000 0.351825 0.351816 0.351807 0.351792 0.351772 0.351768 0.351765 0.351768 0.351765 0.351770 0.351770 0.351771 0.351780 0.351787 0.351799 0.351807 0.351815 0.000000 0.000000
0.000000 0.000000 0.356281 0.356276 0.356251 0.356207 0.356173 0.356139 0.356145 0.356141 0.356138 0.356138 0.356145 0.356143 0.356160 0.356193 0.356212 0.356226 0.356232 0.000000 0.000000
0.000000 0.000000 0.362228 0.362216 0.362199 0.362156 0.362111 0.362045 0.362047 0.362043 0.362036 0.362038 0.362039 0.362038 0.362090 0.362128 0.362152 0.362168 0.362175 0.000000 0.000000
0.000000 0.000000 0.369339 0.369325 0.369305 0.369248 0.369198 0.369138 0.369140 0.369135 0.369127 0.369125 0.369122 0.369132 0.369179 0.369220 0.369259 0.369270 0.369284 0.000000 0.000000
0.000000 0.000000 0.377272 0.377252 0.377220 0.377175 0.377116 0.377046 0.377054 0.377044 0.377032 0.377030 0.377033 0.377029 0.377094 0.377146 0.377176 0.377190 0.377202 0.000000 0.000000
0.000000 0.000000 0.386266 0.386236 0.386207 0.386157 0.386090 0.386014 0.386016 0.386010 0.385992 0.385999 0.386007 0.386003 0.386056 0.386124 0.386162 0.386179 0.386184 0.000000 0.000000
0.000000 0.000000 0.396815 0.396790 0.396763 0.396653 0.396622 0.396515 0.396539 0.396491 0.396493 0.396484 0.396466 0.396495 0.396557 0.396599 0.396654 0.396675 0.396720 0.000000 0.000000
0.000000 0.000000 0.409492 0.409436 0.409365 0.409314 0.409252 0.409116 0.409112 0.409118 0.409129 0.409079 0.409106 0.409091 0.409211 0.409284 0.409313 0.409333 0.409423 0.000000 0.000000
0.000000 0.000000 0.423991 0.423943 0.423930 0.423815 0.423739 0.423357 0.423352 0.423333 0.423185 0.423280 0.423282 0.423317 0.423592 0.423650 0.423796 0.423806 0.423810 0.000000 0.000000
0.000000 0.000000 0.441699 0.441684 0.441551 0.441482 0.440950 0.441202 0.441093 0.441105 0.441200 0.441105 0.441094 0.441025 0.440798 0.441382 0.441380 0.441521 0.441596 0.000000 0.000000
0.000000 0.000000 0.458932 0.458884 0.458813 0.458258 0.458561 0.458175 0.458118 0.458087 0.457942 0.457917 0.457977 0.457991 0.458321 0.458020 0.458743 0.458561 0.458521 0.000000 0.000000
0.000000 0.000000 0.470958 0.470937 0.470533 0.470709 0.470643 0.470641 0.470815 0.470771 0.470855 0.470839 0.470766 0.470858 0.470814 0.470874 0.470457 0.471058 0.471046 0.000000 0.000000
0.000000 0.000000 0.480169 0.479932 0.479905 0.479838 0.479704 0.479667 0.479633 0.479641 0.479581 0.479587 0.479615 0.479589 0.479636 0.479740 0.479865 0.479841 0.480078 0.000000 0.000000
0.000000 0.000000 0.484755 0.484820 0.484899 0.484898 0.484858 0.484727 0.484754 0.484718 0.484765 0.484754 0.484746 0.484765 0.484880 0.484904 0.484895 0.484844 0.484777 0.000000 0.000000
0.000000 0.000000 0.350000 0.350000 0.350000 0.350000 0.350000 0.350000 0.350000 0.350000 0.350000 0.350000 0.350000 0.350000 0.350000 0.350000 0.350000 0.350000 0.350000 0.000000 0.000000
0.000000 0.000000 0.000000 0.000000 0.000000 0.000000 0.000000 0.000000 0.000000 0.000000 0.000000 0.000000 0.000000 0.000000 0.000000 0.000000 0.000000 0.000000 0.000000 0.000000 0.000000