geotop/1.0zi/1.0Montebello/Templates/testdem/maps/_Eocclay2511.asc
ncols         21
nrows         20
xllcorner     100.000000
yllcorner     100.000000
cellsize      50.000000
NODATA_value  -9999.0
0.000000 0.000000 0.000000 0.000000 0.000000 0.000000 0.000000 0.000000 0.000000 0.000000 0.000000 0.000000 0.000000 0.000000 0.000000 0.000000 0.000000 0.000000 0.000000 0.000000 0.000000
0.000000 0.000000 0.349866 0.349866 0.349866 0.349866 0.349866 0.349866 0.349866 0.349866 0.349866 0.349866 0.349866 0.349866 0.349866 0.349866 0.349866 0.349866 0.349866 0.000000 0.000000
0.000000 0.000000 0.349990 0.349990 0.349989 0.349990 0.349990 0.349990 0.349990 0.349990 0.349990 0.349990 0.349990 0.349990 0.349990 0.349990 0.349989 0.349990 0.349990 0.000000 0.000000
0.000000 0.000000 0.350779 0.350779 0.350777 0.350778 0.350779 0.350779 0.350779 0.350779 0.350779 0.350779 0.350779 0.350779 0.350779 0.350778 0.350777 0.350779 0.350779 0.000000 0.000000
0.000000 0.000000 0.354403 0.354402 0.354400 0.354400 0.354404 0.354402 0.354402 0.354404 0.354404 0.354404 0.354402 0.354402 0.354404 0.354400 0.354400 0.354402 0.354403 0.000000 0.000000
0.000000 0.000000 0.358556 0.358556 0.358554 0.358554 0.358557 0.358556 0.358556 0.358557 0.358557 0.358557 0.358556 0.358556 0.358557 0.358554 0.358554 0.358556 0.358556 0.000000 0.000000
0.000000 0.000000 0.362501 0.362500 0.362499 0.362499 0.362501 0.362500 0.362501 0.362501 0.362502 0.362501 0.362501 0.362500 0.362501 0.362499 0.362499 0.362500 0.362501 0.000000 0.000000
0.000000 0.000000 0.366125 0.366124 0.366123 0.366123 0.366125 0.366124 0.366125 0.366125 0.366126 0.366125 0.366125 0.366124 0.366125 0.366123 0.366123 0.366124 0.366125 0.000000 0.000000
0.000000 0.000000 0.369505 0.369505 0.369504 0.369504 0.369506 0.369505 0.369505 0.369506 0.369506 0.369506 0.369505 0.369505 0.369506 0.369504 0.369504 0.369505 0.369505 0.000000 0.000000
0.000000 0.000000 0.372719 0.372719 0.372718 0.372718 0.372720 0.372719 0.372719 0.372720 0.372720 0.372720 0.372719 0.372719 0.372720 0.372718 0.372718 0.372719 0.372719 0.000000 0.000000
0.000000 0.000000 0.375803 0.375803 0.375802 0.375802 0.375804 0.375803 0.375803 0.375804 0.375804 0.375804 0.375803 0.375803 0.375804 0.375802 0.375802 0.375803 0.375803 0.000000 0.000000
0.000000 0.000000 0.378786 0.378786 0.378784 0.378785 0.378786 0.378786 0.378786 0.378786 0.378787 0.378786 0.378786 0.378786 0.378786 0.378785 0.378784 0.378786 0.378786 0.000000 0.000000
0.000000 0.000000 0.381688 0.381687 0.381686 0.381687 0.381688 0.381687 0.381687 0.381688 0.381688 0.381688 0.381687 0.381687 0.381688 0.381687 0.381686 0.381687 0.381688 0.000000 0.000000
0.000000 0.000000 0.384523 0.384523 0.384522 0.384522 0.384523 0.384523 0.384523 0.384523 0.384524 0.384523 0.384523 0.384523 0.384523 0.384522 0.384522 0.384523 0.384523 0.000000 0.000000
0.000000 0.000000 0.387302 0.387302 0.387301 0.387301 0.387303 0.387302 0.387302 0.387303 0.387303 0.387303 0.387302 0.387302 0.387303 0.387301 0.387301 0.387302 0.387302 0.000000 0.000000
0.000000 0.000000 0.390030 0.390030 0.390029 0.390029 0.390031 0.390030 0.390030 0.390031 0.390031 0.390031 0.390030 0.390030 0.390031 0.390029 0.390029 0.390030 0.390030 0.000000 0.000000
0.000000 0.000000 0.392710 0.392709 0.392708 0.392709 0.392710 0.392709 0.392709 0.392710 0.392710 0.392710 0.392709 0.392709 0.392710 0.392709 0.392708 0.392709 0.392710 0.000000 0.000000
0.000000 0.000000 0.395382 0.395382 0.395381 0.395381 0.395382 0.395382 0.395382 0.395382 0.395383 0.395382 0.395382 0.395382 0.395382 0.395381 0.395381 0.395382 0.395382 0.000000 0.000000
0.000000 0.000000 0.350000 0.350000 0.350000 0.350000 0.350000 0.350000 0.350000 0.350000 0.350000 0.350000 0.350000 0.350000 0.350000 0.350000 0.350000 0.350000 0.350000 0.000000 0.000000
0.000000 0.000000 0.000000 0.000000 0.000000 0.000000 0.000000 0.000000 0.000000 0.000000 0.000000 0.000000 0.000000 0.000000 0.000000 0.000000 0.000000 0.000000 0.000000 0.000000 0.000000