geotop/1.0zi/1.0Montebello/Templates/testdem/maps/_Eocsand5892.asc
ncols         21
nrows         20
xllcorner     100.000000
yllcorner     100.000000
cellsize      50.000000
NODATA_value  -9999.0
0.000000 0.000000 0.000000 0.000000 0.000000 0.000000 0.000000 0.000000 0.000000 0.000000 0.000000 0.000000 0.000000 0.000000 0.000000 0.000000 0.000000 0.000000 0.000000 0.000000 0.000000
0.000000 0.000000 0.300146 0.300146 0.300145 0.300145 0.300145 0.300145 0.300145 0.300145 0.300145 0.300145 0.300145 0.300145 0.300145 0.300145 0.300145 0.300146 0.300146 0.000000 0.000000
0.000000 0.000000 0.300009 0.300008 0.300008 0.300008 0.300008 0.300008 0.300008 0.300008 0.300008 0.300008 0.300007 0.300007 0.300008 0.300008 0.300009 0.300010 0.300009 0.000000 0.000000
0.000000 0.000000 0.299968 0.299967 0.299970 0.299974 0.299971 0.299973 0.299971 0.299973 0.299972 0.299974 0.299973 0.299975 0.299970 0.299965 0.299966 0.299964 0.299966 0.000000 0.000000
0.000000 0.000000 0.298978 0.298976 0.298978 0.298986 0.299000 0.299009 0.299009 0.299009 0.299012 0.299011 0.299014 0.299011 0.299002 0.299000 0.298995 0.298984 0.298977 0.000000 0.000000
0.000000 0.000000 0.295788 0.295785 0.295797 0.295830 0.295848 0.295883 0.295884 0.295893 0.295885 0.295883 0.295879 0.295883 0.295871 0.295851 0.295835 0.295819 0.295810 0.000000 0.000000
0.000000 0.000000 0.291017 0.291022 0.291032 0.291068 0.291110 0.291161 0.291160 0.291167 0.291163 0.291160 0.291163 0.291161 0.291124 0.291083 0.291065 0.291046 0.291033 0.000000 0.000000
0.000000 0.000000 0.285211 0.285211 0.285216 0.285254 0.285296 0.285351 0.285350 0.285356 0.285356 0.285357 0.285360 0.285353 0.285310 0.285271 0.285241 0.285232 0.285213 0.000000 0.000000
0.000000 0.000000 0.279205 0.279213 0.279229 0.279252 0.279294 0.279353 0.279349 0.279360 0.279365 0.279362 0.279362 0.279366 0.279312 0.279270 0.279242 0.279233 0.279216 0.000000 0.000000
0.000000 0.000000 0.273136 0.273147 0.273154 0.273171 0.273230 0.273282 0.273278 0.273285 0.273292 0.273284 0.273278 0.273284 0.273241 0.273192 0.273164 0.273158 0.273147 0.000000 0.000000
0.000000 0.000000 0.266856 0.266862 0.266866 0.266909 0.266949 0.267007 0.266995 0.267023 0.267022 0.267019 0.267026 0.267012 0.266977 0.266945 0.266913 0.266895 0.266870 0.000000 0.000000
0.000000 0.000000 0.260245 0.260259 0.260278 0.260308 0.260344 0.260414 0.260411 0.260427 0.260410 0.260427 0.260424 0.260419 0.260356 0.260326 0.260303 0.260294 0.260228 0.000000 0.000000
0.000000 0.000000 0.253436 0.253449 0.253456 0.253492 0.253524 0.253667 0.253667 0.253680 0.253710 0.253693 0.253682 0.253672 0.253567 0.253538 0.253487 0.253482 0.253436 0.000000 0.000000
0.000000 0.000000 0.246016 0.246025 0.246045 0.246068 0.246209 0.246242 0.246274 0.246276 0.246286 0.246281 0.246280 0.246286 0.246269 0.246128 0.246086 0.246050 0.246003 0.000000 0.000000
0.000000 0.000000 0.237815 0.237826 0.237859 0.238006 0.238050 0.238133 0.238187 0.238196 0.238223 0.238238 0.238221 0.238234 0.238170 0.238104 0.237895 0.237913 0.237885 0.000000 0.000000
0.000000 0.000000 0.229112 0.229123 0.229318 0.229348 0.229359 0.229411 0.229371 0.229394 0.229376 0.229397 0.229420 0.229381 0.229349 0.229329 0.229351 0.229102 0.229097 0.000000 0.000000
0.000000 0.000000 0.219090 0.219357 0.219443 0.219520 0.219648 0.219711 0.219735 0.219737 0.219795 0.219802 0.219777 0.219789 0.219716 0.219619 0.219466 0.219419 0.219149 0.000000 0.000000
0.000000 0.000000 0.211889 0.211864 0.211626 0.211689 0.211783 0.212030 0.212034 0.212090 0.212050 0.212065 0.212049 0.212043 0.211817 0.211747 0.211590 0.211836 0.211846 0.000000 0.000000
0.000000 0.000000 0.300000 0.300000 0.300000 0.300000 0.300000 0.300000 0.300000 0.300000 0.300000 0.300000 0.300000 0.300000 0.300000 0.300000 0.300000 0.300000 0.300000 0.000000 0.000000
0.000000 0.000000 0.000000 0.000000 0.000000 0.000000 0.000000 0.000000 0.000000 0.000000 0.000000 0.000000 0.000000 0.000000 0.000000 0.000000 0.000000 0.000000 0.000000 0.000000 0.000000