geotop/1.0zi/1.0Montebello/Templates/testdem/maps/_Eocclay2903.asc
ncols         21
nrows         20
xllcorner     100.000000
yllcorner     100.000000
cellsize      50.000000
NODATA_value  -9999.0
0.000000 0.000000 0.000000 0.000000 0.000000 0.000000 0.000000 0.000000 0.000000 0.000000 0.000000 0.000000 0.000000 0.000000 0.000000 0.000000 0.000000 0.000000 0.000000 0.000000 0.000000
0.000000 0.000000 0.349841 0.349841 0.349841 0.349841 0.349841 0.349841 0.349841 0.349841 0.349841 0.349841 0.349841 0.349841 0.349841 0.349841 0.349841 0.349841 0.349841 0.000000 0.000000
0.000000 0.000000 0.349993 0.349993 0.349992 0.349993 0.349993 0.349993 0.349993 0.349993 0.349993 0.349993 0.349993 0.349993 0.349993 0.349993 0.349992 0.349993 0.349993 0.000000 0.000000
0.000000 0.000000 0.350980 0.350980 0.350978 0.350979 0.350980 0.350980 0.350980 0.350980 0.350980 0.350980 0.350980 0.350980 0.350980 0.350979 0.350978 0.350980 0.350980 0.000000 0.000000
0.000000 0.000000 0.355315 0.355314 0.355312 0.355312 0.355316 0.355315 0.355315 0.355316 0.355317 0.355316 0.355315 0.355315 0.355316 0.355312 0.355312 0.355314 0.355315 0.000000 0.000000
0.000000 0.000000 0.360240 0.360239 0.360237 0.360238 0.360240 0.360239 0.360239 0.360240 0.360241 0.360240 0.360239 0.360239 0.360240 0.360238 0.360237 0.360239 0.360240 0.000000 0.000000
0.000000 0.000000 0.364883 0.364883 0.364882 0.364882 0.364884 0.364883 0.364883 0.364884 0.364885 0.364884 0.364883 0.364883 0.364884 0.364882 0.364882 0.364883 0.364883 0.000000 0.000000
0.000000 0.000000 0.369126 0.369126 0.369125 0.369125 0.369127 0.369126 0.369126 0.369127 0.369127 0.369127 0.369126 0.369126 0.369127 0.369125 0.369125 0.369126 0.369126 0.000000 0.000000
0.000000 0.000000 0.373065 0.373065 0.373064 0.373064 0.373066 0.373065 0.373065 0.373066 0.373066 0.373066 0.373065 0.373065 0.373066 0.373064 0.373064 0.373065 0.373065 0.000000 0.000000
0.000000 0.000000 0.376791 0.376791 0.376790 0.376790 0.376792 0.376791 0.376791 0.376792 0.376792 0.376792 0.376791 0.376791 0.376792 0.376790 0.376790 0.376791 0.376791 0.000000 0.000000
0.000000 0.000000 0.380349 0.380348 0.380347 0.380348 0.380349 0.380348 0.380348 0.380349 0.380349 0.380349 0.380348 0.380348 0.380349 0.380348 0.380347 0.380348 0.380349 0.000000 0.000000
0.000000 0.000000 0.383772 0.383771 0.383770 0.383771 0.383772 0.383771 0.383772 0.383772 0.383772 0.383772 0.383772 0.383771 0.383772 0.383771 0.383770 0.383771 0.383772 0.000000 0.000000
0.000000 0.000000 0.387086 0.387085 0.387084 0.387085 0.387086 0.387085 0.387085 0.387086 0.387086 0.387086 0.387085 0.387085 0.387086 0.387085 0.387084 0.387085 0.387086 0.000000 0.000000
0.000000 0.000000 0.390312 0.390312 0.390311 0.390311 0.390312 0.390312 0.390312 0.390312 0.390313 0.390312 0.390312 0.390312 0.390312 0.390311 0.390311 0.390312 0.390312 0.000000 0.000000
0.000000 0.000000 0.393460 0.393460 0.393459 0.393459 0.393460 0.393460 0.393460 0.393461 0.393461 0.393461 0.393460 0.393460 0.393460 0.393459 0.393459 0.393460 0.393460 0.000000 0.000000
0.000000 0.000000 0.396536 0.396536 0.396535 0.396535 0.396536 0.396536 0.396536 0.396536 0.396537 0.396536 0.396536 0.396536 0.396536 0.396535 0.396535 0.396536 0.396536 0.000000 0.000000
0.000000 0.000000 0.399543 0.399542 0.399541 0.399542 0.399543 0.399542 0.399543 0.399543 0.399543 0.399543 0.399543 0.399542 0.399543 0.399542 0.399541 0.399542 0.399543 0.000000 0.000000
0.000000 0.000000 0.402533 0.402533 0.402532 0.402533 0.402534 0.402533 0.402533 0.402534 0.402534 0.402534 0.402533 0.402533 0.402534 0.402533 0.402532 0.402533 0.402534 0.000000 0.000000
0.000000 0.000000 0.350000 0.350000 0.350000 0.350000 0.350000 0.350000 0.350000 0.350000 0.350000 0.350000 0.350000 0.350000 0.350000 0.350000 0.350000 0.350000 0.350000 0.000000 0.000000
0.000000 0.000000 0.000000 0.000000 0.000000 0.000000 0.000000 0.000000 0.000000 0.000000 0.000000 0.000000 0.000000 0.000000 0.000000 0.000000 0.000000 0.000000 0.000000 0.000000 0.000000