geotop/1.0zi/1.0Montebello/Templates/testdem/maps/_Eocclay8562.asc
ncols         21
nrows         20
xllcorner     100.000000
yllcorner     100.000000
cellsize      50.000000
NODATA_value  -9999.0
0.000000 0.000000 0.000000 0.000000 0.000000 0.000000 0.000000 0.000000 0.000000 0.000000 0.000000 0.000000 0.000000 0.000000 0.000000 0.000000 0.000000 0.000000 0.000000 0.000000 0.000000
0.000000 0.000000 0.349607 0.349609 0.349609 0.349608 0.349610 0.349610 0.349610 0.349610 0.349609 0.349610 0.349610 0.349610 0.349610 0.349610 0.349608 0.349608 0.349609 0.000000 0.000000
0.000000 0.000000 0.349982 0.349981 0.349981 0.349984 0.349981 0.349981 0.349981 0.349981 0.349981 0.349981 0.349981 0.349981 0.349982 0.349982 0.349983 0.349982 0.349980 0.000000 0.000000
0.000000 0.000000 0.350004 0.350009 0.350007 0.350004 0.350008 0.350005 0.350007 0.350004 0.350007 0.350005 0.350005 0.350004 0.350006 0.350007 0.350006 0.350009 0.350006 0.000000 0.000000
0.000000 0.000000 0.351050 0.351043 0.351040 0.351034 0.351016 0.351015 0.351012 0.351013 0.351011 0.351013 0.351011 0.351014 0.351023 0.351025 0.351035 0.351038 0.351047 0.000000 0.000000
0.000000 0.000000 0.354148 0.354145 0.354128 0.354097 0.354079 0.354054 0.354057 0.354049 0.354054 0.354054 0.354060 0.354058 0.354070 0.354091 0.354106 0.354119 0.354125 0.000000 0.000000
0.000000 0.000000 0.358382 0.358375 0.358366 0.358340 0.358305 0.358264 0.358263 0.358257 0.358258 0.358260 0.358261 0.358261 0.358298 0.358328 0.358345 0.358358 0.358366 0.000000 0.000000
0.000000 0.000000 0.363401 0.363395 0.363387 0.363354 0.363322 0.363276 0.363276 0.363270 0.363270 0.363268 0.363266 0.363275 0.363313 0.363340 0.363367 0.363376 0.363390 0.000000 0.000000
0.000000 0.000000 0.368775 0.368765 0.368750 0.368729 0.368692 0.368646 0.368649 0.368639 0.368637 0.368635 0.368636 0.368635 0.368681 0.368716 0.368738 0.368748 0.368759 0.000000 0.000000
0.000000 0.000000 0.374530 0.374517 0.374509 0.374488 0.374434 0.374392 0.374392 0.374387 0.374380 0.374385 0.374392 0.374389 0.374428 0.374471 0.374497 0.374506 0.374514 0.000000 0.000000
0.000000 0.000000 0.380873 0.380865 0.380855 0.380806 0.380771 0.380717 0.380731 0.380700 0.380707 0.380704 0.380695 0.380713 0.380751 0.380776 0.380811 0.380829 0.380853 0.000000 0.000000
0.000000 0.000000 0.387993 0.387970 0.387949 0.387922 0.387875 0.387813 0.387807 0.387802 0.387816 0.387793 0.387803 0.387803 0.387871 0.387907 0.387929 0.387943 0.388000 0.000000 0.000000
0.000000 0.000000 0.395792 0.395768 0.395766 0.395716 0.395680 0.395503 0.395499 0.395491 0.395441 0.395471 0.395479 0.395495 0.395632 0.395664 0.395733 0.395738 0.395765 0.000000 0.000000
0.000000 0.000000 0.405091 0.405084 0.405046 0.405013 0.404781 0.404811 0.404765 0.404766 0.404785 0.404767 0.404763 0.404745 0.404717 0.404960 0.404991 0.405055 0.405097 0.000000 0.000000
0.000000 0.000000 0.416178 0.416152 0.416105 0.415804 0.415848 0.415695 0.415630 0.415615 0.415561 0.415530 0.415564 0.415557 0.415708 0.415677 0.416075 0.416006 0.416009 0.000000 0.000000
0.000000 0.000000 0.428295 0.428273 0.427837 0.427985 0.427942 0.427915 0.428088 0.428037 0.428130 0.428103 0.428029 0.428136 0.428131 0.428161 0.427798 0.428442 0.428432 0.000000 0.000000
0.000000 0.000000 0.443123 0.442452 0.442637 0.442365 0.442030 0.441929 0.441728 0.441775 0.441566 0.441590 0.441712 0.441587 0.441763 0.442010 0.442613 0.442181 0.442878 0.000000 0.000000
0.000000 0.000000 0.447602 0.448244 0.448774 0.448786 0.448834 0.448316 0.448417 0.448262 0.448526 0.448475 0.448430 0.448520 0.448947 0.448911 0.448873 0.448479 0.447845 0.000000 0.000000
0.000000 0.000000 0.350000 0.350000 0.350000 0.350000 0.350000 0.350000 0.350000 0.350000 0.350000 0.350000 0.350000 0.350000 0.350000 0.350000 0.350000 0.350000 0.350000 0.000000 0.000000
0.000000 0.000000 0.000000 0.000000 0.000000 0.000000 0.000000 0.000000 0.000000 0.000000 0.000000 0.000000 0.000000 0.000000 0.000000 0.000000 0.000000 0.000000 0.000000 0.000000 0.000000