geotop/1.0zi/1.0Montebello/Templates/testdem/maps/_Eocsand2159.asc
ncols         21
nrows         20
xllcorner     100.000000
yllcorner     100.000000
cellsize      50.000000
NODATA_value  -9999.0
0.000000 0.000000 0.000000 0.000000 0.000000 0.000000 0.000000 0.000000 0.000000 0.000000 0.000000 0.000000 0.000000 0.000000 0.000000 0.000000 0.000000 0.000000 0.000000 0.000000 0.000000
0.000000 0.000000 0.300065 0.300065 0.300065 0.300065 0.300065 0.300065 0.300065 0.300065 0.300065 0.300065 0.300065 0.300065 0.300065 0.300065 0.300065 0.300065 0.300065 0.000000 0.000000
0.000000 0.000000 0.300010 0.300010 0.300010 0.300010 0.300010 0.300010 0.300010 0.300010 0.300010 0.300010 0.300010 0.300010 0.300010 0.300010 0.300010 0.300010 0.300010 0.000000 0.000000
0.000000 0.000000 0.298638 0.298639 0.298643 0.298641 0.298638 0.298638 0.298639 0.298638 0.298638 0.298638 0.298639 0.298638 0.298638 0.298641 0.298643 0.298639 0.298638 0.000000 0.000000
0.000000 0.000000 0.292921 0.292922 0.292926 0.292926 0.292920 0.292921 0.292921 0.292919 0.292919 0.292919 0.292921 0.292921 0.292920 0.292926 0.292926 0.292922 0.292921 0.000000 0.000000
0.000000 0.000000 0.285792 0.285793 0.285796 0.285796 0.285791 0.285792 0.285792 0.285790 0.285790 0.285790 0.285792 0.285792 0.285791 0.285796 0.285796 0.285793 0.285792 0.000000 0.000000
0.000000 0.000000 0.279137 0.279138 0.279140 0.279140 0.279136 0.279137 0.279137 0.279136 0.279135 0.279136 0.279137 0.279137 0.279136 0.279140 0.279140 0.279138 0.279137 0.000000 0.000000
0.000000 0.000000 0.273031 0.273031 0.273034 0.273033 0.273030 0.273031 0.273031 0.273030 0.273029 0.273030 0.273031 0.273031 0.273030 0.273033 0.273034 0.273031 0.273031 0.000000 0.000000
0.000000 0.000000 0.267323 0.267324 0.267326 0.267325 0.267322 0.267323 0.267323 0.267322 0.267322 0.267322 0.267323 0.267323 0.267322 0.267325 0.267326 0.267324 0.267323 0.000000 0.000000
0.000000 0.000000 0.261877 0.261877 0.261880 0.261879 0.261876 0.261877 0.261877 0.261876 0.261876 0.261876 0.261877 0.261877 0.261876 0.261879 0.261880 0.261877 0.261877 0.000000 0.000000
0.000000 0.000000 0.256630 0.256631 0.256633 0.256632 0.256630 0.256631 0.256630 0.256629 0.256629 0.256629 0.256630 0.256631 0.256630 0.256632 0.256633 0.256631 0.256630 0.000000 0.000000
0.000000 0.000000 0.251536 0.251537 0.251539 0.251538 0.251535 0.251536 0.251536 0.251535 0.251535 0.251535 0.251536 0.251536 0.251535 0.251538 0.251539 0.251537 0.251536 0.000000 0.000000
0.000000 0.000000 0.246559 0.246559 0.246562 0.246561 0.246558 0.246559 0.246559 0.246558 0.246557 0.246558 0.246559 0.246559 0.246558 0.246561 0.246562 0.246559 0.246559 0.000000 0.000000
0.000000 0.000000 0.241685 0.241686 0.241688 0.241687 0.241685 0.241686 0.241686 0.241685 0.241684 0.241685 0.241686 0.241686 0.241685 0.241687 0.241688 0.241686 0.241685 0.000000 0.000000
0.000000 0.000000 0.236896 0.236897 0.236899 0.236898 0.236896 0.236897 0.236897 0.236896 0.236895 0.236896 0.236897 0.236897 0.236896 0.236898 0.236899 0.236897 0.236896 0.000000 0.000000
0.000000 0.000000 0.232182 0.232183 0.232185 0.232184 0.232182 0.232183 0.232183 0.232182 0.232181 0.232182 0.232183 0.232183 0.232182 0.232184 0.232185 0.232183 0.232182 0.000000 0.000000
0.000000 0.000000 0.227541 0.227542 0.227544 0.227543 0.227541 0.227542 0.227541 0.227540 0.227540 0.227540 0.227541 0.227542 0.227541 0.227543 0.227544 0.227542 0.227541 0.000000 0.000000
0.000000 0.000000 0.222910 0.222910 0.222912 0.222911 0.222909 0.222910 0.222909 0.222908 0.222908 0.222908 0.222909 0.222910 0.222909 0.222911 0.222912 0.222910 0.222909 0.000000 0.000000
0.000000 0.000000 0.300000 0.300000 0.300000 0.300000 0.300000 0.300000 0.300000 0.300000 0.300000 0.300000 0.300000 0.300000 0.300000 0.300000 0.300000 0.300000 0.300000 0.000000 0.000000
0.000000 0.000000 0.000000 0.000000 0.000000 0.000000 0.000000 0.000000 0.000000 0.000000 0.000000 0.000000 0.000000 0.000000 0.000000 0.000000 0.000000 0.000000 0.000000 0.000000 0.000000