geotop/1.0zi/1.0Montebello/Templates/testdem/maps/_Eocsand7618.asc
ncols         21
nrows         20
xllcorner     100.000000
yllcorner     100.000000
cellsize      50.000000
NODATA_value  -9999.0
0.000000 0.000000 0.000000 0.000000 0.000000 0.000000 0.000000 0.000000 0.000000 0.000000 0.000000 0.000000 0.000000 0.000000 0.000000 0.000000 0.000000 0.000000 0.000000 0.000000 0.000000
0.000000 0.000000 0.300195 0.300193 0.300193 0.300194 0.300193 0.300192 0.300193 0.300193 0.300194 0.300193 0.300193 0.300193 0.300193 0.300193 0.300194 0.300194 0.300194 0.000000 0.000000
0.000000 0.000000 0.300010 0.300011 0.300011 0.300010 0.300010 0.300011 0.300011 0.300011 0.300011 0.300011 0.300010 0.300011 0.300010 0.300011 0.300011 0.300012 0.300013 0.000000 0.000000
0.000000 0.000000 0.299894 0.299893 0.299898 0.299905 0.299901 0.299909 0.299904 0.299906 0.299907 0.299906 0.299906 0.299908 0.299903 0.299898 0.299896 0.299893 0.299893 0.000000 0.000000
0.000000 0.000000 0.298076 0.298072 0.298081 0.298097 0.298118 0.298127 0.298133 0.298132 0.298135 0.298134 0.298138 0.298132 0.298109 0.298103 0.298092 0.298081 0.298072 0.000000 0.000000
0.000000 0.000000 0.293050 0.293051 0.293072 0.293114 0.293145 0.293190 0.293190 0.293202 0.293195 0.293195 0.293191 0.293191 0.293169 0.293138 0.293112 0.293089 0.293078 0.000000 0.000000
0.000000 0.000000 0.285969 0.285976 0.285994 0.286042 0.286101 0.286170 0.286171 0.286180 0.286178 0.286178 0.286181 0.286175 0.286115 0.286062 0.286030 0.286002 0.285987 0.000000 0.000000
0.000000 0.000000 0.277540 0.277544 0.277557 0.277611 0.277668 0.277743 0.277744 0.277752 0.277754 0.277759 0.277763 0.277749 0.277684 0.277633 0.277584 0.277568 0.277545 0.000000 0.000000
0.000000 0.000000 0.268607 0.268621 0.268648 0.268682 0.268743 0.268824 0.268820 0.268837 0.268843 0.268846 0.268844 0.268846 0.268766 0.268702 0.268663 0.268643 0.268624 0.000000 0.000000
0.000000 0.000000 0.259265 0.259282 0.259295 0.259329 0.259416 0.259488 0.259487 0.259496 0.259509 0.259502 0.259492 0.259496 0.259429 0.259356 0.259311 0.259295 0.259281 0.000000 0.000000
0.000000 0.000000 0.249244 0.249255 0.249270 0.249342 0.249403 0.249486 0.249469 0.249513 0.249509 0.249510 0.249526 0.249496 0.249436 0.249391 0.249334 0.249303 0.249265 0.000000 0.000000
0.000000 0.000000 0.238267 0.238295 0.238328 0.238375 0.238441 0.238546 0.238550 0.238565 0.238542 0.238576 0.238568 0.238560 0.238453 0.238399 0.238360 0.238337 0.238243 0.000000 0.000000
0.000000 0.000000 0.226542 0.226571 0.226584 0.226648 0.226706 0.226964 0.226968 0.226984 0.227050 0.227017 0.227002 0.226978 0.226779 0.226725 0.226627 0.226614 0.226562 0.000000 0.000000
0.000000 0.000000 0.213045 0.213055 0.213105 0.213151 0.213458 0.213459 0.213523 0.213523 0.213514 0.213526 0.213535 0.213546 0.213555 0.213237 0.213175 0.213090 0.213024 0.000000 0.000000
0.000000 0.000000 0.197364 0.197390 0.197455 0.197828 0.197832 0.198016 0.198111 0.198131 0.198193 0.198240 0.198200 0.198210 0.198031 0.198001 0.197503 0.197566 0.197547 0.000000 0.000000
0.000000 0.000000 0.180173 0.180199 0.180731 0.180641 0.180674 0.180749 0.180568 0.180633 0.180542 0.180587 0.180669 0.180537 0.180500 0.180472 0.180777 0.180033 0.180043 0.000000 0.000000
0.000000 0.000000 0.158874 0.159712 0.159641 0.159927 0.160347 0.160474 0.160662 0.160620 0.160853 0.160838 0.160714 0.160826 0.160616 0.160306 0.159672 0.159974 0.159109 0.000000 0.000000
0.000000 0.000000 0.148797 0.148130 0.147356 0.147403 0.147436 0.148163 0.148084 0.148282 0.147993 0.148057 0.148084 0.147992 0.147365 0.147343 0.147215 0.147874 0.148516 0.000000 0.000000
0.000000 0.000000 0.300000 0.300000 0.300000 0.300000 0.300000 0.300000 0.300000 0.300000 0.300000 0.300000 0.300000 0.300000 0.300000 0.300000 0.300000 0.300000 0.300000 0.000000 0.000000
0.000000 0.000000 0.000000 0.000000 0.000000 0.000000 0.000000 0.000000 0.000000 0.000000 0.000000 0.000000 0.000000 0.000000 0.000000 0.000000 0.000000 0.000000 0.000000 0.000000 0.000000