geotop/1.0zi/1.0Montebello/Templates/testdem/maps/_Eocsilt5910.asc
ncols         21
nrows         20
xllcorner     100.000000
yllcorner     100.000000
cellsize      50.000000
NODATA_value  -9999.0
0.000000 0.000000 0.000000 0.000000 0.000000 0.000000 0.000000 0.000000 0.000000 0.000000 0.000000 0.000000 0.000000 0.000000 0.000000 0.000000 0.000000 0.000000 0.000000 0.000000 0.000000
0.000000 0.000000 0.350118 0.350118 0.350118 0.350118 0.350118 0.350118 0.350118 0.350118 0.350118 0.350118 0.350118 0.350118 0.350118 0.350118 0.350118 0.350118 0.350118 0.000000 0.000000
0.000000 0.000000 0.350002 0.350002 0.350002 0.350003 0.350003 0.350003 0.350003 0.350003 0.350003 0.350003 0.350003 0.350003 0.350003 0.350002 0.350001 0.350001 0.350002 0.000000 0.000000
0.000000 0.000000 0.350048 0.350047 0.350046 0.350041 0.350042 0.350040 0.350042 0.350042 0.350041 0.350040 0.350041 0.350041 0.350043 0.350046 0.350047 0.350049 0.350048 0.000000 0.000000
0.000000 0.000000 0.350531 0.350534 0.350533 0.350529 0.350526 0.350521 0.350520 0.350518 0.350516 0.350517 0.350519 0.350520 0.350526 0.350528 0.350527 0.350536 0.350539 0.000000 0.000000
0.000000 0.000000 0.352077 0.352080 0.352074 0.352060 0.352049 0.352031 0.352030 0.352025 0.352030 0.352032 0.352033 0.352029 0.352036 0.352043 0.352053 0.352057 0.352063 0.000000 0.000000
0.000000 0.000000 0.354433 0.354431 0.354425 0.354406 0.354384 0.354361 0.354362 0.354360 0.354362 0.354362 0.354359 0.354363 0.354380 0.354399 0.354407 0.354417 0.354423 0.000000 0.000000
0.000000 0.000000 0.357303 0.357303 0.357302 0.357283 0.357262 0.357236 0.357237 0.357234 0.357234 0.357233 0.357232 0.357234 0.357255 0.357275 0.357291 0.357294 0.357303 0.000000 0.000000
0.000000 0.000000 0.360319 0.360313 0.360305 0.360293 0.360272 0.360242 0.360244 0.360238 0.360236 0.360237 0.360238 0.360235 0.360263 0.360284 0.360299 0.360304 0.360313 0.000000 0.000000
0.000000 0.000000 0.363351 0.363346 0.363342 0.363334 0.363305 0.363279 0.363281 0.363278 0.363274 0.363278 0.363281 0.363278 0.363299 0.363323 0.363338 0.363340 0.363346 0.000000 0.000000
0.000000 0.000000 0.366472 0.366469 0.366468 0.366445 0.366426 0.366397 0.366403 0.366389 0.366390 0.366391 0.366388 0.366395 0.366412 0.366428 0.366444 0.366453 0.366466 0.000000 0.000000
0.000000 0.000000 0.369761 0.369753 0.369744 0.369729 0.369711 0.369676 0.369678 0.369670 0.369678 0.369670 0.369672 0.369674 0.369706 0.369721 0.369732 0.369737 0.369769 0.000000 0.000000
0.000000 0.000000 0.373143 0.373136 0.373133 0.373115 0.373099 0.373028 0.373028 0.373022 0.373007 0.373015 0.373020 0.373026 0.373078 0.373092 0.373117 0.373120 0.373143 0.000000 0.000000
0.000000 0.000000 0.376828 0.376824 0.376814 0.376802 0.376733 0.376716 0.376700 0.376700 0.376695 0.376697 0.376697 0.376695 0.376703 0.376773 0.376794 0.376812 0.376835 0.000000 0.000000
0.000000 0.000000 0.380900 0.380894 0.380878 0.380805 0.380784 0.380742 0.380716 0.380711 0.380698 0.380690 0.380699 0.380693 0.380724 0.380757 0.380860 0.380852 0.380866 0.000000 0.000000
0.000000 0.000000 0.385225 0.385220 0.385123 0.385108 0.385103 0.385077 0.385097 0.385085 0.385094 0.385084 0.385072 0.385092 0.385108 0.385117 0.385107 0.385230 0.385233 0.000000 0.000000
0.000000 0.000000 0.390200 0.390068 0.390025 0.389987 0.389924 0.389893 0.389881 0.389880 0.389851 0.389847 0.389860 0.389854 0.389890 0.389938 0.390014 0.390037 0.390171 0.000000 0.000000
0.000000 0.000000 0.393774 0.393786 0.393904 0.393873 0.393826 0.393704 0.393703 0.393675 0.393695 0.393687 0.393695 0.393698 0.393810 0.393844 0.393922 0.393800 0.393795 0.000000 0.000000
0.000000 0.000000 0.350000 0.350000 0.350000 0.350000 0.350000 0.350000 0.350000 0.350000 0.350000 0.350000 0.350000 0.350000 0.350000 0.350000 0.350000 0.350000 0.350000 0.000000 0.000000
0.000000 0.000000 0.000000 0.000000 0.000000 0.000000 0.000000 0.000000 0.000000 0.000000 0.000000 0.000000 0.000000 0.000000 0.000000 0.000000 0.000000 0.000000 0.000000 0.000000 0.000000