geotop/1.0zi/1.0Montebello/Templates/testdem/maps/_Eocsilt0778.asc
ncols         21
nrows         20
xllcorner     100.000000
yllcorner     100.000000
cellsize      50.000000
NODATA_value  -9999.0
0.000000 0.000000 0.000000 0.000000 0.000000 0.000000 0.000000 0.000000 0.000000 0.000000 0.000000 0.000000 0.000000 0.000000 0.000000 0.000000 0.000000 0.000000 0.000000 0.000000 0.000000
0.000000 0.000000 0.350014 0.350014 0.350014 0.350014 0.350014 0.350014 0.350014 0.350014 0.350014 0.350014 0.350014 0.350014 0.350014 0.350014 0.350014 0.350014 0.350014 0.000000 0.000000
0.000000 0.000000 0.350000 0.350000 0.350000 0.350000 0.350000 0.350000 0.350000 0.350000 0.350000 0.350000 0.350000 0.350000 0.350000 0.350000 0.350000 0.350000 0.350000 0.000000 0.000000
0.000000 0.000000 0.350331 0.350330 0.350328 0.350329 0.350331 0.350331 0.350331 0.350331 0.350331 0.350331 0.350331 0.350331 0.350331 0.350329 0.350328 0.350330 0.350331 0.000000 0.000000
0.000000 0.000000 0.351429 0.351428 0.351426 0.351426 0.351429 0.351429 0.351428 0.351429 0.351429 0.351429 0.351428 0.351429 0.351429 0.351426 0.351426 0.351428 0.351429 0.000000 0.000000
0.000000 0.000000 0.352745 0.352744 0.352743 0.352742 0.352745 0.352745 0.352745 0.352745 0.352745 0.352745 0.352745 0.352745 0.352745 0.352742 0.352743 0.352744 0.352745 0.000000 0.000000
0.000000 0.000000 0.353962 0.353961 0.353960 0.353960 0.353962 0.353962 0.353962 0.353962 0.353962 0.353962 0.353962 0.353962 0.353962 0.353960 0.353960 0.353961 0.353962 0.000000 0.000000
0.000000 0.000000 0.355090 0.355090 0.355088 0.355088 0.355090 0.355090 0.355090 0.355090 0.355090 0.355090 0.355090 0.355090 0.355090 0.355088 0.355088 0.355090 0.355090 0.000000 0.000000
0.000000 0.000000 0.356155 0.356154 0.356153 0.356153 0.356154 0.356154 0.356154 0.356155 0.356155 0.356155 0.356154 0.356154 0.356154 0.356153 0.356153 0.356154 0.356155 0.000000 0.000000
0.000000 0.000000 0.357179 0.357178 0.357177 0.357177 0.357179 0.357179 0.357179 0.357179 0.357179 0.357179 0.357179 0.357179 0.357179 0.357177 0.357177 0.357178 0.357179 0.000000 0.000000
0.000000 0.000000 0.358172 0.358172 0.358171 0.358171 0.358172 0.358172 0.358172 0.358172 0.358172 0.358172 0.358172 0.358172 0.358172 0.358171 0.358171 0.358172 0.358172 0.000000 0.000000
0.000000 0.000000 0.359145 0.359145 0.359144 0.359144 0.359145 0.359145 0.359145 0.359145 0.359145 0.359145 0.359145 0.359145 0.359145 0.359144 0.359144 0.359145 0.359145 0.000000 0.000000
0.000000 0.000000 0.360102 0.360101 0.360100 0.360100 0.360101 0.360101 0.360101 0.360102 0.360102 0.360102 0.360101 0.360101 0.360101 0.360100 0.360100 0.360101 0.360102 0.000000 0.000000
0.000000 0.000000 0.361043 0.361043 0.361042 0.361042 0.361043 0.361043 0.361043 0.361043 0.361043 0.361043 0.361043 0.361043 0.361043 0.361042 0.361042 0.361043 0.361043 0.000000 0.000000
0.000000 0.000000 0.361976 0.361976 0.361974 0.361975 0.361976 0.361976 0.361976 0.361976 0.361976 0.361976 0.361976 0.361976 0.361976 0.361975 0.361974 0.361976 0.361976 0.000000 0.000000
0.000000 0.000000 0.362903 0.362902 0.362901 0.362901 0.362903 0.362903 0.362903 0.362903 0.362903 0.362903 0.362903 0.362903 0.362903 0.362901 0.362901 0.362902 0.362903 0.000000 0.000000
0.000000 0.000000 0.363821 0.363820 0.363819 0.363819 0.363821 0.363821 0.363821 0.363821 0.363821 0.363821 0.363821 0.363821 0.363821 0.363819 0.363819 0.363820 0.363821 0.000000 0.000000
0.000000 0.000000 0.364751 0.364750 0.364749 0.364749 0.364751 0.364751 0.364751 0.364751 0.364751 0.364751 0.364751 0.364751 0.364751 0.364749 0.364749 0.364750 0.364751 0.000000 0.000000
0.000000 0.000000 0.350000 0.350000 0.350000 0.350000 0.350000 0.350000 0.350000 0.350000 0.350000 0.350000 0.350000 0.350000 0.350000 0.350000 0.350000 0.350000 0.350000 0.000000 0.000000
0.000000 0.000000 0.000000 0.000000 0.000000 0.000000 0.000000 0.000000 0.000000 0.000000 0.000000 0.000000 0.000000 0.000000 0.000000 0.000000 0.000000 0.000000 0.000000 0.000000 0.000000