geotop/1.0zi/1.0Montebello/Templates/testdem/maps/_Eocsilt7317.asc
ncols         21
nrows         20
xllcorner     100.000000
yllcorner     100.000000
cellsize      50.000000
NODATA_value  -9999.0
0.000000 0.000000 0.000000 0.000000 0.000000 0.000000 0.000000 0.000000 0.000000 0.000000 0.000000 0.000000 0.000000 0.000000 0.000000 0.000000 0.000000 0.000000 0.000000 0.000000 0.000000
0.000000 0.000000 0.350150 0.350151 0.350151 0.350151 0.350151 0.350151 0.350151 0.350151 0.350151 0.350151 0.350151 0.350151 0.350151 0.350151 0.350151 0.350151 0.350150 0.000000 0.000000
0.000000 0.000000 0.350004 0.350003 0.350003 0.350003 0.350004 0.350003 0.350004 0.350004 0.350004 0.350004 0.350004 0.350004 0.350004 0.350003 0.350002 0.350002 0.350003 0.000000 0.000000
0.000000 0.000000 0.350081 0.350077 0.350076 0.350069 0.350071 0.350067 0.350070 0.350070 0.350067 0.350069 0.350069 0.350069 0.350071 0.350073 0.350077 0.350076 0.350077 0.000000 0.000000
0.000000 0.000000 0.350861 0.350867 0.350862 0.350852 0.350847 0.350840 0.350837 0.350836 0.350835 0.350836 0.350836 0.350838 0.350851 0.350855 0.350857 0.350867 0.350869 0.000000 0.000000
0.000000 0.000000 0.353127 0.353128 0.353118 0.353104 0.353086 0.353066 0.353065 0.353059 0.353063 0.353064 0.353065 0.353064 0.353075 0.353086 0.353097 0.353105 0.353110 0.000000 0.000000
0.000000 0.000000 0.356412 0.356409 0.356399 0.356375 0.356346 0.356315 0.356316 0.356313 0.356313 0.356312 0.356309 0.356314 0.356340 0.356364 0.356380 0.356394 0.356401 0.000000 0.000000
0.000000 0.000000 0.360334 0.360333 0.360328 0.360303 0.360275 0.360241 0.360241 0.360238 0.360236 0.360234 0.360232 0.360238 0.360267 0.360292 0.360316 0.360322 0.360333 0.000000 0.000000
0.000000 0.000000 0.364506 0.364499 0.364486 0.364469 0.364440 0.364402 0.364404 0.364396 0.364393 0.364391 0.364392 0.364391 0.364429 0.364460 0.364478 0.364488 0.364498 0.000000 0.000000
0.000000 0.000000 0.368824 0.368816 0.368809 0.368794 0.368754 0.368720 0.368721 0.368716 0.368710 0.368713 0.368718 0.368716 0.368747 0.368781 0.368802 0.368809 0.368816 0.000000 0.000000
0.000000 0.000000 0.373399 0.373394 0.373387 0.373353 0.373324 0.373287 0.373295 0.373275 0.373276 0.373276 0.373268 0.373282 0.373309 0.373331 0.373357 0.373371 0.373389 0.000000 0.000000
0.000000 0.000000 0.378372 0.378359 0.378344 0.378322 0.378292 0.378244 0.378243 0.378235 0.378246 0.378230 0.378234 0.378238 0.378286 0.378311 0.378329 0.378339 0.378383 0.000000 0.000000
0.000000 0.000000 0.383636 0.383623 0.383616 0.383588 0.383561 0.383447 0.383446 0.383438 0.383410 0.383423 0.383430 0.383441 0.383528 0.383553 0.383596 0.383602 0.383627 0.000000 0.000000
0.000000 0.000000 0.389617 0.389612 0.389590 0.389569 0.389438 0.389432 0.389404 0.389404 0.389405 0.389400 0.389397 0.389393 0.389393 0.389529 0.389558 0.389595 0.389625 0.000000 0.000000
0.000000 0.000000 0.396491 0.396480 0.396451 0.396295 0.396283 0.396207 0.396165 0.396157 0.396131 0.396110 0.396127 0.396122 0.396195 0.396219 0.396427 0.396404 0.396415 0.000000 0.000000
0.000000 0.000000 0.403986 0.403974 0.403756 0.403778 0.403764 0.403727 0.403796 0.403769 0.403803 0.403782 0.403751 0.403804 0.403825 0.403838 0.403735 0.404033 0.404030 0.000000 0.000000
0.000000 0.000000 0.413145 0.412809 0.412811 0.412701 0.412531 0.412478 0.412412 0.412425 0.412336 0.412339 0.412385 0.412347 0.412431 0.412557 0.412796 0.412711 0.413056 0.000000 0.000000
0.000000 0.000000 0.418052 0.418274 0.418586 0.418553 0.418517 0.418222 0.418244 0.418167 0.418269 0.418244 0.418240 0.418271 0.418531 0.418556 0.418641 0.418362 0.418151 0.000000 0.000000
0.000000 0.000000 0.350000 0.350000 0.350000 0.350000 0.350000 0.350000 0.350000 0.350000 0.350000 0.350000 0.350000 0.350000 0.350000 0.350000 0.350000 0.350000 0.350000 0.000000 0.000000
0.000000 0.000000 0.000000 0.000000 0.000000 0.000000 0.000000 0.000000 0.000000 0.000000 0.000000 0.000000 0.000000 0.000000 0.000000 0.000000 0.000000 0.000000 0.000000 0.000000 0.000000