geotop/1.0zi/1.0Montebello/Templates/testdem/maps/_Eocsilt7255.asc
ncols         21
nrows         20
xllcorner     100.000000
yllcorner     100.000000
cellsize      50.000000
NODATA_value  -9999.0
0.000000 0.000000 0.000000 0.000000 0.000000 0.000000 0.000000 0.000000 0.000000 0.000000 0.000000 0.000000 0.000000 0.000000 0.000000 0.000000 0.000000 0.000000 0.000000 0.000000 0.000000
0.000000 0.000000 0.350148 0.350148 0.350149 0.350149 0.350148 0.350149 0.350149 0.350149 0.350149 0.350148 0.350148 0.350148 0.350148 0.350148 0.350149 0.350149 0.350148 0.000000 0.000000
0.000000 0.000000 0.350004 0.350003 0.350003 0.350003 0.350004 0.350003 0.350004 0.350004 0.350004 0.350004 0.350004 0.350004 0.350004 0.350003 0.350002 0.350002 0.350003 0.000000 0.000000
0.000000 0.000000 0.350063 0.350059 0.350058 0.350052 0.350053 0.350050 0.350053 0.350053 0.350050 0.350052 0.350052 0.350052 0.350054 0.350056 0.350060 0.350061 0.350061 0.000000 0.000000
0.000000 0.000000 0.350805 0.350811 0.350807 0.350798 0.350793 0.350787 0.350785 0.350783 0.350783 0.350784 0.350784 0.350786 0.350797 0.350801 0.350800 0.350808 0.350813 0.000000 0.000000
0.000000 0.000000 0.352999 0.353001 0.352991 0.352977 0.352960 0.352940 0.352940 0.352934 0.352938 0.352939 0.352940 0.352939 0.352949 0.352959 0.352970 0.352977 0.352983 0.000000 0.000000
0.000000 0.000000 0.356210 0.356207 0.356196 0.356173 0.356145 0.356115 0.356117 0.356113 0.356114 0.356112 0.356109 0.356114 0.356139 0.356163 0.356177 0.356191 0.356199 0.000000 0.000000
0.000000 0.000000 0.360048 0.360047 0.360041 0.360018 0.359990 0.359957 0.359958 0.359954 0.359953 0.359950 0.359948 0.359954 0.359982 0.360007 0.360029 0.360035 0.360047 0.000000 0.000000
0.000000 0.000000 0.364127 0.364120 0.364107 0.364091 0.364063 0.364025 0.364027 0.364019 0.364017 0.364015 0.364016 0.364015 0.364051 0.364081 0.364099 0.364108 0.364119 0.000000 0.000000
0.000000 0.000000 0.368340 0.368332 0.368325 0.368311 0.368271 0.368238 0.368239 0.368234 0.368229 0.368232 0.368236 0.368234 0.368264 0.368298 0.368317 0.368324 0.368332 0.000000 0.000000
0.000000 0.000000 0.372792 0.372786 0.372779 0.372748 0.372721 0.372682 0.372691 0.372670 0.372673 0.372672 0.372665 0.372678 0.372704 0.372725 0.372750 0.372763 0.372781 0.000000 0.000000
0.000000 0.000000 0.377614 0.377601 0.377586 0.377566 0.377536 0.377489 0.377489 0.377481 0.377492 0.377476 0.377480 0.377484 0.377530 0.377554 0.377570 0.377580 0.377624 0.000000 0.000000
0.000000 0.000000 0.382710 0.382697 0.382690 0.382664 0.382638 0.382528 0.382527 0.382519 0.382493 0.382505 0.382512 0.382522 0.382606 0.382630 0.382670 0.382675 0.382702 0.000000 0.000000
0.000000 0.000000 0.388479 0.388473 0.388452 0.388433 0.388308 0.388298 0.388273 0.388272 0.388273 0.388269 0.388266 0.388262 0.388264 0.388393 0.388420 0.388455 0.388486 0.000000 0.000000
0.000000 0.000000 0.395089 0.395079 0.395050 0.394905 0.394890 0.394817 0.394778 0.394769 0.394745 0.394725 0.394741 0.394736 0.394804 0.394830 0.395026 0.395004 0.395017 0.000000 0.000000
0.000000 0.000000 0.402287 0.402276 0.402071 0.402087 0.402076 0.402037 0.402101 0.402074 0.402106 0.402085 0.402057 0.402106 0.402128 0.402140 0.402048 0.402325 0.402326 0.000000 0.000000
0.000000 0.000000 0.411046 0.410733 0.410725 0.410626 0.410468 0.410417 0.410360 0.410370 0.410290 0.410291 0.410332 0.410299 0.410376 0.410493 0.410709 0.410642 0.410964 0.000000 0.000000
0.000000 0.000000 0.415922 0.416114 0.416404 0.416370 0.416330 0.416051 0.416070 0.415998 0.416091 0.416067 0.416065 0.416092 0.416337 0.416365 0.416453 0.416188 0.416010 0.000000 0.000000
0.000000 0.000000 0.350000 0.350000 0.350000 0.350000 0.350000 0.350000 0.350000 0.350000 0.350000 0.350000 0.350000 0.350000 0.350000 0.350000 0.350000 0.350000 0.350000 0.000000 0.000000
0.000000 0.000000 0.000000 0.000000 0.000000 0.000000 0.000000 0.000000 0.000000 0.000000 0.000000 0.000000 0.000000 0.000000 0.000000 0.000000 0.000000 0.000000 0.000000 0.000000 0.000000