geotop/1.0zi/1.0Montebello/Templates/testdem/maps/_Eocsand9341.asc
ncols         21
nrows         20
xllcorner     100.000000
yllcorner     100.000000
cellsize      50.000000
NODATA_value  -9999.0
0.000000 0.000000 0.000000 0.000000 0.000000 0.000000 0.000000 0.000000 0.000000 0.000000 0.000000 0.000000 0.000000 0.000000 0.000000 0.000000 0.000000 0.000000 0.000000 0.000000 0.000000
0.000000 0.000000 0.300240 0.300238 0.300238 0.300238 0.300237 0.300237 0.300237 0.300237 0.300238 0.300237 0.300237 0.300237 0.300237 0.300237 0.300239 0.300238 0.300238 0.000000 0.000000
0.000000 0.000000 0.300012 0.300013 0.300013 0.300011 0.300013 0.300013 0.300013 0.300013 0.300013 0.300013 0.300012 0.300012 0.300012 0.300012 0.300013 0.300014 0.300014 0.000000 0.000000
0.000000 0.000000 0.299850 0.299850 0.299856 0.299864 0.299863 0.299867 0.299861 0.299862 0.299862 0.299861 0.299859 0.299861 0.299856 0.299851 0.299848 0.299847 0.299846 0.000000 0.000000
0.000000 0.000000 0.297391 0.297393 0.297410 0.297438 0.297465 0.297470 0.297472 0.297473 0.297474 0.297468 0.297463 0.297463 0.297440 0.297429 0.297415 0.297405 0.297393 0.000000 0.000000
0.000000 0.000000 0.290383 0.290394 0.290431 0.290484 0.290543 0.290594 0.290592 0.290604 0.290598 0.290597 0.290587 0.290589 0.290560 0.290511 0.290485 0.290465 0.290452 0.000000 0.000000
0.000000 0.000000 0.280701 0.280720 0.280751 0.280814 0.280892 0.280998 0.280990 0.280999 0.281001 0.280999 0.281000 0.280993 0.280912 0.280849 0.280810 0.280782 0.280765 0.000000 0.000000
0.000000 0.000000 0.269229 0.269250 0.269277 0.269352 0.269433 0.269528 0.269523 0.269534 0.269539 0.269543 0.269546 0.269527 0.269451 0.269382 0.269319 0.269306 0.269276 0.000000 0.000000
0.000000 0.000000 0.256728 0.256758 0.256799 0.256853 0.256946 0.257058 0.257045 0.257067 0.257077 0.257080 0.257074 0.257076 0.256969 0.256888 0.256839 0.256819 0.256792 0.000000 0.000000
0.000000 0.000000 0.243086 0.243124 0.243155 0.243214 0.243340 0.243443 0.243437 0.243452 0.243470 0.243459 0.243443 0.243446 0.243361 0.243255 0.243197 0.243177 0.243162 0.000000 0.000000
0.000000 0.000000 0.227773 0.227801 0.227828 0.227964 0.228045 0.228181 0.228146 0.228218 0.228207 0.228215 0.228237 0.228192 0.228099 0.228034 0.227954 0.227920 0.227856 0.000000 0.000000
0.000000 0.000000 0.210150 0.210213 0.210292 0.210357 0.210476 0.210642 0.210639 0.210650 0.210620 0.210682 0.210650 0.210651 0.210486 0.210390 0.210345 0.210319 0.210183 0.000000 0.000000
0.000000 0.000000 0.190476 0.190532 0.190549 0.190700 0.190799 0.191275 0.191272 0.191296 0.191446 0.191355 0.191336 0.191289 0.190934 0.190846 0.190674 0.190660 0.190613 0.000000 0.000000
0.000000 0.000000 0.166340 0.166360 0.166495 0.166587 0.167252 0.167077 0.167203 0.167200 0.167123 0.167196 0.167206 0.167261 0.167426 0.166711 0.166666 0.166495 0.166388 0.000000 0.000000
0.000000 0.000000 0.137956 0.138039 0.138179 0.139049 0.138777 0.139281 0.139420 0.139468 0.139648 0.139723 0.139620 0.139616 0.139153 0.139397 0.138257 0.138505 0.138528 0.000000 0.000000
0.000000 0.000000 0.109708 0.109764 0.110879 0.110349 0.110528 0.110508 0.110019 0.110151 0.109893 0.109941 0.110145 0.109870 0.109986 0.109834 0.111011 0.109326 0.109350 0.000000 0.000000
0.000000 0.000000 0.081318 0.082481 0.082069 0.082607 0.083194 0.083387 0.083786 0.083692 0.084095 0.084046 0.083810 0.084054 0.083729 0.083294 0.082134 0.083050 0.081842 0.000000 0.000000
0.000000 0.000000 0.072497 0.071883 0.071157 0.071253 0.071305 0.072015 0.071938 0.072129 0.071849 0.071910 0.071931 0.071849 0.071252 0.071209 0.071072 0.071716 0.072322 0.000000 0.000000
0.000000 0.000000 0.300000 0.300000 0.300000 0.300000 0.300000 0.300000 0.300000 0.300000 0.300000 0.300000 0.300000 0.300000 0.300000 0.300000 0.300000 0.300000 0.300000 0.000000 0.000000
0.000000 0.000000 0.000000 0.000000 0.000000 0.000000 0.000000 0.000000 0.000000 0.000000 0.000000 0.000000 0.000000 0.000000 0.000000 0.000000 0.000000 0.000000 0.000000 0.000000 0.000000