geotop/1.0zi/1.0Montebello/Templates/testdem/maps/_Eocsilt5303.asc
ncols         21
nrows         20
xllcorner     100.000000
yllcorner     100.000000
cellsize      50.000000
NODATA_value  -9999.0
0.000000 0.000000 0.000000 0.000000 0.000000 0.000000 0.000000 0.000000 0.000000 0.000000 0.000000 0.000000 0.000000 0.000000 0.000000 0.000000 0.000000 0.000000 0.000000 0.000000 0.000000
0.000000 0.000000 0.350107 0.350107 0.350108 0.350108 0.350107 0.350108 0.350108 0.350108 0.350108 0.350107 0.350107 0.350108 0.350107 0.350108 0.350108 0.350108 0.350107 0.000000 0.000000
0.000000 0.000000 0.350002 0.350002 0.350002 0.350003 0.350003 0.350003 0.350003 0.350003 0.350003 0.350003 0.350003 0.350003 0.350003 0.350003 0.350001 0.350001 0.350002 0.000000 0.000000
0.000000 0.000000 0.350037 0.350037 0.350036 0.350031 0.350033 0.350031 0.350033 0.350034 0.350033 0.350032 0.350032 0.350031 0.350033 0.350036 0.350036 0.350038 0.350037 0.000000 0.000000
0.000000 0.000000 0.350440 0.350444 0.350442 0.350439 0.350437 0.350432 0.350431 0.350429 0.350426 0.350429 0.350429 0.350430 0.350435 0.350437 0.350437 0.350446 0.350449 0.000000 0.000000
0.000000 0.000000 0.351763 0.351766 0.351763 0.351750 0.351741 0.351725 0.351723 0.351720 0.351724 0.351727 0.351728 0.351725 0.351729 0.351734 0.351743 0.351746 0.351750 0.000000 0.000000
0.000000 0.000000 0.353796 0.353795 0.353792 0.353775 0.353756 0.353735 0.353736 0.353734 0.353737 0.353737 0.353734 0.353738 0.353752 0.353767 0.353774 0.353783 0.353789 0.000000 0.000000
0.000000 0.000000 0.356250 0.356250 0.356251 0.356235 0.356217 0.356194 0.356195 0.356193 0.356193 0.356193 0.356192 0.356194 0.356210 0.356227 0.356242 0.356244 0.356252 0.000000 0.000000
0.000000 0.000000 0.358824 0.358820 0.358814 0.358804 0.358786 0.358759 0.358760 0.358756 0.358754 0.358755 0.358756 0.358753 0.358777 0.358795 0.358808 0.358813 0.358820 0.000000 0.000000
0.000000 0.000000 0.361383 0.361379 0.361377 0.361371 0.361345 0.361323 0.361325 0.361322 0.361318 0.361322 0.361325 0.361322 0.361340 0.361360 0.361373 0.361375 0.361379 0.000000 0.000000
0.000000 0.000000 0.363993 0.363990 0.363991 0.363972 0.363955 0.363930 0.363936 0.363924 0.363924 0.363926 0.363923 0.363929 0.363943 0.363956 0.363970 0.363978 0.363988 0.000000 0.000000
0.000000 0.000000 0.366715 0.366709 0.366703 0.366690 0.366676 0.366646 0.366648 0.366640 0.366648 0.366641 0.366643 0.366645 0.366671 0.366682 0.366692 0.366696 0.366724 0.000000 0.000000
0.000000 0.000000 0.369484 0.369478 0.369477 0.369463 0.369450 0.369392 0.369393 0.369387 0.369375 0.369382 0.369387 0.369391 0.369432 0.369442 0.369464 0.369466 0.369486 0.000000 0.000000
0.000000 0.000000 0.372458 0.372455 0.372449 0.372440 0.372386 0.372371 0.372358 0.372357 0.372352 0.372355 0.372356 0.372354 0.372360 0.372412 0.372431 0.372445 0.372466 0.000000 0.000000
0.000000 0.000000 0.375699 0.375696 0.375684 0.375630 0.375611 0.375579 0.375557 0.375554 0.375543 0.375537 0.375544 0.375539 0.375561 0.375588 0.375669 0.375663 0.375676 0.000000 0.000000
0.000000 0.000000 0.379102 0.379097 0.379030 0.379014 0.379009 0.378988 0.378998 0.378990 0.378995 0.378987 0.378980 0.378993 0.379005 0.379014 0.379015 0.379102 0.379105 0.000000 0.000000
0.000000 0.000000 0.382932 0.382842 0.382803 0.382775 0.382733 0.382710 0.382704 0.382702 0.382683 0.382679 0.382687 0.382685 0.382709 0.382741 0.382793 0.382824 0.382914 0.000000 0.000000
0.000000 0.000000 0.385835 0.385827 0.385905 0.385880 0.385847 0.385761 0.385758 0.385739 0.385748 0.385744 0.385750 0.385752 0.385830 0.385852 0.385916 0.385835 0.385848 0.000000 0.000000
0.000000 0.000000 0.350000 0.350000 0.350000 0.350000 0.350000 0.350000 0.350000 0.350000 0.350000 0.350000 0.350000 0.350000 0.350000 0.350000 0.350000 0.350000 0.350000 0.000000 0.000000
0.000000 0.000000 0.000000 0.000000 0.000000 0.000000 0.000000 0.000000 0.000000 0.000000 0.000000 0.000000 0.000000 0.000000 0.000000 0.000000 0.000000 0.000000 0.000000 0.000000 0.000000