geotop/1.0zi/1.0Montebello/Templates/testdem/maps/_Eocclay2796.asc
ncols         21
nrows         20
xllcorner     100.000000
yllcorner     100.000000
cellsize      50.000000
NODATA_value  -9999.0
0.000000 0.000000 0.000000 0.000000 0.000000 0.000000 0.000000 0.000000 0.000000 0.000000 0.000000 0.000000 0.000000 0.000000 0.000000 0.000000 0.000000 0.000000 0.000000 0.000000 0.000000
0.000000 0.000000 0.349849 0.349849 0.349849 0.349849 0.349849 0.349849 0.349849 0.349849 0.349848 0.349849 0.349849 0.349849 0.349849 0.349849 0.349849 0.349849 0.349849 0.000000 0.000000
0.000000 0.000000 0.349991 0.349991 0.349991 0.349991 0.349991 0.349991 0.349991 0.349991 0.349992 0.349991 0.349991 0.349991 0.349991 0.349991 0.349991 0.349991 0.349991 0.000000 0.000000
0.000000 0.000000 0.350932 0.350932 0.350930 0.350931 0.350932 0.350932 0.350932 0.350932 0.350932 0.350932 0.350932 0.350932 0.350932 0.350931 0.350930 0.350932 0.350932 0.000000 0.000000
0.000000 0.000000 0.355059 0.355058 0.355056 0.355056 0.355060 0.355058 0.355059 0.355060 0.355060 0.355060 0.355059 0.355058 0.355060 0.355056 0.355056 0.355058 0.355059 0.000000 0.000000
0.000000 0.000000 0.359776 0.359775 0.359774 0.359774 0.359776 0.359775 0.359775 0.359777 0.359777 0.359777 0.359775 0.359775 0.359776 0.359774 0.359774 0.359775 0.359776 0.000000 0.000000
0.000000 0.000000 0.364233 0.364233 0.364231 0.364232 0.364234 0.364233 0.364233 0.364234 0.364234 0.364234 0.364233 0.364233 0.364234 0.364232 0.364231 0.364233 0.364233 0.000000 0.000000
0.000000 0.000000 0.368312 0.368311 0.368310 0.368310 0.368312 0.368311 0.368311 0.368312 0.368312 0.368312 0.368311 0.368311 0.368312 0.368310 0.368310 0.368311 0.368312 0.000000 0.000000
0.000000 0.000000 0.372101 0.372101 0.372100 0.372100 0.372102 0.372101 0.372101 0.372102 0.372102 0.372102 0.372101 0.372101 0.372102 0.372100 0.372100 0.372101 0.372101 0.000000 0.000000
0.000000 0.000000 0.375690 0.375690 0.375688 0.375689 0.375690 0.375690 0.375690 0.375690 0.375691 0.375690 0.375690 0.375690 0.375690 0.375689 0.375688 0.375690 0.375690 0.000000 0.000000
0.000000 0.000000 0.379121 0.379121 0.379120 0.379120 0.379121 0.379121 0.379121 0.379121 0.379122 0.379121 0.379121 0.379121 0.379121 0.379120 0.379120 0.379121 0.379121 0.000000 0.000000
0.000000 0.000000 0.382425 0.382424 0.382423 0.382424 0.382425 0.382424 0.382424 0.382425 0.382425 0.382425 0.382424 0.382424 0.382425 0.382424 0.382423 0.382424 0.382425 0.000000 0.000000
0.000000 0.000000 0.385629 0.385629 0.385628 0.385628 0.385629 0.385629 0.385629 0.385630 0.385630 0.385630 0.385629 0.385629 0.385629 0.385628 0.385628 0.385629 0.385629 0.000000 0.000000
0.000000 0.000000 0.388750 0.388750 0.388748 0.388749 0.388750 0.388750 0.388750 0.388750 0.388751 0.388750 0.388750 0.388750 0.388750 0.388749 0.388748 0.388750 0.388750 0.000000 0.000000
0.000000 0.000000 0.391794 0.391793 0.391792 0.391793 0.391794 0.391793 0.391794 0.391794 0.391794 0.391794 0.391794 0.391793 0.391794 0.391793 0.391792 0.391793 0.391794 0.000000 0.000000
0.000000 0.000000 0.394766 0.394765 0.394764 0.394765 0.394766 0.394765 0.394766 0.394766 0.394766 0.394766 0.394766 0.394765 0.394766 0.394765 0.394764 0.394765 0.394766 0.000000 0.000000
0.000000 0.000000 0.397678 0.397678 0.397677 0.397677 0.397679 0.397678 0.397678 0.397679 0.397679 0.397679 0.397678 0.397678 0.397679 0.397677 0.397677 0.397678 0.397678 0.000000 0.000000
0.000000 0.000000 0.400578 0.400578 0.400577 0.400577 0.400579 0.400578 0.400578 0.400579 0.400579 0.400579 0.400578 0.400578 0.400579 0.400577 0.400577 0.400578 0.400578 0.000000 0.000000
0.000000 0.000000 0.350000 0.350000 0.350000 0.350000 0.350000 0.350000 0.350000 0.350000 0.350000 0.350000 0.350000 0.350000 0.350000 0.350000 0.350000 0.350000 0.350000 0.000000 0.000000
0.000000 0.000000 0.000000 0.000000 0.000000 0.000000 0.000000 0.000000 0.000000 0.000000 0.000000 0.000000 0.000000 0.000000 0.000000 0.000000 0.000000 0.000000 0.000000 0.000000 0.000000