geotop/1.0zi/1.0Montebello/Templates/testdem/maps/_Eocsand0416.asc
ncols         21
nrows         20
xllcorner     100.000000
yllcorner     100.000000
cellsize      50.000000
NODATA_value  -9999.0
0.000000 0.000000 0.000000 0.000000 0.000000 0.000000 0.000000 0.000000 0.000000 0.000000 0.000000 0.000000 0.000000 0.000000 0.000000 0.000000 0.000000 0.000000 0.000000 0.000000 0.000000
0.000000 0.000000 0.300016 0.300016 0.300016 0.300016 0.300016 0.300016 0.300016 0.300016 0.300016 0.300016 0.300016 0.300016 0.300016 0.300016 0.300016 0.300016 0.300016 0.000000 0.000000
0.000000 0.000000 0.300003 0.300003 0.300004 0.300003 0.300003 0.300003 0.300003 0.300003 0.300003 0.300003 0.300003 0.300003 0.300003 0.300003 0.300004 0.300003 0.300003 0.000000 0.000000
0.000000 0.000000 0.299477 0.299477 0.299482 0.299477 0.299477 0.299477 0.299477 0.299477 0.299477 0.299477 0.299477 0.299477 0.299477 0.299477 0.299482 0.299477 0.299477 0.000000 0.000000
0.000000 0.000000 0.297987 0.297986 0.297991 0.297987 0.297986 0.297986 0.297986 0.297986 0.297986 0.297986 0.297986 0.297986 0.297986 0.297987 0.297991 0.297986 0.297987 0.000000 0.000000
0.000000 0.000000 0.296520 0.296520 0.296523 0.296520 0.296519 0.296519 0.296519 0.296519 0.296519 0.296519 0.296519 0.296519 0.296519 0.296520 0.296523 0.296520 0.296520 0.000000 0.000000
0.000000 0.000000 0.295176 0.295176 0.295179 0.295176 0.295176 0.295176 0.295176 0.295176 0.295176 0.295176 0.295176 0.295176 0.295176 0.295176 0.295179 0.295176 0.295176 0.000000 0.000000
0.000000 0.000000 0.293933 0.293933 0.293936 0.293934 0.293933 0.293933 0.293933 0.293933 0.293933 0.293933 0.293933 0.293933 0.293933 0.293934 0.293936 0.293933 0.293933 0.000000 0.000000
0.000000 0.000000 0.292761 0.292761 0.292764 0.292761 0.292761 0.292761 0.292761 0.292761 0.292761 0.292761 0.292761 0.292761 0.292761 0.292761 0.292764 0.292761 0.292761 0.000000 0.000000
0.000000 0.000000 0.291630 0.291630 0.291633 0.291631 0.291630 0.291630 0.291630 0.291630 0.291630 0.291630 0.291630 0.291630 0.291630 0.291631 0.291633 0.291630 0.291630 0.000000 0.000000
0.000000 0.000000 0.290532 0.290532 0.290535 0.290532 0.290532 0.290532 0.290532 0.290532 0.290532 0.290532 0.290532 0.290532 0.290532 0.290532 0.290535 0.290532 0.290532 0.000000 0.000000
0.000000 0.000000 0.289456 0.289456 0.289458 0.289456 0.289455 0.289455 0.289455 0.289455 0.289455 0.289455 0.289455 0.289455 0.289455 0.289456 0.289458 0.289456 0.289456 0.000000 0.000000
0.000000 0.000000 0.288399 0.288399 0.288401 0.288399 0.288399 0.288399 0.288399 0.288399 0.288399 0.288399 0.288399 0.288399 0.288399 0.288399 0.288401 0.288399 0.288399 0.000000 0.000000
0.000000 0.000000 0.287361 0.287361 0.287364 0.287361 0.287361 0.287361 0.287361 0.287361 0.287361 0.287361 0.287361 0.287361 0.287361 0.287361 0.287364 0.287361 0.287361 0.000000 0.000000
0.000000 0.000000 0.286335 0.286335 0.286338 0.286335 0.286335 0.286335 0.286335 0.286335 0.286335 0.286335 0.286335 0.286335 0.286335 0.286335 0.286338 0.286335 0.286335 0.000000 0.000000
0.000000 0.000000 0.285312 0.285312 0.285314 0.285312 0.285312 0.285311 0.285311 0.285311 0.285312 0.285311 0.285311 0.285311 0.285312 0.285312 0.285314 0.285312 0.285312 0.000000 0.000000
0.000000 0.000000 0.284300 0.284300 0.284302 0.284300 0.284300 0.284300 0.284299 0.284300 0.284300 0.284300 0.284299 0.284300 0.284300 0.284300 0.284302 0.284300 0.284300 0.000000 0.000000
0.000000 0.000000 0.283259 0.283259 0.283261 0.283259 0.283259 0.283258 0.283258 0.283259 0.283259 0.283259 0.283258 0.283258 0.283259 0.283259 0.283261 0.283259 0.283259 0.000000 0.000000
0.000000 0.000000 0.300000 0.300000 0.300000 0.300000 0.300000 0.300000 0.300000 0.300000 0.300000 0.300000 0.300000 0.300000 0.300000 0.300000 0.300000 0.300000 0.300000 0.000000 0.000000
0.000000 0.000000 0.000000 0.000000 0.000000 0.000000 0.000000 0.000000 0.000000 0.000000 0.000000 0.000000 0.000000 0.000000 0.000000 0.000000 0.000000 0.000000 0.000000 0.000000 0.000000