geotop/1.0zi/1.0Montebello/Templates/testdem/maps/_Eocsilt8843.asc
ncols         21
nrows         20
xllcorner     100.000000
yllcorner     100.000000
cellsize      50.000000
NODATA_value  -9999.0
0.000000 0.000000 0.000000 0.000000 0.000000 0.000000 0.000000 0.000000 0.000000 0.000000 0.000000 0.000000 0.000000 0.000000 0.000000 0.000000 0.000000 0.000000 0.000000 0.000000 0.000000
0.000000 0.000000 0.350189 0.350189 0.350190 0.350190 0.350189 0.350190 0.350190 0.350189 0.350190 0.350189 0.350189 0.350189 0.350189 0.350190 0.350190 0.350190 0.350189 0.000000 0.000000
0.000000 0.000000 0.350005 0.350005 0.350005 0.350005 0.350006 0.350005 0.350005 0.350006 0.350006 0.350006 0.350006 0.350006 0.350005 0.350005 0.350003 0.350003 0.350005 0.000000 0.000000
0.000000 0.000000 0.350121 0.350117 0.350112 0.350107 0.350107 0.350102 0.350105 0.350105 0.350102 0.350105 0.350105 0.350105 0.350107 0.350111 0.350117 0.350117 0.350119 0.000000 0.000000
0.000000 0.000000 0.351223 0.351228 0.351220 0.351203 0.351195 0.351191 0.351191 0.351188 0.351189 0.351190 0.351195 0.351193 0.351206 0.351213 0.351215 0.351219 0.351222 0.000000 0.000000
0.000000 0.000000 0.354333 0.354329 0.354319 0.354301 0.354274 0.354253 0.354253 0.354247 0.354252 0.354252 0.354256 0.354254 0.354268 0.354285 0.354296 0.354299 0.354306 0.000000 0.000000
0.000000 0.000000 0.358749 0.358741 0.358729 0.358699 0.358663 0.358619 0.358623 0.358620 0.358620 0.358619 0.358617 0.358622 0.358658 0.358686 0.358704 0.358716 0.358723 0.000000 0.000000
0.000000 0.000000 0.363968 0.363960 0.363953 0.363920 0.363885 0.363844 0.363847 0.363842 0.363841 0.363838 0.363836 0.363844 0.363879 0.363911 0.363940 0.363941 0.363955 0.000000 0.000000
0.000000 0.000000 0.369635 0.369621 0.369606 0.369582 0.369542 0.369494 0.369499 0.369489 0.369486 0.369485 0.369487 0.369485 0.369535 0.369572 0.369594 0.369600 0.369613 0.000000 0.000000
0.000000 0.000000 0.375722 0.375706 0.375698 0.375674 0.375619 0.375576 0.375579 0.375573 0.375566 0.375571 0.375577 0.375575 0.375615 0.375661 0.375686 0.375691 0.375698 0.000000 0.000000
0.000000 0.000000 0.382430 0.382420 0.382412 0.382356 0.382320 0.382267 0.382283 0.382250 0.382257 0.382254 0.382243 0.382262 0.382304 0.382331 0.382366 0.382377 0.382404 0.000000 0.000000
0.000000 0.000000 0.390028 0.390006 0.389980 0.389951 0.389902 0.389837 0.389837 0.389833 0.389847 0.389823 0.389834 0.389835 0.389906 0.389945 0.389963 0.389971 0.390030 0.000000 0.000000
0.000000 0.000000 0.398385 0.398360 0.398358 0.398302 0.398263 0.398072 0.398074 0.398064 0.398008 0.398042 0.398049 0.398068 0.398216 0.398252 0.398322 0.398321 0.398345 0.000000 0.000000
0.000000 0.000000 0.408440 0.408433 0.408389 0.408354 0.408094 0.408148 0.408100 0.408102 0.408128 0.408103 0.408099 0.408078 0.408032 0.408309 0.408333 0.408394 0.408438 0.000000 0.000000
0.000000 0.000000 0.420346 0.420315 0.420264 0.419927 0.420003 0.419827 0.419767 0.419750 0.419687 0.419652 0.419691 0.419688 0.419859 0.419799 0.420242 0.420146 0.420142 0.000000 0.000000
0.000000 0.000000 0.432921 0.432898 0.432432 0.432617 0.432562 0.432554 0.432753 0.432696 0.432800 0.432776 0.432693 0.432809 0.432785 0.432834 0.432394 0.433084 0.433072 0.000000 0.000000
0.000000 0.000000 0.447129 0.446513 0.446712 0.446446 0.446138 0.446047 0.445851 0.445899 0.445697 0.445721 0.445839 0.445717 0.445883 0.446110 0.446694 0.446246 0.446885 0.000000 0.000000
0.000000 0.000000 0.451332 0.451813 0.452244 0.452233 0.452252 0.451835 0.451912 0.451789 0.451994 0.451952 0.451922 0.451990 0.452336 0.452324 0.452320 0.451982 0.451508 0.000000 0.000000
0.000000 0.000000 0.350000 0.350000 0.350000 0.350000 0.350000 0.350000 0.350000 0.350000 0.350000 0.350000 0.350000 0.350000 0.350000 0.350000 0.350000 0.350000 0.350000 0.000000 0.000000
0.000000 0.000000 0.000000 0.000000 0.000000 0.000000 0.000000 0.000000 0.000000 0.000000 0.000000 0.000000 0.000000 0.000000 0.000000 0.000000 0.000000 0.000000 0.000000 0.000000 0.000000