geotop/1.0zi/1.0Montebello/Templates/testdem/maps/_Eocsilt0650.asc
ncols         21
nrows         20
xllcorner     100.000000
yllcorner     100.000000
cellsize      50.000000
NODATA_value  -9999.0
0.000000 0.000000 0.000000 0.000000 0.000000 0.000000 0.000000 0.000000 0.000000 0.000000 0.000000 0.000000 0.000000 0.000000 0.000000 0.000000 0.000000 0.000000 0.000000 0.000000 0.000000
0.000000 0.000000 0.350011 0.350011 0.350011 0.350011 0.350011 0.350011 0.350011 0.350011 0.350011 0.350011 0.350011 0.350011 0.350011 0.350011 0.350011 0.350011 0.350011 0.000000 0.000000
0.000000 0.000000 0.349999 0.349999 0.349999 0.349999 0.349999 0.349999 0.349999 0.349999 0.349999 0.349999 0.349999 0.349999 0.349999 0.349999 0.349999 0.349999 0.349999 0.000000 0.000000
0.000000 0.000000 0.350292 0.350292 0.350289 0.350292 0.350292 0.350292 0.350292 0.350292 0.350292 0.350292 0.350292 0.350292 0.350292 0.350292 0.350289 0.350292 0.350292 0.000000 0.000000
0.000000 0.000000 0.351257 0.351257 0.351255 0.351257 0.351257 0.351257 0.351257 0.351257 0.351257 0.351257 0.351257 0.351257 0.351257 0.351257 0.351255 0.351257 0.351257 0.000000 0.000000
0.000000 0.000000 0.352371 0.352371 0.352369 0.352371 0.352371 0.352371 0.352371 0.352371 0.352371 0.352371 0.352371 0.352371 0.352371 0.352371 0.352369 0.352371 0.352371 0.000000 0.000000
0.000000 0.000000 0.353395 0.353395 0.353394 0.353395 0.353395 0.353395 0.353395 0.353395 0.353395 0.353395 0.353395 0.353395 0.353395 0.353395 0.353394 0.353395 0.353395 0.000000 0.000000
0.000000 0.000000 0.354347 0.354347 0.354346 0.354347 0.354347 0.354347 0.354347 0.354347 0.354347 0.354347 0.354347 0.354347 0.354347 0.354347 0.354346 0.354347 0.354347 0.000000 0.000000
0.000000 0.000000 0.355247 0.355247 0.355245 0.355247 0.355247 0.355247 0.355247 0.355247 0.355247 0.355247 0.355247 0.355247 0.355247 0.355247 0.355245 0.355247 0.355247 0.000000 0.000000
0.000000 0.000000 0.356114 0.356114 0.356113 0.356114 0.356114 0.356115 0.356115 0.356115 0.356114 0.356115 0.356115 0.356115 0.356114 0.356114 0.356113 0.356114 0.356114 0.000000 0.000000
0.000000 0.000000 0.356959 0.356959 0.356957 0.356959 0.356959 0.356959 0.356959 0.356959 0.356959 0.356959 0.356959 0.356959 0.356959 0.356959 0.356957 0.356959 0.356959 0.000000 0.000000
0.000000 0.000000 0.357786 0.357786 0.357785 0.357786 0.357786 0.357787 0.357787 0.357787 0.357786 0.357787 0.357787 0.357787 0.357786 0.357786 0.357785 0.357786 0.357786 0.000000 0.000000
0.000000 0.000000 0.358600 0.358600 0.358599 0.358600 0.358600 0.358600 0.358600 0.358600 0.358600 0.358600 0.358600 0.358600 0.358600 0.358600 0.358599 0.358600 0.358600 0.000000 0.000000
0.000000 0.000000 0.359402 0.359402 0.359400 0.359402 0.359402 0.359402 0.359402 0.359402 0.359402 0.359402 0.359402 0.359402 0.359402 0.359402 0.359400 0.359402 0.359402 0.000000 0.000000
0.000000 0.000000 0.360196 0.360196 0.360195 0.360196 0.360196 0.360196 0.360196 0.360196 0.360196 0.360196 0.360196 0.360196 0.360196 0.360196 0.360195 0.360196 0.360196 0.000000 0.000000
0.000000 0.000000 0.360987 0.360987 0.360986 0.360987 0.360987 0.360987 0.360987 0.360987 0.360987 0.360987 0.360987 0.360987 0.360987 0.360987 0.360986 0.360987 0.360987 0.000000 0.000000
0.000000 0.000000 0.361770 0.361770 0.361768 0.361769 0.361770 0.361770 0.361770 0.361770 0.361770 0.361770 0.361770 0.361770 0.361770 0.361769 0.361768 0.361770 0.361770 0.000000 0.000000
0.000000 0.000000 0.362559 0.362559 0.362558 0.362559 0.362559 0.362559 0.362559 0.362559 0.362559 0.362559 0.362559 0.362559 0.362559 0.362559 0.362558 0.362559 0.362559 0.000000 0.000000
0.000000 0.000000 0.350000 0.350000 0.350000 0.350000 0.350000 0.350000 0.350000 0.350000 0.350000 0.350000 0.350000 0.350000 0.350000 0.350000 0.350000 0.350000 0.350000 0.000000 0.000000
0.000000 0.000000 0.000000 0.000000 0.000000 0.000000 0.000000 0.000000 0.000000 0.000000 0.000000 0.000000 0.000000 0.000000 0.000000 0.000000 0.000000 0.000000 0.000000 0.000000 0.000000