geotop/1.0zi/1.0Montebello/Templates/testdem/maps/_Eocsilt7594.asc
ncols         21
nrows         20
xllcorner     100.000000
yllcorner     100.000000
cellsize      50.000000
NODATA_value  -9999.0
0.000000 0.000000 0.000000 0.000000 0.000000 0.000000 0.000000 0.000000 0.000000 0.000000 0.000000 0.000000 0.000000 0.000000 0.000000 0.000000 0.000000 0.000000 0.000000 0.000000 0.000000
0.000000 0.000000 0.350154 0.350155 0.350155 0.350156 0.350155 0.350156 0.350155 0.350155 0.350156 0.350155 0.350155 0.350155 0.350155 0.350155 0.350156 0.350156 0.350155 0.000000 0.000000
0.000000 0.000000 0.350005 0.350004 0.350004 0.350004 0.350004 0.350004 0.350004 0.350005 0.350005 0.350005 0.350005 0.350005 0.350004 0.350004 0.350002 0.350003 0.350004 0.000000 0.000000
0.000000 0.000000 0.350103 0.350099 0.350097 0.350091 0.350093 0.350087 0.350090 0.350090 0.350087 0.350089 0.350089 0.350089 0.350092 0.350095 0.350098 0.350098 0.350099 0.000000 0.000000
0.000000 0.000000 0.350964 0.350970 0.350965 0.350955 0.350949 0.350942 0.350939 0.350938 0.350937 0.350938 0.350938 0.350940 0.350954 0.350958 0.350961 0.350971 0.350973 0.000000 0.000000
0.000000 0.000000 0.353383 0.353384 0.353374 0.353359 0.353341 0.353320 0.353319 0.353313 0.353317 0.353318 0.353319 0.353318 0.353329 0.353341 0.353353 0.353361 0.353366 0.000000 0.000000
0.000000 0.000000 0.356868 0.356865 0.356854 0.356829 0.356799 0.356767 0.356768 0.356764 0.356765 0.356764 0.356760 0.356765 0.356793 0.356819 0.356835 0.356850 0.356857 0.000000 0.000000
0.000000 0.000000 0.361012 0.361011 0.361006 0.360980 0.360951 0.360915 0.360915 0.360911 0.360910 0.360907 0.360905 0.360911 0.360943 0.360969 0.360994 0.361000 0.361012 0.000000 0.000000
0.000000 0.000000 0.365440 0.365432 0.365419 0.365401 0.365371 0.365330 0.365332 0.365324 0.365321 0.365320 0.365321 0.365320 0.365359 0.365391 0.365411 0.365422 0.365431 0.000000 0.000000
0.000000 0.000000 0.370050 0.370042 0.370034 0.370018 0.369976 0.369940 0.369940 0.369936 0.369930 0.369933 0.369937 0.369935 0.369969 0.370005 0.370027 0.370035 0.370042 0.000000 0.000000
0.000000 0.000000 0.374968 0.374962 0.374955 0.374919 0.374889 0.374849 0.374857 0.374835 0.374838 0.374837 0.374829 0.374843 0.374873 0.374896 0.374924 0.374939 0.374958 0.000000 0.000000
0.000000 0.000000 0.380353 0.380339 0.380323 0.380300 0.380268 0.380216 0.380214 0.380207 0.380218 0.380202 0.380206 0.380210 0.380262 0.380289 0.380308 0.380319 0.380366 0.000000 0.000000
0.000000 0.000000 0.386091 0.386077 0.386071 0.386040 0.386011 0.385885 0.385883 0.385876 0.385843 0.385859 0.385866 0.385878 0.385975 0.386002 0.386050 0.386056 0.386081 0.000000 0.000000
0.000000 0.000000 0.392678 0.392673 0.392648 0.392626 0.392477 0.392476 0.392445 0.392445 0.392449 0.392443 0.392439 0.392434 0.392429 0.392584 0.392614 0.392656 0.392688 0.000000 0.000000
0.000000 0.000000 0.400309 0.400297 0.400264 0.400084 0.400081 0.399992 0.399946 0.399937 0.399906 0.399883 0.399903 0.399898 0.399984 0.400000 0.400241 0.400211 0.400221 0.000000 0.000000
0.000000 0.000000 0.408657 0.408644 0.408388 0.408429 0.408413 0.408376 0.408462 0.408431 0.408474 0.408452 0.408413 0.408476 0.408495 0.408509 0.408365 0.408722 0.408718 0.000000 0.000000
0.000000 0.000000 0.418946 0.418545 0.418576 0.418440 0.418239 0.418178 0.418090 0.418109 0.417999 0.418005 0.418064 0.418012 0.418112 0.418260 0.418561 0.418421 0.418834 0.000000 0.000000
0.000000 0.000000 0.423901 0.424210 0.424577 0.424552 0.424532 0.424187 0.424223 0.424129 0.424265 0.424234 0.424223 0.424265 0.424564 0.424577 0.424643 0.424329 0.424032 0.000000 0.000000
0.000000 0.000000 0.350000 0.350000 0.350000 0.350000 0.350000 0.350000 0.350000 0.350000 0.350000 0.350000 0.350000 0.350000 0.350000 0.350000 0.350000 0.350000 0.350000 0.000000 0.000000
0.000000 0.000000 0.000000 0.000000 0.000000 0.000000 0.000000 0.000000 0.000000 0.000000 0.000000 0.000000 0.000000 0.000000 0.000000 0.000000 0.000000 0.000000 0.000000 0.000000 0.000000