geotop/1.0zi/1.0Montebello/Templates/testdem/maps/_Eocsand6774.asc
ncols         21
nrows         20
xllcorner     100.000000
yllcorner     100.000000
cellsize      50.000000
NODATA_value  -9999.0
0.000000 0.000000 0.000000 0.000000 0.000000 0.000000 0.000000 0.000000 0.000000 0.000000 0.000000 0.000000 0.000000 0.000000 0.000000 0.000000 0.000000 0.000000 0.000000 0.000000 0.000000
0.000000 0.000000 0.300167 0.300165 0.300165 0.300165 0.300164 0.300164 0.300165 0.300165 0.300166 0.300165 0.300165 0.300165 0.300165 0.300165 0.300166 0.300166 0.300166 0.000000 0.000000
0.000000 0.000000 0.300009 0.300010 0.300009 0.300009 0.300010 0.300010 0.300009 0.300009 0.300010 0.300010 0.300009 0.300010 0.300009 0.300010 0.300010 0.300010 0.300011 0.000000 0.000000
0.000000 0.000000 0.299963 0.299962 0.299966 0.299971 0.299969 0.299971 0.299967 0.299970 0.299967 0.299970 0.299969 0.299970 0.299969 0.299964 0.299963 0.299960 0.299960 0.000000 0.000000
0.000000 0.000000 0.298659 0.298655 0.298661 0.298671 0.298688 0.298697 0.298698 0.298698 0.298701 0.298698 0.298701 0.298697 0.298680 0.298676 0.298672 0.298664 0.298652 0.000000 0.000000
0.000000 0.000000 0.294784 0.294783 0.294801 0.294838 0.294861 0.294899 0.294899 0.294910 0.294901 0.294899 0.294896 0.294898 0.294883 0.294858 0.294838 0.294821 0.294809 0.000000 0.000000
0.000000 0.000000 0.289026 0.289032 0.289047 0.289088 0.289139 0.289195 0.289195 0.289203 0.289200 0.289199 0.289202 0.289198 0.289152 0.289104 0.289079 0.289058 0.289042 0.000000 0.000000
0.000000 0.000000 0.282089 0.282090 0.282100 0.282146 0.282195 0.282257 0.282257 0.282264 0.282265 0.282267 0.282271 0.282260 0.282209 0.282164 0.282124 0.282114 0.282091 0.000000 0.000000
0.000000 0.000000 0.274829 0.274840 0.274862 0.274891 0.274940 0.275007 0.275003 0.275018 0.275022 0.275023 0.275022 0.275025 0.274961 0.274905 0.274875 0.274862 0.274842 0.000000 0.000000
0.000000 0.000000 0.267384 0.267397 0.267408 0.267433 0.267504 0.267564 0.267561 0.267570 0.267579 0.267572 0.267563 0.267569 0.267516 0.267454 0.267419 0.267410 0.267395 0.000000 0.000000
0.000000 0.000000 0.259566 0.259576 0.259586 0.259641 0.259688 0.259756 0.259741 0.259777 0.259774 0.259772 0.259784 0.259762 0.259718 0.259679 0.259636 0.259615 0.259581 0.000000 0.000000
0.000000 0.000000 0.251202 0.251223 0.251246 0.251286 0.251334 0.251417 0.251416 0.251432 0.251413 0.251436 0.251432 0.251425 0.251346 0.251305 0.251275 0.251261 0.251181 0.000000 0.000000
0.000000 0.000000 0.242453 0.242474 0.242486 0.242532 0.242574 0.242759 0.242761 0.242775 0.242817 0.242796 0.242783 0.242767 0.242628 0.242585 0.242517 0.242511 0.242459 0.000000 0.000000
0.000000 0.000000 0.232708 0.232718 0.232750 0.232786 0.232982 0.233012 0.233055 0.233056 0.233060 0.233060 0.233063 0.233069 0.233060 0.232851 0.232801 0.232748 0.232691 0.000000 0.000000
0.000000 0.000000 0.221712 0.221728 0.221774 0.221999 0.222041 0.222151 0.222221 0.222233 0.222271 0.222299 0.222273 0.222285 0.222186 0.222120 0.221815 0.221846 0.221818 0.000000 0.000000
0.000000 0.000000 0.209842 0.209859 0.210166 0.210178 0.210191 0.210253 0.210170 0.210210 0.210169 0.210202 0.210241 0.210170 0.210135 0.210112 0.210201 0.209801 0.209797 0.000000 0.000000
0.000000 0.000000 0.195697 0.196144 0.196211 0.196345 0.196565 0.196646 0.196711 0.196702 0.196810 0.196811 0.196759 0.196796 0.196683 0.196515 0.196236 0.196258 0.195799 0.000000 0.000000
0.000000 0.000000 0.186673 0.186501 0.186078 0.186158 0.186252 0.186655 0.186649 0.186745 0.186641 0.186670 0.186659 0.186633 0.186270 0.186194 0.186007 0.186418 0.186568 0.000000 0.000000
0.000000 0.000000 0.300000 0.300000 0.300000 0.300000 0.300000 0.300000 0.300000 0.300000 0.300000 0.300000 0.300000 0.300000 0.300000 0.300000 0.300000 0.300000 0.300000 0.000000 0.000000
0.000000 0.000000 0.000000 0.000000 0.000000 0.000000 0.000000 0.000000 0.000000 0.000000 0.000000 0.000000 0.000000 0.000000 0.000000 0.000000 0.000000 0.000000 0.000000 0.000000 0.000000