geotop/1.0zi/1.0Montebello/Templates/testdem/maps/_Eocsilt2688.asc
ncols         21
nrows         20
xllcorner     100.000000
yllcorner     100.000000
cellsize      50.000000
NODATA_value  -9999.0
0.000000 0.000000 0.000000 0.000000 0.000000 0.000000 0.000000 0.000000 0.000000 0.000000 0.000000 0.000000 0.000000 0.000000 0.000000 0.000000 0.000000 0.000000 0.000000 0.000000 0.000000
0.000000 0.000000 0.350066 0.350066 0.350065 0.350065 0.350065 0.350066 0.350065 0.350065 0.350065 0.350065 0.350065 0.350066 0.350065 0.350065 0.350065 0.350066 0.350066 0.000000 0.000000
0.000000 0.000000 0.349998 0.349997 0.349997 0.349998 0.349998 0.349998 0.349998 0.349998 0.349998 0.349998 0.349998 0.349998 0.349998 0.349998 0.349997 0.349997 0.349998 0.000000 0.000000
0.000000 0.000000 0.350897 0.350896 0.350894 0.350895 0.350897 0.350897 0.350897 0.350897 0.350897 0.350897 0.350897 0.350897 0.350897 0.350895 0.350894 0.350896 0.350897 0.000000 0.000000
0.000000 0.000000 0.354412 0.354412 0.354410 0.354410 0.354413 0.354412 0.354412 0.354413 0.354413 0.354413 0.354412 0.354412 0.354413 0.354410 0.354410 0.354412 0.354412 0.000000 0.000000
0.000000 0.000000 0.358969 0.358969 0.358967 0.358967 0.358970 0.358969 0.358969 0.358970 0.358970 0.358970 0.358969 0.358969 0.358970 0.358967 0.358967 0.358969 0.358969 0.000000 0.000000
0.000000 0.000000 0.363143 0.363143 0.363141 0.363142 0.363144 0.363143 0.363143 0.363144 0.363144 0.363144 0.363143 0.363143 0.363144 0.363142 0.363141 0.363143 0.363143 0.000000 0.000000
0.000000 0.000000 0.366946 0.366945 0.366944 0.366944 0.366946 0.366945 0.366945 0.366946 0.366946 0.366946 0.366945 0.366945 0.366946 0.366944 0.366944 0.366945 0.366946 0.000000 0.000000
0.000000 0.000000 0.370480 0.370480 0.370479 0.370479 0.370481 0.370480 0.370480 0.370481 0.370481 0.370481 0.370480 0.370480 0.370481 0.370479 0.370479 0.370480 0.370480 0.000000 0.000000
0.000000 0.000000 0.373830 0.373829 0.373828 0.373829 0.373830 0.373829 0.373829 0.373830 0.373830 0.373830 0.373829 0.373829 0.373830 0.373829 0.373828 0.373829 0.373830 0.000000 0.000000
0.000000 0.000000 0.377034 0.377033 0.377032 0.377033 0.377034 0.377033 0.377033 0.377034 0.377034 0.377034 0.377033 0.377033 0.377034 0.377033 0.377032 0.377033 0.377034 0.000000 0.000000
0.000000 0.000000 0.380123 0.380123 0.380122 0.380122 0.380124 0.380123 0.380123 0.380124 0.380124 0.380124 0.380123 0.380123 0.380124 0.380122 0.380122 0.380123 0.380123 0.000000 0.000000
0.000000 0.000000 0.383122 0.383122 0.383121 0.383121 0.383123 0.383122 0.383122 0.383123 0.383123 0.383123 0.383122 0.383122 0.383123 0.383121 0.383121 0.383122 0.383122 0.000000 0.000000
0.000000 0.000000 0.386046 0.386045 0.386044 0.386045 0.386046 0.386045 0.386045 0.386046 0.386046 0.386046 0.386045 0.386045 0.386046 0.386045 0.386044 0.386045 0.386046 0.000000 0.000000
0.000000 0.000000 0.388901 0.388901 0.388900 0.388900 0.388901 0.388901 0.388901 0.388902 0.388902 0.388902 0.388901 0.388901 0.388901 0.388900 0.388900 0.388901 0.388901 0.000000 0.000000
0.000000 0.000000 0.391695 0.391694 0.391693 0.391694 0.391695 0.391694 0.391694 0.391695 0.391695 0.391695 0.391694 0.391694 0.391695 0.391694 0.391693 0.391694 0.391695 0.000000 0.000000
0.000000 0.000000 0.394430 0.394430 0.394429 0.394429 0.394430 0.394430 0.394430 0.394431 0.394431 0.394431 0.394430 0.394430 0.394430 0.394429 0.394429 0.394430 0.394430 0.000000 0.000000
0.000000 0.000000 0.397148 0.397148 0.397147 0.397147 0.397149 0.397148 0.397148 0.397149 0.397149 0.397149 0.397148 0.397148 0.397149 0.397147 0.397147 0.397148 0.397148 0.000000 0.000000
0.000000 0.000000 0.350000 0.350000 0.350000 0.350000 0.350000 0.350000 0.350000 0.350000 0.350000 0.350000 0.350000 0.350000 0.350000 0.350000 0.350000 0.350000 0.350000 0.000000 0.000000
0.000000 0.000000 0.000000 0.000000 0.000000 0.000000 0.000000 0.000000 0.000000 0.000000 0.000000 0.000000 0.000000 0.000000 0.000000 0.000000 0.000000 0.000000 0.000000 0.000000 0.000000