geotop/1.0zi/1.0Montebello/Templates/testdem/maps/_Eocsilt3055.asc
ncols         21
nrows         20
xllcorner     100.000000
yllcorner     100.000000
cellsize      50.000000
NODATA_value  -9999.0
0.000000 0.000000 0.000000 0.000000 0.000000 0.000000 0.000000 0.000000 0.000000 0.000000 0.000000 0.000000 0.000000 0.000000 0.000000 0.000000 0.000000 0.000000 0.000000 0.000000 0.000000
0.000000 0.000000 0.350084 0.350084 0.350084 0.350084 0.350084 0.350084 0.350084 0.350084 0.350083 0.350084 0.350084 0.350084 0.350084 0.350084 0.350084 0.350084 0.350084 0.000000 0.000000
0.000000 0.000000 0.349996 0.349996 0.349996 0.349996 0.349996 0.349996 0.349996 0.349996 0.349997 0.349996 0.349996 0.349996 0.349996 0.349996 0.349996 0.349996 0.349996 0.000000 0.000000
0.000000 0.000000 0.351229 0.351228 0.351226 0.351227 0.351229 0.351229 0.351229 0.351229 0.351229 0.351229 0.351229 0.351229 0.351229 0.351227 0.351226 0.351228 0.351229 0.000000 0.000000
0.000000 0.000000 0.355616 0.355616 0.355614 0.355614 0.355616 0.355616 0.355616 0.355617 0.355617 0.355617 0.355616 0.355616 0.355616 0.355614 0.355614 0.355616 0.355616 0.000000 0.000000
0.000000 0.000000 0.360995 0.360995 0.360993 0.360993 0.360996 0.360995 0.360995 0.360996 0.360997 0.360996 0.360995 0.360995 0.360996 0.360993 0.360993 0.360995 0.360995 0.000000 0.000000
0.000000 0.000000 0.365868 0.365868 0.365866 0.365867 0.365869 0.365868 0.365868 0.365869 0.365869 0.365869 0.365868 0.365868 0.365869 0.365867 0.365866 0.365868 0.365868 0.000000 0.000000
0.000000 0.000000 0.370278 0.370277 0.370276 0.370276 0.370278 0.370278 0.370278 0.370278 0.370279 0.370278 0.370278 0.370278 0.370278 0.370276 0.370276 0.370277 0.370278 0.000000 0.000000
0.000000 0.000000 0.374353 0.374353 0.374352 0.374352 0.374354 0.374353 0.374353 0.374354 0.374354 0.374354 0.374353 0.374353 0.374354 0.374352 0.374352 0.374353 0.374353 0.000000 0.000000
0.000000 0.000000 0.378193 0.378192 0.378191 0.378192 0.378193 0.378193 0.378193 0.378193 0.378194 0.378193 0.378193 0.378193 0.378193 0.378192 0.378191 0.378192 0.378193 0.000000 0.000000
0.000000 0.000000 0.381843 0.381842 0.381841 0.381842 0.381843 0.381842 0.381842 0.381843 0.381844 0.381843 0.381842 0.381842 0.381843 0.381842 0.381841 0.381842 0.381843 0.000000 0.000000
0.000000 0.000000 0.385339 0.385339 0.385337 0.385338 0.385339 0.385339 0.385339 0.385339 0.385340 0.385339 0.385339 0.385339 0.385339 0.385338 0.385337 0.385339 0.385339 0.000000 0.000000
0.000000 0.000000 0.388709 0.388708 0.388707 0.388708 0.388709 0.388708 0.388708 0.388709 0.388709 0.388709 0.388708 0.388708 0.388709 0.388708 0.388707 0.388708 0.388709 0.000000 0.000000
0.000000 0.000000 0.391979 0.391979 0.391978 0.391978 0.391980 0.391979 0.391979 0.391980 0.391980 0.391980 0.391979 0.391979 0.391980 0.391978 0.391978 0.391979 0.391979 0.000000 0.000000
0.000000 0.000000 0.395157 0.395156 0.395155 0.395156 0.395157 0.395156 0.395156 0.395157 0.395157 0.395157 0.395156 0.395156 0.395157 0.395156 0.395155 0.395156 0.395157 0.000000 0.000000
0.000000 0.000000 0.398247 0.398247 0.398246 0.398246 0.398247 0.398247 0.398247 0.398247 0.398248 0.398247 0.398247 0.398247 0.398247 0.398246 0.398246 0.398247 0.398247 0.000000 0.000000
0.000000 0.000000 0.401260 0.401260 0.401259 0.401259 0.401260 0.401260 0.401260 0.401260 0.401261 0.401260 0.401260 0.401260 0.401260 0.401259 0.401259 0.401260 0.401260 0.000000 0.000000
0.000000 0.000000 0.404260 0.404260 0.404259 0.404259 0.404260 0.404260 0.404260 0.404260 0.404261 0.404260 0.404260 0.404260 0.404260 0.404259 0.404259 0.404260 0.404260 0.000000 0.000000
0.000000 0.000000 0.350000 0.350000 0.350000 0.350000 0.350000 0.350000 0.350000 0.350000 0.350000 0.350000 0.350000 0.350000 0.350000 0.350000 0.350000 0.350000 0.350000 0.000000 0.000000
0.000000 0.000000 0.000000 0.000000 0.000000 0.000000 0.000000 0.000000 0.000000 0.000000 0.000000 0.000000 0.000000 0.000000 0.000000 0.000000 0.000000 0.000000 0.000000 0.000000 0.000000