geotop/1.0zi/1.0Montebello/Templates/testdem/maps/_Eocclay1542.asc
ncols         21
nrows         20
xllcorner     100.000000
yllcorner     100.000000
cellsize      50.000000
NODATA_value  -9999.0
0.000000 0.000000 0.000000 0.000000 0.000000 0.000000 0.000000 0.000000 0.000000 0.000000 0.000000 0.000000 0.000000 0.000000 0.000000 0.000000 0.000000 0.000000 0.000000 0.000000 0.000000
0.000000 0.000000 0.349918 0.349918 0.349918 0.349918 0.349918 0.349918 0.349918 0.349918 0.349918 0.349918 0.349918 0.349918 0.349918 0.349918 0.349918 0.349918 0.349918 0.000000 0.000000
0.000000 0.000000 0.349993 0.349993 0.349992 0.349993 0.349993 0.349993 0.349993 0.349993 0.349993 0.349993 0.349993 0.349993 0.349993 0.349993 0.349992 0.349993 0.349993 0.000000 0.000000
0.000000 0.000000 0.350614 0.350614 0.350611 0.350612 0.350614 0.350614 0.350614 0.350614 0.350614 0.350614 0.350614 0.350614 0.350614 0.350612 0.350611 0.350614 0.350614 0.000000 0.000000
0.000000 0.000000 0.352971 0.352970 0.352968 0.352969 0.352972 0.352971 0.352971 0.352972 0.352972 0.352972 0.352971 0.352971 0.352972 0.352969 0.352968 0.352970 0.352971 0.000000 0.000000
0.000000 0.000000 0.355602 0.355601 0.355600 0.355600 0.355603 0.355602 0.355602 0.355602 0.355602 0.355602 0.355602 0.355602 0.355603 0.355600 0.355600 0.355601 0.355602 0.000000 0.000000
0.000000 0.000000 0.358097 0.358096 0.358095 0.358095 0.358098 0.358097 0.358097 0.358097 0.358097 0.358097 0.358097 0.358097 0.358098 0.358095 0.358095 0.358096 0.358097 0.000000 0.000000
0.000000 0.000000 0.360392 0.360392 0.360390 0.360391 0.360393 0.360392 0.360392 0.360393 0.360393 0.360393 0.360392 0.360392 0.360393 0.360391 0.360390 0.360392 0.360392 0.000000 0.000000
0.000000 0.000000 0.362542 0.362541 0.362540 0.362540 0.362542 0.362542 0.362542 0.362542 0.362542 0.362542 0.362542 0.362542 0.362542 0.362540 0.362540 0.362541 0.362542 0.000000 0.000000
0.000000 0.000000 0.364599 0.364599 0.364597 0.364598 0.364599 0.364599 0.364599 0.364599 0.364599 0.364599 0.364599 0.364599 0.364599 0.364598 0.364597 0.364599 0.364599 0.000000 0.000000
0.000000 0.000000 0.366585 0.366585 0.366583 0.366584 0.366585 0.366585 0.366585 0.366585 0.366585 0.366585 0.366585 0.366585 0.366585 0.366584 0.366583 0.366585 0.366585 0.000000 0.000000
0.000000 0.000000 0.368520 0.368519 0.368518 0.368519 0.368520 0.368520 0.368520 0.368520 0.368520 0.368520 0.368520 0.368520 0.368520 0.368519 0.368518 0.368519 0.368520 0.000000 0.000000
0.000000 0.000000 0.370418 0.370418 0.370417 0.370417 0.370419 0.370418 0.370418 0.370419 0.370419 0.370419 0.370418 0.370418 0.370419 0.370417 0.370417 0.370418 0.370418 0.000000 0.000000
0.000000 0.000000 0.372280 0.372280 0.372278 0.372279 0.372280 0.372280 0.372280 0.372280 0.372280 0.372280 0.372280 0.372280 0.372280 0.372279 0.372278 0.372280 0.372280 0.000000 0.000000
0.000000 0.000000 0.374113 0.374113 0.374111 0.374112 0.374113 0.374113 0.374113 0.374113 0.374113 0.374113 0.374113 0.374113 0.374113 0.374112 0.374111 0.374113 0.374113 0.000000 0.000000
0.000000 0.000000 0.375924 0.375924 0.375923 0.375923 0.375925 0.375924 0.375924 0.375925 0.375925 0.375925 0.375924 0.375924 0.375925 0.375923 0.375923 0.375924 0.375924 0.000000 0.000000
0.000000 0.000000 0.377715 0.377715 0.377714 0.377714 0.377715 0.377715 0.377715 0.377715 0.377715 0.377715 0.377715 0.377715 0.377715 0.377714 0.377714 0.377715 0.377715 0.000000 0.000000
0.000000 0.000000 0.379527 0.379527 0.379526 0.379526 0.379528 0.379527 0.379527 0.379528 0.379527 0.379528 0.379527 0.379527 0.379528 0.379526 0.379526 0.379527 0.379527 0.000000 0.000000
0.000000 0.000000 0.350000 0.350000 0.350000 0.350000 0.350000 0.350000 0.350000 0.350000 0.350000 0.350000 0.350000 0.350000 0.350000 0.350000 0.350000 0.350000 0.350000 0.000000 0.000000
0.000000 0.000000 0.000000 0.000000 0.000000 0.000000 0.000000 0.000000 0.000000 0.000000 0.000000 0.000000 0.000000 0.000000 0.000000 0.000000 0.000000 0.000000 0.000000 0.000000 0.000000