geotop/1.0zi/1.0Montebello/Templates/testdem/maps/_Eocsilt2809.asc
ncols         21
nrows         20
xllcorner     100.000000
yllcorner     100.000000
cellsize      50.000000
NODATA_value  -9999.0
0.000000 0.000000 0.000000 0.000000 0.000000 0.000000 0.000000 0.000000 0.000000 0.000000 0.000000 0.000000 0.000000 0.000000 0.000000 0.000000 0.000000 0.000000 0.000000 0.000000 0.000000
0.000000 0.000000 0.350072 0.350072 0.350072 0.350072 0.350072 0.350072 0.350072 0.350072 0.350071 0.350072 0.350072 0.350072 0.350072 0.350072 0.350072 0.350072 0.350072 0.000000 0.000000
0.000000 0.000000 0.349998 0.349998 0.349998 0.349998 0.349998 0.349998 0.349998 0.349998 0.349999 0.349998 0.349998 0.349998 0.349998 0.349998 0.349998 0.349998 0.349998 0.000000 0.000000
0.000000 0.000000 0.351019 0.351018 0.351016 0.351017 0.351019 0.351019 0.351019 0.351019 0.351019 0.351019 0.351019 0.351019 0.351019 0.351017 0.351016 0.351018 0.351019 0.000000 0.000000
0.000000 0.000000 0.354855 0.354854 0.354852 0.354853 0.354855 0.354854 0.354854 0.354856 0.354856 0.354856 0.354854 0.354854 0.354855 0.354853 0.354852 0.354854 0.354855 0.000000 0.000000
0.000000 0.000000 0.359709 0.359709 0.359707 0.359707 0.359710 0.359709 0.359709 0.359710 0.359710 0.359710 0.359709 0.359709 0.359710 0.359707 0.359707 0.359709 0.359709 0.000000 0.000000
0.000000 0.000000 0.364134 0.364134 0.364132 0.364133 0.364135 0.364134 0.364134 0.364135 0.364135 0.364135 0.364134 0.364134 0.364135 0.364133 0.364132 0.364134 0.364134 0.000000 0.000000
0.000000 0.000000 0.368153 0.368153 0.368151 0.368152 0.368153 0.368153 0.368153 0.368154 0.368154 0.368154 0.368153 0.368153 0.368153 0.368152 0.368151 0.368153 0.368153 0.000000 0.000000
0.000000 0.000000 0.371880 0.371880 0.371879 0.371879 0.371880 0.371880 0.371880 0.371881 0.371881 0.371881 0.371880 0.371880 0.371880 0.371879 0.371879 0.371880 0.371880 0.000000 0.000000
0.000000 0.000000 0.375404 0.375404 0.375402 0.375403 0.375404 0.375404 0.375404 0.375404 0.375405 0.375404 0.375404 0.375404 0.375404 0.375403 0.375402 0.375404 0.375404 0.000000 0.000000
0.000000 0.000000 0.378766 0.378766 0.378765 0.378765 0.378766 0.378766 0.378766 0.378767 0.378767 0.378767 0.378766 0.378766 0.378766 0.378765 0.378765 0.378766 0.378766 0.000000 0.000000
0.000000 0.000000 0.382000 0.381999 0.381998 0.381999 0.382000 0.381999 0.381999 0.382000 0.382000 0.382000 0.381999 0.381999 0.382000 0.381999 0.381998 0.381999 0.382000 0.000000 0.000000
0.000000 0.000000 0.385129 0.385129 0.385127 0.385128 0.385129 0.385129 0.385129 0.385129 0.385130 0.385129 0.385129 0.385129 0.385129 0.385128 0.385127 0.385129 0.385129 0.000000 0.000000
0.000000 0.000000 0.388175 0.388175 0.388174 0.388175 0.388176 0.388175 0.388175 0.388176 0.388176 0.388176 0.388175 0.388175 0.388176 0.388175 0.388174 0.388175 0.388175 0.000000 0.000000
0.000000 0.000000 0.391147 0.391147 0.391146 0.391146 0.391147 0.391147 0.391147 0.391148 0.391148 0.391148 0.391147 0.391147 0.391147 0.391146 0.391146 0.391147 0.391147 0.000000 0.000000
0.000000 0.000000 0.394050 0.394049 0.394048 0.394049 0.394050 0.394049 0.394049 0.394050 0.394050 0.394050 0.394049 0.394049 0.394050 0.394049 0.394048 0.394049 0.394050 0.000000 0.000000
0.000000 0.000000 0.396887 0.396887 0.396886 0.396886 0.396887 0.396887 0.396887 0.396888 0.396888 0.396888 0.396887 0.396887 0.396887 0.396886 0.396886 0.396887 0.396887 0.000000 0.000000
0.000000 0.000000 0.399712 0.399712 0.399711 0.399711 0.399712 0.399712 0.399712 0.399712 0.399713 0.399712 0.399712 0.399712 0.399712 0.399711 0.399711 0.399712 0.399712 0.000000 0.000000
0.000000 0.000000 0.350000 0.350000 0.350000 0.350000 0.350000 0.350000 0.350000 0.350000 0.350000 0.350000 0.350000 0.350000 0.350000 0.350000 0.350000 0.350000 0.350000 0.000000 0.000000
0.000000 0.000000 0.000000 0.000000 0.000000 0.000000 0.000000 0.000000 0.000000 0.000000 0.000000 0.000000 0.000000 0.000000 0.000000 0.000000 0.000000 0.000000 0.000000 0.000000 0.000000