geotop/1.0zi/1.0Montebello/Templates/testdem/maps/_Eocsand6826.asc
ncols         21
nrows         20
xllcorner     100.000000
yllcorner     100.000000
cellsize      50.000000
NODATA_value  -9999.0
0.000000 0.000000 0.000000 0.000000 0.000000 0.000000 0.000000 0.000000 0.000000 0.000000 0.000000 0.000000 0.000000 0.000000 0.000000 0.000000 0.000000 0.000000 0.000000 0.000000 0.000000
0.000000 0.000000 0.300167 0.300165 0.300165 0.300166 0.300165 0.300164 0.300165 0.300165 0.300166 0.300165 0.300165 0.300165 0.300165 0.300165 0.300166 0.300166 0.300166 0.000000 0.000000
0.000000 0.000000 0.300009 0.300010 0.300009 0.300009 0.300010 0.300010 0.300009 0.300009 0.300010 0.300010 0.300009 0.300010 0.300009 0.300010 0.300010 0.300010 0.300011 0.000000 0.000000
0.000000 0.000000 0.299963 0.299962 0.299966 0.299971 0.299969 0.299970 0.299967 0.299970 0.299967 0.299970 0.299969 0.299970 0.299969 0.299964 0.299963 0.299960 0.299960 0.000000 0.000000
0.000000 0.000000 0.298646 0.298641 0.298648 0.298658 0.298675 0.298684 0.298685 0.298686 0.298688 0.298685 0.298688 0.298685 0.298667 0.298663 0.298660 0.298651 0.298639 0.000000 0.000000
0.000000 0.000000 0.294684 0.294683 0.294701 0.294739 0.294761 0.294800 0.294800 0.294811 0.294802 0.294800 0.294798 0.294799 0.294784 0.294758 0.294739 0.294721 0.294709 0.000000 0.000000
0.000000 0.000000 0.288836 0.288842 0.288857 0.288899 0.288949 0.289007 0.289006 0.289015 0.289011 0.289010 0.289013 0.289009 0.288963 0.288915 0.288890 0.288868 0.288852 0.000000 0.000000
0.000000 0.000000 0.281802 0.281804 0.281814 0.281860 0.281909 0.281972 0.281972 0.281979 0.281980 0.281982 0.281986 0.281976 0.281924 0.281878 0.281838 0.281828 0.281804 0.000000 0.000000
0.000000 0.000000 0.274434 0.274445 0.274469 0.274497 0.274547 0.274614 0.274610 0.274626 0.274630 0.274630 0.274629 0.274632 0.274568 0.274511 0.274481 0.274467 0.274447 0.000000 0.000000
0.000000 0.000000 0.266868 0.266881 0.266893 0.266918 0.266990 0.267050 0.267047 0.267056 0.267065 0.267058 0.267049 0.267055 0.267002 0.266939 0.266904 0.266895 0.266879 0.000000 0.000000
0.000000 0.000000 0.258910 0.258920 0.258931 0.258987 0.259034 0.259103 0.259088 0.259125 0.259121 0.259119 0.259131 0.259109 0.259065 0.259025 0.258982 0.258960 0.258926 0.000000 0.000000
0.000000 0.000000 0.250383 0.250404 0.250429 0.250469 0.250517 0.250601 0.250601 0.250618 0.250597 0.250621 0.250616 0.250610 0.250529 0.250487 0.250457 0.250443 0.250362 0.000000 0.000000
0.000000 0.000000 0.241449 0.241471 0.241484 0.241530 0.241573 0.241762 0.241763 0.241778 0.241821 0.241799 0.241786 0.241770 0.241628 0.241585 0.241515 0.241509 0.241456 0.000000 0.000000
0.000000 0.000000 0.231479 0.231489 0.231523 0.231558 0.231760 0.231789 0.231833 0.231835 0.231837 0.231838 0.231841 0.231848 0.231839 0.231624 0.231574 0.231520 0.231461 0.000000 0.000000
0.000000 0.000000 0.220207 0.220223 0.220272 0.220503 0.220544 0.220657 0.220729 0.220742 0.220780 0.220809 0.220782 0.220795 0.220693 0.220627 0.220313 0.220345 0.220317 0.000000 0.000000
0.000000 0.000000 0.208021 0.208039 0.208359 0.208366 0.208380 0.208443 0.208355 0.208397 0.208352 0.208386 0.208427 0.208354 0.208320 0.208296 0.208394 0.207977 0.207973 0.000000 0.000000
0.000000 0.000000 0.193456 0.193924 0.193988 0.194127 0.194357 0.194441 0.194510 0.194502 0.194614 0.194615 0.194559 0.194600 0.194483 0.194306 0.194012 0.194046 0.193565 0.000000 0.000000
0.000000 0.000000 0.184296 0.184103 0.183661 0.183740 0.183833 0.184254 0.184244 0.184348 0.184233 0.184264 0.184254 0.184227 0.183848 0.183773 0.183586 0.184014 0.184183 0.000000 0.000000
0.000000 0.000000 0.300000 0.300000 0.300000 0.300000 0.300000 0.300000 0.300000 0.300000 0.300000 0.300000 0.300000 0.300000 0.300000 0.300000 0.300000 0.300000 0.300000 0.000000 0.000000
0.000000 0.000000 0.000000 0.000000 0.000000 0.000000 0.000000 0.000000 0.000000 0.000000 0.000000 0.000000 0.000000 0.000000 0.000000 0.000000 0.000000 0.000000 0.000000 0.000000 0.000000