geotop/1.0zi/1.0Montebello/Templates/testdem/maps/_Eocclay6468.asc
ncols         21
nrows         20
xllcorner     100.000000
yllcorner     100.000000
cellsize      50.000000
NODATA_value  -9999.0
0.000000 0.000000 0.000000 0.000000 0.000000 0.000000 0.000000 0.000000 0.000000 0.000000 0.000000 0.000000 0.000000 0.000000 0.000000 0.000000 0.000000 0.000000 0.000000 0.000000 0.000000
0.000000 0.000000 0.349710 0.349711 0.349712 0.349711 0.349712 0.349712 0.349712 0.349712 0.349710 0.349712 0.349712 0.349711 0.349712 0.349712 0.349710 0.349710 0.349711 0.000000 0.000000
0.000000 0.000000 0.349989 0.349988 0.349988 0.349989 0.349988 0.349988 0.349988 0.349988 0.349987 0.349987 0.349988 0.349987 0.349988 0.349988 0.349989 0.349989 0.349987 0.000000 0.000000
0.000000 0.000000 0.349983 0.349987 0.349984 0.349984 0.349986 0.349986 0.349987 0.349984 0.349989 0.349986 0.349986 0.349986 0.349986 0.349988 0.349986 0.349988 0.349987 0.000000 0.000000
0.000000 0.000000 0.350594 0.350594 0.350591 0.350588 0.350574 0.350572 0.350572 0.350574 0.350571 0.350570 0.350566 0.350568 0.350574 0.350574 0.350580 0.350582 0.350589 0.000000 0.000000
0.000000 0.000000 0.352435 0.352435 0.352428 0.352405 0.352398 0.352379 0.352379 0.352374 0.352377 0.352378 0.352382 0.352382 0.352387 0.352402 0.352412 0.352423 0.352428 0.000000 0.000000
0.000000 0.000000 0.355165 0.355163 0.355158 0.355139 0.355115 0.355086 0.355085 0.355081 0.355082 0.355084 0.355085 0.355084 0.355106 0.355130 0.355142 0.355151 0.355159 0.000000 0.000000
0.000000 0.000000 0.358445 0.358445 0.358440 0.358417 0.358394 0.358362 0.358362 0.358359 0.358359 0.358358 0.358357 0.358362 0.358387 0.358408 0.358426 0.358433 0.358444 0.000000 0.000000
0.000000 0.000000 0.361829 0.361826 0.361816 0.361803 0.361780 0.361748 0.361750 0.361744 0.361741 0.361741 0.361741 0.361740 0.361770 0.361794 0.361810 0.361815 0.361825 0.000000 0.000000
0.000000 0.000000 0.365295 0.365289 0.365285 0.365273 0.365239 0.365210 0.365212 0.365208 0.365204 0.365207 0.365212 0.365208 0.365234 0.365262 0.365280 0.365283 0.365291 0.000000 0.000000
0.000000 0.000000 0.368932 0.368929 0.368924 0.368900 0.368877 0.368844 0.368851 0.368835 0.368835 0.368836 0.368832 0.368842 0.368862 0.368880 0.368900 0.368911 0.368926 0.000000 0.000000
0.000000 0.000000 0.372797 0.372791 0.372779 0.372760 0.372738 0.372698 0.372699 0.372691 0.372700 0.372689 0.372691 0.372694 0.372731 0.372750 0.372764 0.372770 0.372808 0.000000 0.000000
0.000000 0.000000 0.376822 0.376813 0.376808 0.376787 0.376767 0.376682 0.376681 0.376674 0.376655 0.376665 0.376672 0.376679 0.376742 0.376760 0.376793 0.376796 0.376821 0.000000 0.000000
0.000000 0.000000 0.381265 0.381261 0.381246 0.381230 0.381143 0.381125 0.381106 0.381105 0.381100 0.381102 0.381101 0.381098 0.381108 0.381199 0.381225 0.381247 0.381274 0.000000 0.000000
0.000000 0.000000 0.386242 0.386237 0.386216 0.386119 0.386095 0.386044 0.386012 0.386006 0.385989 0.385977 0.385990 0.385984 0.386026 0.386061 0.386196 0.386183 0.386199 0.000000 0.000000
0.000000 0.000000 0.391582 0.391577 0.391445 0.391433 0.391426 0.391396 0.391428 0.391411 0.391426 0.391411 0.391396 0.391425 0.391444 0.391454 0.391429 0.391597 0.391600 0.000000 0.000000
0.000000 0.000000 0.397871 0.397687 0.397645 0.397589 0.397497 0.397459 0.397436 0.397438 0.397394 0.397392 0.397413 0.397400 0.397449 0.397519 0.397633 0.397641 0.397833 0.000000 0.000000
0.000000 0.000000 0.402100 0.402151 0.402323 0.402284 0.402234 0.402062 0.402062 0.402022 0.402058 0.402047 0.402055 0.402063 0.402220 0.402258 0.402352 0.402180 0.402141 0.000000 0.000000
0.000000 0.000000 0.350000 0.350000 0.350000 0.350000 0.350000 0.350000 0.350000 0.350000 0.350000 0.350000 0.350000 0.350000 0.350000 0.350000 0.350000 0.350000 0.350000 0.000000 0.000000
0.000000 0.000000 0.000000 0.000000 0.000000 0.000000 0.000000 0.000000 0.000000 0.000000 0.000000 0.000000 0.000000 0.000000 0.000000 0.000000 0.000000 0.000000 0.000000 0.000000 0.000000