geotop/1.0zi/1.0Montebello/Templates/testdem/maps/_Eocsilt9211.asc
ncols         21
nrows         20
xllcorner     100.000000
yllcorner     100.000000
cellsize      50.000000
NODATA_value  -9999.0
0.000000 0.000000 0.000000 0.000000 0.000000 0.000000 0.000000 0.000000 0.000000 0.000000 0.000000 0.000000 0.000000 0.000000 0.000000 0.000000 0.000000 0.000000 0.000000 0.000000 0.000000
0.000000 0.000000 0.350195 0.350195 0.350195 0.350195 0.350195 0.350195 0.350195 0.350195 0.350195 0.350195 0.350195 0.350195 0.350195 0.350195 0.350195 0.350195 0.350195 0.000000 0.000000
0.000000 0.000000 0.350005 0.350005 0.350006 0.350005 0.350006 0.350006 0.350006 0.350006 0.350006 0.350006 0.350007 0.350007 0.350006 0.350005 0.350004 0.350004 0.350005 0.000000 0.000000
0.000000 0.000000 0.350123 0.350119 0.350114 0.350109 0.350109 0.350104 0.350107 0.350108 0.350105 0.350107 0.350107 0.350107 0.350110 0.350114 0.350119 0.350119 0.350122 0.000000 0.000000
0.000000 0.000000 0.351266 0.351270 0.351259 0.351243 0.351234 0.351229 0.351231 0.351228 0.351228 0.351230 0.351234 0.351232 0.351245 0.351252 0.351255 0.351258 0.351261 0.000000 0.000000
0.000000 0.000000 0.354526 0.354520 0.354506 0.354487 0.354457 0.354436 0.354433 0.354427 0.354431 0.354431 0.354434 0.354432 0.354447 0.354466 0.354475 0.354480 0.354487 0.000000 0.000000
0.000000 0.000000 0.359176 0.359166 0.359149 0.359118 0.359080 0.359031 0.359036 0.359032 0.359030 0.359029 0.359026 0.359032 0.359069 0.359097 0.359116 0.359128 0.359136 0.000000 0.000000
0.000000 0.000000 0.364678 0.364667 0.364655 0.364620 0.364581 0.364538 0.364540 0.364534 0.364531 0.364528 0.364526 0.364534 0.364570 0.364603 0.364633 0.364635 0.364649 0.000000 0.000000
0.000000 0.000000 0.370680 0.370663 0.370643 0.370618 0.370573 0.370519 0.370525 0.370514 0.370509 0.370506 0.370509 0.370507 0.370559 0.370598 0.370621 0.370628 0.370641 0.000000 0.000000
0.000000 0.000000 0.377178 0.377159 0.377143 0.377116 0.377057 0.377008 0.377010 0.377003 0.376994 0.376998 0.377004 0.377003 0.377044 0.377093 0.377120 0.377126 0.377133 0.000000 0.000000
0.000000 0.000000 0.384404 0.384390 0.384377 0.384313 0.384275 0.384212 0.384228 0.384193 0.384198 0.384193 0.384181 0.384202 0.384246 0.384276 0.384313 0.384325 0.384355 0.000000 0.000000
0.000000 0.000000 0.392666 0.392635 0.392598 0.392568 0.392513 0.392435 0.392437 0.392430 0.392444 0.392413 0.392427 0.392427 0.392504 0.392547 0.392568 0.392576 0.392640 0.000000 0.000000
0.000000 0.000000 0.401826 0.401798 0.401788 0.401720 0.401675 0.401457 0.401458 0.401446 0.401378 0.401415 0.401423 0.401444 0.401608 0.401648 0.401725 0.401727 0.401750 0.000000 0.000000
0.000000 0.000000 0.412964 0.412952 0.412891 0.412848 0.412550 0.412621 0.412563 0.412563 0.412594 0.412560 0.412554 0.412530 0.412464 0.412782 0.412805 0.412876 0.412925 0.000000 0.000000
0.000000 0.000000 0.426084 0.426044 0.425977 0.425588 0.425695 0.425477 0.425411 0.425388 0.425309 0.425270 0.425314 0.425314 0.425515 0.425422 0.425931 0.425818 0.425810 0.000000 0.000000
0.000000 0.000000 0.439440 0.439411 0.438896 0.439121 0.439048 0.439048 0.439268 0.439205 0.439319 0.439292 0.439199 0.439325 0.439281 0.439342 0.438827 0.439589 0.439577 0.000000 0.000000
0.000000 0.000000 0.453353 0.452780 0.452972 0.452715 0.452429 0.452337 0.452146 0.452190 0.451995 0.452017 0.452129 0.452013 0.452168 0.452379 0.452934 0.452498 0.453090 0.000000 0.000000
0.000000 0.000000 0.457737 0.458058 0.458419 0.458380 0.458361 0.458010 0.458052 0.457955 0.458099 0.458066 0.458052 0.458096 0.458390 0.458405 0.458459 0.458142 0.457823 0.000000 0.000000
0.000000 0.000000 0.350000 0.350000 0.350000 0.350000 0.350000 0.350000 0.350000 0.350000 0.350000 0.350000 0.350000 0.350000 0.350000 0.350000 0.350000 0.350000 0.350000 0.000000 0.000000
0.000000 0.000000 0.000000 0.000000 0.000000 0.000000 0.000000 0.000000 0.000000 0.000000 0.000000 0.000000 0.000000 0.000000 0.000000 0.000000 0.000000 0.000000 0.000000 0.000000 0.000000