geotop/1.0zi/1.0Montebello/Templates/testdem/maps/_Eocclay5064.asc
ncols         21
nrows         20
xllcorner     100.000000
yllcorner     100.000000
cellsize      50.000000
NODATA_value  -9999.0
0.000000 0.000000 0.000000 0.000000 0.000000 0.000000 0.000000 0.000000 0.000000 0.000000 0.000000 0.000000 0.000000 0.000000 0.000000 0.000000 0.000000 0.000000 0.000000 0.000000 0.000000
0.000000 0.000000 0.349777 0.349778 0.349778 0.349778 0.349778 0.349778 0.349778 0.349778 0.349778 0.349778 0.349778 0.349778 0.349778 0.349778 0.349778 0.349778 0.349778 0.000000 0.000000
0.000000 0.000000 0.349992 0.349992 0.349992 0.349992 0.349991 0.349992 0.349992 0.349991 0.349991 0.349991 0.349992 0.349992 0.349992 0.349992 0.349992 0.349991 0.349992 0.000000 0.000000
0.000000 0.000000 0.349987 0.349989 0.349987 0.349988 0.349990 0.349990 0.349990 0.349988 0.349989 0.349988 0.349988 0.349987 0.349990 0.349991 0.349989 0.349990 0.349989 0.000000 0.000000
0.000000 0.000000 0.350382 0.350381 0.350381 0.350376 0.350367 0.350365 0.350366 0.350367 0.350364 0.350366 0.350363 0.350364 0.350369 0.350368 0.350372 0.350374 0.350377 0.000000 0.000000
0.000000 0.000000 0.351764 0.351767 0.351761 0.351745 0.351741 0.351727 0.351726 0.351722 0.351726 0.351725 0.351729 0.351730 0.351732 0.351741 0.351746 0.351755 0.351760 0.000000 0.000000
0.000000 0.000000 0.353777 0.353775 0.353771 0.353757 0.353741 0.353718 0.353718 0.353714 0.353717 0.353717 0.353719 0.353719 0.353735 0.353753 0.353762 0.353769 0.353776 0.000000 0.000000
0.000000 0.000000 0.356187 0.356185 0.356183 0.356166 0.356149 0.356125 0.356126 0.356123 0.356123 0.356123 0.356122 0.356125 0.356144 0.356161 0.356170 0.356176 0.356184 0.000000 0.000000
0.000000 0.000000 0.358616 0.358613 0.358609 0.358596 0.358580 0.358557 0.358558 0.358554 0.358554 0.358555 0.358554 0.358556 0.358573 0.358593 0.358601 0.358606 0.358614 0.000000 0.000000
0.000000 0.000000 0.361063 0.361059 0.361057 0.361047 0.361026 0.361004 0.361006 0.361003 0.361003 0.361003 0.361002 0.361002 0.361024 0.361042 0.361047 0.361054 0.361060 0.000000 0.000000
0.000000 0.000000 0.363578 0.363574 0.363572 0.363558 0.363542 0.363516 0.363518 0.363513 0.363513 0.363514 0.363512 0.363514 0.363531 0.363547 0.363559 0.363565 0.363573 0.000000 0.000000
0.000000 0.000000 0.366189 0.366186 0.366182 0.366167 0.366151 0.366125 0.366124 0.366121 0.366121 0.366120 0.366119 0.366120 0.366143 0.366161 0.366168 0.366173 0.366200 0.000000 0.000000
0.000000 0.000000 0.368849 0.368845 0.368839 0.368828 0.368808 0.368753 0.368753 0.368749 0.368749 0.368749 0.368747 0.368749 0.368796 0.368817 0.368827 0.368832 0.368848 0.000000 0.000000
0.000000 0.000000 0.371699 0.371690 0.371687 0.371675 0.371619 0.371604 0.371595 0.371592 0.371592 0.371592 0.371589 0.371591 0.371605 0.371660 0.371670 0.371682 0.371692 0.000000 0.000000
0.000000 0.000000 0.374796 0.374790 0.374776 0.374725 0.374699 0.374665 0.374647 0.374643 0.374634 0.374634 0.374637 0.374633 0.374659 0.374694 0.374756 0.374754 0.374763 0.000000 0.000000
0.000000 0.000000 0.378022 0.378015 0.377953 0.377938 0.377922 0.377903 0.377903 0.377903 0.377906 0.377905 0.377897 0.377911 0.377920 0.377933 0.377934 0.378006 0.378022 0.000000 0.000000
0.000000 0.000000 0.381647 0.381562 0.381514 0.381489 0.381443 0.381417 0.381412 0.381409 0.381399 0.381399 0.381402 0.381395 0.381415 0.381465 0.381499 0.381529 0.381615 0.000000 0.000000
0.000000 0.000000 0.384407 0.384398 0.384459 0.384428 0.384393 0.384307 0.384299 0.384292 0.384296 0.384295 0.384290 0.384299 0.384377 0.384414 0.384457 0.384383 0.384410 0.000000 0.000000
0.000000 0.000000 0.350000 0.350000 0.350000 0.350000 0.350000 0.350000 0.350000 0.350000 0.350000 0.350000 0.350000 0.350000 0.350000 0.350000 0.350000 0.350000 0.350000 0.000000 0.000000
0.000000 0.000000 0.000000 0.000000 0.000000 0.000000 0.000000 0.000000 0.000000 0.000000 0.000000 0.000000 0.000000 0.000000 0.000000 0.000000 0.000000 0.000000 0.000000 0.000000 0.000000