geotop/1.0zi/1.0Montebello/Templates/testdem/maps/_Eocclay0374.asc
ncols         21
nrows         20
xllcorner     100.000000
yllcorner     100.000000
cellsize      50.000000
NODATA_value  -9999.0
0.000000 0.000000 0.000000 0.000000 0.000000 0.000000 0.000000 0.000000 0.000000 0.000000 0.000000 0.000000 0.000000 0.000000 0.000000 0.000000 0.000000 0.000000 0.000000 0.000000 0.000000
0.000000 0.000000 0.349975 0.349975 0.349975 0.349975 0.349975 0.349975 0.349975 0.349975 0.349975 0.349975 0.349975 0.349975 0.349975 0.349975 0.349975 0.349975 0.349975 0.000000 0.000000
0.000000 0.000000 0.349998 0.349997 0.349997 0.349997 0.349997 0.349998 0.349998 0.349998 0.349998 0.349998 0.349998 0.349998 0.349997 0.349997 0.349997 0.349997 0.349998 0.000000 0.000000
0.000000 0.000000 0.350267 0.350267 0.350265 0.350267 0.350267 0.350267 0.350267 0.350267 0.350267 0.350267 0.350267 0.350267 0.350267 0.350267 0.350265 0.350267 0.350267 0.000000 0.000000
0.000000 0.000000 0.350994 0.350994 0.350992 0.350994 0.350994 0.350994 0.350994 0.350994 0.350994 0.350994 0.350994 0.350994 0.350994 0.350994 0.350992 0.350994 0.350994 0.000000 0.000000
0.000000 0.000000 0.351664 0.351664 0.351662 0.351664 0.351664 0.351664 0.351664 0.351664 0.351664 0.351664 0.351664 0.351664 0.351664 0.351664 0.351662 0.351664 0.351664 0.000000 0.000000
0.000000 0.000000 0.352281 0.352281 0.352280 0.352281 0.352281 0.352281 0.352281 0.352281 0.352281 0.352281 0.352281 0.352281 0.352281 0.352281 0.352280 0.352281 0.352281 0.000000 0.000000
0.000000 0.000000 0.352851 0.352851 0.352850 0.352851 0.352851 0.352851 0.352851 0.352851 0.352851 0.352851 0.352851 0.352851 0.352851 0.352851 0.352850 0.352851 0.352851 0.000000 0.000000
0.000000 0.000000 0.353387 0.353387 0.353386 0.353387 0.353387 0.353388 0.353388 0.353387 0.353387 0.353387 0.353388 0.353388 0.353387 0.353387 0.353386 0.353387 0.353387 0.000000 0.000000
0.000000 0.000000 0.353905 0.353905 0.353903 0.353905 0.353905 0.353905 0.353905 0.353905 0.353905 0.353905 0.353905 0.353905 0.353905 0.353905 0.353903 0.353905 0.353905 0.000000 0.000000
0.000000 0.000000 0.354407 0.354407 0.354405 0.354407 0.354407 0.354407 0.354407 0.354407 0.354407 0.354407 0.354407 0.354407 0.354407 0.354407 0.354405 0.354407 0.354407 0.000000 0.000000
0.000000 0.000000 0.354898 0.354898 0.354897 0.354898 0.354898 0.354898 0.354898 0.354898 0.354898 0.354898 0.354898 0.354898 0.354898 0.354898 0.354897 0.354898 0.354898 0.000000 0.000000
0.000000 0.000000 0.355380 0.355380 0.355379 0.355380 0.355380 0.355380 0.355380 0.355380 0.355380 0.355380 0.355380 0.355380 0.355380 0.355380 0.355379 0.355380 0.355380 0.000000 0.000000
0.000000 0.000000 0.355853 0.355853 0.355852 0.355853 0.355853 0.355853 0.355853 0.355853 0.355853 0.355853 0.355853 0.355853 0.355853 0.355853 0.355852 0.355853 0.355853 0.000000 0.000000
0.000000 0.000000 0.356320 0.356320 0.356319 0.356320 0.356320 0.356320 0.356320 0.356320 0.356320 0.356320 0.356320 0.356320 0.356320 0.356320 0.356319 0.356320 0.356320 0.000000 0.000000
0.000000 0.000000 0.356787 0.356787 0.356785 0.356787 0.356787 0.356787 0.356787 0.356787 0.356787 0.356787 0.356787 0.356787 0.356787 0.356787 0.356785 0.356787 0.356787 0.000000 0.000000
0.000000 0.000000 0.357247 0.357247 0.357246 0.357247 0.357247 0.357247 0.357247 0.357247 0.357247 0.357247 0.357247 0.357247 0.357247 0.357247 0.357246 0.357247 0.357247 0.000000 0.000000
0.000000 0.000000 0.357725 0.357725 0.357724 0.357725 0.357725 0.357726 0.357726 0.357725 0.357725 0.357725 0.357726 0.357726 0.357725 0.357725 0.357724 0.357725 0.357725 0.000000 0.000000
0.000000 0.000000 0.350000 0.350000 0.350000 0.350000 0.350000 0.350000 0.350000 0.350000 0.350000 0.350000 0.350000 0.350000 0.350000 0.350000 0.350000 0.350000 0.350000 0.000000 0.000000
0.000000 0.000000 0.000000 0.000000 0.000000 0.000000 0.000000 0.000000 0.000000 0.000000 0.000000 0.000000 0.000000 0.000000 0.000000 0.000000 0.000000 0.000000 0.000000 0.000000 0.000000