geotop/1.0zi/1.0Montebello/Templates/testdem/maps/_Eocsilt4077.asc
ncols         21
nrows         20
xllcorner     100.000000
yllcorner     100.000000
cellsize      50.000000
NODATA_value  -9999.0
0.000000 0.000000 0.000000 0.000000 0.000000 0.000000 0.000000 0.000000 0.000000 0.000000 0.000000 0.000000 0.000000 0.000000 0.000000 0.000000 0.000000 0.000000 0.000000 0.000000 0.000000
0.000000 0.000000 0.350083 0.350083 0.350084 0.350083 0.350083 0.350083 0.350084 0.350084 0.350084 0.350084 0.350084 0.350084 0.350083 0.350084 0.350084 0.350083 0.350083 0.000000 0.000000
0.000000 0.000000 0.350001 0.350002 0.350002 0.350002 0.350003 0.350003 0.350003 0.350003 0.350003 0.350003 0.350003 0.350003 0.350002 0.350002 0.350001 0.350001 0.350001 0.000000 0.000000
0.000000 0.000000 0.350032 0.350031 0.350031 0.350027 0.350028 0.350025 0.350027 0.350028 0.350027 0.350027 0.350027 0.350026 0.350028 0.350031 0.350031 0.350033 0.350032 0.000000 0.000000
0.000000 0.000000 0.350378 0.350380 0.350378 0.350379 0.350378 0.350376 0.350374 0.350372 0.350370 0.350373 0.350373 0.350374 0.350375 0.350374 0.350373 0.350378 0.350380 0.000000 0.000000
0.000000 0.000000 0.351453 0.351454 0.351451 0.351448 0.351445 0.351434 0.351433 0.351428 0.351433 0.351435 0.351436 0.351431 0.351432 0.351437 0.351441 0.351440 0.351442 0.000000 0.000000
0.000000 0.000000 0.353087 0.353088 0.353086 0.353076 0.353065 0.353051 0.353054 0.353051 0.353054 0.353052 0.353048 0.353048 0.353056 0.353069 0.353074 0.353078 0.353084 0.000000 0.000000
0.000000 0.000000 0.354995 0.354991 0.354987 0.354976 0.354964 0.354948 0.354950 0.354947 0.354947 0.354947 0.354944 0.354941 0.354956 0.354972 0.354982 0.354983 0.354988 0.000000 0.000000
0.000000 0.000000 0.356920 0.356915 0.356909 0.356901 0.356890 0.356870 0.356872 0.356868 0.356869 0.356870 0.356867 0.356865 0.356879 0.356895 0.356902 0.356907 0.356914 0.000000 0.000000
0.000000 0.000000 0.358830 0.358826 0.358821 0.358812 0.358799 0.358782 0.358785 0.358782 0.358782 0.358783 0.358779 0.358776 0.358792 0.358808 0.358815 0.358818 0.358823 0.000000 0.000000
0.000000 0.000000 0.360748 0.360744 0.360738 0.360732 0.360722 0.360702 0.360705 0.360700 0.360700 0.360702 0.360698 0.360695 0.360708 0.360720 0.360729 0.360732 0.360739 0.000000 0.000000
0.000000 0.000000 0.362723 0.362719 0.362712 0.362702 0.362691 0.362672 0.362672 0.362669 0.362669 0.362669 0.362666 0.362663 0.362681 0.362695 0.362703 0.362707 0.362728 0.000000 0.000000
0.000000 0.000000 0.364717 0.364712 0.364705 0.364698 0.364685 0.364645 0.364646 0.364642 0.364642 0.364642 0.364638 0.364636 0.364669 0.364686 0.364694 0.364698 0.364712 0.000000 0.000000
0.000000 0.000000 0.366816 0.366809 0.366803 0.366795 0.366757 0.366747 0.366741 0.366738 0.366738 0.366738 0.366734 0.366731 0.366741 0.366781 0.366790 0.366798 0.366806 0.000000 0.000000
0.000000 0.000000 0.369067 0.369061 0.369047 0.369014 0.368997 0.368973 0.368960 0.368956 0.368950 0.368949 0.368949 0.368942 0.368959 0.368988 0.369031 0.369030 0.369036 0.000000 0.000000
0.000000 0.000000 0.371376 0.371370 0.371326 0.371319 0.371310 0.371298 0.371296 0.371295 0.371296 0.371296 0.371288 0.371292 0.371296 0.371309 0.371310 0.371355 0.371366 0.000000 0.000000
0.000000 0.000000 0.373927 0.373872 0.373833 0.373819 0.373793 0.373780 0.373776 0.373774 0.373768 0.373768 0.373766 0.373759 0.373767 0.373799 0.373820 0.373844 0.373898 0.000000 0.000000
0.000000 0.000000 0.375940 0.375924 0.375954 0.375935 0.375913 0.375862 0.375857 0.375851 0.375853 0.375852 0.375847 0.375846 0.375891 0.375920 0.375952 0.375906 0.375930 0.000000 0.000000
0.000000 0.000000 0.350000 0.350000 0.350000 0.350000 0.350000 0.350000 0.350000 0.350000 0.350000 0.350000 0.350000 0.350000 0.350000 0.350000 0.350000 0.350000 0.350000 0.000000 0.000000
0.000000 0.000000 0.000000 0.000000 0.000000 0.000000 0.000000 0.000000 0.000000 0.000000 0.000000 0.000000 0.000000 0.000000 0.000000 0.000000 0.000000 0.000000 0.000000 0.000000 0.000000