geotop/1.0zi/1.0Montebello/Templates/testdem/maps/_Eocsand0291.asc
ncols         21
nrows         20
xllcorner     100.000000
yllcorner     100.000000
cellsize      50.000000
NODATA_value  -9999.0
0.000000 0.000000 0.000000 0.000000 0.000000 0.000000 0.000000 0.000000 0.000000 0.000000 0.000000 0.000000 0.000000 0.000000 0.000000 0.000000 0.000000 0.000000 0.000000 0.000000 0.000000
0.000000 0.000000 0.300013 0.300013 0.300013 0.300013 0.300013 0.300013 0.300013 0.300013 0.300013 0.300013 0.300013 0.300013 0.300013 0.300013 0.300013 0.300013 0.300013 0.000000 0.000000
0.000000 0.000000 0.300001 0.300001 0.300002 0.300001 0.300001 0.300001 0.300001 0.300001 0.300001 0.300001 0.300001 0.300001 0.300001 0.300001 0.300002 0.300001 0.300001 0.000000 0.000000
0.000000 0.000000 0.299507 0.299507 0.299512 0.299507 0.299507 0.299507 0.299507 0.299507 0.299507 0.299507 0.299507 0.299507 0.299507 0.299507 0.299512 0.299507 0.299507 0.000000 0.000000
0.000000 0.000000 0.298260 0.298260 0.298264 0.298260 0.298260 0.298260 0.298260 0.298260 0.298260 0.298260 0.298260 0.298260 0.298260 0.298260 0.298264 0.298260 0.298260 0.000000 0.000000
0.000000 0.000000 0.297118 0.297118 0.297122 0.297119 0.297118 0.297118 0.297118 0.297118 0.297118 0.297118 0.297118 0.297118 0.297118 0.297119 0.297122 0.297118 0.297118 0.000000 0.000000
0.000000 0.000000 0.296095 0.296095 0.296098 0.296095 0.296095 0.296095 0.296095 0.296095 0.296095 0.296095 0.296095 0.296095 0.296095 0.296095 0.296098 0.296095 0.296095 0.000000 0.000000
0.000000 0.000000 0.295155 0.295156 0.295158 0.295156 0.295155 0.295155 0.295155 0.295155 0.295155 0.295155 0.295155 0.295155 0.295155 0.295156 0.295158 0.295156 0.295155 0.000000 0.000000
0.000000 0.000000 0.294274 0.294274 0.294277 0.294275 0.294274 0.294274 0.294274 0.294274 0.294274 0.294274 0.294274 0.294274 0.294274 0.294275 0.294277 0.294274 0.294274 0.000000 0.000000
0.000000 0.000000 0.293426 0.293427 0.293429 0.293427 0.293427 0.293426 0.293426 0.293426 0.293426 0.293426 0.293426 0.293426 0.293427 0.293427 0.293429 0.293427 0.293426 0.000000 0.000000
0.000000 0.000000 0.292606 0.292606 0.292609 0.292606 0.292606 0.292606 0.292606 0.292606 0.292606 0.292606 0.292606 0.292606 0.292606 0.292606 0.292609 0.292606 0.292606 0.000000 0.000000
0.000000 0.000000 0.291805 0.291805 0.291808 0.291806 0.291805 0.291805 0.291805 0.291805 0.291805 0.291805 0.291805 0.291805 0.291805 0.291806 0.291808 0.291805 0.291805 0.000000 0.000000
0.000000 0.000000 0.291020 0.291020 0.291023 0.291020 0.291020 0.291020 0.291020 0.291020 0.291020 0.291020 0.291020 0.291020 0.291020 0.291020 0.291023 0.291020 0.291020 0.000000 0.000000
0.000000 0.000000 0.290251 0.290251 0.290254 0.290251 0.290251 0.290251 0.290251 0.290251 0.290251 0.290251 0.290251 0.290251 0.290251 0.290251 0.290254 0.290251 0.290251 0.000000 0.000000
0.000000 0.000000 0.289492 0.289493 0.289495 0.289493 0.289492 0.289492 0.289492 0.289492 0.289492 0.289492 0.289492 0.289492 0.289492 0.289493 0.289495 0.289493 0.289492 0.000000 0.000000
0.000000 0.000000 0.288738 0.288739 0.288741 0.288739 0.288738 0.288738 0.288738 0.288738 0.288738 0.288738 0.288738 0.288738 0.288738 0.288739 0.288741 0.288739 0.288738 0.000000 0.000000
0.000000 0.000000 0.287996 0.287996 0.287999 0.287996 0.287996 0.287996 0.287996 0.287996 0.287996 0.287996 0.287996 0.287996 0.287996 0.287996 0.287999 0.287996 0.287996 0.000000 0.000000
0.000000 0.000000 0.287217 0.287217 0.287220 0.287217 0.287217 0.287217 0.287217 0.287217 0.287217 0.287217 0.287217 0.287217 0.287217 0.287217 0.287220 0.287217 0.287217 0.000000 0.000000
0.000000 0.000000 0.300000 0.300000 0.300000 0.300000 0.300000 0.300000 0.300000 0.300000 0.300000 0.300000 0.300000 0.300000 0.300000 0.300000 0.300000 0.300000 0.300000 0.000000 0.000000
0.000000 0.000000 0.000000 0.000000 0.000000 0.000000 0.000000 0.000000 0.000000 0.000000 0.000000 0.000000 0.000000 0.000000 0.000000 0.000000 0.000000 0.000000 0.000000 0.000000 0.000000