geotop/1.0zi/1.0Montebello/Templates/testdem/maps/_Eocclay7386.asc
ncols         21
nrows         20
xllcorner     100.000000
yllcorner     100.000000
cellsize      50.000000
NODATA_value  -9999.0
0.000000 0.000000 0.000000 0.000000 0.000000 0.000000 0.000000 0.000000 0.000000 0.000000 0.000000 0.000000 0.000000 0.000000 0.000000 0.000000 0.000000 0.000000 0.000000 0.000000 0.000000
0.000000 0.000000 0.349660 0.349661 0.349662 0.349660 0.349662 0.349662 0.349662 0.349662 0.349660 0.349662 0.349662 0.349661 0.349662 0.349662 0.349660 0.349660 0.349661 0.000000 0.000000
0.000000 0.000000 0.349986 0.349986 0.349986 0.349987 0.349986 0.349985 0.349986 0.349986 0.349985 0.349985 0.349986 0.349985 0.349986 0.349986 0.349987 0.349986 0.349984 0.000000 0.000000
0.000000 0.000000 0.350006 0.350011 0.350007 0.350007 0.350009 0.350006 0.350008 0.350006 0.350009 0.350007 0.350007 0.350005 0.350007 0.350009 0.350008 0.350012 0.350010 0.000000 0.000000
0.000000 0.000000 0.350919 0.350916 0.350913 0.350907 0.350892 0.350890 0.350887 0.350890 0.350887 0.350887 0.350884 0.350888 0.350897 0.350898 0.350906 0.350907 0.350914 0.000000 0.000000
0.000000 0.000000 0.353390 0.353388 0.353377 0.353351 0.353338 0.353316 0.353317 0.353311 0.353314 0.353313 0.353315 0.353317 0.353327 0.353345 0.353359 0.353373 0.353379 0.000000 0.000000
0.000000 0.000000 0.356820 0.356817 0.356809 0.356787 0.356758 0.356723 0.356722 0.356717 0.356718 0.356719 0.356719 0.356719 0.356750 0.356778 0.356793 0.356805 0.356812 0.000000 0.000000
0.000000 0.000000 0.360909 0.360907 0.360900 0.360872 0.360845 0.360807 0.360807 0.360803 0.360802 0.360799 0.360797 0.360805 0.360837 0.360861 0.360885 0.360894 0.360905 0.000000 0.000000
0.000000 0.000000 0.365188 0.365182 0.365170 0.365153 0.365124 0.365085 0.365088 0.365079 0.365076 0.365075 0.365075 0.365075 0.365112 0.365144 0.365162 0.365171 0.365180 0.000000 0.000000
0.000000 0.000000 0.369659 0.369650 0.369644 0.369628 0.369586 0.369551 0.369551 0.369547 0.369541 0.369544 0.369549 0.369547 0.369579 0.369615 0.369636 0.369644 0.369651 0.000000 0.000000
0.000000 0.000000 0.374454 0.374448 0.374441 0.374407 0.374377 0.374337 0.374345 0.374324 0.374325 0.374325 0.374317 0.374332 0.374360 0.374383 0.374410 0.374425 0.374443 0.000000 0.000000
0.000000 0.000000 0.379679 0.379665 0.379650 0.379627 0.379595 0.379545 0.379543 0.379536 0.379547 0.379530 0.379533 0.379538 0.379589 0.379614 0.379633 0.379644 0.379690 0.000000 0.000000
0.000000 0.000000 0.385238 0.385224 0.385217 0.385187 0.385159 0.385037 0.385036 0.385028 0.384997 0.385012 0.385019 0.385031 0.385124 0.385150 0.385197 0.385202 0.385229 0.000000 0.000000
0.000000 0.000000 0.391593 0.391588 0.391565 0.391542 0.391400 0.391396 0.391366 0.391366 0.391369 0.391363 0.391360 0.391355 0.391353 0.391501 0.391531 0.391571 0.391603 0.000000 0.000000
0.000000 0.000000 0.398939 0.398927 0.398895 0.398726 0.398717 0.398635 0.398589 0.398580 0.398551 0.398529 0.398548 0.398542 0.398623 0.398644 0.398871 0.398844 0.398855 0.000000 0.000000
0.000000 0.000000 0.406977 0.406965 0.406724 0.406755 0.406741 0.406703 0.406782 0.406753 0.406791 0.406768 0.406733 0.406793 0.406813 0.406826 0.406701 0.407034 0.407030 0.000000 0.000000
0.000000 0.000000 0.416911 0.416533 0.416547 0.416423 0.416232 0.416174 0.416096 0.416113 0.416011 0.416015 0.416068 0.416022 0.416117 0.416257 0.416532 0.416420 0.416808 0.000000 0.000000
0.000000 0.000000 0.421987 0.422262 0.422618 0.422588 0.422559 0.422226 0.422254 0.422166 0.422289 0.422260 0.422252 0.422290 0.422581 0.422601 0.422681 0.422368 0.422106 0.000000 0.000000
0.000000 0.000000 0.350000 0.350000 0.350000 0.350000 0.350000 0.350000 0.350000 0.350000 0.350000 0.350000 0.350000 0.350000 0.350000 0.350000 0.350000 0.350000 0.350000 0.000000 0.000000
0.000000 0.000000 0.000000 0.000000 0.000000 0.000000 0.000000 0.000000 0.000000 0.000000 0.000000 0.000000 0.000000 0.000000 0.000000 0.000000 0.000000 0.000000 0.000000 0.000000 0.000000