geotop/1.0zi/1.0Montebello/Templates/testdem/maps/_Eocsilt6392.asc
ncols         21
nrows         20
xllcorner     100.000000
yllcorner     100.000000
cellsize      50.000000
NODATA_value  -9999.0
0.000000 0.000000 0.000000 0.000000 0.000000 0.000000 0.000000 0.000000 0.000000 0.000000 0.000000 0.000000 0.000000 0.000000 0.000000 0.000000 0.000000 0.000000 0.000000 0.000000 0.000000
0.000000 0.000000 0.350128 0.350128 0.350128 0.350129 0.350128 0.350129 0.350128 0.350128 0.350129 0.350128 0.350128 0.350128 0.350128 0.350128 0.350129 0.350129 0.350128 0.000000 0.000000
0.000000 0.000000 0.350002 0.350002 0.350002 0.350002 0.350003 0.350003 0.350003 0.350003 0.350003 0.350003 0.350003 0.350003 0.350003 0.350002 0.350001 0.350001 0.350002 0.000000 0.000000
0.000000 0.000000 0.350053 0.350051 0.350050 0.350044 0.350045 0.350043 0.350045 0.350046 0.350044 0.350044 0.350044 0.350044 0.350047 0.350050 0.350051 0.350052 0.350053 0.000000 0.000000
0.000000 0.000000 0.350626 0.350632 0.350629 0.350624 0.350620 0.350614 0.350613 0.350610 0.350609 0.350610 0.350613 0.350613 0.350619 0.350622 0.350623 0.350632 0.350636 0.000000 0.000000
0.000000 0.000000 0.352355 0.352358 0.352351 0.352336 0.352324 0.352306 0.352305 0.352300 0.352304 0.352306 0.352307 0.352304 0.352311 0.352320 0.352329 0.352333 0.352339 0.000000 0.000000
0.000000 0.000000 0.354951 0.354949 0.354941 0.354921 0.354897 0.354872 0.354873 0.354870 0.354871 0.354871 0.354868 0.354872 0.354892 0.354913 0.354924 0.354935 0.354943 0.000000 0.000000
0.000000 0.000000 0.358117 0.358118 0.358115 0.358095 0.358071 0.358043 0.358043 0.358040 0.358039 0.358039 0.358037 0.358041 0.358064 0.358086 0.358105 0.358108 0.358119 0.000000 0.000000
0.000000 0.000000 0.361451 0.361446 0.361435 0.361422 0.361399 0.361367 0.361368 0.361362 0.361359 0.361360 0.361360 0.361359 0.361390 0.361413 0.361430 0.361436 0.361446 0.000000 0.000000
0.000000 0.000000 0.364834 0.364830 0.364824 0.364814 0.364781 0.364753 0.364754 0.364751 0.364746 0.364750 0.364754 0.364750 0.364776 0.364803 0.364820 0.364823 0.364830 0.000000 0.000000
0.000000 0.000000 0.368340 0.368338 0.368334 0.368309 0.368287 0.368256 0.368263 0.368247 0.368247 0.368249 0.368244 0.368253 0.368274 0.368291 0.368310 0.368320 0.368335 0.000000 0.000000
0.000000 0.000000 0.372065 0.372059 0.372047 0.372029 0.372008 0.371970 0.371970 0.371963 0.371971 0.371961 0.371963 0.371967 0.372004 0.372021 0.372034 0.372040 0.372077 0.000000 0.000000
0.000000 0.000000 0.375927 0.375919 0.375913 0.375893 0.375875 0.375793 0.375793 0.375786 0.375768 0.375777 0.375783 0.375790 0.375851 0.375868 0.375898 0.375901 0.375926 0.000000 0.000000
0.000000 0.000000 0.380174 0.380170 0.380156 0.380142 0.380059 0.380042 0.380024 0.380023 0.380018 0.380021 0.380019 0.380016 0.380026 0.380111 0.380135 0.380156 0.380183 0.000000 0.000000
0.000000 0.000000 0.384917 0.384913 0.384893 0.384801 0.384778 0.384729 0.384699 0.384694 0.384678 0.384666 0.384678 0.384673 0.384713 0.384747 0.384873 0.384861 0.384877 0.000000 0.000000
0.000000 0.000000 0.389995 0.389990 0.389867 0.389854 0.389848 0.389819 0.389848 0.389832 0.389846 0.389833 0.389818 0.389845 0.389864 0.389874 0.389851 0.390008 0.390011 0.000000 0.000000
0.000000 0.000000 0.395939 0.395768 0.395727 0.395676 0.395591 0.395555 0.395535 0.395536 0.395495 0.395494 0.395513 0.395501 0.395547 0.395611 0.395715 0.395726 0.395904 0.000000 0.000000
0.000000 0.000000 0.399978 0.400020 0.400179 0.400142 0.400094 0.399935 0.399935 0.399897 0.399930 0.399920 0.399928 0.399935 0.400081 0.400117 0.400205 0.400046 0.400014 0.000000 0.000000
0.000000 0.000000 0.350000 0.350000 0.350000 0.350000 0.350000 0.350000 0.350000 0.350000 0.350000 0.350000 0.350000 0.350000 0.350000 0.350000 0.350000 0.350000 0.350000 0.000000 0.000000
0.000000 0.000000 0.000000 0.000000 0.000000 0.000000 0.000000 0.000000 0.000000 0.000000 0.000000 0.000000 0.000000 0.000000 0.000000 0.000000 0.000000 0.000000 0.000000 0.000000 0.000000