geotop/1.0zi/1.0Montebello/Templates/testdem/maps/_Eocclay6957.asc
ncols         21
nrows         20
xllcorner     100.000000
yllcorner     100.000000
cellsize      50.000000
NODATA_value  -9999.0
0.000000 0.000000 0.000000 0.000000 0.000000 0.000000 0.000000 0.000000 0.000000 0.000000 0.000000 0.000000 0.000000 0.000000 0.000000 0.000000 0.000000 0.000000 0.000000 0.000000 0.000000
0.000000 0.000000 0.349688 0.349689 0.349690 0.349689 0.349690 0.349690 0.349690 0.349690 0.349688 0.349690 0.349690 0.349690 0.349690 0.349690 0.349688 0.349688 0.349689 0.000000 0.000000
0.000000 0.000000 0.349987 0.349987 0.349987 0.349988 0.349987 0.349987 0.349987 0.349987 0.349987 0.349986 0.349987 0.349986 0.349987 0.349987 0.349988 0.349988 0.349985 0.000000 0.000000
0.000000 0.000000 0.349976 0.349981 0.349978 0.349978 0.349980 0.349981 0.349982 0.349979 0.349983 0.349981 0.349981 0.349980 0.349979 0.349981 0.349979 0.349981 0.349980 0.000000 0.000000
0.000000 0.000000 0.350698 0.350696 0.350693 0.350689 0.350675 0.350673 0.350673 0.350674 0.350672 0.350673 0.350668 0.350671 0.350680 0.350680 0.350686 0.350687 0.350695 0.000000 0.000000
0.000000 0.000000 0.352864 0.352863 0.352853 0.352828 0.352818 0.352796 0.352798 0.352792 0.352796 0.352796 0.352798 0.352798 0.352806 0.352823 0.352834 0.352846 0.352853 0.000000 0.000000
0.000000 0.000000 0.355965 0.355962 0.355955 0.355935 0.355909 0.355877 0.355876 0.355871 0.355873 0.355875 0.355874 0.355874 0.355900 0.355926 0.355938 0.355949 0.355957 0.000000 0.000000
0.000000 0.000000 0.359666 0.359665 0.359658 0.359633 0.359608 0.359574 0.359574 0.359570 0.359570 0.359569 0.359566 0.359573 0.359601 0.359623 0.359643 0.359650 0.359662 0.000000 0.000000
0.000000 0.000000 0.363511 0.363505 0.363494 0.363479 0.363453 0.363419 0.363421 0.363413 0.363411 0.363411 0.363410 0.363409 0.363442 0.363471 0.363486 0.363493 0.363503 0.000000 0.000000
0.000000 0.000000 0.367486 0.367478 0.367473 0.367459 0.367421 0.367390 0.367391 0.367386 0.367382 0.367385 0.367390 0.367387 0.367415 0.367447 0.367465 0.367470 0.367478 0.000000 0.000000
0.000000 0.000000 0.371703 0.371698 0.371692 0.371663 0.371638 0.371600 0.371609 0.371589 0.371591 0.371592 0.371585 0.371597 0.371620 0.371641 0.371664 0.371675 0.371693 0.000000 0.000000
0.000000 0.000000 0.376238 0.376227 0.376213 0.376192 0.376166 0.376122 0.376122 0.376114 0.376124 0.376111 0.376113 0.376116 0.376159 0.376181 0.376196 0.376204 0.376246 0.000000 0.000000
0.000000 0.000000 0.381013 0.381001 0.380994 0.380969 0.380946 0.380844 0.380843 0.380835 0.380812 0.380824 0.380830 0.380839 0.380916 0.380938 0.380976 0.380979 0.381006 0.000000 0.000000
0.000000 0.000000 0.386375 0.386370 0.386351 0.386332 0.386220 0.386208 0.386184 0.386183 0.386183 0.386181 0.386179 0.386175 0.386177 0.386296 0.386322 0.386351 0.386382 0.000000 0.000000
0.000000 0.000000 0.392473 0.392464 0.392438 0.392308 0.392291 0.392227 0.392188 0.392181 0.392160 0.392144 0.392158 0.392151 0.392209 0.392240 0.392414 0.392394 0.392408 0.000000 0.000000
0.000000 0.000000 0.399092 0.399082 0.398902 0.398907 0.398900 0.398863 0.398916 0.398892 0.398919 0.398901 0.398876 0.398918 0.398938 0.398950 0.398881 0.399119 0.399120 0.000000 0.000000
0.000000 0.000000 0.407088 0.406818 0.406795 0.406711 0.406578 0.406533 0.406489 0.406496 0.406429 0.406430 0.406464 0.406437 0.406501 0.406603 0.406779 0.406742 0.407020 0.000000 0.000000
0.000000 0.000000 0.411882 0.412020 0.412276 0.412238 0.412193 0.411950 0.411959 0.411898 0.411970 0.411952 0.411955 0.411973 0.412189 0.412223 0.412318 0.412075 0.411950 0.000000 0.000000
0.000000 0.000000 0.350000 0.350000 0.350000 0.350000 0.350000 0.350000 0.350000 0.350000 0.350000 0.350000 0.350000 0.350000 0.350000 0.350000 0.350000 0.350000 0.350000 0.000000 0.000000
0.000000 0.000000 0.000000 0.000000 0.000000 0.000000 0.000000 0.000000 0.000000 0.000000 0.000000 0.000000 0.000000 0.000000 0.000000 0.000000 0.000000 0.000000 0.000000 0.000000 0.000000