geotop/1.0zi/1.0Montebello/Templates/testdem/maps/_Eocsand4167.asc
ncols         21
nrows         20
xllcorner     100.000000
yllcorner     100.000000
cellsize      50.000000
NODATA_value  -9999.0
0.000000 0.000000 0.000000 0.000000 0.000000 0.000000 0.000000 0.000000 0.000000 0.000000 0.000000 0.000000 0.000000 0.000000 0.000000 0.000000 0.000000 0.000000 0.000000 0.000000 0.000000
0.000000 0.000000 0.300106 0.300106 0.300105 0.300105 0.300105 0.300105 0.300105 0.300105 0.300105 0.300105 0.300105 0.300105 0.300105 0.300105 0.300105 0.300106 0.300106 0.000000 0.000000
0.000000 0.000000 0.300005 0.300004 0.300004 0.300004 0.300004 0.300003 0.300004 0.300004 0.300004 0.300004 0.300004 0.300004 0.300004 0.300004 0.300006 0.300006 0.300005 0.000000 0.000000
0.000000 0.000000 0.299975 0.299973 0.299976 0.299979 0.299977 0.299979 0.299977 0.299978 0.299978 0.299979 0.299979 0.299981 0.299976 0.299973 0.299973 0.299972 0.299974 0.000000 0.000000
0.000000 0.000000 0.299286 0.299282 0.299286 0.299285 0.299293 0.299297 0.299298 0.299301 0.299303 0.299298 0.299302 0.299302 0.299297 0.299298 0.299298 0.299293 0.299288 0.000000 0.000000
0.000000 0.000000 0.297004 0.297004 0.297012 0.297024 0.297029 0.297050 0.297051 0.297061 0.297053 0.297051 0.297047 0.297054 0.297055 0.297045 0.297036 0.297032 0.297025 0.000000 0.000000
0.000000 0.000000 0.293609 0.293616 0.293623 0.293643 0.293663 0.293697 0.293695 0.293702 0.293695 0.293697 0.293701 0.293705 0.293683 0.293655 0.293643 0.293635 0.293624 0.000000 0.000000
0.000000 0.000000 0.289716 0.289723 0.289732 0.289757 0.289780 0.289814 0.289810 0.289816 0.289815 0.289816 0.289822 0.289829 0.289797 0.289768 0.289749 0.289745 0.289733 0.000000 0.000000
0.000000 0.000000 0.285808 0.285819 0.285833 0.285850 0.285873 0.285913 0.285909 0.285917 0.285916 0.285914 0.285921 0.285924 0.285896 0.285862 0.285847 0.285840 0.285825 0.000000 0.000000
0.000000 0.000000 0.281921 0.281932 0.281943 0.281962 0.281991 0.282026 0.282020 0.282025 0.282025 0.282024 0.282032 0.282039 0.282006 0.281972 0.281958 0.281952 0.281939 0.000000 0.000000
0.000000 0.000000 0.277993 0.278004 0.278016 0.278030 0.278050 0.278092 0.278087 0.278096 0.278096 0.278093 0.278101 0.278108 0.278080 0.278055 0.278037 0.278030 0.278015 0.000000 0.000000
0.000000 0.000000 0.273941 0.273953 0.273967 0.273989 0.274011 0.274051 0.274052 0.274057 0.274057 0.274058 0.274063 0.274071 0.274034 0.274004 0.273987 0.273981 0.273935 0.000000 0.000000
0.000000 0.000000 0.269850 0.269862 0.269877 0.269893 0.269920 0.270003 0.270001 0.270008 0.270009 0.270008 0.270017 0.270021 0.269952 0.269917 0.269900 0.269893 0.269864 0.000000 0.000000
0.000000 0.000000 0.265536 0.265555 0.265567 0.265585 0.265663 0.265685 0.265698 0.265704 0.265703 0.265703 0.265712 0.265718 0.265696 0.265613 0.265595 0.265578 0.265560 0.000000 0.000000
0.000000 0.000000 0.260906 0.260922 0.260952 0.261021 0.261057 0.261108 0.261134 0.261142 0.261155 0.261156 0.261156 0.261172 0.261135 0.261076 0.260985 0.260989 0.260974 0.000000 0.000000
0.000000 0.000000 0.256147 0.256163 0.256256 0.256270 0.256290 0.256316 0.256320 0.256322 0.256318 0.256320 0.256336 0.256328 0.256318 0.256292 0.256288 0.256196 0.256171 0.000000 0.000000
0.000000 0.000000 0.250889 0.251006 0.251089 0.251119 0.251172 0.251202 0.251209 0.251213 0.251226 0.251226 0.251230 0.251246 0.251227 0.251159 0.251116 0.251066 0.250952 0.000000 0.000000
0.000000 0.000000 0.246750 0.246784 0.246723 0.246763 0.246811 0.246919 0.246929 0.246940 0.246936 0.246938 0.246949 0.246950 0.246857 0.246796 0.246728 0.246825 0.246773 0.000000 0.000000
0.000000 0.000000 0.300000 0.300000 0.300000 0.300000 0.300000 0.300000 0.300000 0.300000 0.300000 0.300000 0.300000 0.300000 0.300000 0.300000 0.300000 0.300000 0.300000 0.000000 0.000000
0.000000 0.000000 0.000000 0.000000 0.000000 0.000000 0.000000 0.000000 0.000000 0.000000 0.000000 0.000000 0.000000 0.000000 0.000000 0.000000 0.000000 0.000000 0.000000 0.000000 0.000000