geotop/1.0zi/1.0Montebello/Templates/testdem/maps/_Eocsilt062o.asc
ncols         21
nrows         20
xllcorner     100.000000
yllcorner     100.000000
cellsize      50.000000
NODATA_value  -9999.0
0.000000 0.000000 0.000000 0.000000 0.000000 0.000000 0.000000 0.000000 0.000000 0.000000 0.000000 0.000000 0.000000 0.000000 0.000000 0.000000 0.000000 0.000000 0.000000 0.000000 0.000000
0.000000 0.000000 0.350232 0.350232 0.350232 0.350233 0.350232 0.350232 0.350232 0.350232 0.350232 0.350232 0.350232 0.350232 0.350232 0.350232 0.350233 0.350233 0.350232 0.000000 0.000000
0.000000 0.000000 0.350009 0.350008 0.350009 0.350008 0.350010 0.350009 0.350009 0.350010 0.350010 0.350009 0.350010 0.350010 0.350009 0.350008 0.350007 0.350007 0.350008 0.000000 0.000000
0.000000 0.000000 0.350198 0.350194 0.350187 0.350183 0.350182 0.350176 0.350179 0.350180 0.350178 0.350182 0.350183 0.350182 0.350184 0.350188 0.350191 0.350195 0.350196 0.000000 0.000000
0.000000 0.000000 0.351874 0.351879 0.351869 0.351844 0.351833 0.351825 0.351829 0.351826 0.351826 0.351828 0.351833 0.351832 0.351846 0.351855 0.351863 0.351869 0.351873 0.000000 0.000000
0.000000 0.000000 0.356206 0.356199 0.356181 0.356148 0.356111 0.356081 0.356081 0.356078 0.356077 0.356078 0.356082 0.356079 0.356098 0.356125 0.356140 0.356150 0.356157 0.000000 0.000000
0.000000 0.000000 0.362228 0.362215 0.362195 0.362149 0.362102 0.362040 0.362044 0.362042 0.362035 0.362034 0.362031 0.362036 0.362084 0.362120 0.362146 0.362163 0.362171 0.000000 0.000000
0.000000 0.000000 0.369425 0.369408 0.369389 0.369330 0.369279 0.369221 0.369223 0.369218 0.369210 0.369207 0.369205 0.369213 0.369258 0.369301 0.369341 0.369349 0.369364 0.000000 0.000000
0.000000 0.000000 0.377506 0.377481 0.377448 0.377401 0.377342 0.377269 0.377277 0.377266 0.377255 0.377253 0.377256 0.377252 0.377319 0.377371 0.377403 0.377418 0.377431 0.000000 0.000000
0.000000 0.000000 0.386658 0.386625 0.386594 0.386543 0.386477 0.386399 0.386401 0.386396 0.386379 0.386385 0.386392 0.386389 0.386442 0.386511 0.386549 0.386565 0.386570 0.000000 0.000000
0.000000 0.000000 0.397370 0.397342 0.397315 0.397201 0.397170 0.397063 0.397087 0.397040 0.397042 0.397033 0.397014 0.397043 0.397106 0.397148 0.397204 0.397224 0.397270 0.000000 0.000000
0.000000 0.000000 0.410249 0.410186 0.410111 0.410059 0.409997 0.409859 0.409848 0.409855 0.409866 0.409826 0.409846 0.409829 0.409951 0.410024 0.410053 0.410073 0.410163 0.000000 0.000000
0.000000 0.000000 0.424792 0.424733 0.424715 0.424597 0.424521 0.424142 0.424133 0.424113 0.423966 0.424066 0.424064 0.424098 0.424371 0.424427 0.424574 0.424582 0.424584 0.000000 0.000000
0.000000 0.000000 0.441844 0.441819 0.441689 0.441623 0.441129 0.441372 0.441268 0.441272 0.441362 0.441272 0.441259 0.441194 0.440977 0.441522 0.441518 0.441647 0.441718 0.000000 0.000000
0.000000 0.000000 0.456623 0.456579 0.456522 0.456099 0.456308 0.456023 0.455978 0.455950 0.455840 0.455820 0.455864 0.455874 0.456119 0.455909 0.456457 0.456323 0.456295 0.000000 0.000000
0.000000 0.000000 0.465649 0.465627 0.465425 0.465413 0.465427 0.465365 0.465432 0.465407 0.465423 0.465412 0.465388 0.465431 0.465460 0.465444 0.465377 0.465620 0.465610 0.000000 0.000000
0.000000 0.000000 0.471271 0.471280 0.471093 0.471170 0.471157 0.471154 0.471234 0.471212 0.471253 0.471242 0.471208 0.471254 0.471234 0.471245 0.471059 0.471338 0.471312 0.000000 0.000000
0.000000 0.000000 0.476125 0.475921 0.475814 0.475795 0.475711 0.475755 0.475736 0.475755 0.475699 0.475706 0.475721 0.475705 0.475680 0.475740 0.475780 0.475859 0.476064 0.000000 0.000000
0.000000 0.000000 0.350000 0.350000 0.350000 0.350000 0.350000 0.350000 0.350000 0.350000 0.350000 0.350000 0.350000 0.350000 0.350000 0.350000 0.350000 0.350000 0.350000 0.000000 0.000000
0.000000 0.000000 0.000000 0.000000 0.000000 0.000000 0.000000 0.000000 0.000000 0.000000 0.000000 0.000000 0.000000 0.000000 0.000000 0.000000 0.000000 0.000000 0.000000 0.000000 0.000000