geotop/1.0zi/1.0Montebello/Templates/testdem/maps/_Eocclay3245.asc
ncols         21
nrows         20
xllcorner     100.000000
yllcorner     100.000000
cellsize      50.000000
NODATA_value  -9999.0
0.000000 0.000000 0.000000 0.000000 0.000000 0.000000 0.000000 0.000000 0.000000 0.000000 0.000000 0.000000 0.000000 0.000000 0.000000 0.000000 0.000000 0.000000 0.000000 0.000000 0.000000
0.000000 0.000000 0.349823 0.349823 0.349823 0.349823 0.349823 0.349823 0.349823 0.349823 0.349822 0.349823 0.349823 0.349823 0.349823 0.349823 0.349823 0.349823 0.349823 0.000000 0.000000
0.000000 0.000000 0.349995 0.349995 0.349995 0.349995 0.349995 0.349995 0.349995 0.349995 0.349996 0.349995 0.349995 0.349995 0.349995 0.349995 0.349995 0.349995 0.349995 0.000000 0.000000
0.000000 0.000000 0.351261 0.351260 0.351258 0.351259 0.351260 0.351260 0.351260 0.351260 0.351261 0.351260 0.351260 0.351260 0.351260 0.351259 0.351258 0.351260 0.351261 0.000000 0.000000
0.000000 0.000000 0.356274 0.356273 0.356271 0.356271 0.356275 0.356273 0.356274 0.356275 0.356275 0.356275 0.356274 0.356273 0.356275 0.356271 0.356271 0.356273 0.356274 0.000000 0.000000
0.000000 0.000000 0.361808 0.361807 0.361806 0.361806 0.361808 0.361807 0.361808 0.361808 0.361809 0.361808 0.361808 0.361807 0.361808 0.361806 0.361806 0.361807 0.361808 0.000000 0.000000
0.000000 0.000000 0.366987 0.366986 0.366985 0.366985 0.366987 0.366986 0.366987 0.366987 0.366988 0.366987 0.366987 0.366986 0.366987 0.366985 0.366985 0.366986 0.366987 0.000000 0.000000
0.000000 0.000000 0.371705 0.371704 0.371703 0.371703 0.371705 0.371704 0.371704 0.371705 0.371705 0.371705 0.371704 0.371704 0.371705 0.371703 0.371703 0.371704 0.371705 0.000000 0.000000
0.000000 0.000000 0.376071 0.376070 0.376069 0.376069 0.376071 0.376070 0.376070 0.376071 0.376071 0.376071 0.376070 0.376070 0.376071 0.376069 0.376069 0.376070 0.376071 0.000000 0.000000
0.000000 0.000000 0.380187 0.380186 0.380185 0.380185 0.380187 0.380186 0.380186 0.380187 0.380187 0.380187 0.380186 0.380186 0.380187 0.380185 0.380185 0.380186 0.380187 0.000000 0.000000
0.000000 0.000000 0.384103 0.384102 0.384101 0.384101 0.384103 0.384102 0.384102 0.384103 0.384103 0.384103 0.384102 0.384102 0.384103 0.384101 0.384101 0.384102 0.384103 0.000000 0.000000
0.000000 0.000000 0.387855 0.387855 0.387854 0.387854 0.387855 0.387855 0.387855 0.387855 0.387856 0.387855 0.387855 0.387855 0.387855 0.387854 0.387854 0.387855 0.387855 0.000000 0.000000
0.000000 0.000000 0.391471 0.391470 0.391469 0.391470 0.391471 0.391470 0.391470 0.391471 0.391471 0.391471 0.391470 0.391470 0.391471 0.391470 0.391469 0.391470 0.391471 0.000000 0.000000
0.000000 0.000000 0.394980 0.394980 0.394978 0.394979 0.394980 0.394979 0.394980 0.394980 0.394980 0.394980 0.394980 0.394979 0.394980 0.394979 0.394978 0.394980 0.394980 0.000000 0.000000
0.000000 0.000000 0.398390 0.398390 0.398388 0.398389 0.398390 0.398390 0.398390 0.398390 0.398390 0.398390 0.398390 0.398390 0.398390 0.398389 0.398388 0.398390 0.398390 0.000000 0.000000
0.000000 0.000000 0.401707 0.401707 0.401706 0.401706 0.401707 0.401707 0.401707 0.401707 0.401708 0.401707 0.401707 0.401707 0.401707 0.401706 0.401706 0.401707 0.401707 0.000000 0.000000
0.000000 0.000000 0.404941 0.404941 0.404940 0.404940 0.404941 0.404941 0.404941 0.404942 0.404942 0.404942 0.404941 0.404941 0.404941 0.404940 0.404940 0.404941 0.404941 0.000000 0.000000
0.000000 0.000000 0.408156 0.408157 0.408155 0.408156 0.408157 0.408157 0.408157 0.408157 0.408157 0.408157 0.408157 0.408157 0.408157 0.408156 0.408155 0.408157 0.408157 0.000000 0.000000
0.000000 0.000000 0.350000 0.350000 0.350000 0.350000 0.350000 0.350000 0.350000 0.350000 0.350000 0.350000 0.350000 0.350000 0.350000 0.350000 0.350000 0.350000 0.350000 0.000000 0.000000
0.000000 0.000000 0.000000 0.000000 0.000000 0.000000 0.000000 0.000000 0.000000 0.000000 0.000000 0.000000 0.000000 0.000000 0.000000 0.000000 0.000000 0.000000 0.000000 0.000000 0.000000