geotop/1.0zi/1.0Montebello/Templates/testdem/maps/_Eocclay2954.asc
ncols         21
nrows         20
xllcorner     100.000000
yllcorner     100.000000
cellsize      50.000000
NODATA_value  -9999.0
0.000000 0.000000 0.000000 0.000000 0.000000 0.000000 0.000000 0.000000 0.000000 0.000000 0.000000 0.000000 0.000000 0.000000 0.000000 0.000000 0.000000 0.000000 0.000000 0.000000 0.000000
0.000000 0.000000 0.349833 0.349833 0.349833 0.349833 0.349833 0.349833 0.349833 0.349833 0.349832 0.349833 0.349833 0.349833 0.349833 0.349833 0.349833 0.349833 0.349833 0.000000 0.000000
0.000000 0.000000 0.349994 0.349994 0.349994 0.349994 0.349994 0.349994 0.349994 0.349994 0.349995 0.349994 0.349994 0.349994 0.349994 0.349994 0.349994 0.349994 0.349994 0.000000 0.000000
0.000000 0.000000 0.351051 0.351050 0.351048 0.351049 0.351051 0.351050 0.351050 0.351051 0.351051 0.351051 0.351050 0.351050 0.351051 0.351049 0.351048 0.351050 0.351051 0.000000 0.000000
0.000000 0.000000 0.355582 0.355581 0.355579 0.355579 0.355583 0.355582 0.355582 0.355583 0.355584 0.355583 0.355582 0.355582 0.355583 0.355579 0.355579 0.355581 0.355582 0.000000 0.000000
0.000000 0.000000 0.360680 0.360679 0.360678 0.360678 0.360680 0.360679 0.360679 0.360680 0.360681 0.360680 0.360679 0.360679 0.360680 0.360678 0.360678 0.360679 0.360680 0.000000 0.000000
0.000000 0.000000 0.365465 0.365465 0.365464 0.365464 0.365466 0.365465 0.365465 0.365466 0.365466 0.365466 0.365465 0.365465 0.365466 0.365464 0.365464 0.365465 0.365465 0.000000 0.000000
0.000000 0.000000 0.369827 0.369827 0.369826 0.369826 0.369828 0.369827 0.369827 0.369828 0.369828 0.369828 0.369827 0.369827 0.369828 0.369826 0.369826 0.369827 0.369827 0.000000 0.000000
0.000000 0.000000 0.373869 0.373868 0.373867 0.373868 0.373869 0.373869 0.373869 0.373869 0.373870 0.373869 0.373869 0.373869 0.373869 0.373868 0.373867 0.373868 0.373869 0.000000 0.000000
0.000000 0.000000 0.377686 0.377686 0.377685 0.377685 0.377687 0.377686 0.377686 0.377687 0.377687 0.377687 0.377686 0.377686 0.377687 0.377685 0.377685 0.377686 0.377686 0.000000 0.000000
0.000000 0.000000 0.381325 0.381325 0.381323 0.381324 0.381325 0.381325 0.381325 0.381325 0.381326 0.381325 0.381325 0.381325 0.381325 0.381324 0.381323 0.381325 0.381325 0.000000 0.000000
0.000000 0.000000 0.384818 0.384818 0.384817 0.384817 0.384819 0.384818 0.384818 0.384819 0.384819 0.384819 0.384818 0.384818 0.384819 0.384817 0.384817 0.384818 0.384818 0.000000 0.000000
0.000000 0.000000 0.388194 0.388194 0.388193 0.388193 0.388194 0.388194 0.388194 0.388194 0.388195 0.388194 0.388194 0.388194 0.388194 0.388193 0.388193 0.388194 0.388194 0.000000 0.000000
0.000000 0.000000 0.391477 0.391477 0.391476 0.391476 0.391478 0.391477 0.391477 0.391478 0.391478 0.391478 0.391477 0.391477 0.391478 0.391476 0.391476 0.391477 0.391477 0.000000 0.000000
0.000000 0.000000 0.394673 0.394673 0.394672 0.394672 0.394673 0.394673 0.394673 0.394673 0.394674 0.394673 0.394673 0.394673 0.394673 0.394672 0.394672 0.394673 0.394673 0.000000 0.000000
0.000000 0.000000 0.397788 0.397788 0.397787 0.397787 0.397788 0.397788 0.397788 0.397789 0.397789 0.397789 0.397788 0.397788 0.397788 0.397787 0.397787 0.397788 0.397788 0.000000 0.000000
0.000000 0.000000 0.400832 0.400832 0.400831 0.400831 0.400832 0.400832 0.400832 0.400833 0.400833 0.400833 0.400832 0.400832 0.400832 0.400831 0.400831 0.400832 0.400832 0.000000 0.000000
0.000000 0.000000 0.403867 0.403867 0.403866 0.403867 0.403868 0.403867 0.403867 0.403868 0.403868 0.403868 0.403867 0.403867 0.403868 0.403867 0.403866 0.403867 0.403868 0.000000 0.000000
0.000000 0.000000 0.350000 0.350000 0.350000 0.350000 0.350000 0.350000 0.350000 0.350000 0.350000 0.350000 0.350000 0.350000 0.350000 0.350000 0.350000 0.350000 0.350000 0.000000 0.000000
0.000000 0.000000 0.000000 0.000000 0.000000 0.000000 0.000000 0.000000 0.000000 0.000000 0.000000 0.000000 0.000000 0.000000 0.000000 0.000000 0.000000 0.000000 0.000000 0.000000 0.000000