geotop/1.0zi/1.0Montebello/Templates/testdem/maps/_Eocsilt6883.asc
ncols         21
nrows         20
xllcorner     100.000000
yllcorner     100.000000
cellsize      50.000000
NODATA_value  -9999.0
0.000000 0.000000 0.000000 0.000000 0.000000 0.000000 0.000000 0.000000 0.000000 0.000000 0.000000 0.000000 0.000000 0.000000 0.000000 0.000000 0.000000 0.000000 0.000000 0.000000 0.000000
0.000000 0.000000 0.350137 0.350138 0.350138 0.350138 0.350138 0.350138 0.350138 0.350138 0.350138 0.350138 0.350138 0.350138 0.350138 0.350138 0.350138 0.350138 0.350137 0.000000 0.000000
0.000000 0.000000 0.350003 0.350002 0.350003 0.350003 0.350003 0.350003 0.350003 0.350003 0.350003 0.350003 0.350004 0.350004 0.350003 0.350003 0.350001 0.350001 0.350002 0.000000 0.000000
0.000000 0.000000 0.350060 0.350056 0.350055 0.350050 0.350051 0.350049 0.350051 0.350052 0.350050 0.350050 0.350049 0.350050 0.350052 0.350055 0.350058 0.350059 0.350059 0.000000 0.000000
0.000000 0.000000 0.350712 0.350718 0.350714 0.350707 0.350703 0.350696 0.350695 0.350692 0.350692 0.350695 0.350696 0.350696 0.350706 0.350710 0.350709 0.350716 0.350721 0.000000 0.000000
0.000000 0.000000 0.352682 0.352683 0.352675 0.352661 0.352647 0.352629 0.352628 0.352623 0.352627 0.352629 0.352630 0.352628 0.352636 0.352646 0.352655 0.352660 0.352666 0.000000 0.000000
0.000000 0.000000 0.355627 0.355624 0.355615 0.355593 0.355567 0.355540 0.355541 0.355538 0.355540 0.355539 0.355536 0.355540 0.355562 0.355585 0.355598 0.355610 0.355618 0.000000 0.000000
0.000000 0.000000 0.359172 0.359171 0.359167 0.359144 0.359119 0.359089 0.359090 0.359086 0.359085 0.359084 0.359082 0.359087 0.359112 0.359136 0.359156 0.359160 0.359172 0.000000 0.000000
0.000000 0.000000 0.362919 0.362913 0.362901 0.362886 0.362861 0.362826 0.362828 0.362820 0.362818 0.362818 0.362819 0.362817 0.362850 0.362879 0.362894 0.362902 0.362912 0.000000 0.000000
0.000000 0.000000 0.366757 0.366751 0.366744 0.366732 0.366696 0.366666 0.366667 0.366663 0.366658 0.366662 0.366666 0.366663 0.366690 0.366721 0.366739 0.366743 0.366751 0.000000 0.000000
0.000000 0.000000 0.370777 0.370772 0.370766 0.370738 0.370714 0.370680 0.370687 0.370669 0.370671 0.370672 0.370666 0.370677 0.370699 0.370719 0.370741 0.370752 0.370769 0.000000 0.000000
0.000000 0.000000 0.375091 0.375080 0.375068 0.375048 0.375024 0.374981 0.374981 0.374973 0.374984 0.374972 0.374975 0.374978 0.375019 0.375039 0.375055 0.375062 0.375103 0.000000 0.000000
0.000000 0.000000 0.379611 0.379599 0.379593 0.379570 0.379548 0.379453 0.379452 0.379445 0.379423 0.379434 0.379441 0.379449 0.379520 0.379542 0.379577 0.379580 0.379607 0.000000 0.000000
0.000000 0.000000 0.384658 0.384653 0.384636 0.384619 0.384516 0.384503 0.384480 0.384479 0.384479 0.384478 0.384477 0.384473 0.384476 0.384585 0.384610 0.384638 0.384667 0.000000 0.000000
0.000000 0.000000 0.390372 0.390364 0.390340 0.390221 0.390202 0.390144 0.390108 0.390101 0.390082 0.390067 0.390081 0.390074 0.390127 0.390159 0.390319 0.390302 0.390316 0.000000 0.000000
0.000000 0.000000 0.396555 0.396545 0.396381 0.396380 0.396373 0.396342 0.396388 0.396366 0.396390 0.396373 0.396352 0.396389 0.396406 0.396418 0.396364 0.396579 0.396581 0.000000 0.000000
0.000000 0.000000 0.403955 0.403713 0.403685 0.403613 0.403494 0.403451 0.403414 0.403419 0.403360 0.403361 0.403390 0.403368 0.403428 0.403519 0.403673 0.403649 0.403898 0.000000 0.000000
0.000000 0.000000 0.408527 0.408634 0.408863 0.408824 0.408779 0.408564 0.408570 0.408516 0.408578 0.408562 0.408566 0.408581 0.408774 0.408810 0.408902 0.408682 0.408587 0.000000 0.000000
0.000000 0.000000 0.350000 0.350000 0.350000 0.350000 0.350000 0.350000 0.350000 0.350000 0.350000 0.350000 0.350000 0.350000 0.350000 0.350000 0.350000 0.350000 0.350000 0.000000 0.000000
0.000000 0.000000 0.000000 0.000000 0.000000 0.000000 0.000000 0.000000 0.000000 0.000000 0.000000 0.000000 0.000000 0.000000 0.000000 0.000000 0.000000 0.000000 0.000000 0.000000 0.000000