geotop/1.0zi/1.0Montebello/Templates/testdem/maps/_Eocsilt5199.asc
ncols         21
nrows         20
xllcorner     100.000000
yllcorner     100.000000
cellsize      50.000000
NODATA_value  -9999.0
0.000000 0.000000 0.000000 0.000000 0.000000 0.000000 0.000000 0.000000 0.000000 0.000000 0.000000 0.000000 0.000000 0.000000 0.000000 0.000000 0.000000 0.000000 0.000000 0.000000 0.000000
0.000000 0.000000 0.350106 0.350106 0.350106 0.350106 0.350106 0.350107 0.350106 0.350106 0.350106 0.350106 0.350106 0.350106 0.350106 0.350106 0.350107 0.350106 0.350106 0.000000 0.000000
0.000000 0.000000 0.350002 0.350002 0.350002 0.350003 0.350003 0.350003 0.350003 0.350003 0.350003 0.350003 0.350003 0.350003 0.350003 0.350003 0.350001 0.350001 0.350002 0.000000 0.000000
0.000000 0.000000 0.350037 0.350037 0.350036 0.350031 0.350033 0.350031 0.350033 0.350034 0.350033 0.350032 0.350032 0.350031 0.350033 0.350036 0.350036 0.350038 0.350037 0.000000 0.000000
0.000000 0.000000 0.350439 0.350444 0.350443 0.350439 0.350437 0.350432 0.350431 0.350429 0.350427 0.350429 0.350430 0.350429 0.350434 0.350435 0.350436 0.350444 0.350447 0.000000 0.000000
0.000000 0.000000 0.351760 0.351763 0.351760 0.351747 0.351738 0.351721 0.351719 0.351717 0.351721 0.351723 0.351725 0.351723 0.351728 0.351734 0.351741 0.351746 0.351749 0.000000 0.000000
0.000000 0.000000 0.353786 0.353784 0.353781 0.353764 0.353745 0.353725 0.353726 0.353725 0.353727 0.353727 0.353724 0.353727 0.353742 0.353757 0.353764 0.353773 0.353779 0.000000 0.000000
0.000000 0.000000 0.356225 0.356225 0.356226 0.356210 0.356191 0.356170 0.356171 0.356168 0.356168 0.356168 0.356167 0.356170 0.356186 0.356203 0.356218 0.356220 0.356228 0.000000 0.000000
0.000000 0.000000 0.358779 0.358775 0.358769 0.358759 0.358741 0.358714 0.358716 0.358711 0.358709 0.358711 0.358711 0.358709 0.358733 0.358751 0.358764 0.358768 0.358776 0.000000 0.000000
0.000000 0.000000 0.361317 0.361312 0.361310 0.361304 0.361279 0.361256 0.361259 0.361256 0.361252 0.361256 0.361259 0.361257 0.361274 0.361294 0.361307 0.361309 0.361314 0.000000 0.000000
0.000000 0.000000 0.363901 0.363898 0.363899 0.363880 0.363863 0.363839 0.363845 0.363833 0.363833 0.363835 0.363832 0.363839 0.363852 0.363865 0.363879 0.363887 0.363898 0.000000 0.000000
0.000000 0.000000 0.366594 0.366587 0.366582 0.366568 0.366554 0.366525 0.366527 0.366519 0.366527 0.366521 0.366522 0.366525 0.366550 0.366561 0.366571 0.366575 0.366604 0.000000 0.000000
0.000000 0.000000 0.369331 0.369325 0.369324 0.369309 0.369297 0.369240 0.369240 0.369235 0.369223 0.369230 0.369235 0.369240 0.369280 0.369290 0.369312 0.369313 0.369335 0.000000 0.000000
0.000000 0.000000 0.372268 0.372263 0.372257 0.372248 0.372196 0.372181 0.372168 0.372167 0.372162 0.372165 0.372166 0.372165 0.372171 0.372223 0.372241 0.372255 0.372276 0.000000 0.000000
0.000000 0.000000 0.375464 0.375461 0.375448 0.375394 0.375377 0.375345 0.375323 0.375320 0.375309 0.375303 0.375311 0.375306 0.375328 0.375355 0.375435 0.375429 0.375442 0.000000 0.000000
0.000000 0.000000 0.378815 0.378810 0.378743 0.378727 0.378723 0.378703 0.378713 0.378704 0.378709 0.378701 0.378695 0.378709 0.378720 0.378729 0.378731 0.378816 0.378820 0.000000 0.000000
0.000000 0.000000 0.382583 0.382494 0.382455 0.382427 0.382386 0.382364 0.382359 0.382356 0.382337 0.382334 0.382341 0.382340 0.382364 0.382396 0.382447 0.382478 0.382567 0.000000 0.000000
0.000000 0.000000 0.385443 0.385434 0.385509 0.385484 0.385452 0.385369 0.385365 0.385347 0.385355 0.385351 0.385358 0.385361 0.385438 0.385459 0.385523 0.385443 0.385457 0.000000 0.000000
0.000000 0.000000 0.350000 0.350000 0.350000 0.350000 0.350000 0.350000 0.350000 0.350000 0.350000 0.350000 0.350000 0.350000 0.350000 0.350000 0.350000 0.350000 0.350000 0.000000 0.000000
0.000000 0.000000 0.000000 0.000000 0.000000 0.000000 0.000000 0.000000 0.000000 0.000000 0.000000 0.000000 0.000000 0.000000 0.000000 0.000000 0.000000 0.000000 0.000000 0.000000 0.000000