geotop/1.0zi/1.0Montebello/Templates/testdem/maps/_Eocsand2063.asc
ncols         21
nrows         20
xllcorner     100.000000
yllcorner     100.000000
cellsize      50.000000
NODATA_value  -9999.0
0.000000 0.000000 0.000000 0.000000 0.000000 0.000000 0.000000 0.000000 0.000000 0.000000 0.000000 0.000000 0.000000 0.000000 0.000000 0.000000 0.000000 0.000000 0.000000 0.000000 0.000000
0.000000 0.000000 0.300060 0.300060 0.300060 0.300060 0.300060 0.300060 0.300060 0.300060 0.300060 0.300060 0.300060 0.300060 0.300060 0.300060 0.300060 0.300060 0.300060 0.000000 0.000000
0.000000 0.000000 0.300008 0.300009 0.300009 0.300008 0.300008 0.300008 0.300008 0.300008 0.300008 0.300008 0.300008 0.300008 0.300008 0.300008 0.300009 0.300009 0.300008 0.000000 0.000000
0.000000 0.000000 0.298640 0.298640 0.298645 0.298642 0.298639 0.298639 0.298640 0.298639 0.298639 0.298639 0.298640 0.298639 0.298639 0.298642 0.298645 0.298640 0.298640 0.000000 0.000000
0.000000 0.000000 0.293109 0.293111 0.293115 0.293115 0.293108 0.293110 0.293110 0.293107 0.293107 0.293107 0.293110 0.293110 0.293108 0.293115 0.293115 0.293111 0.293109 0.000000 0.000000
0.000000 0.000000 0.286309 0.286310 0.286313 0.286313 0.286308 0.286310 0.286310 0.286308 0.286307 0.286308 0.286310 0.286310 0.286308 0.286313 0.286313 0.286310 0.286309 0.000000 0.000000
0.000000 0.000000 0.279947 0.279948 0.279950 0.279950 0.279946 0.279947 0.279947 0.279945 0.279945 0.279945 0.279947 0.279947 0.279946 0.279950 0.279950 0.279948 0.279947 0.000000 0.000000
0.000000 0.000000 0.274097 0.274098 0.274100 0.274100 0.274096 0.274097 0.274097 0.274096 0.274095 0.274096 0.274097 0.274097 0.274096 0.274100 0.274100 0.274098 0.274097 0.000000 0.000000
0.000000 0.000000 0.268623 0.268624 0.268626 0.268626 0.268622 0.268623 0.268623 0.268622 0.268622 0.268622 0.268623 0.268623 0.268622 0.268626 0.268626 0.268624 0.268623 0.000000 0.000000
0.000000 0.000000 0.263395 0.263396 0.263398 0.263397 0.263394 0.263395 0.263395 0.263394 0.263394 0.263394 0.263395 0.263395 0.263394 0.263397 0.263398 0.263396 0.263395 0.000000 0.000000
0.000000 0.000000 0.258355 0.258356 0.258358 0.258357 0.258354 0.258355 0.258355 0.258354 0.258354 0.258354 0.258355 0.258355 0.258354 0.258357 0.258358 0.258356 0.258355 0.000000 0.000000
0.000000 0.000000 0.253458 0.253458 0.253461 0.253460 0.253457 0.253458 0.253458 0.253457 0.253457 0.253457 0.253458 0.253458 0.253457 0.253460 0.253461 0.253458 0.253458 0.000000 0.000000
0.000000 0.000000 0.248671 0.248671 0.248674 0.248673 0.248670 0.248671 0.248671 0.248670 0.248669 0.248670 0.248671 0.248671 0.248670 0.248673 0.248674 0.248671 0.248671 0.000000 0.000000
0.000000 0.000000 0.243982 0.243982 0.243985 0.243984 0.243981 0.243982 0.243982 0.243981 0.243980 0.243981 0.243982 0.243982 0.243981 0.243984 0.243985 0.243982 0.243982 0.000000 0.000000
0.000000 0.000000 0.239370 0.239371 0.239373 0.239372 0.239370 0.239371 0.239370 0.239369 0.239369 0.239369 0.239370 0.239371 0.239370 0.239372 0.239373 0.239371 0.239370 0.000000 0.000000
0.000000 0.000000 0.234825 0.234826 0.234828 0.234827 0.234825 0.234826 0.234825 0.234824 0.234824 0.234824 0.234825 0.234826 0.234825 0.234827 0.234828 0.234826 0.234825 0.000000 0.000000
0.000000 0.000000 0.230347 0.230348 0.230350 0.230350 0.230347 0.230348 0.230348 0.230347 0.230346 0.230347 0.230348 0.230348 0.230347 0.230350 0.230350 0.230348 0.230347 0.000000 0.000000
0.000000 0.000000 0.225873 0.225872 0.225875 0.225874 0.225871 0.225872 0.225872 0.225871 0.225871 0.225871 0.225872 0.225872 0.225871 0.225874 0.225875 0.225872 0.225872 0.000000 0.000000
0.000000 0.000000 0.300000 0.300000 0.300000 0.300000 0.300000 0.300000 0.300000 0.300000 0.300000 0.300000 0.300000 0.300000 0.300000 0.300000 0.300000 0.300000 0.300000 0.000000 0.000000
0.000000 0.000000 0.000000 0.000000 0.000000 0.000000 0.000000 0.000000 0.000000 0.000000 0.000000 0.000000 0.000000 0.000000 0.000000 0.000000 0.000000 0.000000 0.000000 0.000000 0.000000