geotop/1.0zi/1.0Montebello/Templates/testdem/maps/_Eocsilt0459.asc
ncols         21
nrows         20
xllcorner     100.000000
yllcorner     100.000000
cellsize      50.000000
NODATA_value  -9999.0
0.000000 0.000000 0.000000 0.000000 0.000000 0.000000 0.000000 0.000000 0.000000 0.000000 0.000000 0.000000 0.000000 0.000000 0.000000 0.000000 0.000000 0.000000 0.000000 0.000000 0.000000
0.000000 0.000000 0.350008 0.350008 0.350008 0.350008 0.350008 0.350008 0.350008 0.350008 0.350008 0.350008 0.350008 0.350008 0.350008 0.350008 0.350008 0.350008 0.350008 0.000000 0.000000
0.000000 0.000000 0.349998 0.349998 0.349998 0.349998 0.349998 0.349998 0.349998 0.349998 0.349998 0.349998 0.349998 0.349998 0.349998 0.349998 0.349998 0.349998 0.349998 0.000000 0.000000
0.000000 0.000000 0.350273 0.350273 0.350270 0.350273 0.350273 0.350273 0.350273 0.350273 0.350273 0.350273 0.350273 0.350273 0.350273 0.350273 0.350270 0.350273 0.350273 0.000000 0.000000
0.000000 0.000000 0.351070 0.351070 0.351068 0.351070 0.351070 0.351070 0.351070 0.351070 0.351070 0.351070 0.351070 0.351070 0.351070 0.351070 0.351068 0.351070 0.351070 0.000000 0.000000
0.000000 0.000000 0.351895 0.351896 0.351894 0.351895 0.351896 0.351896 0.351896 0.351896 0.351896 0.351896 0.351896 0.351896 0.351896 0.351895 0.351894 0.351896 0.351895 0.000000 0.000000
0.000000 0.000000 0.352639 0.352639 0.352638 0.352639 0.352639 0.352639 0.352639 0.352639 0.352639 0.352639 0.352639 0.352639 0.352639 0.352639 0.352638 0.352639 0.352639 0.000000 0.000000
0.000000 0.000000 0.353327 0.353327 0.353325 0.353327 0.353327 0.353327 0.353327 0.353327 0.353327 0.353327 0.353327 0.353327 0.353327 0.353327 0.353325 0.353327 0.353327 0.000000 0.000000
0.000000 0.000000 0.353975 0.353975 0.353973 0.353975 0.353975 0.353975 0.353975 0.353975 0.353975 0.353975 0.353975 0.353975 0.353975 0.353975 0.353973 0.353975 0.353975 0.000000 0.000000
0.000000 0.000000 0.354600 0.354600 0.354598 0.354600 0.354600 0.354600 0.354600 0.354600 0.354600 0.354600 0.354600 0.354600 0.354600 0.354600 0.354598 0.354600 0.354600 0.000000 0.000000
0.000000 0.000000 0.355207 0.355207 0.355206 0.355207 0.355207 0.355207 0.355207 0.355207 0.355207 0.355207 0.355207 0.355207 0.355207 0.355207 0.355206 0.355207 0.355207 0.000000 0.000000
0.000000 0.000000 0.355802 0.355802 0.355801 0.355802 0.355802 0.355802 0.355802 0.355802 0.355802 0.355802 0.355802 0.355802 0.355802 0.355802 0.355801 0.355802 0.355802 0.000000 0.000000
0.000000 0.000000 0.356386 0.356386 0.356385 0.356386 0.356386 0.356386 0.356386 0.356386 0.356386 0.356386 0.356386 0.356386 0.356386 0.356386 0.356385 0.356386 0.356386 0.000000 0.000000
0.000000 0.000000 0.356961 0.356961 0.356959 0.356961 0.356961 0.356961 0.356961 0.356961 0.356961 0.356961 0.356961 0.356961 0.356961 0.356961 0.356959 0.356961 0.356961 0.000000 0.000000
0.000000 0.000000 0.357529 0.357529 0.357527 0.357529 0.357529 0.357529 0.357529 0.357529 0.357529 0.357529 0.357529 0.357529 0.357529 0.357529 0.357527 0.357529 0.357529 0.000000 0.000000
0.000000 0.000000 0.358095 0.358095 0.358094 0.358095 0.358095 0.358095 0.358095 0.358095 0.358095 0.358095 0.358095 0.358095 0.358095 0.358095 0.358094 0.358095 0.358095 0.000000 0.000000
0.000000 0.000000 0.358655 0.358655 0.358654 0.358655 0.358655 0.358655 0.358655 0.358655 0.358655 0.358655 0.358655 0.358655 0.358655 0.358655 0.358654 0.358655 0.358655 0.000000 0.000000
0.000000 0.000000 0.359229 0.359229 0.359228 0.359229 0.359229 0.359230 0.359230 0.359229 0.359229 0.359229 0.359230 0.359230 0.359229 0.359229 0.359228 0.359229 0.359229 0.000000 0.000000
0.000000 0.000000 0.350000 0.350000 0.350000 0.350000 0.350000 0.350000 0.350000 0.350000 0.350000 0.350000 0.350000 0.350000 0.350000 0.350000 0.350000 0.350000 0.350000 0.000000 0.000000
0.000000 0.000000 0.000000 0.000000 0.000000 0.000000 0.000000 0.000000 0.000000 0.000000 0.000000 0.000000 0.000000 0.000000 0.000000 0.000000 0.000000 0.000000 0.000000 0.000000 0.000000