geotop/1.0zi/1.0Montebello/Templates/testdem/maps/_Eocsilt9438.asc
ncols         21
nrows         20
xllcorner     100.000000
yllcorner     100.000000
cellsize      50.000000
NODATA_value  -9999.0
0.000000 0.000000 0.000000 0.000000 0.000000 0.000000 0.000000 0.000000 0.000000 0.000000 0.000000 0.000000 0.000000 0.000000 0.000000 0.000000 0.000000 0.000000 0.000000 0.000000 0.000000
0.000000 0.000000 0.350203 0.350203 0.350203 0.350203 0.350202 0.350202 0.350202 0.350202 0.350202 0.350202 0.350202 0.350202 0.350202 0.350202 0.350203 0.350203 0.350203 0.000000 0.000000
0.000000 0.000000 0.350008 0.350008 0.350008 0.350008 0.350009 0.350008 0.350008 0.350008 0.350009 0.350008 0.350009 0.350009 0.350008 0.350008 0.350006 0.350006 0.350007 0.000000 0.000000
0.000000 0.000000 0.350142 0.350139 0.350133 0.350128 0.350128 0.350122 0.350126 0.350127 0.350124 0.350127 0.350128 0.350128 0.350130 0.350134 0.350139 0.350140 0.350142 0.000000 0.000000
0.000000 0.000000 0.351407 0.351413 0.351402 0.351385 0.351375 0.351369 0.351372 0.351369 0.351370 0.351372 0.351377 0.351375 0.351389 0.351396 0.351400 0.351406 0.351409 0.000000 0.000000
0.000000 0.000000 0.354873 0.354868 0.354853 0.354833 0.354801 0.354777 0.354775 0.354770 0.354773 0.354775 0.354779 0.354777 0.354793 0.354814 0.354825 0.354833 0.354840 0.000000 0.000000
0.000000 0.000000 0.359774 0.359765 0.359748 0.359715 0.359674 0.359623 0.359628 0.359625 0.359623 0.359623 0.359621 0.359627 0.359666 0.359697 0.359717 0.359732 0.359740 0.000000 0.000000
0.000000 0.000000 0.365576 0.365565 0.365552 0.365516 0.365474 0.365427 0.365430 0.365425 0.365422 0.365420 0.365419 0.365427 0.365465 0.365501 0.365533 0.365538 0.365553 0.000000 0.000000
0.000000 0.000000 0.371937 0.371921 0.371900 0.371873 0.371825 0.371767 0.371774 0.371763 0.371758 0.371757 0.371760 0.371759 0.371813 0.371855 0.371880 0.371891 0.371904 0.000000 0.000000
0.000000 0.000000 0.378878 0.378859 0.378842 0.378813 0.378750 0.378696 0.378700 0.378693 0.378684 0.378690 0.378697 0.378696 0.378739 0.378792 0.378822 0.378832 0.378840 0.000000 0.000000
0.000000 0.000000 0.386666 0.386653 0.386639 0.386569 0.386528 0.386459 0.386478 0.386441 0.386447 0.386443 0.386431 0.386454 0.386501 0.386534 0.386575 0.386592 0.386624 0.000000 0.000000
0.000000 0.000000 0.395652 0.395621 0.395580 0.395548 0.395487 0.395401 0.395404 0.395399 0.395414 0.395383 0.395400 0.395399 0.395483 0.395532 0.395554 0.395568 0.395637 0.000000 0.000000
0.000000 0.000000 0.405684 0.405656 0.405648 0.405571 0.405521 0.405275 0.405278 0.405266 0.405188 0.405236 0.405245 0.405269 0.405451 0.405496 0.405584 0.405591 0.405614 0.000000 0.000000
0.000000 0.000000 0.417972 0.417964 0.417894 0.417849 0.417507 0.417602 0.417538 0.417541 0.417583 0.417544 0.417538 0.417509 0.417420 0.417787 0.417808 0.417896 0.417950 0.000000 0.000000
0.000000 0.000000 0.432203 0.432162 0.432093 0.431656 0.431802 0.431542 0.431477 0.431452 0.431361 0.431324 0.431376 0.431379 0.431617 0.431483 0.432057 0.431930 0.431917 0.000000 0.000000
0.000000 0.000000 0.445800 0.445775 0.445250 0.445504 0.445415 0.445426 0.445658 0.445597 0.445719 0.445697 0.445601 0.445729 0.445672 0.445749 0.445188 0.445983 0.445972 0.000000 0.000000
0.000000 0.000000 0.458411 0.457952 0.458091 0.457887 0.457650 0.457572 0.457421 0.457457 0.457300 0.457319 0.457409 0.457317 0.457447 0.457623 0.458063 0.457735 0.458213 0.000000 0.000000
0.000000 0.000000 0.463222 0.463319 0.463587 0.463509 0.463438 0.463185 0.463180 0.463123 0.463184 0.463167 0.463179 0.463187 0.463412 0.463465 0.463609 0.463326 0.463235 0.000000 0.000000
0.000000 0.000000 0.350000 0.350000 0.350000 0.350000 0.350000 0.350000 0.350000 0.350000 0.350000 0.350000 0.350000 0.350000 0.350000 0.350000 0.350000 0.350000 0.350000 0.000000 0.000000
0.000000 0.000000 0.000000 0.000000 0.000000 0.000000 0.000000 0.000000 0.000000 0.000000 0.000000 0.000000 0.000000 0.000000 0.000000 0.000000 0.000000 0.000000 0.000000 0.000000 0.000000