geotop/1.0zi/1.0Montebello/Templates/testdem/maps/_Eocclay5326.asc
ncols         21
nrows         20
xllcorner     100.000000
yllcorner     100.000000
cellsize      50.000000
NODATA_value  -9999.0
0.000000 0.000000 0.000000 0.000000 0.000000 0.000000 0.000000 0.000000 0.000000 0.000000 0.000000 0.000000 0.000000 0.000000 0.000000 0.000000 0.000000 0.000000 0.000000 0.000000 0.000000
0.000000 0.000000 0.349764 0.349765 0.349765 0.349765 0.349765 0.349765 0.349765 0.349765 0.349765 0.349765 0.349765 0.349765 0.349765 0.349765 0.349764 0.349764 0.349764 0.000000 0.000000
0.000000 0.000000 0.349990 0.349991 0.349991 0.349990 0.349990 0.349990 0.349990 0.349990 0.349990 0.349990 0.349990 0.349991 0.349990 0.349990 0.349990 0.349990 0.349990 0.000000 0.000000
0.000000 0.000000 0.349989 0.349991 0.349989 0.349989 0.349991 0.349991 0.349991 0.349990 0.349991 0.349990 0.349990 0.349989 0.349991 0.349993 0.349991 0.349992 0.349991 0.000000 0.000000
0.000000 0.000000 0.350390 0.350390 0.350391 0.350386 0.350376 0.350372 0.350373 0.350376 0.350373 0.350375 0.350370 0.350369 0.350374 0.350372 0.350377 0.350379 0.350381 0.000000 0.000000
0.000000 0.000000 0.351828 0.351830 0.351825 0.351808 0.351803 0.351788 0.351787 0.351784 0.351787 0.351787 0.351791 0.351791 0.351794 0.351804 0.351809 0.351821 0.351825 0.000000 0.000000
0.000000 0.000000 0.353926 0.353925 0.353923 0.353908 0.353890 0.353866 0.353865 0.353862 0.353864 0.353866 0.353867 0.353865 0.353882 0.353901 0.353910 0.353918 0.353925 0.000000 0.000000
0.000000 0.000000 0.356464 0.356464 0.356463 0.356445 0.356427 0.356401 0.356401 0.356399 0.356400 0.356400 0.356398 0.356402 0.356420 0.356436 0.356450 0.356455 0.356463 0.000000 0.000000
0.000000 0.000000 0.359032 0.359030 0.359025 0.359015 0.358997 0.358972 0.358974 0.358969 0.358967 0.358969 0.358968 0.358966 0.358989 0.359007 0.359019 0.359022 0.359029 0.000000 0.000000
0.000000 0.000000 0.361621 0.361616 0.361616 0.361609 0.361583 0.361560 0.361561 0.361558 0.361555 0.361559 0.361562 0.361559 0.361578 0.361598 0.361611 0.361613 0.361618 0.000000 0.000000
0.000000 0.000000 0.364292 0.364289 0.364290 0.364272 0.364254 0.364229 0.364234 0.364222 0.364222 0.364224 0.364221 0.364228 0.364241 0.364254 0.364269 0.364276 0.364287 0.000000 0.000000
0.000000 0.000000 0.367072 0.367067 0.367061 0.367047 0.367033 0.367003 0.367004 0.366996 0.367004 0.366997 0.366998 0.367000 0.367026 0.367038 0.367048 0.367052 0.367081 0.000000 0.000000
0.000000 0.000000 0.369910 0.369904 0.369903 0.369888 0.369875 0.369816 0.369816 0.369810 0.369798 0.369806 0.369811 0.369815 0.369857 0.369868 0.369890 0.369892 0.369913 0.000000 0.000000
0.000000 0.000000 0.372961 0.372957 0.372951 0.372941 0.372886 0.372870 0.372856 0.372856 0.372850 0.372854 0.372855 0.372853 0.372859 0.372914 0.372933 0.372948 0.372969 0.000000 0.000000
0.000000 0.000000 0.376292 0.376289 0.376276 0.376220 0.376202 0.376169 0.376144 0.376141 0.376130 0.376126 0.376132 0.376127 0.376150 0.376178 0.376261 0.376255 0.376268 0.000000 0.000000
0.000000 0.000000 0.379787 0.379782 0.379713 0.379696 0.379691 0.379670 0.379681 0.379673 0.379678 0.379669 0.379662 0.379676 0.379688 0.379696 0.379698 0.379788 0.379791 0.000000 0.000000
0.000000 0.000000 0.383731 0.383637 0.383597 0.383568 0.383524 0.383501 0.383495 0.383492 0.383473 0.383469 0.383477 0.383474 0.383499 0.383533 0.383587 0.383618 0.383712 0.000000 0.000000
0.000000 0.000000 0.386714 0.386706 0.386787 0.386761 0.386727 0.386638 0.386635 0.386615 0.386625 0.386620 0.386627 0.386629 0.386710 0.386732 0.386799 0.386714 0.386727 0.000000 0.000000
0.000000 0.000000 0.350000 0.350000 0.350000 0.350000 0.350000 0.350000 0.350000 0.350000 0.350000 0.350000 0.350000 0.350000 0.350000 0.350000 0.350000 0.350000 0.350000 0.000000 0.000000
0.000000 0.000000 0.000000 0.000000 0.000000 0.000000 0.000000 0.000000 0.000000 0.000000 0.000000 0.000000 0.000000 0.000000 0.000000 0.000000 0.000000 0.000000 0.000000 0.000000 0.000000