geotop/1.0zi/1.0Montebello/Templates/testdem/maps/_Eocclay5552.asc
ncols         21
nrows         20
xllcorner     100.000000
yllcorner     100.000000
cellsize      50.000000
NODATA_value  -9999.0
0.000000 0.000000 0.000000 0.000000 0.000000 0.000000 0.000000 0.000000 0.000000 0.000000 0.000000 0.000000 0.000000 0.000000 0.000000 0.000000 0.000000 0.000000 0.000000 0.000000 0.000000
0.000000 0.000000 0.349750 0.349751 0.349751 0.349751 0.349751 0.349751 0.349751 0.349751 0.349751 0.349751 0.349751 0.349751 0.349751 0.349751 0.349751 0.349751 0.349751 0.000000 0.000000
0.000000 0.000000 0.349990 0.349990 0.349990 0.349990 0.349989 0.349989 0.349990 0.349989 0.349989 0.349989 0.349990 0.349990 0.349990 0.349990 0.349990 0.349990 0.349990 0.000000 0.000000
0.000000 0.000000 0.349988 0.349990 0.349988 0.349988 0.349990 0.349990 0.349990 0.349989 0.349990 0.349989 0.349989 0.349988 0.349990 0.349992 0.349990 0.349991 0.349990 0.000000 0.000000
0.000000 0.000000 0.350454 0.350454 0.350454 0.350449 0.350439 0.350435 0.350436 0.350438 0.350436 0.350437 0.350432 0.350433 0.350438 0.350436 0.350442 0.350444 0.350447 0.000000 0.000000
0.000000 0.000000 0.352000 0.352002 0.351996 0.351978 0.351972 0.351956 0.351956 0.351951 0.351955 0.351955 0.351958 0.351958 0.351961 0.351973 0.351978 0.351990 0.351995 0.000000 0.000000
0.000000 0.000000 0.354257 0.354255 0.354253 0.354237 0.354217 0.354191 0.354191 0.354187 0.354189 0.354191 0.354191 0.354189 0.354208 0.354227 0.354237 0.354245 0.354252 0.000000 0.000000
0.000000 0.000000 0.357003 0.357003 0.357002 0.356983 0.356964 0.356936 0.356936 0.356933 0.356934 0.356934 0.356932 0.356936 0.356956 0.356972 0.356986 0.356992 0.357001 0.000000 0.000000
0.000000 0.000000 0.359779 0.359776 0.359771 0.359761 0.359742 0.359714 0.359716 0.359711 0.359709 0.359710 0.359710 0.359707 0.359732 0.359750 0.359763 0.359766 0.359774 0.000000 0.000000
0.000000 0.000000 0.362584 0.362579 0.362578 0.362571 0.362542 0.362517 0.362520 0.362516 0.362513 0.362517 0.362520 0.362516 0.362536 0.362558 0.362572 0.362574 0.362580 0.000000 0.000000
0.000000 0.000000 0.365490 0.365487 0.365487 0.365468 0.365449 0.365421 0.365427 0.365414 0.365414 0.365416 0.365412 0.365419 0.365434 0.365448 0.365463 0.365471 0.365484 0.000000 0.000000
0.000000 0.000000 0.368529 0.368522 0.368515 0.368501 0.368485 0.368452 0.368453 0.368445 0.368454 0.368446 0.368447 0.368449 0.368477 0.368490 0.368500 0.368505 0.368536 0.000000 0.000000
0.000000 0.000000 0.371644 0.371638 0.371636 0.371620 0.371605 0.371540 0.371540 0.371534 0.371521 0.371528 0.371533 0.371538 0.371585 0.371596 0.371620 0.371622 0.371645 0.000000 0.000000
0.000000 0.000000 0.375016 0.375012 0.375005 0.374995 0.374932 0.374915 0.374900 0.374899 0.374894 0.374897 0.374898 0.374895 0.374902 0.374964 0.374984 0.375000 0.375022 0.000000 0.000000
0.000000 0.000000 0.378720 0.378715 0.378702 0.378639 0.378618 0.378581 0.378554 0.378551 0.378538 0.378532 0.378539 0.378533 0.378560 0.378590 0.378682 0.378675 0.378689 0.000000 0.000000
0.000000 0.000000 0.382625 0.382621 0.382539 0.382523 0.382519 0.382494 0.382511 0.382500 0.382507 0.382498 0.382488 0.382504 0.382517 0.382525 0.382521 0.382627 0.382630 0.000000 0.000000
0.000000 0.000000 0.387078 0.386966 0.386926 0.386893 0.386840 0.386813 0.386804 0.386802 0.386778 0.386774 0.386784 0.386780 0.386809 0.386848 0.386912 0.386940 0.387053 0.000000 0.000000
0.000000 0.000000 0.390365 0.390366 0.390466 0.390439 0.390395 0.390290 0.390287 0.390263 0.390278 0.390271 0.390279 0.390280 0.390376 0.390406 0.390478 0.390374 0.390380 0.000000 0.000000
0.000000 0.000000 0.350000 0.350000 0.350000 0.350000 0.350000 0.350000 0.350000 0.350000 0.350000 0.350000 0.350000 0.350000 0.350000 0.350000 0.350000 0.350000 0.350000 0.000000 0.000000
0.000000 0.000000 0.000000 0.000000 0.000000 0.000000 0.000000 0.000000 0.000000 0.000000 0.000000 0.000000 0.000000 0.000000 0.000000 0.000000 0.000000 0.000000 0.000000 0.000000 0.000000