geotop/1.0zi/1.0Montebello/Templates/testdem/maps/_Eocclay5520.asc
ncols         21
nrows         20
xllcorner     100.000000
yllcorner     100.000000
cellsize      50.000000
NODATA_value  -9999.0
0.000000 0.000000 0.000000 0.000000 0.000000 0.000000 0.000000 0.000000 0.000000 0.000000 0.000000 0.000000 0.000000 0.000000 0.000000 0.000000 0.000000 0.000000 0.000000 0.000000 0.000000
0.000000 0.000000 0.349751 0.349751 0.349751 0.349752 0.349752 0.349752 0.349751 0.349752 0.349752 0.349752 0.349752 0.349751 0.349752 0.349752 0.349751 0.349751 0.349751 0.000000 0.000000
0.000000 0.000000 0.349990 0.349990 0.349990 0.349990 0.349989 0.349989 0.349990 0.349990 0.349989 0.349989 0.349990 0.349990 0.349990 0.349990 0.349990 0.349990 0.349990 0.000000 0.000000
0.000000 0.000000 0.349990 0.349992 0.349990 0.349991 0.349993 0.349993 0.349993 0.349991 0.349993 0.349991 0.349991 0.349991 0.349993 0.349994 0.349992 0.349993 0.349992 0.000000 0.000000
0.000000 0.000000 0.350442 0.350442 0.350442 0.350437 0.350426 0.350423 0.350424 0.350426 0.350424 0.350425 0.350420 0.350421 0.350425 0.350424 0.350430 0.350432 0.350435 0.000000 0.000000
0.000000 0.000000 0.351968 0.351970 0.351964 0.351946 0.351940 0.351924 0.351924 0.351919 0.351923 0.351923 0.351926 0.351926 0.351929 0.351940 0.351946 0.351958 0.351962 0.000000 0.000000
0.000000 0.000000 0.354206 0.354204 0.354202 0.354186 0.354167 0.354140 0.354141 0.354137 0.354138 0.354141 0.354141 0.354139 0.354157 0.354177 0.354186 0.354195 0.354201 0.000000 0.000000
0.000000 0.000000 0.356932 0.356932 0.356931 0.356912 0.356893 0.356865 0.356865 0.356862 0.356863 0.356863 0.356861 0.356865 0.356885 0.356901 0.356915 0.356921 0.356930 0.000000 0.000000
0.000000 0.000000 0.359686 0.359683 0.359678 0.359668 0.359649 0.359621 0.359623 0.359618 0.359616 0.359617 0.359617 0.359614 0.359638 0.359657 0.359670 0.359673 0.359681 0.000000 0.000000
0.000000 0.000000 0.362468 0.362462 0.362462 0.362454 0.362426 0.362401 0.362403 0.362400 0.362397 0.362401 0.362404 0.362400 0.362420 0.362442 0.362455 0.362457 0.362463 0.000000 0.000000
0.000000 0.000000 0.365348 0.365345 0.365345 0.365326 0.365308 0.365280 0.365286 0.365272 0.365273 0.365275 0.365271 0.365278 0.365293 0.365306 0.365321 0.365330 0.365342 0.000000 0.000000
0.000000 0.000000 0.368359 0.368353 0.368346 0.368332 0.368316 0.368283 0.368285 0.368276 0.368285 0.368277 0.368278 0.368280 0.368308 0.368320 0.368331 0.368335 0.368366 0.000000 0.000000
0.000000 0.000000 0.371444 0.371438 0.371437 0.371421 0.371406 0.371341 0.371341 0.371335 0.371322 0.371330 0.371335 0.371339 0.371385 0.371397 0.371420 0.371423 0.371445 0.000000 0.000000
0.000000 0.000000 0.374781 0.374777 0.374770 0.374760 0.374698 0.374681 0.374667 0.374666 0.374660 0.374663 0.374664 0.374661 0.374668 0.374729 0.374749 0.374765 0.374787 0.000000 0.000000
0.000000 0.000000 0.378444 0.378439 0.378426 0.378363 0.378342 0.378305 0.378280 0.378276 0.378264 0.378258 0.378265 0.378259 0.378285 0.378315 0.378406 0.378399 0.378413 0.000000 0.000000
0.000000 0.000000 0.382303 0.382298 0.382218 0.382202 0.382198 0.382173 0.382189 0.382179 0.382186 0.382176 0.382166 0.382182 0.382195 0.382203 0.382200 0.382304 0.382307 0.000000 0.000000
0.000000 0.000000 0.386699 0.386589 0.386548 0.386516 0.386464 0.386437 0.386429 0.386427 0.386403 0.386399 0.386409 0.386405 0.386433 0.386472 0.386534 0.386563 0.386674 0.000000 0.000000
0.000000 0.000000 0.389954 0.389953 0.390051 0.390023 0.389980 0.389876 0.389874 0.389850 0.389864 0.389858 0.389865 0.389867 0.389961 0.389991 0.390062 0.389961 0.389968 0.000000 0.000000
0.000000 0.000000 0.350000 0.350000 0.350000 0.350000 0.350000 0.350000 0.350000 0.350000 0.350000 0.350000 0.350000 0.350000 0.350000 0.350000 0.350000 0.350000 0.350000 0.000000 0.000000
0.000000 0.000000 0.000000 0.000000 0.000000 0.000000 0.000000 0.000000 0.000000 0.000000 0.000000 0.000000 0.000000 0.000000 0.000000 0.000000 0.000000 0.000000 0.000000 0.000000 0.000000