geotop/1.0zi/1.0Montebello/Templates/testdem/maps/_Eocsand6651.asc
ncols         21
nrows         20
xllcorner     100.000000
yllcorner     100.000000
cellsize      50.000000
NODATA_value  -9999.0
0.000000 0.000000 0.000000 0.000000 0.000000 0.000000 0.000000 0.000000 0.000000 0.000000 0.000000 0.000000 0.000000 0.000000 0.000000 0.000000 0.000000 0.000000 0.000000 0.000000 0.000000
0.000000 0.000000 0.300167 0.300164 0.300164 0.300165 0.300164 0.300164 0.300164 0.300164 0.300165 0.300164 0.300164 0.300165 0.300164 0.300164 0.300165 0.300166 0.300165 0.000000 0.000000
0.000000 0.000000 0.300009 0.300010 0.300010 0.300009 0.300010 0.300010 0.300010 0.300010 0.300010 0.300010 0.300009 0.300010 0.300010 0.300010 0.300010 0.300011 0.300012 0.000000 0.000000
0.000000 0.000000 0.299962 0.299961 0.299965 0.299970 0.299968 0.299970 0.299966 0.299969 0.299966 0.299969 0.299968 0.299969 0.299967 0.299962 0.299962 0.299959 0.299959 0.000000 0.000000
0.000000 0.000000 0.298762 0.298756 0.298761 0.298771 0.298788 0.298795 0.298797 0.298797 0.298801 0.298799 0.298801 0.298798 0.298785 0.298782 0.298776 0.298767 0.298756 0.000000 0.000000
0.000000 0.000000 0.295029 0.295026 0.295042 0.295080 0.295102 0.295139 0.295139 0.295149 0.295142 0.295142 0.295138 0.295140 0.295128 0.295103 0.295083 0.295065 0.295053 0.000000 0.000000
0.000000 0.000000 0.289416 0.289421 0.289434 0.289475 0.289525 0.289580 0.289579 0.289587 0.289585 0.289586 0.289588 0.289584 0.289542 0.289495 0.289469 0.289447 0.289432 0.000000 0.000000
0.000000 0.000000 0.282642 0.282643 0.282651 0.282697 0.282744 0.282805 0.282804 0.282811 0.282813 0.282818 0.282820 0.282811 0.282763 0.282719 0.282678 0.282667 0.282645 0.000000 0.000000
0.000000 0.000000 0.275566 0.275576 0.275596 0.275625 0.275673 0.275738 0.275734 0.275749 0.275754 0.275757 0.275755 0.275758 0.275698 0.275644 0.275612 0.275598 0.275578 0.000000 0.000000
0.000000 0.000000 0.268322 0.268335 0.268344 0.268369 0.268438 0.268495 0.268493 0.268501 0.268511 0.268507 0.268497 0.268504 0.268455 0.268394 0.268358 0.268349 0.268334 0.000000 0.000000
0.000000 0.000000 0.260736 0.260744 0.260753 0.260807 0.260853 0.260918 0.260904 0.260939 0.260937 0.260938 0.260948 0.260928 0.260888 0.260849 0.260805 0.260784 0.260751 0.000000 0.000000
0.000000 0.000000 0.252638 0.252657 0.252678 0.252718 0.252764 0.252843 0.252843 0.252859 0.252841 0.252867 0.252861 0.252855 0.252782 0.252742 0.252710 0.252696 0.252618 0.000000 0.000000
0.000000 0.000000 0.244186 0.244206 0.244216 0.244260 0.244302 0.244478 0.244480 0.244494 0.244536 0.244519 0.244505 0.244490 0.244360 0.244319 0.244251 0.244244 0.244191 0.000000 0.000000
0.000000 0.000000 0.234808 0.234817 0.234846 0.234880 0.235068 0.235098 0.235139 0.235141 0.235147 0.235150 0.235150 0.235158 0.235150 0.234951 0.234899 0.234848 0.234792 0.000000 0.000000
0.000000 0.000000 0.224260 0.224273 0.224316 0.224528 0.224572 0.224675 0.224744 0.224755 0.224793 0.224823 0.224797 0.224810 0.224721 0.224652 0.224362 0.224388 0.224359 0.000000 0.000000
0.000000 0.000000 0.212896 0.212912 0.213197 0.213215 0.213228 0.213288 0.213213 0.213252 0.213216 0.213252 0.213285 0.213222 0.213191 0.213167 0.213238 0.212864 0.212858 0.000000 0.000000
0.000000 0.000000 0.199428 0.199841 0.199913 0.200038 0.200242 0.200317 0.200373 0.200368 0.200469 0.200476 0.200426 0.200460 0.200360 0.200203 0.199945 0.199947 0.199522 0.000000 0.000000
0.000000 0.000000 0.190631 0.190491 0.190101 0.190180 0.190278 0.190651 0.190647 0.190737 0.190649 0.190680 0.190665 0.190645 0.190310 0.190232 0.190044 0.190423 0.190539 0.000000 0.000000
0.000000 0.000000 0.300000 0.300000 0.300000 0.300000 0.300000 0.300000 0.300000 0.300000 0.300000 0.300000 0.300000 0.300000 0.300000 0.300000 0.300000 0.300000 0.300000 0.000000 0.000000
0.000000 0.000000 0.000000 0.000000 0.000000 0.000000 0.000000 0.000000 0.000000 0.000000 0.000000 0.000000 0.000000 0.000000 0.000000 0.000000 0.000000 0.000000 0.000000 0.000000 0.000000