geotop/1.0zi/1.0Montebello/Templates/testdem/maps/_Eocsilt4073.asc
ncols         21
nrows         20
xllcorner     100.000000
yllcorner     100.000000
cellsize      50.000000
NODATA_value  -9999.0
0.000000 0.000000 0.000000 0.000000 0.000000 0.000000 0.000000 0.000000 0.000000 0.000000 0.000000 0.000000 0.000000 0.000000 0.000000 0.000000 0.000000 0.000000 0.000000 0.000000 0.000000
0.000000 0.000000 0.350083 0.350083 0.350084 0.350083 0.350083 0.350083 0.350084 0.350084 0.350084 0.350084 0.350084 0.350084 0.350083 0.350084 0.350084 0.350083 0.350083 0.000000 0.000000
0.000000 0.000000 0.350001 0.350002 0.350002 0.350002 0.350003 0.350003 0.350003 0.350003 0.350003 0.350003 0.350003 0.350003 0.350002 0.350002 0.350001 0.350001 0.350001 0.000000 0.000000
0.000000 0.000000 0.350032 0.350031 0.350031 0.350027 0.350028 0.350025 0.350027 0.350028 0.350027 0.350027 0.350027 0.350026 0.350028 0.350031 0.350031 0.350033 0.350032 0.000000 0.000000
0.000000 0.000000 0.350378 0.350380 0.350378 0.350379 0.350378 0.350376 0.350374 0.350372 0.350370 0.350373 0.350373 0.350374 0.350375 0.350374 0.350373 0.350378 0.350380 0.000000 0.000000
0.000000 0.000000 0.351453 0.351454 0.351451 0.351448 0.351445 0.351434 0.351433 0.351428 0.351433 0.351435 0.351436 0.351431 0.351432 0.351437 0.351441 0.351440 0.351442 0.000000 0.000000
0.000000 0.000000 0.353087 0.353088 0.353086 0.353076 0.353065 0.353051 0.353054 0.353051 0.353054 0.353052 0.353048 0.353048 0.353056 0.353069 0.353074 0.353078 0.353084 0.000000 0.000000
0.000000 0.000000 0.354994 0.354991 0.354987 0.354976 0.354963 0.354948 0.354950 0.354947 0.354947 0.354947 0.354944 0.354941 0.354956 0.354971 0.354981 0.354983 0.354987 0.000000 0.000000
0.000000 0.000000 0.356920 0.356915 0.356909 0.356900 0.356890 0.356870 0.356872 0.356868 0.356868 0.356869 0.356866 0.356864 0.356878 0.356895 0.356902 0.356906 0.356914 0.000000 0.000000
0.000000 0.000000 0.358830 0.358826 0.358821 0.358812 0.358798 0.358782 0.358784 0.358782 0.358782 0.358782 0.358779 0.358775 0.358791 0.358807 0.358814 0.358817 0.358822 0.000000 0.000000
0.000000 0.000000 0.360746 0.360742 0.360737 0.360730 0.360721 0.360701 0.360703 0.360699 0.360699 0.360700 0.360697 0.360693 0.360706 0.360718 0.360727 0.360731 0.360738 0.000000 0.000000
0.000000 0.000000 0.362721 0.362717 0.362710 0.362699 0.362689 0.362669 0.362669 0.362667 0.362667 0.362667 0.362664 0.362661 0.362679 0.362693 0.362701 0.362704 0.362726 0.000000 0.000000
0.000000 0.000000 0.364714 0.364709 0.364703 0.364695 0.364682 0.364642 0.364643 0.364639 0.364639 0.364639 0.364635 0.364633 0.364666 0.364683 0.364691 0.364695 0.364709 0.000000 0.000000
0.000000 0.000000 0.366812 0.366805 0.366799 0.366791 0.366753 0.366743 0.366737 0.366734 0.366734 0.366734 0.366730 0.366727 0.366737 0.366777 0.366786 0.366794 0.366802 0.000000 0.000000
0.000000 0.000000 0.369062 0.369056 0.369042 0.369009 0.368992 0.368968 0.368955 0.368951 0.368945 0.368944 0.368944 0.368937 0.368954 0.368983 0.369026 0.369025 0.369031 0.000000 0.000000
0.000000 0.000000 0.371370 0.371363 0.371319 0.371313 0.371303 0.371292 0.371290 0.371288 0.371290 0.371289 0.371282 0.371286 0.371290 0.371302 0.371304 0.371349 0.371360 0.000000 0.000000
0.000000 0.000000 0.373919 0.373864 0.373825 0.373811 0.373785 0.373772 0.373769 0.373766 0.373760 0.373761 0.373759 0.373751 0.373759 0.373792 0.373812 0.373836 0.373890 0.000000 0.000000
0.000000 0.000000 0.375930 0.375915 0.375945 0.375926 0.375903 0.375853 0.375848 0.375842 0.375844 0.375843 0.375838 0.375837 0.375881 0.375911 0.375943 0.375897 0.375921 0.000000 0.000000
0.000000 0.000000 0.350000 0.350000 0.350000 0.350000 0.350000 0.350000 0.350000 0.350000 0.350000 0.350000 0.350000 0.350000 0.350000 0.350000 0.350000 0.350000 0.350000 0.000000 0.000000
0.000000 0.000000 0.000000 0.000000 0.000000 0.000000 0.000000 0.000000 0.000000 0.000000 0.000000 0.000000 0.000000 0.000000 0.000000 0.000000 0.000000 0.000000 0.000000 0.000000 0.000000