geotop/1.0zi/1.0Montebello/Templates/testdem/maps/_Eocsand3098.asc
ncols         21
nrows         20
xllcorner     100.000000
yllcorner     100.000000
cellsize      50.000000
NODATA_value  -9999.0
0.000000 0.000000 0.000000 0.000000 0.000000 0.000000 0.000000 0.000000 0.000000 0.000000 0.000000 0.000000 0.000000 0.000000 0.000000 0.000000 0.000000 0.000000 0.000000 0.000000 0.000000
0.000000 0.000000 0.300087 0.300087 0.300087 0.300087 0.300087 0.300087 0.300087 0.300087 0.300089 0.300087 0.300087 0.300087 0.300087 0.300087 0.300087 0.300087 0.300087 0.000000 0.000000
0.000000 0.000000 0.300011 0.300011 0.300011 0.300011 0.300011 0.300011 0.300011 0.300011 0.300009 0.300011 0.300011 0.300011 0.300011 0.300011 0.300011 0.300011 0.300011 0.000000 0.000000
0.000000 0.000000 0.297498 0.297499 0.297503 0.297501 0.297498 0.297499 0.297499 0.297498 0.297498 0.297498 0.297499 0.297499 0.297498 0.297501 0.297503 0.297499 0.297498 0.000000 0.000000
0.000000 0.000000 0.288083 0.288085 0.288089 0.288088 0.288082 0.288084 0.288084 0.288081 0.288081 0.288081 0.288084 0.288084 0.288082 0.288088 0.288089 0.288085 0.288083 0.000000 0.000000
0.000000 0.000000 0.277213 0.277215 0.277218 0.277218 0.277213 0.277215 0.277214 0.277213 0.277211 0.277213 0.277214 0.277215 0.277213 0.277218 0.277218 0.277215 0.277213 0.000000 0.000000
0.000000 0.000000 0.267236 0.267237 0.267240 0.267240 0.267236 0.267237 0.267237 0.267235 0.267234 0.267235 0.267237 0.267237 0.267236 0.267240 0.267240 0.267237 0.267236 0.000000 0.000000
0.000000 0.000000 0.258191 0.258192 0.258195 0.258194 0.258191 0.258192 0.258192 0.258191 0.258189 0.258191 0.258192 0.258192 0.258191 0.258194 0.258195 0.258192 0.258191 0.000000 0.000000
0.000000 0.000000 0.249831 0.249831 0.249834 0.249833 0.249831 0.249832 0.249831 0.249830 0.249829 0.249830 0.249831 0.249832 0.249831 0.249833 0.249834 0.249831 0.249831 0.000000 0.000000
0.000000 0.000000 0.241954 0.241955 0.241958 0.241957 0.241954 0.241955 0.241955 0.241954 0.241953 0.241954 0.241955 0.241955 0.241954 0.241957 0.241958 0.241955 0.241954 0.000000 0.000000
0.000000 0.000000 0.234466 0.234467 0.234469 0.234468 0.234466 0.234467 0.234467 0.234465 0.234464 0.234465 0.234467 0.234467 0.234466 0.234468 0.234469 0.234467 0.234466 0.000000 0.000000
0.000000 0.000000 0.227292 0.227293 0.227295 0.227294 0.227292 0.227293 0.227293 0.227292 0.227291 0.227292 0.227293 0.227293 0.227292 0.227294 0.227295 0.227293 0.227292 0.000000 0.000000
0.000000 0.000000 0.220382 0.220383 0.220385 0.220384 0.220382 0.220383 0.220383 0.220382 0.220381 0.220382 0.220383 0.220383 0.220382 0.220384 0.220385 0.220383 0.220382 0.000000 0.000000
0.000000 0.000000 0.213677 0.213678 0.213680 0.213679 0.213677 0.213678 0.213678 0.213677 0.213676 0.213677 0.213678 0.213678 0.213677 0.213679 0.213680 0.213678 0.213677 0.000000 0.000000
0.000000 0.000000 0.207163 0.207164 0.207166 0.207165 0.207163 0.207164 0.207164 0.207162 0.207162 0.207162 0.207164 0.207164 0.207163 0.207165 0.207166 0.207164 0.207163 0.000000 0.000000
0.000000 0.000000 0.200828 0.200828 0.200831 0.200830 0.200828 0.200828 0.200828 0.200827 0.200826 0.200827 0.200828 0.200828 0.200828 0.200830 0.200831 0.200828 0.200828 0.000000 0.000000
0.000000 0.000000 0.194649 0.194650 0.194652 0.194651 0.194649 0.194650 0.194650 0.194649 0.194648 0.194649 0.194650 0.194650 0.194649 0.194651 0.194652 0.194650 0.194649 0.000000 0.000000
0.000000 0.000000 0.188486 0.188486 0.188488 0.188487 0.188485 0.188486 0.188486 0.188485 0.188484 0.188485 0.188486 0.188486 0.188485 0.188487 0.188488 0.188486 0.188485 0.000000 0.000000
0.000000 0.000000 0.300000 0.300000 0.300000 0.300000 0.300000 0.300000 0.300000 0.300000 0.300000 0.300000 0.300000 0.300000 0.300000 0.300000 0.300000 0.300000 0.300000 0.000000 0.000000
0.000000 0.000000 0.000000 0.000000 0.000000 0.000000 0.000000 0.000000 0.000000 0.000000 0.000000 0.000000 0.000000 0.000000 0.000000 0.000000 0.000000 0.000000 0.000000 0.000000 0.000000