geotop/1.0zi/1.0Montebello/Templates/testdem/maps/_Eocsilt5653.asc
ncols         21
nrows         20
xllcorner     100.000000
yllcorner     100.000000
cellsize      50.000000
NODATA_value  -9999.0
0.000000 0.000000 0.000000 0.000000 0.000000 0.000000 0.000000 0.000000 0.000000 0.000000 0.000000 0.000000 0.000000 0.000000 0.000000 0.000000 0.000000 0.000000 0.000000 0.000000 0.000000
0.000000 0.000000 0.350112 0.350112 0.350113 0.350113 0.350112 0.350113 0.350113 0.350113 0.350113 0.350112 0.350112 0.350112 0.350112 0.350113 0.350113 0.350112 0.350112 0.000000 0.000000
0.000000 0.000000 0.350002 0.350002 0.350002 0.350003 0.350003 0.350003 0.350003 0.350003 0.350003 0.350003 0.350003 0.350003 0.350003 0.350002 0.350001 0.350001 0.350002 0.000000 0.000000
0.000000 0.000000 0.350045 0.350045 0.350043 0.350039 0.350040 0.350038 0.350040 0.350040 0.350039 0.350039 0.350039 0.350039 0.350041 0.350044 0.350045 0.350047 0.350046 0.000000 0.000000
0.000000 0.000000 0.350526 0.350529 0.350527 0.350524 0.350521 0.350516 0.350514 0.350513 0.350510 0.350512 0.350513 0.350514 0.350519 0.350522 0.350522 0.350531 0.350534 0.000000 0.000000
0.000000 0.000000 0.352001 0.352004 0.352000 0.351987 0.351976 0.351959 0.351957 0.351954 0.351958 0.351960 0.351961 0.351958 0.351963 0.351969 0.351978 0.351982 0.351987 0.000000 0.000000
0.000000 0.000000 0.354244 0.354242 0.354238 0.354220 0.354199 0.354176 0.354178 0.354175 0.354178 0.354178 0.354175 0.354178 0.354194 0.354211 0.354218 0.354227 0.354233 0.000000 0.000000
0.000000 0.000000 0.356948 0.356948 0.356949 0.356932 0.356911 0.356886 0.356887 0.356884 0.356885 0.356884 0.356883 0.356885 0.356903 0.356922 0.356937 0.356939 0.356948 0.000000 0.000000
0.000000 0.000000 0.359785 0.359781 0.359774 0.359763 0.359743 0.359714 0.359716 0.359711 0.359709 0.359710 0.359710 0.359707 0.359733 0.359753 0.359767 0.359771 0.359780 0.000000 0.000000
0.000000 0.000000 0.362624 0.362619 0.362617 0.362610 0.362582 0.362557 0.362560 0.362556 0.362553 0.362557 0.362559 0.362556 0.362575 0.362598 0.362611 0.362613 0.362619 0.000000 0.000000
0.000000 0.000000 0.365535 0.365532 0.365532 0.365512 0.365493 0.365465 0.365472 0.365458 0.365459 0.365461 0.365457 0.365463 0.365479 0.365493 0.365508 0.365516 0.365528 0.000000 0.000000
0.000000 0.000000 0.368589 0.368582 0.368575 0.368562 0.368545 0.368512 0.368513 0.368506 0.368514 0.368506 0.368508 0.368510 0.368538 0.368551 0.368562 0.368566 0.368597 0.000000 0.000000
0.000000 0.000000 0.371717 0.371711 0.371709 0.371693 0.371678 0.371612 0.371612 0.371606 0.371593 0.371600 0.371605 0.371609 0.371657 0.371669 0.371692 0.371694 0.371717 0.000000 0.000000
0.000000 0.000000 0.375106 0.375102 0.375094 0.375084 0.375021 0.375005 0.374990 0.374989 0.374985 0.374987 0.374987 0.374984 0.374991 0.375054 0.375074 0.375090 0.375112 0.000000 0.000000
0.000000 0.000000 0.378828 0.378823 0.378810 0.378745 0.378724 0.378686 0.378662 0.378658 0.378646 0.378638 0.378646 0.378640 0.378667 0.378697 0.378790 0.378783 0.378797 0.000000 0.000000
0.000000 0.000000 0.382762 0.382757 0.382673 0.382658 0.382653 0.382628 0.382645 0.382634 0.382642 0.382632 0.382622 0.382638 0.382653 0.382661 0.382656 0.382764 0.382767 0.000000 0.000000
0.000000 0.000000 0.387248 0.387134 0.387094 0.387061 0.387006 0.386978 0.386969 0.386967 0.386942 0.386939 0.386949 0.386944 0.386975 0.387015 0.387081 0.387108 0.387223 0.000000 0.000000
0.000000 0.000000 0.390542 0.390545 0.390646 0.390617 0.390573 0.390465 0.390463 0.390439 0.390454 0.390448 0.390455 0.390457 0.390554 0.390586 0.390658 0.390554 0.390558 0.000000 0.000000
0.000000 0.000000 0.350000 0.350000 0.350000 0.350000 0.350000 0.350000 0.350000 0.350000 0.350000 0.350000 0.350000 0.350000 0.350000 0.350000 0.350000 0.350000 0.350000 0.000000 0.000000
0.000000 0.000000 0.000000 0.000000 0.000000 0.000000 0.000000 0.000000 0.000000 0.000000 0.000000 0.000000 0.000000 0.000000 0.000000 0.000000 0.000000 0.000000 0.000000 0.000000 0.000000