geotop/1.0zi/1.0Montebello/Templates/testdem/maps/_Eocclay5827.asc
ncols         21
nrows         20
xllcorner     100.000000
yllcorner     100.000000
cellsize      50.000000
NODATA_value  -9999.0
0.000000 0.000000 0.000000 0.000000 0.000000 0.000000 0.000000 0.000000 0.000000 0.000000 0.000000 0.000000 0.000000 0.000000 0.000000 0.000000 0.000000 0.000000 0.000000 0.000000 0.000000
0.000000 0.000000 0.349739 0.349739 0.349740 0.349740 0.349740 0.349740 0.349740 0.349740 0.349740 0.349740 0.349740 0.349740 0.349740 0.349740 0.349739 0.349739 0.349739 0.000000 0.000000
0.000000 0.000000 0.349989 0.349990 0.349990 0.349989 0.349989 0.349989 0.349989 0.349989 0.349989 0.349989 0.349989 0.349990 0.349989 0.349989 0.349989 0.349989 0.349989 0.000000 0.000000
0.000000 0.000000 0.349987 0.349989 0.349986 0.349988 0.349989 0.349989 0.349989 0.349987 0.349989 0.349988 0.349988 0.349987 0.349989 0.349991 0.349989 0.349990 0.349989 0.000000 0.000000
0.000000 0.000000 0.350479 0.350479 0.350479 0.350474 0.350463 0.350460 0.350461 0.350462 0.350461 0.350462 0.350457 0.350458 0.350462 0.350461 0.350466 0.350468 0.350472 0.000000 0.000000
0.000000 0.000000 0.352084 0.352085 0.352079 0.352061 0.352054 0.352038 0.352038 0.352034 0.352037 0.352037 0.352041 0.352040 0.352043 0.352056 0.352061 0.352073 0.352077 0.000000 0.000000
0.000000 0.000000 0.354442 0.354440 0.354438 0.354422 0.354401 0.354374 0.354374 0.354370 0.354372 0.354374 0.354374 0.354372 0.354392 0.354413 0.354422 0.354431 0.354438 0.000000 0.000000
0.000000 0.000000 0.357324 0.357324 0.357322 0.357302 0.357282 0.357253 0.357254 0.357251 0.357252 0.357251 0.357249 0.357253 0.357274 0.357292 0.357306 0.357312 0.357321 0.000000 0.000000
0.000000 0.000000 0.360255 0.360252 0.360246 0.360235 0.360215 0.360186 0.360188 0.360183 0.360181 0.360182 0.360182 0.360180 0.360205 0.360225 0.360238 0.360242 0.360250 0.000000 0.000000
0.000000 0.000000 0.363227 0.363221 0.363220 0.363212 0.363183 0.363157 0.363159 0.363155 0.363152 0.363156 0.363159 0.363156 0.363176 0.363200 0.363214 0.363216 0.363222 0.000000 0.000000
0.000000 0.000000 0.366315 0.366313 0.366312 0.366292 0.366272 0.366242 0.366249 0.366235 0.366236 0.366237 0.366233 0.366240 0.366257 0.366272 0.366287 0.366296 0.366308 0.000000 0.000000
0.000000 0.000000 0.369559 0.369552 0.369545 0.369530 0.369513 0.369478 0.369479 0.369471 0.369480 0.369471 0.369473 0.369475 0.369505 0.369519 0.369530 0.369534 0.369567 0.000000 0.000000
0.000000 0.000000 0.372898 0.372892 0.372890 0.372873 0.372857 0.372787 0.372787 0.372781 0.372766 0.372775 0.372780 0.372785 0.372836 0.372849 0.372874 0.372876 0.372899 0.000000 0.000000
0.000000 0.000000 0.376531 0.376527 0.376519 0.376508 0.376439 0.376422 0.376406 0.376405 0.376401 0.376403 0.376403 0.376400 0.376409 0.376477 0.376497 0.376515 0.376538 0.000000 0.000000
0.000000 0.000000 0.380541 0.380536 0.380521 0.380451 0.380429 0.380388 0.380360 0.380356 0.380343 0.380337 0.380344 0.380338 0.380368 0.380400 0.380502 0.380493 0.380507 0.000000 0.000000
0.000000 0.000000 0.384787 0.384782 0.384690 0.384675 0.384669 0.384643 0.384662 0.384651 0.384659 0.384649 0.384638 0.384656 0.384671 0.384680 0.384672 0.384791 0.384794 0.000000 0.000000
0.000000 0.000000 0.389666 0.389538 0.389496 0.389459 0.389398 0.389367 0.389356 0.389354 0.389327 0.389323 0.389335 0.389329 0.389364 0.389410 0.389482 0.389508 0.389637 0.000000 0.000000
0.000000 0.000000 0.393201 0.393210 0.393324 0.393293 0.393246 0.393126 0.393124 0.393097 0.393116 0.393109 0.393116 0.393118 0.393227 0.393261 0.393339 0.393221 0.393221 0.000000 0.000000
0.000000 0.000000 0.350000 0.350000 0.350000 0.350000 0.350000 0.350000 0.350000 0.350000 0.350000 0.350000 0.350000 0.350000 0.350000 0.350000 0.350000 0.350000 0.350000 0.000000 0.000000
0.000000 0.000000 0.000000 0.000000 0.000000 0.000000 0.000000 0.000000 0.000000 0.000000 0.000000 0.000000 0.000000 0.000000 0.000000 0.000000 0.000000 0.000000 0.000000 0.000000 0.000000