geotop/1.0zi/1.0Montebello/Templates/testdem/maps/_Eocclay0885.asc
ncols         21
nrows         20
xllcorner     100.000000
yllcorner     100.000000
cellsize      50.000000
NODATA_value  -9999.0
0.000000 0.000000 0.000000 0.000000 0.000000 0.000000 0.000000 0.000000 0.000000 0.000000 0.000000 0.000000 0.000000 0.000000 0.000000 0.000000 0.000000 0.000000 0.000000 0.000000 0.000000
0.000000 0.000000 0.349951 0.349951 0.349951 0.349951 0.349951 0.349951 0.349951 0.349951 0.349951 0.349951 0.349951 0.349951 0.349951 0.349951 0.349951 0.349951 0.349951 0.000000 0.000000
0.000000 0.000000 0.349996 0.349996 0.349995 0.349996 0.349996 0.349996 0.349996 0.349996 0.349996 0.349996 0.349996 0.349996 0.349996 0.349996 0.349995 0.349996 0.349996 0.000000 0.000000
0.000000 0.000000 0.350377 0.350377 0.350375 0.350375 0.350377 0.350377 0.350377 0.350377 0.350377 0.350377 0.350377 0.350377 0.350377 0.350375 0.350375 0.350377 0.350377 0.000000 0.000000
0.000000 0.000000 0.351783 0.351781 0.351779 0.351779 0.351783 0.351782 0.351782 0.351783 0.351783 0.351783 0.351782 0.351782 0.351783 0.351779 0.351779 0.351781 0.351783 0.000000 0.000000
0.000000 0.000000 0.353317 0.353316 0.353314 0.353314 0.353317 0.353316 0.353316 0.353317 0.353317 0.353317 0.353316 0.353316 0.353317 0.353314 0.353314 0.353316 0.353317 0.000000 0.000000
0.000000 0.000000 0.354765 0.354764 0.354763 0.354763 0.354765 0.354765 0.354765 0.354765 0.354765 0.354765 0.354765 0.354765 0.354765 0.354763 0.354763 0.354764 0.354765 0.000000 0.000000
0.000000 0.000000 0.356097 0.356097 0.356095 0.356095 0.356097 0.356097 0.356097 0.356097 0.356097 0.356097 0.356097 0.356097 0.356097 0.356095 0.356095 0.356097 0.356097 0.000000 0.000000
0.000000 0.000000 0.357344 0.357343 0.357342 0.357342 0.357344 0.357344 0.357344 0.357344 0.357344 0.357344 0.357344 0.357344 0.357344 0.357342 0.357342 0.357343 0.357344 0.000000 0.000000
0.000000 0.000000 0.358539 0.358538 0.358537 0.358537 0.358539 0.358539 0.358539 0.358539 0.358539 0.358539 0.358539 0.358539 0.358539 0.358537 0.358537 0.358538 0.358539 0.000000 0.000000
0.000000 0.000000 0.359694 0.359693 0.359692 0.359692 0.359694 0.359694 0.359694 0.359694 0.359694 0.359694 0.359694 0.359694 0.359694 0.359692 0.359692 0.359693 0.359694 0.000000 0.000000
0.000000 0.000000 0.360822 0.360822 0.360821 0.360821 0.360822 0.360822 0.360822 0.360822 0.360822 0.360822 0.360822 0.360822 0.360822 0.360821 0.360821 0.360822 0.360822 0.000000 0.000000
0.000000 0.000000 0.361932 0.361932 0.361930 0.361931 0.361932 0.361932 0.361932 0.361932 0.361932 0.361932 0.361932 0.361932 0.361932 0.361931 0.361930 0.361932 0.361932 0.000000 0.000000
0.000000 0.000000 0.363023 0.363022 0.363021 0.363021 0.363023 0.363023 0.363022 0.363023 0.363023 0.363023 0.363022 0.363023 0.363023 0.363021 0.363021 0.363022 0.363023 0.000000 0.000000
0.000000 0.000000 0.364101 0.364101 0.364099 0.364100 0.364101 0.364101 0.364101 0.364101 0.364101 0.364101 0.364101 0.364101 0.364101 0.364100 0.364099 0.364101 0.364101 0.000000 0.000000
0.000000 0.000000 0.365172 0.365172 0.365171 0.365171 0.365172 0.365172 0.365172 0.365172 0.365172 0.365172 0.365172 0.365172 0.365172 0.365171 0.365171 0.365172 0.365172 0.000000 0.000000
0.000000 0.000000 0.366234 0.366233 0.366232 0.366232 0.366234 0.366234 0.366234 0.366234 0.366234 0.366234 0.366234 0.366234 0.366234 0.366232 0.366232 0.366233 0.366234 0.000000 0.000000
0.000000 0.000000 0.367324 0.367323 0.367322 0.367322 0.367324 0.367324 0.367324 0.367324 0.367324 0.367324 0.367324 0.367324 0.367324 0.367322 0.367322 0.367323 0.367324 0.000000 0.000000
0.000000 0.000000 0.350000 0.350000 0.350000 0.350000 0.350000 0.350000 0.350000 0.350000 0.350000 0.350000 0.350000 0.350000 0.350000 0.350000 0.350000 0.350000 0.350000 0.000000 0.000000
0.000000 0.000000 0.000000 0.000000 0.000000 0.000000 0.000000 0.000000 0.000000 0.000000 0.000000 0.000000 0.000000 0.000000 0.000000 0.000000 0.000000 0.000000 0.000000 0.000000 0.000000