geotop/1.0zi/1.0Montebello/Templates/testdem/maps/_Eocclay5999.asc
ncols         21
nrows         20
xllcorner     100.000000
yllcorner     100.000000
cellsize      50.000000
NODATA_value  -9999.0
0.000000 0.000000 0.000000 0.000000 0.000000 0.000000 0.000000 0.000000 0.000000 0.000000 0.000000 0.000000 0.000000 0.000000 0.000000 0.000000 0.000000 0.000000 0.000000 0.000000 0.000000
0.000000 0.000000 0.349733 0.349733 0.349734 0.349734 0.349734 0.349734 0.349734 0.349734 0.349734 0.349734 0.349734 0.349733 0.349734 0.349734 0.349733 0.349733 0.349733 0.000000 0.000000
0.000000 0.000000 0.349989 0.349990 0.349990 0.349989 0.349989 0.349989 0.349989 0.349989 0.349989 0.349989 0.349989 0.349990 0.349989 0.349989 0.349989 0.349989 0.349989 0.000000 0.000000
0.000000 0.000000 0.349984 0.349986 0.349984 0.349985 0.349987 0.349987 0.349987 0.349985 0.349987 0.349986 0.349986 0.349985 0.349986 0.349989 0.349986 0.349987 0.349986 0.000000 0.000000
0.000000 0.000000 0.350508 0.350507 0.350506 0.350502 0.350490 0.350487 0.350488 0.350489 0.350488 0.350488 0.350483 0.350485 0.350489 0.350489 0.350494 0.350497 0.350502 0.000000 0.000000
0.000000 0.000000 0.352200 0.352201 0.352195 0.352175 0.352168 0.352151 0.352152 0.352147 0.352150 0.352150 0.352154 0.352153 0.352158 0.352171 0.352178 0.352189 0.352193 0.000000 0.000000
0.000000 0.000000 0.354671 0.354669 0.354665 0.354647 0.354627 0.354598 0.354598 0.354594 0.354596 0.354598 0.354598 0.354597 0.354617 0.354640 0.354650 0.354659 0.354667 0.000000 0.000000
0.000000 0.000000 0.357672 0.357671 0.357668 0.357647 0.357627 0.357597 0.357597 0.357594 0.357595 0.357594 0.357592 0.357597 0.357619 0.357638 0.357654 0.357660 0.357669 0.000000 0.000000
0.000000 0.000000 0.360732 0.360729 0.360721 0.360709 0.360688 0.360659 0.360661 0.360656 0.360653 0.360654 0.360654 0.360652 0.360679 0.360701 0.360714 0.360718 0.360727 0.000000 0.000000
0.000000 0.000000 0.363845 0.363839 0.363836 0.363827 0.363797 0.363771 0.363773 0.363769 0.363765 0.363769 0.363773 0.363770 0.363792 0.363817 0.363831 0.363834 0.363841 0.000000 0.000000
0.000000 0.000000 0.367091 0.367088 0.367086 0.367064 0.367044 0.367013 0.367020 0.367005 0.367006 0.367007 0.367003 0.367011 0.367029 0.367046 0.367062 0.367071 0.367085 0.000000 0.000000
0.000000 0.000000 0.370512 0.370505 0.370495 0.370479 0.370461 0.370425 0.370427 0.370418 0.370427 0.370418 0.370420 0.370422 0.370454 0.370470 0.370482 0.370487 0.370521 0.000000 0.000000
0.000000 0.000000 0.374046 0.374039 0.374035 0.374017 0.374000 0.373926 0.373926 0.373920 0.373904 0.373913 0.373918 0.373924 0.373978 0.373993 0.374020 0.374023 0.374046 0.000000 0.000000
0.000000 0.000000 0.377907 0.377903 0.377892 0.377880 0.377806 0.377789 0.377773 0.377772 0.377767 0.377769 0.377770 0.377767 0.377775 0.377850 0.377872 0.377890 0.377915 0.000000 0.000000
0.000000 0.000000 0.382187 0.382181 0.382164 0.382086 0.382064 0.382021 0.381992 0.381988 0.381974 0.381966 0.381975 0.381969 0.382002 0.382036 0.382145 0.382136 0.382151 0.000000 0.000000
0.000000 0.000000 0.386737 0.386732 0.386628 0.386614 0.386608 0.386582 0.386605 0.386593 0.386602 0.386591 0.386579 0.386600 0.386615 0.386625 0.386612 0.386744 0.386747 0.000000 0.000000
0.000000 0.000000 0.392001 0.391858 0.391815 0.391774 0.391707 0.391674 0.391660 0.391659 0.391628 0.391624 0.391638 0.391631 0.391670 0.391722 0.391804 0.391825 0.391970 0.000000 0.000000
0.000000 0.000000 0.395743 0.395761 0.395891 0.395859 0.395810 0.395679 0.395677 0.395647 0.395670 0.395662 0.395670 0.395674 0.395794 0.395829 0.395911 0.395777 0.395768 0.000000 0.000000
0.000000 0.000000 0.350000 0.350000 0.350000 0.350000 0.350000 0.350000 0.350000 0.350000 0.350000 0.350000 0.350000 0.350000 0.350000 0.350000 0.350000 0.350000 0.350000 0.000000 0.000000
0.000000 0.000000 0.000000 0.000000 0.000000 0.000000 0.000000 0.000000 0.000000 0.000000 0.000000 0.000000 0.000000 0.000000 0.000000 0.000000 0.000000 0.000000 0.000000 0.000000 0.000000