geotop/1.0zi/1.0Montebello/Templates/testdem/maps/_Eocsand2655.asc
ncols         21
nrows         20
xllcorner     100.000000
yllcorner     100.000000
cellsize      50.000000
NODATA_value  -9999.0
0.000000 0.000000 0.000000 0.000000 0.000000 0.000000 0.000000 0.000000 0.000000 0.000000 0.000000 0.000000 0.000000 0.000000 0.000000 0.000000 0.000000 0.000000 0.000000 0.000000 0.000000
0.000000 0.000000 0.300078 0.300078 0.300077 0.300078 0.300077 0.300078 0.300078 0.300077 0.300079 0.300077 0.300078 0.300078 0.300077 0.300078 0.300077 0.300078 0.300078 0.000000 0.000000
0.000000 0.000000 0.300012 0.300013 0.300013 0.300012 0.300012 0.300012 0.300012 0.300012 0.300011 0.300012 0.300012 0.300012 0.300012 0.300012 0.300013 0.300013 0.300012 0.000000 0.000000
0.000000 0.000000 0.298311 0.298312 0.298316 0.298314 0.298311 0.298311 0.298311 0.298311 0.298311 0.298311 0.298311 0.298311 0.298311 0.298314 0.298316 0.298312 0.298311 0.000000 0.000000
0.000000 0.000000 0.291104 0.291105 0.291109 0.291108 0.291102 0.291104 0.291104 0.291101 0.291101 0.291101 0.291104 0.291104 0.291102 0.291108 0.291109 0.291105 0.291104 0.000000 0.000000
0.000000 0.000000 0.282276 0.282278 0.282281 0.282280 0.282275 0.282277 0.282277 0.282275 0.282274 0.282275 0.282277 0.282277 0.282275 0.282280 0.282281 0.282278 0.282276 0.000000 0.000000
0.000000 0.000000 0.274029 0.274029 0.274032 0.274032 0.274028 0.274029 0.274029 0.274027 0.274027 0.274027 0.274029 0.274029 0.274028 0.274032 0.274032 0.274029 0.274029 0.000000 0.000000
0.000000 0.000000 0.266478 0.266479 0.266481 0.266481 0.266477 0.266479 0.266479 0.266477 0.266476 0.266477 0.266479 0.266479 0.266477 0.266481 0.266481 0.266479 0.266478 0.000000 0.000000
0.000000 0.000000 0.259446 0.259447 0.259449 0.259448 0.259445 0.259447 0.259446 0.259445 0.259445 0.259445 0.259446 0.259447 0.259445 0.259448 0.259449 0.259447 0.259446 0.000000 0.000000
0.000000 0.000000 0.252772 0.252773 0.252775 0.252775 0.252772 0.252773 0.252773 0.252771 0.252771 0.252771 0.252773 0.252773 0.252772 0.252775 0.252775 0.252773 0.252772 0.000000 0.000000
0.000000 0.000000 0.246377 0.246378 0.246380 0.246379 0.246377 0.246378 0.246377 0.246376 0.246376 0.246376 0.246377 0.246378 0.246377 0.246379 0.246380 0.246378 0.246377 0.000000 0.000000
0.000000 0.000000 0.240201 0.240202 0.240204 0.240203 0.240201 0.240202 0.240201 0.240200 0.240200 0.240200 0.240201 0.240202 0.240201 0.240203 0.240204 0.240202 0.240201 0.000000 0.000000
0.000000 0.000000 0.234200 0.234200 0.234203 0.234202 0.234199 0.234200 0.234200 0.234199 0.234198 0.234199 0.234200 0.234200 0.234199 0.234202 0.234203 0.234200 0.234200 0.000000 0.000000
0.000000 0.000000 0.228344 0.228344 0.228347 0.228346 0.228343 0.228344 0.228344 0.228343 0.228343 0.228343 0.228344 0.228344 0.228343 0.228346 0.228347 0.228344 0.228344 0.000000 0.000000
0.000000 0.000000 0.222615 0.222615 0.222618 0.222617 0.222614 0.222615 0.222615 0.222614 0.222613 0.222614 0.222615 0.222615 0.222614 0.222617 0.222618 0.222615 0.222615 0.000000 0.000000
0.000000 0.000000 0.217001 0.217002 0.217004 0.217003 0.217001 0.217001 0.217001 0.217000 0.217000 0.217000 0.217001 0.217001 0.217001 0.217003 0.217004 0.217002 0.217001 0.000000 0.000000
0.000000 0.000000 0.211497 0.211498 0.211500 0.211499 0.211497 0.211497 0.211497 0.211496 0.211496 0.211496 0.211497 0.211497 0.211497 0.211499 0.211500 0.211498 0.211497 0.000000 0.000000
0.000000 0.000000 0.206029 0.206029 0.206031 0.206030 0.206028 0.206029 0.206029 0.206027 0.206027 0.206027 0.206029 0.206029 0.206028 0.206030 0.206031 0.206029 0.206028 0.000000 0.000000
0.000000 0.000000 0.300000 0.300000 0.300000 0.300000 0.300000 0.300000 0.300000 0.300000 0.300000 0.300000 0.300000 0.300000 0.300000 0.300000 0.300000 0.300000 0.300000 0.000000 0.000000
0.000000 0.000000 0.000000 0.000000 0.000000 0.000000 0.000000 0.000000 0.000000 0.000000 0.000000 0.000000 0.000000 0.000000 0.000000 0.000000 0.000000 0.000000 0.000000 0.000000 0.000000