geotop/1.0zi/1.0Montebello/Templates/testdem/maps/_Eocsilt9836.asc
ncols         21
nrows         20
xllcorner     100.000000
yllcorner     100.000000
cellsize      50.000000
NODATA_value  -9999.0
0.000000 0.000000 0.000000 0.000000 0.000000 0.000000 0.000000 0.000000 0.000000 0.000000 0.000000 0.000000 0.000000 0.000000 0.000000 0.000000 0.000000 0.000000 0.000000 0.000000 0.000000
0.000000 0.000000 0.350208 0.350207 0.350208 0.350208 0.350207 0.350207 0.350207 0.350207 0.350207 0.350207 0.350207 0.350207 0.350207 0.350207 0.350208 0.350208 0.350207 0.000000 0.000000
0.000000 0.000000 0.350008 0.350008 0.350008 0.350007 0.350009 0.350008 0.350008 0.350008 0.350009 0.350008 0.350009 0.350009 0.350008 0.350007 0.350006 0.350006 0.350007 0.000000 0.000000
0.000000 0.000000 0.350150 0.350147 0.350141 0.350137 0.350137 0.350131 0.350135 0.350136 0.350133 0.350136 0.350137 0.350137 0.350139 0.350142 0.350148 0.350149 0.350150 0.000000 0.000000
0.000000 0.000000 0.351497 0.351503 0.351493 0.351473 0.351464 0.351456 0.351460 0.351457 0.351456 0.351459 0.351464 0.351462 0.351476 0.351485 0.351489 0.351495 0.351498 0.000000 0.000000
0.000000 0.000000 0.355168 0.355162 0.355147 0.355122 0.355089 0.355062 0.355060 0.355055 0.355056 0.355057 0.355061 0.355058 0.355077 0.355100 0.355112 0.355120 0.355127 0.000000 0.000000
0.000000 0.000000 0.360333 0.360322 0.360305 0.360268 0.360226 0.360173 0.360175 0.360170 0.360166 0.360165 0.360163 0.360167 0.360211 0.360243 0.360265 0.360280 0.360287 0.000000 0.000000
0.000000 0.000000 0.366475 0.366462 0.366447 0.366404 0.366359 0.366310 0.366311 0.366304 0.366299 0.366296 0.366294 0.366302 0.366343 0.366382 0.366415 0.366421 0.366435 0.000000 0.000000
0.000000 0.000000 0.373249 0.373229 0.373205 0.373171 0.373119 0.373059 0.373064 0.373052 0.373044 0.373042 0.373046 0.373042 0.373103 0.373147 0.373173 0.373185 0.373197 0.000000 0.000000
0.000000 0.000000 0.380713 0.380688 0.380668 0.380632 0.380576 0.380513 0.380514 0.380506 0.380492 0.380498 0.380505 0.380502 0.380550 0.380608 0.380638 0.380649 0.380655 0.000000 0.000000
0.000000 0.000000 0.389180 0.389159 0.389140 0.389059 0.389033 0.388949 0.388967 0.388925 0.388928 0.388922 0.388909 0.388931 0.388985 0.389021 0.389063 0.389078 0.389115 0.000000 0.000000
0.000000 0.000000 0.399060 0.399015 0.398966 0.398927 0.398883 0.398777 0.398775 0.398770 0.398782 0.398745 0.398763 0.398757 0.398854 0.398909 0.398932 0.398945 0.399018 0.000000 0.000000
0.000000 0.000000 0.410174 0.410133 0.410121 0.410044 0.409990 0.409713 0.409708 0.409690 0.409592 0.409651 0.409657 0.409681 0.409889 0.409936 0.410037 0.410042 0.410060 0.000000 0.000000
0.000000 0.000000 0.423867 0.423847 0.423759 0.423704 0.423322 0.423454 0.423372 0.423371 0.423421 0.423369 0.423359 0.423319 0.423198 0.423620 0.423636 0.423734 0.423793 0.000000 0.000000
0.000000 0.000000 0.439217 0.439172 0.439096 0.438613 0.438815 0.438512 0.438445 0.438413 0.438303 0.438266 0.438322 0.438324 0.438592 0.438398 0.439029 0.438881 0.438858 0.000000 0.000000
0.000000 0.000000 0.452554 0.452528 0.452035 0.452284 0.452196 0.452213 0.452428 0.452369 0.452483 0.452463 0.452371 0.452486 0.452422 0.452506 0.451959 0.452709 0.452698 0.000000 0.000000
0.000000 0.000000 0.463269 0.462963 0.463005 0.462894 0.462726 0.462675 0.462596 0.462613 0.462520 0.462530 0.462581 0.462531 0.462613 0.462739 0.462975 0.462835 0.463152 0.000000 0.000000
0.000000 0.000000 0.468600 0.468491 0.468655 0.468554 0.468445 0.468308 0.468261 0.468245 0.468225 0.468223 0.468255 0.468231 0.468371 0.468453 0.468651 0.468422 0.468536 0.000000 0.000000
0.000000 0.000000 0.350000 0.350000 0.350000 0.350000 0.350000 0.350000 0.350000 0.350000 0.350000 0.350000 0.350000 0.350000 0.350000 0.350000 0.350000 0.350000 0.350000 0.000000 0.000000
0.000000 0.000000 0.000000 0.000000 0.000000 0.000000 0.000000 0.000000 0.000000 0.000000 0.000000 0.000000 0.000000 0.000000 0.000000 0.000000 0.000000 0.000000 0.000000 0.000000 0.000000