geotop/1.0zi/1.0Montebello/Templates/testdem/maps/_Eocclay0224.asc
ncols         21
nrows         20
xllcorner     100.000000
yllcorner     100.000000
cellsize      50.000000
NODATA_value  -9999.0
0.000000 0.000000 0.000000 0.000000 0.000000 0.000000 0.000000 0.000000 0.000000 0.000000 0.000000 0.000000 0.000000 0.000000 0.000000 0.000000 0.000000 0.000000 0.000000 0.000000 0.000000
0.000000 0.000000 0.349982 0.349982 0.349982 0.349982 0.349982 0.349982 0.349982 0.349982 0.349982 0.349982 0.349982 0.349982 0.349982 0.349982 0.349982 0.349982 0.349982 0.000000 0.000000
0.000000 0.000000 0.350002 0.350002 0.350001 0.350002 0.350002 0.350002 0.350002 0.350002 0.350002 0.350002 0.350002 0.350002 0.350002 0.350002 0.350001 0.350002 0.350002 0.000000 0.000000
0.000000 0.000000 0.350208 0.350208 0.350206 0.350208 0.350208 0.350208 0.350208 0.350208 0.350208 0.350208 0.350208 0.350208 0.350208 0.350208 0.350206 0.350208 0.350208 0.000000 0.000000
0.000000 0.000000 0.350730 0.350730 0.350728 0.350730 0.350730 0.350730 0.350730 0.350730 0.350730 0.350730 0.350730 0.350730 0.350730 0.350730 0.350728 0.350730 0.350730 0.000000 0.000000
0.000000 0.000000 0.351199 0.351199 0.351197 0.351199 0.351199 0.351199 0.351199 0.351199 0.351199 0.351199 0.351199 0.351199 0.351199 0.351199 0.351197 0.351199 0.351199 0.000000 0.000000
0.000000 0.000000 0.351616 0.351616 0.351615 0.351616 0.351616 0.351616 0.351616 0.351616 0.351616 0.351616 0.351616 0.351616 0.351616 0.351616 0.351615 0.351616 0.351616 0.000000 0.000000
0.000000 0.000000 0.351995 0.351995 0.351994 0.351995 0.351995 0.351995 0.351995 0.351995 0.351995 0.351995 0.351995 0.351995 0.351995 0.351995 0.351994 0.351995 0.351995 0.000000 0.000000
0.000000 0.000000 0.352347 0.352347 0.352346 0.352347 0.352347 0.352347 0.352347 0.352347 0.352347 0.352347 0.352347 0.352347 0.352347 0.352347 0.352346 0.352347 0.352347 0.000000 0.000000
0.000000 0.000000 0.352683 0.352683 0.352682 0.352683 0.352683 0.352683 0.352683 0.352683 0.352683 0.352683 0.352683 0.352683 0.352683 0.352683 0.352682 0.352683 0.352683 0.000000 0.000000
0.000000 0.000000 0.353007 0.353007 0.353006 0.353007 0.353007 0.353007 0.353007 0.353007 0.353007 0.353007 0.353007 0.353007 0.353007 0.353007 0.353006 0.353007 0.353007 0.000000 0.000000
0.000000 0.000000 0.353322 0.353322 0.353321 0.353322 0.353322 0.353322 0.353322 0.353322 0.353322 0.353322 0.353322 0.353322 0.353322 0.353322 0.353321 0.353322 0.353322 0.000000 0.000000
0.000000 0.000000 0.353629 0.353629 0.353628 0.353629 0.353629 0.353629 0.353629 0.353629 0.353629 0.353629 0.353629 0.353629 0.353629 0.353629 0.353628 0.353629 0.353629 0.000000 0.000000
0.000000 0.000000 0.353929 0.353929 0.353928 0.353929 0.353929 0.353929 0.353929 0.353929 0.353929 0.353929 0.353929 0.353929 0.353929 0.353929 0.353928 0.353929 0.353929 0.000000 0.000000
0.000000 0.000000 0.354224 0.354224 0.354224 0.354224 0.354224 0.354224 0.354224 0.354224 0.354224 0.354224 0.354224 0.354224 0.354224 0.354224 0.354224 0.354224 0.354224 0.000000 0.000000
0.000000 0.000000 0.354517 0.354517 0.354516 0.354517 0.354517 0.354517 0.354517 0.354517 0.354517 0.354517 0.354517 0.354517 0.354517 0.354517 0.354516 0.354517 0.354517 0.000000 0.000000
0.000000 0.000000 0.354803 0.354803 0.354802 0.354803 0.354803 0.354803 0.354803 0.354803 0.354803 0.354803 0.354803 0.354803 0.354803 0.354803 0.354802 0.354803 0.354803 0.000000 0.000000
0.000000 0.000000 0.355110 0.355110 0.355109 0.355110 0.355110 0.355110 0.355110 0.355110 0.355110 0.355110 0.355110 0.355110 0.355110 0.355110 0.355109 0.355110 0.355110 0.000000 0.000000
0.000000 0.000000 0.350000 0.350000 0.350000 0.350000 0.350000 0.350000 0.350000 0.350000 0.350000 0.350000 0.350000 0.350000 0.350000 0.350000 0.350000 0.350000 0.350000 0.000000 0.000000
0.000000 0.000000 0.000000 0.000000 0.000000 0.000000 0.000000 0.000000 0.000000 0.000000 0.000000 0.000000 0.000000 0.000000 0.000000 0.000000 0.000000 0.000000 0.000000 0.000000 0.000000