geotop/1.0zi/1.0Montebello/Templates/testdem/maps/_Eocsilt5557.asc
ncols         21
nrows         20
xllcorner     100.000000
yllcorner     100.000000
cellsize      50.000000
NODATA_value  -9999.0
0.000000 0.000000 0.000000 0.000000 0.000000 0.000000 0.000000 0.000000 0.000000 0.000000 0.000000 0.000000 0.000000 0.000000 0.000000 0.000000 0.000000 0.000000 0.000000 0.000000 0.000000
0.000000 0.000000 0.350110 0.350110 0.350110 0.350110 0.350110 0.350110 0.350110 0.350110 0.350110 0.350110 0.350110 0.350110 0.350110 0.350110 0.350110 0.350110 0.350110 0.000000 0.000000
0.000000 0.000000 0.350002 0.350002 0.350002 0.350003 0.350003 0.350003 0.350003 0.350003 0.350003 0.350003 0.350003 0.350003 0.350003 0.350002 0.350001 0.350001 0.350002 0.000000 0.000000
0.000000 0.000000 0.350045 0.350044 0.350043 0.350038 0.350039 0.350037 0.350040 0.350040 0.350039 0.350038 0.350039 0.350038 0.350040 0.350043 0.350044 0.350046 0.350045 0.000000 0.000000
0.000000 0.000000 0.350499 0.350502 0.350500 0.350497 0.350494 0.350489 0.350487 0.350486 0.350483 0.350485 0.350486 0.350487 0.350493 0.350495 0.350495 0.350504 0.350507 0.000000 0.000000
0.000000 0.000000 0.351927 0.351931 0.351927 0.351913 0.351903 0.351886 0.351884 0.351881 0.351885 0.351887 0.351888 0.351885 0.351890 0.351896 0.351905 0.351909 0.351913 0.000000 0.000000
0.000000 0.000000 0.354122 0.354120 0.354117 0.354099 0.354079 0.354056 0.354058 0.354055 0.354058 0.354058 0.354055 0.354058 0.354073 0.354090 0.354097 0.354106 0.354112 0.000000 0.000000
0.000000 0.000000 0.356776 0.356776 0.356777 0.356760 0.356740 0.356716 0.356717 0.356714 0.356714 0.356714 0.356712 0.356714 0.356732 0.356750 0.356765 0.356768 0.356777 0.000000 0.000000
0.000000 0.000000 0.359558 0.359553 0.359547 0.359536 0.359517 0.359488 0.359489 0.359484 0.359482 0.359484 0.359484 0.359481 0.359506 0.359526 0.359539 0.359544 0.359553 0.000000 0.000000
0.000000 0.000000 0.362336 0.362331 0.362329 0.362323 0.362295 0.362270 0.362273 0.362270 0.362266 0.362270 0.362273 0.362269 0.362288 0.362310 0.362323 0.362325 0.362331 0.000000 0.000000
0.000000 0.000000 0.365179 0.365176 0.365177 0.365156 0.365138 0.365111 0.365117 0.365104 0.365105 0.365106 0.365103 0.365109 0.365124 0.365138 0.365152 0.365161 0.365173 0.000000 0.000000
0.000000 0.000000 0.368157 0.368150 0.368143 0.368130 0.368114 0.368081 0.368083 0.368075 0.368084 0.368076 0.368077 0.368080 0.368107 0.368120 0.368130 0.368134 0.368165 0.000000 0.000000
0.000000 0.000000 0.371201 0.371195 0.371194 0.371178 0.371164 0.371100 0.371100 0.371094 0.371081 0.371088 0.371093 0.371097 0.371143 0.371154 0.371177 0.371179 0.371201 0.000000 0.000000
0.000000 0.000000 0.374494 0.374490 0.374483 0.374473 0.374412 0.374396 0.374382 0.374381 0.374376 0.374378 0.374379 0.374376 0.374383 0.374442 0.374462 0.374478 0.374500 0.000000 0.000000
0.000000 0.000000 0.378102 0.378097 0.378085 0.378023 0.378002 0.377966 0.377942 0.377938 0.377926 0.377919 0.377926 0.377920 0.377946 0.377976 0.378065 0.378059 0.378072 0.000000 0.000000
0.000000 0.000000 0.381911 0.381906 0.381826 0.381811 0.381807 0.381783 0.381798 0.381787 0.381794 0.381785 0.381776 0.381791 0.381805 0.381813 0.381809 0.381911 0.381915 0.000000 0.000000
0.000000 0.000000 0.386241 0.386133 0.386093 0.386062 0.386011 0.385984 0.385976 0.385974 0.385951 0.385947 0.385957 0.385952 0.385981 0.386018 0.386080 0.386108 0.386217 0.000000 0.000000
0.000000 0.000000 0.389445 0.389446 0.389542 0.389515 0.389472 0.389371 0.389368 0.389345 0.389359 0.389353 0.389360 0.389362 0.389454 0.389483 0.389553 0.389454 0.389460 0.000000 0.000000
0.000000 0.000000 0.350000 0.350000 0.350000 0.350000 0.350000 0.350000 0.350000 0.350000 0.350000 0.350000 0.350000 0.350000 0.350000 0.350000 0.350000 0.350000 0.350000 0.000000 0.000000
0.000000 0.000000 0.000000 0.000000 0.000000 0.000000 0.000000 0.000000 0.000000 0.000000 0.000000 0.000000 0.000000 0.000000 0.000000 0.000000 0.000000 0.000000 0.000000 0.000000 0.000000