geotop/1.0zi/1.0Montebello/Templates/testdem/maps/_Eocclay8024.asc
ncols         21
nrows         20
xllcorner     100.000000
yllcorner     100.000000
cellsize      50.000000
NODATA_value  -9999.0
0.000000 0.000000 0.000000 0.000000 0.000000 0.000000 0.000000 0.000000 0.000000 0.000000 0.000000 0.000000 0.000000 0.000000 0.000000 0.000000 0.000000 0.000000 0.000000 0.000000 0.000000
0.000000 0.000000 0.349627 0.349629 0.349628 0.349627 0.349629 0.349629 0.349629 0.349629 0.349628 0.349629 0.349629 0.349629 0.349629 0.349629 0.349627 0.349627 0.349628 0.000000 0.000000
0.000000 0.000000 0.349984 0.349983 0.349984 0.349985 0.349983 0.349983 0.349983 0.349983 0.349983 0.349982 0.349983 0.349982 0.349983 0.349984 0.349984 0.349984 0.349982 0.000000 0.000000
0.000000 0.000000 0.350004 0.350008 0.350005 0.350004 0.350007 0.350004 0.350006 0.350003 0.350006 0.350004 0.350004 0.350003 0.350005 0.350006 0.350005 0.350009 0.350007 0.000000 0.000000
0.000000 0.000000 0.351006 0.351003 0.350999 0.350995 0.350979 0.350977 0.350974 0.350977 0.350973 0.350974 0.350969 0.350973 0.350983 0.350985 0.350994 0.350996 0.351002 0.000000 0.000000
0.000000 0.000000 0.353850 0.353849 0.353836 0.353807 0.353792 0.353767 0.353768 0.353761 0.353765 0.353764 0.353766 0.353768 0.353779 0.353799 0.353815 0.353829 0.353835 0.000000 0.000000
0.000000 0.000000 0.357754 0.357750 0.357741 0.357717 0.357685 0.357647 0.357645 0.357639 0.357641 0.357641 0.357641 0.357642 0.357676 0.357706 0.357723 0.357736 0.357743 0.000000 0.000000
0.000000 0.000000 0.362375 0.362372 0.362363 0.362333 0.362302 0.362260 0.362259 0.362255 0.362254 0.362251 0.362249 0.362258 0.362293 0.362320 0.362346 0.362355 0.362367 0.000000 0.000000
0.000000 0.000000 0.367267 0.367260 0.367246 0.367227 0.367194 0.367151 0.367153 0.367143 0.367141 0.367138 0.367139 0.367138 0.367181 0.367215 0.367236 0.367245 0.367255 0.000000 0.000000
0.000000 0.000000 0.372448 0.372438 0.372430 0.372411 0.372363 0.372323 0.372323 0.372318 0.372312 0.372315 0.372321 0.372318 0.372355 0.372395 0.372420 0.372428 0.372435 0.000000 0.000000
0.000000 0.000000 0.378087 0.378080 0.378070 0.378030 0.377996 0.377949 0.377958 0.377933 0.377936 0.377935 0.377926 0.377943 0.377976 0.378001 0.378033 0.378049 0.378070 0.000000 0.000000
0.000000 0.000000 0.384331 0.384314 0.384294 0.384268 0.384229 0.384171 0.384167 0.384160 0.384173 0.384153 0.384158 0.384162 0.384222 0.384253 0.384275 0.384287 0.384339 0.000000 0.000000
0.000000 0.000000 0.391078 0.391062 0.391053 0.391015 0.390982 0.390830 0.390828 0.390819 0.390779 0.390800 0.390808 0.390822 0.390938 0.390969 0.391027 0.391033 0.391059 0.000000 0.000000
0.000000 0.000000 0.398975 0.398970 0.398937 0.398910 0.398721 0.398733 0.398693 0.398693 0.398704 0.398693 0.398688 0.398680 0.398665 0.398861 0.398894 0.398945 0.398982 0.000000 0.000000
0.000000 0.000000 0.408279 0.408261 0.408221 0.407983 0.407997 0.407880 0.407824 0.407811 0.407771 0.407743 0.407769 0.407763 0.407878 0.407878 0.408193 0.408146 0.408153 0.000000 0.000000
0.000000 0.000000 0.418512 0.418496 0.418150 0.418235 0.418211 0.418174 0.418301 0.418259 0.418325 0.418299 0.418243 0.418330 0.418341 0.418359 0.418119 0.418612 0.418605 0.000000 0.000000
0.000000 0.000000 0.431309 0.430759 0.430858 0.430656 0.430378 0.430298 0.430154 0.430187 0.430026 0.430039 0.430130 0.430042 0.430180 0.430384 0.430838 0.430559 0.431129 0.000000 0.000000
0.000000 0.000000 0.436212 0.436722 0.437204 0.437202 0.437218 0.436758 0.436829 0.436696 0.436909 0.436865 0.436835 0.436906 0.437292 0.437279 0.437292 0.436907 0.436409 0.000000 0.000000
0.000000 0.000000 0.350000 0.350000 0.350000 0.350000 0.350000 0.350000 0.350000 0.350000 0.350000 0.350000 0.350000 0.350000 0.350000 0.350000 0.350000 0.350000 0.350000 0.000000 0.000000
0.000000 0.000000 0.000000 0.000000 0.000000 0.000000 0.000000 0.000000 0.000000 0.000000 0.000000 0.000000 0.000000 0.000000 0.000000 0.000000 0.000000 0.000000 0.000000 0.000000 0.000000