geotop/1.0zi/1.0Montebello/Templates/testdem/maps/_Eocclay2891.asc
ncols         21
nrows         20
xllcorner     100.000000
yllcorner     100.000000
cellsize      50.000000
NODATA_value  -9999.0
0.000000 0.000000 0.000000 0.000000 0.000000 0.000000 0.000000 0.000000 0.000000 0.000000 0.000000 0.000000 0.000000 0.000000 0.000000 0.000000 0.000000 0.000000 0.000000 0.000000 0.000000
0.000000 0.000000 0.349842 0.349842 0.349842 0.349842 0.349842 0.349842 0.349842 0.349842 0.349841 0.349842 0.349842 0.349842 0.349842 0.349842 0.349842 0.349842 0.349842 0.000000 0.000000
0.000000 0.000000 0.349993 0.349993 0.349992 0.349993 0.349993 0.349993 0.349993 0.349993 0.349993 0.349993 0.349993 0.349993 0.349993 0.349993 0.349992 0.349993 0.349993 0.000000 0.000000
0.000000 0.000000 0.350978 0.350978 0.350976 0.350977 0.350978 0.350978 0.350978 0.350978 0.350978 0.350978 0.350978 0.350978 0.350978 0.350977 0.350976 0.350978 0.350978 0.000000 0.000000
0.000000 0.000000 0.355274 0.355273 0.355271 0.355271 0.355275 0.355274 0.355274 0.355275 0.355275 0.355275 0.355274 0.355274 0.355275 0.355271 0.355271 0.355273 0.355274 0.000000 0.000000
0.000000 0.000000 0.360162 0.360162 0.360160 0.360161 0.360163 0.360162 0.360162 0.360163 0.360164 0.360163 0.360162 0.360162 0.360163 0.360161 0.360160 0.360162 0.360162 0.000000 0.000000
0.000000 0.000000 0.364778 0.364778 0.364777 0.364777 0.364779 0.364778 0.364778 0.364779 0.364779 0.364779 0.364778 0.364778 0.364779 0.364777 0.364777 0.364778 0.364778 0.000000 0.000000
0.000000 0.000000 0.368998 0.368997 0.368996 0.368996 0.368998 0.368997 0.368998 0.368998 0.368999 0.368998 0.368998 0.368997 0.368998 0.368996 0.368996 0.368997 0.368998 0.000000 0.000000
0.000000 0.000000 0.372915 0.372915 0.372914 0.372914 0.372916 0.372915 0.372915 0.372916 0.372916 0.372916 0.372915 0.372915 0.372916 0.372914 0.372914 0.372915 0.372915 0.000000 0.000000
0.000000 0.000000 0.376622 0.376622 0.376621 0.376621 0.376623 0.376622 0.376622 0.376623 0.376623 0.376623 0.376622 0.376622 0.376623 0.376621 0.376621 0.376622 0.376622 0.000000 0.000000
0.000000 0.000000 0.380162 0.380161 0.380160 0.380161 0.380162 0.380162 0.380162 0.380162 0.380163 0.380162 0.380162 0.380162 0.380162 0.380161 0.380160 0.380161 0.380162 0.000000 0.000000
0.000000 0.000000 0.383568 0.383568 0.383567 0.383567 0.383569 0.383568 0.383568 0.383569 0.383569 0.383569 0.383568 0.383568 0.383569 0.383567 0.383567 0.383568 0.383568 0.000000 0.000000
0.000000 0.000000 0.386867 0.386867 0.386866 0.386866 0.386867 0.386867 0.386867 0.386868 0.386868 0.386868 0.386867 0.386867 0.386867 0.386866 0.386866 0.386867 0.386867 0.000000 0.000000
0.000000 0.000000 0.390080 0.390080 0.390079 0.390079 0.390080 0.390080 0.390080 0.390080 0.390081 0.390080 0.390080 0.390080 0.390080 0.390079 0.390079 0.390080 0.390080 0.000000 0.000000
0.000000 0.000000 0.393216 0.393216 0.393214 0.393215 0.393216 0.393216 0.393216 0.393216 0.393217 0.393216 0.393216 0.393216 0.393216 0.393215 0.393214 0.393216 0.393216 0.000000 0.000000
0.000000 0.000000 0.396281 0.396280 0.396279 0.396280 0.396281 0.396280 0.396280 0.396281 0.396281 0.396281 0.396280 0.396280 0.396281 0.396280 0.396279 0.396280 0.396281 0.000000 0.000000
0.000000 0.000000 0.399278 0.399278 0.399277 0.399277 0.399278 0.399278 0.399278 0.399278 0.399279 0.399278 0.399278 0.399278 0.399278 0.399277 0.399277 0.399278 0.399278 0.000000 0.000000
0.000000 0.000000 0.402259 0.402259 0.402258 0.402259 0.402260 0.402259 0.402260 0.402260 0.402260 0.402260 0.402260 0.402259 0.402260 0.402259 0.402258 0.402259 0.402260 0.000000 0.000000
0.000000 0.000000 0.350000 0.350000 0.350000 0.350000 0.350000 0.350000 0.350000 0.350000 0.350000 0.350000 0.350000 0.350000 0.350000 0.350000 0.350000 0.350000 0.350000 0.000000 0.000000
0.000000 0.000000 0.000000 0.000000 0.000000 0.000000 0.000000 0.000000 0.000000 0.000000 0.000000 0.000000 0.000000 0.000000 0.000000 0.000000 0.000000 0.000000 0.000000 0.000000 0.000000