geotop/1.0zi/1.0Montebello/Templates/testdem/maps/_Eocsilt5612.asc
ncols         21
nrows         20
xllcorner     100.000000
yllcorner     100.000000
cellsize      50.000000
NODATA_value  -9999.0
0.000000 0.000000 0.000000 0.000000 0.000000 0.000000 0.000000 0.000000 0.000000 0.000000 0.000000 0.000000 0.000000 0.000000 0.000000 0.000000 0.000000 0.000000 0.000000 0.000000 0.000000
0.000000 0.000000 0.350112 0.350112 0.350112 0.350112 0.350112 0.350112 0.350112 0.350112 0.350112 0.350112 0.350112 0.350112 0.350112 0.350112 0.350112 0.350112 0.350112 0.000000 0.000000
0.000000 0.000000 0.350002 0.350002 0.350002 0.350003 0.350003 0.350003 0.350003 0.350003 0.350003 0.350003 0.350003 0.350003 0.350003 0.350002 0.350001 0.350001 0.350002 0.000000 0.000000
0.000000 0.000000 0.350046 0.350045 0.350043 0.350039 0.350040 0.350038 0.350040 0.350040 0.350039 0.350039 0.350039 0.350039 0.350041 0.350044 0.350045 0.350047 0.350046 0.000000 0.000000
0.000000 0.000000 0.350517 0.350520 0.350518 0.350515 0.350512 0.350507 0.350505 0.350503 0.350501 0.350503 0.350504 0.350505 0.350510 0.350513 0.350512 0.350522 0.350525 0.000000 0.000000
0.000000 0.000000 0.351972 0.351975 0.351972 0.351958 0.351948 0.351931 0.351929 0.351925 0.351930 0.351932 0.351933 0.351929 0.351935 0.351941 0.351949 0.351953 0.351958 0.000000 0.000000
0.000000 0.000000 0.354194 0.354192 0.354188 0.354171 0.354150 0.354127 0.354129 0.354126 0.354129 0.354129 0.354126 0.354129 0.354144 0.354161 0.354168 0.354178 0.354184 0.000000 0.000000
0.000000 0.000000 0.356876 0.356876 0.356877 0.356860 0.356839 0.356815 0.356816 0.356813 0.356813 0.356813 0.356811 0.356813 0.356831 0.356850 0.356865 0.356867 0.356876 0.000000 0.000000
0.000000 0.000000 0.359689 0.359684 0.359677 0.359667 0.359647 0.359618 0.359619 0.359614 0.359612 0.359614 0.359614 0.359611 0.359637 0.359656 0.359670 0.359675 0.359683 0.000000 0.000000
0.000000 0.000000 0.362500 0.362495 0.362493 0.362486 0.362458 0.362434 0.362436 0.362433 0.362429 0.362433 0.362436 0.362432 0.362452 0.362474 0.362487 0.362489 0.362495 0.000000 0.000000
0.000000 0.000000 0.365380 0.365377 0.365378 0.365357 0.365339 0.365311 0.365317 0.365304 0.365305 0.365306 0.365303 0.365309 0.365325 0.365339 0.365353 0.365362 0.365374 0.000000 0.000000
0.000000 0.000000 0.368400 0.368393 0.368386 0.368373 0.368356 0.368323 0.368325 0.368317 0.368326 0.368318 0.368319 0.368322 0.368350 0.368363 0.368373 0.368377 0.368408 0.000000 0.000000
0.000000 0.000000 0.371490 0.371484 0.371483 0.371467 0.371452 0.371387 0.371387 0.371381 0.371368 0.371375 0.371380 0.371384 0.371431 0.371443 0.371466 0.371468 0.371491 0.000000 0.000000
0.000000 0.000000 0.374836 0.374832 0.374825 0.374815 0.374753 0.374737 0.374722 0.374721 0.374717 0.374719 0.374719 0.374717 0.374724 0.374784 0.374804 0.374820 0.374842 0.000000 0.000000
0.000000 0.000000 0.378508 0.378503 0.378490 0.378426 0.378406 0.378368 0.378344 0.378340 0.378328 0.378321 0.378329 0.378323 0.378349 0.378379 0.378471 0.378463 0.378477 0.000000 0.000000
0.000000 0.000000 0.382386 0.382381 0.382299 0.382284 0.382280 0.382255 0.382271 0.382260 0.382268 0.382259 0.382249 0.382265 0.382278 0.382287 0.382282 0.382387 0.382391 0.000000 0.000000
0.000000 0.000000 0.386803 0.386691 0.386652 0.386619 0.386566 0.386539 0.386531 0.386529 0.386505 0.386501 0.386511 0.386507 0.386536 0.386575 0.386638 0.386665 0.386778 0.000000 0.000000
0.000000 0.000000 0.390057 0.390059 0.390158 0.390130 0.390087 0.389982 0.389980 0.389956 0.389971 0.389964 0.389972 0.389974 0.390068 0.390098 0.390170 0.390067 0.390072 0.000000 0.000000
0.000000 0.000000 0.350000 0.350000 0.350000 0.350000 0.350000 0.350000 0.350000 0.350000 0.350000 0.350000 0.350000 0.350000 0.350000 0.350000 0.350000 0.350000 0.350000 0.000000 0.000000
0.000000 0.000000 0.000000 0.000000 0.000000 0.000000 0.000000 0.000000 0.000000 0.000000 0.000000 0.000000 0.000000 0.000000 0.000000 0.000000 0.000000 0.000000 0.000000 0.000000 0.000000