geotop/1.0zi/1.0Montebello/Templates/testdem/maps/_Eocsilt3015.asc
ncols         21
nrows         20
xllcorner     100.000000
yllcorner     100.000000
cellsize      50.000000
NODATA_value  -9999.0
0.000000 0.000000 0.000000 0.000000 0.000000 0.000000 0.000000 0.000000 0.000000 0.000000 0.000000 0.000000 0.000000 0.000000 0.000000 0.000000 0.000000 0.000000 0.000000 0.000000 0.000000
0.000000 0.000000 0.350080 0.350080 0.350080 0.350080 0.350080 0.350080 0.350080 0.350080 0.350079 0.350080 0.350080 0.350080 0.350080 0.350080 0.350080 0.350080 0.350080 0.000000 0.000000
0.000000 0.000000 0.349996 0.349996 0.349996 0.349996 0.349996 0.349996 0.349996 0.349996 0.349997 0.349996 0.349996 0.349996 0.349996 0.349996 0.349996 0.349996 0.349996 0.000000 0.000000
0.000000 0.000000 0.351136 0.351136 0.351133 0.351134 0.351137 0.351136 0.351136 0.351137 0.351137 0.351137 0.351136 0.351136 0.351137 0.351134 0.351133 0.351136 0.351136 0.000000 0.000000
0.000000 0.000000 0.355409 0.355408 0.355406 0.355407 0.355409 0.355408 0.355408 0.355410 0.355410 0.355410 0.355408 0.355408 0.355409 0.355407 0.355406 0.355408 0.355409 0.000000 0.000000
0.000000 0.000000 0.360704 0.360704 0.360702 0.360702 0.360705 0.360704 0.360704 0.360705 0.360705 0.360705 0.360704 0.360704 0.360705 0.360702 0.360702 0.360704 0.360704 0.000000 0.000000
0.000000 0.000000 0.365508 0.365508 0.365506 0.365507 0.365508 0.365508 0.365508 0.365509 0.365509 0.365509 0.365508 0.365508 0.365508 0.365507 0.365506 0.365508 0.365508 0.000000 0.000000
0.000000 0.000000 0.369858 0.369858 0.369856 0.369857 0.369858 0.369858 0.369858 0.369859 0.369859 0.369859 0.369858 0.369858 0.369858 0.369857 0.369856 0.369858 0.369858 0.000000 0.000000
0.000000 0.000000 0.373881 0.373881 0.373880 0.373880 0.373882 0.373881 0.373881 0.373882 0.373882 0.373882 0.373881 0.373881 0.373882 0.373880 0.373880 0.373881 0.373881 0.000000 0.000000
0.000000 0.000000 0.377674 0.377673 0.377672 0.377673 0.377674 0.377673 0.377674 0.377674 0.377675 0.377674 0.377674 0.377673 0.377674 0.377673 0.377672 0.377673 0.377674 0.000000 0.000000
0.000000 0.000000 0.381281 0.381281 0.381280 0.381280 0.381281 0.381281 0.381281 0.381281 0.381282 0.381281 0.381281 0.381281 0.381281 0.381280 0.381280 0.381281 0.381281 0.000000 0.000000
0.000000 0.000000 0.384738 0.384738 0.384737 0.384737 0.384738 0.384738 0.384738 0.384739 0.384739 0.384739 0.384738 0.384738 0.384738 0.384737 0.384737 0.384738 0.384738 0.000000 0.000000
0.000000 0.000000 0.388073 0.388073 0.388071 0.388072 0.388073 0.388073 0.388073 0.388073 0.388074 0.388073 0.388073 0.388073 0.388073 0.388072 0.388071 0.388073 0.388073 0.000000 0.000000
0.000000 0.000000 0.391311 0.391310 0.391309 0.391310 0.391311 0.391311 0.391311 0.391311 0.391311 0.391311 0.391311 0.391311 0.391311 0.391310 0.391309 0.391310 0.391311 0.000000 0.000000
0.000000 0.000000 0.394458 0.394458 0.394457 0.394457 0.394458 0.394458 0.394458 0.394459 0.394459 0.394459 0.394458 0.394458 0.394458 0.394457 0.394457 0.394458 0.394458 0.000000 0.000000
0.000000 0.000000 0.397521 0.397521 0.397520 0.397520 0.397521 0.397521 0.397521 0.397521 0.397522 0.397521 0.397521 0.397521 0.397521 0.397520 0.397520 0.397521 0.397521 0.000000 0.000000
0.000000 0.000000 0.400510 0.400509 0.400508 0.400509 0.400510 0.400509 0.400509 0.400510 0.400510 0.400510 0.400509 0.400509 0.400510 0.400509 0.400508 0.400509 0.400510 0.000000 0.000000
0.000000 0.000000 0.403482 0.403482 0.403481 0.403481 0.403482 0.403482 0.403482 0.403483 0.403483 0.403483 0.403482 0.403482 0.403482 0.403481 0.403481 0.403482 0.403482 0.000000 0.000000
0.000000 0.000000 0.350000 0.350000 0.350000 0.350000 0.350000 0.350000 0.350000 0.350000 0.350000 0.350000 0.350000 0.350000 0.350000 0.350000 0.350000 0.350000 0.350000 0.000000 0.000000
0.000000 0.000000 0.000000 0.000000 0.000000 0.000000 0.000000 0.000000 0.000000 0.000000 0.000000 0.000000 0.000000 0.000000 0.000000 0.000000 0.000000 0.000000 0.000000 0.000000 0.000000