geotop/1.0zi/1.0Montebello/Templates/testdem/maps/_Eocsand2714.asc
ncols         21
nrows         20
xllcorner     100.000000
yllcorner     100.000000
cellsize      50.000000
NODATA_value  -9999.0
0.000000 0.000000 0.000000 0.000000 0.000000 0.000000 0.000000 0.000000 0.000000 0.000000 0.000000 0.000000 0.000000 0.000000 0.000000 0.000000 0.000000 0.000000 0.000000 0.000000 0.000000
0.000000 0.000000 0.300082 0.300082 0.300082 0.300082 0.300082 0.300082 0.300082 0.300082 0.300083 0.300082 0.300082 0.300082 0.300082 0.300082 0.300082 0.300082 0.300082 0.000000 0.000000
0.000000 0.000000 0.300011 0.300012 0.300012 0.300011 0.300012 0.300011 0.300012 0.300012 0.300010 0.300012 0.300012 0.300011 0.300012 0.300011 0.300012 0.300012 0.300011 0.000000 0.000000
0.000000 0.000000 0.298247 0.298248 0.298253 0.298250 0.298247 0.298247 0.298248 0.298247 0.298247 0.298247 0.298248 0.298247 0.298247 0.298250 0.298253 0.298248 0.298247 0.000000 0.000000
0.000000 0.000000 0.290756 0.290757 0.290761 0.290760 0.290754 0.290756 0.290756 0.290753 0.290753 0.290753 0.290756 0.290756 0.290754 0.290760 0.290761 0.290757 0.290756 0.000000 0.000000
0.000000 0.000000 0.281619 0.281620 0.281623 0.281623 0.281618 0.281619 0.281619 0.281617 0.281617 0.281617 0.281619 0.281619 0.281618 0.281623 0.281623 0.281620 0.281619 0.000000 0.000000
0.000000 0.000000 0.273104 0.273105 0.273108 0.273107 0.273103 0.273104 0.273104 0.273103 0.273102 0.273103 0.273104 0.273104 0.273103 0.273107 0.273108 0.273105 0.273104 0.000000 0.000000
0.000000 0.000000 0.265324 0.265325 0.265327 0.265327 0.265323 0.265325 0.265324 0.265323 0.265322 0.265323 0.265324 0.265325 0.265323 0.265327 0.265327 0.265325 0.265324 0.000000 0.000000
0.000000 0.000000 0.258089 0.258089 0.258092 0.258091 0.258088 0.258089 0.258089 0.258088 0.258087 0.258088 0.258089 0.258089 0.258088 0.258091 0.258092 0.258089 0.258089 0.000000 0.000000
0.000000 0.000000 0.251232 0.251232 0.251235 0.251234 0.251231 0.251232 0.251232 0.251231 0.251230 0.251231 0.251232 0.251232 0.251231 0.251234 0.251235 0.251232 0.251232 0.000000 0.000000
0.000000 0.000000 0.244670 0.244671 0.244673 0.244672 0.244669 0.244670 0.244670 0.244669 0.244668 0.244669 0.244670 0.244670 0.244669 0.244672 0.244673 0.244671 0.244670 0.000000 0.000000
0.000000 0.000000 0.238341 0.238342 0.238344 0.238343 0.238340 0.238341 0.238341 0.238340 0.238340 0.238340 0.238341 0.238341 0.238340 0.238343 0.238344 0.238342 0.238341 0.000000 0.000000
0.000000 0.000000 0.232199 0.232199 0.232201 0.232201 0.232198 0.232199 0.232199 0.232198 0.232197 0.232198 0.232199 0.232199 0.232198 0.232201 0.232201 0.232199 0.232199 0.000000 0.000000
0.000000 0.000000 0.226210 0.226211 0.226213 0.226212 0.226210 0.226211 0.226211 0.226209 0.226209 0.226209 0.226211 0.226211 0.226210 0.226212 0.226213 0.226211 0.226210 0.000000 0.000000
0.000000 0.000000 0.220361 0.220361 0.220364 0.220363 0.220361 0.220361 0.220361 0.220360 0.220360 0.220360 0.220361 0.220361 0.220361 0.220363 0.220364 0.220361 0.220361 0.000000 0.000000
0.000000 0.000000 0.214641 0.214642 0.214644 0.214643 0.214641 0.214642 0.214642 0.214640 0.214640 0.214640 0.214642 0.214642 0.214641 0.214643 0.214644 0.214642 0.214641 0.000000 0.000000
0.000000 0.000000 0.209042 0.209043 0.209045 0.209044 0.209042 0.209043 0.209043 0.209042 0.209041 0.209042 0.209043 0.209043 0.209042 0.209044 0.209045 0.209043 0.209042 0.000000 0.000000
0.000000 0.000000 0.203472 0.203471 0.203474 0.203473 0.203471 0.203471 0.203471 0.203470 0.203470 0.203470 0.203471 0.203471 0.203471 0.203473 0.203474 0.203471 0.203471 0.000000 0.000000
0.000000 0.000000 0.300000 0.300000 0.300000 0.300000 0.300000 0.300000 0.300000 0.300000 0.300000 0.300000 0.300000 0.300000 0.300000 0.300000 0.300000 0.300000 0.300000 0.000000 0.000000
0.000000 0.000000 0.000000 0.000000 0.000000 0.000000 0.000000 0.000000 0.000000 0.000000 0.000000 0.000000 0.000000 0.000000 0.000000 0.000000 0.000000 0.000000 0.000000 0.000000 0.000000