geotop/1.0zi/1.0Montebello/Templates/testdem/maps/_Eocclay3064.asc
ncols         21
nrows         20
xllcorner     100.000000
yllcorner     100.000000
cellsize      50.000000
NODATA_value  -9999.0
0.000000 0.000000 0.000000 0.000000 0.000000 0.000000 0.000000 0.000000 0.000000 0.000000 0.000000 0.000000 0.000000 0.000000 0.000000 0.000000 0.000000 0.000000 0.000000 0.000000 0.000000
0.000000 0.000000 0.349830 0.349830 0.349830 0.349830 0.349830 0.349830 0.349830 0.349830 0.349829 0.349830 0.349830 0.349830 0.349830 0.349830 0.349830 0.349830 0.349830 0.000000 0.000000
0.000000 0.000000 0.349995 0.349995 0.349995 0.349995 0.349995 0.349995 0.349995 0.349995 0.349996 0.349995 0.349995 0.349995 0.349995 0.349995 0.349995 0.349995 0.349995 0.000000 0.000000
0.000000 0.000000 0.351182 0.351182 0.351180 0.351181 0.351182 0.351182 0.351182 0.351182 0.351182 0.351182 0.351182 0.351182 0.351182 0.351181 0.351180 0.351182 0.351182 0.000000 0.000000
0.000000 0.000000 0.355956 0.355955 0.355954 0.355954 0.355957 0.355956 0.355956 0.355958 0.355958 0.355958 0.355956 0.355956 0.355957 0.355954 0.355954 0.355955 0.355956 0.000000 0.000000
0.000000 0.000000 0.361250 0.361249 0.361248 0.361248 0.361251 0.361250 0.361250 0.361251 0.361251 0.361251 0.361250 0.361250 0.361251 0.361248 0.361248 0.361249 0.361250 0.000000 0.000000
0.000000 0.000000 0.366203 0.366203 0.366201 0.366202 0.366204 0.366203 0.366203 0.366204 0.366204 0.366204 0.366203 0.366203 0.366204 0.366202 0.366201 0.366203 0.366203 0.000000 0.000000
0.000000 0.000000 0.370715 0.370715 0.370714 0.370714 0.370716 0.370715 0.370715 0.370716 0.370716 0.370716 0.370715 0.370715 0.370716 0.370714 0.370714 0.370715 0.370715 0.000000 0.000000
0.000000 0.000000 0.374893 0.374893 0.374892 0.374892 0.374894 0.374893 0.374893 0.374894 0.374894 0.374894 0.374893 0.374893 0.374894 0.374892 0.374892 0.374893 0.374893 0.000000 0.000000
0.000000 0.000000 0.378835 0.378835 0.378834 0.378834 0.378835 0.378835 0.378835 0.378836 0.378836 0.378836 0.378835 0.378835 0.378835 0.378834 0.378834 0.378835 0.378835 0.000000 0.000000
0.000000 0.000000 0.382588 0.382587 0.382586 0.382587 0.382588 0.382587 0.382587 0.382588 0.382589 0.382588 0.382587 0.382587 0.382588 0.382587 0.382586 0.382587 0.382588 0.000000 0.000000
0.000000 0.000000 0.386187 0.386187 0.386186 0.386186 0.386187 0.386187 0.386187 0.386187 0.386188 0.386187 0.386187 0.386187 0.386187 0.386186 0.386186 0.386187 0.386187 0.000000 0.000000
0.000000 0.000000 0.389661 0.389661 0.389660 0.389660 0.389661 0.389661 0.389661 0.389662 0.389662 0.389662 0.389661 0.389661 0.389661 0.389660 0.389660 0.389661 0.389661 0.000000 0.000000
0.000000 0.000000 0.393038 0.393037 0.393036 0.393037 0.393038 0.393037 0.393037 0.393038 0.393038 0.393038 0.393037 0.393037 0.393038 0.393037 0.393036 0.393037 0.393038 0.000000 0.000000
0.000000 0.000000 0.396322 0.396322 0.396321 0.396321 0.396322 0.396322 0.396322 0.396323 0.396323 0.396323 0.396322 0.396322 0.396322 0.396321 0.396321 0.396322 0.396322 0.000000 0.000000
0.000000 0.000000 0.399522 0.399521 0.399520 0.399521 0.399522 0.399521 0.399521 0.399522 0.399522 0.399522 0.399521 0.399521 0.399522 0.399521 0.399520 0.399521 0.399522 0.000000 0.000000
0.000000 0.000000 0.402645 0.402645 0.402644 0.402644 0.402645 0.402645 0.402645 0.402645 0.402646 0.402645 0.402645 0.402645 0.402645 0.402644 0.402644 0.402645 0.402645 0.000000 0.000000
0.000000 0.000000 0.405760 0.405761 0.405760 0.405760 0.405761 0.405761 0.405761 0.405761 0.405762 0.405761 0.405761 0.405761 0.405761 0.405760 0.405760 0.405761 0.405761 0.000000 0.000000
0.000000 0.000000 0.350000 0.350000 0.350000 0.350000 0.350000 0.350000 0.350000 0.350000 0.350000 0.350000 0.350000 0.350000 0.350000 0.350000 0.350000 0.350000 0.350000 0.000000 0.000000
0.000000 0.000000 0.000000 0.000000 0.000000 0.000000 0.000000 0.000000 0.000000 0.000000 0.000000 0.000000 0.000000 0.000000 0.000000 0.000000 0.000000 0.000000 0.000000 0.000000 0.000000