geotop/1.0zi/1.0Montebello/Templates/testdem/maps/_Eocsilt5913.asc
ncols         21
nrows         20
xllcorner     100.000000
yllcorner     100.000000
cellsize      50.000000
NODATA_value  -9999.0
0.000000 0.000000 0.000000 0.000000 0.000000 0.000000 0.000000 0.000000 0.000000 0.000000 0.000000 0.000000 0.000000 0.000000 0.000000 0.000000 0.000000 0.000000 0.000000 0.000000 0.000000
0.000000 0.000000 0.350118 0.350118 0.350118 0.350118 0.350118 0.350118 0.350118 0.350118 0.350118 0.350118 0.350118 0.350118 0.350118 0.350118 0.350118 0.350118 0.350118 0.000000 0.000000
0.000000 0.000000 0.350002 0.350002 0.350002 0.350003 0.350003 0.350003 0.350003 0.350003 0.350003 0.350003 0.350003 0.350003 0.350003 0.350002 0.350001 0.350001 0.350002 0.000000 0.000000
0.000000 0.000000 0.350048 0.350047 0.350046 0.350041 0.350042 0.350040 0.350042 0.350042 0.350041 0.350040 0.350041 0.350041 0.350043 0.350046 0.350047 0.350049 0.350048 0.000000 0.000000
0.000000 0.000000 0.350531 0.350534 0.350533 0.350529 0.350526 0.350521 0.350520 0.350518 0.350516 0.350517 0.350519 0.350520 0.350526 0.350528 0.350527 0.350536 0.350539 0.000000 0.000000
0.000000 0.000000 0.352077 0.352080 0.352074 0.352060 0.352049 0.352031 0.352030 0.352026 0.352030 0.352032 0.352033 0.352029 0.352036 0.352044 0.352053 0.352058 0.352063 0.000000 0.000000
0.000000 0.000000 0.354434 0.354431 0.354425 0.354406 0.354385 0.354362 0.354363 0.354360 0.354363 0.354363 0.354360 0.354363 0.354380 0.354399 0.354407 0.354417 0.354424 0.000000 0.000000
0.000000 0.000000 0.357304 0.357304 0.357303 0.357285 0.357263 0.357238 0.357238 0.357235 0.357235 0.357234 0.357233 0.357236 0.357256 0.357277 0.357293 0.357295 0.357305 0.000000 0.000000
0.000000 0.000000 0.360321 0.360316 0.360307 0.360296 0.360275 0.360245 0.360246 0.360241 0.360238 0.360240 0.360240 0.360238 0.360265 0.360287 0.360301 0.360307 0.360316 0.000000 0.000000
0.000000 0.000000 0.363355 0.363350 0.363346 0.363338 0.363309 0.363283 0.363285 0.363282 0.363278 0.363282 0.363285 0.363282 0.363303 0.363327 0.363342 0.363344 0.363350 0.000000 0.000000
0.000000 0.000000 0.366478 0.366475 0.366473 0.366451 0.366431 0.366403 0.366409 0.366395 0.366395 0.366397 0.366393 0.366400 0.366418 0.366434 0.366450 0.366459 0.366471 0.000000 0.000000
0.000000 0.000000 0.369768 0.369760 0.369751 0.369736 0.369718 0.369683 0.369685 0.369677 0.369685 0.369677 0.369679 0.369682 0.369713 0.369728 0.369739 0.369744 0.369776 0.000000 0.000000
0.000000 0.000000 0.373152 0.373146 0.373142 0.373125 0.373108 0.373038 0.373037 0.373031 0.373016 0.373024 0.373030 0.373035 0.373087 0.373101 0.373126 0.373129 0.373152 0.000000 0.000000
0.000000 0.000000 0.376840 0.376835 0.376825 0.376814 0.376745 0.376728 0.376712 0.376711 0.376707 0.376709 0.376709 0.376706 0.376715 0.376784 0.376806 0.376823 0.376846 0.000000 0.000000
0.000000 0.000000 0.380915 0.380909 0.380893 0.380820 0.380798 0.380757 0.380730 0.380726 0.380713 0.380704 0.380713 0.380707 0.380739 0.380772 0.380875 0.380867 0.380880 0.000000 0.000000
0.000000 0.000000 0.385243 0.385238 0.385141 0.385126 0.385120 0.385095 0.385115 0.385103 0.385112 0.385102 0.385090 0.385110 0.385126 0.385135 0.385125 0.385248 0.385251 0.000000 0.000000
0.000000 0.000000 0.390222 0.390090 0.390047 0.390009 0.389946 0.389915 0.389903 0.389902 0.389873 0.389869 0.389882 0.389876 0.389912 0.389960 0.390036 0.390059 0.390193 0.000000 0.000000
0.000000 0.000000 0.393798 0.393811 0.393929 0.393898 0.393851 0.393730 0.393728 0.393700 0.393720 0.393712 0.393720 0.393723 0.393835 0.393869 0.393947 0.393825 0.393820 0.000000 0.000000
0.000000 0.000000 0.350000 0.350000 0.350000 0.350000 0.350000 0.350000 0.350000 0.350000 0.350000 0.350000 0.350000 0.350000 0.350000 0.350000 0.350000 0.350000 0.350000 0.000000 0.000000
0.000000 0.000000 0.000000 0.000000 0.000000 0.000000 0.000000 0.000000 0.000000 0.000000 0.000000 0.000000 0.000000 0.000000 0.000000 0.000000 0.000000 0.000000 0.000000 0.000000 0.000000