geotop/1.0zi/1.0Montebello/Templates/testdem/maps/_Eocsilt168-.asc
ncols         21
nrows         20
xllcorner     100.000000
yllcorner     100.000000
cellsize      50.000000
NODATA_value  -9999.0
0.000000 0.000000 0.000000 0.000000 0.000000 0.000000 0.000000 0.000000 0.000000 0.000000 0.000000 0.000000 0.000000 0.000000 0.000000 0.000000 0.000000 0.000000 0.000000 0.000000 0.000000
0.000000 0.000000 0.350259 0.350260 0.350260 0.350260 0.350259 0.350259 0.350259 0.350259 0.350259 0.350259 0.350259 0.350259 0.350259 0.350259 0.350260 0.350260 0.350259 0.000000 0.000000
0.000000 0.000000 0.350013 0.350013 0.350013 0.350013 0.350014 0.350014 0.350014 0.350014 0.350014 0.350014 0.350015 0.350014 0.350014 0.350013 0.350011 0.350011 0.350013 0.000000 0.000000
0.000000 0.000000 0.350249 0.350247 0.350238 0.350234 0.350234 0.350224 0.350227 0.350228 0.350225 0.350229 0.350229 0.350232 0.350230 0.350234 0.350239 0.350244 0.350245 0.000000 0.000000
0.000000 0.000000 0.352201 0.352204 0.352193 0.352172 0.352159 0.352151 0.352150 0.352146 0.352142 0.352149 0.352154 0.352150 0.352164 0.352175 0.352182 0.352189 0.352196 0.000000 0.000000
0.000000 0.000000 0.357187 0.357179 0.357159 0.357126 0.357088 0.357058 0.357053 0.357046 0.357043 0.357045 0.357051 0.357046 0.357065 0.357095 0.357108 0.357121 0.357128 0.000000 0.000000
0.000000 0.000000 0.364161 0.364147 0.364121 0.364073 0.364024 0.363954 0.363950 0.363944 0.363937 0.363938 0.363935 0.363939 0.363991 0.364032 0.364058 0.364080 0.364087 0.000000 0.000000
0.000000 0.000000 0.372600 0.372582 0.372557 0.372494 0.372440 0.372375 0.372366 0.372358 0.372349 0.372348 0.372345 0.372353 0.372400 0.372448 0.372491 0.372501 0.372517 0.000000 0.000000
0.000000 0.000000 0.382325 0.382298 0.382257 0.382206 0.382142 0.382053 0.382049 0.382030 0.382023 0.382017 0.382020 0.382014 0.382088 0.382148 0.382182 0.382205 0.382219 0.000000 0.000000
0.000000 0.000000 0.393728 0.393687 0.393641 0.393591 0.393513 0.393422 0.393405 0.393394 0.393376 0.393382 0.393397 0.393391 0.393448 0.393530 0.393573 0.393597 0.393601 0.000000 0.000000
0.000000 0.000000 0.407556 0.407514 0.407482 0.407336 0.407306 0.407171 0.407196 0.407122 0.407138 0.407122 0.407089 0.407128 0.407203 0.407247 0.407314 0.407343 0.407402 0.000000 0.000000
0.000000 0.000000 0.424518 0.424431 0.424326 0.424281 0.424208 0.424032 0.424000 0.424011 0.424029 0.423970 0.423998 0.423976 0.424125 0.424219 0.424243 0.424274 0.424385 0.000000 0.000000
0.000000 0.000000 0.442503 0.442436 0.442434 0.442300 0.442212 0.441766 0.441727 0.441691 0.441512 0.441644 0.441639 0.441678 0.441999 0.442061 0.442236 0.442264 0.442224 0.000000 0.000000
0.000000 0.000000 0.458921 0.458911 0.458803 0.458760 0.458371 0.458599 0.458506 0.458505 0.458595 0.458510 0.458498 0.458442 0.458255 0.458687 0.458675 0.458778 0.458826 0.000000 0.000000
0.000000 0.000000 0.468189 0.468175 0.468125 0.468001 0.467947 0.467937 0.467900 0.467898 0.467884 0.467862 0.467874 0.467862 0.467866 0.467930 0.468073 0.468066 0.468074 0.000000 0.000000
0.000000 0.000000 0.473572 0.473558 0.473563 0.473387 0.473442 0.473352 0.473310 0.473305 0.473262 0.473250 0.473275 0.473264 0.473347 0.473297 0.473542 0.473435 0.473433 0.000000 0.000000
0.000000 0.000000 0.476518 0.476601 0.476470 0.476469 0.476535 0.476500 0.476558 0.476536 0.476568 0.476555 0.476529 0.476569 0.476580 0.476528 0.476453 0.476627 0.476523 0.000000 0.000000
0.000000 0.000000 0.479794 0.479640 0.479509 0.479462 0.479444 0.479485 0.479474 0.479493 0.479438 0.479441 0.479453 0.479443 0.479411 0.479421 0.479480 0.479579 0.479722 0.000000 0.000000
0.000000 0.000000 0.350000 0.350000 0.350000 0.350000 0.350000 0.350000 0.350000 0.350000 0.350000 0.350000 0.350000 0.350000 0.350000 0.350000 0.350000 0.350000 0.350000 0.000000 0.000000
0.000000 0.000000 0.000000 0.000000 0.000000 0.000000 0.000000 0.000000 0.000000 0.000000 0.000000 0.000000 0.000000 0.000000 0.000000 0.000000 0.000000 0.000000 0.000000 0.000000 0.000000