geotop/1.0zi/1.0Montebello/Templates/testdem/maps/_Eocsand6333.asc
ncols         21
nrows         20
xllcorner     100.000000
yllcorner     100.000000
cellsize      50.000000
NODATA_value  -9999.0
0.000000 0.000000 0.000000 0.000000 0.000000 0.000000 0.000000 0.000000 0.000000 0.000000 0.000000 0.000000 0.000000 0.000000 0.000000 0.000000 0.000000 0.000000 0.000000 0.000000 0.000000
0.000000 0.000000 0.300156 0.300155 0.300154 0.300155 0.300154 0.300154 0.300154 0.300154 0.300155 0.300154 0.300155 0.300155 0.300154 0.300154 0.300156 0.300156 0.300155 0.000000 0.000000
0.000000 0.000000 0.300009 0.300010 0.300009 0.300008 0.300009 0.300009 0.300009 0.300009 0.300009 0.300009 0.300008 0.300009 0.300009 0.300009 0.300010 0.300010 0.300011 0.000000 0.000000
0.000000 0.000000 0.299963 0.299962 0.299966 0.299971 0.299969 0.299971 0.299967 0.299970 0.299967 0.299970 0.299969 0.299970 0.299968 0.299963 0.299963 0.299960 0.299960 0.000000 0.000000
0.000000 0.000000 0.298789 0.298783 0.298789 0.298798 0.298815 0.298824 0.298825 0.298825 0.298829 0.298829 0.298831 0.298829 0.298816 0.298813 0.298806 0.298796 0.298784 0.000000 0.000000
0.000000 0.000000 0.295268 0.295264 0.295278 0.295316 0.295335 0.295372 0.295372 0.295382 0.295375 0.295371 0.295367 0.295370 0.295358 0.295336 0.295317 0.295301 0.295290 0.000000 0.000000
0.000000 0.000000 0.290009 0.290013 0.290026 0.290065 0.290111 0.290165 0.290165 0.290173 0.290169 0.290168 0.290170 0.290167 0.290124 0.290080 0.290058 0.290038 0.290022 0.000000 0.000000
0.000000 0.000000 0.283638 0.283637 0.283645 0.283687 0.283733 0.283792 0.283792 0.283798 0.283799 0.283800 0.283803 0.283795 0.283746 0.283704 0.283668 0.283659 0.283637 0.000000 0.000000
0.000000 0.000000 0.277003 0.277010 0.277031 0.277057 0.277102 0.277165 0.277162 0.277175 0.277180 0.277178 0.277179 0.277181 0.277121 0.277074 0.277042 0.277031 0.277012 0.000000 0.000000
0.000000 0.000000 0.270244 0.270254 0.270263 0.270285 0.270350 0.270407 0.270404 0.270412 0.270420 0.270413 0.270404 0.270411 0.270361 0.270306 0.270273 0.270266 0.270251 0.000000 0.000000
0.000000 0.000000 0.263201 0.263207 0.263215 0.263264 0.263308 0.263371 0.263357 0.263389 0.263388 0.263385 0.263394 0.263375 0.263335 0.263301 0.263263 0.263242 0.263213 0.000000 0.000000
0.000000 0.000000 0.255727 0.255739 0.255762 0.255798 0.255840 0.255917 0.255916 0.255931 0.255914 0.255934 0.255931 0.255924 0.255851 0.255816 0.255790 0.255778 0.255704 0.000000 0.000000
0.000000 0.000000 0.247965 0.247982 0.247993 0.248033 0.248070 0.248234 0.248235 0.248248 0.248284 0.248265 0.248254 0.248240 0.248118 0.248084 0.248022 0.248017 0.247966 0.000000 0.000000
0.000000 0.000000 0.239426 0.239435 0.239462 0.239492 0.239657 0.239692 0.239729 0.239730 0.239740 0.239735 0.239738 0.239744 0.239725 0.239554 0.239504 0.239462 0.239409 0.000000 0.000000
0.000000 0.000000 0.229892 0.229900 0.229940 0.230123 0.230169 0.230266 0.230328 0.230339 0.230371 0.230394 0.230370 0.230381 0.230301 0.230234 0.229980 0.230003 0.229972 0.000000 0.000000
0.000000 0.000000 0.219681 0.219692 0.219939 0.219964 0.219976 0.220033 0.219976 0.220007 0.219979 0.220006 0.220037 0.219981 0.219945 0.219925 0.219972 0.219656 0.219650 0.000000 0.000000
0.000000 0.000000 0.207722 0.208065 0.208148 0.208250 0.208420 0.208490 0.208531 0.208529 0.208611 0.208614 0.208576 0.208599 0.208508 0.208380 0.208172 0.208150 0.207792 0.000000 0.000000
0.000000 0.000000 0.199575 0.199490 0.199169 0.199242 0.199338 0.199657 0.199658 0.199733 0.199667 0.199688 0.199673 0.199658 0.199365 0.199295 0.199116 0.199439 0.199501 0.000000 0.000000
0.000000 0.000000 0.300000 0.300000 0.300000 0.300000 0.300000 0.300000 0.300000 0.300000 0.300000 0.300000 0.300000 0.300000 0.300000 0.300000 0.300000 0.300000 0.300000 0.000000 0.000000
0.000000 0.000000 0.000000 0.000000 0.000000 0.000000 0.000000 0.000000 0.000000 0.000000 0.000000 0.000000 0.000000 0.000000 0.000000 0.000000 0.000000 0.000000 0.000000 0.000000 0.000000