geotop/1.0zi/1.0Montebello/Templates/testdem/maps/_Eocsilt1855.asc
ncols         21
nrows         20
xllcorner     100.000000
yllcorner     100.000000
cellsize      50.000000
NODATA_value  -9999.0
0.000000 0.000000 0.000000 0.000000 0.000000 0.000000 0.000000 0.000000 0.000000 0.000000 0.000000 0.000000 0.000000 0.000000 0.000000 0.000000 0.000000 0.000000 0.000000 0.000000 0.000000
0.000000 0.000000 0.350041 0.350041 0.350041 0.350041 0.350041 0.350041 0.350041 0.350041 0.350041 0.350041 0.350041 0.350041 0.350041 0.350041 0.350041 0.350041 0.350041 0.000000 0.000000
0.000000 0.000000 0.349998 0.349998 0.349998 0.349998 0.349998 0.349998 0.349998 0.349998 0.349998 0.349998 0.349998 0.349998 0.349998 0.349998 0.349998 0.349998 0.349998 0.000000 0.000000
0.000000 0.000000 0.350683 0.350683 0.350680 0.350682 0.350684 0.350683 0.350683 0.350684 0.350684 0.350684 0.350683 0.350683 0.350684 0.350682 0.350680 0.350683 0.350683 0.000000 0.000000
0.000000 0.000000 0.353169 0.353169 0.353167 0.353167 0.353170 0.353169 0.353169 0.353170 0.353170 0.353170 0.353169 0.353169 0.353170 0.353167 0.353167 0.353169 0.353169 0.000000 0.000000
0.000000 0.000000 0.356318 0.356318 0.356316 0.356317 0.356319 0.356319 0.356319 0.356319 0.356319 0.356319 0.356319 0.356319 0.356319 0.356317 0.356316 0.356318 0.356318 0.000000 0.000000
0.000000 0.000000 0.359207 0.359207 0.359205 0.359206 0.359208 0.359207 0.359207 0.359208 0.359208 0.359208 0.359207 0.359207 0.359208 0.359206 0.359205 0.359207 0.359207 0.000000 0.000000
0.000000 0.000000 0.361852 0.361852 0.361851 0.361851 0.361853 0.361852 0.361852 0.361853 0.361853 0.361853 0.361852 0.361852 0.361853 0.361851 0.361851 0.361852 0.361852 0.000000 0.000000
0.000000 0.000000 0.364325 0.364325 0.364324 0.364324 0.364326 0.364325 0.364325 0.364326 0.364326 0.364326 0.364325 0.364325 0.364326 0.364324 0.364324 0.364325 0.364325 0.000000 0.000000
0.000000 0.000000 0.366687 0.366687 0.366686 0.366686 0.366688 0.366687 0.366687 0.366688 0.366688 0.366688 0.366687 0.366687 0.366688 0.366686 0.366686 0.366687 0.366687 0.000000 0.000000
0.000000 0.000000 0.368964 0.368964 0.368963 0.368963 0.368965 0.368964 0.368964 0.368965 0.368965 0.368965 0.368964 0.368964 0.368965 0.368963 0.368963 0.368964 0.368964 0.000000 0.000000
0.000000 0.000000 0.371177 0.371177 0.371176 0.371177 0.371178 0.371178 0.371178 0.371178 0.371178 0.371178 0.371178 0.371178 0.371178 0.371177 0.371176 0.371177 0.371177 0.000000 0.000000
0.000000 0.000000 0.373344 0.373343 0.373342 0.373343 0.373344 0.373344 0.373344 0.373344 0.373344 0.373344 0.373344 0.373344 0.373344 0.373343 0.373342 0.373343 0.373344 0.000000 0.000000
0.000000 0.000000 0.375466 0.375466 0.375464 0.375465 0.375466 0.375466 0.375466 0.375466 0.375466 0.375466 0.375466 0.375466 0.375466 0.375465 0.375464 0.375466 0.375466 0.000000 0.000000
0.000000 0.000000 0.377553 0.377552 0.377551 0.377552 0.377553 0.377553 0.377553 0.377553 0.377553 0.377553 0.377553 0.377553 0.377553 0.377552 0.377551 0.377552 0.377553 0.000000 0.000000
0.000000 0.000000 0.379611 0.379610 0.379609 0.379610 0.379611 0.379611 0.379611 0.379611 0.379611 0.379611 0.379611 0.379611 0.379611 0.379610 0.379609 0.379610 0.379611 0.000000 0.000000
0.000000 0.000000 0.381639 0.381639 0.381638 0.381638 0.381640 0.381639 0.381639 0.381640 0.381640 0.381640 0.381639 0.381639 0.381640 0.381638 0.381638 0.381639 0.381639 0.000000 0.000000
0.000000 0.000000 0.383677 0.383678 0.383676 0.383677 0.383678 0.383678 0.383678 0.383678 0.383678 0.383678 0.383678 0.383678 0.383678 0.383677 0.383676 0.383678 0.383678 0.000000 0.000000
0.000000 0.000000 0.350000 0.350000 0.350000 0.350000 0.350000 0.350000 0.350000 0.350000 0.350000 0.350000 0.350000 0.350000 0.350000 0.350000 0.350000 0.350000 0.350000 0.000000 0.000000
0.000000 0.000000 0.000000 0.000000 0.000000 0.000000 0.000000 0.000000 0.000000 0.000000 0.000000 0.000000 0.000000 0.000000 0.000000 0.000000 0.000000 0.000000 0.000000 0.000000 0.000000