geotop/1.0zi/1.0Montebello/Templates/testdem/maps/_Eocclay6479.asc
ncols         21
nrows         20
xllcorner     100.000000
yllcorner     100.000000
cellsize      50.000000
NODATA_value  -9999.0
0.000000 0.000000 0.000000 0.000000 0.000000 0.000000 0.000000 0.000000 0.000000 0.000000 0.000000 0.000000 0.000000 0.000000 0.000000 0.000000 0.000000 0.000000 0.000000 0.000000 0.000000
0.000000 0.000000 0.349710 0.349711 0.349712 0.349710 0.349712 0.349712 0.349712 0.349712 0.349710 0.349712 0.349712 0.349711 0.349712 0.349712 0.349710 0.349710 0.349711 0.000000 0.000000
0.000000 0.000000 0.349989 0.349988 0.349988 0.349989 0.349988 0.349988 0.349988 0.349988 0.349987 0.349987 0.349988 0.349987 0.349988 0.349988 0.349989 0.349989 0.349987 0.000000 0.000000
0.000000 0.000000 0.349983 0.349987 0.349984 0.349984 0.349986 0.349986 0.349987 0.349984 0.349989 0.349986 0.349986 0.349986 0.349986 0.349988 0.349986 0.349988 0.349987 0.000000 0.000000
0.000000 0.000000 0.350594 0.350594 0.350591 0.350588 0.350574 0.350572 0.350572 0.350574 0.350571 0.350570 0.350566 0.350568 0.350574 0.350574 0.350580 0.350582 0.350589 0.000000 0.000000
0.000000 0.000000 0.352435 0.352436 0.352429 0.352406 0.352398 0.352379 0.352380 0.352375 0.352378 0.352379 0.352383 0.352383 0.352387 0.352402 0.352413 0.352424 0.352429 0.000000 0.000000
0.000000 0.000000 0.355174 0.355172 0.355167 0.355148 0.355124 0.355095 0.355094 0.355090 0.355091 0.355092 0.355093 0.355093 0.355115 0.355139 0.355151 0.355160 0.355168 0.000000 0.000000
0.000000 0.000000 0.358464 0.358464 0.358459 0.358436 0.358413 0.358381 0.358381 0.358378 0.358378 0.358376 0.358376 0.358381 0.358406 0.358426 0.358445 0.358452 0.358463 0.000000 0.000000
0.000000 0.000000 0.361860 0.361858 0.361848 0.361834 0.361811 0.361779 0.361781 0.361775 0.361772 0.361771 0.361772 0.361771 0.361800 0.361824 0.361842 0.361846 0.361856 0.000000 0.000000
0.000000 0.000000 0.365340 0.365334 0.365330 0.365318 0.365284 0.365255 0.365256 0.365252 0.365248 0.365251 0.365257 0.365253 0.365278 0.365306 0.365324 0.365328 0.365336 0.000000 0.000000
0.000000 0.000000 0.368992 0.368989 0.368984 0.368959 0.368936 0.368904 0.368910 0.368894 0.368894 0.368895 0.368891 0.368901 0.368921 0.368939 0.368960 0.368970 0.368985 0.000000 0.000000
0.000000 0.000000 0.372874 0.372868 0.372856 0.372836 0.372814 0.372775 0.372775 0.372768 0.372776 0.372764 0.372767 0.372771 0.372807 0.372826 0.372841 0.372847 0.372885 0.000000 0.000000
0.000000 0.000000 0.376918 0.376909 0.376904 0.376883 0.376863 0.376777 0.376776 0.376770 0.376750 0.376760 0.376767 0.376774 0.376837 0.376855 0.376889 0.376892 0.376917 0.000000 0.000000
0.000000 0.000000 0.381384 0.381379 0.381365 0.381349 0.381260 0.381243 0.381224 0.381223 0.381218 0.381219 0.381219 0.381216 0.381225 0.381316 0.381343 0.381365 0.381392 0.000000 0.000000
0.000000 0.000000 0.386388 0.386383 0.386362 0.386264 0.386240 0.386189 0.386156 0.386150 0.386133 0.386120 0.386134 0.386128 0.386170 0.386205 0.386341 0.386329 0.386345 0.000000 0.000000
0.000000 0.000000 0.391759 0.391754 0.391621 0.391609 0.391601 0.391572 0.391604 0.391588 0.391602 0.391587 0.391572 0.391602 0.391619 0.391629 0.391604 0.391774 0.391776 0.000000 0.000000
0.000000 0.000000 0.398089 0.397903 0.397861 0.397804 0.397711 0.397673 0.397650 0.397652 0.397607 0.397604 0.397627 0.397613 0.397661 0.397732 0.397848 0.397856 0.398050 0.000000 0.000000
0.000000 0.000000 0.402336 0.402388 0.402562 0.402523 0.402471 0.402299 0.402299 0.402258 0.402295 0.402282 0.402292 0.402300 0.402457 0.402495 0.402591 0.402417 0.402376 0.000000 0.000000
0.000000 0.000000 0.350000 0.350000 0.350000 0.350000 0.350000 0.350000 0.350000 0.350000 0.350000 0.350000 0.350000 0.350000 0.350000 0.350000 0.350000 0.350000 0.350000 0.000000 0.000000
0.000000 0.000000 0.000000 0.000000 0.000000 0.000000 0.000000 0.000000 0.000000 0.000000 0.000000 0.000000 0.000000 0.000000 0.000000 0.000000 0.000000 0.000000 0.000000 0.000000 0.000000