geotop/1.0zi/1.0Montebello/Templates/testdem/maps/_Eocsilt8276.asc
ncols         21
nrows         20
xllcorner     100.000000
yllcorner     100.000000
cellsize      50.000000
NODATA_value  -9999.0
0.000000 0.000000 0.000000 0.000000 0.000000 0.000000 0.000000 0.000000 0.000000 0.000000 0.000000 0.000000 0.000000 0.000000 0.000000 0.000000 0.000000 0.000000 0.000000 0.000000 0.000000
0.000000 0.000000 0.350172 0.350172 0.350172 0.350173 0.350172 0.350172 0.350172 0.350172 0.350173 0.350172 0.350172 0.350172 0.350172 0.350172 0.350173 0.350173 0.350172 0.000000 0.000000
0.000000 0.000000 0.350005 0.350005 0.350005 0.350005 0.350006 0.350006 0.350006 0.350006 0.350006 0.350006 0.350006 0.350006 0.350006 0.350005 0.350004 0.350004 0.350005 0.000000 0.000000
0.000000 0.000000 0.350102 0.350099 0.350097 0.350091 0.350092 0.350087 0.350090 0.350090 0.350087 0.350089 0.350089 0.350089 0.350092 0.350095 0.350098 0.350098 0.350100 0.000000 0.000000
0.000000 0.000000 0.351047 0.351053 0.351048 0.351037 0.351030 0.351023 0.351020 0.351018 0.351017 0.351017 0.351018 0.351020 0.351034 0.351038 0.351042 0.351052 0.351054 0.000000 0.000000
0.000000 0.000000 0.353812 0.353813 0.353803 0.353787 0.353768 0.353745 0.353743 0.353738 0.353742 0.353743 0.353744 0.353743 0.353755 0.353769 0.353782 0.353790 0.353796 0.000000 0.000000
0.000000 0.000000 0.357768 0.357764 0.357753 0.357727 0.357694 0.357658 0.357658 0.357654 0.357656 0.357654 0.357651 0.357656 0.357687 0.357715 0.357733 0.357749 0.357756 0.000000 0.000000
0.000000 0.000000 0.362447 0.362445 0.362439 0.362411 0.362379 0.362340 0.362339 0.362335 0.362334 0.362331 0.362329 0.362336 0.362370 0.362399 0.362426 0.362433 0.362445 0.000000 0.000000
0.000000 0.000000 0.367490 0.367481 0.367466 0.367447 0.367413 0.367368 0.367370 0.367360 0.367358 0.367356 0.367358 0.367357 0.367400 0.367435 0.367457 0.367469 0.367480 0.000000 0.000000
0.000000 0.000000 0.372817 0.372808 0.372800 0.372781 0.372733 0.372693 0.372692 0.372688 0.372682 0.372685 0.372690 0.372688 0.372725 0.372765 0.372790 0.372799 0.372807 0.000000 0.000000
0.000000 0.000000 0.378592 0.378586 0.378577 0.378535 0.378502 0.378455 0.378464 0.378439 0.378442 0.378441 0.378432 0.378449 0.378482 0.378508 0.378540 0.378557 0.378579 0.000000 0.000000
0.000000 0.000000 0.385017 0.385000 0.384981 0.384955 0.384917 0.384857 0.384852 0.384846 0.384860 0.384839 0.384846 0.384849 0.384911 0.384942 0.384964 0.384977 0.385031 0.000000 0.000000
0.000000 0.000000 0.391973 0.391957 0.391950 0.391912 0.391878 0.391722 0.391719 0.391710 0.391670 0.391691 0.391700 0.391714 0.391833 0.391865 0.391924 0.391931 0.391957 0.000000 0.000000
0.000000 0.000000 0.400140 0.400136 0.400103 0.400077 0.399881 0.399898 0.399856 0.399857 0.399870 0.399858 0.399852 0.399843 0.399824 0.400028 0.400060 0.400115 0.400153 0.000000 0.000000
0.000000 0.000000 0.409764 0.409747 0.409708 0.409459 0.409482 0.409356 0.409301 0.409287 0.409246 0.409216 0.409243 0.409239 0.409360 0.409352 0.409682 0.409632 0.409638 0.000000 0.000000
0.000000 0.000000 0.420271 0.420256 0.419898 0.419998 0.419971 0.419938 0.420071 0.420030 0.420101 0.420076 0.420017 0.420107 0.420112 0.420134 0.419869 0.420388 0.420381 0.000000 0.000000
0.000000 0.000000 0.433142 0.432591 0.432709 0.432502 0.432226 0.432144 0.431991 0.432027 0.431862 0.431877 0.431971 0.431878 0.432018 0.432222 0.432692 0.432388 0.432964 0.000000 0.000000
0.000000 0.000000 0.437795 0.438297 0.438753 0.438756 0.438779 0.438339 0.438412 0.438283 0.438493 0.438451 0.438419 0.438491 0.438856 0.438840 0.438839 0.438486 0.437995 0.000000 0.000000
0.000000 0.000000 0.350000 0.350000 0.350000 0.350000 0.350000 0.350000 0.350000 0.350000 0.350000 0.350000 0.350000 0.350000 0.350000 0.350000 0.350000 0.350000 0.350000 0.000000 0.000000
0.000000 0.000000 0.000000 0.000000 0.000000 0.000000 0.000000 0.000000 0.000000 0.000000 0.000000 0.000000 0.000000 0.000000 0.000000 0.000000 0.000000 0.000000 0.000000 0.000000 0.000000