geotop/1.0zi/1.0Montebello/Templates/testdem/maps/_Eocsilt1959.asc
ncols         21
nrows         20
xllcorner     100.000000
yllcorner     100.000000
cellsize      50.000000
NODATA_value  -9999.0
0.000000 0.000000 0.000000 0.000000 0.000000 0.000000 0.000000 0.000000 0.000000 0.000000 0.000000 0.000000 0.000000 0.000000 0.000000 0.000000 0.000000 0.000000 0.000000 0.000000 0.000000
0.000000 0.000000 0.350044 0.350044 0.350044 0.350044 0.350044 0.350044 0.350044 0.350044 0.350044 0.350044 0.350044 0.350044 0.350044 0.350044 0.350044 0.350044 0.350044 0.000000 0.000000
0.000000 0.000000 0.349998 0.349998 0.349998 0.349998 0.349998 0.349998 0.349998 0.349998 0.349998 0.349998 0.349998 0.349998 0.349998 0.349998 0.349998 0.349998 0.349998 0.000000 0.000000
0.000000 0.000000 0.350692 0.350691 0.350689 0.350690 0.350692 0.350692 0.350692 0.350692 0.350692 0.350692 0.350692 0.350692 0.350692 0.350690 0.350689 0.350691 0.350692 0.000000 0.000000
0.000000 0.000000 0.353250 0.353250 0.353248 0.353248 0.353251 0.353250 0.353250 0.353251 0.353251 0.353251 0.353250 0.353250 0.353251 0.353248 0.353248 0.353250 0.353250 0.000000 0.000000
0.000000 0.000000 0.356532 0.356531 0.356530 0.356530 0.356533 0.356532 0.356532 0.356533 0.356533 0.356533 0.356532 0.356532 0.356533 0.356530 0.356530 0.356531 0.356532 0.000000 0.000000
0.000000 0.000000 0.359551 0.359551 0.359549 0.359549 0.359552 0.359551 0.359551 0.359552 0.359552 0.359552 0.359551 0.359551 0.359552 0.359549 0.359549 0.359551 0.359551 0.000000 0.000000
0.000000 0.000000 0.362318 0.362318 0.362316 0.362317 0.362318 0.362318 0.362318 0.362319 0.362319 0.362319 0.362318 0.362318 0.362318 0.362317 0.362316 0.362318 0.362318 0.000000 0.000000
0.000000 0.000000 0.364906 0.364906 0.364904 0.364905 0.364906 0.364906 0.364906 0.364906 0.364907 0.364906 0.364906 0.364906 0.364906 0.364905 0.364904 0.364906 0.364906 0.000000 0.000000
0.000000 0.000000 0.367377 0.367377 0.367376 0.367376 0.367378 0.367377 0.367377 0.367378 0.367378 0.367378 0.367377 0.367377 0.367378 0.367376 0.367376 0.367377 0.367377 0.000000 0.000000
0.000000 0.000000 0.369760 0.369759 0.369758 0.369759 0.369760 0.369760 0.369760 0.369760 0.369760 0.369760 0.369760 0.369760 0.369760 0.369759 0.369758 0.369759 0.369760 0.000000 0.000000
0.000000 0.000000 0.372075 0.372075 0.372073 0.372074 0.372075 0.372075 0.372075 0.372075 0.372076 0.372075 0.372075 0.372075 0.372075 0.372074 0.372073 0.372075 0.372075 0.000000 0.000000
0.000000 0.000000 0.374339 0.374339 0.374338 0.374338 0.374339 0.374339 0.374339 0.374340 0.374340 0.374340 0.374339 0.374339 0.374339 0.374338 0.374338 0.374339 0.374339 0.000000 0.000000
0.000000 0.000000 0.376557 0.376556 0.376555 0.376556 0.376557 0.376556 0.376557 0.376557 0.376557 0.376557 0.376557 0.376556 0.376557 0.376556 0.376555 0.376556 0.376557 0.000000 0.000000
0.000000 0.000000 0.378737 0.378737 0.378736 0.378736 0.378738 0.378737 0.378737 0.378738 0.378738 0.378738 0.378737 0.378737 0.378738 0.378736 0.378736 0.378737 0.378737 0.000000 0.000000
0.000000 0.000000 0.380888 0.380888 0.380887 0.380887 0.380889 0.380888 0.380888 0.380889 0.380889 0.380889 0.380888 0.380888 0.380889 0.380887 0.380887 0.380888 0.380888 0.000000 0.000000
0.000000 0.000000 0.383008 0.383008 0.383007 0.383007 0.383008 0.383008 0.383008 0.383009 0.383009 0.383009 0.383008 0.383008 0.383008 0.383007 0.383007 0.383008 0.383008 0.000000 0.000000
0.000000 0.000000 0.385131 0.385131 0.385130 0.385130 0.385132 0.385131 0.385131 0.385132 0.385132 0.385132 0.385131 0.385131 0.385132 0.385130 0.385130 0.385131 0.385131 0.000000 0.000000
0.000000 0.000000 0.350000 0.350000 0.350000 0.350000 0.350000 0.350000 0.350000 0.350000 0.350000 0.350000 0.350000 0.350000 0.350000 0.350000 0.350000 0.350000 0.350000 0.000000 0.000000
0.000000 0.000000 0.000000 0.000000 0.000000 0.000000 0.000000 0.000000 0.000000 0.000000 0.000000 0.000000 0.000000 0.000000 0.000000 0.000000 0.000000 0.000000 0.000000 0.000000 0.000000