geotop/1.0zi/1.0Montebello/Templates/testdem/maps/_Eocclay1029.asc
ncols         21
nrows         20
xllcorner     100.000000
yllcorner     100.000000
cellsize      50.000000
NODATA_value  -9999.0
0.000000 0.000000 0.000000 0.000000 0.000000 0.000000 0.000000 0.000000 0.000000 0.000000 0.000000 0.000000 0.000000 0.000000 0.000000 0.000000 0.000000 0.000000 0.000000 0.000000 0.000000
0.000000 0.000000 0.349949 0.349949 0.349949 0.349949 0.349949 0.349949 0.349949 0.349949 0.349949 0.349949 0.349949 0.349949 0.349949 0.349949 0.349949 0.349949 0.349949 0.000000 0.000000
0.000000 0.000000 0.349995 0.349995 0.349994 0.349995 0.349995 0.349995 0.349995 0.349995 0.349995 0.349995 0.349995 0.349995 0.349995 0.349995 0.349994 0.349995 0.349995 0.000000 0.000000
0.000000 0.000000 0.350442 0.350442 0.350440 0.350441 0.350442 0.350442 0.350442 0.350442 0.350442 0.350442 0.350442 0.350442 0.350442 0.350441 0.350440 0.350442 0.350442 0.000000 0.000000
0.000000 0.000000 0.352068 0.352067 0.352065 0.352065 0.352069 0.352068 0.352068 0.352068 0.352068 0.352068 0.352068 0.352068 0.352069 0.352065 0.352065 0.352067 0.352068 0.000000 0.000000
0.000000 0.000000 0.353813 0.353812 0.353810 0.353810 0.353813 0.353812 0.353812 0.353813 0.353813 0.353813 0.353812 0.353812 0.353813 0.353810 0.353810 0.353812 0.353813 0.000000 0.000000
0.000000 0.000000 0.355470 0.355469 0.355467 0.355468 0.355470 0.355469 0.355469 0.355470 0.355470 0.355470 0.355469 0.355469 0.355470 0.355468 0.355467 0.355469 0.355470 0.000000 0.000000
0.000000 0.000000 0.356998 0.356998 0.356997 0.356997 0.356998 0.356998 0.356998 0.356999 0.356999 0.356999 0.356998 0.356998 0.356998 0.356997 0.356997 0.356998 0.356998 0.000000 0.000000
0.000000 0.000000 0.358432 0.358432 0.358431 0.358431 0.358432 0.358432 0.358432 0.358432 0.358432 0.358432 0.358432 0.358432 0.358432 0.358431 0.358431 0.358432 0.358432 0.000000 0.000000
0.000000 0.000000 0.359808 0.359808 0.359807 0.359807 0.359808 0.359808 0.359808 0.359808 0.359808 0.359808 0.359808 0.359808 0.359808 0.359807 0.359807 0.359808 0.359808 0.000000 0.000000
0.000000 0.000000 0.361140 0.361139 0.361138 0.361138 0.361140 0.361140 0.361140 0.361140 0.361140 0.361140 0.361140 0.361140 0.361140 0.361138 0.361138 0.361139 0.361140 0.000000 0.000000
0.000000 0.000000 0.362441 0.362441 0.362439 0.362440 0.362441 0.362441 0.362441 0.362441 0.362441 0.362441 0.362441 0.362441 0.362441 0.362440 0.362439 0.362441 0.362441 0.000000 0.000000
0.000000 0.000000 0.363722 0.363722 0.363720 0.363721 0.363722 0.363722 0.363722 0.363722 0.363722 0.363722 0.363722 0.363722 0.363722 0.363721 0.363720 0.363722 0.363722 0.000000 0.000000
0.000000 0.000000 0.364983 0.364982 0.364981 0.364981 0.364983 0.364983 0.364983 0.364983 0.364983 0.364983 0.364983 0.364983 0.364983 0.364981 0.364981 0.364982 0.364983 0.000000 0.000000
0.000000 0.000000 0.366230 0.366230 0.366229 0.366229 0.366230 0.366230 0.366230 0.366230 0.366230 0.366230 0.366230 0.366230 0.366230 0.366229 0.366229 0.366230 0.366230 0.000000 0.000000
0.000000 0.000000 0.367469 0.367468 0.367467 0.367468 0.367469 0.367469 0.367469 0.367469 0.367469 0.367469 0.367469 0.367469 0.367469 0.367468 0.367467 0.367468 0.367469 0.000000 0.000000
0.000000 0.000000 0.368695 0.368694 0.368693 0.368693 0.368695 0.368695 0.368695 0.368695 0.368695 0.368695 0.368695 0.368695 0.368695 0.368693 0.368693 0.368694 0.368695 0.000000 0.000000
0.000000 0.000000 0.369947 0.369947 0.369946 0.369946 0.369948 0.369948 0.369948 0.369948 0.369948 0.369948 0.369948 0.369948 0.369948 0.369946 0.369946 0.369947 0.369948 0.000000 0.000000
0.000000 0.000000 0.350000 0.350000 0.350000 0.350000 0.350000 0.350000 0.350000 0.350000 0.350000 0.350000 0.350000 0.350000 0.350000 0.350000 0.350000 0.350000 0.350000 0.000000 0.000000
0.000000 0.000000 0.000000 0.000000 0.000000 0.000000 0.000000 0.000000 0.000000 0.000000 0.000000 0.000000 0.000000 0.000000 0.000000 0.000000 0.000000 0.000000 0.000000 0.000000 0.000000