geotop/1.0zi/1.0Montebello/Templates/testdem/maps/_Eocsilt9233.asc
ncols         21
nrows         20
xllcorner     100.000000
yllcorner     100.000000
cellsize      50.000000
NODATA_value  -9999.0
0.000000 0.000000 0.000000 0.000000 0.000000 0.000000 0.000000 0.000000 0.000000 0.000000 0.000000 0.000000 0.000000 0.000000 0.000000 0.000000 0.000000 0.000000 0.000000 0.000000 0.000000
0.000000 0.000000 0.350195 0.350195 0.350195 0.350196 0.350195 0.350195 0.350195 0.350195 0.350195 0.350195 0.350195 0.350195 0.350195 0.350195 0.350196 0.350196 0.350195 0.000000 0.000000
0.000000 0.000000 0.350005 0.350005 0.350006 0.350005 0.350006 0.350006 0.350006 0.350006 0.350006 0.350006 0.350007 0.350007 0.350006 0.350005 0.350004 0.350004 0.350005 0.000000 0.000000
0.000000 0.000000 0.350123 0.350119 0.350114 0.350109 0.350109 0.350104 0.350107 0.350108 0.350105 0.350107 0.350107 0.350107 0.350110 0.350114 0.350119 0.350119 0.350122 0.000000 0.000000
0.000000 0.000000 0.351266 0.351270 0.351259 0.351243 0.351234 0.351229 0.351231 0.351228 0.351228 0.351230 0.351234 0.351232 0.351245 0.351252 0.351255 0.351258 0.351261 0.000000 0.000000
0.000000 0.000000 0.354529 0.354524 0.354509 0.354490 0.354460 0.354439 0.354436 0.354430 0.354433 0.354434 0.354437 0.354435 0.354450 0.354469 0.354479 0.354483 0.354490 0.000000 0.000000
0.000000 0.000000 0.359194 0.359184 0.359167 0.359136 0.359097 0.359049 0.359053 0.359050 0.359048 0.359046 0.359044 0.359049 0.359087 0.359115 0.359134 0.359146 0.359154 0.000000 0.000000
0.000000 0.000000 0.364716 0.364705 0.364693 0.364658 0.364619 0.364575 0.364577 0.364572 0.364569 0.364565 0.364563 0.364572 0.364608 0.364641 0.364671 0.364674 0.364688 0.000000 0.000000
0.000000 0.000000 0.370742 0.370726 0.370706 0.370680 0.370635 0.370581 0.370587 0.370576 0.370571 0.370568 0.370570 0.370569 0.370621 0.370660 0.370683 0.370691 0.370704 0.000000 0.000000
0.000000 0.000000 0.377270 0.377251 0.377235 0.377208 0.377149 0.377100 0.377102 0.377095 0.377085 0.377089 0.377095 0.377094 0.377135 0.377185 0.377212 0.377219 0.377226 0.000000 0.000000
0.000000 0.000000 0.384534 0.384519 0.384506 0.384442 0.384404 0.384340 0.384357 0.384322 0.384327 0.384321 0.384310 0.384331 0.384375 0.384405 0.384442 0.384455 0.384485 0.000000 0.000000
0.000000 0.000000 0.392844 0.392813 0.392776 0.392745 0.392690 0.392612 0.392614 0.392607 0.392620 0.392590 0.392603 0.392603 0.392681 0.392725 0.392745 0.392754 0.392818 0.000000 0.000000
0.000000 0.000000 0.402063 0.402035 0.402025 0.401956 0.401911 0.401692 0.401692 0.401680 0.401612 0.401649 0.401657 0.401679 0.401843 0.401883 0.401961 0.401963 0.401987 0.000000 0.000000
0.000000 0.000000 0.413279 0.413267 0.413206 0.413163 0.412863 0.412934 0.412876 0.412876 0.412907 0.412873 0.412867 0.412843 0.412775 0.413097 0.413119 0.413191 0.413241 0.000000 0.000000
0.000000 0.000000 0.426485 0.426445 0.426378 0.425986 0.426095 0.425874 0.425808 0.425785 0.425705 0.425666 0.425711 0.425711 0.425914 0.425819 0.426332 0.426218 0.426210 0.000000 0.000000
0.000000 0.000000 0.439890 0.439861 0.439344 0.439572 0.439498 0.439499 0.439719 0.439657 0.439771 0.439744 0.439651 0.439777 0.439733 0.439794 0.439275 0.440041 0.440029 0.000000 0.000000
0.000000 0.000000 0.453762 0.453195 0.453385 0.453130 0.452846 0.452755 0.452566 0.452609 0.452416 0.452437 0.452548 0.452433 0.452588 0.452796 0.453347 0.452915 0.453502 0.000000 0.000000
0.000000 0.000000 0.458174 0.458481 0.458837 0.458795 0.458773 0.458428 0.458467 0.458372 0.458512 0.458479 0.458467 0.458509 0.458799 0.458816 0.458875 0.458560 0.458255 0.000000 0.000000
0.000000 0.000000 0.350000 0.350000 0.350000 0.350000 0.350000 0.350000 0.350000 0.350000 0.350000 0.350000 0.350000 0.350000 0.350000 0.350000 0.350000 0.350000 0.350000 0.000000 0.000000
0.000000 0.000000 0.000000 0.000000 0.000000 0.000000 0.000000 0.000000 0.000000 0.000000 0.000000 0.000000 0.000000 0.000000 0.000000 0.000000 0.000000 0.000000 0.000000 0.000000 0.000000