geotop/1.0zi/1.0Montebello/Templates/testdem/maps/_Eocsilt0447.asc
ncols         21
nrows         20
xllcorner     100.000000
yllcorner     100.000000
cellsize      50.000000
NODATA_value  -9999.0
0.000000 0.000000 0.000000 0.000000 0.000000 0.000000 0.000000 0.000000 0.000000 0.000000 0.000000 0.000000 0.000000 0.000000 0.000000 0.000000 0.000000 0.000000 0.000000 0.000000 0.000000
0.000000 0.000000 0.350008 0.350008 0.350008 0.350008 0.350008 0.350008 0.350008 0.350008 0.350008 0.350008 0.350008 0.350008 0.350008 0.350008 0.350008 0.350008 0.350008 0.000000 0.000000
0.000000 0.000000 0.349998 0.349998 0.349998 0.349998 0.349998 0.349998 0.349998 0.349998 0.349998 0.349998 0.349998 0.349998 0.349998 0.349998 0.349998 0.349998 0.349998 0.000000 0.000000
0.000000 0.000000 0.350272 0.350272 0.350270 0.350272 0.350272 0.350272 0.350273 0.350272 0.350272 0.350272 0.350273 0.350272 0.350272 0.350272 0.350270 0.350272 0.350272 0.000000 0.000000
0.000000 0.000000 0.351069 0.351069 0.351067 0.351069 0.351069 0.351069 0.351069 0.351069 0.351069 0.351069 0.351069 0.351069 0.351069 0.351069 0.351067 0.351069 0.351069 0.000000 0.000000
0.000000 0.000000 0.351889 0.351889 0.351887 0.351889 0.351889 0.351889 0.351889 0.351889 0.351889 0.351889 0.351889 0.351889 0.351889 0.351889 0.351887 0.351889 0.351889 0.000000 0.000000
0.000000 0.000000 0.352627 0.352627 0.352626 0.352627 0.352627 0.352628 0.352628 0.352628 0.352627 0.352628 0.352628 0.352628 0.352627 0.352627 0.352626 0.352627 0.352627 0.000000 0.000000
0.000000 0.000000 0.353309 0.353309 0.353308 0.353309 0.353309 0.353309 0.353309 0.353309 0.353309 0.353309 0.353309 0.353309 0.353309 0.353309 0.353308 0.353309 0.353309 0.000000 0.000000
0.000000 0.000000 0.353951 0.353951 0.353950 0.353951 0.353951 0.353951 0.353951 0.353951 0.353951 0.353951 0.353951 0.353951 0.353951 0.353951 0.353950 0.353951 0.353951 0.000000 0.000000
0.000000 0.000000 0.354570 0.354570 0.354569 0.354570 0.354570 0.354570 0.354570 0.354570 0.354570 0.354570 0.354570 0.354570 0.354570 0.354570 0.354569 0.354570 0.354570 0.000000 0.000000
0.000000 0.000000 0.355171 0.355171 0.355169 0.355170 0.355171 0.355171 0.355171 0.355171 0.355171 0.355171 0.355171 0.355171 0.355171 0.355170 0.355169 0.355171 0.355171 0.000000 0.000000
0.000000 0.000000 0.355758 0.355758 0.355757 0.355758 0.355759 0.355759 0.355759 0.355759 0.355759 0.355759 0.355759 0.355759 0.355759 0.355758 0.355757 0.355758 0.355758 0.000000 0.000000
0.000000 0.000000 0.356335 0.356335 0.356334 0.356335 0.356335 0.356335 0.356335 0.356335 0.356335 0.356335 0.356335 0.356335 0.356335 0.356335 0.356334 0.356335 0.356335 0.000000 0.000000
0.000000 0.000000 0.356902 0.356902 0.356900 0.356902 0.356902 0.356902 0.356902 0.356902 0.356902 0.356902 0.356902 0.356902 0.356902 0.356902 0.356900 0.356902 0.356902 0.000000 0.000000
0.000000 0.000000 0.357462 0.357462 0.357460 0.357461 0.357462 0.357462 0.357462 0.357462 0.357462 0.357462 0.357462 0.357462 0.357462 0.357461 0.357460 0.357462 0.357462 0.000000 0.000000
0.000000 0.000000 0.358019 0.358019 0.358018 0.358019 0.358019 0.358019 0.358019 0.358019 0.358019 0.358019 0.358019 0.358019 0.358019 0.358019 0.358018 0.358019 0.358019 0.000000 0.000000
0.000000 0.000000 0.358570 0.358570 0.358569 0.358570 0.358571 0.358571 0.358571 0.358571 0.358571 0.358571 0.358571 0.358571 0.358571 0.358570 0.358569 0.358570 0.358570 0.000000 0.000000
0.000000 0.000000 0.359136 0.359136 0.359135 0.359136 0.359136 0.359137 0.359137 0.359137 0.359137 0.359137 0.359137 0.359137 0.359136 0.359136 0.359135 0.359136 0.359136 0.000000 0.000000
0.000000 0.000000 0.350000 0.350000 0.350000 0.350000 0.350000 0.350000 0.350000 0.350000 0.350000 0.350000 0.350000 0.350000 0.350000 0.350000 0.350000 0.350000 0.350000 0.000000 0.000000
0.000000 0.000000 0.000000 0.000000 0.000000 0.000000 0.000000 0.000000 0.000000 0.000000 0.000000 0.000000 0.000000 0.000000 0.000000 0.000000 0.000000 0.000000 0.000000 0.000000 0.000000