geotop/1.0zi/1.0Montebello/Templates/testdem/maps/_Eocsand9311.asc
ncols         21
nrows         20
xllcorner     100.000000
yllcorner     100.000000
cellsize      50.000000
NODATA_value  -9999.0
0.000000 0.000000 0.000000 0.000000 0.000000 0.000000 0.000000 0.000000 0.000000 0.000000 0.000000 0.000000 0.000000 0.000000 0.000000 0.000000 0.000000 0.000000 0.000000 0.000000 0.000000
0.000000 0.000000 0.300237 0.300234 0.300234 0.300235 0.300234 0.300233 0.300233 0.300234 0.300234 0.300234 0.300234 0.300234 0.300234 0.300234 0.300235 0.300235 0.300235 0.000000 0.000000
0.000000 0.000000 0.300012 0.300014 0.300014 0.300012 0.300014 0.300014 0.300013 0.300013 0.300014 0.300014 0.300013 0.300013 0.300013 0.300013 0.300014 0.300015 0.300015 0.000000 0.000000
0.000000 0.000000 0.299855 0.299854 0.299861 0.299869 0.299868 0.299871 0.299865 0.299867 0.299867 0.299867 0.299866 0.299868 0.299863 0.299857 0.299854 0.299855 0.299854 0.000000 0.000000
0.000000 0.000000 0.297445 0.297447 0.297464 0.297491 0.297519 0.297524 0.297526 0.297527 0.297528 0.297524 0.297522 0.297521 0.297498 0.297487 0.297473 0.297468 0.297456 0.000000 0.000000
0.000000 0.000000 0.290511 0.290521 0.290559 0.290611 0.290670 0.290721 0.290719 0.290731 0.290725 0.290726 0.290717 0.290719 0.290690 0.290642 0.290616 0.290600 0.290586 0.000000 0.000000
0.000000 0.000000 0.280908 0.280927 0.280957 0.281020 0.281098 0.281204 0.281196 0.281204 0.281207 0.281207 0.281209 0.281201 0.281122 0.281059 0.281019 0.280995 0.280978 0.000000 0.000000
0.000000 0.000000 0.269530 0.269552 0.269579 0.269652 0.269733 0.269828 0.269823 0.269834 0.269839 0.269846 0.269850 0.269830 0.269755 0.269687 0.269624 0.269614 0.269584 0.000000 0.000000
0.000000 0.000000 0.257144 0.257174 0.257214 0.257268 0.257361 0.257472 0.257459 0.257481 0.257491 0.257496 0.257492 0.257494 0.257387 0.257306 0.257258 0.257241 0.257215 0.000000 0.000000
0.000000 0.000000 0.243641 0.243679 0.243710 0.243768 0.243893 0.243996 0.243990 0.244004 0.244023 0.244014 0.244000 0.244003 0.243918 0.243814 0.243756 0.243739 0.243724 0.000000 0.000000
0.000000 0.000000 0.228505 0.228533 0.228560 0.228694 0.228775 0.228910 0.228875 0.228946 0.228936 0.228947 0.228970 0.228925 0.228834 0.228769 0.228689 0.228660 0.228597 0.000000 0.000000
0.000000 0.000000 0.211112 0.211174 0.211251 0.211317 0.211434 0.211599 0.211595 0.211607 0.211578 0.211642 0.211612 0.211613 0.211450 0.211356 0.211311 0.211290 0.211156 0.000000 0.000000
0.000000 0.000000 0.191715 0.191771 0.191789 0.191937 0.192035 0.192503 0.192500 0.192524 0.192671 0.192587 0.192571 0.192524 0.192175 0.192087 0.191919 0.191911 0.191863 0.000000 0.000000
0.000000 0.000000 0.167952 0.167973 0.168105 0.168196 0.168848 0.168683 0.168807 0.168804 0.168732 0.168807 0.168819 0.168872 0.169028 0.168330 0.168283 0.168123 0.168017 0.000000 0.000000
0.000000 0.000000 0.139942 0.140024 0.140163 0.141016 0.140760 0.141251 0.141390 0.141437 0.141613 0.141694 0.141595 0.141592 0.141141 0.141370 0.140253 0.140501 0.140521 0.000000 0.000000
0.000000 0.000000 0.111801 0.111857 0.112966 0.112449 0.112624 0.112610 0.112126 0.112257 0.112005 0.112059 0.112262 0.111989 0.112099 0.111951 0.113107 0.111443 0.111467 0.000000 0.000000
0.000000 0.000000 0.083037 0.084230 0.083806 0.084358 0.084961 0.085158 0.085567 0.085470 0.085885 0.085838 0.085597 0.085847 0.085515 0.085069 0.083879 0.084824 0.083583 0.000000 0.000000
0.000000 0.000000 0.074311 0.073632 0.072880 0.072964 0.073003 0.073742 0.073651 0.073854 0.073551 0.073619 0.073648 0.073556 0.072938 0.072905 0.072793 0.073449 0.074120 0.000000 0.000000
0.000000 0.000000 0.300000 0.300000 0.300000 0.300000 0.300000 0.300000 0.300000 0.300000 0.300000 0.300000 0.300000 0.300000 0.300000 0.300000 0.300000 0.300000 0.300000 0.000000 0.000000
0.000000 0.000000 0.000000 0.000000 0.000000 0.000000 0.000000 0.000000 0.000000 0.000000 0.000000 0.000000 0.000000 0.000000 0.000000 0.000000 0.000000 0.000000 0.000000 0.000000 0.000000