geotop/1.0zi/1.0Montebello/Templates/testdem/maps/_Eocclay5593.asc
ncols         21
nrows         20
xllcorner     100.000000
yllcorner     100.000000
cellsize      50.000000
NODATA_value  -9999.0
0.000000 0.000000 0.000000 0.000000 0.000000 0.000000 0.000000 0.000000 0.000000 0.000000 0.000000 0.000000 0.000000 0.000000 0.000000 0.000000 0.000000 0.000000 0.000000 0.000000 0.000000
0.000000 0.000000 0.349750 0.349750 0.349751 0.349751 0.349751 0.349751 0.349751 0.349751 0.349751 0.349751 0.349751 0.349751 0.349751 0.349751 0.349750 0.349750 0.349750 0.000000 0.000000
0.000000 0.000000 0.349990 0.349990 0.349990 0.349990 0.349989 0.349989 0.349990 0.349989 0.349989 0.349989 0.349990 0.349990 0.349990 0.349990 0.349990 0.349990 0.349990 0.000000 0.000000
0.000000 0.000000 0.349988 0.349990 0.349987 0.349988 0.349990 0.349990 0.349990 0.349988 0.349990 0.349988 0.349989 0.349988 0.349990 0.349992 0.349990 0.349991 0.349990 0.000000 0.000000
0.000000 0.000000 0.350468 0.350468 0.350468 0.350464 0.350453 0.350449 0.350451 0.350452 0.350450 0.350451 0.350447 0.350447 0.350452 0.350451 0.350456 0.350458 0.350461 0.000000 0.000000
0.000000 0.000000 0.352032 0.352033 0.352027 0.352009 0.352003 0.351987 0.351987 0.351982 0.351986 0.351986 0.351989 0.351989 0.351992 0.352004 0.352009 0.352021 0.352026 0.000000 0.000000
0.000000 0.000000 0.354304 0.354302 0.354300 0.354284 0.354265 0.354238 0.354238 0.354234 0.354236 0.354238 0.354238 0.354236 0.354255 0.354275 0.354284 0.354293 0.354300 0.000000 0.000000
0.000000 0.000000 0.357069 0.357069 0.357068 0.357049 0.357029 0.357001 0.357002 0.356999 0.357000 0.356999 0.356997 0.357001 0.357021 0.357038 0.357052 0.357058 0.357067 0.000000 0.000000
0.000000 0.000000 0.359866 0.359863 0.359858 0.359848 0.359828 0.359800 0.359803 0.359797 0.359795 0.359797 0.359796 0.359794 0.359818 0.359837 0.359850 0.359853 0.359861 0.000000 0.000000
0.000000 0.000000 0.362695 0.362690 0.362689 0.362681 0.362653 0.362627 0.362630 0.362626 0.362623 0.362627 0.362630 0.362626 0.362646 0.362669 0.362682 0.362685 0.362690 0.000000 0.000000
0.000000 0.000000 0.365628 0.365625 0.365625 0.365605 0.365586 0.365558 0.365564 0.365550 0.365551 0.365553 0.365549 0.365556 0.365571 0.365585 0.365600 0.365609 0.365621 0.000000 0.000000
0.000000 0.000000 0.368696 0.368690 0.368683 0.368669 0.368652 0.368619 0.368620 0.368612 0.368621 0.368613 0.368614 0.368616 0.368644 0.368657 0.368668 0.368672 0.368704 0.000000 0.000000
0.000000 0.000000 0.371845 0.371839 0.371837 0.371821 0.371806 0.371740 0.371740 0.371734 0.371720 0.371728 0.371733 0.371738 0.371785 0.371797 0.371821 0.371823 0.371846 0.000000 0.000000
0.000000 0.000000 0.375257 0.375253 0.375245 0.375235 0.375172 0.375155 0.375140 0.375139 0.375134 0.375137 0.375137 0.375135 0.375142 0.375204 0.375225 0.375241 0.375264 0.000000 0.000000
0.000000 0.000000 0.379008 0.379003 0.378990 0.378925 0.378904 0.378866 0.378840 0.378836 0.378824 0.378818 0.378825 0.378819 0.378846 0.378876 0.378970 0.378963 0.378977 0.000000 0.000000
0.000000 0.000000 0.382966 0.382961 0.382877 0.382862 0.382858 0.382833 0.382850 0.382839 0.382847 0.382837 0.382827 0.382843 0.382857 0.382864 0.382859 0.382967 0.382971 0.000000 0.000000
0.000000 0.000000 0.387484 0.387370 0.387329 0.387296 0.387242 0.387214 0.387206 0.387204 0.387179 0.387175 0.387185 0.387181 0.387211 0.387251 0.387316 0.387343 0.387459 0.000000 0.000000
0.000000 0.000000 0.390810 0.390813 0.390915 0.390887 0.390843 0.390736 0.390733 0.390709 0.390724 0.390718 0.390725 0.390727 0.390824 0.390854 0.390927 0.390822 0.390826 0.000000 0.000000
0.000000 0.000000 0.350000 0.350000 0.350000 0.350000 0.350000 0.350000 0.350000 0.350000 0.350000 0.350000 0.350000 0.350000 0.350000 0.350000 0.350000 0.350000 0.350000 0.000000 0.000000
0.000000 0.000000 0.000000 0.000000 0.000000 0.000000 0.000000 0.000000 0.000000 0.000000 0.000000 0.000000 0.000000 0.000000 0.000000 0.000000 0.000000 0.000000 0.000000 0.000000 0.000000