geotop/1.0zi/1.0Montebello/Templates/testdem/maps/_Eocclay1431.asc
ncols         21
nrows         20
xllcorner     100.000000
yllcorner     100.000000
cellsize      50.000000
NODATA_value  -9999.0
0.000000 0.000000 0.000000 0.000000 0.000000 0.000000 0.000000 0.000000 0.000000 0.000000 0.000000 0.000000 0.000000 0.000000 0.000000 0.000000 0.000000 0.000000 0.000000 0.000000 0.000000
0.000000 0.000000 0.349927 0.349927 0.349927 0.349927 0.349927 0.349927 0.349927 0.349927 0.349927 0.349927 0.349927 0.349927 0.349927 0.349927 0.349927 0.349927 0.349927 0.000000 0.000000
0.000000 0.000000 0.349994 0.349994 0.349994 0.349994 0.349994 0.349994 0.349994 0.349994 0.349994 0.349994 0.349994 0.349994 0.349994 0.349994 0.349994 0.349994 0.349994 0.000000 0.000000
0.000000 0.000000 0.350579 0.350579 0.350577 0.350578 0.350579 0.350579 0.350579 0.350579 0.350580 0.350579 0.350579 0.350579 0.350579 0.350578 0.350577 0.350579 0.350579 0.000000 0.000000
0.000000 0.000000 0.352779 0.352778 0.352776 0.352776 0.352780 0.352779 0.352779 0.352780 0.352779 0.352780 0.352779 0.352779 0.352780 0.352776 0.352776 0.352778 0.352779 0.000000 0.000000
0.000000 0.000000 0.355207 0.355207 0.355205 0.355205 0.355208 0.355207 0.355207 0.355208 0.355208 0.355208 0.355207 0.355207 0.355208 0.355205 0.355205 0.355207 0.355207 0.000000 0.000000
0.000000 0.000000 0.357518 0.357518 0.357516 0.357517 0.357519 0.357518 0.357518 0.357519 0.357519 0.357519 0.357518 0.357518 0.357519 0.357517 0.357516 0.357518 0.357518 0.000000 0.000000
0.000000 0.000000 0.359650 0.359649 0.359648 0.359648 0.359650 0.359649 0.359649 0.359650 0.359650 0.359650 0.359649 0.359649 0.359650 0.359648 0.359648 0.359649 0.359650 0.000000 0.000000
0.000000 0.000000 0.361647 0.361647 0.361645 0.361646 0.361648 0.361647 0.361647 0.361648 0.361647 0.361648 0.361647 0.361647 0.361648 0.361646 0.361645 0.361647 0.361647 0.000000 0.000000
0.000000 0.000000 0.363561 0.363561 0.363560 0.363560 0.363562 0.363561 0.363561 0.363562 0.363562 0.363562 0.363561 0.363561 0.363562 0.363560 0.363560 0.363561 0.363561 0.000000 0.000000
0.000000 0.000000 0.365411 0.365411 0.365409 0.365410 0.365411 0.365411 0.365411 0.365411 0.365411 0.365411 0.365411 0.365411 0.365411 0.365410 0.365409 0.365411 0.365411 0.000000 0.000000
0.000000 0.000000 0.367214 0.367214 0.367212 0.367213 0.367214 0.367214 0.367214 0.367214 0.367214 0.367214 0.367214 0.367214 0.367214 0.367213 0.367212 0.367214 0.367214 0.000000 0.000000
0.000000 0.000000 0.368985 0.368985 0.368983 0.368984 0.368985 0.368985 0.368985 0.368985 0.368985 0.368985 0.368985 0.368985 0.368985 0.368984 0.368983 0.368985 0.368985 0.000000 0.000000
0.000000 0.000000 0.370724 0.370724 0.370723 0.370723 0.370725 0.370724 0.370724 0.370725 0.370724 0.370725 0.370724 0.370724 0.370725 0.370723 0.370723 0.370724 0.370724 0.000000 0.000000
0.000000 0.000000 0.372440 0.372439 0.372438 0.372439 0.372440 0.372440 0.372440 0.372440 0.372440 0.372440 0.372440 0.372440 0.372440 0.372439 0.372438 0.372439 0.372440 0.000000 0.000000
0.000000 0.000000 0.374138 0.374138 0.374136 0.374137 0.374138 0.374138 0.374138 0.374138 0.374138 0.374138 0.374138 0.374138 0.374138 0.374137 0.374136 0.374138 0.374138 0.000000 0.000000
0.000000 0.000000 0.375818 0.375818 0.375816 0.375817 0.375818 0.375818 0.375818 0.375818 0.375818 0.375818 0.375818 0.375818 0.375818 0.375817 0.375816 0.375818 0.375818 0.000000 0.000000
0.000000 0.000000 0.377522 0.377522 0.377521 0.377521 0.377523 0.377522 0.377522 0.377523 0.377523 0.377523 0.377522 0.377522 0.377523 0.377521 0.377521 0.377522 0.377523 0.000000 0.000000
0.000000 0.000000 0.350000 0.350000 0.350000 0.350000 0.350000 0.350000 0.350000 0.350000 0.350000 0.350000 0.350000 0.350000 0.350000 0.350000 0.350000 0.350000 0.350000 0.000000 0.000000
0.000000 0.000000 0.000000 0.000000 0.000000 0.000000 0.000000 0.000000 0.000000 0.000000 0.000000 0.000000 0.000000 0.000000 0.000000 0.000000 0.000000 0.000000 0.000000 0.000000 0.000000