geotop/1.0zi/1.0Montebello/Templates/testdem/maps/_Eocclay6221.asc
ncols         21
nrows         20
xllcorner     100.000000
yllcorner     100.000000
cellsize      50.000000
NODATA_value  -9999.0
0.000000 0.000000 0.000000 0.000000 0.000000 0.000000 0.000000 0.000000 0.000000 0.000000 0.000000 0.000000 0.000000 0.000000 0.000000 0.000000 0.000000 0.000000 0.000000 0.000000 0.000000
0.000000 0.000000 0.349727 0.349728 0.349728 0.349727 0.349728 0.349728 0.349728 0.349728 0.349727 0.349728 0.349728 0.349728 0.349728 0.349728 0.349726 0.349726 0.349728 0.000000 0.000000
0.000000 0.000000 0.349989 0.349989 0.349989 0.349990 0.349988 0.349988 0.349988 0.349988 0.349988 0.349988 0.349989 0.349987 0.349989 0.349989 0.349990 0.349990 0.349987 0.000000 0.000000
0.000000 0.000000 0.349981 0.349985 0.349982 0.349982 0.349984 0.349984 0.349985 0.349982 0.349986 0.349984 0.349984 0.349984 0.349983 0.349985 0.349984 0.349985 0.349985 0.000000 0.000000
0.000000 0.000000 0.350545 0.350544 0.350542 0.350539 0.350526 0.350524 0.350524 0.350526 0.350524 0.350523 0.350518 0.350520 0.350526 0.350526 0.350531 0.350533 0.350540 0.000000 0.000000
0.000000 0.000000 0.352292 0.352292 0.352286 0.352264 0.352257 0.352238 0.352239 0.352234 0.352237 0.352238 0.352242 0.352242 0.352246 0.352260 0.352269 0.352280 0.352285 0.000000 0.000000
0.000000 0.000000 0.354902 0.354899 0.354895 0.354877 0.354855 0.354826 0.354825 0.354821 0.354822 0.354824 0.354825 0.354824 0.354846 0.354869 0.354880 0.354888 0.354897 0.000000 0.000000
0.000000 0.000000 0.358048 0.358047 0.358043 0.358021 0.358000 0.357969 0.357969 0.357966 0.357966 0.357965 0.357963 0.357968 0.357993 0.358013 0.358029 0.358036 0.358047 0.000000 0.000000
0.000000 0.000000 0.361280 0.361277 0.361268 0.361256 0.361234 0.361203 0.361205 0.361199 0.361196 0.361197 0.361196 0.361195 0.361224 0.361247 0.361262 0.361267 0.361276 0.000000 0.000000
0.000000 0.000000 0.364578 0.364571 0.364568 0.364557 0.364526 0.364498 0.364499 0.364496 0.364492 0.364495 0.364500 0.364496 0.364521 0.364548 0.364564 0.364567 0.364574 0.000000 0.000000
0.000000 0.000000 0.368026 0.368022 0.368018 0.367996 0.367974 0.367943 0.367949 0.367934 0.367934 0.367935 0.367931 0.367941 0.367960 0.367977 0.367995 0.368005 0.368019 0.000000 0.000000
0.000000 0.000000 0.371674 0.371667 0.371657 0.371639 0.371619 0.371581 0.371582 0.371574 0.371583 0.371573 0.371574 0.371577 0.371613 0.371630 0.371642 0.371648 0.371684 0.000000 0.000000
0.000000 0.000000 0.375458 0.375449 0.375445 0.375426 0.375408 0.375328 0.375327 0.375321 0.375303 0.375313 0.375318 0.375325 0.375384 0.375401 0.375430 0.375433 0.375458 0.000000 0.000000
0.000000 0.000000 0.379612 0.379605 0.379593 0.379580 0.379500 0.379482 0.379464 0.379463 0.379458 0.379461 0.379459 0.379457 0.379467 0.379550 0.379573 0.379594 0.379620 0.000000 0.000000
0.000000 0.000000 0.384237 0.384231 0.384213 0.384126 0.384103 0.384056 0.384025 0.384020 0.384005 0.383994 0.384006 0.384000 0.384038 0.384072 0.384194 0.384183 0.384199 0.000000 0.000000
0.000000 0.000000 0.389180 0.389174 0.389057 0.389044 0.389039 0.389010 0.389037 0.389022 0.389035 0.389021 0.389007 0.389033 0.389051 0.389061 0.389041 0.389191 0.389194 0.000000 0.000000
0.000000 0.000000 0.394949 0.394786 0.394743 0.394696 0.394616 0.394581 0.394563 0.394564 0.394525 0.394523 0.394541 0.394531 0.394575 0.394636 0.394731 0.394749 0.394916 0.000000 0.000000
0.000000 0.000000 0.398942 0.398973 0.399125 0.399090 0.399042 0.398891 0.398889 0.398854 0.398883 0.398874 0.398882 0.398888 0.399027 0.399063 0.399150 0.398998 0.398975 0.000000 0.000000
0.000000 0.000000 0.350000 0.350000 0.350000 0.350000 0.350000 0.350000 0.350000 0.350000 0.350000 0.350000 0.350000 0.350000 0.350000 0.350000 0.350000 0.350000 0.350000 0.000000 0.000000
0.000000 0.000000 0.000000 0.000000 0.000000 0.000000 0.000000 0.000000 0.000000 0.000000 0.000000 0.000000 0.000000 0.000000 0.000000 0.000000 0.000000 0.000000 0.000000 0.000000 0.000000