geotop/1.0zi/1.0Montebello/Templates/testdem/maps/_Eocclay4794.asc
ncols         21
nrows         20
xllcorner     100.000000
yllcorner     100.000000
cellsize      50.000000
NODATA_value  -9999.0
0.000000 0.000000 0.000000 0.000000 0.000000 0.000000 0.000000 0.000000 0.000000 0.000000 0.000000 0.000000 0.000000 0.000000 0.000000 0.000000 0.000000 0.000000 0.000000 0.000000 0.000000
0.000000 0.000000 0.349785 0.349785 0.349785 0.349786 0.349786 0.349785 0.349785 0.349785 0.349785 0.349785 0.349785 0.349785 0.349786 0.349785 0.349785 0.349785 0.349785 0.000000 0.000000
0.000000 0.000000 0.349992 0.349992 0.349992 0.349992 0.349992 0.349992 0.349992 0.349992 0.349991 0.349991 0.349992 0.349992 0.349992 0.349992 0.349992 0.349992 0.349992 0.000000 0.000000
0.000000 0.000000 0.349992 0.349993 0.349991 0.349992 0.349994 0.349994 0.349994 0.349993 0.349994 0.349993 0.349992 0.349991 0.349994 0.349995 0.349994 0.349994 0.349993 0.000000 0.000000
0.000000 0.000000 0.350349 0.350348 0.350348 0.350343 0.350335 0.350332 0.350333 0.350333 0.350332 0.350334 0.350331 0.350332 0.350336 0.350336 0.350340 0.350341 0.350344 0.000000 0.000000
0.000000 0.000000 0.351646 0.351649 0.351643 0.351627 0.351623 0.351609 0.351608 0.351604 0.351608 0.351608 0.351611 0.351612 0.351614 0.351624 0.351629 0.351637 0.351642 0.000000 0.000000
0.000000 0.000000 0.353575 0.353572 0.353568 0.353554 0.353538 0.353517 0.353516 0.353512 0.353515 0.353515 0.353517 0.353518 0.353533 0.353551 0.353560 0.353567 0.353573 0.000000 0.000000
0.000000 0.000000 0.355846 0.355844 0.355842 0.355826 0.355808 0.355786 0.355787 0.355783 0.355785 0.355785 0.355783 0.355786 0.355805 0.355822 0.355831 0.355836 0.355843 0.000000 0.000000
0.000000 0.000000 0.358127 0.358124 0.358119 0.358107 0.358091 0.358069 0.358071 0.358066 0.358067 0.358068 0.358066 0.358068 0.358086 0.358105 0.358113 0.358117 0.358124 0.000000 0.000000
0.000000 0.000000 0.360423 0.360418 0.360415 0.360402 0.360382 0.360362 0.360364 0.360361 0.360361 0.360362 0.360360 0.360361 0.360381 0.360401 0.360408 0.360412 0.360419 0.000000 0.000000
0.000000 0.000000 0.362769 0.362764 0.362761 0.362752 0.362736 0.362711 0.362713 0.362708 0.362708 0.362710 0.362708 0.362709 0.362726 0.362741 0.362751 0.362756 0.362764 0.000000 0.000000
0.000000 0.000000 0.365201 0.365198 0.365191 0.365177 0.365161 0.365137 0.365137 0.365133 0.365134 0.365133 0.365132 0.365132 0.365155 0.365173 0.365182 0.365186 0.365211 0.000000 0.000000
0.000000 0.000000 0.367675 0.367670 0.367664 0.367653 0.367634 0.367583 0.367584 0.367579 0.367579 0.367580 0.367578 0.367580 0.367624 0.367644 0.367654 0.367659 0.367673 0.000000 0.000000
0.000000 0.000000 0.370307 0.370298 0.370294 0.370282 0.370229 0.370216 0.370208 0.370204 0.370205 0.370205 0.370203 0.370204 0.370219 0.370270 0.370280 0.370291 0.370300 0.000000 0.000000
0.000000 0.000000 0.373158 0.373151 0.373137 0.373091 0.373065 0.373033 0.373017 0.373012 0.373005 0.373005 0.373007 0.373003 0.373029 0.373064 0.373121 0.373118 0.373126 0.000000 0.000000
0.000000 0.000000 0.376113 0.376106 0.376049 0.376039 0.376023 0.376007 0.376006 0.376005 0.376008 0.376007 0.376000 0.376012 0.376020 0.376034 0.376034 0.376096 0.376111 0.000000 0.000000
0.000000 0.000000 0.379421 0.379344 0.379299 0.379277 0.379236 0.379214 0.379210 0.379206 0.379198 0.379199 0.379201 0.379195 0.379212 0.379257 0.379287 0.379315 0.379391 0.000000 0.000000
0.000000 0.000000 0.381973 0.381959 0.382009 0.381981 0.381947 0.381872 0.381865 0.381857 0.381861 0.381861 0.381857 0.381864 0.381932 0.381969 0.382011 0.381945 0.381972 0.000000 0.000000
0.000000 0.000000 0.350000 0.350000 0.350000 0.350000 0.350000 0.350000 0.350000 0.350000 0.350000 0.350000 0.350000 0.350000 0.350000 0.350000 0.350000 0.350000 0.350000 0.000000 0.000000
0.000000 0.000000 0.000000 0.000000 0.000000 0.000000 0.000000 0.000000 0.000000 0.000000 0.000000 0.000000 0.000000 0.000000 0.000000 0.000000 0.000000 0.000000 0.000000 0.000000 0.000000