geotop/1.0zi/1.0Montebello/Templates/testdem/maps/_Eocsilt5273.asc
ncols         21
nrows         20
xllcorner     100.000000
yllcorner     100.000000
cellsize      50.000000
NODATA_value  -9999.0
0.000000 0.000000 0.000000 0.000000 0.000000 0.000000 0.000000 0.000000 0.000000 0.000000 0.000000 0.000000 0.000000 0.000000 0.000000 0.000000 0.000000 0.000000 0.000000 0.000000 0.000000
0.000000 0.000000 0.350107 0.350107 0.350107 0.350107 0.350107 0.350107 0.350107 0.350107 0.350107 0.350107 0.350107 0.350107 0.350107 0.350107 0.350107 0.350107 0.350107 0.000000 0.000000
0.000000 0.000000 0.350002 0.350002 0.350002 0.350003 0.350003 0.350003 0.350003 0.350003 0.350003 0.350003 0.350003 0.350003 0.350003 0.350003 0.350001 0.350001 0.350002 0.000000 0.000000
0.000000 0.000000 0.350037 0.350037 0.350036 0.350031 0.350033 0.350031 0.350033 0.350034 0.350033 0.350032 0.350032 0.350031 0.350033 0.350036 0.350036 0.350038 0.350037 0.000000 0.000000
0.000000 0.000000 0.350440 0.350444 0.350442 0.350439 0.350437 0.350432 0.350431 0.350429 0.350426 0.350429 0.350429 0.350430 0.350436 0.350437 0.350437 0.350446 0.350449 0.000000 0.000000
0.000000 0.000000 0.351763 0.351766 0.351763 0.351750 0.351741 0.351725 0.351723 0.351720 0.351724 0.351727 0.351728 0.351724 0.351729 0.351734 0.351743 0.351746 0.351750 0.000000 0.000000
0.000000 0.000000 0.353794 0.353792 0.353789 0.353773 0.353754 0.353733 0.353734 0.353732 0.353735 0.353735 0.353732 0.353735 0.353749 0.353765 0.353772 0.353781 0.353786 0.000000 0.000000
0.000000 0.000000 0.356245 0.356245 0.356246 0.356230 0.356212 0.356190 0.356190 0.356188 0.356188 0.356188 0.356187 0.356189 0.356205 0.356223 0.356237 0.356239 0.356247 0.000000 0.000000
0.000000 0.000000 0.358815 0.358810 0.358805 0.358794 0.358776 0.358750 0.358751 0.358746 0.358744 0.358746 0.358746 0.358744 0.358768 0.358786 0.358799 0.358803 0.358811 0.000000 0.000000
0.000000 0.000000 0.361370 0.361366 0.361364 0.361358 0.361332 0.361309 0.361312 0.361309 0.361305 0.361309 0.361312 0.361309 0.361327 0.361347 0.361360 0.361362 0.361366 0.000000 0.000000
0.000000 0.000000 0.363974 0.363971 0.363972 0.363953 0.363936 0.363912 0.363917 0.363905 0.363906 0.363907 0.363904 0.363910 0.363924 0.363937 0.363951 0.363959 0.363969 0.000000 0.000000
0.000000 0.000000 0.366691 0.366685 0.366679 0.366666 0.366651 0.366622 0.366623 0.366616 0.366624 0.366617 0.366619 0.366621 0.366646 0.366658 0.366667 0.366671 0.366700 0.000000 0.000000
0.000000 0.000000 0.369454 0.369448 0.369447 0.369432 0.369420 0.369362 0.369362 0.369357 0.369345 0.369352 0.369356 0.369361 0.369402 0.369412 0.369433 0.369435 0.369456 0.000000 0.000000
0.000000 0.000000 0.372420 0.372417 0.372411 0.372402 0.372349 0.372333 0.372320 0.372319 0.372314 0.372317 0.372318 0.372316 0.372322 0.372374 0.372394 0.372408 0.372428 0.000000 0.000000
0.000000 0.000000 0.375653 0.375650 0.375637 0.375583 0.375565 0.375533 0.375511 0.375508 0.375497 0.375491 0.375498 0.375493 0.375515 0.375542 0.375623 0.375617 0.375630 0.000000 0.000000
0.000000 0.000000 0.379046 0.379041 0.378973 0.378957 0.378953 0.378932 0.378942 0.378934 0.378938 0.378931 0.378924 0.378937 0.378949 0.378958 0.378959 0.379046 0.379049 0.000000 0.000000
0.000000 0.000000 0.382863 0.382773 0.382735 0.382707 0.382665 0.382642 0.382637 0.382634 0.382615 0.382612 0.382619 0.382617 0.382641 0.382673 0.382725 0.382756 0.382845 0.000000 0.000000
0.000000 0.000000 0.385759 0.385751 0.385828 0.385803 0.385770 0.385685 0.385682 0.385663 0.385672 0.385667 0.385674 0.385676 0.385754 0.385775 0.385840 0.385758 0.385772 0.000000 0.000000
0.000000 0.000000 0.350000 0.350000 0.350000 0.350000 0.350000 0.350000 0.350000 0.350000 0.350000 0.350000 0.350000 0.350000 0.350000 0.350000 0.350000 0.350000 0.350000 0.000000 0.000000
0.000000 0.000000 0.000000 0.000000 0.000000 0.000000 0.000000 0.000000 0.000000 0.000000 0.000000 0.000000 0.000000 0.000000 0.000000 0.000000 0.000000 0.000000 0.000000 0.000000 0.000000