geotop/1.0zi/1.0Montebello/Templates/testdem/maps/_Eocsilt4731.asc
ncols         21
nrows         20
xllcorner     100.000000
yllcorner     100.000000
cellsize      50.000000
NODATA_value  -9999.0
0.000000 0.000000 0.000000 0.000000 0.000000 0.000000 0.000000 0.000000 0.000000 0.000000 0.000000 0.000000 0.000000 0.000000 0.000000 0.000000 0.000000 0.000000 0.000000 0.000000 0.000000
0.000000 0.000000 0.350095 0.350095 0.350095 0.350095 0.350095 0.350095 0.350095 0.350095 0.350095 0.350095 0.350095 0.350095 0.350095 0.350095 0.350096 0.350095 0.350095 0.000000 0.000000
0.000000 0.000000 0.350002 0.350002 0.350003 0.350003 0.350003 0.350003 0.350003 0.350003 0.350003 0.350003 0.350003 0.350003 0.350003 0.350003 0.350001 0.350001 0.350002 0.000000 0.000000
0.000000 0.000000 0.350034 0.350033 0.350033 0.350028 0.350030 0.350027 0.350029 0.350030 0.350029 0.350029 0.350029 0.350028 0.350030 0.350032 0.350033 0.350034 0.350033 0.000000 0.000000
0.000000 0.000000 0.350386 0.350390 0.350389 0.350384 0.350381 0.350378 0.350376 0.350374 0.350373 0.350375 0.350375 0.350376 0.350381 0.350382 0.350383 0.350390 0.350394 0.000000 0.000000
0.000000 0.000000 0.351544 0.351546 0.351542 0.351531 0.351524 0.351509 0.351507 0.351501 0.351506 0.351509 0.351513 0.351512 0.351517 0.351522 0.351529 0.351531 0.351535 0.000000 0.000000
0.000000 0.000000 0.353359 0.353358 0.353352 0.353337 0.353320 0.353303 0.353304 0.353301 0.353305 0.353303 0.353301 0.353306 0.353318 0.353333 0.353340 0.353346 0.353353 0.000000 0.000000
0.000000 0.000000 0.355515 0.355512 0.355511 0.355497 0.355480 0.355462 0.355463 0.355460 0.355460 0.355461 0.355460 0.355460 0.355477 0.355496 0.355506 0.355508 0.355514 0.000000 0.000000
0.000000 0.000000 0.357756 0.357751 0.357745 0.357734 0.357717 0.357694 0.357696 0.357691 0.357692 0.357693 0.357692 0.357693 0.357712 0.357731 0.357739 0.357745 0.357753 0.000000 0.000000
0.000000 0.000000 0.359974 0.359971 0.359967 0.359956 0.359937 0.359917 0.359920 0.359916 0.359917 0.359918 0.359916 0.359915 0.359935 0.359954 0.359962 0.359965 0.359972 0.000000 0.000000
0.000000 0.000000 0.362214 0.362209 0.362207 0.362197 0.362182 0.362159 0.362161 0.362156 0.362156 0.362158 0.362156 0.362156 0.362173 0.362188 0.362197 0.362202 0.362210 0.000000 0.000000
0.000000 0.000000 0.364534 0.364530 0.364525 0.364511 0.364496 0.364473 0.364473 0.364469 0.364470 0.364470 0.364469 0.364469 0.364491 0.364508 0.364517 0.364521 0.364545 0.000000 0.000000
0.000000 0.000000 0.366887 0.366882 0.366877 0.366866 0.366848 0.366800 0.366801 0.366796 0.366796 0.366797 0.366794 0.366796 0.366837 0.366857 0.366867 0.366871 0.366885 0.000000 0.000000
0.000000 0.000000 0.369383 0.369375 0.369371 0.369361 0.369311 0.369298 0.369291 0.369287 0.369288 0.369289 0.369285 0.369286 0.369300 0.369348 0.369359 0.369368 0.369377 0.000000 0.000000
0.000000 0.000000 0.372079 0.372072 0.372059 0.372016 0.371992 0.371962 0.371948 0.371943 0.371936 0.371936 0.371938 0.371933 0.371957 0.371990 0.372044 0.372042 0.372050 0.000000 0.000000
0.000000 0.000000 0.374873 0.374866 0.374813 0.374804 0.374788 0.374773 0.374771 0.374769 0.374773 0.374773 0.374765 0.374775 0.374783 0.374798 0.374799 0.374857 0.374871 0.000000 0.000000
0.000000 0.000000 0.377987 0.377917 0.377874 0.377853 0.377816 0.377797 0.377792 0.377789 0.377782 0.377783 0.377783 0.377778 0.377793 0.377835 0.377862 0.377890 0.377961 0.000000 0.000000
0.000000 0.000000 0.380405 0.380391 0.380436 0.380410 0.380378 0.380309 0.380302 0.380295 0.380299 0.380299 0.380294 0.380300 0.380363 0.380398 0.380438 0.380378 0.380405 0.000000 0.000000
0.000000 0.000000 0.350000 0.350000 0.350000 0.350000 0.350000 0.350000 0.350000 0.350000 0.350000 0.350000 0.350000 0.350000 0.350000 0.350000 0.350000 0.350000 0.350000 0.000000 0.000000
0.000000 0.000000 0.000000 0.000000 0.000000 0.000000 0.000000 0.000000 0.000000 0.000000 0.000000 0.000000 0.000000 0.000000 0.000000 0.000000 0.000000 0.000000 0.000000 0.000000 0.000000