geotop/1.0zi/1.0Montebello/Templates/testdem/maps/_Eocsand7370.asc
ncols         21
nrows         20
xllcorner     100.000000
yllcorner     100.000000
cellsize      50.000000
NODATA_value  -9999.0
0.000000 0.000000 0.000000 0.000000 0.000000 0.000000 0.000000 0.000000 0.000000 0.000000 0.000000 0.000000 0.000000 0.000000 0.000000 0.000000 0.000000 0.000000 0.000000 0.000000 0.000000
0.000000 0.000000 0.300188 0.300186 0.300186 0.300187 0.300186 0.300186 0.300186 0.300186 0.300187 0.300186 0.300186 0.300186 0.300186 0.300186 0.300187 0.300187 0.300187 0.000000 0.000000
0.000000 0.000000 0.300010 0.300011 0.300010 0.300009 0.300010 0.300010 0.300010 0.300010 0.300010 0.300010 0.300009 0.300010 0.300010 0.300010 0.300011 0.300011 0.300012 0.000000 0.000000
0.000000 0.000000 0.299897 0.299897 0.299901 0.299908 0.299904 0.299912 0.299907 0.299909 0.299909 0.299909 0.299909 0.299911 0.299906 0.299901 0.299899 0.299896 0.299896 0.000000 0.000000
0.000000 0.000000 0.298159 0.298155 0.298163 0.298179 0.298199 0.298208 0.298215 0.298212 0.298216 0.298215 0.298219 0.298213 0.298190 0.298185 0.298175 0.298164 0.298155 0.000000 0.000000
0.000000 0.000000 0.293380 0.293380 0.293400 0.293442 0.293472 0.293516 0.293515 0.293527 0.293520 0.293520 0.293517 0.293517 0.293495 0.293465 0.293440 0.293418 0.293408 0.000000 0.000000
0.000000 0.000000 0.286623 0.286630 0.286648 0.286695 0.286752 0.286818 0.286819 0.286827 0.286826 0.286826 0.286830 0.286824 0.286766 0.286714 0.286683 0.286657 0.286642 0.000000 0.000000
0.000000 0.000000 0.278566 0.278569 0.278582 0.278634 0.278690 0.278762 0.278762 0.278770 0.278772 0.278777 0.278782 0.278768 0.278706 0.278656 0.278608 0.278594 0.278571 0.000000 0.000000
0.000000 0.000000 0.270061 0.270075 0.270101 0.270134 0.270192 0.270270 0.270266 0.270282 0.270288 0.270291 0.270290 0.270291 0.270215 0.270153 0.270116 0.270097 0.270078 0.000000 0.000000
0.000000 0.000000 0.261212 0.261229 0.261242 0.261273 0.261357 0.261426 0.261425 0.261434 0.261446 0.261440 0.261430 0.261434 0.261370 0.261300 0.261257 0.261243 0.261228 0.000000 0.000000
0.000000 0.000000 0.251771 0.251782 0.251797 0.251865 0.251923 0.252002 0.251985 0.252028 0.252024 0.252025 0.252040 0.252012 0.251956 0.251911 0.251858 0.251829 0.251792 0.000000 0.000000
0.000000 0.000000 0.241488 0.241515 0.241546 0.241591 0.241654 0.241752 0.241756 0.241770 0.241749 0.241782 0.241774 0.241766 0.241665 0.241615 0.241577 0.241557 0.241466 0.000000 0.000000
0.000000 0.000000 0.230570 0.230597 0.230611 0.230670 0.230725 0.230963 0.230966 0.230981 0.231042 0.231013 0.230999 0.230976 0.230793 0.230742 0.230651 0.230640 0.230588 0.000000 0.000000
0.000000 0.000000 0.218111 0.218122 0.218168 0.218212 0.218489 0.218498 0.218556 0.218557 0.218552 0.218563 0.218569 0.218578 0.218582 0.218293 0.218234 0.218157 0.218094 0.000000 0.000000
0.000000 0.000000 0.203743 0.203766 0.203827 0.204157 0.204176 0.204338 0.204426 0.204443 0.204500 0.204543 0.204507 0.204517 0.204360 0.204318 0.203874 0.203927 0.203905 0.000000 0.000000
0.000000 0.000000 0.188044 0.188069 0.188536 0.188479 0.188507 0.188582 0.188430 0.188488 0.188413 0.188457 0.188525 0.188410 0.188369 0.188343 0.188580 0.187938 0.187944 0.000000 0.000000
0.000000 0.000000 0.168731 0.169458 0.169436 0.169676 0.170043 0.170155 0.170304 0.170273 0.170469 0.170461 0.170359 0.170446 0.170264 0.169993 0.169466 0.169675 0.168928 0.000000 0.000000
0.000000 0.000000 0.158750 0.158234 0.157553 0.157614 0.157676 0.158315 0.158261 0.158430 0.158198 0.158254 0.158266 0.158195 0.157635 0.157593 0.157432 0.158033 0.158525 0.000000 0.000000
0.000000 0.000000 0.300000 0.300000 0.300000 0.300000 0.300000 0.300000 0.300000 0.300000 0.300000 0.300000 0.300000 0.300000 0.300000 0.300000 0.300000 0.300000 0.300000 0.000000 0.000000
0.000000 0.000000 0.000000 0.000000 0.000000 0.000000 0.000000 0.000000 0.000000 0.000000 0.000000 0.000000 0.000000 0.000000 0.000000 0.000000 0.000000 0.000000 0.000000 0.000000 0.000000