geotop/1.0zi/1.0Montebello/Templates/testdem/maps/_Eocclay7115.asc
ncols         21
nrows         20
xllcorner     100.000000
yllcorner     100.000000
cellsize      50.000000
NODATA_value  -9999.0
0.000000 0.000000 0.000000 0.000000 0.000000 0.000000 0.000000 0.000000 0.000000 0.000000 0.000000 0.000000 0.000000 0.000000 0.000000 0.000000 0.000000 0.000000 0.000000 0.000000 0.000000
0.000000 0.000000 0.349680 0.349682 0.349682 0.349681 0.349682 0.349682 0.349682 0.349682 0.349681 0.349682 0.349682 0.349682 0.349682 0.349682 0.349680 0.349680 0.349681 0.000000 0.000000
0.000000 0.000000 0.349987 0.349987 0.349987 0.349988 0.349987 0.349987 0.349987 0.349987 0.349986 0.349986 0.349987 0.349986 0.349987 0.349987 0.349988 0.349988 0.349985 0.000000 0.000000
0.000000 0.000000 0.349979 0.349983 0.349980 0.349980 0.349982 0.349981 0.349983 0.349979 0.349984 0.349981 0.349982 0.349980 0.349981 0.349983 0.349981 0.349983 0.349983 0.000000 0.000000
0.000000 0.000000 0.350742 0.350739 0.350735 0.350732 0.350718 0.350716 0.350715 0.350717 0.350715 0.350715 0.350711 0.350715 0.350722 0.350722 0.350728 0.350730 0.350737 0.000000 0.000000
0.000000 0.000000 0.352991 0.352989 0.352979 0.352954 0.352942 0.352920 0.352922 0.352916 0.352920 0.352919 0.352921 0.352922 0.352930 0.352948 0.352959 0.352972 0.352980 0.000000 0.000000
0.000000 0.000000 0.356177 0.356174 0.356166 0.356146 0.356119 0.356085 0.356085 0.356080 0.356082 0.356082 0.356082 0.356083 0.356110 0.356136 0.356149 0.356160 0.356169 0.000000 0.000000
0.000000 0.000000 0.359983 0.359981 0.359974 0.359948 0.359922 0.359886 0.359887 0.359883 0.359883 0.359880 0.359878 0.359885 0.359914 0.359937 0.359958 0.359966 0.359978 0.000000 0.000000
0.000000 0.000000 0.363946 0.363940 0.363928 0.363913 0.363885 0.363849 0.363852 0.363844 0.363842 0.363840 0.363840 0.363840 0.363874 0.363904 0.363920 0.363927 0.363937 0.000000 0.000000
0.000000 0.000000 0.368058 0.368049 0.368043 0.368029 0.367989 0.367956 0.367958 0.367953 0.367948 0.367950 0.367955 0.367953 0.367982 0.368016 0.368035 0.368040 0.368049 0.000000 0.000000
0.000000 0.000000 0.372433 0.372428 0.372420 0.372390 0.372363 0.372324 0.372333 0.372312 0.372315 0.372314 0.372307 0.372321 0.372346 0.372367 0.372390 0.372403 0.372422 0.000000 0.000000
0.000000 0.000000 0.377155 0.377143 0.377128 0.377107 0.377078 0.377032 0.377032 0.377023 0.377034 0.377018 0.377021 0.377025 0.377070 0.377094 0.377110 0.377119 0.377163 0.000000 0.000000
0.000000 0.000000 0.382143 0.382130 0.382123 0.382096 0.382071 0.381963 0.381963 0.381955 0.381929 0.381941 0.381948 0.381958 0.382039 0.382063 0.382102 0.382107 0.382134 0.000000 0.000000
0.000000 0.000000 0.387774 0.387768 0.387747 0.387728 0.387607 0.387595 0.387571 0.387569 0.387570 0.387566 0.387564 0.387561 0.387563 0.387688 0.387716 0.387748 0.387780 0.000000 0.000000
0.000000 0.000000 0.394213 0.394203 0.394174 0.394035 0.394018 0.393948 0.393908 0.393900 0.393877 0.393859 0.393874 0.393868 0.393932 0.393961 0.394148 0.394128 0.394142 0.000000 0.000000
0.000000 0.000000 0.401220 0.401209 0.401013 0.401024 0.401013 0.400973 0.401034 0.401008 0.401038 0.401016 0.400989 0.401037 0.401058 0.401071 0.400989 0.401251 0.401252 0.000000 0.000000
0.000000 0.000000 0.409742 0.409444 0.409427 0.409334 0.409184 0.409134 0.409084 0.409092 0.409017 0.409017 0.409055 0.409025 0.409098 0.409210 0.409409 0.409357 0.409663 0.000000 0.000000
0.000000 0.000000 0.414671 0.414840 0.415119 0.415082 0.415036 0.414767 0.414782 0.414714 0.414798 0.414775 0.414776 0.414800 0.415037 0.415070 0.415164 0.414904 0.414749 0.000000 0.000000
0.000000 0.000000 0.350000 0.350000 0.350000 0.350000 0.350000 0.350000 0.350000 0.350000 0.350000 0.350000 0.350000 0.350000 0.350000 0.350000 0.350000 0.350000 0.350000 0.000000 0.000000
0.000000 0.000000 0.000000 0.000000 0.000000 0.000000 0.000000 0.000000 0.000000 0.000000 0.000000 0.000000 0.000000 0.000000 0.000000 0.000000 0.000000 0.000000 0.000000 0.000000 0.000000