geotop/1.0zi/1.0Montebello/Templates/testdem/maps/_Eocsand2695.asc
ncols         21
nrows         20
xllcorner     100.000000
yllcorner     100.000000
cellsize      50.000000
NODATA_value  -9999.0
0.000000 0.000000 0.000000 0.000000 0.000000 0.000000 0.000000 0.000000 0.000000 0.000000 0.000000 0.000000 0.000000 0.000000 0.000000 0.000000 0.000000 0.000000 0.000000 0.000000 0.000000
0.000000 0.000000 0.300080 0.300080 0.300079 0.300080 0.300080 0.300080 0.300080 0.300080 0.300081 0.300080 0.300080 0.300080 0.300080 0.300080 0.300079 0.300080 0.300080 0.000000 0.000000
0.000000 0.000000 0.300012 0.300013 0.300013 0.300012 0.300012 0.300012 0.300012 0.300012 0.300011 0.300012 0.300012 0.300012 0.300012 0.300012 0.300013 0.300013 0.300012 0.000000 0.000000
0.000000 0.000000 0.298268 0.298268 0.298273 0.298271 0.298267 0.298268 0.298268 0.298267 0.298267 0.298267 0.298268 0.298268 0.298267 0.298271 0.298273 0.298268 0.298268 0.000000 0.000000
0.000000 0.000000 0.290874 0.290875 0.290879 0.290879 0.290872 0.290874 0.290874 0.290871 0.290871 0.290871 0.290874 0.290874 0.290872 0.290879 0.290879 0.290875 0.290874 0.000000 0.000000
0.000000 0.000000 0.281836 0.281837 0.281840 0.281839 0.281835 0.281836 0.281836 0.281834 0.281833 0.281834 0.281836 0.281836 0.281835 0.281839 0.281840 0.281837 0.281836 0.000000 0.000000
0.000000 0.000000 0.273403 0.273404 0.273407 0.273406 0.273402 0.273404 0.273404 0.273402 0.273401 0.273402 0.273404 0.273404 0.273402 0.273406 0.273407 0.273404 0.273403 0.000000 0.000000
0.000000 0.000000 0.265693 0.265694 0.265696 0.265696 0.265692 0.265694 0.265694 0.265692 0.265691 0.265692 0.265694 0.265694 0.265692 0.265696 0.265696 0.265694 0.265693 0.000000 0.000000
0.000000 0.000000 0.258519 0.258520 0.258522 0.258521 0.258518 0.258519 0.258519 0.258518 0.258517 0.258518 0.258519 0.258519 0.258518 0.258521 0.258522 0.258520 0.258519 0.000000 0.000000
0.000000 0.000000 0.251717 0.251718 0.251720 0.251719 0.251716 0.251717 0.251717 0.251716 0.251715 0.251716 0.251717 0.251717 0.251716 0.251719 0.251720 0.251718 0.251717 0.000000 0.000000
0.000000 0.000000 0.245206 0.245207 0.245209 0.245208 0.245206 0.245207 0.245206 0.245205 0.245205 0.245205 0.245206 0.245207 0.245206 0.245208 0.245209 0.245207 0.245206 0.000000 0.000000
0.000000 0.000000 0.238924 0.238924 0.238927 0.238926 0.238923 0.238924 0.238924 0.238923 0.238922 0.238923 0.238924 0.238924 0.238923 0.238926 0.238927 0.238924 0.238924 0.000000 0.000000
0.000000 0.000000 0.232823 0.232824 0.232826 0.232825 0.232823 0.232824 0.232824 0.232822 0.232822 0.232822 0.232824 0.232824 0.232823 0.232825 0.232826 0.232824 0.232823 0.000000 0.000000
0.000000 0.000000 0.226874 0.226874 0.226877 0.226876 0.226873 0.226874 0.226874 0.226873 0.226873 0.226873 0.226874 0.226874 0.226873 0.226876 0.226877 0.226874 0.226874 0.000000 0.000000
0.000000 0.000000 0.221059 0.221060 0.221062 0.221061 0.221059 0.221060 0.221060 0.221059 0.221058 0.221059 0.221060 0.221060 0.221059 0.221061 0.221062 0.221060 0.221059 0.000000 0.000000
0.000000 0.000000 0.215368 0.215369 0.215371 0.215370 0.215368 0.215369 0.215369 0.215368 0.215367 0.215368 0.215369 0.215369 0.215368 0.215370 0.215371 0.215369 0.215368 0.000000 0.000000
0.000000 0.000000 0.209793 0.209793 0.209795 0.209794 0.209792 0.209793 0.209793 0.209792 0.209791 0.209792 0.209793 0.209793 0.209792 0.209794 0.209795 0.209793 0.209793 0.000000 0.000000
0.000000 0.000000 0.204250 0.204250 0.204252 0.204251 0.204249 0.204250 0.204250 0.204249 0.204248 0.204249 0.204250 0.204250 0.204249 0.204251 0.204252 0.204250 0.204250 0.000000 0.000000
0.000000 0.000000 0.300000 0.300000 0.300000 0.300000 0.300000 0.300000 0.300000 0.300000 0.300000 0.300000 0.300000 0.300000 0.300000 0.300000 0.300000 0.300000 0.300000 0.000000 0.000000
0.000000 0.000000 0.000000 0.000000 0.000000 0.000000 0.000000 0.000000 0.000000 0.000000 0.000000 0.000000 0.000000 0.000000 0.000000 0.000000 0.000000 0.000000 0.000000 0.000000 0.000000