geotop/1.0zi/1.0Montebello/Templates/testdem/maps/_Eocsand3692.asc
ncols         21
nrows         20
xllcorner     100.000000
yllcorner     100.000000
cellsize      50.000000
NODATA_value  -9999.0
0.000000 0.000000 0.000000 0.000000 0.000000 0.000000 0.000000 0.000000 0.000000 0.000000 0.000000 0.000000 0.000000 0.000000 0.000000 0.000000 0.000000 0.000000 0.000000 0.000000 0.000000
0.000000 0.000000 0.300092 0.300092 0.300091 0.300091 0.300091 0.300091 0.300092 0.300092 0.300092 0.300092 0.300092 0.300092 0.300091 0.300091 0.300092 0.300092 0.300092 0.000000 0.000000
0.000000 0.000000 0.300005 0.300004 0.300004 0.300003 0.300003 0.300003 0.300003 0.300003 0.300003 0.300004 0.300003 0.300003 0.300003 0.300004 0.300005 0.300005 0.300005 0.000000 0.000000
0.000000 0.000000 0.299970 0.299971 0.299973 0.299975 0.299972 0.299974 0.299973 0.299973 0.299972 0.299974 0.299974 0.299976 0.299975 0.299971 0.299971 0.299970 0.299971 0.000000 0.000000
0.000000 0.000000 0.299290 0.299287 0.299296 0.299306 0.299317 0.299321 0.299322 0.299324 0.299323 0.299323 0.299325 0.299324 0.299312 0.299304 0.299297 0.299293 0.299289 0.000000 0.000000
0.000000 0.000000 0.297178 0.297180 0.297195 0.297213 0.297228 0.297247 0.297246 0.297254 0.297246 0.297245 0.297242 0.297241 0.297232 0.297218 0.297200 0.297196 0.297190 0.000000 0.000000
0.000000 0.000000 0.294106 0.294109 0.294120 0.294150 0.294183 0.294219 0.294217 0.294224 0.294216 0.294217 0.294214 0.294205 0.294172 0.294143 0.294128 0.294121 0.294112 0.000000 0.000000
0.000000 0.000000 0.290624 0.290628 0.290641 0.290677 0.290715 0.290751 0.290748 0.290753 0.290751 0.290752 0.290749 0.290741 0.290699 0.290668 0.290648 0.290644 0.290634 0.000000 0.000000
0.000000 0.000000 0.287136 0.287143 0.287161 0.287188 0.287225 0.287266 0.287263 0.287271 0.287268 0.287267 0.287264 0.287255 0.287216 0.287182 0.287164 0.287158 0.287144 0.000000 0.000000
0.000000 0.000000 0.283674 0.283682 0.283697 0.283726 0.283768 0.283805 0.283800 0.283805 0.283804 0.283803 0.283801 0.283795 0.283752 0.283717 0.283700 0.283694 0.283684 0.000000 0.000000
0.000000 0.000000 0.280193 0.280201 0.280217 0.280241 0.280275 0.280319 0.280314 0.280323 0.280321 0.280320 0.280318 0.280310 0.280273 0.280248 0.280226 0.280219 0.280206 0.000000 0.000000
0.000000 0.000000 0.276622 0.276630 0.276648 0.276680 0.276716 0.276758 0.276759 0.276764 0.276762 0.276764 0.276759 0.276753 0.276706 0.276676 0.276655 0.276649 0.276607 0.000000 0.000000
0.000000 0.000000 0.273035 0.273045 0.273064 0.273091 0.273132 0.273210 0.273209 0.273216 0.273215 0.273215 0.273212 0.273203 0.273130 0.273094 0.273074 0.273066 0.273039 0.000000 0.000000
0.000000 0.000000 0.269277 0.269292 0.269309 0.269336 0.269422 0.269447 0.269459 0.269465 0.269462 0.269462 0.269460 0.269452 0.269420 0.269344 0.269322 0.269306 0.269290 0.000000 0.000000
0.000000 0.000000 0.265267 0.265280 0.265312 0.265383 0.265433 0.265483 0.265508 0.265516 0.265525 0.265526 0.265516 0.265516 0.265471 0.265413 0.265330 0.265331 0.265318 0.000000 0.000000
0.000000 0.000000 0.261173 0.261187 0.261270 0.261296 0.261333 0.261362 0.261368 0.261370 0.261366 0.261368 0.261371 0.261350 0.261327 0.261298 0.261286 0.261209 0.261187 0.000000 0.000000
0.000000 0.000000 0.256682 0.256776 0.256856 0.256895 0.256960 0.256991 0.256998 0.257002 0.257011 0.257011 0.257004 0.257002 0.256973 0.256910 0.256866 0.256819 0.256726 0.000000 0.000000
0.000000 0.000000 0.253096 0.253129 0.253088 0.253138 0.253200 0.253297 0.253307 0.253317 0.253313 0.253314 0.253312 0.253299 0.253206 0.253146 0.253079 0.253156 0.253109 0.000000 0.000000
0.000000 0.000000 0.300000 0.300000 0.300000 0.300000 0.300000 0.300000 0.300000 0.300000 0.300000 0.300000 0.300000 0.300000 0.300000 0.300000 0.300000 0.300000 0.300000 0.000000 0.000000
0.000000 0.000000 0.000000 0.000000 0.000000 0.000000 0.000000 0.000000 0.000000 0.000000 0.000000 0.000000 0.000000 0.000000 0.000000 0.000000 0.000000 0.000000 0.000000 0.000000 0.000000