geotop/1.0zi/1.0Montebello/Templates/testdem/maps/_Eocsand4912.asc
ncols         21
nrows         20
xllcorner     100.000000
yllcorner     100.000000
cellsize      50.000000
NODATA_value  -9999.0
0.000000 0.000000 0.000000 0.000000 0.000000 0.000000 0.000000 0.000000 0.000000 0.000000 0.000000 0.000000 0.000000 0.000000 0.000000 0.000000 0.000000 0.000000 0.000000 0.000000 0.000000
0.000000 0.000000 0.300121 0.300120 0.300120 0.300120 0.300120 0.300120 0.300120 0.300120 0.300120 0.300120 0.300120 0.300120 0.300120 0.300120 0.300120 0.300120 0.300120 0.000000 0.000000
0.000000 0.000000 0.300006 0.300005 0.300005 0.300005 0.300005 0.300005 0.300005 0.300005 0.300005 0.300005 0.300005 0.300005 0.300005 0.300005 0.300007 0.300007 0.300006 0.000000 0.000000
0.000000 0.000000 0.299976 0.299975 0.299977 0.299981 0.299978 0.299980 0.299978 0.299979 0.299979 0.299980 0.299980 0.299982 0.299978 0.299974 0.299976 0.299973 0.299975 0.000000 0.000000
0.000000 0.000000 0.299191 0.299189 0.299190 0.299200 0.299210 0.299216 0.299217 0.299219 0.299222 0.299218 0.299221 0.299219 0.299210 0.299210 0.299205 0.299196 0.299190 0.000000 0.000000
0.000000 0.000000 0.296561 0.296555 0.296565 0.296592 0.296604 0.296633 0.296636 0.296645 0.296637 0.296635 0.296628 0.296628 0.296621 0.296605 0.296594 0.296583 0.296574 0.000000 0.000000
0.000000 0.000000 0.292630 0.292634 0.292644 0.292674 0.292707 0.292747 0.292746 0.292752 0.292747 0.292749 0.292749 0.292743 0.292715 0.292682 0.292667 0.292652 0.292640 0.000000 0.000000
0.000000 0.000000 0.288005 0.288010 0.288014 0.288045 0.288081 0.288121 0.288119 0.288125 0.288125 0.288125 0.288128 0.288125 0.288087 0.288051 0.288033 0.288024 0.288011 0.000000 0.000000
0.000000 0.000000 0.283277 0.283286 0.283297 0.283320 0.283354 0.283400 0.283397 0.283404 0.283405 0.283403 0.283406 0.283402 0.283365 0.283326 0.283311 0.283300 0.283283 0.000000 0.000000
0.000000 0.000000 0.278545 0.278554 0.278561 0.278586 0.278626 0.278667 0.278661 0.278667 0.278667 0.278667 0.278671 0.278671 0.278629 0.278590 0.278575 0.278565 0.278552 0.000000 0.000000
0.000000 0.000000 0.273725 0.273735 0.273742 0.273762 0.273794 0.273843 0.273838 0.273848 0.273849 0.273846 0.273851 0.273849 0.273813 0.273783 0.273764 0.273752 0.273737 0.000000 0.000000
0.000000 0.000000 0.268722 0.268730 0.268743 0.268772 0.268804 0.268852 0.268853 0.268859 0.268859 0.268861 0.268862 0.268862 0.268816 0.268781 0.268762 0.268753 0.268703 0.000000 0.000000
0.000000 0.000000 0.263630 0.263640 0.263652 0.263674 0.263714 0.263817 0.263815 0.263823 0.263825 0.263824 0.263829 0.263825 0.263735 0.263693 0.263675 0.263664 0.263635 0.000000 0.000000
0.000000 0.000000 0.258204 0.258222 0.258231 0.258254 0.258364 0.258390 0.258406 0.258412 0.258412 0.258412 0.258418 0.258415 0.258386 0.258281 0.258260 0.258237 0.258220 0.000000 0.000000
0.000000 0.000000 0.252318 0.252332 0.252362 0.252459 0.252510 0.252576 0.252607 0.252616 0.252632 0.252634 0.252628 0.252637 0.252585 0.252515 0.252397 0.252401 0.252385 0.000000 0.000000
0.000000 0.000000 0.246203 0.246218 0.246337 0.246356 0.246389 0.246422 0.246422 0.246424 0.246418 0.246420 0.246435 0.246411 0.246394 0.246366 0.246371 0.246237 0.246207 0.000000 0.000000
0.000000 0.000000 0.239336 0.239498 0.239590 0.239638 0.239724 0.239769 0.239778 0.239783 0.239802 0.239802 0.239798 0.239810 0.239774 0.239680 0.239617 0.239560 0.239400 0.000000 0.000000
0.000000 0.000000 0.234079 0.234103 0.233995 0.234055 0.234125 0.234283 0.234297 0.234311 0.234303 0.234306 0.234314 0.234300 0.234154 0.234080 0.233994 0.234131 0.234079 0.000000 0.000000
0.000000 0.000000 0.300000 0.300000 0.300000 0.300000 0.300000 0.300000 0.300000 0.300000 0.300000 0.300000 0.300000 0.300000 0.300000 0.300000 0.300000 0.300000 0.300000 0.000000 0.000000
0.000000 0.000000 0.000000 0.000000 0.000000 0.000000 0.000000 0.000000 0.000000 0.000000 0.000000 0.000000 0.000000 0.000000 0.000000 0.000000 0.000000 0.000000 0.000000 0.000000 0.000000