geotop/1.0zi/1.0Montebello/Templates/testdem/maps/_Eocsand9761.asc
ncols         21
nrows         20
xllcorner     100.000000
yllcorner     100.000000
cellsize      50.000000
NODATA_value  -9999.0
0.000000 0.000000 0.000000 0.000000 0.000000 0.000000 0.000000 0.000000 0.000000 0.000000 0.000000 0.000000 0.000000 0.000000 0.000000 0.000000 0.000000 0.000000 0.000000 0.000000 0.000000
0.000000 0.000000 0.300241 0.300238 0.300239 0.300239 0.300238 0.300238 0.300238 0.300239 0.300239 0.300239 0.300239 0.300239 0.300239 0.300238 0.300240 0.300239 0.300239 0.000000 0.000000
0.000000 0.000000 0.300011 0.300013 0.300013 0.300011 0.300012 0.300013 0.300012 0.300012 0.300012 0.300012 0.300011 0.300012 0.300012 0.300012 0.300013 0.300013 0.300014 0.000000 0.000000
0.000000 0.000000 0.299810 0.299808 0.299817 0.299825 0.299824 0.299830 0.299822 0.299824 0.299824 0.299823 0.299821 0.299823 0.299818 0.299811 0.299808 0.299805 0.299806 0.000000 0.000000
0.000000 0.000000 0.297020 0.297021 0.297037 0.297070 0.297097 0.297107 0.297107 0.297108 0.297111 0.297104 0.297098 0.297099 0.297075 0.297061 0.297046 0.297037 0.297024 0.000000 0.000000
0.000000 0.000000 0.289409 0.289421 0.289458 0.289520 0.289584 0.289642 0.289638 0.289651 0.289650 0.289649 0.289638 0.289643 0.289608 0.289553 0.289526 0.289505 0.289493 0.000000 0.000000
0.000000 0.000000 0.279017 0.279039 0.279069 0.279143 0.279225 0.279336 0.279333 0.279344 0.279352 0.279352 0.279352 0.279349 0.279257 0.279189 0.279149 0.279120 0.279105 0.000000 0.000000
0.000000 0.000000 0.266655 0.266681 0.266712 0.266801 0.266891 0.266993 0.266990 0.267005 0.267015 0.267021 0.267024 0.267007 0.266922 0.266847 0.266780 0.266766 0.266737 0.000000 0.000000
0.000000 0.000000 0.253070 0.253108 0.253157 0.253225 0.253328 0.253449 0.253437 0.253462 0.253478 0.253482 0.253476 0.253482 0.253362 0.253272 0.253221 0.253199 0.253174 0.000000 0.000000
0.000000 0.000000 0.238063 0.238115 0.238154 0.238227 0.238341 0.238467 0.238464 0.238482 0.238508 0.238498 0.238482 0.238489 0.238392 0.238275 0.238215 0.238192 0.238179 0.000000 0.000000
0.000000 0.000000 0.220982 0.221025 0.221063 0.221227 0.221280 0.221450 0.221414 0.221498 0.221492 0.221504 0.221530 0.221485 0.221376 0.221304 0.221218 0.221188 0.221114 0.000000 0.000000
0.000000 0.000000 0.201033 0.201123 0.201223 0.201302 0.201391 0.201604 0.201608 0.201620 0.201595 0.201669 0.201633 0.201645 0.201451 0.201338 0.201293 0.201266 0.201117 0.000000 0.000000
0.000000 0.000000 0.178533 0.178617 0.178641 0.178798 0.178907 0.179470 0.179481 0.179518 0.179716 0.179596 0.179583 0.179535 0.179113 0.179017 0.178811 0.178801 0.178764 0.000000 0.000000
0.000000 0.000000 0.150664 0.150705 0.150884 0.150996 0.151782 0.151507 0.151677 0.151678 0.151576 0.151683 0.151701 0.151785 0.152036 0.151169 0.151137 0.150936 0.150814 0.000000 0.000000
0.000000 0.000000 0.119037 0.119130 0.119288 0.120301 0.119873 0.120505 0.120646 0.120714 0.120944 0.121020 0.120904 0.120899 0.120339 0.120749 0.119429 0.119740 0.119788 0.000000 0.000000
0.000000 0.000000 0.090881 0.090936 0.092023 0.091450 0.091650 0.091600 0.091121 0.091250 0.090993 0.091036 0.091243 0.090986 0.091138 0.090952 0.092188 0.090524 0.090549 0.000000 0.000000
0.000000 0.000000 0.066897 0.067704 0.067492 0.067831 0.068256 0.068392 0.068639 0.068583 0.068849 0.068818 0.068666 0.068822 0.068601 0.068282 0.067562 0.068084 0.067244 0.000000 0.000000
0.000000 0.000000 0.056856 0.056780 0.056307 0.056471 0.056628 0.057055 0.057090 0.057177 0.057105 0.057129 0.057095 0.057100 0.056708 0.056588 0.056288 0.056816 0.056885 0.000000 0.000000
0.000000 0.000000 0.300000 0.300000 0.300000 0.300000 0.300000 0.300000 0.300000 0.300000 0.300000 0.300000 0.300000 0.300000 0.300000 0.300000 0.300000 0.300000 0.300000 0.000000 0.000000
0.000000 0.000000 0.000000 0.000000 0.000000 0.000000 0.000000 0.000000 0.000000 0.000000 0.000000 0.000000 0.000000 0.000000 0.000000 0.000000 0.000000 0.000000 0.000000 0.000000 0.000000