geotop/1.0zi/1.0Montebello/Templates/testdem/maps/_Eocsand8253.asc
ncols         21
nrows         20
xllcorner     100.000000
yllcorner     100.000000
cellsize      50.000000
NODATA_value  -9999.0
0.000000 0.000000 0.000000 0.000000 0.000000 0.000000 0.000000 0.000000 0.000000 0.000000 0.000000 0.000000 0.000000 0.000000 0.000000 0.000000 0.000000 0.000000 0.000000 0.000000 0.000000
0.000000 0.000000 0.300208 0.300206 0.300206 0.300207 0.300206 0.300205 0.300205 0.300206 0.300206 0.300206 0.300206 0.300206 0.300206 0.300206 0.300207 0.300207 0.300207 0.000000 0.000000
0.000000 0.000000 0.300011 0.300012 0.300012 0.300010 0.300011 0.300012 0.300012 0.300012 0.300012 0.300012 0.300011 0.300012 0.300011 0.300011 0.300012 0.300013 0.300013 0.000000 0.000000
0.000000 0.000000 0.299893 0.299893 0.299897 0.299905 0.299900 0.299909 0.299904 0.299906 0.299906 0.299906 0.299906 0.299908 0.299903 0.299898 0.299896 0.299893 0.299894 0.000000 0.000000
0.000000 0.000000 0.297934 0.297931 0.297940 0.297955 0.297978 0.297987 0.297994 0.297992 0.297996 0.297996 0.297999 0.297993 0.297969 0.297963 0.297951 0.297937 0.297927 0.000000 0.000000
0.000000 0.000000 0.292191 0.292192 0.292214 0.292259 0.292294 0.292342 0.292343 0.292355 0.292347 0.292348 0.292344 0.292343 0.292320 0.292285 0.292257 0.292234 0.292222 0.000000 0.000000
0.000000 0.000000 0.284209 0.284216 0.284237 0.284287 0.284352 0.284427 0.284429 0.284438 0.284435 0.284437 0.284439 0.284433 0.284368 0.284310 0.284274 0.284246 0.284230 0.000000 0.000000
0.000000 0.000000 0.274751 0.274755 0.274770 0.274828 0.274891 0.274974 0.274975 0.274984 0.274985 0.274992 0.274995 0.274980 0.274910 0.274854 0.274800 0.274783 0.274757 0.000000 0.000000
0.000000 0.000000 0.264623 0.264639 0.264668 0.264706 0.264773 0.264863 0.264859 0.264878 0.264883 0.264887 0.264885 0.264887 0.264800 0.264729 0.264686 0.264665 0.264643 0.000000 0.000000
0.000000 0.000000 0.253888 0.253907 0.253922 0.253961 0.254058 0.254139 0.254140 0.254149 0.254161 0.254155 0.254143 0.254148 0.254074 0.253992 0.253942 0.253925 0.253908 0.000000 0.000000
0.000000 0.000000 0.242198 0.242210 0.242229 0.242312 0.242379 0.242475 0.242456 0.242507 0.242500 0.242503 0.242521 0.242487 0.242419 0.242368 0.242303 0.242268 0.242224 0.000000 0.000000
0.000000 0.000000 0.229185 0.229219 0.229259 0.229311 0.229388 0.229510 0.229519 0.229531 0.229504 0.229546 0.229533 0.229526 0.229402 0.229338 0.229293 0.229268 0.229159 0.000000 0.000000
0.000000 0.000000 0.215073 0.215105 0.215120 0.215198 0.215266 0.215584 0.215589 0.215607 0.215691 0.215646 0.215628 0.215599 0.215358 0.215293 0.215172 0.215158 0.215106 0.000000 0.000000
0.000000 0.000000 0.198469 0.198477 0.198544 0.198597 0.198998 0.198963 0.199048 0.199046 0.199018 0.199044 0.199055 0.199074 0.199114 0.198697 0.198632 0.198521 0.198443 0.000000 0.000000
0.000000 0.000000 0.178852 0.178887 0.178967 0.179477 0.179427 0.179684 0.179799 0.179826 0.179912 0.179972 0.179915 0.179925 0.179677 0.179696 0.179020 0.179123 0.179111 0.000000 0.000000
0.000000 0.000000 0.157362 0.157392 0.158132 0.157921 0.157977 0.158043 0.157766 0.157851 0.157704 0.157755 0.157878 0.157692 0.157683 0.157639 0.158191 0.157118 0.157133 0.000000 0.000000
0.000000 0.000000 0.130815 0.131968 0.131713 0.132147 0.132724 0.132892 0.133215 0.133138 0.133485 0.133453 0.133255 0.133450 0.133160 0.132733 0.131748 0.132393 0.131189 0.000000 0.000000
0.000000 0.000000 0.121417 0.120336 0.119368 0.119354 0.119297 0.120226 0.120068 0.120342 0.119892 0.119982 0.120052 0.119898 0.119127 0.119170 0.119185 0.119931 0.120988 0.000000 0.000000
0.000000 0.000000 0.300000 0.300000 0.300000 0.300000 0.300000 0.300000 0.300000 0.300000 0.300000 0.300000 0.300000 0.300000 0.300000 0.300000 0.300000 0.300000 0.300000 0.000000 0.000000
0.000000 0.000000 0.000000 0.000000 0.000000 0.000000 0.000000 0.000000 0.000000 0.000000 0.000000 0.000000 0.000000 0.000000 0.000000 0.000000 0.000000 0.000000 0.000000 0.000000 0.000000