geotop/1.0zi/1.0Montebello/Templates/testdem/maps/_Eocsand3327.asc
ncols         21
nrows         20
xllcorner     100.000000
yllcorner     100.000000
cellsize      50.000000
NODATA_value  -9999.0
0.000000 0.000000 0.000000 0.000000 0.000000 0.000000 0.000000 0.000000 0.000000 0.000000 0.000000 0.000000 0.000000 0.000000 0.000000 0.000000 0.000000 0.000000 0.000000 0.000000 0.000000
0.000000 0.000000 0.300090 0.300090 0.300090 0.300090 0.300090 0.300090 0.300090 0.300090 0.300092 0.300090 0.300090 0.300090 0.300090 0.300090 0.300090 0.300090 0.300090 0.000000 0.000000
0.000000 0.000000 0.300011 0.300011 0.300011 0.300010 0.300011 0.300011 0.300011 0.300011 0.300009 0.300011 0.300011 0.300011 0.300011 0.300010 0.300011 0.300011 0.300011 0.000000 0.000000
0.000000 0.000000 0.297417 0.297418 0.297423 0.297421 0.297418 0.297418 0.297418 0.297418 0.297417 0.297418 0.297418 0.297418 0.297418 0.297421 0.297423 0.297418 0.297417 0.000000 0.000000
0.000000 0.000000 0.287631 0.287633 0.287636 0.287636 0.287630 0.287632 0.287632 0.287629 0.287629 0.287629 0.287632 0.287632 0.287630 0.287636 0.287636 0.287633 0.287631 0.000000 0.000000
0.000000 0.000000 0.276226 0.276227 0.276230 0.276230 0.276224 0.276226 0.276226 0.276224 0.276223 0.276224 0.276226 0.276226 0.276224 0.276230 0.276230 0.276227 0.276226 0.000000 0.000000
0.000000 0.000000 0.265718 0.265718 0.265721 0.265721 0.265716 0.265718 0.265718 0.265717 0.265715 0.265717 0.265718 0.265718 0.265716 0.265721 0.265721 0.265718 0.265718 0.000000 0.000000
0.000000 0.000000 0.256184 0.256184 0.256187 0.256187 0.256183 0.256184 0.256184 0.256183 0.256182 0.256183 0.256184 0.256184 0.256183 0.256187 0.256187 0.256184 0.256184 0.000000 0.000000
0.000000 0.000000 0.247376 0.247377 0.247379 0.247379 0.247375 0.247377 0.247377 0.247375 0.247374 0.247375 0.247377 0.247377 0.247375 0.247379 0.247379 0.247377 0.247376 0.000000 0.000000
0.000000 0.000000 0.239089 0.239090 0.239092 0.239091 0.239088 0.239089 0.239089 0.239088 0.239087 0.239088 0.239089 0.239089 0.239088 0.239091 0.239092 0.239090 0.239089 0.000000 0.000000
0.000000 0.000000 0.231221 0.231221 0.231224 0.231223 0.231220 0.231221 0.231221 0.231220 0.231219 0.231220 0.231221 0.231221 0.231220 0.231223 0.231224 0.231221 0.231221 0.000000 0.000000
0.000000 0.000000 0.223684 0.223685 0.223687 0.223686 0.223684 0.223685 0.223685 0.223684 0.223683 0.223684 0.223685 0.223685 0.223684 0.223686 0.223687 0.223685 0.223684 0.000000 0.000000
0.000000 0.000000 0.216429 0.216430 0.216432 0.216431 0.216429 0.216430 0.216430 0.216429 0.216428 0.216429 0.216430 0.216430 0.216429 0.216431 0.216432 0.216430 0.216429 0.000000 0.000000
0.000000 0.000000 0.209399 0.209399 0.209401 0.209400 0.209398 0.209399 0.209399 0.209398 0.209397 0.209398 0.209399 0.209399 0.209398 0.209400 0.209401 0.209399 0.209399 0.000000 0.000000
0.000000 0.000000 0.202575 0.202575 0.202577 0.202576 0.202574 0.202575 0.202575 0.202574 0.202573 0.202574 0.202575 0.202575 0.202574 0.202576 0.202577 0.202575 0.202575 0.000000 0.000000
0.000000 0.000000 0.195945 0.195945 0.195947 0.195947 0.195944 0.195945 0.195945 0.195944 0.195943 0.195944 0.195945 0.195945 0.195944 0.195947 0.195947 0.195945 0.195945 0.000000 0.000000
0.000000 0.000000 0.189490 0.189490 0.189492 0.189492 0.189489 0.189490 0.189490 0.189489 0.189488 0.189489 0.189490 0.189490 0.189489 0.189492 0.189492 0.189490 0.189490 0.000000 0.000000
0.000000 0.000000 0.183095 0.183095 0.183097 0.183096 0.183093 0.183094 0.183094 0.183093 0.183093 0.183093 0.183094 0.183094 0.183093 0.183096 0.183097 0.183095 0.183094 0.000000 0.000000
0.000000 0.000000 0.300000 0.300000 0.300000 0.300000 0.300000 0.300000 0.300000 0.300000 0.300000 0.300000 0.300000 0.300000 0.300000 0.300000 0.300000 0.300000 0.300000 0.000000 0.000000
0.000000 0.000000 0.000000 0.000000 0.000000 0.000000 0.000000 0.000000 0.000000 0.000000 0.000000 0.000000 0.000000 0.000000 0.000000 0.000000 0.000000 0.000000 0.000000 0.000000 0.000000