geotop/1.0zi/1.0Montebello/Templates/testdem/maps/_Eocclay2938.asc
ncols         21
nrows         20
xllcorner     100.000000
yllcorner     100.000000
cellsize      50.000000
NODATA_value  -9999.0
0.000000 0.000000 0.000000 0.000000 0.000000 0.000000 0.000000 0.000000 0.000000 0.000000 0.000000 0.000000 0.000000 0.000000 0.000000 0.000000 0.000000 0.000000 0.000000 0.000000 0.000000
0.000000 0.000000 0.349837 0.349837 0.349837 0.349836 0.349837 0.349837 0.349837 0.349837 0.349836 0.349837 0.349837 0.349837 0.349837 0.349836 0.349837 0.349837 0.349837 0.000000 0.000000
0.000000 0.000000 0.349993 0.349993 0.349993 0.349993 0.349993 0.349993 0.349993 0.349993 0.349994 0.349993 0.349993 0.349993 0.349993 0.349993 0.349993 0.349993 0.349993 0.000000 0.000000
0.000000 0.000000 0.351029 0.351029 0.351027 0.351028 0.351029 0.351029 0.351029 0.351029 0.351029 0.351029 0.351029 0.351029 0.351029 0.351028 0.351027 0.351029 0.351029 0.000000 0.000000
0.000000 0.000000 0.355503 0.355502 0.355500 0.355500 0.355504 0.355502 0.355503 0.355504 0.355504 0.355504 0.355503 0.355502 0.355504 0.355500 0.355500 0.355502 0.355503 0.000000 0.000000
0.000000 0.000000 0.360550 0.360550 0.360548 0.360548 0.360551 0.360550 0.360550 0.360551 0.360551 0.360551 0.360550 0.360550 0.360551 0.360548 0.360548 0.360550 0.360550 0.000000 0.000000
0.000000 0.000000 0.365296 0.365296 0.365294 0.365295 0.365297 0.365296 0.365296 0.365297 0.365297 0.365297 0.365296 0.365296 0.365297 0.365295 0.365294 0.365296 0.365296 0.000000 0.000000
0.000000 0.000000 0.369625 0.369624 0.369623 0.369623 0.369625 0.369625 0.369625 0.369625 0.369626 0.369625 0.369625 0.369625 0.369625 0.369623 0.369623 0.369624 0.369625 0.000000 0.000000
0.000000 0.000000 0.373637 0.373637 0.373636 0.373636 0.373638 0.373637 0.373637 0.373638 0.373638 0.373638 0.373637 0.373637 0.373638 0.373636 0.373636 0.373637 0.373637 0.000000 0.000000
0.000000 0.000000 0.377429 0.377429 0.377428 0.377428 0.377430 0.377429 0.377429 0.377430 0.377430 0.377430 0.377429 0.377429 0.377430 0.377428 0.377428 0.377429 0.377429 0.000000 0.000000
0.000000 0.000000 0.381046 0.381045 0.381044 0.381045 0.381046 0.381045 0.381045 0.381046 0.381046 0.381046 0.381045 0.381045 0.381046 0.381045 0.381044 0.381045 0.381046 0.000000 0.000000
0.000000 0.000000 0.384520 0.384520 0.384519 0.384519 0.384520 0.384520 0.384520 0.384521 0.384521 0.384521 0.384520 0.384520 0.384520 0.384519 0.384519 0.384520 0.384520 0.000000 0.000000
0.000000 0.000000 0.387880 0.387879 0.387878 0.387879 0.387880 0.387879 0.387879 0.387880 0.387880 0.387880 0.387879 0.387879 0.387880 0.387879 0.387878 0.387879 0.387880 0.000000 0.000000
0.000000 0.000000 0.391148 0.391148 0.391147 0.391147 0.391149 0.391148 0.391148 0.391149 0.391149 0.391149 0.391148 0.391148 0.391149 0.391147 0.391147 0.391148 0.391148 0.000000 0.000000
0.000000 0.000000 0.394334 0.394334 0.394333 0.394333 0.394334 0.394334 0.394334 0.394335 0.394335 0.394335 0.394334 0.394334 0.394334 0.394333 0.394333 0.394334 0.394334 0.000000 0.000000
0.000000 0.000000 0.397443 0.397442 0.397441 0.397442 0.397443 0.397442 0.397442 0.397443 0.397443 0.397443 0.397442 0.397442 0.397443 0.397442 0.397441 0.397442 0.397443 0.000000 0.000000
0.000000 0.000000 0.400480 0.400480 0.400479 0.400479 0.400480 0.400480 0.400480 0.400480 0.400481 0.400480 0.400480 0.400480 0.400480 0.400479 0.400479 0.400480 0.400480 0.000000 0.000000
0.000000 0.000000 0.403505 0.403506 0.403504 0.403505 0.403506 0.403506 0.403506 0.403506 0.403506 0.403506 0.403506 0.403506 0.403506 0.403505 0.403504 0.403506 0.403506 0.000000 0.000000
0.000000 0.000000 0.350000 0.350000 0.350000 0.350000 0.350000 0.350000 0.350000 0.350000 0.350000 0.350000 0.350000 0.350000 0.350000 0.350000 0.350000 0.350000 0.350000 0.000000 0.000000
0.000000 0.000000 0.000000 0.000000 0.000000 0.000000 0.000000 0.000000 0.000000 0.000000 0.000000 0.000000 0.000000 0.000000 0.000000 0.000000 0.000000 0.000000 0.000000 0.000000 0.000000