geotop/1.0zi/1.0Montebello/Templates/testdem/maps/_Eocsand6198.asc
ncols         21
nrows         20
xllcorner     100.000000
yllcorner     100.000000
cellsize      50.000000
NODATA_value  -9999.0
0.000000 0.000000 0.000000 0.000000 0.000000 0.000000 0.000000 0.000000 0.000000 0.000000 0.000000 0.000000 0.000000 0.000000 0.000000 0.000000 0.000000 0.000000 0.000000 0.000000 0.000000
0.000000 0.000000 0.300152 0.300151 0.300151 0.300152 0.300151 0.300150 0.300151 0.300151 0.300152 0.300151 0.300151 0.300151 0.300151 0.300151 0.300152 0.300152 0.300151 0.000000 0.000000
0.000000 0.000000 0.300009 0.300008 0.300008 0.300007 0.300008 0.300008 0.300008 0.300008 0.300008 0.300008 0.300007 0.300008 0.300008 0.300008 0.300009 0.300009 0.300010 0.000000 0.000000
0.000000 0.000000 0.299971 0.299969 0.299972 0.299977 0.299974 0.299976 0.299972 0.299975 0.299972 0.299975 0.299974 0.299975 0.299973 0.299968 0.299969 0.299965 0.299967 0.000000 0.000000
0.000000 0.000000 0.298944 0.298941 0.298944 0.298950 0.298965 0.298973 0.298974 0.298974 0.298978 0.298978 0.298980 0.298978 0.298966 0.298964 0.298960 0.298949 0.298939 0.000000 0.000000
0.000000 0.000000 0.295643 0.295640 0.295652 0.295688 0.295705 0.295740 0.295741 0.295750 0.295743 0.295739 0.295735 0.295738 0.295728 0.295707 0.295690 0.295675 0.295665 0.000000 0.000000
0.000000 0.000000 0.290611 0.290616 0.290627 0.290664 0.290707 0.290760 0.290759 0.290766 0.290763 0.290761 0.290764 0.290761 0.290721 0.290678 0.290658 0.290639 0.290624 0.000000 0.000000
0.000000 0.000000 0.284483 0.284483 0.284488 0.284528 0.284571 0.284629 0.284628 0.284635 0.284635 0.284636 0.284639 0.284631 0.284585 0.284544 0.284512 0.284503 0.284482 0.000000 0.000000
0.000000 0.000000 0.278110 0.278119 0.278136 0.278160 0.278203 0.278264 0.278262 0.278273 0.278278 0.278276 0.278276 0.278279 0.278222 0.278177 0.278147 0.278137 0.278119 0.000000 0.000000
0.000000 0.000000 0.271639 0.271650 0.271658 0.271676 0.271737 0.271793 0.271789 0.271796 0.271805 0.271797 0.271790 0.271796 0.271749 0.271697 0.271666 0.271660 0.271647 0.000000 0.000000
0.000000 0.000000 0.264916 0.264923 0.264927 0.264973 0.265014 0.265075 0.265063 0.265092 0.265092 0.265090 0.265098 0.265081 0.265042 0.265008 0.264974 0.264955 0.264927 0.000000 0.000000
0.000000 0.000000 0.257803 0.257819 0.257839 0.257871 0.257908 0.257982 0.257980 0.257997 0.257980 0.257998 0.257995 0.257988 0.257920 0.257887 0.257863 0.257852 0.257782 0.000000 0.000000
0.000000 0.000000 0.250444 0.250458 0.250466 0.250503 0.250538 0.250692 0.250693 0.250706 0.250739 0.250722 0.250710 0.250698 0.250583 0.250551 0.250496 0.250490 0.250441 0.000000 0.000000
0.000000 0.000000 0.242376 0.242386 0.242409 0.242433 0.242587 0.242621 0.242657 0.242658 0.242668 0.242665 0.242664 0.242669 0.242650 0.242494 0.242448 0.242409 0.242359 0.000000 0.000000
0.000000 0.000000 0.233408 0.233421 0.233456 0.233622 0.233665 0.233757 0.233815 0.233825 0.233855 0.233873 0.233855 0.233866 0.233792 0.233724 0.233492 0.233512 0.233482 0.000000 0.000000
0.000000 0.000000 0.223837 0.223849 0.224070 0.224098 0.224108 0.224163 0.224115 0.224141 0.224120 0.224143 0.224170 0.224124 0.224088 0.224068 0.224102 0.223817 0.223810 0.000000 0.000000
0.000000 0.000000 0.212713 0.213022 0.213107 0.213195 0.213341 0.213411 0.213444 0.213445 0.213515 0.213522 0.213490 0.213505 0.213420 0.213308 0.213127 0.213092 0.212776 0.000000 0.000000
0.000000 0.000000 0.204930 0.204877 0.204595 0.204662 0.204759 0.205041 0.205045 0.205110 0.205059 0.205076 0.205060 0.205049 0.204790 0.204717 0.204548 0.204836 0.204869 0.000000 0.000000
0.000000 0.000000 0.300000 0.300000 0.300000 0.300000 0.300000 0.300000 0.300000 0.300000 0.300000 0.300000 0.300000 0.300000 0.300000 0.300000 0.300000 0.300000 0.300000 0.000000 0.000000
0.000000 0.000000 0.000000 0.000000 0.000000 0.000000 0.000000 0.000000 0.000000 0.000000 0.000000 0.000000 0.000000 0.000000 0.000000 0.000000 0.000000 0.000000 0.000000 0.000000 0.000000