geotop/1.0zi/1.0Montebello/Templates/testdem/maps/_Eocclay5235.asc
ncols         21
nrows         20
xllcorner     100.000000
yllcorner     100.000000
cellsize      50.000000
NODATA_value  -9999.0
0.000000 0.000000 0.000000 0.000000 0.000000 0.000000 0.000000 0.000000 0.000000 0.000000 0.000000 0.000000 0.000000 0.000000 0.000000 0.000000 0.000000 0.000000 0.000000 0.000000 0.000000
0.000000 0.000000 0.349766 0.349766 0.349766 0.349766 0.349767 0.349767 0.349766 0.349766 0.349766 0.349766 0.349766 0.349766 0.349766 0.349766 0.349766 0.349766 0.349766 0.000000 0.000000
0.000000 0.000000 0.349990 0.349991 0.349991 0.349991 0.349990 0.349990 0.349990 0.349990 0.349990 0.349990 0.349990 0.349991 0.349991 0.349991 0.349990 0.349990 0.349990 0.000000 0.000000
0.000000 0.000000 0.349989 0.349991 0.349989 0.349989 0.349991 0.349991 0.349991 0.349990 0.349991 0.349990 0.349990 0.349989 0.349991 0.349993 0.349991 0.349992 0.349991 0.000000 0.000000
0.000000 0.000000 0.350390 0.350390 0.350390 0.350386 0.350375 0.350372 0.350373 0.350376 0.350373 0.350375 0.350369 0.350369 0.350374 0.350372 0.350377 0.350379 0.350381 0.000000 0.000000
0.000000 0.000000 0.351831 0.351833 0.351828 0.351811 0.351806 0.351791 0.351790 0.351787 0.351790 0.351790 0.351794 0.351794 0.351796 0.351807 0.351812 0.351823 0.351828 0.000000 0.000000
0.000000 0.000000 0.353923 0.353921 0.353920 0.353904 0.353887 0.353862 0.353862 0.353859 0.353861 0.353863 0.353864 0.353862 0.353879 0.353898 0.353907 0.353915 0.353921 0.000000 0.000000
0.000000 0.000000 0.356448 0.356448 0.356447 0.356429 0.356411 0.356385 0.356386 0.356383 0.356384 0.356384 0.356382 0.356387 0.356405 0.356420 0.356434 0.356439 0.356448 0.000000 0.000000
0.000000 0.000000 0.359002 0.359000 0.358995 0.358985 0.358967 0.358942 0.358944 0.358939 0.358937 0.358939 0.358939 0.358937 0.358959 0.358977 0.358989 0.358992 0.358999 0.000000 0.000000
0.000000 0.000000 0.361578 0.361573 0.361573 0.361565 0.361539 0.361517 0.361519 0.361516 0.361512 0.361517 0.361520 0.361517 0.361535 0.361556 0.361569 0.361571 0.361576 0.000000 0.000000
0.000000 0.000000 0.364233 0.364230 0.364230 0.364213 0.364195 0.364170 0.364175 0.364163 0.364163 0.364165 0.364162 0.364169 0.364183 0.364196 0.364210 0.364218 0.364229 0.000000 0.000000
0.000000 0.000000 0.366997 0.366991 0.366985 0.366971 0.366957 0.366927 0.366928 0.366921 0.366929 0.366922 0.366922 0.366925 0.366951 0.366962 0.366972 0.366976 0.367006 0.000000 0.000000
0.000000 0.000000 0.369815 0.369809 0.369807 0.369792 0.369780 0.369721 0.369721 0.369716 0.369703 0.369711 0.369716 0.369721 0.369762 0.369773 0.369795 0.369797 0.369818 0.000000 0.000000
0.000000 0.000000 0.372843 0.372839 0.372832 0.372823 0.372768 0.372752 0.372739 0.372738 0.372733 0.372736 0.372737 0.372736 0.372742 0.372796 0.372815 0.372830 0.372851 0.000000 0.000000
0.000000 0.000000 0.376147 0.376143 0.376130 0.376075 0.376057 0.376025 0.376000 0.375997 0.375986 0.375981 0.375988 0.375983 0.376006 0.376034 0.376116 0.376110 0.376124 0.000000 0.000000
0.000000 0.000000 0.379611 0.379606 0.379537 0.379520 0.379516 0.379494 0.379506 0.379498 0.379503 0.379494 0.379487 0.379501 0.379513 0.379521 0.379523 0.379612 0.379615 0.000000 0.000000
0.000000 0.000000 0.383517 0.383424 0.383384 0.383355 0.383312 0.383289 0.383284 0.383281 0.383262 0.383258 0.383265 0.383264 0.383288 0.383322 0.383375 0.383406 0.383499 0.000000 0.000000
0.000000 0.000000 0.386475 0.386467 0.386547 0.386521 0.386487 0.386400 0.386397 0.386377 0.386387 0.386382 0.386389 0.386391 0.386472 0.386493 0.386559 0.386475 0.386489 0.000000 0.000000
0.000000 0.000000 0.350000 0.350000 0.350000 0.350000 0.350000 0.350000 0.350000 0.350000 0.350000 0.350000 0.350000 0.350000 0.350000 0.350000 0.350000 0.350000 0.350000 0.000000 0.000000
0.000000 0.000000 0.000000 0.000000 0.000000 0.000000 0.000000 0.000000 0.000000 0.000000 0.000000 0.000000 0.000000 0.000000 0.000000 0.000000 0.000000 0.000000 0.000000 0.000000 0.000000