geotop/1.0zi/1.0Montebello/Templates/testdem/maps/_Eocsilt6490.asc
ncols         21
nrows         20
xllcorner     100.000000
yllcorner     100.000000
cellsize      50.000000
NODATA_value  -9999.0
0.000000 0.000000 0.000000 0.000000 0.000000 0.000000 0.000000 0.000000 0.000000 0.000000 0.000000 0.000000 0.000000 0.000000 0.000000 0.000000 0.000000 0.000000 0.000000 0.000000 0.000000
0.000000 0.000000 0.350130 0.350131 0.350131 0.350131 0.350131 0.350131 0.350131 0.350131 0.350131 0.350131 0.350131 0.350131 0.350131 0.350131 0.350131 0.350131 0.350131 0.000000 0.000000
0.000000 0.000000 0.350003 0.350002 0.350002 0.350002 0.350003 0.350003 0.350003 0.350003 0.350003 0.350003 0.350003 0.350004 0.350003 0.350002 0.350001 0.350001 0.350002 0.000000 0.000000
0.000000 0.000000 0.350054 0.350051 0.350050 0.350044 0.350045 0.350043 0.350045 0.350046 0.350044 0.350044 0.350044 0.350044 0.350047 0.350050 0.350052 0.350053 0.350053 0.000000 0.000000
0.000000 0.000000 0.350627 0.350633 0.350630 0.350625 0.350621 0.350615 0.350614 0.350612 0.350610 0.350612 0.350614 0.350614 0.350620 0.350624 0.350624 0.350633 0.350637 0.000000 0.000000
0.000000 0.000000 0.352363 0.352367 0.352360 0.352344 0.352331 0.352314 0.352313 0.352308 0.352312 0.352314 0.352315 0.352312 0.352319 0.352327 0.352337 0.352342 0.352347 0.000000 0.000000
0.000000 0.000000 0.354998 0.354996 0.354988 0.354967 0.354942 0.354917 0.354918 0.354915 0.354916 0.354915 0.354913 0.354917 0.354936 0.354957 0.354971 0.354982 0.354989 0.000000 0.000000
0.000000 0.000000 0.358214 0.358215 0.358212 0.358191 0.358167 0.358138 0.358139 0.358136 0.358135 0.358133 0.358133 0.358136 0.358159 0.358181 0.358201 0.358204 0.358215 0.000000 0.000000
0.000000 0.000000 0.361603 0.361598 0.361587 0.361574 0.361550 0.361517 0.361519 0.361512 0.361510 0.361509 0.361511 0.361509 0.361539 0.361563 0.361581 0.361588 0.361598 0.000000 0.000000
0.000000 0.000000 0.365048 0.365043 0.365038 0.365027 0.364993 0.364965 0.364966 0.364962 0.364958 0.364960 0.364966 0.364962 0.364986 0.365014 0.365033 0.365036 0.365043 0.000000 0.000000
0.000000 0.000000 0.368623 0.368620 0.368616 0.368591 0.368568 0.368537 0.368544 0.368528 0.368528 0.368528 0.368525 0.368534 0.368553 0.368571 0.368592 0.368602 0.368617 0.000000 0.000000
0.000000 0.000000 0.372427 0.372421 0.372409 0.372391 0.372369 0.372330 0.372330 0.372323 0.372331 0.372320 0.372323 0.372327 0.372362 0.372380 0.372396 0.372402 0.372439 0.000000 0.000000
0.000000 0.000000 0.376379 0.376370 0.376365 0.376344 0.376325 0.376241 0.376241 0.376234 0.376215 0.376224 0.376231 0.376238 0.376299 0.376316 0.376349 0.376352 0.376377 0.000000 0.000000
0.000000 0.000000 0.380734 0.380729 0.380716 0.380700 0.380614 0.380598 0.380579 0.380578 0.380573 0.380574 0.380574 0.380571 0.380579 0.380667 0.380694 0.380715 0.380742 0.000000 0.000000
0.000000 0.000000 0.385607 0.385603 0.385582 0.385487 0.385463 0.385413 0.385383 0.385377 0.385360 0.385346 0.385361 0.385355 0.385395 0.385429 0.385562 0.385550 0.385565 0.000000 0.000000
0.000000 0.000000 0.390836 0.390830 0.390702 0.390690 0.390682 0.390653 0.390683 0.390667 0.390681 0.390667 0.390652 0.390681 0.390698 0.390708 0.390685 0.390850 0.390852 0.000000 0.000000
0.000000 0.000000 0.396974 0.396795 0.396754 0.396700 0.396610 0.396573 0.396551 0.396553 0.396509 0.396507 0.396528 0.396516 0.396561 0.396629 0.396741 0.396750 0.396936 0.000000 0.000000
0.000000 0.000000 0.401107 0.401155 0.401321 0.401283 0.401233 0.401068 0.401068 0.401029 0.401064 0.401052 0.401061 0.401069 0.401219 0.401255 0.401348 0.401183 0.401145 0.000000 0.000000
0.000000 0.000000 0.350000 0.350000 0.350000 0.350000 0.350000 0.350000 0.350000 0.350000 0.350000 0.350000 0.350000 0.350000 0.350000 0.350000 0.350000 0.350000 0.350000 0.000000 0.000000
0.000000 0.000000 0.000000 0.000000 0.000000 0.000000 0.000000 0.000000 0.000000 0.000000 0.000000 0.000000 0.000000 0.000000 0.000000 0.000000 0.000000 0.000000 0.000000 0.000000 0.000000