geotop/1.0zi/1.0Montebello/Templates/testdem/maps/_Eocsand3952.asc
ncols         21
nrows         20
xllcorner     100.000000
yllcorner     100.000000
cellsize      50.000000
NODATA_value  -9999.0
0.000000 0.000000 0.000000 0.000000 0.000000 0.000000 0.000000 0.000000 0.000000 0.000000 0.000000 0.000000 0.000000 0.000000 0.000000 0.000000 0.000000 0.000000 0.000000 0.000000 0.000000
0.000000 0.000000 0.300100 0.300099 0.300099 0.300099 0.300099 0.300099 0.300099 0.300099 0.300099 0.300099 0.300099 0.300099 0.300099 0.300099 0.300099 0.300099 0.300100 0.000000 0.000000
0.000000 0.000000 0.300005 0.300004 0.300004 0.300004 0.300004 0.300003 0.300003 0.300003 0.300004 0.300004 0.300003 0.300003 0.300004 0.300004 0.300006 0.300006 0.300005 0.000000 0.000000
0.000000 0.000000 0.299974 0.299973 0.299975 0.299979 0.299976 0.299979 0.299976 0.299977 0.299977 0.299978 0.299978 0.299980 0.299976 0.299973 0.299973 0.299971 0.299973 0.000000 0.000000
0.000000 0.000000 0.299290 0.299285 0.299289 0.299289 0.299298 0.299304 0.299305 0.299308 0.299307 0.299306 0.299306 0.299305 0.299298 0.299299 0.299299 0.299295 0.299290 0.000000 0.000000
0.000000 0.000000 0.297108 0.297105 0.297114 0.297128 0.297139 0.297161 0.297161 0.297171 0.297163 0.297161 0.297158 0.297155 0.297152 0.297140 0.297134 0.297130 0.297125 0.000000 0.000000
0.000000 0.000000 0.293887 0.293888 0.293896 0.293922 0.293952 0.293988 0.293987 0.293994 0.293987 0.293989 0.293987 0.293980 0.293948 0.293919 0.293910 0.293905 0.293896 0.000000 0.000000
0.000000 0.000000 0.290197 0.290199 0.290210 0.290241 0.290274 0.290311 0.290308 0.290315 0.290313 0.290314 0.290315 0.290308 0.290267 0.290237 0.290222 0.290219 0.290209 0.000000 0.000000
0.000000 0.000000 0.286500 0.286506 0.286521 0.286545 0.286577 0.286620 0.286618 0.286626 0.286624 0.286623 0.286623 0.286614 0.286576 0.286542 0.286530 0.286526 0.286512 0.000000 0.000000
0.000000 0.000000 0.282832 0.282838 0.282850 0.282875 0.282914 0.282953 0.282948 0.282954 0.282953 0.282952 0.282953 0.282947 0.282905 0.282871 0.282859 0.282856 0.282845 0.000000 0.000000
0.000000 0.000000 0.279135 0.279141 0.279154 0.279174 0.279204 0.279250 0.279247 0.279257 0.279255 0.279253 0.279253 0.279247 0.279210 0.279185 0.279169 0.279164 0.279152 0.000000 0.000000
0.000000 0.000000 0.275332 0.275338 0.275353 0.275382 0.275414 0.275459 0.275460 0.275467 0.275465 0.275466 0.275463 0.275458 0.275412 0.275382 0.275368 0.275364 0.275321 0.000000 0.000000
0.000000 0.000000 0.271501 0.271508 0.271524 0.271547 0.271585 0.271669 0.271669 0.271677 0.271676 0.271675 0.271676 0.271667 0.271591 0.271555 0.271542 0.271537 0.271510 0.000000 0.000000
0.000000 0.000000 0.267476 0.267488 0.267502 0.267526 0.267612 0.267639 0.267652 0.267659 0.267657 0.267657 0.267657 0.267650 0.267618 0.267538 0.267524 0.267509 0.267494 0.000000 0.000000
0.000000 0.000000 0.263166 0.263176 0.263206 0.263277 0.263324 0.263377 0.263404 0.263414 0.263423 0.263425 0.263417 0.263418 0.263372 0.263313 0.263232 0.263237 0.263225 0.000000 0.000000
0.000000 0.000000 0.258749 0.258760 0.258847 0.258868 0.258900 0.258932 0.258938 0.258941 0.258937 0.258939 0.258945 0.258923 0.258902 0.258874 0.258873 0.258791 0.258769 0.000000 0.000000
0.000000 0.000000 0.253886 0.253986 0.254067 0.254102 0.254165 0.254199 0.254208 0.254213 0.254223 0.254223 0.254217 0.254217 0.254189 0.254123 0.254087 0.254041 0.253940 0.000000 0.000000
0.000000 0.000000 0.250028 0.250058 0.250006 0.250051 0.250111 0.250216 0.250228 0.250239 0.250235 0.250236 0.250237 0.250223 0.250126 0.250066 0.250005 0.250096 0.250047 0.000000 0.000000
0.000000 0.000000 0.300000 0.300000 0.300000 0.300000 0.300000 0.300000 0.300000 0.300000 0.300000 0.300000 0.300000 0.300000 0.300000 0.300000 0.300000 0.300000 0.300000 0.000000 0.000000
0.000000 0.000000 0.000000 0.000000 0.000000 0.000000 0.000000 0.000000 0.000000 0.000000 0.000000 0.000000 0.000000 0.000000 0.000000 0.000000 0.000000 0.000000 0.000000 0.000000 0.000000