geotop/1.0zi/1.0Montebello/Templates/testdem/maps/_Eocsand2267.asc
ncols         21
nrows         20
xllcorner     100.000000
yllcorner     100.000000
cellsize      50.000000
NODATA_value  -9999.0
0.000000 0.000000 0.000000 0.000000 0.000000 0.000000 0.000000 0.000000 0.000000 0.000000 0.000000 0.000000 0.000000 0.000000 0.000000 0.000000 0.000000 0.000000 0.000000 0.000000 0.000000
0.000000 0.000000 0.300069 0.300069 0.300068 0.300069 0.300068 0.300069 0.300069 0.300069 0.300069 0.300069 0.300069 0.300069 0.300068 0.300069 0.300068 0.300069 0.300069 0.000000 0.000000
0.000000 0.000000 0.300011 0.300011 0.300011 0.300011 0.300011 0.300011 0.300011 0.300011 0.300011 0.300011 0.300011 0.300011 0.300011 0.300011 0.300011 0.300011 0.300011 0.000000 0.000000
0.000000 0.000000 0.298571 0.298572 0.298576 0.298574 0.298570 0.298571 0.298571 0.298571 0.298571 0.298571 0.298571 0.298571 0.298570 0.298574 0.298576 0.298572 0.298571 0.000000 0.000000
0.000000 0.000000 0.292459 0.292460 0.292464 0.292463 0.292457 0.292459 0.292459 0.292456 0.292456 0.292456 0.292459 0.292459 0.292457 0.292463 0.292464 0.292460 0.292459 0.000000 0.000000
0.000000 0.000000 0.284886 0.284887 0.284890 0.284890 0.284885 0.284887 0.284887 0.284885 0.284884 0.284885 0.284887 0.284887 0.284885 0.284890 0.284890 0.284887 0.284886 0.000000 0.000000
0.000000 0.000000 0.277826 0.277827 0.277830 0.277829 0.277825 0.277827 0.277827 0.277825 0.277825 0.277825 0.277827 0.277827 0.277825 0.277829 0.277830 0.277827 0.277826 0.000000 0.000000
0.000000 0.000000 0.271357 0.271357 0.271360 0.271359 0.271356 0.271357 0.271357 0.271356 0.271355 0.271356 0.271357 0.271357 0.271356 0.271359 0.271360 0.271357 0.271357 0.000000 0.000000
0.000000 0.000000 0.265316 0.265317 0.265319 0.265319 0.265315 0.265317 0.265316 0.265315 0.265315 0.265315 0.265316 0.265317 0.265315 0.265319 0.265319 0.265317 0.265316 0.000000 0.000000
0.000000 0.000000 0.259560 0.259560 0.259563 0.259562 0.259559 0.259560 0.259560 0.259559 0.259558 0.259559 0.259560 0.259560 0.259559 0.259562 0.259563 0.259560 0.259560 0.000000 0.000000
0.000000 0.000000 0.254021 0.254022 0.254024 0.254024 0.254021 0.254022 0.254022 0.254021 0.254020 0.254021 0.254022 0.254022 0.254021 0.254024 0.254024 0.254022 0.254021 0.000000 0.000000
0.000000 0.000000 0.248654 0.248654 0.248657 0.248656 0.248653 0.248654 0.248654 0.248653 0.248653 0.248653 0.248654 0.248654 0.248653 0.248656 0.248657 0.248654 0.248654 0.000000 0.000000
0.000000 0.000000 0.243419 0.243419 0.243422 0.243421 0.243418 0.243419 0.243419 0.243418 0.243418 0.243418 0.243419 0.243419 0.243418 0.243421 0.243422 0.243419 0.243419 0.000000 0.000000
0.000000 0.000000 0.238302 0.238302 0.238304 0.238304 0.238301 0.238302 0.238302 0.238301 0.238300 0.238301 0.238302 0.238302 0.238301 0.238304 0.238304 0.238302 0.238302 0.000000 0.000000
0.000000 0.000000 0.233279 0.233279 0.233282 0.233281 0.233278 0.233279 0.233279 0.233278 0.233278 0.233278 0.233279 0.233279 0.233278 0.233281 0.233282 0.233279 0.233279 0.000000 0.000000
0.000000 0.000000 0.228344 0.228344 0.228347 0.228346 0.228343 0.228344 0.228344 0.228343 0.228343 0.228343 0.228344 0.228344 0.228343 0.228346 0.228347 0.228344 0.228344 0.000000 0.000000
0.000000 0.000000 0.223491 0.223492 0.223494 0.223493 0.223491 0.223492 0.223491 0.223490 0.223490 0.223490 0.223491 0.223492 0.223491 0.223493 0.223494 0.223492 0.223491 0.000000 0.000000
0.000000 0.000000 0.218649 0.218648 0.218651 0.218650 0.218647 0.218648 0.218648 0.218647 0.218647 0.218647 0.218648 0.218648 0.218647 0.218650 0.218651 0.218648 0.218648 0.000000 0.000000
0.000000 0.000000 0.300000 0.300000 0.300000 0.300000 0.300000 0.300000 0.300000 0.300000 0.300000 0.300000 0.300000 0.300000 0.300000 0.300000 0.300000 0.300000 0.300000 0.000000 0.000000
0.000000 0.000000 0.000000 0.000000 0.000000 0.000000 0.000000 0.000000 0.000000 0.000000 0.000000 0.000000 0.000000 0.000000 0.000000 0.000000 0.000000 0.000000 0.000000 0.000000 0.000000