geotop/1.0zi/1.0Montebello/Templates/testdem/maps/_Eocclay7400.asc
ncols         21
nrows         20
xllcorner     100.000000
yllcorner     100.000000
cellsize      50.000000
NODATA_value  -9999.0
0.000000 0.000000 0.000000 0.000000 0.000000 0.000000 0.000000 0.000000 0.000000 0.000000 0.000000 0.000000 0.000000 0.000000 0.000000 0.000000 0.000000 0.000000 0.000000 0.000000 0.000000
0.000000 0.000000 0.349660 0.349662 0.349662 0.349661 0.349662 0.349662 0.349662 0.349662 0.349660 0.349662 0.349662 0.349661 0.349662 0.349662 0.349660 0.349660 0.349661 0.000000 0.000000
0.000000 0.000000 0.349986 0.349985 0.349986 0.349987 0.349986 0.349985 0.349986 0.349986 0.349985 0.349985 0.349986 0.349985 0.349986 0.349986 0.349987 0.349986 0.349984 0.000000 0.000000
0.000000 0.000000 0.350010 0.350015 0.350011 0.350011 0.350013 0.350010 0.350012 0.350010 0.350013 0.350011 0.350011 0.350009 0.350011 0.350013 0.350012 0.350015 0.350014 0.000000 0.000000
0.000000 0.000000 0.350938 0.350935 0.350931 0.350926 0.350911 0.350909 0.350906 0.350909 0.350906 0.350906 0.350902 0.350906 0.350916 0.350917 0.350925 0.350926 0.350933 0.000000 0.000000
0.000000 0.000000 0.353423 0.353422 0.353411 0.353384 0.353372 0.353349 0.353350 0.353344 0.353347 0.353347 0.353349 0.353350 0.353360 0.353379 0.353392 0.353406 0.353412 0.000000 0.000000
0.000000 0.000000 0.356871 0.356867 0.356859 0.356837 0.356809 0.356773 0.356772 0.356767 0.356768 0.356769 0.356769 0.356770 0.356800 0.356828 0.356843 0.356855 0.356863 0.000000 0.000000
0.000000 0.000000 0.360979 0.360977 0.360970 0.360942 0.360915 0.360877 0.360876 0.360873 0.360872 0.360869 0.360867 0.360875 0.360907 0.360931 0.360955 0.360964 0.360975 0.000000 0.000000
0.000000 0.000000 0.365281 0.365275 0.365262 0.365246 0.365217 0.365178 0.365180 0.365172 0.365169 0.365167 0.365168 0.365167 0.365205 0.365237 0.365255 0.365263 0.365273 0.000000 0.000000
0.000000 0.000000 0.369778 0.369769 0.369764 0.369747 0.369705 0.369670 0.369670 0.369666 0.369660 0.369663 0.369668 0.369666 0.369698 0.369734 0.369756 0.369763 0.369770 0.000000 0.000000
0.000000 0.000000 0.374604 0.374598 0.374591 0.374557 0.374527 0.374486 0.374495 0.374473 0.374475 0.374475 0.374467 0.374482 0.374510 0.374533 0.374560 0.374575 0.374593 0.000000 0.000000
0.000000 0.000000 0.379866 0.379853 0.379837 0.379814 0.379782 0.379732 0.379730 0.379723 0.379734 0.379716 0.379720 0.379724 0.379775 0.379801 0.379820 0.379831 0.379877 0.000000 0.000000
0.000000 0.000000 0.385468 0.385454 0.385447 0.385416 0.385388 0.385266 0.385264 0.385257 0.385225 0.385240 0.385248 0.385259 0.385354 0.385380 0.385427 0.385432 0.385458 0.000000 0.000000
0.000000 0.000000 0.391878 0.391873 0.391849 0.391827 0.391683 0.391680 0.391649 0.391649 0.391652 0.391646 0.391643 0.391639 0.391636 0.391785 0.391816 0.391855 0.391888 0.000000 0.000000
0.000000 0.000000 0.399292 0.399280 0.399248 0.399076 0.399069 0.398985 0.398939 0.398930 0.398900 0.398879 0.398897 0.398892 0.398973 0.398993 0.399224 0.399196 0.399207 0.000000 0.000000
0.000000 0.000000 0.407408 0.407395 0.407151 0.407184 0.407170 0.407132 0.407213 0.407183 0.407223 0.407200 0.407164 0.407224 0.407244 0.407257 0.407128 0.407466 0.407462 0.000000 0.000000
0.000000 0.000000 0.417447 0.417063 0.417080 0.416953 0.416760 0.416701 0.416621 0.416638 0.416534 0.416538 0.416593 0.416545 0.416641 0.416784 0.417065 0.416947 0.417342 0.000000 0.000000
0.000000 0.000000 0.422523 0.422807 0.423169 0.423140 0.423113 0.422774 0.422805 0.422715 0.422840 0.422811 0.422803 0.422842 0.423137 0.423156 0.423234 0.422916 0.422645 0.000000 0.000000
0.000000 0.000000 0.350000 0.350000 0.350000 0.350000 0.350000 0.350000 0.350000 0.350000 0.350000 0.350000 0.350000 0.350000 0.350000 0.350000 0.350000 0.350000 0.350000 0.000000 0.000000
0.000000 0.000000 0.000000 0.000000 0.000000 0.000000 0.000000 0.000000 0.000000 0.000000 0.000000 0.000000 0.000000 0.000000 0.000000 0.000000 0.000000 0.000000 0.000000 0.000000 0.000000