geotop/1.0zi/1.0Montebello/Templates/testdem/maps/_Eocsand2938.asc
ncols         21
nrows         20
xllcorner     100.000000
yllcorner     100.000000
cellsize      50.000000
NODATA_value  -9999.0
0.000000 0.000000 0.000000 0.000000 0.000000 0.000000 0.000000 0.000000 0.000000 0.000000 0.000000 0.000000 0.000000 0.000000 0.000000 0.000000 0.000000 0.000000 0.000000 0.000000 0.000000
0.000000 0.000000 0.300089 0.300089 0.300088 0.300089 0.300088 0.300089 0.300089 0.300088 0.300090 0.300088 0.300089 0.300089 0.300088 0.300089 0.300088 0.300089 0.300089 0.000000 0.000000
0.000000 0.000000 0.300010 0.300010 0.300010 0.300010 0.300010 0.300010 0.300010 0.300010 0.300009 0.300010 0.300010 0.300010 0.300010 0.300010 0.300010 0.300010 0.300010 0.000000 0.000000
0.000000 0.000000 0.297888 0.297889 0.297894 0.297891 0.297888 0.297888 0.297889 0.297888 0.297888 0.297888 0.297889 0.297888 0.297888 0.297891 0.297894 0.297889 0.297888 0.000000 0.000000
0.000000 0.000000 0.289320 0.289321 0.289325 0.289324 0.289318 0.289320 0.289320 0.289317 0.289317 0.289317 0.289320 0.289320 0.289318 0.289324 0.289325 0.289321 0.289320 0.000000 0.000000
0.000000 0.000000 0.279134 0.279135 0.279138 0.279137 0.279133 0.279134 0.279134 0.279132 0.279131 0.279132 0.279134 0.279134 0.279133 0.279137 0.279138 0.279135 0.279134 0.000000 0.000000
0.000000 0.000000 0.269717 0.269718 0.269721 0.269720 0.269716 0.269718 0.269718 0.269716 0.269715 0.269716 0.269718 0.269718 0.269716 0.269720 0.269721 0.269718 0.269717 0.000000 0.000000
0.000000 0.000000 0.261156 0.261157 0.261160 0.261159 0.261156 0.261157 0.261157 0.261155 0.261154 0.261155 0.261157 0.261157 0.261156 0.261159 0.261160 0.261157 0.261156 0.000000 0.000000
0.000000 0.000000 0.253227 0.253227 0.253230 0.253229 0.253226 0.253227 0.253227 0.253225 0.253225 0.253225 0.253227 0.253227 0.253226 0.253229 0.253230 0.253227 0.253227 0.000000 0.000000
0.000000 0.000000 0.245738 0.245739 0.245741 0.245740 0.245738 0.245739 0.245739 0.245737 0.245737 0.245737 0.245739 0.245739 0.245738 0.245740 0.245741 0.245739 0.245738 0.000000 0.000000
0.000000 0.000000 0.238601 0.238602 0.238604 0.238603 0.238601 0.238602 0.238601 0.238600 0.238599 0.238600 0.238601 0.238602 0.238601 0.238603 0.238604 0.238602 0.238601 0.000000 0.000000
0.000000 0.000000 0.231748 0.231748 0.231751 0.231750 0.231747 0.231748 0.231748 0.231747 0.231746 0.231747 0.231748 0.231748 0.231747 0.231750 0.231751 0.231748 0.231748 0.000000 0.000000
0.000000 0.000000 0.225125 0.225126 0.225128 0.225127 0.225125 0.225126 0.225126 0.225124 0.225124 0.225124 0.225126 0.225126 0.225125 0.225127 0.225128 0.225126 0.225125 0.000000 0.000000
0.000000 0.000000 0.218686 0.218686 0.218689 0.218688 0.218685 0.218686 0.218686 0.218685 0.218684 0.218685 0.218686 0.218686 0.218685 0.218688 0.218689 0.218686 0.218686 0.000000 0.000000
0.000000 0.000000 0.212414 0.212414 0.212416 0.212415 0.212413 0.212414 0.212414 0.212413 0.212412 0.212413 0.212414 0.212414 0.212413 0.212415 0.212416 0.212414 0.212414 0.000000 0.000000
0.000000 0.000000 0.206298 0.206298 0.206300 0.206299 0.206297 0.206298 0.206298 0.206297 0.206296 0.206297 0.206298 0.206298 0.206297 0.206299 0.206300 0.206298 0.206298 0.000000 0.000000
0.000000 0.000000 0.200325 0.200326 0.200328 0.200327 0.200325 0.200326 0.200325 0.200324 0.200324 0.200324 0.200325 0.200326 0.200325 0.200327 0.200328 0.200326 0.200325 0.000000 0.000000
0.000000 0.000000 0.194382 0.194382 0.194384 0.194383 0.194381 0.194381 0.194381 0.194380 0.194380 0.194380 0.194381 0.194381 0.194381 0.194383 0.194384 0.194382 0.194381 0.000000 0.000000
0.000000 0.000000 0.300000 0.300000 0.300000 0.300000 0.300000 0.300000 0.300000 0.300000 0.300000 0.300000 0.300000 0.300000 0.300000 0.300000 0.300000 0.300000 0.300000 0.000000 0.000000
0.000000 0.000000 0.000000 0.000000 0.000000 0.000000 0.000000 0.000000 0.000000 0.000000 0.000000 0.000000 0.000000 0.000000 0.000000 0.000000 0.000000 0.000000 0.000000 0.000000 0.000000