geotop/1.0zi/1.0Montebello/Templates/testdem/maps/_Eocclay5185.asc
ncols         21
nrows         20
xllcorner     100.000000
yllcorner     100.000000
cellsize      50.000000
NODATA_value  -9999.0
0.000000 0.000000 0.000000 0.000000 0.000000 0.000000 0.000000 0.000000 0.000000 0.000000 0.000000 0.000000 0.000000 0.000000 0.000000 0.000000 0.000000 0.000000 0.000000 0.000000 0.000000
0.000000 0.000000 0.349766 0.349767 0.349767 0.349767 0.349767 0.349767 0.349767 0.349767 0.349767 0.349767 0.349767 0.349767 0.349767 0.349767 0.349767 0.349767 0.349767 0.000000 0.000000
0.000000 0.000000 0.349990 0.349991 0.349991 0.349991 0.349990 0.349990 0.349990 0.349990 0.349990 0.349990 0.349990 0.349991 0.349990 0.349991 0.349990 0.349990 0.349990 0.000000 0.000000
0.000000 0.000000 0.349989 0.349991 0.349989 0.349989 0.349991 0.349991 0.349991 0.349990 0.349991 0.349990 0.349990 0.349989 0.349991 0.349993 0.349991 0.349992 0.349991 0.000000 0.000000
0.000000 0.000000 0.350384 0.350383 0.350383 0.350378 0.350370 0.350368 0.350369 0.350369 0.350367 0.350369 0.350365 0.350367 0.350371 0.350370 0.350374 0.350376 0.350379 0.000000 0.000000
0.000000 0.000000 0.351788 0.351791 0.351787 0.351770 0.351764 0.351750 0.351748 0.351745 0.351749 0.351748 0.351752 0.351752 0.351754 0.351764 0.351770 0.351780 0.351785 0.000000 0.000000
0.000000 0.000000 0.353863 0.353862 0.353860 0.353844 0.353827 0.353804 0.353803 0.353799 0.353802 0.353804 0.353805 0.353804 0.353821 0.353840 0.353849 0.353857 0.353864 0.000000 0.000000
0.000000 0.000000 0.356368 0.356368 0.356366 0.356348 0.356330 0.356306 0.356306 0.356303 0.356304 0.356304 0.356303 0.356308 0.356325 0.356341 0.356355 0.356360 0.356368 0.000000 0.000000
0.000000 0.000000 0.358899 0.358897 0.358891 0.358881 0.358864 0.358840 0.358842 0.358837 0.358835 0.358837 0.358837 0.358836 0.358858 0.358875 0.358888 0.358890 0.358898 0.000000 0.000000
0.000000 0.000000 0.361451 0.361446 0.361445 0.361438 0.361412 0.361391 0.361392 0.361389 0.361386 0.361390 0.361394 0.361391 0.361409 0.361430 0.361443 0.361445 0.361450 0.000000 0.000000
0.000000 0.000000 0.364079 0.364076 0.364076 0.364058 0.364041 0.364017 0.364022 0.364010 0.364011 0.364012 0.364010 0.364017 0.364030 0.364043 0.364058 0.364065 0.364077 0.000000 0.000000
0.000000 0.000000 0.366814 0.366808 0.366801 0.366788 0.366774 0.366745 0.366747 0.366739 0.366747 0.366740 0.366741 0.366744 0.366770 0.366782 0.366792 0.366795 0.366825 0.000000 0.000000
0.000000 0.000000 0.369601 0.369595 0.369593 0.369579 0.369567 0.369509 0.369509 0.369503 0.369492 0.369499 0.369504 0.369510 0.369551 0.369562 0.369583 0.369585 0.369607 0.000000 0.000000
0.000000 0.000000 0.372595 0.372591 0.372584 0.372576 0.372522 0.372507 0.372494 0.372492 0.372488 0.372491 0.372492 0.372492 0.372498 0.372551 0.372571 0.372585 0.372607 0.000000 0.000000
0.000000 0.000000 0.375857 0.375854 0.375841 0.375787 0.375769 0.375738 0.375715 0.375710 0.375700 0.375696 0.375703 0.375699 0.375721 0.375749 0.375831 0.375825 0.375839 0.000000 0.000000
0.000000 0.000000 0.379275 0.379270 0.379203 0.379186 0.379182 0.379162 0.379174 0.379164 0.379170 0.379161 0.379155 0.379170 0.379181 0.379190 0.379192 0.379279 0.379283 0.000000 0.000000
0.000000 0.000000 0.383123 0.383033 0.382993 0.382965 0.382923 0.382901 0.382897 0.382893 0.382875 0.382871 0.382879 0.382878 0.382903 0.382936 0.382988 0.383019 0.383111 0.000000 0.000000
0.000000 0.000000 0.386045 0.386037 0.386114 0.386089 0.386055 0.385971 0.385969 0.385948 0.385958 0.385953 0.385961 0.385964 0.386043 0.386066 0.386131 0.386049 0.386064 0.000000 0.000000
0.000000 0.000000 0.350000 0.350000 0.350000 0.350000 0.350000 0.350000 0.350000 0.350000 0.350000 0.350000 0.350000 0.350000 0.350000 0.350000 0.350000 0.350000 0.350000 0.000000 0.000000
0.000000 0.000000 0.000000 0.000000 0.000000 0.000000 0.000000 0.000000 0.000000 0.000000 0.000000 0.000000 0.000000 0.000000 0.000000 0.000000 0.000000 0.000000 0.000000 0.000000 0.000000