geotop/1.0zi/1.0Montebello/Templates/testdem/maps/_Eocsilt4349.asc
ncols         21
nrows         20
xllcorner     100.000000
yllcorner     100.000000
cellsize      50.000000
NODATA_value  -9999.0
0.000000 0.000000 0.000000 0.000000 0.000000 0.000000 0.000000 0.000000 0.000000 0.000000 0.000000 0.000000 0.000000 0.000000 0.000000 0.000000 0.000000 0.000000 0.000000 0.000000 0.000000
0.000000 0.000000 0.350089 0.350089 0.350089 0.350089 0.350088 0.350089 0.350089 0.350089 0.350089 0.350089 0.350089 0.350089 0.350088 0.350089 0.350089 0.350089 0.350088 0.000000 0.000000
0.000000 0.000000 0.350002 0.350002 0.350002 0.350003 0.350003 0.350003 0.350003 0.350003 0.350003 0.350003 0.350003 0.350003 0.350003 0.350002 0.350001 0.350001 0.350001 0.000000 0.000000
0.000000 0.000000 0.350032 0.350031 0.350031 0.350027 0.350028 0.350025 0.350027 0.350028 0.350027 0.350027 0.350027 0.350026 0.350028 0.350030 0.350031 0.350033 0.350032 0.000000 0.000000
0.000000 0.000000 0.350380 0.350380 0.350378 0.350379 0.350378 0.350376 0.350374 0.350371 0.350370 0.350373 0.350373 0.350373 0.350375 0.350374 0.350373 0.350378 0.350380 0.000000 0.000000
0.000000 0.000000 0.351483 0.351485 0.351481 0.351476 0.351472 0.351460 0.351459 0.351454 0.351458 0.351460 0.351462 0.351458 0.351460 0.351465 0.351469 0.351469 0.351471 0.000000 0.000000
0.000000 0.000000 0.353202 0.353200 0.353195 0.353182 0.353170 0.353155 0.353157 0.353155 0.353158 0.353156 0.353152 0.353152 0.353162 0.353175 0.353180 0.353184 0.353191 0.000000 0.000000
0.000000 0.000000 0.355218 0.355214 0.355209 0.355196 0.355183 0.355168 0.355170 0.355167 0.355167 0.355167 0.355163 0.355161 0.355176 0.355192 0.355202 0.355203 0.355208 0.000000 0.000000
0.000000 0.000000 0.357269 0.357264 0.357256 0.357245 0.357233 0.357213 0.357215 0.357211 0.357211 0.357212 0.357208 0.357207 0.357222 0.357239 0.357247 0.357251 0.357259 0.000000 0.000000
0.000000 0.000000 0.359306 0.359301 0.359295 0.359284 0.359269 0.359252 0.359256 0.359253 0.359253 0.359253 0.359249 0.359246 0.359262 0.359280 0.359286 0.359289 0.359296 0.000000 0.000000
0.000000 0.000000 0.361356 0.361351 0.361344 0.361335 0.361325 0.361304 0.361307 0.361303 0.361303 0.361304 0.361299 0.361297 0.361311 0.361323 0.361332 0.361336 0.361343 0.000000 0.000000
0.000000 0.000000 0.363472 0.363466 0.363458 0.363445 0.363433 0.363413 0.363414 0.363411 0.363411 0.363410 0.363408 0.363405 0.363424 0.363439 0.363447 0.363450 0.363473 0.000000 0.000000
0.000000 0.000000 0.365614 0.365608 0.365599 0.365589 0.365575 0.365532 0.365534 0.365530 0.365529 0.365529 0.365525 0.365523 0.365559 0.365577 0.365586 0.365589 0.365604 0.000000 0.000000
0.000000 0.000000 0.367873 0.367864 0.367857 0.367846 0.367804 0.367793 0.367787 0.367784 0.367784 0.367784 0.367779 0.367777 0.367789 0.367832 0.367841 0.367850 0.367858 0.000000 0.000000
0.000000 0.000000 0.370304 0.370296 0.370280 0.370241 0.370221 0.370195 0.370182 0.370178 0.370171 0.370171 0.370170 0.370163 0.370183 0.370213 0.370261 0.370259 0.370267 0.000000 0.000000
0.000000 0.000000 0.372809 0.372800 0.372750 0.372740 0.372728 0.372715 0.372714 0.372713 0.372715 0.372714 0.372705 0.372711 0.372716 0.372730 0.372731 0.372781 0.372794 0.000000 0.000000
0.000000 0.000000 0.375583 0.375521 0.375476 0.375457 0.375427 0.375411 0.375408 0.375406 0.375399 0.375399 0.375397 0.375389 0.375400 0.375436 0.375460 0.375486 0.375548 0.000000 0.000000
0.000000 0.000000 0.377762 0.377744 0.377776 0.377752 0.377725 0.377667 0.377662 0.377656 0.377658 0.377657 0.377651 0.377652 0.377704 0.377736 0.377772 0.377721 0.377748 0.000000 0.000000
0.000000 0.000000 0.350000 0.350000 0.350000 0.350000 0.350000 0.350000 0.350000 0.350000 0.350000 0.350000 0.350000 0.350000 0.350000 0.350000 0.350000 0.350000 0.350000 0.000000 0.000000
0.000000 0.000000 0.000000 0.000000 0.000000 0.000000 0.000000 0.000000 0.000000 0.000000 0.000000 0.000000 0.000000 0.000000 0.000000 0.000000 0.000000 0.000000 0.000000 0.000000 0.000000