geotop/1.0zi/1.0Montebello/Templates/testdem/maps/_Eocsilt6096.asc
ncols         21
nrows         20
xllcorner     100.000000
yllcorner     100.000000
cellsize      50.000000
NODATA_value  -9999.0
0.000000 0.000000 0.000000 0.000000 0.000000 0.000000 0.000000 0.000000 0.000000 0.000000 0.000000 0.000000 0.000000 0.000000 0.000000 0.000000 0.000000 0.000000 0.000000 0.000000 0.000000
0.000000 0.000000 0.350120 0.350120 0.350120 0.350120 0.350119 0.350120 0.350120 0.350120 0.350120 0.350119 0.350119 0.350119 0.350119 0.350120 0.350120 0.350120 0.350119 0.000000 0.000000
0.000000 0.000000 0.350002 0.350002 0.350002 0.350003 0.350003 0.350003 0.350003 0.350003 0.350003 0.350003 0.350004 0.350003 0.350003 0.350003 0.350001 0.350001 0.350002 0.000000 0.000000
0.000000 0.000000 0.350047 0.350046 0.350045 0.350040 0.350041 0.350039 0.350041 0.350041 0.350040 0.350039 0.350040 0.350040 0.350042 0.350045 0.350046 0.350048 0.350047 0.000000 0.000000
0.000000 0.000000 0.350550 0.350553 0.350552 0.350549 0.350545 0.350540 0.350539 0.350537 0.350535 0.350536 0.350538 0.350539 0.350545 0.350547 0.350546 0.350555 0.350559 0.000000 0.000000
0.000000 0.000000 0.352134 0.352136 0.352131 0.352116 0.352106 0.352088 0.352086 0.352082 0.352087 0.352089 0.352090 0.352087 0.352093 0.352100 0.352109 0.352113 0.352119 0.000000 0.000000
0.000000 0.000000 0.354538 0.354536 0.354530 0.354510 0.354488 0.354464 0.354466 0.354463 0.354465 0.354465 0.354462 0.354465 0.354483 0.354503 0.354512 0.354523 0.354530 0.000000 0.000000
0.000000 0.000000 0.357471 0.357472 0.357470 0.357452 0.357430 0.357404 0.357404 0.357401 0.357401 0.357400 0.357399 0.357402 0.357423 0.357444 0.357460 0.357463 0.357473 0.000000 0.000000
0.000000 0.000000 0.360556 0.360551 0.360543 0.360531 0.360509 0.360479 0.360480 0.360475 0.360472 0.360473 0.360474 0.360472 0.360500 0.360522 0.360537 0.360542 0.360551 0.000000 0.000000
0.000000 0.000000 0.363669 0.363664 0.363660 0.363652 0.363622 0.363595 0.363597 0.363593 0.363589 0.363593 0.363596 0.363593 0.363615 0.363641 0.363656 0.363658 0.363665 0.000000 0.000000
0.000000 0.000000 0.366875 0.366872 0.366870 0.366848 0.366827 0.366798 0.366804 0.366790 0.366791 0.366792 0.366788 0.366796 0.366814 0.366830 0.366847 0.366856 0.366869 0.000000 0.000000
0.000000 0.000000 0.370261 0.370253 0.370244 0.370228 0.370210 0.370174 0.370176 0.370168 0.370176 0.370168 0.370169 0.370172 0.370204 0.370220 0.370232 0.370237 0.370271 0.000000 0.000000
0.000000 0.000000 0.373749 0.373743 0.373739 0.373721 0.373704 0.373631 0.373631 0.373625 0.373609 0.373618 0.373623 0.373628 0.373682 0.373698 0.373724 0.373727 0.373750 0.000000 0.000000
0.000000 0.000000 0.377560 0.377555 0.377545 0.377533 0.377461 0.377444 0.377428 0.377427 0.377422 0.377424 0.377424 0.377421 0.377430 0.377503 0.377525 0.377543 0.377567 0.000000 0.000000
0.000000 0.000000 0.381779 0.381774 0.381757 0.381680 0.381659 0.381615 0.381588 0.381584 0.381570 0.381561 0.381570 0.381564 0.381598 0.381631 0.381739 0.381730 0.381745 0.000000 0.000000
0.000000 0.000000 0.386270 0.386264 0.386163 0.386148 0.386143 0.386116 0.386138 0.386125 0.386135 0.386124 0.386112 0.386133 0.386149 0.386160 0.386147 0.386277 0.386281 0.000000 0.000000
0.000000 0.000000 0.391455 0.391314 0.391272 0.391232 0.391165 0.391133 0.391119 0.391118 0.391087 0.391083 0.391097 0.391091 0.391129 0.391180 0.391261 0.391282 0.391426 0.000000 0.000000
0.000000 0.000000 0.395137 0.395155 0.395281 0.395249 0.395201 0.395072 0.395071 0.395041 0.395063 0.395055 0.395063 0.395067 0.395185 0.395221 0.395301 0.395171 0.395162 0.000000 0.000000
0.000000 0.000000 0.350000 0.350000 0.350000 0.350000 0.350000 0.350000 0.350000 0.350000 0.350000 0.350000 0.350000 0.350000 0.350000 0.350000 0.350000 0.350000 0.350000 0.000000 0.000000
0.000000 0.000000 0.000000 0.000000 0.000000 0.000000 0.000000 0.000000 0.000000 0.000000 0.000000 0.000000 0.000000 0.000000 0.000000 0.000000 0.000000 0.000000 0.000000 0.000000 0.000000