geotop/1.0zi/1.0Montebello/Templates/testdem/maps/_Eocsilt3396.asc
ncols         21
nrows         20
xllcorner     100.000000
yllcorner     100.000000
cellsize      50.000000
NODATA_value  -9999.0
0.000000 0.000000 0.000000 0.000000 0.000000 0.000000 0.000000 0.000000 0.000000 0.000000 0.000000 0.000000 0.000000 0.000000 0.000000 0.000000 0.000000 0.000000 0.000000 0.000000 0.000000
0.000000 0.000000 0.350091 0.350091 0.350091 0.350091 0.350091 0.350091 0.350091 0.350091 0.350090 0.350091 0.350091 0.350091 0.350091 0.350091 0.350091 0.350091 0.350091 0.000000 0.000000
0.000000 0.000000 0.349994 0.349994 0.349994 0.349994 0.349994 0.349994 0.349994 0.349994 0.349995 0.349994 0.349994 0.349994 0.349994 0.349994 0.349994 0.349994 0.349994 0.000000 0.000000
0.000000 0.000000 0.351364 0.351363 0.351361 0.351362 0.351364 0.351364 0.351364 0.351364 0.351365 0.351364 0.351364 0.351364 0.351364 0.351362 0.351361 0.351363 0.351364 0.000000 0.000000
0.000000 0.000000 0.356195 0.356194 0.356192 0.356193 0.356195 0.356194 0.356194 0.356195 0.356196 0.356195 0.356194 0.356194 0.356195 0.356193 0.356192 0.356194 0.356195 0.000000 0.000000
0.000000 0.000000 0.362105 0.362104 0.362103 0.362103 0.362105 0.362104 0.362104 0.362105 0.362106 0.362105 0.362104 0.362104 0.362105 0.362103 0.362103 0.362104 0.362105 0.000000 0.000000
0.000000 0.000000 0.367452 0.367451 0.367450 0.367450 0.367452 0.367451 0.367451 0.367452 0.367453 0.367452 0.367451 0.367451 0.367452 0.367450 0.367450 0.367451 0.367452 0.000000 0.000000
0.000000 0.000000 0.372281 0.372281 0.372280 0.372280 0.372282 0.372281 0.372281 0.372282 0.372282 0.372282 0.372281 0.372281 0.372282 0.372280 0.372280 0.372281 0.372281 0.000000 0.000000
0.000000 0.000000 0.376734 0.376734 0.376733 0.376733 0.376735 0.376734 0.376734 0.376735 0.376735 0.376735 0.376734 0.376734 0.376735 0.376733 0.376733 0.376734 0.376734 0.000000 0.000000
0.000000 0.000000 0.380917 0.380917 0.380915 0.380916 0.380917 0.380917 0.380917 0.380917 0.380918 0.380917 0.380917 0.380917 0.380917 0.380916 0.380915 0.380917 0.380917 0.000000 0.000000
0.000000 0.000000 0.384883 0.384883 0.384882 0.384882 0.384883 0.384883 0.384883 0.384883 0.384884 0.384883 0.384883 0.384883 0.384883 0.384882 0.384882 0.384883 0.384883 0.000000 0.000000
0.000000 0.000000 0.388672 0.388671 0.388670 0.388671 0.388672 0.388671 0.388671 0.388672 0.388672 0.388672 0.388671 0.388671 0.388672 0.388671 0.388670 0.388671 0.388672 0.000000 0.000000
0.000000 0.000000 0.392311 0.392311 0.392310 0.392310 0.392312 0.392311 0.392311 0.392312 0.392312 0.392312 0.392311 0.392311 0.392312 0.392310 0.392310 0.392311 0.392311 0.000000 0.000000
0.000000 0.000000 0.395831 0.395831 0.395830 0.395830 0.395831 0.395831 0.395831 0.395831 0.395832 0.395831 0.395831 0.395831 0.395831 0.395830 0.395830 0.395831 0.395831 0.000000 0.000000
0.000000 0.000000 0.399241 0.399241 0.399240 0.399240 0.399241 0.399241 0.399241 0.399241 0.399242 0.399241 0.399241 0.399241 0.399241 0.399240 0.399240 0.399241 0.399241 0.000000 0.000000
0.000000 0.000000 0.402546 0.402546 0.402545 0.402545 0.402546 0.402546 0.402546 0.402546 0.402547 0.402546 0.402546 0.402546 0.402546 0.402545 0.402545 0.402546 0.402546 0.000000 0.000000
0.000000 0.000000 0.405759 0.405759 0.405758 0.405758 0.405759 0.405759 0.405759 0.405759 0.405760 0.405759 0.405759 0.405759 0.405759 0.405758 0.405758 0.405759 0.405759 0.000000 0.000000
0.000000 0.000000 0.408937 0.408937 0.408936 0.408937 0.408938 0.408937 0.408937 0.408938 0.408938 0.408938 0.408937 0.408937 0.408938 0.408937 0.408936 0.408937 0.408938 0.000000 0.000000
0.000000 0.000000 0.350000 0.350000 0.350000 0.350000 0.350000 0.350000 0.350000 0.350000 0.350000 0.350000 0.350000 0.350000 0.350000 0.350000 0.350000 0.350000 0.350000 0.000000 0.000000
0.000000 0.000000 0.000000 0.000000 0.000000 0.000000 0.000000 0.000000 0.000000 0.000000 0.000000 0.000000 0.000000 0.000000 0.000000 0.000000 0.000000 0.000000 0.000000 0.000000 0.000000