geotop/1.0zi/1.0Montebello/Templates/testdem/maps/_Eocclay3447.asc
ncols         21
nrows         20
xllcorner     100.000000
yllcorner     100.000000
cellsize      50.000000
NODATA_value  -9999.0
0.000000 0.000000 0.000000 0.000000 0.000000 0.000000 0.000000 0.000000 0.000000 0.000000 0.000000 0.000000 0.000000 0.000000 0.000000 0.000000 0.000000 0.000000 0.000000 0.000000 0.000000
0.000000 0.000000 0.349816 0.349816 0.349816 0.349815 0.349816 0.349816 0.349816 0.349816 0.349815 0.349816 0.349816 0.349816 0.349816 0.349815 0.349816 0.349816 0.349816 0.000000 0.000000
0.000000 0.000000 0.349996 0.349996 0.349995 0.349996 0.349996 0.349996 0.349996 0.349996 0.349996 0.349996 0.349996 0.349996 0.349996 0.349996 0.349995 0.349996 0.349996 0.000000 0.000000
0.000000 0.000000 0.351305 0.351305 0.351302 0.351303 0.351304 0.351304 0.351304 0.351304 0.351305 0.351304 0.351304 0.351304 0.351304 0.351303 0.351302 0.351305 0.351305 0.000000 0.000000
0.000000 0.000000 0.356640 0.356640 0.356638 0.356638 0.356642 0.356640 0.356640 0.356642 0.356642 0.356642 0.356640 0.356640 0.356642 0.356638 0.356638 0.356640 0.356640 0.000000 0.000000
0.000000 0.000000 0.362531 0.362531 0.362529 0.362529 0.362532 0.362531 0.362531 0.362532 0.362532 0.362532 0.362531 0.362531 0.362532 0.362529 0.362529 0.362531 0.362531 0.000000 0.000000
0.000000 0.000000 0.368048 0.368047 0.368046 0.368046 0.368048 0.368047 0.368047 0.368048 0.368049 0.368048 0.368047 0.368047 0.368048 0.368046 0.368046 0.368047 0.368048 0.000000 0.000000
0.000000 0.000000 0.373064 0.373063 0.373062 0.373062 0.373064 0.373063 0.373063 0.373064 0.373065 0.373064 0.373063 0.373063 0.373064 0.373062 0.373062 0.373063 0.373064 0.000000 0.000000
0.000000 0.000000 0.377696 0.377696 0.377695 0.377695 0.377697 0.377696 0.377696 0.377697 0.377697 0.377697 0.377696 0.377696 0.377697 0.377695 0.377695 0.377696 0.377696 0.000000 0.000000
0.000000 0.000000 0.382053 0.382053 0.382051 0.382052 0.382053 0.382053 0.382053 0.382053 0.382054 0.382053 0.382053 0.382053 0.382053 0.382052 0.382051 0.382053 0.382053 0.000000 0.000000
0.000000 0.000000 0.386189 0.386189 0.386187 0.386188 0.386189 0.386189 0.386189 0.386189 0.386190 0.386189 0.386189 0.386189 0.386189 0.386188 0.386187 0.386189 0.386189 0.000000 0.000000
0.000000 0.000000 0.390144 0.390144 0.390143 0.390143 0.390145 0.390144 0.390144 0.390145 0.390145 0.390145 0.390144 0.390144 0.390145 0.390143 0.390143 0.390144 0.390144 0.000000 0.000000
0.000000 0.000000 0.393949 0.393948 0.393947 0.393948 0.393949 0.393948 0.393948 0.393949 0.393949 0.393949 0.393948 0.393948 0.393949 0.393948 0.393947 0.393948 0.393949 0.000000 0.000000
0.000000 0.000000 0.397631 0.397631 0.397630 0.397631 0.397632 0.397631 0.397631 0.397632 0.397632 0.397632 0.397631 0.397631 0.397632 0.397631 0.397630 0.397631 0.397631 0.000000 0.000000
0.000000 0.000000 0.401204 0.401203 0.401202 0.401203 0.401204 0.401203 0.401203 0.401204 0.401204 0.401204 0.401203 0.401203 0.401204 0.401203 0.401202 0.401203 0.401204 0.000000 0.000000
0.000000 0.000000 0.404670 0.404670 0.404669 0.404669 0.404671 0.404670 0.404670 0.404670 0.404671 0.404670 0.404670 0.404670 0.404671 0.404669 0.404669 0.404670 0.404670 0.000000 0.000000
0.000000 0.000000 0.408043 0.408043 0.408042 0.408042 0.408044 0.408043 0.408043 0.408044 0.408044 0.408044 0.408043 0.408043 0.408044 0.408042 0.408042 0.408043 0.408043 0.000000 0.000000
0.000000 0.000000 0.411382 0.411382 0.411381 0.411381 0.411383 0.411382 0.411382 0.411383 0.411383 0.411383 0.411382 0.411382 0.411383 0.411381 0.411381 0.411382 0.411382 0.000000 0.000000
0.000000 0.000000 0.350000 0.350000 0.350000 0.350000 0.350000 0.350000 0.350000 0.350000 0.350000 0.350000 0.350000 0.350000 0.350000 0.350000 0.350000 0.350000 0.350000 0.000000 0.000000
0.000000 0.000000 0.000000 0.000000 0.000000 0.000000 0.000000 0.000000 0.000000 0.000000 0.000000 0.000000 0.000000 0.000000 0.000000 0.000000 0.000000 0.000000 0.000000 0.000000 0.000000