geotop/1.0zi/1.0Montebello/Templates/testdem/maps/_Eocsand9499.asc
ncols         21
nrows         20
xllcorner     100.000000
yllcorner     100.000000
cellsize      50.000000
NODATA_value  -9999.0
0.000000 0.000000 0.000000 0.000000 0.000000 0.000000 0.000000 0.000000 0.000000 0.000000 0.000000 0.000000 0.000000 0.000000 0.000000 0.000000 0.000000 0.000000 0.000000 0.000000 0.000000
0.000000 0.000000 0.300238 0.300236 0.300236 0.300237 0.300236 0.300235 0.300236 0.300236 0.300237 0.300236 0.300236 0.300236 0.300236 0.300236 0.300237 0.300237 0.300236 0.000000 0.000000
0.000000 0.000000 0.300011 0.300013 0.300013 0.300011 0.300012 0.300013 0.300012 0.300012 0.300012 0.300013 0.300012 0.300012 0.300012 0.300012 0.300013 0.300013 0.300014 0.000000 0.000000
0.000000 0.000000 0.299815 0.299814 0.299821 0.299829 0.299828 0.299834 0.299826 0.299828 0.299828 0.299826 0.299825 0.299827 0.299822 0.299815 0.299813 0.299811 0.299811 0.000000 0.000000
0.000000 0.000000 0.297156 0.297157 0.297176 0.297203 0.297232 0.297239 0.297240 0.297241 0.297242 0.297235 0.297230 0.297230 0.297206 0.297194 0.297180 0.297171 0.297158 0.000000 0.000000
0.000000 0.000000 0.289882 0.289892 0.289931 0.289983 0.290044 0.290097 0.290094 0.290106 0.290100 0.290099 0.290088 0.290091 0.290061 0.290011 0.289985 0.289965 0.289951 0.000000 0.000000
0.000000 0.000000 0.279882 0.279900 0.279932 0.279996 0.280076 0.280186 0.280177 0.280185 0.280188 0.280185 0.280186 0.280179 0.280096 0.280031 0.279992 0.279963 0.279947 0.000000 0.000000
0.000000 0.000000 0.268017 0.268038 0.268067 0.268142 0.268225 0.268324 0.268318 0.268329 0.268334 0.268338 0.268341 0.268322 0.268244 0.268173 0.268109 0.268095 0.268065 0.000000 0.000000
0.000000 0.000000 0.255035 0.255065 0.255108 0.255163 0.255259 0.255376 0.255361 0.255383 0.255393 0.255396 0.255390 0.255392 0.255282 0.255198 0.255148 0.255127 0.255101 0.000000 0.000000
0.000000 0.000000 0.240791 0.240829 0.240862 0.240923 0.241053 0.241161 0.241154 0.241168 0.241188 0.241175 0.241159 0.241162 0.241074 0.240965 0.240905 0.240883 0.240868 0.000000 0.000000
0.000000 0.000000 0.224702 0.224729 0.224758 0.224901 0.224984 0.225128 0.225089 0.225165 0.225152 0.225161 0.225184 0.225137 0.225040 0.224973 0.224889 0.224854 0.224787 0.000000 0.000000
0.000000 0.000000 0.206064 0.206128 0.206213 0.206279 0.206404 0.206581 0.206577 0.206585 0.206554 0.206620 0.206584 0.206587 0.206412 0.206311 0.206265 0.206237 0.206095 0.000000 0.000000
0.000000 0.000000 0.185157 0.185213 0.185230 0.185391 0.185494 0.186009 0.186004 0.186029 0.186193 0.186091 0.186072 0.186022 0.185640 0.185546 0.185362 0.185347 0.185304 0.000000 0.000000
0.000000 0.000000 0.159385 0.159402 0.159551 0.159642 0.160369 0.160155 0.160291 0.160285 0.160191 0.160277 0.160288 0.160352 0.160550 0.159768 0.159729 0.159543 0.159429 0.000000 0.000000
0.000000 0.000000 0.129463 0.129549 0.129693 0.130627 0.130295 0.130856 0.130994 0.131046 0.131244 0.131320 0.131207 0.131200 0.130686 0.130992 0.129764 0.130041 0.130073 0.000000 0.000000
0.000000 0.000000 0.100990 0.101040 0.102163 0.101594 0.101796 0.101759 0.101257 0.101387 0.101119 0.101164 0.101372 0.101098 0.101232 0.101059 0.102292 0.100580 0.100604 0.000000 0.000000
0.000000 0.000000 0.074398 0.075409 0.075073 0.075534 0.076052 0.076224 0.076565 0.076484 0.076833 0.076791 0.076586 0.076796 0.076510 0.076124 0.075131 0.075896 0.074842 0.000000 0.000000
0.000000 0.000000 0.065016 0.064670 0.064037 0.064173 0.064281 0.064862 0.064842 0.064982 0.064804 0.064847 0.064839 0.064799 0.064296 0.064213 0.063978 0.064601 0.064936 0.000000 0.000000
0.000000 0.000000 0.300000 0.300000 0.300000 0.300000 0.300000 0.300000 0.300000 0.300000 0.300000 0.300000 0.300000 0.300000 0.300000 0.300000 0.300000 0.300000 0.300000 0.000000 0.000000
0.000000 0.000000 0.000000 0.000000 0.000000 0.000000 0.000000 0.000000 0.000000 0.000000 0.000000 0.000000 0.000000 0.000000 0.000000 0.000000 0.000000 0.000000 0.000000 0.000000 0.000000