geotop/1.0zi/1.0Montebello/Templates/testdem/maps/_Eocsand1884.asc
ncols         21
nrows         20
xllcorner     100.000000
yllcorner     100.000000
cellsize      50.000000
NODATA_value  -9999.0
0.000000 0.000000 0.000000 0.000000 0.000000 0.000000 0.000000 0.000000 0.000000 0.000000 0.000000 0.000000 0.000000 0.000000 0.000000 0.000000 0.000000 0.000000 0.000000 0.000000 0.000000
0.000000 0.000000 0.300057 0.300057 0.300057 0.300057 0.300057 0.300057 0.300057 0.300057 0.300057 0.300057 0.300057 0.300057 0.300057 0.300057 0.300057 0.300057 0.300057 0.000000 0.000000
0.000000 0.000000 0.300008 0.300008 0.300009 0.300008 0.300008 0.300008 0.300008 0.300008 0.300008 0.300008 0.300008 0.300008 0.300008 0.300008 0.300009 0.300008 0.300008 0.000000 0.000000
0.000000 0.000000 0.298651 0.298652 0.298656 0.298654 0.298650 0.298651 0.298651 0.298650 0.298651 0.298650 0.298651 0.298651 0.298650 0.298654 0.298656 0.298652 0.298651 0.000000 0.000000
0.000000 0.000000 0.293365 0.293366 0.293370 0.293370 0.293363 0.293365 0.293365 0.293363 0.293363 0.293363 0.293365 0.293365 0.293363 0.293370 0.293370 0.293366 0.293365 0.000000 0.000000
0.000000 0.000000 0.287009 0.287010 0.287013 0.287013 0.287008 0.287009 0.287009 0.287007 0.287007 0.287007 0.287009 0.287009 0.287008 0.287013 0.287013 0.287010 0.287009 0.000000 0.000000
0.000000 0.000000 0.281077 0.281078 0.281081 0.281081 0.281077 0.281078 0.281078 0.281076 0.281076 0.281076 0.281078 0.281078 0.281077 0.281081 0.281081 0.281078 0.281077 0.000000 0.000000
0.000000 0.000000 0.275631 0.275632 0.275634 0.275634 0.275630 0.275631 0.275631 0.275630 0.275630 0.275630 0.275631 0.275631 0.275630 0.275634 0.275634 0.275632 0.275631 0.000000 0.000000
0.000000 0.000000 0.270537 0.270537 0.270540 0.270539 0.270536 0.270537 0.270537 0.270536 0.270535 0.270536 0.270537 0.270537 0.270536 0.270539 0.270540 0.270537 0.270537 0.000000 0.000000
0.000000 0.000000 0.265670 0.265670 0.265673 0.265672 0.265669 0.265670 0.265670 0.265669 0.265669 0.265669 0.265670 0.265670 0.265669 0.265672 0.265673 0.265670 0.265670 0.000000 0.000000
0.000000 0.000000 0.260978 0.260978 0.260981 0.260980 0.260977 0.260978 0.260978 0.260977 0.260976 0.260977 0.260978 0.260978 0.260977 0.260980 0.260981 0.260978 0.260978 0.000000 0.000000
0.000000 0.000000 0.256416 0.256417 0.256419 0.256419 0.256416 0.256417 0.256416 0.256415 0.256415 0.256415 0.256416 0.256417 0.256416 0.256419 0.256419 0.256417 0.256416 0.000000 0.000000
0.000000 0.000000 0.251954 0.251955 0.251957 0.251956 0.251954 0.251955 0.251954 0.251953 0.251953 0.251953 0.251954 0.251955 0.251954 0.251956 0.251957 0.251955 0.251954 0.000000 0.000000
0.000000 0.000000 0.247584 0.247584 0.247587 0.247586 0.247583 0.247584 0.247584 0.247583 0.247583 0.247583 0.247584 0.247584 0.247583 0.247586 0.247587 0.247584 0.247584 0.000000 0.000000
0.000000 0.000000 0.243284 0.243284 0.243287 0.243286 0.243283 0.243284 0.243284 0.243283 0.243283 0.243283 0.243284 0.243284 0.243283 0.243286 0.243287 0.243284 0.243284 0.000000 0.000000
0.000000 0.000000 0.239042 0.239042 0.239045 0.239044 0.239041 0.239042 0.239042 0.239041 0.239041 0.239041 0.239042 0.239042 0.239041 0.239044 0.239045 0.239042 0.239042 0.000000 0.000000
0.000000 0.000000 0.234859 0.234860 0.234862 0.234862 0.234859 0.234860 0.234860 0.234859 0.234858 0.234859 0.234860 0.234860 0.234859 0.234862 0.234862 0.234860 0.234859 0.000000 0.000000
0.000000 0.000000 0.230657 0.230656 0.230659 0.230658 0.230656 0.230656 0.230656 0.230655 0.230655 0.230655 0.230656 0.230656 0.230656 0.230658 0.230659 0.230656 0.230656 0.000000 0.000000
0.000000 0.000000 0.300000 0.300000 0.300000 0.300000 0.300000 0.300000 0.300000 0.300000 0.300000 0.300000 0.300000 0.300000 0.300000 0.300000 0.300000 0.300000 0.300000 0.000000 0.000000
0.000000 0.000000 0.000000 0.000000 0.000000 0.000000 0.000000 0.000000 0.000000 0.000000 0.000000 0.000000 0.000000 0.000000 0.000000 0.000000 0.000000 0.000000 0.000000 0.000000 0.000000