geotop/1.0zi/1.0Montebello/Templates/testdem/maps/_Eocsand2167.asc
ncols         21
nrows         20
xllcorner     100.000000
yllcorner     100.000000
cellsize      50.000000
NODATA_value  -9999.0
0.000000 0.000000 0.000000 0.000000 0.000000 0.000000 0.000000 0.000000 0.000000 0.000000 0.000000 0.000000 0.000000 0.000000 0.000000 0.000000 0.000000 0.000000 0.000000 0.000000 0.000000
0.000000 0.000000 0.300065 0.300065 0.300065 0.300066 0.300065 0.300065 0.300065 0.300065 0.300065 0.300065 0.300065 0.300065 0.300065 0.300066 0.300065 0.300065 0.300065 0.000000 0.000000
0.000000 0.000000 0.300010 0.300010 0.300010 0.300010 0.300010 0.300010 0.300010 0.300010 0.300010 0.300010 0.300010 0.300010 0.300010 0.300010 0.300010 0.300010 0.300010 0.000000 0.000000
0.000000 0.000000 0.298636 0.298637 0.298641 0.298639 0.298636 0.298636 0.298637 0.298636 0.298636 0.298636 0.298637 0.298636 0.298636 0.298639 0.298641 0.298637 0.298636 0.000000 0.000000
0.000000 0.000000 0.292898 0.292900 0.292903 0.292903 0.292897 0.292899 0.292899 0.292896 0.292896 0.292896 0.292899 0.292899 0.292897 0.292903 0.292903 0.292900 0.292898 0.000000 0.000000
0.000000 0.000000 0.285749 0.285750 0.285753 0.285753 0.285748 0.285750 0.285750 0.285748 0.285747 0.285748 0.285750 0.285750 0.285748 0.285753 0.285753 0.285750 0.285749 0.000000 0.000000
0.000000 0.000000 0.279073 0.279074 0.279076 0.279076 0.279072 0.279073 0.279073 0.279072 0.279071 0.279072 0.279073 0.279073 0.279072 0.279076 0.279076 0.279074 0.279073 0.000000 0.000000
0.000000 0.000000 0.272945 0.272946 0.272948 0.272948 0.272944 0.272946 0.272945 0.272944 0.272944 0.272944 0.272945 0.272946 0.272944 0.272948 0.272948 0.272946 0.272945 0.000000 0.000000
0.000000 0.000000 0.267216 0.267217 0.267219 0.267219 0.267216 0.267217 0.267217 0.267215 0.267215 0.267215 0.267217 0.267217 0.267216 0.267219 0.267219 0.267217 0.267216 0.000000 0.000000
0.000000 0.000000 0.261749 0.261750 0.261752 0.261751 0.261748 0.261749 0.261749 0.261748 0.261748 0.261748 0.261749 0.261749 0.261748 0.261751 0.261752 0.261750 0.261749 0.000000 0.000000
0.000000 0.000000 0.256482 0.256482 0.256485 0.256484 0.256481 0.256482 0.256482 0.256481 0.256481 0.256481 0.256482 0.256482 0.256481 0.256484 0.256485 0.256482 0.256482 0.000000 0.000000
0.000000 0.000000 0.251368 0.251368 0.251371 0.251370 0.251367 0.251368 0.251368 0.251367 0.251367 0.251367 0.251368 0.251368 0.251367 0.251370 0.251371 0.251368 0.251368 0.000000 0.000000
0.000000 0.000000 0.246371 0.246372 0.246374 0.246373 0.246371 0.246371 0.246371 0.246370 0.246370 0.246370 0.246371 0.246371 0.246371 0.246373 0.246374 0.246372 0.246371 0.000000 0.000000
0.000000 0.000000 0.241479 0.241479 0.241482 0.241481 0.241478 0.241479 0.241479 0.241478 0.241478 0.241478 0.241479 0.241479 0.241478 0.241481 0.241482 0.241479 0.241479 0.000000 0.000000
0.000000 0.000000 0.236672 0.236672 0.236674 0.236674 0.236671 0.236672 0.236672 0.236671 0.236671 0.236671 0.236672 0.236672 0.236671 0.236674 0.236674 0.236672 0.236672 0.000000 0.000000
0.000000 0.000000 0.231940 0.231940 0.231942 0.231941 0.231939 0.231940 0.231940 0.231939 0.231939 0.231939 0.231940 0.231940 0.231939 0.231941 0.231942 0.231940 0.231940 0.000000 0.000000
0.000000 0.000000 0.227281 0.227282 0.227284 0.227283 0.227281 0.227282 0.227281 0.227280 0.227280 0.227280 0.227281 0.227282 0.227281 0.227283 0.227284 0.227282 0.227281 0.000000 0.000000
0.000000 0.000000 0.222635 0.222635 0.222637 0.222636 0.222634 0.222635 0.222635 0.222634 0.222633 0.222634 0.222635 0.222635 0.222634 0.222636 0.222637 0.222635 0.222635 0.000000 0.000000
0.000000 0.000000 0.300000 0.300000 0.300000 0.300000 0.300000 0.300000 0.300000 0.300000 0.300000 0.300000 0.300000 0.300000 0.300000 0.300000 0.300000 0.300000 0.300000 0.000000 0.000000
0.000000 0.000000 0.000000 0.000000 0.000000 0.000000 0.000000 0.000000 0.000000 0.000000 0.000000 0.000000 0.000000 0.000000 0.000000 0.000000 0.000000 0.000000 0.000000 0.000000 0.000000