geotop/1.0zi/1.0Montebello/Templates/testdem/maps/_Eocclay3231.asc
ncols         21
nrows         20
xllcorner     100.000000
yllcorner     100.000000
cellsize      50.000000
NODATA_value  -9999.0
0.000000 0.000000 0.000000 0.000000 0.000000 0.000000 0.000000 0.000000 0.000000 0.000000 0.000000 0.000000 0.000000 0.000000 0.000000 0.000000 0.000000 0.000000 0.000000 0.000000 0.000000
0.000000 0.000000 0.349823 0.349823 0.349823 0.349823 0.349823 0.349823 0.349823 0.349823 0.349822 0.349823 0.349823 0.349823 0.349823 0.349823 0.349823 0.349823 0.349823 0.000000 0.000000
0.000000 0.000000 0.349995 0.349995 0.349995 0.349995 0.349995 0.349995 0.349995 0.349995 0.349996 0.349995 0.349995 0.349995 0.349995 0.349995 0.349995 0.349995 0.349995 0.000000 0.000000
0.000000 0.000000 0.351261 0.351260 0.351258 0.351259 0.351260 0.351260 0.351260 0.351260 0.351261 0.351260 0.351260 0.351260 0.351260 0.351259 0.351258 0.351260 0.351261 0.000000 0.000000
0.000000 0.000000 0.356274 0.356273 0.356271 0.356272 0.356275 0.356274 0.356274 0.356275 0.356276 0.356275 0.356274 0.356274 0.356275 0.356272 0.356271 0.356273 0.356274 0.000000 0.000000
0.000000 0.000000 0.361806 0.361805 0.361803 0.361804 0.361806 0.361805 0.361805 0.361806 0.361807 0.361806 0.361805 0.361805 0.361806 0.361804 0.361803 0.361805 0.361806 0.000000 0.000000
0.000000 0.000000 0.366981 0.366981 0.366979 0.366979 0.366981 0.366981 0.366981 0.366982 0.366982 0.366982 0.366981 0.366981 0.366981 0.366979 0.366979 0.366981 0.366981 0.000000 0.000000
0.000000 0.000000 0.371694 0.371693 0.371692 0.371692 0.371694 0.371693 0.371694 0.371694 0.371695 0.371694 0.371694 0.371693 0.371694 0.371692 0.371692 0.371693 0.371694 0.000000 0.000000
0.000000 0.000000 0.376055 0.376054 0.376053 0.376053 0.376055 0.376054 0.376054 0.376055 0.376055 0.376055 0.376054 0.376054 0.376055 0.376053 0.376053 0.376054 0.376055 0.000000 0.000000
0.000000 0.000000 0.380165 0.380165 0.380164 0.380164 0.380165 0.380165 0.380165 0.380165 0.380166 0.380165 0.380165 0.380165 0.380165 0.380164 0.380164 0.380165 0.380165 0.000000 0.000000
0.000000 0.000000 0.384075 0.384075 0.384074 0.384074 0.384075 0.384075 0.384075 0.384076 0.384076 0.384076 0.384075 0.384075 0.384075 0.384074 0.384074 0.384075 0.384075 0.000000 0.000000
0.000000 0.000000 0.387822 0.387822 0.387821 0.387821 0.387822 0.387822 0.387822 0.387823 0.387823 0.387823 0.387822 0.387822 0.387822 0.387821 0.387821 0.387822 0.387822 0.000000 0.000000
0.000000 0.000000 0.391432 0.391432 0.391431 0.391431 0.391432 0.391432 0.391432 0.391433 0.391433 0.391433 0.391432 0.391432 0.391432 0.391431 0.391431 0.391432 0.391432 0.000000 0.000000
0.000000 0.000000 0.394936 0.394936 0.394935 0.394935 0.394936 0.394936 0.394936 0.394936 0.394937 0.394936 0.394936 0.394936 0.394936 0.394935 0.394935 0.394936 0.394936 0.000000 0.000000
0.000000 0.000000 0.398341 0.398340 0.398339 0.398340 0.398341 0.398340 0.398340 0.398341 0.398341 0.398341 0.398340 0.398340 0.398341 0.398340 0.398339 0.398340 0.398341 0.000000 0.000000
0.000000 0.000000 0.401652 0.401652 0.401651 0.401651 0.401653 0.401652 0.401652 0.401653 0.401653 0.401653 0.401652 0.401652 0.401653 0.401651 0.401651 0.401652 0.401652 0.000000 0.000000
0.000000 0.000000 0.404882 0.404881 0.404880 0.404881 0.404882 0.404881 0.404881 0.404882 0.404882 0.404882 0.404881 0.404881 0.404882 0.404881 0.404880 0.404881 0.404882 0.000000 0.000000
0.000000 0.000000 0.408093 0.408093 0.408092 0.408092 0.408093 0.408093 0.408093 0.408093 0.408094 0.408093 0.408093 0.408093 0.408093 0.408092 0.408092 0.408093 0.408093 0.000000 0.000000
0.000000 0.000000 0.350000 0.350000 0.350000 0.350000 0.350000 0.350000 0.350000 0.350000 0.350000 0.350000 0.350000 0.350000 0.350000 0.350000 0.350000 0.350000 0.350000 0.000000 0.000000
0.000000 0.000000 0.000000 0.000000 0.000000 0.000000 0.000000 0.000000 0.000000 0.000000 0.000000 0.000000 0.000000 0.000000 0.000000 0.000000 0.000000 0.000000 0.000000 0.000000 0.000000