geotop/1.0zi/1.0Montebello/Templates/testdem/maps/_Eocsand7116.asc
ncols         21
nrows         20
xllcorner     100.000000
yllcorner     100.000000
cellsize      50.000000
NODATA_value  -9999.0
0.000000 0.000000 0.000000 0.000000 0.000000 0.000000 0.000000 0.000000 0.000000 0.000000 0.000000 0.000000 0.000000 0.000000 0.000000 0.000000 0.000000 0.000000 0.000000 0.000000 0.000000
0.000000 0.000000 0.300177 0.300175 0.300174 0.300175 0.300174 0.300174 0.300174 0.300174 0.300175 0.300174 0.300175 0.300175 0.300174 0.300174 0.300176 0.300176 0.300175 0.000000 0.000000
0.000000 0.000000 0.300010 0.300010 0.300010 0.300009 0.300010 0.300010 0.300010 0.300010 0.300010 0.300010 0.300009 0.300010 0.300010 0.300010 0.300011 0.300011 0.300012 0.000000 0.000000
0.000000 0.000000 0.299958 0.299957 0.299962 0.299967 0.299965 0.299968 0.299963 0.299967 0.299966 0.299966 0.299966 0.299967 0.299965 0.299960 0.299959 0.299955 0.299956 0.000000 0.000000
0.000000 0.000000 0.298485 0.298481 0.298490 0.298501 0.298521 0.298529 0.298532 0.298532 0.298534 0.298533 0.298536 0.298531 0.298513 0.298508 0.298503 0.298494 0.298481 0.000000 0.000000
0.000000 0.000000 0.294134 0.294134 0.294154 0.294193 0.294221 0.294263 0.294261 0.294273 0.294265 0.294265 0.294262 0.294262 0.294244 0.294217 0.294196 0.294176 0.294163 0.000000 0.000000
0.000000 0.000000 0.287847 0.287854 0.287872 0.287915 0.287971 0.288033 0.288031 0.288040 0.288037 0.288038 0.288042 0.288036 0.287985 0.287935 0.287908 0.287884 0.287867 0.000000 0.000000
0.000000 0.000000 0.280326 0.280329 0.280341 0.280390 0.280444 0.280511 0.280510 0.280518 0.280519 0.280524 0.280528 0.280515 0.280459 0.280412 0.280369 0.280357 0.280332 0.000000 0.000000
0.000000 0.000000 0.272422 0.272435 0.272460 0.272490 0.272546 0.272619 0.272613 0.272630 0.272634 0.272638 0.272637 0.272638 0.272568 0.272510 0.272477 0.272461 0.272440 0.000000 0.000000
0.000000 0.000000 0.264253 0.264269 0.264282 0.264310 0.264389 0.264454 0.264451 0.264460 0.264470 0.264465 0.264456 0.264461 0.264402 0.264336 0.264298 0.264287 0.264270 0.000000 0.000000
0.000000 0.000000 0.255604 0.255615 0.255629 0.255690 0.255743 0.255820 0.255802 0.255843 0.255838 0.255839 0.255853 0.255827 0.255777 0.255736 0.255689 0.255664 0.255627 0.000000 0.000000
0.000000 0.000000 0.246271 0.246296 0.246325 0.246367 0.246423 0.246515 0.246515 0.246532 0.246511 0.246541 0.246535 0.246526 0.246437 0.246391 0.246359 0.246342 0.246255 0.000000 0.000000
0.000000 0.000000 0.236426 0.236452 0.236466 0.236518 0.236568 0.236781 0.236782 0.236798 0.236848 0.236824 0.236812 0.236791 0.236631 0.236584 0.236507 0.236499 0.236444 0.000000 0.000000
0.000000 0.000000 0.225327 0.225339 0.225380 0.225418 0.225655 0.225679 0.225727 0.225730 0.225728 0.225736 0.225740 0.225747 0.225742 0.225496 0.225443 0.225378 0.225316 0.000000 0.000000
0.000000 0.000000 0.212652 0.212672 0.212728 0.213001 0.213036 0.213172 0.213250 0.213266 0.213311 0.213348 0.213318 0.213329 0.213203 0.213145 0.212778 0.212818 0.212790 0.000000 0.000000
0.000000 0.000000 0.198871 0.198893 0.199277 0.199257 0.199278 0.199356 0.199239 0.199290 0.199232 0.199272 0.199325 0.199233 0.199190 0.199165 0.199323 0.198812 0.198809 0.000000 0.000000
0.000000 0.000000 0.182161 0.182740 0.182775 0.182957 0.183250 0.183347 0.183445 0.183430 0.183575 0.183575 0.183502 0.183559 0.183416 0.183199 0.182811 0.182910 0.182313 0.000000 0.000000
0.000000 0.000000 0.172456 0.172133 0.171592 0.171666 0.171756 0.172278 0.172250 0.172382 0.172220 0.172264 0.172262 0.172216 0.171755 0.171690 0.171505 0.172009 0.172306 0.000000 0.000000
0.000000 0.000000 0.300000 0.300000 0.300000 0.300000 0.300000 0.300000 0.300000 0.300000 0.300000 0.300000 0.300000 0.300000 0.300000 0.300000 0.300000 0.300000 0.300000 0.000000 0.000000
0.000000 0.000000 0.000000 0.000000 0.000000 0.000000 0.000000 0.000000 0.000000 0.000000 0.000000 0.000000 0.000000 0.000000 0.000000 0.000000 0.000000 0.000000 0.000000 0.000000 0.000000