geotop/1.0zi/1.0Montebello/Templates/testdem/maps/_Eocsand1822.asc
ncols         21
nrows         20
xllcorner     100.000000
yllcorner     100.000000
cellsize      50.000000
NODATA_value  -9999.0
0.000000 0.000000 0.000000 0.000000 0.000000 0.000000 0.000000 0.000000 0.000000 0.000000 0.000000 0.000000 0.000000 0.000000 0.000000 0.000000 0.000000 0.000000 0.000000 0.000000 0.000000
0.000000 0.000000 0.300055 0.300055 0.300055 0.300055 0.300055 0.300055 0.300055 0.300055 0.300055 0.300055 0.300055 0.300055 0.300055 0.300055 0.300055 0.300055 0.300055 0.000000 0.000000
0.000000 0.000000 0.300008 0.300009 0.300009 0.300008 0.300008 0.300008 0.300008 0.300008 0.300008 0.300008 0.300008 0.300008 0.300008 0.300008 0.300009 0.300009 0.300008 0.000000 0.000000
0.000000 0.000000 0.298667 0.298668 0.298672 0.298670 0.298667 0.298667 0.298667 0.298667 0.298667 0.298667 0.298667 0.298667 0.298667 0.298670 0.298672 0.298668 0.298667 0.000000 0.000000
0.000000 0.000000 0.293492 0.293493 0.293497 0.293496 0.293490 0.293491 0.293492 0.293489 0.293489 0.293489 0.293492 0.293491 0.293490 0.293496 0.293497 0.293493 0.293492 0.000000 0.000000
0.000000 0.000000 0.287336 0.287337 0.287340 0.287339 0.287334 0.287336 0.287336 0.287334 0.287334 0.287334 0.287336 0.287336 0.287334 0.287339 0.287340 0.287337 0.287336 0.000000 0.000000
0.000000 0.000000 0.281607 0.281608 0.281611 0.281610 0.281606 0.281607 0.281607 0.281606 0.281605 0.281606 0.281607 0.281607 0.281606 0.281610 0.281611 0.281608 0.281607 0.000000 0.000000
0.000000 0.000000 0.276346 0.276346 0.276349 0.276348 0.276345 0.276346 0.276346 0.276345 0.276344 0.276345 0.276346 0.276346 0.276345 0.276348 0.276349 0.276346 0.276346 0.000000 0.000000
0.000000 0.000000 0.271422 0.271423 0.271425 0.271424 0.271421 0.271422 0.271422 0.271421 0.271421 0.271421 0.271422 0.271422 0.271421 0.271424 0.271425 0.271423 0.271422 0.000000 0.000000
0.000000 0.000000 0.266715 0.266715 0.266718 0.266717 0.266714 0.266715 0.266715 0.266714 0.266713 0.266714 0.266715 0.266715 0.266714 0.266717 0.266718 0.266715 0.266715 0.000000 0.000000
0.000000 0.000000 0.262174 0.262175 0.262177 0.262176 0.262174 0.262174 0.262174 0.262174 0.262173 0.262174 0.262174 0.262174 0.262174 0.262176 0.262177 0.262175 0.262174 0.000000 0.000000
0.000000 0.000000 0.257759 0.257759 0.257762 0.257761 0.257758 0.257758 0.257758 0.257758 0.257757 0.257758 0.257758 0.257758 0.257758 0.257761 0.257762 0.257759 0.257759 0.000000 0.000000
0.000000 0.000000 0.253434 0.253435 0.253437 0.253436 0.253433 0.253434 0.253434 0.253433 0.253433 0.253433 0.253434 0.253434 0.253433 0.253436 0.253437 0.253435 0.253434 0.000000 0.000000
0.000000 0.000000 0.249197 0.249197 0.249200 0.249199 0.249196 0.249197 0.249197 0.249196 0.249196 0.249196 0.249197 0.249197 0.249196 0.249199 0.249200 0.249197 0.249197 0.000000 0.000000
0.000000 0.000000 0.245027 0.245028 0.245030 0.245029 0.245026 0.245027 0.245027 0.245026 0.245026 0.245026 0.245027 0.245027 0.245026 0.245029 0.245030 0.245028 0.245027 0.000000 0.000000
0.000000 0.000000 0.240914 0.240914 0.240917 0.240916 0.240913 0.240914 0.240914 0.240913 0.240913 0.240913 0.240914 0.240914 0.240913 0.240916 0.240917 0.240914 0.240914 0.000000 0.000000
0.000000 0.000000 0.236858 0.236858 0.236861 0.236860 0.236857 0.236858 0.236858 0.236857 0.236857 0.236857 0.236858 0.236858 0.236857 0.236860 0.236861 0.236858 0.236858 0.000000 0.000000
0.000000 0.000000 0.232775 0.232774 0.232777 0.232776 0.232773 0.232774 0.232774 0.232773 0.232773 0.232773 0.232774 0.232774 0.232773 0.232776 0.232777 0.232774 0.232774 0.000000 0.000000
0.000000 0.000000 0.300000 0.300000 0.300000 0.300000 0.300000 0.300000 0.300000 0.300000 0.300000 0.300000 0.300000 0.300000 0.300000 0.300000 0.300000 0.300000 0.300000 0.000000 0.000000
0.000000 0.000000 0.000000 0.000000 0.000000 0.000000 0.000000 0.000000 0.000000 0.000000 0.000000 0.000000 0.000000 0.000000 0.000000 0.000000 0.000000 0.000000 0.000000 0.000000 0.000000