geotop/1.0zi/1.0Montebello/Templates/testdem/maps/_Eocclay9876.asc
ncols         21
nrows         20
xllcorner     100.000000
yllcorner     100.000000
cellsize      50.000000
NODATA_value  -9999.0
0.000000 0.000000 0.000000 0.000000 0.000000 0.000000 0.000000 0.000000 0.000000 0.000000 0.000000 0.000000 0.000000 0.000000 0.000000 0.000000 0.000000 0.000000 0.000000 0.000000 0.000000
0.000000 0.000000 0.349549 0.349551 0.349551 0.349550 0.349552 0.349552 0.349551 0.349551 0.349550 0.349551 0.349551 0.349551 0.349551 0.349551 0.349549 0.349550 0.349551 0.000000 0.000000
0.000000 0.000000 0.349981 0.349979 0.349979 0.349982 0.349979 0.349979 0.349979 0.349979 0.349979 0.349979 0.349979 0.349979 0.349980 0.349980 0.349981 0.349980 0.349979 0.000000 0.000000
0.000000 0.000000 0.350040 0.350045 0.350042 0.350038 0.350039 0.350039 0.350043 0.350040 0.350043 0.350041 0.350042 0.350040 0.350043 0.350046 0.350045 0.350046 0.350043 0.000000 0.000000
0.000000 0.000000 0.351483 0.351477 0.351470 0.351458 0.351440 0.351437 0.351434 0.351436 0.351434 0.351438 0.351438 0.351440 0.351450 0.351455 0.351465 0.351469 0.351478 0.000000 0.000000
0.000000 0.000000 0.355447 0.355441 0.355418 0.355381 0.355350 0.355318 0.355323 0.355317 0.355317 0.355316 0.355323 0.355320 0.355337 0.355369 0.355384 0.355397 0.355402 0.000000 0.000000
0.000000 0.000000 0.360786 0.360774 0.360759 0.360723 0.360683 0.360623 0.360623 0.360617 0.360613 0.360614 0.360615 0.360615 0.360664 0.360699 0.360719 0.360732 0.360740 0.000000 0.000000
0.000000 0.000000 0.367133 0.367119 0.367102 0.367056 0.367010 0.366956 0.366958 0.366950 0.366945 0.366942 0.366940 0.366950 0.366994 0.367031 0.367065 0.367073 0.367087 0.000000 0.000000
0.000000 0.000000 0.374102 0.374083 0.374058 0.374023 0.373971 0.373909 0.373916 0.373903 0.373895 0.373892 0.373895 0.373892 0.373953 0.373999 0.374024 0.374034 0.374047 0.000000 0.000000
0.000000 0.000000 0.381850 0.381822 0.381803 0.381764 0.381706 0.381641 0.381642 0.381633 0.381619 0.381624 0.381633 0.381629 0.381679 0.381739 0.381770 0.381781 0.381788 0.000000 0.000000
0.000000 0.000000 0.390733 0.390710 0.390689 0.390605 0.390577 0.390488 0.390507 0.390463 0.390466 0.390460 0.390445 0.390469 0.390526 0.390563 0.390607 0.390622 0.390661 0.000000 0.000000
0.000000 0.000000 0.401158 0.401111 0.401057 0.401017 0.400970 0.400858 0.400856 0.400851 0.400863 0.400823 0.400842 0.400835 0.400937 0.400996 0.401019 0.401033 0.401110 0.000000 0.000000
0.000000 0.000000 0.412984 0.412939 0.412927 0.412844 0.412786 0.412487 0.412482 0.412462 0.412356 0.412421 0.412427 0.412452 0.412676 0.412726 0.412835 0.412840 0.412857 0.000000 0.000000
0.000000 0.000000 0.427723 0.427701 0.427604 0.427546 0.427124 0.427279 0.427189 0.427188 0.427246 0.427186 0.427175 0.427130 0.426989 0.427454 0.427468 0.427575 0.427640 0.000000 0.000000
0.000000 0.000000 0.444420 0.444369 0.444286 0.443744 0.443987 0.443642 0.443568 0.443532 0.443406 0.443367 0.443429 0.443433 0.443739 0.443504 0.444213 0.444042 0.444014 0.000000 0.000000
0.000000 0.000000 0.459103 0.459074 0.458496 0.458814 0.458703 0.458736 0.458994 0.458926 0.459065 0.459043 0.458931 0.459068 0.458981 0.459084 0.458409 0.459299 0.459286 0.000000 0.000000
0.000000 0.000000 0.471746 0.471293 0.471427 0.471231 0.470996 0.470938 0.470794 0.470827 0.470675 0.470693 0.470780 0.470689 0.470795 0.470972 0.471390 0.471073 0.471544 0.000000 0.000000
0.000000 0.000000 0.476574 0.476708 0.476993 0.476930 0.476876 0.476621 0.476626 0.476565 0.476637 0.476619 0.476624 0.476638 0.476861 0.476905 0.477011 0.476726 0.476594 0.000000 0.000000
0.000000 0.000000 0.350000 0.350000 0.350000 0.350000 0.350000 0.350000 0.350000 0.350000 0.350000 0.350000 0.350000 0.350000 0.350000 0.350000 0.350000 0.350000 0.350000 0.000000 0.000000
0.000000 0.000000 0.000000 0.000000 0.000000 0.000000 0.000000 0.000000 0.000000 0.000000 0.000000 0.000000 0.000000 0.000000 0.000000 0.000000 0.000000 0.000000 0.000000 0.000000 0.000000