geotop/1.0zi/1.0Montebello/Templates/testdem/maps/_Eocsilt2622.asc
ncols         21
nrows         20
xllcorner     100.000000
yllcorner     100.000000
cellsize      50.000000
NODATA_value  -9999.0
0.000000 0.000000 0.000000 0.000000 0.000000 0.000000 0.000000 0.000000 0.000000 0.000000 0.000000 0.000000 0.000000 0.000000 0.000000 0.000000 0.000000 0.000000 0.000000 0.000000 0.000000
0.000000 0.000000 0.350063 0.350063 0.350063 0.350063 0.350063 0.350063 0.350063 0.350063 0.350062 0.350063 0.350063 0.350063 0.350063 0.350063 0.350063 0.350063 0.350063 0.000000 0.000000
0.000000 0.000000 0.349998 0.349997 0.349998 0.349998 0.349998 0.349998 0.349998 0.349998 0.349998 0.349998 0.349998 0.349998 0.349998 0.349998 0.349998 0.349997 0.349998 0.000000 0.000000
0.000000 0.000000 0.350876 0.350875 0.350873 0.350874 0.350876 0.350876 0.350876 0.350876 0.350876 0.350876 0.350876 0.350876 0.350876 0.350874 0.350873 0.350875 0.350876 0.000000 0.000000
0.000000 0.000000 0.354297 0.354297 0.354295 0.354295 0.354298 0.354297 0.354297 0.354298 0.354298 0.354298 0.354297 0.354297 0.354298 0.354295 0.354295 0.354297 0.354297 0.000000 0.000000
0.000000 0.000000 0.358729 0.358728 0.358727 0.358727 0.358729 0.358728 0.358729 0.358730 0.358730 0.358730 0.358729 0.358728 0.358729 0.358727 0.358727 0.358728 0.358729 0.000000 0.000000
0.000000 0.000000 0.362788 0.362787 0.362786 0.362786 0.362788 0.362787 0.362788 0.362788 0.362789 0.362788 0.362788 0.362787 0.362788 0.362786 0.362786 0.362787 0.362788 0.000000 0.000000
0.000000 0.000000 0.366491 0.366491 0.366489 0.366490 0.366491 0.366491 0.366491 0.366491 0.366492 0.366491 0.366491 0.366491 0.366491 0.366490 0.366489 0.366491 0.366491 0.000000 0.000000
0.000000 0.000000 0.369937 0.369937 0.369936 0.369936 0.369938 0.369937 0.369937 0.369938 0.369938 0.369938 0.369937 0.369937 0.369938 0.369936 0.369936 0.369937 0.369937 0.000000 0.000000
0.000000 0.000000 0.373206 0.373206 0.373205 0.373205 0.373206 0.373206 0.373206 0.373207 0.373207 0.373207 0.373206 0.373206 0.373206 0.373205 0.373205 0.373206 0.373206 0.000000 0.000000
0.000000 0.000000 0.376337 0.376337 0.376336 0.376336 0.376338 0.376337 0.376337 0.376338 0.376338 0.376338 0.376337 0.376337 0.376338 0.376336 0.376336 0.376337 0.376337 0.000000 0.000000
0.000000 0.000000 0.379360 0.379359 0.379358 0.379359 0.379360 0.379359 0.379359 0.379360 0.379360 0.379360 0.379359 0.379359 0.379360 0.379359 0.379358 0.379359 0.379360 0.000000 0.000000
0.000000 0.000000 0.382295 0.382295 0.382294 0.382294 0.382295 0.382295 0.382295 0.382295 0.382296 0.382295 0.382295 0.382295 0.382295 0.382294 0.382294 0.382295 0.382295 0.000000 0.000000
0.000000 0.000000 0.385158 0.385158 0.385157 0.385157 0.385158 0.385158 0.385158 0.385158 0.385159 0.385158 0.385158 0.385158 0.385158 0.385157 0.385157 0.385158 0.385158 0.000000 0.000000
0.000000 0.000000 0.387958 0.387957 0.387956 0.387957 0.387958 0.387957 0.387957 0.387958 0.387958 0.387958 0.387957 0.387957 0.387958 0.387957 0.387956 0.387957 0.387958 0.000000 0.000000
0.000000 0.000000 0.390700 0.390699 0.390698 0.390699 0.390700 0.390699 0.390699 0.390700 0.390700 0.390700 0.390699 0.390699 0.390700 0.390699 0.390698 0.390699 0.390700 0.000000 0.000000
0.000000 0.000000 0.393387 0.393387 0.393386 0.393386 0.393387 0.393387 0.393387 0.393387 0.393387 0.393387 0.393387 0.393387 0.393387 0.393386 0.393386 0.393387 0.393387 0.000000 0.000000
0.000000 0.000000 0.396057 0.396057 0.396056 0.396057 0.396058 0.396057 0.396057 0.396058 0.396058 0.396058 0.396057 0.396057 0.396058 0.396057 0.396056 0.396057 0.396058 0.000000 0.000000
0.000000 0.000000 0.350000 0.350000 0.350000 0.350000 0.350000 0.350000 0.350000 0.350000 0.350000 0.350000 0.350000 0.350000 0.350000 0.350000 0.350000 0.350000 0.350000 0.000000 0.000000
0.000000 0.000000 0.000000 0.000000 0.000000 0.000000 0.000000 0.000000 0.000000 0.000000 0.000000 0.000000 0.000000 0.000000 0.000000 0.000000 0.000000 0.000000 0.000000 0.000000 0.000000