geotop/1.0zi/1.0Montebello/Templates/testdem/maps/_Eocclay3763.asc
ncols         21
nrows         20
xllcorner     100.000000
yllcorner     100.000000
cellsize      50.000000
NODATA_value  -9999.0
0.000000 0.000000 0.000000 0.000000 0.000000 0.000000 0.000000 0.000000 0.000000 0.000000 0.000000 0.000000 0.000000 0.000000 0.000000 0.000000 0.000000 0.000000 0.000000 0.000000 0.000000
0.000000 0.000000 0.349830 0.349831 0.349831 0.349831 0.349831 0.349831 0.349831 0.349831 0.349831 0.349831 0.349831 0.349831 0.349831 0.349831 0.349830 0.349831 0.349831 0.000000 0.000000
0.000000 0.000000 0.349994 0.349995 0.349995 0.349995 0.349994 0.349995 0.349994 0.349994 0.349994 0.349994 0.349994 0.349995 0.349994 0.349995 0.349994 0.349994 0.349994 0.000000 0.000000
0.000000 0.000000 0.349997 0.349997 0.349996 0.349997 0.349999 0.349999 0.349999 0.349998 0.349999 0.349998 0.349998 0.349996 0.349997 0.349998 0.349997 0.349997 0.349997 0.000000 0.000000
0.000000 0.000000 0.350339 0.350341 0.350340 0.350336 0.350330 0.350326 0.350326 0.350325 0.350326 0.350327 0.350324 0.350325 0.350332 0.350332 0.350334 0.350333 0.350336 0.000000 0.000000
0.000000 0.000000 0.351456 0.351460 0.351455 0.351448 0.351441 0.351433 0.351433 0.351428 0.351432 0.351433 0.351438 0.351438 0.351435 0.351440 0.351443 0.351448 0.351451 0.000000 0.000000
0.000000 0.000000 0.353059 0.353058 0.353053 0.353041 0.353025 0.353004 0.353004 0.353000 0.353003 0.353004 0.353006 0.353012 0.353029 0.353042 0.353048 0.353050 0.353053 0.000000 0.000000
0.000000 0.000000 0.354825 0.354826 0.354821 0.354804 0.354786 0.354767 0.354768 0.354765 0.354766 0.354766 0.354768 0.354773 0.354793 0.354805 0.354811 0.354813 0.354818 0.000000 0.000000
0.000000 0.000000 0.356597 0.356596 0.356589 0.356576 0.356558 0.356537 0.356538 0.356534 0.356535 0.356536 0.356538 0.356543 0.356562 0.356578 0.356583 0.356584 0.356591 0.000000 0.000000
0.000000 0.000000 0.358358 0.358356 0.358350 0.358337 0.358316 0.358296 0.358298 0.358295 0.358295 0.358296 0.358298 0.358302 0.358323 0.358339 0.358344 0.358346 0.358351 0.000000 0.000000
0.000000 0.000000 0.360142 0.360140 0.360133 0.360123 0.360106 0.360082 0.360084 0.360079 0.360080 0.360081 0.360083 0.360088 0.360106 0.360117 0.360124 0.360126 0.360132 0.000000 0.000000
0.000000 0.000000 0.361974 0.361972 0.361965 0.361949 0.361931 0.361909 0.361908 0.361905 0.361906 0.361905 0.361909 0.361912 0.361935 0.361949 0.361955 0.361957 0.361978 0.000000 0.000000
0.000000 0.000000 0.363816 0.363813 0.363805 0.363793 0.363772 0.363731 0.363731 0.363727 0.363727 0.363728 0.363731 0.363736 0.363773 0.363789 0.363795 0.363797 0.363811 0.000000 0.000000
0.000000 0.000000 0.365749 0.365744 0.365737 0.365724 0.365681 0.365667 0.365660 0.365657 0.365658 0.365659 0.365661 0.365666 0.365681 0.365718 0.365725 0.365732 0.365739 0.000000 0.000000
0.000000 0.000000 0.367815 0.367811 0.367797 0.367761 0.367736 0.367710 0.367696 0.367692 0.367687 0.367687 0.367693 0.367694 0.367716 0.367743 0.367782 0.367779 0.367785 0.000000 0.000000
0.000000 0.000000 0.369928 0.369924 0.369882 0.369871 0.369853 0.369837 0.369833 0.369832 0.369834 0.369834 0.369833 0.369845 0.369855 0.369867 0.369868 0.369906 0.369917 0.000000 0.000000
0.000000 0.000000 0.372248 0.372202 0.372164 0.372145 0.372112 0.372095 0.372091 0.372088 0.372083 0.372084 0.372089 0.372092 0.372105 0.372135 0.372152 0.372173 0.372221 0.000000 0.000000
0.000000 0.000000 0.374098 0.374085 0.374109 0.374086 0.374054 0.374003 0.373997 0.373992 0.373994 0.373994 0.373996 0.374004 0.374050 0.374078 0.374107 0.374064 0.374087 0.000000 0.000000
0.000000 0.000000 0.350000 0.350000 0.350000 0.350000 0.350000 0.350000 0.350000 0.350000 0.350000 0.350000 0.350000 0.350000 0.350000 0.350000 0.350000 0.350000 0.350000 0.000000 0.000000
0.000000 0.000000 0.000000 0.000000 0.000000 0.000000 0.000000 0.000000 0.000000 0.000000 0.000000 0.000000 0.000000 0.000000 0.000000 0.000000 0.000000 0.000000 0.000000 0.000000 0.000000