geotop/1.0zi/1.0Montebello/Templates/testdem/maps/_Eocsand9768.asc
ncols         21
nrows         20
xllcorner     100.000000
yllcorner     100.000000
cellsize      50.000000
NODATA_value  -9999.0
0.000000 0.000000 0.000000 0.000000 0.000000 0.000000 0.000000 0.000000 0.000000 0.000000 0.000000 0.000000 0.000000 0.000000 0.000000 0.000000 0.000000 0.000000 0.000000 0.000000 0.000000
0.000000 0.000000 0.300241 0.300238 0.300239 0.300239 0.300238 0.300238 0.300238 0.300239 0.300239 0.300239 0.300239 0.300239 0.300239 0.300238 0.300240 0.300239 0.300239 0.000000 0.000000
0.000000 0.000000 0.300011 0.300013 0.300013 0.300011 0.300012 0.300013 0.300012 0.300012 0.300012 0.300012 0.300011 0.300012 0.300012 0.300012 0.300013 0.300013 0.300014 0.000000 0.000000
0.000000 0.000000 0.299810 0.299808 0.299817 0.299825 0.299824 0.299830 0.299822 0.299824 0.299824 0.299823 0.299821 0.299823 0.299818 0.299811 0.299808 0.299805 0.299806 0.000000 0.000000
0.000000 0.000000 0.297020 0.297021 0.297037 0.297070 0.297097 0.297107 0.297107 0.297108 0.297111 0.297104 0.297098 0.297099 0.297075 0.297061 0.297046 0.297037 0.297024 0.000000 0.000000
0.000000 0.000000 0.289409 0.289421 0.289458 0.289520 0.289584 0.289642 0.289638 0.289651 0.289650 0.289649 0.289638 0.289643 0.289608 0.289553 0.289526 0.289505 0.289493 0.000000 0.000000
0.000000 0.000000 0.279017 0.279039 0.279069 0.279143 0.279225 0.279336 0.279333 0.279344 0.279352 0.279352 0.279352 0.279349 0.279257 0.279189 0.279149 0.279120 0.279105 0.000000 0.000000
0.000000 0.000000 0.266655 0.266681 0.266712 0.266801 0.266891 0.266993 0.266990 0.267005 0.267015 0.267021 0.267024 0.267007 0.266922 0.266847 0.266780 0.266766 0.266737 0.000000 0.000000
0.000000 0.000000 0.253070 0.253108 0.253156 0.253225 0.253328 0.253449 0.253437 0.253462 0.253478 0.253482 0.253475 0.253482 0.253362 0.253272 0.253220 0.253199 0.253173 0.000000 0.000000
0.000000 0.000000 0.238062 0.238115 0.238153 0.238227 0.238340 0.238466 0.238464 0.238482 0.238508 0.238497 0.238481 0.238488 0.238391 0.238275 0.238214 0.238191 0.238179 0.000000 0.000000
0.000000 0.000000 0.220980 0.221024 0.221062 0.221225 0.221279 0.221448 0.221413 0.221497 0.221490 0.221503 0.221529 0.221483 0.221375 0.221302 0.221217 0.221187 0.221113 0.000000 0.000000
0.000000 0.000000 0.201031 0.201120 0.201220 0.201299 0.201388 0.201602 0.201606 0.201617 0.201593 0.201666 0.201631 0.201643 0.201448 0.201336 0.201290 0.201263 0.201115 0.000000 0.000000
0.000000 0.000000 0.178528 0.178612 0.178636 0.178793 0.178902 0.179466 0.179476 0.179513 0.179712 0.179591 0.179579 0.179530 0.179108 0.179012 0.178806 0.178796 0.178759 0.000000 0.000000
0.000000 0.000000 0.150656 0.150696 0.150876 0.150988 0.151774 0.151499 0.151668 0.151670 0.151567 0.151674 0.151693 0.151776 0.152028 0.151161 0.151129 0.150927 0.150806 0.000000 0.000000
0.000000 0.000000 0.119024 0.119118 0.119276 0.120288 0.119860 0.120493 0.120634 0.120702 0.120932 0.121008 0.120892 0.120887 0.120326 0.120737 0.119416 0.119728 0.119775 0.000000 0.000000
0.000000 0.000000 0.090865 0.090920 0.092007 0.091434 0.091634 0.091584 0.091105 0.091234 0.090978 0.091020 0.091227 0.090970 0.091123 0.090937 0.092172 0.090509 0.090533 0.000000 0.000000
0.000000 0.000000 0.066880 0.067687 0.067476 0.067814 0.068239 0.068374 0.068622 0.068566 0.068832 0.068801 0.068649 0.068805 0.068583 0.068265 0.067545 0.068067 0.067227 0.000000 0.000000
0.000000 0.000000 0.056837 0.056761 0.056288 0.056453 0.056610 0.057036 0.057071 0.057158 0.057086 0.057111 0.057076 0.057081 0.056690 0.056569 0.056269 0.056797 0.056865 0.000000 0.000000
0.000000 0.000000 0.300000 0.300000 0.300000 0.300000 0.300000 0.300000 0.300000 0.300000 0.300000 0.300000 0.300000 0.300000 0.300000 0.300000 0.300000 0.300000 0.300000 0.000000 0.000000
0.000000 0.000000 0.000000 0.000000 0.000000 0.000000 0.000000 0.000000 0.000000 0.000000 0.000000 0.000000 0.000000 0.000000 0.000000 0.000000 0.000000 0.000000 0.000000 0.000000 0.000000