geotop/1.0zi/1.0Montebello/Templates/testdem/maps/_Eocsilt8309.asc
ncols         21
nrows         20
xllcorner     100.000000
yllcorner     100.000000
cellsize      50.000000
NODATA_value  -9999.0
0.000000 0.000000 0.000000 0.000000 0.000000 0.000000 0.000000 0.000000 0.000000 0.000000 0.000000 0.000000 0.000000 0.000000 0.000000 0.000000 0.000000 0.000000 0.000000 0.000000 0.000000
0.000000 0.000000 0.350172 0.350173 0.350173 0.350173 0.350173 0.350173 0.350173 0.350173 0.350173 0.350172 0.350172 0.350172 0.350172 0.350173 0.350173 0.350173 0.350173 0.000000 0.000000
0.000000 0.000000 0.350005 0.350005 0.350006 0.350005 0.350006 0.350006 0.350006 0.350006 0.350006 0.350006 0.350007 0.350006 0.350006 0.350005 0.350004 0.350004 0.350005 0.000000 0.000000
0.000000 0.000000 0.350102 0.350099 0.350097 0.350091 0.350092 0.350087 0.350090 0.350090 0.350087 0.350089 0.350089 0.350089 0.350092 0.350095 0.350098 0.350098 0.350100 0.000000 0.000000
0.000000 0.000000 0.351048 0.351054 0.351048 0.351037 0.351030 0.351023 0.351020 0.351019 0.351018 0.351018 0.351019 0.351021 0.351035 0.351039 0.351042 0.351053 0.351054 0.000000 0.000000
0.000000 0.000000 0.353816 0.353816 0.353808 0.353791 0.353772 0.353749 0.353747 0.353741 0.353746 0.353746 0.353747 0.353746 0.353758 0.353773 0.353786 0.353794 0.353800 0.000000 0.000000
0.000000 0.000000 0.357788 0.357784 0.357773 0.357747 0.357714 0.357678 0.357678 0.357674 0.357676 0.357674 0.357671 0.357676 0.357707 0.357735 0.357753 0.357769 0.357776 0.000000 0.000000
0.000000 0.000000 0.362487 0.362485 0.362479 0.362451 0.362419 0.362380 0.362379 0.362375 0.362374 0.362370 0.362369 0.362375 0.362410 0.362439 0.362466 0.362473 0.362486 0.000000 0.000000
0.000000 0.000000 0.367554 0.367545 0.367530 0.367511 0.367477 0.367432 0.367433 0.367424 0.367421 0.367419 0.367421 0.367420 0.367463 0.367499 0.367521 0.367533 0.367544 0.000000 0.000000
0.000000 0.000000 0.372909 0.372900 0.372892 0.372873 0.372825 0.372784 0.372784 0.372779 0.372773 0.372776 0.372782 0.372780 0.372816 0.372857 0.372883 0.372892 0.372899 0.000000 0.000000
0.000000 0.000000 0.378718 0.378712 0.378703 0.378661 0.378628 0.378580 0.378590 0.378564 0.378568 0.378566 0.378557 0.378574 0.378608 0.378634 0.378666 0.378684 0.378705 0.000000 0.000000
0.000000 0.000000 0.385186 0.385169 0.385149 0.385124 0.385085 0.385025 0.385020 0.385013 0.385027 0.385007 0.385013 0.385016 0.385078 0.385110 0.385133 0.385146 0.385199 0.000000 0.000000
0.000000 0.000000 0.392192 0.392176 0.392170 0.392131 0.392097 0.391940 0.391936 0.391927 0.391886 0.391908 0.391917 0.391931 0.392051 0.392083 0.392143 0.392151 0.392176 0.000000 0.000000
0.000000 0.000000 0.400425 0.400421 0.400389 0.400363 0.400165 0.400181 0.400139 0.400140 0.400154 0.400141 0.400135 0.400126 0.400106 0.400313 0.400346 0.400401 0.400439 0.000000 0.000000
0.000000 0.000000 0.410133 0.410115 0.410077 0.409825 0.409849 0.409722 0.409666 0.409652 0.409610 0.409579 0.409607 0.409602 0.409725 0.409717 0.410051 0.410001 0.410006 0.000000 0.000000
0.000000 0.000000 0.420728 0.420714 0.420352 0.420454 0.420426 0.420393 0.420528 0.420486 0.420558 0.420533 0.420473 0.420564 0.420569 0.420592 0.420323 0.420850 0.420842 0.000000 0.000000
0.000000 0.000000 0.433691 0.433135 0.433258 0.433048 0.432769 0.432687 0.432530 0.432567 0.432400 0.432415 0.432510 0.432416 0.432557 0.432764 0.433241 0.432932 0.433512 0.000000 0.000000
0.000000 0.000000 0.438331 0.438837 0.439295 0.439299 0.439323 0.438880 0.438954 0.438824 0.439036 0.438993 0.438960 0.439033 0.439400 0.439384 0.439382 0.439030 0.438534 0.000000 0.000000
0.000000 0.000000 0.350000 0.350000 0.350000 0.350000 0.350000 0.350000 0.350000 0.350000 0.350000 0.350000 0.350000 0.350000 0.350000 0.350000 0.350000 0.350000 0.350000 0.000000 0.000000
0.000000 0.000000 0.000000 0.000000 0.000000 0.000000 0.000000 0.000000 0.000000 0.000000 0.000000 0.000000 0.000000 0.000000 0.000000 0.000000 0.000000 0.000000 0.000000 0.000000 0.000000