geotop/1.0zi/1.0Montebello/Templates/testdem/maps/_Eocsilt6903.asc
ncols         21
nrows         20
xllcorner     100.000000
yllcorner     100.000000
cellsize      50.000000
NODATA_value  -9999.0
0.000000 0.000000 0.000000 0.000000 0.000000 0.000000 0.000000 0.000000 0.000000 0.000000 0.000000 0.000000 0.000000 0.000000 0.000000 0.000000 0.000000 0.000000 0.000000 0.000000 0.000000
0.000000 0.000000 0.350137 0.350138 0.350138 0.350138 0.350138 0.350138 0.350138 0.350138 0.350139 0.350138 0.350138 0.350138 0.350138 0.350138 0.350139 0.350138 0.350138 0.000000 0.000000
0.000000 0.000000 0.350003 0.350002 0.350003 0.350003 0.350003 0.350003 0.350003 0.350003 0.350003 0.350003 0.350004 0.350004 0.350003 0.350003 0.350001 0.350001 0.350002 0.000000 0.000000
0.000000 0.000000 0.350060 0.350057 0.350055 0.350050 0.350051 0.350049 0.350051 0.350052 0.350050 0.350050 0.350050 0.350050 0.350052 0.350055 0.350058 0.350059 0.350059 0.000000 0.000000
0.000000 0.000000 0.350713 0.350719 0.350715 0.350707 0.350703 0.350696 0.350695 0.350692 0.350693 0.350695 0.350696 0.350697 0.350707 0.350711 0.350709 0.350717 0.350722 0.000000 0.000000
0.000000 0.000000 0.352685 0.352687 0.352678 0.352665 0.352651 0.352632 0.352631 0.352626 0.352630 0.352632 0.352633 0.352631 0.352639 0.352649 0.352658 0.352663 0.352669 0.000000 0.000000
0.000000 0.000000 0.355637 0.355634 0.355625 0.355603 0.355577 0.355550 0.355551 0.355548 0.355549 0.355548 0.355545 0.355550 0.355571 0.355594 0.355607 0.355620 0.355627 0.000000 0.000000
0.000000 0.000000 0.359189 0.359188 0.359184 0.359162 0.359136 0.359106 0.359107 0.359103 0.359103 0.359101 0.359099 0.359104 0.359129 0.359153 0.359173 0.359177 0.359189 0.000000 0.000000
0.000000 0.000000 0.362946 0.362939 0.362927 0.362912 0.362887 0.362852 0.362854 0.362846 0.362844 0.362844 0.362845 0.362843 0.362876 0.362905 0.362921 0.362928 0.362939 0.000000 0.000000
0.000000 0.000000 0.366794 0.366787 0.366781 0.366768 0.366733 0.366702 0.366704 0.366699 0.366695 0.366698 0.366703 0.366699 0.366726 0.366758 0.366776 0.366780 0.366788 0.000000 0.000000
0.000000 0.000000 0.370825 0.370820 0.370815 0.370786 0.370762 0.370728 0.370736 0.370717 0.370719 0.370720 0.370714 0.370725 0.370747 0.370767 0.370789 0.370800 0.370817 0.000000 0.000000
0.000000 0.000000 0.375154 0.375143 0.375130 0.375111 0.375086 0.375044 0.375044 0.375035 0.375046 0.375034 0.375037 0.375040 0.375081 0.375102 0.375117 0.375124 0.375165 0.000000 0.000000
0.000000 0.000000 0.379689 0.379678 0.379671 0.379648 0.379626 0.379531 0.379530 0.379522 0.379500 0.379512 0.379518 0.379526 0.379598 0.379620 0.379655 0.379658 0.379685 0.000000 0.000000
0.000000 0.000000 0.384756 0.384751 0.384733 0.384716 0.384613 0.384599 0.384577 0.384576 0.384576 0.384575 0.384573 0.384569 0.384573 0.384682 0.384708 0.384735 0.384765 0.000000 0.000000
0.000000 0.000000 0.390494 0.390485 0.390461 0.390342 0.390323 0.390264 0.390228 0.390221 0.390202 0.390187 0.390201 0.390194 0.390247 0.390279 0.390441 0.390423 0.390437 0.000000 0.000000
0.000000 0.000000 0.396703 0.396694 0.396529 0.396528 0.396521 0.396489 0.396536 0.396514 0.396538 0.396521 0.396500 0.396537 0.396554 0.396566 0.396511 0.396728 0.396730 0.000000 0.000000
0.000000 0.000000 0.404140 0.403896 0.403868 0.403796 0.403676 0.403633 0.403595 0.403600 0.403542 0.403542 0.403572 0.403549 0.403610 0.403701 0.403856 0.403832 0.404082 0.000000 0.000000
0.000000 0.000000 0.408724 0.408833 0.409063 0.409024 0.408979 0.408762 0.408769 0.408715 0.408777 0.408761 0.408765 0.408780 0.408974 0.409010 0.409102 0.408881 0.408785 0.000000 0.000000
0.000000 0.000000 0.350000 0.350000 0.350000 0.350000 0.350000 0.350000 0.350000 0.350000 0.350000 0.350000 0.350000 0.350000 0.350000 0.350000 0.350000 0.350000 0.350000 0.000000 0.000000
0.000000 0.000000 0.000000 0.000000 0.000000 0.000000 0.000000 0.000000 0.000000 0.000000 0.000000 0.000000 0.000000 0.000000 0.000000 0.000000 0.000000 0.000000 0.000000 0.000000 0.000000