geotop/1.0zi/1.0Montebello/Templates/testdem/maps/_Eocclay2621.asc
ncols         21
nrows         20
xllcorner     100.000000
yllcorner     100.000000
cellsize      50.000000
NODATA_value  -9999.0
0.000000 0.000000 0.000000 0.000000 0.000000 0.000000 0.000000 0.000000 0.000000 0.000000 0.000000 0.000000 0.000000 0.000000 0.000000 0.000000 0.000000 0.000000 0.000000 0.000000 0.000000
0.000000 0.000000 0.349859 0.349859 0.349859 0.349859 0.349859 0.349859 0.349859 0.349859 0.349859 0.349859 0.349859 0.349859 0.349859 0.349859 0.349859 0.349859 0.349859 0.000000 0.000000
0.000000 0.000000 0.349990 0.349990 0.349989 0.349990 0.349990 0.349990 0.349990 0.349990 0.349991 0.349990 0.349990 0.349990 0.349990 0.349990 0.349989 0.349990 0.349990 0.000000 0.000000
0.000000 0.000000 0.350813 0.350813 0.350811 0.350812 0.350813 0.350813 0.350813 0.350813 0.350813 0.350813 0.350813 0.350813 0.350813 0.350812 0.350811 0.350813 0.350813 0.000000 0.000000
0.000000 0.000000 0.354587 0.354586 0.354585 0.354585 0.354588 0.354587 0.354587 0.354589 0.354589 0.354589 0.354587 0.354587 0.354588 0.354585 0.354585 0.354586 0.354587 0.000000 0.000000
0.000000 0.000000 0.358927 0.358926 0.358925 0.358925 0.358928 0.358927 0.358927 0.358928 0.358928 0.358928 0.358927 0.358927 0.358928 0.358925 0.358925 0.358926 0.358927 0.000000 0.000000
0.000000 0.000000 0.363047 0.363047 0.363046 0.363046 0.363048 0.363047 0.363047 0.363048 0.363048 0.363048 0.363047 0.363047 0.363048 0.363046 0.363046 0.363047 0.363047 0.000000 0.000000
0.000000 0.000000 0.366831 0.366831 0.366829 0.366830 0.366831 0.366831 0.366831 0.366832 0.366832 0.366832 0.366831 0.366831 0.366831 0.366830 0.366829 0.366831 0.366831 0.000000 0.000000
0.000000 0.000000 0.370357 0.370357 0.370356 0.370356 0.370358 0.370357 0.370357 0.370358 0.370358 0.370358 0.370357 0.370357 0.370358 0.370356 0.370356 0.370357 0.370357 0.000000 0.000000
0.000000 0.000000 0.373706 0.373705 0.373704 0.373705 0.373706 0.373706 0.373706 0.373706 0.373707 0.373706 0.373706 0.373706 0.373706 0.373705 0.373704 0.373705 0.373706 0.000000 0.000000
0.000000 0.000000 0.376916 0.376916 0.376915 0.376915 0.376917 0.376916 0.376916 0.376917 0.376917 0.376917 0.376916 0.376916 0.376917 0.376915 0.376915 0.376916 0.376916 0.000000 0.000000
0.000000 0.000000 0.380018 0.380018 0.380017 0.380017 0.380019 0.380018 0.380018 0.380019 0.380019 0.380019 0.380018 0.380018 0.380019 0.380017 0.380017 0.380018 0.380018 0.000000 0.000000
0.000000 0.000000 0.383034 0.383034 0.383033 0.383033 0.383035 0.383034 0.383034 0.383035 0.383035 0.383035 0.383034 0.383034 0.383035 0.383033 0.383033 0.383034 0.383034 0.000000 0.000000
0.000000 0.000000 0.385979 0.385979 0.385978 0.385978 0.385979 0.385979 0.385979 0.385979 0.385980 0.385979 0.385979 0.385979 0.385979 0.385978 0.385978 0.385979 0.385979 0.000000 0.000000
0.000000 0.000000 0.388862 0.388861 0.388860 0.388861 0.388862 0.388861 0.388861 0.388862 0.388862 0.388862 0.388861 0.388861 0.388862 0.388861 0.388860 0.388861 0.388862 0.000000 0.000000
0.000000 0.000000 0.391688 0.391687 0.391686 0.391687 0.391688 0.391687 0.391687 0.391688 0.391688 0.391688 0.391687 0.391687 0.391688 0.391687 0.391686 0.391687 0.391688 0.000000 0.000000
0.000000 0.000000 0.394460 0.394460 0.394459 0.394459 0.394460 0.394460 0.394460 0.394461 0.394461 0.394461 0.394460 0.394460 0.394460 0.394459 0.394459 0.394460 0.394460 0.000000 0.000000
0.000000 0.000000 0.397220 0.397220 0.397219 0.397219 0.397220 0.397220 0.397220 0.397220 0.397221 0.397220 0.397220 0.397220 0.397220 0.397219 0.397219 0.397220 0.397220 0.000000 0.000000
0.000000 0.000000 0.350000 0.350000 0.350000 0.350000 0.350000 0.350000 0.350000 0.350000 0.350000 0.350000 0.350000 0.350000 0.350000 0.350000 0.350000 0.350000 0.350000 0.000000 0.000000
0.000000 0.000000 0.000000 0.000000 0.000000 0.000000 0.000000 0.000000 0.000000 0.000000 0.000000 0.000000 0.000000 0.000000 0.000000 0.000000 0.000000 0.000000 0.000000 0.000000 0.000000