geotop/1.0zi/1.0Montebello/Templates/testdem/maps/_Eocsilt3010.asc
ncols         21
nrows         20
xllcorner     100.000000
yllcorner     100.000000
cellsize      50.000000
NODATA_value  -9999.0
0.000000 0.000000 0.000000 0.000000 0.000000 0.000000 0.000000 0.000000 0.000000 0.000000 0.000000 0.000000 0.000000 0.000000 0.000000 0.000000 0.000000 0.000000 0.000000 0.000000 0.000000
0.000000 0.000000 0.350080 0.350080 0.350080 0.350080 0.350080 0.350080 0.350080 0.350080 0.350079 0.350080 0.350080 0.350080 0.350080 0.350080 0.350080 0.350080 0.350080 0.000000 0.000000
0.000000 0.000000 0.349996 0.349996 0.349996 0.349996 0.349996 0.349996 0.349996 0.349996 0.349997 0.349996 0.349996 0.349996 0.349996 0.349996 0.349996 0.349996 0.349996 0.000000 0.000000
0.000000 0.000000 0.351136 0.351135 0.351133 0.351134 0.351137 0.351136 0.351136 0.351136 0.351137 0.351136 0.351136 0.351136 0.351137 0.351134 0.351133 0.351135 0.351136 0.000000 0.000000
0.000000 0.000000 0.355409 0.355408 0.355406 0.355407 0.355409 0.355408 0.355408 0.355410 0.355410 0.355410 0.355408 0.355408 0.355409 0.355407 0.355406 0.355408 0.355409 0.000000 0.000000
0.000000 0.000000 0.360703 0.360702 0.360701 0.360701 0.360703 0.360702 0.360702 0.360703 0.360704 0.360703 0.360702 0.360702 0.360703 0.360701 0.360701 0.360702 0.360703 0.000000 0.000000
0.000000 0.000000 0.365504 0.365504 0.365502 0.365503 0.365505 0.365504 0.365504 0.365505 0.365505 0.365505 0.365504 0.365504 0.365505 0.365503 0.365502 0.365504 0.365504 0.000000 0.000000
0.000000 0.000000 0.369851 0.369851 0.369850 0.369850 0.369852 0.369851 0.369851 0.369852 0.369852 0.369852 0.369851 0.369851 0.369852 0.369850 0.369850 0.369851 0.369851 0.000000 0.000000
0.000000 0.000000 0.373872 0.373871 0.373870 0.373870 0.373872 0.373871 0.373871 0.373872 0.373872 0.373872 0.373871 0.373871 0.373872 0.373870 0.373870 0.373871 0.373872 0.000000 0.000000
0.000000 0.000000 0.377661 0.377661 0.377660 0.377660 0.377662 0.377661 0.377661 0.377662 0.377662 0.377662 0.377661 0.377661 0.377662 0.377660 0.377660 0.377661 0.377661 0.000000 0.000000
0.000000 0.000000 0.381266 0.381265 0.381264 0.381265 0.381266 0.381265 0.381266 0.381266 0.381266 0.381266 0.381266 0.381265 0.381266 0.381265 0.381264 0.381265 0.381266 0.000000 0.000000
0.000000 0.000000 0.384720 0.384720 0.384719 0.384719 0.384720 0.384720 0.384720 0.384720 0.384721 0.384720 0.384720 0.384720 0.384720 0.384719 0.384719 0.384720 0.384720 0.000000 0.000000
0.000000 0.000000 0.388052 0.388052 0.388051 0.388051 0.388052 0.388052 0.388052 0.388052 0.388053 0.388052 0.388052 0.388052 0.388052 0.388051 0.388051 0.388052 0.388052 0.000000 0.000000
0.000000 0.000000 0.391287 0.391287 0.391286 0.391286 0.391288 0.391287 0.391287 0.391288 0.391288 0.391288 0.391287 0.391287 0.391288 0.391286 0.391286 0.391287 0.391287 0.000000 0.000000
0.000000 0.000000 0.394432 0.394432 0.394431 0.394431 0.394432 0.394432 0.394432 0.394432 0.394433 0.394432 0.394432 0.394432 0.394432 0.394431 0.394431 0.394432 0.394432 0.000000 0.000000
0.000000 0.000000 0.397492 0.397492 0.397491 0.397491 0.397492 0.397492 0.397492 0.397493 0.397493 0.397493 0.397492 0.397492 0.397492 0.397491 0.397491 0.397492 0.397492 0.000000 0.000000
0.000000 0.000000 0.400478 0.400478 0.400477 0.400477 0.400478 0.400478 0.400478 0.400479 0.400479 0.400479 0.400478 0.400478 0.400478 0.400477 0.400477 0.400478 0.400478 0.000000 0.000000
0.000000 0.000000 0.403448 0.403449 0.403448 0.403448 0.403449 0.403449 0.403449 0.403449 0.403449 0.403449 0.403449 0.403449 0.403449 0.403448 0.403448 0.403449 0.403449 0.000000 0.000000
0.000000 0.000000 0.350000 0.350000 0.350000 0.350000 0.350000 0.350000 0.350000 0.350000 0.350000 0.350000 0.350000 0.350000 0.350000 0.350000 0.350000 0.350000 0.350000 0.000000 0.000000
0.000000 0.000000 0.000000 0.000000 0.000000 0.000000 0.000000 0.000000 0.000000 0.000000 0.000000 0.000000 0.000000 0.000000 0.000000 0.000000 0.000000 0.000000 0.000000 0.000000 0.000000