geotop/1.0zi/1.0Montebello/Templates/testdem/maps/_Eocsilt153r.asc
ncols         21
nrows         20
xllcorner     100.000000
yllcorner     100.000000
cellsize      50.000000
NODATA_value  -9999.0
0.000000 0.000000 0.000000 0.000000 0.000000 0.000000 0.000000 0.000000 0.000000 0.000000 0.000000 0.000000 0.000000 0.000000 0.000000 0.000000 0.000000 0.000000 0.000000 0.000000 0.000000
0.000000 0.000000 0.350254 0.350254 0.350255 0.350255 0.350254 0.350254 0.350254 0.350254 0.350254 0.350254 0.350254 0.350254 0.350254 0.350254 0.350255 0.350255 0.350254 0.000000 0.000000
0.000000 0.000000 0.350013 0.350013 0.350013 0.350012 0.350013 0.350013 0.350014 0.350014 0.350014 0.350014 0.350014 0.350014 0.350013 0.350012 0.350011 0.350011 0.350013 0.000000 0.000000
0.000000 0.000000 0.350249 0.350247 0.350238 0.350233 0.350234 0.350224 0.350227 0.350229 0.350225 0.350229 0.350229 0.350232 0.350229 0.350234 0.350239 0.350243 0.350245 0.000000 0.000000
0.000000 0.000000 0.352177 0.352181 0.352169 0.352149 0.352135 0.352128 0.352127 0.352124 0.352119 0.352125 0.352131 0.352126 0.352141 0.352152 0.352159 0.352167 0.352173 0.000000 0.000000
0.000000 0.000000 0.357053 0.357045 0.357026 0.356992 0.356954 0.356924 0.356920 0.356914 0.356910 0.356912 0.356918 0.356913 0.356932 0.356962 0.356975 0.356988 0.356995 0.000000 0.000000
0.000000 0.000000 0.363883 0.363869 0.363845 0.363797 0.363748 0.363679 0.363676 0.363672 0.363663 0.363663 0.363661 0.363664 0.363715 0.363757 0.363783 0.363805 0.363812 0.000000 0.000000
0.000000 0.000000 0.372134 0.372117 0.372093 0.372031 0.371977 0.371910 0.371903 0.371896 0.371886 0.371884 0.371881 0.371889 0.371937 0.371986 0.372028 0.372038 0.372054 0.000000 0.000000
0.000000 0.000000 0.381609 0.381583 0.381543 0.381493 0.381429 0.381343 0.381339 0.381326 0.381312 0.381310 0.381313 0.381307 0.381381 0.381441 0.381475 0.381494 0.381507 0.000000 0.000000
0.000000 0.000000 0.392654 0.392614 0.392575 0.392521 0.392445 0.392354 0.392340 0.392333 0.392310 0.392318 0.392332 0.392326 0.392383 0.392465 0.392507 0.392528 0.392533 0.000000 0.000000
0.000000 0.000000 0.405990 0.405951 0.405917 0.405779 0.405748 0.405616 0.405636 0.405572 0.405577 0.405565 0.405540 0.405577 0.405646 0.405697 0.405761 0.405788 0.405844 0.000000 0.000000
0.000000 0.000000 0.422324 0.422239 0.422139 0.422093 0.422021 0.421848 0.421817 0.421834 0.421841 0.421788 0.421819 0.421798 0.421941 0.422038 0.422063 0.422089 0.422197 0.000000 0.000000
0.000000 0.000000 0.439950 0.439883 0.439873 0.439737 0.439657 0.439204 0.439174 0.439145 0.438959 0.439092 0.439087 0.439130 0.439446 0.439510 0.439683 0.439704 0.439677 0.000000 0.000000
0.000000 0.000000 0.456890 0.456879 0.456759 0.456715 0.456293 0.456534 0.456435 0.456439 0.456530 0.456441 0.456430 0.456370 0.456168 0.456643 0.456625 0.456733 0.456791 0.000000 0.000000
0.000000 0.000000 0.466957 0.466940 0.466891 0.466729 0.466703 0.466651 0.466613 0.466604 0.466582 0.466555 0.466572 0.466562 0.466611 0.466638 0.466836 0.466813 0.466815 0.000000 0.000000
0.000000 0.000000 0.472732 0.472716 0.472709 0.472526 0.472590 0.472491 0.472457 0.472449 0.472407 0.472394 0.472416 0.472411 0.472501 0.472438 0.472682 0.472599 0.472591 0.000000 0.000000
0.000000 0.000000 0.475967 0.476046 0.475899 0.475906 0.475971 0.475937 0.476001 0.475977 0.476013 0.475999 0.475970 0.476014 0.476022 0.475968 0.475879 0.476078 0.475976 0.000000 0.000000
0.000000 0.000000 0.479435 0.479276 0.479140 0.479101 0.479079 0.479123 0.479116 0.479133 0.479082 0.479085 0.479094 0.479086 0.479052 0.479064 0.479109 0.479219 0.479367 0.000000 0.000000
0.000000 0.000000 0.350000 0.350000 0.350000 0.350000 0.350000 0.350000 0.350000 0.350000 0.350000 0.350000 0.350000 0.350000 0.350000 0.350000 0.350000 0.350000 0.350000 0.000000 0.000000
0.000000 0.000000 0.000000 0.000000 0.000000 0.000000 0.000000 0.000000 0.000000 0.000000 0.000000 0.000000 0.000000 0.000000 0.000000 0.000000 0.000000 0.000000 0.000000 0.000000 0.000000