geotop/1.0zi/1.0Montebello/Templates/testdem/maps/_Eocsand7143.asc
ncols         21
nrows         20
xllcorner     100.000000
yllcorner     100.000000
cellsize      50.000000
NODATA_value  -9999.0
0.000000 0.000000 0.000000 0.000000 0.000000 0.000000 0.000000 0.000000 0.000000 0.000000 0.000000 0.000000 0.000000 0.000000 0.000000 0.000000 0.000000 0.000000 0.000000 0.000000 0.000000
0.000000 0.000000 0.300177 0.300175 0.300175 0.300175 0.300174 0.300174 0.300174 0.300175 0.300175 0.300175 0.300175 0.300175 0.300174 0.300174 0.300176 0.300176 0.300176 0.000000 0.000000
0.000000 0.000000 0.300010 0.300010 0.300010 0.300009 0.300010 0.300010 0.300010 0.300010 0.300010 0.300010 0.300009 0.300010 0.300010 0.300010 0.300011 0.300011 0.300012 0.000000 0.000000
0.000000 0.000000 0.299958 0.299957 0.299962 0.299967 0.299965 0.299968 0.299963 0.299967 0.299966 0.299966 0.299966 0.299967 0.299965 0.299960 0.299959 0.299955 0.299956 0.000000 0.000000
0.000000 0.000000 0.298484 0.298480 0.298489 0.298501 0.298520 0.298529 0.298532 0.298532 0.298533 0.298533 0.298536 0.298530 0.298512 0.298508 0.298503 0.298494 0.298481 0.000000 0.000000
0.000000 0.000000 0.294122 0.294122 0.294143 0.294181 0.294210 0.294252 0.294250 0.294262 0.294254 0.294254 0.294251 0.294251 0.294233 0.294205 0.294184 0.294165 0.294151 0.000000 0.000000
0.000000 0.000000 0.287819 0.287826 0.287844 0.287887 0.287943 0.288005 0.288004 0.288013 0.288010 0.288011 0.288014 0.288008 0.287957 0.287907 0.287880 0.287856 0.287839 0.000000 0.000000
0.000000 0.000000 0.280276 0.280279 0.280291 0.280340 0.280394 0.280462 0.280460 0.280469 0.280470 0.280475 0.280479 0.280466 0.280410 0.280362 0.280320 0.280307 0.280282 0.000000 0.000000
0.000000 0.000000 0.272348 0.272361 0.272386 0.272416 0.272472 0.272545 0.272540 0.272557 0.272561 0.272564 0.272563 0.272565 0.272495 0.272436 0.272403 0.272387 0.272365 0.000000 0.000000
0.000000 0.000000 0.264150 0.264166 0.264179 0.264207 0.264287 0.264352 0.264349 0.264358 0.264368 0.264363 0.264354 0.264359 0.264300 0.264234 0.264196 0.264184 0.264167 0.000000 0.000000
0.000000 0.000000 0.255468 0.255479 0.255493 0.255554 0.255607 0.255684 0.255666 0.255707 0.255703 0.255704 0.255718 0.255691 0.255641 0.255600 0.255552 0.255527 0.255490 0.000000 0.000000
0.000000 0.000000 0.246094 0.246119 0.246148 0.246190 0.246248 0.246340 0.246340 0.246357 0.246335 0.246365 0.246360 0.246351 0.246261 0.246215 0.246183 0.246165 0.246078 0.000000 0.000000
0.000000 0.000000 0.236203 0.236229 0.236244 0.236296 0.236346 0.236560 0.236561 0.236577 0.236627 0.236604 0.236591 0.236570 0.236409 0.236362 0.236284 0.236276 0.236221 0.000000 0.000000
0.000000 0.000000 0.225046 0.225058 0.225099 0.225138 0.225376 0.225400 0.225448 0.225451 0.225450 0.225457 0.225462 0.225468 0.225464 0.225216 0.225162 0.225097 0.225034 0.000000 0.000000
0.000000 0.000000 0.212297 0.212317 0.212373 0.212649 0.212684 0.212821 0.212899 0.212916 0.212961 0.212999 0.212968 0.212978 0.212852 0.212794 0.212424 0.212464 0.212436 0.000000 0.000000
0.000000 0.000000 0.198430 0.198452 0.198839 0.198819 0.198841 0.198919 0.198800 0.198852 0.198793 0.198834 0.198888 0.198794 0.198751 0.198726 0.198886 0.198369 0.198367 0.000000 0.000000
0.000000 0.000000 0.181604 0.182189 0.182224 0.182408 0.182704 0.182802 0.182901 0.182886 0.183033 0.183033 0.182958 0.183016 0.182872 0.182652 0.182259 0.182361 0.181758 0.000000 0.000000
0.000000 0.000000 0.171864 0.171534 0.170989 0.171063 0.171154 0.171680 0.171652 0.171785 0.171621 0.171665 0.171664 0.171617 0.171151 0.171087 0.170901 0.171409 0.171711 0.000000 0.000000
0.000000 0.000000 0.300000 0.300000 0.300000 0.300000 0.300000 0.300000 0.300000 0.300000 0.300000 0.300000 0.300000 0.300000 0.300000 0.300000 0.300000 0.300000 0.300000 0.000000 0.000000
0.000000 0.000000 0.000000 0.000000 0.000000 0.000000 0.000000 0.000000 0.000000 0.000000 0.000000 0.000000 0.000000 0.000000 0.000000 0.000000 0.000000 0.000000 0.000000 0.000000 0.000000