geotop/1.0zi/1.0Montebello/Templates/testdem/maps/_Eocsilt9981.asc
ncols         21
nrows         20
xllcorner     100.000000
yllcorner     100.000000
cellsize      50.000000
NODATA_value  -9999.0
0.000000 0.000000 0.000000 0.000000 0.000000 0.000000 0.000000 0.000000 0.000000 0.000000 0.000000 0.000000 0.000000 0.000000 0.000000 0.000000 0.000000 0.000000 0.000000 0.000000 0.000000
0.000000 0.000000 0.350213 0.350213 0.350213 0.350214 0.350213 0.350213 0.350213 0.350213 0.350213 0.350213 0.350212 0.350213 0.350213 0.350213 0.350214 0.350214 0.350213 0.000000 0.000000
0.000000 0.000000 0.350008 0.350008 0.350008 0.350007 0.350009 0.350008 0.350008 0.350008 0.350009 0.350008 0.350009 0.350009 0.350008 0.350007 0.350006 0.350006 0.350007 0.000000 0.000000
0.000000 0.000000 0.350151 0.350149 0.350141 0.350138 0.350138 0.350132 0.350135 0.350136 0.350133 0.350137 0.350138 0.350138 0.350140 0.350144 0.350149 0.350150 0.350151 0.000000 0.000000
0.000000 0.000000 0.351523 0.351529 0.351519 0.351496 0.351487 0.351480 0.351483 0.351480 0.351479 0.351482 0.351487 0.351485 0.351499 0.351508 0.351512 0.351519 0.351522 0.000000 0.000000
0.000000 0.000000 0.355298 0.355292 0.355276 0.355246 0.355212 0.355184 0.355182 0.355179 0.355177 0.355179 0.355183 0.355180 0.355199 0.355223 0.355236 0.355244 0.355251 0.000000 0.000000
0.000000 0.000000 0.360645 0.360634 0.360616 0.360574 0.360531 0.360476 0.360478 0.360476 0.360469 0.360468 0.360466 0.360470 0.360516 0.360548 0.360570 0.360586 0.360592 0.000000 0.000000
0.000000 0.000000 0.366995 0.366981 0.366965 0.366917 0.366871 0.366821 0.366822 0.366816 0.366808 0.366806 0.366804 0.366811 0.366854 0.366893 0.366927 0.366934 0.366947 0.000000 0.000000
0.000000 0.000000 0.374018 0.373997 0.373971 0.373931 0.373878 0.373816 0.373821 0.373811 0.373800 0.373798 0.373802 0.373798 0.373860 0.373906 0.373933 0.373945 0.373957 0.000000 0.000000
0.000000 0.000000 0.381793 0.381766 0.381744 0.381702 0.381644 0.381579 0.381580 0.381573 0.381557 0.381562 0.381570 0.381566 0.381617 0.381676 0.381707 0.381719 0.381724 0.000000 0.000000
0.000000 0.000000 0.390662 0.390639 0.390618 0.390527 0.390500 0.390413 0.390431 0.390390 0.390390 0.390384 0.390370 0.390392 0.390450 0.390487 0.390531 0.390546 0.390583 0.000000 0.000000
0.000000 0.000000 0.401071 0.401023 0.400969 0.400923 0.400876 0.400765 0.400762 0.400761 0.400769 0.400731 0.400750 0.400743 0.400845 0.400903 0.400926 0.400941 0.401015 0.000000 0.000000
0.000000 0.000000 0.412822 0.412778 0.412765 0.412677 0.412618 0.412323 0.412317 0.412301 0.412191 0.412257 0.412261 0.412287 0.412508 0.412557 0.412666 0.412671 0.412686 0.000000 0.000000
0.000000 0.000000 0.427276 0.427257 0.427158 0.427096 0.426684 0.426840 0.426751 0.426756 0.426811 0.426750 0.426742 0.426694 0.426557 0.427006 0.427018 0.427123 0.427184 0.000000 0.000000
0.000000 0.000000 0.443011 0.442964 0.442891 0.442387 0.442614 0.442295 0.442230 0.442200 0.442077 0.442046 0.442099 0.442107 0.442387 0.442170 0.442817 0.442662 0.442635 0.000000 0.000000
0.000000 0.000000 0.455792 0.455768 0.455317 0.455538 0.455455 0.455470 0.455665 0.455613 0.455714 0.455697 0.455612 0.455717 0.455659 0.455737 0.455242 0.455924 0.455913 0.000000 0.000000
0.000000 0.000000 0.465310 0.465090 0.465066 0.465012 0.464882 0.464860 0.464826 0.464833 0.464777 0.464783 0.464810 0.464786 0.464825 0.464925 0.465036 0.465017 0.465243 0.000000 0.000000
0.000000 0.000000 0.470790 0.470609 0.470717 0.470621 0.470503 0.470423 0.470367 0.470368 0.470320 0.470323 0.470360 0.470326 0.470420 0.470508 0.470702 0.470520 0.470705 0.000000 0.000000
0.000000 0.000000 0.350000 0.350000 0.350000 0.350000 0.350000 0.350000 0.350000 0.350000 0.350000 0.350000 0.350000 0.350000 0.350000 0.350000 0.350000 0.350000 0.350000 0.000000 0.000000
0.000000 0.000000 0.000000 0.000000 0.000000 0.000000 0.000000 0.000000 0.000000 0.000000 0.000000 0.000000 0.000000 0.000000 0.000000 0.000000 0.000000 0.000000 0.000000 0.000000 0.000000