geotop/1.0zi/1.0Montebello/Templates/testdem/maps/_Eocclay1213.asc
ncols         21
nrows         20
xllcorner     100.000000
yllcorner     100.000000
cellsize      50.000000
NODATA_value  -9999.0
0.000000 0.000000 0.000000 0.000000 0.000000 0.000000 0.000000 0.000000 0.000000 0.000000 0.000000 0.000000 0.000000 0.000000 0.000000 0.000000 0.000000 0.000000 0.000000 0.000000 0.000000
0.000000 0.000000 0.349937 0.349937 0.349937 0.349937 0.349937 0.349937 0.349937 0.349937 0.349937 0.349937 0.349937 0.349937 0.349937 0.349937 0.349937 0.349937 0.349937 0.000000 0.000000
0.000000 0.000000 0.349993 0.349993 0.349993 0.349993 0.349993 0.349993 0.349993 0.349993 0.349993 0.349993 0.349993 0.349993 0.349993 0.349993 0.349993 0.349993 0.349993 0.000000 0.000000
0.000000 0.000000 0.350544 0.350544 0.350542 0.350543 0.350545 0.350544 0.350544 0.350545 0.350545 0.350545 0.350544 0.350544 0.350545 0.350543 0.350542 0.350544 0.350544 0.000000 0.000000
0.000000 0.000000 0.352438 0.352437 0.352434 0.352435 0.352438 0.352437 0.352437 0.352438 0.352438 0.352438 0.352437 0.352437 0.352438 0.352435 0.352434 0.352437 0.352438 0.000000 0.000000
0.000000 0.000000 0.354502 0.354502 0.354500 0.354500 0.354503 0.354502 0.354502 0.354503 0.354503 0.354503 0.354502 0.354502 0.354503 0.354500 0.354500 0.354502 0.354502 0.000000 0.000000
0.000000 0.000000 0.356460 0.356460 0.356458 0.356458 0.356460 0.356460 0.356460 0.356460 0.356460 0.356460 0.356460 0.356460 0.356460 0.356458 0.356458 0.356460 0.356460 0.000000 0.000000
0.000000 0.000000 0.358261 0.358260 0.358259 0.358259 0.358261 0.358260 0.358260 0.358261 0.358261 0.358261 0.358260 0.358260 0.358261 0.358259 0.358259 0.358260 0.358261 0.000000 0.000000
0.000000 0.000000 0.359946 0.359945 0.359944 0.359944 0.359946 0.359945 0.359945 0.359946 0.359946 0.359946 0.359945 0.359945 0.359946 0.359944 0.359944 0.359945 0.359946 0.000000 0.000000
0.000000 0.000000 0.361560 0.361560 0.361559 0.361559 0.361560 0.361560 0.361560 0.361561 0.361561 0.361561 0.361560 0.361560 0.361560 0.361559 0.361559 0.361560 0.361560 0.000000 0.000000
0.000000 0.000000 0.363121 0.363120 0.363119 0.363119 0.363121 0.363120 0.363120 0.363121 0.363121 0.363121 0.363120 0.363120 0.363121 0.363119 0.363119 0.363120 0.363121 0.000000 0.000000
0.000000 0.000000 0.364642 0.364641 0.364640 0.364640 0.364642 0.364642 0.364642 0.364642 0.364642 0.364642 0.364642 0.364642 0.364642 0.364640 0.364640 0.364641 0.364642 0.000000 0.000000
0.000000 0.000000 0.366130 0.366130 0.366129 0.366129 0.366131 0.366130 0.366130 0.366131 0.366131 0.366131 0.366130 0.366130 0.366131 0.366129 0.366129 0.366130 0.366130 0.000000 0.000000
0.000000 0.000000 0.367586 0.367586 0.367584 0.367585 0.367586 0.367586 0.367586 0.367586 0.367586 0.367586 0.367586 0.367586 0.367586 0.367585 0.367584 0.367586 0.367586 0.000000 0.000000
0.000000 0.000000 0.369029 0.369029 0.369028 0.369028 0.369029 0.369029 0.369029 0.369029 0.369029 0.369029 0.369029 0.369029 0.369029 0.369028 0.369028 0.369029 0.369029 0.000000 0.000000
0.000000 0.000000 0.370464 0.370464 0.370462 0.370463 0.370464 0.370464 0.370464 0.370464 0.370464 0.370464 0.370464 0.370464 0.370464 0.370463 0.370462 0.370464 0.370464 0.000000 0.000000
0.000000 0.000000 0.371884 0.371884 0.371883 0.371883 0.371884 0.371884 0.371884 0.371885 0.371885 0.371885 0.371884 0.371884 0.371884 0.371883 0.371883 0.371884 0.371884 0.000000 0.000000
0.000000 0.000000 0.373337 0.373338 0.373336 0.373337 0.373338 0.373338 0.373338 0.373338 0.373338 0.373338 0.373338 0.373338 0.373338 0.373337 0.373336 0.373338 0.373338 0.000000 0.000000
0.000000 0.000000 0.350000 0.350000 0.350000 0.350000 0.350000 0.350000 0.350000 0.350000 0.350000 0.350000 0.350000 0.350000 0.350000 0.350000 0.350000 0.350000 0.350000 0.000000 0.000000
0.000000 0.000000 0.000000 0.000000 0.000000 0.000000 0.000000 0.000000 0.000000 0.000000 0.000000 0.000000 0.000000 0.000000 0.000000 0.000000 0.000000 0.000000 0.000000 0.000000 0.000000