geotop/1.0zi/1.0Montebello/Templates/testdem/maps/_Eocsilt9377.asc
ncols         21
nrows         20
xllcorner     100.000000
yllcorner     100.000000
cellsize      50.000000
NODATA_value  -9999.0
0.000000 0.000000 0.000000 0.000000 0.000000 0.000000 0.000000 0.000000 0.000000 0.000000 0.000000 0.000000 0.000000 0.000000 0.000000 0.000000 0.000000 0.000000 0.000000 0.000000 0.000000
0.000000 0.000000 0.350199 0.350198 0.350199 0.350199 0.350198 0.350198 0.350199 0.350198 0.350199 0.350198 0.350198 0.350198 0.350198 0.350199 0.350199 0.350199 0.350198 0.000000 0.000000
0.000000 0.000000 0.350008 0.350007 0.350008 0.350007 0.350008 0.350008 0.350008 0.350008 0.350008 0.350008 0.350009 0.350009 0.350008 0.350007 0.350006 0.350006 0.350007 0.000000 0.000000
0.000000 0.000000 0.350124 0.350120 0.350115 0.350110 0.350110 0.350105 0.350108 0.350108 0.350105 0.350109 0.350110 0.350110 0.350112 0.350116 0.350121 0.350121 0.350124 0.000000 0.000000
0.000000 0.000000 0.351315 0.351320 0.351309 0.351292 0.351282 0.351278 0.351280 0.351277 0.351278 0.351280 0.351285 0.351283 0.351297 0.351303 0.351307 0.351313 0.351316 0.000000 0.000000
0.000000 0.000000 0.354701 0.354696 0.354681 0.354661 0.354630 0.354607 0.354604 0.354599 0.354602 0.354604 0.354608 0.354606 0.354621 0.354642 0.354653 0.354661 0.354668 0.000000 0.000000
0.000000 0.000000 0.359514 0.359504 0.359488 0.359455 0.359415 0.359365 0.359369 0.359366 0.359365 0.359364 0.359362 0.359368 0.359406 0.359437 0.359457 0.359472 0.359480 0.000000 0.000000
0.000000 0.000000 0.365209 0.365199 0.365186 0.365150 0.365109 0.365063 0.365066 0.365060 0.365058 0.365055 0.365054 0.365063 0.365100 0.365135 0.365167 0.365172 0.365187 0.000000 0.000000
0.000000 0.000000 0.371442 0.371426 0.371406 0.371379 0.371332 0.371276 0.371282 0.371271 0.371266 0.371265 0.371268 0.371267 0.371320 0.371361 0.371386 0.371397 0.371410 0.000000 0.000000
0.000000 0.000000 0.378224 0.378205 0.378189 0.378161 0.378098 0.378047 0.378050 0.378043 0.378033 0.378039 0.378047 0.378045 0.378088 0.378140 0.378169 0.378179 0.378187 0.000000 0.000000
0.000000 0.000000 0.385809 0.385795 0.385782 0.385714 0.385674 0.385607 0.385624 0.385588 0.385594 0.385590 0.385579 0.385601 0.385647 0.385680 0.385719 0.385736 0.385768 0.000000 0.000000
0.000000 0.000000 0.394531 0.394500 0.394461 0.394429 0.394370 0.394287 0.394289 0.394284 0.394298 0.394268 0.394284 0.394284 0.394366 0.394413 0.394435 0.394448 0.394515 0.000000 0.000000
0.000000 0.000000 0.404248 0.404220 0.404211 0.404137 0.404088 0.403854 0.403855 0.403843 0.403770 0.403814 0.403823 0.403846 0.404021 0.404065 0.404150 0.404157 0.404180 0.000000 0.000000
0.000000 0.000000 0.416123 0.416113 0.416048 0.416002 0.415677 0.415762 0.415699 0.415701 0.415739 0.415703 0.415698 0.415671 0.415591 0.415941 0.415964 0.416047 0.416100 0.000000 0.000000
0.000000 0.000000 0.429987 0.429947 0.429879 0.429458 0.429588 0.429343 0.429277 0.429253 0.429166 0.429129 0.429180 0.429182 0.429406 0.429289 0.429841 0.429722 0.429711 0.000000 0.000000
0.000000 0.000000 0.443593 0.443566 0.443041 0.443285 0.443200 0.443207 0.443436 0.443374 0.443494 0.443472 0.443377 0.443505 0.443453 0.443526 0.442978 0.443770 0.443759 0.000000 0.000000
0.000000 0.000000 0.456789 0.456283 0.456447 0.456217 0.455959 0.455873 0.455705 0.455744 0.455571 0.455591 0.455692 0.455589 0.455731 0.455923 0.456416 0.456041 0.456567 0.000000 0.000000
0.000000 0.000000 0.461426 0.461605 0.461908 0.461842 0.461788 0.461496 0.461508 0.461437 0.461528 0.461506 0.461509 0.461530 0.461783 0.461825 0.461937 0.461643 0.461469 0.000000 0.000000
0.000000 0.000000 0.350000 0.350000 0.350000 0.350000 0.350000 0.350000 0.350000 0.350000 0.350000 0.350000 0.350000 0.350000 0.350000 0.350000 0.350000 0.350000 0.350000 0.000000 0.000000
0.000000 0.000000 0.000000 0.000000 0.000000 0.000000 0.000000 0.000000 0.000000 0.000000 0.000000 0.000000 0.000000 0.000000 0.000000 0.000000 0.000000 0.000000 0.000000 0.000000 0.000000