geotop/1.0zi/1.0Montebello/Templates/testdem/maps/_Eocsand8949.asc
ncols         21
nrows         20
xllcorner     100.000000
yllcorner     100.000000
cellsize      50.000000
NODATA_value  -9999.0
0.000000 0.000000 0.000000 0.000000 0.000000 0.000000 0.000000 0.000000 0.000000 0.000000 0.000000 0.000000 0.000000 0.000000 0.000000 0.000000 0.000000 0.000000 0.000000 0.000000 0.000000
0.000000 0.000000 0.300226 0.300224 0.300224 0.300224 0.300223 0.300223 0.300223 0.300223 0.300224 0.300223 0.300224 0.300224 0.300223 0.300224 0.300225 0.300225 0.300225 0.000000 0.000000
0.000000 0.000000 0.300012 0.300014 0.300014 0.300012 0.300013 0.300014 0.300013 0.300013 0.300013 0.300013 0.300012 0.300013 0.300013 0.300013 0.300014 0.300014 0.300015 0.000000 0.000000
0.000000 0.000000 0.299856 0.299856 0.299862 0.299870 0.299869 0.299873 0.299867 0.299868 0.299869 0.299868 0.299867 0.299869 0.299864 0.299858 0.299855 0.299856 0.299855 0.000000 0.000000
0.000000 0.000000 0.297524 0.297527 0.297541 0.297568 0.297594 0.297598 0.297602 0.297604 0.297605 0.297601 0.297599 0.297599 0.297576 0.297565 0.297552 0.297548 0.297536 0.000000 0.000000
0.000000 0.000000 0.290953 0.290963 0.290994 0.291043 0.291094 0.291141 0.291137 0.291150 0.291142 0.291142 0.291133 0.291136 0.291108 0.291065 0.291042 0.291029 0.291016 0.000000 0.000000
0.000000 0.000000 0.281906 0.281926 0.281950 0.282010 0.282081 0.282176 0.282171 0.282179 0.282179 0.282178 0.282181 0.282175 0.282097 0.282038 0.282003 0.281982 0.281966 0.000000 0.000000
0.000000 0.000000 0.271191 0.271211 0.271231 0.271301 0.271372 0.271460 0.271455 0.271466 0.271468 0.271473 0.271478 0.271460 0.271387 0.271324 0.271266 0.271261 0.271233 0.000000 0.000000
0.000000 0.000000 0.259587 0.259616 0.259651 0.259699 0.259782 0.259882 0.259870 0.259891 0.259898 0.259901 0.259898 0.259901 0.259800 0.259725 0.259682 0.259671 0.259644 0.000000 0.000000
0.000000 0.000000 0.247049 0.247086 0.247107 0.247158 0.247273 0.247361 0.247356 0.247369 0.247384 0.247374 0.247362 0.247366 0.247285 0.247190 0.247139 0.247128 0.247115 0.000000 0.000000
0.000000 0.000000 0.233131 0.233157 0.233180 0.233296 0.233370 0.233485 0.233452 0.233520 0.233506 0.233514 0.233537 0.233497 0.233411 0.233354 0.233283 0.233261 0.233205 0.000000 0.000000
0.000000 0.000000 0.217304 0.217355 0.217417 0.217478 0.217581 0.217719 0.217718 0.217728 0.217700 0.217752 0.217729 0.217729 0.217579 0.217498 0.217462 0.217448 0.217324 0.000000 0.000000
0.000000 0.000000 0.199809 0.199866 0.199876 0.199998 0.200081 0.200486 0.200483 0.200504 0.200627 0.200554 0.200539 0.200500 0.200187 0.200112 0.199966 0.199969 0.199920 0.000000 0.000000
0.000000 0.000000 0.178619 0.178640 0.178742 0.178819 0.179377 0.179256 0.179359 0.179356 0.179298 0.179353 0.179364 0.179410 0.179516 0.178922 0.178876 0.178747 0.178652 0.000000 0.000000
0.000000 0.000000 0.153430 0.153505 0.153621 0.154352 0.154174 0.154560 0.154687 0.154726 0.154866 0.154938 0.154855 0.154860 0.154490 0.154637 0.153681 0.153896 0.153905 0.000000 0.000000
0.000000 0.000000 0.126894 0.126951 0.127965 0.127544 0.127672 0.127678 0.127244 0.127365 0.127138 0.127191 0.127373 0.127123 0.127187 0.127078 0.128062 0.126565 0.126591 0.000000 0.000000
0.000000 0.000000 0.097044 0.098369 0.097919 0.098503 0.099161 0.099356 0.099789 0.099684 0.100124 0.100072 0.099814 0.100084 0.099729 0.099245 0.097971 0.098976 0.097607 0.000000 0.000000
0.000000 0.000000 0.088774 0.087726 0.086812 0.086827 0.086772 0.087662 0.087491 0.087757 0.087313 0.087403 0.087473 0.087325 0.086592 0.086628 0.086662 0.087375 0.088418 0.000000 0.000000
0.000000 0.000000 0.300000 0.300000 0.300000 0.300000 0.300000 0.300000 0.300000 0.300000 0.300000 0.300000 0.300000 0.300000 0.300000 0.300000 0.300000 0.300000 0.300000 0.000000 0.000000
0.000000 0.000000 0.000000 0.000000 0.000000 0.000000 0.000000 0.000000 0.000000 0.000000 0.000000 0.000000 0.000000 0.000000 0.000000 0.000000 0.000000 0.000000 0.000000 0.000000 0.000000