geotop/1.0zi/1.0Montebello/Templates/testdem/maps/_Eocsand8327.asc
ncols         21
nrows         20
xllcorner     100.000000
yllcorner     100.000000
cellsize      50.000000
NODATA_value  -9999.0
0.000000 0.000000 0.000000 0.000000 0.000000 0.000000 0.000000 0.000000 0.000000 0.000000 0.000000 0.000000 0.000000 0.000000 0.000000 0.000000 0.000000 0.000000 0.000000 0.000000 0.000000
0.000000 0.000000 0.300209 0.300207 0.300207 0.300207 0.300206 0.300206 0.300206 0.300206 0.300207 0.300206 0.300206 0.300207 0.300206 0.300206 0.300208 0.300207 0.300207 0.000000 0.000000
0.000000 0.000000 0.300011 0.300012 0.300012 0.300010 0.300011 0.300012 0.300012 0.300012 0.300012 0.300012 0.300011 0.300012 0.300011 0.300011 0.300012 0.300013 0.300013 0.000000 0.000000
0.000000 0.000000 0.299893 0.299893 0.299897 0.299905 0.299900 0.299909 0.299904 0.299906 0.299906 0.299906 0.299906 0.299908 0.299903 0.299898 0.299896 0.299893 0.299894 0.000000 0.000000
0.000000 0.000000 0.297936 0.297933 0.297942 0.297957 0.297980 0.297989 0.297996 0.297994 0.297999 0.297997 0.298000 0.297994 0.297971 0.297965 0.297953 0.297939 0.297929 0.000000 0.000000
0.000000 0.000000 0.292179 0.292180 0.292202 0.292247 0.292282 0.292330 0.292331 0.292344 0.292335 0.292337 0.292332 0.292332 0.292309 0.292273 0.292244 0.292222 0.292210 0.000000 0.000000
0.000000 0.000000 0.284151 0.284158 0.284178 0.284229 0.284294 0.284369 0.284371 0.284380 0.284378 0.284379 0.284382 0.284375 0.284311 0.284252 0.284216 0.284186 0.284171 0.000000 0.000000
0.000000 0.000000 0.274631 0.274635 0.274649 0.274708 0.274771 0.274855 0.274856 0.274865 0.274867 0.274873 0.274877 0.274862 0.274791 0.274734 0.274679 0.274662 0.274637 0.000000 0.000000
0.000000 0.000000 0.264427 0.264443 0.264472 0.264510 0.264578 0.264668 0.264665 0.264684 0.264689 0.264693 0.264691 0.264693 0.264606 0.264534 0.264490 0.264468 0.264447 0.000000 0.000000
0.000000 0.000000 0.253601 0.253620 0.253635 0.253674 0.253771 0.253853 0.253854 0.253864 0.253876 0.253870 0.253858 0.253863 0.253789 0.253706 0.253654 0.253636 0.253621 0.000000 0.000000
0.000000 0.000000 0.241798 0.241811 0.241829 0.241912 0.241981 0.242078 0.242059 0.242111 0.242103 0.242106 0.242125 0.242090 0.242022 0.241970 0.241904 0.241867 0.241824 0.000000 0.000000
0.000000 0.000000 0.228644 0.228678 0.228718 0.228770 0.228849 0.228971 0.228981 0.228994 0.228966 0.229009 0.228996 0.228990 0.228864 0.228798 0.228753 0.228726 0.228617 0.000000 0.000000
0.000000 0.000000 0.214362 0.214395 0.214408 0.214486 0.214556 0.214878 0.214884 0.214903 0.214987 0.214942 0.214925 0.214895 0.214651 0.214584 0.214461 0.214445 0.214394 0.000000 0.000000
0.000000 0.000000 0.197532 0.197541 0.197607 0.197661 0.198068 0.198032 0.198119 0.198117 0.198089 0.198115 0.198127 0.198146 0.198187 0.197763 0.197695 0.197582 0.197505 0.000000 0.000000
0.000000 0.000000 0.177627 0.177663 0.177742 0.178262 0.178209 0.178471 0.178588 0.178617 0.178704 0.178766 0.178708 0.178718 0.178464 0.178485 0.177795 0.177898 0.177889 0.000000 0.000000
0.000000 0.000000 0.155824 0.155854 0.156606 0.156388 0.156447 0.156512 0.156230 0.156317 0.156167 0.156219 0.156345 0.156155 0.156147 0.156100 0.156666 0.155568 0.155586 0.000000 0.000000
0.000000 0.000000 0.128937 0.130107 0.129840 0.130284 0.130870 0.131042 0.131374 0.131296 0.131649 0.131617 0.131415 0.131615 0.131318 0.130883 0.129875 0.130537 0.129316 0.000000 0.000000
0.000000 0.000000 0.119571 0.118473 0.117498 0.117482 0.117422 0.118360 0.118199 0.118477 0.118020 0.118112 0.118185 0.118027 0.117250 0.117293 0.117313 0.118056 0.119132 0.000000 0.000000
0.000000 0.000000 0.300000 0.300000 0.300000 0.300000 0.300000 0.300000 0.300000 0.300000 0.300000 0.300000 0.300000 0.300000 0.300000 0.300000 0.300000 0.300000 0.300000 0.000000 0.000000
0.000000 0.000000 0.000000 0.000000 0.000000 0.000000 0.000000 0.000000 0.000000 0.000000 0.000000 0.000000 0.000000 0.000000 0.000000 0.000000 0.000000 0.000000 0.000000 0.000000 0.000000