geotop/1.0zi/1.0Montebello/Templates/testdem/maps/_Eocclay7473.asc
ncols         21
nrows         20
xllcorner     100.000000
yllcorner     100.000000
cellsize      50.000000
NODATA_value  -9999.0
0.000000 0.000000 0.000000 0.000000 0.000000 0.000000 0.000000 0.000000 0.000000 0.000000 0.000000 0.000000 0.000000 0.000000 0.000000 0.000000 0.000000 0.000000 0.000000 0.000000 0.000000
0.000000 0.000000 0.349659 0.349660 0.349660 0.349659 0.349660 0.349660 0.349660 0.349660 0.349659 0.349660 0.349660 0.349660 0.349661 0.349660 0.349658 0.349659 0.349660 0.000000 0.000000
0.000000 0.000000 0.349986 0.349985 0.349986 0.349987 0.349986 0.349985 0.349985 0.349985 0.349985 0.349985 0.349986 0.349985 0.349986 0.349986 0.349987 0.349986 0.349984 0.000000 0.000000
0.000000 0.000000 0.350004 0.350009 0.350005 0.350005 0.350007 0.350005 0.350007 0.350004 0.350007 0.350005 0.350005 0.350004 0.350005 0.350008 0.350006 0.350010 0.350008 0.000000 0.000000
0.000000 0.000000 0.350952 0.350949 0.350945 0.350940 0.350925 0.350922 0.350919 0.350923 0.350919 0.350920 0.350916 0.350920 0.350930 0.350931 0.350939 0.350940 0.350947 0.000000 0.000000
0.000000 0.000000 0.353471 0.353470 0.353459 0.353432 0.353419 0.353396 0.353397 0.353391 0.353394 0.353394 0.353396 0.353397 0.353408 0.353426 0.353440 0.353454 0.353460 0.000000 0.000000
0.000000 0.000000 0.356959 0.356955 0.356947 0.356925 0.356896 0.356860 0.356859 0.356854 0.356855 0.356856 0.356855 0.356856 0.356888 0.356916 0.356931 0.356943 0.356951 0.000000 0.000000
0.000000 0.000000 0.361112 0.361110 0.361102 0.361075 0.361047 0.361008 0.361008 0.361004 0.361003 0.361001 0.360998 0.361006 0.361039 0.361063 0.361087 0.361096 0.361108 0.000000 0.000000
0.000000 0.000000 0.365465 0.365459 0.365446 0.365429 0.365399 0.365360 0.365363 0.365354 0.365351 0.365349 0.365350 0.365349 0.365388 0.365420 0.365438 0.365447 0.365457 0.000000 0.000000
0.000000 0.000000 0.370020 0.370011 0.370005 0.369988 0.369945 0.369910 0.369910 0.369906 0.369899 0.369903 0.369908 0.369905 0.369939 0.369975 0.369997 0.370004 0.370012 0.000000 0.000000
0.000000 0.000000 0.374915 0.374909 0.374901 0.374866 0.374836 0.374795 0.374804 0.374782 0.374784 0.374783 0.374775 0.374790 0.374819 0.374842 0.374870 0.374885 0.374904 0.000000 0.000000
0.000000 0.000000 0.380259 0.380245 0.380229 0.380205 0.380173 0.380122 0.380120 0.380113 0.380124 0.380106 0.380110 0.380114 0.380166 0.380193 0.380212 0.380223 0.380270 0.000000 0.000000
0.000000 0.000000 0.385955 0.385940 0.385934 0.385902 0.385874 0.385749 0.385747 0.385740 0.385708 0.385723 0.385731 0.385742 0.385838 0.385865 0.385913 0.385919 0.385945 0.000000 0.000000
0.000000 0.000000 0.392487 0.392482 0.392457 0.392435 0.392287 0.392285 0.392254 0.392254 0.392257 0.392251 0.392248 0.392243 0.392239 0.392393 0.392423 0.392464 0.392497 0.000000 0.000000
0.000000 0.000000 0.400055 0.400043 0.400011 0.399833 0.399827 0.399741 0.399694 0.399685 0.399655 0.399632 0.399651 0.399646 0.399730 0.399749 0.399986 0.399957 0.399968 0.000000 0.000000
0.000000 0.000000 0.408347 0.408335 0.408082 0.408119 0.408104 0.408067 0.408151 0.408120 0.408162 0.408138 0.408101 0.408163 0.408183 0.408196 0.408059 0.408409 0.408405 0.000000 0.000000
0.000000 0.000000 0.418625 0.418227 0.418250 0.418117 0.417917 0.417857 0.417773 0.417791 0.417682 0.417687 0.417745 0.417694 0.417793 0.417941 0.418234 0.418105 0.418515 0.000000 0.000000
0.000000 0.000000 0.423712 0.424014 0.424388 0.424360 0.424337 0.423988 0.424021 0.423928 0.424060 0.424030 0.424020 0.424061 0.424365 0.424381 0.424455 0.424130 0.423840 0.000000 0.000000
0.000000 0.000000 0.350000 0.350000 0.350000 0.350000 0.350000 0.350000 0.350000 0.350000 0.350000 0.350000 0.350000 0.350000 0.350000 0.350000 0.350000 0.350000 0.350000 0.000000 0.000000
0.000000 0.000000 0.000000 0.000000 0.000000 0.000000 0.000000 0.000000 0.000000 0.000000 0.000000 0.000000 0.000000 0.000000 0.000000 0.000000 0.000000 0.000000 0.000000 0.000000 0.000000