geotop/1.0zi/1.0Montebello/Templates/testdem/maps/_Eocsilt6180.asc
ncols         21
nrows         20
xllcorner     100.000000
yllcorner     100.000000
cellsize      50.000000
NODATA_value  -9999.0
0.000000 0.000000 0.000000 0.000000 0.000000 0.000000 0.000000 0.000000 0.000000 0.000000 0.000000 0.000000 0.000000 0.000000 0.000000 0.000000 0.000000 0.000000 0.000000 0.000000 0.000000
0.000000 0.000000 0.350121 0.350121 0.350121 0.350121 0.350121 0.350121 0.350121 0.350121 0.350121 0.350121 0.350121 0.350121 0.350121 0.350121 0.350121 0.350121 0.350121 0.000000 0.000000
0.000000 0.000000 0.350002 0.350002 0.350002 0.350003 0.350003 0.350003 0.350003 0.350003 0.350003 0.350003 0.350004 0.350004 0.350003 0.350002 0.350001 0.350001 0.350002 0.000000 0.000000
0.000000 0.000000 0.350047 0.350046 0.350045 0.350040 0.350041 0.350039 0.350041 0.350042 0.350040 0.350040 0.350040 0.350039 0.350042 0.350045 0.350046 0.350048 0.350047 0.000000 0.000000
0.000000 0.000000 0.350550 0.350553 0.350552 0.350548 0.350545 0.350540 0.350539 0.350536 0.350535 0.350536 0.350539 0.350539 0.350544 0.350547 0.350546 0.350555 0.350559 0.000000 0.000000
0.000000 0.000000 0.352147 0.352150 0.352143 0.352129 0.352118 0.352101 0.352099 0.352095 0.352100 0.352102 0.352103 0.352100 0.352106 0.352113 0.352122 0.352126 0.352131 0.000000 0.000000
0.000000 0.000000 0.354609 0.354607 0.354600 0.354581 0.354559 0.354534 0.354535 0.354533 0.354535 0.354534 0.354531 0.354535 0.354554 0.354574 0.354584 0.354594 0.354601 0.000000 0.000000
0.000000 0.000000 0.357631 0.357631 0.357630 0.357611 0.357589 0.357562 0.357562 0.357559 0.357559 0.357558 0.357557 0.357560 0.357582 0.357603 0.357620 0.357623 0.357633 0.000000 0.000000
0.000000 0.000000 0.360810 0.360805 0.360796 0.360784 0.360762 0.360731 0.360732 0.360727 0.360724 0.360725 0.360726 0.360724 0.360753 0.360775 0.360790 0.360796 0.360806 0.000000 0.000000
0.000000 0.000000 0.364024 0.364019 0.364015 0.364006 0.363976 0.363948 0.363950 0.363947 0.363942 0.363946 0.363949 0.363947 0.363969 0.363995 0.364011 0.364013 0.364020 0.000000 0.000000
0.000000 0.000000 0.367341 0.367338 0.367336 0.367313 0.367293 0.367263 0.367269 0.367255 0.367255 0.367256 0.367252 0.367260 0.367279 0.367296 0.367313 0.367322 0.367336 0.000000 0.000000
0.000000 0.000000 0.370852 0.370843 0.370834 0.370818 0.370799 0.370763 0.370764 0.370756 0.370764 0.370755 0.370757 0.370760 0.370794 0.370810 0.370822 0.370828 0.370862 0.000000 0.000000
0.000000 0.000000 0.374476 0.374469 0.374465 0.374447 0.374430 0.374354 0.374354 0.374347 0.374331 0.374339 0.374345 0.374351 0.374408 0.374423 0.374450 0.374453 0.374477 0.000000 0.000000
0.000000 0.000000 0.378446 0.378441 0.378430 0.378418 0.378343 0.378326 0.378309 0.378308 0.378303 0.378304 0.378305 0.378302 0.378311 0.378388 0.378410 0.378429 0.378454 0.000000 0.000000
0.000000 0.000000 0.382853 0.382847 0.382830 0.382749 0.382728 0.382682 0.382654 0.382649 0.382634 0.382625 0.382634 0.382629 0.382665 0.382699 0.382812 0.382802 0.382817 0.000000 0.000000
0.000000 0.000000 0.387555 0.387549 0.387441 0.387427 0.387422 0.387395 0.387418 0.387405 0.387416 0.387405 0.387391 0.387414 0.387432 0.387442 0.387425 0.387565 0.387568 0.000000 0.000000
0.000000 0.000000 0.393008 0.392858 0.392816 0.392773 0.392702 0.392667 0.392651 0.392651 0.392617 0.392614 0.392629 0.392622 0.392663 0.392718 0.392806 0.392823 0.392978 0.000000 0.000000
0.000000 0.000000 0.396831 0.396856 0.396993 0.396961 0.396913 0.396775 0.396774 0.396742 0.396767 0.396758 0.396766 0.396771 0.396897 0.396933 0.397016 0.396876 0.396861 0.000000 0.000000
0.000000 0.000000 0.350000 0.350000 0.350000 0.350000 0.350000 0.350000 0.350000 0.350000 0.350000 0.350000 0.350000 0.350000 0.350000 0.350000 0.350000 0.350000 0.350000 0.000000 0.000000
0.000000 0.000000 0.000000 0.000000 0.000000 0.000000 0.000000 0.000000 0.000000 0.000000 0.000000 0.000000 0.000000 0.000000 0.000000 0.000000 0.000000 0.000000 0.000000 0.000000 0.000000