geotop/1.0zi/1.0Montebello/Templates/testdem/maps/_Eocclay9682.asc
ncols         21
nrows         20
xllcorner     100.000000
yllcorner     100.000000
cellsize      50.000000
NODATA_value  -9999.0
0.000000 0.000000 0.000000 0.000000 0.000000 0.000000 0.000000 0.000000 0.000000 0.000000 0.000000 0.000000 0.000000 0.000000 0.000000 0.000000 0.000000 0.000000 0.000000 0.000000 0.000000
0.000000 0.000000 0.349552 0.349555 0.349555 0.349554 0.349556 0.349556 0.349555 0.349555 0.349554 0.349555 0.349555 0.349555 0.349555 0.349555 0.349553 0.349554 0.349555 0.000000 0.000000
0.000000 0.000000 0.349981 0.349979 0.349979 0.349982 0.349979 0.349979 0.349979 0.349979 0.349979 0.349980 0.349980 0.349979 0.349980 0.349981 0.349981 0.349981 0.349979 0.000000 0.000000
0.000000 0.000000 0.350040 0.350045 0.350042 0.350038 0.350039 0.350039 0.350043 0.350040 0.350043 0.350041 0.350042 0.350040 0.350043 0.350046 0.350045 0.350046 0.350043 0.000000 0.000000
0.000000 0.000000 0.351490 0.351484 0.351477 0.351465 0.351447 0.351445 0.351442 0.351443 0.351441 0.351445 0.351446 0.351447 0.351457 0.351462 0.351472 0.351476 0.351485 0.000000 0.000000
0.000000 0.000000 0.355407 0.355401 0.355379 0.355342 0.355312 0.355280 0.355285 0.355279 0.355279 0.355278 0.355285 0.355283 0.355299 0.355330 0.355346 0.355358 0.355364 0.000000 0.000000
0.000000 0.000000 0.360615 0.360604 0.360590 0.360554 0.360515 0.360457 0.360457 0.360451 0.360447 0.360448 0.360450 0.360450 0.360497 0.360532 0.360551 0.360565 0.360573 0.000000 0.000000
0.000000 0.000000 0.366822 0.366809 0.366793 0.366747 0.366702 0.366650 0.366651 0.366644 0.366639 0.366636 0.366635 0.366644 0.366687 0.366724 0.366757 0.366765 0.366779 0.000000 0.000000
0.000000 0.000000 0.373612 0.373595 0.373571 0.373537 0.373485 0.373425 0.373431 0.373419 0.373411 0.373409 0.373412 0.373410 0.373468 0.373513 0.373538 0.373548 0.373561 0.000000 0.000000
0.000000 0.000000 0.381131 0.381105 0.381086 0.381049 0.380992 0.380929 0.380930 0.380921 0.380908 0.380914 0.380922 0.380919 0.380967 0.381025 0.381055 0.381067 0.381073 0.000000 0.000000
0.000000 0.000000 0.389713 0.389692 0.389673 0.389591 0.389564 0.389478 0.389496 0.389454 0.389458 0.389451 0.389438 0.389462 0.389515 0.389551 0.389594 0.389610 0.389647 0.000000 0.000000
0.000000 0.000000 0.399739 0.399695 0.399644 0.399605 0.399560 0.399453 0.399450 0.399445 0.399457 0.399420 0.399438 0.399433 0.399529 0.399585 0.399608 0.399622 0.399696 0.000000 0.000000
0.000000 0.000000 0.411070 0.411028 0.411016 0.410937 0.410882 0.410598 0.410593 0.410574 0.410474 0.410535 0.410542 0.410567 0.410778 0.410826 0.410930 0.410935 0.410954 0.000000 0.000000
0.000000 0.000000 0.425172 0.425153 0.425061 0.425005 0.424605 0.424745 0.424658 0.424658 0.424710 0.424656 0.424646 0.424606 0.424475 0.424916 0.424932 0.425035 0.425096 0.000000 0.000000
0.000000 0.000000 0.441380 0.441332 0.441250 0.440725 0.440948 0.440621 0.440547 0.440512 0.440393 0.440354 0.440414 0.440418 0.440706 0.440491 0.441176 0.441014 0.440990 0.000000 0.000000
0.000000 0.000000 0.456185 0.456156 0.455563 0.455886 0.455777 0.455808 0.456072 0.456003 0.456144 0.456121 0.456007 0.456150 0.456060 0.456161 0.455474 0.456386 0.456372 0.000000 0.000000
0.000000 0.000000 0.469497 0.468993 0.469166 0.468937 0.468678 0.468595 0.468424 0.468464 0.468290 0.468311 0.468412 0.468307 0.468445 0.468637 0.469126 0.468740 0.469265 0.000000 0.000000
0.000000 0.000000 0.474195 0.474387 0.474700 0.474638 0.474592 0.474301 0.474314 0.474242 0.474335 0.474313 0.474315 0.474337 0.474587 0.474624 0.474723 0.474421 0.474232 0.000000 0.000000
0.000000 0.000000 0.350000 0.350000 0.350000 0.350000 0.350000 0.350000 0.350000 0.350000 0.350000 0.350000 0.350000 0.350000 0.350000 0.350000 0.350000 0.350000 0.350000 0.000000 0.000000
0.000000 0.000000 0.000000 0.000000 0.000000 0.000000 0.000000 0.000000 0.000000 0.000000 0.000000 0.000000 0.000000 0.000000 0.000000 0.000000 0.000000 0.000000 0.000000 0.000000 0.000000