geotop/1.0zi/1.0Montebello/Templates/testdem/maps/_Eocclay0880.asc
ncols         21
nrows         20
xllcorner     100.000000
yllcorner     100.000000
cellsize      50.000000
NODATA_value  -9999.0
0.000000 0.000000 0.000000 0.000000 0.000000 0.000000 0.000000 0.000000 0.000000 0.000000 0.000000 0.000000 0.000000 0.000000 0.000000 0.000000 0.000000 0.000000 0.000000 0.000000 0.000000
0.000000 0.000000 0.349951 0.349951 0.349951 0.349951 0.349951 0.349951 0.349951 0.349951 0.349951 0.349951 0.349951 0.349951 0.349951 0.349951 0.349951 0.349951 0.349951 0.000000 0.000000
0.000000 0.000000 0.349996 0.349996 0.349995 0.349996 0.349996 0.349996 0.349996 0.349996 0.349996 0.349996 0.349996 0.349996 0.349996 0.349996 0.349995 0.349996 0.349996 0.000000 0.000000
0.000000 0.000000 0.350376 0.350376 0.350374 0.350375 0.350376 0.350376 0.350376 0.350376 0.350376 0.350376 0.350376 0.350376 0.350376 0.350375 0.350374 0.350376 0.350376 0.000000 0.000000
0.000000 0.000000 0.351773 0.351772 0.351770 0.351769 0.351773 0.351773 0.351773 0.351773 0.351773 0.351773 0.351773 0.351773 0.351773 0.351769 0.351770 0.351772 0.351773 0.000000 0.000000
0.000000 0.000000 0.353292 0.353291 0.353290 0.353289 0.353292 0.353292 0.353292 0.353292 0.353292 0.353292 0.353292 0.353292 0.353292 0.353289 0.353290 0.353291 0.353292 0.000000 0.000000
0.000000 0.000000 0.354725 0.354724 0.354723 0.354723 0.354725 0.354725 0.354725 0.354725 0.354725 0.354725 0.354725 0.354725 0.354725 0.354723 0.354723 0.354724 0.354725 0.000000 0.000000
0.000000 0.000000 0.356042 0.356041 0.356040 0.356040 0.356042 0.356042 0.356041 0.356042 0.356042 0.356042 0.356041 0.356042 0.356042 0.356040 0.356040 0.356041 0.356042 0.000000 0.000000
0.000000 0.000000 0.357273 0.357273 0.357272 0.357272 0.357274 0.357273 0.357273 0.357273 0.357273 0.357273 0.357273 0.357273 0.357274 0.357272 0.357272 0.357273 0.357273 0.000000 0.000000
0.000000 0.000000 0.358454 0.358453 0.358452 0.358452 0.358454 0.358454 0.358454 0.358454 0.358454 0.358454 0.358454 0.358454 0.358454 0.358452 0.358452 0.358453 0.358454 0.000000 0.000000
0.000000 0.000000 0.359594 0.359593 0.359592 0.359592 0.359594 0.359594 0.359594 0.359594 0.359594 0.359594 0.359594 0.359594 0.359594 0.359592 0.359592 0.359593 0.359594 0.000000 0.000000
0.000000 0.000000 0.360705 0.360704 0.360703 0.360703 0.360705 0.360705 0.360705 0.360705 0.360705 0.360705 0.360705 0.360705 0.360705 0.360703 0.360703 0.360704 0.360705 0.000000 0.000000
0.000000 0.000000 0.361790 0.361789 0.361788 0.361788 0.361790 0.361790 0.361789 0.361790 0.361790 0.361790 0.361789 0.361790 0.361790 0.361788 0.361788 0.361789 0.361790 0.000000 0.000000
0.000000 0.000000 0.362856 0.362856 0.362854 0.362855 0.362856 0.362856 0.362856 0.362856 0.362856 0.362856 0.362856 0.362856 0.362856 0.362855 0.362854 0.362856 0.362856 0.000000 0.000000
0.000000 0.000000 0.363912 0.363912 0.363910 0.363911 0.363912 0.363912 0.363912 0.363912 0.363912 0.363912 0.363912 0.363912 0.363912 0.363911 0.363910 0.363912 0.363912 0.000000 0.000000
0.000000 0.000000 0.364961 0.364961 0.364960 0.364960 0.364961 0.364961 0.364961 0.364961 0.364961 0.364961 0.364961 0.364961 0.364961 0.364960 0.364960 0.364961 0.364961 0.000000 0.000000
0.000000 0.000000 0.366001 0.366000 0.365999 0.365999 0.366001 0.366001 0.366001 0.366001 0.366001 0.366001 0.366001 0.366001 0.366001 0.365999 0.365999 0.366000 0.366001 0.000000 0.000000
0.000000 0.000000 0.367068 0.367068 0.367067 0.367067 0.367068 0.367068 0.367068 0.367068 0.367068 0.367068 0.367068 0.367068 0.367068 0.367067 0.367067 0.367068 0.367068 0.000000 0.000000
0.000000 0.000000 0.350000 0.350000 0.350000 0.350000 0.350000 0.350000 0.350000 0.350000 0.350000 0.350000 0.350000 0.350000 0.350000 0.350000 0.350000 0.350000 0.350000 0.000000 0.000000
0.000000 0.000000 0.000000 0.000000 0.000000 0.000000 0.000000 0.000000 0.000000 0.000000 0.000000 0.000000 0.000000 0.000000 0.000000 0.000000 0.000000 0.000000 0.000000 0.000000 0.000000