geotop/1.0zi/1.0Montebello/Templates/testdem/maps/_Eocsand2275.asc
ncols         21
nrows         20
xllcorner     100.000000
yllcorner     100.000000
cellsize      50.000000
NODATA_value  -9999.0
0.000000 0.000000 0.000000 0.000000 0.000000 0.000000 0.000000 0.000000 0.000000 0.000000 0.000000 0.000000 0.000000 0.000000 0.000000 0.000000 0.000000 0.000000 0.000000 0.000000 0.000000
0.000000 0.000000 0.300069 0.300069 0.300068 0.300069 0.300069 0.300069 0.300069 0.300069 0.300069 0.300069 0.300069 0.300069 0.300069 0.300069 0.300068 0.300069 0.300069 0.000000 0.000000
0.000000 0.000000 0.300011 0.300011 0.300011 0.300011 0.300011 0.300011 0.300011 0.300011 0.300011 0.300011 0.300011 0.300011 0.300011 0.300011 0.300011 0.300011 0.300011 0.000000 0.000000
0.000000 0.000000 0.298527 0.298528 0.298533 0.298530 0.298527 0.298527 0.298528 0.298527 0.298527 0.298527 0.298528 0.298527 0.298527 0.298530 0.298533 0.298528 0.298527 0.000000 0.000000
0.000000 0.000000 0.292325 0.292326 0.292330 0.292330 0.292324 0.292326 0.292325 0.292323 0.292323 0.292323 0.292325 0.292326 0.292324 0.292330 0.292330 0.292326 0.292325 0.000000 0.000000
0.000000 0.000000 0.284697 0.284698 0.284701 0.284701 0.284696 0.284697 0.284697 0.284695 0.284695 0.284695 0.284697 0.284697 0.284696 0.284701 0.284701 0.284698 0.284697 0.000000 0.000000
0.000000 0.000000 0.277596 0.277597 0.277600 0.277599 0.277596 0.277597 0.277597 0.277595 0.277595 0.277595 0.277597 0.277597 0.277596 0.277599 0.277600 0.277597 0.277596 0.000000 0.000000
0.000000 0.000000 0.271094 0.271095 0.271098 0.271097 0.271094 0.271095 0.271095 0.271093 0.271093 0.271093 0.271095 0.271095 0.271094 0.271097 0.271098 0.271095 0.271094 0.000000 0.000000
0.000000 0.000000 0.265028 0.265029 0.265031 0.265030 0.265027 0.265028 0.265028 0.265027 0.265027 0.265027 0.265028 0.265028 0.265027 0.265030 0.265031 0.265029 0.265028 0.000000 0.000000
0.000000 0.000000 0.259250 0.259251 0.259253 0.259252 0.259250 0.259251 0.259251 0.259249 0.259249 0.259249 0.259251 0.259251 0.259250 0.259252 0.259253 0.259251 0.259250 0.000000 0.000000
0.000000 0.000000 0.253696 0.253696 0.253699 0.253698 0.253695 0.253696 0.253696 0.253695 0.253694 0.253695 0.253696 0.253696 0.253695 0.253698 0.253699 0.253696 0.253696 0.000000 0.000000
0.000000 0.000000 0.248319 0.248320 0.248322 0.248321 0.248318 0.248319 0.248319 0.248318 0.248318 0.248318 0.248319 0.248319 0.248318 0.248321 0.248322 0.248320 0.248319 0.000000 0.000000
0.000000 0.000000 0.243079 0.243080 0.243082 0.243081 0.243079 0.243080 0.243080 0.243078 0.243078 0.243078 0.243080 0.243080 0.243079 0.243081 0.243082 0.243080 0.243079 0.000000 0.000000
0.000000 0.000000 0.237962 0.237963 0.237965 0.237964 0.237962 0.237963 0.237963 0.237962 0.237961 0.237962 0.237963 0.237963 0.237962 0.237964 0.237965 0.237963 0.237962 0.000000 0.000000
0.000000 0.000000 0.232942 0.232943 0.232945 0.232944 0.232942 0.232943 0.232943 0.232942 0.232941 0.232942 0.232943 0.232943 0.232942 0.232944 0.232945 0.232943 0.232942 0.000000 0.000000
0.000000 0.000000 0.228005 0.228006 0.228008 0.228007 0.228005 0.228006 0.228006 0.228005 0.228004 0.228005 0.228006 0.228006 0.228005 0.228007 0.228008 0.228006 0.228005 0.000000 0.000000
0.000000 0.000000 0.223149 0.223149 0.223151 0.223150 0.223148 0.223149 0.223149 0.223148 0.223147 0.223148 0.223149 0.223149 0.223148 0.223150 0.223151 0.223149 0.223149 0.000000 0.000000
0.000000 0.000000 0.218295 0.218295 0.218297 0.218296 0.218294 0.218295 0.218295 0.218294 0.218293 0.218294 0.218295 0.218295 0.218294 0.218296 0.218297 0.218295 0.218295 0.000000 0.000000
0.000000 0.000000 0.300000 0.300000 0.300000 0.300000 0.300000 0.300000 0.300000 0.300000 0.300000 0.300000 0.300000 0.300000 0.300000 0.300000 0.300000 0.300000 0.300000 0.000000 0.000000
0.000000 0.000000 0.000000 0.000000 0.000000 0.000000 0.000000 0.000000 0.000000 0.000000 0.000000 0.000000 0.000000 0.000000 0.000000 0.000000 0.000000 0.000000 0.000000 0.000000 0.000000