geotop/1.0zi/1.0Montebello/Templates/testdem/maps/_Eocsilt3252.asc
ncols         21
nrows         20
xllcorner     100.000000
yllcorner     100.000000
cellsize      50.000000
NODATA_value  -9999.0
0.000000 0.000000 0.000000 0.000000 0.000000 0.000000 0.000000 0.000000 0.000000 0.000000 0.000000 0.000000 0.000000 0.000000 0.000000 0.000000 0.000000 0.000000 0.000000 0.000000 0.000000
0.000000 0.000000 0.350089 0.350089 0.350089 0.350089 0.350089 0.350089 0.350089 0.350089 0.350088 0.350089 0.350089 0.350089 0.350089 0.350089 0.350089 0.350089 0.350089 0.000000 0.000000
0.000000 0.000000 0.349994 0.349994 0.349994 0.349994 0.349994 0.349994 0.349994 0.349994 0.349995 0.349994 0.349994 0.349994 0.349994 0.349994 0.349994 0.349994 0.349994 0.000000 0.000000
0.000000 0.000000 0.351307 0.351306 0.351304 0.351305 0.351307 0.351307 0.351307 0.351307 0.351307 0.351307 0.351307 0.351307 0.351307 0.351305 0.351304 0.351306 0.351307 0.000000 0.000000
0.000000 0.000000 0.355924 0.355924 0.355922 0.355922 0.355924 0.355923 0.355923 0.355925 0.355925 0.355925 0.355923 0.355923 0.355924 0.355922 0.355922 0.355924 0.355924 0.000000 0.000000
0.000000 0.000000 0.361552 0.361551 0.361549 0.361550 0.361552 0.361551 0.361551 0.361552 0.361553 0.361552 0.361551 0.361551 0.361552 0.361550 0.361549 0.361551 0.361552 0.000000 0.000000
0.000000 0.000000 0.366652 0.366652 0.366650 0.366650 0.366652 0.366652 0.366652 0.366652 0.366653 0.366652 0.366652 0.366652 0.366652 0.366650 0.366650 0.366652 0.366652 0.000000 0.000000
0.000000 0.000000 0.371266 0.371266 0.371264 0.371264 0.371266 0.371265 0.371266 0.371266 0.371267 0.371266 0.371266 0.371265 0.371266 0.371264 0.371264 0.371266 0.371266 0.000000 0.000000
0.000000 0.000000 0.375528 0.375528 0.375526 0.375527 0.375528 0.375528 0.375528 0.375528 0.375529 0.375528 0.375528 0.375528 0.375528 0.375527 0.375526 0.375528 0.375528 0.000000 0.000000
0.000000 0.000000 0.379540 0.379540 0.379539 0.379539 0.379540 0.379540 0.379540 0.379540 0.379541 0.379540 0.379540 0.379540 0.379540 0.379539 0.379539 0.379540 0.379540 0.000000 0.000000
0.000000 0.000000 0.383352 0.383352 0.383350 0.383351 0.383352 0.383352 0.383352 0.383352 0.383353 0.383352 0.383352 0.383352 0.383352 0.383351 0.383350 0.383352 0.383352 0.000000 0.000000
0.000000 0.000000 0.387000 0.386999 0.386998 0.386998 0.387000 0.386999 0.386999 0.387000 0.387000 0.387000 0.386999 0.386999 0.387000 0.386998 0.386998 0.386999 0.387000 0.000000 0.000000
0.000000 0.000000 0.390509 0.390509 0.390508 0.390508 0.390509 0.390509 0.390509 0.390509 0.390510 0.390509 0.390509 0.390509 0.390509 0.390508 0.390508 0.390509 0.390509 0.000000 0.000000
0.000000 0.000000 0.393911 0.393910 0.393909 0.393910 0.393911 0.393910 0.393910 0.393911 0.393911 0.393911 0.393910 0.393910 0.393911 0.393910 0.393909 0.393910 0.393911 0.000000 0.000000
0.000000 0.000000 0.397211 0.397211 0.397210 0.397210 0.397211 0.397211 0.397211 0.397211 0.397212 0.397211 0.397211 0.397211 0.397211 0.397210 0.397210 0.397211 0.397211 0.000000 0.000000
0.000000 0.000000 0.400417 0.400416 0.400415 0.400416 0.400417 0.400416 0.400416 0.400417 0.400417 0.400417 0.400416 0.400416 0.400417 0.400416 0.400415 0.400416 0.400417 0.000000 0.000000
0.000000 0.000000 0.403538 0.403537 0.403536 0.403537 0.403538 0.403537 0.403537 0.403538 0.403538 0.403538 0.403537 0.403537 0.403538 0.403537 0.403536 0.403537 0.403538 0.000000 0.000000
0.000000 0.000000 0.406633 0.406633 0.406632 0.406632 0.406633 0.406633 0.406633 0.406633 0.406634 0.406633 0.406633 0.406633 0.406633 0.406632 0.406632 0.406633 0.406633 0.000000 0.000000
0.000000 0.000000 0.350000 0.350000 0.350000 0.350000 0.350000 0.350000 0.350000 0.350000 0.350000 0.350000 0.350000 0.350000 0.350000 0.350000 0.350000 0.350000 0.350000 0.000000 0.000000
0.000000 0.000000 0.000000 0.000000 0.000000 0.000000 0.000000 0.000000 0.000000 0.000000 0.000000 0.000000 0.000000 0.000000 0.000000 0.000000 0.000000 0.000000 0.000000 0.000000 0.000000