geotop/1.0zi/1.0Montebello/Templates/testdem/maps/_Eocsand028c.asc
ncols         21
nrows         20
xllcorner     100.000000
yllcorner     100.000000
cellsize      50.000000
NODATA_value  -9999.0
0.000000 0.000000 0.000000 0.000000 0.000000 0.000000 0.000000 0.000000 0.000000 0.000000 0.000000 0.000000 0.000000 0.000000 0.000000 0.000000 0.000000 0.000000 0.000000 0.000000 0.000000
0.000000 0.000000 0.300256 0.300253 0.300254 0.300255 0.300254 0.300253 0.300254 0.300254 0.300254 0.300254 0.300254 0.300254 0.300254 0.300254 0.300255 0.300254 0.300254 0.000000 0.000000
0.000000 0.000000 0.300012 0.300014 0.300014 0.300012 0.300014 0.300014 0.300014 0.300014 0.300014 0.300014 0.300013 0.300014 0.300013 0.300013 0.300014 0.300015 0.300015 0.000000 0.000000
0.000000 0.000000 0.299738 0.299733 0.299744 0.299752 0.299751 0.299757 0.299749 0.299751 0.299751 0.299749 0.299748 0.299750 0.299744 0.299737 0.299735 0.299733 0.299735 0.000000 0.000000
0.000000 0.000000 0.296564 0.296561 0.296580 0.296617 0.296646 0.296658 0.296656 0.296655 0.296659 0.296652 0.296646 0.296647 0.296625 0.296609 0.296591 0.296577 0.296564 0.000000 0.000000
0.000000 0.000000 0.288195 0.288200 0.288242 0.288314 0.288383 0.288445 0.288440 0.288447 0.288451 0.288450 0.288438 0.288444 0.288409 0.288351 0.288318 0.288293 0.288281 0.000000 0.000000
0.000000 0.000000 0.276729 0.276746 0.276781 0.276866 0.276954 0.277075 0.277070 0.277076 0.277089 0.277088 0.277089 0.277085 0.276989 0.276917 0.276870 0.276836 0.276821 0.000000 0.000000
0.000000 0.000000 0.263061 0.263081 0.263119 0.263221 0.263319 0.263429 0.263424 0.263434 0.263450 0.263455 0.263458 0.263441 0.263353 0.263271 0.263196 0.263177 0.263148 0.000000 0.000000
0.000000 0.000000 0.247852 0.247883 0.247940 0.248023 0.248136 0.248269 0.248254 0.248274 0.248297 0.248300 0.248293 0.248301 0.248174 0.248075 0.248015 0.247987 0.247961 0.000000 0.000000
0.000000 0.000000 0.230762 0.230809 0.230856 0.230947 0.231073 0.231215 0.231210 0.231222 0.231256 0.231243 0.231226 0.231234 0.231132 0.231002 0.230930 0.230898 0.230887 0.000000 0.000000
0.000000 0.000000 0.210931 0.210966 0.211012 0.211213 0.211272 0.211467 0.211422 0.211511 0.211509 0.211523 0.211555 0.211502 0.211385 0.211304 0.211200 0.211160 0.211075 0.000000 0.000000
0.000000 0.000000 0.187310 0.187400 0.187527 0.187617 0.187729 0.187978 0.187982 0.187976 0.187956 0.188043 0.187996 0.188018 0.187795 0.187659 0.187604 0.187564 0.187396 0.000000 0.000000
0.000000 0.000000 0.160431 0.160505 0.160526 0.160730 0.160865 0.161557 0.161564 0.161598 0.161864 0.161696 0.161687 0.161625 0.161121 0.161011 0.160744 0.160724 0.160707 0.000000 0.000000
0.000000 0.000000 0.127530 0.127541 0.127775 0.127900 0.128869 0.128435 0.128636 0.128618 0.128454 0.128617 0.128636 0.128756 0.129142 0.128079 0.128068 0.127810 0.127670 0.000000 0.000000
0.000000 0.000000 0.094343 0.094421 0.094557 0.095611 0.095065 0.095776 0.095891 0.095951 0.096221 0.096274 0.096158 0.096134 0.095518 0.096051 0.094675 0.095013 0.095082 0.000000 0.000000
0.000000 0.000000 0.070502 0.070536 0.071318 0.070972 0.071103 0.071099 0.070764 0.070851 0.070685 0.070715 0.070856 0.070677 0.070763 0.070640 0.071447 0.070279 0.070300 0.000000 0.000000
0.000000 0.000000 0.053267 0.053618 0.053757 0.053801 0.054022 0.054063 0.054072 0.054071 0.054137 0.054132 0.054108 0.054123 0.054070 0.053894 0.053821 0.053700 0.053348 0.000000 0.000000
0.000000 0.000000 0.043112 0.043282 0.043182 0.043246 0.043407 0.043554 0.043582 0.043603 0.043624 0.043627 0.043599 0.043616 0.043447 0.043353 0.043203 0.043348 0.043172 0.000000 0.000000
0.000000 0.000000 0.300000 0.300000 0.300000 0.300000 0.300000 0.300000 0.300000 0.300000 0.300000 0.300000 0.300000 0.300000 0.300000 0.300000 0.300000 0.300000 0.300000 0.000000 0.000000
0.000000 0.000000 0.000000 0.000000 0.000000 0.000000 0.000000 0.000000 0.000000 0.000000 0.000000 0.000000 0.000000 0.000000 0.000000 0.000000 0.000000 0.000000 0.000000 0.000000 0.000000