geotop/1.0zi/1.0Montebello/Templates/testdem/maps/_Eocclay1317.asc
ncols         21
nrows         20
xllcorner     100.000000
yllcorner     100.000000
cellsize      50.000000
NODATA_value  -9999.0
0.000000 0.000000 0.000000 0.000000 0.000000 0.000000 0.000000 0.000000 0.000000 0.000000 0.000000 0.000000 0.000000 0.000000 0.000000 0.000000 0.000000 0.000000 0.000000 0.000000 0.000000
0.000000 0.000000 0.349932 0.349932 0.349932 0.349932 0.349932 0.349932 0.349932 0.349932 0.349932 0.349932 0.349932 0.349932 0.349932 0.349932 0.349932 0.349932 0.349932 0.000000 0.000000
0.000000 0.000000 0.349994 0.349994 0.349993 0.349994 0.349994 0.349994 0.349994 0.349994 0.349994 0.349994 0.349994 0.349994 0.349994 0.349994 0.349993 0.349994 0.349994 0.000000 0.000000
0.000000 0.000000 0.350549 0.350549 0.350547 0.350548 0.350549 0.350549 0.350549 0.350549 0.350549 0.350549 0.350549 0.350549 0.350549 0.350548 0.350547 0.350549 0.350549 0.000000 0.000000
0.000000 0.000000 0.352552 0.352551 0.352548 0.352548 0.352552 0.352551 0.352551 0.352552 0.352552 0.352552 0.352551 0.352551 0.352552 0.352548 0.352548 0.352551 0.352552 0.000000 0.000000
0.000000 0.000000 0.354769 0.354768 0.354766 0.354766 0.354769 0.354768 0.354768 0.354769 0.354769 0.354769 0.354768 0.354768 0.354769 0.354766 0.354766 0.354768 0.354769 0.000000 0.000000
0.000000 0.000000 0.356883 0.356883 0.356881 0.356882 0.356884 0.356883 0.356883 0.356884 0.356884 0.356884 0.356883 0.356883 0.356884 0.356882 0.356881 0.356883 0.356883 0.000000 0.000000
0.000000 0.000000 0.358834 0.358834 0.358832 0.358833 0.358834 0.358834 0.358834 0.358834 0.358834 0.358834 0.358834 0.358834 0.358834 0.358833 0.358832 0.358834 0.358834 0.000000 0.000000
0.000000 0.000000 0.360663 0.360663 0.360661 0.360662 0.360663 0.360663 0.360663 0.360663 0.360663 0.360663 0.360663 0.360663 0.360663 0.360662 0.360661 0.360663 0.360663 0.000000 0.000000
0.000000 0.000000 0.362418 0.362417 0.362416 0.362416 0.362418 0.362417 0.362417 0.362418 0.362418 0.362418 0.362417 0.362417 0.362418 0.362416 0.362416 0.362417 0.362418 0.000000 0.000000
0.000000 0.000000 0.364115 0.364115 0.364114 0.364114 0.364116 0.364115 0.364115 0.364115 0.364115 0.364115 0.364115 0.364115 0.364116 0.364114 0.364114 0.364115 0.364115 0.000000 0.000000
0.000000 0.000000 0.365774 0.365774 0.365772 0.365773 0.365774 0.365774 0.365774 0.365774 0.365774 0.365774 0.365774 0.365774 0.365774 0.365773 0.365772 0.365774 0.365774 0.000000 0.000000
0.000000 0.000000 0.367406 0.367405 0.367404 0.367404 0.367406 0.367406 0.367406 0.367406 0.367406 0.367406 0.367406 0.367406 0.367406 0.367404 0.367404 0.367405 0.367406 0.000000 0.000000
0.000000 0.000000 0.369010 0.369010 0.369008 0.369009 0.369010 0.369010 0.369010 0.369010 0.369010 0.369010 0.369010 0.369010 0.369010 0.369009 0.369008 0.369010 0.369010 0.000000 0.000000
0.000000 0.000000 0.370595 0.370594 0.370593 0.370593 0.370595 0.370594 0.370594 0.370595 0.370595 0.370595 0.370594 0.370594 0.370595 0.370593 0.370593 0.370594 0.370595 0.000000 0.000000
0.000000 0.000000 0.372165 0.372165 0.372163 0.372164 0.372165 0.372165 0.372165 0.372165 0.372165 0.372165 0.372165 0.372165 0.372165 0.372164 0.372163 0.372165 0.372165 0.000000 0.000000
0.000000 0.000000 0.373719 0.373719 0.373718 0.373718 0.373720 0.373719 0.373719 0.373720 0.373719 0.373720 0.373719 0.373719 0.373720 0.373718 0.373718 0.373719 0.373719 0.000000 0.000000
0.000000 0.000000 0.375298 0.375299 0.375297 0.375298 0.375299 0.375299 0.375299 0.375299 0.375299 0.375299 0.375299 0.375299 0.375299 0.375298 0.375297 0.375299 0.375299 0.000000 0.000000
0.000000 0.000000 0.350000 0.350000 0.350000 0.350000 0.350000 0.350000 0.350000 0.350000 0.350000 0.350000 0.350000 0.350000 0.350000 0.350000 0.350000 0.350000 0.350000 0.000000 0.000000
0.000000 0.000000 0.000000 0.000000 0.000000 0.000000 0.000000 0.000000 0.000000 0.000000 0.000000 0.000000 0.000000 0.000000 0.000000 0.000000 0.000000 0.000000 0.000000 0.000000 0.000000