geotop/1.0zi/1.0Montebello/Templates/testdem/maps/_Eocsand9306.asc
ncols         21
nrows         20
xllcorner     100.000000
yllcorner     100.000000
cellsize      50.000000
NODATA_value  -9999.0
0.000000 0.000000 0.000000 0.000000 0.000000 0.000000 0.000000 0.000000 0.000000 0.000000 0.000000 0.000000 0.000000 0.000000 0.000000 0.000000 0.000000 0.000000 0.000000 0.000000 0.000000
0.000000 0.000000 0.300237 0.300234 0.300234 0.300235 0.300234 0.300233 0.300233 0.300234 0.300234 0.300234 0.300234 0.300234 0.300234 0.300234 0.300235 0.300235 0.300235 0.000000 0.000000
0.000000 0.000000 0.300012 0.300014 0.300014 0.300012 0.300014 0.300014 0.300013 0.300013 0.300014 0.300014 0.300013 0.300013 0.300013 0.300013 0.300014 0.300015 0.300015 0.000000 0.000000
0.000000 0.000000 0.299855 0.299854 0.299861 0.299869 0.299868 0.299871 0.299865 0.299867 0.299867 0.299867 0.299866 0.299868 0.299863 0.299857 0.299854 0.299855 0.299854 0.000000 0.000000
0.000000 0.000000 0.297446 0.297448 0.297465 0.297492 0.297520 0.297525 0.297527 0.297528 0.297529 0.297525 0.297523 0.297522 0.297499 0.297488 0.297474 0.297469 0.297457 0.000000 0.000000
0.000000 0.000000 0.290520 0.290530 0.290568 0.290619 0.290679 0.290729 0.290728 0.290739 0.290734 0.290735 0.290725 0.290728 0.290699 0.290651 0.290625 0.290608 0.290594 0.000000 0.000000
0.000000 0.000000 0.280930 0.280950 0.280980 0.281043 0.281121 0.281226 0.281218 0.281227 0.281230 0.281230 0.281231 0.281224 0.281144 0.281081 0.281042 0.281018 0.281001 0.000000 0.000000
0.000000 0.000000 0.269572 0.269593 0.269620 0.269694 0.269775 0.269869 0.269864 0.269876 0.269881 0.269887 0.269891 0.269872 0.269797 0.269728 0.269665 0.269656 0.269626 0.000000 0.000000
0.000000 0.000000 0.257210 0.257240 0.257280 0.257334 0.257427 0.257538 0.257525 0.257547 0.257557 0.257562 0.257558 0.257560 0.257454 0.257373 0.257324 0.257308 0.257281 0.000000 0.000000
0.000000 0.000000 0.243738 0.243776 0.243807 0.243865 0.243990 0.244092 0.244087 0.244101 0.244120 0.244112 0.244097 0.244100 0.244016 0.243911 0.243854 0.243837 0.243822 0.000000 0.000000
0.000000 0.000000 0.228642 0.228670 0.228697 0.228831 0.228912 0.229046 0.229012 0.229083 0.229073 0.229084 0.229107 0.229062 0.228971 0.228906 0.228827 0.228798 0.228735 0.000000 0.000000
0.000000 0.000000 0.211303 0.211365 0.211442 0.211507 0.211624 0.211789 0.211785 0.211797 0.211769 0.211833 0.211803 0.211804 0.211642 0.211547 0.211503 0.211482 0.211348 0.000000 0.000000
0.000000 0.000000 0.191975 0.192031 0.192050 0.192197 0.192294 0.192760 0.192758 0.192783 0.192930 0.192846 0.192830 0.192784 0.192436 0.192348 0.192180 0.192173 0.192124 0.000000 0.000000
0.000000 0.000000 0.168314 0.168335 0.168467 0.168557 0.169205 0.169042 0.169167 0.169164 0.169094 0.169169 0.169181 0.169233 0.169389 0.168693 0.168646 0.168487 0.168381 0.000000 0.000000
0.000000 0.000000 0.140417 0.140499 0.140639 0.141487 0.141233 0.141722 0.141861 0.141909 0.142085 0.142165 0.142067 0.142064 0.141617 0.141843 0.140730 0.140977 0.140997 0.000000 0.000000
0.000000 0.000000 0.112333 0.112390 0.113497 0.112982 0.113155 0.113143 0.112661 0.112793 0.112542 0.112596 0.112799 0.112527 0.112635 0.112489 0.113640 0.111980 0.112004 0.000000 0.000000
0.000000 0.000000 0.083514 0.084715 0.084289 0.084842 0.085448 0.085645 0.086057 0.085961 0.086377 0.086331 0.086088 0.086340 0.086007 0.085559 0.084364 0.085314 0.084067 0.000000 0.000000
0.000000 0.000000 0.074816 0.074124 0.073366 0.073447 0.073482 0.074228 0.074135 0.074341 0.074033 0.074103 0.074133 0.074038 0.073416 0.073386 0.073280 0.073938 0.074624 0.000000 0.000000
0.000000 0.000000 0.300000 0.300000 0.300000 0.300000 0.300000 0.300000 0.300000 0.300000 0.300000 0.300000 0.300000 0.300000 0.300000 0.300000 0.300000 0.300000 0.300000 0.000000 0.000000
0.000000 0.000000 0.000000 0.000000 0.000000 0.000000 0.000000 0.000000 0.000000 0.000000 0.000000 0.000000 0.000000 0.000000 0.000000 0.000000 0.000000 0.000000 0.000000 0.000000 0.000000