geotop/1.0zi/1.0Montebello/Templates/testdem/maps/_Eocsilt4805.asc
ncols         21
nrows         20
xllcorner     100.000000
yllcorner     100.000000
cellsize      50.000000
NODATA_value  -9999.0
0.000000 0.000000 0.000000 0.000000 0.000000 0.000000 0.000000 0.000000 0.000000 0.000000 0.000000 0.000000 0.000000 0.000000 0.000000 0.000000 0.000000 0.000000 0.000000 0.000000 0.000000
0.000000 0.000000 0.350097 0.350097 0.350098 0.350097 0.350097 0.350097 0.350098 0.350097 0.350097 0.350097 0.350097 0.350098 0.350097 0.350098 0.350098 0.350097 0.350097 0.000000 0.000000
0.000000 0.000000 0.350002 0.350002 0.350003 0.350003 0.350003 0.350003 0.350004 0.350003 0.350003 0.350003 0.350004 0.350003 0.350003 0.350003 0.350002 0.350002 0.350002 0.000000 0.000000
0.000000 0.000000 0.350034 0.350033 0.350033 0.350029 0.350030 0.350027 0.350029 0.350030 0.350029 0.350029 0.350029 0.350028 0.350030 0.350033 0.350033 0.350035 0.350033 0.000000 0.000000
0.000000 0.000000 0.350399 0.350403 0.350402 0.350397 0.350395 0.350391 0.350390 0.350387 0.350386 0.350388 0.350388 0.350389 0.350394 0.350395 0.350396 0.350403 0.350407 0.000000 0.000000
0.000000 0.000000 0.351596 0.351598 0.351594 0.351583 0.351576 0.351561 0.351559 0.351554 0.351558 0.351561 0.351565 0.351563 0.351569 0.351574 0.351581 0.351583 0.351587 0.000000 0.000000
0.000000 0.000000 0.353462 0.353461 0.353455 0.353440 0.353423 0.353405 0.353406 0.353404 0.353407 0.353405 0.353403 0.353408 0.353421 0.353436 0.353442 0.353449 0.353455 0.000000 0.000000
0.000000 0.000000 0.355670 0.355667 0.355666 0.355652 0.355635 0.355616 0.355618 0.355614 0.355614 0.355614 0.355614 0.355614 0.355632 0.355650 0.355661 0.355663 0.355669 0.000000 0.000000
0.000000 0.000000 0.357967 0.357962 0.357956 0.357944 0.357927 0.357904 0.357905 0.357901 0.357901 0.357902 0.357901 0.357903 0.357922 0.357941 0.357949 0.357955 0.357963 0.000000 0.000000
0.000000 0.000000 0.360244 0.360240 0.360236 0.360225 0.360205 0.360185 0.360188 0.360184 0.360185 0.360185 0.360183 0.360183 0.360204 0.360222 0.360230 0.360234 0.360241 0.000000 0.000000
0.000000 0.000000 0.362547 0.362542 0.362539 0.362528 0.362513 0.362489 0.362492 0.362486 0.362487 0.362488 0.362486 0.362487 0.362504 0.362519 0.362529 0.362534 0.362541 0.000000 0.000000
0.000000 0.000000 0.364934 0.364930 0.364924 0.364910 0.364894 0.364871 0.364870 0.364867 0.364868 0.364867 0.364867 0.364867 0.364890 0.364907 0.364916 0.364920 0.364944 0.000000 0.000000
0.000000 0.000000 0.367359 0.367354 0.367348 0.367337 0.367318 0.367269 0.367270 0.367265 0.367265 0.367266 0.367263 0.367265 0.367308 0.367328 0.367338 0.367342 0.367357 0.000000 0.000000
0.000000 0.000000 0.369937 0.369928 0.369924 0.369912 0.369860 0.369847 0.369840 0.369836 0.369837 0.369837 0.369835 0.369836 0.369850 0.369900 0.369910 0.369920 0.369929 0.000000 0.000000
0.000000 0.000000 0.372724 0.372717 0.372703 0.372657 0.372633 0.372601 0.372587 0.372582 0.372575 0.372574 0.372577 0.372573 0.372597 0.372631 0.372687 0.372685 0.372692 0.000000 0.000000
0.000000 0.000000 0.375616 0.375609 0.375553 0.375544 0.375528 0.375512 0.375510 0.375509 0.375512 0.375512 0.375505 0.375516 0.375525 0.375538 0.375538 0.375599 0.375613 0.000000 0.000000
0.000000 0.000000 0.378848 0.378773 0.378729 0.378707 0.378667 0.378646 0.378642 0.378639 0.378631 0.378632 0.378633 0.378628 0.378644 0.378688 0.378717 0.378744 0.378818 0.000000 0.000000
0.000000 0.000000 0.381345 0.381331 0.381379 0.381352 0.381319 0.381245 0.381239 0.381232 0.381236 0.381235 0.381231 0.381238 0.381304 0.381340 0.381381 0.381317 0.381343 0.000000 0.000000
0.000000 0.000000 0.350000 0.350000 0.350000 0.350000 0.350000 0.350000 0.350000 0.350000 0.350000 0.350000 0.350000 0.350000 0.350000 0.350000 0.350000 0.350000 0.350000 0.000000 0.000000
0.000000 0.000000 0.000000 0.000000 0.000000 0.000000 0.000000 0.000000 0.000000 0.000000 0.000000 0.000000 0.000000 0.000000 0.000000 0.000000 0.000000 0.000000 0.000000 0.000000 0.000000