geotop/1.0zi/1.0Montebello/Templates/testdem/maps/_Eocsilt3946.asc
ncols         21
nrows         20
xllcorner     100.000000
yllcorner     100.000000
cellsize      50.000000
NODATA_value  -9999.0
0.000000 0.000000 0.000000 0.000000 0.000000 0.000000 0.000000 0.000000 0.000000 0.000000 0.000000 0.000000 0.000000 0.000000 0.000000 0.000000 0.000000 0.000000 0.000000 0.000000 0.000000
0.000000 0.000000 0.350080 0.350080 0.350080 0.350080 0.350080 0.350080 0.350080 0.350080 0.350080 0.350080 0.350080 0.350080 0.350080 0.350080 0.350080 0.350080 0.350080 0.000000 0.000000
0.000000 0.000000 0.350001 0.350002 0.350002 0.350002 0.350003 0.350003 0.350003 0.350003 0.350003 0.350003 0.350003 0.350003 0.350003 0.350002 0.350001 0.350001 0.350001 0.000000 0.000000
0.000000 0.000000 0.350032 0.350031 0.350031 0.350026 0.350027 0.350025 0.350027 0.350027 0.350027 0.350026 0.350027 0.350026 0.350028 0.350030 0.350031 0.350033 0.350032 0.000000 0.000000
0.000000 0.000000 0.350374 0.350377 0.350374 0.350377 0.350375 0.350373 0.350372 0.350369 0.350369 0.350370 0.350372 0.350372 0.350372 0.350371 0.350370 0.350375 0.350377 0.000000 0.000000
0.000000 0.000000 0.351426 0.351427 0.351423 0.351416 0.351410 0.351396 0.351396 0.351391 0.351395 0.351397 0.351398 0.351400 0.351405 0.351411 0.351414 0.351413 0.351414 0.000000 0.000000
0.000000 0.000000 0.352992 0.352994 0.352991 0.352977 0.352963 0.352947 0.352948 0.352944 0.352948 0.352947 0.352946 0.352949 0.352964 0.352977 0.352981 0.352983 0.352989 0.000000 0.000000
0.000000 0.000000 0.354823 0.354821 0.354815 0.354800 0.354782 0.354764 0.354765 0.354762 0.354763 0.354762 0.354762 0.354766 0.354787 0.354803 0.354812 0.354812 0.354816 0.000000 0.000000
0.000000 0.000000 0.356666 0.356662 0.356654 0.356643 0.356626 0.356604 0.356605 0.356601 0.356602 0.356603 0.356603 0.356608 0.356627 0.356644 0.356650 0.356653 0.356660 0.000000 0.000000
0.000000 0.000000 0.358490 0.358487 0.358481 0.358468 0.358449 0.358430 0.358432 0.358429 0.358430 0.358430 0.358430 0.358433 0.358454 0.358471 0.358476 0.358478 0.358483 0.000000 0.000000
0.000000 0.000000 0.360316 0.360313 0.360307 0.360296 0.360281 0.360258 0.360260 0.360255 0.360256 0.360257 0.360257 0.360261 0.360279 0.360291 0.360299 0.360301 0.360308 0.000000 0.000000
0.000000 0.000000 0.362193 0.362190 0.362182 0.362168 0.362151 0.362129 0.362129 0.362125 0.362127 0.362126 0.362128 0.362131 0.362154 0.362169 0.362176 0.362178 0.362198 0.000000 0.000000
0.000000 0.000000 0.364084 0.364080 0.364072 0.364061 0.364042 0.364000 0.364000 0.363996 0.363997 0.363997 0.363997 0.364001 0.364039 0.364057 0.364063 0.364066 0.364079 0.000000 0.000000
0.000000 0.000000 0.366069 0.366063 0.366056 0.366044 0.366002 0.365988 0.365981 0.365978 0.365979 0.365979 0.365979 0.365983 0.365999 0.366038 0.366045 0.366052 0.366060 0.000000 0.000000
0.000000 0.000000 0.368194 0.368189 0.368175 0.368139 0.368116 0.368089 0.368076 0.368071 0.368066 0.368066 0.368070 0.368070 0.368093 0.368121 0.368161 0.368159 0.368165 0.000000 0.000000
0.000000 0.000000 0.370370 0.370364 0.370321 0.370311 0.370294 0.370279 0.370276 0.370274 0.370276 0.370275 0.370272 0.370284 0.370294 0.370308 0.370309 0.370349 0.370360 0.000000 0.000000
0.000000 0.000000 0.372765 0.372716 0.372677 0.372659 0.372627 0.372610 0.372606 0.372604 0.372599 0.372599 0.372602 0.372603 0.372617 0.372649 0.372667 0.372689 0.372739 0.000000 0.000000
0.000000 0.000000 0.374667 0.374652 0.374678 0.374655 0.374625 0.374573 0.374567 0.374562 0.374564 0.374563 0.374563 0.374570 0.374618 0.374648 0.374678 0.374633 0.374657 0.000000 0.000000
0.000000 0.000000 0.350000 0.350000 0.350000 0.350000 0.350000 0.350000 0.350000 0.350000 0.350000 0.350000 0.350000 0.350000 0.350000 0.350000 0.350000 0.350000 0.350000 0.000000 0.000000
0.000000 0.000000 0.000000 0.000000 0.000000 0.000000 0.000000 0.000000 0.000000 0.000000 0.000000 0.000000 0.000000 0.000000 0.000000 0.000000 0.000000 0.000000 0.000000 0.000000 0.000000