geotop/1.0zi/1.0Montebello/Templates/testdem/maps/_Eocclay8359.asc
ncols         21
nrows         20
xllcorner     100.000000
yllcorner     100.000000
cellsize      50.000000
NODATA_value  -9999.0
0.000000 0.000000 0.000000 0.000000 0.000000 0.000000 0.000000 0.000000 0.000000 0.000000 0.000000 0.000000 0.000000 0.000000 0.000000 0.000000 0.000000 0.000000 0.000000 0.000000 0.000000
0.000000 0.000000 0.349618 0.349620 0.349620 0.349619 0.349621 0.349621 0.349621 0.349621 0.349620 0.349621 0.349621 0.349621 0.349621 0.349621 0.349619 0.349619 0.349620 0.000000 0.000000
0.000000 0.000000 0.349984 0.349983 0.349983 0.349985 0.349983 0.349982 0.349983 0.349982 0.349982 0.349982 0.349983 0.349982 0.349983 0.349983 0.349984 0.349983 0.349982 0.000000 0.000000
0.000000 0.000000 0.350004 0.350009 0.350006 0.350004 0.350007 0.350004 0.350006 0.350004 0.350007 0.350004 0.350005 0.350003 0.350005 0.350007 0.350006 0.350009 0.350006 0.000000 0.000000
0.000000 0.000000 0.351016 0.351013 0.351010 0.351006 0.350990 0.350988 0.350984 0.350987 0.350983 0.350985 0.350981 0.350985 0.350994 0.350996 0.351006 0.351009 0.351017 0.000000 0.000000
0.000000 0.000000 0.354006 0.354005 0.353991 0.353962 0.353947 0.353921 0.353923 0.353916 0.353920 0.353918 0.353921 0.353922 0.353934 0.353955 0.353970 0.353985 0.353991 0.000000 0.000000
0.000000 0.000000 0.358070 0.358067 0.358058 0.358034 0.358002 0.357962 0.357960 0.357954 0.357956 0.357956 0.357956 0.357958 0.357992 0.358023 0.358040 0.358054 0.358062 0.000000 0.000000
0.000000 0.000000 0.362901 0.362899 0.362890 0.362860 0.362828 0.362785 0.362783 0.362779 0.362778 0.362775 0.362773 0.362782 0.362819 0.362846 0.362873 0.362883 0.362896 0.000000 0.000000
0.000000 0.000000 0.368052 0.368045 0.368031 0.368012 0.367978 0.367933 0.367935 0.367925 0.367923 0.367920 0.367921 0.367921 0.367964 0.368000 0.368022 0.368032 0.368043 0.000000 0.000000
0.000000 0.000000 0.373541 0.373531 0.373524 0.373504 0.373455 0.373413 0.373413 0.373408 0.373401 0.373405 0.373411 0.373408 0.373446 0.373488 0.373514 0.373524 0.373532 0.000000 0.000000
0.000000 0.000000 0.379558 0.379551 0.379542 0.379500 0.379465 0.379415 0.379425 0.379399 0.379402 0.379401 0.379391 0.379409 0.379444 0.379470 0.379504 0.379523 0.379545 0.000000 0.000000
0.000000 0.000000 0.386272 0.386255 0.386235 0.386208 0.386168 0.386106 0.386100 0.386094 0.386108 0.386086 0.386092 0.386096 0.386160 0.386193 0.386217 0.386230 0.386286 0.000000 0.000000
0.000000 0.000000 0.393583 0.393566 0.393559 0.393519 0.393484 0.393319 0.393315 0.393306 0.393262 0.393286 0.393295 0.393310 0.393435 0.393470 0.393533 0.393541 0.393566 0.000000 0.000000
0.000000 0.000000 0.402226 0.402222 0.402187 0.402160 0.401949 0.401969 0.401924 0.401925 0.401940 0.401926 0.401920 0.401910 0.401888 0.402108 0.402142 0.402201 0.402240 0.000000 0.000000
0.000000 0.000000 0.412484 0.412466 0.412425 0.412155 0.412185 0.412049 0.411988 0.411973 0.411927 0.411896 0.411926 0.411921 0.412053 0.412040 0.412398 0.412344 0.412348 0.000000 0.000000
0.000000 0.000000 0.423758 0.423743 0.423350 0.423468 0.423436 0.423404 0.423553 0.423507 0.423587 0.423559 0.423493 0.423593 0.423595 0.423620 0.423319 0.423894 0.423885 0.000000 0.000000
0.000000 0.000000 0.437760 0.437142 0.437289 0.437053 0.436744 0.436652 0.436474 0.436516 0.436328 0.436346 0.436454 0.436346 0.436505 0.436735 0.437271 0.436913 0.437558 0.000000 0.000000
0.000000 0.000000 0.442479 0.443076 0.443594 0.443605 0.443644 0.443145 0.443233 0.443085 0.443332 0.443282 0.443242 0.443327 0.443739 0.443712 0.443694 0.443302 0.442717 0.000000 0.000000
0.000000 0.000000 0.350000 0.350000 0.350000 0.350000 0.350000 0.350000 0.350000 0.350000 0.350000 0.350000 0.350000 0.350000 0.350000 0.350000 0.350000 0.350000 0.350000 0.000000 0.000000
0.000000 0.000000 0.000000 0.000000 0.000000 0.000000 0.000000 0.000000 0.000000 0.000000 0.000000 0.000000 0.000000 0.000000 0.000000 0.000000 0.000000 0.000000 0.000000 0.000000 0.000000