geotop/1.0zi/1.0Montebello/Templates/testdem/maps/_Eocclay7945.asc
ncols         21
nrows         20
xllcorner     100.000000
yllcorner     100.000000
cellsize      50.000000
NODATA_value  -9999.0
0.000000 0.000000 0.000000 0.000000 0.000000 0.000000 0.000000 0.000000 0.000000 0.000000 0.000000 0.000000 0.000000 0.000000 0.000000 0.000000 0.000000 0.000000 0.000000 0.000000 0.000000
0.000000 0.000000 0.349633 0.349635 0.349634 0.349633 0.349635 0.349635 0.349635 0.349635 0.349634 0.349635 0.349635 0.349635 0.349635 0.349635 0.349633 0.349633 0.349634 0.000000 0.000000
0.000000 0.000000 0.349985 0.349983 0.349985 0.349986 0.349984 0.349983 0.349983 0.349983 0.349983 0.349983 0.349983 0.349983 0.349984 0.349984 0.349985 0.349984 0.349983 0.000000 0.000000
0.000000 0.000000 0.350003 0.350008 0.350004 0.350003 0.350006 0.350003 0.350005 0.350003 0.350006 0.350003 0.350004 0.350002 0.350004 0.350006 0.350005 0.350008 0.350006 0.000000 0.000000
0.000000 0.000000 0.350998 0.350994 0.350990 0.350986 0.350970 0.350968 0.350965 0.350968 0.350964 0.350965 0.350961 0.350965 0.350975 0.350977 0.350985 0.350987 0.350993 0.000000 0.000000
0.000000 0.000000 0.353779 0.353776 0.353764 0.353734 0.353720 0.353696 0.353697 0.353689 0.353694 0.353692 0.353695 0.353697 0.353708 0.353728 0.353742 0.353757 0.353763 0.000000 0.000000
0.000000 0.000000 0.357593 0.357589 0.357580 0.357555 0.357525 0.357486 0.357485 0.357479 0.357481 0.357481 0.357481 0.357482 0.357516 0.357545 0.357561 0.357574 0.357582 0.000000 0.000000
0.000000 0.000000 0.362116 0.362113 0.362104 0.362074 0.362044 0.362002 0.362002 0.361997 0.361997 0.361994 0.361992 0.362000 0.362035 0.362061 0.362087 0.362096 0.362109 0.000000 0.000000
0.000000 0.000000 0.366899 0.366891 0.366877 0.366857 0.366825 0.366783 0.366785 0.366776 0.366773 0.366771 0.366772 0.366771 0.366813 0.366847 0.366867 0.366876 0.366886 0.000000 0.000000
0.000000 0.000000 0.371953 0.371942 0.371935 0.371915 0.371868 0.371830 0.371830 0.371825 0.371819 0.371822 0.371828 0.371825 0.371861 0.371900 0.371924 0.371932 0.371940 0.000000 0.000000
0.000000 0.000000 0.377441 0.377434 0.377424 0.377384 0.377352 0.377306 0.377315 0.377290 0.377294 0.377292 0.377284 0.377300 0.377332 0.377357 0.377388 0.377404 0.377425 0.000000 0.000000
0.000000 0.000000 0.383504 0.383486 0.383467 0.383440 0.383404 0.383347 0.383343 0.383336 0.383349 0.383329 0.383334 0.383338 0.383397 0.383426 0.383448 0.383460 0.383511 0.000000 0.000000
0.000000 0.000000 0.390038 0.390021 0.390013 0.389975 0.389943 0.389797 0.389795 0.389786 0.389748 0.389767 0.389776 0.389789 0.389901 0.389931 0.389987 0.389993 0.390019 0.000000 0.000000
0.000000 0.000000 0.397656 0.397650 0.397619 0.397592 0.397412 0.397420 0.397382 0.397382 0.397391 0.397381 0.397377 0.397369 0.397357 0.397544 0.397577 0.397626 0.397662 0.000000 0.000000
0.000000 0.000000 0.406605 0.406588 0.406549 0.406323 0.406334 0.406222 0.406168 0.406155 0.406118 0.406090 0.406115 0.406110 0.406219 0.406222 0.406520 0.406478 0.406486 0.000000 0.000000
0.000000 0.000000 0.416458 0.416442 0.416115 0.416189 0.416166 0.416130 0.416247 0.416208 0.416268 0.416242 0.416191 0.416272 0.416284 0.416303 0.416085 0.416547 0.416541 0.000000 0.000000
0.000000 0.000000 0.428785 0.428263 0.428344 0.428153 0.427892 0.427815 0.427684 0.427713 0.427564 0.427575 0.427659 0.427579 0.427709 0.427902 0.428323 0.428079 0.428617 0.000000 0.000000
0.000000 0.000000 0.433786 0.434254 0.434716 0.434706 0.434714 0.434273 0.434335 0.434210 0.434407 0.434365 0.434340 0.434405 0.434778 0.434772 0.434799 0.434424 0.433967 0.000000 0.000000
0.000000 0.000000 0.350000 0.350000 0.350000 0.350000 0.350000 0.350000 0.350000 0.350000 0.350000 0.350000 0.350000 0.350000 0.350000 0.350000 0.350000 0.350000 0.350000 0.000000 0.000000
0.000000 0.000000 0.000000 0.000000 0.000000 0.000000 0.000000 0.000000 0.000000 0.000000 0.000000 0.000000 0.000000 0.000000 0.000000 0.000000 0.000000 0.000000 0.000000 0.000000 0.000000