geotop/1.0zi/1.0Montebello/Templates/testdem/maps/_Eocsand1851.asc
ncols         21
nrows         20
xllcorner     100.000000
yllcorner     100.000000
cellsize      50.000000
NODATA_value  -9999.0
0.000000 0.000000 0.000000 0.000000 0.000000 0.000000 0.000000 0.000000 0.000000 0.000000 0.000000 0.000000 0.000000 0.000000 0.000000 0.000000 0.000000 0.000000 0.000000 0.000000 0.000000
0.000000 0.000000 0.300055 0.300055 0.300055 0.300055 0.300055 0.300055 0.300055 0.300055 0.300055 0.300055 0.300055 0.300055 0.300055 0.300055 0.300055 0.300055 0.300055 0.000000 0.000000
0.000000 0.000000 0.300008 0.300009 0.300009 0.300008 0.300008 0.300008 0.300008 0.300008 0.300008 0.300008 0.300008 0.300008 0.300008 0.300008 0.300009 0.300009 0.300008 0.000000 0.000000
0.000000 0.000000 0.298667 0.298668 0.298672 0.298670 0.298667 0.298667 0.298667 0.298667 0.298667 0.298667 0.298667 0.298667 0.298667 0.298670 0.298672 0.298668 0.298667 0.000000 0.000000
0.000000 0.000000 0.293480 0.293482 0.293485 0.293485 0.293478 0.293480 0.293480 0.293478 0.293478 0.293478 0.293480 0.293480 0.293478 0.293485 0.293485 0.293482 0.293480 0.000000 0.000000
0.000000 0.000000 0.287263 0.287264 0.287268 0.287267 0.287262 0.287263 0.287263 0.287262 0.287262 0.287262 0.287263 0.287263 0.287262 0.287267 0.287268 0.287264 0.287263 0.000000 0.000000
0.000000 0.000000 0.281466 0.281466 0.281469 0.281468 0.281464 0.281465 0.281465 0.281464 0.281464 0.281464 0.281465 0.281465 0.281464 0.281468 0.281469 0.281466 0.281466 0.000000 0.000000
0.000000 0.000000 0.276140 0.276141 0.276144 0.276143 0.276139 0.276140 0.276140 0.276139 0.276139 0.276139 0.276140 0.276140 0.276139 0.276143 0.276144 0.276141 0.276140 0.000000 0.000000
0.000000 0.000000 0.271158 0.271159 0.271161 0.271161 0.271157 0.271158 0.271158 0.271157 0.271157 0.271157 0.271158 0.271158 0.271157 0.271161 0.271161 0.271159 0.271158 0.000000 0.000000
0.000000 0.000000 0.266397 0.266397 0.266400 0.266399 0.266396 0.266397 0.266397 0.266396 0.266396 0.266396 0.266397 0.266397 0.266396 0.266399 0.266400 0.266397 0.266397 0.000000 0.000000
0.000000 0.000000 0.261805 0.261806 0.261808 0.261807 0.261804 0.261805 0.261805 0.261804 0.261804 0.261804 0.261805 0.261805 0.261804 0.261807 0.261808 0.261806 0.261805 0.000000 0.000000
0.000000 0.000000 0.257340 0.257341 0.257343 0.257342 0.257339 0.257340 0.257340 0.257339 0.257339 0.257339 0.257340 0.257340 0.257339 0.257342 0.257343 0.257341 0.257340 0.000000 0.000000
0.000000 0.000000 0.252968 0.252969 0.252971 0.252970 0.252967 0.252968 0.252968 0.252967 0.252967 0.252967 0.252968 0.252968 0.252967 0.252970 0.252971 0.252969 0.252968 0.000000 0.000000
0.000000 0.000000 0.248684 0.248684 0.248687 0.248686 0.248683 0.248684 0.248684 0.248683 0.248683 0.248683 0.248684 0.248684 0.248683 0.248686 0.248687 0.248684 0.248684 0.000000 0.000000
0.000000 0.000000 0.244469 0.244469 0.244471 0.244470 0.244468 0.244468 0.244468 0.244468 0.244467 0.244468 0.244468 0.244468 0.244468 0.244470 0.244471 0.244469 0.244469 0.000000 0.000000
0.000000 0.000000 0.240310 0.240311 0.240313 0.240312 0.240309 0.240310 0.240310 0.240309 0.240309 0.240309 0.240310 0.240310 0.240309 0.240312 0.240313 0.240311 0.240310 0.000000 0.000000
0.000000 0.000000 0.236210 0.236210 0.236213 0.236211 0.236209 0.236210 0.236210 0.236209 0.236208 0.236209 0.236210 0.236210 0.236209 0.236211 0.236213 0.236210 0.236210 0.000000 0.000000
0.000000 0.000000 0.232087 0.232087 0.232089 0.232088 0.232085 0.232086 0.232086 0.232085 0.232085 0.232085 0.232086 0.232086 0.232085 0.232088 0.232089 0.232087 0.232086 0.000000 0.000000
0.000000 0.000000 0.300000 0.300000 0.300000 0.300000 0.300000 0.300000 0.300000 0.300000 0.300000 0.300000 0.300000 0.300000 0.300000 0.300000 0.300000 0.300000 0.300000 0.000000 0.000000
0.000000 0.000000 0.000000 0.000000 0.000000 0.000000 0.000000 0.000000 0.000000 0.000000 0.000000 0.000000 0.000000 0.000000 0.000000 0.000000 0.000000 0.000000 0.000000 0.000000 0.000000