geotop/1.0zi/1.0Montebello/Templates/testdem/maps/_Eocsand6414.asc
ncols         21
nrows         20
xllcorner     100.000000
yllcorner     100.000000
cellsize      50.000000
NODATA_value  -9999.0
0.000000 0.000000 0.000000 0.000000 0.000000 0.000000 0.000000 0.000000 0.000000 0.000000 0.000000 0.000000 0.000000 0.000000 0.000000 0.000000 0.000000 0.000000 0.000000 0.000000 0.000000
0.000000 0.000000 0.300158 0.300156 0.300155 0.300156 0.300155 0.300155 0.300156 0.300156 0.300156 0.300156 0.300156 0.300156 0.300155 0.300155 0.300157 0.300157 0.300156 0.000000 0.000000
0.000000 0.000000 0.300009 0.300010 0.300009 0.300008 0.300009 0.300009 0.300009 0.300009 0.300009 0.300010 0.300008 0.300010 0.300009 0.300010 0.300010 0.300010 0.300011 0.000000 0.000000
0.000000 0.000000 0.299963 0.299962 0.299966 0.299971 0.299969 0.299970 0.299967 0.299970 0.299967 0.299970 0.299969 0.299970 0.299968 0.299963 0.299962 0.299960 0.299960 0.000000 0.000000
0.000000 0.000000 0.298779 0.298773 0.298779 0.298788 0.298805 0.298813 0.298815 0.298815 0.298819 0.298818 0.298821 0.298818 0.298806 0.298803 0.298796 0.298786 0.298774 0.000000 0.000000
0.000000 0.000000 0.295216 0.295212 0.295226 0.295264 0.295284 0.295321 0.295322 0.295332 0.295324 0.295321 0.295316 0.295319 0.295307 0.295284 0.295265 0.295249 0.295238 0.000000 0.000000
0.000000 0.000000 0.289906 0.289910 0.289923 0.289962 0.290010 0.290064 0.290064 0.290072 0.290068 0.290067 0.290069 0.290066 0.290023 0.289978 0.289955 0.289935 0.289919 0.000000 0.000000
0.000000 0.000000 0.283474 0.283473 0.283481 0.283523 0.283570 0.283630 0.283630 0.283636 0.283637 0.283638 0.283641 0.283632 0.283583 0.283540 0.283504 0.283495 0.283473 0.000000 0.000000
0.000000 0.000000 0.276772 0.276780 0.276800 0.276827 0.276873 0.276937 0.276934 0.276947 0.276951 0.276950 0.276950 0.276953 0.276892 0.276844 0.276812 0.276801 0.276781 0.000000 0.000000
0.000000 0.000000 0.269939 0.269949 0.269958 0.269981 0.270047 0.270104 0.270101 0.270109 0.270117 0.270111 0.270101 0.270109 0.270057 0.270002 0.269968 0.269961 0.269946 0.000000 0.000000
0.000000 0.000000 0.262813 0.262819 0.262827 0.262876 0.262921 0.262985 0.262971 0.263003 0.263003 0.263000 0.263009 0.262989 0.262949 0.262913 0.262875 0.262854 0.262824 0.000000 0.000000
0.000000 0.000000 0.255244 0.255256 0.255279 0.255316 0.255359 0.255437 0.255436 0.255451 0.255434 0.255454 0.255451 0.255444 0.255370 0.255334 0.255307 0.255295 0.255221 0.000000 0.000000
0.000000 0.000000 0.247379 0.247396 0.247407 0.247447 0.247486 0.247652 0.247653 0.247667 0.247704 0.247684 0.247672 0.247658 0.247534 0.247499 0.247437 0.247431 0.247380 0.000000 0.000000
0.000000 0.000000 0.238716 0.238725 0.238753 0.238783 0.238952 0.238987 0.239025 0.239026 0.239036 0.239031 0.239034 0.239040 0.239020 0.238845 0.238795 0.238752 0.238699 0.000000 0.000000
0.000000 0.000000 0.229031 0.229040 0.229081 0.229268 0.229315 0.229415 0.229477 0.229489 0.229521 0.229545 0.229520 0.229531 0.229448 0.229380 0.229121 0.229144 0.229113 0.000000 0.000000
0.000000 0.000000 0.218652 0.218663 0.218916 0.218941 0.218954 0.219013 0.218954 0.218985 0.218957 0.218984 0.219015 0.218958 0.218920 0.218900 0.218949 0.218625 0.218619 0.000000 0.000000
0.000000 0.000000 0.206472 0.206825 0.206908 0.207015 0.207190 0.207265 0.207307 0.207304 0.207389 0.207391 0.207352 0.207376 0.207281 0.207148 0.206932 0.206912 0.206544 0.000000 0.000000
0.000000 0.000000 0.198228 0.198137 0.197808 0.197883 0.197982 0.198311 0.198312 0.198389 0.198320 0.198341 0.198326 0.198310 0.198008 0.197934 0.197753 0.198083 0.198151 0.000000 0.000000
0.000000 0.000000 0.300000 0.300000 0.300000 0.300000 0.300000 0.300000 0.300000 0.300000 0.300000 0.300000 0.300000 0.300000 0.300000 0.300000 0.300000 0.300000 0.300000 0.000000 0.000000
0.000000 0.000000 0.000000 0.000000 0.000000 0.000000 0.000000 0.000000 0.000000 0.000000 0.000000 0.000000 0.000000 0.000000 0.000000 0.000000 0.000000 0.000000 0.000000 0.000000 0.000000