geotop/1.0zi/1.0Montebello/Templates/testdem/maps/_Eocsand1417.asc
ncols         21
nrows         20
xllcorner     100.000000
yllcorner     100.000000
cellsize      50.000000
NODATA_value  -9999.0
0.000000 0.000000 0.000000 0.000000 0.000000 0.000000 0.000000 0.000000 0.000000 0.000000 0.000000 0.000000 0.000000 0.000000 0.000000 0.000000 0.000000 0.000000 0.000000 0.000000 0.000000
0.000000 0.000000 0.300043 0.300043 0.300043 0.300043 0.300043 0.300043 0.300043 0.300043 0.300043 0.300043 0.300043 0.300043 0.300043 0.300043 0.300043 0.300043 0.300043 0.000000 0.000000
0.000000 0.000000 0.300006 0.300007 0.300007 0.300006 0.300006 0.300006 0.300006 0.300006 0.300006 0.300006 0.300006 0.300006 0.300006 0.300006 0.300007 0.300007 0.300006 0.000000 0.000000
0.000000 0.000000 0.298860 0.298861 0.298866 0.298864 0.298860 0.298860 0.298861 0.298860 0.298860 0.298860 0.298861 0.298860 0.298860 0.298864 0.298866 0.298861 0.298860 0.000000 0.000000
0.000000 0.000000 0.294786 0.294787 0.294792 0.294792 0.294785 0.294787 0.294787 0.294785 0.294785 0.294785 0.294787 0.294787 0.294785 0.294792 0.294792 0.294787 0.294786 0.000000 0.000000
0.000000 0.000000 0.289984 0.289985 0.289989 0.289988 0.289983 0.289984 0.289985 0.289983 0.289983 0.289983 0.289985 0.289984 0.289983 0.289988 0.289989 0.289985 0.289984 0.000000 0.000000
0.000000 0.000000 0.285479 0.285480 0.285484 0.285483 0.285478 0.285480 0.285480 0.285479 0.285479 0.285479 0.285480 0.285480 0.285478 0.285483 0.285484 0.285480 0.285479 0.000000 0.000000
0.000000 0.000000 0.281330 0.281331 0.281334 0.281333 0.281329 0.281330 0.281331 0.281330 0.281330 0.281330 0.281331 0.281330 0.281329 0.281333 0.281334 0.281331 0.281330 0.000000 0.000000
0.000000 0.000000 0.277440 0.277440 0.277443 0.277442 0.277439 0.277440 0.277440 0.277439 0.277439 0.277439 0.277440 0.277440 0.277439 0.277442 0.277443 0.277440 0.277440 0.000000 0.000000
0.000000 0.000000 0.273711 0.273711 0.273714 0.273713 0.273710 0.273711 0.273711 0.273710 0.273710 0.273710 0.273711 0.273711 0.273710 0.273713 0.273714 0.273711 0.273711 0.000000 0.000000
0.000000 0.000000 0.270103 0.270104 0.270107 0.270106 0.270103 0.270103 0.270104 0.270103 0.270103 0.270103 0.270104 0.270103 0.270103 0.270106 0.270107 0.270104 0.270103 0.000000 0.000000
0.000000 0.000000 0.266580 0.266580 0.266583 0.266582 0.266579 0.266580 0.266580 0.266579 0.266579 0.266579 0.266580 0.266580 0.266579 0.266582 0.266583 0.266580 0.266580 0.000000 0.000000
0.000000 0.000000 0.263116 0.263117 0.263120 0.263119 0.263116 0.263117 0.263117 0.263116 0.263116 0.263116 0.263117 0.263117 0.263116 0.263119 0.263120 0.263117 0.263116 0.000000 0.000000
0.000000 0.000000 0.259714 0.259714 0.259717 0.259716 0.259713 0.259714 0.259714 0.259713 0.259714 0.259713 0.259714 0.259714 0.259713 0.259716 0.259717 0.259714 0.259714 0.000000 0.000000
0.000000 0.000000 0.256358 0.256359 0.256362 0.256361 0.256358 0.256359 0.256359 0.256358 0.256358 0.256358 0.256359 0.256359 0.256358 0.256361 0.256362 0.256359 0.256358 0.000000 0.000000
0.000000 0.000000 0.253036 0.253037 0.253040 0.253039 0.253036 0.253037 0.253037 0.253036 0.253036 0.253036 0.253037 0.253037 0.253036 0.253039 0.253040 0.253037 0.253036 0.000000 0.000000
0.000000 0.000000 0.249752 0.249752 0.249755 0.249754 0.249751 0.249752 0.249752 0.249751 0.249751 0.249751 0.249752 0.249752 0.249751 0.249754 0.249755 0.249752 0.249752 0.000000 0.000000
0.000000 0.000000 0.246430 0.246429 0.246432 0.246431 0.246428 0.246429 0.246429 0.246428 0.246429 0.246428 0.246429 0.246429 0.246428 0.246431 0.246432 0.246429 0.246429 0.000000 0.000000
0.000000 0.000000 0.300000 0.300000 0.300000 0.300000 0.300000 0.300000 0.300000 0.300000 0.300000 0.300000 0.300000 0.300000 0.300000 0.300000 0.300000 0.300000 0.300000 0.000000 0.000000
0.000000 0.000000 0.000000 0.000000 0.000000 0.000000 0.000000 0.000000 0.000000 0.000000 0.000000 0.000000 0.000000 0.000000 0.000000 0.000000 0.000000 0.000000 0.000000 0.000000 0.000000