geotop/1.0zi/1.0Montebello/Templates/testdem/maps/_Eocsilt5076.asc
ncols         21
nrows         20
xllcorner     100.000000
yllcorner     100.000000
cellsize      50.000000
NODATA_value  -9999.0
0.000000 0.000000 0.000000 0.000000 0.000000 0.000000 0.000000 0.000000 0.000000 0.000000 0.000000 0.000000 0.000000 0.000000 0.000000 0.000000 0.000000 0.000000 0.000000 0.000000 0.000000
0.000000 0.000000 0.350101 0.350101 0.350101 0.350101 0.350101 0.350102 0.350101 0.350101 0.350101 0.350101 0.350101 0.350101 0.350101 0.350101 0.350102 0.350101 0.350101 0.000000 0.000000
0.000000 0.000000 0.350001 0.350002 0.350002 0.350002 0.350003 0.350002 0.350003 0.350003 0.350003 0.350003 0.350003 0.350003 0.350003 0.350002 0.350001 0.350001 0.350001 0.000000 0.000000
0.000000 0.000000 0.350038 0.350037 0.350037 0.350032 0.350033 0.350031 0.350033 0.350034 0.350033 0.350033 0.350033 0.350032 0.350033 0.350036 0.350037 0.350038 0.350037 0.000000 0.000000
0.000000 0.000000 0.350427 0.350431 0.350430 0.350425 0.350423 0.350420 0.350418 0.350415 0.350414 0.350416 0.350416 0.350417 0.350422 0.350423 0.350423 0.350431 0.350435 0.000000 0.000000
0.000000 0.000000 0.351700 0.351702 0.351698 0.351686 0.351679 0.351664 0.351662 0.351657 0.351661 0.351664 0.351668 0.351666 0.351671 0.351677 0.351684 0.351686 0.351690 0.000000 0.000000
0.000000 0.000000 0.353666 0.353664 0.353658 0.353643 0.353625 0.353607 0.353608 0.353606 0.353609 0.353607 0.353605 0.353610 0.353623 0.353638 0.353644 0.353652 0.353658 0.000000 0.000000
0.000000 0.000000 0.356024 0.356023 0.356023 0.356008 0.355990 0.355970 0.355971 0.355968 0.355968 0.355968 0.355967 0.355968 0.355986 0.356004 0.356015 0.356018 0.356025 0.000000 0.000000
0.000000 0.000000 0.358491 0.358487 0.358482 0.358469 0.358451 0.358427 0.358428 0.358424 0.358424 0.358425 0.358424 0.358426 0.358445 0.358464 0.358473 0.358480 0.358489 0.000000 0.000000
0.000000 0.000000 0.360938 0.360936 0.360932 0.360923 0.360903 0.360881 0.360883 0.360880 0.360880 0.360880 0.360879 0.360879 0.360901 0.360918 0.360924 0.360929 0.360936 0.000000 0.000000
0.000000 0.000000 0.363425 0.363422 0.363420 0.363405 0.363390 0.363365 0.363367 0.363362 0.363362 0.363363 0.363361 0.363362 0.363379 0.363395 0.363407 0.363413 0.363421 0.000000 0.000000
0.000000 0.000000 0.366010 0.366007 0.366003 0.365988 0.365972 0.365947 0.365946 0.365943 0.365943 0.365942 0.365942 0.365942 0.365966 0.365983 0.365990 0.365996 0.366021 0.000000 0.000000
0.000000 0.000000 0.368636 0.368633 0.368628 0.368616 0.368596 0.368543 0.368543 0.368539 0.368538 0.368539 0.368536 0.368538 0.368584 0.368605 0.368614 0.368620 0.368635 0.000000 0.000000
0.000000 0.000000 0.371448 0.371440 0.371437 0.371425 0.371370 0.371356 0.371348 0.371345 0.371345 0.371345 0.371342 0.371343 0.371357 0.371410 0.371420 0.371432 0.371442 0.000000 0.000000
0.000000 0.000000 0.374498 0.374493 0.374479 0.374428 0.374403 0.374369 0.374353 0.374348 0.374340 0.374339 0.374342 0.374338 0.374364 0.374398 0.374459 0.374457 0.374466 0.000000 0.000000
0.000000 0.000000 0.377678 0.377672 0.377611 0.377596 0.377580 0.377562 0.377561 0.377561 0.377564 0.377564 0.377556 0.377569 0.377578 0.377591 0.377592 0.377663 0.377679 0.000000 0.000000
0.000000 0.000000 0.381250 0.381166 0.381119 0.381095 0.381050 0.381024 0.381019 0.381016 0.381006 0.381007 0.381009 0.381003 0.381022 0.381071 0.381105 0.381133 0.381219 0.000000 0.000000
0.000000 0.000000 0.383969 0.383960 0.384021 0.383991 0.383956 0.383872 0.383864 0.383857 0.383861 0.383860 0.383856 0.383864 0.383940 0.383977 0.384019 0.383946 0.383972 0.000000 0.000000
0.000000 0.000000 0.350000 0.350000 0.350000 0.350000 0.350000 0.350000 0.350000 0.350000 0.350000 0.350000 0.350000 0.350000 0.350000 0.350000 0.350000 0.350000 0.350000 0.000000 0.000000
0.000000 0.000000 0.000000 0.000000 0.000000 0.000000 0.000000 0.000000 0.000000 0.000000 0.000000 0.000000 0.000000 0.000000 0.000000 0.000000 0.000000 0.000000 0.000000 0.000000 0.000000