geotop/1.0zi/1.0Montebello/Templates/testdem/maps/_Eocclay6145.asc
ncols         21
nrows         20
xllcorner     100.000000
yllcorner     100.000000
cellsize      50.000000
NODATA_value  -9999.0
0.000000 0.000000 0.000000 0.000000 0.000000 0.000000 0.000000 0.000000 0.000000 0.000000 0.000000 0.000000 0.000000 0.000000 0.000000 0.000000 0.000000 0.000000 0.000000 0.000000 0.000000
0.000000 0.000000 0.349729 0.349729 0.349730 0.349728 0.349730 0.349730 0.349729 0.349730 0.349728 0.349730 0.349730 0.349729 0.349730 0.349730 0.349728 0.349728 0.349729 0.000000 0.000000
0.000000 0.000000 0.349989 0.349989 0.349989 0.349990 0.349989 0.349989 0.349989 0.349989 0.349989 0.349988 0.349989 0.349988 0.349989 0.349989 0.349990 0.349990 0.349988 0.000000 0.000000
0.000000 0.000000 0.349982 0.349985 0.349983 0.349983 0.349985 0.349985 0.349986 0.349983 0.349988 0.349985 0.349985 0.349985 0.349985 0.349987 0.349985 0.349987 0.349986 0.000000 0.000000
0.000000 0.000000 0.350507 0.350506 0.350504 0.350502 0.350489 0.350487 0.350487 0.350490 0.350487 0.350486 0.350481 0.350483 0.350490 0.350489 0.350493 0.350496 0.350502 0.000000 0.000000
0.000000 0.000000 0.352197 0.352197 0.352192 0.352170 0.352164 0.352147 0.352147 0.352142 0.352145 0.352147 0.352150 0.352150 0.352153 0.352167 0.352175 0.352186 0.352190 0.000000 0.000000
0.000000 0.000000 0.354723 0.354721 0.354717 0.354699 0.354678 0.354650 0.354649 0.354645 0.354647 0.354648 0.354649 0.354648 0.354669 0.354692 0.354702 0.354710 0.354718 0.000000 0.000000
0.000000 0.000000 0.357783 0.357782 0.357779 0.357758 0.357737 0.357707 0.357707 0.357704 0.357704 0.357703 0.357702 0.357706 0.357730 0.357749 0.357765 0.357771 0.357781 0.000000 0.000000
0.000000 0.000000 0.360923 0.360919 0.360911 0.360900 0.360879 0.360849 0.360850 0.360845 0.360842 0.360843 0.360843 0.360841 0.360869 0.360891 0.360905 0.360909 0.360919 0.000000 0.000000
0.000000 0.000000 0.364121 0.364115 0.364112 0.364103 0.364072 0.364044 0.364046 0.364042 0.364038 0.364042 0.364046 0.364043 0.364066 0.364092 0.364107 0.364110 0.364117 0.000000 0.000000
0.000000 0.000000 0.367460 0.367457 0.367454 0.367432 0.367411 0.367380 0.367387 0.367372 0.367372 0.367373 0.367369 0.367378 0.367397 0.367414 0.367431 0.367440 0.367454 0.000000 0.000000
0.000000 0.000000 0.370987 0.370979 0.370969 0.370953 0.370934 0.370898 0.370899 0.370890 0.370899 0.370890 0.370891 0.370894 0.370928 0.370944 0.370956 0.370961 0.370996 0.000000 0.000000
0.000000 0.000000 0.374636 0.374629 0.374625 0.374607 0.374589 0.374512 0.374512 0.374506 0.374489 0.374498 0.374504 0.374510 0.374567 0.374583 0.374610 0.374613 0.374637 0.000000 0.000000
0.000000 0.000000 0.378633 0.378629 0.378617 0.378605 0.378529 0.378511 0.378494 0.378493 0.378488 0.378490 0.378490 0.378488 0.378497 0.378575 0.378597 0.378617 0.378642 0.000000 0.000000
0.000000 0.000000 0.383074 0.383067 0.383050 0.382969 0.382947 0.382902 0.382872 0.382867 0.382852 0.382844 0.382853 0.382847 0.382883 0.382917 0.383032 0.383022 0.383037 0.000000 0.000000
0.000000 0.000000 0.387807 0.387801 0.387692 0.387678 0.387673 0.387645 0.387669 0.387656 0.387666 0.387655 0.387642 0.387664 0.387682 0.387691 0.387676 0.387816 0.387819 0.000000 0.000000
0.000000 0.000000 0.393302 0.393151 0.393108 0.393064 0.392993 0.392958 0.392942 0.392941 0.392908 0.392904 0.392919 0.392912 0.392954 0.393009 0.393097 0.393116 0.393271 0.000000 0.000000
0.000000 0.000000 0.397169 0.397193 0.397331 0.397298 0.397249 0.397110 0.397107 0.397076 0.397100 0.397092 0.397100 0.397105 0.397232 0.397269 0.397354 0.397212 0.397198 0.000000 0.000000
0.000000 0.000000 0.350000 0.350000 0.350000 0.350000 0.350000 0.350000 0.350000 0.350000 0.350000 0.350000 0.350000 0.350000 0.350000 0.350000 0.350000 0.350000 0.350000 0.000000 0.000000
0.000000 0.000000 0.000000 0.000000 0.000000 0.000000 0.000000 0.000000 0.000000 0.000000 0.000000 0.000000 0.000000 0.000000 0.000000 0.000000 0.000000 0.000000 0.000000 0.000000 0.000000