geotop/1.0zi/1.0Montebello/Templates/testdem/maps/_Eocsilt9770.asc
ncols         21
nrows         20
xllcorner     100.000000
yllcorner     100.000000
cellsize      50.000000
NODATA_value  -9999.0
0.000000 0.000000 0.000000 0.000000 0.000000 0.000000 0.000000 0.000000 0.000000 0.000000 0.000000 0.000000 0.000000 0.000000 0.000000 0.000000 0.000000 0.000000 0.000000 0.000000 0.000000
0.000000 0.000000 0.350207 0.350207 0.350207 0.350207 0.350206 0.350207 0.350207 0.350207 0.350207 0.350206 0.350206 0.350206 0.350207 0.350207 0.350208 0.350208 0.350207 0.000000 0.000000
0.000000 0.000000 0.350008 0.350008 0.350008 0.350007 0.350009 0.350008 0.350008 0.350008 0.350009 0.350008 0.350009 0.350009 0.350008 0.350007 0.350006 0.350006 0.350007 0.000000 0.000000
0.000000 0.000000 0.350150 0.350147 0.350141 0.350137 0.350137 0.350131 0.350135 0.350136 0.350133 0.350136 0.350137 0.350137 0.350139 0.350142 0.350147 0.350149 0.350150 0.000000 0.000000
0.000000 0.000000 0.351497 0.351503 0.351493 0.351473 0.351463 0.351456 0.351460 0.351457 0.351456 0.351459 0.351464 0.351462 0.351476 0.351485 0.351489 0.351495 0.351498 0.000000 0.000000
0.000000 0.000000 0.355165 0.355159 0.355144 0.355118 0.355086 0.355059 0.355057 0.355051 0.355052 0.355054 0.355058 0.355055 0.355073 0.355097 0.355109 0.355117 0.355124 0.000000 0.000000
0.000000 0.000000 0.360325 0.360314 0.360298 0.360260 0.360218 0.360166 0.360168 0.360163 0.360159 0.360158 0.360156 0.360160 0.360204 0.360236 0.360257 0.360273 0.360280 0.000000 0.000000
0.000000 0.000000 0.366445 0.366431 0.366417 0.366374 0.366329 0.366280 0.366281 0.366274 0.366269 0.366266 0.366264 0.366272 0.366313 0.366351 0.366385 0.366390 0.366405 0.000000 0.000000
0.000000 0.000000 0.373190 0.373170 0.373146 0.373112 0.373061 0.373000 0.373006 0.372994 0.372986 0.372984 0.372987 0.372984 0.373044 0.373088 0.373115 0.373126 0.373139 0.000000 0.000000
0.000000 0.000000 0.380616 0.380591 0.380571 0.380535 0.380479 0.380417 0.380418 0.380409 0.380396 0.380401 0.380409 0.380406 0.380454 0.380511 0.380541 0.380552 0.380559 0.000000 0.000000
0.000000 0.000000 0.389032 0.389010 0.388992 0.388911 0.388885 0.388802 0.388819 0.388778 0.388781 0.388775 0.388762 0.388784 0.388837 0.388873 0.388915 0.388930 0.388967 0.000000 0.000000
0.000000 0.000000 0.398842 0.398798 0.398748 0.398710 0.398666 0.398561 0.398559 0.398553 0.398565 0.398530 0.398547 0.398542 0.398637 0.398692 0.398715 0.398728 0.398801 0.000000 0.000000
0.000000 0.000000 0.409869 0.409828 0.409816 0.409740 0.409686 0.409411 0.409406 0.409388 0.409291 0.409350 0.409356 0.409379 0.409585 0.409632 0.409733 0.409738 0.409757 0.000000 0.000000
0.000000 0.000000 0.423450 0.423430 0.423344 0.423289 0.422909 0.423041 0.422959 0.422958 0.423007 0.422956 0.422946 0.422906 0.422786 0.423205 0.423221 0.423318 0.423377 0.000000 0.000000
0.000000 0.000000 0.438710 0.438666 0.438590 0.438109 0.438309 0.438009 0.437942 0.437909 0.437800 0.437763 0.437819 0.437821 0.438086 0.437895 0.438522 0.438375 0.438353 0.000000 0.000000
0.000000 0.000000 0.452057 0.452031 0.451534 0.451786 0.451697 0.451715 0.451931 0.451872 0.451987 0.451967 0.451874 0.451991 0.451926 0.452009 0.451458 0.452213 0.452202 0.000000 0.000000
0.000000 0.000000 0.462886 0.462570 0.462620 0.462502 0.462330 0.462276 0.462192 0.462211 0.462113 0.462123 0.462178 0.462124 0.462209 0.462339 0.462589 0.462434 0.462763 0.000000 0.000000
0.000000 0.000000 0.468187 0.468089 0.468262 0.468162 0.468054 0.467909 0.467864 0.467846 0.467831 0.467827 0.467859 0.467836 0.467982 0.468063 0.468259 0.468024 0.468126 0.000000 0.000000
0.000000 0.000000 0.350000 0.350000 0.350000 0.350000 0.350000 0.350000 0.350000 0.350000 0.350000 0.350000 0.350000 0.350000 0.350000 0.350000 0.350000 0.350000 0.350000 0.000000 0.000000
0.000000 0.000000 0.000000 0.000000 0.000000 0.000000 0.000000 0.000000 0.000000 0.000000 0.000000 0.000000 0.000000 0.000000 0.000000 0.000000 0.000000 0.000000 0.000000 0.000000 0.000000