geotop/1.0zi/1.0Montebello/Templates/testdem/maps/_Eocclay5293.asc
ncols         21
nrows         20
xllcorner     100.000000
yllcorner     100.000000
cellsize      50.000000
NODATA_value  -9999.0
0.000000 0.000000 0.000000 0.000000 0.000000 0.000000 0.000000 0.000000 0.000000 0.000000 0.000000 0.000000 0.000000 0.000000 0.000000 0.000000 0.000000 0.000000 0.000000 0.000000 0.000000
0.000000 0.000000 0.349764 0.349765 0.349765 0.349765 0.349765 0.349765 0.349765 0.349765 0.349765 0.349765 0.349765 0.349765 0.349765 0.349765 0.349765 0.349765 0.349765 0.000000 0.000000
0.000000 0.000000 0.349990 0.349991 0.349991 0.349991 0.349990 0.349990 0.349990 0.349990 0.349990 0.349990 0.349990 0.349991 0.349990 0.349990 0.349990 0.349990 0.349990 0.000000 0.000000
0.000000 0.000000 0.349989 0.349991 0.349989 0.349990 0.349991 0.349991 0.349991 0.349990 0.349991 0.349990 0.349990 0.349989 0.349991 0.349993 0.349991 0.349992 0.349991 0.000000 0.000000
0.000000 0.000000 0.350390 0.350390 0.350391 0.350386 0.350376 0.350372 0.350373 0.350376 0.350373 0.350375 0.350370 0.350369 0.350374 0.350372 0.350377 0.350379 0.350381 0.000000 0.000000
0.000000 0.000000 0.351828 0.351830 0.351825 0.351808 0.351803 0.351788 0.351787 0.351784 0.351787 0.351787 0.351791 0.351791 0.351794 0.351804 0.351809 0.351821 0.351825 0.000000 0.000000
0.000000 0.000000 0.353927 0.353926 0.353924 0.353909 0.353891 0.353867 0.353866 0.353863 0.353865 0.353867 0.353868 0.353866 0.353883 0.353902 0.353911 0.353920 0.353926 0.000000 0.000000
0.000000 0.000000 0.356460 0.356460 0.356459 0.356441 0.356423 0.356397 0.356398 0.356395 0.356396 0.356396 0.356394 0.356398 0.356417 0.356432 0.356446 0.356451 0.356459 0.000000 0.000000
0.000000 0.000000 0.359022 0.359020 0.359015 0.359005 0.358987 0.358962 0.358964 0.358959 0.358957 0.358959 0.358959 0.358956 0.358979 0.358997 0.359009 0.359012 0.359019 0.000000 0.000000
0.000000 0.000000 0.361607 0.361602 0.361601 0.361594 0.361568 0.361545 0.361547 0.361544 0.361541 0.361545 0.361548 0.361545 0.361563 0.361584 0.361597 0.361599 0.361604 0.000000 0.000000
0.000000 0.000000 0.364272 0.364270 0.364270 0.364252 0.364234 0.364209 0.364215 0.364202 0.364203 0.364204 0.364201 0.364208 0.364222 0.364234 0.364249 0.364257 0.364267 0.000000 0.000000
0.000000 0.000000 0.367046 0.367041 0.367035 0.367021 0.367007 0.366977 0.366978 0.366970 0.366979 0.366971 0.366972 0.366974 0.367000 0.367012 0.367022 0.367026 0.367055 0.000000 0.000000
0.000000 0.000000 0.369877 0.369871 0.369870 0.369855 0.369842 0.369783 0.369783 0.369778 0.369765 0.369773 0.369778 0.369782 0.369824 0.369835 0.369857 0.369859 0.369880 0.000000 0.000000
0.000000 0.000000 0.372919 0.372915 0.372909 0.372900 0.372845 0.372828 0.372815 0.372814 0.372809 0.372812 0.372813 0.372811 0.372818 0.372872 0.372892 0.372906 0.372927 0.000000 0.000000
0.000000 0.000000 0.376241 0.376237 0.376225 0.376169 0.376151 0.376118 0.376094 0.376090 0.376079 0.376075 0.376081 0.376076 0.376099 0.376127 0.376210 0.376204 0.376217 0.000000 0.000000
0.000000 0.000000 0.379725 0.379720 0.379650 0.379634 0.379629 0.379608 0.379619 0.379611 0.379616 0.379607 0.379600 0.379614 0.379625 0.379634 0.379636 0.379725 0.379728 0.000000 0.000000
0.000000 0.000000 0.383655 0.383561 0.383522 0.383493 0.383449 0.383426 0.383420 0.383418 0.383398 0.383394 0.383402 0.383400 0.383425 0.383458 0.383512 0.383543 0.383636 0.000000 0.000000
0.000000 0.000000 0.386629 0.386622 0.386702 0.386676 0.386643 0.386554 0.386551 0.386531 0.386541 0.386536 0.386543 0.386545 0.386626 0.386648 0.386714 0.386629 0.386643 0.000000 0.000000
0.000000 0.000000 0.350000 0.350000 0.350000 0.350000 0.350000 0.350000 0.350000 0.350000 0.350000 0.350000 0.350000 0.350000 0.350000 0.350000 0.350000 0.350000 0.350000 0.000000 0.000000
0.000000 0.000000 0.000000 0.000000 0.000000 0.000000 0.000000 0.000000 0.000000 0.000000 0.000000 0.000000 0.000000 0.000000 0.000000 0.000000 0.000000 0.000000 0.000000 0.000000 0.000000