geotop/1.0zi/1.0Montebello/Templates/testdem/maps/_Eocsand8961.asc
ncols         21
nrows         20
xllcorner     100.000000
yllcorner     100.000000
cellsize      50.000000
NODATA_value  -9999.0
0.000000 0.000000 0.000000 0.000000 0.000000 0.000000 0.000000 0.000000 0.000000 0.000000 0.000000 0.000000 0.000000 0.000000 0.000000 0.000000 0.000000 0.000000 0.000000 0.000000 0.000000
0.000000 0.000000 0.300226 0.300224 0.300224 0.300224 0.300223 0.300223 0.300223 0.300223 0.300224 0.300223 0.300224 0.300224 0.300223 0.300224 0.300225 0.300225 0.300225 0.000000 0.000000
0.000000 0.000000 0.300012 0.300014 0.300014 0.300012 0.300013 0.300014 0.300013 0.300013 0.300013 0.300013 0.300012 0.300013 0.300013 0.300013 0.300014 0.300014 0.300015 0.000000 0.000000
0.000000 0.000000 0.299856 0.299856 0.299862 0.299870 0.299869 0.299873 0.299867 0.299868 0.299869 0.299868 0.299867 0.299869 0.299864 0.299858 0.299855 0.299856 0.299855 0.000000 0.000000
0.000000 0.000000 0.297524 0.297528 0.297542 0.297569 0.297595 0.297599 0.297603 0.297604 0.297606 0.297602 0.297600 0.297599 0.297577 0.297566 0.297553 0.297549 0.297536 0.000000 0.000000
0.000000 0.000000 0.290948 0.290958 0.290989 0.291039 0.291090 0.291136 0.291133 0.291146 0.291137 0.291137 0.291128 0.291131 0.291103 0.291060 0.291037 0.291025 0.291011 0.000000 0.000000
0.000000 0.000000 0.281889 0.281910 0.281934 0.281995 0.282065 0.282161 0.282155 0.282164 0.282164 0.282163 0.282165 0.282160 0.282081 0.282022 0.281987 0.281966 0.281951 0.000000 0.000000
0.000000 0.000000 0.271155 0.271176 0.271196 0.271266 0.271338 0.271426 0.271421 0.271432 0.271434 0.271439 0.271444 0.271426 0.271353 0.271290 0.271232 0.271227 0.271199 0.000000 0.000000
0.000000 0.000000 0.259527 0.259556 0.259592 0.259640 0.259723 0.259823 0.259811 0.259833 0.259839 0.259843 0.259840 0.259843 0.259741 0.259666 0.259623 0.259613 0.259585 0.000000 0.000000
0.000000 0.000000 0.246957 0.246994 0.247016 0.247067 0.247183 0.247271 0.247266 0.247279 0.247294 0.247284 0.247272 0.247276 0.247195 0.247099 0.247049 0.247038 0.247024 0.000000 0.000000
0.000000 0.000000 0.232998 0.233024 0.233048 0.233164 0.233239 0.233354 0.233321 0.233389 0.233376 0.233384 0.233406 0.233366 0.233280 0.233223 0.233152 0.233130 0.233074 0.000000 0.000000
0.000000 0.000000 0.217117 0.217169 0.217232 0.217294 0.217397 0.217536 0.217535 0.217544 0.217517 0.217569 0.217546 0.217546 0.217396 0.217315 0.217279 0.217264 0.217140 0.000000 0.000000
0.000000 0.000000 0.199556 0.199614 0.199624 0.199747 0.199831 0.200238 0.200235 0.200256 0.200380 0.200306 0.200291 0.200253 0.199938 0.199863 0.199716 0.199720 0.199670 0.000000 0.000000
0.000000 0.000000 0.178276 0.178299 0.178402 0.178480 0.179041 0.178919 0.179022 0.179019 0.178961 0.179016 0.179028 0.179074 0.179181 0.178584 0.178538 0.178409 0.178313 0.000000 0.000000
0.000000 0.000000 0.152980 0.153057 0.153174 0.153910 0.153729 0.154119 0.154246 0.154285 0.154427 0.154498 0.154416 0.154421 0.154048 0.154197 0.153236 0.153453 0.153462 0.000000 0.000000
0.000000 0.000000 0.126357 0.126415 0.127434 0.127010 0.127140 0.127147 0.126710 0.126832 0.126604 0.126657 0.126840 0.126590 0.126654 0.126544 0.127533 0.126031 0.126056 0.000000 0.000000
0.000000 0.000000 0.096485 0.097810 0.097360 0.097944 0.098603 0.098799 0.099233 0.099127 0.099568 0.099516 0.099258 0.099528 0.099173 0.098688 0.097414 0.098420 0.097052 0.000000 0.000000
0.000000 0.000000 0.088200 0.087161 0.086253 0.086271 0.086218 0.087107 0.086937 0.087202 0.086761 0.086850 0.086920 0.086773 0.086042 0.086076 0.086106 0.086818 0.087851 0.000000 0.000000
0.000000 0.000000 0.300000 0.300000 0.300000 0.300000 0.300000 0.300000 0.300000 0.300000 0.300000 0.300000 0.300000 0.300000 0.300000 0.300000 0.300000 0.300000 0.300000 0.000000 0.000000
0.000000 0.000000 0.000000 0.000000 0.000000 0.000000 0.000000 0.000000 0.000000 0.000000 0.000000 0.000000 0.000000 0.000000 0.000000 0.000000 0.000000 0.000000 0.000000 0.000000 0.000000