geotop/1.0zi/1.0Montebello/Templates/testdem/maps/_Eocsilt4559.asc
ncols         21
nrows         20
xllcorner     100.000000
yllcorner     100.000000
cellsize      50.000000
NODATA_value  -9999.0
0.000000 0.000000 0.000000 0.000000 0.000000 0.000000 0.000000 0.000000 0.000000 0.000000 0.000000 0.000000 0.000000 0.000000 0.000000 0.000000 0.000000 0.000000 0.000000 0.000000 0.000000
0.000000 0.000000 0.350092 0.350092 0.350092 0.350092 0.350092 0.350092 0.350092 0.350092 0.350092 0.350092 0.350092 0.350092 0.350092 0.350092 0.350092 0.350092 0.350092 0.000000 0.000000
0.000000 0.000000 0.350002 0.350002 0.350002 0.350003 0.350003 0.350003 0.350003 0.350003 0.350003 0.350003 0.350003 0.350003 0.350003 0.350003 0.350001 0.350001 0.350002 0.000000 0.000000
0.000000 0.000000 0.350031 0.350031 0.350031 0.350026 0.350027 0.350025 0.350027 0.350027 0.350027 0.350027 0.350027 0.350026 0.350027 0.350030 0.350031 0.350032 0.350031 0.000000 0.000000
0.000000 0.000000 0.350386 0.350389 0.350388 0.350383 0.350381 0.350377 0.350376 0.350373 0.350372 0.350374 0.350374 0.350375 0.350380 0.350381 0.350382 0.350390 0.350393 0.000000 0.000000
0.000000 0.000000 0.351543 0.351545 0.351541 0.351530 0.351522 0.351508 0.351505 0.351500 0.351504 0.351507 0.351511 0.351510 0.351515 0.351521 0.351528 0.351529 0.351533 0.000000 0.000000
0.000000 0.000000 0.353345 0.353345 0.353342 0.353327 0.353311 0.353294 0.353295 0.353292 0.353296 0.353294 0.353293 0.353296 0.353308 0.353323 0.353329 0.353336 0.353342 0.000000 0.000000
0.000000 0.000000 0.355440 0.355438 0.355436 0.355423 0.355409 0.355391 0.355393 0.355390 0.355390 0.355390 0.355388 0.355387 0.355405 0.355421 0.355431 0.355434 0.355439 0.000000 0.000000
0.000000 0.000000 0.357580 0.357576 0.357572 0.357561 0.357548 0.357526 0.357527 0.357523 0.357523 0.357525 0.357523 0.357523 0.357540 0.357558 0.357566 0.357572 0.357580 0.000000 0.000000
0.000000 0.000000 0.359705 0.359703 0.359700 0.359690 0.359673 0.359654 0.359657 0.359654 0.359654 0.359655 0.359652 0.359651 0.359669 0.359687 0.359695 0.359699 0.359705 0.000000 0.000000
0.000000 0.000000 0.361847 0.361844 0.361842 0.361833 0.361821 0.361798 0.361801 0.361795 0.361796 0.361797 0.361794 0.361794 0.361810 0.361824 0.361833 0.361838 0.361845 0.000000 0.000000
0.000000 0.000000 0.364064 0.364061 0.364057 0.364044 0.364031 0.364009 0.364009 0.364006 0.364006 0.364006 0.364005 0.364004 0.364024 0.364040 0.364049 0.364053 0.364076 0.000000 0.000000
0.000000 0.000000 0.366309 0.366306 0.366302 0.366292 0.366276 0.366231 0.366231 0.366227 0.366227 0.366228 0.366224 0.366224 0.366264 0.366283 0.366292 0.366296 0.366311 0.000000 0.000000
0.000000 0.000000 0.368686 0.368679 0.368677 0.368667 0.368621 0.368609 0.368602 0.368599 0.368600 0.368600 0.368596 0.368596 0.368609 0.368654 0.368664 0.368674 0.368682 0.000000 0.000000
0.000000 0.000000 0.371248 0.371243 0.371231 0.371191 0.371170 0.371141 0.371128 0.371123 0.371116 0.371115 0.371117 0.371112 0.371133 0.371165 0.371216 0.371214 0.371222 0.000000 0.000000
0.000000 0.000000 0.373897 0.373891 0.373843 0.373835 0.373821 0.373807 0.373805 0.373803 0.373806 0.373806 0.373798 0.373807 0.373814 0.373828 0.373829 0.373883 0.373896 0.000000 0.000000
0.000000 0.000000 0.376841 0.376777 0.376737 0.376718 0.376686 0.376667 0.376663 0.376660 0.376653 0.376654 0.376654 0.376648 0.376661 0.376700 0.376726 0.376753 0.376818 0.000000 0.000000
0.000000 0.000000 0.379140 0.379127 0.379170 0.379146 0.379118 0.379053 0.379047 0.379040 0.379043 0.379043 0.379038 0.379042 0.379100 0.379134 0.379171 0.379115 0.379141 0.000000 0.000000
0.000000 0.000000 0.350000 0.350000 0.350000 0.350000 0.350000 0.350000 0.350000 0.350000 0.350000 0.350000 0.350000 0.350000 0.350000 0.350000 0.350000 0.350000 0.350000 0.000000 0.000000
0.000000 0.000000 0.000000 0.000000 0.000000 0.000000 0.000000 0.000000 0.000000 0.000000 0.000000 0.000000 0.000000 0.000000 0.000000 0.000000 0.000000 0.000000 0.000000 0.000000 0.000000