geotop/1.0zi/1.0Montebello/Templates/testdem/maps/_Eocsilt5366.asc
ncols         21
nrows         20
xllcorner     100.000000
yllcorner     100.000000
cellsize      50.000000
NODATA_value  -9999.0
0.000000 0.000000 0.000000 0.000000 0.000000 0.000000 0.000000 0.000000 0.000000 0.000000 0.000000 0.000000 0.000000 0.000000 0.000000 0.000000 0.000000 0.000000 0.000000 0.000000 0.000000
0.000000 0.000000 0.350108 0.350108 0.350108 0.350108 0.350108 0.350108 0.350108 0.350108 0.350108 0.350108 0.350108 0.350108 0.350108 0.350108 0.350108 0.350108 0.350108 0.000000 0.000000
0.000000 0.000000 0.350002 0.350002 0.350002 0.350003 0.350003 0.350003 0.350003 0.350003 0.350003 0.350003 0.350003 0.350003 0.350003 0.350003 0.350001 0.350001 0.350002 0.000000 0.000000
0.000000 0.000000 0.350037 0.350037 0.350036 0.350031 0.350033 0.350031 0.350033 0.350034 0.350033 0.350032 0.350032 0.350031 0.350033 0.350036 0.350036 0.350038 0.350037 0.000000 0.000000
0.000000 0.000000 0.350440 0.350443 0.350442 0.350439 0.350436 0.350431 0.350430 0.350429 0.350426 0.350428 0.350429 0.350429 0.350435 0.350437 0.350437 0.350446 0.350449 0.000000 0.000000
0.000000 0.000000 0.351764 0.351768 0.351764 0.351751 0.351742 0.351727 0.351724 0.351721 0.351726 0.351728 0.351729 0.351726 0.351731 0.351735 0.351744 0.351747 0.351751 0.000000 0.000000
0.000000 0.000000 0.353811 0.353810 0.353806 0.353790 0.353771 0.353750 0.353751 0.353749 0.353752 0.353752 0.353749 0.353752 0.353767 0.353782 0.353789 0.353798 0.353803 0.000000 0.000000
0.000000 0.000000 0.356291 0.356291 0.356293 0.356277 0.356258 0.356235 0.356236 0.356233 0.356234 0.356234 0.356232 0.356234 0.356251 0.356268 0.356283 0.356285 0.356293 0.000000 0.000000
0.000000 0.000000 0.358889 0.358884 0.358879 0.358869 0.358850 0.358823 0.358825 0.358820 0.358818 0.358820 0.358820 0.358818 0.358841 0.358860 0.358873 0.358877 0.358885 0.000000 0.000000
0.000000 0.000000 0.361475 0.361471 0.361469 0.361463 0.361437 0.361414 0.361416 0.361413 0.361410 0.361414 0.361417 0.361414 0.361431 0.361452 0.361465 0.361466 0.361471 0.000000 0.000000
0.000000 0.000000 0.364111 0.364108 0.364109 0.364090 0.364073 0.364048 0.364054 0.364042 0.364042 0.364044 0.364041 0.364047 0.364061 0.364074 0.364088 0.364095 0.364106 0.000000 0.000000
0.000000 0.000000 0.366862 0.366856 0.366850 0.366837 0.366823 0.366793 0.366794 0.366787 0.366795 0.366788 0.366789 0.366792 0.366818 0.366829 0.366839 0.366843 0.366871 0.000000 0.000000
0.000000 0.000000 0.369663 0.369657 0.369656 0.369642 0.369629 0.369570 0.369571 0.369565 0.369553 0.369560 0.369565 0.369569 0.369610 0.369621 0.369643 0.369644 0.369665 0.000000 0.000000
0.000000 0.000000 0.372674 0.372670 0.372664 0.372655 0.372601 0.372585 0.372572 0.372571 0.372566 0.372569 0.372570 0.372568 0.372574 0.372627 0.372647 0.372661 0.372681 0.000000 0.000000
0.000000 0.000000 0.375957 0.375954 0.375941 0.375887 0.375868 0.375835 0.375812 0.375809 0.375798 0.375792 0.375799 0.375794 0.375817 0.375845 0.375927 0.375921 0.375933 0.000000 0.000000
0.000000 0.000000 0.379408 0.379403 0.379335 0.379319 0.379314 0.379292 0.379303 0.379294 0.379299 0.379291 0.379284 0.379297 0.379310 0.379319 0.379320 0.379409 0.379412 0.000000 0.000000
0.000000 0.000000 0.383297 0.383204 0.383165 0.383137 0.383094 0.383070 0.383064 0.383062 0.383042 0.383039 0.383046 0.383044 0.383069 0.383102 0.383155 0.383186 0.383278 0.000000 0.000000
0.000000 0.000000 0.386238 0.386230 0.386309 0.386284 0.386250 0.386162 0.386159 0.386140 0.386149 0.386144 0.386151 0.386152 0.386233 0.386255 0.386320 0.386237 0.386251 0.000000 0.000000
0.000000 0.000000 0.350000 0.350000 0.350000 0.350000 0.350000 0.350000 0.350000 0.350000 0.350000 0.350000 0.350000 0.350000 0.350000 0.350000 0.350000 0.350000 0.350000 0.000000 0.000000
0.000000 0.000000 0.000000 0.000000 0.000000 0.000000 0.000000 0.000000 0.000000 0.000000 0.000000 0.000000 0.000000 0.000000 0.000000 0.000000 0.000000 0.000000 0.000000 0.000000 0.000000