geotop/1.0zi/1.0Montebello/Templates/testdem/maps/_Eocclay1455.asc
ncols         21
nrows         20
xllcorner     100.000000
yllcorner     100.000000
cellsize      50.000000
NODATA_value  -9999.0
0.000000 0.000000 0.000000 0.000000 0.000000 0.000000 0.000000 0.000000 0.000000 0.000000 0.000000 0.000000 0.000000 0.000000 0.000000 0.000000 0.000000 0.000000 0.000000 0.000000 0.000000
0.000000 0.000000 0.349927 0.349927 0.349927 0.349927 0.349927 0.349927 0.349927 0.349927 0.349927 0.349927 0.349927 0.349927 0.349927 0.349927 0.349927 0.349927 0.349927 0.000000 0.000000
0.000000 0.000000 0.349994 0.349994 0.349994 0.349994 0.349994 0.349994 0.349994 0.349994 0.349994 0.349994 0.349994 0.349994 0.349994 0.349994 0.349994 0.349994 0.349994 0.000000 0.000000
0.000000 0.000000 0.350579 0.350579 0.350577 0.350578 0.350579 0.350579 0.350579 0.350579 0.350580 0.350579 0.350579 0.350579 0.350579 0.350578 0.350577 0.350579 0.350579 0.000000 0.000000
0.000000 0.000000 0.352781 0.352780 0.352777 0.352777 0.352781 0.352780 0.352780 0.352781 0.352781 0.352781 0.352780 0.352780 0.352781 0.352777 0.352777 0.352780 0.352781 0.000000 0.000000
0.000000 0.000000 0.355219 0.355218 0.355216 0.355216 0.355219 0.355218 0.355218 0.355219 0.355219 0.355219 0.355218 0.355218 0.355219 0.355216 0.355216 0.355218 0.355219 0.000000 0.000000
0.000000 0.000000 0.357540 0.357539 0.357538 0.357538 0.357540 0.357540 0.357540 0.357540 0.357540 0.357540 0.357540 0.357540 0.357540 0.357538 0.357538 0.357539 0.357540 0.000000 0.000000
0.000000 0.000000 0.359677 0.359676 0.359675 0.359675 0.359677 0.359676 0.359676 0.359677 0.359677 0.359677 0.359676 0.359676 0.359677 0.359675 0.359675 0.359676 0.359677 0.000000 0.000000
0.000000 0.000000 0.361679 0.361679 0.361677 0.361678 0.361679 0.361679 0.361679 0.361679 0.361679 0.361679 0.361679 0.361679 0.361679 0.361678 0.361677 0.361679 0.361679 0.000000 0.000000
0.000000 0.000000 0.363598 0.363597 0.363596 0.363596 0.363598 0.363598 0.363598 0.363598 0.363598 0.363598 0.363598 0.363598 0.363598 0.363596 0.363596 0.363597 0.363598 0.000000 0.000000
0.000000 0.000000 0.365452 0.365451 0.365450 0.365450 0.365452 0.365451 0.365451 0.365452 0.365452 0.365452 0.365451 0.365451 0.365452 0.365450 0.365450 0.365451 0.365452 0.000000 0.000000
0.000000 0.000000 0.367259 0.367259 0.367257 0.367258 0.367259 0.367259 0.367259 0.367259 0.367259 0.367259 0.367259 0.367259 0.367259 0.367258 0.367257 0.367259 0.367259 0.000000 0.000000
0.000000 0.000000 0.369035 0.369035 0.369033 0.369034 0.369035 0.369035 0.369035 0.369035 0.369035 0.369035 0.369035 0.369035 0.369035 0.369034 0.369033 0.369035 0.369035 0.000000 0.000000
0.000000 0.000000 0.370779 0.370779 0.370778 0.370778 0.370780 0.370779 0.370779 0.370779 0.370779 0.370779 0.370779 0.370779 0.370780 0.370778 0.370778 0.370779 0.370779 0.000000 0.000000
0.000000 0.000000 0.372500 0.372500 0.372498 0.372499 0.372500 0.372500 0.372500 0.372500 0.372500 0.372500 0.372500 0.372500 0.372500 0.372499 0.372498 0.372500 0.372500 0.000000 0.000000
0.000000 0.000000 0.374204 0.374204 0.374202 0.374203 0.374204 0.374204 0.374204 0.374204 0.374204 0.374204 0.374204 0.374204 0.374204 0.374203 0.374202 0.374204 0.374204 0.000000 0.000000
0.000000 0.000000 0.375890 0.375890 0.375888 0.375889 0.375890 0.375890 0.375890 0.375890 0.375890 0.375890 0.375890 0.375890 0.375890 0.375889 0.375888 0.375890 0.375890 0.000000 0.000000
0.000000 0.000000 0.377600 0.377600 0.377599 0.377599 0.377601 0.377600 0.377600 0.377601 0.377601 0.377601 0.377600 0.377600 0.377601 0.377599 0.377599 0.377600 0.377601 0.000000 0.000000
0.000000 0.000000 0.350000 0.350000 0.350000 0.350000 0.350000 0.350000 0.350000 0.350000 0.350000 0.350000 0.350000 0.350000 0.350000 0.350000 0.350000 0.350000 0.350000 0.000000 0.000000
0.000000 0.000000 0.000000 0.000000 0.000000 0.000000 0.000000 0.000000 0.000000 0.000000 0.000000 0.000000 0.000000 0.000000 0.000000 0.000000 0.000000 0.000000 0.000000 0.000000 0.000000