geotop/1.0zi/1.0Montebello/Templates/testdem/maps/_Eocclay8662.asc
ncols         21
nrows         20
xllcorner     100.000000
yllcorner     100.000000
cellsize      50.000000
NODATA_value  -9999.0
0.000000 0.000000 0.000000 0.000000 0.000000 0.000000 0.000000 0.000000 0.000000 0.000000 0.000000 0.000000 0.000000 0.000000 0.000000 0.000000 0.000000 0.000000 0.000000 0.000000 0.000000
0.000000 0.000000 0.349600 0.349602 0.349602 0.349601 0.349602 0.349603 0.349602 0.349603 0.349601 0.349603 0.349603 0.349602 0.349603 0.349602 0.349600 0.349601 0.349601 0.000000 0.000000
0.000000 0.000000 0.349983 0.349982 0.349982 0.349984 0.349981 0.349981 0.349981 0.349981 0.349981 0.349981 0.349981 0.349981 0.349982 0.349982 0.349983 0.349982 0.349981 0.000000 0.000000
0.000000 0.000000 0.350005 0.350010 0.350008 0.350003 0.350006 0.350006 0.350007 0.350005 0.350008 0.350006 0.350006 0.350004 0.350007 0.350008 0.350007 0.350010 0.350007 0.000000 0.000000
0.000000 0.000000 0.351085 0.351078 0.351075 0.351069 0.351052 0.351050 0.351047 0.351048 0.351047 0.351048 0.351046 0.351049 0.351058 0.351060 0.351070 0.351072 0.351082 0.000000 0.000000
0.000000 0.000000 0.354259 0.354256 0.354238 0.354206 0.354187 0.354164 0.354166 0.354159 0.354164 0.354164 0.354169 0.354168 0.354180 0.354201 0.354217 0.354230 0.354237 0.000000 0.000000
0.000000 0.000000 0.358576 0.358568 0.358559 0.358531 0.358496 0.358455 0.358454 0.358449 0.358450 0.358452 0.358453 0.358453 0.358490 0.358521 0.358539 0.358551 0.358560 0.000000 0.000000
0.000000 0.000000 0.363694 0.363688 0.363678 0.363643 0.363610 0.363566 0.363566 0.363560 0.363561 0.363558 0.363556 0.363565 0.363604 0.363631 0.363660 0.363668 0.363682 0.000000 0.000000
0.000000 0.000000 0.369187 0.369176 0.369160 0.369137 0.369099 0.369054 0.369058 0.369048 0.369045 0.369044 0.369045 0.369044 0.369090 0.369127 0.369149 0.369159 0.369171 0.000000 0.000000
0.000000 0.000000 0.375085 0.375071 0.375061 0.375038 0.374983 0.374943 0.374943 0.374938 0.374931 0.374936 0.374943 0.374940 0.374980 0.375024 0.375050 0.375060 0.375068 0.000000 0.000000
0.000000 0.000000 0.381604 0.381596 0.381584 0.381532 0.381496 0.381443 0.381458 0.381426 0.381434 0.381431 0.381421 0.381440 0.381479 0.381505 0.381541 0.381559 0.381584 0.000000 0.000000
0.000000 0.000000 0.388948 0.388924 0.388900 0.388871 0.388822 0.388762 0.388755 0.388751 0.388765 0.388741 0.388752 0.388752 0.388822 0.388860 0.388883 0.388897 0.388956 0.000000 0.000000
0.000000 0.000000 0.397017 0.396992 0.396988 0.396934 0.396896 0.396715 0.396712 0.396704 0.396652 0.396684 0.396692 0.396709 0.396850 0.396885 0.396956 0.396961 0.396989 0.000000 0.000000
0.000000 0.000000 0.406681 0.406673 0.406631 0.406595 0.406350 0.406390 0.406341 0.406343 0.406365 0.406345 0.406341 0.406322 0.406289 0.406546 0.406577 0.406644 0.406688 0.000000 0.000000
0.000000 0.000000 0.418221 0.418193 0.418142 0.417819 0.417872 0.417713 0.417646 0.417631 0.417573 0.417541 0.417577 0.417572 0.417733 0.417693 0.418116 0.418040 0.418042 0.000000 0.000000
0.000000 0.000000 0.430769 0.430746 0.430284 0.430445 0.430395 0.430378 0.430563 0.430510 0.430611 0.430584 0.430505 0.430618 0.430608 0.430643 0.430246 0.430930 0.430920 0.000000 0.000000
0.000000 0.000000 0.445936 0.445244 0.445447 0.445156 0.444810 0.444710 0.444497 0.444548 0.444330 0.444355 0.444484 0.444351 0.444535 0.444790 0.445427 0.444960 0.445680 0.000000 0.000000
0.000000 0.000000 0.450276 0.450926 0.451453 0.451463 0.451512 0.450995 0.451099 0.450943 0.451212 0.451160 0.451113 0.451206 0.451634 0.451597 0.451554 0.451166 0.450523 0.000000 0.000000
0.000000 0.000000 0.350000 0.350000 0.350000 0.350000 0.350000 0.350000 0.350000 0.350000 0.350000 0.350000 0.350000 0.350000 0.350000 0.350000 0.350000 0.350000 0.350000 0.000000 0.000000
0.000000 0.000000 0.000000 0.000000 0.000000 0.000000 0.000000 0.000000 0.000000 0.000000 0.000000 0.000000 0.000000 0.000000 0.000000 0.000000 0.000000 0.000000 0.000000 0.000000 0.000000