geotop/1.0zi/1.0Montebello/Templates/testdem/maps/_Eocsilt8152.asc
ncols         21
nrows         20
xllcorner     100.000000
yllcorner     100.000000
cellsize      50.000000
NODATA_value  -9999.0
0.000000 0.000000 0.000000 0.000000 0.000000 0.000000 0.000000 0.000000 0.000000 0.000000 0.000000 0.000000 0.000000 0.000000 0.000000 0.000000 0.000000 0.000000 0.000000 0.000000 0.000000
0.000000 0.000000 0.350171 0.350171 0.350171 0.350172 0.350171 0.350171 0.350171 0.350171 0.350171 0.350171 0.350171 0.350171 0.350171 0.350171 0.350172 0.350171 0.350171 0.000000 0.000000
0.000000 0.000000 0.350005 0.350005 0.350005 0.350005 0.350006 0.350005 0.350006 0.350006 0.350006 0.350006 0.350006 0.350006 0.350006 0.350005 0.350004 0.350004 0.350005 0.000000 0.000000
0.000000 0.000000 0.350102 0.350099 0.350097 0.350091 0.350092 0.350087 0.350090 0.350090 0.350087 0.350089 0.350089 0.350089 0.350092 0.350095 0.350099 0.350099 0.350100 0.000000 0.000000
0.000000 0.000000 0.351033 0.351040 0.351035 0.351024 0.351017 0.351010 0.351006 0.351004 0.351004 0.351004 0.351005 0.351007 0.351021 0.351026 0.351029 0.351039 0.351042 0.000000 0.000000
0.000000 0.000000 0.353767 0.353767 0.353757 0.353740 0.353721 0.353698 0.353698 0.353691 0.353695 0.353696 0.353697 0.353696 0.353708 0.353721 0.353734 0.353743 0.353748 0.000000 0.000000
0.000000 0.000000 0.357668 0.357664 0.357652 0.357626 0.357593 0.357558 0.357558 0.357554 0.357555 0.357553 0.357551 0.357556 0.357586 0.357614 0.357632 0.357647 0.357655 0.000000 0.000000
0.000000 0.000000 0.362281 0.362279 0.362272 0.362244 0.362213 0.362174 0.362174 0.362169 0.362168 0.362165 0.362163 0.362170 0.362204 0.362232 0.362259 0.362266 0.362278 0.000000 0.000000
0.000000 0.000000 0.367247 0.367238 0.367222 0.367203 0.367170 0.367126 0.367127 0.367118 0.367115 0.367113 0.367115 0.367114 0.367157 0.367191 0.367213 0.367224 0.367235 0.000000 0.000000
0.000000 0.000000 0.372477 0.372468 0.372459 0.372441 0.372393 0.372353 0.372354 0.372349 0.372343 0.372346 0.372351 0.372349 0.372385 0.372425 0.372450 0.372458 0.372466 0.000000 0.000000
0.000000 0.000000 0.378136 0.378130 0.378120 0.378079 0.378046 0.378000 0.378009 0.377984 0.377988 0.377986 0.377977 0.377994 0.378027 0.378052 0.378083 0.378100 0.378122 0.000000 0.000000
0.000000 0.000000 0.384417 0.384400 0.384380 0.384354 0.384316 0.384258 0.384254 0.384247 0.384260 0.384240 0.384246 0.384250 0.384310 0.384341 0.384363 0.384375 0.384428 0.000000 0.000000
0.000000 0.000000 0.391199 0.391183 0.391175 0.391137 0.391104 0.390952 0.390950 0.390941 0.390901 0.390922 0.390930 0.390944 0.391060 0.391091 0.391149 0.391155 0.391181 0.000000 0.000000
0.000000 0.000000 0.399137 0.399132 0.399100 0.399074 0.398884 0.398898 0.398859 0.398859 0.398871 0.398859 0.398854 0.398845 0.398828 0.399025 0.399057 0.399109 0.399147 0.000000 0.000000
0.000000 0.000000 0.408473 0.408456 0.408416 0.408177 0.408195 0.408075 0.408022 0.408008 0.407968 0.407939 0.407966 0.407961 0.408077 0.408072 0.408389 0.408342 0.408349 0.000000 0.000000
0.000000 0.000000 0.418676 0.418661 0.418316 0.418407 0.418381 0.418347 0.418474 0.418433 0.418500 0.418476 0.418419 0.418505 0.418514 0.418534 0.418286 0.418783 0.418776 0.000000 0.000000
0.000000 0.000000 0.431222 0.430688 0.430793 0.430595 0.430327 0.430248 0.430104 0.430137 0.429979 0.429992 0.430082 0.429995 0.430129 0.430327 0.430775 0.430492 0.431049 0.000000 0.000000
0.000000 0.000000 0.435924 0.436407 0.436856 0.436856 0.436873 0.436442 0.436512 0.436385 0.436588 0.436546 0.436517 0.436586 0.436946 0.436932 0.436939 0.436586 0.436115 0.000000 0.000000
0.000000 0.000000 0.350000 0.350000 0.350000 0.350000 0.350000 0.350000 0.350000 0.350000 0.350000 0.350000 0.350000 0.350000 0.350000 0.350000 0.350000 0.350000 0.350000 0.000000 0.000000
0.000000 0.000000 0.000000 0.000000 0.000000 0.000000 0.000000 0.000000 0.000000 0.000000 0.000000 0.000000 0.000000 0.000000 0.000000 0.000000 0.000000 0.000000 0.000000 0.000000 0.000000