geotop/1.0zi/1.0Montebello/Templates/testdem/maps/_Eocclay8182.asc
ncols         21
nrows         20
xllcorner     100.000000
yllcorner     100.000000
cellsize      50.000000
NODATA_value  -9999.0
0.000000 0.000000 0.000000 0.000000 0.000000 0.000000 0.000000 0.000000 0.000000 0.000000 0.000000 0.000000 0.000000 0.000000 0.000000 0.000000 0.000000 0.000000 0.000000 0.000000 0.000000
0.000000 0.000000 0.349622 0.349624 0.349624 0.349623 0.349625 0.349625 0.349624 0.349625 0.349623 0.349625 0.349625 0.349624 0.349625 0.349624 0.349622 0.349623 0.349623 0.000000 0.000000
0.000000 0.000000 0.349984 0.349983 0.349983 0.349985 0.349983 0.349983 0.349983 0.349983 0.349982 0.349982 0.349983 0.349982 0.349983 0.349984 0.349984 0.349984 0.349982 0.000000 0.000000
0.000000 0.000000 0.350004 0.350009 0.350006 0.350004 0.350007 0.350004 0.350006 0.350003 0.350007 0.350004 0.350004 0.350003 0.350005 0.350006 0.350005 0.350009 0.350006 0.000000 0.000000
0.000000 0.000000 0.351015 0.351012 0.351008 0.351004 0.350988 0.350986 0.350983 0.350986 0.350982 0.350983 0.350979 0.350983 0.350993 0.350995 0.351003 0.351007 0.351014 0.000000 0.000000
0.000000 0.000000 0.353941 0.353940 0.353927 0.353898 0.353883 0.353858 0.353858 0.353851 0.353855 0.353854 0.353857 0.353858 0.353869 0.353890 0.353906 0.353920 0.353926 0.000000 0.000000
0.000000 0.000000 0.357925 0.357921 0.357912 0.357888 0.357856 0.357816 0.357815 0.357809 0.357811 0.357811 0.357811 0.357812 0.357846 0.357877 0.357894 0.357907 0.357915 0.000000 0.000000
0.000000 0.000000 0.362647 0.362644 0.362635 0.362605 0.362574 0.362531 0.362530 0.362526 0.362525 0.362522 0.362520 0.362529 0.362565 0.362592 0.362618 0.362628 0.362641 0.000000 0.000000
0.000000 0.000000 0.367663 0.367656 0.367641 0.367622 0.367589 0.367545 0.367547 0.367537 0.367535 0.367533 0.367533 0.367533 0.367575 0.367611 0.367631 0.367641 0.367652 0.000000 0.000000
0.000000 0.000000 0.372991 0.372981 0.372974 0.372954 0.372905 0.372865 0.372865 0.372860 0.372854 0.372857 0.372863 0.372860 0.372897 0.372938 0.372963 0.372972 0.372980 0.000000 0.000000
0.000000 0.000000 0.378811 0.378805 0.378795 0.378754 0.378720 0.378671 0.378681 0.378655 0.378659 0.378658 0.378648 0.378666 0.378700 0.378725 0.378757 0.378775 0.378797 0.000000 0.000000
0.000000 0.000000 0.385281 0.385264 0.385243 0.385217 0.385178 0.385118 0.385113 0.385107 0.385120 0.385099 0.385105 0.385108 0.385170 0.385202 0.385224 0.385237 0.385291 0.000000 0.000000
0.000000 0.000000 0.392296 0.392280 0.392272 0.392233 0.392198 0.392040 0.392038 0.392029 0.391987 0.392009 0.392018 0.392033 0.392153 0.392185 0.392245 0.392252 0.392278 0.000000 0.000000
0.000000 0.000000 0.400548 0.400543 0.400509 0.400482 0.400283 0.400298 0.400257 0.400258 0.400270 0.400258 0.400252 0.400243 0.400225 0.400432 0.400465 0.400519 0.400558 0.000000 0.000000
0.000000 0.000000 0.410307 0.410290 0.410248 0.409995 0.410017 0.409891 0.409833 0.409819 0.409777 0.409747 0.409775 0.409770 0.409892 0.409885 0.410220 0.410170 0.410177 0.000000 0.000000
0.000000 0.000000 0.421044 0.421029 0.420659 0.420760 0.420732 0.420698 0.420836 0.420793 0.420865 0.420838 0.420778 0.420870 0.420877 0.420898 0.420628 0.421160 0.421153 0.000000 0.000000
0.000000 0.000000 0.434443 0.433859 0.433980 0.433763 0.433470 0.433385 0.433225 0.433262 0.433088 0.433103 0.433203 0.433105 0.433252 0.433468 0.433961 0.433643 0.434252 0.000000 0.000000
0.000000 0.000000 0.439267 0.439824 0.440325 0.440331 0.440360 0.439880 0.439961 0.439820 0.440050 0.440004 0.439968 0.440047 0.440446 0.440424 0.440419 0.440029 0.439485 0.000000 0.000000
0.000000 0.000000 0.350000 0.350000 0.350000 0.350000 0.350000 0.350000 0.350000 0.350000 0.350000 0.350000 0.350000 0.350000 0.350000 0.350000 0.350000 0.350000 0.350000 0.000000 0.000000
0.000000 0.000000 0.000000 0.000000 0.000000 0.000000 0.000000 0.000000 0.000000 0.000000 0.000000 0.000000 0.000000 0.000000 0.000000 0.000000 0.000000 0.000000 0.000000 0.000000 0.000000