geotop/1.0zi/1.0Montebello/Templates/testdem/maps/_Eocclay1776.asc
ncols         21
nrows         20
xllcorner     100.000000
yllcorner     100.000000
cellsize      50.000000
NODATA_value  -9999.0
0.000000 0.000000 0.000000 0.000000 0.000000 0.000000 0.000000 0.000000 0.000000 0.000000 0.000000 0.000000 0.000000 0.000000 0.000000 0.000000 0.000000 0.000000 0.000000 0.000000 0.000000
0.000000 0.000000 0.349905 0.349905 0.349905 0.349905 0.349905 0.349905 0.349905 0.349905 0.349905 0.349905 0.349905 0.349905 0.349905 0.349905 0.349905 0.349905 0.349905 0.000000 0.000000
0.000000 0.000000 0.349993 0.349993 0.349993 0.349993 0.349993 0.349993 0.349993 0.349993 0.349993 0.349993 0.349993 0.349993 0.349993 0.349993 0.349993 0.349993 0.349993 0.000000 0.000000
0.000000 0.000000 0.350652 0.350652 0.350650 0.350651 0.350652 0.350652 0.350652 0.350652 0.350652 0.350652 0.350652 0.350652 0.350652 0.350651 0.350650 0.350652 0.350652 0.000000 0.000000
0.000000 0.000000 0.353333 0.353333 0.353331 0.353331 0.353335 0.353334 0.353334 0.353335 0.353334 0.353335 0.353334 0.353334 0.353335 0.353331 0.353331 0.353333 0.353333 0.000000 0.000000
0.000000 0.000000 0.356348 0.356347 0.356346 0.356346 0.356349 0.356348 0.356348 0.356349 0.356349 0.356349 0.356348 0.356348 0.356349 0.356346 0.356346 0.356347 0.356348 0.000000 0.000000
0.000000 0.000000 0.359201 0.359201 0.359200 0.359200 0.359202 0.359202 0.359201 0.359202 0.359202 0.359202 0.359201 0.359202 0.359202 0.359200 0.359200 0.359201 0.359201 0.000000 0.000000
0.000000 0.000000 0.361824 0.361824 0.361823 0.361823 0.361825 0.361824 0.361824 0.361825 0.361825 0.361825 0.361824 0.361824 0.361825 0.361823 0.361823 0.361824 0.361824 0.000000 0.000000
0.000000 0.000000 0.364279 0.364279 0.364277 0.364278 0.364280 0.364279 0.364279 0.364280 0.364279 0.364280 0.364279 0.364279 0.364280 0.364278 0.364277 0.364279 0.364279 0.000000 0.000000
0.000000 0.000000 0.366626 0.366626 0.366624 0.366625 0.366626 0.366626 0.366626 0.366626 0.366626 0.366626 0.366626 0.366626 0.366626 0.366625 0.366624 0.366626 0.366626 0.000000 0.000000
0.000000 0.000000 0.368890 0.368889 0.368888 0.368889 0.368890 0.368890 0.368890 0.368890 0.368890 0.368890 0.368890 0.368890 0.368890 0.368889 0.368888 0.368889 0.368890 0.000000 0.000000
0.000000 0.000000 0.371091 0.371091 0.371090 0.371090 0.371092 0.371091 0.371091 0.371092 0.371092 0.371092 0.371091 0.371091 0.371092 0.371090 0.371090 0.371091 0.371091 0.000000 0.000000
0.000000 0.000000 0.373248 0.373248 0.373246 0.373247 0.373248 0.373248 0.373248 0.373248 0.373248 0.373248 0.373248 0.373248 0.373248 0.373247 0.373246 0.373248 0.373248 0.000000 0.000000
0.000000 0.000000 0.375362 0.375361 0.375360 0.375361 0.375362 0.375362 0.375362 0.375362 0.375362 0.375362 0.375362 0.375362 0.375362 0.375361 0.375360 0.375361 0.375362 0.000000 0.000000
0.000000 0.000000 0.377442 0.377442 0.377440 0.377441 0.377442 0.377442 0.377442 0.377442 0.377442 0.377442 0.377442 0.377442 0.377442 0.377441 0.377440 0.377442 0.377442 0.000000 0.000000
0.000000 0.000000 0.379495 0.379494 0.379493 0.379494 0.379495 0.379495 0.379495 0.379495 0.379495 0.379495 0.379495 0.379495 0.379495 0.379494 0.379493 0.379494 0.379495 0.000000 0.000000
0.000000 0.000000 0.381519 0.381519 0.381518 0.381518 0.381520 0.381519 0.381519 0.381520 0.381520 0.381520 0.381519 0.381519 0.381520 0.381518 0.381518 0.381519 0.381519 0.000000 0.000000
0.000000 0.000000 0.383561 0.383561 0.383560 0.383561 0.383562 0.383562 0.383562 0.383562 0.383562 0.383562 0.383562 0.383562 0.383562 0.383561 0.383560 0.383561 0.383562 0.000000 0.000000
0.000000 0.000000 0.350000 0.350000 0.350000 0.350000 0.350000 0.350000 0.350000 0.350000 0.350000 0.350000 0.350000 0.350000 0.350000 0.350000 0.350000 0.350000 0.350000 0.000000 0.000000
0.000000 0.000000 0.000000 0.000000 0.000000 0.000000 0.000000 0.000000 0.000000 0.000000 0.000000 0.000000 0.000000 0.000000 0.000000 0.000000 0.000000 0.000000 0.000000 0.000000 0.000000