geotop/1.0zi/1.0Montebello/Templates/testdem/maps/_Eocclay6128.asc
ncols         21
nrows         20
xllcorner     100.000000
yllcorner     100.000000
cellsize      50.000000
NODATA_value  -9999.0
0.000000 0.000000 0.000000 0.000000 0.000000 0.000000 0.000000 0.000000 0.000000 0.000000 0.000000 0.000000 0.000000 0.000000 0.000000 0.000000 0.000000 0.000000 0.000000 0.000000 0.000000
0.000000 0.000000 0.349729 0.349730 0.349730 0.349729 0.349730 0.349730 0.349730 0.349730 0.349728 0.349730 0.349730 0.349730 0.349730 0.349730 0.349728 0.349728 0.349729 0.000000 0.000000
0.000000 0.000000 0.349989 0.349989 0.349989 0.349990 0.349989 0.349989 0.349989 0.349989 0.349989 0.349988 0.349989 0.349988 0.349989 0.349989 0.349990 0.349990 0.349988 0.000000 0.000000
0.000000 0.000000 0.349982 0.349985 0.349983 0.349983 0.349985 0.349985 0.349986 0.349983 0.349988 0.349985 0.349985 0.349985 0.349985 0.349987 0.349985 0.349987 0.349986 0.000000 0.000000
0.000000 0.000000 0.350507 0.350506 0.350504 0.350502 0.350489 0.350487 0.350487 0.350490 0.350487 0.350486 0.350481 0.350483 0.350489 0.350489 0.350493 0.350496 0.350502 0.000000 0.000000
0.000000 0.000000 0.352197 0.352197 0.352192 0.352171 0.352165 0.352147 0.352147 0.352143 0.352146 0.352147 0.352150 0.352150 0.352154 0.352167 0.352175 0.352186 0.352191 0.000000 0.000000
0.000000 0.000000 0.354716 0.354714 0.354710 0.354693 0.354672 0.354643 0.354643 0.354638 0.354640 0.354642 0.354643 0.354641 0.354663 0.354685 0.354695 0.354703 0.354711 0.000000 0.000000
0.000000 0.000000 0.357766 0.357766 0.357762 0.357741 0.357720 0.357690 0.357690 0.357687 0.357688 0.357687 0.357685 0.357690 0.357713 0.357733 0.357748 0.357754 0.357764 0.000000 0.000000
0.000000 0.000000 0.360892 0.360889 0.360881 0.360869 0.360848 0.360819 0.360820 0.360815 0.360812 0.360813 0.360813 0.360811 0.360839 0.360861 0.360875 0.360879 0.360888 0.000000 0.000000
0.000000 0.000000 0.364075 0.364069 0.364066 0.364057 0.364027 0.363999 0.364001 0.363997 0.363993 0.363997 0.364001 0.363998 0.364020 0.364046 0.364062 0.364064 0.364071 0.000000 0.000000
0.000000 0.000000 0.367397 0.367394 0.367392 0.367370 0.367349 0.367318 0.367324 0.367310 0.367310 0.367311 0.367307 0.367316 0.367335 0.367351 0.367368 0.367377 0.367391 0.000000 0.000000
0.000000 0.000000 0.370904 0.370897 0.370887 0.370871 0.370853 0.370816 0.370817 0.370809 0.370818 0.370808 0.370810 0.370812 0.370846 0.370862 0.370874 0.370879 0.370914 0.000000 0.000000
0.000000 0.000000 0.374532 0.374525 0.374521 0.374503 0.374486 0.374409 0.374409 0.374403 0.374386 0.374395 0.374401 0.374407 0.374463 0.374479 0.374506 0.374509 0.374533 0.000000 0.000000
0.000000 0.000000 0.378504 0.378499 0.378488 0.378476 0.378400 0.378383 0.378365 0.378365 0.378360 0.378361 0.378362 0.378359 0.378368 0.378446 0.378468 0.378487 0.378512 0.000000 0.000000
0.000000 0.000000 0.382914 0.382908 0.382891 0.382810 0.382788 0.382743 0.382714 0.382709 0.382694 0.382686 0.382695 0.382689 0.382724 0.382759 0.382872 0.382863 0.382877 0.000000 0.000000
0.000000 0.000000 0.387612 0.387607 0.387499 0.387485 0.387479 0.387452 0.387476 0.387463 0.387473 0.387462 0.387449 0.387471 0.387488 0.387498 0.387482 0.387621 0.387624 0.000000 0.000000
0.000000 0.000000 0.393064 0.392914 0.392871 0.392828 0.392757 0.392723 0.392708 0.392707 0.392674 0.392670 0.392685 0.392678 0.392719 0.392773 0.392860 0.392880 0.393033 0.000000 0.000000
0.000000 0.000000 0.396906 0.396929 0.397066 0.397033 0.396984 0.396846 0.396844 0.396812 0.396837 0.396828 0.396836 0.396841 0.396967 0.397004 0.397088 0.396948 0.396934 0.000000 0.000000
0.000000 0.000000 0.350000 0.350000 0.350000 0.350000 0.350000 0.350000 0.350000 0.350000 0.350000 0.350000 0.350000 0.350000 0.350000 0.350000 0.350000 0.350000 0.350000 0.000000 0.000000
0.000000 0.000000 0.000000 0.000000 0.000000 0.000000 0.000000 0.000000 0.000000 0.000000 0.000000 0.000000 0.000000 0.000000 0.000000 0.000000 0.000000 0.000000 0.000000 0.000000 0.000000