geotop/1.0zi/1.0Montebello/Templates/testdem/maps/_Eocsilt2560.asc
ncols         21
nrows         20
xllcorner     100.000000
yllcorner     100.000000
cellsize      50.000000
NODATA_value  -9999.0
0.000000 0.000000 0.000000 0.000000 0.000000 0.000000 0.000000 0.000000 0.000000 0.000000 0.000000 0.000000 0.000000 0.000000 0.000000 0.000000 0.000000 0.000000 0.000000 0.000000 0.000000
0.000000 0.000000 0.350061 0.350061 0.350061 0.350061 0.350061 0.350061 0.350061 0.350061 0.350060 0.350061 0.350061 0.350061 0.350061 0.350061 0.350061 0.350061 0.350061 0.000000 0.000000
0.000000 0.000000 0.349998 0.349998 0.349998 0.349998 0.349998 0.349998 0.349998 0.349998 0.349998 0.349998 0.349998 0.349998 0.349998 0.349998 0.349998 0.349998 0.349998 0.000000 0.000000
0.000000 0.000000 0.350857 0.350856 0.350854 0.350855 0.350857 0.350857 0.350857 0.350857 0.350857 0.350857 0.350857 0.350857 0.350857 0.350855 0.350854 0.350856 0.350857 0.000000 0.000000
0.000000 0.000000 0.354188 0.354188 0.354186 0.354186 0.354189 0.354188 0.354188 0.354189 0.354189 0.354189 0.354188 0.354188 0.354189 0.354186 0.354186 0.354188 0.354188 0.000000 0.000000
0.000000 0.000000 0.358513 0.358512 0.358511 0.358511 0.358513 0.358513 0.358513 0.358514 0.358514 0.358514 0.358513 0.358513 0.358513 0.358511 0.358511 0.358512 0.358513 0.000000 0.000000
0.000000 0.000000 0.362473 0.362472 0.362471 0.362471 0.362473 0.362472 0.362472 0.362473 0.362473 0.362473 0.362472 0.362472 0.362473 0.362471 0.362471 0.362472 0.362473 0.000000 0.000000
0.000000 0.000000 0.366085 0.366084 0.366083 0.366083 0.366085 0.366084 0.366084 0.366085 0.366085 0.366085 0.366084 0.366084 0.366085 0.366083 0.366083 0.366084 0.366085 0.000000 0.000000
0.000000 0.000000 0.369447 0.369446 0.369445 0.369446 0.369447 0.369447 0.369447 0.369447 0.369448 0.369447 0.369447 0.369447 0.369447 0.369446 0.369445 0.369446 0.369447 0.000000 0.000000
0.000000 0.000000 0.372637 0.372637 0.372635 0.372636 0.372637 0.372637 0.372637 0.372637 0.372638 0.372637 0.372637 0.372637 0.372637 0.372636 0.372635 0.372637 0.372637 0.000000 0.000000
0.000000 0.000000 0.375694 0.375693 0.375692 0.375693 0.375694 0.375693 0.375693 0.375694 0.375694 0.375694 0.375693 0.375693 0.375694 0.375693 0.375692 0.375693 0.375694 0.000000 0.000000
0.000000 0.000000 0.378645 0.378645 0.378644 0.378644 0.378646 0.378645 0.378645 0.378646 0.378646 0.378646 0.378645 0.378645 0.378646 0.378644 0.378644 0.378645 0.378645 0.000000 0.000000
0.000000 0.000000 0.381514 0.381513 0.381512 0.381513 0.381514 0.381513 0.381513 0.381514 0.381514 0.381514 0.381513 0.381513 0.381514 0.381513 0.381512 0.381513 0.381514 0.000000 0.000000
0.000000 0.000000 0.384312 0.384312 0.384311 0.384312 0.384313 0.384312 0.384312 0.384313 0.384313 0.384313 0.384312 0.384312 0.384313 0.384312 0.384311 0.384312 0.384312 0.000000 0.000000
0.000000 0.000000 0.387052 0.387052 0.387051 0.387051 0.387052 0.387052 0.387052 0.387053 0.387053 0.387053 0.387052 0.387052 0.387052 0.387051 0.387051 0.387052 0.387052 0.000000 0.000000
0.000000 0.000000 0.389738 0.389737 0.389736 0.389737 0.389738 0.389737 0.389737 0.389738 0.389738 0.389738 0.389737 0.389737 0.389738 0.389737 0.389736 0.389737 0.389738 0.000000 0.000000
0.000000 0.000000 0.392372 0.392371 0.392370 0.392371 0.392372 0.392371 0.392371 0.392372 0.392372 0.392372 0.392371 0.392371 0.392372 0.392371 0.392370 0.392371 0.392372 0.000000 0.000000
0.000000 0.000000 0.394992 0.394992 0.394991 0.394992 0.394993 0.394992 0.394993 0.394993 0.394993 0.394993 0.394993 0.394992 0.394993 0.394992 0.394991 0.394992 0.394993 0.000000 0.000000
0.000000 0.000000 0.350000 0.350000 0.350000 0.350000 0.350000 0.350000 0.350000 0.350000 0.350000 0.350000 0.350000 0.350000 0.350000 0.350000 0.350000 0.350000 0.350000 0.000000 0.000000
0.000000 0.000000 0.000000 0.000000 0.000000 0.000000 0.000000 0.000000 0.000000 0.000000 0.000000 0.000000 0.000000 0.000000 0.000000 0.000000 0.000000 0.000000 0.000000 0.000000 0.000000