geotop/1.0zi/1.0Montebello/Templates/testdem/maps/_Eocsand6221.asc
ncols         21
nrows         20
xllcorner     100.000000
yllcorner     100.000000
cellsize      50.000000
NODATA_value  -9999.0
0.000000 0.000000 0.000000 0.000000 0.000000 0.000000 0.000000 0.000000 0.000000 0.000000 0.000000 0.000000 0.000000 0.000000 0.000000 0.000000 0.000000 0.000000 0.000000 0.000000 0.000000
0.000000 0.000000 0.300152 0.300150 0.300150 0.300150 0.300150 0.300149 0.300150 0.300150 0.300151 0.300150 0.300150 0.300150 0.300150 0.300150 0.300151 0.300151 0.300151 0.000000 0.000000
0.000000 0.000000 0.300008 0.300009 0.300009 0.300008 0.300009 0.300009 0.300009 0.300009 0.300009 0.300009 0.300008 0.300009 0.300009 0.300009 0.300010 0.300010 0.300011 0.000000 0.000000
0.000000 0.000000 0.299968 0.299966 0.299970 0.299975 0.299973 0.299975 0.299971 0.299974 0.299971 0.299974 0.299973 0.299974 0.299972 0.299967 0.299967 0.299964 0.299965 0.000000 0.000000
0.000000 0.000000 0.298872 0.298869 0.298873 0.298880 0.298897 0.298904 0.298906 0.298906 0.298910 0.298909 0.298912 0.298910 0.298897 0.298895 0.298890 0.298879 0.298868 0.000000 0.000000
0.000000 0.000000 0.295480 0.295477 0.295490 0.295527 0.295545 0.295582 0.295582 0.295592 0.295585 0.295581 0.295577 0.295580 0.295569 0.295547 0.295529 0.295513 0.295503 0.000000 0.000000
0.000000 0.000000 0.290366 0.290371 0.290383 0.290421 0.290466 0.290519 0.290519 0.290526 0.290523 0.290521 0.290524 0.290521 0.290479 0.290436 0.290415 0.290395 0.290380 0.000000 0.000000
0.000000 0.000000 0.284155 0.284156 0.284163 0.284203 0.284248 0.284306 0.284306 0.284312 0.284313 0.284314 0.284317 0.284309 0.284261 0.284220 0.284186 0.284177 0.284155 0.000000 0.000000
0.000000 0.000000 0.277698 0.277708 0.277726 0.277751 0.277795 0.277857 0.277854 0.277866 0.277871 0.277870 0.277870 0.277873 0.277814 0.277768 0.277738 0.277727 0.277708 0.000000 0.000000
0.000000 0.000000 0.271139 0.271151 0.271158 0.271179 0.271241 0.271297 0.271294 0.271301 0.271309 0.271302 0.271294 0.271301 0.271252 0.271198 0.271167 0.271160 0.271146 0.000000 0.000000
0.000000 0.000000 0.264321 0.264328 0.264335 0.264381 0.264423 0.264484 0.264472 0.264503 0.264502 0.264499 0.264508 0.264489 0.264451 0.264417 0.264381 0.264361 0.264333 0.000000 0.000000
0.000000 0.000000 0.257104 0.257118 0.257138 0.257172 0.257212 0.257287 0.257286 0.257301 0.257285 0.257304 0.257301 0.257294 0.257223 0.257190 0.257165 0.257154 0.257082 0.000000 0.000000
0.000000 0.000000 0.249629 0.249646 0.249654 0.249693 0.249729 0.249886 0.249887 0.249900 0.249935 0.249917 0.249906 0.249893 0.249775 0.249743 0.249685 0.249679 0.249630 0.000000 0.000000
0.000000 0.000000 0.241432 0.241444 0.241468 0.241494 0.241650 0.241686 0.241722 0.241724 0.241734 0.241728 0.241731 0.241736 0.241716 0.241554 0.241507 0.241467 0.241416 0.000000 0.000000
0.000000 0.000000 0.232311 0.232322 0.232358 0.232529 0.232574 0.232667 0.232727 0.232738 0.232768 0.232790 0.232767 0.232778 0.232702 0.232635 0.232396 0.232417 0.232387 0.000000 0.000000
0.000000 0.000000 0.222565 0.222578 0.222807 0.222833 0.222844 0.222901 0.222849 0.222879 0.222854 0.222880 0.222908 0.222857 0.222820 0.222801 0.222838 0.222544 0.222538 0.000000 0.000000
0.000000 0.000000 0.211211 0.211532 0.211616 0.211709 0.211864 0.211933 0.211969 0.211967 0.212043 0.212047 0.212013 0.212032 0.211946 0.211827 0.211639 0.211604 0.211275 0.000000 0.000000
0.000000 0.000000 0.203339 0.203279 0.202984 0.203052 0.203148 0.203442 0.203446 0.203514 0.203458 0.203477 0.203461 0.203449 0.203177 0.203107 0.202935 0.203231 0.203275 0.000000 0.000000
0.000000 0.000000 0.300000 0.300000 0.300000 0.300000 0.300000 0.300000 0.300000 0.300000 0.300000 0.300000 0.300000 0.300000 0.300000 0.300000 0.300000 0.300000 0.300000 0.000000 0.000000
0.000000 0.000000 0.000000 0.000000 0.000000 0.000000 0.000000 0.000000 0.000000 0.000000 0.000000 0.000000 0.000000 0.000000 0.000000 0.000000 0.000000 0.000000 0.000000 0.000000 0.000000