geotop/1.0zi/1.0Montebello/Templates/testdem/maps/_Eocsilt1059.asc
ncols         21
nrows         20
xllcorner     100.000000
yllcorner     100.000000
cellsize      50.000000
NODATA_value  -9999.0
0.000000 0.000000 0.000000 0.000000 0.000000 0.000000 0.000000 0.000000 0.000000 0.000000 0.000000 0.000000 0.000000 0.000000 0.000000 0.000000 0.000000 0.000000 0.000000 0.000000 0.000000
0.000000 0.000000 0.350018 0.350018 0.350018 0.350018 0.350018 0.350018 0.350018 0.350018 0.350018 0.350018 0.350018 0.350018 0.350018 0.350018 0.350018 0.350018 0.350018 0.000000 0.000000
0.000000 0.000000 0.350001 0.350001 0.350001 0.350001 0.350001 0.350001 0.350001 0.350001 0.350001 0.350001 0.350001 0.350001 0.350001 0.350001 0.350001 0.350001 0.350001 0.000000 0.000000
0.000000 0.000000 0.350462 0.350462 0.350459 0.350460 0.350462 0.350462 0.350462 0.350462 0.350462 0.350462 0.350462 0.350462 0.350462 0.350460 0.350459 0.350462 0.350462 0.000000 0.000000
0.000000 0.000000 0.351986 0.351986 0.351983 0.351983 0.351986 0.351986 0.351986 0.351987 0.351987 0.351987 0.351986 0.351986 0.351986 0.351983 0.351983 0.351986 0.351986 0.000000 0.000000
0.000000 0.000000 0.353826 0.353825 0.353823 0.353823 0.353826 0.353825 0.353825 0.353826 0.353826 0.353826 0.353825 0.353825 0.353826 0.353823 0.353823 0.353825 0.353826 0.000000 0.000000
0.000000 0.000000 0.355510 0.355510 0.355508 0.355509 0.355511 0.355510 0.355510 0.355511 0.355511 0.355511 0.355510 0.355510 0.355511 0.355509 0.355508 0.355510 0.355510 0.000000 0.000000
0.000000 0.000000 0.357057 0.357056 0.357055 0.357055 0.357057 0.357056 0.357056 0.357057 0.357057 0.357057 0.357056 0.357056 0.357057 0.357055 0.357055 0.357056 0.357057 0.000000 0.000000
0.000000 0.000000 0.358505 0.358505 0.358503 0.358504 0.358505 0.358505 0.358505 0.358505 0.358505 0.358505 0.358505 0.358505 0.358505 0.358504 0.358503 0.358505 0.358505 0.000000 0.000000
0.000000 0.000000 0.359893 0.359893 0.359892 0.359892 0.359893 0.359893 0.359893 0.359893 0.359893 0.359893 0.359893 0.359893 0.359893 0.359892 0.359892 0.359893 0.359893 0.000000 0.000000
0.000000 0.000000 0.361235 0.361235 0.361233 0.361234 0.361235 0.361235 0.361235 0.361235 0.361235 0.361235 0.361235 0.361235 0.361235 0.361234 0.361233 0.361235 0.361235 0.000000 0.000000
0.000000 0.000000 0.362545 0.362545 0.362544 0.362544 0.362545 0.362545 0.362545 0.362546 0.362546 0.362546 0.362545 0.362545 0.362545 0.362544 0.362544 0.362545 0.362545 0.000000 0.000000
0.000000 0.000000 0.363833 0.363833 0.363832 0.363832 0.363834 0.363833 0.363833 0.363834 0.363834 0.363834 0.363833 0.363833 0.363834 0.363832 0.363832 0.363833 0.363833 0.000000 0.000000
0.000000 0.000000 0.365098 0.365098 0.365097 0.365097 0.365098 0.365098 0.365098 0.365098 0.365098 0.365098 0.365098 0.365098 0.365098 0.365097 0.365097 0.365098 0.365098 0.000000 0.000000
0.000000 0.000000 0.366350 0.366349 0.366348 0.366349 0.366350 0.366350 0.366350 0.366350 0.366350 0.366350 0.366350 0.366350 0.366350 0.366349 0.366348 0.366349 0.366350 0.000000 0.000000
0.000000 0.000000 0.367593 0.367593 0.367591 0.367592 0.367593 0.367593 0.367593 0.367593 0.367593 0.367593 0.367593 0.367593 0.367593 0.367592 0.367591 0.367593 0.367593 0.000000 0.000000
0.000000 0.000000 0.368822 0.368822 0.368821 0.368821 0.368822 0.368822 0.368822 0.368822 0.368822 0.368822 0.368822 0.368822 0.368822 0.368821 0.368821 0.368822 0.368822 0.000000 0.000000
0.000000 0.000000 0.370079 0.370079 0.370078 0.370078 0.370080 0.370080 0.370080 0.370080 0.370080 0.370080 0.370080 0.370080 0.370080 0.370078 0.370078 0.370079 0.370080 0.000000 0.000000
0.000000 0.000000 0.350000 0.350000 0.350000 0.350000 0.350000 0.350000 0.350000 0.350000 0.350000 0.350000 0.350000 0.350000 0.350000 0.350000 0.350000 0.350000 0.350000 0.000000 0.000000
0.000000 0.000000 0.000000 0.000000 0.000000 0.000000 0.000000 0.000000 0.000000 0.000000 0.000000 0.000000 0.000000 0.000000 0.000000 0.000000 0.000000 0.000000 0.000000 0.000000 0.000000