geotop/1.0zi/1.0Montebello/Templates/testdem/maps/_Eocsilt0492.asc
ncols         21
nrows         20
xllcorner     100.000000
yllcorner     100.000000
cellsize      50.000000
NODATA_value  -9999.0
0.000000 0.000000 0.000000 0.000000 0.000000 0.000000 0.000000 0.000000 0.000000 0.000000 0.000000 0.000000 0.000000 0.000000 0.000000 0.000000 0.000000 0.000000 0.000000 0.000000 0.000000
0.000000 0.000000 0.350009 0.350009 0.350009 0.350009 0.350009 0.350009 0.350009 0.350009 0.350009 0.350009 0.350009 0.350009 0.350009 0.350009 0.350009 0.350009 0.350009 0.000000 0.000000
0.000000 0.000000 0.349998 0.349998 0.349998 0.349998 0.349998 0.349998 0.349998 0.349998 0.349998 0.349998 0.349998 0.349998 0.349998 0.349998 0.349998 0.349998 0.349998 0.000000 0.000000
0.000000 0.000000 0.350279 0.350279 0.350277 0.350279 0.350279 0.350279 0.350279 0.350279 0.350279 0.350279 0.350279 0.350279 0.350279 0.350279 0.350277 0.350279 0.350279 0.000000 0.000000
0.000000 0.000000 0.351131 0.351131 0.351129 0.351131 0.351131 0.351131 0.351131 0.351131 0.351131 0.351131 0.351131 0.351131 0.351131 0.351131 0.351129 0.351131 0.351131 0.000000 0.000000
0.000000 0.000000 0.352024 0.352024 0.352022 0.352024 0.352024 0.352024 0.352024 0.352024 0.352024 0.352024 0.352024 0.352024 0.352024 0.352024 0.352022 0.352024 0.352024 0.000000 0.000000
0.000000 0.000000 0.352829 0.352829 0.352827 0.352829 0.352829 0.352829 0.352829 0.352829 0.352829 0.352829 0.352829 0.352829 0.352829 0.352829 0.352827 0.352829 0.352829 0.000000 0.000000
0.000000 0.000000 0.353572 0.353572 0.353571 0.353572 0.353572 0.353572 0.353572 0.353572 0.353572 0.353572 0.353572 0.353572 0.353572 0.353572 0.353571 0.353572 0.353572 0.000000 0.000000
0.000000 0.000000 0.354273 0.354273 0.354271 0.354273 0.354273 0.354273 0.354273 0.354273 0.354273 0.354273 0.354273 0.354273 0.354273 0.354273 0.354271 0.354273 0.354273 0.000000 0.000000
0.000000 0.000000 0.354948 0.354948 0.354946 0.354948 0.354948 0.354948 0.354948 0.354948 0.354948 0.354948 0.354948 0.354948 0.354948 0.354948 0.354946 0.354948 0.354948 0.000000 0.000000
0.000000 0.000000 0.355603 0.355603 0.355602 0.355603 0.355603 0.355603 0.355603 0.355603 0.355603 0.355603 0.355603 0.355603 0.355603 0.355603 0.355602 0.355603 0.355603 0.000000 0.000000
0.000000 0.000000 0.356245 0.356245 0.356244 0.356245 0.356245 0.356245 0.356245 0.356245 0.356245 0.356245 0.356245 0.356245 0.356245 0.356245 0.356244 0.356245 0.356245 0.000000 0.000000
0.000000 0.000000 0.356874 0.356874 0.356873 0.356874 0.356874 0.356875 0.356875 0.356875 0.356875 0.356875 0.356875 0.356875 0.356874 0.356874 0.356873 0.356874 0.356874 0.000000 0.000000
0.000000 0.000000 0.357493 0.357493 0.357492 0.357493 0.357493 0.357493 0.357493 0.357493 0.357493 0.357493 0.357493 0.357493 0.357493 0.357493 0.357492 0.357493 0.357493 0.000000 0.000000
0.000000 0.000000 0.358105 0.358105 0.358104 0.358105 0.358105 0.358105 0.358105 0.358105 0.358105 0.358105 0.358105 0.358105 0.358105 0.358105 0.358104 0.358105 0.358105 0.000000 0.000000
0.000000 0.000000 0.358714 0.358714 0.358713 0.358714 0.358714 0.358715 0.358715 0.358714 0.358714 0.358714 0.358715 0.358715 0.358714 0.358714 0.358713 0.358714 0.358714 0.000000 0.000000
0.000000 0.000000 0.359316 0.359316 0.359315 0.359316 0.359316 0.359316 0.359316 0.359316 0.359316 0.359316 0.359316 0.359316 0.359316 0.359316 0.359315 0.359316 0.359316 0.000000 0.000000
0.000000 0.000000 0.359931 0.359931 0.359930 0.359931 0.359931 0.359931 0.359931 0.359931 0.359931 0.359931 0.359931 0.359931 0.359931 0.359931 0.359930 0.359931 0.359931 0.000000 0.000000
0.000000 0.000000 0.350000 0.350000 0.350000 0.350000 0.350000 0.350000 0.350000 0.350000 0.350000 0.350000 0.350000 0.350000 0.350000 0.350000 0.350000 0.350000 0.350000 0.000000 0.000000
0.000000 0.000000 0.000000 0.000000 0.000000 0.000000 0.000000 0.000000 0.000000 0.000000 0.000000 0.000000 0.000000 0.000000 0.000000 0.000000 0.000000 0.000000 0.000000 0.000000 0.000000