geotop/1.0zi/1.0Montebello/Templates/testdem/maps/_Eocsand1149.asc
ncols         21
nrows         20
xllcorner     100.000000
yllcorner     100.000000
cellsize      50.000000
NODATA_value  -9999.0
0.000000 0.000000 0.000000 0.000000 0.000000 0.000000 0.000000 0.000000 0.000000 0.000000 0.000000 0.000000 0.000000 0.000000 0.000000 0.000000 0.000000 0.000000 0.000000 0.000000 0.000000
0.000000 0.000000 0.300037 0.300037 0.300037 0.300037 0.300037 0.300037 0.300037 0.300037 0.300037 0.300037 0.300037 0.300037 0.300037 0.300037 0.300037 0.300037 0.300037 0.000000 0.000000
0.000000 0.000000 0.300004 0.300004 0.300005 0.300004 0.300004 0.300004 0.300004 0.300004 0.300004 0.300004 0.300004 0.300004 0.300004 0.300004 0.300005 0.300004 0.300004 0.000000 0.000000
0.000000 0.000000 0.299096 0.299096 0.299101 0.299099 0.299095 0.299096 0.299096 0.299095 0.299095 0.299095 0.299096 0.299096 0.299095 0.299099 0.299101 0.299096 0.299096 0.000000 0.000000
0.000000 0.000000 0.295831 0.295832 0.295837 0.295837 0.295830 0.295832 0.295832 0.295830 0.295830 0.295830 0.295832 0.295832 0.295830 0.295837 0.295837 0.295832 0.295831 0.000000 0.000000
0.000000 0.000000 0.291983 0.291984 0.291987 0.291987 0.291982 0.291983 0.291983 0.291982 0.291982 0.291982 0.291983 0.291983 0.291982 0.291987 0.291987 0.291984 0.291983 0.000000 0.000000
0.000000 0.000000 0.288373 0.288374 0.288377 0.288376 0.288373 0.288373 0.288373 0.288372 0.288372 0.288372 0.288373 0.288373 0.288373 0.288376 0.288377 0.288374 0.288373 0.000000 0.000000
0.000000 0.000000 0.285045 0.285046 0.285049 0.285048 0.285045 0.285046 0.285046 0.285045 0.285045 0.285045 0.285046 0.285046 0.285045 0.285048 0.285049 0.285046 0.285045 0.000000 0.000000
0.000000 0.000000 0.281923 0.281924 0.281927 0.281926 0.281923 0.281924 0.281924 0.281923 0.281923 0.281923 0.281924 0.281924 0.281923 0.281926 0.281927 0.281924 0.281923 0.000000 0.000000
0.000000 0.000000 0.278929 0.278929 0.278932 0.278931 0.278928 0.278929 0.278929 0.278928 0.278928 0.278928 0.278929 0.278929 0.278928 0.278931 0.278932 0.278929 0.278929 0.000000 0.000000
0.000000 0.000000 0.276032 0.276032 0.276035 0.276034 0.276031 0.276032 0.276032 0.276031 0.276031 0.276031 0.276032 0.276032 0.276031 0.276034 0.276035 0.276032 0.276032 0.000000 0.000000
0.000000 0.000000 0.273201 0.273201 0.273204 0.273203 0.273201 0.273201 0.273201 0.273200 0.273201 0.273200 0.273201 0.273201 0.273201 0.273203 0.273204 0.273201 0.273201 0.000000 0.000000
0.000000 0.000000 0.270417 0.270417 0.270420 0.270419 0.270417 0.270417 0.270417 0.270416 0.270416 0.270416 0.270417 0.270417 0.270417 0.270419 0.270420 0.270417 0.270417 0.000000 0.000000
0.000000 0.000000 0.267682 0.267682 0.267685 0.267684 0.267682 0.267682 0.267682 0.267681 0.267682 0.267681 0.267682 0.267682 0.267682 0.267684 0.267685 0.267682 0.267682 0.000000 0.000000
0.000000 0.000000 0.264975 0.264976 0.264979 0.264978 0.264975 0.264975 0.264975 0.264975 0.264975 0.264975 0.264975 0.264975 0.264975 0.264978 0.264979 0.264976 0.264975 0.000000 0.000000
0.000000 0.000000 0.262287 0.262288 0.262290 0.262289 0.262287 0.262287 0.262287 0.262287 0.262287 0.262287 0.262287 0.262287 0.262287 0.262289 0.262290 0.262288 0.262287 0.000000 0.000000
0.000000 0.000000 0.259628 0.259628 0.259631 0.259630 0.259628 0.259628 0.259628 0.259627 0.259627 0.259627 0.259628 0.259628 0.259628 0.259630 0.259631 0.259628 0.259628 0.000000 0.000000
0.000000 0.000000 0.256924 0.256923 0.256926 0.256925 0.256923 0.256923 0.256923 0.256923 0.256923 0.256923 0.256923 0.256923 0.256923 0.256925 0.256926 0.256923 0.256923 0.000000 0.000000
0.000000 0.000000 0.300000 0.300000 0.300000 0.300000 0.300000 0.300000 0.300000 0.300000 0.300000 0.300000 0.300000 0.300000 0.300000 0.300000 0.300000 0.300000 0.300000 0.000000 0.000000
0.000000 0.000000 0.000000 0.000000 0.000000 0.000000 0.000000 0.000000 0.000000 0.000000 0.000000 0.000000 0.000000 0.000000 0.000000 0.000000 0.000000 0.000000 0.000000 0.000000 0.000000