geotop/1.0zi/1.0Montebello/Templates/testdem/maps/_Eocclay4566.asc
ncols         21
nrows         20
xllcorner     100.000000
yllcorner     100.000000
cellsize      50.000000
NODATA_value  -9999.0
0.000000 0.000000 0.000000 0.000000 0.000000 0.000000 0.000000 0.000000 0.000000 0.000000 0.000000 0.000000 0.000000 0.000000 0.000000 0.000000 0.000000 0.000000 0.000000 0.000000 0.000000
0.000000 0.000000 0.349798 0.349799 0.349799 0.349799 0.349799 0.349799 0.349799 0.349799 0.349799 0.349799 0.349799 0.349799 0.349799 0.349799 0.349798 0.349799 0.349798 0.000000 0.000000
0.000000 0.000000 0.349993 0.349993 0.349993 0.349993 0.349993 0.349993 0.349993 0.349993 0.349992 0.349992 0.349993 0.349993 0.349993 0.349993 0.349993 0.349993 0.349993 0.000000 0.000000
0.000000 0.000000 0.349994 0.349996 0.349994 0.349995 0.349996 0.349996 0.349996 0.349995 0.349995 0.349994 0.349994 0.349994 0.349996 0.349997 0.349996 0.349996 0.349995 0.000000 0.000000
0.000000 0.000000 0.350339 0.350338 0.350338 0.350332 0.350324 0.350322 0.350323 0.350322 0.350321 0.350324 0.350320 0.350321 0.350326 0.350325 0.350329 0.350331 0.350334 0.000000 0.000000
0.000000 0.000000 0.351597 0.351600 0.351595 0.351579 0.351575 0.351561 0.351560 0.351555 0.351560 0.351560 0.351564 0.351565 0.351566 0.351576 0.351581 0.351589 0.351594 0.000000 0.000000
0.000000 0.000000 0.353471 0.353467 0.353464 0.353452 0.353437 0.353416 0.353416 0.353411 0.353414 0.353415 0.353416 0.353416 0.353432 0.353448 0.353457 0.353464 0.353470 0.000000 0.000000
0.000000 0.000000 0.355618 0.355617 0.355616 0.355600 0.355586 0.355566 0.355567 0.355564 0.355565 0.355565 0.355562 0.355563 0.355581 0.355596 0.355605 0.355610 0.355617 0.000000 0.000000
0.000000 0.000000 0.357756 0.357754 0.357750 0.357740 0.357726 0.357705 0.357707 0.357703 0.357703 0.357705 0.357702 0.357703 0.357719 0.357738 0.357745 0.357749 0.357756 0.000000 0.000000
0.000000 0.000000 0.359902 0.359898 0.359896 0.359885 0.359868 0.359848 0.359851 0.359848 0.359848 0.359849 0.359847 0.359845 0.359864 0.359883 0.359890 0.359895 0.359901 0.000000 0.000000
0.000000 0.000000 0.362092 0.362088 0.362086 0.362078 0.362065 0.362041 0.362044 0.362038 0.362039 0.362040 0.362037 0.362037 0.362053 0.362067 0.362077 0.362082 0.362089 0.000000 0.000000
0.000000 0.000000 0.364357 0.364355 0.364350 0.364337 0.364324 0.364302 0.364302 0.364298 0.364299 0.364298 0.364296 0.364295 0.364316 0.364332 0.364342 0.364345 0.364369 0.000000 0.000000
0.000000 0.000000 0.366655 0.366651 0.366647 0.366638 0.366621 0.366574 0.366575 0.366571 0.366571 0.366572 0.366568 0.366569 0.366609 0.366629 0.366638 0.366642 0.366657 0.000000 0.000000
0.000000 0.000000 0.369092 0.369085 0.369082 0.369072 0.369025 0.369013 0.369005 0.369002 0.369003 0.369003 0.369000 0.368999 0.369012 0.369060 0.369070 0.369080 0.369088 0.000000 0.000000
0.000000 0.000000 0.371723 0.371718 0.371706 0.371664 0.371643 0.371613 0.371598 0.371593 0.371586 0.371587 0.371588 0.371582 0.371605 0.371638 0.371691 0.371689 0.371696 0.000000 0.000000
0.000000 0.000000 0.374440 0.374435 0.374385 0.374376 0.374363 0.374348 0.374347 0.374345 0.374348 0.374348 0.374340 0.374349 0.374356 0.374369 0.374370 0.374426 0.374440 0.000000 0.000000
0.000000 0.000000 0.377467 0.377400 0.377359 0.377340 0.377306 0.377287 0.377283 0.377280 0.377273 0.377274 0.377273 0.377267 0.377281 0.377321 0.377348 0.377375 0.377443 0.000000 0.000000
0.000000 0.000000 0.379825 0.379812 0.379857 0.379833 0.379803 0.379736 0.379730 0.379723 0.379726 0.379726 0.379721 0.379725 0.379785 0.379819 0.379858 0.379800 0.379827 0.000000 0.000000
0.000000 0.000000 0.350000 0.350000 0.350000 0.350000 0.350000 0.350000 0.350000 0.350000 0.350000 0.350000 0.350000 0.350000 0.350000 0.350000 0.350000 0.350000 0.350000 0.000000 0.000000
0.000000 0.000000 0.000000 0.000000 0.000000 0.000000 0.000000 0.000000 0.000000 0.000000 0.000000 0.000000 0.000000 0.000000 0.000000 0.000000 0.000000 0.000000 0.000000 0.000000 0.000000