geotop/1.0zi/1.0Montebello/Templates/testdem/maps/_Eocclay2627.asc
ncols         21
nrows         20
xllcorner     100.000000
yllcorner     100.000000
cellsize      50.000000
NODATA_value  -9999.0
0.000000 0.000000 0.000000 0.000000 0.000000 0.000000 0.000000 0.000000 0.000000 0.000000 0.000000 0.000000 0.000000 0.000000 0.000000 0.000000 0.000000 0.000000 0.000000 0.000000 0.000000
0.000000 0.000000 0.349859 0.349859 0.349859 0.349859 0.349859 0.349859 0.349859 0.349859 0.349859 0.349859 0.349859 0.349859 0.349859 0.349859 0.349859 0.349859 0.349859 0.000000 0.000000
0.000000 0.000000 0.349990 0.349990 0.349989 0.349990 0.349990 0.349990 0.349990 0.349990 0.349991 0.349990 0.349990 0.349990 0.349990 0.349990 0.349989 0.349990 0.349990 0.000000 0.000000
0.000000 0.000000 0.350813 0.350813 0.350811 0.350812 0.350813 0.350813 0.350813 0.350813 0.350813 0.350813 0.350813 0.350813 0.350813 0.350812 0.350811 0.350813 0.350813 0.000000 0.000000
0.000000 0.000000 0.354587 0.354586 0.354585 0.354585 0.354588 0.354587 0.354587 0.354589 0.354589 0.354589 0.354587 0.354587 0.354588 0.354585 0.354585 0.354586 0.354587 0.000000 0.000000
0.000000 0.000000 0.358927 0.358926 0.358925 0.358925 0.358928 0.358927 0.358927 0.358928 0.358928 0.358928 0.358927 0.358927 0.358928 0.358925 0.358925 0.358926 0.358927 0.000000 0.000000
0.000000 0.000000 0.363048 0.363048 0.363047 0.363047 0.363049 0.363048 0.363048 0.363049 0.363049 0.363049 0.363048 0.363048 0.363049 0.363047 0.363047 0.363048 0.363048 0.000000 0.000000
0.000000 0.000000 0.366834 0.366833 0.366832 0.366832 0.366834 0.366833 0.366833 0.366834 0.366834 0.366834 0.366833 0.366833 0.366834 0.366832 0.366832 0.366833 0.366834 0.000000 0.000000
0.000000 0.000000 0.370362 0.370362 0.370361 0.370361 0.370362 0.370362 0.370362 0.370363 0.370363 0.370363 0.370362 0.370362 0.370362 0.370361 0.370361 0.370362 0.370362 0.000000 0.000000
0.000000 0.000000 0.373713 0.373713 0.373712 0.373712 0.373714 0.373713 0.373713 0.373714 0.373714 0.373714 0.373713 0.373713 0.373714 0.373712 0.373712 0.373713 0.373713 0.000000 0.000000
0.000000 0.000000 0.376927 0.376927 0.376925 0.376926 0.376927 0.376927 0.376927 0.376927 0.376928 0.376927 0.376927 0.376927 0.376927 0.376926 0.376925 0.376927 0.376927 0.000000 0.000000
0.000000 0.000000 0.380032 0.380032 0.380031 0.380031 0.380032 0.380032 0.380032 0.380033 0.380033 0.380033 0.380032 0.380032 0.380032 0.380031 0.380031 0.380032 0.380032 0.000000 0.000000
0.000000 0.000000 0.383051 0.383051 0.383050 0.383050 0.383052 0.383051 0.383051 0.383052 0.383052 0.383052 0.383051 0.383051 0.383052 0.383050 0.383050 0.383051 0.383051 0.000000 0.000000
0.000000 0.000000 0.385999 0.385999 0.385998 0.385998 0.385999 0.385999 0.385999 0.386000 0.386000 0.386000 0.385999 0.385999 0.385999 0.385998 0.385998 0.385999 0.385999 0.000000 0.000000
0.000000 0.000000 0.388885 0.388885 0.388884 0.388884 0.388885 0.388885 0.388885 0.388885 0.388886 0.388885 0.388885 0.388885 0.388885 0.388884 0.388884 0.388885 0.388885 0.000000 0.000000
0.000000 0.000000 0.391714 0.391714 0.391713 0.391714 0.391715 0.391714 0.391714 0.391715 0.391715 0.391715 0.391714 0.391714 0.391715 0.391714 0.391713 0.391714 0.391714 0.000000 0.000000
0.000000 0.000000 0.394490 0.394490 0.394489 0.394489 0.394491 0.394490 0.394490 0.394491 0.394491 0.394491 0.394490 0.394490 0.394491 0.394489 0.394489 0.394490 0.394490 0.000000 0.000000
0.000000 0.000000 0.397253 0.397253 0.397252 0.397252 0.397253 0.397253 0.397253 0.397253 0.397254 0.397253 0.397253 0.397253 0.397253 0.397252 0.397252 0.397253 0.397253 0.000000 0.000000
0.000000 0.000000 0.350000 0.350000 0.350000 0.350000 0.350000 0.350000 0.350000 0.350000 0.350000 0.350000 0.350000 0.350000 0.350000 0.350000 0.350000 0.350000 0.350000 0.000000 0.000000
0.000000 0.000000 0.000000 0.000000 0.000000 0.000000 0.000000 0.000000 0.000000 0.000000 0.000000 0.000000 0.000000 0.000000 0.000000 0.000000 0.000000 0.000000 0.000000 0.000000 0.000000