geotop/1.0zi/1.0Montebello/Templates/testdem/maps/_Eocsand3045.asc
ncols         21
nrows         20
xllcorner     100.000000
yllcorner     100.000000
cellsize      50.000000
NODATA_value  -9999.0
0.000000 0.000000 0.000000 0.000000 0.000000 0.000000 0.000000 0.000000 0.000000 0.000000 0.000000 0.000000 0.000000 0.000000 0.000000 0.000000 0.000000 0.000000 0.000000 0.000000 0.000000
0.000000 0.000000 0.300086 0.300086 0.300086 0.300086 0.300086 0.300086 0.300086 0.300086 0.300087 0.300086 0.300086 0.300086 0.300086 0.300086 0.300086 0.300086 0.300086 0.000000 0.000000
0.000000 0.000000 0.300009 0.300009 0.300010 0.300009 0.300009 0.300009 0.300009 0.300009 0.300008 0.300009 0.300009 0.300009 0.300009 0.300009 0.300010 0.300009 0.300009 0.000000 0.000000
0.000000 0.000000 0.297588 0.297589 0.297593 0.297591 0.297588 0.297588 0.297589 0.297588 0.297587 0.297588 0.297589 0.297588 0.297588 0.297591 0.297593 0.297589 0.297588 0.000000 0.000000
0.000000 0.000000 0.288430 0.288431 0.288435 0.288435 0.288429 0.288431 0.288430 0.288428 0.288427 0.288428 0.288430 0.288431 0.288429 0.288435 0.288435 0.288431 0.288430 0.000000 0.000000
0.000000 0.000000 0.277762 0.277763 0.277766 0.277766 0.277761 0.277762 0.277762 0.277760 0.277759 0.277760 0.277762 0.277762 0.277761 0.277766 0.277766 0.277763 0.277762 0.000000 0.000000
0.000000 0.000000 0.267938 0.267939 0.267942 0.267941 0.267937 0.267939 0.267939 0.267937 0.267936 0.267937 0.267939 0.267939 0.267937 0.267941 0.267942 0.267939 0.267938 0.000000 0.000000
0.000000 0.000000 0.259021 0.259022 0.259024 0.259024 0.259020 0.259022 0.259021 0.259020 0.259019 0.259020 0.259021 0.259022 0.259020 0.259024 0.259024 0.259022 0.259021 0.000000 0.000000
0.000000 0.000000 0.250773 0.250774 0.250776 0.250776 0.250773 0.250774 0.250774 0.250772 0.250771 0.250772 0.250774 0.250774 0.250773 0.250776 0.250776 0.250774 0.250773 0.000000 0.000000
0.000000 0.000000 0.242999 0.242999 0.243002 0.243001 0.242998 0.242999 0.242999 0.242998 0.242997 0.242998 0.242999 0.242999 0.242998 0.243001 0.243002 0.242999 0.242999 0.000000 0.000000
0.000000 0.000000 0.235604 0.235604 0.235607 0.235606 0.235603 0.235604 0.235604 0.235603 0.235602 0.235603 0.235604 0.235604 0.235603 0.235606 0.235607 0.235604 0.235604 0.000000 0.000000
0.000000 0.000000 0.228516 0.228517 0.228519 0.228518 0.228516 0.228517 0.228517 0.228516 0.228515 0.228516 0.228517 0.228517 0.228516 0.228518 0.228519 0.228517 0.228516 0.000000 0.000000
0.000000 0.000000 0.221681 0.221681 0.221684 0.221683 0.221680 0.221681 0.221681 0.221680 0.221679 0.221680 0.221681 0.221681 0.221680 0.221683 0.221684 0.221681 0.221681 0.000000 0.000000
0.000000 0.000000 0.215042 0.215043 0.215045 0.215044 0.215042 0.215043 0.215043 0.215042 0.215041 0.215042 0.215043 0.215043 0.215042 0.215044 0.215045 0.215043 0.215042 0.000000 0.000000
0.000000 0.000000 0.208590 0.208590 0.208592 0.208592 0.208589 0.208590 0.208590 0.208589 0.208588 0.208589 0.208590 0.208590 0.208589 0.208592 0.208592 0.208590 0.208590 0.000000 0.000000
0.000000 0.000000 0.202309 0.202310 0.202312 0.202311 0.202309 0.202310 0.202310 0.202308 0.202308 0.202308 0.202310 0.202310 0.202309 0.202311 0.202312 0.202310 0.202309 0.000000 0.000000
0.000000 0.000000 0.196182 0.196183 0.196185 0.196184 0.196182 0.196183 0.196183 0.196181 0.196181 0.196181 0.196183 0.196183 0.196182 0.196184 0.196185 0.196183 0.196182 0.000000 0.000000
0.000000 0.000000 0.190075 0.190074 0.190076 0.190076 0.190074 0.190074 0.190074 0.190073 0.190072 0.190073 0.190074 0.190074 0.190074 0.190076 0.190076 0.190074 0.190074 0.000000 0.000000
0.000000 0.000000 0.300000 0.300000 0.300000 0.300000 0.300000 0.300000 0.300000 0.300000 0.300000 0.300000 0.300000 0.300000 0.300000 0.300000 0.300000 0.300000 0.300000 0.000000 0.000000
0.000000 0.000000 0.000000 0.000000 0.000000 0.000000 0.000000 0.000000 0.000000 0.000000 0.000000 0.000000 0.000000 0.000000 0.000000 0.000000 0.000000 0.000000 0.000000 0.000000 0.000000