geotop/1.0zi/1.0Montebello/Templates/testdem/maps/_Eocsand6182.asc
ncols         21
nrows         20
xllcorner     100.000000
yllcorner     100.000000
cellsize      50.000000
NODATA_value  -9999.0
0.000000 0.000000 0.000000 0.000000 0.000000 0.000000 0.000000 0.000000 0.000000 0.000000 0.000000 0.000000 0.000000 0.000000 0.000000 0.000000 0.000000 0.000000 0.000000 0.000000 0.000000
0.000000 0.000000 0.300151 0.300151 0.300151 0.300151 0.300150 0.300150 0.300151 0.300151 0.300152 0.300151 0.300151 0.300151 0.300150 0.300151 0.300152 0.300152 0.300151 0.000000 0.000000
0.000000 0.000000 0.300009 0.300008 0.300008 0.300007 0.300008 0.300008 0.300008 0.300008 0.300008 0.300008 0.300007 0.300008 0.300008 0.300008 0.300009 0.300009 0.300010 0.000000 0.000000
0.000000 0.000000 0.299971 0.299969 0.299972 0.299977 0.299974 0.299976 0.299972 0.299975 0.299972 0.299975 0.299974 0.299975 0.299973 0.299968 0.299969 0.299965 0.299967 0.000000 0.000000
0.000000 0.000000 0.298944 0.298941 0.298944 0.298950 0.298965 0.298973 0.298974 0.298974 0.298978 0.298978 0.298980 0.298978 0.298966 0.298964 0.298960 0.298949 0.298939 0.000000 0.000000
0.000000 0.000000 0.295644 0.295641 0.295653 0.295688 0.295705 0.295741 0.295742 0.295751 0.295743 0.295740 0.295735 0.295739 0.295729 0.295708 0.295691 0.295676 0.295666 0.000000 0.000000
0.000000 0.000000 0.290615 0.290620 0.290630 0.290667 0.290711 0.290764 0.290763 0.290770 0.290767 0.290765 0.290768 0.290765 0.290724 0.290682 0.290662 0.290643 0.290628 0.000000 0.000000
0.000000 0.000000 0.284489 0.284489 0.284495 0.284534 0.284577 0.284635 0.284634 0.284641 0.284641 0.284642 0.284646 0.284637 0.284592 0.284551 0.284518 0.284509 0.284488 0.000000 0.000000
0.000000 0.000000 0.278122 0.278131 0.278148 0.278172 0.278215 0.278276 0.278273 0.278284 0.278290 0.278287 0.278287 0.278291 0.278233 0.278188 0.278159 0.278149 0.278131 0.000000 0.000000
0.000000 0.000000 0.271658 0.271669 0.271677 0.271695 0.271756 0.271812 0.271808 0.271815 0.271824 0.271816 0.271809 0.271815 0.271768 0.271716 0.271685 0.271680 0.271666 0.000000 0.000000
0.000000 0.000000 0.264945 0.264952 0.264956 0.265001 0.265043 0.265104 0.265092 0.265120 0.265120 0.265118 0.265126 0.265109 0.265070 0.265037 0.265003 0.264984 0.264956 0.000000 0.000000
0.000000 0.000000 0.257844 0.257860 0.257880 0.257911 0.257949 0.258023 0.258021 0.258037 0.258020 0.258039 0.258035 0.258029 0.257961 0.257928 0.257903 0.257893 0.257823 0.000000 0.000000
0.000000 0.000000 0.250499 0.250513 0.250521 0.250558 0.250593 0.250746 0.250747 0.250760 0.250793 0.250776 0.250764 0.250752 0.250637 0.250606 0.250551 0.250545 0.250496 0.000000 0.000000
0.000000 0.000000 0.242448 0.242458 0.242480 0.242505 0.242658 0.242693 0.242728 0.242729 0.242739 0.242736 0.242735 0.242740 0.242722 0.242566 0.242520 0.242481 0.242431 0.000000 0.000000
0.000000 0.000000 0.233501 0.233514 0.233549 0.233714 0.233757 0.233848 0.233907 0.233917 0.233947 0.233965 0.233946 0.233957 0.233884 0.233816 0.233585 0.233605 0.233575 0.000000 0.000000
0.000000 0.000000 0.223955 0.223967 0.224187 0.224214 0.224225 0.224280 0.224231 0.224257 0.224237 0.224260 0.224286 0.224240 0.224205 0.224185 0.224219 0.223935 0.223928 0.000000 0.000000
0.000000 0.000000 0.212863 0.213171 0.213255 0.213343 0.213488 0.213558 0.213591 0.213592 0.213661 0.213668 0.213637 0.213652 0.213567 0.213456 0.213276 0.213241 0.212926 0.000000 0.000000
0.000000 0.000000 0.205100 0.205048 0.204766 0.204832 0.204930 0.205211 0.205215 0.205280 0.205228 0.205246 0.205230 0.205219 0.204961 0.204888 0.204719 0.205007 0.205040 0.000000 0.000000
0.000000 0.000000 0.300000 0.300000 0.300000 0.300000 0.300000 0.300000 0.300000 0.300000 0.300000 0.300000 0.300000 0.300000 0.300000 0.300000 0.300000 0.300000 0.300000 0.000000 0.000000
0.000000 0.000000 0.000000 0.000000 0.000000 0.000000 0.000000 0.000000 0.000000 0.000000 0.000000 0.000000 0.000000 0.000000 0.000000 0.000000 0.000000 0.000000 0.000000 0.000000 0.000000