geotop/1.0zi/1.0Montebello/Templates/testdem/maps/_Eocsand2500.asc
ncols         21
nrows         20
xllcorner     100.000000
yllcorner     100.000000
cellsize      50.000000
NODATA_value  -9999.0
0.000000 0.000000 0.000000 0.000000 0.000000 0.000000 0.000000 0.000000 0.000000 0.000000 0.000000 0.000000 0.000000 0.000000 0.000000 0.000000 0.000000 0.000000 0.000000 0.000000 0.000000
0.000000 0.000000 0.300074 0.300074 0.300074 0.300074 0.300074 0.300074 0.300074 0.300074 0.300076 0.300074 0.300074 0.300074 0.300074 0.300074 0.300074 0.300074 0.300074 0.000000 0.000000
0.000000 0.000000 0.300012 0.300013 0.300013 0.300012 0.300013 0.300012 0.300012 0.300013 0.300011 0.300013 0.300012 0.300012 0.300013 0.300012 0.300013 0.300013 0.300012 0.000000 0.000000
0.000000 0.000000 0.298377 0.298378 0.298382 0.298380 0.298376 0.298377 0.298377 0.298377 0.298377 0.298377 0.298377 0.298377 0.298376 0.298380 0.298382 0.298378 0.298377 0.000000 0.000000
0.000000 0.000000 0.291477 0.291478 0.291482 0.291481 0.291475 0.291477 0.291477 0.291474 0.291474 0.291474 0.291477 0.291477 0.291475 0.291481 0.291482 0.291478 0.291477 0.000000 0.000000
0.000000 0.000000 0.283087 0.283088 0.283091 0.283091 0.283086 0.283087 0.283087 0.283085 0.283085 0.283085 0.283087 0.283087 0.283086 0.283091 0.283091 0.283088 0.283087 0.000000 0.000000
0.000000 0.000000 0.275271 0.275272 0.275274 0.275274 0.275270 0.275271 0.275271 0.275269 0.275269 0.275269 0.275271 0.275271 0.275270 0.275274 0.275274 0.275272 0.275271 0.000000 0.000000
0.000000 0.000000 0.268115 0.268116 0.268119 0.268118 0.268115 0.268116 0.268116 0.268114 0.268114 0.268114 0.268116 0.268116 0.268115 0.268118 0.268119 0.268116 0.268115 0.000000 0.000000
0.000000 0.000000 0.261447 0.261448 0.261450 0.261449 0.261446 0.261447 0.261447 0.261446 0.261445 0.261446 0.261447 0.261447 0.261446 0.261449 0.261450 0.261448 0.261447 0.000000 0.000000
0.000000 0.000000 0.255112 0.255113 0.255115 0.255114 0.255111 0.255112 0.255112 0.255111 0.255111 0.255111 0.255112 0.255112 0.255111 0.255114 0.255115 0.255113 0.255112 0.000000 0.000000
0.000000 0.000000 0.249036 0.249037 0.249039 0.249039 0.249036 0.249037 0.249037 0.249035 0.249035 0.249035 0.249037 0.249037 0.249036 0.249039 0.249039 0.249037 0.249036 0.000000 0.000000
0.000000 0.000000 0.243164 0.243165 0.243167 0.243166 0.243164 0.243165 0.243165 0.243164 0.243163 0.243164 0.243165 0.243165 0.243164 0.243166 0.243167 0.243165 0.243164 0.000000 0.000000
0.000000 0.000000 0.237454 0.237455 0.237457 0.237456 0.237454 0.237455 0.237455 0.237453 0.237453 0.237453 0.237455 0.237455 0.237454 0.237456 0.237457 0.237455 0.237454 0.000000 0.000000
0.000000 0.000000 0.231878 0.231878 0.231881 0.231880 0.231877 0.231878 0.231878 0.231877 0.231876 0.231877 0.231878 0.231878 0.231877 0.231880 0.231881 0.231878 0.231878 0.000000 0.000000
0.000000 0.000000 0.226414 0.226415 0.226417 0.226416 0.226414 0.226415 0.226414 0.226413 0.226413 0.226413 0.226414 0.226415 0.226414 0.226416 0.226417 0.226415 0.226414 0.000000 0.000000
0.000000 0.000000 0.221054 0.221055 0.221057 0.221056 0.221054 0.221054 0.221054 0.221053 0.221053 0.221053 0.221054 0.221054 0.221054 0.221056 0.221057 0.221055 0.221054 0.000000 0.000000
0.000000 0.000000 0.215792 0.215793 0.215795 0.215794 0.215792 0.215793 0.215793 0.215791 0.215791 0.215791 0.215793 0.215793 0.215792 0.215794 0.215795 0.215793 0.215792 0.000000 0.000000
0.000000 0.000000 0.210546 0.210546 0.210548 0.210548 0.210545 0.210546 0.210546 0.210545 0.210545 0.210545 0.210546 0.210546 0.210545 0.210548 0.210548 0.210546 0.210546 0.000000 0.000000
0.000000 0.000000 0.300000 0.300000 0.300000 0.300000 0.300000 0.300000 0.300000 0.300000 0.300000 0.300000 0.300000 0.300000 0.300000 0.300000 0.300000 0.300000 0.300000 0.000000 0.000000
0.000000 0.000000 0.000000 0.000000 0.000000 0.000000 0.000000 0.000000 0.000000 0.000000 0.000000 0.000000 0.000000 0.000000 0.000000 0.000000 0.000000 0.000000 0.000000 0.000000 0.000000