geotop/1.0zi/1.0Montebello/Templates/testdem/maps/_Eocsilt4631.asc
ncols         21
nrows         20
xllcorner     100.000000
yllcorner     100.000000
cellsize      50.000000
NODATA_value  -9999.0
0.000000 0.000000 0.000000 0.000000 0.000000 0.000000 0.000000 0.000000 0.000000 0.000000 0.000000 0.000000 0.000000 0.000000 0.000000 0.000000 0.000000 0.000000 0.000000 0.000000 0.000000
0.000000 0.000000 0.350093 0.350093 0.350093 0.350093 0.350093 0.350093 0.350093 0.350093 0.350093 0.350093 0.350093 0.350093 0.350093 0.350093 0.350094 0.350093 0.350093 0.000000 0.000000
0.000000 0.000000 0.350002 0.350002 0.350003 0.350003 0.350003 0.350003 0.350004 0.350003 0.350004 0.350003 0.350003 0.350003 0.350003 0.350003 0.350001 0.350001 0.350002 0.000000 0.000000
0.000000 0.000000 0.350032 0.350031 0.350031 0.350026 0.350028 0.350025 0.350027 0.350028 0.350027 0.350027 0.350027 0.350026 0.350028 0.350030 0.350031 0.350032 0.350031 0.000000 0.000000
0.000000 0.000000 0.350386 0.350389 0.350388 0.350383 0.350381 0.350377 0.350376 0.350373 0.350372 0.350374 0.350375 0.350376 0.350380 0.350381 0.350382 0.350390 0.350393 0.000000 0.000000
0.000000 0.000000 0.351543 0.351545 0.351541 0.351530 0.351523 0.351508 0.351506 0.351500 0.351505 0.351508 0.351511 0.351511 0.351516 0.351521 0.351528 0.351530 0.351534 0.000000 0.000000
0.000000 0.000000 0.353346 0.353346 0.353342 0.353328 0.353311 0.353294 0.353295 0.353292 0.353296 0.353295 0.353293 0.353296 0.353308 0.353324 0.353330 0.353336 0.353342 0.000000 0.000000
0.000000 0.000000 0.355449 0.355447 0.355445 0.355432 0.355418 0.355400 0.355402 0.355399 0.355400 0.355400 0.355397 0.355396 0.355413 0.355430 0.355440 0.355443 0.355449 0.000000 0.000000
0.000000 0.000000 0.357606 0.357601 0.357597 0.357586 0.357572 0.357549 0.357551 0.357546 0.357547 0.357548 0.357546 0.357547 0.357564 0.357583 0.357591 0.357596 0.357605 0.000000 0.000000
0.000000 0.000000 0.359744 0.359741 0.359738 0.359728 0.359711 0.359692 0.359695 0.359692 0.359692 0.359693 0.359690 0.359689 0.359708 0.359726 0.359733 0.359737 0.359744 0.000000 0.000000
0.000000 0.000000 0.361903 0.361899 0.361897 0.361888 0.361875 0.361852 0.361855 0.361850 0.361850 0.361852 0.361849 0.361848 0.361864 0.361879 0.361888 0.361893 0.361900 0.000000 0.000000
0.000000 0.000000 0.364137 0.364134 0.364129 0.364117 0.364103 0.364081 0.364081 0.364078 0.364078 0.364078 0.364077 0.364075 0.364097 0.364113 0.364122 0.364126 0.364149 0.000000 0.000000
0.000000 0.000000 0.366400 0.366396 0.366392 0.366382 0.366366 0.366320 0.366321 0.366316 0.366316 0.366317 0.366313 0.366314 0.366354 0.366373 0.366382 0.366386 0.366401 0.000000 0.000000
0.000000 0.000000 0.368798 0.368791 0.368789 0.368779 0.368733 0.368720 0.368713 0.368710 0.368711 0.368711 0.368707 0.368707 0.368720 0.368766 0.368776 0.368786 0.368795 0.000000 0.000000
0.000000 0.000000 0.371384 0.371379 0.371367 0.371326 0.371304 0.371275 0.371262 0.371257 0.371250 0.371250 0.371251 0.371246 0.371268 0.371301 0.371352 0.371350 0.371358 0.000000 0.000000
0.000000 0.000000 0.374060 0.374054 0.374005 0.373996 0.373982 0.373967 0.373965 0.373964 0.373967 0.373967 0.373959 0.373968 0.373975 0.373989 0.373990 0.374046 0.374059 0.000000 0.000000
0.000000 0.000000 0.377036 0.376970 0.376930 0.376910 0.376877 0.376858 0.376854 0.376851 0.376844 0.376845 0.376844 0.376839 0.376852 0.376892 0.376918 0.376946 0.377012 0.000000 0.000000
0.000000 0.000000 0.379357 0.379344 0.379387 0.379362 0.379333 0.379266 0.379260 0.379254 0.379257 0.379257 0.379252 0.379256 0.379316 0.379350 0.379388 0.379332 0.379359 0.000000 0.000000
0.000000 0.000000 0.350000 0.350000 0.350000 0.350000 0.350000 0.350000 0.350000 0.350000 0.350000 0.350000 0.350000 0.350000 0.350000 0.350000 0.350000 0.350000 0.350000 0.000000 0.000000
0.000000 0.000000 0.000000 0.000000 0.000000 0.000000 0.000000 0.000000 0.000000 0.000000 0.000000 0.000000 0.000000 0.000000 0.000000 0.000000 0.000000 0.000000 0.000000 0.000000 0.000000