geotop/1.0zi/1.0Montebello/Templates/testdem/maps/_Eocsand0331.asc
ncols         21
nrows         20
xllcorner     100.000000
yllcorner     100.000000
cellsize      50.000000
NODATA_value  -9999.0
0.000000 0.000000 0.000000 0.000000 0.000000 0.000000 0.000000 0.000000 0.000000 0.000000 0.000000 0.000000 0.000000 0.000000 0.000000 0.000000 0.000000 0.000000 0.000000 0.000000 0.000000
0.000000 0.000000 0.300013 0.300013 0.300013 0.300013 0.300013 0.300013 0.300013 0.300013 0.300013 0.300013 0.300013 0.300013 0.300013 0.300013 0.300013 0.300013 0.300013 0.000000 0.000000
0.000000 0.000000 0.300001 0.300001 0.300002 0.300001 0.300001 0.300001 0.300001 0.300001 0.300001 0.300001 0.300001 0.300001 0.300001 0.300001 0.300002 0.300001 0.300001 0.000000 0.000000
0.000000 0.000000 0.299506 0.299506 0.299511 0.299506 0.299506 0.299506 0.299506 0.299506 0.299506 0.299506 0.299506 0.299506 0.299506 0.299506 0.299511 0.299506 0.299506 0.000000 0.000000
0.000000 0.000000 0.298228 0.298228 0.298233 0.298229 0.298228 0.298228 0.298228 0.298228 0.298228 0.298228 0.298228 0.298228 0.298228 0.298229 0.298233 0.298228 0.298228 0.000000 0.000000
0.000000 0.000000 0.297042 0.297042 0.297045 0.297042 0.297042 0.297042 0.297042 0.297042 0.297042 0.297042 0.297042 0.297042 0.297042 0.297042 0.297045 0.297042 0.297042 0.000000 0.000000
0.000000 0.000000 0.295964 0.295964 0.295967 0.295964 0.295964 0.295964 0.295964 0.295964 0.295964 0.295964 0.295964 0.295964 0.295964 0.295964 0.295967 0.295964 0.295964 0.000000 0.000000
0.000000 0.000000 0.294968 0.294968 0.294971 0.294969 0.294968 0.294968 0.294968 0.294968 0.294968 0.294968 0.294968 0.294968 0.294968 0.294969 0.294971 0.294968 0.294968 0.000000 0.000000
0.000000 0.000000 0.294031 0.294031 0.294034 0.294031 0.294031 0.294031 0.294031 0.294031 0.294031 0.294031 0.294031 0.294031 0.294031 0.294031 0.294034 0.294031 0.294031 0.000000 0.000000
0.000000 0.000000 0.293127 0.293127 0.293130 0.293127 0.293127 0.293127 0.293127 0.293127 0.293127 0.293127 0.293127 0.293127 0.293127 0.293127 0.293130 0.293127 0.293127 0.000000 0.000000
0.000000 0.000000 0.292250 0.292250 0.292253 0.292250 0.292250 0.292250 0.292250 0.292250 0.292250 0.292250 0.292250 0.292250 0.292250 0.292250 0.292253 0.292250 0.292250 0.000000 0.000000
0.000000 0.000000 0.291393 0.291393 0.291395 0.291393 0.291393 0.291392 0.291392 0.291393 0.291393 0.291393 0.291392 0.291392 0.291393 0.291393 0.291395 0.291393 0.291393 0.000000 0.000000
0.000000 0.000000 0.290550 0.290550 0.290553 0.290550 0.290550 0.290550 0.290550 0.290550 0.290550 0.290550 0.290550 0.290550 0.290550 0.290550 0.290553 0.290550 0.290550 0.000000 0.000000
0.000000 0.000000 0.289723 0.289723 0.289726 0.289724 0.289723 0.289723 0.289723 0.289723 0.289723 0.289723 0.289723 0.289723 0.289723 0.289724 0.289726 0.289723 0.289723 0.000000 0.000000
0.000000 0.000000 0.288906 0.288906 0.288909 0.288906 0.288906 0.288906 0.288906 0.288906 0.288906 0.288906 0.288906 0.288906 0.288906 0.288906 0.288909 0.288906 0.288906 0.000000 0.000000
0.000000 0.000000 0.288093 0.288093 0.288095 0.288093 0.288093 0.288093 0.288093 0.288093 0.288093 0.288093 0.288093 0.288093 0.288093 0.288093 0.288095 0.288093 0.288093 0.000000 0.000000
0.000000 0.000000 0.287290 0.287291 0.287293 0.287291 0.287291 0.287290 0.287290 0.287290 0.287290 0.287290 0.287290 0.287290 0.287291 0.287291 0.287293 0.287291 0.287290 0.000000 0.000000
0.000000 0.000000 0.286456 0.286456 0.286458 0.286456 0.286456 0.286456 0.286456 0.286456 0.286456 0.286456 0.286456 0.286456 0.286456 0.286456 0.286458 0.286456 0.286456 0.000000 0.000000
0.000000 0.000000 0.300000 0.300000 0.300000 0.300000 0.300000 0.300000 0.300000 0.300000 0.300000 0.300000 0.300000 0.300000 0.300000 0.300000 0.300000 0.300000 0.300000 0.000000 0.000000
0.000000 0.000000 0.000000 0.000000 0.000000 0.000000 0.000000 0.000000 0.000000 0.000000 0.000000 0.000000 0.000000 0.000000 0.000000 0.000000 0.000000 0.000000 0.000000 0.000000 0.000000