geotop/1.0zi/1.0Montebello/Templates/testdem/maps/_Eocsilt3152.asc
ncols         21
nrows         20
xllcorner     100.000000
yllcorner     100.000000
cellsize      50.000000
NODATA_value  -9999.0
0.000000 0.000000 0.000000 0.000000 0.000000 0.000000 0.000000 0.000000 0.000000 0.000000 0.000000 0.000000 0.000000 0.000000 0.000000 0.000000 0.000000 0.000000 0.000000 0.000000 0.000000
0.000000 0.000000 0.350087 0.350087 0.350087 0.350087 0.350087 0.350087 0.350087 0.350087 0.350086 0.350087 0.350087 0.350087 0.350087 0.350087 0.350087 0.350087 0.350087 0.000000 0.000000
0.000000 0.000000 0.349994 0.349994 0.349994 0.349994 0.349994 0.349994 0.349994 0.349994 0.349995 0.349994 0.349994 0.349994 0.349994 0.349994 0.349994 0.349994 0.349994 0.000000 0.000000
0.000000 0.000000 0.351305 0.351304 0.351302 0.351303 0.351305 0.351305 0.351305 0.351305 0.351306 0.351305 0.351305 0.351305 0.351305 0.351303 0.351302 0.351304 0.351305 0.000000 0.000000
0.000000 0.000000 0.355897 0.355896 0.355894 0.355894 0.355897 0.355896 0.355896 0.355897 0.355898 0.355897 0.355896 0.355896 0.355897 0.355894 0.355894 0.355896 0.355897 0.000000 0.000000
0.000000 0.000000 0.361454 0.361454 0.361452 0.361452 0.361455 0.361454 0.361454 0.361455 0.361455 0.361455 0.361454 0.361454 0.361455 0.361452 0.361452 0.361454 0.361454 0.000000 0.000000
0.000000 0.000000 0.366476 0.366476 0.366474 0.366474 0.366476 0.366476 0.366476 0.366477 0.366477 0.366477 0.366476 0.366476 0.366476 0.366474 0.366474 0.366476 0.366476 0.000000 0.000000
0.000000 0.000000 0.371014 0.371014 0.371012 0.371013 0.371014 0.371014 0.371014 0.371014 0.371015 0.371014 0.371014 0.371014 0.371014 0.371013 0.371012 0.371014 0.371014 0.000000 0.000000
0.000000 0.000000 0.375204 0.375204 0.375203 0.375203 0.375204 0.375204 0.375204 0.375205 0.375205 0.375205 0.375204 0.375204 0.375204 0.375203 0.375203 0.375204 0.375204 0.000000 0.000000
0.000000 0.000000 0.379148 0.379148 0.379147 0.379147 0.379148 0.379148 0.379148 0.379148 0.379149 0.379148 0.379148 0.379148 0.379148 0.379147 0.379147 0.379148 0.379148 0.000000 0.000000
0.000000 0.000000 0.382895 0.382895 0.382893 0.382894 0.382895 0.382895 0.382895 0.382895 0.382896 0.382895 0.382895 0.382895 0.382895 0.382894 0.382893 0.382895 0.382895 0.000000 0.000000
0.000000 0.000000 0.386481 0.386480 0.386479 0.386479 0.386481 0.386480 0.386480 0.386481 0.386481 0.386481 0.386480 0.386480 0.386481 0.386479 0.386479 0.386480 0.386481 0.000000 0.000000
0.000000 0.000000 0.389931 0.389930 0.389929 0.389930 0.389931 0.389930 0.389930 0.389931 0.389931 0.389931 0.389930 0.389930 0.389931 0.389930 0.389929 0.389930 0.389931 0.000000 0.000000
0.000000 0.000000 0.393275 0.393275 0.393274 0.393274 0.393275 0.393275 0.393275 0.393276 0.393276 0.393276 0.393275 0.393275 0.393275 0.393274 0.393274 0.393275 0.393275 0.000000 0.000000
0.000000 0.000000 0.396522 0.396521 0.396520 0.396521 0.396522 0.396521 0.396521 0.396522 0.396522 0.396522 0.396521 0.396521 0.396522 0.396521 0.396520 0.396521 0.396522 0.000000 0.000000
0.000000 0.000000 0.399675 0.399675 0.399674 0.399674 0.399675 0.399675 0.399675 0.399676 0.399676 0.399676 0.399675 0.399675 0.399675 0.399674 0.399674 0.399675 0.399675 0.000000 0.000000
0.000000 0.000000 0.402747 0.402747 0.402746 0.402746 0.402747 0.402747 0.402747 0.402747 0.402748 0.402747 0.402747 0.402747 0.402747 0.402746 0.402746 0.402747 0.402747 0.000000 0.000000
0.000000 0.000000 0.405803 0.405803 0.405802 0.405802 0.405803 0.405803 0.405803 0.405804 0.405804 0.405804 0.405803 0.405803 0.405803 0.405802 0.405802 0.405803 0.405803 0.000000 0.000000
0.000000 0.000000 0.350000 0.350000 0.350000 0.350000 0.350000 0.350000 0.350000 0.350000 0.350000 0.350000 0.350000 0.350000 0.350000 0.350000 0.350000 0.350000 0.350000 0.000000 0.000000
0.000000 0.000000 0.000000 0.000000 0.000000 0.000000 0.000000 0.000000 0.000000 0.000000 0.000000 0.000000 0.000000 0.000000 0.000000 0.000000 0.000000 0.000000 0.000000 0.000000 0.000000