geotop/1.0zi/1.0Montebello/Templates/testdem/maps/_Eocsilt2769.asc
ncols         21
nrows         20
xllcorner     100.000000
yllcorner     100.000000
cellsize      50.000000
NODATA_value  -9999.0
0.000000 0.000000 0.000000 0.000000 0.000000 0.000000 0.000000 0.000000 0.000000 0.000000 0.000000 0.000000 0.000000 0.000000 0.000000 0.000000 0.000000 0.000000 0.000000 0.000000 0.000000
0.000000 0.000000 0.350067 0.350067 0.350067 0.350067 0.350067 0.350067 0.350067 0.350067 0.350066 0.350067 0.350067 0.350067 0.350067 0.350067 0.350067 0.350067 0.350067 0.000000 0.000000
0.000000 0.000000 0.349998 0.349998 0.349998 0.349998 0.349998 0.349998 0.349998 0.349998 0.349999 0.349998 0.349998 0.349998 0.349998 0.349998 0.349998 0.349998 0.349998 0.000000 0.000000
0.000000 0.000000 0.350937 0.350936 0.350934 0.350935 0.350937 0.350937 0.350936 0.350937 0.350937 0.350937 0.350936 0.350937 0.350937 0.350935 0.350934 0.350936 0.350937 0.000000 0.000000
0.000000 0.000000 0.354619 0.354618 0.354617 0.354617 0.354619 0.354618 0.354619 0.354620 0.354620 0.354620 0.354619 0.354618 0.354619 0.354617 0.354617 0.354618 0.354619 0.000000 0.000000
0.000000 0.000000 0.359361 0.359360 0.359359 0.359359 0.359361 0.359360 0.359360 0.359361 0.359362 0.359361 0.359360 0.359360 0.359361 0.359359 0.359359 0.359360 0.359361 0.000000 0.000000
0.000000 0.000000 0.363695 0.363695 0.363693 0.363693 0.363695 0.363695 0.363695 0.363696 0.363696 0.363696 0.363695 0.363695 0.363695 0.363693 0.363693 0.363695 0.363695 0.000000 0.000000
0.000000 0.000000 0.367637 0.367637 0.367635 0.367636 0.367637 0.367637 0.367637 0.367638 0.367638 0.367638 0.367637 0.367637 0.367637 0.367636 0.367635 0.367637 0.367637 0.000000 0.000000
0.000000 0.000000 0.371296 0.371295 0.371294 0.371295 0.371296 0.371296 0.371296 0.371296 0.371297 0.371296 0.371296 0.371296 0.371296 0.371295 0.371294 0.371295 0.371296 0.000000 0.000000
0.000000 0.000000 0.374758 0.374757 0.374756 0.374757 0.374758 0.374758 0.374758 0.374758 0.374759 0.374758 0.374758 0.374758 0.374758 0.374757 0.374756 0.374757 0.374758 0.000000 0.000000
0.000000 0.000000 0.378066 0.378066 0.378065 0.378065 0.378066 0.378066 0.378066 0.378066 0.378067 0.378066 0.378066 0.378066 0.378066 0.378065 0.378065 0.378066 0.378066 0.000000 0.000000
0.000000 0.000000 0.381251 0.381250 0.381249 0.381250 0.381251 0.381250 0.381251 0.381251 0.381251 0.381251 0.381251 0.381250 0.381251 0.381250 0.381249 0.381250 0.381251 0.000000 0.000000
0.000000 0.000000 0.384335 0.384335 0.384334 0.384334 0.384335 0.384335 0.384335 0.384336 0.384336 0.384336 0.384335 0.384335 0.384335 0.384334 0.384334 0.384335 0.384335 0.000000 0.000000
0.000000 0.000000 0.387335 0.387334 0.387333 0.387334 0.387335 0.387335 0.387335 0.387335 0.387335 0.387335 0.387335 0.387335 0.387335 0.387334 0.387333 0.387334 0.387335 0.000000 0.000000
0.000000 0.000000 0.390264 0.390264 0.390263 0.390263 0.390264 0.390264 0.390264 0.390265 0.390265 0.390265 0.390264 0.390264 0.390264 0.390263 0.390263 0.390264 0.390264 0.000000 0.000000
0.000000 0.000000 0.393129 0.393129 0.393128 0.393128 0.393129 0.393129 0.393129 0.393130 0.393130 0.393130 0.393129 0.393129 0.393129 0.393128 0.393128 0.393129 0.393129 0.000000 0.000000
0.000000 0.000000 0.395933 0.395933 0.395932 0.395932 0.395934 0.395933 0.395933 0.395934 0.395934 0.395934 0.395933 0.395933 0.395934 0.395932 0.395932 0.395933 0.395933 0.000000 0.000000
0.000000 0.000000 0.398718 0.398718 0.398717 0.398717 0.398718 0.398718 0.398718 0.398718 0.398719 0.398718 0.398718 0.398718 0.398718 0.398717 0.398717 0.398718 0.398718 0.000000 0.000000
0.000000 0.000000 0.350000 0.350000 0.350000 0.350000 0.350000 0.350000 0.350000 0.350000 0.350000 0.350000 0.350000 0.350000 0.350000 0.350000 0.350000 0.350000 0.350000 0.000000 0.000000
0.000000 0.000000 0.000000 0.000000 0.000000 0.000000 0.000000 0.000000 0.000000 0.000000 0.000000 0.000000 0.000000 0.000000 0.000000 0.000000 0.000000 0.000000 0.000000 0.000000 0.000000