geotop/1.0zi/1.0Montebello/Templates/testdem/maps/_Eocsand5919.asc
ncols         21
nrows         20
xllcorner     100.000000
yllcorner     100.000000
cellsize      50.000000
NODATA_value  -9999.0
0.000000 0.000000 0.000000 0.000000 0.000000 0.000000 0.000000 0.000000 0.000000 0.000000 0.000000 0.000000 0.000000 0.000000 0.000000 0.000000 0.000000 0.000000 0.000000 0.000000 0.000000
0.000000 0.000000 0.300146 0.300146 0.300145 0.300145 0.300145 0.300145 0.300145 0.300145 0.300145 0.300145 0.300145 0.300146 0.300145 0.300145 0.300145 0.300146 0.300146 0.000000 0.000000
0.000000 0.000000 0.300009 0.300008 0.300008 0.300008 0.300008 0.300008 0.300008 0.300008 0.300008 0.300008 0.300007 0.300007 0.300007 0.300008 0.300009 0.300010 0.300009 0.000000 0.000000
0.000000 0.000000 0.299969 0.299968 0.299972 0.299975 0.299972 0.299974 0.299972 0.299974 0.299973 0.299975 0.299974 0.299976 0.299972 0.299967 0.299968 0.299965 0.299967 0.000000 0.000000
0.000000 0.000000 0.298975 0.298973 0.298975 0.298983 0.298997 0.299006 0.299006 0.299006 0.299009 0.299008 0.299011 0.299008 0.298999 0.298997 0.298992 0.298981 0.298973 0.000000 0.000000
0.000000 0.000000 0.295774 0.295770 0.295782 0.295816 0.295834 0.295868 0.295870 0.295878 0.295871 0.295869 0.295865 0.295868 0.295857 0.295836 0.295820 0.295804 0.295795 0.000000 0.000000
0.000000 0.000000 0.290982 0.290987 0.290997 0.291033 0.291075 0.291126 0.291125 0.291132 0.291128 0.291126 0.291128 0.291126 0.291089 0.291048 0.291030 0.291011 0.290997 0.000000 0.000000
0.000000 0.000000 0.285150 0.285151 0.285155 0.285194 0.285236 0.285291 0.285290 0.285296 0.285296 0.285297 0.285300 0.285292 0.285250 0.285211 0.285180 0.285171 0.285152 0.000000 0.000000
0.000000 0.000000 0.279114 0.279123 0.279139 0.279162 0.279204 0.279263 0.279259 0.279270 0.279275 0.279272 0.279272 0.279276 0.279222 0.279179 0.279151 0.279142 0.279125 0.000000 0.000000
0.000000 0.000000 0.273012 0.273023 0.273030 0.273047 0.273106 0.273158 0.273154 0.273161 0.273169 0.273161 0.273154 0.273160 0.273118 0.273068 0.273039 0.273034 0.273022 0.000000 0.000000
0.000000 0.000000 0.266694 0.266700 0.266704 0.266748 0.266788 0.266846 0.266834 0.266862 0.266861 0.266858 0.266865 0.266851 0.266815 0.266783 0.266751 0.266733 0.266707 0.000000 0.000000
0.000000 0.000000 0.260039 0.260054 0.260073 0.260103 0.260139 0.260209 0.260207 0.260223 0.260206 0.260223 0.260219 0.260214 0.260151 0.260121 0.260098 0.260088 0.260023 0.000000 0.000000
0.000000 0.000000 0.253182 0.253196 0.253203 0.253238 0.253272 0.253415 0.253415 0.253427 0.253458 0.253441 0.253430 0.253420 0.253314 0.253285 0.253234 0.253229 0.253182 0.000000 0.000000
0.000000 0.000000 0.245705 0.245714 0.245735 0.245758 0.245899 0.245933 0.245965 0.245967 0.245977 0.245972 0.245971 0.245976 0.245960 0.245818 0.245775 0.245739 0.245692 0.000000 0.000000
0.000000 0.000000 0.237435 0.237447 0.237480 0.237628 0.237672 0.237755 0.237810 0.237819 0.237846 0.237862 0.237845 0.237857 0.237793 0.237726 0.237516 0.237533 0.237505 0.000000 0.000000
0.000000 0.000000 0.228651 0.228662 0.228859 0.228889 0.228900 0.228952 0.228910 0.228934 0.228916 0.228937 0.228960 0.228921 0.228889 0.228870 0.228892 0.228640 0.228634 0.000000 0.000000
0.000000 0.000000 0.218530 0.218800 0.218885 0.218964 0.219092 0.219155 0.219180 0.219182 0.219241 0.219248 0.219222 0.219235 0.219161 0.219063 0.218908 0.218862 0.218589 0.000000 0.000000
0.000000 0.000000 0.211270 0.211243 0.211001 0.211064 0.211159 0.211407 0.211411 0.211468 0.211427 0.211442 0.211426 0.211419 0.211192 0.211122 0.210964 0.211214 0.211226 0.000000 0.000000
0.000000 0.000000 0.300000 0.300000 0.300000 0.300000 0.300000 0.300000 0.300000 0.300000 0.300000 0.300000 0.300000 0.300000 0.300000 0.300000 0.300000 0.300000 0.300000 0.000000 0.000000
0.000000 0.000000 0.000000 0.000000 0.000000 0.000000 0.000000 0.000000 0.000000 0.000000 0.000000 0.000000 0.000000 0.000000 0.000000 0.000000 0.000000 0.000000 0.000000 0.000000 0.000000