geotop/1.0zi/1.0Montebello/Templates/testdem/maps/_Eocsand8550.asc
ncols         21
nrows         20
xllcorner     100.000000
yllcorner     100.000000
cellsize      50.000000
NODATA_value  -9999.0
0.000000 0.000000 0.000000 0.000000 0.000000 0.000000 0.000000 0.000000 0.000000 0.000000 0.000000 0.000000 0.000000 0.000000 0.000000 0.000000 0.000000 0.000000 0.000000 0.000000 0.000000
0.000000 0.000000 0.300214 0.300212 0.300212 0.300212 0.300211 0.300211 0.300211 0.300211 0.300212 0.300211 0.300212 0.300212 0.300211 0.300212 0.300213 0.300213 0.300213 0.000000 0.000000
0.000000 0.000000 0.300012 0.300013 0.300013 0.300011 0.300012 0.300013 0.300012 0.300012 0.300013 0.300013 0.300012 0.300012 0.300012 0.300012 0.300013 0.300014 0.300014 0.000000 0.000000
0.000000 0.000000 0.299893 0.299892 0.299897 0.299905 0.299900 0.299908 0.299903 0.299906 0.299906 0.299906 0.299906 0.299907 0.299903 0.299898 0.299896 0.299892 0.299893 0.000000 0.000000
0.000000 0.000000 0.297873 0.297874 0.297888 0.297905 0.297932 0.297940 0.297944 0.297946 0.297947 0.297943 0.297942 0.297940 0.297918 0.297911 0.297898 0.297886 0.297875 0.000000 0.000000
0.000000 0.000000 0.291902 0.291907 0.291934 0.291984 0.292022 0.292068 0.292068 0.292082 0.292072 0.292072 0.292063 0.292067 0.292040 0.292008 0.291979 0.291959 0.291946 0.000000 0.000000
0.000000 0.000000 0.283521 0.283535 0.283554 0.283609 0.283679 0.283758 0.283758 0.283767 0.283765 0.283763 0.283765 0.283760 0.283692 0.283634 0.283599 0.283571 0.283555 0.000000 0.000000
0.000000 0.000000 0.273594 0.273604 0.273619 0.273683 0.273747 0.273833 0.273833 0.273846 0.273846 0.273850 0.273854 0.273838 0.273765 0.273710 0.273654 0.273640 0.273613 0.000000 0.000000
0.000000 0.000000 0.262910 0.262934 0.262964 0.263005 0.263079 0.263172 0.263166 0.263186 0.263191 0.263193 0.263190 0.263193 0.263102 0.263031 0.262987 0.262966 0.262943 0.000000 0.000000
0.000000 0.000000 0.251513 0.251538 0.251555 0.251597 0.251702 0.251785 0.251785 0.251795 0.251809 0.251798 0.251786 0.251792 0.251715 0.251630 0.251579 0.251561 0.251546 0.000000 0.000000
0.000000 0.000000 0.239010 0.239025 0.239044 0.239141 0.239210 0.239317 0.239289 0.239350 0.239336 0.239341 0.239360 0.239325 0.239249 0.239200 0.239130 0.239096 0.239049 0.000000 0.000000
0.000000 0.000000 0.224986 0.225031 0.225073 0.225127 0.225218 0.225341 0.225353 0.225363 0.225336 0.225380 0.225360 0.225359 0.225225 0.225154 0.225112 0.225084 0.224972 0.000000 0.000000
0.000000 0.000000 0.209661 0.209707 0.209712 0.209810 0.209880 0.210227 0.210234 0.210250 0.210348 0.210289 0.210274 0.210243 0.209975 0.209911 0.209777 0.209768 0.209714 0.000000 0.000000
0.000000 0.000000 0.191437 0.191450 0.191525 0.191588 0.192040 0.191983 0.192072 0.192072 0.192035 0.192070 0.192077 0.192111 0.192166 0.191692 0.191633 0.191508 0.191425 0.000000 0.000000
0.000000 0.000000 0.169783 0.169832 0.169925 0.170509 0.170425 0.170723 0.170848 0.170878 0.170982 0.171044 0.170977 0.170989 0.170697 0.170756 0.169983 0.170117 0.170111 0.000000 0.000000
0.000000 0.000000 0.146214 0.146256 0.147096 0.146817 0.146899 0.146951 0.146620 0.146720 0.146542 0.146593 0.146735 0.146529 0.146536 0.146479 0.147173 0.145935 0.145954 0.000000 0.000000
0.000000 0.000000 0.117654 0.118925 0.118582 0.119095 0.119729 0.119922 0.120301 0.120212 0.120607 0.120562 0.120332 0.120568 0.120234 0.119767 0.118629 0.119437 0.118115 0.000000 0.000000
0.000000 0.000000 0.108718 0.107543 0.106551 0.106537 0.106460 0.107429 0.107246 0.107535 0.107047 0.107142 0.107223 0.107059 0.106257 0.106316 0.106369 0.107113 0.108272 0.000000 0.000000
0.000000 0.000000 0.300000 0.300000 0.300000 0.300000 0.300000 0.300000 0.300000 0.300000 0.300000 0.300000 0.300000 0.300000 0.300000 0.300000 0.300000 0.300000 0.300000 0.000000 0.000000
0.000000 0.000000 0.000000 0.000000 0.000000 0.000000 0.000000 0.000000 0.000000 0.000000 0.000000 0.000000 0.000000 0.000000 0.000000 0.000000 0.000000 0.000000 0.000000 0.000000 0.000000