geotop/1.0zi/1.0Montebello/Templates/testdem/maps/_Eocclay8345.asc
ncols         21
nrows         20
xllcorner     100.000000
yllcorner     100.000000
cellsize      50.000000
NODATA_value  -9999.0
0.000000 0.000000 0.000000 0.000000 0.000000 0.000000 0.000000 0.000000 0.000000 0.000000 0.000000 0.000000 0.000000 0.000000 0.000000 0.000000 0.000000 0.000000 0.000000 0.000000 0.000000
0.000000 0.000000 0.349619 0.349620 0.349620 0.349619 0.349621 0.349621 0.349621 0.349621 0.349620 0.349621 0.349621 0.349621 0.349621 0.349621 0.349619 0.349619 0.349620 0.000000 0.000000
0.000000 0.000000 0.349984 0.349983 0.349983 0.349985 0.349983 0.349982 0.349983 0.349982 0.349982 0.349982 0.349983 0.349982 0.349983 0.349983 0.349984 0.349983 0.349982 0.000000 0.000000
0.000000 0.000000 0.350004 0.350009 0.350006 0.350004 0.350007 0.350004 0.350006 0.350004 0.350007 0.350004 0.350005 0.350003 0.350005 0.350007 0.350006 0.350009 0.350006 0.000000 0.000000
0.000000 0.000000 0.351016 0.351013 0.351010 0.351006 0.350990 0.350988 0.350984 0.350987 0.350984 0.350985 0.350981 0.350985 0.350995 0.350997 0.351006 0.351009 0.351017 0.000000 0.000000
0.000000 0.000000 0.354004 0.354002 0.353989 0.353960 0.353944 0.353919 0.353921 0.353913 0.353918 0.353916 0.353919 0.353920 0.353932 0.353953 0.353968 0.353983 0.353989 0.000000 0.000000
0.000000 0.000000 0.358058 0.358054 0.358045 0.358021 0.357989 0.357949 0.357947 0.357942 0.357943 0.357944 0.357944 0.357945 0.357979 0.358010 0.358028 0.358041 0.358049 0.000000 0.000000
0.000000 0.000000 0.362875 0.362873 0.362865 0.362834 0.362803 0.362759 0.362758 0.362754 0.362753 0.362750 0.362748 0.362756 0.362793 0.362821 0.362848 0.362858 0.362871 0.000000 0.000000
0.000000 0.000000 0.368011 0.368004 0.367990 0.367970 0.367937 0.367892 0.367894 0.367884 0.367882 0.367879 0.367880 0.367880 0.367923 0.367959 0.367980 0.367991 0.368001 0.000000 0.000000
0.000000 0.000000 0.373481 0.373471 0.373464 0.373444 0.373395 0.373354 0.373353 0.373348 0.373342 0.373345 0.373351 0.373349 0.373386 0.373428 0.373454 0.373464 0.373472 0.000000 0.000000
0.000000 0.000000 0.379475 0.379469 0.379459 0.379418 0.379383 0.379333 0.379342 0.379316 0.379320 0.379319 0.379309 0.379327 0.379362 0.379388 0.379421 0.379440 0.379462 0.000000 0.000000
0.000000 0.000000 0.386161 0.386144 0.386124 0.386097 0.386057 0.385995 0.385990 0.385984 0.385998 0.385976 0.385982 0.385985 0.386049 0.386083 0.386106 0.386119 0.386175 0.000000 0.000000
0.000000 0.000000 0.393437 0.393421 0.393414 0.393374 0.393339 0.393174 0.393171 0.393162 0.393118 0.393142 0.393151 0.393166 0.393291 0.393325 0.393387 0.393396 0.393421 0.000000 0.000000
0.000000 0.000000 0.402035 0.402031 0.401997 0.401969 0.401760 0.401779 0.401735 0.401736 0.401750 0.401737 0.401730 0.401721 0.401699 0.401918 0.401952 0.402010 0.402049 0.000000 0.000000
0.000000 0.000000 0.412235 0.412217 0.412177 0.411908 0.411937 0.411802 0.411741 0.411727 0.411681 0.411650 0.411680 0.411675 0.411806 0.411794 0.412149 0.412096 0.412100 0.000000 0.000000
0.000000 0.000000 0.423447 0.423432 0.423041 0.423157 0.423126 0.423094 0.423241 0.423196 0.423274 0.423247 0.423182 0.423280 0.423283 0.423308 0.423011 0.423581 0.423572 0.000000 0.000000
0.000000 0.000000 0.437380 0.436766 0.436910 0.436676 0.436369 0.436279 0.436103 0.436145 0.435959 0.435976 0.436083 0.435977 0.436132 0.436361 0.436892 0.436539 0.437180 0.000000 0.000000
0.000000 0.000000 0.442111 0.442703 0.443220 0.443232 0.443269 0.442773 0.442860 0.442713 0.442957 0.442909 0.442868 0.442953 0.443364 0.443337 0.443319 0.442927 0.442346 0.000000 0.000000
0.000000 0.000000 0.350000 0.350000 0.350000 0.350000 0.350000 0.350000 0.350000 0.350000 0.350000 0.350000 0.350000 0.350000 0.350000 0.350000 0.350000 0.350000 0.350000 0.000000 0.000000
0.000000 0.000000 0.000000 0.000000 0.000000 0.000000 0.000000 0.000000 0.000000 0.000000 0.000000 0.000000 0.000000 0.000000 0.000000 0.000000 0.000000 0.000000 0.000000 0.000000 0.000000