geotop/1.0zi/1.0Montebello/Templates/testdem/maps/_Eocsand8455.asc
ncols         21
nrows         20
xllcorner     100.000000
yllcorner     100.000000
cellsize      50.000000
NODATA_value  -9999.0
0.000000 0.000000 0.000000 0.000000 0.000000 0.000000 0.000000 0.000000 0.000000 0.000000 0.000000 0.000000 0.000000 0.000000 0.000000 0.000000 0.000000 0.000000 0.000000 0.000000 0.000000
0.000000 0.000000 0.300210 0.300208 0.300208 0.300209 0.300208 0.300207 0.300207 0.300208 0.300208 0.300208 0.300208 0.300208 0.300207 0.300208 0.300209 0.300209 0.300209 0.000000 0.000000
0.000000 0.000000 0.300011 0.300012 0.300012 0.300011 0.300012 0.300012 0.300012 0.300012 0.300012 0.300012 0.300011 0.300012 0.300012 0.300012 0.300012 0.300013 0.300013 0.000000 0.000000
0.000000 0.000000 0.299893 0.299893 0.299897 0.299905 0.299901 0.299909 0.299904 0.299906 0.299906 0.299906 0.299906 0.299908 0.299903 0.299898 0.299896 0.299893 0.299894 0.000000 0.000000
0.000000 0.000000 0.297936 0.297934 0.297943 0.297957 0.297979 0.297989 0.297996 0.297995 0.297999 0.297997 0.298001 0.297994 0.297973 0.297965 0.297953 0.297939 0.297929 0.000000 0.000000
0.000000 0.000000 0.292146 0.292147 0.292169 0.292215 0.292252 0.292300 0.292300 0.292313 0.292304 0.292306 0.292302 0.292301 0.292275 0.292241 0.292213 0.292191 0.292180 0.000000 0.000000
0.000000 0.000000 0.283972 0.283984 0.284000 0.284054 0.284122 0.284200 0.284200 0.284209 0.284208 0.284207 0.284211 0.284204 0.284137 0.284079 0.284045 0.284016 0.284002 0.000000 0.000000
0.000000 0.000000 0.274273 0.274282 0.274294 0.274357 0.274419 0.274505 0.274505 0.274517 0.274518 0.274523 0.274529 0.274512 0.274439 0.274385 0.274330 0.274315 0.274289 0.000000 0.000000
0.000000 0.000000 0.263854 0.263875 0.263902 0.263942 0.264014 0.264106 0.264100 0.264120 0.264125 0.264129 0.264127 0.264129 0.264039 0.263969 0.263926 0.263904 0.263882 0.000000 0.000000
0.000000 0.000000 0.252770 0.252793 0.252807 0.252846 0.252948 0.253031 0.253031 0.253041 0.253055 0.253046 0.253036 0.253040 0.252965 0.252881 0.252831 0.252812 0.252798 0.000000 0.000000
0.000000 0.000000 0.240650 0.240663 0.240678 0.240772 0.240838 0.240943 0.240917 0.240975 0.240964 0.240969 0.240990 0.240954 0.240880 0.240831 0.240763 0.240729 0.240683 0.000000 0.000000
0.000000 0.000000 0.227101 0.227142 0.227180 0.227231 0.227318 0.227439 0.227451 0.227461 0.227435 0.227480 0.227464 0.227460 0.227330 0.227261 0.227220 0.227191 0.227083 0.000000 0.000000
0.000000 0.000000 0.212339 0.212381 0.212383 0.212475 0.212542 0.212876 0.212884 0.212898 0.212992 0.212939 0.212927 0.212895 0.212638 0.212575 0.212447 0.212436 0.212382 0.000000 0.000000
0.000000 0.000000 0.194865 0.194876 0.194942 0.195002 0.195427 0.195384 0.195471 0.195469 0.195439 0.195472 0.195482 0.195511 0.195555 0.195107 0.195047 0.194928 0.194848 0.000000 0.000000
0.000000 0.000000 0.174149 0.174191 0.174276 0.174822 0.174756 0.175034 0.175156 0.175182 0.175281 0.175343 0.175285 0.175294 0.175024 0.175061 0.174337 0.174455 0.174447 0.000000 0.000000
0.000000 0.000000 0.151493 0.151530 0.152315 0.152073 0.152141 0.152202 0.151899 0.151993 0.151832 0.151885 0.152021 0.151824 0.151821 0.151771 0.152391 0.151235 0.151252 0.000000 0.000000
0.000000 0.000000 0.123723 0.124944 0.124639 0.125116 0.125723 0.125909 0.126261 0.126179 0.126554 0.126515 0.126305 0.126520 0.126202 0.125753 0.124690 0.125417 0.124148 0.000000 0.000000
0.000000 0.000000 0.114476 0.113335 0.112342 0.112331 0.112259 0.113216 0.113045 0.113327 0.112856 0.112952 0.113030 0.112870 0.112077 0.112129 0.112164 0.112915 0.114037 0.000000 0.000000
0.000000 0.000000 0.300000 0.300000 0.300000 0.300000 0.300000 0.300000 0.300000 0.300000 0.300000 0.300000 0.300000 0.300000 0.300000 0.300000 0.300000 0.300000 0.300000 0.000000 0.000000
0.000000 0.000000 0.000000 0.000000 0.000000 0.000000 0.000000 0.000000 0.000000 0.000000 0.000000 0.000000 0.000000 0.000000 0.000000 0.000000 0.000000 0.000000 0.000000 0.000000 0.000000