geotop/1.0zi/1.0Montebello/Templates/testdem/maps/_Eocsand6419.asc
ncols         21
nrows         20
xllcorner     100.000000
yllcorner     100.000000
cellsize      50.000000
NODATA_value  -9999.0
0.000000 0.000000 0.000000 0.000000 0.000000 0.000000 0.000000 0.000000 0.000000 0.000000 0.000000 0.000000 0.000000 0.000000 0.000000 0.000000 0.000000 0.000000 0.000000 0.000000 0.000000
0.000000 0.000000 0.300158 0.300156 0.300156 0.300157 0.300156 0.300156 0.300156 0.300156 0.300157 0.300156 0.300156 0.300157 0.300156 0.300156 0.300157 0.300158 0.300157 0.000000 0.000000
0.000000 0.000000 0.300009 0.300010 0.300009 0.300008 0.300009 0.300010 0.300009 0.300009 0.300009 0.300010 0.300009 0.300010 0.300009 0.300010 0.300010 0.300010 0.300011 0.000000 0.000000
0.000000 0.000000 0.299963 0.299962 0.299966 0.299971 0.299969 0.299970 0.299967 0.299970 0.299967 0.299970 0.299969 0.299970 0.299968 0.299963 0.299962 0.299960 0.299960 0.000000 0.000000
0.000000 0.000000 0.298779 0.298773 0.298779 0.298788 0.298805 0.298813 0.298814 0.298815 0.298819 0.298818 0.298821 0.298818 0.298806 0.298803 0.298796 0.298785 0.298774 0.000000 0.000000
0.000000 0.000000 0.295213 0.295209 0.295223 0.295261 0.295281 0.295318 0.295319 0.295328 0.295321 0.295318 0.295313 0.295316 0.295304 0.295281 0.295262 0.295246 0.295235 0.000000 0.000000
0.000000 0.000000 0.289901 0.289904 0.289917 0.289957 0.290004 0.290059 0.290058 0.290066 0.290063 0.290061 0.290064 0.290060 0.290017 0.289972 0.289950 0.289929 0.289914 0.000000 0.000000
0.000000 0.000000 0.283467 0.283467 0.283474 0.283517 0.283563 0.283624 0.283623 0.283629 0.283630 0.283632 0.283635 0.283626 0.283577 0.283534 0.283498 0.283489 0.283466 0.000000 0.000000
0.000000 0.000000 0.276765 0.276773 0.276793 0.276820 0.276866 0.276930 0.276927 0.276940 0.276945 0.276943 0.276943 0.276946 0.276885 0.276837 0.276805 0.276794 0.276774 0.000000 0.000000
0.000000 0.000000 0.269931 0.269942 0.269951 0.269974 0.270039 0.270097 0.270094 0.270102 0.270110 0.270103 0.270094 0.270101 0.270050 0.269994 0.269961 0.269954 0.269939 0.000000 0.000000
0.000000 0.000000 0.262804 0.262810 0.262819 0.262868 0.262912 0.262976 0.262963 0.262995 0.262994 0.262991 0.263000 0.262981 0.262940 0.262905 0.262866 0.262846 0.262816 0.000000 0.000000
0.000000 0.000000 0.255233 0.255245 0.255269 0.255306 0.255348 0.255427 0.255425 0.255441 0.255424 0.255444 0.255440 0.255433 0.255359 0.255324 0.255296 0.255285 0.255210 0.000000 0.000000
0.000000 0.000000 0.247366 0.247383 0.247393 0.247434 0.247473 0.247639 0.247641 0.247654 0.247691 0.247671 0.247659 0.247645 0.247521 0.247486 0.247423 0.247418 0.247367 0.000000 0.000000
0.000000 0.000000 0.238700 0.238709 0.238736 0.238767 0.238936 0.238971 0.239009 0.239010 0.239020 0.239015 0.239018 0.239023 0.239004 0.238829 0.238779 0.238736 0.238682 0.000000 0.000000
0.000000 0.000000 0.229011 0.229019 0.229060 0.229248 0.229294 0.229394 0.229457 0.229468 0.229501 0.229524 0.229499 0.229511 0.229428 0.229359 0.229100 0.229124 0.229092 0.000000 0.000000
0.000000 0.000000 0.218626 0.218637 0.218890 0.218915 0.218929 0.218987 0.218928 0.218959 0.218931 0.218958 0.218989 0.218932 0.218894 0.218874 0.218923 0.218599 0.218593 0.000000 0.000000
0.000000 0.000000 0.206439 0.206792 0.206875 0.206982 0.207158 0.207232 0.207274 0.207271 0.207356 0.207359 0.207320 0.207344 0.207249 0.207115 0.206900 0.206880 0.206511 0.000000 0.000000
0.000000 0.000000 0.198190 0.198099 0.197770 0.197845 0.197944 0.198273 0.198274 0.198351 0.198282 0.198303 0.198288 0.198272 0.197970 0.197896 0.197715 0.198045 0.198113 0.000000 0.000000
0.000000 0.000000 0.300000 0.300000 0.300000 0.300000 0.300000 0.300000 0.300000 0.300000 0.300000 0.300000 0.300000 0.300000 0.300000 0.300000 0.300000 0.300000 0.300000 0.000000 0.000000
0.000000 0.000000 0.000000 0.000000 0.000000 0.000000 0.000000 0.000000 0.000000 0.000000 0.000000 0.000000 0.000000 0.000000 0.000000 0.000000 0.000000 0.000000 0.000000 0.000000 0.000000