geotop/1.0zi/1.0Montebello/Templates/testdem/maps/_Eocsilt0592.asc
ncols         21
nrows         20
xllcorner     100.000000
yllcorner     100.000000
cellsize      50.000000
NODATA_value  -9999.0
0.000000 0.000000 0.000000 0.000000 0.000000 0.000000 0.000000 0.000000 0.000000 0.000000 0.000000 0.000000 0.000000 0.000000 0.000000 0.000000 0.000000 0.000000 0.000000 0.000000 0.000000
0.000000 0.000000 0.350011 0.350011 0.350011 0.350011 0.350011 0.350011 0.350011 0.350011 0.350011 0.350011 0.350011 0.350011 0.350011 0.350011 0.350011 0.350011 0.350011 0.000000 0.000000
0.000000 0.000000 0.349998 0.349997 0.349997 0.349997 0.349998 0.349998 0.349998 0.349998 0.349998 0.349998 0.349998 0.349998 0.349998 0.349997 0.349997 0.349997 0.349998 0.000000 0.000000
0.000000 0.000000 0.350283 0.350283 0.350281 0.350283 0.350283 0.350283 0.350283 0.350283 0.350283 0.350283 0.350283 0.350283 0.350283 0.350283 0.350281 0.350283 0.350283 0.000000 0.000000
0.000000 0.000000 0.351178 0.351179 0.351176 0.351178 0.351179 0.351179 0.351179 0.351179 0.351179 0.351179 0.351179 0.351179 0.351179 0.351178 0.351176 0.351179 0.351178 0.000000 0.000000
0.000000 0.000000 0.352178 0.352178 0.352177 0.352178 0.352179 0.352179 0.352179 0.352179 0.352179 0.352179 0.352179 0.352179 0.352179 0.352178 0.352177 0.352178 0.352178 0.000000 0.000000
0.000000 0.000000 0.353097 0.353097 0.353096 0.353097 0.353097 0.353097 0.353097 0.353097 0.353097 0.353097 0.353097 0.353097 0.353097 0.353097 0.353096 0.353097 0.353097 0.000000 0.000000
0.000000 0.000000 0.353951 0.353951 0.353950 0.353951 0.353951 0.353951 0.353951 0.353951 0.353951 0.353951 0.353951 0.353951 0.353951 0.353951 0.353950 0.353951 0.353951 0.000000 0.000000
0.000000 0.000000 0.354759 0.354759 0.354758 0.354759 0.354759 0.354760 0.354760 0.354759 0.354759 0.354759 0.354760 0.354760 0.354759 0.354759 0.354758 0.354759 0.354759 0.000000 0.000000
0.000000 0.000000 0.355540 0.355540 0.355538 0.355540 0.355540 0.355540 0.355540 0.355540 0.355540 0.355540 0.355540 0.355540 0.355540 0.355540 0.355538 0.355540 0.355540 0.000000 0.000000
0.000000 0.000000 0.356300 0.356300 0.356298 0.356300 0.356300 0.356300 0.356300 0.356300 0.356300 0.356300 0.356300 0.356300 0.356300 0.356300 0.356298 0.356300 0.356300 0.000000 0.000000
0.000000 0.000000 0.357045 0.357045 0.357044 0.357045 0.357046 0.357046 0.357046 0.357046 0.357046 0.357046 0.357046 0.357046 0.357046 0.357045 0.357044 0.357045 0.357045 0.000000 0.000000
0.000000 0.000000 0.357779 0.357779 0.357778 0.357779 0.357779 0.357779 0.357779 0.357779 0.357779 0.357779 0.357779 0.357779 0.357779 0.357779 0.357778 0.357779 0.357779 0.000000 0.000000
0.000000 0.000000 0.358502 0.358502 0.358501 0.358502 0.358502 0.358502 0.358502 0.358502 0.358502 0.358502 0.358502 0.358502 0.358502 0.358502 0.358501 0.358502 0.358502 0.000000 0.000000
0.000000 0.000000 0.359219 0.359219 0.359218 0.359219 0.359219 0.359219 0.359219 0.359219 0.359219 0.359219 0.359219 0.359219 0.359219 0.359219 0.359218 0.359219 0.359219 0.000000 0.000000
0.000000 0.000000 0.359933 0.359933 0.359932 0.359933 0.359933 0.359933 0.359933 0.359933 0.359933 0.359933 0.359933 0.359933 0.359933 0.359933 0.359932 0.359933 0.359933 0.000000 0.000000
0.000000 0.000000 0.360640 0.360640 0.360639 0.360640 0.360640 0.360640 0.360640 0.360640 0.360640 0.360640 0.360640 0.360640 0.360640 0.360640 0.360639 0.360640 0.360640 0.000000 0.000000
0.000000 0.000000 0.361355 0.361355 0.361354 0.361355 0.361355 0.361355 0.361355 0.361355 0.361355 0.361355 0.361355 0.361355 0.361355 0.361355 0.361354 0.361355 0.361355 0.000000 0.000000
0.000000 0.000000 0.350000 0.350000 0.350000 0.350000 0.350000 0.350000 0.350000 0.350000 0.350000 0.350000 0.350000 0.350000 0.350000 0.350000 0.350000 0.350000 0.350000 0.000000 0.000000
0.000000 0.000000 0.000000 0.000000 0.000000 0.000000 0.000000 0.000000 0.000000 0.000000 0.000000 0.000000 0.000000 0.000000 0.000000 0.000000 0.000000 0.000000 0.000000 0.000000 0.000000