geotop/1.0zi/1.0Montebello/Templates/testdem/maps/_Eocsilt7045.asc
ncols         21
nrows         20
xllcorner     100.000000
yllcorner     100.000000
cellsize      50.000000
NODATA_value  -9999.0
0.000000 0.000000 0.000000 0.000000 0.000000 0.000000 0.000000 0.000000 0.000000 0.000000 0.000000 0.000000 0.000000 0.000000 0.000000 0.000000 0.000000 0.000000 0.000000 0.000000 0.000000
0.000000 0.000000 0.350142 0.350143 0.350143 0.350143 0.350143 0.350143 0.350143 0.350143 0.350143 0.350143 0.350143 0.350143 0.350142 0.350143 0.350143 0.350143 0.350142 0.000000 0.000000
0.000000 0.000000 0.350003 0.350003 0.350003 0.350003 0.350003 0.350003 0.350003 0.350003 0.350003 0.350003 0.350004 0.350004 0.350003 0.350003 0.350001 0.350001 0.350003 0.000000 0.000000
0.000000 0.000000 0.350060 0.350056 0.350055 0.350049 0.350050 0.350047 0.350050 0.350050 0.350048 0.350050 0.350049 0.350049 0.350051 0.350054 0.350057 0.350058 0.350058 0.000000 0.000000
0.000000 0.000000 0.350744 0.350750 0.350746 0.350738 0.350733 0.350726 0.350724 0.350722 0.350723 0.350723 0.350724 0.350726 0.350736 0.350740 0.350739 0.350747 0.350752 0.000000 0.000000
0.000000 0.000000 0.352810 0.352812 0.352802 0.352789 0.352772 0.352752 0.352753 0.352747 0.352751 0.352752 0.352752 0.352751 0.352761 0.352771 0.352780 0.352786 0.352793 0.000000 0.000000
0.000000 0.000000 0.355871 0.355868 0.355858 0.355836 0.355808 0.355779 0.355781 0.355777 0.355779 0.355777 0.355773 0.355779 0.355802 0.355825 0.355839 0.355852 0.355860 0.000000 0.000000
0.000000 0.000000 0.359546 0.359545 0.359540 0.359517 0.359490 0.359458 0.359459 0.359455 0.359454 0.359452 0.359450 0.359455 0.359482 0.359506 0.359527 0.359532 0.359544 0.000000 0.000000
0.000000 0.000000 0.363440 0.363433 0.363420 0.363405 0.363378 0.363341 0.363344 0.363335 0.363334 0.363332 0.363333 0.363332 0.363367 0.363396 0.363412 0.363420 0.363431 0.000000 0.000000
0.000000 0.000000 0.367445 0.367438 0.367431 0.367417 0.367379 0.367347 0.367349 0.367344 0.367339 0.367342 0.367346 0.367343 0.367372 0.367405 0.367423 0.367428 0.367436 0.000000 0.000000
0.000000 0.000000 0.371657 0.371652 0.371645 0.371615 0.371589 0.371552 0.371561 0.371541 0.371543 0.371543 0.371536 0.371549 0.371573 0.371594 0.371616 0.371628 0.371646 0.000000 0.000000
0.000000 0.000000 0.376197 0.376185 0.376171 0.376151 0.376124 0.376078 0.376079 0.376070 0.376081 0.376067 0.376069 0.376074 0.376117 0.376139 0.376155 0.376163 0.376206 0.000000 0.000000
0.000000 0.000000 0.380973 0.380961 0.380954 0.380929 0.380905 0.380802 0.380802 0.380794 0.380770 0.380781 0.380787 0.380797 0.380874 0.380897 0.380934 0.380938 0.380965 0.000000 0.000000
0.000000 0.000000 0.386340 0.386334 0.386315 0.386296 0.386183 0.386171 0.386148 0.386146 0.386147 0.386143 0.386141 0.386138 0.386141 0.386258 0.386284 0.386315 0.386345 0.000000 0.000000
0.000000 0.000000 0.392449 0.392440 0.392413 0.392283 0.392265 0.392200 0.392163 0.392155 0.392134 0.392115 0.392130 0.392125 0.392185 0.392214 0.392388 0.392370 0.392384 0.000000 0.000000
0.000000 0.000000 0.399078 0.399067 0.398886 0.398893 0.398883 0.398845 0.398900 0.398876 0.398902 0.398883 0.398858 0.398902 0.398923 0.398935 0.398863 0.399104 0.399106 0.000000 0.000000
0.000000 0.000000 0.407071 0.406800 0.406779 0.406695 0.406558 0.406513 0.406469 0.406475 0.406407 0.406407 0.406440 0.406415 0.406481 0.406583 0.406762 0.406721 0.407001 0.000000 0.000000
0.000000 0.000000 0.411804 0.411948 0.412200 0.412165 0.412119 0.411876 0.411888 0.411827 0.411900 0.411880 0.411881 0.411902 0.412118 0.412150 0.412241 0.412003 0.411872 0.000000 0.000000
0.000000 0.000000 0.350000 0.350000 0.350000 0.350000 0.350000 0.350000 0.350000 0.350000 0.350000 0.350000 0.350000 0.350000 0.350000 0.350000 0.350000 0.350000 0.350000 0.000000 0.000000
0.000000 0.000000 0.000000 0.000000 0.000000 0.000000 0.000000 0.000000 0.000000 0.000000 0.000000 0.000000 0.000000 0.000000 0.000000 0.000000 0.000000 0.000000 0.000000 0.000000 0.000000