geotop/1.0zi/1.0Montebello/Templates/testdem/maps/_Eocclay133{.asc
ncols         21
nrows         20
xllcorner     100.000000
yllcorner     100.000000
cellsize      50.000000
NODATA_value  -9999.0
0.000000 0.000000 0.000000 0.000000 0.000000 0.000000 0.000000 0.000000 0.000000 0.000000 0.000000 0.000000 0.000000 0.000000 0.000000 0.000000 0.000000 0.000000 0.000000 0.000000 0.000000
0.000000 0.000000 0.349458 0.349461 0.349461 0.349459 0.349461 0.349462 0.349461 0.349462 0.349460 0.349461 0.349461 0.349461 0.349461 0.349461 0.349459 0.349460 0.349460 0.000000 0.000000
0.000000 0.000000 0.349976 0.349975 0.349974 0.349977 0.349974 0.349973 0.349974 0.349974 0.349974 0.349974 0.349974 0.349974 0.349975 0.349975 0.349976 0.349975 0.349974 0.000000 0.000000
0.000000 0.000000 0.350125 0.350137 0.350131 0.350128 0.350132 0.350132 0.350132 0.350130 0.350130 0.350128 0.350128 0.350130 0.350130 0.350134 0.350134 0.350133 0.350132 0.000000 0.000000
0.000000 0.000000 0.352203 0.352189 0.352183 0.352169 0.352146 0.352139 0.352136 0.352137 0.352133 0.352139 0.352139 0.352138 0.352148 0.352155 0.352167 0.352177 0.352186 0.000000 0.000000
0.000000 0.000000 0.357292 0.357287 0.357260 0.357216 0.357180 0.357145 0.357148 0.357142 0.357136 0.357137 0.357144 0.357141 0.357158 0.357196 0.357214 0.357232 0.357238 0.000000 0.000000
0.000000 0.000000 0.364079 0.364068 0.364047 0.364003 0.363957 0.363883 0.363878 0.363872 0.363863 0.363866 0.363865 0.363865 0.363921 0.363964 0.363988 0.364009 0.364016 0.000000 0.000000
0.000000 0.000000 0.372306 0.372292 0.372268 0.372205 0.372153 0.372083 0.372076 0.372069 0.372057 0.372057 0.372052 0.372063 0.372113 0.372160 0.372201 0.372215 0.372230 0.000000 0.000000
0.000000 0.000000 0.381702 0.381681 0.381645 0.381596 0.381534 0.381447 0.381445 0.381432 0.381417 0.381415 0.381416 0.381410 0.381485 0.381544 0.381577 0.381596 0.381609 0.000000 0.000000
0.000000 0.000000 0.392682 0.392645 0.392611 0.392558 0.392483 0.392390 0.392377 0.392370 0.392346 0.392354 0.392367 0.392361 0.392420 0.392501 0.392544 0.392566 0.392570 0.000000 0.000000
0.000000 0.000000 0.405996 0.405961 0.405931 0.405795 0.405767 0.405630 0.405651 0.405586 0.405590 0.405579 0.405552 0.405589 0.405661 0.405711 0.405777 0.405805 0.405861 0.000000 0.000000
0.000000 0.000000 0.422424 0.422346 0.422250 0.422203 0.422134 0.421955 0.421924 0.421940 0.421945 0.421891 0.421920 0.421899 0.422048 0.422145 0.422172 0.422201 0.422310 0.000000 0.000000
0.000000 0.000000 0.440723 0.440657 0.440652 0.440510 0.440427 0.439939 0.439907 0.439877 0.439675 0.439818 0.439810 0.439856 0.440198 0.440265 0.440452 0.440477 0.440447 0.000000 0.000000
0.000000 0.000000 0.460029 0.460021 0.459873 0.459822 0.459287 0.459610 0.459483 0.459490 0.459609 0.459493 0.459477 0.459400 0.459129 0.459734 0.459706 0.459848 0.459920 0.000000 0.000000
0.000000 0.000000 0.473512 0.473479 0.473421 0.473082 0.473223 0.473008 0.472961 0.472939 0.472854 0.472834 0.472871 0.472873 0.473062 0.472915 0.473357 0.473256 0.473234 0.000000 0.000000
0.000000 0.000000 0.482114 0.482091 0.481894 0.481879 0.481888 0.481831 0.481893 0.481865 0.481882 0.481866 0.481843 0.481884 0.481913 0.481903 0.481838 0.482078 0.482066 0.000000 0.000000
0.000000 0.000000 0.488873 0.488720 0.488712 0.488599 0.488551 0.488486 0.488449 0.488451 0.488398 0.488397 0.488422 0.488403 0.488467 0.488496 0.488671 0.488610 0.488748 0.000000 0.000000
0.000000 0.000000 0.492260 0.492386 0.492405 0.492406 0.492434 0.492316 0.492365 0.492326 0.492385 0.492369 0.492348 0.492383 0.492467 0.492440 0.492390 0.492416 0.492278 0.000000 0.000000
0.000000 0.000000 0.350000 0.350000 0.350000 0.350000 0.350000 0.350000 0.350000 0.350000 0.350000 0.350000 0.350000 0.350000 0.350000 0.350000 0.350000 0.350000 0.350000 0.000000 0.000000
0.000000 0.000000 0.000000 0.000000 0.000000 0.000000 0.000000 0.000000 0.000000 0.000000 0.000000 0.000000 0.000000 0.000000 0.000000 0.000000 0.000000 0.000000 0.000000 0.000000 0.000000