geotop/1.0zi/1.0Montebello/Templates/testdem/maps/_Eocclay8657.asc
ncols         21
nrows         20
xllcorner     100.000000
yllcorner     100.000000
cellsize      50.000000
NODATA_value  -9999.0
0.000000 0.000000 0.000000 0.000000 0.000000 0.000000 0.000000 0.000000 0.000000 0.000000 0.000000 0.000000 0.000000 0.000000 0.000000 0.000000 0.000000 0.000000 0.000000 0.000000 0.000000
0.000000 0.000000 0.349600 0.349602 0.349602 0.349601 0.349602 0.349603 0.349602 0.349603 0.349601 0.349603 0.349603 0.349602 0.349603 0.349602 0.349600 0.349601 0.349601 0.000000 0.000000
0.000000 0.000000 0.349983 0.349982 0.349982 0.349984 0.349981 0.349981 0.349981 0.349981 0.349981 0.349981 0.349981 0.349981 0.349982 0.349982 0.349983 0.349982 0.349981 0.000000 0.000000
0.000000 0.000000 0.350005 0.350010 0.350008 0.350003 0.350006 0.350006 0.350007 0.350005 0.350008 0.350006 0.350006 0.350004 0.350007 0.350008 0.350007 0.350010 0.350007 0.000000 0.000000
0.000000 0.000000 0.351085 0.351078 0.351075 0.351069 0.351052 0.351050 0.351047 0.351049 0.351047 0.351048 0.351046 0.351049 0.351058 0.351060 0.351070 0.351073 0.351082 0.000000 0.000000
0.000000 0.000000 0.354259 0.354256 0.354238 0.354205 0.354187 0.354164 0.354166 0.354159 0.354164 0.354163 0.354169 0.354168 0.354180 0.354201 0.354217 0.354230 0.354237 0.000000 0.000000
0.000000 0.000000 0.358576 0.358568 0.358559 0.358531 0.358496 0.358455 0.358454 0.358449 0.358450 0.358452 0.358453 0.358453 0.358490 0.358521 0.358538 0.358551 0.358560 0.000000 0.000000
0.000000 0.000000 0.363693 0.363687 0.363678 0.363643 0.363610 0.363566 0.363565 0.363560 0.363560 0.363558 0.363555 0.363565 0.363603 0.363631 0.363659 0.363668 0.363682 0.000000 0.000000
0.000000 0.000000 0.369186 0.369174 0.369158 0.369136 0.369098 0.369053 0.369056 0.369046 0.369044 0.369042 0.369044 0.369043 0.369089 0.369126 0.369148 0.369158 0.369169 0.000000 0.000000
0.000000 0.000000 0.375083 0.375068 0.375059 0.375036 0.374981 0.374940 0.374940 0.374936 0.374929 0.374934 0.374941 0.374938 0.374977 0.375022 0.375048 0.375058 0.375066 0.000000 0.000000
0.000000 0.000000 0.381601 0.381592 0.381581 0.381529 0.381493 0.381440 0.381454 0.381423 0.381430 0.381427 0.381418 0.381436 0.381475 0.381501 0.381538 0.381556 0.381581 0.000000 0.000000
0.000000 0.000000 0.388943 0.388919 0.388895 0.388865 0.388817 0.388757 0.388749 0.388745 0.388760 0.388736 0.388747 0.388747 0.388817 0.388855 0.388877 0.388891 0.388950 0.000000 0.000000
0.000000 0.000000 0.397009 0.396985 0.396981 0.396926 0.396889 0.396708 0.396704 0.396697 0.396644 0.396676 0.396684 0.396701 0.396843 0.396877 0.396949 0.396953 0.396981 0.000000 0.000000
0.000000 0.000000 0.406670 0.406663 0.406621 0.406584 0.406339 0.406380 0.406331 0.406333 0.406355 0.406334 0.406330 0.406312 0.406278 0.406536 0.406566 0.406633 0.406678 0.000000 0.000000
0.000000 0.000000 0.418207 0.418178 0.418127 0.417805 0.417858 0.417698 0.417632 0.417616 0.417559 0.417526 0.417563 0.417557 0.417719 0.417679 0.418101 0.418025 0.418028 0.000000 0.000000
0.000000 0.000000 0.430750 0.430727 0.430265 0.430426 0.430377 0.430360 0.430544 0.430491 0.430592 0.430565 0.430486 0.430599 0.430589 0.430624 0.430228 0.430910 0.430901 0.000000 0.000000
0.000000 0.000000 0.445913 0.445221 0.445424 0.445133 0.444787 0.444688 0.444474 0.444525 0.444307 0.444332 0.444461 0.444328 0.444512 0.444767 0.445404 0.444937 0.445657 0.000000 0.000000
0.000000 0.000000 0.450252 0.450902 0.451429 0.451439 0.451488 0.450971 0.451075 0.450919 0.451189 0.451136 0.451090 0.451182 0.451610 0.451574 0.451530 0.451142 0.450499 0.000000 0.000000
0.000000 0.000000 0.350000 0.350000 0.350000 0.350000 0.350000 0.350000 0.350000 0.350000 0.350000 0.350000 0.350000 0.350000 0.350000 0.350000 0.350000 0.350000 0.350000 0.000000 0.000000
0.000000 0.000000 0.000000 0.000000 0.000000 0.000000 0.000000 0.000000 0.000000 0.000000 0.000000 0.000000 0.000000 0.000000 0.000000 0.000000 0.000000 0.000000 0.000000 0.000000 0.000000