geotop/1.0zi/1.0Montebello/Templates/testdem/maps/_Eocsilt3545.asc
ncols         21
nrows         20
xllcorner     100.000000
yllcorner     100.000000
cellsize      50.000000
NODATA_value  -9999.0
0.000000 0.000000 0.000000 0.000000 0.000000 0.000000 0.000000 0.000000 0.000000 0.000000 0.000000 0.000000 0.000000 0.000000 0.000000 0.000000 0.000000 0.000000 0.000000 0.000000 0.000000
0.000000 0.000000 0.350094 0.350094 0.350094 0.350094 0.350094 0.350094 0.350094 0.350094 0.350094 0.350094 0.350094 0.350094 0.350094 0.350094 0.350094 0.350094 0.350094 0.000000 0.000000
0.000000 0.000000 0.349994 0.349993 0.349994 0.349994 0.349994 0.349994 0.349994 0.349994 0.349994 0.349994 0.349994 0.349994 0.349994 0.349994 0.349994 0.349993 0.349994 0.000000 0.000000
0.000000 0.000000 0.351378 0.351377 0.351375 0.351376 0.351378 0.351378 0.351378 0.351378 0.351378 0.351378 0.351378 0.351378 0.351378 0.351376 0.351375 0.351377 0.351378 0.000000 0.000000
0.000000 0.000000 0.356332 0.356332 0.356330 0.356330 0.356332 0.356331 0.356331 0.356332 0.356333 0.356332 0.356331 0.356331 0.356332 0.356330 0.356330 0.356332 0.356332 0.000000 0.000000
0.000000 0.000000 0.362442 0.362441 0.362439 0.362439 0.362442 0.362441 0.362441 0.362442 0.362442 0.362442 0.362441 0.362441 0.362442 0.362439 0.362439 0.362441 0.362442 0.000000 0.000000
0.000000 0.000000 0.367970 0.367969 0.367968 0.367968 0.367970 0.367969 0.367969 0.367970 0.367970 0.367970 0.367969 0.367969 0.367970 0.367968 0.367968 0.367969 0.367970 0.000000 0.000000
0.000000 0.000000 0.372960 0.372960 0.372959 0.372959 0.372961 0.372960 0.372960 0.372960 0.372961 0.372960 0.372960 0.372960 0.372961 0.372959 0.372959 0.372960 0.372960 0.000000 0.000000
0.000000 0.000000 0.377559 0.377559 0.377557 0.377558 0.377559 0.377558 0.377558 0.377559 0.377559 0.377559 0.377558 0.377558 0.377559 0.377558 0.377557 0.377559 0.377559 0.000000 0.000000
0.000000 0.000000 0.381875 0.381874 0.381873 0.381874 0.381875 0.381874 0.381874 0.381875 0.381875 0.381875 0.381874 0.381874 0.381875 0.381874 0.381873 0.381874 0.381875 0.000000 0.000000
0.000000 0.000000 0.385965 0.385964 0.385963 0.385964 0.385965 0.385964 0.385964 0.385965 0.385965 0.385965 0.385964 0.385964 0.385965 0.385964 0.385963 0.385964 0.385965 0.000000 0.000000
0.000000 0.000000 0.389869 0.389869 0.389867 0.389868 0.389869 0.389868 0.389868 0.389869 0.389869 0.389869 0.389868 0.389868 0.389869 0.389868 0.389867 0.389869 0.389869 0.000000 0.000000
0.000000 0.000000 0.393617 0.393617 0.393615 0.393616 0.393617 0.393616 0.393616 0.393617 0.393617 0.393617 0.393616 0.393616 0.393617 0.393616 0.393615 0.393617 0.393617 0.000000 0.000000
0.000000 0.000000 0.397237 0.397237 0.397235 0.397236 0.397237 0.397236 0.397236 0.397237 0.397237 0.397237 0.397236 0.397236 0.397237 0.397236 0.397235 0.397237 0.397237 0.000000 0.000000
0.000000 0.000000 0.400740 0.400740 0.400739 0.400739 0.400740 0.400740 0.400740 0.400740 0.400740 0.400740 0.400740 0.400740 0.400740 0.400739 0.400739 0.400740 0.400740 0.000000 0.000000
0.000000 0.000000 0.404131 0.404131 0.404130 0.404130 0.404131 0.404131 0.404131 0.404131 0.404131 0.404131 0.404131 0.404131 0.404131 0.404130 0.404130 0.404131 0.404131 0.000000 0.000000
0.000000 0.000000 0.407423 0.407423 0.407422 0.407422 0.407423 0.407423 0.407423 0.407423 0.407424 0.407423 0.407423 0.407423 0.407423 0.407422 0.407422 0.407423 0.407423 0.000000 0.000000
0.000000 0.000000 0.410665 0.410666 0.410665 0.410665 0.410666 0.410665 0.410665 0.410666 0.410666 0.410666 0.410665 0.410665 0.410666 0.410665 0.410665 0.410666 0.410666 0.000000 0.000000
0.000000 0.000000 0.350000 0.350000 0.350000 0.350000 0.350000 0.350000 0.350000 0.350000 0.350000 0.350000 0.350000 0.350000 0.350000 0.350000 0.350000 0.350000 0.350000 0.000000 0.000000
0.000000 0.000000 0.000000 0.000000 0.000000 0.000000 0.000000 0.000000 0.000000 0.000000 0.000000 0.000000 0.000000 0.000000 0.000000 0.000000 0.000000 0.000000 0.000000 0.000000 0.000000