geotop/1.0zi/1.0Montebello/Templates/testdem/maps/_Eocsand1173.asc
ncols         21
nrows         20
xllcorner     100.000000
yllcorner     100.000000
cellsize      50.000000
NODATA_value  -9999.0
0.000000 0.000000 0.000000 0.000000 0.000000 0.000000 0.000000 0.000000 0.000000 0.000000 0.000000 0.000000 0.000000 0.000000 0.000000 0.000000 0.000000 0.000000 0.000000 0.000000 0.000000
0.000000 0.000000 0.300039 0.300039 0.300039 0.300039 0.300039 0.300039 0.300039 0.300039 0.300039 0.300039 0.300039 0.300039 0.300039 0.300039 0.300039 0.300039 0.300039 0.000000 0.000000
0.000000 0.000000 0.300004 0.300004 0.300005 0.300004 0.300004 0.300004 0.300004 0.300004 0.300004 0.300004 0.300004 0.300004 0.300004 0.300004 0.300005 0.300004 0.300004 0.000000 0.000000
0.000000 0.000000 0.299081 0.299082 0.299086 0.299084 0.299081 0.299081 0.299081 0.299081 0.299081 0.299081 0.299081 0.299081 0.299081 0.299084 0.299086 0.299082 0.299081 0.000000 0.000000
0.000000 0.000000 0.295718 0.295719 0.295724 0.295724 0.295717 0.295719 0.295719 0.295717 0.295717 0.295717 0.295719 0.295719 0.295717 0.295724 0.295724 0.295719 0.295718 0.000000 0.000000
0.000000 0.000000 0.291743 0.291744 0.291747 0.291747 0.291742 0.291743 0.291743 0.291742 0.291742 0.291742 0.291743 0.291743 0.291742 0.291747 0.291747 0.291744 0.291743 0.000000 0.000000
0.000000 0.000000 0.288017 0.288018 0.288021 0.288021 0.288017 0.288017 0.288018 0.288017 0.288017 0.288017 0.288018 0.288017 0.288017 0.288021 0.288021 0.288018 0.288017 0.000000 0.000000
0.000000 0.000000 0.284586 0.284587 0.284590 0.284589 0.284586 0.284586 0.284586 0.284586 0.284586 0.284586 0.284586 0.284586 0.284586 0.284589 0.284590 0.284587 0.284586 0.000000 0.000000
0.000000 0.000000 0.281369 0.281370 0.281373 0.281372 0.281369 0.281370 0.281370 0.281369 0.281369 0.281369 0.281370 0.281370 0.281369 0.281372 0.281373 0.281370 0.281369 0.000000 0.000000
0.000000 0.000000 0.278286 0.278286 0.278289 0.278288 0.278286 0.278286 0.278286 0.278285 0.278285 0.278285 0.278286 0.278286 0.278286 0.278288 0.278289 0.278286 0.278286 0.000000 0.000000
0.000000 0.000000 0.275304 0.275304 0.275307 0.275306 0.275304 0.275304 0.275304 0.275303 0.275303 0.275303 0.275304 0.275304 0.275304 0.275306 0.275307 0.275304 0.275304 0.000000 0.000000
0.000000 0.000000 0.272391 0.272391 0.272394 0.272393 0.272391 0.272391 0.272391 0.272391 0.272391 0.272391 0.272391 0.272391 0.272391 0.272393 0.272394 0.272391 0.272391 0.000000 0.000000
0.000000 0.000000 0.269527 0.269527 0.269530 0.269529 0.269527 0.269527 0.269527 0.269526 0.269527 0.269526 0.269527 0.269527 0.269527 0.269529 0.269530 0.269527 0.269527 0.000000 0.000000
0.000000 0.000000 0.266714 0.266714 0.266717 0.266716 0.266714 0.266714 0.266714 0.266713 0.266713 0.266713 0.266714 0.266714 0.266714 0.266716 0.266717 0.266714 0.266714 0.000000 0.000000
0.000000 0.000000 0.263932 0.263933 0.263935 0.263935 0.263932 0.263932 0.263932 0.263932 0.263932 0.263932 0.263932 0.263932 0.263932 0.263935 0.263935 0.263933 0.263932 0.000000 0.000000
0.000000 0.000000 0.261171 0.261172 0.261175 0.261174 0.261171 0.261172 0.261172 0.261171 0.261171 0.261171 0.261172 0.261172 0.261171 0.261174 0.261175 0.261172 0.261171 0.000000 0.000000
0.000000 0.000000 0.258441 0.258441 0.258444 0.258443 0.258441 0.258441 0.258441 0.258440 0.258441 0.258440 0.258441 0.258441 0.258441 0.258443 0.258444 0.258441 0.258441 0.000000 0.000000
0.000000 0.000000 0.255666 0.255666 0.255669 0.255668 0.255665 0.255666 0.255666 0.255665 0.255665 0.255665 0.255666 0.255666 0.255665 0.255668 0.255669 0.255666 0.255665 0.000000 0.000000
0.000000 0.000000 0.300000 0.300000 0.300000 0.300000 0.300000 0.300000 0.300000 0.300000 0.300000 0.300000 0.300000 0.300000 0.300000 0.300000 0.300000 0.300000 0.300000 0.000000 0.000000
0.000000 0.000000 0.000000 0.000000 0.000000 0.000000 0.000000 0.000000 0.000000 0.000000 0.000000 0.000000 0.000000 0.000000 0.000000 0.000000 0.000000 0.000000 0.000000 0.000000 0.000000