geotop/1.0zi/1.0Montebello/Templates/testdem/maps/_Eocclay6903.asc
ncols         21
nrows         20
xllcorner     100.000000
yllcorner     100.000000
cellsize      50.000000
NODATA_value  -9999.0
0.000000 0.000000 0.000000 0.000000 0.000000 0.000000 0.000000 0.000000 0.000000 0.000000 0.000000 0.000000 0.000000 0.000000 0.000000 0.000000 0.000000 0.000000 0.000000 0.000000 0.000000
0.000000 0.000000 0.349692 0.349693 0.349693 0.349692 0.349694 0.349694 0.349693 0.349693 0.349692 0.349693 0.349693 0.349693 0.349694 0.349693 0.349691 0.349692 0.349693 0.000000 0.000000
0.000000 0.000000 0.349988 0.349987 0.349988 0.349988 0.349987 0.349987 0.349987 0.349987 0.349987 0.349986 0.349987 0.349986 0.349987 0.349987 0.349988 0.349988 0.349986 0.000000 0.000000
0.000000 0.000000 0.349977 0.349982 0.349979 0.349979 0.349980 0.349980 0.349982 0.349978 0.349983 0.349981 0.349981 0.349980 0.349979 0.349981 0.349979 0.349981 0.349980 0.000000 0.000000
0.000000 0.000000 0.350677 0.350675 0.350672 0.350670 0.350657 0.350655 0.350654 0.350656 0.350654 0.350655 0.350651 0.350653 0.350661 0.350662 0.350666 0.350667 0.350675 0.000000 0.000000
0.000000 0.000000 0.352787 0.352786 0.352777 0.352752 0.352743 0.352722 0.352724 0.352718 0.352722 0.352722 0.352724 0.352724 0.352731 0.352748 0.352759 0.352771 0.352778 0.000000 0.000000
0.000000 0.000000 0.355833 0.355830 0.355823 0.355804 0.355779 0.355747 0.355747 0.355742 0.355744 0.355745 0.355745 0.355745 0.355771 0.355796 0.355808 0.355818 0.355827 0.000000 0.000000
0.000000 0.000000 0.359472 0.359471 0.359464 0.359440 0.359415 0.359381 0.359382 0.359378 0.359378 0.359377 0.359375 0.359381 0.359408 0.359430 0.359450 0.359457 0.359469 0.000000 0.000000
0.000000 0.000000 0.363247 0.363243 0.363231 0.363217 0.363192 0.363158 0.363160 0.363152 0.363150 0.363150 0.363150 0.363149 0.363181 0.363210 0.363225 0.363231 0.363241 0.000000 0.000000
0.000000 0.000000 0.367146 0.367138 0.367133 0.367119 0.367083 0.367052 0.367053 0.367049 0.367044 0.367048 0.367053 0.367049 0.367077 0.367109 0.367127 0.367132 0.367140 0.000000 0.000000
0.000000 0.000000 0.371274 0.371269 0.371263 0.371235 0.371210 0.371174 0.371182 0.371163 0.371165 0.371166 0.371160 0.371172 0.371194 0.371215 0.371237 0.371248 0.371266 0.000000 0.000000
0.000000 0.000000 0.375705 0.375694 0.375681 0.375661 0.375636 0.375593 0.375593 0.375584 0.375595 0.375582 0.375585 0.375588 0.375629 0.375651 0.375667 0.375674 0.375716 0.000000 0.000000
0.000000 0.000000 0.380362 0.380350 0.380344 0.380320 0.380298 0.380199 0.380198 0.380190 0.380168 0.380180 0.380187 0.380195 0.380269 0.380292 0.380328 0.380331 0.380358 0.000000 0.000000
0.000000 0.000000 0.385578 0.385573 0.385555 0.385537 0.385430 0.385416 0.385393 0.385392 0.385392 0.385391 0.385389 0.385385 0.385389 0.385503 0.385529 0.385557 0.385587 0.000000 0.000000
0.000000 0.000000 0.391498 0.391489 0.391464 0.391340 0.391321 0.391261 0.391222 0.391215 0.391195 0.391181 0.391195 0.391188 0.391243 0.391275 0.391443 0.391424 0.391439 0.000000 0.000000
0.000000 0.000000 0.397914 0.397905 0.397733 0.397733 0.397726 0.397693 0.397743 0.397720 0.397745 0.397727 0.397705 0.397745 0.397761 0.397773 0.397715 0.397941 0.397943 0.000000 0.000000
0.000000 0.000000 0.405638 0.405383 0.405355 0.405279 0.405153 0.405108 0.405068 0.405074 0.405012 0.405012 0.405044 0.405019 0.405083 0.405179 0.405342 0.405315 0.405578 0.000000 0.000000
0.000000 0.000000 0.410369 0.410487 0.410731 0.410692 0.410647 0.410417 0.410424 0.410367 0.410433 0.410416 0.410420 0.410436 0.410642 0.410679 0.410773 0.410539 0.410434 0.000000 0.000000
0.000000 0.000000 0.350000 0.350000 0.350000 0.350000 0.350000 0.350000 0.350000 0.350000 0.350000 0.350000 0.350000 0.350000 0.350000 0.350000 0.350000 0.350000 0.350000 0.000000 0.000000
0.000000 0.000000 0.000000 0.000000 0.000000 0.000000 0.000000 0.000000 0.000000 0.000000 0.000000 0.000000 0.000000 0.000000 0.000000 0.000000 0.000000 0.000000 0.000000 0.000000 0.000000