geotop/1.0zi/1.0Montebello/Templates/testdem/maps/_Eocclay0605.asc
ncols         21
nrows         20
xllcorner     100.000000
yllcorner     100.000000
cellsize      50.000000
NODATA_value  -9999.0
0.000000 0.000000 0.000000 0.000000 0.000000 0.000000 0.000000 0.000000 0.000000 0.000000 0.000000 0.000000 0.000000 0.000000 0.000000 0.000000 0.000000 0.000000 0.000000 0.000000 0.000000
0.000000 0.000000 0.349967 0.349967 0.349967 0.349967 0.349967 0.349967 0.349967 0.349967 0.349967 0.349967 0.349967 0.349967 0.349967 0.349967 0.349967 0.349967 0.349967 0.000000 0.000000
0.000000 0.000000 0.349997 0.349997 0.349996 0.349997 0.349997 0.349997 0.349997 0.349997 0.349997 0.349997 0.349997 0.349997 0.349997 0.349997 0.349996 0.349997 0.349997 0.000000 0.000000
0.000000 0.000000 0.350281 0.350281 0.350279 0.350281 0.350281 0.350281 0.350281 0.350281 0.350281 0.350281 0.350281 0.350281 0.350281 0.350281 0.350279 0.350281 0.350281 0.000000 0.000000
0.000000 0.000000 0.351239 0.351239 0.351237 0.351239 0.351239 0.351240 0.351240 0.351239 0.351239 0.351239 0.351240 0.351240 0.351239 0.351239 0.351237 0.351239 0.351239 0.000000 0.000000
0.000000 0.000000 0.352230 0.352230 0.352228 0.352229 0.352230 0.352230 0.352230 0.352230 0.352230 0.352230 0.352230 0.352230 0.352230 0.352229 0.352228 0.352230 0.352230 0.000000 0.000000
0.000000 0.000000 0.353175 0.353175 0.353173 0.353175 0.353175 0.353175 0.353175 0.353175 0.353175 0.353175 0.353175 0.353175 0.353175 0.353175 0.353173 0.353175 0.353175 0.000000 0.000000
0.000000 0.000000 0.354057 0.354057 0.354056 0.354057 0.354057 0.354057 0.354057 0.354057 0.354057 0.354057 0.354057 0.354057 0.354057 0.354057 0.354056 0.354057 0.354057 0.000000 0.000000
0.000000 0.000000 0.354893 0.354893 0.354891 0.354893 0.354893 0.354893 0.354893 0.354893 0.354893 0.354893 0.354893 0.354893 0.354893 0.354893 0.354891 0.354893 0.354893 0.000000 0.000000
0.000000 0.000000 0.355700 0.355700 0.355698 0.355699 0.355700 0.355700 0.355700 0.355700 0.355700 0.355700 0.355700 0.355700 0.355700 0.355699 0.355698 0.355700 0.355700 0.000000 0.000000
0.000000 0.000000 0.356485 0.356485 0.356484 0.356485 0.356486 0.356486 0.356486 0.356486 0.356486 0.356486 0.356486 0.356486 0.356486 0.356485 0.356484 0.356485 0.356485 0.000000 0.000000
0.000000 0.000000 0.357257 0.357257 0.357256 0.357257 0.357257 0.357257 0.357257 0.357257 0.357257 0.357257 0.357257 0.357257 0.357257 0.357257 0.357256 0.357257 0.357257 0.000000 0.000000
0.000000 0.000000 0.358016 0.358016 0.358014 0.358016 0.358016 0.358016 0.358016 0.358016 0.358016 0.358016 0.358016 0.358016 0.358016 0.358016 0.358014 0.358016 0.358016 0.000000 0.000000
0.000000 0.000000 0.358764 0.358764 0.358763 0.358764 0.358764 0.358764 0.358764 0.358764 0.358764 0.358764 0.358764 0.358764 0.358764 0.358764 0.358763 0.358764 0.358764 0.000000 0.000000
0.000000 0.000000 0.359506 0.359506 0.359505 0.359506 0.359506 0.359506 0.359506 0.359506 0.359506 0.359506 0.359506 0.359506 0.359506 0.359506 0.359505 0.359506 0.359506 0.000000 0.000000
0.000000 0.000000 0.360245 0.360245 0.360244 0.360245 0.360245 0.360245 0.360245 0.360245 0.360245 0.360245 0.360245 0.360245 0.360245 0.360245 0.360244 0.360245 0.360245 0.000000 0.000000
0.000000 0.000000 0.360977 0.360977 0.360976 0.360977 0.360977 0.360978 0.360978 0.360978 0.360977 0.360978 0.360978 0.360978 0.360977 0.360977 0.360976 0.360977 0.360977 0.000000 0.000000
0.000000 0.000000 0.361716 0.361717 0.361715 0.361717 0.361717 0.361717 0.361717 0.361717 0.361717 0.361717 0.361717 0.361717 0.361717 0.361717 0.361715 0.361717 0.361717 0.000000 0.000000
0.000000 0.000000 0.350000 0.350000 0.350000 0.350000 0.350000 0.350000 0.350000 0.350000 0.350000 0.350000 0.350000 0.350000 0.350000 0.350000 0.350000 0.350000 0.350000 0.000000 0.000000
0.000000 0.000000 0.000000 0.000000 0.000000 0.000000 0.000000 0.000000 0.000000 0.000000 0.000000 0.000000 0.000000 0.000000 0.000000 0.000000 0.000000 0.000000 0.000000 0.000000 0.000000