geotop/1.0zi/1.0Montebello/Templates/testdem/maps/_Eocclay8142.asc
ncols         21
nrows         20
xllcorner     100.000000
yllcorner     100.000000
cellsize      50.000000
NODATA_value  -9999.0
0.000000 0.000000 0.000000 0.000000 0.000000 0.000000 0.000000 0.000000 0.000000 0.000000 0.000000 0.000000 0.000000 0.000000 0.000000 0.000000 0.000000 0.000000 0.000000 0.000000 0.000000
0.000000 0.000000 0.349623 0.349625 0.349625 0.349624 0.349625 0.349625 0.349625 0.349625 0.349624 0.349626 0.349625 0.349625 0.349626 0.349625 0.349623 0.349624 0.349624 0.000000 0.000000
0.000000 0.000000 0.349984 0.349983 0.349983 0.349985 0.349983 0.349983 0.349983 0.349983 0.349982 0.349982 0.349983 0.349982 0.349983 0.349984 0.349984 0.349984 0.349982 0.000000 0.000000
0.000000 0.000000 0.350004 0.350008 0.350006 0.350003 0.350007 0.350004 0.350006 0.350003 0.350006 0.350004 0.350004 0.350003 0.350005 0.350006 0.350005 0.350009 0.350006 0.000000 0.000000
0.000000 0.000000 0.351009 0.351006 0.351002 0.350997 0.350982 0.350979 0.350977 0.350980 0.350976 0.350976 0.350972 0.350976 0.350986 0.350988 0.350997 0.351000 0.351007 0.000000 0.000000
0.000000 0.000000 0.353906 0.353905 0.353892 0.353863 0.353848 0.353823 0.353824 0.353817 0.353821 0.353819 0.353822 0.353824 0.353835 0.353855 0.353871 0.353885 0.353891 0.000000 0.000000
0.000000 0.000000 0.357864 0.357861 0.357851 0.357827 0.357795 0.357756 0.357755 0.357749 0.357750 0.357751 0.357751 0.357752 0.357786 0.357816 0.357833 0.357846 0.357855 0.000000 0.000000
0.000000 0.000000 0.362557 0.362555 0.362546 0.362515 0.362484 0.362442 0.362441 0.362436 0.362436 0.362433 0.362431 0.362439 0.362475 0.362502 0.362528 0.362538 0.362551 0.000000 0.000000
0.000000 0.000000 0.367537 0.367530 0.367515 0.367496 0.367463 0.367420 0.367422 0.367412 0.367410 0.367407 0.367408 0.367407 0.367450 0.367485 0.367506 0.367516 0.367526 0.000000 0.000000
0.000000 0.000000 0.372824 0.372814 0.372806 0.372786 0.372738 0.372698 0.372698 0.372693 0.372686 0.372689 0.372696 0.372693 0.372730 0.372770 0.372795 0.372804 0.372812 0.000000 0.000000
0.000000 0.000000 0.378592 0.378586 0.378576 0.378535 0.378501 0.378453 0.378463 0.378437 0.378440 0.378439 0.378430 0.378447 0.378481 0.378506 0.378538 0.378556 0.378577 0.000000 0.000000
0.000000 0.000000 0.384999 0.384982 0.384961 0.384935 0.384896 0.384837 0.384833 0.384826 0.384839 0.384818 0.384824 0.384827 0.384889 0.384920 0.384943 0.384955 0.385009 0.000000 0.000000
0.000000 0.000000 0.391941 0.391925 0.391916 0.391878 0.391843 0.391687 0.391685 0.391676 0.391635 0.391656 0.391665 0.391680 0.391798 0.391830 0.391890 0.391897 0.391923 0.000000 0.000000
0.000000 0.000000 0.400094 0.400089 0.400055 0.400028 0.399832 0.399846 0.399806 0.399806 0.399818 0.399806 0.399801 0.399792 0.399775 0.399978 0.400011 0.400065 0.400104 0.000000 0.000000
0.000000 0.000000 0.409728 0.409710 0.409669 0.409421 0.409440 0.409316 0.409259 0.409245 0.409204 0.409174 0.409202 0.409196 0.409317 0.409312 0.409641 0.409592 0.409599 0.000000 0.000000
0.000000 0.000000 0.420328 0.420313 0.419950 0.420046 0.420019 0.419984 0.420119 0.420076 0.420146 0.420120 0.420061 0.420151 0.420159 0.420179 0.419919 0.420440 0.420433 0.000000 0.000000
0.000000 0.000000 0.433568 0.432993 0.433108 0.432895 0.432607 0.432523 0.432368 0.432404 0.432233 0.432248 0.432345 0.432250 0.432395 0.432607 0.433088 0.432782 0.433381 0.000000 0.000000
0.000000 0.000000 0.438430 0.438973 0.439469 0.439473 0.439498 0.439024 0.439102 0.438963 0.439188 0.439143 0.439108 0.439185 0.439580 0.439561 0.439561 0.439173 0.438642 0.000000 0.000000
0.000000 0.000000 0.350000 0.350000 0.350000 0.350000 0.350000 0.350000 0.350000 0.350000 0.350000 0.350000 0.350000 0.350000 0.350000 0.350000 0.350000 0.350000 0.350000 0.000000 0.000000
0.000000 0.000000 0.000000 0.000000 0.000000 0.000000 0.000000 0.000000 0.000000 0.000000 0.000000 0.000000 0.000000 0.000000 0.000000 0.000000 0.000000 0.000000 0.000000 0.000000 0.000000