geotop/1.0zi/1.0Montebello/Templates/testdem/maps/_Eocsilt4327.asc
ncols         21
nrows         20
xllcorner     100.000000
yllcorner     100.000000
cellsize      50.000000
NODATA_value  -9999.0
0.000000 0.000000 0.000000 0.000000 0.000000 0.000000 0.000000 0.000000 0.000000 0.000000 0.000000 0.000000 0.000000 0.000000 0.000000 0.000000 0.000000 0.000000 0.000000 0.000000 0.000000
0.000000 0.000000 0.350088 0.350088 0.350088 0.350088 0.350088 0.350088 0.350088 0.350088 0.350088 0.350088 0.350088 0.350089 0.350088 0.350088 0.350089 0.350088 0.350088 0.000000 0.000000
0.000000 0.000000 0.350002 0.350002 0.350002 0.350003 0.350003 0.350003 0.350003 0.350003 0.350003 0.350003 0.350003 0.350003 0.350003 0.350002 0.350001 0.350001 0.350001 0.000000 0.000000
0.000000 0.000000 0.350032 0.350031 0.350031 0.350027 0.350028 0.350025 0.350027 0.350028 0.350027 0.350027 0.350027 0.350026 0.350028 0.350031 0.350031 0.350033 0.350032 0.000000 0.000000
0.000000 0.000000 0.350380 0.350380 0.350378 0.350379 0.350378 0.350376 0.350374 0.350371 0.350370 0.350373 0.350373 0.350373 0.350375 0.350374 0.350373 0.350378 0.350380 0.000000 0.000000
0.000000 0.000000 0.351483 0.351485 0.351481 0.351476 0.351472 0.351460 0.351459 0.351454 0.351458 0.351460 0.351462 0.351458 0.351460 0.351465 0.351469 0.351469 0.351471 0.000000 0.000000
0.000000 0.000000 0.353188 0.353186 0.353181 0.353167 0.353154 0.353140 0.353142 0.353139 0.353143 0.353141 0.353137 0.353137 0.353147 0.353161 0.353165 0.353170 0.353177 0.000000 0.000000
0.000000 0.000000 0.355178 0.355174 0.355168 0.355154 0.355139 0.355124 0.355126 0.355123 0.355123 0.355123 0.355120 0.355118 0.355134 0.355149 0.355160 0.355161 0.355167 0.000000 0.000000
0.000000 0.000000 0.357202 0.357196 0.357187 0.357176 0.357163 0.357142 0.357144 0.357140 0.357140 0.357141 0.357138 0.357138 0.357153 0.357170 0.357178 0.357182 0.357190 0.000000 0.000000
0.000000 0.000000 0.359213 0.359207 0.359201 0.359189 0.359173 0.359156 0.359159 0.359156 0.359156 0.359157 0.359153 0.359150 0.359167 0.359185 0.359191 0.359195 0.359201 0.000000 0.000000
0.000000 0.000000 0.361236 0.361231 0.361224 0.361214 0.361203 0.361182 0.361185 0.361180 0.361180 0.361181 0.361177 0.361176 0.361189 0.361202 0.361211 0.361215 0.361222 0.000000 0.000000
0.000000 0.000000 0.363325 0.363319 0.363311 0.363297 0.363284 0.363264 0.363264 0.363261 0.363261 0.363261 0.363259 0.363256 0.363275 0.363291 0.363299 0.363302 0.363325 0.000000 0.000000
0.000000 0.000000 0.365439 0.365432 0.365423 0.365413 0.365397 0.365355 0.365356 0.365352 0.365352 0.365352 0.365348 0.365347 0.365383 0.365401 0.365409 0.365413 0.365427 0.000000 0.000000
0.000000 0.000000 0.367669 0.367659 0.367652 0.367640 0.367598 0.367586 0.367580 0.367577 0.367577 0.367578 0.367573 0.367571 0.367583 0.367626 0.367635 0.367644 0.367653 0.000000 0.000000
0.000000 0.000000 0.370067 0.370058 0.370042 0.370003 0.369982 0.369956 0.369943 0.369938 0.369932 0.369932 0.369932 0.369925 0.369945 0.369975 0.370022 0.370021 0.370028 0.000000 0.000000
0.000000 0.000000 0.372537 0.372528 0.372478 0.372467 0.372455 0.372441 0.372440 0.372438 0.372440 0.372439 0.372431 0.372437 0.372443 0.372457 0.372459 0.372508 0.372521 0.000000 0.000000
0.000000 0.000000 0.375272 0.375209 0.375164 0.375145 0.375115 0.375098 0.375095 0.375092 0.375086 0.375086 0.375084 0.375078 0.375088 0.375125 0.375148 0.375174 0.375235 0.000000 0.000000
0.000000 0.000000 0.377420 0.377401 0.377432 0.377406 0.377379 0.377322 0.377317 0.377311 0.377313 0.377313 0.377307 0.377309 0.377358 0.377390 0.377426 0.377376 0.377404 0.000000 0.000000
0.000000 0.000000 0.350000 0.350000 0.350000 0.350000 0.350000 0.350000 0.350000 0.350000 0.350000 0.350000 0.350000 0.350000 0.350000 0.350000 0.350000 0.350000 0.350000 0.000000 0.000000
0.000000 0.000000 0.000000 0.000000 0.000000 0.000000 0.000000 0.000000 0.000000 0.000000 0.000000 0.000000 0.000000 0.000000 0.000000 0.000000 0.000000 0.000000 0.000000 0.000000 0.000000