geotop/1.0zi/1.0Montebello/Templates/testdem/maps/_Eocsand8743.asc
ncols         21
nrows         20
xllcorner     100.000000
yllcorner     100.000000
cellsize      50.000000
NODATA_value  -9999.0
0.000000 0.000000 0.000000 0.000000 0.000000 0.000000 0.000000 0.000000 0.000000 0.000000 0.000000 0.000000 0.000000 0.000000 0.000000 0.000000 0.000000 0.000000 0.000000 0.000000 0.000000
0.000000 0.000000 0.300221 0.300219 0.300219 0.300219 0.300218 0.300218 0.300218 0.300218 0.300219 0.300218 0.300218 0.300219 0.300218 0.300218 0.300220 0.300220 0.300220 0.000000 0.000000
0.000000 0.000000 0.300012 0.300014 0.300013 0.300012 0.300013 0.300013 0.300013 0.300013 0.300013 0.300013 0.300012 0.300013 0.300013 0.300013 0.300014 0.300014 0.300015 0.000000 0.000000
0.000000 0.000000 0.299856 0.299856 0.299862 0.299871 0.299870 0.299873 0.299868 0.299870 0.299870 0.299869 0.299869 0.299872 0.299865 0.299860 0.299857 0.299856 0.299855 0.000000 0.000000
0.000000 0.000000 0.297620 0.297622 0.297637 0.297657 0.297684 0.297689 0.297694 0.297694 0.297695 0.297691 0.297689 0.297688 0.297667 0.297659 0.297645 0.297635 0.297622 0.000000 0.000000
0.000000 0.000000 0.291298 0.291304 0.291332 0.291386 0.291426 0.291469 0.291470 0.291482 0.291472 0.291472 0.291462 0.291466 0.291440 0.291405 0.291375 0.291355 0.291341 0.000000 0.000000
0.000000 0.000000 0.282536 0.282551 0.282572 0.282631 0.282704 0.282781 0.282781 0.282789 0.282787 0.282785 0.282787 0.282782 0.282711 0.282651 0.282614 0.282587 0.282570 0.000000 0.000000
0.000000 0.000000 0.272167 0.272178 0.272196 0.272264 0.272331 0.272417 0.272416 0.272428 0.272428 0.272432 0.272436 0.272420 0.272344 0.272286 0.272228 0.272215 0.272186 0.000000 0.000000
0.000000 0.000000 0.260963 0.260988 0.261021 0.261067 0.261145 0.261236 0.261229 0.261249 0.261253 0.261256 0.261252 0.261256 0.261161 0.261087 0.261041 0.261020 0.260996 0.000000 0.000000
0.000000 0.000000 0.248940 0.248967 0.248987 0.249033 0.249144 0.249226 0.249225 0.249234 0.249248 0.249237 0.249224 0.249230 0.249150 0.249061 0.249007 0.248989 0.248972 0.000000 0.000000
0.000000 0.000000 0.235663 0.235680 0.235702 0.235809 0.235882 0.235987 0.235957 0.236020 0.236005 0.236011 0.236031 0.235994 0.235914 0.235862 0.235788 0.235753 0.235702 0.000000 0.000000
0.000000 0.000000 0.220664 0.220714 0.220762 0.220821 0.220920 0.221042 0.221057 0.221063 0.221033 0.221081 0.221058 0.221059 0.220916 0.220839 0.220794 0.220767 0.220646 0.000000 0.000000
0.000000 0.000000 0.204173 0.204223 0.204230 0.204341 0.204417 0.204788 0.204795 0.204810 0.204919 0.204852 0.204835 0.204801 0.204510 0.204441 0.204293 0.204286 0.204231 0.000000 0.000000
0.000000 0.000000 0.184381 0.184395 0.184482 0.184554 0.185063 0.184967 0.185067 0.185062 0.185012 0.185057 0.185065 0.185106 0.185184 0.184649 0.184591 0.184454 0.184362 0.000000 0.000000
0.000000 0.000000 0.160821 0.160879 0.160981 0.161651 0.161523 0.161859 0.161991 0.162023 0.162143 0.162210 0.162133 0.162144 0.161803 0.161906 0.161029 0.161194 0.161191 0.000000 0.000000
0.000000 0.000000 0.135580 0.135625 0.136566 0.136212 0.136321 0.136342 0.135960 0.136066 0.135854 0.135906 0.136069 0.135839 0.135872 0.135793 0.136638 0.135237 0.135254 0.000000 0.000000
0.000000 0.000000 0.106051 0.107377 0.106963 0.107533 0.108197 0.108389 0.108812 0.108709 0.109135 0.109085 0.108831 0.109095 0.108737 0.108247 0.106997 0.107934 0.106548 0.000000 0.000000
0.000000 0.000000 0.097691 0.096537 0.095577 0.095572 0.095498 0.096442 0.096257 0.096541 0.096056 0.096150 0.096231 0.096067 0.095282 0.095338 0.095392 0.096110 0.097248 0.000000 0.000000
0.000000 0.000000 0.300000 0.300000 0.300000 0.300000 0.300000 0.300000 0.300000 0.300000 0.300000 0.300000 0.300000 0.300000 0.300000 0.300000 0.300000 0.300000 0.300000 0.000000 0.000000
0.000000 0.000000 0.000000 0.000000 0.000000 0.000000 0.000000 0.000000 0.000000 0.000000 0.000000 0.000000 0.000000 0.000000 0.000000 0.000000 0.000000 0.000000 0.000000 0.000000 0.000000