geotop/1.0zi/1.0Montebello/Templates/testdem/maps/_Eocsilt1622.asc
ncols         21
nrows         20
xllcorner     100.000000
yllcorner     100.000000
cellsize      50.000000
NODATA_value  -9999.0
0.000000 0.000000 0.000000 0.000000 0.000000 0.000000 0.000000 0.000000 0.000000 0.000000 0.000000 0.000000 0.000000 0.000000 0.000000 0.000000 0.000000 0.000000 0.000000 0.000000 0.000000
0.000000 0.000000 0.350036 0.350036 0.350036 0.350036 0.350036 0.350036 0.350036 0.350036 0.350036 0.350036 0.350036 0.350036 0.350036 0.350036 0.350036 0.350036 0.350036 0.000000 0.000000
0.000000 0.000000 0.349998 0.349998 0.349998 0.349999 0.349998 0.349998 0.349998 0.349998 0.349998 0.349998 0.349998 0.349998 0.349998 0.349999 0.349998 0.349998 0.349998 0.000000 0.000000
0.000000 0.000000 0.350651 0.350650 0.350648 0.350649 0.350651 0.350651 0.350651 0.350651 0.350651 0.350651 0.350651 0.350651 0.350651 0.350649 0.350648 0.350650 0.350651 0.000000 0.000000
0.000000 0.000000 0.352924 0.352924 0.352922 0.352922 0.352925 0.352924 0.352924 0.352925 0.352925 0.352925 0.352924 0.352924 0.352925 0.352922 0.352922 0.352924 0.352924 0.000000 0.000000
0.000000 0.000000 0.355734 0.355734 0.355732 0.355733 0.355735 0.355735 0.355735 0.355735 0.355735 0.355735 0.355735 0.355735 0.355735 0.355733 0.355732 0.355734 0.355734 0.000000 0.000000
0.000000 0.000000 0.358309 0.358308 0.358307 0.358307 0.358309 0.358309 0.358309 0.358309 0.358309 0.358309 0.358309 0.358309 0.358309 0.358307 0.358307 0.358308 0.358309 0.000000 0.000000
0.000000 0.000000 0.360668 0.360668 0.360666 0.360667 0.360668 0.360668 0.360668 0.360668 0.360668 0.360668 0.360668 0.360668 0.360668 0.360667 0.360666 0.360668 0.360668 0.000000 0.000000
0.000000 0.000000 0.362875 0.362875 0.362873 0.362874 0.362876 0.362875 0.362875 0.362876 0.362875 0.362876 0.362875 0.362875 0.362876 0.362874 0.362873 0.362875 0.362875 0.000000 0.000000
0.000000 0.000000 0.364986 0.364985 0.364984 0.364985 0.364986 0.364986 0.364986 0.364986 0.364986 0.364986 0.364986 0.364986 0.364986 0.364985 0.364984 0.364985 0.364986 0.000000 0.000000
0.000000 0.000000 0.367022 0.367022 0.367021 0.367021 0.367023 0.367022 0.367022 0.367022 0.367022 0.367022 0.367022 0.367022 0.367023 0.367021 0.367021 0.367022 0.367022 0.000000 0.000000
0.000000 0.000000 0.369004 0.369004 0.369003 0.369003 0.369005 0.369004 0.369004 0.369005 0.369004 0.369005 0.369004 0.369004 0.369005 0.369003 0.369003 0.369004 0.369004 0.000000 0.000000
0.000000 0.000000 0.370946 0.370946 0.370945 0.370945 0.370947 0.370946 0.370946 0.370947 0.370947 0.370947 0.370946 0.370946 0.370947 0.370945 0.370945 0.370946 0.370946 0.000000 0.000000
0.000000 0.000000 0.372849 0.372848 0.372847 0.372848 0.372849 0.372849 0.372849 0.372849 0.372849 0.372849 0.372849 0.372849 0.372849 0.372848 0.372847 0.372848 0.372849 0.000000 0.000000
0.000000 0.000000 0.374720 0.374720 0.374719 0.374719 0.374721 0.374720 0.374720 0.374721 0.374721 0.374721 0.374720 0.374720 0.374721 0.374719 0.374719 0.374720 0.374720 0.000000 0.000000
0.000000 0.000000 0.376569 0.376568 0.376567 0.376568 0.376569 0.376569 0.376569 0.376569 0.376569 0.376569 0.376569 0.376569 0.376569 0.376568 0.376567 0.376568 0.376569 0.000000 0.000000
0.000000 0.000000 0.378394 0.378394 0.378392 0.378393 0.378394 0.378394 0.378394 0.378394 0.378394 0.378394 0.378394 0.378394 0.378394 0.378393 0.378392 0.378394 0.378394 0.000000 0.000000
0.000000 0.000000 0.380237 0.380237 0.380235 0.380236 0.380237 0.380237 0.380237 0.380237 0.380237 0.380237 0.380237 0.380237 0.380237 0.380236 0.380235 0.380237 0.380237 0.000000 0.000000
0.000000 0.000000 0.350000 0.350000 0.350000 0.350000 0.350000 0.350000 0.350000 0.350000 0.350000 0.350000 0.350000 0.350000 0.350000 0.350000 0.350000 0.350000 0.350000 0.000000 0.000000
0.000000 0.000000 0.000000 0.000000 0.000000 0.000000 0.000000 0.000000 0.000000 0.000000 0.000000 0.000000 0.000000 0.000000 0.000000 0.000000 0.000000 0.000000 0.000000 0.000000 0.000000