geotop/1.0zi/1.0Montebello/Templates/testdem/maps/_Eocsilt0726.asc
ncols         21
nrows         20
xllcorner     100.000000
yllcorner     100.000000
cellsize      50.000000
NODATA_value  -9999.0
0.000000 0.000000 0.000000 0.000000 0.000000 0.000000 0.000000 0.000000 0.000000 0.000000 0.000000 0.000000 0.000000 0.000000 0.000000 0.000000 0.000000 0.000000 0.000000 0.000000 0.000000
0.000000 0.000000 0.350014 0.350014 0.350013 0.350013 0.350014 0.350013 0.350013 0.350014 0.350014 0.350014 0.350013 0.350013 0.350014 0.350013 0.350013 0.350014 0.350014 0.000000 0.000000
0.000000 0.000000 0.350000 0.350000 0.350000 0.350000 0.350000 0.350000 0.350000 0.350000 0.350000 0.350000 0.350000 0.350000 0.350000 0.350000 0.350000 0.350000 0.350000 0.000000 0.000000
0.000000 0.000000 0.350328 0.350328 0.350325 0.350327 0.350329 0.350328 0.350328 0.350329 0.350329 0.350329 0.350328 0.350328 0.350329 0.350327 0.350325 0.350328 0.350328 0.000000 0.000000
0.000000 0.000000 0.351420 0.351419 0.351417 0.351417 0.351420 0.351420 0.351420 0.351420 0.351420 0.351420 0.351420 0.351420 0.351420 0.351417 0.351417 0.351419 0.351420 0.000000 0.000000
0.000000 0.000000 0.352694 0.352693 0.352691 0.352691 0.352694 0.352694 0.352693 0.352694 0.352694 0.352694 0.352693 0.352694 0.352694 0.352691 0.352691 0.352693 0.352694 0.000000 0.000000
0.000000 0.000000 0.353859 0.353858 0.353857 0.353857 0.353859 0.353859 0.353859 0.353859 0.353859 0.353859 0.353859 0.353859 0.353859 0.353857 0.353857 0.353858 0.353859 0.000000 0.000000
0.000000 0.000000 0.354935 0.354934 0.354933 0.354933 0.354935 0.354935 0.354935 0.354935 0.354935 0.354935 0.354935 0.354935 0.354935 0.354933 0.354933 0.354934 0.354935 0.000000 0.000000
0.000000 0.000000 0.355949 0.355948 0.355947 0.355947 0.355949 0.355948 0.355948 0.355949 0.355948 0.355949 0.355948 0.355948 0.355949 0.355947 0.355947 0.355948 0.355949 0.000000 0.000000
0.000000 0.000000 0.356923 0.356923 0.356922 0.356922 0.356923 0.356923 0.356923 0.356923 0.356923 0.356923 0.356923 0.356923 0.356923 0.356922 0.356922 0.356923 0.356923 0.000000 0.000000
0.000000 0.000000 0.357868 0.357868 0.357867 0.357867 0.357868 0.357868 0.357868 0.357868 0.357868 0.357868 0.357868 0.357868 0.357868 0.357867 0.357867 0.357868 0.357868 0.000000 0.000000
0.000000 0.000000 0.358793 0.358793 0.358792 0.358792 0.358794 0.358793 0.358793 0.358794 0.358793 0.358794 0.358793 0.358793 0.358794 0.358792 0.358792 0.358793 0.358793 0.000000 0.000000
0.000000 0.000000 0.359702 0.359701 0.359700 0.359700 0.359702 0.359702 0.359702 0.359702 0.359702 0.359702 0.359702 0.359702 0.359702 0.359700 0.359700 0.359701 0.359702 0.000000 0.000000
0.000000 0.000000 0.360596 0.360595 0.360594 0.360594 0.360596 0.360596 0.360596 0.360596 0.360596 0.360596 0.360596 0.360596 0.360596 0.360594 0.360594 0.360595 0.360596 0.000000 0.000000
0.000000 0.000000 0.361481 0.361480 0.361479 0.361479 0.361481 0.361481 0.361481 0.361481 0.361481 0.361481 0.361481 0.361481 0.361481 0.361479 0.361479 0.361480 0.361481 0.000000 0.000000
0.000000 0.000000 0.362359 0.362359 0.362358 0.362358 0.362359 0.362359 0.362359 0.362359 0.362359 0.362359 0.362359 0.362359 0.362359 0.362358 0.362358 0.362359 0.362359 0.000000 0.000000
0.000000 0.000000 0.363229 0.363229 0.363227 0.363228 0.363229 0.363229 0.363229 0.363229 0.363229 0.363229 0.363229 0.363229 0.363229 0.363228 0.363227 0.363229 0.363229 0.000000 0.000000
0.000000 0.000000 0.364114 0.364114 0.364113 0.364113 0.364114 0.364114 0.364114 0.364114 0.364114 0.364114 0.364114 0.364114 0.364114 0.364113 0.364113 0.364114 0.364114 0.000000 0.000000
0.000000 0.000000 0.350000 0.350000 0.350000 0.350000 0.350000 0.350000 0.350000 0.350000 0.350000 0.350000 0.350000 0.350000 0.350000 0.350000 0.350000 0.350000 0.350000 0.000000 0.000000
0.000000 0.000000 0.000000 0.000000 0.000000 0.000000 0.000000 0.000000 0.000000 0.000000 0.000000 0.000000 0.000000 0.000000 0.000000 0.000000 0.000000 0.000000 0.000000 0.000000 0.000000