geotop/1.0zi/1.0Montebello/Templates/testdem/maps/_Eocsand7335.asc
ncols         21
nrows         20
xllcorner     100.000000
yllcorner     100.000000
cellsize      50.000000
NODATA_value  -9999.0
0.000000 0.000000 0.000000 0.000000 0.000000 0.000000 0.000000 0.000000 0.000000 0.000000 0.000000 0.000000 0.000000 0.000000 0.000000 0.000000 0.000000 0.000000 0.000000 0.000000 0.000000
0.000000 0.000000 0.300187 0.300184 0.300184 0.300185 0.300184 0.300184 0.300184 0.300184 0.300185 0.300184 0.300184 0.300184 0.300184 0.300184 0.300186 0.300185 0.300185 0.000000 0.000000
0.000000 0.000000 0.300010 0.300011 0.300010 0.300009 0.300010 0.300011 0.300010 0.300010 0.300010 0.300011 0.300009 0.300010 0.300010 0.300010 0.300011 0.300011 0.300012 0.000000 0.000000
0.000000 0.000000 0.299922 0.299921 0.299926 0.299933 0.299929 0.299934 0.299929 0.299931 0.299932 0.299931 0.299932 0.299933 0.299931 0.299926 0.299924 0.299921 0.299921 0.000000 0.000000
0.000000 0.000000 0.298275 0.298272 0.298280 0.298296 0.298316 0.298324 0.298330 0.298328 0.298332 0.298331 0.298334 0.298328 0.298307 0.298302 0.298292 0.298281 0.298272 0.000000 0.000000
0.000000 0.000000 0.293570 0.293570 0.293590 0.293631 0.293661 0.293704 0.293704 0.293715 0.293709 0.293708 0.293706 0.293705 0.293684 0.293655 0.293630 0.293608 0.293598 0.000000 0.000000
0.000000 0.000000 0.286887 0.286894 0.286912 0.286958 0.287015 0.287080 0.287081 0.287089 0.287088 0.287088 0.287092 0.287086 0.287029 0.286978 0.286947 0.286921 0.286906 0.000000 0.000000
0.000000 0.000000 0.278914 0.278917 0.278930 0.278982 0.279037 0.279108 0.279108 0.279115 0.279118 0.279123 0.279127 0.279114 0.279053 0.279003 0.278956 0.278942 0.278919 0.000000 0.000000
0.000000 0.000000 0.270505 0.270518 0.270544 0.270577 0.270635 0.270711 0.270707 0.270723 0.270729 0.270732 0.270731 0.270732 0.270657 0.270596 0.270559 0.270541 0.270521 0.000000 0.000000
0.000000 0.000000 0.261764 0.261781 0.261794 0.261825 0.261908 0.261975 0.261974 0.261983 0.261995 0.261989 0.261979 0.261984 0.261921 0.261851 0.261808 0.261794 0.261780 0.000000 0.000000
0.000000 0.000000 0.252451 0.252462 0.252476 0.252543 0.252601 0.252678 0.252661 0.252704 0.252700 0.252701 0.252716 0.252688 0.252633 0.252589 0.252536 0.252508 0.252471 0.000000 0.000000
0.000000 0.000000 0.242319 0.242346 0.242377 0.242422 0.242483 0.242580 0.242583 0.242598 0.242576 0.242609 0.242602 0.242593 0.242495 0.242445 0.242408 0.242388 0.242299 0.000000 0.000000
0.000000 0.000000 0.231573 0.231600 0.231614 0.231672 0.231727 0.231959 0.231962 0.231977 0.232036 0.232009 0.231994 0.231972 0.231793 0.231743 0.231653 0.231642 0.231591 0.000000 0.000000
0.000000 0.000000 0.219334 0.219345 0.219390 0.219433 0.219704 0.219715 0.219772 0.219772 0.219769 0.219779 0.219785 0.219793 0.219795 0.219514 0.219455 0.219380 0.219318 0.000000 0.000000
0.000000 0.000000 0.205240 0.205263 0.205323 0.205644 0.205667 0.205823 0.205910 0.205926 0.205981 0.206023 0.205988 0.205999 0.205848 0.205801 0.205370 0.205420 0.205398 0.000000 0.000000
0.000000 0.000000 0.189846 0.189870 0.190322 0.190274 0.190302 0.190376 0.190232 0.190288 0.190217 0.190261 0.190325 0.190215 0.190172 0.190146 0.190366 0.189747 0.189752 0.000000 0.000000
0.000000 0.000000 0.170947 0.171648 0.171639 0.171869 0.172224 0.172333 0.172472 0.172444 0.172631 0.172625 0.172528 0.172609 0.172434 0.172172 0.171670 0.171855 0.171135 0.000000 0.000000
0.000000 0.000000 0.160956 0.160478 0.159822 0.159888 0.159958 0.160575 0.160528 0.160689 0.160471 0.160525 0.160534 0.160468 0.159924 0.159876 0.159707 0.160291 0.160745 0.000000 0.000000
0.000000 0.000000 0.300000 0.300000 0.300000 0.300000 0.300000 0.300000 0.300000 0.300000 0.300000 0.300000 0.300000 0.300000 0.300000 0.300000 0.300000 0.300000 0.300000 0.000000 0.000000
0.000000 0.000000 0.000000 0.000000 0.000000 0.000000 0.000000 0.000000 0.000000 0.000000 0.000000 0.000000 0.000000 0.000000 0.000000 0.000000 0.000000 0.000000 0.000000 0.000000 0.000000