geotop/1.0zi/1.0Montebello/Templates/testdem/maps/_Eocclay6193.asc
ncols         21
nrows         20
xllcorner     100.000000
yllcorner     100.000000
cellsize      50.000000
NODATA_value  -9999.0
0.000000 0.000000 0.000000 0.000000 0.000000 0.000000 0.000000 0.000000 0.000000 0.000000 0.000000 0.000000 0.000000 0.000000 0.000000 0.000000 0.000000 0.000000 0.000000 0.000000 0.000000
0.000000 0.000000 0.349728 0.349728 0.349729 0.349728 0.349729 0.349729 0.349729 0.349729 0.349727 0.349729 0.349729 0.349728 0.349729 0.349729 0.349727 0.349727 0.349728 0.000000 0.000000
0.000000 0.000000 0.349989 0.349990 0.349989 0.349990 0.349989 0.349989 0.349989 0.349989 0.349989 0.349988 0.349989 0.349988 0.349989 0.349989 0.349990 0.349990 0.349988 0.000000 0.000000
0.000000 0.000000 0.349982 0.349985 0.349983 0.349983 0.349985 0.349985 0.349986 0.349983 0.349988 0.349985 0.349985 0.349986 0.349985 0.349987 0.349985 0.349987 0.349986 0.000000 0.000000
0.000000 0.000000 0.350506 0.350506 0.350504 0.350502 0.350489 0.350487 0.350487 0.350490 0.350487 0.350486 0.350481 0.350483 0.350489 0.350489 0.350493 0.350495 0.350502 0.000000 0.000000
0.000000 0.000000 0.352209 0.352209 0.352203 0.352182 0.352176 0.352158 0.352158 0.352154 0.352156 0.352158 0.352161 0.352161 0.352165 0.352179 0.352187 0.352198 0.352203 0.000000 0.000000
0.000000 0.000000 0.354776 0.354774 0.354770 0.354752 0.354731 0.354703 0.354702 0.354698 0.354700 0.354701 0.354702 0.354701 0.354722 0.354745 0.354755 0.354764 0.354772 0.000000 0.000000
0.000000 0.000000 0.357881 0.357880 0.357877 0.357856 0.357835 0.357804 0.357804 0.357801 0.357801 0.357800 0.357799 0.357804 0.357828 0.357847 0.357863 0.357869 0.357880 0.000000 0.000000
0.000000 0.000000 0.361070 0.361067 0.361059 0.361047 0.361025 0.360995 0.360997 0.360991 0.360988 0.360989 0.360989 0.360988 0.361016 0.361039 0.361053 0.361057 0.361066 0.000000 0.000000
0.000000 0.000000 0.364322 0.364316 0.364313 0.364303 0.364272 0.364244 0.364246 0.364242 0.364238 0.364242 0.364246 0.364243 0.364266 0.364293 0.364308 0.364311 0.364318 0.000000 0.000000
0.000000 0.000000 0.367720 0.367717 0.367714 0.367692 0.367671 0.367640 0.367646 0.367631 0.367631 0.367632 0.367628 0.367637 0.367657 0.367674 0.367691 0.367701 0.367715 0.000000 0.000000
0.000000 0.000000 0.371314 0.371306 0.371296 0.371280 0.371261 0.371224 0.371225 0.371216 0.371225 0.371215 0.371217 0.371220 0.371255 0.371271 0.371284 0.371289 0.371324 0.000000 0.000000
0.000000 0.000000 0.375038 0.375031 0.375027 0.375008 0.374990 0.374912 0.374912 0.374906 0.374889 0.374898 0.374903 0.374910 0.374968 0.374984 0.375012 0.375015 0.375040 0.000000 0.000000
0.000000 0.000000 0.379123 0.379119 0.379107 0.379095 0.379016 0.378999 0.378981 0.378980 0.378975 0.378977 0.378977 0.378975 0.378984 0.379064 0.379087 0.379107 0.379132 0.000000 0.000000
0.000000 0.000000 0.383668 0.383661 0.383644 0.383560 0.383538 0.383492 0.383462 0.383456 0.383441 0.383433 0.383442 0.383436 0.383473 0.383508 0.383626 0.383615 0.383631 0.000000 0.000000
0.000000 0.000000 0.388519 0.388513 0.388401 0.388387 0.388382 0.388354 0.388379 0.388366 0.388376 0.388364 0.388351 0.388375 0.388392 0.388402 0.388385 0.388530 0.388533 0.000000 0.000000
0.000000 0.000000 0.394166 0.394009 0.393966 0.393921 0.393847 0.393811 0.393794 0.393794 0.393758 0.393755 0.393771 0.393763 0.393807 0.393864 0.393956 0.393973 0.394134 0.000000 0.000000
0.000000 0.000000 0.398111 0.398139 0.398284 0.398250 0.398200 0.398056 0.398054 0.398021 0.398047 0.398039 0.398047 0.398052 0.398184 0.398222 0.398307 0.398160 0.398142 0.000000 0.000000
0.000000 0.000000 0.350000 0.350000 0.350000 0.350000 0.350000 0.350000 0.350000 0.350000 0.350000 0.350000 0.350000 0.350000 0.350000 0.350000 0.350000 0.350000 0.350000 0.000000 0.000000
0.000000 0.000000 0.000000 0.000000 0.000000 0.000000 0.000000 0.000000 0.000000 0.000000 0.000000 0.000000 0.000000 0.000000 0.000000 0.000000 0.000000 0.000000 0.000000 0.000000 0.000000