geotop/1.0zi/1.0Montebello/Templates/testdem/maps/_Eocclay3949.asc
ncols         21
nrows         20
xllcorner     100.000000
yllcorner     100.000000
cellsize      50.000000
NODATA_value  -9999.0
0.000000 0.000000 0.000000 0.000000 0.000000 0.000000 0.000000 0.000000 0.000000 0.000000 0.000000 0.000000 0.000000 0.000000 0.000000 0.000000 0.000000 0.000000 0.000000 0.000000 0.000000
0.000000 0.000000 0.349821 0.349821 0.349821 0.349822 0.349822 0.349821 0.349821 0.349821 0.349821 0.349821 0.349821 0.349821 0.349822 0.349821 0.349821 0.349821 0.349821 0.000000 0.000000
0.000000 0.000000 0.349994 0.349994 0.349994 0.349994 0.349994 0.349994 0.349994 0.349994 0.349993 0.349993 0.349994 0.349994 0.349994 0.349994 0.349994 0.349994 0.349994 0.000000 0.000000
0.000000 0.000000 0.349995 0.349996 0.349994 0.349995 0.349996 0.349997 0.349997 0.349996 0.349997 0.349995 0.349995 0.349994 0.349996 0.349997 0.349996 0.349996 0.349995 0.000000 0.000000
0.000000 0.000000 0.350336 0.350338 0.350337 0.350334 0.350328 0.350323 0.350323 0.350323 0.350323 0.350324 0.350322 0.350323 0.350330 0.350330 0.350331 0.350330 0.350334 0.000000 0.000000
0.000000 0.000000 0.351466 0.351468 0.351464 0.351456 0.351452 0.351444 0.351444 0.351439 0.351443 0.351443 0.351444 0.351445 0.351443 0.351449 0.351453 0.351457 0.351461 0.000000 0.000000
0.000000 0.000000 0.353119 0.353116 0.353111 0.353100 0.353083 0.353062 0.353062 0.353058 0.353062 0.353061 0.353064 0.353069 0.353087 0.353102 0.353108 0.353110 0.353113 0.000000 0.000000
0.000000 0.000000 0.354974 0.354974 0.354969 0.354953 0.354937 0.354918 0.354919 0.354916 0.354917 0.354917 0.354916 0.354919 0.354940 0.354954 0.354961 0.354963 0.354969 0.000000 0.000000
0.000000 0.000000 0.356822 0.356820 0.356812 0.356800 0.356784 0.356763 0.356764 0.356760 0.356761 0.356761 0.356762 0.356766 0.356785 0.356802 0.356808 0.356809 0.356816 0.000000 0.000000
0.000000 0.000000 0.358660 0.358657 0.358651 0.358638 0.358619 0.358599 0.358601 0.358598 0.358599 0.358599 0.358599 0.358602 0.358623 0.358641 0.358647 0.358648 0.358654 0.000000 0.000000
0.000000 0.000000 0.360525 0.360522 0.360515 0.360505 0.360490 0.360467 0.360468 0.360463 0.360464 0.360465 0.360465 0.360468 0.360487 0.360500 0.360507 0.360510 0.360516 0.000000 0.000000
0.000000 0.000000 0.362444 0.362441 0.362434 0.362419 0.362403 0.362380 0.362379 0.362376 0.362377 0.362376 0.362377 0.362380 0.362403 0.362419 0.362426 0.362428 0.362449 0.000000 0.000000
0.000000 0.000000 0.364377 0.364374 0.364365 0.364354 0.364334 0.364292 0.364292 0.364288 0.364288 0.364289 0.364289 0.364294 0.364332 0.364350 0.364357 0.364359 0.364373 0.000000 0.000000
0.000000 0.000000 0.366409 0.366403 0.366396 0.366384 0.366340 0.366326 0.366319 0.366316 0.366317 0.366317 0.366317 0.366321 0.366337 0.366378 0.366385 0.366392 0.366400 0.000000 0.000000
0.000000 0.000000 0.368585 0.368580 0.368565 0.368529 0.368505 0.368478 0.368464 0.368459 0.368454 0.368454 0.368458 0.368458 0.368481 0.368511 0.368552 0.368549 0.368555 0.000000 0.000000
0.000000 0.000000 0.370816 0.370811 0.370767 0.370756 0.370740 0.370724 0.370721 0.370719 0.370721 0.370720 0.370717 0.370729 0.370739 0.370753 0.370754 0.370795 0.370806 0.000000 0.000000
0.000000 0.000000 0.373273 0.373222 0.373181 0.373163 0.373131 0.373113 0.373109 0.373107 0.373102 0.373102 0.373104 0.373105 0.373120 0.373153 0.373171 0.373194 0.373245 0.000000 0.000000
0.000000 0.000000 0.375220 0.375205 0.375232 0.375209 0.375179 0.375125 0.375119 0.375113 0.375115 0.375115 0.375115 0.375122 0.375171 0.375202 0.375232 0.375186 0.375211 0.000000 0.000000
0.000000 0.000000 0.350000 0.350000 0.350000 0.350000 0.350000 0.350000 0.350000 0.350000 0.350000 0.350000 0.350000 0.350000 0.350000 0.350000 0.350000 0.350000 0.350000 0.000000 0.000000
0.000000 0.000000 0.000000 0.000000 0.000000 0.000000 0.000000 0.000000 0.000000 0.000000 0.000000 0.000000 0.000000 0.000000 0.000000 0.000000 0.000000 0.000000 0.000000 0.000000 0.000000