geotop/1.0zi/1.0Montebello/Templates/testdem/maps/_Eocsand1864.asc
ncols         21
nrows         20
xllcorner     100.000000
yllcorner     100.000000
cellsize      50.000000
NODATA_value  -9999.0
0.000000 0.000000 0.000000 0.000000 0.000000 0.000000 0.000000 0.000000 0.000000 0.000000 0.000000 0.000000 0.000000 0.000000 0.000000 0.000000 0.000000 0.000000 0.000000 0.000000 0.000000
0.000000 0.000000 0.300055 0.300055 0.300055 0.300055 0.300055 0.300055 0.300055 0.300055 0.300055 0.300055 0.300055 0.300055 0.300055 0.300055 0.300055 0.300055 0.300055 0.000000 0.000000
0.000000 0.000000 0.300008 0.300009 0.300009 0.300008 0.300008 0.300008 0.300008 0.300008 0.300008 0.300008 0.300008 0.300008 0.300008 0.300008 0.300009 0.300009 0.300008 0.000000 0.000000
0.000000 0.000000 0.298669 0.298669 0.298674 0.298672 0.298668 0.298669 0.298669 0.298668 0.298669 0.298668 0.298669 0.298669 0.298668 0.298672 0.298674 0.298669 0.298669 0.000000 0.000000
0.000000 0.000000 0.293461 0.293462 0.293466 0.293466 0.293460 0.293462 0.293461 0.293459 0.293459 0.293459 0.293461 0.293462 0.293460 0.293466 0.293466 0.293462 0.293461 0.000000 0.000000
0.000000 0.000000 0.287191 0.287192 0.287195 0.287195 0.287190 0.287192 0.287191 0.287190 0.287189 0.287190 0.287191 0.287192 0.287190 0.287195 0.287195 0.287192 0.287191 0.000000 0.000000
0.000000 0.000000 0.281336 0.281336 0.281339 0.281339 0.281335 0.281336 0.281336 0.281334 0.281334 0.281334 0.281336 0.281336 0.281335 0.281339 0.281339 0.281336 0.281336 0.000000 0.000000
0.000000 0.000000 0.275957 0.275958 0.275960 0.275960 0.275956 0.275957 0.275957 0.275956 0.275956 0.275956 0.275957 0.275957 0.275956 0.275960 0.275960 0.275958 0.275957 0.000000 0.000000
0.000000 0.000000 0.270925 0.270926 0.270928 0.270928 0.270924 0.270925 0.270925 0.270924 0.270924 0.270924 0.270925 0.270925 0.270924 0.270928 0.270928 0.270926 0.270925 0.000000 0.000000
0.000000 0.000000 0.266117 0.266118 0.266120 0.266120 0.266117 0.266117 0.266117 0.266116 0.266116 0.266116 0.266117 0.266117 0.266117 0.266120 0.266120 0.266118 0.266117 0.000000 0.000000
0.000000 0.000000 0.261481 0.261482 0.261484 0.261483 0.261481 0.261481 0.261481 0.261480 0.261480 0.261480 0.261481 0.261481 0.261481 0.261483 0.261484 0.261482 0.261481 0.000000 0.000000
0.000000 0.000000 0.256973 0.256974 0.256976 0.256976 0.256973 0.256974 0.256974 0.256972 0.256972 0.256972 0.256974 0.256974 0.256973 0.256976 0.256976 0.256974 0.256973 0.000000 0.000000
0.000000 0.000000 0.252560 0.252561 0.252563 0.252562 0.252559 0.252560 0.252560 0.252559 0.252559 0.252559 0.252560 0.252560 0.252559 0.252562 0.252563 0.252561 0.252560 0.000000 0.000000
0.000000 0.000000 0.248236 0.248236 0.248239 0.248238 0.248235 0.248236 0.248236 0.248235 0.248234 0.248235 0.248236 0.248236 0.248235 0.248238 0.248239 0.248236 0.248236 0.000000 0.000000
0.000000 0.000000 0.243981 0.243982 0.243984 0.243983 0.243981 0.243981 0.243981 0.243980 0.243980 0.243980 0.243981 0.243981 0.243981 0.243983 0.243984 0.243982 0.243981 0.000000 0.000000
0.000000 0.000000 0.239785 0.239785 0.239788 0.239787 0.239784 0.239785 0.239785 0.239784 0.239784 0.239784 0.239785 0.239785 0.239784 0.239787 0.239788 0.239785 0.239785 0.000000 0.000000
0.000000 0.000000 0.235647 0.235648 0.235650 0.235649 0.235646 0.235647 0.235647 0.235646 0.235646 0.235646 0.235647 0.235647 0.235646 0.235649 0.235650 0.235648 0.235647 0.000000 0.000000
0.000000 0.000000 0.231490 0.231489 0.231492 0.231491 0.231488 0.231489 0.231489 0.231488 0.231488 0.231488 0.231489 0.231489 0.231488 0.231491 0.231492 0.231489 0.231489 0.000000 0.000000
0.000000 0.000000 0.300000 0.300000 0.300000 0.300000 0.300000 0.300000 0.300000 0.300000 0.300000 0.300000 0.300000 0.300000 0.300000 0.300000 0.300000 0.300000 0.300000 0.000000 0.000000
0.000000 0.000000 0.000000 0.000000 0.000000 0.000000 0.000000 0.000000 0.000000 0.000000 0.000000 0.000000 0.000000 0.000000 0.000000 0.000000 0.000000 0.000000 0.000000 0.000000 0.000000