geotop/1.0zi/1.0Montebello/Templates/testdem/maps/_Eocsand4065.asc
ncols         21
nrows         20
xllcorner     100.000000
yllcorner     100.000000
cellsize      50.000000
NODATA_value  -9999.0
0.000000 0.000000 0.000000 0.000000 0.000000 0.000000 0.000000 0.000000 0.000000 0.000000 0.000000 0.000000 0.000000 0.000000 0.000000 0.000000 0.000000 0.000000 0.000000 0.000000 0.000000
0.000000 0.000000 0.300103 0.300102 0.300102 0.300102 0.300102 0.300102 0.300102 0.300102 0.300102 0.300102 0.300102 0.300102 0.300102 0.300102 0.300102 0.300102 0.300103 0.000000 0.000000
0.000000 0.000000 0.300005 0.300004 0.300004 0.300004 0.300003 0.300003 0.300003 0.300003 0.300004 0.300004 0.300003 0.300003 0.300004 0.300004 0.300005 0.300005 0.300005 0.000000 0.000000
0.000000 0.000000 0.299974 0.299974 0.299976 0.299979 0.299977 0.299979 0.299977 0.299978 0.299978 0.299979 0.299979 0.299981 0.299976 0.299973 0.299973 0.299972 0.299974 0.000000 0.000000
0.000000 0.000000 0.299289 0.299284 0.299287 0.299286 0.299294 0.299298 0.299299 0.299302 0.299304 0.299300 0.299303 0.299303 0.299298 0.299299 0.299299 0.299294 0.299289 0.000000 0.000000
0.000000 0.000000 0.297040 0.297038 0.297045 0.297056 0.297060 0.297081 0.297081 0.297091 0.297083 0.297081 0.297077 0.297084 0.297086 0.297076 0.297067 0.297063 0.297057 0.000000 0.000000
0.000000 0.000000 0.293697 0.293701 0.293706 0.293724 0.293744 0.293776 0.293774 0.293780 0.293774 0.293776 0.293780 0.293784 0.293763 0.293736 0.293724 0.293717 0.293707 0.000000 0.000000
0.000000 0.000000 0.289860 0.289864 0.289872 0.289896 0.289918 0.289951 0.289947 0.289953 0.289952 0.289952 0.289959 0.289966 0.289935 0.289906 0.289888 0.289883 0.289873 0.000000 0.000000
0.000000 0.000000 0.286008 0.286016 0.286029 0.286045 0.286067 0.286105 0.286101 0.286109 0.286108 0.286106 0.286113 0.286116 0.286089 0.286056 0.286042 0.286034 0.286020 0.000000 0.000000
0.000000 0.000000 0.282178 0.282187 0.282196 0.282215 0.282243 0.282276 0.282270 0.282275 0.282275 0.282274 0.282281 0.282289 0.282256 0.282223 0.282210 0.282203 0.282192 0.000000 0.000000
0.000000 0.000000 0.278312 0.278320 0.278331 0.278344 0.278363 0.278403 0.278398 0.278408 0.278407 0.278405 0.278412 0.278419 0.278392 0.278368 0.278350 0.278343 0.278330 0.000000 0.000000
0.000000 0.000000 0.274327 0.274335 0.274348 0.274370 0.274391 0.274430 0.274430 0.274435 0.274435 0.274436 0.274441 0.274449 0.274412 0.274383 0.274367 0.274361 0.274317 0.000000 0.000000
0.000000 0.000000 0.270306 0.270315 0.270329 0.270345 0.270370 0.270450 0.270449 0.270456 0.270457 0.270456 0.270464 0.270469 0.270401 0.270367 0.270351 0.270343 0.270316 0.000000 0.000000
0.000000 0.000000 0.266071 0.266086 0.266097 0.266114 0.266190 0.266211 0.266223 0.266229 0.266228 0.266228 0.266237 0.266243 0.266222 0.266141 0.266124 0.266107 0.266091 0.000000 0.000000
0.000000 0.000000 0.261529 0.261542 0.261570 0.261637 0.261671 0.261720 0.261746 0.261754 0.261767 0.261768 0.261768 0.261783 0.261748 0.261690 0.261602 0.261605 0.261592 0.000000 0.000000
0.000000 0.000000 0.256868 0.256881 0.256971 0.256984 0.257002 0.257026 0.257030 0.257033 0.257029 0.257031 0.257047 0.257038 0.257030 0.257005 0.257001 0.256911 0.256888 0.000000 0.000000
0.000000 0.000000 0.251722 0.251833 0.251912 0.251941 0.251992 0.252019 0.252026 0.252030 0.252043 0.252042 0.252046 0.252062 0.252045 0.251979 0.251938 0.251888 0.251780 0.000000 0.000000
0.000000 0.000000 0.247662 0.247693 0.247632 0.247670 0.247716 0.247819 0.247829 0.247840 0.247837 0.247838 0.247849 0.247850 0.247761 0.247702 0.247636 0.247730 0.247681 0.000000 0.000000
0.000000 0.000000 0.300000 0.300000 0.300000 0.300000 0.300000 0.300000 0.300000 0.300000 0.300000 0.300000 0.300000 0.300000 0.300000 0.300000 0.300000 0.300000 0.300000 0.000000 0.000000
0.000000 0.000000 0.000000 0.000000 0.000000 0.000000 0.000000 0.000000 0.000000 0.000000 0.000000 0.000000 0.000000 0.000000 0.000000 0.000000 0.000000 0.000000 0.000000 0.000000 0.000000