geotop/1.0zi/1.0Montebello/Templates/testdem/maps/_Eocclay3234.asc
ncols         21
nrows         20
xllcorner     100.000000
yllcorner     100.000000
cellsize      50.000000
NODATA_value  -9999.0
0.000000 0.000000 0.000000 0.000000 0.000000 0.000000 0.000000 0.000000 0.000000 0.000000 0.000000 0.000000 0.000000 0.000000 0.000000 0.000000 0.000000 0.000000 0.000000 0.000000 0.000000
0.000000 0.000000 0.349823 0.349823 0.349823 0.349823 0.349823 0.349823 0.349823 0.349823 0.349822 0.349823 0.349823 0.349823 0.349823 0.349823 0.349823 0.349823 0.349823 0.000000 0.000000
0.000000 0.000000 0.349995 0.349995 0.349995 0.349995 0.349995 0.349995 0.349995 0.349995 0.349996 0.349995 0.349995 0.349995 0.349995 0.349995 0.349995 0.349995 0.349995 0.000000 0.000000
0.000000 0.000000 0.351261 0.351260 0.351258 0.351259 0.351260 0.351260 0.351260 0.351260 0.351261 0.351260 0.351260 0.351260 0.351260 0.351259 0.351258 0.351260 0.351261 0.000000 0.000000
0.000000 0.000000 0.356274 0.356273 0.356271 0.356272 0.356275 0.356274 0.356274 0.356275 0.356276 0.356275 0.356274 0.356274 0.356275 0.356272 0.356271 0.356273 0.356274 0.000000 0.000000
0.000000 0.000000 0.361806 0.361805 0.361803 0.361804 0.361806 0.361805 0.361805 0.361806 0.361807 0.361806 0.361805 0.361805 0.361806 0.361804 0.361803 0.361805 0.361806 0.000000 0.000000
0.000000 0.000000 0.366982 0.366981 0.366980 0.366980 0.366982 0.366981 0.366981 0.366982 0.366983 0.366982 0.366981 0.366981 0.366982 0.366980 0.366980 0.366981 0.366982 0.000000 0.000000
0.000000 0.000000 0.371695 0.371695 0.371693 0.371694 0.371695 0.371695 0.371695 0.371696 0.371696 0.371696 0.371695 0.371695 0.371695 0.371694 0.371693 0.371695 0.371695 0.000000 0.000000
0.000000 0.000000 0.376057 0.376057 0.376055 0.376056 0.376057 0.376057 0.376057 0.376057 0.376058 0.376057 0.376057 0.376057 0.376057 0.376056 0.376055 0.376057 0.376057 0.000000 0.000000
0.000000 0.000000 0.380169 0.380168 0.380167 0.380167 0.380169 0.380168 0.380168 0.380169 0.380169 0.380169 0.380168 0.380168 0.380169 0.380167 0.380167 0.380168 0.380169 0.000000 0.000000
0.000000 0.000000 0.384080 0.384080 0.384078 0.384079 0.384080 0.384080 0.384080 0.384080 0.384081 0.384080 0.384080 0.384080 0.384080 0.384079 0.384078 0.384080 0.384080 0.000000 0.000000
0.000000 0.000000 0.387828 0.387828 0.387827 0.387827 0.387828 0.387828 0.387828 0.387828 0.387829 0.387828 0.387828 0.387828 0.387828 0.387827 0.387827 0.387828 0.387828 0.000000 0.000000
0.000000 0.000000 0.391439 0.391439 0.391438 0.391438 0.391440 0.391439 0.391439 0.391440 0.391440 0.391440 0.391439 0.391439 0.391440 0.391438 0.391438 0.391439 0.391439 0.000000 0.000000
0.000000 0.000000 0.394944 0.394944 0.394943 0.394943 0.394944 0.394944 0.394944 0.394945 0.394945 0.394945 0.394944 0.394944 0.394944 0.394943 0.394943 0.394944 0.394944 0.000000 0.000000
0.000000 0.000000 0.398350 0.398350 0.398349 0.398349 0.398350 0.398350 0.398350 0.398350 0.398351 0.398350 0.398350 0.398350 0.398350 0.398349 0.398349 0.398350 0.398350 0.000000 0.000000
0.000000 0.000000 0.401663 0.401663 0.401662 0.401662 0.401663 0.401663 0.401663 0.401663 0.401664 0.401663 0.401663 0.401663 0.401663 0.401662 0.401662 0.401663 0.401663 0.000000 0.000000
0.000000 0.000000 0.404894 0.404893 0.404892 0.404893 0.404894 0.404893 0.404893 0.404894 0.404894 0.404894 0.404893 0.404893 0.404894 0.404893 0.404892 0.404893 0.404894 0.000000 0.000000
0.000000 0.000000 0.408106 0.408106 0.408105 0.408105 0.408106 0.408106 0.408106 0.408106 0.408107 0.408106 0.408106 0.408106 0.408106 0.408105 0.408105 0.408106 0.408106 0.000000 0.000000
0.000000 0.000000 0.350000 0.350000 0.350000 0.350000 0.350000 0.350000 0.350000 0.350000 0.350000 0.350000 0.350000 0.350000 0.350000 0.350000 0.350000 0.350000 0.350000 0.000000 0.000000
0.000000 0.000000 0.000000 0.000000 0.000000 0.000000 0.000000 0.000000 0.000000 0.000000 0.000000 0.000000 0.000000 0.000000 0.000000 0.000000 0.000000 0.000000 0.000000 0.000000 0.000000