geotop/1.0zi/1.0Montebello/Templates/testdem/maps/_Eocsand5504.asc
ncols         21
nrows         20
xllcorner     100.000000
yllcorner     100.000000
cellsize      50.000000
NODATA_value  -9999.0
0.000000 0.000000 0.000000 0.000000 0.000000 0.000000 0.000000 0.000000 0.000000 0.000000 0.000000 0.000000 0.000000 0.000000 0.000000 0.000000 0.000000 0.000000 0.000000 0.000000 0.000000
0.000000 0.000000 0.300139 0.300139 0.300139 0.300138 0.300138 0.300138 0.300139 0.300139 0.300139 0.300139 0.300139 0.300139 0.300138 0.300138 0.300139 0.300139 0.300139 0.000000 0.000000
0.000000 0.000000 0.300009 0.300008 0.300008 0.300008 0.300008 0.300008 0.300007 0.300008 0.300008 0.300008 0.300007 0.300007 0.300007 0.300008 0.300009 0.300009 0.300009 0.000000 0.000000
0.000000 0.000000 0.299966 0.299964 0.299967 0.299971 0.299968 0.299970 0.299968 0.299969 0.299968 0.299971 0.299970 0.299971 0.299967 0.299963 0.299965 0.299962 0.299964 0.000000 0.000000
0.000000 0.000000 0.299074 0.299071 0.299073 0.299081 0.299095 0.299103 0.299103 0.299104 0.299108 0.299105 0.299108 0.299107 0.299097 0.299096 0.299090 0.299079 0.299073 0.000000 0.000000
0.000000 0.000000 0.296151 0.296147 0.296156 0.296187 0.296203 0.296236 0.296238 0.296246 0.296238 0.296236 0.296232 0.296235 0.296227 0.296210 0.296196 0.296181 0.296171 0.000000 0.000000
0.000000 0.000000 0.291754 0.291758 0.291763 0.291796 0.291836 0.291885 0.291883 0.291890 0.291885 0.291883 0.291886 0.291885 0.291852 0.291815 0.291799 0.291781 0.291769 0.000000 0.000000
0.000000 0.000000 0.286413 0.286413 0.286414 0.286449 0.286488 0.286540 0.286539 0.286545 0.286543 0.286544 0.286548 0.286542 0.286504 0.286470 0.286441 0.286433 0.286415 0.000000 0.000000
0.000000 0.000000 0.280921 0.280928 0.280940 0.280960 0.280999 0.281055 0.281051 0.281061 0.281066 0.281063 0.281063 0.281068 0.281019 0.280981 0.280956 0.280947 0.280931 0.000000 0.000000
0.000000 0.000000 0.275408 0.275418 0.275421 0.275435 0.275490 0.275539 0.275535 0.275541 0.275548 0.275540 0.275535 0.275541 0.275503 0.275460 0.275433 0.275429 0.275418 0.000000 0.000000
0.000000 0.000000 0.269737 0.269743 0.269742 0.269781 0.269818 0.269873 0.269860 0.269887 0.269885 0.269882 0.269889 0.269877 0.269847 0.269819 0.269790 0.269773 0.269750 0.000000 0.000000
0.000000 0.000000 0.263807 0.263820 0.263833 0.263860 0.263892 0.263957 0.263954 0.263970 0.263953 0.263969 0.263967 0.263962 0.263907 0.263883 0.263862 0.263853 0.263792 0.000000 0.000000
0.000000 0.000000 0.257742 0.257754 0.257757 0.257787 0.257817 0.257945 0.257944 0.257956 0.257982 0.257968 0.257958 0.257949 0.257859 0.257836 0.257790 0.257785 0.257741 0.000000 0.000000
0.000000 0.000000 0.251189 0.251198 0.251212 0.251231 0.251352 0.251386 0.251414 0.251416 0.251426 0.251420 0.251419 0.251425 0.251411 0.251293 0.251253 0.251222 0.251178 0.000000 0.000000
0.000000 0.000000 0.244008 0.244017 0.244042 0.244165 0.244206 0.244280 0.244329 0.244337 0.244361 0.244373 0.244359 0.244371 0.244320 0.244260 0.244081 0.244094 0.244067 0.000000 0.000000
0.000000 0.000000 0.236440 0.236450 0.236607 0.236638 0.236647 0.236696 0.236666 0.236686 0.236673 0.236691 0.236711 0.236680 0.236653 0.236637 0.236643 0.236439 0.236433 0.000000 0.000000
0.000000 0.000000 0.227840 0.228053 0.228133 0.228196 0.228297 0.228351 0.228366 0.228371 0.228416 0.228424 0.228406 0.228414 0.228358 0.228282 0.228161 0.228103 0.227887 0.000000 0.000000
0.000000 0.000000 0.221456 0.221458 0.221270 0.221324 0.221409 0.221611 0.221616 0.221662 0.221636 0.221647 0.221633 0.221631 0.221448 0.221389 0.221249 0.221443 0.221427 0.000000 0.000000
0.000000 0.000000 0.300000 0.300000 0.300000 0.300000 0.300000 0.300000 0.300000 0.300000 0.300000 0.300000 0.300000 0.300000 0.300000 0.300000 0.300000 0.300000 0.300000 0.000000 0.000000
0.000000 0.000000 0.000000 0.000000 0.000000 0.000000 0.000000 0.000000 0.000000 0.000000 0.000000 0.000000 0.000000 0.000000 0.000000 0.000000 0.000000 0.000000 0.000000 0.000000 0.000000