geotop/1.0zi/1.0Montebello/Templates/testdem/maps/_Eocclay6333.asc
ncols         21
nrows         20
xllcorner     100.000000
yllcorner     100.000000
cellsize      50.000000
NODATA_value  -9999.0
0.000000 0.000000 0.000000 0.000000 0.000000 0.000000 0.000000 0.000000 0.000000 0.000000 0.000000 0.000000 0.000000 0.000000 0.000000 0.000000 0.000000 0.000000 0.000000 0.000000 0.000000
0.000000 0.000000 0.349717 0.349718 0.349718 0.349717 0.349719 0.349719 0.349718 0.349718 0.349717 0.349719 0.349718 0.349718 0.349719 0.349719 0.349717 0.349717 0.349718 0.000000 0.000000
0.000000 0.000000 0.349989 0.349989 0.349989 0.349990 0.349988 0.349988 0.349988 0.349988 0.349988 0.349988 0.349989 0.349987 0.349989 0.349988 0.349990 0.349989 0.349987 0.000000 0.000000
0.000000 0.000000 0.349983 0.349987 0.349984 0.349984 0.349986 0.349986 0.349987 0.349984 0.349989 0.349986 0.349986 0.349986 0.349986 0.349988 0.349986 0.349988 0.349987 0.000000 0.000000
0.000000 0.000000 0.350592 0.350592 0.350589 0.350585 0.350572 0.350569 0.350569 0.350572 0.350569 0.350568 0.350563 0.350565 0.350572 0.350572 0.350578 0.350580 0.350587 0.000000 0.000000
0.000000 0.000000 0.352400 0.352400 0.352393 0.352371 0.352363 0.352345 0.352345 0.352340 0.352343 0.352344 0.352348 0.352348 0.352353 0.352367 0.352376 0.352388 0.352393 0.000000 0.000000
0.000000 0.000000 0.355082 0.355081 0.355075 0.355057 0.355034 0.355005 0.355004 0.355000 0.355001 0.355003 0.355004 0.355003 0.355025 0.355049 0.355060 0.355069 0.355077 0.000000 0.000000
0.000000 0.000000 0.358310 0.358310 0.358305 0.358282 0.358260 0.358228 0.358228 0.358225 0.358225 0.358225 0.358223 0.358228 0.358254 0.358274 0.358291 0.358297 0.358308 0.000000 0.000000
0.000000 0.000000 0.361632 0.361629 0.361620 0.361607 0.361584 0.361553 0.361555 0.361548 0.361546 0.361546 0.361546 0.361545 0.361575 0.361598 0.361614 0.361618 0.361628 0.000000 0.000000
0.000000 0.000000 0.365030 0.365025 0.365021 0.365009 0.364976 0.364948 0.364949 0.364945 0.364941 0.364945 0.364950 0.364946 0.364971 0.364999 0.365016 0.365019 0.365027 0.000000 0.000000
0.000000 0.000000 0.368592 0.368589 0.368584 0.368561 0.368538 0.368506 0.368513 0.368497 0.368497 0.368499 0.368494 0.368504 0.368524 0.368541 0.368561 0.368571 0.368586 0.000000 0.000000
0.000000 0.000000 0.372371 0.372365 0.372353 0.372335 0.372314 0.372275 0.372276 0.372268 0.372276 0.372266 0.372268 0.372271 0.372308 0.372325 0.372339 0.372345 0.372382 0.000000 0.000000
0.000000 0.000000 0.376301 0.376292 0.376287 0.376267 0.376248 0.376165 0.376164 0.376157 0.376139 0.376149 0.376155 0.376162 0.376224 0.376241 0.376272 0.376275 0.376301 0.000000 0.000000
0.000000 0.000000 0.380628 0.380624 0.380610 0.380595 0.380510 0.380493 0.380474 0.380473 0.380469 0.380471 0.380469 0.380467 0.380477 0.380563 0.380589 0.380610 0.380637 0.000000 0.000000
0.000000 0.000000 0.385464 0.385460 0.385439 0.385347 0.385324 0.385274 0.385243 0.385237 0.385220 0.385209 0.385222 0.385216 0.385256 0.385290 0.385419 0.385408 0.385424 0.000000 0.000000
0.000000 0.000000 0.390645 0.390639 0.390514 0.390501 0.390495 0.390466 0.390496 0.390480 0.390495 0.390480 0.390465 0.390493 0.390512 0.390521 0.390497 0.390658 0.390661 0.000000 0.000000
0.000000 0.000000 0.396724 0.396549 0.396507 0.396455 0.396368 0.396332 0.396312 0.396313 0.396271 0.396269 0.396288 0.396277 0.396323 0.396388 0.396494 0.396505 0.396688 0.000000 0.000000
0.000000 0.000000 0.400857 0.400902 0.401066 0.401029 0.400980 0.400817 0.400817 0.400778 0.400812 0.400802 0.400809 0.400817 0.400967 0.401002 0.401093 0.400928 0.400895 0.000000 0.000000
0.000000 0.000000 0.350000 0.350000 0.350000 0.350000 0.350000 0.350000 0.350000 0.350000 0.350000 0.350000 0.350000 0.350000 0.350000 0.350000 0.350000 0.350000 0.350000 0.000000 0.000000
0.000000 0.000000 0.000000 0.000000 0.000000 0.000000 0.000000 0.000000 0.000000 0.000000 0.000000 0.000000 0.000000 0.000000 0.000000 0.000000 0.000000 0.000000 0.000000 0.000000 0.000000