geotop/1.0zi/1.0Montebello/Templates/testdem/maps/_Eocsilt0620.asc
ncols         21
nrows         20
xllcorner     100.000000
yllcorner     100.000000
cellsize      50.000000
NODATA_value  -9999.0
0.000000 0.000000 0.000000 0.000000 0.000000 0.000000 0.000000 0.000000 0.000000 0.000000 0.000000 0.000000 0.000000 0.000000 0.000000 0.000000 0.000000 0.000000 0.000000 0.000000 0.000000
0.000000 0.000000 0.350012 0.350012 0.350012 0.350012 0.350012 0.350012 0.350012 0.350012 0.350012 0.350012 0.350012 0.350012 0.350012 0.350012 0.350012 0.350012 0.350012 0.000000 0.000000
0.000000 0.000000 0.349998 0.349997 0.349997 0.349997 0.349998 0.349998 0.349998 0.349998 0.349998 0.349998 0.349998 0.349998 0.349998 0.349997 0.349997 0.349997 0.349998 0.000000 0.000000
0.000000 0.000000 0.350285 0.350285 0.350283 0.350285 0.350285 0.350285 0.350285 0.350285 0.350285 0.350285 0.350285 0.350285 0.350285 0.350285 0.350283 0.350285 0.350285 0.000000 0.000000
0.000000 0.000000 0.351208 0.351208 0.351206 0.351208 0.351208 0.351208 0.351208 0.351208 0.351208 0.351208 0.351208 0.351208 0.351208 0.351208 0.351206 0.351208 0.351208 0.000000 0.000000
0.000000 0.000000 0.352261 0.352261 0.352259 0.352261 0.352261 0.352261 0.352261 0.352261 0.352261 0.352261 0.352261 0.352261 0.352261 0.352261 0.352259 0.352261 0.352261 0.000000 0.000000
0.000000 0.000000 0.353228 0.353228 0.353226 0.353228 0.353228 0.353228 0.353228 0.353228 0.353228 0.353228 0.353228 0.353228 0.353228 0.353228 0.353226 0.353228 0.353228 0.000000 0.000000
0.000000 0.000000 0.354126 0.354126 0.354124 0.354126 0.354126 0.354126 0.354126 0.354126 0.354126 0.354126 0.354126 0.354126 0.354126 0.354126 0.354124 0.354126 0.354126 0.000000 0.000000
0.000000 0.000000 0.354975 0.354975 0.354973 0.354975 0.354975 0.354975 0.354975 0.354975 0.354975 0.354975 0.354975 0.354975 0.354975 0.354975 0.354973 0.354975 0.354975 0.000000 0.000000
0.000000 0.000000 0.355793 0.355793 0.355792 0.355793 0.355793 0.355793 0.355793 0.355793 0.355793 0.355793 0.355793 0.355793 0.355793 0.355793 0.355792 0.355793 0.355793 0.000000 0.000000
0.000000 0.000000 0.356590 0.356590 0.356589 0.356590 0.356590 0.356590 0.356590 0.356590 0.356590 0.356590 0.356590 0.356590 0.356590 0.356590 0.356589 0.356590 0.356590 0.000000 0.000000
0.000000 0.000000 0.357372 0.357372 0.357370 0.357371 0.357372 0.357372 0.357372 0.357372 0.357372 0.357372 0.357372 0.357372 0.357372 0.357371 0.357370 0.357372 0.357372 0.000000 0.000000
0.000000 0.000000 0.358140 0.358140 0.358139 0.358140 0.358140 0.358140 0.358140 0.358140 0.358140 0.358140 0.358140 0.358140 0.358140 0.358140 0.358139 0.358140 0.358140 0.000000 0.000000
0.000000 0.000000 0.358898 0.358898 0.358897 0.358898 0.358898 0.358898 0.358898 0.358898 0.358898 0.358898 0.358898 0.358898 0.358898 0.358898 0.358897 0.358898 0.358898 0.000000 0.000000
0.000000 0.000000 0.359649 0.359649 0.359647 0.359649 0.359649 0.359649 0.359649 0.359649 0.359649 0.359649 0.359649 0.359649 0.359649 0.359649 0.359647 0.359649 0.359649 0.000000 0.000000
0.000000 0.000000 0.360396 0.360396 0.360395 0.360396 0.360396 0.360396 0.360397 0.360396 0.360396 0.360396 0.360397 0.360396 0.360396 0.360396 0.360395 0.360396 0.360396 0.000000 0.000000
0.000000 0.000000 0.361136 0.361136 0.361135 0.361136 0.361136 0.361137 0.361137 0.361137 0.361136 0.361137 0.361137 0.361137 0.361136 0.361136 0.361135 0.361136 0.361136 0.000000 0.000000
0.000000 0.000000 0.361883 0.361883 0.361882 0.361883 0.361883 0.361883 0.361883 0.361883 0.361883 0.361883 0.361883 0.361883 0.361883 0.361883 0.361882 0.361883 0.361883 0.000000 0.000000
0.000000 0.000000 0.350000 0.350000 0.350000 0.350000 0.350000 0.350000 0.350000 0.350000 0.350000 0.350000 0.350000 0.350000 0.350000 0.350000 0.350000 0.350000 0.350000 0.000000 0.000000
0.000000 0.000000 0.000000 0.000000 0.000000 0.000000 0.000000 0.000000 0.000000 0.000000 0.000000 0.000000 0.000000 0.000000 0.000000 0.000000 0.000000 0.000000 0.000000 0.000000 0.000000