geotop/1.0zi/1.0Montebello/Templates/testdem/maps/_Eocsilt8507.asc
ncols         21
nrows         20
xllcorner     100.000000
yllcorner     100.000000
cellsize      50.000000
NODATA_value  -9999.0
0.000000 0.000000 0.000000 0.000000 0.000000 0.000000 0.000000 0.000000 0.000000 0.000000 0.000000 0.000000 0.000000 0.000000 0.000000 0.000000 0.000000 0.000000 0.000000 0.000000 0.000000
0.000000 0.000000 0.350177 0.350178 0.350178 0.350178 0.350178 0.350178 0.350178 0.350178 0.350178 0.350177 0.350177 0.350177 0.350177 0.350178 0.350178 0.350178 0.350178 0.000000 0.000000
0.000000 0.000000 0.350006 0.350006 0.350006 0.350005 0.350006 0.350006 0.350006 0.350006 0.350007 0.350006 0.350007 0.350007 0.350006 0.350006 0.350004 0.350004 0.350006 0.000000 0.000000
0.000000 0.000000 0.350102 0.350099 0.350096 0.350091 0.350092 0.350087 0.350090 0.350090 0.350087 0.350089 0.350089 0.350089 0.350092 0.350095 0.350098 0.350098 0.350100 0.000000 0.000000
0.000000 0.000000 0.351074 0.351080 0.351069 0.351057 0.351049 0.351042 0.351040 0.351038 0.351038 0.351041 0.351044 0.351043 0.351056 0.351060 0.351064 0.351073 0.351075 0.000000 0.000000
0.000000 0.000000 0.353931 0.353928 0.353919 0.353900 0.353879 0.353858 0.353856 0.353849 0.353854 0.353855 0.353858 0.353856 0.353870 0.353882 0.353895 0.353902 0.353909 0.000000 0.000000
0.000000 0.000000 0.358057 0.358050 0.358039 0.358011 0.357975 0.357939 0.357940 0.357936 0.357937 0.357936 0.357934 0.357938 0.357970 0.357998 0.358016 0.358031 0.358038 0.000000 0.000000
0.000000 0.000000 0.362939 0.362934 0.362928 0.362897 0.362865 0.362824 0.362824 0.362818 0.362818 0.362816 0.362814 0.362821 0.362856 0.362884 0.362912 0.362918 0.362931 0.000000 0.000000
0.000000 0.000000 0.368216 0.368203 0.368188 0.368168 0.368131 0.368085 0.368087 0.368077 0.368075 0.368074 0.368076 0.368074 0.368119 0.368155 0.368177 0.368188 0.368199 0.000000 0.000000
0.000000 0.000000 0.373820 0.373808 0.373799 0.373779 0.373728 0.373686 0.373687 0.373682 0.373675 0.373680 0.373685 0.373683 0.373721 0.373762 0.373787 0.373796 0.373804 0.000000 0.000000
0.000000 0.000000 0.379932 0.379925 0.379916 0.379868 0.379835 0.379783 0.379797 0.379767 0.379773 0.379771 0.379761 0.379778 0.379815 0.379840 0.379874 0.379890 0.379913 0.000000 0.000000
0.000000 0.000000 0.386776 0.386754 0.386733 0.386707 0.386663 0.386603 0.386597 0.386592 0.386605 0.386584 0.386593 0.386594 0.386660 0.386694 0.386714 0.386728 0.386783 0.000000 0.000000
0.000000 0.000000 0.394230 0.394208 0.394205 0.394158 0.394124 0.393956 0.393952 0.393944 0.393897 0.393925 0.393932 0.393948 0.394077 0.394108 0.394173 0.394177 0.394204 0.000000 0.000000
0.000000 0.000000 0.403058 0.403052 0.403016 0.402986 0.402769 0.402795 0.402752 0.402752 0.402769 0.402752 0.402749 0.402732 0.402707 0.402934 0.402963 0.403023 0.403064 0.000000 0.000000
0.000000 0.000000 0.413506 0.413483 0.413439 0.413160 0.413197 0.413055 0.412996 0.412981 0.412932 0.412901 0.412933 0.412927 0.413066 0.413040 0.413409 0.413346 0.413350 0.000000 0.000000
0.000000 0.000000 0.424842 0.424822 0.424424 0.424552 0.424515 0.424488 0.424643 0.424595 0.424679 0.424655 0.424588 0.424685 0.424683 0.424709 0.424386 0.424971 0.424963 0.000000 0.000000
0.000000 0.000000 0.438484 0.437888 0.438043 0.437805 0.437508 0.437418 0.437243 0.437283 0.437099 0.437120 0.437226 0.437117 0.437273 0.437491 0.438019 0.437650 0.438270 0.000000 0.000000
0.000000 0.000000 0.442958 0.443491 0.443955 0.443958 0.443988 0.443537 0.443619 0.443485 0.443708 0.443664 0.443628 0.443702 0.444076 0.444053 0.444039 0.443686 0.443161 0.000000 0.000000
0.000000 0.000000 0.350000 0.350000 0.350000 0.350000 0.350000 0.350000 0.350000 0.350000 0.350000 0.350000 0.350000 0.350000 0.350000 0.350000 0.350000 0.350000 0.350000 0.000000 0.000000
0.000000 0.000000 0.000000 0.000000 0.000000 0.000000 0.000000 0.000000 0.000000 0.000000 0.000000 0.000000 0.000000 0.000000 0.000000 0.000000 0.000000 0.000000 0.000000 0.000000 0.000000