geotop/1.0zi/1.0Montebello/Templates/testdem/maps/_Eocclay1865.asc
ncols         21
nrows         20
xllcorner     100.000000
yllcorner     100.000000
cellsize      50.000000
NODATA_value  -9999.0
0.000000 0.000000 0.000000 0.000000 0.000000 0.000000 0.000000 0.000000 0.000000 0.000000 0.000000 0.000000 0.000000 0.000000 0.000000 0.000000 0.000000 0.000000 0.000000 0.000000 0.000000
0.000000 0.000000 0.349904 0.349904 0.349904 0.349904 0.349904 0.349904 0.349904 0.349904 0.349904 0.349904 0.349904 0.349904 0.349904 0.349904 0.349904 0.349904 0.349904 0.000000 0.000000
0.000000 0.000000 0.349993 0.349993 0.349993 0.349993 0.349993 0.349993 0.349993 0.349993 0.349993 0.349993 0.349993 0.349993 0.349993 0.349993 0.349993 0.349993 0.349993 0.000000 0.000000
0.000000 0.000000 0.350648 0.350648 0.350645 0.350646 0.350648 0.350648 0.350648 0.350648 0.350648 0.350648 0.350648 0.350648 0.350648 0.350646 0.350645 0.350648 0.350648 0.000000 0.000000
0.000000 0.000000 0.353367 0.353366 0.353364 0.353364 0.353368 0.353367 0.353367 0.353368 0.353368 0.353368 0.353367 0.353367 0.353368 0.353364 0.353364 0.353366 0.353367 0.000000 0.000000
0.000000 0.000000 0.356475 0.356474 0.356472 0.356472 0.356475 0.356474 0.356474 0.356475 0.356475 0.356475 0.356474 0.356474 0.356475 0.356472 0.356472 0.356474 0.356475 0.000000 0.000000
0.000000 0.000000 0.359426 0.359426 0.359424 0.359424 0.359426 0.359426 0.359426 0.359427 0.359427 0.359427 0.359426 0.359426 0.359426 0.359424 0.359424 0.359426 0.359426 0.000000 0.000000
0.000000 0.000000 0.362144 0.362143 0.362142 0.362142 0.362144 0.362144 0.362144 0.362144 0.362144 0.362144 0.362144 0.362144 0.362144 0.362142 0.362142 0.362143 0.362144 0.000000 0.000000
0.000000 0.000000 0.364688 0.364688 0.364686 0.364687 0.364688 0.364688 0.364688 0.364688 0.364689 0.364688 0.364688 0.364688 0.364688 0.364687 0.364686 0.364688 0.364688 0.000000 0.000000
0.000000 0.000000 0.367120 0.367120 0.367118 0.367119 0.367120 0.367120 0.367120 0.367120 0.367120 0.367120 0.367120 0.367120 0.367120 0.367119 0.367118 0.367120 0.367120 0.000000 0.000000
0.000000 0.000000 0.369466 0.369465 0.369464 0.369464 0.369466 0.369465 0.369466 0.369466 0.369466 0.369466 0.369466 0.369465 0.369466 0.369464 0.369464 0.369465 0.369466 0.000000 0.000000
0.000000 0.000000 0.371747 0.371747 0.371746 0.371746 0.371748 0.371747 0.371747 0.371748 0.371748 0.371748 0.371747 0.371747 0.371748 0.371746 0.371746 0.371747 0.371747 0.000000 0.000000
0.000000 0.000000 0.373982 0.373982 0.373980 0.373981 0.373982 0.373982 0.373982 0.373982 0.373982 0.373982 0.373982 0.373982 0.373982 0.373981 0.373980 0.373982 0.373982 0.000000 0.000000
0.000000 0.000000 0.376172 0.376172 0.376171 0.376171 0.376173 0.376172 0.376172 0.376173 0.376173 0.376173 0.376172 0.376172 0.376173 0.376171 0.376171 0.376172 0.376172 0.000000 0.000000
0.000000 0.000000 0.378328 0.378327 0.378326 0.378327 0.378328 0.378328 0.378328 0.378328 0.378328 0.378328 0.378328 0.378328 0.378328 0.378327 0.378326 0.378327 0.378328 0.000000 0.000000
0.000000 0.000000 0.380455 0.380454 0.380453 0.380454 0.380455 0.380454 0.380454 0.380455 0.380455 0.380455 0.380454 0.380454 0.380455 0.380454 0.380453 0.380454 0.380455 0.000000 0.000000
0.000000 0.000000 0.382552 0.382552 0.382551 0.382551 0.382553 0.382552 0.382552 0.382553 0.382553 0.382553 0.382552 0.382552 0.382553 0.382551 0.382551 0.382552 0.382552 0.000000 0.000000
0.000000 0.000000 0.384661 0.384661 0.384660 0.384660 0.384662 0.384661 0.384661 0.384662 0.384662 0.384662 0.384661 0.384661 0.384662 0.384660 0.384660 0.384661 0.384661 0.000000 0.000000
0.000000 0.000000 0.350000 0.350000 0.350000 0.350000 0.350000 0.350000 0.350000 0.350000 0.350000 0.350000 0.350000 0.350000 0.350000 0.350000 0.350000 0.350000 0.350000 0.000000 0.000000
0.000000 0.000000 0.000000 0.000000 0.000000 0.000000 0.000000 0.000000 0.000000 0.000000 0.000000 0.000000 0.000000 0.000000 0.000000 0.000000 0.000000 0.000000 0.000000 0.000000 0.000000