geotop/1.0zi/1.0Montebello/Templates/testdem/maps/_Eocsilt3569.asc
ncols         21
nrows         20
xllcorner     100.000000
yllcorner     100.000000
cellsize      50.000000
NODATA_value  -9999.0
0.000000 0.000000 0.000000 0.000000 0.000000 0.000000 0.000000 0.000000 0.000000 0.000000 0.000000 0.000000 0.000000 0.000000 0.000000 0.000000 0.000000 0.000000 0.000000 0.000000 0.000000
0.000000 0.000000 0.350095 0.350095 0.350095 0.350095 0.350095 0.350095 0.350095 0.350095 0.350094 0.350095 0.350095 0.350095 0.350095 0.350095 0.350095 0.350095 0.350095 0.000000 0.000000
0.000000 0.000000 0.349994 0.349993 0.349993 0.349994 0.349994 0.349993 0.349994 0.349994 0.349994 0.349994 0.349994 0.349993 0.349994 0.349994 0.349993 0.349993 0.349994 0.000000 0.000000
0.000000 0.000000 0.351378 0.351378 0.351375 0.351376 0.351379 0.351378 0.351378 0.351378 0.351379 0.351378 0.351378 0.351378 0.351379 0.351376 0.351375 0.351378 0.351378 0.000000 0.000000
0.000000 0.000000 0.356347 0.356346 0.356344 0.356344 0.356346 0.356345 0.356345 0.356347 0.356347 0.356347 0.356345 0.356345 0.356346 0.356344 0.356344 0.356346 0.356347 0.000000 0.000000
0.000000 0.000000 0.362493 0.362493 0.362491 0.362491 0.362494 0.362493 0.362493 0.362493 0.362494 0.362493 0.362493 0.362493 0.362494 0.362491 0.362491 0.362493 0.362493 0.000000 0.000000
0.000000 0.000000 0.368056 0.368056 0.368054 0.368054 0.368056 0.368055 0.368055 0.368056 0.368057 0.368056 0.368055 0.368055 0.368056 0.368054 0.368054 0.368056 0.368056 0.000000 0.000000
0.000000 0.000000 0.373076 0.373075 0.373074 0.373074 0.373076 0.373075 0.373075 0.373076 0.373076 0.373076 0.373075 0.373075 0.373076 0.373074 0.373074 0.373075 0.373076 0.000000 0.000000
0.000000 0.000000 0.377700 0.377699 0.377698 0.377698 0.377700 0.377699 0.377699 0.377700 0.377700 0.377700 0.377699 0.377699 0.377700 0.377698 0.377698 0.377699 0.377700 0.000000 0.000000
0.000000 0.000000 0.382038 0.382037 0.382036 0.382037 0.382038 0.382037 0.382037 0.382038 0.382038 0.382038 0.382037 0.382037 0.382038 0.382037 0.382036 0.382037 0.382038 0.000000 0.000000
0.000000 0.000000 0.386147 0.386147 0.386146 0.386146 0.386147 0.386147 0.386147 0.386147 0.386148 0.386147 0.386147 0.386147 0.386147 0.386146 0.386146 0.386147 0.386147 0.000000 0.000000
0.000000 0.000000 0.390069 0.390069 0.390068 0.390068 0.390069 0.390068 0.390068 0.390069 0.390069 0.390069 0.390068 0.390068 0.390069 0.390068 0.390068 0.390069 0.390069 0.000000 0.000000
0.000000 0.000000 0.393833 0.393832 0.393831 0.393832 0.393833 0.393832 0.393832 0.393833 0.393833 0.393833 0.393832 0.393832 0.393833 0.393832 0.393831 0.393832 0.393833 0.000000 0.000000
0.000000 0.000000 0.397467 0.397467 0.397466 0.397466 0.397467 0.397466 0.397466 0.397467 0.397467 0.397467 0.397466 0.397466 0.397467 0.397466 0.397466 0.397467 0.397467 0.000000 0.000000
0.000000 0.000000 0.400983 0.400983 0.400982 0.400982 0.400983 0.400983 0.400982 0.400983 0.400983 0.400983 0.400982 0.400983 0.400983 0.400982 0.400982 0.400983 0.400983 0.000000 0.000000
0.000000 0.000000 0.404385 0.404385 0.404384 0.404385 0.404386 0.404385 0.404385 0.404386 0.404386 0.404386 0.404385 0.404385 0.404386 0.404385 0.404384 0.404385 0.404385 0.000000 0.000000
0.000000 0.000000 0.407687 0.407687 0.407686 0.407686 0.407687 0.407686 0.407686 0.407687 0.407687 0.407687 0.407686 0.407686 0.407687 0.407686 0.407686 0.407687 0.407687 0.000000 0.000000
0.000000 0.000000 0.410935 0.410935 0.410934 0.410934 0.410935 0.410935 0.410935 0.410935 0.410936 0.410935 0.410935 0.410935 0.410935 0.410934 0.410934 0.410935 0.410935 0.000000 0.000000
0.000000 0.000000 0.350000 0.350000 0.350000 0.350000 0.350000 0.350000 0.350000 0.350000 0.350000 0.350000 0.350000 0.350000 0.350000 0.350000 0.350000 0.350000 0.350000 0.000000 0.000000
0.000000 0.000000 0.000000 0.000000 0.000000 0.000000 0.000000 0.000000 0.000000 0.000000 0.000000 0.000000 0.000000 0.000000 0.000000 0.000000 0.000000 0.000000 0.000000 0.000000 0.000000