geotop/1.0zi/1.0Montebello/Templates/testdem/maps/_Eocsilt3825.asc
ncols         21
nrows         20
xllcorner     100.000000
yllcorner     100.000000
cellsize      50.000000
NODATA_value  -9999.0
0.000000 0.000000 0.000000 0.000000 0.000000 0.000000 0.000000 0.000000 0.000000 0.000000 0.000000 0.000000 0.000000 0.000000 0.000000 0.000000 0.000000 0.000000 0.000000 0.000000 0.000000
0.000000 0.000000 0.350076 0.350076 0.350076 0.350076 0.350076 0.350076 0.350076 0.350076 0.350076 0.350076 0.350076 0.350076 0.350076 0.350076 0.350077 0.350076 0.350076 0.000000 0.000000
0.000000 0.000000 0.350001 0.350002 0.350002 0.350002 0.350003 0.350003 0.350003 0.350003 0.350003 0.350003 0.350003 0.350002 0.350002 0.350002 0.350001 0.350001 0.350001 0.000000 0.000000
0.000000 0.000000 0.350032 0.350031 0.350031 0.350027 0.350029 0.350026 0.350028 0.350028 0.350028 0.350028 0.350028 0.350027 0.350027 0.350030 0.350031 0.350032 0.350032 0.000000 0.000000
0.000000 0.000000 0.350374 0.350378 0.350374 0.350377 0.350375 0.350373 0.350372 0.350369 0.350369 0.350370 0.350372 0.350372 0.350372 0.350371 0.350370 0.350375 0.350377 0.000000 0.000000
0.000000 0.000000 0.351426 0.351427 0.351423 0.351416 0.351410 0.351396 0.351396 0.351392 0.351396 0.351397 0.351397 0.351399 0.351406 0.351412 0.351414 0.351413 0.351414 0.000000 0.000000
0.000000 0.000000 0.352966 0.352968 0.352964 0.352950 0.352933 0.352917 0.352918 0.352914 0.352918 0.352917 0.352919 0.352923 0.352938 0.352951 0.352954 0.352956 0.352962 0.000000 0.000000
0.000000 0.000000 0.354742 0.354740 0.354735 0.354719 0.354700 0.354682 0.354683 0.354680 0.354680 0.354680 0.354681 0.354686 0.354707 0.354722 0.354731 0.354731 0.354735 0.000000 0.000000
0.000000 0.000000 0.356527 0.356523 0.356516 0.356503 0.356485 0.356463 0.356464 0.356460 0.356461 0.356461 0.356463 0.356469 0.356488 0.356505 0.356511 0.356514 0.356521 0.000000 0.000000
0.000000 0.000000 0.358294 0.358291 0.358285 0.358272 0.358251 0.358232 0.358234 0.358231 0.358232 0.358232 0.358233 0.358237 0.358259 0.358275 0.358280 0.358282 0.358287 0.000000 0.000000
0.000000 0.000000 0.360064 0.360061 0.360055 0.360044 0.360027 0.360005 0.360006 0.360001 0.360002 0.360003 0.360004 0.360009 0.360028 0.360040 0.360047 0.360049 0.360055 0.000000 0.000000
0.000000 0.000000 0.361882 0.361880 0.361872 0.361857 0.361839 0.361817 0.361816 0.361813 0.361814 0.361814 0.361816 0.361821 0.361844 0.361858 0.361865 0.361867 0.361887 0.000000 0.000000
0.000000 0.000000 0.363710 0.363707 0.363699 0.363687 0.363667 0.363626 0.363626 0.363622 0.363622 0.363623 0.363624 0.363630 0.363667 0.363684 0.363690 0.363692 0.363706 0.000000 0.000000
0.000000 0.000000 0.365629 0.365623 0.365616 0.365604 0.365561 0.365547 0.365540 0.365537 0.365538 0.365539 0.365540 0.365545 0.365561 0.365598 0.365605 0.365612 0.365619 0.000000 0.000000
0.000000 0.000000 0.367679 0.367675 0.367660 0.367625 0.367600 0.367574 0.367561 0.367557 0.367552 0.367551 0.367557 0.367558 0.367580 0.367608 0.367647 0.367644 0.367650 0.000000 0.000000
0.000000 0.000000 0.369774 0.369769 0.369728 0.369717 0.369699 0.369683 0.369680 0.369678 0.369680 0.369680 0.369678 0.369691 0.369701 0.369714 0.369715 0.369753 0.369764 0.000000 0.000000
0.000000 0.000000 0.372078 0.372032 0.371993 0.371975 0.371943 0.371926 0.371922 0.371920 0.371915 0.371915 0.371919 0.371922 0.371935 0.371966 0.371983 0.372005 0.372052 0.000000 0.000000
0.000000 0.000000 0.373913 0.373899 0.373923 0.373899 0.373869 0.373818 0.373812 0.373807 0.373809 0.373809 0.373810 0.373818 0.373865 0.373893 0.373922 0.373880 0.373903 0.000000 0.000000
0.000000 0.000000 0.350000 0.350000 0.350000 0.350000 0.350000 0.350000 0.350000 0.350000 0.350000 0.350000 0.350000 0.350000 0.350000 0.350000 0.350000 0.350000 0.350000 0.000000 0.000000
0.000000 0.000000 0.000000 0.000000 0.000000 0.000000 0.000000 0.000000 0.000000 0.000000 0.000000 0.000000 0.000000 0.000000 0.000000 0.000000 0.000000 0.000000 0.000000 0.000000 0.000000