geotop/1.0zi/1.0Montebello/Templates/testdem/maps/_Eocsand8563.asc
ncols         21
nrows         20
xllcorner     100.000000
yllcorner     100.000000
cellsize      50.000000
NODATA_value  -9999.0
0.000000 0.000000 0.000000 0.000000 0.000000 0.000000 0.000000 0.000000 0.000000 0.000000 0.000000 0.000000 0.000000 0.000000 0.000000 0.000000 0.000000 0.000000 0.000000 0.000000 0.000000
0.000000 0.000000 0.300214 0.300212 0.300212 0.300212 0.300211 0.300211 0.300211 0.300211 0.300212 0.300211 0.300212 0.300212 0.300211 0.300212 0.300213 0.300213 0.300213 0.000000 0.000000
0.000000 0.000000 0.300012 0.300013 0.300013 0.300011 0.300012 0.300013 0.300013 0.300012 0.300013 0.300013 0.300012 0.300012 0.300012 0.300012 0.300013 0.300014 0.300014 0.000000 0.000000
0.000000 0.000000 0.299893 0.299892 0.299897 0.299905 0.299900 0.299908 0.299903 0.299906 0.299906 0.299906 0.299906 0.299907 0.299903 0.299898 0.299896 0.299892 0.299893 0.000000 0.000000
0.000000 0.000000 0.297872 0.297873 0.297887 0.297905 0.297931 0.297939 0.297944 0.297945 0.297947 0.297943 0.297941 0.297940 0.297917 0.297911 0.297898 0.297886 0.297874 0.000000 0.000000
0.000000 0.000000 0.291897 0.291902 0.291929 0.291979 0.292017 0.292063 0.292063 0.292077 0.292067 0.292066 0.292058 0.292061 0.292035 0.292003 0.291973 0.291953 0.291941 0.000000 0.000000
0.000000 0.000000 0.283509 0.283523 0.283542 0.283597 0.283667 0.283746 0.283746 0.283755 0.283753 0.283752 0.283753 0.283748 0.283680 0.283622 0.283587 0.283559 0.283543 0.000000 0.000000
0.000000 0.000000 0.273573 0.273583 0.273598 0.273662 0.273727 0.273813 0.273813 0.273825 0.273826 0.273830 0.273834 0.273818 0.273745 0.273689 0.273634 0.273619 0.273592 0.000000 0.000000
0.000000 0.000000 0.262879 0.262903 0.262933 0.262974 0.263048 0.263141 0.263135 0.263155 0.263160 0.263163 0.263159 0.263163 0.263071 0.263000 0.262956 0.262935 0.262912 0.000000 0.000000
0.000000 0.000000 0.251469 0.251494 0.251512 0.251553 0.251658 0.251742 0.251741 0.251752 0.251765 0.251755 0.251743 0.251748 0.251671 0.251586 0.251535 0.251517 0.251501 0.000000 0.000000
0.000000 0.000000 0.238950 0.238965 0.238984 0.239081 0.239150 0.239257 0.239229 0.239290 0.239277 0.239281 0.239301 0.239266 0.239190 0.239140 0.239070 0.239036 0.238988 0.000000 0.000000
0.000000 0.000000 0.224905 0.224950 0.224993 0.225046 0.225138 0.225261 0.225274 0.225283 0.225256 0.225300 0.225281 0.225280 0.225145 0.225074 0.225031 0.225003 0.224891 0.000000 0.000000
0.000000 0.000000 0.209555 0.209601 0.209607 0.209704 0.209775 0.210123 0.210130 0.210146 0.210244 0.210185 0.210170 0.210138 0.209870 0.209806 0.209672 0.209662 0.209608 0.000000 0.000000
0.000000 0.000000 0.191298 0.191312 0.191387 0.191450 0.191903 0.191845 0.191936 0.191935 0.191897 0.191933 0.191940 0.191974 0.192029 0.191554 0.191495 0.191369 0.191286 0.000000 0.000000
0.000000 0.000000 0.169602 0.169651 0.169744 0.170330 0.170246 0.170546 0.170670 0.170700 0.170805 0.170867 0.170800 0.170812 0.170519 0.170578 0.169803 0.169937 0.169931 0.000000 0.000000
0.000000 0.000000 0.145991 0.146033 0.146875 0.146595 0.146678 0.146731 0.146399 0.146500 0.146321 0.146371 0.146514 0.146308 0.146315 0.146257 0.146952 0.145711 0.145729 0.000000 0.000000
0.000000 0.000000 0.117394 0.118667 0.118323 0.118838 0.119475 0.119668 0.120048 0.119959 0.120355 0.120310 0.120079 0.120316 0.119980 0.119511 0.118370 0.119180 0.117856 0.000000 0.000000
0.000000 0.000000 0.108463 0.107288 0.106297 0.106284 0.106208 0.107179 0.106995 0.107285 0.106797 0.106892 0.106973 0.106808 0.106006 0.106063 0.106115 0.106858 0.108017 0.000000 0.000000
0.000000 0.000000 0.300000 0.300000 0.300000 0.300000 0.300000 0.300000 0.300000 0.300000 0.300000 0.300000 0.300000 0.300000 0.300000 0.300000 0.300000 0.300000 0.300000 0.000000 0.000000
0.000000 0.000000 0.000000 0.000000 0.000000 0.000000 0.000000 0.000000 0.000000 0.000000 0.000000 0.000000 0.000000 0.000000 0.000000 0.000000 0.000000 0.000000 0.000000 0.000000 0.000000