geotop/1.0zi/1.0Montebello/Templates/testdem/maps/_Eocsand8033.asc
ncols         21
nrows         20
xllcorner     100.000000
yllcorner     100.000000
cellsize      50.000000
NODATA_value  -9999.0
0.000000 0.000000 0.000000 0.000000 0.000000 0.000000 0.000000 0.000000 0.000000 0.000000 0.000000 0.000000 0.000000 0.000000 0.000000 0.000000 0.000000 0.000000 0.000000 0.000000 0.000000
0.000000 0.000000 0.300205 0.300203 0.300203 0.300204 0.300203 0.300202 0.300202 0.300202 0.300203 0.300202 0.300203 0.300203 0.300202 0.300203 0.300204 0.300204 0.300204 0.000000 0.000000
0.000000 0.000000 0.300011 0.300012 0.300012 0.300010 0.300011 0.300012 0.300011 0.300011 0.300012 0.300012 0.300011 0.300011 0.300011 0.300011 0.300012 0.300013 0.300013 0.000000 0.000000
0.000000 0.000000 0.299894 0.299893 0.299897 0.299905 0.299901 0.299909 0.299904 0.299906 0.299906 0.299906 0.299906 0.299908 0.299903 0.299898 0.299896 0.299893 0.299894 0.000000 0.000000
0.000000 0.000000 0.297978 0.297976 0.297984 0.298000 0.298022 0.298032 0.298039 0.298037 0.298041 0.298040 0.298044 0.298038 0.298014 0.298007 0.297995 0.297984 0.297974 0.000000 0.000000
0.000000 0.000000 0.292453 0.292454 0.292477 0.292522 0.292556 0.292604 0.292604 0.292617 0.292609 0.292610 0.292606 0.292605 0.292582 0.292549 0.292520 0.292498 0.292487 0.000000 0.000000
0.000000 0.000000 0.284711 0.284719 0.284740 0.284791 0.284854 0.284928 0.284929 0.284939 0.284936 0.284938 0.284941 0.284934 0.284871 0.284814 0.284779 0.284751 0.284736 0.000000 0.000000
0.000000 0.000000 0.275553 0.275557 0.275573 0.275631 0.275692 0.275774 0.275774 0.275783 0.275785 0.275791 0.275795 0.275780 0.275711 0.275657 0.275604 0.275588 0.275564 0.000000 0.000000
0.000000 0.000000 0.265782 0.265798 0.265828 0.265866 0.265932 0.266019 0.266015 0.266034 0.266039 0.266043 0.266041 0.266043 0.265958 0.265889 0.265847 0.265827 0.265807 0.000000 0.000000
0.000000 0.000000 0.255476 0.255495 0.255511 0.255549 0.255644 0.255723 0.255723 0.255733 0.255745 0.255739 0.255727 0.255732 0.255660 0.255581 0.255532 0.255516 0.255501 0.000000 0.000000
0.000000 0.000000 0.244305 0.244318 0.244337 0.244418 0.244485 0.244577 0.244558 0.244608 0.244601 0.244604 0.244622 0.244589 0.244523 0.244474 0.244411 0.244378 0.244337 0.000000 0.000000
0.000000 0.000000 0.231935 0.231968 0.232008 0.232060 0.232135 0.232251 0.232259 0.232273 0.232246 0.232287 0.232275 0.232268 0.232149 0.232088 0.232044 0.232021 0.231918 0.000000 0.000000
0.000000 0.000000 0.218587 0.218620 0.218636 0.218711 0.218778 0.219077 0.219081 0.219099 0.219177 0.219137 0.219120 0.219092 0.218865 0.218803 0.218689 0.218677 0.218626 0.000000 0.000000
0.000000 0.000000 0.202994 0.203004 0.203069 0.203121 0.203493 0.203471 0.203548 0.203548 0.203527 0.203549 0.203559 0.203575 0.203604 0.203219 0.203154 0.203054 0.202981 0.000000 0.000000
0.000000 0.000000 0.184656 0.184690 0.184769 0.185237 0.185209 0.185441 0.185549 0.185575 0.185653 0.185710 0.185659 0.185669 0.185444 0.185444 0.184825 0.184917 0.184904 0.000000 0.000000
0.000000 0.000000 0.164540 0.164571 0.165247 0.165082 0.165132 0.165204 0.164957 0.165038 0.164909 0.164960 0.165069 0.164900 0.164878 0.164841 0.165307 0.164343 0.164359 0.000000 0.000000
0.000000 0.000000 0.139553 0.140618 0.140428 0.140818 0.141355 0.141512 0.141791 0.141727 0.142039 0.142014 0.141838 0.142007 0.141739 0.141344 0.140468 0.141005 0.139902 0.000000 0.000000
0.000000 0.000000 0.129886 0.128918 0.127997 0.128004 0.127978 0.128859 0.128723 0.128979 0.128572 0.128657 0.128714 0.128577 0.127838 0.127859 0.127829 0.128564 0.129511 0.000000 0.000000
0.000000 0.000000 0.300000 0.300000 0.300000 0.300000 0.300000 0.300000 0.300000 0.300000 0.300000 0.300000 0.300000 0.300000 0.300000 0.300000 0.300000 0.300000 0.300000 0.000000 0.000000
0.000000 0.000000 0.000000 0.000000 0.000000 0.000000 0.000000 0.000000 0.000000 0.000000 0.000000 0.000000 0.000000 0.000000 0.000000 0.000000 0.000000 0.000000 0.000000 0.000000 0.000000