geotop/1.0zi/1.0Montebello/Templates/testdem/maps/_Eocsilt7691.asc
ncols         21
nrows         20
xllcorner     100.000000
yllcorner     100.000000
cellsize      50.000000
NODATA_value  -9999.0
0.000000 0.000000 0.000000 0.000000 0.000000 0.000000 0.000000 0.000000 0.000000 0.000000 0.000000 0.000000 0.000000 0.000000 0.000000 0.000000 0.000000 0.000000 0.000000 0.000000 0.000000
0.000000 0.000000 0.350158 0.350158 0.350159 0.350159 0.350158 0.350159 0.350159 0.350158 0.350159 0.350158 0.350158 0.350158 0.350158 0.350158 0.350159 0.350159 0.350158 0.000000 0.000000
0.000000 0.000000 0.350005 0.350005 0.350004 0.350004 0.350005 0.350005 0.350005 0.350005 0.350005 0.350005 0.350006 0.350006 0.350005 0.350004 0.350003 0.350003 0.350004 0.000000 0.000000
0.000000 0.000000 0.350103 0.350099 0.350098 0.350091 0.350093 0.350087 0.350090 0.350090 0.350087 0.350089 0.350089 0.350089 0.350092 0.350095 0.350099 0.350098 0.350099 0.000000 0.000000
0.000000 0.000000 0.350968 0.350974 0.350970 0.350959 0.350954 0.350947 0.350943 0.350942 0.350942 0.350942 0.350943 0.350945 0.350958 0.350963 0.350965 0.350975 0.350978 0.000000 0.000000
0.000000 0.000000 0.353411 0.353413 0.353403 0.353387 0.353369 0.353348 0.353347 0.353341 0.353345 0.353345 0.353347 0.353346 0.353358 0.353369 0.353381 0.353389 0.353395 0.000000 0.000000
0.000000 0.000000 0.356949 0.356945 0.356934 0.356909 0.356879 0.356846 0.356847 0.356843 0.356844 0.356842 0.356839 0.356845 0.356873 0.356898 0.356915 0.356930 0.356937 0.000000 0.000000
0.000000 0.000000 0.361157 0.361156 0.361150 0.361124 0.361094 0.361059 0.361058 0.361054 0.361053 0.361050 0.361048 0.361055 0.361086 0.361113 0.361138 0.361144 0.361156 0.000000 0.000000
0.000000 0.000000 0.365661 0.365653 0.365639 0.365621 0.365590 0.365549 0.365551 0.365542 0.365540 0.365538 0.365539 0.365538 0.365579 0.365611 0.365631 0.365641 0.365651 0.000000 0.000000
0.000000 0.000000 0.370360 0.370351 0.370344 0.370327 0.370284 0.370248 0.370248 0.370243 0.370237 0.370240 0.370245 0.370243 0.370277 0.370313 0.370336 0.370344 0.370351 0.000000 0.000000
0.000000 0.000000 0.375384 0.375379 0.375371 0.375334 0.375304 0.375262 0.375271 0.375248 0.375251 0.375250 0.375242 0.375257 0.375287 0.375310 0.375338 0.375354 0.375373 0.000000 0.000000
0.000000 0.000000 0.380899 0.380884 0.380867 0.380843 0.380810 0.380758 0.380755 0.380748 0.380760 0.380742 0.380747 0.380751 0.380805 0.380832 0.380851 0.380863 0.380910 0.000000 0.000000
0.000000 0.000000 0.386788 0.386774 0.386767 0.386734 0.386705 0.386576 0.386574 0.386566 0.386533 0.386549 0.386557 0.386569 0.386668 0.386695 0.386744 0.386751 0.386776 0.000000 0.000000
0.000000 0.000000 0.393570 0.393564 0.393538 0.393515 0.393362 0.393362 0.393330 0.393329 0.393335 0.393327 0.393324 0.393318 0.393313 0.393472 0.393503 0.393545 0.393578 0.000000 0.000000
0.000000 0.000000 0.401447 0.401434 0.401400 0.401212 0.401212 0.401118 0.401072 0.401061 0.401030 0.401006 0.401026 0.401022 0.401112 0.401126 0.401376 0.401344 0.401353 0.000000 0.000000
0.000000 0.000000 0.410075 0.410061 0.409794 0.409840 0.409823 0.409786 0.409877 0.409844 0.409890 0.409868 0.409827 0.409893 0.409911 0.409925 0.409769 0.410144 0.410139 0.000000 0.000000
0.000000 0.000000 0.420725 0.420305 0.420343 0.420199 0.419988 0.419925 0.419829 0.419849 0.419733 0.419740 0.419804 0.419747 0.419852 0.420007 0.420327 0.420170 0.420603 0.000000 0.000000
0.000000 0.000000 0.425702 0.426036 0.426417 0.426397 0.426382 0.426023 0.426063 0.425964 0.426110 0.426077 0.426064 0.426110 0.426419 0.426429 0.426486 0.426163 0.425840 0.000000 0.000000
0.000000 0.000000 0.350000 0.350000 0.350000 0.350000 0.350000 0.350000 0.350000 0.350000 0.350000 0.350000 0.350000 0.350000 0.350000 0.350000 0.350000 0.350000 0.350000 0.000000 0.000000
0.000000 0.000000 0.000000 0.000000 0.000000 0.000000 0.000000 0.000000 0.000000 0.000000 0.000000 0.000000 0.000000 0.000000 0.000000 0.000000 0.000000 0.000000 0.000000 0.000000 0.000000