geotop/1.0zi/1.0Montebello/Templates/testdem/maps/_Eocsilt5832.asc
ncols         21
nrows         20
xllcorner     100.000000
yllcorner     100.000000
cellsize      50.000000
NODATA_value  -9999.0
0.000000 0.000000 0.000000 0.000000 0.000000 0.000000 0.000000 0.000000 0.000000 0.000000 0.000000 0.000000 0.000000 0.000000 0.000000 0.000000 0.000000 0.000000 0.000000 0.000000 0.000000
0.000000 0.000000 0.350116 0.350116 0.350116 0.350116 0.350116 0.350116 0.350116 0.350116 0.350116 0.350116 0.350116 0.350116 0.350116 0.350116 0.350116 0.350116 0.350116 0.000000 0.000000
0.000000 0.000000 0.350002 0.350002 0.350002 0.350003 0.350003 0.350003 0.350003 0.350003 0.350003 0.350003 0.350003 0.350003 0.350003 0.350002 0.350001 0.350001 0.350002 0.000000 0.000000
0.000000 0.000000 0.350046 0.350045 0.350044 0.350039 0.350040 0.350038 0.350040 0.350041 0.350040 0.350039 0.350039 0.350039 0.350041 0.350044 0.350045 0.350047 0.350046 0.000000 0.000000
0.000000 0.000000 0.350524 0.350527 0.350525 0.350522 0.350519 0.350514 0.350512 0.350511 0.350509 0.350510 0.350512 0.350513 0.350518 0.350520 0.350520 0.350529 0.350533 0.000000 0.000000
0.000000 0.000000 0.352012 0.352015 0.352012 0.351999 0.351988 0.351971 0.351969 0.351965 0.351969 0.351972 0.351972 0.351968 0.351975 0.351981 0.351990 0.351993 0.351998 0.000000 0.000000
0.000000 0.000000 0.354297 0.354295 0.354290 0.354272 0.354251 0.354228 0.354229 0.354227 0.354230 0.354230 0.354227 0.354230 0.354246 0.354263 0.354271 0.354280 0.354286 0.000000 0.000000
0.000000 0.000000 0.357088 0.357089 0.357089 0.357072 0.357051 0.357025 0.357026 0.357023 0.357023 0.357023 0.357021 0.357024 0.357043 0.357062 0.357077 0.357080 0.357089 0.000000 0.000000
0.000000 0.000000 0.360021 0.360016 0.360009 0.359998 0.359978 0.359948 0.359950 0.359945 0.359942 0.359944 0.359944 0.359941 0.359968 0.359988 0.360002 0.360007 0.360016 0.000000 0.000000
0.000000 0.000000 0.362965 0.362960 0.362958 0.362950 0.362922 0.362896 0.362898 0.362895 0.362891 0.362895 0.362898 0.362895 0.362915 0.362938 0.362952 0.362954 0.362959 0.000000 0.000000
0.000000 0.000000 0.365987 0.365985 0.365985 0.365963 0.365944 0.365916 0.365922 0.365909 0.365909 0.365911 0.365907 0.365914 0.365930 0.365945 0.365960 0.365969 0.365981 0.000000 0.000000
0.000000 0.000000 0.369166 0.369159 0.369151 0.369137 0.369120 0.369086 0.369087 0.369079 0.369088 0.369080 0.369082 0.369084 0.369114 0.369127 0.369138 0.369142 0.369174 0.000000 0.000000
0.000000 0.000000 0.372428 0.372422 0.372420 0.372403 0.372388 0.372319 0.372319 0.372313 0.372299 0.372307 0.372312 0.372317 0.372366 0.372379 0.372403 0.372405 0.372428 0.000000 0.000000
0.000000 0.000000 0.375973 0.375969 0.375961 0.375950 0.375884 0.375867 0.375852 0.375851 0.375846 0.375849 0.375849 0.375846 0.375854 0.375919 0.375940 0.375957 0.375979 0.000000 0.000000
0.000000 0.000000 0.379880 0.379875 0.379861 0.379792 0.379770 0.379730 0.379705 0.379701 0.379688 0.379680 0.379688 0.379682 0.379712 0.379743 0.379841 0.379833 0.379847 0.000000 0.000000
0.000000 0.000000 0.384019 0.384014 0.383924 0.383909 0.383904 0.383878 0.383896 0.383885 0.383893 0.383884 0.383873 0.383890 0.383906 0.383915 0.383907 0.384022 0.384025 0.000000 0.000000
0.000000 0.000000 0.388761 0.388638 0.388597 0.388561 0.388502 0.388472 0.388461 0.388460 0.388433 0.388430 0.388441 0.388435 0.388469 0.388513 0.388583 0.388609 0.388734 0.000000 0.000000
0.000000 0.000000 0.392207 0.392214 0.392324 0.392294 0.392247 0.392133 0.392130 0.392105 0.392122 0.392115 0.392123 0.392125 0.392230 0.392263 0.392338 0.392225 0.392226 0.000000 0.000000
0.000000 0.000000 0.350000 0.350000 0.350000 0.350000 0.350000 0.350000 0.350000 0.350000 0.350000 0.350000 0.350000 0.350000 0.350000 0.350000 0.350000 0.350000 0.350000 0.000000 0.000000
0.000000 0.000000 0.000000 0.000000 0.000000 0.000000 0.000000 0.000000 0.000000 0.000000 0.000000 0.000000 0.000000 0.000000 0.000000 0.000000 0.000000 0.000000 0.000000 0.000000 0.000000