geotop/1.0zi/1.0Montebello/Templates/testdem/maps/_Eocsilt7404.asc
ncols         21
nrows         20
xllcorner     100.000000
yllcorner     100.000000
cellsize      50.000000
NODATA_value  -9999.0
0.000000 0.000000 0.000000 0.000000 0.000000 0.000000 0.000000 0.000000 0.000000 0.000000 0.000000 0.000000 0.000000 0.000000 0.000000 0.000000 0.000000 0.000000 0.000000 0.000000 0.000000
0.000000 0.000000 0.350151 0.350152 0.350152 0.350153 0.350152 0.350152 0.350152 0.350152 0.350153 0.350152 0.350152 0.350152 0.350152 0.350152 0.350153 0.350153 0.350152 0.000000 0.000000
0.000000 0.000000 0.350005 0.350004 0.350004 0.350004 0.350004 0.350004 0.350004 0.350004 0.350005 0.350005 0.350005 0.350005 0.350004 0.350004 0.350002 0.350002 0.350004 0.000000 0.000000
0.000000 0.000000 0.350100 0.350097 0.350095 0.350089 0.350091 0.350086 0.350089 0.350089 0.350086 0.350088 0.350088 0.350088 0.350090 0.350093 0.350096 0.350096 0.350097 0.000000 0.000000
0.000000 0.000000 0.350948 0.350954 0.350950 0.350940 0.350934 0.350927 0.350924 0.350923 0.350922 0.350923 0.350923 0.350925 0.350938 0.350943 0.350945 0.350955 0.350957 0.000000 0.000000
0.000000 0.000000 0.353290 0.353291 0.353282 0.353266 0.353249 0.353228 0.353227 0.353222 0.353225 0.353226 0.353227 0.353226 0.353237 0.353249 0.353260 0.353268 0.353273 0.000000 0.000000
0.000000 0.000000 0.356655 0.356651 0.356641 0.356617 0.356587 0.356556 0.356557 0.356554 0.356554 0.356553 0.356549 0.356555 0.356581 0.356606 0.356622 0.356637 0.356644 0.000000 0.000000
0.000000 0.000000 0.360665 0.360664 0.360658 0.360633 0.360605 0.360571 0.360570 0.360567 0.360565 0.360562 0.360561 0.360567 0.360597 0.360623 0.360647 0.360653 0.360664 0.000000 0.000000
0.000000 0.000000 0.364938 0.364931 0.364917 0.364901 0.364871 0.364832 0.364834 0.364825 0.364823 0.364821 0.364822 0.364821 0.364860 0.364891 0.364910 0.364920 0.364930 0.000000 0.000000
0.000000 0.000000 0.369372 0.369364 0.369357 0.369341 0.369300 0.369265 0.369266 0.369262 0.369256 0.369258 0.369263 0.369261 0.369293 0.369328 0.369350 0.369357 0.369364 0.000000 0.000000
0.000000 0.000000 0.374082 0.374077 0.374070 0.374036 0.374006 0.373968 0.373976 0.373955 0.373957 0.373956 0.373949 0.373962 0.373991 0.374013 0.374039 0.374054 0.374072 0.000000 0.000000
0.000000 0.000000 0.379218 0.379204 0.379189 0.379166 0.379135 0.379086 0.379084 0.379077 0.379088 0.379072 0.379076 0.379080 0.379130 0.379155 0.379174 0.379184 0.379229 0.000000 0.000000
0.000000 0.000000 0.384667 0.384653 0.384647 0.384617 0.384590 0.384471 0.384470 0.384462 0.384432 0.384446 0.384453 0.384464 0.384555 0.384581 0.384626 0.384632 0.384657 0.000000 0.000000
0.000000 0.000000 0.390884 0.390879 0.390856 0.390835 0.390696 0.390693 0.390664 0.390664 0.390666 0.390661 0.390657 0.390653 0.390650 0.390794 0.390823 0.390862 0.390893 0.000000 0.000000
0.000000 0.000000 0.398052 0.398040 0.398010 0.397845 0.397836 0.397755 0.397712 0.397704 0.397675 0.397653 0.397671 0.397666 0.397745 0.397765 0.397986 0.397960 0.397970 0.000000 0.000000
0.000000 0.000000 0.405874 0.405862 0.405629 0.405659 0.405645 0.405609 0.405684 0.405656 0.405693 0.405672 0.405638 0.405695 0.405715 0.405728 0.405607 0.405929 0.405925 0.000000 0.000000
0.000000 0.000000 0.415475 0.415113 0.415127 0.415007 0.414825 0.414769 0.414694 0.414710 0.414612 0.414616 0.414667 0.414623 0.414713 0.414848 0.415112 0.415004 0.415376 0.000000 0.000000
0.000000 0.000000 0.420393 0.420651 0.420988 0.420959 0.420930 0.420615 0.420642 0.420559 0.420675 0.420647 0.420640 0.420676 0.420951 0.420971 0.421047 0.420752 0.420505 0.000000 0.000000
0.000000 0.000000 0.350000 0.350000 0.350000 0.350000 0.350000 0.350000 0.350000 0.350000 0.350000 0.350000 0.350000 0.350000 0.350000 0.350000 0.350000 0.350000 0.350000 0.000000 0.000000
0.000000 0.000000 0.000000 0.000000 0.000000 0.000000 0.000000 0.000000 0.000000 0.000000 0.000000 0.000000 0.000000 0.000000 0.000000 0.000000 0.000000 0.000000 0.000000 0.000000 0.000000