geotop/1.0zi/1.0Montebello/Templates/testdem/maps/_Eocsilt8225.asc
ncols         21
nrows         20
xllcorner     100.000000
yllcorner     100.000000
cellsize      50.000000
NODATA_value  -9999.0
0.000000 0.000000 0.000000 0.000000 0.000000 0.000000 0.000000 0.000000 0.000000 0.000000 0.000000 0.000000 0.000000 0.000000 0.000000 0.000000 0.000000 0.000000 0.000000 0.000000 0.000000
0.000000 0.000000 0.350172 0.350172 0.350172 0.350173 0.350172 0.350172 0.350172 0.350172 0.350173 0.350172 0.350172 0.350172 0.350172 0.350172 0.350173 0.350173 0.350172 0.000000 0.000000
0.000000 0.000000 0.350005 0.350005 0.350005 0.350005 0.350006 0.350006 0.350006 0.350006 0.350006 0.350006 0.350006 0.350006 0.350006 0.350005 0.350004 0.350004 0.350005 0.000000 0.000000
0.000000 0.000000 0.350102 0.350099 0.350097 0.350091 0.350092 0.350087 0.350090 0.350090 0.350087 0.350089 0.350089 0.350089 0.350092 0.350095 0.350098 0.350098 0.350100 0.000000 0.000000
0.000000 0.000000 0.351045 0.351051 0.351046 0.351035 0.351028 0.351021 0.351017 0.351016 0.351015 0.351015 0.351016 0.351018 0.351032 0.351036 0.351040 0.351050 0.351052 0.000000 0.000000
0.000000 0.000000 0.353811 0.353812 0.353802 0.353786 0.353767 0.353744 0.353742 0.353737 0.353741 0.353742 0.353743 0.353742 0.353754 0.353768 0.353781 0.353789 0.353795 0.000000 0.000000
0.000000 0.000000 0.357757 0.357753 0.357742 0.357716 0.357683 0.357648 0.357648 0.357644 0.357645 0.357643 0.357640 0.357646 0.357676 0.357704 0.357722 0.357737 0.357745 0.000000 0.000000
0.000000 0.000000 0.362422 0.362421 0.362414 0.362386 0.362355 0.362315 0.362314 0.362310 0.362309 0.362306 0.362304 0.362311 0.362345 0.362374 0.362401 0.362408 0.362420 0.000000 0.000000
0.000000 0.000000 0.367447 0.367438 0.367423 0.367404 0.367370 0.367325 0.367327 0.367317 0.367315 0.367313 0.367315 0.367314 0.367357 0.367392 0.367414 0.367425 0.367436 0.000000 0.000000
0.000000 0.000000 0.372750 0.372741 0.372733 0.372714 0.372666 0.372626 0.372626 0.372621 0.372615 0.372618 0.372624 0.372622 0.372658 0.372698 0.372723 0.372732 0.372740 0.000000 0.000000
0.000000 0.000000 0.378494 0.378488 0.378479 0.378438 0.378405 0.378358 0.378367 0.378342 0.378346 0.378344 0.378335 0.378352 0.378385 0.378411 0.378442 0.378460 0.378481 0.000000 0.000000
0.000000 0.000000 0.384881 0.384865 0.384845 0.384819 0.384781 0.384721 0.384717 0.384711 0.384724 0.384704 0.384710 0.384714 0.384775 0.384806 0.384828 0.384841 0.384894 0.000000 0.000000
0.000000 0.000000 0.391790 0.391774 0.391766 0.391728 0.391695 0.391540 0.391537 0.391528 0.391488 0.391509 0.391518 0.391532 0.391650 0.391682 0.391740 0.391747 0.391773 0.000000 0.000000
0.000000 0.000000 0.399893 0.399889 0.399856 0.399831 0.399636 0.399652 0.399611 0.399612 0.399625 0.399613 0.399607 0.399598 0.399579 0.399782 0.399814 0.399867 0.399906 0.000000 0.000000
0.000000 0.000000 0.409435 0.409419 0.409380 0.409133 0.409155 0.409031 0.408976 0.408963 0.408922 0.408892 0.408919 0.408915 0.409035 0.409027 0.409353 0.409304 0.409310 0.000000 0.000000
0.000000 0.000000 0.419852 0.419838 0.419482 0.419581 0.419554 0.419521 0.419653 0.419612 0.419682 0.419658 0.419599 0.419688 0.419694 0.419715 0.419453 0.419967 0.419960 0.000000 0.000000
0.000000 0.000000 0.432624 0.432077 0.432193 0.431988 0.431714 0.431634 0.431482 0.431518 0.431355 0.431369 0.431463 0.431371 0.431509 0.431712 0.432176 0.431876 0.432447 0.000000 0.000000
0.000000 0.000000 0.437271 0.437770 0.438224 0.438228 0.438250 0.437813 0.437885 0.437757 0.437966 0.437923 0.437892 0.437963 0.438326 0.438310 0.438310 0.437956 0.437470 0.000000 0.000000
0.000000 0.000000 0.350000 0.350000 0.350000 0.350000 0.350000 0.350000 0.350000 0.350000 0.350000 0.350000 0.350000 0.350000 0.350000 0.350000 0.350000 0.350000 0.350000 0.000000 0.000000
0.000000 0.000000 0.000000 0.000000 0.000000 0.000000 0.000000 0.000000 0.000000 0.000000 0.000000 0.000000 0.000000 0.000000 0.000000 0.000000 0.000000 0.000000 0.000000 0.000000 0.000000