geotop/1.0zi/1.0Montebello/Templates/testdem/maps/_Eocsilt4018.asc
ncols         21
nrows         20
xllcorner     100.000000
yllcorner     100.000000
cellsize      50.000000
NODATA_value  -9999.0
0.000000 0.000000 0.000000 0.000000 0.000000 0.000000 0.000000 0.000000 0.000000 0.000000 0.000000 0.000000 0.000000 0.000000 0.000000 0.000000 0.000000 0.000000 0.000000 0.000000 0.000000
0.000000 0.000000 0.350083 0.350083 0.350083 0.350083 0.350083 0.350083 0.350083 0.350083 0.350083 0.350083 0.350083 0.350083 0.350083 0.350083 0.350083 0.350083 0.350083 0.000000 0.000000
0.000000 0.000000 0.350001 0.350002 0.350002 0.350002 0.350003 0.350003 0.350003 0.350003 0.350003 0.350003 0.350003 0.350003 0.350002 0.350002 0.350001 0.350001 0.350001 0.000000 0.000000
0.000000 0.000000 0.350032 0.350031 0.350031 0.350027 0.350028 0.350025 0.350027 0.350028 0.350027 0.350027 0.350027 0.350026 0.350028 0.350031 0.350031 0.350033 0.350032 0.000000 0.000000
0.000000 0.000000 0.350376 0.350379 0.350377 0.350378 0.350377 0.350375 0.350373 0.350370 0.350369 0.350372 0.350372 0.350372 0.350374 0.350373 0.350372 0.350377 0.350379 0.000000 0.000000
0.000000 0.000000 0.351441 0.351442 0.351439 0.351435 0.351433 0.351422 0.351421 0.351416 0.351420 0.351422 0.351424 0.351419 0.351420 0.351425 0.351428 0.351428 0.351430 0.000000 0.000000
0.000000 0.000000 0.353054 0.353055 0.353053 0.353043 0.353032 0.353019 0.353021 0.353019 0.353022 0.353020 0.353016 0.353016 0.353024 0.353037 0.353041 0.353045 0.353051 0.000000 0.000000
0.000000 0.000000 0.354937 0.354934 0.354930 0.354919 0.354907 0.354891 0.354893 0.354890 0.354890 0.354890 0.354887 0.354884 0.354900 0.354915 0.354925 0.354926 0.354930 0.000000 0.000000
0.000000 0.000000 0.356835 0.356831 0.356825 0.356817 0.356806 0.356787 0.356789 0.356785 0.356785 0.356786 0.356783 0.356781 0.356795 0.356811 0.356819 0.356823 0.356830 0.000000 0.000000
0.000000 0.000000 0.358717 0.358713 0.358708 0.358699 0.358686 0.358670 0.358673 0.358670 0.358670 0.358670 0.358667 0.358663 0.358679 0.358695 0.358702 0.358705 0.358710 0.000000 0.000000
0.000000 0.000000 0.360602 0.360599 0.360594 0.360587 0.360578 0.360558 0.360561 0.360556 0.360556 0.360557 0.360554 0.360551 0.360564 0.360575 0.360585 0.360588 0.360595 0.000000 0.000000
0.000000 0.000000 0.362543 0.362539 0.362533 0.362523 0.362512 0.362493 0.362493 0.362491 0.362491 0.362490 0.362488 0.362485 0.362503 0.362517 0.362525 0.362528 0.362549 0.000000 0.000000
0.000000 0.000000 0.364501 0.364496 0.364490 0.364482 0.364470 0.364431 0.364432 0.364428 0.364427 0.364428 0.364424 0.364422 0.364454 0.364471 0.364479 0.364483 0.364496 0.000000 0.000000
0.000000 0.000000 0.366559 0.366552 0.366547 0.366539 0.366502 0.366492 0.366486 0.366483 0.366483 0.366483 0.366479 0.366476 0.366486 0.366525 0.366534 0.366542 0.366550 0.000000 0.000000
0.000000 0.000000 0.368764 0.368759 0.368745 0.368713 0.368696 0.368672 0.368660 0.368655 0.368650 0.368649 0.368649 0.368641 0.368659 0.368687 0.368730 0.368728 0.368735 0.000000 0.000000
0.000000 0.000000 0.371024 0.371018 0.370975 0.370969 0.370960 0.370948 0.370946 0.370945 0.370946 0.370945 0.370938 0.370942 0.370946 0.370959 0.370961 0.371004 0.371015 0.000000 0.000000
0.000000 0.000000 0.373517 0.373464 0.373426 0.373412 0.373387 0.373374 0.373371 0.373369 0.373363 0.373363 0.373361 0.373354 0.373362 0.373393 0.373414 0.373438 0.373490 0.000000 0.000000
0.000000 0.000000 0.375488 0.375473 0.375502 0.375484 0.375461 0.375412 0.375407 0.375402 0.375403 0.375402 0.375397 0.375397 0.375440 0.375469 0.375501 0.375455 0.375480 0.000000 0.000000
0.000000 0.000000 0.350000 0.350000 0.350000 0.350000 0.350000 0.350000 0.350000 0.350000 0.350000 0.350000 0.350000 0.350000 0.350000 0.350000 0.350000 0.350000 0.350000 0.000000 0.000000
0.000000 0.000000 0.000000 0.000000 0.000000 0.000000 0.000000 0.000000 0.000000 0.000000 0.000000 0.000000 0.000000 0.000000 0.000000 0.000000 0.000000 0.000000 0.000000 0.000000 0.000000