geotop/1.0zi/1.0Montebello/Templates/testdem/maps/_Eocsand8650.asc
ncols         21
nrows         20
xllcorner     100.000000
yllcorner     100.000000
cellsize      50.000000
NODATA_value  -9999.0
0.000000 0.000000 0.000000 0.000000 0.000000 0.000000 0.000000 0.000000 0.000000 0.000000 0.000000 0.000000 0.000000 0.000000 0.000000 0.000000 0.000000 0.000000 0.000000 0.000000 0.000000
0.000000 0.000000 0.300218 0.300216 0.300216 0.300217 0.300216 0.300215 0.300215 0.300215 0.300216 0.300215 0.300216 0.300216 0.300215 0.300216 0.300217 0.300217 0.300217 0.000000 0.000000
0.000000 0.000000 0.300012 0.300014 0.300013 0.300012 0.300013 0.300013 0.300013 0.300013 0.300013 0.300013 0.300012 0.300013 0.300013 0.300013 0.300014 0.300014 0.300015 0.000000 0.000000
0.000000 0.000000 0.299891 0.299890 0.299896 0.299905 0.299900 0.299907 0.299903 0.299905 0.299905 0.299905 0.299905 0.299906 0.299901 0.299896 0.299893 0.299890 0.299891 0.000000 0.000000
0.000000 0.000000 0.297802 0.297804 0.297819 0.297838 0.297865 0.297870 0.297875 0.297876 0.297877 0.297873 0.297872 0.297870 0.297849 0.297842 0.297828 0.297816 0.297804 0.000000 0.000000
0.000000 0.000000 0.291681 0.291687 0.291715 0.291768 0.291807 0.291850 0.291851 0.291864 0.291854 0.291854 0.291845 0.291848 0.291822 0.291788 0.291758 0.291738 0.291724 0.000000 0.000000
0.000000 0.000000 0.283127 0.283142 0.283163 0.283221 0.283292 0.283369 0.283369 0.283377 0.283376 0.283374 0.283376 0.283371 0.283301 0.283242 0.283206 0.283178 0.283161 0.000000 0.000000
0.000000 0.000000 0.272997 0.273009 0.273026 0.273093 0.273159 0.273243 0.273243 0.273255 0.273255 0.273259 0.273264 0.273247 0.273173 0.273116 0.273059 0.273044 0.273017 0.000000 0.000000
0.000000 0.000000 0.262072 0.262097 0.262129 0.262175 0.262251 0.262341 0.262335 0.262355 0.262359 0.262362 0.262359 0.262362 0.262269 0.262196 0.262151 0.262129 0.262106 0.000000 0.000000
0.000000 0.000000 0.250386 0.250413 0.250432 0.250478 0.250586 0.250667 0.250666 0.250676 0.250689 0.250679 0.250667 0.250672 0.250594 0.250506 0.250453 0.250435 0.250419 0.000000 0.000000
0.000000 0.000000 0.237526 0.237543 0.237565 0.237669 0.237740 0.237843 0.237815 0.237876 0.237862 0.237868 0.237887 0.237851 0.237773 0.237722 0.237650 0.237615 0.237566 0.000000 0.000000
0.000000 0.000000 0.223053 0.223102 0.223148 0.223206 0.223302 0.223421 0.223435 0.223443 0.223414 0.223461 0.223440 0.223439 0.223301 0.223227 0.223182 0.223154 0.223038 0.000000 0.000000
0.000000 0.000000 0.207189 0.207237 0.207245 0.207352 0.207426 0.207780 0.207787 0.207802 0.207905 0.207843 0.207827 0.207794 0.207516 0.207449 0.207308 0.207299 0.207244 0.000000 0.000000
0.000000 0.000000 0.188241 0.188256 0.188338 0.188409 0.188887 0.188810 0.188904 0.188901 0.188859 0.188899 0.188906 0.188943 0.189007 0.188505 0.188445 0.188314 0.188227 0.000000 0.000000
0.000000 0.000000 0.165697 0.165752 0.165851 0.166478 0.166378 0.166688 0.166816 0.166846 0.166957 0.167022 0.166951 0.166962 0.166648 0.166723 0.165903 0.166050 0.166045 0.000000 0.000000
0.000000 0.000000 0.141302 0.141348 0.142237 0.141931 0.142027 0.142062 0.141709 0.141811 0.141618 0.141670 0.141822 0.141604 0.141621 0.141553 0.142310 0.140997 0.141015 0.000000 0.000000
0.000000 0.000000 0.112148 0.113454 0.113081 0.113628 0.114282 0.114472 0.114873 0.114777 0.115188 0.115141 0.114899 0.115148 0.114800 0.114317 0.113120 0.113989 0.112629 0.000000 0.000000
0.000000 0.000000 0.103462 0.102285 0.101305 0.101299 0.101223 0.102186 0.102000 0.102288 0.101796 0.101892 0.101975 0.101808 0.101007 0.101063 0.101118 0.101851 0.103013 0.000000 0.000000
0.000000 0.000000 0.300000 0.300000 0.300000 0.300000 0.300000 0.300000 0.300000 0.300000 0.300000 0.300000 0.300000 0.300000 0.300000 0.300000 0.300000 0.300000 0.300000 0.000000 0.000000
0.000000 0.000000 0.000000 0.000000 0.000000 0.000000 0.000000 0.000000 0.000000 0.000000 0.000000 0.000000 0.000000 0.000000 0.000000 0.000000 0.000000 0.000000 0.000000 0.000000 0.000000