geotop/1.0zi/1.0Montebello/Templates/testdem/maps/_Eocsilt5135.asc
ncols         21
nrows         20
xllcorner     100.000000
yllcorner     100.000000
cellsize      50.000000
NODATA_value  -9999.0
0.000000 0.000000 0.000000 0.000000 0.000000 0.000000 0.000000 0.000000 0.000000 0.000000 0.000000 0.000000 0.000000 0.000000 0.000000 0.000000 0.000000 0.000000 0.000000 0.000000 0.000000
0.000000 0.000000 0.350103 0.350103 0.350103 0.350103 0.350103 0.350103 0.350103 0.350103 0.350103 0.350103 0.350103 0.350103 0.350103 0.350103 0.350103 0.350103 0.350103 0.000000 0.000000
0.000000 0.000000 0.350002 0.350002 0.350002 0.350003 0.350003 0.350003 0.350003 0.350003 0.350003 0.350003 0.350003 0.350003 0.350003 0.350002 0.350001 0.350001 0.350001 0.000000 0.000000
0.000000 0.000000 0.350037 0.350037 0.350036 0.350032 0.350033 0.350031 0.350033 0.350034 0.350033 0.350032 0.350032 0.350032 0.350033 0.350036 0.350036 0.350038 0.350037 0.000000 0.000000
0.000000 0.000000 0.350427 0.350431 0.350430 0.350426 0.350423 0.350420 0.350418 0.350416 0.350414 0.350416 0.350417 0.350417 0.350422 0.350423 0.350424 0.350431 0.350435 0.000000 0.000000
0.000000 0.000000 0.351702 0.351705 0.351701 0.351689 0.351681 0.351666 0.351664 0.351659 0.351663 0.351666 0.351670 0.351668 0.351673 0.351679 0.351686 0.351689 0.351693 0.000000 0.000000
0.000000 0.000000 0.353685 0.353683 0.353678 0.353662 0.353644 0.353626 0.353626 0.353624 0.353627 0.353626 0.353624 0.353628 0.353641 0.353656 0.353663 0.353672 0.353678 0.000000 0.000000
0.000000 0.000000 0.356079 0.356078 0.356078 0.356064 0.356045 0.356025 0.356026 0.356023 0.356023 0.356023 0.356022 0.356022 0.356040 0.356058 0.356070 0.356073 0.356081 0.000000 0.000000
0.000000 0.000000 0.358585 0.358581 0.358576 0.358563 0.358545 0.358520 0.358521 0.358517 0.358517 0.358518 0.358517 0.358519 0.358537 0.358557 0.358567 0.358574 0.358584 0.000000 0.000000
0.000000 0.000000 0.361072 0.361071 0.361067 0.361058 0.361037 0.361015 0.361017 0.361014 0.361014 0.361015 0.361013 0.361012 0.361034 0.361052 0.361058 0.361065 0.361071 0.000000 0.000000
0.000000 0.000000 0.363604 0.363601 0.363600 0.363584 0.363568 0.363543 0.363545 0.363540 0.363539 0.363541 0.363539 0.363539 0.363557 0.363572 0.363586 0.363592 0.363601 0.000000 0.000000
0.000000 0.000000 0.366237 0.366235 0.366231 0.366216 0.366199 0.366174 0.366172 0.366170 0.366169 0.366169 0.366169 0.366169 0.366192 0.366209 0.366218 0.366224 0.366250 0.000000 0.000000
0.000000 0.000000 0.368916 0.368912 0.368908 0.368896 0.368875 0.368821 0.368821 0.368817 0.368816 0.368817 0.368815 0.368816 0.368862 0.368883 0.368893 0.368900 0.368916 0.000000 0.000000
0.000000 0.000000 0.371786 0.371778 0.371776 0.371763 0.371706 0.371692 0.371683 0.371680 0.371680 0.371681 0.371678 0.371679 0.371692 0.371746 0.371757 0.371771 0.371781 0.000000 0.000000
0.000000 0.000000 0.374901 0.374897 0.374883 0.374831 0.374805 0.374770 0.374754 0.374749 0.374740 0.374740 0.374743 0.374738 0.374764 0.374798 0.374862 0.374861 0.374870 0.000000 0.000000
0.000000 0.000000 0.378155 0.378150 0.378088 0.378072 0.378055 0.378037 0.378036 0.378036 0.378039 0.378039 0.378031 0.378044 0.378052 0.378065 0.378067 0.378141 0.378158 0.000000 0.000000
0.000000 0.000000 0.381815 0.381730 0.381683 0.381657 0.381609 0.381584 0.381578 0.381576 0.381565 0.381566 0.381569 0.381561 0.381580 0.381631 0.381667 0.381697 0.381785 0.000000 0.000000
0.000000 0.000000 0.384595 0.384588 0.384652 0.384621 0.384585 0.384499 0.384491 0.384484 0.384488 0.384488 0.384483 0.384491 0.384568 0.384605 0.384649 0.384575 0.384601 0.000000 0.000000
0.000000 0.000000 0.350000 0.350000 0.350000 0.350000 0.350000 0.350000 0.350000 0.350000 0.350000 0.350000 0.350000 0.350000 0.350000 0.350000 0.350000 0.350000 0.350000 0.000000 0.000000
0.000000 0.000000 0.000000 0.000000 0.000000 0.000000 0.000000 0.000000 0.000000 0.000000 0.000000 0.000000 0.000000 0.000000 0.000000 0.000000 0.000000 0.000000 0.000000 0.000000 0.000000