geotop/1.0zi/1.0Montebello/Templates/testdem/maps/_Eocsilt0281.asc
ncols         21
nrows         20
xllcorner     100.000000
yllcorner     100.000000
cellsize      50.000000
NODATA_value  -9999.0
0.000000 0.000000 0.000000 0.000000 0.000000 0.000000 0.000000 0.000000 0.000000 0.000000 0.000000 0.000000 0.000000 0.000000 0.000000 0.000000 0.000000 0.000000 0.000000 0.000000 0.000000
0.000000 0.000000 0.350007 0.350007 0.350007 0.350007 0.350007 0.350007 0.350007 0.350007 0.350007 0.350007 0.350007 0.350007 0.350007 0.350007 0.350007 0.350007 0.350007 0.000000 0.000000
0.000000 0.000000 0.350001 0.350000 0.350001 0.350000 0.350001 0.350001 0.350001 0.350001 0.350001 0.350001 0.350001 0.350001 0.350001 0.350000 0.350001 0.350000 0.350001 0.000000 0.000000
0.000000 0.000000 0.350237 0.350237 0.350235 0.350237 0.350237 0.350237 0.350237 0.350237 0.350237 0.350237 0.350237 0.350237 0.350237 0.350237 0.350235 0.350237 0.350237 0.000000 0.000000
0.000000 0.000000 0.350853 0.350853 0.350851 0.350852 0.350853 0.350853 0.350853 0.350853 0.350853 0.350853 0.350853 0.350853 0.350853 0.350852 0.350851 0.350853 0.350853 0.000000 0.000000
0.000000 0.000000 0.351416 0.351416 0.351414 0.351416 0.351416 0.351416 0.351416 0.351416 0.351416 0.351416 0.351416 0.351416 0.351416 0.351416 0.351414 0.351416 0.351416 0.000000 0.000000
0.000000 0.000000 0.351915 0.351915 0.351913 0.351915 0.351915 0.351915 0.351915 0.351915 0.351915 0.351915 0.351915 0.351915 0.351915 0.351915 0.351913 0.351915 0.351915 0.000000 0.000000
0.000000 0.000000 0.352372 0.352372 0.352370 0.352372 0.352372 0.352372 0.352372 0.352372 0.352372 0.352372 0.352372 0.352372 0.352372 0.352372 0.352370 0.352372 0.352372 0.000000 0.000000
0.000000 0.000000 0.352800 0.352800 0.352798 0.352800 0.352800 0.352800 0.352800 0.352800 0.352800 0.352800 0.352800 0.352800 0.352800 0.352800 0.352798 0.352800 0.352800 0.000000 0.000000
0.000000 0.000000 0.353211 0.353211 0.353210 0.353211 0.353211 0.353211 0.353211 0.353211 0.353211 0.353211 0.353211 0.353211 0.353211 0.353211 0.353210 0.353211 0.353211 0.000000 0.000000
0.000000 0.000000 0.353609 0.353609 0.353607 0.353609 0.353609 0.353609 0.353609 0.353609 0.353609 0.353609 0.353609 0.353609 0.353609 0.353609 0.353607 0.353609 0.353609 0.000000 0.000000
0.000000 0.000000 0.353997 0.353997 0.353995 0.353996 0.353997 0.353997 0.353997 0.353997 0.353997 0.353997 0.353997 0.353997 0.353997 0.353996 0.353995 0.353997 0.353997 0.000000 0.000000
0.000000 0.000000 0.354377 0.354377 0.354375 0.354377 0.354377 0.354377 0.354377 0.354377 0.354377 0.354377 0.354377 0.354377 0.354377 0.354377 0.354375 0.354377 0.354377 0.000000 0.000000
0.000000 0.000000 0.354749 0.354748 0.354747 0.354748 0.354749 0.354749 0.354749 0.354749 0.354749 0.354749 0.354749 0.354749 0.354749 0.354748 0.354747 0.354748 0.354749 0.000000 0.000000
0.000000 0.000000 0.355115 0.355115 0.355114 0.355115 0.355115 0.355115 0.355115 0.355115 0.355115 0.355115 0.355115 0.355115 0.355115 0.355115 0.355114 0.355115 0.355115 0.000000 0.000000
0.000000 0.000000 0.355479 0.355479 0.355478 0.355479 0.355479 0.355480 0.355479 0.355479 0.355479 0.355479 0.355479 0.355480 0.355479 0.355479 0.355478 0.355479 0.355479 0.000000 0.000000
0.000000 0.000000 0.355838 0.355838 0.355836 0.355838 0.355838 0.355838 0.355838 0.355838 0.355838 0.355838 0.355838 0.355838 0.355838 0.355838 0.355836 0.355838 0.355838 0.000000 0.000000
0.000000 0.000000 0.356215 0.356215 0.356214 0.356215 0.356215 0.356215 0.356215 0.356215 0.356215 0.356215 0.356215 0.356215 0.356215 0.356215 0.356214 0.356215 0.356215 0.000000 0.000000
0.000000 0.000000 0.350000 0.350000 0.350000 0.350000 0.350000 0.350000 0.350000 0.350000 0.350000 0.350000 0.350000 0.350000 0.350000 0.350000 0.350000 0.350000 0.350000 0.000000 0.000000
0.000000 0.000000 0.000000 0.000000 0.000000 0.000000 0.000000 0.000000 0.000000 0.000000 0.000000 0.000000 0.000000 0.000000 0.000000 0.000000 0.000000 0.000000 0.000000 0.000000 0.000000