geotop/1.0zi/1.0Montebello/Templates/testdem/maps/_Eocsilt1144.asc
ncols         21
nrows         20
xllcorner     100.000000
yllcorner     100.000000
cellsize      50.000000
NODATA_value  -9999.0
0.000000 0.000000 0.000000 0.000000 0.000000 0.000000 0.000000 0.000000 0.000000 0.000000 0.000000 0.000000 0.000000 0.000000 0.000000 0.000000 0.000000 0.000000 0.000000 0.000000 0.000000
0.000000 0.000000 0.350020 0.350020 0.350020 0.350020 0.350020 0.350020 0.350020 0.350020 0.350020 0.350020 0.350020 0.350020 0.350020 0.350020 0.350020 0.350020 0.350020 0.000000 0.000000
0.000000 0.000000 0.350001 0.350001 0.350001 0.350001 0.350001 0.350001 0.350001 0.350001 0.350001 0.350001 0.350001 0.350001 0.350001 0.350001 0.350001 0.350001 0.350001 0.000000 0.000000
0.000000 0.000000 0.350463 0.350462 0.350460 0.350461 0.350463 0.350463 0.350463 0.350463 0.350463 0.350463 0.350463 0.350463 0.350463 0.350461 0.350460 0.350462 0.350463 0.000000 0.000000
0.000000 0.000000 0.352024 0.352024 0.352022 0.352022 0.352025 0.352024 0.352024 0.352025 0.352025 0.352025 0.352024 0.352024 0.352025 0.352022 0.352022 0.352024 0.352024 0.000000 0.000000
0.000000 0.000000 0.353964 0.353964 0.353962 0.353962 0.353964 0.353964 0.353964 0.353964 0.353964 0.353964 0.353964 0.353964 0.353964 0.353962 0.353962 0.353964 0.353964 0.000000 0.000000
0.000000 0.000000 0.355750 0.355750 0.355748 0.355749 0.355751 0.355750 0.355750 0.355751 0.355751 0.355751 0.355750 0.355750 0.355751 0.355749 0.355748 0.355750 0.355750 0.000000 0.000000
0.000000 0.000000 0.357391 0.357391 0.357390 0.357390 0.357392 0.357391 0.357391 0.357392 0.357392 0.357392 0.357391 0.357391 0.357392 0.357390 0.357390 0.357391 0.357391 0.000000 0.000000
0.000000 0.000000 0.358930 0.358929 0.358928 0.358928 0.358930 0.358929 0.358929 0.358930 0.358930 0.358930 0.358929 0.358929 0.358930 0.358928 0.358928 0.358929 0.358930 0.000000 0.000000
0.000000 0.000000 0.360404 0.360404 0.360402 0.360403 0.360404 0.360404 0.360404 0.360404 0.360404 0.360404 0.360404 0.360404 0.360404 0.360403 0.360402 0.360404 0.360404 0.000000 0.000000
0.000000 0.000000 0.361830 0.361829 0.361828 0.361828 0.361830 0.361829 0.361829 0.361830 0.361830 0.361830 0.361829 0.361829 0.361830 0.361828 0.361828 0.361829 0.361830 0.000000 0.000000
0.000000 0.000000 0.363222 0.363222 0.363220 0.363221 0.363222 0.363222 0.363222 0.363222 0.363222 0.363222 0.363222 0.363222 0.363222 0.363221 0.363220 0.363222 0.363222 0.000000 0.000000
0.000000 0.000000 0.364591 0.364590 0.364589 0.364589 0.364591 0.364590 0.364590 0.364591 0.364591 0.364591 0.364590 0.364590 0.364591 0.364589 0.364589 0.364590 0.364591 0.000000 0.000000
0.000000 0.000000 0.365935 0.365935 0.365933 0.365934 0.365935 0.365935 0.365935 0.365935 0.365935 0.365935 0.365935 0.365935 0.365935 0.365934 0.365933 0.365935 0.365935 0.000000 0.000000
0.000000 0.000000 0.367265 0.367264 0.367263 0.367263 0.367265 0.367264 0.367264 0.367265 0.367265 0.367265 0.367264 0.367264 0.367265 0.367263 0.367263 0.367264 0.367265 0.000000 0.000000
0.000000 0.000000 0.368585 0.368585 0.368583 0.368584 0.368585 0.368585 0.368585 0.368585 0.368585 0.368585 0.368585 0.368585 0.368585 0.368584 0.368583 0.368585 0.368585 0.000000 0.000000
0.000000 0.000000 0.369891 0.369891 0.369889 0.369890 0.369891 0.369891 0.369891 0.369891 0.369891 0.369891 0.369891 0.369891 0.369891 0.369890 0.369889 0.369891 0.369891 0.000000 0.000000
0.000000 0.000000 0.371219 0.371219 0.371217 0.371218 0.371219 0.371219 0.371219 0.371219 0.371219 0.371219 0.371219 0.371219 0.371219 0.371218 0.371217 0.371219 0.371219 0.000000 0.000000
0.000000 0.000000 0.350000 0.350000 0.350000 0.350000 0.350000 0.350000 0.350000 0.350000 0.350000 0.350000 0.350000 0.350000 0.350000 0.350000 0.350000 0.350000 0.350000 0.000000 0.000000
0.000000 0.000000 0.000000 0.000000 0.000000 0.000000 0.000000 0.000000 0.000000 0.000000 0.000000 0.000000 0.000000 0.000000 0.000000 0.000000 0.000000 0.000000 0.000000 0.000000 0.000000