geotop/1.0zi/1.0Montebello/Templates/testdem/maps/_Eocsand077'.asc
ncols         21
nrows         20
xllcorner     100.000000
yllcorner     100.000000
cellsize      50.000000
NODATA_value  -9999.0
0.000000 0.000000 0.000000 0.000000 0.000000 0.000000 0.000000 0.000000 0.000000 0.000000 0.000000 0.000000 0.000000 0.000000 0.000000 0.000000 0.000000 0.000000 0.000000 0.000000 0.000000
0.000000 0.000000 0.300274 0.300271 0.300271 0.300272 0.300271 0.300271 0.300271 0.300271 0.300272 0.300272 0.300272 0.300272 0.300272 0.300271 0.300272 0.300272 0.300272 0.000000 0.000000
0.000000 0.000000 0.300012 0.300014 0.300014 0.300012 0.300014 0.300014 0.300013 0.300013 0.300014 0.300013 0.300013 0.300013 0.300013 0.300013 0.300014 0.300015 0.300015 0.000000 0.000000
0.000000 0.000000 0.299720 0.299715 0.299724 0.299734 0.299733 0.299738 0.299732 0.299734 0.299733 0.299732 0.299731 0.299732 0.299726 0.299718 0.299716 0.299714 0.299715 0.000000 0.000000
0.000000 0.000000 0.296118 0.296127 0.296145 0.296187 0.296218 0.296232 0.296229 0.296229 0.296233 0.296226 0.296220 0.296221 0.296197 0.296181 0.296160 0.296146 0.296133 0.000000 0.000000
0.000000 0.000000 0.286987 0.287002 0.287045 0.287124 0.287196 0.287260 0.287255 0.287263 0.287267 0.287266 0.287255 0.287260 0.287223 0.287161 0.287126 0.287100 0.287087 0.000000 0.000000
0.000000 0.000000 0.274593 0.274620 0.274658 0.274751 0.274843 0.274974 0.274969 0.274975 0.274989 0.274989 0.274990 0.274987 0.274884 0.274807 0.274756 0.274721 0.274706 0.000000 0.000000
0.000000 0.000000 0.259722 0.259757 0.259799 0.259922 0.260025 0.260147 0.260144 0.260154 0.260170 0.260177 0.260181 0.260163 0.260068 0.259980 0.259899 0.259879 0.259849 0.000000 0.000000
0.000000 0.000000 0.242989 0.243037 0.243106 0.243203 0.243324 0.243472 0.243456 0.243478 0.243501 0.243506 0.243500 0.243509 0.243371 0.243263 0.243198 0.243168 0.243142 0.000000 0.000000
0.000000 0.000000 0.223876 0.223945 0.224008 0.224115 0.224253 0.224413 0.224411 0.224420 0.224457 0.224444 0.224427 0.224435 0.224325 0.224181 0.224100 0.224066 0.224056 0.000000 0.000000
0.000000 0.000000 0.201286 0.201345 0.201402 0.201643 0.201706 0.201930 0.201880 0.201981 0.201976 0.201995 0.202036 0.201975 0.201841 0.201753 0.201635 0.201592 0.201494 0.000000 0.000000
0.000000 0.000000 0.173917 0.174050 0.174212 0.174319 0.174452 0.174741 0.174768 0.174751 0.174728 0.174814 0.174769 0.174808 0.174548 0.174389 0.174330 0.174287 0.174096 0.000000 0.000000
0.000000 0.000000 0.142892 0.143015 0.143049 0.143306 0.143465 0.144279 0.144299 0.144342 0.144665 0.144444 0.144449 0.144375 0.143786 0.143667 0.143350 0.143331 0.143335 0.000000 0.000000
0.000000 0.000000 0.106716 0.106766 0.107044 0.107178 0.108235 0.107685 0.107909 0.107898 0.107694 0.107895 0.107923 0.108065 0.108547 0.107378 0.107398 0.107119 0.106968 0.000000 0.000000
0.000000 0.000000 0.076210 0.076301 0.076417 0.077301 0.076847 0.077452 0.077545 0.077602 0.077834 0.077873 0.077781 0.077758 0.077236 0.077690 0.076546 0.076828 0.076889 0.000000 0.000000
0.000000 0.000000 0.057264 0.057311 0.057781 0.057760 0.057752 0.057868 0.057699 0.057756 0.057706 0.057731 0.057793 0.057691 0.057645 0.057660 0.057889 0.057291 0.057314 0.000000 0.000000
0.000000 0.000000 0.044046 0.044205 0.044441 0.044432 0.044525 0.044579 0.044516 0.044536 0.044538 0.044549 0.044565 0.044531 0.044502 0.044434 0.044515 0.044228 0.044097 0.000000 0.000000
0.000000 0.000000 0.035299 0.035403 0.035501 0.035499 0.035591 0.035657 0.035624 0.035642 0.035638 0.035645 0.035651 0.035633 0.035578 0.035513 0.035547 0.035421 0.035326 0.000000 0.000000
0.000000 0.000000 0.300000 0.300000 0.300000 0.300000 0.300000 0.300000 0.300000 0.300000 0.300000 0.300000 0.300000 0.300000 0.300000 0.300000 0.300000 0.300000 0.300000 0.000000 0.000000
0.000000 0.000000 0.000000 0.000000 0.000000 0.000000 0.000000 0.000000 0.000000 0.000000 0.000000 0.000000 0.000000 0.000000 0.000000 0.000000 0.000000 0.000000 0.000000 0.000000 0.000000