geotop/1.0zi/1.0Montebello/Templates/testdem/maps/_Eocsilt5471.asc
ncols         21
nrows         20
xllcorner     100.000000
yllcorner     100.000000
cellsize      50.000000
NODATA_value  -9999.0
0.000000 0.000000 0.000000 0.000000 0.000000 0.000000 0.000000 0.000000 0.000000 0.000000 0.000000 0.000000 0.000000 0.000000 0.000000 0.000000 0.000000 0.000000 0.000000 0.000000 0.000000
0.000000 0.000000 0.350109 0.350109 0.350110 0.350110 0.350109 0.350110 0.350110 0.350110 0.350110 0.350109 0.350109 0.350109 0.350109 0.350110 0.350110 0.350109 0.350109 0.000000 0.000000
0.000000 0.000000 0.350002 0.350002 0.350002 0.350003 0.350003 0.350003 0.350003 0.350003 0.350003 0.350003 0.350003 0.350003 0.350003 0.350002 0.350001 0.350001 0.350002 0.000000 0.000000
0.000000 0.000000 0.350038 0.350037 0.350037 0.350032 0.350033 0.350031 0.350033 0.350034 0.350033 0.350033 0.350033 0.350032 0.350033 0.350036 0.350037 0.350039 0.350037 0.000000 0.000000
0.000000 0.000000 0.350453 0.350456 0.350454 0.350451 0.350448 0.350443 0.350442 0.350440 0.350438 0.350440 0.350440 0.350441 0.350446 0.350449 0.350448 0.350458 0.350461 0.000000 0.000000
0.000000 0.000000 0.351818 0.351822 0.351818 0.351805 0.351795 0.351778 0.351776 0.351773 0.351777 0.351780 0.351781 0.351777 0.351782 0.351787 0.351796 0.351799 0.351804 0.000000 0.000000
0.000000 0.000000 0.353953 0.353951 0.353947 0.353930 0.353910 0.353888 0.353889 0.353887 0.353890 0.353890 0.353886 0.353889 0.353904 0.353920 0.353927 0.353936 0.353942 0.000000 0.000000
0.000000 0.000000 0.356542 0.356543 0.356544 0.356527 0.356507 0.356483 0.356484 0.356482 0.356482 0.356482 0.356480 0.356482 0.356499 0.356517 0.356531 0.356534 0.356542 0.000000 0.000000
0.000000 0.000000 0.359256 0.359252 0.359246 0.359235 0.359216 0.359188 0.359189 0.359185 0.359182 0.359184 0.359184 0.359181 0.359206 0.359225 0.359238 0.359242 0.359250 0.000000 0.000000
0.000000 0.000000 0.361963 0.361959 0.361957 0.361950 0.361923 0.361899 0.361902 0.361898 0.361895 0.361899 0.361901 0.361898 0.361916 0.361937 0.361950 0.361952 0.361957 0.000000 0.000000
0.000000 0.000000 0.364727 0.364724 0.364725 0.364706 0.364688 0.364661 0.364667 0.364655 0.364655 0.364657 0.364653 0.364659 0.364673 0.364687 0.364701 0.364709 0.364720 0.000000 0.000000
0.000000 0.000000 0.367618 0.367611 0.367605 0.367592 0.367576 0.367544 0.367546 0.367538 0.367547 0.367540 0.367540 0.367542 0.367569 0.367581 0.367591 0.367595 0.367625 0.000000 0.000000
0.000000 0.000000 0.370568 0.370562 0.370561 0.370546 0.370532 0.370469 0.370470 0.370464 0.370451 0.370459 0.370463 0.370467 0.370511 0.370522 0.370544 0.370546 0.370567 0.000000 0.000000
0.000000 0.000000 0.373748 0.373744 0.373738 0.373729 0.373671 0.373654 0.373640 0.373639 0.373634 0.373637 0.373637 0.373634 0.373641 0.373698 0.373717 0.373732 0.373753 0.000000 0.000000
0.000000 0.000000 0.377226 0.377223 0.377209 0.377151 0.377131 0.377095 0.377072 0.377069 0.377057 0.377051 0.377057 0.377051 0.377076 0.377104 0.377191 0.377184 0.377197 0.000000 0.000000
0.000000 0.000000 0.380892 0.380886 0.380812 0.380797 0.380791 0.380767 0.380780 0.380771 0.380777 0.380768 0.380759 0.380774 0.380786 0.380796 0.380794 0.380890 0.380893 0.000000 0.000000
0.000000 0.000000 0.385042 0.384940 0.384901 0.384870 0.384822 0.384796 0.384789 0.384787 0.384766 0.384762 0.384770 0.384766 0.384793 0.384829 0.384887 0.384916 0.385017 0.000000 0.000000
0.000000 0.000000 0.388142 0.388138 0.388227 0.388200 0.388159 0.388063 0.388060 0.388039 0.388050 0.388045 0.388051 0.388052 0.388139 0.388168 0.388236 0.388143 0.388153 0.000000 0.000000
0.000000 0.000000 0.350000 0.350000 0.350000 0.350000 0.350000 0.350000 0.350000 0.350000 0.350000 0.350000 0.350000 0.350000 0.350000 0.350000 0.350000 0.350000 0.350000 0.000000 0.000000
0.000000 0.000000 0.000000 0.000000 0.000000 0.000000 0.000000 0.000000 0.000000 0.000000 0.000000 0.000000 0.000000 0.000000 0.000000 0.000000 0.000000 0.000000 0.000000 0.000000 0.000000