geotop/1.0zi/1.0Montebello/Templates/testdem/maps/_Eocclay0964.asc
ncols         21
nrows         20
xllcorner     100.000000
yllcorner     100.000000
cellsize      50.000000
NODATA_value  -9999.0
0.000000 0.000000 0.000000 0.000000 0.000000 0.000000 0.000000 0.000000 0.000000 0.000000 0.000000 0.000000 0.000000 0.000000 0.000000 0.000000 0.000000 0.000000 0.000000 0.000000 0.000000
0.000000 0.000000 0.349950 0.349950 0.349950 0.349950 0.349950 0.349950 0.349950 0.349950 0.349950 0.349950 0.349950 0.349950 0.349950 0.349950 0.349950 0.349950 0.349950 0.000000 0.000000
0.000000 0.000000 0.349996 0.349996 0.349996 0.349996 0.349996 0.349996 0.349996 0.349996 0.349996 0.349996 0.349996 0.349996 0.349996 0.349996 0.349996 0.349996 0.349996 0.000000 0.000000
0.000000 0.000000 0.350402 0.350402 0.350400 0.350400 0.350402 0.350402 0.350402 0.350402 0.350402 0.350402 0.350402 0.350402 0.350402 0.350400 0.350400 0.350402 0.350402 0.000000 0.000000
0.000000 0.000000 0.351923 0.351922 0.351920 0.351920 0.351923 0.351923 0.351923 0.351923 0.351923 0.351923 0.351923 0.351923 0.351923 0.351920 0.351920 0.351922 0.351923 0.000000 0.000000
0.000000 0.000000 0.353572 0.353571 0.353569 0.353569 0.353572 0.353572 0.353571 0.353572 0.353572 0.353572 0.353571 0.353572 0.353572 0.353569 0.353569 0.353571 0.353572 0.000000 0.000000
0.000000 0.000000 0.355137 0.355136 0.355135 0.355135 0.355137 0.355137 0.355137 0.355137 0.355137 0.355137 0.355137 0.355137 0.355137 0.355135 0.355135 0.355136 0.355137 0.000000 0.000000
0.000000 0.000000 0.356579 0.356578 0.356577 0.356577 0.356579 0.356579 0.356579 0.356579 0.356579 0.356579 0.356579 0.356579 0.356579 0.356577 0.356577 0.356578 0.356579 0.000000 0.000000
0.000000 0.000000 0.357930 0.357930 0.357928 0.357929 0.357930 0.357930 0.357930 0.357930 0.357930 0.357930 0.357930 0.357930 0.357930 0.357929 0.357928 0.357930 0.357930 0.000000 0.000000
0.000000 0.000000 0.359226 0.359226 0.359225 0.359225 0.359226 0.359226 0.359226 0.359226 0.359226 0.359226 0.359226 0.359226 0.359226 0.359225 0.359225 0.359226 0.359226 0.000000 0.000000
0.000000 0.000000 0.360480 0.360480 0.360478 0.360479 0.360480 0.360480 0.360480 0.360480 0.360480 0.360480 0.360480 0.360480 0.360480 0.360479 0.360478 0.360480 0.360480 0.000000 0.000000
0.000000 0.000000 0.361705 0.361705 0.361703 0.361703 0.361705 0.361705 0.361705 0.361705 0.361705 0.361705 0.361705 0.361705 0.361705 0.361703 0.361703 0.361705 0.361705 0.000000 0.000000
0.000000 0.000000 0.362911 0.362910 0.362909 0.362909 0.362911 0.362911 0.362911 0.362911 0.362911 0.362911 0.362911 0.362911 0.362911 0.362909 0.362909 0.362910 0.362911 0.000000 0.000000
0.000000 0.000000 0.364097 0.364097 0.364095 0.364096 0.364097 0.364097 0.364097 0.364097 0.364097 0.364097 0.364097 0.364097 0.364097 0.364096 0.364095 0.364097 0.364097 0.000000 0.000000
0.000000 0.000000 0.365270 0.365270 0.365269 0.365269 0.365270 0.365270 0.365270 0.365270 0.365270 0.365270 0.365270 0.365270 0.365270 0.365269 0.365269 0.365270 0.365270 0.000000 0.000000
0.000000 0.000000 0.366436 0.366435 0.366434 0.366434 0.366435 0.366435 0.366435 0.366436 0.366436 0.366436 0.366435 0.366435 0.366435 0.366434 0.366434 0.366435 0.366436 0.000000 0.000000
0.000000 0.000000 0.367588 0.367588 0.367587 0.367587 0.367588 0.367588 0.367588 0.367588 0.367588 0.367588 0.367588 0.367588 0.367588 0.367587 0.367587 0.367588 0.367588 0.000000 0.000000
0.000000 0.000000 0.368768 0.368768 0.368767 0.368767 0.368768 0.368768 0.368768 0.368768 0.368768 0.368768 0.368768 0.368768 0.368768 0.368767 0.368767 0.368768 0.368768 0.000000 0.000000
0.000000 0.000000 0.350000 0.350000 0.350000 0.350000 0.350000 0.350000 0.350000 0.350000 0.350000 0.350000 0.350000 0.350000 0.350000 0.350000 0.350000 0.350000 0.350000 0.000000 0.000000
0.000000 0.000000 0.000000 0.000000 0.000000 0.000000 0.000000 0.000000 0.000000 0.000000 0.000000 0.000000 0.000000 0.000000 0.000000 0.000000 0.000000 0.000000 0.000000 0.000000 0.000000