geotop/1.0zi/1.0Montebello/Templates/testdem/maps/_Eocsand0547.asc
ncols         21
nrows         20
xllcorner     100.000000
yllcorner     100.000000
cellsize      50.000000
NODATA_value  -9999.0
0.000000 0.000000 0.000000 0.000000 0.000000 0.000000 0.000000 0.000000 0.000000 0.000000 0.000000 0.000000 0.000000 0.000000 0.000000 0.000000 0.000000 0.000000 0.000000 0.000000 0.000000
0.000000 0.000000 0.300021 0.300021 0.300021 0.300021 0.300021 0.300021 0.300021 0.300021 0.300021 0.300021 0.300021 0.300021 0.300021 0.300021 0.300021 0.300021 0.300021 0.000000 0.000000
0.000000 0.000000 0.300005 0.300005 0.300006 0.300006 0.300005 0.300005 0.300005 0.300005 0.300005 0.300005 0.300005 0.300005 0.300005 0.300006 0.300006 0.300005 0.300005 0.000000 0.000000
0.000000 0.000000 0.299435 0.299435 0.299440 0.299435 0.299435 0.299435 0.299435 0.299435 0.299435 0.299435 0.299435 0.299435 0.299435 0.299435 0.299440 0.299435 0.299435 0.000000 0.000000
0.000000 0.000000 0.297615 0.297615 0.297619 0.297615 0.297614 0.297614 0.297614 0.297614 0.297614 0.297614 0.297614 0.297614 0.297614 0.297615 0.297619 0.297615 0.297615 0.000000 0.000000
0.000000 0.000000 0.295724 0.295723 0.295727 0.295724 0.295723 0.295723 0.295723 0.295723 0.295723 0.295723 0.295723 0.295723 0.295723 0.295724 0.295727 0.295723 0.295724 0.000000 0.000000
0.000000 0.000000 0.293969 0.293968 0.293972 0.293969 0.293968 0.293968 0.293968 0.293968 0.293968 0.293968 0.293968 0.293968 0.293968 0.293969 0.293972 0.293968 0.293969 0.000000 0.000000
0.000000 0.000000 0.292338 0.292337 0.292340 0.292338 0.292337 0.292337 0.292337 0.292337 0.292337 0.292337 0.292337 0.292337 0.292337 0.292338 0.292340 0.292337 0.292338 0.000000 0.000000
0.000000 0.000000 0.290795 0.290795 0.290798 0.290795 0.290795 0.290795 0.290795 0.290795 0.290795 0.290795 0.290795 0.290795 0.290795 0.290795 0.290798 0.290795 0.290795 0.000000 0.000000
0.000000 0.000000 0.289306 0.289306 0.289309 0.289306 0.289306 0.289306 0.289306 0.289306 0.289306 0.289306 0.289306 0.289306 0.289306 0.289306 0.289309 0.289306 0.289306 0.000000 0.000000
0.000000 0.000000 0.287857 0.287857 0.287860 0.287857 0.287857 0.287857 0.287857 0.287857 0.287857 0.287857 0.287857 0.287857 0.287857 0.287857 0.287860 0.287857 0.287857 0.000000 0.000000
0.000000 0.000000 0.286436 0.286436 0.286439 0.286436 0.286436 0.286436 0.286436 0.286436 0.286436 0.286436 0.286436 0.286436 0.286436 0.286436 0.286439 0.286436 0.286436 0.000000 0.000000
0.000000 0.000000 0.285040 0.285040 0.285042 0.285040 0.285040 0.285039 0.285039 0.285039 0.285039 0.285039 0.285039 0.285039 0.285040 0.285040 0.285042 0.285040 0.285040 0.000000 0.000000
0.000000 0.000000 0.283664 0.283664 0.283667 0.283664 0.283664 0.283664 0.283664 0.283664 0.283664 0.283664 0.283664 0.283664 0.283664 0.283664 0.283667 0.283664 0.283664 0.000000 0.000000
0.000000 0.000000 0.282302 0.282302 0.282305 0.282303 0.282302 0.282302 0.282302 0.282302 0.282302 0.282302 0.282302 0.282302 0.282302 0.282303 0.282305 0.282302 0.282302 0.000000 0.000000
0.000000 0.000000 0.280946 0.280946 0.280949 0.280947 0.280946 0.280946 0.280946 0.280946 0.280946 0.280946 0.280946 0.280946 0.280946 0.280947 0.280949 0.280946 0.280946 0.000000 0.000000
0.000000 0.000000 0.279605 0.279605 0.279608 0.279605 0.279605 0.279605 0.279605 0.279605 0.279605 0.279605 0.279605 0.279605 0.279605 0.279605 0.279608 0.279605 0.279605 0.000000 0.000000
0.000000 0.000000 0.278243 0.278243 0.278245 0.278243 0.278243 0.278242 0.278242 0.278242 0.278243 0.278242 0.278242 0.278242 0.278243 0.278243 0.278245 0.278243 0.278243 0.000000 0.000000
0.000000 0.000000 0.300000 0.300000 0.300000 0.300000 0.300000 0.300000 0.300000 0.300000 0.300000 0.300000 0.300000 0.300000 0.300000 0.300000 0.300000 0.300000 0.300000 0.000000 0.000000
0.000000 0.000000 0.000000 0.000000 0.000000 0.000000 0.000000 0.000000 0.000000 0.000000 0.000000 0.000000 0.000000 0.000000 0.000000 0.000000 0.000000 0.000000 0.000000 0.000000 0.000000