geotop/1.0zi/1.0Montebello/Templates/testdem/maps/_Eocsilt4466.asc
ncols         21
nrows         20
xllcorner     100.000000
yllcorner     100.000000
cellsize      50.000000
NODATA_value  -9999.0
0.000000 0.000000 0.000000 0.000000 0.000000 0.000000 0.000000 0.000000 0.000000 0.000000 0.000000 0.000000 0.000000 0.000000 0.000000 0.000000 0.000000 0.000000 0.000000 0.000000 0.000000
0.000000 0.000000 0.350090 0.350090 0.350090 0.350090 0.350090 0.350090 0.350090 0.350090 0.350090 0.350090 0.350090 0.350090 0.350090 0.350090 0.350090 0.350090 0.350090 0.000000 0.000000
0.000000 0.000000 0.350002 0.350002 0.350002 0.350003 0.350003 0.350003 0.350003 0.350003 0.350003 0.350003 0.350003 0.350003 0.350003 0.350002 0.350001 0.350001 0.350002 0.000000 0.000000
0.000000 0.000000 0.350031 0.350031 0.350030 0.350026 0.350027 0.350025 0.350027 0.350027 0.350027 0.350026 0.350027 0.350026 0.350027 0.350030 0.350031 0.350032 0.350031 0.000000 0.000000
0.000000 0.000000 0.350387 0.350389 0.350388 0.350384 0.350381 0.350378 0.350376 0.350373 0.350372 0.350375 0.350375 0.350376 0.350380 0.350380 0.350381 0.350389 0.350392 0.000000 0.000000
0.000000 0.000000 0.351535 0.351538 0.351535 0.351523 0.351516 0.351501 0.351499 0.351494 0.351498 0.351501 0.351505 0.351504 0.351509 0.351516 0.351522 0.351524 0.351528 0.000000 0.000000
0.000000 0.000000 0.353322 0.353322 0.353319 0.353305 0.353290 0.353273 0.353274 0.353272 0.353275 0.353274 0.353271 0.353275 0.353286 0.353301 0.353307 0.353313 0.353319 0.000000 0.000000
0.000000 0.000000 0.355403 0.355401 0.355400 0.355387 0.355373 0.355356 0.355358 0.355355 0.355356 0.355355 0.355353 0.355352 0.355369 0.355384 0.355395 0.355397 0.355403 0.000000 0.000000
0.000000 0.000000 0.357526 0.357522 0.357518 0.357508 0.357495 0.357473 0.357474 0.357470 0.357471 0.357472 0.357470 0.357470 0.357487 0.357504 0.357512 0.357518 0.357525 0.000000 0.000000
0.000000 0.000000 0.359635 0.359632 0.359630 0.359620 0.359603 0.359585 0.359588 0.359585 0.359585 0.359586 0.359582 0.359581 0.359599 0.359617 0.359624 0.359628 0.359634 0.000000 0.000000
0.000000 0.000000 0.361759 0.361756 0.361754 0.361747 0.361735 0.361713 0.361716 0.361710 0.361711 0.361712 0.361709 0.361708 0.361724 0.361736 0.361746 0.361751 0.361757 0.000000 0.000000
0.000000 0.000000 0.363955 0.363952 0.363949 0.363937 0.363924 0.363902 0.363902 0.363899 0.363900 0.363899 0.363898 0.363896 0.363917 0.363933 0.363941 0.363945 0.363968 0.000000 0.000000
0.000000 0.000000 0.366181 0.366178 0.366174 0.366165 0.366150 0.366105 0.366106 0.366101 0.366101 0.366102 0.366098 0.366098 0.366137 0.366156 0.366164 0.366169 0.366183 0.000000 0.000000
0.000000 0.000000 0.368536 0.368529 0.368527 0.368518 0.368473 0.368462 0.368455 0.368452 0.368452 0.368453 0.368449 0.368448 0.368460 0.368505 0.368515 0.368524 0.368533 0.000000 0.000000
0.000000 0.000000 0.371073 0.371068 0.371057 0.371018 0.370998 0.370970 0.370956 0.370951 0.370945 0.370944 0.370945 0.370940 0.370961 0.370992 0.371042 0.371040 0.371047 0.000000 0.000000
0.000000 0.000000 0.373692 0.373687 0.373640 0.373633 0.373620 0.373606 0.373605 0.373603 0.373606 0.373605 0.373597 0.373605 0.373612 0.373625 0.373626 0.373679 0.373692 0.000000 0.000000
0.000000 0.000000 0.376603 0.376540 0.376501 0.376484 0.376452 0.376434 0.376430 0.376428 0.376421 0.376421 0.376421 0.376415 0.376427 0.376465 0.376490 0.376517 0.376581 0.000000 0.000000
0.000000 0.000000 0.378881 0.378868 0.378911 0.378888 0.378860 0.378796 0.378791 0.378784 0.378787 0.378787 0.378782 0.378785 0.378842 0.378875 0.378912 0.378857 0.378882 0.000000 0.000000
0.000000 0.000000 0.350000 0.350000 0.350000 0.350000 0.350000 0.350000 0.350000 0.350000 0.350000 0.350000 0.350000 0.350000 0.350000 0.350000 0.350000 0.350000 0.350000 0.000000 0.000000
0.000000 0.000000 0.000000 0.000000 0.000000 0.000000 0.000000 0.000000 0.000000 0.000000 0.000000 0.000000 0.000000 0.000000 0.000000 0.000000 0.000000 0.000000 0.000000 0.000000 0.000000