geotop/1.0zi/1.0Montebello/Templates/testdem/maps/_Eocsand0837.asc
ncols         21
nrows         20
xllcorner     100.000000
yllcorner     100.000000
cellsize      50.000000
NODATA_value  -9999.0
0.000000 0.000000 0.000000 0.000000 0.000000 0.000000 0.000000 0.000000 0.000000 0.000000 0.000000 0.000000 0.000000 0.000000 0.000000 0.000000 0.000000 0.000000 0.000000 0.000000 0.000000
0.000000 0.000000 0.300030 0.300030 0.300030 0.300030 0.300030 0.300030 0.300030 0.300030 0.300030 0.300030 0.300030 0.300030 0.300030 0.300030 0.300030 0.300030 0.300030 0.000000 0.000000
0.000000 0.000000 0.300005 0.300005 0.300006 0.300005 0.300005 0.300005 0.300005 0.300005 0.300005 0.300005 0.300005 0.300005 0.300005 0.300005 0.300006 0.300005 0.300005 0.000000 0.000000
0.000000 0.000000 0.299350 0.299351 0.299355 0.299353 0.299350 0.299350 0.299350 0.299350 0.299350 0.299350 0.299350 0.299350 0.299350 0.299353 0.299355 0.299351 0.299350 0.000000 0.000000
0.000000 0.000000 0.296932 0.296934 0.296938 0.296938 0.296931 0.296932 0.296933 0.296932 0.296932 0.296932 0.296933 0.296932 0.296931 0.296938 0.296938 0.296934 0.296932 0.000000 0.000000
0.000000 0.000000 0.294095 0.294097 0.294100 0.294100 0.294095 0.294096 0.294096 0.294095 0.294095 0.294095 0.294096 0.294096 0.294095 0.294100 0.294100 0.294097 0.294095 0.000000 0.000000
0.000000 0.000000 0.291444 0.291445 0.291448 0.291448 0.291444 0.291444 0.291444 0.291444 0.291444 0.291444 0.291444 0.291444 0.291444 0.291448 0.291448 0.291445 0.291444 0.000000 0.000000
0.000000 0.000000 0.288995 0.288996 0.288999 0.288998 0.288995 0.288995 0.288995 0.288995 0.288995 0.288995 0.288995 0.288995 0.288995 0.288998 0.288999 0.288996 0.288995 0.000000 0.000000
0.000000 0.000000 0.286694 0.286695 0.286697 0.286697 0.286694 0.286694 0.286694 0.286694 0.286694 0.286694 0.286694 0.286694 0.286694 0.286697 0.286697 0.286695 0.286694 0.000000 0.000000
0.000000 0.000000 0.284488 0.284489 0.284492 0.284492 0.284488 0.284489 0.284489 0.284488 0.284488 0.284488 0.284489 0.284489 0.284488 0.284492 0.284492 0.284489 0.284488 0.000000 0.000000
0.000000 0.000000 0.282350 0.282351 0.282354 0.282353 0.282350 0.282350 0.282350 0.282350 0.282350 0.282350 0.282350 0.282350 0.282350 0.282353 0.282354 0.282351 0.282350 0.000000 0.000000
0.000000 0.000000 0.280260 0.280261 0.280264 0.280263 0.280260 0.280260 0.280261 0.280260 0.280260 0.280260 0.280261 0.280260 0.280260 0.280263 0.280264 0.280261 0.280260 0.000000 0.000000
0.000000 0.000000 0.278211 0.278212 0.278215 0.278214 0.278212 0.278212 0.278212 0.278211 0.278211 0.278211 0.278212 0.278212 0.278212 0.278214 0.278215 0.278212 0.278211 0.000000 0.000000
0.000000 0.000000 0.276198 0.276198 0.276201 0.276200 0.276198 0.276198 0.276198 0.276197 0.276198 0.276197 0.276198 0.276198 0.276198 0.276200 0.276201 0.276198 0.276198 0.000000 0.000000
0.000000 0.000000 0.274205 0.274206 0.274208 0.274208 0.274205 0.274205 0.274205 0.274205 0.274205 0.274205 0.274205 0.274205 0.274205 0.274208 0.274208 0.274206 0.274205 0.000000 0.000000
0.000000 0.000000 0.272227 0.272228 0.272231 0.272230 0.272228 0.272228 0.272228 0.272227 0.272227 0.272227 0.272228 0.272228 0.272228 0.272230 0.272231 0.272228 0.272227 0.000000 0.000000
0.000000 0.000000 0.270275 0.270276 0.270279 0.270278 0.270276 0.270276 0.270276 0.270275 0.270275 0.270275 0.270276 0.270276 0.270276 0.270278 0.270279 0.270276 0.270275 0.000000 0.000000
0.000000 0.000000 0.268293 0.268294 0.268296 0.268296 0.268293 0.268293 0.268293 0.268293 0.268293 0.268293 0.268293 0.268293 0.268293 0.268296 0.268296 0.268294 0.268293 0.000000 0.000000
0.000000 0.000000 0.300000 0.300000 0.300000 0.300000 0.300000 0.300000 0.300000 0.300000 0.300000 0.300000 0.300000 0.300000 0.300000 0.300000 0.300000 0.300000 0.300000 0.000000 0.000000
0.000000 0.000000 0.000000 0.000000 0.000000 0.000000 0.000000 0.000000 0.000000 0.000000 0.000000 0.000000 0.000000 0.000000 0.000000 0.000000 0.000000 0.000000 0.000000 0.000000 0.000000