geotop/1.0zi/1.0Montebello/Templates/testdem/maps/_Eocclay6143.asc
ncols         21
nrows         20
xllcorner     100.000000
yllcorner     100.000000
cellsize      50.000000
NODATA_value  -9999.0
0.000000 0.000000 0.000000 0.000000 0.000000 0.000000 0.000000 0.000000 0.000000 0.000000 0.000000 0.000000 0.000000 0.000000 0.000000 0.000000 0.000000 0.000000 0.000000 0.000000 0.000000
0.000000 0.000000 0.349729 0.349729 0.349730 0.349728 0.349730 0.349730 0.349729 0.349730 0.349728 0.349730 0.349730 0.349729 0.349730 0.349730 0.349728 0.349728 0.349729 0.000000 0.000000
0.000000 0.000000 0.349989 0.349989 0.349989 0.349990 0.349989 0.349989 0.349989 0.349989 0.349989 0.349988 0.349989 0.349988 0.349989 0.349989 0.349990 0.349990 0.349988 0.000000 0.000000
0.000000 0.000000 0.349982 0.349985 0.349983 0.349983 0.349985 0.349985 0.349986 0.349983 0.349988 0.349985 0.349985 0.349985 0.349985 0.349987 0.349985 0.349987 0.349986 0.000000 0.000000
0.000000 0.000000 0.350507 0.350506 0.350504 0.350502 0.350489 0.350487 0.350487 0.350490 0.350487 0.350486 0.350481 0.350483 0.350490 0.350489 0.350493 0.350496 0.350502 0.000000 0.000000
0.000000 0.000000 0.352197 0.352197 0.352192 0.352171 0.352165 0.352147 0.352147 0.352143 0.352145 0.352147 0.352150 0.352150 0.352154 0.352167 0.352175 0.352186 0.352191 0.000000 0.000000
0.000000 0.000000 0.354723 0.354720 0.354716 0.354699 0.354678 0.354649 0.354649 0.354645 0.354646 0.354648 0.354649 0.354647 0.354669 0.354691 0.354701 0.354710 0.354718 0.000000 0.000000
0.000000 0.000000 0.357783 0.357782 0.357779 0.357758 0.357737 0.357707 0.357707 0.357704 0.357704 0.357703 0.357701 0.357706 0.357730 0.357749 0.357765 0.357771 0.357781 0.000000 0.000000
0.000000 0.000000 0.360922 0.360919 0.360911 0.360899 0.360878 0.360848 0.360850 0.360844 0.360842 0.360843 0.360842 0.360841 0.360869 0.360891 0.360905 0.360909 0.360918 0.000000 0.000000
0.000000 0.000000 0.364120 0.364114 0.364111 0.364101 0.364071 0.364043 0.364045 0.364041 0.364037 0.364041 0.364045 0.364042 0.364065 0.364091 0.364106 0.364109 0.364116 0.000000 0.000000
0.000000 0.000000 0.367458 0.367454 0.367452 0.367430 0.367409 0.367378 0.367385 0.367370 0.367370 0.367371 0.367367 0.367376 0.367395 0.367412 0.367429 0.367438 0.367452 0.000000 0.000000
0.000000 0.000000 0.370983 0.370976 0.370966 0.370950 0.370931 0.370895 0.370895 0.370887 0.370896 0.370886 0.370888 0.370891 0.370924 0.370941 0.370953 0.370958 0.370993 0.000000 0.000000
0.000000 0.000000 0.374631 0.374624 0.374620 0.374602 0.374584 0.374508 0.374507 0.374501 0.374485 0.374494 0.374499 0.374505 0.374562 0.374578 0.374605 0.374608 0.374633 0.000000 0.000000
0.000000 0.000000 0.378627 0.378622 0.378611 0.378599 0.378522 0.378505 0.378487 0.378486 0.378481 0.378483 0.378484 0.378481 0.378490 0.378568 0.378591 0.378610 0.378635 0.000000 0.000000
0.000000 0.000000 0.383065 0.383059 0.383041 0.382960 0.382938 0.382893 0.382863 0.382858 0.382843 0.382835 0.382844 0.382838 0.382874 0.382909 0.383023 0.383013 0.383028 0.000000 0.000000
0.000000 0.000000 0.387795 0.387790 0.387681 0.387667 0.387661 0.387634 0.387658 0.387645 0.387655 0.387643 0.387630 0.387653 0.387670 0.387680 0.387665 0.387805 0.387808 0.000000 0.000000
0.000000 0.000000 0.393288 0.393136 0.393093 0.393050 0.392978 0.392944 0.392928 0.392927 0.392893 0.392890 0.392905 0.392898 0.392939 0.392994 0.393082 0.393102 0.393256 0.000000 0.000000
0.000000 0.000000 0.397153 0.397176 0.397314 0.397281 0.397232 0.397093 0.397091 0.397059 0.397084 0.397075 0.397083 0.397088 0.397215 0.397252 0.397337 0.397195 0.397181 0.000000 0.000000
0.000000 0.000000 0.350000 0.350000 0.350000 0.350000 0.350000 0.350000 0.350000 0.350000 0.350000 0.350000 0.350000 0.350000 0.350000 0.350000 0.350000 0.350000 0.350000 0.000000 0.000000
0.000000 0.000000 0.000000 0.000000 0.000000 0.000000 0.000000 0.000000 0.000000 0.000000 0.000000 0.000000 0.000000 0.000000 0.000000 0.000000 0.000000 0.000000 0.000000 0.000000 0.000000