geotop/1.0zi/1.0Montebello/Templates/testdem/maps/_Eocsand2644.asc
ncols         21
nrows         20
xllcorner     100.000000
yllcorner     100.000000
cellsize      50.000000
NODATA_value  -9999.0
0.000000 0.000000 0.000000 0.000000 0.000000 0.000000 0.000000 0.000000 0.000000 0.000000 0.000000 0.000000 0.000000 0.000000 0.000000 0.000000 0.000000 0.000000 0.000000 0.000000 0.000000
0.000000 0.000000 0.300078 0.300078 0.300077 0.300078 0.300077 0.300078 0.300078 0.300077 0.300079 0.300077 0.300078 0.300078 0.300077 0.300078 0.300077 0.300078 0.300078 0.000000 0.000000
0.000000 0.000000 0.300012 0.300013 0.300013 0.300012 0.300012 0.300012 0.300012 0.300012 0.300011 0.300012 0.300012 0.300012 0.300012 0.300012 0.300013 0.300013 0.300012 0.000000 0.000000
0.000000 0.000000 0.298311 0.298312 0.298316 0.298314 0.298310 0.298311 0.298311 0.298311 0.298311 0.298311 0.298311 0.298311 0.298310 0.298314 0.298316 0.298312 0.298311 0.000000 0.000000
0.000000 0.000000 0.291106 0.291107 0.291111 0.291111 0.291105 0.291106 0.291106 0.291104 0.291103 0.291104 0.291106 0.291106 0.291105 0.291111 0.291111 0.291107 0.291106 0.000000 0.000000
0.000000 0.000000 0.282291 0.282292 0.282295 0.282295 0.282290 0.282292 0.282292 0.282289 0.282289 0.282289 0.282292 0.282292 0.282290 0.282295 0.282295 0.282292 0.282291 0.000000 0.000000
0.000000 0.000000 0.274062 0.274063 0.274066 0.274065 0.274061 0.274063 0.274063 0.274061 0.274061 0.274061 0.274063 0.274063 0.274061 0.274065 0.274066 0.274063 0.274062 0.000000 0.000000
0.000000 0.000000 0.266533 0.266533 0.266536 0.266535 0.266532 0.266533 0.266533 0.266532 0.266531 0.266532 0.266533 0.266533 0.266532 0.266535 0.266536 0.266533 0.266533 0.000000 0.000000
0.000000 0.000000 0.259521 0.259522 0.259524 0.259524 0.259521 0.259522 0.259522 0.259520 0.259520 0.259520 0.259522 0.259522 0.259521 0.259524 0.259524 0.259522 0.259521 0.000000 0.000000
0.000000 0.000000 0.252868 0.252868 0.252871 0.252870 0.252867 0.252868 0.252868 0.252867 0.252866 0.252867 0.252868 0.252868 0.252867 0.252870 0.252871 0.252868 0.252868 0.000000 0.000000
0.000000 0.000000 0.246492 0.246493 0.246495 0.246494 0.246492 0.246493 0.246492 0.246491 0.246491 0.246491 0.246492 0.246493 0.246492 0.246494 0.246495 0.246493 0.246492 0.000000 0.000000
0.000000 0.000000 0.240335 0.240336 0.240338 0.240337 0.240335 0.240336 0.240336 0.240334 0.240334 0.240334 0.240336 0.240336 0.240335 0.240337 0.240338 0.240336 0.240335 0.000000 0.000000
0.000000 0.000000 0.234353 0.234353 0.234355 0.234355 0.234352 0.234353 0.234353 0.234352 0.234351 0.234352 0.234353 0.234353 0.234352 0.234355 0.234355 0.234353 0.234353 0.000000 0.000000
0.000000 0.000000 0.228515 0.228515 0.228518 0.228517 0.228514 0.228515 0.228515 0.228514 0.228514 0.228514 0.228515 0.228515 0.228514 0.228517 0.228518 0.228515 0.228515 0.000000 0.000000
0.000000 0.000000 0.222804 0.222804 0.222806 0.222805 0.222803 0.222804 0.222804 0.222803 0.222802 0.222803 0.222804 0.222804 0.222803 0.222805 0.222806 0.222804 0.222804 0.000000 0.000000
0.000000 0.000000 0.217207 0.217208 0.217210 0.217209 0.217207 0.217208 0.217208 0.217206 0.217206 0.217206 0.217208 0.217208 0.217207 0.217209 0.217210 0.217208 0.217207 0.000000 0.000000
0.000000 0.000000 0.211720 0.211721 0.211723 0.211722 0.211720 0.211721 0.211721 0.211719 0.211719 0.211719 0.211721 0.211721 0.211720 0.211722 0.211723 0.211721 0.211720 0.000000 0.000000
0.000000 0.000000 0.206267 0.206267 0.206269 0.206268 0.206266 0.206267 0.206266 0.206265 0.206265 0.206265 0.206266 0.206267 0.206266 0.206268 0.206269 0.206267 0.206266 0.000000 0.000000
0.000000 0.000000 0.300000 0.300000 0.300000 0.300000 0.300000 0.300000 0.300000 0.300000 0.300000 0.300000 0.300000 0.300000 0.300000 0.300000 0.300000 0.300000 0.300000 0.000000 0.000000
0.000000 0.000000 0.000000 0.000000 0.000000 0.000000 0.000000 0.000000 0.000000 0.000000 0.000000 0.000000 0.000000 0.000000 0.000000 0.000000 0.000000 0.000000 0.000000 0.000000 0.000000