geotop/1.0zi/1.0Montebello/Templates/testdem/maps/_Eocsilt1291.asc
ncols         21
nrows         20
xllcorner     100.000000
yllcorner     100.000000
cellsize      50.000000
NODATA_value  -9999.0
0.000000 0.000000 0.000000 0.000000 0.000000 0.000000 0.000000 0.000000 0.000000 0.000000 0.000000 0.000000 0.000000 0.000000 0.000000 0.000000 0.000000 0.000000 0.000000 0.000000 0.000000
0.000000 0.000000 0.350025 0.350025 0.350025 0.350025 0.350025 0.350025 0.350025 0.350025 0.350025 0.350025 0.350025 0.350025 0.350025 0.350025 0.350025 0.350025 0.350025 0.000000 0.000000
0.000000 0.000000 0.350000 0.350000 0.350000 0.350000 0.350000 0.350000 0.350000 0.350000 0.350000 0.350000 0.350000 0.350000 0.350000 0.350000 0.350000 0.350000 0.350000 0.000000 0.000000
0.000000 0.000000 0.350570 0.350569 0.350567 0.350568 0.350570 0.350570 0.350570 0.350570 0.350570 0.350570 0.350570 0.350570 0.350570 0.350568 0.350567 0.350569 0.350570 0.000000 0.000000
0.000000 0.000000 0.352375 0.352375 0.352373 0.352373 0.352376 0.352375 0.352375 0.352376 0.352376 0.352376 0.352375 0.352375 0.352376 0.352373 0.352373 0.352375 0.352375 0.000000 0.000000
0.000000 0.000000 0.354591 0.354590 0.354588 0.354588 0.354591 0.354590 0.354590 0.354591 0.354591 0.354591 0.354590 0.354590 0.354591 0.354588 0.354588 0.354590 0.354591 0.000000 0.000000
0.000000 0.000000 0.356631 0.356631 0.356629 0.356630 0.356632 0.356631 0.356631 0.356632 0.356632 0.356632 0.356631 0.356631 0.356632 0.356630 0.356629 0.356631 0.356631 0.000000 0.000000
0.000000 0.000000 0.358505 0.358505 0.358503 0.358504 0.358506 0.358505 0.358505 0.358506 0.358505 0.358506 0.358505 0.358505 0.358506 0.358504 0.358503 0.358505 0.358505 0.000000 0.000000
0.000000 0.000000 0.360261 0.360261 0.360260 0.360260 0.360262 0.360261 0.360261 0.360262 0.360262 0.360262 0.360261 0.360261 0.360262 0.360260 0.360260 0.360261 0.360261 0.000000 0.000000
0.000000 0.000000 0.361945 0.361945 0.361943 0.361944 0.361945 0.361945 0.361945 0.361945 0.361945 0.361945 0.361945 0.361945 0.361945 0.361944 0.361943 0.361945 0.361945 0.000000 0.000000
0.000000 0.000000 0.363574 0.363574 0.363572 0.363573 0.363574 0.363574 0.363574 0.363574 0.363574 0.363574 0.363574 0.363574 0.363574 0.363573 0.363572 0.363574 0.363574 0.000000 0.000000
0.000000 0.000000 0.365165 0.365165 0.365163 0.365164 0.365165 0.365165 0.365165 0.365165 0.365165 0.365165 0.365165 0.365165 0.365165 0.365164 0.365163 0.365165 0.365165 0.000000 0.000000
0.000000 0.000000 0.366729 0.366729 0.366727 0.366728 0.366729 0.366729 0.366729 0.366729 0.366729 0.366729 0.366729 0.366729 0.366729 0.366728 0.366727 0.366729 0.366729 0.000000 0.000000
0.000000 0.000000 0.368266 0.368266 0.368265 0.368265 0.368267 0.368266 0.368266 0.368267 0.368267 0.368267 0.368266 0.368266 0.368267 0.368265 0.368265 0.368266 0.368266 0.000000 0.000000
0.000000 0.000000 0.369784 0.369784 0.369783 0.369783 0.369785 0.369784 0.369784 0.369784 0.369784 0.369784 0.369784 0.369784 0.369785 0.369783 0.369783 0.369784 0.369784 0.000000 0.000000
0.000000 0.000000 0.371288 0.371288 0.371287 0.371287 0.371289 0.371288 0.371288 0.371289 0.371289 0.371289 0.371288 0.371288 0.371289 0.371287 0.371287 0.371288 0.371288 0.000000 0.000000
0.000000 0.000000 0.372778 0.372778 0.372777 0.372777 0.372778 0.372778 0.372778 0.372778 0.372778 0.372778 0.372778 0.372778 0.372778 0.372777 0.372777 0.372778 0.372778 0.000000 0.000000
0.000000 0.000000 0.374293 0.374293 0.374292 0.374292 0.374294 0.374293 0.374293 0.374294 0.374294 0.374294 0.374293 0.374293 0.374294 0.374292 0.374292 0.374293 0.374293 0.000000 0.000000
0.000000 0.000000 0.350000 0.350000 0.350000 0.350000 0.350000 0.350000 0.350000 0.350000 0.350000 0.350000 0.350000 0.350000 0.350000 0.350000 0.350000 0.350000 0.350000 0.000000 0.000000
0.000000 0.000000 0.000000 0.000000 0.000000 0.000000 0.000000 0.000000 0.000000 0.000000 0.000000 0.000000 0.000000 0.000000 0.000000 0.000000 0.000000 0.000000 0.000000 0.000000 0.000000