geotop/1.0zi/1.0Montebello/Templates/testdem/maps/_Eocsand022~.asc
ncols         21
nrows         20
xllcorner     100.000000
yllcorner     100.000000
cellsize      50.000000
NODATA_value  -9999.0
0.000000 0.000000 0.000000 0.000000 0.000000 0.000000 0.000000 0.000000 0.000000 0.000000 0.000000 0.000000 0.000000 0.000000 0.000000 0.000000 0.000000 0.000000 0.000000 0.000000 0.000000
0.000000 0.000000 0.300253 0.300251 0.300251 0.300252 0.300251 0.300250 0.300251 0.300251 0.300252 0.300251 0.300251 0.300251 0.300251 0.300251 0.300252 0.300251 0.300251 0.000000 0.000000
0.000000 0.000000 0.300010 0.300012 0.300012 0.300011 0.300012 0.300013 0.300012 0.300012 0.300012 0.300012 0.300011 0.300012 0.300011 0.300012 0.300012 0.300013 0.300013 0.000000 0.000000
0.000000 0.000000 0.299809 0.299803 0.299814 0.299822 0.299821 0.299827 0.299819 0.299821 0.299821 0.299819 0.299818 0.299820 0.299814 0.299807 0.299804 0.299803 0.299805 0.000000 0.000000
0.000000 0.000000 0.296820 0.296817 0.296836 0.296873 0.296902 0.296913 0.296912 0.296911 0.296915 0.296908 0.296902 0.296903 0.296881 0.296866 0.296848 0.296834 0.296821 0.000000 0.000000
0.000000 0.000000 0.288635 0.288640 0.288682 0.288754 0.288822 0.288884 0.288878 0.288886 0.288890 0.288889 0.288876 0.288882 0.288848 0.288790 0.288758 0.288733 0.288722 0.000000 0.000000
0.000000 0.000000 0.277386 0.277403 0.277438 0.277523 0.277610 0.277729 0.277724 0.277730 0.277743 0.277743 0.277743 0.277740 0.277645 0.277574 0.277527 0.277494 0.277479 0.000000 0.000000
0.000000 0.000000 0.263989 0.264009 0.264046 0.264147 0.264244 0.264353 0.264348 0.264358 0.264373 0.264379 0.264382 0.264365 0.264278 0.264197 0.264123 0.264104 0.264075 0.000000 0.000000
0.000000 0.000000 0.249114 0.249145 0.249202 0.249283 0.249394 0.249526 0.249511 0.249531 0.249553 0.249557 0.249549 0.249557 0.249432 0.249335 0.249276 0.249248 0.249223 0.000000 0.000000
0.000000 0.000000 0.232456 0.232503 0.232550 0.232639 0.232763 0.232903 0.232898 0.232910 0.232943 0.232931 0.232914 0.232921 0.232821 0.232694 0.232622 0.232592 0.232581 0.000000 0.000000
0.000000 0.000000 0.213204 0.213240 0.213286 0.213481 0.213540 0.213730 0.213686 0.213772 0.213771 0.213785 0.213815 0.213765 0.213649 0.213569 0.213468 0.213429 0.213347 0.000000 0.000000
0.000000 0.000000 0.190358 0.190445 0.190568 0.190660 0.190768 0.191010 0.191014 0.191010 0.190991 0.191075 0.191030 0.191050 0.190834 0.190703 0.190647 0.190609 0.190446 0.000000 0.000000
0.000000 0.000000 0.164362 0.164436 0.164462 0.164658 0.164790 0.165455 0.165461 0.165494 0.165746 0.165590 0.165579 0.165521 0.165035 0.164927 0.164671 0.164652 0.164630 0.000000 0.000000
0.000000 0.000000 0.132344 0.132360 0.132586 0.132714 0.133650 0.133257 0.133451 0.133435 0.133288 0.133438 0.133455 0.133569 0.133922 0.132896 0.132876 0.132628 0.132492 0.000000 0.000000
0.000000 0.000000 0.098916 0.098997 0.099141 0.100215 0.099683 0.100395 0.100517 0.100578 0.100848 0.100906 0.100788 0.100767 0.100150 0.100666 0.099270 0.099607 0.099674 0.000000 0.000000
0.000000 0.000000 0.073739 0.073775 0.074641 0.074227 0.074388 0.074366 0.073991 0.074086 0.073895 0.073927 0.074087 0.073888 0.073997 0.073847 0.074781 0.073473 0.073495 0.000000 0.000000
0.000000 0.000000 0.055182 0.055611 0.055694 0.055787 0.056046 0.056097 0.056146 0.056135 0.056235 0.056225 0.056180 0.056219 0.056143 0.055939 0.055759 0.055741 0.055306 0.000000 0.000000
0.000000 0.000000 0.044872 0.045039 0.044869 0.044984 0.045156 0.045344 0.045387 0.045413 0.045434 0.045438 0.045401 0.045425 0.045238 0.045104 0.044888 0.045119 0.044945 0.000000 0.000000
0.000000 0.000000 0.300000 0.300000 0.300000 0.300000 0.300000 0.300000 0.300000 0.300000 0.300000 0.300000 0.300000 0.300000 0.300000 0.300000 0.300000 0.300000 0.300000 0.000000 0.000000
0.000000 0.000000 0.000000 0.000000 0.000000 0.000000 0.000000 0.000000 0.000000 0.000000 0.000000 0.000000 0.000000 0.000000 0.000000 0.000000 0.000000 0.000000 0.000000 0.000000 0.000000