geotop/1.0zi/1.0Montebello/Templates/testdem/maps/_Eocclay2976.asc
ncols         21
nrows         20
xllcorner     100.000000
yllcorner     100.000000
cellsize      50.000000
NODATA_value  -9999.0
0.000000 0.000000 0.000000 0.000000 0.000000 0.000000 0.000000 0.000000 0.000000 0.000000 0.000000 0.000000 0.000000 0.000000 0.000000 0.000000 0.000000 0.000000 0.000000 0.000000 0.000000
0.000000 0.000000 0.349828 0.349828 0.349828 0.349828 0.349828 0.349828 0.349828 0.349828 0.349827 0.349828 0.349828 0.349828 0.349828 0.349828 0.349828 0.349828 0.349828 0.000000 0.000000
0.000000 0.000000 0.349995 0.349995 0.349995 0.349995 0.349995 0.349995 0.349995 0.349995 0.349996 0.349995 0.349995 0.349995 0.349995 0.349995 0.349995 0.349995 0.349995 0.000000 0.000000
0.000000 0.000000 0.351087 0.351087 0.351084 0.351085 0.351087 0.351087 0.351086 0.351087 0.351087 0.351087 0.351086 0.351087 0.351087 0.351085 0.351084 0.351087 0.351087 0.000000 0.000000
0.000000 0.000000 0.355707 0.355707 0.355705 0.355705 0.355708 0.355707 0.355707 0.355709 0.355709 0.355709 0.355707 0.355707 0.355708 0.355705 0.355705 0.355707 0.355707 0.000000 0.000000
0.000000 0.000000 0.360879 0.360879 0.360877 0.360877 0.360880 0.360879 0.360879 0.360880 0.360881 0.360880 0.360879 0.360879 0.360880 0.360877 0.360877 0.360879 0.360879 0.000000 0.000000
0.000000 0.000000 0.365725 0.365725 0.365723 0.365724 0.365726 0.365725 0.365725 0.365726 0.365726 0.365726 0.365725 0.365725 0.365726 0.365724 0.365723 0.365725 0.365725 0.000000 0.000000
0.000000 0.000000 0.370138 0.370138 0.370137 0.370137 0.370139 0.370138 0.370138 0.370139 0.370139 0.370139 0.370138 0.370138 0.370139 0.370137 0.370137 0.370138 0.370138 0.000000 0.000000
0.000000 0.000000 0.374225 0.374225 0.374224 0.374224 0.374226 0.374225 0.374225 0.374226 0.374226 0.374226 0.374225 0.374225 0.374226 0.374224 0.374224 0.374225 0.374225 0.000000 0.000000
0.000000 0.000000 0.378083 0.378082 0.378081 0.378082 0.378083 0.378083 0.378083 0.378083 0.378084 0.378083 0.378083 0.378083 0.378083 0.378082 0.378081 0.378082 0.378083 0.000000 0.000000
0.000000 0.000000 0.381756 0.381755 0.381754 0.381755 0.381756 0.381755 0.381756 0.381756 0.381757 0.381756 0.381756 0.381755 0.381756 0.381755 0.381754 0.381755 0.381756 0.000000 0.000000
0.000000 0.000000 0.385280 0.385280 0.385278 0.385279 0.385280 0.385280 0.385280 0.385280 0.385281 0.385280 0.385280 0.385280 0.385280 0.385279 0.385278 0.385280 0.385280 0.000000 0.000000
0.000000 0.000000 0.388684 0.388683 0.388682 0.388683 0.388684 0.388683 0.388683 0.388684 0.388684 0.388684 0.388683 0.388683 0.388684 0.388683 0.388682 0.388683 0.388684 0.000000 0.000000
0.000000 0.000000 0.391993 0.391993 0.391991 0.391992 0.391993 0.391993 0.391993 0.391993 0.391994 0.391993 0.391993 0.391993 0.391993 0.391992 0.391991 0.391993 0.391993 0.000000 0.000000
0.000000 0.000000 0.395214 0.395214 0.395212 0.395213 0.395214 0.395214 0.395214 0.395214 0.395215 0.395214 0.395214 0.395214 0.395214 0.395213 0.395212 0.395214 0.395214 0.000000 0.000000
0.000000 0.000000 0.398353 0.398353 0.398351 0.398352 0.398353 0.398353 0.398353 0.398353 0.398353 0.398353 0.398353 0.398353 0.398353 0.398352 0.398351 0.398353 0.398353 0.000000 0.000000
0.000000 0.000000 0.401420 0.401420 0.401419 0.401419 0.401420 0.401420 0.401420 0.401420 0.401421 0.401420 0.401420 0.401420 0.401420 0.401419 0.401419 0.401420 0.401420 0.000000 0.000000
0.000000 0.000000 0.404481 0.404481 0.404480 0.404481 0.404482 0.404481 0.404481 0.404482 0.404482 0.404482 0.404481 0.404481 0.404482 0.404481 0.404480 0.404481 0.404482 0.000000 0.000000
0.000000 0.000000 0.350000 0.350000 0.350000 0.350000 0.350000 0.350000 0.350000 0.350000 0.350000 0.350000 0.350000 0.350000 0.350000 0.350000 0.350000 0.350000 0.350000 0.000000 0.000000
0.000000 0.000000 0.000000 0.000000 0.000000 0.000000 0.000000 0.000000 0.000000 0.000000 0.000000 0.000000 0.000000 0.000000 0.000000 0.000000 0.000000 0.000000 0.000000 0.000000 0.000000