geotop/1.0zi/1.0Montebello/Templates/testdem/maps/_Eocsand3474.asc
ncols         21
nrows         20
xllcorner     100.000000
yllcorner     100.000000
cellsize      50.000000
NODATA_value  -9999.0
0.000000 0.000000 0.000000 0.000000 0.000000 0.000000 0.000000 0.000000 0.000000 0.000000 0.000000 0.000000 0.000000 0.000000 0.000000 0.000000 0.000000 0.000000 0.000000 0.000000 0.000000
0.000000 0.000000 0.300092 0.300092 0.300092 0.300092 0.300092 0.300092 0.300092 0.300092 0.300094 0.300092 0.300092 0.300092 0.300092 0.300092 0.300092 0.300092 0.300092 0.000000 0.000000
0.000000 0.000000 0.300010 0.300011 0.300011 0.300010 0.300011 0.300010 0.300010 0.300011 0.300009 0.300011 0.300010 0.300010 0.300011 0.300010 0.300011 0.300011 0.300010 0.000000 0.000000
0.000000 0.000000 0.297326 0.297327 0.297331 0.297329 0.297326 0.297326 0.297327 0.297326 0.297325 0.297326 0.297327 0.297326 0.297326 0.297329 0.297331 0.297327 0.297326 0.000000 0.000000
0.000000 0.000000 0.287092 0.287093 0.287097 0.287096 0.287090 0.287093 0.287093 0.287090 0.287089 0.287090 0.287093 0.287093 0.287090 0.287096 0.287097 0.287093 0.287092 0.000000 0.000000
0.000000 0.000000 0.275168 0.275169 0.275172 0.275172 0.275167 0.275169 0.275169 0.275167 0.275166 0.275167 0.275169 0.275169 0.275167 0.275172 0.275172 0.275169 0.275168 0.000000 0.000000
0.000000 0.000000 0.264183 0.264184 0.264187 0.264187 0.264183 0.264184 0.264184 0.264183 0.264182 0.264183 0.264184 0.264184 0.264183 0.264187 0.264187 0.264184 0.264183 0.000000 0.000000
0.000000 0.000000 0.254225 0.254226 0.254229 0.254228 0.254225 0.254226 0.254226 0.254225 0.254224 0.254225 0.254226 0.254226 0.254225 0.254228 0.254229 0.254226 0.254225 0.000000 0.000000
0.000000 0.000000 0.245037 0.245038 0.245040 0.245040 0.245037 0.245038 0.245038 0.245037 0.245036 0.245037 0.245038 0.245038 0.245037 0.245040 0.245040 0.245038 0.245037 0.000000 0.000000
0.000000 0.000000 0.236404 0.236404 0.236407 0.236406 0.236403 0.236404 0.236404 0.236403 0.236402 0.236403 0.236404 0.236404 0.236403 0.236406 0.236407 0.236404 0.236404 0.000000 0.000000
0.000000 0.000000 0.228214 0.228214 0.228217 0.228216 0.228213 0.228215 0.228214 0.228213 0.228213 0.228213 0.228214 0.228215 0.228213 0.228216 0.228217 0.228214 0.228214 0.000000 0.000000
0.000000 0.000000 0.220388 0.220389 0.220391 0.220390 0.220387 0.220389 0.220389 0.220388 0.220387 0.220388 0.220389 0.220389 0.220387 0.220390 0.220391 0.220389 0.220388 0.000000 0.000000
0.000000 0.000000 0.212867 0.212868 0.212870 0.212869 0.212867 0.212868 0.212868 0.212867 0.212866 0.212867 0.212868 0.212868 0.212867 0.212869 0.212870 0.212868 0.212867 0.000000 0.000000
0.000000 0.000000 0.205593 0.205593 0.205596 0.205595 0.205592 0.205593 0.205593 0.205592 0.205592 0.205592 0.205593 0.205593 0.205592 0.205595 0.205596 0.205593 0.205593 0.000000 0.000000
0.000000 0.000000 0.198544 0.198544 0.198546 0.198546 0.198543 0.198544 0.198544 0.198543 0.198542 0.198543 0.198544 0.198544 0.198543 0.198546 0.198546 0.198544 0.198544 0.000000 0.000000
0.000000 0.000000 0.191709 0.191709 0.191712 0.191711 0.191708 0.191709 0.191709 0.191708 0.191708 0.191708 0.191709 0.191709 0.191708 0.191711 0.191712 0.191709 0.191709 0.000000 0.000000
0.000000 0.000000 0.185065 0.185065 0.185067 0.185067 0.185064 0.185065 0.185065 0.185064 0.185064 0.185064 0.185065 0.185065 0.185064 0.185067 0.185067 0.185065 0.185065 0.000000 0.000000
0.000000 0.000000 0.178502 0.178502 0.178504 0.178503 0.178501 0.178502 0.178502 0.178501 0.178500 0.178501 0.178502 0.178502 0.178501 0.178503 0.178504 0.178502 0.178501 0.000000 0.000000
0.000000 0.000000 0.300000 0.300000 0.300000 0.300000 0.300000 0.300000 0.300000 0.300000 0.300000 0.300000 0.300000 0.300000 0.300000 0.300000 0.300000 0.300000 0.300000 0.000000 0.000000
0.000000 0.000000 0.000000 0.000000 0.000000 0.000000 0.000000 0.000000 0.000000 0.000000 0.000000 0.000000 0.000000 0.000000 0.000000 0.000000 0.000000 0.000000 0.000000 0.000000 0.000000