geotop/1.0zi/1.0Montebello/Templates/testdem/maps/_Eocsilt2824.asc
ncols         21
nrows         20
xllcorner     100.000000
yllcorner     100.000000
cellsize      50.000000
NODATA_value  -9999.0
0.000000 0.000000 0.000000 0.000000 0.000000 0.000000 0.000000 0.000000 0.000000 0.000000 0.000000 0.000000 0.000000 0.000000 0.000000 0.000000 0.000000 0.000000 0.000000 0.000000 0.000000
0.000000 0.000000 0.350073 0.350073 0.350073 0.350072 0.350073 0.350073 0.350073 0.350072 0.350072 0.350072 0.350073 0.350073 0.350073 0.350072 0.350073 0.350073 0.350073 0.000000 0.000000
0.000000 0.000000 0.349998 0.349998 0.349998 0.349998 0.349998 0.349998 0.349998 0.349998 0.349999 0.349998 0.349998 0.349998 0.349998 0.349998 0.349998 0.349998 0.349998 0.000000 0.000000
0.000000 0.000000 0.351026 0.351025 0.351023 0.351024 0.351026 0.351026 0.351026 0.351026 0.351026 0.351026 0.351026 0.351026 0.351026 0.351024 0.351023 0.351025 0.351026 0.000000 0.000000
0.000000 0.000000 0.354898 0.354897 0.354896 0.354896 0.354898 0.354897 0.354898 0.354899 0.354899 0.354899 0.354898 0.354897 0.354898 0.354896 0.354896 0.354897 0.354898 0.000000 0.000000
0.000000 0.000000 0.359793 0.359792 0.359791 0.359791 0.359793 0.359792 0.359792 0.359793 0.359794 0.359793 0.359792 0.359792 0.359793 0.359791 0.359791 0.359792 0.359793 0.000000 0.000000
0.000000 0.000000 0.364253 0.364252 0.364251 0.364251 0.364253 0.364252 0.364252 0.364253 0.364254 0.364253 0.364252 0.364252 0.364253 0.364251 0.364251 0.364252 0.364253 0.000000 0.000000
0.000000 0.000000 0.368301 0.368301 0.368300 0.368300 0.368302 0.368301 0.368301 0.368302 0.368302 0.368302 0.368301 0.368301 0.368302 0.368300 0.368300 0.368301 0.368301 0.000000 0.000000
0.000000 0.000000 0.372055 0.372054 0.372053 0.372054 0.372055 0.372055 0.372055 0.372055 0.372056 0.372055 0.372055 0.372055 0.372055 0.372054 0.372053 0.372054 0.372055 0.000000 0.000000
0.000000 0.000000 0.375602 0.375602 0.375601 0.375601 0.375602 0.375602 0.375602 0.375603 0.375603 0.375603 0.375602 0.375602 0.375602 0.375601 0.375601 0.375602 0.375602 0.000000 0.000000
0.000000 0.000000 0.378986 0.378986 0.378984 0.378985 0.378986 0.378986 0.378986 0.378986 0.378987 0.378986 0.378986 0.378986 0.378986 0.378985 0.378984 0.378986 0.378986 0.000000 0.000000
0.000000 0.000000 0.382239 0.382239 0.382238 0.382238 0.382240 0.382239 0.382239 0.382240 0.382240 0.382240 0.382239 0.382239 0.382240 0.382238 0.382238 0.382239 0.382239 0.000000 0.000000
0.000000 0.000000 0.385387 0.385387 0.385386 0.385386 0.385387 0.385387 0.385387 0.385387 0.385388 0.385387 0.385387 0.385387 0.385387 0.385386 0.385386 0.385387 0.385387 0.000000 0.000000
0.000000 0.000000 0.388450 0.388450 0.388449 0.388449 0.388450 0.388450 0.388450 0.388451 0.388451 0.388451 0.388450 0.388450 0.388450 0.388449 0.388449 0.388450 0.388450 0.000000 0.000000
0.000000 0.000000 0.391437 0.391437 0.391436 0.391436 0.391438 0.391437 0.391437 0.391438 0.391438 0.391438 0.391437 0.391437 0.391438 0.391436 0.391436 0.391437 0.391437 0.000000 0.000000
0.000000 0.000000 0.394354 0.394354 0.394353 0.394353 0.394354 0.394354 0.394354 0.394355 0.394355 0.394355 0.394354 0.394354 0.394354 0.394353 0.394353 0.394354 0.394354 0.000000 0.000000
0.000000 0.000000 0.397206 0.397205 0.397204 0.397205 0.397206 0.397205 0.397205 0.397206 0.397206 0.397206 0.397205 0.397205 0.397206 0.397205 0.397204 0.397205 0.397206 0.000000 0.000000
0.000000 0.000000 0.400042 0.400043 0.400041 0.400042 0.400043 0.400043 0.400043 0.400043 0.400043 0.400043 0.400043 0.400043 0.400043 0.400042 0.400041 0.400043 0.400043 0.000000 0.000000
0.000000 0.000000 0.350000 0.350000 0.350000 0.350000 0.350000 0.350000 0.350000 0.350000 0.350000 0.350000 0.350000 0.350000 0.350000 0.350000 0.350000 0.350000 0.350000 0.000000 0.000000
0.000000 0.000000 0.000000 0.000000 0.000000 0.000000 0.000000 0.000000 0.000000 0.000000 0.000000 0.000000 0.000000 0.000000 0.000000 0.000000 0.000000 0.000000 0.000000 0.000000 0.000000