geotop/1.0zi/1.0Montebello/Templates/testdem/maps/_Eocclay8727.asc
ncols         21
nrows         20
xllcorner     100.000000
yllcorner     100.000000
cellsize      50.000000
NODATA_value  -9999.0
0.000000 0.000000 0.000000 0.000000 0.000000 0.000000 0.000000 0.000000 0.000000 0.000000 0.000000 0.000000 0.000000 0.000000 0.000000 0.000000 0.000000 0.000000 0.000000 0.000000 0.000000
0.000000 0.000000 0.349594 0.349596 0.349596 0.349595 0.349597 0.349597 0.349597 0.349597 0.349596 0.349597 0.349597 0.349597 0.349597 0.349597 0.349595 0.349595 0.349596 0.000000 0.000000
0.000000 0.000000 0.349983 0.349982 0.349982 0.349984 0.349982 0.349981 0.349982 0.349981 0.349981 0.349981 0.349982 0.349981 0.349982 0.349983 0.349983 0.349982 0.349981 0.000000 0.000000
0.000000 0.000000 0.350024 0.350029 0.350026 0.350022 0.350023 0.350024 0.350026 0.350024 0.350027 0.350025 0.350025 0.350023 0.350026 0.350028 0.350027 0.350029 0.350027 0.000000 0.000000
0.000000 0.000000 0.351175 0.351168 0.351164 0.351159 0.351141 0.351140 0.351137 0.351138 0.351137 0.351138 0.351137 0.351139 0.351148 0.351150 0.351161 0.351162 0.351173 0.000000 0.000000
0.000000 0.000000 0.354436 0.354433 0.354414 0.354382 0.354363 0.354340 0.354342 0.354335 0.354340 0.354340 0.354345 0.354344 0.354356 0.354378 0.354394 0.354407 0.354414 0.000000 0.000000
0.000000 0.000000 0.358844 0.358837 0.358827 0.358799 0.358763 0.358722 0.358722 0.358717 0.358718 0.358720 0.358721 0.358721 0.358758 0.358790 0.358807 0.358820 0.358829 0.000000 0.000000
0.000000 0.000000 0.364067 0.364061 0.364051 0.364016 0.363982 0.363938 0.363938 0.363932 0.363933 0.363931 0.363928 0.363937 0.363976 0.364004 0.364033 0.364042 0.364056 0.000000 0.000000
0.000000 0.000000 0.369683 0.369671 0.369655 0.369632 0.369593 0.369548 0.369551 0.369541 0.369539 0.369537 0.369539 0.369537 0.369584 0.369622 0.369644 0.369654 0.369666 0.000000 0.000000
0.000000 0.000000 0.375727 0.375712 0.375703 0.375679 0.375623 0.375582 0.375582 0.375578 0.375571 0.375576 0.375583 0.375580 0.375620 0.375666 0.375693 0.375702 0.375710 0.000000 0.000000
0.000000 0.000000 0.382428 0.382420 0.382408 0.382354 0.382318 0.382264 0.382279 0.382247 0.382255 0.382252 0.382242 0.382260 0.382301 0.382327 0.382365 0.382382 0.382408 0.000000 0.000000
0.000000 0.000000 0.390002 0.389977 0.389952 0.389922 0.389872 0.389811 0.389803 0.389800 0.389815 0.389790 0.389802 0.389801 0.389874 0.389913 0.389935 0.389949 0.390010 0.000000 0.000000
0.000000 0.000000 0.398343 0.398318 0.398314 0.398258 0.398219 0.398031 0.398028 0.398020 0.397965 0.397999 0.398007 0.398024 0.398172 0.398207 0.398282 0.398286 0.398314 0.000000 0.000000
0.000000 0.000000 0.408377 0.408370 0.408326 0.408289 0.408030 0.408079 0.408028 0.408030 0.408056 0.408033 0.408029 0.408008 0.407968 0.408241 0.408271 0.408340 0.408387 0.000000 0.000000
0.000000 0.000000 0.420369 0.420339 0.420286 0.419944 0.420009 0.419838 0.419770 0.419754 0.419692 0.419658 0.419698 0.419692 0.419866 0.419813 0.420262 0.420177 0.420179 0.000000 0.000000
0.000000 0.000000 0.433299 0.433276 0.432789 0.432973 0.432917 0.432907 0.433105 0.433050 0.433160 0.433133 0.433048 0.433167 0.433150 0.433190 0.432752 0.433477 0.433468 0.000000 0.000000
0.000000 0.000000 0.448669 0.447964 0.448188 0.447884 0.447532 0.447431 0.447205 0.447260 0.447033 0.447060 0.447195 0.447054 0.447244 0.447504 0.448170 0.447667 0.448403 0.000000 0.000000
0.000000 0.000000 0.452824 0.453474 0.453996 0.454007 0.454058 0.453546 0.453651 0.453495 0.453765 0.453714 0.453666 0.453758 0.454182 0.454145 0.454098 0.453715 0.453072 0.000000 0.000000
0.000000 0.000000 0.350000 0.350000 0.350000 0.350000 0.350000 0.350000 0.350000 0.350000 0.350000 0.350000 0.350000 0.350000 0.350000 0.350000 0.350000 0.350000 0.350000 0.000000 0.000000
0.000000 0.000000 0.000000 0.000000 0.000000 0.000000 0.000000 0.000000 0.000000 0.000000 0.000000 0.000000 0.000000 0.000000 0.000000 0.000000 0.000000 0.000000 0.000000 0.000000 0.000000