geotop/1.0zi/1.0Montebello/Templates/testdem/maps/_Eocclay6700.asc
ncols         21
nrows         20
xllcorner     100.000000
yllcorner     100.000000
cellsize      50.000000
NODATA_value  -9999.0
0.000000 0.000000 0.000000 0.000000 0.000000 0.000000 0.000000 0.000000 0.000000 0.000000 0.000000 0.000000 0.000000 0.000000 0.000000 0.000000 0.000000 0.000000 0.000000 0.000000 0.000000
0.000000 0.000000 0.349697 0.349698 0.349698 0.349697 0.349698 0.349698 0.349698 0.349698 0.349697 0.349698 0.349698 0.349698 0.349698 0.349698 0.349696 0.349697 0.349698 0.000000 0.000000
0.000000 0.000000 0.349988 0.349988 0.349988 0.349989 0.349987 0.349987 0.349987 0.349987 0.349987 0.349987 0.349988 0.349986 0.349988 0.349988 0.349989 0.349988 0.349986 0.000000 0.000000
0.000000 0.000000 0.349981 0.349986 0.349983 0.349983 0.349984 0.349985 0.349986 0.349982 0.349987 0.349984 0.349985 0.349985 0.349984 0.349986 0.349984 0.349986 0.349985 0.000000 0.000000
0.000000 0.000000 0.350606 0.350605 0.350603 0.350601 0.350588 0.350586 0.350586 0.350588 0.350585 0.350585 0.350581 0.350583 0.350590 0.350590 0.350595 0.350596 0.350603 0.000000 0.000000
0.000000 0.000000 0.352568 0.352567 0.352559 0.352534 0.352526 0.352506 0.352507 0.352502 0.352505 0.352505 0.352507 0.352507 0.352513 0.352529 0.352540 0.352552 0.352559 0.000000 0.000000
0.000000 0.000000 0.355459 0.355457 0.355451 0.355431 0.355407 0.355377 0.355376 0.355372 0.355373 0.355374 0.355374 0.355374 0.355398 0.355423 0.355435 0.355445 0.355453 0.000000 0.000000
0.000000 0.000000 0.358928 0.358927 0.358922 0.358898 0.358874 0.358842 0.358842 0.358838 0.358838 0.358836 0.358834 0.358840 0.358866 0.358887 0.358907 0.358914 0.358925 0.000000 0.000000
0.000000 0.000000 0.362521 0.362517 0.362507 0.362493 0.362468 0.362436 0.362438 0.362431 0.362428 0.362427 0.362428 0.362426 0.362457 0.362484 0.362500 0.362506 0.362515 0.000000 0.000000
0.000000 0.000000 0.366218 0.366211 0.366207 0.366194 0.366158 0.366129 0.366130 0.366126 0.366121 0.366124 0.366129 0.366125 0.366151 0.366182 0.366200 0.366205 0.366212 0.000000 0.000000
0.000000 0.000000 0.370115 0.370111 0.370106 0.370079 0.370055 0.370022 0.370029 0.370011 0.370012 0.370012 0.370007 0.370017 0.370038 0.370058 0.370080 0.370091 0.370108 0.000000 0.000000
0.000000 0.000000 0.374279 0.374270 0.374259 0.374238 0.374215 0.374174 0.374174 0.374166 0.374175 0.374163 0.374165 0.374168 0.374206 0.374226 0.374243 0.374250 0.374290 0.000000 0.000000
0.000000 0.000000 0.378638 0.378628 0.378622 0.378600 0.378578 0.378487 0.378486 0.378479 0.378458 0.378467 0.378474 0.378482 0.378550 0.378571 0.378606 0.378609 0.378636 0.000000 0.000000
0.000000 0.000000 0.383488 0.383484 0.383468 0.383451 0.383353 0.383338 0.383317 0.383316 0.383313 0.383312 0.383311 0.383308 0.383312 0.383416 0.383442 0.383468 0.383497 0.000000 0.000000
0.000000 0.000000 0.388958 0.388951 0.388928 0.388817 0.388796 0.388742 0.388706 0.388700 0.388681 0.388667 0.388680 0.388673 0.388720 0.388754 0.388906 0.388891 0.388906 0.000000 0.000000
0.000000 0.000000 0.394861 0.394853 0.394702 0.394695 0.394688 0.394657 0.394698 0.394678 0.394698 0.394680 0.394661 0.394695 0.394711 0.394723 0.394683 0.394880 0.394882 0.000000 0.000000
0.000000 0.000000 0.401891 0.401672 0.401637 0.401571 0.401462 0.401423 0.401392 0.401395 0.401342 0.401340 0.401366 0.401347 0.401401 0.401484 0.401622 0.401615 0.401841 0.000000 0.000000
0.000000 0.000000 0.406422 0.406503 0.406711 0.406671 0.406622 0.406424 0.406426 0.406379 0.406428 0.406412 0.406419 0.406430 0.406608 0.406647 0.406743 0.406541 0.406472 0.000000 0.000000
0.000000 0.000000 0.350000 0.350000 0.350000 0.350000 0.350000 0.350000 0.350000 0.350000 0.350000 0.350000 0.350000 0.350000 0.350000 0.350000 0.350000 0.350000 0.350000 0.000000 0.000000
0.000000 0.000000 0.000000 0.000000 0.000000 0.000000 0.000000 0.000000 0.000000 0.000000 0.000000 0.000000 0.000000 0.000000 0.000000 0.000000 0.000000 0.000000 0.000000 0.000000 0.000000