geotop/1.0zi/1.0Montebello/Templates/testdem/maps/_Eocsilt2255.asc
ncols         21
nrows         20
xllcorner     100.000000
yllcorner     100.000000
cellsize      50.000000
NODATA_value  -9999.0
0.000000 0.000000 0.000000 0.000000 0.000000 0.000000 0.000000 0.000000 0.000000 0.000000 0.000000 0.000000 0.000000 0.000000 0.000000 0.000000 0.000000 0.000000 0.000000 0.000000 0.000000
0.000000 0.000000 0.350055 0.350055 0.350055 0.350055 0.350055 0.350055 0.350055 0.350055 0.350055 0.350055 0.350055 0.350055 0.350055 0.350055 0.350055 0.350055 0.350055 0.000000 0.000000
0.000000 0.000000 0.349998 0.349998 0.349998 0.349998 0.349998 0.349998 0.349998 0.349998 0.349998 0.349998 0.349998 0.349998 0.349998 0.349998 0.349998 0.349998 0.349998 0.000000 0.000000
0.000000 0.000000 0.350723 0.350722 0.350720 0.350721 0.350723 0.350723 0.350723 0.350723 0.350723 0.350723 0.350723 0.350723 0.350723 0.350721 0.350720 0.350722 0.350723 0.000000 0.000000
0.000000 0.000000 0.353585 0.353585 0.353583 0.353583 0.353585 0.353585 0.353585 0.353586 0.353586 0.353586 0.353585 0.353585 0.353585 0.353583 0.353583 0.353585 0.353585 0.000000 0.000000
0.000000 0.000000 0.357362 0.357361 0.357360 0.357360 0.357363 0.357362 0.357362 0.357363 0.357363 0.357363 0.357362 0.357362 0.357363 0.357360 0.357360 0.357361 0.357362 0.000000 0.000000
0.000000 0.000000 0.360829 0.360829 0.360827 0.360827 0.360829 0.360829 0.360829 0.360830 0.360830 0.360830 0.360829 0.360829 0.360829 0.360827 0.360827 0.360829 0.360829 0.000000 0.000000
0.000000 0.000000 0.363999 0.363998 0.363997 0.363997 0.363999 0.363998 0.363998 0.363999 0.363999 0.363999 0.363998 0.363998 0.363999 0.363997 0.363997 0.363998 0.363999 0.000000 0.000000
0.000000 0.000000 0.366958 0.366957 0.366956 0.366956 0.366958 0.366957 0.366957 0.366958 0.366958 0.366958 0.366957 0.366957 0.366958 0.366956 0.366956 0.366957 0.366958 0.000000 0.000000
0.000000 0.000000 0.369777 0.369777 0.369776 0.369776 0.369777 0.369777 0.369777 0.369778 0.369778 0.369778 0.369777 0.369777 0.369777 0.369776 0.369776 0.369777 0.369777 0.000000 0.000000
0.000000 0.000000 0.372491 0.372490 0.372489 0.372489 0.372491 0.372490 0.372490 0.372491 0.372491 0.372491 0.372490 0.372490 0.372491 0.372489 0.372489 0.372490 0.372491 0.000000 0.000000
0.000000 0.000000 0.375122 0.375122 0.375121 0.375121 0.375123 0.375122 0.375122 0.375123 0.375123 0.375123 0.375122 0.375122 0.375123 0.375121 0.375121 0.375122 0.375122 0.000000 0.000000
0.000000 0.000000 0.377690 0.377690 0.377688 0.377689 0.377690 0.377690 0.377690 0.377690 0.377690 0.377690 0.377690 0.377690 0.377690 0.377689 0.377688 0.377690 0.377690 0.000000 0.000000
0.000000 0.000000 0.380199 0.380199 0.380198 0.380198 0.380200 0.380199 0.380199 0.380200 0.380200 0.380200 0.380199 0.380199 0.380200 0.380198 0.380198 0.380199 0.380199 0.000000 0.000000
0.000000 0.000000 0.382661 0.382661 0.382660 0.382660 0.382662 0.382661 0.382661 0.382662 0.382662 0.382662 0.382661 0.382661 0.382662 0.382660 0.382660 0.382661 0.382661 0.000000 0.000000
0.000000 0.000000 0.385080 0.385079 0.385078 0.385079 0.385080 0.385079 0.385080 0.385080 0.385080 0.385080 0.385080 0.385079 0.385080 0.385079 0.385078 0.385079 0.385080 0.000000 0.000000
0.000000 0.000000 0.387456 0.387456 0.387455 0.387455 0.387456 0.387456 0.387456 0.387457 0.387457 0.387457 0.387456 0.387456 0.387456 0.387455 0.387455 0.387456 0.387456 0.000000 0.000000
0.000000 0.000000 0.389824 0.389824 0.389823 0.389823 0.389824 0.389824 0.389824 0.389824 0.389825 0.389824 0.389824 0.389824 0.389824 0.389823 0.389823 0.389824 0.389824 0.000000 0.000000
0.000000 0.000000 0.350000 0.350000 0.350000 0.350000 0.350000 0.350000 0.350000 0.350000 0.350000 0.350000 0.350000 0.350000 0.350000 0.350000 0.350000 0.350000 0.350000 0.000000 0.000000
0.000000 0.000000 0.000000 0.000000 0.000000 0.000000 0.000000 0.000000 0.000000 0.000000 0.000000 0.000000 0.000000 0.000000 0.000000 0.000000 0.000000 0.000000 0.000000 0.000000 0.000000