geotop/1.0zi/1.0Montebello/Templates/testdem/maps/_Eocsand9724.asc
ncols         21
nrows         20
xllcorner     100.000000
yllcorner     100.000000
cellsize      50.000000
NODATA_value  -9999.0
0.000000 0.000000 0.000000 0.000000 0.000000 0.000000 0.000000 0.000000 0.000000 0.000000 0.000000 0.000000 0.000000 0.000000 0.000000 0.000000 0.000000 0.000000 0.000000 0.000000 0.000000
0.000000 0.000000 0.300241 0.300238 0.300238 0.300239 0.300238 0.300238 0.300238 0.300239 0.300239 0.300238 0.300239 0.300239 0.300238 0.300238 0.300239 0.300239 0.300239 0.000000 0.000000
0.000000 0.000000 0.300011 0.300013 0.300013 0.300011 0.300012 0.300013 0.300012 0.300012 0.300012 0.300012 0.300011 0.300012 0.300012 0.300012 0.300013 0.300013 0.300014 0.000000 0.000000
0.000000 0.000000 0.299810 0.299808 0.299817 0.299825 0.299824 0.299830 0.299822 0.299824 0.299824 0.299823 0.299821 0.299823 0.299818 0.299811 0.299808 0.299805 0.299806 0.000000 0.000000
0.000000 0.000000 0.297018 0.297019 0.297035 0.297068 0.297095 0.297105 0.297105 0.297106 0.297109 0.297102 0.297096 0.297097 0.297073 0.297059 0.297044 0.297035 0.297022 0.000000 0.000000
0.000000 0.000000 0.289433 0.289444 0.289481 0.289542 0.289606 0.289664 0.289661 0.289672 0.289672 0.289671 0.289659 0.289664 0.289630 0.289576 0.289549 0.289528 0.289515 0.000000 0.000000
0.000000 0.000000 0.279080 0.279102 0.279132 0.279205 0.279287 0.279398 0.279396 0.279406 0.279414 0.279414 0.279414 0.279410 0.279319 0.279252 0.279212 0.279183 0.279168 0.000000 0.000000
0.000000 0.000000 0.266771 0.266797 0.266827 0.266915 0.267006 0.267107 0.267104 0.267118 0.267129 0.267135 0.267137 0.267120 0.267036 0.266962 0.266895 0.266881 0.266853 0.000000 0.000000
0.000000 0.000000 0.253253 0.253290 0.253338 0.253406 0.253509 0.253629 0.253618 0.253642 0.253658 0.253662 0.253655 0.253661 0.253543 0.253454 0.253402 0.253381 0.253356 0.000000 0.000000
0.000000 0.000000 0.238331 0.238383 0.238421 0.238494 0.238607 0.238732 0.238730 0.238747 0.238773 0.238763 0.238746 0.238753 0.238657 0.238542 0.238482 0.238459 0.238447 0.000000 0.000000
0.000000 0.000000 0.221362 0.221405 0.221442 0.221604 0.221658 0.221826 0.221791 0.221874 0.221868 0.221880 0.221906 0.221860 0.221754 0.221682 0.221597 0.221567 0.221494 0.000000 0.000000
0.000000 0.000000 0.201564 0.201652 0.201751 0.201829 0.201918 0.202130 0.202134 0.202145 0.202120 0.202194 0.202158 0.202168 0.201977 0.201867 0.201821 0.201794 0.201647 0.000000 0.000000
0.000000 0.000000 0.179249 0.179332 0.179356 0.179511 0.179619 0.180177 0.180187 0.180223 0.180420 0.180301 0.180288 0.180239 0.179824 0.179729 0.179525 0.179514 0.179477 0.000000 0.000000
0.000000 0.000000 0.151619 0.151658 0.151835 0.151946 0.152725 0.152455 0.152622 0.152623 0.152523 0.152628 0.152646 0.152727 0.152977 0.152120 0.152088 0.151888 0.151767 0.000000 0.000000
0.000000 0.000000 0.120179 0.120271 0.120428 0.121433 0.121012 0.121638 0.121780 0.121846 0.122074 0.122151 0.122035 0.122029 0.121477 0.121882 0.120570 0.120879 0.120925 0.000000 0.000000
0.000000 0.000000 0.091986 0.092040 0.093133 0.092556 0.092756 0.092706 0.092225 0.092354 0.092096 0.092139 0.092347 0.092087 0.092242 0.092058 0.093300 0.091627 0.091652 0.000000 0.000000
0.000000 0.000000 0.067742 0.068570 0.068341 0.068693 0.069127 0.069266 0.069524 0.069465 0.069741 0.069708 0.069550 0.069712 0.069485 0.069161 0.068412 0.068963 0.068101 0.000000 0.000000
0.000000 0.000000 0.057759 0.057657 0.057166 0.057328 0.057481 0.057922 0.057952 0.058044 0.057963 0.057989 0.057957 0.057957 0.057556 0.057440 0.057145 0.057686 0.057780 0.000000 0.000000
0.000000 0.000000 0.300000 0.300000 0.300000 0.300000 0.300000 0.300000 0.300000 0.300000 0.300000 0.300000 0.300000 0.300000 0.300000 0.300000 0.300000 0.300000 0.300000 0.000000 0.000000
0.000000 0.000000 0.000000 0.000000 0.000000 0.000000 0.000000 0.000000 0.000000 0.000000 0.000000 0.000000 0.000000 0.000000 0.000000 0.000000 0.000000 0.000000 0.000000 0.000000 0.000000