geotop/1.0zi/1.0Montebello/Templates/testdem/maps/_Eocsand6592.asc
ncols         21
nrows         20
xllcorner     100.000000
yllcorner     100.000000
cellsize      50.000000
NODATA_value  -9999.0
0.000000 0.000000 0.000000 0.000000 0.000000 0.000000 0.000000 0.000000 0.000000 0.000000 0.000000 0.000000 0.000000 0.000000 0.000000 0.000000 0.000000 0.000000 0.000000 0.000000 0.000000
0.000000 0.000000 0.300161 0.300159 0.300159 0.300160 0.300159 0.300158 0.300159 0.300159 0.300160 0.300159 0.300159 0.300159 0.300159 0.300159 0.300160 0.300160 0.300160 0.000000 0.000000
0.000000 0.000000 0.300009 0.300010 0.300009 0.300008 0.300009 0.300010 0.300009 0.300009 0.300010 0.300010 0.300009 0.300010 0.300009 0.300010 0.300010 0.300010 0.300011 0.000000 0.000000
0.000000 0.000000 0.299963 0.299962 0.299966 0.299971 0.299969 0.299971 0.299967 0.299970 0.299967 0.299970 0.299969 0.299970 0.299968 0.299963 0.299963 0.299960 0.299960 0.000000 0.000000
0.000000 0.000000 0.298782 0.298776 0.298781 0.298791 0.298807 0.298815 0.298817 0.298816 0.298821 0.298819 0.298821 0.298818 0.298806 0.298803 0.298796 0.298787 0.298776 0.000000 0.000000
0.000000 0.000000 0.295152 0.295149 0.295164 0.295202 0.295223 0.295260 0.295260 0.295270 0.295264 0.295263 0.295258 0.295261 0.295250 0.295227 0.295205 0.295188 0.295176 0.000000 0.000000
0.000000 0.000000 0.289655 0.289659 0.289672 0.289713 0.289762 0.289816 0.289816 0.289824 0.289821 0.289823 0.289824 0.289821 0.289780 0.289734 0.289708 0.289685 0.289671 0.000000 0.000000
0.000000 0.000000 0.283003 0.283003 0.283011 0.283056 0.283104 0.283163 0.283163 0.283170 0.283172 0.283177 0.283178 0.283169 0.283123 0.283080 0.283039 0.283028 0.283005 0.000000 0.000000
0.000000 0.000000 0.276055 0.276064 0.276084 0.276112 0.276160 0.276224 0.276221 0.276235 0.276240 0.276243 0.276240 0.276244 0.276186 0.276132 0.276100 0.276086 0.276067 0.000000 0.000000
0.000000 0.000000 0.268947 0.268959 0.268967 0.268992 0.269061 0.269117 0.269115 0.269123 0.269133 0.269129 0.269118 0.269126 0.269078 0.269019 0.268982 0.268972 0.268958 0.000000 0.000000
0.000000 0.000000 0.261511 0.261519 0.261527 0.261580 0.261626 0.261690 0.261676 0.261711 0.261709 0.261710 0.261719 0.261699 0.261662 0.261624 0.261579 0.261558 0.261526 0.000000 0.000000
0.000000 0.000000 0.253584 0.253603 0.253623 0.253662 0.253708 0.253785 0.253785 0.253802 0.253784 0.253810 0.253803 0.253798 0.253727 0.253688 0.253656 0.253641 0.253565 0.000000 0.000000
0.000000 0.000000 0.245322 0.245341 0.245352 0.245395 0.245436 0.245608 0.245610 0.245624 0.245664 0.245649 0.245633 0.245620 0.245494 0.245454 0.245386 0.245379 0.245327 0.000000 0.000000
0.000000 0.000000 0.236174 0.236182 0.236210 0.236244 0.236426 0.236457 0.236498 0.236500 0.236507 0.236510 0.236509 0.236516 0.236508 0.236316 0.236263 0.236213 0.236158 0.000000 0.000000
0.000000 0.000000 0.225897 0.225909 0.225951 0.226155 0.226202 0.226301 0.226369 0.226380 0.226417 0.226446 0.226419 0.226433 0.226349 0.226279 0.225997 0.226021 0.225993 0.000000 0.000000
0.000000 0.000000 0.214841 0.214855 0.215129 0.215151 0.215165 0.215225 0.215156 0.215192 0.215160 0.215195 0.215225 0.215165 0.215135 0.215111 0.215170 0.214812 0.214807 0.000000 0.000000
0.000000 0.000000 0.201780 0.202172 0.202249 0.202369 0.202564 0.202637 0.202689 0.202685 0.202780 0.202788 0.202740 0.202771 0.202678 0.202527 0.202281 0.202272 0.201869 0.000000 0.000000
0.000000 0.000000 0.193124 0.193004 0.192637 0.192716 0.192817 0.193173 0.193172 0.193257 0.193177 0.193208 0.193189 0.193172 0.192853 0.192775 0.192585 0.192944 0.193040 0.000000 0.000000
0.000000 0.000000 0.300000 0.300000 0.300000 0.300000 0.300000 0.300000 0.300000 0.300000 0.300000 0.300000 0.300000 0.300000 0.300000 0.300000 0.300000 0.300000 0.300000 0.000000 0.000000
0.000000 0.000000 0.000000 0.000000 0.000000 0.000000 0.000000 0.000000 0.000000 0.000000 0.000000 0.000000 0.000000 0.000000 0.000000 0.000000 0.000000 0.000000 0.000000 0.000000 0.000000