geotop/1.0zi/1.0Montebello/Templates/testdem/maps/_Eocsand8260.asc
ncols         21
nrows         20
xllcorner     100.000000
yllcorner     100.000000
cellsize      50.000000
NODATA_value  -9999.0
0.000000 0.000000 0.000000 0.000000 0.000000 0.000000 0.000000 0.000000 0.000000 0.000000 0.000000 0.000000 0.000000 0.000000 0.000000 0.000000 0.000000 0.000000 0.000000 0.000000 0.000000
0.000000 0.000000 0.300208 0.300206 0.300206 0.300207 0.300206 0.300205 0.300205 0.300206 0.300206 0.300206 0.300206 0.300206 0.300206 0.300206 0.300207 0.300207 0.300207 0.000000 0.000000
0.000000 0.000000 0.300011 0.300012 0.300012 0.300010 0.300011 0.300012 0.300012 0.300012 0.300012 0.300012 0.300011 0.300012 0.300011 0.300011 0.300012 0.300013 0.300013 0.000000 0.000000
0.000000 0.000000 0.299893 0.299893 0.299897 0.299905 0.299900 0.299909 0.299904 0.299906 0.299906 0.299906 0.299906 0.299908 0.299903 0.299898 0.299896 0.299893 0.299894 0.000000 0.000000
0.000000 0.000000 0.297935 0.297931 0.297940 0.297955 0.297978 0.297987 0.297994 0.297993 0.297997 0.297996 0.297999 0.297993 0.297969 0.297963 0.297951 0.297937 0.297927 0.000000 0.000000
0.000000 0.000000 0.292191 0.292192 0.292214 0.292260 0.292294 0.292342 0.292343 0.292356 0.292347 0.292348 0.292344 0.292343 0.292320 0.292286 0.292257 0.292234 0.292222 0.000000 0.000000
0.000000 0.000000 0.284208 0.284216 0.284236 0.284287 0.284351 0.284427 0.284428 0.284438 0.284435 0.284436 0.284439 0.284432 0.284368 0.284309 0.284274 0.284245 0.284229 0.000000 0.000000
0.000000 0.000000 0.274750 0.274754 0.274769 0.274828 0.274890 0.274973 0.274975 0.274983 0.274985 0.274991 0.274995 0.274979 0.274909 0.274853 0.274799 0.274782 0.274757 0.000000 0.000000
0.000000 0.000000 0.264621 0.264637 0.264667 0.264705 0.264772 0.264861 0.264858 0.264877 0.264881 0.264886 0.264883 0.264885 0.264798 0.264728 0.264685 0.264663 0.264642 0.000000 0.000000
0.000000 0.000000 0.253885 0.253904 0.253919 0.253958 0.254055 0.254136 0.254137 0.254146 0.254158 0.254152 0.254140 0.254144 0.254071 0.253989 0.253939 0.253921 0.253905 0.000000 0.000000
0.000000 0.000000 0.242192 0.242205 0.242223 0.242306 0.242374 0.242470 0.242451 0.242502 0.242495 0.242497 0.242516 0.242481 0.242414 0.242363 0.242298 0.242262 0.242219 0.000000 0.000000
0.000000 0.000000 0.229176 0.229210 0.229250 0.229302 0.229380 0.229501 0.229510 0.229523 0.229495 0.229537 0.229525 0.229518 0.229393 0.229329 0.229285 0.229260 0.229150 0.000000 0.000000
0.000000 0.000000 0.215060 0.215093 0.215107 0.215185 0.215253 0.215571 0.215577 0.215594 0.215678 0.215633 0.215616 0.215586 0.215345 0.215280 0.215160 0.215146 0.215093 0.000000 0.000000
0.000000 0.000000 0.198450 0.198459 0.198525 0.198578 0.198979 0.198945 0.199029 0.199027 0.199000 0.199025 0.199037 0.199055 0.199095 0.198678 0.198613 0.198503 0.198424 0.000000 0.000000
0.000000 0.000000 0.178825 0.178860 0.178940 0.179450 0.179400 0.179657 0.179772 0.179800 0.179885 0.179946 0.179889 0.179899 0.179650 0.179669 0.178993 0.179097 0.179084 0.000000 0.000000
0.000000 0.000000 0.157325 0.157355 0.158095 0.157884 0.157941 0.158007 0.157729 0.157815 0.157667 0.157719 0.157841 0.157656 0.157646 0.157603 0.158154 0.157082 0.157096 0.000000 0.000000
0.000000 0.000000 0.130766 0.131920 0.131665 0.132099 0.132676 0.132845 0.133168 0.133091 0.133437 0.133406 0.133207 0.133403 0.133112 0.132685 0.131700 0.132345 0.131141 0.000000 0.000000
0.000000 0.000000 0.121365 0.120283 0.119316 0.119302 0.119244 0.120174 0.120015 0.120289 0.119839 0.119930 0.120000 0.119846 0.119075 0.119117 0.119133 0.119879 0.120936 0.000000 0.000000
0.000000 0.000000 0.300000 0.300000 0.300000 0.300000 0.300000 0.300000 0.300000 0.300000 0.300000 0.300000 0.300000 0.300000 0.300000 0.300000 0.300000 0.300000 0.300000 0.000000 0.000000
0.000000 0.000000 0.000000 0.000000 0.000000 0.000000 0.000000 0.000000 0.000000 0.000000 0.000000 0.000000 0.000000 0.000000 0.000000 0.000000 0.000000 0.000000 0.000000 0.000000 0.000000