geotop/1.0zi/1.0Montebello/Templates/testdem/maps/_Eocsilt3324.asc
ncols         21
nrows         20
xllcorner     100.000000
yllcorner     100.000000
cellsize      50.000000
NODATA_value  -9999.0
0.000000 0.000000 0.000000 0.000000 0.000000 0.000000 0.000000 0.000000 0.000000 0.000000 0.000000 0.000000 0.000000 0.000000 0.000000 0.000000 0.000000 0.000000 0.000000 0.000000 0.000000
0.000000 0.000000 0.350090 0.350090 0.350090 0.350090 0.350090 0.350090 0.350090 0.350090 0.350089 0.350090 0.350090 0.350090 0.350090 0.350090 0.350090 0.350090 0.350090 0.000000 0.000000
0.000000 0.000000 0.349994 0.349994 0.349994 0.349994 0.349994 0.349994 0.349994 0.349994 0.349995 0.349994 0.349994 0.349994 0.349994 0.349994 0.349994 0.349994 0.349994 0.000000 0.000000
0.000000 0.000000 0.351313 0.351312 0.351310 0.351311 0.351313 0.351313 0.351312 0.351313 0.351313 0.351313 0.351312 0.351313 0.351313 0.351311 0.351310 0.351312 0.351313 0.000000 0.000000
0.000000 0.000000 0.355971 0.355970 0.355968 0.355969 0.355971 0.355970 0.355970 0.355971 0.355972 0.355971 0.355970 0.355970 0.355971 0.355969 0.355968 0.355970 0.355971 0.000000 0.000000
0.000000 0.000000 0.361705 0.361704 0.361703 0.361703 0.361705 0.361704 0.361704 0.361705 0.361706 0.361705 0.361704 0.361704 0.361705 0.361703 0.361703 0.361704 0.361705 0.000000 0.000000
0.000000 0.000000 0.366906 0.366906 0.366904 0.366905 0.366907 0.366906 0.366906 0.366907 0.366907 0.366907 0.366906 0.366906 0.366907 0.366905 0.366904 0.366906 0.366906 0.000000 0.000000
0.000000 0.000000 0.371613 0.371612 0.371611 0.371611 0.371613 0.371612 0.371612 0.371613 0.371614 0.371613 0.371612 0.371612 0.371613 0.371611 0.371611 0.371612 0.371613 0.000000 0.000000
0.000000 0.000000 0.375959 0.375959 0.375958 0.375958 0.375960 0.375959 0.375959 0.375959 0.375960 0.375959 0.375959 0.375959 0.375960 0.375958 0.375958 0.375959 0.375959 0.000000 0.000000
0.000000 0.000000 0.380048 0.380048 0.380047 0.380047 0.380049 0.380048 0.380048 0.380049 0.380049 0.380049 0.380048 0.380048 0.380049 0.380047 0.380047 0.380048 0.380048 0.000000 0.000000
0.000000 0.000000 0.383932 0.383931 0.383930 0.383931 0.383932 0.383932 0.383932 0.383932 0.383933 0.383932 0.383932 0.383932 0.383932 0.383931 0.383930 0.383931 0.383932 0.000000 0.000000
0.000000 0.000000 0.387646 0.387646 0.387645 0.387645 0.387647 0.387646 0.387646 0.387646 0.387647 0.387646 0.387646 0.387646 0.387647 0.387645 0.387645 0.387646 0.387646 0.000000 0.000000
0.000000 0.000000 0.391218 0.391217 0.391216 0.391217 0.391218 0.391217 0.391217 0.391218 0.391218 0.391218 0.391217 0.391217 0.391218 0.391217 0.391216 0.391217 0.391218 0.000000 0.000000
0.000000 0.000000 0.394676 0.394675 0.394674 0.394675 0.394676 0.394675 0.394675 0.394676 0.394676 0.394676 0.394675 0.394675 0.394676 0.394675 0.394674 0.394675 0.394676 0.000000 0.000000
0.000000 0.000000 0.398029 0.398029 0.398028 0.398028 0.398030 0.398029 0.398029 0.398030 0.398030 0.398030 0.398029 0.398029 0.398030 0.398028 0.398028 0.398029 0.398029 0.000000 0.000000
0.000000 0.000000 0.401285 0.401284 0.401283 0.401284 0.401285 0.401284 0.401285 0.401285 0.401285 0.401285 0.401285 0.401284 0.401285 0.401284 0.401283 0.401284 0.401285 0.000000 0.000000
0.000000 0.000000 0.404452 0.404452 0.404451 0.404451 0.404452 0.404452 0.404452 0.404452 0.404452 0.404452 0.404452 0.404452 0.404452 0.404451 0.404451 0.404452 0.404452 0.000000 0.000000
0.000000 0.000000 0.407585 0.407585 0.407584 0.407584 0.407585 0.407585 0.407585 0.407585 0.407586 0.407585 0.407585 0.407585 0.407585 0.407584 0.407584 0.407585 0.407585 0.000000 0.000000
0.000000 0.000000 0.350000 0.350000 0.350000 0.350000 0.350000 0.350000 0.350000 0.350000 0.350000 0.350000 0.350000 0.350000 0.350000 0.350000 0.350000 0.350000 0.350000 0.000000 0.000000
0.000000 0.000000 0.000000 0.000000 0.000000 0.000000 0.000000 0.000000 0.000000 0.000000 0.000000 0.000000 0.000000 0.000000 0.000000 0.000000 0.000000 0.000000 0.000000 0.000000 0.000000