geotop/1.0zi/1.0Montebello/Templates/testdem/maps/_Eocclay4223.asc
ncols         21
nrows         20
xllcorner     100.000000
yllcorner     100.000000
cellsize      50.000000
NODATA_value  -9999.0
0.000000 0.000000 0.000000 0.000000 0.000000 0.000000 0.000000 0.000000 0.000000 0.000000 0.000000 0.000000 0.000000 0.000000 0.000000 0.000000 0.000000 0.000000 0.000000 0.000000 0.000000
0.000000 0.000000 0.349806 0.349806 0.349806 0.349807 0.349807 0.349807 0.349806 0.349806 0.349806 0.349806 0.349806 0.349806 0.349807 0.349807 0.349806 0.349806 0.349806 0.000000 0.000000
0.000000 0.000000 0.349993 0.349994 0.349994 0.349993 0.349993 0.349993 0.349993 0.349993 0.349993 0.349993 0.349993 0.349993 0.349993 0.349993 0.349993 0.349993 0.349993 0.000000 0.000000
0.000000 0.000000 0.349994 0.349995 0.349993 0.349994 0.349995 0.349995 0.349996 0.349995 0.349995 0.349994 0.349994 0.349993 0.349996 0.349997 0.349996 0.349996 0.349995 0.000000 0.000000
0.000000 0.000000 0.350335 0.350335 0.350333 0.350333 0.350326 0.350325 0.350325 0.350325 0.350324 0.350326 0.350322 0.350322 0.350325 0.350326 0.350326 0.350326 0.350329 0.000000 0.000000
0.000000 0.000000 0.351534 0.351534 0.351528 0.351519 0.351518 0.351507 0.351508 0.351503 0.351507 0.351506 0.351508 0.351506 0.351503 0.351509 0.351514 0.351519 0.351524 0.000000 0.000000
0.000000 0.000000 0.353310 0.353304 0.353299 0.353288 0.353276 0.353256 0.353256 0.353251 0.353255 0.353255 0.353255 0.353254 0.353267 0.353283 0.353290 0.353295 0.353299 0.000000 0.000000
0.000000 0.000000 0.355297 0.355294 0.355289 0.355274 0.355263 0.355245 0.355247 0.355244 0.355244 0.355244 0.355240 0.355238 0.355254 0.355268 0.355276 0.355280 0.355287 0.000000 0.000000
0.000000 0.000000 0.357286 0.357281 0.357273 0.357263 0.357251 0.357231 0.357233 0.357229 0.357229 0.357230 0.357227 0.357225 0.357240 0.357258 0.357265 0.357268 0.357276 0.000000 0.000000
0.000000 0.000000 0.359269 0.359263 0.359256 0.359245 0.359230 0.359211 0.359215 0.359212 0.359212 0.359212 0.359209 0.359206 0.359223 0.359240 0.359248 0.359251 0.359258 0.000000 0.000000
0.000000 0.000000 0.361287 0.361281 0.361274 0.361266 0.361255 0.361233 0.361236 0.361231 0.361231 0.361232 0.361228 0.361225 0.361240 0.361253 0.361262 0.361266 0.361274 0.000000 0.000000
0.000000 0.000000 0.363373 0.363366 0.363358 0.363345 0.363333 0.363312 0.363313 0.363309 0.363310 0.363309 0.363306 0.363302 0.363322 0.363337 0.363346 0.363349 0.363373 0.000000 0.000000
0.000000 0.000000 0.365480 0.365473 0.365464 0.365454 0.365440 0.365396 0.365398 0.365394 0.365394 0.365394 0.365390 0.365388 0.365424 0.365442 0.365451 0.365455 0.365470 0.000000 0.000000
0.000000 0.000000 0.367704 0.367694 0.367687 0.367677 0.367635 0.367623 0.367617 0.367613 0.367614 0.367614 0.367609 0.367607 0.367619 0.367662 0.367671 0.367680 0.367690 0.000000 0.000000
0.000000 0.000000 0.370097 0.370088 0.370072 0.370034 0.370015 0.369987 0.369974 0.369970 0.369964 0.369963 0.369963 0.369955 0.369975 0.370006 0.370054 0.370052 0.370060 0.000000 0.000000
0.000000 0.000000 0.372558 0.372549 0.372499 0.372490 0.372479 0.372464 0.372463 0.372462 0.372464 0.372463 0.372455 0.372459 0.372465 0.372479 0.372481 0.372530 0.372543 0.000000 0.000000
0.000000 0.000000 0.375281 0.375219 0.375174 0.375157 0.375127 0.375110 0.375107 0.375105 0.375098 0.375098 0.375096 0.375088 0.375099 0.375136 0.375159 0.375185 0.375246 0.000000 0.000000
0.000000 0.000000 0.377420 0.377401 0.377432 0.377409 0.377383 0.377325 0.377320 0.377314 0.377316 0.377315 0.377309 0.377309 0.377360 0.377392 0.377428 0.377378 0.377406 0.000000 0.000000
0.000000 0.000000 0.350000 0.350000 0.350000 0.350000 0.350000 0.350000 0.350000 0.350000 0.350000 0.350000 0.350000 0.350000 0.350000 0.350000 0.350000 0.350000 0.350000 0.000000 0.000000
0.000000 0.000000 0.000000 0.000000 0.000000 0.000000 0.000000 0.000000 0.000000 0.000000 0.000000 0.000000 0.000000 0.000000 0.000000 0.000000 0.000000 0.000000 0.000000 0.000000 0.000000