geotop/1.0zi/1.0Montebello/Templates/testdem/maps/_Eocsilt9571.asc
ncols         21
nrows         20
xllcorner     100.000000
yllcorner     100.000000
cellsize      50.000000
NODATA_value  -9999.0
0.000000 0.000000 0.000000 0.000000 0.000000 0.000000 0.000000 0.000000 0.000000 0.000000 0.000000 0.000000 0.000000 0.000000 0.000000 0.000000 0.000000 0.000000 0.000000 0.000000 0.000000
0.000000 0.000000 0.350204 0.350204 0.350204 0.350204 0.350203 0.350204 0.350204 0.350204 0.350204 0.350203 0.350203 0.350203 0.350203 0.350204 0.350205 0.350205 0.350204 0.000000 0.000000
0.000000 0.000000 0.350008 0.350008 0.350008 0.350007 0.350008 0.350008 0.350008 0.350008 0.350009 0.350008 0.350009 0.350009 0.350008 0.350007 0.350006 0.350006 0.350007 0.000000 0.000000
0.000000 0.000000 0.350146 0.350143 0.350137 0.350132 0.350132 0.350126 0.350129 0.350130 0.350127 0.350131 0.350132 0.350131 0.350134 0.350138 0.350143 0.350144 0.350146 0.000000 0.000000
0.000000 0.000000 0.351431 0.351436 0.351425 0.351408 0.351398 0.351392 0.351395 0.351392 0.351393 0.351395 0.351401 0.351399 0.351413 0.351420 0.351423 0.351430 0.351433 0.000000 0.000000
0.000000 0.000000 0.354964 0.354959 0.354944 0.354923 0.354892 0.354867 0.354865 0.354860 0.354863 0.354865 0.354869 0.354867 0.354883 0.354904 0.354916 0.354923 0.354931 0.000000 0.000000
0.000000 0.000000 0.359952 0.359943 0.359926 0.359893 0.359852 0.359800 0.359805 0.359802 0.359800 0.359800 0.359798 0.359804 0.359843 0.359874 0.359895 0.359910 0.359918 0.000000 0.000000
0.000000 0.000000 0.365862 0.365852 0.365839 0.365802 0.365760 0.365712 0.365716 0.365710 0.365707 0.365705 0.365704 0.365712 0.365750 0.365786 0.365819 0.365824 0.365839 0.000000 0.000000
0.000000 0.000000 0.372358 0.372343 0.372321 0.372293 0.372245 0.372186 0.372193 0.372182 0.372177 0.372176 0.372179 0.372178 0.372233 0.372275 0.372301 0.372312 0.372325 0.000000 0.000000
0.000000 0.000000 0.379470 0.379451 0.379434 0.379404 0.379340 0.379285 0.379289 0.379282 0.379273 0.379279 0.379286 0.379285 0.379328 0.379383 0.379413 0.379424 0.379431 0.000000 0.000000
0.000000 0.000000 0.387479 0.387466 0.387452 0.387380 0.387338 0.387267 0.387287 0.387249 0.387255 0.387251 0.387239 0.387262 0.387311 0.387344 0.387386 0.387403 0.387437 0.000000 0.000000
0.000000 0.000000 0.396755 0.396724 0.396682 0.396649 0.396587 0.396498 0.396501 0.396496 0.396512 0.396480 0.396498 0.396496 0.396583 0.396633 0.396656 0.396670 0.396740 0.000000 0.000000
0.000000 0.000000 0.407143 0.407115 0.407107 0.407027 0.406976 0.406721 0.406723 0.406711 0.406630 0.406680 0.406689 0.406714 0.406903 0.406949 0.407041 0.407048 0.407070 0.000000 0.000000
0.000000 0.000000 0.419895 0.419888 0.419815 0.419770 0.419412 0.419518 0.419451 0.419454 0.419501 0.419458 0.419452 0.419420 0.419322 0.419707 0.419726 0.419818 0.419874 0.000000 0.000000
0.000000 0.000000 0.434542 0.434501 0.434432 0.433980 0.434140 0.433868 0.433802 0.433777 0.433681 0.433644 0.433698 0.433702 0.433951 0.433802 0.434397 0.434263 0.434247 0.000000 0.000000
0.000000 0.000000 0.448163 0.448139 0.447620 0.447877 0.447784 0.447799 0.448029 0.447969 0.448092 0.448071 0.447975 0.448101 0.448041 0.448122 0.447558 0.448348 0.448337 0.000000 0.000000
0.000000 0.000000 0.460225 0.459815 0.459925 0.459748 0.459534 0.459464 0.459335 0.459365 0.459228 0.459244 0.459323 0.459243 0.459358 0.459519 0.459898 0.459626 0.460053 0.000000 0.000000
0.000000 0.000000 0.465234 0.465255 0.465499 0.465410 0.465325 0.465112 0.465090 0.465049 0.465080 0.465068 0.465089 0.465084 0.465280 0.465344 0.465512 0.465234 0.465219 0.000000 0.000000
0.000000 0.000000 0.350000 0.350000 0.350000 0.350000 0.350000 0.350000 0.350000 0.350000 0.350000 0.350000 0.350000 0.350000 0.350000 0.350000 0.350000 0.350000 0.350000 0.000000 0.000000
0.000000 0.000000 0.000000 0.000000 0.000000 0.000000 0.000000 0.000000 0.000000 0.000000 0.000000 0.000000 0.000000 0.000000 0.000000 0.000000 0.000000 0.000000 0.000000 0.000000 0.000000