geotop/1.0zi/1.0Montebello/Templates/testdem/maps/_Eocsand003(.asc
ncols         21
nrows         20
xllcorner     100.000000
yllcorner     100.000000
cellsize      50.000000
NODATA_value  -9999.0
0.000000 0.000000 0.000000 0.000000 0.000000 0.000000 0.000000 0.000000 0.000000 0.000000 0.000000 0.000000 0.000000 0.000000 0.000000 0.000000 0.000000 0.000000 0.000000 0.000000 0.000000
0.000000 0.000000 0.300246 0.300244 0.300244 0.300245 0.300244 0.300244 0.300244 0.300244 0.300245 0.300244 0.300244 0.300245 0.300244 0.300244 0.300245 0.300245 0.300244 0.000000 0.000000
0.000000 0.000000 0.300011 0.300013 0.300012 0.300011 0.300012 0.300013 0.300012 0.300012 0.300012 0.300012 0.300011 0.300012 0.300012 0.300012 0.300013 0.300013 0.300013 0.000000 0.000000
0.000000 0.000000 0.299806 0.299803 0.299814 0.299822 0.299822 0.299828 0.299820 0.299822 0.299821 0.299819 0.299818 0.299820 0.299814 0.299808 0.299804 0.299802 0.299803 0.000000 0.000000
0.000000 0.000000 0.296916 0.296914 0.296933 0.296970 0.296998 0.297009 0.297009 0.297009 0.297013 0.297006 0.297000 0.297001 0.296976 0.296962 0.296947 0.296936 0.296924 0.000000 0.000000
0.000000 0.000000 0.289034 0.289045 0.289087 0.289158 0.289225 0.289285 0.289282 0.289290 0.289294 0.289293 0.289281 0.289287 0.289250 0.289194 0.289166 0.289144 0.289132 0.000000 0.000000
0.000000 0.000000 0.278160 0.278182 0.278217 0.278301 0.278385 0.278501 0.278499 0.278505 0.278519 0.278518 0.278519 0.278516 0.278419 0.278351 0.278309 0.278279 0.278265 0.000000 0.000000
0.000000 0.000000 0.265229 0.265256 0.265292 0.265392 0.265485 0.265590 0.265588 0.265599 0.265614 0.265620 0.265624 0.265607 0.265518 0.265441 0.265372 0.265357 0.265329 0.000000 0.000000
0.000000 0.000000 0.250944 0.250982 0.251037 0.251117 0.251225 0.251351 0.251339 0.251360 0.251382 0.251386 0.251379 0.251386 0.251260 0.251168 0.251115 0.251091 0.251067 0.000000 0.000000
0.000000 0.000000 0.235045 0.235098 0.235145 0.235232 0.235351 0.235484 0.235482 0.235495 0.235528 0.235517 0.235501 0.235508 0.235405 0.235285 0.235221 0.235196 0.235186 0.000000 0.000000
0.000000 0.000000 0.216801 0.216845 0.216891 0.217078 0.217134 0.217314 0.217276 0.217360 0.217360 0.217373 0.217402 0.217354 0.217237 0.217162 0.217071 0.217039 0.216962 0.000000 0.000000
0.000000 0.000000 0.195307 0.195402 0.195519 0.195612 0.195711 0.195940 0.195946 0.195948 0.195930 0.196009 0.195970 0.195986 0.195774 0.195655 0.195607 0.195577 0.195422 0.000000 0.000000
0.000000 0.000000 0.170927 0.171014 0.171045 0.171230 0.171352 0.171968 0.171980 0.172013 0.172244 0.172105 0.172095 0.172041 0.171579 0.171479 0.171251 0.171239 0.171211 0.000000 0.000000
0.000000 0.000000 0.140753 0.140788 0.141002 0.141131 0.142002 0.141663 0.141849 0.141839 0.141716 0.141849 0.141866 0.141967 0.142265 0.141315 0.141294 0.141071 0.140943 0.000000 0.000000
0.000000 0.000000 0.107807 0.107904 0.108060 0.109134 0.108634 0.109322 0.109457 0.109521 0.109785 0.109849 0.109735 0.109717 0.109111 0.109592 0.108211 0.108546 0.108608 0.000000 0.000000
0.000000 0.000000 0.080950 0.080999 0.081987 0.081480 0.081671 0.081626 0.081194 0.081305 0.081079 0.081115 0.081303 0.081073 0.081210 0.081032 0.082148 0.080645 0.080669 0.000000 0.000000
0.000000 0.000000 0.060022 0.060608 0.060566 0.060764 0.061094 0.061164 0.061298 0.061267 0.061439 0.061420 0.061330 0.061418 0.061295 0.061042 0.060635 0.060847 0.060243 0.000000 0.000000
0.000000 0.000000 0.049616 0.049725 0.049412 0.049567 0.049747 0.050027 0.050082 0.050126 0.050127 0.050136 0.050093 0.050118 0.049846 0.049708 0.049420 0.049812 0.049696 0.000000 0.000000
0.000000 0.000000 0.300000 0.300000 0.300000 0.300000 0.300000 0.300000 0.300000 0.300000 0.300000 0.300000 0.300000 0.300000 0.300000 0.300000 0.300000 0.300000 0.300000 0.000000 0.000000
0.000000 0.000000 0.000000 0.000000 0.000000 0.000000 0.000000 0.000000 0.000000 0.000000 0.000000 0.000000 0.000000 0.000000 0.000000 0.000000 0.000000 0.000000 0.000000 0.000000 0.000000