geotop/1.0zi/1.0Montebello/Templates/testdem/maps/_Eocsilt7650.asc
ncols         21
nrows         20
xllcorner     100.000000
yllcorner     100.000000
cellsize      50.000000
NODATA_value  -9999.0
0.000000 0.000000 0.000000 0.000000 0.000000 0.000000 0.000000 0.000000 0.000000 0.000000 0.000000 0.000000 0.000000 0.000000 0.000000 0.000000 0.000000 0.000000 0.000000 0.000000 0.000000
0.000000 0.000000 0.350157 0.350157 0.350158 0.350158 0.350158 0.350158 0.350158 0.350158 0.350158 0.350157 0.350157 0.350157 0.350157 0.350157 0.350158 0.350158 0.350157 0.000000 0.000000
0.000000 0.000000 0.350005 0.350004 0.350004 0.350004 0.350005 0.350004 0.350005 0.350005 0.350005 0.350005 0.350005 0.350005 0.350005 0.350004 0.350003 0.350003 0.350004 0.000000 0.000000
0.000000 0.000000 0.350103 0.350099 0.350097 0.350091 0.350093 0.350087 0.350090 0.350090 0.350087 0.350089 0.350089 0.350089 0.350092 0.350095 0.350098 0.350098 0.350099 0.000000 0.000000
0.000000 0.000000 0.350968 0.350974 0.350970 0.350960 0.350954 0.350947 0.350943 0.350942 0.350942 0.350942 0.350943 0.350945 0.350958 0.350963 0.350965 0.350975 0.350977 0.000000 0.000000
0.000000 0.000000 0.353409 0.353410 0.353400 0.353384 0.353366 0.353345 0.353344 0.353338 0.353342 0.353342 0.353344 0.353343 0.353355 0.353366 0.353378 0.353386 0.353392 0.000000 0.000000
0.000000 0.000000 0.356932 0.356928 0.356918 0.356893 0.356862 0.356830 0.356831 0.356827 0.356828 0.356826 0.356823 0.356829 0.356857 0.356882 0.356899 0.356914 0.356921 0.000000 0.000000
0.000000 0.000000 0.361122 0.361121 0.361115 0.361089 0.361060 0.361024 0.361024 0.361020 0.361019 0.361016 0.361014 0.361020 0.361052 0.361078 0.361103 0.361110 0.361121 0.000000 0.000000
0.000000 0.000000 0.365604 0.365595 0.365582 0.365564 0.365534 0.365493 0.365495 0.365485 0.365483 0.365481 0.365483 0.365482 0.365522 0.365554 0.365574 0.365585 0.365595 0.000000 0.000000
0.000000 0.000000 0.370276 0.370268 0.370260 0.370244 0.370201 0.370165 0.370165 0.370160 0.370155 0.370157 0.370163 0.370161 0.370194 0.370230 0.370253 0.370261 0.370268 0.000000 0.000000
0.000000 0.000000 0.375269 0.375263 0.375255 0.375219 0.375189 0.375148 0.375157 0.375134 0.375137 0.375136 0.375128 0.375143 0.375173 0.375196 0.375224 0.375239 0.375258 0.000000 0.000000
0.000000 0.000000 0.380744 0.380730 0.380713 0.380690 0.380657 0.380605 0.380603 0.380595 0.380607 0.380590 0.380594 0.380599 0.380652 0.380679 0.380698 0.380710 0.380756 0.000000 0.000000
0.000000 0.000000 0.386588 0.386574 0.386567 0.386535 0.386506 0.386378 0.386376 0.386368 0.386335 0.386351 0.386359 0.386371 0.386470 0.386497 0.386546 0.386552 0.386577 0.000000 0.000000
0.000000 0.000000 0.393310 0.393305 0.393280 0.393257 0.393105 0.393105 0.393073 0.393072 0.393077 0.393070 0.393067 0.393062 0.393056 0.393214 0.393245 0.393287 0.393320 0.000000 0.000000
0.000000 0.000000 0.401112 0.401100 0.401067 0.400881 0.400880 0.400788 0.400742 0.400731 0.400701 0.400676 0.400697 0.400692 0.400781 0.400796 0.401043 0.401012 0.401021 0.000000 0.000000
0.000000 0.000000 0.409654 0.409641 0.409377 0.409422 0.409406 0.409369 0.409458 0.409425 0.409471 0.409449 0.409409 0.409474 0.409492 0.409507 0.409354 0.409724 0.409719 0.000000 0.000000
0.000000 0.000000 0.420194 0.419780 0.419816 0.419675 0.419467 0.419405 0.419311 0.419331 0.419217 0.419223 0.419286 0.419230 0.419334 0.419486 0.419801 0.419650 0.420077 0.000000 0.000000
0.000000 0.000000 0.425158 0.425486 0.425863 0.425840 0.425824 0.425469 0.425508 0.425410 0.425553 0.425521 0.425509 0.425554 0.425860 0.425871 0.425932 0.425612 0.425296 0.000000 0.000000
0.000000 0.000000 0.350000 0.350000 0.350000 0.350000 0.350000 0.350000 0.350000 0.350000 0.350000 0.350000 0.350000 0.350000 0.350000 0.350000 0.350000 0.350000 0.350000 0.000000 0.000000
0.000000 0.000000 0.000000 0.000000 0.000000 0.000000 0.000000 0.000000 0.000000 0.000000 0.000000 0.000000 0.000000 0.000000 0.000000 0.000000 0.000000 0.000000 0.000000 0.000000 0.000000