geotop/1.0zi/1.0Montebello/Templates/testdem/maps/_Eocsilt1995.asc
ncols         21
nrows         20
xllcorner     100.000000
yllcorner     100.000000
cellsize      50.000000
NODATA_value  -9999.0
0.000000 0.000000 0.000000 0.000000 0.000000 0.000000 0.000000 0.000000 0.000000 0.000000 0.000000 0.000000 0.000000 0.000000 0.000000 0.000000 0.000000 0.000000 0.000000 0.000000 0.000000
0.000000 0.000000 0.350045 0.350045 0.350045 0.350045 0.350045 0.350045 0.350045 0.350045 0.350045 0.350045 0.350045 0.350045 0.350045 0.350045 0.350045 0.350045 0.350045 0.000000 0.000000
0.000000 0.000000 0.349999 0.349998 0.349998 0.349999 0.349999 0.349999 0.349999 0.349999 0.349999 0.349999 0.349999 0.349999 0.349999 0.349999 0.349998 0.349998 0.349999 0.000000 0.000000
0.000000 0.000000 0.350692 0.350692 0.350689 0.350691 0.350693 0.350692 0.350692 0.350693 0.350693 0.350693 0.350692 0.350692 0.350693 0.350691 0.350689 0.350692 0.350692 0.000000 0.000000
0.000000 0.000000 0.353274 0.353274 0.353272 0.353272 0.353275 0.353274 0.353274 0.353275 0.353275 0.353275 0.353274 0.353274 0.353275 0.353272 0.353272 0.353274 0.353274 0.000000 0.000000
0.000000 0.000000 0.356602 0.356602 0.356600 0.356600 0.356603 0.356602 0.356602 0.356603 0.356603 0.356603 0.356602 0.356602 0.356603 0.356600 0.356600 0.356602 0.356602 0.000000 0.000000
0.000000 0.000000 0.359664 0.359664 0.359662 0.359662 0.359664 0.359664 0.359664 0.359665 0.359665 0.359665 0.359664 0.359664 0.359664 0.359662 0.359662 0.359664 0.359664 0.000000 0.000000
0.000000 0.000000 0.362470 0.362470 0.362469 0.362469 0.362471 0.362470 0.362470 0.362471 0.362471 0.362471 0.362470 0.362470 0.362471 0.362469 0.362469 0.362470 0.362470 0.000000 0.000000
0.000000 0.000000 0.365095 0.365095 0.365093 0.365094 0.365095 0.365095 0.365095 0.365096 0.365096 0.365096 0.365095 0.365095 0.365095 0.365094 0.365093 0.365095 0.365095 0.000000 0.000000
0.000000 0.000000 0.367602 0.367601 0.367600 0.367600 0.367602 0.367601 0.367602 0.367602 0.367602 0.367602 0.367602 0.367601 0.367602 0.367600 0.367600 0.367601 0.367602 0.000000 0.000000
0.000000 0.000000 0.370017 0.370017 0.370016 0.370016 0.370018 0.370017 0.370017 0.370018 0.370018 0.370018 0.370017 0.370017 0.370018 0.370016 0.370016 0.370017 0.370017 0.000000 0.000000
0.000000 0.000000 0.372364 0.372364 0.372363 0.372363 0.372365 0.372364 0.372364 0.372365 0.372365 0.372365 0.372364 0.372364 0.372365 0.372363 0.372363 0.372364 0.372364 0.000000 0.000000
0.000000 0.000000 0.374658 0.374658 0.374657 0.374657 0.374658 0.374658 0.374658 0.374659 0.374659 0.374659 0.374658 0.374658 0.374658 0.374657 0.374657 0.374658 0.374658 0.000000 0.000000
0.000000 0.000000 0.376904 0.376904 0.376903 0.376903 0.376905 0.376904 0.376904 0.376905 0.376905 0.376905 0.376904 0.376904 0.376905 0.376903 0.376903 0.376904 0.376904 0.000000 0.000000
0.000000 0.000000 0.379114 0.379114 0.379113 0.379113 0.379114 0.379114 0.379114 0.379115 0.379115 0.379115 0.379114 0.379114 0.379114 0.379113 0.379113 0.379114 0.379114 0.000000 0.000000
0.000000 0.000000 0.381293 0.381293 0.381292 0.381292 0.381293 0.381293 0.381293 0.381293 0.381294 0.381293 0.381293 0.381293 0.381293 0.381292 0.381292 0.381293 0.381293 0.000000 0.000000
0.000000 0.000000 0.383440 0.383440 0.383439 0.383439 0.383441 0.383440 0.383440 0.383441 0.383441 0.383441 0.383440 0.383440 0.383441 0.383439 0.383439 0.383440 0.383440 0.000000 0.000000
0.000000 0.000000 0.385590 0.385590 0.385589 0.385589 0.385590 0.385590 0.385590 0.385590 0.385591 0.385590 0.385590 0.385590 0.385590 0.385589 0.385589 0.385590 0.385590 0.000000 0.000000
0.000000 0.000000 0.350000 0.350000 0.350000 0.350000 0.350000 0.350000 0.350000 0.350000 0.350000 0.350000 0.350000 0.350000 0.350000 0.350000 0.350000 0.350000 0.350000 0.000000 0.000000
0.000000 0.000000 0.000000 0.000000 0.000000 0.000000 0.000000 0.000000 0.000000 0.000000 0.000000 0.000000 0.000000 0.000000 0.000000 0.000000 0.000000 0.000000 0.000000 0.000000 0.000000