geotop/1.0zi/1.0Montebello/Templates/testdem/maps/_Eocclay5443.asc
ncols         21
nrows         20
xllcorner     100.000000
yllcorner     100.000000
cellsize      50.000000
NODATA_value  -9999.0
0.000000 0.000000 0.000000 0.000000 0.000000 0.000000 0.000000 0.000000 0.000000 0.000000 0.000000 0.000000 0.000000 0.000000 0.000000 0.000000 0.000000 0.000000 0.000000 0.000000 0.000000
0.000000 0.000000 0.349755 0.349756 0.349756 0.349756 0.349756 0.349756 0.349756 0.349756 0.349756 0.349756 0.349756 0.349756 0.349756 0.349756 0.349755 0.349755 0.349755 0.000000 0.000000
0.000000 0.000000 0.349990 0.349990 0.349990 0.349990 0.349989 0.349990 0.349990 0.349990 0.349989 0.349989 0.349990 0.349990 0.349990 0.349990 0.349990 0.349990 0.349990 0.000000 0.000000
0.000000 0.000000 0.349987 0.349989 0.349987 0.349988 0.349990 0.349989 0.349990 0.349988 0.349989 0.349988 0.349988 0.349987 0.349990 0.349991 0.349989 0.349990 0.349989 0.000000 0.000000
0.000000 0.000000 0.350388 0.350388 0.350389 0.350384 0.350374 0.350370 0.350371 0.350374 0.350372 0.350373 0.350368 0.350368 0.350372 0.350371 0.350376 0.350377 0.350380 0.000000 0.000000
0.000000 0.000000 0.351839 0.351841 0.351836 0.351818 0.351813 0.351797 0.351797 0.351793 0.351796 0.351796 0.351800 0.351800 0.351802 0.351813 0.351818 0.351829 0.351833 0.000000 0.000000
0.000000 0.000000 0.353998 0.353997 0.353995 0.353980 0.353961 0.353935 0.353935 0.353932 0.353933 0.353935 0.353936 0.353933 0.353951 0.353970 0.353979 0.353987 0.353993 0.000000 0.000000
0.000000 0.000000 0.356640 0.356640 0.356639 0.356621 0.356602 0.356575 0.356575 0.356573 0.356573 0.356573 0.356571 0.356575 0.356594 0.356610 0.356624 0.356629 0.356637 0.000000 0.000000
0.000000 0.000000 0.359305 0.359303 0.359298 0.359288 0.359269 0.359243 0.359245 0.359240 0.359237 0.359239 0.359239 0.359236 0.359259 0.359278 0.359290 0.359293 0.359299 0.000000 0.000000
0.000000 0.000000 0.361993 0.361989 0.361988 0.361981 0.361954 0.361929 0.361931 0.361928 0.361925 0.361929 0.361932 0.361928 0.361947 0.361969 0.361982 0.361983 0.361988 0.000000 0.000000
0.000000 0.000000 0.364771 0.364769 0.364769 0.364751 0.364733 0.364705 0.364711 0.364699 0.364699 0.364701 0.364697 0.364703 0.364718 0.364731 0.364745 0.364753 0.364764 0.000000 0.000000
0.000000 0.000000 0.367668 0.367662 0.367657 0.367643 0.367628 0.367596 0.367597 0.367589 0.367597 0.367590 0.367591 0.367592 0.367619 0.367631 0.367641 0.367645 0.367675 0.000000 0.000000
0.000000 0.000000 0.370631 0.370626 0.370625 0.370610 0.370596 0.370533 0.370533 0.370527 0.370515 0.370522 0.370527 0.370531 0.370575 0.370586 0.370609 0.370610 0.370632 0.000000 0.000000
0.000000 0.000000 0.373826 0.373822 0.373816 0.373807 0.373748 0.373730 0.373717 0.373716 0.373711 0.373713 0.373714 0.373711 0.373718 0.373776 0.373795 0.373810 0.373832 0.000000 0.000000
0.000000 0.000000 0.377324 0.377321 0.377308 0.377249 0.377229 0.377194 0.377169 0.377165 0.377153 0.377149 0.377155 0.377149 0.377174 0.377203 0.377290 0.377283 0.377296 0.000000 0.000000
0.000000 0.000000 0.381004 0.380999 0.380925 0.380909 0.380903 0.380879 0.380893 0.380884 0.380889 0.380880 0.380871 0.380886 0.380898 0.380907 0.380906 0.381003 0.381005 0.000000 0.000000
0.000000 0.000000 0.385172 0.385071 0.385031 0.385001 0.384953 0.384926 0.384919 0.384917 0.384896 0.384892 0.384900 0.384896 0.384923 0.384959 0.385017 0.385048 0.385149 0.000000 0.000000
0.000000 0.000000 0.388296 0.388291 0.388380 0.388353 0.388311 0.388214 0.388211 0.388190 0.388201 0.388196 0.388202 0.388204 0.388292 0.388320 0.388389 0.388297 0.388308 0.000000 0.000000
0.000000 0.000000 0.350000 0.350000 0.350000 0.350000 0.350000 0.350000 0.350000 0.350000 0.350000 0.350000 0.350000 0.350000 0.350000 0.350000 0.350000 0.350000 0.350000 0.000000 0.000000
0.000000 0.000000 0.000000 0.000000 0.000000 0.000000 0.000000 0.000000 0.000000 0.000000 0.000000 0.000000 0.000000 0.000000 0.000000 0.000000 0.000000 0.000000 0.000000 0.000000 0.000000