geotop/1.0zi/1.0Montebello/Templates/testdem/maps/_Eocsand9644.asc
ncols         21
nrows         20
xllcorner     100.000000
yllcorner     100.000000
cellsize      50.000000
NODATA_value  -9999.0
0.000000 0.000000 0.000000 0.000000 0.000000 0.000000 0.000000 0.000000 0.000000 0.000000 0.000000 0.000000 0.000000 0.000000 0.000000 0.000000 0.000000 0.000000 0.000000 0.000000 0.000000
0.000000 0.000000 0.300241 0.300238 0.300239 0.300239 0.300238 0.300238 0.300238 0.300239 0.300239 0.300239 0.300239 0.300239 0.300239 0.300238 0.300240 0.300239 0.300239 0.000000 0.000000
0.000000 0.000000 0.300011 0.300013 0.300013 0.300011 0.300012 0.300013 0.300012 0.300012 0.300012 0.300012 0.300012 0.300012 0.300012 0.300012 0.300013 0.300013 0.300014 0.000000 0.000000
0.000000 0.000000 0.299817 0.299815 0.299824 0.299832 0.299831 0.299837 0.299829 0.299831 0.299831 0.299830 0.299828 0.299830 0.299825 0.299818 0.299815 0.299812 0.299814 0.000000 0.000000
0.000000 0.000000 0.297068 0.297068 0.297085 0.297117 0.297145 0.297154 0.297154 0.297155 0.297158 0.297151 0.297146 0.297146 0.297122 0.297108 0.297094 0.297085 0.297072 0.000000 0.000000
0.000000 0.000000 0.289548 0.289558 0.289595 0.289657 0.289720 0.289777 0.289774 0.289786 0.289785 0.289785 0.289773 0.289777 0.289744 0.289690 0.289664 0.289643 0.289630 0.000000 0.000000
0.000000 0.000000 0.279263 0.279285 0.279315 0.279387 0.279469 0.279579 0.279576 0.279587 0.279595 0.279595 0.279595 0.279590 0.279501 0.279434 0.279394 0.279366 0.279351 0.000000 0.000000
0.000000 0.000000 0.267044 0.267070 0.267101 0.267188 0.267278 0.267378 0.267376 0.267390 0.267400 0.267406 0.267409 0.267391 0.267308 0.267234 0.267169 0.267155 0.267126 0.000000 0.000000
0.000000 0.000000 0.253646 0.253682 0.253730 0.253797 0.253899 0.254019 0.254007 0.254031 0.254047 0.254051 0.254045 0.254050 0.253933 0.253845 0.253794 0.253773 0.253747 0.000000 0.000000
0.000000 0.000000 0.238876 0.238927 0.238965 0.239037 0.239149 0.239273 0.239271 0.239288 0.239314 0.239304 0.239287 0.239293 0.239200 0.239085 0.239026 0.239003 0.238991 0.000000 0.000000
0.000000 0.000000 0.222110 0.222152 0.222189 0.222349 0.222403 0.222569 0.222534 0.222616 0.222610 0.222622 0.222648 0.222601 0.222498 0.222427 0.222343 0.222313 0.222241 0.000000 0.000000
0.000000 0.000000 0.202584 0.202670 0.202768 0.202846 0.202933 0.203142 0.203146 0.203157 0.203134 0.203206 0.203171 0.203180 0.202993 0.202884 0.202839 0.202812 0.202667 0.000000 0.000000
0.000000 0.000000 0.180604 0.180685 0.180709 0.180862 0.180968 0.181517 0.181527 0.181562 0.181755 0.181639 0.181626 0.181577 0.181170 0.181077 0.180876 0.180866 0.180828 0.000000 0.000000
0.000000 0.000000 0.153406 0.153445 0.153619 0.153729 0.154492 0.154233 0.154397 0.154399 0.154303 0.154404 0.154422 0.154499 0.154742 0.153903 0.153869 0.153673 0.153555 0.000000 0.000000
0.000000 0.000000 0.122301 0.122392 0.122549 0.123542 0.123134 0.123749 0.123891 0.123957 0.124181 0.124258 0.124143 0.124137 0.123598 0.123988 0.122694 0.122996 0.123041 0.000000 0.000000
0.000000 0.000000 0.094018 0.094072 0.095175 0.094596 0.094795 0.094747 0.094261 0.094392 0.094133 0.094176 0.094386 0.094122 0.094279 0.094095 0.095346 0.093658 0.093683 0.000000 0.000000
0.000000 0.000000 0.069252 0.070120 0.069861 0.070240 0.070693 0.070839 0.071117 0.071053 0.071347 0.071312 0.071143 0.071316 0.071078 0.070741 0.069933 0.070541 0.069635 0.000000 0.000000
0.000000 0.000000 0.059399 0.059245 0.058720 0.058879 0.059022 0.059493 0.059514 0.059616 0.059516 0.059546 0.059518 0.059510 0.059088 0.058979 0.058694 0.059258 0.059404 0.000000 0.000000
0.000000 0.000000 0.300000 0.300000 0.300000 0.300000 0.300000 0.300000 0.300000 0.300000 0.300000 0.300000 0.300000 0.300000 0.300000 0.300000 0.300000 0.300000 0.300000 0.000000 0.000000
0.000000 0.000000 0.000000 0.000000 0.000000 0.000000 0.000000 0.000000 0.000000 0.000000 0.000000 0.000000 0.000000 0.000000 0.000000 0.000000 0.000000 0.000000 0.000000 0.000000 0.000000