geotop/1.0zi/1.0Montebello/Templates/testdem/maps/_Eocclay9820.asc
ncols         21
nrows         20
xllcorner     100.000000
yllcorner     100.000000
cellsize      50.000000
NODATA_value  -9999.0
0.000000 0.000000 0.000000 0.000000 0.000000 0.000000 0.000000 0.000000 0.000000 0.000000 0.000000 0.000000 0.000000 0.000000 0.000000 0.000000 0.000000 0.000000 0.000000 0.000000 0.000000
0.000000 0.000000 0.349551 0.349554 0.349553 0.349553 0.349554 0.349554 0.349554 0.349554 0.349553 0.349554 0.349554 0.349554 0.349554 0.349554 0.349552 0.349553 0.349553 0.000000 0.000000
0.000000 0.000000 0.349981 0.349979 0.349979 0.349981 0.349979 0.349979 0.349979 0.349979 0.349979 0.349979 0.349980 0.349979 0.349980 0.349981 0.349981 0.349980 0.349979 0.000000 0.000000
0.000000 0.000000 0.350040 0.350045 0.350042 0.350038 0.350039 0.350039 0.350043 0.350040 0.350043 0.350041 0.350042 0.350040 0.350043 0.350046 0.350045 0.350046 0.350043 0.000000 0.000000
0.000000 0.000000 0.351482 0.351476 0.351469 0.351457 0.351439 0.351437 0.351433 0.351435 0.351433 0.351437 0.351438 0.351439 0.351449 0.351454 0.351465 0.351468 0.351477 0.000000 0.000000
0.000000 0.000000 0.355424 0.355418 0.355396 0.355359 0.355329 0.355297 0.355302 0.355296 0.355296 0.355295 0.355302 0.355300 0.355316 0.355348 0.355363 0.355376 0.355381 0.000000 0.000000
0.000000 0.000000 0.360670 0.360658 0.360644 0.360608 0.360568 0.360510 0.360510 0.360504 0.360500 0.360501 0.360503 0.360502 0.360551 0.360586 0.360605 0.360619 0.360627 0.000000 0.000000
0.000000 0.000000 0.366926 0.366912 0.366896 0.366850 0.366805 0.366752 0.366753 0.366746 0.366741 0.366738 0.366736 0.366746 0.366790 0.366827 0.366860 0.366868 0.366883 0.000000 0.000000
0.000000 0.000000 0.373783 0.373765 0.373741 0.373706 0.373654 0.373594 0.373600 0.373587 0.373579 0.373577 0.373580 0.373577 0.373637 0.373683 0.373708 0.373718 0.373731 0.000000 0.000000
0.000000 0.000000 0.381389 0.381363 0.381343 0.381306 0.381248 0.381185 0.381186 0.381177 0.381163 0.381169 0.381177 0.381173 0.381223 0.381282 0.381312 0.381324 0.381330 0.000000 0.000000
0.000000 0.000000 0.390089 0.390067 0.390047 0.389964 0.389937 0.389850 0.389868 0.389825 0.389829 0.389823 0.389809 0.389832 0.389888 0.389924 0.389968 0.389984 0.390021 0.000000 0.000000
0.000000 0.000000 0.400273 0.400228 0.400176 0.400136 0.400090 0.399982 0.399979 0.399974 0.399986 0.399948 0.399966 0.399960 0.400059 0.400117 0.400140 0.400154 0.400230 0.000000 0.000000
0.000000 0.000000 0.411804 0.411761 0.411749 0.411668 0.411612 0.411322 0.411317 0.411298 0.411196 0.411258 0.411264 0.411289 0.411507 0.411556 0.411662 0.411667 0.411686 0.000000 0.000000
0.000000 0.000000 0.426169 0.426148 0.426055 0.425997 0.425589 0.425733 0.425645 0.425645 0.425699 0.425643 0.425633 0.425589 0.425458 0.425908 0.425924 0.426029 0.426092 0.000000 0.000000
0.000000 0.000000 0.442604 0.442554 0.442472 0.441939 0.442168 0.441834 0.441760 0.441724 0.441602 0.441563 0.441624 0.441627 0.441924 0.441704 0.442399 0.442234 0.442208 0.000000 0.000000
0.000000 0.000000 0.457419 0.457389 0.456800 0.457120 0.457009 0.457041 0.457303 0.457234 0.457375 0.457352 0.457239 0.457379 0.457292 0.457395 0.456712 0.457618 0.457605 0.000000 0.000000
0.000000 0.000000 0.470515 0.470029 0.470186 0.469969 0.469719 0.469637 0.469477 0.469514 0.469348 0.469368 0.469464 0.469363 0.469498 0.469685 0.470147 0.469789 0.470294 0.000000 0.000000
0.000000 0.000000 0.475273 0.475439 0.475734 0.475670 0.475620 0.475342 0.475351 0.475283 0.475368 0.475347 0.475350 0.475368 0.475610 0.475651 0.475756 0.475466 0.475303 0.000000 0.000000
0.000000 0.000000 0.350000 0.350000 0.350000 0.350000 0.350000 0.350000 0.350000 0.350000 0.350000 0.350000 0.350000 0.350000 0.350000 0.350000 0.350000 0.350000 0.350000 0.000000 0.000000
0.000000 0.000000 0.000000 0.000000 0.000000 0.000000 0.000000 0.000000 0.000000 0.000000 0.000000 0.000000 0.000000 0.000000 0.000000 0.000000 0.000000 0.000000 0.000000 0.000000 0.000000