geotop/1.0zi/1.0Montebello/Templates/testdem/maps/_Eocsand4405.asc
ncols         21
nrows         20
xllcorner     100.000000
yllcorner     100.000000
cellsize      50.000000
NODATA_value  -9999.0
0.000000 0.000000 0.000000 0.000000 0.000000 0.000000 0.000000 0.000000 0.000000 0.000000 0.000000 0.000000 0.000000 0.000000 0.000000 0.000000 0.000000 0.000000 0.000000 0.000000 0.000000
0.000000 0.000000 0.300108 0.300107 0.300107 0.300107 0.300107 0.300107 0.300107 0.300107 0.300107 0.300107 0.300107 0.300107 0.300107 0.300107 0.300107 0.300107 0.300108 0.000000 0.000000
0.000000 0.000000 0.300005 0.300004 0.300004 0.300004 0.300004 0.300004 0.300004 0.300004 0.300004 0.300004 0.300004 0.300004 0.300004 0.300004 0.300006 0.300006 0.300005 0.000000 0.000000
0.000000 0.000000 0.299974 0.299973 0.299976 0.299979 0.299977 0.299979 0.299977 0.299978 0.299977 0.299979 0.299979 0.299980 0.299976 0.299972 0.299973 0.299971 0.299973 0.000000 0.000000
0.000000 0.000000 0.299286 0.299285 0.299289 0.299288 0.299296 0.299300 0.299301 0.299304 0.299306 0.299301 0.299305 0.299304 0.299300 0.299300 0.299301 0.299296 0.299291 0.000000 0.000000
0.000000 0.000000 0.296977 0.296975 0.296983 0.296998 0.297002 0.297024 0.297026 0.297035 0.297027 0.297025 0.297022 0.297028 0.297028 0.297017 0.297008 0.297005 0.296997 0.000000 0.000000
0.000000 0.000000 0.293431 0.293436 0.293441 0.293460 0.293485 0.293519 0.293517 0.293524 0.293517 0.293519 0.293523 0.293523 0.293500 0.293472 0.293460 0.293450 0.293439 0.000000 0.000000
0.000000 0.000000 0.289310 0.289314 0.289315 0.289337 0.289360 0.289393 0.289389 0.289395 0.289394 0.289395 0.289402 0.289407 0.289376 0.289347 0.289330 0.289325 0.289314 0.000000 0.000000
0.000000 0.000000 0.285145 0.285152 0.285160 0.285174 0.285196 0.285235 0.285230 0.285238 0.285238 0.285236 0.285243 0.285245 0.285216 0.285182 0.285169 0.285163 0.285148 0.000000 0.000000
0.000000 0.000000 0.280992 0.280999 0.281003 0.281018 0.281047 0.281080 0.281073 0.281079 0.281079 0.281079 0.281087 0.281093 0.281059 0.281025 0.281013 0.281007 0.280996 0.000000 0.000000
0.000000 0.000000 0.276781 0.276789 0.276793 0.276802 0.276822 0.276863 0.276857 0.276867 0.276867 0.276865 0.276873 0.276878 0.276851 0.276826 0.276809 0.276802 0.276789 0.000000 0.000000
0.000000 0.000000 0.272429 0.272436 0.272443 0.272461 0.272483 0.272522 0.272521 0.272527 0.272527 0.272529 0.272534 0.272541 0.272503 0.272473 0.272458 0.272452 0.272407 0.000000 0.000000
0.000000 0.000000 0.268019 0.268027 0.268035 0.268046 0.268073 0.268159 0.268156 0.268164 0.268165 0.268164 0.268173 0.268177 0.268103 0.268068 0.268053 0.268046 0.268018 0.000000 0.000000
0.000000 0.000000 0.263358 0.263373 0.263376 0.263388 0.263473 0.263493 0.263506 0.263512 0.263511 0.263511 0.263521 0.263526 0.263505 0.263417 0.263400 0.263383 0.263367 0.000000 0.000000
0.000000 0.000000 0.258337 0.258349 0.258371 0.258441 0.258478 0.258530 0.258556 0.258566 0.258579 0.258580 0.258581 0.258596 0.258557 0.258496 0.258399 0.258404 0.258391 0.000000 0.000000
0.000000 0.000000 0.253159 0.253171 0.253264 0.253273 0.253294 0.253319 0.253320 0.253323 0.253318 0.253321 0.253338 0.253327 0.253317 0.253292 0.253292 0.253189 0.253164 0.000000 0.000000
0.000000 0.000000 0.247414 0.247540 0.247618 0.247645 0.247704 0.247736 0.247741 0.247747 0.247761 0.247761 0.247765 0.247781 0.247760 0.247686 0.247639 0.247587 0.247462 0.000000 0.000000
0.000000 0.000000 0.242914 0.242944 0.242862 0.242900 0.242951 0.243073 0.243082 0.243095 0.243091 0.243093 0.243105 0.243104 0.242995 0.242931 0.242860 0.242969 0.242917 0.000000 0.000000
0.000000 0.000000 0.300000 0.300000 0.300000 0.300000 0.300000 0.300000 0.300000 0.300000 0.300000 0.300000 0.300000 0.300000 0.300000 0.300000 0.300000 0.300000 0.300000 0.000000 0.000000
0.000000 0.000000 0.000000 0.000000 0.000000 0.000000 0.000000 0.000000 0.000000 0.000000 0.000000 0.000000 0.000000 0.000000 0.000000 0.000000 0.000000 0.000000 0.000000 0.000000 0.000000