geotop/1.0zi/1.0Montebello/Templates/testdem/maps/_Eocsand4301.asc
ncols         21
nrows         20
xllcorner     100.000000
yllcorner     100.000000
cellsize      50.000000
NODATA_value  -9999.0
0.000000 0.000000 0.000000 0.000000 0.000000 0.000000 0.000000 0.000000 0.000000 0.000000 0.000000 0.000000 0.000000 0.000000 0.000000 0.000000 0.000000 0.000000 0.000000 0.000000 0.000000
0.000000 0.000000 0.300107 0.300107 0.300106 0.300106 0.300106 0.300106 0.300106 0.300106 0.300106 0.300106 0.300106 0.300106 0.300106 0.300106 0.300106 0.300107 0.300107 0.000000 0.000000
0.000000 0.000000 0.300005 0.300004 0.300004 0.300004 0.300004 0.300004 0.300004 0.300004 0.300004 0.300004 0.300004 0.300004 0.300004 0.300004 0.300006 0.300006 0.300005 0.000000 0.000000
0.000000 0.000000 0.299975 0.299973 0.299976 0.299979 0.299977 0.299979 0.299977 0.299978 0.299978 0.299979 0.299979 0.299981 0.299976 0.299973 0.299973 0.299972 0.299974 0.000000 0.000000
0.000000 0.000000 0.299285 0.299284 0.299289 0.299288 0.299295 0.299299 0.299300 0.299304 0.299306 0.299301 0.299304 0.299304 0.299299 0.299300 0.299300 0.299296 0.299290 0.000000 0.000000
0.000000 0.000000 0.296981 0.296980 0.296990 0.297004 0.297010 0.297031 0.297033 0.297042 0.297034 0.297032 0.297029 0.297035 0.297036 0.297025 0.297016 0.297011 0.297004 0.000000 0.000000
0.000000 0.000000 0.293494 0.293501 0.293513 0.293538 0.293564 0.293598 0.293596 0.293603 0.293597 0.293598 0.293601 0.293601 0.293579 0.293550 0.293537 0.293529 0.293516 0.000000 0.000000
0.000000 0.000000 0.289510 0.289518 0.289530 0.289560 0.289587 0.289621 0.289617 0.289624 0.289622 0.289622 0.289629 0.289632 0.289600 0.289570 0.289552 0.289546 0.289534 0.000000 0.000000
0.000000 0.000000 0.285502 0.285514 0.285531 0.285554 0.285581 0.285622 0.285619 0.285627 0.285626 0.285623 0.285629 0.285630 0.285600 0.285565 0.285551 0.285543 0.285527 0.000000 0.000000
0.000000 0.000000 0.281515 0.281527 0.281541 0.281566 0.281599 0.281634 0.281629 0.281635 0.281634 0.281632 0.281639 0.281644 0.281610 0.281575 0.281561 0.281554 0.281541 0.000000 0.000000
0.000000 0.000000 0.277478 0.277490 0.277505 0.277525 0.277549 0.277592 0.277587 0.277597 0.277596 0.277593 0.277600 0.277604 0.277576 0.277551 0.277531 0.277523 0.277508 0.000000 0.000000
0.000000 0.000000 0.273307 0.273320 0.273338 0.273367 0.273393 0.273434 0.273435 0.273441 0.273440 0.273440 0.273445 0.273450 0.273412 0.273381 0.273363 0.273356 0.273310 0.000000 0.000000
0.000000 0.000000 0.269090 0.269103 0.269122 0.269145 0.269176 0.269262 0.269261 0.269269 0.269269 0.269267 0.269275 0.269277 0.269205 0.269169 0.269151 0.269143 0.269113 0.000000 0.000000
0.000000 0.000000 0.264637 0.264657 0.264673 0.264698 0.264783 0.264807 0.264820 0.264827 0.264825 0.264824 0.264833 0.264836 0.264812 0.264726 0.264708 0.264689 0.264671 0.000000 0.000000
0.000000 0.000000 0.259848 0.259866 0.259900 0.259980 0.260022 0.260075 0.260102 0.260112 0.260124 0.260124 0.260124 0.260136 0.260097 0.260035 0.259941 0.259943 0.259928 0.000000 0.000000
0.000000 0.000000 0.254918 0.254937 0.255039 0.255061 0.255087 0.255115 0.255118 0.255122 0.255117 0.255118 0.255134 0.255121 0.255110 0.255082 0.255078 0.254980 0.254953 0.000000 0.000000
0.000000 0.000000 0.249460 0.249586 0.249676 0.249717 0.249779 0.249813 0.249820 0.249825 0.249838 0.249837 0.249840 0.249852 0.249831 0.249758 0.249711 0.249657 0.249537 0.000000 0.000000
0.000000 0.000000 0.245172 0.245211 0.245152 0.245204 0.245260 0.245375 0.245385 0.245398 0.245393 0.245394 0.245404 0.245401 0.245301 0.245236 0.245164 0.245263 0.245207 0.000000 0.000000
0.000000 0.000000 0.300000 0.300000 0.300000 0.300000 0.300000 0.300000 0.300000 0.300000 0.300000 0.300000 0.300000 0.300000 0.300000 0.300000 0.300000 0.300000 0.300000 0.000000 0.000000
0.000000 0.000000 0.000000 0.000000 0.000000 0.000000 0.000000 0.000000 0.000000 0.000000 0.000000 0.000000 0.000000 0.000000 0.000000 0.000000 0.000000 0.000000 0.000000 0.000000 0.000000