geotop/1.0zi/1.0Montebello/Templates/testdem/maps/_Eocsilt3248.asc
ncols         21
nrows         20
xllcorner     100.000000
yllcorner     100.000000
cellsize      50.000000
NODATA_value  -9999.0
0.000000 0.000000 0.000000 0.000000 0.000000 0.000000 0.000000 0.000000 0.000000 0.000000 0.000000 0.000000 0.000000 0.000000 0.000000 0.000000 0.000000 0.000000 0.000000 0.000000 0.000000
0.000000 0.000000 0.350088 0.350088 0.350088 0.350088 0.350088 0.350088 0.350088 0.350088 0.350088 0.350088 0.350088 0.350088 0.350088 0.350088 0.350088 0.350088 0.350088 0.000000 0.000000
0.000000 0.000000 0.349994 0.349994 0.349994 0.349994 0.349994 0.349994 0.349994 0.349994 0.349995 0.349994 0.349994 0.349994 0.349994 0.349994 0.349994 0.349994 0.349994 0.000000 0.000000
0.000000 0.000000 0.351307 0.351306 0.351304 0.351305 0.351307 0.351307 0.351307 0.351307 0.351308 0.351307 0.351307 0.351307 0.351307 0.351305 0.351304 0.351306 0.351307 0.000000 0.000000
0.000000 0.000000 0.355923 0.355922 0.355920 0.355920 0.355923 0.355922 0.355922 0.355923 0.355923 0.355923 0.355922 0.355922 0.355923 0.355920 0.355920 0.355922 0.355923 0.000000 0.000000
0.000000 0.000000 0.361544 0.361544 0.361542 0.361542 0.361544 0.361544 0.361544 0.361545 0.361545 0.361545 0.361544 0.361544 0.361544 0.361542 0.361542 0.361544 0.361544 0.000000 0.000000
0.000000 0.000000 0.366640 0.366639 0.366638 0.366638 0.366640 0.366639 0.366639 0.366640 0.366641 0.366640 0.366639 0.366639 0.366640 0.366638 0.366638 0.366639 0.366640 0.000000 0.000000
0.000000 0.000000 0.371250 0.371250 0.371249 0.371249 0.371250 0.371250 0.371250 0.371251 0.371251 0.371251 0.371250 0.371250 0.371250 0.371249 0.371249 0.371250 0.371250 0.000000 0.000000
0.000000 0.000000 0.375510 0.375510 0.375508 0.375509 0.375510 0.375510 0.375510 0.375510 0.375511 0.375510 0.375510 0.375510 0.375510 0.375509 0.375508 0.375510 0.375510 0.000000 0.000000
0.000000 0.000000 0.379520 0.379520 0.379518 0.379519 0.379520 0.379519 0.379520 0.379520 0.379521 0.379520 0.379520 0.379519 0.379520 0.379519 0.379518 0.379520 0.379520 0.000000 0.000000
0.000000 0.000000 0.383330 0.383329 0.383328 0.383328 0.383330 0.383329 0.383329 0.383330 0.383330 0.383330 0.383329 0.383329 0.383330 0.383328 0.383328 0.383329 0.383330 0.000000 0.000000
0.000000 0.000000 0.386975 0.386975 0.386974 0.386974 0.386975 0.386975 0.386975 0.386975 0.386976 0.386975 0.386975 0.386975 0.386975 0.386974 0.386974 0.386975 0.386975 0.000000 0.000000
0.000000 0.000000 0.390483 0.390483 0.390481 0.390482 0.390483 0.390483 0.390483 0.390483 0.390484 0.390483 0.390483 0.390483 0.390483 0.390482 0.390481 0.390483 0.390483 0.000000 0.000000
0.000000 0.000000 0.393883 0.393882 0.393881 0.393881 0.393883 0.393882 0.393882 0.393883 0.393883 0.393883 0.393882 0.393882 0.393883 0.393881 0.393881 0.393882 0.393883 0.000000 0.000000
0.000000 0.000000 0.397181 0.397181 0.397180 0.397180 0.397181 0.397181 0.397181 0.397181 0.397182 0.397181 0.397181 0.397181 0.397181 0.397180 0.397180 0.397181 0.397181 0.000000 0.000000
0.000000 0.000000 0.400385 0.400385 0.400384 0.400384 0.400385 0.400385 0.400385 0.400385 0.400386 0.400385 0.400385 0.400385 0.400385 0.400384 0.400384 0.400385 0.400385 0.000000 0.000000
0.000000 0.000000 0.403505 0.403504 0.403503 0.403504 0.403505 0.403504 0.403504 0.403505 0.403505 0.403505 0.403504 0.403504 0.403505 0.403504 0.403503 0.403504 0.403505 0.000000 0.000000
0.000000 0.000000 0.406598 0.406599 0.406598 0.406598 0.406599 0.406599 0.406599 0.406599 0.406599 0.406599 0.406599 0.406599 0.406599 0.406598 0.406598 0.406599 0.406599 0.000000 0.000000
0.000000 0.000000 0.350000 0.350000 0.350000 0.350000 0.350000 0.350000 0.350000 0.350000 0.350000 0.350000 0.350000 0.350000 0.350000 0.350000 0.350000 0.350000 0.350000 0.000000 0.000000
0.000000 0.000000 0.000000 0.000000 0.000000 0.000000 0.000000 0.000000 0.000000 0.000000 0.000000 0.000000 0.000000 0.000000 0.000000 0.000000 0.000000 0.000000 0.000000 0.000000 0.000000