geotop/1.0zi/1.0Montebello/Templates/testdem/maps/_Eocsilt5435.asc
ncols         21
nrows         20
xllcorner     100.000000
yllcorner     100.000000
cellsize      50.000000
NODATA_value  -9999.0
0.000000 0.000000 0.000000 0.000000 0.000000 0.000000 0.000000 0.000000 0.000000 0.000000 0.000000 0.000000 0.000000 0.000000 0.000000 0.000000 0.000000 0.000000 0.000000 0.000000 0.000000
0.000000 0.000000 0.350108 0.350108 0.350108 0.350108 0.350108 0.350108 0.350108 0.350108 0.350108 0.350108 0.350108 0.350108 0.350108 0.350108 0.350108 0.350108 0.350108 0.000000 0.000000
0.000000 0.000000 0.350002 0.350002 0.350002 0.350003 0.350003 0.350003 0.350003 0.350003 0.350003 0.350003 0.350004 0.350003 0.350003 0.350003 0.350001 0.350001 0.350002 0.000000 0.000000
0.000000 0.000000 0.350038 0.350037 0.350037 0.350032 0.350033 0.350031 0.350033 0.350034 0.350033 0.350032 0.350033 0.350032 0.350033 0.350036 0.350036 0.350038 0.350037 0.000000 0.000000
0.000000 0.000000 0.350439 0.350442 0.350441 0.350437 0.350435 0.350430 0.350429 0.350427 0.350424 0.350427 0.350428 0.350428 0.350434 0.350436 0.350435 0.350444 0.350447 0.000000 0.000000
0.000000 0.000000 0.351769 0.351773 0.351770 0.351757 0.351747 0.351730 0.351728 0.351725 0.351729 0.351732 0.351733 0.351729 0.351734 0.351739 0.351747 0.351751 0.351754 0.000000 0.000000
0.000000 0.000000 0.353849 0.353847 0.353844 0.353827 0.353808 0.353786 0.353787 0.353785 0.353788 0.353788 0.353784 0.353787 0.353802 0.353818 0.353825 0.353834 0.353839 0.000000 0.000000
0.000000 0.000000 0.356385 0.356386 0.356387 0.356371 0.356351 0.356328 0.356328 0.356326 0.356326 0.356326 0.356324 0.356326 0.356343 0.356361 0.356375 0.356377 0.356385 0.000000 0.000000
0.000000 0.000000 0.359044 0.359040 0.359034 0.359024 0.359005 0.358977 0.358978 0.358974 0.358972 0.358973 0.358973 0.358971 0.358995 0.359013 0.359026 0.359031 0.359038 0.000000 0.000000
0.000000 0.000000 0.361693 0.361689 0.361687 0.361681 0.361654 0.361630 0.361633 0.361630 0.361626 0.361630 0.361633 0.361629 0.361647 0.361668 0.361681 0.361683 0.361687 0.000000 0.000000
0.000000 0.000000 0.364394 0.364392 0.364393 0.364374 0.364356 0.364330 0.364336 0.364323 0.364324 0.364326 0.364322 0.364328 0.364342 0.364356 0.364369 0.364377 0.364388 0.000000 0.000000
0.000000 0.000000 0.367217 0.367211 0.367205 0.367192 0.367177 0.367145 0.367147 0.367139 0.367147 0.367140 0.367141 0.367143 0.367170 0.367181 0.367191 0.367195 0.367224 0.000000 0.000000
0.000000 0.000000 0.370093 0.370087 0.370087 0.370072 0.370058 0.369997 0.369998 0.369992 0.369980 0.369987 0.369991 0.369995 0.370038 0.370049 0.370070 0.370072 0.370093 0.000000 0.000000
0.000000 0.000000 0.373190 0.373187 0.373181 0.373172 0.373116 0.373098 0.373085 0.373084 0.373079 0.373082 0.373082 0.373080 0.373087 0.373142 0.373161 0.373175 0.373196 0.000000 0.000000
0.000000 0.000000 0.376573 0.376570 0.376558 0.376501 0.376482 0.376447 0.376424 0.376421 0.376409 0.376403 0.376410 0.376404 0.376428 0.376456 0.376540 0.376534 0.376546 0.000000 0.000000
0.000000 0.000000 0.380135 0.380130 0.380059 0.380043 0.380038 0.380014 0.380026 0.380017 0.380022 0.380014 0.380006 0.380020 0.380033 0.380042 0.380041 0.380134 0.380136 0.000000 0.000000
0.000000 0.000000 0.384157 0.384061 0.384021 0.383992 0.383946 0.383921 0.383914 0.383912 0.383892 0.383888 0.383895 0.383892 0.383918 0.383953 0.384008 0.384038 0.384135 0.000000 0.000000
0.000000 0.000000 0.387182 0.387177 0.387260 0.387234 0.387195 0.387103 0.387100 0.387079 0.387090 0.387085 0.387091 0.387092 0.387176 0.387203 0.387269 0.387181 0.387193 0.000000 0.000000
0.000000 0.000000 0.350000 0.350000 0.350000 0.350000 0.350000 0.350000 0.350000 0.350000 0.350000 0.350000 0.350000 0.350000 0.350000 0.350000 0.350000 0.350000 0.350000 0.000000 0.000000
0.000000 0.000000 0.000000 0.000000 0.000000 0.000000 0.000000 0.000000 0.000000 0.000000 0.000000 0.000000 0.000000 0.000000 0.000000 0.000000 0.000000 0.000000 0.000000 0.000000 0.000000