geotop/1.0zi/1.0Montebello/Templates/testdem/maps/_Eocclay2686.asc
ncols         21
nrows         20
xllcorner     100.000000
yllcorner     100.000000
cellsize      50.000000
NODATA_value  -9999.0
0.000000 0.000000 0.000000 0.000000 0.000000 0.000000 0.000000 0.000000 0.000000 0.000000 0.000000 0.000000 0.000000 0.000000 0.000000 0.000000 0.000000 0.000000 0.000000 0.000000 0.000000
0.000000 0.000000 0.349855 0.349855 0.349855 0.349855 0.349855 0.349855 0.349855 0.349855 0.349854 0.349855 0.349855 0.349855 0.349855 0.349855 0.349855 0.349855 0.349855 0.000000 0.000000
0.000000 0.000000 0.349990 0.349990 0.349990 0.349990 0.349990 0.349990 0.349990 0.349990 0.349991 0.349990 0.349990 0.349990 0.349990 0.349990 0.349990 0.349990 0.349990 0.000000 0.000000
0.000000 0.000000 0.350834 0.350834 0.350832 0.350833 0.350834 0.350834 0.350834 0.350834 0.350834 0.350834 0.350834 0.350834 0.350834 0.350833 0.350832 0.350834 0.350834 0.000000 0.000000
0.000000 0.000000 0.354695 0.354694 0.354692 0.354692 0.354696 0.354695 0.354695 0.354696 0.354696 0.354696 0.354695 0.354695 0.354696 0.354692 0.354692 0.354694 0.354695 0.000000 0.000000
0.000000 0.000000 0.359148 0.359148 0.359146 0.359147 0.359149 0.359148 0.359148 0.359149 0.359150 0.359149 0.359148 0.359148 0.359149 0.359147 0.359146 0.359148 0.359148 0.000000 0.000000
0.000000 0.000000 0.363378 0.363378 0.363376 0.363376 0.363378 0.363378 0.363378 0.363379 0.363379 0.363379 0.363378 0.363378 0.363378 0.363376 0.363376 0.363378 0.363378 0.000000 0.000000
0.000000 0.000000 0.367258 0.367258 0.367257 0.367257 0.367259 0.367258 0.367258 0.367259 0.367259 0.367259 0.367258 0.367258 0.367259 0.367257 0.367257 0.367258 0.367258 0.000000 0.000000
0.000000 0.000000 0.370872 0.370871 0.370870 0.370871 0.370872 0.370871 0.370872 0.370872 0.370873 0.370872 0.370872 0.370871 0.370872 0.370871 0.370870 0.370871 0.370872 0.000000 0.000000
0.000000 0.000000 0.374300 0.374300 0.374299 0.374299 0.374300 0.374300 0.374300 0.374301 0.374301 0.374301 0.374300 0.374300 0.374300 0.374299 0.374299 0.374300 0.374300 0.000000 0.000000
0.000000 0.000000 0.377584 0.377584 0.377582 0.377583 0.377584 0.377584 0.377584 0.377584 0.377585 0.377584 0.377584 0.377584 0.377584 0.377583 0.377582 0.377584 0.377584 0.000000 0.000000
0.000000 0.000000 0.380754 0.380754 0.380753 0.380753 0.380755 0.380754 0.380754 0.380755 0.380755 0.380755 0.380754 0.380754 0.380755 0.380753 0.380753 0.380754 0.380754 0.000000 0.000000
0.000000 0.000000 0.383835 0.383835 0.383834 0.383834 0.383835 0.383835 0.383835 0.383835 0.383836 0.383835 0.383835 0.383835 0.383835 0.383834 0.383834 0.383835 0.383835 0.000000 0.000000
0.000000 0.000000 0.386841 0.386841 0.386840 0.386840 0.386841 0.386841 0.386841 0.386842 0.386842 0.386842 0.386841 0.386841 0.386841 0.386840 0.386840 0.386841 0.386841 0.000000 0.000000
0.000000 0.000000 0.389781 0.389781 0.389779 0.389780 0.389781 0.389781 0.389781 0.389781 0.389781 0.389781 0.389781 0.389781 0.389781 0.389780 0.389779 0.389781 0.389781 0.000000 0.000000
0.000000 0.000000 0.392659 0.392659 0.392658 0.392659 0.392660 0.392659 0.392659 0.392660 0.392660 0.392660 0.392659 0.392659 0.392660 0.392659 0.392658 0.392659 0.392659 0.000000 0.000000
0.000000 0.000000 0.395483 0.395482 0.395481 0.395482 0.395483 0.395482 0.395482 0.395483 0.395483 0.395483 0.395482 0.395482 0.395483 0.395482 0.395481 0.395482 0.395483 0.000000 0.000000
0.000000 0.000000 0.398291 0.398292 0.398290 0.398291 0.398292 0.398292 0.398292 0.398292 0.398292 0.398292 0.398292 0.398292 0.398292 0.398291 0.398290 0.398292 0.398292 0.000000 0.000000
0.000000 0.000000 0.350000 0.350000 0.350000 0.350000 0.350000 0.350000 0.350000 0.350000 0.350000 0.350000 0.350000 0.350000 0.350000 0.350000 0.350000 0.350000 0.350000 0.000000 0.000000
0.000000 0.000000 0.000000 0.000000 0.000000 0.000000 0.000000 0.000000 0.000000 0.000000 0.000000 0.000000 0.000000 0.000000 0.000000 0.000000 0.000000 0.000000 0.000000 0.000000 0.000000