geotop/1.0zi/1.0Montebello/Templates/testdem/maps/_Eocsand028f.asc
ncols         21
nrows         20
xllcorner     100.000000
yllcorner     100.000000
cellsize      50.000000
NODATA_value  -9999.0
0.000000 0.000000 0.000000 0.000000 0.000000 0.000000 0.000000 0.000000 0.000000 0.000000 0.000000 0.000000 0.000000 0.000000 0.000000 0.000000 0.000000 0.000000 0.000000 0.000000 0.000000
0.000000 0.000000 0.300256 0.300253 0.300254 0.300255 0.300254 0.300253 0.300254 0.300254 0.300255 0.300254 0.300254 0.300254 0.300254 0.300254 0.300255 0.300254 0.300254 0.000000 0.000000
0.000000 0.000000 0.300012 0.300014 0.300014 0.300012 0.300014 0.300014 0.300014 0.300014 0.300014 0.300014 0.300013 0.300014 0.300013 0.300013 0.300014 0.300015 0.300015 0.000000 0.000000
0.000000 0.000000 0.299739 0.299733 0.299744 0.299752 0.299752 0.299758 0.299750 0.299752 0.299751 0.299750 0.299748 0.299750 0.299744 0.299738 0.299735 0.299734 0.299735 0.000000 0.000000
0.000000 0.000000 0.296563 0.296560 0.296579 0.296616 0.296645 0.296657 0.296655 0.296654 0.296658 0.296651 0.296645 0.296646 0.296624 0.296608 0.296590 0.296576 0.296563 0.000000 0.000000
0.000000 0.000000 0.288191 0.288195 0.288237 0.288310 0.288379 0.288441 0.288436 0.288443 0.288447 0.288446 0.288434 0.288439 0.288405 0.288346 0.288314 0.288289 0.288277 0.000000 0.000000
0.000000 0.000000 0.276723 0.276740 0.276775 0.276860 0.276948 0.277069 0.277064 0.277070 0.277083 0.277082 0.277083 0.277079 0.276983 0.276911 0.276864 0.276830 0.276815 0.000000 0.000000
0.000000 0.000000 0.263053 0.263073 0.263110 0.263212 0.263310 0.263421 0.263416 0.263426 0.263441 0.263447 0.263450 0.263433 0.263344 0.263263 0.263187 0.263168 0.263139 0.000000 0.000000
0.000000 0.000000 0.247840 0.247872 0.247929 0.248011 0.248124 0.248257 0.248242 0.248263 0.248285 0.248289 0.248281 0.248289 0.248162 0.248064 0.248004 0.247975 0.247950 0.000000 0.000000
0.000000 0.000000 0.230746 0.230793 0.230840 0.230931 0.231057 0.231199 0.231194 0.231206 0.231240 0.231227 0.231210 0.231218 0.231116 0.230986 0.230914 0.230882 0.230871 0.000000 0.000000
0.000000 0.000000 0.210909 0.210944 0.210990 0.211191 0.211250 0.211445 0.211400 0.211489 0.211487 0.211501 0.211533 0.211480 0.211363 0.211282 0.211178 0.211137 0.211053 0.000000 0.000000
0.000000 0.000000 0.187280 0.187369 0.187496 0.187587 0.187698 0.187947 0.187952 0.187945 0.187925 0.188013 0.187966 0.187987 0.187765 0.187629 0.187573 0.187534 0.187365 0.000000 0.000000
0.000000 0.000000 0.160391 0.160464 0.160486 0.160689 0.160825 0.161517 0.161524 0.161558 0.161824 0.161656 0.161647 0.161585 0.161080 0.160971 0.160703 0.160684 0.160666 0.000000 0.000000
0.000000 0.000000 0.127479 0.127490 0.127724 0.127849 0.128818 0.128384 0.128584 0.128567 0.128403 0.128566 0.128584 0.128705 0.129092 0.128028 0.128016 0.127759 0.127618 0.000000 0.000000
0.000000 0.000000 0.094292 0.094370 0.094506 0.095559 0.095014 0.095724 0.095839 0.095899 0.096169 0.096222 0.096106 0.096082 0.095466 0.096000 0.094624 0.094961 0.095031 0.000000 0.000000
0.000000 0.000000 0.070460 0.070495 0.071276 0.070930 0.071060 0.071057 0.070722 0.070809 0.070644 0.070674 0.070814 0.070636 0.070721 0.070599 0.071405 0.070238 0.070259 0.000000 0.000000
0.000000 0.000000 0.053235 0.053585 0.053725 0.053768 0.053989 0.054030 0.054038 0.054038 0.054103 0.054098 0.054075 0.054089 0.054036 0.053861 0.053790 0.053667 0.053316 0.000000 0.000000
0.000000 0.000000 0.043082 0.043252 0.043153 0.043216 0.043377 0.043523 0.043552 0.043572 0.043594 0.043596 0.043568 0.043585 0.043416 0.043323 0.043174 0.043318 0.043142 0.000000 0.000000
0.000000 0.000000 0.300000 0.300000 0.300000 0.300000 0.300000 0.300000 0.300000 0.300000 0.300000 0.300000 0.300000 0.300000 0.300000 0.300000 0.300000 0.300000 0.300000 0.000000 0.000000
0.000000 0.000000 0.000000 0.000000 0.000000 0.000000 0.000000 0.000000 0.000000 0.000000 0.000000 0.000000 0.000000 0.000000 0.000000 0.000000 0.000000 0.000000 0.000000 0.000000 0.000000