geotop/1.0zi/1.0Montebello/Templates/testdem/maps/_Eocsilt4112.asc
ncols         21
nrows         20
xllcorner     100.000000
yllcorner     100.000000
cellsize      50.000000
NODATA_value  -9999.0
0.000000 0.000000 0.000000 0.000000 0.000000 0.000000 0.000000 0.000000 0.000000 0.000000 0.000000 0.000000 0.000000 0.000000 0.000000 0.000000 0.000000 0.000000 0.000000 0.000000 0.000000
0.000000 0.000000 0.350086 0.350086 0.350086 0.350086 0.350085 0.350086 0.350086 0.350086 0.350086 0.350086 0.350086 0.350086 0.350085 0.350086 0.350086 0.350086 0.350085 0.000000 0.000000
0.000000 0.000000 0.350001 0.350002 0.350002 0.350002 0.350003 0.350003 0.350003 0.350003 0.350003 0.350003 0.350003 0.350003 0.350003 0.350002 0.350001 0.350001 0.350001 0.000000 0.000000
0.000000 0.000000 0.350032 0.350031 0.350031 0.350026 0.350027 0.350025 0.350027 0.350027 0.350027 0.350027 0.350027 0.350026 0.350028 0.350030 0.350031 0.350032 0.350031 0.000000 0.000000
0.000000 0.000000 0.350380 0.350382 0.350380 0.350381 0.350380 0.350377 0.350376 0.350373 0.350372 0.350374 0.350374 0.350375 0.350376 0.350375 0.350375 0.350379 0.350382 0.000000 0.000000
0.000000 0.000000 0.351465 0.351465 0.351461 0.351458 0.351455 0.351444 0.351443 0.351438 0.351442 0.351445 0.351446 0.351441 0.351442 0.351447 0.351451 0.351450 0.351452 0.000000 0.000000
0.000000 0.000000 0.353115 0.353114 0.353112 0.353101 0.353090 0.353076 0.353078 0.353076 0.353079 0.353077 0.353073 0.353073 0.353081 0.353095 0.353099 0.353103 0.353110 0.000000 0.000000
0.000000 0.000000 0.355037 0.355033 0.355029 0.355017 0.355004 0.354988 0.354990 0.354987 0.354987 0.354987 0.354984 0.354981 0.354997 0.355012 0.355023 0.355024 0.355029 0.000000 0.000000
0.000000 0.000000 0.356979 0.356974 0.356967 0.356958 0.356947 0.356927 0.356929 0.356925 0.356926 0.356927 0.356923 0.356921 0.356936 0.356952 0.356960 0.356964 0.356972 0.000000 0.000000
0.000000 0.000000 0.358907 0.358902 0.358897 0.358887 0.358873 0.358857 0.358859 0.358857 0.358857 0.358857 0.358854 0.358850 0.358866 0.358883 0.358890 0.358893 0.358899 0.000000 0.000000
0.000000 0.000000 0.360843 0.360838 0.360832 0.360825 0.360816 0.360795 0.360798 0.360793 0.360793 0.360795 0.360791 0.360788 0.360801 0.360813 0.360822 0.360826 0.360833 0.000000 0.000000
0.000000 0.000000 0.362838 0.362833 0.362826 0.362815 0.362804 0.362785 0.362785 0.362782 0.362782 0.362782 0.362779 0.362776 0.362794 0.362809 0.362817 0.362820 0.362842 0.000000 0.000000
0.000000 0.000000 0.364854 0.364848 0.364841 0.364833 0.364820 0.364779 0.364780 0.364776 0.364776 0.364776 0.364772 0.364770 0.364804 0.364821 0.364829 0.364833 0.364847 0.000000 0.000000
0.000000 0.000000 0.366977 0.366968 0.366962 0.366954 0.366915 0.366905 0.366899 0.366896 0.366896 0.366896 0.366891 0.366888 0.366899 0.366939 0.366948 0.366957 0.366966 0.000000 0.000000
0.000000 0.000000 0.369254 0.369247 0.369233 0.369199 0.369182 0.369157 0.369144 0.369140 0.369134 0.369133 0.369133 0.369125 0.369143 0.369172 0.369217 0.369215 0.369222 0.000000 0.000000
0.000000 0.000000 0.371592 0.371585 0.371539 0.371533 0.371523 0.371511 0.371509 0.371508 0.371510 0.371509 0.371501 0.371505 0.371510 0.371522 0.371524 0.371569 0.371581 0.000000 0.000000
0.000000 0.000000 0.374176 0.374119 0.374079 0.374065 0.374039 0.374025 0.374022 0.374020 0.374013 0.374014 0.374012 0.374004 0.374012 0.374045 0.374066 0.374090 0.374146 0.000000 0.000000
0.000000 0.000000 0.376212 0.376196 0.376227 0.376207 0.376184 0.376132 0.376127 0.376122 0.376123 0.376123 0.376117 0.376117 0.376162 0.376191 0.376224 0.376177 0.376202 0.000000 0.000000
0.000000 0.000000 0.350000 0.350000 0.350000 0.350000 0.350000 0.350000 0.350000 0.350000 0.350000 0.350000 0.350000 0.350000 0.350000 0.350000 0.350000 0.350000 0.350000 0.000000 0.000000
0.000000 0.000000 0.000000 0.000000 0.000000 0.000000 0.000000 0.000000 0.000000 0.000000 0.000000 0.000000 0.000000 0.000000 0.000000 0.000000 0.000000 0.000000 0.000000 0.000000 0.000000