geotop/1.0zi/1.0Montebello/Templates/testdem/maps/_Eocsand8237.asc
ncols         21
nrows         20
xllcorner     100.000000
yllcorner     100.000000
cellsize      50.000000
NODATA_value  -9999.0
0.000000 0.000000 0.000000 0.000000 0.000000 0.000000 0.000000 0.000000 0.000000 0.000000 0.000000 0.000000 0.000000 0.000000 0.000000 0.000000 0.000000 0.000000 0.000000 0.000000 0.000000
0.000000 0.000000 0.300208 0.300206 0.300206 0.300207 0.300206 0.300205 0.300205 0.300206 0.300206 0.300206 0.300206 0.300206 0.300206 0.300206 0.300207 0.300207 0.300207 0.000000 0.000000
0.000000 0.000000 0.300011 0.300012 0.300012 0.300010 0.300011 0.300012 0.300012 0.300012 0.300012 0.300012 0.300011 0.300012 0.300011 0.300011 0.300012 0.300013 0.300013 0.000000 0.000000
0.000000 0.000000 0.299893 0.299893 0.299897 0.299905 0.299900 0.299909 0.299904 0.299906 0.299906 0.299906 0.299906 0.299908 0.299903 0.299898 0.299896 0.299893 0.299894 0.000000 0.000000
0.000000 0.000000 0.297934 0.297930 0.297939 0.297954 0.297977 0.297986 0.297993 0.297992 0.297996 0.297995 0.297998 0.297992 0.297968 0.297962 0.297950 0.297936 0.297926 0.000000 0.000000
0.000000 0.000000 0.292194 0.292195 0.292217 0.292262 0.292297 0.292345 0.292345 0.292358 0.292349 0.292350 0.292346 0.292346 0.292322 0.292288 0.292259 0.292237 0.292225 0.000000 0.000000
0.000000 0.000000 0.284218 0.284225 0.284245 0.284296 0.284361 0.284436 0.284437 0.284447 0.284444 0.284445 0.284448 0.284442 0.284377 0.284319 0.284283 0.284255 0.284238 0.000000 0.000000
0.000000 0.000000 0.274770 0.274774 0.274789 0.274847 0.274910 0.274993 0.274994 0.275003 0.275004 0.275011 0.275014 0.274999 0.274929 0.274873 0.274819 0.274802 0.274777 0.000000 0.000000
0.000000 0.000000 0.264657 0.264673 0.264702 0.264740 0.264807 0.264896 0.264893 0.264912 0.264917 0.264921 0.264918 0.264920 0.264834 0.264763 0.264720 0.264699 0.264677 0.000000 0.000000
0.000000 0.000000 0.253941 0.253960 0.253975 0.254013 0.254110 0.254191 0.254192 0.254201 0.254214 0.254207 0.254195 0.254200 0.254127 0.254045 0.253995 0.253977 0.253961 0.000000 0.000000
0.000000 0.000000 0.242274 0.242287 0.242305 0.242388 0.242456 0.242552 0.242533 0.242584 0.242576 0.242579 0.242598 0.242563 0.242496 0.242444 0.242380 0.242345 0.242301 0.000000 0.000000
0.000000 0.000000 0.229292 0.229326 0.229366 0.229418 0.229495 0.229616 0.229626 0.229638 0.229610 0.229652 0.229640 0.229633 0.229509 0.229445 0.229401 0.229375 0.229266 0.000000 0.000000
0.000000 0.000000 0.215218 0.215250 0.215265 0.215342 0.215410 0.215727 0.215733 0.215751 0.215834 0.215789 0.215772 0.215742 0.215502 0.215437 0.215317 0.215303 0.215251 0.000000 0.000000
0.000000 0.000000 0.198663 0.198672 0.198739 0.198791 0.199191 0.199156 0.199241 0.199238 0.199211 0.199236 0.199248 0.199266 0.199306 0.198891 0.198826 0.198716 0.198638 0.000000 0.000000
0.000000 0.000000 0.179110 0.179145 0.179225 0.179733 0.179684 0.179939 0.180054 0.180081 0.180166 0.180226 0.180170 0.180180 0.179932 0.179951 0.179278 0.179381 0.179368 0.000000 0.000000
0.000000 0.000000 0.157691 0.157721 0.158458 0.158249 0.158305 0.158370 0.158095 0.158180 0.158033 0.158084 0.158206 0.158021 0.158011 0.157969 0.158517 0.157450 0.157464 0.000000 0.000000
0.000000 0.000000 0.131224 0.132373 0.132121 0.132553 0.133127 0.133295 0.133616 0.133540 0.133885 0.133853 0.133656 0.133850 0.133561 0.133136 0.132156 0.132797 0.131597 0.000000 0.000000
0.000000 0.000000 0.121828 0.120750 0.119784 0.119770 0.119713 0.120640 0.120483 0.120756 0.120307 0.120398 0.120468 0.120314 0.119545 0.119587 0.119602 0.120347 0.121400 0.000000 0.000000
0.000000 0.000000 0.300000 0.300000 0.300000 0.300000 0.300000 0.300000 0.300000 0.300000 0.300000 0.300000 0.300000 0.300000 0.300000 0.300000 0.300000 0.300000 0.300000 0.000000 0.000000
0.000000 0.000000 0.000000 0.000000 0.000000 0.000000 0.000000 0.000000 0.000000 0.000000 0.000000 0.000000 0.000000 0.000000 0.000000 0.000000 0.000000 0.000000 0.000000 0.000000 0.000000