geotop/1.0zi/1.0Montebello/Templates/testdem/maps/_Eocsilt1976.asc
ncols         21
nrows         20
xllcorner     100.000000
yllcorner     100.000000
cellsize      50.000000
NODATA_value  -9999.0
0.000000 0.000000 0.000000 0.000000 0.000000 0.000000 0.000000 0.000000 0.000000 0.000000 0.000000 0.000000 0.000000 0.000000 0.000000 0.000000 0.000000 0.000000 0.000000 0.000000 0.000000
0.000000 0.000000 0.350045 0.350045 0.350045 0.350045 0.350045 0.350045 0.350045 0.350045 0.350045 0.350045 0.350045 0.350045 0.350045 0.350045 0.350045 0.350045 0.350045 0.000000 0.000000
0.000000 0.000000 0.349999 0.349998 0.349998 0.349999 0.349999 0.349999 0.349999 0.349999 0.349999 0.349999 0.349999 0.349999 0.349999 0.349999 0.349998 0.349998 0.349999 0.000000 0.000000
0.000000 0.000000 0.350692 0.350691 0.350689 0.350691 0.350692 0.350692 0.350692 0.350692 0.350692 0.350692 0.350692 0.350692 0.350692 0.350691 0.350689 0.350691 0.350692 0.000000 0.000000
0.000000 0.000000 0.353273 0.353273 0.353271 0.353271 0.353274 0.353273 0.353273 0.353274 0.353274 0.353274 0.353273 0.353273 0.353274 0.353271 0.353271 0.353273 0.353273 0.000000 0.000000
0.000000 0.000000 0.356593 0.356593 0.356591 0.356591 0.356594 0.356593 0.356593 0.356594 0.356594 0.356594 0.356593 0.356593 0.356594 0.356591 0.356591 0.356593 0.356593 0.000000 0.000000
0.000000 0.000000 0.359643 0.359642 0.359641 0.359641 0.359643 0.359642 0.359642 0.359643 0.359643 0.359643 0.359642 0.359642 0.359643 0.359641 0.359641 0.359642 0.359643 0.000000 0.000000
0.000000 0.000000 0.362436 0.362435 0.362434 0.362434 0.362436 0.362435 0.362435 0.362436 0.362436 0.362436 0.362435 0.362435 0.362436 0.362434 0.362434 0.362435 0.362436 0.000000 0.000000
0.000000 0.000000 0.365047 0.365047 0.365045 0.365046 0.365047 0.365047 0.365047 0.365048 0.365048 0.365048 0.365047 0.365047 0.365047 0.365046 0.365045 0.365047 0.365047 0.000000 0.000000
0.000000 0.000000 0.367541 0.367540 0.367539 0.367539 0.367541 0.367540 0.367541 0.367541 0.367541 0.367541 0.367541 0.367540 0.367541 0.367539 0.367539 0.367540 0.367541 0.000000 0.000000
0.000000 0.000000 0.369944 0.369944 0.369942 0.369943 0.369944 0.369944 0.369944 0.369944 0.369944 0.369944 0.369944 0.369944 0.369944 0.369943 0.369942 0.369944 0.369944 0.000000 0.000000
0.000000 0.000000 0.372278 0.372278 0.372277 0.372277 0.372279 0.372278 0.372278 0.372279 0.372279 0.372279 0.372278 0.372278 0.372279 0.372277 0.372277 0.372278 0.372278 0.000000 0.000000
0.000000 0.000000 0.374560 0.374560 0.374558 0.374559 0.374560 0.374560 0.374560 0.374560 0.374561 0.374560 0.374560 0.374560 0.374560 0.374559 0.374558 0.374560 0.374560 0.000000 0.000000
0.000000 0.000000 0.376794 0.376794 0.376793 0.376793 0.376794 0.376794 0.376794 0.376795 0.376795 0.376795 0.376794 0.376794 0.376794 0.376793 0.376793 0.376794 0.376794 0.000000 0.000000
0.000000 0.000000 0.378992 0.378991 0.378990 0.378991 0.378992 0.378992 0.378992 0.378992 0.378992 0.378992 0.378992 0.378992 0.378992 0.378991 0.378990 0.378991 0.378992 0.000000 0.000000
0.000000 0.000000 0.381159 0.381158 0.381157 0.381158 0.381159 0.381159 0.381159 0.381159 0.381159 0.381159 0.381159 0.381159 0.381159 0.381158 0.381157 0.381158 0.381159 0.000000 0.000000
0.000000 0.000000 0.383294 0.383294 0.383293 0.383293 0.383295 0.383294 0.383294 0.383295 0.383295 0.383295 0.383294 0.383294 0.383295 0.383293 0.383293 0.383294 0.383294 0.000000 0.000000
0.000000 0.000000 0.385433 0.385433 0.385432 0.385432 0.385434 0.385433 0.385433 0.385434 0.385434 0.385434 0.385433 0.385433 0.385434 0.385432 0.385432 0.385433 0.385434 0.000000 0.000000
0.000000 0.000000 0.350000 0.350000 0.350000 0.350000 0.350000 0.350000 0.350000 0.350000 0.350000 0.350000 0.350000 0.350000 0.350000 0.350000 0.350000 0.350000 0.350000 0.000000 0.000000
0.000000 0.000000 0.000000 0.000000 0.000000 0.000000 0.000000 0.000000 0.000000 0.000000 0.000000 0.000000 0.000000 0.000000 0.000000 0.000000 0.000000 0.000000 0.000000 0.000000 0.000000