geotop/1.0zi/1.0Montebello/Templates/testdem/maps/_Eocclay8639.asc
ncols         21
nrows         20
xllcorner     100.000000
yllcorner     100.000000
cellsize      50.000000
NODATA_value  -9999.0
0.000000 0.000000 0.000000 0.000000 0.000000 0.000000 0.000000 0.000000 0.000000 0.000000 0.000000 0.000000 0.000000 0.000000 0.000000 0.000000 0.000000 0.000000 0.000000 0.000000 0.000000
0.000000 0.000000 0.349600 0.349602 0.349602 0.349601 0.349602 0.349603 0.349602 0.349603 0.349601 0.349603 0.349603 0.349602 0.349603 0.349602 0.349600 0.349601 0.349601 0.000000 0.000000
0.000000 0.000000 0.349983 0.349982 0.349982 0.349984 0.349981 0.349981 0.349981 0.349981 0.349981 0.349981 0.349981 0.349981 0.349982 0.349982 0.349983 0.349982 0.349981 0.000000 0.000000
0.000000 0.000000 0.350005 0.350010 0.350008 0.350003 0.350006 0.350006 0.350007 0.350005 0.350008 0.350006 0.350006 0.350004 0.350007 0.350008 0.350007 0.350010 0.350007 0.000000 0.000000
0.000000 0.000000 0.351083 0.351076 0.351073 0.351067 0.351050 0.351048 0.351045 0.351046 0.351045 0.351046 0.351044 0.351047 0.351056 0.351058 0.351068 0.351070 0.351080 0.000000 0.000000
0.000000 0.000000 0.354247 0.354244 0.354226 0.354193 0.354175 0.354152 0.354154 0.354147 0.354152 0.354151 0.354157 0.354156 0.354168 0.354189 0.354205 0.354218 0.354224 0.000000 0.000000
0.000000 0.000000 0.358555 0.358547 0.358538 0.358510 0.358475 0.358434 0.358434 0.358429 0.358429 0.358431 0.358432 0.358433 0.358469 0.358500 0.358517 0.358530 0.358539 0.000000 0.000000
0.000000 0.000000 0.363660 0.363654 0.363645 0.363610 0.363577 0.363533 0.363533 0.363527 0.363527 0.363525 0.363522 0.363532 0.363570 0.363598 0.363626 0.363635 0.363648 0.000000 0.000000
0.000000 0.000000 0.369137 0.369125 0.369110 0.369087 0.369049 0.369004 0.369008 0.368998 0.368995 0.368994 0.368995 0.368994 0.369040 0.369077 0.369099 0.369109 0.369120 0.000000 0.000000
0.000000 0.000000 0.375014 0.375000 0.374991 0.374968 0.374913 0.374872 0.374872 0.374867 0.374861 0.374866 0.374872 0.374870 0.374909 0.374953 0.374980 0.374989 0.374997 0.000000 0.000000
0.000000 0.000000 0.381507 0.381498 0.381488 0.381436 0.381400 0.381347 0.381361 0.381330 0.381337 0.381334 0.381324 0.381343 0.381382 0.381408 0.381444 0.381462 0.381487 0.000000 0.000000
0.000000 0.000000 0.388817 0.388793 0.388770 0.388741 0.388692 0.388631 0.388625 0.388620 0.388635 0.388611 0.388621 0.388622 0.388691 0.388729 0.388751 0.388766 0.388824 0.000000 0.000000
0.000000 0.000000 0.396844 0.396819 0.396816 0.396762 0.396725 0.396544 0.396541 0.396533 0.396481 0.396512 0.396520 0.396537 0.396678 0.396712 0.396783 0.396788 0.396815 0.000000 0.000000
0.000000 0.000000 0.406451 0.406443 0.406402 0.406366 0.406123 0.406162 0.406113 0.406115 0.406136 0.406116 0.406112 0.406094 0.406061 0.406317 0.406347 0.406413 0.406458 0.000000 0.000000
0.000000 0.000000 0.417919 0.417891 0.417841 0.417521 0.417573 0.417414 0.417348 0.417332 0.417275 0.417243 0.417279 0.417273 0.417433 0.417394 0.417813 0.417738 0.417741 0.000000 0.000000
0.000000 0.000000 0.430395 0.430371 0.429914 0.430074 0.430025 0.430006 0.430189 0.430136 0.430236 0.430209 0.430130 0.430243 0.430233 0.430268 0.429876 0.430553 0.430544 0.000000 0.000000
0.000000 0.000000 0.445503 0.444814 0.445015 0.444727 0.444383 0.444282 0.444070 0.444121 0.443904 0.443929 0.444056 0.443925 0.444107 0.444362 0.444993 0.444532 0.445248 0.000000 0.000000
0.000000 0.000000 0.449853 0.450502 0.451030 0.451041 0.451090 0.450572 0.450676 0.450519 0.450788 0.450736 0.450689 0.450782 0.451210 0.451173 0.451131 0.450742 0.450099 0.000000 0.000000
0.000000 0.000000 0.350000 0.350000 0.350000 0.350000 0.350000 0.350000 0.350000 0.350000 0.350000 0.350000 0.350000 0.350000 0.350000 0.350000 0.350000 0.350000 0.350000 0.000000 0.000000
0.000000 0.000000 0.000000 0.000000 0.000000 0.000000 0.000000 0.000000 0.000000 0.000000 0.000000 0.000000 0.000000 0.000000 0.000000 0.000000 0.000000 0.000000 0.000000 0.000000 0.000000