geotop/1.0zi/1.0Montebello/Templates/testdem/maps/_Eocsand2889.asc
ncols         21
nrows         20
xllcorner     100.000000
yllcorner     100.000000
cellsize      50.000000
NODATA_value  -9999.0
0.000000 0.000000 0.000000 0.000000 0.000000 0.000000 0.000000 0.000000 0.000000 0.000000 0.000000 0.000000 0.000000 0.000000 0.000000 0.000000 0.000000 0.000000 0.000000 0.000000 0.000000
0.000000 0.000000 0.300084 0.300084 0.300084 0.300084 0.300084 0.300084 0.300084 0.300084 0.300086 0.300084 0.300084 0.300084 0.300084 0.300084 0.300084 0.300084 0.300084 0.000000 0.000000
0.000000 0.000000 0.300009 0.300010 0.300010 0.300009 0.300009 0.300009 0.300009 0.300009 0.300008 0.300009 0.300009 0.300009 0.300009 0.300009 0.300010 0.300010 0.300009 0.000000 0.000000
0.000000 0.000000 0.297988 0.297989 0.297993 0.297991 0.297988 0.297988 0.297988 0.297988 0.297988 0.297988 0.297988 0.297988 0.297988 0.297991 0.297993 0.297989 0.297988 0.000000 0.000000
0.000000 0.000000 0.289770 0.289771 0.289775 0.289774 0.289768 0.289770 0.289770 0.289767 0.289767 0.289767 0.289770 0.289770 0.289768 0.289774 0.289775 0.289771 0.289770 0.000000 0.000000
0.000000 0.000000 0.279903 0.279904 0.279907 0.279907 0.279902 0.279903 0.279903 0.279901 0.279901 0.279901 0.279903 0.279903 0.279902 0.279907 0.279907 0.279904 0.279903 0.000000 0.000000
0.000000 0.000000 0.270747 0.270748 0.270751 0.270751 0.270747 0.270748 0.270748 0.270746 0.270745 0.270746 0.270748 0.270748 0.270747 0.270751 0.270751 0.270748 0.270747 0.000000 0.000000
0.000000 0.000000 0.262407 0.262407 0.262410 0.262409 0.262406 0.262407 0.262407 0.262405 0.262405 0.262405 0.262407 0.262407 0.262406 0.262409 0.262410 0.262407 0.262407 0.000000 0.000000
0.000000 0.000000 0.254668 0.254669 0.254671 0.254670 0.254667 0.254669 0.254668 0.254667 0.254666 0.254667 0.254668 0.254669 0.254667 0.254670 0.254671 0.254669 0.254668 0.000000 0.000000
0.000000 0.000000 0.247350 0.247351 0.247353 0.247353 0.247350 0.247351 0.247351 0.247349 0.247349 0.247349 0.247351 0.247351 0.247350 0.247353 0.247353 0.247351 0.247350 0.000000 0.000000
0.000000 0.000000 0.240367 0.240368 0.240370 0.240369 0.240366 0.240367 0.240367 0.240366 0.240365 0.240366 0.240367 0.240367 0.240366 0.240369 0.240370 0.240368 0.240367 0.000000 0.000000
0.000000 0.000000 0.233649 0.233650 0.233652 0.233651 0.233649 0.233650 0.233650 0.233649 0.233648 0.233649 0.233650 0.233650 0.233649 0.233651 0.233652 0.233650 0.233649 0.000000 0.000000
0.000000 0.000000 0.227148 0.227148 0.227151 0.227150 0.227147 0.227148 0.227148 0.227147 0.227146 0.227147 0.227148 0.227148 0.227147 0.227150 0.227151 0.227148 0.227148 0.000000 0.000000
0.000000 0.000000 0.220820 0.220820 0.220822 0.220821 0.220819 0.220820 0.220820 0.220819 0.220818 0.220819 0.220820 0.220820 0.220819 0.220821 0.220822 0.220820 0.220820 0.000000 0.000000
0.000000 0.000000 0.214646 0.214647 0.214649 0.214648 0.214646 0.214647 0.214647 0.214646 0.214645 0.214646 0.214647 0.214647 0.214646 0.214648 0.214649 0.214647 0.214646 0.000000 0.000000
0.000000 0.000000 0.208617 0.208617 0.208620 0.208619 0.208617 0.208617 0.208617 0.208616 0.208616 0.208616 0.208617 0.208617 0.208617 0.208619 0.208620 0.208617 0.208617 0.000000 0.000000
0.000000 0.000000 0.202723 0.202724 0.202726 0.202725 0.202723 0.202724 0.202723 0.202722 0.202722 0.202722 0.202723 0.202724 0.202723 0.202725 0.202726 0.202724 0.202723 0.000000 0.000000
0.000000 0.000000 0.196866 0.196866 0.196868 0.196867 0.196865 0.196866 0.196866 0.196864 0.196864 0.196864 0.196866 0.196866 0.196865 0.196867 0.196868 0.196866 0.196865 0.000000 0.000000
0.000000 0.000000 0.300000 0.300000 0.300000 0.300000 0.300000 0.300000 0.300000 0.300000 0.300000 0.300000 0.300000 0.300000 0.300000 0.300000 0.300000 0.300000 0.300000 0.000000 0.000000
0.000000 0.000000 0.000000 0.000000 0.000000 0.000000 0.000000 0.000000 0.000000 0.000000 0.000000 0.000000 0.000000 0.000000 0.000000 0.000000 0.000000 0.000000 0.000000 0.000000 0.000000