geotop/1.0zi/1.0Montebello/Templates/testdem/maps/_Eocsand5353.asc
ncols         21
nrows         20
xllcorner     100.000000
yllcorner     100.000000
cellsize      50.000000
NODATA_value  -9999.0
0.000000 0.000000 0.000000 0.000000 0.000000 0.000000 0.000000 0.000000 0.000000 0.000000 0.000000 0.000000 0.000000 0.000000 0.000000 0.000000 0.000000 0.000000 0.000000 0.000000 0.000000
0.000000 0.000000 0.300130 0.300130 0.300129 0.300129 0.300129 0.300129 0.300129 0.300129 0.300129 0.300129 0.300129 0.300130 0.300129 0.300129 0.300129 0.300130 0.300130 0.000000 0.000000
0.000000 0.000000 0.300008 0.300007 0.300007 0.300007 0.300007 0.300007 0.300006 0.300007 0.300007 0.300007 0.300006 0.300006 0.300007 0.300007 0.300008 0.300009 0.300008 0.000000 0.000000
0.000000 0.000000 0.299974 0.299973 0.299975 0.299979 0.299976 0.299978 0.299976 0.299977 0.299976 0.299978 0.299978 0.299980 0.299976 0.299972 0.299973 0.299970 0.299972 0.000000 0.000000
0.000000 0.000000 0.299170 0.299166 0.299167 0.299175 0.299188 0.299196 0.299196 0.299195 0.299200 0.299196 0.299201 0.299201 0.299191 0.299191 0.299186 0.299175 0.299170 0.000000 0.000000
0.000000 0.000000 0.296409 0.296403 0.296411 0.296442 0.296455 0.296486 0.296489 0.296496 0.296488 0.296485 0.296480 0.296484 0.296476 0.296461 0.296447 0.296432 0.296425 0.000000 0.000000
0.000000 0.000000 0.292254 0.292257 0.292261 0.292293 0.292330 0.292376 0.292375 0.292380 0.292376 0.292373 0.292375 0.292374 0.292342 0.292308 0.292292 0.292275 0.292263 0.000000 0.000000
0.000000 0.000000 0.287218 0.287217 0.287217 0.287251 0.287288 0.287336 0.287335 0.287340 0.287339 0.287339 0.287342 0.287336 0.287301 0.287268 0.287240 0.287233 0.287216 0.000000 0.000000
0.000000 0.000000 0.282040 0.282047 0.282058 0.282077 0.282113 0.282166 0.282163 0.282172 0.282176 0.282173 0.282173 0.282178 0.282131 0.282095 0.282070 0.282062 0.282048 0.000000 0.000000
0.000000 0.000000 0.276856 0.276865 0.276867 0.276880 0.276932 0.276978 0.276974 0.276980 0.276987 0.276979 0.276973 0.276979 0.276943 0.276902 0.276876 0.276872 0.276862 0.000000 0.000000
0.000000 0.000000 0.271539 0.271544 0.271543 0.271579 0.271614 0.271665 0.271653 0.271678 0.271677 0.271673 0.271680 0.271667 0.271639 0.271613 0.271585 0.271570 0.271548 0.000000 0.000000
0.000000 0.000000 0.265996 0.266008 0.266019 0.266045 0.266075 0.266135 0.266132 0.266147 0.266131 0.266145 0.266143 0.266139 0.266086 0.266064 0.266044 0.266036 0.265978 0.000000 0.000000
0.000000 0.000000 0.260345 0.260357 0.260359 0.260388 0.260414 0.260532 0.260532 0.260543 0.260567 0.260553 0.260543 0.260534 0.260451 0.260430 0.260386 0.260382 0.260340 0.000000 0.000000
0.000000 0.000000 0.254270 0.254278 0.254290 0.254308 0.254417 0.254450 0.254477 0.254478 0.254488 0.254482 0.254480 0.254485 0.254471 0.254364 0.254325 0.254296 0.254255 0.000000 0.000000
0.000000 0.000000 0.247640 0.247646 0.247672 0.247782 0.247820 0.247886 0.247933 0.247939 0.247962 0.247972 0.247958 0.247970 0.247923 0.247867 0.247701 0.247713 0.247688 0.000000 0.000000
0.000000 0.000000 0.240676 0.240686 0.240825 0.240857 0.240867 0.240911 0.240888 0.240906 0.240895 0.240912 0.240927 0.240899 0.240875 0.240857 0.240854 0.240675 0.240669 0.000000 0.000000
0.000000 0.000000 0.232822 0.233009 0.233089 0.233146 0.233234 0.233281 0.233293 0.233298 0.233337 0.233344 0.233330 0.233334 0.233284 0.233217 0.233109 0.233047 0.232860 0.000000 0.000000
0.000000 0.000000 0.226885 0.226899 0.226740 0.226791 0.226859 0.227037 0.227043 0.227082 0.227063 0.227073 0.227059 0.227056 0.226893 0.226849 0.226716 0.226885 0.226858 0.000000 0.000000
0.000000 0.000000 0.300000 0.300000 0.300000 0.300000 0.300000 0.300000 0.300000 0.300000 0.300000 0.300000 0.300000 0.300000 0.300000 0.300000 0.300000 0.300000 0.300000 0.000000 0.000000
0.000000 0.000000 0.000000 0.000000 0.000000 0.000000 0.000000 0.000000 0.000000 0.000000 0.000000 0.000000 0.000000 0.000000 0.000000 0.000000 0.000000 0.000000 0.000000 0.000000 0.000000