geotop/1.0zi/1.0Montebello/Templates/testdem/maps/_Eocclay086.asc
ncols         21
nrows         20
xllcorner     100.000000
yllcorner     100.000000
cellsize      50.000000
NODATA_value  -9999.0
0.000000 0.000000 0.000000 0.000000 0.000000 0.000000 0.000000 0.000000 0.000000 0.000000 0.000000 0.000000 0.000000 0.000000 0.000000 0.000000 0.000000 0.000000 0.000000 0.000000 0.000000
0.000000 0.000000 0.349490 0.349492 0.349492 0.349491 0.349493 0.349493 0.349492 0.349493 0.349492 0.349493 0.349493 0.349492 0.349493 0.349492 0.349490 0.349491 0.349492 0.000000 0.000000
0.000000 0.000000 0.349979 0.349977 0.349977 0.349979 0.349977 0.349976 0.349977 0.349977 0.349976 0.349977 0.349977 0.349976 0.349978 0.349978 0.349978 0.349978 0.349977 0.000000 0.000000
0.000000 0.000000 0.350078 0.350088 0.350085 0.350079 0.350082 0.350082 0.350086 0.350083 0.350085 0.350083 0.350084 0.350082 0.350087 0.350090 0.350089 0.350087 0.350085 0.000000 0.000000
0.000000 0.000000 0.351967 0.351953 0.351946 0.351930 0.351909 0.351904 0.351902 0.351904 0.351902 0.351906 0.351907 0.351908 0.351918 0.351924 0.351937 0.351945 0.351953 0.000000 0.000000
0.000000 0.000000 0.356712 0.356705 0.356680 0.356635 0.356599 0.356565 0.356571 0.356566 0.356564 0.356563 0.356570 0.356568 0.356586 0.356621 0.356640 0.356655 0.356661 0.000000 0.000000
0.000000 0.000000 0.363014 0.363000 0.362983 0.362937 0.362891 0.362822 0.362824 0.362820 0.362813 0.362814 0.362815 0.362814 0.362869 0.362909 0.362934 0.362950 0.362958 0.000000 0.000000
0.000000 0.000000 0.370605 0.370587 0.370565 0.370502 0.370450 0.370386 0.370388 0.370382 0.370374 0.370371 0.370368 0.370379 0.370429 0.370472 0.370513 0.370524 0.370539 0.000000 0.000000
0.000000 0.000000 0.379154 0.379130 0.379096 0.379047 0.378985 0.378910 0.378919 0.378907 0.378895 0.378892 0.378895 0.378891 0.378962 0.379017 0.379049 0.379063 0.379076 0.000000 0.000000
0.000000 0.000000 0.388979 0.388943 0.388913 0.388857 0.388786 0.388704 0.388706 0.388700 0.388681 0.388687 0.388696 0.388692 0.388750 0.388824 0.388864 0.388882 0.388887 0.000000 0.000000
0.000000 0.000000 0.400676 0.400645 0.400616 0.400493 0.400460 0.400343 0.400370 0.400317 0.400319 0.400309 0.400288 0.400320 0.400390 0.400435 0.400495 0.400518 0.400568 0.000000 0.000000
0.000000 0.000000 0.414930 0.414861 0.414777 0.414724 0.414654 0.414503 0.414489 0.414498 0.414509 0.414464 0.414487 0.414467 0.414604 0.414687 0.414717 0.414739 0.414837 0.000000 0.000000
0.000000 0.000000 0.431177 0.431114 0.431098 0.430964 0.430880 0.430450 0.430440 0.430417 0.430245 0.430362 0.430360 0.430399 0.430711 0.430773 0.430940 0.430950 0.430944 0.000000 0.000000
0.000000 0.000000 0.450200 0.450175 0.450029 0.449961 0.449397 0.449697 0.449579 0.449584 0.449696 0.449586 0.449572 0.449495 0.449235 0.449858 0.449843 0.449992 0.450070 0.000000 0.000000
0.000000 0.000000 0.466291 0.466241 0.466181 0.465699 0.465957 0.465621 0.465573 0.465541 0.465413 0.465393 0.465444 0.465458 0.465749 0.465490 0.466115 0.465958 0.465922 0.000000 0.000000
0.000000 0.000000 0.476609 0.476584 0.476287 0.476350 0.476332 0.476288 0.476404 0.476370 0.476413 0.476400 0.476355 0.476420 0.476424 0.476437 0.476225 0.476628 0.476615 0.000000 0.000000
0.000000 0.000000 0.484519 0.484336 0.484294 0.484225 0.484134 0.484086 0.484065 0.484068 0.484021 0.484022 0.484042 0.484027 0.484076 0.484142 0.484252 0.484252 0.484425 0.000000 0.000000
0.000000 0.000000 0.488551 0.488646 0.488669 0.488684 0.488670 0.488557 0.488604 0.488567 0.488624 0.488611 0.488592 0.488624 0.488710 0.488719 0.488658 0.488684 0.488582 0.000000 0.000000
0.000000 0.000000 0.350000 0.350000 0.350000 0.350000 0.350000 0.350000 0.350000 0.350000 0.350000 0.350000 0.350000 0.350000 0.350000 0.350000 0.350000 0.350000 0.350000 0.000000 0.000000
0.000000 0.000000 0.000000 0.000000 0.000000 0.000000 0.000000 0.000000 0.000000 0.000000 0.000000 0.000000 0.000000 0.000000 0.000000 0.000000 0.000000 0.000000 0.000000 0.000000 0.000000