geotop/1.0zi/1.0Montebello/Templates/testdem/maps/_Eocsilt2422.asc
ncols         21
nrows         20
xllcorner     100.000000
yllcorner     100.000000
cellsize      50.000000
NODATA_value  -9999.0
0.000000 0.000000 0.000000 0.000000 0.000000 0.000000 0.000000 0.000000 0.000000 0.000000 0.000000 0.000000 0.000000 0.000000 0.000000 0.000000 0.000000 0.000000 0.000000 0.000000 0.000000
0.000000 0.000000 0.350059 0.350059 0.350059 0.350059 0.350059 0.350059 0.350059 0.350059 0.350058 0.350059 0.350059 0.350059 0.350059 0.350059 0.350059 0.350059 0.350059 0.000000 0.000000
0.000000 0.000000 0.349998 0.349998 0.349998 0.349998 0.349998 0.349998 0.349998 0.349998 0.349999 0.349998 0.349998 0.349998 0.349998 0.349998 0.349998 0.349998 0.349998 0.000000 0.000000
0.000000 0.000000 0.350804 0.350803 0.350801 0.350802 0.350804 0.350804 0.350804 0.350804 0.350804 0.350804 0.350804 0.350804 0.350804 0.350802 0.350801 0.350803 0.350804 0.000000 0.000000
0.000000 0.000000 0.353958 0.353958 0.353956 0.353956 0.353958 0.353958 0.353958 0.353959 0.353959 0.353959 0.353958 0.353958 0.353958 0.353956 0.353956 0.353958 0.353958 0.000000 0.000000
0.000000 0.000000 0.358055 0.358055 0.358053 0.358053 0.358056 0.358055 0.358055 0.358056 0.358056 0.358056 0.358055 0.358055 0.358056 0.358053 0.358053 0.358055 0.358055 0.000000 0.000000
0.000000 0.000000 0.361805 0.361804 0.361803 0.361803 0.361805 0.361804 0.361804 0.361805 0.361805 0.361805 0.361804 0.361804 0.361805 0.361803 0.361803 0.361804 0.361805 0.000000 0.000000
0.000000 0.000000 0.365227 0.365227 0.365226 0.365226 0.365227 0.365227 0.365227 0.365228 0.365228 0.365228 0.365227 0.365227 0.365227 0.365226 0.365226 0.365227 0.365227 0.000000 0.000000
0.000000 0.000000 0.368417 0.368416 0.368415 0.368415 0.368417 0.368416 0.368416 0.368417 0.368417 0.368417 0.368416 0.368416 0.368417 0.368415 0.368415 0.368416 0.368417 0.000000 0.000000
0.000000 0.000000 0.371447 0.371447 0.371445 0.371446 0.371447 0.371447 0.371447 0.371447 0.371448 0.371447 0.371447 0.371447 0.371447 0.371446 0.371445 0.371447 0.371447 0.000000 0.000000
0.000000 0.000000 0.374354 0.374353 0.374352 0.374353 0.374354 0.374353 0.374354 0.374354 0.374354 0.374354 0.374354 0.374353 0.374354 0.374353 0.374352 0.374353 0.374354 0.000000 0.000000
0.000000 0.000000 0.377163 0.377163 0.377162 0.377162 0.377164 0.377163 0.377163 0.377164 0.377164 0.377164 0.377163 0.377163 0.377164 0.377162 0.377162 0.377163 0.377163 0.000000 0.000000
0.000000 0.000000 0.379896 0.379896 0.379895 0.379895 0.379896 0.379896 0.379896 0.379896 0.379897 0.379896 0.379896 0.379896 0.379896 0.379895 0.379895 0.379896 0.379896 0.000000 0.000000
0.000000 0.000000 0.382567 0.382567 0.382566 0.382566 0.382567 0.382567 0.382567 0.382568 0.382568 0.382568 0.382567 0.382567 0.382567 0.382566 0.382566 0.382567 0.382567 0.000000 0.000000
0.000000 0.000000 0.385186 0.385186 0.385185 0.385185 0.385187 0.385186 0.385186 0.385187 0.385187 0.385187 0.385186 0.385186 0.385187 0.385185 0.385185 0.385186 0.385186 0.000000 0.000000
0.000000 0.000000 0.387756 0.387756 0.387755 0.387756 0.387757 0.387756 0.387756 0.387757 0.387757 0.387757 0.387756 0.387756 0.387757 0.387756 0.387755 0.387756 0.387756 0.000000 0.000000
0.000000 0.000000 0.390281 0.390281 0.390280 0.390280 0.390281 0.390281 0.390281 0.390281 0.390282 0.390281 0.390281 0.390281 0.390281 0.390280 0.390280 0.390281 0.390281 0.000000 0.000000
0.000000 0.000000 0.392795 0.392795 0.392794 0.392795 0.392796 0.392795 0.392796 0.392796 0.392796 0.392796 0.392796 0.392795 0.392796 0.392795 0.392794 0.392795 0.392796 0.000000 0.000000
0.000000 0.000000 0.350000 0.350000 0.350000 0.350000 0.350000 0.350000 0.350000 0.350000 0.350000 0.350000 0.350000 0.350000 0.350000 0.350000 0.350000 0.350000 0.350000 0.000000 0.000000
0.000000 0.000000 0.000000 0.000000 0.000000 0.000000 0.000000 0.000000 0.000000 0.000000 0.000000 0.000000 0.000000 0.000000 0.000000 0.000000 0.000000 0.000000 0.000000 0.000000 0.000000