geotop/1.0zi/1.0Montebello/Templates/testdem/maps/_Eocsilt6928.asc
ncols         21
nrows         20
xllcorner     100.000000
yllcorner     100.000000
cellsize      50.000000
NODATA_value  -9999.0
0.000000 0.000000 0.000000 0.000000 0.000000 0.000000 0.000000 0.000000 0.000000 0.000000 0.000000 0.000000 0.000000 0.000000 0.000000 0.000000 0.000000 0.000000 0.000000 0.000000 0.000000
0.000000 0.000000 0.350137 0.350138 0.350138 0.350139 0.350138 0.350138 0.350139 0.350138 0.350139 0.350138 0.350138 0.350138 0.350138 0.350138 0.350139 0.350139 0.350138 0.000000 0.000000
0.000000 0.000000 0.350003 0.350002 0.350003 0.350003 0.350003 0.350003 0.350003 0.350003 0.350003 0.350003 0.350004 0.350004 0.350003 0.350003 0.350001 0.350001 0.350002 0.000000 0.000000
0.000000 0.000000 0.350060 0.350057 0.350055 0.350050 0.350051 0.350049 0.350051 0.350052 0.350050 0.350050 0.350050 0.350050 0.350052 0.350055 0.350058 0.350059 0.350059 0.000000 0.000000
0.000000 0.000000 0.350718 0.350724 0.350720 0.350712 0.350708 0.350701 0.350700 0.350697 0.350698 0.350700 0.350701 0.350701 0.350711 0.350715 0.350714 0.350721 0.350726 0.000000 0.000000
0.000000 0.000000 0.352701 0.352703 0.352694 0.352681 0.352667 0.352648 0.352647 0.352642 0.352646 0.352648 0.352649 0.352647 0.352655 0.352665 0.352674 0.352680 0.352685 0.000000 0.000000
0.000000 0.000000 0.355669 0.355667 0.355657 0.355635 0.355609 0.355582 0.355583 0.355580 0.355581 0.355580 0.355577 0.355582 0.355603 0.355626 0.355640 0.355652 0.355660 0.000000 0.000000
0.000000 0.000000 0.359239 0.359239 0.359234 0.359212 0.359186 0.359156 0.359156 0.359153 0.359152 0.359151 0.359149 0.359153 0.359179 0.359203 0.359223 0.359227 0.359239 0.000000 0.000000
0.000000 0.000000 0.363016 0.363009 0.362997 0.362982 0.362957 0.362922 0.362924 0.362916 0.362914 0.362914 0.362915 0.362913 0.362946 0.362974 0.362991 0.362998 0.363009 0.000000 0.000000
0.000000 0.000000 0.366887 0.366880 0.366874 0.366861 0.366825 0.366794 0.366796 0.366791 0.366787 0.366790 0.366795 0.366791 0.366819 0.366850 0.366868 0.366872 0.366880 0.000000 0.000000
0.000000 0.000000 0.370944 0.370939 0.370934 0.370905 0.370881 0.370847 0.370854 0.370835 0.370838 0.370838 0.370832 0.370843 0.370866 0.370886 0.370908 0.370919 0.370936 0.000000 0.000000
0.000000 0.000000 0.375304 0.375293 0.375280 0.375260 0.375236 0.375193 0.375193 0.375184 0.375195 0.375183 0.375186 0.375189 0.375230 0.375251 0.375266 0.375274 0.375315 0.000000 0.000000
0.000000 0.000000 0.379874 0.379863 0.379856 0.379833 0.379811 0.379714 0.379713 0.379706 0.379684 0.379695 0.379702 0.379710 0.379782 0.379804 0.379840 0.379843 0.379869 0.000000 0.000000
0.000000 0.000000 0.384985 0.384979 0.384962 0.384944 0.384840 0.384827 0.384804 0.384803 0.384803 0.384802 0.384800 0.384796 0.384799 0.384910 0.384935 0.384963 0.384993 0.000000 0.000000
0.000000 0.000000 0.390776 0.390767 0.390743 0.390622 0.390603 0.390543 0.390507 0.390501 0.390481 0.390465 0.390479 0.390473 0.390527 0.390558 0.390722 0.390704 0.390717 0.000000 0.000000
0.000000 0.000000 0.397048 0.397038 0.396871 0.396870 0.396863 0.396830 0.396878 0.396856 0.396880 0.396863 0.396841 0.396879 0.396897 0.396909 0.396853 0.397073 0.397074 0.000000 0.000000
0.000000 0.000000 0.404565 0.404318 0.404291 0.404217 0.404096 0.404052 0.404013 0.404019 0.403958 0.403959 0.403989 0.403966 0.404028 0.404121 0.404279 0.404252 0.404506 0.000000 0.000000
0.000000 0.000000 0.409174 0.409287 0.409521 0.409482 0.409438 0.409217 0.409225 0.409170 0.409233 0.409217 0.409221 0.409236 0.409433 0.409469 0.409561 0.409337 0.409236 0.000000 0.000000
0.000000 0.000000 0.350000 0.350000 0.350000 0.350000 0.350000 0.350000 0.350000 0.350000 0.350000 0.350000 0.350000 0.350000 0.350000 0.350000 0.350000 0.350000 0.350000 0.000000 0.000000
0.000000 0.000000 0.000000 0.000000 0.000000 0.000000 0.000000 0.000000 0.000000 0.000000 0.000000 0.000000 0.000000 0.000000 0.000000 0.000000 0.000000 0.000000 0.000000 0.000000 0.000000