geotop/1.0zi/1.0Montebello/Templates/testdem/maps/_Eocsand2481.asc
ncols         21
nrows         20
xllcorner     100.000000
yllcorner     100.000000
cellsize      50.000000
NODATA_value  -9999.0
0.000000 0.000000 0.000000 0.000000 0.000000 0.000000 0.000000 0.000000 0.000000 0.000000 0.000000 0.000000 0.000000 0.000000 0.000000 0.000000 0.000000 0.000000 0.000000 0.000000 0.000000
0.000000 0.000000 0.300074 0.300074 0.300074 0.300074 0.300074 0.300074 0.300074 0.300074 0.300076 0.300074 0.300074 0.300074 0.300074 0.300074 0.300074 0.300074 0.300074 0.000000 0.000000
0.000000 0.000000 0.300012 0.300013 0.300013 0.300012 0.300013 0.300012 0.300013 0.300013 0.300011 0.300013 0.300013 0.300012 0.300013 0.300012 0.300013 0.300013 0.300012 0.000000 0.000000
0.000000 0.000000 0.298375 0.298375 0.298380 0.298378 0.298374 0.298375 0.298375 0.298374 0.298374 0.298374 0.298375 0.298375 0.298374 0.298378 0.298380 0.298375 0.298375 0.000000 0.000000
0.000000 0.000000 0.291497 0.291498 0.291502 0.291502 0.291496 0.291497 0.291497 0.291495 0.291494 0.291495 0.291497 0.291497 0.291496 0.291502 0.291502 0.291498 0.291497 0.000000 0.000000
0.000000 0.000000 0.283150 0.283151 0.283154 0.283154 0.283149 0.283150 0.283150 0.283148 0.283148 0.283148 0.283150 0.283150 0.283149 0.283154 0.283154 0.283151 0.283150 0.000000 0.000000
0.000000 0.000000 0.275383 0.275384 0.275386 0.275386 0.275382 0.275383 0.275383 0.275381 0.275381 0.275381 0.275383 0.275383 0.275382 0.275386 0.275386 0.275384 0.275383 0.000000 0.000000
0.000000 0.000000 0.268274 0.268275 0.268278 0.268277 0.268274 0.268275 0.268275 0.268273 0.268273 0.268273 0.268275 0.268275 0.268274 0.268277 0.268278 0.268275 0.268274 0.000000 0.000000
0.000000 0.000000 0.261650 0.261651 0.261653 0.261652 0.261649 0.261651 0.261650 0.261649 0.261649 0.261649 0.261650 0.261651 0.261649 0.261652 0.261653 0.261651 0.261650 0.000000 0.000000
0.000000 0.000000 0.255357 0.255357 0.255360 0.255359 0.255356 0.255357 0.255357 0.255356 0.255355 0.255356 0.255357 0.255357 0.255356 0.255359 0.255360 0.255357 0.255357 0.000000 0.000000
0.000000 0.000000 0.249321 0.249321 0.249324 0.249323 0.249320 0.249321 0.249321 0.249320 0.249319 0.249320 0.249321 0.249321 0.249320 0.249323 0.249324 0.249321 0.249321 0.000000 0.000000
0.000000 0.000000 0.243486 0.243487 0.243489 0.243488 0.243486 0.243487 0.243487 0.243485 0.243485 0.243485 0.243487 0.243487 0.243486 0.243488 0.243489 0.243487 0.243486 0.000000 0.000000
0.000000 0.000000 0.237812 0.237813 0.237815 0.237814 0.237812 0.237813 0.237813 0.237812 0.237811 0.237812 0.237813 0.237813 0.237812 0.237814 0.237815 0.237813 0.237812 0.000000 0.000000
0.000000 0.000000 0.232270 0.232271 0.232273 0.232272 0.232270 0.232271 0.232271 0.232270 0.232269 0.232270 0.232271 0.232271 0.232270 0.232272 0.232273 0.232271 0.232270 0.000000 0.000000
0.000000 0.000000 0.226840 0.226841 0.226843 0.226842 0.226840 0.226841 0.226841 0.226839 0.226839 0.226839 0.226841 0.226841 0.226840 0.226842 0.226843 0.226841 0.226840 0.000000 0.000000
0.000000 0.000000 0.221512 0.221513 0.221515 0.221514 0.221512 0.221513 0.221513 0.221512 0.221511 0.221512 0.221513 0.221513 0.221512 0.221514 0.221515 0.221513 0.221512 0.000000 0.000000
0.000000 0.000000 0.216282 0.216282 0.216284 0.216284 0.216281 0.216282 0.216282 0.216281 0.216281 0.216281 0.216282 0.216282 0.216281 0.216284 0.216284 0.216282 0.216282 0.000000 0.000000
0.000000 0.000000 0.211063 0.211063 0.211065 0.211064 0.211062 0.211062 0.211062 0.211061 0.211061 0.211061 0.211062 0.211062 0.211062 0.211064 0.211065 0.211063 0.211062 0.000000 0.000000
0.000000 0.000000 0.300000 0.300000 0.300000 0.300000 0.300000 0.300000 0.300000 0.300000 0.300000 0.300000 0.300000 0.300000 0.300000 0.300000 0.300000 0.300000 0.300000 0.000000 0.000000
0.000000 0.000000 0.000000 0.000000 0.000000 0.000000 0.000000 0.000000 0.000000 0.000000 0.000000 0.000000 0.000000 0.000000 0.000000 0.000000 0.000000 0.000000 0.000000 0.000000 0.000000