geotop/1.0zi/1.0Montebello/Templates/testdem/maps/_Eocsand2603.asc
ncols         21
nrows         20
xllcorner     100.000000
yllcorner     100.000000
cellsize      50.000000
NODATA_value  -9999.0
0.000000 0.000000 0.000000 0.000000 0.000000 0.000000 0.000000 0.000000 0.000000 0.000000 0.000000 0.000000 0.000000 0.000000 0.000000 0.000000 0.000000 0.000000 0.000000 0.000000 0.000000
0.000000 0.000000 0.300077 0.300077 0.300077 0.300078 0.300077 0.300077 0.300077 0.300077 0.300079 0.300077 0.300077 0.300077 0.300077 0.300078 0.300077 0.300077 0.300077 0.000000 0.000000
0.000000 0.000000 0.300012 0.300013 0.300013 0.300012 0.300013 0.300012 0.300012 0.300012 0.300011 0.300012 0.300012 0.300012 0.300013 0.300012 0.300013 0.300013 0.300012 0.000000 0.000000
0.000000 0.000000 0.298309 0.298310 0.298314 0.298312 0.298309 0.298309 0.298309 0.298309 0.298309 0.298309 0.298309 0.298309 0.298309 0.298312 0.298314 0.298310 0.298309 0.000000 0.000000
0.000000 0.000000 0.291121 0.291123 0.291126 0.291126 0.291120 0.291122 0.291122 0.291119 0.291119 0.291119 0.291122 0.291122 0.291120 0.291126 0.291126 0.291123 0.291121 0.000000 0.000000
0.000000 0.000000 0.282367 0.282368 0.282371 0.282371 0.282366 0.282367 0.282367 0.282365 0.282365 0.282365 0.282367 0.282367 0.282366 0.282371 0.282371 0.282368 0.282367 0.000000 0.000000
0.000000 0.000000 0.274212 0.274213 0.274216 0.274215 0.274212 0.274213 0.274213 0.274211 0.274211 0.274211 0.274213 0.274213 0.274212 0.274215 0.274216 0.274213 0.274212 0.000000 0.000000
0.000000 0.000000 0.266752 0.266753 0.266755 0.266755 0.266751 0.266753 0.266753 0.266751 0.266751 0.266751 0.266753 0.266753 0.266751 0.266755 0.266755 0.266753 0.266752 0.000000 0.000000
0.000000 0.000000 0.259806 0.259807 0.259809 0.259808 0.259805 0.259806 0.259806 0.259805 0.259804 0.259805 0.259806 0.259806 0.259805 0.259808 0.259809 0.259807 0.259806 0.000000 0.000000
0.000000 0.000000 0.253214 0.253215 0.253217 0.253216 0.253213 0.253214 0.253214 0.253213 0.253212 0.253213 0.253214 0.253214 0.253213 0.253216 0.253217 0.253215 0.253214 0.000000 0.000000
0.000000 0.000000 0.246897 0.246898 0.246900 0.246899 0.246896 0.246897 0.246897 0.246896 0.246896 0.246896 0.246897 0.246897 0.246896 0.246899 0.246900 0.246898 0.246897 0.000000 0.000000
0.000000 0.000000 0.240797 0.240797 0.240800 0.240799 0.240796 0.240797 0.240797 0.240796 0.240795 0.240796 0.240797 0.240797 0.240796 0.240799 0.240800 0.240797 0.240797 0.000000 0.000000
0.000000 0.000000 0.234869 0.234870 0.234872 0.234871 0.234869 0.234870 0.234869 0.234868 0.234868 0.234868 0.234869 0.234870 0.234869 0.234871 0.234872 0.234870 0.234869 0.000000 0.000000
0.000000 0.000000 0.229085 0.229085 0.229088 0.229087 0.229084 0.229085 0.229085 0.229084 0.229083 0.229084 0.229085 0.229085 0.229084 0.229087 0.229088 0.229085 0.229085 0.000000 0.000000
0.000000 0.000000 0.223425 0.223426 0.223428 0.223427 0.223425 0.223426 0.223426 0.223425 0.223424 0.223425 0.223426 0.223426 0.223425 0.223427 0.223428 0.223426 0.223425 0.000000 0.000000
0.000000 0.000000 0.217880 0.217880 0.217882 0.217881 0.217879 0.217880 0.217880 0.217879 0.217878 0.217879 0.217880 0.217880 0.217879 0.217881 0.217882 0.217880 0.217880 0.000000 0.000000
0.000000 0.000000 0.212442 0.212442 0.212445 0.212444 0.212441 0.212442 0.212442 0.212441 0.212441 0.212441 0.212442 0.212442 0.212441 0.212444 0.212445 0.212442 0.212442 0.000000 0.000000
0.000000 0.000000 0.207031 0.207030 0.207033 0.207032 0.207029 0.207030 0.207030 0.207029 0.207029 0.207029 0.207030 0.207030 0.207029 0.207032 0.207033 0.207030 0.207030 0.000000 0.000000
0.000000 0.000000 0.300000 0.300000 0.300000 0.300000 0.300000 0.300000 0.300000 0.300000 0.300000 0.300000 0.300000 0.300000 0.300000 0.300000 0.300000 0.300000 0.300000 0.000000 0.000000
0.000000 0.000000 0.000000 0.000000 0.000000 0.000000 0.000000 0.000000 0.000000 0.000000 0.000000 0.000000 0.000000 0.000000 0.000000 0.000000 0.000000 0.000000 0.000000 0.000000 0.000000