geotop/1.0zi/1.0Montebello/Templates/testdem/maps/_Eocsilt4912.asc
ncols         21
nrows         20
xllcorner     100.000000
yllcorner     100.000000
cellsize      50.000000
NODATA_value  -9999.0
0.000000 0.000000 0.000000 0.000000 0.000000 0.000000 0.000000 0.000000 0.000000 0.000000 0.000000 0.000000 0.000000 0.000000 0.000000 0.000000 0.000000 0.000000 0.000000 0.000000 0.000000
0.000000 0.000000 0.350100 0.350100 0.350100 0.350100 0.350100 0.350100 0.350100 0.350100 0.350100 0.350100 0.350100 0.350100 0.350100 0.350100 0.350100 0.350100 0.350100 0.000000 0.000000
0.000000 0.000000 0.350002 0.350003 0.350003 0.350003 0.350004 0.350004 0.350004 0.350004 0.350004 0.350003 0.350004 0.350003 0.350003 0.350003 0.350002 0.350002 0.350002 0.000000 0.000000
0.000000 0.000000 0.350037 0.350036 0.350036 0.350031 0.350032 0.350030 0.350032 0.350033 0.350032 0.350032 0.350032 0.350031 0.350032 0.350035 0.350035 0.350037 0.350036 0.000000 0.000000
0.000000 0.000000 0.350427 0.350430 0.350430 0.350425 0.350423 0.350419 0.350418 0.350415 0.350414 0.350416 0.350416 0.350417 0.350421 0.350422 0.350423 0.350430 0.350434 0.000000 0.000000
0.000000 0.000000 0.351687 0.351689 0.351685 0.351673 0.351667 0.351651 0.351649 0.351644 0.351648 0.351651 0.351655 0.351653 0.351659 0.351664 0.351671 0.351673 0.351677 0.000000 0.000000
0.000000 0.000000 0.353621 0.353620 0.353614 0.353599 0.353581 0.353563 0.353564 0.353562 0.353565 0.353563 0.353561 0.353566 0.353579 0.353594 0.353600 0.353607 0.353614 0.000000 0.000000
0.000000 0.000000 0.355898 0.355895 0.355894 0.355880 0.355862 0.355843 0.355845 0.355842 0.355842 0.355841 0.355840 0.355841 0.355859 0.355878 0.355888 0.355891 0.355897 0.000000 0.000000
0.000000 0.000000 0.358267 0.358262 0.358256 0.358244 0.358227 0.358203 0.358205 0.358201 0.358201 0.358201 0.358200 0.358202 0.358221 0.358241 0.358249 0.358255 0.358264 0.000000 0.000000
0.000000 0.000000 0.360620 0.360616 0.360612 0.360601 0.360581 0.360561 0.360563 0.360560 0.360560 0.360560 0.360558 0.360558 0.360579 0.360598 0.360606 0.360610 0.360617 0.000000 0.000000
0.000000 0.000000 0.363005 0.363000 0.362997 0.362986 0.362971 0.362946 0.362949 0.362944 0.362944 0.362945 0.362943 0.362943 0.362961 0.362976 0.362986 0.362991 0.362999 0.000000 0.000000
0.000000 0.000000 0.365480 0.365476 0.365470 0.365456 0.365440 0.365416 0.365415 0.365413 0.365413 0.365412 0.365411 0.365411 0.365434 0.365452 0.365461 0.365466 0.365490 0.000000 0.000000
0.000000 0.000000 0.367998 0.367993 0.367987 0.367976 0.367956 0.367905 0.367906 0.367902 0.367901 0.367901 0.367899 0.367901 0.367945 0.367966 0.367975 0.367980 0.367995 0.000000 0.000000
0.000000 0.000000 0.370679 0.370670 0.370665 0.370654 0.370600 0.370587 0.370579 0.370576 0.370576 0.370576 0.370573 0.370574 0.370589 0.370641 0.370651 0.370662 0.370671 0.000000 0.000000
0.000000 0.000000 0.373584 0.373577 0.373562 0.373514 0.373489 0.373457 0.373442 0.373437 0.373429 0.373428 0.373431 0.373427 0.373452 0.373487 0.373545 0.373543 0.373551 0.000000 0.000000
0.000000 0.000000 0.376604 0.376596 0.376537 0.376528 0.376512 0.376496 0.376495 0.376494 0.376497 0.376496 0.376489 0.376501 0.376509 0.376523 0.376521 0.376587 0.376602 0.000000 0.000000
0.000000 0.000000 0.379992 0.379912 0.379866 0.379843 0.379800 0.379778 0.379774 0.379771 0.379762 0.379762 0.379764 0.379758 0.379776 0.379822 0.379853 0.379881 0.379960 0.000000 0.000000
0.000000 0.000000 0.382588 0.382575 0.382628 0.382599 0.382564 0.382486 0.382480 0.382473 0.382477 0.382475 0.382471 0.382478 0.382550 0.382586 0.382629 0.382562 0.382587 0.000000 0.000000
0.000000 0.000000 0.350000 0.350000 0.350000 0.350000 0.350000 0.350000 0.350000 0.350000 0.350000 0.350000 0.350000 0.350000 0.350000 0.350000 0.350000 0.350000 0.350000 0.000000 0.000000
0.000000 0.000000 0.000000 0.000000 0.000000 0.000000 0.000000 0.000000 0.000000 0.000000 0.000000 0.000000 0.000000 0.000000 0.000000 0.000000 0.000000 0.000000 0.000000 0.000000 0.000000