geotop/1.0zi/1.0Montebello/Templates/testdem/maps/_Eocsilt1465.asc
ncols         21
nrows         20
xllcorner     100.000000
yllcorner     100.000000
cellsize      50.000000
NODATA_value  -9999.0
0.000000 0.000000 0.000000 0.000000 0.000000 0.000000 0.000000 0.000000 0.000000 0.000000 0.000000 0.000000 0.000000 0.000000 0.000000 0.000000 0.000000 0.000000 0.000000 0.000000 0.000000
0.000000 0.000000 0.350030 0.350030 0.350030 0.350030 0.350030 0.350030 0.350030 0.350030 0.350030 0.350030 0.350030 0.350030 0.350030 0.350030 0.350030 0.350030 0.350030 0.000000 0.000000
0.000000 0.000000 0.349999 0.349999 0.349999 0.350000 0.349999 0.349999 0.349999 0.349999 0.349999 0.349999 0.349999 0.349999 0.349999 0.350000 0.349999 0.349999 0.349999 0.000000 0.000000
0.000000 0.000000 0.350606 0.350606 0.350603 0.350604 0.350606 0.350606 0.350606 0.350606 0.350606 0.350606 0.350606 0.350606 0.350606 0.350604 0.350603 0.350606 0.350606 0.000000 0.000000
0.000000 0.000000 0.352625 0.352624 0.352622 0.352622 0.352625 0.352624 0.352624 0.352625 0.352625 0.352625 0.352624 0.352624 0.352625 0.352622 0.352622 0.352624 0.352625 0.000000 0.000000
0.000000 0.000000 0.355116 0.355116 0.355114 0.355114 0.355117 0.355116 0.355116 0.355117 0.355117 0.355117 0.355116 0.355116 0.355117 0.355114 0.355114 0.355116 0.355116 0.000000 0.000000
0.000000 0.000000 0.357408 0.357407 0.357405 0.357406 0.357408 0.357407 0.357407 0.357408 0.357408 0.357408 0.357407 0.357407 0.357408 0.357406 0.357405 0.357407 0.357408 0.000000 0.000000
0.000000 0.000000 0.359511 0.359511 0.359509 0.359510 0.359512 0.359511 0.359511 0.359512 0.359512 0.359512 0.359511 0.359511 0.359512 0.359510 0.359509 0.359511 0.359511 0.000000 0.000000
0.000000 0.000000 0.361482 0.361482 0.361480 0.361481 0.361482 0.361482 0.361482 0.361482 0.361482 0.361482 0.361482 0.361482 0.361482 0.361481 0.361480 0.361482 0.361482 0.000000 0.000000
0.000000 0.000000 0.363369 0.363369 0.363368 0.363368 0.363370 0.363369 0.363369 0.363370 0.363370 0.363370 0.363369 0.363369 0.363370 0.363368 0.363368 0.363369 0.363369 0.000000 0.000000
0.000000 0.000000 0.365192 0.365192 0.365191 0.365191 0.365193 0.365192 0.365192 0.365193 0.365193 0.365193 0.365192 0.365192 0.365193 0.365191 0.365191 0.365192 0.365192 0.000000 0.000000
0.000000 0.000000 0.366969 0.366969 0.366967 0.366968 0.366969 0.366969 0.366969 0.366969 0.366969 0.366969 0.366969 0.366969 0.366969 0.366968 0.366967 0.366969 0.366969 0.000000 0.000000
0.000000 0.000000 0.368714 0.368714 0.368712 0.368713 0.368714 0.368714 0.368714 0.368714 0.368714 0.368714 0.368714 0.368714 0.368714 0.368713 0.368712 0.368714 0.368714 0.000000 0.000000
0.000000 0.000000 0.370427 0.370427 0.370425 0.370426 0.370427 0.370427 0.370427 0.370427 0.370427 0.370427 0.370427 0.370427 0.370427 0.370426 0.370425 0.370427 0.370427 0.000000 0.000000
0.000000 0.000000 0.372116 0.372116 0.372114 0.372115 0.372116 0.372116 0.372116 0.372116 0.372116 0.372116 0.372116 0.372116 0.372116 0.372115 0.372114 0.372116 0.372116 0.000000 0.000000
0.000000 0.000000 0.373787 0.373787 0.373786 0.373786 0.373788 0.373787 0.373787 0.373788 0.373788 0.373788 0.373787 0.373787 0.373788 0.373786 0.373786 0.373787 0.373787 0.000000 0.000000
0.000000 0.000000 0.375441 0.375441 0.375439 0.375440 0.375441 0.375441 0.375441 0.375441 0.375441 0.375441 0.375441 0.375441 0.375441 0.375440 0.375439 0.375441 0.375441 0.000000 0.000000
0.000000 0.000000 0.377115 0.377115 0.377114 0.377114 0.377116 0.377115 0.377115 0.377116 0.377116 0.377116 0.377115 0.377115 0.377116 0.377114 0.377114 0.377115 0.377116 0.000000 0.000000
0.000000 0.000000 0.350000 0.350000 0.350000 0.350000 0.350000 0.350000 0.350000 0.350000 0.350000 0.350000 0.350000 0.350000 0.350000 0.350000 0.350000 0.350000 0.350000 0.000000 0.000000
0.000000 0.000000 0.000000 0.000000 0.000000 0.000000 0.000000 0.000000 0.000000 0.000000 0.000000 0.000000 0.000000 0.000000 0.000000 0.000000 0.000000 0.000000 0.000000 0.000000 0.000000