geotop/1.0zi/1.0Montebello/Templates/testdem/maps/_Eocsand8612.asc
ncols         21
nrows         20
xllcorner     100.000000
yllcorner     100.000000
cellsize      50.000000
NODATA_value  -9999.0
0.000000 0.000000 0.000000 0.000000 0.000000 0.000000 0.000000 0.000000 0.000000 0.000000 0.000000 0.000000 0.000000 0.000000 0.000000 0.000000 0.000000 0.000000 0.000000 0.000000 0.000000
0.000000 0.000000 0.300217 0.300214 0.300214 0.300215 0.300214 0.300213 0.300214 0.300214 0.300214 0.300214 0.300214 0.300214 0.300214 0.300214 0.300215 0.300215 0.300215 0.000000 0.000000
0.000000 0.000000 0.300012 0.300013 0.300013 0.300011 0.300012 0.300013 0.300012 0.300012 0.300012 0.300013 0.300012 0.300012 0.300012 0.300012 0.300013 0.300013 0.300014 0.000000 0.000000
0.000000 0.000000 0.299893 0.299892 0.299898 0.299907 0.299902 0.299910 0.299905 0.299907 0.299908 0.299907 0.299908 0.299909 0.299903 0.299898 0.299896 0.299893 0.299894 0.000000 0.000000
0.000000 0.000000 0.297855 0.297856 0.297869 0.297887 0.297914 0.297921 0.297926 0.297927 0.297929 0.297925 0.297923 0.297921 0.297900 0.297894 0.297880 0.297868 0.297857 0.000000 0.000000
0.000000 0.000000 0.291830 0.291836 0.291863 0.291913 0.291952 0.291998 0.291998 0.292012 0.292002 0.292001 0.291993 0.291996 0.291970 0.291937 0.291907 0.291887 0.291874 0.000000 0.000000
0.000000 0.000000 0.283378 0.283393 0.283412 0.283468 0.283539 0.283618 0.283617 0.283626 0.283625 0.283623 0.283625 0.283620 0.283551 0.283492 0.283457 0.283428 0.283413 0.000000 0.000000
0.000000 0.000000 0.273368 0.273378 0.273394 0.273459 0.273524 0.273611 0.273610 0.273623 0.273623 0.273627 0.273632 0.273615 0.273541 0.273485 0.273429 0.273414 0.273387 0.000000 0.000000
0.000000 0.000000 0.262584 0.262608 0.262638 0.262680 0.262756 0.262849 0.262842 0.262863 0.262867 0.262870 0.262867 0.262870 0.262778 0.262705 0.262661 0.262639 0.262617 0.000000 0.000000
0.000000 0.000000 0.251065 0.251092 0.251109 0.251151 0.251258 0.251342 0.251342 0.251352 0.251365 0.251355 0.251343 0.251348 0.251271 0.251184 0.251132 0.251114 0.251098 0.000000 0.000000
0.000000 0.000000 0.238415 0.238431 0.238450 0.238549 0.238619 0.238726 0.238698 0.238760 0.238746 0.238751 0.238770 0.238735 0.238658 0.238607 0.238536 0.238501 0.238453 0.000000 0.000000
0.000000 0.000000 0.224205 0.224251 0.224295 0.224349 0.224442 0.224566 0.224579 0.224588 0.224560 0.224605 0.224586 0.224584 0.224448 0.224376 0.224332 0.224303 0.224190 0.000000 0.000000
0.000000 0.000000 0.208656 0.208703 0.208709 0.208808 0.208881 0.209233 0.209240 0.209256 0.209356 0.209296 0.209281 0.209249 0.208976 0.208911 0.208774 0.208764 0.208710 0.000000 0.000000
0.000000 0.000000 0.190133 0.190147 0.190224 0.190288 0.190751 0.190690 0.190781 0.190780 0.190741 0.190778 0.190786 0.190820 0.190878 0.190392 0.190332 0.190204 0.190120 0.000000 0.000000
0.000000 0.000000 0.168106 0.168158 0.168252 0.168852 0.168763 0.169069 0.169195 0.169225 0.169332 0.169395 0.169327 0.169338 0.169037 0.169101 0.168309 0.168447 0.168442 0.000000 0.000000
0.000000 0.000000 0.144177 0.144221 0.145080 0.144789 0.144877 0.144927 0.144587 0.144689 0.144505 0.144556 0.144702 0.144491 0.144501 0.144439 0.145156 0.143888 0.143906 0.000000 0.000000
0.000000 0.000000 0.115334 0.116621 0.116265 0.116790 0.117435 0.117631 0.118018 0.117928 0.118329 0.118283 0.118049 0.118290 0.117948 0.117473 0.116310 0.117141 0.115803 0.000000 0.000000
0.000000 0.000000 0.106475 0.105299 0.104311 0.104298 0.104223 0.105195 0.105010 0.105300 0.104810 0.104905 0.104987 0.104821 0.104017 0.104074 0.104127 0.104866 0.106027 0.000000 0.000000
0.000000 0.000000 0.300000 0.300000 0.300000 0.300000 0.300000 0.300000 0.300000 0.300000 0.300000 0.300000 0.300000 0.300000 0.300000 0.300000 0.300000 0.300000 0.300000 0.000000 0.000000
0.000000 0.000000 0.000000 0.000000 0.000000 0.000000 0.000000 0.000000 0.000000 0.000000 0.000000 0.000000 0.000000 0.000000 0.000000 0.000000 0.000000 0.000000 0.000000 0.000000 0.000000