geotop/1.0zi/1.0Montebello/Templates/testdem/maps/_Eocsand5984.asc
ncols         21
nrows         20
xllcorner     100.000000
yllcorner     100.000000
cellsize      50.000000
NODATA_value  -9999.0
0.000000 0.000000 0.000000 0.000000 0.000000 0.000000 0.000000 0.000000 0.000000 0.000000 0.000000 0.000000 0.000000 0.000000 0.000000 0.000000 0.000000 0.000000 0.000000 0.000000 0.000000
0.000000 0.000000 0.300149 0.300149 0.300148 0.300148 0.300148 0.300148 0.300148 0.300148 0.300148 0.300148 0.300148 0.300149 0.300148 0.300148 0.300148 0.300149 0.300149 0.000000 0.000000
0.000000 0.000000 0.300009 0.300008 0.300008 0.300008 0.300008 0.300008 0.300008 0.300008 0.300008 0.300008 0.300007 0.300007 0.300008 0.300008 0.300009 0.300010 0.300009 0.000000 0.000000
0.000000 0.000000 0.299969 0.299968 0.299972 0.299975 0.299973 0.299974 0.299972 0.299974 0.299973 0.299975 0.299974 0.299976 0.299972 0.299967 0.299968 0.299965 0.299967 0.000000 0.000000
0.000000 0.000000 0.298941 0.298939 0.298941 0.298949 0.298963 0.298972 0.298972 0.298973 0.298976 0.298975 0.298977 0.298975 0.298965 0.298963 0.298958 0.298947 0.298938 0.000000 0.000000
0.000000 0.000000 0.295674 0.295670 0.295683 0.295717 0.295735 0.295769 0.295770 0.295779 0.295772 0.295769 0.295765 0.295769 0.295757 0.295737 0.295720 0.295705 0.295695 0.000000 0.000000
0.000000 0.000000 0.290812 0.290817 0.290827 0.290863 0.290906 0.290957 0.290956 0.290963 0.290959 0.290957 0.290959 0.290957 0.290919 0.290878 0.290860 0.290841 0.290826 0.000000 0.000000
0.000000 0.000000 0.284904 0.284905 0.284909 0.284948 0.284990 0.285046 0.285045 0.285051 0.285051 0.285052 0.285055 0.285048 0.285005 0.284965 0.284934 0.284925 0.284906 0.000000 0.000000
0.000000 0.000000 0.278788 0.278797 0.278813 0.278836 0.278878 0.278938 0.278935 0.278945 0.278950 0.278948 0.278947 0.278952 0.278897 0.278854 0.278825 0.278816 0.278798 0.000000 0.000000
0.000000 0.000000 0.272600 0.272610 0.272617 0.272635 0.272695 0.272747 0.272743 0.272750 0.272758 0.272750 0.272743 0.272749 0.272706 0.272656 0.272627 0.272622 0.272609 0.000000 0.000000
0.000000 0.000000 0.266186 0.266192 0.266196 0.266240 0.266281 0.266340 0.266328 0.266356 0.266355 0.266353 0.266360 0.266345 0.266309 0.266276 0.266244 0.266225 0.266199 0.000000 0.000000
0.000000 0.000000 0.259425 0.259440 0.259459 0.259490 0.259526 0.259597 0.259595 0.259611 0.259593 0.259611 0.259607 0.259602 0.259538 0.259507 0.259484 0.259474 0.259407 0.000000 0.000000
0.000000 0.000000 0.252453 0.252466 0.252474 0.252509 0.252543 0.252689 0.252689 0.252702 0.252733 0.252716 0.252705 0.252694 0.252586 0.252557 0.252505 0.252499 0.252452 0.000000 0.000000
0.000000 0.000000 0.244840 0.244849 0.244870 0.244893 0.245039 0.245072 0.245105 0.245106 0.245116 0.245112 0.245111 0.245116 0.245100 0.244954 0.244911 0.244874 0.244826 0.000000 0.000000
0.000000 0.000000 0.236412 0.236424 0.236458 0.236610 0.236653 0.236739 0.236794 0.236804 0.236831 0.236848 0.236830 0.236842 0.236776 0.236710 0.236494 0.236512 0.236484 0.000000 0.000000
0.000000 0.000000 0.227453 0.227464 0.227667 0.227695 0.227706 0.227758 0.227715 0.227739 0.227720 0.227741 0.227766 0.227724 0.227693 0.227674 0.227699 0.227439 0.227433 0.000000 0.000000
0.000000 0.000000 0.217106 0.217386 0.217471 0.217551 0.217684 0.217749 0.217775 0.217777 0.217838 0.217845 0.217818 0.217831 0.217756 0.217655 0.217493 0.217451 0.217167 0.000000 0.000000
0.000000 0.000000 0.209740 0.209706 0.209453 0.209516 0.209612 0.209869 0.209873 0.209931 0.209887 0.209903 0.209887 0.209879 0.209645 0.209575 0.209414 0.209674 0.209692 0.000000 0.000000
0.000000 0.000000 0.300000 0.300000 0.300000 0.300000 0.300000 0.300000 0.300000 0.300000 0.300000 0.300000 0.300000 0.300000 0.300000 0.300000 0.300000 0.300000 0.300000 0.000000 0.000000
0.000000 0.000000 0.000000 0.000000 0.000000 0.000000 0.000000 0.000000 0.000000 0.000000 0.000000 0.000000 0.000000 0.000000 0.000000 0.000000 0.000000 0.000000 0.000000 0.000000 0.000000