geotop/1.0zi/1.0Montebello/Templates/testdem/maps/_Eocsilt5864.asc
ncols         21
nrows         20
xllcorner     100.000000
yllcorner     100.000000
cellsize      50.000000
NODATA_value  -9999.0
0.000000 0.000000 0.000000 0.000000 0.000000 0.000000 0.000000 0.000000 0.000000 0.000000 0.000000 0.000000 0.000000 0.000000 0.000000 0.000000 0.000000 0.000000 0.000000 0.000000 0.000000
0.000000 0.000000 0.350117 0.350117 0.350118 0.350118 0.350117 0.350118 0.350118 0.350118 0.350118 0.350118 0.350117 0.350118 0.350117 0.350118 0.350118 0.350118 0.350117 0.000000 0.000000
0.000000 0.000000 0.350002 0.350002 0.350002 0.350003 0.350003 0.350003 0.350003 0.350003 0.350003 0.350003 0.350004 0.350003 0.350003 0.350003 0.350001 0.350001 0.350002 0.000000 0.000000
0.000000 0.000000 0.350046 0.350045 0.350044 0.350039 0.350040 0.350038 0.350040 0.350041 0.350040 0.350039 0.350039 0.350039 0.350041 0.350044 0.350045 0.350047 0.350046 0.000000 0.000000
0.000000 0.000000 0.350528 0.350531 0.350530 0.350526 0.350523 0.350518 0.350517 0.350515 0.350513 0.350514 0.350516 0.350517 0.350523 0.350525 0.350524 0.350533 0.350536 0.000000 0.000000
0.000000 0.000000 0.352050 0.352053 0.352048 0.352034 0.352023 0.352005 0.352004 0.352000 0.352004 0.352006 0.352007 0.352003 0.352010 0.352017 0.352027 0.352031 0.352036 0.000000 0.000000
0.000000 0.000000 0.354377 0.354374 0.354368 0.354350 0.354328 0.354305 0.354307 0.354304 0.354307 0.354307 0.354304 0.354307 0.354324 0.354342 0.354350 0.354360 0.354366 0.000000 0.000000
0.000000 0.000000 0.357211 0.357212 0.357211 0.357193 0.357172 0.357146 0.357147 0.357144 0.357143 0.357143 0.357142 0.357144 0.357164 0.357184 0.357200 0.357203 0.357212 0.000000 0.000000
0.000000 0.000000 0.360188 0.360183 0.360175 0.360164 0.360143 0.360113 0.360114 0.360109 0.360107 0.360108 0.360109 0.360106 0.360133 0.360155 0.360169 0.360174 0.360183 0.000000 0.000000
0.000000 0.000000 0.363178 0.363173 0.363170 0.363162 0.363133 0.363107 0.363109 0.363106 0.363102 0.363106 0.363109 0.363106 0.363127 0.363151 0.363165 0.363167 0.363173 0.000000 0.000000
0.000000 0.000000 0.366251 0.366248 0.366247 0.366225 0.366206 0.366177 0.366183 0.366170 0.366170 0.366172 0.366168 0.366175 0.366192 0.366208 0.366223 0.366232 0.366244 0.000000 0.000000
0.000000 0.000000 0.369485 0.369477 0.369469 0.369454 0.369437 0.369402 0.369404 0.369396 0.369405 0.369397 0.369398 0.369401 0.369431 0.369445 0.369456 0.369461 0.369493 0.000000 0.000000
0.000000 0.000000 0.372807 0.372801 0.372798 0.372781 0.372765 0.372696 0.372695 0.372690 0.372675 0.372683 0.372688 0.372693 0.372744 0.372757 0.372782 0.372784 0.372807 0.000000 0.000000
0.000000 0.000000 0.376422 0.376418 0.376408 0.376398 0.376330 0.376313 0.376298 0.376297 0.376292 0.376294 0.376295 0.376292 0.376300 0.376367 0.376388 0.376405 0.376428 0.000000 0.000000
0.000000 0.000000 0.380410 0.380405 0.380390 0.380319 0.380297 0.380257 0.380231 0.380227 0.380214 0.380206 0.380214 0.380208 0.380238 0.380270 0.380371 0.380363 0.380376 0.000000 0.000000
0.000000 0.000000 0.384639 0.384634 0.384541 0.384526 0.384521 0.384495 0.384514 0.384503 0.384511 0.384501 0.384490 0.384508 0.384524 0.384533 0.384524 0.384643 0.384646 0.000000 0.000000
0.000000 0.000000 0.389495 0.389367 0.389326 0.389288 0.389227 0.389197 0.389185 0.389184 0.389157 0.389153 0.389165 0.389159 0.389194 0.389240 0.389313 0.389337 0.389466 0.000000 0.000000
0.000000 0.000000 0.393001 0.393011 0.393125 0.393095 0.393048 0.392929 0.392927 0.392901 0.392920 0.392913 0.392920 0.392922 0.393031 0.393064 0.393141 0.393023 0.393021 0.000000 0.000000
0.000000 0.000000 0.350000 0.350000 0.350000 0.350000 0.350000 0.350000 0.350000 0.350000 0.350000 0.350000 0.350000 0.350000 0.350000 0.350000 0.350000 0.350000 0.350000 0.000000 0.000000
0.000000 0.000000 0.000000 0.000000 0.000000 0.000000 0.000000 0.000000 0.000000 0.000000 0.000000 0.000000 0.000000 0.000000 0.000000 0.000000 0.000000 0.000000 0.000000 0.000000 0.000000