geotop/1.0zi/1.0Montebello/Templates/testdem/maps/_Eocsand1121.asc
ncols         21
nrows         20
xllcorner     100.000000
yllcorner     100.000000
cellsize      50.000000
NODATA_value  -9999.0
0.000000 0.000000 0.000000 0.000000 0.000000 0.000000 0.000000 0.000000 0.000000 0.000000 0.000000 0.000000 0.000000 0.000000 0.000000 0.000000 0.000000 0.000000 0.000000 0.000000 0.000000
0.000000 0.000000 0.300036 0.300036 0.300036 0.300036 0.300036 0.300036 0.300036 0.300036 0.300036 0.300036 0.300036 0.300036 0.300036 0.300036 0.300036 0.300036 0.300036 0.000000 0.000000
0.000000 0.000000 0.300004 0.300004 0.300005 0.300004 0.300004 0.300004 0.300004 0.300004 0.300004 0.300004 0.300004 0.300004 0.300004 0.300004 0.300005 0.300004 0.300004 0.000000 0.000000
0.000000 0.000000 0.299095 0.299096 0.299101 0.299099 0.299095 0.299096 0.299096 0.299095 0.299095 0.299095 0.299096 0.299096 0.299095 0.299099 0.299101 0.299096 0.299095 0.000000 0.000000
0.000000 0.000000 0.295872 0.295873 0.295878 0.295878 0.295871 0.295873 0.295873 0.295871 0.295871 0.295871 0.295873 0.295873 0.295871 0.295878 0.295878 0.295873 0.295872 0.000000 0.000000
0.000000 0.000000 0.292122 0.292123 0.292127 0.292127 0.292122 0.292123 0.292123 0.292122 0.292122 0.292122 0.292123 0.292123 0.292122 0.292127 0.292127 0.292123 0.292122 0.000000 0.000000
0.000000 0.000000 0.288604 0.288605 0.288608 0.288607 0.288603 0.288604 0.288604 0.288603 0.288603 0.288603 0.288604 0.288604 0.288603 0.288607 0.288608 0.288605 0.288604 0.000000 0.000000
0.000000 0.000000 0.285358 0.285359 0.285362 0.285361 0.285358 0.285359 0.285359 0.285358 0.285358 0.285358 0.285359 0.285359 0.285358 0.285361 0.285362 0.285359 0.285358 0.000000 0.000000
0.000000 0.000000 0.282313 0.282313 0.282316 0.282316 0.282313 0.282313 0.282313 0.282312 0.282313 0.282312 0.282313 0.282313 0.282313 0.282316 0.282316 0.282313 0.282313 0.000000 0.000000
0.000000 0.000000 0.279391 0.279391 0.279394 0.279393 0.279391 0.279391 0.279391 0.279390 0.279390 0.279390 0.279391 0.279391 0.279391 0.279393 0.279394 0.279391 0.279391 0.000000 0.000000
0.000000 0.000000 0.276564 0.276564 0.276567 0.276566 0.276563 0.276564 0.276564 0.276563 0.276563 0.276563 0.276564 0.276564 0.276563 0.276566 0.276567 0.276564 0.276564 0.000000 0.000000
0.000000 0.000000 0.273801 0.273802 0.273804 0.273804 0.273801 0.273801 0.273801 0.273801 0.273801 0.273801 0.273801 0.273801 0.273801 0.273804 0.273804 0.273802 0.273801 0.000000 0.000000
0.000000 0.000000 0.271084 0.271084 0.271087 0.271086 0.271084 0.271084 0.271084 0.271083 0.271083 0.271083 0.271084 0.271084 0.271084 0.271086 0.271087 0.271084 0.271084 0.000000 0.000000
0.000000 0.000000 0.268413 0.268414 0.268416 0.268415 0.268413 0.268413 0.268413 0.268413 0.268413 0.268413 0.268413 0.268413 0.268413 0.268415 0.268416 0.268414 0.268413 0.000000 0.000000
0.000000 0.000000 0.265769 0.265770 0.265773 0.265772 0.265769 0.265770 0.265770 0.265769 0.265769 0.265769 0.265770 0.265770 0.265769 0.265772 0.265773 0.265770 0.265769 0.000000 0.000000
0.000000 0.000000 0.263142 0.263143 0.263145 0.263144 0.263142 0.263142 0.263142 0.263142 0.263142 0.263142 0.263142 0.263142 0.263142 0.263144 0.263145 0.263143 0.263142 0.000000 0.000000
0.000000 0.000000 0.260542 0.260542 0.260545 0.260544 0.260542 0.260542 0.260542 0.260541 0.260542 0.260541 0.260542 0.260542 0.260542 0.260544 0.260545 0.260542 0.260542 0.000000 0.000000
0.000000 0.000000 0.257894 0.257894 0.257897 0.257896 0.257894 0.257894 0.257894 0.257894 0.257894 0.257894 0.257894 0.257894 0.257894 0.257896 0.257897 0.257894 0.257894 0.000000 0.000000
0.000000 0.000000 0.300000 0.300000 0.300000 0.300000 0.300000 0.300000 0.300000 0.300000 0.300000 0.300000 0.300000 0.300000 0.300000 0.300000 0.300000 0.300000 0.300000 0.000000 0.000000
0.000000 0.000000 0.000000 0.000000 0.000000 0.000000 0.000000 0.000000 0.000000 0.000000 0.000000 0.000000 0.000000 0.000000 0.000000 0.000000 0.000000 0.000000 0.000000 0.000000 0.000000