geotop/1.0zi/1.0Montebello/Templates/testdem/maps/_Eocclay7447.asc
ncols         21
nrows         20
xllcorner     100.000000
yllcorner     100.000000
cellsize      50.000000
NODATA_value  -9999.0
0.000000 0.000000 0.000000 0.000000 0.000000 0.000000 0.000000 0.000000 0.000000 0.000000 0.000000 0.000000 0.000000 0.000000 0.000000 0.000000 0.000000 0.000000 0.000000 0.000000 0.000000
0.000000 0.000000 0.349659 0.349661 0.349661 0.349660 0.349661 0.349661 0.349661 0.349661 0.349660 0.349661 0.349661 0.349661 0.349661 0.349661 0.349659 0.349659 0.349660 0.000000 0.000000
0.000000 0.000000 0.349986 0.349986 0.349986 0.349987 0.349986 0.349985 0.349986 0.349986 0.349985 0.349985 0.349986 0.349985 0.349986 0.349986 0.349987 0.349986 0.349984 0.000000 0.000000
0.000000 0.000000 0.350004 0.350009 0.350005 0.350005 0.350007 0.350004 0.350006 0.350004 0.350007 0.350005 0.350005 0.350003 0.350005 0.350007 0.350006 0.350010 0.350008 0.000000 0.000000
0.000000 0.000000 0.350951 0.350948 0.350944 0.350938 0.350923 0.350921 0.350918 0.350921 0.350918 0.350918 0.350915 0.350919 0.350928 0.350929 0.350937 0.350939 0.350946 0.000000 0.000000
0.000000 0.000000 0.353456 0.353455 0.353444 0.353417 0.353404 0.353382 0.353383 0.353377 0.353380 0.353379 0.353381 0.353382 0.353393 0.353411 0.353425 0.353439 0.353445 0.000000 0.000000
0.000000 0.000000 0.356932 0.356929 0.356921 0.356898 0.356869 0.356834 0.356832 0.356827 0.356828 0.356829 0.356829 0.356830 0.356861 0.356889 0.356904 0.356916 0.356924 0.000000 0.000000
0.000000 0.000000 0.361075 0.361073 0.361066 0.361038 0.361010 0.360972 0.360971 0.360968 0.360967 0.360964 0.360962 0.360970 0.361002 0.361027 0.361051 0.361059 0.361071 0.000000 0.000000
0.000000 0.000000 0.365418 0.365412 0.365399 0.365382 0.365353 0.365314 0.365316 0.365307 0.365304 0.365303 0.365303 0.365303 0.365341 0.365373 0.365391 0.365400 0.365410 0.000000 0.000000
0.000000 0.000000 0.369962 0.369953 0.369947 0.369931 0.369888 0.369853 0.369853 0.369849 0.369842 0.369845 0.369851 0.369848 0.369881 0.369917 0.369939 0.369947 0.369954 0.000000 0.000000
0.000000 0.000000 0.374845 0.374839 0.374831 0.374797 0.374766 0.374725 0.374734 0.374712 0.374714 0.374714 0.374706 0.374721 0.374750 0.374772 0.374800 0.374815 0.374834 0.000000 0.000000
0.000000 0.000000 0.380175 0.380161 0.380145 0.380121 0.380089 0.380039 0.380037 0.380029 0.380041 0.380023 0.380027 0.380031 0.380083 0.380109 0.380128 0.380139 0.380186 0.000000 0.000000
0.000000 0.000000 0.385856 0.385842 0.385835 0.385804 0.385775 0.385651 0.385649 0.385642 0.385610 0.385625 0.385633 0.385644 0.385740 0.385767 0.385814 0.385820 0.385846 0.000000 0.000000
0.000000 0.000000 0.392369 0.392363 0.392339 0.392316 0.392170 0.392167 0.392136 0.392136 0.392140 0.392133 0.392130 0.392125 0.392122 0.392274 0.392305 0.392345 0.392378 0.000000 0.000000
0.000000 0.000000 0.399912 0.399899 0.399867 0.399691 0.399685 0.399599 0.399552 0.399543 0.399513 0.399491 0.399509 0.399504 0.399588 0.399607 0.399843 0.399814 0.399824 0.000000 0.000000
0.000000 0.000000 0.408177 0.408164 0.407913 0.407949 0.407934 0.407897 0.407980 0.407950 0.407991 0.407968 0.407931 0.407993 0.408012 0.408026 0.407890 0.408238 0.408234 0.000000 0.000000
0.000000 0.000000 0.418418 0.418023 0.418044 0.417913 0.417714 0.417654 0.417570 0.417588 0.417480 0.417485 0.417542 0.417493 0.417591 0.417738 0.418029 0.417902 0.418309 0.000000 0.000000
0.000000 0.000000 0.423514 0.423812 0.424184 0.424156 0.424131 0.423784 0.423817 0.423724 0.423855 0.423825 0.423816 0.423856 0.424158 0.424175 0.424250 0.423927 0.423641 0.000000 0.000000
0.000000 0.000000 0.350000 0.350000 0.350000 0.350000 0.350000 0.350000 0.350000 0.350000 0.350000 0.350000 0.350000 0.350000 0.350000 0.350000 0.350000 0.350000 0.350000 0.000000 0.000000
0.000000 0.000000 0.000000 0.000000 0.000000 0.000000 0.000000 0.000000 0.000000 0.000000 0.000000 0.000000 0.000000 0.000000 0.000000 0.000000 0.000000 0.000000 0.000000 0.000000 0.000000