geotop/1.0zi/1.0Montebello/Templates/testdem/maps/_Eocsand3189.asc
ncols         21
nrows         20
xllcorner     100.000000
yllcorner     100.000000
cellsize      50.000000
NODATA_value  -9999.0
0.000000 0.000000 0.000000 0.000000 0.000000 0.000000 0.000000 0.000000 0.000000 0.000000 0.000000 0.000000 0.000000 0.000000 0.000000 0.000000 0.000000 0.000000 0.000000 0.000000 0.000000
0.000000 0.000000 0.300088 0.300088 0.300088 0.300088 0.300088 0.300088 0.300088 0.300088 0.300089 0.300088 0.300088 0.300088 0.300088 0.300088 0.300088 0.300088 0.300088 0.000000 0.000000
0.000000 0.000000 0.300011 0.300011 0.300011 0.300011 0.300011 0.300011 0.300011 0.300011 0.300009 0.300011 0.300011 0.300011 0.300011 0.300011 0.300011 0.300011 0.300011 0.000000 0.000000
0.000000 0.000000 0.297434 0.297435 0.297439 0.297437 0.297434 0.297434 0.297435 0.297434 0.297433 0.297434 0.297435 0.297434 0.297434 0.297437 0.297439 0.297435 0.297434 0.000000 0.000000
0.000000 0.000000 0.287834 0.287836 0.287840 0.287839 0.287834 0.287835 0.287835 0.287833 0.287832 0.287833 0.287835 0.287835 0.287834 0.287839 0.287840 0.287836 0.287834 0.000000 0.000000
0.000000 0.000000 0.276739 0.276740 0.276743 0.276743 0.276738 0.276740 0.276740 0.276738 0.276737 0.276738 0.276740 0.276740 0.276738 0.276743 0.276743 0.276740 0.276739 0.000000 0.000000
0.000000 0.000000 0.266538 0.266539 0.266542 0.266542 0.266538 0.266539 0.266539 0.266538 0.266537 0.266538 0.266539 0.266539 0.266538 0.266542 0.266542 0.266539 0.266538 0.000000 0.000000
0.000000 0.000000 0.257288 0.257289 0.257291 0.257291 0.257288 0.257289 0.257289 0.257287 0.257286 0.257287 0.257289 0.257289 0.257288 0.257291 0.257291 0.257289 0.257288 0.000000 0.000000
0.000000 0.000000 0.248739 0.248739 0.248742 0.248742 0.248739 0.248740 0.248739 0.248738 0.248737 0.248738 0.248739 0.248740 0.248739 0.248742 0.248742 0.248739 0.248739 0.000000 0.000000
0.000000 0.000000 0.240688 0.240688 0.240691 0.240690 0.240688 0.240689 0.240688 0.240687 0.240686 0.240687 0.240688 0.240689 0.240688 0.240690 0.240691 0.240688 0.240688 0.000000 0.000000
0.000000 0.000000 0.233035 0.233036 0.233038 0.233037 0.233035 0.233036 0.233036 0.233035 0.233034 0.233035 0.233036 0.233036 0.233035 0.233037 0.233038 0.233036 0.233035 0.000000 0.000000
0.000000 0.000000 0.225708 0.225708 0.225711 0.225710 0.225708 0.225708 0.225708 0.225707 0.225706 0.225707 0.225708 0.225708 0.225708 0.225710 0.225711 0.225708 0.225708 0.000000 0.000000
0.000000 0.000000 0.218653 0.218654 0.218656 0.218655 0.218653 0.218654 0.218654 0.218653 0.218652 0.218653 0.218654 0.218654 0.218653 0.218655 0.218656 0.218654 0.218653 0.000000 0.000000
0.000000 0.000000 0.211811 0.211811 0.211814 0.211813 0.211810 0.211811 0.211811 0.211810 0.211809 0.211810 0.211811 0.211811 0.211810 0.211813 0.211814 0.211811 0.211811 0.000000 0.000000
0.000000 0.000000 0.205166 0.205167 0.205169 0.205168 0.205166 0.205167 0.205167 0.205166 0.205165 0.205166 0.205167 0.205167 0.205166 0.205168 0.205169 0.205167 0.205166 0.000000 0.000000
0.000000 0.000000 0.198707 0.198707 0.198710 0.198709 0.198707 0.198707 0.198707 0.198706 0.198706 0.198706 0.198707 0.198707 0.198707 0.198709 0.198710 0.198707 0.198707 0.000000 0.000000
0.000000 0.000000 0.192412 0.192413 0.192415 0.192414 0.192412 0.192413 0.192413 0.192412 0.192411 0.192412 0.192413 0.192413 0.192412 0.192414 0.192415 0.192413 0.192412 0.000000 0.000000
0.000000 0.000000 0.186151 0.186151 0.186153 0.186152 0.186150 0.186151 0.186151 0.186150 0.186149 0.186150 0.186151 0.186151 0.186150 0.186152 0.186153 0.186151 0.186150 0.000000 0.000000
0.000000 0.000000 0.300000 0.300000 0.300000 0.300000 0.300000 0.300000 0.300000 0.300000 0.300000 0.300000 0.300000 0.300000 0.300000 0.300000 0.300000 0.300000 0.300000 0.000000 0.000000
0.000000 0.000000 0.000000 0.000000 0.000000 0.000000 0.000000 0.000000 0.000000 0.000000 0.000000 0.000000 0.000000 0.000000 0.000000 0.000000 0.000000 0.000000 0.000000 0.000000 0.000000