geotop/1.0zi/1.0Montebello/Templates/testdem/maps/_Eocsand014N.asc
ncols         21
nrows         20
xllcorner     100.000000
yllcorner     100.000000
cellsize      50.000000
NODATA_value  -9999.0
0.000000 0.000000 0.000000 0.000000 0.000000 0.000000 0.000000 0.000000 0.000000 0.000000 0.000000 0.000000 0.000000 0.000000 0.000000 0.000000 0.000000 0.000000 0.000000 0.000000 0.000000
0.000000 0.000000 0.300248 0.300246 0.300246 0.300247 0.300246 0.300246 0.300246 0.300246 0.300247 0.300246 0.300246 0.300247 0.300246 0.300246 0.300247 0.300247 0.300246 0.000000 0.000000
0.000000 0.000000 0.300011 0.300013 0.300013 0.300011 0.300012 0.300013 0.300012 0.300012 0.300012 0.300012 0.300012 0.300012 0.300012 0.300012 0.300013 0.300013 0.300014 0.000000 0.000000
0.000000 0.000000 0.299806 0.299803 0.299814 0.299822 0.299822 0.299827 0.299820 0.299821 0.299821 0.299819 0.299818 0.299820 0.299814 0.299808 0.299804 0.299802 0.299803 0.000000 0.000000
0.000000 0.000000 0.296885 0.296883 0.296902 0.296939 0.296968 0.296978 0.296978 0.296978 0.296982 0.296975 0.296969 0.296970 0.296946 0.296931 0.296916 0.296905 0.296893 0.000000 0.000000
0.000000 0.000000 0.288882 0.288891 0.288933 0.289005 0.289073 0.289133 0.289129 0.289137 0.289141 0.289140 0.289129 0.289134 0.289098 0.289041 0.289012 0.288989 0.288978 0.000000 0.000000
0.000000 0.000000 0.277854 0.277875 0.277911 0.277995 0.278080 0.278198 0.278194 0.278201 0.278214 0.278214 0.278215 0.278211 0.278114 0.278045 0.278001 0.277970 0.277957 0.000000 0.000000
0.000000 0.000000 0.264731 0.264756 0.264793 0.264893 0.264988 0.265095 0.265092 0.265103 0.265118 0.265124 0.265127 0.265110 0.265021 0.264943 0.264872 0.264856 0.264828 0.000000 0.000000
0.000000 0.000000 0.250199 0.250236 0.250292 0.250373 0.250482 0.250610 0.250598 0.250619 0.250640 0.250644 0.250638 0.250645 0.250518 0.250424 0.250368 0.250344 0.250320 0.000000 0.000000
0.000000 0.000000 0.233983 0.234035 0.234082 0.234170 0.234291 0.234427 0.234425 0.234438 0.234471 0.234459 0.234443 0.234450 0.234347 0.234224 0.234158 0.234131 0.234121 0.000000 0.000000
0.000000 0.000000 0.215316 0.215359 0.215405 0.215596 0.215654 0.215837 0.215799 0.215883 0.215883 0.215896 0.215926 0.215877 0.215759 0.215682 0.215587 0.215553 0.215475 0.000000 0.000000
0.000000 0.000000 0.193255 0.193349 0.193469 0.193562 0.193665 0.193899 0.193906 0.193906 0.193888 0.193969 0.193928 0.193944 0.193730 0.193605 0.193555 0.193523 0.193365 0.000000 0.000000
0.000000 0.000000 0.168191 0.168275 0.168304 0.168494 0.168621 0.169257 0.169269 0.169302 0.169542 0.169395 0.169386 0.169330 0.168855 0.168751 0.168513 0.168500 0.168475 0.000000 0.000000
0.000000 0.000000 0.137210 0.137239 0.137460 0.137589 0.138489 0.138129 0.138320 0.138309 0.138176 0.138316 0.138333 0.138439 0.138756 0.137773 0.137753 0.137521 0.137391 0.000000 0.000000
0.000000 0.000000 0.103949 0.104042 0.104194 0.105272 0.104760 0.105461 0.105593 0.105656 0.105923 0.105985 0.105869 0.105849 0.105234 0.105730 0.104337 0.104676 0.104741 0.000000 0.000000
0.000000 0.000000 0.077696 0.077741 0.078683 0.078213 0.078394 0.078359 0.077950 0.078054 0.077841 0.077876 0.078053 0.077835 0.077959 0.077791 0.078835 0.077408 0.077431 0.000000 0.000000
0.000000 0.000000 0.057762 0.058280 0.058296 0.058448 0.058749 0.058812 0.058908 0.058887 0.059026 0.059011 0.058941 0.059008 0.058903 0.058670 0.058364 0.058471 0.057941 0.000000 0.000000
0.000000 0.000000 0.047361 0.047506 0.047256 0.047398 0.047579 0.047819 0.047872 0.047907 0.047920 0.047926 0.047885 0.047911 0.047674 0.047534 0.047270 0.047594 0.047442 0.000000 0.000000
0.000000 0.000000 0.300000 0.300000 0.300000 0.300000 0.300000 0.300000 0.300000 0.300000 0.300000 0.300000 0.300000 0.300000 0.300000 0.300000 0.300000 0.300000 0.300000 0.000000 0.000000
0.000000 0.000000 0.000000 0.000000 0.000000 0.000000 0.000000 0.000000 0.000000 0.000000 0.000000 0.000000 0.000000 0.000000 0.000000 0.000000 0.000000 0.000000 0.000000 0.000000 0.000000