geotop/1.0zi/1.0Montebello/Templates/testdem/maps/_Eocsilt1258.asc
ncols         21
nrows         20
xllcorner     100.000000
yllcorner     100.000000
cellsize      50.000000
NODATA_value  -9999.0
0.000000 0.000000 0.000000 0.000000 0.000000 0.000000 0.000000 0.000000 0.000000 0.000000 0.000000 0.000000 0.000000 0.000000 0.000000 0.000000 0.000000 0.000000 0.000000 0.000000 0.000000
0.000000 0.000000 0.350025 0.350025 0.350025 0.350025 0.350025 0.350025 0.350025 0.350025 0.350025 0.350025 0.350025 0.350025 0.350025 0.350025 0.350025 0.350025 0.350025 0.000000 0.000000
0.000000 0.000000 0.350000 0.350000 0.350000 0.350000 0.350000 0.350000 0.350000 0.350000 0.350000 0.350000 0.350000 0.350000 0.350000 0.350000 0.350000 0.350000 0.350000 0.000000 0.000000
0.000000 0.000000 0.350568 0.350568 0.350565 0.350566 0.350568 0.350568 0.350568 0.350568 0.350568 0.350568 0.350568 0.350568 0.350568 0.350566 0.350565 0.350568 0.350568 0.000000 0.000000
0.000000 0.000000 0.352365 0.352364 0.352362 0.352362 0.352365 0.352364 0.352364 0.352365 0.352365 0.352365 0.352364 0.352364 0.352365 0.352362 0.352362 0.352364 0.352365 0.000000 0.000000
0.000000 0.000000 0.354548 0.354548 0.354546 0.354546 0.354548 0.354548 0.354548 0.354548 0.354548 0.354548 0.354548 0.354548 0.354548 0.354546 0.354546 0.354548 0.354548 0.000000 0.000000
0.000000 0.000000 0.356555 0.356555 0.356553 0.356553 0.356555 0.356555 0.356555 0.356555 0.356555 0.356555 0.356555 0.356555 0.356555 0.356553 0.356553 0.356555 0.356555 0.000000 0.000000
0.000000 0.000000 0.358395 0.358395 0.358393 0.358393 0.358395 0.358395 0.358395 0.358395 0.358395 0.358395 0.358395 0.358395 0.358395 0.358393 0.358393 0.358395 0.358395 0.000000 0.000000
0.000000 0.000000 0.360118 0.360117 0.360116 0.360116 0.360118 0.360118 0.360118 0.360118 0.360118 0.360118 0.360118 0.360118 0.360118 0.360116 0.360116 0.360117 0.360118 0.000000 0.000000
0.000000 0.000000 0.361769 0.361768 0.361767 0.361767 0.361769 0.361769 0.361769 0.361769 0.361769 0.361769 0.361769 0.361769 0.361769 0.361767 0.361767 0.361768 0.361769 0.000000 0.000000
0.000000 0.000000 0.363365 0.363365 0.363363 0.363364 0.363365 0.363365 0.363365 0.363365 0.363365 0.363365 0.363365 0.363365 0.363365 0.363364 0.363363 0.363365 0.363365 0.000000 0.000000
0.000000 0.000000 0.364924 0.364924 0.364922 0.364923 0.364924 0.364924 0.364924 0.364924 0.364924 0.364924 0.364924 0.364924 0.364924 0.364923 0.364922 0.364924 0.364924 0.000000 0.000000
0.000000 0.000000 0.366456 0.366456 0.366455 0.366455 0.366456 0.366456 0.366456 0.366456 0.366456 0.366456 0.366456 0.366456 0.366456 0.366455 0.366455 0.366456 0.366456 0.000000 0.000000
0.000000 0.000000 0.367962 0.367962 0.367960 0.367961 0.367962 0.367962 0.367962 0.367962 0.367962 0.367962 0.367962 0.367962 0.367962 0.367961 0.367960 0.367962 0.367962 0.000000 0.000000
0.000000 0.000000 0.369448 0.369448 0.369446 0.369447 0.369448 0.369448 0.369448 0.369448 0.369448 0.369448 0.369448 0.369448 0.369448 0.369447 0.369446 0.369448 0.369448 0.000000 0.000000
0.000000 0.000000 0.370920 0.370920 0.370919 0.370919 0.370920 0.370920 0.370920 0.370921 0.370920 0.370921 0.370920 0.370920 0.370920 0.370919 0.370919 0.370920 0.370920 0.000000 0.000000
0.000000 0.000000 0.372378 0.372378 0.372377 0.372377 0.372378 0.372378 0.372378 0.372378 0.372378 0.372378 0.372378 0.372378 0.372378 0.372377 0.372377 0.372378 0.372378 0.000000 0.000000
0.000000 0.000000 0.373864 0.373864 0.373863 0.373863 0.373865 0.373864 0.373864 0.373865 0.373865 0.373865 0.373864 0.373864 0.373865 0.373863 0.373863 0.373864 0.373865 0.000000 0.000000
0.000000 0.000000 0.350000 0.350000 0.350000 0.350000 0.350000 0.350000 0.350000 0.350000 0.350000 0.350000 0.350000 0.350000 0.350000 0.350000 0.350000 0.350000 0.350000 0.000000 0.000000
0.000000 0.000000 0.000000 0.000000 0.000000 0.000000 0.000000 0.000000 0.000000 0.000000 0.000000 0.000000 0.000000 0.000000 0.000000 0.000000 0.000000 0.000000 0.000000 0.000000 0.000000