geotop/1.0zi/1.0Montebello/Templates/testdem/maps/_Eocsilt9839.asc
ncols         21
nrows         20
xllcorner     100.000000
yllcorner     100.000000
cellsize      50.000000
NODATA_value  -9999.0
0.000000 0.000000 0.000000 0.000000 0.000000 0.000000 0.000000 0.000000 0.000000 0.000000 0.000000 0.000000 0.000000 0.000000 0.000000 0.000000 0.000000 0.000000 0.000000 0.000000 0.000000
0.000000 0.000000 0.350208 0.350208 0.350208 0.350208 0.350207 0.350207 0.350207 0.350207 0.350207 0.350207 0.350207 0.350207 0.350207 0.350207 0.350208 0.350208 0.350208 0.000000 0.000000
0.000000 0.000000 0.350008 0.350008 0.350008 0.350008 0.350009 0.350008 0.350008 0.350008 0.350009 0.350008 0.350009 0.350009 0.350008 0.350007 0.350006 0.350006 0.350007 0.000000 0.000000
0.000000 0.000000 0.350150 0.350147 0.350141 0.350137 0.350137 0.350131 0.350135 0.350136 0.350133 0.350136 0.350137 0.350137 0.350139 0.350142 0.350148 0.350149 0.350150 0.000000 0.000000
0.000000 0.000000 0.351497 0.351503 0.351493 0.351473 0.351463 0.351456 0.351460 0.351457 0.351456 0.351459 0.351464 0.351462 0.351476 0.351485 0.351489 0.351495 0.351498 0.000000 0.000000
0.000000 0.000000 0.355174 0.355168 0.355153 0.355128 0.355095 0.355068 0.355067 0.355061 0.355062 0.355063 0.355068 0.355064 0.355083 0.355107 0.355119 0.355127 0.355133 0.000000 0.000000
0.000000 0.000000 0.360361 0.360350 0.360333 0.360295 0.360253 0.360201 0.360203 0.360198 0.360194 0.360193 0.360191 0.360195 0.360239 0.360271 0.360293 0.360308 0.360315 0.000000 0.000000
0.000000 0.000000 0.366518 0.366505 0.366490 0.366447 0.366402 0.366353 0.366354 0.366347 0.366342 0.366338 0.366337 0.366344 0.366386 0.366425 0.366458 0.366464 0.366478 0.000000 0.000000
0.000000 0.000000 0.373306 0.373287 0.373262 0.373228 0.373176 0.373116 0.373121 0.373109 0.373101 0.373099 0.373103 0.373099 0.373159 0.373204 0.373230 0.373242 0.373255 0.000000 0.000000
0.000000 0.000000 0.380786 0.380761 0.380741 0.380705 0.380649 0.380586 0.380587 0.380578 0.380565 0.380570 0.380578 0.380574 0.380623 0.380681 0.380711 0.380722 0.380728 0.000000 0.000000
0.000000 0.000000 0.389273 0.389251 0.389233 0.389151 0.389125 0.389041 0.389059 0.389017 0.389020 0.389014 0.389001 0.389023 0.389077 0.389113 0.389156 0.389171 0.389207 0.000000 0.000000
0.000000 0.000000 0.399177 0.399132 0.399082 0.399044 0.398999 0.398893 0.398892 0.398886 0.398898 0.398862 0.398879 0.398874 0.398970 0.399026 0.399048 0.399062 0.399135 0.000000 0.000000
0.000000 0.000000 0.410317 0.410276 0.410264 0.410186 0.410133 0.409855 0.409850 0.409832 0.409733 0.409793 0.409798 0.409822 0.410031 0.410078 0.410180 0.410185 0.410203 0.000000 0.000000
0.000000 0.000000 0.424035 0.424015 0.423927 0.423872 0.423488 0.423622 0.423539 0.423539 0.423589 0.423536 0.423527 0.423486 0.423364 0.423787 0.423803 0.423901 0.423961 0.000000 0.000000
0.000000 0.000000 0.439382 0.439337 0.439261 0.438777 0.438981 0.438677 0.438611 0.438578 0.438468 0.438431 0.438487 0.438489 0.438758 0.438563 0.439194 0.439046 0.439023 0.000000 0.000000
0.000000 0.000000 0.452668 0.452642 0.452151 0.452400 0.452311 0.452329 0.452542 0.452484 0.452598 0.452578 0.452486 0.452601 0.452537 0.452620 0.452076 0.452822 0.452811 0.000000 0.000000
0.000000 0.000000 0.463304 0.463003 0.463041 0.462933 0.462768 0.462717 0.462641 0.462658 0.462566 0.462576 0.462626 0.462577 0.462657 0.462782 0.463011 0.462877 0.463190 0.000000 0.000000
0.000000 0.000000 0.468646 0.468532 0.468693 0.468592 0.468483 0.468348 0.468300 0.468285 0.468264 0.468262 0.468295 0.468269 0.468408 0.468490 0.468688 0.468462 0.468581 0.000000 0.000000
0.000000 0.000000 0.350000 0.350000 0.350000 0.350000 0.350000 0.350000 0.350000 0.350000 0.350000 0.350000 0.350000 0.350000 0.350000 0.350000 0.350000 0.350000 0.350000 0.000000 0.000000
0.000000 0.000000 0.000000 0.000000 0.000000 0.000000 0.000000 0.000000 0.000000 0.000000 0.000000 0.000000 0.000000 0.000000 0.000000 0.000000 0.000000 0.000000 0.000000 0.000000 0.000000