geotop/1.0zi/1.0Montebello/Templates/testdem/maps/_Eocsand1485.asc
ncols         21
nrows         20
xllcorner     100.000000
yllcorner     100.000000
cellsize      50.000000
NODATA_value  -9999.0
0.000000 0.000000 0.000000 0.000000 0.000000 0.000000 0.000000 0.000000 0.000000 0.000000 0.000000 0.000000 0.000000 0.000000 0.000000 0.000000 0.000000 0.000000 0.000000 0.000000 0.000000
0.000000 0.000000 0.300044 0.300044 0.300044 0.300044 0.300044 0.300044 0.300044 0.300044 0.300044 0.300044 0.300044 0.300044 0.300044 0.300044 0.300044 0.300044 0.300044 0.000000 0.000000
0.000000 0.000000 0.300006 0.300007 0.300007 0.300006 0.300006 0.300006 0.300006 0.300006 0.300006 0.300006 0.300006 0.300006 0.300006 0.300006 0.300007 0.300007 0.300006 0.000000 0.000000
0.000000 0.000000 0.298815 0.298815 0.298820 0.298818 0.298814 0.298815 0.298815 0.298814 0.298814 0.298814 0.298815 0.298815 0.298814 0.298818 0.298820 0.298815 0.298815 0.000000 0.000000
0.000000 0.000000 0.294569 0.294570 0.294575 0.294575 0.294568 0.294570 0.294570 0.294568 0.294568 0.294568 0.294570 0.294570 0.294568 0.294575 0.294575 0.294570 0.294569 0.000000 0.000000
0.000000 0.000000 0.289585 0.289586 0.289590 0.289590 0.289584 0.289586 0.289586 0.289585 0.289585 0.289585 0.289586 0.289586 0.289584 0.289590 0.289590 0.289586 0.289585 0.000000 0.000000
0.000000 0.000000 0.284921 0.284922 0.284925 0.284925 0.284920 0.284921 0.284921 0.284920 0.284920 0.284920 0.284921 0.284921 0.284920 0.284925 0.284925 0.284922 0.284921 0.000000 0.000000
0.000000 0.000000 0.280627 0.280628 0.280631 0.280630 0.280627 0.280628 0.280628 0.280627 0.280627 0.280627 0.280628 0.280628 0.280627 0.280630 0.280631 0.280628 0.280627 0.000000 0.000000
0.000000 0.000000 0.276602 0.276603 0.276606 0.276605 0.276602 0.276602 0.276603 0.276602 0.276602 0.276602 0.276603 0.276602 0.276602 0.276605 0.276606 0.276603 0.276602 0.000000 0.000000
0.000000 0.000000 0.272745 0.272745 0.272749 0.272748 0.272744 0.272745 0.272745 0.272745 0.272745 0.272745 0.272745 0.272745 0.272744 0.272748 0.272749 0.272745 0.272745 0.000000 0.000000
0.000000 0.000000 0.269017 0.269018 0.269021 0.269020 0.269017 0.269018 0.269018 0.269017 0.269017 0.269017 0.269018 0.269018 0.269017 0.269020 0.269021 0.269018 0.269017 0.000000 0.000000
0.000000 0.000000 0.265384 0.265384 0.265387 0.265386 0.265383 0.265384 0.265384 0.265383 0.265383 0.265383 0.265384 0.265384 0.265383 0.265386 0.265387 0.265384 0.265384 0.000000 0.000000
0.000000 0.000000 0.261813 0.261814 0.261817 0.261816 0.261813 0.261814 0.261814 0.261813 0.261813 0.261813 0.261814 0.261814 0.261813 0.261816 0.261817 0.261814 0.261813 0.000000 0.000000
0.000000 0.000000 0.258307 0.258307 0.258310 0.258309 0.258306 0.258307 0.258307 0.258306 0.258306 0.258306 0.258307 0.258307 0.258306 0.258309 0.258310 0.258307 0.258307 0.000000 0.000000
0.000000 0.000000 0.254848 0.254848 0.254851 0.254850 0.254848 0.254848 0.254848 0.254848 0.254848 0.254848 0.254848 0.254848 0.254848 0.254850 0.254851 0.254848 0.254848 0.000000 0.000000
0.000000 0.000000 0.251424 0.251425 0.251428 0.251427 0.251424 0.251425 0.251425 0.251424 0.251424 0.251424 0.251425 0.251425 0.251424 0.251427 0.251428 0.251425 0.251424 0.000000 0.000000
0.000000 0.000000 0.248038 0.248038 0.248041 0.248040 0.248037 0.248038 0.248038 0.248037 0.248037 0.248037 0.248038 0.248038 0.248037 0.248040 0.248041 0.248038 0.248038 0.000000 0.000000
0.000000 0.000000 0.244610 0.244610 0.244613 0.244612 0.244609 0.244610 0.244610 0.244609 0.244609 0.244609 0.244610 0.244610 0.244609 0.244612 0.244613 0.244610 0.244609 0.000000 0.000000
0.000000 0.000000 0.300000 0.300000 0.300000 0.300000 0.300000 0.300000 0.300000 0.300000 0.300000 0.300000 0.300000 0.300000 0.300000 0.300000 0.300000 0.300000 0.300000 0.000000 0.000000
0.000000 0.000000 0.000000 0.000000 0.000000 0.000000 0.000000 0.000000 0.000000 0.000000 0.000000 0.000000 0.000000 0.000000 0.000000 0.000000 0.000000 0.000000 0.000000 0.000000 0.000000