geotop/1.0zi/1.0Montebello/Templates/testdem/maps/_Eocsand4168.asc
ncols         21
nrows         20
xllcorner     100.000000
yllcorner     100.000000
cellsize      50.000000
NODATA_value  -9999.0
0.000000 0.000000 0.000000 0.000000 0.000000 0.000000 0.000000 0.000000 0.000000 0.000000 0.000000 0.000000 0.000000 0.000000 0.000000 0.000000 0.000000 0.000000 0.000000 0.000000 0.000000
0.000000 0.000000 0.300106 0.300106 0.300105 0.300105 0.300105 0.300105 0.300105 0.300105 0.300105 0.300105 0.300105 0.300105 0.300105 0.300105 0.300105 0.300106 0.300106 0.000000 0.000000
0.000000 0.000000 0.300005 0.300004 0.300004 0.300004 0.300004 0.300003 0.300004 0.300004 0.300004 0.300004 0.300004 0.300004 0.300004 0.300004 0.300006 0.300006 0.300005 0.000000 0.000000
0.000000 0.000000 0.299975 0.299973 0.299976 0.299979 0.299977 0.299979 0.299977 0.299978 0.299978 0.299979 0.299979 0.299981 0.299976 0.299973 0.299973 0.299972 0.299974 0.000000 0.000000
0.000000 0.000000 0.299286 0.299282 0.299286 0.299285 0.299293 0.299297 0.299298 0.299301 0.299303 0.299298 0.299302 0.299302 0.299297 0.299298 0.299298 0.299293 0.299288 0.000000 0.000000
0.000000 0.000000 0.297004 0.297004 0.297012 0.297024 0.297029 0.297050 0.297051 0.297061 0.297052 0.297051 0.297047 0.297054 0.297055 0.297045 0.297036 0.297032 0.297025 0.000000 0.000000
0.000000 0.000000 0.293607 0.293613 0.293621 0.293641 0.293661 0.293696 0.293693 0.293700 0.293693 0.293695 0.293699 0.293703 0.293681 0.293653 0.293641 0.293633 0.293621 0.000000 0.000000
0.000000 0.000000 0.289711 0.289718 0.289727 0.289752 0.289775 0.289809 0.289805 0.289811 0.289810 0.289810 0.289817 0.289824 0.289792 0.289762 0.289744 0.289739 0.289727 0.000000 0.000000
0.000000 0.000000 0.285800 0.285811 0.285825 0.285842 0.285865 0.285905 0.285901 0.285909 0.285908 0.285906 0.285912 0.285916 0.285887 0.285853 0.285839 0.285832 0.285816 0.000000 0.000000
0.000000 0.000000 0.281909 0.281921 0.281932 0.281951 0.281980 0.282015 0.282009 0.282014 0.282014 0.282013 0.282020 0.282028 0.281994 0.281960 0.281946 0.281940 0.281928 0.000000 0.000000
0.000000 0.000000 0.277978 0.277989 0.278001 0.278015 0.278035 0.278077 0.278072 0.278081 0.278081 0.278079 0.278086 0.278093 0.278065 0.278041 0.278022 0.278015 0.278000 0.000000 0.000000
0.000000 0.000000 0.273923 0.273934 0.273949 0.273971 0.273993 0.274033 0.274033 0.274039 0.274039 0.274040 0.274045 0.274053 0.274015 0.273985 0.273968 0.273962 0.273917 0.000000 0.000000
0.000000 0.000000 0.269828 0.269840 0.269855 0.269872 0.269899 0.269981 0.269980 0.269987 0.269988 0.269987 0.269995 0.270000 0.269930 0.269895 0.269878 0.269871 0.269842 0.000000 0.000000
0.000000 0.000000 0.265511 0.265529 0.265542 0.265559 0.265638 0.265660 0.265673 0.265679 0.265678 0.265678 0.265687 0.265693 0.265671 0.265588 0.265570 0.265553 0.265535 0.000000 0.000000
0.000000 0.000000 0.260877 0.260893 0.260923 0.260992 0.261028 0.261079 0.261105 0.261114 0.261126 0.261127 0.261128 0.261143 0.261106 0.261046 0.260956 0.260959 0.260944 0.000000 0.000000
0.000000 0.000000 0.256113 0.256130 0.256223 0.256237 0.256258 0.256283 0.256287 0.256289 0.256285 0.256287 0.256304 0.256295 0.256285 0.256259 0.256256 0.256163 0.256138 0.000000 0.000000
0.000000 0.000000 0.250852 0.250969 0.251052 0.251082 0.251136 0.251165 0.251172 0.251176 0.251190 0.251189 0.251193 0.251209 0.251191 0.251122 0.251079 0.251029 0.250915 0.000000 0.000000
0.000000 0.000000 0.246710 0.246745 0.246683 0.246724 0.246772 0.246879 0.246889 0.246900 0.246897 0.246899 0.246910 0.246911 0.246817 0.246757 0.246688 0.246785 0.246734 0.000000 0.000000
0.000000 0.000000 0.300000 0.300000 0.300000 0.300000 0.300000 0.300000 0.300000 0.300000 0.300000 0.300000 0.300000 0.300000 0.300000 0.300000 0.300000 0.300000 0.300000 0.000000 0.000000
0.000000 0.000000 0.000000 0.000000 0.000000 0.000000 0.000000 0.000000 0.000000 0.000000 0.000000 0.000000 0.000000 0.000000 0.000000 0.000000 0.000000 0.000000 0.000000 0.000000 0.000000