geotop/1.0zi/1.0Montebello/Templates/testdem/maps/_Eocsand1937.asc
ncols         21
nrows         20
xllcorner     100.000000
yllcorner     100.000000
cellsize      50.000000
NODATA_value  -9999.0
0.000000 0.000000 0.000000 0.000000 0.000000 0.000000 0.000000 0.000000 0.000000 0.000000 0.000000 0.000000 0.000000 0.000000 0.000000 0.000000 0.000000 0.000000 0.000000 0.000000 0.000000
0.000000 0.000000 0.300058 0.300058 0.300058 0.300058 0.300058 0.300058 0.300058 0.300058 0.300058 0.300058 0.300058 0.300058 0.300058 0.300058 0.300058 0.300058 0.300058 0.000000 0.000000
0.000000 0.000000 0.300008 0.300008 0.300009 0.300008 0.300008 0.300008 0.300008 0.300008 0.300008 0.300008 0.300008 0.300008 0.300008 0.300008 0.300009 0.300008 0.300008 0.000000 0.000000
0.000000 0.000000 0.298651 0.298652 0.298657 0.298654 0.298651 0.298651 0.298652 0.298651 0.298651 0.298651 0.298652 0.298651 0.298651 0.298654 0.298657 0.298652 0.298651 0.000000 0.000000
0.000000 0.000000 0.293303 0.293305 0.293308 0.293309 0.293302 0.293304 0.293304 0.293301 0.293301 0.293301 0.293304 0.293304 0.293302 0.293309 0.293308 0.293305 0.293303 0.000000 0.000000
0.000000 0.000000 0.286810 0.286811 0.286814 0.286814 0.286808 0.286810 0.286810 0.286808 0.286808 0.286808 0.286810 0.286810 0.286808 0.286814 0.286814 0.286811 0.286810 0.000000 0.000000
0.000000 0.000000 0.280751 0.280751 0.280754 0.280754 0.280750 0.280751 0.280751 0.280749 0.280749 0.280749 0.280751 0.280751 0.280750 0.280754 0.280754 0.280751 0.280751 0.000000 0.000000
0.000000 0.000000 0.275186 0.275187 0.275190 0.275189 0.275186 0.275187 0.275187 0.275185 0.275185 0.275185 0.275187 0.275187 0.275186 0.275189 0.275190 0.275187 0.275186 0.000000 0.000000
0.000000 0.000000 0.269983 0.269983 0.269986 0.269985 0.269982 0.269983 0.269983 0.269982 0.269981 0.269982 0.269983 0.269983 0.269982 0.269985 0.269986 0.269983 0.269983 0.000000 0.000000
0.000000 0.000000 0.265013 0.265013 0.265016 0.265015 0.265012 0.265013 0.265013 0.265012 0.265011 0.265012 0.265013 0.265013 0.265012 0.265015 0.265016 0.265013 0.265013 0.000000 0.000000
0.000000 0.000000 0.260222 0.260222 0.260225 0.260224 0.260221 0.260222 0.260222 0.260221 0.260221 0.260221 0.260222 0.260222 0.260221 0.260224 0.260225 0.260222 0.260222 0.000000 0.000000
0.000000 0.000000 0.255566 0.255566 0.255568 0.255568 0.255565 0.255566 0.255566 0.255565 0.255564 0.255565 0.255566 0.255566 0.255565 0.255568 0.255568 0.255566 0.255566 0.000000 0.000000
0.000000 0.000000 0.251011 0.251012 0.251014 0.251013 0.251011 0.251012 0.251011 0.251010 0.251010 0.251010 0.251011 0.251012 0.251011 0.251013 0.251014 0.251012 0.251011 0.000000 0.000000
0.000000 0.000000 0.246551 0.246551 0.246554 0.246553 0.246550 0.246551 0.246551 0.246550 0.246550 0.246550 0.246551 0.246551 0.246550 0.246553 0.246554 0.246551 0.246551 0.000000 0.000000
0.000000 0.000000 0.242163 0.242163 0.242166 0.242165 0.242163 0.242163 0.242163 0.242162 0.242162 0.242162 0.242163 0.242163 0.242163 0.242165 0.242166 0.242163 0.242163 0.000000 0.000000
0.000000 0.000000 0.237835 0.237835 0.237838 0.237837 0.237835 0.237835 0.237835 0.237834 0.237834 0.237834 0.237835 0.237835 0.237835 0.237837 0.237838 0.237835 0.237835 0.000000 0.000000
0.000000 0.000000 0.233569 0.233569 0.233572 0.233571 0.233568 0.233569 0.233569 0.233568 0.233567 0.233568 0.233569 0.233569 0.233568 0.233571 0.233572 0.233569 0.233569 0.000000 0.000000
0.000000 0.000000 0.229290 0.229290 0.229292 0.229292 0.229289 0.229290 0.229290 0.229289 0.229288 0.229289 0.229290 0.229290 0.229289 0.229292 0.229292 0.229290 0.229289 0.000000 0.000000
0.000000 0.000000 0.300000 0.300000 0.300000 0.300000 0.300000 0.300000 0.300000 0.300000 0.300000 0.300000 0.300000 0.300000 0.300000 0.300000 0.300000 0.300000 0.300000 0.000000 0.000000
0.000000 0.000000 0.000000 0.000000 0.000000 0.000000 0.000000 0.000000 0.000000 0.000000 0.000000 0.000000 0.000000 0.000000 0.000000 0.000000 0.000000 0.000000 0.000000 0.000000 0.000000