geotop/1.0zi/1.0Montebello/Templates/testdem/maps/_Eocsand8027.asc
ncols         21
nrows         20
xllcorner     100.000000
yllcorner     100.000000
cellsize      50.000000
NODATA_value  -9999.0
0.000000 0.000000 0.000000 0.000000 0.000000 0.000000 0.000000 0.000000 0.000000 0.000000 0.000000 0.000000 0.000000 0.000000 0.000000 0.000000 0.000000 0.000000 0.000000 0.000000 0.000000
0.000000 0.000000 0.300205 0.300203 0.300203 0.300203 0.300202 0.300202 0.300202 0.300202 0.300203 0.300202 0.300203 0.300203 0.300202 0.300203 0.300204 0.300204 0.300204 0.000000 0.000000
0.000000 0.000000 0.300011 0.300012 0.300011 0.300010 0.300011 0.300012 0.300011 0.300011 0.300012 0.300012 0.300011 0.300011 0.300011 0.300011 0.300012 0.300013 0.300013 0.000000 0.000000
0.000000 0.000000 0.299894 0.299893 0.299898 0.299906 0.299901 0.299909 0.299904 0.299906 0.299906 0.299906 0.299906 0.299908 0.299903 0.299898 0.299896 0.299893 0.299893 0.000000 0.000000
0.000000 0.000000 0.297979 0.297976 0.297985 0.298000 0.298023 0.298033 0.298039 0.298038 0.298042 0.298041 0.298044 0.298038 0.298015 0.298008 0.297996 0.297984 0.297976 0.000000 0.000000
0.000000 0.000000 0.292462 0.292463 0.292486 0.292532 0.292567 0.292614 0.292613 0.292627 0.292619 0.292620 0.292615 0.292615 0.292592 0.292559 0.292530 0.292508 0.292497 0.000000 0.000000
0.000000 0.000000 0.284738 0.284746 0.284766 0.284817 0.284881 0.284955 0.284955 0.284965 0.284963 0.284964 0.284967 0.284961 0.284897 0.284840 0.284805 0.284778 0.284763 0.000000 0.000000
0.000000 0.000000 0.275597 0.275602 0.275618 0.275676 0.275738 0.275818 0.275819 0.275828 0.275830 0.275836 0.275840 0.275825 0.275756 0.275701 0.275649 0.275633 0.275609 0.000000 0.000000
0.000000 0.000000 0.265848 0.265864 0.265894 0.265932 0.265998 0.266085 0.266081 0.266100 0.266105 0.266109 0.266107 0.266109 0.266024 0.265955 0.265913 0.265893 0.265873 0.000000 0.000000
0.000000 0.000000 0.255565 0.255584 0.255601 0.255639 0.255734 0.255812 0.255812 0.255822 0.255834 0.255828 0.255817 0.255821 0.255750 0.255670 0.255621 0.255605 0.255590 0.000000 0.000000
0.000000 0.000000 0.244422 0.244435 0.244455 0.244535 0.244602 0.244694 0.244675 0.244725 0.244718 0.244721 0.244739 0.244706 0.244641 0.244591 0.244528 0.244495 0.244454 0.000000 0.000000
0.000000 0.000000 0.232086 0.232119 0.232159 0.232211 0.232287 0.232402 0.232410 0.232424 0.232397 0.232438 0.232426 0.232419 0.232300 0.232239 0.232196 0.232173 0.232070 0.000000 0.000000
0.000000 0.000000 0.218779 0.218812 0.218828 0.218903 0.218970 0.219267 0.219272 0.219290 0.219368 0.219328 0.219311 0.219283 0.219056 0.218994 0.218881 0.218869 0.218818 0.000000 0.000000
0.000000 0.000000 0.203235 0.203245 0.203309 0.203362 0.203732 0.203711 0.203788 0.203787 0.203766 0.203788 0.203798 0.203814 0.203843 0.203460 0.203394 0.203295 0.203222 0.000000 0.000000
0.000000 0.000000 0.184963 0.184997 0.185075 0.185540 0.185514 0.185744 0.185852 0.185878 0.185956 0.186012 0.185961 0.185972 0.185748 0.185746 0.185131 0.185222 0.185209 0.000000 0.000000
0.000000 0.000000 0.164917 0.164948 0.165621 0.165458 0.165507 0.165579 0.165334 0.165415 0.165287 0.165338 0.165446 0.165278 0.165255 0.165219 0.165681 0.164724 0.164738 0.000000 0.000000
0.000000 0.000000 0.140013 0.141073 0.140886 0.141275 0.141810 0.141965 0.142242 0.142179 0.142488 0.142464 0.142289 0.142457 0.142192 0.141798 0.140926 0.141457 0.140359 0.000000 0.000000
0.000000 0.000000 0.130331 0.129370 0.128452 0.128460 0.128434 0.129314 0.129179 0.129433 0.129030 0.129114 0.129170 0.129035 0.128296 0.128316 0.128285 0.129019 0.129959 0.000000 0.000000
0.000000 0.000000 0.300000 0.300000 0.300000 0.300000 0.300000 0.300000 0.300000 0.300000 0.300000 0.300000 0.300000 0.300000 0.300000 0.300000 0.300000 0.300000 0.300000 0.000000 0.000000
0.000000 0.000000 0.000000 0.000000 0.000000 0.000000 0.000000 0.000000 0.000000 0.000000 0.000000 0.000000 0.000000 0.000000 0.000000 0.000000 0.000000 0.000000 0.000000 0.000000 0.000000