geotop/1.0zi/1.0Montebello/Templates/testdem/maps/_Eocsand6079.asc
ncols         21
nrows         20
xllcorner     100.000000
yllcorner     100.000000
cellsize      50.000000
NODATA_value  -9999.0
0.000000 0.000000 0.000000 0.000000 0.000000 0.000000 0.000000 0.000000 0.000000 0.000000 0.000000 0.000000 0.000000 0.000000 0.000000 0.000000 0.000000 0.000000 0.000000 0.000000 0.000000
0.000000 0.000000 0.300151 0.300150 0.300150 0.300149 0.300149 0.300149 0.300150 0.300150 0.300150 0.300150 0.300150 0.300150 0.300150 0.300150 0.300150 0.300150 0.300150 0.000000 0.000000
0.000000 0.000000 0.300009 0.300008 0.300008 0.300008 0.300008 0.300008 0.300008 0.300008 0.300008 0.300008 0.300007 0.300007 0.300008 0.300008 0.300010 0.300010 0.300009 0.000000 0.000000
0.000000 0.000000 0.299970 0.299968 0.299972 0.299976 0.299973 0.299975 0.299972 0.299974 0.299973 0.299975 0.299974 0.299976 0.299972 0.299967 0.299968 0.299965 0.299967 0.000000 0.000000
0.000000 0.000000 0.298943 0.298941 0.298943 0.298951 0.298965 0.298974 0.298974 0.298975 0.298978 0.298977 0.298979 0.298977 0.298967 0.298965 0.298960 0.298949 0.298940 0.000000 0.000000
0.000000 0.000000 0.295664 0.295660 0.295673 0.295707 0.295725 0.295759 0.295761 0.295769 0.295762 0.295759 0.295755 0.295758 0.295747 0.295726 0.295711 0.295695 0.295685 0.000000 0.000000
0.000000 0.000000 0.290767 0.290772 0.290782 0.290818 0.290862 0.290914 0.290913 0.290919 0.290916 0.290914 0.290917 0.290915 0.290876 0.290833 0.290814 0.290795 0.290781 0.000000 0.000000
0.000000 0.000000 0.284817 0.284817 0.284822 0.284861 0.284904 0.284961 0.284959 0.284966 0.284965 0.284967 0.284970 0.284963 0.284918 0.284878 0.284846 0.284837 0.284818 0.000000 0.000000
0.000000 0.000000 0.278649 0.278657 0.278673 0.278697 0.278739 0.278799 0.278796 0.278807 0.278812 0.278810 0.278810 0.278814 0.278758 0.278714 0.278685 0.278676 0.278658 0.000000 0.000000
0.000000 0.000000 0.272401 0.272411 0.272419 0.272436 0.272496 0.272551 0.272547 0.272554 0.272562 0.272554 0.272547 0.272553 0.272509 0.272458 0.272428 0.272422 0.272409 0.000000 0.000000
0.000000 0.000000 0.265926 0.265932 0.265936 0.265981 0.266022 0.266081 0.266069 0.266097 0.266096 0.266094 0.266102 0.266086 0.266049 0.266016 0.265984 0.265965 0.265938 0.000000 0.000000
0.000000 0.000000 0.259093 0.259108 0.259128 0.259159 0.259195 0.259267 0.259265 0.259281 0.259264 0.259282 0.259278 0.259273 0.259208 0.259176 0.259152 0.259142 0.259074 0.000000 0.000000
0.000000 0.000000 0.252044 0.252057 0.252064 0.252100 0.252134 0.252283 0.252283 0.252295 0.252327 0.252310 0.252299 0.252288 0.252178 0.252148 0.252095 0.252089 0.252042 0.000000 0.000000
0.000000 0.000000 0.244339 0.244348 0.244370 0.244393 0.244540 0.244574 0.244607 0.244609 0.244619 0.244615 0.244614 0.244620 0.244602 0.244454 0.244410 0.244372 0.244324 0.000000 0.000000
0.000000 0.000000 0.235803 0.235815 0.235848 0.236003 0.236047 0.236134 0.236190 0.236200 0.236228 0.236245 0.236227 0.236239 0.236171 0.236103 0.235884 0.235903 0.235874 0.000000 0.000000
0.000000 0.000000 0.226720 0.226731 0.226937 0.226966 0.226977 0.227031 0.226987 0.227011 0.226992 0.227014 0.227039 0.226996 0.226963 0.226943 0.226970 0.226705 0.226698 0.000000 0.000000
0.000000 0.000000 0.216218 0.216503 0.216588 0.216670 0.216806 0.216873 0.216900 0.216903 0.216966 0.216973 0.216944 0.216958 0.216880 0.216776 0.216610 0.216569 0.216278 0.000000 0.000000
0.000000 0.000000 0.208769 0.208732 0.208474 0.208538 0.208635 0.208897 0.208901 0.208961 0.208917 0.208932 0.208916 0.208908 0.208668 0.208596 0.208433 0.208698 0.208718 0.000000 0.000000
0.000000 0.000000 0.300000 0.300000 0.300000 0.300000 0.300000 0.300000 0.300000 0.300000 0.300000 0.300000 0.300000 0.300000 0.300000 0.300000 0.300000 0.300000 0.300000 0.000000 0.000000
0.000000 0.000000 0.000000 0.000000 0.000000 0.000000 0.000000 0.000000 0.000000 0.000000 0.000000 0.000000 0.000000 0.000000 0.000000 0.000000 0.000000 0.000000 0.000000 0.000000 0.000000