geotop/1.0zi/1.0Montebello/Templates/testdem/maps/_Eocsilt8583.asc
ncols         21
nrows         20
xllcorner     100.000000
yllcorner     100.000000
cellsize      50.000000
NODATA_value  -9999.0
0.000000 0.000000 0.000000 0.000000 0.000000 0.000000 0.000000 0.000000 0.000000 0.000000 0.000000 0.000000 0.000000 0.000000 0.000000 0.000000 0.000000 0.000000 0.000000 0.000000 0.000000
0.000000 0.000000 0.350178 0.350178 0.350179 0.350179 0.350178 0.350179 0.350178 0.350178 0.350179 0.350178 0.350178 0.350178 0.350178 0.350178 0.350179 0.350179 0.350178 0.000000 0.000000
0.000000 0.000000 0.350006 0.350006 0.350006 0.350005 0.350006 0.350006 0.350006 0.350007 0.350007 0.350007 0.350007 0.350007 0.350006 0.350006 0.350004 0.350004 0.350006 0.000000 0.000000
0.000000 0.000000 0.350103 0.350099 0.350096 0.350090 0.350092 0.350086 0.350089 0.350089 0.350086 0.350088 0.350088 0.350089 0.350091 0.350095 0.350099 0.350099 0.350100 0.000000 0.000000
0.000000 0.000000 0.351083 0.351088 0.351078 0.351066 0.351058 0.351051 0.351049 0.351047 0.351047 0.351049 0.351053 0.351052 0.351064 0.351069 0.351072 0.351082 0.351084 0.000000 0.000000
0.000000 0.000000 0.353972 0.353969 0.353960 0.353941 0.353920 0.353898 0.353896 0.353890 0.353895 0.353895 0.353899 0.353896 0.353910 0.353923 0.353936 0.353943 0.353950 0.000000 0.000000
0.000000 0.000000 0.358139 0.358131 0.358121 0.358092 0.358056 0.358019 0.358020 0.358016 0.358017 0.358017 0.358014 0.358019 0.358051 0.358079 0.358097 0.358112 0.358120 0.000000 0.000000
0.000000 0.000000 0.363070 0.363065 0.363058 0.363027 0.362995 0.362953 0.362953 0.362947 0.362947 0.362945 0.362943 0.362950 0.362986 0.363014 0.363042 0.363048 0.363061 0.000000 0.000000
0.000000 0.000000 0.368406 0.368393 0.368378 0.368357 0.368319 0.368273 0.368276 0.368265 0.368263 0.368262 0.368264 0.368262 0.368308 0.368344 0.368366 0.368378 0.368389 0.000000 0.000000
0.000000 0.000000 0.374081 0.374069 0.374060 0.374040 0.373987 0.373946 0.373946 0.373941 0.373934 0.373939 0.373945 0.373942 0.373981 0.374023 0.374048 0.374057 0.374065 0.000000 0.000000
0.000000 0.000000 0.380281 0.380274 0.380265 0.380216 0.380182 0.380129 0.380143 0.380113 0.380119 0.380117 0.380107 0.380125 0.380163 0.380188 0.380222 0.380239 0.380262 0.000000 0.000000
0.000000 0.000000 0.387235 0.387212 0.387191 0.387165 0.387120 0.387058 0.387052 0.387047 0.387061 0.387039 0.387049 0.387050 0.387117 0.387152 0.387173 0.387187 0.387242 0.000000 0.000000
0.000000 0.000000 0.394822 0.394799 0.394796 0.394748 0.394713 0.394541 0.394538 0.394530 0.394481 0.394510 0.394518 0.394533 0.394666 0.394697 0.394764 0.394769 0.394795 0.000000 0.000000
0.000000 0.000000 0.403826 0.403819 0.403783 0.403752 0.403529 0.403557 0.403512 0.403513 0.403531 0.403514 0.403510 0.403493 0.403466 0.403700 0.403730 0.403791 0.403832 0.000000 0.000000
0.000000 0.000000 0.414492 0.414468 0.414422 0.414135 0.414176 0.414029 0.413968 0.413954 0.413902 0.413872 0.413904 0.413899 0.414043 0.414014 0.414394 0.414329 0.414332 0.000000 0.000000
0.000000 0.000000 0.426038 0.426018 0.425609 0.425744 0.425703 0.425677 0.425837 0.425788 0.425875 0.425851 0.425781 0.425881 0.425879 0.425908 0.425572 0.426174 0.426165 0.000000 0.000000
0.000000 0.000000 0.439844 0.439239 0.439400 0.439155 0.438852 0.438760 0.438580 0.438621 0.438434 0.438455 0.438564 0.438452 0.438613 0.438836 0.439377 0.438997 0.439625 0.000000 0.000000
0.000000 0.000000 0.444278 0.444811 0.445271 0.445272 0.445300 0.444847 0.444929 0.444795 0.445019 0.444975 0.444939 0.445014 0.445390 0.445369 0.445355 0.445006 0.444482 0.000000 0.000000
0.000000 0.000000 0.350000 0.350000 0.350000 0.350000 0.350000 0.350000 0.350000 0.350000 0.350000 0.350000 0.350000 0.350000 0.350000 0.350000 0.350000 0.350000 0.350000 0.000000 0.000000
0.000000 0.000000 0.000000 0.000000 0.000000 0.000000 0.000000 0.000000 0.000000 0.000000 0.000000 0.000000 0.000000 0.000000 0.000000 0.000000 0.000000 0.000000 0.000000 0.000000 0.000000