geotop/1.0zi/1.0Montebello/Templates/testdem/maps/_Eocclay8265.asc
ncols         21
nrows         20
xllcorner     100.000000
yllcorner     100.000000
cellsize      50.000000
NODATA_value  -9999.0
0.000000 0.000000 0.000000 0.000000 0.000000 0.000000 0.000000 0.000000 0.000000 0.000000 0.000000 0.000000 0.000000 0.000000 0.000000 0.000000 0.000000 0.000000 0.000000 0.000000 0.000000
0.000000 0.000000 0.349620 0.349622 0.349622 0.349621 0.349622 0.349622 0.349622 0.349622 0.349621 0.349623 0.349622 0.349622 0.349623 0.349622 0.349620 0.349621 0.349621 0.000000 0.000000
0.000000 0.000000 0.349984 0.349983 0.349983 0.349985 0.349983 0.349982 0.349983 0.349983 0.349982 0.349982 0.349983 0.349982 0.349983 0.349984 0.349984 0.349983 0.349982 0.000000 0.000000
0.000000 0.000000 0.350004 0.350009 0.350006 0.350004 0.350007 0.350004 0.350006 0.350004 0.350007 0.350004 0.350005 0.350003 0.350005 0.350007 0.350006 0.350009 0.350006 0.000000 0.000000
0.000000 0.000000 0.351019 0.351016 0.351012 0.351008 0.350992 0.350990 0.350987 0.350990 0.350987 0.350987 0.350983 0.350987 0.350997 0.350999 0.351008 0.351011 0.351019 0.000000 0.000000
0.000000 0.000000 0.353996 0.353995 0.353982 0.353953 0.353938 0.353912 0.353913 0.353906 0.353910 0.353909 0.353912 0.353913 0.353924 0.353945 0.353961 0.353976 0.353981 0.000000 0.000000
0.000000 0.000000 0.358024 0.358021 0.358012 0.357988 0.357956 0.357916 0.357914 0.357909 0.357910 0.357911 0.357911 0.357912 0.357946 0.357977 0.357994 0.358007 0.358016 0.000000 0.000000
0.000000 0.000000 0.362806 0.362804 0.362795 0.362765 0.362734 0.362690 0.362690 0.362685 0.362685 0.362682 0.362680 0.362688 0.362725 0.362752 0.362779 0.362788 0.362801 0.000000 0.000000
0.000000 0.000000 0.367895 0.367888 0.367874 0.367855 0.367821 0.367777 0.367779 0.367769 0.367767 0.367765 0.367766 0.367765 0.367808 0.367844 0.367865 0.367875 0.367885 0.000000 0.000000
0.000000 0.000000 0.373309 0.373299 0.373292 0.373272 0.373223 0.373183 0.373182 0.373177 0.373171 0.373174 0.373181 0.373178 0.373215 0.373257 0.373282 0.373291 0.373299 0.000000 0.000000
0.000000 0.000000 0.379233 0.379227 0.379217 0.379176 0.379142 0.379092 0.379102 0.379076 0.379080 0.379079 0.379069 0.379087 0.379121 0.379147 0.379180 0.379198 0.379220 0.000000 0.000000
0.000000 0.000000 0.385832 0.385815 0.385794 0.385768 0.385728 0.385667 0.385662 0.385656 0.385670 0.385648 0.385655 0.385658 0.385721 0.385754 0.385776 0.385789 0.385844 0.000000 0.000000
0.000000 0.000000 0.393002 0.392985 0.392978 0.392938 0.392904 0.392742 0.392739 0.392730 0.392687 0.392710 0.392719 0.392734 0.392857 0.392890 0.392951 0.392958 0.392985 0.000000 0.000000
0.000000 0.000000 0.401458 0.401454 0.401419 0.401392 0.401187 0.401205 0.401162 0.401163 0.401177 0.401164 0.401158 0.401149 0.401128 0.401342 0.401375 0.401431 0.401471 0.000000 0.000000
0.000000 0.000000 0.411477 0.411458 0.411418 0.411156 0.411182 0.411051 0.410991 0.410977 0.410933 0.410903 0.410932 0.410927 0.411054 0.411043 0.411390 0.411337 0.411344 0.000000 0.000000
0.000000 0.000000 0.422488 0.422473 0.422091 0.422202 0.422173 0.422139 0.422284 0.422240 0.422316 0.422289 0.422226 0.422322 0.422326 0.422348 0.422061 0.422615 0.422608 0.000000 0.000000
0.000000 0.000000 0.436198 0.435595 0.435732 0.435504 0.435203 0.435115 0.434945 0.434986 0.434804 0.434821 0.434925 0.434823 0.434974 0.435197 0.435714 0.435372 0.436002 0.000000 0.000000
0.000000 0.000000 0.440948 0.441528 0.442040 0.442050 0.442085 0.441595 0.441680 0.441535 0.441775 0.441728 0.441689 0.441772 0.442178 0.442152 0.442137 0.441745 0.441178 0.000000 0.000000
0.000000 0.000000 0.350000 0.350000 0.350000 0.350000 0.350000 0.350000 0.350000 0.350000 0.350000 0.350000 0.350000 0.350000 0.350000 0.350000 0.350000 0.350000 0.350000 0.000000 0.000000
0.000000 0.000000 0.000000 0.000000 0.000000 0.000000 0.000000 0.000000 0.000000 0.000000 0.000000 0.000000 0.000000 0.000000 0.000000 0.000000 0.000000 0.000000 0.000000 0.000000 0.000000