geotop/1.0zi/1.0Montebello/Templates/testdem/maps/_Eocsilt9256.asc
ncols         21
nrows         20
xllcorner     100.000000
yllcorner     100.000000
cellsize      50.000000
NODATA_value  -9999.0
0.000000 0.000000 0.000000 0.000000 0.000000 0.000000 0.000000 0.000000 0.000000 0.000000 0.000000 0.000000 0.000000 0.000000 0.000000 0.000000 0.000000 0.000000 0.000000 0.000000 0.000000
0.000000 0.000000 0.350196 0.350196 0.350196 0.350196 0.350196 0.350196 0.350196 0.350196 0.350196 0.350196 0.350196 0.350196 0.350196 0.350196 0.350197 0.350196 0.350196 0.000000 0.000000
0.000000 0.000000 0.350006 0.350006 0.350006 0.350005 0.350006 0.350006 0.350006 0.350006 0.350007 0.350006 0.350007 0.350007 0.350006 0.350005 0.350004 0.350004 0.350005 0.000000 0.000000
0.000000 0.000000 0.350122 0.350119 0.350114 0.350109 0.350109 0.350104 0.350107 0.350107 0.350104 0.350107 0.350107 0.350107 0.350109 0.350113 0.350118 0.350119 0.350121 0.000000 0.000000
0.000000 0.000000 0.351268 0.351273 0.351262 0.351246 0.351236 0.351231 0.351233 0.351230 0.351230 0.351232 0.351236 0.351234 0.351248 0.351254 0.351258 0.351262 0.351264 0.000000 0.000000
0.000000 0.000000 0.354566 0.354561 0.354546 0.354527 0.354496 0.354473 0.354471 0.354465 0.354468 0.354468 0.354472 0.354470 0.354485 0.354505 0.354516 0.354521 0.354529 0.000000 0.000000
0.000000 0.000000 0.359280 0.359270 0.359254 0.359222 0.359182 0.359132 0.359137 0.359133 0.359131 0.359130 0.359127 0.359133 0.359171 0.359201 0.359221 0.359234 0.359242 0.000000 0.000000
0.000000 0.000000 0.364855 0.364844 0.364832 0.364797 0.364757 0.364712 0.364714 0.364708 0.364705 0.364701 0.364700 0.364708 0.364744 0.364779 0.364810 0.364813 0.364828 0.000000 0.000000
0.000000 0.000000 0.370942 0.370926 0.370905 0.370879 0.370833 0.370778 0.370784 0.370773 0.370767 0.370765 0.370767 0.370766 0.370819 0.370859 0.370883 0.370891 0.370905 0.000000 0.000000
0.000000 0.000000 0.377542 0.377523 0.377507 0.377480 0.377419 0.377368 0.377371 0.377363 0.377354 0.377358 0.377364 0.377363 0.377405 0.377456 0.377484 0.377492 0.377499 0.000000 0.000000
0.000000 0.000000 0.384896 0.384882 0.384869 0.384803 0.384764 0.384698 0.384715 0.384680 0.384684 0.384679 0.384667 0.384689 0.384734 0.384765 0.384804 0.384818 0.384849 0.000000 0.000000
0.000000 0.000000 0.393320 0.393289 0.393252 0.393220 0.393164 0.393083 0.393085 0.393078 0.393092 0.393061 0.393075 0.393075 0.393154 0.393199 0.393221 0.393231 0.393296 0.000000 0.000000
0.000000 0.000000 0.402676 0.402648 0.402639 0.402568 0.402521 0.402297 0.402297 0.402285 0.402215 0.402254 0.402262 0.402284 0.402451 0.402493 0.402574 0.402577 0.402602 0.000000 0.000000
0.000000 0.000000 0.414072 0.414061 0.413998 0.413954 0.413647 0.413721 0.413661 0.413661 0.413694 0.413658 0.413653 0.413628 0.413556 0.413887 0.413911 0.413985 0.414037 0.000000 0.000000
0.000000 0.000000 0.427456 0.427417 0.427349 0.426949 0.427063 0.426834 0.426768 0.426744 0.426662 0.426622 0.426669 0.426669 0.426879 0.426778 0.427303 0.427188 0.427180 0.000000 0.000000
0.000000 0.000000 0.440916 0.440888 0.440368 0.440601 0.440524 0.440525 0.440749 0.440686 0.440801 0.440775 0.440681 0.440808 0.440761 0.440827 0.440299 0.441073 0.441062 0.000000 0.000000
0.000000 0.000000 0.454602 0.454051 0.454236 0.453987 0.453709 0.453619 0.453435 0.453477 0.453288 0.453309 0.453418 0.453305 0.453457 0.453662 0.454200 0.453780 0.454351 0.000000 0.000000
0.000000 0.000000 0.459059 0.459331 0.459673 0.459624 0.459594 0.459262 0.459294 0.459205 0.459331 0.459301 0.459293 0.459330 0.459609 0.459634 0.459708 0.459398 0.459129 0.000000 0.000000
0.000000 0.000000 0.350000 0.350000 0.350000 0.350000 0.350000 0.350000 0.350000 0.350000 0.350000 0.350000 0.350000 0.350000 0.350000 0.350000 0.350000 0.350000 0.350000 0.000000 0.000000
0.000000 0.000000 0.000000 0.000000 0.000000 0.000000 0.000000 0.000000 0.000000 0.000000 0.000000 0.000000 0.000000 0.000000 0.000000 0.000000 0.000000 0.000000 0.000000 0.000000 0.000000