geotop/1.0zi/1.0Montebello/Templates/testdem/maps/_Eocsilt5969.asc
ncols         21
nrows         20
xllcorner     100.000000
yllcorner     100.000000
cellsize      50.000000
NODATA_value  -9999.0
0.000000 0.000000 0.000000 0.000000 0.000000 0.000000 0.000000 0.000000 0.000000 0.000000 0.000000 0.000000 0.000000 0.000000 0.000000 0.000000 0.000000 0.000000 0.000000 0.000000 0.000000
0.000000 0.000000 0.350119 0.350119 0.350119 0.350119 0.350119 0.350119 0.350119 0.350119 0.350119 0.350119 0.350119 0.350119 0.350119 0.350119 0.350119 0.350119 0.350119 0.000000 0.000000
0.000000 0.000000 0.350002 0.350002 0.350002 0.350003 0.350003 0.350003 0.350003 0.350003 0.350003 0.350003 0.350003 0.350003 0.350003 0.350002 0.350001 0.350001 0.350002 0.000000 0.000000
0.000000 0.000000 0.350047 0.350046 0.350045 0.350040 0.350041 0.350039 0.350041 0.350042 0.350041 0.350040 0.350040 0.350040 0.350042 0.350045 0.350046 0.350048 0.350047 0.000000 0.000000
0.000000 0.000000 0.350544 0.350547 0.350546 0.350543 0.350539 0.350534 0.350533 0.350531 0.350529 0.350530 0.350532 0.350533 0.350539 0.350541 0.350540 0.350549 0.350553 0.000000 0.000000
0.000000 0.000000 0.352109 0.352111 0.352106 0.352091 0.352080 0.352063 0.352061 0.352057 0.352061 0.352064 0.352064 0.352061 0.352068 0.352075 0.352085 0.352089 0.352094 0.000000 0.000000
0.000000 0.000000 0.354482 0.354480 0.354474 0.354455 0.354433 0.354410 0.354411 0.354409 0.354411 0.354411 0.354408 0.354412 0.354429 0.354448 0.354456 0.354466 0.354472 0.000000 0.000000
0.000000 0.000000 0.357373 0.357373 0.357372 0.357353 0.357332 0.357306 0.357306 0.357303 0.357303 0.357303 0.357301 0.357304 0.357324 0.357345 0.357361 0.357364 0.357373 0.000000 0.000000
0.000000 0.000000 0.360411 0.360406 0.360397 0.360386 0.360364 0.360334 0.360336 0.360330 0.360328 0.360329 0.360330 0.360328 0.360355 0.360377 0.360391 0.360397 0.360406 0.000000 0.000000
0.000000 0.000000 0.363468 0.363463 0.363459 0.363451 0.363421 0.363395 0.363398 0.363394 0.363390 0.363394 0.363397 0.363394 0.363415 0.363440 0.363454 0.363457 0.363463 0.000000 0.000000
0.000000 0.000000 0.366616 0.366613 0.366611 0.366589 0.366569 0.366540 0.366546 0.366532 0.366533 0.366534 0.366531 0.366538 0.366555 0.366572 0.366587 0.366597 0.366609 0.000000 0.000000
0.000000 0.000000 0.369935 0.369927 0.369918 0.369903 0.369885 0.369850 0.369851 0.369843 0.369852 0.369844 0.369846 0.369848 0.369880 0.369895 0.369906 0.369911 0.369944 0.000000 0.000000
0.000000 0.000000 0.373351 0.373344 0.373341 0.373323 0.373306 0.373235 0.373235 0.373229 0.373214 0.373222 0.373227 0.373233 0.373285 0.373299 0.373325 0.373328 0.373351 0.000000 0.000000
0.000000 0.000000 0.377076 0.377071 0.377061 0.377050 0.376979 0.376963 0.376947 0.376946 0.376941 0.376943 0.376944 0.376941 0.376949 0.377020 0.377041 0.377059 0.377083 0.000000 0.000000
0.000000 0.000000 0.381195 0.381189 0.381173 0.381098 0.381077 0.381035 0.381009 0.381004 0.380991 0.380982 0.380991 0.380985 0.381017 0.381050 0.381155 0.381146 0.381160 0.000000 0.000000
0.000000 0.000000 0.385572 0.385566 0.385468 0.385453 0.385448 0.385422 0.385443 0.385431 0.385440 0.385430 0.385418 0.385438 0.385454 0.385464 0.385452 0.385578 0.385581 0.000000 0.000000
0.000000 0.000000 0.390613 0.390479 0.390437 0.390398 0.390334 0.390302 0.390290 0.390289 0.390259 0.390256 0.390269 0.390263 0.390299 0.390348 0.390425 0.390447 0.390584 0.000000 0.000000
0.000000 0.000000 0.394221 0.394236 0.394357 0.394325 0.394279 0.394155 0.394153 0.394125 0.394146 0.394138 0.394146 0.394149 0.394262 0.394297 0.394375 0.394250 0.394244 0.000000 0.000000
0.000000 0.000000 0.350000 0.350000 0.350000 0.350000 0.350000 0.350000 0.350000 0.350000 0.350000 0.350000 0.350000 0.350000 0.350000 0.350000 0.350000 0.350000 0.350000 0.000000 0.000000
0.000000 0.000000 0.000000 0.000000 0.000000 0.000000 0.000000 0.000000 0.000000 0.000000 0.000000 0.000000 0.000000 0.000000 0.000000 0.000000 0.000000 0.000000 0.000000 0.000000 0.000000