geotop/1.0zi/1.0Montebello/Templates/testdem/maps/_Eocsilt4643.asc
ncols         21
nrows         20
xllcorner     100.000000
yllcorner     100.000000
cellsize      50.000000
NODATA_value  -9999.0
0.000000 0.000000 0.000000 0.000000 0.000000 0.000000 0.000000 0.000000 0.000000 0.000000 0.000000 0.000000 0.000000 0.000000 0.000000 0.000000 0.000000 0.000000 0.000000 0.000000 0.000000
0.000000 0.000000 0.350093 0.350093 0.350093 0.350093 0.350093 0.350093 0.350093 0.350093 0.350093 0.350093 0.350093 0.350094 0.350093 0.350093 0.350094 0.350093 0.350093 0.000000 0.000000
0.000000 0.000000 0.350002 0.350002 0.350003 0.350003 0.350003 0.350003 0.350004 0.350003 0.350004 0.350003 0.350003 0.350003 0.350003 0.350003 0.350001 0.350001 0.350002 0.000000 0.000000
0.000000 0.000000 0.350032 0.350031 0.350031 0.350026 0.350028 0.350025 0.350027 0.350028 0.350027 0.350027 0.350027 0.350026 0.350028 0.350030 0.350031 0.350032 0.350031 0.000000 0.000000
0.000000 0.000000 0.350386 0.350389 0.350388 0.350383 0.350381 0.350378 0.350376 0.350373 0.350372 0.350374 0.350375 0.350376 0.350380 0.350381 0.350382 0.350390 0.350393 0.000000 0.000000
0.000000 0.000000 0.351543 0.351545 0.351541 0.351530 0.351523 0.351508 0.351506 0.351500 0.351505 0.351508 0.351511 0.351511 0.351516 0.351521 0.351528 0.351530 0.351534 0.000000 0.000000
0.000000 0.000000 0.353347 0.353347 0.353344 0.353329 0.353313 0.353295 0.353296 0.353294 0.353297 0.353296 0.353294 0.353297 0.353310 0.353325 0.353331 0.353337 0.353344 0.000000 0.000000
0.000000 0.000000 0.355450 0.355448 0.355447 0.355433 0.355419 0.355402 0.355403 0.355400 0.355401 0.355401 0.355399 0.355398 0.355415 0.355431 0.355441 0.355444 0.355450 0.000000 0.000000
0.000000 0.000000 0.357619 0.357614 0.357610 0.357599 0.357585 0.357562 0.357564 0.357559 0.357560 0.357561 0.357559 0.357560 0.357577 0.357596 0.357604 0.357609 0.357618 0.000000 0.000000
0.000000 0.000000 0.359771 0.359768 0.359765 0.359755 0.359738 0.359719 0.359722 0.359718 0.359719 0.359720 0.359716 0.359715 0.359734 0.359752 0.359760 0.359764 0.359770 0.000000 0.000000
0.000000 0.000000 0.361943 0.361939 0.361937 0.361928 0.361915 0.361893 0.361895 0.361890 0.361890 0.361892 0.361889 0.361888 0.361905 0.361919 0.361928 0.361933 0.361940 0.000000 0.000000
0.000000 0.000000 0.364191 0.364188 0.364183 0.364171 0.364158 0.364135 0.364135 0.364132 0.364132 0.364132 0.364131 0.364129 0.364151 0.364167 0.364176 0.364180 0.364203 0.000000 0.000000
0.000000 0.000000 0.366469 0.366465 0.366460 0.366451 0.366434 0.366388 0.366389 0.366384 0.366384 0.366385 0.366382 0.366382 0.366422 0.366442 0.366451 0.366455 0.366470 0.000000 0.000000
0.000000 0.000000 0.368882 0.368875 0.368873 0.368863 0.368816 0.368803 0.368796 0.368793 0.368794 0.368794 0.368790 0.368790 0.368804 0.368850 0.368860 0.368870 0.368879 0.000000 0.000000
0.000000 0.000000 0.371485 0.371479 0.371467 0.371426 0.371405 0.371375 0.371361 0.371356 0.371350 0.371349 0.371351 0.371345 0.371368 0.371401 0.371452 0.371450 0.371458 0.000000 0.000000
0.000000 0.000000 0.374178 0.374172 0.374123 0.374114 0.374100 0.374085 0.374083 0.374081 0.374085 0.374085 0.374077 0.374085 0.374093 0.374108 0.374109 0.374164 0.374178 0.000000 0.000000
0.000000 0.000000 0.377175 0.377109 0.377068 0.377049 0.377015 0.376996 0.376991 0.376988 0.376982 0.376982 0.376982 0.376976 0.376990 0.377031 0.377057 0.377084 0.377152 0.000000 0.000000
0.000000 0.000000 0.379512 0.379498 0.379541 0.379516 0.379486 0.379420 0.379414 0.379407 0.379410 0.379410 0.379405 0.379409 0.379469 0.379504 0.379542 0.379486 0.379513 0.000000 0.000000
0.000000 0.000000 0.350000 0.350000 0.350000 0.350000 0.350000 0.350000 0.350000 0.350000 0.350000 0.350000 0.350000 0.350000 0.350000 0.350000 0.350000 0.350000 0.350000 0.000000 0.000000
0.000000 0.000000 0.000000 0.000000 0.000000 0.000000 0.000000 0.000000 0.000000 0.000000 0.000000 0.000000 0.000000 0.000000 0.000000 0.000000 0.000000 0.000000 0.000000 0.000000 0.000000