geotop/1.0zi/1.0Montebello/Templates/testdem/maps/_Eocclay8271.asc
ncols         21
nrows         20
xllcorner     100.000000
yllcorner     100.000000
cellsize      50.000000
NODATA_value  -9999.0
0.000000 0.000000 0.000000 0.000000 0.000000 0.000000 0.000000 0.000000 0.000000 0.000000 0.000000 0.000000 0.000000 0.000000 0.000000 0.000000 0.000000 0.000000 0.000000 0.000000 0.000000
0.000000 0.000000 0.349620 0.349622 0.349622 0.349621 0.349622 0.349622 0.349622 0.349622 0.349621 0.349623 0.349622 0.349622 0.349623 0.349622 0.349620 0.349621 0.349621 0.000000 0.000000
0.000000 0.000000 0.349984 0.349983 0.349983 0.349985 0.349983 0.349982 0.349983 0.349983 0.349982 0.349982 0.349983 0.349982 0.349983 0.349984 0.349984 0.349983 0.349982 0.000000 0.000000
0.000000 0.000000 0.350004 0.350009 0.350006 0.350004 0.350007 0.350004 0.350006 0.350004 0.350007 0.350004 0.350005 0.350003 0.350005 0.350007 0.350006 0.350009 0.350006 0.000000 0.000000
0.000000 0.000000 0.351018 0.351015 0.351011 0.351007 0.350991 0.350989 0.350986 0.350989 0.350986 0.350986 0.350982 0.350986 0.350996 0.350998 0.351007 0.351009 0.351018 0.000000 0.000000
0.000000 0.000000 0.353997 0.353995 0.353983 0.353954 0.353938 0.353913 0.353914 0.353907 0.353911 0.353910 0.353912 0.353914 0.353925 0.353946 0.353962 0.353977 0.353982 0.000000 0.000000
0.000000 0.000000 0.358025 0.358022 0.358013 0.357988 0.357957 0.357917 0.357915 0.357910 0.357911 0.357912 0.357912 0.357913 0.357947 0.357978 0.357995 0.358008 0.358016 0.000000 0.000000
0.000000 0.000000 0.362808 0.362806 0.362797 0.362767 0.362736 0.362692 0.362691 0.362687 0.362686 0.362684 0.362681 0.362690 0.362726 0.362754 0.362780 0.362790 0.362803 0.000000 0.000000
0.000000 0.000000 0.367899 0.367892 0.367877 0.367858 0.367825 0.367780 0.367782 0.367772 0.367770 0.367768 0.367769 0.367768 0.367811 0.367847 0.367868 0.367878 0.367889 0.000000 0.000000
0.000000 0.000000 0.373314 0.373304 0.373297 0.373278 0.373228 0.373188 0.373187 0.373182 0.373176 0.373179 0.373186 0.373183 0.373220 0.373262 0.373287 0.373296 0.373305 0.000000 0.000000
0.000000 0.000000 0.379241 0.379234 0.379225 0.379183 0.379149 0.379100 0.379109 0.379084 0.379087 0.379086 0.379077 0.379094 0.379129 0.379154 0.379187 0.379205 0.379227 0.000000 0.000000
0.000000 0.000000 0.385842 0.385825 0.385805 0.385778 0.385739 0.385678 0.385673 0.385666 0.385681 0.385659 0.385665 0.385668 0.385732 0.385764 0.385787 0.385800 0.385855 0.000000 0.000000
0.000000 0.000000 0.393016 0.392999 0.392992 0.392953 0.392918 0.392756 0.392753 0.392744 0.392701 0.392724 0.392733 0.392748 0.392871 0.392904 0.392966 0.392973 0.392999 0.000000 0.000000
0.000000 0.000000 0.401477 0.401473 0.401439 0.401411 0.401206 0.401224 0.401181 0.401182 0.401196 0.401183 0.401177 0.401168 0.401147 0.401361 0.401394 0.401451 0.401490 0.000000 0.000000
0.000000 0.000000 0.411502 0.411484 0.411443 0.411181 0.411208 0.411076 0.411017 0.411002 0.410958 0.410928 0.410957 0.410952 0.411080 0.411069 0.411416 0.411363 0.411369 0.000000 0.000000
0.000000 0.000000 0.422521 0.422506 0.422124 0.422234 0.422205 0.422172 0.422316 0.422272 0.422348 0.422322 0.422258 0.422355 0.422358 0.422381 0.422093 0.422649 0.422641 0.000000 0.000000
0.000000 0.000000 0.436239 0.435636 0.435772 0.435545 0.435243 0.435155 0.434985 0.435026 0.434844 0.434861 0.434965 0.434862 0.435014 0.435237 0.435754 0.435412 0.436043 0.000000 0.000000
0.000000 0.000000 0.440989 0.441569 0.442081 0.442091 0.442126 0.441635 0.441721 0.441576 0.441816 0.441768 0.441729 0.441812 0.442218 0.442193 0.442178 0.441786 0.441219 0.000000 0.000000
0.000000 0.000000 0.350000 0.350000 0.350000 0.350000 0.350000 0.350000 0.350000 0.350000 0.350000 0.350000 0.350000 0.350000 0.350000 0.350000 0.350000 0.350000 0.350000 0.000000 0.000000
0.000000 0.000000 0.000000 0.000000 0.000000 0.000000 0.000000 0.000000 0.000000 0.000000 0.000000 0.000000 0.000000 0.000000 0.000000 0.000000 0.000000 0.000000 0.000000 0.000000 0.000000