geotop/1.0zi/1.0Montebello/Templates/testdem/maps/_Eocsilt1412.asc
ncols         21
nrows         20
xllcorner     100.000000
yllcorner     100.000000
cellsize      50.000000
NODATA_value  -9999.0
0.000000 0.000000 0.000000 0.000000 0.000000 0.000000 0.000000 0.000000 0.000000 0.000000 0.000000 0.000000 0.000000 0.000000 0.000000 0.000000 0.000000 0.000000 0.000000 0.000000 0.000000
0.000000 0.000000 0.350029 0.350029 0.350029 0.350029 0.350029 0.350029 0.350029 0.350029 0.350029 0.350029 0.350029 0.350029 0.350029 0.350029 0.350029 0.350029 0.350029 0.000000 0.000000
0.000000 0.000000 0.350000 0.350000 0.350000 0.350000 0.350000 0.350000 0.350000 0.350000 0.350000 0.350000 0.350000 0.350000 0.350000 0.350000 0.350000 0.350000 0.350000 0.000000 0.000000
0.000000 0.000000 0.350583 0.350583 0.350580 0.350581 0.350583 0.350583 0.350583 0.350583 0.350583 0.350583 0.350583 0.350583 0.350583 0.350581 0.350580 0.350583 0.350583 0.000000 0.000000
0.000000 0.000000 0.352529 0.352529 0.352526 0.352526 0.352530 0.352529 0.352529 0.352530 0.352530 0.352530 0.352529 0.352529 0.352530 0.352526 0.352526 0.352529 0.352529 0.000000 0.000000
0.000000 0.000000 0.354952 0.354951 0.354949 0.354949 0.354952 0.354951 0.354951 0.354952 0.354952 0.354952 0.354951 0.354951 0.354952 0.354949 0.354949 0.354951 0.354952 0.000000 0.000000
0.000000 0.000000 0.357181 0.357181 0.357179 0.357180 0.357182 0.357181 0.357181 0.357182 0.357182 0.357182 0.357181 0.357181 0.357182 0.357180 0.357179 0.357181 0.357181 0.000000 0.000000
0.000000 0.000000 0.359230 0.359229 0.359228 0.359228 0.359230 0.359230 0.359230 0.359230 0.359230 0.359230 0.359230 0.359230 0.359230 0.359228 0.359228 0.359229 0.359230 0.000000 0.000000
0.000000 0.000000 0.361149 0.361149 0.361148 0.361148 0.361150 0.361149 0.361149 0.361150 0.361150 0.361150 0.361149 0.361149 0.361150 0.361148 0.361148 0.361149 0.361149 0.000000 0.000000
0.000000 0.000000 0.362989 0.362989 0.362987 0.362988 0.362989 0.362989 0.362989 0.362989 0.362989 0.362989 0.362989 0.362989 0.362989 0.362988 0.362987 0.362989 0.362989 0.000000 0.000000
0.000000 0.000000 0.364768 0.364768 0.364766 0.364767 0.364768 0.364768 0.364768 0.364768 0.364768 0.364768 0.364768 0.364768 0.364768 0.364767 0.364766 0.364768 0.364768 0.000000 0.000000
0.000000 0.000000 0.366505 0.366505 0.366503 0.366504 0.366505 0.366505 0.366505 0.366505 0.366505 0.366505 0.366505 0.366505 0.366505 0.366504 0.366503 0.366505 0.366505 0.000000 0.000000
0.000000 0.000000 0.368212 0.368211 0.368210 0.368211 0.368212 0.368212 0.368212 0.368212 0.368212 0.368212 0.368212 0.368212 0.368212 0.368211 0.368210 0.368211 0.368212 0.000000 0.000000
0.000000 0.000000 0.369888 0.369888 0.369887 0.369887 0.369888 0.369888 0.369888 0.369888 0.369888 0.369888 0.369888 0.369888 0.369888 0.369887 0.369887 0.369888 0.369888 0.000000 0.000000
0.000000 0.000000 0.371541 0.371541 0.371540 0.371540 0.371541 0.371541 0.371541 0.371541 0.371541 0.371541 0.371541 0.371541 0.371541 0.371540 0.371540 0.371541 0.371541 0.000000 0.000000
0.000000 0.000000 0.373177 0.373177 0.373176 0.373176 0.373177 0.373177 0.373177 0.373177 0.373177 0.373177 0.373177 0.373177 0.373177 0.373176 0.373176 0.373177 0.373177 0.000000 0.000000
0.000000 0.000000 0.374794 0.374794 0.374793 0.374793 0.374795 0.374794 0.374794 0.374795 0.374795 0.374795 0.374794 0.374794 0.374795 0.374793 0.374793 0.374794 0.374794 0.000000 0.000000
0.000000 0.000000 0.376430 0.376430 0.376429 0.376429 0.376431 0.376430 0.376430 0.376431 0.376431 0.376431 0.376430 0.376430 0.376431 0.376429 0.376429 0.376430 0.376430 0.000000 0.000000
0.000000 0.000000 0.350000 0.350000 0.350000 0.350000 0.350000 0.350000 0.350000 0.350000 0.350000 0.350000 0.350000 0.350000 0.350000 0.350000 0.350000 0.350000 0.350000 0.000000 0.000000
0.000000 0.000000 0.000000 0.000000 0.000000 0.000000 0.000000 0.000000 0.000000 0.000000 0.000000 0.000000 0.000000 0.000000 0.000000 0.000000 0.000000 0.000000 0.000000 0.000000 0.000000