geotop/1.0zi/1.0Montebello/Templates/testdem/maps/_Eocsand0961.asc
ncols         21
nrows         20
xllcorner     100.000000
yllcorner     100.000000
cellsize      50.000000
NODATA_value  -9999.0
0.000000 0.000000 0.000000 0.000000 0.000000 0.000000 0.000000 0.000000 0.000000 0.000000 0.000000 0.000000 0.000000 0.000000 0.000000 0.000000 0.000000 0.000000 0.000000 0.000000 0.000000
0.000000 0.000000 0.300032 0.300032 0.300032 0.300032 0.300032 0.300032 0.300032 0.300032 0.300032 0.300032 0.300032 0.300032 0.300032 0.300032 0.300032 0.300032 0.300032 0.000000 0.000000
0.000000 0.000000 0.300005 0.300005 0.300005 0.300005 0.300005 0.300005 0.300005 0.300005 0.300005 0.300005 0.300005 0.300005 0.300005 0.300005 0.300005 0.300005 0.300005 0.000000 0.000000
0.000000 0.000000 0.299179 0.299179 0.299184 0.299182 0.299178 0.299179 0.299179 0.299178 0.299178 0.299178 0.299179 0.299179 0.299178 0.299182 0.299184 0.299179 0.299179 0.000000 0.000000
0.000000 0.000000 0.296259 0.296262 0.296265 0.296266 0.296259 0.296260 0.296260 0.296259 0.296259 0.296259 0.296260 0.296260 0.296259 0.296266 0.296265 0.296262 0.296259 0.000000 0.000000
0.000000 0.000000 0.292930 0.292932 0.292935 0.292936 0.292930 0.292931 0.292931 0.292930 0.292930 0.292930 0.292931 0.292931 0.292930 0.292936 0.292935 0.292932 0.292930 0.000000 0.000000
0.000000 0.000000 0.289827 0.289828 0.289831 0.289831 0.289827 0.289827 0.289828 0.289827 0.289827 0.289827 0.289828 0.289827 0.289827 0.289831 0.289831 0.289828 0.289827 0.000000 0.000000
0.000000 0.000000 0.286975 0.286976 0.286978 0.286978 0.286975 0.286975 0.286975 0.286975 0.286975 0.286975 0.286975 0.286975 0.286975 0.286978 0.286978 0.286976 0.286975 0.000000 0.000000
0.000000 0.000000 0.284303 0.284304 0.284307 0.284306 0.284303 0.284303 0.284304 0.284303 0.284303 0.284303 0.284304 0.284303 0.284303 0.284306 0.284307 0.284304 0.284303 0.000000 0.000000
0.000000 0.000000 0.281742 0.281743 0.281745 0.281745 0.281742 0.281742 0.281742 0.281742 0.281742 0.281742 0.281742 0.281742 0.281742 0.281745 0.281745 0.281743 0.281742 0.000000 0.000000
0.000000 0.000000 0.279265 0.279266 0.279268 0.279268 0.279265 0.279265 0.279265 0.279265 0.279265 0.279265 0.279265 0.279265 0.279265 0.279268 0.279268 0.279266 0.279265 0.000000 0.000000
0.000000 0.000000 0.276846 0.276846 0.276849 0.276848 0.276846 0.276846 0.276846 0.276846 0.276846 0.276846 0.276846 0.276846 0.276846 0.276848 0.276849 0.276846 0.276846 0.000000 0.000000
0.000000 0.000000 0.274464 0.274465 0.274468 0.274467 0.274464 0.274464 0.274464 0.274464 0.274464 0.274464 0.274464 0.274464 0.274464 0.274467 0.274468 0.274465 0.274464 0.000000 0.000000
0.000000 0.000000 0.272122 0.272123 0.272126 0.272125 0.272122 0.272122 0.272122 0.272122 0.272122 0.272122 0.272122 0.272122 0.272122 0.272125 0.272126 0.272123 0.272122 0.000000 0.000000
0.000000 0.000000 0.269806 0.269807 0.269809 0.269809 0.269806 0.269806 0.269806 0.269806 0.269806 0.269806 0.269806 0.269806 0.269806 0.269809 0.269809 0.269807 0.269806 0.000000 0.000000
0.000000 0.000000 0.267507 0.267508 0.267510 0.267510 0.267507 0.267507 0.267507 0.267507 0.267507 0.267507 0.267507 0.267507 0.267507 0.267510 0.267510 0.267508 0.267507 0.000000 0.000000
0.000000 0.000000 0.265232 0.265233 0.265235 0.265235 0.265232 0.265232 0.265232 0.265232 0.265232 0.265232 0.265232 0.265232 0.265232 0.265235 0.265235 0.265233 0.265232 0.000000 0.000000
0.000000 0.000000 0.262904 0.262904 0.262907 0.262906 0.262904 0.262904 0.262904 0.262904 0.262904 0.262904 0.262904 0.262904 0.262904 0.262906 0.262907 0.262904 0.262904 0.000000 0.000000
0.000000 0.000000 0.300000 0.300000 0.300000 0.300000 0.300000 0.300000 0.300000 0.300000 0.300000 0.300000 0.300000 0.300000 0.300000 0.300000 0.300000 0.300000 0.300000 0.000000 0.000000
0.000000 0.000000 0.000000 0.000000 0.000000 0.000000 0.000000 0.000000 0.000000 0.000000 0.000000 0.000000 0.000000 0.000000 0.000000 0.000000 0.000000 0.000000 0.000000 0.000000 0.000000