geotop/1.0zi/1.0Montebello/Templates/testdem/maps/_Eocclay6426.asc
ncols         21
nrows         20
xllcorner     100.000000
yllcorner     100.000000
cellsize      50.000000
NODATA_value  -9999.0
0.000000 0.000000 0.000000 0.000000 0.000000 0.000000 0.000000 0.000000 0.000000 0.000000 0.000000 0.000000 0.000000 0.000000 0.000000 0.000000 0.000000 0.000000 0.000000 0.000000 0.000000
0.000000 0.000000 0.349713 0.349714 0.349714 0.349713 0.349715 0.349715 0.349714 0.349714 0.349713 0.349715 0.349714 0.349714 0.349715 0.349715 0.349713 0.349713 0.349714 0.000000 0.000000
0.000000 0.000000 0.349989 0.349988 0.349989 0.349989 0.349988 0.349988 0.349988 0.349988 0.349988 0.349987 0.349988 0.349987 0.349988 0.349988 0.349989 0.349989 0.349987 0.000000 0.000000
0.000000 0.000000 0.349983 0.349988 0.349984 0.349985 0.349986 0.349986 0.349988 0.349984 0.349989 0.349986 0.349986 0.349986 0.349986 0.349988 0.349986 0.349988 0.349987 0.000000 0.000000
0.000000 0.000000 0.350593 0.350593 0.350590 0.350587 0.350574 0.350571 0.350571 0.350574 0.350571 0.350570 0.350565 0.350567 0.350574 0.350574 0.350579 0.350581 0.350589 0.000000 0.000000
0.000000 0.000000 0.352431 0.352432 0.352424 0.352401 0.352394 0.352375 0.352375 0.352370 0.352373 0.352375 0.352378 0.352378 0.352383 0.352398 0.352408 0.352419 0.352424 0.000000 0.000000
0.000000 0.000000 0.355141 0.355139 0.355134 0.355115 0.355092 0.355063 0.355062 0.355057 0.355059 0.355061 0.355061 0.355061 0.355083 0.355107 0.355119 0.355128 0.355136 0.000000 0.000000
0.000000 0.000000 0.358402 0.358402 0.358397 0.358375 0.358352 0.358320 0.358320 0.358317 0.358317 0.358317 0.358315 0.358320 0.358346 0.358366 0.358384 0.358390 0.358401 0.000000 0.000000
0.000000 0.000000 0.361764 0.361761 0.361751 0.361738 0.361715 0.361683 0.361685 0.361679 0.361676 0.361677 0.361676 0.361675 0.361706 0.361729 0.361745 0.361750 0.361760 0.000000 0.000000
0.000000 0.000000 0.365205 0.365199 0.365195 0.365183 0.365150 0.365121 0.365122 0.365118 0.365114 0.365118 0.365123 0.365119 0.365145 0.365173 0.365190 0.365193 0.365201 0.000000 0.000000
0.000000 0.000000 0.368814 0.368811 0.368807 0.368782 0.368760 0.368727 0.368734 0.368717 0.368718 0.368719 0.368715 0.368725 0.368745 0.368763 0.368783 0.368793 0.368808 0.000000 0.000000
0.000000 0.000000 0.372647 0.372641 0.372629 0.372610 0.372589 0.372549 0.372550 0.372542 0.372551 0.372540 0.372542 0.372545 0.372583 0.372601 0.372615 0.372621 0.372658 0.000000 0.000000
0.000000 0.000000 0.376637 0.376628 0.376623 0.376602 0.376582 0.376498 0.376497 0.376490 0.376472 0.376482 0.376488 0.376495 0.376558 0.376576 0.376608 0.376611 0.376636 0.000000 0.000000
0.000000 0.000000 0.381036 0.381032 0.381018 0.381002 0.380916 0.380898 0.380879 0.380878 0.380873 0.380876 0.380874 0.380872 0.380882 0.380971 0.380996 0.381018 0.381045 0.000000 0.000000
0.000000 0.000000 0.385960 0.385955 0.385935 0.385839 0.385815 0.385765 0.385733 0.385727 0.385710 0.385699 0.385711 0.385705 0.385747 0.385782 0.385915 0.385902 0.385918 0.000000 0.000000
0.000000 0.000000 0.391239 0.391234 0.391104 0.391092 0.391085 0.391055 0.391086 0.391070 0.391085 0.391071 0.391055 0.391084 0.391103 0.391113 0.391088 0.391254 0.391256 0.000000 0.000000
0.000000 0.000000 0.397448 0.397267 0.397225 0.397170 0.397080 0.397042 0.397020 0.397022 0.396978 0.396977 0.396997 0.396985 0.397034 0.397102 0.397213 0.397222 0.397411 0.000000 0.000000
0.000000 0.000000 0.401639 0.401687 0.401856 0.401818 0.401767 0.401598 0.401598 0.401559 0.401594 0.401583 0.401591 0.401599 0.401755 0.401792 0.401885 0.401715 0.401679 0.000000 0.000000
0.000000 0.000000 0.350000 0.350000 0.350000 0.350000 0.350000 0.350000 0.350000 0.350000 0.350000 0.350000 0.350000 0.350000 0.350000 0.350000 0.350000 0.350000 0.350000 0.000000 0.000000
0.000000 0.000000 0.000000 0.000000 0.000000 0.000000 0.000000 0.000000 0.000000 0.000000 0.000000 0.000000 0.000000 0.000000 0.000000 0.000000 0.000000 0.000000 0.000000 0.000000 0.000000