geotop/1.0zi/1.0Montebello/Templates/testdem/maps/_Eocclay3277.asc
ncols         21
nrows         20
xllcorner     100.000000
yllcorner     100.000000
cellsize      50.000000
NODATA_value  -9999.0
0.000000 0.000000 0.000000 0.000000 0.000000 0.000000 0.000000 0.000000 0.000000 0.000000 0.000000 0.000000 0.000000 0.000000 0.000000 0.000000 0.000000 0.000000 0.000000 0.000000 0.000000
0.000000 0.000000 0.349821 0.349821 0.349821 0.349821 0.349821 0.349821 0.349821 0.349821 0.349821 0.349821 0.349821 0.349821 0.349821 0.349821 0.349821 0.349821 0.349821 0.000000 0.000000
0.000000 0.000000 0.349995 0.349995 0.349995 0.349995 0.349995 0.349995 0.349995 0.349995 0.349996 0.349995 0.349995 0.349995 0.349995 0.349995 0.349995 0.349995 0.349995 0.000000 0.000000
0.000000 0.000000 0.351259 0.351258 0.351256 0.351257 0.351258 0.351258 0.351258 0.351258 0.351258 0.351258 0.351258 0.351258 0.351258 0.351257 0.351256 0.351258 0.351259 0.000000 0.000000
0.000000 0.000000 0.356319 0.356318 0.356317 0.356317 0.356321 0.356319 0.356319 0.356321 0.356321 0.356321 0.356319 0.356319 0.356321 0.356317 0.356317 0.356318 0.356319 0.000000 0.000000
0.000000 0.000000 0.361919 0.361919 0.361917 0.361917 0.361920 0.361919 0.361919 0.361920 0.361920 0.361920 0.361919 0.361919 0.361920 0.361917 0.361917 0.361919 0.361919 0.000000 0.000000
0.000000 0.000000 0.367160 0.367159 0.367158 0.367158 0.367160 0.367159 0.367159 0.367160 0.367161 0.367160 0.367159 0.367159 0.367160 0.367158 0.367158 0.367159 0.367160 0.000000 0.000000
0.000000 0.000000 0.371929 0.371929 0.371927 0.371927 0.371929 0.371929 0.371929 0.371929 0.371930 0.371929 0.371929 0.371929 0.371929 0.371927 0.371927 0.371929 0.371929 0.000000 0.000000
0.000000 0.000000 0.376340 0.376339 0.376338 0.376338 0.376340 0.376339 0.376339 0.376340 0.376340 0.376340 0.376339 0.376339 0.376340 0.376338 0.376338 0.376339 0.376340 0.000000 0.000000
0.000000 0.000000 0.380495 0.380495 0.380494 0.380494 0.380496 0.380495 0.380495 0.380496 0.380496 0.380496 0.380495 0.380495 0.380496 0.380494 0.380494 0.380495 0.380495 0.000000 0.000000
0.000000 0.000000 0.384447 0.384447 0.384445 0.384446 0.384447 0.384447 0.384447 0.384447 0.384448 0.384447 0.384447 0.384447 0.384447 0.384446 0.384445 0.384447 0.384447 0.000000 0.000000
0.000000 0.000000 0.388232 0.388232 0.388231 0.388231 0.388233 0.388232 0.388232 0.388233 0.388233 0.388233 0.388232 0.388232 0.388233 0.388231 0.388231 0.388232 0.388232 0.000000 0.000000
0.000000 0.000000 0.391878 0.391877 0.391876 0.391877 0.391878 0.391877 0.391877 0.391878 0.391878 0.391878 0.391877 0.391877 0.391878 0.391877 0.391876 0.391877 0.391878 0.000000 0.000000
0.000000 0.000000 0.395413 0.395413 0.395412 0.395412 0.395413 0.395413 0.395413 0.395413 0.395414 0.395413 0.395413 0.395413 0.395413 0.395412 0.395412 0.395413 0.395413 0.000000 0.000000
0.000000 0.000000 0.398848 0.398847 0.398846 0.398847 0.398848 0.398847 0.398847 0.398848 0.398848 0.398848 0.398847 0.398847 0.398848 0.398847 0.398846 0.398847 0.398848 0.000000 0.000000
0.000000 0.000000 0.402187 0.402187 0.402186 0.402187 0.402188 0.402187 0.402187 0.402188 0.402188 0.402188 0.402187 0.402187 0.402188 0.402187 0.402186 0.402187 0.402187 0.000000 0.000000
0.000000 0.000000 0.405443 0.405442 0.405441 0.405442 0.405443 0.405442 0.405442 0.405443 0.405443 0.405443 0.405442 0.405442 0.405443 0.405442 0.405441 0.405442 0.405443 0.000000 0.000000
0.000000 0.000000 0.408676 0.408676 0.408675 0.408675 0.408677 0.408676 0.408676 0.408677 0.408677 0.408677 0.408676 0.408676 0.408677 0.408675 0.408675 0.408676 0.408676 0.000000 0.000000
0.000000 0.000000 0.350000 0.350000 0.350000 0.350000 0.350000 0.350000 0.350000 0.350000 0.350000 0.350000 0.350000 0.350000 0.350000 0.350000 0.350000 0.350000 0.350000 0.000000 0.000000
0.000000 0.000000 0.000000 0.000000 0.000000 0.000000 0.000000 0.000000 0.000000 0.000000 0.000000 0.000000 0.000000 0.000000 0.000000 0.000000 0.000000 0.000000 0.000000 0.000000 0.000000