geotop/1.0zi/1.0Montebello/Templates/testdem/maps/_Eocsand8692.asc
ncols         21
nrows         20
xllcorner     100.000000
yllcorner     100.000000
cellsize      50.000000
NODATA_value  -9999.0
0.000000 0.000000 0.000000 0.000000 0.000000 0.000000 0.000000 0.000000 0.000000 0.000000 0.000000 0.000000 0.000000 0.000000 0.000000 0.000000 0.000000 0.000000 0.000000 0.000000 0.000000
0.000000 0.000000 0.300220 0.300218 0.300218 0.300218 0.300217 0.300217 0.300217 0.300217 0.300218 0.300217 0.300217 0.300218 0.300217 0.300217 0.300219 0.300219 0.300219 0.000000 0.000000
0.000000 0.000000 0.300012 0.300014 0.300013 0.300012 0.300013 0.300013 0.300013 0.300013 0.300013 0.300013 0.300012 0.300013 0.300013 0.300013 0.300014 0.300014 0.300015 0.000000 0.000000
0.000000 0.000000 0.299863 0.299862 0.299868 0.299878 0.299876 0.299880 0.299875 0.299876 0.299877 0.299876 0.299875 0.299878 0.299872 0.299866 0.299864 0.299863 0.299862 0.000000 0.000000
0.000000 0.000000 0.297677 0.297680 0.297694 0.297714 0.297741 0.297746 0.297751 0.297751 0.297752 0.297748 0.297746 0.297745 0.297724 0.297717 0.297702 0.297692 0.297679 0.000000 0.000000
0.000000 0.000000 0.291434 0.291440 0.291468 0.291521 0.291562 0.291605 0.291605 0.291618 0.291607 0.291607 0.291598 0.291602 0.291575 0.291541 0.291510 0.291491 0.291477 0.000000 0.000000
0.000000 0.000000 0.282759 0.282774 0.282796 0.282854 0.282927 0.283004 0.283003 0.283012 0.283010 0.283008 0.283010 0.283005 0.282935 0.282874 0.282838 0.282810 0.282793 0.000000 0.000000
0.000000 0.000000 0.272496 0.272507 0.272524 0.272592 0.272659 0.272744 0.272744 0.272755 0.272755 0.272759 0.272764 0.272747 0.272672 0.272615 0.272557 0.272543 0.272515 0.000000 0.000000
0.000000 0.000000 0.261417 0.261442 0.261475 0.261520 0.261598 0.261688 0.261682 0.261701 0.261706 0.261709 0.261705 0.261709 0.261615 0.261541 0.261495 0.261474 0.261450 0.000000 0.000000
0.000000 0.000000 0.249546 0.249573 0.249593 0.249639 0.249749 0.249830 0.249829 0.249839 0.249852 0.249842 0.249829 0.249834 0.249756 0.249667 0.249613 0.249595 0.249578 0.000000 0.000000
0.000000 0.000000 0.236458 0.236475 0.236497 0.236603 0.236675 0.236779 0.236750 0.236812 0.236798 0.236803 0.236823 0.236787 0.236708 0.236656 0.236582 0.236548 0.236497 0.000000 0.000000
0.000000 0.000000 0.221698 0.221747 0.221795 0.221853 0.221951 0.222072 0.222086 0.222093 0.222063 0.222111 0.222089 0.222089 0.221948 0.221872 0.221827 0.221800 0.221681 0.000000 0.000000
0.000000 0.000000 0.205495 0.205544 0.205551 0.205661 0.205736 0.206099 0.206106 0.206121 0.206228 0.206163 0.206146 0.206113 0.205827 0.205759 0.205614 0.205607 0.205551 0.000000 0.000000
0.000000 0.000000 0.186091 0.186105 0.186190 0.186262 0.186758 0.186669 0.186767 0.186763 0.186715 0.186758 0.186766 0.186806 0.186878 0.186357 0.186298 0.186164 0.186073 0.000000 0.000000
0.000000 0.000000 0.162999 0.163055 0.163157 0.163808 0.163692 0.164016 0.164147 0.164177 0.164294 0.164360 0.164285 0.164296 0.163967 0.164058 0.163205 0.163363 0.163359 0.000000 0.000000
0.000000 0.000000 0.138156 0.138201 0.139120 0.138786 0.138890 0.138916 0.138546 0.138651 0.138447 0.138499 0.138657 0.138433 0.138458 0.138384 0.139191 0.137829 0.137846 0.000000 0.000000
0.000000 0.000000 0.108813 0.110132 0.109734 0.110295 0.110956 0.111147 0.111561 0.111461 0.111881 0.111832 0.111583 0.111841 0.111487 0.110999 0.109770 0.110680 0.109304 0.000000 0.000000
0.000000 0.000000 0.100353 0.099184 0.098214 0.098208 0.098133 0.099085 0.098899 0.099185 0.098696 0.098791 0.098873 0.098708 0.097915 0.097971 0.098028 0.098753 0.099906 0.000000 0.000000
0.000000 0.000000 0.300000 0.300000 0.300000 0.300000 0.300000 0.300000 0.300000 0.300000 0.300000 0.300000 0.300000 0.300000 0.300000 0.300000 0.300000 0.300000 0.300000 0.000000 0.000000
0.000000 0.000000 0.000000 0.000000 0.000000 0.000000 0.000000 0.000000 0.000000 0.000000 0.000000 0.000000 0.000000 0.000000 0.000000 0.000000 0.000000 0.000000 0.000000 0.000000 0.000000