geotop/1.0zi/1.0Montebello/Templates/testdem/maps/_Eocsilt145D.asc
ncols         21
nrows         20
xllcorner     100.000000
yllcorner     100.000000
cellsize      50.000000
NODATA_value  -9999.0
0.000000 0.000000 0.000000 0.000000 0.000000 0.000000 0.000000 0.000000 0.000000 0.000000 0.000000 0.000000 0.000000 0.000000 0.000000 0.000000 0.000000 0.000000 0.000000 0.000000 0.000000
0.000000 0.000000 0.350253 0.350253 0.350254 0.350254 0.350253 0.350253 0.350253 0.350253 0.350253 0.350253 0.350253 0.350253 0.350253 0.350253 0.350254 0.350254 0.350253 0.000000 0.000000
0.000000 0.000000 0.350013 0.350013 0.350013 0.350013 0.350013 0.350013 0.350014 0.350014 0.350014 0.350014 0.350014 0.350014 0.350013 0.350013 0.350011 0.350011 0.350013 0.000000 0.000000
0.000000 0.000000 0.350248 0.350247 0.350237 0.350233 0.350234 0.350223 0.350227 0.350228 0.350225 0.350228 0.350228 0.350232 0.350229 0.350234 0.350239 0.350243 0.350245 0.000000 0.000000
0.000000 0.000000 0.352158 0.352161 0.352150 0.352129 0.352115 0.352108 0.352107 0.352104 0.352099 0.352105 0.352111 0.352107 0.352121 0.352133 0.352140 0.352147 0.352153 0.000000 0.000000
0.000000 0.000000 0.356983 0.356976 0.356958 0.356925 0.356888 0.356858 0.356853 0.356848 0.356844 0.356845 0.356851 0.356846 0.356865 0.356895 0.356909 0.356922 0.356928 0.000000 0.000000
0.000000 0.000000 0.363749 0.363736 0.363712 0.363665 0.363616 0.363548 0.363545 0.363541 0.363532 0.363532 0.363529 0.363533 0.363584 0.363625 0.363651 0.363673 0.363680 0.000000 0.000000
0.000000 0.000000 0.371913 0.371896 0.371873 0.371812 0.371759 0.371693 0.371686 0.371679 0.371668 0.371666 0.371663 0.371672 0.371719 0.371768 0.371810 0.371820 0.371836 0.000000 0.000000
0.000000 0.000000 0.381270 0.381244 0.381205 0.381156 0.381093 0.381008 0.381005 0.380991 0.380977 0.380975 0.380978 0.380972 0.381045 0.381105 0.381139 0.381158 0.381171 0.000000 0.000000
0.000000 0.000000 0.392150 0.392111 0.392074 0.392021 0.391946 0.391856 0.391843 0.391836 0.391813 0.391820 0.391834 0.391828 0.391885 0.391965 0.392008 0.392029 0.392034 0.000000 0.000000
0.000000 0.000000 0.405256 0.405218 0.405185 0.405050 0.405020 0.404890 0.404910 0.404846 0.404851 0.404839 0.404814 0.404850 0.404919 0.404970 0.405034 0.405060 0.405116 0.000000 0.000000
0.000000 0.000000 0.421294 0.421213 0.421116 0.421070 0.421000 0.420829 0.420799 0.420814 0.420821 0.420769 0.420798 0.420779 0.420920 0.421015 0.421041 0.421068 0.421174 0.000000 0.000000
0.000000 0.000000 0.438725 0.438658 0.438648 0.438515 0.438435 0.437986 0.437955 0.437927 0.437742 0.437873 0.437867 0.437910 0.438225 0.438289 0.438461 0.438484 0.438458 0.000000 0.000000
0.000000 0.000000 0.455874 0.455862 0.455739 0.455694 0.455259 0.455509 0.455406 0.455411 0.455504 0.455412 0.455400 0.455339 0.455129 0.455620 0.455602 0.455714 0.455774 0.000000 0.000000
0.000000 0.000000 0.466345 0.466326 0.466276 0.466095 0.466091 0.466020 0.465982 0.465971 0.465941 0.465916 0.465935 0.465927 0.465992 0.465996 0.466221 0.466189 0.466189 0.000000 0.000000
0.000000 0.000000 0.472321 0.472304 0.472289 0.472110 0.472178 0.472077 0.472047 0.472038 0.471997 0.471984 0.472005 0.472002 0.472093 0.472025 0.472261 0.472190 0.472181 0.000000 0.000000
0.000000 0.000000 0.475699 0.475776 0.475624 0.475637 0.475700 0.475668 0.475735 0.475711 0.475748 0.475734 0.475705 0.475749 0.475755 0.475702 0.475603 0.475810 0.475710 0.000000 0.000000
0.000000 0.000000 0.479259 0.479099 0.478961 0.478927 0.478904 0.478949 0.478944 0.478961 0.478911 0.478914 0.478923 0.478916 0.478879 0.478892 0.478929 0.479044 0.479192 0.000000 0.000000
0.000000 0.000000 0.350000 0.350000 0.350000 0.350000 0.350000 0.350000 0.350000 0.350000 0.350000 0.350000 0.350000 0.350000 0.350000 0.350000 0.350000 0.350000 0.350000 0.000000 0.000000
0.000000 0.000000 0.000000 0.000000 0.000000 0.000000 0.000000 0.000000 0.000000 0.000000 0.000000 0.000000 0.000000 0.000000 0.000000 0.000000 0.000000 0.000000 0.000000 0.000000 0.000000