geotop/1.0zi/1.0Montebello/Templates/testdem/maps/_Eocsand3396.asc
ncols         21
nrows         20
xllcorner     100.000000
yllcorner     100.000000
cellsize      50.000000
NODATA_value  -9999.0
0.000000 0.000000 0.000000 0.000000 0.000000 0.000000 0.000000 0.000000 0.000000 0.000000 0.000000 0.000000 0.000000 0.000000 0.000000 0.000000 0.000000 0.000000 0.000000 0.000000 0.000000
0.000000 0.000000 0.300091 0.300091 0.300091 0.300091 0.300091 0.300091 0.300091 0.300091 0.300092 0.300091 0.300091 0.300091 0.300091 0.300091 0.300091 0.300091 0.300091 0.000000 0.000000
0.000000 0.000000 0.300011 0.300011 0.300011 0.300010 0.300011 0.300011 0.300011 0.300011 0.300009 0.300011 0.300011 0.300011 0.300011 0.300010 0.300011 0.300011 0.300011 0.000000 0.000000
0.000000 0.000000 0.297334 0.297335 0.297340 0.297338 0.297335 0.297335 0.297335 0.297335 0.297334 0.297335 0.297335 0.297335 0.297335 0.297338 0.297340 0.297335 0.297334 0.000000 0.000000
0.000000 0.000000 0.287233 0.287234 0.287238 0.287237 0.287231 0.287234 0.287234 0.287231 0.287230 0.287231 0.287234 0.287234 0.287231 0.287237 0.287238 0.287234 0.287233 0.000000 0.000000
0.000000 0.000000 0.275513 0.275514 0.275518 0.275517 0.275512 0.275514 0.275514 0.275512 0.275511 0.275512 0.275514 0.275514 0.275512 0.275517 0.275518 0.275514 0.275513 0.000000 0.000000
0.000000 0.000000 0.264730 0.264731 0.264734 0.264733 0.264729 0.264731 0.264731 0.264729 0.264728 0.264729 0.264731 0.264731 0.264729 0.264733 0.264734 0.264731 0.264730 0.000000 0.000000
0.000000 0.000000 0.254957 0.254957 0.254960 0.254960 0.254956 0.254957 0.254957 0.254956 0.254955 0.254956 0.254957 0.254957 0.254956 0.254960 0.254960 0.254957 0.254957 0.000000 0.000000
0.000000 0.000000 0.245937 0.245937 0.245940 0.245939 0.245936 0.245937 0.245937 0.245936 0.245935 0.245936 0.245937 0.245937 0.245936 0.245939 0.245940 0.245937 0.245937 0.000000 0.000000
0.000000 0.000000 0.237458 0.237458 0.237461 0.237460 0.237457 0.237458 0.237458 0.237457 0.237456 0.237457 0.237458 0.237458 0.237457 0.237460 0.237461 0.237458 0.237458 0.000000 0.000000
0.000000 0.000000 0.229411 0.229412 0.229414 0.229413 0.229410 0.229412 0.229412 0.229411 0.229410 0.229411 0.229412 0.229412 0.229410 0.229413 0.229414 0.229412 0.229411 0.000000 0.000000
0.000000 0.000000 0.221719 0.221720 0.221722 0.221721 0.221718 0.221720 0.221720 0.221719 0.221718 0.221719 0.221720 0.221720 0.221718 0.221721 0.221722 0.221720 0.221719 0.000000 0.000000
0.000000 0.000000 0.214324 0.214324 0.214326 0.214325 0.214323 0.214324 0.214324 0.214323 0.214322 0.214323 0.214324 0.214324 0.214323 0.214325 0.214326 0.214324 0.214324 0.000000 0.000000
0.000000 0.000000 0.207167 0.207167 0.207169 0.207168 0.207166 0.207167 0.207167 0.207166 0.207165 0.207166 0.207167 0.207167 0.207166 0.207168 0.207169 0.207167 0.207167 0.000000 0.000000
0.000000 0.000000 0.200227 0.200227 0.200230 0.200229 0.200226 0.200227 0.200227 0.200226 0.200226 0.200226 0.200227 0.200227 0.200226 0.200229 0.200230 0.200227 0.200227 0.000000 0.000000
0.000000 0.000000 0.193495 0.193495 0.193497 0.193497 0.193494 0.193495 0.193495 0.193494 0.193493 0.193494 0.193495 0.193495 0.193494 0.193497 0.193497 0.193495 0.193495 0.000000 0.000000
0.000000 0.000000 0.186946 0.186946 0.186948 0.186947 0.186945 0.186946 0.186946 0.186945 0.186944 0.186945 0.186946 0.186946 0.186945 0.186947 0.186948 0.186946 0.186946 0.000000 0.000000
0.000000 0.000000 0.180459 0.180458 0.180460 0.180459 0.180457 0.180458 0.180458 0.180457 0.180457 0.180457 0.180458 0.180458 0.180457 0.180459 0.180460 0.180458 0.180458 0.000000 0.000000
0.000000 0.000000 0.300000 0.300000 0.300000 0.300000 0.300000 0.300000 0.300000 0.300000 0.300000 0.300000 0.300000 0.300000 0.300000 0.300000 0.300000 0.300000 0.300000 0.000000 0.000000
0.000000 0.000000 0.000000 0.000000 0.000000 0.000000 0.000000 0.000000 0.000000 0.000000 0.000000 0.000000 0.000000 0.000000 0.000000 0.000000 0.000000 0.000000 0.000000 0.000000 0.000000