geotop/1.0zi/1.0Montebello/Templates/testdem/maps/_Eocsand9620.asc
ncols         21
nrows         20
xllcorner     100.000000
yllcorner     100.000000
cellsize      50.000000
NODATA_value  -9999.0
0.000000 0.000000 0.000000 0.000000 0.000000 0.000000 0.000000 0.000000 0.000000 0.000000 0.000000 0.000000 0.000000 0.000000 0.000000 0.000000 0.000000 0.000000 0.000000 0.000000 0.000000
0.000000 0.000000 0.300241 0.300238 0.300238 0.300239 0.300238 0.300238 0.300238 0.300238 0.300239 0.300238 0.300239 0.300239 0.300238 0.300238 0.300239 0.300239 0.300239 0.000000 0.000000
0.000000 0.000000 0.300011 0.300013 0.300013 0.300011 0.300012 0.300013 0.300012 0.300012 0.300012 0.300012 0.300012 0.300012 0.300012 0.300012 0.300013 0.300013 0.300014 0.000000 0.000000
0.000000 0.000000 0.299816 0.299814 0.299823 0.299831 0.299830 0.299836 0.299828 0.299830 0.299830 0.299829 0.299827 0.299829 0.299824 0.299818 0.299814 0.299812 0.299813 0.000000 0.000000
0.000000 0.000000 0.297074 0.297074 0.297090 0.297123 0.297150 0.297160 0.297160 0.297161 0.297164 0.297157 0.297151 0.297152 0.297128 0.297114 0.297100 0.297090 0.297077 0.000000 0.000000
0.000000 0.000000 0.289571 0.289582 0.289619 0.289680 0.289743 0.289801 0.289797 0.289809 0.289808 0.289808 0.289796 0.289800 0.289768 0.289714 0.289687 0.289666 0.289654 0.000000 0.000000
0.000000 0.000000 0.279308 0.279330 0.279359 0.279432 0.279513 0.279623 0.279621 0.279631 0.279639 0.279639 0.279639 0.279634 0.279545 0.279479 0.279439 0.279410 0.279395 0.000000 0.000000
0.000000 0.000000 0.267118 0.267144 0.267174 0.267261 0.267351 0.267451 0.267448 0.267462 0.267473 0.267479 0.267481 0.267464 0.267381 0.267308 0.267242 0.267228 0.267200 0.000000 0.000000
0.000000 0.000000 0.253756 0.253792 0.253840 0.253907 0.254009 0.254128 0.254116 0.254140 0.254156 0.254160 0.254154 0.254159 0.254042 0.253955 0.253904 0.253883 0.253857 0.000000 0.000000
0.000000 0.000000 0.239034 0.239084 0.239122 0.239194 0.239306 0.239429 0.239427 0.239444 0.239470 0.239460 0.239444 0.239449 0.239356 0.239243 0.239183 0.239161 0.239148 0.000000 0.000000
0.000000 0.000000 0.222330 0.222372 0.222409 0.222568 0.222621 0.222787 0.222753 0.222834 0.222828 0.222840 0.222866 0.222819 0.222716 0.222646 0.222563 0.222532 0.222460 0.000000 0.000000
0.000000 0.000000 0.202887 0.202973 0.203071 0.203147 0.203235 0.203443 0.203446 0.203458 0.203434 0.203506 0.203471 0.203480 0.203294 0.203186 0.203142 0.203115 0.202970 0.000000 0.000000
0.000000 0.000000 0.181010 0.181091 0.181115 0.181266 0.181372 0.181918 0.181928 0.181963 0.182155 0.182040 0.182026 0.181978 0.181573 0.181481 0.181282 0.181272 0.181234 0.000000 0.000000
0.000000 0.000000 0.153947 0.153985 0.154158 0.154266 0.155025 0.154769 0.154933 0.154934 0.154840 0.154941 0.154958 0.155034 0.155275 0.154442 0.154408 0.154213 0.154095 0.000000 0.000000
0.000000 0.000000 0.122954 0.123044 0.123201 0.124189 0.123785 0.124396 0.124539 0.124604 0.124827 0.124904 0.124790 0.124784 0.124248 0.124636 0.123347 0.123648 0.123692 0.000000 0.000000
0.000000 0.000000 0.094664 0.094719 0.095824 0.095243 0.095442 0.095395 0.094909 0.095039 0.094779 0.094824 0.095033 0.094769 0.094925 0.094743 0.095996 0.094304 0.094330 0.000000 0.000000
0.000000 0.000000 0.069760 0.070640 0.070372 0.070758 0.071218 0.071365 0.071650 0.071583 0.071883 0.071848 0.071675 0.071852 0.071610 0.071270 0.070445 0.071069 0.070151 0.000000 0.000000
0.000000 0.000000 0.059951 0.059781 0.059246 0.059403 0.059544 0.060023 0.060042 0.060147 0.060041 0.060072 0.060045 0.060035 0.059606 0.059500 0.059218 0.059789 0.059951 0.000000 0.000000
0.000000 0.000000 0.300000 0.300000 0.300000 0.300000 0.300000 0.300000 0.300000 0.300000 0.300000 0.300000 0.300000 0.300000 0.300000 0.300000 0.300000 0.300000 0.300000 0.000000 0.000000
0.000000 0.000000 0.000000 0.000000 0.000000 0.000000 0.000000 0.000000 0.000000 0.000000 0.000000 0.000000 0.000000 0.000000 0.000000 0.000000 0.000000 0.000000 0.000000 0.000000 0.000000