geotop/1.0zi/1.0Montebello/Templates/testdem/maps/_Eocclay1316.asc
ncols         21
nrows         20
xllcorner     100.000000
yllcorner     100.000000
cellsize      50.000000
NODATA_value  -9999.0
0.000000 0.000000 0.000000 0.000000 0.000000 0.000000 0.000000 0.000000 0.000000 0.000000 0.000000 0.000000 0.000000 0.000000 0.000000 0.000000 0.000000 0.000000 0.000000 0.000000 0.000000
0.000000 0.000000 0.349932 0.349932 0.349932 0.349932 0.349932 0.349932 0.349932 0.349932 0.349932 0.349932 0.349932 0.349932 0.349932 0.349932 0.349932 0.349932 0.349932 0.000000 0.000000
0.000000 0.000000 0.349994 0.349994 0.349993 0.349994 0.349994 0.349994 0.349994 0.349994 0.349994 0.349994 0.349994 0.349994 0.349994 0.349994 0.349993 0.349994 0.349994 0.000000 0.000000
0.000000 0.000000 0.350549 0.350549 0.350547 0.350548 0.350549 0.350549 0.350549 0.350549 0.350549 0.350549 0.350549 0.350549 0.350549 0.350548 0.350547 0.350549 0.350549 0.000000 0.000000
0.000000 0.000000 0.352552 0.352551 0.352548 0.352548 0.352552 0.352551 0.352551 0.352552 0.352552 0.352552 0.352551 0.352551 0.352552 0.352548 0.352548 0.352551 0.352552 0.000000 0.000000
0.000000 0.000000 0.354769 0.354768 0.354766 0.354766 0.354769 0.354768 0.354768 0.354769 0.354769 0.354769 0.354768 0.354768 0.354769 0.354766 0.354766 0.354768 0.354769 0.000000 0.000000
0.000000 0.000000 0.356883 0.356883 0.356881 0.356881 0.356883 0.356883 0.356883 0.356883 0.356883 0.356883 0.356883 0.356883 0.356883 0.356881 0.356881 0.356883 0.356883 0.000000 0.000000
0.000000 0.000000 0.358833 0.358833 0.358831 0.358832 0.358834 0.358833 0.358833 0.358834 0.358834 0.358834 0.358833 0.358833 0.358834 0.358832 0.358831 0.358833 0.358833 0.000000 0.000000
0.000000 0.000000 0.360662 0.360661 0.360660 0.360660 0.360662 0.360662 0.360662 0.360662 0.360662 0.360662 0.360662 0.360662 0.360662 0.360660 0.360660 0.360661 0.360662 0.000000 0.000000
0.000000 0.000000 0.362415 0.362415 0.362414 0.362414 0.362416 0.362415 0.362415 0.362416 0.362415 0.362416 0.362415 0.362415 0.362416 0.362414 0.362414 0.362415 0.362415 0.000000 0.000000
0.000000 0.000000 0.364112 0.364112 0.364110 0.364111 0.364112 0.364112 0.364112 0.364112 0.364112 0.364112 0.364112 0.364112 0.364112 0.364111 0.364110 0.364112 0.364112 0.000000 0.000000
0.000000 0.000000 0.365770 0.365770 0.365768 0.365769 0.365770 0.365770 0.365770 0.365770 0.365770 0.365770 0.365770 0.365770 0.365770 0.365769 0.365768 0.365770 0.365770 0.000000 0.000000
0.000000 0.000000 0.367401 0.367400 0.367399 0.367399 0.367401 0.367401 0.367400 0.367401 0.367401 0.367401 0.367400 0.367401 0.367401 0.367399 0.367399 0.367400 0.367401 0.000000 0.000000
0.000000 0.000000 0.369004 0.369004 0.369002 0.369003 0.369004 0.369004 0.369004 0.369004 0.369004 0.369004 0.369004 0.369004 0.369004 0.369003 0.369002 0.369004 0.369004 0.000000 0.000000
0.000000 0.000000 0.370587 0.370587 0.370586 0.370586 0.370588 0.370587 0.370587 0.370588 0.370588 0.370588 0.370587 0.370587 0.370588 0.370586 0.370586 0.370587 0.370587 0.000000 0.000000
0.000000 0.000000 0.372157 0.372156 0.372155 0.372155 0.372157 0.372156 0.372156 0.372157 0.372157 0.372157 0.372156 0.372156 0.372157 0.372155 0.372155 0.372156 0.372157 0.000000 0.000000
0.000000 0.000000 0.373710 0.373710 0.373708 0.373709 0.373710 0.373710 0.373710 0.373710 0.373710 0.373710 0.373710 0.373710 0.373710 0.373709 0.373708 0.373710 0.373710 0.000000 0.000000
0.000000 0.000000 0.375288 0.375288 0.375287 0.375287 0.375289 0.375288 0.375288 0.375289 0.375289 0.375289 0.375288 0.375288 0.375289 0.375287 0.375287 0.375288 0.375288 0.000000 0.000000
0.000000 0.000000 0.350000 0.350000 0.350000 0.350000 0.350000 0.350000 0.350000 0.350000 0.350000 0.350000 0.350000 0.350000 0.350000 0.350000 0.350000 0.350000 0.350000 0.000000 0.000000
0.000000 0.000000 0.000000 0.000000 0.000000 0.000000 0.000000 0.000000 0.000000 0.000000 0.000000 0.000000 0.000000 0.000000 0.000000 0.000000 0.000000 0.000000 0.000000 0.000000 0.000000