geotop/1.0zi/1.0Montebello/Templates/testdem/maps/_Eocsilt9119.asc
ncols         21
nrows         20
xllcorner     100.000000
yllcorner     100.000000
cellsize      50.000000
NODATA_value  -9999.0
0.000000 0.000000 0.000000 0.000000 0.000000 0.000000 0.000000 0.000000 0.000000 0.000000 0.000000 0.000000 0.000000 0.000000 0.000000 0.000000 0.000000 0.000000 0.000000 0.000000 0.000000
0.000000 0.000000 0.350194 0.350194 0.350194 0.350194 0.350194 0.350194 0.350194 0.350194 0.350194 0.350194 0.350194 0.350194 0.350194 0.350194 0.350195 0.350195 0.350194 0.000000 0.000000
0.000000 0.000000 0.350005 0.350005 0.350006 0.350005 0.350006 0.350006 0.350006 0.350006 0.350006 0.350006 0.350007 0.350007 0.350006 0.350005 0.350004 0.350004 0.350005 0.000000 0.000000
0.000000 0.000000 0.350123 0.350119 0.350114 0.350109 0.350109 0.350104 0.350107 0.350108 0.350104 0.350107 0.350107 0.350107 0.350110 0.350114 0.350119 0.350119 0.350122 0.000000 0.000000
0.000000 0.000000 0.351266 0.351270 0.351260 0.351244 0.351234 0.351230 0.351231 0.351228 0.351228 0.351230 0.351234 0.351232 0.351246 0.351252 0.351255 0.351259 0.351261 0.000000 0.000000
0.000000 0.000000 0.354512 0.354506 0.354492 0.354473 0.354443 0.354423 0.354420 0.354414 0.354418 0.354419 0.354422 0.354420 0.354434 0.354452 0.354462 0.354466 0.354473 0.000000 0.000000
0.000000 0.000000 0.359129 0.359119 0.359103 0.359072 0.359034 0.358987 0.358991 0.358987 0.358986 0.358985 0.358982 0.358987 0.359024 0.359053 0.359071 0.359083 0.359090 0.000000 0.000000
0.000000 0.000000 0.364586 0.364574 0.364562 0.364528 0.364490 0.364447 0.364449 0.364444 0.364441 0.364438 0.364436 0.364444 0.364479 0.364512 0.364542 0.364544 0.364558 0.000000 0.000000
0.000000 0.000000 0.370530 0.370513 0.370493 0.370468 0.370424 0.370372 0.370377 0.370367 0.370362 0.370360 0.370362 0.370360 0.370412 0.370450 0.370472 0.370479 0.370492 0.000000 0.000000
0.000000 0.000000 0.376956 0.376936 0.376920 0.376894 0.376836 0.376789 0.376791 0.376784 0.376776 0.376780 0.376786 0.376784 0.376825 0.376873 0.376899 0.376905 0.376912 0.000000 0.000000
0.000000 0.000000 0.384088 0.384073 0.384060 0.383998 0.383961 0.383900 0.383916 0.383882 0.383887 0.383883 0.383871 0.383891 0.383935 0.383964 0.383999 0.384011 0.384041 0.000000 0.000000
0.000000 0.000000 0.392228 0.392197 0.392161 0.392130 0.392077 0.392003 0.392004 0.391998 0.392012 0.391983 0.391996 0.391995 0.392072 0.392114 0.392132 0.392140 0.392203 0.000000 0.000000
0.000000 0.000000 0.401235 0.401206 0.401197 0.401130 0.401087 0.400876 0.400875 0.400865 0.400799 0.400837 0.400844 0.400864 0.401025 0.401063 0.401138 0.401139 0.401163 0.000000 0.000000
0.000000 0.000000 0.412168 0.412155 0.412095 0.412053 0.411763 0.411832 0.411775 0.411777 0.411807 0.411776 0.411769 0.411745 0.411682 0.411993 0.412014 0.412083 0.412131 0.000000 0.000000
0.000000 0.000000 0.425055 0.425015 0.424950 0.424569 0.424672 0.424462 0.424395 0.424375 0.424299 0.424262 0.424304 0.424303 0.424499 0.424410 0.424907 0.424796 0.424790 0.000000 0.000000
0.000000 0.000000 0.438264 0.438233 0.437723 0.437942 0.437873 0.437874 0.438089 0.438029 0.438142 0.438116 0.438024 0.438147 0.438107 0.438165 0.437659 0.438410 0.438398 0.000000 0.000000
0.000000 0.000000 0.452243 0.451657 0.451851 0.451589 0.451298 0.451208 0.451013 0.451059 0.450861 0.450884 0.450998 0.450878 0.451037 0.451251 0.451816 0.451372 0.451976 0.000000 0.000000
0.000000 0.000000 0.456550 0.456902 0.457275 0.457242 0.457232 0.456868 0.456917 0.456815 0.456973 0.456938 0.456920 0.456968 0.457273 0.457282 0.457321 0.457001 0.456650 0.000000 0.000000
0.000000 0.000000 0.350000 0.350000 0.350000 0.350000 0.350000 0.350000 0.350000 0.350000 0.350000 0.350000 0.350000 0.350000 0.350000 0.350000 0.350000 0.350000 0.350000 0.000000 0.000000
0.000000 0.000000 0.000000 0.000000 0.000000 0.000000 0.000000 0.000000 0.000000 0.000000 0.000000 0.000000 0.000000 0.000000 0.000000 0.000000 0.000000 0.000000 0.000000 0.000000 0.000000