geotop/1.0zi/1.0Montebello/Templates/testdem/maps/_Eocclay9872.asc
ncols         21
nrows         20
xllcorner     100.000000
yllcorner     100.000000
cellsize      50.000000
NODATA_value  -9999.0
0.000000 0.000000 0.000000 0.000000 0.000000 0.000000 0.000000 0.000000 0.000000 0.000000 0.000000 0.000000 0.000000 0.000000 0.000000 0.000000 0.000000 0.000000 0.000000 0.000000 0.000000
0.000000 0.000000 0.349549 0.349552 0.349551 0.349550 0.349552 0.349552 0.349551 0.349552 0.349551 0.349552 0.349552 0.349551 0.349552 0.349552 0.349550 0.349550 0.349551 0.000000 0.000000
0.000000 0.000000 0.349981 0.349979 0.349979 0.349981 0.349979 0.349979 0.349979 0.349979 0.349979 0.349979 0.349979 0.349979 0.349980 0.349980 0.349981 0.349980 0.349979 0.000000 0.000000
0.000000 0.000000 0.350040 0.350045 0.350042 0.350038 0.350039 0.350039 0.350043 0.350040 0.350043 0.350041 0.350042 0.350040 0.350043 0.350046 0.350045 0.350046 0.350043 0.000000 0.000000
0.000000 0.000000 0.351483 0.351477 0.351470 0.351458 0.351440 0.351437 0.351434 0.351436 0.351434 0.351438 0.351439 0.351440 0.351450 0.351455 0.351466 0.351469 0.351478 0.000000 0.000000
0.000000 0.000000 0.355445 0.355439 0.355416 0.355379 0.355348 0.355316 0.355322 0.355315 0.355315 0.355314 0.355321 0.355319 0.355336 0.355367 0.355382 0.355395 0.355400 0.000000 0.000000
0.000000 0.000000 0.360777 0.360766 0.360751 0.360715 0.360675 0.360615 0.360616 0.360609 0.360605 0.360606 0.360607 0.360607 0.360656 0.360691 0.360711 0.360725 0.360732 0.000000 0.000000
0.000000 0.000000 0.367116 0.367102 0.367085 0.367039 0.366993 0.366940 0.366941 0.366934 0.366929 0.366926 0.366924 0.366933 0.366978 0.367015 0.367048 0.367057 0.367071 0.000000 0.000000
0.000000 0.000000 0.374074 0.374056 0.374031 0.373996 0.373944 0.373882 0.373889 0.373876 0.373868 0.373865 0.373868 0.373865 0.373926 0.373971 0.373997 0.374007 0.374020 0.000000 0.000000
0.000000 0.000000 0.381808 0.381780 0.381761 0.381722 0.381665 0.381600 0.381601 0.381592 0.381578 0.381583 0.381592 0.381588 0.381638 0.381697 0.381728 0.381740 0.381746 0.000000 0.000000
0.000000 0.000000 0.390672 0.390649 0.390628 0.390544 0.390517 0.390428 0.390447 0.390403 0.390407 0.390400 0.390386 0.390410 0.390466 0.390503 0.390547 0.390562 0.390600 0.000000 0.000000
0.000000 0.000000 0.401071 0.401024 0.400971 0.400931 0.400884 0.400773 0.400771 0.400766 0.400778 0.400739 0.400757 0.400750 0.400852 0.400910 0.400934 0.400947 0.401024 0.000000 0.000000
0.000000 0.000000 0.412865 0.412821 0.412808 0.412725 0.412668 0.412371 0.412366 0.412346 0.412240 0.412305 0.412310 0.412336 0.412559 0.412608 0.412717 0.412722 0.412739 0.000000 0.000000
0.000000 0.000000 0.427562 0.427541 0.427444 0.427385 0.426966 0.427121 0.427030 0.427030 0.427087 0.427028 0.427017 0.426972 0.426832 0.427295 0.427309 0.427416 0.427480 0.000000 0.000000
0.000000 0.000000 0.444228 0.444177 0.444094 0.443553 0.443795 0.443452 0.443378 0.443342 0.443216 0.443178 0.443240 0.443243 0.443548 0.443315 0.444022 0.443852 0.443824 0.000000 0.000000
0.000000 0.000000 0.458920 0.458891 0.458312 0.458630 0.458519 0.458553 0.458811 0.458744 0.458883 0.458861 0.458749 0.458886 0.458798 0.458902 0.458225 0.459118 0.459105 0.000000 0.000000
0.000000 0.000000 0.471607 0.471151 0.471287 0.471089 0.470852 0.470795 0.470648 0.470682 0.470528 0.470547 0.470635 0.470543 0.470650 0.470828 0.471250 0.470930 0.471404 0.000000 0.000000
0.000000 0.000000 0.476428 0.476566 0.476854 0.476790 0.476736 0.476479 0.476485 0.476423 0.476496 0.476478 0.476483 0.476497 0.476723 0.476766 0.476872 0.476585 0.476450 0.000000 0.000000
0.000000 0.000000 0.350000 0.350000 0.350000 0.350000 0.350000 0.350000 0.350000 0.350000 0.350000 0.350000 0.350000 0.350000 0.350000 0.350000 0.350000 0.350000 0.350000 0.000000 0.000000
0.000000 0.000000 0.000000 0.000000 0.000000 0.000000 0.000000 0.000000 0.000000 0.000000 0.000000 0.000000 0.000000 0.000000 0.000000 0.000000 0.000000 0.000000 0.000000 0.000000 0.000000