geotop/1.0zi/1.0Montebello/Templates/testdem/maps/_Eocclay2838.asc
ncols         21
nrows         20
xllcorner     100.000000
yllcorner     100.000000
cellsize      50.000000
NODATA_value  -9999.0
0.000000 0.000000 0.000000 0.000000 0.000000 0.000000 0.000000 0.000000 0.000000 0.000000 0.000000 0.000000 0.000000 0.000000 0.000000 0.000000 0.000000 0.000000 0.000000 0.000000 0.000000
0.000000 0.000000 0.349844 0.349844 0.349844 0.349844 0.349844 0.349844 0.349844 0.349844 0.349843 0.349844 0.349844 0.349844 0.349844 0.349844 0.349844 0.349844 0.349844 0.000000 0.000000
0.000000 0.000000 0.349993 0.349992 0.349992 0.349993 0.349992 0.349993 0.349992 0.349992 0.349993 0.349992 0.349992 0.349993 0.349992 0.349993 0.349992 0.349992 0.349993 0.000000 0.000000
0.000000 0.000000 0.350975 0.350975 0.350973 0.350974 0.350975 0.350975 0.350975 0.350975 0.350975 0.350975 0.350975 0.350975 0.350975 0.350974 0.350973 0.350975 0.350975 0.000000 0.000000
0.000000 0.000000 0.355224 0.355223 0.355221 0.355221 0.355225 0.355224 0.355224 0.355225 0.355225 0.355225 0.355224 0.355224 0.355225 0.355221 0.355221 0.355223 0.355224 0.000000 0.000000
0.000000 0.000000 0.360054 0.360053 0.360052 0.360052 0.360055 0.360054 0.360054 0.360055 0.360055 0.360055 0.360054 0.360054 0.360055 0.360052 0.360052 0.360053 0.360054 0.000000 0.000000
0.000000 0.000000 0.364608 0.364608 0.364606 0.364606 0.364608 0.364608 0.364608 0.364609 0.364609 0.364609 0.364608 0.364608 0.364608 0.364606 0.364606 0.364608 0.364608 0.000000 0.000000
0.000000 0.000000 0.368769 0.368769 0.368767 0.368768 0.368769 0.368769 0.368769 0.368770 0.368770 0.368770 0.368769 0.368769 0.368769 0.368768 0.368767 0.368769 0.368769 0.000000 0.000000
0.000000 0.000000 0.372632 0.372632 0.372631 0.372631 0.372632 0.372632 0.372632 0.372633 0.372633 0.372633 0.372632 0.372632 0.372632 0.372631 0.372631 0.372632 0.372632 0.000000 0.000000
0.000000 0.000000 0.376288 0.376287 0.376286 0.376286 0.376288 0.376287 0.376287 0.376288 0.376288 0.376288 0.376287 0.376287 0.376288 0.376286 0.376286 0.376287 0.376288 0.000000 0.000000
0.000000 0.000000 0.379778 0.379778 0.379777 0.379777 0.379778 0.379778 0.379778 0.379778 0.379779 0.379778 0.379778 0.379778 0.379778 0.379777 0.379777 0.379778 0.379778 0.000000 0.000000
0.000000 0.000000 0.383138 0.383137 0.383136 0.383137 0.383138 0.383137 0.383137 0.383138 0.383138 0.383138 0.383137 0.383137 0.383138 0.383137 0.383136 0.383137 0.383138 0.000000 0.000000
0.000000 0.000000 0.386391 0.386391 0.386390 0.386390 0.386392 0.386391 0.386391 0.386392 0.386392 0.386392 0.386391 0.386391 0.386392 0.386390 0.386390 0.386391 0.386391 0.000000 0.000000
0.000000 0.000000 0.389561 0.389561 0.389560 0.389560 0.389561 0.389561 0.389561 0.389562 0.389562 0.389562 0.389561 0.389561 0.389561 0.389560 0.389560 0.389561 0.389561 0.000000 0.000000
0.000000 0.000000 0.392656 0.392656 0.392654 0.392655 0.392656 0.392656 0.392656 0.392656 0.392656 0.392656 0.392656 0.392656 0.392656 0.392655 0.392654 0.392656 0.392656 0.000000 0.000000
0.000000 0.000000 0.395681 0.395681 0.395680 0.395680 0.395681 0.395681 0.395681 0.395681 0.395682 0.395681 0.395681 0.395681 0.395681 0.395680 0.395680 0.395681 0.395681 0.000000 0.000000
0.000000 0.000000 0.398641 0.398641 0.398640 0.398640 0.398641 0.398641 0.398641 0.398641 0.398642 0.398641 0.398641 0.398641 0.398641 0.398640 0.398640 0.398641 0.398641 0.000000 0.000000
0.000000 0.000000 0.401590 0.401590 0.401589 0.401589 0.401590 0.401590 0.401590 0.401591 0.401591 0.401591 0.401590 0.401590 0.401590 0.401589 0.401589 0.401590 0.401590 0.000000 0.000000
0.000000 0.000000 0.350000 0.350000 0.350000 0.350000 0.350000 0.350000 0.350000 0.350000 0.350000 0.350000 0.350000 0.350000 0.350000 0.350000 0.350000 0.350000 0.350000 0.000000 0.000000
0.000000 0.000000 0.000000 0.000000 0.000000 0.000000 0.000000 0.000000 0.000000 0.000000 0.000000 0.000000 0.000000 0.000000 0.000000 0.000000 0.000000 0.000000 0.000000 0.000000 0.000000