geotop/1.0zi/1.0Montebello/Templates/testdem/maps/_Eocsand0892.asc
ncols         21
nrows         20
xllcorner     100.000000
yllcorner     100.000000
cellsize      50.000000
NODATA_value  -9999.0
0.000000 0.000000 0.000000 0.000000 0.000000 0.000000 0.000000 0.000000 0.000000 0.000000 0.000000 0.000000 0.000000 0.000000 0.000000 0.000000 0.000000 0.000000 0.000000 0.000000 0.000000
0.000000 0.000000 0.300031 0.300031 0.300031 0.300031 0.300031 0.300031 0.300031 0.300031 0.300031 0.300031 0.300031 0.300031 0.300031 0.300031 0.300031 0.300031 0.300031 0.000000 0.000000
0.000000 0.000000 0.300005 0.300005 0.300005 0.300005 0.300005 0.300005 0.300005 0.300005 0.300005 0.300005 0.300005 0.300005 0.300005 0.300005 0.300005 0.300005 0.300005 0.000000 0.000000
0.000000 0.000000 0.299236 0.299236 0.299241 0.299239 0.299235 0.299236 0.299236 0.299235 0.299235 0.299235 0.299236 0.299236 0.299235 0.299239 0.299241 0.299236 0.299236 0.000000 0.000000
0.000000 0.000000 0.296518 0.296520 0.296524 0.296525 0.296517 0.296518 0.296519 0.296518 0.296518 0.296518 0.296519 0.296518 0.296517 0.296525 0.296524 0.296520 0.296518 0.000000 0.000000
0.000000 0.000000 0.293403 0.293405 0.293408 0.293408 0.293403 0.293404 0.293404 0.293403 0.293403 0.293403 0.293404 0.293404 0.293403 0.293408 0.293408 0.293405 0.293403 0.000000 0.000000
0.000000 0.000000 0.290508 0.290509 0.290512 0.290512 0.290508 0.290508 0.290508 0.290508 0.290508 0.290508 0.290508 0.290508 0.290508 0.290512 0.290512 0.290509 0.290508 0.000000 0.000000
0.000000 0.000000 0.287850 0.287851 0.287853 0.287853 0.287849 0.287850 0.287850 0.287849 0.287850 0.287849 0.287850 0.287850 0.287849 0.287853 0.287853 0.287851 0.287850 0.000000 0.000000
0.000000 0.000000 0.285361 0.285362 0.285365 0.285365 0.285361 0.285361 0.285362 0.285361 0.285361 0.285361 0.285362 0.285361 0.285361 0.285365 0.285365 0.285362 0.285361 0.000000 0.000000
0.000000 0.000000 0.282976 0.282977 0.282979 0.282979 0.282976 0.282976 0.282976 0.282976 0.282976 0.282976 0.282976 0.282976 0.282976 0.282979 0.282979 0.282977 0.282976 0.000000 0.000000
0.000000 0.000000 0.280671 0.280671 0.280674 0.280674 0.280671 0.280671 0.280671 0.280671 0.280671 0.280671 0.280671 0.280671 0.280671 0.280674 0.280674 0.280671 0.280671 0.000000 0.000000
0.000000 0.000000 0.278418 0.278419 0.278421 0.278421 0.278418 0.278418 0.278418 0.278418 0.278418 0.278418 0.278418 0.278418 0.278418 0.278421 0.278421 0.278419 0.278418 0.000000 0.000000
0.000000 0.000000 0.276202 0.276203 0.276206 0.276205 0.276202 0.276203 0.276203 0.276202 0.276203 0.276202 0.276203 0.276203 0.276202 0.276205 0.276206 0.276203 0.276202 0.000000 0.000000
0.000000 0.000000 0.274025 0.274026 0.274028 0.274028 0.274025 0.274025 0.274025 0.274025 0.274025 0.274025 0.274025 0.274025 0.274025 0.274028 0.274028 0.274026 0.274025 0.000000 0.000000
0.000000 0.000000 0.271872 0.271872 0.271875 0.271874 0.271872 0.271872 0.271872 0.271872 0.271872 0.271872 0.271872 0.271872 0.271872 0.271874 0.271875 0.271872 0.271872 0.000000 0.000000
0.000000 0.000000 0.269733 0.269733 0.269736 0.269735 0.269733 0.269733 0.269733 0.269733 0.269733 0.269733 0.269733 0.269733 0.269733 0.269735 0.269736 0.269733 0.269733 0.000000 0.000000
0.000000 0.000000 0.267613 0.267614 0.267617 0.267616 0.267613 0.267613 0.267614 0.267613 0.267613 0.267613 0.267614 0.267613 0.267613 0.267616 0.267617 0.267614 0.267613 0.000000 0.000000
0.000000 0.000000 0.265439 0.265439 0.265442 0.265441 0.265438 0.265438 0.265439 0.265438 0.265438 0.265438 0.265439 0.265438 0.265438 0.265441 0.265442 0.265439 0.265438 0.000000 0.000000
0.000000 0.000000 0.300000 0.300000 0.300000 0.300000 0.300000 0.300000 0.300000 0.300000 0.300000 0.300000 0.300000 0.300000 0.300000 0.300000 0.300000 0.300000 0.300000 0.000000 0.000000
0.000000 0.000000 0.000000 0.000000 0.000000 0.000000 0.000000 0.000000 0.000000 0.000000 0.000000 0.000000 0.000000 0.000000 0.000000 0.000000 0.000000 0.000000 0.000000 0.000000 0.000000