geotop/1.0zi/1.0Montebello/Templates/testdem/maps/_Eocsilt0289.asc
ncols         21
nrows         20
xllcorner     100.000000
yllcorner     100.000000
cellsize      50.000000
NODATA_value  -9999.0
0.000000 0.000000 0.000000 0.000000 0.000000 0.000000 0.000000 0.000000 0.000000 0.000000 0.000000 0.000000 0.000000 0.000000 0.000000 0.000000 0.000000 0.000000 0.000000 0.000000 0.000000
0.000000 0.000000 0.350007 0.350007 0.350007 0.350007 0.350007 0.350007 0.350007 0.350007 0.350007 0.350007 0.350007 0.350007 0.350007 0.350007 0.350007 0.350007 0.350007 0.000000 0.000000
0.000000 0.000000 0.350001 0.350000 0.350001 0.350000 0.350001 0.350001 0.350001 0.350001 0.350001 0.350001 0.350001 0.350001 0.350001 0.350000 0.350001 0.350000 0.350001 0.000000 0.000000
0.000000 0.000000 0.350238 0.350238 0.350235 0.350238 0.350238 0.350238 0.350238 0.350238 0.350238 0.350238 0.350238 0.350238 0.350238 0.350238 0.350235 0.350238 0.350238 0.000000 0.000000
0.000000 0.000000 0.350856 0.350856 0.350854 0.350856 0.350856 0.350856 0.350856 0.350856 0.350856 0.350856 0.350856 0.350856 0.350856 0.350856 0.350854 0.350856 0.350856 0.000000 0.000000
0.000000 0.000000 0.351425 0.351425 0.351423 0.351425 0.351425 0.351425 0.351425 0.351425 0.351425 0.351425 0.351425 0.351425 0.351425 0.351425 0.351423 0.351425 0.351425 0.000000 0.000000
0.000000 0.000000 0.351931 0.351930 0.351929 0.351930 0.351930 0.351931 0.351931 0.351931 0.351931 0.351931 0.351931 0.351931 0.351930 0.351930 0.351929 0.351930 0.351931 0.000000 0.000000
0.000000 0.000000 0.352394 0.352394 0.352393 0.352394 0.352394 0.352394 0.352394 0.352394 0.352394 0.352394 0.352394 0.352394 0.352394 0.352394 0.352393 0.352394 0.352394 0.000000 0.000000
0.000000 0.000000 0.352829 0.352829 0.352828 0.352829 0.352829 0.352829 0.352829 0.352829 0.352829 0.352829 0.352829 0.352829 0.352829 0.352829 0.352828 0.352829 0.352829 0.000000 0.000000
0.000000 0.000000 0.353248 0.353247 0.353246 0.353247 0.353248 0.353248 0.353248 0.353248 0.353248 0.353248 0.353248 0.353248 0.353248 0.353247 0.353246 0.353247 0.353248 0.000000 0.000000
0.000000 0.000000 0.353652 0.353652 0.353651 0.353652 0.353652 0.353652 0.353652 0.353652 0.353652 0.353652 0.353652 0.353652 0.353652 0.353652 0.353651 0.353652 0.353652 0.000000 0.000000
0.000000 0.000000 0.354047 0.354047 0.354046 0.354047 0.354047 0.354047 0.354047 0.354047 0.354047 0.354047 0.354047 0.354047 0.354047 0.354047 0.354046 0.354047 0.354047 0.000000 0.000000
0.000000 0.000000 0.354434 0.354434 0.354433 0.354434 0.354434 0.354435 0.354434 0.354434 0.354434 0.354434 0.354434 0.354435 0.354434 0.354434 0.354433 0.354434 0.354434 0.000000 0.000000
0.000000 0.000000 0.354814 0.354813 0.354812 0.354813 0.354814 0.354814 0.354814 0.354814 0.354814 0.354814 0.354814 0.354814 0.354814 0.354813 0.354812 0.354813 0.354814 0.000000 0.000000
0.000000 0.000000 0.355188 0.355187 0.355186 0.355187 0.355188 0.355188 0.355188 0.355188 0.355188 0.355188 0.355188 0.355188 0.355188 0.355187 0.355186 0.355187 0.355188 0.000000 0.000000
0.000000 0.000000 0.355559 0.355559 0.355558 0.355559 0.355559 0.355559 0.355559 0.355559 0.355559 0.355559 0.355559 0.355559 0.355559 0.355559 0.355558 0.355559 0.355559 0.000000 0.000000
0.000000 0.000000 0.355925 0.355925 0.355924 0.355925 0.355925 0.355925 0.355925 0.355925 0.355925 0.355925 0.355925 0.355925 0.355925 0.355925 0.355924 0.355925 0.355925 0.000000 0.000000
0.000000 0.000000 0.356309 0.356309 0.356308 0.356309 0.356309 0.356309 0.356309 0.356309 0.356309 0.356309 0.356309 0.356309 0.356309 0.356309 0.356308 0.356309 0.356309 0.000000 0.000000
0.000000 0.000000 0.350000 0.350000 0.350000 0.350000 0.350000 0.350000 0.350000 0.350000 0.350000 0.350000 0.350000 0.350000 0.350000 0.350000 0.350000 0.350000 0.350000 0.000000 0.000000
0.000000 0.000000 0.000000 0.000000 0.000000 0.000000 0.000000 0.000000 0.000000 0.000000 0.000000 0.000000 0.000000 0.000000 0.000000 0.000000 0.000000 0.000000 0.000000 0.000000 0.000000