geotop/1.0zi/1.0Montebello/Templates/testdem/maps/_Eocsand2618.asc
ncols         21
nrows         20
xllcorner     100.000000
yllcorner     100.000000
cellsize      50.000000
NODATA_value  -9999.0
0.000000 0.000000 0.000000 0.000000 0.000000 0.000000 0.000000 0.000000 0.000000 0.000000 0.000000 0.000000 0.000000 0.000000 0.000000 0.000000 0.000000 0.000000 0.000000 0.000000 0.000000
0.000000 0.000000 0.300077 0.300077 0.300077 0.300078 0.300077 0.300077 0.300077 0.300077 0.300079 0.300077 0.300077 0.300077 0.300077 0.300078 0.300077 0.300077 0.300077 0.000000 0.000000
0.000000 0.000000 0.300012 0.300013 0.300013 0.300012 0.300012 0.300012 0.300012 0.300012 0.300011 0.300012 0.300012 0.300012 0.300012 0.300012 0.300013 0.300013 0.300012 0.000000 0.000000
0.000000 0.000000 0.298311 0.298311 0.298316 0.298314 0.298310 0.298311 0.298311 0.298310 0.298310 0.298310 0.298311 0.298311 0.298310 0.298314 0.298316 0.298311 0.298311 0.000000 0.000000
0.000000 0.000000 0.291116 0.291117 0.291121 0.291120 0.291114 0.291116 0.291116 0.291113 0.291113 0.291113 0.291116 0.291116 0.291114 0.291120 0.291121 0.291117 0.291116 0.000000 0.000000
0.000000 0.000000 0.282348 0.282349 0.282352 0.282352 0.282347 0.282349 0.282349 0.282346 0.282346 0.282346 0.282349 0.282349 0.282347 0.282352 0.282352 0.282349 0.282348 0.000000 0.000000
0.000000 0.000000 0.274176 0.274177 0.274180 0.274179 0.274175 0.274177 0.274176 0.274175 0.274174 0.274175 0.274176 0.274177 0.274175 0.274179 0.274180 0.274177 0.274176 0.000000 0.000000
0.000000 0.000000 0.266698 0.266698 0.266701 0.266700 0.266697 0.266698 0.266698 0.266697 0.266696 0.266697 0.266698 0.266698 0.266697 0.266700 0.266701 0.266698 0.266698 0.000000 0.000000
0.000000 0.000000 0.259733 0.259734 0.259736 0.259736 0.259733 0.259734 0.259734 0.259732 0.259732 0.259732 0.259734 0.259734 0.259733 0.259736 0.259736 0.259734 0.259733 0.000000 0.000000
0.000000 0.000000 0.253123 0.253124 0.253126 0.253125 0.253123 0.253124 0.253124 0.253122 0.253122 0.253122 0.253124 0.253124 0.253123 0.253125 0.253126 0.253124 0.253123 0.000000 0.000000
0.000000 0.000000 0.246788 0.246789 0.246791 0.246790 0.246788 0.246789 0.246789 0.246787 0.246787 0.246787 0.246789 0.246789 0.246788 0.246790 0.246791 0.246789 0.246788 0.000000 0.000000
0.000000 0.000000 0.240670 0.240671 0.240673 0.240672 0.240670 0.240671 0.240671 0.240669 0.240669 0.240669 0.240671 0.240671 0.240670 0.240672 0.240673 0.240671 0.240670 0.000000 0.000000
0.000000 0.000000 0.234725 0.234725 0.234728 0.234727 0.234724 0.234725 0.234725 0.234724 0.234723 0.234724 0.234725 0.234725 0.234724 0.234727 0.234728 0.234725 0.234725 0.000000 0.000000
0.000000 0.000000 0.228923 0.228923 0.228925 0.228925 0.228922 0.228923 0.228923 0.228922 0.228921 0.228922 0.228923 0.228923 0.228922 0.228925 0.228925 0.228923 0.228923 0.000000 0.000000
0.000000 0.000000 0.223246 0.223246 0.223248 0.223247 0.223245 0.223246 0.223246 0.223245 0.223244 0.223245 0.223246 0.223246 0.223245 0.223247 0.223248 0.223246 0.223246 0.000000 0.000000
0.000000 0.000000 0.217682 0.217683 0.217685 0.217684 0.217682 0.217683 0.217683 0.217682 0.217681 0.217682 0.217683 0.217683 0.217682 0.217684 0.217685 0.217683 0.217682 0.000000 0.000000
0.000000 0.000000 0.212227 0.212228 0.212230 0.212229 0.212227 0.212228 0.212228 0.212227 0.212226 0.212227 0.212228 0.212228 0.212227 0.212229 0.212230 0.212228 0.212227 0.000000 0.000000
0.000000 0.000000 0.206801 0.206801 0.206803 0.206802 0.206800 0.206801 0.206801 0.206800 0.206799 0.206800 0.206801 0.206801 0.206800 0.206802 0.206803 0.206801 0.206801 0.000000 0.000000
0.000000 0.000000 0.300000 0.300000 0.300000 0.300000 0.300000 0.300000 0.300000 0.300000 0.300000 0.300000 0.300000 0.300000 0.300000 0.300000 0.300000 0.300000 0.300000 0.000000 0.000000
0.000000 0.000000 0.000000 0.000000 0.000000 0.000000 0.000000 0.000000 0.000000 0.000000 0.000000 0.000000 0.000000 0.000000 0.000000 0.000000 0.000000 0.000000 0.000000 0.000000 0.000000