geotop/1.0zi/1.0Montebello/Templates/testdem/maps/_Eocsilt3068.asc
ncols         21
nrows         20
xllcorner     100.000000
yllcorner     100.000000
cellsize      50.000000
NODATA_value  -9999.0
0.000000 0.000000 0.000000 0.000000 0.000000 0.000000 0.000000 0.000000 0.000000 0.000000 0.000000 0.000000 0.000000 0.000000 0.000000 0.000000 0.000000 0.000000 0.000000 0.000000 0.000000
0.000000 0.000000 0.350084 0.350084 0.350084 0.350084 0.350084 0.350084 0.350084 0.350084 0.350083 0.350084 0.350084 0.350084 0.350084 0.350084 0.350084 0.350084 0.350084 0.000000 0.000000
0.000000 0.000000 0.349996 0.349996 0.349996 0.349996 0.349996 0.349996 0.349996 0.349996 0.349997 0.349996 0.349996 0.349996 0.349996 0.349996 0.349996 0.349996 0.349996 0.000000 0.000000
0.000000 0.000000 0.351229 0.351229 0.351226 0.351227 0.351230 0.351229 0.351229 0.351229 0.351230 0.351229 0.351229 0.351229 0.351230 0.351227 0.351226 0.351229 0.351229 0.000000 0.000000
0.000000 0.000000 0.355619 0.355618 0.355616 0.355617 0.355619 0.355618 0.355618 0.355620 0.355620 0.355620 0.355618 0.355618 0.355619 0.355617 0.355616 0.355618 0.355619 0.000000 0.000000
0.000000 0.000000 0.361006 0.361005 0.361004 0.361004 0.361006 0.361005 0.361005 0.361006 0.361007 0.361006 0.361005 0.361005 0.361006 0.361004 0.361004 0.361005 0.361006 0.000000 0.000000
0.000000 0.000000 0.365885 0.365884 0.365883 0.365883 0.365885 0.365885 0.365885 0.365885 0.365886 0.365885 0.365885 0.365885 0.365885 0.365883 0.365883 0.365884 0.365885 0.000000 0.000000
0.000000 0.000000 0.370300 0.370300 0.370298 0.370299 0.370300 0.370300 0.370300 0.370300 0.370301 0.370300 0.370300 0.370300 0.370300 0.370299 0.370298 0.370300 0.370300 0.000000 0.000000
0.000000 0.000000 0.374381 0.374380 0.374379 0.374379 0.374381 0.374380 0.374380 0.374381 0.374381 0.374381 0.374380 0.374380 0.374381 0.374379 0.374379 0.374380 0.374381 0.000000 0.000000
0.000000 0.000000 0.378225 0.378224 0.378223 0.378223 0.378225 0.378224 0.378224 0.378225 0.378225 0.378225 0.378224 0.378224 0.378225 0.378223 0.378223 0.378224 0.378225 0.000000 0.000000
0.000000 0.000000 0.381879 0.381879 0.381877 0.381878 0.381879 0.381879 0.381879 0.381879 0.381880 0.381879 0.381879 0.381879 0.381879 0.381878 0.381877 0.381879 0.381879 0.000000 0.000000
0.000000 0.000000 0.385379 0.385379 0.385378 0.385378 0.385379 0.385379 0.385379 0.385380 0.385380 0.385380 0.385379 0.385379 0.385379 0.385378 0.385378 0.385379 0.385379 0.000000 0.000000
0.000000 0.000000 0.388753 0.388753 0.388752 0.388752 0.388753 0.388753 0.388753 0.388754 0.388754 0.388754 0.388753 0.388753 0.388753 0.388752 0.388752 0.388753 0.388753 0.000000 0.000000
0.000000 0.000000 0.392028 0.392027 0.392026 0.392027 0.392028 0.392028 0.392028 0.392028 0.392029 0.392028 0.392028 0.392028 0.392028 0.392027 0.392026 0.392027 0.392028 0.000000 0.000000
0.000000 0.000000 0.395209 0.395208 0.395207 0.395208 0.395209 0.395208 0.395208 0.395209 0.395209 0.395209 0.395208 0.395208 0.395209 0.395208 0.395207 0.395208 0.395209 0.000000 0.000000
0.000000 0.000000 0.398303 0.398302 0.398301 0.398302 0.398303 0.398302 0.398303 0.398303 0.398303 0.398303 0.398303 0.398302 0.398303 0.398302 0.398301 0.398302 0.398303 0.000000 0.000000
0.000000 0.000000 0.401319 0.401319 0.401318 0.401318 0.401319 0.401319 0.401319 0.401319 0.401320 0.401319 0.401319 0.401319 0.401319 0.401318 0.401318 0.401319 0.401319 0.000000 0.000000
0.000000 0.000000 0.404321 0.404322 0.404320 0.404321 0.404322 0.404322 0.404322 0.404322 0.404322 0.404322 0.404322 0.404322 0.404322 0.404321 0.404320 0.404322 0.404322 0.000000 0.000000
0.000000 0.000000 0.350000 0.350000 0.350000 0.350000 0.350000 0.350000 0.350000 0.350000 0.350000 0.350000 0.350000 0.350000 0.350000 0.350000 0.350000 0.350000 0.350000 0.000000 0.000000
0.000000 0.000000 0.000000 0.000000 0.000000 0.000000 0.000000 0.000000 0.000000 0.000000 0.000000 0.000000 0.000000 0.000000 0.000000 0.000000 0.000000 0.000000 0.000000 0.000000 0.000000