geotop/1.0zi/1.0Montebello/Templates/testdem/maps/_Eocsilt4069.asc
ncols         21
nrows         20
xllcorner     100.000000
yllcorner     100.000000
cellsize      50.000000
NODATA_value  -9999.0
0.000000 0.000000 0.000000 0.000000 0.000000 0.000000 0.000000 0.000000 0.000000 0.000000 0.000000 0.000000 0.000000 0.000000 0.000000 0.000000 0.000000 0.000000 0.000000 0.000000 0.000000
0.000000 0.000000 0.350083 0.350083 0.350084 0.350083 0.350083 0.350083 0.350084 0.350084 0.350084 0.350084 0.350084 0.350084 0.350083 0.350084 0.350084 0.350083 0.350083 0.000000 0.000000
0.000000 0.000000 0.350001 0.350002 0.350002 0.350002 0.350003 0.350003 0.350003 0.350003 0.350003 0.350003 0.350003 0.350003 0.350002 0.350002 0.350001 0.350001 0.350001 0.000000 0.000000
0.000000 0.000000 0.350032 0.350031 0.350031 0.350027 0.350028 0.350025 0.350027 0.350028 0.350027 0.350027 0.350027 0.350026 0.350028 0.350031 0.350031 0.350033 0.350032 0.000000 0.000000
0.000000 0.000000 0.350378 0.350381 0.350378 0.350380 0.350379 0.350377 0.350375 0.350372 0.350371 0.350373 0.350374 0.350374 0.350376 0.350374 0.350374 0.350378 0.350381 0.000000 0.000000
0.000000 0.000000 0.351453 0.351454 0.351451 0.351447 0.351445 0.351434 0.351433 0.351428 0.351432 0.351434 0.351436 0.351431 0.351432 0.351437 0.351440 0.351440 0.351442 0.000000 0.000000
0.000000 0.000000 0.353087 0.353087 0.353085 0.353075 0.353064 0.353051 0.353053 0.353051 0.353054 0.353052 0.353048 0.353047 0.353056 0.353069 0.353073 0.353077 0.353083 0.000000 0.000000
0.000000 0.000000 0.354993 0.354990 0.354986 0.354974 0.354962 0.354947 0.354948 0.354945 0.354946 0.354945 0.354942 0.354939 0.354955 0.354970 0.354980 0.354981 0.354986 0.000000 0.000000
0.000000 0.000000 0.356917 0.356913 0.356906 0.356898 0.356887 0.356868 0.356869 0.356866 0.356866 0.356867 0.356864 0.356862 0.356876 0.356892 0.356900 0.356904 0.356911 0.000000 0.000000
0.000000 0.000000 0.358826 0.358822 0.358817 0.358808 0.358794 0.358778 0.358781 0.358778 0.358778 0.358779 0.358775 0.358771 0.358787 0.358804 0.358811 0.358814 0.358819 0.000000 0.000000
0.000000 0.000000 0.360741 0.360737 0.360732 0.360725 0.360716 0.360696 0.360699 0.360694 0.360694 0.360695 0.360692 0.360689 0.360702 0.360714 0.360723 0.360726 0.360733 0.000000 0.000000
0.000000 0.000000 0.362714 0.362710 0.362704 0.362693 0.362683 0.362663 0.362663 0.362660 0.362661 0.362660 0.362658 0.362654 0.362673 0.362687 0.362695 0.362698 0.362720 0.000000 0.000000
0.000000 0.000000 0.364706 0.364701 0.364694 0.364687 0.364674 0.364634 0.364635 0.364631 0.364631 0.364631 0.364627 0.364625 0.364658 0.364675 0.364683 0.364687 0.364701 0.000000 0.000000
0.000000 0.000000 0.366802 0.366795 0.366789 0.366781 0.366743 0.366733 0.366727 0.366724 0.366724 0.366724 0.366720 0.366717 0.366727 0.366767 0.366776 0.366784 0.366792 0.000000 0.000000
0.000000 0.000000 0.369050 0.369044 0.369030 0.368997 0.368980 0.368956 0.368943 0.368939 0.368933 0.368932 0.368932 0.368924 0.368942 0.368971 0.369014 0.369012 0.369019 0.000000 0.000000
0.000000 0.000000 0.371355 0.371349 0.371304 0.371298 0.371289 0.371277 0.371275 0.371274 0.371275 0.371275 0.371267 0.371271 0.371275 0.371288 0.371289 0.371334 0.371345 0.000000 0.000000
0.000000 0.000000 0.373901 0.373846 0.373807 0.373793 0.373768 0.373754 0.373751 0.373749 0.373742 0.373743 0.373741 0.373733 0.373741 0.373774 0.373794 0.373819 0.373873 0.000000 0.000000
0.000000 0.000000 0.375910 0.375895 0.375925 0.375906 0.375883 0.375832 0.375828 0.375822 0.375824 0.375823 0.375818 0.375817 0.375861 0.375890 0.375923 0.375877 0.375901 0.000000 0.000000
0.000000 0.000000 0.350000 0.350000 0.350000 0.350000 0.350000 0.350000 0.350000 0.350000 0.350000 0.350000 0.350000 0.350000 0.350000 0.350000 0.350000 0.350000 0.350000 0.000000 0.000000
0.000000 0.000000 0.000000 0.000000 0.000000 0.000000 0.000000 0.000000 0.000000 0.000000 0.000000 0.000000 0.000000 0.000000 0.000000 0.000000 0.000000 0.000000 0.000000 0.000000 0.000000