geotop/1.0zi/1.0Montebello/Templates/testdem/maps/_Eocsilt5891.asc
ncols         21
nrows         20
xllcorner     100.000000
yllcorner     100.000000
cellsize      50.000000
NODATA_value  -9999.0
0.000000 0.000000 0.000000 0.000000 0.000000 0.000000 0.000000 0.000000 0.000000 0.000000 0.000000 0.000000 0.000000 0.000000 0.000000 0.000000 0.000000 0.000000 0.000000 0.000000 0.000000
0.000000 0.000000 0.350118 0.350118 0.350118 0.350118 0.350118 0.350118 0.350118 0.350118 0.350118 0.350118 0.350118 0.350118 0.350118 0.350118 0.350118 0.350118 0.350118 0.000000 0.000000
0.000000 0.000000 0.350002 0.350002 0.350002 0.350003 0.350003 0.350003 0.350003 0.350003 0.350003 0.350003 0.350003 0.350003 0.350003 0.350002 0.350001 0.350001 0.350002 0.000000 0.000000
0.000000 0.000000 0.350047 0.350046 0.350044 0.350039 0.350040 0.350038 0.350041 0.350041 0.350040 0.350039 0.350040 0.350039 0.350041 0.350044 0.350046 0.350047 0.350046 0.000000 0.000000
0.000000 0.000000 0.350530 0.350534 0.350533 0.350528 0.350525 0.350521 0.350519 0.350517 0.350515 0.350516 0.350519 0.350519 0.350525 0.350528 0.350527 0.350536 0.350539 0.000000 0.000000
0.000000 0.000000 0.352066 0.352069 0.352064 0.352049 0.352039 0.352021 0.352019 0.352015 0.352019 0.352022 0.352022 0.352019 0.352026 0.352033 0.352043 0.352047 0.352052 0.000000 0.000000
0.000000 0.000000 0.354412 0.354409 0.354403 0.354384 0.354363 0.354340 0.354341 0.354338 0.354341 0.354341 0.354338 0.354341 0.354358 0.354377 0.354385 0.354395 0.354401 0.000000 0.000000
0.000000 0.000000 0.357268 0.357268 0.357267 0.357249 0.357228 0.357202 0.357202 0.357199 0.357199 0.357199 0.357198 0.357200 0.357220 0.357241 0.357256 0.357259 0.357269 0.000000 0.000000
0.000000 0.000000 0.360269 0.360264 0.360256 0.360244 0.360223 0.360193 0.360195 0.360189 0.360187 0.360189 0.360189 0.360187 0.360214 0.360236 0.360250 0.360255 0.360264 0.000000 0.000000
0.000000 0.000000 0.363286 0.363282 0.363278 0.363270 0.363240 0.363215 0.363217 0.363213 0.363209 0.363213 0.363216 0.363213 0.363235 0.363259 0.363273 0.363275 0.363281 0.000000 0.000000
0.000000 0.000000 0.366390 0.366387 0.366385 0.366363 0.366344 0.366315 0.366321 0.366307 0.366308 0.366309 0.366306 0.366312 0.366330 0.366346 0.366362 0.366371 0.366383 0.000000 0.000000
0.000000 0.000000 0.369658 0.369651 0.369641 0.369627 0.369609 0.369574 0.369576 0.369568 0.369576 0.369568 0.369570 0.369572 0.369603 0.369618 0.369629 0.369634 0.369666 0.000000 0.000000
0.000000 0.000000 0.373018 0.373012 0.373008 0.372991 0.372975 0.372905 0.372904 0.372898 0.372884 0.372892 0.372897 0.372902 0.372954 0.372968 0.372993 0.372995 0.373018 0.000000 0.000000
0.000000 0.000000 0.376678 0.376673 0.376663 0.376652 0.376583 0.376567 0.376551 0.376550 0.376545 0.376547 0.376548 0.376545 0.376553 0.376622 0.376643 0.376661 0.376684 0.000000 0.000000
0.000000 0.000000 0.380719 0.380713 0.380697 0.380625 0.380603 0.380562 0.380536 0.380531 0.380518 0.380510 0.380519 0.380513 0.380544 0.380577 0.380679 0.380671 0.380684 0.000000 0.000000
0.000000 0.000000 0.385007 0.385002 0.384906 0.384891 0.384885 0.384860 0.384879 0.384867 0.384876 0.384866 0.384855 0.384874 0.384890 0.384900 0.384890 0.385012 0.385015 0.000000 0.000000
0.000000 0.000000 0.389937 0.389807 0.389764 0.389726 0.389664 0.389633 0.389621 0.389620 0.389591 0.389588 0.389600 0.389594 0.389630 0.389678 0.389753 0.389776 0.389908 0.000000 0.000000
0.000000 0.000000 0.393486 0.393498 0.393614 0.393583 0.393536 0.393415 0.393413 0.393386 0.393405 0.393398 0.393406 0.393409 0.393519 0.393554 0.393631 0.393511 0.393507 0.000000 0.000000
0.000000 0.000000 0.350000 0.350000 0.350000 0.350000 0.350000 0.350000 0.350000 0.350000 0.350000 0.350000 0.350000 0.350000 0.350000 0.350000 0.350000 0.350000 0.350000 0.000000 0.000000
0.000000 0.000000 0.000000 0.000000 0.000000 0.000000 0.000000 0.000000 0.000000 0.000000 0.000000 0.000000 0.000000 0.000000 0.000000 0.000000 0.000000 0.000000 0.000000 0.000000 0.000000