geotop/1.0zi/1.0Montebello/Templates/testdem/maps/_Eocsilt7829.asc
ncols         21
nrows         20
xllcorner     100.000000
yllcorner     100.000000
cellsize      50.000000
NODATA_value  -9999.0
0.000000 0.000000 0.000000 0.000000 0.000000 0.000000 0.000000 0.000000 0.000000 0.000000 0.000000 0.000000 0.000000 0.000000 0.000000 0.000000 0.000000 0.000000 0.000000 0.000000 0.000000
0.000000 0.000000 0.350162 0.350162 0.350162 0.350163 0.350162 0.350162 0.350162 0.350162 0.350163 0.350162 0.350162 0.350162 0.350162 0.350162 0.350163 0.350163 0.350162 0.000000 0.000000
0.000000 0.000000 0.350005 0.350005 0.350004 0.350004 0.350005 0.350005 0.350005 0.350005 0.350006 0.350005 0.350006 0.350006 0.350005 0.350004 0.350003 0.350003 0.350004 0.000000 0.000000
0.000000 0.000000 0.350103 0.350099 0.350098 0.350091 0.350093 0.350087 0.350090 0.350090 0.350087 0.350090 0.350089 0.350089 0.350092 0.350095 0.350099 0.350099 0.350100 0.000000 0.000000
0.000000 0.000000 0.350988 0.350994 0.350989 0.350979 0.350972 0.350965 0.350961 0.350960 0.350960 0.350960 0.350961 0.350963 0.350976 0.350981 0.350984 0.350994 0.350997 0.000000 0.000000
0.000000 0.000000 0.353523 0.353524 0.353513 0.353498 0.353479 0.353457 0.353457 0.353451 0.353454 0.353455 0.353456 0.353455 0.353467 0.353479 0.353491 0.353500 0.353505 0.000000 0.000000
0.000000 0.000000 0.357167 0.357162 0.357151 0.357125 0.357094 0.357061 0.357061 0.357057 0.357058 0.357056 0.357053 0.357059 0.357088 0.357114 0.357131 0.357146 0.357153 0.000000 0.000000
0.000000 0.000000 0.361491 0.361489 0.361483 0.361455 0.361425 0.361389 0.361388 0.361384 0.361383 0.361380 0.361378 0.361384 0.361417 0.361444 0.361469 0.361476 0.361488 0.000000 0.000000
0.000000 0.000000 0.366126 0.366117 0.366102 0.366083 0.366052 0.366010 0.366012 0.366002 0.366000 0.365998 0.366000 0.365999 0.366040 0.366072 0.366093 0.366104 0.366114 0.000000 0.000000
0.000000 0.000000 0.370974 0.370965 0.370956 0.370939 0.370894 0.370857 0.370857 0.370852 0.370846 0.370849 0.370854 0.370852 0.370886 0.370924 0.370947 0.370955 0.370962 0.000000 0.000000
0.000000 0.000000 0.376174 0.376167 0.376158 0.376120 0.376089 0.376046 0.376055 0.376031 0.376034 0.376033 0.376025 0.376040 0.376071 0.376095 0.376124 0.376140 0.376159 0.000000 0.000000
0.000000 0.000000 0.381898 0.381881 0.381863 0.381838 0.381804 0.381750 0.381747 0.381739 0.381752 0.381733 0.381738 0.381743 0.381798 0.381826 0.381846 0.381858 0.381906 0.000000 0.000000
0.000000 0.000000 0.388029 0.388013 0.388005 0.387970 0.387940 0.387805 0.387803 0.387794 0.387759 0.387777 0.387784 0.387797 0.387901 0.387929 0.387980 0.387987 0.388012 0.000000 0.000000
0.000000 0.000000 0.395120 0.395113 0.395085 0.395060 0.394897 0.394901 0.394866 0.394866 0.394873 0.394865 0.394861 0.394854 0.394846 0.395015 0.395046 0.395091 0.395125 0.000000 0.000000
0.000000 0.000000 0.403387 0.403371 0.403336 0.403133 0.403137 0.403037 0.402988 0.402976 0.402943 0.402917 0.402940 0.402935 0.403032 0.403041 0.403309 0.403273 0.403281 0.000000 0.000000
0.000000 0.000000 0.412446 0.412431 0.412141 0.412198 0.412179 0.412143 0.412243 0.412208 0.412259 0.412236 0.412191 0.412263 0.412279 0.412294 0.412114 0.412521 0.412515 0.000000 0.000000
0.000000 0.000000 0.423644 0.423189 0.423245 0.423083 0.422855 0.422787 0.422678 0.422702 0.422574 0.422583 0.422653 0.422588 0.422701 0.422870 0.423226 0.423035 0.423504 0.000000 0.000000
0.000000 0.000000 0.428569 0.428947 0.429350 0.429334 0.429327 0.428943 0.428992 0.428884 0.429047 0.429011 0.428993 0.429046 0.429374 0.429378 0.429422 0.429088 0.428719 0.000000 0.000000
0.000000 0.000000 0.350000 0.350000 0.350000 0.350000 0.350000 0.350000 0.350000 0.350000 0.350000 0.350000 0.350000 0.350000 0.350000 0.350000 0.350000 0.350000 0.350000 0.000000 0.000000
0.000000 0.000000 0.000000 0.000000 0.000000 0.000000 0.000000 0.000000 0.000000 0.000000 0.000000 0.000000 0.000000 0.000000 0.000000 0.000000 0.000000 0.000000 0.000000 0.000000 0.000000