geotop/1.0zi/1.0Montebello/Templates/testdem/maps/_Eocclay3832.asc
ncols         21
nrows         20
xllcorner     100.000000
yllcorner     100.000000
cellsize      50.000000
NODATA_value  -9999.0
0.000000 0.000000 0.000000 0.000000 0.000000 0.000000 0.000000 0.000000 0.000000 0.000000 0.000000 0.000000 0.000000 0.000000 0.000000 0.000000 0.000000 0.000000 0.000000 0.000000 0.000000
0.000000 0.000000 0.349826 0.349827 0.349827 0.349827 0.349827 0.349827 0.349827 0.349827 0.349827 0.349827 0.349827 0.349827 0.349827 0.349827 0.349827 0.349827 0.349827 0.000000 0.000000
0.000000 0.000000 0.349994 0.349994 0.349994 0.349994 0.349994 0.349994 0.349994 0.349994 0.349994 0.349993 0.349994 0.349994 0.349994 0.349994 0.349994 0.349994 0.349994 0.000000 0.000000
0.000000 0.000000 0.349996 0.349996 0.349995 0.349996 0.349998 0.349999 0.349999 0.349998 0.349999 0.349998 0.349997 0.349996 0.349997 0.349997 0.349997 0.349997 0.349996 0.000000 0.000000
0.000000 0.000000 0.350337 0.350339 0.350338 0.350334 0.350328 0.350324 0.350324 0.350323 0.350324 0.350325 0.350323 0.350324 0.350331 0.350331 0.350332 0.350331 0.350335 0.000000 0.000000
0.000000 0.000000 0.351469 0.351471 0.351466 0.351459 0.351452 0.351444 0.351444 0.351439 0.351443 0.351443 0.351447 0.351447 0.351446 0.351452 0.351456 0.351460 0.351464 0.000000 0.000000
0.000000 0.000000 0.353095 0.353093 0.353088 0.353076 0.353060 0.353039 0.353038 0.353035 0.353038 0.353038 0.353040 0.353046 0.353063 0.353078 0.353084 0.353086 0.353089 0.000000 0.000000
0.000000 0.000000 0.354885 0.354885 0.354880 0.354862 0.354845 0.354825 0.354826 0.354823 0.354824 0.354824 0.354825 0.354830 0.354851 0.354865 0.354871 0.354873 0.354879 0.000000 0.000000
0.000000 0.000000 0.356678 0.356676 0.356668 0.356656 0.356638 0.356617 0.356618 0.356614 0.356615 0.356615 0.356617 0.356622 0.356642 0.356659 0.356664 0.356665 0.356672 0.000000 0.000000
0.000000 0.000000 0.358460 0.358457 0.358451 0.358437 0.358416 0.358396 0.358399 0.358396 0.358396 0.358397 0.358398 0.358402 0.358424 0.358441 0.358446 0.358448 0.358453 0.000000 0.000000
0.000000 0.000000 0.360267 0.360264 0.360257 0.360246 0.360230 0.360206 0.360208 0.360203 0.360204 0.360205 0.360206 0.360211 0.360229 0.360242 0.360249 0.360252 0.360258 0.000000 0.000000
0.000000 0.000000 0.362124 0.362121 0.362113 0.362098 0.362080 0.362058 0.362057 0.362054 0.362054 0.362054 0.362056 0.362060 0.362084 0.362099 0.362105 0.362107 0.362128 0.000000 0.000000
0.000000 0.000000 0.363991 0.363988 0.363980 0.363967 0.363947 0.363905 0.363905 0.363901 0.363901 0.363902 0.363904 0.363910 0.363947 0.363965 0.363971 0.363973 0.363987 0.000000 0.000000
0.000000 0.000000 0.365954 0.365948 0.365941 0.365927 0.365884 0.365870 0.365863 0.365860 0.365861 0.365861 0.365862 0.365868 0.365884 0.365923 0.365929 0.365937 0.365944 0.000000 0.000000
0.000000 0.000000 0.368052 0.368047 0.368032 0.367996 0.367971 0.367944 0.367930 0.367926 0.367921 0.367921 0.367926 0.367927 0.367950 0.367979 0.368018 0.368016 0.368022 0.000000 0.000000
0.000000 0.000000 0.370198 0.370194 0.370151 0.370139 0.370122 0.370106 0.370102 0.370100 0.370102 0.370102 0.370100 0.370113 0.370124 0.370137 0.370138 0.370177 0.370188 0.000000 0.000000
0.000000 0.000000 0.372558 0.372510 0.372471 0.372452 0.372419 0.372402 0.372397 0.372395 0.372390 0.372391 0.372395 0.372397 0.372411 0.372443 0.372460 0.372483 0.372531 0.000000 0.000000
0.000000 0.000000 0.374436 0.374422 0.374447 0.374423 0.374391 0.374339 0.374334 0.374328 0.374330 0.374330 0.374331 0.374339 0.374387 0.374417 0.374446 0.374402 0.374426 0.000000 0.000000
0.000000 0.000000 0.350000 0.350000 0.350000 0.350000 0.350000 0.350000 0.350000 0.350000 0.350000 0.350000 0.350000 0.350000 0.350000 0.350000 0.350000 0.350000 0.350000 0.000000 0.000000
0.000000 0.000000 0.000000 0.000000 0.000000 0.000000 0.000000 0.000000 0.000000 0.000000 0.000000 0.000000 0.000000 0.000000 0.000000 0.000000 0.000000 0.000000 0.000000 0.000000 0.000000