geotop/1.0zi/1.0Montebello/Templates/testdem/maps/_Eocsand1399.asc
ncols         21
nrows         20
xllcorner     100.000000
yllcorner     100.000000
cellsize      50.000000
NODATA_value  -9999.0
0.000000 0.000000 0.000000 0.000000 0.000000 0.000000 0.000000 0.000000 0.000000 0.000000 0.000000 0.000000 0.000000 0.000000 0.000000 0.000000 0.000000 0.000000 0.000000 0.000000 0.000000
0.000000 0.000000 0.300043 0.300043 0.300043 0.300043 0.300043 0.300043 0.300043 0.300043 0.300043 0.300043 0.300043 0.300043 0.300043 0.300043 0.300043 0.300043 0.300043 0.000000 0.000000
0.000000 0.000000 0.300006 0.300007 0.300007 0.300006 0.300006 0.300006 0.300006 0.300006 0.300006 0.300006 0.300006 0.300006 0.300006 0.300006 0.300007 0.300007 0.300006 0.000000 0.000000
0.000000 0.000000 0.298861 0.298861 0.298866 0.298864 0.298860 0.298861 0.298861 0.298860 0.298860 0.298860 0.298861 0.298861 0.298860 0.298864 0.298866 0.298861 0.298861 0.000000 0.000000
0.000000 0.000000 0.294818 0.294820 0.294825 0.294824 0.294818 0.294819 0.294819 0.294817 0.294818 0.294817 0.294819 0.294819 0.294818 0.294824 0.294825 0.294820 0.294818 0.000000 0.000000
0.000000 0.000000 0.290069 0.290070 0.290074 0.290074 0.290068 0.290070 0.290070 0.290068 0.290069 0.290068 0.290070 0.290070 0.290068 0.290074 0.290074 0.290070 0.290069 0.000000 0.000000
0.000000 0.000000 0.285621 0.285622 0.285626 0.285625 0.285621 0.285622 0.285622 0.285621 0.285621 0.285621 0.285622 0.285622 0.285621 0.285625 0.285626 0.285622 0.285621 0.000000 0.000000
0.000000 0.000000 0.281527 0.281528 0.281531 0.281530 0.281526 0.281527 0.281527 0.281526 0.281526 0.281526 0.281527 0.281527 0.281526 0.281530 0.281531 0.281528 0.281527 0.000000 0.000000
0.000000 0.000000 0.277689 0.277690 0.277693 0.277692 0.277689 0.277690 0.277690 0.277689 0.277689 0.277689 0.277690 0.277690 0.277689 0.277692 0.277693 0.277690 0.277689 0.000000 0.000000
0.000000 0.000000 0.274012 0.274012 0.274015 0.274014 0.274011 0.274012 0.274012 0.274011 0.274011 0.274011 0.274012 0.274012 0.274011 0.274014 0.274015 0.274012 0.274012 0.000000 0.000000
0.000000 0.000000 0.270454 0.270455 0.270458 0.270457 0.270454 0.270455 0.270455 0.270454 0.270454 0.270454 0.270455 0.270455 0.270454 0.270457 0.270458 0.270455 0.270454 0.000000 0.000000
0.000000 0.000000 0.266981 0.266981 0.266984 0.266983 0.266980 0.266981 0.266981 0.266980 0.266980 0.266980 0.266981 0.266981 0.266980 0.266983 0.266984 0.266981 0.266981 0.000000 0.000000
0.000000 0.000000 0.263566 0.263567 0.263569 0.263568 0.263566 0.263566 0.263566 0.263566 0.263566 0.263566 0.263566 0.263566 0.263566 0.263568 0.263569 0.263567 0.263566 0.000000 0.000000
0.000000 0.000000 0.260212 0.260212 0.260215 0.260214 0.260211 0.260212 0.260212 0.260211 0.260212 0.260211 0.260212 0.260212 0.260211 0.260214 0.260215 0.260212 0.260212 0.000000 0.000000
0.000000 0.000000 0.256904 0.256905 0.256908 0.256907 0.256904 0.256905 0.256905 0.256904 0.256904 0.256904 0.256905 0.256905 0.256904 0.256907 0.256908 0.256905 0.256904 0.000000 0.000000
0.000000 0.000000 0.253630 0.253630 0.253633 0.253632 0.253629 0.253630 0.253630 0.253629 0.253629 0.253629 0.253630 0.253630 0.253629 0.253632 0.253633 0.253630 0.253630 0.000000 0.000000
0.000000 0.000000 0.250392 0.250393 0.250395 0.250394 0.250392 0.250392 0.250392 0.250392 0.250392 0.250392 0.250392 0.250392 0.250392 0.250394 0.250395 0.250393 0.250392 0.000000 0.000000
0.000000 0.000000 0.247114 0.247114 0.247117 0.247116 0.247113 0.247114 0.247114 0.247113 0.247113 0.247113 0.247114 0.247114 0.247113 0.247116 0.247117 0.247114 0.247114 0.000000 0.000000
0.000000 0.000000 0.300000 0.300000 0.300000 0.300000 0.300000 0.300000 0.300000 0.300000 0.300000 0.300000 0.300000 0.300000 0.300000 0.300000 0.300000 0.300000 0.300000 0.000000 0.000000
0.000000 0.000000 0.000000 0.000000 0.000000 0.000000 0.000000 0.000000 0.000000 0.000000 0.000000 0.000000 0.000000 0.000000 0.000000 0.000000 0.000000 0.000000 0.000000 0.000000 0.000000