geotop/1.0zi/1.0Montebello/Templates/testdem/maps/_Eocsand6202.asc
ncols         21
nrows         20
xllcorner     100.000000
yllcorner     100.000000
cellsize      50.000000
NODATA_value  -9999.0
0.000000 0.000000 0.000000 0.000000 0.000000 0.000000 0.000000 0.000000 0.000000 0.000000 0.000000 0.000000 0.000000 0.000000 0.000000 0.000000 0.000000 0.000000 0.000000 0.000000 0.000000
0.000000 0.000000 0.300152 0.300151 0.300151 0.300152 0.300151 0.300150 0.300151 0.300151 0.300152 0.300151 0.300151 0.300151 0.300151 0.300151 0.300152 0.300152 0.300151 0.000000 0.000000
0.000000 0.000000 0.300009 0.300008 0.300008 0.300007 0.300008 0.300008 0.300008 0.300008 0.300008 0.300008 0.300007 0.300008 0.300008 0.300008 0.300009 0.300009 0.300010 0.000000 0.000000
0.000000 0.000000 0.299971 0.299969 0.299972 0.299977 0.299974 0.299976 0.299972 0.299975 0.299972 0.299975 0.299974 0.299975 0.299973 0.299968 0.299969 0.299965 0.299967 0.000000 0.000000
0.000000 0.000000 0.298943 0.298940 0.298943 0.298949 0.298965 0.298972 0.298974 0.298973 0.298977 0.298977 0.298980 0.298978 0.298966 0.298963 0.298960 0.298949 0.298939 0.000000 0.000000
0.000000 0.000000 0.295638 0.295635 0.295647 0.295683 0.295700 0.295735 0.295737 0.295746 0.295738 0.295735 0.295730 0.295734 0.295723 0.295702 0.295684 0.295669 0.295659 0.000000 0.000000
0.000000 0.000000 0.290597 0.290602 0.290613 0.290650 0.290694 0.290746 0.290746 0.290753 0.290750 0.290748 0.290751 0.290748 0.290707 0.290664 0.290644 0.290624 0.290609 0.000000 0.000000
0.000000 0.000000 0.284459 0.284460 0.284465 0.284505 0.284548 0.284606 0.284606 0.284612 0.284612 0.284614 0.284617 0.284609 0.284562 0.284521 0.284488 0.284479 0.284458 0.000000 0.000000
0.000000 0.000000 0.278078 0.278087 0.278104 0.278128 0.278171 0.278233 0.278230 0.278241 0.278247 0.278244 0.278244 0.278247 0.278190 0.278145 0.278115 0.278105 0.278086 0.000000 0.000000
0.000000 0.000000 0.271597 0.271609 0.271616 0.271635 0.271696 0.271752 0.271748 0.271756 0.271764 0.271757 0.271749 0.271755 0.271708 0.271656 0.271625 0.271619 0.271605 0.000000 0.000000
0.000000 0.000000 0.264865 0.264872 0.264876 0.264922 0.264964 0.265025 0.265013 0.265042 0.265041 0.265039 0.265047 0.265030 0.264991 0.264957 0.264923 0.264903 0.264876 0.000000 0.000000
0.000000 0.000000 0.257742 0.257758 0.257778 0.257810 0.257848 0.257922 0.257920 0.257936 0.257919 0.257938 0.257934 0.257928 0.257859 0.257826 0.257801 0.257791 0.257721 0.000000 0.000000
0.000000 0.000000 0.250372 0.250386 0.250394 0.250432 0.250467 0.250621 0.250621 0.250634 0.250668 0.250650 0.250639 0.250627 0.250511 0.250479 0.250424 0.250418 0.250369 0.000000 0.000000
0.000000 0.000000 0.242291 0.242301 0.242324 0.242348 0.242503 0.242537 0.242572 0.242574 0.242584 0.242581 0.242580 0.242585 0.242566 0.242409 0.242363 0.242324 0.242274 0.000000 0.000000
0.000000 0.000000 0.233308 0.233321 0.233356 0.233522 0.233565 0.233657 0.233716 0.233726 0.233756 0.233774 0.233756 0.233767 0.233693 0.233624 0.233392 0.233412 0.233382 0.000000 0.000000
0.000000 0.000000 0.223720 0.223732 0.223954 0.223981 0.223992 0.224047 0.223998 0.224024 0.224004 0.224027 0.224054 0.224007 0.223971 0.223951 0.223985 0.223699 0.223693 0.000000 0.000000
0.000000 0.000000 0.212574 0.212885 0.212969 0.213058 0.213204 0.213275 0.213308 0.213309 0.213379 0.213386 0.213354 0.213369 0.213283 0.213171 0.212989 0.212955 0.212638 0.000000 0.000000
0.000000 0.000000 0.204783 0.204729 0.204446 0.204513 0.204611 0.204894 0.204897 0.204963 0.204911 0.204929 0.204913 0.204901 0.204642 0.204568 0.204399 0.204688 0.204722 0.000000 0.000000
0.000000 0.000000 0.300000 0.300000 0.300000 0.300000 0.300000 0.300000 0.300000 0.300000 0.300000 0.300000 0.300000 0.300000 0.300000 0.300000 0.300000 0.300000 0.300000 0.000000 0.000000
0.000000 0.000000 0.000000 0.000000 0.000000 0.000000 0.000000 0.000000 0.000000 0.000000 0.000000 0.000000 0.000000 0.000000 0.000000 0.000000 0.000000 0.000000 0.000000 0.000000 0.000000