geotop/1.0zi/1.0Montebello/Templates/testdem/maps/_Eocclay8570.asc
ncols         21
nrows         20
xllcorner     100.000000
yllcorner     100.000000
cellsize      50.000000
NODATA_value  -9999.0
0.000000 0.000000 0.000000 0.000000 0.000000 0.000000 0.000000 0.000000 0.000000 0.000000 0.000000 0.000000 0.000000 0.000000 0.000000 0.000000 0.000000 0.000000 0.000000 0.000000 0.000000
0.000000 0.000000 0.349607 0.349609 0.349609 0.349608 0.349610 0.349610 0.349610 0.349610 0.349609 0.349610 0.349610 0.349610 0.349610 0.349610 0.349608 0.349608 0.349609 0.000000 0.000000
0.000000 0.000000 0.349982 0.349981 0.349981 0.349984 0.349981 0.349981 0.349981 0.349981 0.349981 0.349981 0.349981 0.349981 0.349982 0.349982 0.349983 0.349982 0.349980 0.000000 0.000000
0.000000 0.000000 0.350004 0.350009 0.350007 0.350004 0.350008 0.350005 0.350007 0.350004 0.350007 0.350005 0.350005 0.350004 0.350006 0.350007 0.350006 0.350009 0.350006 0.000000 0.000000
0.000000 0.000000 0.351049 0.351043 0.351040 0.351033 0.351016 0.351015 0.351012 0.351013 0.351011 0.351013 0.351010 0.351013 0.351023 0.351025 0.351034 0.351037 0.351046 0.000000 0.000000
0.000000 0.000000 0.354147 0.354145 0.354127 0.354096 0.354079 0.354054 0.354056 0.354049 0.354053 0.354053 0.354059 0.354057 0.354070 0.354090 0.354106 0.354119 0.354125 0.000000 0.000000
0.000000 0.000000 0.358382 0.358375 0.358367 0.358340 0.358306 0.358264 0.358263 0.358258 0.358259 0.358261 0.358262 0.358262 0.358298 0.358328 0.358345 0.358358 0.358366 0.000000 0.000000
0.000000 0.000000 0.363401 0.363396 0.363387 0.363354 0.363322 0.363276 0.363276 0.363270 0.363270 0.363269 0.363266 0.363275 0.363313 0.363340 0.363367 0.363376 0.363390 0.000000 0.000000
0.000000 0.000000 0.368776 0.368765 0.368750 0.368729 0.368692 0.368646 0.368650 0.368639 0.368637 0.368635 0.368637 0.368635 0.368681 0.368717 0.368738 0.368748 0.368759 0.000000 0.000000
0.000000 0.000000 0.374530 0.374517 0.374509 0.374488 0.374434 0.374392 0.374393 0.374387 0.374380 0.374386 0.374392 0.374389 0.374428 0.374471 0.374497 0.374506 0.374514 0.000000 0.000000
0.000000 0.000000 0.380873 0.380865 0.380856 0.380807 0.380772 0.380717 0.380731 0.380700 0.380707 0.380705 0.380695 0.380713 0.380751 0.380777 0.380812 0.380829 0.380853 0.000000 0.000000
0.000000 0.000000 0.387994 0.387971 0.387950 0.387922 0.387876 0.387814 0.387807 0.387802 0.387816 0.387794 0.387803 0.387804 0.387872 0.387908 0.387930 0.387944 0.388001 0.000000 0.000000
0.000000 0.000000 0.395793 0.395770 0.395767 0.395717 0.395681 0.395504 0.395501 0.395493 0.395442 0.395473 0.395481 0.395496 0.395633 0.395666 0.395734 0.395739 0.395766 0.000000 0.000000
0.000000 0.000000 0.405093 0.405087 0.405048 0.405016 0.404784 0.404814 0.404768 0.404768 0.404788 0.404770 0.404766 0.404748 0.404720 0.404963 0.404993 0.405057 0.405100 0.000000 0.000000
0.000000 0.000000 0.416183 0.416157 0.416109 0.415808 0.415853 0.415699 0.415635 0.415619 0.415565 0.415534 0.415568 0.415562 0.415713 0.415681 0.416080 0.416011 0.416013 0.000000 0.000000
0.000000 0.000000 0.428302 0.428281 0.427844 0.427992 0.427949 0.427923 0.428095 0.428044 0.428137 0.428110 0.428036 0.428143 0.428139 0.428168 0.427805 0.428449 0.428439 0.000000 0.000000
0.000000 0.000000 0.443133 0.442462 0.442648 0.442376 0.442041 0.441939 0.441738 0.441785 0.441576 0.441600 0.441722 0.441597 0.441773 0.442020 0.442623 0.442191 0.442888 0.000000 0.000000
0.000000 0.000000 0.447615 0.448257 0.448787 0.448798 0.448846 0.448328 0.448429 0.448274 0.448538 0.448487 0.448442 0.448532 0.448959 0.448923 0.448885 0.448492 0.447858 0.000000 0.000000
0.000000 0.000000 0.350000 0.350000 0.350000 0.350000 0.350000 0.350000 0.350000 0.350000 0.350000 0.350000 0.350000 0.350000 0.350000 0.350000 0.350000 0.350000 0.350000 0.000000 0.000000
0.000000 0.000000 0.000000 0.000000 0.000000 0.000000 0.000000 0.000000 0.000000 0.000000 0.000000 0.000000 0.000000 0.000000 0.000000 0.000000 0.000000 0.000000 0.000000 0.000000 0.000000