geotop/1.0zi/1.0Montebello/Templates/testdem/maps/_Eocsilt0738.asc
ncols         21
nrows         20
xllcorner     100.000000
yllcorner     100.000000
cellsize      50.000000
NODATA_value  -9999.0
0.000000 0.000000 0.000000 0.000000 0.000000 0.000000 0.000000 0.000000 0.000000 0.000000 0.000000 0.000000 0.000000 0.000000 0.000000 0.000000 0.000000 0.000000 0.000000 0.000000 0.000000
0.000000 0.000000 0.350014 0.350014 0.350014 0.350014 0.350014 0.350014 0.350014 0.350014 0.350014 0.350014 0.350014 0.350014 0.350014 0.350014 0.350014 0.350014 0.350014 0.000000 0.000000
0.000000 0.000000 0.350000 0.350000 0.350000 0.350000 0.350000 0.350000 0.350000 0.350000 0.350000 0.350000 0.350000 0.350000 0.350000 0.350000 0.350000 0.350000 0.350000 0.000000 0.000000
0.000000 0.000000 0.350329 0.350328 0.350326 0.350327 0.350329 0.350329 0.350329 0.350329 0.350329 0.350329 0.350329 0.350329 0.350329 0.350327 0.350326 0.350328 0.350329 0.000000 0.000000
0.000000 0.000000 0.351426 0.351426 0.351424 0.351423 0.351426 0.351426 0.351426 0.351426 0.351426 0.351426 0.351426 0.351426 0.351426 0.351423 0.351424 0.351426 0.351426 0.000000 0.000000
0.000000 0.000000 0.352714 0.352714 0.352712 0.352712 0.352715 0.352714 0.352714 0.352715 0.352714 0.352715 0.352714 0.352714 0.352715 0.352712 0.352712 0.352714 0.352714 0.000000 0.000000
0.000000 0.000000 0.353895 0.353895 0.353893 0.353893 0.353895 0.353895 0.353895 0.353895 0.353895 0.353895 0.353895 0.353895 0.353895 0.353893 0.353893 0.353895 0.353895 0.000000 0.000000
0.000000 0.000000 0.354987 0.354986 0.354985 0.354985 0.354987 0.354987 0.354986 0.354987 0.354987 0.354987 0.354986 0.354987 0.354987 0.354985 0.354985 0.354986 0.354987 0.000000 0.000000
0.000000 0.000000 0.356015 0.356015 0.356013 0.356013 0.356015 0.356015 0.356015 0.356015 0.356015 0.356015 0.356015 0.356015 0.356015 0.356013 0.356013 0.356015 0.356015 0.000000 0.000000
0.000000 0.000000 0.357004 0.357004 0.357002 0.357003 0.357004 0.357004 0.357004 0.357004 0.357004 0.357004 0.357004 0.357004 0.357004 0.357003 0.357002 0.357004 0.357004 0.000000 0.000000
0.000000 0.000000 0.357963 0.357962 0.357961 0.357961 0.357963 0.357963 0.357963 0.357963 0.357963 0.357963 0.357963 0.357963 0.357963 0.357961 0.357961 0.357962 0.357963 0.000000 0.000000
0.000000 0.000000 0.358902 0.358901 0.358900 0.358900 0.358902 0.358902 0.358901 0.358902 0.358902 0.358902 0.358901 0.358902 0.358902 0.358900 0.358900 0.358901 0.358902 0.000000 0.000000
0.000000 0.000000 0.359823 0.359823 0.359822 0.359822 0.359823 0.359823 0.359823 0.359823 0.359823 0.359823 0.359823 0.359823 0.359823 0.359822 0.359822 0.359823 0.359823 0.000000 0.000000
0.000000 0.000000 0.360731 0.360730 0.360729 0.360729 0.360731 0.360731 0.360731 0.360731 0.360731 0.360731 0.360731 0.360731 0.360731 0.360729 0.360729 0.360730 0.360731 0.000000 0.000000
0.000000 0.000000 0.361629 0.361628 0.361627 0.361628 0.361629 0.361629 0.361629 0.361629 0.361629 0.361629 0.361629 0.361629 0.361629 0.361628 0.361627 0.361628 0.361629 0.000000 0.000000
0.000000 0.000000 0.362521 0.362520 0.362519 0.362519 0.362521 0.362521 0.362521 0.362521 0.362521 0.362521 0.362521 0.362521 0.362521 0.362519 0.362519 0.362520 0.362521 0.000000 0.000000
0.000000 0.000000 0.363404 0.363403 0.363402 0.363403 0.363404 0.363404 0.363404 0.363404 0.363404 0.363404 0.363404 0.363404 0.363404 0.363403 0.363402 0.363403 0.363404 0.000000 0.000000
0.000000 0.000000 0.364301 0.364301 0.364300 0.364300 0.364302 0.364302 0.364301 0.364302 0.364302 0.364302 0.364301 0.364302 0.364302 0.364300 0.364300 0.364301 0.364302 0.000000 0.000000
0.000000 0.000000 0.350000 0.350000 0.350000 0.350000 0.350000 0.350000 0.350000 0.350000 0.350000 0.350000 0.350000 0.350000 0.350000 0.350000 0.350000 0.350000 0.350000 0.000000 0.000000
0.000000 0.000000 0.000000 0.000000 0.000000 0.000000 0.000000 0.000000 0.000000 0.000000 0.000000 0.000000 0.000000 0.000000 0.000000 0.000000 0.000000 0.000000 0.000000 0.000000 0.000000