geotop/1.0zi/1.0Montebello/Templates/testdem/maps/_Eocsand2412.asc
ncols         21
nrows         20
xllcorner     100.000000
yllcorner     100.000000
cellsize      50.000000
NODATA_value  -9999.0
0.000000 0.000000 0.000000 0.000000 0.000000 0.000000 0.000000 0.000000 0.000000 0.000000 0.000000 0.000000 0.000000 0.000000 0.000000 0.000000 0.000000 0.000000 0.000000 0.000000 0.000000
0.000000 0.000000 0.300073 0.300073 0.300073 0.300073 0.300073 0.300073 0.300073 0.300073 0.300074 0.300073 0.300073 0.300073 0.300073 0.300073 0.300073 0.300073 0.300073 0.000000 0.000000
0.000000 0.000000 0.300013 0.300013 0.300013 0.300012 0.300013 0.300013 0.300013 0.300013 0.300011 0.300013 0.300013 0.300013 0.300013 0.300012 0.300013 0.300013 0.300013 0.000000 0.000000
0.000000 0.000000 0.298471 0.298472 0.298476 0.298474 0.298471 0.298471 0.298471 0.298471 0.298471 0.298471 0.298471 0.298471 0.298471 0.298474 0.298476 0.298472 0.298471 0.000000 0.000000
0.000000 0.000000 0.291963 0.291964 0.291968 0.291968 0.291962 0.291963 0.291963 0.291961 0.291960 0.291961 0.291963 0.291963 0.291962 0.291968 0.291968 0.291964 0.291963 0.000000 0.000000
0.000000 0.000000 0.283957 0.283958 0.283961 0.283961 0.283956 0.283958 0.283957 0.283955 0.283955 0.283955 0.283957 0.283958 0.283956 0.283961 0.283961 0.283958 0.283957 0.000000 0.000000
0.000000 0.000000 0.276476 0.276477 0.276480 0.276479 0.276475 0.276477 0.276477 0.276475 0.276474 0.276475 0.276477 0.276477 0.276475 0.276479 0.276480 0.276477 0.276476 0.000000 0.000000
0.000000 0.000000 0.269616 0.269617 0.269619 0.269619 0.269615 0.269616 0.269616 0.269615 0.269614 0.269615 0.269616 0.269616 0.269615 0.269619 0.269619 0.269617 0.269616 0.000000 0.000000
0.000000 0.000000 0.263213 0.263214 0.263217 0.263216 0.263213 0.263214 0.263214 0.263212 0.263212 0.263212 0.263214 0.263214 0.263213 0.263216 0.263217 0.263214 0.263213 0.000000 0.000000
0.000000 0.000000 0.257123 0.257124 0.257126 0.257126 0.257123 0.257124 0.257124 0.257122 0.257122 0.257122 0.257124 0.257124 0.257123 0.257126 0.257126 0.257124 0.257123 0.000000 0.000000
0.000000 0.000000 0.251275 0.251275 0.251278 0.251277 0.251274 0.251275 0.251275 0.251274 0.251273 0.251274 0.251275 0.251275 0.251274 0.251277 0.251278 0.251275 0.251275 0.000000 0.000000
0.000000 0.000000 0.245613 0.245613 0.245616 0.245615 0.245612 0.245613 0.245613 0.245612 0.245611 0.245612 0.245613 0.245613 0.245612 0.245615 0.245616 0.245613 0.245613 0.000000 0.000000
0.000000 0.000000 0.240096 0.240097 0.240099 0.240098 0.240096 0.240097 0.240097 0.240095 0.240095 0.240095 0.240097 0.240097 0.240096 0.240098 0.240099 0.240097 0.240096 0.000000 0.000000
0.000000 0.000000 0.234701 0.234701 0.234704 0.234703 0.234700 0.234701 0.234701 0.234700 0.234700 0.234700 0.234701 0.234701 0.234700 0.234703 0.234704 0.234701 0.234701 0.000000 0.000000
0.000000 0.000000 0.229407 0.229408 0.229410 0.229409 0.229407 0.229408 0.229408 0.229407 0.229406 0.229407 0.229408 0.229408 0.229407 0.229409 0.229410 0.229408 0.229407 0.000000 0.000000
0.000000 0.000000 0.224210 0.224210 0.224212 0.224211 0.224209 0.224210 0.224210 0.224209 0.224208 0.224209 0.224210 0.224210 0.224209 0.224211 0.224212 0.224210 0.224210 0.000000 0.000000
0.000000 0.000000 0.219104 0.219104 0.219106 0.219106 0.219103 0.219104 0.219104 0.219103 0.219103 0.219103 0.219104 0.219104 0.219103 0.219106 0.219106 0.219104 0.219104 0.000000 0.000000
0.000000 0.000000 0.214019 0.214019 0.214021 0.214020 0.214018 0.214019 0.214019 0.214017 0.214017 0.214017 0.214019 0.214019 0.214018 0.214020 0.214021 0.214019 0.214018 0.000000 0.000000
0.000000 0.000000 0.300000 0.300000 0.300000 0.300000 0.300000 0.300000 0.300000 0.300000 0.300000 0.300000 0.300000 0.300000 0.300000 0.300000 0.300000 0.300000 0.300000 0.000000 0.000000
0.000000 0.000000 0.000000 0.000000 0.000000 0.000000 0.000000 0.000000 0.000000 0.000000 0.000000 0.000000 0.000000 0.000000 0.000000 0.000000 0.000000 0.000000 0.000000 0.000000 0.000000