geotop/1.0zi/1.0Montebello/Templates/testdem/maps/_Eocsilt003-.asc
ncols         21
nrows         20
xllcorner     100.000000
yllcorner     100.000000
cellsize      50.000000
NODATA_value  -9999.0
0.000000 0.000000 0.000000 0.000000 0.000000 0.000000 0.000000 0.000000 0.000000 0.000000 0.000000 0.000000 0.000000 0.000000 0.000000 0.000000 0.000000 0.000000 0.000000 0.000000 0.000000
0.000000 0.000000 0.350213 0.350213 0.350214 0.350214 0.350213 0.350213 0.350213 0.350213 0.350213 0.350213 0.350213 0.350213 0.350213 0.350213 0.350214 0.350214 0.350213 0.000000 0.000000
0.000000 0.000000 0.350008 0.350007 0.350008 0.350007 0.350008 0.350008 0.350008 0.350008 0.350009 0.350008 0.350009 0.350009 0.350008 0.350007 0.350006 0.350006 0.350007 0.000000 0.000000
0.000000 0.000000 0.350154 0.350152 0.350145 0.350141 0.350140 0.350135 0.350138 0.350139 0.350136 0.350140 0.350141 0.350141 0.350143 0.350147 0.350152 0.350153 0.350155 0.000000 0.000000
0.000000 0.000000 0.351546 0.351553 0.351542 0.351518 0.351509 0.351502 0.351505 0.351502 0.351501 0.351504 0.351509 0.351507 0.351521 0.351530 0.351534 0.351541 0.351544 0.000000 0.000000
0.000000 0.000000 0.355356 0.355350 0.355333 0.355303 0.355269 0.355241 0.355239 0.355235 0.355234 0.355235 0.355240 0.355237 0.355256 0.355280 0.355293 0.355302 0.355308 0.000000 0.000000
0.000000 0.000000 0.360751 0.360740 0.360721 0.360678 0.360635 0.360580 0.360582 0.360580 0.360573 0.360572 0.360570 0.360574 0.360620 0.360652 0.360674 0.360690 0.360697 0.000000 0.000000
0.000000 0.000000 0.367160 0.367147 0.367130 0.367082 0.367035 0.366984 0.366985 0.366980 0.366972 0.366969 0.366968 0.366975 0.367018 0.367057 0.367092 0.367098 0.367112 0.000000 0.000000
0.000000 0.000000 0.374259 0.374239 0.374211 0.374171 0.374118 0.374055 0.374060 0.374050 0.374039 0.374037 0.374041 0.374037 0.374100 0.374146 0.374173 0.374185 0.374197 0.000000 0.000000
0.000000 0.000000 0.382131 0.382105 0.382081 0.382038 0.381980 0.381914 0.381915 0.381908 0.381892 0.381898 0.381905 0.381902 0.381952 0.382012 0.382044 0.382056 0.382061 0.000000 0.000000
0.000000 0.000000 0.391126 0.391104 0.391082 0.390989 0.390962 0.390874 0.390892 0.390851 0.390851 0.390844 0.390830 0.390853 0.390911 0.390948 0.390993 0.391009 0.391047 0.000000 0.000000
0.000000 0.000000 0.401702 0.401655 0.401598 0.401552 0.401503 0.401391 0.401388 0.401387 0.401396 0.401357 0.401376 0.401369 0.401473 0.401532 0.401555 0.401570 0.401646 0.000000 0.000000
0.000000 0.000000 0.413652 0.413609 0.413594 0.413504 0.413444 0.413144 0.413138 0.413122 0.413009 0.413077 0.413081 0.413108 0.413333 0.413382 0.413493 0.413499 0.413513 0.000000 0.000000
0.000000 0.000000 0.428339 0.428322 0.428218 0.428156 0.427736 0.427898 0.427808 0.427813 0.427872 0.427808 0.427800 0.427751 0.427608 0.428066 0.428077 0.428185 0.428247 0.000000 0.000000
0.000000 0.000000 0.444155 0.444109 0.444035 0.443530 0.443761 0.443438 0.443374 0.443344 0.443221 0.443190 0.443243 0.443252 0.443535 0.443314 0.443963 0.443807 0.443779 0.000000 0.000000
0.000000 0.000000 0.456725 0.456703 0.456266 0.456475 0.456394 0.456406 0.456594 0.456544 0.456641 0.456624 0.456543 0.456644 0.456591 0.456666 0.456193 0.456850 0.456840 0.000000 0.000000
0.000000 0.000000 0.465893 0.465697 0.465652 0.465614 0.465493 0.465473 0.465452 0.465456 0.465411 0.465415 0.465435 0.465419 0.465452 0.465547 0.465622 0.465640 0.465840 0.000000 0.000000
0.000000 0.000000 0.471391 0.471194 0.471280 0.471186 0.471066 0.471000 0.470943 0.470948 0.470894 0.470899 0.470935 0.470901 0.470983 0.471074 0.471263 0.471103 0.471305 0.000000 0.000000
0.000000 0.000000 0.350000 0.350000 0.350000 0.350000 0.350000 0.350000 0.350000 0.350000 0.350000 0.350000 0.350000 0.350000 0.350000 0.350000 0.350000 0.350000 0.350000 0.000000 0.000000
0.000000 0.000000 0.000000 0.000000 0.000000 0.000000 0.000000 0.000000 0.000000 0.000000 0.000000 0.000000 0.000000 0.000000 0.000000 0.000000 0.000000 0.000000 0.000000 0.000000 0.000000