geotop/1.0zi/1.0Montebello/Templates/testdem/maps/_Eocsilt0640.asc
ncols         21
nrows         20
xllcorner     100.000000
yllcorner     100.000000
cellsize      50.000000
NODATA_value  -9999.0
0.000000 0.000000 0.000000 0.000000 0.000000 0.000000 0.000000 0.000000 0.000000 0.000000 0.000000 0.000000 0.000000 0.000000 0.000000 0.000000 0.000000 0.000000 0.000000 0.000000 0.000000
0.000000 0.000000 0.350013 0.350013 0.350013 0.350013 0.350013 0.350013 0.350013 0.350013 0.350013 0.350013 0.350013 0.350013 0.350013 0.350013 0.350013 0.350013 0.350013 0.000000 0.000000
0.000000 0.000000 0.349998 0.349997 0.349997 0.349997 0.349998 0.349998 0.349998 0.349998 0.349998 0.349998 0.349998 0.349998 0.349998 0.349997 0.349997 0.349997 0.349998 0.000000 0.000000
0.000000 0.000000 0.350287 0.350286 0.350284 0.350286 0.350287 0.350287 0.350287 0.350287 0.350287 0.350287 0.350287 0.350287 0.350287 0.350286 0.350284 0.350286 0.350287 0.000000 0.000000
0.000000 0.000000 0.351227 0.351227 0.351225 0.351227 0.351227 0.351228 0.351228 0.351227 0.351227 0.351227 0.351228 0.351228 0.351227 0.351227 0.351225 0.351227 0.351227 0.000000 0.000000
0.000000 0.000000 0.352313 0.352313 0.352311 0.352313 0.352313 0.352313 0.352313 0.352313 0.352313 0.352313 0.352313 0.352313 0.352313 0.352313 0.352311 0.352313 0.352313 0.000000 0.000000
0.000000 0.000000 0.353310 0.353310 0.353308 0.353310 0.353310 0.353310 0.353310 0.353310 0.353310 0.353310 0.353310 0.353310 0.353310 0.353310 0.353308 0.353310 0.353310 0.000000 0.000000
0.000000 0.000000 0.354237 0.354237 0.354235 0.354237 0.354237 0.354237 0.354237 0.354237 0.354237 0.354237 0.354237 0.354237 0.354237 0.354237 0.354235 0.354237 0.354237 0.000000 0.000000
0.000000 0.000000 0.355113 0.355113 0.355112 0.355113 0.355113 0.355113 0.355113 0.355113 0.355113 0.355113 0.355113 0.355113 0.355113 0.355113 0.355112 0.355113 0.355113 0.000000 0.000000
0.000000 0.000000 0.355959 0.355959 0.355957 0.355958 0.355959 0.355959 0.355959 0.355959 0.355959 0.355959 0.355959 0.355959 0.355959 0.355958 0.355957 0.355959 0.355959 0.000000 0.000000
0.000000 0.000000 0.356781 0.356781 0.356780 0.356781 0.356781 0.356782 0.356782 0.356782 0.356781 0.356782 0.356782 0.356782 0.356781 0.356781 0.356780 0.356781 0.356781 0.000000 0.000000
0.000000 0.000000 0.357589 0.357589 0.357587 0.357589 0.357589 0.357589 0.357589 0.357589 0.357589 0.357589 0.357589 0.357589 0.357589 0.357589 0.357587 0.357589 0.357589 0.000000 0.000000
0.000000 0.000000 0.358383 0.358383 0.358382 0.358383 0.358383 0.358383 0.358383 0.358383 0.358383 0.358383 0.358383 0.358383 0.358383 0.358383 0.358382 0.358383 0.358383 0.000000 0.000000
0.000000 0.000000 0.359166 0.359166 0.359165 0.359166 0.359166 0.359167 0.359167 0.359166 0.359166 0.359166 0.359167 0.359167 0.359166 0.359166 0.359165 0.359166 0.359166 0.000000 0.000000
0.000000 0.000000 0.359943 0.359943 0.359942 0.359943 0.359943 0.359943 0.359943 0.359943 0.359943 0.359943 0.359943 0.359943 0.359943 0.359943 0.359942 0.359943 0.359943 0.000000 0.000000
0.000000 0.000000 0.360716 0.360716 0.360715 0.360716 0.360716 0.360716 0.360716 0.360716 0.360716 0.360716 0.360716 0.360716 0.360716 0.360716 0.360715 0.360716 0.360716 0.000000 0.000000
0.000000 0.000000 0.361482 0.361482 0.361481 0.361482 0.361482 0.361482 0.361482 0.361482 0.361482 0.361482 0.361482 0.361482 0.361482 0.361482 0.361481 0.361482 0.361482 0.000000 0.000000
0.000000 0.000000 0.362253 0.362253 0.362252 0.362253 0.362253 0.362253 0.362253 0.362253 0.362253 0.362253 0.362253 0.362253 0.362253 0.362253 0.362252 0.362253 0.362253 0.000000 0.000000
0.000000 0.000000 0.350000 0.350000 0.350000 0.350000 0.350000 0.350000 0.350000 0.350000 0.350000 0.350000 0.350000 0.350000 0.350000 0.350000 0.350000 0.350000 0.350000 0.000000 0.000000
0.000000 0.000000 0.000000 0.000000 0.000000 0.000000 0.000000 0.000000 0.000000 0.000000 0.000000 0.000000 0.000000 0.000000 0.000000 0.000000 0.000000 0.000000 0.000000 0.000000 0.000000