geotop/1.0zi/1.0Montebello/Templates/testdem/maps/_Eocsand7903.asc
ncols         21
nrows         20
xllcorner     100.000000
yllcorner     100.000000
cellsize      50.000000
NODATA_value  -9999.0
0.000000 0.000000 0.000000 0.000000 0.000000 0.000000 0.000000 0.000000 0.000000 0.000000 0.000000 0.000000 0.000000 0.000000 0.000000 0.000000 0.000000 0.000000 0.000000 0.000000 0.000000
0.000000 0.000000 0.300201 0.300199 0.300199 0.300199 0.300198 0.300198 0.300198 0.300198 0.300199 0.300198 0.300198 0.300199 0.300198 0.300198 0.300200 0.300200 0.300200 0.000000 0.000000
0.000000 0.000000 0.300010 0.300012 0.300011 0.300010 0.300011 0.300012 0.300011 0.300011 0.300011 0.300012 0.300010 0.300011 0.300011 0.300011 0.300012 0.300012 0.300013 0.000000 0.000000
0.000000 0.000000 0.299894 0.299893 0.299898 0.299906 0.299901 0.299909 0.299904 0.299907 0.299907 0.299907 0.299907 0.299908 0.299903 0.299899 0.299896 0.299893 0.299893 0.000000 0.000000
0.000000 0.000000 0.298001 0.297999 0.298007 0.298023 0.298045 0.298055 0.298061 0.298060 0.298064 0.298063 0.298066 0.298060 0.298037 0.298030 0.298018 0.298007 0.297998 0.000000 0.000000
0.000000 0.000000 0.292648 0.292651 0.292673 0.292718 0.292751 0.292797 0.292797 0.292810 0.292802 0.292803 0.292799 0.292799 0.292776 0.292743 0.292716 0.292693 0.292682 0.000000 0.000000
0.000000 0.000000 0.285158 0.285167 0.285187 0.285238 0.285300 0.285371 0.285372 0.285382 0.285379 0.285381 0.285384 0.285377 0.285315 0.285259 0.285226 0.285198 0.285183 0.000000 0.000000
0.000000 0.000000 0.276281 0.276286 0.276301 0.276359 0.276419 0.276497 0.276498 0.276507 0.276509 0.276515 0.276519 0.276504 0.276436 0.276383 0.276332 0.276316 0.276292 0.000000 0.000000
0.000000 0.000000 0.266831 0.266848 0.266877 0.266915 0.266978 0.267063 0.267059 0.267078 0.267082 0.267087 0.267084 0.267086 0.267003 0.266936 0.266896 0.266875 0.266855 0.000000 0.000000
0.000000 0.000000 0.256894 0.256914 0.256930 0.256967 0.257058 0.257135 0.257134 0.257144 0.257156 0.257151 0.257139 0.257144 0.257074 0.256997 0.256949 0.256933 0.256918 0.000000 0.000000
0.000000 0.000000 0.246165 0.246179 0.246197 0.246276 0.246340 0.246429 0.246410 0.246459 0.246453 0.246455 0.246472 0.246440 0.246377 0.246329 0.246269 0.246236 0.246196 0.000000 0.000000
0.000000 0.000000 0.234331 0.234365 0.234402 0.234454 0.234525 0.234636 0.234643 0.234657 0.234632 0.234671 0.234660 0.234653 0.234538 0.234480 0.234439 0.234415 0.234315 0.000000 0.000000
0.000000 0.000000 0.221611 0.221645 0.221660 0.221733 0.221795 0.222078 0.222082 0.222100 0.222173 0.222136 0.222120 0.222093 0.221877 0.221818 0.221711 0.221698 0.221647 0.000000 0.000000
0.000000 0.000000 0.206833 0.206846 0.206906 0.206958 0.207303 0.207290 0.207362 0.207363 0.207346 0.207365 0.207374 0.207388 0.207409 0.207051 0.206987 0.206892 0.206822 0.000000 0.000000
0.000000 0.000000 0.189532 0.189567 0.189641 0.190073 0.190055 0.190270 0.190373 0.190398 0.190469 0.190522 0.190475 0.190485 0.190276 0.190266 0.189696 0.189775 0.189760 0.000000 0.000000
0.000000 0.000000 0.170533 0.170566 0.171186 0.171051 0.171094 0.171167 0.170946 0.171021 0.170908 0.170957 0.171054 0.170900 0.170873 0.170839 0.171244 0.170367 0.170379 0.000000 0.000000
0.000000 0.000000 0.146905 0.147889 0.147748 0.148105 0.148597 0.148743 0.148986 0.148932 0.149212 0.149192 0.149036 0.149182 0.148937 0.148573 0.147788 0.148230 0.147216 0.000000 0.000000
0.000000 0.000000 0.137009 0.136154 0.135284 0.135309 0.135307 0.136137 0.136024 0.136259 0.135895 0.135973 0.136018 0.135898 0.135194 0.135196 0.135128 0.135839 0.136675 0.000000 0.000000
0.000000 0.000000 0.300000 0.300000 0.300000 0.300000 0.300000 0.300000 0.300000 0.300000 0.300000 0.300000 0.300000 0.300000 0.300000 0.300000 0.300000 0.300000 0.300000 0.000000 0.000000
0.000000 0.000000 0.000000 0.000000 0.000000 0.000000 0.000000 0.000000 0.000000 0.000000 0.000000 0.000000 0.000000 0.000000 0.000000 0.000000 0.000000 0.000000 0.000000 0.000000 0.000000