geotop/1.0zi/1.0Montebello/Templates/testdem/maps/_Eocsilt3011.asc
ncols         21
nrows         20
xllcorner     100.000000
yllcorner     100.000000
cellsize      50.000000
NODATA_value  -9999.0
0.000000 0.000000 0.000000 0.000000 0.000000 0.000000 0.000000 0.000000 0.000000 0.000000 0.000000 0.000000 0.000000 0.000000 0.000000 0.000000 0.000000 0.000000 0.000000 0.000000 0.000000
0.000000 0.000000 0.350080 0.350080 0.350080 0.350080 0.350080 0.350080 0.350080 0.350080 0.350079 0.350080 0.350080 0.350080 0.350080 0.350080 0.350080 0.350080 0.350080 0.000000 0.000000
0.000000 0.000000 0.349996 0.349996 0.349996 0.349996 0.349996 0.349996 0.349996 0.349996 0.349997 0.349996 0.349996 0.349996 0.349996 0.349996 0.349996 0.349996 0.349996 0.000000 0.000000
0.000000 0.000000 0.351136 0.351135 0.351133 0.351134 0.351137 0.351136 0.351136 0.351136 0.351137 0.351136 0.351136 0.351136 0.351137 0.351134 0.351133 0.351135 0.351136 0.000000 0.000000
0.000000 0.000000 0.355409 0.355408 0.355406 0.355407 0.355409 0.355408 0.355408 0.355410 0.355410 0.355410 0.355408 0.355408 0.355409 0.355407 0.355406 0.355408 0.355409 0.000000 0.000000
0.000000 0.000000 0.360703 0.360703 0.360701 0.360701 0.360704 0.360703 0.360703 0.360704 0.360705 0.360704 0.360703 0.360703 0.360704 0.360701 0.360701 0.360703 0.360703 0.000000 0.000000
0.000000 0.000000 0.365506 0.365505 0.365504 0.365504 0.365506 0.365505 0.365505 0.365506 0.365507 0.365506 0.365505 0.365505 0.365506 0.365504 0.365504 0.365505 0.365506 0.000000 0.000000
0.000000 0.000000 0.369854 0.369853 0.369852 0.369852 0.369854 0.369853 0.369853 0.369854 0.369855 0.369854 0.369853 0.369853 0.369854 0.369852 0.369852 0.369853 0.369854 0.000000 0.000000
0.000000 0.000000 0.373875 0.373874 0.373873 0.373873 0.373875 0.373874 0.373874 0.373875 0.373875 0.373875 0.373874 0.373874 0.373875 0.373873 0.373873 0.373874 0.373875 0.000000 0.000000
0.000000 0.000000 0.377665 0.377665 0.377663 0.377664 0.377665 0.377665 0.377665 0.377665 0.377666 0.377665 0.377665 0.377665 0.377665 0.377664 0.377663 0.377665 0.377665 0.000000 0.000000
0.000000 0.000000 0.381270 0.381270 0.381269 0.381269 0.381270 0.381270 0.381270 0.381270 0.381271 0.381270 0.381270 0.381270 0.381270 0.381269 0.381269 0.381270 0.381270 0.000000 0.000000
0.000000 0.000000 0.384725 0.384725 0.384724 0.384724 0.384725 0.384725 0.384725 0.384725 0.384726 0.384725 0.384725 0.384725 0.384725 0.384724 0.384724 0.384725 0.384725 0.000000 0.000000
0.000000 0.000000 0.388058 0.388057 0.388056 0.388057 0.388058 0.388057 0.388057 0.388058 0.388058 0.388058 0.388057 0.388057 0.388058 0.388057 0.388056 0.388057 0.388058 0.000000 0.000000
0.000000 0.000000 0.391294 0.391293 0.391292 0.391293 0.391294 0.391293 0.391293 0.391294 0.391294 0.391294 0.391293 0.391293 0.391294 0.391293 0.391292 0.391293 0.391294 0.000000 0.000000
0.000000 0.000000 0.394439 0.394439 0.394438 0.394438 0.394439 0.394439 0.394439 0.394439 0.394440 0.394439 0.394439 0.394439 0.394439 0.394438 0.394438 0.394439 0.394439 0.000000 0.000000
0.000000 0.000000 0.397500 0.397500 0.397498 0.397499 0.397500 0.397500 0.397500 0.397500 0.397500 0.397500 0.397500 0.397500 0.397500 0.397499 0.397498 0.397500 0.397500 0.000000 0.000000
0.000000 0.000000 0.400486 0.400486 0.400485 0.400486 0.400487 0.400486 0.400486 0.400487 0.400487 0.400487 0.400486 0.400486 0.400487 0.400486 0.400485 0.400486 0.400486 0.000000 0.000000
0.000000 0.000000 0.403457 0.403457 0.403456 0.403457 0.403458 0.403457 0.403457 0.403458 0.403458 0.403458 0.403457 0.403457 0.403458 0.403457 0.403456 0.403457 0.403457 0.000000 0.000000
0.000000 0.000000 0.350000 0.350000 0.350000 0.350000 0.350000 0.350000 0.350000 0.350000 0.350000 0.350000 0.350000 0.350000 0.350000 0.350000 0.350000 0.350000 0.350000 0.000000 0.000000
0.000000 0.000000 0.000000 0.000000 0.000000 0.000000 0.000000 0.000000 0.000000 0.000000 0.000000 0.000000 0.000000 0.000000 0.000000 0.000000 0.000000 0.000000 0.000000 0.000000 0.000000