geotop/1.0zi/1.0Montebello/Templates/testdem/maps/_Eocclay0966.asc
ncols         21
nrows         20
xllcorner     100.000000
yllcorner     100.000000
cellsize      50.000000
NODATA_value  -9999.0
0.000000 0.000000 0.000000 0.000000 0.000000 0.000000 0.000000 0.000000 0.000000 0.000000 0.000000 0.000000 0.000000 0.000000 0.000000 0.000000 0.000000 0.000000 0.000000 0.000000 0.000000
0.000000 0.000000 0.349950 0.349950 0.349950 0.349950 0.349950 0.349950 0.349950 0.349950 0.349950 0.349950 0.349950 0.349950 0.349950 0.349950 0.349950 0.349950 0.349950 0.000000 0.000000
0.000000 0.000000 0.349996 0.349996 0.349996 0.349996 0.349996 0.349996 0.349996 0.349996 0.349996 0.349996 0.349996 0.349996 0.349996 0.349996 0.349996 0.349996 0.349996 0.000000 0.000000
0.000000 0.000000 0.350401 0.350401 0.350399 0.350399 0.350401 0.350401 0.350401 0.350401 0.350401 0.350401 0.350401 0.350401 0.350401 0.350399 0.350399 0.350401 0.350401 0.000000 0.000000
0.000000 0.000000 0.351930 0.351928 0.351926 0.351926 0.351930 0.351929 0.351929 0.351930 0.351930 0.351930 0.351929 0.351929 0.351930 0.351926 0.351926 0.351928 0.351930 0.000000 0.000000
0.000000 0.000000 0.353586 0.353585 0.353583 0.353583 0.353586 0.353586 0.353585 0.353586 0.353586 0.353586 0.353585 0.353586 0.353586 0.353583 0.353583 0.353585 0.353586 0.000000 0.000000
0.000000 0.000000 0.355156 0.355155 0.355154 0.355154 0.355156 0.355156 0.355156 0.355156 0.355156 0.355156 0.355156 0.355156 0.355156 0.355154 0.355154 0.355155 0.355156 0.000000 0.000000
0.000000 0.000000 0.356602 0.356601 0.356600 0.356600 0.356602 0.356602 0.356602 0.356602 0.356602 0.356602 0.356602 0.356602 0.356602 0.356600 0.356600 0.356601 0.356602 0.000000 0.000000
0.000000 0.000000 0.357956 0.357956 0.357954 0.357954 0.357956 0.357956 0.357956 0.357956 0.357956 0.357956 0.357956 0.357956 0.357956 0.357954 0.357954 0.357956 0.357956 0.000000 0.000000
0.000000 0.000000 0.359255 0.359254 0.359253 0.359253 0.359255 0.359255 0.359255 0.359255 0.359255 0.359255 0.359255 0.359255 0.359255 0.359253 0.359253 0.359254 0.359255 0.000000 0.000000
0.000000 0.000000 0.360511 0.360510 0.360509 0.360509 0.360511 0.360511 0.360511 0.360511 0.360511 0.360511 0.360511 0.360511 0.360511 0.360509 0.360509 0.360510 0.360511 0.000000 0.000000
0.000000 0.000000 0.361738 0.361738 0.361736 0.361737 0.361738 0.361738 0.361738 0.361738 0.361738 0.361738 0.361738 0.361738 0.361738 0.361737 0.361736 0.361738 0.361738 0.000000 0.000000
0.000000 0.000000 0.362946 0.362946 0.362945 0.362945 0.362946 0.362946 0.362946 0.362947 0.362947 0.362947 0.362946 0.362946 0.362946 0.362945 0.362945 0.362946 0.362946 0.000000 0.000000
0.000000 0.000000 0.364135 0.364135 0.364133 0.364134 0.364135 0.364135 0.364135 0.364135 0.364135 0.364135 0.364135 0.364135 0.364135 0.364134 0.364133 0.364135 0.364135 0.000000 0.000000
0.000000 0.000000 0.365311 0.365311 0.365309 0.365310 0.365311 0.365311 0.365311 0.365311 0.365311 0.365311 0.365311 0.365311 0.365311 0.365310 0.365309 0.365311 0.365311 0.000000 0.000000
0.000000 0.000000 0.366478 0.366478 0.366477 0.366477 0.366478 0.366478 0.366478 0.366478 0.366478 0.366478 0.366478 0.366478 0.366478 0.366477 0.366477 0.366478 0.366478 0.000000 0.000000
0.000000 0.000000 0.367634 0.367633 0.367632 0.367632 0.367634 0.367634 0.367634 0.367634 0.367634 0.367634 0.367634 0.367634 0.367634 0.367632 0.367632 0.367633 0.367634 0.000000 0.000000
0.000000 0.000000 0.368816 0.368816 0.368814 0.368815 0.368816 0.368816 0.368816 0.368816 0.368816 0.368816 0.368816 0.368816 0.368816 0.368815 0.368814 0.368816 0.368816 0.000000 0.000000
0.000000 0.000000 0.350000 0.350000 0.350000 0.350000 0.350000 0.350000 0.350000 0.350000 0.350000 0.350000 0.350000 0.350000 0.350000 0.350000 0.350000 0.350000 0.350000 0.000000 0.000000
0.000000 0.000000 0.000000 0.000000 0.000000 0.000000 0.000000 0.000000 0.000000 0.000000 0.000000 0.000000 0.000000 0.000000 0.000000 0.000000 0.000000 0.000000 0.000000 0.000000 0.000000