geotop/1.0zi/1.0Montebello/Templates/testdem/maps/_Eocsilt2933.asc
ncols         21
nrows         20
xllcorner     100.000000
yllcorner     100.000000
cellsize      50.000000
NODATA_value  -9999.0
0.000000 0.000000 0.000000 0.000000 0.000000 0.000000 0.000000 0.000000 0.000000 0.000000 0.000000 0.000000 0.000000 0.000000 0.000000 0.000000 0.000000 0.000000 0.000000 0.000000 0.000000
0.000000 0.000000 0.350075 0.350075 0.350075 0.350075 0.350075 0.350075 0.350075 0.350075 0.350074 0.350075 0.350075 0.350075 0.350075 0.350075 0.350075 0.350075 0.350075 0.000000 0.000000
0.000000 0.000000 0.349997 0.349997 0.349997 0.349997 0.349997 0.349997 0.349997 0.349997 0.349998 0.349997 0.349997 0.349997 0.349997 0.349997 0.349997 0.349997 0.349997 0.000000 0.000000
0.000000 0.000000 0.351082 0.351081 0.351079 0.351080 0.351082 0.351082 0.351082 0.351082 0.351082 0.351082 0.351082 0.351082 0.351082 0.351080 0.351079 0.351081 0.351082 0.000000 0.000000
0.000000 0.000000 0.355168 0.355167 0.355165 0.355166 0.355168 0.355167 0.355167 0.355169 0.355169 0.355169 0.355167 0.355167 0.355168 0.355166 0.355165 0.355167 0.355168 0.000000 0.000000
0.000000 0.000000 0.360293 0.360292 0.360291 0.360291 0.360293 0.360293 0.360293 0.360294 0.360294 0.360294 0.360293 0.360293 0.360293 0.360291 0.360291 0.360292 0.360293 0.000000 0.000000
0.000000 0.000000 0.364950 0.364950 0.364949 0.364949 0.364951 0.364950 0.364950 0.364951 0.364951 0.364951 0.364950 0.364950 0.364951 0.364949 0.364949 0.364950 0.364950 0.000000 0.000000
0.000000 0.000000 0.369170 0.369170 0.369169 0.369169 0.369171 0.369170 0.369170 0.369171 0.369171 0.369171 0.369170 0.369170 0.369171 0.369169 0.369169 0.369170 0.369170 0.000000 0.000000
0.000000 0.000000 0.373075 0.373075 0.373074 0.373074 0.373076 0.373075 0.373075 0.373076 0.373076 0.373076 0.373075 0.373075 0.373076 0.373074 0.373074 0.373075 0.373075 0.000000 0.000000
0.000000 0.000000 0.376760 0.376760 0.376759 0.376759 0.376761 0.376760 0.376760 0.376761 0.376761 0.376761 0.376760 0.376760 0.376761 0.376759 0.376759 0.376760 0.376760 0.000000 0.000000
0.000000 0.000000 0.380270 0.380270 0.380269 0.380269 0.380271 0.380270 0.380270 0.380271 0.380271 0.380271 0.380270 0.380270 0.380271 0.380269 0.380269 0.380270 0.380270 0.000000 0.000000
0.000000 0.000000 0.383638 0.383637 0.383636 0.383637 0.383638 0.383637 0.383638 0.383638 0.383638 0.383638 0.383638 0.383637 0.383638 0.383637 0.383636 0.383637 0.383638 0.000000 0.000000
0.000000 0.000000 0.386885 0.386885 0.386884 0.386885 0.386886 0.386885 0.386885 0.386886 0.386886 0.386886 0.386885 0.386885 0.386886 0.386885 0.386884 0.386885 0.386885 0.000000 0.000000
0.000000 0.000000 0.390040 0.390040 0.390039 0.390039 0.390040 0.390040 0.390040 0.390040 0.390041 0.390040 0.390040 0.390040 0.390040 0.390039 0.390039 0.390040 0.390040 0.000000 0.000000
0.000000 0.000000 0.393113 0.393113 0.393112 0.393112 0.393113 0.393113 0.393113 0.393114 0.393114 0.393114 0.393113 0.393113 0.393113 0.393112 0.393112 0.393113 0.393113 0.000000 0.000000
0.000000 0.000000 0.396109 0.396109 0.396108 0.396108 0.396109 0.396109 0.396109 0.396109 0.396110 0.396109 0.396109 0.396109 0.396109 0.396108 0.396108 0.396109 0.396109 0.000000 0.000000
0.000000 0.000000 0.399034 0.399033 0.399032 0.399033 0.399034 0.399033 0.399034 0.399034 0.399034 0.399034 0.399034 0.399033 0.399034 0.399033 0.399032 0.399033 0.399034 0.000000 0.000000
0.000000 0.000000 0.401942 0.401943 0.401941 0.401942 0.401943 0.401943 0.401943 0.401943 0.401943 0.401943 0.401943 0.401943 0.401943 0.401942 0.401941 0.401942 0.401943 0.000000 0.000000
0.000000 0.000000 0.350000 0.350000 0.350000 0.350000 0.350000 0.350000 0.350000 0.350000 0.350000 0.350000 0.350000 0.350000 0.350000 0.350000 0.350000 0.350000 0.350000 0.000000 0.000000
0.000000 0.000000 0.000000 0.000000 0.000000 0.000000 0.000000 0.000000 0.000000 0.000000 0.000000 0.000000 0.000000 0.000000 0.000000 0.000000 0.000000 0.000000 0.000000 0.000000 0.000000