geotop/1.0zi/1.0Montebello/Templates/testdem/maps/_Eocclay8908.asc
ncols         21
nrows         20
xllcorner     100.000000
yllcorner     100.000000
cellsize      50.000000
NODATA_value  -9999.0
0.000000 0.000000 0.000000 0.000000 0.000000 0.000000 0.000000 0.000000 0.000000 0.000000 0.000000 0.000000 0.000000 0.000000 0.000000 0.000000 0.000000 0.000000 0.000000 0.000000 0.000000
0.000000 0.000000 0.349583 0.349586 0.349586 0.349585 0.349586 0.349587 0.349586 0.349586 0.349585 0.349586 0.349586 0.349586 0.349586 0.349586 0.349584 0.349584 0.349585 0.000000 0.000000
0.000000 0.000000 0.349983 0.349981 0.349981 0.349983 0.349981 0.349981 0.349981 0.349981 0.349981 0.349981 0.349981 0.349981 0.349982 0.349982 0.349983 0.349982 0.349980 0.000000 0.000000
0.000000 0.000000 0.350023 0.350028 0.350026 0.350023 0.350025 0.350025 0.350029 0.350026 0.350029 0.350027 0.350028 0.350026 0.350029 0.350030 0.350028 0.350028 0.350026 0.000000 0.000000
0.000000 0.000000 0.351209 0.351202 0.351197 0.351187 0.351170 0.351170 0.351166 0.351167 0.351165 0.351167 0.351166 0.351168 0.351177 0.351181 0.351192 0.351192 0.351202 0.000000 0.000000
0.000000 0.000000 0.354563 0.354559 0.354541 0.354511 0.354487 0.354463 0.354467 0.354460 0.354464 0.354464 0.354469 0.354469 0.354482 0.354507 0.354520 0.354529 0.354535 0.000000 0.000000
0.000000 0.000000 0.359079 0.359070 0.359060 0.359032 0.358997 0.358948 0.358950 0.358945 0.358945 0.358946 0.358947 0.358948 0.358989 0.359019 0.359036 0.359046 0.359053 0.000000 0.000000
0.000000 0.000000 0.364437 0.364427 0.364417 0.364382 0.364346 0.364301 0.364303 0.364298 0.364297 0.364295 0.364292 0.364302 0.364340 0.364370 0.364399 0.364403 0.364417 0.000000 0.000000
0.000000 0.000000 0.370208 0.370196 0.370180 0.370156 0.370115 0.370066 0.370072 0.370062 0.370058 0.370056 0.370058 0.370057 0.370106 0.370144 0.370165 0.370170 0.370183 0.000000 0.000000
0.000000 0.000000 0.376458 0.376440 0.376431 0.376405 0.376348 0.376304 0.376306 0.376300 0.376293 0.376297 0.376304 0.376302 0.376343 0.376390 0.376415 0.376421 0.376428 0.000000 0.000000
0.000000 0.000000 0.383414 0.383403 0.383392 0.383335 0.383298 0.383240 0.383257 0.383223 0.383230 0.383226 0.383215 0.383235 0.383278 0.383306 0.383342 0.383353 0.383381 0.000000 0.000000
0.000000 0.000000 0.391320 0.391296 0.391267 0.391236 0.391185 0.391116 0.391117 0.391112 0.391126 0.391099 0.391111 0.391111 0.391186 0.391226 0.391245 0.391252 0.391314 0.000000 0.000000
0.000000 0.000000 0.400067 0.400040 0.400037 0.399976 0.399935 0.399732 0.399734 0.399723 0.399663 0.399699 0.399706 0.399726 0.399883 0.399920 0.399993 0.399992 0.400017 0.000000 0.000000
0.000000 0.000000 0.410675 0.410666 0.410617 0.410578 0.410299 0.410358 0.410307 0.410308 0.410336 0.410309 0.410304 0.410281 0.410230 0.410527 0.410551 0.410616 0.410663 0.000000 0.000000
0.000000 0.000000 0.423348 0.423313 0.423256 0.422889 0.422976 0.422783 0.422718 0.422699 0.422629 0.422593 0.422634 0.422631 0.422817 0.422746 0.423227 0.423120 0.423115 0.000000 0.000000
0.000000 0.000000 0.436870 0.436843 0.436326 0.436538 0.436475 0.436470 0.436692 0.436630 0.436746 0.436718 0.436625 0.436754 0.436723 0.436777 0.436278 0.437043 0.437030 0.000000 0.000000
0.000000 0.000000 0.452525 0.451811 0.452057 0.451743 0.451387 0.451283 0.451050 0.451107 0.450870 0.450898 0.451037 0.450892 0.451082 0.451344 0.452030 0.451487 0.452226 0.000000 0.000000
0.000000 0.000000 0.456608 0.457237 0.457748 0.457754 0.457802 0.457302 0.457408 0.457256 0.457516 0.457465 0.457419 0.457509 0.457917 0.457884 0.457836 0.457452 0.456827 0.000000 0.000000
0.000000 0.000000 0.350000 0.350000 0.350000 0.350000 0.350000 0.350000 0.350000 0.350000 0.350000 0.350000 0.350000 0.350000 0.350000 0.350000 0.350000 0.350000 0.350000 0.000000 0.000000
0.000000 0.000000 0.000000 0.000000 0.000000 0.000000 0.000000 0.000000 0.000000 0.000000 0.000000 0.000000 0.000000 0.000000 0.000000 0.000000 0.000000 0.000000 0.000000 0.000000 0.000000