geotop/1.0zi/1.0Montebello/Templates/testdem/maps/_Eocsand6074.asc
ncols         21
nrows         20
xllcorner     100.000000
yllcorner     100.000000
cellsize      50.000000
NODATA_value  -9999.0
0.000000 0.000000 0.000000 0.000000 0.000000 0.000000 0.000000 0.000000 0.000000 0.000000 0.000000 0.000000 0.000000 0.000000 0.000000 0.000000 0.000000 0.000000 0.000000 0.000000 0.000000
0.000000 0.000000 0.300151 0.300150 0.300150 0.300149 0.300149 0.300149 0.300150 0.300150 0.300150 0.300150 0.300150 0.300150 0.300150 0.300150 0.300150 0.300150 0.300150 0.000000 0.000000
0.000000 0.000000 0.300009 0.300008 0.300008 0.300008 0.300008 0.300008 0.300008 0.300008 0.300008 0.300008 0.300007 0.300007 0.300008 0.300008 0.300010 0.300010 0.300009 0.000000 0.000000
0.000000 0.000000 0.299970 0.299968 0.299972 0.299976 0.299973 0.299975 0.299972 0.299974 0.299973 0.299975 0.299974 0.299976 0.299972 0.299967 0.299968 0.299965 0.299967 0.000000 0.000000
0.000000 0.000000 0.298943 0.298941 0.298943 0.298951 0.298965 0.298974 0.298974 0.298975 0.298978 0.298977 0.298979 0.298977 0.298967 0.298965 0.298960 0.298949 0.298940 0.000000 0.000000
0.000000 0.000000 0.295664 0.295660 0.295673 0.295707 0.295725 0.295759 0.295761 0.295769 0.295762 0.295759 0.295755 0.295758 0.295747 0.295726 0.295711 0.295695 0.295685 0.000000 0.000000
0.000000 0.000000 0.290767 0.290772 0.290782 0.290819 0.290862 0.290914 0.290913 0.290919 0.290916 0.290914 0.290917 0.290915 0.290876 0.290834 0.290814 0.290795 0.290781 0.000000 0.000000
0.000000 0.000000 0.284818 0.284818 0.284823 0.284862 0.284904 0.284961 0.284960 0.284966 0.284966 0.284967 0.284971 0.284963 0.284919 0.284879 0.284847 0.284838 0.284818 0.000000 0.000000
0.000000 0.000000 0.278651 0.278660 0.278676 0.278700 0.278742 0.278802 0.278799 0.278810 0.278815 0.278812 0.278812 0.278816 0.278761 0.278717 0.278688 0.278679 0.278661 0.000000 0.000000
0.000000 0.000000 0.272407 0.272417 0.272424 0.272442 0.272502 0.272557 0.272552 0.272560 0.272568 0.272560 0.272552 0.272559 0.272515 0.272463 0.272434 0.272428 0.272415 0.000000 0.000000
0.000000 0.000000 0.265936 0.265943 0.265947 0.265991 0.266032 0.266091 0.266079 0.266107 0.266106 0.266104 0.266112 0.266096 0.266060 0.266027 0.265994 0.265975 0.265948 0.000000 0.000000
0.000000 0.000000 0.259109 0.259124 0.259143 0.259174 0.259211 0.259283 0.259280 0.259297 0.259279 0.259297 0.259294 0.259288 0.259223 0.259191 0.259168 0.259158 0.259090 0.000000 0.000000
0.000000 0.000000 0.252066 0.252079 0.252086 0.252122 0.252156 0.252304 0.252305 0.252317 0.252349 0.252331 0.252320 0.252309 0.252200 0.252170 0.252117 0.252111 0.252064 0.000000 0.000000
0.000000 0.000000 0.244369 0.244378 0.244399 0.244423 0.244570 0.244604 0.244637 0.244638 0.244648 0.244644 0.244643 0.244649 0.244632 0.244484 0.244439 0.244402 0.244354 0.000000 0.000000
0.000000 0.000000 0.235842 0.235854 0.235887 0.236042 0.236086 0.236173 0.236229 0.236239 0.236267 0.236283 0.236265 0.236277 0.236210 0.236142 0.235923 0.235942 0.235913 0.000000 0.000000
0.000000 0.000000 0.226770 0.226781 0.226987 0.227016 0.227027 0.227081 0.227036 0.227061 0.227042 0.227063 0.227088 0.227046 0.227013 0.226993 0.227020 0.226755 0.226749 0.000000 0.000000
0.000000 0.000000 0.216282 0.216567 0.216652 0.216734 0.216869 0.216936 0.216963 0.216965 0.217029 0.217035 0.217007 0.217020 0.216943 0.216839 0.216674 0.216633 0.216342 0.000000 0.000000
0.000000 0.000000 0.208842 0.208805 0.208547 0.208612 0.208708 0.208970 0.208974 0.209034 0.208989 0.209005 0.208989 0.208980 0.208741 0.208670 0.208507 0.208772 0.208791 0.000000 0.000000
0.000000 0.000000 0.300000 0.300000 0.300000 0.300000 0.300000 0.300000 0.300000 0.300000 0.300000 0.300000 0.300000 0.300000 0.300000 0.300000 0.300000 0.300000 0.300000 0.000000 0.000000
0.000000 0.000000 0.000000 0.000000 0.000000 0.000000 0.000000 0.000000 0.000000 0.000000 0.000000 0.000000 0.000000 0.000000 0.000000 0.000000 0.000000 0.000000 0.000000 0.000000 0.000000