geotop/1.0zi/1.0Montebello/Templates/testdem/maps/_Eocsand9982.asc
ncols         21
nrows         20
xllcorner     100.000000
yllcorner     100.000000
cellsize      50.000000
NODATA_value  -9999.0
0.000000 0.000000 0.000000 0.000000 0.000000 0.000000 0.000000 0.000000 0.000000 0.000000 0.000000 0.000000 0.000000 0.000000 0.000000 0.000000 0.000000 0.000000 0.000000 0.000000 0.000000
0.000000 0.000000 0.300246 0.300244 0.300244 0.300245 0.300244 0.300243 0.300244 0.300244 0.300245 0.300244 0.300244 0.300244 0.300244 0.300244 0.300245 0.300244 0.300244 0.000000 0.000000
0.000000 0.000000 0.300011 0.300013 0.300012 0.300011 0.300012 0.300013 0.300012 0.300012 0.300012 0.300012 0.300011 0.300012 0.300012 0.300012 0.300013 0.300013 0.300013 0.000000 0.000000
0.000000 0.000000 0.299806 0.299803 0.299814 0.299822 0.299822 0.299828 0.299820 0.299822 0.299821 0.299819 0.299818 0.299820 0.299814 0.299808 0.299804 0.299802 0.299803 0.000000 0.000000
0.000000 0.000000 0.296939 0.296937 0.296956 0.296992 0.297021 0.297031 0.297031 0.297031 0.297035 0.297028 0.297022 0.297023 0.296999 0.296985 0.296970 0.296959 0.296947 0.000000 0.000000
0.000000 0.000000 0.289108 0.289119 0.289160 0.289231 0.289297 0.289356 0.289353 0.289362 0.289366 0.289365 0.289353 0.289359 0.289322 0.289267 0.289239 0.289217 0.289205 0.000000 0.000000
0.000000 0.000000 0.278303 0.278326 0.278360 0.278443 0.278527 0.278642 0.278640 0.278647 0.278660 0.278659 0.278661 0.278657 0.278561 0.278493 0.278451 0.278421 0.278408 0.000000 0.000000
0.000000 0.000000 0.265464 0.265492 0.265526 0.265625 0.265718 0.265823 0.265821 0.265831 0.265847 0.265852 0.265856 0.265839 0.265751 0.265674 0.265606 0.265591 0.265563 0.000000 0.000000
0.000000 0.000000 0.251297 0.251336 0.251389 0.251469 0.251575 0.251700 0.251689 0.251710 0.251732 0.251736 0.251730 0.251736 0.251611 0.251520 0.251466 0.251443 0.251419 0.000000 0.000000
0.000000 0.000000 0.235553 0.235608 0.235652 0.235737 0.235855 0.235988 0.235986 0.235999 0.236032 0.236021 0.236005 0.236012 0.235910 0.235791 0.235728 0.235702 0.235692 0.000000 0.000000
0.000000 0.000000 0.217519 0.217566 0.217608 0.217793 0.217848 0.218026 0.217989 0.218072 0.218073 0.218086 0.218114 0.218067 0.217951 0.217877 0.217787 0.217755 0.217679 0.000000 0.000000
0.000000 0.000000 0.196316 0.196413 0.196525 0.196617 0.196714 0.196940 0.196946 0.196949 0.196932 0.197010 0.196972 0.196987 0.196778 0.196660 0.196613 0.196583 0.196430 0.000000 0.000000
0.000000 0.000000 0.172286 0.172376 0.172403 0.172585 0.172705 0.173312 0.173323 0.173356 0.173583 0.173447 0.173437 0.173385 0.172929 0.172831 0.172606 0.172595 0.172566 0.000000 0.000000
0.000000 0.000000 0.142534 0.142574 0.142780 0.142907 0.143764 0.143435 0.143619 0.143610 0.143492 0.143621 0.143638 0.143737 0.144026 0.143092 0.143069 0.142850 0.142724 0.000000 0.000000
0.000000 0.000000 0.109797 0.109897 0.110050 0.111118 0.110628 0.111306 0.111443 0.111506 0.111769 0.111834 0.111720 0.111704 0.111106 0.111576 0.110204 0.110536 0.110595 0.000000 0.000000
0.000000 0.000000 0.082677 0.082729 0.083735 0.083213 0.083406 0.083357 0.082915 0.083028 0.082797 0.082834 0.083026 0.082791 0.082934 0.082754 0.083900 0.082363 0.082388 0.000000 0.000000
0.000000 0.000000 0.061239 0.061862 0.061789 0.062008 0.062352 0.062425 0.062578 0.062543 0.062730 0.062709 0.062609 0.062709 0.062578 0.062316 0.061858 0.062124 0.061483 0.000000 0.000000
0.000000 0.000000 0.050854 0.050939 0.050591 0.050749 0.050925 0.051225 0.051280 0.051330 0.051322 0.051333 0.051290 0.051314 0.051025 0.050890 0.050596 0.051023 0.050931 0.000000 0.000000
0.000000 0.000000 0.300000 0.300000 0.300000 0.300000 0.300000 0.300000 0.300000 0.300000 0.300000 0.300000 0.300000 0.300000 0.300000 0.300000 0.300000 0.300000 0.300000 0.000000 0.000000
0.000000 0.000000 0.000000 0.000000 0.000000 0.000000 0.000000 0.000000 0.000000 0.000000 0.000000 0.000000 0.000000 0.000000 0.000000 0.000000 0.000000 0.000000 0.000000 0.000000 0.000000