geotop/1.0zi/1.0Montebello/Templates/testdem/maps/_Eocsand176X.asc
ncols         21
nrows         20
xllcorner     100.000000
yllcorner     100.000000
cellsize      50.000000
NODATA_value  -9999.0
0.000000 0.000000 0.000000 0.000000 0.000000 0.000000 0.000000 0.000000 0.000000 0.000000 0.000000 0.000000 0.000000 0.000000 0.000000 0.000000 0.000000 0.000000 0.000000 0.000000 0.000000
0.000000 0.000000 0.300307 0.300304 0.300304 0.300305 0.300303 0.300303 0.300304 0.300303 0.300304 0.300304 0.300304 0.300304 0.300304 0.300303 0.300305 0.300304 0.300304 0.000000 0.000000
0.000000 0.000000 0.300010 0.300012 0.300012 0.300010 0.300012 0.300012 0.300011 0.300012 0.300011 0.300011 0.300011 0.300011 0.300011 0.300011 0.300012 0.300013 0.300012 0.000000 0.000000
0.000000 0.000000 0.299622 0.299614 0.299630 0.299637 0.299632 0.299643 0.299639 0.299642 0.299643 0.299641 0.299641 0.299636 0.299639 0.299629 0.299626 0.299622 0.299621 0.000000 0.000000
0.000000 0.000000 0.295443 0.295457 0.295479 0.295517 0.295555 0.295571 0.295577 0.295581 0.295587 0.295574 0.295567 0.295574 0.295552 0.295532 0.295510 0.295491 0.295478 0.000000 0.000000
0.000000 0.000000 0.284975 0.284995 0.285045 0.285126 0.285198 0.285271 0.285275 0.285291 0.285296 0.285292 0.285279 0.285290 0.285254 0.285181 0.285150 0.285117 0.285107 0.000000 0.000000
0.000000 0.000000 0.270716 0.270748 0.270797 0.270895 0.270993 0.271149 0.271162 0.271179 0.271180 0.271181 0.271184 0.271184 0.271073 0.270985 0.270932 0.270888 0.270875 0.000000 0.000000
0.000000 0.000000 0.253376 0.253415 0.253467 0.253602 0.253711 0.253856 0.253874 0.253895 0.253907 0.253909 0.253917 0.253901 0.253804 0.253703 0.253615 0.253591 0.253561 0.000000 0.000000
0.000000 0.000000 0.233340 0.233398 0.233481 0.233589 0.233722 0.233911 0.233922 0.233966 0.233972 0.233986 0.233981 0.233998 0.233846 0.233717 0.233647 0.233600 0.233575 0.000000 0.000000
0.000000 0.000000 0.209669 0.209760 0.209854 0.209961 0.210124 0.210325 0.210363 0.210391 0.210417 0.210407 0.210377 0.210395 0.210278 0.210102 0.210012 0.209961 0.209955 0.000000 0.000000
0.000000 0.000000 0.180717 0.180809 0.180876 0.181188 0.181251 0.181549 0.181499 0.181664 0.181614 0.181652 0.181724 0.181648 0.181492 0.181393 0.181253 0.181190 0.181069 0.000000 0.000000
0.000000 0.000000 0.144994 0.145186 0.145408 0.145503 0.145661 0.146049 0.146123 0.146106 0.146050 0.146181 0.146123 0.146181 0.145865 0.145658 0.145608 0.145540 0.145312 0.000000 0.000000
0.000000 0.000000 0.107249 0.107393 0.107391 0.107682 0.107868 0.108827 0.108912 0.109000 0.109366 0.109086 0.109100 0.109023 0.108347 0.108212 0.107840 0.107779 0.107875 0.000000 0.000000
0.000000 0.000000 0.073091 0.073111 0.073341 0.073431 0.074260 0.073762 0.073968 0.073976 0.073769 0.073959 0.073986 0.074111 0.074528 0.073601 0.073634 0.073414 0.073311 0.000000 0.000000
0.000000 0.000000 0.052953 0.052989 0.053097 0.053443 0.053467 0.053569 0.053653 0.053667 0.053721 0.053766 0.053731 0.053751 0.053672 0.053631 0.053216 0.053270 0.053266 0.000000 0.000000
0.000000 0.000000 0.040236 0.040265 0.040414 0.040598 0.040567 0.040677 0.040684 0.040705 0.040735 0.040762 0.040753 0.040737 0.040654 0.040680 0.040481 0.040415 0.040414 0.000000 0.000000
0.000000 0.000000 0.031357 0.031411 0.031513 0.031649 0.031628 0.031721 0.031723 0.031737 0.031768 0.031783 0.031775 0.031763 0.031686 0.031710 0.031565 0.031517 0.031488 0.000000 0.000000
0.000000 0.000000 0.025187 0.025203 0.025296 0.025369 0.025349 0.025426 0.025405 0.025421 0.025428 0.025439 0.025443 0.025422 0.025363 0.025387 0.025332 0.025250 0.025254 0.000000 0.000000
0.000000 0.000000 0.300000 0.300000 0.300000 0.300000 0.300000 0.300000 0.300000 0.300000 0.300000 0.300000 0.300000 0.300000 0.300000 0.300000 0.300000 0.300000 0.300000 0.000000 0.000000
0.000000 0.000000 0.000000 0.000000 0.000000 0.000000 0.000000 0.000000 0.000000 0.000000 0.000000 0.000000 0.000000 0.000000 0.000000 0.000000 0.000000 0.000000 0.000000 0.000000 0.000000