geotop/1.0zi/1.0Montebello/Templates/testdem/maps/_Eocclay5481.asc
ncols         21
nrows         20
xllcorner     100.000000
yllcorner     100.000000
cellsize      50.000000
NODATA_value  -9999.0
0.000000 0.000000 0.000000 0.000000 0.000000 0.000000 0.000000 0.000000 0.000000 0.000000 0.000000 0.000000 0.000000 0.000000 0.000000 0.000000 0.000000 0.000000 0.000000 0.000000 0.000000
0.000000 0.000000 0.349753 0.349753 0.349753 0.349753 0.349754 0.349754 0.349753 0.349753 0.349753 0.349753 0.349753 0.349753 0.349754 0.349753 0.349753 0.349753 0.349753 0.000000 0.000000
0.000000 0.000000 0.349990 0.349990 0.349990 0.349990 0.349989 0.349989 0.349990 0.349990 0.349989 0.349989 0.349990 0.349990 0.349990 0.349990 0.349990 0.349990 0.349990 0.000000 0.000000
0.000000 0.000000 0.349987 0.349989 0.349987 0.349988 0.349989 0.349990 0.349989 0.349988 0.349989 0.349988 0.349988 0.349987 0.349989 0.349991 0.349989 0.349990 0.349989 0.000000 0.000000
0.000000 0.000000 0.350405 0.350405 0.350406 0.350401 0.350390 0.350387 0.350388 0.350390 0.350388 0.350390 0.350384 0.350384 0.350389 0.350387 0.350392 0.350395 0.350398 0.000000 0.000000
0.000000 0.000000 0.351898 0.351900 0.351895 0.351877 0.351871 0.351855 0.351854 0.351851 0.351854 0.351854 0.351857 0.351857 0.351860 0.351871 0.351876 0.351888 0.351892 0.000000 0.000000
0.000000 0.000000 0.354101 0.354099 0.354097 0.354082 0.354063 0.354036 0.354036 0.354033 0.354034 0.354037 0.354037 0.354035 0.354052 0.354072 0.354081 0.354089 0.354096 0.000000 0.000000
0.000000 0.000000 0.356790 0.356790 0.356789 0.356770 0.356751 0.356723 0.356724 0.356721 0.356722 0.356722 0.356719 0.356723 0.356743 0.356759 0.356773 0.356778 0.356787 0.000000 0.000000
0.000000 0.000000 0.359505 0.359502 0.359497 0.359487 0.359468 0.359441 0.359443 0.359438 0.359436 0.359438 0.359437 0.359434 0.359458 0.359476 0.359489 0.359492 0.359499 0.000000 0.000000
0.000000 0.000000 0.362246 0.362241 0.362240 0.362233 0.362205 0.362181 0.362183 0.362180 0.362176 0.362180 0.362183 0.362179 0.362198 0.362220 0.362233 0.362235 0.362241 0.000000 0.000000
0.000000 0.000000 0.365082 0.365079 0.365079 0.365060 0.365042 0.365014 0.365020 0.365007 0.365007 0.365009 0.365006 0.365012 0.365027 0.365040 0.365055 0.365063 0.365074 0.000000 0.000000
0.000000 0.000000 0.368042 0.368036 0.368030 0.368016 0.368000 0.367967 0.367969 0.367961 0.367969 0.367962 0.367962 0.367964 0.367991 0.368004 0.368014 0.368018 0.368049 0.000000 0.000000
0.000000 0.000000 0.371073 0.371067 0.371066 0.371051 0.371036 0.370972 0.370972 0.370967 0.370954 0.370961 0.370966 0.370970 0.371015 0.371027 0.371049 0.371051 0.371073 0.000000 0.000000
0.000000 0.000000 0.374346 0.374342 0.374335 0.374326 0.374265 0.374248 0.374234 0.374233 0.374228 0.374231 0.374231 0.374228 0.374235 0.374294 0.374314 0.374330 0.374352 0.000000 0.000000
0.000000 0.000000 0.377934 0.377930 0.377917 0.377856 0.377836 0.377799 0.377774 0.377770 0.377758 0.377753 0.377759 0.377753 0.377779 0.377809 0.377898 0.377891 0.377904 0.000000 0.000000
0.000000 0.000000 0.381711 0.381706 0.381629 0.381613 0.381608 0.381584 0.381598 0.381589 0.381595 0.381585 0.381576 0.381591 0.381604 0.381612 0.381610 0.381711 0.381714 0.000000 0.000000
0.000000 0.000000 0.386003 0.385897 0.385856 0.385825 0.385775 0.385748 0.385741 0.385739 0.385716 0.385713 0.385721 0.385717 0.385745 0.385782 0.385842 0.385872 0.385978 0.000000 0.000000
0.000000 0.000000 0.389198 0.389196 0.389289 0.389262 0.389219 0.389119 0.389116 0.389094 0.389106 0.389101 0.389107 0.389108 0.389199 0.389228 0.389299 0.389202 0.389211 0.000000 0.000000
0.000000 0.000000 0.350000 0.350000 0.350000 0.350000 0.350000 0.350000 0.350000 0.350000 0.350000 0.350000 0.350000 0.350000 0.350000 0.350000 0.350000 0.350000 0.350000 0.000000 0.000000
0.000000 0.000000 0.000000 0.000000 0.000000 0.000000 0.000000 0.000000 0.000000 0.000000 0.000000 0.000000 0.000000 0.000000 0.000000 0.000000 0.000000 0.000000 0.000000 0.000000 0.000000