geotop/1.0zi/1.0Montebello/Templates/testdem/maps/_Eocsilt3785.asc
ncols         21
nrows         20
xllcorner     100.000000
yllcorner     100.000000
cellsize      50.000000
NODATA_value  -9999.0
0.000000 0.000000 0.000000 0.000000 0.000000 0.000000 0.000000 0.000000 0.000000 0.000000 0.000000 0.000000 0.000000 0.000000 0.000000 0.000000 0.000000 0.000000 0.000000 0.000000 0.000000
0.000000 0.000000 0.350076 0.350076 0.350076 0.350076 0.350076 0.350076 0.350076 0.350076 0.350076 0.350076 0.350076 0.350076 0.350076 0.350076 0.350076 0.350076 0.350076 0.000000 0.000000
0.000000 0.000000 0.350001 0.350002 0.350002 0.350002 0.350003 0.350003 0.350003 0.350003 0.350003 0.350003 0.350003 0.350002 0.350002 0.350002 0.350001 0.350001 0.350001 0.000000 0.000000
0.000000 0.000000 0.350032 0.350031 0.350031 0.350027 0.350029 0.350026 0.350028 0.350028 0.350028 0.350028 0.350028 0.350027 0.350027 0.350030 0.350031 0.350032 0.350032 0.000000 0.000000
0.000000 0.000000 0.350373 0.350377 0.350373 0.350376 0.350374 0.350373 0.350371 0.350368 0.350368 0.350369 0.350371 0.350371 0.350371 0.350370 0.350370 0.350374 0.350376 0.000000 0.000000
0.000000 0.000000 0.351415 0.351418 0.351413 0.351406 0.351400 0.351387 0.351386 0.351382 0.351386 0.351388 0.351389 0.351391 0.351397 0.351401 0.351404 0.351403 0.351404 0.000000 0.000000
0.000000 0.000000 0.352945 0.352948 0.352945 0.352930 0.352913 0.352897 0.352898 0.352894 0.352898 0.352898 0.352900 0.352904 0.352919 0.352930 0.352933 0.352936 0.352942 0.000000 0.000000
0.000000 0.000000 0.354709 0.354709 0.354703 0.354687 0.354668 0.354650 0.354651 0.354648 0.354648 0.354648 0.354650 0.354655 0.354675 0.354689 0.354698 0.354698 0.354702 0.000000 0.000000
0.000000 0.000000 0.356477 0.356475 0.356467 0.356454 0.356436 0.356414 0.356415 0.356411 0.356412 0.356413 0.356415 0.356421 0.356440 0.356455 0.356461 0.356464 0.356471 0.000000 0.000000
0.000000 0.000000 0.358229 0.358227 0.358221 0.358208 0.358187 0.358168 0.358170 0.358167 0.358168 0.358168 0.358170 0.358174 0.358195 0.358210 0.358215 0.358217 0.358222 0.000000 0.000000
0.000000 0.000000 0.359983 0.359981 0.359974 0.359963 0.359947 0.359924 0.359926 0.359921 0.359922 0.359923 0.359925 0.359929 0.359947 0.359958 0.359966 0.359968 0.359974 0.000000 0.000000
0.000000 0.000000 0.361784 0.361782 0.361774 0.361759 0.361741 0.361719 0.361718 0.361715 0.361716 0.361716 0.361719 0.361723 0.361746 0.361759 0.361766 0.361768 0.361788 0.000000 0.000000
0.000000 0.000000 0.363593 0.363591 0.363583 0.363571 0.363551 0.363510 0.363510 0.363506 0.363506 0.363507 0.363509 0.363515 0.363551 0.363567 0.363573 0.363575 0.363588 0.000000 0.000000
0.000000 0.000000 0.365492 0.365487 0.365480 0.365467 0.365425 0.365411 0.365404 0.365401 0.365402 0.365403 0.365405 0.365410 0.365425 0.365461 0.365468 0.365474 0.365482 0.000000 0.000000
0.000000 0.000000 0.367520 0.367516 0.367502 0.367467 0.367442 0.367416 0.367403 0.367399 0.367394 0.367394 0.367400 0.367401 0.367423 0.367449 0.367487 0.367485 0.367490 0.000000 0.000000
0.000000 0.000000 0.369591 0.369587 0.369547 0.369535 0.369518 0.369502 0.369498 0.369497 0.369499 0.369498 0.369498 0.369510 0.369520 0.369532 0.369533 0.369570 0.369580 0.000000 0.000000
0.000000 0.000000 0.371867 0.371823 0.371785 0.371766 0.371735 0.371718 0.371713 0.371711 0.371706 0.371707 0.371712 0.371714 0.371727 0.371756 0.371773 0.371794 0.371841 0.000000 0.000000
0.000000 0.000000 0.373682 0.373669 0.373692 0.373669 0.373639 0.373589 0.373583 0.373578 0.373579 0.373579 0.373582 0.373590 0.373635 0.373662 0.373691 0.373649 0.373671 0.000000 0.000000
0.000000 0.000000 0.350000 0.350000 0.350000 0.350000 0.350000 0.350000 0.350000 0.350000 0.350000 0.350000 0.350000 0.350000 0.350000 0.350000 0.350000 0.350000 0.350000 0.000000 0.000000
0.000000 0.000000 0.000000 0.000000 0.000000 0.000000 0.000000 0.000000 0.000000 0.000000 0.000000 0.000000 0.000000 0.000000 0.000000 0.000000 0.000000 0.000000 0.000000 0.000000 0.000000