geotop/1.0zi/1.0Montebello/Templates/testdem/maps/_Eocsilt1354.asc
ncols         21
nrows         20
xllcorner     100.000000
yllcorner     100.000000
cellsize      50.000000
NODATA_value  -9999.0
0.000000 0.000000 0.000000 0.000000 0.000000 0.000000 0.000000 0.000000 0.000000 0.000000 0.000000 0.000000 0.000000 0.000000 0.000000 0.000000 0.000000 0.000000 0.000000 0.000000 0.000000
0.000000 0.000000 0.350029 0.350029 0.350029 0.350029 0.350029 0.350029 0.350029 0.350029 0.350029 0.350029 0.350029 0.350029 0.350029 0.350029 0.350029 0.350029 0.350029 0.000000 0.000000
0.000000 0.000000 0.350000 0.350000 0.350000 0.350000 0.350000 0.350000 0.350000 0.350000 0.350000 0.350000 0.350000 0.350000 0.350000 0.350000 0.350000 0.350000 0.350000 0.000000 0.000000
0.000000 0.000000 0.350578 0.350577 0.350575 0.350576 0.350578 0.350578 0.350578 0.350578 0.350578 0.350578 0.350578 0.350578 0.350578 0.350576 0.350575 0.350577 0.350578 0.000000 0.000000
0.000000 0.000000 0.352467 0.352467 0.352464 0.352464 0.352467 0.352467 0.352467 0.352468 0.352467 0.352468 0.352467 0.352467 0.352467 0.352464 0.352464 0.352467 0.352467 0.000000 0.000000
0.000000 0.000000 0.354799 0.354798 0.354796 0.354797 0.354799 0.354799 0.354798 0.354799 0.354799 0.354799 0.354798 0.354799 0.354799 0.354797 0.354796 0.354798 0.354799 0.000000 0.000000
0.000000 0.000000 0.356945 0.356945 0.356943 0.356944 0.356946 0.356945 0.356945 0.356946 0.356946 0.356946 0.356945 0.356945 0.356946 0.356944 0.356943 0.356945 0.356945 0.000000 0.000000
0.000000 0.000000 0.358917 0.358917 0.358915 0.358916 0.358917 0.358917 0.358917 0.358917 0.358917 0.358917 0.358917 0.358917 0.358917 0.358916 0.358915 0.358917 0.358917 0.000000 0.000000
0.000000 0.000000 0.360765 0.360765 0.360763 0.360764 0.360765 0.360765 0.360765 0.360765 0.360765 0.360765 0.360765 0.360765 0.360765 0.360764 0.360763 0.360765 0.360765 0.000000 0.000000
0.000000 0.000000 0.362536 0.362536 0.362534 0.362535 0.362536 0.362536 0.362536 0.362536 0.362536 0.362536 0.362536 0.362536 0.362536 0.362535 0.362534 0.362536 0.362536 0.000000 0.000000
0.000000 0.000000 0.364249 0.364249 0.364247 0.364248 0.364249 0.364249 0.364249 0.364249 0.364249 0.364249 0.364249 0.364249 0.364249 0.364248 0.364247 0.364249 0.364249 0.000000 0.000000
0.000000 0.000000 0.365922 0.365922 0.365920 0.365921 0.365922 0.365922 0.365922 0.365922 0.365922 0.365922 0.365922 0.365922 0.365922 0.365921 0.365920 0.365922 0.365922 0.000000 0.000000
0.000000 0.000000 0.367566 0.367566 0.367564 0.367565 0.367566 0.367566 0.367566 0.367566 0.367566 0.367566 0.367566 0.367566 0.367566 0.367565 0.367564 0.367566 0.367566 0.000000 0.000000
0.000000 0.000000 0.369182 0.369181 0.369180 0.369180 0.369182 0.369181 0.369181 0.369182 0.369182 0.369182 0.369181 0.369181 0.369182 0.369180 0.369180 0.369181 0.369182 0.000000 0.000000
0.000000 0.000000 0.370775 0.370775 0.370774 0.370774 0.370775 0.370775 0.370775 0.370775 0.370775 0.370775 0.370775 0.370775 0.370775 0.370774 0.370774 0.370775 0.370775 0.000000 0.000000
0.000000 0.000000 0.372353 0.372353 0.372352 0.372352 0.372354 0.372353 0.372353 0.372354 0.372354 0.372354 0.372353 0.372353 0.372354 0.372352 0.372352 0.372353 0.372353 0.000000 0.000000
0.000000 0.000000 0.373915 0.373914 0.373913 0.373913 0.373915 0.373914 0.373914 0.373915 0.373915 0.373915 0.373914 0.373914 0.373915 0.373913 0.373913 0.373914 0.373915 0.000000 0.000000
0.000000 0.000000 0.375497 0.375497 0.375495 0.375496 0.375497 0.375497 0.375497 0.375497 0.375497 0.375497 0.375497 0.375497 0.375497 0.375496 0.375495 0.375497 0.375497 0.000000 0.000000
0.000000 0.000000 0.350000 0.350000 0.350000 0.350000 0.350000 0.350000 0.350000 0.350000 0.350000 0.350000 0.350000 0.350000 0.350000 0.350000 0.350000 0.350000 0.350000 0.000000 0.000000
0.000000 0.000000 0.000000 0.000000 0.000000 0.000000 0.000000 0.000000 0.000000 0.000000 0.000000 0.000000 0.000000 0.000000 0.000000 0.000000 0.000000 0.000000 0.000000 0.000000 0.000000