geotop/1.0zi/1.0Montebello/Templates/testdem/maps/_Eocsilt025l.asc
ncols         21
nrows         20
xllcorner     100.000000
yllcorner     100.000000
cellsize      50.000000
NODATA_value  -9999.0
0.000000 0.000000 0.000000 0.000000 0.000000 0.000000 0.000000 0.000000 0.000000 0.000000 0.000000 0.000000 0.000000 0.000000 0.000000 0.000000 0.000000 0.000000 0.000000 0.000000 0.000000
0.000000 0.000000 0.350222 0.350222 0.350222 0.350222 0.350221 0.350221 0.350222 0.350221 0.350222 0.350221 0.350221 0.350221 0.350221 0.350222 0.350222 0.350222 0.350222 0.000000 0.000000
0.000000 0.000000 0.350007 0.350006 0.350007 0.350006 0.350007 0.350007 0.350007 0.350007 0.350007 0.350007 0.350008 0.350008 0.350007 0.350006 0.350005 0.350005 0.350006 0.000000 0.000000
0.000000 0.000000 0.350173 0.350171 0.350164 0.350161 0.350160 0.350154 0.350157 0.350158 0.350156 0.350160 0.350161 0.350160 0.350162 0.350166 0.350171 0.350172 0.350173 0.000000 0.000000
0.000000 0.000000 0.351658 0.351667 0.351656 0.351633 0.351623 0.351616 0.351620 0.351617 0.351616 0.351619 0.351624 0.351623 0.351636 0.351645 0.351650 0.351658 0.351662 0.000000 0.000000
0.000000 0.000000 0.355666 0.355663 0.355647 0.355616 0.355581 0.355552 0.355551 0.355548 0.355547 0.355548 0.355553 0.355550 0.355568 0.355593 0.355608 0.355618 0.355625 0.000000 0.000000
0.000000 0.000000 0.361302 0.361294 0.361275 0.361232 0.361188 0.361130 0.361134 0.361132 0.361125 0.361124 0.361122 0.361126 0.361171 0.361206 0.361230 0.361248 0.361255 0.000000 0.000000
0.000000 0.000000 0.368009 0.367999 0.367981 0.367932 0.367883 0.367831 0.367833 0.367828 0.367820 0.367817 0.367816 0.367824 0.367866 0.367907 0.367945 0.367953 0.367967 0.000000 0.000000
0.000000 0.000000 0.375478 0.375462 0.375434 0.375393 0.375337 0.375271 0.375278 0.375268 0.375257 0.375256 0.375260 0.375256 0.375318 0.375367 0.375397 0.375412 0.375424 0.000000 0.000000
0.000000 0.000000 0.383826 0.383804 0.383780 0.383736 0.383675 0.383605 0.383607 0.383602 0.383585 0.383591 0.383599 0.383596 0.383645 0.383709 0.383745 0.383760 0.383765 0.000000 0.000000
0.000000 0.000000 0.393452 0.393435 0.393413 0.393315 0.393286 0.393191 0.393213 0.393170 0.393171 0.393164 0.393149 0.393174 0.393231 0.393271 0.393322 0.393341 0.393382 0.000000 0.000000
0.000000 0.000000 0.404866 0.404823 0.404762 0.404717 0.404663 0.404543 0.404541 0.404544 0.404553 0.404511 0.404534 0.404524 0.404631 0.404697 0.404724 0.404743 0.404825 0.000000 0.000000
0.000000 0.000000 0.417794 0.417758 0.417747 0.417650 0.417585 0.417255 0.417251 0.417235 0.417109 0.417188 0.417192 0.417222 0.417463 0.417516 0.417643 0.417653 0.417663 0.000000 0.000000
0.000000 0.000000 0.433531 0.433525 0.433415 0.433354 0.432897 0.433093 0.432999 0.433007 0.433081 0.433006 0.432998 0.432942 0.432765 0.433266 0.433275 0.433396 0.433462 0.000000 0.000000
0.000000 0.000000 0.449391 0.449355 0.449289 0.448796 0.449040 0.448712 0.448657 0.448629 0.448504 0.448477 0.448531 0.448542 0.448826 0.448588 0.449231 0.449076 0.449045 0.000000 0.000000
0.000000 0.000000 0.460672 0.460656 0.460310 0.460445 0.460392 0.460384 0.460528 0.460489 0.460558 0.460544 0.460484 0.460563 0.460534 0.460583 0.460250 0.460759 0.460749 0.000000 0.000000
0.000000 0.000000 0.468230 0.468138 0.468010 0.468042 0.467969 0.467963 0.467998 0.467988 0.467991 0.467989 0.467979 0.467996 0.467998 0.468058 0.467981 0.468152 0.468240 0.000000 0.000000
0.000000 0.000000 0.473644 0.473414 0.473406 0.473340 0.473227 0.473222 0.473175 0.473191 0.473125 0.473133 0.473164 0.473132 0.473159 0.473244 0.473382 0.473329 0.473563 0.000000 0.000000
0.000000 0.000000 0.350000 0.350000 0.350000 0.350000 0.350000 0.350000 0.350000 0.350000 0.350000 0.350000 0.350000 0.350000 0.350000 0.350000 0.350000 0.350000 0.350000 0.000000 0.000000
0.000000 0.000000 0.000000 0.000000 0.000000 0.000000 0.000000 0.000000 0.000000 0.000000 0.000000 0.000000 0.000000 0.000000 0.000000 0.000000 0.000000 0.000000 0.000000 0.000000 0.000000