geotop/1.0zi/1.0Montebello/Templates/testdem/maps/_Eocclay008l.asc
ncols         21
nrows         20
xllcorner     100.000000
yllcorner     100.000000
cellsize      50.000000
NODATA_value  -9999.0
0.000000 0.000000 0.000000 0.000000 0.000000 0.000000 0.000000 0.000000 0.000000 0.000000 0.000000 0.000000 0.000000 0.000000 0.000000 0.000000 0.000000 0.000000 0.000000 0.000000 0.000000
0.000000 0.000000 0.349538 0.349541 0.349540 0.349539 0.349541 0.349541 0.349541 0.349541 0.349540 0.349541 0.349541 0.349541 0.349541 0.349541 0.349539 0.349540 0.349540 0.000000 0.000000
0.000000 0.000000 0.349982 0.349980 0.349980 0.349982 0.349979 0.349979 0.349980 0.349979 0.349979 0.349979 0.349980 0.349979 0.349980 0.349981 0.349981 0.349981 0.349979 0.000000 0.000000
0.000000 0.000000 0.350040 0.350045 0.350042 0.350037 0.350038 0.350038 0.350043 0.350040 0.350043 0.350041 0.350041 0.350040 0.350043 0.350046 0.350044 0.350045 0.350043 0.000000 0.000000
0.000000 0.000000 0.351549 0.351544 0.351536 0.351522 0.351503 0.351500 0.351497 0.351499 0.351496 0.351501 0.351501 0.351503 0.351513 0.351518 0.351529 0.351534 0.351542 0.000000 0.000000
0.000000 0.000000 0.355658 0.355652 0.355628 0.355586 0.355554 0.355521 0.355526 0.355522 0.355519 0.355519 0.355526 0.355524 0.355541 0.355573 0.355588 0.355602 0.355607 0.000000 0.000000
0.000000 0.000000 0.361178 0.361166 0.361150 0.361109 0.361067 0.361006 0.361006 0.361002 0.360996 0.360997 0.360998 0.360998 0.361048 0.361084 0.361105 0.361119 0.361126 0.000000 0.000000
0.000000 0.000000 0.367751 0.367737 0.367718 0.367667 0.367619 0.367565 0.367565 0.367560 0.367553 0.367550 0.367548 0.367557 0.367603 0.367641 0.367676 0.367685 0.367699 0.000000 0.000000
0.000000 0.000000 0.375005 0.374987 0.374959 0.374918 0.374864 0.374800 0.374807 0.374796 0.374785 0.374783 0.374786 0.374782 0.374846 0.374893 0.374919 0.374931 0.374943 0.000000 0.000000
0.000000 0.000000 0.383118 0.383091 0.383067 0.383023 0.382962 0.382894 0.382895 0.382888 0.382871 0.382877 0.382886 0.382882 0.382934 0.382996 0.383028 0.383041 0.383047 0.000000 0.000000
0.000000 0.000000 0.392482 0.392459 0.392436 0.392341 0.392312 0.392219 0.392238 0.392195 0.392195 0.392189 0.392174 0.392199 0.392258 0.392297 0.392344 0.392360 0.392400 0.000000 0.000000
0.000000 0.000000 0.403556 0.403507 0.403446 0.403399 0.403348 0.403230 0.403227 0.403226 0.403235 0.403194 0.403214 0.403206 0.403315 0.403377 0.403401 0.403417 0.403497 0.000000 0.000000
0.000000 0.000000 0.416174 0.416130 0.416114 0.416018 0.415955 0.415634 0.415628 0.415611 0.415490 0.415563 0.415568 0.415596 0.415837 0.415889 0.416008 0.416014 0.416027 0.000000 0.000000
0.000000 0.000000 0.431890 0.431872 0.431760 0.431693 0.431234 0.431417 0.431319 0.431324 0.431391 0.431321 0.431311 0.431257 0.431097 0.431599 0.431608 0.431726 0.431793 0.000000 0.000000
0.000000 0.000000 0.449125 0.449074 0.448993 0.448422 0.448695 0.448326 0.448255 0.448221 0.448080 0.448047 0.448108 0.448118 0.448444 0.448180 0.448916 0.448735 0.448701 0.000000 0.000000
0.000000 0.000000 0.463266 0.463240 0.462700 0.462990 0.462881 0.462911 0.463151 0.463091 0.463217 0.463198 0.463094 0.463220 0.463140 0.463241 0.462614 0.463442 0.463429 0.000000 0.000000
0.000000 0.000000 0.474766 0.474393 0.474464 0.474316 0.474114 0.474065 0.473961 0.473986 0.473868 0.473882 0.473946 0.473880 0.473966 0.474120 0.474425 0.474223 0.474607 0.000000 0.000000
0.000000 0.000000 0.479677 0.479754 0.479964 0.479906 0.479845 0.479640 0.479642 0.479596 0.479645 0.479632 0.479638 0.479647 0.479829 0.479878 0.479971 0.479758 0.479683 0.000000 0.000000
0.000000 0.000000 0.350000 0.350000 0.350000 0.350000 0.350000 0.350000 0.350000 0.350000 0.350000 0.350000 0.350000 0.350000 0.350000 0.350000 0.350000 0.350000 0.350000 0.000000 0.000000
0.000000 0.000000 0.000000 0.000000 0.000000 0.000000 0.000000 0.000000 0.000000 0.000000 0.000000 0.000000 0.000000 0.000000 0.000000 0.000000 0.000000 0.000000 0.000000 0.000000 0.000000